Gene,Position,A,T,G,C,Coverage,Consensus
1-PB2,1,294,0,0,0,294,A
1-PB2,2,0,294,0,0,294,T
1-PB2,3,0,0,299,0,299,G
1-PB2,4,0,0,300,0,300,G
1-PB2,5,300,0,0,0,300,A
1-PB2,6,300,0,0,0,300,A
1-PB2,7,299,0,1,0,300,A
1-PB2,8,1,0,327,1,329,G
1-PB2,9,330,0,1,0,331,A
1-PB2,10,332,0,0,0,332,A
1-PB2,11,0,343,0,0,343,T
1-PB2,12,344,0,1,0,345,A
1-PB2,13,342,0,1,0,343,A
1-PB2,14,342,0,0,0,342,A
1-PB2,15,343,0,1,0,344,A
1-PB2,16,0,1,354,0,355,G
1-PB2,17,354,0,0,0,354,A
1-PB2,18,351,0,2,0,353,A
1-PB2,19,0,0,0,362,362,C
1-PB2,20,0,361,0,0,361,T
1-PB2,21,368,1,1,0,370,A
1-PB2,22,0,0,0,371,371,C
1-PB2,23,0,1,371,0,372,G
1-PB2,24,4,1,373,0,378,G
1-PB2,25,376,1,0,0,377,A
1-PB2,26,392,0,0,0,392,A
1-PB2,27,0,393,0,0,393,T
1-PB2,28,0,0,0,393,393,C
1-PB2,29,0,392,0,0,392,T
1-PB2,30,0,0,398,0,398,G
1-PB2,31,398,0,1,0,399,A
1-PB2,32,0,401,0,0,401,T
1-PB2,33,0,0,404,0,404,G
1-PB2,34,0,409,0,0,409,T
1-PB2,35,1,0,0,409,410,C
1-PB2,36,3,0,408,0,411,G
1-PB2,37,0,0,0,411,411,C
1-PB2,38,409,0,0,0,409,A
1-PB2,39,1,0,442,0,443,G
1-PB2,40,0,444,0,0,444,T
1-PB2,41,0,0,0,447,447,C
1-PB2,42,0,439,0,3,442,T
1-PB2,43,2,0,0,444,446,C
1-PB2,44,0,0,446,0,446,G
1-PB2,45,0,0,0,448,448,C
1-PB2,46,447,0,0,0,447,A
1-PB2,47,0,0,0,453,453,C
1-PB2,48,0,451,0,0,451,T
1-PB2,49,1,0,0,457,458,C
1-PB2,50,0,0,462,0,462,G
1-PB2,51,1,0,0,464,465,C
1-PB2,52,1,1,460,0,462,G
1-PB2,53,461,0,2,0,463,A
1-PB2,54,0,0,467,0,467,G
1-PB2,55,485,0,0,0,485,A
1-PB2,56,0,486,0,0,486,T
1-PB2,57,485,2,0,0,487,A
1-PB2,58,0,0,0,486,486,C
1-PB2,59,0,484,0,0,484,T
1-PB2,60,0,3,492,0,495,G
1-PB2,61,494,0,0,2,496,A
1-PB2,62,1,0,0,499,500,C
1-PB2,63,499,0,0,0,499,A
1-PB2,64,498,0,0,0,498,A
1-PB2,65,506,0,0,0,506,A
1-PB2,66,510,0,0,0,510,A
1-PB2,67,509,0,1,0,510,A
1-PB2,68,0,0,0,517,517,C
1-PB2,69,2,0,0,515,517,C
1-PB2,70,527,0,1,0,528,A
1-PB2,71,0,0,0,532,532,C
1-PB2,72,531,0,0,0,531,A
1-PB2,73,0,0,547,0,547,G
1-PB2,74,0,546,0,0,546,T
1-PB2,75,0,4,555,0,559,G
1-PB2,76,0,1,563,0,564,G
1-PB2,77,563,0,1,0,564,A
1-PB2,78,0,0,0,590,590,C
1-PB2,79,1,0,0,589,590,C
1-PB2,80,599,0,0,0,599,A
1-PB2,81,0,600,0,0,600,T
1-PB2,82,597,0,0,0,597,A
1-PB2,83,0,597,0,0,597,T
1-PB2,84,1,0,600,0,601,G
1-PB2,85,0,0,605,0,605,G
1-PB2,86,1,0,0,601,602,C
1-PB2,87,2,1,0,591,594,C
1-PB2,88,597,0,0,0,597,A
1-PB2,89,0,636,0,0,636,T
1-PB2,90,640,0,0,0,640,A
1-PB2,91,660,0,0,0,660,A
1-PB2,92,0,659,0,0,659,T
1-PB2,93,1,659,0,0,660,T
1-PB2,94,672,0,0,0,672,A
1-PB2,95,668,0,0,0,668,A
1-PB2,96,1,0,687,0,688,G
1-PB2,97,683,1,4,0,688,A
1-PB2,98,676,0,3,0,679,A
1-PB2,99,0,0,706,0,706,G
1-PB2,100,0,703,0,0,703,T
1-PB2,101,703,0,0,0,703,A
1-PB2,102,0,1,0,705,706,C
1-PB2,103,709,0,1,0,710,A
1-PB2,104,0,0,0,740,740,C
1-PB2,105,738,0,1,0,739,A
1-PB2,106,0,741,0,0,741,T
1-PB2,107,0,0,0,746,746,C
1-PB2,108,0,1,738,0,739,G
1-PB2,109,1,0,738,0,739,G
1-PB2,110,0,0,737,0,737,G
1-PB2,111,0,0,740,0,740,G
1-PB2,112,737,0,0,0,737,A
1-PB2,113,0,2,734,0,736,G
1-PB2,114,729,1,1,0,731,A
1-PB2,115,0,0,0,737,737,C
1-PB2,116,731,0,0,0,731,A
1-PB2,117,1,1,742,0,744,G
1-PB2,118,0,0,758,0,758,G
1-PB2,119,758,0,0,0,758,A
1-PB2,120,759,0,0,0,759,A
1-PB2,121,761,0,2,0,763,A
1-PB2,122,759,0,2,0,761,A
1-PB2,123,0,2,759,0,761,G
1-PB2,124,752,0,1,0,753,A
1-PB2,125,757,0,1,0,758,A
1-PB2,126,0,0,0,757,757,C
1-PB2,127,1,0,0,752,753,C
1-PB2,128,1,1,0,753,755,C
1-PB2,129,1,0,755,0,756,G
1-PB2,130,0,758,0,1,759,T
1-PB2,131,3,2,0,757,762,C
1-PB2,132,768,1,0,0,769,A
1-PB2,133,0,0,0,769,769,C
1-PB2,134,0,768,0,1,769,T
1-PB2,135,0,765,0,4,769,T
1-PB2,136,767,0,1,0,768,A
1-PB2,137,0,1,777,0,778,G
1-PB2,138,0,1,774,0,775,G
1-PB2,139,774,0,1,0,775,A
1-PB2,140,0,770,0,0,770,T
1-PB2,141,0,4,773,0,777,G
1-PB2,142,786,0,0,0,786,A
1-PB2,143,787,0,0,0,787,A
1-PB2,144,788,0,0,0,788,A
1-PB2,145,1,788,0,0,789,T
1-PB2,146,1,3,789,0,793,G
1-PB2,147,0,0,801,0,801,G
1-PB2,148,797,0,4,0,801,A
1-PB2,149,0,799,0,0,799,T
1-PB2,150,0,0,799,0,799,G
1-PB2,151,787,0,1,0,788,A
1-PB2,152,0,787,0,0,787,T
1-PB2,153,0,2,790,0,792,G
1-PB2,154,0,0,792,0,792,G
1-PB2,155,0,0,0,790,790,C
1-PB2,156,787,0,0,1,788,A
1-PB2,157,794,1,4,0,799,A
1-PB2,158,0,801,0,0,801,T
1-PB2,159,0,1,829,0,830,G
1-PB2,160,827,0,0,0,827,A
1-PB2,161,828,0,0,0,828,A
1-PB2,162,828,0,1,0,829,A
1-PB2,163,0,835,0,0,835,T
1-PB2,164,834,1,0,0,835,A
1-PB2,165,0,0,0,859,859,C
1-PB2,166,0,1,0,853,854,C
1-PB2,167,3,1,0,850,854,C
1-PB2,168,851,0,0,0,851,A
1-PB2,169,847,1,0,0,848,A
1-PB2,170,0,849,0,0,849,T
1-PB2,171,3,0,0,848,851,C
1-PB2,172,841,0,2,0,843,A
1-PB2,173,0,0,0,857,857,C
1-PB2,174,13,836,0,0,849,T
1-PB2,175,0,0,849,0,849,G
1-PB2,176,0,0,0,848,848,C
1-PB2,177,0,843,0,0,843,T
1-PB2,178,0,2,849,0,851,G
1-PB2,179,851,1,0,0,852,A
1-PB2,180,0,0,0,856,856,C
1-PB2,181,852,0,1,0,853,A
1-PB2,182,841,0,0,0,841,A
1-PB2,183,843,1,1,0,845,A
1-PB2,184,840,0,2,0,842,A
1-PB2,185,0,2,864,0,866,G
1-PB2,186,0,0,869,0,869,G
1-PB2,187,861,0,0,0,861,A
1-PB2,188,1,860,0,3,864,T
1-PB2,189,860,0,0,0,860,A
1-PB2,190,866,0,0,1,867,A
1-PB2,191,0,0,0,874,874,C
1-PB2,192,875,1,0,0,876,A
1-PB2,193,0,1,876,0,877,G
1-PB2,194,871,0,2,0,873,A
1-PB2,195,873,0,0,0,873,A
1-PB2,196,869,1,0,0,870,A
1-PB2,197,0,871,0,0,871,T
1-PB2,198,0,1,870,0,871,G
1-PB2,199,0,0,878,1,879,G
1-PB2,200,1,871,0,0,872,T
1-PB2,201,0,871,0,0,871,T
1-PB2,202,1,0,0,874,875,C
1-PB2,203,0,0,1,871,872,C
1-PB2,204,0,0,875,0,875,G
1-PB2,205,0,0,875,0,875,G
1-PB2,206,870,0,1,0,871,A
1-PB2,207,0,2,872,0,874,G
1-PB2,208,863,1,0,0,864,A
1-PB2,209,0,0,879,0,879,G
1-PB2,210,877,0,1,0,878,A
1-PB2,211,880,0,0,1,881,A
1-PB2,212,881,0,0,0,881,A
1-PB2,213,0,879,0,0,879,T
1-PB2,214,0,4,883,0,887,G
1-PB2,215,892,1,0,0,893,A
1-PB2,216,889,1,2,0,892,A
1-PB2,217,1,0,0,892,893,C
1-PB2,218,885,0,1,0,886,A
1-PB2,219,884,0,1,0,885,A
1-PB2,220,0,1,901,0,902,G
1-PB2,221,0,1,909,0,910,G
1-PB2,222,914,0,0,0,914,A
1-PB2,223,0,0,0,909,909,C
1-PB2,224,899,0,1,0,900,A
1-PB2,225,904,0,1,0,905,A
1-PB2,226,905,0,0,0,905,A
1-PB2,227,0,0,0,900,900,C
1-PB2,228,3,0,0,877,880,C
1-PB2,229,1,0,0,959,960,C
1-PB2,230,0,957,2,0,959,T
1-PB2,231,965,0,0,0,965,A
1-PB2,232,0,954,0,1,955,T
1-PB2,233,0,3,964,0,967,G
1-PB2,234,0,2,993,0,995,G
1-PB2,235,952,0,2,1,955,A
1-PB2,236,0,0,959,0,959,G
1-PB2,237,0,955,0,1,956,T
1-PB2,238,950,0,0,0,950,A
1-PB2,239,954,0,0,0,954,A
1-PB2,240,950,0,0,0,950,A
1-PB2,241,953,0,0,0,953,A
1-PB2,242,0,942,0,1,943,T
1-PB2,243,0,3,936,0,939,G
1-PB2,244,922,2,2,0,926,A
1-PB2,245,0,1,929,1,931,G
1-PB2,246,1,920,2,1,924,T
1-PB2,247,0,2,926,0,928,G
1-PB2,248,933,0,0,0,933,A
1-PB2,249,0,940,0,0,940,T
1-PB2,250,0,0,939,0,939,G
1-PB2,251,0,0,0,940,940,C
1-PB2,252,0,933,0,1,934,T
1-PB2,253,0,2,967,0,969,G
1-PB2,254,0,0,969,0,969,G
1-PB2,255,984,0,1,0,985,A
1-PB2,256,0,982,0,0,982,T
1-PB2,257,3,0,0,982,985,C
1-PB2,258,986,1,1,0,988,A
1-PB2,259,0,0,1012,0,1012,G
1-PB2,260,1011,0,0,0,1011,A
1-PB2,261,2,1014,0,0,1016,T
1-PB2,262,984,1,0,0,985,A
1-PB2,263,0,2,1018,0,1020,G
1-PB2,264,1017,0,0,0,1017,A
1-PB2,265,8,0,1031,0,1039,G
1-PB2,266,0,1017,0,3,1020,T
1-PB2,267,0,1,1016,0,1017,G
1-PB2,268,1010,1,0,0,1011,A
1-PB2,269,0,1009,0,0,1009,T
1-PB2,270,0,2,1039,0,1041,G
1-PB2,271,0,0,1042,0,1042,G
1-PB2,272,0,1029,0,0,1029,T
1-PB2,273,1029,0,1,0,1030,A
1-PB2,274,0,1019,1,1,1021,T
1-PB2,275,1,0,0,1024,1025,C
1-PB2,276,1039,0,0,0,1039,A
1-PB2,277,1,1,0,1061,1063,C
1-PB2,278,0,0,0,1062,1062,C
1-PB2,279,0,1041,0,6,1047,T
1-PB2,280,0,1043,0,0,1043,T
1-PB2,281,0,1046,0,0,1046,T
1-PB2,282,0,0,1054,0,1054,G
1-PB2,283,0,0,1058,0,1058,G
1-PB2,284,0,0,0,1067,1067,C
1-PB2,285,0,1044,0,1,1045,T
1-PB2,286,2,0,1050,0,1052,G
1-PB2,287,0,1048,0,1,1049,T
1-PB2,288,1049,0,0,0,1049,A
1-PB2,289,1051,0,0,0,1051,A
1-PB2,290,0,2,0,1048,1050,C
1-PB2,291,1031,0,0,1,1032,A
1-PB2,292,0,1031,0,0,1031,T
1-PB2,293,1,1,1015,0,1017,G
1-PB2,294,0,0,1040,0,1040,G
1-PB2,295,0,1035,0,0,1035,T
1-PB2,296,1,2,1029,0,1032,G
1-PB2,297,0,1,1039,0,1040,G
1-PB2,298,1038,0,2,0,1040,A
1-PB2,299,1044,0,1,0,1045,A
1-PB2,300,0,1042,0,1,1043,T
1-PB2,301,1041,0,1,0,1042,A
1-PB2,302,0,0,1067,0,1067,G
1-PB2,303,1059,0,0,0,1059,A
1-PB2,304,1060,0,0,0,1060,A
1-PB2,305,1054,0,1,0,1055,A
1-PB2,306,0,1035,0,1,1036,T
1-PB2,307,0,3,1036,0,1039,G
1-PB2,308,0,3,1032,0,1035,G
1-PB2,309,1031,0,4,0,1035,A
1-PB2,310,1,0,0,1039,1040,C
1-PB2,311,1,0,0,1028,1029,C
1-PB2,312,2,1,0,1022,1025,C
1-PB2,313,0,0,1027,0,1027,G
1-PB2,314,0,1038,0,0,1038,T
1-PB2,315,3,4,1046,0,1053,G
1-PB2,316,1056,0,0,0,1056,A
1-PB2,317,0,0,0,1059,1059,C
1-PB2,318,1054,0,3,0,1057,A
1-PB2,319,1057,0,0,0,1057,A
1-PB2,320,0,0,1090,0,1090,G
1-PB2,321,1,1084,0,2,1087,T
1-PB2,322,1085,0,0,0,1085,A
1-PB2,323,0,0,0,1078,1078,C
1-PB2,324,0,3,1058,1,1062,G
1-PB2,325,0,0,1093,0,1093,G
1-PB2,326,0,1087,0,2,1089,T
1-PB2,327,4,0,0,1097,1101,C
1-PB2,328,3,0,0,1102,1105,C
1-PB2,329,1089,0,1,0,1090,A
1-PB2,330,0,1086,0,2,1088,T
1-PB2,331,0,1088,0,0,1088,T
1-PB2,332,1136,0,1,0,1137,A
1-PB2,333,1,0,0,1133,1134,C
1-PB2,334,2,0,0,1114,1116,C
1-PB2,335,3,0,0,1116,1119,C
1-PB2,336,1102,0,0,0,1102,A
1-PB2,337,1106,0,0,0,1106,A
1-PB2,338,1107,0,0,0,1107,A
1-PB2,339,1099,0,3,0,1102,A
1-PB2,340,1,0,1114,0,1115,G
1-PB2,341,0,1076,0,0,1076,T
1-PB2,342,0,0,1094,0,1094,G
1-PB2,343,0,1094,0,2,1096,T
1-PB2,344,1095,0,0,0,1095,A
1-PB2,345,0,0,0,1093,1093,C
1-PB2,346,1087,0,0,0,1087,A
1-PB2,347,1089,1,0,0,1090,A
1-PB2,348,0,0,1099,0,1099,G
1-PB2,349,1089,0,0,0,1089,A
1-PB2,350,2,6,0,1082,1090,C
1-PB2,351,0,1068,0,1,1069,T
1-PB2,352,0,1080,0,0,1080,T
1-PB2,353,1082,0,0,0,1082,A
1-PB2,354,0,1077,0,1,1078,T
1-PB2,355,0,1076,0,1,1077,T
1-PB2,356,0,1075,0,0,1075,T
1-PB2,357,1,0,0,1065,1066,C
1-PB2,358,0,2,1064,0,1066,G
1-PB2,359,1061,0,2,0,1063,A
1-PB2,360,0,2,0,1063,1065,C
1-PB2,361,1063,0,0,0,1063,A
1-PB2,362,1064,0,1,0,1065,A
1-PB2,363,1063,1,0,0,1064,A
1-PB2,364,0,0,1081,0,1081,G
1-PB2,365,0,1079,1,1,1081,T
1-PB2,366,1,1,0,1081,1083,C
1-PB2,367,0,1,1081,0,1082,G
1-PB2,368,1082,0,1,0,1083,A
1-PB2,369,1082,0,2,0,1084,A
1-PB2,370,1078,0,3,0,1081,A
1-PB2,371,0,1,1109,0,1110,G
1-PB2,372,0,3,1116,0,1119,G
1-PB2,373,1,1100,1,0,1102,T
1-PB2,374,1,1103,0,0,1104,T
1-PB2,375,1105,0,0,0,1105,A
1-PB2,376,1101,0,1,0,1102,A
1-PB2,377,1103,0,0,0,1103,A
1-PB2,378,1118,0,1,0,1119,A
1-PB2,379,0,0,0,1125,1125,C
1-PB2,380,1098,0,0,0,1098,A
1-PB2,381,1,1094,0,0,1095,T
1-PB2,382,0,1,1091,0,1092,G
1-PB2,383,1,3,1090,0,1094,G
1-PB2,384,1097,0,0,0,1097,A
1-PB2,385,1100,0,0,0,1100,A
1-PB2,386,0,1,0,1126,1127,C
1-PB2,387,3,0,0,1128,1131,C
1-PB2,388,0,1115,0,4,1119,T
1-PB2,389,1,1119,0,0,1120,T
1-PB2,390,0,1108,1,12,1121,T
1-PB2,391,1,0,1122,0,1123,G
1-PB2,392,2,0,1126,0,1128,G
1-PB2,393,0,1,0,1122,1123,C
1-PB2,394,1,0,0,1115,1116,C
1-PB2,395,1,0,0,1116,1117,C
1-PB2,396,0,1082,1,1,1084,T
1-PB2,397,0,0,1099,0,1099,G
1-PB2,398,0,1093,1,4,1098,T
1-PB2,399,0,1100,0,1,1101,T
1-PB2,400,3,0,0,1098,1101,C
1-PB2,401,1091,0,0,0,1091,A
1-PB2,402,1,1088,0,0,1089,T
1-PB2,403,1,1084,0,0,1085,T
1-PB2,404,0,1098,0,0,1098,T
1-PB2,405,0,1099,1,0,1100,T
1-PB2,406,1079,1,7,0,1087,A
1-PB2,407,0,2,1083,0,1085,G
1-PB2,408,1086,0,0,0,1086,A
1-PB2,409,1086,0,0,0,1086,A
1-PB2,410,1087,0,0,0,1087,A
1-PB2,411,0,1081,0,0,1081,T
1-PB2,412,5,0,0,1081,1086,C
1-PB2,413,1086,0,0,0,1086,A
1-PB2,414,1090,2,1,0,1093,A
1-PB2,415,0,1,1096,0,1097,G
1-PB2,416,0,1095,1,0,1096,T
1-PB2,417,1,0,0,1099,1100,C
1-PB2,418,1093,0,0,0,1093,A
1-PB2,419,1092,0,2,0,1094,A
1-PB2,420,0,2,1097,0,1099,G
1-PB2,421,1100,1,1,0,1102,A
1-PB2,422,0,1104,0,0,1104,T
1-PB2,423,1111,0,0,0,1111,A
1-PB2,424,0,1,0,1105,1106,C
1-PB2,425,0,1,1104,0,1105,G
1-PB2,426,1,0,0,1134,1135,C
1-PB2,427,1117,1,1,0,1119,A
1-PB2,428,0,1,1126,0,1127,G
1-PB2,429,1128,0,0,0,1128,A
1-PB2,430,1136,1,1,0,1138,A
1-PB2,431,0,2,1144,0,1146,G
1-PB2,432,1137,0,0,0,1137,A
1-PB2,433,0,1,1136,0,1137,G
1-PB2,434,0,1126,1,0,1127,T
1-PB2,435,1115,0,3,0,1118,A
1-PB2,436,0,2,1128,2,1132,G
1-PB2,437,1121,0,3,0,1124,A
1-PB2,438,0,0,0,1171,1171,C
1-PB2,439,1154,0,0,0,1154,A
1-PB2,440,2,1121,1,0,1124,T
1-PB2,441,1123,0,1,0,1124,A
1-PB2,442,1123,0,0,0,1123,A
1-PB2,443,1132,0,0,0,1132,A
1-PB2,444,0,0,0,1134,1134,C
1-PB2,445,1,1,0,1123,1125,C
1-PB2,446,2,0,0,1104,1106,C
1-PB2,447,1,989,0,1,991,T
1-PB2,448,0,1,1001,0,1002,G
1-PB2,449,0,0,1013,0,1013,G
1-PB2,450,0,1014,0,0,1014,T
1-PB2,451,4,0,0,999,1003,C
1-PB2,452,1013,0,0,0,1013,A
1-PB2,453,0,1007,0,1,1008,T
1-PB2,454,0,0,1013,0,1013,G
1-PB2,455,0,1,0,1014,1015,C
1-PB2,456,1008,0,2,0,1010,A
1-PB2,457,0,5,1010,0,1015,G
1-PB2,458,1000,0,0,0,1000,A
1-PB2,459,0,0,0,1018,1018,C
1-PB2,460,0,0,0,1014,1014,C
1-PB2,461,2,981,0,1,984,T
1-PB2,462,0,0,0,987,987,C
1-PB2,463,977,0,0,0,977,A
1-PB2,464,0,0,990,0,990,G
1-PB2,465,1,988,0,0,989,T
1-PB2,466,0,0,987,0,987,G
1-PB2,467,0,0,0,985,985,C
1-PB2,468,2,0,0,978,980,C
1-PB2,469,978,1,2,0,981,A
1-PB2,470,982,0,0,0,982,A
1-PB2,471,977,1,1,0,979,A
1-PB2,472,0,0,984,0,984,G
1-PB2,473,952,0,2,0,954,A
1-PB2,474,0,0,959,0,959,G
1-PB2,475,0,0,963,0,963,G
1-PB2,476,0,0,0,966,966,C
1-PB2,477,963,0,1,0,964,A
1-PB2,478,0,2,0,964,966,C
1-PB2,479,965,0,1,0,966,A
1-PB2,480,998,0,0,0,998,A
1-PB2,481,0,2,1004,0,1006,G
1-PB2,482,1021,0,0,0,1021,A
1-PB2,483,1,1013,0,0,1014,T
1-PB2,484,0,0,1010,0,1010,G
1-PB2,485,0,1009,0,1,1010,T
1-PB2,486,1013,0,0,0,1013,A
1-PB2,487,1011,0,0,0,1011,A
1-PB2,488,0,1009,0,0,1009,T
1-PB2,489,5,0,0,953,958,C
1-PB2,490,968,0,0,0,968,A
1-PB2,491,0,969,0,0,969,T
1-PB2,492,0,1,969,0,970,G
1-PB2,493,0,1,968,0,969,G
1-PB2,494,967,0,1,0,968,A
1-PB2,495,962,0,0,0,962,A
1-PB2,496,1,0,964,0,965,G
1-PB2,497,0,968,0,0,968,T
1-PB2,498,0,964,0,1,965,T
1-PB2,499,0,0,971,0,971,G
1-PB2,500,0,966,1,0,967,T
1-PB2,501,0,970,0,0,970,T
1-PB2,502,0,967,0,0,967,T
1-PB2,503,0,963,0,0,963,T
1-PB2,504,1,963,0,5,969,T
1-PB2,505,0,0,0,968,968,C
1-PB2,506,1,0,0,969,970,C
1-PB2,507,1,0,0,973,974,C
1-PB2,508,967,0,1,0,968,A
1-PB2,509,972,0,0,0,972,A
1-PB2,510,0,975,0,0,975,T
1-PB2,511,0,2,975,0,977,G
1-PB2,512,977,0,0,0,977,A
1-PB2,513,968,0,1,0,969,A
1-PB2,514,0,0,975,0,975,G
1-PB2,515,0,969,0,0,969,T
1-PB2,516,1,2,965,0,968,G
1-PB2,517,0,0,973,0,973,G
1-PB2,518,2,0,969,0,971,G
1-PB2,519,971,1,3,0,975,A
1-PB2,520,0,1,975,0,976,G
1-PB2,521,0,0,0,976,976,C
1-PB2,522,0,0,0,980,980,C
1-PB2,523,974,0,2,0,976,A
1-PB2,524,0,0,1018,0,1018,G
1-PB2,525,0,1,1023,0,1024,G
1-PB2,526,1024,0,0,0,1024,A
1-PB2,527,0,1019,0,0,1019,T
1-PB2,528,1017,0,2,0,1019,A
1-PB2,529,0,1,0,1021,1022,C
1-PB2,530,0,1012,0,0,1012,T
1-PB2,531,1009,0,0,0,1009,A
1-PB2,532,1004,0,1,0,1005,A
1-PB2,533,0,0,0,1012,1012,C
1-PB2,534,984,0,1,0,985,A
1-PB2,535,0,978,0,1,979,T
1-PB2,536,1,0,0,974,975,C
1-PB2,537,959,0,1,0,960,A
1-PB2,538,0,0,966,0,966,G
1-PB2,539,966,0,0,0,966,A
1-PB2,540,960,0,0,0,960,A
1-PB2,541,0,961,0,0,961,T
1-PB2,542,1,0,0,940,941,C
1-PB2,543,941,0,1,0,942,A
1-PB2,544,0,1,0,964,965,C
1-PB2,545,957,0,0,0,957,A
1-PB2,546,964,0,0,0,964,A
1-PB2,547,0,949,0,1,950,T
1-PB2,548,0,951,0,0,951,T
1-PB2,549,955,0,2,0,957,A
1-PB2,550,958,0,1,0,959,A
1-PB2,551,0,1,0,960,961,C
1-PB2,552,949,0,1,1,951,A
1-PB2,553,938,0,1,0,939,A
1-PB2,554,0,951,0,1,952,T
1-PB2,555,943,0,0,0,943,A
1-PB2,556,952,0,0,0,952,A
1-PB2,557,1,0,0,954,955,C
1-PB2,558,0,952,0,0,952,T
1-PB2,559,952,0,0,0,952,A
1-PB2,560,948,0,0,0,948,A
1-PB2,561,948,0,1,0,949,A
1-PB2,562,0,0,948,0,948,G
1-PB2,563,933,1,0,0,934,A
1-PB2,564,0,0,940,0,940,G
1-PB2,565,938,0,0,0,938,A
1-PB2,566,940,1,0,0,941,A
1-PB2,567,940,0,0,0,940,A
1-PB2,568,939,0,0,0,939,A
1-PB2,569,948,0,0,0,948,A
1-PB2,570,946,0,2,0,948,A
1-PB2,571,0,0,950,0,950,G
1-PB2,572,946,0,3,0,949,A
1-PB2,573,941,1,1,0,943,A
1-PB2,574,1,2,939,0,942,G
1-PB2,575,943,0,0,0,943,A
1-PB2,576,945,0,3,0,948,A
1-PB2,577,0,0,0,956,956,C
1-PB2,578,0,940,1,1,942,T
1-PB2,579,0,0,0,946,946,C
1-PB2,580,1,0,0,942,943,C
1-PB2,581,0,1,946,0,947,G
1-PB2,582,944,1,0,0,945,A
1-PB2,583,0,2,943,0,945,G
1-PB2,584,943,0,0,0,943,A
1-PB2,585,1,936,0,0,937,T
1-PB2,586,0,924,0,0,924,T
1-PB2,587,1,1,922,0,924,G
1-PB2,588,0,2,0,920,922,C
1-PB2,589,928,0,1,0,929,A
1-PB2,590,928,0,1,0,929,A
1-PB2,591,929,0,0,0,929,A
1-PB2,592,930,0,1,0,931,A
1-PB2,593,0,927,0,0,927,T
1-PB2,594,0,921,0,1,922,T
1-PB2,595,0,923,0,0,923,T
1-PB2,596,1,0,0,920,921,C
1-PB2,597,1,911,0,5,917,T
1-PB2,598,1,0,0,1018,1019,C
1-PB2,599,1,0,0,1025,1026,C
1-PB2,600,3,0,0,1186,1189,C
1-PB2,601,0,1183,0,1,1184,T
1-PB2,602,0,1210,0,0,1210,T
1-PB2,603,0,0,1218,0,1218,G
1-PB2,604,1219,0,0,0,1219,A
1-PB2,605,0,1257,0,0,1257,T
1-PB2,606,1,1,1286,0,1288,G
1-PB2,607,1,2,1522,0,1525,G
1-PB2,608,0,1575,0,1,1576,T
1-PB2,609,0,1573,0,0,1573,T
1-PB2,610,2,0,1749,0,1751,G
1-PB2,611,1,0,0,1758,1759,C
1-PB2,612,1813,0,0,0,1813,A
1-PB2,613,0,1809,0,2,1811,T
1-PB2,614,1825,0,0,4,1829,A
1-PB2,615,0,1,0,1960,1961,C
1-PB2,616,2266,1,0,17,2284,A
1-PB2,617,1,2348,0,0,2349,T
1-PB2,618,0,0,2483,0,2483,G
1-PB2,619,0,2461,1,4,2466,T
1-PB2,620,0,2469,0,0,2469,T
1-PB2,621,2464,1,4,0,2469,A
1-PB2,622,0,5,2468,0,2473,G
1-PB2,623,2522,0,0,0,2522,A
1-PB2,624,0,2,2553,0,2555,G
1-PB2,625,2503,1,1,0,2505,A
1-PB2,626,1,8,2514,0,2523,G
1-PB2,627,2498,1,2,0,2501,A
1-PB2,628,2,12,2509,0,2523,G
1-PB2,629,2530,0,6,0,2536,A
1-PB2,630,2542,0,1,0,2543,A
1-PB2,631,0,0,0,2559,2559,C
1-PB2,632,0,2544,0,1,2545,T
1-PB2,633,0,2545,0,1,2546,T
1-PB2,634,1,2,2552,1,2556,G
1-PB2,635,1,2553,0,0,2554,T
1-PB2,636,2558,0,2,0,2560,A
1-PB2,637,2,4,0,2551,2557,C
1-PB2,638,3,5,2548,0,2556,G
1-PB2,639,2563,0,1,0,2564,A
1-PB2,640,2559,1,0,0,2560,A
1-PB2,641,2588,1,0,0,2589,A
1-PB2,642,2592,1,0,1,2594,A
1-PB2,643,2584,0,6,0,2590,A
1-PB2,644,1,1,0,2599,2601,C
1-PB2,645,2598,1,1,0,2600,A
1-PB2,646,2604,0,0,1,2605,A
1-PB2,647,0,4,2614,0,2618,G
1-PB2,648,2625,2,3,0,2630,A
1-PB2,649,0,2628,0,1,2629,T
1-PB2,650,0,2623,0,0,2623,T
1-PB2,651,0,2632,0,3,2635,T
1-PB2,652,2,2,0,2635,2639,C
1-PB2,653,1,2650,0,3,2654,T
1-PB2,654,6,0,0,2655,2661,C
1-PB2,655,4,0,0,2651,2655,C
1-PB2,656,3,1,0,2656,2660,C
1-PB2,657,2663,1,0,0,2664,A
1-PB2,658,0,1,2689,0,2690,G
1-PB2,659,1,2694,0,2,2697,T
1-PB2,660,0,2692,0,0,2692,T
1-PB2,661,0,1,2695,0,2696,G
1-PB2,662,0,3,0,2689,2692,C
1-PB2,663,0,2693,0,2,2695,T
1-PB2,664,0,2,2696,0,2698,G
1-PB2,665,1,0,2695,0,2696,G
1-PB2,666,1,2,0,2691,2694,C
1-PB2,667,2,4,2709,0,2715,G
1-PB2,668,1,3,2750,0,2754,G
1-PB2,669,2755,2,7,2,2766,A
1-PB2,670,2768,0,2,1,2771,A
1-PB2,671,2,1,0,2766,2769,C
1-PB2,672,2781,0,1,0,2782,A
1-PB2,673,2786,1,2,1,2790,A
1-PB2,674,0,3,2969,0,2972,G
1-PB2,675,1,1,0,3045,3047,C
1-PB2,676,3069,2,5,1,3077,A
1-PB2,677,0,0,3937,0,3937,G
1-PB2,678,0,3929,0,0,3929,T
1-PB2,679,3959,2,2,0,3963,A
1-PB2,680,0,3963,0,3,3966,T
1-PB2,681,3978,0,3,0,3981,A
1-PB2,682,1,3977,0,4,3982,T
1-PB2,683,3927,1,1,0,3929,A
1-PB2,684,1,0,0,3981,3982,C
1-PB2,685,3857,0,1,0,3858,A
1-PB2,686,0,3715,0,1,3716,T
1-PB2,687,1,3627,0,1,3629,T
1-PB2,688,1,2,3619,0,3622,G
1-PB2,689,3631,2,1,0,3634,A
1-PB2,690,3623,1,7,1,3632,A
1-PB2,691,2,0,3674,0,3676,G
1-PB2,692,0,3664,0,4,3668,T
1-PB2,693,1,3638,0,0,3639,T
1-PB2,694,0,3632,1,12,3645,T
1-PB2,695,0,3652,0,1,3653,T
1-PB2,696,3687,0,5,3,3695,A
1-PB2,697,0,1,0,3726,3727,C
1-PB2,698,3729,1,0,1,3731,A
1-PB2,699,0,3727,0,1,3728,T
1-PB2,700,0,3697,1,1,3699,T
1-PB2,701,1,3703,0,2,3706,T
1-PB2,702,0,7,3742,0,3749,G
1-PB2,703,3767,0,0,0,3767,A
1-PB2,704,0,0,0,3784,3784,C
1-PB2,705,0,3775,0,1,3776,T
1-PB2,706,8,3,1,3760,3772,C
1-PB2,707,3762,0,2,0,3764,A
1-PB2,708,4,13,3729,0,3746,G
1-PB2,709,0,5,3818,1,3824,G
1-PB2,710,1,8,3829,0,3838,G
1-PB2,711,3845,0,2,0,3847,A
1-PB2,712,3841,2,2,0,3845,A
1-PB2,713,1,2,0,3840,3843,C
1-PB2,714,1,0,3875,0,3876,G
1-PB2,715,0,3873,0,1,3874,T
1-PB2,716,0,2,3886,1,3889,G
1-PB2,717,0,3869,0,3,3872,T
1-PB2,718,1,3858,0,2,3861,T
1-PB2,719,0,9,3865,0,3874,G
1-PB2,720,1,10,3860,0,3871,G
1-PB2,721,2,10,3893,1,3906,G
1-PB2,722,3887,0,5,0,3892,A
1-PB2,723,3880,1,2,1,3884,A
1-PB2,724,1,0,0,3980,3981,C
1-PB2,725,3973,0,1,0,3974,A
1-PB2,726,4090,0,1,1,4092,A
1-PB2,727,4100,1,1,1,4103,A
1-PB2,728,1,4130,0,1,4132,T
1-PB2,729,5,0,4174,0,4179,G
1-PB2,730,0,4159,0,2,4161,T
1-PB2,731,4154,1,4,0,4159,A
1-PB2,732,0,1,0,4165,4166,C
1-PB2,733,4108,1,6,0,4115,A
1-PB2,734,0,0,0,4107,4107,C
1-PB2,735,0,4011,0,1,4012,T
1-PB2,736,5,1,0,4332,4338,C
1-PB2,737,3,0,0,4347,4350,C
1-PB2,738,4408,3,5,0,4416,A
1-PB2,739,0,1,4451,0,4452,G
1-PB2,740,1,0,4553,0,4554,G
1-PB2,741,0,4545,0,1,4546,T
1-PB2,742,2,2,4543,0,4547,G
1-PB2,743,1,6,4424,0,4431,G
1-PB2,744,4379,0,11,0,4390,A
1-PB2,745,1,8,4444,0,4453,G
1-PB2,746,26,16,4406,0,4448,G
1-PB2,747,4411,1,3,0,4415,A
1-PB2,748,1,0,4455,0,4456,G
1-PB2,749,1,4369,0,1,4371,T
1-PB2,750,3,8,4380,0,4391,G
1-PB2,751,4378,2,10,0,4390,A
1-PB2,752,1,2,4407,0,4410,G
1-PB2,753,4,6,4424,1,4435,G
1-PB2,754,4418,0,3,0,4421,A
1-PB2,755,4424,0,5,0,4429,A
1-PB2,756,0,4442,0,1,4443,T
1-PB2,757,2,8,4422,0,4432,G
1-PB2,758,4424,1,3,0,4428,A
1-PB2,759,2,4,0,4412,4418,C
1-PB2,760,1,4,4413,0,4418,G
1-PB2,761,4481,0,1,0,4482,A
1-PB2,762,2,4453,1,3,4459,T
1-PB2,763,1,0,4492,0,4493,G
1-PB2,764,2,4473,0,7,4482,T
1-PB2,765,2,4458,0,2,4462,T
1-PB2,766,0,16,4475,1,4492,G
1-PB2,767,4486,1,16,0,4503,A
1-PB2,768,1,7,0,4494,4502,C
1-PB2,769,8,1,1,4490,4500,C
1-PB2,770,4457,0,1,0,4458,A
1-PB2,771,4468,0,2,0,4470,A
1-PB2,772,4473,1,5,1,4480,A
1-PB2,773,2,0,4569,0,4571,G
1-PB2,774,2,1,0,4566,4569,C
1-PB2,775,4,1,0,4550,4555,C
1-PB2,776,1,4577,0,4,4582,T
1-PB2,777,4597,0,1,0,4598,A
1-PB2,778,4594,0,4,0,4598,A
1-PB2,779,0,4599,0,1,4600,T
1-PB2,780,2,4591,0,1,4594,T
1-PB2,781,4550,0,0,0,4550,A
1-PB2,782,0,4470,0,1,4471,T
1-PB2,783,0,4442,1,0,4443,T
1-PB2,784,0,3,4426,0,4429,G
1-PB2,785,1,1,0,4421,4423,C
1-PB2,786,3,5,4411,0,4419,G
1-PB2,787,0,1,4494,0,4495,G
1-PB2,788,1,2,0,4476,4479,C
1-PB2,789,0,0,0,4506,4506,C
1-PB2,790,4504,0,3,0,4507,A
1-PB2,791,2,4,4555,0,4561,G
1-PB2,792,0,14,4600,0,4614,G
1-PB2,793,4605,0,8,0,4613,A
1-PB2,794,4622,0,4,0,4626,A
1-PB2,795,1,0,0,4648,4649,C
1-PB2,796,4604,2,3,0,4609,A
1-PB2,797,0,4662,1,3,4666,T
1-PB2,798,4713,1,5,0,4719,A
1-PB2,799,0,3,4759,0,4762,G
1-PB2,800,0,4706,0,0,4706,T
1-PB2,801,4669,0,3,0,4672,A
1-PB2,802,4661,3,2,1,4667,A
1-PB2,803,0,7,4665,0,4672,G
1-PB2,804,4647,1,3,0,4651,A
1-PB2,805,4596,1,2,0,4599,A
1-PB2,806,0,6,4575,0,4581,G
1-PB2,807,4467,1,6,2,4476,A
1-PB2,808,0,5,4476,0,4481,G
1-PB2,809,0,2,0,4486,4488,C
1-PB2,810,5,0,0,4474,4479,C
1-PB2,811,3,0,4488,0,4491,G
1-PB2,812,4,2,0,4514,4520,C
1-PB2,813,4532,0,3,0,4535,A
1-PB2,814,4,2,4805,0,4811,G
1-PB2,815,0,4800,0,2,4802,T
1-PB2,816,4821,0,2,0,4823,A
1-PB2,817,1,4784,0,2,4787,T
1-PB2,818,8,1,2,4810,4821,C
1-PB2,819,4813,0,2,1,4816,A
1-PB2,820,1,1,4826,0,4828,G
1-PB2,821,2,4,0,4815,4821,C
1-PB2,822,4673,1,2,0,4676,A
1-PB2,823,0,7,4627,0,4634,G
1-PB2,824,4655,0,3,0,4658,A
1-PB2,825,0,4649,0,3,4652,T
1-PB2,826,5,2,0,4675,4682,C
1-PB2,827,11,2,3,4672,4688,C
1-PB2,828,4696,1,3,1,4701,A
1-PB2,829,3,1,0,4697,4701,C
1-PB2,830,2,4690,0,0,4692,T
1-PB2,831,4701,1,3,0,4705,A
1-PB2,832,2,0,4707,0,4709,G
1-PB2,833,3,2,0,4698,4703,C
1-PB2,834,4694,2,0,0,4696,A
1-PB2,835,0,4714,0,1,4715,T
1-PB2,836,4,1,0,4767,4772,C
1-PB2,837,0,4751,1,3,4755,T
1-PB2,838,0,4886,0,1,4887,T
1-PB2,839,0,4902,1,2,4905,T
1-PB2,840,4907,0,1,0,4908,A
1-PB2,841,0,4904,1,1,4906,T
1-PB2,842,0,4884,0,8,4892,T
1-PB2,843,2,8,4870,0,4880,G
1-PB2,844,0,7,4881,0,4888,G
1-PB2,845,4805,0,4,0,4809,A
1-PB2,846,0,6,4813,0,4819,G
1-PB2,847,4792,0,0,0,4792,A
1-PB2,848,0,4761,0,2,4763,T
1-PB2,849,1,0,4878,0,4879,G
1-PB2,850,2,4887,0,0,4889,T
1-PB2,851,1,3,4872,1,4877,G
1-PB2,852,3,2,0,4894,4899,C
1-PB2,853,7,4,0,4869,4880,C
1-PB2,854,4866,0,19,0,4885,A
1-PB2,855,1,2,0,4879,4882,C
1-PB2,856,4828,0,9,0,4837,A
1-PB2,857,0,1,4891,0,4892,G
1-PB2,858,1,7,0,4796,4804,C
1-PB2,859,4796,0,6,0,4802,A
1-PB2,860,1,2,0,4798,4801,C
1-PB2,861,4799,3,3,0,4805,A
1-PB2,862,1,1,0,4825,4827,C
1-PB2,863,4819,0,0,0,4819,A
1-PB2,864,4818,0,2,0,4820,A
1-PB2,865,4811,1,3,0,4815,A
1-PB2,866,0,4735,0,1,4736,T
1-PB2,867,0,4735,2,1,4738,T
1-PB2,868,0,12,4706,1,4719,G
1-PB2,869,0,3,4706,0,4709,G
1-PB2,870,3,3,0,4715,4721,C
1-PB2,871,4,3,4687,0,4694,G
1-PB2,872,3,5,4686,0,4694,G
1-PB2,873,4670,0,7,1,4678,A
1-PB2,874,4784,0,0,0,4784,A
1-PB2,875,1,1,0,4798,4800,C
1-PB2,876,4797,0,0,0,4797,A
1-PB2,877,4804,1,1,0,4806,A
1-PB2,878,0,2,4823,0,4825,G
1-PB2,879,1,5,4818,1,4825,G
1-PB2,880,4841,1,7,1,4850,A
1-PB2,881,1,4659,2,0,4662,T
1-PB2,882,0,9,4654,0,4663,G
1-PB2,883,3,1,4689,0,4693,G
1-PB2,884,0,4657,0,4,4661,T
1-PB2,885,2,6,4652,0,4660,G
1-PB2,886,0,6,4637,0,4643,G
1-PB2,887,4631,0,1,0,4632,A
1-PB2,888,1,12,1,4617,4631,C
1-PB2,889,4587,0,1,1,4589,A
1-PB2,890,1,5191,0,1,5193,T
1-PB2,891,2,5175,1,2,5180,T
1-PB2,892,6,0,0,5179,5185,C
1-PB2,893,2,5138,1,9,5150,T
1-PB2,894,0,5147,1,1,5149,T
1-PB2,895,5155,0,3,0,5158,A
1-PB2,896,1,6,5154,0,5161,G
1-PB2,897,5155,0,3,0,5158,A
1-PB2,898,0,1,0,5162,5163,C
1-PB2,899,4454,2,3,0,4459,A
1-PB2,900,1,3,4512,0,4516,G
1-PB2,901,4505,1,1,1,4508,A
1-PB2,902,4506,0,5,0,4511,A
1-PB2,903,2,0,0,4503,4505,C
1-PB2,904,2,1,0,4493,4496,C
1-PB2,905,10,3,1,4469,4483,C
1-PB2,906,3,11,4466,0,4480,G
1-PB2,907,4478,3,5,0,4486,A
1-PB2,908,1,2,0,4496,4499,C
1-PB2,909,0,4434,3,8,4445,T
1-PB2,910,1,7,4474,0,4482,G
1-PB2,911,4473,0,3,0,4476,A
1-PB2,912,4482,0,5,1,4488,A
1-PB2,913,0,7,4503,0,4510,G
1-PB2,914,4499,1,2,0,4502,A
1-PB2,915,4496,0,14,0,4510,A
1-PB2,916,1,2,0,4502,4505,C
1-PB2,917,4475,1,2,0,4478,A
1-PB2,918,4491,0,5,0,4496,A
1-PB2,919,1,1,4537,0,4539,G
1-PB2,920,0,0,0,4566,4566,C
1-PB2,921,0,4512,2,3,4517,T
1-PB2,922,0,1,4585,1,4587,G
1-PB2,923,1,4566,2,5,4574,T
1-PB2,924,2,5,4636,0,4643,G
1-PB2,925,0,2,4792,1,4795,G
1-PB2,926,4801,0,2,0,4803,A
1-PB2,927,0,4791,1,2,4794,T
1-PB2,928,4743,0,2,0,4745,A
1-PB2,929,0,4696,0,1,4697,T
1-PB2,930,4797,0,17,0,4814,A
1-PB2,931,1,4728,0,3,4732,T
1-PB2,932,1,1,4724,0,4726,G
1-PB2,933,2,1,0,4659,4662,C
1-PB2,934,4501,0,0,0,4501,A
1-PB2,935,4493,1,4,0,4498,A
1-PB2,936,0,9,4482,1,4492,G
1-PB2,937,1,0,4516,0,4517,G
1-PB2,938,4,1,0,4516,4521,C
1-PB2,939,0,4417,0,3,4420,T
1-PB2,940,14,0,4432,0,4446,G
1-PB2,941,2,0,0,4457,4459,C
1-PB2,942,4464,4,0,0,4468,A
1-PB2,943,4461,0,5,3,4469,A
1-PB2,944,1,4447,0,0,4448,T
1-PB2,945,2,14,4460,0,4476,G
1-PB2,946,2,10,4446,0,4458,G
1-PB2,947,1,3,4466,1,4471,G
1-PB2,948,4457,1,3,1,4462,A
1-PB2,949,0,4445,0,0,4445,T
1-PB2,950,2,4424,0,1,4427,T
1-PB2,951,1,4,4437,2,4444,G
1-PB2,952,4421,1,7,0,4429,A
1-PB2,953,3,4,4457,0,4464,G
1-PB2,954,4438,0,2,1,4441,A
1-PB2,955,4401,1,1,0,4403,A
1-PB2,956,0,4358,0,2,4360,T
1-PB2,957,7,2,1,4371,4381,C
1-PB2,958,4363,0,8,0,4371,A
1-PB2,959,1,0,4398,0,4399,G
1-PB2,960,2,0,0,4388,4390,C
1-PB2,961,0,4372,0,5,4377,T
1-PB2,962,16,1,0,4343,4360,C
1-PB2,963,4348,0,3,0,4351,A
1-PB2,964,1,4434,0,3,4438,T
1-PB2,965,3,2,0,4433,4438,C
1-PB2,966,11,1,0,4441,4453,C
1-PB2,967,1,4432,2,6,4441,T
1-PB2,968,3,4414,0,7,4424,T
1-PB2,969,4,1,0,4422,4427,C
1-PB2,970,4418,0,4,0,4422,A
1-PB2,971,0,0,4476,0,4476,G
1-PB2,972,0,1,0,4462,4463,C
1-PB2,973,0,4397,0,7,4404,T
1-PB2,974,0,4407,0,0,4407,T
1-PB2,975,0,4410,0,1,4411,T
1-PB2,976,1,3,4403,0,4407,G
1-PB2,977,0,2,4407,0,4409,G
1-PB2,978,0,4405,0,5,4410,T
1-PB2,979,0,8,4413,0,4421,G
1-PB2,980,1,2,4405,0,4408,G
1-PB2,981,1,1,4444,0,4446,G
1-PB2,982,0,4419,1,8,4428,T
1-PB2,983,0,4416,1,2,4419,T
1-PB2,984,0,4421,0,1,4422,T
1-PB2,985,4437,1,2,0,4440,A
1-PB2,986,1,0,0,4437,4438,C
1-PB2,987,4446,0,0,0,4446,A
1-PB2,988,0,4421,0,1,4422,T
1-PB2,989,1,4352,0,1,4354,T
1-PB2,990,1,4335,0,1,4337,T
1-PB2,991,4325,1,2,0,4328,A
1-PB2,992,4331,0,0,0,4331,A
1-PB2,993,4328,1,0,0,4329,A
1-PB2,994,4300,0,7,0,4307,A
1-PB2,995,0,12,4328,0,4340,G
1-PB2,996,4319,1,2,0,4322,A
1-PB2,997,4322,2,2,0,4326,A
1-PB2,998,0,1,0,4332,4333,C
1-PB2,999,4312,2,4,0,4318,A
1-PB2,1000,4309,0,11,0,4320,A
1-PB2,1001,2,0,4313,0,4315,G
1-PB2,1002,3,1,0,4323,4327,C
1-PB2,1003,2,7,4308,0,4317,G
1-PB2,1004,2,8,4318,0,4328,G
1-PB2,1005,3,1,4335,0,4339,G
1-PB2,1006,1,4330,0,7,4338,T
1-PB2,1007,23,3,0,4296,4322,C
1-PB2,1008,4329,1,4,0,4334,A
1-PB2,1009,0,4313,1,2,4316,T
1-PB2,1010,2,1,0,4322,4325,C
1-PB2,1011,4304,0,5,0,4309,A
1-PB2,1012,1,0,4355,0,4356,G
1-PB2,1013,0,4290,0,7,4297,T
1-PB2,1014,8,0,0,4298,4306,C
1-PB2,1015,4298,0,7,1,4306,A
1-PB2,1016,4312,1,1,0,4314,A
1-PB2,1017,4308,1,1,0,4310,A
1-PB2,1018,4300,2,1,0,4303,A
1-PB2,1019,4298,1,4,0,4303,A
1-PB2,1020,25,1,4200,0,4226,G
1-PB2,1021,0,6,4319,0,4325,G
1-PB2,1022,4325,0,3,0,4328,A
1-PB2,1023,4299,0,22,1,4322,A
1-PB2,1024,0,5,4323,0,4328,G
1-PB2,1025,4321,0,5,0,4326,A
1-PB2,1026,4195,0,7,0,4202,A
1-PB2,1027,1,2,4200,0,4203,G
1-PB2,1028,4189,0,4,0,4193,A
1-PB2,1029,1,1,4198,1,4201,G
1-PB2,1030,1,1,4256,0,4258,G
1-PB2,1031,0,4266,1,0,4267,T
1-PB2,1032,0,1,4347,0,4348,G
1-PB2,1033,1,1,0,4363,4365,C
1-PB2,1034,6,4354,1,3,4364,T
1-PB2,1035,0,4371,1,3,4375,T
1-PB2,1036,4364,0,3,0,4367,A
1-PB2,1037,0,1,1,4367,4369,C
1-PB2,1038,4338,1,5,0,4344,A
1-PB2,1039,0,5,4352,0,4357,G
1-PB2,1040,4,2,4337,0,4343,G
1-PB2,1041,0,3,0,4290,4293,C
1-PB2,1042,4251,0,0,0,4251,A
1-PB2,1043,4257,0,3,0,4260,A
1-PB2,1044,2,4304,1,3,4310,T
1-PB2,1045,7,0,0,4368,4375,C
1-PB2,1046,0,4350,1,11,4362,T
1-PB2,1047,10,0,0,4357,4367,C
1-PB2,1048,1,1,0,4377,4379,C
1-PB2,1049,4354,1,4,0,4359,A
1-PB2,1050,4374,1,2,0,4377,A
1-PB2,1051,4372,0,5,2,4379,A
1-PB2,1052,1,2,1,4402,4406,C
1-PB2,1053,4297,0,0,0,4297,A
1-PB2,1054,0,4249,0,2,4251,T
1-PB2,1055,0,4156,3,2,4161,T
1-PB2,1056,0,5,4168,0,4173,G
1-PB2,1057,4153,2,4,1,4160,A
1-PB2,1058,0,3,4113,0,4116,G
1-PB2,1059,4285,1,5,0,4291,A
1-PB2,1060,4282,1,2,0,4285,A
1-PB2,1061,1,4317,0,0,4318,T
1-PB2,1062,4311,0,6,0,4317,A
1-PB2,1063,4320,0,3,1,4324,A
1-PB2,1064,1,6,4431,0,4438,G
1-PB2,1065,4349,0,12,0,4361,A
1-PB2,1066,1,2,4479,1,4483,G
1-PB2,1067,1,4374,0,3,4378,T
1-PB2,1068,4396,0,2,0,4398,A
1-PB2,1069,1,2,1,4463,4467,C
1-PB2,1070,4406,0,1,0,4407,A
1-PB2,1071,0,4402,1,0,4403,T
1-PB2,1072,1,6,4377,0,4384,G
1-PB2,1073,4247,0,7,0,4254,A
1-PB2,1074,3,11,4268,0,4282,G
1-PB2,1075,0,11,4269,1,4281,G
1-PB2,1076,4,6,4459,0,4469,G
1-PB2,1077,0,2,4489,0,4491,G
1-PB2,1078,0,4396,0,4,4400,T
1-PB2,1079,4403,0,4,0,4407,A
1-PB2,1080,2,4385,0,2,4389,T
1-PB2,1081,0,5,4407,0,4412,G
1-PB2,1082,4389,1,7,0,4397,A
1-PB2,1083,0,2,4380,1,4383,G
1-PB2,1084,1,8,4358,0,4367,G
1-PB2,1085,4023,3,3,0,4029,A
1-PB2,1086,1,0,4163,0,4164,G
1-PB2,1087,1,4139,0,3,4143,T
1-PB2,1088,1,4236,1,5,4243,T
1-PB2,1089,12,1,0,4262,4275,C
1-PB2,1090,4266,1,8,0,4275,A
1-PB2,1091,0,0,0,4269,4269,C
1-PB2,1092,4254,0,0,1,4255,A
1-PB2,1093,4272,0,3,0,4275,A
1-PB2,1094,1,4271,0,0,4272,T
1-PB2,1095,1,9,4184,1,4195,G
1-PB2,1096,3,3,4218,0,4224,G
1-PB2,1097,0,4100,0,2,4102,T
1-PB2,1098,1,10,4109,0,4120,G
1-PB2,1099,3,7,4116,0,4126,G
1-PB2,1100,1,2,4122,0,4125,G
1-PB2,1101,2,9,4143,1,4155,G
1-PB2,1102,4112,1,3,0,4116,A
1-PB2,1103,4127,0,7,0,4134,A
1-PB2,1104,4105,0,1,0,4106,A
1-PB2,1105,4021,0,6,1,4028,A
1-PB2,1106,0,7,4074,0,4081,G
1-PB2,1107,4049,2,3,0,4054,A
1-PB2,1108,2,2,4052,0,4056,G
1-PB2,1109,1,2,0,4060,4063,C
1-PB2,1110,4034,1,1,0,4036,A
1-PB2,1111,4037,0,5,0,4042,A
1-PB2,1112,1,0,0,4178,4179,C
1-PB2,1113,4170,0,5,0,4175,A
1-PB2,1114,1,1,4253,0,4255,G
1-PB2,1115,1,1,0,4211,4213,C
1-PB2,1116,0,4211,0,1,4212,T
1-PB2,1117,4330,0,2,2,4334,A
1-PB2,1118,1,4323,0,1,4325,T
1-PB2,1119,4351,0,0,1,4352,A
1-PB2,1120,3,1,0,4345,4349,C
1-PB2,1121,1,4143,0,2,4146,T
1-PB2,1122,4173,0,2,0,4175,A
1-PB2,1123,4099,1,2,1,4103,A
1-PB2,1124,0,8,4103,0,4111,G
1-PB2,1125,4101,1,2,0,4104,A
1-PB2,1126,3958,0,2,0,3960,A
1-PB2,1127,3953,13,1,0,3967,A
1-PB2,1128,3935,0,13,0,3948,A
1-PB2,1129,2,1,3954,0,3957,G
1-PB2,1130,1,3,0,3950,3954,C
1-PB2,1131,3946,2,5,0,3953,A
1-PB2,1132,3955,2,2,0,3959,A
1-PB2,1133,21,0,0,3955,3976,C
1-PB2,1134,4,0,0,3967,3971,C
1-PB2,1135,3976,0,6,0,3982,A
1-PB2,1136,1,2,3999,0,4002,G
1-PB2,1137,3993,0,4,2,3999,A
1-PB2,1138,3994,0,3,0,3997,A
1-PB2,1139,0,4,4019,0,4023,G
1-PB2,1140,4004,1,1,1,4007,A
1-PB2,1141,0,3994,0,0,3994,T
1-PB2,1142,1,3961,0,2,3964,T
1-PB2,1143,1,11,3968,0,3980,G
1-PB2,1144,0,2,4055,0,4057,G
1-PB2,1145,2,4025,0,6,4033,T
1-PB2,1146,1,4028,0,1,4030,T
1-PB2,1147,8,1,0,4008,4017,C
1-PB2,1148,4011,0,2,0,4013,A
1-PB2,1149,3989,1,11,0,4001,A
1-PB2,1150,0,0,0,4290,4290,C
1-PB2,1151,2,4270,0,8,4280,T
1-PB2,1152,5,0,0,4330,4335,C
1-PB2,1153,4282,2,2,0,4286,A
1-PB2,1154,1,4285,0,2,4288,T
1-PB2,1155,4301,0,0,0,4301,A
1-PB2,1156,0,1,4320,0,4321,G
1-PB2,1157,1,4171,0,3,4175,T
1-PB2,1158,0,11,4195,0,4206,G
1-PB2,1159,4053,2,6,0,4061,A
1-PB2,1160,1,0,4111,0,4112,G
1-PB2,1161,2,4085,0,3,4090,T
1-PB2,1162,1,7,4073,0,4081,G
1-PB2,1163,0,1,4124,0,4125,G
1-PB2,1164,4120,1,1,0,4122,A
1-PB2,1165,4095,0,8,1,4104,A
1-PB2,1166,0,10,4104,0,4114,G
1-PB2,1167,4065,1,1,0,4067,A
1-PB2,1168,0,9,4091,0,4100,G
1-PB2,1169,4057,1,12,1,4071,A
1-PB2,1170,1,0,0,4068,4069,C
1-PB2,1171,4,12,4066,0,4082,G
1-PB2,1172,4047,1,1,0,4049,A
1-PB2,1173,4067,0,5,1,4073,A
1-PB2,1174,1,2,0,4066,4069,C
1-PB2,1175,4046,0,1,0,4047,A
1-PB2,1176,1,0,4264,0,4265,G
1-PB2,1177,0,4252,0,2,4254,T
1-PB2,1178,6,0,1,4237,4244,C
1-PB2,1179,4255,0,5,0,4260,A
1-PB2,1180,4252,0,2,0,4254,A
1-PB2,1181,1,4253,0,1,4255,T
1-PB2,1182,4247,0,0,0,4247,A
1-PB2,1183,1,3,4237,0,4241,G
1-PB2,1184,1,1,0,4225,4227,C
1-PB2,1185,6,3,0,4105,4114,C
1-PB2,1186,4,5,4076,0,4085,G
1-PB2,1187,4088,1,0,0,4089,A
1-PB2,1188,4097,0,2,0,4099,A
1-PB2,1189,1,0,4143,0,4144,G
1-PB2,1190,1,1,0,4206,4208,C
1-PB2,1191,4205,0,2,1,4208,A
1-PB2,1192,4192,2,1,0,4195,A
1-PB2,1193,0,4199,0,2,4201,T
1-PB2,1194,4212,0,4,0,4216,A
1-PB2,1195,4266,0,0,0,4266,A
1-PB2,1196,0,4246,0,3,4249,T
1-PB2,1197,7,0,0,4225,4232,C
1-PB2,1198,2,1,4203,0,4206,G
1-PB2,1199,0,4111,0,3,4114,T
1-PB2,1200,1,3,4099,0,4103,G
1-PB2,1201,2,2,4132,1,4137,G
1-PB2,1202,0,4,0,4109,4113,C
1-PB2,1203,3,3,1,4113,4120,C
1-PB2,1204,4078,13,2,2,4095,A
1-PB2,1205,0,4090,0,2,4092,T
1-PB2,1206,1,8,4101,1,4111,G
1-PB2,1207,3,4,4179,0,4186,G
1-PB2,1208,1,4158,0,0,4159,T
1-PB2,1209,0,1,4176,0,4177,G
1-PB2,1210,0,4067,2,4,4073,T
1-PB2,1211,1,4050,1,8,4060,T
1-PB2,1212,1,4003,0,60,4064,T
1-PB2,1213,3,4052,0,18,4073,T
1-PB2,1214,2,1,0,4109,4112,C
1-PB2,1215,4113,1,2,0,4116,A
1-PB2,1216,1,0,0,4200,4201,C
1-PB2,1217,4114,2,2,0,4118,A
1-PB2,1218,4114,1,1,0,4116,A
1-PB2,1219,0,6,4117,0,4123,G
1-PB2,1220,4108,0,0,0,4108,A
1-PB2,1221,3990,0,81,0,4071,A
1-PB2,1222,0,2,4122,0,4124,G
1-PB2,1223,4126,0,2,0,4128,A
1-PB2,1224,1,4136,0,1,4138,T
1-PB2,1225,0,4080,0,0,4080,T
1-PB2,1226,1,0,4077,1,4079,G
1-PB2,1227,0,1,0,4026,4027,C
1-PB2,1228,4052,1,4,0,4057,A
1-PB2,1229,0,4098,0,3,4101,T
1-PB2,1230,0,4,4245,0,4249,G
1-PB2,1231,4280,1,1,1,4283,A
1-PB2,1232,1,4296,0,0,4297,T
1-PB2,1233,4281,0,0,0,4281,A
1-PB2,1234,4272,2,1,0,4275,A
1-PB2,1235,4274,2,1,0,4277,A
1-PB2,1236,4288,0,3,0,4291,A
1-PB2,1237,1,3,4291,0,4295,G
1-PB2,1238,0,2,0,4384,4386,C
1-PB2,1239,4405,0,2,0,4407,A
1-PB2,1240,0,0,4537,0,4537,G
1-PB2,1241,0,4519,0,7,4526,T
1-PB2,1242,0,4522,0,1,4523,T
1-PB2,1243,4529,0,2,0,4531,A
1-PB2,1244,1,7,4537,0,4545,G
1-PB2,1245,4527,1,7,0,4535,A
1-PB2,1246,1,4,4533,0,4538,G
1-PB2,1247,0,1,4507,0,4508,G
1-PB2,1248,1,4354,2,3,4360,T
1-PB2,1249,1,15,4349,0,4365,G
1-PB2,1250,4371,1,12,0,4384,A
1-PB2,1251,0,1,1,4385,4387,C
1-PB2,1252,8,0,0,4386,4394,C
1-PB2,1253,2,4369,1,7,4379,T
1-PB2,1254,0,10,4390,0,4400,G
1-PB2,1255,4396,2,3,0,4401,A
1-PB2,1256,4405,0,0,0,4405,A
1-PB2,1257,0,4389,0,2,4391,T
1-PB2,1258,0,4453,0,3,4456,T
1-PB2,1259,0,4463,0,1,4464,T
1-PB2,1260,5,1,1,4470,4477,C
1-PB2,1261,4,0,4476,0,4480,G
1-PB2,1262,0,4466,1,8,4475,T
1-PB2,1263,9,0,0,4468,4477,C
1-PB2,1264,4473,2,1,0,4476,A
1-PB2,1265,4482,0,2,0,4484,A
1-PB2,1266,2,2,0,4472,4476,C
1-PB2,1267,4433,1,1,1,4436,A
1-PB2,1268,1,9,4489,1,4500,G
1-PB2,1269,4475,0,7,0,4482,A
1-PB2,1270,0,0,4489,0,4489,G
1-PB2,1271,2,1,12,4470,4485,C
1-PB2,1272,4488,1,0,0,4489,A
1-PB2,1273,4539,1,2,0,4542,A
1-PB2,1274,4535,3,0,0,4538,A
1-PB2,1275,0,4525,0,2,4527,T
1-PB2,1276,5,1,0,4536,4542,C
1-PB2,1277,4490,0,8,0,4498,A
1-PB2,1278,1,2,4486,0,4489,G
1-PB2,1279,1,5,0,4488,4494,C
1-PB2,1280,1,6,4495,0,4502,G
1-PB2,1281,3,0,4727,1,4731,G
1-PB2,1282,3,4686,0,6,4695,T
1-PB2,1283,0,4697,0,1,4698,T
1-PB2,1284,2,8,4684,1,4695,G
1-PB2,1285,4703,0,5,0,4708,A
1-PB2,1286,4737,0,3,1,4741,A
1-PB2,1287,2,0,0,4761,4763,C
1-PB2,1288,7,1,0,4735,4743,C
1-PB2,1289,15,0,0,4755,4770,C
1-PB2,1290,7,1,0,4620,4628,C
1-PB2,1291,4651,0,3,1,4655,A
1-PB2,1292,0,4673,0,2,4675,T
1-PB2,1293,1,1,4677,0,4679,G
1-PB2,1294,0,0,0,4685,4685,C
1-PB2,1295,4662,0,2,0,4664,A
1-PB2,1296,1,4637,0,1,4639,T
1-PB2,1297,5,1,0,4627,4633,C
1-PB2,1298,4604,0,2,0,4606,A
1-PB2,1299,1,1,4648,0,4650,G
1-PB2,1300,0,1,0,4655,4656,C
1-PB2,1301,0,4625,1,8,4634,T
1-PB2,1302,0,4653,1,2,4656,T
1-PB2,1303,1,4631,0,1,4633,T
1-PB2,1304,0,4637,0,0,4637,T
1-PB2,1305,4636,0,1,1,4638,A
1-PB2,1306,4625,3,3,1,4632,A
1-PB2,1307,1,3,4635,0,4639,G
1-PB2,1308,2,1,4588,0,4591,G
1-PB2,1309,2,0,1,4568,4571,C
1-PB2,1310,4553,0,2,0,4555,A
1-PB2,1311,2,4546,1,2,4551,T
1-PB2,1312,1,4568,0,2,4571,T
1-PB2,1313,0,4566,2,0,4568,T
1-PB2,1314,1,4589,0,1,4591,T
1-PB2,1315,4,1,0,4591,4596,C
1-PB2,1316,4579,0,7,0,4586,A
1-PB2,1317,2,7,4578,0,4587,G
1-PB2,1318,4562,0,19,1,4582,A
1-PB2,1319,4579,0,0,0,4579,A
1-PB2,1320,4552,0,8,0,4560,A
1-PB2,1321,1,1,4561,0,4563,G
1-PB2,1322,4610,0,7,0,4617,A
1-PB2,1323,0,4603,0,1,4604,T
1-PB2,1324,2,1,4602,0,4605,G
1-PB2,1325,0,1,0,4611,4612,C
1-PB2,1326,4,7,4600,0,4611,G
1-PB2,1327,4598,0,11,0,4609,A
1-PB2,1328,4608,0,3,0,4611,A
1-PB2,1329,4612,2,1,0,4615,A
1-PB2,1330,1,1,4612,0,4614,G
1-PB2,1331,0,4585,0,0,4585,T
1-PB2,1332,0,1,4574,0,4575,G
1-PB2,1333,0,4,0,4566,4570,C
1-PB2,1334,0,4556,0,7,4563,T
1-PB2,1335,2,4560,0,0,4562,T
1-PB2,1336,2,4563,0,3,4568,T
1-PB2,1337,0,4568,0,3,4571,T
1-PB2,1338,2,4569,0,2,4573,T
1-PB2,1339,3,0,1,4571,4575,C
1-PB2,1340,4576,1,3,0,4580,A
1-PB2,1341,4582,1,2,0,4585,A
1-PB2,1342,4579,0,1,2,4582,A
1-PB2,1343,4594,0,1,0,4595,A
1-PB2,1344,1,4586,0,0,4587,T
1-PB2,1345,1,4593,0,1,4595,T
1-PB2,1346,0,10,4588,0,4598,G
1-PB2,1347,0,2,4598,0,4600,G
1-PB2,1348,2,3,4583,0,4588,G
1-PB2,1349,1,8,4627,1,4637,G
1-PB2,1350,4609,1,5,0,4615,A
1-PB2,1351,2,0,4687,0,4689,G
1-PB2,1352,2,4672,0,2,4676,T
1-PB2,1353,0,4669,0,2,4671,T
1-PB2,1354,1,11,4675,0,4687,G
1-PB2,1355,4669,0,11,0,4680,A
1-PB2,1356,4671,1,16,1,4689,A
1-PB2,1357,2,3,0,4787,4792,C
1-PB2,1358,4730,5,2,0,4737,A
1-PB2,1359,1,2,0,4808,4811,C
1-PB2,1360,4751,1,6,0,4758,A
1-PB2,1361,2,4766,1,1,4770,T
1-PB2,1362,4,4,0,4786,4794,C
1-PB2,1363,2,13,4779,0,4794,G
1-PB2,1364,4819,1,5,1,4826,A
1-PB2,1365,1,2,0,4803,4806,C
1-PB2,1366,4645,0,2,0,4647,A
1-PB2,1367,1,1,4753,0,4755,G
1-PB2,1368,1,4681,0,5,4687,T
1-PB2,1369,1,1,4745,1,4748,G
1-PB2,1370,0,4726,1,3,4730,T
1-PB2,1371,1,4,4725,0,4730,G
1-PB2,1372,4725,0,5,0,4730,A
1-PB2,1373,0,4681,0,1,4682,T
1-PB2,1374,1,6,4678,0,4685,G
1-PB2,1375,2,8,4669,0,4679,G
1-PB2,1376,1,5,4601,0,4607,G
1-PB2,1377,4553,0,6,0,4559,A
1-PB2,1378,4507,1,4,0,4512,A
1-PB2,1379,1,4513,0,0,4514,T
1-PB2,1380,1,6,4555,0,4562,G
1-PB2,1381,4562,1,2,0,4565,A
1-PB2,1382,1,4549,1,1,4552,T
1-PB2,1383,0,4540,0,2,4542,T
1-PB2,1384,1,6,4510,0,4517,G
1-PB2,1385,0,8,4606,1,4615,G
1-PB2,1386,4596,0,4,0,4600,A
1-PB2,1387,1,3,4636,0,4640,G
1-PB2,1388,1,4579,0,0,4580,T
1-PB2,1389,4563,0,3,0,4566,A
1-PB2,1390,0,4556,0,2,4558,T
1-PB2,1391,0,4575,0,5,4580,T
1-PB2,1392,4622,0,0,0,4622,A
1-PB2,1393,1,1,0,4625,4627,C
1-PB2,1394,2,0,0,4560,4562,C
1-PB2,1395,4496,0,3,0,4499,A
1-PB2,1396,0,3,4514,0,4517,G
1-PB2,1397,4598,1,2,0,4601,A
1-PB2,1398,0,4558,0,1,4559,T
1-PB2,1399,4513,0,2,0,4515,A
1-PB2,1400,1,4469,0,3,4473,T
1-PB2,1401,1,15,4435,0,4451,G
1-PB2,1402,4452,0,2,0,4454,A
1-PB2,1403,0,3,0,4463,4466,C
1-PB2,1404,0,4430,1,5,4436,T
1-PB2,1405,8,2,2,4406,4418,C
1-PB2,1406,3,4,0,4358,4365,C
1-PB2,1407,4374,0,3,1,4378,A
1-PB2,1408,4381,3,1,0,4385,A
1-PB2,1409,40,1,4428,0,4469,G
1-PB2,1410,6,1,0,4445,4452,C
1-PB2,1411,4431,0,3,0,4434,A
1-PB2,1412,1,2,0,4416,4419,C
1-PB2,1413,4382,0,2,0,4384,A
1-PB2,1414,1,3,4395,0,4399,G
1-PB2,1415,4360,0,5,0,4365,A
1-PB2,1416,1,2,4390,0,4393,G
1-PB2,1417,4386,0,2,0,4388,A
1-PB2,1418,2,4246,0,4,4252,T
1-PB2,1419,2,1,4301,0,4304,G
1-PB2,1420,0,4281,0,5,4286,T
1-PB2,1421,9,3,0,4255,4267,C
1-PB2,1422,4297,0,6,0,4303,A
1-PB2,1423,4285,2,1,0,4288,A
1-PB2,1424,0,4284,2,0,4286,T
1-PB2,1425,2,15,4252,0,4269,G
1-PB2,1426,4192,1,2,0,4195,A
1-PB2,1427,1,7,4221,0,4229,G
1-PB2,1428,4156,2,2,1,4161,A
1-PB2,1429,0,6,4178,0,4184,G
1-PB2,1430,0,6,4352,0,4358,G
1-PB2,1431,4346,1,1,1,4349,A
1-PB2,1432,4361,0,3,0,4364,A
1-PB2,1433,0,4357,1,0,4358,T
1-PB2,1434,4361,0,2,0,4363,A
1-PB2,1435,4362,3,2,0,4367,A
1-PB2,1436,0,6,4348,0,4354,G
1-PB2,1437,4332,4,1,0,4337,A
1-PB2,1438,1,0,4336,0,4337,G
1-PB2,1439,1,4064,0,4,4069,T
1-PB2,1440,15,0,1,4067,4083,C
1-PB2,1441,4080,1,6,0,4087,A
1-PB2,1442,3,2,4108,1,4114,G
1-PB2,1443,2,1,0,4108,4111,C
1-PB2,1444,4112,0,2,0,4114,A
1-PB2,1445,4120,1,2,0,4123,A
1-PB2,1446,4106,0,1,0,4107,A
1-PB2,1447,4102,1,2,0,4105,A
1-PB2,1448,0,4093,0,0,4093,T
1-PB2,1449,0,10,4091,0,4101,G
1-PB2,1450,0,7,4090,0,4097,G
1-PB2,1451,0,0,4107,0,4107,G
1-PB2,1452,0,4050,0,4,4054,T
1-PB2,1453,1,1,4055,0,4057,G
1-PB2,1454,0,4053,0,1,4054,T
1-PB2,1455,2,10,4059,0,4071,G
1-PB2,1456,0,2,4109,0,4111,G
1-PB2,1457,4108,1,1,0,4110,A
1-PB2,1458,1,4093,0,0,4094,T
1-PB2,1459,1,7,4106,1,4115,G
1-PB2,1460,4088,0,1,0,4089,A
1-PB2,1461,4099,0,3,1,4103,A
1-PB2,1462,0,4098,2,0,4100,T
1-PB2,1463,4070,2,1,0,4073,A
1-PB2,1464,0,0,0,4277,4277,C
1-PB2,1465,3,4170,0,6,4179,T
1-PB2,1466,5,0,0,4213,4218,C
1-PB2,1467,7,1,0,4213,4221,C
1-PB2,1468,4185,0,2,0,4187,A
1-PB2,1469,0,0,4297,0,4297,G
1-PB2,1470,2,4263,0,0,4265,T
1-PB2,1471,4283,0,2,0,4285,A
1-PB2,1472,0,2,0,4302,4304,C
1-PB2,1473,3934,0,0,0,3934,A
1-PB2,1474,4,5,3933,1,3943,G
1-PB2,1475,3826,0,3,0,3829,A
1-PB2,1476,0,1,3847,0,3848,G
1-PB2,1477,3722,0,3,0,3725,A
1-PB2,1478,2,7,3611,0,3620,G
1-PB2,1479,3,2,3598,0,3603,G
1-PB2,1480,1,0,3604,0,3605,G
1-PB2,1481,1,3559,0,1,3561,T
1-PB2,1482,2,4,3548,0,3554,G
1-PB2,1483,1,0,3563,0,3564,G
1-PB2,1484,0,3527,0,3,3530,T
1-PB2,1485,1,2,3588,0,3591,G
1-PB2,1486,1,1,3597,0,3599,G
1-PB2,1487,0,3489,1,1,3491,T
1-PB2,1488,0,3489,0,1,3490,T
1-PB2,1489,3441,0,1,1,3443,A
1-PB2,1490,0,0,3460,0,3460,G
1-PB2,1491,2,0,0,3440,3442,C
1-PB2,1492,3431,1,1,0,3433,A
1-PB2,1493,1,3423,1,3,3428,T
1-PB2,1494,1,3251,0,0,3252,T
1-PB2,1495,0,3,3255,1,3259,G
1-PB2,1496,3251,1,0,0,3252,A
1-PB2,1497,0,3251,0,0,3251,T
1-PB2,1498,5,0,0,3249,3254,C
1-PB2,1499,2,4,3211,0,3217,G
1-PB2,1500,0,1,3255,0,3256,G
1-PB2,1501,0,3244,0,3,3247,T
1-PB2,1502,1,3232,0,0,3233,T
1-PB2,1503,1,3242,0,1,3244,T
1-PB2,1504,0,3244,2,0,3246,T
1-PB2,1505,0,3244,0,1,3245,T
1-PB2,1506,1,5,3249,0,3255,G
1-PB2,1507,3239,0,3,0,3242,A
1-PB2,1508,0,4,3246,0,3250,G
1-PB2,1509,3137,0,2,0,3139,A
1-PB2,1510,0,2,3148,0,3150,G
1-PB2,1511,1,3147,0,0,3148,T
1-PB2,1512,3,3135,1,1,3140,T
1-PB2,1513,9,0,0,3140,3149,C
1-PB2,1514,0,2,3151,0,3153,G
1-PB2,1515,3150,0,4,0,3154,A
1-PB2,1516,2,9,3146,0,3157,G
1-PB2,1517,3142,0,3,0,3145,A
1-PB2,1518,1,0,0,3142,3143,C
1-PB2,1519,6,1,0,3120,3127,C
1-PB2,1520,3099,1,0,2,3102,A
1-PB2,1521,3119,0,2,0,3121,A
1-PB2,1522,1,1,0,3116,3118,C
1-PB2,1523,1,0,3128,1,3130,G
1-PB2,1524,0,3115,0,0,3115,T
1-PB2,1525,0,4,3110,0,3114,G
1-PB2,1526,1,1,3111,0,3113,G
1-PB2,1527,2,4,3121,0,3127,G
1-PB2,1528,3104,0,1,0,3105,A
1-PB2,1529,3108,1,2,0,3111,A
1-PB2,1530,1,3020,0,0,3021,T
1-PB2,1531,3,1,3095,0,3099,G
1-PB2,1532,1,3080,1,0,3082,T
1-PB2,1533,3079,0,2,0,3081,A
1-PB2,1534,1,3068,0,2,3071,T
1-PB2,1535,0,3028,0,0,3028,T
1-PB2,1536,3066,0,0,0,3066,A
1-PB2,1537,0,3050,1,0,3051,T
1-PB2,1538,0,3020,0,0,3020,T
1-PB2,1539,3011,0,0,0,3011,A
1-PB2,1540,0,2627,0,4,2631,T
1-PB2,1541,1,1,0,2715,2717,C
1-PB2,1542,0,2678,0,3,2681,T
1-PB2,1543,5,0,0,2692,2697,C
1-PB2,1544,2,0,0,2698,2700,C
1-PB2,1545,0,2619,0,3,2622,T
1-PB2,1546,0,4,2624,0,2628,G
1-PB2,1547,2622,0,0,0,2622,A
1-PB2,1548,0,2,2619,1,2622,G
1-PB2,1549,0,0,2616,0,2616,G
1-PB2,1550,2357,0,3,1,2361,A
1-PB2,1551,1,6,2362,0,2369,G
1-PB2,1552,5,1,2340,0,2346,G
1-PB2,1553,1,2275,0,1,2277,T
1-PB2,1554,5,0,0,2264,2269,C
1-PB2,1555,2245,0,2,0,2247,A
1-PB2,1556,0,0,2270,0,2270,G
1-PB2,1557,0,2256,0,5,2261,T
1-PB2,1558,0,3,2261,0,2264,G
1-PB2,1559,2261,0,1,0,2262,A
1-PB2,1560,2161,0,3,0,2164,A
1-PB2,1561,2165,0,5,2,2172,A
1-PB2,1562,1,0,0,2168,2169,C
1-PB2,1563,2139,0,1,0,2140,A
1-PB2,1564,2,0,0,2143,2145,C
1-PB2,1565,2046,0,5,0,2051,A
1-PB2,1566,2,6,2050,0,2058,G
1-PB2,1567,3,0,2045,0,2048,G
1-PB2,1568,1,0,2055,0,2056,G
1-PB2,1569,2058,0,0,0,2058,A
1-PB2,1570,2021,0,5,0,2026,A
1-PB2,1571,1,0,0,2043,2044,C
1-PB2,1572,0,1989,0,3,1992,T
1-PB2,1573,1,4,1989,0,1994,G
1-PB2,1574,1981,0,2,1,1984,A
1-PB2,1575,0,0,1984,0,1984,G
1-PB2,1576,1932,0,3,1,1936,A
1-PB2,1577,1,2,1822,0,1825,G
1-PB2,1578,1819,0,2,0,1821,A
1-PB2,1579,0,1,0,1815,1816,C
1-PB2,1580,0,1738,0,1,1739,T
1-PB2,1581,0,2,1746,0,1748,G
1-PB2,1582,1746,1,1,0,1748,A
1-PB2,1583,0,0,0,1752,1752,C
1-PB2,1584,1747,0,0,0,1747,A
1-PB2,1585,1747,0,0,0,1747,A
1-PB2,1586,1,1734,0,0,1735,T
1-PB2,1587,1736,0,0,0,1736,A
1-PB2,1588,1733,1,0,0,1734,A
1-PB2,1589,0,0,0,1747,1747,C
1-PB2,1590,0,1601,0,2,1603,T
1-PB2,1591,0,1581,0,0,1581,T
1-PB2,1592,1550,0,1,0,1551,A
1-PB2,1593,0,1552,0,0,1552,T
1-PB2,1594,0,1546,0,0,1546,T
1-PB2,1595,2,0,0,1540,1542,C
1-PB2,1596,1412,0,0,0,1412,A
1-PB2,1597,0,1413,0,0,1413,T
1-PB2,1598,1,0,0,1352,1353,C
1-PB2,1599,0,0,1350,0,1350,G
1-PB2,1600,0,1355,0,3,1358,T
1-PB2,1601,2,0,0,1333,1335,C
1-PB2,1602,0,1,1333,0,1334,G
1-PB2,1603,1332,0,1,0,1333,A
1-PB2,1604,0,1327,0,2,1329,T
1-PB2,1605,1,1,1323,0,1325,G
1-PB2,1606,1318,0,0,0,1318,A
1-PB2,1607,0,1320,0,0,1320,T
1-PB2,1608,2,0,1307,0,1309,G
1-PB2,1609,1,1250,1,0,1252,T
1-PB2,1610,4,1,1243,0,1248,G
1-PB2,1611,0,0,1250,0,1250,G
1-PB2,1612,0,4,1242,0,1246,G
1-PB2,1613,1204,2,1,0,1207,A
1-PB2,1614,0,1,1193,0,1194,G
1-PB2,1615,1085,0,0,0,1085,A
1-PB2,1616,0,1048,1,0,1049,T
1-PB2,1617,0,996,0,0,996,T
1-PB2,1618,990,0,0,0,990,A
1-PB2,1619,976,0,3,0,979,A
1-PB2,1620,0,0,0,965,965,C
1-PB2,1621,0,2,867,0,869,G
1-PB2,1622,0,0,870,0,870,G
1-PB2,1623,0,737,0,0,737,T
1-PB2,1624,0,0,0,725,725,C
1-PB2,1625,0,0,0,725,725,C
1-PB2,1626,0,669,0,0,669,T
1-PB2,1627,0,0,675,0,675,G
1-PB2,1628,678,0,0,0,678,A
1-PB2,1629,0,0,678,0,678,G
1-PB2,1630,0,676,0,0,676,T
1-PB2,1631,3,0,0,662,665,C
1-PB2,1632,3,2,661,0,666,G
1-PB2,1633,0,0,674,0,674,G
1-PB2,1634,0,676,0,0,676,T
1-PB2,1635,0,674,0,0,674,T
1-PB2,1636,0,671,0,0,671,T
1-PB2,1637,0,674,0,0,674,T
1-PB2,1638,0,2,687,0,689,G
1-PB2,1639,0,0,694,0,694,G
1-PB2,1640,0,692,0,2,694,T
1-PB2,1641,1,0,0,694,695,C
1-PB2,1642,677,0,0,0,677,A
1-PB2,1643,694,0,0,0,694,A
1-PB2,1644,0,702,0,0,702,T
1-PB2,1645,705,0,0,0,705,A
1-PB2,1646,1,1,0,718,720,C
1-PB2,1647,1,0,0,696,697,C
1-PB2,1648,0,693,0,1,694,T
1-PB2,1649,707,1,0,0,708,A
1-PB2,1650,0,708,0,0,708,T
1-PB2,1651,1,0,0,709,710,C
1-PB2,1652,683,0,4,0,687,A
1-PB2,1653,689,0,0,0,689,A
1-PB2,1654,0,681,0,0,681,T
1-PB2,1655,0,2,661,0,663,G
1-PB2,1656,0,1,662,1,664,G
1-PB2,1657,664,0,1,0,665,A
1-PB2,1658,0,652,0,1,653,T
1-PB2,1659,4,0,0,651,655,C
1-PB2,1660,657,0,0,0,657,A
1-PB2,1661,0,656,0,0,656,T
1-PB2,1662,0,0,0,656,656,C
1-PB2,1663,653,1,1,0,655,A
1-PB2,1664,0,1,655,0,656,G
1-PB2,1665,654,0,0,0,654,A
1-PB2,1666,651,0,5,0,656,A
1-PB2,1667,656,0,0,0,656,A
1-PB2,1668,1,657,0,0,658,T
1-PB2,1669,0,652,0,0,652,T
1-PB2,1670,0,5,644,0,649,G
1-PB2,1671,0,1,644,0,645,G
1-PB2,1672,0,1,643,0,644,G
1-PB2,1673,651,0,0,0,651,A
1-PB2,1674,650,0,0,0,650,A
1-PB2,1675,0,0,646,0,646,G
1-PB2,1676,1,0,0,647,648,C
1-PB2,1677,0,647,0,0,647,T
1-PB2,1678,0,0,651,0,651,G
1-PB2,1679,1,645,0,1,647,T
1-PB2,1680,0,0,0,649,649,C
1-PB2,1681,648,0,1,0,649,A
1-PB2,1682,652,0,1,0,653,A
1-PB2,1683,650,0,0,0,650,A
1-PB2,1684,654,0,0,0,654,A
1-PB2,1685,0,656,0,0,656,T
1-PB2,1686,0,655,0,0,655,T
1-PB2,1687,1,0,0,652,653,C
1-PB2,1688,651,0,0,0,651,A
1-PB2,1689,651,0,0,0,651,A
1-PB2,1690,0,651,0,0,651,T
1-PB2,1691,1,0,650,0,651,G
1-PB2,1692,0,0,654,0,654,G
1-PB2,1693,0,656,0,2,658,T
1-PB2,1694,2,1,0,654,657,C
1-PB2,1695,0,667,0,0,667,T
1-PB2,1696,5,0,0,662,667,C
1-PB2,1697,665,0,1,0,666,A
1-PB2,1698,0,0,673,0,673,G
1-PB2,1699,668,0,1,0,669,A
1-PB2,1700,672,0,0,0,672,A
1-PB2,1701,0,659,0,0,659,T
1-PB2,1702,1,0,0,646,647,C
1-PB2,1703,0,1,0,656,657,C
1-PB2,1704,0,660,0,0,660,T
1-PB2,1705,0,0,657,0,657,G
1-PB2,1706,0,0,0,660,660,C
1-PB2,1707,656,0,0,0,656,A
1-PB2,1708,658,0,0,0,658,A
1-PB2,1709,0,653,0,0,653,T
1-PB2,1710,0,0,669,0,669,G
1-PB2,1711,1,667,0,2,670,T
1-PB2,1712,0,653,0,0,653,T
1-PB2,1713,0,0,665,0,665,G
1-PB2,1714,0,665,0,0,665,T
1-PB2,1715,664,0,0,1,665,A
1-PB2,1716,1,0,0,661,662,C
1-PB2,1717,649,0,0,0,649,A
1-PB2,1718,653,0,1,0,654,A
1-PB2,1719,1,0,0,644,645,C
1-PB2,1720,632,0,1,0,633,A
1-PB2,1721,632,0,0,1,633,A
1-PB2,1722,618,0,0,0,618,A
1-PB2,1723,615,0,2,0,617,A
1-PB2,1724,0,619,0,0,619,T
1-PB2,1725,0,1,619,0,620,G
1-PB2,1726,0,1,623,0,624,G
1-PB2,1727,619,0,2,0,621,A
1-PB2,1728,621,0,1,0,622,A
1-PB2,1729,0,621,2,0,623,T
1-PB2,1730,0,617,0,0,617,T
1-PB2,1731,0,619,0,0,619,T
1-PB2,1732,0,1,619,0,620,G
1-PB2,1733,619,0,0,0,619,A
1-PB2,1734,615,0,3,0,618,A
1-PB2,1735,0,0,0,621,621,C
1-PB2,1736,0,0,0,613,613,C
1-PB2,1737,616,0,1,0,617,A
1-PB2,1738,0,627,0,1,628,T
1-PB2,1739,0,626,0,0,626,T
1-PB2,1740,0,628,0,0,628,T
1-PB2,1741,0,0,1,625,626,C
1-PB2,1742,627,0,1,0,628,A
1-PB2,1743,627,0,0,0,627,A
1-PB2,1744,0,625,0,1,626,T
1-PB2,1745,0,0,0,632,632,C
1-PB2,1746,0,617,0,2,619,T
1-PB2,1747,0,623,0,0,623,T
1-PB2,1748,0,627,0,0,627,T
1-PB2,1749,626,1,1,0,628,A
1-PB2,1750,1,0,628,0,629,G
1-PB2,1751,0,628,0,0,628,T
1-PB2,1752,1,0,0,636,637,C
1-PB2,1753,0,0,0,632,632,C
1-PB2,1754,0,0,0,632,632,C
1-PB2,1755,0,0,0,636,636,C
1-PB2,1756,632,0,0,1,633,A
1-PB2,1757,633,0,0,0,633,A
1-PB2,1758,0,0,649,0,649,G
1-PB2,1759,0,0,644,0,644,G
1-PB2,1760,1,0,0,645,646,C
1-PB2,1761,3,1,0,635,639,C
1-PB2,1762,637,1,2,0,640,A
1-PB2,1763,0,649,0,0,649,T
1-PB2,1764,0,648,0,1,649,T
1-PB2,1765,653,0,0,0,653,A
1-PB2,1766,1,0,653,0,654,G
1-PB2,1767,641,1,0,0,642,A
1-PB2,1768,656,0,1,0,657,A
1-PB2,1769,0,0,668,0,668,G
1-PB2,1770,0,0,0,664,664,C
1-PB2,1771,1,0,0,658,659,C
1-PB2,1772,658,0,0,0,658,A
1-PB2,1773,664,0,0,0,664,A
1-PB2,1774,0,667,0,0,667,T
1-PB2,1775,671,1,0,0,672,A
1-PB2,1776,0,0,0,672,672,C
1-PB2,1777,618,0,1,0,619,A
1-PB2,1778,0,0,620,0,620,G
1-PB2,1779,0,605,0,2,607,T
1-PB2,1780,0,1,611,0,612,G
1-PB2,1781,0,0,606,0,606,G
1-PB2,1782,0,1,610,0,611,G
1-PB2,1783,0,601,0,1,602,T
1-PB2,1784,0,600,0,0,600,T
1-PB2,1785,0,605,0,0,605,T
1-PB2,1786,0,0,608,0,608,G
1-PB2,1787,0,606,0,0,606,T
1-PB2,1788,3,0,0,601,604,C
1-PB2,1789,598,0,1,0,599,A
1-PB2,1790,0,2,599,0,601,G
1-PB2,1791,598,0,0,0,598,A
1-PB2,1792,598,0,0,0,598,A
1-PB2,1793,0,0,0,598,598,C
1-PB2,1794,0,584,0,0,584,T
1-PB2,1795,0,0,0,608,608,C
1-PB2,1796,0,607,0,0,607,T
1-PB2,1797,611,0,0,0,611,A
1-PB2,1798,0,611,0,0,611,T
1-PB2,1799,0,606,0,1,607,T
1-PB2,1800,2,0,0,604,606,C
1-PB2,1801,1,0,0,606,607,C
1-PB2,1802,603,0,1,0,604,A
1-PB2,1803,603,0,0,0,603,A
1-PB2,1804,0,1,0,604,605,C
1-PB2,1805,599,0,0,0,599,A
1-PB2,1806,596,0,0,0,596,A
1-PB2,1807,598,0,0,0,598,A
1-PB2,1808,0,601,0,0,601,T
1-PB2,1809,0,0,600,1,601,G
1-PB2,1810,596,0,1,0,597,A
1-PB2,1811,0,0,600,0,600,G
1-PB2,1812,600,0,0,0,600,A
1-PB2,1813,0,0,600,0,600,G
1-PB2,1814,597,0,0,0,597,A
1-PB2,1815,0,0,0,597,597,C
1-PB2,1816,0,0,605,0,605,G
1-PB2,1817,0,607,0,0,607,T
1-PB2,1818,615,0,0,0,615,A
1-PB2,1819,0,0,0,613,613,C
1-PB2,1820,0,606,0,0,606,T
1-PB2,1821,0,606,0,0,606,T
1-PB2,1822,0,1,598,0,599,G
1-PB2,1823,0,0,605,0,605,G
1-PB2,1824,0,2,609,0,611,G
1-PB2,1825,605,0,0,0,605,A
1-PB2,1826,0,1,0,604,605,C
1-PB2,1827,614,0,0,0,614,A
1-PB2,1828,0,612,0,1,613,T
1-PB2,1829,0,618,0,0,618,T
1-PB2,1830,0,621,0,0,621,T
1-PB2,1831,1,0,615,0,616,G
1-PB2,1832,616,0,0,0,616,A
1-PB2,1833,0,1,0,617,618,C
1-PB2,1834,613,0,1,0,614,A
1-PB2,1835,0,0,0,618,618,C
1-PB2,1836,2,0,0,604,606,C
1-PB2,1837,609,0,0,0,609,A
1-PB2,1838,1,0,0,608,609,C
1-PB2,1839,1,0,0,608,609,C
1-PB2,1840,0,0,0,613,613,C
1-PB2,1841,612,0,0,0,612,A
1-PB2,1842,0,1,627,0,628,G
1-PB2,1843,625,0,0,0,625,A
1-PB2,1844,0,643,0,0,643,T
1-PB2,1845,636,0,0,0,636,A
1-PB2,1846,631,0,0,0,631,A
1-PB2,1847,0,629,0,1,630,T
1-PB2,1848,625,0,0,0,625,A
1-PB2,1849,622,0,1,0,623,A
1-PB2,1850,617,0,0,0,617,A
1-PB2,1851,0,0,624,0,624,G
1-PB2,1852,0,0,0,629,629,C
1-PB2,1853,0,607,0,1,608,T
1-PB2,1854,0,612,0,1,613,T
1-PB2,1855,0,0,0,613,613,C
1-PB2,1856,0,610,0,0,610,T
1-PB2,1857,0,0,0,623,623,C
1-PB2,1858,0,0,0,624,624,C
1-PB2,1859,0,1,0,620,621,C
1-PB2,1860,1,1,0,605,607,C
1-PB2,1861,0,623,0,0,623,T
1-PB2,1862,0,621,1,1,623,T
1-PB2,1863,0,625,0,0,625,T
1-PB2,1864,0,0,626,0,626,G
1-PB2,1865,1,0,1,624,626,C
1-PB2,1866,618,0,0,0,618,A
1-PB2,1867,0,0,619,0,619,G
1-PB2,1868,1,0,0,616,617,C
1-PB2,1869,0,614,0,0,614,T
1-PB2,1870,0,0,616,0,616,G
1-PB2,1871,0,0,0,614,614,C
1-PB2,1872,0,609,0,2,611,T
1-PB2,1873,2,0,0,613,615,C
1-PB2,1874,0,0,0,621,621,C
1-PB2,1875,620,0,1,0,621,A
1-PB2,1876,0,0,0,621,621,C
1-PB2,1877,0,0,0,619,619,C
1-PB2,1878,614,0,0,0,614,A
1-PB2,1879,617,0,1,0,618,A
1-PB2,1880,615,1,0,0,616,A
1-PB2,1881,0,0,616,0,616,G
1-PB2,1882,0,0,0,619,619,C
1-PB2,1883,611,0,0,0,611,A
1-PB2,1884,609,0,0,0,609,A
1-PB2,1885,606,0,1,0,607,A
1-PB2,1886,1,0,616,0,617,G
1-PB2,1887,0,1,0,615,616,C
1-PB2,1888,608,0,1,1,610,A
1-PB2,1889,0,1,611,0,612,G
1-PB2,1890,610,0,0,0,610,A
1-PB2,1891,618,0,0,0,618,A
1-PB2,1892,0,618,0,0,618,T
1-PB2,1893,1,0,614,0,615,G
1-PB2,1894,0,0,0,613,613,C
1-PB2,1895,603,0,0,0,603,A
1-PB2,1896,0,0,609,0,609,G
1-PB2,1897,1,608,0,1,610,T
1-PB2,1898,0,628,0,0,628,T
1-PB2,1899,1,0,0,630,631,C
1-PB2,1900,0,631,0,0,631,T
1-PB2,1901,2,0,1,640,643,C
1-PB2,1902,1,640,0,1,642,T
1-PB2,1903,0,638,0,4,642,T
1-PB2,1904,1,0,0,647,648,C
1-PB2,1905,637,0,0,1,638,A
1-PB2,1906,1,0,0,637,638,C
1-PB2,1907,3,616,0,0,619,T
1-PB2,1908,0,3,621,0,624,G
1-PB2,1909,618,0,1,0,619,A
1-PB2,1910,0,0,0,629,629,C
1-PB2,1911,0,622,0,0,622,T
1-PB2,1912,0,1,624,0,625,G
1-PB2,1913,0,619,0,1,620,T
1-PB2,1914,0,1,622,0,623,G
1-PB2,1915,620,0,0,0,620,A
1-PB2,1916,632,0,1,0,633,A
1-PB2,1917,0,618,0,0,618,T
1-PB2,1918,0,0,619,0,619,G
1-PB2,1919,0,609,0,0,609,T
1-PB2,1920,592,0,0,0,592,A
1-PB2,1921,596,0,1,0,597,A
1-PB2,1922,0,1,600,0,601,G
1-PB2,1923,0,0,604,0,604,G
1-PB2,1924,0,1,603,0,604,G
1-PB2,1925,0,0,603,0,603,G
1-PB2,1926,600,0,1,0,601,A
1-PB2,1927,0,599,0,0,599,T
1-PB2,1928,0,0,0,598,598,C
1-PB2,1929,596,0,0,0,596,A
1-PB2,1930,0,1,600,0,601,G
1-PB2,1931,1,0,602,0,603,G
1-PB2,1932,0,0,598,0,598,G
1-PB2,1933,600,0,0,0,600,A
1-PB2,1934,0,589,0,0,589,T
1-PB2,1935,1,1,585,0,587,G
1-PB2,1936,585,1,1,0,587,A
1-PB2,1937,0,1,599,0,600,G
1-PB2,1938,601,0,0,0,601,A
1-PB2,1939,587,0,0,0,587,A
1-PB2,1940,0,592,0,0,592,T
1-PB2,1941,593,0,0,0,593,A
1-PB2,1942,0,0,0,598,598,C
1-PB2,1943,0,597,0,0,597,T
1-PB2,1944,0,597,0,0,597,T
1-PB2,1945,0,0,597,0,597,G
1-PB2,1946,1,581,0,0,582,T
1-PB2,1947,583,0,1,0,584,A
1-PB2,1948,579,0,0,0,579,A
1-PB2,1949,0,0,572,0,572,G
1-PB2,1950,0,2,572,0,574,G
1-PB2,1951,0,1,566,0,567,G
1-PB2,1952,0,0,566,0,566,G
1-PB2,1953,0,0,0,573,573,C
1-PB2,1954,569,1,0,0,570,A
1-PB2,1955,579,0,0,0,579,A
1-PB2,1956,0,579,0,0,579,T
1-PB2,1957,0,579,0,0,579,T
1-PB2,1958,1,0,0,588,589,C
1-PB2,1959,0,584,0,1,585,T
1-PB2,1960,1,0,0,585,586,C
1-PB2,1961,2,0,0,588,590,C
1-PB2,1962,1,584,0,1,586,T
1-PB2,1963,1,0,604,0,605,G
1-PB2,1964,0,591,0,0,591,T
1-PB2,1965,593,0,0,0,593,A
1-PB2,1966,0,592,0,0,592,T
1-PB2,1967,0,579,0,1,580,T
1-PB2,1968,1,0,0,582,583,C
1-PB2,1969,579,0,0,0,579,A
1-PB2,1970,587,0,1,0,588,A
1-PB2,1971,0,0,0,588,588,C
1-PB2,1972,0,575,0,0,575,T
1-PB2,1973,576,0,0,0,576,A
1-PB2,1974,0,0,0,588,588,C
1-PB2,1975,589,0,0,0,589,A
1-PB2,1976,588,0,1,0,589,A
1-PB2,1977,0,0,0,585,585,C
1-PB2,1978,585,0,0,0,585,A
1-PB2,1979,580,0,0,1,581,A
1-PB2,1980,0,4,574,0,578,G
1-PB2,1981,580,0,0,0,580,A
1-PB2,1982,0,0,0,585,585,C
1-PB2,1983,1,0,0,560,561,C
1-PB2,1984,566,0,0,0,566,A
1-PB2,1985,0,0,2,585,587,C
1-PB2,1986,0,583,0,1,584,T
1-PB2,1987,583,0,0,0,583,A
1-PB2,1988,584,0,0,0,584,A
1-PB2,1989,584,0,0,0,584,A
1-PB2,1990,582,0,0,0,582,A
1-PB2,1991,0,0,588,0,588,G
1-PB2,1992,579,1,0,0,580,A
1-PB2,1993,0,0,0,581,581,C
1-PB2,1994,0,565,0,0,565,T
1-PB2,1995,568,0,0,0,568,A
1-PB2,1996,565,0,2,0,567,A
1-PB2,1997,0,0,0,567,567,C
1-PB2,1998,569,0,0,0,569,A
1-PB2,1999,569,0,0,0,569,A
1-PB2,2000,0,560,0,0,560,T
1-PB2,2001,0,554,0,0,554,T
1-PB2,2002,2,0,0,555,557,C
1-PB2,2003,0,554,0,0,554,T
1-PB2,2004,0,0,0,557,557,C
1-PB2,2005,0,1,556,0,557,G
1-PB2,2006,0,2,555,0,557,G
1-PB2,2007,556,0,0,0,556,A
1-PB2,2008,553,0,0,0,553,A
1-PB2,2009,552,0,0,0,552,A
1-PB2,2010,549,0,1,0,550,A
1-PB2,2011,0,0,551,1,552,G
1-PB2,2012,553,0,0,0,553,A
1-PB2,2013,0,550,0,1,551,T
1-PB2,2014,0,0,552,0,552,G
1-PB2,2015,0,0,0,547,547,C
1-PB2,2016,0,0,0,548,548,C
1-PB2,2017,1,1,546,0,548,G
1-PB2,2018,0,0,548,0,548,G
1-PB2,2019,0,0,0,548,548,C
1-PB2,2020,549,0,1,0,550,A
1-PB2,2021,0,0,0,558,558,C
1-PB2,2022,0,554,0,0,554,T
1-PB2,2023,0,552,0,0,552,T
1-PB2,2024,1,552,0,0,553,T
1-PB2,2025,551,0,0,0,551,A
1-PB2,2026,552,0,0,0,552,A
1-PB2,2027,0,554,0,0,554,T
1-PB2,2028,0,551,0,0,551,T
1-PB2,2029,0,1,551,0,552,G
1-PB2,2030,540,0,0,0,540,A
1-PB2,2031,541,0,0,0,541,A
1-PB2,2032,0,2,539,0,541,G
1-PB2,2033,546,0,0,0,546,A
1-PB2,2034,1,0,0,547,548,C
1-PB2,2035,1,0,0,544,545,C
1-PB2,2036,0,0,0,543,543,C
1-PB2,2037,547,0,0,0,547,A
1-PB2,2038,1,0,557,0,558,G
1-PB2,2039,558,0,0,0,558,A
1-PB2,2040,0,555,0,0,555,T
1-PB2,2041,0,1,555,0,556,G
1-PB2,2042,551,0,0,0,551,A
1-PB2,2043,548,0,1,0,549,A
1-PB2,2044,554,0,0,0,554,A
1-PB2,2045,0,1,550,0,551,G
1-PB2,2046,0,0,0,551,551,C
1-PB2,2047,543,1,1,0,545,A
1-PB2,2048,0,0,0,547,547,C
1-PB2,2049,543,0,0,0,543,A
1-PB2,2050,0,539,0,1,540,T
1-PB2,2051,0,0,0,552,552,C
1-PB2,2052,1,0,0,548,549,C
1-PB2,2053,1,0,551,0,552,G
1-PB2,2054,0,0,556,0,556,G
1-PB2,2055,552,0,0,0,552,A
1-PB2,2056,0,0,556,1,557,G
1-PB2,2057,0,548,0,0,548,T
1-PB2,2058,1,2,542,0,545,G
1-PB2,2059,0,3,544,0,547,G
1-PB2,2060,540,0,0,0,540,A
1-PB2,2061,1,0,538,0,539,G
1-PB2,2062,1,530,0,1,532,T
1-PB2,2063,2,0,0,529,531,C
1-PB2,2064,1,0,0,530,531,C
1-PB2,2065,0,0,532,0,532,G
1-PB2,2066,0,0,0,529,529,C
1-PB2,2067,0,0,0,529,529,C
1-PB2,2068,0,0,533,0,533,G
1-PB2,2069,0,532,0,0,532,T
1-PB2,2070,0,0,0,535,535,C
1-PB2,2071,0,531,0,1,532,T
1-PB2,2072,0,532,0,0,532,T
1-PB2,2073,0,1,530,1,532,G
1-PB2,2074,520,0,2,0,522,A
1-PB2,2075,0,0,527,0,527,G
1-PB2,2076,521,0,1,0,522,A
1-PB2,2077,0,1,505,0,506,G
1-PB2,2078,0,1,506,0,507,G
1-PB2,2079,0,0,504,0,504,G
1-PB2,2080,0,499,0,2,501,T
1-PB2,2081,0,500,0,0,500,T
1-PB2,2082,0,506,0,0,506,T
1-PB2,2083,0,0,0,507,507,C
1-PB2,2084,1,507,0,0,508,T
1-PB2,2085,1,0,0,519,520,C
1-PB2,2086,518,0,1,0,519,A
1-PB2,2087,0,510,0,1,511,T
1-PB2,2088,0,505,0,0,505,T
1-PB2,2089,509,0,0,0,509,A
1-PB2,2090,0,510,0,0,510,T
1-PB2,2091,501,0,0,1,502,A
1-PB2,2092,0,1,503,0,504,G
1-PB2,2093,0,0,508,0,508,G
1-PB2,2094,0,479,0,0,479,T
1-PB2,2095,477,0,1,0,478,A
1-PB2,2096,472,0,0,0,472,A
1-PB2,2097,0,1,475,0,476,G
1-PB2,2098,0,1,475,0,476,G
1-PB2,2099,473,0,0,0,473,A
1-PB2,2100,465,0,0,0,465,A
1-PB2,2101,0,0,464,0,464,G
1-PB2,2102,454,0,1,0,455,A
1-PB2,2103,0,0,0,457,457,C
1-PB2,2104,457,0,0,0,457,A
1-PB2,2105,0,0,457,0,457,G
1-PB2,2106,452,0,0,0,452,A
1-PB2,2107,445,0,0,0,445,A
1-PB2,2108,0,0,443,0,443,G
1-PB2,2109,0,0,434,0,434,G
1-PB2,2110,0,440,0,0,440,T
1-PB2,2111,442,0,0,0,442,A
1-PB2,2112,1,0,0,441,442,C
1-PB2,2113,1,1,436,0,438,G
1-PB2,2114,0,0,440,0,440,G
1-PB2,2115,439,0,0,0,439,A
1-PB2,2116,1,0,0,434,435,C
1-PB2,2117,1,1,0,429,431,C
1-PB2,2118,411,0,0,1,412,A
1-PB2,2119,0,0,421,0,421,G
1-PB2,2120,0,0,0,420,420,C
1-PB2,2121,422,0,0,0,422,A
1-PB2,2122,0,421,0,0,421,T
1-PB2,2123,0,399,0,0,399,T
1-PB2,2124,400,0,0,0,400,A
1-PB2,2125,396,1,0,0,397,A
1-PB2,2126,1,0,402,0,403,G
1-PB2,2127,0,0,0,399,399,C
1-PB2,2128,381,0,0,0,381,A
1-PB2,2129,0,389,0,0,389,T
1-PB2,2130,0,0,0,387,387,C
1-PB2,2131,387,0,0,0,387,A
1-PB2,2132,386,0,0,0,386,A
1-PB2,2133,0,383,0,0,383,T
1-PB2,2134,0,2,382,0,384,G
1-PB2,2135,385,0,0,0,385,A
1-PB2,2136,384,0,0,0,384,A
1-PB2,2137,0,0,0,390,390,C
1-PB2,2138,0,363,1,0,364,T
1-PB2,2139,0,0,371,0,371,G
1-PB2,2140,370,0,0,0,370,A
1-PB2,2141,0,0,370,0,370,G
1-PB2,2142,0,369,0,0,369,T
1-PB2,2143,365,0,0,0,365,A
1-PB2,2144,370,0,0,0,370,A
1-PB2,2145,1,0,0,372,373,C
1-PB2,2146,0,0,0,360,360,C
1-PB2,2147,0,352,1,0,353,T
1-PB2,2148,0,340,0,0,340,T
1-PB2,2149,0,1,340,0,341,G
1-PB2,2150,0,0,0,340,340,C
1-PB2,2151,339,0,0,0,339,A
1-PB2,2152,339,0,0,0,339,A
1-PB2,2153,337,1,0,0,338,A
1-PB2,2154,329,0,0,0,329,A
1-PB2,2155,0,0,330,0,330,G
1-PB2,2156,0,0,331,0,331,G
1-PB2,2157,0,0,331,0,331,G
1-PB2,2158,0,0,332,0,332,G
1-PB2,2159,329,0,1,0,330,A
1-PB2,2160,330,0,0,0,330,A
1-PB2,2161,333,0,0,0,333,A
1-PB2,2162,333,0,0,0,333,A
1-PB2,2163,0,2,330,0,332,G
1-PB2,2164,0,0,330,0,330,G
1-PB2,2165,0,0,0,327,327,C
1-PB2,2166,0,323,0,0,323,T
1-PB2,2167,323,0,0,0,323,A
1-PB2,2168,323,0,0,0,323,A
1-PB2,2169,0,319,0,0,319,T
1-PB2,2170,0,0,327,0,327,G
1-PB2,2171,0,309,0,0,309,T
1-PB2,2172,0,0,308,0,308,G
1-PB2,2173,0,0,0,307,307,C
1-PB2,2174,1,305,0,0,306,T
1-PB2,2175,306,0,0,0,306,A
1-PB2,2176,306,0,0,0,306,A
1-PB2,2177,1,305,0,0,306,T
1-PB2,2178,0,0,0,301,301,C
1-PB2,2179,0,0,290,0,290,G
1-PB2,2180,0,1,291,0,292,G
1-PB2,2181,0,0,291,0,291,G
1-PB2,2182,0,0,0,290,290,C
1-PB2,2183,291,0,0,0,291,A
1-PB2,2184,285,1,0,0,286,A
1-PB2,2185,0,0,287,0,287,G
1-PB2,2186,0,0,289,0,289,G
1-PB2,2187,286,0,1,0,287,A
1-PB2,2188,0,1,287,0,288,G
1-PB2,2189,283,0,1,0,284,A
1-PB2,2190,0,0,0,286,286,C
1-PB2,2191,0,0,286,0,286,G
1-PB2,2192,0,287,0,0,287,T
1-PB2,2193,0,1,285,0,286,G
1-PB2,2194,0,0,287,0,287,G
1-PB2,2195,0,278,0,2,280,T
1-PB2,2196,0,0,278,0,278,G
1-PB2,2197,0,271,0,0,271,T
1-PB2,2198,0,272,0,0,272,T
1-PB2,2199,0,0,272,0,272,G
1-PB2,2200,2,0,269,0,271,G
1-PB2,2201,0,271,0,0,271,T
1-PB2,2202,266,0,0,0,266,A
1-PB2,2203,260,0,0,0,260,A
1-PB2,2204,0,258,0,0,258,T
1-PB2,2205,0,1,254,0,255,G
1-PB2,2206,252,0,1,0,253,A
1-PB2,2207,249,0,0,0,249,A
1-PB2,2208,248,0,0,0,248,A
1-PB2,2209,0,0,0,245,245,C
1-PB2,2210,0,1,245,0,246,G
1-PB2,2211,246,0,0,0,246,A
1-PB2,2212,245,0,0,0,245,A
1-PB2,2213,246,0,0,0,246,A
1-PB2,2214,246,0,0,0,246,A
1-PB2,2215,0,1,0,243,244,C
1-PB2,2216,0,1,244,0,245,G
1-PB2,2217,0,0,241,0,241,G
1-PB2,2218,0,0,243,0,243,G
1-PB2,2219,242,0,0,0,242,A
1-PB2,2220,0,0,0,242,242,C
1-PB2,2221,0,241,0,1,242,T
1-PB2,2222,1,0,0,246,247,C
1-PB2,2223,0,247,0,0,247,T
1-PB2,2224,248,0,0,0,248,A
1-PB2,2225,0,0,248,0,248,G
1-PB2,2226,0,0,0,246,246,C
1-PB2,2227,246,0,0,0,246,A
1-PB2,2228,0,239,0,0,239,T
1-PB2,2229,231,0,0,0,231,A
1-PB2,2230,0,0,0,232,232,C
1-PB2,2231,0,205,0,0,205,T
1-PB2,2232,0,204,0,0,204,T
1-PB2,2233,200,0,0,0,200,A
1-PB2,2234,0,0,0,199,199,C
1-PB2,2235,0,195,0,0,195,T
1-PB2,2236,0,0,196,0,196,G
1-PB2,2237,189,0,0,0,189,A
1-PB2,2238,0,0,0,188,188,C
1-PB2,2239,180,0,0,0,180,A
1-PB2,2240,0,0,182,0,182,G
1-PB2,2241,0,0,0,179,179,C
1-PB2,2242,0,0,0,180,180,C
1-PB2,2243,177,0,0,0,177,A
1-PB2,2244,0,0,177,0,177,G
1-PB2,2245,176,0,0,0,176,A
1-PB2,2246,0,0,0,175,175,C
1-PB2,2247,167,0,0,0,167,A
1-PB2,2248,0,0,167,0,167,G
1-PB2,2249,0,0,0,155,155,C
1-PB2,2250,0,0,154,0,154,G
1-PB2,2251,155,0,0,0,155,A
1-PB2,2252,0,0,0,155,155,C
1-PB2,2253,1,0,0,154,155,C
1-PB2,2254,154,0,0,0,154,A
1-PB2,2255,153,0,0,0,153,A
1-PB2,2256,153,0,0,0,153,A
1-PB2,2257,154,0,0,0,154,A
1-PB2,2258,0,0,154,0,154,G
1-PB2,2259,149,0,0,0,149,A
1-PB2,2260,148,0,0,0,148,A
1-PB2,2261,0,147,0,0,147,T
1-PB2,2262,0,147,0,0,147,T
1-PB2,2263,0,0,0,147,147,C
1-PB2,2264,0,0,145,0,145,G
1-PB2,2265,0,0,144,0,144,G
1-PB2,2266,144,0,0,0,144,A
1-PB2,2267,0,137,0,0,137,T
1-PB2,2268,0,0,138,0,138,G
1-PB2,2269,0,0,133,0,133,G
1-PB2,2270,0,0,0,135,135,C
1-PB2,2271,0,0,1,134,135,C
1-PB2,2272,134,0,0,0,134,A
1-PB2,2273,0,133,0,0,133,T
1-PB2,2274,0,0,0,134,134,C
1-PB2,2275,134,0,0,0,134,A
1-PB2,2276,134,0,0,0,134,A
1-PB2,2277,0,132,0,0,132,T
1-PB2,2278,0,124,0,0,124,T
1-PB2,2279,120,0,0,0,120,A
1-PB2,2280,118,0,0,0,118,A
2-PB1,1,161,0,0,0,161,A
2-PB1,2,0,162,0,0,162,T
2-PB1,3,0,0,165,0,165,G
2-PB1,4,0,0,178,0,178,G
2-PB1,5,202,0,0,0,202,A
2-PB1,6,0,214,0,0,214,T
2-PB1,7,0,0,216,0,216,G
2-PB1,8,0,216,0,0,216,T
2-PB1,9,1,0,0,228,229,C
2-PB1,10,228,0,0,0,228,A
2-PB1,11,240,0,0,0,240,A
2-PB1,12,0,241,0,0,241,T
2-PB1,13,1,0,0,243,244,C
2-PB1,14,0,1,0,269,270,C
2-PB1,15,0,4,267,0,271,G
2-PB1,16,302,0,0,0,302,A
2-PB1,17,0,0,0,307,307,C
2-PB1,18,0,306,0,1,307,T
2-PB1,19,0,0,0,337,337,C
2-PB1,20,0,338,0,0,338,T
2-PB1,21,343,0,0,0,343,A
2-PB1,22,0,0,0,344,344,C
2-PB1,23,0,345,0,0,345,T
2-PB1,24,0,1,387,0,388,G
2-PB1,25,0,394,0,0,394,T
2-PB1,26,0,392,0,1,393,T
2-PB1,27,0,0,0,393,393,C
2-PB1,28,0,0,0,393,393,C
2-PB1,29,0,454,0,0,454,T
2-PB1,30,456,0,0,0,456,A
2-PB1,31,455,0,0,0,455,A
2-PB1,32,460,0,0,0,460,A
2-PB1,33,0,0,460,0,460,G
2-PB1,34,0,0,464,0,464,G
2-PB1,35,0,469,0,0,469,T
2-PB1,36,0,468,0,0,468,T
2-PB1,37,0,0,0,471,471,C
2-PB1,38,0,0,0,470,470,C
2-PB1,39,470,0,1,0,471,A
2-PB1,40,0,0,476,0,476,G
2-PB1,41,1,0,0,476,477,C
2-PB1,42,0,0,480,0,480,G
2-PB1,43,0,0,0,478,478,C
2-PB1,44,480,0,0,0,480,A
2-PB1,45,480,0,0,0,480,A
2-PB1,46,482,0,0,0,482,A
2-PB1,47,485,0,0,0,485,A
2-PB1,48,0,489,0,1,490,T
2-PB1,49,0,0,507,0,507,G
2-PB1,50,0,1,0,508,509,C
2-PB1,51,0,0,0,511,511,C
2-PB1,52,510,0,0,0,510,A
2-PB1,53,0,511,0,0,511,T
2-PB1,54,542,0,0,0,542,A
2-PB1,55,541,0,1,0,542,A
2-PB1,56,0,0,559,0,559,G
2-PB1,57,0,0,0,559,559,C
2-PB1,58,558,0,1,0,559,A
2-PB1,59,0,1,0,582,583,C
2-PB1,60,581,0,0,0,581,A
2-PB1,61,612,0,1,0,613,A
2-PB1,62,0,0,0,614,614,C
2-PB1,63,618,0,0,0,618,A
2-PB1,64,0,625,0,0,625,T
2-PB1,65,1,620,0,1,622,T
2-PB1,66,1,0,0,783,784,C
2-PB1,67,0,0,0,788,788,C
2-PB1,68,0,0,0,796,796,C
2-PB1,69,0,799,0,1,800,T
2-PB1,70,0,799,0,0,799,T
2-PB1,71,872,0,0,0,872,A
2-PB1,72,0,879,0,0,879,T
2-PB1,73,882,0,0,0,882,A
2-PB1,74,0,0,0,890,890,C
2-PB1,75,0,871,0,0,871,T
2-PB1,76,0,1,876,0,877,G
2-PB1,77,0,2,879,0,881,G
2-PB1,78,877,0,1,0,878,A
2-PB1,79,0,2,879,0,881,G
2-PB1,80,884,0,0,0,884,A
2-PB1,81,0,887,0,0,887,T
2-PB1,82,1,1,0,937,939,C
2-PB1,83,3,0,0,939,942,C
2-PB1,84,0,942,0,2,944,T
2-PB1,85,1,1,0,1008,1010,C
2-PB1,86,2,0,0,1013,1015,C
2-PB1,87,1021,0,1,0,1022,A
2-PB1,88,1,1023,0,0,1024,T
2-PB1,89,1019,0,3,0,1022,A
2-PB1,90,0,0,0,1027,1027,C
2-PB1,91,1021,0,0,0,1021,A
2-PB1,92,1,0,1062,0,1063,G
2-PB1,93,0,0,0,1073,1073,C
2-PB1,94,2,0,0,1069,1071,C
2-PB1,95,1069,1,1,0,1071,A
2-PB1,96,0,1072,0,0,1072,T
2-PB1,97,0,3,1065,0,1068,G
2-PB1,98,0,3,1116,0,1119,G
2-PB1,99,1133,0,0,0,1133,A
2-PB1,100,1131,0,3,0,1134,A
2-PB1,101,0,0,0,1138,1138,C
2-PB1,102,1129,1,2,0,1132,A
2-PB1,103,0,2,1175,0,1177,G
2-PB1,104,1,2,1193,0,1196,G
2-PB1,105,1195,0,0,0,1195,A
2-PB1,106,1206,0,0,0,1206,A
2-PB1,107,0,1,0,1205,1206,C
2-PB1,108,1198,0,0,0,1198,A
2-PB1,109,0,4,1317,0,1321,G
2-PB1,110,0,3,1315,0,1318,G
2-PB1,111,0,0,1341,0,1341,G
2-PB1,112,0,1341,0,0,1341,T
2-PB1,113,1338,0,3,0,1341,A
2-PB1,114,1,4,0,1353,1358,C
2-PB1,115,1409,1,0,0,1410,A
2-PB1,116,0,0,0,1463,1463,C
2-PB1,117,2,0,0,1451,1453,C
2-PB1,118,1423,0,2,0,1425,A
2-PB1,119,0,1426,0,0,1426,T
2-PB1,120,1,3,1432,0,1436,G
2-PB1,121,0,2,1440,0,1442,G
2-PB1,122,1442,1,1,0,1444,A
2-PB1,123,1,0,0,1446,1447,C
2-PB1,124,1413,0,2,0,1415,A
2-PB1,125,0,0,0,1437,1437,C
2-PB1,126,1448,0,0,0,1448,A
2-PB1,127,0,0,1472,0,1472,G
2-PB1,128,0,1471,0,0,1471,T
2-PB1,129,3,0,0,1506,1509,C
2-PB1,130,1507,0,1,0,1508,A
2-PB1,131,1521,0,1,0,1522,A
2-PB1,132,0,0,0,1526,1526,C
2-PB1,133,1520,0,0,0,1520,A
2-PB1,134,0,2,1527,1,1530,G
2-PB1,135,1523,0,0,0,1523,A
2-PB1,136,1523,0,1,0,1524,A
2-PB1,137,1,0,0,1522,1523,C
2-PB1,138,1504,0,0,0,1504,A
2-PB1,139,1,0,0,1504,1505,C
2-PB1,140,1499,0,1,0,1500,A
2-PB1,141,0,1486,0,1,1487,T
2-PB1,142,1,0,0,1584,1585,C
2-PB1,143,1589,0,0,0,1589,A
2-PB1,144,1603,0,1,1,1605,A
2-PB1,145,1,1628,0,1,1630,T
2-PB1,146,1674,0,1,0,1675,A
2-PB1,147,0,1678,0,0,1678,T
2-PB1,148,0,1656,0,2,1658,T
2-PB1,149,1,0,0,1660,1661,C
2-PB1,150,1633,1,1,0,1635,A
2-PB1,151,0,2,1636,0,1638,G
2-PB1,152,1626,0,1,0,1627,A
2-PB1,153,0,2,1630,0,1632,G
2-PB1,154,1604,0,3,0,1607,A
2-PB1,155,2,3,1571,0,1576,G
2-PB1,156,0,4,1566,0,1570,G
2-PB1,157,1,2,1614,0,1617,G
2-PB1,158,0,3,1611,1,1615,G
2-PB1,159,0,3,1623,0,1626,G
2-PB1,160,1626,0,0,0,1626,A
2-PB1,161,1624,0,5,0,1629,A
2-PB1,162,0,0,1646,0,1646,G
2-PB1,163,0,1638,0,2,1640,T
2-PB1,164,0,3,1637,0,1640,G
2-PB1,165,0,6,1629,0,1635,G
2-PB1,166,1632,1,1,0,1634,A
2-PB1,167,1,1,0,1634,1636,C
2-PB1,168,0,4,1631,0,1635,G
2-PB1,169,1646,0,3,0,1649,A
2-PB1,170,0,1,0,1661,1662,C
2-PB1,171,1661,0,0,0,1661,A
2-PB1,172,1662,0,0,1,1663,A
2-PB1,173,1671,0,0,0,1671,A
2-PB1,174,0,1697,0,1,1698,T
2-PB1,175,1699,1,1,0,1701,A
2-PB1,176,0,0,0,1703,1703,C
2-PB1,177,1694,0,1,0,1695,A
2-PB1,178,0,0,1694,0,1694,G
2-PB1,179,1692,0,0,0,1692,A
2-PB1,180,1705,2,0,0,1707,A
2-PB1,181,1711,0,0,0,1711,A
2-PB1,182,0,2,0,1710,1712,C
2-PB1,183,0,1696,0,0,1696,T
2-PB1,184,0,4,1689,0,1693,G
2-PB1,185,0,5,1685,0,1690,G
2-PB1,186,1,0,1677,0,1678,G
2-PB1,187,0,0,1689,0,1689,G
2-PB1,188,0,0,0,1688,1688,C
2-PB1,189,1692,0,0,0,1692,A
2-PB1,190,0,0,0,1764,1764,C
2-PB1,191,3,0,0,1756,1759,C
2-PB1,192,4,0,0,1760,1764,C
2-PB1,193,2,0,0,1770,1772,C
2-PB1,194,1773,0,0,0,1773,A
2-PB1,195,1791,0,0,0,1791,A
2-PB1,196,0,1,0,1788,1789,C
2-PB1,197,1,1783,0,1,1785,T
2-PB1,198,2,0,0,1786,1788,C
2-PB1,199,1733,0,1,0,1734,A
2-PB1,200,1764,0,1,0,1765,A
2-PB1,201,0,0,0,1760,1760,C
2-PB1,202,4,0,0,1756,1760,C
2-PB1,203,4,1,0,1753,1758,C
2-PB1,204,1758,0,0,0,1758,A
2-PB1,205,1763,0,0,0,1763,A
2-PB1,206,0,1773,0,0,1773,T
2-PB1,207,0,1765,0,1,1766,T
2-PB1,208,0,1,1766,1,1768,G
2-PB1,209,1743,0,1,0,1744,A
2-PB1,210,0,1743,0,0,1743,T
2-PB1,211,1,2,1738,0,1741,G
2-PB1,212,1,4,1747,0,1752,G
2-PB1,213,1764,0,3,0,1767,A
2-PB1,214,1,1,0,1773,1775,C
2-PB1,215,3,1,0,1769,1773,C
2-PB1,216,1776,1,1,0,1778,A
2-PB1,217,1,0,0,1813,1814,C
2-PB1,218,0,1808,0,0,1808,T
2-PB1,219,1839,1,1,0,1841,A
2-PB1,220,0,1,0,1852,1853,C
2-PB1,221,0,0,0,1841,1841,C
2-PB1,222,0,1799,0,1,1800,T
2-PB1,223,0,3,1815,0,1818,G
2-PB1,224,1810,0,0,0,1810,A
2-PB1,225,1,3,1816,1,1821,G
2-PB1,226,0,0,1811,1,1812,G
2-PB1,227,1821,0,1,0,1822,A
2-PB1,228,0,1803,0,0,1803,T
2-PB1,229,1786,0,0,0,1786,A
2-PB1,230,1781,0,2,0,1783,A
2-PB1,231,0,1784,0,0,1784,T
2-PB1,232,0,3,1782,0,1785,G
2-PB1,233,1787,0,1,0,1788,A
2-PB1,234,1779,0,1,0,1780,A
2-PB1,235,0,2,0,1771,1773,C
2-PB1,236,3,0,0,1755,1758,C
2-PB1,237,1752,0,1,0,1753,A
2-PB1,238,1757,0,2,0,1759,A
2-PB1,239,0,0,1779,0,1779,G
2-PB1,240,1,1768,0,8,1777,T
2-PB1,241,0,2,1771,0,1773,G
2-PB1,242,0,3,1808,0,1811,G
2-PB1,243,1800,1,0,0,1801,A
2-PB1,244,0,1801,0,0,1801,T
2-PB1,245,1804,0,0,0,1804,A
2-PB1,246,0,1837,0,1,1838,T
2-PB1,247,4,2,1834,0,1840,G
2-PB1,248,1,0,0,1840,1841,C
2-PB1,249,1839,1,2,0,1842,A
2-PB1,250,0,1,0,1891,1892,C
2-PB1,251,1871,0,0,0,1871,A
2-PB1,252,1915,0,0,0,1915,A
2-PB1,253,1912,1,0,0,1913,A
2-PB1,254,0,0,0,1921,1921,C
2-PB1,255,1868,0,1,0,1869,A
2-PB1,256,0,4,1884,0,1888,G
2-PB1,257,1884,0,1,0,1885,A
2-PB1,258,1,1,0,1889,1891,C
2-PB1,259,0,1844,0,1,1845,T
2-PB1,260,0,0,1886,0,1886,G
2-PB1,261,1,1856,0,1,1858,T
2-PB1,262,1,0,1945,1,1947,G
2-PB1,263,1,1941,0,0,1942,T
2-PB1,264,7,1,0,1945,1953,C
2-PB1,265,2,0,0,1936,1938,C
2-PB1,266,0,1918,0,3,1921,T
2-PB1,267,1,3,1913,0,1917,G
2-PB1,268,0,0,1911,1,1912,G
2-PB1,269,1898,0,1,0,1899,A
2-PB1,270,0,1,1915,0,1916,G
2-PB1,271,0,0,1874,0,1874,G
2-PB1,272,1,0,0,1879,1880,C
2-PB1,273,1,1872,0,5,1878,T
2-PB1,274,1880,0,1,0,1881,A
2-PB1,275,0,1876,0,0,1876,T
2-PB1,276,2,3,1874,0,1879,G
2-PB1,277,0,0,1876,0,1876,G
2-PB1,278,0,1,0,1863,1864,C
2-PB1,279,3,0,0,1840,1843,C
2-PB1,280,0,1817,0,3,1820,T
2-PB1,281,0,1944,0,0,1944,T
2-PB1,282,2,0,0,1951,1953,C
2-PB1,283,1,1,0,1950,1952,C
2-PB1,284,0,1951,1,2,1954,T
2-PB1,285,0,1951,0,1,1952,T
2-PB1,286,1,1,1956,1,1959,G
2-PB1,287,1951,0,0,0,1951,A
2-PB1,288,1960,1,0,0,1961,A
2-PB1,289,0,2,1963,0,1965,G
2-PB1,290,1895,0,1,1,1897,A
2-PB1,291,1902,1,0,0,1903,A
2-PB1,292,1,1898,5,1,1905,T
2-PB1,293,0,2,0,1901,1903,C
2-PB1,294,3,0,0,1902,1905,C
2-PB1,295,3,0,0,1909,1912,C
2-PB1,296,1909,0,3,0,1912,A
2-PB1,297,1,0,0,1921,1922,C
2-PB1,298,1,0,0,1920,1921,C
2-PB1,299,5,0,0,1920,1925,C
2-PB1,300,1905,0,1,0,1906,A
2-PB1,301,0,4,1916,0,1920,G
2-PB1,302,0,2,1927,1,1930,G
2-PB1,303,0,1923,0,2,1925,T
2-PB1,304,1943,0,0,0,1943,A
2-PB1,305,0,1932,0,2,1934,T
2-PB1,306,2,1,1,1925,1929,C
2-PB1,307,0,1922,0,4,1926,T
2-PB1,308,0,1927,0,2,1929,T
2-PB1,309,0,1922,0,1,1923,T
2-PB1,310,0,2,1914,0,1916,G
2-PB1,311,1906,0,2,0,1908,A
2-PB1,312,1,4,1899,1,1905,G
2-PB1,313,1892,0,0,0,1892,A
2-PB1,314,1905,0,1,0,1906,A
2-PB1,315,0,0,1,1919,1920,C
2-PB1,316,0,1896,1,0,1897,T
2-PB1,317,3,1,0,1902,1906,C
2-PB1,318,1905,1,1,0,1907,A
2-PB1,319,0,1908,0,0,1908,T
2-PB1,320,0,1,1914,0,1915,G
2-PB1,321,2,2,0,1935,1939,C
2-PB1,322,2,0,0,1937,1939,C
2-PB1,323,0,1937,0,0,1937,T
2-PB1,324,0,1921,0,3,1924,T
2-PB1,325,0,2,1932,1,1935,G
2-PB1,326,1947,0,1,0,1948,A
2-PB1,327,1945,0,3,0,1948,A
2-PB1,328,1946,0,2,0,1948,A
2-PB1,329,0,1,0,1959,1960,C
2-PB1,330,1916,1,0,0,1917,A
2-PB1,331,1934,0,0,0,1934,A
2-PB1,332,0,1929,0,0,1929,T
2-PB1,333,0,4,1921,0,1925,G
2-PB1,334,1,0,1922,0,1923,G
2-PB1,335,1903,1,1,0,1905,A
2-PB1,336,1895,0,4,0,1899,A
2-PB1,337,1,0,1900,0,1901,G
2-PB1,338,1,0,0,1895,1896,C
2-PB1,339,3,1,0,1877,1881,C
2-PB1,340,0,0,1897,0,1897,G
2-PB1,341,0,1891,0,2,1893,T
2-PB1,342,1,1894,0,2,1897,T
2-PB1,343,6,0,1,1908,1915,C
2-PB1,344,1911,0,0,0,1911,A
2-PB1,345,1930,0,2,0,1932,A
2-PB1,346,0,1,0,1934,1935,C
2-PB1,347,1938,0,0,0,1938,A
2-PB1,348,0,1,1955,0,1956,G
2-PB1,349,1937,0,1,0,1938,A
2-PB1,350,0,1,1,1935,1937,C
2-PB1,351,1932,0,2,0,1934,A
2-PB1,352,1946,0,1,0,1947,A
2-PB1,353,1,2,1971,0,1974,G
2-PB1,354,0,4,1953,0,1957,G
2-PB1,355,2,0,1964,0,1966,G
2-PB1,356,0,1933,1,1,1935,T
2-PB1,357,1,4,1935,0,1940,G
2-PB1,358,1,3,1939,0,1943,G
2-PB1,359,1939,0,3,0,1942,A
2-PB1,360,2,2,0,1940,1944,C
2-PB1,361,1905,1,0,1,1907,A
2-PB1,362,1925,0,11,0,1936,A
2-PB1,363,1938,0,1,0,1939,A
2-PB1,364,0,0,0,1940,1940,C
2-PB1,365,0,1929,0,0,1929,T
2-PB1,366,1944,0,0,0,1944,A
2-PB1,367,1942,0,3,3,1948,A
2-PB1,368,1,1,0,1955,1957,C
2-PB1,369,3,0,0,1954,1957,C
2-PB1,370,3,0,0,1950,1953,C
2-PB1,371,1916,1,0,0,1917,A
2-PB1,372,1907,0,2,0,1909,A
2-PB1,373,0,5,1900,0,1905,G
2-PB1,374,1,1,1913,0,1915,G
2-PB1,375,0,1923,0,0,1923,T
2-PB1,376,10,0,0,1897,1907,C
2-PB1,377,1,0,1906,0,1907,G
2-PB1,378,1,14,0,1889,1904,C
2-PB1,379,2,0,0,1908,1910,C
2-PB1,380,1906,1,2,0,1909,A
2-PB1,381,0,3,1937,0,1940,G
2-PB1,382,1957,0,1,0,1958,A
2-PB1,383,0,0,0,1959,1959,C
2-PB1,384,0,1946,0,3,1949,T
2-PB1,385,0,1943,0,0,1943,T
2-PB1,386,1944,1,2,0,1947,A
2-PB1,387,0,1955,0,2,1957,T
2-PB1,388,0,1,1959,0,1960,G
2-PB1,389,1959,0,0,0,1959,A
2-PB1,390,0,1934,0,0,1934,T
2-PB1,391,0,1883,0,1,1884,T
2-PB1,392,1,3,1877,0,1881,G
2-PB1,393,0,1,1885,0,1886,G
2-PB1,394,1887,1,4,0,1892,A
2-PB1,395,0,0,0,1890,1890,C
2-PB1,396,1874,0,0,0,1874,A
2-PB1,397,0,1868,1,0,1869,T
2-PB1,398,1,1880,0,0,1881,T
2-PB1,399,1885,1,0,0,1886,A
2-PB1,400,1878,0,2,0,1880,A
2-PB1,401,1888,0,0,0,1888,A
2-PB1,402,0,0,0,1887,1887,C
2-PB1,403,1850,0,0,0,1850,A
2-PB1,404,0,1,1859,0,1860,G
2-PB1,405,1848,0,0,0,1848,A
2-PB1,406,1852,0,0,0,1852,A
2-PB1,407,1853,0,0,0,1853,A
2-PB1,408,0,1838,0,2,1840,T
2-PB1,409,3,0,0,1843,1846,C
2-PB1,410,1843,1,1,0,1845,A
2-PB1,411,1843,0,3,0,1846,A
2-PB1,412,1,0,0,1846,1847,C
2-PB1,413,5,1,0,1821,1827,C
2-PB1,414,0,0,1841,0,1841,G
2-PB1,415,0,0,1836,0,1836,G
2-PB1,416,0,0,0,1837,1837,C
2-PB1,417,1839,0,0,0,1839,A
2-PB1,418,0,0,1841,1,1842,G
2-PB1,419,0,0,1,1848,1849,C
2-PB1,420,1848,1,0,0,1849,A
2-PB1,421,1851,1,1,0,1853,A
2-PB1,422,0,0,0,1853,1853,C
2-PB1,423,0,1843,0,2,1845,T
2-PB1,424,0,0,1898,1,1899,G
2-PB1,425,1,1,0,1895,1897,C
2-PB1,426,1898,1,0,0,1899,A
2-PB1,427,0,1901,0,0,1901,T
2-PB1,428,0,1876,0,1,1877,T
2-PB1,429,1956,1,2,0,1959,A
2-PB1,430,0,0,1961,0,1961,G
2-PB1,431,2,0,1,1945,1948,C
2-PB1,432,3,1,0,1948,1952,C
2-PB1,433,1880,0,0,0,1880,A
2-PB1,434,1896,0,2,0,1898,A
2-PB1,435,0,2,0,1896,1898,C
2-PB1,436,1896,1,2,0,1899,A
2-PB1,437,1,0,0,1953,1954,C
2-PB1,438,4,0,0,1831,1835,C
2-PB1,439,1829,0,0,0,1829,A
2-PB1,440,2,1819,0,1,1822,T
2-PB1,441,1827,2,0,0,1829,A
2-PB1,442,0,3,1826,0,1829,G
2-PB1,443,1804,0,2,0,1806,A
2-PB1,444,1792,1,1,0,1794,A
2-PB1,445,0,1,1812,0,1813,G
2-PB1,446,0,1757,0,0,1757,T
2-PB1,447,1,1753,0,0,1754,T
2-PB1,448,1,1742,1,1,1745,T
2-PB1,449,0,1753,0,1,1754,T
2-PB1,450,0,1759,0,0,1759,T
2-PB1,451,1753,0,1,0,1754,A
2-PB1,452,0,4,1752,0,1756,G
2-PB1,453,1751,1,0,0,1752,A
2-PB1,454,0,1747,0,0,1747,T
2-PB1,455,2,0,0,1711,1713,C
2-PB1,456,0,1,1713,0,1714,G
2-PB1,457,1718,0,0,0,1718,A
2-PB1,458,1719,0,1,0,1720,A
2-PB1,459,0,0,0,1724,1724,C
2-PB1,460,0,4,1718,0,1722,G
2-PB1,461,1,1,1793,0,1795,G
2-PB1,462,1798,0,0,0,1798,A
2-PB1,463,1,1796,0,1,1798,T
2-PB1,464,0,1800,0,1,1801,T
2-PB1,465,1787,0,2,0,1789,A
2-PB1,466,1789,0,2,0,1791,A
2-PB1,467,0,0,0,1801,1801,C
2-PB1,468,1790,0,0,0,1790,A
2-PB1,469,0,1,1810,0,1811,G
2-PB1,470,0,0,0,1740,1740,C
2-PB1,471,0,1734,0,2,1736,T
2-PB1,472,1735,0,2,0,1737,A
2-PB1,473,1735,1,0,0,1736,A
2-PB1,474,0,1734,1,1,1736,T
2-PB1,475,0,5,1743,0,1748,G
2-PB1,476,1724,0,3,0,1727,A
2-PB1,477,1735,0,1,0,1736,A
2-PB1,478,0,1721,0,1,1722,T
2-PB1,479,3,0,0,1717,1720,C
2-PB1,480,1709,1,5,0,1715,A
2-PB1,481,0,1,1711,0,1712,G
2-PB1,482,1,2,1707,0,1710,G
2-PB1,483,1709,0,1,0,1710,A
2-PB1,484,1682,0,0,0,1682,A
2-PB1,485,0,2,1773,0,1775,G
2-PB1,486,0,0,1792,0,1792,G
2-PB1,487,0,0,0,1793,1793,C
2-PB1,488,1,1786,0,2,1789,T
2-PB1,489,1789,0,1,0,1790,A
2-PB1,490,1784,0,2,0,1786,A
2-PB1,491,0,1790,0,0,1790,T
2-PB1,492,1790,0,0,0,1790,A
2-PB1,493,0,4,1790,0,1794,G
2-PB1,494,1692,0,0,0,1692,A
2-PB1,495,0,1667,3,0,1670,T
2-PB1,496,0,1672,0,1,1673,T
2-PB1,497,0,1672,0,1,1673,T
2-PB1,498,2,0,0,1714,1716,C
2-PB1,499,0,1,0,1722,1723,C
2-PB1,500,0,1709,0,3,1712,T
2-PB1,501,2,0,0,1711,1713,C
2-PB1,502,1706,0,1,0,1707,A
2-PB1,503,1709,0,0,0,1709,A
2-PB1,504,4,3,1710,0,1717,G
2-PB1,505,0,1,1726,0,1727,G
2-PB1,506,1719,0,1,0,1720,A
2-PB1,507,1,1648,0,0,1649,T
2-PB1,508,3,0,1666,0,1669,G
2-PB1,509,0,1657,0,1,1658,T
2-PB1,510,0,2,1665,0,1667,G
2-PB1,511,1668,0,1,0,1669,A
2-PB1,512,1,1665,0,2,1668,T
2-PB1,513,0,0,1657,0,1657,G
2-PB1,514,0,4,1641,0,1645,G
2-PB1,515,1644,0,2,0,1646,A
2-PB1,516,1646,0,8,0,1654,A
2-PB1,517,0,1623,0,0,1623,T
2-PB1,518,2,1,0,1628,1631,C
2-PB1,519,1619,0,0,0,1619,A
2-PB1,520,1621,0,0,0,1621,A
2-PB1,521,0,1620,0,1,1621,T
2-PB1,522,0,2,1629,0,1631,G
2-PB1,523,0,2,1634,0,1636,G
2-PB1,524,1633,2,2,0,1637,A
2-PB1,525,0,1633,0,0,1633,T
2-PB1,526,1629,0,1,0,1630,A
2-PB1,527,1624,2,1,0,1627,A
2-PB1,528,1624,0,0,1,1625,A
2-PB1,529,0,1,1632,1,1634,G
2-PB1,530,1617,1,3,0,1621,A
2-PB1,531,0,1,1601,0,1602,G
2-PB1,532,0,3,1594,0,1597,G
2-PB1,533,1580,0,3,0,1583,A
2-PB1,534,1588,1,0,0,1589,A
2-PB1,535,1590,1,1,1,1593,A
2-PB1,536,0,1588,0,1,1589,T
2-PB1,537,4,2,1606,0,1612,G
2-PB1,538,0,2,1606,0,1608,G
2-PB1,539,1584,0,2,0,1586,A
2-PB1,540,0,0,1593,0,1593,G
2-PB1,541,1580,0,0,0,1580,A
2-PB1,542,0,1613,0,0,1613,T
2-PB1,543,1612,0,1,0,1613,A
2-PB1,544,1622,0,1,0,1623,A
2-PB1,545,0,0,0,1634,1634,C
2-PB1,546,1619,0,2,0,1621,A
2-PB1,547,1624,1,1,0,1626,A
2-PB1,548,1,0,0,1618,1619,C
2-PB1,549,1602,0,1,0,1603,A
2-PB1,550,0,0,0,1604,1604,C
2-PB1,551,1578,0,1,0,1579,A
2-PB1,552,0,0,0,1592,1592,C
2-PB1,553,0,1566,0,0,1566,T
2-PB1,554,0,1568,0,0,1568,T
2-PB1,555,0,1568,0,3,1571,T
2-PB1,556,1,0,0,1567,1568,C
2-PB1,557,1570,0,2,1,1573,A
2-PB1,558,1576,0,0,0,1576,A
2-PB1,559,1573,0,2,0,1575,A
2-PB1,560,0,2,1592,0,1594,G
2-PB1,561,1580,0,1,1,1582,A
2-PB1,562,1580,0,1,0,1581,A
2-PB1,563,1587,0,0,0,1587,A
2-PB1,564,1583,0,1,1,1585,A
2-PB1,565,1581,1,3,0,1585,A
2-PB1,566,0,1,1588,0,1589,G
2-PB1,567,0,1,1587,0,1588,G
2-PB1,568,1561,0,1,0,1562,A
2-PB1,569,0,1,1599,0,1600,G
2-PB1,570,1589,0,6,0,1595,A
2-PB1,571,0,0,1661,0,1661,G
2-PB1,572,0,1659,0,0,1659,T
2-PB1,573,1658,0,0,0,1658,A
2-PB1,574,1662,0,2,0,1664,A
2-PB1,575,0,1,1665,0,1666,G
2-PB1,576,0,2,1676,0,1678,G
2-PB1,577,1,5,1668,0,1674,G
2-PB1,578,1649,0,1,0,1650,A
2-PB1,579,1,2,0,1653,1656,C
2-PB1,580,1611,0,1,0,1612,A
2-PB1,581,1616,1,0,0,1617,A
2-PB1,582,0,0,0,1619,1619,C
2-PB1,583,1607,1,2,0,1610,A
2-PB1,584,0,1600,0,1,1601,T
2-PB1,585,0,6,1579,0,1585,G
2-PB1,586,1584,1,2,0,1587,A
2-PB1,587,0,2,0,1587,1589,C
2-PB1,588,2,0,1,1557,1560,C
2-PB1,589,1560,1,1,1,1563,A
2-PB1,590,1563,1,1,0,1565,A
2-PB1,591,0,4,1564,0,1568,G
2-PB1,592,1570,0,0,0,1570,A
2-PB1,593,1569,0,0,0,1569,A
2-PB1,594,1561,0,1,0,1562,A
2-PB1,595,1561,0,0,0,1561,A
2-PB1,596,0,1559,0,0,1559,T
2-PB1,597,0,1,1559,0,1560,G
2-PB1,598,0,0,1564,0,1564,G
2-PB1,599,2,1543,0,1,1546,T
2-PB1,600,4,0,0,1521,1525,C
2-PB1,601,1538,0,1,0,1539,A
2-PB1,602,1,0,0,1696,1697,C
2-PB1,603,1735,2,1,0,1738,A
2-PB1,604,3,0,0,1756,1759,C
2-PB1,605,1744,0,0,0,1744,A
2-PB1,606,1884,0,1,0,1885,A
2-PB1,607,1868,1,3,0,1872,A
2-PB1,608,0,5,2036,1,2042,G
2-PB1,609,470,1,1502,0,1973,G
2-PB1,610,2048,0,2,1,2051,A
2-PB1,611,5,0,0,2147,2152,C
2-PB1,612,2154,1,0,0,2155,A
2-PB1,613,2184,0,0,0,2184,A
2-PB1,614,0,2179,0,0,2179,T
2-PB1,615,2151,0,2,0,2153,A
2-PB1,616,0,2,2158,0,2160,G
2-PB1,617,0,5,2084,0,2089,G
2-PB1,618,2,2,2096,0,2100,G
2-PB1,619,2091,1,0,1,2093,A
2-PB1,620,2075,0,4,0,2079,A
2-PB1,621,0,0,2113,0,2113,G
2-PB1,622,2106,0,0,1,2107,A
2-PB1,623,2119,0,0,0,2119,A
2-PB1,624,2130,0,0,0,2130,A
2-PB1,625,2147,0,0,0,2147,A
2-PB1,626,2214,0,1,0,2215,A
2-PB1,627,2213,1,0,3,2217,A
2-PB1,628,0,0,0,2225,2225,C
2-PB1,629,2216,1,1,0,2218,A
2-PB1,630,2216,0,2,0,2218,A
2-PB1,631,2213,0,1,0,2214,A
2-PB1,632,1,3,2268,0,2272,G
2-PB1,633,2270,2,0,0,2272,A
2-PB1,634,1,0,2401,0,2402,G
2-PB1,635,2,2373,0,0,2375,T
2-PB1,636,1,8,2892,1,2902,G
2-PB1,637,2912,0,6,0,2918,A
2-PB1,638,2924,0,3,0,2927,A
2-PB1,639,0,2982,0,1,2983,T
2-PB1,640,2991,1,3,0,2995,A
2-PB1,641,2978,0,10,0,2988,A
2-PB1,642,0,5,2987,0,2992,G
2-PB1,643,2950,0,5,0,2955,A
2-PB1,644,0,2,2962,0,2964,G
2-PB1,645,2845,0,3,0,2848,A
2-PB1,646,1,7,2867,0,2875,G
2-PB1,647,0,0,2872,0,2872,G
2-PB1,648,0,0,0,2883,2883,C
2-PB1,649,0,2871,0,1,2872,T
2-PB1,650,2965,1,2,0,2968,A
2-PB1,651,2,2,0,3139,3143,C
2-PB1,652,4,1,0,3145,3150,C
2-PB1,653,1,3171,0,0,3172,T
2-PB1,654,3311,1,0,0,3312,A
2-PB1,655,3294,2,2,0,3298,A
2-PB1,656,1,3309,0,0,3310,T
2-PB1,657,3308,0,1,0,3309,A
2-PB1,658,3293,0,1,1,3295,A
2-PB1,659,1,5,3307,0,3313,G
2-PB1,660,3246,0,2,0,3248,A
2-PB1,661,0,0,3279,0,3279,G
2-PB1,662,0,2,0,3292,3294,C
2-PB1,663,0,3260,1,8,3269,T
2-PB1,664,1,3287,0,0,3288,T
2-PB1,665,1,3289,0,2,3292,T
2-PB1,666,1,12,3289,1,3303,G
2-PB1,667,3368,1,2,0,3371,A
2-PB1,668,1,0,0,3395,3396,C
2-PB1,669,3390,0,0,0,3390,A
2-PB1,670,1,3381,0,4,3386,T
2-PB1,671,0,3369,0,3,3372,T
2-PB1,672,0,8,3432,0,3440,G
2-PB1,673,3433,0,2,0,3435,A
2-PB1,674,3435,0,6,0,3441,A
2-PB1,675,1,0,2,3451,3454,C
2-PB1,676,3442,0,2,0,3444,A
2-PB1,677,1,2,0,3452,3455,C
2-PB1,678,0,1,3458,0,3459,G
2-PB1,679,3461,1,11,0,3473,A
2-PB1,680,2,3464,0,3,3469,T
2-PB1,681,1,12,3551,1,3565,G
2-PB1,682,3580,0,2,0,3582,A
2-PB1,683,1,1,0,3591,3593,C
2-PB1,684,5,0,0,3586,3591,C
2-PB1,685,3599,0,1,1,3601,A
2-PB1,686,3646,0,2,0,3648,A
2-PB1,687,3651,0,4,0,3655,A
2-PB1,688,2,1,3740,0,3743,G
2-PB1,689,3793,1,1,0,3795,A
2-PB1,690,1,3756,0,3,3760,T
2-PB1,691,1,0,3760,0,3761,G
2-PB1,692,0,1,1,3761,3763,C
2-PB1,693,3763,0,5,0,3768,A
2-PB1,694,1,7,3790,0,3798,G
2-PB1,695,3748,0,4,0,3752,A
2-PB1,696,1,5,3753,0,3759,G
2-PB1,697,3693,0,4,0,3697,A
2-PB1,698,0,4,3691,0,3695,G
2-PB1,699,3654,2,4,1,3661,A
2-PB1,700,2,6,3674,0,3682,G
2-PB1,701,1,0,3674,1,3676,G
2-PB1,702,3,0,0,3669,3672,C
2-PB1,703,3652,0,0,0,3652,A
2-PB1,704,3656,2,0,0,3658,A
2-PB1,705,3685,0,1,0,3686,A
2-PB1,706,1,3693,0,1,3695,T
2-PB1,707,0,3689,1,0,3690,T
2-PB1,708,3707,2,0,0,3709,A
2-PB1,709,3709,0,1,1,3711,A
2-PB1,710,3720,1,3,0,3724,A
2-PB1,711,3732,0,2,1,3735,A
2-PB1,712,3732,0,1,0,3733,A
2-PB1,713,1,4,3738,0,3743,G
2-PB1,714,3719,0,1,0,3720,A
2-PB1,715,3708,0,6,0,3714,A
2-PB1,716,0,12,3752,0,3764,G
2-PB1,717,0,5,3851,1,3857,G
2-PB1,718,0,0,3858,0,3858,G
2-PB1,719,5,0,1,3869,3875,C
2-PB1,720,2,3862,0,15,3879,T
2-PB1,721,3908,0,0,0,3908,A
2-PB1,722,0,3987,0,0,3987,T
2-PB1,723,2,3990,0,1,3993,T
2-PB1,724,1,2,3996,2,4001,G
2-PB1,725,1,1,1,3980,3983,C
2-PB1,726,3908,0,6,0,3914,A
2-PB1,727,3910,0,5,0,3915,A
2-PB1,728,0,1,0,3923,3924,C
2-PB1,729,3922,1,2,0,3925,A
2-PB1,730,3,2,1,3921,3927,C
2-PB1,731,8,0,0,3867,3875,C
2-PB1,732,5,16,0,3861,3882,C
2-PB1,733,0,8,3861,0,3869,G
2-PB1,734,0,8,3885,0,3893,G
2-PB1,735,0,3,3899,0,3902,G
2-PB1,736,3922,1,6,0,3929,A
2-PB1,737,0,3907,0,1,3908,T
2-PB1,738,0,0,3917,0,3917,G
2-PB1,739,1,2,1,3897,3901,C
2-PB1,740,3961,0,1,1,3963,A
2-PB1,741,4016,1,5,1,4023,A
2-PB1,742,4047,1,0,2,4050,A
2-PB1,743,1,4045,0,1,4047,T
2-PB1,744,0,4054,0,1,4055,T
2-PB1,745,4026,1,3,1,4031,A
2-PB1,746,0,3,4006,0,4009,G
2-PB1,747,3990,0,7,0,3997,A
2-PB1,748,1,11,4000,0,4012,G
2-PB1,749,1,5,3974,0,3980,G
2-PB1,750,0,2,4094,1,4097,G
2-PB1,751,1,4102,0,2,4105,T
2-PB1,752,1,4097,1,4,4103,T
2-PB1,753,5,1,1,4100,4107,C
2-PB1,754,1,1,4159,1,4162,G
2-PB1,755,0,4155,0,7,4162,T
2-PB1,756,3,2,4161,0,4166,G
2-PB1,757,0,4148,0,4,4152,T
2-PB1,758,4136,0,2,0,4138,A
2-PB1,759,1,2,0,4127,4130,C
2-PB1,760,1,4004,1,2,4008,T
2-PB1,761,0,4030,0,0,4030,T
2-PB1,762,4,4,0,4015,4023,C
2-PB1,763,2,0,3998,0,4000,G
2-PB1,764,1,3943,1,51,3996,T
2-PB1,765,0,3994,1,0,3995,T
2-PB1,766,0,6,3984,0,3990,G
2-PB1,767,3982,0,0,0,3982,A
2-PB1,768,3982,0,1,0,3983,A
2-PB1,769,3999,2,3,0,4004,A
2-PB1,770,0,0,0,4038,4038,C
2-PB1,771,1,4008,0,1,4010,T
2-PB1,772,0,3991,1,1,3993,T
2-PB1,773,0,4002,1,2,4005,T
2-PB1,774,4062,1,6,0,4069,A
2-PB1,775,2,0,4085,0,4087,G
2-PB1,776,0,0,0,4095,4095,C
2-PB1,777,1,4094,0,2,4097,T
2-PB1,778,4057,3,2,0,4062,A
2-PB1,779,0,2,4061,0,4063,G
2-PB1,780,4051,0,4,0,4055,A
2-PB1,781,4047,6,3,0,4056,A
2-PB1,782,2,0,4061,0,4063,G
2-PB1,783,0,3,0,4006,4009,C
2-PB1,784,4018,0,1,0,4019,A
2-PB1,785,0,3989,0,1,3990,T
2-PB1,786,0,3996,0,1,3997,T
2-PB1,787,0,3999,0,1,4000,T
2-PB1,788,1,0,4011,0,4012,G
2-PB1,789,0,1,0,4000,4001,C
2-PB1,790,3,7,4002,0,4012,G
2-PB1,791,3999,0,0,1,4000,A
2-PB1,792,3991,1,1,0,3993,A
2-PB1,793,3993,0,5,0,3998,A
2-PB1,794,4106,1,4,0,4111,A
2-PB1,795,1,0,4166,2,4169,G
2-PB1,796,2,0,0,4169,4171,C
2-PB1,797,0,4165,0,2,4167,T
2-PB1,798,1,4171,0,0,4172,T
2-PB1,799,1,12,4174,0,4187,G
2-PB1,800,4175,0,7,0,4182,A
2-PB1,801,4180,2,1,0,4183,A
2-PB1,802,3,2,0,4194,4199,C
2-PB1,803,4132,0,3,0,4135,A
2-PB1,804,1,0,4509,0,4510,G
2-PB1,805,1,4479,0,2,4482,T
2-PB1,806,9,0,0,4482,4491,C
2-PB1,807,0,4495,1,4,4500,T
2-PB1,808,1,6,4501,0,4508,G
2-PB1,809,2,11,4491,0,4504,G
2-PB1,810,4497,1,7,0,4505,A
2-PB1,811,2,0,0,4520,4522,C
2-PB1,812,1,4383,0,4,4388,T
2-PB1,813,1,4166,0,0,4167,T
2-PB1,814,5,1,0,4156,4162,C
2-PB1,815,5,7,1,4150,4163,C
2-PB1,816,4,4,4173,0,4181,G
2-PB1,817,0,3,4197,1,4201,G
2-PB1,818,1,4171,0,2,4174,T
2-PB1,819,0,4169,0,1,4170,T
2-PB1,820,3,7,4161,0,4171,G
2-PB1,821,2,7,4208,0,4217,G
2-PB1,822,0,11,4241,0,4252,G
2-PB1,823,0,4,4247,0,4251,G
2-PB1,824,2,2,4276,0,4280,G
2-PB1,825,0,4252,0,2,4254,T
2-PB1,826,4254,0,1,1,4256,A
2-PB1,827,4269,2,1,0,4272,A
2-PB1,828,0,4275,0,1,4276,T
2-PB1,829,1,3,4290,0,4294,G
2-PB1,830,4264,2,2,0,4268,A
2-PB1,831,4229,0,1,0,4230,A
2-PB1,832,4237,0,2,0,4239,A
2-PB1,833,4232,0,3,0,4235,A
2-PB1,834,0,6,4230,0,4236,G
2-PB1,835,4202,1,1,0,4204,A
2-PB1,836,4190,0,8,0,4198,A
2-PB1,837,1,3,4214,0,4218,G
2-PB1,838,1,4,4203,1,4209,G
2-PB1,839,0,3,0,4173,4176,C
2-PB1,840,6,2,0,4177,4185,C
2-PB1,841,4206,1,0,0,4207,A
2-PB1,842,4205,0,1,0,4206,A
2-PB1,843,4209,1,2,0,4212,A
2-PB1,844,1,0,0,4210,4211,C
2-PB1,845,0,4212,0,1,4213,T
2-PB1,846,4,12,4249,0,4265,G
2-PB1,847,2,1,4269,0,4272,G
2-PB1,848,0,0,0,4261,4261,C
2-PB1,849,4274,0,0,1,4275,A
2-PB1,850,4272,0,1,0,4273,A
2-PB1,851,4269,3,2,0,4274,A
2-PB1,852,0,4279,0,1,4280,T
2-PB1,853,0,0,4296,1,4297,G
2-PB1,854,0,4283,0,2,4285,T
2-PB1,855,0,4207,1,5,4213,T
2-PB1,856,2,2,4214,0,4218,G
2-PB1,857,1,4195,0,5,4201,T
2-PB1,858,1,8,4206,0,4215,G
2-PB1,859,4207,1,4,0,4212,A
2-PB1,860,2,2,4216,0,4220,G
2-PB1,861,4206,0,2,0,4208,A
2-PB1,862,4198,0,0,0,4198,A
2-PB1,863,4194,0,4,0,4198,A
2-PB1,864,4207,1,2,0,4210,A
2-PB1,865,4223,0,3,1,4227,A
2-PB1,866,0,4216,0,1,4217,T
2-PB1,867,0,9,4199,0,4208,G
2-PB1,868,4199,1,2,1,4203,A
2-PB1,869,3,4168,0,0,4171,T
2-PB1,870,3,21,4157,0,4181,G
2-PB1,871,4178,3,6,0,4187,A
2-PB1,872,1,1,0,4226,4228,C
2-PB1,873,0,4208,0,3,4211,T
2-PB1,874,4197,0,1,1,4199,A
2-PB1,875,4231,0,3,0,4234,A
2-PB1,876,0,4218,1,2,4221,T
2-PB1,877,2,4252,1,3,4258,T
2-PB1,878,7,1,0,4277,4285,C
2-PB1,879,4276,0,2,0,4278,A
2-PB1,880,2,1,0,4271,4274,C
2-PB1,881,4224,0,2,1,4227,A
2-PB1,882,4227,0,8,0,4235,A
2-PB1,883,1,9,4246,0,4256,G
2-PB1,884,4319,1,12,0,4332,A
2-PB1,885,0,2,0,4312,4314,C
2-PB1,886,4278,0,4,1,4283,A
2-PB1,887,1,3,0,4271,4275,C
2-PB1,888,4238,1,1,0,4240,A
2-PB1,889,0,2,4267,1,4270,G
2-PB1,890,4252,0,2,0,4254,A
2-PB1,891,1,0,4267,0,4268,G
2-PB1,892,2,0,1,4244,4247,C
2-PB1,893,3,4153,0,15,4171,T
2-PB1,894,0,4213,0,1,4214,T
2-PB1,895,1,4218,0,2,4221,T
2-PB1,896,1,1,0,4220,4222,C
2-PB1,897,0,4222,0,5,4227,T
2-PB1,898,1,4198,0,2,4201,T
2-PB1,899,2,4195,1,4,4202,T
2-PB1,900,9,0,0,4196,4205,C
2-PB1,901,4200,0,4,0,4204,A
2-PB1,902,1,2,0,4220,4223,C
2-PB1,903,4168,1,1,0,4170,A
2-PB1,904,4187,1,2,0,4190,A
2-PB1,905,0,4239,0,5,4244,T
2-PB1,906,9,0,1,4296,4306,C
2-PB1,907,4337,0,1,0,4338,A
2-PB1,908,0,1,0,4366,4367,C
2-PB1,909,0,4330,0,2,4332,T
2-PB1,910,2,2,4342,0,4346,G
2-PB1,911,1,8,4324,0,4333,G
2-PB1,912,1,6,4455,0,4462,G
2-PB1,913,2,8,4449,0,4459,G
2-PB1,914,4400,1,5,0,4406,A
2-PB1,915,1,1,0,4261,4263,C
2-PB1,916,4310,1,4,0,4315,A
2-PB1,917,4559,1,6,1,4567,A
2-PB1,918,4,0,0,4617,4621,C
2-PB1,919,4595,1,3,0,4599,A
2-PB1,920,1,3,0,4592,4596,C
2-PB1,921,1,4431,0,1,4433,T
2-PB1,922,4439,0,2,0,4441,A
2-PB1,923,4446,0,2,0,4448,A
2-PB1,924,0,2,4467,0,4469,G
2-PB1,925,1,4445,0,1,4447,T
2-PB1,926,0,8,4190,0,4198,G
2-PB1,927,2,1,4161,0,4164,G
2-PB1,928,4157,1,0,0,4158,A
2-PB1,929,4162,1,2,0,4165,A
2-PB1,930,0,4154,0,2,4156,T
2-PB1,931,2,3,4135,1,4141,G
2-PB1,932,4142,0,1,0,4143,A
2-PB1,933,4084,0,4,1,4089,A
2-PB1,934,4101,0,1,0,4102,A
2-PB1,935,4129,0,1,0,4130,A
2-PB1,936,2,4113,1,2,4118,T
2-PB1,937,8,0,0,4109,4117,C
2-PB1,938,4117,1,2,0,4120,A
2-PB1,939,4113,0,5,0,4118,A
2-PB1,940,4102,0,3,0,4105,A
2-PB1,941,4112,1,2,0,4115,A
2-PB1,942,1,1,0,4124,4126,C
2-PB1,943,5,2,1,4094,4102,C
2-PB1,944,12,1,0,4082,4095,C
2-PB1,945,0,4095,2,4,4101,T
2-PB1,946,5,3,0,4098,4106,C
2-PB1,947,1,4,4101,0,4106,G
2-PB1,948,4101,0,1,0,4102,A
2-PB1,949,4104,1,0,0,4105,A
2-PB1,950,0,4106,0,0,4106,T
2-PB1,951,1,0,4128,0,4129,G
2-PB1,952,2,4103,1,3,4109,T
2-PB1,953,1,4103,0,5,4109,T
2-PB1,954,0,4095,0,3,4098,T
2-PB1,955,1,4100,1,2,4104,T
2-PB1,956,0,4109,1,3,4113,T
2-PB1,957,1,4,4107,0,4112,G
2-PB1,958,1,2,4102,0,4105,G
2-PB1,959,0,4,0,4099,4103,C
2-PB1,960,2,2,4076,1,4081,G
2-PB1,961,4086,0,0,0,4086,A
2-PB1,962,1,4201,1,1,4204,T
2-PB1,963,0,9,4361,0,4370,G
2-PB1,964,4578,0,2,0,4580,A
2-PB1,965,2,4582,0,1,4585,T
2-PB1,966,0,4597,0,1,4598,T
2-PB1,967,4626,1,8,0,4635,A
2-PB1,968,0,2,0,4636,4638,C
2-PB1,969,4662,0,4,0,4666,A
2-PB1,970,0,4666,0,2,4668,T
2-PB1,971,4443,1,2,0,4446,A
2-PB1,972,0,1,0,4466,4467,C
2-PB1,973,4109,0,1,0,4110,A
2-PB1,974,2,4101,0,5,4108,T
2-PB1,975,3,1,0,4089,4093,C
2-PB1,976,4071,1,2,0,4074,A
2-PB1,977,0,4,0,4087,4091,C
2-PB1,978,4057,1,1,0,4059,A
2-PB1,979,4055,3,2,0,4060,A
2-PB1,980,4054,0,4,0,4058,A
2-PB1,981,3,10,3931,1,3945,G
2-PB1,982,4122,0,0,2,4124,A
2-PB1,983,4123,1,1,1,4126,A
2-PB1,984,0,4135,0,0,4135,T
2-PB1,985,18,0,0,4122,4140,C
2-PB1,986,4147,0,4,0,4151,A
2-PB1,987,4179,1,2,0,4182,A
2-PB1,988,4,1,0,4184,4189,C
2-PB1,989,2,1,0,4179,4182,C
2-PB1,990,0,3982,0,2,3984,T
2-PB1,991,1,9,4023,0,4033,G
2-PB1,992,4013,2,3,5,4023,A
2-PB1,993,0,0,4020,0,4020,G
2-PB1,994,2,4007,0,1,4010,T
2-PB1,995,2,8,3929,0,3939,G
2-PB1,996,2,1,4146,0,4149,G
2-PB1,997,1,4119,0,6,4126,T
2-PB1,998,3,4115,0,3,4121,T
2-PB1,999,5,0,0,4129,4134,C
2-PB1,1000,4085,0,8,0,4093,A
2-PB1,1001,2,4,4168,0,4174,G
2-PB1,1002,4162,0,10,0,4172,A
2-PB1,1003,4170,0,2,0,4172,A
2-PB1,1004,4152,0,2,0,4154,A
2-PB1,1005,2,2,0,3930,3934,C
2-PB1,1006,3981,0,0,0,3981,A
2-PB1,1007,0,3973,0,6,3979,T
2-PB1,1008,1,0,1,4016,4018,C
2-PB1,1009,4,0,0,4025,4029,C
2-PB1,1010,0,3943,0,4,3947,T
2-PB1,1011,2,10,3937,0,3949,G
2-PB1,1012,3927,0,6,0,3933,A
2-PB1,1013,1,1,3963,0,3965,G
2-PB1,1014,1,0,0,3949,3950,C
2-PB1,1015,3851,3,2,0,3856,A
2-PB1,1016,0,3871,0,2,3873,T
2-PB1,1017,4,1,0,3828,3833,C
2-PB1,1018,2,0,3827,1,3830,G
2-PB1,1019,0,0,0,3931,3931,C
2-PB1,1020,3945,1,4,0,3950,A
2-PB1,1021,2,1,0,4046,4049,C
2-PB1,1022,4,0,0,4030,4034,C
2-PB1,1023,4048,1,4,1,4054,A
2-PB1,1024,4091,1,2,0,4094,A
2-PB1,1025,0,4091,1,1,4093,T
2-PB1,1026,4092,2,2,0,4096,A
2-PB1,1027,4087,2,3,0,4092,A
2-PB1,1028,0,3945,0,0,3945,T
2-PB1,1029,1,2,3969,0,3972,G
2-PB1,1030,1,3869,1,4,3875,T
2-PB1,1031,0,3852,0,3,3855,T
2-PB1,1032,5,1,1,3850,3857,C
2-PB1,1033,0,3841,0,5,3846,T
2-PB1,1034,13,0,0,3837,3850,C
2-PB1,1035,3847,0,0,0,3847,A
2-PB1,1036,3848,0,1,1,3850,A
2-PB1,1037,3854,0,5,0,3859,A
2-PB1,1038,1,0,0,3863,3864,C
2-PB1,1039,3858,1,0,0,3859,A
2-PB1,1040,3858,1,3,0,3862,A
2-PB1,1041,3847,0,1,2,3850,A
2-PB1,1042,3858,0,2,1,3861,A
2-PB1,1043,1,3847,1,5,3854,T
2-PB1,1044,2,5,3851,0,3858,G
2-PB1,1045,1,2,3846,0,3849,G
2-PB1,1046,2,2,0,3846,3850,C
2-PB1,1047,3842,2,5,0,3849,A
2-PB1,1048,3859,0,1,0,3860,A
2-PB1,1049,2,6,3845,1,3854,G
2-PB1,1050,3846,0,3,1,3850,A
2-PB1,1051,0,3822,0,0,3822,T
2-PB1,1052,0,3892,0,2,3894,T
2-PB1,1053,1,12,3900,0,3913,G
2-PB1,1054,0,8,3911,0,3919,G
2-PB1,1055,1,8,3929,0,3938,G
2-PB1,1056,3939,2,2,0,3943,A
2-PB1,1057,3934,0,1,0,3935,A
2-PB1,1058,3906,1,5,0,3912,A
2-PB1,1059,3903,0,4,2,3909,A
2-PB1,1060,1,6,4044,1,4052,G
2-PB1,1061,0,4,4059,0,4063,G
2-PB1,1062,4050,1,17,0,4068,A
2-PB1,1063,0,4046,1,5,4052,T
2-PB1,1064,4049,0,2,1,4052,A
2-PB1,1065,1,4,0,4058,4063,C
2-PB1,1066,4085,0,5,0,4090,A
2-PB1,1067,1,4080,0,0,4081,T
2-PB1,1068,2,0,4119,0,4121,G
2-PB1,1069,3,4010,0,5,4018,T
2-PB1,1070,2,4021,0,2,4025,T
2-PB1,1071,11,1,0,3999,4011,C
2-PB1,1072,2,5,4014,0,4021,G
2-PB1,1073,4022,1,5,0,4028,A
2-PB1,1074,0,8,4097,0,4105,G
2-PB1,1075,4047,1,6,0,4054,A
2-PB1,1076,1,2,4085,0,4088,G
2-PB1,1077,1,4058,0,3,4062,T
2-PB1,1078,4039,0,4,1,4044,A
2-PB1,1079,4054,1,7,0,4062,A
2-PB1,1080,0,8,4076,0,4084,G
2-PB1,1081,4075,2,3,0,4080,A
2-PB1,1082,0,2,4133,0,4135,G
2-PB1,1083,4027,1,2,1,4031,A
2-PB1,1084,4039,1,3,0,4043,A
2-PB1,1085,1,4020,0,0,4021,T
2-PB1,1086,0,2,4014,1,4017,G
2-PB1,1087,4018,0,1,0,4019,A
2-PB1,1088,3993,0,8,1,4002,A
2-PB1,1089,3,1,4013,0,4017,G
2-PB1,1090,0,0,0,3998,3998,C
2-PB1,1091,1,3966,0,1,3968,T
2-PB1,1092,5,0,0,3967,3972,C
2-PB1,1093,2,2,0,3965,3969,C
2-PB1,1094,0,4,3988,0,3992,G
2-PB1,1095,0,3,3997,0,4000,G
2-PB1,1096,4000,1,12,0,4013,A
2-PB1,1097,1,4,0,4048,4053,C
2-PB1,1098,4048,1,1,0,4050,A
2-PB1,1099,0,2,0,4089,4091,C
2-PB1,1100,4086,0,2,0,4088,A
2-PB1,1101,4088,0,3,1,4092,A
2-PB1,1102,4092,1,1,0,4094,A
2-PB1,1103,0,4120,0,2,4122,T
2-PB1,1104,4110,0,3,1,4114,A
2-PB1,1105,0,2,0,4104,4106,C
2-PB1,1106,5,1,0,4075,4081,C
2-PB1,1107,0,4030,1,9,4040,T
2-PB1,1108,0,1,4070,0,4071,G
2-PB1,1109,2,3,0,4076,4081,C
2-PB1,1110,4071,1,4,0,4076,A
2-PB1,1111,1,3,4072,0,4076,G
2-PB1,1112,4062,0,2,0,4064,A
2-PB1,1113,4040,1,0,1,4042,A
2-PB1,1114,4063,1,2,1,4067,A
2-PB1,1115,0,4054,0,1,4055,T
2-PB1,1116,2,1,4058,0,4061,G
2-PB1,1117,0,0,0,4042,4042,C
2-PB1,1118,3,4035,1,3,4042,T
2-PB1,1119,4083,1,2,0,4086,A
2-PB1,1120,1,0,4078,0,4079,G
2-PB1,1121,3,1,0,4080,4084,C
2-PB1,1122,4084,0,0,1,4085,A
2-PB1,1123,4075,0,1,1,4077,A
2-PB1,1124,0,0,4059,0,4059,G
2-PB1,1125,0,2,0,4045,4047,C
2-PB1,1126,4000,0,1,0,4001,A
2-PB1,1127,0,4079,1,5,4085,T
2-PB1,1128,1,4084,0,1,4086,T
2-PB1,1129,0,7,4175,0,4182,G
2-PB1,1130,4209,3,6,0,4218,A
2-PB1,1131,1,3,0,4217,4221,C
2-PB1,1132,2,0,0,4223,4225,C
2-PB1,1133,2,4128,2,4,4136,T
2-PB1,1134,3,2,4200,0,4205,G
2-PB1,1135,4219,1,0,0,4220,A
2-PB1,1136,4212,1,2,1,4216,A
2-PB1,1137,0,1,4256,0,4257,G
2-PB1,1138,0,4136,0,1,4137,T
2-PB1,1139,4163,0,0,0,4163,A
2-PB1,1140,0,4126,0,2,4128,T
2-PB1,1141,0,4124,0,1,4125,T
2-PB1,1142,2,4116,1,2,4121,T
2-PB1,1143,12,4,0,4057,4073,C
2-PB1,1144,4081,2,2,0,4085,A
2-PB1,1145,4085,0,9,0,4094,A
2-PB1,1146,1,4027,3,4,4035,T
2-PB1,1147,2,7,4049,0,4058,G
2-PB1,1148,4030,0,1,0,4031,A
2-PB1,1149,4042,0,1,0,4043,A
2-PB1,1150,2,4024,0,1,4027,T
2-PB1,1151,6,0,0,4042,4048,C
2-PB1,1152,4042,2,0,0,4044,A
2-PB1,1153,4053,0,2,0,4055,A
2-PB1,1154,0,2,0,4054,4056,C
2-PB1,1155,4040,0,4,0,4044,A
2-PB1,1156,4037,0,3,0,4040,A
2-PB1,1157,1,3,4055,0,4059,G
2-PB1,1158,1,4,4069,2,4076,G
2-PB1,1159,4075,0,1,0,4076,A
2-PB1,1160,4064,1,6,0,4071,A
2-PB1,1161,2,5,4068,0,4075,G
2-PB1,1162,4060,0,3,2,4065,A
2-PB1,1163,4059,0,2,0,4061,A
2-PB1,1164,4058,0,3,1,4062,A
2-PB1,1165,4058,1,2,0,4061,A
2-PB1,1166,3,4048,0,0,4051,T
2-PB1,1167,0,4008,0,1,4009,T
2-PB1,1168,0,9,4018,0,4027,G
2-PB1,1169,4012,0,9,1,4022,A
2-PB1,1170,1,2,4023,0,4026,G
2-PB1,1171,4028,3,0,1,4032,A
2-PB1,1172,4054,1,2,0,4057,A
2-PB1,1173,4114,2,0,0,4116,A
2-PB1,1174,4125,0,1,0,4126,A
2-PB1,1175,1,4112,1,0,4114,T
2-PB1,1176,4117,0,0,0,4117,A
2-PB1,1177,4107,1,9,0,4117,A
2-PB1,1178,1,6,4121,1,4129,G
2-PB1,1179,2,1,4117,0,4120,G
2-PB1,1180,4,1,0,4098,4103,C
2-PB1,1181,1,0,0,4094,4095,C
2-PB1,1182,0,4073,0,10,4083,T
2-PB1,1183,3,2,0,4540,4545,C
2-PB1,1184,2,4623,0,3,4628,T
2-PB1,1185,1,4635,1,3,4640,T
2-PB1,1186,3,0,1,4723,4727,C
2-PB1,1187,1,4704,2,1,4708,T
2-PB1,1188,4711,0,2,0,4713,A
2-PB1,1189,4722,1,0,0,4723,A
2-PB1,1190,0,4723,0,2,4725,T
2-PB1,1191,4760,0,0,0,4760,A
2-PB1,1192,1,2,4651,0,4654,G
2-PB1,1193,4263,0,4,0,4267,A
2-PB1,1194,1,4267,1,2,4271,T
2-PB1,1195,0,17,4193,0,4210,G
2-PB1,1196,0,0,4273,0,4273,G
2-PB1,1197,4,1,2,4252,4259,C
2-PB1,1198,4267,2,2,0,4271,A
2-PB1,1199,0,0,0,4281,4281,C
2-PB1,1200,4216,0,2,0,4218,A
2-PB1,1201,2,1,4348,1,4352,G
2-PB1,1202,0,3,0,4330,4333,C
2-PB1,1203,4341,4,4,0,4349,A
2-PB1,1204,3,4445,0,3,4451,T
2-PB1,1205,9,2,0,4391,4402,C
2-PB1,1206,4433,1,3,0,4437,A
2-PB1,1207,0,4435,0,1,4436,T
2-PB1,1208,0,4401,0,1,4402,T
2-PB1,1209,3,6,4385,0,4394,G
2-PB1,1210,4255,0,9,0,4264,A
2-PB1,1211,1,2,4402,0,4405,G
2-PB1,1212,0,1,0,4389,4390,C
2-PB1,1213,6,1,0,4316,4323,C
2-PB1,1214,5,2,0,4388,4395,C
2-PB1,1215,0,4336,0,22,4358,T
2-PB1,1216,2,4,4533,0,4539,G
2-PB1,1217,0,3,4597,1,4601,G
2-PB1,1218,4588,0,4,0,4592,A
2-PB1,1219,4677,0,1,0,4678,A
2-PB1,1220,0,4533,0,1,4534,T
2-PB1,1221,1,5,4615,0,4621,G
2-PB1,1222,4686,0,7,0,4693,A
2-PB1,1223,2,4662,0,3,4667,T
2-PB1,1224,0,6,4671,0,4677,G
2-PB1,1225,4621,4,3,0,4628,A
2-PB1,1226,1,4561,0,6,4568,T
2-PB1,1227,0,11,4564,0,4575,G
2-PB1,1228,2,7,4604,0,4613,G
2-PB1,1229,3,1,4630,0,4634,G
2-PB1,1230,2,2,0,4594,4598,C
2-PB1,1231,4607,0,3,0,4610,A
2-PB1,1232,2,4622,0,1,4625,T
2-PB1,1233,3,0,4755,0,4758,G
2-PB1,1234,0,4757,0,7,4764,T
2-PB1,1235,1,4770,0,5,4776,T
2-PB1,1236,12,1,1,4767,4781,C
2-PB1,1237,4759,1,2,1,4763,A
2-PB1,1238,4762,1,7,0,4770,A
2-PB1,1239,1,2,0,4781,4784,C
2-PB1,1240,4789,0,3,0,4792,A
2-PB1,1241,0,4780,0,0,4780,T
2-PB1,1242,1,0,4814,0,4815,G
2-PB1,1243,1,1,0,4803,4805,C
2-PB1,1244,1,4808,0,1,4810,T
2-PB1,1245,4841,1,0,0,4842,A
2-PB1,1246,4839,0,4,0,4843,A
2-PB1,1247,1,0,4929,0,4930,G
2-PB1,1248,0,4920,1,2,4923,T
2-PB1,1249,4896,0,3,0,4899,A
2-PB1,1250,2,4,1,4922,4929,C
2-PB1,1251,1,3,4915,0,4919,G
2-PB1,1252,0,0,5179,0,5179,G
2-PB1,1253,1,5157,1,4,5163,T
2-PB1,1254,2,5134,0,0,5136,T
2-PB1,1255,0,5136,1,2,5139,T
2-PB1,1256,0,5124,0,2,5126,T
2-PB1,1257,5128,1,3,0,5132,A
2-PB1,1258,2,3,5121,0,5126,G
2-PB1,1259,1,8,5115,0,5124,G
2-PB1,1260,5029,0,7,0,5036,A
2-PB1,1261,0,0,4999,1,5000,G
2-PB1,1262,0,5018,0,3,5021,T
2-PB1,1263,6,2,0,5011,5019,C
2-PB1,1264,1,5030,2,6,5039,T
2-PB1,1265,8,4,0,5028,5040,C
2-PB1,1266,4,7,5042,0,5053,G
2-PB1,1267,5200,1,0,0,5201,A
2-PB1,1268,1,5203,0,2,5206,T
2-PB1,1269,5220,2,1,0,5223,A
2-PB1,1270,3,1,0,5218,5222,C
2-PB1,1271,1,5146,0,5,5152,T
2-PB1,1272,1,5,5153,0,5159,G
2-PB1,1273,5154,0,0,0,5154,A
2-PB1,1274,5223,1,3,0,5227,A
2-PB1,1275,0,5214,0,5,5219,T
2-PB1,1276,3,0,0,5108,5111,C
2-PB1,1277,1,5096,0,4,5101,T
2-PB1,1278,1,5077,2,4,5084,T
2-PB1,1279,2,8,5084,0,5094,G
2-PB1,1280,0,5,5098,0,5103,G
2-PB1,1281,5092,0,5,0,5097,A
2-PB1,1282,0,2,1,5099,5102,C
2-PB1,1283,5033,0,3,0,5036,A
2-PB1,1284,5065,0,0,0,5065,A
2-PB1,1285,5073,0,3,0,5076,A
2-PB1,1286,5075,0,8,2,5085,A
2-PB1,1287,0,3,5173,0,5176,G
2-PB1,1288,5170,1,1,0,5172,A
2-PB1,1289,5165,1,4,0,5170,A
2-PB1,1290,5172,1,5,0,5178,A
2-PB1,1291,2,5174,0,2,5178,T
2-PB1,1292,5170,0,3,0,5173,A
2-PB1,1293,5,1,1,5310,5317,C
2-PB1,1294,5286,1,4,0,5291,A
2-PB1,1295,1,2,0,5307,5310,C
2-PB1,1296,7,2,0,5247,5256,C
2-PB1,1297,5235,0,0,0,5235,A
2-PB1,1298,5268,0,32,0,5300,A
2-PB1,1299,0,6,5435,0,5441,G
2-PB1,1300,5495,1,7,1,5504,A
2-PB1,1301,1,4,0,5527,5532,C
2-PB1,1302,5406,0,2,0,5408,A
2-PB1,1303,5572,0,8,0,5580,A
2-PB1,1304,0,0,0,5591,5591,C
2-PB1,1305,5672,1,1,0,5674,A
2-PB1,1306,0,5690,0,2,5692,T
2-PB1,1307,5645,0,2,0,5647,A
2-PB1,1308,0,0,0,5746,5746,C
2-PB1,1309,0,5538,0,10,5548,T
2-PB1,1310,2,7,5616,0,5625,G
2-PB1,1311,0,2,5602,0,5604,G
2-PB1,1312,0,5502,0,3,5505,T
2-PB1,1313,5,13,5469,0,5487,G
2-PB1,1314,2,6,5448,0,5456,G
2-PB1,1315,1,5,5461,0,5467,G
2-PB1,1316,5456,1,6,0,5463,A
2-PB1,1317,2,5379,0,2,5383,T
2-PB1,1318,2,17,5366,0,5385,G
2-PB1,1319,0,7,5330,0,5337,G
2-PB1,1320,2,0,5373,1,5376,G
2-PB1,1321,1,0,0,5444,5445,C
2-PB1,1322,0,5412,0,12,5424,T
2-PB1,1323,6,4,0,5427,5437,C
2-PB1,1324,4,5,0,5423,5432,C
2-PB1,1325,5436,1,2,0,5439,A
2-PB1,1326,5444,1,0,0,5445,A
2-PB1,1327,1,5429,0,7,5437,T
2-PB1,1328,9,3,0,5405,5417,C
2-PB1,1329,5,1,0,5371,5377,C
2-PB1,1330,0,5338,0,8,5346,T
2-PB1,1331,9,1,0,5333,5343,C
2-PB1,1332,3,3,0,5320,5326,C
2-PB1,1333,4,5,5332,0,5341,G
2-PB1,1334,5322,3,4,0,5329,A
2-PB1,1335,1,3,0,5331,5335,C
2-PB1,1336,1,9,5333,1,5344,G
2-PB1,1337,5361,0,2,0,5363,A
2-PB1,1338,1,5350,1,2,5354,T
2-PB1,1339,1,5343,0,2,5346,T
2-PB1,1340,4,5337,0,6,5347,T
2-PB1,1341,0,5355,0,2,5357,T
2-PB1,1342,1,4,5365,0,5370,G
2-PB1,1343,5,2,0,5380,5387,C
2-PB1,1344,13,3,0,5377,5393,C
2-PB1,1345,13,1,0,5513,5527,C
2-PB1,1346,0,5439,1,12,5452,T
2-PB1,1347,9,0,1,5624,5634,C
2-PB1,1348,5659,0,2,0,5661,A
2-PB1,1349,0,5678,0,7,5685,T
2-PB1,1350,5685,0,2,0,5687,A
2-PB1,1351,3,0,5731,0,5734,G
2-PB1,1352,0,5656,0,3,5659,T
2-PB1,1353,0,13,5668,1,5682,G
2-PB1,1354,5501,2,4,0,5507,A
2-PB1,1355,5506,0,4,0,5510,A
2-PB1,1356,1,5291,1,1,5294,T
2-PB1,1357,1,1,5285,0,5287,G
2-PB1,1358,3,3,0,5300,5306,C
2-PB1,1359,5303,1,7,0,5311,A
2-PB1,1360,0,3,0,5310,5313,C
2-PB1,1361,10,1,0,5252,5263,C
2-PB1,1362,5231,1,2,0,5234,A
2-PB1,1363,5234,0,2,0,5236,A
2-PB1,1364,5218,2,2,0,5222,A
2-PB1,1365,1,5123,0,2,5126,T
2-PB1,1366,5,1,0,5251,5257,C
2-PB1,1367,5247,1,3,0,5251,A
2-PB1,1368,0,5251,0,0,5251,T
2-PB1,1369,1,4,5262,0,5267,G
2-PB1,1370,5253,0,8,0,5261,A
2-PB1,1371,0,9,5259,0,5268,G
2-PB1,1372,1,6,5253,1,5261,G
2-PB1,1373,4,12,5271,0,5287,G
2-PB1,1374,5262,0,5,0,5267,A
2-PB1,1375,5332,0,3,0,5335,A
2-PB1,1376,0,5339,0,1,5340,T
2-PB1,1377,5358,1,1,0,5360,A
2-PB1,1378,0,1,0,5357,5358,C
2-PB1,1379,5357,2,4,0,5363,A
2-PB1,1380,5343,0,9,0,5352,A
2-PB1,1381,2,2,5333,0,5337,G
2-PB1,1382,0,2,0,5306,5308,C
2-PB1,1383,5282,0,5,0,5287,A
2-PB1,1384,0,4,5326,0,5330,G
2-PB1,1385,0,7,5332,0,5339,G
2-PB1,1386,5322,2,1,0,5325,A
2-PB1,1387,0,12,5350,0,5362,G
2-PB1,1388,0,5285,0,2,5287,T
2-PB1,1389,0,11,5319,0,5330,G
2-PB1,1390,48,6,5287,0,5341,G
2-PB1,1391,5336,0,9,0,5345,A
2-PB1,1392,3,5341,0,2,5346,T
2-PB1,1393,5255,0,5,0,5260,A
2-PB1,1394,0,4,5294,0,5298,G
2-PB1,1395,5327,1,2,0,5330,A
2-PB1,1396,1,5330,1,1,5333,T
2-PB1,1397,1,5311,0,1,5313,T
2-PB1,1398,6,0,0,5443,5449,C
2-PB1,1399,1,5425,0,2,5428,T
2-PB1,1400,5421,0,5,0,5426,A
2-PB1,1401,2,0,1,5422,5425,C
2-PB1,1402,5326,0,4,0,5330,A
2-PB1,1403,0,2,5338,1,5341,G
2-PB1,1404,0,19,5250,0,5269,G
2-PB1,1405,5320,1,4,0,5325,A
2-PB1,1406,2,2,0,5302,5306,C
2-PB1,1407,5,0,1,5186,5192,C
2-PB1,1408,1,5147,0,14,5162,T
2-PB1,1409,2,3,5170,0,5175,G
2-PB1,1410,1,0,2,5156,5159,C
2-PB1,1411,5125,0,48,0,5173,A
2-PB1,1412,5181,3,9,0,5193,A
2-PB1,1413,0,0,5208,0,5208,G
2-PB1,1414,0,5103,0,3,5106,T
2-PB1,1415,0,5105,1,2,5108,T
2-PB1,1416,5037,1,3,0,5041,A
2-PB1,1417,0,1,5055,0,5056,G
2-PB1,1418,3,5030,0,3,5036,T
2-PB1,1419,2,10,5028,0,5040,G
2-PB1,1420,1,5,5019,0,5025,G
2-PB1,1421,4,16,5021,1,5042,G
2-PB1,1422,5020,2,0,0,5022,A
2-PB1,1423,5038,0,1,1,5040,A
2-PB1,1424,0,5021,0,4,5025,T
2-PB1,1425,10,1,0,5030,5041,C
2-PB1,1426,5026,1,8,0,5035,A
2-PB1,1427,5050,0,3,0,5053,A
2-PB1,1428,0,1,0,5033,5034,C
2-PB1,1429,5039,0,3,0,5042,A
2-PB1,1430,0,4919,0,0,4919,T
2-PB1,1431,3,18,4912,0,4933,G
2-PB1,1432,4926,0,4,2,4932,A
2-PB1,1433,0,1,4954,0,4955,G
2-PB1,1434,2,2,0,4929,4933,C
2-PB1,1435,4923,0,1,0,4924,A
2-PB1,1436,4937,0,2,0,4939,A
2-PB1,1437,4934,0,2,0,4936,A
2-PB1,1438,4955,1,0,0,4956,A
2-PB1,1439,4958,1,2,0,4961,A
2-PB1,1440,23,2,4935,0,4960,G
2-PB1,1441,4901,1,2,0,4904,A
2-PB1,1442,4844,1,16,0,4861,A
2-PB1,1443,1,0,5026,0,5027,G
2-PB1,1444,1,5000,0,6,5007,T
2-PB1,1445,14,1,1,4997,5013,C
2-PB1,1446,9,4,0,5021,5034,C
2-PB1,1447,3,5000,0,7,5010,T
2-PB1,1448,5080,0,1,1,5082,A
2-PB1,1449,1,5068,0,1,5070,T
2-PB1,1450,5070,3,3,0,5076,A
2-PB1,1451,0,5074,0,0,5074,T
2-PB1,1452,4909,0,1,0,4910,A
2-PB1,1453,4903,1,2,0,4906,A
2-PB1,1454,4899,0,1,6,4906,A
2-PB1,1455,1,4890,0,2,4893,T
2-PB1,1456,4843,0,0,0,4843,A
2-PB1,1457,4814,1,4,0,4819,A
2-PB1,1458,4824,0,1,1,4826,A
2-PB1,1459,4837,0,2,1,4840,A
2-PB1,1460,4,1,0,4838,4843,C
2-PB1,1461,4621,0,0,1,4622,A
2-PB1,1462,1,8,4611,0,4620,G
2-PB1,1463,2,5,4606,1,4614,G
2-PB1,1464,0,6,4618,0,4624,G
2-PB1,1465,4614,1,8,0,4623,A
2-PB1,1466,0,0,0,4645,4645,C
2-PB1,1467,4612,0,0,0,4612,A
2-PB1,1468,1,4619,0,1,4621,T
2-PB1,1469,1,4619,0,3,4623,T
2-PB1,1470,0,4629,0,2,4631,T
2-PB1,1471,0,13,4618,0,4631,G
2-PB1,1472,4599,0,1,0,4600,A
2-PB1,1473,4599,2,2,0,4603,A
2-PB1,1474,0,4594,0,2,4596,T
2-PB1,1475,0,4480,0,5,4485,T
2-PB1,1476,17,1,0,4495,4513,C
2-PB1,1477,4472,2,2,0,4476,A
2-PB1,1478,2,0,0,4471,4473,C
2-PB1,1479,0,4478,0,2,4480,T
2-PB1,1480,4478,1,1,1,4481,A
2-PB1,1481,2,0,4473,1,4476,G
2-PB1,1482,2,1,0,4469,4472,C
2-PB1,1483,1,4396,0,9,4406,T
2-PB1,1484,0,4463,2,2,4467,T
2-PB1,1485,0,4445,1,2,4448,T
2-PB1,1486,1,4455,0,0,4456,T
2-PB1,1487,0,4454,0,2,4456,T
2-PB1,1488,0,4449,0,3,4452,T
2-PB1,1489,0,4430,0,4,4434,T
2-PB1,1490,4428,1,1,0,4430,A
2-PB1,1491,0,4419,0,0,4419,T
2-PB1,1492,5,0,0,4412,4417,C
2-PB1,1493,1,2,4434,0,4437,G
2-PB1,1494,4549,0,3,1,4553,A
2-PB1,1495,2,4544,0,2,4548,T
2-PB1,1496,4551,0,4,2,4557,A
2-PB1,1497,1,4579,0,1,4581,T
2-PB1,1498,2,10,4569,0,4581,G
2-PB1,1499,1,5,4591,1,4598,G
2-PB1,1500,4604,0,2,0,4606,A
2-PB1,1501,0,4550,0,2,4552,T
2-PB1,1502,0,4520,2,1,4523,T
2-PB1,1503,1,4377,0,1,4379,T
2-PB1,1504,1,1,4386,0,4388,G
2-PB1,1505,3,4363,0,3,4369,T
2-PB1,1506,0,5,4357,1,4363,G
2-PB1,1507,1,0,4363,0,4364,G
2-PB1,1508,3,0,0,4324,4327,C
2-PB1,1509,0,4333,0,3,4336,T
2-PB1,1510,4351,0,0,0,4351,A
2-PB1,1511,4371,0,0,0,4371,A
2-PB1,1512,0,4377,1,1,4379,T
2-PB1,1513,0,4388,1,0,4389,T
2-PB1,1514,1,4391,1,1,4394,T
2-PB1,1515,0,4387,0,0,4387,T
2-PB1,1516,4375,0,0,2,4377,A
2-PB1,1517,1,2,4400,0,4403,G
2-PB1,1518,0,2,1,4396,4399,C
2-PB1,1519,4376,0,3,1,4380,A
2-PB1,1520,2,4336,1,3,4342,T
2-PB1,1521,1,1,4274,0,4276,G
2-PB1,1522,1,4,4322,0,4327,G
2-PB1,1523,4299,1,6,0,4306,A
2-PB1,1524,4,0,4314,0,4318,G
2-PB1,1525,0,1,0,4304,4305,C
2-PB1,1526,1,4257,1,6,4265,T
2-PB1,1527,4,0,4286,0,4290,G
2-PB1,1528,3,1,0,4270,4274,C
2-PB1,1529,7,0,0,4253,4260,C
2-PB1,1530,11,1,0,4273,4285,C
2-PB1,1531,4172,2,1,0,4175,A
2-PB1,1532,1,0,4361,0,4362,G
2-PB1,1533,1,4339,0,4,4344,T
2-PB1,1534,1,4352,0,0,4353,T
2-PB1,1535,1,4339,1,3,4344,T
2-PB1,1536,0,4285,1,3,4289,T
2-PB1,1537,1,2,4283,0,4286,G
2-PB1,1538,1,6,4280,0,4287,G
2-PB1,1539,4261,0,5,0,4266,A
2-PB1,1540,1,0,4278,0,4279,G
2-PB1,1541,3,3923,0,3,3929,T
2-PB1,1542,1,0,4036,0,4037,G
2-PB1,1543,0,4035,1,2,4038,T
2-PB1,1544,14,0,1,4020,4035,C
2-PB1,1545,0,4031,1,6,4038,T
2-PB1,1546,1,4,4039,0,4044,G
2-PB1,1547,2,11,4068,1,4082,G
2-PB1,1548,4073,0,4,1,4078,A
2-PB1,1549,4085,0,3,1,4089,A
2-PB1,1550,1,4075,2,1,4079,T
2-PB1,1551,3708,0,3,0,3711,A
2-PB1,1552,3713,0,3,0,3716,A
2-PB1,1553,3705,1,4,0,3710,A
2-PB1,1554,0,0,0,3720,3720,C
2-PB1,1555,2,9,3683,0,3694,G
2-PB1,1556,3639,1,1,1,3642,A
2-PB1,1557,2,0,3644,0,3646,G
2-PB1,1558,0,3628,0,4,3632,T
2-PB1,1559,4,1,0,3639,3644,C
2-PB1,1560,3626,0,8,0,3634,A
2-PB1,1561,0,0,3677,0,3677,G
2-PB1,1562,1,0,0,3675,3676,C
2-PB1,1563,0,3660,0,2,3662,T
2-PB1,1564,1,1,3755,1,3758,G
2-PB1,1565,3720,0,3,0,3723,A
2-PB1,1566,0,3729,0,1,3730,T
2-PB1,1567,3735,0,2,0,3737,A
2-PB1,1568,0,3685,0,1,3686,T
2-PB1,1569,0,13,3684,0,3697,G
2-PB1,1570,3529,0,5,0,3534,A
2-PB1,1571,2,0,3579,0,3581,G
2-PB1,1572,2,1,0,3579,3582,C
2-PB1,1573,3371,1,0,0,3372,A
2-PB1,1574,0,3367,0,0,3367,T
2-PB1,1575,4,3354,0,2,3360,T
2-PB1,1576,0,3,3378,0,3381,G
2-PB1,1577,1,7,3471,0,3479,G
2-PB1,1578,3398,1,1,1,3401,A
2-PB1,1579,0,2,3405,0,3407,G
2-PB1,1580,0,3252,0,1,3253,T
2-PB1,1581,3232,0,6,1,3239,A
2-PB1,1582,3238,0,7,1,3246,A
2-PB1,1583,3,3,0,3250,3256,C
2-PB1,1584,3229,0,0,0,3229,A
2-PB1,1585,0,0,3273,0,3273,G
2-PB1,1586,1,2839,0,3,2843,T
2-PB1,1587,12,3,2848,0,2863,G
2-PB1,1588,2882,0,4,0,2886,A
2-PB1,1589,2,2875,0,4,2881,T
2-PB1,1590,2869,0,3,0,2872,A
2-PB1,1591,2863,1,5,1,2870,A
2-PB1,1592,2772,0,4,0,2776,A
2-PB1,1593,0,6,2795,0,2801,G
2-PB1,1594,2601,0,5,0,2606,A
2-PB1,1595,2596,1,2,0,2599,A
2-PB1,1596,1,2,0,2600,2603,C
2-PB1,1597,2484,2,2,0,2488,A
2-PB1,1598,2520,0,1,0,2521,A
2-PB1,1599,0,1,0,2533,2534,C
2-PB1,1600,2543,0,3,1,2547,A
2-PB1,1601,1,2532,6,1,2540,T
2-PB1,1602,0,3,2441,0,2444,G
2-PB1,1603,2442,1,2,0,2445,A
2-PB1,1604,1,2445,1,0,2447,T
2-PB1,1605,2402,0,1,0,2403,A
2-PB1,1606,2416,1,1,0,2418,A
2-PB1,1607,2346,1,4,2,2353,A
2-PB1,1608,2,0,0,2361,2363,C
2-PB1,1609,2232,0,0,1,2233,A
2-PB1,1610,2223,0,3,1,2227,A
2-PB1,1611,0,2147,0,5,2152,T
2-PB1,1612,1,7,2143,0,2151,G
2-PB1,1613,2208,0,1,0,2209,A
2-PB1,1614,0,0,0,2210,2210,C
2-PB1,1615,6,1,0,2157,2164,C
2-PB1,1616,0,2047,0,10,2057,T
2-PB1,1617,0,2001,0,0,2001,T
2-PB1,1618,1,4,1999,1,2005,G
2-PB1,1619,0,6,2013,0,2019,G
2-PB1,1620,2037,0,3,0,2040,A
2-PB1,1621,1,0,0,2033,2034,C
2-PB1,1622,1,3,0,2002,2006,C
2-PB1,1623,1995,1,3,0,1999,A
2-PB1,1624,1,2,2019,0,2022,G
2-PB1,1625,3,1,0,2018,2022,C
2-PB1,1626,2026,0,2,1,2029,A
2-PB1,1627,2024,1,1,1,2027,A
2-PB1,1628,0,0,0,2015,2015,C
2-PB1,1629,1997,0,6,3,2006,A
2-PB1,1630,0,0,2047,0,2047,G
2-PB1,1631,0,0,0,2040,2040,C
2-PB1,1632,0,1,0,2036,2037,C
2-PB1,1633,1,0,0,2043,2044,C
2-PB1,1634,2047,0,1,0,2048,A
2-PB1,1635,2042,0,0,1,2043,A
2-PB1,1636,2045,0,1,1,2047,A
2-PB1,1637,1,2049,0,0,2050,T
2-PB1,1638,0,2,2032,0,2034,G
2-PB1,1639,0,0,2018,0,2018,G
2-PB1,1640,0,0,0,2020,2020,C
2-PB1,1641,0,2005,0,2,2007,T
2-PB1,1642,5,0,0,2052,2057,C
2-PB1,1643,1,2042,0,5,2048,T
2-PB1,1644,9,0,0,2062,2071,C
2-PB1,1645,1,2,0,2068,2071,C
2-PB1,1646,2081,0,0,0,2081,A
2-PB1,1647,2083,0,1,0,2084,A
2-PB1,1648,0,2062,1,1,2064,T
2-PB1,1649,0,2052,0,0,2052,T
2-PB1,1650,0,0,2065,0,2065,G
2-PB1,1651,0,2035,0,3,2038,T
2-PB1,1652,1,2033,0,0,2034,T
2-PB1,1653,8,3,0,2025,2036,C
2-PB1,1654,2028,0,1,1,2030,A
2-PB1,1655,1,2023,0,9,2033,T
2-PB1,1656,2,0,0,2034,2036,C
2-PB1,1657,2036,0,0,0,2036,A
2-PB1,1658,2033,1,0,1,2035,A
2-PB1,1659,2032,0,3,1,2036,A
2-PB1,1660,0,0,2070,0,2070,G
2-PB1,1661,2071,0,1,0,2072,A
2-PB1,1662,0,2075,1,1,2077,T
2-PB1,1663,1,2077,0,0,2078,T
2-PB1,1664,2084,0,3,0,2087,A
2-PB1,1665,0,2,0,2117,2119,C
2-PB1,1666,2110,0,4,0,2114,A
2-PB1,1667,0,2,2136,0,2138,G
2-PB1,1668,2126,0,2,0,2128,A
2-PB1,1669,0,2149,0,3,2152,T
2-PB1,1670,2152,0,2,0,2154,A
2-PB1,1671,2,1,0,2259,2262,C
2-PB1,1672,2293,1,2,0,2296,A
2-PB1,1673,0,1,0,2430,2431,C
2-PB1,1674,2391,2,1,0,2394,A
2-PB1,1675,0,2413,0,2,2415,T
2-PB1,1676,2386,2,0,0,2388,A
2-PB1,1677,0,2380,1,1,2382,T
2-PB1,1678,2320,1,3,0,2324,A
2-PB1,1679,0,3,2319,0,2322,G
2-PB1,1680,0,0,2282,0,2282,G
2-PB1,1681,0,2187,0,4,2191,T
2-PB1,1682,1,1,2156,0,2158,G
2-PB1,1683,2,1,0,2221,2224,C
2-PB1,1684,7,0,0,2211,2218,C
2-PB1,1685,2250,0,1,0,2251,A
2-PB1,1686,0,2251,0,1,2252,T
2-PB1,1687,2253,0,0,0,2253,A
2-PB1,1688,2,3,2255,0,2260,G
2-PB1,1689,2202,0,3,0,2205,A
2-PB1,1690,0,3,2218,0,2221,G
2-PB1,1691,1,2,2213,0,2216,G
2-PB1,1692,2117,0,8,0,2125,A
2-PB1,1693,0,5,2128,1,2134,G
2-PB1,1694,2110,0,3,0,2113,A
2-PB1,1695,0,0,0,2110,2110,C
2-PB1,1696,2107,0,2,0,2109,A
2-PB1,1697,0,1,0,2125,2126,C
2-PB1,1698,2115,0,1,1,2117,A
2-PB1,1699,0,0,0,2129,2129,C
2-PB1,1700,2109,1,0,0,2110,A
2-PB1,1701,2117,1,3,0,2121,A
2-PB1,1702,2142,0,1,0,2143,A
2-PB1,1703,1,2128,0,2,2131,T
2-PB1,1704,4,0,0,2143,2147,C
2-PB1,1705,0,2,0,2140,2142,C
2-PB1,1706,2123,0,0,0,2123,A
2-PB1,1707,19,4,2106,0,2129,G
2-PB1,1708,2127,1,2,0,2130,A
2-PB1,1709,0,0,0,2143,2143,C
2-PB1,1710,1,9,2125,0,2135,G
2-PB1,1711,2115,1,0,0,2116,A
2-PB1,1712,0,2,2117,0,2119,G
2-PB1,1713,2121,0,0,0,2121,A
2-PB1,1714,2119,0,5,0,2124,A
2-PB1,1715,0,4,2121,0,2125,G
2-PB1,1716,2128,1,1,0,2130,A
2-PB1,1717,1,2116,0,2,2119,T
2-PB1,1718,3,0,0,2112,2115,C
2-PB1,1719,2125,1,0,0,2126,A
2-PB1,1720,0,2113,0,1,2114,T
2-PB1,1721,0,2115,0,0,2115,T
2-PB1,1722,2,2,0,2115,2119,C
2-PB1,1723,0,3,2117,0,2120,G
2-PB1,1724,2105,0,0,0,2105,A
2-PB1,1725,0,1,2108,0,2109,G
2-PB1,1726,2096,0,1,0,2097,A
2-PB1,1727,1,2157,0,0,2158,T
2-PB1,1728,2159,0,0,0,2159,A
2-PB1,1729,2167,1,1,0,2169,A
2-PB1,1730,2165,1,3,0,2169,A
2-PB1,1731,2,3,2169,0,2174,G
2-PB1,1732,2174,0,0,1,2175,A
2-PB1,1733,2117,0,9,0,2126,A
2-PB1,1734,0,0,2133,0,2133,G
2-PB1,1735,0,1,0,2140,2141,C
2-PB1,1736,1,2108,0,1,2110,T
2-PB1,1737,0,0,2132,0,2132,G
2-PB1,1738,0,2119,1,1,2121,T
2-PB1,1739,0,3,2109,1,2113,G
2-PB1,1740,1,2,2115,0,2118,G
2-PB1,1741,0,5,2121,0,2126,G
2-PB1,1742,2136,1,1,0,2138,A
2-PB1,1743,1,2122,0,0,2123,T
2-PB1,1744,3,1,0,2111,2115,C
2-PB1,1745,2120,0,0,0,2120,A
2-PB1,1746,2136,0,0,0,2136,A
2-PB1,1747,2139,1,2,0,2142,A
2-PB1,1748,2,1,0,2134,2137,C
2-PB1,1749,3,21,0,2111,2135,C
2-PB1,1750,7,0,0,2114,2121,C
2-PB1,1751,2120,1,2,0,2123,A
2-PB1,1752,2157,0,3,0,2160,A
2-PB1,1753,0,2152,0,0,2152,T
2-PB1,1754,2,0,0,2153,2155,C
2-PB1,1755,2138,0,0,0,2138,A
2-PB1,1756,2126,0,3,0,2129,A
2-PB1,1757,0,1,2149,0,2150,G
2-PB1,1758,0,3,2136,0,2139,G
2-PB1,1759,0,0,2133,0,2133,G
2-PB1,1760,0,1,0,2148,2149,C
2-PB1,1761,2112,0,4,0,2116,A
2-PB1,1762,2,2,2182,1,2187,G
2-PB1,1763,1,2,2210,0,2213,G
2-PB1,1764,2215,0,1,0,2216,A
2-PB1,1765,2,2,0,2239,2243,C
2-PB1,1766,0,2209,0,0,2209,T
2-PB1,1767,2259,1,2,0,2262,A
2-PB1,1768,0,2253,0,1,2254,T
2-PB1,1769,1,2258,0,2,2261,T
2-PB1,1770,0,4,2258,0,2262,G
2-PB1,1771,0,0,2275,0,2275,G
2-PB1,1772,1,2247,0,2,2250,T
2-PB1,1773,2253,0,0,0,2253,A
2-PB1,1774,0,2224,0,1,2225,T
2-PB1,1775,1,0,0,2230,2231,C
2-PB1,1776,2196,0,0,0,2196,A
2-PB1,1777,0,0,2215,0,2215,G
2-PB1,1778,2209,0,1,0,2210,A
2-PB1,1779,1,2200,0,0,2201,T
2-PB1,1780,0,6,2128,1,2135,G
2-PB1,1781,0,6,2123,0,2129,G
2-PB1,1782,1,0,2134,0,2135,G
2-PB1,1783,1,1,2128,0,2130,G
2-PB1,1784,6,3,2129,0,2138,G
2-PB1,1785,2123,1,13,0,2137,A
2-PB1,1786,1,0,0,2125,2126,C
2-PB1,1787,5,1,0,2105,2111,C
2-PB1,1788,2117,0,1,0,2118,A
2-PB1,1789,2252,0,0,0,2252,A
2-PB1,1790,2258,0,2,0,2260,A
2-PB1,1791,1,0,0,2295,2296,C
2-PB1,1792,0,2278,0,1,2279,T
2-PB1,1793,1,2265,0,0,2266,T
2-PB1,1794,2271,0,0,0,2271,A
2-PB1,1795,1,2274,0,1,2276,T
2-PB1,1796,2272,1,4,0,2277,A
2-PB1,1797,0,0,0,2275,2275,C
2-PB1,1798,2138,0,1,0,2139,A
2-PB1,1799,2146,2,0,0,2148,A
2-PB1,1800,0,2087,1,0,2088,T
2-PB1,1801,2115,1,0,0,2116,A
2-PB1,1802,1,2115,0,0,2116,T
2-PB1,1803,2,2,0,2110,2114,C
2-PB1,1804,2,1,0,2102,2105,C
2-PB1,1805,0,1,2110,0,2111,G
2-PB1,1806,1,4,2110,0,2115,G
2-PB1,1807,2110,1,0,0,2111,A
2-PB1,1808,2116,0,1,0,2117,A
2-PB1,1809,1,2116,0,0,2117,T
2-PB1,1810,0,0,0,2123,2123,C
2-PB1,1811,0,2123,0,4,2127,T
2-PB1,1812,0,2132,0,2,2134,T
2-PB1,1813,3,0,0,2128,2131,C
2-PB1,1814,2125,1,3,0,2129,A
2-PB1,1815,0,0,1,2138,2139,C
2-PB1,1816,2133,0,0,0,2133,A
2-PB1,1817,0,2308,0,2,2310,T
2-PB1,1818,1,0,0,2303,2304,C
2-PB1,1819,4,0,0,2312,2316,C
2-PB1,1820,5,2,1,2321,2329,C
2-PB1,1821,1,2318,0,4,2323,T
2-PB1,1822,0,2,2317,0,2319,G
2-PB1,1823,2313,0,0,1,2314,A
2-PB1,1824,2310,0,0,0,2310,A
2-PB1,1825,0,1,2312,1,2314,G
2-PB1,1826,0,2164,0,2,2166,T
2-PB1,1827,1,0,0,2158,2159,C
2-PB1,1828,0,2119,0,1,2120,T
2-PB1,1829,0,0,2169,0,2169,G
2-PB1,1830,0,0,0,2169,2169,C
2-PB1,1831,0,2169,0,0,2169,T
2-PB1,1832,1,2173,0,1,2175,T
2-PB1,1833,2178,0,0,0,2178,A
2-PB1,1834,2173,0,0,0,2173,A
2-PB1,1835,2175,0,1,0,2176,A
2-PB1,1836,2112,1,1,0,2114,A
2-PB1,1837,0,2140,0,0,2140,T
2-PB1,1838,0,3,2136,0,2139,G
2-PB1,1839,0,1,2139,0,2140,G
2-PB1,1840,1,4,2141,0,2146,G
2-PB1,1841,2141,0,3,0,2144,A
2-PB1,1842,0,0,2158,0,2158,G
2-PB1,1843,5,0,0,2148,2153,C
2-PB1,1844,0,2153,0,3,2156,T
2-PB1,1845,1,1,2161,0,2163,G
2-PB1,1846,2158,0,0,0,2158,A
2-PB1,1847,0,2159,0,0,2159,T
2-PB1,1848,0,2,2183,0,2185,G
2-PB1,1849,0,2,2179,0,2181,G
2-PB1,1850,2173,0,3,0,2176,A
2-PB1,1851,0,2172,0,0,2172,T
2-PB1,1852,29,5,2143,0,2177,G
2-PB1,1853,2172,0,0,0,2172,A
2-PB1,1854,0,4,2201,0,2205,G
2-PB1,1855,2198,0,1,0,2199,A
2-PB1,1856,2202,0,0,0,2202,A
2-PB1,1857,0,2176,0,1,2177,T
2-PB1,1858,0,2170,0,0,2170,T
2-PB1,1859,2175,0,2,0,2177,A
2-PB1,1860,0,2173,0,1,2174,T
2-PB1,1861,2,1,0,2173,2176,C
2-PB1,1862,0,3,2177,0,2180,G
2-PB1,1863,0,6,2162,0,2168,G
2-PB1,1864,0,2,2164,0,2166,G
2-PB1,1865,0,1,2169,0,2170,G
2-PB1,1866,2167,2,1,0,2170,A
2-PB1,1867,2167,1,4,0,2172,A
2-PB1,1868,0,3,2185,0,2188,G
2-PB1,1869,2192,0,1,1,2194,A
2-PB1,1870,0,2,0,2201,2203,C
2-PB1,1871,1,2177,0,3,2181,T
2-PB1,1872,0,2220,0,1,2221,T
2-PB1,1873,0,2219,0,1,2220,T
2-PB1,1874,0,0,2232,0,2232,G
2-PB1,1875,0,2234,0,1,2235,T
2-PB1,1876,2223,0,2,0,2225,A
2-PB1,1877,2218,0,0,0,2218,A
2-PB1,1878,0,2171,0,3,2174,T
2-PB1,1879,1,0,0,2192,2193,C
2-PB1,1880,3,0,0,2186,2189,C
2-PB1,1881,5,0,0,2167,2172,C
2-PB1,1882,5,0,0,2180,2185,C
2-PB1,1883,0,2173,0,5,2178,T
2-PB1,1884,0,2,2190,0,2192,G
2-PB1,1885,2186,0,1,0,2187,A
2-PB1,1886,2195,1,2,1,2199,A
2-PB1,1887,0,2198,0,3,2201,T
2-PB1,1888,2,0,0,2200,2202,C
2-PB1,1889,3,0,0,2186,2189,C
2-PB1,1890,8,2,0,2168,2178,C
2-PB1,1891,0,2165,0,6,2171,T
2-PB1,1892,0,2182,0,0,2182,T
2-PB1,1893,0,2168,0,0,2168,T
2-PB1,1894,0,0,2175,0,2175,G
2-PB1,1895,0,2164,0,2,2166,T
2-PB1,1896,6,2,0,2158,2166,C
2-PB1,1897,2139,0,2,0,2141,A
2-PB1,1898,2,0,2162,0,2164,G
2-PB1,1899,3,0,1,2157,2161,C
2-PB1,1900,4,0,1,2155,2160,C
2-PB1,1901,2167,1,1,1,2170,A
2-PB1,1902,1,2164,0,3,2168,T
2-PB1,1903,2168,0,0,1,2169,A
2-PB1,1904,2173,1,2,0,2176,A
2-PB1,1905,2178,0,0,1,2179,A
2-PB1,1906,1,2,2193,0,2196,G
2-PB1,1907,2161,0,0,0,2161,A
2-PB1,1908,2165,0,0,0,2165,A
2-PB1,1909,2162,1,1,0,2164,A
2-PB1,1910,0,2156,0,0,2156,T
2-PB1,1911,0,2161,0,0,2161,T
2-PB1,1912,0,4,2154,0,2158,G
2-PB1,1913,2148,0,2,2,2152,A
2-PB1,1914,0,0,2181,0,2181,G
2-PB1,1915,0,2176,0,0,2176,T
2-PB1,1916,7,1,0,2187,2195,C
2-PB1,1917,1,2182,0,4,2187,T
2-PB1,1918,0,0,2230,0,2230,G
2-PB1,1919,0,2226,0,1,2227,T
2-PB1,1920,2245,0,16,0,2261,A
2-PB1,1921,2257,1,3,0,2261,A
2-PB1,1922,2259,1,0,1,2261,A
2-PB1,1923,1,2,0,2259,2262,C
2-PB1,1924,2193,0,0,0,2193,A
2-PB1,1925,2218,1,0,0,2219,A
2-PB1,1926,0,2211,0,0,2211,T
2-PB1,1927,2,1,2207,0,2210,G
2-PB1,1928,2,0,0,2229,2231,C
2-PB1,1929,0,2183,0,4,2187,T
2-PB1,1930,0,0,2234,0,2234,G
2-PB1,1931,1,2226,0,1,2228,T
2-PB1,1932,2264,0,1,0,2265,A
2-PB1,1933,0,0,2271,0,2271,G
2-PB1,1934,0,2214,0,0,2214,T
2-PB1,1935,2198,0,1,0,2199,A
2-PB1,1936,2183,0,0,0,2183,A
2-PB1,1937,2,2161,0,0,2163,T
2-PB1,1938,0,0,2161,0,2161,G
2-PB1,1939,1,3,0,2121,2125,C
2-PB1,1940,1,1,0,2106,2108,C
2-PB1,1941,2062,0,7,1,2070,A
2-PB1,1942,0,0,2103,0,2103,G
2-PB1,1943,1,1,0,2132,2134,C
2-PB1,1944,2,2,0,2123,2127,C
2-PB1,1945,6,0,0,2124,2130,C
2-PB1,1946,2131,0,0,0,2131,A
2-PB1,1947,1,2125,1,1,2128,T
2-PB1,1948,1,3,2120,1,2125,G
2-PB1,1949,1,0,2145,1,2147,G
2-PB1,1950,1,2134,0,3,2138,T
2-PB1,1951,4,0,0,2100,2104,C
2-PB1,1952,5,2,0,2056,2063,C
2-PB1,1953,3,2050,0,3,2056,T
2-PB1,1954,1,0,2086,0,2087,G
2-PB1,1955,0,0,0,2086,2086,C
2-PB1,1956,8,1,0,2080,2089,C
2-PB1,1957,2087,0,0,0,2087,A
2-PB1,1958,2066,0,0,0,2066,A
2-PB1,1959,2069,0,0,0,2069,A
2-PB1,1960,2073,0,0,0,2073,A
2-PB1,1961,0,0,2102,0,2102,G
2-PB1,1962,0,2081,0,0,2081,T
2-PB1,1963,2077,0,0,0,2077,A
2-PB1,1964,0,2072,0,1,2073,T
2-PB1,1965,0,1,2074,0,2075,G
2-PB1,1966,0,3,2110,0,2113,G
2-PB1,1967,2106,1,2,0,2109,A
2-PB1,1968,2138,1,3,0,2142,A
2-PB1,1969,0,2139,0,0,2139,T
2-PB1,1970,2101,0,1,0,2102,A
2-PB1,1971,0,2095,0,1,2096,T
2-PB1,1972,2,2,2072,0,2076,G
2-PB1,1973,2072,1,2,0,2075,A
2-PB1,1974,0,2072,0,0,2072,T
2-PB1,1975,1,0,2032,0,2033,G
2-PB1,1976,0,0,0,2038,2038,C
2-PB1,1977,3,0,0,2014,2017,C
2-PB1,1978,4,0,2016,0,2020,G
2-PB1,1979,0,2016,0,0,2016,T
2-PB1,1980,1,2010,2,1,2014,T
2-PB1,1981,1,0,2019,1,2021,G
2-PB1,1982,2,1,0,2047,2050,C
2-PB1,1983,2052,0,1,0,2053,A
2-PB1,1984,2080,1,3,0,2084,A
2-PB1,1985,0,0,0,2084,2084,C
2-PB1,1986,2,2079,1,1,2083,T
2-PB1,1987,2084,0,0,0,2084,A
2-PB1,1988,0,1,0,2081,2082,C
2-PB1,1989,2077,1,2,0,2080,A
2-PB1,1990,0,1,0,2078,2079,C
2-PB1,1991,2006,0,0,0,2006,A
2-PB1,1992,2,2,0,2126,2130,C
2-PB1,1993,1,2085,1,0,2087,T
2-PB1,1994,6,0,0,2090,2096,C
2-PB1,1995,1,1,0,2099,2101,C
2-PB1,1996,1,2090,0,3,2094,T
2-PB1,1997,1,0,2088,0,2089,G
2-PB1,1998,0,1,2086,0,2087,G
2-PB1,1999,2083,2,0,0,2085,A
2-PB1,2000,1,2080,0,1,2082,T
2-PB1,2001,0,1887,0,1,1888,T
2-PB1,2002,1,3,0,1900,1904,C
2-PB1,2003,2,0,0,1888,1890,C
2-PB1,2004,6,1,0,1889,1896,C
2-PB1,2005,1905,1,0,0,1906,A
2-PB1,2006,1901,0,0,0,1901,A
2-PB1,2007,0,2,1905,0,1907,G
2-PB1,2008,1900,0,5,0,1905,A
2-PB1,2009,0,1,1895,0,1896,G
2-PB1,2010,0,2,1902,0,1904,G
2-PB1,2011,1879,1,0,0,1880,A
2-PB1,2012,1875,3,4,0,1882,A
2-PB1,2013,0,1,0,1873,1874,C
2-PB1,2014,1,0,0,1870,1871,C
2-PB1,2015,1,0,1888,0,1889,G
2-PB1,2016,1,1,0,1881,1883,C
2-PB1,2017,0,1874,0,1,1875,T
2-PB1,2018,5,0,0,1881,1886,C
2-PB1,2019,0,1877,0,2,1879,T
2-PB1,2020,1978,0,0,0,1978,A
2-PB1,2021,0,1978,0,2,1980,T
2-PB1,2022,0,1993,0,1,1994,T
2-PB1,2023,0,0,0,2000,2000,C
2-PB1,2024,0,1942,0,1,1943,T
2-PB1,2025,1949,0,1,0,1950,A
2-PB1,2026,1943,0,0,0,1943,A
2-PB1,2027,1957,0,0,0,1957,A
2-PB1,2028,0,0,0,1959,1959,C
2-PB1,2029,1820,1,1,0,1822,A
2-PB1,2030,0,0,0,1819,1819,C
2-PB1,2031,1790,0,3,0,1793,A
2-PB1,2032,1810,0,1,0,1811,A
2-PB1,2033,0,1,1810,0,1811,G
2-PB1,2034,2,1,0,1814,1817,C
2-PB1,2035,1,1,0,1815,1817,C
2-PB1,2036,1809,0,3,0,1812,A
2-PB1,2037,1809,1,0,0,1810,A
2-PB1,2038,1800,0,4,0,1804,A
2-PB1,2039,1,7,1813,0,1821,G
2-PB1,2040,1,4,1812,0,1817,G
2-PB1,2041,0,1,1791,0,1792,G
2-PB1,2042,0,1,1785,1,1787,G
2-PB1,2043,1733,0,46,0,1779,A
2-PB1,2044,1787,0,1,0,1788,A
2-PB1,2045,0,1786,0,0,1786,T
2-PB1,2046,0,1783,0,0,1783,T
2-PB1,2047,5,0,0,1791,1796,C
2-PB1,2048,0,1781,1,1,1783,T
2-PB1,2049,0,1780,1,0,1781,T
2-PB1,2050,0,1,1776,0,1777,G
2-PB1,2051,1776,0,3,0,1779,A
2-PB1,2052,0,1,1785,0,1786,G
2-PB1,2053,1,1,1779,0,1781,G
2-PB1,2054,1780,1,2,0,1783,A
2-PB1,2055,0,1772,0,1,1773,T
2-PB1,2056,2,2,1779,0,1783,G
2-PB1,2057,1780,0,2,0,1782,A
2-PB1,2058,1780,0,4,0,1784,A
2-PB1,2059,1,1,0,1788,1790,C
2-PB1,2060,1768,0,0,0,1768,A
2-PB1,2061,0,0,1780,0,1780,G
2-PB1,2062,1768,0,1,0,1769,A
2-PB1,2063,0,1765,0,0,1765,T
2-PB1,2064,7,0,1760,0,1767,G
2-PB1,2065,0,1775,0,1,1776,T
2-PB1,2066,1782,0,2,0,1784,A
2-PB1,2067,0,0,0,1775,1775,C
2-PB1,2068,4,0,1,1765,1770,C
2-PB1,2069,1746,0,1,0,1747,A
2-PB1,2070,0,1,1728,0,1729,G
2-PB1,2071,1711,0,1,0,1712,A
2-PB1,2072,1700,0,1,0,1701,A
2-PB1,2073,0,0,1708,0,1708,G
2-PB1,2074,0,1600,0,3,1603,T
2-PB1,2075,1,1,1598,0,1600,G
2-PB1,2076,1,1,0,1605,1607,C
2-PB1,2077,0,1600,1,1,1602,T
2-PB1,2078,1,0,1594,0,1595,G
2-PB1,2079,0,0,0,1596,1596,C
2-PB1,2080,1592,0,1,0,1593,A
2-PB1,2081,1596,1,0,0,1597,A
2-PB1,2082,0,1,0,1572,1573,C
2-PB1,2083,0,1563,0,6,1569,T
2-PB1,2084,0,1552,0,0,1552,T
2-PB1,2085,1,0,1553,0,1554,G
2-PB1,2086,0,1551,0,0,1551,T
2-PB1,2087,0,1546,0,1,1547,T
2-PB1,2088,5,1,0,1541,1547,C
2-PB1,2089,0,2,1539,0,1541,G
2-PB1,2090,1545,0,1,0,1546,A
2-PB1,2091,0,1,1544,0,1545,G
2-PB1,2092,1545,1,0,0,1546,A
2-PB1,2093,1545,1,0,0,1546,A
2-PB1,2094,1545,0,1,0,1546,A
2-PB1,2095,0,1546,1,0,1547,T
2-PB1,2096,2,1545,0,0,1547,T
2-PB1,2097,3,1543,0,2,1548,T
2-PB1,2098,0,1549,0,1,1550,T
2-PB1,2099,1,1547,0,0,1548,T
2-PB1,2100,6,0,0,1548,1554,C
2-PB1,2101,2,1,0,1548,1551,C
2-PB1,2102,2,0,0,1556,1558,C
2-PB1,2103,0,1558,0,2,1560,T
2-PB1,2104,1561,0,1,0,1562,A
2-PB1,2105,1,1,1568,0,1570,G
2-PB1,2106,0,1570,0,0,1570,T
2-PB1,2107,1580,0,0,0,1580,A
2-PB1,2108,0,0,1586,0,1586,G
2-PB1,2109,0,1568,0,1,1569,T
2-PB1,2110,0,1611,1,0,1612,T
2-PB1,2111,8,0,0,1613,1621,C
2-PB1,2112,1649,0,1,0,1650,A
2-PB1,2113,0,1654,0,0,1654,T
2-PB1,2114,1636,1,0,0,1637,A
2-PB1,2115,2,1634,0,0,1636,T
2-PB1,2116,1587,0,5,0,1592,A
2-PB1,2117,0,0,1580,0,1580,G
2-PB1,2118,0,3,1571,0,1574,G
2-PB1,2119,1398,1,4,0,1403,A
2-PB1,2120,0,3,1395,1,1399,G
2-PB1,2121,1318,0,2,0,1320,A
2-PB1,2122,0,0,0,1318,1318,C
2-PB1,2123,1,2,0,1261,1264,C
2-PB1,2124,0,1,1264,0,1265,G
2-PB1,2125,1258,0,0,0,1258,A
2-PB1,2126,0,1251,0,2,1253,T
2-PB1,2127,0,1253,0,0,1253,T
2-PB1,2128,0,0,1253,0,1253,G
2-PB1,2129,1,2,1252,0,1255,G
2-PB1,2130,1252,1,1,0,1254,A
2-PB1,2131,1249,0,1,1,1251,A
2-PB1,2132,1,1249,0,0,1250,T
2-PB1,2133,0,1248,0,0,1248,T
2-PB1,2134,0,1245,0,1,1246,T
2-PB1,2135,1,0,0,1245,1246,C
2-PB1,2136,0,1244,0,1,1245,T
2-PB1,2137,1242,0,1,1,1244,A
2-PB1,2138,0,0,1244,0,1244,G
2-PB1,2139,0,0,0,1239,1239,C
2-PB1,2140,1235,0,1,0,1236,A
2-PB1,2141,0,1228,0,1,1229,T
2-PB1,2142,0,2,1208,0,1210,G
2-PB1,2143,0,0,1227,0,1227,G
2-PB1,2144,0,1219,0,2,1221,T
2-PB1,2145,1,0,1220,0,1221,G
2-PB1,2146,0,0,1219,1,1220,G
2-PB1,2147,1204,0,1,0,1205,A
2-PB1,2148,0,0,1209,0,1209,G
2-PB1,2149,0,0,1209,0,1209,G
2-PB1,2150,0,0,0,1201,1201,C
2-PB1,2151,2,0,0,1175,1177,C
2-PB1,2152,1104,0,2,0,1106,A
2-PB1,2153,0,1100,1,0,1101,T
2-PB1,2154,0,2,1101,0,1103,G
2-PB1,2155,0,0,1109,0,1109,G
2-PB1,2156,1,1084,0,0,1085,T
2-PB1,2157,0,0,1090,0,1090,G
2-PB1,2158,0,1074,0,1,1075,T
2-PB1,2159,2,1,0,1064,1067,C
2-PB1,2160,9,1055,0,2,1066,T
2-PB1,2161,1054,0,1,0,1055,A
2-PB1,2162,0,0,1054,0,1054,G
2-PB1,2163,0,0,1026,0,1026,G
2-PB1,2164,2,0,1005,0,1007,G
2-PB1,2165,1,1,0,988,990,C
2-PB1,2166,0,0,0,938,938,C
2-PB1,2167,1,0,0,919,920,C
2-PB1,2168,0,1,921,0,922,G
2-PB1,2169,1,0,921,0,922,G
2-PB1,2170,920,0,1,0,921,A
2-PB1,2171,1,916,0,0,917,T
2-PB1,2172,0,880,0,0,880,T
2-PB1,2173,2,2,873,0,877,G
2-PB1,2174,875,0,0,0,875,A
2-PB1,2175,0,877,0,1,878,T
2-PB1,2176,0,0,874,0,874,G
2-PB1,2177,0,0,0,867,867,C
2-PB1,2178,1,0,0,868,869,C
2-PB1,2179,864,1,0,0,865,A
2-PB1,2180,1,1,865,0,867,G
2-PB1,2181,866,1,0,0,867,A
2-PB1,2182,866,0,0,0,866,A
2-PB1,2183,0,861,0,1,862,T
2-PB1,2184,0,850,0,1,851,T
2-PB1,2185,0,2,848,0,850,G
2-PB1,2186,844,0,1,0,845,A
2-PB1,2187,0,1,0,842,843,C
2-PB1,2188,0,835,0,1,836,T
2-PB1,2189,0,824,0,0,824,T
2-PB1,2190,0,1,0,825,826,C
2-PB1,2191,0,0,821,0,821,G
2-PB1,2192,823,0,0,0,823,A
2-PB1,2193,3,0,809,0,812,G
2-PB1,2194,0,820,0,0,820,T
2-PB1,2195,2,0,0,816,818,C
2-PB1,2196,0,820,0,0,820,T
2-PB1,2197,0,0,818,0,818,G
2-PB1,2198,0,0,818,0,818,G
2-PB1,2199,819,0,0,0,819,A
2-PB1,2200,743,0,0,0,743,A
2-PB1,2201,0,0,745,0,745,G
2-PB1,2202,0,2,750,0,752,G
2-PB1,2203,752,0,0,0,752,A
2-PB1,2204,0,746,0,0,746,T
2-PB1,2205,0,748,0,0,748,T
2-PB1,2206,745,0,1,0,746,A
2-PB1,2207,741,0,1,0,742,A
2-PB1,2208,0,0,745,0,745,G
2-PB1,2209,745,0,0,0,745,A
2-PB1,2210,702,0,0,0,702,A
2-PB1,2211,0,1,646,0,647,G
2-PB1,2212,0,1,645,0,646,G
2-PB1,2213,647,0,0,0,647,A
2-PB1,2214,644,0,2,0,646,A
2-PB1,2215,0,0,648,0,648,G
2-PB1,2216,617,0,0,0,617,A
2-PB1,2217,0,0,618,0,618,G
2-PB1,2218,0,598,0,0,598,T
2-PB1,2219,0,591,0,1,592,T
2-PB1,2220,1,0,0,592,593,C
2-PB1,2221,0,576,0,1,577,T
2-PB1,2222,0,0,0,577,577,C
2-PB1,2223,0,574,0,1,575,T
2-PB1,2224,1,0,568,0,569,G
2-PB1,2225,553,0,0,0,553,A
2-PB1,2226,0,0,548,0,548,G
2-PB1,2227,539,0,0,0,539,A
2-PB1,2228,0,524,0,1,525,T
2-PB1,2229,1,0,0,487,488,C
2-PB1,2230,487,0,0,0,487,A
2-PB1,2231,0,484,0,2,486,T
2-PB1,2232,0,0,485,0,485,G
2-PB1,2233,485,0,0,0,485,A
2-PB1,2234,482,0,1,0,483,A
2-PB1,2235,1,1,472,0,474,G
2-PB1,2236,465,0,0,0,465,A
2-PB1,2237,0,465,0,1,466,T
2-PB1,2238,0,0,0,465,465,C
2-PB1,2239,0,433,0,0,433,T
2-PB1,2240,0,1,434,0,435,G
2-PB1,2241,0,431,1,1,433,T
2-PB1,2242,1,428,0,2,431,T
2-PB1,2243,1,0,0,427,428,C
2-PB1,2244,2,0,0,410,412,C
2-PB1,2245,414,0,0,0,414,A
2-PB1,2246,0,0,0,413,413,C
2-PB1,2247,0,0,0,388,388,C
2-PB1,2248,376,0,0,0,376,A
2-PB1,2249,0,353,0,0,353,T
2-PB1,2250,0,332,0,0,332,T
2-PB1,2251,0,0,331,0,331,G
2-PB1,2252,327,0,0,0,327,A
2-PB1,2253,326,0,1,0,327,A
2-PB1,2254,0,0,328,0,328,G
2-PB1,2255,278,0,0,0,278,A
2-PB1,2256,277,0,1,0,278,A
2-PB1,2257,0,0,0,276,276,C
2-PB1,2258,0,265,0,0,265,T
2-PB1,2259,2,0,0,263,265,C
2-PB1,2260,258,0,0,0,258,A
2-PB1,2261,0,0,257,0,257,G
2-PB1,2262,258,0,0,0,258,A
2-PB1,2263,0,0,0,249,249,C
2-PB1,2264,0,0,240,0,240,G
2-PB1,2265,0,1,234,0,235,G
2-PB1,2266,0,0,0,233,233,C
2-PB1,2267,232,0,0,0,232,A
2-PB1,2268,231,0,0,0,231,A
2-PB1,2269,230,0,0,0,230,A
2-PB1,2270,229,0,0,0,229,A
2-PB1,2271,230,0,0,0,230,A
2-PB1,2272,0,0,0,1,1,C
2-PB1,2273,1,0,0,0,1,A
2-PB1,2274,1,0,0,0,1,A
3-PA,1,63,0,0,0,63,A
3-PA,2,0,63,0,0,63,T
3-PA,3,0,0,70,0,70,G
3-PA,4,0,0,70,0,70,G
3-PA,5,70,0,0,0,70,A
3-PA,6,69,0,0,0,69,A
3-PA,7,0,0,73,0,73,G
3-PA,8,76,0,0,0,76,A
3-PA,9,0,76,0,0,76,T
3-PA,10,0,77,0,0,77,T
3-PA,11,0,78,0,0,78,T
3-PA,12,0,79,0,0,79,T
3-PA,13,1,0,82,0,83,G
3-PA,14,0,83,0,0,83,T
3-PA,15,0,0,82,1,83,G
3-PA,16,0,0,0,86,86,C
3-PA,17,0,0,86,0,86,G
3-PA,18,94,0,0,0,94,A
3-PA,19,0,0,0,98,98,C
3-PA,20,98,0,0,0,98,A
3-PA,21,99,0,0,0,99,A
3-PA,22,0,104,0,0,104,T
3-PA,23,0,0,117,0,117,G
3-PA,24,0,0,0,120,120,C
3-PA,25,0,119,0,1,120,T
3-PA,26,0,120,0,0,120,T
3-PA,27,0,0,0,120,120,C
3-PA,28,121,0,0,0,121,A
3-PA,29,129,0,0,0,129,A
3-PA,30,0,0,0,130,130,C
3-PA,31,0,0,0,130,130,C
3-PA,32,1,0,0,130,131,C
3-PA,33,0,0,131,0,131,G
3-PA,34,134,0,0,0,134,A
3-PA,35,0,134,0,0,134,T
3-PA,36,0,1,134,0,135,G
3-PA,37,135,0,0,0,135,A
3-PA,38,0,137,0,1,138,T
3-PA,39,0,139,0,0,139,T
3-PA,40,0,0,141,0,141,G
3-PA,41,0,140,0,1,141,T
3-PA,42,1,1,0,139,141,C
3-PA,43,0,1,139,0,140,G
3-PA,44,143,0,0,0,143,A
3-PA,45,143,0,0,0,143,A
3-PA,46,0,0,0,144,144,C
3-PA,47,0,144,0,0,144,T
3-PA,48,0,145,0,0,145,T
3-PA,49,0,0,145,0,145,G
3-PA,50,0,0,0,146,146,C
3-PA,51,147,0,0,0,147,A
3-PA,52,0,0,149,0,149,G
3-PA,53,148,0,0,0,148,A
3-PA,54,149,0,0,0,149,A
3-PA,55,148,0,0,0,148,A
3-PA,56,149,0,0,0,149,A
3-PA,57,149,0,0,0,149,A
3-PA,58,0,0,152,0,152,G
3-PA,59,0,0,0,157,157,C
3-PA,60,158,0,0,0,158,A
3-PA,61,163,0,0,0,163,A
3-PA,62,0,164,0,0,164,T
3-PA,63,0,0,166,0,166,G
3-PA,64,169,0,0,0,169,A
3-PA,65,168,0,0,0,168,A
3-PA,66,167,0,1,0,168,A
3-PA,67,0,0,175,0,175,G
3-PA,68,182,0,0,0,182,A
3-PA,69,0,1,217,0,218,G
3-PA,70,0,217,0,1,218,T
3-PA,71,219,0,0,0,219,A
3-PA,72,0,217,0,0,217,T
3-PA,73,1,0,220,0,221,G
3-PA,74,0,0,219,0,219,G
3-PA,75,0,0,220,0,220,G
3-PA,76,0,0,220,0,220,G
3-PA,77,220,0,0,0,220,A
3-PA,78,0,1,216,0,217,G
3-PA,79,0,0,220,0,220,G
3-PA,80,221,0,0,0,221,A
3-PA,81,0,221,0,0,221,T
3-PA,82,0,0,0,223,223,C
3-PA,83,0,222,0,0,222,T
3-PA,84,1,0,222,0,223,G
3-PA,85,222,0,0,0,222,A
3-PA,86,222,0,0,0,222,A
3-PA,87,224,0,0,0,224,A
3-PA,88,224,0,0,0,224,A
3-PA,89,0,223,0,0,223,T
3-PA,90,0,223,0,0,223,T
3-PA,91,0,1,224,0,225,G
3-PA,92,225,0,0,0,225,A
3-PA,93,224,0,0,0,224,A
3-PA,94,223,0,0,0,223,A
3-PA,95,0,1,0,223,224,C
3-PA,96,225,0,0,0,225,A
3-PA,97,226,0,0,0,226,A
3-PA,98,226,0,0,0,226,A
3-PA,99,0,0,0,226,226,C
3-PA,100,226,0,0,0,226,A
3-PA,101,229,0,0,0,229,A
3-PA,102,229,0,0,0,229,A
3-PA,103,0,227,0,0,227,T
3-PA,104,0,228,0,0,228,T
3-PA,105,0,228,0,0,228,T
3-PA,106,0,0,229,0,229,G
3-PA,107,0,0,0,226,226,C
3-PA,108,226,0,2,0,228,A
3-PA,109,0,0,239,0,239,G
3-PA,110,0,1,0,237,238,C
3-PA,111,247,0,0,0,247,A
3-PA,112,253,0,0,0,253,A
3-PA,113,0,252,0,0,252,T
3-PA,114,256,0,0,0,256,A
3-PA,115,0,257,0,0,257,T
3-PA,116,0,0,259,0,259,G
3-PA,117,0,1,0,257,258,C
3-PA,118,257,0,0,0,257,A
3-PA,119,0,0,0,259,259,C
3-PA,120,0,256,0,0,256,T
3-PA,121,1,0,0,293,294,C
3-PA,122,305,0,0,0,305,A
3-PA,123,0,0,0,307,307,C
3-PA,124,0,304,0,0,304,T
3-PA,125,0,305,0,1,306,T
3-PA,126,0,0,307,0,307,G
3-PA,127,0,0,312,0,312,G
3-PA,128,306,0,0,0,306,A
3-PA,129,0,0,313,0,313,G
3-PA,130,0,0,312,0,312,G
3-PA,131,0,303,0,0,303,T
3-PA,132,0,0,312,0,312,G
3-PA,133,0,311,0,0,311,T
3-PA,134,0,0,318,0,318,G
3-PA,135,0,320,0,0,320,T
3-PA,136,0,320,0,0,320,T
3-PA,137,0,320,0,0,320,T
3-PA,138,1,0,0,319,320,C
3-PA,139,320,0,0,0,320,A
3-PA,140,0,321,0,0,321,T
3-PA,141,0,0,326,0,326,G
3-PA,142,0,325,0,0,325,T
3-PA,143,328,0,0,0,328,A
3-PA,144,0,327,0,0,327,T
3-PA,145,0,327,0,0,327,T
3-PA,146,0,0,0,327,327,C
3-PA,147,327,0,0,0,327,A
3-PA,148,0,0,331,0,331,G
3-PA,149,333,0,0,0,333,A
3-PA,150,0,331,0,0,331,T
3-PA,151,0,326,0,2,328,T
3-PA,152,0,329,0,0,329,T
3-PA,153,1,0,0,330,331,C
3-PA,154,0,0,0,335,335,C
3-PA,155,334,0,0,0,334,A
3-PA,156,0,336,0,0,336,T
3-PA,157,0,335,0,0,335,T
3-PA,158,0,335,0,1,336,T
3-PA,159,0,0,0,334,334,C
3-PA,160,336,0,0,0,336,A
3-PA,161,0,346,0,2,348,T
3-PA,162,2,0,0,345,347,C
3-PA,163,348,0,0,0,348,A
3-PA,164,350,0,0,0,350,A
3-PA,165,0,349,0,0,349,T
3-PA,166,0,1,361,0,362,G
3-PA,167,362,0,0,0,362,A
3-PA,168,362,0,0,0,362,A
3-PA,169,0,0,0,363,363,C
3-PA,170,357,0,0,0,357,A
3-PA,171,361,0,0,0,361,A
3-PA,172,0,0,365,0,365,G
3-PA,173,0,0,366,0,366,G
3-PA,174,1,0,0,366,367,C
3-PA,175,0,1,361,0,362,G
3-PA,176,370,0,0,0,370,A
3-PA,177,377,0,0,0,377,A
3-PA,178,0,377,0,0,377,T
3-PA,179,1,0,0,381,382,C
3-PA,180,384,0,0,0,384,A
3-PA,181,380,0,1,0,381,A
3-PA,182,0,384,0,1,385,T
3-PA,183,384,0,1,0,385,A
3-PA,184,0,0,395,0,395,G
3-PA,185,0,396,0,0,396,T
3-PA,186,0,1,399,0,400,G
3-PA,187,0,0,403,0,403,G
3-PA,188,0,399,0,1,400,T
3-PA,189,400,0,1,0,401,A
3-PA,190,0,1,401,0,402,G
3-PA,191,405,0,0,0,405,A
3-PA,192,406,0,0,0,406,A
3-PA,193,0,0,0,407,407,C
3-PA,194,0,396,0,0,396,T
3-PA,195,2,395,0,1,398,T
3-PA,196,0,0,398,0,398,G
3-PA,197,400,0,0,0,400,A
3-PA,198,0,1,0,399,400,C
3-PA,199,0,1,395,0,396,G
3-PA,200,408,0,0,0,408,A
3-PA,201,0,408,0,0,408,T
3-PA,202,1,1,0,410,412,C
3-PA,203,2,1,0,416,419,C
3-PA,204,418,0,0,1,419,A
3-PA,205,422,0,0,0,422,A
3-PA,206,422,0,1,0,423,A
3-PA,207,0,421,0,1,422,T
3-PA,208,1,0,422,0,423,G
3-PA,209,0,0,0,422,422,C
3-PA,210,421,0,0,0,421,A
3-PA,211,0,0,0,425,425,C
3-PA,212,0,424,0,0,424,T
3-PA,213,0,0,484,0,484,G
3-PA,214,0,483,0,1,484,T
3-PA,215,0,481,0,0,481,T
3-PA,216,480,0,0,0,480,A
3-PA,217,483,0,0,0,483,A
3-PA,218,482,0,1,0,483,A
3-PA,219,0,0,485,0,485,G
3-PA,220,0,0,0,479,479,C
3-PA,221,474,0,0,0,474,A
3-PA,222,0,0,0,474,474,C
3-PA,223,455,0,0,0,455,A
3-PA,224,0,0,469,0,469,G
3-PA,225,468,0,0,0,468,A
3-PA,226,0,469,0,0,469,T
3-PA,227,0,467,0,1,468,T
3-PA,228,0,467,1,1,469,T
3-PA,229,0,1,471,0,472,G
3-PA,230,471,0,0,0,471,A
3-PA,231,473,0,0,0,473,A
3-PA,232,471,0,0,0,471,A
3-PA,233,0,463,0,0,463,T
3-PA,234,463,0,0,0,463,A
3-PA,235,463,0,1,0,464,A
3-PA,236,0,461,0,0,461,T
3-PA,237,0,0,0,464,464,C
3-PA,238,0,0,463,0,463,G
3-PA,239,461,0,0,0,461,A
3-PA,240,0,1,463,0,464,G
3-PA,241,0,1,473,0,474,G
3-PA,242,1,0,471,0,472,G
3-PA,243,0,2,471,0,473,G
3-PA,244,468,1,0,0,469,A
3-PA,245,0,0,471,0,471,G
3-PA,246,478,0,0,0,478,A
3-PA,247,0,1,478,0,479,G
3-PA,248,480,0,1,0,481,A
3-PA,249,0,0,0,480,480,C
3-PA,250,475,0,1,0,476,A
3-PA,251,0,1,487,0,488,G
3-PA,252,486,0,1,0,487,A
3-PA,253,496,0,0,0,496,A
3-PA,254,0,0,0,494,494,C
3-PA,255,480,0,0,0,480,A
3-PA,256,481,1,0,0,482,A
3-PA,257,0,480,0,0,480,T
3-PA,258,0,1,496,0,497,G
3-PA,259,0,0,501,0,501,G
3-PA,260,0,0,0,495,495,C
3-PA,261,0,0,0,497,497,C
3-PA,262,1,492,0,0,493,T
3-PA,263,0,0,506,0,506,G
3-PA,264,0,1,506,0,507,G
3-PA,265,508,0,0,0,508,A
3-PA,266,0,0,0,511,511,C
3-PA,267,495,0,0,0,495,A
3-PA,268,0,0,556,0,556,G
3-PA,269,0,556,0,0,556,T
3-PA,270,564,0,1,0,565,A
3-PA,271,0,0,564,0,564,G
3-PA,272,0,553,0,1,554,T
3-PA,273,553,0,0,0,553,A
3-PA,274,556,0,0,0,556,A
3-PA,275,553,0,0,3,556,A
3-PA,276,0,0,0,563,563,C
3-PA,277,540,0,0,0,540,A
3-PA,278,0,1,549,0,550,G
3-PA,279,0,547,0,0,547,T
3-PA,280,551,0,0,0,551,A
3-PA,281,0,548,0,0,548,T
3-PA,282,0,0,0,557,557,C
3-PA,283,0,555,0,0,555,T
3-PA,284,0,0,555,0,555,G
3-PA,285,0,0,0,553,553,C
3-PA,286,552,0,1,0,553,A
3-PA,287,550,0,1,0,551,A
3-PA,288,0,0,0,555,555,C
3-PA,289,551,1,0,0,552,A
3-PA,290,0,0,0,576,576,C
3-PA,291,1,567,0,7,575,T
3-PA,292,579,0,0,0,579,A
3-PA,293,0,0,0,578,578,C
3-PA,294,0,575,0,1,576,T
3-PA,295,1,0,575,0,576,G
3-PA,296,1,0,573,0,574,G
3-PA,297,568,0,1,0,569,A
3-PA,298,0,0,569,0,569,G
3-PA,299,0,0,0,552,552,C
3-PA,300,0,551,0,2,553,T
3-PA,301,0,0,552,0,552,G
3-PA,302,0,2,548,0,550,G
3-PA,303,0,0,546,0,546,G
3-PA,304,548,0,0,0,548,A
3-PA,305,548,0,0,0,548,A
3-PA,306,547,0,1,0,548,A
3-PA,307,1,0,0,547,548,C
3-PA,308,1,1,0,548,550,C
3-PA,309,0,0,550,0,550,G
3-PA,310,551,0,0,0,551,A
3-PA,311,550,0,1,0,551,A
3-PA,312,1,0,552,0,553,G
3-PA,313,0,554,0,0,554,T
3-PA,314,0,555,0,0,555,T
3-PA,315,0,554,0,0,554,T
3-PA,316,0,0,0,552,552,C
3-PA,317,0,549,0,1,550,T
3-PA,318,555,0,0,0,555,A
3-PA,319,0,0,0,548,548,C
3-PA,320,1,0,0,551,552,C
3-PA,321,554,0,0,0,554,A
3-PA,322,0,0,559,0,559,G
3-PA,323,558,0,0,0,558,A
3-PA,324,1,557,0,0,558,T
3-PA,325,0,554,0,1,555,T
3-PA,326,0,554,0,0,554,T
3-PA,327,0,0,556,0,556,G
3-PA,328,0,557,0,0,557,T
3-PA,329,556,0,0,0,556,A
3-PA,330,0,554,0,0,554,T
3-PA,331,1,1,547,0,549,G
3-PA,332,572,0,0,0,572,A
3-PA,333,0,567,0,1,568,T
3-PA,334,0,570,0,1,571,T
3-PA,335,571,0,0,0,571,A
3-PA,336,0,0,0,569,569,C
3-PA,337,570,0,0,0,570,A
3-PA,338,569,0,0,0,569,A
3-PA,339,0,0,571,0,571,G
3-PA,340,0,0,573,0,573,G
3-PA,341,549,0,0,0,549,A
3-PA,342,0,1,552,0,553,G
3-PA,343,548,0,1,0,549,A
3-PA,344,551,0,0,0,551,A
3-PA,345,0,0,0,551,551,C
3-PA,346,544,0,0,0,544,A
3-PA,347,1,1,545,0,547,G
3-PA,348,545,0,0,0,545,A
3-PA,349,0,538,0,2,540,T
3-PA,350,0,540,0,1,541,T
3-PA,351,0,1,0,536,537,C
3-PA,352,539,0,0,0,539,A
3-PA,353,0,537,0,0,537,T
3-PA,354,0,2,0,537,539,C
3-PA,355,1,0,538,0,539,G
3-PA,356,539,0,1,0,540,A
3-PA,357,537,0,1,0,538,A
3-PA,358,539,0,0,0,539,A
3-PA,359,0,536,0,0,536,T
3-PA,360,0,537,0,0,537,T
3-PA,361,0,1,544,0,545,G
3-PA,362,0,0,546,0,546,G
3-PA,363,0,0,544,0,544,G
3-PA,364,0,0,548,0,548,G
3-PA,365,1,540,0,0,541,T
3-PA,366,0,2,548,0,550,G
3-PA,367,551,0,2,0,553,A
3-PA,368,0,0,0,555,555,C
3-PA,369,559,0,0,0,559,A
3-PA,370,558,0,0,0,558,A
3-PA,371,1,0,564,0,565,G
3-PA,372,0,4,566,0,570,G
3-PA,373,562,1,0,0,563,A
3-PA,374,0,0,562,0,562,G
3-PA,375,554,0,0,0,554,A
3-PA,376,0,0,558,0,558,G
3-PA,377,552,0,0,0,552,A
3-PA,378,551,0,0,0,551,A
3-PA,379,0,0,565,0,565,G
3-PA,380,0,559,0,0,559,T
3-PA,381,0,0,0,561,561,C
3-PA,382,1,0,0,560,561,C
3-PA,383,566,0,0,0,566,A
3-PA,384,0,0,0,574,574,C
3-PA,385,587,0,0,0,587,A
3-PA,386,0,603,0,0,603,T
3-PA,387,627,0,0,0,627,A
3-PA,388,0,613,0,1,614,T
3-PA,389,611,0,0,0,611,A
3-PA,390,0,604,0,1,605,T
3-PA,391,0,603,0,3,606,T
3-PA,392,631,0,0,0,631,A
3-PA,393,0,2,0,626,628,C
3-PA,394,2,0,0,603,605,C
3-PA,395,0,590,0,2,592,T
3-PA,396,0,569,0,0,569,T
3-PA,397,0,1,572,0,573,G
3-PA,398,571,0,0,0,571,A
3-PA,399,0,0,533,0,533,G
3-PA,400,539,0,0,0,539,A
3-PA,401,540,0,0,0,540,A
3-PA,402,0,1,541,0,542,G
3-PA,403,0,0,541,0,541,G
3-PA,404,0,0,0,542,542,C
3-PA,405,1,0,0,539,540,C
3-PA,406,535,0,0,0,535,A
3-PA,407,538,0,0,0,538,A
3-PA,408,0,538,0,0,538,T
3-PA,409,537,0,0,0,537,A
3-PA,410,532,0,3,0,535,A
3-PA,411,0,0,547,0,547,G
3-PA,412,538,0,0,0,538,A
3-PA,413,0,538,0,0,538,T
3-PA,414,0,536,0,0,536,T
3-PA,415,539,0,0,0,539,A
3-PA,416,536,0,2,0,538,A
3-PA,417,540,0,0,0,540,A
3-PA,418,0,542,0,0,542,T
3-PA,419,1,0,0,537,538,C
3-PA,420,0,527,0,1,528,T
3-PA,421,1,0,528,0,529,G
3-PA,422,530,0,0,0,530,A
3-PA,423,0,1,533,0,534,G
3-PA,424,535,0,1,0,536,A
3-PA,425,536,0,2,0,538,A
3-PA,426,0,0,0,539,539,C
3-PA,427,536,0,0,0,536,A
3-PA,428,0,0,0,540,540,C
3-PA,429,541,0,0,0,541,A
3-PA,430,1,0,0,545,546,C
3-PA,431,542,0,0,0,542,A
3-PA,432,0,0,0,550,550,C
3-PA,433,547,0,0,0,547,A
3-PA,434,1,544,0,0,545,T
3-PA,435,1,544,0,0,545,T
3-PA,436,0,0,0,543,543,C
3-PA,437,544,0,0,0,544,A
3-PA,438,1,1,0,545,547,C
3-PA,439,541,0,0,0,541,A
3-PA,440,0,536,0,0,536,T
3-PA,441,1,522,0,1,524,T
3-PA,442,0,540,0,0,540,T
3-PA,443,0,536,0,3,539,T
3-PA,444,2,0,0,543,545,C
3-PA,445,1,543,0,0,544,T
3-PA,446,1,0,0,546,547,C
3-PA,447,544,0,0,0,544,A
3-PA,448,0,543,0,0,543,T
3-PA,449,0,542,0,0,542,T
3-PA,450,0,0,0,547,547,C
3-PA,451,542,0,0,0,542,A
3-PA,452,0,0,0,548,548,C
3-PA,453,0,542,0,0,542,T
3-PA,454,0,0,544,0,544,G
3-PA,455,0,0,541,0,541,G
3-PA,456,532,1,0,0,533,A
3-PA,457,1,1,553,0,555,G
3-PA,458,553,0,2,0,555,A
3-PA,459,0,1,557,0,558,G
3-PA,460,0,0,562,0,562,G
3-PA,461,558,1,2,0,561,A
3-PA,462,560,0,1,0,561,A
3-PA,463,554,0,0,0,554,A
3-PA,464,0,547,0,0,547,T
3-PA,465,1,0,550,0,551,G
3-PA,466,0,0,553,0,553,G
3-PA,467,0,0,0,550,550,C
3-PA,468,3,1,0,547,551,C
3-PA,469,549,0,0,0,549,A
3-PA,470,0,0,0,551,551,C
3-PA,471,550,0,0,0,550,A
3-PA,472,553,0,0,0,553,A
3-PA,473,556,0,0,0,556,A
3-PA,474,0,0,564,0,564,G
3-PA,475,0,0,563,0,563,G
3-PA,476,0,0,0,562,562,C
3-PA,477,562,0,0,0,562,A
3-PA,478,0,1,570,0,571,G
3-PA,479,569,1,1,0,571,A
3-PA,480,0,0,0,580,580,C
3-PA,481,0,573,0,0,573,T
3-PA,482,576,0,0,0,576,A
3-PA,483,0,0,0,572,572,C
3-PA,484,565,0,0,1,566,A
3-PA,485,0,0,0,566,566,C
3-PA,486,0,551,0,1,552,T
3-PA,487,1,0,0,553,554,C
3-PA,488,0,543,0,1,544,T
3-PA,489,0,0,0,539,539,C
3-PA,490,0,2,534,0,536,G
3-PA,491,539,0,0,0,539,A
3-PA,492,0,0,0,537,537,C
3-PA,493,0,0,538,0,538,G
3-PA,494,540,0,0,0,540,A
3-PA,495,0,0,546,0,546,G
3-PA,496,0,0,543,0,543,G
3-PA,497,542,0,0,0,542,A
3-PA,498,540,0,2,0,542,A
3-PA,499,545,0,1,0,546,A
3-PA,500,0,0,550,0,550,G
3-PA,501,0,0,0,549,549,C
3-PA,502,547,0,0,0,547,A
3-PA,503,0,2,557,0,559,G
3-PA,504,0,1,555,0,556,G
3-PA,505,0,1,561,0,562,G
3-PA,506,0,0,0,559,559,C
3-PA,507,0,555,0,0,555,T
3-PA,508,553,1,2,0,556,A
3-PA,509,0,0,569,0,569,G
3-PA,510,2,0,595,0,597,G
3-PA,511,596,0,0,0,596,A
3-PA,512,0,582,0,0,582,T
3-PA,513,0,572,0,0,572,T
3-PA,514,571,0,0,0,571,A
3-PA,515,575,0,0,0,575,A
3-PA,516,0,1,573,0,574,G
3-PA,517,572,0,1,0,573,A
3-PA,518,0,0,0,573,573,C
3-PA,519,0,0,0,530,530,C
3-PA,520,520,0,0,0,520,A
3-PA,521,0,1,530,0,531,G
3-PA,522,0,1,526,0,527,G
3-PA,523,0,0,0,525,525,C
3-PA,524,0,527,0,1,528,T
3-PA,525,0,526,0,0,526,T
3-PA,526,0,527,0,1,528,T
3-PA,527,0,530,0,0,530,T
3-PA,528,0,529,0,1,530,T
3-PA,529,529,0,2,0,531,A
3-PA,530,0,0,0,536,536,C
3-PA,531,0,0,0,507,507,C
3-PA,532,507,0,0,0,507,A
3-PA,533,0,504,0,0,504,T
3-PA,534,502,0,0,0,502,A
3-PA,535,506,0,0,0,506,A
3-PA,536,0,1,515,1,517,G
3-PA,537,517,0,0,0,517,A
3-PA,538,0,0,0,517,517,C
3-PA,539,509,1,1,0,511,A
3-PA,540,509,0,0,0,509,A
3-PA,541,0,0,513,0,513,G
3-PA,542,514,0,0,0,514,A
3-PA,543,515,0,0,0,515,A
3-PA,544,511,0,0,0,511,A
3-PA,545,0,491,0,0,491,T
3-PA,546,0,1,499,0,500,G
3-PA,547,0,0,498,0,498,G
3-PA,548,1,0,0,496,497,C
3-PA,549,0,0,0,500,500,C
3-PA,550,493,0,0,0,493,A
3-PA,551,500,0,0,0,500,A
3-PA,552,0,0,0,502,502,C
3-PA,553,499,1,0,0,500,A
3-PA,554,0,0,501,0,501,G
3-PA,555,481,0,1,0,482,A
3-PA,556,0,0,496,0,496,G
3-PA,557,0,0,498,0,498,G
3-PA,558,0,0,0,490,490,C
3-PA,559,1,0,1,498,500,C
3-PA,560,0,480,0,0,480,T
3-PA,561,472,0,0,5,477,A
3-PA,562,0,488,0,0,488,T
3-PA,563,0,0,489,0,489,G
3-PA,564,0,1,488,0,489,G
3-PA,565,0,2,469,0,471,G
3-PA,566,463,0,0,0,463,A
3-PA,567,0,456,0,0,456,T
3-PA,568,0,451,0,0,451,T
3-PA,569,1,0,0,529,530,C
3-PA,570,0,0,0,525,525,C
3-PA,571,0,523,0,0,523,T
3-PA,572,0,523,0,0,523,T
3-PA,573,0,517,0,0,517,T
3-PA,574,0,0,0,522,522,C
3-PA,575,0,0,525,0,525,G
3-PA,576,0,521,0,2,523,T
3-PA,577,0,0,0,523,523,C
3-PA,578,515,0,0,0,515,A
3-PA,579,0,0,607,0,607,G
3-PA,580,0,608,0,0,608,T
3-PA,581,1,0,0,609,610,C
3-PA,582,0,1,0,611,612,C
3-PA,583,0,0,619,0,619,G
3-PA,584,623,0,1,0,624,A
3-PA,585,621,0,0,0,621,A
3-PA,586,620,0,2,0,622,A
3-PA,587,0,0,632,0,632,G
3-PA,588,615,0,1,0,616,A
3-PA,589,0,0,628,0,628,G
3-PA,590,0,0,631,0,631,G
3-PA,591,1,0,0,627,628,C
3-PA,592,0,1,625,0,626,G
3-PA,593,629,0,1,0,630,A
3-PA,594,632,0,1,0,633,A
3-PA,595,0,0,637,0,637,G
3-PA,596,633,0,0,0,633,A
3-PA,597,635,0,1,0,636,A
3-PA,598,638,0,0,0,638,A
3-PA,599,0,0,0,641,641,C
3-PA,600,640,0,0,0,640,A
3-PA,601,648,0,0,0,648,A
3-PA,602,0,646,0,0,646,T
3-PA,603,0,646,0,0,646,T
3-PA,604,0,0,649,0,649,G
3-PA,605,649,0,0,0,649,A
3-PA,606,647,0,0,0,647,A
3-PA,607,0,0,648,0,648,G
3-PA,608,647,1,0,0,648,A
3-PA,609,648,0,0,0,648,A
3-PA,610,647,0,0,0,647,A
3-PA,611,649,0,0,0,649,A
3-PA,612,648,0,0,0,648,A
3-PA,613,0,652,0,0,652,T
3-PA,614,0,649,0,1,650,T
3-PA,615,0,654,0,0,654,T
3-PA,616,0,1,653,0,654,G
3-PA,617,655,0,0,0,655,A
3-PA,618,652,0,1,0,653,A
3-PA,619,655,0,0,0,655,A
3-PA,620,0,663,0,0,663,T
3-PA,621,3,0,0,735,738,C
3-PA,622,738,0,0,0,738,A
3-PA,623,0,1,0,750,751,C
3-PA,624,750,0,0,0,750,A
3-PA,625,0,2,771,0,773,G
3-PA,626,0,3,809,0,812,G
3-PA,627,827,0,0,0,827,A
3-PA,628,835,0,1,0,836,A
3-PA,629,0,0,0,838,838,C
3-PA,630,0,818,0,1,819,T
3-PA,631,870,1,0,0,871,A
3-PA,632,0,883,0,0,883,T
3-PA,633,2,0,931,0,933,G
3-PA,634,0,0,0,928,928,C
3-PA,635,2,0,920,0,922,G
3-PA,636,0,921,0,0,921,T
3-PA,637,913,0,0,0,913,A
3-PA,638,2,1,916,0,919,G
3-PA,639,0,0,919,0,919,G
3-PA,640,0,1,0,902,903,C
3-PA,641,0,900,0,0,900,T
3-PA,642,0,886,0,0,886,T
3-PA,643,0,0,886,0,886,G
3-PA,644,0,0,0,886,886,C
3-PA,645,1,0,0,890,891,C
3-PA,646,0,3,901,0,904,G
3-PA,647,904,0,0,0,904,A
3-PA,648,1,0,0,901,902,C
3-PA,649,1,0,0,903,904,C
3-PA,650,908,0,0,0,908,A
3-PA,651,909,0,1,0,910,A
3-PA,652,905,0,1,0,906,A
3-PA,653,0,0,925,0,925,G
3-PA,654,1,926,0,2,929,T
3-PA,655,1,0,0,928,929,C
3-PA,656,0,923,0,4,927,T
3-PA,657,4,3,0,928,935,C
3-PA,658,1,0,0,937,938,C
3-PA,659,2,0,0,936,938,C
3-PA,660,938,0,0,1,939,A
3-PA,661,2,1,0,941,944,C
3-PA,662,1,0,0,937,938,C
3-PA,663,0,2,942,0,944,G
3-PA,664,956,0,0,0,956,A
3-PA,665,956,0,0,0,956,A
3-PA,666,1,0,0,969,970,C
3-PA,667,0,962,0,2,964,T
3-PA,668,0,984,0,1,985,T
3-PA,669,0,0,0,998,998,C
3-PA,670,0,987,0,1,988,T
3-PA,671,1,1,0,987,989,C
3-PA,672,0,0,0,990,990,C
3-PA,673,0,984,0,1,985,T
3-PA,674,0,0,994,0,994,G
3-PA,675,1,0,0,988,989,C
3-PA,676,0,0,0,993,993,C
3-PA,677,0,980,0,0,980,T
3-PA,678,0,970,0,0,970,T
3-PA,679,1,1,969,0,971,G
3-PA,680,972,0,0,0,972,A
3-PA,681,0,0,989,0,989,G
3-PA,682,984,0,2,0,986,A
3-PA,683,993,0,0,0,993,A
3-PA,684,0,1009,0,0,1009,T
3-PA,685,0,1014,0,1,1015,T
3-PA,686,0,1015,0,0,1015,T
3-PA,687,1,1018,0,0,1019,T
3-PA,688,1017,0,0,0,1017,A
3-PA,689,1,0,1015,0,1016,G
3-PA,690,1009,0,1,0,1010,A
3-PA,691,2,0,1046,0,1048,G
3-PA,692,0,0,0,1042,1042,C
3-PA,693,0,0,0,1054,1054,C
3-PA,694,0,1069,0,1,1070,T
3-PA,695,1101,1,0,0,1102,A
3-PA,696,0,1101,0,0,1101,T
3-PA,697,0,0,1109,0,1109,G
3-PA,698,1,1107,0,0,1108,T
3-PA,699,1,2,1115,0,1118,G
3-PA,700,0,0,1113,0,1113,G
3-PA,701,1109,1,0,0,1110,A
3-PA,702,0,1095,0,1,1096,T
3-PA,703,2,1,1086,0,1089,G
3-PA,704,0,1,1124,0,1125,G
3-PA,705,1127,0,0,0,1127,A
3-PA,706,0,1124,1,0,1125,T
3-PA,707,0,1118,0,0,1118,T
3-PA,708,5,0,0,1112,1117,C
3-PA,709,0,0,1120,0,1120,G
3-PA,710,1120,0,2,0,1122,A
3-PA,711,1123,0,1,1,1125,A
3-PA,712,1,0,0,1127,1128,C
3-PA,713,3,3,0,1085,1091,C
3-PA,714,1,3,1092,0,1096,G
3-PA,715,1098,0,0,0,1098,A
3-PA,716,1099,1,0,0,1100,A
3-PA,717,0,0,0,1112,1112,C
3-PA,718,1,3,1103,0,1107,G
3-PA,719,0,0,1131,0,1131,G
3-PA,720,0,0,0,1132,1132,C
3-PA,721,0,1130,0,0,1130,T
3-PA,722,0,0,1172,0,1172,G
3-PA,723,0,0,0,1173,1173,C
3-PA,724,1178,1,0,0,1179,A
3-PA,725,0,1182,0,1,1183,T
3-PA,726,0,1174,0,1,1175,T
3-PA,727,0,0,1183,0,1183,G
3-PA,728,1155,1,1,0,1157,A
3-PA,729,5,1,1161,0,1167,G
3-PA,730,1,3,1163,0,1167,G
3-PA,731,0,0,1160,0,1160,G
3-PA,732,1,0,0,1158,1159,C
3-PA,733,1160,0,0,0,1160,A
3-PA,734,1162,0,1,0,1163,A
3-PA,735,0,0,1166,0,1166,G
3-PA,736,0,0,0,1169,1169,C
3-PA,737,0,1163,0,5,1168,T
3-PA,738,0,1168,0,0,1168,T
3-PA,739,0,1171,0,0,1171,T
3-PA,740,0,0,1,1171,1172,C
3-PA,741,2,1171,2,0,1175,T
3-PA,742,4,1,0,1175,1180,C
3-PA,743,1172,0,0,1,1173,A
3-PA,744,1172,0,1,1,1174,A
3-PA,745,1174,0,0,0,1174,A
3-PA,746,0,1170,0,0,1170,T
3-PA,747,1,0,1202,0,1203,G
3-PA,748,1,1196,0,3,1200,T
3-PA,749,3,1,0,1204,1208,C
3-PA,750,4,0,0,1212,1216,C
3-PA,751,1217,0,0,0,1217,A
3-PA,752,1218,0,0,0,1218,A
3-PA,753,1218,0,1,0,1219,A
3-PA,754,3,2,1242,0,1247,G
3-PA,755,1241,0,0,0,1241,A
3-PA,756,1198,0,4,0,1202,A
3-PA,757,0,0,1205,0,1205,G
3-PA,758,0,1197,0,1,1198,T
3-PA,759,0,4,1188,1,1193,G
3-PA,760,1188,0,1,1,1190,A
3-PA,761,1190,0,2,0,1192,A
3-PA,762,0,1199,0,0,1199,T
3-PA,763,0,0,1200,0,1200,G
3-PA,764,1,1,1,1199,1202,C
3-PA,765,4,0,0,1193,1197,C
3-PA,766,1,0,0,1202,1203,C
3-PA,767,1212,0,1,0,1213,A
3-PA,768,1224,1,0,0,1225,A
3-PA,769,1227,0,2,0,1229,A
3-PA,770,0,1228,0,0,1228,T
3-PA,771,0,1225,0,0,1225,T
3-PA,772,1,4,1220,0,1225,G
3-PA,773,1216,0,4,1,1221,A
3-PA,774,1221,0,1,1,1223,A
3-PA,775,0,1,0,1225,1226,C
3-PA,776,4,0,0,1223,1227,C
3-PA,777,0,1212,0,0,1212,T
3-PA,778,0,1229,0,1,1230,T
3-PA,779,0,1237,0,1,1238,T
3-PA,780,0,1265,0,2,1267,T
3-PA,781,1,0,0,1275,1276,C
3-PA,782,0,1275,0,1,1276,T
3-PA,783,0,0,1278,0,1278,G
3-PA,784,1276,0,2,0,1278,A
3-PA,785,1279,1,1,0,1281,A
3-PA,786,0,5,1292,0,1297,G
3-PA,787,1273,0,1,0,1274,A
3-PA,788,0,1,0,1275,1276,C
3-PA,789,1257,1,1,0,1259,A
3-PA,790,1274,1,2,0,1277,A
3-PA,791,0,1,0,1405,1406,C
3-PA,792,1413,0,0,0,1413,A
3-PA,793,0,0,0,1408,1408,C
3-PA,794,0,0,0,1405,1405,C
3-PA,795,1402,1,0,0,1403,A
3-PA,796,1402,0,1,0,1403,A
3-PA,797,2,3,1400,0,1405,G
3-PA,798,1406,0,2,0,1408,A
3-PA,799,2,0,0,1401,1403,C
3-PA,800,5,0,0,1302,1307,C
3-PA,801,1313,0,1,0,1314,A
3-PA,802,1316,1,0,1,1318,A
3-PA,803,0,1315,0,0,1315,T
3-PA,804,5,0,0,1312,1317,C
3-PA,805,1298,0,1,14,1313,A
3-PA,806,1310,0,0,0,1310,A
3-PA,807,1307,0,1,0,1308,A
3-PA,808,0,0,0,1325,1325,C
3-PA,809,0,1312,0,1,1313,T
3-PA,810,0,1310,1,1,1312,T
3-PA,811,0,0,0,1316,1316,C
3-PA,812,3,1,0,1313,1317,C
3-PA,813,0,4,1325,0,1329,G
3-PA,814,1329,0,0,0,1329,A
3-PA,815,1332,1,0,0,1333,A
3-PA,816,1,1334,0,1,1336,T
3-PA,817,0,4,1317,0,1321,G
3-PA,818,0,4,1321,0,1325,G
3-PA,819,1330,1,2,0,1333,A
3-PA,820,0,0,0,1335,1335,C
3-PA,821,3,0,0,1331,1334,C
3-PA,822,0,1373,0,0,1373,T
3-PA,823,1,0,0,1418,1419,C
3-PA,824,1,0,0,1422,1423,C
3-PA,825,0,1429,0,0,1429,T
3-PA,826,0,1439,0,0,1439,T
3-PA,827,1,1,1495,0,1497,G
3-PA,828,0,1488,0,3,1491,T
3-PA,829,0,1484,0,6,1490,T
3-PA,830,1490,0,1,0,1491,A
3-PA,831,0,1449,0,2,1451,T
3-PA,832,0,2,0,1441,1443,C
3-PA,833,1423,0,1,1,1425,A
3-PA,834,0,0,1423,0,1423,G
3-PA,835,1,0,0,1418,1419,C
3-PA,836,0,0,1380,0,1380,G
3-PA,837,0,0,1425,0,1425,G
3-PA,838,0,1418,0,3,1421,T
3-PA,839,4,0,1,1416,1421,C
3-PA,840,3,0,0,1425,1428,C
3-PA,841,1434,0,0,0,1434,A
3-PA,842,1435,0,0,0,1435,A
3-PA,843,1438,1,0,0,1439,A
3-PA,844,1,1433,0,1,1435,T
3-PA,845,0,1434,1,1,1436,T
3-PA,846,2,0,0,1428,1430,C
3-PA,847,3,1,0,1417,1421,C
3-PA,848,0,1419,0,1,1420,T
3-PA,849,1,0,1,1428,1430,C
3-PA,850,1,0,0,1433,1434,C
3-PA,851,0,1425,0,0,1425,T
3-PA,852,0,0,1438,0,1438,G
3-PA,853,1437,0,1,0,1438,A
3-PA,854,0,1439,0,0,1439,T
3-PA,855,0,6,1422,0,1428,G
3-PA,856,0,0,1408,0,1408,G
3-PA,857,1409,0,2,0,1411,A
3-PA,858,0,1396,0,1,1397,T
3-PA,859,2,0,1398,0,1400,G
3-PA,860,0,0,1,1470,1471,C
3-PA,861,0,1464,0,0,1464,T
3-PA,862,0,1466,0,2,1468,T
3-PA,863,0,1470,0,0,1470,T
3-PA,864,1469,0,0,0,1469,A
3-PA,865,1478,0,0,0,1478,A
3-PA,866,1474,0,1,0,1475,A
3-PA,867,1481,0,0,0,1481,A
3-PA,868,0,1483,0,0,1483,T
3-PA,869,0,1398,0,0,1398,T
3-PA,870,0,4,1405,0,1409,G
3-PA,871,1401,0,1,0,1402,A
3-PA,872,0,0,1422,0,1422,G
3-PA,873,0,3,0,1421,1424,C
3-PA,874,1416,0,0,0,1416,A
3-PA,875,1,1447,0,1,1449,T
3-PA,876,1,1447,0,0,1448,T
3-PA,877,0,1,1447,0,1448,G
3-PA,878,1445,0,3,0,1448,A
3-PA,879,1435,1,4,0,1440,A
3-PA,880,1,5,1440,0,1446,G
3-PA,881,1427,0,2,0,1429,A
3-PA,882,2,1,0,1435,1438,C
3-PA,883,1,0,0,1431,1432,C
3-PA,884,0,1,0,1413,1414,C
3-PA,885,1413,0,2,0,1415,A
3-PA,886,1425,0,0,0,1425,A
3-PA,887,0,0,1430,0,1430,G
3-PA,888,0,1437,0,1,1438,T
3-PA,889,1,0,0,1442,1443,C
3-PA,890,1443,0,2,0,1445,A
3-PA,891,0,1,0,1444,1445,C
3-PA,892,0,1,1437,0,1438,G
3-PA,893,1462,0,1,0,1463,A
3-PA,894,1465,0,0,1,1466,A
3-PA,895,0,4,1502,0,1506,G
3-PA,896,1,3,1501,0,1505,G
3-PA,897,1502,1,1,0,1504,A
3-PA,898,1,0,1516,0,1517,G
3-PA,899,1502,0,4,0,1506,A
3-PA,900,1505,0,2,0,1507,A
3-PA,901,0,1,1519,1,1521,G
3-PA,902,0,4,1506,0,1510,G
3-PA,903,0,0,1517,0,1517,G
3-PA,904,1476,0,3,0,1479,A
3-PA,905,0,1479,0,1,1480,T
3-PA,906,3,0,0,1490,1493,C
3-PA,907,5,0,0,1610,1615,C
3-PA,908,4,1,0,1625,1630,C
3-PA,909,1661,1,0,0,1662,A
3-PA,910,0,1659,0,0,1659,T
3-PA,911,0,1671,0,1,1672,T
3-PA,912,1696,0,0,0,1696,A
3-PA,913,0,1693,0,0,1693,T
3-PA,914,1691,0,0,0,1691,A
3-PA,915,0,1687,0,1,1688,T
3-PA,916,0,3,1525,0,1528,G
3-PA,917,1524,0,1,0,1525,A
3-PA,918,0,1513,0,0,1513,T
3-PA,919,0,0,1526,0,1526,G
3-PA,920,1,0,0,1513,1514,C
3-PA,921,0,3,1518,0,1521,G
3-PA,922,1531,0,0,0,1531,A
3-PA,923,0,1530,0,1,1531,T
3-PA,924,0,0,0,1535,1535,C
3-PA,925,1532,1,0,0,1533,A
3-PA,926,1524,1,1,0,1526,A
3-PA,927,0,0,1536,0,1536,G
3-PA,928,0,1518,0,2,1520,T
3-PA,929,0,1,1528,0,1529,G
3-PA,930,0,0,0,1527,1527,C
3-PA,931,1510,0,1,1,1512,A
3-PA,932,1,1522,0,0,1523,T
3-PA,933,1519,0,1,0,1520,A
3-PA,934,1530,0,2,0,1532,A
3-PA,935,1533,0,0,0,1533,A
3-PA,936,1528,1,1,0,1530,A
3-PA,937,1535,0,0,1,1536,A
3-PA,938,0,1,0,1532,1533,C
3-PA,939,1520,0,2,0,1522,A
3-PA,940,0,1523,0,0,1523,T
3-PA,941,0,1527,0,0,1527,T
3-PA,942,0,1,0,1531,1532,C
3-PA,943,1,1514,0,1,1516,T
3-PA,944,0,1516,0,0,1516,T
3-PA,945,0,1516,0,0,1516,T
3-PA,946,0,4,1517,0,1521,G
3-PA,947,1,1,1520,1,1523,G
3-PA,948,1512,0,8,0,1520,A
3-PA,949,0,1525,0,0,1525,T
3-PA,950,1,3,1529,0,1533,G
3-PA,951,0,2,1557,0,1559,G
3-PA,952,1559,0,2,0,1561,A
3-PA,953,1557,0,3,0,1560,A
3-PA,954,1559,0,3,0,1562,A
3-PA,955,0,2,1574,0,1576,G
3-PA,956,1572,0,0,0,1572,A
3-PA,957,1734,0,0,0,1734,A
3-PA,958,0,0,0,1750,1750,C
3-PA,959,1,0,0,1754,1755,C
3-PA,960,0,1742,0,3,1745,T
3-PA,961,0,1771,0,0,1771,T
3-PA,962,1782,2,0,0,1784,A
3-PA,963,0,1782,0,0,1782,T
3-PA,964,1775,0,0,0,1775,A
3-PA,965,0,1808,1,0,1809,T
3-PA,966,1695,0,0,0,1695,A
3-PA,967,0,0,1711,0,1711,G
3-PA,968,0,1698,0,1,1699,T
3-PA,969,1,0,0,1690,1691,C
3-PA,970,1676,0,2,1,1679,A
3-PA,971,1683,0,0,0,1683,A
3-PA,972,1677,0,3,0,1680,A
3-PA,973,0,0,0,1686,1686,C
3-PA,974,1,0,0,1679,1680,C
3-PA,975,1663,1,1,0,1665,A
3-PA,976,2,0,0,1672,1674,C
3-PA,977,1680,0,0,1,1681,A
3-PA,978,0,0,0,1696,1696,C
3-PA,979,0,4,1690,0,1694,G
3-PA,980,1689,0,0,0,1689,A
3-PA,981,1691,0,0,0,1691,A
3-PA,982,1686,0,4,0,1690,A
3-PA,983,1688,1,1,0,1690,A
3-PA,984,0,5,1689,0,1694,G
3-PA,985,0,2,1686,0,1688,G
3-PA,986,0,4,1695,1,1700,G
3-PA,987,1693,0,3,0,1696,A
3-PA,988,1695,0,1,0,1696,A
3-PA,989,1,1690,0,4,1695,T
3-PA,990,1692,0,0,0,1692,A
3-PA,991,1693,1,0,1,1695,A
3-PA,992,1704,0,1,0,1705,A
3-PA,993,0,1696,1,0,1697,T
3-PA,994,0,1695,0,1,1696,T
3-PA,995,6,1,0,1694,1701,C
3-PA,996,1703,0,1,0,1704,A
3-PA,997,1707,1,0,0,1708,A
3-PA,998,1711,0,1,0,1712,A
3-PA,999,1,1704,0,2,1707,T
3-PA,1000,0,1713,0,0,1713,T
3-PA,1001,1726,0,1,0,1727,A
3-PA,1002,0,0,0,1726,1726,C
3-PA,1003,2,0,0,1727,1729,C
3-PA,1004,0,1715,0,1,1716,T
3-PA,1005,0,0,1739,0,1739,G
3-PA,1006,0,1,0,1737,1738,C
3-PA,1007,0,1734,0,2,1736,T
3-PA,1008,1,0,1772,0,1773,G
3-PA,1009,0,1767,0,2,1769,T
3-PA,1010,1,1,0,1765,1767,C
3-PA,1011,1768,0,3,1,1772,A
3-PA,1012,1,1770,0,0,1771,T
3-PA,1013,3,2,1765,0,1770,G
3-PA,1014,0,1,1770,0,1771,G
3-PA,1015,1766,0,2,1,1769,A
3-PA,1016,1795,0,4,0,1799,A
3-PA,1017,1,0,1780,0,1781,G
3-PA,1018,1,1,0,1784,1786,C
3-PA,1019,1779,0,1,0,1780,A
3-PA,1020,1785,0,1,0,1786,A
3-PA,1021,0,0,1794,0,1794,G
3-PA,1022,0,1799,0,0,1799,T
3-PA,1023,1792,0,0,0,1792,A
3-PA,1024,0,0,0,1794,1794,C
3-PA,1025,0,1762,1,3,1766,T
3-PA,1026,1,1,1778,0,1780,G
3-PA,1027,0,1767,0,5,1772,T
3-PA,1028,3,1,0,1769,1773,C
3-PA,1029,1771,0,0,1,1772,A
3-PA,1030,0,0,1789,0,1789,G
3-PA,1031,1786,0,0,0,1786,A
3-PA,1032,1787,1,1,1,1790,A
3-PA,1033,0,1803,1,0,1804,T
3-PA,1034,0,1796,0,0,1796,T
3-PA,1035,2,1,1784,0,1787,G
3-PA,1036,0,0,0,1782,1782,C
3-PA,1037,1780,0,4,0,1784,A
3-PA,1038,0,0,1787,0,1787,G
3-PA,1039,2,1,1772,0,1775,G
3-PA,1040,1771,0,3,0,1774,A
3-PA,1041,0,0,0,1772,1772,C
3-PA,1042,2,0,1741,0,1743,G
3-PA,1043,0,1790,0,0,1790,T
3-PA,1044,0,1792,0,0,1792,T
3-PA,1045,0,0,1801,0,1801,G
3-PA,1046,1802,0,4,0,1806,A
3-PA,1047,1803,1,1,1,1806,A
3-PA,1048,1803,0,0,0,1803,A
3-PA,1049,1802,1,3,0,1806,A
3-PA,1050,1,1794,0,0,1795,T
3-PA,1051,0,2,1816,0,1818,G
3-PA,1052,1806,0,3,0,1809,A
3-PA,1053,0,2,1819,0,1821,G
3-PA,1054,0,8,1813,0,1821,G
3-PA,1055,1819,1,0,0,1820,A
3-PA,1056,14,0,1812,0,1826,G
3-PA,1057,1831,0,2,0,1833,A
3-PA,1058,1824,0,3,0,1827,A
3-PA,1059,0,2,1824,0,1826,G
3-PA,1060,0,2,1807,0,1809,G
3-PA,1061,0,1890,0,2,1892,T
3-PA,1062,0,1899,1,0,1900,T
3-PA,1063,3,0,0,1888,1891,C
3-PA,1064,1,0,0,1898,1899,C
3-PA,1065,1898,0,0,1,1899,A
3-PA,1066,1892,0,0,0,1892,A
3-PA,1067,0,5,1904,1,1910,G
3-PA,1068,1,6,1929,0,1936,G
3-PA,1069,1900,0,2,0,1902,A
3-PA,1070,0,1,0,1902,1903,C
3-PA,1071,0,1904,2,1,1907,T
3-PA,1072,1905,0,0,0,1905,A
3-PA,1073,1904,0,0,0,1904,A
3-PA,1074,1905,0,0,0,1905,A
3-PA,1075,1900,0,0,0,1900,A
3-PA,1076,1900,0,1,0,1901,A
3-PA,1077,0,0,0,1872,1872,C
3-PA,1078,1859,0,0,0,1859,A
3-PA,1079,0,1852,0,0,1852,T
3-PA,1080,1,0,1870,0,1871,G
3-PA,1081,1869,1,2,0,1872,A
3-PA,1082,1869,0,3,0,1872,A
3-PA,1083,5,1,1878,0,1884,G
3-PA,1084,1884,2,1,0,1887,A
3-PA,1085,1883,0,0,0,1883,A
3-PA,1086,1878,1,1,0,1880,A
3-PA,1087,1880,0,0,1,1881,A
3-PA,1088,0,0,0,1888,1888,C
3-PA,1089,1,7,1872,0,1880,G
3-PA,1090,1882,1,5,0,1888,A
3-PA,1091,1,0,1889,0,1890,G
3-PA,1092,0,1881,0,4,1885,T
3-PA,1093,8,0,0,1905,1913,C
3-PA,1094,1904,2,2,1,1909,A
3-PA,1095,1939,0,0,0,1939,A
3-PA,1096,1,0,0,1938,1939,C
3-PA,1097,0,1928,0,2,1930,T
3-PA,1098,1,2,1963,0,1966,G
3-PA,1099,1953,0,0,0,1953,A
3-PA,1100,1961,0,1,0,1962,A
3-PA,1101,0,0,1966,0,1966,G
3-PA,1102,0,1925,0,2,1927,T
3-PA,1103,0,4,1924,0,1928,G
3-PA,1104,0,2,1920,0,1922,G
3-PA,1105,0,0,1930,0,1930,G
3-PA,1106,0,0,1,1936,1937,C
3-PA,1107,0,1903,1,4,1908,T
3-PA,1108,2,2,1,1919,1924,C
3-PA,1109,0,1919,0,2,1921,T
3-PA,1110,3,1921,0,2,1926,T
3-PA,1111,3,2,1978,0,1983,G
3-PA,1112,1,1,1986,0,1988,G
3-PA,1113,0,1979,0,2,1981,T
3-PA,1114,2,2,1975,1,1980,G
3-PA,1115,1972,0,2,0,1974,A
3-PA,1116,2001,0,1,0,2002,A
3-PA,1117,2000,0,1,0,2001,A
3-PA,1118,2007,0,2,1,2010,A
3-PA,1119,0,1,0,2019,2020,C
3-PA,1120,1995,0,0,0,1995,A
3-PA,1121,1,1996,0,1,1998,T
3-PA,1122,0,1,1990,0,1991,G
3-PA,1123,0,1,2031,0,2032,G
3-PA,1124,0,0,0,2044,2044,C
3-PA,1125,2046,2,2,0,2050,A
3-PA,1126,0,1,0,2059,2060,C
3-PA,1127,5,1,0,2066,2072,C
3-PA,1128,2107,0,0,1,2108,A
3-PA,1129,0,9,2131,0,2140,G
3-PA,1130,2125,0,1,1,2127,A
3-PA,1131,2,2,2152,0,2156,G
3-PA,1132,2152,1,0,0,2153,A
3-PA,1133,2160,0,3,0,2163,A
3-PA,1134,1,3,2177,0,2181,G
3-PA,1135,1,0,2177,0,2178,G
3-PA,1136,0,2176,0,1,2177,T
3-PA,1137,2159,0,2,0,2161,A
3-PA,1138,0,3,2156,0,2159,G
3-PA,1139,2160,0,4,1,2165,A
3-PA,1140,0,1,0,2175,2176,C
3-PA,1141,0,2146,0,2,2148,T
3-PA,1142,0,2146,0,0,2146,T
3-PA,1143,0,2146,0,0,2146,T
3-PA,1144,0,4,2147,0,2151,G
3-PA,1145,2150,0,1,0,2151,A
3-PA,1146,2157,0,1,0,2158,A
3-PA,1147,2153,0,2,0,2155,A
3-PA,1148,2146,1,1,0,2148,A
3-PA,1149,1,0,0,2196,2197,C
3-PA,1150,0,2185,0,2,2187,T
3-PA,1151,0,1,2223,0,2224,G
3-PA,1152,2,0,0,2214,2216,C
3-PA,1153,2219,0,5,0,2224,A
3-PA,1154,1,1,2218,0,2220,G
3-PA,1155,2213,0,3,0,2216,A
3-PA,1156,0,4,2317,0,2321,G
3-PA,1157,2321,0,3,0,2324,A
3-PA,1158,0,1,0,2293,2294,C
3-PA,1159,2285,1,2,0,2288,A
3-PA,1160,0,2268,1,6,2275,T
3-PA,1161,2282,1,1,0,2284,A
3-PA,1162,2275,0,4,1,2280,A
3-PA,1163,0,0,2285,0,2285,G
3-PA,1164,2,1,0,2275,2278,C
3-PA,1165,2,6,2240,1,2249,G
3-PA,1166,2298,0,0,0,2298,A
3-PA,1167,0,2276,0,1,2277,T
3-PA,1168,0,2274,1,0,2275,T
3-PA,1169,1,2273,0,2,2276,T
3-PA,1170,1,3,2277,0,2281,G
3-PA,1171,2292,0,3,0,2295,A
3-PA,1172,2291,0,0,0,2291,A
3-PA,1173,0,0,2307,0,2307,G
3-PA,1174,0,1,0,2356,2357,C
3-PA,1175,2342,0,0,0,2342,A
3-PA,1176,2528,0,0,0,2528,A
3-PA,1177,0,2521,0,1,2522,T
3-PA,1178,2536,1,2,0,2539,A
3-PA,1179,2,2550,0,0,2552,T
3-PA,1180,0,2,2553,1,2556,G
3-PA,1181,2586,0,2,0,2588,A
3-PA,1182,0,2582,0,0,2582,T
3-PA,1183,2527,1,1,0,2529,A
3-PA,1184,0,1,2535,0,2536,G
3-PA,1185,0,2441,0,2,2443,T
3-PA,1186,1,4,2439,0,2444,G
3-PA,1187,2440,0,0,0,2440,A
3-PA,1188,0,0,0,2421,2421,C
3-PA,1189,1,9,2408,0,2418,G
3-PA,1190,2424,0,2,0,2426,A
3-PA,1191,2428,0,5,0,2433,A
3-PA,1192,0,0,0,2451,2451,C
3-PA,1193,5,0,0,2446,2451,C
3-PA,1194,1,2440,0,0,2441,T
3-PA,1195,0,5,2509,0,2514,G
3-PA,1196,2503,1,2,0,2506,A
3-PA,1197,2520,1,1,0,2522,A
3-PA,1198,0,2513,0,1,2514,T
3-PA,1199,0,2495,0,1,2496,T
3-PA,1200,2494,1,1,0,2496,A
3-PA,1201,2457,0,1,2,2460,A
3-PA,1202,2,1,2476,0,2479,G
3-PA,1203,1,0,2481,0,2482,G
3-PA,1204,1,2441,0,5,2447,T
3-PA,1205,10,0,0,2425,2435,C
3-PA,1206,2447,0,0,0,2447,A
3-PA,1207,1,1,0,2531,2533,C
3-PA,1208,0,2526,0,1,2527,T
3-PA,1209,0,2538,0,2,2540,T
3-PA,1210,1,2545,0,2,2548,T
3-PA,1211,5,0,0,2535,2540,C
3-PA,1212,2535,1,2,0,2538,A
3-PA,1213,2529,0,8,0,2537,A
3-PA,1214,0,1,2571,0,2572,G
3-PA,1215,1,0,0,2571,2572,C
3-PA,1216,0,2531,0,2,2533,T
3-PA,1217,1,4,2616,1,2622,G
3-PA,1218,0,4,2628,1,2633,G
3-PA,1219,2666,0,2,0,2668,A
3-PA,1220,0,2698,0,0,2698,T
3-PA,1221,2689,1,9,1,2700,A
3-PA,1222,0,1,0,2711,2712,C
3-PA,1223,2682,0,1,0,2683,A
3-PA,1224,0,2,2705,0,2707,G
3-PA,1225,2697,0,2,0,2699,A
3-PA,1226,2665,0,0,0,2665,A
3-PA,1227,1,2632,0,0,2633,T
3-PA,1228,0,3,2647,1,2651,G
3-PA,1229,2630,0,2,0,2632,A
3-PA,1230,0,0,2676,0,2676,G
3-PA,1231,0,2658,0,2,2660,T
3-PA,1232,0,2658,0,1,2659,T
3-PA,1233,10,0,0,2704,2714,C
3-PA,1234,2725,2,1,0,2728,A
3-PA,1235,2728,0,3,0,2731,A
3-PA,1236,0,0,0,2733,2733,C
3-PA,1237,2709,3,1,0,2713,A
3-PA,1238,2718,1,1,0,2720,A
3-PA,1239,0,0,2721,0,2721,G
3-PA,1240,0,1,2748,0,2749,G
3-PA,1241,1,0,0,2775,2776,C
3-PA,1242,4,2,0,2756,2762,C
3-PA,1243,0,2739,0,6,2745,T
3-PA,1244,1,3,2766,0,2770,G
3-PA,1245,0,2764,0,1,2765,T
3-PA,1246,0,7,2791,0,2798,G
3-PA,1247,2801,0,3,0,2804,A
3-PA,1248,1,0,2796,0,2797,G
3-PA,1249,0,1,0,2785,2786,C
3-PA,1250,0,2756,0,4,2760,T
3-PA,1251,2814,0,0,0,2814,A
3-PA,1252,2817,1,0,0,2818,A
3-PA,1253,3,0,1,2817,2821,C
3-PA,1254,1,2807,0,0,2808,T
3-PA,1255,1,6,2819,0,2826,G
3-PA,1256,2813,0,0,0,2813,A
3-PA,1257,1,2810,0,1,2812,T
3-PA,1258,0,2813,0,4,2817,T
3-PA,1259,4,0,1,2816,2821,C
3-PA,1260,2870,1,1,0,2872,A
3-PA,1261,1,3,2923,0,2927,G
3-PA,1262,2,2914,0,0,2916,T
3-PA,1263,4,0,0,2919,2923,C
3-PA,1264,1,2907,0,1,2909,T
3-PA,1265,1,3,3015,0,3019,G
3-PA,1266,0,1,3022,0,3023,G
3-PA,1267,3027,0,0,0,3027,A
3-PA,1268,0,3026,0,1,3027,T
3-PA,1269,2902,0,2,1,2905,A
3-PA,1270,0,7,2896,0,2903,G
3-PA,1271,2872,0,2,0,2874,A
3-PA,1272,0,0,2894,0,2894,G
3-PA,1273,0,2,0,2896,2898,C
3-PA,1274,1,2845,0,1,2847,T
3-PA,1275,6,4,0,2842,2852,C
3-PA,1276,1,3,2861,0,2865,G
3-PA,1277,2865,0,4,0,2869,A
3-PA,1278,1,2869,0,0,2870,T
3-PA,1279,0,3,2863,1,2867,G
3-PA,1280,2901,0,1,1,2903,A
3-PA,1281,2899,0,5,0,2904,A
3-PA,1282,2916,0,1,0,2917,A
3-PA,1283,0,2910,1,0,2911,T
3-PA,1284,0,2909,1,0,2910,T
3-PA,1285,0,7,2926,0,2933,G
3-PA,1286,0,5,2926,0,2931,G
3-PA,1287,2922,2,6,0,2930,A
3-PA,1288,1,5,2930,0,2936,G
3-PA,1289,2871,5,2,0,2878,A
3-PA,1290,0,4,2892,0,2896,G
3-PA,1291,2,2,2907,1,2912,G
3-PA,1292,2932,1,2,0,2935,A
3-PA,1293,0,1,0,2936,2937,C
3-PA,1294,2,1,2917,0,2920,G
3-PA,1295,1,2912,0,1,2914,T
3-PA,1296,2936,0,0,0,2936,A
3-PA,1297,2,1,2958,0,2961,G
3-PA,1298,0,1,1,2979,2981,C
3-PA,1299,3,3,0,2950,2956,C
3-PA,1300,8,0,0,2941,2949,C
3-PA,1301,5,1,0,2943,2949,C
3-PA,1302,2960,0,0,0,2960,A
3-PA,1303,3044,0,0,0,3044,A
3-PA,1304,1,3039,0,0,3040,T
3-PA,1305,0,3024,0,0,3024,T
3-PA,1306,0,8,3017,0,3025,G
3-PA,1307,2980,0,2,0,2982,A
3-PA,1308,1,0,2985,0,2986,G
3-PA,1309,0,0,0,2983,2983,C
3-PA,1310,2965,0,0,0,2965,A
3-PA,1311,0,0,0,3022,3022,C
3-PA,1312,2939,0,1,0,2940,A
3-PA,1313,0,3021,0,1,3022,T
3-PA,1314,0,3020,0,6,3026,T
3-PA,1315,1,0,3032,0,3033,G
3-PA,1316,0,1,0,3034,3035,C
3-PA,1317,3027,0,3,1,3031,A
3-PA,1318,3023,0,3,0,3026,A
3-PA,1319,0,1,3032,0,3033,G
3-PA,1320,0,0,0,3012,3012,C
3-PA,1321,3014,2,1,0,3017,A
3-PA,1322,1,2955,0,0,2956,T
3-PA,1323,0,4,2954,0,2958,G
3-PA,1324,2942,2,2,0,2946,A
3-PA,1325,0,6,2948,0,2954,G
3-PA,1326,2954,1,1,0,2956,A
3-PA,1327,2954,0,2,0,2956,A
3-PA,1328,0,0,2949,0,2949,G
3-PA,1329,1,4,2946,0,2951,G
3-PA,1330,2947,1,3,0,2951,A
3-PA,1331,2949,0,1,0,2950,A
3-PA,1332,1,2957,0,1,2959,T
3-PA,1333,1,2952,0,0,2953,T
3-PA,1334,2974,0,0,0,2974,A
3-PA,1335,0,2982,0,1,2983,T
3-PA,1336,0,2985,0,0,2985,T
3-PA,1337,1,2990,0,0,2991,T
3-PA,1338,5,2,0,2975,2982,C
3-PA,1339,2966,2,3,0,2971,A
3-PA,1340,0,0,0,3041,3041,C
3-PA,1341,3023,0,1,0,3024,A
3-PA,1342,2,0,3053,0,3055,G
3-PA,1343,1,0,0,3040,3041,C
3-PA,1344,3039,0,0,0,3039,A
3-PA,1345,0,0,3052,0,3052,G
3-PA,1346,3040,0,6,0,3046,A
3-PA,1347,0,3,3070,0,3073,G
3-PA,1348,0,1,3078,0,3079,G
3-PA,1349,1,3002,1,5,3009,T
3-PA,1350,0,0,3063,1,3064,G
3-PA,1351,1,3035,0,7,3043,T
3-PA,1352,6,0,0,3038,3044,C
3-PA,1353,1,1,2,3071,3075,C
3-PA,1354,8,1,0,3068,3077,C
3-PA,1355,3097,1,2,0,3100,A
3-PA,1356,1,3131,0,2,3134,T
3-PA,1357,1,3122,0,1,3124,T
3-PA,1358,0,0,3133,0,3133,G
3-PA,1359,2,3089,0,1,3092,T
3-PA,1360,3060,0,4,0,3064,A
3-PA,1361,0,3,3060,0,3063,G
3-PA,1362,3009,1,4,0,3014,A
3-PA,1363,0,0,3036,0,3036,G
3-PA,1364,1,0,0,2995,2996,C
3-PA,1365,1,1,1,2960,2963,C
3-PA,1366,2983,0,6,0,2989,A
3-PA,1367,0,0,0,3003,3003,C
3-PA,1368,2,2976,0,1,2979,T
3-PA,1369,0,3,2978,0,2981,G
3-PA,1370,2976,0,0,1,2977,A
3-PA,1371,2927,0,0,0,2927,A
3-PA,1372,1,2988,0,1,2990,T
3-PA,1373,3031,0,1,0,3032,A
3-PA,1374,0,0,0,3049,3049,C
3-PA,1375,2969,0,2,0,2971,A
3-PA,1376,0,2990,0,2,2992,T
3-PA,1377,2963,0,2,0,2965,A
3-PA,1378,2975,0,0,0,2975,A
3-PA,1379,1,2971,0,2,2974,T
3-PA,1380,0,1,2948,0,2949,G
3-PA,1381,2929,2,1,1,2933,A
3-PA,1382,2882,0,0,0,2882,A
3-PA,1383,1,8,2882,0,2891,G
3-PA,1384,0,7,2871,0,2878,G
3-PA,1385,1,6,2910,1,2918,G
3-PA,1386,1,5,2919,0,2925,G
3-PA,1387,1,2,2946,0,2949,G
3-PA,1388,0,2898,0,1,2899,T
3-PA,1389,2924,0,2,0,2926,A
3-PA,1390,1,2943,0,2,2946,T
3-PA,1391,2982,0,1,1,2984,A
3-PA,1392,0,0,0,3243,3243,C
3-PA,1393,3142,0,0,0,3142,A
3-PA,1394,1,3076,0,1,3078,T
3-PA,1395,0,3051,0,1,3052,T
3-PA,1396,3014,0,0,0,3014,A
3-PA,1397,3067,0,1,0,3068,A
3-PA,1398,0,0,0,3067,3067,C
3-PA,1399,3020,0,0,1,3021,A
3-PA,1400,0,0,0,3024,3024,C
3-PA,1401,1,2748,0,1,2750,T
3-PA,1402,1,4,2858,0,2863,G
3-PA,1403,1,1,1,2858,2861,C
3-PA,1404,6,1,0,2851,2858,C
3-PA,1405,6,0,0,2855,2861,C
3-PA,1406,0,2790,0,2,2792,T
3-PA,1407,0,0,2893,0,2893,G
3-PA,1408,1,1,0,2887,2889,C
3-PA,1409,0,2878,0,4,2882,T
3-PA,1410,7,2,0,2942,2951,C
3-PA,1411,2861,0,1,0,2862,A
3-PA,1412,2891,0,1,0,2892,A
3-PA,1413,0,2901,0,0,2901,T
3-PA,1414,0,1,2897,0,2898,G
3-PA,1415,1,1,1,2894,2897,C
3-PA,1416,2852,1,3,0,2856,A
3-PA,1417,0,2849,1,3,2853,T
3-PA,1418,1,1,0,2851,2853,C
3-PA,1419,2,1,0,2872,2875,C
3-PA,1420,0,2791,0,1,2792,T
3-PA,1421,1,0,2856,0,2857,G
3-PA,1422,1,2844,0,8,2853,T
3-PA,1423,0,2,2844,0,2846,G
3-PA,1424,2,1,0,2852,2855,C
3-PA,1425,2802,1,3,1,2807,A
3-PA,1426,1,1,2831,0,2833,G
3-PA,1427,2,0,0,2831,2833,C
3-PA,1428,2805,0,1,0,2806,A
3-PA,1429,2805,0,0,0,2805,A
3-PA,1430,0,2735,0,0,2735,T
3-PA,1431,1,1,2734,0,2736,G
3-PA,1432,0,4,2725,0,2729,G
3-PA,1433,2729,0,4,0,2733,A
3-PA,1434,0,1,0,2727,2728,C
3-PA,1435,1,6,2703,0,2710,G
3-PA,1436,2744,0,4,0,2748,A
3-PA,1437,1,2740,0,0,2741,T
3-PA,1438,0,2743,0,0,2743,T
3-PA,1439,0,2734,0,1,2735,T
3-PA,1440,0,2737,0,0,2737,T
3-PA,1441,0,0,0,2740,2740,C
3-PA,1442,2736,0,1,0,2737,A
3-PA,1443,2747,2,1,0,2750,A
3-PA,1444,0,1,0,2748,2749,C
3-PA,1445,0,2721,0,1,2722,T
3-PA,1446,2717,0,1,0,2718,A
3-PA,1447,2720,0,0,1,2721,A
3-PA,1448,0,2724,0,0,2724,T
3-PA,1449,0,2711,0,4,2715,T
3-PA,1450,2,3,0,2725,2730,C
3-PA,1451,3,0,0,2714,2717,C
3-PA,1452,3,0,0,2711,2714,C
3-PA,1453,2710,0,2,1,2713,A
3-PA,1454,0,2752,0,3,2755,T
3-PA,1455,0,5,2755,0,2760,G
3-PA,1456,2752,0,5,0,2757,A
3-PA,1457,1,2747,0,0,2748,T
3-PA,1458,2743,0,1,0,2744,A
3-PA,1459,2737,0,1,0,2738,A
3-PA,1460,1,0,2741,1,2743,G
3-PA,1461,1,0,0,2748,2749,C
3-PA,1462,2729,0,2,5,2736,A
3-PA,1463,2658,0,2,1,2661,A
3-PA,1464,13,0,2676,0,2689,G
3-PA,1465,1,2669,0,2,2672,T
3-PA,1466,1,0,2669,0,2670,G
3-PA,1467,2,4,0,2660,2666,C
3-PA,1468,2633,0,2,0,2635,A
3-PA,1469,0,5,2672,0,2677,G
3-PA,1470,2665,1,2,0,2668,A
3-PA,1471,2707,0,0,0,2707,A
3-PA,1472,0,0,1,2708,2709,C
3-PA,1473,0,2651,0,0,2651,T
3-PA,1474,2666,0,0,0,2666,A
3-PA,1475,2684,0,1,0,2685,A
3-PA,1476,2678,1,0,0,2679,A
3-PA,1477,0,2,2692,0,2694,G
3-PA,1478,2593,0,7,0,2600,A
3-PA,1479,0,29,2572,0,2601,G
3-PA,1480,3,3,2547,0,2553,G
3-PA,1481,2,3,2538,0,2543,G
3-PA,1482,2515,0,4,1,2520,A
3-PA,1483,2478,1,4,0,2483,A
3-PA,1484,3,4,2470,0,2477,G
3-PA,1485,0,3,2474,0,2477,G
3-PA,1486,0,0,0,2478,2478,C
3-PA,1487,1,2,2474,0,2477,G
3-PA,1488,2466,1,1,0,2468,A
3-PA,1489,2478,0,0,0,2478,A
3-PA,1490,2477,0,0,0,2477,A
3-PA,1491,2477,1,0,0,2478,A
3-PA,1492,2471,0,1,0,2472,A
3-PA,1493,2,1,0,2475,2478,C
3-PA,1494,3,1,1,2468,2473,C
3-PA,1495,2467,1,1,0,2469,A
3-PA,1496,2493,0,1,0,2494,A
3-PA,1497,0,2488,1,0,2489,T
3-PA,1498,0,2491,0,0,2491,T
3-PA,1499,0,2500,0,0,2500,T
3-PA,1500,2510,0,0,0,2510,A
3-PA,1501,1,2496,1,2,2500,T
3-PA,1502,2497,0,3,0,2500,A
3-PA,1503,1,2494,1,1,2497,T
3-PA,1504,1,1,2476,1,2479,G
3-PA,1505,1,2,2459,0,2462,G
3-PA,1506,2469,1,0,0,2470,A
3-PA,1507,0,2457,0,1,2458,T
3-PA,1508,0,2447,0,1,2448,T
3-PA,1509,5,2,0,2436,2443,C
3-PA,1510,2452,1,1,0,2454,A
3-PA,1511,2,2469,0,2,2473,T
3-PA,1512,2,1,1,2479,2483,C
3-PA,1513,2483,0,2,0,2485,A
3-PA,1514,0,2473,0,0,2473,T
3-PA,1515,2463,1,0,0,2464,A
3-PA,1516,2458,0,1,0,2459,A
3-PA,1517,2454,0,6,0,2460,A
3-PA,1518,0,5,2449,0,2454,G
3-PA,1519,0,6,2413,0,2419,G
3-PA,1520,1,3,2393,0,2397,G
3-PA,1521,2382,2,0,0,2384,A
3-PA,1522,2356,0,4,1,2361,A
3-PA,1523,0,2,2368,0,2370,G
3-PA,1524,2355,0,0,0,2355,A
3-PA,1525,1,2350,0,1,2352,T
3-PA,1526,5,0,1,2340,2346,C
3-PA,1527,0,2317,0,3,2320,T
3-PA,1528,6,0,0,2373,2379,C
3-PA,1529,2373,0,2,0,2375,A
3-PA,1530,1,2371,0,0,2372,T
3-PA,1531,1,2362,0,0,2363,T
3-PA,1532,0,2349,0,0,2349,T
3-PA,1533,2336,1,0,0,2337,A
3-PA,1534,2338,0,2,0,2340,A
3-PA,1535,0,4,2338,0,2342,G
3-PA,1536,0,5,2356,0,2361,G
3-PA,1537,2255,0,2,0,2257,A
3-PA,1538,2263,0,1,1,2265,A
3-PA,1539,0,2251,3,0,2254,T
3-PA,1540,0,6,2260,0,2266,G
3-PA,1541,2314,2,5,0,2321,A
3-PA,1542,0,1,0,2316,2317,C
3-PA,1543,2305,0,2,0,2307,A
3-PA,1544,0,0,0,2303,2303,C
3-PA,1545,2237,1,1,0,2239,A
3-PA,1546,0,3,2255,0,2258,G
3-PA,1547,2238,0,3,0,2241,A
3-PA,1548,1,0,0,2223,2224,C
3-PA,1549,0,0,2200,0,2200,G
3-PA,1550,0,2080,0,1,2081,T
3-PA,1551,1,4,2078,0,2083,G
3-PA,1552,0,1,2092,0,2093,G
3-PA,1553,1,2092,1,0,2094,T
3-PA,1554,2092,0,1,0,2093,A
3-PA,1555,2062,0,1,0,2063,A
3-PA,1556,2069,0,0,0,2069,A
3-PA,1557,1,2063,0,0,2064,T
3-PA,1558,0,2033,0,0,2033,T
3-PA,1559,0,2032,0,0,2032,T
3-PA,1560,0,2016,0,0,2016,T
3-PA,1561,0,0,2023,0,2023,G
3-PA,1562,0,2002,0,0,2002,T
3-PA,1563,0,7,2001,0,2008,G
3-PA,1564,2005,1,4,0,2010,A
3-PA,1565,0,1,2013,0,2014,G
3-PA,1566,1,0,0,2008,2009,C
3-PA,1567,2006,1,2,0,2009,A
3-PA,1568,0,2009,0,1,2010,T
3-PA,1569,1,1,2007,0,2009,G
3-PA,1570,0,5,2014,0,2019,G
3-PA,1571,2009,1,5,0,2015,A
3-PA,1572,0,0,2021,0,2021,G
3-PA,1573,0,1992,1,2,1995,T
3-PA,1574,0,1975,1,4,1980,T
3-PA,1575,0,1992,0,0,1992,T
3-PA,1576,0,1992,0,2,1994,T
3-PA,1577,3,0,0,1990,1993,C
3-PA,1578,0,1986,0,1,1987,T
3-PA,1579,1,0,0,1985,1986,C
3-PA,1580,0,1934,0,2,1936,T
3-PA,1581,2,1,0,1926,1929,C
3-PA,1582,1934,0,0,0,1934,A
3-PA,1583,1,1,0,1930,1932,C
3-PA,1584,0,1888,0,2,1890,T
3-PA,1585,0,2,1894,0,1896,G
3-PA,1586,1899,1,1,0,1901,A
3-PA,1587,2,0,0,1903,1905,C
3-PA,1588,2,3,0,1902,1907,C
3-PA,1589,2,9,0,1876,1887,C
3-PA,1590,1,0,1880,0,1881,G
3-PA,1591,1870,0,0,0,1870,A
3-PA,1592,0,3,1883,0,1886,G
3-PA,1593,1884,0,1,0,1885,A
3-PA,1594,0,0,0,1851,1851,C
3-PA,1595,0,1828,0,0,1828,T
3-PA,1596,0,1767,0,0,1767,T
3-PA,1597,1,1,1769,0,1771,G
3-PA,1598,1759,0,7,0,1766,A
3-PA,1599,1,2,1769,0,1772,G
3-PA,1600,1,0,0,1770,1771,C
3-PA,1601,5,1,0,1717,1723,C
3-PA,1602,1752,0,1,0,1753,A
3-PA,1603,3,1,0,1744,1748,C
3-PA,1604,1752,0,1,0,1753,A
3-PA,1605,0,1741,0,9,1750,T
3-PA,1606,1741,0,0,0,1741,A
3-PA,1607,1739,0,0,0,1739,A
3-PA,1608,1738,0,0,0,1738,A
3-PA,1609,0,1728,0,0,1728,T
3-PA,1610,1,4,1721,0,1726,G
3-PA,1611,0,1,1661,0,1662,G
3-PA,1612,0,4,1674,0,1678,G
3-PA,1613,1647,0,3,0,1650,A
3-PA,1614,0,0,1675,0,1675,G
3-PA,1615,1668,0,0,0,1668,A
3-PA,1616,1657,0,1,0,1658,A
3-PA,1617,1665,0,0,0,1665,A
3-PA,1618,0,1670,0,0,1670,T
3-PA,1619,1665,0,0,0,1665,A
3-PA,1620,2,0,0,1667,1669,C
3-PA,1621,0,1379,0,3,1382,T
3-PA,1622,2,0,1389,0,1391,G
3-PA,1623,1,1266,0,1,1268,T
3-PA,1624,0,0,1322,0,1322,G
3-PA,1625,1,1302,1,0,1304,T
3-PA,1626,1,0,0,1245,1246,C
3-PA,1627,3,0,0,1241,1244,C
3-PA,1628,0,1238,0,1,1239,T
3-PA,1629,1,1240,0,1,1242,T
3-PA,1630,1,5,1250,0,1256,G
3-PA,1631,1268,0,1,0,1269,A
3-PA,1632,0,1,1276,0,1277,G
3-PA,1633,1215,0,0,1,1216,A
3-PA,1634,0,1218,0,0,1218,T
3-PA,1635,1202,0,2,0,1204,A
3-PA,1636,0,0,1228,0,1228,G
3-PA,1637,1,1,1230,0,1232,G
3-PA,1638,1219,0,1,0,1220,A
3-PA,1639,0,1,1216,0,1217,G
3-PA,1640,1207,0,1,0,1208,A
3-PA,1641,0,1201,0,1,1202,T
3-PA,1642,1216,0,0,0,1216,A
3-PA,1643,1,1212,0,0,1213,T
3-PA,1644,0,0,1224,0,1224,G
3-PA,1645,0,1213,0,1,1214,T
3-PA,1646,0,1216,0,0,1216,T
3-PA,1647,1238,0,0,0,1238,A
3-PA,1648,0,0,0,1236,1236,C
3-PA,1649,0,1226,0,0,1226,T
3-PA,1650,1232,1,0,0,1233,A
3-PA,1651,1223,0,0,1,1224,A
3-PA,1652,1,3,1234,0,1238,G
3-PA,1653,1223,1,0,0,1224,A
3-PA,1654,1203,1,0,1,1205,A
3-PA,1655,7,0,1177,0,1184,G
3-PA,1656,0,1195,0,0,1195,T
3-PA,1657,0,1,1206,0,1207,G
3-PA,1658,1,0,0,1208,1209,C
3-PA,1659,2,1,0,1207,1210,C
3-PA,1660,1208,0,0,0,1208,A
3-PA,1661,0,1207,0,0,1207,T
3-PA,1662,1204,0,0,0,1204,A
3-PA,1663,2,0,1211,0,1213,G
3-PA,1664,0,2,1206,0,1208,G
3-PA,1665,0,2,0,1201,1203,C
3-PA,1666,0,0,0,1195,1195,C
3-PA,1667,1197,0,0,0,1197,A
3-PA,1668,1196,1,0,0,1197,A
3-PA,1669,1200,0,0,0,1200,A
3-PA,1670,0,1211,0,0,1211,T
3-PA,1671,1,1206,0,0,1207,T
3-PA,1672,0,1202,0,0,1202,T
3-PA,1673,0,0,0,1203,1203,C
3-PA,1674,1178,0,2,0,1180,A
3-PA,1675,1179,0,1,0,1180,A
3-PA,1676,8,1,1176,0,1185,G
3-PA,1677,1,0,1178,0,1179,G
3-PA,1678,0,0,0,1179,1179,C
3-PA,1679,0,1,0,1168,1169,C
3-PA,1680,1173,0,2,0,1175,A
3-PA,1681,1200,0,0,0,1200,A
3-PA,1682,1,1200,0,1,1202,T
3-PA,1683,0,0,1250,0,1250,G
3-PA,1684,0,1249,0,1,1250,T
3-PA,1685,0,1310,0,2,1312,T
3-PA,1686,1,0,0,1332,1333,C
3-PA,1687,0,1323,0,0,1323,T
3-PA,1688,0,1323,0,0,1323,T
3-PA,1689,1247,1,0,0,1248,A
3-PA,1690,0,1256,0,0,1256,T
3-PA,1691,1260,0,0,0,1260,A
3-PA,1692,0,1279,0,0,1279,T
3-PA,1693,0,0,1281,0,1281,G
3-PA,1694,0,1224,0,1,1225,T
3-PA,1695,0,2,1220,0,1222,G
3-PA,1696,1205,0,2,0,1207,A
3-PA,1697,1,3,1204,0,1208,G
3-PA,1698,0,4,1203,0,1207,G
3-PA,1699,1212,0,0,0,1212,A
3-PA,1700,0,0,0,1209,1209,C
3-PA,1701,1190,0,0,0,1190,A
3-PA,1702,1187,0,0,0,1187,A
3-PA,1703,1185,0,2,0,1187,A
3-PA,1704,0,0,0,1190,1190,C
3-PA,1705,0,1,1187,0,1188,G
3-PA,1706,0,3,1200,0,1203,G
3-PA,1707,1194,0,0,0,1194,A
3-PA,1708,1194,0,2,0,1196,A
3-PA,1709,1,0,0,1198,1199,C
3-PA,1710,1193,0,0,0,1193,A
3-PA,1711,0,1199,0,1,1200,T
3-PA,1712,1,0,0,1197,1198,C
3-PA,1713,1196,0,0,0,1196,A
3-PA,1714,1196,0,1,0,1197,A
3-PA,1715,1183,0,1,0,1184,A
3-PA,1716,0,1,1196,0,1197,G
3-PA,1717,0,2,1201,0,1203,G
3-PA,1718,1,1191,0,1,1193,T
3-PA,1719,1,0,0,1190,1191,C
3-PA,1720,1190,1,0,0,1191,A
3-PA,1721,1199,0,1,0,1200,A
3-PA,1722,1195,1,2,0,1198,A
3-PA,1723,1199,0,0,0,1199,A
3-PA,1724,0,1195,0,0,1195,T
3-PA,1725,1,3,1194,0,1198,G
3-PA,1726,1188,0,0,0,1188,A
3-PA,1727,1186,0,0,0,1186,A
3-PA,1728,1187,0,2,0,1189,A
3-PA,1729,0,1189,0,0,1189,T
3-PA,1730,0,1,1199,0,1200,G
3-PA,1731,0,1,1202,0,1203,G
3-PA,1732,0,3,1195,0,1198,G
3-PA,1733,1,2,1205,0,1208,G
3-PA,1734,1199,0,0,0,1199,A
3-PA,1735,1205,1,0,0,1206,A
3-PA,1736,1,1206,0,1,1208,T
3-PA,1737,0,1,1208,0,1209,G
3-PA,1738,0,2,1215,1,1218,G
3-PA,1739,1204,1,1,0,1206,A
3-PA,1740,0,0,1224,0,1224,G
3-PA,1741,1213,0,5,0,1218,A
3-PA,1742,1,1211,0,0,1212,T
3-PA,1743,1,5,1207,0,1213,G
3-PA,1744,1197,0,3,1,1201,A
3-PA,1745,0,0,1213,0,1213,G
3-PA,1746,1208,0,0,0,1208,A
3-PA,1747,0,0,0,1195,1195,C
3-PA,1748,0,0,1187,0,1187,G
3-PA,1749,0,1181,0,0,1181,T
3-PA,1750,0,1178,0,0,1178,T
3-PA,1751,1,0,1186,0,1187,G
3-PA,1752,1,1,0,1184,1186,C
3-PA,1753,1,0,0,1183,1184,C
3-PA,1754,0,1187,0,2,1189,T
3-PA,1755,5,0,0,1198,1203,C
3-PA,1756,0,0,0,1209,1209,C
3-PA,1757,0,1208,0,0,1208,T
3-PA,1758,0,1210,0,1,1211,T
3-PA,1759,2,0,0,1213,1215,C
3-PA,1760,1204,1,2,0,1207,A
3-PA,1761,0,0,1208,0,1208,G
3-PA,1762,0,1203,0,0,1203,T
3-PA,1763,4,1,0,1218,1223,C
3-PA,1764,1186,1,0,0,1187,A
3-PA,1765,0,0,0,1244,1244,C
3-PA,1766,0,1249,0,0,1249,T
3-PA,1767,0,0,0,1258,1258,C
3-PA,1768,1,1,0,1252,1254,C
3-PA,1769,1258,0,0,0,1258,A
3-PA,1770,1,0,1264,0,1265,G
3-PA,1771,0,1,0,1259,1260,C
3-PA,1772,1257,0,0,0,1257,A
3-PA,1773,0,0,1266,0,1266,G
3-PA,1774,1232,0,1,0,1233,A
3-PA,1775,0,1225,0,1,1226,T
3-PA,1776,0,0,1,1226,1227,C
3-PA,1777,0,2,1224,0,1226,G
3-PA,1778,1222,1,1,0,1224,A
3-PA,1779,0,1,1228,0,1229,G
3-PA,1780,1221,0,1,0,1222,A
3-PA,1781,1,0,1222,0,1223,G
3-PA,1782,1,0,0,1220,1221,C
3-PA,1783,1219,0,0,0,1219,A
3-PA,1784,0,1220,0,0,1220,T
3-PA,1785,0,1,1238,0,1239,G
3-PA,1786,1244,1,1,0,1246,A
3-PA,1787,0,1246,1,0,1247,T
3-PA,1788,0,1244,0,1,1245,T
3-PA,1789,0,0,1244,0,1244,G
3-PA,1790,1231,0,6,0,1237,A
3-PA,1791,1238,0,2,0,1240,A
3-PA,1792,0,0,1243,0,1243,G
3-PA,1793,0,0,0,1239,1239,C
3-PA,1794,0,1,0,1215,1216,C
3-PA,1795,0,1,1214,0,1215,G
3-PA,1796,1208,0,3,1,1212,A
3-PA,1797,0,0,1219,2,1221,G
3-PA,1798,0,1213,0,1,1214,T
3-PA,1799,4,0,0,1208,1212,C
3-PA,1800,1,0,0,1209,1210,C
3-PA,1801,0,1206,0,0,1206,T
3-PA,1802,0,0,0,1221,1221,C
3-PA,1803,0,2,1220,0,1222,G
3-PA,1804,0,0,1249,0,1249,G
3-PA,1805,0,1249,0,0,1249,T
3-PA,1806,1,1245,0,0,1246,T
3-PA,1807,1238,5,0,0,1243,A
3-PA,1808,1241,0,0,0,1241,A
3-PA,1809,1243,0,0,0,1243,A
3-PA,1810,0,1,1254,0,1255,G
3-PA,1811,1235,1,0,0,1236,A
3-PA,1812,0,0,1238,0,1238,G
3-PA,1813,1202,0,1,0,1203,A
3-PA,1814,1199,1,1,1,1202,A
3-PA,1815,1204,0,0,1,1205,A
3-PA,1816,0,1,1207,0,1208,G
3-PA,1817,1209,0,1,1,1211,A
3-PA,1818,0,0,0,1210,1210,C
3-PA,1819,1195,0,3,0,1198,A
3-PA,1820,0,1190,0,0,1190,T
3-PA,1821,2,6,1183,0,1191,G
3-PA,1822,1203,0,0,0,1203,A
3-PA,1823,0,0,0,1203,1203,C
3-PA,1824,3,1,1,1190,1195,C
3-PA,1825,1176,0,0,0,1176,A
3-PA,1826,1179,0,0,0,1179,A
3-PA,1827,1174,0,0,0,1174,A
3-PA,1828,0,2,1182,0,1184,G
3-PA,1829,1174,0,1,0,1175,A
3-PA,1830,0,0,1181,0,1181,G
3-PA,1831,2,1164,1,0,1167,T
3-PA,1832,0,1161,0,0,1161,T
3-PA,1833,0,1163,0,0,1163,T
3-PA,1834,0,1166,0,2,1168,T
3-PA,1835,0,1169,0,0,1169,T
3-PA,1836,0,1169,0,0,1169,T
3-PA,1837,1,0,1171,1,1173,G
3-PA,1838,1165,0,1,0,1166,A
3-PA,1839,0,3,1165,0,1168,G
3-PA,1840,1167,0,0,0,1167,A
3-PA,1841,1165,0,0,0,1165,A
3-PA,1842,0,1166,0,0,1166,T
3-PA,1843,1164,1,0,0,1165,A
3-PA,1844,1183,1,1,0,1185,A
3-PA,1845,1192,0,0,0,1192,A
3-PA,1846,0,1192,0,0,1192,T
3-PA,1847,2,0,0,1197,1199,C
3-PA,1848,1191,0,0,0,1191,A
3-PA,1849,0,0,1190,0,1190,G
3-PA,1850,1191,0,1,0,1192,A
3-PA,1851,1196,0,1,0,1197,A
3-PA,1852,1,0,1202,0,1203,G
3-PA,1853,0,0,0,1179,1179,C
3-PA,1854,1162,1,3,0,1166,A
3-PA,1855,0,1168,0,1,1169,T
3-PA,1856,0,1,1165,0,1166,G
3-PA,1857,2,0,1174,0,1176,G
3-PA,1858,0,0,0,1176,1176,C
3-PA,1859,2,0,0,1196,1198,C
3-PA,1860,5,0,1,1189,1195,C
3-PA,1861,1202,0,1,0,1203,A
3-PA,1862,0,1206,0,0,1206,T
3-PA,1863,2,1203,0,0,1205,T
3-PA,1864,0,3,1205,0,1208,G
3-PA,1865,0,1,1205,0,1206,G
3-PA,1866,1,4,1182,0,1187,G
3-PA,1867,1,2,1180,0,1183,G
3-PA,1868,1137,0,0,0,1137,A
3-PA,1869,0,0,1152,0,1152,G
3-PA,1870,1,1133,0,0,1134,T
3-PA,1871,4,0,0,1142,1146,C
3-PA,1872,0,1,0,1186,1187,C
3-PA,1873,0,0,0,1190,1190,C
3-PA,1874,0,1,0,1186,1187,C
3-PA,1875,0,0,0,1181,1181,C
3-PA,1876,1179,0,2,2,1183,A
3-PA,1877,1182,0,2,0,1184,A
3-PA,1878,0,0,1181,0,1181,G
3-PA,1879,0,1,1156,0,1157,G
3-PA,1880,0,5,1152,0,1157,G
3-PA,1881,1040,1,3,0,1044,A
3-PA,1882,0,0,1054,0,1054,G
3-PA,1883,0,1051,0,2,1053,T
3-PA,1884,0,1,1054,0,1055,G
3-PA,1885,0,2,1052,0,1054,G
3-PA,1886,1055,1,1,0,1057,A
3-PA,1887,1054,0,0,0,1054,A
3-PA,1888,0,0,1054,0,1054,G
3-PA,1889,1047,0,0,0,1047,A
3-PA,1890,1044,0,1,0,1045,A
3-PA,1891,1,3,1031,0,1035,G
3-PA,1892,0,0,1037,0,1037,G
3-PA,1893,0,1032,0,0,1032,T
3-PA,1894,0,1022,0,0,1022,T
3-PA,1895,1,0,0,1018,1019,C
3-PA,1896,0,0,0,1026,1026,C
3-PA,1897,1026,0,0,0,1026,A
3-PA,1898,0,1027,0,0,1027,T
3-PA,1899,0,1025,0,0,1025,T
3-PA,1900,0,1,1031,0,1032,G
3-PA,1901,0,4,1018,0,1022,G
3-PA,1902,1,1,1023,0,1025,G
3-PA,1903,1026,0,1,0,1027,A
3-PA,1904,1028,0,0,0,1028,A
3-PA,1905,1033,0,1,0,1034,A
3-PA,1906,0,0,1058,0,1058,G
3-PA,1907,0,1048,0,1,1049,T
3-PA,1908,1,0,0,1064,1065,C
3-PA,1909,0,1054,0,1,1055,T
3-PA,1910,1,0,1055,0,1056,G
3-PA,1911,0,1056,0,0,1056,T
3-PA,1912,1050,1,0,1,1052,A
3-PA,1913,0,0,1056,0,1056,G
3-PA,1914,0,1,1041,0,1042,G
3-PA,1915,1002,1,0,0,1003,A
3-PA,1916,0,0,0,1000,1000,C
3-PA,1917,0,986,0,0,986,T
3-PA,1918,1,1,0,1025,1027,C
3-PA,1919,0,1028,0,1,1029,T
3-PA,1920,1030,0,0,0,1030,A
3-PA,1921,1,1028,0,0,1029,T
3-PA,1922,0,1026,0,1,1027,T
3-PA,1923,0,3,1042,0,1045,G
3-PA,1924,1,1,1040,0,1042,G
3-PA,1925,0,0,0,1037,1037,C
3-PA,1926,0,1032,0,0,1032,T
3-PA,1927,968,1,0,0,969,A
3-PA,1928,974,1,2,0,977,A
3-PA,1929,0,0,985,0,985,G
3-PA,1930,0,983,0,0,983,T
3-PA,1931,5,1,0,972,978,C
3-PA,1932,953,1,4,0,958,A
3-PA,1933,0,1,982,0,983,G
3-PA,1934,0,988,0,0,988,T
3-PA,1935,1018,0,0,0,1018,A
3-PA,1936,0,1017,0,0,1017,T
3-PA,1937,1,1022,0,1,1024,T
3-PA,1938,2,1,0,1027,1030,C
3-PA,1939,1015,0,3,0,1018,A
3-PA,1940,1018,0,0,0,1018,A
3-PA,1941,0,1018,0,0,1018,T
3-PA,1942,981,1,3,0,985,A
3-PA,1943,0,0,992,0,992,G
3-PA,1944,1,0,0,979,980,C
3-PA,1945,0,0,0,991,991,C
3-PA,1946,0,963,0,0,963,T
3-PA,1947,0,0,987,0,987,G
3-PA,1948,0,988,0,0,988,T
3-PA,1949,995,0,0,0,995,A
3-PA,1950,1,991,0,1,993,T
3-PA,1951,0,0,967,0,967,G
3-PA,1952,0,0,0,961,961,C
3-PA,1953,927,0,0,0,927,A
3-PA,1954,0,917,0,1,918,T
3-PA,1955,1,1,0,913,915,C
3-PA,1956,892,0,0,0,892,A
3-PA,1957,0,1,0,901,902,C
3-PA,1958,1,0,0,892,893,C
3-PA,1959,892,0,1,0,893,A
3-PA,1960,0,0,0,897,897,C
3-PA,1961,889,0,0,0,889,A
3-PA,1962,892,0,0,0,892,A
3-PA,1963,0,890,0,0,890,T
3-PA,1964,0,886,0,0,886,T
3-PA,1965,0,0,887,0,887,G
3-PA,1966,0,1,875,0,876,G
3-PA,1967,872,0,2,0,874,A
3-PA,1968,872,0,0,0,872,A
3-PA,1969,0,4,865,0,869,G
3-PA,1970,0,0,875,0,875,G
3-PA,1971,869,0,1,0,870,A
3-PA,1972,0,866,0,0,866,T
3-PA,1973,0,869,0,1,870,T
3-PA,1974,0,867,0,0,867,T
3-PA,1975,0,870,0,0,870,T
3-PA,1976,0,0,0,871,871,C
3-PA,1977,863,0,0,6,869,A
3-PA,1978,0,0,871,0,871,G
3-PA,1979,0,0,0,867,867,C
3-PA,1980,0,0,854,0,854,G
3-PA,1981,0,2,854,0,856,G
3-PA,1982,852,1,0,0,853,A
3-PA,1983,0,0,865,0,865,G
3-PA,1984,0,864,0,1,865,T
3-PA,1985,4,0,0,863,867,C
3-PA,1986,867,1,2,0,870,A
3-PA,1987,869,0,2,0,871,A
3-PA,1988,0,0,873,0,873,G
3-PA,1989,872,0,0,0,872,A
3-PA,1990,864,0,0,0,864,A
3-PA,1991,859,0,0,0,859,A
3-PA,1992,843,0,0,0,843,A
3-PA,1993,0,0,0,846,846,C
3-PA,1994,0,826,0,0,826,T
3-PA,1995,0,0,829,0,829,G
3-PA,1996,0,2,0,826,828,C
3-PA,1997,0,827,0,0,827,T
3-PA,1998,3,1,0,825,829,C
3-PA,1999,4,0,0,824,828,C
3-PA,2000,1,831,0,0,832,T
3-PA,2001,0,829,0,1,830,T
3-PA,2002,0,0,833,0,833,G
3-PA,2003,0,831,0,0,831,T
3-PA,2004,0,824,0,0,824,T
3-PA,2005,0,0,830,0,830,G
3-PA,2006,0,826,0,0,826,T
3-PA,2007,0,819,0,3,822,T
3-PA,2008,2,0,0,821,823,C
3-PA,2009,800,0,1,0,801,A
3-PA,2010,0,0,806,0,806,G
3-PA,2011,0,1,799,0,800,G
3-PA,2012,0,0,0,797,797,C
3-PA,2013,1,796,0,1,798,T
3-PA,2014,2,0,0,812,814,C
3-PA,2015,0,806,0,0,806,T
3-PA,2016,0,807,0,0,807,T
3-PA,2017,815,0,1,0,816,A
3-PA,2018,0,4,813,0,817,G
3-PA,2019,0,2,798,0,800,G
3-PA,2020,1,3,791,0,795,G
3-PA,2021,773,0,0,0,773,A
3-PA,2022,0,0,1,772,773,C
3-PA,2023,735,0,0,0,735,A
3-PA,2024,738,0,1,0,739,A
3-PA,2025,0,0,0,741,741,C
3-PA,2026,0,0,0,739,739,C
3-PA,2027,0,740,0,0,740,T
3-PA,2028,1,0,0,735,736,C
3-PA,2029,0,1,733,0,734,G
3-PA,2030,735,1,1,0,737,A
3-PA,2031,731,0,4,0,735,A
3-PA,2032,1,0,0,736,737,C
3-PA,2033,0,0,0,718,718,C
3-PA,2034,0,701,0,0,701,T
3-PA,2035,0,2,697,0,699,G
3-PA,2036,1,0,697,0,698,G
3-PA,2037,0,0,699,0,699,G
3-PA,2038,697,0,0,0,697,A
3-PA,2039,1,0,0,697,698,C
3-PA,2040,0,0,0,688,688,C
3-PA,2041,0,663,1,2,666,T
3-PA,2042,0,667,0,2,669,T
3-PA,2043,1,669,0,1,671,T
3-PA,2044,0,0,673,0,673,G
3-PA,2045,672,0,1,0,673,A
3-PA,2046,0,670,0,0,670,T
3-PA,2047,1,0,0,669,670,C
3-PA,2048,0,651,0,0,651,T
3-PA,2049,0,647,0,0,647,T
3-PA,2050,0,1,647,0,648,G
3-PA,2051,0,0,647,0,647,G
3-PA,2052,0,1,646,0,647,G
3-PA,2053,0,1,652,0,653,G
3-PA,2054,1,0,643,0,644,G
3-PA,2055,0,0,643,0,643,G
3-PA,2056,1,0,1,641,643,C
3-PA,2057,0,640,0,0,640,T
3-PA,2058,657,0,0,0,657,A
3-PA,2059,1,649,0,5,655,T
3-PA,2060,652,1,0,0,653,A
3-PA,2061,1,648,0,1,650,T
3-PA,2062,0,1,621,0,622,G
3-PA,2063,619,0,1,0,620,A
3-PA,2064,606,0,1,0,607,A
3-PA,2065,0,0,606,0,606,G
3-PA,2066,0,1,0,617,618,C
3-PA,2067,584,0,0,0,584,A
3-PA,2068,598,0,0,0,598,A
3-PA,2069,0,595,0,0,595,T
3-PA,2070,0,596,1,0,597,T
3-PA,2071,0,0,597,0,597,G
3-PA,2072,594,0,0,0,594,A
3-PA,2073,0,1,595,0,596,G
3-PA,2074,1,1,590,0,592,G
3-PA,2075,566,0,1,0,567,A
3-PA,2076,0,0,567,0,567,G
3-PA,2077,1,523,0,0,524,T
3-PA,2078,1,0,524,0,525,G
3-PA,2079,0,1,0,524,525,C
3-PA,2080,0,0,0,524,524,C
3-PA,2081,0,521,0,1,522,T
3-PA,2082,0,1,520,0,521,G
3-PA,2083,522,0,0,0,522,A
3-PA,2084,0,524,0,0,524,T
3-PA,2085,0,500,0,0,500,T
3-PA,2086,491,0,0,0,491,A
3-PA,2087,488,0,0,0,488,A
3-PA,2088,0,485,0,0,485,T
3-PA,2089,0,1,484,0,485,G
3-PA,2090,482,0,0,0,482,A
3-PA,2091,0,471,0,0,471,T
3-PA,2092,0,1,0,467,468,C
3-PA,2093,1,0,0,460,461,C
3-PA,2094,2,0,0,462,464,C
3-PA,2095,1,460,0,0,461,T
3-PA,2096,0,0,459,0,459,G
3-PA,2097,0,0,463,0,463,G
3-PA,2098,0,0,467,0,467,G
3-PA,2099,0,461,0,0,461,T
3-PA,2100,0,438,0,0,438,T
3-PA,2101,0,436,0,1,437,T
3-PA,2102,0,435,0,0,435,T
3-PA,2103,1,0,434,0,435,G
3-PA,2104,0,0,0,436,436,C
3-PA,2105,0,432,0,0,432,T
3-PA,2106,1,0,0,426,427,C
3-PA,2107,421,0,0,0,421,A
3-PA,2108,419,0,0,0,419,A
3-PA,2109,0,420,0,0,420,T
3-PA,2110,0,0,419,0,419,G
3-PA,2111,1,0,0,416,417,C
3-PA,2112,0,0,408,0,408,G
3-PA,2113,0,411,0,1,412,T
3-PA,2114,1,0,0,410,411,C
3-PA,2115,0,408,0,2,410,T
3-PA,2116,0,408,0,0,408,T
3-PA,2117,0,1,400,0,401,G
3-PA,2118,0,0,402,0,402,G
3-PA,2119,0,399,0,0,399,T
3-PA,2120,0,396,0,0,396,T
3-PA,2121,0,0,0,389,389,C
3-PA,2122,384,0,0,0,384,A
3-PA,2123,386,0,0,0,386,A
3-PA,2124,0,0,0,383,383,C
3-PA,2125,0,383,0,0,383,T
3-PA,2126,0,1,0,380,381,C
3-PA,2127,0,0,0,371,371,C
3-PA,2128,0,371,0,0,371,T
3-PA,2129,0,370,0,0,370,T
3-PA,2130,0,0,0,367,367,C
3-PA,2131,0,0,0,365,365,C
3-PA,2132,0,360,0,2,362,T
3-PA,2133,0,0,359,0,359,G
3-PA,2134,359,0,0,0,359,A
3-PA,2135,0,0,0,350,350,C
3-PA,2136,336,0,0,0,336,A
3-PA,2137,0,0,0,322,322,C
3-PA,2138,318,0,0,0,318,A
3-PA,2139,0,316,0,1,317,T
3-PA,2140,0,0,315,0,315,G
3-PA,2141,0,0,0,313,313,C
3-PA,2142,307,0,0,0,307,A
3-PA,2143,0,307,0,0,307,T
3-PA,2144,0,299,0,2,301,T
3-PA,2145,300,0,0,0,300,A
3-PA,2146,298,0,0,0,298,A
3-PA,2147,299,0,0,0,299,A
3-PA,2148,298,0,1,0,299,A
3-PA,2149,0,294,0,0,294,T
3-PA,2150,243,0,0,0,243,A
3-PA,2151,0,0,243,0,243,G
4-HA,1,273,0,0,0,273,A
4-HA,2,0,275,0,0,275,T
4-HA,3,0,0,278,0,278,G
4-HA,4,283,0,0,0,283,A
4-HA,5,289,0,0,0,289,A
4-HA,6,0,1,309,0,310,G
4-HA,7,311,0,0,0,311,A
4-HA,8,0,0,0,329,329,C
4-HA,9,0,330,0,0,330,T
4-HA,10,341,1,2,0,344,A
4-HA,11,0,369,0,0,369,T
4-HA,12,0,0,0,371,371,C
4-HA,13,372,0,0,0,372,A
4-HA,14,0,373,0,0,373,T
4-HA,15,0,372,0,0,372,T
4-HA,16,0,0,407,0,407,G
4-HA,17,0,0,0,409,409,C
4-HA,18,1,408,0,1,410,T
4-HA,19,0,410,0,0,410,T
4-HA,20,0,410,0,0,410,T
4-HA,21,0,2,429,0,431,G
4-HA,22,435,0,1,0,436,A
4-HA,23,0,0,454,0,454,G
4-HA,24,0,0,0,454,454,C
4-HA,25,0,454,0,0,454,T
4-HA,26,478,0,1,0,479,A
4-HA,27,0,0,0,493,493,C
4-HA,28,504,0,0,0,504,A
4-HA,29,0,540,0,0,540,T
4-HA,30,0,538,0,0,538,T
4-HA,31,0,0,0,553,553,C
4-HA,32,0,552,0,0,552,T
4-HA,33,558,0,0,0,558,A
4-HA,34,0,558,0,1,559,T
4-HA,35,1,0,565,0,566,G
4-HA,36,0,565,0,2,567,T
4-HA,37,2,0,0,565,567,C
4-HA,38,0,564,0,1,565,T
4-HA,39,0,0,565,0,565,G
4-HA,40,2,0,561,0,563,G
4-HA,41,0,566,0,0,566,T
4-HA,42,0,566,0,0,566,T
4-HA,43,0,564,0,0,564,T
4-HA,44,0,566,0,0,566,T
4-HA,45,2,0,1,561,564,C
4-HA,46,1,0,564,0,565,G
4-HA,47,0,0,0,570,570,C
4-HA,48,0,570,0,0,570,T
4-HA,49,2,0,0,568,570,C
4-HA,50,572,0,0,0,572,A
4-HA,51,574,0,0,0,574,A
4-HA,52,574,0,0,0,574,A
4-HA,53,572,0,0,0,572,A
4-HA,54,574,0,0,0,574,A
4-HA,55,0,0,0,580,580,C
4-HA,56,0,580,0,0,580,T
4-HA,57,0,585,0,0,585,T
4-HA,58,1,1,0,583,585,C
4-HA,59,5,0,0,581,586,C
4-HA,60,0,587,0,0,587,T
4-HA,61,0,0,591,0,591,G
4-HA,62,0,0,591,0,591,G
4-HA,63,591,0,0,0,591,A
4-HA,64,605,0,0,1,606,A
4-HA,65,605,0,0,0,605,A
4-HA,66,0,608,0,0,608,T
4-HA,67,0,1,611,0,612,G
4-HA,68,609,0,2,0,611,A
4-HA,69,0,0,0,622,622,C
4-HA,70,622,0,0,0,622,A
4-HA,71,620,0,0,0,620,A
4-HA,72,0,0,0,634,634,C
4-HA,73,631,0,1,0,632,A
4-HA,74,0,1,635,0,636,G
4-HA,75,0,0,0,636,636,C
4-HA,76,634,1,2,0,637,A
4-HA,77,0,1,0,651,652,C
4-HA,78,2,0,644,0,646,G
4-HA,79,1,0,656,0,657,G
4-HA,80,0,0,0,658,658,C
4-HA,81,656,0,0,0,656,A
4-HA,82,662,0,0,0,662,A
4-HA,83,0,0,0,669,669,C
4-HA,84,0,0,683,0,683,G
4-HA,85,0,0,0,683,683,C
4-HA,86,0,678,0,0,678,T
4-HA,87,1,0,686,0,687,G
4-HA,88,0,688,0,0,688,T
4-HA,89,0,0,713,0,713,G
4-HA,90,0,0,0,723,723,C
4-HA,91,0,0,0,742,742,C
4-HA,92,0,740,0,1,741,T
4-HA,93,0,739,0,0,739,T
4-HA,94,0,0,746,0,746,G
4-HA,95,0,0,747,0,747,G
4-HA,96,0,1,757,0,758,G
4-HA,97,0,1,1,754,756,C
4-HA,98,752,0,0,0,752,A
4-HA,99,1,0,0,759,760,C
4-HA,100,1,0,0,753,754,C
4-HA,101,829,0,0,0,829,A
4-HA,102,0,830,0,0,830,T
4-HA,103,0,1,832,0,833,G
4-HA,104,0,0,0,836,836,C
4-HA,105,833,0,1,0,834,A
4-HA,106,0,0,888,0,888,G
4-HA,107,0,888,0,0,888,T
4-HA,108,895,0,0,0,895,A
4-HA,109,0,0,0,893,893,C
4-HA,110,1,0,0,872,873,C
4-HA,111,877,0,0,0,877,A
4-HA,112,879,0,0,0,879,A
4-HA,113,880,0,0,0,880,A
4-HA,114,0,0,0,884,884,C
4-HA,115,0,1,864,0,865,G
4-HA,116,0,5,875,1,881,G
4-HA,117,875,0,0,0,875,A
4-HA,118,877,0,2,0,879,A
4-HA,119,0,0,0,880,880,C
4-HA,120,0,3,877,0,880,G
4-HA,121,0,0,877,0,877,G
4-HA,122,0,926,0,0,926,T
4-HA,123,934,0,0,0,934,A
4-HA,124,1,0,935,1,937,G
4-HA,125,1,932,0,0,933,T
4-HA,126,0,1,935,0,936,G
4-HA,127,935,0,1,0,936,A
4-HA,128,938,0,0,0,938,A
4-HA,129,938,0,0,0,938,A
4-HA,130,920,0,0,1,921,A
4-HA,131,0,0,0,926,926,C
4-HA,132,930,0,0,0,930,A
4-HA,133,934,0,0,0,934,A
4-HA,134,0,933,0,1,934,T
4-HA,135,2,0,0,932,934,C
4-HA,136,936,0,0,0,936,A
4-HA,137,0,0,0,938,938,C
4-HA,138,0,0,938,0,938,G
4-HA,139,931,1,1,0,933,A
4-HA,140,935,0,0,0,935,A
4-HA,141,0,932,0,0,932,T
4-HA,142,0,5,929,0,934,G
4-HA,143,935,0,5,0,940,A
4-HA,144,0,0,0,932,932,C
4-HA,145,1,0,0,934,935,C
4-HA,146,953,0,0,0,953,A
4-HA,147,954,0,0,0,954,A
4-HA,148,956,0,1,0,957,A
4-HA,149,0,955,0,0,955,T
4-HA,150,0,952,0,0,952,T
4-HA,151,0,1,962,0,963,G
4-HA,152,959,0,1,0,960,A
4-HA,153,959,0,2,0,961,A
4-HA,154,0,0,961,0,961,G
4-HA,155,0,955,0,0,955,T
4-HA,156,0,986,0,0,986,T
4-HA,157,993,0,0,0,993,A
4-HA,158,1,0,0,997,998,C
4-HA,159,0,996,0,1,997,T
4-HA,160,997,0,0,0,997,A
4-HA,161,1024,0,1,0,1025,A
4-HA,162,0,1023,0,1,1024,T
4-HA,163,1,0,1027,0,1028,G
4-HA,164,1,1,1,1063,1066,C
4-HA,165,0,1059,0,0,1059,T
4-HA,166,1063,0,1,0,1064,A
4-HA,167,0,0,0,1060,1060,C
4-HA,168,0,1060,0,1,1061,T
4-HA,169,0,1,1060,0,1061,G
4-HA,170,1054,0,0,0,1054,A
4-HA,171,0,0,1056,0,1056,G
4-HA,172,0,0,0,1053,1053,C
4-HA,173,0,1030,0,0,1030,T
4-HA,174,0,0,1053,0,1053,G
4-HA,175,0,0,1066,0,1066,G
4-HA,176,0,1067,0,0,1067,T
4-HA,177,0,1066,0,1,1067,T
4-HA,178,1,0,0,1061,1062,C
4-HA,179,1059,0,0,0,1059,A
4-HA,180,0,1,1061,0,1062,G
4-HA,181,1057,1,1,0,1059,A
4-HA,182,0,0,1078,0,1078,G
4-HA,183,0,1071,0,1,1072,T
4-HA,184,0,1059,0,0,1059,T
4-HA,185,3,1,0,1055,1059,C
4-HA,186,3,0,0,1063,1066,C
4-HA,187,0,1063,0,2,1065,T
4-HA,188,2,0,0,1069,1071,C
4-HA,189,1071,0,0,0,1071,A
4-HA,190,1071,0,0,0,1071,A
4-HA,191,0,1,0,1073,1074,C
4-HA,192,1043,0,1,0,1044,A
4-HA,193,0,0,1068,0,1068,G
4-HA,194,1,0,1064,0,1065,G
4-HA,195,0,1063,0,0,1063,T
4-HA,196,0,2,1061,0,1063,G
4-HA,197,1062,0,0,0,1062,A
4-HA,198,1060,0,2,0,1062,A
4-HA,199,1089,0,0,0,1089,A
4-HA,200,0,1080,0,0,1080,T
4-HA,201,1095,0,1,0,1096,A
4-HA,202,0,1085,0,0,1085,T
4-HA,203,0,0,1087,0,1087,G
4-HA,204,0,0,0,1089,1089,C
4-HA,205,1,1,1083,0,1085,G
4-HA,206,1093,0,1,0,1094,A
4-HA,207,0,1,1,1091,1093,C
4-HA,208,1076,0,0,0,1076,A
4-HA,209,0,0,1146,0,1146,G
4-HA,210,0,1143,0,1,1144,T
4-HA,211,1,0,1,1158,1160,C
4-HA,212,1,1,0,1156,1158,C
4-HA,213,0,1155,0,0,1155,T
4-HA,214,1,1,0,1179,1181,C
4-HA,215,1179,0,0,1,1180,A
4-HA,216,0,1182,0,0,1182,T
4-HA,217,2,0,0,1181,1183,C
4-HA,218,1143,1,1,0,1145,A
4-HA,219,1,1,1149,0,1151,G
4-HA,220,1142,0,1,0,1143,A
4-HA,221,1,1137,0,0,1138,T
4-HA,222,0,0,0,1141,1141,C
4-HA,223,5,0,0,1130,1135,C
4-HA,224,0,1135,0,1,1136,T
4-HA,225,0,1135,0,0,1135,T
4-HA,226,0,0,1133,0,1133,G
4-HA,227,1132,0,0,0,1132,A
4-HA,228,1,1131,0,1,1133,T
4-HA,229,0,1,1131,1,1133,G
4-HA,230,0,4,1130,0,1134,G
4-HA,231,1131,0,2,0,1133,A
4-HA,232,1127,0,0,0,1127,A
4-HA,233,1135,2,0,0,1137,A
4-HA,234,1140,0,1,0,1141,A
4-HA,235,1138,0,0,0,1138,A
4-HA,236,1140,0,1,0,1141,A
4-HA,237,0,0,0,1143,1143,C
4-HA,238,0,1134,0,1,1135,T
4-HA,239,0,0,1141,0,1141,G
4-HA,240,0,1,0,1133,1134,C
4-HA,241,1135,0,6,0,1141,A
4-HA,242,0,0,0,1178,1178,C
4-HA,243,1174,0,2,2,1178,A
4-HA,244,0,1,0,1324,1325,C
4-HA,245,0,1323,0,1,1324,T
4-HA,246,1341,0,0,0,1341,A
4-HA,247,1337,0,0,0,1337,A
4-HA,248,0,1341,0,1,1342,T
4-HA,249,1339,0,1,0,1340,A
4-HA,250,0,1,1339,0,1340,G
4-HA,251,1320,0,2,0,1322,A
4-HA,252,0,1307,0,1,1308,T
4-HA,253,0,0,1254,0,1254,G
4-HA,254,0,0,0,1270,1270,C
4-HA,255,0,1259,0,0,1259,T
4-HA,256,1,0,0,1328,1329,C
4-HA,257,1,1330,0,0,1331,T
4-HA,258,1368,0,0,0,1368,A
4-HA,259,0,1365,0,1,1366,T
4-HA,260,0,1354,0,0,1354,T
4-HA,261,0,0,1361,1,1362,G
4-HA,262,0,1,1366,0,1367,G
4-HA,263,0,2,1369,0,1371,G
4-HA,264,1351,0,2,0,1353,A
4-HA,265,0,2,1335,0,1337,G
4-HA,266,1322,0,1,0,1323,A
4-HA,267,0,1,1,1458,1460,C
4-HA,268,4,0,0,1494,1498,C
4-HA,269,1,0,0,1503,1504,C
4-HA,270,0,1509,0,0,1509,T
4-HA,271,2,0,0,1538,1540,C
4-HA,272,1532,1,1,0,1534,A
4-HA,273,1,0,1653,0,1654,G
4-HA,274,0,1653,0,1,1654,T
4-HA,275,0,2,1668,0,1670,G
4-HA,276,0,1629,0,1,1630,T
4-HA,277,0,4,1622,0,1626,G
4-HA,278,1623,3,2,0,1628,A
4-HA,279,0,1628,0,0,1628,T
4-HA,280,0,3,1616,0,1619,G
4-HA,281,0,0,1619,0,1619,G
4-HA,282,1,0,0,1594,1595,C
4-HA,283,0,1598,0,4,1602,T
4-HA,284,3,1596,0,0,1599,T
4-HA,285,4,0,0,1595,1599,C
4-HA,286,3,1,0,1594,1598,C
4-HA,287,1599,1,1,0,1601,A
4-HA,288,1607,0,0,0,1607,A
4-HA,289,1601,0,1,0,1602,A
4-HA,290,1606,0,2,0,1608,A
4-HA,291,0,1621,0,0,1621,T
4-HA,292,1613,0,1,0,1614,A
4-HA,293,1616,0,1,0,1617,A
4-HA,294,1,4,1612,0,1617,G
4-HA,295,1626,0,0,0,1626,A
4-HA,296,1630,0,1,0,1631,A
4-HA,297,1627,1,2,0,1630,A
4-HA,298,0,1636,0,0,1636,T
4-HA,299,0,5,1628,0,1633,G
4-HA,300,0,5,1629,0,1634,G
4-HA,301,1,4,1626,0,1631,G
4-HA,302,1630,0,1,0,1631,A
4-HA,303,0,1,0,1638,1639,C
4-HA,304,1,0,0,1632,1633,C
4-HA,305,0,1653,0,0,1653,T
4-HA,306,0,1661,0,0,1661,T
4-HA,307,0,1658,0,0,1658,T
4-HA,308,0,1670,0,0,1670,T
4-HA,309,0,1669,0,2,1671,T
4-HA,310,0,0,1683,0,1683,G
4-HA,311,0,1679,0,2,1681,T
4-HA,312,1,1678,0,0,1679,T
4-HA,313,0,6,1669,0,1675,G
4-HA,314,1662,0,0,1,1663,A
4-HA,315,1669,0,1,0,1670,A
4-HA,316,0,0,0,1673,1673,C
4-HA,317,1,0,1667,0,1668,G
4-HA,318,0,0,0,1698,1698,C
4-HA,319,1687,0,2,0,1689,A
4-HA,320,1,4,1692,0,1697,G
4-HA,321,5,5,0,1687,1697,C
4-HA,322,1694,0,1,0,1695,A
4-HA,323,1697,0,0,0,1697,A
4-HA,324,1703,0,2,1,1706,A
4-HA,325,0,0,1781,0,1781,G
4-HA,326,0,0,0,1780,1780,C
4-HA,327,1,0,0,1775,1776,C
4-HA,328,0,1773,0,0,1773,T
4-HA,329,1776,0,0,0,1776,A
4-HA,330,0,1,0,1791,1792,C
4-HA,331,1791,0,3,0,1794,A
4-HA,332,0,1,1796,0,1797,G
4-HA,333,0,0,0,1788,1788,C
4-HA,334,1758,0,0,0,1758,A
4-HA,335,1768,0,4,0,1772,A
4-HA,336,0,0,0,1851,1851,C
4-HA,337,0,1848,0,1,1849,T
4-HA,338,0,1,1862,0,1863,G
4-HA,339,0,1853,0,2,1855,T
4-HA,340,0,1851,0,2,1853,T
4-HA,341,1860,1,2,0,1863,A
4-HA,342,1,0,0,2032,2033,C
4-HA,343,3,1,0,2035,2039,C
4-HA,344,3,1,0,2078,2082,C
4-HA,345,0,2025,1,1,2027,T
4-HA,346,0,2029,0,0,2029,T
4-HA,347,2035,0,0,0,2035,A
4-HA,348,1,2031,0,1,2033,T
4-HA,349,0,2,2033,0,2035,G
4-HA,350,2028,0,0,0,2028,A
4-HA,351,0,1918,0,4,1922,T
4-HA,352,1,1,1940,0,1942,G
4-HA,353,0,1928,0,0,1928,T
4-HA,354,0,2,1922,0,1924,G
4-HA,355,1,0,0,1927,1928,C
4-HA,356,4,2,0,1925,1931,C
4-HA,357,2,1,1965,0,1968,G
4-HA,358,2,4,1976,0,1982,G
4-HA,359,1983,0,0,1,1984,A
4-HA,360,0,1996,0,0,1996,T
4-HA,361,0,1967,0,0,1967,T
4-HA,362,1973,0,1,1,1975,A
4-HA,363,0,1976,0,0,1976,T
4-HA,364,0,0,1993,0,1993,G
4-HA,365,1,1,0,1992,1994,C
4-HA,366,2,0,0,1972,1974,C
4-HA,367,0,1991,0,2,1993,T
4-HA,368,3,1,1,2101,2106,C
4-HA,369,2,0,0,2126,2128,C
4-HA,370,8,1,0,2119,2128,C
4-HA,371,0,2120,0,1,2121,T
4-HA,372,1,2126,0,0,2127,T
4-HA,373,2122,0,0,0,2122,A
4-HA,374,0,5,2174,0,2179,G
4-HA,375,0,1,2184,0,2185,G
4-HA,376,0,2162,1,0,2163,T
4-HA,377,7,0,0,2119,2126,C
4-HA,378,2107,1,1,0,2109,A
4-HA,379,0,0,0,2160,2160,C
4-HA,380,0,2155,0,0,2155,T
4-HA,381,2164,0,0,0,2164,A
4-HA,382,0,0,2164,0,2164,G
4-HA,383,0,2141,0,0,2141,T
4-HA,384,0,2130,0,2,2132,T
4-HA,385,2,0,2145,0,2147,G
4-HA,386,1,1,1,2142,2145,C
4-HA,387,3,0,1,2147,2151,C
4-HA,388,1,2124,0,11,2136,T
4-HA,389,1,3,0,2146,2150,C
4-HA,390,2228,0,0,0,2228,A
4-HA,391,0,2229,0,0,2229,T
4-HA,392,4,0,2,2225,2231,C
4-HA,393,2,3,0,2228,2233,C
4-HA,394,0,3,2221,0,2224,G
4-HA,395,2,2,2228,0,2232,G
4-HA,396,0,0,0,2247,2247,C
4-HA,397,2265,0,3,0,2268,A
4-HA,398,0,0,0,2290,2290,C
4-HA,399,2247,0,2,0,2249,A
4-HA,400,1,1,0,2258,2260,C
4-HA,401,0,2260,0,1,2261,T
4-HA,402,0,3,2272,0,2275,G
4-HA,403,0,5,2297,0,2302,G
4-HA,404,2280,0,3,0,2283,A
4-HA,405,0,0,2300,1,2301,G
4-HA,406,0,2281,1,0,2282,T
4-HA,407,0,2272,0,2,2274,T
4-HA,408,1,2274,0,2,2277,T
4-HA,409,2268,0,0,1,2269,A
4-HA,410,2270,0,2,0,2272,A
4-HA,411,0,1,0,2283,2284,C
4-HA,412,2242,0,0,0,2242,A
4-HA,413,2240,1,2,0,2243,A
4-HA,414,0,2228,0,0,2228,T
4-HA,415,0,4,2224,0,2228,G
4-HA,416,2226,0,0,0,2226,A
4-HA,417,2219,1,2,1,2223,A
4-HA,418,2225,0,2,0,2227,A
4-HA,419,1,2,2233,0,2236,G
4-HA,420,1,0,0,2242,2243,C
4-HA,421,0,2234,0,2,2236,T
4-HA,422,1,2227,0,2,2230,T
4-HA,423,3,0,0,2252,2255,C
4-HA,424,2260,0,0,0,2260,A
4-HA,425,2264,0,0,0,2264,A
4-HA,426,0,2262,0,1,2263,T
4-HA,427,0,2260,0,1,2261,T
4-HA,428,1,4,2298,0,2303,G
4-HA,429,1,9,2325,0,2335,G
4-HA,430,2335,0,5,0,2340,A
4-HA,431,0,1,1,2344,2346,C
4-HA,432,1,2321,0,2,2324,T
4-HA,433,1,0,2331,1,2333,G
4-HA,434,1,2,2347,0,2350,G
4-HA,435,2334,1,5,1,2341,A
4-HA,436,0,1,2343,0,2344,G
4-HA,437,0,2317,0,1,2318,T
4-HA,438,6,3,0,2290,2299,C
4-HA,439,2316,0,3,1,2320,A
4-HA,440,0,0,0,2326,2326,C
4-HA,441,1,2314,0,1,2316,T
4-HA,442,6,0,0,2321,2327,C
4-HA,443,2307,0,0,0,2307,A
4-HA,444,2321,0,1,0,2322,A
4-HA,445,2320,0,0,0,2320,A
4-HA,446,2327,1,4,0,2332,A
4-HA,447,0,1,0,2332,2333,C
4-HA,448,0,7,2308,0,2315,G
4-HA,449,1,5,2346,0,2352,G
4-HA,450,2352,0,2,0,2354,A
4-HA,451,2352,0,1,0,2353,A
4-HA,452,0,1,0,2355,2356,C
4-HA,453,2332,0,2,0,2334,A
4-HA,454,2354,1,4,0,2359,A
4-HA,455,0,0,2371,1,2372,G
4-HA,456,0,1,0,2371,2372,C
4-HA,457,0,2348,0,4,2352,T
4-HA,458,5,0,0,2364,2369,C
4-HA,459,0,2346,0,1,2347,T
4-HA,460,3,1,2356,0,2360,G
4-HA,461,0,0,0,2360,2360,C
4-HA,462,0,2352,0,6,2358,T
4-HA,463,1,2406,0,1,2408,T
4-HA,464,0,3,2456,0,2459,G
4-HA,465,0,1,0,2479,2480,C
4-HA,466,2480,0,0,1,2481,A
4-HA,467,0,2457,0,1,2458,T
4-HA,468,2450,1,1,0,2452,A
4-HA,469,2429,0,0,7,2436,A
4-HA,470,1,1,2428,0,2430,G
4-HA,471,0,6,2432,0,2438,G
4-HA,472,2354,1,3,1,2359,A
4-HA,473,1,2,2326,0,2329,G
4-HA,474,2307,1,6,1,2315,A
4-HA,475,0,2364,0,1,2365,T
4-HA,476,2,0,0,2384,2386,C
4-HA,477,0,2382,0,0,2382,T
4-HA,478,2377,0,0,0,2377,A
4-HA,479,2374,0,0,0,2374,A
4-HA,480,2360,0,1,0,2361,A
4-HA,481,2364,0,1,0,2365,A
4-HA,482,2369,0,0,0,2369,A
4-HA,483,4,1,0,2372,2377,C
4-HA,484,2326,1,0,0,2327,A
4-HA,485,2,0,2336,0,2338,G
4-HA,486,0,2325,0,1,2326,T
4-HA,487,0,2335,7,4,2346,T
4-HA,488,0,2359,0,1,2360,T
4-HA,489,1,0,0,2394,2395,C
4-HA,490,1,2390,0,1,2392,T
4-HA,491,1,2397,1,9,2408,T
4-HA,492,0,2400,0,4,2404,T
4-HA,493,2399,0,1,1,2401,A
4-HA,494,0,2,2403,0,2405,G
4-HA,495,2,2400,0,1,2403,T
4-HA,496,2393,0,2,1,2396,A
4-HA,497,0,2,2407,0,2409,G
4-HA,498,2375,0,0,0,2375,A
4-HA,499,0,2374,0,1,2375,T
4-HA,500,0,2371,0,0,2371,T
4-HA,501,0,6,2418,0,2424,G
4-HA,502,2419,0,0,0,2419,A
4-HA,503,2426,0,0,0,2426,A
4-HA,504,0,2423,1,0,2424,T
4-HA,505,0,2405,0,1,2406,T
4-HA,506,1,3,2413,0,2417,G
4-HA,507,0,0,2417,0,2417,G
4-HA,508,1,2416,0,3,2420,T
4-HA,509,0,2415,0,4,2419,T
4-HA,510,1,10,2388,0,2399,G
4-HA,511,2405,0,4,1,2410,A
4-HA,512,0,0,0,2397,2397,C
4-HA,513,5,0,0,2402,2407,C
4-HA,514,4,0,0,2433,2437,C
4-HA,515,2436,0,0,0,2436,A
4-HA,516,0,0,0,2461,2461,C
4-HA,517,0,2456,0,1,2457,T
4-HA,518,0,2456,0,2,2458,T
4-HA,519,2459,0,0,1,2460,A
4-HA,520,2442,0,1,1,2444,A
4-HA,521,2440,1,1,2,2444,A
4-HA,522,0,0,0,2409,2409,C
4-HA,523,0,2474,0,0,2474,T
4-HA,524,2,2470,0,0,2472,T
4-HA,525,3,0,0,2492,2495,C
4-HA,526,2491,1,0,0,2492,A
4-HA,527,2491,0,2,0,2493,A
4-HA,528,2492,1,0,0,2493,A
4-HA,529,0,2495,0,0,2495,T
4-HA,530,2528,1,0,0,2529,A
4-HA,531,2,0,0,2527,2529,C
4-HA,532,1,1,0,2471,2473,C
4-HA,533,4,0,0,2479,2483,C
4-HA,534,2465,0,4,0,2469,A
4-HA,535,0,1,2560,1,2562,G
4-HA,536,1,0,0,2576,2577,C
4-HA,537,2568,0,0,0,2568,A
4-HA,538,0,2562,0,2,2564,T
4-HA,539,0,2536,0,4,2540,T
4-HA,540,0,6,2595,0,2601,G
4-HA,541,2604,1,3,0,2608,A
4-HA,542,2609,0,3,0,2612,A
4-HA,543,1,3,0,2608,2612,C
4-HA,544,1,2,2563,0,2566,G
4-HA,545,0,2588,0,0,2588,T
4-HA,546,0,5,2596,0,2601,G
4-HA,547,2607,0,2,0,2609,A
4-HA,548,3,1,0,2605,2609,C
4-HA,549,0,2538,0,0,2538,T
4-HA,550,2591,0,1,0,2592,A
4-HA,551,0,2586,0,3,2589,T
4-HA,552,2,1,2605,0,2608,G
4-HA,553,1,2,0,2604,2607,C
4-HA,554,5,1,0,2564,2570,C
4-HA,555,2564,0,0,0,2564,A
4-HA,556,2550,1,5,0,2556,A
4-HA,557,2593,0,3,0,2596,A
4-HA,558,2,0,0,2592,2594,C
4-HA,559,2541,1,1,0,2543,A
4-HA,560,2551,1,0,0,2552,A
4-HA,561,0,2533,0,1,2534,T
4-HA,562,1,9,2525,0,2535,G
4-HA,563,2534,0,3,0,2537,A
4-HA,564,2533,1,2,0,2536,A
4-HA,565,0,0,0,2479,2479,C
4-HA,566,2494,0,0,0,2494,A
4-HA,567,2513,1,2,0,2516,A
4-HA,568,0,2501,0,2,2503,T
4-HA,569,0,2514,0,0,2514,T
4-HA,570,0,2516,0,1,2517,T
4-HA,571,1,11,2501,0,2513,G
4-HA,572,2509,0,5,0,2514,A
4-HA,573,0,1,0,2516,2517,C
4-HA,574,2505,1,3,0,2509,A
4-HA,575,2507,0,2,1,2510,A
4-HA,576,2560,0,0,0,2560,A
4-HA,577,0,2571,0,0,2571,T
4-HA,578,0,2572,0,0,2572,T
4-HA,579,2,1,2592,0,2595,G
4-HA,580,0,2588,0,1,2589,T
4-HA,581,2594,1,2,1,2598,A
4-HA,582,0,0,0,2633,2633,C
4-HA,583,2627,1,0,0,2628,A
4-HA,584,0,2655,1,0,2656,T
4-HA,585,0,2618,1,0,2619,T
4-HA,586,0,2616,0,1,2617,T
4-HA,587,1,3,2589,1,2594,G
4-HA,588,1,10,2571,0,2582,G
4-HA,589,0,4,2570,0,2574,G
4-HA,590,1,6,2582,0,2589,G
4-HA,591,1,3,2543,0,2547,G
4-HA,592,1,0,2604,0,2605,G
4-HA,593,1,2541,1,4,2547,T
4-HA,594,1,2563,0,7,2571,T
4-HA,595,3,0,0,2563,2566,C
4-HA,596,2575,0,4,0,2579,A
4-HA,597,0,1,0,2585,2586,C
4-HA,598,2,1,0,2583,2586,C
4-HA,599,2594,1,0,0,2595,A
4-HA,600,0,0,0,2605,2605,C
4-HA,601,4,1,0,2576,2581,C
4-HA,602,5,1,0,2562,2568,C
4-HA,603,3,8,2554,1,2566,G
4-HA,604,0,0,2625,0,2625,G
4-HA,605,1,0,2633,1,2635,G
4-HA,606,0,2620,0,0,2620,T
4-HA,607,2621,1,2,0,2624,A
4-HA,608,0,2,0,2602,2604,C
4-HA,609,1,4,2569,0,2574,G
4-HA,610,0,4,2611,0,2615,G
4-HA,611,2618,1,0,0,2619,A
4-HA,612,0,1,0,2611,2612,C
4-HA,613,2543,0,0,0,2543,A
4-HA,614,2535,0,0,0,2535,A
4-HA,615,2536,0,1,1,2538,A
4-HA,616,1,3,2569,2,2575,G
4-HA,617,2571,1,8,1,2581,A
4-HA,618,1,1,0,2575,2577,C
4-HA,619,4,0,0,2526,2530,C
4-HA,620,2537,1,1,0,2539,A
4-HA,621,2542,1,0,0,2543,A
4-HA,622,2588,1,0,0,2589,A
4-HA,623,1,2577,0,0,2578,T
4-HA,624,2,0,0,2594,2596,C
4-HA,625,2,2500,0,4,2506,T
4-HA,626,0,2493,0,4,2497,T
4-HA,627,4,0,0,2525,2529,C
4-HA,628,1,0,0,2532,2533,C
4-HA,629,1,2515,0,3,2519,T
4-HA,630,1,1,2538,0,2540,G
4-HA,631,0,2502,1,5,2508,T
4-HA,632,2524,0,1,0,2525,A
4-HA,633,1,2509,1,1,2512,T
4-HA,634,0,3,2528,0,2531,G
4-HA,635,1,0,0,2528,2529,C
4-HA,636,0,2519,0,4,2523,T
4-HA,637,7,4,0,2510,2521,C
4-HA,638,2521,0,0,1,2522,A
4-HA,639,2503,1,3,0,2507,A
4-HA,640,1,1,2519,0,2521,G
4-HA,641,1,1,0,2522,2524,C
4-HA,642,2501,0,22,1,2524,A
4-HA,643,0,2495,0,1,2496,T
4-HA,644,2,3,0,2484,2489,C
4-HA,645,2484,1,1,0,2486,A
4-HA,646,0,4,2500,0,2504,G
4-HA,647,0,5,2505,0,2510,G
4-HA,648,2519,0,0,0,2519,A
4-HA,649,2499,0,5,0,2504,A
4-HA,650,0,1,2510,0,2511,G
4-HA,651,2511,2,0,0,2513,A
4-HA,652,2548,0,0,0,2548,A
4-HA,653,0,2557,0,2,2559,T
4-HA,654,7,0,0,2555,2562,C
4-HA,655,2544,0,1,0,2545,A
4-HA,656,1,1,1,2542,2545,C
4-HA,657,2533,1,0,0,2534,A
4-HA,658,0,1,2582,0,2583,G
4-HA,659,2,2534,0,1,2537,T
4-HA,660,4,0,0,2536,2540,C
4-HA,661,1,2511,0,5,2517,T
4-HA,662,4,0,0,2559,2563,C
4-HA,663,1,2561,0,1,2563,T
4-HA,664,2585,0,1,1,2587,A
4-HA,665,1,0,0,2580,2581,C
4-HA,666,3,1,0,2582,2586,C
4-HA,667,2540,0,0,0,2540,A
4-HA,668,2538,0,1,0,2539,A
4-HA,669,2528,0,0,0,2528,A
4-HA,670,2526,0,0,0,2526,A
4-HA,671,0,0,2526,0,2526,G
4-HA,672,2461,1,1,0,2463,A
4-HA,673,2451,0,1,1,2453,A
4-HA,674,2,0,2463,0,2465,G
4-HA,675,2,4,0,2463,2469,C
4-HA,676,4,0,0,2468,2472,C
4-HA,677,2468,0,2,1,2471,A
4-HA,678,2473,1,3,1,2478,A
4-HA,679,0,0,0,2479,2479,C
4-HA,680,2483,2,0,0,2485,A
4-HA,681,2487,0,2,1,2490,A
4-HA,682,2478,0,2,0,2480,A
4-HA,683,1,0,0,2521,2522,C
4-HA,684,0,2500,0,0,2500,T
4-HA,685,4,1,2511,0,2516,G
4-HA,686,0,2508,0,0,2508,T
4-HA,687,2499,0,1,0,2500,A
4-HA,688,2506,0,3,0,2509,A
4-HA,689,0,2492,0,1,2493,T
4-HA,690,2,0,0,2495,2497,C
4-HA,691,4,0,0,2489,2493,C
4-HA,692,8,0,0,2454,2462,C
4-HA,693,2,5,2451,0,2458,G
4-HA,694,2455,0,0,0,2455,A
4-HA,695,2451,0,1,0,2452,A
4-HA,696,1,2457,0,0,2458,T
4-HA,697,2459,0,2,0,2461,A
4-HA,698,0,2453,0,0,2453,T
4-HA,699,2,1,0,2439,2442,C
4-HA,700,2,6,2427,0,2435,G
4-HA,701,0,5,2495,0,2500,G
4-HA,702,2508,0,0,0,2508,A
4-HA,703,0,2522,0,1,2523,T
4-HA,704,0,0,0,2529,2529,C
4-HA,705,0,2528,0,1,2529,T
4-HA,706,2518,0,0,1,2519,A
4-HA,707,0,3,2530,0,2533,G
4-HA,708,2541,0,3,1,2545,A
4-HA,709,2,1,0,2534,2537,C
4-HA,710,5,2,0,2460,2467,C
4-HA,711,5,1,0,2472,2478,C
4-HA,712,2455,0,3,0,2458,A
4-HA,713,2,6,2598,0,2606,G
4-HA,714,2608,0,1,2,2611,A
4-HA,715,1,0,2637,0,2638,G
4-HA,716,1,2623,1,0,2625,T
4-HA,717,2611,0,0,1,2612,A
4-HA,718,2612,0,3,0,2615,A
4-HA,719,2,0,2648,0,2650,G
4-HA,720,0,5,2653,0,2658,G
4-HA,721,2626,2,1,0,2629,A
4-HA,722,2418,0,1,0,2419,A
4-HA,723,1,2402,0,1,2404,T
4-HA,724,2419,0,2,0,2421,A
4-HA,725,1,2411,1,2,2415,T
4-HA,726,6,1,1,2417,2425,C
4-HA,727,2,0,0,2418,2420,C
4-HA,728,4,0,0,2366,2370,C
4-HA,729,0,2351,0,2,2353,T
4-HA,730,2364,0,0,0,2364,A
4-HA,731,1,0,2369,0,2370,G
4-HA,732,1,0,0,2370,2371,C
4-HA,733,2322,2,0,0,2324,A
4-HA,734,1,1,2382,0,2384,G
4-HA,735,2354,0,0,0,2354,A
4-HA,736,2355,1,1,0,2357,A
4-HA,737,1,2355,0,0,2356,T
4-HA,738,2355,0,0,0,2355,A
4-HA,739,2359,1,1,0,2361,A
4-HA,740,0,1,2362,0,2363,G
4-HA,741,0,1,0,2364,2365,C
4-HA,742,2363,1,1,0,2365,A
4-HA,743,0,2303,0,3,2306,T
4-HA,744,3,0,0,2423,2426,C
4-HA,745,0,2421,0,2,2423,T
4-HA,746,2441,0,0,0,2441,A
4-HA,747,0,2441,0,0,2441,T
4-HA,748,0,2415,1,2,2418,T
4-HA,749,1,4,2442,0,2447,G
4-HA,750,1,8,2436,0,2445,G
4-HA,751,2438,0,2,0,2440,A
4-HA,752,1,2,0,2439,2442,C
4-HA,753,2256,1,3,0,2260,A
4-HA,754,2308,0,0,0,2308,A
4-HA,755,0,2421,1,0,2422,T
4-HA,756,2445,0,0,1,2446,A
4-HA,757,0,0,2464,2,2466,G
4-HA,758,0,2441,0,2,2443,T
4-HA,759,2440,0,0,0,2440,A
4-HA,760,2445,0,1,0,2446,A
4-HA,761,2473,0,0,1,2474,A
4-HA,762,2499,0,1,0,2500,A
4-HA,763,1,1,1,2517,2520,C
4-HA,764,3,3,0,2412,2418,C
4-HA,765,1,8,2404,0,2413,G
4-HA,766,7,1,2426,0,2434,G
4-HA,767,1,4,2454,0,2459,G
4-HA,768,2463,0,1,1,2465,A
4-HA,769,1,3,2479,1,2484,G
4-HA,770,2525,0,1,0,2526,A
4-HA,771,1,0,0,2523,2524,C
4-HA,772,2517,0,3,3,2523,A
4-HA,773,1,2525,0,1,2527,T
4-HA,774,2534,1,2,0,2537,A
4-HA,775,0,1,0,2583,2584,C
4-HA,776,1,2562,0,3,2566,T
4-HA,777,0,2578,0,1,2579,T
4-HA,778,0,2589,0,1,2590,T
4-HA,779,0,2577,0,0,2577,T
4-HA,780,0,6,2602,0,2608,G
4-HA,781,2620,0,2,2,2624,A
4-HA,782,0,2609,0,4,2613,T
4-HA,783,0,2688,0,0,2688,T
4-HA,784,2663,0,2,0,2665,A
4-HA,785,2680,2,2,0,2684,A
4-HA,786,0,1,0,2717,2718,C
4-HA,787,2709,0,0,0,2709,A
4-HA,788,0,0,2811,0,2811,G
4-HA,789,1,0,0,2795,2796,C
4-HA,790,2792,1,2,1,2796,A
4-HA,791,18,0,0,2797,2815,C
4-HA,792,2780,0,4,0,2784,A
4-HA,793,0,1,2816,0,2817,G
4-HA,794,2,3,2809,0,2814,G
4-HA,795,0,5,2896,0,2901,G
4-HA,796,2871,1,2,1,2875,A
4-HA,797,2877,0,4,0,2881,A
4-HA,798,0,2869,0,3,2872,T
4-HA,799,4,2,0,2878,2884,C
4-HA,800,0,2894,1,1,2896,T
4-HA,801,2901,0,1,0,2902,A
4-HA,802,2881,0,0,0,2881,A
4-HA,803,0,2874,0,0,2874,T
4-HA,804,0,2793,0,1,2794,T
4-HA,805,0,1,2817,0,2818,G
4-HA,806,1,0,0,2896,2897,C
4-HA,807,0,2987,0,2,2989,T
4-HA,808,7,2,0,3055,3064,C
4-HA,809,2,0,0,3072,3074,C
4-HA,810,1,3070,1,1,3073,T
4-HA,811,3075,2,1,0,3078,A
4-HA,812,0,5,3078,0,3083,G
4-HA,813,0,11,3084,0,3095,G
4-HA,814,0,5,3092,1,3098,G
4-HA,815,0,0,3070,0,3070,G
4-HA,816,1,2996,1,4,3002,T
4-HA,817,0,2963,0,4,2967,T
4-HA,818,2971,0,3,0,2974,A
4-HA,819,1,0,0,3005,3006,C
4-HA,820,0,3000,0,5,3005,T
4-HA,821,1,3019,0,2,3022,T
4-HA,822,2,1,0,3009,3012,C
4-HA,823,3001,0,1,0,3002,A
4-HA,824,2998,0,1,0,2999,A
4-HA,825,3011,0,0,1,3012,A
4-HA,826,3037,0,1,0,3038,A
4-HA,827,0,3031,0,0,3031,T
4-HA,828,3007,0,0,0,3007,A
4-HA,829,0,2,0,3000,3002,C
4-HA,830,1,4,2994,0,2999,G
4-HA,831,2997,0,1,0,2998,A
4-HA,832,2993,0,1,1,2995,A
4-HA,833,0,0,3035,0,3035,G
4-HA,834,0,3035,0,2,3037,T
4-HA,835,0,6,3043,0,3049,G
4-HA,836,1,1,3056,0,3058,G
4-HA,837,12,2,3052,1,3067,G
4-HA,838,3052,2,1,0,3055,A
4-HA,839,3067,0,2,0,3069,A
4-HA,840,3064,0,0,0,3064,A
4-HA,841,3055,0,2,1,3058,A
4-HA,842,2,1,3106,0,3109,G
4-HA,843,0,2,0,3099,3101,C
4-HA,844,0,3082,0,2,3084,T
4-HA,845,12,0,0,3108,3120,C
4-HA,846,3124,1,1,0,3126,A
4-HA,847,3152,1,3,1,3157,A
4-HA,848,0,3157,0,1,3158,T
4-HA,849,3193,1,2,0,3196,A
4-HA,850,3192,1,0,1,3194,A
4-HA,851,0,3161,1,1,3163,T
4-HA,852,2,8,3158,1,3169,G
4-HA,853,3152,0,2,1,3155,A
4-HA,854,1,3,3250,0,3254,G
4-HA,855,3249,0,6,0,3255,A
4-HA,856,0,3224,1,0,3225,T
4-HA,857,5,0,1,3266,3272,C
4-HA,858,3264,0,2,1,3267,A
4-HA,859,1,2,3314,0,3317,G
4-HA,860,3311,2,1,0,3314,A
4-HA,861,0,3309,0,1,3310,T
4-HA,862,0,0,3309,0,3309,G
4-HA,863,0,0,0,3249,3249,C
4-HA,864,3245,0,8,1,3254,A
4-HA,865,2,1,1,3318,3322,C
4-HA,866,5,0,0,3280,3285,C
4-HA,867,10,0,0,3283,3293,C
4-HA,868,3246,0,2,0,3248,A
4-HA,869,1,3244,0,0,3245,T
4-HA,870,0,3247,0,0,3247,T
4-HA,871,1,8,3260,0,3269,G
4-HA,872,0,1,3252,0,3253,G
4-HA,873,0,2,0,3258,3260,C
4-HA,874,3214,0,2,0,3216,A
4-HA,875,3214,0,2,0,3216,A
4-HA,876,3269,0,0,0,3269,A
4-HA,877,0,3282,0,0,3282,T
4-HA,878,1,1,3281,0,3283,G
4-HA,879,0,1,0,3280,3281,C
4-HA,880,3256,0,0,0,3256,A
4-HA,881,3343,0,0,1,3344,A
4-HA,882,0,3337,0,2,3339,T
4-HA,883,0,3359,0,0,3359,T
4-HA,884,2,1,0,3366,3369,C
4-HA,885,1,3305,0,6,3312,T
4-HA,886,1,9,3354,0,3364,G
4-HA,887,3356,0,1,1,3358,A
4-HA,888,3363,1,0,0,3364,A
4-HA,889,0,3364,0,3,3367,T
4-HA,890,2,1,3323,0,3326,G
4-HA,891,1,1,0,3332,3334,C
4-HA,892,3324,2,2,0,3328,A
4-HA,893,1,3326,0,1,3328,T
4-HA,894,4,0,0,3329,3333,C
4-HA,895,3324,2,5,0,3331,A
4-HA,896,0,0,0,3454,3454,C
4-HA,897,0,3429,0,9,3438,T
4-HA,898,12,0,0,3439,3451,C
4-HA,899,5,2,0,3433,3440,C
4-HA,900,3456,1,1,0,3458,A
4-HA,901,3451,1,3,0,3455,A
4-HA,902,3452,0,0,0,3452,A
4-HA,903,0,3354,0,0,3354,T
4-HA,904,0,2,3373,0,3375,G
4-HA,905,1,1,3375,0,3377,G
4-HA,906,3376,1,1,0,3378,A
4-HA,907,3367,0,6,0,3373,A
4-HA,908,1,0,3377,0,3378,G
4-HA,909,1,0,0,3348,3349,C
4-HA,910,3342,0,0,0,3342,A
4-HA,911,0,3342,1,1,3344,T
4-HA,912,0,3346,0,3,3349,T
4-HA,913,2,1,0,3462,3465,C
4-HA,914,5,1,0,3430,3436,C
4-HA,915,5,0,1,3438,3444,C
4-HA,916,3430,0,3,17,3450,A
4-HA,917,3491,0,0,0,3491,A
4-HA,918,1,3534,0,2,3537,T
4-HA,919,4,8,3527,0,3539,G
4-HA,920,3532,1,2,0,3535,A
4-HA,921,0,3,0,3531,3534,C
4-HA,922,3440,0,1,0,3441,A
4-HA,923,3431,1,3,0,3435,A
4-HA,924,3435,0,2,1,3438,A
4-HA,925,0,0,0,3460,3460,C
4-HA,926,8,2,0,3421,3431,C
4-HA,927,3383,0,1,0,3384,A
4-HA,928,1,3383,0,5,3389,T
4-HA,929,0,3383,0,0,3383,T
4-HA,930,6,0,0,3391,3397,C
4-HA,931,6,2,1,3396,3405,C
4-HA,932,3403,0,0,0,3403,A
4-HA,933,3397,1,0,2,3400,A
4-HA,934,3383,1,0,0,3384,A
4-HA,935,3449,0,0,0,3449,A
4-HA,936,0,3426,0,0,3426,T
4-HA,937,0,2,3449,0,3451,G
4-HA,938,1,3441,0,1,3443,T
4-HA,939,3458,0,0,0,3458,A
4-HA,940,3458,0,1,1,3460,A
4-HA,941,3450,0,3,2,3455,A
4-HA,942,0,0,0,3474,3474,C
4-HA,943,3420,0,3,0,3423,A
4-HA,944,0,4,3460,0,3464,G
4-HA,945,3,5,3481,0,3489,G
4-HA,946,3553,0,1,0,3554,A
4-HA,947,3,3549,0,2,3554,T
4-HA,948,9,1,0,3584,3594,C
4-HA,949,3602,1,6,0,3609,A
4-HA,950,0,2,0,3729,3731,C
4-HA,951,3733,0,1,0,3734,A
4-HA,952,0,3869,0,0,3869,T
4-HA,953,3774,0,4,0,3778,A
4-HA,954,0,3,0,3738,3741,C
4-HA,955,4,8,3635,0,3647,G
4-HA,956,1,5,3649,0,3655,G
4-HA,957,3,2,3635,0,3640,G
4-HA,958,0,3,3652,0,3655,G
4-HA,959,2,1,0,3579,3582,C
4-HA,960,2,1,2,3571,3576,C
4-HA,961,0,3497,1,9,3507,T
4-HA,962,1,1,3816,0,3818,G
4-HA,963,3,3808,0,3,3814,T
4-HA,964,3,0,0,3834,3837,C
4-HA,965,6,1,0,3820,3827,C
4-HA,966,9,0,0,3834,3843,C
4-HA,967,3835,0,4,0,3839,A
4-HA,968,0,3,3858,0,3861,G
4-HA,969,3847,0,1,0,3848,A
4-HA,970,1,3837,0,2,3840,T
4-HA,971,3581,0,0,0,3581,A
4-HA,972,2,3512,0,0,3514,T
4-HA,973,0,3,3533,0,3536,G
4-HA,974,0,3527,0,1,3528,T
4-HA,975,1,3480,0,0,3481,T
4-HA,976,3508,0,2,0,3510,A
4-HA,977,3475,0,4,0,3479,A
4-HA,978,0,2,3502,2,3506,G
4-HA,979,3,1,0,3499,3503,C
4-HA,980,3448,1,0,0,3449,A
4-HA,981,3445,0,2,1,3448,A
4-HA,982,3424,0,5,1,3430,A
4-HA,983,3429,1,3,1,3434,A
4-HA,984,0,1,0,3441,3442,C
4-HA,985,3412,0,2,0,3414,A
4-HA,986,2,1,0,3450,3453,C
4-HA,987,1,3386,0,0,3387,T
4-HA,988,4,1,0,3408,3413,C
4-HA,989,0,3404,1,5,3410,T
4-HA,990,1,6,3435,1,3443,G
4-HA,991,3440,1,2,0,3443,A
4-HA,992,3426,0,0,0,3426,A
4-HA,993,3436,0,1,0,3437,A
4-HA,994,2,3407,0,1,3410,T
4-HA,995,2,3379,2,0,3383,T
4-HA,996,1,8,3410,0,3419,G
4-HA,997,1,1,3418,0,3420,G
4-HA,998,1,0,1,3433,3435,C
4-HA,999,3414,1,1,0,3416,A
4-HA,1000,3423,1,0,0,3424,A
4-HA,1001,3,0,0,3430,3433,C
4-HA,1002,3429,0,0,0,3429,A
4-HA,1003,0,6,3448,0,3454,G
4-HA,1004,1,4,3442,1,3448,G
4-HA,1005,2,5,3435,0,3442,G
4-HA,1006,3433,2,3,0,3438,A
4-HA,1007,0,3408,0,1,3409,T
4-HA,1008,1,2,3416,0,3419,G
4-HA,1009,1,3,0,3413,3417,C
4-HA,1010,3,4,3418,0,3425,G
4-HA,1011,3455,0,3,0,3458,A
4-HA,1012,3407,0,0,0,3407,A
4-HA,1013,3443,1,0,0,3444,A
4-HA,1014,0,3393,0,1,3394,T
4-HA,1015,3,1,3455,0,3459,G
4-HA,1016,1,3454,0,1,3456,T
4-HA,1017,3439,2,3,1,3445,A
4-HA,1018,0,1,0,3444,3445,C
4-HA,1019,5,6,1,3414,3426,C
4-HA,1020,3373,2,1,0,3376,A
4-HA,1021,0,5,3376,0,3381,G
4-HA,1022,3333,0,2,0,3335,A
4-HA,1023,1,2,3378,0,3381,G
4-HA,1024,3345,1,1,0,3347,A
4-HA,1025,3345,0,3,1,3349,A
4-HA,1026,3354,0,4,0,3358,A
4-HA,1027,2,1,0,3356,3359,C
4-HA,1028,3335,1,3,0,3339,A
4-HA,1029,3376,1,1,0,3378,A
4-HA,1030,3344,1,14,0,3359,A
4-HA,1031,1,1,0,3375,3377,C
4-HA,1032,2,3349,0,1,3352,T
4-HA,1033,3334,0,1,0,3335,A
4-HA,1034,0,4,3333,0,3337,G
4-HA,1035,3301,0,7,1,3309,A
4-HA,1036,0,3,3381,0,3384,G
4-HA,1037,8,3,3367,0,3378,G
4-HA,1038,0,1,0,3317,3318,C
4-HA,1039,3321,1,1,0,3323,A
4-HA,1040,1,3319,0,3,3323,T
4-HA,1041,3339,0,1,0,3340,A
4-HA,1042,1,3326,1,3,3331,T
4-HA,1043,0,3318,1,0,3319,T
4-HA,1044,1,3319,5,0,3325,T
4-HA,1045,0,7,3243,0,3250,G
4-HA,1046,3,2,3242,1,3248,G
4-HA,1047,5,2,0,3235,3242,C
4-HA,1048,1,2,3243,0,3246,G
4-HA,1049,0,1,0,3213,3214,C
4-HA,1050,3209,0,0,0,3209,A
4-HA,1051,3223,0,1,0,3224,A
4-HA,1052,1,3213,0,0,3214,T
4-HA,1053,6,0,0,3217,3223,C
4-HA,1054,1,1,3229,0,3231,G
4-HA,1055,1,2,0,3207,3210,C
4-HA,1056,1,9,3204,1,3215,G
4-HA,1057,0,6,3225,0,3231,G
4-HA,1058,1,1,3238,0,3240,G
4-HA,1059,0,3235,0,2,3237,T
4-HA,1060,0,3205,0,1,3206,T
4-HA,1061,1,3204,0,5,3210,T
4-HA,1062,5,0,0,3203,3208,C
4-HA,1063,3213,1,1,0,3215,A
4-HA,1064,0,3217,0,1,3218,T
4-HA,1065,3215,0,2,0,3217,A
4-HA,1066,1,4,3232,0,3237,G
4-HA,1067,3158,0,1,0,3159,A
4-HA,1068,3153,1,0,1,3155,A
4-HA,1069,3154,0,2,0,3156,A
4-HA,1070,3166,0,1,0,3167,A
4-HA,1071,0,3156,0,0,3156,T
4-HA,1072,1,4,3185,0,3190,G
4-HA,1073,2,0,3201,0,3203,G
4-HA,1074,1,3174,0,1,3176,T
4-HA,1075,0,3135,0,1,3136,T
4-HA,1076,1,4,3141,0,3146,G
4-HA,1077,1,3,3137,1,3142,G
4-HA,1078,2,8,3137,0,3147,G
4-HA,1079,3109,1,8,0,3118,A
4-HA,1080,1,7,3119,0,3127,G
4-HA,1081,1,5,3090,0,3096,G
4-HA,1082,2,6,3136,0,3144,G
4-HA,1083,3137,0,4,2,3143,A
4-HA,1084,3159,0,1,0,3160,A
4-HA,1085,1,3153,0,1,3155,T
4-HA,1086,0,4,3155,0,3159,G
4-HA,1087,1,1,3203,0,3205,G
4-HA,1088,2,3162,0,1,3165,T
4-HA,1089,4,2,3157,0,3163,G
4-HA,1090,0,4,3133,0,3137,G
4-HA,1091,3069,0,6,1,3076,A
4-HA,1092,1,3084,0,1,3086,T
4-HA,1093,8,4,3098,0,3110,G
4-HA,1094,0,0,3143,0,3143,G
4-HA,1095,0,3095,0,0,3095,T
4-HA,1096,1,3023,0,2,3026,T
4-HA,1097,2,5,3018,0,3025,G
4-HA,1098,1,0,3073,0,3074,G
4-HA,1099,0,3071,0,1,3072,T
4-HA,1100,3074,1,2,0,3077,A
4-HA,1101,1,4,0,2951,2956,C
4-HA,1102,1,9,2962,0,2972,G
4-HA,1103,0,0,3064,0,3064,G
4-HA,1104,0,3062,0,3,3065,T
4-HA,1105,0,3063,0,1,3064,T
4-HA,1106,3,3049,0,4,3056,T
4-HA,1107,3,1,1,3019,3024,C
4-HA,1108,3014,0,6,0,3020,A
4-HA,1109,0,0,3024,0,3024,G
4-HA,1110,0,0,3018,0,3018,G
4-HA,1111,1,0,0,3010,3011,C
4-HA,1112,2910,0,1,1,2912,A
4-HA,1113,1,2931,0,0,2932,T
4-HA,1114,5,0,0,2940,2945,C
4-HA,1115,2947,0,0,2,2949,A
4-HA,1116,2942,0,1,0,2943,A
4-HA,1117,2943,0,2,0,2945,A
4-HA,1118,2952,0,0,0,2952,A
4-HA,1119,1,2948,0,0,2949,T
4-HA,1120,0,2934,0,1,2935,T
4-HA,1121,3,1,0,2942,2946,C
4-HA,1122,0,2911,0,1,2912,T
4-HA,1123,1,4,2917,0,2922,G
4-HA,1124,2908,0,4,0,2912,A
4-HA,1125,0,5,2924,0,2929,G
4-HA,1126,3,6,2920,0,2929,G
4-HA,1127,2,1,2950,1,2954,G
4-HA,1128,2947,0,1,0,2948,A
4-HA,1129,2942,0,4,0,2946,A
4-HA,1130,0,2,2929,0,2931,G
4-HA,1131,2957,0,4,0,2961,A
4-HA,1132,0,1,2977,0,2978,G
4-HA,1133,1,8,2984,0,2993,G
4-HA,1134,2971,1,11,0,2983,A
4-HA,1135,1,4,0,2973,2978,C
4-HA,1136,2941,0,1,0,2942,A
4-HA,1137,2934,0,3,1,2938,A
4-HA,1138,0,1,2948,0,2949,G
4-HA,1139,0,0,0,2951,2951,C
4-HA,1140,2912,1,2,0,2915,A
4-HA,1141,0,0,2922,0,2922,G
4-HA,1142,1,11,0,2899,2911,C
4-HA,1143,2894,0,1,0,2895,A
4-HA,1144,0,3,2932,0,2935,G
4-HA,1145,2919,0,3,0,2922,A
4-HA,1146,0,2987,0,2,2989,T
4-HA,1147,2,0,0,2990,2992,C
4-HA,1148,0,2973,0,4,2977,T
4-HA,1149,4,1,0,3002,3007,C
4-HA,1150,2999,1,2,0,3002,A
4-HA,1151,2996,0,4,0,3000,A
4-HA,1152,2999,0,1,0,3000,A
4-HA,1153,2965,0,6,1,2972,A
4-HA,1154,1,1,2978,0,2980,G
4-HA,1155,1,1,0,2911,2913,C
4-HA,1156,2897,1,0,0,2898,A
4-HA,1157,3,1,0,2945,2949,C
4-HA,1158,0,2927,0,0,2927,T
4-HA,1159,5,1,0,2930,2936,C
4-HA,1160,2934,0,2,0,2936,A
4-HA,1161,2978,1,3,0,2982,A
4-HA,1162,0,0,2983,0,2983,G
4-HA,1163,2,1,0,2977,2980,C
4-HA,1164,2958,0,1,0,2959,A
4-HA,1165,2,1,2962,1,2966,G
4-HA,1166,1,2,1,2919,2923,C
4-HA,1167,2911,0,3,0,2914,A
4-HA,1168,2919,0,1,0,2920,A
4-HA,1169,0,2910,0,1,2911,T
4-HA,1170,1,0,0,2835,2836,C
4-HA,1171,1,12,2846,0,2859,G
4-HA,1172,2849,2,0,1,2852,A
4-HA,1173,0,2838,0,1,2839,T
4-HA,1174,8,2,0,2813,2823,C
4-HA,1175,2825,0,1,0,2826,A
4-HA,1176,2887,0,1,0,2888,A
4-HA,1177,2899,0,0,0,2899,A
4-HA,1178,0,2898,0,1,2899,T
4-HA,1179,5,0,0,2907,2912,C
4-HA,1180,2877,1,4,0,2882,A
4-HA,1181,2901,1,0,0,2902,A
4-HA,1182,1,2893,0,3,2897,T
4-HA,1183,4,6,2887,0,2897,G
4-HA,1184,0,0,2896,0,2896,G
4-HA,1185,0,4,2847,0,2851,G
4-HA,1186,2854,1,4,0,2859,A
4-HA,1187,2848,0,4,0,2852,A
4-HA,1188,2,1,2892,0,2895,G
4-HA,1189,1,0,0,2893,2894,C
4-HA,1190,0,2878,0,5,2883,T
4-HA,1191,2,3,2993,0,2998,G
4-HA,1192,2992,0,1,0,2993,A
4-HA,1193,2996,0,3,0,2999,A
4-HA,1194,0,2999,0,2,3001,T
4-HA,1195,2939,0,0,0,2939,A
4-HA,1196,0,3,2935,0,2938,G
4-HA,1197,2712,1,1,0,2714,A
4-HA,1198,2,2707,0,0,2709,T
4-HA,1199,2,2721,0,0,2723,T
4-HA,1200,1,6,2736,0,2743,G
4-HA,1201,2735,1,1,0,2737,A
4-HA,1202,2,2717,0,7,2726,T
4-HA,1203,8,1,1,2718,2728,C
4-HA,1204,0,2,2728,0,2730,G
4-HA,1205,5,3,2711,0,2719,G
4-HA,1206,1,4,2720,0,2725,G
4-HA,1207,2716,0,4,0,2720,A
4-HA,1208,2724,0,1,1,2726,A
4-HA,1209,2704,0,2,0,2706,A
4-HA,1210,2718,0,1,4,2723,A
4-HA,1211,1,1,0,2718,2720,C
4-HA,1212,4,2,0,2709,2715,C
4-HA,1213,2706,0,1,1,2708,A
4-HA,1214,2709,0,0,0,2709,A
4-HA,1215,1,3,0,2715,2719,C
4-HA,1216,2,5,2720,0,2727,G
4-HA,1217,2722,0,2,0,2724,A
4-HA,1218,0,2,2721,0,2723,G
4-HA,1219,2716,0,0,0,2716,A
4-HA,1220,2701,0,2,0,2703,A
4-HA,1221,2702,0,4,1,2707,A
4-HA,1222,0,2713,1,2,2716,T
4-HA,1223,1,2702,0,4,2707,T
4-HA,1224,2,1,0,2716,2719,C
4-HA,1225,1,3,0,2699,2703,C
4-HA,1226,2705,0,4,0,2709,A
4-HA,1227,0,2701,0,2,2703,T
4-HA,1228,1,1,0,2702,2704,C
4-HA,1229,2682,1,0,0,2683,A
4-HA,1230,0,2,2697,0,2699,G
4-HA,1231,2674,0,2,0,2676,A
4-HA,1232,0,2679,0,0,2679,T
4-HA,1233,0,2660,0,0,2660,T
4-HA,1234,1,6,2675,1,2683,G
4-HA,1235,2681,1,2,1,2685,A
4-HA,1236,2685,0,0,0,2685,A
4-HA,1237,2683,0,1,0,2684,A
4-HA,1238,2684,1,0,0,2685,A
4-HA,1239,2657,0,1,1,2659,A
4-HA,1240,1,2,2658,0,2661,G
4-HA,1241,2651,0,0,0,2651,A
4-HA,1242,2662,0,0,0,2662,A
4-HA,1243,0,2615,0,7,2622,T
4-HA,1244,1,2618,1,0,2620,T
4-HA,1245,9,0,0,2621,2630,C
4-HA,1246,0,2628,1,2,2631,T
4-HA,1247,5,0,0,2626,2631,C
4-HA,1248,2623,0,1,0,2624,A
4-HA,1249,0,0,2627,0,2627,G
4-HA,1250,2619,0,0,1,2620,A
4-HA,1251,2600,0,3,0,2603,A
4-HA,1252,1,0,2630,0,2631,G
4-HA,1253,1,2619,1,0,2621,T
4-HA,1254,7,1,0,2612,2620,C
4-HA,1255,2,1,2615,0,2618,G
4-HA,1256,2614,0,2,0,2616,A
4-HA,1257,2607,0,4,0,2611,A
4-HA,1258,0,5,2609,0,2614,G
4-HA,1259,0,2,2619,0,2621,G
4-HA,1260,0,4,2622,0,2626,G
4-HA,1261,2561,0,8,0,2569,A
4-HA,1262,1,3,2580,0,2584,G
4-HA,1263,2574,2,2,1,2579,A
4-HA,1264,2707,0,2,0,2709,A
4-HA,1265,1,2712,0,3,2716,T
4-HA,1266,1,2713,0,1,2715,T
4-HA,1267,5,0,0,2702,2707,C
4-HA,1268,2638,0,4,0,2642,A
4-HA,1269,3,2,2638,0,2643,G
4-HA,1270,1,3,2633,0,2637,G
4-HA,1271,2642,0,0,0,2642,A
4-HA,1272,2,1,1,2635,2639,C
4-HA,1273,2,0,0,2444,2446,C
4-HA,1274,1,2428,1,1,2431,T
4-HA,1275,0,2376,0,66,2442,T
4-HA,1276,1,3,2453,0,2457,G
4-HA,1277,2453,0,2,0,2455,A
4-HA,1278,1,1,2519,0,2521,G
4-HA,1279,2503,0,1,0,2504,A
4-HA,1280,2296,1,0,0,2297,A
4-HA,1281,2266,0,2,0,2268,A
4-HA,1282,0,2241,0,0,2241,T
4-HA,1283,2314,0,2,0,2316,A
4-HA,1284,2,2303,0,0,2305,T
4-HA,1285,0,2,2317,0,2319,G
4-HA,1286,0,2319,0,0,2319,T
4-HA,1287,0,2258,0,1,2259,T
4-HA,1288,1,3,2266,0,2270,G
4-HA,1289,2242,1,1,0,2244,A
4-HA,1290,1,4,2295,0,2300,G
4-HA,1291,0,2,2292,0,2294,G
4-HA,1292,2262,0,0,0,2262,A
4-HA,1293,0,0,0,2340,2340,C
4-HA,1294,2310,1,1,0,2312,A
4-HA,1295,0,2,0,2312,2314,C
4-HA,1296,0,2311,0,1,2312,T
4-HA,1297,2430,0,0,0,2430,A
4-HA,1298,2450,0,1,0,2451,A
4-HA,1299,2453,0,1,0,2454,A
4-HA,1300,2475,0,2,0,2477,A
4-HA,1301,0,2478,0,0,2478,T
4-HA,1302,2375,0,1,0,2376,A
4-HA,1303,0,1,2390,1,2392,G
4-HA,1304,2312,1,7,0,2320,A
4-HA,1305,1,2340,0,1,2342,T
4-HA,1306,1,1,0,2331,2333,C
4-HA,1307,0,2291,1,4,2296,T
4-HA,1308,4,0,0,2345,2349,C
4-HA,1309,0,2344,0,2,2346,T
4-HA,1310,2,2,2396,0,2400,G
4-HA,1311,0,2,2443,0,2445,G
4-HA,1312,1,2419,1,10,2431,T
4-HA,1313,6,1,0,2424,2431,C
4-HA,1314,2445,0,1,0,2446,A
4-HA,1315,0,2449,0,3,2452,T
4-HA,1316,2457,1,2,0,2460,A
4-HA,1317,0,0,0,2456,2456,C
4-HA,1318,2388,0,0,0,2388,A
4-HA,1319,2401,0,2,0,2403,A
4-HA,1320,0,1,0,2338,2339,C
4-HA,1321,0,1,2336,0,2337,G
4-HA,1322,0,1,0,2334,2335,C
4-HA,1323,0,1,2324,0,2325,G
4-HA,1324,0,3,2337,0,2340,G
4-HA,1325,2334,0,13,0,2347,A
4-HA,1326,2,0,2373,0,2375,G
4-HA,1327,0,2,0,2370,2372,C
4-HA,1328,0,2347,0,6,2353,T
4-HA,1329,2,2357,0,8,2367,T
4-HA,1330,2,1,0,2373,2376,C
4-HA,1331,0,2380,1,3,2384,T
4-HA,1332,0,2385,0,1,2386,T
4-HA,1333,0,1,2380,0,2381,G
4-HA,1334,1,2372,1,2,2376,T
4-HA,1335,0,2341,0,0,2341,T
4-HA,1336,1,0,2376,0,2377,G
4-HA,1337,0,3,0,2380,2383,C
4-HA,1338,5,1,1,2367,2374,C
4-HA,1339,11,1,0,2382,2394,C
4-HA,1340,0,2385,0,3,2388,T
4-HA,1341,1,2,2411,0,2414,G
4-HA,1342,0,7,2409,0,2416,G
4-HA,1343,2417,1,1,0,2419,A
4-HA,1344,1,4,2429,0,2434,G
4-HA,1345,2385,0,4,0,2389,A
4-HA,1346,2393,0,1,0,2394,A
4-HA,1347,0,1,0,2417,2418,C
4-HA,1348,2,1,0,2415,2418,C
4-HA,1349,2412,0,4,0,2416,A
4-HA,1350,2484,0,3,0,2487,A
4-HA,1351,0,1,0,2497,2498,C
4-HA,1352,2509,0,2,0,2511,A
4-HA,1353,1,2499,0,1,2501,T
4-HA,1354,2488,0,1,0,2489,A
4-HA,1355,0,2,0,2536,2538,C
4-HA,1356,2462,0,31,0,2493,A
4-HA,1357,2491,0,0,0,2491,A
4-HA,1358,0,2495,0,0,2495,T
4-HA,1359,1,2405,1,0,2407,T
4-HA,1360,14,2,2415,0,2431,G
4-HA,1361,2440,1,2,0,2443,A
4-HA,1362,0,2433,0,3,2436,T
4-HA,1363,1,0,0,2450,2451,C
4-HA,1364,0,2401,0,3,2404,T
4-HA,1365,2423,0,0,1,2424,A
4-HA,1366,2421,0,1,0,2422,A
4-HA,1367,0,0,0,2424,2424,C
4-HA,1368,0,2420,0,0,2420,T
4-HA,1369,2,10,2386,0,2398,G
4-HA,1370,2405,1,1,0,2407,A
4-HA,1371,1,0,0,2399,2400,C
4-HA,1372,0,2403,0,4,2407,T
4-HA,1373,4,0,0,2407,2411,C
4-HA,1374,2405,1,2,0,2408,A
4-HA,1375,0,1,2454,0,2455,G
4-HA,1376,2450,0,0,0,2450,A
4-HA,1377,2450,0,2,0,2452,A
4-HA,1378,2457,0,0,0,2457,A
4-HA,1379,0,2432,0,0,2432,T
4-HA,1380,0,11,2435,0,2446,G
4-HA,1381,2445,0,2,1,2448,A
4-HA,1382,2448,0,1,0,2449,A
4-HA,1383,3,0,0,2446,2449,C
4-HA,1384,2409,0,0,0,2409,A
4-HA,1385,2407,1,0,0,2408,A
4-HA,1386,2408,1,3,0,2412,A
4-HA,1387,0,1,0,2421,2422,C
4-HA,1388,0,2403,1,1,2405,T
4-HA,1389,3,2,2404,0,2409,G
4-HA,1390,0,2381,0,2,2383,T
4-HA,1391,0,2380,0,1,2381,T
4-HA,1392,2,2377,0,2,2381,T
4-HA,1393,0,4,2378,0,2382,G
4-HA,1394,2384,0,2,0,2386,A
4-HA,1395,2386,0,2,0,2388,A
4-HA,1396,2373,0,1,2,2376,A
4-HA,1397,2381,0,0,0,2381,A
4-HA,1398,2371,0,0,0,2371,A
4-HA,1399,2374,1,2,0,2377,A
4-HA,1400,1,0,0,2377,2378,C
4-HA,1401,2375,1,1,0,2377,A
4-HA,1402,2377,1,1,0,2379,A
4-HA,1403,2379,0,1,0,2380,A
4-HA,1404,1,2,2387,0,2390,G
4-HA,1405,2396,0,1,0,2397,A
4-HA,1406,2387,0,1,0,2388,A
4-HA,1407,0,0,2389,0,2389,G
4-HA,1408,0,1,0,2385,2386,C
4-HA,1409,2386,0,2,0,2388,A
4-HA,1410,2395,0,0,0,2395,A
4-HA,1411,0,0,1,2395,2396,C
4-HA,1412,1,2379,0,0,2380,T
4-HA,1413,0,2,2397,0,2399,G
4-HA,1414,2379,0,2,0,2381,A
4-HA,1415,0,3,2398,0,2401,G
4-HA,1416,0,2,2409,0,2411,G
4-HA,1417,2,4,2407,0,2413,G
4-HA,1418,2398,1,2,0,2401,A
4-HA,1419,2400,0,0,0,2400,A
4-HA,1420,2387,0,3,0,2390,A
4-HA,1421,2410,0,1,0,2411,A
4-HA,1422,0,2402,0,0,2402,T
4-HA,1423,1,1,2418,0,2420,G
4-HA,1424,0,2,1,2408,2411,C
4-HA,1425,1,2392,0,1,2394,T
4-HA,1426,1,2,2406,0,2409,G
4-HA,1427,2401,2,4,0,2407,A
4-HA,1428,0,1,2520,0,2521,G
4-HA,1429,0,0,2555,0,2555,G
4-HA,1430,2519,0,5,0,2524,A
4-HA,1431,1,2513,0,0,2514,T
4-HA,1432,2499,0,1,0,2500,A
4-HA,1433,0,2487,0,1,2488,T
4-HA,1434,3,6,2501,0,2510,G
4-HA,1435,0,3,2515,0,2518,G
4-HA,1436,0,2,2513,0,2515,G
4-HA,1437,4,1,0,2394,2399,C
4-HA,1438,2356,1,0,0,2357,A
4-HA,1439,2358,1,2,0,2361,A
4-HA,1440,0,2360,0,0,2360,T
4-HA,1441,0,2,2365,1,2368,G
4-HA,1442,1,0,2374,0,2375,G
4-HA,1443,0,2343,0,0,2343,T
4-HA,1444,0,2300,0,1,2301,T
4-HA,1445,0,3,2307,0,2310,G
4-HA,1446,2,2317,0,2,2321,T
4-HA,1447,0,2301,0,1,2302,T
4-HA,1448,0,2313,0,0,2313,T
4-HA,1449,1,0,0,2321,2322,C
4-HA,1450,2320,0,1,0,2321,A
4-HA,1451,2324,1,1,0,2326,A
4-HA,1452,2325,0,0,0,2325,A
4-HA,1453,2343,0,1,0,2344,A
4-HA,1454,0,2335,0,0,2335,T
4-HA,1455,2315,0,5,0,2320,A
4-HA,1456,0,2325,0,0,2325,T
4-HA,1457,2319,0,2,0,2321,A
4-HA,1458,0,1,0,2336,2337,C
4-HA,1459,5,0,0,2321,2326,C
4-HA,1460,2325,0,1,0,2326,A
4-HA,1461,1,0,0,2337,2338,C
4-HA,1462,2321,1,0,0,2322,A
4-HA,1463,2323,0,0,0,2323,A
4-HA,1464,2336,0,1,0,2337,A
4-HA,1465,0,2335,0,0,2335,T
4-HA,1466,0,1,2343,0,2344,G
4-HA,1467,2,2299,0,0,2301,T
4-HA,1468,2,3,2311,0,2316,G
4-HA,1469,2321,1,3,0,2325,A
4-HA,1470,0,0,0,2315,2315,C
4-HA,1471,2281,0,2,0,2283,A
4-HA,1472,2283,0,0,0,2283,A
4-HA,1473,0,2306,0,1,2307,T
4-HA,1474,2,0,2323,0,2325,G
4-HA,1475,1,0,0,2306,2307,C
4-HA,1476,2,0,0,2306,2308,C
4-HA,1477,0,2300,0,6,2306,T
4-HA,1478,0,1,2377,1,2379,G
4-HA,1479,1,0,0,2382,2383,C
4-HA,1480,2382,0,0,0,2382,A
4-HA,1481,0,2379,0,0,2379,T
4-HA,1482,2295,0,0,0,2295,A
4-HA,1483,0,1,2303,0,2304,G
4-HA,1484,2,5,2287,0,2294,G
4-HA,1485,2287,0,5,0,2292,A
4-HA,1486,1,2278,0,0,2279,T
4-HA,1487,4,0,1,2164,2169,C
4-HA,1488,2157,1,0,0,2158,A
4-HA,1489,2169,0,1,0,2170,A
4-HA,1490,0,2165,0,1,2166,T
4-HA,1491,6,12,0,2154,2172,C
4-HA,1492,2122,0,2,0,2124,A
4-HA,1493,0,2,2134,0,2136,G
4-HA,1494,2137,0,0,0,2137,A
4-HA,1495,2141,0,1,0,2142,A
4-HA,1496,2136,1,1,1,2139,A
4-HA,1497,0,2126,0,0,2126,T
4-HA,1498,0,1,2109,0,2110,G
4-HA,1499,1,3,2111,0,2115,G
4-HA,1500,2110,0,3,0,2113,A
4-HA,1501,2125,0,3,0,2128,A
4-HA,1502,0,0,1,2114,2115,C
4-HA,1503,0,2101,0,0,2101,T
4-HA,1504,0,2107,0,0,2107,T
4-HA,1505,2108,0,0,0,2108,A
4-HA,1506,1,2106,0,0,2107,T
4-HA,1507,0,11,2094,0,2105,G
4-HA,1508,2099,0,7,0,2106,A
4-HA,1509,0,0,0,2094,2094,C
4-HA,1510,4,1,0,2070,2075,C
4-HA,1511,2078,0,2,0,2080,A
4-HA,1512,0,0,0,2124,2124,C
4-HA,1513,0,1,2168,0,2169,G
4-HA,1514,2206,0,2,0,2208,A
4-HA,1515,0,2225,0,1,2226,T
4-HA,1516,1,0,2293,0,2294,G
4-HA,1517,2,2274,0,3,2279,T
4-HA,1518,2348,0,2,0,2350,A
4-HA,1519,0,2344,0,2,2346,T
4-HA,1520,2342,0,2,0,2344,A
4-HA,1521,1,2,0,2338,2341,C
4-HA,1522,2081,0,1,0,2082,A
4-HA,1523,0,2,2087,0,2089,G
4-HA,1524,1977,0,1,0,1978,A
4-HA,1525,0,1,1909,0,1910,G
4-HA,1526,1900,0,1,0,1901,A
4-HA,1527,0,1752,0,1,1753,T
4-HA,1528,0,3,1750,0,1753,G
4-HA,1529,1752,0,0,0,1752,A
4-HA,1530,1751,0,2,0,1753,A
4-HA,1531,0,0,1778,0,1778,G
4-HA,1532,2,1,0,1737,1740,C
4-HA,1533,1734,1,1,0,1736,A
4-HA,1534,0,1723,1,0,1724,T
4-HA,1535,0,1723,0,1,1724,T
4-HA,1536,1730,0,0,0,1730,A
4-HA,1537,1725,0,2,0,1727,A
4-HA,1538,1724,1,1,0,1726,A
4-HA,1539,1,0,0,1726,1727,C
4-HA,1540,1647,0,0,0,1647,A
4-HA,1541,1650,0,2,0,1652,A
4-HA,1542,0,2,0,1653,1655,C
4-HA,1543,4,1,0,1638,1643,C
4-HA,1544,2,1,1640,0,1643,G
4-HA,1545,0,0,1654,0,1654,G
4-HA,1546,0,1651,0,3,1654,T
4-HA,1547,0,1646,1,0,1647,T
4-HA,1548,0,1636,0,2,1638,T
4-HA,1549,1,0,0,1644,1645,C
4-HA,1550,1650,0,1,0,1651,A
4-HA,1551,1,0,1657,1,1659,G
4-HA,1552,1656,0,0,0,1656,A
4-HA,1553,0,1648,0,2,1650,T
4-HA,1554,4,2,0,1610,1616,C
4-HA,1555,1610,0,1,0,1611,A
4-HA,1556,1612,0,5,0,1617,A
4-HA,1557,0,4,1613,1,1618,G
4-HA,1558,0,1,1605,0,1606,G
4-HA,1559,0,5,1603,0,1608,G
4-HA,1560,1563,0,2,0,1565,A
4-HA,1561,0,0,1572,0,1572,G
4-HA,1562,0,1569,0,1,1570,T
4-HA,1563,0,1573,0,1,1574,T
4-HA,1564,0,3,1580,0,1583,G
4-HA,1565,1563,1,5,0,1569,A
4-HA,1566,0,0,1575,0,1575,G
4-HA,1567,0,0,0,1575,1575,C
4-HA,1568,1,1566,0,1,1568,T
4-HA,1569,0,0,1573,0,1573,G
4-HA,1570,1557,0,0,0,1557,A
4-HA,1571,1564,0,5,0,1569,A
4-HA,1572,1,0,1565,0,1566,G
4-HA,1573,0,1545,0,1,1546,T
4-HA,1574,5,0,0,1530,1535,C
4-HA,1575,1521,0,1,0,1522,A
4-HA,1576,0,4,1514,0,1518,G
4-HA,1577,6,3,1508,0,1517,G
4-HA,1578,11,1,1474,0,1486,G
4-HA,1579,0,1521,0,0,1521,T
4-HA,1580,1522,0,0,0,1522,A
4-HA,1581,0,0,0,1521,1521,C
4-HA,1582,1505,1,0,0,1506,A
4-HA,1583,1507,0,0,1,1508,A
4-HA,1584,1504,0,1,0,1505,A
4-HA,1585,0,2,1509,0,1511,G
4-HA,1586,1465,0,0,0,1465,A
4-HA,1587,0,1415,1,0,1416,T
4-HA,1588,1,1398,0,0,1399,T
4-HA,1589,2,1,1392,0,1395,G
4-HA,1590,0,2,1395,0,1397,G
4-HA,1591,1407,0,1,0,1408,A
4-HA,1592,0,1403,0,2,1405,T
4-HA,1593,1,0,0,1389,1390,C
4-HA,1594,1,0,0,1361,1362,C
4-HA,1595,1,1353,0,2,1356,T
4-HA,1596,1365,0,0,0,1365,A
4-HA,1597,0,1363,1,1,1365,T
4-HA,1598,0,1,1360,0,1361,G
4-HA,1599,1,1,1357,0,1359,G
4-HA,1600,1329,0,0,1,1330,A
4-HA,1601,0,1320,0,6,1326,T
4-HA,1602,1,1296,0,0,1297,T
4-HA,1603,0,1298,0,0,1298,T
4-HA,1604,4,0,0,1293,1297,C
4-HA,1605,1,1,0,1287,1289,C
4-HA,1606,0,1264,0,1,1265,T
4-HA,1607,0,1259,0,1,1260,T
4-HA,1608,1,1252,0,1,1254,T
4-HA,1609,0,1,1258,0,1259,G
4-HA,1610,0,0,0,1257,1257,C
4-HA,1611,0,1,0,1257,1258,C
4-HA,1612,1240,0,0,0,1240,A
4-HA,1613,0,1229,0,0,1229,T
4-HA,1614,1242,0,0,0,1242,A
4-HA,1615,0,1240,0,1,1241,T
4-HA,1616,2,0,0,1224,1226,C
4-HA,1617,1227,0,0,0,1227,A
4-HA,1618,0,1203,0,1,1204,T
4-HA,1619,0,0,1210,0,1210,G
4-HA,1620,0,1201,0,1,1202,T
4-HA,1621,0,1192,0,0,1192,T
4-HA,1622,1,1186,0,1,1188,T
4-HA,1623,0,1167,0,1,1168,T
4-HA,1624,0,1167,1,0,1168,T
4-HA,1625,0,1165,0,2,1167,T
4-HA,1626,0,1,1174,0,1175,G
4-HA,1627,0,0,0,1171,1171,C
4-HA,1628,0,1141,0,1,1142,T
4-HA,1629,0,1139,0,1,1140,T
4-HA,1630,0,1135,0,0,1135,T
4-HA,1631,0,0,1149,0,1149,G
4-HA,1632,0,1149,0,0,1149,T
4-HA,1633,1,0,1147,0,1148,G
4-HA,1634,0,1150,0,0,1150,T
4-HA,1635,0,1131,0,0,1131,T
4-HA,1636,1,0,1135,0,1136,G
4-HA,1637,0,1,0,1132,1133,C
4-HA,1638,0,1122,0,0,1122,T
4-HA,1639,0,1129,0,0,1129,T
4-HA,1640,0,1070,0,0,1070,T
4-HA,1641,1,0,1072,0,1073,G
4-HA,1642,0,1076,0,0,1076,T
4-HA,1643,0,1070,0,1,1071,T
4-HA,1644,1,1,1070,1,1073,G
4-HA,1645,0,3,1047,1,1051,G
4-HA,1646,0,1,1051,0,1052,G
4-HA,1647,0,1,1053,0,1054,G
4-HA,1648,0,1018,0,1,1019,T
4-HA,1649,0,1009,0,1,1010,T
4-HA,1650,2,0,0,994,996,C
4-HA,1651,983,0,1,0,984,A
4-HA,1652,1,986,0,1,988,T
4-HA,1653,0,1,0,983,984,C
4-HA,1654,979,0,1,0,980,A
4-HA,1655,0,959,0,1,960,T
4-HA,1656,0,1,950,0,951,G
4-HA,1657,0,933,1,2,936,T
4-HA,1658,0,3,928,0,931,G
4-HA,1659,0,0,905,0,905,G
4-HA,1660,0,0,899,0,899,G
4-HA,1661,0,0,0,879,879,C
4-HA,1662,1,0,0,854,855,C
4-HA,1663,0,825,0,1,826,T
4-HA,1664,0,0,825,0,825,G
4-HA,1665,0,0,0,821,821,C
4-HA,1666,3,2,0,819,824,C
4-HA,1667,825,0,1,0,826,A
4-HA,1668,817,0,0,0,817,A
4-HA,1669,814,0,1,0,815,A
4-HA,1670,814,0,0,0,814,A
4-HA,1671,811,0,1,0,812,A
4-HA,1672,0,0,816,0,816,G
4-HA,1673,0,0,778,0,778,G
4-HA,1674,0,0,0,767,767,C
4-HA,1675,763,0,2,0,765,A
4-HA,1676,770,0,0,0,770,A
4-HA,1677,0,0,0,770,770,C
4-HA,1678,763,1,0,0,764,A
4-HA,1679,0,765,0,0,765,T
4-HA,1680,0,757,0,0,757,T
4-HA,1681,735,0,0,0,735,A
4-HA,1682,0,1,729,0,730,G
4-HA,1683,0,0,730,0,730,G
4-HA,1684,2,706,0,0,708,T
4-HA,1685,0,0,653,0,653,G
4-HA,1686,0,0,0,634,634,C
4-HA,1687,622,1,1,0,624,A
4-HA,1688,624,0,0,0,624,A
4-HA,1689,0,0,0,621,621,C
4-HA,1690,609,0,1,0,610,A
4-HA,1691,0,599,1,0,600,T
4-HA,1692,0,562,0,0,562,T
4-HA,1693,0,563,0,0,563,T
4-HA,1694,1,0,560,1,562,G
4-HA,1695,0,1,0,557,558,C
4-HA,1696,556,0,0,0,556,A
4-HA,1697,0,531,0,0,531,T
4-HA,1698,0,516,0,0,516,T
4-HA,1699,0,501,0,0,501,T
4-HA,1700,0,0,492,0,492,G
4-HA,1701,475,0,0,0,475,A
5-NP,1,309,0,0,0,309,A
5-NP,2,0,309,0,0,309,T
5-NP,3,0,0,307,0,307,G
5-NP,4,0,0,307,0,307,G
5-NP,5,0,0,0,307,307,C
5-NP,6,1,0,315,0,316,G
5-NP,7,0,333,0,0,333,T
5-NP,8,3,0,0,335,338,C
5-NP,9,1,0,0,344,345,C
5-NP,10,1,0,0,344,345,C
5-NP,11,345,0,0,0,345,A
5-NP,12,341,0,0,0,341,A
5-NP,13,0,1,350,0,351,G
5-NP,14,0,0,360,0,360,G
5-NP,15,0,0,0,362,362,C
5-NP,16,361,0,0,0,361,A
5-NP,17,0,0,0,366,366,C
5-NP,18,0,0,0,367,367,C
5-NP,19,368,0,0,0,368,A
5-NP,20,366,0,0,0,366,A
5-NP,21,367,0,0,0,367,A
5-NP,22,0,0,0,372,372,C
5-NP,23,0,0,374,0,374,G
5-NP,24,0,0,405,0,405,G
5-NP,25,0,405,0,0,405,T
5-NP,26,1,0,0,444,445,C
5-NP,27,0,447,0,0,447,T
5-NP,28,0,447,0,0,447,T
5-NP,29,449,0,0,0,449,A
5-NP,30,0,450,0,0,450,T
5-NP,31,0,3,452,0,455,G
5-NP,32,451,1,1,0,453,A
5-NP,33,447,0,0,0,447,A
5-NP,34,0,0,0,450,450,C
5-NP,35,443,0,0,0,443,A
5-NP,36,0,0,474,0,474,G
5-NP,37,474,1,0,0,475,A
5-NP,38,0,474,0,0,474,T
5-NP,39,0,1,474,0,475,G
5-NP,40,0,1,469,0,470,G
5-NP,41,467,0,2,0,469,A
5-NP,42,480,1,1,0,482,A
5-NP,43,484,0,0,0,484,A
5-NP,44,0,0,0,502,502,C
5-NP,45,0,496,0,0,496,T
5-NP,46,0,1,495,1,497,G
5-NP,47,498,0,0,0,498,A
5-NP,48,0,496,0,0,496,T
5-NP,49,0,1,495,0,496,G
5-NP,50,0,0,498,0,498,G
5-NP,51,491,0,5,0,496,A
5-NP,52,0,2,504,0,506,G
5-NP,53,508,0,0,0,508,A
5-NP,54,0,509,0,0,509,T
5-NP,55,2,0,0,510,512,C
5-NP,56,0,0,514,0,514,G
5-NP,57,0,1,0,514,515,C
5-NP,58,0,1,0,515,516,C
5-NP,59,514,2,1,0,517,A
5-NP,60,0,1,529,0,530,G
5-NP,61,528,0,0,0,528,A
5-NP,62,540,0,0,0,540,A
5-NP,63,0,540,0,0,540,T
5-NP,64,0,0,539,0,539,G
5-NP,65,0,0,0,540,540,C
5-NP,66,536,0,0,0,536,A
5-NP,67,543,0,3,0,546,A
5-NP,68,0,0,0,547,547,C
5-NP,69,0,545,0,0,545,T
5-NP,70,0,1,549,0,550,G
5-NP,71,560,0,0,0,560,A
5-NP,72,1,1,583,0,585,G
5-NP,73,580,0,0,0,580,A
5-NP,74,0,585,0,0,585,T
5-NP,75,0,590,0,0,590,T
5-NP,76,587,0,0,0,587,A
5-NP,77,0,2,584,0,586,G
5-NP,78,0,2,589,0,591,G
5-NP,79,0,0,590,0,590,G
5-NP,80,0,1,0,585,586,C
5-NP,81,579,0,0,0,579,A
5-NP,82,0,583,0,0,583,T
5-NP,83,1,0,0,585,586,C
5-NP,84,0,0,0,588,588,C
5-NP,85,1,0,595,0,596,G
5-NP,86,0,594,0,1,595,T
5-NP,87,2,0,0,597,599,C
5-NP,88,0,1,599,0,600,G
5-NP,89,0,0,600,0,600,G
5-NP,90,4,1,597,0,602,G
5-NP,91,604,0,0,0,604,A
5-NP,92,602,0,2,0,604,A
5-NP,93,0,1,603,0,604,G
5-NP,94,605,0,0,0,605,A
5-NP,95,0,608,0,0,608,T
5-NP,96,0,0,611,0,611,G
5-NP,97,616,0,0,0,616,A
5-NP,98,0,618,0,0,618,T
5-NP,99,0,616,0,0,616,T
5-NP,100,0,1,615,0,616,G
5-NP,101,614,0,1,0,615,A
5-NP,102,1,614,0,0,615,T
5-NP,103,0,3,610,0,613,G
5-NP,104,0,1,608,0,609,G
5-NP,105,2,1,603,0,606,G
5-NP,106,645,0,0,1,646,A
5-NP,107,0,648,0,0,648,T
5-NP,108,0,647,0,0,647,T
5-NP,109,0,1,653,0,654,G
5-NP,110,0,4,651,0,655,G
5-NP,111,0,1,651,0,652,G
5-NP,112,645,0,1,0,646,A
5-NP,113,0,1,644,0,645,G
5-NP,114,637,1,0,0,638,A
5-NP,115,0,648,0,1,649,T
5-NP,116,0,655,0,1,656,T
5-NP,117,2,0,2,652,656,C
5-NP,118,0,656,0,0,656,T
5-NP,119,663,0,0,0,663,A
5-NP,120,0,0,0,666,666,C
5-NP,121,682,0,0,0,682,A
5-NP,122,0,686,0,0,686,T
5-NP,123,1,0,0,683,684,C
5-NP,124,3,1,0,679,683,C
5-NP,125,686,0,0,0,686,A
5-NP,126,696,0,0,0,696,A
5-NP,127,696,0,1,0,697,A
5-NP,128,0,692,0,1,693,T
5-NP,129,1,0,689,0,690,G
5-NP,130,0,685,0,1,686,T
5-NP,131,0,0,690,0,690,G
5-NP,132,0,0,0,692,692,C
5-NP,133,692,0,0,0,692,A
5-NP,134,0,0,0,693,693,C
5-NP,135,0,685,0,2,687,T
5-NP,136,0,1,713,0,714,G
5-NP,137,724,0,0,0,724,A
5-NP,138,731,0,0,0,731,A
5-NP,139,0,1,0,741,742,C
5-NP,140,0,738,0,0,738,T
5-NP,141,0,740,0,1,741,T
5-NP,142,740,0,1,0,741,A
5-NP,143,741,0,0,0,741,A
5-NP,144,737,0,6,0,743,A
5-NP,145,0,0,0,740,740,C
5-NP,146,0,714,0,0,714,T
5-NP,147,3,1,0,713,717,C
5-NP,148,711,0,0,0,711,A
5-NP,149,0,0,716,0,716,G
5-NP,150,0,719,0,0,719,T
5-NP,151,0,0,725,0,725,G
5-NP,152,738,1,1,0,740,A
5-NP,153,0,739,0,0,739,T
5-NP,154,1,0,0,749,750,C
5-NP,155,751,0,0,0,751,A
5-NP,156,1,749,0,1,751,T
5-NP,157,0,0,752,0,752,G
5-NP,158,745,0,2,0,747,A
5-NP,159,745,0,2,0,747,A
5-NP,160,1,2,743,0,746,G
5-NP,161,0,2,739,0,741,G
5-NP,162,0,0,743,0,743,G
5-NP,163,1,0,0,740,741,C
5-NP,164,0,0,742,0,742,G
5-NP,165,0,0,745,0,745,G
5-NP,166,0,743,0,0,743,T
5-NP,167,0,743,0,0,743,T
5-NP,168,0,2,743,0,745,G
5-NP,169,821,0,1,0,822,A
5-NP,170,1,824,0,0,825,T
5-NP,171,0,0,0,827,827,C
5-NP,172,1,0,0,829,830,C
5-NP,173,829,0,0,0,829,A
5-NP,174,0,0,833,0,833,G
5-NP,175,831,0,0,0,831,A
5-NP,176,833,0,0,0,833,A
5-NP,177,0,0,0,836,836,C
5-NP,178,774,0,3,0,777,A
5-NP,179,0,0,795,0,795,G
5-NP,180,0,0,0,795,795,C
5-NP,181,0,791,0,1,792,T
5-NP,182,0,792,0,0,792,T
5-NP,183,0,2,793,0,795,G
5-NP,184,806,0,0,0,806,A
5-NP,185,0,0,0,808,808,C
5-NP,186,804,0,0,0,804,A
5-NP,187,808,1,1,0,810,A
5-NP,188,0,805,0,1,806,T
5-NP,189,809,0,0,0,809,A
5-NP,190,0,0,820,0,820,G
5-NP,191,814,0,1,0,815,A
5-NP,192,0,2,820,0,822,G
5-NP,193,813,0,0,0,813,A
5-NP,194,823,1,0,0,824,A
5-NP,195,827,0,0,0,827,A
5-NP,196,832,0,1,0,833,A
5-NP,197,0,832,0,0,832,T
5-NP,198,0,2,831,0,833,G
5-NP,199,0,0,831,0,831,G
5-NP,200,0,828,1,0,829,T
5-NP,201,822,0,0,0,822,A
5-NP,202,0,0,0,829,829,C
5-NP,203,0,823,1,0,824,T
5-NP,204,2,0,0,826,828,C
5-NP,205,0,823,0,0,823,T
5-NP,206,4,0,0,823,827,C
5-NP,207,0,10,814,0,824,G
5-NP,208,0,0,830,0,830,G
5-NP,209,1,0,0,828,829,C
5-NP,210,0,828,0,0,828,T
5-NP,211,0,828,0,0,828,T
5-NP,212,0,830,0,0,830,T
5-NP,213,0,831,0,0,831,T
5-NP,214,0,2,830,0,832,G
5-NP,215,829,1,1,0,831,A
5-NP,216,0,833,0,0,833,T
5-NP,217,1,1,833,0,835,G
5-NP,218,831,0,0,0,831,A
5-NP,219,834,0,1,0,835,A
5-NP,220,834,0,0,0,834,A
5-NP,221,0,0,839,0,839,G
5-NP,222,837,0,0,0,837,A
5-NP,223,831,1,0,0,832,A
5-NP,224,0,1,834,0,835,G
5-NP,225,0,1,856,0,857,G
5-NP,226,858,0,2,0,860,A
5-NP,227,863,0,0,0,863,A
5-NP,228,0,863,0,0,863,T
5-NP,229,858,0,0,0,858,A
5-NP,230,855,0,2,0,857,A
5-NP,231,863,0,0,0,863,A
5-NP,232,0,861,0,2,863,T
5-NP,233,862,0,0,1,863,A
5-NP,234,0,7,0,848,855,C
5-NP,235,0,0,0,840,840,C
5-NP,236,0,832,0,1,833,T
5-NP,237,0,0,838,0,838,G
5-NP,238,0,1,847,0,848,G
5-NP,239,851,0,0,0,851,A
5-NP,240,850,0,1,0,851,A
5-NP,241,0,1,865,0,866,G
5-NP,242,860,0,0,0,860,A
5-NP,243,858,0,1,0,859,A
5-NP,244,0,1,0,860,861,C
5-NP,245,859,0,1,0,860,A
5-NP,246,0,0,0,880,880,C
5-NP,247,2,0,0,869,871,C
5-NP,248,5,0,0,861,866,C
5-NP,249,3,0,0,865,868,C
5-NP,250,853,0,0,0,853,A
5-NP,251,4,1,849,1,855,G
5-NP,252,0,0,0,852,852,C
5-NP,253,1,0,852,0,853,G
5-NP,254,1,1,0,853,855,C
5-NP,255,0,0,842,0,842,G
5-NP,256,0,0,843,0,843,G
5-NP,257,0,0,844,0,844,G
5-NP,258,1,0,847,0,848,G
5-NP,259,847,0,0,0,847,A
5-NP,260,846,0,1,0,847,A
5-NP,261,846,0,2,0,848,A
5-NP,262,0,2,849,0,851,G
5-NP,263,847,0,0,1,848,A
5-NP,264,0,843,0,0,843,T
5-NP,265,2,0,0,843,845,C
5-NP,266,1,0,0,840,841,C
5-NP,267,0,0,0,850,850,C
5-NP,268,849,0,0,0,849,A
5-NP,269,849,0,0,0,849,A
5-NP,270,0,1,856,0,857,G
5-NP,271,855,0,0,0,855,A
5-NP,272,855,1,0,1,857,A
5-NP,273,863,0,0,0,863,A
5-NP,274,861,0,1,0,862,A
5-NP,275,1,0,0,863,864,C
5-NP,276,0,855,0,1,856,T
5-NP,277,0,2,856,0,858,G
5-NP,278,0,2,856,0,858,G
5-NP,279,0,2,854,0,856,G
5-NP,280,0,0,857,0,857,G
5-NP,281,0,0,861,0,861,G
5-NP,282,0,0,872,0,872,G
5-NP,283,1,0,0,924,925,C
5-NP,284,0,0,0,924,924,C
5-NP,285,5,0,0,928,933,C
5-NP,286,1062,0,0,0,1062,A
5-NP,287,0,1062,0,0,1062,T
5-NP,288,1129,0,0,0,1129,A
5-NP,289,0,1128,0,1,1129,T
5-NP,290,1119,0,0,0,1119,A
5-NP,291,0,0,0,1127,1127,C
5-NP,292,1028,0,0,0,1028,A
5-NP,293,0,1,1039,0,1040,G
5-NP,294,0,3,1033,0,1036,G
5-NP,295,931,0,1,0,932,A
5-NP,296,0,1,944,0,945,G
5-NP,297,895,0,0,0,895,A
5-NP,298,0,0,904,0,904,G
5-NP,299,0,898,0,3,901,T
5-NP,300,897,0,1,0,898,A
5-NP,301,0,2,899,0,901,G
5-NP,302,879,0,13,0,892,A
5-NP,303,0,891,0,0,891,T
5-NP,304,1,0,891,0,892,G
5-NP,305,0,0,893,0,893,G
5-NP,306,894,0,0,0,894,A
5-NP,307,880,1,0,0,881,A
5-NP,308,881,0,0,0,881,A
5-NP,309,885,0,1,0,886,A
5-NP,310,0,886,0,0,886,T
5-NP,311,0,1,895,0,896,G
5-NP,312,0,0,897,0,897,G
5-NP,313,892,0,2,0,894,A
5-NP,314,0,889,0,1,890,T
5-NP,315,0,0,891,0,891,G
5-NP,316,894,0,0,0,894,A
5-NP,317,1,2,895,0,898,G
5-NP,318,0,0,896,0,896,G
5-NP,319,0,1,907,0,908,G
5-NP,320,933,0,0,0,933,A
5-NP,321,934,0,0,0,934,A
5-NP,322,0,0,0,965,965,C
5-NP,323,0,959,0,0,959,T
5-NP,324,5,0,0,971,976,C
5-NP,325,0,1,987,0,988,G
5-NP,326,0,1006,0,1,1007,T
5-NP,327,0,1,0,1008,1009,C
5-NP,328,0,0,0,1161,1161,C
5-NP,329,0,1155,0,2,1157,T
5-NP,330,0,1169,0,0,1169,T
5-NP,331,0,1165,0,1,1166,T
5-NP,332,1174,0,0,0,1174,A
5-NP,333,1,1176,0,0,1177,T
5-NP,334,0,6,1170,0,1176,G
5-NP,335,1186,0,1,2,1189,A
5-NP,336,0,0,1,1190,1191,C
5-NP,337,1182,0,0,0,1182,A
5-NP,338,1181,0,0,0,1181,A
5-NP,339,1185,0,1,0,1186,A
5-NP,340,0,0,1272,0,1272,G
5-NP,341,1271,0,1,1,1273,A
5-NP,342,1279,0,0,0,1279,A
5-NP,343,0,0,1350,0,1350,G
5-NP,344,1364,0,1,0,1365,A
5-NP,345,1379,0,1,0,1380,A
5-NP,346,1378,1,0,0,1379,A
5-NP,347,0,1378,0,0,1378,T
5-NP,348,1384,0,0,0,1384,A
5-NP,349,1375,0,2,1,1378,A
5-NP,350,0,1,1400,0,1401,G
5-NP,351,0,0,1396,0,1396,G
5-NP,352,0,1,0,1386,1387,C
5-NP,353,1,4,1384,0,1389,G
5-NP,354,1400,0,0,0,1400,A
5-NP,355,1424,0,0,1,1425,A
5-NP,356,0,1430,0,0,1430,T
5-NP,357,0,1,0,1430,1431,C
5-NP,358,0,1430,0,1,1431,T
5-NP,359,0,1,1427,1,1429,G
5-NP,360,0,1,1430,0,1431,G
5-NP,361,0,0,0,1440,1440,C
5-NP,362,2,0,1438,0,1440,G
5-NP,363,0,0,0,1439,1439,C
5-NP,364,1,1,0,1431,1433,C
5-NP,365,1443,0,1,0,1444,A
5-NP,366,1476,1,0,0,1477,A
5-NP,367,0,0,1530,0,1530,G
5-NP,368,0,0,0,1528,1528,C
5-NP,369,1,0,0,1556,1557,C
5-NP,370,1567,0,0,0,1567,A
5-NP,371,1602,0,1,0,1603,A
5-NP,372,0,1,0,1629,1630,C
5-NP,373,1636,0,0,0,1636,A
5-NP,374,1664,1,2,1,1668,A
5-NP,375,0,1676,0,0,1676,T
5-NP,376,0,2,1718,0,1720,G
5-NP,377,0,0,1728,0,1728,G
5-NP,378,0,1716,0,1,1717,T
5-NP,379,0,2,1726,0,1728,G
5-NP,380,1725,0,0,0,1725,A
5-NP,381,0,3,1778,0,1781,G
5-NP,382,0,1,1782,0,1783,G
5-NP,383,1807,0,3,0,1810,A
5-NP,384,0,1993,0,2,1995,T
5-NP,385,0,1,2032,0,2033,G
5-NP,386,2,0,0,2043,2045,C
5-NP,387,0,2047,0,4,2051,T
5-NP,388,2065,0,3,0,2068,A
5-NP,389,0,0,0,2114,2114,C
5-NP,390,2111,0,1,0,2112,A
5-NP,391,0,2107,0,0,2107,T
5-NP,392,1,0,0,2101,2102,C
5-NP,393,1,2035,0,0,2036,T
5-NP,394,1,2,2139,2,2144,G
5-NP,395,6,1,2213,0,2220,G
5-NP,396,0,2224,0,1,2225,T
5-NP,397,10,0,0,2220,2230,C
5-NP,398,0,2218,0,0,2218,T
5-NP,399,2253,1,0,0,2254,A
5-NP,400,2255,1,2,0,2258,A
5-NP,401,0,0,0,2284,2284,C
5-NP,402,0,2279,0,1,2280,T
5-NP,403,3,0,0,2304,2307,C
5-NP,404,2311,0,1,0,2312,A
5-NP,405,0,1,0,2440,2441,C
5-NP,406,2438,0,2,0,2440,A
5-NP,407,0,2448,0,1,2449,T
5-NP,408,2434,1,1,0,2436,A
5-NP,409,2439,2,6,0,2447,A
5-NP,410,0,2469,0,2,2471,T
5-NP,411,1,6,2505,0,2512,G
5-NP,412,2508,0,0,0,2508,A
5-NP,413,0,2491,0,2,2493,T
5-NP,414,1,2473,0,1,2475,T
5-NP,415,0,2474,0,1,2475,T
5-NP,416,0,4,2452,1,2457,G
5-NP,417,2,2,2471,0,2475,G
5-NP,418,0,1,0,2475,2476,C
5-NP,419,2476,0,1,1,2478,A
5-NP,420,1,2478,0,1,2480,T
5-NP,421,0,2476,0,4,2480,T
5-NP,422,2,1,0,2478,2481,C
5-NP,423,6,1,1,2478,2486,C
5-NP,424,2535,0,1,1,2537,A
5-NP,425,2542,0,0,0,2542,A
5-NP,426,0,2537,0,0,2537,T
5-NP,427,1,2539,0,0,2540,T
5-NP,428,0,2542,0,1,2543,T
5-NP,429,0,5,2557,0,2562,G
5-NP,430,2557,0,1,0,2558,A
5-NP,431,2556,1,5,1,2563,A
5-NP,432,0,2587,0,1,2588,T
5-NP,433,1,5,2575,0,2581,G
5-NP,434,2706,0,4,2,2712,A
5-NP,435,0,2717,0,1,2718,T
5-NP,436,1,6,2725,0,2732,G
5-NP,437,1,4,0,2786,2791,C
5-NP,438,2781,0,4,0,2785,A
5-NP,439,2911,0,3,0,2914,A
5-NP,440,0,0,0,2915,2915,C
5-NP,441,2964,0,0,0,2964,A
5-NP,442,0,3004,0,6,3010,T
5-NP,443,2944,2,1,0,2947,A
5-NP,444,0,0,0,3011,3011,C
5-NP,445,2,0,0,3003,3005,C
5-NP,446,2977,0,1,0,2978,A
5-NP,447,0,4,3008,0,3012,G
5-NP,448,2972,1,1,0,2974,A
5-NP,449,1,8,2962,0,2971,G
5-NP,450,2902,1,10,1,2914,A
5-NP,451,3014,0,4,1,3019,A
5-NP,452,1,2,0,3038,3041,C
5-NP,453,3032,0,1,0,3033,A
5-NP,454,3029,2,2,1,3034,A
5-NP,455,0,5,3043,0,3048,G
5-NP,456,3014,1,4,0,3019,A
5-NP,457,1,0,3038,0,3039,G
5-NP,458,1,0,0,3044,3045,C
5-NP,459,0,3033,0,5,3038,T
5-NP,460,5,0,1,3047,3053,C
5-NP,461,1,3037,1,8,3047,T
5-NP,462,1,3058,0,0,3059,T
5-NP,463,0,0,3070,0,3070,G
5-NP,464,0,3051,0,5,3056,T
5-NP,465,0,3052,0,6,3058,T
5-NP,466,5,1,0,3048,3054,C
5-NP,467,0,11,3036,0,3047,G
5-NP,468,3107,0,3,1,3111,A
5-NP,469,3118,1,0,0,3119,A
5-NP,470,0,0,0,3137,3137,C
5-NP,471,0,3128,0,1,3129,T
5-NP,472,0,5,3170,0,3175,G
5-NP,473,1,5,3179,1,3186,G
5-NP,474,3179,1,1,0,3181,A
5-NP,475,3191,0,2,0,3193,A
5-NP,476,1,3191,0,0,3192,T
5-NP,477,1,7,3175,0,3183,G
5-NP,478,0,4,3187,0,3191,G
5-NP,479,3230,1,6,0,3237,A
5-NP,480,1,3264,0,2,3267,T
5-NP,481,3,1,0,3266,3270,C
5-NP,482,1,2,0,3267,3270,C
5-NP,483,5,0,0,3275,3280,C
5-NP,484,3300,0,1,0,3301,A
5-NP,485,0,4,3321,0,3325,G
5-NP,486,3321,0,1,0,3322,A
5-NP,487,3322,0,0,0,3322,A
5-NP,488,0,3310,0,0,3310,T
5-NP,489,2,0,3339,0,3341,G
5-NP,490,1,3325,0,2,3328,T
5-NP,491,2,0,3349,0,3351,G
5-NP,492,0,0,0,3352,3352,C
5-NP,493,0,3334,0,3,3337,T
5-NP,494,6,3,0,3527,3536,C
5-NP,495,2,3516,1,0,3519,T
5-NP,496,1,0,0,3653,3654,C
5-NP,497,1,3643,1,4,3649,T
5-NP,498,0,4,3653,0,3657,G
5-NP,499,3676,0,3,0,3679,A
5-NP,500,1,3664,1,2,3668,T
5-NP,501,1,0,3665,1,3667,G
5-NP,502,3,2,0,3658,3663,C
5-NP,503,3584,1,2,0,3587,A
5-NP,504,1,8,3667,0,3676,G
5-NP,505,0,9,3611,0,3620,G
5-NP,506,2,0,3659,0,3661,G
5-NP,507,0,0,1,3655,3656,C
5-NP,508,1,3634,0,4,3639,T
5-NP,509,4,1,2,3659,3666,C
5-NP,510,0,15,3647,0,3662,G
5-NP,511,3710,0,5,0,3715,A
5-NP,512,0,1,0,3716,3717,C
5-NP,513,1,3666,2,4,3673,T
5-NP,514,7,1,0,3842,3850,C
5-NP,515,1,3834,1,3,3839,T
5-NP,516,6,3,0,4364,4373,C
5-NP,517,4,0,0,4390,4394,C
5-NP,518,6,1,0,4387,4394,C
5-NP,519,1,4392,0,1,4394,T
5-NP,520,4376,0,1,0,4377,A
5-NP,521,0,3,4370,0,4373,G
5-NP,522,4371,0,0,0,4371,A
5-NP,523,4277,0,0,1,4278,A
5-NP,524,1,6,4286,0,4293,G
5-NP,525,1,0,4273,0,4274,G
5-NP,526,0,4221,0,2,4223,T
5-NP,527,5,1,0,4210,4216,C
5-NP,528,4,1,0,4215,4220,C
5-NP,529,0,4,4216,0,4220,G
5-NP,530,2,6,4251,0,4259,G
5-NP,531,4249,0,3,1,4253,A
5-NP,532,10,1,4271,0,4282,G
5-NP,533,2,0,0,4296,4298,C
5-NP,534,3,4253,0,6,4262,T
5-NP,535,3,0,4262,0,4265,G
5-NP,536,0,0,1,4278,4279,C
5-NP,537,4273,1,6,1,4281,A
5-NP,538,0,4,4283,0,4287,G
5-NP,539,1,2,4311,0,4314,G
5-NP,540,1,4307,0,1,4309,T
5-NP,541,3,3,4269,1,4276,G
5-NP,542,0,2,0,4287,4289,C
5-NP,543,1,4284,0,7,4292,T
5-NP,544,0,3,4292,1,4296,G
5-NP,545,1,1,0,4287,4289,C
5-NP,546,4330,0,0,0,4330,A
5-NP,547,1,1,4394,0,4396,G
5-NP,548,0,4365,0,3,4368,T
5-NP,549,7,1,0,4371,4379,C
5-NP,550,4376,1,1,0,4378,A
5-NP,551,4376,2,2,0,4380,A
5-NP,552,4368,1,5,0,4374,A
5-NP,553,1,5,4397,0,4403,G
5-NP,554,2,12,4415,0,4429,G
5-NP,555,4406,1,4,1,4412,A
5-NP,556,4391,1,1,1,4394,A
5-NP,557,0,4381,0,4,4385,T
5-NP,558,5,4,0,4378,4387,C
5-NP,559,4,11,4378,0,4393,G
5-NP,560,4,10,4478,1,4493,G
5-NP,561,2,10,4485,0,4497,G
5-NP,562,4497,1,5,0,4503,A
5-NP,563,1,1,0,4511,4513,C
5-NP,564,4475,1,1,0,4477,A
5-NP,565,4564,0,4,1,4569,A
5-NP,566,0,4581,0,2,4583,T
5-NP,567,2,3,4596,1,4602,G
5-NP,568,3,0,4630,0,4633,G
5-NP,569,0,4565,1,6,4572,T
5-NP,570,1,8,4573,0,4582,G
5-NP,571,4574,0,5,0,4579,A
5-NP,572,0,4567,0,2,4569,T
5-NP,573,3,3,4567,0,4573,G
5-NP,574,0,10,4635,0,4645,G
5-NP,575,4647,0,3,0,4650,A
5-NP,576,4649,0,1,0,4650,A
5-NP,577,1,0,0,4622,4623,C
5-NP,578,0,4603,0,0,4603,T
5-NP,579,4593,0,2,0,4595,A
5-NP,580,4794,1,5,0,4800,A
5-NP,581,1,4798,0,2,4801,T
5-NP,582,6,0,0,4812,4818,C
5-NP,583,4728,2,1,0,4731,A
5-NP,584,0,7,4786,0,4793,G
5-NP,585,4783,1,0,0,4784,A
5-NP,586,4773,0,3,2,4778,A
5-NP,587,2,4784,0,0,4786,T
5-NP,588,0,3,4741,1,4745,G
5-NP,589,0,1,4791,1,4793,G
5-NP,590,2,4782,1,6,4791,T
5-NP,591,16,1,0,4778,4795,C
5-NP,592,4796,2,2,1,4801,A
5-NP,593,4803,1,5,0,4809,A
5-NP,594,4813,0,3,1,4817,A
5-NP,595,0,3,0,4809,4812,C
5-NP,596,1,9,4791,1,4802,G
5-NP,597,1,6,4825,1,4833,G
5-NP,598,4,12,4763,0,4779,G
5-NP,599,1,5,4801,0,4807,G
5-NP,600,3,11,4804,0,4818,G
5-NP,601,4822,0,3,0,4825,A
5-NP,602,0,4785,0,7,4792,T
5-NP,603,9,1,0,4787,4797,C
5-NP,604,4792,0,3,0,4795,A
5-NP,605,4804,1,4,0,4809,A
5-NP,606,1,1,0,4747,4749,C
5-NP,607,0,4,4734,0,4738,G
5-NP,608,4723,3,2,0,4728,A
5-NP,609,3,4713,0,3,4719,T
5-NP,610,8,1,0,4709,4718,C
5-NP,611,0,6,4722,0,4728,G
5-NP,612,4731,2,0,0,4733,A
5-NP,613,4727,0,0,0,4727,A
5-NP,614,4722,1,1,0,4724,A
5-NP,615,3,4760,0,14,4777,T
5-NP,616,0,4763,2,0,4765,T
5-NP,617,0,4776,2,2,4780,T
5-NP,618,0,4796,0,0,4796,T
5-NP,619,3,4799,0,3,4805,T
5-NP,620,1,3,4801,1,4806,G
5-NP,621,1,6,4797,0,4804,G
5-NP,622,4774,1,5,0,4780,A
5-NP,623,1,6,4806,0,4813,G
5-NP,624,4773,0,0,0,4773,A
5-NP,625,1,2,4959,0,4962,G
5-NP,626,1,0,4973,0,4974,G
5-NP,627,2,4970,2,2,4976,T
5-NP,628,1,16,4964,0,4981,G
5-NP,629,4966,0,15,0,4981,A
5-NP,630,2,7,5006,0,5015,G
5-NP,631,5002,1,2,1,5006,A
5-NP,632,4988,3,3,1,4995,A
5-NP,633,0,4988,1,0,4989,T
5-NP,634,0,15,4845,0,4860,G
5-NP,635,1,5,4834,0,4840,G
5-NP,636,4780,1,7,0,4788,A
5-NP,637,2,2,0,4804,4808,C
5-NP,638,0,4,4811,2,4817,G
5-NP,639,1,4,4867,1,4873,G
5-NP,640,4871,0,1,0,4872,A
5-NP,641,4881,1,8,0,4890,A
5-NP,642,4932,2,2,0,4936,A
5-NP,643,4945,1,7,1,4954,A
5-NP,644,0,0,0,4975,4975,C
5-NP,645,4965,0,6,0,4971,A
5-NP,646,4966,0,2,0,4968,A
5-NP,647,0,3,4964,0,4967,G
5-NP,648,4845,0,1,0,4846,A
5-NP,649,4865,0,1,1,4867,A
5-NP,650,0,0,4949,0,4949,G
5-NP,651,0,4942,0,1,4943,T
5-NP,652,1,1,5147,0,5149,G
5-NP,653,0,2,0,5107,5109,C
5-NP,654,3,5111,1,7,5122,T
5-NP,655,1,5119,0,2,5122,T
5-NP,656,5182,0,2,0,5184,A
5-NP,657,1,5190,0,2,5193,T
5-NP,658,1,10,5206,0,5217,G
5-NP,659,5124,3,3,1,5131,A
5-NP,660,0,9,5141,0,5150,G
5-NP,661,4908,0,4,0,4912,A
5-NP,662,1,8,4923,0,4932,G
5-NP,663,4912,0,1,0,4913,A
5-NP,664,4948,2,2,0,4952,A
5-NP,665,0,4913,1,1,4915,T
5-NP,666,1,3,4967,0,4971,G
5-NP,667,0,4939,0,11,4950,T
5-NP,668,0,0,4962,0,4962,G
5-NP,669,3,4,0,4935,4942,C
5-NP,670,4932,1,5,0,4938,A
5-NP,671,4928,1,4,0,4933,A
5-NP,672,0,1,0,4918,4919,C
5-NP,673,4890,0,0,0,4890,A
5-NP,674,0,4902,0,0,4902,T
5-NP,675,1,4846,0,6,4853,T
5-NP,676,10,0,0,4865,4875,C
5-NP,677,2,4849,1,4,4856,T
5-NP,678,0,4865,0,1,4866,T
5-NP,679,4866,1,2,0,4869,A
5-NP,680,4848,0,2,2,4852,A
5-NP,681,4850,1,4,1,4856,A
5-NP,682,0,4,4855,1,4860,G
5-NP,683,0,5,4848,0,4853,G
5-NP,684,4842,2,2,0,4846,A
5-NP,685,4835,1,2,0,4838,A
5-NP,686,4838,0,1,1,4840,A
5-NP,687,4902,0,0,0,4902,A
5-NP,688,1,4880,0,1,4882,T
5-NP,689,0,4886,0,3,4889,T
5-NP,690,0,4905,0,2,4907,T
5-NP,691,8,0,0,4913,4921,C
5-NP,692,4914,0,2,0,4916,A
5-NP,693,4913,0,1,0,4914,A
5-NP,694,4913,0,2,0,4915,A
5-NP,695,0,0,0,4957,4957,C
5-NP,696,4880,1,2,0,4883,A
5-NP,697,1,1,4960,0,4962,G
5-NP,698,2,0,0,4956,4958,C
5-NP,699,1,4945,0,4,4950,T
5-NP,700,1,2,5043,0,5046,G
5-NP,701,2,0,0,5030,5032,C
5-NP,702,5060,1,7,0,5068,A
5-NP,703,0,1,0,5073,5074,C
5-NP,704,5032,0,0,0,5032,A
5-NP,705,5037,0,3,0,5040,A
5-NP,706,4944,0,3,0,4947,A
5-NP,707,0,10,5099,0,5109,G
5-NP,708,5083,0,5,0,5088,A
5-NP,709,2,1,5109,0,5112,G
5-NP,710,0,2,0,5093,5095,C
5-NP,711,5089,0,0,0,5089,A
5-NP,712,5215,0,6,1,5222,A
5-NP,713,2,5211,0,3,5216,T
5-NP,714,1,6,5230,0,5237,G
5-NP,715,3,2,5256,0,5261,G
5-NP,716,0,5099,1,16,5116,T
5-NP,717,2,13,5106,1,5122,G
5-NP,718,2,10,5129,2,5143,G
5-NP,719,5140,1,2,0,5143,A
5-NP,720,0,5125,0,1,5126,T
5-NP,721,8,0,0,5011,5019,C
5-NP,722,5031,1,4,0,5036,A
5-NP,723,5083,0,5,0,5088,A
5-NP,724,0,0,5102,0,5102,G
5-NP,725,0,5073,0,1,5074,T
5-NP,726,1,9,5058,1,5069,G
5-NP,727,4990,1,5,0,4996,A
5-NP,728,0,8,5013,0,5021,G
5-NP,729,4989,2,9,0,5000,A
5-NP,730,0,4,5016,0,5020,G
5-NP,731,4967,3,2,0,4972,A
5-NP,732,4896,0,0,0,4896,A
5-NP,733,4905,0,10,1,4916,A
5-NP,734,14,1,4915,0,4930,G
5-NP,735,1,4894,0,21,4916,T
5-NP,736,8,1,0,4901,4910,C
5-NP,737,3,5,4889,0,4897,G
5-NP,738,0,9,4903,0,4912,G
5-NP,739,4906,0,5,0,4911,A
5-NP,740,4920,3,4,0,4927,A
5-NP,741,3,1,0,4926,4930,C
5-NP,742,9,2,0,4889,4900,C
5-NP,743,9,2,0,4907,4918,C
5-NP,744,4908,1,6,0,4915,A
5-NP,745,0,6,4929,0,4935,G
5-NP,746,0,4,4923,1,4928,G
5-NP,747,4915,1,3,0,4919,A
5-NP,748,4903,0,19,0,4922,A
5-NP,749,4911,0,3,0,4914,A
5-NP,750,3,3,0,4894,4900,C
5-NP,751,2,2,4891,0,4895,G
5-NP,752,0,1,0,4889,4890,C
5-NP,753,1,4877,0,3,4881,T
5-NP,754,2,2,4888,0,4892,G
5-NP,755,4870,0,3,0,4873,A
5-NP,756,0,2,4953,0,4955,G
5-NP,757,4997,1,3,0,5001,A
5-NP,758,2,5003,0,2,5007,T
5-NP,759,6,1,0,4935,4942,C
5-NP,760,3,5,4944,0,4952,G
5-NP,761,4945,1,2,0,4948,A
5-NP,762,4936,1,3,1,4941,A
5-NP,763,0,10,4927,0,4937,G
5-NP,764,4923,1,2,0,4926,A
5-NP,765,2,2,0,4773,4777,C
5-NP,766,2,1,0,4931,4934,C
5-NP,767,0,4932,1,9,4942,T
5-NP,768,9,0,0,4961,4970,C
5-NP,769,4980,0,0,0,4980,A
5-NP,770,0,4980,0,0,4980,T
5-NP,771,4983,0,1,1,4985,A
5-NP,772,1,4961,0,0,4962,T
5-NP,773,0,4918,1,1,4920,T
5-NP,774,0,4822,0,0,4822,T
5-NP,775,2,4784,1,2,4789,T
5-NP,776,0,4791,0,7,4798,T
5-NP,777,4797,0,2,0,4799,A
5-NP,778,1,1,4800,0,4802,G
5-NP,779,0,1,0,4795,4796,C
5-NP,780,4784,0,3,0,4787,A
5-NP,781,4775,2,4,1,4782,A
5-NP,782,0,3,4921,0,4924,G
5-NP,783,4923,0,2,0,4925,A
5-NP,784,0,4923,0,1,4924,T
5-NP,785,0,1,1,4947,4949,C
5-NP,786,7,4916,0,6,4929,T
5-NP,787,3,0,5044,1,5048,G
5-NP,788,0,3,0,5061,5064,C
5-NP,789,5067,1,1,0,5069,A
5-NP,790,2,5097,0,1,5100,T
5-NP,791,0,4916,0,2,4918,T
5-NP,792,1,6,5233,0,5240,G
5-NP,793,5327,1,2,0,5330,A
5-NP,794,0,5342,0,1,5343,T
5-NP,795,5343,0,3,0,5346,A
5-NP,796,0,5253,0,3,5256,T
5-NP,797,1,5228,0,1,5230,T
5-NP,798,30,11,5232,0,5273,G
5-NP,799,5218,0,4,1,5223,A
5-NP,800,1,5,5254,0,5260,G
5-NP,801,4996,0,12,0,5008,A
5-NP,802,0,9,4933,0,4942,G
5-NP,803,1,3,4996,1,5001,G
5-NP,804,4979,1,3,0,4983,A
5-NP,805,2,4974,0,4,4980,T
5-NP,806,7,0,0,5000,5007,C
5-NP,807,4975,0,1,0,4976,A
5-NP,808,0,0,4998,0,4998,G
5-NP,809,0,4972,0,2,4974,T
5-NP,810,1,4949,0,1,4951,T
5-NP,811,3,4,4948,0,4955,G
5-NP,812,0,1,0,4911,4912,C
5-NP,813,0,4901,0,11,4912,T
5-NP,814,18,0,0,4928,4946,C
5-NP,815,4950,2,1,0,4953,A
5-NP,816,1,1,0,4958,4960,C
5-NP,817,4945,0,2,0,4947,A
5-NP,818,4967,1,0,0,4968,A
5-NP,819,4970,1,0,0,4971,A
5-NP,820,0,4961,1,1,4963,T
5-NP,821,3,1,0,4975,4979,C
5-NP,822,0,4969,0,2,4971,T
5-NP,823,1,4950,0,2,4953,T
5-NP,824,1,2,4965,0,4968,G
5-NP,825,2,5,1,4953,4961,C
5-NP,826,7,15,0,4998,5020,C
5-NP,827,0,5007,0,6,5013,T
5-NP,828,5043,0,1,0,5044,A
5-NP,829,2,0,0,5041,5043,C
5-NP,830,8,1,0,5033,5042,C
5-NP,831,1,5017,0,4,5022,T
5-NP,832,2,2,5092,0,5096,G
5-NP,833,2,2,1,5079,5084,C
5-NP,834,6,0,0,5076,5082,C
5-NP,835,0,5003,1,3,5007,T
5-NP,836,2,2,5047,1,5052,G
5-NP,837,0,5013,2,5,5020,T
5-NP,838,0,2,5061,0,5063,G
5-NP,839,2,1,1,5089,5093,C
5-NP,840,5,2,5149,0,5156,G
5-NP,841,0,5080,0,2,5082,T
5-NP,842,5064,2,2,0,5068,A
5-NP,843,1,5057,1,3,5062,T
5-NP,844,0,6,5064,1,5071,G
5-NP,845,2,11,5200,0,5213,G
5-NP,846,5199,2,3,0,5204,A
5-NP,847,1,2,1,5125,5129,C
5-NP,848,5,1,0,5125,5131,C
5-NP,849,2,5045,1,11,5059,T
5-NP,850,16,1,5259,0,5276,G
5-NP,851,3,5,0,5275,5283,C
5-NP,852,5287,0,4,0,5291,A
5-NP,853,3,1,5344,0,5348,G
5-NP,854,0,5088,0,1,5089,T
5-NP,855,5278,0,3,0,5281,A
5-NP,856,0,5256,0,4,5260,T
5-NP,857,3,4,0,5223,5230,C
5-NP,858,5,1,0,5233,5239,C
5-NP,859,4971,1,2,1,4975,A
5-NP,860,3,5,4988,0,4996,G
5-NP,861,2,4964,1,2,4969,T
5-NP,862,3,8,4999,1,5011,G
5-NP,863,0,4,4991,1,4996,G
5-NP,864,0,4,4905,1,4910,G
5-NP,865,1,4905,1,1,4908,T
5-NP,866,4897,0,3,0,4900,A
5-NP,867,1,5,0,4896,4902,C
5-NP,868,18,14,4862,0,4894,G
5-NP,869,4855,0,4,1,4860,A
5-NP,870,0,0,0,4859,4859,C
5-NP,871,0,4730,0,5,4735,T
5-NP,872,0,4754,0,1,4755,T
5-NP,873,5,4,0,4735,4744,C
5-NP,874,3,10,4740,0,4753,G
5-NP,875,4757,1,0,0,4758,A
5-NP,876,4760,1,1,1,4763,A
5-NP,877,4757,2,1,0,4760,A
5-NP,878,4755,0,1,0,4756,A
5-NP,879,4719,0,20,1,4740,A
5-NP,880,1,4,4751,0,4756,G
5-NP,881,4753,0,6,0,4759,A
5-NP,882,1,17,4770,0,4788,G
5-NP,883,0,4,4806,0,4810,G
5-NP,884,0,6,4807,0,4813,G
5-NP,885,4826,0,4,0,4830,A
5-NP,886,3,4816,0,5,4824,T
5-NP,887,4837,0,2,0,4839,A
5-NP,888,2,4830,1,5,4838,T
5-NP,889,0,4849,2,4,4855,T
5-NP,890,11,0,0,4864,4875,C
5-NP,891,13,0,0,4837,4850,C
5-NP,892,1,4796,1,1,4799,T
5-NP,893,0,4798,1,1,4800,T
5-NP,894,3,8,4823,0,4834,G
5-NP,895,0,2,4861,0,4863,G
5-NP,896,0,4830,0,2,4832,T
5-NP,897,1,9,4795,0,4805,G
5-NP,898,3,5,4782,3,4793,G
5-NP,899,4,10,4978,0,4992,G
5-NP,900,4988,1,0,1,4990,A
5-NP,901,5001,0,0,0,5001,A
5-NP,902,0,4999,1,0,5000,T
5-NP,903,4917,1,3,0,4921,A
5-NP,904,1,6,4908,1,4916,G
5-NP,905,4883,0,8,0,4891,A
5-NP,906,4,1,0,4886,4891,C
5-NP,907,8,0,1,4817,4826,C
5-NP,908,10,0,0,4676,4686,C
5-NP,909,1,4718,1,14,4734,T
5-NP,910,2,4723,1,2,4728,T
5-NP,911,2,4738,0,1,4741,T
5-NP,912,9,0,1,4731,4741,C
5-NP,913,4723,2,3,0,4728,A
5-NP,914,4736,0,2,0,4738,A
5-NP,915,4717,0,4,1,4722,A
5-NP,916,1,0,0,4722,4723,C
5-NP,917,0,4601,1,3,4605,T
5-NP,918,4560,0,1,0,4561,A
5-NP,919,0,1,1,4604,4606,C
5-NP,920,1,4576,1,0,4578,T
5-NP,921,0,4576,1,0,4577,T
5-NP,922,2,0,0,4592,4594,C
5-NP,923,4588,0,1,1,4590,A
5-NP,924,4583,0,0,1,4584,A
5-NP,925,4560,1,1,0,4562,A
5-NP,926,4565,0,1,1,4567,A
5-NP,927,0,4534,0,0,4534,T
5-NP,928,4445,1,5,0,4451,A
5-NP,929,2,0,4522,1,4525,G
5-NP,930,3,2,0,4533,4538,C
5-NP,931,9,1,0,4560,4570,C
5-NP,932,4572,2,0,0,4574,A
5-NP,933,4587,0,2,0,4589,A
5-NP,934,4715,0,1,1,4717,A
5-NP,935,0,4725,1,0,4726,T
5-NP,936,4747,2,0,0,4749,A
5-NP,937,0,4742,0,0,4742,T
5-NP,938,4660,2,3,0,4665,A
5-NP,939,0,2,0,4671,4673,C
5-NP,940,4552,1,2,0,4555,A
5-NP,941,1,0,4644,0,4645,G
5-NP,942,0,2,0,4634,4636,C
5-NP,943,0,4500,1,7,4508,T
5-NP,944,2,4532,0,2,4536,T
5-NP,945,4560,1,1,0,4562,A
5-NP,946,4557,1,2,0,4560,A
5-NP,947,0,4562,0,2,4564,T
5-NP,948,4,1,0,4555,4560,C
5-NP,949,4391,4,2,0,4397,A
5-NP,950,1,5,4447,0,4453,G
5-NP,951,4453,0,1,0,4454,A
5-NP,952,3,8,0,4467,4478,C
5-NP,953,5,0,0,4435,4440,C
5-NP,954,1,4386,0,5,4392,T
5-NP,955,4408,0,1,0,4409,A
5-NP,956,4410,0,1,0,4411,A
5-NP,957,0,3,0,4426,4429,C
5-NP,958,1,7,4416,0,4424,G
5-NP,959,4319,2,2,1,4324,A
5-NP,960,0,6,4337,0,4343,G
5-NP,961,4308,0,3,0,4311,A
5-NP,962,4341,0,3,0,4344,A
5-NP,963,0,4323,0,2,4325,T
5-NP,964,6,1,4,4270,4281,C
5-NP,965,6,0,0,4276,4282,C
5-NP,966,4210,0,1,1,4212,A
5-NP,967,2,0,4237,0,4239,G
5-NP,968,3,1,0,4223,4227,C
5-NP,969,4265,2,1,0,4268,A
5-NP,970,0,0,0,4285,4285,C
5-NP,971,4234,2,2,0,4238,A
5-NP,972,1,1,0,4237,4239,C
5-NP,973,4231,0,2,1,4234,A
5-NP,974,4234,1,5,2,4242,A
5-NP,975,0,9,4245,0,4254,G
5-NP,976,4212,0,3,0,4215,A
5-NP,977,0,0,4231,0,4231,G
5-NP,978,0,4157,0,4,4161,T
5-NP,979,10,0,0,4138,4148,C
5-NP,980,4122,1,3,0,4126,A
5-NP,981,0,1,4123,0,4124,G
5-NP,982,1,1,0,4118,4120,C
5-NP,983,0,4072,0,3,4075,T
5-NP,984,0,3,4106,0,4109,G
5-NP,985,0,0,4116,0,4116,G
5-NP,986,0,4093,0,1,4094,T
5-NP,987,0,2,4118,0,4120,G
5-NP,988,0,4087,0,5,4092,T
5-NP,989,1,9,4080,1,4091,G
5-NP,990,0,6,4071,1,4078,G
5-NP,991,4044,0,3,0,4047,A
5-NP,992,1,4055,0,3,4059,T
5-NP,993,0,10,3896,1,3907,G
5-NP,994,1,0,3881,0,3882,G
5-NP,995,1,1,0,3873,3875,C
5-NP,996,3839,0,2,0,3841,A
5-NP,997,2,3836,0,6,3844,T
5-NP,998,2,0,3813,1,3816,G
5-NP,999,1,0,0,3839,3840,C
5-NP,1000,9,2,0,3835,3846,C
5-NP,1001,3846,0,2,0,3848,A
5-NP,1002,0,3837,0,3,3840,T
5-NP,1003,0,3775,0,1,3776,T
5-NP,1004,7,0,0,3777,3784,C
5-NP,1005,2,3751,0,1,3754,T
5-NP,1006,0,0,3755,0,3755,G
5-NP,1007,1,1,0,3743,3745,C
5-NP,1008,1,3619,0,6,3626,T
5-NP,1009,0,2,3641,0,3643,G
5-NP,1010,0,1,0,3600,3601,C
5-NP,1011,3597,0,0,0,3597,A
5-NP,1012,0,3599,1,3,3603,T
5-NP,1013,2,3558,0,1,3561,T
5-NP,1014,0,3563,0,0,3563,T
5-NP,1015,0,3,3559,0,3562,G
5-NP,1016,3560,0,1,0,3561,A
5-NP,1017,3559,0,2,0,3561,A
5-NP,1018,0,0,3574,0,3574,G
5-NP,1019,3564,0,2,0,3566,A
5-NP,1020,1,3549,0,1,3551,T
5-NP,1021,1,3540,0,3,3544,T
5-NP,1022,1,3548,0,1,3550,T
5-NP,1023,3541,2,2,0,3545,A
5-NP,1024,3546,1,2,0,3549,A
5-NP,1025,0,5,3544,0,3549,G
5-NP,1026,3548,0,1,0,3549,A
5-NP,1027,3,3527,1,0,3531,T
5-NP,1028,0,3451,0,2,3453,T
5-NP,1029,2,1,3473,0,3476,G
5-NP,1030,0,3454,0,11,3465,T
5-NP,1031,0,3459,0,2,3461,T
5-NP,1032,3460,1,2,0,3463,A
5-NP,1033,3474,0,2,1,3477,A
5-NP,1034,0,1,3484,0,3485,G
5-NP,1035,1,0,0,3477,3478,C
5-NP,1036,1,3396,0,5,3402,T
5-NP,1037,1,3398,0,2,3401,T
5-NP,1038,3,0,0,3409,3412,C
5-NP,1039,3404,0,4,1,3409,A
5-NP,1040,0,3396,0,3,3399,T
5-NP,1041,2,0,0,3399,3401,C
5-NP,1042,3365,1,2,0,3368,A
5-NP,1043,2,1,3369,1,3373,G
5-NP,1044,3323,2,6,0,3331,A
5-NP,1045,1,5,3329,0,3335,G
5-NP,1046,0,5,3309,0,3314,G
5-NP,1047,2,2,3295,1,3300,G
5-NP,1048,3287,3,8,0,3298,A
5-NP,1049,0,0,0,3300,3300,C
5-NP,1050,3299,1,0,0,3300,A
5-NP,1051,3303,0,2,0,3305,A
5-NP,1052,3304,0,1,0,3305,A
5-NP,1053,3304,0,1,1,3306,A
5-NP,1054,0,1,3315,0,3316,G
5-NP,1055,1,3232,0,5,3238,T
5-NP,1056,3207,1,7,0,3215,A
5-NP,1057,0,3194,1,4,3199,T
5-NP,1058,2,0,0,3202,3204,C
5-NP,1059,0,3179,0,6,3185,T
5-NP,1060,5,0,0,3182,3187,C
5-NP,1061,3,0,0,3161,3164,C
5-NP,1062,0,3124,0,0,3124,T
5-NP,1063,4,0,2,3123,3129,C
5-NP,1064,3,7,3115,0,3125,G
5-NP,1065,1,1,3134,0,3136,G
5-NP,1066,0,9,3130,0,3139,G
5-NP,1067,3,5,3114,1,3123,G
5-NP,1068,8,7,3108,0,3123,G
5-NP,1069,3055,0,0,0,3055,A
5-NP,1070,3053,0,1,0,3054,A
5-NP,1071,3056,0,4,0,3060,A
5-NP,1072,0,2,0,3062,3064,C
5-NP,1073,0,3040,0,2,3042,T
5-NP,1074,1,0,3047,0,3048,G
5-NP,1075,2,3020,0,5,3027,T
5-NP,1076,11,2,1,3012,3026,C
5-NP,1077,3058,0,5,0,3063,A
5-NP,1078,3068,1,1,0,3070,A
5-NP,1079,0,2,0,3071,3073,C
5-NP,1080,0,3067,0,2,3069,T
5-NP,1081,3002,0,1,0,3003,A
5-NP,1082,0,1,3005,0,3006,G
5-NP,1083,2949,0,0,0,2949,A
5-NP,1084,0,2,2954,0,2956,G
5-NP,1085,0,2,2942,0,2944,G
5-NP,1086,2802,1,1,0,2804,A
5-NP,1087,0,0,2836,0,2836,G
5-NP,1088,0,2793,0,3,2796,T
5-NP,1089,2799,0,3,0,2802,A
5-NP,1090,1,0,0,2796,2797,C
5-NP,1091,2761,0,1,0,2762,A
5-NP,1092,2765,0,1,0,2766,A
5-NP,1093,2747,0,0,0,2747,A
5-NP,1094,1,2711,0,1,2713,T
5-NP,1095,0,2701,0,0,2701,T
5-NP,1096,0,0,2616,0,2616,G
5-NP,1097,1,0,0,2588,2589,C
5-NP,1098,0,2581,1,0,2582,T
5-NP,1099,2,2574,0,4,2580,T
5-NP,1100,5,0,0,2573,2578,C
5-NP,1101,2578,0,0,2,2580,A
5-NP,1102,2580,0,0,0,2580,A
5-NP,1103,2579,0,1,0,2580,A
5-NP,1104,0,2582,0,1,2583,T
5-NP,1105,1,6,2572,0,2579,G
5-NP,1106,2536,0,2,0,2538,A
5-NP,1107,0,6,2537,0,2543,G
5-NP,1108,2523,0,25,0,2548,A
5-NP,1109,2546,0,0,0,2546,A
5-NP,1110,1,1,0,2532,2534,C
5-NP,1111,2501,0,0,0,2501,A
5-NP,1112,1,2503,0,1,2505,T
5-NP,1113,2,4,2513,1,2520,G
5-NP,1114,0,1,2527,0,2528,G
5-NP,1115,2522,0,4,0,2526,A
5-NP,1116,1,2462,0,1,2464,T
5-NP,1117,2431,0,0,0,2431,A
5-NP,1118,2487,0,0,0,2487,A
5-NP,1119,1,2438,0,1,2440,T
5-NP,1120,2426,1,0,0,2427,A
5-NP,1121,0,2412,0,0,2412,T
5-NP,1122,2,5,2176,0,2183,G
5-NP,1123,1,4,2132,0,2137,G
5-NP,1124,0,2,2118,1,2121,G
5-NP,1125,2105,1,0,0,2106,A
5-NP,1126,0,2108,0,0,2108,T
5-NP,1127,4,0,0,1598,1602,C
5-NP,1128,1,4,1597,0,1602,G
5-NP,1129,1595,0,0,2,1597,A
5-NP,1130,1,0,1600,0,1601,G
5-NP,1131,0,0,0,1595,1595,C
5-NP,1132,1568,0,1,1,1570,A
5-NP,1133,0,2,0,1597,1599,C
5-NP,1134,4,1553,0,0,1557,T
5-NP,1135,7,1,0,1558,1566,C
5-NP,1136,1,1551,0,3,1555,T
5-NP,1137,0,1542,0,0,1542,T
5-NP,1138,0,0,1543,0,1543,G
5-NP,1139,1527,0,1,0,1528,A
5-NP,1140,1535,0,1,0,1536,A
5-NP,1141,0,0,0,1533,1533,C
5-NP,1142,0,1062,0,1,1063,T
5-NP,1143,0,0,1067,0,1067,G
5-NP,1144,1016,0,3,0,1019,A
5-NP,1145,0,0,1021,0,1021,G
5-NP,1146,1023,0,0,0,1023,A
5-NP,1147,993,0,0,0,993,A
5-NP,1148,0,0,995,0,995,G
5-NP,1149,3,0,0,950,953,C
5-NP,1150,1,1,944,0,946,G
5-NP,1151,1,0,944,0,945,G
5-NP,1152,2,0,908,0,910,G
5-NP,1153,0,898,0,0,898,T
5-NP,1154,865,0,0,0,865,A
5-NP,1155,0,0,1,858,859,C
5-NP,1156,0,655,0,0,655,T
5-NP,1157,1,1,641,0,643,G
5-NP,1158,0,0,614,0,614,G
5-NP,1159,0,0,599,0,599,G
5-NP,1160,0,0,0,584,584,C
5-NP,1161,0,0,0,518,518,C
5-NP,1162,521,0,0,0,521,A
5-NP,1163,0,520,0,0,520,T
5-NP,1164,522,0,0,0,522,A
5-NP,1165,522,0,0,0,522,A
5-NP,1166,1,1,514,0,516,G
5-NP,1167,0,1,530,0,531,G
5-NP,1168,514,0,1,0,515,A
5-NP,1169,1,1,0,509,511,C
5-NP,1170,0,0,0,512,512,C
5-NP,1171,508,0,1,0,509,A
5-NP,1172,0,0,519,0,519,G
5-NP,1173,0,1,518,0,519,G
5-NP,1174,518,0,0,0,518,A
5-NP,1175,1,0,516,0,517,G
5-NP,1176,0,509,0,0,509,T
5-NP,1177,0,0,510,0,510,G
5-NP,1178,0,2,517,0,519,G
5-NP,1179,517,0,0,0,517,A
5-NP,1180,0,0,518,0,518,G
5-NP,1181,0,1,506,0,507,G
5-NP,1182,502,0,0,0,502,A
5-NP,1183,500,1,1,0,502,A
5-NP,1184,501,0,0,0,501,A
5-NP,1185,0,1,0,500,501,C
5-NP,1186,502,0,0,0,502,A
5-NP,1187,0,0,0,505,505,C
5-NP,1188,0,500,1,0,501,T
5-NP,1189,509,0,0,0,509,A
5-NP,1190,511,0,0,0,511,A
5-NP,1191,0,504,0,0,504,T
5-NP,1192,0,2,0,516,518,C
5-NP,1193,506,0,1,0,507,A
5-NP,1194,508,0,1,0,509,A
5-NP,1195,0,0,0,511,511,C
5-NP,1196,494,0,0,0,494,A
5-NP,1197,0,1,493,0,494,G
5-NP,1198,482,0,1,0,483,A
5-NP,1199,0,1,481,0,482,G
5-NP,1200,0,0,481,0,481,G
5-NP,1201,0,0,477,0,477,G
5-NP,1202,0,0,0,479,479,C
5-NP,1203,0,0,0,477,477,C
5-NP,1204,0,467,0,0,467,T
5-NP,1205,0,0,0,475,475,C
5-NP,1206,0,0,0,481,481,C
5-NP,1207,0,0,482,0,482,G
5-NP,1208,0,0,0,478,478,C
5-NP,1209,468,1,2,0,471,A
5-NP,1210,0,0,498,0,498,G
5-NP,1211,0,0,490,0,490,G
5-NP,1212,0,0,0,498,498,C
5-NP,1213,1,0,0,503,504,C
5-NP,1214,503,0,0,0,503,A
5-NP,1215,502,0,0,0,502,A
5-NP,1216,501,0,0,0,501,A
5-NP,1217,0,0,0,506,506,C
5-NP,1218,0,0,0,508,508,C
5-NP,1219,484,0,0,0,484,A
5-NP,1220,0,0,491,0,491,G
5-NP,1221,0,486,0,0,486,T
5-NP,1222,0,0,488,0,488,G
5-NP,1223,0,486,0,0,486,T
5-NP,1224,0,0,488,0,488,G
5-NP,1225,0,0,0,488,488,C
5-NP,1226,480,1,0,0,481,A
5-NP,1227,491,0,1,0,492,A
5-NP,1228,0,0,0,488,488,C
5-NP,1229,0,0,0,489,489,C
5-NP,1230,0,482,0,1,483,T
5-NP,1231,483,0,1,0,484,A
5-NP,1232,0,0,0,482,482,C
5-NP,1233,0,0,482,0,482,G
5-NP,1234,0,480,0,0,480,T
5-NP,1235,0,484,0,0,484,T
5-NP,1236,0,481,0,0,481,T
5-NP,1237,0,479,0,0,479,T
5-NP,1238,0,0,0,479,479,C
5-NP,1239,0,474,0,0,474,T
5-NP,1240,0,0,482,0,482,G
5-NP,1241,0,483,0,0,483,T
5-NP,1242,482,0,1,0,483,A
5-NP,1243,0,0,0,487,487,C
5-NP,1244,480,0,0,0,480,A
5-NP,1245,482,0,1,0,483,A
5-NP,1246,481,0,0,0,481,A
5-NP,1247,0,0,482,0,482,G
5-NP,1248,483,0,0,0,483,A
5-NP,1249,462,0,1,0,463,A
5-NP,1250,461,0,1,0,462,A
5-NP,1251,0,0,0,461,461,C
5-NP,1252,0,0,0,456,456,C
5-NP,1253,0,453,0,1,454,T
5-NP,1254,1,0,0,456,457,C
5-NP,1255,0,0,0,458,458,C
5-NP,1256,0,0,0,458,458,C
5-NP,1257,457,0,0,0,457,A
5-NP,1258,0,458,0,0,458,T
5-NP,1259,0,461,0,0,461,T
5-NP,1260,0,456,0,1,457,T
5-NP,1261,0,0,457,0,457,G
5-NP,1262,453,0,1,0,454,A
5-NP,1263,456,0,0,0,456,A
5-NP,1264,457,0,0,0,457,A
5-NP,1265,455,0,0,0,455,A
5-NP,1266,0,0,461,0,461,G
5-NP,1267,0,460,0,1,461,T
5-NP,1268,1,0,0,462,463,C
5-NP,1269,460,0,1,0,461,A
5-NP,1270,464,0,1,0,465,A
5-NP,1271,0,0,0,466,466,C
5-NP,1272,0,0,0,467,467,C
5-NP,1273,468,0,1,0,469,A
5-NP,1274,0,472,0,0,472,T
5-NP,1275,0,1,0,463,464,C
5-NP,1276,460,0,1,0,461,A
5-NP,1277,0,460,0,0,460,T
5-NP,1278,0,1,461,0,462,G
5-NP,1279,0,0,460,0,460,G
5-NP,1280,0,0,0,459,459,C
5-NP,1281,450,0,3,0,453,A
5-NP,1282,0,0,450,0,450,G
5-NP,1283,0,0,0,449,449,C
5-NP,1284,449,0,0,0,449,A
5-NP,1285,0,447,0,0,447,T
5-NP,1286,0,444,0,0,444,T
5-NP,1287,1,0,0,442,443,C
5-NP,1288,438,0,0,0,438,A
5-NP,1289,1,0,0,440,441,C
5-NP,1290,0,438,0,0,438,T
5-NP,1291,0,0,442,0,442,G
5-NP,1292,0,0,449,0,449,G
5-NP,1293,445,0,0,0,445,A
5-NP,1294,445,0,0,0,445,A
5-NP,1295,446,0,0,0,446,A
5-NP,1296,0,440,0,0,440,T
5-NP,1297,441,0,0,0,441,A
5-NP,1298,0,0,0,438,438,C
5-NP,1299,0,1,438,0,439,G
5-NP,1300,0,0,435,0,435,G
5-NP,1301,424,0,0,0,424,A
5-NP,1302,0,2,429,0,431,G
5-NP,1303,1,0,430,0,431,G
5-NP,1304,1,0,431,0,432,G
5-NP,1305,430,0,0,0,430,A
5-NP,1306,429,0,1,0,430,A
5-NP,1307,0,0,431,0,431,G
5-NP,1308,428,0,1,0,429,A
5-NP,1309,428,0,0,0,428,A
5-NP,1310,0,0,0,430,430,C
5-NP,1311,0,423,0,0,423,T
5-NP,1312,1,427,0,0,428,T
5-NP,1313,1,0,0,425,426,C
5-NP,1314,426,1,0,0,427,A
5-NP,1315,0,0,429,0,429,G
5-NP,1316,425,0,1,0,426,A
5-NP,1317,0,0,0,424,424,C
5-NP,1318,422,0,0,0,422,A
5-NP,1319,0,408,0,1,409,T
5-NP,1320,0,0,410,0,410,G
5-NP,1321,402,0,0,0,402,A
5-NP,1322,0,0,405,0,405,G
5-NP,1323,5,0,399,0,404,G
5-NP,1324,0,0,402,0,402,G
5-NP,1325,0,0,0,403,403,C
5-NP,1326,402,0,1,0,403,A
5-NP,1327,0,1,401,0,402,G
5-NP,1328,403,0,0,0,403,A
5-NP,1329,406,0,0,0,406,A
5-NP,1330,408,0,0,0,408,A
5-NP,1331,0,401,0,0,401,T
5-NP,1332,1,0,0,403,404,C
5-NP,1333,405,0,0,0,405,A
5-NP,1334,0,404,0,0,404,T
5-NP,1335,402,0,1,0,403,A
5-NP,1336,402,0,0,0,402,A
5-NP,1337,0,0,406,0,406,G
5-NP,1338,399,0,0,0,399,A
5-NP,1339,405,0,0,0,405,A
5-NP,1340,0,398,0,0,398,T
5-NP,1341,0,0,397,0,397,G
5-NP,1342,395,0,0,0,395,A
5-NP,1343,0,395,0,0,395,T
5-NP,1344,0,0,394,0,394,G
5-NP,1345,0,2,395,0,397,G
5-NP,1346,394,0,1,0,395,A
5-NP,1347,391,0,1,0,392,A
5-NP,1348,378,0,1,0,379,A
5-NP,1349,0,0,383,0,383,G
5-NP,1350,0,381,0,0,381,T
5-NP,1351,1,0,381,0,382,G
5-NP,1352,0,0,1,381,382,C
5-NP,1353,382,0,0,0,382,A
5-NP,1354,383,0,0,0,383,A
5-NP,1355,382,0,0,0,382,A
5-NP,1356,386,0,0,0,386,A
5-NP,1357,0,0,0,384,384,C
5-NP,1358,0,0,0,384,384,C
5-NP,1359,383,0,1,0,384,A
5-NP,1360,0,0,385,0,385,G
5-NP,1361,385,1,0,0,386,A
5-NP,1362,385,0,1,0,386,A
5-NP,1363,1,2,385,0,388,G
5-NP,1364,386,0,1,0,387,A
5-NP,1365,373,0,0,0,373,A
5-NP,1366,0,0,374,0,374,G
5-NP,1367,0,367,0,0,367,T
5-NP,1368,0,0,369,0,369,G
5-NP,1369,0,366,0,1,367,T
5-NP,1370,0,0,0,369,369,C
5-NP,1371,368,0,0,0,368,A
5-NP,1372,0,369,0,0,369,T
5-NP,1373,0,365,0,0,365,T
5-NP,1374,2,0,0,370,372,C
5-NP,1375,3,1,0,365,369,C
5-NP,1376,0,0,367,1,368,G
5-NP,1377,1,0,364,0,365,G
5-NP,1378,1,3,362,1,367,G
5-NP,1379,0,0,373,0,373,G
5-NP,1380,0,0,374,0,374,G
5-NP,1381,358,0,1,0,359,A
5-NP,1382,0,0,361,0,361,G
5-NP,1383,0,2,357,0,359,G
5-NP,1384,0,0,357,0,357,G
5-NP,1385,0,1,355,0,356,G
5-NP,1386,352,0,1,1,354,A
5-NP,1387,0,0,354,0,354,G
5-NP,1388,0,351,0,0,351,T
5-NP,1389,0,0,0,351,351,C
5-NP,1390,0,349,0,0,349,T
5-NP,1391,0,353,0,2,355,T
5-NP,1392,0,0,0,354,354,C
5-NP,1393,0,0,353,0,353,G
5-NP,1394,354,0,0,0,354,A
5-NP,1395,0,0,356,0,356,G
5-NP,1396,0,0,0,350,350,C
5-NP,1397,0,354,0,0,354,T
5-NP,1398,0,0,0,354,354,C
5-NP,1399,0,347,0,0,347,T
5-NP,1400,1,0,0,350,351,C
5-NP,1401,351,0,0,0,351,A
5-NP,1402,0,0,351,0,351,G
5-NP,1403,351,0,1,0,352,A
5-NP,1404,1,0,0,353,354,C
5-NP,1405,0,2,349,0,351,G
5-NP,1406,348,0,0,0,348,A
5-NP,1407,0,0,349,0,349,G
5-NP,1408,349,0,0,0,349,A
5-NP,1409,346,0,1,0,347,A
5-NP,1410,1,0,346,0,347,G
5-NP,1411,0,0,346,0,346,G
5-NP,1412,0,0,0,348,348,C
5-NP,1413,345,0,0,0,345,A
5-NP,1414,346,0,0,0,346,A
5-NP,1415,0,0,0,344,344,C
5-NP,1416,0,1,345,0,346,G
5-NP,1417,346,0,0,0,346,A
5-NP,1418,346,0,0,0,346,A
5-NP,1419,0,0,0,344,344,C
5-NP,1420,1,0,0,344,345,C
5-NP,1421,0,0,0,342,342,C
5-NP,1422,0,0,341,0,341,G
5-NP,1423,344,0,0,0,344,A
5-NP,1424,1,340,0,0,341,T
5-NP,1425,1,0,0,334,335,C
5-NP,1426,0,0,336,0,336,G
5-NP,1427,0,334,0,0,334,T
5-NP,1428,0,0,336,0,336,G
5-NP,1429,0,0,0,335,335,C
5-NP,1430,2,0,1,328,331,C
5-NP,1431,0,0,0,332,332,C
5-NP,1432,0,330,0,1,331,T
5-NP,1433,0,0,0,336,336,C
5-NP,1434,0,330,0,2,332,T
5-NP,1435,0,337,1,0,338,T
5-NP,1436,0,338,0,0,338,T
5-NP,1437,0,333,0,0,333,T
5-NP,1438,2,1,331,0,334,G
5-NP,1439,331,0,0,0,331,A
5-NP,1440,0,330,0,0,330,T
5-NP,1441,328,0,0,0,328,A
5-NP,1442,0,282,0,1,283,T
5-NP,1443,0,0,286,0,286,G
5-NP,1444,284,0,0,0,284,A
5-NP,1445,0,0,287,0,287,G
5-NP,1446,0,285,0,0,285,T
5-NP,1447,274,0,0,0,274,A
5-NP,1448,273,0,0,0,273,A
5-NP,1449,0,274,0,0,274,T
5-NP,1450,0,0,274,0,274,G
5-NP,1451,274,0,0,0,274,A
5-NP,1452,237,0,2,0,239,A
5-NP,1453,0,0,238,0,238,G
5-NP,1454,0,0,227,0,227,G
5-NP,1455,226,0,0,0,226,A
5-NP,1456,0,223,0,0,223,T
5-NP,1457,1,0,0,221,222,C
5-NP,1458,0,221,0,0,221,T
5-NP,1459,0,222,0,0,222,T
5-NP,1460,221,0,0,0,221,A
5-NP,1461,0,221,0,0,221,T
5-NP,1462,0,218,0,0,218,T
5-NP,1463,0,218,0,0,218,T
5-NP,1464,0,0,0,217,217,C
5-NP,1465,0,211,0,0,211,T
5-NP,1466,0,210,0,0,210,T
5-NP,1467,0,0,0,211,211,C
5-NP,1468,0,0,210,0,210,G
5-NP,1469,0,1,209,0,210,G
5-NP,1470,210,0,0,0,210,A
5-NP,1471,0,1,207,0,208,G
5-NP,1472,208,0,0,0,208,A
5-NP,1473,0,0,0,205,205,C
5-NP,1474,178,0,0,0,178,A
5-NP,1475,0,0,177,0,177,G
5-NP,1476,0,178,0,0,178,T
5-NP,1477,0,0,178,0,178,G
5-NP,1478,0,0,0,177,177,C
5-NP,1479,175,0,0,0,175,A
5-NP,1480,0,0,175,0,175,G
5-NP,1481,174,0,1,0,175,A
5-NP,1482,170,0,0,0,170,A
5-NP,1483,0,0,170,0,170,G
5-NP,1484,104,0,1,0,105,A
5-NP,1485,0,1,105,0,106,G
5-NP,1486,0,89,0,0,89,T
5-NP,1487,89,0,0,0,89,A
5-NP,1488,0,81,0,0,81,T
5-NP,1489,0,0,81,0,81,G
5-NP,1490,81,0,0,0,81,A
5-NP,1491,0,0,0,81,81,C
5-NP,1492,50,0,0,0,50,A
5-NP,1493,49,0,0,0,49,A
5-NP,1494,0,28,0,0,28,T
5-NP,1495,0,28,0,0,28,T
5-NP,1496,28,0,0,0,28,A
5-NP,1497,27,0,0,0,27,A
6-NA,1,159,0,0,0,159,A
6-NA,2,0,160,0,0,160,T
6-NA,3,0,0,161,0,161,G
6-NA,4,158,0,3,0,161,A
6-NA,5,170,0,0,0,170,A
6-NA,6,0,170,0,0,170,T
6-NA,7,0,0,0,170,170,C
6-NA,8,0,0,0,169,169,C
6-NA,9,170,0,0,0,170,A
6-NA,10,176,0,0,0,176,A
6-NA,11,177,0,0,0,177,A
6-NA,12,0,182,0,0,182,T
6-NA,13,0,0,0,183,183,C
6-NA,14,185,0,0,0,185,A
6-NA,15,185,0,1,0,186,A
6-NA,16,185,0,0,0,185,A
6-NA,17,193,0,0,0,193,A
6-NA,18,0,1,214,0,215,G
6-NA,19,220,0,0,0,220,A
6-NA,20,0,227,0,0,227,T
6-NA,21,228,0,1,0,229,A
6-NA,22,231,0,0,0,231,A
6-NA,23,0,232,0,0,232,T
6-NA,24,233,0,0,0,233,A
6-NA,25,238,0,0,0,238,A
6-NA,26,0,0,0,253,253,C
6-NA,27,0,0,261,0,261,G
6-NA,28,261,0,0,0,261,A
6-NA,29,0,261,0,0,261,T
6-NA,30,0,261,0,0,261,T
6-NA,31,0,0,262,0,262,G
6-NA,32,0,0,279,0,279,G
6-NA,33,0,0,0,283,283,C
6-NA,34,0,283,0,1,284,T
6-NA,35,0,0,0,296,296,C
6-NA,36,0,293,0,0,293,T
6-NA,37,0,0,314,0,314,G
6-NA,38,0,314,0,1,315,T
6-NA,39,0,316,0,0,316,T
6-NA,40,0,327,0,1,328,T
6-NA,41,0,0,0,330,330,C
6-NA,42,0,332,0,0,332,T
6-NA,43,0,0,0,334,334,C
6-NA,44,0,333,0,1,334,T
6-NA,45,0,1,0,338,339,C
6-NA,46,338,0,0,0,338,A
6-NA,47,0,0,0,353,353,C
6-NA,48,1,0,0,352,353,C
6-NA,49,355,0,0,0,355,A
6-NA,50,0,359,0,0,359,T
6-NA,51,0,373,0,1,374,T
6-NA,52,0,374,0,0,374,T
6-NA,53,0,0,0,386,386,C
6-NA,54,1,0,0,386,387,C
6-NA,55,392,0,0,0,392,A
6-NA,56,0,0,0,417,417,C
6-NA,57,418,0,0,0,418,A
6-NA,58,455,0,0,0,455,A
6-NA,59,0,457,0,0,457,T
6-NA,60,480,0,0,0,480,A
6-NA,61,0,482,0,0,482,T
6-NA,62,0,1,481,0,482,G
6-NA,63,0,0,0,482,482,C
6-NA,64,0,482,0,0,482,T
6-NA,65,0,485,0,1,486,T
6-NA,66,0,0,0,488,488,C
6-NA,67,0,488,0,1,489,T
6-NA,68,0,490,0,0,490,T
6-NA,69,0,0,0,488,488,C
6-NA,70,490,0,0,0,490,A
6-NA,71,0,492,0,0,492,T
6-NA,72,1,0,490,0,491,G
6-NA,73,0,0,0,498,498,C
6-NA,74,496,0,0,0,496,A
6-NA,75,497,0,1,1,499,A
6-NA,76,499,0,0,1,500,A
6-NA,77,0,509,0,0,509,T
6-NA,78,0,506,0,1,507,T
6-NA,79,0,1,507,0,508,G
6-NA,80,0,1,0,507,508,C
6-NA,81,2,0,0,506,508,C
6-NA,82,513,0,0,1,514,A
6-NA,83,0,512,0,0,512,T
6-NA,84,0,0,0,551,551,C
6-NA,85,0,554,0,0,554,T
6-NA,86,0,554,0,0,554,T
6-NA,87,0,1,576,0,577,G
6-NA,88,574,0,1,0,575,A
6-NA,89,0,577,0,0,577,T
6-NA,90,581,0,0,0,581,A
6-NA,91,578,0,2,0,580,A
6-NA,92,0,2,0,661,663,C
6-NA,93,1,656,0,0,657,T
6-NA,94,673,0,0,0,673,A
6-NA,95,0,0,0,702,702,C
6-NA,96,0,696,0,0,696,T
6-NA,97,1,0,714,0,715,G
6-NA,98,0,716,0,2,718,T
6-NA,99,720,0,0,0,720,A
6-NA,100,727,0,1,0,728,A
6-NA,101,0,0,0,717,717,C
6-NA,102,710,0,0,0,710,A
6-NA,103,0,708,0,1,709,T
6-NA,104,0,700,0,0,700,T
6-NA,105,0,0,701,0,701,G
6-NA,106,1,0,0,698,699,C
6-NA,107,715,0,0,0,715,A
6-NA,108,0,720,1,0,721,T
6-NA,109,0,719,0,1,720,T
6-NA,110,0,720,0,0,720,T
6-NA,111,0,2,0,715,717,C
6-NA,112,719,0,1,0,720,A
6-NA,113,718,0,1,1,720,A
6-NA,114,0,0,720,0,720,G
6-NA,115,1,0,0,722,723,C
6-NA,116,722,0,0,0,722,A
6-NA,117,756,0,0,0,756,A
6-NA,118,0,763,0,0,763,T
6-NA,119,763,0,1,0,764,A
6-NA,120,0,762,0,0,762,T
6-NA,121,0,2,780,0,782,G
6-NA,122,782,0,0,0,782,A
6-NA,123,796,0,0,0,796,A
6-NA,124,0,795,0,0,795,T
6-NA,125,0,795,0,2,797,T
6-NA,126,2,0,0,789,791,C
6-NA,127,791,0,0,0,791,A
6-NA,128,799,0,0,0,799,A
6-NA,129,0,0,0,800,800,C
6-NA,130,0,793,0,1,794,T
6-NA,131,0,2,0,791,793,C
6-NA,132,0,0,0,801,801,C
6-NA,133,0,0,0,815,815,C
6-NA,134,1,0,0,814,815,C
6-NA,135,2,1,0,817,820,C
6-NA,136,2,0,0,829,831,C
6-NA,137,1,0,0,826,827,C
6-NA,138,826,0,0,3,829,A
6-NA,139,828,0,0,0,828,A
6-NA,140,829,0,0,0,829,A
6-NA,141,0,0,0,846,846,C
6-NA,142,841,0,2,0,843,A
6-NA,143,862,0,0,0,862,A
6-NA,144,0,0,0,861,861,C
6-NA,145,1,0,0,868,869,C
6-NA,146,883,0,0,0,883,A
6-NA,147,888,0,0,0,888,A
6-NA,148,0,0,902,0,902,G
6-NA,149,0,902,0,0,902,T
6-NA,150,0,1,895,0,896,G
6-NA,151,918,0,0,0,918,A
6-NA,152,0,913,0,0,913,T
6-NA,153,1,1,910,0,912,G
6-NA,154,0,0,0,917,917,C
6-NA,155,0,909,0,0,909,T
6-NA,156,0,0,966,0,966,G
6-NA,157,1,959,0,0,960,T
6-NA,158,0,1,966,0,967,G
6-NA,159,0,971,0,0,971,T
6-NA,160,0,4,964,1,969,G
6-NA,161,967,0,4,0,971,A
6-NA,162,970,1,0,0,971,A
6-NA,163,1,0,0,972,973,C
6-NA,164,1,1,0,970,972,C
6-NA,165,953,0,0,0,953,A
6-NA,166,957,0,2,0,959,A
6-NA,167,0,0,0,994,994,C
6-NA,168,994,0,0,1,995,A
6-NA,169,993,0,0,0,993,A
6-NA,170,0,998,0,0,998,T
6-NA,171,996,1,0,0,997,A
6-NA,172,995,0,1,1,997,A
6-NA,173,0,997,0,1,998,T
6-NA,174,991,0,0,0,991,A
6-NA,175,0,0,998,0,998,G
6-NA,176,981,0,1,0,982,A
6-NA,177,982,0,1,0,983,A
6-NA,178,984,0,0,0,984,A
6-NA,179,0,0,992,0,992,G
6-NA,180,1011,0,0,0,1011,A
6-NA,181,1010,0,0,0,1010,A
6-NA,182,1059,0,1,0,1060,A
6-NA,183,0,0,0,1060,1060,C
6-NA,184,1062,2,0,0,1064,A
6-NA,185,0,1078,0,0,1078,T
6-NA,186,1087,0,0,0,1087,A
6-NA,187,1090,0,0,0,1090,A
6-NA,188,1,0,0,1104,1105,C
6-NA,189,1092,0,0,0,1092,A
6-NA,190,0,1,1144,0,1145,G
6-NA,191,1132,0,0,0,1132,A
6-NA,192,0,0,1139,0,1139,G
6-NA,193,1135,0,2,0,1137,A
6-NA,194,1,1186,0,0,1187,T
6-NA,195,1183,0,0,0,1183,A
6-NA,196,0,0,1212,0,1212,G
6-NA,197,1,1199,0,0,1200,T
6-NA,198,1,0,1230,0,1231,G
6-NA,199,1,1238,0,0,1239,T
6-NA,200,1236,0,0,0,1236,A
6-NA,201,0,1232,0,0,1232,T
6-NA,202,1,0,0,1235,1236,C
6-NA,203,0,1207,0,2,1209,T
6-NA,204,0,3,1247,0,1250,G
6-NA,205,1248,0,1,0,1249,A
6-NA,206,0,2,0,1248,1250,C
6-NA,207,0,0,1,1250,1251,C
6-NA,208,1245,0,0,0,1245,A
6-NA,209,1252,0,0,0,1252,A
6-NA,210,0,0,0,1270,1270,C
6-NA,211,1264,0,2,0,1266,A
6-NA,212,0,1,0,1305,1306,C
6-NA,213,2,0,0,1297,1299,C
6-NA,214,1339,0,1,0,1340,A
6-NA,215,0,0,0,1386,1386,C
6-NA,216,1,0,0,1378,1379,C
6-NA,217,1383,0,0,0,1383,A
6-NA,218,1,1377,0,4,1382,T
6-NA,219,1376,0,1,0,1377,A
6-NA,220,0,1,1387,0,1388,G
6-NA,221,1369,0,0,1,1370,A
6-NA,222,0,1,1400,0,1401,G
6-NA,223,1386,0,2,0,1388,A
6-NA,224,1368,0,2,0,1370,A
6-NA,225,1,7,1368,0,1376,G
6-NA,226,0,2,1380,0,1382,G
6-NA,227,1384,0,2,0,1386,A
6-NA,228,1386,0,2,0,1388,A
6-NA,229,1386,0,0,0,1386,A
6-NA,230,0,1381,0,0,1381,T
6-NA,231,1371,0,1,0,1372,A
6-NA,232,0,1368,0,0,1368,T
6-NA,233,1,0,1370,0,1371,G
6-NA,234,0,1,0,1374,1375,C
6-NA,235,1,0,0,1367,1368,C
6-NA,236,1,1,0,1370,1372,C
6-NA,237,3,0,1,1376,1380,C
6-NA,238,1381,0,0,0,1381,A
6-NA,239,1411,0,0,0,1411,A
6-NA,240,1408,0,1,0,1409,A
6-NA,241,0,0,0,1418,1418,C
6-NA,242,0,1420,0,2,1422,T
6-NA,243,1405,0,4,0,1409,A
6-NA,244,0,0,1420,0,1420,G
6-NA,245,0,0,0,1414,1414,C
6-NA,246,1416,2,1,0,1419,A
6-NA,247,1,3,1433,0,1437,G
6-NA,248,1427,0,1,0,1428,A
6-NA,249,1481,0,0,0,1481,A
6-NA,250,0,1481,0,1,1482,T
6-NA,251,1479,0,0,0,1479,A
6-NA,252,0,0,0,1482,1482,C
6-NA,253,1479,0,0,0,1479,A
6-NA,254,0,2,1476,0,1478,G
6-NA,255,1475,0,0,0,1475,A
6-NA,256,1471,0,1,0,1472,A
6-NA,257,1471,0,0,0,1471,A
6-NA,258,0,1440,0,0,1440,T
6-NA,259,0,1436,0,2,1438,T
6-NA,260,0,8,1435,0,1443,G
6-NA,261,1,3,1437,0,1441,G
6-NA,262,0,1447,0,3,1450,T
6-NA,263,6,0,0,1438,1444,C
6-NA,264,1437,0,2,0,1439,A
6-NA,265,1437,0,1,1,1439,A
6-NA,266,1437,0,1,3,1441,A
6-NA,267,0,1,1443,0,1444,G
6-NA,268,0,2,0,1442,1444,C
6-NA,269,2,1,0,1440,1443,C
6-NA,270,0,1,1442,0,1443,G
6-NA,271,0,0,0,1451,1451,C
6-NA,272,1454,1,1,0,1456,A
6-NA,273,1471,0,0,0,1471,A
6-NA,274,0,1466,0,1,1467,T
6-NA,275,0,2,1472,0,1474,G
6-NA,276,0,1464,0,3,1467,T
6-NA,277,0,5,1463,0,1468,G
6-NA,278,1497,0,3,0,1500,A
6-NA,279,0,0,0,1519,1519,C
6-NA,280,1540,0,0,0,1540,A
6-NA,281,0,1553,0,1,1554,T
6-NA,282,0,1544,0,0,1544,T
6-NA,283,1548,0,0,0,1548,A
6-NA,284,0,0,0,1547,1547,C
6-NA,285,1533,0,1,0,1534,A
6-NA,286,0,8,1520,0,1528,G
6-NA,287,0,0,1513,0,1513,G
6-NA,288,1,1,1468,0,1470,G
6-NA,289,0,1530,0,0,1530,T
6-NA,290,0,1531,0,0,1531,T
6-NA,291,0,1537,0,0,1537,T
6-NA,292,1,0,1535,0,1536,G
6-NA,293,1,0,0,1532,1533,C
6-NA,294,1541,0,0,0,1541,A
6-NA,295,0,0,0,1545,1545,C
6-NA,296,2,0,0,1528,1530,C
6-NA,297,0,1526,0,1,1527,T
6-NA,298,1,1523,0,2,1526,T
6-NA,299,0,1538,0,0,1538,T
6-NA,300,0,1536,0,2,1538,T
6-NA,301,0,1560,0,1,1561,T
6-NA,302,1,0,0,1564,1565,C
6-NA,303,0,1558,0,2,1560,T
6-NA,304,1556,0,1,0,1557,A
6-NA,305,1553,0,2,0,1555,A
6-NA,306,1,5,1564,0,1570,G
6-NA,307,0,1,1566,0,1567,G
6-NA,308,1566,0,3,0,1569,A
6-NA,309,0,1,0,1570,1571,C
6-NA,310,1550,0,1,0,1551,A
6-NA,311,1552,1,1,0,1554,A
6-NA,312,0,1554,0,0,1554,T
6-NA,313,0,1553,0,0,1553,T
6-NA,314,7,2,0,1566,1575,C
6-NA,315,0,2,1563,0,1565,G
6-NA,316,1554,0,8,1,1563,A
6-NA,317,0,1559,1,0,1560,T
6-NA,318,0,1559,0,0,1559,T
6-NA,319,1559,0,0,0,1559,A
6-NA,320,0,1,1560,1,1562,G
6-NA,321,1,0,1571,0,1572,G
6-NA,322,0,0,0,1572,1572,C
6-NA,323,0,1561,0,0,1561,T
6-NA,324,0,1570,0,0,1570,T
6-NA,325,0,1567,0,0,1567,T
6-NA,326,3,0,0,1569,1572,C
6-NA,327,1,0,0,1569,1570,C
6-NA,328,0,0,1570,0,1570,G
6-NA,329,0,0,0,1580,1580,C
6-NA,330,0,1566,0,1,1567,T
6-NA,331,0,2,1600,1,1603,G
6-NA,332,2,1,1600,0,1603,G
6-NA,333,1,1600,0,0,1601,T
6-NA,334,0,2,1605,0,1607,G
6-NA,335,0,2,1602,0,1604,G
6-NA,336,0,0,1606,1,1607,G
6-NA,337,3,2,1608,0,1613,G
6-NA,338,1612,0,0,0,1612,A
6-NA,339,0,1,0,1630,1631,C
6-NA,340,1587,0,0,0,1587,A
6-NA,341,0,1586,0,0,1586,T
6-NA,342,0,3,0,1584,1587,C
6-NA,343,0,1581,0,0,1581,T
6-NA,344,0,3,1589,0,1592,G
6-NA,345,0,3,1584,0,1587,G
6-NA,346,1,1,1589,0,1591,G
6-NA,347,1,1590,0,0,1591,T
6-NA,348,0,4,1571,0,1575,G
6-NA,349,1575,1,1,0,1577,A
6-NA,350,1,0,0,1603,1604,C
6-NA,351,1613,0,0,0,1613,A
6-NA,352,1646,0,1,0,1647,A
6-NA,353,0,2,1652,0,1654,G
6-NA,354,1646,2,0,0,1648,A
6-NA,355,0,4,1678,1,1683,G
6-NA,356,1708,0,1,0,1709,A
6-NA,357,1781,0,2,0,1783,A
6-NA,358,1,0,0,2068,2069,C
6-NA,359,2,0,0,2132,2134,C
6-NA,360,2,2132,0,0,2134,T
6-NA,361,1,2142,0,0,2143,T
6-NA,362,2151,0,0,0,2151,A
6-NA,363,1,2151,1,0,2153,T
6-NA,364,0,0,2238,0,2238,G
6-NA,365,0,2228,0,4,2232,T
6-NA,366,21,3,2248,0,2272,G
6-NA,367,0,2232,1,3,2236,T
6-NA,368,9,1,0,2213,2223,C
6-NA,369,2248,0,0,3,2251,A
6-NA,370,1,2251,0,1,2253,T
6-NA,371,1,0,2252,0,2253,G
6-NA,372,1,0,0,2253,2254,C
6-NA,373,2,3,2244,0,2249,G
6-NA,374,2494,1,1,1,2497,A
6-NA,375,0,2498,0,0,2498,T
6-NA,376,1,0,0,2543,2544,C
6-NA,377,5,0,0,2539,2544,C
6-NA,378,0,2592,0,1,2593,T
6-NA,379,0,9,2605,1,2615,G
6-NA,380,2613,1,5,0,2619,A
6-NA,381,0,0,0,2621,2621,C
6-NA,382,2610,1,3,0,2614,A
6-NA,383,2563,2,3,0,2568,A
6-NA,384,0,1,2662,0,2663,G
6-NA,385,0,2653,0,1,2654,T
6-NA,386,1,1,2683,0,2685,G
6-NA,387,0,2674,0,1,2675,T
6-NA,388,0,2669,0,1,2670,T
6-NA,389,2671,1,1,0,2673,A
6-NA,390,1,2676,0,1,2678,T
6-NA,391,3,1,0,2706,2710,C
6-NA,392,2703,1,1,0,2705,A
6-NA,393,2672,0,7,0,2679,A
6-NA,394,0,2675,0,2,2677,T
6-NA,395,0,2660,1,2,2663,T
6-NA,396,0,2663,0,3,2666,T
6-NA,397,1,0,2682,0,2683,G
6-NA,398,1,0,0,2783,2784,C
6-NA,399,5,1,1,2777,2784,C
6-NA,400,4,0,0,2788,2792,C
6-NA,401,0,2789,0,1,2790,T
6-NA,402,0,2792,0,1,2793,T
6-NA,403,3,6,2830,0,2839,G
6-NA,404,2,5,2847,0,2854,G
6-NA,405,2866,0,0,0,2866,A
6-NA,406,0,2,0,2863,2865,C
6-NA,407,2797,0,1,1,2799,A
6-NA,408,0,5,2861,0,2866,G
6-NA,409,4,9,2842,0,2855,G
6-NA,410,0,9,2947,1,2957,G
6-NA,411,2950,1,5,1,2957,A
6-NA,412,2934,0,4,0,2938,A
6-NA,413,0,1,0,2934,2935,C
6-NA,414,2929,2,1,0,2932,A
6-NA,415,3197,1,1,0,3199,A
6-NA,416,1,1,0,3215,3217,C
6-NA,417,3191,1,2,0,3194,A
6-NA,418,0,0,0,3213,3213,C
6-NA,419,1,3160,0,3,3164,T
6-NA,420,3200,0,0,0,3200,A
6-NA,421,3188,0,2,0,3190,A
6-NA,422,3221,0,2,0,3223,A
6-NA,423,0,3,0,3227,3230,C
6-NA,424,3071,0,0,0,3071,A
6-NA,425,3124,2,3,0,3129,A
6-NA,426,0,0,0,3153,3153,C
6-NA,427,2,1,3144,0,3147,G
6-NA,428,2,3133,0,3,3138,T
6-NA,429,3110,0,2,1,3113,A
6-NA,430,1,1,0,3165,3167,C
6-NA,431,3164,2,1,0,3167,A
6-NA,432,0,3168,0,3,3171,T
6-NA,433,0,3177,0,0,3177,T
6-NA,434,3,1,0,3302,3306,C
6-NA,435,3392,0,0,0,3392,A
6-NA,436,3414,0,0,0,3414,A
6-NA,437,3414,0,0,0,3414,A
6-NA,438,0,3411,0,1,3412,T
6-NA,439,3390,0,1,0,3391,A
6-NA,440,3495,1,0,0,3496,A
6-NA,441,0,1,0,3512,3513,C
6-NA,442,3513,1,1,0,3515,A
6-NA,443,0,1,0,3576,3577,C
6-NA,444,3468,0,3,0,3471,A
6-NA,445,1,2,4140,0,4143,G
6-NA,446,0,4146,0,0,4146,T
6-NA,447,4215,0,2,0,4217,A
6-NA,448,0,2,0,4229,4231,C
6-NA,449,2,0,4221,0,4223,G
6-NA,450,2,4387,0,1,4390,T
6-NA,451,0,3,4392,0,4395,G
6-NA,452,4390,1,2,0,4393,A
6-NA,453,2,4422,0,1,4425,T
6-NA,454,4143,0,8,1,4152,A
6-NA,455,1,4,4150,0,4155,G
6-NA,456,0,5,4144,0,4149,G
6-NA,457,4153,0,7,2,4162,A
6-NA,458,0,0,1,4228,4229,C
6-NA,459,7,0,0,4177,4184,C
6-NA,460,7,2,0,4217,4226,C
6-NA,461,12,1,0,4223,4236,C
6-NA,462,0,4265,0,8,4273,T
6-NA,463,0,4335,0,2,4337,T
6-NA,464,4358,0,1,0,4359,A
6-NA,465,2,4359,0,1,4362,T
6-NA,466,2,3,0,4356,4361,C
6-NA,467,1,4,4320,0,4325,G
6-NA,468,0,11,4310,0,4321,G
6-NA,469,4321,0,1,0,4322,A
6-NA,470,2,0,0,4363,4365,C
6-NA,471,4,1,1,4342,4348,C
6-NA,472,6,0,0,4556,4562,C
6-NA,473,0,4560,0,4,4564,T
6-NA,474,4643,1,0,0,4644,A
6-NA,475,0,4640,0,1,4641,T
6-NA,476,1,4643,0,0,4644,T
6-NA,477,0,5,4652,0,4657,G
6-NA,478,4656,3,4,0,4663,A
6-NA,479,0,4634,0,3,4637,T
6-NA,480,2,12,4629,0,4643,G
6-NA,481,4531,0,3,0,4534,A
6-NA,482,4542,1,4,0,4547,A
6-NA,483,1,4534,0,3,4538,T
6-NA,484,6,8,4604,0,4618,G
6-NA,485,4678,1,3,2,4684,A
6-NA,486,12,1,4714,0,4727,G
6-NA,487,1,4703,0,2,4706,T
6-NA,488,0,4706,0,2,4708,T
6-NA,489,4721,0,3,0,4724,A
6-NA,490,1,8,4720,0,4729,G
6-NA,491,0,2,4745,1,4748,G
6-NA,492,1,4740,0,2,4743,T
6-NA,493,1,1,4733,0,4735,G
6-NA,494,0,4686,0,10,4696,T
6-NA,495,0,4666,0,12,4678,T
6-NA,496,8,2,0,4723,4733,C
6-NA,497,5,0,0,4748,4753,C
6-NA,498,1,4747,0,4,4752,T
6-NA,499,0,4751,1,4,4756,T
6-NA,500,1,4742,0,3,4746,T
6-NA,501,1,4742,0,0,4743,T
6-NA,502,5,1,0,4754,4760,C
6-NA,503,4753,0,1,0,4754,A
6-NA,504,1,4850,0,3,4854,T
6-NA,505,4,0,0,4846,4850,C
6-NA,506,1,4816,0,3,4820,T
6-NA,507,1,13,4802,1,4817,G
6-NA,508,0,15,4761,1,4777,G
6-NA,509,2,5,4772,0,4779,G
6-NA,510,5,11,4824,1,4841,G
6-NA,511,4826,3,10,0,4839,A
6-NA,512,3,1,0,4880,4884,C
6-NA,513,7,0,0,4832,4839,C
6-NA,514,4900,1,7,0,4908,A
6-NA,515,4915,0,4,1,4920,A
6-NA,516,2,1,4919,0,4922,G
6-NA,517,1,0,0,4937,4938,C
6-NA,518,4925,0,1,0,4926,A
6-NA,519,4959,0,5,0,4964,A
6-NA,520,4,0,4989,0,4993,G
6-NA,521,1,4976,0,1,4978,T
6-NA,522,4,1,5075,0,5080,G
6-NA,523,0,5043,1,6,5050,T
6-NA,524,5,2,5191,0,5198,G
6-NA,525,0,2,0,5192,5194,C
6-NA,526,5184,0,2,0,5186,A
6-NA,527,0,5235,1,1,5237,T
6-NA,528,5152,1,3,0,5156,A
6-NA,529,0,0,5302,0,5302,G
6-NA,530,0,2,0,5296,5298,C
6-NA,531,5223,0,3,0,5226,A
6-NA,532,0,5213,0,0,5213,T
6-NA,533,0,9,5109,0,5118,G
6-NA,534,1,1,5354,0,5356,G
6-NA,535,5,5348,1,13,5367,T
6-NA,536,10,1,0,5330,5341,C
6-NA,537,6,3,0,5355,5364,C
6-NA,538,5317,1,6,0,5324,A
6-NA,539,2,1,5417,0,5420,G
6-NA,540,5,0,0,5425,5430,C
6-NA,541,2,5405,0,8,5415,T
6-NA,542,12,0,0,5414,5426,C
6-NA,543,5302,1,2,1,5306,A
6-NA,544,5344,0,5,0,5349,A
6-NA,545,0,1,5361,0,5362,G
6-NA,546,1,5366,0,2,5369,T
6-NA,547,0,5346,1,3,5350,T
6-NA,548,0,2,5334,1,5337,G
6-NA,549,1,5333,0,4,5338,T
6-NA,550,16,1,1,5317,5335,C
6-NA,551,5333,0,4,0,5337,A
6-NA,552,0,3,1,5376,5380,C
6-NA,553,3,5,5353,0,5361,G
6-NA,554,5442,1,1,0,5444,A
6-NA,555,2,5447,0,4,5453,T
6-NA,556,0,7,5525,0,5532,G
6-NA,557,1,5,5549,0,5555,G
6-NA,558,5541,2,6,0,5549,A
6-NA,559,5554,0,1,1,5556,A
6-NA,560,5603,0,2,1,5606,A
6-NA,561,5590,0,6,1,5597,A
6-NA,562,0,2,5653,0,5655,G
6-NA,563,2,4,0,5637,5643,C
6-NA,564,5629,1,9,0,5639,A
6-NA,565,0,5626,0,0,5626,T
6-NA,566,0,12,5629,0,5641,G
6-NA,567,67,3,5587,0,5657,G
6-NA,568,3,1,0,5690,5694,C
6-NA,569,0,5681,0,5,5686,T
6-NA,570,3,0,5690,0,5693,G
6-NA,571,0,1,0,5668,5669,C
6-NA,572,5704,0,1,0,5705,A
6-NA,573,2,5866,0,1,5869,T
6-NA,574,1,2,5875,0,5878,G
6-NA,575,2,5908,3,2,5915,T
6-NA,576,2,5994,2,8,6006,T
6-NA,577,0,5998,1,1,6000,T
6-NA,578,0,1,6255,0,6256,G
6-NA,579,1,6248,0,3,6252,T
6-NA,580,6258,0,4,1,6263,A
6-NA,581,0,6274,0,1,6275,T
6-NA,582,6186,0,0,1,6187,A
6-NA,583,6214,0,3,3,6220,A
6-NA,584,0,4,1,6164,6169,C
6-NA,585,0,7,6104,0,6111,G
6-NA,586,1,9,6124,0,6134,G
6-NA,587,2,10,6005,2,6019,G
6-NA,588,3,5,6030,0,6038,G
6-NA,589,1,4,6048,0,6053,G
6-NA,590,6029,2,10,1,6042,A
6-NA,591,1,6045,0,2,6048,T
6-NA,592,2,10,6054,1,6067,G
6-NA,593,6065,1,26,1,6093,A
6-NA,594,1,6105,0,1,6107,T
6-NA,595,6076,0,10,1,6087,A
6-NA,596,6310,0,0,1,6311,A
6-NA,597,6316,0,2,1,6319,A
6-NA,598,6326,0,1,1,6328,A
6-NA,599,6358,1,2,1,6362,A
6-NA,600,1,6347,0,2,6350,T
6-NA,601,2,4,6349,0,6355,G
6-NA,602,3,2,0,6338,6343,C
6-NA,603,6330,0,5,1,6336,A
6-NA,604,6333,1,8,0,6342,A
6-NA,605,2,1,0,6385,6388,C
6-NA,606,1,6378,0,3,6382,T
6-NA,607,5,3,6384,0,6392,G
6-NA,608,1,0,0,6396,6397,C
6-NA,609,2,6395,0,3,6400,T
6-NA,610,6404,1,4,0,6409,A
6-NA,611,2,1,6412,1,6416,G
6-NA,612,2,0,0,6434,6436,C
6-NA,613,1,6416,0,13,6430,T
6-NA,614,0,6412,0,3,6415,T
6-NA,615,4,3,0,6447,6454,C
6-NA,616,6459,2,4,0,6465,A
6-NA,617,2,6457,2,3,6464,T
6-NA,618,0,6464,0,2,6466,T
6-NA,619,0,6500,1,1,6502,T
6-NA,620,6516,2,1,0,6519,A
6-NA,621,1,0,0,6558,6559,C
6-NA,622,6519,2,0,1,6522,A
6-NA,623,6567,1,8,2,6578,A
6-NA,624,0,6533,0,3,6536,T
6-NA,625,3,8,6512,0,6523,G
6-NA,626,2,1,6508,0,6511,G
6-NA,627,1,5,6524,1,6531,G
6-NA,628,6491,2,7,2,6502,A
6-NA,629,4,5,6594,0,6603,G
6-NA,630,2,7,6657,0,6666,G
6-NA,631,2,16,0,6983,7001,C
6-NA,632,2,7006,0,4,7012,T
6-NA,633,0,7052,0,3,7055,T
6-NA,634,14,0,7106,0,7120,G
6-NA,635,0,7124,0,2,7126,T
6-NA,636,7244,1,9,1,7255,A
6-NA,637,3,7,7273,0,7283,G
6-NA,638,7141,1,8,1,7151,A
6-NA,639,2,7158,0,0,7160,T
6-NA,640,6663,1,4,1,6669,A
6-NA,641,1,0,6672,0,6673,G
6-NA,642,0,6620,0,9,6629,T
6-NA,643,4,5,6517,0,6526,G
6-NA,644,0,6755,0,5,6760,T
6-NA,645,1,6751,0,3,6755,T
6-NA,646,3,1,6837,0,6841,G
6-NA,647,1,6823,2,10,6836,T
6-NA,648,1,6839,0,3,6843,T
6-NA,649,1,6851,1,7,6860,T
6-NA,650,7,2,0,6750,6759,C
6-NA,651,6737,1,12,0,6750,A
6-NA,652,2,6726,0,2,6730,T
6-NA,653,2,16,6716,0,6734,G
6-NA,654,1,1,7072,0,7074,G
6-NA,655,2,7022,0,9,7033,T
6-NA,656,11,1,0,7008,7020,C
6-NA,657,10,1,0,7014,7025,C
6-NA,658,7057,0,2,1,7060,A
6-NA,659,7104,0,3,0,7107,A
6-NA,660,7104,1,6,0,7111,A
6-NA,661,2,7,7138,0,7147,G
6-NA,662,7113,0,6,0,7119,A
6-NA,663,6862,0,1,0,6863,A
6-NA,664,6862,1,4,1,6868,A
6-NA,665,0,6861,1,3,6865,T
6-NA,666,11,1,0,7028,7040,C
6-NA,667,5,2,0,7023,7030,C
6-NA,668,1,7013,0,6,7020,T
6-NA,669,9,3,0,7018,7030,C
6-NA,670,7018,0,5,0,7023,A
6-NA,671,3,7,7059,0,7069,G
6-NA,672,1,16,7043,1,7061,G
6-NA,673,7207,2,4,1,7214,A
6-NA,674,1,0,0,7212,7213,C
6-NA,675,5,2,1,7098,7106,C
6-NA,676,16,0,0,7100,7116,C
6-NA,677,7127,1,4,1,7133,A
6-NA,678,3,9,7129,0,7141,G
6-NA,679,3,10,7147,2,7162,G
6-NA,680,7130,2,7,1,7140,A
6-NA,681,1,2,7220,0,7223,G
6-NA,682,2,7096,1,5,7104,T
6-NA,683,19,5,0,7102,7126,C
6-NA,684,7100,0,10,0,7110,A
6-NA,685,2,8,7139,1,7150,G
6-NA,686,7115,4,9,1,7129,A
6-NA,687,7132,1,0,0,7133,A
6-NA,688,1,7105,0,4,7110,T
6-NA,689,0,1,7144,0,7145,G
6-NA,690,3,1,0,7122,7126,C
6-NA,691,3,1,7154,0,7158,G
6-NA,692,0,7129,1,4,7134,T
6-NA,693,1,7139,0,1,7141,T
6-NA,694,2,7111,0,1,7114,T
6-NA,695,2,2,7167,1,7172,G
6-NA,696,1,7187,0,6,7194,T
6-NA,697,7192,2,2,0,7196,A
6-NA,698,0,7178,0,3,7181,T
6-NA,699,7,1,1,7162,7171,C
6-NA,700,7146,2,2,1,7151,A
6-NA,701,7154,1,2,0,7157,A
6-NA,702,4,7155,1,0,7160,T
6-NA,703,2,6,7144,0,7152,G
6-NA,704,4,22,7136,1,7163,G
6-NA,705,7241,1,7,1,7250,A
6-NA,706,7242,2,10,0,7254,A
6-NA,707,1,3,0,7304,7308,C
6-NA,708,0,7316,0,6,7322,T
6-NA,709,0,7297,0,1,7298,T
6-NA,710,3,1,7490,0,7494,G
6-NA,711,1,7480,1,6,7488,T
6-NA,712,7482,4,3,0,7489,A
6-NA,713,1,1,0,7592,7594,C
6-NA,714,7420,0,10,0,7430,A
6-NA,715,2,0,7880,0,7882,G
6-NA,716,2,7829,1,4,7836,T
6-NA,717,8089,0,3,0,8092,A
6-NA,718,28,3,8103,1,8135,G
6-NA,719,0,7997,1,5,8003,T
6-NA,720,7996,1,2,0,7999,A
6-NA,721,7990,2,2,0,7994,A
6-NA,722,1,7945,0,1,7947,T
6-NA,723,0,31,7957,1,7989,G
6-NA,724,7753,0,5,0,7758,A
6-NA,725,1,0,0,7801,7802,C
6-NA,726,2,7553,0,2,7557,T
6-NA,727,2,6,7570,0,7578,G
6-NA,728,7575,0,5,0,7580,A
6-NA,729,2,7589,0,6,7597,T
6-NA,730,0,26,7568,0,7594,G
6-NA,731,3,6,7532,0,7541,G
6-NA,732,2,11,7545,0,7558,G
6-NA,733,7426,0,5,1,7432,A
6-NA,734,2,1,7431,0,7434,G
6-NA,735,0,7392,0,8,7400,T
6-NA,736,1,3,7419,0,7423,G
6-NA,737,1,2,0,7467,7470,C
6-NA,738,1,7458,0,6,7465,T
6-NA,739,0,7447,2,10,7459,T
6-NA,740,5,1,1,7465,7472,C
6-NA,741,7441,0,6,0,7447,A
6-NA,742,1,4,7466,0,7471,G
6-NA,743,2,15,7445,0,7462,G
6-NA,744,7447,2,1,2,7452,A
6-NA,745,7364,1,1,1,7367,A
6-NA,746,7276,0,4,0,7280,A
6-NA,747,7291,1,2,2,7296,A
6-NA,748,1,0,7328,1,7330,G
6-NA,749,1,2,0,7321,7324,C
6-NA,750,1,7288,2,2,7293,T
6-NA,751,3,11,7274,0,7288,G
6-NA,752,7264,1,17,1,7283,A
6-NA,753,1,7340,0,1,7342,T
6-NA,754,7365,1,3,0,7369,A
6-NA,755,0,1,0,7638,7639,C
6-NA,756,1,7606,0,5,7612,T
6-NA,757,7609,1,2,0,7612,A
6-NA,758,7599,2,2,0,7603,A
6-NA,759,7606,1,2,1,7610,A
6-NA,760,7790,1,1,1,7793,A
6-NA,761,1,7792,0,3,7796,T
6-NA,762,7759,3,3,0,7765,A
6-NA,763,4,3,0,7779,7786,C
6-NA,764,0,7476,0,3,7479,T
6-NA,765,7568,1,1,0,7570,A
6-NA,766,1,7520,0,7,7528,T
6-NA,767,2,7842,1,6,7851,T
6-NA,768,17,0,1,7859,7877,C
6-NA,769,7710,0,6,1,7717,A
6-NA,770,0,7703,0,5,7708,T
6-NA,771,1,7684,0,1,7686,T
6-NA,772,2,10,7709,0,7721,G
6-NA,773,7669,0,13,0,7682,A
6-NA,774,1,15,7635,1,7652,G
6-NA,775,0,13,7626,0,7639,G
6-NA,776,7383,2,4,0,7389,A
6-NA,777,3,13,7486,0,7502,G
6-NA,778,1,17,7477,0,7495,G
6-NA,779,2,9,7486,0,7497,G
6-NA,780,18,9,7485,0,7512,G
6-NA,781,7474,0,6,0,7480,A
6-NA,782,7497,1,6,1,7505,A
6-NA,783,7482,0,4,2,7488,A
6-NA,784,7482,3,2,0,7487,A
6-NA,785,0,7485,1,2,7488,T
6-NA,786,20,3,1,7426,7450,C
6-NA,787,3,1,7499,0,7503,G
6-NA,788,0,7482,0,3,7485,T
6-NA,789,1,7478,1,7,7487,T
6-NA,790,20,1,0,7473,7494,C
6-NA,791,7488,1,1,0,7490,A
6-NA,792,1,7909,1,6,7917,T
6-NA,793,7919,1,3,0,7923,A
6-NA,794,3,1,1,7952,7957,C
6-NA,795,3,7924,0,5,7932,T
6-NA,796,7927,0,4,0,7931,A
6-NA,797,2,1,7921,1,7925,G
6-NA,798,2,2,0,7915,7919,C
6-NA,799,7929,2,4,0,7935,A
6-NA,800,3,1,1,7921,7926,C
6-NA,801,7604,0,4,0,7608,A
6-NA,802,0,7720,1,1,7722,T
6-NA,803,1,7691,0,1,7693,T
6-NA,804,4,2,8180,2,8188,G
6-NA,805,0,8143,2,3,8148,T
6-NA,806,30,3,0,8124,8157,C
6-NA,807,8139,2,9,0,8150,A
6-NA,808,1,8,8163,0,8172,G
6-NA,809,1,10,8155,0,8166,G
6-NA,810,8139,0,3,0,8142,A
6-NA,811,8008,1,9,1,8019,A
6-NA,812,1,1,8105,1,8108,G
6-NA,813,0,7686,0,1,7687,T
6-NA,814,2,3,7721,0,7726,G
6-NA,815,3,1,0,7695,7699,C
6-NA,816,2,7705,0,7,7714,T
6-NA,817,21,1,1,7708,7731,C
6-NA,818,7716,1,5,0,7722,A
6-NA,819,1,2,7771,0,7774,G
6-NA,820,4,0,1,7767,7772,C
6-NA,821,7746,0,6,0,7752,A
6-NA,822,0,7751,0,2,7753,T
6-NA,823,6,1,7956,1,7964,G
6-NA,824,0,7957,1,6,7964,T
6-NA,825,13,3,1,7947,7964,C
6-NA,826,2,9,7954,0,7965,G
6-NA,827,7949,2,2,2,7955,A
6-NA,828,4,7,7913,0,7924,G
6-NA,829,1,17,7903,0,7921,G
6-NA,830,7847,1,7,0,7855,A
6-NA,831,23,0,7908,0,7931,G
6-NA,832,1,7670,0,4,7675,T
6-NA,833,3,0,7682,0,7685,G
6-NA,834,1,9,0,7778,7788,C
6-NA,835,0,7769,0,8,7777,T
6-NA,836,14,2,2,7794,7812,C
6-NA,837,13,3,0,7821,7837,C
6-NA,838,0,7827,0,5,7832,T
6-NA,839,2,2,7851,1,7856,G
6-NA,840,3,5,0,7802,7810,C
6-NA,841,3,7754,0,5,7762,T
6-NA,842,7815,1,0,0,7816,A
6-NA,843,1,7667,0,7,7675,T
6-NA,844,5,1,0,7723,7729,C
6-NA,845,8,3,0,7682,7693,C
6-NA,846,1,7666,0,8,7675,T
6-NA,847,13,2,0,7711,7726,C
6-NA,848,1,5,7721,1,7728,G
6-NA,849,7785,2,4,1,7792,A
6-NA,850,3,7779,0,1,7783,T
6-NA,851,7806,0,1,0,7807,A
6-NA,852,0,7804,1,1,7806,T
6-NA,853,10,7,0,7740,7757,C
6-NA,854,7,2,0,7737,7746,C
6-NA,855,0,7685,0,3,7688,T
6-NA,856,3,3,7726,1,7733,G
6-NA,857,2,4,7745,0,7751,G
6-NA,858,0,7801,0,10,7811,T
6-NA,859,1,2,7812,0,7815,G
6-NA,860,0,7765,0,7,7772,T
6-NA,861,16,0,0,7741,7757,C
6-NA,862,7744,0,4,1,7749,A
6-NA,863,1,3,7755,1,7760,G
6-NA,864,7745,3,2,0,7750,A
6-NA,865,1,7675,0,5,7681,T
6-NA,866,5,0,7681,1,7687,G
6-NA,867,0,7592,2,2,7596,T
6-NA,868,4,1,7599,3,7607,G
6-NA,869,3,7589,2,10,7604,T
6-NA,870,8,0,0,7614,7622,C
6-NA,871,0,7586,0,14,7600,T
6-NA,872,4,0,7615,0,7619,G
6-NA,873,1,3,1,7608,7613,C
6-NA,874,7593,0,8,0,7601,A
6-NA,875,11,2,7603,0,7616,G
6-NA,876,7448,1,6,1,7456,A
6-NA,877,1,6,7457,4,7468,G
6-NA,878,7451,2,6,1,7460,A
6-NA,879,1,3,0,7495,7499,C
6-NA,880,7483,0,5,2,7490,A
6-NA,881,7552,4,2,0,7558,A
6-NA,882,3,5,0,7578,7586,C
6-NA,883,2,7561,0,5,7568,T
6-NA,884,2,5,7586,0,7593,G
6-NA,885,3,5,7565,2,7575,G
6-NA,886,7531,2,12,0,7545,A
6-NA,887,7538,0,6,0,7544,A
6-NA,888,7420,1,10,1,7432,A
6-NA,889,0,11,7409,1,7421,G
6-NA,890,1,11,7332,0,7344,G
6-NA,891,7253,2,2,1,7258,A
6-NA,892,1,7390,1,11,7403,T
6-NA,893,13,1,0,7426,7440,C
6-NA,894,12,3,0,7563,7578,C
6-NA,895,7601,1,2,1,7605,A
6-NA,896,7596,0,5,1,7602,A
6-NA,897,0,7601,0,0,7601,T
6-NA,898,7377,0,6,1,7384,A
6-NA,899,0,2,7332,0,7334,G
6-NA,900,4,2,7337,0,7343,G
6-NA,901,4,3,0,7338,7345,C
6-NA,902,9,1,0,7303,7313,C
6-NA,903,14,1,1,7093,7109,C
6-NA,904,7153,1,2,2,7158,A
6-NA,905,0,7218,1,8,7227,T
6-NA,906,13,1,0,7215,7229,C
6-NA,907,4,0,7241,0,7245,G
6-NA,908,0,7211,0,1,7212,T
6-NA,909,7067,1,4,1,7073,A
6-NA,910,1,6,7199,0,7206,G
6-NA,911,7210,2,5,0,7217,A
6-NA,912,0,7242,1,1,7244,T
6-NA,913,7111,0,1,1,7113,A
6-NA,914,2,7030,0,2,7034,T
6-NA,915,7019,0,3,0,7022,A
6-NA,916,7004,3,6,0,7013,A
6-NA,917,7131,0,4,0,7135,A
6-NA,918,1,1,1,7230,7233,C
6-NA,919,7029,1,0,0,7030,A
6-NA,920,1,7015,1,5,7022,T
6-NA,921,6960,1,1,1,6963,A
6-NA,922,6953,1,2,1,6957,A
6-NA,923,6959,1,4,1,6965,A
6-NA,924,0,12,7013,0,7025,G
6-NA,925,0,8,7102,0,7110,G
6-NA,926,6868,2,5,0,6875,A
6-NA,927,2,6851,2,2,6857,T
6-NA,928,13,2,0,6854,6869,C
6-NA,929,6905,0,5,1,6911,A
6-NA,930,0,6902,0,4,6906,T
6-NA,931,6894,0,3,1,6898,A
6-NA,932,4,3,6919,0,6926,G
6-NA,933,0,4,0,6831,6835,C
6-NA,934,6675,1,0,1,6677,A
6-NA,935,1,6394,0,4,6399,T
6-NA,936,0,6419,0,2,6421,T
6-NA,937,3,1,6403,0,6407,G
6-NA,938,2,6416,0,2,6420,T
6-NA,939,11,3,1,6307,6322,C
6-NA,940,1,6712,0,19,6732,T
6-NA,941,12,2,0,6796,6810,C
6-NA,942,6,1,0,6828,6835,C
6-NA,943,6900,2,2,0,6904,A
6-NA,944,1,1,7005,0,7007,G
6-NA,945,0,6987,0,4,6991,T
6-NA,946,1,6632,0,3,6636,T
6-NA,947,6639,0,1,0,6640,A
6-NA,948,2,6432,0,1,6435,T
6-NA,949,4,2,6443,0,6449,G
6-NA,950,1,6345,0,2,6348,T
6-NA,951,2,1,6354,1,6358,G
6-NA,952,1,6117,0,7,6125,T
6-NA,953,3,1,6201,0,6205,G
6-NA,954,0,6184,0,3,6187,T
6-NA,955,0,6167,1,1,6169,T
6-NA,956,12,1,1,6162,6176,C
6-NA,957,6098,3,12,1,6114,A
6-NA,958,2,5,6142,0,6149,G
6-NA,959,0,14,6130,0,6144,G
6-NA,960,6090,1,6,0,6097,A
6-NA,961,2,0,0,6100,6102,C
6-NA,962,1,5867,1,2,5871,T
6-NA,963,1,5895,0,0,5896,T
6-NA,964,0,0,6081,12,6093,G
6-NA,965,0,6077,1,5,6083,T
6-NA,966,1,6077,0,5,6083,T
6-NA,967,3,9,6040,0,6052,G
6-NA,968,1,5,6028,0,6034,G
6-NA,969,6015,2,13,0,6030,A
6-NA,970,0,12,6039,1,6052,G
6-NA,971,6030,1,8,0,6039,A
6-NA,972,1,0,0,6051,6052,C
6-NA,973,5879,0,1,0,5880,A
6-NA,974,1,0,0,5912,5913,C
6-NA,975,5924,0,9,1,5934,A
6-NA,976,3,2,0,5933,5938,C
6-NA,977,7,2,0,5903,5912,C
6-NA,978,8,0,0,5903,5911,C
6-NA,979,5916,0,0,0,5916,A
6-NA,980,0,8,5926,0,5934,G
6-NA,981,5940,0,1,1,5942,A
6-NA,982,5965,1,0,0,5966,A
6-NA,983,5930,1,2,0,5933,A
6-NA,984,5919,1,2,1,5923,A
6-NA,985,5903,0,2,2,5907,A
6-NA,986,5879,0,3,23,5905,A
6-NA,987,1,4,0,5914,5919,C
6-NA,988,0,12,5890,0,5902,G
6-NA,989,5884,1,3,1,5889,A
6-NA,990,2,3,0,5884,5889,C
6-NA,991,5847,1,3,2,5853,A
6-NA,992,0,0,5893,0,5893,G
6-NA,993,1,0,0,6037,6038,C
6-NA,994,1,6012,0,5,6018,T
6-NA,995,8,1,2,6015,6026,C
6-NA,996,2,0,0,6049,6051,C
6-NA,997,6051,2,4,0,6057,A
6-NA,998,2,2,6083,0,6087,G
6-NA,999,1,3,0,6095,6099,C
6-NA,1000,6076,1,1,0,6078,A
6-NA,1001,1,0,6064,0,6065,G
6-NA,1002,0,5857,1,5,5863,T
6-NA,1003,5851,0,27,1,5879,A
6-NA,1004,2,0,5894,0,5896,G
6-NA,1005,2,1,0,5883,5886,C
6-NA,1006,9,1,0,5894,5904,C
6-NA,1007,5839,2,0,0,5841,A
6-NA,1008,1,5847,0,2,5850,T
6-NA,1009,1,5841,0,2,5844,T
6-NA,1010,0,0,5943,0,5943,G
6-NA,1011,0,5899,1,5,5905,T
6-NA,1012,0,5897,1,4,5902,T
6-NA,1013,1,5891,0,5,5897,T
6-NA,1014,1,8,5848,0,5857,G
6-NA,1015,2,10,5892,0,5904,G
6-NA,1016,5875,2,5,0,5882,A
6-NA,1017,2,5923,0,6,5931,T
6-NA,1018,8,0,1,5924,5933,C
6-NA,1019,9,0,1,5858,5868,C
6-NA,1020,0,5870,1,2,5873,T
6-NA,1021,5874,0,3,0,5877,A
6-NA,1022,5890,0,4,0,5894,A
6-NA,1023,0,3,0,5956,5959,C
6-NA,1024,5864,1,0,0,5865,A
6-NA,1025,5870,1,15,0,5886,A
6-NA,1026,0,5842,1,0,5843,T
6-NA,1027,0,6,5841,0,5847,G
6-NA,1028,5781,3,3,2,5789,A
6-NA,1029,4,6,5580,1,5591,G
6-NA,1030,0,1,5694,1,5696,G
6-NA,1031,5687,0,3,1,5691,A
6-NA,1032,5695,0,2,0,5697,A
6-NA,1033,3,22,5685,0,5710,G
6-NA,1034,3,1,5739,0,5743,G
6-NA,1035,2,5672,0,8,5682,T
6-NA,1036,0,3,5665,1,5669,G
6-NA,1037,0,4,5770,0,5774,G
6-NA,1038,1,5719,1,5,5726,T
6-NA,1039,27,0,0,5693,5720,C
6-NA,1040,5714,1,0,0,5715,A
6-NA,1041,0,5703,0,0,5703,T
6-NA,1042,0,14,5679,1,5694,G
6-NA,1043,1,10,5645,0,5656,G
6-NA,1044,0,10,5448,2,5460,G
6-NA,1045,1,1,5650,0,5652,G
6-NA,1046,3,5638,0,3,5644,T
6-NA,1047,1,9,5646,0,5656,G
6-NA,1048,5642,2,2,0,5646,A
6-NA,1049,5640,0,2,0,5642,A
6-NA,1050,5644,1,10,1,5656,A
6-NA,1051,1,0,5672,0,5673,G
6-NA,1052,0,0,5623,0,5623,G
6-NA,1053,0,1,0,5589,5590,C
6-NA,1054,0,5447,0,3,5450,T
6-NA,1055,2,5,5437,0,5444,G
6-NA,1056,1,4,5441,1,5447,G
6-NA,1057,0,3,5479,1,5483,G
6-NA,1058,3,1,0,5472,5476,C
6-NA,1059,4,2,0,5467,5473,C
6-NA,1060,3,5385,3,12,5403,T
6-NA,1061,1,5424,0,0,5425,T
6-NA,1062,0,5425,1,1,5427,T
6-NA,1063,0,2,5438,0,5440,G
6-NA,1064,5442,0,5,0,5447,A
6-NA,1065,1,5397,0,0,5398,T
6-NA,1066,1,10,5311,1,5323,G
6-NA,1067,5260,3,7,1,5271,A
6-NA,1068,0,5277,0,1,5278,T
6-NA,1069,0,3,5277,1,5281,G
6-NA,1070,1,2,5317,2,5322,G
6-NA,1071,5316,0,5,0,5321,A
6-NA,1072,5306,0,7,0,5313,A
6-NA,1073,5309,2,3,0,5314,A
6-NA,1074,1,5306,0,0,5307,T
6-NA,1075,0,10,5326,1,5337,G
6-NA,1076,5321,0,5,0,5326,A
6-NA,1077,1,2,1,5291,5295,C
6-NA,1078,61,1,5256,0,5318,G
6-NA,1079,0,5194,0,1,5195,T
6-NA,1080,0,1,5230,0,5231,G
6-NA,1081,3,5216,0,0,5219,T
6-NA,1082,0,8,5222,0,5230,G
6-NA,1083,1,4,5241,0,5246,G
6-NA,1084,5207,0,2,0,5209,A
6-NA,1085,0,5204,0,4,5208,T
6-NA,1086,0,8,5190,1,5199,G
6-NA,1087,3,2,5167,0,5172,G
6-NA,1088,1,5,5194,0,5200,G
6-NA,1089,5170,0,1,0,5171,A
6-NA,1090,5157,1,5,0,5163,A
6-NA,1091,0,7,5148,0,5155,G
6-NA,1092,5068,1,2,0,5071,A
6-NA,1093,5086,1,2,0,5089,A
6-NA,1094,2,2,0,5053,5057,C
6-NA,1095,6,14,5010,0,5030,G
6-NA,1096,5022,1,5,0,5028,A
6-NA,1097,3,4951,0,0,4954,T
6-NA,1098,7,1,1,4957,4966,C
6-NA,1099,4965,1,1,0,4967,A
6-NA,1100,0,0,4979,0,4979,G
6-NA,1101,1,0,0,4963,4964,C
6-NA,1102,0,5,4960,0,4965,G
6-NA,1103,4949,0,2,0,4951,A
6-NA,1104,0,2,4959,0,4961,G
6-NA,1105,4939,1,5,0,4945,A
6-NA,1106,4945,0,1,2,4948,A
6-NA,1107,3,0,4971,0,4974,G
6-NA,1108,0,4928,0,9,4937,T
6-NA,1109,26,0,1,4880,4907,C
6-NA,1110,4897,0,1,0,4898,A
6-NA,1111,1,2,0,5009,5012,C
6-NA,1112,0,0,5016,0,5016,G
6-NA,1113,0,19,0,4995,5014,C
6-NA,1114,0,4983,2,7,4992,T
6-NA,1115,0,5003,0,2,5005,T
6-NA,1116,4923,0,2,0,4925,A
6-NA,1117,0,12,5032,0,5044,G
6-NA,1118,0,8,5030,1,5039,G
6-NA,1119,1,1,5119,1,5122,G
6-NA,1120,0,4812,0,14,4826,T
6-NA,1121,4814,0,0,0,4814,A
6-NA,1122,2,4795,0,3,4800,T
6-NA,1123,0,10,4788,0,4798,G
6-NA,1124,4787,1,3,1,4792,A
6-NA,1125,4779,1,1,0,4781,A
6-NA,1126,4562,0,4,1,4567,A
6-NA,1127,2,3,0,4533,4538,C
6-NA,1128,6,1,0,4445,4452,C
6-NA,1129,1,4390,1,3,4395,T
6-NA,1130,2,4382,0,9,4393,T
6-NA,1131,3,1,0,4398,4402,C
6-NA,1132,4398,0,3,0,4401,A
6-NA,1133,4402,1,2,0,4405,A
6-NA,1134,4392,1,3,2,4398,A
6-NA,1135,2,1,4425,1,4429,G
6-NA,1136,1,4331,1,1,4334,T
6-NA,1137,15,1,9,4314,4339,C
6-NA,1138,4381,1,1,0,4383,A
6-NA,1139,1,4380,0,3,4384,T
6-NA,1140,1,4385,0,4,4390,T
6-NA,1141,4,4,4390,1,4399,G
6-NA,1142,4384,0,1,1,4386,A
6-NA,1143,4384,1,3,0,4388,A
6-NA,1144,0,5,4420,1,4426,G
6-NA,1145,0,3,4425,0,4428,G
6-NA,1146,0,5,0,4389,4394,C
6-NA,1147,0,4251,0,3,4254,T
6-NA,1148,0,2,4269,0,4271,G
6-NA,1149,0,0,4347,0,4347,G
6-NA,1150,2,4335,1,6,4344,T
6-NA,1151,12,0,0,4313,4325,C
6-NA,1152,6,2,0,4302,4310,C
6-NA,1153,4292,0,6,1,4299,A
6-NA,1154,4311,0,1,1,4313,A
6-NA,1155,1,1,0,4324,4326,C
6-NA,1156,10,0,0,4305,4315,C
6-NA,1157,11,0,0,4290,4301,C
6-NA,1158,2,4095,0,2,4099,T
6-NA,1159,4116,0,1,0,4117,A
6-NA,1160,4112,0,1,2,4115,A
6-NA,1161,2,0,4135,0,4137,G
6-NA,1162,0,4104,1,4,4109,T
6-NA,1163,13,0,0,4072,4085,C
6-NA,1164,10,1,0,4012,4023,C
6-NA,1165,3997,0,4,0,4001,A
6-NA,1166,3999,0,0,1,4000,A
6-NA,1167,3990,0,2,0,3992,A
6-NA,1168,2,3992,0,0,3994,T
6-NA,1169,0,3990,0,1,3991,T
6-NA,1170,0,1,3962,0,3963,G
6-NA,1171,2,2,0,3947,3951,C
6-NA,1172,3939,3,2,1,3945,A
6-NA,1173,1,3,3954,1,3959,G
6-NA,1174,3942,1,2,0,3945,A
6-NA,1175,0,4014,0,1,4015,T
6-NA,1176,4016,0,0,0,4016,A
6-NA,1177,4008,0,4,0,4012,A
6-NA,1178,4006,0,4,0,4010,A
6-NA,1179,1,4000,0,0,4001,T
6-NA,1180,3974,1,2,2,3979,A
6-NA,1181,0,5,3972,0,3977,G
6-NA,1182,0,0,3937,0,3937,G
6-NA,1183,2,0,0,3927,3929,C
6-NA,1184,3786,0,0,1,3787,A
6-NA,1185,3803,1,3,0,3807,A
6-NA,1186,1,2,3818,2,3823,G
6-NA,1187,0,3817,0,3,3820,T
6-NA,1188,16,0,0,3797,3813,C
6-NA,1189,3820,0,2,1,3823,A
6-NA,1190,0,3808,0,0,3808,T
6-NA,1191,3825,3,1,1,3830,A
6-NA,1192,1,1,3837,0,3839,G
6-NA,1193,0,3827,0,0,3827,T
6-NA,1194,0,3639,0,1,3640,T
6-NA,1195,2,9,3579,1,3591,G
6-NA,1196,3565,0,6,1,3572,A
6-NA,1197,2,0,0,3570,3572,C
6-NA,1198,3499,0,0,1,3500,A
6-NA,1199,0,5,3520,0,3525,G
6-NA,1200,3458,0,2,2,3462,A
6-NA,1201,1,3,3533,0,3537,G
6-NA,1202,1,0,3536,0,3537,G
6-NA,1203,0,3505,0,2,3507,T
6-NA,1204,3485,0,1,0,3486,A
6-NA,1205,3483,0,1,0,3484,A
6-NA,1206,0,3483,0,0,3483,T
6-NA,1207,3465,0,1,0,3466,A
6-NA,1208,1,4,3312,0,3317,G
6-NA,1209,1,1,3209,0,3211,G
6-NA,1210,0,2785,1,1,2787,T
6-NA,1211,5,0,1,2754,2760,C
6-NA,1212,5,4,0,2717,2726,C
6-NA,1213,2,4,2729,0,2735,G
6-NA,1214,0,0,2736,0,2736,G
6-NA,1215,1,2722,0,2,2725,T
6-NA,1216,0,2718,0,3,2721,T
6-NA,1217,2678,1,0,0,2679,A
6-NA,1218,0,2608,1,0,2609,T
6-NA,1219,1,2605,1,1,2608,T
6-NA,1220,6,1,0,2594,2601,C
6-NA,1221,3,2449,1,2,2455,T
6-NA,1222,1,3,2440,0,2444,G
6-NA,1223,1,0,2434,0,2435,G
6-NA,1224,0,2426,1,0,2427,T
6-NA,1225,2421,1,0,0,2422,A
6-NA,1226,0,2379,1,4,2384,T
6-NA,1227,0,2385,0,1,2386,T
6-NA,1228,0,2380,1,2,2383,T
6-NA,1229,0,2402,0,2,2404,T
6-NA,1230,7,0,0,2397,2404,C
6-NA,1231,0,2368,1,5,2374,T
6-NA,1232,2,1,0,2378,2381,C
6-NA,1233,1,2367,2,3,2373,T
6-NA,1234,0,0,2421,0,2421,G
6-NA,1235,2,2418,0,5,2425,T
6-NA,1236,0,2395,0,2,2397,T
6-NA,1237,0,3,2400,0,2403,G
6-NA,1238,2383,0,0,0,2383,A
6-NA,1239,2371,1,6,0,2378,A
6-NA,1240,0,4,2397,0,2401,G
6-NA,1241,0,1,2386,0,2387,G
6-NA,1242,0,0,0,2385,2385,C
6-NA,1243,2336,1,3,0,2340,A
6-NA,1244,2344,0,0,1,2345,A
6-NA,1245,2345,2,0,0,2347,A
6-NA,1246,2341,0,9,0,2350,A
6-NA,1247,1,2,2350,0,2353,G
6-NA,1248,0,0,0,2349,2349,C
6-NA,1249,0,2310,0,2,2312,T
6-NA,1250,0,0,2335,0,2335,G
6-NA,1251,0,0,1,2325,2326,C
6-NA,1252,2334,0,4,0,2338,A
6-NA,1253,0,2323,0,3,2326,T
6-NA,1254,3,0,0,2306,2309,C
6-NA,1255,2304,0,0,0,2304,A
6-NA,1256,2303,0,1,0,2304,A
6-NA,1257,1,2299,0,0,2300,T
6-NA,1258,4,0,0,2298,2302,C
6-NA,1259,0,2,2265,0,2267,G
6-NA,1260,1,1,2295,0,2297,G
6-NA,1261,0,2292,0,2,2294,T
6-NA,1262,0,1,2304,0,2305,G
6-NA,1263,0,1,0,2308,2309,C
6-NA,1264,0,2291,0,6,2297,T
6-NA,1265,1,2318,0,3,2322,T
6-NA,1266,0,2322,1,1,2324,T
6-NA,1267,0,2329,0,0,2329,T
6-NA,1268,2338,0,1,0,2339,A
6-NA,1269,1,2259,0,1,2261,T
6-NA,1270,0,0,2265,0,2265,G
6-NA,1271,0,2234,0,4,2238,T
6-NA,1272,2,1,2210,0,2213,G
6-NA,1273,0,1,2230,0,2231,G
6-NA,1274,2188,0,2,0,2190,A
6-NA,1275,0,0,2212,0,2212,G
6-NA,1276,0,2202,0,2,2204,T
6-NA,1277,0,2188,0,3,2191,T
6-NA,1278,1,3,2199,0,2203,G
6-NA,1279,2194,0,3,1,2198,A
6-NA,1280,1,2192,0,1,2194,T
6-NA,1281,2187,0,0,1,2188,A
6-NA,1282,2110,0,0,0,2110,A
6-NA,1283,0,8,2104,0,2112,G
6-NA,1284,0,5,2065,0,2070,G
6-NA,1285,0,5,2052,0,2057,G
6-NA,1286,0,2,2037,0,2039,G
6-NA,1287,2010,0,2,0,2012,A
6-NA,1288,2007,0,1,0,2008,A
6-NA,1289,0,1,2020,0,2021,G
6-NA,1290,2016,1,2,0,2019,A
6-NA,1291,2017,0,0,0,2017,A
6-NA,1292,1992,0,0,0,1992,A
6-NA,1293,1955,0,5,0,1960,A
6-NA,1294,0,2,1959,0,1961,G
6-NA,1295,1930,1,7,0,1938,A
6-NA,1296,1,4,1934,0,1939,G
6-NA,1297,0,3,1934,0,1937,G
6-NA,1298,1906,0,3,1,1910,A
6-NA,1299,1907,0,1,0,1908,A
6-NA,1300,1909,0,1,0,1910,A
6-NA,1301,0,0,0,1924,1924,C
6-NA,1302,0,1912,0,1,1913,T
6-NA,1303,1,0,1912,0,1913,G
6-NA,1304,1898,0,4,1,1903,A
6-NA,1305,1892,2,4,0,1898,A
6-NA,1306,0,0,1916,0,1916,G
6-NA,1307,0,1898,2,2,1902,T
6-NA,1308,3,0,0,1906,1909,C
6-NA,1309,0,1897,1,4,1902,T
6-NA,1310,0,1881,0,1,1882,T
6-NA,1311,0,1,1883,0,1884,G
6-NA,1312,1,1879,0,2,1882,T
6-NA,1313,0,4,1881,0,1885,G
6-NA,1314,2,6,1871,0,1879,G
6-NA,1315,1856,1,3,0,1860,A
6-NA,1316,0,18,0,1855,1873,C
6-NA,1317,3,0,0,1814,1817,C
6-NA,1318,1,1812,0,2,1815,T
6-NA,1319,3,0,0,1818,1821,C
6-NA,1320,1827,0,0,0,1827,A
6-NA,1321,1825,0,1,0,1826,A
6-NA,1322,1824,0,0,0,1824,A
6-NA,1323,0,0,0,1841,1841,C
6-NA,1324,1799,1,1,0,1801,A
6-NA,1325,0,0,1838,0,1838,G
6-NA,1326,0,1815,0,1,1816,T
6-NA,1327,1820,1,0,0,1821,A
6-NA,1328,0,1810,1,0,1811,T
6-NA,1329,1,1781,0,1,1783,T
6-NA,1330,2,0,1799,0,1801,G
6-NA,1331,0,1795,0,0,1795,T
6-NA,1332,0,1713,0,1,1714,T
6-NA,1333,0,0,1717,0,1717,G
6-NA,1334,0,1610,1,3,1614,T
6-NA,1335,1,2,1614,0,1617,G
6-NA,1336,1,1600,2,2,1605,T
6-NA,1337,0,1580,0,0,1580,T
6-NA,1338,0,1578,0,0,1578,T
6-NA,1339,0,1539,0,0,1539,T
6-NA,1340,1,0,1539,0,1540,G
6-NA,1341,0,1543,0,0,1543,T
6-NA,1342,0,2,1530,0,1532,G
6-NA,1343,0,0,1533,0,1533,G
6-NA,1344,0,1,0,1517,1518,C
6-NA,1345,1512,0,1,0,1513,A
6-NA,1346,0,0,0,1523,1523,C
6-NA,1347,2,0,0,1508,1510,C
6-NA,1348,0,1507,0,4,1511,T
6-NA,1349,2,0,0,1513,1515,C
6-NA,1350,1509,0,5,0,1514,A
6-NA,1351,0,1,1517,0,1518,G
6-NA,1352,0,0,1517,0,1517,G
6-NA,1353,0,1504,1,0,1505,T
6-NA,1354,1492,0,0,0,1492,A
6-NA,1355,1,1,0,1407,1409,C
6-NA,1356,1394,0,0,0,1394,A
6-NA,1357,0,1390,0,1,1391,T
6-NA,1358,1358,0,0,0,1358,A
6-NA,1359,0,1353,1,0,1354,T
6-NA,1360,0,0,1229,0,1229,G
6-NA,1361,0,0,1231,0,1231,G
6-NA,1362,1222,0,1,0,1223,A
6-NA,1363,1209,0,2,0,1211,A
6-NA,1364,0,0,0,1200,1200,C
6-NA,1365,1026,0,1,0,1027,A
6-NA,1366,0,1,1027,0,1028,G
6-NA,1367,1,0,1019,0,1020,G
6-NA,1368,0,1,0,1020,1021,C
6-NA,1369,1,1010,0,4,1015,T
6-NA,1370,1,0,0,969,970,C
6-NA,1371,962,0,0,0,962,A
6-NA,1372,0,957,0,1,958,T
6-NA,1373,0,2,959,0,961,G
6-NA,1374,1,0,961,0,962,G
6-NA,1375,0,0,0,929,929,C
6-NA,1376,2,0,0,916,918,C
6-NA,1377,0,860,0,0,860,T
6-NA,1378,2,0,856,0,858,G
6-NA,1379,858,0,2,0,860,A
6-NA,1380,0,858,0,1,859,T
6-NA,1381,0,1,847,0,848,G
6-NA,1382,0,1,830,0,831,G
6-NA,1383,1,1,794,0,796,G
6-NA,1384,2,1,793,0,796,G
6-NA,1385,1,0,0,773,774,C
6-NA,1386,0,2,770,0,772,G
6-NA,1387,1,1,761,0,763,G
6-NA,1388,759,0,0,0,759,A
6-NA,1389,1,1,0,756,758,C
6-NA,1390,757,0,0,0,757,A
6-NA,1391,0,745,0,0,745,T
6-NA,1392,1,0,0,734,735,C
6-NA,1393,730,0,1,0,731,A
6-NA,1394,729,1,0,1,731,A
6-NA,1395,0,727,0,2,729,T
6-NA,1396,1,0,0,705,706,C
6-NA,1397,0,677,0,0,677,T
6-NA,1398,2,0,0,605,607,C
6-NA,1399,603,0,1,0,604,A
6-NA,1400,0,603,0,0,603,T
6-NA,1401,0,0,602,0,602,G
6-NA,1402,11,1,0,588,600,C
6-NA,1403,2,0,0,582,584,C
6-NA,1404,0,540,0,0,540,T
6-NA,1405,535,0,0,0,535,A
6-NA,1406,0,532,0,1,533,T
6-NA,1407,521,0,0,0,521,A
6-NA,1408,0,521,0,0,521,T
6-NA,1409,459,0,0,0,459,A
6-NA,1410,433,0,0,0,433,A
7-M,1,57,0,0,0,57,A
7-M,2,0,56,0,0,56,T
7-M,3,0,0,56,0,56,G
7-M,4,57,0,0,0,57,A
7-M,5,0,0,67,0,67,G
7-M,6,0,0,0,70,70,C
7-M,7,0,0,0,75,75,C
7-M,8,0,101,0,0,101,T
7-M,9,0,101,0,0,101,T
7-M,10,0,0,0,100,100,C
7-M,11,0,101,0,0,101,T
7-M,12,103,0,0,0,103,A
7-M,13,105,0,0,0,105,A
7-M,14,0,0,0,105,105,C
7-M,15,1,0,0,104,105,C
7-M,16,0,0,105,0,105,G
7-M,17,107,0,0,1,108,A
7-M,18,0,0,108,0,108,G
7-M,19,0,0,112,0,112,G
7-M,20,0,112,0,0,112,T
7-M,21,1,0,0,111,112,C
7-M,22,0,1,110,0,111,G
7-M,23,115,0,0,0,115,A
7-M,24,116,0,0,0,116,A
7-M,25,117,0,0,0,117,A
7-M,26,0,0,0,130,130,C
7-M,27,0,0,133,0,133,G
7-M,28,0,134,0,0,134,T
7-M,29,138,0,0,0,138,A
7-M,30,0,139,0,0,139,T
7-M,31,0,0,142,0,142,G
7-M,32,0,143,0,0,143,T
7-M,33,0,155,0,0,155,T
7-M,34,1,0,0,161,162,C
7-M,35,0,162,0,0,162,T
7-M,36,0,0,0,170,170,C
7-M,37,0,170,0,1,171,T
7-M,38,0,0,0,179,179,C
7-M,39,0,179,0,0,179,T
7-M,40,181,0,0,0,181,A
7-M,41,0,181,0,0,181,T
7-M,42,0,0,0,185,185,C
7-M,43,0,0,186,0,186,G
7-M,44,0,188,0,0,188,T
7-M,45,0,187,0,0,187,T
7-M,46,0,0,0,192,192,C
7-M,47,1,1,0,196,198,C
7-M,48,200,0,0,0,200,A
7-M,49,0,200,0,0,200,T
7-M,50,0,0,0,199,199,C
7-M,51,198,0,0,0,198,A
7-M,52,0,1,198,0,199,G
7-M,53,0,0,200,0,200,G
7-M,54,0,0,0,200,200,C
7-M,55,0,0,0,199,199,C
7-M,56,0,0,0,201,201,C
7-M,57,0,1,0,203,204,C
7-M,58,0,0,0,209,209,C
7-M,59,0,212,0,0,212,T
7-M,60,0,0,0,212,212,C
7-M,61,212,0,0,0,212,A
7-M,62,213,0,0,0,213,A
7-M,63,221,0,1,0,222,A
7-M,64,1,0,224,0,225,G
7-M,65,0,0,0,225,225,C
7-M,66,0,0,0,225,225,C
7-M,67,0,0,225,0,225,G
7-M,68,224,1,0,0,225,A
7-M,69,0,0,226,0,226,G
7-M,70,225,0,0,0,225,A
7-M,71,0,227,0,0,227,T
7-M,72,0,0,0,226,226,C
7-M,73,0,0,229,0,229,G
7-M,74,0,0,0,232,232,C
7-M,75,0,0,233,0,233,G
7-M,76,0,0,0,234,234,C
7-M,77,233,0,1,0,234,A
7-M,78,0,0,236,0,236,G
7-M,79,234,0,0,0,234,A
7-M,80,0,0,259,0,259,G
7-M,81,258,0,0,0,258,A
7-M,82,0,0,0,269,269,C
7-M,83,0,269,0,0,269,T
7-M,84,0,268,0,0,268,T
7-M,85,0,0,268,0,268,G
7-M,86,268,0,0,0,268,A
7-M,87,269,0,0,0,269,A
7-M,88,0,0,268,0,268,G
7-M,89,265,0,0,0,265,A
7-M,90,0,267,0,1,268,T
7-M,91,0,0,269,0,269,G
7-M,92,0,271,0,0,271,T
7-M,93,0,0,0,273,273,C
7-M,94,0,272,0,0,272,T
7-M,95,0,273,0,0,273,T
7-M,96,0,273,0,0,273,T
7-M,97,1,0,272,0,273,G
7-M,98,0,2,0,270,272,C
7-M,99,0,273,0,0,273,T
7-M,100,0,0,271,0,271,G
7-M,101,0,1,270,0,271,G
7-M,102,0,0,276,0,276,G
7-M,103,275,0,1,0,276,A
7-M,104,277,0,0,0,277,A
7-M,105,276,0,0,0,276,A
7-M,106,276,0,2,0,278,A
7-M,107,280,0,0,0,280,A
7-M,108,0,0,0,281,281,C
7-M,109,272,0,10,0,282,A
7-M,110,0,0,0,282,282,C
7-M,111,281,1,0,0,282,A
7-M,112,0,0,289,0,289,G
7-M,113,295,0,0,0,295,A
7-M,114,0,308,0,0,308,T
7-M,115,0,0,0,311,311,C
7-M,116,0,311,0,0,311,T
7-M,117,0,312,0,0,312,T
7-M,118,0,0,312,0,312,G
7-M,119,312,0,0,0,312,A
7-M,120,0,0,311,0,311,G
7-M,121,0,0,312,0,312,G
7-M,122,0,0,0,313,313,C
7-M,123,0,309,0,0,309,T
7-M,124,1,0,0,346,347,C
7-M,125,0,344,0,0,344,T
7-M,126,1,1,0,347,349,C
7-M,127,348,0,1,0,349,A
7-M,128,0,348,0,0,348,T
7-M,129,0,2,346,0,348,G
7-M,130,0,1,350,0,351,G
7-M,131,350,0,1,0,351,A
7-M,132,350,0,0,0,350,A
7-M,133,0,342,0,0,342,T
7-M,134,0,0,353,0,353,G
7-M,135,0,1,370,0,371,G
7-M,136,0,0,0,372,372,C
7-M,137,0,373,0,0,373,T
7-M,138,373,0,0,0,373,A
7-M,139,372,0,0,0,372,A
7-M,140,377,0,0,0,377,A
7-M,141,0,0,380,0,380,G
7-M,142,379,0,0,0,379,A
7-M,143,0,0,0,382,382,C
7-M,144,377,0,0,0,377,A
7-M,145,374,0,1,0,375,A
7-M,146,0,1,383,0,384,G
7-M,147,381,0,1,0,382,A
7-M,148,0,0,0,384,384,C
7-M,149,0,0,0,385,385,C
7-M,150,387,0,0,0,387,A
7-M,151,395,0,0,0,395,A
7-M,152,0,394,0,0,394,T
7-M,153,0,395,0,0,395,T
7-M,154,0,0,0,403,403,C
7-M,155,0,398,0,1,399,T
7-M,156,0,0,399,0,399,G
7-M,157,0,400,0,0,400,T
7-M,158,3,1,0,396,400,C
7-M,159,399,0,0,0,399,A
7-M,160,0,0,0,407,407,C
7-M,161,0,0,0,410,410,C
7-M,162,0,407,0,0,407,T
7-M,163,0,0,0,408,408,C
7-M,164,0,406,0,0,406,T
7-M,165,0,0,422,0,422,G
7-M,166,420,0,2,0,422,A
7-M,167,0,0,0,422,422,C
7-M,168,0,421,0,0,421,T
7-M,169,418,0,0,0,418,A
7-M,170,415,0,0,0,415,A
7-M,171,1,3,411,0,415,G
7-M,172,0,2,416,0,418,G
7-M,173,0,1,417,0,418,G
7-M,174,0,1,417,0,418,G
7-M,175,423,0,0,0,423,A
7-M,176,0,423,0,0,423,T
7-M,177,1,419,1,0,421,T
7-M,178,0,423,1,0,424,T
7-M,179,0,423,2,0,425,T
7-M,180,0,0,426,0,426,G
7-M,181,0,1,422,0,423,G
7-M,182,0,0,425,0,425,G
7-M,183,0,0,424,0,424,G
7-M,184,0,419,1,1,421,T
7-M,185,0,419,1,0,420,T
7-M,186,0,421,0,0,421,T
7-M,187,0,0,427,0,427,G
7-M,188,0,431,0,0,431,T
7-M,189,0,0,435,0,435,G
7-M,190,0,431,0,1,432,T
7-M,191,0,432,0,0,432,T
7-M,192,1,0,0,433,434,C
7-M,193,435,0,0,0,435,A
7-M,194,0,0,0,443,443,C
7-M,195,0,0,441,0,441,G
7-M,196,0,0,0,442,442,C
7-M,197,0,440,0,0,440,T
7-M,198,2,0,0,449,451,C
7-M,199,450,0,0,0,450,A
7-M,200,0,1,0,456,457,C
7-M,201,0,0,0,455,455,C
7-M,202,3,0,452,0,455,G
7-M,203,0,461,0,1,462,T
7-M,204,0,0,458,0,458,G
7-M,205,0,1,0,460,461,C
7-M,206,1,0,0,455,456,C
7-M,207,0,0,0,460,460,C
7-M,208,460,0,0,0,460,A
7-M,209,0,1,468,0,469,G
7-M,210,0,467,0,0,467,T
7-M,211,0,1,472,0,473,G
7-M,212,481,0,0,0,481,A
7-M,213,0,1,477,1,479,G
7-M,214,0,0,0,481,481,C
7-M,215,0,2,481,0,483,G
7-M,216,480,0,0,0,480,A
7-M,217,0,1,482,0,483,G
7-M,218,0,3,480,0,483,G
7-M,219,482,0,1,0,483,A
7-M,220,1,0,0,488,489,C
7-M,221,0,485,0,0,485,T
7-M,222,0,0,484,0,484,G
7-M,223,1,0,0,485,486,C
7-M,224,484,0,1,0,485,A
7-M,225,0,0,494,0,494,G
7-M,226,0,0,0,495,495,C
7-M,227,0,0,497,0,497,G
7-M,228,0,500,0,0,500,T
7-M,229,494,0,1,0,495,A
7-M,230,0,1,494,0,495,G
7-M,231,497,0,0,0,497,A
7-M,232,0,0,0,498,498,C
7-M,233,1,0,500,0,501,G
7-M,234,0,0,0,496,496,C
7-M,235,0,490,0,0,490,T
7-M,236,0,491,0,0,491,T
7-M,237,0,491,0,0,491,T
7-M,238,0,0,497,0,497,G
7-M,239,0,499,0,0,499,T
7-M,240,1,0,0,499,500,C
7-M,241,1,0,0,502,503,C
7-M,242,504,0,0,0,504,A
7-M,243,501,0,0,0,501,A
7-M,244,504,0,0,0,504,A
7-M,245,503,0,0,0,503,A
7-M,246,0,502,0,0,502,T
7-M,247,0,0,496,0,496,G
7-M,248,0,0,0,491,491,C
7-M,249,1,0,0,491,492,C
7-M,250,0,0,0,501,501,C
7-M,251,0,497,0,0,497,T
7-M,252,0,0,0,516,516,C
7-M,253,522,0,0,0,522,A
7-M,254,522,0,0,0,522,A
7-M,255,0,526,0,0,526,T
7-M,256,0,3,523,0,526,G
7-M,257,0,0,531,0,531,G
7-M,258,0,2,533,0,535,G
7-M,259,532,0,0,0,532,A
7-M,260,533,0,0,0,533,A
7-M,261,0,516,0,0,516,T
7-M,262,0,0,518,0,518,G
7-M,263,0,1,518,0,519,G
7-M,264,514,0,1,0,515,A
7-M,265,0,2,514,0,516,G
7-M,266,510,0,1,0,511,A
7-M,267,1,0,0,505,506,C
7-M,268,0,0,0,527,527,C
7-M,269,2,0,0,532,534,C
7-M,270,538,0,0,0,538,A
7-M,271,538,0,0,0,538,A
7-M,272,538,0,0,0,538,A
7-M,273,1,541,0,0,542,T
7-M,274,563,0,0,0,563,A
7-M,275,564,0,0,0,564,A
7-M,276,0,0,0,550,550,C
7-M,277,547,0,0,0,547,A
7-M,278,0,545,0,0,545,T
7-M,279,0,1,556,0,557,G
7-M,280,0,2,561,0,563,G
7-M,281,562,0,0,0,562,A
7-M,282,0,0,0,563,563,C
7-M,283,553,0,0,0,553,A
7-M,284,552,0,0,0,552,A
7-M,285,552,0,2,0,554,A
7-M,286,1,0,553,0,554,G
7-M,287,0,0,0,568,568,C
7-M,288,558,0,0,0,558,A
7-M,289,1,0,564,0,565,G
7-M,290,0,565,0,0,565,T
7-M,291,0,564,0,1,565,T
7-M,292,568,0,0,0,568,A
7-M,293,564,0,0,0,564,A
7-M,294,564,0,1,0,565,A
7-M,295,0,0,0,576,576,C
7-M,296,0,570,0,0,570,T
7-M,297,0,1,622,0,623,G
7-M,298,0,613,0,0,613,T
7-M,299,614,1,0,0,615,A
7-M,300,0,614,0,1,615,T
7-M,301,612,0,0,0,612,A
7-M,302,0,0,614,0,614,G
7-M,303,0,1,613,0,614,G
7-M,304,612,1,0,0,613,A
7-M,305,612,0,0,0,612,A
7-M,306,577,1,0,0,578,A
7-M,307,0,0,0,584,584,C
7-M,308,0,580,0,0,580,T
7-M,309,0,583,0,0,583,T
7-M,310,582,0,1,0,583,A
7-M,311,585,0,0,0,585,A
7-M,312,0,0,585,0,585,G
7-M,313,577,0,2,0,579,A
7-M,314,0,0,581,0,581,G
7-M,315,547,0,1,0,548,A
7-M,316,0,0,561,0,561,G
7-M,317,566,0,0,0,566,A
7-M,318,0,0,568,1,569,G
7-M,319,574,0,0,0,574,A
7-M,320,0,568,0,0,568,T
7-M,321,569,0,2,0,571,A
7-M,322,573,1,0,0,574,A
7-M,323,0,0,0,575,575,C
7-M,324,0,0,574,0,574,G
7-M,325,0,574,0,0,574,T
7-M,326,0,562,0,0,562,T
7-M,327,1,0,0,570,571,C
7-M,328,0,0,0,560,560,C
7-M,329,561,0,0,0,561,A
7-M,330,0,560,0,1,561,T
7-M,331,0,1,558,0,559,G
7-M,332,0,1,564,0,565,G
7-M,333,0,2,563,0,565,G
7-M,334,0,0,565,0,565,G
7-M,335,0,0,0,567,567,C
7-M,336,2,0,0,563,565,C
7-M,337,568,0,0,0,568,A
7-M,338,568,0,0,0,568,A
7-M,339,569,0,1,0,570,A
7-M,340,0,1,572,0,573,G
7-M,341,576,1,0,0,577,A
7-M,342,574,0,0,0,574,A
7-M,343,568,0,0,0,568,A
7-M,344,0,567,0,0,567,T
7-M,345,567,0,0,0,567,A
7-M,346,0,0,575,0,575,G
7-M,347,0,0,0,567,567,C
7-M,348,0,570,0,0,570,T
7-M,349,0,1,0,572,573,C
7-M,350,0,572,0,0,572,T
7-M,351,0,0,0,584,584,C
7-M,352,585,0,0,0,585,A
7-M,353,0,1,584,0,585,G
7-M,354,0,576,0,0,576,T
7-M,355,0,585,0,0,585,T
7-M,356,588,0,1,0,589,A
7-M,357,1,587,0,0,588,T
7-M,358,0,586,0,0,586,T
7-M,359,2,0,0,585,587,C
7-M,360,0,573,0,0,573,T
7-M,361,3,0,575,0,578,G
7-M,362,0,0,0,573,573,C
7-M,363,0,574,0,0,574,T
7-M,364,0,1,574,0,575,G
7-M,365,0,0,578,0,578,G
7-M,366,0,575,0,3,578,T
7-M,367,0,0,577,0,577,G
7-M,368,0,0,0,571,571,C
7-M,369,576,0,0,0,576,A
7-M,370,0,0,0,578,578,C
7-M,371,1,569,0,0,570,T
7-M,372,0,577,1,1,579,T
7-M,373,1,0,579,0,580,G
7-M,374,0,1,0,576,577,C
7-M,375,0,0,0,579,579,C
7-M,376,576,0,0,0,576,A
7-M,377,1,0,579,0,580,G
7-M,378,0,578,0,0,578,T
7-M,379,0,569,0,3,572,T
7-M,380,1,0,569,0,570,G
7-M,381,0,561,0,1,562,T
7-M,382,575,1,0,0,576,A
7-M,383,0,576,0,0,576,T
7-M,384,0,1,574,0,575,G
7-M,385,0,0,577,0,577,G
7-M,386,0,1,572,0,573,G
7-M,387,2,0,0,571,573,C
7-M,388,0,0,0,584,584,C
7-M,389,0,573,0,3,576,T
7-M,390,0,0,0,584,584,C
7-M,391,615,0,0,0,615,A
7-M,392,0,615,0,0,615,T
7-M,393,628,0,0,0,628,A
7-M,394,0,627,0,1,628,T
7-M,395,621,0,0,0,621,A
7-M,396,0,0,0,671,671,C
7-M,397,648,0,0,0,648,A
7-M,398,652,0,1,0,653,A
7-M,399,0,648,0,0,648,T
7-M,400,617,0,0,0,617,A
7-M,401,0,0,621,0,621,G
7-M,402,0,0,614,0,614,G
7-M,403,611,0,2,0,613,A
7-M,404,0,605,0,1,606,T
7-M,405,0,0,571,0,571,G
7-M,406,0,1,568,0,569,G
7-M,407,0,1,569,0,570,G
7-M,408,0,1,575,0,576,G
7-M,409,0,0,579,0,579,G
7-M,410,0,0,1,575,576,C
7-M,411,0,569,0,0,569,T
7-M,412,0,0,573,0,573,G
7-M,413,0,573,0,0,573,T
7-M,414,572,0,0,0,572,A
7-M,415,573,0,0,0,573,A
7-M,416,0,0,0,576,576,C
7-M,417,1,0,0,569,570,C
7-M,418,565,0,0,1,566,A
7-M,419,0,0,0,566,566,C
7-M,420,0,565,0,1,566,T
7-M,421,0,0,570,0,570,G
7-M,422,567,1,0,0,568,A
7-M,423,562,0,0,0,562,A
7-M,424,0,0,564,0,564,G
7-M,425,0,557,0,1,558,T
7-M,426,0,1,558,0,559,G
7-M,427,0,0,561,0,561,G
7-M,428,0,0,0,563,563,C
7-M,429,564,0,0,0,564,A
7-M,430,0,561,0,0,561,T
7-M,431,0,562,0,0,562,T
7-M,432,0,561,0,0,561,T
7-M,433,0,1,578,0,579,G
7-M,434,0,0,578,0,578,G
7-M,435,0,0,0,576,576,C
7-M,436,1,0,0,577,578,C
7-M,437,0,570,0,1,571,T
7-M,438,1,1,589,0,591,G
7-M,439,0,1,596,0,597,G
7-M,440,0,600,0,0,600,T
7-M,441,600,0,0,0,600,A
7-M,442,0,581,0,0,581,T
7-M,443,1,0,594,0,595,G
7-M,444,0,599,0,0,599,T
7-M,445,0,0,597,0,597,G
7-M,446,0,0,0,601,601,C
7-M,447,580,0,0,0,580,A
7-M,448,581,0,0,0,581,A
7-M,449,0,0,0,583,583,C
7-M,450,584,0,0,0,584,A
7-M,451,0,584,0,1,585,T
7-M,452,0,0,580,0,580,G
7-M,453,0,566,0,0,566,T
7-M,454,0,5,561,0,566,G
7-M,455,564,0,1,0,565,A
7-M,456,0,0,567,0,567,G
7-M,457,0,0,0,566,566,C
7-M,458,555,0,1,0,556,A
7-M,459,0,0,553,0,553,G
7-M,460,557,0,0,0,557,A
7-M,461,0,560,0,0,560,T
7-M,462,0,559,0,0,559,T
7-M,463,0,0,561,0,561,G
7-M,464,0,0,0,560,560,C
7-M,465,0,557,0,2,559,T
7-M,466,0,0,557,0,557,G
7-M,467,557,1,1,0,559,A
7-M,468,0,0,0,589,589,C
7-M,469,0,583,0,1,584,T
7-M,470,0,0,0,580,580,C
7-M,471,1,0,0,580,581,C
7-M,472,0,1,0,586,587,C
7-M,473,589,0,0,0,589,A
7-M,474,0,0,593,0,593,G
7-M,475,0,0,0,591,591,C
7-M,476,594,0,0,0,594,A
7-M,477,0,0,0,593,593,C
7-M,478,560,0,0,0,560,A
7-M,479,0,0,567,0,567,G
7-M,480,0,0,568,0,568,G
7-M,481,0,558,0,1,559,T
7-M,482,2,0,0,571,573,C
7-M,483,0,567,1,0,568,T
7-M,484,1,1,0,571,573,C
7-M,485,573,0,0,0,573,A
7-M,486,0,576,0,0,576,T
7-M,487,575,0,1,0,576,A
7-M,488,0,1,570,0,571,G
7-M,489,0,0,569,0,569,G
7-M,490,0,0,0,570,570,C
7-M,491,554,0,1,0,555,A
7-M,492,0,1,547,0,548,G
7-M,493,555,0,0,0,555,A
7-M,494,0,555,0,0,555,T
7-M,495,0,0,557,0,557,G
7-M,496,0,1,554,0,555,G
7-M,497,0,550,0,0,550,T
7-M,498,0,1,557,0,558,G
7-M,499,0,0,561,0,561,G
7-M,500,1,0,0,561,562,C
7-M,501,561,0,0,0,561,A
7-M,502,557,0,3,1,561,A
7-M,503,0,1,0,566,567,C
7-M,504,565,0,0,0,565,A
7-M,505,566,0,0,0,566,A
7-M,506,0,0,0,565,565,C
7-M,507,0,0,0,563,563,C
7-M,508,556,0,0,0,556,A
7-M,509,555,0,0,0,555,A
7-M,510,0,555,0,0,555,T
7-M,511,3,0,0,556,559,C
7-M,512,1,0,0,549,550,C
7-M,513,547,0,0,0,547,A
7-M,514,0,546,1,0,547,T
7-M,515,0,549,0,0,549,T
7-M,516,550,0,0,0,550,A
7-M,517,551,0,0,0,551,A
7-M,518,0,547,0,1,548,T
7-M,519,541,1,0,0,542,A
7-M,520,542,0,0,0,542,A
7-M,521,534,0,0,0,534,A
7-M,522,538,0,0,0,538,A
7-M,523,0,0,0,547,547,C
7-M,524,545,1,0,0,546,A
7-M,525,0,546,0,0,546,T
7-M,526,0,2,544,0,546,G
7-M,527,540,0,0,0,540,A
7-M,528,0,0,545,0,545,G
7-M,529,536,0,0,0,536,A
7-M,530,539,1,0,0,540,A
7-M,531,0,1,0,542,543,C
7-M,532,524,0,0,0,524,A
7-M,533,0,2,530,0,532,G
7-M,534,527,0,0,0,527,A
7-M,535,527,0,0,0,527,A
7-M,536,0,526,0,0,526,T
7-M,537,0,0,523,0,523,G
7-M,538,0,1,524,0,525,G
7-M,539,0,524,0,0,524,T
7-M,540,0,512,0,1,513,T
7-M,541,0,521,0,0,521,T
7-M,542,0,521,0,0,521,T
7-M,543,0,0,526,0,526,G
7-M,544,0,0,525,0,525,G
7-M,545,0,0,0,525,525,C
7-M,546,0,0,1,525,526,C
7-M,547,509,0,0,0,509,A
7-M,548,1,0,524,0,525,G
7-M,549,0,0,0,527,527,C
7-M,550,527,0,1,0,528,A
7-M,551,1,0,0,537,538,C
7-M,552,0,532,0,1,533,T
7-M,553,537,0,0,0,537,A
7-M,554,0,0,0,541,541,C
7-M,555,545,0,0,0,545,A
7-M,556,0,0,560,0,560,G
7-M,557,0,0,0,544,544,C
7-M,558,0,537,0,3,540,T
7-M,559,539,0,0,0,539,A
7-M,560,529,0,1,0,530,A
7-M,561,0,0,537,0,537,G
7-M,562,0,0,540,0,540,G
7-M,563,0,0,0,541,541,C
7-M,564,0,517,0,0,517,T
7-M,565,514,0,0,0,514,A
7-M,566,0,514,0,1,515,T
7-M,567,0,1,511,0,512,G
7-M,568,0,2,514,0,516,G
7-M,569,506,0,1,0,507,A
7-M,570,1,0,507,0,508,G
7-M,571,0,0,0,501,501,C
7-M,572,499,0,0,0,499,A
7-M,573,499,0,1,0,500,A
7-M,574,495,0,0,0,495,A
7-M,575,0,504,0,0,504,T
7-M,576,0,2,502,0,504,G
7-M,577,0,0,502,0,502,G
7-M,578,0,0,0,499,499,C
7-M,579,0,497,0,0,497,T
7-M,580,0,0,499,0,499,G
7-M,581,0,2,504,0,506,G
7-M,582,504,0,1,0,505,A
7-M,583,0,504,0,1,505,T
7-M,584,4,0,0,491,495,C
7-M,585,495,0,0,0,495,A
7-M,586,495,0,1,0,496,A
7-M,587,0,0,499,0,499,G
7-M,588,0,500,0,0,500,T
7-M,589,0,1,500,0,501,G
7-M,590,496,0,0,0,496,A
7-M,591,491,0,1,0,492,A
7-M,592,0,0,0,494,494,C
7-M,593,497,0,0,0,497,A
7-M,594,1,0,502,0,503,G
7-M,595,1,0,496,0,497,G
7-M,596,0,0,0,498,498,C
7-M,597,495,0,0,0,495,A
7-M,598,0,0,502,0,502,G
7-M,599,1,0,0,500,501,C
7-M,600,0,0,499,0,499,G
7-M,601,0,0,500,0,500,G
7-M,602,498,0,0,0,498,A
7-M,603,0,0,502,0,502,G
7-M,604,0,0,503,0,503,G
7-M,605,1,0,0,506,507,C
7-M,606,0,0,0,500,500,C
7-M,607,504,0,0,0,504,A
7-M,608,0,505,0,0,505,T
7-M,609,1,1,503,0,505,G
7-M,610,0,0,505,0,505,G
7-M,611,505,0,0,0,505,A
7-M,612,0,0,503,0,503,G
7-M,613,483,0,0,0,483,A
7-M,614,0,493,0,1,494,T
7-M,615,0,491,0,0,491,T
7-M,616,0,0,492,0,492,G
7-M,617,0,0,0,493,493,C
7-M,618,0,493,0,0,493,T
7-M,619,495,0,0,0,495,A
7-M,620,0,0,494,0,494,G
7-M,621,0,491,0,0,491,T
7-M,622,3,0,0,488,491,C
7-M,623,481,0,0,0,481,A
7-M,624,2,0,483,0,485,G
7-M,625,0,1,484,0,485,G
7-M,626,0,0,0,483,483,C
7-M,627,2,1,0,484,487,C
7-M,628,490,0,0,0,490,A
7-M,629,0,1,498,0,499,G
7-M,630,0,0,497,0,497,G
7-M,631,1,1,0,498,500,C
7-M,632,502,0,0,0,502,A
7-M,633,0,0,492,0,492,G
7-M,634,491,0,2,0,493,A
7-M,635,0,495,0,0,495,T
7-M,636,0,1,499,0,500,G
7-M,637,1,1,509,0,511,G
7-M,638,0,500,0,0,500,T
7-M,639,7,0,496,0,503,G
7-M,640,1,0,0,499,500,C
7-M,641,496,1,1,0,498,A
7-M,642,0,0,509,0,509,G
7-M,643,0,0,504,0,504,G
7-M,644,0,0,0,508,508,C
7-M,645,511,0,0,0,511,A
7-M,646,502,0,0,0,502,A
7-M,647,0,498,0,0,498,T
7-M,648,0,2,496,0,498,G
7-M,649,494,0,1,0,495,A
7-M,650,0,1,495,0,496,G
7-M,651,484,0,1,0,485,A
7-M,652,0,0,485,0,485,G
7-M,653,0,0,0,498,498,C
7-M,654,1,1,0,497,499,C
7-M,655,502,0,0,0,502,A
7-M,656,0,502,0,0,502,T
7-M,657,0,504,0,1,505,T
7-M,658,0,2,501,0,503,G
7-M,659,0,0,500,0,500,G
7-M,660,0,3,503,0,506,G
7-M,661,503,2,1,0,506,A
7-M,662,2,0,0,501,503,C
7-M,663,0,485,0,2,487,T
7-M,664,0,0,0,487,487,C
7-M,665,490,0,0,0,490,A
7-M,666,0,499,0,1,500,T
7-M,667,1,0,0,502,503,C
7-M,668,1,0,0,501,502,C
7-M,669,0,498,0,0,498,T
7-M,670,496,0,0,0,496,A
7-M,671,0,0,500,0,500,G
7-M,672,0,511,0,0,511,T
7-M,673,0,507,0,0,507,T
7-M,674,2,0,0,503,505,C
7-M,675,1,0,0,496,497,C
7-M,676,493,0,0,0,493,A
7-M,677,0,0,499,0,499,G
7-M,678,0,498,0,0,498,T
7-M,679,499,0,0,0,499,A
7-M,680,0,0,0,495,495,C
7-M,681,0,467,0,1,468,T
7-M,682,0,0,492,0,492,G
7-M,683,0,0,490,0,490,G
7-M,684,0,488,0,0,488,T
7-M,685,0,479,0,0,479,T
7-M,686,0,486,0,0,486,T
7-M,687,484,0,0,0,484,A
7-M,688,485,0,2,0,487,A
7-M,689,0,1,485,0,486,G
7-M,690,481,0,0,0,481,A
7-M,691,0,0,478,0,478,G
7-M,692,461,0,0,0,461,A
7-M,693,0,460,0,3,463,T
7-M,694,0,3,461,0,464,G
7-M,695,460,1,0,0,461,A
7-M,696,0,461,0,0,461,T
7-M,697,1,0,0,464,465,C
7-M,698,1,462,0,1,464,T
7-M,699,0,463,0,0,463,T
7-M,700,1,0,0,463,464,C
7-M,701,0,464,0,1,465,T
7-M,702,0,466,0,0,466,T
7-M,703,0,0,464,0,464,G
7-M,704,464,0,0,0,464,A
7-M,705,464,0,0,0,464,A
7-M,706,465,0,0,0,465,A
7-M,707,462,0,1,0,463,A
7-M,708,0,458,0,0,458,T
7-M,709,0,455,0,1,456,T
7-M,710,1,460,0,0,461,T
7-M,711,0,0,460,0,460,G
7-M,712,0,0,0,461,461,C
7-M,713,461,0,0,0,461,A
7-M,714,1,0,459,0,460,G
7-M,715,459,0,0,0,459,A
7-M,716,0,0,0,466,466,C
7-M,717,1,0,0,454,455,C
7-M,718,0,460,0,0,460,T
7-M,719,470,0,0,0,470,A
7-M,720,0,470,0,0,470,T
7-M,721,0,0,0,472,472,C
7-M,722,471,0,0,0,471,A
7-M,723,0,0,476,0,476,G
7-M,724,473,0,0,0,473,A
7-M,725,460,0,1,0,461,A
7-M,726,460,0,0,0,460,A
7-M,727,0,1,0,455,456,C
7-M,728,0,0,455,0,455,G
7-M,729,453,0,0,0,453,A
7-M,730,453,0,0,0,453,A
7-M,731,0,450,1,0,451,T
7-M,732,0,3,450,0,453,G
7-M,733,0,0,457,0,457,G
7-M,734,0,2,449,0,451,G
7-M,735,0,0,452,0,452,G
7-M,736,0,0,457,0,457,G
7-M,737,1,444,0,0,445,T
7-M,738,0,0,445,0,445,G
7-M,739,0,0,0,442,442,C
7-M,740,445,0,0,0,445,A
7-M,741,0,0,446,0,446,G
7-M,742,440,0,0,0,440,A
7-M,743,0,439,0,0,439,T
7-M,744,0,0,434,0,434,G
7-M,745,0,0,0,434,434,C
7-M,746,435,0,0,0,435,A
7-M,747,434,0,0,0,434,A
7-M,748,0,2,0,432,434,C
7-M,749,0,1,435,0,436,G
7-M,750,439,0,0,0,439,A
7-M,751,0,435,0,1,436,T
7-M,752,0,436,0,0,436,T
7-M,753,2,0,0,433,435,C
7-M,754,429,0,0,0,429,A
7-M,755,426,0,0,0,426,A
7-M,756,0,0,428,0,428,G
7-M,757,0,424,0,0,424,T
7-M,758,0,1,420,0,421,G
7-M,759,416,0,0,0,416,A
7-M,760,0,0,0,417,417,C
7-M,761,2,0,0,411,413,C
7-M,762,2,0,0,412,414,C
7-M,763,0,0,414,0,414,G
7-M,764,0,0,0,414,414,C
7-M,765,0,413,0,0,413,T
7-M,766,0,416,0,0,416,T
7-M,767,0,0,415,0,415,G
7-M,768,0,413,0,1,414,T
7-M,769,0,412,0,0,412,T
7-M,770,0,0,413,0,413,G
7-M,771,0,403,0,1,404,T
7-M,772,0,402,0,0,402,T
7-M,773,0,1,402,0,403,G
7-M,774,0,0,0,398,398,C
7-M,775,1,0,0,394,395,C
7-M,776,0,0,400,0,400,G
7-M,777,0,0,0,397,397,C
7-M,778,0,0,404,0,404,G
7-M,779,401,0,0,0,401,A
7-M,780,402,0,0,0,402,A
7-M,781,0,405,0,0,405,T
7-M,782,402,0,0,0,402,A
7-M,783,0,405,0,1,406,T
7-M,784,0,0,0,406,406,C
7-M,785,407,0,0,0,407,A
7-M,786,0,404,0,0,404,T
7-M,787,0,397,0,1,398,T
7-M,788,0,1,397,0,398,G
7-M,789,0,0,399,0,399,G
7-M,790,1,0,396,0,397,G
7-M,791,393,0,0,0,393,A
7-M,792,0,383,0,0,383,T
7-M,793,0,0,0,372,372,C
7-M,794,0,373,0,2,375,T
7-M,795,0,375,0,0,375,T
7-M,796,0,0,381,0,381,G
7-M,797,0,0,0,382,382,C
7-M,798,380,0,0,0,380,A
7-M,799,0,0,0,385,385,C
7-M,800,0,372,0,0,372,T
7-M,801,1,373,0,1,375,T
7-M,802,0,0,374,0,374,G
7-M,803,376,0,1,0,377,A
7-M,804,0,375,0,0,375,T
7-M,805,371,0,0,0,371,A
7-M,806,0,367,0,0,367,T
7-M,807,0,366,0,0,366,T
7-M,808,0,0,367,0,367,G
7-M,809,0,360,0,1,361,T
7-M,810,0,1,355,0,356,G
7-M,811,0,0,357,0,357,G
7-M,812,351,0,0,0,351,A
7-M,813,0,349,1,0,350,T
7-M,814,0,349,0,0,349,T
7-M,815,0,0,0,348,348,C
7-M,816,0,347,0,1,348,T
7-M,817,0,347,0,1,348,T
7-M,818,0,2,347,0,349,G
7-M,819,348,0,0,0,348,A
7-M,820,0,347,0,0,347,T
7-M,821,0,0,0,346,346,C
7-M,822,0,0,346,0,346,G
7-M,823,0,344,0,1,345,T
7-M,824,0,1,0,344,345,C
7-M,825,1,340,0,2,343,T
7-M,826,0,345,0,0,345,T
7-M,827,0,346,0,0,346,T
7-M,828,0,342,0,0,342,T
7-M,829,0,346,0,0,346,T
7-M,830,0,346,0,0,346,T
7-M,831,0,346,0,0,346,T
7-M,832,1,0,0,344,345,C
7-M,833,344,0,1,0,345,A
7-M,834,346,0,0,0,346,A
7-M,835,345,0,0,0,345,A
7-M,836,0,343,0,0,343,T
7-M,837,0,0,343,0,343,G
7-M,838,0,0,0,344,344,C
7-M,839,0,1,344,0,345,G
7-M,840,0,345,0,2,347,T
7-M,841,0,0,0,349,349,C
7-M,842,0,346,1,0,347,T
7-M,843,349,0,0,0,349,A
7-M,844,1,349,0,0,350,T
7-M,845,0,0,0,345,345,C
7-M,846,0,1,346,0,347,G
7-M,847,344,0,0,0,344,A
7-M,848,1,0,0,346,347,C
7-M,849,0,335,0,1,336,T
7-M,850,1,0,0,343,344,C
7-M,851,0,340,0,1,341,T
7-M,852,0,342,0,1,343,T
7-M,853,0,0,0,343,343,C
7-M,854,342,0,1,0,343,A
7-M,855,343,0,0,0,343,A
7-M,856,342,0,0,0,342,A
7-M,857,0,0,0,341,341,C
7-M,858,340,0,1,0,341,A
7-M,859,0,0,0,327,327,C
7-M,860,0,0,319,0,319,G
7-M,861,0,0,332,0,332,G
7-M,862,0,0,0,329,329,C
7-M,863,0,0,0,330,330,C
7-M,864,0,330,0,0,330,T
7-M,865,0,332,0,0,332,T
7-M,866,333,0,0,0,333,A
7-M,867,332,0,0,0,332,A
7-M,868,331,0,0,0,331,A
7-M,869,331,0,1,0,332,A
7-M,870,0,1,325,0,326,G
7-M,871,293,0,0,0,293,A
7-M,872,0,1,291,0,292,G
7-M,873,0,0,291,0,291,G
7-M,874,1,0,0,290,291,C
7-M,875,2,0,0,287,289,C
7-M,876,0,0,0,286,286,C
7-M,877,0,287,0,1,288,T
7-M,878,0,288,0,0,288,T
7-M,879,1,0,1,287,289,C
7-M,880,0,289,0,0,289,T
7-M,881,290,1,0,0,291,A
7-M,882,0,0,0,290,290,C
7-M,883,0,0,286,0,286,G
7-M,884,0,0,285,0,285,G
7-M,885,279,0,0,0,279,A
7-M,886,279,0,0,0,279,A
7-M,887,0,0,270,0,270,G
7-M,888,0,0,270,0,270,G
7-M,889,268,0,1,0,269,A
7-M,890,0,0,271,0,271,G
7-M,891,0,268,0,0,268,T
7-M,892,271,0,0,0,271,A
7-M,893,0,0,0,268,268,C
7-M,894,1,0,0,265,266,C
7-M,895,0,265,0,1,266,T
7-M,896,0,2,264,0,266,G
7-M,897,259,0,0,0,259,A
7-M,898,1,0,260,0,261,G
7-M,899,0,253,0,0,253,T
7-M,900,1,0,0,252,253,C
7-M,901,0,244,0,0,244,T
7-M,902,244,0,0,0,244,A
7-M,903,0,244,0,0,244,T
7-M,904,0,0,243,0,243,G
7-M,905,238,0,0,0,238,A
7-M,906,0,2,235,0,237,G
7-M,907,0,0,216,0,216,G
7-M,908,0,0,217,0,217,G
7-M,909,212,0,1,0,213,A
7-M,910,212,0,1,0,213,A
7-M,911,0,0,213,0,213,G
7-M,912,207,0,0,0,207,A
7-M,913,211,1,0,0,212,A
7-M,914,0,210,0,2,212,T
7-M,915,209,0,0,0,209,A
7-M,916,0,208,0,0,208,T
7-M,917,0,3,0,200,203,C
7-M,918,0,0,207,0,207,G
7-M,919,203,0,0,0,203,A
7-M,920,199,0,0,0,199,A
7-M,921,199,0,0,0,199,A
7-M,922,0,0,199,0,199,G
7-M,923,0,1,202,0,203,G
7-M,924,198,0,0,0,198,A
7-M,925,196,0,1,0,197,A
7-M,926,0,0,0,198,198,C
7-M,927,194,0,0,0,194,A
7-M,928,0,0,198,0,198,G
7-M,929,0,0,0,199,199,C
7-M,930,198,0,0,0,198,A
7-M,931,0,1,200,0,201,G
7-M,932,188,0,0,0,188,A
7-M,933,192,0,0,0,192,A
7-M,934,0,192,0,0,192,T
7-M,935,0,0,185,0,185,G
7-M,936,0,0,0,185,185,C
7-M,937,0,178,0,0,178,T
7-M,938,0,0,178,0,178,G
7-M,939,0,177,0,0,177,T
7-M,940,0,0,173,0,173,G
7-M,941,0,0,175,0,175,G
7-M,942,171,0,0,0,171,A
7-M,943,0,170,0,0,170,T
7-M,944,0,0,167,0,167,G
7-M,945,0,0,0,163,163,C
7-M,946,0,151,0,0,151,T
7-M,947,0,0,148,0,148,G
7-M,948,147,0,0,0,147,A
7-M,949,0,0,0,145,145,C
7-M,950,0,0,140,0,140,G
7-M,951,139,0,0,0,139,A
7-M,952,0,0,0,140,140,C
7-M,953,138,0,0,0,138,A
7-M,954,0,0,139,0,139,G
7-M,955,0,139,0,0,139,T
7-M,956,1,0,0,137,138,C
7-M,957,138,0,0,0,138,A
7-M,958,1,135,0,0,136,T
7-M,959,0,137,0,0,137,T
7-M,960,0,135,0,0,135,T
7-M,961,0,134,0,0,134,T
7-M,962,0,0,134,0,134,G
7-M,963,0,127,0,0,127,T
7-M,964,0,0,0,127,127,C
7-M,965,123,0,0,0,123,A
7-M,966,0,0,122,0,122,G
7-M,967,0,0,0,123,123,C
7-M,968,123,0,0,0,123,A
7-M,969,0,123,0,0,123,T
7-M,970,116,0,0,0,116,A
7-M,971,0,0,116,0,116,G
7-M,972,112,0,0,0,112,A
7-M,973,0,0,109,0,109,G
7-M,974,0,110,0,0,110,T
7-M,975,0,75,0,0,75,T
7-M,976,0,0,74,0,74,G
7-M,977,0,0,73,0,73,G
7-M,978,72,0,1,0,73,A
7-M,979,0,0,73,0,73,G
7-M,980,0,49,0,0,49,T
7-M,981,47,0,0,0,47,A
7-M,982,46,0,0,0,46,A
8-NS,1,324,0,0,0,324,A
8-NS,2,0,327,0,0,327,T
8-NS,3,0,0,348,0,348,G
8-NS,4,0,0,367,0,367,G
8-NS,5,406,0,0,0,406,A
8-NS,6,0,820,0,0,820,T
8-NS,7,0,822,0,1,823,T
8-NS,8,1,0,0,845,846,C
8-NS,9,0,1,0,849,850,C
8-NS,10,847,1,1,1,850,A
8-NS,11,857,0,2,0,859,A
8-NS,12,0,0,0,863,863,C
8-NS,13,864,0,0,0,864,A
8-NS,14,0,0,0,871,871,C
8-NS,15,0,874,0,0,874,T
8-NS,16,0,0,971,0,971,G
8-NS,17,0,971,0,0,971,T
8-NS,18,1,0,982,0,983,G
8-NS,19,0,980,0,3,983,T
8-NS,20,2,0,0,981,983,C
8-NS,21,984,0,0,0,984,A
8-NS,22,979,0,2,0,981,A
8-NS,23,1,0,995,0,996,G
8-NS,24,0,1024,0,0,1024,T
8-NS,25,0,1018,0,0,1018,T
8-NS,26,0,1032,0,0,1032,T
8-NS,27,0,0,0,1032,1032,C
8-NS,28,2,0,0,1039,1041,C
8-NS,29,1038,0,1,1,1040,A
8-NS,30,0,1,1049,0,1050,G
8-NS,31,1,0,1054,0,1055,G
8-NS,32,0,1053,0,0,1053,T
8-NS,33,1058,0,0,0,1058,A
8-NS,34,0,1,1064,0,1065,G
8-NS,35,1059,0,3,0,1062,A
8-NS,36,0,1068,0,0,1068,T
8-NS,37,0,1067,0,0,1067,T
8-NS,38,0,0,1079,0,1079,G
8-NS,39,0,0,0,1079,1079,C
8-NS,40,0,1079,0,3,1082,T
8-NS,41,0,1092,0,1,1093,T
8-NS,42,0,1101,0,0,1101,T
8-NS,43,3,0,0,1116,1119,C
8-NS,44,1,1118,0,0,1119,T
8-NS,45,0,1119,0,0,1119,T
8-NS,46,0,1117,0,1,1118,T
8-NS,47,1,2,1124,0,1127,G
8-NS,48,2,0,1130,0,1132,G
8-NS,49,0,0,0,1136,1136,C
8-NS,50,1131,0,0,0,1131,A
8-NS,51,1,1130,0,0,1131,T
8-NS,52,1132,1,1,0,1134,A
8-NS,53,0,1251,0,1,1252,T
8-NS,54,2,0,1,1259,1262,C
8-NS,55,0,0,0,1264,1264,C
8-NS,56,0,0,1263,0,1263,G
8-NS,57,0,1260,1,1,1262,T
8-NS,58,1280,0,0,0,1280,A
8-NS,59,1285,0,1,0,1286,A
8-NS,60,1287,0,1,1,1289,A
8-NS,61,0,1,0,1291,1292,C
8-NS,62,1278,0,0,0,1278,A
8-NS,63,1276,0,4,0,1280,A
8-NS,64,0,0,1349,0,1349,G
8-NS,65,0,1354,0,0,1354,T
8-NS,66,0,1353,0,0,1353,T
8-NS,67,12,0,1344,0,1356,G
8-NS,68,0,1356,0,0,1356,T
8-NS,69,1350,1,1,0,1352,A
8-NS,70,1,7,1361,0,1369,G
8-NS,71,1446,0,0,1,1447,A
8-NS,72,0,0,0,1468,1468,C
8-NS,73,1,0,1,1454,1456,C
8-NS,74,1456,0,0,0,1456,A
8-NS,75,1461,1,1,0,1463,A
8-NS,76,0,7,1515,0,1522,G
8-NS,77,1527,0,0,0,1527,A
8-NS,78,1540,0,1,0,1541,A
8-NS,79,0,0,0,1540,1540,C
8-NS,80,0,1519,0,0,1519,T
8-NS,81,1,4,1524,0,1529,G
8-NS,82,1531,0,1,0,1532,A
8-NS,83,0,0,1565,1,1566,G
8-NS,84,0,1563,0,2,1565,T
8-NS,85,0,1,1557,0,1558,G
8-NS,86,1562,0,0,0,1562,A
8-NS,87,0,1567,0,0,1567,T
8-NS,88,0,1,1599,0,1600,G
8-NS,89,0,0,1,1607,1608,C
8-NS,90,1,0,1,1616,1618,C
8-NS,91,4,1,0,1621,1626,C
8-NS,92,0,0,0,1615,1615,C
8-NS,93,1627,0,0,0,1627,A
8-NS,94,0,1654,0,1,1655,T
8-NS,95,0,1670,0,1,1671,T
8-NS,96,4,0,0,1683,1687,C
8-NS,97,1,1,0,1677,1679,C
8-NS,98,0,1671,0,6,1677,T
8-NS,99,0,1678,0,0,1678,T
8-NS,100,0,4,1672,0,1676,G
8-NS,101,1676,0,0,0,1676,A
8-NS,102,1,1672,0,1,1674,T
8-NS,103,4,2,0,1669,1675,C
8-NS,104,1,2,1666,0,1669,G
8-NS,105,2,0,1672,0,1674,G
8-NS,106,0,1,0,1679,1680,C
8-NS,107,0,1677,0,3,1680,T
8-NS,108,0,1683,0,0,1683,T
8-NS,109,3,1,0,1679,1683,C
8-NS,110,0,1,1693,0,1694,G
8-NS,111,0,1,0,1693,1694,C
8-NS,112,2,0,0,1693,1695,C
8-NS,113,3,1,1698,0,1702,G
8-NS,114,1692,0,2,0,1694,A
8-NS,115,0,3,1758,0,1761,G
8-NS,116,1764,0,0,0,1764,A
8-NS,117,0,1765,0,0,1765,T
8-NS,118,2,0,0,1771,1773,C
8-NS,119,1760,0,2,0,1762,A
8-NS,120,1,0,1767,0,1768,G
8-NS,121,1758,1,4,0,1763,A
8-NS,122,1,1,1778,0,1780,G
8-NS,123,1,0,1794,0,1795,G
8-NS,124,0,1818,0,0,1818,T
8-NS,125,2,0,0,1914,1916,C
8-NS,126,2,0,0,1916,1918,C
8-NS,127,2,0,0,1926,1928,C
8-NS,128,0,1931,0,0,1931,T
8-NS,129,1933,0,0,0,1933,A
8-NS,130,1934,1,0,0,1935,A
8-NS,131,1,9,1953,0,1963,G
8-NS,132,0,5,1968,0,1973,G
8-NS,133,0,4,1959,0,1963,G
8-NS,134,0,6,1923,1,1930,G
8-NS,135,1927,0,0,0,1927,A
8-NS,136,1930,0,3,1,1934,A
8-NS,137,0,0,1944,0,1944,G
8-NS,138,1982,0,3,0,1985,A
8-NS,139,0,1,2004,0,2005,G
8-NS,140,3,1,2000,1,2005,G
8-NS,141,0,1,0,2005,2006,C
8-NS,142,1993,0,1,0,1994,A
8-NS,143,1997,2,0,0,1999,A
8-NS,144,0,2002,0,0,2002,T
8-NS,145,2022,0,1,0,2023,A
8-NS,146,0,0,0,2045,2045,C
8-NS,147,0,2009,0,0,2009,T
8-NS,148,1,1,0,2008,2010,C
8-NS,149,1,1995,1,1,1998,T
8-NS,150,5,2,0,2019,2026,C
8-NS,151,0,0,2051,0,2051,G
8-NS,152,1,0,2156,0,2157,G
8-NS,153,0,2157,0,1,2158,T
8-NS,154,4,8,0,2154,2166,C
8-NS,155,0,2159,0,3,2162,T
8-NS,156,2168,0,1,0,2169,A
8-NS,157,0,2,2168,0,2170,G
8-NS,158,2166,0,2,0,2168,A
8-NS,159,0,0,0,2219,2219,C
8-NS,160,2184,0,2,0,2186,A
8-NS,161,0,2165,0,0,2165,T
8-NS,162,2,0,0,2164,2166,C
8-NS,163,2161,0,1,0,2162,A
8-NS,164,2162,1,0,0,2163,A
8-NS,165,2148,0,0,0,2148,A
8-NS,166,0,1,2152,0,2153,G
8-NS,167,2,1,0,2160,2163,C
8-NS,168,2143,1,0,0,2144,A
8-NS,169,1,2,2148,0,2151,G
8-NS,170,0,1,0,2148,2149,C
8-NS,171,4,9,0,2138,2151,C
8-NS,172,2152,1,1,0,2154,A
8-NS,173,0,0,1,2182,2183,C
8-NS,174,2,0,0,2178,2180,C
8-NS,175,5,2,0,2177,2184,C
8-NS,176,2200,6,1,0,2207,A
8-NS,177,0,2210,1,0,2211,T
8-NS,178,0,0,2205,1,2206,G
8-NS,179,0,2195,0,0,2195,T
8-NS,180,0,2184,0,2,2186,T
8-NS,181,1,2,2180,0,2183,G
8-NS,182,0,1,2171,1,2173,G
8-NS,183,2158,0,2,0,2160,A
8-NS,184,2164,0,0,0,2164,A
8-NS,185,2132,0,3,0,2135,A
8-NS,186,1,1,2150,0,2152,G
8-NS,187,0,0,0,2156,2156,C
8-NS,188,2147,1,2,0,2150,A
8-NS,189,2145,0,4,1,2150,A
8-NS,190,2152,0,1,0,2153,A
8-NS,191,0,2164,2,0,2166,T
8-NS,192,0,2160,0,2,2162,T
8-NS,193,0,0,2199,0,2199,G
8-NS,194,0,2200,0,1,2201,T
8-NS,195,2187,0,2,0,2189,A
8-NS,196,0,2,2192,0,2194,G
8-NS,197,2191,0,2,0,2193,A
8-NS,198,2191,0,3,0,2194,A
8-NS,199,2197,0,0,0,2197,A
8-NS,200,2187,0,5,0,2192,A
8-NS,201,0,3,2197,0,2200,G
8-NS,202,2174,0,0,0,2174,A
8-NS,203,1,2176,1,0,2178,T
8-NS,204,0,2164,1,0,2165,T
8-NS,205,2,0,0,2172,2174,C
8-NS,206,3,2170,0,0,2173,T
8-NS,207,1,1,2177,0,2179,G
8-NS,208,2172,0,1,0,2173,A
8-NS,209,2174,0,0,1,2175,A
8-NS,210,2160,0,2,0,2162,A
8-NS,211,0,1,2165,0,2166,G
8-NS,212,2170,0,0,0,2170,A
8-NS,213,2170,0,0,1,2171,A
8-NS,214,0,2,2183,0,2185,G
8-NS,215,2188,0,3,0,2191,A
8-NS,216,2202,0,1,0,2203,A
8-NS,217,0,2198,1,0,2199,T
8-NS,218,2,0,0,2219,2221,C
8-NS,219,1,2222,1,1,2225,T
8-NS,220,1,2,2232,0,2235,G
8-NS,221,2230,0,2,0,2232,A
8-NS,222,1,2231,0,1,2233,T
8-NS,223,1,4,2219,0,2224,G
8-NS,224,2199,0,4,1,2204,A
8-NS,225,0,4,2188,1,2193,G
8-NS,226,1,2,2190,0,2193,G
8-NS,227,0,0,0,2197,2197,C
8-NS,228,2205,0,0,0,2205,A
8-NS,229,1,1,0,2252,2254,C
8-NS,230,2,2239,1,0,2242,T
8-NS,231,0,2263,1,1,2265,T
8-NS,232,2268,0,2,0,2270,A
8-NS,233,2274,0,1,0,2275,A
8-NS,234,2272,0,1,0,2273,A
8-NS,235,2268,0,0,0,2268,A
8-NS,236,0,2276,0,1,2277,T
8-NS,237,3,10,2268,0,2281,G
8-NS,238,2292,0,1,0,2293,A
8-NS,239,0,0,0,2288,2288,C
8-NS,240,4,1,0,2283,2288,C
8-NS,241,2289,0,2,0,2291,A
8-NS,242,1,2280,1,4,2286,T
8-NS,243,0,1,2331,0,2332,G
8-NS,244,1,0,2352,0,2353,G
8-NS,245,2,2357,1,2,2362,T
8-NS,246,6,0,0,2443,2449,C
8-NS,247,0,2420,1,4,2425,T
8-NS,248,5,0,0,2446,2451,C
8-NS,249,0,0,0,2464,2464,C
8-NS,250,2466,0,1,0,2467,A
8-NS,251,1,1,0,2475,2477,C
8-NS,252,2436,1,2,0,2439,A
8-NS,253,0,0,0,2439,2439,C
8-NS,254,0,0,0,2421,2421,C
8-NS,255,0,2329,0,5,2334,T
8-NS,256,0,1,2353,0,2354,G
8-NS,257,2,1,1,2331,2335,C
8-NS,258,1,2330,0,1,2332,T
8-NS,259,0,2343,0,0,2343,T
8-NS,260,0,1,0,2331,2332,C
8-NS,261,3,0,2337,0,2340,G
8-NS,262,5,1,0,2330,2336,C
8-NS,263,3,2,2331,0,2336,G
8-NS,264,2426,1,2,0,2429,A
8-NS,265,0,2425,1,0,2426,T
8-NS,266,2477,0,2,0,2479,A
8-NS,267,1,1,0,2477,2479,C
8-NS,268,2468,0,1,0,2469,A
8-NS,269,0,2542,0,0,2542,T
8-NS,270,2522,0,1,0,2523,A
8-NS,271,2528,2,1,0,2531,A
8-NS,272,1,1,0,2536,2538,C
8-NS,273,0,2463,0,3,2466,T
8-NS,274,0,3,2503,0,2506,G
8-NS,275,2467,0,6,0,2473,A
8-NS,276,1,0,0,2482,2483,C
8-NS,277,2473,1,4,0,2478,A
8-NS,278,1,2451,0,2,2454,T
8-NS,279,0,9,2443,0,2452,G
8-NS,280,2449,0,4,0,2453,A
8-NS,281,3,0,1,2521,2525,C
8-NS,282,0,2518,0,2,2520,T
8-NS,283,2562,0,1,0,2563,A
8-NS,284,0,2557,0,0,2557,T
8-NS,285,1,2552,0,0,2553,T
8-NS,286,0,2,2554,0,2556,G
8-NS,287,2538,2,4,0,2544,A
8-NS,288,0,3,2536,0,2539,G
8-NS,289,0,0,2541,0,2541,G
8-NS,290,2465,0,2,1,2468,A
8-NS,291,2480,0,2,0,2482,A
8-NS,292,0,2432,0,0,2432,T
8-NS,293,0,2434,0,1,2435,T
8-NS,294,0,0,2478,0,2478,G
8-NS,295,0,2464,0,2,2466,T
8-NS,296,6,2,0,2449,2457,C
8-NS,297,2462,0,2,0,2464,A
8-NS,298,2465,0,1,0,2466,A
8-NS,299,0,6,2465,0,2471,G
8-NS,300,2477,0,0,0,2477,A
8-NS,301,2480,0,0,0,2480,A
8-NS,302,2470,0,7,1,2478,A
8-NS,303,0,13,0,2462,2475,C
8-NS,304,0,2452,0,1,2453,T
8-NS,305,0,4,2479,0,2483,G
8-NS,306,11,0,2501,0,2512,G
8-NS,307,1,2507,0,1,2509,T
8-NS,308,1,2499,1,1,2502,T
8-NS,309,4,1,0,2492,2497,C
8-NS,310,2503,1,3,0,2507,A
8-NS,311,1,2537,0,2,2540,T
8-NS,312,0,0,2549,1,2550,G
8-NS,313,0,2,0,2560,2562,C
8-NS,314,0,2530,0,4,2534,T
8-NS,315,2513,0,1,0,2514,A
8-NS,316,2567,0,0,0,2567,A
8-NS,317,0,2586,0,2,2588,T
8-NS,318,2,0,2587,0,2589,G
8-NS,319,1,1,0,2580,2582,C
8-NS,320,2,17,0,2533,2552,C
8-NS,321,5,0,0,2558,2563,C
8-NS,322,2552,1,1,1,2555,A
8-NS,323,2553,0,2,1,2556,A
8-NS,324,0,1,2561,0,2562,G
8-NS,325,0,1,0,2560,2561,C
8-NS,326,2540,0,4,0,2544,A
8-NS,327,0,3,2558,0,2561,G
8-NS,328,2556,0,0,1,2557,A
8-NS,329,2549,1,1,1,2552,A
8-NS,330,2557,0,0,0,2557,A
8-NS,331,2515,0,12,0,2527,A
8-NS,332,0,2544,0,1,2545,T
8-NS,333,0,5,2554,0,2559,G
8-NS,334,0,2,2550,0,2552,G
8-NS,335,2546,2,2,0,2550,A
8-NS,336,2524,0,1,0,2525,A
8-NS,337,2,4,2509,0,2515,G
8-NS,338,0,7,2527,0,2534,G
8-NS,339,2545,1,1,0,2547,A
8-NS,340,1,0,0,2543,2544,C
8-NS,341,0,0,0,2538,2538,C
8-NS,342,1,2537,0,2,2540,T
8-NS,343,2,1,1,2569,2573,C
8-NS,344,0,2563,1,4,2568,T
8-NS,345,1,2581,0,0,2582,T
8-NS,346,3,2565,1,3,2572,T
8-NS,347,1,0,2562,0,2563,G
8-NS,348,1,1,0,2586,2588,C
8-NS,349,2567,1,0,0,2568,A
8-NS,350,0,2564,0,1,2565,T
8-NS,351,0,1,0,2567,2568,C
8-NS,352,2586,0,4,0,2590,A
8-NS,353,1,1,2663,0,2665,G
8-NS,354,2660,0,0,0,2660,A
8-NS,355,2655,2,1,4,2662,A
8-NS,356,0,2660,0,0,2660,T
8-NS,357,1,6,2612,0,2619,G
8-NS,358,4,7,2627,0,2638,G
8-NS,359,2638,0,4,0,2642,A
8-NS,360,1,1,0,2636,2638,C
8-NS,361,3,0,0,2591,2594,C
8-NS,362,2540,0,2,0,2542,A
8-NS,363,1,3,2569,0,2573,G
8-NS,364,0,0,2565,0,2565,G
8-NS,365,2,1,0,2563,2566,C
8-NS,366,2548,0,1,0,2549,A
8-NS,367,2559,1,0,0,2560,A
8-NS,368,0,2553,0,0,2553,T
8-NS,369,3,0,0,2548,2551,C
8-NS,370,2553,1,2,0,2556,A
8-NS,371,0,2540,0,3,2543,T
8-NS,372,0,2,2517,0,2519,G
8-NS,373,0,5,2526,1,2532,G
8-NS,374,2518,0,3,0,2521,A
8-NS,375,7,1,2543,0,2551,G
8-NS,376,2522,0,0,1,2523,A
8-NS,377,2522,0,0,1,2523,A
8-NS,378,2521,0,0,0,2521,A
8-NS,379,2516,0,3,0,2519,A
8-NS,380,2528,0,0,2,2530,A
8-NS,381,2,1,0,2533,2536,C
8-NS,382,2520,3,0,0,2523,A
8-NS,383,0,2516,0,1,2517,T
8-NS,384,3,0,0,2493,2496,C
8-NS,385,2501,0,1,0,2502,A
8-NS,386,0,2505,1,1,2507,T
8-NS,387,2,0,2508,0,2510,G
8-NS,388,1,2506,1,1,2509,T
8-NS,389,0,2474,1,7,2482,T
8-NS,390,2,4,2481,1,2488,G
8-NS,391,2487,1,2,0,2490,A
8-NS,392,2486,0,2,0,2488,A
8-NS,393,2479,1,2,0,2482,A
8-NS,394,1,1,2485,0,2487,G
8-NS,395,0,0,0,2484,2484,C
8-NS,396,0,5,2478,0,2483,G
8-NS,397,2472,1,1,0,2474,A
8-NS,398,2485,0,0,0,2485,A
8-NS,399,1,2477,1,0,2479,T
8-NS,400,0,2488,1,2,2491,T
8-NS,401,0,2487,0,1,2488,T
8-NS,402,2,0,0,2488,2490,C
8-NS,403,2477,1,2,0,2480,A
8-NS,404,0,1,2483,0,2484,G
8-NS,405,0,2475,1,2,2478,T
8-NS,406,0,0,2478,0,2478,G
8-NS,407,0,2461,0,3,2464,T
8-NS,408,2,4,2475,0,2481,G
8-NS,409,2500,0,0,0,2500,A
8-NS,410,0,2484,0,2,2486,T
8-NS,411,0,2488,0,0,2488,T
8-NS,412,0,2485,0,0,2485,T
8-NS,413,1,2481,0,0,2482,T
8-NS,414,0,2482,0,2,2484,T
8-NS,415,0,7,2474,0,2481,G
8-NS,416,2485,0,2,0,2487,A
8-NS,417,1,0,1,2477,2479,C
8-NS,418,3,2,0,2455,2460,C
8-NS,419,1,9,2462,0,2472,G
8-NS,420,2619,0,1,0,2620,A
8-NS,421,1,0,0,2659,2660,C
8-NS,422,0,2660,0,0,2660,T
8-NS,423,2667,0,3,0,2670,A
8-NS,424,0,2,2671,0,2673,G
8-NS,425,2662,1,5,0,2668,A
8-NS,426,0,9,2678,1,2688,G
8-NS,427,2679,1,1,0,2681,A
8-NS,428,2,2,0,2739,2743,C
8-NS,429,3,1,1,2601,2606,C
8-NS,430,2529,0,1,0,2530,A
8-NS,431,1,2644,0,0,2645,T
8-NS,432,2633,0,0,0,2633,A
8-NS,433,1,1,2829,0,2831,G
8-NS,434,0,2804,0,0,2804,T
8-NS,435,2795,0,0,0,2795,A
8-NS,436,0,2796,2,2,2800,T
8-NS,437,0,2720,0,2,2722,T
8-NS,438,2791,0,0,0,2791,A
8-NS,439,0,6,0,2778,2784,C
8-NS,440,0,2649,0,0,2649,T
8-NS,441,2640,0,0,0,2640,A
8-NS,442,2413,0,0,0,2413,A
8-NS,443,0,7,2416,0,2423,G
8-NS,444,0,2,2402,0,2404,G
8-NS,445,5,0,2409,0,2414,G
8-NS,446,0,0,0,2374,2374,C
8-NS,447,0,2335,0,7,2342,T
8-NS,448,0,2339,0,1,2340,T
8-NS,449,0,2371,0,1,2372,T
8-NS,450,1,0,1,2379,2381,C
8-NS,451,2400,1,3,0,2404,A
8-NS,452,2,2,0,2409,2413,C
8-NS,453,0,4,0,2387,2391,C
8-NS,454,1,4,2392,0,2397,G
8-NS,455,2395,1,0,0,2396,A
8-NS,456,2389,3,2,0,2394,A
8-NS,457,0,3,2404,0,2407,G
8-NS,458,2376,0,2,0,2378,A
8-NS,459,0,4,2377,0,2381,G
8-NS,460,0,1,2345,0,2346,G
8-NS,461,1,0,2354,0,2355,G
8-NS,462,2355,0,1,0,2356,A
8-NS,463,2,1,2349,0,2352,G
8-NS,464,1,2,0,2351,2354,C
8-NS,465,2352,0,1,0,2353,A
8-NS,466,2348,0,0,0,2348,A
8-NS,467,2,2345,0,1,2348,T
8-NS,468,0,2346,0,0,2346,T
8-NS,469,0,1,2341,1,2343,G
8-NS,470,1,2325,1,0,2327,T
8-NS,471,1,2321,0,2,2324,T
8-NS,472,2,3,2316,1,2322,G
8-NS,473,0,0,2317,0,2317,G
8-NS,474,0,0,0,2329,2329,C
8-NS,475,2,3,2319,0,2324,G
8-NS,476,2331,0,0,0,2331,A
8-NS,477,2332,0,0,0,2332,A
8-NS,478,2341,0,0,0,2341,A
8-NS,479,0,2347,1,0,2348,T
8-NS,480,0,0,0,2350,2350,C
8-NS,481,0,2332,0,1,2333,T
8-NS,482,6,0,0,2337,2343,C
8-NS,483,2348,0,5,0,2353,A
8-NS,484,0,1,0,2351,2352,C
8-NS,485,2,0,0,2356,2358,C
8-NS,486,2333,0,1,0,2334,A
8-NS,487,0,2330,2,1,2333,T
8-NS,488,0,2320,0,1,2321,T
8-NS,489,1,0,2320,0,2321,G
8-NS,490,0,0,0,2323,2323,C
8-NS,491,2,1,0,2321,2324,C
8-NS,492,0,2331,0,2,2333,T
8-NS,493,3,2316,1,5,2325,T
8-NS,494,0,0,1,2329,2330,C
8-NS,495,0,2315,2,10,2327,T
8-NS,496,0,2331,0,0,2331,T
8-NS,497,0,2374,1,3,2378,T
8-NS,498,0,2358,0,0,2358,T
8-NS,499,2,2,0,2360,2364,C
8-NS,500,0,1,0,2357,2358,C
8-NS,501,2352,0,4,0,2356,A
8-NS,502,1,3,2386,0,2390,G
8-NS,503,2,3,2380,0,2385,G
8-NS,504,2431,0,2,0,2433,A
8-NS,505,0,0,0,2433,2433,C
8-NS,506,2447,1,1,0,2449,A
8-NS,507,0,2459,0,2,2461,T
8-NS,508,2465,1,1,0,2467,A
8-NS,509,1,1,0,2623,2625,C
8-NS,510,0,2615,0,1,2616,T
8-NS,511,2595,0,0,0,2595,A
8-NS,512,1,2574,0,2,2577,T
8-NS,513,0,2501,0,1,2502,T
8-NS,514,1,1,2499,0,2501,G
8-NS,515,2420,1,3,1,2425,A
8-NS,516,0,1,2418,0,2419,G
8-NS,517,0,3,2404,0,2407,G
8-NS,518,2222,0,0,0,2222,A
8-NS,519,1,2220,0,1,2222,T
8-NS,520,0,2,2209,0,2211,G
8-NS,521,1,2200,0,2,2203,T
8-NS,522,2,1,0,2206,2209,C
8-NS,523,2208,1,0,0,2209,A
8-NS,524,2209,0,1,0,2210,A
8-NS,525,2213,0,0,0,2213,A
8-NS,526,2199,0,0,0,2199,A
8-NS,527,2205,1,0,0,2206,A
8-NS,528,0,2192,0,0,2192,T
8-NS,529,1,0,2199,0,2200,G
8-NS,530,1,0,0,2210,2211,C
8-NS,531,2209,1,0,0,2210,A
8-NS,532,2217,0,0,0,2217,A
8-NS,533,0,2213,0,0,2213,T
8-NS,534,0,2214,0,0,2214,T
8-NS,535,0,6,2209,0,2215,G
8-NS,536,1,2,2199,0,2202,G
8-NS,537,1,1,2197,0,2199,G
8-NS,538,0,0,2213,0,2213,G
8-NS,539,1,2184,0,2,2187,T
8-NS,540,1,0,0,2197,2198,C
8-NS,541,4,1,0,2201,2206,C
8-NS,542,0,2205,1,2,2208,T
8-NS,543,2,2,0,2228,2232,C
8-NS,544,2228,0,2,0,2230,A
8-NS,545,0,2237,0,1,2238,T
8-NS,546,3,2,0,2235,2240,C
8-NS,547,0,3,2230,0,2233,G
8-NS,548,0,2,2228,1,2231,G
8-NS,549,2205,1,1,0,2207,A
8-NS,550,0,2,2211,0,2213,G
8-NS,551,0,0,2226,0,2226,G
8-NS,552,2208,0,1,0,2209,A
8-NS,553,0,0,0,2222,2222,C
8-NS,554,1,2219,1,1,2222,T
8-NS,555,1,2218,0,0,2219,T
8-NS,556,1,2,2230,0,2233,G
8-NS,557,2219,1,0,0,2220,A
8-NS,558,2220,0,2,0,2222,A
8-NS,559,1,2219,0,0,2220,T
8-NS,560,0,2,2174,0,2176,G
8-NS,561,3,3,2201,0,2207,G
8-NS,562,2177,0,0,0,2177,A
8-NS,563,2192,0,2,0,2194,A
8-NS,564,0,2250,0,0,2250,T
8-NS,565,1,2,2268,0,2271,G
8-NS,566,2272,1,1,0,2274,A
8-NS,567,0,2278,0,1,2279,T
8-NS,568,2271,0,2,0,2273,A
8-NS,569,2286,0,2,0,2288,A
8-NS,570,0,1,0,2270,2271,C
8-NS,571,2232,1,1,0,2234,A
8-NS,572,0,0,0,2248,2248,C
8-NS,573,2067,0,2,0,2069,A
8-NS,574,2,0,2093,0,2095,G
8-NS,575,0,2070,0,5,2075,T
8-NS,576,1,2066,0,3,2070,T
8-NS,577,8,0,1,2063,2072,C
8-NS,578,2,3,2055,0,2060,G
8-NS,579,2053,0,2,0,2055,A
8-NS,580,0,0,2058,0,2058,G
8-NS,581,0,2038,0,2,2040,T
8-NS,582,1,0,0,2059,2060,C
8-NS,583,0,2019,0,4,2023,T
8-NS,584,2,0,0,2036,2038,C
8-NS,585,1,2037,0,0,2038,T
8-NS,586,2043,0,0,0,2043,A
8-NS,587,2042,0,0,0,2042,A
8-NS,588,2035,0,0,1,2036,A
8-NS,589,2048,2,0,0,2050,A
8-NS,590,2055,0,0,0,2055,A
8-NS,591,0,2025,0,2,2027,T
8-NS,592,1,1,0,2039,2041,C
8-NS,593,0,2028,0,1,2029,T
8-NS,594,2028,0,2,0,2030,A
8-NS,595,0,0,1,2029,2030,C
8-NS,596,2025,1,1,0,2027,A
8-NS,597,0,4,2032,0,2036,G
8-NS,598,1981,0,2,0,1983,A
8-NS,599,0,0,1989,0,1989,G
8-NS,600,1985,0,1,0,1986,A
8-NS,601,0,1957,0,0,1957,T
8-NS,602,0,1965,0,3,1968,T
8-NS,603,4,1,0,1960,1965,C
8-NS,604,0,0,1971,0,1971,G
8-NS,605,1,0,0,1971,1972,C
8-NS,606,0,1958,0,3,1961,T
8-NS,607,0,1968,0,3,1971,T
8-NS,608,1,2,1955,0,1958,G
8-NS,609,0,5,1970,0,1975,G
8-NS,610,1971,0,2,0,1973,A
8-NS,611,0,3,1973,0,1976,G
8-NS,612,1964,0,0,0,1964,A
8-NS,613,1949,0,2,0,1951,A
8-NS,614,0,0,1990,0,1990,G
8-NS,615,0,0,0,1991,1991,C
8-NS,616,1992,0,0,0,1992,A
8-NS,617,0,0,2019,0,2019,G
8-NS,618,1,1996,1,2,2000,T
8-NS,619,2000,0,0,0,2000,A
8-NS,620,1998,0,1,0,1999,A
8-NS,621,0,1996,0,0,1996,T
8-NS,622,0,4,2005,0,2009,G
8-NS,623,1922,0,2,1,1925,A
8-NS,624,0,1,1956,0,1957,G
8-NS,625,1933,0,3,0,1936,A
8-NS,626,1880,0,1,0,1881,A
8-NS,627,0,1871,0,0,1871,T
8-NS,628,0,2,1843,2,1847,G
8-NS,629,1,2,1850,0,1853,G
8-NS,630,1,10,1835,0,1846,G
8-NS,631,2,4,1838,0,1844,G
8-NS,632,2,1,1836,0,1839,G
8-NS,633,1782,1,0,0,1783,A
8-NS,634,0,1730,0,3,1733,T
8-NS,635,4,1,0,1770,1775,C
8-NS,636,0,1774,1,4,1779,T
8-NS,637,2,1,0,1787,1790,C
8-NS,638,1,0,0,1778,1779,C
8-NS,639,1787,0,0,0,1787,A
8-NS,640,1,0,0,1787,1788,C
8-NS,641,0,1750,1,2,1753,T
8-NS,642,0,1745,0,0,1745,T
8-NS,643,1729,1,2,0,1732,A
8-NS,644,2,0,0,1732,1734,C
8-NS,645,0,1722,0,6,1728,T
8-NS,646,2,0,0,1708,1710,C
8-NS,647,3,0,1,1695,1699,C
8-NS,648,1695,0,0,0,1695,A
8-NS,649,1695,1,0,0,1696,A
8-NS,650,1696,0,0,0,1696,A
8-NS,651,1696,0,2,1,1699,A
8-NS,652,0,2,0,1695,1697,C
8-NS,653,1656,0,1,0,1657,A
8-NS,654,0,0,1662,0,1662,G
8-NS,655,1644,0,3,0,1647,A
8-NS,656,1649,1,1,0,1651,A
8-NS,657,1652,0,1,0,1653,A
8-NS,658,0,0,0,1653,1653,C
8-NS,659,2,4,1649,0,1655,G
8-NS,660,0,0,1646,1,1647,G
8-NS,661,0,1,1653,0,1654,G
8-NS,662,1651,2,1,0,1654,A
8-NS,663,1644,0,0,0,1644,A
8-NS,664,1637,0,3,0,1640,A
8-NS,665,0,1643,0,0,1643,T
8-NS,666,1,1,1650,0,1652,G
8-NS,667,0,0,1650,0,1650,G
8-NS,668,1,2,0,1631,1634,C
8-NS,669,0,7,1626,0,1633,G
8-NS,670,1627,1,0,0,1628,A
8-NS,671,0,5,1631,0,1636,G
8-NS,672,1630,0,2,0,1632,A
8-NS,673,1631,0,2,0,1633,A
8-NS,674,0,0,0,1637,1637,C
8-NS,675,1610,0,1,1,1612,A
8-NS,676,1,0,1608,0,1609,G
8-NS,677,0,0,0,1604,1604,C
8-NS,678,0,1609,0,0,1609,T
8-NS,679,1598,0,1,0,1599,A
8-NS,680,0,3,1574,0,1577,G
8-NS,681,0,0,1577,0,1577,G
8-NS,682,1,1571,0,1,1573,T
8-NS,683,10,1,0,1540,1551,C
8-NS,684,1557,0,0,0,1557,A
8-NS,685,1554,0,0,0,1554,A
8-NS,686,1558,0,0,0,1558,A
8-NS,687,1569,0,0,0,1569,A
8-NS,688,0,0,1568,0,1568,G
8-NS,689,0,1532,2,2,1536,T
8-NS,690,0,1534,0,2,1536,T
8-NS,691,0,1535,0,0,1535,T
8-NS,692,0,2,1539,0,1541,G
8-NS,693,1534,2,5,0,1541,A
8-NS,694,1536,0,1,0,1537,A
8-NS,695,0,1,1544,0,1545,G
8-NS,696,1522,0,2,0,1524,A
8-NS,697,0,2,1526,0,1528,G
8-NS,698,1525,0,0,0,1525,A
8-NS,699,1,1522,0,1,1524,T
8-NS,700,1522,0,0,1,1523,A
8-NS,701,1512,0,2,0,1514,A
8-NS,702,0,0,1514,0,1514,G
8-NS,703,1433,0,4,0,1437,A
8-NS,704,0,1434,0,2,1436,T
8-NS,705,2,2,1438,0,1442,G
8-NS,706,0,0,1439,0,1439,G
8-NS,707,0,0,0,1438,1438,C
8-NS,708,0,1432,0,0,1432,T
8-NS,709,1438,0,1,0,1439,A
8-NS,710,1439,0,0,0,1439,A
8-NS,711,0,1441,0,1,1442,T
8-NS,712,0,1443,0,0,1443,T
8-NS,713,0,1,1447,0,1448,G
8-NS,714,1433,0,1,0,1434,A
8-NS,715,1433,0,1,0,1434,A
8-NS,716,0,0,1435,0,1435,G
8-NS,717,1427,0,4,0,1431,A
8-NS,718,1407,0,1,0,1408,A
8-NS,719,1,1,1422,0,1424,G
8-NS,720,0,1389,0,1,1390,T
8-NS,721,1,1,1393,0,1395,G
8-NS,722,1378,0,2,0,1380,A
8-NS,723,0,3,1379,1,1383,G
8-NS,724,1384,0,1,0,1385,A
8-NS,725,0,0,1,1373,1374,C
8-NS,726,1369,0,0,0,1369,A
8-NS,727,0,1,0,1369,1370,C
8-NS,728,1285,1,1,0,1287,A
8-NS,729,0,3,1301,0,1304,G
8-NS,730,1298,0,3,1,1302,A
8-NS,731,1,1292,0,0,1293,T
8-NS,732,1,1285,0,1,1287,T
8-NS,733,1284,1,0,0,1285,A
8-NS,734,1277,0,0,0,1277,A
8-NS,735,1277,0,0,0,1277,A
8-NS,736,1279,0,0,0,1279,A
8-NS,737,1277,1,0,0,1278,A
8-NS,738,0,0,0,1226,1226,C
8-NS,739,1170,0,0,0,1170,A
8-NS,740,1177,0,0,0,1177,A
8-NS,741,0,0,0,1178,1178,C
8-NS,742,0,1174,0,0,1174,T
8-NS,743,0,1,1178,0,1179,G
8-NS,744,1173,0,0,0,1173,A
8-NS,745,1173,0,2,0,1175,A
8-NS,746,1172,0,1,0,1173,A
8-NS,747,1164,0,0,0,1164,A
8-NS,748,1,1160,1,1,1163,T
8-NS,749,1138,0,0,0,1138,A
8-NS,750,0,2,1139,0,1141,G
8-NS,751,0,0,0,1136,1136,C
8-NS,752,0,1112,0,2,1114,T
8-NS,753,0,1110,0,1,1111,T
8-NS,754,0,1106,0,0,1106,T
8-NS,755,0,3,1105,0,1108,G
8-NS,756,1109,0,1,0,1110,A
8-NS,757,1108,0,1,0,1109,A
8-NS,758,0,0,0,1110,1110,C
8-NS,759,1084,0,0,0,1084,A
8-NS,760,1090,0,1,0,1091,A
8-NS,761,1091,0,0,0,1091,A
8-NS,762,1,1089,0,1,1091,T
8-NS,763,1089,1,0,0,1090,A
8-NS,764,1071,0,1,0,1072,A
8-NS,765,0,0,0,1075,1075,C
8-NS,766,1064,0,1,0,1065,A
8-NS,767,1,1056,0,0,1057,T
8-NS,768,0,1037,0,0,1037,T
8-NS,769,2,0,0,1022,1024,C
8-NS,770,1014,0,0,0,1014,A
8-NS,771,0,1009,0,0,1009,T
8-NS,772,0,0,1008,0,1008,G
8-NS,773,0,0,0,989,989,C
8-NS,774,979,0,0,0,979,A
8-NS,775,975,0,1,0,976,A
8-NS,776,1,0,973,0,974,G
8-NS,777,1,0,0,988,989,C
8-NS,778,976,1,0,0,977,A
8-NS,779,0,978,0,0,978,T
8-NS,780,0,978,0,0,978,T
8-NS,781,974,0,1,1,976,A
8-NS,782,0,0,0,978,978,C
8-NS,783,962,0,0,0,962,A
8-NS,784,951,0,1,0,952,A
8-NS,785,1,0,0,943,944,C
8-NS,786,0,819,0,0,819,T
8-NS,787,1,1,820,0,822,G
8-NS,788,0,0,0,810,810,C
8-NS,789,0,794,0,0,794,T
8-NS,790,0,0,793,0,793,G
8-NS,791,0,779,0,0,779,T
8-NS,792,1,774,0,1,776,T
8-NS,793,0,775,0,1,776,T
8-NS,794,0,1,766,0,767,G
8-NS,795,764,0,1,0,765,A
8-NS,796,750,0,0,0,750,A
8-NS,797,0,0,749,0,749,G
8-NS,798,0,742,0,1,743,T
8-NS,799,0,2,715,0,717,G
8-NS,800,0,2,721,0,723,G
8-NS,801,719,1,1,0,721,A
8-NS,802,721,0,1,0,722,A
8-NS,803,1,1,0,719,721,C
8-NS,804,704,0,1,0,705,A
8-NS,805,0,0,704,0,704,G
8-NS,806,0,0,692,0,692,G
8-NS,807,668,0,2,0,670,A
8-NS,808,0,0,672,0,672,G
8-NS,809,553,0,1,0,554,A
8-NS,810,0,546,0,1,547,T
8-NS,811,545,0,1,0,546,A
8-NS,812,544,0,2,0,546,A
8-NS,813,0,0,543,1,544,G
8-NS,814,483,0,0,0,483,A
8-NS,815,482,0,0,0,482,A
8-NS,816,0,0,0,476,476,C
8-NS,817,0,410,0,0,410,T
8-NS,818,0,408,0,0,408,T
8-NS,819,0,404,0,1,405,T
8-NS,820,0,0,0,405,405,C
8-NS,821,0,392,0,0,392,T
8-NS,822,0,0,0,379,379,C
8-NS,823,365,0,0,0,365,A
8-NS,824,0,359,0,2,361,T
8-NS,825,0,353,0,0,353,T
8-NS,826,0,352,0,0,352,T
8-NS,827,1,1,0,348,350,C
8-NS,828,337,0,0,0,337,A
8-NS,829,0,0,337,0,337,G
8-NS,830,0,0,0,337,337,C
8-NS,831,0,312,0,1,313,T
8-NS,832,0,310,0,0,310,T
8-NS,833,303,0,0,0,303,A
8-NS,834,0,303,0,0,303,T
8-NS,835,0,302,0,0,302,T
8-NS,836,0,300,0,0,300,T
8-NS,837,289,0,0,0,289,A
8-NS,838,283,0,0,0,283,A
8-NS,839,0,281,0,0,281,T
8-NS,840,1,0,271,0,272,G
8-NS,841,271,0,0,0,271,A
8-NS,842,0,237,0,0,237,T
8-NS,843,237,0,0,0,237,A
8-NS,844,238,0,0,0,238,A
8-NS,845,238,0,0,0,238,A
8-NS,846,236,0,2,0,238,A
8-NS,847,236,0,0,0,236,A
8-NS,848,232,0,2,0,234,A
8-NS,849,0,0,0,232,232,C
8-NS,850,203,0,0,0,203,A
8-NS,851,0,0,0,203,203,C
8-NS,852,0,0,0,192,192,C
8-NS,853,0,0,0,189,189,C
8-NS,854,0,180,0,0,180,T
8-NS,855,0,175,0,0,175,T
8-NS,856,0,0,176,0,176,G
8-NS,857,0,169,0,0,169,T
8-NS,858,0,167,0,0,167,T
8-NS,859,0,166,0,0,166,T
8-NS,860,0,0,0,66,66,C
8-NS,861,0,51,0,0,51,T
8-NS,862,40,0,0,0,40,A
8-NS,863,0,0,0,40,40,C
