Gene,Position,A,T,G,C,Coverage,Consensus
1-PB2,1,194,0,0,0,194,A
1-PB2,2,0,200,0,0,200,T
1-PB2,3,0,0,206,0,206,G
1-PB2,4,0,0,205,0,205,G
1-PB2,5,202,0,0,0,202,A
1-PB2,6,200,0,0,0,200,A
1-PB2,7,204,0,0,0,204,A
1-PB2,8,0,0,220,0,220,G
1-PB2,9,217,0,0,0,217,A
1-PB2,10,215,0,0,0,215,A
1-PB2,11,0,227,0,0,227,T
1-PB2,12,229,1,0,0,230,A
1-PB2,13,227,0,1,0,228,A
1-PB2,14,231,0,0,0,231,A
1-PB2,15,231,0,0,0,231,A
1-PB2,16,0,0,232,0,232,G
1-PB2,17,229,0,0,0,229,A
1-PB2,18,242,0,0,0,242,A
1-PB2,19,0,0,0,238,238,C
1-PB2,20,0,242,0,0,242,T
1-PB2,21,242,0,0,0,242,A
1-PB2,22,0,0,0,246,246,C
1-PB2,23,0,0,243,0,243,G
1-PB2,24,0,1,243,0,244,G
1-PB2,25,241,0,0,0,241,A
1-PB2,26,255,0,0,0,255,A
1-PB2,27,0,257,0,0,257,T
1-PB2,28,0,0,0,260,260,C
1-PB2,29,0,261,0,1,262,T
1-PB2,30,0,1,265,0,266,G
1-PB2,31,266,0,0,0,266,A
1-PB2,32,0,264,0,0,264,T
1-PB2,33,0,0,263,0,263,G
1-PB2,34,0,272,0,1,273,T
1-PB2,35,0,1,0,271,272,C
1-PB2,36,1,0,269,0,270,G
1-PB2,37,0,0,0,269,269,C
1-PB2,38,267,0,0,0,267,A
1-PB2,39,1,0,286,0,287,G
1-PB2,40,0,282,0,0,282,T
1-PB2,41,0,0,0,283,283,C
1-PB2,42,0,289,0,1,290,T
1-PB2,43,0,0,0,291,291,C
1-PB2,44,1,0,277,0,278,G
1-PB2,45,1,0,0,276,277,C
1-PB2,46,283,0,0,0,283,A
1-PB2,47,0,0,0,290,290,C
1-PB2,48,0,281,0,0,281,T
1-PB2,49,0,0,0,297,297,C
1-PB2,50,0,0,297,0,297,G
1-PB2,51,0,0,0,298,298,C
1-PB2,52,0,0,295,0,295,G
1-PB2,53,301,0,1,0,302,A
1-PB2,54,0,0,303,0,303,G
1-PB2,55,319,0,0,0,319,A
1-PB2,56,0,307,0,0,307,T
1-PB2,57,321,0,0,0,321,A
1-PB2,58,0,0,0,313,313,C
1-PB2,59,0,309,0,1,310,T
1-PB2,60,0,0,326,0,326,G
1-PB2,61,330,0,0,0,330,A
1-PB2,62,0,0,0,327,327,C
1-PB2,63,337,0,0,0,337,A
1-PB2,64,331,0,1,0,332,A
1-PB2,65,332,0,0,0,332,A
1-PB2,66,348,0,0,0,348,A
1-PB2,67,347,0,0,0,347,A
1-PB2,68,1,0,0,351,352,C
1-PB2,69,0,0,0,349,349,C
1-PB2,70,371,0,0,0,371,A
1-PB2,71,0,0,0,364,364,C
1-PB2,72,372,0,0,0,372,A
1-PB2,73,1,0,382,0,383,G
1-PB2,74,0,366,0,0,366,T
1-PB2,75,0,0,385,0,385,G
1-PB2,76,0,0,379,0,379,G
1-PB2,77,380,0,0,0,380,A
1-PB2,78,0,0,0,399,399,C
1-PB2,79,0,0,0,403,403,C
1-PB2,80,412,0,1,0,413,A
1-PB2,81,0,411,0,0,411,T
1-PB2,82,411,0,0,0,411,A
1-PB2,83,0,413,0,0,413,T
1-PB2,84,0,0,398,0,398,G
1-PB2,85,1,0,407,0,408,G
1-PB2,86,0,0,0,407,407,C
1-PB2,87,0,0,0,404,404,C
1-PB2,88,403,0,1,0,404,A
1-PB2,89,0,433,0,0,433,T
1-PB2,90,425,0,0,0,425,A
1-PB2,91,457,0,0,0,457,A
1-PB2,92,0,461,0,1,462,T
1-PB2,93,0,455,0,0,455,T
1-PB2,94,464,0,0,0,464,A
1-PB2,95,458,0,1,0,459,A
1-PB2,96,0,0,475,0,475,G
1-PB2,97,469,0,1,0,470,A
1-PB2,98,473,0,0,0,473,A
1-PB2,99,0,0,494,0,494,G
1-PB2,100,0,470,0,0,470,T
1-PB2,101,496,0,0,0,496,A
1-PB2,102,0,0,0,502,502,C
1-PB2,103,506,0,1,0,507,A
1-PB2,104,0,0,0,523,523,C
1-PB2,105,522,0,0,0,522,A
1-PB2,106,0,508,0,0,508,T
1-PB2,107,0,0,0,516,516,C
1-PB2,108,0,2,513,0,515,G
1-PB2,109,2,0,501,0,503,G
1-PB2,110,0,0,492,1,493,G
1-PB2,111,0,0,513,0,513,G
1-PB2,112,512,1,0,0,513,A
1-PB2,113,0,0,507,0,507,G
1-PB2,114,514,0,1,0,515,A
1-PB2,115,0,0,0,512,512,C
1-PB2,116,521,0,2,0,523,A
1-PB2,117,0,1,535,0,536,G
1-PB2,118,0,1,526,0,527,G
1-PB2,119,531,0,1,0,532,A
1-PB2,120,543,0,1,0,544,A
1-PB2,121,532,0,0,0,532,A
1-PB2,122,537,0,0,0,537,A
1-PB2,123,0,0,529,0,529,G
1-PB2,124,529,0,0,0,529,A
1-PB2,125,523,0,2,0,525,A
1-PB2,126,0,0,0,531,531,C
1-PB2,127,0,0,0,528,528,C
1-PB2,128,0,0,0,534,534,C
1-PB2,129,0,0,537,0,537,G
1-PB2,130,0,517,0,1,518,T
1-PB2,131,0,0,0,538,538,C
1-PB2,132,537,0,0,0,537,A
1-PB2,133,0,0,0,546,546,C
1-PB2,134,0,549,0,0,549,T
1-PB2,135,0,556,0,0,556,T
1-PB2,136,558,0,0,0,558,A
1-PB2,137,0,0,565,0,565,G
1-PB2,138,2,0,565,0,567,G
1-PB2,139,573,0,1,0,574,A
1-PB2,140,0,549,0,0,549,T
1-PB2,141,0,1,570,1,572,G
1-PB2,142,582,0,1,0,583,A
1-PB2,143,586,0,0,0,586,A
1-PB2,144,588,0,0,0,588,A
1-PB2,145,0,586,1,0,587,T
1-PB2,146,0,1,594,0,595,G
1-PB2,147,0,0,585,0,585,G
1-PB2,148,589,0,2,0,591,A
1-PB2,149,0,586,0,1,587,T
1-PB2,150,0,2,581,0,583,G
1-PB2,151,583,0,0,0,583,A
1-PB2,152,0,567,0,1,568,T
1-PB2,153,0,0,585,0,585,G
1-PB2,154,0,1,577,0,578,G
1-PB2,155,0,0,0,582,582,C
1-PB2,156,584,0,0,0,584,A
1-PB2,157,591,0,0,0,591,A
1-PB2,158,0,593,0,0,593,T
1-PB2,159,0,1,610,0,611,G
1-PB2,160,615,0,0,0,615,A
1-PB2,161,613,0,0,0,613,A
1-PB2,162,618,0,0,0,618,A
1-PB2,163,0,600,0,0,600,T
1-PB2,164,614,0,1,0,615,A
1-PB2,165,0,0,0,599,599,C
1-PB2,166,0,0,0,585,585,C
1-PB2,167,1,0,0,605,606,C
1-PB2,168,625,0,2,0,627,A
1-PB2,169,615,0,1,0,616,A
1-PB2,170,0,598,0,0,598,T
1-PB2,171,0,0,0,612,612,C
1-PB2,172,615,0,0,0,615,A
1-PB2,173,0,0,0,622,622,C
1-PB2,174,0,613,0,1,614,T
1-PB2,175,0,0,627,0,627,G
1-PB2,176,0,1,0,616,617,C
1-PB2,177,0,619,0,2,621,T
1-PB2,178,1,1,628,0,630,G
1-PB2,179,630,0,0,0,630,A
1-PB2,180,0,1,0,636,637,C
1-PB2,181,644,0,0,0,644,A
1-PB2,182,637,0,1,0,638,A
1-PB2,183,634,0,1,0,635,A
1-PB2,184,639,0,1,0,640,A
1-PB2,185,0,2,636,0,638,G
1-PB2,186,0,1,635,0,636,G
1-PB2,187,639,0,0,0,639,A
1-PB2,188,0,639,0,0,639,T
1-PB2,189,638,0,0,0,638,A
1-PB2,190,639,0,2,0,641,A
1-PB2,191,0,1,0,643,644,C
1-PB2,192,658,0,2,0,660,A
1-PB2,193,0,0,661,0,661,G
1-PB2,194,659,0,1,0,660,A
1-PB2,195,657,0,0,0,657,A
1-PB2,196,656,0,0,0,656,A
1-PB2,197,0,648,0,0,648,T
1-PB2,198,0,2,651,0,653,G
1-PB2,199,0,0,657,0,657,G
1-PB2,200,0,651,0,0,651,T
1-PB2,201,0,628,0,0,628,T
1-PB2,202,0,0,0,631,631,C
1-PB2,203,0,0,0,637,637,C
1-PB2,204,0,1,653,0,654,G
1-PB2,205,0,0,658,0,658,G
1-PB2,206,654,0,0,0,654,A
1-PB2,207,1,1,652,0,654,G
1-PB2,208,643,0,1,0,644,A
1-PB2,209,0,1,665,0,666,G
1-PB2,210,658,0,0,0,658,A
1-PB2,211,666,0,0,0,666,A
1-PB2,212,670,0,1,0,671,A
1-PB2,213,0,660,0,0,660,T
1-PB2,214,0,0,672,0,672,G
1-PB2,215,681,0,1,0,682,A
1-PB2,216,679,0,0,0,679,A
1-PB2,217,0,0,0,675,675,C
1-PB2,218,672,0,0,0,672,A
1-PB2,219,671,0,0,0,671,A
1-PB2,220,0,0,689,0,689,G
1-PB2,221,0,1,698,0,699,G
1-PB2,222,691,0,1,0,692,A
1-PB2,223,0,0,0,694,694,C
1-PB2,224,697,0,0,0,697,A
1-PB2,225,693,0,0,0,693,A
1-PB2,226,680,0,0,0,680,A
1-PB2,227,0,0,0,686,686,C
1-PB2,228,0,0,0,661,661,C
1-PB2,229,2,1,0,726,729,C
1-PB2,230,0,730,0,0,730,T
1-PB2,231,739,0,1,0,740,A
1-PB2,232,0,727,1,0,728,T
1-PB2,233,0,1,731,0,732,G
1-PB2,234,0,0,743,0,743,G
1-PB2,235,718,0,1,0,719,A
1-PB2,236,0,0,724,0,724,G
1-PB2,237,0,725,0,0,725,T
1-PB2,238,724,0,0,0,724,A
1-PB2,239,718,0,1,0,719,A
1-PB2,240,709,0,0,0,709,A
1-PB2,241,706,0,1,0,707,A
1-PB2,242,0,695,0,0,695,T
1-PB2,243,0,0,704,0,704,G
1-PB2,244,682,0,0,0,682,A
1-PB2,245,0,0,692,0,692,G
1-PB2,246,1,665,0,2,668,T
1-PB2,247,0,0,687,0,687,G
1-PB2,248,709,0,0,0,709,A
1-PB2,249,0,711,0,1,712,T
1-PB2,250,0,0,719,0,719,G
1-PB2,251,0,0,0,701,701,C
1-PB2,252,0,697,0,2,699,T
1-PB2,253,1,0,742,0,743,G
1-PB2,254,0,0,743,0,743,G
1-PB2,255,738,0,1,0,739,A
1-PB2,256,0,726,0,0,726,T
1-PB2,257,1,0,0,726,727,C
1-PB2,258,746,0,1,0,747,A
1-PB2,259,0,0,757,0,757,G
1-PB2,260,758,0,1,0,759,A
1-PB2,261,0,757,0,1,758,T
1-PB2,262,738,0,1,0,739,A
1-PB2,263,0,0,745,0,745,G
1-PB2,264,730,0,1,0,731,A
1-PB2,265,0,0,743,0,743,G
1-PB2,266,0,698,0,0,698,T
1-PB2,267,0,0,721,0,721,G
1-PB2,268,714,0,1,0,715,A
1-PB2,269,0,705,0,1,706,T
1-PB2,270,1,2,727,0,730,G
1-PB2,271,0,0,726,0,726,G
1-PB2,272,0,705,0,1,706,T
1-PB2,273,726,1,0,0,727,A
1-PB2,274,0,702,0,2,704,T
1-PB2,275,0,1,0,719,720,C
1-PB2,276,732,0,0,0,732,A
1-PB2,277,0,0,0,739,739,C
1-PB2,278,1,1,0,749,751,C
1-PB2,279,0,743,0,1,744,T
1-PB2,280,0,741,0,1,742,T
1-PB2,281,0,742,0,0,742,T
1-PB2,282,0,0,754,0,754,G
1-PB2,283,0,0,747,0,747,G
1-PB2,284,0,1,1,740,742,C
1-PB2,285,0,738,0,2,740,T
1-PB2,286,0,0,756,0,756,G
1-PB2,287,0,745,0,1,746,T
1-PB2,288,759,0,0,0,759,A
1-PB2,289,763,0,0,0,763,A
1-PB2,290,0,0,0,760,760,C
1-PB2,291,752,0,0,0,752,A
1-PB2,292,0,752,0,1,753,T
1-PB2,293,1,0,734,0,735,G
1-PB2,294,0,1,745,0,746,G
1-PB2,295,0,723,0,0,723,T
1-PB2,296,0,2,748,0,750,G
1-PB2,297,0,1,754,0,755,G
1-PB2,298,759,0,0,0,759,A
1-PB2,299,766,0,3,0,769,A
1-PB2,300,0,773,0,0,773,T
1-PB2,301,782,0,0,0,782,A
1-PB2,302,0,1,781,0,782,G
1-PB2,303,790,0,1,0,791,A
1-PB2,304,788,0,2,0,790,A
1-PB2,305,792,1,0,0,793,A
1-PB2,306,0,756,0,0,756,T
1-PB2,307,1,0,760,0,761,G
1-PB2,308,0,0,748,0,748,G
1-PB2,309,755,0,1,0,756,A
1-PB2,310,0,0,0,763,763,C
1-PB2,311,0,0,0,746,746,C
1-PB2,312,1,0,0,763,764,C
1-PB2,313,0,0,773,0,773,G
1-PB2,314,0,764,0,0,764,T
1-PB2,315,0,3,765,0,768,G
1-PB2,316,781,0,0,0,781,A
1-PB2,317,0,1,0,783,784,C
1-PB2,318,803,0,0,0,803,A
1-PB2,319,802,0,1,0,803,A
1-PB2,320,0,0,806,0,806,G
1-PB2,321,0,798,0,1,799,T
1-PB2,322,812,0,1,1,814,A
1-PB2,323,0,0,0,809,809,C
1-PB2,324,0,0,787,0,787,G
1-PB2,325,0,0,818,0,818,G
1-PB2,326,1,782,0,3,786,T
1-PB2,327,1,0,0,802,803,C
1-PB2,328,0,0,0,822,822,C
1-PB2,329,817,0,1,0,818,A
1-PB2,330,0,807,1,2,810,T
1-PB2,331,0,819,0,0,819,T
1-PB2,332,853,0,0,0,853,A
1-PB2,333,0,0,0,835,835,C
1-PB2,334,0,0,0,827,827,C
1-PB2,335,0,1,0,835,836,C
1-PB2,336,846,0,0,0,846,A
1-PB2,337,849,0,0,0,849,A
1-PB2,338,843,0,0,0,843,A
1-PB2,339,841,0,0,0,841,A
1-PB2,340,1,0,850,0,851,G
1-PB2,341,0,793,0,0,793,T
1-PB2,342,0,0,839,0,839,G
1-PB2,343,0,842,0,1,843,T
1-PB2,344,843,1,1,0,845,A
1-PB2,345,0,0,0,855,855,C
1-PB2,346,845,0,1,0,846,A
1-PB2,347,837,0,4,0,841,A
1-PB2,348,0,2,846,0,848,G
1-PB2,349,828,0,0,0,828,A
1-PB2,350,0,0,0,842,842,C
1-PB2,351,0,841,0,1,842,T
1-PB2,352,0,873,0,0,873,T
1-PB2,353,858,0,1,0,859,A
1-PB2,354,0,868,0,0,868,T
1-PB2,355,0,869,0,0,869,T
1-PB2,356,0,861,0,0,861,T
1-PB2,357,0,0,0,854,854,C
1-PB2,358,0,0,857,0,857,G
1-PB2,359,843,0,1,0,844,A
1-PB2,360,1,0,0,847,848,C
1-PB2,361,848,0,0,0,848,A
1-PB2,362,842,0,0,0,842,A
1-PB2,363,837,0,3,0,840,A
1-PB2,364,1,1,821,0,823,G
1-PB2,365,0,801,0,0,801,T
1-PB2,366,1,1,0,817,819,C
1-PB2,367,1,0,857,0,858,G
1-PB2,368,842,0,0,0,842,A
1-PB2,369,846,0,1,0,847,A
1-PB2,370,837,0,0,0,837,A
1-PB2,371,0,1,869,0,870,G
1-PB2,372,0,0,874,0,874,G
1-PB2,373,0,852,0,1,853,T
1-PB2,374,0,888,0,0,888,T
1-PB2,375,889,0,1,0,890,A
1-PB2,376,889,0,1,0,890,A
1-PB2,377,889,0,2,0,891,A
1-PB2,378,890,0,0,0,890,A
1-PB2,379,0,0,0,893,893,C
1-PB2,380,887,0,1,0,888,A
1-PB2,381,0,865,0,0,865,T
1-PB2,382,1,0,864,0,865,G
1-PB2,383,0,0,871,0,871,G
1-PB2,384,868,0,1,0,869,A
1-PB2,385,877,0,0,0,877,A
1-PB2,386,0,0,0,879,879,C
1-PB2,387,0,1,0,899,900,C
1-PB2,388,0,899,0,0,899,T
1-PB2,389,0,896,0,0,896,T
1-PB2,390,0,908,0,2,910,T
1-PB2,391,1,1,910,0,912,G
1-PB2,392,0,1,885,0,886,G
1-PB2,393,0,0,0,879,879,C
1-PB2,394,1,0,0,868,869,C
1-PB2,395,0,0,0,883,883,C
1-PB2,396,0,893,0,3,896,T
1-PB2,397,1,0,887,0,888,G
1-PB2,398,0,902,0,0,902,T
1-PB2,399,0,891,0,1,892,T
1-PB2,400,2,0,0,895,897,C
1-PB2,401,902,0,0,0,902,A
1-PB2,402,0,887,0,0,887,T
1-PB2,403,0,906,0,1,907,T
1-PB2,404,1,908,0,0,909,T
1-PB2,405,0,913,0,0,913,T
1-PB2,406,905,0,0,0,905,A
1-PB2,407,0,0,893,0,893,G
1-PB2,408,883,0,0,0,883,A
1-PB2,409,903,0,1,0,904,A
1-PB2,410,894,0,2,0,896,A
1-PB2,411,0,872,0,0,872,T
1-PB2,412,2,0,0,874,876,C
1-PB2,413,895,0,1,0,896,A
1-PB2,414,883,0,2,0,885,A
1-PB2,415,0,0,891,0,891,G
1-PB2,416,0,864,0,3,867,T
1-PB2,417,2,0,0,895,897,C
1-PB2,418,908,0,0,0,908,A
1-PB2,419,901,0,1,0,902,A
1-PB2,420,0,0,897,0,897,G
1-PB2,421,896,0,0,0,896,A
1-PB2,422,0,887,0,0,887,T
1-PB2,423,921,0,2,0,923,A
1-PB2,424,0,0,0,908,908,C
1-PB2,425,0,0,909,0,909,G
1-PB2,426,0,0,0,913,913,C
1-PB2,427,921,0,1,0,922,A
1-PB2,428,0,1,921,0,922,G
1-PB2,429,924,0,0,0,924,A
1-PB2,430,926,0,0,0,926,A
1-PB2,431,0,0,950,0,950,G
1-PB2,432,922,0,0,0,922,A
1-PB2,433,0,0,951,0,951,G
1-PB2,434,0,909,0,0,909,T
1-PB2,435,926,1,0,0,927,A
1-PB2,436,0,0,932,0,932,G
1-PB2,437,922,0,3,0,925,A
1-PB2,438,0,0,0,946,946,C
1-PB2,439,929,0,2,0,931,A
1-PB2,440,0,912,0,0,912,T
1-PB2,441,907,0,1,0,908,A
1-PB2,442,890,0,0,0,890,A
1-PB2,443,894,0,1,0,895,A
1-PB2,444,0,1,0,886,887,C
1-PB2,445,3,0,0,873,876,C
1-PB2,446,0,0,0,876,876,C
1-PB2,447,0,831,0,1,832,T
1-PB2,448,0,1,842,0,843,G
1-PB2,449,0,0,854,0,854,G
1-PB2,450,0,840,0,0,840,T
1-PB2,451,0,0,0,844,844,C
1-PB2,452,863,1,0,0,864,A
1-PB2,453,0,861,1,0,862,T
1-PB2,454,0,0,870,0,870,G
1-PB2,455,0,0,0,855,855,C
1-PB2,456,852,0,0,0,852,A
1-PB2,457,0,0,862,0,862,G
1-PB2,458,824,0,0,0,824,A
1-PB2,459,0,0,0,835,835,C
1-PB2,460,1,0,0,824,825,C
1-PB2,461,0,805,0,1,806,T
1-PB2,462,1,0,0,813,814,C
1-PB2,463,807,0,0,0,807,A
1-PB2,464,1,1,815,0,817,G
1-PB2,465,0,815,0,3,818,T
1-PB2,466,0,0,810,0,810,G
1-PB2,467,1,0,0,786,787,C
1-PB2,468,1,0,0,816,817,C
1-PB2,469,821,0,3,0,824,A
1-PB2,470,827,0,0,0,827,A
1-PB2,471,817,0,2,0,819,A
1-PB2,472,0,0,817,0,817,G
1-PB2,473,801,0,0,0,801,A
1-PB2,474,1,0,807,0,808,G
1-PB2,475,1,0,806,0,807,G
1-PB2,476,0,0,0,789,789,C
1-PB2,477,800,0,2,0,802,A
1-PB2,478,0,1,0,807,808,C
1-PB2,479,807,0,0,0,807,A
1-PB2,480,819,0,3,0,822,A
1-PB2,481,0,0,821,0,821,G
1-PB2,482,833,0,1,0,834,A
1-PB2,483,0,813,0,0,813,T
1-PB2,484,1,0,808,0,809,G
1-PB2,485,1,815,0,0,816,T
1-PB2,486,824,0,0,0,824,A
1-PB2,487,815,0,0,0,815,A
1-PB2,488,0,813,0,1,814,T
1-PB2,489,1,0,0,758,759,C
1-PB2,490,782,0,0,0,782,A
1-PB2,491,0,777,0,0,777,T
1-PB2,492,0,0,782,0,782,G
1-PB2,493,0,0,777,0,777,G
1-PB2,494,770,0,0,0,770,A
1-PB2,495,767,0,2,0,769,A
1-PB2,496,1,0,769,0,770,G
1-PB2,497,0,736,0,0,736,T
1-PB2,498,0,759,0,0,759,T
1-PB2,499,0,0,772,0,772,G
1-PB2,500,0,747,1,0,748,T
1-PB2,501,0,739,0,0,739,T
1-PB2,502,0,742,0,2,744,T
1-PB2,503,0,751,0,0,751,T
1-PB2,504,1,723,0,1,725,T
1-PB2,505,0,0,0,743,743,C
1-PB2,506,1,0,0,747,748,C
1-PB2,507,2,0,0,756,758,C
1-PB2,508,757,0,2,0,759,A
1-PB2,509,757,0,0,0,757,A
1-PB2,510,0,748,0,0,748,T
1-PB2,511,0,1,768,0,769,G
1-PB2,512,780,0,0,0,780,A
1-PB2,513,773,0,0,0,773,A
1-PB2,514,0,0,766,0,766,G
1-PB2,515,0,737,0,1,738,T
1-PB2,516,0,0,735,0,735,G
1-PB2,517,0,0,728,0,728,G
1-PB2,518,1,1,730,0,732,G
1-PB2,519,754,0,1,0,755,A
1-PB2,520,0,0,723,0,723,G
1-PB2,521,1,0,0,684,685,C
1-PB2,522,0,0,0,724,724,C
1-PB2,523,754,1,0,0,755,A
1-PB2,524,0,0,752,0,752,G
1-PB2,525,0,1,759,0,760,G
1-PB2,526,770,0,1,0,771,A
1-PB2,527,0,751,0,0,751,T
1-PB2,528,779,0,0,0,779,A
1-PB2,529,0,0,0,763,763,C
1-PB2,530,0,766,0,0,766,T
1-PB2,531,765,0,0,0,765,A
1-PB2,532,756,0,2,0,758,A
1-PB2,533,0,0,0,753,753,C
1-PB2,534,741,0,0,0,741,A
1-PB2,535,0,720,0,1,721,T
1-PB2,536,1,1,0,734,736,C
1-PB2,537,726,0,0,0,726,A
1-PB2,538,0,0,733,0,733,G
1-PB2,539,722,0,1,0,723,A
1-PB2,540,718,0,0,0,718,A
1-PB2,541,0,713,0,3,716,T
1-PB2,542,1,0,0,710,711,C
1-PB2,543,709,0,0,1,710,A
1-PB2,544,0,0,0,726,726,C
1-PB2,545,731,0,1,0,732,A
1-PB2,546,737,0,0,0,737,A
1-PB2,547,0,716,0,1,717,T
1-PB2,548,0,731,0,1,732,T
1-PB2,549,738,0,1,0,739,A
1-PB2,550,741,0,1,0,742,A
1-PB2,551,0,0,1,747,748,C
1-PB2,552,751,0,0,0,751,A
1-PB2,553,740,0,0,0,740,A
1-PB2,554,0,739,0,1,740,T
1-PB2,555,740,0,1,0,741,A
1-PB2,556,737,0,1,0,738,A
1-PB2,557,0,0,0,741,741,C
1-PB2,558,0,743,0,0,743,T
1-PB2,559,732,0,0,0,732,A
1-PB2,560,726,0,0,0,726,A
1-PB2,561,731,0,1,0,732,A
1-PB2,562,0,2,728,0,730,G
1-PB2,563,715,0,0,0,715,A
1-PB2,564,0,0,726,0,726,G
1-PB2,565,719,0,1,0,720,A
1-PB2,566,717,0,1,0,718,A
1-PB2,567,728,0,0,0,728,A
1-PB2,568,727,0,1,0,728,A
1-PB2,569,734,0,1,0,735,A
1-PB2,570,734,0,3,0,737,A
1-PB2,571,0,0,727,0,727,G
1-PB2,572,726,0,2,0,728,A
1-PB2,573,726,0,0,0,726,A
1-PB2,574,1,0,712,0,713,G
1-PB2,575,713,0,2,0,715,A
1-PB2,576,702,0,2,0,704,A
1-PB2,577,0,0,0,715,715,C
1-PB2,578,0,683,0,0,683,T
1-PB2,579,1,0,0,694,695,C
1-PB2,580,1,0,0,707,708,C
1-PB2,581,0,0,726,0,726,G
1-PB2,582,719,0,0,0,719,A
1-PB2,583,0,0,722,0,722,G
1-PB2,584,713,0,0,0,713,A
1-PB2,585,0,688,0,0,688,T
1-PB2,586,0,695,0,0,695,T
1-PB2,587,0,0,683,0,683,G
1-PB2,588,0,0,0,694,694,C
1-PB2,589,710,0,0,0,710,A
1-PB2,590,708,0,0,0,708,A
1-PB2,591,714,0,1,0,715,A
1-PB2,592,711,0,1,0,712,A
1-PB2,593,0,701,1,0,702,T
1-PB2,594,0,689,0,0,689,T
1-PB2,595,0,693,0,0,693,T
1-PB2,596,1,3,0,683,687,C
1-PB2,597,0,665,0,3,668,T
1-PB2,598,1,0,0,681,682,C
1-PB2,599,1,0,0,695,696,C
1-PB2,600,0,0,0,738,738,C
1-PB2,601,0,721,0,1,722,T
1-PB2,602,0,756,0,0,756,T
1-PB2,603,0,0,759,0,759,G
1-PB2,604,763,0,2,0,765,A
1-PB2,605,0,774,0,0,774,T
1-PB2,606,0,1,769,0,770,G
1-PB2,607,0,0,803,0,803,G
1-PB2,608,0,805,0,0,805,T
1-PB2,609,0,819,0,1,820,T
1-PB2,610,0,0,859,0,859,G
1-PB2,611,0,1,0,850,851,C
1-PB2,612,885,0,1,0,886,A
1-PB2,613,0,886,0,2,888,T
1-PB2,614,881,0,0,1,882,A
1-PB2,615,0,1,0,909,910,C
1-PB2,616,940,0,0,3,943,A
1-PB2,617,0,962,0,0,962,T
1-PB2,618,0,0,985,0,985,G
1-PB2,619,0,958,1,0,959,T
1-PB2,620,0,964,0,0,964,T
1-PB2,621,972,0,2,0,974,A
1-PB2,622,0,2,961,0,963,G
1-PB2,623,973,0,1,0,974,A
1-PB2,624,0,1,968,0,969,G
1-PB2,625,941,0,1,0,942,A
1-PB2,626,0,0,928,0,928,G
1-PB2,627,897,0,0,0,897,A
1-PB2,628,0,3,894,0,897,G
1-PB2,629,898,0,2,0,900,A
1-PB2,630,911,1,1,0,913,A
1-PB2,631,0,0,0,887,887,C
1-PB2,632,0,893,0,1,894,T
1-PB2,633,0,896,0,2,898,T
1-PB2,634,0,0,894,0,894,G
1-PB2,635,0,888,0,0,888,T
1-PB2,636,908,0,0,0,908,A
1-PB2,637,1,0,0,875,876,C
1-PB2,638,0,1,879,0,880,G
1-PB2,639,888,0,1,0,889,A
1-PB2,640,882,1,0,0,883,A
1-PB2,641,894,0,1,0,895,A
1-PB2,642,889,0,0,0,889,A
1-PB2,643,894,0,2,0,896,A
1-PB2,644,0,0,0,907,907,C
1-PB2,645,900,0,0,0,900,A
1-PB2,646,893,0,3,0,896,A
1-PB2,647,1,0,905,0,906,G
1-PB2,648,904,0,1,0,905,A
1-PB2,649,0,899,0,1,900,T
1-PB2,650,0,896,0,2,898,T
1-PB2,651,0,898,1,1,900,T
1-PB2,652,1,0,0,895,896,C
1-PB2,653,0,902,0,2,904,T
1-PB2,654,0,0,0,882,882,C
1-PB2,655,0,0,0,892,892,C
1-PB2,656,0,1,0,897,898,C
1-PB2,657,905,0,0,0,905,A
1-PB2,658,0,0,915,0,915,G
1-PB2,659,0,914,0,2,916,T
1-PB2,660,0,917,0,0,917,T
1-PB2,661,0,0,906,0,906,G
1-PB2,662,0,0,0,902,902,C
1-PB2,663,0,900,0,2,902,T
1-PB2,664,0,1,918,0,919,G
1-PB2,665,1,1,891,0,893,G
1-PB2,666,0,1,0,891,892,C
1-PB2,667,0,1,916,0,917,G
1-PB2,668,0,0,935,0,935,G
1-PB2,669,929,0,2,0,931,A
1-PB2,670,915,2,1,0,918,A
1-PB2,671,0,0,0,908,908,C
1-PB2,672,934,0,0,0,934,A
1-PB2,673,931,0,2,0,933,A
1-PB2,674,1,0,955,0,956,G
1-PB2,675,0,1,0,956,957,C
1-PB2,676,979,0,0,0,979,A
1-PB2,677,0,0,1136,0,1136,G
1-PB2,678,1,1092,0,0,1093,T
1-PB2,679,1123,1,1,0,1125,A
1-PB2,680,0,1139,0,0,1139,T
1-PB2,681,1149,0,0,0,1149,A
1-PB2,682,0,1137,0,0,1137,T
1-PB2,683,1111,0,1,0,1112,A
1-PB2,684,0,0,0,1107,1107,C
1-PB2,685,1072,0,0,0,1072,A
1-PB2,686,0,1014,0,0,1014,T
1-PB2,687,0,969,0,0,969,T
1-PB2,688,0,0,970,0,970,G
1-PB2,689,976,0,0,0,976,A
1-PB2,690,965,0,0,0,965,A
1-PB2,691,0,0,982,0,982,G
1-PB2,692,0,966,0,0,966,T
1-PB2,693,0,959,0,0,959,T
1-PB2,694,0,961,0,0,961,T
1-PB2,695,0,965,0,0,965,T
1-PB2,696,966,0,1,0,967,A
1-PB2,697,0,0,0,962,962,C
1-PB2,698,960,0,0,0,960,A
1-PB2,699,0,951,0,1,952,T
1-PB2,700,0,926,2,2,930,T
1-PB2,701,0,962,0,0,962,T
1-PB2,702,0,1,962,0,963,G
1-PB2,703,959,0,1,0,960,A
1-PB2,704,2,0,0,966,968,C
1-PB2,705,0,957,0,1,958,T
1-PB2,706,0,1,0,973,974,C
1-PB2,707,969,1,0,0,970,A
1-PB2,708,2,0,966,0,968,G
1-PB2,709,0,0,982,0,982,G
1-PB2,710,0,1,982,0,983,G
1-PB2,711,987,0,0,0,987,A
1-PB2,712,989,0,0,0,989,A
1-PB2,713,0,1,0,977,978,C
1-PB2,714,1,0,995,0,996,G
1-PB2,715,0,970,0,1,971,T
1-PB2,716,0,0,999,0,999,G
1-PB2,717,0,985,0,1,986,T
1-PB2,718,0,982,1,1,984,T
1-PB2,719,0,0,996,0,996,G
1-PB2,720,0,0,986,0,986,G
1-PB2,721,0,3,997,0,1000,G
1-PB2,722,979,0,2,0,981,A
1-PB2,723,989,0,2,0,991,A
1-PB2,724,0,0,0,1009,1009,C
1-PB2,725,1003,0,1,0,1004,A
1-PB2,726,1038,0,2,0,1040,A
1-PB2,727,1038,1,3,0,1042,A
1-PB2,728,0,1042,0,0,1042,T
1-PB2,729,0,0,1065,0,1065,G
1-PB2,730,0,1042,0,1,1043,T
1-PB2,731,1044,0,0,0,1044,A
1-PB2,732,0,0,0,1058,1058,C
1-PB2,733,1024,0,1,0,1025,A
1-PB2,734,0,1,0,1044,1045,C
1-PB2,735,0,1012,0,1,1013,T
1-PB2,736,2,0,0,1050,1052,C
1-PB2,737,1,0,0,1060,1061,C
1-PB2,738,1079,0,2,0,1081,A
1-PB2,739,0,0,1106,0,1106,G
1-PB2,740,0,0,1117,0,1117,G
1-PB2,741,0,1080,0,2,1082,T
1-PB2,742,0,0,1112,0,1112,G
1-PB2,743,0,2,1075,0,1077,G
1-PB2,744,1029,0,1,0,1030,A
1-PB2,745,1,1,1079,0,1081,G
1-PB2,746,0,2,1069,0,1071,G
1-PB2,747,1026,0,0,1,1027,A
1-PB2,748,0,0,1061,0,1061,G
1-PB2,749,0,1011,0,1,1012,T
1-PB2,750,0,1,1050,0,1051,G
1-PB2,751,1042,0,0,0,1042,A
1-PB2,752,0,1,1050,0,1051,G
1-PB2,753,1,1,1045,0,1047,G
1-PB2,754,1050,0,1,0,1051,A
1-PB2,755,1050,0,2,0,1052,A
1-PB2,756,0,1038,0,0,1038,T
1-PB2,757,0,0,1050,0,1050,G
1-PB2,758,1025,0,3,0,1028,A
1-PB2,759,0,1,0,1015,1016,C
1-PB2,760,1,2,1034,0,1037,G
1-PB2,761,1021,0,0,0,1021,A
1-PB2,762,1,1013,0,1,1015,T
1-PB2,763,0,0,1039,0,1039,G
1-PB2,764,0,1018,0,1,1019,T
1-PB2,765,0,1024,0,0,1024,T
1-PB2,766,1,3,1031,0,1035,G
1-PB2,767,1020,0,0,0,1020,A
1-PB2,768,0,1,0,1023,1024,C
1-PB2,769,5,0,0,1016,1021,C
1-PB2,770,1021,0,0,0,1021,A
1-PB2,771,1029,0,0,0,1029,A
1-PB2,772,1006,0,1,0,1007,A
1-PB2,773,0,0,1019,0,1019,G
1-PB2,774,1,0,0,1013,1014,C
1-PB2,775,0,0,0,1018,1018,C
1-PB2,776,1,1024,0,1,1026,T
1-PB2,777,1036,0,0,0,1036,A
1-PB2,778,1014,0,1,0,1015,A
1-PB2,779,0,1018,0,1,1019,T
1-PB2,780,0,1025,0,1,1026,T
1-PB2,781,1022,0,0,0,1022,A
1-PB2,782,0,983,0,0,983,T
1-PB2,783,0,986,0,0,986,T
1-PB2,784,0,0,982,0,982,G
1-PB2,785,0,0,0,985,985,C
1-PB2,786,2,0,977,0,979,G
1-PB2,787,0,0,987,0,987,G
1-PB2,788,0,0,0,965,965,C
1-PB2,789,0,0,0,977,977,C
1-PB2,790,985,0,0,0,985,A
1-PB2,791,1,0,1007,0,1008,G
1-PB2,792,0,1,1011,0,1012,G
1-PB2,793,1009,0,2,0,1011,A
1-PB2,794,994,0,2,0,996,A
1-PB2,795,0,0,0,1003,1003,C
1-PB2,796,1005,1,1,0,1007,A
1-PB2,797,0,1018,0,0,1018,T
1-PB2,798,1034,1,0,0,1035,A
1-PB2,799,0,0,1030,0,1030,G
1-PB2,800,0,1009,0,0,1009,T
1-PB2,801,1004,0,0,0,1004,A
1-PB2,802,997,1,0,1,999,A
1-PB2,803,0,0,1013,0,1013,G
1-PB2,804,980,0,2,0,982,A
1-PB2,805,985,0,1,0,986,A
1-PB2,806,0,0,960,0,960,G
1-PB2,807,919,0,1,0,920,A
1-PB2,808,0,0,945,0,945,G
1-PB2,809,0,0,0,925,925,C
1-PB2,810,0,0,0,939,939,C
1-PB2,811,1,0,941,0,942,G
1-PB2,812,1,0,0,940,941,C
1-PB2,813,953,0,2,0,955,A
1-PB2,814,0,0,1010,0,1010,G
1-PB2,815,0,995,0,0,995,T
1-PB2,816,1007,0,1,0,1008,A
1-PB2,817,0,985,0,1,986,T
1-PB2,818,0,0,0,1016,1016,C
1-PB2,819,1016,0,1,0,1017,A
1-PB2,820,0,0,997,0,997,G
1-PB2,821,0,1,0,1000,1001,C
1-PB2,822,971,0,0,0,971,A
1-PB2,823,0,2,937,0,939,G
1-PB2,824,919,1,2,0,922,A
1-PB2,825,0,932,0,3,935,T
1-PB2,826,1,0,0,935,936,C
1-PB2,827,3,0,0,937,940,C
1-PB2,828,931,0,1,0,932,A
1-PB2,829,0,1,0,945,946,C
1-PB2,830,0,948,2,0,950,T
1-PB2,831,959,0,0,0,959,A
1-PB2,832,0,0,943,0,943,G
1-PB2,833,1,0,0,945,946,C
1-PB2,834,942,0,1,0,943,A
1-PB2,835,0,928,0,2,930,T
1-PB2,836,2,2,0,941,945,C
1-PB2,837,0,930,0,1,931,T
1-PB2,838,0,965,1,1,967,T
1-PB2,839,0,976,0,0,976,T
1-PB2,840,966,1,0,0,967,A
1-PB2,841,0,957,0,0,957,T
1-PB2,842,0,965,1,2,968,T
1-PB2,843,0,0,966,0,966,G
1-PB2,844,1,0,954,0,955,G
1-PB2,845,933,0,1,0,934,A
1-PB2,846,1,1,920,0,922,G
1-PB2,847,935,0,0,0,935,A
1-PB2,848,0,911,0,0,911,T
1-PB2,849,0,0,940,0,940,G
1-PB2,850,0,919,0,0,919,T
1-PB2,851,0,0,926,1,927,G
1-PB2,852,0,0,1,915,916,C
1-PB2,853,0,1,0,913,914,C
1-PB2,854,906,0,1,0,907,A
1-PB2,855,0,0,0,921,921,C
1-PB2,856,906,0,0,0,906,A
1-PB2,857,0,0,916,0,916,G
1-PB2,858,0,0,0,859,859,C
1-PB2,859,862,0,1,0,863,A
1-PB2,860,1,0,0,860,861,C
1-PB2,861,865,0,2,0,867,A
1-PB2,862,0,0,0,876,876,C
1-PB2,863,877,0,0,0,877,A
1-PB2,864,878,0,2,0,880,A
1-PB2,865,867,0,0,0,867,A
1-PB2,866,0,829,0,0,829,T
1-PB2,867,0,832,0,0,832,T
1-PB2,868,0,0,837,0,837,G
1-PB2,869,0,0,809,0,809,G
1-PB2,870,0,1,0,810,811,C
1-PB2,871,1,1,824,0,826,G
1-PB2,872,1,3,813,0,817,G
1-PB2,873,819,0,2,0,821,A
1-PB2,874,833,0,0,0,833,A
1-PB2,875,0,0,0,826,826,C
1-PB2,876,836,0,0,0,836,A
1-PB2,877,816,0,3,0,819,A
1-PB2,878,0,3,839,0,842,G
1-PB2,879,0,0,837,0,837,G
1-PB2,880,814,0,0,0,814,A
1-PB2,881,0,767,0,1,768,T
1-PB2,882,0,0,768,0,768,G
1-PB2,883,0,0,770,0,770,G
1-PB2,884,0,737,3,0,740,T
1-PB2,885,0,1,763,0,764,G
1-PB2,886,0,1,750,0,751,G
1-PB2,887,738,0,1,0,739,A
1-PB2,888,0,0,0,744,744,C
1-PB2,889,729,0,0,0,729,A
1-PB2,890,0,797,0,0,797,T
1-PB2,891,0,785,0,0,785,T
1-PB2,892,0,0,0,786,786,C
1-PB2,893,0,765,0,1,766,T
1-PB2,894,0,767,0,0,767,T
1-PB2,895,763,1,0,0,764,A
1-PB2,896,0,0,754,0,754,G
1-PB2,897,741,0,0,0,741,A
1-PB2,898,0,0,0,756,756,C
1-PB2,899,604,0,0,0,604,A
1-PB2,900,0,1,598,0,599,G
1-PB2,901,603,0,0,0,603,A
1-PB2,902,596,0,0,0,596,A
1-PB2,903,1,0,0,593,594,C
1-PB2,904,1,0,0,609,610,C
1-PB2,905,0,0,0,609,609,C
1-PB2,906,0,1,600,0,601,G
1-PB2,907,598,0,1,0,599,A
1-PB2,908,0,0,0,610,610,C
1-PB2,909,0,612,0,1,613,T
1-PB2,910,0,1,622,0,623,G
1-PB2,911,607,1,2,0,610,A
1-PB2,912,619,0,0,0,619,A
1-PB2,913,0,1,615,0,616,G
1-PB2,914,623,0,0,0,623,A
1-PB2,915,611,0,1,0,612,A
1-PB2,916,0,0,0,619,619,C
1-PB2,917,619,0,0,0,619,A
1-PB2,918,616,0,0,0,616,A
1-PB2,919,0,1,615,0,616,G
1-PB2,920,1,0,0,628,629,C
1-PB2,921,1,624,0,1,626,T
1-PB2,922,0,0,645,0,645,G
1-PB2,923,0,626,0,1,627,T
1-PB2,924,0,0,658,0,658,G
1-PB2,925,2,0,693,0,695,G
1-PB2,926,680,0,2,0,682,A
1-PB2,927,0,674,0,1,675,T
1-PB2,928,688,0,0,0,688,A
1-PB2,929,0,677,1,0,678,T
1-PB2,930,723,0,1,0,724,A
1-PB2,931,0,696,0,0,696,T
1-PB2,932,0,0,700,0,700,G
1-PB2,933,0,0,0,684,684,C
1-PB2,934,643,0,0,0,643,A
1-PB2,935,631,1,0,0,632,A
1-PB2,936,0,1,635,0,636,G
1-PB2,937,0,1,632,0,633,G
1-PB2,938,1,0,0,624,625,C
1-PB2,939,0,621,0,1,622,T
1-PB2,940,0,0,631,0,631,G
1-PB2,941,0,0,0,628,628,C
1-PB2,942,638,0,1,0,639,A
1-PB2,943,639,0,1,0,640,A
1-PB2,944,0,624,0,0,624,T
1-PB2,945,1,0,625,0,626,G
1-PB2,946,0,0,619,0,619,G
1-PB2,947,0,0,630,0,630,G
1-PB2,948,619,0,0,0,619,A
1-PB2,949,0,609,0,1,610,T
1-PB2,950,0,626,0,0,626,T
1-PB2,951,1,0,631,0,632,G
1-PB2,952,622,0,0,0,622,A
1-PB2,953,1,0,642,0,643,G
1-PB2,954,642,0,0,0,642,A
1-PB2,955,638,0,0,0,638,A
1-PB2,956,0,615,0,0,615,T
1-PB2,957,1,1,0,621,623,C
1-PB2,958,632,0,1,0,633,A
1-PB2,959,0,1,636,0,637,G
1-PB2,960,0,0,0,617,617,C
1-PB2,961,1,609,0,1,611,T
1-PB2,962,0,0,0,618,618,C
1-PB2,963,634,0,1,0,635,A
1-PB2,964,0,634,0,0,634,T
1-PB2,965,0,0,0,639,639,C
1-PB2,966,0,1,0,642,643,C
1-PB2,967,0,636,0,3,639,T
1-PB2,968,0,639,0,1,640,T
1-PB2,969,0,0,0,643,643,C
1-PB2,970,654,0,0,0,654,A
1-PB2,971,0,0,668,0,668,G
1-PB2,972,1,0,0,649,650,C
1-PB2,973,0,641,0,2,643,T
1-PB2,974,0,643,0,0,643,T
1-PB2,975,0,646,0,2,648,T
1-PB2,976,1,2,650,0,653,G
1-PB2,977,0,0,656,0,656,G
1-PB2,978,0,597,0,0,597,T
1-PB2,979,1,0,659,0,660,G
1-PB2,980,0,0,652,0,652,G
1-PB2,981,0,0,676,0,676,G
1-PB2,982,0,624,0,2,626,T
1-PB2,983,0,656,0,1,657,T
1-PB2,984,0,670,0,0,670,T
1-PB2,985,679,0,0,0,679,A
1-PB2,986,0,0,0,685,685,C
1-PB2,987,685,0,0,0,685,A
1-PB2,988,0,679,0,0,679,T
1-PB2,989,0,682,0,0,682,T
1-PB2,990,0,680,0,1,681,T
1-PB2,991,685,0,1,0,686,A
1-PB2,992,685,0,1,0,686,A
1-PB2,993,687,0,0,0,687,A
1-PB2,994,681,0,4,0,685,A
1-PB2,995,0,1,686,0,687,G
1-PB2,996,687,0,1,0,688,A
1-PB2,997,683,0,1,0,684,A
1-PB2,998,0,0,0,696,696,C
1-PB2,999,692,0,0,0,692,A
1-PB2,1000,688,0,1,0,689,A
1-PB2,1001,0,0,680,0,680,G
1-PB2,1002,0,1,0,686,687,C
1-PB2,1003,0,2,684,0,686,G
1-PB2,1004,0,1,694,0,695,G
1-PB2,1005,0,0,682,0,682,G
1-PB2,1006,0,659,0,1,660,T
1-PB2,1007,2,1,0,662,665,C
1-PB2,1008,688,0,1,0,689,A
1-PB2,1009,0,664,0,0,664,T
1-PB2,1010,0,0,0,700,700,C
1-PB2,1011,698,0,0,0,698,A
1-PB2,1012,0,0,705,0,705,G
1-PB2,1013,0,681,0,1,682,T
1-PB2,1014,1,0,0,694,695,C
1-PB2,1015,700,0,1,0,701,A
1-PB2,1016,700,1,0,0,701,A
1-PB2,1017,697,7,0,0,704,A
1-PB2,1018,708,0,0,0,708,A
1-PB2,1019,712,0,1,0,713,A
1-PB2,1020,710,0,2,0,712,A
1-PB2,1021,0,0,722,0,722,G
1-PB2,1022,718,0,1,0,719,A
1-PB2,1023,719,0,0,0,719,A
1-PB2,1024,0,0,719,0,719,G
1-PB2,1025,707,0,0,0,707,A
1-PB2,1026,691,0,2,0,693,A
1-PB2,1027,0,0,699,0,699,G
1-PB2,1028,685,0,0,0,685,A
1-PB2,1029,1,0,681,0,682,G
1-PB2,1030,0,0,701,0,701,G
1-PB2,1031,0,669,0,0,669,T
1-PB2,1032,0,0,700,0,700,G
1-PB2,1033,0,0,0,701,701,C
1-PB2,1034,0,709,0,1,710,T
1-PB2,1035,0,722,0,1,723,T
1-PB2,1036,724,0,0,0,724,A
1-PB2,1037,0,1,0,709,710,C
1-PB2,1038,719,0,4,0,723,A
1-PB2,1039,1,1,716,0,718,G
1-PB2,1040,1,0,703,0,704,G
1-PB2,1041,1,0,0,689,690,C
1-PB2,1042,711,0,0,0,711,A
1-PB2,1043,721,0,0,0,721,A
1-PB2,1044,0,726,0,0,726,T
1-PB2,1045,0,1,0,726,727,C
1-PB2,1046,0,717,0,3,720,T
1-PB2,1047,1,1,1,716,719,C
1-PB2,1048,2,0,0,729,731,C
1-PB2,1049,742,0,0,0,742,A
1-PB2,1050,733,0,0,0,733,A
1-PB2,1051,733,0,0,0,733,A
1-PB2,1052,0,0,0,743,743,C
1-PB2,1053,737,0,0,0,737,A
1-PB2,1054,0,700,1,0,701,T
1-PB2,1055,0,704,0,0,704,T
1-PB2,1056,0,0,715,0,715,G
1-PB2,1057,699,0,0,0,699,A
1-PB2,1058,3,0,698,0,701,G
1-PB2,1059,744,0,2,0,746,A
1-PB2,1060,753,0,0,1,754,A
1-PB2,1061,2,736,0,0,738,T
1-PB2,1062,766,0,0,0,766,A
1-PB2,1063,765,0,2,0,767,A
1-PB2,1064,1,0,782,1,784,G
1-PB2,1065,775,1,1,0,777,A
1-PB2,1066,0,1,790,0,791,G
1-PB2,1067,0,741,0,0,741,T
1-PB2,1068,792,0,0,0,792,A
1-PB2,1069,0,0,0,806,806,C
1-PB2,1070,802,1,1,0,804,A
1-PB2,1071,0,789,0,1,790,T
1-PB2,1072,0,0,812,0,812,G
1-PB2,1073,763,0,0,0,763,A
1-PB2,1074,1,1,776,0,778,G
1-PB2,1075,0,0,773,0,773,G
1-PB2,1076,0,0,806,0,806,G
1-PB2,1077,1,0,800,0,801,G
1-PB2,1078,1,748,1,0,750,T
1-PB2,1079,814,0,0,0,814,A
1-PB2,1080,1,778,0,0,779,T
1-PB2,1081,0,0,809,0,809,G
1-PB2,1082,810,0,0,0,810,A
1-PB2,1083,2,1,792,0,795,G
1-PB2,1084,0,1,776,0,777,G
1-PB2,1085,757,0,1,0,758,A
1-PB2,1086,1,0,761,0,762,G
1-PB2,1087,0,762,1,2,765,T
1-PB2,1088,0,799,0,0,799,T
1-PB2,1089,1,0,0,809,810,C
1-PB2,1090,815,0,0,0,815,A
1-PB2,1091,0,0,0,811,811,C
1-PB2,1092,808,0,1,1,810,A
1-PB2,1093,810,0,0,0,810,A
1-PB2,1094,0,802,0,0,802,T
1-PB2,1095,0,1,800,0,801,G
1-PB2,1096,0,0,813,0,813,G
1-PB2,1097,0,788,0,1,789,T
1-PB2,1098,0,1,812,0,813,G
1-PB2,1099,0,1,795,0,796,G
1-PB2,1100,0,0,809,0,809,G
1-PB2,1101,0,0,818,0,818,G
1-PB2,1102,813,0,1,0,814,A
1-PB2,1103,817,0,0,0,817,A
1-PB2,1104,823,0,0,0,823,A
1-PB2,1105,804,0,2,0,806,A
1-PB2,1106,0,1,813,0,814,G
1-PB2,1107,801,0,3,0,804,A
1-PB2,1108,1,0,812,0,813,G
1-PB2,1109,1,1,0,808,810,C
1-PB2,1110,814,0,0,0,814,A
1-PB2,1111,826,0,1,0,827,A
1-PB2,1112,0,0,0,829,829,C
1-PB2,1113,848,0,2,1,851,A
1-PB2,1114,0,0,865,0,865,G
1-PB2,1115,0,1,0,851,852,C
1-PB2,1116,0,828,2,1,831,T
1-PB2,1117,878,0,0,0,878,A
1-PB2,1118,0,868,1,1,870,T
1-PB2,1119,875,0,0,0,875,A
1-PB2,1120,0,1,0,865,866,C
1-PB2,1121,0,820,1,0,821,T
1-PB2,1122,852,0,0,1,853,A
1-PB2,1123,844,0,2,0,846,A
1-PB2,1124,1,1,849,0,851,G
1-PB2,1125,842,0,0,0,842,A
1-PB2,1126,820,0,2,0,822,A
1-PB2,1127,820,0,0,0,820,A
1-PB2,1128,797,0,3,1,801,A
1-PB2,1129,1,0,808,0,809,G
1-PB2,1130,0,1,0,795,796,C
1-PB2,1131,818,0,0,0,818,A
1-PB2,1132,816,0,1,0,817,A
1-PB2,1133,0,1,0,804,805,C
1-PB2,1134,1,0,0,800,801,C
1-PB2,1135,813,0,0,0,813,A
1-PB2,1136,0,0,817,0,817,G
1-PB2,1137,802,0,2,0,804,A
1-PB2,1138,809,0,1,0,810,A
1-PB2,1139,0,0,815,0,815,G
1-PB2,1140,795,0,1,0,796,A
1-PB2,1141,0,771,0,0,771,T
1-PB2,1142,0,793,0,0,793,T
1-PB2,1143,0,3,811,0,814,G
1-PB2,1144,1,0,820,0,821,G
1-PB2,1145,0,786,0,2,788,T
1-PB2,1146,1,756,0,1,758,T
1-PB2,1147,4,0,0,792,796,C
1-PB2,1148,801,0,0,0,801,A
1-PB2,1149,801,0,4,0,805,A
1-PB2,1150,1,0,0,836,837,C
1-PB2,1151,0,850,0,1,851,T
1-PB2,1152,2,0,0,862,864,C
1-PB2,1153,866,0,0,0,866,A
1-PB2,1154,0,861,1,2,864,T
1-PB2,1155,873,0,0,0,873,A
1-PB2,1156,0,1,875,0,876,G
1-PB2,1157,0,815,0,1,816,T
1-PB2,1158,0,2,842,0,844,G
1-PB2,1159,788,0,0,0,788,A
1-PB2,1160,1,0,817,0,818,G
1-PB2,1161,0,789,1,0,790,T
1-PB2,1162,0,0,805,0,805,G
1-PB2,1163,0,0,801,0,801,G
1-PB2,1164,796,0,2,0,798,A
1-PB2,1165,799,0,1,0,800,A
1-PB2,1166,0,2,802,0,804,G
1-PB2,1167,797,0,1,0,798,A
1-PB2,1168,0,0,786,0,786,G
1-PB2,1169,798,0,1,0,799,A
1-PB2,1170,1,0,0,779,780,C
1-PB2,1171,2,0,789,0,791,G
1-PB2,1172,769,0,1,0,770,A
1-PB2,1173,786,0,5,0,791,A
1-PB2,1174,0,0,0,782,782,C
1-PB2,1175,791,0,0,0,791,A
1-PB2,1176,2,0,826,0,828,G
1-PB2,1177,0,778,0,1,779,T
1-PB2,1178,0,0,0,794,794,C
1-PB2,1179,843,0,0,0,843,A
1-PB2,1180,835,0,0,0,835,A
1-PB2,1181,0,826,0,0,826,T
1-PB2,1182,838,0,3,0,841,A
1-PB2,1183,0,1,814,0,815,G
1-PB2,1184,1,1,0,787,789,C
1-PB2,1185,0,0,0,778,778,C
1-PB2,1186,1,1,780,0,782,G
1-PB2,1187,784,0,0,0,784,A
1-PB2,1188,782,0,1,1,784,A
1-PB2,1189,0,0,764,0,764,G
1-PB2,1190,0,0,0,787,787,C
1-PB2,1191,827,0,0,0,827,A
1-PB2,1192,816,0,0,0,816,A
1-PB2,1193,0,813,0,0,813,T
1-PB2,1194,833,0,0,0,833,A
1-PB2,1195,822,0,2,0,824,A
1-PB2,1196,0,808,0,0,808,T
1-PB2,1197,1,1,0,814,816,C
1-PB2,1198,1,0,820,0,821,G
1-PB2,1199,0,778,1,0,779,T
1-PB2,1200,2,0,788,0,790,G
1-PB2,1201,0,0,779,1,780,G
1-PB2,1202,0,1,0,756,757,C
1-PB2,1203,2,0,0,785,787,C
1-PB2,1204,759,0,0,0,759,A
1-PB2,1205,0,777,0,1,778,T
1-PB2,1206,1,1,790,0,792,G
1-PB2,1207,0,1,794,0,795,G
1-PB2,1208,0,726,0,0,726,T
1-PB2,1209,1,0,778,0,779,G
1-PB2,1210,0,729,0,0,729,T
1-PB2,1211,0,744,0,0,744,T
1-PB2,1212,0,754,0,0,754,T
1-PB2,1213,0,755,1,0,756,T
1-PB2,1214,1,0,0,785,786,C
1-PB2,1215,783,0,0,1,784,A
1-PB2,1216,0,0,0,896,896,C
1-PB2,1217,914,0,0,0,914,A
1-PB2,1218,918,0,1,0,919,A
1-PB2,1219,0,0,936,0,936,G
1-PB2,1220,926,1,0,0,927,A
1-PB2,1221,839,0,78,0,917,A
1-PB2,1222,0,0,941,0,941,G
1-PB2,1223,953,0,1,0,954,A
1-PB2,1224,0,940,1,1,942,T
1-PB2,1225,0,942,0,1,943,T
1-PB2,1226,0,0,950,0,950,G
1-PB2,1227,0,2,0,930,932,C
1-PB2,1228,958,0,1,0,959,A
1-PB2,1229,0,965,0,0,965,T
1-PB2,1230,0,2,1014,0,1016,G
1-PB2,1231,1033,1,0,0,1034,A
1-PB2,1232,0,1049,0,0,1049,T
1-PB2,1233,1048,0,1,0,1049,A
1-PB2,1234,1040,0,3,0,1043,A
1-PB2,1235,1052,0,1,0,1053,A
1-PB2,1236,1045,0,1,0,1046,A
1-PB2,1237,0,0,1039,0,1039,G
1-PB2,1238,0,0,0,1063,1063,C
1-PB2,1239,1093,0,1,0,1094,A
1-PB2,1240,0,0,1144,0,1144,G
1-PB2,1241,0,1126,0,1,1127,T
1-PB2,1242,0,1120,0,2,1122,T
1-PB2,1243,1145,0,1,0,1146,A
1-PB2,1244,0,1,1160,0,1161,G
1-PB2,1245,1129,0,2,0,1131,A
1-PB2,1246,1,0,1137,0,1138,G
1-PB2,1247,0,0,1120,0,1120,G
1-PB2,1248,0,1007,1,1,1009,T
1-PB2,1249,0,2,1061,0,1063,G
1-PB2,1250,1093,0,2,0,1095,A
1-PB2,1251,0,3,0,1094,1097,C
1-PB2,1252,0,0,0,1113,1113,C
1-PB2,1253,1,1105,0,1,1107,T
1-PB2,1254,0,1,1114,0,1115,G
1-PB2,1255,1092,1,0,0,1093,A
1-PB2,1256,1105,0,1,0,1106,A
1-PB2,1257,0,1100,0,0,1100,T
1-PB2,1258,0,1124,0,0,1124,T
1-PB2,1259,0,1122,0,0,1122,T
1-PB2,1260,1,0,1,1113,1115,C
1-PB2,1261,0,0,1125,0,1125,G
1-PB2,1262,0,1104,0,1,1105,T
1-PB2,1263,0,1,0,1086,1087,C
1-PB2,1264,1136,0,1,0,1137,A
1-PB2,1265,1127,0,0,0,1127,A
1-PB2,1266,1,2,0,1127,1130,C
1-PB2,1267,1121,0,0,0,1121,A
1-PB2,1268,0,0,1135,0,1135,G
1-PB2,1269,1117,0,3,0,1120,A
1-PB2,1270,2,0,1118,0,1120,G
1-PB2,1271,0,0,0,1117,1117,C
1-PB2,1272,1145,0,1,0,1146,A
1-PB2,1273,1172,0,1,0,1173,A
1-PB2,1274,1150,0,0,0,1150,A
1-PB2,1275,0,1118,0,0,1118,T
1-PB2,1276,0,0,0,1126,1126,C
1-PB2,1277,1156,0,0,0,1156,A
1-PB2,1278,1,0,1105,0,1106,G
1-PB2,1279,1,0,0,1109,1110,C
1-PB2,1280,0,1,1156,0,1157,G
1-PB2,1281,1,0,1212,0,1213,G
1-PB2,1282,1,1154,0,2,1157,T
1-PB2,1283,0,1202,0,0,1202,T
1-PB2,1284,0,3,1190,0,1193,G
1-PB2,1285,1192,1,1,0,1194,A
1-PB2,1286,1201,0,1,0,1202,A
1-PB2,1287,0,1,0,1172,1173,C
1-PB2,1288,1,0,0,1162,1163,C
1-PB2,1289,0,1,0,1182,1183,C
1-PB2,1290,2,0,0,1186,1188,C
1-PB2,1291,1189,0,1,0,1190,A
1-PB2,1292,0,1193,0,3,1196,T
1-PB2,1293,0,0,1195,0,1195,G
1-PB2,1294,2,0,0,1211,1213,C
1-PB2,1295,1200,0,2,0,1202,A
1-PB2,1296,0,1199,0,1,1200,T
1-PB2,1297,1,0,0,1196,1197,C
1-PB2,1298,1207,1,1,0,1209,A
1-PB2,1299,0,0,1189,0,1189,G
1-PB2,1300,0,0,0,1183,1183,C
1-PB2,1301,0,1222,0,0,1222,T
1-PB2,1302,0,1231,1,3,1235,T
1-PB2,1303,0,1234,1,0,1235,T
1-PB2,1304,0,1210,0,0,1210,T
1-PB2,1305,1238,0,0,0,1238,A
1-PB2,1306,1229,0,1,1,1231,A
1-PB2,1307,0,1,1225,0,1226,G
1-PB2,1308,0,0,1193,0,1193,G
1-PB2,1309,1,0,0,1193,1194,C
1-PB2,1310,1202,0,1,0,1203,A
1-PB2,1311,0,1218,0,0,1218,T
1-PB2,1312,0,1203,0,2,1205,T
1-PB2,1313,0,1198,0,2,1200,T
1-PB2,1314,0,1221,0,0,1221,T
1-PB2,1315,0,0,0,1225,1225,C
1-PB2,1316,1242,0,0,0,1242,A
1-PB2,1317,0,1,1238,0,1239,G
1-PB2,1318,1239,0,1,0,1240,A
1-PB2,1319,1236,0,1,0,1237,A
1-PB2,1320,1233,1,1,0,1235,A
1-PB2,1321,2,0,1239,0,1241,G
1-PB2,1322,1235,0,0,0,1235,A
1-PB2,1323,0,1211,0,1,1212,T
1-PB2,1324,1,1,1231,0,1233,G
1-PB2,1325,0,1,0,1185,1186,C
1-PB2,1326,0,0,1255,0,1255,G
1-PB2,1327,1204,0,0,0,1204,A
1-PB2,1328,1212,1,0,0,1213,A
1-PB2,1329,1217,0,3,0,1220,A
1-PB2,1330,0,0,1252,0,1252,G
1-PB2,1331,0,1197,0,2,1199,T
1-PB2,1332,0,0,1226,0,1226,G
1-PB2,1333,0,0,0,1178,1178,C
1-PB2,1334,0,1202,0,6,1208,T
1-PB2,1335,0,1210,0,0,1210,T
1-PB2,1336,0,1231,0,0,1231,T
1-PB2,1337,0,1241,0,0,1241,T
1-PB2,1338,0,1206,0,0,1206,T
1-PB2,1339,1,0,0,1238,1239,C
1-PB2,1340,1240,0,1,0,1241,A
1-PB2,1341,1219,0,1,0,1220,A
1-PB2,1342,1203,0,1,0,1204,A
1-PB2,1343,1215,0,0,0,1215,A
1-PB2,1344,0,1213,1,0,1214,T
1-PB2,1345,0,1255,0,0,1255,T
1-PB2,1346,0,3,1227,0,1230,G
1-PB2,1347,1,3,1194,0,1198,G
1-PB2,1348,1,1,1219,0,1221,G
1-PB2,1349,1,2,1258,0,1261,G
1-PB2,1350,1238,0,3,0,1241,A
1-PB2,1351,0,0,1283,0,1283,G
1-PB2,1352,1,1279,0,3,1283,T
1-PB2,1353,0,1285,0,0,1285,T
1-PB2,1354,0,1,1297,0,1298,G
1-PB2,1355,1286,0,3,0,1289,A
1-PB2,1356,1280,1,5,0,1286,A
1-PB2,1357,0,1,0,1328,1329,C
1-PB2,1358,1323,0,0,0,1323,A
1-PB2,1359,0,0,0,1376,1376,C
1-PB2,1360,1359,0,0,0,1359,A
1-PB2,1361,0,1336,0,0,1336,T
1-PB2,1362,1,1,1,1353,1356,C
1-PB2,1363,1,4,1347,0,1352,G
1-PB2,1364,1353,0,3,0,1356,A
1-PB2,1365,1,0,0,1333,1334,C
1-PB2,1366,1345,0,2,0,1347,A
1-PB2,1367,2,0,1385,0,1387,G
1-PB2,1368,0,1316,0,1,1317,T
1-PB2,1369,0,1,1357,0,1358,G
1-PB2,1370,0,1312,0,0,1312,T
1-PB2,1371,0,0,1361,0,1361,G
1-PB2,1372,1333,0,1,0,1334,A
1-PB2,1373,0,1326,1,1,1328,T
1-PB2,1374,0,3,1355,0,1358,G
1-PB2,1375,0,0,1344,0,1344,G
1-PB2,1376,0,1,1315,0,1316,G
1-PB2,1377,1313,0,2,0,1315,A
1-PB2,1378,1303,0,1,0,1304,A
1-PB2,1379,0,1317,0,0,1317,T
1-PB2,1380,0,1,1320,0,1321,G
1-PB2,1381,1345,0,1,0,1346,A
1-PB2,1382,0,1338,0,0,1338,T
1-PB2,1383,0,1322,1,0,1323,T
1-PB2,1384,1,0,1333,0,1334,G
1-PB2,1385,0,4,1355,0,1359,G
1-PB2,1386,1359,0,2,0,1361,A
1-PB2,1387,1,0,1377,0,1378,G
1-PB2,1388,1,1338,1,0,1340,T
1-PB2,1389,1378,0,0,0,1378,A
1-PB2,1390,1,1353,0,2,1356,T
1-PB2,1391,0,1387,1,0,1388,T
1-PB2,1392,1397,1,2,0,1400,A
1-PB2,1393,0,0,0,1373,1373,C
1-PB2,1394,0,2,0,1384,1386,C
1-PB2,1395,1390,1,1,0,1392,A
1-PB2,1396,0,0,1403,0,1403,G
1-PB2,1397,1426,0,1,0,1427,A
1-PB2,1398,0,1406,0,0,1406,T
1-PB2,1399,1404,0,0,0,1404,A
1-PB2,1400,0,1389,0,0,1389,T
1-PB2,1401,0,3,1381,0,1384,G
1-PB2,1402,1370,0,2,0,1372,A
1-PB2,1403,0,0,0,1342,1342,C
1-PB2,1404,0,1345,0,0,1345,T
1-PB2,1405,1,0,1,1330,1332,C
1-PB2,1406,1,1,0,1347,1349,C
1-PB2,1407,1374,0,1,0,1375,A
1-PB2,1408,1378,0,1,0,1379,A
1-PB2,1409,0,0,1445,0,1445,G
1-PB2,1410,2,2,0,1408,1412,C
1-PB2,1411,1395,0,0,0,1395,A
1-PB2,1412,0,1,0,1440,1441,C
1-PB2,1413,1442,0,1,1,1444,A
1-PB2,1414,0,1,1451,0,1452,G
1-PB2,1415,1442,0,1,0,1443,A
1-PB2,1416,0,0,1438,0,1438,G
1-PB2,1417,1445,0,1,0,1446,A
1-PB2,1418,0,1401,1,0,1402,T
1-PB2,1419,0,0,1435,0,1435,G
1-PB2,1420,0,1419,0,4,1423,T
1-PB2,1421,0,0,0,1419,1419,C
1-PB2,1422,1439,0,0,1,1440,A
1-PB2,1423,1429,0,2,0,1431,A
1-PB2,1424,0,1441,0,1,1442,T
1-PB2,1425,0,0,1447,0,1447,G
1-PB2,1426,1424,0,0,0,1424,A
1-PB2,1427,0,0,1432,1,1433,G
1-PB2,1428,1400,1,1,0,1402,A
1-PB2,1429,3,0,1391,0,1394,G
1-PB2,1430,1,2,1483,0,1486,G
1-PB2,1431,1486,0,0,1,1487,A
1-PB2,1432,1475,0,4,0,1479,A
1-PB2,1433,0,1479,0,0,1479,T
1-PB2,1434,1475,0,2,0,1477,A
1-PB2,1435,1494,0,0,0,1494,A
1-PB2,1436,1,0,1502,0,1503,G
1-PB2,1437,1460,0,1,0,1461,A
1-PB2,1438,1,1,1480,0,1482,G
1-PB2,1439,0,1415,0,1,1416,T
1-PB2,1440,2,0,0,1392,1394,C
1-PB2,1441,1436,0,1,0,1437,A
1-PB2,1442,1,0,1444,0,1445,G
1-PB2,1443,2,0,1,1437,1440,C
1-PB2,1444,1468,0,0,0,1468,A
1-PB2,1445,1468,0,1,0,1469,A
1-PB2,1446,1457,0,2,0,1459,A
1-PB2,1447,1466,0,1,0,1467,A
1-PB2,1448,1,1454,0,1,1456,T
1-PB2,1449,0,0,1473,0,1473,G
1-PB2,1450,0,2,1460,0,1462,G
1-PB2,1451,0,0,1472,1,1473,G
1-PB2,1452,0,1424,0,2,1426,T
1-PB2,1453,0,0,1450,0,1450,G
1-PB2,1454,0,1428,0,0,1428,T
1-PB2,1455,1,2,1435,0,1438,G
1-PB2,1456,0,0,1481,0,1481,G
1-PB2,1457,1451,0,0,0,1451,A
1-PB2,1458,0,1440,0,1,1441,T
1-PB2,1459,1,4,1466,0,1471,G
1-PB2,1460,1465,0,1,0,1466,A
1-PB2,1461,1479,0,1,0,1480,A
1-PB2,1462,0,1481,0,0,1481,T
1-PB2,1463,1435,1,1,0,1437,A
1-PB2,1464,1,0,0,1531,1532,C
1-PB2,1465,0,1492,0,1,1493,T
1-PB2,1466,1,2,0,1489,1492,C
1-PB2,1467,0,0,0,1535,1535,C
1-PB2,1468,1509,0,1,0,1510,A
1-PB2,1469,0,0,1623,0,1623,G
1-PB2,1470,1,1585,0,1,1587,T
1-PB2,1471,1594,0,1,0,1595,A
1-PB2,1472,0,3,0,1603,1606,C
1-PB2,1473,1533,0,1,0,1534,A
1-PB2,1474,0,0,1543,0,1543,G
1-PB2,1475,1490,1,2,0,1493,A
1-PB2,1476,0,1,1510,0,1511,G
1-PB2,1477,1466,0,1,0,1467,A
1-PB2,1478,1,0,1473,0,1474,G
1-PB2,1479,0,2,1460,0,1462,G
1-PB2,1480,0,0,1468,0,1468,G
1-PB2,1481,1,1351,0,1,1353,T
1-PB2,1482,1,1,1439,0,1441,G
1-PB2,1483,0,1,1472,0,1473,G
1-PB2,1484,0,1379,0,0,1379,T
1-PB2,1485,1,0,1472,0,1473,G
1-PB2,1486,1,0,1447,0,1448,G
1-PB2,1487,0,1431,0,0,1431,T
1-PB2,1488,0,1453,0,1,1454,T
1-PB2,1489,1444,0,2,0,1446,A
1-PB2,1490,0,0,1416,0,1416,G
1-PB2,1491,1,0,0,1419,1420,C
1-PB2,1492,1417,0,0,0,1417,A
1-PB2,1493,0,1434,0,0,1434,T
1-PB2,1494,0,1369,0,0,1369,T
1-PB2,1495,0,1,1350,0,1351,G
1-PB2,1496,1325,0,2,0,1327,A
1-PB2,1497,0,1340,0,0,1340,T
1-PB2,1498,0,0,0,1357,1357,C
1-PB2,1499,0,0,1360,0,1360,G
1-PB2,1500,0,1,1377,0,1378,G
1-PB2,1501,0,1318,0,0,1318,T
1-PB2,1502,0,1342,0,0,1342,T
1-PB2,1503,1,1364,0,0,1365,T
1-PB2,1504,0,1341,0,0,1341,T
1-PB2,1505,0,1353,0,0,1353,T
1-PB2,1506,1,0,1380,0,1381,G
1-PB2,1507,1363,0,5,0,1368,A
1-PB2,1508,0,0,1361,0,1361,G
1-PB2,1509,1326,0,1,1,1328,A
1-PB2,1510,1,0,1351,0,1352,G
1-PB2,1511,0,1342,0,1,1343,T
1-PB2,1512,0,1306,0,1,1307,T
1-PB2,1513,1,0,0,1327,1328,C
1-PB2,1514,1,2,1353,0,1356,G
1-PB2,1515,1345,0,4,0,1349,A
1-PB2,1516,0,1,1358,0,1359,G
1-PB2,1517,1327,0,3,0,1330,A
1-PB2,1518,0,1,0,1305,1306,C
1-PB2,1519,1,0,0,1330,1331,C
1-PB2,1520,1321,0,0,0,1321,A
1-PB2,1521,1322,0,5,0,1327,A
1-PB2,1522,0,0,0,1356,1356,C
1-PB2,1523,0,0,1363,0,1363,G
1-PB2,1524,0,1312,0,0,1312,T
1-PB2,1525,0,0,1362,0,1362,G
1-PB2,1526,0,0,1361,0,1361,G
1-PB2,1527,0,2,1349,0,1351,G
1-PB2,1528,1324,0,2,0,1326,A
1-PB2,1529,1319,0,0,0,1319,A
1-PB2,1530,0,1304,0,1,1305,T
1-PB2,1531,0,0,1341,0,1341,G
1-PB2,1532,0,1298,0,0,1298,T
1-PB2,1533,1318,0,0,0,1318,A
1-PB2,1534,0,1321,0,0,1321,T
1-PB2,1535,0,1312,0,0,1312,T
1-PB2,1536,1344,0,0,0,1344,A
1-PB2,1537,1,1315,0,0,1316,T
1-PB2,1538,0,1316,0,0,1316,T
1-PB2,1539,1310,0,0,0,1310,A
1-PB2,1540,0,1145,0,0,1145,T
1-PB2,1541,0,0,0,1189,1189,C
1-PB2,1542,0,1142,0,2,1144,T
1-PB2,1543,1,0,0,1162,1163,C
1-PB2,1544,1,0,0,1167,1168,C
1-PB2,1545,1,1154,0,1,1156,T
1-PB2,1546,0,1,1165,0,1166,G
1-PB2,1547,1116,0,0,0,1116,A
1-PB2,1548,0,1,1142,0,1143,G
1-PB2,1549,1,0,1130,0,1131,G
1-PB2,1550,1041,0,1,0,1042,A
1-PB2,1551,1,0,1049,0,1050,G
1-PB2,1552,0,0,1029,0,1029,G
1-PB2,1553,0,994,0,0,994,T
1-PB2,1554,5,1,0,1001,1007,C
1-PB2,1555,1014,1,1,0,1016,A
1-PB2,1556,0,0,1032,0,1032,G
1-PB2,1557,0,1011,0,3,1014,T
1-PB2,1558,0,1,1027,0,1028,G
1-PB2,1559,1015,0,1,0,1016,A
1-PB2,1560,983,0,0,0,983,A
1-PB2,1561,989,0,2,0,991,A
1-PB2,1562,0,0,0,973,973,C
1-PB2,1563,970,0,2,1,973,A
1-PB2,1564,0,1,0,976,977,C
1-PB2,1565,948,1,2,0,951,A
1-PB2,1566,0,1,968,0,969,G
1-PB2,1567,0,1,957,0,958,G
1-PB2,1568,0,2,976,0,978,G
1-PB2,1569,951,0,0,0,951,A
1-PB2,1570,943,0,4,0,947,A
1-PB2,1571,0,0,0,962,962,C
1-PB2,1572,0,965,0,1,966,T
1-PB2,1573,0,1,968,0,969,G
1-PB2,1574,955,0,1,0,956,A
1-PB2,1575,0,1,956,0,957,G
1-PB2,1576,950,0,1,0,951,A
1-PB2,1577,0,0,895,0,895,G
1-PB2,1578,893,0,0,0,893,A
1-PB2,1579,1,0,0,887,888,C
1-PB2,1580,0,867,0,1,868,T
1-PB2,1581,0,1,892,0,893,G
1-PB2,1582,875,0,1,0,876,A
1-PB2,1583,0,1,0,902,903,C
1-PB2,1584,896,0,2,0,898,A
1-PB2,1585,886,0,0,0,886,A
1-PB2,1586,0,902,0,0,902,T
1-PB2,1587,906,0,0,0,906,A
1-PB2,1588,893,1,2,0,896,A
1-PB2,1589,0,0,0,918,918,C
1-PB2,1590,0,880,0,0,880,T
1-PB2,1591,0,873,0,1,874,T
1-PB2,1592,867,0,0,0,867,A
1-PB2,1593,0,860,0,2,862,T
1-PB2,1594,0,857,0,0,857,T
1-PB2,1595,1,0,0,853,854,C
1-PB2,1596,822,0,1,0,823,A
1-PB2,1597,0,821,0,0,821,T
1-PB2,1598,1,0,0,794,795,C
1-PB2,1599,0,0,795,0,795,G
1-PB2,1600,0,790,0,0,790,T
1-PB2,1601,0,0,0,783,783,C
1-PB2,1602,1,0,796,0,797,G
1-PB2,1603,798,0,0,0,798,A
1-PB2,1604,0,786,0,0,786,T
1-PB2,1605,1,0,801,0,802,G
1-PB2,1606,802,0,0,0,802,A
1-PB2,1607,0,801,0,0,801,T
1-PB2,1608,0,1,823,0,824,G
1-PB2,1609,0,775,0,1,776,T
1-PB2,1610,0,0,787,0,787,G
1-PB2,1611,0,0,776,0,776,G
1-PB2,1612,0,0,787,1,788,G
1-PB2,1613,760,0,0,0,760,A
1-PB2,1614,1,0,784,0,785,G
1-PB2,1615,738,0,0,0,738,A
1-PB2,1616,0,725,0,1,726,T
1-PB2,1617,0,708,0,1,709,T
1-PB2,1618,723,0,0,0,723,A
1-PB2,1619,705,0,0,0,705,A
1-PB2,1620,0,1,0,708,709,C
1-PB2,1621,0,0,671,0,671,G
1-PB2,1622,0,0,698,0,698,G
1-PB2,1623,1,638,0,0,639,T
1-PB2,1624,2,0,0,625,627,C
1-PB2,1625,1,0,0,649,650,C
1-PB2,1626,0,648,0,3,651,T
1-PB2,1627,0,2,638,0,640,G
1-PB2,1628,644,0,0,0,644,A
1-PB2,1629,0,0,647,0,647,G
1-PB2,1630,1,607,1,0,609,T
1-PB2,1631,5,1,0,597,603,C
1-PB2,1632,2,0,596,0,598,G
1-PB2,1633,1,1,615,0,617,G
1-PB2,1634,0,602,0,1,603,T
1-PB2,1635,0,613,0,0,613,T
1-PB2,1636,0,610,0,0,610,T
1-PB2,1637,0,621,0,1,622,T
1-PB2,1638,0,1,598,0,599,G
1-PB2,1639,1,0,603,0,604,G
1-PB2,1640,0,585,0,0,585,T
1-PB2,1641,2,0,0,633,635,C
1-PB2,1642,620,0,0,0,620,A
1-PB2,1643,624,0,0,0,624,A
1-PB2,1644,0,648,0,0,648,T
1-PB2,1645,628,0,0,1,629,A
1-PB2,1646,0,0,0,655,655,C
1-PB2,1647,0,0,0,629,629,C
1-PB2,1648,0,640,0,0,640,T
1-PB2,1649,633,0,1,0,634,A
1-PB2,1650,0,645,0,2,647,T
1-PB2,1651,0,1,0,639,640,C
1-PB2,1652,620,0,0,0,620,A
1-PB2,1653,613,0,0,0,613,A
1-PB2,1654,0,614,0,0,614,T
1-PB2,1655,0,1,585,0,586,G
1-PB2,1656,1,0,594,0,595,G
1-PB2,1657,575,0,0,0,575,A
1-PB2,1658,0,556,0,1,557,T
1-PB2,1659,0,1,0,549,550,C
1-PB2,1660,561,0,1,0,562,A
1-PB2,1661,0,564,0,0,564,T
1-PB2,1662,1,0,0,572,573,C
1-PB2,1663,577,0,0,0,577,A
1-PB2,1664,0,1,572,0,573,G
1-PB2,1665,567,0,2,0,569,A
1-PB2,1666,565,0,0,0,565,A
1-PB2,1667,567,0,0,0,567,A
1-PB2,1668,0,571,0,0,571,T
1-PB2,1669,0,570,0,0,570,T
1-PB2,1670,0,1,561,0,562,G
1-PB2,1671,0,1,556,0,557,G
1-PB2,1672,1,0,553,0,554,G
1-PB2,1673,565,0,0,0,565,A
1-PB2,1674,547,0,0,0,547,A
1-PB2,1675,1,0,549,0,550,G
1-PB2,1676,0,0,0,537,537,C
1-PB2,1677,0,562,0,2,564,T
1-PB2,1678,0,0,549,0,549,G
1-PB2,1679,0,545,0,0,545,T
1-PB2,1680,0,0,0,551,551,C
1-PB2,1681,563,0,0,0,563,A
1-PB2,1682,565,1,0,0,566,A
1-PB2,1683,570,0,0,0,570,A
1-PB2,1684,573,0,0,0,573,A
1-PB2,1685,0,573,1,0,574,T
1-PB2,1686,0,572,1,1,574,T
1-PB2,1687,0,0,0,573,573,C
1-PB2,1688,563,0,1,0,564,A
1-PB2,1689,568,0,1,0,569,A
1-PB2,1690,0,565,0,0,565,T
1-PB2,1691,0,0,559,0,559,G
1-PB2,1692,0,0,559,0,559,G
1-PB2,1693,0,588,0,0,588,T
1-PB2,1694,1,0,0,590,591,C
1-PB2,1695,0,597,0,1,598,T
1-PB2,1696,1,0,0,598,599,C
1-PB2,1697,605,0,0,0,605,A
1-PB2,1698,0,2,603,0,605,G
1-PB2,1699,599,0,1,0,600,A
1-PB2,1700,610,0,0,0,610,A
1-PB2,1701,0,587,0,0,587,T
1-PB2,1702,1,1,0,582,584,C
1-PB2,1703,1,0,0,597,598,C
1-PB2,1704,0,605,0,0,605,T
1-PB2,1705,0,0,586,1,587,G
1-PB2,1706,0,0,0,597,597,C
1-PB2,1707,601,0,0,0,601,A
1-PB2,1708,609,0,1,0,610,A
1-PB2,1709,0,587,0,0,587,T
1-PB2,1710,0,0,605,0,605,G
1-PB2,1711,0,610,1,1,612,T
1-PB2,1712,0,596,0,0,596,T
1-PB2,1713,0,0,601,0,601,G
1-PB2,1714,0,584,1,0,585,T
1-PB2,1715,597,0,2,0,599,A
1-PB2,1716,0,0,0,589,589,C
1-PB2,1717,587,0,1,0,588,A
1-PB2,1718,587,0,0,0,587,A
1-PB2,1719,1,0,0,573,574,C
1-PB2,1720,571,0,0,0,571,A
1-PB2,1721,569,0,0,0,569,A
1-PB2,1722,555,0,0,1,556,A
1-PB2,1723,559,0,0,0,559,A
1-PB2,1724,0,541,0,2,543,T
1-PB2,1725,0,1,551,0,552,G
1-PB2,1726,0,0,548,0,548,G
1-PB2,1727,543,0,1,0,544,A
1-PB2,1728,555,0,1,0,556,A
1-PB2,1729,0,552,1,0,553,T
1-PB2,1730,0,552,0,0,552,T
1-PB2,1731,0,559,0,0,559,T
1-PB2,1732,0,0,539,0,539,G
1-PB2,1733,559,0,0,0,559,A
1-PB2,1734,546,0,1,0,547,A
1-PB2,1735,0,0,0,543,543,C
1-PB2,1736,1,0,0,540,541,C
1-PB2,1737,544,0,0,0,544,A
1-PB2,1738,0,548,0,0,548,T
1-PB2,1739,0,548,0,0,548,T
1-PB2,1740,0,550,0,0,550,T
1-PB2,1741,0,0,0,542,542,C
1-PB2,1742,559,0,0,0,559,A
1-PB2,1743,544,0,0,0,544,A
1-PB2,1744,0,553,0,0,553,T
1-PB2,1745,0,0,0,554,554,C
1-PB2,1746,0,539,0,0,539,T
1-PB2,1747,0,544,0,1,545,T
1-PB2,1748,0,544,0,0,544,T
1-PB2,1749,558,0,0,0,558,A
1-PB2,1750,0,0,548,0,548,G
1-PB2,1751,0,548,0,0,548,T
1-PB2,1752,0,0,0,553,553,C
1-PB2,1753,1,0,0,557,558,C
1-PB2,1754,2,0,0,555,557,C
1-PB2,1755,0,0,0,560,560,C
1-PB2,1756,562,0,0,0,562,A
1-PB2,1757,560,0,1,0,561,A
1-PB2,1758,0,0,563,0,563,G
1-PB2,1759,0,0,541,0,541,G
1-PB2,1760,0,0,0,552,552,C
1-PB2,1761,0,0,0,559,559,C
1-PB2,1762,574,0,0,0,574,A
1-PB2,1763,0,571,0,0,571,T
1-PB2,1764,0,573,0,0,573,T
1-PB2,1765,580,0,1,1,582,A
1-PB2,1766,0,0,572,0,572,G
1-PB2,1767,561,0,0,0,561,A
1-PB2,1768,591,0,0,0,591,A
1-PB2,1769,1,0,600,0,601,G
1-PB2,1770,1,1,0,599,601,C
1-PB2,1771,0,0,0,618,618,C
1-PB2,1772,621,0,0,0,621,A
1-PB2,1773,618,0,0,0,618,A
1-PB2,1774,0,625,0,0,625,T
1-PB2,1775,624,0,0,0,624,A
1-PB2,1776,0,0,0,631,631,C
1-PB2,1777,593,0,1,0,594,A
1-PB2,1778,1,0,594,0,595,G
1-PB2,1779,0,574,0,0,574,T
1-PB2,1780,0,0,594,0,594,G
1-PB2,1781,0,1,588,0,589,G
1-PB2,1782,0,0,588,0,588,G
1-PB2,1783,0,551,0,1,552,T
1-PB2,1784,0,570,0,0,570,T
1-PB2,1785,0,583,0,0,583,T
1-PB2,1786,0,0,581,0,581,G
1-PB2,1787,0,581,0,0,581,T
1-PB2,1788,1,0,0,582,583,C
1-PB2,1789,580,0,0,0,580,A
1-PB2,1790,0,0,572,0,572,G
1-PB2,1791,569,0,0,0,569,A
1-PB2,1792,569,0,0,0,569,A
1-PB2,1793,0,0,0,579,579,C
1-PB2,1794,0,557,0,1,558,T
1-PB2,1795,1,0,0,591,592,C
1-PB2,1796,0,592,0,0,592,T
1-PB2,1797,590,0,0,0,590,A
1-PB2,1798,0,595,0,1,596,T
1-PB2,1799,0,586,0,0,586,T
1-PB2,1800,0,0,0,582,582,C
1-PB2,1801,0,1,0,583,584,C
1-PB2,1802,590,0,1,0,591,A
1-PB2,1803,595,0,0,0,595,A
1-PB2,1804,0,0,0,594,594,C
1-PB2,1805,592,0,0,0,592,A
1-PB2,1806,580,0,0,0,580,A
1-PB2,1807,580,0,1,0,581,A
1-PB2,1808,0,583,0,0,583,T
1-PB2,1809,0,1,578,0,579,G
1-PB2,1810,578,0,1,0,579,A
1-PB2,1811,0,1,582,0,583,G
1-PB2,1812,584,0,0,0,584,A
1-PB2,1813,0,1,568,0,569,G
1-PB2,1814,588,0,0,0,588,A
1-PB2,1815,0,0,0,590,590,C
1-PB2,1816,1,0,595,0,596,G
1-PB2,1817,0,588,0,0,588,T
1-PB2,1818,596,0,0,0,596,A
1-PB2,1819,0,0,0,602,602,C
1-PB2,1820,0,603,0,0,603,T
1-PB2,1821,0,607,0,0,607,T
1-PB2,1822,0,1,610,0,611,G
1-PB2,1823,1,0,599,0,600,G
1-PB2,1824,0,0,603,0,603,G
1-PB2,1825,581,0,2,0,583,A
1-PB2,1826,0,0,1,594,595,C
1-PB2,1827,611,0,0,0,611,A
1-PB2,1828,0,604,0,0,604,T
1-PB2,1829,0,612,0,1,613,T
1-PB2,1830,0,614,0,0,614,T
1-PB2,1831,0,0,603,0,603,G
1-PB2,1832,611,0,3,0,614,A
1-PB2,1833,0,0,0,615,615,C
1-PB2,1834,615,0,0,0,615,A
1-PB2,1835,0,0,0,614,614,C
1-PB2,1836,0,0,0,601,601,C
1-PB2,1837,617,0,1,0,618,A
1-PB2,1838,0,0,0,616,616,C
1-PB2,1839,1,0,0,609,610,C
1-PB2,1840,1,0,0,624,625,C
1-PB2,1841,614,0,0,0,614,A
1-PB2,1842,0,0,632,0,632,G
1-PB2,1843,625,0,0,0,625,A
1-PB2,1844,0,655,0,0,655,T
1-PB2,1845,670,0,0,0,670,A
1-PB2,1846,657,0,1,0,658,A
1-PB2,1847,0,653,0,0,653,T
1-PB2,1848,659,0,0,0,659,A
1-PB2,1849,658,0,0,0,658,A
1-PB2,1850,644,0,0,0,644,A
1-PB2,1851,0,0,652,0,652,G
1-PB2,1852,0,0,0,638,638,C
1-PB2,1853,0,625,0,0,625,T
1-PB2,1854,0,619,0,0,619,T
1-PB2,1855,0,0,0,636,636,C
1-PB2,1856,0,627,0,1,628,T
1-PB2,1857,2,0,0,637,639,C
1-PB2,1858,1,0,0,639,640,C
1-PB2,1859,1,0,0,622,623,C
1-PB2,1860,0,0,1,622,623,C
1-PB2,1861,0,647,0,1,648,T
1-PB2,1862,0,656,0,0,656,T
1-PB2,1863,0,662,0,0,662,T
1-PB2,1864,0,0,654,0,654,G
1-PB2,1865,0,0,0,655,655,C
1-PB2,1866,644,0,3,0,647,A
1-PB2,1867,0,0,655,0,655,G
1-PB2,1868,0,0,0,650,650,C
1-PB2,1869,0,634,0,0,634,T
1-PB2,1870,0,1,636,0,637,G
1-PB2,1871,0,0,0,636,636,C
1-PB2,1872,0,621,0,1,622,T
1-PB2,1873,0,0,0,634,634,C
1-PB2,1874,0,0,0,646,646,C
1-PB2,1875,637,0,1,0,638,A
1-PB2,1876,0,0,0,657,657,C
1-PB2,1877,0,0,0,668,668,C
1-PB2,1878,671,0,0,0,671,A
1-PB2,1879,676,0,0,0,676,A
1-PB2,1880,662,0,1,1,664,A
1-PB2,1881,1,1,668,0,670,G
1-PB2,1882,0,0,0,667,667,C
1-PB2,1883,670,0,0,0,670,A
1-PB2,1884,667,1,1,0,669,A
1-PB2,1885,668,0,0,0,668,A
1-PB2,1886,1,0,674,0,675,G
1-PB2,1887,0,0,0,675,675,C
1-PB2,1888,678,0,0,0,678,A
1-PB2,1889,0,0,685,0,685,G
1-PB2,1890,679,0,0,0,679,A
1-PB2,1891,693,0,0,0,693,A
1-PB2,1892,0,689,0,0,689,T
1-PB2,1893,0,0,680,0,680,G
1-PB2,1894,0,0,0,686,686,C
1-PB2,1895,675,0,0,0,675,A
1-PB2,1896,0,0,690,0,690,G
1-PB2,1897,0,687,0,0,687,T
1-PB2,1898,0,723,0,0,723,T
1-PB2,1899,0,0,0,723,723,C
1-PB2,1900,1,722,0,0,723,T
1-PB2,1901,1,0,1,728,730,C
1-PB2,1902,0,723,0,1,724,T
1-PB2,1903,0,728,0,0,728,T
1-PB2,1904,0,1,0,729,730,C
1-PB2,1905,722,0,0,0,722,A
1-PB2,1906,0,0,0,728,728,C
1-PB2,1907,0,701,0,0,701,T
1-PB2,1908,3,1,714,0,718,G
1-PB2,1909,692,0,2,0,694,A
1-PB2,1910,0,0,0,718,718,C
1-PB2,1911,0,720,0,0,720,T
1-PB2,1912,0,0,731,0,731,G
1-PB2,1913,0,704,0,1,705,T
1-PB2,1914,0,2,733,0,735,G
1-PB2,1915,722,0,2,0,724,A
1-PB2,1916,747,0,0,1,748,A
1-PB2,1917,0,743,0,0,743,T
1-PB2,1918,0,0,738,0,738,G
1-PB2,1919,0,723,0,0,723,T
1-PB2,1920,721,0,0,1,722,A
1-PB2,1921,728,0,1,0,729,A
1-PB2,1922,0,0,739,0,739,G
1-PB2,1923,0,1,723,0,724,G
1-PB2,1924,1,0,720,0,721,G
1-PB2,1925,0,3,736,0,739,G
1-PB2,1926,730,0,0,0,730,A
1-PB2,1927,2,699,0,4,705,T
1-PB2,1928,0,0,0,744,744,C
1-PB2,1929,751,0,0,0,751,A
1-PB2,1930,0,0,770,0,770,G
1-PB2,1931,0,1,765,0,766,G
1-PB2,1932,0,1,771,0,772,G
1-PB2,1933,772,0,0,0,772,A
1-PB2,1934,0,752,0,0,752,T
1-PB2,1935,0,1,773,0,774,G
1-PB2,1936,776,0,0,0,776,A
1-PB2,1937,1,0,801,0,802,G
1-PB2,1938,814,0,0,0,814,A
1-PB2,1939,804,0,0,0,804,A
1-PB2,1940,0,803,0,0,803,T
1-PB2,1941,808,0,0,0,808,A
1-PB2,1942,0,1,0,817,818,C
1-PB2,1943,0,825,0,1,826,T
1-PB2,1944,0,830,0,0,830,T
1-PB2,1945,0,0,826,0,826,G
1-PB2,1946,0,813,0,0,813,T
1-PB2,1947,823,0,0,0,823,A
1-PB2,1948,806,0,0,0,806,A
1-PB2,1949,0,1,804,0,805,G
1-PB2,1950,0,0,792,0,792,G
1-PB2,1951,0,0,784,0,784,G
1-PB2,1952,0,0,791,0,791,G
1-PB2,1953,0,0,0,810,810,C
1-PB2,1954,810,0,1,0,811,A
1-PB2,1955,834,0,0,0,834,A
1-PB2,1956,0,828,0,0,828,T
1-PB2,1957,0,831,0,0,831,T
1-PB2,1958,0,0,0,857,857,C
1-PB2,1959,1,849,0,0,850,T
1-PB2,1960,2,0,1,872,875,C
1-PB2,1961,1,0,0,877,878,C
1-PB2,1962,1,874,0,1,876,T
1-PB2,1963,0,0,905,0,905,G
1-PB2,1964,0,879,0,2,881,T
1-PB2,1965,897,0,0,0,897,A
1-PB2,1966,0,894,0,1,895,T
1-PB2,1967,0,882,0,1,883,T
1-PB2,1968,0,1,0,892,893,C
1-PB2,1969,891,0,0,0,891,A
1-PB2,1970,908,0,0,0,908,A
1-PB2,1971,0,0,0,918,918,C
1-PB2,1972,0,916,0,1,917,T
1-PB2,1973,909,0,0,0,909,A
1-PB2,1974,0,0,0,957,957,C
1-PB2,1975,964,0,0,0,964,A
1-PB2,1976,960,0,1,0,961,A
1-PB2,1977,0,1,0,968,969,C
1-PB2,1978,969,0,0,0,969,A
1-PB2,1979,963,0,1,0,964,A
1-PB2,1980,0,1,953,0,954,G
1-PB2,1981,948,0,0,0,948,A
1-PB2,1982,0,0,0,958,958,C
1-PB2,1983,1,0,0,938,939,C
1-PB2,1984,955,1,3,0,959,A
1-PB2,1985,0,0,0,988,988,C
1-PB2,1986,0,996,0,1,997,T
1-PB2,1987,1001,0,0,0,1001,A
1-PB2,1988,992,0,1,0,993,A
1-PB2,1989,994,0,1,0,995,A
1-PB2,1990,986,0,1,0,987,A
1-PB2,1991,0,1,993,0,994,G
1-PB2,1992,976,0,0,0,976,A
1-PB2,1993,0,0,1,997,998,C
1-PB2,1994,1,985,0,0,986,T
1-PB2,1995,990,0,0,0,990,A
1-PB2,1996,987,0,0,0,987,A
1-PB2,1997,0,0,0,978,978,C
1-PB2,1998,987,0,0,0,987,A
1-PB2,1999,978,0,1,0,979,A
1-PB2,2000,0,958,0,1,959,T
1-PB2,2001,0,950,0,0,950,T
1-PB2,2002,0,0,0,979,979,C
1-PB2,2003,1,953,0,0,954,T
1-PB2,2004,2,0,0,991,993,C
1-PB2,2005,0,0,994,0,994,G
1-PB2,2006,0,0,990,0,990,G
1-PB2,2007,982,0,1,0,983,A
1-PB2,2008,976,0,1,0,977,A
1-PB2,2009,973,0,0,0,973,A
1-PB2,2010,986,0,0,0,986,A
1-PB2,2011,0,3,983,0,986,G
1-PB2,2012,971,0,1,0,972,A
1-PB2,2013,0,974,0,0,974,T
1-PB2,2014,0,0,982,0,982,G
1-PB2,2015,0,0,0,951,951,C
1-PB2,2016,0,0,0,973,973,C
1-PB2,2017,0,0,986,0,986,G
1-PB2,2018,0,1,977,0,978,G
1-PB2,2019,0,1,0,974,975,C
1-PB2,2020,954,0,0,0,954,A
1-PB2,2021,0,0,0,997,997,C
1-PB2,2022,0,994,0,1,995,T
1-PB2,2023,0,993,0,4,997,T
1-PB2,2024,0,996,0,0,996,T
1-PB2,2025,1001,0,0,0,1001,A
1-PB2,2026,999,0,0,0,999,A
1-PB2,2027,0,997,0,0,997,T
1-PB2,2028,0,999,0,0,999,T
1-PB2,2029,0,1,988,0,989,G
1-PB2,2030,968,0,0,0,968,A
1-PB2,2031,962,0,2,0,964,A
1-PB2,2032,0,0,965,0,965,G
1-PB2,2033,949,0,0,0,949,A
1-PB2,2034,1,1,0,950,952,C
1-PB2,2035,0,1,0,962,963,C
1-PB2,2036,0,0,0,975,975,C
1-PB2,2037,988,0,0,0,988,A
1-PB2,2038,0,1,992,0,993,G
1-PB2,2039,990,0,2,0,992,A
1-PB2,2040,0,986,0,1,987,T
1-PB2,2041,0,0,990,0,990,G
1-PB2,2042,962,0,0,0,962,A
1-PB2,2043,961,0,0,0,961,A
1-PB2,2044,965,0,3,0,968,A
1-PB2,2045,0,0,942,0,942,G
1-PB2,2046,2,0,0,951,953,C
1-PB2,2047,940,0,0,0,940,A
1-PB2,2048,0,1,0,938,939,C
1-PB2,2049,950,0,0,0,950,A
1-PB2,2050,0,893,0,0,893,T
1-PB2,2051,2,0,0,928,930,C
1-PB2,2052,0,0,0,936,936,C
1-PB2,2053,0,1,949,0,950,G
1-PB2,2054,0,0,952,0,952,G
1-PB2,2055,949,0,0,0,949,A
1-PB2,2056,1,0,964,0,965,G
1-PB2,2057,0,898,0,0,898,T
1-PB2,2058,0,2,927,0,929,G
1-PB2,2059,0,0,927,0,927,G
1-PB2,2060,915,0,0,0,915,A
1-PB2,2061,0,0,922,0,922,G
1-PB2,2062,0,888,0,0,888,T
1-PB2,2063,0,0,0,890,890,C
1-PB2,2064,0,885,0,3,888,T
1-PB2,2065,0,0,902,0,902,G
1-PB2,2066,0,2,0,885,887,C
1-PB2,2067,1,1,0,893,895,C
1-PB2,2068,1,0,905,0,906,G
1-PB2,2069,0,872,0,1,873,T
1-PB2,2070,4,0,0,898,902,C
1-PB2,2071,0,891,2,0,893,T
1-PB2,2072,0,892,1,0,893,T
1-PB2,2073,0,0,901,0,901,G
1-PB2,2074,885,1,2,0,888,A
1-PB2,2075,0,1,889,0,890,G
1-PB2,2076,863,0,2,0,865,A
1-PB2,2077,0,0,860,0,860,G
1-PB2,2078,0,0,856,0,856,G
1-PB2,2079,0,0,827,0,827,G
1-PB2,2080,1,832,0,1,834,T
1-PB2,2081,0,832,0,0,832,T
1-PB2,2082,0,836,0,1,837,T
1-PB2,2083,0,0,0,843,843,C
1-PB2,2084,0,844,0,0,844,T
1-PB2,2085,1,0,0,888,889,C
1-PB2,2086,872,0,0,0,872,A
1-PB2,2087,0,855,1,1,857,T
1-PB2,2088,0,851,0,0,851,T
1-PB2,2089,861,0,0,0,861,A
1-PB2,2090,0,857,0,0,857,T
1-PB2,2091,845,0,1,0,846,A
1-PB2,2092,1,1,842,0,844,G
1-PB2,2093,1,1,835,0,837,G
1-PB2,2094,0,754,0,0,754,T
1-PB2,2095,777,0,1,0,778,A
1-PB2,2096,770,0,0,0,770,A
1-PB2,2097,1,1,769,0,771,G
1-PB2,2098,0,1,771,0,772,G
1-PB2,2099,757,0,1,0,758,A
1-PB2,2100,756,0,1,0,757,A
1-PB2,2101,0,0,752,0,752,G
1-PB2,2102,753,0,2,0,755,A
1-PB2,2103,0,0,0,761,761,C
1-PB2,2104,751,0,0,0,751,A
1-PB2,2105,0,0,750,0,750,G
1-PB2,2106,742,0,0,0,742,A
1-PB2,2107,733,0,0,0,733,A
1-PB2,2108,0,3,729,0,732,G
1-PB2,2109,0,0,707,0,707,G
1-PB2,2110,0,686,0,0,686,T
1-PB2,2111,709,0,0,0,709,A
1-PB2,2112,0,1,0,716,717,C
1-PB2,2113,0,1,718,0,719,G
1-PB2,2114,0,1,728,0,729,G
1-PB2,2115,719,0,1,0,720,A
1-PB2,2116,0,0,0,703,703,C
1-PB2,2117,0,1,0,706,707,C
1-PB2,2118,699,0,0,0,699,A
1-PB2,2119,1,0,709,0,710,G
1-PB2,2120,0,0,0,709,709,C
1-PB2,2121,703,0,0,0,703,A
1-PB2,2122,0,710,0,1,711,T
1-PB2,2123,0,671,0,0,671,T
1-PB2,2124,671,0,0,0,671,A
1-PB2,2125,666,1,2,0,669,A
1-PB2,2126,0,0,664,1,665,G
1-PB2,2127,0,0,0,649,649,C
1-PB2,2128,613,0,0,0,613,A
1-PB2,2129,0,636,0,0,636,T
1-PB2,2130,0,0,0,638,638,C
1-PB2,2131,641,0,0,0,641,A
1-PB2,2132,634,0,0,0,634,A
1-PB2,2133,0,624,0,0,624,T
1-PB2,2134,0,1,637,0,638,G
1-PB2,2135,621,0,0,0,621,A
1-PB2,2136,618,0,1,0,619,A
1-PB2,2137,0,0,0,614,614,C
1-PB2,2138,0,589,0,0,589,T
1-PB2,2139,0,0,627,0,627,G
1-PB2,2140,617,0,0,0,617,A
1-PB2,2141,0,0,622,0,622,G
1-PB2,2142,0,605,0,1,606,T
1-PB2,2143,605,0,0,0,605,A
1-PB2,2144,595,0,0,0,595,A
1-PB2,2145,0,0,0,606,606,C
1-PB2,2146,1,1,0,585,587,C
1-PB2,2147,0,585,0,1,586,T
1-PB2,2148,0,579,0,1,580,T
1-PB2,2149,0,0,589,0,589,G
1-PB2,2150,0,0,0,577,577,C
1-PB2,2151,585,0,0,0,585,A
1-PB2,2152,577,0,0,0,577,A
1-PB2,2153,571,0,0,0,571,A
1-PB2,2154,553,0,0,0,553,A
1-PB2,2155,0,0,562,0,562,G
1-PB2,2156,0,0,559,0,559,G
1-PB2,2157,0,0,564,0,564,G
1-PB2,2158,0,0,567,0,567,G
1-PB2,2159,566,0,0,0,566,A
1-PB2,2160,566,0,1,0,567,A
1-PB2,2161,563,0,0,0,563,A
1-PB2,2162,563,0,1,0,564,A
1-PB2,2163,0,0,564,0,564,G
1-PB2,2164,1,0,538,0,539,G
1-PB2,2165,0,0,0,548,548,C
1-PB2,2166,0,558,0,1,559,T
1-PB2,2167,554,0,0,0,554,A
1-PB2,2168,548,0,0,0,548,A
1-PB2,2169,0,533,0,0,533,T
1-PB2,2170,0,0,567,0,567,G
1-PB2,2171,0,543,0,0,543,T
1-PB2,2172,0,0,546,0,546,G
1-PB2,2173,0,0,0,544,544,C
1-PB2,2174,0,535,0,0,535,T
1-PB2,2175,555,0,1,0,556,A
1-PB2,2176,553,0,0,0,553,A
1-PB2,2177,0,536,0,0,536,T
1-PB2,2178,2,1,0,540,543,C
1-PB2,2179,1,1,528,0,530,G
1-PB2,2180,0,2,529,0,531,G
1-PB2,2181,1,0,522,0,523,G
1-PB2,2182,0,0,0,525,525,C
1-PB2,2183,537,0,0,0,537,A
1-PB2,2184,544,0,0,0,544,A
1-PB2,2185,0,0,535,0,535,G
1-PB2,2186,0,1,533,0,534,G
1-PB2,2187,522,0,0,0,522,A
1-PB2,2188,0,0,524,0,524,G
1-PB2,2189,499,0,2,0,501,A
1-PB2,2190,0,0,0,515,515,C
1-PB2,2191,1,0,516,0,517,G
1-PB2,2192,0,497,0,0,497,T
1-PB2,2193,0,0,505,0,505,G
1-PB2,2194,0,0,513,0,513,G
1-PB2,2195,0,481,0,0,481,T
1-PB2,2196,0,0,502,0,502,G
1-PB2,2197,0,478,0,0,478,T
1-PB2,2198,0,477,0,0,477,T
1-PB2,2199,0,0,485,0,485,G
1-PB2,2200,0,0,481,0,481,G
1-PB2,2201,0,463,0,0,463,T
1-PB2,2202,473,0,1,0,474,A
1-PB2,2203,468,0,0,0,468,A
1-PB2,2204,0,445,0,0,445,T
1-PB2,2205,0,1,437,0,438,G
1-PB2,2206,432,0,0,0,432,A
1-PB2,2207,433,0,0,0,433,A
1-PB2,2208,434,0,0,0,434,A
1-PB2,2209,0,0,0,422,422,C
1-PB2,2210,0,0,424,0,424,G
1-PB2,2211,429,0,0,0,429,A
1-PB2,2212,432,0,0,0,432,A
1-PB2,2213,427,0,1,0,428,A
1-PB2,2214,427,0,0,0,427,A
1-PB2,2215,0,0,0,423,423,C
1-PB2,2216,0,1,424,0,425,G
1-PB2,2217,0,0,412,0,412,G
1-PB2,2218,0,0,416,0,416,G
1-PB2,2219,412,0,0,0,412,A
1-PB2,2220,0,0,0,415,415,C
1-PB2,2221,0,403,0,0,403,T
1-PB2,2222,0,0,0,428,428,C
1-PB2,2223,0,419,0,0,419,T
1-PB2,2224,421,0,0,0,421,A
1-PB2,2225,0,0,421,0,421,G
1-PB2,2226,1,0,0,413,414,C
1-PB2,2227,415,0,0,0,415,A
1-PB2,2228,0,395,0,0,395,T
1-PB2,2229,372,0,0,0,372,A
1-PB2,2230,0,0,0,385,385,C
1-PB2,2231,0,336,1,0,337,T
1-PB2,2232,0,333,0,0,333,T
1-PB2,2233,335,0,0,0,335,A
1-PB2,2234,0,0,0,332,332,C
1-PB2,2235,0,325,0,1,326,T
1-PB2,2236,0,0,324,0,324,G
1-PB2,2237,316,0,0,0,316,A
1-PB2,2238,0,0,0,315,315,C
1-PB2,2239,290,0,0,0,290,A
1-PB2,2240,0,0,298,0,298,G
1-PB2,2241,0,0,0,288,288,C
1-PB2,2242,1,1,0,288,290,C
1-PB2,2243,292,0,0,0,292,A
1-PB2,2244,0,0,287,0,287,G
1-PB2,2245,289,0,0,0,289,A
1-PB2,2246,0,0,0,281,281,C
1-PB2,2247,272,0,0,0,272,A
1-PB2,2248,0,0,267,0,267,G
1-PB2,2249,0,0,0,240,240,C
1-PB2,2250,0,1,253,0,254,G
1-PB2,2251,240,0,0,0,240,A
1-PB2,2252,0,0,0,229,229,C
1-PB2,2253,0,0,0,246,246,C
1-PB2,2254,246,0,0,0,246,A
1-PB2,2255,244,0,0,0,244,A
1-PB2,2256,247,0,0,0,247,A
1-PB2,2257,243,0,0,0,243,A
1-PB2,2258,1,1,242,0,244,G
1-PB2,2259,235,0,0,0,235,A
1-PB2,2260,232,0,0,0,232,A
1-PB2,2261,0,224,0,0,224,T
1-PB2,2262,0,225,0,0,225,T
1-PB2,2263,0,0,0,233,233,C
1-PB2,2264,0,0,227,0,227,G
1-PB2,2265,1,0,225,0,226,G
1-PB2,2266,224,0,0,0,224,A
1-PB2,2267,0,216,0,0,216,T
1-PB2,2268,0,0,218,0,218,G
1-PB2,2269,0,0,214,0,214,G
1-PB2,2270,0,0,0,200,200,C
1-PB2,2271,0,0,0,212,212,C
1-PB2,2272,207,0,1,0,208,A
1-PB2,2273,0,209,0,0,209,T
1-PB2,2274,0,0,0,208,208,C
1-PB2,2275,206,0,0,0,206,A
1-PB2,2276,205,0,0,0,205,A
1-PB2,2277,0,197,0,0,197,T
1-PB2,2278,0,177,0,0,177,T
1-PB2,2279,174,0,0,0,174,A
1-PB2,2280,171,0,0,0,171,A
2-PB1,1,47,0,0,0,47,A
2-PB1,2,0,48,0,0,48,T
2-PB1,3,0,0,45,0,45,G
2-PB1,4,0,0,52,0,52,G
2-PB1,5,58,0,0,0,58,A
2-PB1,6,0,65,0,0,65,T
2-PB1,7,0,0,62,0,62,G
2-PB1,8,0,63,0,0,63,T
2-PB1,9,0,0,0,70,70,C
2-PB1,10,71,0,0,0,71,A
2-PB1,11,77,0,0,0,77,A
2-PB1,12,0,77,0,1,78,T
2-PB1,13,0,0,0,78,78,C
2-PB1,14,0,0,0,86,86,C
2-PB1,15,0,0,86,0,86,G
2-PB1,16,92,0,0,0,92,A
2-PB1,17,0,0,0,96,96,C
2-PB1,18,0,93,0,0,93,T
2-PB1,19,0,0,0,113,113,C
2-PB1,20,1,109,0,0,110,T
2-PB1,21,116,0,0,0,116,A
2-PB1,22,0,1,0,118,119,C
2-PB1,23,0,116,0,0,116,T
2-PB1,24,0,0,129,0,129,G
2-PB1,25,0,128,0,0,128,T
2-PB1,26,0,131,0,0,131,T
2-PB1,27,0,0,0,130,130,C
2-PB1,28,0,0,0,132,132,C
2-PB1,29,0,147,0,0,147,T
2-PB1,30,150,0,0,1,151,A
2-PB1,31,151,0,0,0,151,A
2-PB1,32,151,0,0,0,151,A
2-PB1,33,0,0,152,0,152,G
2-PB1,34,0,0,154,0,154,G
2-PB1,35,0,137,0,0,137,T
2-PB1,36,0,145,0,0,145,T
2-PB1,37,0,0,0,150,150,C
2-PB1,38,0,0,0,150,150,C
2-PB1,39,156,0,0,0,156,A
2-PB1,40,0,1,152,0,153,G
2-PB1,41,1,0,0,152,153,C
2-PB1,42,0,0,154,0,154,G
2-PB1,43,0,0,0,157,157,C
2-PB1,44,155,0,0,0,155,A
2-PB1,45,156,0,0,0,156,A
2-PB1,46,155,0,0,0,155,A
2-PB1,47,156,0,0,0,156,A
2-PB1,48,0,158,0,0,158,T
2-PB1,49,0,0,160,0,160,G
2-PB1,50,0,0,0,163,163,C
2-PB1,51,0,1,0,168,169,C
2-PB1,52,169,0,0,0,169,A
2-PB1,53,0,170,0,0,170,T
2-PB1,54,181,0,0,0,181,A
2-PB1,55,179,0,0,0,179,A
2-PB1,56,0,0,185,0,185,G
2-PB1,57,0,0,0,186,186,C
2-PB1,58,186,0,0,0,186,A
2-PB1,59,0,0,0,190,190,C
2-PB1,60,191,0,0,0,191,A
2-PB1,61,199,0,0,0,199,A
2-PB1,62,0,0,0,203,203,C
2-PB1,63,203,0,0,0,203,A
2-PB1,64,0,199,0,0,199,T
2-PB1,65,0,196,0,0,196,T
2-PB1,66,0,0,0,237,237,C
2-PB1,67,0,0,0,242,242,C
2-PB1,68,0,0,0,240,240,C
2-PB1,69,0,243,0,0,243,T
2-PB1,70,0,242,0,1,243,T
2-PB1,71,275,0,0,0,275,A
2-PB1,72,0,277,0,0,277,T
2-PB1,73,282,0,0,0,282,A
2-PB1,74,0,1,0,287,288,C
2-PB1,75,0,278,0,0,278,T
2-PB1,76,0,1,282,0,283,G
2-PB1,77,0,0,275,0,275,G
2-PB1,78,270,0,1,0,271,A
2-PB1,79,0,0,277,0,277,G
2-PB1,80,269,0,1,0,270,A
2-PB1,81,0,276,0,0,276,T
2-PB1,82,0,0,0,297,297,C
2-PB1,83,0,0,0,298,298,C
2-PB1,84,0,299,0,1,300,T
2-PB1,85,0,0,0,327,327,C
2-PB1,86,0,0,0,324,324,C
2-PB1,87,328,0,0,0,328,A
2-PB1,88,0,324,0,0,324,T
2-PB1,89,329,0,0,0,329,A
2-PB1,90,0,0,0,332,332,C
2-PB1,91,327,0,1,0,328,A
2-PB1,92,0,1,342,0,343,G
2-PB1,93,0,0,0,333,333,C
2-PB1,94,0,0,0,342,342,C
2-PB1,95,336,0,0,0,336,A
2-PB1,96,0,342,0,1,343,T
2-PB1,97,0,0,337,0,337,G
2-PB1,98,0,0,347,0,347,G
2-PB1,99,352,0,0,0,352,A
2-PB1,100,354,0,2,0,356,A
2-PB1,101,0,0,0,356,356,C
2-PB1,102,349,1,2,0,352,A
2-PB1,103,0,0,352,0,352,G
2-PB1,104,0,0,352,0,352,G
2-PB1,105,365,0,0,0,365,A
2-PB1,106,373,0,0,0,373,A
2-PB1,107,1,0,0,374,375,C
2-PB1,108,370,0,0,0,370,A
2-PB1,109,0,0,417,0,417,G
2-PB1,110,0,0,411,0,411,G
2-PB1,111,0,0,415,0,415,G
2-PB1,112,0,405,0,0,405,T
2-PB1,113,425,0,1,0,426,A
2-PB1,114,0,0,0,434,434,C
2-PB1,115,453,1,0,0,454,A
2-PB1,116,0,0,0,471,471,C
2-PB1,117,0,0,0,475,475,C
2-PB1,118,462,0,1,0,463,A
2-PB1,119,0,450,0,1,451,T
2-PB1,120,0,0,455,0,455,G
2-PB1,121,0,0,450,0,450,G
2-PB1,122,454,0,0,0,454,A
2-PB1,123,0,0,0,456,456,C
2-PB1,124,454,0,0,0,454,A
2-PB1,125,0,0,0,472,472,C
2-PB1,126,480,0,0,0,480,A
2-PB1,127,0,0,479,0,479,G
2-PB1,128,0,468,0,2,470,T
2-PB1,129,1,0,0,499,500,C
2-PB1,130,499,0,1,0,500,A
2-PB1,131,510,0,0,0,510,A
2-PB1,132,0,0,1,510,511,C
2-PB1,133,510,1,0,0,511,A
2-PB1,134,0,1,507,0,508,G
2-PB1,135,510,0,0,0,510,A
2-PB1,136,503,0,0,0,503,A
2-PB1,137,0,0,0,508,508,C
2-PB1,138,504,0,1,0,505,A
2-PB1,139,0,0,0,511,511,C
2-PB1,140,505,0,0,0,505,A
2-PB1,141,0,501,0,0,501,T
2-PB1,142,0,0,0,529,529,C
2-PB1,143,531,0,0,0,531,A
2-PB1,144,538,0,0,0,538,A
2-PB1,145,0,548,0,0,548,T
2-PB1,146,566,0,1,0,567,A
2-PB1,147,0,569,0,0,569,T
2-PB1,148,1,555,0,0,556,T
2-PB1,149,0,0,0,560,560,C
2-PB1,150,552,1,0,0,553,A
2-PB1,151,0,0,560,0,560,G
2-PB1,152,543,0,1,0,544,A
2-PB1,153,0,0,553,0,553,G
2-PB1,154,533,0,1,0,534,A
2-PB1,155,1,1,526,0,528,G
2-PB1,156,0,1,522,0,523,G
2-PB1,157,0,0,536,0,536,G
2-PB1,158,0,0,537,0,537,G
2-PB1,159,0,0,552,0,552,G
2-PB1,160,544,0,0,1,545,A
2-PB1,161,555,1,0,1,557,A
2-PB1,162,0,0,572,0,572,G
2-PB1,163,0,532,0,0,532,T
2-PB1,164,0,1,554,0,555,G
2-PB1,165,0,0,551,0,551,G
2-PB1,166,552,0,1,1,554,A
2-PB1,167,1,0,0,567,568,C
2-PB1,168,0,0,575,0,575,G
2-PB1,169,571,0,0,0,571,A
2-PB1,170,0,0,0,579,579,C
2-PB1,171,580,0,1,0,581,A
2-PB1,172,581,0,0,0,581,A
2-PB1,173,581,0,1,0,582,A
2-PB1,174,0,594,0,0,594,T
2-PB1,175,607,0,2,0,609,A
2-PB1,176,0,0,0,603,603,C
2-PB1,177,607,0,1,0,608,A
2-PB1,178,0,1,600,0,601,G
2-PB1,179,597,0,1,0,598,A
2-PB1,180,610,0,0,0,610,A
2-PB1,181,603,0,0,1,604,A
2-PB1,182,0,0,0,602,602,C
2-PB1,183,0,599,0,0,599,T
2-PB1,184,0,1,597,0,598,G
2-PB1,185,0,0,556,0,556,G
2-PB1,186,0,0,553,0,553,G
2-PB1,187,2,0,556,0,558,G
2-PB1,188,0,0,0,579,579,C
2-PB1,189,601,0,1,1,603,A
2-PB1,190,0,0,0,616,616,C
2-PB1,191,0,1,0,623,624,C
2-PB1,192,1,1,0,623,625,C
2-PB1,193,1,0,0,636,637,C
2-PB1,194,648,0,1,0,649,A
2-PB1,195,651,0,0,0,651,A
2-PB1,196,1,0,0,641,642,C
2-PB1,197,0,633,0,1,634,T
2-PB1,198,2,0,0,635,637,C
2-PB1,199,624,0,0,0,624,A
2-PB1,200,626,0,1,0,627,A
2-PB1,201,1,0,0,617,618,C
2-PB1,202,1,0,0,621,622,C
2-PB1,203,0,0,0,618,618,C
2-PB1,204,638,0,0,0,638,A
2-PB1,205,628,0,2,0,630,A
2-PB1,206,0,633,0,0,633,T
2-PB1,207,0,629,0,1,630,T
2-PB1,208,0,1,636,0,637,G
2-PB1,209,615,0,1,1,617,A
2-PB1,210,0,618,0,0,618,T
2-PB1,211,0,0,634,0,634,G
2-PB1,212,0,0,624,0,624,G
2-PB1,213,638,0,0,0,638,A
2-PB1,214,0,0,0,640,640,C
2-PB1,215,0,0,0,637,637,C
2-PB1,216,646,0,1,0,647,A
2-PB1,217,0,0,0,665,665,C
2-PB1,218,0,665,0,0,665,T
2-PB1,219,671,0,0,0,671,A
2-PB1,220,2,0,0,688,690,C
2-PB1,221,0,0,1,681,682,C
2-PB1,222,0,681,0,1,682,T
2-PB1,223,0,0,677,0,677,G
2-PB1,224,682,0,1,0,683,A
2-PB1,225,0,0,704,0,704,G
2-PB1,226,0,0,700,0,700,G
2-PB1,227,683,0,0,0,683,A
2-PB1,228,0,678,0,1,679,T
2-PB1,229,684,0,0,0,684,A
2-PB1,230,681,0,0,0,681,A
2-PB1,231,0,684,0,0,684,T
2-PB1,232,1,0,678,0,679,G
2-PB1,233,676,0,0,1,677,A
2-PB1,234,658,0,2,0,660,A
2-PB1,235,0,1,0,679,680,C
2-PB1,236,2,0,0,662,664,C
2-PB1,237,675,0,0,0,675,A
2-PB1,238,660,0,0,0,660,A
2-PB1,239,0,0,672,0,672,G
2-PB1,240,1,647,0,0,648,T
2-PB1,241,0,0,670,0,670,G
2-PB1,242,0,1,677,0,678,G
2-PB1,243,678,0,0,0,678,A
2-PB1,244,0,670,0,0,670,T
2-PB1,245,696,0,0,0,696,A
2-PB1,246,0,702,0,0,702,T
2-PB1,247,1,0,715,0,716,G
2-PB1,248,0,0,0,722,722,C
2-PB1,249,719,0,1,0,720,A
2-PB1,250,0,0,0,749,749,C
2-PB1,251,744,0,0,0,744,A
2-PB1,252,759,0,0,0,759,A
2-PB1,253,746,0,0,0,746,A
2-PB1,254,0,0,0,757,757,C
2-PB1,255,755,0,1,0,756,A
2-PB1,256,0,1,753,0,754,G
2-PB1,257,756,0,0,0,756,A
2-PB1,258,1,0,0,759,760,C
2-PB1,259,0,743,0,0,743,T
2-PB1,260,0,0,764,0,764,G
2-PB1,261,0,738,0,0,738,T
2-PB1,262,0,1,781,0,782,G
2-PB1,263,0,768,0,1,769,T
2-PB1,264,1,0,0,774,775,C
2-PB1,265,0,0,0,791,791,C
2-PB1,266,0,798,0,1,799,T
2-PB1,267,0,0,789,0,789,G
2-PB1,268,0,0,787,0,787,G
2-PB1,269,756,1,0,0,757,A
2-PB1,270,0,0,796,0,796,G
2-PB1,271,0,0,757,0,757,G
2-PB1,272,0,0,0,767,767,C
2-PB1,273,0,770,0,0,770,T
2-PB1,274,782,0,2,0,784,A
2-PB1,275,0,756,0,2,758,T
2-PB1,276,2,0,779,0,781,G
2-PB1,277,0,0,756,0,756,G
2-PB1,278,0,0,0,753,753,C
2-PB1,279,0,0,0,765,765,C
2-PB1,280,0,754,0,2,756,T
2-PB1,281,0,803,0,0,803,T
2-PB1,282,0,0,0,814,814,C
2-PB1,283,0,0,0,819,819,C
2-PB1,284,0,821,0,0,821,T
2-PB1,285,0,828,0,0,828,T
2-PB1,286,0,2,823,0,825,G
2-PB1,287,824,0,0,0,824,A
2-PB1,288,832,0,0,0,832,A
2-PB1,289,1,0,827,0,828,G
2-PB1,290,816,0,0,0,816,A
2-PB1,291,812,0,0,0,812,A
2-PB1,292,0,794,1,0,795,T
2-PB1,293,1,0,0,795,796,C
2-PB1,294,1,0,0,792,793,C
2-PB1,295,1,3,0,797,801,C
2-PB1,296,772,0,1,0,773,A
2-PB1,297,0,0,0,818,818,C
2-PB1,298,0,0,0,817,817,C
2-PB1,299,0,0,0,827,827,C
2-PB1,300,814,0,0,0,814,A
2-PB1,301,1,0,808,0,809,G
2-PB1,302,0,0,822,0,822,G
2-PB1,303,0,768,0,0,768,T
2-PB1,304,823,0,0,0,823,A
2-PB1,305,0,810,0,2,812,T
2-PB1,306,1,0,0,833,834,C
2-PB1,307,0,828,0,2,830,T
2-PB1,308,0,842,0,1,843,T
2-PB1,309,0,844,0,0,844,T
2-PB1,310,0,1,835,0,836,G
2-PB1,311,828,0,0,0,828,A
2-PB1,312,0,0,840,0,840,G
2-PB1,313,796,0,0,0,796,A
2-PB1,314,819,0,0,0,819,A
2-PB1,315,0,0,0,834,834,C
2-PB1,316,0,817,0,2,819,T
2-PB1,317,0,0,0,839,839,C
2-PB1,318,832,0,1,1,834,A
2-PB1,319,0,822,0,1,823,T
2-PB1,320,0,0,839,0,839,G
2-PB1,321,0,0,0,845,845,C
2-PB1,322,0,2,0,849,851,C
2-PB1,323,0,848,0,3,851,T
2-PB1,324,0,825,2,0,827,T
2-PB1,325,0,1,829,1,831,G
2-PB1,326,830,0,2,0,832,A
2-PB1,327,837,0,0,1,838,A
2-PB1,328,844,0,2,0,846,A
2-PB1,329,0,0,0,867,867,C
2-PB1,330,864,0,0,0,864,A
2-PB1,331,858,0,0,0,858,A
2-PB1,332,0,859,0,0,859,T
2-PB1,333,0,1,855,0,856,G
2-PB1,334,0,0,833,0,833,G
2-PB1,335,833,0,0,0,833,A
2-PB1,336,825,0,2,0,827,A
2-PB1,337,0,2,833,0,835,G
2-PB1,338,1,0,0,834,835,C
2-PB1,339,0,0,0,849,849,C
2-PB1,340,0,0,852,0,852,G
2-PB1,341,0,830,0,1,831,T
2-PB1,342,0,844,0,1,845,T
2-PB1,343,0,0,0,866,866,C
2-PB1,344,868,0,1,1,870,A
2-PB1,345,892,0,0,0,892,A
2-PB1,346,0,0,0,894,894,C
2-PB1,347,883,0,1,0,884,A
2-PB1,348,0,1,875,0,876,G
2-PB1,349,866,0,1,0,867,A
2-PB1,350,0,0,0,891,891,C
2-PB1,351,888,0,0,0,888,A
2-PB1,352,890,0,2,0,892,A
2-PB1,353,0,1,895,0,896,G
2-PB1,354,0,0,880,0,880,G
2-PB1,355,0,0,881,0,881,G
2-PB1,356,0,814,0,0,814,T
2-PB1,357,0,1,849,0,850,G
2-PB1,358,1,0,861,0,862,G
2-PB1,359,890,0,2,0,892,A
2-PB1,360,0,0,0,899,899,C
2-PB1,361,893,0,0,0,893,A
2-PB1,362,905,0,1,0,906,A
2-PB1,363,901,1,2,1,905,A
2-PB1,364,0,0,0,906,906,C
2-PB1,365,0,905,0,0,905,T
2-PB1,366,919,0,0,0,919,A
2-PB1,367,879,0,1,0,880,A
2-PB1,368,0,0,0,914,914,C
2-PB1,369,0,1,1,913,915,C
2-PB1,370,0,0,0,934,934,C
2-PB1,371,896,0,1,0,897,A
2-PB1,372,894,0,1,0,895,A
2-PB1,373,0,1,885,0,886,G
2-PB1,374,1,1,881,0,883,G
2-PB1,375,1,845,0,1,847,T
2-PB1,376,1,0,0,897,898,C
2-PB1,377,1,0,882,1,884,G
2-PB1,378,0,1,1,864,866,C
2-PB1,379,0,0,0,898,898,C
2-PB1,380,903,0,1,0,904,A
2-PB1,381,0,1,925,0,926,G
2-PB1,382,910,0,0,0,910,A
2-PB1,383,0,0,0,933,933,C
2-PB1,384,0,922,0,1,923,T
2-PB1,385,0,932,0,0,932,T
2-PB1,386,928,0,1,0,929,A
2-PB1,387,0,932,0,0,932,T
2-PB1,388,0,0,934,0,934,G
2-PB1,389,928,0,0,0,928,A
2-PB1,390,0,895,0,0,895,T
2-PB1,391,0,893,0,0,893,T
2-PB1,392,0,1,893,0,894,G
2-PB1,393,0,1,883,0,884,G
2-PB1,394,911,0,4,0,915,A
2-PB1,395,0,0,0,916,916,C
2-PB1,396,900,0,0,0,900,A
2-PB1,397,0,897,0,0,897,T
2-PB1,398,0,902,0,0,902,T
2-PB1,399,911,0,1,0,912,A
2-PB1,400,903,0,0,0,903,A
2-PB1,401,909,0,0,0,909,A
2-PB1,402,0,0,0,912,912,C
2-PB1,403,905,0,2,0,907,A
2-PB1,404,0,1,905,0,906,G
2-PB1,405,899,0,0,0,899,A
2-PB1,406,902,1,3,0,906,A
2-PB1,407,895,0,2,0,897,A
2-PB1,408,0,866,0,0,866,T
2-PB1,409,0,0,0,884,884,C
2-PB1,410,895,0,1,0,896,A
2-PB1,411,897,0,1,0,898,A
2-PB1,412,0,0,0,893,893,C
2-PB1,413,0,0,0,893,893,C
2-PB1,414,2,0,879,0,881,G
2-PB1,415,0,0,869,0,869,G
2-PB1,416,0,0,0,890,890,C
2-PB1,417,897,0,0,0,897,A
2-PB1,418,0,0,900,0,900,G
2-PB1,419,0,0,0,903,903,C
2-PB1,420,912,0,1,0,913,A
2-PB1,421,907,0,0,0,907,A
2-PB1,422,0,0,0,901,901,C
2-PB1,423,0,878,0,0,878,T
2-PB1,424,0,1,934,0,935,G
2-PB1,425,1,1,0,939,941,C
2-PB1,426,949,0,1,0,950,A
2-PB1,427,0,943,0,0,943,T
2-PB1,428,0,924,0,2,926,T
2-PB1,429,975,0,1,0,976,A
2-PB1,430,0,1,951,0,952,G
2-PB1,431,0,1,0,937,938,C
2-PB1,432,2,0,0,972,974,C
2-PB1,433,934,0,1,0,935,A
2-PB1,434,928,0,0,0,928,A
2-PB1,435,0,0,0,932,932,C
2-PB1,436,929,0,1,0,930,A
2-PB1,437,0,1,0,963,964,C
2-PB1,438,0,0,0,894,894,C
2-PB1,439,909,0,0,0,909,A
2-PB1,440,0,892,0,1,893,T
2-PB1,441,922,0,0,0,922,A
2-PB1,442,0,1,905,0,906,G
2-PB1,443,893,0,0,0,893,A
2-PB1,444,880,0,2,0,882,A
2-PB1,445,0,0,900,0,900,G
2-PB1,446,0,873,0,0,873,T
2-PB1,447,0,861,0,2,863,T
2-PB1,448,0,881,0,0,881,T
2-PB1,449,0,889,0,0,889,T
2-PB1,450,0,901,0,0,901,T
2-PB1,451,888,0,0,0,888,A
2-PB1,452,0,0,886,0,886,G
2-PB1,453,878,0,0,0,878,A
2-PB1,454,0,860,0,1,861,T
2-PB1,455,0,0,0,874,874,C
2-PB1,456,0,0,875,0,875,G
2-PB1,457,869,0,0,0,869,A
2-PB1,458,870,0,0,0,870,A
2-PB1,459,0,0,0,873,873,C
2-PB1,460,0,0,878,0,878,G
2-PB1,461,0,0,919,0,919,G
2-PB1,462,914,0,1,0,915,A
2-PB1,463,0,901,0,0,901,T
2-PB1,464,0,927,0,0,927,T
2-PB1,465,925,0,3,0,928,A
2-PB1,466,919,0,3,0,922,A
2-PB1,467,0,1,0,924,925,C
2-PB1,468,924,0,0,0,924,A
2-PB1,469,0,0,916,0,916,G
2-PB1,470,0,2,0,881,883,C
2-PB1,471,1,895,0,0,896,T
2-PB1,472,905,0,0,0,905,A
2-PB1,473,894,0,2,0,896,A
2-PB1,474,0,895,0,0,895,T
2-PB1,475,0,1,917,1,919,G
2-PB1,476,913,0,0,0,913,A
2-PB1,477,915,0,0,0,915,A
2-PB1,478,1,865,0,0,866,T
2-PB1,479,0,0,0,904,904,C
2-PB1,480,912,0,1,0,913,A
2-PB1,481,0,1,907,0,908,G
2-PB1,482,0,0,880,1,881,G
2-PB1,483,906,0,0,1,907,A
2-PB1,484,885,0,1,0,886,A
2-PB1,485,0,1,882,0,883,G
2-PB1,486,1,0,869,0,870,G
2-PB1,487,0,0,0,878,878,C
2-PB1,488,0,910,0,0,910,T
2-PB1,489,934,0,0,0,934,A
2-PB1,490,925,0,2,1,928,A
2-PB1,491,0,931,0,0,931,T
2-PB1,492,931,0,0,1,932,A
2-PB1,493,0,1,920,0,921,G
2-PB1,494,875,0,0,0,875,A
2-PB1,495,0,856,0,0,856,T
2-PB1,496,0,849,0,1,850,T
2-PB1,497,0,837,0,0,837,T
2-PB1,498,1,1,0,873,875,C
2-PB1,499,0,1,0,865,866,C
2-PB1,500,0,886,0,1,887,T
2-PB1,501,0,0,0,902,902,C
2-PB1,502,920,0,0,0,920,A
2-PB1,503,915,0,1,0,916,A
2-PB1,504,1,2,904,0,907,G
2-PB1,505,0,1,934,0,935,G
2-PB1,506,933,0,1,1,935,A
2-PB1,507,0,912,0,0,912,T
2-PB1,508,0,0,929,0,929,G
2-PB1,509,1,891,0,0,892,T
2-PB1,510,0,2,939,0,941,G
2-PB1,511,940,0,1,0,941,A
2-PB1,512,0,937,0,0,937,T
2-PB1,513,0,0,928,0,928,G
2-PB1,514,0,0,922,0,922,G
2-PB1,515,944,0,1,0,945,A
2-PB1,516,935,0,0,0,935,A
2-PB1,517,4,860,0,0,864,T
2-PB1,518,3,0,0,905,908,C
2-PB1,519,940,0,0,0,940,A
2-PB1,520,927,0,0,0,927,A
2-PB1,521,0,924,0,0,924,T
2-PB1,522,1,1,949,0,951,G
2-PB1,523,0,0,952,0,952,G
2-PB1,524,939,0,0,0,939,A
2-PB1,525,0,951,0,0,951,T
2-PB1,526,974,0,0,0,974,A
2-PB1,527,969,0,0,0,969,A
2-PB1,528,970,0,1,0,971,A
2-PB1,529,0,0,984,0,984,G
2-PB1,530,977,0,1,0,978,A
2-PB1,531,0,0,951,0,951,G
2-PB1,532,0,1,966,0,967,G
2-PB1,533,971,0,0,0,971,A
2-PB1,534,971,0,1,0,972,A
2-PB1,535,969,0,0,0,969,A
2-PB1,536,0,972,0,0,972,T
2-PB1,537,0,0,992,0,992,G
2-PB1,538,0,1,978,0,979,G
2-PB1,539,991,0,0,0,991,A
2-PB1,540,0,0,994,1,995,G
2-PB1,541,994,0,0,0,994,A
2-PB1,542,0,1015,0,0,1015,T
2-PB1,543,1018,0,0,0,1018,A
2-PB1,544,1033,0,1,0,1034,A
2-PB1,545,0,0,0,1035,1035,C
2-PB1,546,1025,0,0,0,1025,A
2-PB1,547,1034,0,2,0,1036,A
2-PB1,548,0,0,0,1008,1008,C
2-PB1,549,1015,0,1,0,1016,A
2-PB1,550,0,0,0,1004,1004,C
2-PB1,551,1011,0,1,0,1012,A
2-PB1,552,0,1,0,1001,1002,C
2-PB1,553,0,985,0,2,987,T
2-PB1,554,0,1006,0,0,1006,T
2-PB1,555,0,992,0,1,993,T
2-PB1,556,0,0,0,1008,1008,C
2-PB1,557,1029,0,1,0,1030,A
2-PB1,558,1029,0,0,0,1029,A
2-PB1,559,1033,0,0,0,1033,A
2-PB1,560,0,0,1032,0,1032,G
2-PB1,561,1028,0,1,0,1029,A
2-PB1,562,1028,0,0,0,1028,A
2-PB1,563,1031,0,0,0,1031,A
2-PB1,564,1037,1,0,0,1038,A
2-PB1,565,1039,0,1,0,1040,A
2-PB1,566,0,2,1028,0,1030,G
2-PB1,567,0,0,1035,0,1035,G
2-PB1,568,1008,0,2,0,1010,A
2-PB1,569,0,1,1027,0,1028,G
2-PB1,570,1029,0,2,1,1032,A
2-PB1,571,0,0,1059,0,1059,G
2-PB1,572,0,1014,0,0,1014,T
2-PB1,573,1074,0,0,0,1074,A
2-PB1,574,1065,0,1,0,1066,A
2-PB1,575,0,0,1066,0,1066,G
2-PB1,576,1,2,1048,0,1051,G
2-PB1,577,0,1,1023,0,1024,G
2-PB1,578,1061,0,1,0,1062,A
2-PB1,579,0,0,0,1044,1044,C
2-PB1,580,1067,0,0,0,1067,A
2-PB1,581,1061,0,1,0,1062,A
2-PB1,582,1,1,0,1034,1036,C
2-PB1,583,1062,0,1,0,1063,A
2-PB1,584,0,1020,0,0,1020,T
2-PB1,585,0,2,1024,0,1026,G
2-PB1,586,1049,0,0,0,1049,A
2-PB1,587,1,0,0,984,985,C
2-PB1,588,1,0,0,1004,1005,C
2-PB1,589,1047,0,0,2,1049,A
2-PB1,590,1040,0,0,0,1040,A
2-PB1,591,0,1,1038,0,1039,G
2-PB1,592,1047,0,1,0,1048,A
2-PB1,593,1049,0,0,0,1049,A
2-PB1,594,1041,0,0,0,1041,A
2-PB1,595,1041,0,1,0,1042,A
2-PB1,596,0,996,0,0,996,T
2-PB1,597,1,2,1026,0,1029,G
2-PB1,598,1,0,999,0,1000,G
2-PB1,599,0,972,0,1,973,T
2-PB1,600,4,0,0,979,983,C
2-PB1,601,1025,0,0,0,1025,A
2-PB1,602,1,0,0,1076,1077,C
2-PB1,603,1096,0,0,1,1097,A
2-PB1,604,0,1,0,1081,1082,C
2-PB1,605,1103,0,0,0,1103,A
2-PB1,606,1126,1,2,0,1129,A
2-PB1,607,1115,0,2,0,1117,A
2-PB1,608,0,2,1138,0,1140,G
2-PB1,609,95,1,992,0,1088,G
2-PB1,610,1141,0,3,0,1144,A
2-PB1,611,0,0,0,1181,1181,C
2-PB1,612,1191,0,0,0,1191,A
2-PB1,613,1197,0,1,0,1198,A
2-PB1,614,0,1184,0,1,1185,T
2-PB1,615,1188,0,1,0,1189,A
2-PB1,616,0,0,1184,0,1184,G
2-PB1,617,0,3,1146,0,1149,G
2-PB1,618,1,0,1134,0,1135,G
2-PB1,619,1135,0,1,0,1136,A
2-PB1,620,1135,0,1,1,1137,A
2-PB1,621,0,0,1137,0,1137,G
2-PB1,622,1140,0,1,0,1141,A
2-PB1,623,1148,0,0,0,1148,A
2-PB1,624,1146,0,1,0,1147,A
2-PB1,625,1147,0,1,0,1148,A
2-PB1,626,1157,0,1,0,1158,A
2-PB1,627,1170,0,1,0,1171,A
2-PB1,628,0,0,0,1175,1175,C
2-PB1,629,1171,0,1,0,1172,A
2-PB1,630,1162,0,0,0,1162,A
2-PB1,631,1159,0,2,0,1161,A
2-PB1,632,0,0,1166,0,1166,G
2-PB1,633,1170,0,0,0,1170,A
2-PB1,634,0,2,1186,0,1188,G
2-PB1,635,0,1132,0,1,1133,T
2-PB1,636,0,2,1297,0,1299,G
2-PB1,637,1331,0,1,0,1332,A
2-PB1,638,1331,0,2,0,1333,A
2-PB1,639,0,1312,0,1,1313,T
2-PB1,640,1362,0,0,0,1362,A
2-PB1,641,1349,0,1,0,1350,A
2-PB1,642,0,1,1342,0,1343,G
2-PB1,643,1315,0,1,0,1316,A
2-PB1,644,0,0,1300,0,1300,G
2-PB1,645,1220,0,4,0,1224,A
2-PB1,646,0,0,1204,0,1204,G
2-PB1,647,0,0,1176,0,1176,G
2-PB1,648,0,0,0,1166,1166,C
2-PB1,649,0,1150,0,0,1150,T
2-PB1,650,1214,0,0,0,1214,A
2-PB1,651,1,0,0,1244,1245,C
2-PB1,652,2,0,0,1267,1269,C
2-PB1,653,0,1278,1,1,1280,T
2-PB1,654,1342,0,0,0,1342,A
2-PB1,655,1329,0,0,0,1329,A
2-PB1,656,0,1313,0,0,1313,T
2-PB1,657,1328,0,0,0,1328,A
2-PB1,658,1314,1,3,0,1318,A
2-PB1,659,0,2,1314,0,1316,G
2-PB1,660,1251,0,2,0,1253,A
2-PB1,661,0,0,1217,0,1217,G
2-PB1,662,0,0,0,1235,1235,C
2-PB1,663,0,1213,0,2,1215,T
2-PB1,664,0,1243,0,0,1243,T
2-PB1,665,0,1258,0,2,1260,T
2-PB1,666,0,1,1238,0,1239,G
2-PB1,667,1289,0,2,0,1291,A
2-PB1,668,0,0,0,1262,1262,C
2-PB1,669,1281,0,1,0,1282,A
2-PB1,670,1,1241,2,0,1244,T
2-PB1,671,0,1230,0,0,1230,T
2-PB1,672,0,7,1261,0,1268,G
2-PB1,673,1277,0,2,0,1279,A
2-PB1,674,1272,0,0,0,1272,A
2-PB1,675,0,0,0,1255,1255,C
2-PB1,676,1266,0,0,0,1266,A
2-PB1,677,0,3,0,1265,1268,C
2-PB1,678,1,0,1265,2,1268,G
2-PB1,679,1272,0,4,0,1276,A
2-PB1,680,0,1280,0,0,1280,T
2-PB1,681,1,2,1280,0,1283,G
2-PB1,682,1297,0,1,0,1298,A
2-PB1,683,0,1,0,1286,1287,C
2-PB1,684,1,0,0,1286,1287,C
2-PB1,685,1316,0,0,0,1316,A
2-PB1,686,1333,0,0,0,1333,A
2-PB1,687,1334,0,2,1,1337,A
2-PB1,688,0,0,1362,0,1362,G
2-PB1,689,1358,0,1,0,1359,A
2-PB1,690,1,1335,0,2,1338,T
2-PB1,691,0,0,1367,0,1367,G
2-PB1,692,0,0,0,1331,1331,C
2-PB1,693,1360,0,0,0,1360,A
2-PB1,694,0,1,1381,0,1382,G
2-PB1,695,1353,1,4,0,1358,A
2-PB1,696,0,1,1356,0,1357,G
2-PB1,697,1309,0,3,0,1312,A
2-PB1,698,0,0,1295,0,1295,G
2-PB1,699,1301,0,2,0,1303,A
2-PB1,700,0,1,1264,0,1265,G
2-PB1,701,1,0,1278,0,1279,G
2-PB1,702,0,0,0,1272,1272,C
2-PB1,703,1298,0,0,0,1298,A
2-PB1,704,1279,0,1,0,1280,A
2-PB1,705,1295,0,1,0,1296,A
2-PB1,706,0,1290,0,0,1290,T
2-PB1,707,0,1305,0,0,1305,T
2-PB1,708,1310,0,0,0,1310,A
2-PB1,709,1308,0,2,0,1310,A
2-PB1,710,1303,0,0,0,1303,A
2-PB1,711,1321,0,1,0,1322,A
2-PB1,712,1297,0,0,0,1297,A
2-PB1,713,0,0,1286,0,1286,G
2-PB1,714,1283,0,1,0,1284,A
2-PB1,715,1280,0,1,0,1281,A
2-PB1,716,0,0,1283,0,1283,G
2-PB1,717,0,2,1282,0,1284,G
2-PB1,718,1,3,1260,0,1264,G
2-PB1,719,1,2,0,1302,1305,C
2-PB1,720,0,1308,0,0,1308,T
2-PB1,721,1326,0,2,0,1328,A
2-PB1,722,0,1327,0,2,1329,T
2-PB1,723,0,1321,0,2,1323,T
2-PB1,724,0,0,1327,1,1328,G
2-PB1,725,0,2,0,1322,1324,C
2-PB1,726,1290,0,1,0,1291,A
2-PB1,727,1291,0,4,0,1295,A
2-PB1,728,0,0,0,1266,1266,C
2-PB1,729,1254,0,0,0,1254,A
2-PB1,730,0,0,0,1261,1261,C
2-PB1,731,3,0,0,1238,1241,C
2-PB1,732,1,0,0,1235,1236,C
2-PB1,733,1,2,1239,0,1242,G
2-PB1,734,2,0,1217,0,1219,G
2-PB1,735,0,0,1232,0,1232,G
2-PB1,736,1209,1,2,0,1212,A
2-PB1,737,0,1175,0,0,1175,T
2-PB1,738,0,0,1206,0,1206,G
2-PB1,739,1,1,0,1196,1198,C
2-PB1,740,1220,0,1,0,1221,A
2-PB1,741,1238,0,0,0,1238,A
2-PB1,742,1236,0,0,0,1236,A
2-PB1,743,0,1250,0,0,1250,T
2-PB1,744,0,1249,0,0,1249,T
2-PB1,745,1247,0,2,0,1249,A
2-PB1,746,0,0,1227,0,1227,G
2-PB1,747,1218,0,3,0,1221,A
2-PB1,748,1,3,1216,0,1220,G
2-PB1,749,0,0,1160,0,1160,G
2-PB1,750,1,0,1183,0,1184,G
2-PB1,751,0,1097,0,1,1098,T
2-PB1,752,1,1150,0,1,1152,T
2-PB1,753,3,0,0,1159,1162,C
2-PB1,754,1,0,1207,0,1208,G
2-PB1,755,0,1181,0,1,1182,T
2-PB1,756,2,0,1205,0,1207,G
2-PB1,757,0,1183,0,2,1185,T
2-PB1,758,1182,0,1,0,1183,A
2-PB1,759,0,0,0,1186,1186,C
2-PB1,760,0,1117,0,0,1117,T
2-PB1,761,0,1121,0,1,1122,T
2-PB1,762,1,0,0,1129,1130,C
2-PB1,763,0,0,1125,0,1125,G
2-PB1,764,0,1138,0,0,1138,T
2-PB1,765,0,1139,0,0,1139,T
2-PB1,766,1,1,1129,1,1132,G
2-PB1,767,1114,0,0,0,1114,A
2-PB1,768,1116,0,0,0,1116,A
2-PB1,769,1101,0,1,0,1102,A
2-PB1,770,0,0,0,1132,1132,C
2-PB1,771,0,1106,0,0,1106,T
2-PB1,772,0,1112,0,0,1112,T
2-PB1,773,0,1104,0,0,1104,T
2-PB1,774,1130,0,2,0,1132,A
2-PB1,775,1,1,1134,0,1136,G
2-PB1,776,0,2,0,1124,1126,C
2-PB1,777,0,1133,0,0,1133,T
2-PB1,778,1100,0,0,1,1101,A
2-PB1,779,0,1,1118,0,1119,G
2-PB1,780,1099,0,1,0,1100,A
2-PB1,781,1101,0,0,0,1101,A
2-PB1,782,0,0,1105,0,1105,G
2-PB1,783,1,1,0,1063,1065,C
2-PB1,784,1084,0,3,0,1087,A
2-PB1,785,0,1060,0,1,1061,T
2-PB1,786,0,1075,1,1,1077,T
2-PB1,787,0,1064,0,0,1064,T
2-PB1,788,0,0,1059,0,1059,G
2-PB1,789,0,0,0,1048,1048,C
2-PB1,790,0,0,1088,0,1088,G
2-PB1,791,1079,0,0,0,1079,A
2-PB1,792,1071,0,1,0,1072,A
2-PB1,793,1071,0,1,0,1072,A
2-PB1,794,1071,0,1,0,1072,A
2-PB1,795,0,0,1091,0,1091,G
2-PB1,796,1,1,0,1081,1083,C
2-PB1,797,0,1080,0,2,1082,T
2-PB1,798,0,1088,0,0,1088,T
2-PB1,799,0,2,1093,0,1095,G
2-PB1,800,1083,1,3,0,1087,A
2-PB1,801,1072,1,0,0,1073,A
2-PB1,802,0,0,0,1084,1084,C
2-PB1,803,1047,0,0,0,1047,A
2-PB1,804,0,1,1100,0,1101,G
2-PB1,805,0,1049,0,1,1050,T
2-PB1,806,2,1,0,1070,1073,C
2-PB1,807,0,1074,0,2,1076,T
2-PB1,808,0,0,1085,0,1085,G
2-PB1,809,1,0,1066,0,1067,G
2-PB1,810,1061,0,1,0,1062,A
2-PB1,811,0,0,0,1080,1080,C
2-PB1,812,0,1043,0,0,1043,T
2-PB1,813,0,952,0,0,952,T
2-PB1,814,1,0,0,926,927,C
2-PB1,815,0,0,0,932,932,C
2-PB1,816,0,0,953,0,953,G
2-PB1,817,0,1,940,0,941,G
2-PB1,818,0,913,0,1,914,T
2-PB1,819,0,916,0,2,918,T
2-PB1,820,0,0,920,0,920,G
2-PB1,821,0,1,914,0,915,G
2-PB1,822,0,0,912,0,912,G
2-PB1,823,0,0,924,0,924,G
2-PB1,824,0,0,954,0,954,G
2-PB1,825,0,904,0,2,906,T
2-PB1,826,944,0,0,0,944,A
2-PB1,827,942,1,0,0,943,A
2-PB1,828,0,958,0,0,958,T
2-PB1,829,0,1,949,1,951,G
2-PB1,830,930,0,0,0,930,A
2-PB1,831,920,0,2,0,922,A
2-PB1,832,930,0,0,0,930,A
2-PB1,833,928,0,0,0,928,A
2-PB1,834,0,0,906,0,906,G
2-PB1,835,910,0,1,0,911,A
2-PB1,836,891,0,2,0,893,A
2-PB1,837,0,1,877,0,878,G
2-PB1,838,3,0,859,0,862,G
2-PB1,839,0,0,0,852,852,C
2-PB1,840,2,0,0,869,871,C
2-PB1,841,897,0,1,0,898,A
2-PB1,842,905,0,0,0,905,A
2-PB1,843,897,0,1,0,898,A
2-PB1,844,0,0,0,884,884,C
2-PB1,845,1,889,0,1,891,T
2-PB1,846,0,0,902,0,902,G
2-PB1,847,1,0,898,0,899,G
2-PB1,848,1,0,0,897,898,C
2-PB1,849,912,0,0,0,912,A
2-PB1,850,899,0,0,0,899,A
2-PB1,851,897,0,1,0,898,A
2-PB1,852,0,907,0,0,907,T
2-PB1,853,0,1,891,0,892,G
2-PB1,854,0,887,1,0,888,T
2-PB1,855,0,876,0,1,877,T
2-PB1,856,1,0,869,0,870,G
2-PB1,857,0,863,0,1,864,T
2-PB1,858,0,1,861,0,862,G
2-PB1,859,879,0,2,0,881,A
2-PB1,860,1,1,862,0,864,G
2-PB1,861,879,0,0,0,879,A
2-PB1,862,874,0,0,0,874,A
2-PB1,863,868,0,0,0,868,A
2-PB1,864,866,0,0,0,866,A
2-PB1,865,873,0,1,0,874,A
2-PB1,866,0,853,0,0,853,T
2-PB1,867,0,0,874,0,874,G
2-PB1,868,861,0,1,0,862,A
2-PB1,869,0,839,0,0,839,T
2-PB1,870,0,1,864,0,865,G
2-PB1,871,853,2,2,0,857,A
2-PB1,872,1,1,0,828,830,C
2-PB1,873,1,845,0,3,849,T
2-PB1,874,876,0,0,0,876,A
2-PB1,875,870,0,0,0,870,A
2-PB1,876,0,838,0,0,838,T
2-PB1,877,0,840,0,1,841,T
2-PB1,878,1,0,0,868,869,C
2-PB1,879,873,0,3,0,876,A
2-PB1,880,0,1,0,854,855,C
2-PB1,881,878,0,3,0,881,A
2-PB1,882,858,1,1,0,860,A
2-PB1,883,0,0,873,0,873,G
2-PB1,884,878,0,1,0,879,A
2-PB1,885,0,0,0,857,857,C
2-PB1,886,865,0,1,0,866,A
2-PB1,887,0,0,0,832,832,C
2-PB1,888,861,0,1,1,863,A
2-PB1,889,1,1,863,0,865,G
2-PB1,890,863,0,1,0,864,A
2-PB1,891,3,0,792,0,795,G
2-PB1,892,1,0,0,783,784,C
2-PB1,893,0,797,0,1,798,T
2-PB1,894,0,829,0,0,829,T
2-PB1,895,0,797,0,1,798,T
2-PB1,896,0,0,0,814,814,C
2-PB1,897,0,823,0,1,824,T
2-PB1,898,0,820,0,0,820,T
2-PB1,899,0,813,0,0,813,T
2-PB1,900,0,0,0,834,834,C
2-PB1,901,795,0,0,0,795,A
2-PB1,902,0,0,0,837,837,C
2-PB1,903,813,0,1,0,814,A
2-PB1,904,808,0,0,0,808,A
2-PB1,905,0,779,0,0,779,T
2-PB1,906,0,0,0,791,791,C
2-PB1,907,812,1,0,0,813,A
2-PB1,908,0,0,0,805,805,C
2-PB1,909,0,808,0,1,809,T
2-PB1,910,0,0,816,0,816,G
2-PB1,911,0,2,798,0,800,G
2-PB1,912,0,3,838,0,841,G
2-PB1,913,0,0,828,0,828,G
2-PB1,914,825,0,2,0,827,A
2-PB1,915,0,2,0,768,770,C
2-PB1,916,808,0,0,0,808,A
2-PB1,917,856,0,0,0,856,A
2-PB1,918,0,0,0,863,863,C
2-PB1,919,863,0,0,0,863,A
2-PB1,920,0,0,0,856,856,C
2-PB1,921,0,810,1,1,812,T
2-PB1,922,840,0,0,0,840,A
2-PB1,923,819,0,0,1,820,A
2-PB1,924,0,0,813,0,813,G
2-PB1,925,0,776,0,1,777,T
2-PB1,926,0,0,714,0,714,G
2-PB1,927,0,1,700,0,701,G
2-PB1,928,708,0,1,0,709,A
2-PB1,929,723,0,1,0,724,A
2-PB1,930,0,693,0,0,693,T
2-PB1,931,0,1,706,0,707,G
2-PB1,932,719,0,0,0,719,A
2-PB1,933,706,0,1,0,707,A
2-PB1,934,725,0,0,0,725,A
2-PB1,935,721,0,1,0,722,A
2-PB1,936,0,675,0,0,675,T
2-PB1,937,3,1,0,687,691,C
2-PB1,938,723,0,0,0,723,A
2-PB1,939,707,0,1,0,708,A
2-PB1,940,716,0,0,0,716,A
2-PB1,941,686,0,2,0,688,A
2-PB1,942,0,0,0,711,711,C
2-PB1,943,1,1,0,703,705,C
2-PB1,944,0,0,0,705,705,C
2-PB1,945,0,689,0,0,689,T
2-PB1,946,3,1,0,714,718,C
2-PB1,947,2,2,703,0,707,G
2-PB1,948,706,0,0,0,706,A
2-PB1,949,707,0,0,0,707,A
2-PB1,950,0,707,0,1,708,T
2-PB1,951,0,0,721,0,721,G
2-PB1,952,0,705,0,0,705,T
2-PB1,953,0,684,0,0,684,T
2-PB1,954,0,700,0,0,700,T
2-PB1,955,0,710,0,0,710,T
2-PB1,956,0,712,0,0,712,T
2-PB1,957,0,0,694,0,694,G
2-PB1,958,0,0,670,0,670,G
2-PB1,959,1,0,0,688,689,C
2-PB1,960,0,0,684,0,684,G
2-PB1,961,696,0,0,0,696,A
2-PB1,962,0,694,0,1,695,T
2-PB1,963,0,2,724,0,726,G
2-PB1,964,757,0,1,0,758,A
2-PB1,965,0,754,0,0,754,T
2-PB1,966,0,762,0,0,762,T
2-PB1,967,744,0,1,0,745,A
2-PB1,968,0,0,0,763,763,C
2-PB1,969,763,0,1,0,764,A
2-PB1,970,0,752,0,1,753,T
2-PB1,971,704,0,0,0,704,A
2-PB1,972,0,0,0,724,724,C
2-PB1,973,656,0,0,0,656,A
2-PB1,974,0,636,0,1,637,T
2-PB1,975,0,0,0,650,650,C
2-PB1,976,656,0,0,0,656,A
2-PB1,977,0,0,0,659,659,C
2-PB1,978,662,0,0,0,662,A
2-PB1,979,659,0,1,0,660,A
2-PB1,980,657,0,0,0,657,A
2-PB1,981,0,1,621,0,622,G
2-PB1,982,661,0,0,0,661,A
2-PB1,983,661,0,2,0,663,A
2-PB1,984,0,651,0,0,651,T
2-PB1,985,2,0,0,651,653,C
2-PB1,986,674,0,0,0,674,A
2-PB1,987,653,0,1,0,654,A
2-PB1,988,0,0,0,674,674,C
2-PB1,989,0,1,0,678,679,C
2-PB1,990,0,637,0,1,638,T
2-PB1,991,0,1,646,0,647,G
2-PB1,992,646,0,1,0,647,A
2-PB1,993,0,0,639,0,639,G
2-PB1,994,0,618,0,0,618,T
2-PB1,995,0,1,605,0,606,G
2-PB1,996,0,1,639,0,640,G
2-PB1,997,0,650,0,0,650,T
2-PB1,998,0,637,0,0,637,T
2-PB1,999,3,0,0,649,652,C
2-PB1,1000,646,0,0,0,646,A
2-PB1,1001,0,0,666,0,666,G
2-PB1,1002,657,0,1,0,658,A
2-PB1,1003,657,0,0,0,657,A
2-PB1,1004,638,0,0,0,638,A
2-PB1,1005,0,0,0,602,602,C
2-PB1,1006,632,0,0,0,632,A
2-PB1,1007,0,620,0,0,620,T
2-PB1,1008,0,0,0,629,629,C
2-PB1,1009,0,0,0,636,636,C
2-PB1,1010,0,626,0,1,627,T
2-PB1,1011,0,2,619,0,621,G
2-PB1,1012,610,0,0,0,610,A
2-PB1,1013,0,0,614,0,614,G
2-PB1,1014,1,0,0,605,606,C
2-PB1,1015,600,0,0,0,600,A
2-PB1,1016,0,586,0,2,588,T
2-PB1,1017,0,0,0,594,594,C
2-PB1,1018,0,1,596,0,597,G
2-PB1,1019,0,0,0,615,615,C
2-PB1,1020,618,0,1,0,619,A
2-PB1,1021,0,1,0,636,637,C
2-PB1,1022,2,0,0,635,637,C
2-PB1,1023,643,0,1,0,644,A
2-PB1,1024,649,0,1,0,650,A
2-PB1,1025,0,653,0,0,653,T
2-PB1,1026,653,0,0,0,653,A
2-PB1,1027,649,0,0,0,649,A
2-PB1,1028,0,631,0,2,633,T
2-PB1,1029,0,0,630,0,630,G
2-PB1,1030,0,592,0,2,594,T
2-PB1,1031,0,591,0,0,591,T
2-PB1,1032,0,0,0,597,597,C
2-PB1,1033,0,610,0,0,610,T
2-PB1,1034,1,0,0,604,605,C
2-PB1,1035,617,0,0,0,617,A
2-PB1,1036,614,0,0,0,614,A
2-PB1,1037,609,0,2,0,611,A
2-PB1,1038,1,0,0,613,614,C
2-PB1,1039,620,0,0,0,620,A
2-PB1,1040,611,0,0,0,611,A
2-PB1,1041,607,0,0,1,608,A
2-PB1,1042,612,0,1,0,613,A
2-PB1,1043,0,609,0,0,609,T
2-PB1,1044,0,1,612,0,613,G
2-PB1,1045,2,1,596,0,599,G
2-PB1,1046,0,0,0,603,603,C
2-PB1,1047,605,0,0,0,605,A
2-PB1,1048,607,0,0,0,607,A
2-PB1,1049,1,0,608,0,609,G
2-PB1,1050,598,0,1,0,599,A
2-PB1,1051,0,598,0,0,598,T
2-PB1,1052,0,618,0,0,618,T
2-PB1,1053,1,2,617,0,620,G
2-PB1,1054,0,0,618,0,618,G
2-PB1,1055,0,0,626,0,626,G
2-PB1,1056,625,0,0,0,625,A
2-PB1,1057,631,0,0,0,631,A
2-PB1,1058,629,0,0,0,629,A
2-PB1,1059,615,0,2,0,617,A
2-PB1,1060,0,2,631,0,633,G
2-PB1,1061,0,0,624,0,624,G
2-PB1,1062,638,0,1,0,639,A
2-PB1,1063,0,630,1,0,631,T
2-PB1,1064,637,0,0,0,637,A
2-PB1,1065,0,0,0,638,638,C
2-PB1,1066,646,0,0,0,646,A
2-PB1,1067,0,641,0,0,641,T
2-PB1,1068,0,0,638,0,638,G
2-PB1,1069,0,615,0,0,615,T
2-PB1,1070,0,617,0,0,617,T
2-PB1,1071,4,1,0,623,628,C
2-PB1,1072,0,0,631,0,631,G
2-PB1,1073,611,0,1,0,612,A
2-PB1,1074,0,0,646,1,647,G
2-PB1,1075,636,0,1,0,637,A
2-PB1,1076,0,0,652,0,652,G
2-PB1,1077,0,645,0,0,645,T
2-PB1,1078,652,0,1,0,653,A
2-PB1,1079,653,0,1,0,654,A
2-PB1,1080,0,0,663,0,663,G
2-PB1,1081,656,0,1,0,657,A
2-PB1,1082,0,0,667,0,667,G
2-PB1,1083,647,0,1,0,648,A
2-PB1,1084,651,0,0,0,651,A
2-PB1,1085,0,648,0,0,648,T
2-PB1,1086,0,0,652,0,652,G
2-PB1,1087,650,0,3,0,653,A
2-PB1,1088,641,0,0,0,641,A
2-PB1,1089,0,0,621,0,621,G
2-PB1,1090,0,0,0,638,638,C
2-PB1,1091,0,608,0,1,609,T
2-PB1,1092,1,2,0,610,613,C
2-PB1,1093,5,0,0,621,626,C
2-PB1,1094,0,1,637,0,638,G
2-PB1,1095,0,0,634,0,634,G
2-PB1,1096,646,0,0,0,646,A
2-PB1,1097,0,0,0,644,644,C
2-PB1,1098,663,0,1,0,664,A
2-PB1,1099,0,0,0,670,670,C
2-PB1,1100,672,0,0,0,672,A
2-PB1,1101,672,0,0,0,672,A
2-PB1,1102,666,0,1,0,667,A
2-PB1,1103,0,646,0,0,646,T
2-PB1,1104,669,0,1,0,670,A
2-PB1,1105,0,0,0,652,652,C
2-PB1,1106,0,1,0,640,641,C
2-PB1,1107,0,639,0,0,639,T
2-PB1,1108,0,0,653,0,653,G
2-PB1,1109,0,0,0,652,652,C
2-PB1,1110,667,0,0,0,667,A
2-PB1,1111,0,0,664,0,664,G
2-PB1,1112,662,0,0,0,662,A
2-PB1,1113,660,0,0,0,660,A
2-PB1,1114,663,0,1,0,664,A
2-PB1,1115,0,655,0,0,655,T
2-PB1,1116,0,0,660,0,660,G
2-PB1,1117,0,0,0,635,635,C
2-PB1,1118,0,655,0,1,656,T
2-PB1,1119,667,0,2,0,669,A
2-PB1,1120,0,0,655,0,655,G
2-PB1,1121,0,0,0,650,650,C
2-PB1,1122,675,0,0,0,675,A
2-PB1,1123,674,0,1,0,675,A
2-PB1,1124,0,0,663,0,663,G
2-PB1,1125,0,0,0,658,658,C
2-PB1,1126,664,0,0,0,664,A
2-PB1,1127,0,647,0,0,647,T
2-PB1,1128,0,664,0,1,665,T
2-PB1,1129,0,2,669,0,671,G
2-PB1,1130,698,0,0,0,698,A
2-PB1,1131,0,0,0,665,665,C
2-PB1,1132,0,1,0,685,686,C
2-PB1,1133,0,689,1,2,692,T
2-PB1,1134,0,0,706,0,706,G
2-PB1,1135,711,0,0,0,711,A
2-PB1,1136,710,0,1,0,711,A
2-PB1,1137,2,0,722,0,724,G
2-PB1,1138,0,691,0,0,691,T
2-PB1,1139,708,0,0,0,708,A
2-PB1,1140,0,710,0,0,710,T
2-PB1,1141,0,706,0,0,706,T
2-PB1,1142,0,699,0,0,699,T
2-PB1,1143,1,0,0,699,700,C
2-PB1,1144,708,0,0,0,708,A
2-PB1,1145,708,0,0,0,708,A
2-PB1,1146,0,688,0,0,688,T
2-PB1,1147,1,1,695,0,697,G
2-PB1,1148,695,0,0,0,695,A
2-PB1,1149,694,0,1,0,695,A
2-PB1,1150,1,673,0,1,675,T
2-PB1,1151,1,0,0,692,693,C
2-PB1,1152,705,0,0,0,705,A
2-PB1,1153,706,0,0,0,706,A
2-PB1,1154,0,0,0,696,696,C
2-PB1,1155,703,0,1,0,704,A
2-PB1,1156,697,0,0,0,697,A
2-PB1,1157,0,0,701,0,701,G
2-PB1,1158,0,1,706,0,707,G
2-PB1,1159,707,0,0,0,707,A
2-PB1,1160,707,0,2,0,709,A
2-PB1,1161,0,1,707,0,708,G
2-PB1,1162,708,0,1,0,709,A
2-PB1,1163,708,0,1,0,709,A
2-PB1,1164,711,0,0,0,711,A
2-PB1,1165,709,0,1,0,710,A
2-PB1,1166,0,698,0,1,699,T
2-PB1,1167,0,696,0,0,696,T
2-PB1,1168,0,1,701,0,702,G
2-PB1,1169,695,1,3,0,699,A
2-PB1,1170,0,1,698,0,699,G
2-PB1,1171,699,0,0,0,699,A
2-PB1,1172,711,0,0,0,711,A
2-PB1,1173,707,0,0,0,707,A
2-PB1,1174,712,0,0,0,712,A
2-PB1,1175,0,710,0,0,710,T
2-PB1,1176,710,0,0,0,710,A
2-PB1,1177,718,0,0,0,718,A
2-PB1,1178,0,1,702,0,703,G
2-PB1,1179,0,0,700,0,700,G
2-PB1,1180,0,1,0,680,681,C
2-PB1,1181,0,0,0,684,684,C
2-PB1,1182,0,670,0,4,674,T
2-PB1,1183,0,0,0,752,752,C
2-PB1,1184,0,766,0,1,767,T
2-PB1,1185,0,769,0,0,769,T
2-PB1,1186,1,0,0,786,787,C
2-PB1,1187,0,784,0,0,784,T
2-PB1,1188,795,0,0,0,795,A
2-PB1,1189,789,0,1,0,790,A
2-PB1,1190,0,785,0,1,786,T
2-PB1,1191,797,0,0,0,797,A
2-PB1,1192,0,1,763,0,764,G
2-PB1,1193,710,0,1,0,711,A
2-PB1,1194,0,715,0,0,715,T
2-PB1,1195,0,3,684,0,687,G
2-PB1,1196,0,0,692,0,692,G
2-PB1,1197,0,0,0,696,696,C
2-PB1,1198,718,0,0,0,718,A
2-PB1,1199,0,0,0,710,710,C
2-PB1,1200,710,0,1,0,711,A
2-PB1,1201,0,0,715,0,715,G
2-PB1,1202,1,0,0,717,718,C
2-PB1,1203,719,0,2,0,721,A
2-PB1,1204,0,724,0,0,724,T
2-PB1,1205,0,0,0,735,735,C
2-PB1,1206,750,0,1,0,751,A
2-PB1,1207,0,739,0,0,739,T
2-PB1,1208,0,740,0,2,742,T
2-PB1,1209,0,1,737,0,738,G
2-PB1,1210,717,0,0,0,717,A
2-PB1,1211,0,0,729,0,729,G
2-PB1,1212,0,0,0,707,707,C
2-PB1,1213,0,0,0,709,709,C
2-PB1,1214,0,0,0,727,727,C
2-PB1,1215,0,730,0,1,731,T
2-PB1,1216,0,1,822,0,823,G
2-PB1,1217,0,1,843,0,844,G
2-PB1,1218,833,0,3,0,836,A
2-PB1,1219,881,0,0,0,881,A
2-PB1,1220,0,856,0,2,858,T
2-PB1,1221,0,0,896,0,896,G
2-PB1,1222,915,0,2,0,917,A
2-PB1,1223,0,922,0,1,923,T
2-PB1,1224,0,2,938,0,940,G
2-PB1,1225,920,0,2,0,922,A
2-PB1,1226,0,923,0,0,923,T
2-PB1,1227,0,1,911,0,912,G
2-PB1,1228,0,0,896,0,896,G
2-PB1,1229,1,0,901,0,902,G
2-PB1,1230,0,0,0,894,894,C
2-PB1,1231,945,0,0,0,945,A
2-PB1,1232,0,946,0,0,946,T
2-PB1,1233,0,1,970,0,971,G
2-PB1,1234,0,971,0,0,971,T
2-PB1,1235,0,973,0,0,973,T
2-PB1,1236,1,0,0,979,980,C
2-PB1,1237,990,0,0,0,990,A
2-PB1,1238,994,0,0,0,994,A
2-PB1,1239,0,0,0,984,984,C
2-PB1,1240,996,0,0,0,996,A
2-PB1,1241,1,985,0,0,986,T
2-PB1,1242,0,1,991,0,992,G
2-PB1,1243,0,0,0,997,997,C
2-PB1,1244,0,1024,0,0,1024,T
2-PB1,1245,1037,0,1,0,1038,A
2-PB1,1246,1032,0,0,0,1032,A
2-PB1,1247,0,0,1043,0,1043,G
2-PB1,1248,0,1031,0,0,1031,T
2-PB1,1249,1037,0,1,0,1038,A
2-PB1,1250,0,0,0,1048,1048,C
2-PB1,1251,0,1,1051,0,1052,G
2-PB1,1252,0,0,1111,0,1111,G
2-PB1,1253,0,1079,0,1,1080,T
2-PB1,1254,0,1091,0,0,1091,T
2-PB1,1255,0,1094,0,0,1094,T
2-PB1,1256,0,1111,0,0,1111,T
2-PB1,1257,1115,0,0,0,1115,A
2-PB1,1258,0,0,1103,0,1103,G
2-PB1,1259,0,0,1097,0,1097,G
2-PB1,1260,1100,0,0,0,1100,A
2-PB1,1261,0,0,1087,0,1087,G
2-PB1,1262,0,1097,0,3,1100,T
2-PB1,1263,1,0,0,1104,1105,C
2-PB1,1264,0,1119,0,0,1119,T
2-PB1,1265,1,0,1,1127,1129,C
2-PB1,1266,0,1,1128,0,1129,G
2-PB1,1267,1146,1,0,0,1147,A
2-PB1,1268,0,1156,1,0,1157,T
2-PB1,1269,1138,1,0,0,1139,A
2-PB1,1270,0,0,0,1167,1167,C
2-PB1,1271,0,1139,0,2,1141,T
2-PB1,1272,0,5,1149,0,1154,G
2-PB1,1273,1150,0,0,0,1150,A
2-PB1,1274,1166,0,0,1,1167,A
2-PB1,1275,0,1162,0,1,1163,T
2-PB1,1276,0,1,0,1142,1143,C
2-PB1,1277,0,1132,0,2,1134,T
2-PB1,1278,0,1127,0,1,1128,T
2-PB1,1279,0,2,1124,0,1126,G
2-PB1,1280,0,2,1107,0,1109,G
2-PB1,1281,1098,0,1,0,1099,A
2-PB1,1282,0,0,0,1128,1128,C
2-PB1,1283,1112,0,0,0,1112,A
2-PB1,1284,1115,0,1,0,1116,A
2-PB1,1285,1116,0,0,0,1116,A
2-PB1,1286,1112,0,0,0,1112,A
2-PB1,1287,0,0,1139,0,1139,G
2-PB1,1288,1141,0,7,0,1148,A
2-PB1,1289,1139,1,3,0,1143,A
2-PB1,1290,1150,0,1,0,1151,A
2-PB1,1291,0,1138,0,2,1140,T
2-PB1,1292,1154,0,1,0,1155,A
2-PB1,1293,0,1,0,1179,1180,C
2-PB1,1294,1171,0,1,0,1172,A
2-PB1,1295,0,1,0,1180,1181,C
2-PB1,1296,1,3,0,1170,1174,C
2-PB1,1297,1170,0,0,0,1170,A
2-PB1,1298,1184,0,0,0,1184,A
2-PB1,1299,0,0,1207,0,1207,G
2-PB1,1300,1216,0,1,0,1217,A
2-PB1,1301,0,0,0,1251,1251,C
2-PB1,1302,1241,0,1,0,1242,A
2-PB1,1303,1273,1,0,0,1274,A
2-PB1,1304,0,1,0,1296,1297,C
2-PB1,1305,1296,0,2,0,1298,A
2-PB1,1306,0,1306,0,0,1306,T
2-PB1,1307,1314,0,0,0,1314,A
2-PB1,1308,0,0,0,1308,1308,C
2-PB1,1309,0,1280,1,3,1284,T
2-PB1,1310,0,0,1317,0,1317,G
2-PB1,1311,0,0,1305,0,1305,G
2-PB1,1312,0,1227,0,3,1230,T
2-PB1,1313,0,2,1247,0,1249,G
2-PB1,1314,0,0,1257,0,1257,G
2-PB1,1315,1,2,1268,0,1271,G
2-PB1,1316,1241,1,2,0,1244,A
2-PB1,1317,0,1234,0,1,1235,T
2-PB1,1318,0,0,1232,0,1232,G
2-PB1,1319,1,1,1192,0,1194,G
2-PB1,1320,1,0,1182,0,1183,G
2-PB1,1321,0,0,0,1215,1215,C
2-PB1,1322,0,1197,0,0,1197,T
2-PB1,1323,2,0,0,1227,1229,C
2-PB1,1324,1,1,0,1244,1246,C
2-PB1,1325,1253,0,1,0,1254,A
2-PB1,1326,1233,0,0,0,1233,A
2-PB1,1327,0,1208,0,1,1209,T
2-PB1,1328,1,1,0,1193,1195,C
2-PB1,1329,2,0,0,1199,1201,C
2-PB1,1330,0,1201,1,0,1202,T
2-PB1,1331,0,0,0,1166,1166,C
2-PB1,1332,0,1,0,1192,1193,C
2-PB1,1333,0,1,1201,0,1202,G
2-PB1,1334,1200,0,2,0,1202,A
2-PB1,1335,1,2,0,1196,1199,C
2-PB1,1336,0,0,1224,0,1224,G
2-PB1,1337,1199,0,0,0,1199,A
2-PB1,1338,0,1194,0,1,1195,T
2-PB1,1339,0,1196,0,0,1196,T
2-PB1,1340,0,1201,0,1,1202,T
2-PB1,1341,0,1210,0,0,1210,T
2-PB1,1342,0,0,1217,0,1217,G
2-PB1,1343,0,0,0,1200,1200,C
2-PB1,1344,0,0,0,1186,1186,C
2-PB1,1345,3,0,0,1228,1231,C
2-PB1,1346,0,1245,0,3,1248,T
2-PB1,1347,2,0,0,1312,1314,C
2-PB1,1348,1342,0,0,0,1342,A
2-PB1,1349,0,1332,0,1,1333,T
2-PB1,1350,1337,0,0,0,1337,A
2-PB1,1351,0,0,1354,0,1354,G
2-PB1,1352,0,1318,0,0,1318,T
2-PB1,1353,0,0,1336,0,1336,G
2-PB1,1354,1309,0,0,0,1309,A
2-PB1,1355,1309,0,0,0,1309,A
2-PB1,1356,0,1249,0,0,1249,T
2-PB1,1357,0,0,1259,0,1259,G
2-PB1,1358,1,1,0,1262,1264,C
2-PB1,1359,1253,0,1,0,1254,A
2-PB1,1360,1,0,0,1245,1246,C
2-PB1,1361,1,1,0,1251,1253,C
2-PB1,1362,1243,0,1,0,1244,A
2-PB1,1363,1248,0,0,1,1249,A
2-PB1,1364,1237,0,0,0,1237,A
2-PB1,1365,0,1219,0,0,1219,T
2-PB1,1366,0,0,0,1277,1277,C
2-PB1,1367,1287,0,0,0,1287,A
2-PB1,1368,0,1279,0,0,1279,T
2-PB1,1369,0,1,1287,0,1288,G
2-PB1,1370,1287,1,1,0,1289,A
2-PB1,1371,0,2,1281,0,1283,G
2-PB1,1372,0,0,1292,0,1292,G
2-PB1,1373,0,0,1298,0,1298,G
2-PB1,1374,1280,0,1,0,1281,A
2-PB1,1375,1317,0,1,0,1318,A
2-PB1,1376,0,1323,0,0,1323,T
2-PB1,1377,1310,0,0,0,1310,A
2-PB1,1378,0,0,0,1341,1341,C
2-PB1,1379,1352,0,0,0,1352,A
2-PB1,1380,1338,0,2,1,1341,A
2-PB1,1381,1,0,1306,0,1307,G
2-PB1,1382,0,2,0,1292,1294,C
2-PB1,1383,1311,0,0,0,1311,A
2-PB1,1384,0,1,1323,0,1324,G
2-PB1,1385,1,1,1319,0,1321,G
2-PB1,1386,1272,0,2,1,1275,A
2-PB1,1387,1,1,1301,0,1303,G
2-PB1,1388,0,1272,0,0,1272,T
2-PB1,1389,0,1,1311,0,1312,G
2-PB1,1390,0,0,1301,0,1301,G
2-PB1,1391,1298,0,3,0,1301,A
2-PB1,1392,0,1286,0,1,1287,T
2-PB1,1393,1296,0,1,0,1297,A
2-PB1,1394,1,2,1304,0,1307,G
2-PB1,1395,1319,0,1,0,1320,A
2-PB1,1396,0,1289,0,0,1289,T
2-PB1,1397,1,1304,0,0,1305,T
2-PB1,1398,1,1,0,1331,1333,C
2-PB1,1399,0,1343,0,0,1343,T
2-PB1,1400,1361,0,0,0,1361,A
2-PB1,1401,1,0,1,1359,1361,C
2-PB1,1402,1320,0,3,0,1323,A
2-PB1,1403,0,0,1319,0,1319,G
2-PB1,1404,0,1,1268,0,1269,G
2-PB1,1405,1302,0,0,0,1302,A
2-PB1,1406,0,0,0,1275,1275,C
2-PB1,1407,1,1,0,1272,1274,C
2-PB1,1408,0,1253,0,0,1253,T
2-PB1,1409,1,0,1250,0,1251,G
2-PB1,1410,0,1,0,1259,1260,C
2-PB1,1411,1289,0,0,0,1289,A
2-PB1,1412,1295,0,0,0,1295,A
2-PB1,1413,1,0,1299,0,1300,G
2-PB1,1414,0,1231,0,0,1231,T
2-PB1,1415,0,1267,0,0,1267,T
2-PB1,1416,1268,0,1,0,1269,A
2-PB1,1417,0,0,1260,0,1260,G
2-PB1,1418,1,1228,0,0,1229,T
2-PB1,1419,1,0,1248,0,1249,G
2-PB1,1420,1,2,1248,0,1251,G
2-PB1,1421,0,1,1258,0,1259,G
2-PB1,1422,1243,0,2,0,1245,A
2-PB1,1423,1251,1,1,0,1253,A
2-PB1,1424,0,1251,0,1,1252,T
2-PB1,1425,2,1,0,1253,1256,C
2-PB1,1426,1261,0,2,0,1263,A
2-PB1,1427,1270,0,2,0,1272,A
2-PB1,1428,0,0,0,1256,1256,C
2-PB1,1429,1264,0,1,0,1265,A
2-PB1,1430,0,1233,0,0,1233,T
2-PB1,1431,0,2,1251,0,1253,G
2-PB1,1432,1223,0,3,0,1226,A
2-PB1,1433,0,0,1257,0,1257,G
2-PB1,1434,0,0,0,1253,1253,C
2-PB1,1435,1257,0,0,0,1257,A
2-PB1,1436,1251,0,1,0,1252,A
2-PB1,1437,1249,0,3,1,1253,A
2-PB1,1438,1273,0,2,0,1275,A
2-PB1,1439,1268,0,0,0,1268,A
2-PB1,1440,0,0,1242,0,1242,G
2-PB1,1441,1232,0,0,0,1232,A
2-PB1,1442,1239,0,2,0,1241,A
2-PB1,1443,0,0,1266,0,1266,G
2-PB1,1444,0,1271,0,0,1271,T
2-PB1,1445,4,0,0,1229,1233,C
2-PB1,1446,2,0,0,1296,1298,C
2-PB1,1447,0,1322,0,1,1323,T
2-PB1,1448,1333,0,0,0,1333,A
2-PB1,1449,0,1336,0,0,1336,T
2-PB1,1450,1331,0,0,0,1331,A
2-PB1,1451,0,1332,0,0,1332,T
2-PB1,1452,1304,0,0,0,1304,A
2-PB1,1453,1307,0,2,0,1309,A
2-PB1,1454,1306,0,0,0,1306,A
2-PB1,1455,1,1299,0,0,1300,T
2-PB1,1456,1293,0,0,0,1293,A
2-PB1,1457,1282,0,0,0,1282,A
2-PB1,1458,1302,0,0,0,1302,A
2-PB1,1459,1283,0,1,0,1284,A
2-PB1,1460,0,1,0,1296,1297,C
2-PB1,1461,1256,0,1,0,1257,A
2-PB1,1462,0,2,1265,0,1267,G
2-PB1,1463,2,0,1251,0,1253,G
2-PB1,1464,0,1,1266,0,1267,G
2-PB1,1465,1234,0,5,0,1239,A
2-PB1,1466,0,0,0,1264,1264,C
2-PB1,1467,1247,0,0,0,1247,A
2-PB1,1468,0,1247,0,0,1247,T
2-PB1,1469,0,1265,0,2,1267,T
2-PB1,1470,0,1281,0,1,1282,T
2-PB1,1471,0,3,1253,0,1256,G
2-PB1,1472,1225,0,2,0,1227,A
2-PB1,1473,1255,0,2,0,1257,A
2-PB1,1474,0,1241,1,3,1245,T
2-PB1,1475,0,1216,0,2,1218,T
2-PB1,1476,1,0,0,1252,1253,C
2-PB1,1477,1230,0,1,0,1231,A
2-PB1,1478,1,0,0,1223,1224,C
2-PB1,1479,1,1221,0,0,1222,T
2-PB1,1480,1246,0,0,0,1246,A
2-PB1,1481,1,0,1232,0,1233,G
2-PB1,1482,0,0,0,1205,1205,C
2-PB1,1483,0,1200,0,2,1202,T
2-PB1,1484,1,1238,0,0,1239,T
2-PB1,1485,0,1229,0,2,1231,T
2-PB1,1486,0,1255,0,0,1255,T
2-PB1,1487,0,1246,0,0,1246,T
2-PB1,1488,0,1242,0,1,1243,T
2-PB1,1489,0,1242,0,0,1242,T
2-PB1,1490,1208,0,1,0,1209,A
2-PB1,1491,0,1225,1,1,1227,T
2-PB1,1492,0,0,0,1212,1212,C
2-PB1,1493,0,0,1222,0,1222,G
2-PB1,1494,1252,0,0,0,1252,A
2-PB1,1495,0,1250,0,0,1250,T
2-PB1,1496,1261,0,0,0,1261,A
2-PB1,1497,1,1311,0,1,1313,T
2-PB1,1498,0,0,1281,0,1281,G
2-PB1,1499,1,3,1250,0,1254,G
2-PB1,1500,1284,0,0,0,1284,A
2-PB1,1501,1,1261,0,0,1262,T
2-PB1,1502,1,1246,0,0,1247,T
2-PB1,1503,0,1219,0,0,1219,T
2-PB1,1504,0,0,1223,0,1223,G
2-PB1,1505,0,1162,0,1,1163,T
2-PB1,1506,0,0,1154,0,1154,G
2-PB1,1507,0,0,1135,0,1135,G
2-PB1,1508,3,3,1,1096,1103,C
2-PB1,1509,1,1180,0,2,1183,T
2-PB1,1510,1217,0,0,0,1217,A
2-PB1,1511,1223,0,0,0,1223,A
2-PB1,1512,1,1201,0,0,1202,T
2-PB1,1513,0,1201,0,3,1204,T
2-PB1,1514,0,1217,0,0,1217,T
2-PB1,1515,0,1214,0,1,1215,T
2-PB1,1516,1220,0,3,0,1223,A
2-PB1,1517,0,0,1203,0,1203,G
2-PB1,1518,1,0,0,1210,1211,C
2-PB1,1519,1211,0,2,0,1213,A
2-PB1,1520,0,1195,0,1,1196,T
2-PB1,1521,2,2,1158,0,1162,G
2-PB1,1522,0,0,1185,0,1185,G
2-PB1,1523,1178,0,1,0,1179,A
2-PB1,1524,1,0,1139,0,1140,G
2-PB1,1525,1,0,0,1137,1138,C
2-PB1,1526,2,1179,0,1,1182,T
2-PB1,1527,0,0,1190,0,1190,G
2-PB1,1528,1,0,0,1080,1081,C
2-PB1,1529,3,0,0,1076,1079,C
2-PB1,1530,0,0,0,1159,1159,C
2-PB1,1531,1156,0,0,0,1156,A
2-PB1,1532,0,0,1184,0,1184,G
2-PB1,1533,0,1203,0,0,1203,T
2-PB1,1534,0,1182,0,0,1182,T
2-PB1,1535,0,1171,1,0,1172,T
2-PB1,1536,1,1157,0,0,1158,T
2-PB1,1537,0,0,1171,0,1171,G
2-PB1,1538,0,1,1102,0,1103,G
2-PB1,1539,1146,0,0,0,1146,A
2-PB1,1540,1,0,1128,0,1129,G
2-PB1,1541,1,1059,0,2,1062,T
2-PB1,1542,0,0,1075,0,1075,G
2-PB1,1543,0,1055,0,2,1057,T
2-PB1,1544,1,0,0,1085,1086,C
2-PB1,1545,1,1079,0,4,1084,T
2-PB1,1546,0,0,1086,0,1086,G
2-PB1,1547,0,1,1114,0,1115,G
2-PB1,1548,1128,0,0,0,1128,A
2-PB1,1549,1127,0,2,0,1129,A
2-PB1,1550,0,1099,0,0,1099,T
2-PB1,1551,1032,0,0,0,1032,A
2-PB1,1552,1036,0,2,0,1038,A
2-PB1,1553,1035,0,0,0,1035,A
2-PB1,1554,0,1,0,1025,1026,C
2-PB1,1555,0,0,983,0,983,G
2-PB1,1556,990,0,0,0,990,A
2-PB1,1557,0,1,968,0,969,G
2-PB1,1558,2,943,0,1,946,T
2-PB1,1559,4,0,0,985,989,C
2-PB1,1560,1007,0,0,1,1008,A
2-PB1,1561,0,2,980,0,982,G
2-PB1,1562,0,2,0,989,991,C
2-PB1,1563,1,1004,0,2,1007,T
2-PB1,1564,0,0,1041,0,1041,G
2-PB1,1565,1051,0,1,0,1052,A
2-PB1,1566,0,1045,0,1,1046,T
2-PB1,1567,1049,0,2,0,1051,A
2-PB1,1568,0,1029,1,0,1030,T
2-PB1,1569,0,1,1028,0,1029,G
2-PB1,1570,985,0,2,0,987,A
2-PB1,1571,0,0,1014,0,1014,G
2-PB1,1572,0,0,0,1017,1017,C
2-PB1,1573,982,0,0,1,983,A
2-PB1,1574,1,968,0,0,969,T
2-PB1,1575,0,985,0,1,986,T
2-PB1,1576,0,2,984,0,986,G
2-PB1,1577,1,1,1035,0,1037,G
2-PB1,1578,1018,0,1,0,1019,A
2-PB1,1579,0,0,1027,0,1027,G
2-PB1,1580,0,993,0,0,993,T
2-PB1,1581,1019,0,0,0,1019,A
2-PB1,1582,1011,0,0,0,1011,A
2-PB1,1583,0,0,0,1020,1020,C
2-PB1,1584,1016,0,0,0,1016,A
2-PB1,1585,0,1,1013,0,1014,G
2-PB1,1586,0,912,0,0,912,T
2-PB1,1587,0,0,933,0,933,G
2-PB1,1588,944,0,2,0,946,A
2-PB1,1589,0,946,0,0,946,T
2-PB1,1590,960,0,0,0,960,A
2-PB1,1591,957,1,0,0,958,A
2-PB1,1592,943,0,4,1,948,A
2-PB1,1593,0,1,949,0,950,G
2-PB1,1594,929,0,0,0,929,A
2-PB1,1595,916,0,1,0,917,A
2-PB1,1596,0,1,0,929,930,C
2-PB1,1597,914,0,1,0,915,A
2-PB1,1598,911,0,2,0,913,A
2-PB1,1599,0,0,0,922,922,C
2-PB1,1600,950,0,0,0,950,A
2-PB1,1601,0,940,2,0,942,T
2-PB1,1602,0,0,941,0,941,G
2-PB1,1603,940,0,2,0,942,A
2-PB1,1604,0,941,0,0,941,T
2-PB1,1605,940,0,0,1,941,A
2-PB1,1606,944,0,1,1,946,A
2-PB1,1607,943,0,1,0,944,A
2-PB1,1608,0,0,0,952,952,C
2-PB1,1609,937,0,0,0,937,A
2-PB1,1610,940,0,0,0,940,A
2-PB1,1611,0,903,0,1,904,T
2-PB1,1612,0,3,908,0,911,G
2-PB1,1613,933,0,1,0,934,A
2-PB1,1614,0,1,0,941,942,C
2-PB1,1615,0,0,0,917,917,C
2-PB1,1616,0,927,0,1,928,T
2-PB1,1617,0,917,0,0,917,T
2-PB1,1618,0,1,930,0,931,G
2-PB1,1619,0,1,908,0,909,G
2-PB1,1620,932,0,3,0,935,A
2-PB1,1621,1,0,0,923,924,C
2-PB1,1622,1,0,0,925,926,C
2-PB1,1623,929,0,2,0,931,A
2-PB1,1624,2,0,910,0,912,G
2-PB1,1625,0,0,0,906,906,C
2-PB1,1626,936,0,2,0,938,A
2-PB1,1627,936,0,1,0,937,A
2-PB1,1628,0,0,0,923,923,C
2-PB1,1629,912,0,1,0,913,A
2-PB1,1630,0,0,907,0,907,G
2-PB1,1631,0,0,0,899,899,C
2-PB1,1632,0,0,0,894,894,C
2-PB1,1633,0,0,0,912,912,C
2-PB1,1634,941,0,0,0,941,A
2-PB1,1635,936,0,1,1,938,A
2-PB1,1636,926,0,0,0,926,A
2-PB1,1637,0,896,0,1,897,T
2-PB1,1638,0,0,918,0,918,G
2-PB1,1639,0,1,840,0,841,G
2-PB1,1640,0,0,0,858,858,C
2-PB1,1641,1,832,0,2,835,T
2-PB1,1642,1,0,0,882,883,C
2-PB1,1643,0,886,1,1,888,T
2-PB1,1644,0,0,0,908,908,C
2-PB1,1645,0,0,0,926,926,C
2-PB1,1646,941,0,0,0,941,A
2-PB1,1647,933,0,0,0,933,A
2-PB1,1648,0,906,0,0,906,T
2-PB1,1649,0,915,0,0,915,T
2-PB1,1650,0,1,916,0,917,G
2-PB1,1651,1,878,0,1,880,T
2-PB1,1652,0,884,0,0,884,T
2-PB1,1653,0,1,0,898,899,C
2-PB1,1654,899,0,3,0,902,A
2-PB1,1655,1,889,0,0,890,T
2-PB1,1656,1,0,0,904,905,C
2-PB1,1657,922,0,0,0,922,A
2-PB1,1658,908,0,0,0,908,A
2-PB1,1659,914,0,1,0,915,A
2-PB1,1660,0,0,936,0,936,G
2-PB1,1661,924,0,0,0,924,A
2-PB1,1662,0,906,1,0,907,T
2-PB1,1663,0,930,0,0,930,T
2-PB1,1664,934,2,1,0,937,A
2-PB1,1665,0,0,0,941,941,C
2-PB1,1666,959,0,2,0,961,A
2-PB1,1667,0,0,969,0,969,G
2-PB1,1668,972,0,1,0,973,A
2-PB1,1669,0,954,0,0,954,T
2-PB1,1670,966,0,1,0,967,A
2-PB1,1671,0,0,0,1017,1017,C
2-PB1,1672,1041,0,2,0,1043,A
2-PB1,1673,0,0,0,1116,1116,C
2-PB1,1674,1107,0,1,1,1109,A
2-PB1,1675,0,1102,0,0,1102,T
2-PB1,1676,1111,0,1,0,1112,A
2-PB1,1677,0,1093,0,1,1094,T
2-PB1,1678,1072,0,0,0,1072,A
2-PB1,1679,0,1,1040,0,1041,G
2-PB1,1680,0,1,997,0,998,G
2-PB1,1681,0,911,0,1,912,T
2-PB1,1682,1,0,946,0,947,G
2-PB1,1683,0,0,0,976,976,C
2-PB1,1684,1,0,1,991,993,C
2-PB1,1685,1025,0,0,0,1025,A
2-PB1,1686,0,1035,1,1,1037,T
2-PB1,1687,1030,0,0,0,1030,A
2-PB1,1688,0,0,1030,0,1030,G
2-PB1,1689,1000,0,1,0,1001,A
2-PB1,1690,0,0,1012,0,1012,G
2-PB1,1691,0,0,997,0,997,G
2-PB1,1692,958,0,2,0,960,A
2-PB1,1693,0,2,974,0,976,G
2-PB1,1694,956,0,1,0,957,A
2-PB1,1695,0,0,0,960,960,C
2-PB1,1696,956,1,0,0,957,A
2-PB1,1697,0,0,0,979,979,C
2-PB1,1698,961,0,3,0,964,A
2-PB1,1699,1,0,0,984,985,C
2-PB1,1700,987,0,2,0,989,A
2-PB1,1701,993,0,1,0,994,A
2-PB1,1702,989,0,0,0,989,A
2-PB1,1703,1,956,0,0,957,T
2-PB1,1704,0,0,0,980,980,C
2-PB1,1705,1,1,0,987,989,C
2-PB1,1706,997,0,0,0,997,A
2-PB1,1707,0,0,987,0,987,G
2-PB1,1708,988,0,1,0,989,A
2-PB1,1709,0,0,0,990,990,C
2-PB1,1710,0,0,989,0,989,G
2-PB1,1711,976,0,3,0,979,A
2-PB1,1712,0,1,995,0,996,G
2-PB1,1713,987,0,0,0,987,A
2-PB1,1714,995,0,2,0,997,A
2-PB1,1715,0,2,993,0,995,G
2-PB1,1716,993,0,2,0,995,A
2-PB1,1717,0,981,0,1,982,T
2-PB1,1718,4,0,0,981,985,C
2-PB1,1719,1002,0,0,0,1002,A
2-PB1,1720,0,981,0,0,981,T
2-PB1,1721,0,990,0,0,990,T
2-PB1,1722,1,1,0,995,997,C
2-PB1,1723,0,1,998,0,999,G
2-PB1,1724,988,0,0,0,988,A
2-PB1,1725,0,0,985,0,985,G
2-PB1,1726,985,0,0,1,986,A
2-PB1,1727,0,1026,0,0,1026,T
2-PB1,1728,1047,0,0,0,1047,A
2-PB1,1729,1047,1,0,0,1048,A
2-PB1,1730,1038,1,3,0,1042,A
2-PB1,1731,0,0,1038,0,1038,G
2-PB1,1732,1039,0,1,0,1040,A
2-PB1,1733,1011,0,2,0,1013,A
2-PB1,1734,0,0,1006,0,1006,G
2-PB1,1735,0,0,0,997,997,C
2-PB1,1736,0,981,0,1,982,T
2-PB1,1737,0,0,1018,0,1018,G
2-PB1,1738,1,988,0,1,990,T
2-PB1,1739,0,0,1000,0,1000,G
2-PB1,1740,1,3,995,0,999,G
2-PB1,1741,0,1,995,0,996,G
2-PB1,1742,1013,0,3,0,1016,A
2-PB1,1743,0,983,0,0,983,T
2-PB1,1744,1,0,0,972,973,C
2-PB1,1745,995,0,0,0,995,A
2-PB1,1746,987,0,0,0,987,A
2-PB1,1747,980,0,1,0,981,A
2-PB1,1748,0,0,0,973,973,C
2-PB1,1749,0,1,0,977,978,C
2-PB1,1750,0,0,0,991,991,C
2-PB1,1751,997,0,0,0,997,A
2-PB1,1752,1002,0,0,0,1002,A
2-PB1,1753,0,972,0,0,972,T
2-PB1,1754,0,0,1,995,996,C
2-PB1,1755,1001,0,1,0,1002,A
2-PB1,1756,977,0,1,0,978,A
2-PB1,1757,1,0,982,0,983,G
2-PB1,1758,0,1,949,0,950,G
2-PB1,1759,0,0,946,0,946,G
2-PB1,1760,0,1,0,966,967,C
2-PB1,1761,962,1,2,0,965,A
2-PB1,1762,0,4,974,1,979,G
2-PB1,1763,0,1,979,0,980,G
2-PB1,1764,1001,1,1,0,1003,A
2-PB1,1765,0,0,0,1022,1022,C
2-PB1,1766,0,1001,0,0,1001,T
2-PB1,1767,1057,0,0,0,1057,A
2-PB1,1768,1,1045,0,0,1046,T
2-PB1,1769,0,1053,0,0,1053,T
2-PB1,1770,0,2,1039,1,1042,G
2-PB1,1771,1,0,1047,0,1048,G
2-PB1,1772,0,1024,0,1,1025,T
2-PB1,1773,1047,0,1,0,1048,A
2-PB1,1774,0,1014,0,0,1014,T
2-PB1,1775,0,1,0,1033,1034,C
2-PB1,1776,1031,0,1,0,1032,A
2-PB1,1777,0,0,1057,0,1057,G
2-PB1,1778,1041,0,1,0,1042,A
2-PB1,1779,0,1032,0,0,1032,T
2-PB1,1780,0,2,997,0,999,G
2-PB1,1781,1,2,980,0,983,G
2-PB1,1782,0,1,979,0,980,G
2-PB1,1783,0,1,981,0,982,G
2-PB1,1784,1,1,982,0,984,G
2-PB1,1785,965,0,0,0,965,A
2-PB1,1786,1,0,0,954,955,C
2-PB1,1787,3,0,0,970,973,C
2-PB1,1788,990,0,1,0,991,A
2-PB1,1789,1074,0,0,0,1074,A
2-PB1,1790,1079,0,2,1,1082,A
2-PB1,1791,0,0,0,1124,1124,C
2-PB1,1792,0,1089,0,1,1090,T
2-PB1,1793,0,1095,1,0,1096,T
2-PB1,1794,1113,0,0,0,1113,A
2-PB1,1795,0,1112,0,2,1114,T
2-PB1,1796,1114,0,1,0,1115,A
2-PB1,1797,0,0,0,1121,1121,C
2-PB1,1798,1050,0,0,0,1050,A
2-PB1,1799,1055,0,0,1,1056,A
2-PB1,1800,0,1027,0,0,1027,T
2-PB1,1801,1029,0,0,0,1029,A
2-PB1,1802,0,1029,0,0,1029,T
2-PB1,1803,1,1,0,1023,1025,C
2-PB1,1804,1,1,0,1017,1019,C
2-PB1,1805,0,0,1047,0,1047,G
2-PB1,1806,0,1,1035,0,1036,G
2-PB1,1807,1023,0,0,0,1023,A
2-PB1,1808,1046,0,1,0,1047,A
2-PB1,1809,0,1042,0,0,1042,T
2-PB1,1810,1,0,0,1035,1036,C
2-PB1,1811,0,1045,0,0,1045,T
2-PB1,1812,0,1052,0,1,1053,T
2-PB1,1813,1,0,0,1048,1049,C
2-PB1,1814,1056,0,0,0,1056,A
2-PB1,1815,0,0,0,1056,1056,C
2-PB1,1816,1052,0,2,1,1055,A
2-PB1,1817,0,1098,0,2,1100,T
2-PB1,1818,0,0,0,1095,1095,C
2-PB1,1819,1,0,0,1096,1097,C
2-PB1,1820,1,1,0,1119,1121,C
2-PB1,1821,0,1117,0,1,1118,T
2-PB1,1822,0,1,1139,0,1140,G
2-PB1,1823,1116,0,1,0,1117,A
2-PB1,1824,1102,0,2,0,1104,A
2-PB1,1825,0,0,1132,0,1132,G
2-PB1,1826,0,1018,0,1,1019,T
2-PB1,1827,2,0,0,1041,1043,C
2-PB1,1828,0,1036,0,0,1036,T
2-PB1,1829,0,0,1047,0,1047,G
2-PB1,1830,0,0,0,1044,1044,C
2-PB1,1831,0,1062,0,1,1063,T
2-PB1,1832,0,1056,0,1,1057,T
2-PB1,1833,1069,0,0,0,1069,A
2-PB1,1834,1063,0,0,0,1063,A
2-PB1,1835,1070,0,0,0,1070,A
2-PB1,1836,1039,0,1,0,1040,A
2-PB1,1837,0,1035,0,1,1036,T
2-PB1,1838,1,1,1023,0,1025,G
2-PB1,1839,1,2,1001,0,1004,G
2-PB1,1840,0,0,1001,1,1002,G
2-PB1,1841,1022,0,1,0,1023,A
2-PB1,1842,0,2,1013,0,1015,G
2-PB1,1843,2,0,0,1009,1011,C
2-PB1,1844,0,1027,0,0,1027,T
2-PB1,1845,0,0,1036,0,1036,G
2-PB1,1846,1026,1,0,0,1027,A
2-PB1,1847,0,1036,0,1,1037,T
2-PB1,1848,0,1,1053,0,1054,G
2-PB1,1849,1,1,1037,0,1039,G
2-PB1,1850,1041,0,0,0,1041,A
2-PB1,1851,0,1048,1,2,1051,T
2-PB1,1852,0,3,1055,0,1058,G
2-PB1,1853,1031,1,3,0,1035,A
2-PB1,1854,1,4,1027,0,1032,G
2-PB1,1855,1068,0,2,0,1070,A
2-PB1,1856,1064,0,1,0,1065,A
2-PB1,1857,0,1056,0,0,1056,T
2-PB1,1858,0,1055,0,1,1056,T
2-PB1,1859,1062,0,0,0,1062,A
2-PB1,1860,0,1035,1,0,1036,T
2-PB1,1861,0,0,0,1055,1055,C
2-PB1,1862,0,1,1031,0,1032,G
2-PB1,1863,0,2,1018,0,1020,G
2-PB1,1864,0,0,1020,0,1020,G
2-PB1,1865,1,0,1013,0,1014,G
2-PB1,1866,1040,0,0,0,1040,A
2-PB1,1867,1039,0,3,0,1042,A
2-PB1,1868,1,1,1025,0,1027,G
2-PB1,1869,1012,0,1,0,1013,A
2-PB1,1870,1,0,0,1041,1042,C
2-PB1,1871,0,1038,0,3,1041,T
2-PB1,1872,1,1060,0,2,1063,T
2-PB1,1873,0,1096,0,0,1096,T
2-PB1,1874,1,0,1065,0,1066,G
2-PB1,1875,1,1086,0,0,1087,T
2-PB1,1876,1086,0,2,0,1088,A
2-PB1,1877,1076,0,1,0,1077,A
2-PB1,1878,0,1026,0,0,1026,T
2-PB1,1879,0,1,0,1006,1007,C
2-PB1,1880,1,1,0,1004,1006,C
2-PB1,1881,1,0,0,1002,1003,C
2-PB1,1882,2,0,0,1026,1028,C
2-PB1,1883,0,1029,0,0,1029,T
2-PB1,1884,0,0,1028,0,1028,G
2-PB1,1885,1021,0,0,0,1021,A
2-PB1,1886,1003,0,0,0,1003,A
2-PB1,1887,0,1014,0,0,1014,T
2-PB1,1888,2,0,0,1009,1011,C
2-PB1,1889,1,0,0,1006,1007,C
2-PB1,1890,0,0,1,983,984,C
2-PB1,1891,0,994,0,0,994,T
2-PB1,1892,0,1024,0,1,1025,T
2-PB1,1893,0,1016,0,0,1016,T
2-PB1,1894,0,0,1022,0,1022,G
2-PB1,1895,1,1004,0,0,1005,T
2-PB1,1896,1,0,0,1000,1001,C
2-PB1,1897,996,0,0,0,996,A
2-PB1,1898,0,1,1014,0,1015,G
2-PB1,1899,0,0,0,985,985,C
2-PB1,1900,0,1,0,1006,1007,C
2-PB1,1901,1026,0,0,0,1026,A
2-PB1,1902,0,1038,1,0,1039,T
2-PB1,1903,1028,0,1,1,1030,A
2-PB1,1904,1026,0,0,0,1026,A
2-PB1,1905,1027,0,6,1,1034,A
2-PB1,1906,0,1,1043,0,1044,G
2-PB1,1907,1007,0,0,0,1007,A
2-PB1,1908,1024,1,0,2,1027,A
2-PB1,1909,1022,0,0,0,1022,A
2-PB1,1910,0,995,0,0,995,T
2-PB1,1911,0,999,0,0,999,T
2-PB1,1912,0,0,1019,0,1019,G
2-PB1,1913,999,0,2,0,1001,A
2-PB1,1914,1,0,992,0,993,G
2-PB1,1915,0,987,0,1,988,T
2-PB1,1916,2,0,1,977,980,C
2-PB1,1917,1,1006,0,1,1008,T
2-PB1,1918,1,0,1018,0,1019,G
2-PB1,1919,0,1014,2,0,1016,T
2-PB1,1920,1035,0,1,0,1036,A
2-PB1,1921,1041,0,1,0,1042,A
2-PB1,1922,1027,0,1,0,1028,A
2-PB1,1923,0,2,0,1022,1024,C
2-PB1,1924,1009,0,0,0,1009,A
2-PB1,1925,1030,1,0,0,1031,A
2-PB1,1926,0,1009,0,0,1009,T
2-PB1,1927,0,0,1013,0,1013,G
2-PB1,1928,1,0,1,997,999,C
2-PB1,1929,1,999,1,2,1003,T
2-PB1,1930,0,0,1045,0,1045,G
2-PB1,1931,0,1022,0,1,1023,T
2-PB1,1932,1040,0,1,0,1041,A
2-PB1,1933,1,0,1035,0,1036,G
2-PB1,1934,0,1010,0,0,1010,T
2-PB1,1935,1002,0,2,0,1004,A
2-PB1,1936,982,0,1,0,983,A
2-PB1,1937,0,986,0,1,987,T
2-PB1,1938,0,0,968,0,968,G
2-PB1,1939,0,1,0,951,952,C
2-PB1,1940,1,1,0,937,939,C
2-PB1,1941,923,0,3,0,926,A
2-PB1,1942,1,0,934,0,935,G
2-PB1,1943,0,0,0,951,951,C
2-PB1,1944,2,0,0,938,940,C
2-PB1,1945,1,0,0,963,964,C
2-PB1,1946,944,0,0,1,945,A
2-PB1,1947,0,946,0,3,949,T
2-PB1,1948,0,1,949,0,950,G
2-PB1,1949,0,0,943,0,943,G
2-PB1,1950,0,916,0,4,920,T
2-PB1,1951,1,0,0,907,908,C
2-PB1,1952,3,0,0,894,897,C
2-PB1,1953,1,892,2,1,896,T
2-PB1,1954,1,0,910,0,911,G
2-PB1,1955,2,0,0,884,886,C
2-PB1,1956,3,0,0,906,909,C
2-PB1,1957,923,0,0,0,923,A
2-PB1,1958,895,0,0,0,895,A
2-PB1,1959,900,0,1,0,901,A
2-PB1,1960,894,0,0,0,894,A
2-PB1,1961,1,0,905,0,906,G
2-PB1,1962,0,877,0,0,877,T
2-PB1,1963,911,0,0,0,911,A
2-PB1,1964,0,896,1,0,897,T
2-PB1,1965,0,0,911,0,911,G
2-PB1,1966,0,1,916,0,917,G
2-PB1,1967,914,0,0,0,914,A
2-PB1,1968,930,0,2,0,932,A
2-PB1,1969,0,918,1,1,920,T
2-PB1,1970,926,0,0,0,926,A
2-PB1,1971,0,912,0,2,914,T
2-PB1,1972,0,1,902,0,903,G
2-PB1,1973,906,0,2,0,908,A
2-PB1,1974,0,900,0,1,901,T
2-PB1,1975,0,1,875,0,876,G
2-PB1,1976,1,1,1,866,869,C
2-PB1,1977,0,1,0,849,850,C
2-PB1,1978,2,0,852,0,854,G
2-PB1,1979,0,867,1,1,869,T
2-PB1,1980,0,865,1,2,868,T
2-PB1,1981,1,0,856,0,857,G
2-PB1,1982,1,0,0,884,885,C
2-PB1,1983,896,0,0,0,896,A
2-PB1,1984,906,0,0,0,906,A
2-PB1,1985,1,1,0,892,894,C
2-PB1,1986,1,888,1,1,891,T
2-PB1,1987,880,0,1,0,881,A
2-PB1,1988,1,0,0,885,886,C
2-PB1,1989,890,0,1,0,891,A
2-PB1,1990,1,1,0,879,881,C
2-PB1,1991,840,0,0,0,840,A
2-PB1,1992,0,0,0,923,923,C
2-PB1,1993,0,847,0,1,848,T
2-PB1,1994,2,0,0,890,892,C
2-PB1,1995,0,0,0,902,902,C
2-PB1,1996,0,886,0,0,886,T
2-PB1,1997,0,0,906,0,906,G
2-PB1,1998,1,2,891,0,894,G
2-PB1,1999,883,0,1,0,884,A
2-PB1,2000,0,884,0,1,885,T
2-PB1,2001,0,782,0,1,783,T
2-PB1,2002,0,0,0,775,775,C
2-PB1,2003,2,0,0,782,784,C
2-PB1,2004,1,1,0,803,805,C
2-PB1,2005,815,1,0,0,816,A
2-PB1,2006,799,0,0,0,799,A
2-PB1,2007,0,0,815,1,816,G
2-PB1,2008,800,0,0,0,800,A
2-PB1,2009,0,0,803,0,803,G
2-PB1,2010,0,1,793,0,794,G
2-PB1,2011,793,0,1,0,794,A
2-PB1,2012,797,0,0,0,797,A
2-PB1,2013,0,1,0,778,779,C
2-PB1,2014,1,0,0,782,783,C
2-PB1,2015,1,0,803,0,804,G
2-PB1,2016,0,0,0,792,792,C
2-PB1,2017,0,799,0,0,799,T
2-PB1,2018,2,0,0,792,794,C
2-PB1,2019,0,804,0,0,804,T
2-PB1,2020,871,0,0,0,871,A
2-PB1,2021,0,868,0,0,868,T
2-PB1,2022,1,861,0,1,863,T
2-PB1,2023,0,0,0,871,871,C
2-PB1,2024,1,831,0,0,832,T
2-PB1,2025,832,0,0,1,833,A
2-PB1,2026,828,0,0,0,828,A
2-PB1,2027,816,0,0,0,816,A
2-PB1,2028,0,1,0,811,812,C
2-PB1,2029,774,0,0,0,774,A
2-PB1,2030,0,1,0,775,776,C
2-PB1,2031,764,0,0,0,764,A
2-PB1,2032,772,0,1,0,773,A
2-PB1,2033,0,1,780,0,781,G
2-PB1,2034,0,0,0,773,773,C
2-PB1,2035,0,0,0,791,791,C
2-PB1,2036,780,0,0,0,780,A
2-PB1,2037,762,0,0,0,762,A
2-PB1,2038,767,0,1,0,768,A
2-PB1,2039,0,1,784,0,785,G
2-PB1,2040,0,2,770,0,772,G
2-PB1,2041,1,2,747,0,750,G
2-PB1,2042,0,0,760,0,760,G
2-PB1,2043,765,0,2,0,767,A
2-PB1,2044,769,0,2,0,771,A
2-PB1,2045,0,781,0,0,781,T
2-PB1,2046,0,778,0,0,778,T
2-PB1,2047,3,1,0,775,779,C
2-PB1,2048,0,771,1,0,772,T
2-PB1,2049,0,773,1,0,774,T
2-PB1,2050,0,0,771,0,771,G
2-PB1,2051,771,0,0,0,771,A
2-PB1,2052,0,0,762,0,762,G
2-PB1,2053,0,2,761,0,763,G
2-PB1,2054,768,0,0,0,768,A
2-PB1,2055,0,773,0,0,773,T
2-PB1,2056,0,1,781,0,782,G
2-PB1,2057,776,0,2,0,778,A
2-PB1,2058,781,0,0,0,781,A
2-PB1,2059,1,0,0,790,791,C
2-PB1,2060,785,0,1,0,786,A
2-PB1,2061,0,0,793,0,793,G
2-PB1,2062,789,0,0,0,789,A
2-PB1,2063,1,790,0,1,792,T
2-PB1,2064,0,0,791,0,791,G
2-PB1,2065,0,804,0,1,805,T
2-PB1,2066,800,0,0,1,801,A
2-PB1,2067,0,0,0,795,795,C
2-PB1,2068,0,0,0,806,806,C
2-PB1,2069,801,0,0,0,801,A
2-PB1,2070,0,1,780,0,781,G
2-PB1,2071,774,0,1,0,775,A
2-PB1,2072,774,0,0,0,774,A
2-PB1,2073,0,0,765,0,765,G
2-PB1,2074,0,703,0,0,703,T
2-PB1,2075,0,1,722,0,723,G
2-PB1,2076,0,0,0,713,713,C
2-PB1,2077,0,720,0,1,721,T
2-PB1,2078,0,1,731,0,732,G
2-PB1,2079,0,0,0,714,714,C
2-PB1,2080,726,0,1,0,727,A
2-PB1,2081,721,0,0,0,721,A
2-PB1,2082,0,0,0,720,720,C
2-PB1,2083,0,719,0,1,720,T
2-PB1,2084,0,707,0,0,707,T
2-PB1,2085,0,0,710,0,710,G
2-PB1,2086,0,694,0,0,694,T
2-PB1,2087,0,697,0,0,697,T
2-PB1,2088,3,1,0,696,700,C
2-PB1,2089,0,0,702,0,702,G
2-PB1,2090,709,0,0,0,709,A
2-PB1,2091,0,0,706,0,706,G
2-PB1,2092,707,0,0,0,707,A
2-PB1,2093,702,0,0,0,702,A
2-PB1,2094,692,0,2,0,694,A
2-PB1,2095,0,694,0,0,694,T
2-PB1,2096,0,696,0,0,696,T
2-PB1,2097,0,698,0,0,698,T
2-PB1,2098,0,698,0,1,699,T
2-PB1,2099,0,694,0,1,695,T
2-PB1,2100,0,0,0,690,690,C
2-PB1,2101,1,0,0,685,686,C
2-PB1,2102,2,0,0,703,705,C
2-PB1,2103,0,696,0,0,696,T
2-PB1,2104,701,0,0,0,701,A
2-PB1,2105,0,0,712,0,712,G
2-PB1,2106,0,691,0,1,692,T
2-PB1,2107,710,1,1,0,712,A
2-PB1,2108,0,0,719,0,719,G
2-PB1,2109,0,702,0,2,704,T
2-PB1,2110,0,707,0,0,707,T
2-PB1,2111,0,1,0,709,710,C
2-PB1,2112,746,0,0,0,746,A
2-PB1,2113,1,746,0,0,747,T
2-PB1,2114,740,0,0,0,740,A
2-PB1,2115,0,733,0,1,734,T
2-PB1,2116,717,0,1,0,718,A
2-PB1,2117,0,0,719,0,719,G
2-PB1,2118,2,1,704,0,707,G
2-PB1,2119,618,0,2,0,620,A
2-PB1,2120,0,0,639,0,639,G
2-PB1,2121,595,0,1,0,596,A
2-PB1,2122,0,0,0,601,601,C
2-PB1,2123,1,0,0,587,588,C
2-PB1,2124,0,0,589,0,589,G
2-PB1,2125,575,0,1,0,576,A
2-PB1,2126,0,580,0,0,580,T
2-PB1,2127,0,587,0,0,587,T
2-PB1,2128,0,0,580,0,580,G
2-PB1,2129,0,1,586,0,587,G
2-PB1,2130,581,0,1,0,582,A
2-PB1,2131,579,0,0,0,579,A
2-PB1,2132,0,582,0,1,583,T
2-PB1,2133,0,585,0,1,586,T
2-PB1,2134,0,576,0,1,577,T
2-PB1,2135,2,0,0,580,582,C
2-PB1,2136,0,589,0,0,589,T
2-PB1,2137,587,0,0,0,587,A
2-PB1,2138,0,0,583,0,583,G
2-PB1,2139,0,0,1,564,565,C
2-PB1,2140,576,0,0,0,576,A
2-PB1,2141,0,580,0,0,580,T
2-PB1,2142,1,0,573,0,574,G
2-PB1,2143,0,0,588,0,588,G
2-PB1,2144,0,580,0,0,580,T
2-PB1,2145,0,0,575,0,575,G
2-PB1,2146,1,2,565,0,568,G
2-PB1,2147,553,0,1,0,554,A
2-PB1,2148,0,0,566,0,566,G
2-PB1,2149,0,0,564,0,564,G
2-PB1,2150,1,0,0,504,505,C
2-PB1,2151,1,0,0,542,543,C
2-PB1,2152,510,0,3,0,513,A
2-PB1,2153,0,534,0,0,534,T
2-PB1,2154,0,0,531,0,531,G
2-PB1,2155,0,0,541,0,541,G
2-PB1,2156,0,505,0,0,505,T
2-PB1,2157,0,0,511,0,511,G
2-PB1,2158,0,486,0,0,486,T
2-PB1,2159,1,0,1,480,482,C
2-PB1,2160,0,495,0,0,495,T
2-PB1,2161,507,0,1,0,508,A
2-PB1,2162,0,1,492,0,493,G
2-PB1,2163,0,0,453,0,453,G
2-PB1,2164,0,0,440,0,440,G
2-PB1,2165,1,1,0,423,425,C
2-PB1,2166,1,0,0,402,403,C
2-PB1,2167,0,0,0,413,413,C
2-PB1,2168,0,0,448,0,448,G
2-PB1,2169,0,0,452,0,452,G
2-PB1,2170,442,0,0,0,442,A
2-PB1,2171,0,424,0,0,424,T
2-PB1,2172,0,414,0,0,414,T
2-PB1,2173,0,0,420,0,420,G
2-PB1,2174,411,0,1,0,412,A
2-PB1,2175,0,412,0,1,413,T
2-PB1,2176,0,0,408,0,408,G
2-PB1,2177,0,0,0,395,395,C
2-PB1,2178,1,0,0,408,409,C
2-PB1,2179,408,0,0,0,408,A
2-PB1,2180,0,0,412,0,412,G
2-PB1,2181,409,0,0,0,409,A
2-PB1,2182,399,0,0,0,399,A
2-PB1,2183,0,386,0,0,386,T
2-PB1,2184,0,390,0,0,390,T
2-PB1,2185,0,0,389,0,389,G
2-PB1,2186,374,0,0,0,374,A
2-PB1,2187,0,0,0,393,393,C
2-PB1,2188,0,382,0,1,383,T
2-PB1,2189,0,375,0,0,375,T
2-PB1,2190,0,0,0,383,383,C
2-PB1,2191,1,1,387,0,389,G
2-PB1,2192,382,0,0,0,382,A
2-PB1,2193,0,0,377,0,377,G
2-PB1,2194,0,365,0,1,366,T
2-PB1,2195,0,0,0,377,377,C
2-PB1,2196,0,390,0,1,391,T
2-PB1,2197,0,0,384,0,384,G
2-PB1,2198,0,0,390,0,390,G
2-PB1,2199,378,0,0,0,378,A
2-PB1,2200,356,0,1,0,357,A
2-PB1,2201,0,0,364,0,364,G
2-PB1,2202,0,0,354,0,354,G
2-PB1,2203,368,0,0,0,368,A
2-PB1,2204,0,355,1,0,356,T
2-PB1,2205,0,370,0,0,370,T
2-PB1,2206,362,0,0,0,362,A
2-PB1,2207,355,0,0,0,355,A
2-PB1,2208,0,0,359,0,359,G
2-PB1,2209,348,0,1,0,349,A
2-PB1,2210,334,0,0,0,334,A
2-PB1,2211,0,0,314,0,314,G
2-PB1,2212,1,0,314,0,315,G
2-PB1,2213,313,0,1,0,314,A
2-PB1,2214,307,0,2,0,309,A
2-PB1,2215,0,0,306,0,306,G
2-PB1,2216,296,0,0,0,296,A
2-PB1,2217,0,1,288,0,289,G
2-PB1,2218,0,278,0,0,278,T
2-PB1,2219,0,270,0,0,270,T
2-PB1,2220,1,0,0,275,276,C
2-PB1,2221,0,265,0,0,265,T
2-PB1,2222,1,0,0,269,270,C
2-PB1,2223,0,271,0,0,271,T
2-PB1,2224,0,0,276,0,276,G
2-PB1,2225,268,0,1,0,269,A
2-PB1,2226,0,0,259,0,259,G
2-PB1,2227,252,0,0,0,252,A
2-PB1,2228,0,238,0,0,238,T
2-PB1,2229,0,0,0,223,223,C
2-PB1,2230,226,0,0,0,226,A
2-PB1,2231,0,223,0,0,223,T
2-PB1,2232,0,0,223,0,223,G
2-PB1,2233,218,0,2,0,220,A
2-PB1,2234,221,0,0,0,221,A
2-PB1,2235,0,0,217,0,217,G
2-PB1,2236,208,0,0,0,208,A
2-PB1,2237,0,205,0,0,205,T
2-PB1,2238,0,0,0,208,208,C
2-PB1,2239,0,194,0,0,194,T
2-PB1,2240,0,0,190,0,190,G
2-PB1,2241,0,190,0,1,191,T
2-PB1,2242,0,187,0,0,187,T
2-PB1,2243,0,0,0,189,189,C
2-PB1,2244,1,0,0,181,182,C
2-PB1,2245,170,0,0,0,170,A
2-PB1,2246,1,0,0,179,180,C
2-PB1,2247,0,0,0,172,172,C
2-PB1,2248,169,0,0,0,169,A
2-PB1,2249,0,156,0,0,156,T
2-PB1,2250,0,147,0,1,148,T
2-PB1,2251,0,0,149,0,149,G
2-PB1,2252,147,0,0,0,147,A
2-PB1,2253,144,0,0,0,144,A
2-PB1,2254,0,0,144,0,144,G
2-PB1,2255,126,0,0,0,126,A
2-PB1,2256,126,0,0,0,126,A
2-PB1,2257,0,0,0,123,123,C
2-PB1,2258,0,116,0,0,116,T
2-PB1,2259,0,0,0,115,115,C
2-PB1,2260,111,0,0,0,111,A
2-PB1,2261,0,0,110,0,110,G
2-PB1,2262,113,0,0,0,113,A
2-PB1,2263,0,0,0,104,104,C
2-PB1,2264,0,0,106,0,106,G
2-PB1,2265,0,0,101,0,101,G
2-PB1,2266,0,0,1,99,100,C
2-PB1,2267,102,0,0,0,102,A
2-PB1,2268,102,0,0,0,102,A
2-PB1,2269,103,0,0,0,103,A
2-PB1,2270,103,0,0,0,103,A
2-PB1,2271,102,0,0,0,102,A
2-PB1,2272,0,98,0,0,98,T
2-PB1,2273,96,0,0,0,96,A
2-PB1,2274,98,0,0,0,98,A
3-PA,1,50,0,0,0,50,A
3-PA,2,0,49,0,0,49,T
3-PA,3,0,0,58,0,58,G
3-PA,4,0,0,60,0,60,G
3-PA,5,58,0,0,0,58,A
3-PA,6,58,0,1,0,59,A
3-PA,7,0,0,62,0,62,G
3-PA,8,62,0,0,0,62,A
3-PA,9,0,63,0,0,63,T
3-PA,10,0,65,0,0,65,T
3-PA,11,0,66,0,0,66,T
3-PA,12,0,67,0,0,67,T
3-PA,13,0,0,70,0,70,G
3-PA,14,0,66,0,0,66,T
3-PA,15,0,0,70,0,70,G
3-PA,16,0,1,0,69,70,C
3-PA,17,0,0,71,0,71,G
3-PA,18,80,0,0,0,80,A
3-PA,19,0,0,0,80,80,C
3-PA,20,82,0,0,0,82,A
3-PA,21,81,0,0,0,81,A
3-PA,22,0,84,0,0,84,T
3-PA,23,0,0,88,0,88,G
3-PA,24,0,0,0,93,93,C
3-PA,25,0,93,0,0,93,T
3-PA,26,0,96,0,0,96,T
3-PA,27,0,0,0,96,96,C
3-PA,28,102,0,0,0,102,A
3-PA,29,106,0,0,0,106,A
3-PA,30,0,0,0,111,111,C
3-PA,31,0,0,0,109,109,C
3-PA,32,0,0,0,109,109,C
3-PA,33,0,0,115,0,115,G
3-PA,34,110,0,0,0,110,A
3-PA,35,0,114,0,0,114,T
3-PA,36,0,1,114,0,115,G
3-PA,37,114,0,0,0,114,A
3-PA,38,0,114,0,0,114,T
3-PA,39,0,118,0,0,118,T
3-PA,40,0,0,118,0,118,G
3-PA,41,0,113,0,0,113,T
3-PA,42,0,0,0,120,120,C
3-PA,43,0,0,114,0,114,G
3-PA,44,122,0,0,0,122,A
3-PA,45,122,0,0,0,122,A
3-PA,46,1,0,0,120,121,C
3-PA,47,0,121,0,0,121,T
3-PA,48,0,123,0,0,123,T
3-PA,49,0,0,121,0,121,G
3-PA,50,0,0,0,119,119,C
3-PA,51,125,0,0,0,125,A
3-PA,52,0,0,124,0,124,G
3-PA,53,125,0,0,0,125,A
3-PA,54,125,0,0,0,125,A
3-PA,55,126,0,0,0,126,A
3-PA,56,123,0,0,0,123,A
3-PA,57,128,0,0,0,128,A
3-PA,58,0,0,130,0,130,G
3-PA,59,0,0,0,132,132,C
3-PA,60,136,0,0,0,136,A
3-PA,61,144,0,0,0,144,A
3-PA,62,0,150,0,0,150,T
3-PA,63,0,0,150,0,150,G
3-PA,64,152,0,0,0,152,A
3-PA,65,152,0,0,0,152,A
3-PA,66,152,0,0,0,152,A
3-PA,67,0,0,165,0,165,G
3-PA,68,179,0,0,0,179,A
3-PA,69,0,0,211,0,211,G
3-PA,70,0,196,0,0,196,T
3-PA,71,209,0,0,0,209,A
3-PA,72,0,210,0,0,210,T
3-PA,73,0,1,208,0,209,G
3-PA,74,0,0,214,0,214,G
3-PA,75,0,0,214,0,214,G
3-PA,76,0,0,211,0,211,G
3-PA,77,215,0,0,0,215,A
3-PA,78,0,0,216,0,216,G
3-PA,79,0,0,216,0,216,G
3-PA,80,204,0,0,0,204,A
3-PA,81,0,216,0,0,216,T
3-PA,82,0,0,0,223,223,C
3-PA,83,0,225,0,0,225,T
3-PA,84,0,0,226,0,226,G
3-PA,85,224,0,0,0,224,A
3-PA,86,228,0,0,0,228,A
3-PA,87,225,0,0,0,225,A
3-PA,88,225,0,0,0,225,A
3-PA,89,0,229,0,0,229,T
3-PA,90,0,228,0,0,228,T
3-PA,91,0,0,227,0,227,G
3-PA,92,223,0,0,0,223,A
3-PA,93,223,0,1,0,224,A
3-PA,94,226,0,0,0,226,A
3-PA,95,0,0,0,225,225,C
3-PA,96,229,0,0,0,229,A
3-PA,97,228,0,0,0,228,A
3-PA,98,226,0,2,0,228,A
3-PA,99,0,0,0,228,228,C
3-PA,100,231,0,0,0,231,A
3-PA,101,230,0,0,0,230,A
3-PA,102,232,0,1,0,233,A
3-PA,103,0,236,0,0,236,T
3-PA,104,0,232,0,0,232,T
3-PA,105,0,235,0,0,235,T
3-PA,106,0,0,237,0,237,G
3-PA,107,0,0,0,232,232,C
3-PA,108,236,1,0,0,237,A
3-PA,109,0,0,248,0,248,G
3-PA,110,0,0,0,244,244,C
3-PA,111,269,0,0,0,269,A
3-PA,112,279,0,0,0,279,A
3-PA,113,0,273,0,0,273,T
3-PA,114,286,0,0,0,286,A
3-PA,115,0,282,0,0,282,T
3-PA,116,0,0,288,0,288,G
3-PA,117,0,0,1,287,288,C
3-PA,118,289,0,0,0,289,A
3-PA,119,0,0,0,291,291,C
3-PA,120,0,288,0,1,289,T
3-PA,121,0,0,0,323,323,C
3-PA,122,343,0,0,0,343,A
3-PA,123,0,0,0,350,350,C
3-PA,124,1,341,0,1,343,T
3-PA,125,0,349,0,0,349,T
3-PA,126,0,0,353,0,353,G
3-PA,127,0,0,362,0,362,G
3-PA,128,358,0,0,0,358,A
3-PA,129,0,0,356,0,356,G
3-PA,130,0,0,350,0,350,G
3-PA,131,0,320,0,0,320,T
3-PA,132,0,0,338,0,338,G
3-PA,133,0,341,0,0,341,T
3-PA,134,0,0,347,0,347,G
3-PA,135,1,351,0,2,354,T
3-PA,136,0,355,0,0,355,T
3-PA,137,0,351,0,0,351,T
3-PA,138,0,0,0,351,351,C
3-PA,139,361,0,0,0,361,A
3-PA,140,0,354,0,1,355,T
3-PA,141,0,0,368,0,368,G
3-PA,142,0,355,0,0,355,T
3-PA,143,360,0,0,0,360,A
3-PA,144,0,359,0,0,359,T
3-PA,145,0,362,0,0,362,T
3-PA,146,0,0,0,358,358,C
3-PA,147,361,0,0,0,361,A
3-PA,148,1,1,365,0,367,G
3-PA,149,366,0,0,0,366,A
3-PA,150,0,365,0,0,365,T
3-PA,151,0,362,0,0,362,T
3-PA,152,0,367,0,0,367,T
3-PA,153,0,0,0,351,351,C
3-PA,154,0,0,0,361,361,C
3-PA,155,368,0,1,0,369,A
3-PA,156,0,367,0,1,368,T
3-PA,157,0,360,0,0,360,T
3-PA,158,1,362,0,1,364,T
3-PA,159,0,1,0,368,369,C
3-PA,160,364,0,0,0,364,A
3-PA,161,0,379,0,0,379,T
3-PA,162,1,0,0,375,376,C
3-PA,163,382,0,0,0,382,A
3-PA,164,385,0,0,0,385,A
3-PA,165,0,382,0,0,382,T
3-PA,166,0,1,390,0,391,G
3-PA,167,392,0,0,0,392,A
3-PA,168,393,0,0,0,393,A
3-PA,169,0,0,0,392,392,C
3-PA,170,393,0,1,0,394,A
3-PA,171,388,0,2,0,390,A
3-PA,172,0,0,393,0,393,G
3-PA,173,0,0,390,0,390,G
3-PA,174,0,0,0,382,382,C
3-PA,175,0,0,396,0,396,G
3-PA,176,413,1,0,0,414,A
3-PA,177,416,0,2,0,418,A
3-PA,178,0,414,0,0,414,T
3-PA,179,0,0,0,419,419,C
3-PA,180,427,0,1,0,428,A
3-PA,181,430,0,0,0,430,A
3-PA,182,0,433,0,0,433,T
3-PA,183,429,0,0,0,429,A
3-PA,184,0,0,433,0,433,G
3-PA,185,0,437,0,1,438,T
3-PA,186,0,1,427,0,428,G
3-PA,187,0,0,418,0,418,G
3-PA,188,0,426,0,0,426,T
3-PA,189,433,0,0,0,433,A
3-PA,190,0,0,431,0,431,G
3-PA,191,431,0,0,0,431,A
3-PA,192,432,0,2,0,434,A
3-PA,193,0,1,0,414,415,C
3-PA,194,0,431,0,0,431,T
3-PA,195,0,427,0,0,427,T
3-PA,196,0,0,424,0,424,G
3-PA,197,414,0,1,0,415,A
3-PA,198,0,0,0,419,419,C
3-PA,199,0,0,418,0,418,G
3-PA,200,401,1,0,0,402,A
3-PA,201,0,428,0,0,428,T
3-PA,202,1,0,0,428,429,C
3-PA,203,1,0,0,435,436,C
3-PA,204,443,0,0,0,443,A
3-PA,205,442,0,0,0,442,A
3-PA,206,447,0,0,0,447,A
3-PA,207,0,447,0,0,447,T
3-PA,208,1,0,435,0,436,G
3-PA,209,0,0,0,440,440,C
3-PA,210,442,0,1,0,443,A
3-PA,211,0,0,0,457,457,C
3-PA,212,0,459,0,0,459,T
3-PA,213,0,0,527,0,527,G
3-PA,214,0,523,0,1,524,T
3-PA,215,0,533,0,0,533,T
3-PA,216,537,0,0,0,537,A
3-PA,217,534,0,2,0,536,A
3-PA,218,528,0,1,0,529,A
3-PA,219,0,0,526,0,526,G
3-PA,220,0,0,0,519,519,C
3-PA,221,511,0,1,0,512,A
3-PA,222,0,0,0,513,513,C
3-PA,223,484,0,1,0,485,A
3-PA,224,0,0,496,0,496,G
3-PA,225,496,0,0,0,496,A
3-PA,226,0,497,0,0,497,T
3-PA,227,0,503,0,0,503,T
3-PA,228,0,499,0,0,499,T
3-PA,229,0,0,498,0,498,G
3-PA,230,496,1,0,0,497,A
3-PA,231,506,0,0,0,506,A
3-PA,232,506,1,1,0,508,A
3-PA,233,0,482,0,0,482,T
3-PA,234,490,0,0,0,490,A
3-PA,235,499,0,0,0,499,A
3-PA,236,0,490,0,0,490,T
3-PA,237,0,0,0,495,495,C
3-PA,238,0,0,498,0,498,G
3-PA,239,477,0,0,0,477,A
3-PA,240,1,0,498,0,499,G
3-PA,241,1,1,491,0,493,G
3-PA,242,0,0,500,0,500,G
3-PA,243,0,0,492,0,492,G
3-PA,244,484,0,0,0,484,A
3-PA,245,0,1,489,0,490,G
3-PA,246,497,0,2,0,499,A
3-PA,247,0,0,505,0,505,G
3-PA,248,504,0,1,0,505,A
3-PA,249,0,1,0,508,509,C
3-PA,250,508,0,0,0,508,A
3-PA,251,0,0,511,0,511,G
3-PA,252,508,0,2,0,510,A
3-PA,253,512,0,0,0,512,A
3-PA,254,0,0,0,514,514,C
3-PA,255,502,0,0,0,502,A
3-PA,256,498,0,1,1,500,A
3-PA,257,0,499,0,0,499,T
3-PA,258,0,0,525,0,525,G
3-PA,259,0,0,522,0,522,G
3-PA,260,0,0,0,498,498,C
3-PA,261,1,0,0,524,525,C
3-PA,262,1,512,1,2,516,T
3-PA,263,1,0,520,0,521,G
3-PA,264,0,0,526,0,526,G
3-PA,265,524,0,1,0,525,A
3-PA,266,0,0,0,537,537,C
3-PA,267,511,0,2,0,513,A
3-PA,268,0,1,588,0,589,G
3-PA,269,0,587,0,0,587,T
3-PA,270,600,0,1,0,601,A
3-PA,271,1,0,602,0,603,G
3-PA,272,0,589,0,0,589,T
3-PA,273,600,0,0,0,600,A
3-PA,274,599,0,0,0,599,A
3-PA,275,594,0,0,0,594,A
3-PA,276,0,0,0,600,600,C
3-PA,277,578,0,0,0,578,A
3-PA,278,0,0,583,0,583,G
3-PA,279,0,574,0,0,574,T
3-PA,280,581,0,0,0,581,A
3-PA,281,0,581,0,1,582,T
3-PA,282,0,0,0,579,579,C
3-PA,283,0,594,0,0,594,T
3-PA,284,0,0,586,0,586,G
3-PA,285,0,0,0,586,586,C
3-PA,286,587,0,0,0,587,A
3-PA,287,589,0,1,0,590,A
3-PA,288,1,0,0,576,577,C
3-PA,289,584,0,0,0,584,A
3-PA,290,1,0,0,607,608,C
3-PA,291,0,607,0,0,607,T
3-PA,292,608,0,1,0,609,A
3-PA,293,0,0,0,591,591,C
3-PA,294,0,602,0,0,602,T
3-PA,295,0,0,599,0,599,G
3-PA,296,0,1,595,0,596,G
3-PA,297,587,0,0,0,587,A
3-PA,298,0,0,589,0,589,G
3-PA,299,0,0,0,539,539,C
3-PA,300,0,575,0,1,576,T
3-PA,301,0,0,577,0,577,G
3-PA,302,0,0,564,0,564,G
3-PA,303,1,0,581,0,582,G
3-PA,304,583,0,0,1,584,A
3-PA,305,580,0,1,0,581,A
3-PA,306,589,0,1,0,590,A
3-PA,307,0,0,0,572,572,C
3-PA,308,0,1,0,586,587,C
3-PA,309,0,2,593,0,595,G
3-PA,310,583,0,0,0,583,A
3-PA,311,579,0,1,0,580,A
3-PA,312,0,0,587,0,587,G
3-PA,313,0,550,0,0,550,T
3-PA,314,1,573,0,0,574,T
3-PA,315,0,567,0,0,567,T
3-PA,316,0,0,0,581,581,C
3-PA,317,0,594,0,0,594,T
3-PA,318,585,0,0,0,585,A
3-PA,319,0,1,0,561,562,C
3-PA,320,0,2,0,577,579,C
3-PA,321,587,0,0,0,587,A
3-PA,322,0,0,606,0,606,G
3-PA,323,589,1,1,0,591,A
3-PA,324,0,591,1,0,592,T
3-PA,325,0,595,0,1,596,T
3-PA,326,1,599,0,0,600,T
3-PA,327,0,0,611,0,611,G
3-PA,328,0,585,0,0,585,T
3-PA,329,603,0,0,0,603,A
3-PA,330,0,595,0,0,595,T
3-PA,331,0,0,601,0,601,G
3-PA,332,632,0,0,0,632,A
3-PA,333,0,626,0,0,626,T
3-PA,334,0,637,0,0,637,T
3-PA,335,642,0,0,0,642,A
3-PA,336,0,0,0,647,647,C
3-PA,337,653,0,2,0,655,A
3-PA,338,650,0,1,0,651,A
3-PA,339,0,0,648,0,648,G
3-PA,340,1,0,654,0,655,G
3-PA,341,625,0,0,0,625,A
3-PA,342,0,2,635,0,637,G
3-PA,343,637,0,0,0,637,A
3-PA,344,632,0,2,0,634,A
3-PA,345,0,4,0,627,631,C
3-PA,346,636,0,1,0,637,A
3-PA,347,1,0,633,0,634,G
3-PA,348,627,0,0,0,627,A
3-PA,349,0,626,0,1,627,T
3-PA,350,0,616,0,1,617,T
3-PA,351,1,0,0,621,622,C
3-PA,352,620,0,0,0,620,A
3-PA,353,0,609,0,0,609,T
3-PA,354,0,0,0,612,612,C
3-PA,355,0,1,625,0,626,G
3-PA,356,618,0,0,0,618,A
3-PA,357,612,0,0,0,612,A
3-PA,358,614,0,1,0,615,A
3-PA,359,0,613,0,0,613,T
3-PA,360,0,621,0,1,622,T
3-PA,361,0,0,618,0,618,G
3-PA,362,0,0,611,0,611,G
3-PA,363,0,0,609,0,609,G
3-PA,364,0,1,606,0,607,G
3-PA,365,0,592,0,0,592,T
3-PA,366,0,4,601,0,605,G
3-PA,367,614,0,0,0,614,A
3-PA,368,0,0,0,612,612,C
3-PA,369,634,0,0,0,634,A
3-PA,370,629,0,1,0,630,A
3-PA,371,1,1,620,0,622,G
3-PA,372,0,0,617,0,617,G
3-PA,373,634,0,1,0,635,A
3-PA,374,0,1,634,0,635,G
3-PA,375,626,0,0,0,626,A
3-PA,376,0,0,625,0,625,G
3-PA,377,619,0,1,0,620,A
3-PA,378,617,0,1,1,619,A
3-PA,379,0,0,639,0,639,G
3-PA,380,0,579,0,0,579,T
3-PA,381,1,0,0,608,609,C
3-PA,382,2,0,0,613,615,C
3-PA,383,644,0,0,0,644,A
3-PA,384,1,1,0,658,660,C
3-PA,385,686,0,0,0,686,A
3-PA,386,0,694,0,0,694,T
3-PA,387,726,0,0,0,726,A
3-PA,388,0,693,0,0,693,T
3-PA,389,696,0,1,0,697,A
3-PA,390,0,674,1,2,677,T
3-PA,391,0,683,0,0,683,T
3-PA,392,673,0,0,0,673,A
3-PA,393,0,0,0,695,695,C
3-PA,394,0,0,0,664,664,C
3-PA,395,1,644,0,2,647,T
3-PA,396,0,636,0,1,637,T
3-PA,397,0,1,632,0,633,G
3-PA,398,628,0,0,0,628,A
3-PA,399,0,1,571,0,572,G
3-PA,400,582,0,0,0,582,A
3-PA,401,589,0,1,0,590,A
3-PA,402,0,0,584,0,584,G
3-PA,403,0,0,589,0,589,G
3-PA,404,1,0,0,594,595,C
3-PA,405,0,0,0,586,586,C
3-PA,406,594,0,0,0,594,A
3-PA,407,597,0,0,0,597,A
3-PA,408,0,587,0,0,587,T
3-PA,409,603,0,0,0,603,A
3-PA,410,591,0,0,0,591,A
3-PA,411,0,0,606,0,606,G
3-PA,412,599,0,0,0,599,A
3-PA,413,0,588,0,0,588,T
3-PA,414,0,606,0,0,606,T
3-PA,415,604,0,0,0,604,A
3-PA,416,606,0,0,0,606,A
3-PA,417,598,0,0,0,598,A
3-PA,418,1,585,0,0,586,T
3-PA,419,0,0,0,592,592,C
3-PA,420,0,586,0,0,586,T
3-PA,421,0,0,605,0,605,G
3-PA,422,608,0,0,0,608,A
3-PA,423,0,1,614,0,615,G
3-PA,424,607,0,0,0,607,A
3-PA,425,612,0,1,0,613,A
3-PA,426,0,0,0,615,615,C
3-PA,427,614,0,1,0,615,A
3-PA,428,0,0,0,612,612,C
3-PA,429,617,1,1,0,619,A
3-PA,430,0,0,0,621,621,C
3-PA,431,626,0,1,0,627,A
3-PA,432,2,0,0,633,635,C
3-PA,433,629,0,0,0,629,A
3-PA,434,0,622,0,0,622,T
3-PA,435,0,614,0,0,614,T
3-PA,436,1,1,0,633,635,C
3-PA,437,627,0,2,0,629,A
3-PA,438,1,0,0,633,634,C
3-PA,439,630,0,0,0,630,A
3-PA,440,0,626,0,0,626,T
3-PA,441,0,599,0,0,599,T
3-PA,442,0,600,0,0,600,T
3-PA,443,0,607,0,0,607,T
3-PA,444,0,0,0,612,612,C
3-PA,445,0,609,1,3,613,T
3-PA,446,1,0,0,623,624,C
3-PA,447,614,0,0,0,614,A
3-PA,448,0,605,1,0,606,T
3-PA,449,0,613,1,0,614,T
3-PA,450,0,0,0,626,626,C
3-PA,451,618,0,0,0,618,A
3-PA,452,0,0,0,618,618,C
3-PA,453,0,605,0,3,608,T
3-PA,454,0,0,624,0,624,G
3-PA,455,0,1,612,0,613,G
3-PA,456,596,0,3,0,599,A
3-PA,457,0,0,620,0,620,G
3-PA,458,616,0,1,0,617,A
3-PA,459,0,0,628,0,628,G
3-PA,460,0,0,625,0,625,G
3-PA,461,611,0,0,0,611,A
3-PA,462,614,0,1,0,615,A
3-PA,463,607,0,1,0,608,A
3-PA,464,0,594,0,0,594,T
3-PA,465,0,1,600,1,602,G
3-PA,466,0,0,579,0,579,G
3-PA,467,1,0,0,566,567,C
3-PA,468,0,0,0,594,594,C
3-PA,469,612,0,0,0,612,A
3-PA,470,1,0,0,615,616,C
3-PA,471,619,0,0,0,619,A
3-PA,472,617,1,1,0,619,A
3-PA,473,618,0,1,0,619,A
3-PA,474,0,1,607,0,608,G
3-PA,475,0,1,596,0,597,G
3-PA,476,0,0,0,622,622,C
3-PA,477,611,0,0,0,611,A
3-PA,478,0,0,617,0,617,G
3-PA,479,619,0,0,0,619,A
3-PA,480,1,0,0,637,638,C
3-PA,481,0,634,0,0,634,T
3-PA,482,626,2,0,0,628,A
3-PA,483,0,0,0,644,644,C
3-PA,484,620,1,0,0,621,A
3-PA,485,0,0,0,636,636,C
3-PA,486,0,627,0,2,629,T
3-PA,487,1,0,0,619,620,C
3-PA,488,0,589,1,0,590,T
3-PA,489,0,0,0,617,617,C
3-PA,490,0,0,599,0,599,G
3-PA,491,601,0,0,0,601,A
3-PA,492,0,0,0,597,597,C
3-PA,493,0,0,626,0,626,G
3-PA,494,611,0,1,0,612,A
3-PA,495,0,0,604,0,604,G
3-PA,496,0,0,621,0,621,G
3-PA,497,619,0,0,0,619,A
3-PA,498,622,0,0,0,622,A
3-PA,499,619,0,0,0,619,A
3-PA,500,0,0,615,0,615,G
3-PA,501,0,0,0,604,604,C
3-PA,502,617,0,1,0,618,A
3-PA,503,0,2,628,0,630,G
3-PA,504,0,0,627,0,627,G
3-PA,505,0,0,630,0,630,G
3-PA,506,1,1,0,625,627,C
3-PA,507,0,625,0,0,625,T
3-PA,508,627,0,0,0,627,A
3-PA,509,0,0,647,0,647,G
3-PA,510,0,0,682,0,682,G
3-PA,511,679,0,0,0,679,A
3-PA,512,0,668,0,1,669,T
3-PA,513,0,666,0,0,666,T
3-PA,514,665,0,0,0,665,A
3-PA,515,680,0,1,0,681,A
3-PA,516,0,0,681,0,681,G
3-PA,517,660,0,0,0,660,A
3-PA,518,0,0,0,668,668,C
3-PA,519,1,0,0,633,634,C
3-PA,520,624,0,2,0,626,A
3-PA,521,0,0,627,0,627,G
3-PA,522,0,0,617,0,617,G
3-PA,523,0,0,0,615,615,C
3-PA,524,0,618,0,0,618,T
3-PA,525,0,0,634,0,634,G
3-PA,526,0,634,0,0,634,T
3-PA,527,0,628,0,0,628,T
3-PA,528,0,641,0,0,641,T
3-PA,529,624,1,0,1,626,A
3-PA,530,0,0,0,647,647,C
3-PA,531,1,0,0,643,644,C
3-PA,532,640,0,0,0,640,A
3-PA,533,0,637,0,0,637,T
3-PA,534,614,0,0,0,614,A
3-PA,535,622,0,1,0,623,A
3-PA,536,0,0,621,0,621,G
3-PA,537,610,0,0,0,610,A
3-PA,538,0,0,0,611,611,C
3-PA,539,616,0,0,0,616,A
3-PA,540,613,0,1,0,614,A
3-PA,541,0,0,618,0,618,G
3-PA,542,615,0,1,0,616,A
3-PA,543,623,0,1,0,624,A
3-PA,544,615,0,1,0,616,A
3-PA,545,0,572,0,0,572,T
3-PA,546,0,2,595,0,597,G
3-PA,547,0,0,599,0,599,G
3-PA,548,0,1,0,587,588,C
3-PA,549,1,2,0,596,599,C
3-PA,550,602,0,0,0,602,A
3-PA,551,607,1,0,0,608,A
3-PA,552,0,1,0,586,587,C
3-PA,553,618,0,0,0,618,A
3-PA,554,1,0,600,0,601,G
3-PA,555,603,0,0,0,603,A
3-PA,556,0,0,599,1,600,G
3-PA,557,0,1,595,0,596,G
3-PA,558,0,2,0,565,567,C
3-PA,559,1,0,0,592,593,C
3-PA,560,0,617,0,0,617,T
3-PA,561,610,0,0,0,610,A
3-PA,562,0,611,0,1,612,T
3-PA,563,0,2,606,0,608,G
3-PA,564,0,1,596,0,597,G
3-PA,565,0,0,597,0,597,G
3-PA,566,586,0,0,0,586,A
3-PA,567,0,560,1,2,563,T
3-PA,568,0,554,0,1,555,T
3-PA,569,1,0,0,600,601,C
3-PA,570,0,0,0,613,613,C
3-PA,571,0,626,0,0,626,T
3-PA,572,0,613,0,0,613,T
3-PA,573,0,618,0,0,618,T
3-PA,574,2,0,0,611,613,C
3-PA,575,0,0,600,0,600,G
3-PA,576,0,590,0,0,590,T
3-PA,577,0,0,1,600,601,C
3-PA,578,590,0,2,0,592,A
3-PA,579,0,0,635,0,635,G
3-PA,580,1,614,0,0,615,T
3-PA,581,1,0,0,625,626,C
3-PA,582,1,0,0,618,619,C
3-PA,583,0,0,647,0,647,G
3-PA,584,633,0,2,0,635,A
3-PA,585,644,0,0,0,644,A
3-PA,586,639,0,3,0,642,A
3-PA,587,0,0,647,0,647,G
3-PA,588,617,0,2,0,619,A
3-PA,589,0,1,635,0,636,G
3-PA,590,1,0,631,0,632,G
3-PA,591,0,1,0,629,630,C
3-PA,592,0,0,646,0,646,G
3-PA,593,635,0,1,0,636,A
3-PA,594,643,0,0,0,643,A
3-PA,595,1,0,634,0,635,G
3-PA,596,641,0,0,0,641,A
3-PA,597,644,0,0,0,644,A
3-PA,598,636,0,1,0,637,A
3-PA,599,0,0,0,652,652,C
3-PA,600,645,0,0,1,646,A
3-PA,601,651,0,0,0,651,A
3-PA,602,0,649,0,0,649,T
3-PA,603,0,653,0,2,655,T
3-PA,604,0,2,652,0,654,G
3-PA,605,655,0,0,0,655,A
3-PA,606,648,0,0,0,648,A
3-PA,607,1,0,655,0,656,G
3-PA,608,651,0,1,0,652,A
3-PA,609,653,0,0,0,653,A
3-PA,610,645,0,1,0,646,A
3-PA,611,646,0,1,0,647,A
3-PA,612,644,0,0,0,644,A
3-PA,613,0,644,0,0,644,T
3-PA,614,0,655,0,0,655,T
3-PA,615,0,649,0,1,650,T
3-PA,616,0,1,649,0,650,G
3-PA,617,649,0,0,0,649,A
3-PA,618,655,0,0,0,655,A
3-PA,619,646,0,1,0,647,A
3-PA,620,0,650,0,3,653,T
3-PA,621,1,0,0,712,713,C
3-PA,622,712,0,0,0,712,A
3-PA,623,0,1,0,726,727,C
3-PA,624,721,1,1,0,723,A
3-PA,625,1,0,735,0,736,G
3-PA,626,1,0,737,0,738,G
3-PA,627,763,0,0,0,763,A
3-PA,628,777,0,0,0,777,A
3-PA,629,0,0,0,789,789,C
3-PA,630,0,753,0,0,753,T
3-PA,631,825,0,0,0,825,A
3-PA,632,0,801,0,0,801,T
3-PA,633,0,0,837,0,837,G
3-PA,634,0,0,0,839,839,C
3-PA,635,0,0,818,0,818,G
3-PA,636,0,790,0,1,791,T
3-PA,637,803,0,2,0,805,A
3-PA,638,0,0,801,0,801,G
3-PA,639,1,0,784,0,785,G
3-PA,640,0,0,0,751,751,C
3-PA,641,0,764,0,0,764,T
3-PA,642,0,770,0,0,770,T
3-PA,643,0,0,743,0,743,G
3-PA,644,1,0,0,751,752,C
3-PA,645,1,3,0,754,758,C
3-PA,646,1,2,763,0,766,G
3-PA,647,771,1,0,0,772,A
3-PA,648,0,0,0,782,782,C
3-PA,649,2,1,0,766,769,C
3-PA,650,788,0,0,0,788,A
3-PA,651,788,0,1,0,789,A
3-PA,652,774,0,6,0,780,A
3-PA,653,0,0,777,0,777,G
3-PA,654,0,741,0,0,741,T
3-PA,655,2,0,0,760,762,C
3-PA,656,0,774,0,1,775,T
3-PA,657,1,1,0,760,762,C
3-PA,658,0,0,0,765,765,C
3-PA,659,1,1,0,777,779,C
3-PA,660,780,0,3,0,783,A
3-PA,661,0,0,0,789,789,C
3-PA,662,1,1,0,788,790,C
3-PA,663,0,1,797,0,798,G
3-PA,664,803,0,0,0,803,A
3-PA,665,791,0,0,0,791,A
3-PA,666,0,0,0,816,816,C
3-PA,667,0,782,0,1,783,T
3-PA,668,0,787,0,1,788,T
3-PA,669,0,0,0,821,821,C
3-PA,670,0,786,0,2,788,T
3-PA,671,1,1,0,836,838,C
3-PA,672,0,3,0,830,833,C
3-PA,673,0,809,0,1,810,T
3-PA,674,1,0,820,0,821,G
3-PA,675,2,0,0,805,807,C
3-PA,676,2,0,0,815,817,C
3-PA,677,0,810,0,1,811,T
3-PA,678,0,824,0,0,824,T
3-PA,679,0,1,824,0,825,G
3-PA,680,815,0,0,0,815,A
3-PA,681,0,0,834,0,834,G
3-PA,682,820,0,1,0,821,A
3-PA,683,831,0,0,0,831,A
3-PA,684,0,842,1,0,843,T
3-PA,685,0,839,0,1,840,T
3-PA,686,1,847,0,0,848,T
3-PA,687,0,847,0,0,847,T
3-PA,688,851,1,1,0,853,A
3-PA,689,0,0,857,0,857,G
3-PA,690,819,0,2,0,821,A
3-PA,691,0,0,852,0,852,G
3-PA,692,0,0,0,842,842,C
3-PA,693,1,0,0,869,870,C
3-PA,694,0,883,0,0,883,T
3-PA,695,905,0,0,1,906,A
3-PA,696,0,913,0,0,913,T
3-PA,697,0,0,922,0,922,G
3-PA,698,0,905,0,0,905,T
3-PA,699,0,0,920,0,920,G
3-PA,700,0,0,887,0,887,G
3-PA,701,875,0,0,0,875,A
3-PA,702,0,864,0,1,865,T
3-PA,703,0,0,857,0,857,G
3-PA,704,0,0,859,0,859,G
3-PA,705,850,0,0,0,850,A
3-PA,706,0,867,0,1,868,T
3-PA,707,0,852,0,1,853,T
3-PA,708,0,1,0,862,863,C
3-PA,709,1,1,850,0,852,G
3-PA,710,856,0,0,0,856,A
3-PA,711,865,0,0,0,865,A
3-PA,712,0,0,0,864,864,C
3-PA,713,0,0,0,838,838,C
3-PA,714,0,2,843,0,845,G
3-PA,715,829,0,0,0,829,A
3-PA,716,841,0,0,0,841,A
3-PA,717,0,0,0,860,860,C
3-PA,718,0,1,840,0,841,G
3-PA,719,0,1,856,0,857,G
3-PA,720,0,0,0,873,873,C
3-PA,721,0,872,0,2,874,T
3-PA,722,0,0,898,0,898,G
3-PA,723,0,1,0,914,915,C
3-PA,724,918,0,0,1,919,A
3-PA,725,0,911,0,1,912,T
3-PA,726,0,909,0,0,909,T
3-PA,727,0,0,890,0,890,G
3-PA,728,855,0,0,0,855,A
3-PA,729,0,1,861,0,862,G
3-PA,730,0,1,872,0,873,G
3-PA,731,0,1,861,0,862,G
3-PA,732,1,0,0,873,874,C
3-PA,733,873,0,0,0,873,A
3-PA,734,866,0,2,0,868,A
3-PA,735,1,1,868,0,870,G
3-PA,736,0,0,0,878,878,C
3-PA,737,0,881,0,3,884,T
3-PA,738,0,896,0,1,897,T
3-PA,739,0,886,0,2,888,T
3-PA,740,0,1,0,878,879,C
3-PA,741,0,877,0,2,879,T
3-PA,742,1,0,0,879,880,C
3-PA,743,902,0,1,0,903,A
3-PA,744,901,0,0,0,901,A
3-PA,745,872,0,0,0,872,A
3-PA,746,1,869,0,0,870,T
3-PA,747,0,0,895,0,895,G
3-PA,748,1,873,0,0,874,T
3-PA,749,1,0,0,899,900,C
3-PA,750,0,0,0,916,916,C
3-PA,751,911,0,2,0,913,A
3-PA,752,917,0,0,0,917,A
3-PA,753,923,0,0,0,923,A
3-PA,754,1,0,918,0,919,G
3-PA,755,913,0,2,0,915,A
3-PA,756,884,0,0,0,884,A
3-PA,757,0,0,870,0,870,G
3-PA,758,0,847,0,0,847,T
3-PA,759,0,2,876,0,878,G
3-PA,760,862,0,1,0,863,A
3-PA,761,867,0,1,0,868,A
3-PA,762,0,851,0,0,851,T
3-PA,763,0,0,852,0,852,G
3-PA,764,0,3,0,843,846,C
3-PA,765,0,0,0,861,861,C
3-PA,766,2,0,0,857,859,C
3-PA,767,867,0,0,0,867,A
3-PA,768,873,0,0,0,873,A
3-PA,769,868,0,0,0,868,A
3-PA,770,0,873,0,1,874,T
3-PA,771,0,885,0,0,885,T
3-PA,772,0,0,879,0,879,G
3-PA,773,868,0,0,0,868,A
3-PA,774,829,0,2,0,831,A
3-PA,775,0,0,0,855,855,C
3-PA,776,0,0,1,866,867,C
3-PA,777,0,844,1,1,846,T
3-PA,778,0,867,0,1,868,T
3-PA,779,0,884,0,1,885,T
3-PA,780,0,902,0,0,902,T
3-PA,781,0,1,0,912,913,C
3-PA,782,0,910,0,0,910,T
3-PA,783,0,0,909,0,909,G
3-PA,784,898,0,0,1,899,A
3-PA,785,913,0,1,0,914,A
3-PA,786,0,1,906,0,907,G
3-PA,787,891,0,0,0,891,A
3-PA,788,0,0,0,893,893,C
3-PA,789,885,0,1,0,886,A
3-PA,790,892,0,0,0,892,A
3-PA,791,0,0,0,1017,1017,C
3-PA,792,998,1,2,0,1001,A
3-PA,793,0,1,0,1022,1023,C
3-PA,794,3,0,0,1015,1018,C
3-PA,795,1020,0,1,0,1021,A
3-PA,796,1016,0,1,0,1017,A
3-PA,797,0,4,995,0,999,G
3-PA,798,1011,0,1,0,1012,A
3-PA,799,0,2,0,989,991,C
3-PA,800,1,1,0,940,942,C
3-PA,801,953,0,0,0,953,A
3-PA,802,945,0,0,0,945,A
3-PA,803,0,943,0,0,943,T
3-PA,804,0,0,0,954,954,C
3-PA,805,945,0,0,0,945,A
3-PA,806,944,0,0,0,944,A
3-PA,807,918,0,0,0,918,A
3-PA,808,0,0,0,955,955,C
3-PA,809,0,928,0,2,930,T
3-PA,810,0,901,0,1,902,T
3-PA,811,0,0,0,947,947,C
3-PA,812,0,1,0,962,963,C
3-PA,813,0,0,969,0,969,G
3-PA,814,968,0,1,0,969,A
3-PA,815,975,0,1,0,976,A
3-PA,816,1,959,0,0,960,T
3-PA,817,0,0,951,0,951,G
3-PA,818,0,1,939,0,940,G
3-PA,819,926,1,0,0,927,A
3-PA,820,0,0,0,954,954,C
3-PA,821,0,1,0,943,944,C
3-PA,822,1,948,0,1,950,T
3-PA,823,0,0,0,977,977,C
3-PA,824,1,1,0,1009,1011,C
3-PA,825,0,1000,0,1,1001,T
3-PA,826,0,1018,0,0,1018,T
3-PA,827,1,0,1039,0,1040,G
3-PA,828,0,1024,0,3,1027,T
3-PA,829,0,1028,0,1,1029,T
3-PA,830,1019,0,2,0,1021,A
3-PA,831,0,991,0,0,991,T
3-PA,832,0,0,0,978,978,C
3-PA,833,959,0,0,0,959,A
3-PA,834,0,0,931,0,931,G
3-PA,835,0,0,0,937,937,C
3-PA,836,0,1,902,0,903,G
3-PA,837,0,0,909,0,909,G
3-PA,838,0,886,0,0,886,T
3-PA,839,2,1,0,926,929,C
3-PA,840,2,0,2,935,939,C
3-PA,841,935,0,1,0,936,A
3-PA,842,950,1,0,1,952,A
3-PA,843,957,0,0,0,957,A
3-PA,844,0,922,0,2,924,T
3-PA,845,0,928,0,0,928,T
3-PA,846,0,0,0,918,918,C
3-PA,847,2,0,0,916,918,C
3-PA,848,0,885,0,1,886,T
3-PA,849,1,0,0,909,910,C
3-PA,850,0,0,0,915,915,C
3-PA,851,1,909,1,2,913,T
3-PA,852,0,0,945,0,945,G
3-PA,853,914,0,0,0,914,A
3-PA,854,0,933,0,0,933,T
3-PA,855,0,1,931,0,932,G
3-PA,856,1,1,909,0,911,G
3-PA,857,908,0,1,0,909,A
3-PA,858,0,894,0,0,894,T
3-PA,859,0,0,904,0,904,G
3-PA,860,0,0,0,947,947,C
3-PA,861,1,943,0,4,948,T
3-PA,862,0,954,0,1,955,T
3-PA,863,0,959,1,1,961,T
3-PA,864,957,1,0,0,958,A
3-PA,865,954,0,1,0,955,A
3-PA,866,960,0,1,0,961,A
3-PA,867,958,0,1,0,959,A
3-PA,868,1,953,0,0,954,T
3-PA,869,0,885,0,0,885,T
3-PA,870,0,2,875,0,877,G
3-PA,871,875,0,0,0,875,A
3-PA,872,0,1,859,1,861,G
3-PA,873,0,0,1,878,879,C
3-PA,874,893,0,0,0,893,A
3-PA,875,0,903,0,0,903,T
3-PA,876,0,910,0,0,910,T
3-PA,877,1,1,902,0,904,G
3-PA,878,906,0,0,0,906,A
3-PA,879,889,0,3,0,892,A
3-PA,880,0,2,887,0,889,G
3-PA,881,861,0,1,0,862,A
3-PA,882,0,0,0,873,873,C
3-PA,883,2,0,0,851,853,C
3-PA,884,2,0,0,850,852,C
3-PA,885,870,0,0,0,870,A
3-PA,886,864,0,0,0,864,A
3-PA,887,0,0,859,0,859,G
3-PA,888,1,838,1,0,840,T
3-PA,889,0,0,0,855,855,C
3-PA,890,858,0,0,0,858,A
3-PA,891,0,0,0,862,862,C
3-PA,892,1,1,861,0,863,G
3-PA,893,872,0,0,0,872,A
3-PA,894,878,0,1,0,879,A
3-PA,895,1,1,902,0,904,G
3-PA,896,0,0,903,0,903,G
3-PA,897,901,0,1,0,902,A
3-PA,898,0,1,901,0,902,G
3-PA,899,895,0,1,0,896,A
3-PA,900,899,0,1,0,900,A
3-PA,901,0,2,882,0,884,G
3-PA,902,0,0,862,0,862,G
3-PA,903,0,0,886,0,886,G
3-PA,904,831,0,3,0,834,A
3-PA,905,0,836,0,1,837,T
3-PA,906,0,0,0,841,841,C
3-PA,907,1,2,0,935,938,C
3-PA,908,1,0,0,964,965,C
3-PA,909,981,0,0,0,981,A
3-PA,910,0,991,0,1,992,T
3-PA,911,0,1002,0,0,1002,T
3-PA,912,1040,0,0,0,1040,A
3-PA,913,0,1034,0,0,1034,T
3-PA,914,1027,0,1,0,1028,A
3-PA,915,0,1023,0,1,1024,T
3-PA,916,1,0,914,0,915,G
3-PA,917,903,0,0,0,903,A
3-PA,918,0,912,0,0,912,T
3-PA,919,0,0,910,0,910,G
3-PA,920,1,0,0,879,880,C
3-PA,921,1,1,890,0,892,G
3-PA,922,905,0,0,0,905,A
3-PA,923,0,900,0,2,902,T
3-PA,924,1,0,0,909,910,C
3-PA,925,909,0,1,0,910,A
3-PA,926,904,0,1,0,905,A
3-PA,927,0,0,898,0,898,G
3-PA,928,0,865,0,0,865,T
3-PA,929,0,1,890,0,891,G
3-PA,930,2,1,0,903,906,C
3-PA,931,904,0,0,0,904,A
3-PA,932,0,909,0,0,909,T
3-PA,933,916,0,0,0,916,A
3-PA,934,926,0,1,0,927,A
3-PA,935,932,0,1,0,933,A
3-PA,936,930,0,1,1,932,A
3-PA,937,920,0,1,0,921,A
3-PA,938,0,0,0,927,927,C
3-PA,939,917,0,0,0,917,A
3-PA,940,0,916,0,0,916,T
3-PA,941,0,895,0,0,895,T
3-PA,942,0,0,0,914,914,C
3-PA,943,0,927,0,0,927,T
3-PA,944,1,906,0,0,907,T
3-PA,945,0,906,0,0,906,T
3-PA,946,0,2,918,0,920,G
3-PA,947,0,0,916,0,916,G
3-PA,948,907,0,2,0,909,A
3-PA,949,0,901,0,0,901,T
3-PA,950,0,0,928,0,928,G
3-PA,951,0,0,933,0,933,G
3-PA,952,948,0,2,0,950,A
3-PA,953,952,0,0,0,952,A
3-PA,954,951,0,1,0,952,A
3-PA,955,0,2,939,0,941,G
3-PA,956,944,0,0,0,944,A
3-PA,957,1039,0,0,0,1039,A
3-PA,958,0,0,0,1059,1059,C
3-PA,959,0,0,0,1060,1060,C
3-PA,960,0,1052,0,0,1052,T
3-PA,961,0,1070,0,0,1070,T
3-PA,962,1088,1,1,0,1090,A
3-PA,963,0,1065,0,0,1065,T
3-PA,964,1066,0,0,0,1066,A
3-PA,965,0,1080,0,0,1080,T
3-PA,966,1021,0,1,0,1022,A
3-PA,967,0,0,1021,1,1022,G
3-PA,968,0,1010,0,1,1011,T
3-PA,969,1,1,0,1007,1009,C
3-PA,970,1015,0,1,0,1016,A
3-PA,971,1001,0,0,0,1001,A
3-PA,972,1009,0,5,1,1015,A
3-PA,973,0,0,0,1006,1006,C
3-PA,974,1,0,0,994,995,C
3-PA,975,992,1,0,0,993,A
3-PA,976,0,1,0,987,988,C
3-PA,977,1007,0,0,0,1007,A
3-PA,978,0,1,0,987,988,C
3-PA,979,0,0,1010,0,1010,G
3-PA,980,991,0,0,0,991,A
3-PA,981,998,0,1,0,999,A
3-PA,982,1003,0,0,0,1003,A
3-PA,983,989,1,4,0,994,A
3-PA,984,0,1,1007,0,1008,G
3-PA,985,0,1,992,0,993,G
3-PA,986,0,1,986,0,987,G
3-PA,987,1012,0,0,0,1012,A
3-PA,988,1012,0,0,0,1012,A
3-PA,989,0,1017,0,0,1017,T
3-PA,990,1022,0,0,0,1022,A
3-PA,991,1013,0,0,0,1013,A
3-PA,992,1019,0,0,0,1019,A
3-PA,993,0,997,0,0,997,T
3-PA,994,0,1004,0,0,1004,T
3-PA,995,4,0,0,1002,1006,C
3-PA,996,1021,0,0,0,1021,A
3-PA,997,1027,0,0,0,1027,A
3-PA,998,1032,0,1,0,1033,A
3-PA,999,0,1016,0,0,1016,T
3-PA,1000,0,1021,0,0,1021,T
3-PA,1001,1017,1,0,0,1018,A
3-PA,1002,2,1,0,1015,1018,C
3-PA,1003,0,0,0,1011,1011,C
3-PA,1004,1,993,0,2,996,T
3-PA,1005,0,0,1004,0,1004,G
3-PA,1006,0,0,0,1008,1008,C
3-PA,1007,1,1018,0,1,1020,T
3-PA,1008,0,0,1052,0,1052,G
3-PA,1009,0,1032,0,0,1032,T
3-PA,1010,0,0,0,1044,1044,C
3-PA,1011,1060,0,2,0,1062,A
3-PA,1012,0,1058,0,1,1059,T
3-PA,1013,0,0,1059,0,1059,G
3-PA,1014,1,0,1044,0,1045,G
3-PA,1015,1045,0,3,1,1049,A
3-PA,1016,1077,0,3,0,1080,A
3-PA,1017,0,0,1053,0,1053,G
3-PA,1018,0,0,0,1072,1072,C
3-PA,1019,1064,0,1,0,1065,A
3-PA,1020,1074,0,2,0,1076,A
3-PA,1021,0,1,1054,0,1055,G
3-PA,1022,0,1054,0,1,1055,T
3-PA,1023,1072,0,0,0,1072,A
3-PA,1024,0,0,0,1054,1054,C
3-PA,1025,0,1028,0,0,1028,T
3-PA,1026,1,0,1071,0,1072,G
3-PA,1027,1,1029,0,3,1033,T
3-PA,1028,1,0,0,1057,1058,C
3-PA,1029,1073,0,0,0,1073,A
3-PA,1030,1,2,1051,0,1054,G
3-PA,1031,1073,0,0,0,1073,A
3-PA,1032,1084,0,0,0,1084,A
3-PA,1033,0,1046,0,0,1046,T
3-PA,1034,0,1038,0,0,1038,T
3-PA,1035,0,0,1032,0,1032,G
3-PA,1036,0,0,0,1036,1036,C
3-PA,1037,1056,1,3,0,1060,A
3-PA,1038,0,0,1044,0,1044,G
3-PA,1039,1,0,988,0,989,G
3-PA,1040,1040,0,0,0,1040,A
3-PA,1041,0,0,0,1020,1020,C
3-PA,1042,2,0,1014,0,1016,G
3-PA,1043,1,996,0,1,998,T
3-PA,1044,0,1036,0,0,1036,T
3-PA,1045,0,1,1066,0,1067,G
3-PA,1046,1050,0,0,0,1050,A
3-PA,1047,1071,0,2,0,1073,A
3-PA,1048,1052,0,2,1,1055,A
3-PA,1049,1055,0,0,0,1055,A
3-PA,1050,0,1061,0,0,1061,T
3-PA,1051,1,0,1066,0,1067,G
3-PA,1052,1054,1,0,0,1055,A
3-PA,1053,0,0,1067,0,1067,G
3-PA,1054,0,1,1059,0,1060,G
3-PA,1055,1054,1,1,0,1056,A
3-PA,1056,0,0,1075,0,1075,G
3-PA,1057,1066,0,0,0,1066,A
3-PA,1058,1076,0,1,0,1077,A
3-PA,1059,0,1,1069,0,1070,G
3-PA,1060,0,0,1067,0,1067,G
3-PA,1061,0,1020,0,1,1021,T
3-PA,1062,0,1049,0,1,1050,T
3-PA,1063,1,0,0,1072,1073,C
3-PA,1064,1,0,0,1087,1088,C
3-PA,1065,1097,0,0,0,1097,A
3-PA,1066,1085,0,0,1,1086,A
3-PA,1067,1,1,1090,0,1092,G
3-PA,1068,0,1,1105,0,1106,G
3-PA,1069,1083,0,2,0,1085,A
3-PA,1070,0,0,0,1114,1114,C
3-PA,1071,0,1115,0,0,1115,T
3-PA,1072,1119,0,0,0,1119,A
3-PA,1073,1118,0,0,0,1118,A
3-PA,1074,1124,0,0,0,1124,A
3-PA,1075,1116,0,0,0,1116,A
3-PA,1076,1115,1,0,0,1116,A
3-PA,1077,0,0,0,1112,1112,C
3-PA,1078,1110,0,0,0,1110,A
3-PA,1079,0,1090,0,0,1090,T
3-PA,1080,0,1,1118,0,1119,G
3-PA,1081,1093,0,1,0,1094,A
3-PA,1082,1111,0,3,0,1114,A
3-PA,1083,1,0,1116,1,1118,G
3-PA,1084,1122,0,0,0,1122,A
3-PA,1085,1120,0,1,0,1121,A
3-PA,1086,1113,0,1,0,1114,A
3-PA,1087,1088,0,2,1,1091,A
3-PA,1088,0,0,0,1102,1102,C
3-PA,1089,1,0,1105,0,1106,G
3-PA,1090,1104,0,1,0,1105,A
3-PA,1091,0,0,1077,0,1077,G
3-PA,1092,0,1052,2,4,1058,T
3-PA,1093,3,0,0,1097,1100,C
3-PA,1094,1118,0,0,0,1118,A
3-PA,1095,1118,1,1,0,1120,A
3-PA,1096,1,0,0,1098,1099,C
3-PA,1097,0,1101,1,1,1103,T
3-PA,1098,0,0,1121,0,1121,G
3-PA,1099,1132,0,0,0,1132,A
3-PA,1100,1126,0,1,0,1127,A
3-PA,1101,1,0,1128,0,1129,G
3-PA,1102,0,1036,0,1,1037,T
3-PA,1103,0,4,1049,0,1053,G
3-PA,1104,0,1,1064,0,1065,G
3-PA,1105,1,0,1071,0,1072,G
3-PA,1106,1,0,0,1056,1057,C
3-PA,1107,0,1068,0,0,1068,T
3-PA,1108,1,0,0,1067,1068,C
3-PA,1109,0,1046,0,0,1046,T
3-PA,1110,0,1076,0,1,1077,T
3-PA,1111,0,0,1138,0,1138,G
3-PA,1112,0,0,1138,0,1138,G
3-PA,1113,0,1090,0,2,1092,T
3-PA,1114,1,0,1134,0,1135,G
3-PA,1115,1128,0,1,0,1129,A
3-PA,1116,1134,0,1,0,1135,A
3-PA,1117,1145,0,0,0,1145,A
3-PA,1118,1147,0,0,0,1147,A
3-PA,1119,0,1,0,1143,1144,C
3-PA,1120,1129,0,0,0,1129,A
3-PA,1121,0,1101,1,2,1104,T
3-PA,1122,1,0,1103,0,1104,G
3-PA,1123,0,0,1091,0,1091,G
3-PA,1124,0,0,0,1072,1072,C
3-PA,1125,1116,0,1,1,1118,A
3-PA,1126,1,3,0,1087,1091,C
3-PA,1127,2,1,0,1122,1125,C
3-PA,1128,1171,0,2,0,1173,A
3-PA,1129,0,1,1188,0,1189,G
3-PA,1130,1178,0,2,0,1180,A
3-PA,1131,0,0,1205,0,1205,G
3-PA,1132,1187,0,1,0,1188,A
3-PA,1133,1205,0,1,0,1206,A
3-PA,1134,1,2,1191,0,1194,G
3-PA,1135,0,0,1173,0,1173,G
3-PA,1136,0,1064,1,0,1065,T
3-PA,1137,1175,0,2,0,1177,A
3-PA,1138,0,3,1157,0,1160,G
3-PA,1139,1162,0,3,0,1165,A
3-PA,1140,0,2,0,1149,1151,C
3-PA,1141,0,1139,1,0,1140,T
3-PA,1142,0,1124,1,0,1125,T
3-PA,1143,0,1157,0,1,1158,T
3-PA,1144,0,0,1173,0,1173,G
3-PA,1145,1156,0,3,0,1159,A
3-PA,1146,1160,0,1,0,1161,A
3-PA,1147,1164,0,1,0,1165,A
3-PA,1148,1158,0,0,0,1158,A
3-PA,1149,1,1,0,1173,1175,C
3-PA,1150,0,1153,0,0,1153,T
3-PA,1151,0,0,1186,0,1186,G
3-PA,1152,0,0,0,1184,1184,C
3-PA,1153,1190,0,0,0,1190,A
3-PA,1154,0,0,1182,0,1182,G
3-PA,1155,1194,0,0,0,1194,A
3-PA,1156,0,0,1222,0,1222,G
3-PA,1157,1243,0,1,0,1244,A
3-PA,1158,0,1,0,1206,1207,C
3-PA,1159,1241,0,1,0,1242,A
3-PA,1160,0,1197,0,1,1198,T
3-PA,1161,1221,0,1,0,1222,A
3-PA,1162,1194,0,5,0,1199,A
3-PA,1163,1,2,1213,0,1216,G
3-PA,1164,0,0,0,1191,1191,C
3-PA,1165,0,1,1190,0,1191,G
3-PA,1166,1221,1,0,0,1222,A
3-PA,1167,0,1205,0,1,1206,T
3-PA,1168,0,1227,0,0,1227,T
3-PA,1169,0,1219,0,0,1219,T
3-PA,1170,0,0,1222,0,1222,G
3-PA,1171,1223,0,1,0,1224,A
3-PA,1172,1219,1,0,0,1220,A
3-PA,1173,0,0,1219,0,1219,G
3-PA,1174,0,0,1,1225,1226,C
3-PA,1175,1237,1,0,0,1238,A
3-PA,1176,1311,0,0,0,1311,A
3-PA,1177,0,1298,0,1,1299,T
3-PA,1178,1318,0,1,0,1319,A
3-PA,1179,0,1306,0,1,1307,T
3-PA,1180,0,2,1323,0,1325,G
3-PA,1181,1341,1,3,0,1345,A
3-PA,1182,0,1318,1,0,1319,T
3-PA,1183,1307,0,1,0,1308,A
3-PA,1184,3,1,1274,0,1278,G
3-PA,1185,0,1206,0,5,1211,T
3-PA,1186,0,0,1227,0,1227,G
3-PA,1187,1219,0,1,0,1220,A
3-PA,1188,0,1,0,1214,1215,C
3-PA,1189,2,1,1210,0,1213,G
3-PA,1190,1205,0,0,0,1205,A
3-PA,1191,1201,0,1,0,1202,A
3-PA,1192,0,0,1,1176,1177,C
3-PA,1193,0,0,0,1214,1214,C
3-PA,1194,0,1220,0,1,1221,T
3-PA,1195,0,0,1258,0,1258,G
3-PA,1196,1252,0,0,0,1252,A
3-PA,1197,1237,0,0,0,1237,A
3-PA,1198,0,1245,0,0,1245,T
3-PA,1199,0,1247,1,0,1248,T
3-PA,1200,1257,1,0,0,1258,A
3-PA,1201,1232,0,3,0,1235,A
3-PA,1202,0,0,1250,0,1250,G
3-PA,1203,1,0,1197,0,1198,G
3-PA,1204,0,1152,1,0,1153,T
3-PA,1205,3,0,0,1162,1165,C
3-PA,1206,1153,1,3,0,1157,A
3-PA,1207,0,0,0,1236,1236,C
3-PA,1208,0,1247,0,2,1249,T
3-PA,1209,0,1225,1,1,1227,T
3-PA,1210,0,1231,0,1,1232,T
3-PA,1211,2,0,0,1236,1238,C
3-PA,1212,1224,0,0,0,1224,A
3-PA,1213,1234,0,1,0,1235,A
3-PA,1214,2,0,1252,0,1254,G
3-PA,1215,0,0,0,1216,1216,C
3-PA,1216,0,1236,0,0,1236,T
3-PA,1217,1,1,1239,0,1241,G
3-PA,1218,0,0,1233,0,1233,G
3-PA,1219,1235,0,4,0,1239,A
3-PA,1220,0,1263,0,2,1265,T
3-PA,1221,1282,0,1,0,1283,A
3-PA,1222,0,1,0,1279,1280,C
3-PA,1223,1265,0,0,0,1265,A
3-PA,1224,0,3,1292,0,1295,G
3-PA,1225,1287,0,1,0,1288,A
3-PA,1226,1251,0,0,0,1251,A
3-PA,1227,0,1207,0,0,1207,T
3-PA,1228,1,1,1245,0,1247,G
3-PA,1229,1230,0,1,0,1231,A
3-PA,1230,1,0,1242,0,1243,G
3-PA,1231,0,1213,0,1,1214,T
3-PA,1232,0,1206,0,0,1206,T
3-PA,1233,1,2,0,1222,1225,C
3-PA,1234,1262,0,1,0,1263,A
3-PA,1235,1258,0,2,0,1260,A
3-PA,1236,0,0,0,1255,1255,C
3-PA,1237,1226,1,0,0,1227,A
3-PA,1238,1235,0,1,0,1236,A
3-PA,1239,0,0,1203,0,1203,G
3-PA,1240,0,1,1189,0,1190,G
3-PA,1241,0,0,0,1170,1170,C
3-PA,1242,0,0,0,1196,1196,C
3-PA,1243,0,1179,0,0,1179,T
3-PA,1244,0,0,1238,1,1239,G
3-PA,1245,0,1189,1,1,1191,T
3-PA,1246,0,1,1250,0,1251,G
3-PA,1247,1240,0,5,0,1245,A
3-PA,1248,0,0,1254,0,1254,G
3-PA,1249,0,0,0,1200,1200,C
3-PA,1250,0,1219,0,1,1220,T
3-PA,1251,1245,0,1,0,1246,A
3-PA,1252,1235,0,0,0,1235,A
3-PA,1253,0,0,1,1262,1263,C
3-PA,1254,1,1247,0,0,1248,T
3-PA,1255,0,2,1260,0,1262,G
3-PA,1256,1216,0,1,0,1217,A
3-PA,1257,0,1222,0,1,1223,T
3-PA,1258,0,1247,0,1,1248,T
3-PA,1259,0,0,0,1263,1263,C
3-PA,1260,1286,0,2,0,1288,A
3-PA,1261,1,0,1288,0,1289,G
3-PA,1262,1,1276,0,1,1278,T
3-PA,1263,3,0,0,1279,1282,C
3-PA,1264,0,1279,1,1,1281,T
3-PA,1265,0,1,1329,0,1330,G
3-PA,1266,0,2,1337,0,1339,G
3-PA,1267,1331,0,0,0,1331,A
3-PA,1268,0,1322,0,0,1322,T
3-PA,1269,1270,0,1,0,1271,A
3-PA,1270,0,1,1235,0,1236,G
3-PA,1271,1243,0,3,0,1246,A
3-PA,1272,0,0,1237,0,1237,G
3-PA,1273,0,0,0,1191,1191,C
3-PA,1274,0,1176,0,0,1176,T
3-PA,1275,0,1,1,1199,1201,C
3-PA,1276,2,0,1214,0,1216,G
3-PA,1277,1204,0,1,0,1205,A
3-PA,1278,0,1219,1,0,1220,T
3-PA,1279,0,3,1212,0,1215,G
3-PA,1280,1243,0,2,0,1245,A
3-PA,1281,1238,0,4,0,1242,A
3-PA,1282,1247,0,1,0,1248,A
3-PA,1283,0,1200,0,0,1200,T
3-PA,1284,0,1215,0,0,1215,T
3-PA,1285,0,0,1251,0,1251,G
3-PA,1286,0,1,1245,0,1246,G
3-PA,1287,1239,0,2,0,1241,A
3-PA,1288,0,1,1235,0,1236,G
3-PA,1289,1234,0,0,0,1234,A
3-PA,1290,0,0,1218,0,1218,G
3-PA,1291,0,0,1203,0,1203,G
3-PA,1292,1251,1,2,0,1254,A
3-PA,1293,0,2,0,1220,1222,C
3-PA,1294,3,0,1235,0,1238,G
3-PA,1295,0,1239,0,0,1239,T
3-PA,1296,1233,0,1,0,1234,A
3-PA,1297,0,0,1222,0,1222,G
3-PA,1298,0,0,0,1227,1227,C
3-PA,1299,0,0,0,1161,1161,C
3-PA,1300,0,0,0,1176,1176,C
3-PA,1301,0,0,0,1255,1255,C
3-PA,1302,1266,0,1,0,1267,A
3-PA,1303,1304,2,0,0,1306,A
3-PA,1304,0,1284,0,0,1284,T
3-PA,1305,0,1295,0,0,1295,T
3-PA,1306,0,1,1310,0,1311,G
3-PA,1307,1258,0,2,0,1260,A
3-PA,1308,1,1,1282,0,1284,G
3-PA,1309,0,0,0,1264,1264,C
3-PA,1310,1271,1,0,0,1272,A
3-PA,1311,1,1,0,1308,1310,C
3-PA,1312,1283,0,0,0,1283,A
3-PA,1313,0,1331,1,1,1333,T
3-PA,1314,0,1338,0,0,1338,T
3-PA,1315,0,0,1336,0,1336,G
3-PA,1316,0,1,0,1306,1307,C
3-PA,1317,1341,0,0,0,1341,A
3-PA,1318,1338,0,1,0,1339,A
3-PA,1319,0,0,1340,0,1340,G
3-PA,1320,1,1,0,1290,1292,C
3-PA,1321,1316,0,1,0,1317,A
3-PA,1322,0,1283,0,0,1283,T
3-PA,1323,0,2,1285,0,1287,G
3-PA,1324,1288,0,1,0,1289,A
3-PA,1325,0,0,1300,0,1300,G
3-PA,1326,1294,0,1,0,1295,A
3-PA,1327,1302,0,1,0,1303,A
3-PA,1328,1,0,1260,0,1261,G
3-PA,1329,0,1,1260,0,1261,G
3-PA,1330,1294,0,3,0,1297,A
3-PA,1331,1296,0,0,0,1296,A
3-PA,1332,0,1284,0,1,1285,T
3-PA,1333,0,1270,0,0,1270,T
3-PA,1334,1291,0,0,0,1291,A
3-PA,1335,0,1270,1,0,1271,T
3-PA,1336,0,1262,2,1,1265,T
3-PA,1337,0,1284,0,0,1284,T
3-PA,1338,0,0,0,1262,1262,C
3-PA,1339,1293,0,3,0,1296,A
3-PA,1340,1,1,1,1290,1293,C
3-PA,1341,1285,0,3,0,1288,A
3-PA,1342,1,0,1308,0,1309,G
3-PA,1343,2,0,0,1276,1278,C
3-PA,1344,1298,0,0,0,1298,A
3-PA,1345,0,1,1315,1,1317,G
3-PA,1346,1284,0,3,0,1287,A
3-PA,1347,0,0,1282,0,1282,G
3-PA,1348,0,0,1261,0,1261,G
3-PA,1349,0,1215,0,1,1216,T
3-PA,1350,0,0,1257,0,1257,G
3-PA,1351,0,1188,0,2,1190,T
3-PA,1352,1,0,0,1209,1210,C
3-PA,1353,3,1,0,1240,1244,C
3-PA,1354,0,0,0,1233,1233,C
3-PA,1355,1271,0,1,0,1272,A
3-PA,1356,0,1264,0,1,1265,T
3-PA,1357,0,1277,0,0,1277,T
3-PA,1358,0,0,1277,0,1277,G
3-PA,1359,0,1255,0,3,1258,T
3-PA,1360,1218,0,2,0,1220,A
3-PA,1361,0,0,1214,0,1214,G
3-PA,1362,1159,0,3,0,1162,A
3-PA,1363,0,1,1170,0,1171,G
3-PA,1364,1,0,0,1145,1146,C
3-PA,1365,1,1,0,1131,1133,C
3-PA,1366,1163,0,3,1,1167,A
3-PA,1367,0,0,0,1164,1164,C
3-PA,1368,0,1153,0,0,1153,T
3-PA,1369,0,0,1171,0,1171,G
3-PA,1370,1173,0,1,0,1174,A
3-PA,1371,1136,0,0,0,1136,A
3-PA,1372,0,1187,0,1,1188,T
3-PA,1373,1199,1,0,0,1200,A
3-PA,1374,1,1,0,1212,1214,C
3-PA,1375,1183,0,4,0,1187,A
3-PA,1376,0,1177,0,2,1179,T
3-PA,1377,1176,0,1,0,1177,A
3-PA,1378,1192,0,0,0,1192,A
3-PA,1379,0,1163,0,0,1163,T
3-PA,1380,1,0,1165,0,1166,G
3-PA,1381,1140,0,0,0,1140,A
3-PA,1382,1107,0,0,0,1107,A
3-PA,1383,0,0,1128,0,1128,G
3-PA,1384,0,0,1109,0,1109,G
3-PA,1385,1,1,1111,0,1113,G
3-PA,1386,0,0,1105,0,1105,G
3-PA,1387,0,0,1120,0,1120,G
3-PA,1388,0,1092,0,1,1093,T
3-PA,1389,1113,0,0,0,1113,A
3-PA,1390,0,1122,0,1,1123,T
3-PA,1391,1149,0,2,0,1151,A
3-PA,1392,0,1,0,1288,1289,C
3-PA,1393,1239,0,0,0,1239,A
3-PA,1394,0,1220,0,1,1221,T
3-PA,1395,0,1205,1,1,1207,T
3-PA,1396,1188,0,0,0,1188,A
3-PA,1397,1225,0,0,0,1225,A
3-PA,1398,0,1,0,1218,1219,C
3-PA,1399,1182,0,0,0,1182,A
3-PA,1400,0,0,0,1205,1205,C
3-PA,1401,0,1110,0,2,1112,T
3-PA,1402,1,0,1166,0,1167,G
3-PA,1403,0,0,0,1137,1137,C
3-PA,1404,3,0,0,1126,1129,C
3-PA,1405,0,1,0,1154,1155,C
3-PA,1406,1,1151,0,2,1154,T
3-PA,1407,2,0,1167,0,1169,G
3-PA,1408,1,1,0,1175,1177,C
3-PA,1409,2,1158,0,0,1160,T
3-PA,1410,1,0,0,1231,1232,C
3-PA,1411,1203,0,0,0,1203,A
3-PA,1412,1214,0,1,0,1215,A
3-PA,1413,0,1201,0,1,1202,T
3-PA,1414,1,1,1206,0,1208,G
3-PA,1415,0,0,0,1184,1184,C
3-PA,1416,1209,0,0,0,1209,A
3-PA,1417,0,1189,0,2,1191,T
3-PA,1418,2,0,1,1184,1187,C
3-PA,1419,0,0,0,1208,1208,C
3-PA,1420,0,1157,0,2,1159,T
3-PA,1421,0,0,1202,0,1202,G
3-PA,1422,0,1182,0,1,1183,T
3-PA,1423,1,0,1197,0,1198,G
3-PA,1424,0,1,0,1197,1198,C
3-PA,1425,1192,0,2,0,1194,A
3-PA,1426,2,0,1194,0,1196,G
3-PA,1427,0,0,0,1196,1196,C
3-PA,1428,1197,0,0,0,1197,A
3-PA,1429,1177,0,0,0,1177,A
3-PA,1430,0,1151,0,2,1153,T
3-PA,1431,0,1,1161,0,1162,G
3-PA,1432,0,1,1130,0,1131,G
3-PA,1433,1151,0,5,0,1156,A
3-PA,1434,1,1,0,1125,1127,C
3-PA,1435,0,0,1156,0,1156,G
3-PA,1436,1160,1,0,0,1161,A
3-PA,1437,0,1153,0,0,1153,T
3-PA,1438,0,1165,0,0,1165,T
3-PA,1439,0,1166,0,2,1168,T
3-PA,1440,0,1157,0,2,1159,T
3-PA,1441,1,0,0,1172,1173,C
3-PA,1442,1176,0,2,0,1178,A
3-PA,1443,1187,0,2,0,1189,A
3-PA,1444,1,0,0,1197,1198,C
3-PA,1445,0,1182,0,0,1182,T
3-PA,1446,1175,0,0,0,1175,A
3-PA,1447,1165,0,0,0,1165,A
3-PA,1448,0,1172,0,2,1174,T
3-PA,1449,0,1157,0,1,1158,T
3-PA,1450,0,0,0,1178,1178,C
3-PA,1451,0,0,0,1189,1189,C
3-PA,1452,1,0,0,1193,1194,C
3-PA,1453,1200,0,0,0,1200,A
3-PA,1454,0,1205,0,3,1208,T
3-PA,1455,0,1,1215,0,1216,G
3-PA,1456,1213,0,2,0,1215,A
3-PA,1457,0,1217,0,0,1217,T
3-PA,1458,1219,0,0,0,1219,A
3-PA,1459,1215,0,1,0,1216,A
3-PA,1460,0,0,1200,0,1200,G
3-PA,1461,1,0,0,1207,1208,C
3-PA,1462,1219,0,0,0,1219,A
3-PA,1463,1181,0,2,0,1183,A
3-PA,1464,0,0,1209,0,1209,G
3-PA,1465,1,1188,0,0,1189,T
3-PA,1466,0,1,1196,0,1197,G
3-PA,1467,0,1,0,1197,1198,C
3-PA,1468,1209,1,1,0,1211,A
3-PA,1469,0,0,1225,0,1225,G
3-PA,1470,1227,0,0,0,1227,A
3-PA,1471,1244,0,0,0,1244,A
3-PA,1472,0,0,0,1243,1243,C
3-PA,1473,1,1213,0,0,1214,T
3-PA,1474,1237,0,0,0,1237,A
3-PA,1475,1230,0,0,0,1230,A
3-PA,1476,1212,0,1,0,1213,A
3-PA,1477,1,0,1235,0,1236,G
3-PA,1478,1189,0,0,0,1189,A
3-PA,1479,1,1,1174,0,1176,G
3-PA,1480,0,0,1160,0,1160,G
3-PA,1481,1,0,1162,0,1163,G
3-PA,1482,1158,0,2,0,1160,A
3-PA,1483,1140,1,1,0,1142,A
3-PA,1484,0,1,1145,0,1146,G
3-PA,1485,0,0,1122,0,1122,G
3-PA,1486,0,0,0,1140,1140,C
3-PA,1487,0,2,1139,0,1141,G
3-PA,1488,1158,0,0,0,1158,A
3-PA,1489,1153,0,1,0,1154,A
3-PA,1490,1163,0,0,0,1163,A
3-PA,1491,1156,0,0,0,1156,A
3-PA,1492,1158,0,1,0,1159,A
3-PA,1493,0,0,0,1148,1148,C
3-PA,1494,0,0,0,1164,1164,C
3-PA,1495,1166,0,0,0,1166,A
3-PA,1496,1161,0,0,0,1161,A
3-PA,1497,0,1160,0,0,1160,T
3-PA,1498,0,1146,0,0,1146,T
3-PA,1499,0,1167,0,0,1167,T
3-PA,1500,1181,0,0,0,1181,A
3-PA,1501,0,1181,0,0,1181,T
3-PA,1502,1173,0,2,0,1175,A
3-PA,1503,0,1159,0,2,1161,T
3-PA,1504,0,1,1160,0,1161,G
3-PA,1505,0,1,1153,1,1155,G
3-PA,1506,1148,0,0,0,1148,A
3-PA,1507,0,1140,0,0,1140,T
3-PA,1508,1,1132,0,1,1134,T
3-PA,1509,0,1,0,1142,1143,C
3-PA,1510,1159,0,1,0,1160,A
3-PA,1511,1,1160,0,1,1162,T
3-PA,1512,1,0,0,1167,1168,C
3-PA,1513,1175,0,2,0,1177,A
3-PA,1514,0,1170,0,0,1170,T
3-PA,1515,1164,0,0,1,1165,A
3-PA,1516,1153,0,2,1,1156,A
3-PA,1517,1153,0,1,0,1154,A
3-PA,1518,0,0,1170,0,1170,G
3-PA,1519,0,0,1142,0,1142,G
3-PA,1520,0,1,1126,0,1127,G
3-PA,1521,1118,0,2,0,1120,A
3-PA,1522,1108,0,3,0,1111,A
3-PA,1523,0,0,1103,0,1103,G
3-PA,1524,1104,0,2,0,1106,A
3-PA,1525,0,1088,0,1,1089,T
3-PA,1526,1,0,0,1090,1091,C
3-PA,1527,0,1051,0,1,1052,T
3-PA,1528,0,0,0,1097,1097,C
3-PA,1529,1106,0,0,0,1106,A
3-PA,1530,0,1101,0,0,1101,T
3-PA,1531,0,1109,0,0,1109,T
3-PA,1532,0,1100,0,0,1100,T
3-PA,1533,1090,0,0,0,1090,A
3-PA,1534,1085,0,1,0,1086,A
3-PA,1535,1,1,1080,0,1082,G
3-PA,1536,0,0,1088,1,1089,G
3-PA,1537,1033,0,0,0,1033,A
3-PA,1538,1036,0,2,0,1038,A
3-PA,1539,0,1031,0,3,1034,T
3-PA,1540,0,2,1040,0,1042,G
3-PA,1541,1077,1,2,0,1080,A
3-PA,1542,0,1,0,1084,1085,C
3-PA,1543,1069,0,0,0,1069,A
3-PA,1544,0,0,0,1074,1074,C
3-PA,1545,1045,0,1,0,1046,A
3-PA,1546,0,0,1061,0,1061,G
3-PA,1547,1047,0,0,0,1047,A
3-PA,1548,1,0,0,1032,1033,C
3-PA,1549,0,1,1030,0,1031,G
3-PA,1550,0,947,0,0,947,T
3-PA,1551,0,0,958,0,958,G
3-PA,1552,0,1,957,0,958,G
3-PA,1553,0,962,0,1,963,T
3-PA,1554,973,0,0,0,973,A
3-PA,1555,943,0,0,0,943,A
3-PA,1556,946,0,1,0,947,A
3-PA,1557,0,933,0,2,935,T
3-PA,1558,0,910,0,0,910,T
3-PA,1559,0,919,0,1,920,T
3-PA,1560,0,913,0,0,913,T
3-PA,1561,0,0,910,0,910,G
3-PA,1562,0,897,0,0,897,T
3-PA,1563,0,0,895,0,895,G
3-PA,1564,907,0,1,0,908,A
3-PA,1565,0,0,900,0,900,G
3-PA,1566,0,0,0,889,889,C
3-PA,1567,901,0,0,0,901,A
3-PA,1568,0,892,0,0,892,T
3-PA,1569,1,0,906,0,907,G
3-PA,1570,0,1,914,0,915,G
3-PA,1571,911,0,0,0,911,A
3-PA,1572,0,0,922,0,922,G
3-PA,1573,0,891,1,1,893,T
3-PA,1574,0,878,0,0,878,T
3-PA,1575,0,902,0,1,903,T
3-PA,1576,0,903,0,1,904,T
3-PA,1577,2,0,0,898,900,C
3-PA,1578,0,891,0,2,893,T
3-PA,1579,0,1,0,892,893,C
3-PA,1580,0,861,0,2,863,T
3-PA,1581,1,0,0,867,868,C
3-PA,1582,850,0,0,0,850,A
3-PA,1583,0,0,0,874,874,C
3-PA,1584,0,838,0,1,839,T
3-PA,1585,0,0,842,0,842,G
3-PA,1586,826,0,0,0,826,A
3-PA,1587,0,0,0,839,839,C
3-PA,1588,1,0,0,815,816,C
3-PA,1589,0,0,1,813,814,C
3-PA,1590,1,1,827,0,829,G
3-PA,1591,820,0,2,0,822,A
3-PA,1592,0,2,831,0,833,G
3-PA,1593,819,0,3,0,822,A
3-PA,1594,0,0,0,794,794,C
3-PA,1595,0,789,0,0,789,T
3-PA,1596,1,740,0,2,743,T
3-PA,1597,0,1,757,0,758,G
3-PA,1598,749,0,1,0,750,A
3-PA,1599,0,1,742,0,743,G
3-PA,1600,0,1,0,726,727,C
3-PA,1601,2,2,0,721,725,C
3-PA,1602,731,2,0,0,733,A
3-PA,1603,0,0,0,743,743,C
3-PA,1604,747,0,1,0,748,A
3-PA,1605,0,748,0,0,748,T
3-PA,1606,744,0,0,0,744,A
3-PA,1607,742,0,1,0,743,A
3-PA,1608,736,0,0,0,736,A
3-PA,1609,0,722,1,0,723,T
3-PA,1610,0,1,730,0,731,G
3-PA,1611,0,0,678,0,678,G
3-PA,1612,0,0,684,0,684,G
3-PA,1613,673,0,0,0,673,A
3-PA,1614,1,1,673,0,675,G
3-PA,1615,664,0,0,0,664,A
3-PA,1616,663,0,0,0,663,A
3-PA,1617,662,0,1,0,663,A
3-PA,1618,0,670,0,0,670,T
3-PA,1619,653,0,1,0,654,A
3-PA,1620,1,0,0,668,669,C
3-PA,1621,0,562,0,2,564,T
3-PA,1622,1,0,570,0,571,G
3-PA,1623,0,486,0,2,488,T
3-PA,1624,1,0,493,0,494,G
3-PA,1625,0,482,0,0,482,T
3-PA,1626,1,1,0,455,457,C
3-PA,1627,1,0,0,464,465,C
3-PA,1628,0,466,1,0,467,T
3-PA,1629,0,474,0,0,474,T
3-PA,1630,0,0,475,0,475,G
3-PA,1631,467,0,0,0,467,A
3-PA,1632,0,3,472,0,475,G
3-PA,1633,462,0,0,0,462,A
3-PA,1634,1,447,0,0,448,T
3-PA,1635,452,0,0,0,452,A
3-PA,1636,0,0,468,0,468,G
3-PA,1637,0,0,467,0,467,G
3-PA,1638,453,0,1,0,454,A
3-PA,1639,0,0,454,0,454,G
3-PA,1640,445,0,1,0,446,A
3-PA,1641,0,454,0,0,454,T
3-PA,1642,458,0,0,0,458,A
3-PA,1643,0,470,0,0,470,T
3-PA,1644,0,0,464,0,464,G
3-PA,1645,0,467,0,0,467,T
3-PA,1646,0,476,0,2,478,T
3-PA,1647,495,0,0,0,495,A
3-PA,1648,0,1,0,488,489,C
3-PA,1649,0,481,0,0,481,T
3-PA,1650,491,0,0,0,491,A
3-PA,1651,487,0,1,0,488,A
3-PA,1652,0,0,493,0,493,G
3-PA,1653,481,0,0,0,481,A
3-PA,1654,479,0,0,0,479,A
3-PA,1655,0,0,472,0,472,G
3-PA,1656,0,440,0,0,440,T
3-PA,1657,0,0,464,0,464,G
3-PA,1658,0,0,0,466,466,C
3-PA,1659,2,1,0,464,467,C
3-PA,1660,483,1,0,0,484,A
3-PA,1661,0,475,0,0,475,T
3-PA,1662,477,0,0,0,477,A
3-PA,1663,0,0,476,0,476,G
3-PA,1664,1,0,469,0,470,G
3-PA,1665,1,0,0,456,457,C
3-PA,1666,0,0,0,464,464,C
3-PA,1667,465,0,0,0,465,A
3-PA,1668,468,0,0,0,468,A
3-PA,1669,476,0,0,0,476,A
3-PA,1670,0,468,0,0,468,T
3-PA,1671,2,455,0,0,457,T
3-PA,1672,0,452,0,0,452,T
3-PA,1673,1,1,0,469,471,C
3-PA,1674,473,0,0,0,473,A
3-PA,1675,471,0,1,0,472,A
3-PA,1676,0,1,475,0,476,G
3-PA,1677,1,0,452,0,453,G
3-PA,1678,0,0,0,437,437,C
3-PA,1679,0,0,0,456,456,C
3-PA,1680,479,0,0,0,479,A
3-PA,1681,488,0,0,0,488,A
3-PA,1682,0,480,0,0,480,T
3-PA,1683,0,1,500,0,501,G
3-PA,1684,0,491,0,1,492,T
3-PA,1685,0,523,0,0,523,T
3-PA,1686,0,0,0,537,537,C
3-PA,1687,0,546,0,0,546,T
3-PA,1688,0,535,0,0,535,T
3-PA,1689,516,0,0,0,516,A
3-PA,1690,0,514,0,0,514,T
3-PA,1691,527,0,0,0,527,A
3-PA,1692,0,523,0,1,524,T
3-PA,1693,0,0,524,0,524,G
3-PA,1694,0,503,0,0,503,T
3-PA,1695,0,1,503,0,504,G
3-PA,1696,497,0,0,0,497,A
3-PA,1697,0,1,503,0,504,G
3-PA,1698,1,0,498,0,499,G
3-PA,1699,493,0,0,0,493,A
3-PA,1700,1,0,0,500,501,C
3-PA,1701,508,0,0,0,508,A
3-PA,1702,503,0,0,0,503,A
3-PA,1703,500,0,0,0,500,A
3-PA,1704,0,0,0,513,513,C
3-PA,1705,0,0,512,0,512,G
3-PA,1706,0,0,518,0,518,G
3-PA,1707,502,0,1,0,503,A
3-PA,1708,503,0,3,0,506,A
3-PA,1709,0,0,0,516,516,C
3-PA,1710,513,0,0,0,513,A
3-PA,1711,0,514,0,1,515,T
3-PA,1712,3,0,0,510,513,C
3-PA,1713,510,0,0,0,510,A
3-PA,1714,508,0,0,0,508,A
3-PA,1715,492,0,2,0,494,A
3-PA,1716,0,0,507,0,507,G
3-PA,1717,0,0,506,0,506,G
3-PA,1718,1,465,0,2,468,T
3-PA,1719,0,0,0,512,512,C
3-PA,1720,518,0,0,0,518,A
3-PA,1721,511,0,0,0,511,A
3-PA,1722,518,0,2,0,520,A
3-PA,1723,521,0,0,0,521,A
3-PA,1724,0,526,0,1,527,T
3-PA,1725,0,1,528,0,529,G
3-PA,1726,529,0,0,0,529,A
3-PA,1727,531,0,0,0,531,A
3-PA,1728,525,0,3,1,529,A
3-PA,1729,0,531,0,0,531,T
3-PA,1730,0,0,534,0,534,G
3-PA,1731,1,3,530,0,534,G
3-PA,1732,1,0,525,0,526,G
3-PA,1733,0,0,532,0,532,G
3-PA,1734,532,0,0,0,532,A
3-PA,1735,534,0,1,0,535,A
3-PA,1736,0,545,0,0,545,T
3-PA,1737,0,1,552,0,553,G
3-PA,1738,0,1,550,0,551,G
3-PA,1739,543,0,0,0,543,A
3-PA,1740,0,1,553,0,554,G
3-PA,1741,550,0,2,0,552,A
3-PA,1742,0,544,0,0,544,T
3-PA,1743,0,1,547,0,548,G
3-PA,1744,548,0,0,0,548,A
3-PA,1745,0,0,547,0,547,G
3-PA,1746,548,0,1,0,549,A
3-PA,1747,0,0,0,540,540,C
3-PA,1748,0,0,541,0,541,G
3-PA,1749,0,519,0,0,519,T
3-PA,1750,0,524,0,1,525,T
3-PA,1751,0,0,532,0,532,G
3-PA,1752,0,0,0,531,531,C
3-PA,1753,0,0,0,536,536,C
3-PA,1754,0,541,0,0,541,T
3-PA,1755,0,0,0,545,545,C
3-PA,1756,0,0,0,548,548,C
3-PA,1757,0,541,0,0,541,T
3-PA,1758,0,563,0,0,563,T
3-PA,1759,0,0,0,557,557,C
3-PA,1760,556,0,1,0,557,A
3-PA,1761,0,0,554,0,554,G
3-PA,1762,1,543,0,2,546,T
3-PA,1763,4,0,0,536,540,C
3-PA,1764,545,0,0,0,545,A
3-PA,1765,0,0,0,532,532,C
3-PA,1766,0,540,0,2,542,T
3-PA,1767,0,0,0,550,550,C
3-PA,1768,1,0,0,544,545,C
3-PA,1769,565,0,1,0,566,A
3-PA,1770,1,0,562,0,563,G
3-PA,1771,0,0,0,547,547,C
3-PA,1772,554,0,0,0,554,A
3-PA,1773,0,0,568,0,568,G
3-PA,1774,546,0,0,0,546,A
3-PA,1775,0,529,0,0,529,T
3-PA,1776,0,2,0,539,541,C
3-PA,1777,0,0,555,0,555,G
3-PA,1778,545,0,0,0,545,A
3-PA,1779,0,0,554,0,554,G
3-PA,1780,538,0,2,0,540,A
3-PA,1781,1,0,550,0,551,G
3-PA,1782,0,0,0,543,543,C
3-PA,1783,551,0,0,0,551,A
3-PA,1784,0,542,0,3,545,T
3-PA,1785,0,1,566,0,567,G
3-PA,1786,563,0,0,0,563,A
3-PA,1787,0,558,0,1,559,T
3-PA,1788,0,561,0,0,561,T
3-PA,1789,0,0,559,0,559,G
3-PA,1790,546,0,2,0,548,A
3-PA,1791,550,0,0,0,550,A
3-PA,1792,0,0,541,0,541,G
3-PA,1793,1,0,0,536,537,C
3-PA,1794,0,0,0,550,550,C
3-PA,1795,0,2,547,0,549,G
3-PA,1796,549,0,0,0,549,A
3-PA,1797,0,0,548,0,548,G
3-PA,1798,0,523,0,0,523,T
3-PA,1799,0,0,0,536,536,C
3-PA,1800,0,0,0,548,548,C
3-PA,1801,0,529,0,1,530,T
3-PA,1802,1,0,0,553,554,C
3-PA,1803,1,0,569,0,570,G
3-PA,1804,0,1,584,0,585,G
3-PA,1805,0,576,0,0,576,T
3-PA,1806,0,570,0,1,571,T
3-PA,1807,584,0,0,0,584,A
3-PA,1808,578,0,0,0,578,A
3-PA,1809,578,0,2,0,580,A
3-PA,1810,0,2,588,0,590,G
3-PA,1811,576,0,1,0,577,A
3-PA,1812,0,0,584,0,584,G
3-PA,1813,552,0,1,0,553,A
3-PA,1814,552,0,0,0,552,A
3-PA,1815,553,0,4,0,557,A
3-PA,1816,0,0,565,0,565,G
3-PA,1817,561,0,1,0,562,A
3-PA,1818,0,0,0,569,569,C
3-PA,1819,560,0,1,0,561,A
3-PA,1820,0,557,0,0,557,T
3-PA,1821,0,1,557,0,558,G
3-PA,1822,519,0,1,0,520,A
3-PA,1823,0,0,0,548,548,C
3-PA,1824,1,0,0,551,552,C
3-PA,1825,557,0,0,0,557,A
3-PA,1826,556,0,0,0,556,A
3-PA,1827,554,0,0,0,554,A
3-PA,1828,0,0,555,0,555,G
3-PA,1829,546,0,0,0,546,A
3-PA,1830,0,0,550,0,550,G
3-PA,1831,0,522,0,2,524,T
3-PA,1832,0,529,0,0,529,T
3-PA,1833,0,538,0,1,539,T
3-PA,1834,0,533,1,0,534,T
3-PA,1835,0,534,0,0,534,T
3-PA,1836,0,538,2,0,540,T
3-PA,1837,0,0,552,0,552,G
3-PA,1838,542,0,1,0,543,A
3-PA,1839,0,0,552,0,552,G
3-PA,1840,542,0,0,0,542,A
3-PA,1841,545,0,0,0,545,A
3-PA,1842,0,533,0,0,533,T
3-PA,1843,545,0,0,0,545,A
3-PA,1844,556,0,0,0,556,A
3-PA,1845,553,0,0,0,553,A
3-PA,1846,0,537,0,0,537,T
3-PA,1847,0,0,0,558,558,C
3-PA,1848,557,0,0,0,557,A
3-PA,1849,0,2,550,0,552,G
3-PA,1850,549,0,1,0,550,A
3-PA,1851,555,0,1,0,556,A
3-PA,1852,1,0,551,0,552,G
3-PA,1853,0,0,0,532,532,C
3-PA,1854,543,0,1,0,544,A
3-PA,1855,0,530,0,0,530,T
3-PA,1856,0,0,533,0,533,G
3-PA,1857,0,0,528,0,528,G
3-PA,1858,0,0,0,493,493,C
3-PA,1859,0,0,0,506,506,C
3-PA,1860,0,1,0,539,540,C
3-PA,1861,558,0,0,0,558,A
3-PA,1862,0,551,0,0,551,T
3-PA,1863,0,555,0,0,555,T
3-PA,1864,0,0,564,0,564,G
3-PA,1865,1,0,554,0,555,G
3-PA,1866,0,0,539,0,539,G
3-PA,1867,0,2,535,0,537,G
3-PA,1868,497,0,2,0,499,A
3-PA,1869,0,1,506,0,507,G
3-PA,1870,0,490,0,0,490,T
3-PA,1871,1,0,0,469,470,C
3-PA,1872,0,0,0,501,501,C
3-PA,1873,1,0,0,491,492,C
3-PA,1874,0,0,0,509,509,C
3-PA,1875,0,0,0,505,505,C
3-PA,1876,511,0,0,0,511,A
3-PA,1877,501,0,1,0,502,A
3-PA,1878,0,1,511,0,512,G
3-PA,1879,0,0,500,0,500,G
3-PA,1880,0,0,495,0,495,G
3-PA,1881,434,0,2,0,436,A
3-PA,1882,0,0,447,0,447,G
3-PA,1883,0,438,0,0,438,T
3-PA,1884,0,1,444,0,445,G
3-PA,1885,0,0,439,0,439,G
3-PA,1886,444,0,0,0,444,A
3-PA,1887,434,0,1,0,435,A
3-PA,1888,0,0,444,0,444,G
3-PA,1889,443,0,0,0,443,A
3-PA,1890,447,0,1,0,448,A
3-PA,1891,0,0,438,0,438,G
3-PA,1892,0,0,431,0,431,G
3-PA,1893,0,425,0,1,426,T
3-PA,1894,0,415,0,0,415,T
3-PA,1895,0,0,0,423,423,C
3-PA,1896,0,0,0,434,434,C
3-PA,1897,432,0,0,0,432,A
3-PA,1898,0,430,0,0,430,T
3-PA,1899,0,435,0,0,435,T
3-PA,1900,0,0,432,0,432,G
3-PA,1901,0,0,420,0,420,G
3-PA,1902,0,0,417,0,417,G
3-PA,1903,417,0,0,0,417,A
3-PA,1904,419,0,0,0,419,A
3-PA,1905,417,0,2,0,419,A
3-PA,1906,0,0,426,0,426,G
3-PA,1907,0,412,0,0,412,T
3-PA,1908,1,0,0,426,427,C
3-PA,1909,0,424,0,0,424,T
3-PA,1910,0,0,429,0,429,G
3-PA,1911,0,427,0,0,427,T
3-PA,1912,428,0,0,0,428,A
3-PA,1913,0,1,415,0,416,G
3-PA,1914,0,1,413,0,414,G
3-PA,1915,387,0,1,0,388,A
3-PA,1916,0,0,0,404,404,C
3-PA,1917,0,384,0,0,384,T
3-PA,1918,1,0,0,406,407,C
3-PA,1919,0,407,0,0,407,T
3-PA,1920,395,0,0,0,395,A
3-PA,1921,0,396,0,0,396,T
3-PA,1922,0,398,0,1,399,T
3-PA,1923,0,0,407,0,407,G
3-PA,1924,0,0,400,0,400,G
3-PA,1925,0,0,0,375,375,C
3-PA,1926,0,386,0,0,386,T
3-PA,1927,360,0,0,0,360,A
3-PA,1928,362,0,0,0,362,A
3-PA,1929,0,0,363,0,363,G
3-PA,1930,0,357,0,0,357,T
3-PA,1931,0,0,0,361,361,C
3-PA,1932,352,0,0,0,352,A
3-PA,1933,0,0,366,0,366,G
3-PA,1934,0,354,0,2,356,T
3-PA,1935,363,0,0,0,363,A
3-PA,1936,0,363,0,0,363,T
3-PA,1937,0,367,0,0,367,T
3-PA,1938,0,0,0,375,375,C
3-PA,1939,377,0,0,0,377,A
3-PA,1940,374,0,0,0,374,A
3-PA,1941,0,370,0,0,370,T
3-PA,1942,353,0,0,0,353,A
3-PA,1943,0,0,351,0,351,G
3-PA,1944,0,0,0,338,338,C
3-PA,1945,0,0,0,355,355,C
3-PA,1946,1,342,0,1,344,T
3-PA,1947,0,0,359,0,359,G
3-PA,1948,0,352,0,0,352,T
3-PA,1949,359,0,1,0,360,A
3-PA,1950,0,358,0,1,359,T
3-PA,1951,0,0,341,0,341,G
3-PA,1952,0,0,0,336,336,C
3-PA,1953,324,0,0,0,324,A
3-PA,1954,0,317,0,0,317,T
3-PA,1955,0,0,0,317,317,C
3-PA,1956,302,0,0,0,302,A
3-PA,1957,0,0,0,315,315,C
3-PA,1958,1,0,0,313,314,C
3-PA,1959,306,1,0,0,307,A
3-PA,1960,0,0,0,321,321,C
3-PA,1961,310,0,0,0,310,A
3-PA,1962,319,0,0,0,319,A
3-PA,1963,0,320,0,0,320,T
3-PA,1964,0,325,0,0,325,T
3-PA,1965,0,0,317,0,317,G
3-PA,1966,0,0,318,0,318,G
3-PA,1967,307,0,0,0,307,A
3-PA,1968,318,0,0,0,318,A
3-PA,1969,0,0,311,0,311,G
3-PA,1970,0,0,314,0,314,G
3-PA,1971,309,0,0,0,309,A
3-PA,1972,0,306,0,1,307,T
3-PA,1973,0,313,0,0,313,T
3-PA,1974,0,310,0,0,310,T
3-PA,1975,0,307,0,1,308,T
3-PA,1976,2,0,0,314,316,C
3-PA,1977,314,0,0,0,314,A
3-PA,1978,0,0,314,0,314,G
3-PA,1979,0,0,0,305,305,C
3-PA,1980,0,0,307,0,307,G
3-PA,1981,0,1,312,0,313,G
3-PA,1982,309,0,0,0,309,A
3-PA,1983,0,0,315,0,315,G
3-PA,1984,0,320,0,0,320,T
3-PA,1985,0,0,0,326,326,C
3-PA,1986,327,0,0,0,327,A
3-PA,1987,326,0,0,0,326,A
3-PA,1988,0,2,325,0,327,G
3-PA,1989,328,0,0,0,328,A
3-PA,1990,321,0,1,0,322,A
3-PA,1991,321,0,0,0,321,A
3-PA,1992,302,0,0,0,302,A
3-PA,1993,0,0,0,315,315,C
3-PA,1994,0,304,0,0,304,T
3-PA,1995,0,0,315,0,315,G
3-PA,1996,0,0,0,302,302,C
3-PA,1997,0,309,0,0,309,T
3-PA,1998,0,0,0,309,309,C
3-PA,1999,0,0,0,305,305,C
3-PA,2000,0,310,0,0,310,T
3-PA,2001,0,316,0,0,316,T
3-PA,2002,0,0,316,0,316,G
3-PA,2003,0,302,0,0,302,T
3-PA,2004,0,309,0,0,309,T
3-PA,2005,0,0,310,0,310,G
3-PA,2006,0,313,0,0,313,T
3-PA,2007,1,306,0,0,307,T
3-PA,2008,2,0,1,299,302,C
3-PA,2009,300,0,0,0,300,A
3-PA,2010,0,0,302,0,302,G
3-PA,2011,0,0,304,0,304,G
3-PA,2012,0,0,0,296,296,C
3-PA,2013,0,294,0,1,295,T
3-PA,2014,0,0,0,309,309,C
3-PA,2015,0,302,0,0,302,T
3-PA,2016,0,304,0,0,304,T
3-PA,2017,302,0,0,0,302,A
3-PA,2018,0,0,298,0,298,G
3-PA,2019,0,0,295,0,295,G
3-PA,2020,0,0,297,0,297,G
3-PA,2021,281,1,1,0,283,A
3-PA,2022,0,0,0,280,280,C
3-PA,2023,269,0,1,0,270,A
3-PA,2024,261,0,1,0,262,A
3-PA,2025,0,0,0,269,269,C
3-PA,2026,0,0,0,275,275,C
3-PA,2027,0,275,0,0,275,T
3-PA,2028,0,0,0,269,269,C
3-PA,2029,0,1,279,0,280,G
3-PA,2030,280,0,0,0,280,A
3-PA,2031,265,0,1,0,266,A
3-PA,2032,0,0,0,265,265,C
3-PA,2033,0,0,0,271,271,C
3-PA,2034,0,262,0,0,262,T
3-PA,2035,0,0,266,0,266,G
3-PA,2036,0,0,256,0,256,G
3-PA,2037,0,1,265,0,266,G
3-PA,2038,250,0,1,0,251,A
3-PA,2039,0,0,0,252,252,C
3-PA,2040,0,0,0,260,260,C
3-PA,2041,0,254,0,0,254,T
3-PA,2042,0,266,0,0,266,T
3-PA,2043,0,265,0,0,265,T
3-PA,2044,0,0,261,0,261,G
3-PA,2045,260,0,0,0,260,A
3-PA,2046,0,255,0,0,255,T
3-PA,2047,0,0,0,262,262,C
3-PA,2048,0,262,0,0,262,T
3-PA,2049,0,265,0,1,266,T
3-PA,2050,0,1,258,0,259,G
3-PA,2051,0,0,258,0,258,G
3-PA,2052,0,0,260,0,260,G
3-PA,2053,0,1,254,0,255,G
3-PA,2054,0,0,251,0,251,G
3-PA,2055,0,0,258,0,258,G
3-PA,2056,0,0,0,249,249,C
3-PA,2057,0,260,0,0,260,T
3-PA,2058,272,0,0,0,272,A
3-PA,2059,0,275,0,0,275,T
3-PA,2060,271,0,0,0,271,A
3-PA,2061,0,269,0,0,269,T
3-PA,2062,0,0,255,0,255,G
3-PA,2063,246,0,0,0,246,A
3-PA,2064,240,0,1,0,241,A
3-PA,2065,0,0,245,0,245,G
3-PA,2066,1,0,0,243,244,C
3-PA,2067,233,0,0,0,233,A
3-PA,2068,236,0,0,0,236,A
3-PA,2069,0,237,0,0,237,T
3-PA,2070,0,242,0,0,242,T
3-PA,2071,0,2,241,0,243,G
3-PA,2072,241,0,0,0,241,A
3-PA,2073,0,0,237,0,237,G
3-PA,2074,0,1,236,0,237,G
3-PA,2075,227,0,1,0,228,A
3-PA,2076,0,0,233,0,233,G
3-PA,2077,0,221,0,0,221,T
3-PA,2078,0,0,221,0,221,G
3-PA,2079,0,0,0,217,217,C
3-PA,2080,0,1,0,212,213,C
3-PA,2081,0,221,0,0,221,T
3-PA,2082,0,0,225,0,225,G
3-PA,2083,221,0,0,0,221,A
3-PA,2084,0,219,0,0,219,T
3-PA,2085,0,217,0,0,217,T
3-PA,2086,218,0,1,0,219,A
3-PA,2087,210,0,2,0,212,A
3-PA,2088,0,211,0,0,211,T
3-PA,2089,0,0,208,0,208,G
3-PA,2090,206,0,0,0,206,A
3-PA,2091,0,200,0,1,201,T
3-PA,2092,0,0,0,196,196,C
3-PA,2093,0,0,0,201,201,C
3-PA,2094,1,0,0,196,197,C
3-PA,2095,0,195,0,1,196,T
3-PA,2096,0,0,199,0,199,G
3-PA,2097,0,0,200,0,200,G
3-PA,2098,0,0,203,0,203,G
3-PA,2099,0,202,0,0,202,T
3-PA,2100,0,192,0,0,192,T
3-PA,2101,0,196,0,0,196,T
3-PA,2102,0,195,0,0,195,T
3-PA,2103,0,0,186,0,186,G
3-PA,2104,1,0,0,181,182,C
3-PA,2105,0,191,0,0,191,T
3-PA,2106,4,0,0,176,180,C
3-PA,2107,185,0,1,0,186,A
3-PA,2108,190,0,0,0,190,A
3-PA,2109,0,185,0,0,185,T
3-PA,2110,0,0,183,0,183,G
3-PA,2111,0,0,0,182,182,C
3-PA,2112,0,0,186,0,186,G
3-PA,2113,0,182,0,1,183,T
3-PA,2114,1,0,0,182,183,C
3-PA,2115,0,184,0,0,184,T
3-PA,2116,0,186,0,1,187,T
3-PA,2117,0,1,181,0,182,G
3-PA,2118,0,0,185,0,185,G
3-PA,2119,0,184,0,1,185,T
3-PA,2120,0,182,0,0,182,T
3-PA,2121,2,0,0,179,181,C
3-PA,2122,170,0,0,0,170,A
3-PA,2123,169,0,0,0,169,A
3-PA,2124,1,0,0,172,173,C
3-PA,2125,0,168,0,0,168,T
3-PA,2126,0,0,0,172,172,C
3-PA,2127,0,0,0,164,164,C
3-PA,2128,0,165,0,1,166,T
3-PA,2129,0,160,0,0,160,T
3-PA,2130,0,0,0,167,167,C
3-PA,2131,0,0,0,166,166,C
3-PA,2132,0,166,0,0,166,T
3-PA,2133,0,0,165,0,165,G
3-PA,2134,163,0,0,0,163,A
3-PA,2135,0,0,0,159,159,C
3-PA,2136,151,0,0,0,151,A
3-PA,2137,0,0,0,145,145,C
3-PA,2138,144,0,1,0,145,A
3-PA,2139,0,138,0,0,138,T
3-PA,2140,0,0,142,0,142,G
3-PA,2141,0,0,0,141,141,C
3-PA,2142,141,0,0,0,141,A
3-PA,2143,0,137,0,0,137,T
3-PA,2144,0,139,0,0,139,T
3-PA,2145,139,0,0,0,139,A
3-PA,2146,137,0,0,0,137,A
3-PA,2147,135,0,0,0,135,A
3-PA,2148,134,0,0,0,134,A
3-PA,2149,0,138,0,0,138,T
3-PA,2150,118,0,0,0,118,A
3-PA,2151,0,0,114,0,114,G
4-HA,1,106,0,0,0,106,A
4-HA,2,0,108,0,0,108,T
4-HA,3,0,0,112,0,112,G
4-HA,4,106,0,0,0,106,A
4-HA,5,106,0,0,0,106,A
4-HA,6,0,2,119,0,121,G
4-HA,7,117,0,0,0,117,A
4-HA,8,0,0,0,131,131,C
4-HA,9,0,134,0,1,135,T
4-HA,10,134,0,0,0,134,A
4-HA,11,0,140,0,1,141,T
4-HA,12,0,0,0,143,143,C
4-HA,13,148,0,0,0,148,A
4-HA,14,0,146,0,0,146,T
4-HA,15,0,146,0,0,146,T
4-HA,16,0,0,164,0,164,G
4-HA,17,0,0,0,162,162,C
4-HA,18,0,160,0,1,161,T
4-HA,19,0,163,0,0,163,T
4-HA,20,0,164,0,0,164,T
4-HA,21,0,1,176,0,177,G
4-HA,22,180,0,0,0,180,A
4-HA,23,0,0,173,0,173,G
4-HA,24,0,0,0,179,179,C
4-HA,25,0,184,0,0,184,T
4-HA,26,191,0,0,0,191,A
4-HA,27,0,0,0,195,195,C
4-HA,28,213,0,0,0,213,A
4-HA,29,0,222,0,1,223,T
4-HA,30,0,218,0,0,218,T
4-HA,31,0,0,0,223,223,C
4-HA,32,0,221,0,1,222,T
4-HA,33,223,0,0,0,223,A
4-HA,34,0,226,0,0,226,T
4-HA,35,0,0,223,0,223,G
4-HA,36,0,226,0,1,227,T
4-HA,37,0,0,0,225,225,C
4-HA,38,0,225,0,0,225,T
4-HA,39,0,0,228,0,228,G
4-HA,40,0,1,223,0,224,G
4-HA,41,0,227,0,1,228,T
4-HA,42,0,221,0,1,222,T
4-HA,43,0,227,0,0,227,T
4-HA,44,0,227,0,2,229,T
4-HA,45,0,0,0,231,231,C
4-HA,46,0,0,226,0,226,G
4-HA,47,0,0,0,228,228,C
4-HA,48,0,228,0,1,229,T
4-HA,49,0,0,0,235,235,C
4-HA,50,233,0,0,0,233,A
4-HA,51,234,0,0,0,234,A
4-HA,52,236,0,0,0,236,A
4-HA,53,232,0,0,0,232,A
4-HA,54,227,0,1,0,228,A
4-HA,55,0,0,0,233,233,C
4-HA,56,0,236,0,0,236,T
4-HA,57,0,238,0,0,238,T
4-HA,58,0,0,0,239,239,C
4-HA,59,0,0,0,237,237,C
4-HA,60,0,238,0,1,239,T
4-HA,61,0,0,239,0,239,G
4-HA,62,0,0,228,0,228,G
4-HA,63,229,0,1,0,230,A
4-HA,64,246,0,0,0,246,A
4-HA,65,241,0,0,0,241,A
4-HA,66,0,253,0,0,253,T
4-HA,67,1,1,251,1,254,G
4-HA,68,254,0,1,0,255,A
4-HA,69,0,0,0,263,263,C
4-HA,70,263,0,0,0,263,A
4-HA,71,260,0,0,0,260,A
4-HA,72,0,0,0,261,261,C
4-HA,73,256,0,0,0,256,A
4-HA,74,0,1,253,0,254,G
4-HA,75,0,0,0,257,257,C
4-HA,76,256,0,0,0,256,A
4-HA,77,0,0,0,269,269,C
4-HA,78,1,0,263,0,264,G
4-HA,79,0,0,259,0,259,G
4-HA,80,0,0,0,271,271,C
4-HA,81,273,0,0,0,273,A
4-HA,82,281,0,0,0,281,A
4-HA,83,0,0,0,274,274,C
4-HA,84,0,0,268,0,268,G
4-HA,85,0,0,0,273,273,C
4-HA,86,0,278,0,1,279,T
4-HA,87,0,0,276,0,276,G
4-HA,88,0,273,0,0,273,T
4-HA,89,0,0,277,0,277,G
4-HA,90,0,0,0,287,287,C
4-HA,91,0,0,0,297,297,C
4-HA,92,0,291,0,1,292,T
4-HA,93,0,296,0,0,296,T
4-HA,94,0,0,290,0,290,G
4-HA,95,1,2,276,0,279,G
4-HA,96,0,0,282,0,282,G
4-HA,97,0,0,0,293,293,C
4-HA,98,296,0,0,0,296,A
4-HA,99,0,0,0,295,295,C
4-HA,100,0,0,0,305,305,C
4-HA,101,314,0,1,0,315,A
4-HA,102,0,326,0,0,326,T
4-HA,103,0,0,329,0,329,G
4-HA,104,0,0,0,323,323,C
4-HA,105,330,0,0,0,330,A
4-HA,106,0,0,351,0,351,G
4-HA,107,0,341,0,0,341,T
4-HA,108,343,0,0,0,343,A
4-HA,109,0,1,0,346,347,C
4-HA,110,0,0,0,341,341,C
4-HA,111,344,0,0,0,344,A
4-HA,112,342,1,0,0,343,A
4-HA,113,337,0,0,0,337,A
4-HA,114,0,0,0,343,343,C
4-HA,115,0,0,334,0,334,G
4-HA,116,0,0,339,0,339,G
4-HA,117,339,0,0,0,339,A
4-HA,118,338,0,0,0,338,A
4-HA,119,0,0,0,344,344,C
4-HA,120,0,0,339,0,339,G
4-HA,121,0,0,344,0,344,G
4-HA,122,0,349,0,0,349,T
4-HA,123,362,0,0,0,362,A
4-HA,124,1,0,356,0,357,G
4-HA,125,0,349,0,0,349,T
4-HA,126,0,1,364,0,365,G
4-HA,127,363,0,1,0,364,A
4-HA,128,368,0,0,0,368,A
4-HA,129,367,0,0,0,367,A
4-HA,130,360,0,0,0,360,A
4-HA,131,0,0,0,366,366,C
4-HA,132,369,0,0,0,369,A
4-HA,133,362,0,0,0,362,A
4-HA,134,0,373,0,0,373,T
4-HA,135,1,0,0,368,369,C
4-HA,136,364,0,0,0,364,A
4-HA,137,0,0,0,373,373,C
4-HA,138,0,1,372,0,373,G
4-HA,139,364,1,0,0,365,A
4-HA,140,361,0,1,0,362,A
4-HA,141,0,365,0,1,366,T
4-HA,142,0,0,363,0,363,G
4-HA,143,364,0,2,0,366,A
4-HA,144,0,0,0,365,365,C
4-HA,145,0,1,0,372,373,C
4-HA,146,374,0,0,0,374,A
4-HA,147,374,0,0,0,374,A
4-HA,148,370,0,1,0,371,A
4-HA,149,0,375,0,0,375,T
4-HA,150,0,380,0,0,380,T
4-HA,151,0,0,382,0,382,G
4-HA,152,378,0,0,0,378,A
4-HA,153,379,0,0,0,379,A
4-HA,154,0,0,385,0,385,G
4-HA,155,0,369,0,0,369,T
4-HA,156,0,389,0,0,389,T
4-HA,157,387,0,0,0,387,A
4-HA,158,1,0,0,387,388,C
4-HA,159,0,397,0,0,397,T
4-HA,160,396,0,0,0,396,A
4-HA,161,400,0,0,0,400,A
4-HA,162,0,394,0,0,394,T
4-HA,163,0,1,401,0,402,G
4-HA,164,1,0,0,416,417,C
4-HA,165,0,415,0,1,416,T
4-HA,166,421,0,0,0,421,A
4-HA,167,0,0,0,420,420,C
4-HA,168,0,417,0,0,417,T
4-HA,169,0,1,411,0,412,G
4-HA,170,406,0,0,0,406,A
4-HA,171,1,0,409,0,410,G
4-HA,172,0,0,0,405,405,C
4-HA,173,0,411,0,0,411,T
4-HA,174,0,0,406,0,406,G
4-HA,175,0,0,411,0,411,G
4-HA,176,0,422,0,0,422,T
4-HA,177,0,414,0,0,414,T
4-HA,178,3,0,0,424,427,C
4-HA,179,425,0,0,0,425,A
4-HA,180,0,0,430,0,430,G
4-HA,181,430,0,1,0,431,A
4-HA,182,0,0,433,0,433,G
4-HA,183,0,427,0,1,428,T
4-HA,184,0,416,0,0,416,T
4-HA,185,0,0,0,420,420,C
4-HA,186,0,0,0,421,421,C
4-HA,187,1,413,0,0,414,T
4-HA,188,0,0,0,425,425,C
4-HA,189,428,0,0,0,428,A
4-HA,190,426,0,0,0,426,A
4-HA,191,0,0,0,429,429,C
4-HA,192,421,0,0,0,421,A
4-HA,193,0,2,422,0,424,G
4-HA,194,1,0,424,0,425,G
4-HA,195,0,410,0,2,412,T
4-HA,196,0,1,422,0,423,G
4-HA,197,423,0,0,0,423,A
4-HA,198,437,0,0,0,437,A
4-HA,199,442,0,1,0,443,A
4-HA,200,0,440,0,0,440,T
4-HA,201,448,0,0,0,448,A
4-HA,202,0,439,0,0,439,T
4-HA,203,0,0,430,0,430,G
4-HA,204,0,0,0,437,437,C
4-HA,205,0,1,442,0,443,G
4-HA,206,430,0,1,0,431,A
4-HA,207,0,0,0,442,442,C
4-HA,208,431,0,0,0,431,A
4-HA,209,0,0,455,0,455,G
4-HA,210,0,450,0,3,453,T
4-HA,211,0,0,0,454,454,C
4-HA,212,1,0,0,460,461,C
4-HA,213,0,456,0,0,456,T
4-HA,214,0,0,0,477,477,C
4-HA,215,467,0,1,0,468,A
4-HA,216,0,464,1,2,467,T
4-HA,217,0,0,0,475,475,C
4-HA,218,450,0,1,1,452,A
4-HA,219,0,0,456,0,456,G
4-HA,220,435,0,1,0,436,A
4-HA,221,0,436,0,0,436,T
4-HA,222,0,0,0,432,432,C
4-HA,223,0,0,0,440,440,C
4-HA,224,0,438,0,0,438,T
4-HA,225,0,446,0,0,446,T
4-HA,226,0,0,442,0,442,G
4-HA,227,438,0,1,0,439,A
4-HA,228,0,439,0,0,439,T
4-HA,229,0,0,440,0,440,G
4-HA,230,0,0,431,0,431,G
4-HA,231,435,0,0,0,435,A
4-HA,232,438,0,0,0,438,A
4-HA,233,440,0,0,0,440,A
4-HA,234,440,0,0,0,440,A
4-HA,235,444,0,0,0,444,A
4-HA,236,445,0,0,0,445,A
4-HA,237,0,0,0,446,446,C
4-HA,238,0,433,0,0,433,T
4-HA,239,0,1,445,0,446,G
4-HA,240,0,2,0,436,438,C
4-HA,241,439,0,0,0,439,A
4-HA,242,0,0,0,447,447,C
4-HA,243,442,0,0,0,442,A
4-HA,244,0,0,0,503,503,C
4-HA,245,0,489,0,0,489,T
4-HA,246,513,0,0,0,513,A
4-HA,247,510,0,0,1,511,A
4-HA,248,0,502,0,0,502,T
4-HA,249,518,0,1,0,519,A
4-HA,250,1,0,510,0,511,G
4-HA,251,503,0,0,0,503,A
4-HA,252,0,483,0,0,483,T
4-HA,253,0,0,466,0,466,G
4-HA,254,0,1,0,468,469,C
4-HA,255,0,453,0,2,455,T
4-HA,256,0,0,0,487,487,C
4-HA,257,0,482,0,0,482,T
4-HA,258,501,0,0,0,501,A
4-HA,259,1,496,0,2,499,T
4-HA,260,0,493,0,2,495,T
4-HA,261,0,0,509,0,509,G
4-HA,262,0,1,482,0,483,G
4-HA,263,0,0,490,0,490,G
4-HA,264,468,0,0,0,468,A
4-HA,265,0,0,456,0,456,G
4-HA,266,455,0,0,0,455,A
4-HA,267,0,1,0,513,514,C
4-HA,268,1,0,0,538,539,C
4-HA,269,1,0,0,542,543,C
4-HA,270,0,552,0,1,553,T
4-HA,271,0,0,0,564,564,C
4-HA,272,561,0,0,0,561,A
4-HA,273,0,0,594,0,594,G
4-HA,274,0,582,0,0,582,T
4-HA,275,0,0,598,0,598,G
4-HA,276,0,560,0,1,561,T
4-HA,277,0,3,569,0,572,G
4-HA,278,576,0,0,0,576,A
4-HA,279,0,559,0,2,561,T
4-HA,280,1,2,549,0,552,G
4-HA,281,0,0,553,0,553,G
4-HA,282,0,0,0,544,544,C
4-HA,283,0,556,0,1,557,T
4-HA,284,0,553,0,2,555,T
4-HA,285,0,0,0,563,563,C
4-HA,286,0,0,0,562,562,C
4-HA,287,564,0,0,0,564,A
4-HA,288,565,0,1,0,566,A
4-HA,289,573,0,1,0,574,A
4-HA,290,565,0,0,0,565,A
4-HA,291,0,569,0,0,569,T
4-HA,292,572,0,0,0,572,A
4-HA,293,576,0,1,0,577,A
4-HA,294,0,0,575,0,575,G
4-HA,295,576,0,0,0,576,A
4-HA,296,593,0,0,0,593,A
4-HA,297,581,0,0,0,581,A
4-HA,298,0,599,0,0,599,T
4-HA,299,0,0,581,0,581,G
4-HA,300,0,0,570,0,570,G
4-HA,301,0,2,563,0,565,G
4-HA,302,550,0,0,0,550,A
4-HA,303,0,0,0,579,579,C
4-HA,304,0,0,0,585,585,C
4-HA,305,0,595,0,0,595,T
4-HA,306,0,590,0,0,590,T
4-HA,307,0,594,0,2,596,T
4-HA,308,0,597,0,0,597,T
4-HA,309,0,601,0,1,602,T
4-HA,310,0,0,602,0,602,G
4-HA,311,0,590,0,0,590,T
4-HA,312,0,601,0,1,602,T
4-HA,313,0,0,592,0,592,G
4-HA,314,593,0,0,0,593,A
4-HA,315,596,0,1,0,597,A
4-HA,316,0,0,0,600,600,C
4-HA,317,0,1,604,0,605,G
4-HA,318,0,0,0,620,620,C
4-HA,319,614,0,0,0,614,A
4-HA,320,1,0,607,0,608,G
4-HA,321,0,1,0,617,618,C
4-HA,322,620,0,2,0,622,A
4-HA,323,618,0,0,1,619,A
4-HA,324,609,0,0,0,609,A
4-HA,325,0,0,632,0,632,G
4-HA,326,1,0,0,633,634,C
4-HA,327,1,0,0,655,656,C
4-HA,328,0,646,0,0,646,T
4-HA,329,644,0,0,0,644,A
4-HA,330,0,0,0,661,661,C
4-HA,331,657,0,0,0,657,A
4-HA,332,0,0,654,0,654,G
4-HA,333,1,0,0,657,658,C
4-HA,334,648,0,0,0,648,A
4-HA,335,646,0,0,0,646,A
4-HA,336,0,0,0,662,662,C
4-HA,337,0,654,0,0,654,T
4-HA,338,0,0,663,0,663,G
4-HA,339,0,639,0,1,640,T
4-HA,340,0,658,0,0,658,T
4-HA,341,640,0,1,0,641,A
4-HA,342,0,0,0,707,707,C
4-HA,343,0,0,0,712,712,C
4-HA,344,1,0,0,744,745,C
4-HA,345,0,731,0,0,731,T
4-HA,346,0,738,0,0,738,T
4-HA,347,730,0,0,0,730,A
4-HA,348,1,733,0,0,734,T
4-HA,349,0,1,728,0,729,G
4-HA,350,717,0,0,0,717,A
4-HA,351,0,704,0,1,705,T
4-HA,352,0,0,702,0,702,G
4-HA,353,0,691,0,0,691,T
4-HA,354,0,0,669,0,669,G
4-HA,355,0,0,0,685,685,C
4-HA,356,0,2,0,685,687,C
4-HA,357,0,0,698,0,698,G
4-HA,358,0,0,712,0,712,G
4-HA,359,688,0,0,0,688,A
4-HA,360,0,708,0,1,709,T
4-HA,361,0,703,0,0,703,T
4-HA,362,714,0,1,0,715,A
4-HA,363,0,708,0,0,708,T
4-HA,364,0,0,692,0,692,G
4-HA,365,0,0,0,688,688,C
4-HA,366,0,0,0,685,685,C
4-HA,367,1,691,0,2,694,T
4-HA,368,0,0,0,735,735,C
4-HA,369,1,0,0,754,755,C
4-HA,370,0,0,0,757,757,C
4-HA,371,0,731,0,0,731,T
4-HA,372,0,753,0,0,753,T
4-HA,373,742,0,0,0,742,A
4-HA,374,0,0,755,0,755,G
4-HA,375,0,0,739,0,739,G
4-HA,376,0,727,0,0,727,T
4-HA,377,2,0,0,725,727,C
4-HA,378,705,0,2,0,707,A
4-HA,379,0,1,0,749,750,C
4-HA,380,0,753,0,0,753,T
4-HA,381,752,1,1,0,754,A
4-HA,382,0,1,744,0,745,G
4-HA,383,0,735,0,1,736,T
4-HA,384,0,725,0,0,725,T
4-HA,385,1,1,751,0,753,G
4-HA,386,1,2,0,752,755,C
4-HA,387,1,0,0,745,746,C
4-HA,388,0,745,0,0,745,T
4-HA,389,1,0,0,756,757,C
4-HA,390,779,0,2,0,781,A
4-HA,391,0,796,0,0,796,T
4-HA,392,0,1,0,796,797,C
4-HA,393,1,0,1,803,805,C
4-HA,394,0,1,796,0,797,G
4-HA,395,0,0,779,0,779,G
4-HA,396,0,0,0,793,793,C
4-HA,397,804,0,0,0,804,A
4-HA,398,0,0,0,827,827,C
4-HA,399,795,0,1,0,796,A
4-HA,400,0,0,0,806,806,C
4-HA,401,0,808,0,1,809,T
4-HA,402,0,0,808,0,808,G
4-HA,403,0,2,802,0,804,G
4-HA,404,809,0,1,0,810,A
4-HA,405,0,0,829,0,829,G
4-HA,406,0,810,0,1,811,T
4-HA,407,0,821,0,0,821,T
4-HA,408,0,826,0,0,826,T
4-HA,409,830,0,1,0,831,A
4-HA,410,821,0,3,1,825,A
4-HA,411,0,0,0,842,842,C
4-HA,412,826,0,0,1,827,A
4-HA,413,798,0,0,0,798,A
4-HA,414,0,824,0,3,827,T
4-HA,415,0,0,824,0,824,G
4-HA,416,816,0,1,0,817,A
4-HA,417,826,0,1,1,828,A
4-HA,418,822,0,1,0,823,A
4-HA,419,0,0,817,0,817,G
4-HA,420,0,1,0,825,826,C
4-HA,421,0,824,0,1,825,T
4-HA,422,0,825,0,0,825,T
4-HA,423,1,1,0,841,843,C
4-HA,424,850,0,0,0,850,A
4-HA,425,843,0,0,0,843,A
4-HA,426,0,843,0,0,843,T
4-HA,427,0,844,0,0,844,T
4-HA,428,1,0,855,0,856,G
4-HA,429,0,1,867,0,868,G
4-HA,430,863,0,0,0,863,A
4-HA,431,0,0,0,878,878,C
4-HA,432,0,864,0,1,865,T
4-HA,433,0,0,869,0,869,G
4-HA,434,0,1,867,0,868,G
4-HA,435,847,0,2,0,849,A
4-HA,436,0,0,887,0,887,G
4-HA,437,0,832,0,3,835,T
4-HA,438,1,0,0,847,848,C
4-HA,439,866,0,0,0,866,A
4-HA,440,0,0,0,866,866,C
4-HA,441,0,853,0,2,855,T
4-HA,442,1,0,0,867,868,C
4-HA,443,855,0,0,0,855,A
4-HA,444,866,0,0,0,866,A
4-HA,445,843,0,2,0,845,A
4-HA,446,857,0,0,0,857,A
4-HA,447,0,0,0,873,873,C
4-HA,448,0,1,860,0,861,G
4-HA,449,0,2,858,0,860,G
4-HA,450,865,0,0,0,865,A
4-HA,451,879,0,0,0,879,A
4-HA,452,0,0,0,871,871,C
4-HA,453,881,0,0,0,881,A
4-HA,454,886,0,0,0,886,A
4-HA,455,0,0,865,0,865,G
4-HA,456,0,0,0,872,872,C
4-HA,457,0,869,0,1,870,T
4-HA,458,0,0,0,878,878,C
4-HA,459,0,876,1,0,877,T
4-HA,460,0,0,866,0,866,G
4-HA,461,0,0,0,883,883,C
4-HA,462,0,887,0,3,890,T
4-HA,463,1,920,0,2,923,T
4-HA,464,0,0,927,0,927,G
4-HA,465,0,0,0,951,951,C
4-HA,466,949,0,0,0,949,A
4-HA,467,0,938,0,2,940,T
4-HA,468,940,0,1,0,941,A
4-HA,469,924,0,0,0,924,A
4-HA,470,0,0,929,0,929,G
4-HA,471,0,2,913,1,916,G
4-HA,472,887,0,1,0,888,A
4-HA,473,0,0,879,0,879,G
4-HA,474,850,0,2,0,852,A
4-HA,475,0,893,0,0,893,T
4-HA,476,0,0,0,892,892,C
4-HA,477,0,909,0,0,909,T
4-HA,478,909,0,0,0,909,A
4-HA,479,910,0,0,0,910,A
4-HA,480,904,1,0,0,905,A
4-HA,481,905,0,0,0,905,A
4-HA,482,898,0,1,0,899,A
4-HA,483,1,0,0,908,909,C
4-HA,484,893,0,0,0,893,A
4-HA,485,1,0,900,0,901,G
4-HA,486,0,879,0,1,880,T
4-HA,487,0,900,0,0,900,T
4-HA,488,1,905,0,0,906,T
4-HA,489,0,0,0,933,933,C
4-HA,490,0,926,0,4,930,T
4-HA,491,0,942,0,0,942,T
4-HA,492,0,939,0,1,940,T
4-HA,493,945,0,0,0,945,A
4-HA,494,0,0,939,0,939,G
4-HA,495,0,923,0,0,923,T
4-HA,496,935,0,0,0,935,A
4-HA,497,0,1,938,0,939,G
4-HA,498,910,0,1,0,911,A
4-HA,499,0,907,0,0,907,T
4-HA,500,0,906,0,1,907,T
4-HA,501,1,1,927,0,929,G
4-HA,502,926,0,0,0,926,A
4-HA,503,929,0,0,0,929,A
4-HA,504,0,924,0,0,924,T
4-HA,505,0,911,0,0,911,T
4-HA,506,0,0,917,0,917,G
4-HA,507,0,0,917,0,917,G
4-HA,508,0,910,0,0,910,T
4-HA,509,0,912,0,4,916,T
4-HA,510,0,1,880,0,881,G
4-HA,511,893,0,2,0,895,A
4-HA,512,1,0,0,872,873,C
4-HA,513,0,0,0,862,862,C
4-HA,514,0,0,0,899,899,C
4-HA,515,903,0,0,0,903,A
4-HA,516,0,0,0,921,921,C
4-HA,517,0,914,0,1,915,T
4-HA,518,0,926,0,0,926,T
4-HA,519,930,0,0,0,930,A
4-HA,520,919,0,0,0,919,A
4-HA,521,921,1,0,0,922,A
4-HA,522,1,0,0,894,895,C
4-HA,523,0,903,0,1,904,T
4-HA,524,0,897,0,0,897,T
4-HA,525,1,0,0,926,927,C
4-HA,526,933,0,1,0,934,A
4-HA,527,938,0,1,0,939,A
4-HA,528,930,0,1,0,931,A
4-HA,529,0,939,0,0,939,T
4-HA,530,935,0,0,0,935,A
4-HA,531,0,0,0,947,947,C
4-HA,532,1,0,0,915,916,C
4-HA,533,0,1,0,912,913,C
4-HA,534,924,0,2,0,926,A
4-HA,535,0,0,936,0,936,G
4-HA,536,0,2,0,956,958,C
4-HA,537,958,0,0,0,958,A
4-HA,538,0,955,0,0,955,T
4-HA,539,0,942,0,0,942,T
4-HA,540,0,1,973,0,974,G
4-HA,541,963,0,1,0,964,A
4-HA,542,956,0,1,0,957,A
4-HA,543,0,0,0,966,966,C
4-HA,544,2,0,947,0,949,G
4-HA,545,0,914,0,0,914,T
4-HA,546,0,0,950,0,950,G
4-HA,547,910,1,2,0,913,A
4-HA,548,1,0,0,947,948,C
4-HA,549,0,923,0,0,923,T
4-HA,550,949,0,0,0,949,A
4-HA,551,0,935,0,1,936,T
4-HA,552,0,0,940,0,940,G
4-HA,553,0,0,0,938,938,C
4-HA,554,1,0,0,932,933,C
4-HA,555,926,0,3,0,929,A
4-HA,556,917,0,0,0,917,A
4-HA,557,954,0,0,0,954,A
4-HA,558,0,0,0,966,966,C
4-HA,559,936,0,0,0,936,A
4-HA,560,931,0,0,0,931,A
4-HA,561,0,923,0,1,924,T
4-HA,562,0,4,916,0,920,G
4-HA,563,927,0,1,0,928,A
4-HA,564,930,0,0,0,930,A
4-HA,565,0,0,0,911,911,C
4-HA,566,915,0,0,0,915,A
4-HA,567,903,0,0,0,903,A
4-HA,568,0,901,0,0,901,T
4-HA,569,0,897,0,0,897,T
4-HA,570,0,906,0,1,907,T
4-HA,571,1,2,893,0,896,G
4-HA,572,918,0,1,0,919,A
4-HA,573,1,1,0,922,924,C
4-HA,574,925,0,0,0,925,A
4-HA,575,915,0,0,0,915,A
4-HA,576,931,1,0,0,932,A
4-HA,577,0,932,0,0,932,T
4-HA,578,0,936,0,1,937,T
4-HA,579,1,0,931,0,932,G
4-HA,580,0,940,0,0,940,T
4-HA,581,938,0,1,0,939,A
4-HA,582,0,0,0,962,962,C
4-HA,583,969,0,0,0,969,A
4-HA,584,0,967,0,0,967,T
4-HA,585,0,943,0,0,943,T
4-HA,586,0,944,1,0,945,T
4-HA,587,1,0,948,0,949,G
4-HA,588,0,0,931,0,931,G
4-HA,589,1,0,931,0,932,G
4-HA,590,0,3,920,0,923,G
4-HA,591,1,1,901,0,903,G
4-HA,592,2,0,924,0,926,G
4-HA,593,0,899,0,0,899,T
4-HA,594,0,925,0,0,925,T
4-HA,595,2,0,0,912,914,C
4-HA,596,901,0,0,0,901,A
4-HA,597,1,1,0,910,912,C
4-HA,598,1,0,0,906,907,C
4-HA,599,918,0,1,0,919,A
4-HA,600,0,0,0,928,928,C
4-HA,601,2,0,0,908,910,C
4-HA,602,1,0,0,915,916,C
4-HA,603,1,0,901,0,902,G
4-HA,604,0,0,935,0,935,G
4-HA,605,1,0,931,1,933,G
4-HA,606,0,871,0,0,871,T
4-HA,607,924,0,0,0,924,A
4-HA,608,0,0,0,916,916,C
4-HA,609,0,0,894,0,894,G
4-HA,610,1,0,900,0,901,G
4-HA,611,941,0,0,0,941,A
4-HA,612,0,1,0,938,939,C
4-HA,613,911,0,0,0,911,A
4-HA,614,908,0,0,0,908,A
4-HA,615,907,1,1,0,909,A
4-HA,616,0,1,912,0,913,G
4-HA,617,905,0,1,0,906,A
4-HA,618,0,0,0,917,917,C
4-HA,619,0,0,0,896,896,C
4-HA,620,912,0,0,0,912,A
4-HA,621,900,0,0,0,900,A
4-HA,622,913,0,1,0,914,A
4-HA,623,0,883,0,0,883,T
4-HA,624,2,0,0,927,929,C
4-HA,625,0,877,0,2,879,T
4-HA,626,0,868,0,1,869,T
4-HA,627,2,0,0,891,893,C
4-HA,628,1,1,0,907,909,C
4-HA,629,0,906,0,1,907,T
4-HA,630,0,1,902,0,903,G
4-HA,631,0,897,0,0,897,T
4-HA,632,917,0,0,0,917,A
4-HA,633,1,902,0,1,904,T
4-HA,634,0,0,918,0,918,G
4-HA,635,0,1,0,899,900,C
4-HA,636,0,901,0,2,903,T
4-HA,637,1,3,0,920,924,C
4-HA,638,932,0,2,0,934,A
4-HA,639,917,0,1,0,918,A
4-HA,640,0,0,910,0,910,G
4-HA,641,2,0,0,916,918,C
4-HA,642,910,0,0,0,910,A
4-HA,643,0,889,1,0,890,T
4-HA,644,0,0,0,905,905,C
4-HA,645,900,0,3,0,903,A
4-HA,646,2,0,896,0,898,G
4-HA,647,0,1,897,2,900,G
4-HA,648,891,0,1,0,892,A
4-HA,649,889,0,1,0,890,A
4-HA,650,0,2,903,0,905,G
4-HA,651,908,0,0,0,908,A
4-HA,652,916,0,1,0,917,A
4-HA,653,0,910,1,2,913,T
4-HA,654,2,0,0,930,932,C
4-HA,655,919,0,1,0,920,A
4-HA,656,0,0,0,918,918,C
4-HA,657,914,0,1,0,915,A
4-HA,658,0,0,928,0,928,G
4-HA,659,0,867,0,0,867,T
4-HA,660,0,1,0,906,907,C
4-HA,661,0,887,0,0,887,T
4-HA,662,0,1,0,923,924,C
4-HA,663,1,919,1,1,922,T
4-HA,664,936,0,0,0,936,A
4-HA,665,0,0,0,930,930,C
4-HA,666,0,0,0,948,948,C
4-HA,667,926,0,0,1,927,A
4-HA,668,919,0,0,0,919,A
4-HA,669,921,0,1,0,922,A
4-HA,670,914,1,1,0,916,A
4-HA,671,0,1,909,0,910,G
4-HA,672,911,1,0,0,912,A
4-HA,673,890,0,0,0,890,A
4-HA,674,1,0,877,0,878,G
4-HA,675,1,0,0,861,862,C
4-HA,676,2,0,0,904,906,C
4-HA,677,902,0,0,0,902,A
4-HA,678,894,2,3,0,899,A
4-HA,679,0,0,0,908,908,C
4-HA,680,911,0,0,0,911,A
4-HA,681,907,0,0,2,909,A
4-HA,682,896,0,0,0,896,A
4-HA,683,0,0,0,913,913,C
4-HA,684,0,897,0,0,897,T
4-HA,685,0,0,902,0,902,G
4-HA,686,0,886,0,0,886,T
4-HA,687,911,0,1,0,912,A
4-HA,688,908,0,0,0,908,A
4-HA,689,0,874,1,0,875,T
4-HA,690,0,0,0,890,890,C
4-HA,691,0,0,0,870,870,C
4-HA,692,0,2,0,865,867,C
4-HA,693,0,0,884,0,884,G
4-HA,694,884,0,1,1,886,A
4-HA,695,891,0,0,0,891,A
4-HA,696,0,879,1,0,880,T
4-HA,697,888,0,0,0,888,A
4-HA,698,1,853,0,0,854,T
4-HA,699,1,0,0,882,883,C
4-HA,700,1,1,873,0,875,G
4-HA,701,0,0,895,0,895,G
4-HA,702,896,0,1,0,897,A
4-HA,703,0,905,0,1,906,T
4-HA,704,2,0,0,905,907,C
4-HA,705,0,915,0,1,916,T
4-HA,706,914,0,0,0,914,A
4-HA,707,0,2,910,0,912,G
4-HA,708,896,0,2,0,898,A
4-HA,709,0,0,0,890,890,C
4-HA,710,0,0,0,864,864,C
4-HA,711,1,0,0,867,868,C
4-HA,712,888,0,0,0,888,A
4-HA,713,0,0,945,0,945,G
4-HA,714,945,0,0,0,945,A
4-HA,715,1,0,942,0,943,G
4-HA,716,0,939,0,0,939,T
4-HA,717,947,0,0,0,947,A
4-HA,718,931,0,0,0,931,A
4-HA,719,0,0,945,0,945,G
4-HA,720,0,1,940,0,941,G
4-HA,721,928,0,1,0,929,A
4-HA,722,888,0,2,0,890,A
4-HA,723,0,862,0,0,862,T
4-HA,724,881,0,0,0,881,A
4-HA,725,0,849,0,2,851,T
4-HA,726,0,0,0,869,869,C
4-HA,727,1,0,0,872,873,C
4-HA,728,0,1,0,878,879,C
4-HA,729,0,860,0,1,861,T
4-HA,730,876,0,0,0,876,A
4-HA,731,0,1,856,0,857,G
4-HA,732,0,1,0,870,871,C
4-HA,733,855,0,0,0,855,A
4-HA,734,0,0,876,0,876,G
4-HA,735,855,0,0,0,855,A
4-HA,736,857,0,1,0,858,A
4-HA,737,0,856,0,0,856,T
4-HA,738,869,0,0,0,869,A
4-HA,739,867,0,2,0,869,A
4-HA,740,0,0,846,0,846,G
4-HA,741,1,0,0,840,841,C
4-HA,742,856,0,1,0,857,A
4-HA,743,0,821,0,1,822,T
4-HA,744,1,0,0,867,868,C
4-HA,745,0,868,0,0,868,T
4-HA,746,874,1,0,0,875,A
4-HA,747,0,873,1,1,875,T
4-HA,748,0,860,0,2,862,T
4-HA,749,0,2,869,0,871,G
4-HA,750,0,0,858,0,858,G
4-HA,751,846,1,2,1,850,A
4-HA,752,0,0,0,858,858,C
4-HA,753,829,0,0,0,829,A
4-HA,754,852,0,1,0,853,A
4-HA,755,0,880,0,0,880,T
4-HA,756,908,0,1,0,909,A
4-HA,757,0,0,909,0,909,G
4-HA,758,0,885,0,0,885,T
4-HA,759,899,0,0,0,899,A
4-HA,760,888,0,3,0,891,A
4-HA,761,902,0,0,0,902,A
4-HA,762,899,0,1,0,900,A
4-HA,763,0,0,0,915,915,C
4-HA,764,0,0,0,865,865,C
4-HA,765,0,1,865,0,866,G
4-HA,766,0,0,844,0,844,G
4-HA,767,0,1,859,0,860,G
4-HA,768,863,0,0,0,863,A
4-HA,769,0,0,875,0,875,G
4-HA,770,873,0,1,0,874,A
4-HA,771,1,0,0,870,871,C
4-HA,772,896,0,2,0,898,A
4-HA,773,0,904,0,0,904,T
4-HA,774,871,0,2,0,873,A
4-HA,775,0,0,0,907,907,C
4-HA,776,0,907,0,1,908,T
4-HA,777,0,915,0,1,916,T
4-HA,778,0,919,0,0,919,T
4-HA,779,0,922,0,1,923,T
4-HA,780,0,2,923,0,925,G
4-HA,781,929,0,0,1,930,A
4-HA,782,0,923,0,1,924,T
4-HA,783,0,955,0,0,955,T
4-HA,784,952,0,0,0,952,A
4-HA,785,952,0,1,0,953,A
4-HA,786,0,0,0,972,972,C
4-HA,787,964,0,0,0,964,A
4-HA,788,0,1,985,0,986,G
4-HA,789,1,0,0,950,951,C
4-HA,790,981,0,0,0,981,A
4-HA,791,0,0,0,988,988,C
4-HA,792,990,0,2,0,992,A
4-HA,793,1,2,988,0,991,G
4-HA,794,0,0,972,0,972,G
4-HA,795,0,1,1010,0,1011,G
4-HA,796,1008,0,1,0,1009,A
4-HA,797,1012,0,1,0,1013,A
4-HA,798,0,999,0,1,1000,T
4-HA,799,0,1,0,1007,1008,C
4-HA,800,0,1027,0,0,1027,T
4-HA,801,1043,0,0,0,1043,A
4-HA,802,1045,0,0,0,1045,A
4-HA,803,0,1021,0,0,1021,T
4-HA,804,0,976,0,0,976,T
4-HA,805,0,1,979,0,980,G
4-HA,806,1,2,0,1001,1004,C
4-HA,807,0,1020,0,3,1023,T
4-HA,808,2,0,0,1045,1047,C
4-HA,809,0,0,0,1076,1076,C
4-HA,810,0,1075,0,0,1075,T
4-HA,811,1091,0,0,0,1091,A
4-HA,812,0,2,1099,0,1101,G
4-HA,813,0,2,1091,0,1093,G
4-HA,814,0,2,1092,0,1094,G
4-HA,815,0,0,1087,0,1087,G
4-HA,816,0,1045,0,0,1045,T
4-HA,817,0,1045,0,1,1046,T
4-HA,818,1046,0,1,0,1047,A
4-HA,819,0,0,0,1057,1057,C
4-HA,820,0,1063,0,2,1065,T
4-HA,821,0,1062,0,0,1062,T
4-HA,822,0,0,1,1048,1049,C
4-HA,823,1062,0,2,0,1064,A
4-HA,824,1055,0,2,0,1057,A
4-HA,825,1055,0,0,0,1055,A
4-HA,826,1059,0,0,0,1059,A
4-HA,827,0,1055,0,0,1055,T
4-HA,828,1050,0,0,0,1050,A
4-HA,829,0,0,0,1054,1054,C
4-HA,830,0,0,1065,0,1065,G
4-HA,831,1050,1,0,0,1051,A
4-HA,832,1054,1,1,0,1056,A
4-HA,833,0,0,1039,0,1039,G
4-HA,834,1,1006,0,0,1007,T
4-HA,835,0,0,1036,0,1036,G
4-HA,836,2,1,1060,0,1063,G
4-HA,837,0,0,1060,0,1060,G
4-HA,838,1068,0,1,1,1070,A
4-HA,839,1075,0,0,0,1075,A
4-HA,840,1073,0,2,0,1075,A
4-HA,841,1061,0,1,0,1062,A
4-HA,842,0,0,1058,0,1058,G
4-HA,843,0,0,0,1060,1060,C
4-HA,844,0,1027,2,0,1029,T
4-HA,845,2,0,0,1068,1070,C
4-HA,846,1087,0,2,0,1089,A
4-HA,847,1098,0,0,0,1098,A
4-HA,848,0,1091,0,1,1092,T
4-HA,849,1111,0,0,0,1111,A
4-HA,850,1095,0,0,0,1095,A
4-HA,851,0,1075,0,0,1075,T
4-HA,852,0,1,1066,0,1067,G
4-HA,853,1078,0,2,0,1080,A
4-HA,854,1,0,1098,0,1099,G
4-HA,855,1102,0,1,0,1103,A
4-HA,856,0,1072,1,1,1074,T
4-HA,857,0,1,0,1122,1123,C
4-HA,858,1133,0,0,0,1133,A
4-HA,859,0,0,1131,0,1131,G
4-HA,860,1146,0,0,0,1146,A
4-HA,861,0,1149,0,0,1149,T
4-HA,862,1,0,1124,0,1125,G
4-HA,863,0,0,0,1094,1094,C
4-HA,864,1079,0,3,0,1082,A
4-HA,865,0,1,0,1104,1105,C
4-HA,866,1,0,0,1106,1107,C
4-HA,867,1,0,0,1131,1132,C
4-HA,868,1123,0,0,0,1123,A
4-HA,869,0,1101,0,0,1101,T
4-HA,870,0,1105,0,0,1105,T
4-HA,871,1,0,1095,0,1096,G
4-HA,872,1,0,1082,0,1083,G
4-HA,873,0,0,0,1107,1107,C
4-HA,874,1103,0,0,0,1103,A
4-HA,875,1092,0,2,0,1094,A
4-HA,876,1099,0,0,0,1099,A
4-HA,877,0,1100,0,0,1100,T
4-HA,878,1,0,1104,1,1106,G
4-HA,879,0,4,0,1097,1101,C
4-HA,880,1097,0,0,0,1097,A
4-HA,881,1131,0,1,0,1132,A
4-HA,882,0,1097,0,1,1098,T
4-HA,883,1,1093,3,0,1097,T
4-HA,884,1,0,0,1117,1118,C
4-HA,885,0,1103,0,2,1105,T
4-HA,886,1,1,1103,0,1105,G
4-HA,887,1111,0,1,0,1112,A
4-HA,888,1114,0,1,0,1115,A
4-HA,889,0,1104,0,0,1104,T
4-HA,890,0,0,1054,0,1054,G
4-HA,891,0,0,0,1055,1055,C
4-HA,892,1100,0,0,0,1100,A
4-HA,893,0,1071,0,0,1071,T
4-HA,894,0,2,0,1078,1080,C
4-HA,895,1068,0,0,0,1068,A
4-HA,896,0,0,0,1104,1104,C
4-HA,897,0,1061,0,0,1061,T
4-HA,898,0,0,0,1115,1115,C
4-HA,899,1,1,0,1115,1117,C
4-HA,900,1135,0,0,0,1135,A
4-HA,901,1126,0,1,1,1128,A
4-HA,902,1122,0,0,0,1122,A
4-HA,903,0,1068,0,2,1070,T
4-HA,904,0,0,1073,0,1073,G
4-HA,905,0,0,1078,0,1078,G
4-HA,906,1075,0,0,0,1075,A
4-HA,907,1067,0,3,0,1070,A
4-HA,908,0,0,1076,0,1076,G
4-HA,909,0,1,0,1058,1059,C
4-HA,910,1058,0,1,0,1059,A
4-HA,911,0,1055,0,1,1056,T
4-HA,912,0,1023,1,0,1024,T
4-HA,913,1,1,0,1075,1077,C
4-HA,914,1,0,0,1080,1081,C
4-HA,915,1,0,0,1091,1092,C
4-HA,916,1094,0,1,0,1095,A
4-HA,917,1109,0,1,0,1110,A
4-HA,918,0,1118,0,3,1121,T
4-HA,919,0,1,1131,0,1132,G
4-HA,920,1130,0,2,0,1132,A
4-HA,921,0,0,0,1138,1138,C
4-HA,922,1111,0,1,0,1112,A
4-HA,923,1111,0,0,0,1111,A
4-HA,924,1102,0,1,1,1104,A
4-HA,925,0,1,0,1094,1095,C
4-HA,926,0,1,0,1108,1109,C
4-HA,927,1091,0,0,0,1091,A
4-HA,928,0,1075,0,3,1078,T
4-HA,929,0,1052,0,1,1053,T
4-HA,930,1,0,0,1078,1079,C
4-HA,931,2,0,0,1096,1098,C
4-HA,932,1105,0,0,1,1106,A
4-HA,933,1104,1,0,0,1105,A
4-HA,934,1103,0,1,0,1104,A
4-HA,935,1123,0,0,0,1123,A
4-HA,936,0,1096,0,0,1096,T
4-HA,937,0,0,1107,0,1107,G
4-HA,938,0,1087,1,1,1089,T
4-HA,939,1132,0,1,1,1134,A
4-HA,940,1130,0,1,0,1131,A
4-HA,941,1132,0,1,0,1133,A
4-HA,942,0,0,0,1141,1141,C
4-HA,943,1135,0,0,0,1135,A
4-HA,944,0,1,1142,1,1144,G
4-HA,945,0,0,1127,0,1127,G
4-HA,946,1168,0,0,0,1168,A
4-HA,947,1,1136,1,1,1139,T
4-HA,948,1,0,0,1172,1173,C
4-HA,949,1202,0,0,0,1202,A
4-HA,950,0,1,0,1235,1236,C
4-HA,951,1258,0,0,0,1258,A
4-HA,952,0,1273,0,1,1274,T
4-HA,953,1251,0,0,0,1251,A
4-HA,954,0,0,0,1240,1240,C
4-HA,955,1,7,1202,0,1210,G
4-HA,956,0,1,1164,1,1166,G
4-HA,957,0,2,1116,0,1118,G
4-HA,958,0,0,1118,0,1118,G
4-HA,959,1,1,0,1097,1099,C
4-HA,960,1,0,0,1125,1126,C
4-HA,961,0,1111,0,0,1111,T
4-HA,962,1,0,1229,0,1230,G
4-HA,963,0,1141,1,0,1142,T
4-HA,964,0,0,1,1190,1191,C
4-HA,965,0,0,0,1206,1206,C
4-HA,966,0,0,0,1235,1235,C
4-HA,967,1259,0,1,0,1260,A
4-HA,968,0,2,1257,0,1259,G
4-HA,969,1255,0,0,0,1255,A
4-HA,970,0,1249,0,1,1250,T
4-HA,971,1180,0,1,0,1181,A
4-HA,972,0,1156,0,2,1158,T
4-HA,973,0,0,1171,0,1171,G
4-HA,974,0,1157,0,2,1159,T
4-HA,975,0,1141,1,0,1142,T
4-HA,976,1180,0,0,0,1180,A
4-HA,977,1164,0,0,0,1164,A
4-HA,978,1,1,1149,0,1151,G
4-HA,979,0,1,0,1141,1142,C
4-HA,980,1168,0,0,0,1168,A
4-HA,981,1169,1,0,0,1170,A
4-HA,982,1146,0,0,0,1146,A
4-HA,983,1153,0,2,0,1155,A
4-HA,984,1,0,0,1136,1137,C
4-HA,985,1121,0,1,0,1122,A
4-HA,986,0,0,0,1114,1114,C
4-HA,987,0,1084,0,2,1086,T
4-HA,988,0,0,0,1124,1124,C
4-HA,989,0,1139,0,0,1139,T
4-HA,990,0,2,1154,0,1156,G
4-HA,991,1152,0,1,0,1153,A
4-HA,992,1160,0,0,0,1160,A
4-HA,993,1165,0,0,0,1165,A
4-HA,994,0,1131,1,0,1132,T
4-HA,995,0,1143,1,1,1145,T
4-HA,996,0,1,1158,0,1159,G
4-HA,997,2,0,1134,0,1136,G
4-HA,998,0,1,0,1142,1143,C
4-HA,999,1152,0,0,0,1152,A
4-HA,1000,1138,0,2,0,1140,A
4-HA,1001,0,0,0,1159,1159,C
4-HA,1002,1158,0,1,0,1159,A
4-HA,1003,1,1,1168,0,1170,G
4-HA,1004,0,0,1161,0,1161,G
4-HA,1005,0,0,1149,0,1149,G
4-HA,1006,1114,0,0,0,1114,A
4-HA,1007,0,1111,0,2,1113,T
4-HA,1008,0,0,1140,0,1140,G
4-HA,1009,0,0,0,1130,1130,C
4-HA,1010,0,0,1161,0,1161,G
4-HA,1011,1155,0,1,0,1156,A
4-HA,1012,1117,0,2,0,1119,A
4-HA,1013,1155,1,3,1,1160,A
4-HA,1014,0,1126,0,0,1126,T
4-HA,1015,0,0,1175,0,1175,G
4-HA,1016,0,1153,0,0,1153,T
4-HA,1017,1152,0,0,0,1152,A
4-HA,1018,1,0,0,1155,1156,C
4-HA,1019,0,0,0,1164,1164,C
4-HA,1020,1169,0,0,0,1169,A
4-HA,1021,0,0,1159,0,1159,G
4-HA,1022,1155,0,2,0,1157,A
4-HA,1023,1,2,1146,0,1149,G
4-HA,1024,1156,0,1,0,1157,A
4-HA,1025,1162,0,1,0,1163,A
4-HA,1026,1154,0,3,0,1157,A
4-HA,1027,1,0,0,1134,1135,C
4-HA,1028,1152,0,0,0,1152,A
4-HA,1029,1163,0,0,0,1163,A
4-HA,1030,1151,0,1,0,1152,A
4-HA,1031,0,1,0,1176,1177,C
4-HA,1032,0,1171,0,0,1171,T
4-HA,1033,1176,0,0,0,1176,A
4-HA,1034,0,1,1181,0,1182,G
4-HA,1035,1143,0,2,0,1145,A
4-HA,1036,1,3,1183,0,1187,G
4-HA,1037,0,1,1163,0,1164,G
4-HA,1038,0,1,0,1121,1122,C
4-HA,1039,1140,0,1,0,1141,A
4-HA,1040,0,1146,0,1,1147,T
4-HA,1041,1183,0,1,0,1184,A
4-HA,1042,0,1159,0,1,1160,T
4-HA,1043,0,1167,0,0,1167,T
4-HA,1044,0,1163,0,0,1163,T
4-HA,1045,0,3,1166,0,1169,G
4-HA,1046,0,0,1157,0,1157,G
4-HA,1047,0,0,0,1110,1110,C
4-HA,1048,0,1,1150,0,1151,G
4-HA,1049,0,0,0,1120,1120,C
4-HA,1050,1124,0,1,0,1125,A
4-HA,1051,1118,0,1,0,1119,A
4-HA,1052,0,1113,1,1,1115,T
4-HA,1053,1,0,0,1135,1136,C
4-HA,1054,1,0,1154,0,1155,G
4-HA,1055,0,0,0,1120,1120,C
4-HA,1056,0,4,1158,0,1162,G
4-HA,1057,0,1,1150,0,1151,G
4-HA,1058,1,0,1163,0,1164,G
4-HA,1059,0,1119,0,2,1121,T
4-HA,1060,0,1116,0,2,1118,T
4-HA,1061,0,1123,0,3,1126,T
4-HA,1062,1,1,0,1144,1146,C
4-HA,1063,1155,0,1,0,1156,A
4-HA,1064,0,1161,0,2,1163,T
4-HA,1065,1154,0,1,0,1155,A
4-HA,1066,0,1,1165,0,1166,G
4-HA,1067,1122,0,0,1,1123,A
4-HA,1068,1145,0,0,0,1145,A
4-HA,1069,1129,0,1,0,1130,A
4-HA,1070,1131,0,1,0,1132,A
4-HA,1071,0,1117,0,0,1117,T
4-HA,1072,0,1,1120,0,1121,G
4-HA,1073,0,1,1107,0,1108,G
4-HA,1074,1,1052,0,1,1054,T
4-HA,1075,0,1089,0,0,1089,T
4-HA,1076,0,0,1101,0,1101,G
4-HA,1077,0,1,1101,0,1102,G
4-HA,1078,1,2,1108,0,1111,G
4-HA,1079,1074,0,0,0,1074,A
4-HA,1080,0,1,1100,0,1101,G
4-HA,1081,0,0,1082,0,1082,G
4-HA,1082,0,0,1078,0,1078,G
4-HA,1083,1051,0,3,0,1054,A
4-HA,1084,1064,0,3,0,1067,A
4-HA,1085,0,1077,0,0,1077,T
4-HA,1086,0,1,1081,0,1082,G
4-HA,1087,0,0,1111,0,1111,G
4-HA,1088,0,1034,1,0,1035,T
4-HA,1089,0,0,1088,0,1088,G
4-HA,1090,0,0,1066,0,1066,G
4-HA,1091,1021,0,0,0,1021,A
4-HA,1092,0,1048,0,2,1050,T
4-HA,1093,0,0,1066,0,1066,G
4-HA,1094,0,1,1074,0,1075,G
4-HA,1095,1,1002,0,0,1003,T
4-HA,1096,0,1017,0,0,1017,T
4-HA,1097,0,0,1017,0,1017,G
4-HA,1098,0,0,1025,0,1025,G
4-HA,1099,0,947,0,0,947,T
4-HA,1100,999,0,0,0,999,A
4-HA,1101,0,2,0,963,965,C
4-HA,1102,2,0,996,0,998,G
4-HA,1103,1,1,1028,0,1030,G
4-HA,1104,0,1003,0,0,1003,T
4-HA,1105,0,1000,0,1,1001,T
4-HA,1106,0,1013,0,1,1014,T
4-HA,1107,1,0,0,1001,1002,C
4-HA,1108,1012,0,0,0,1012,A
4-HA,1109,0,1,989,0,990,G
4-HA,1110,0,0,974,0,974,G
4-HA,1111,0,0,0,992,992,C
4-HA,1112,964,0,1,0,965,A
4-HA,1113,0,961,1,0,962,T
4-HA,1114,1,0,0,970,971,C
4-HA,1115,991,0,0,0,991,A
4-HA,1116,991,0,1,0,992,A
4-HA,1117,993,0,0,0,993,A
4-HA,1118,986,0,1,0,987,A
4-HA,1119,0,961,0,2,963,T
4-HA,1120,1,961,0,0,962,T
4-HA,1121,0,1,0,983,984,C
4-HA,1122,0,999,0,0,999,T
4-HA,1123,0,0,1001,0,1001,G
4-HA,1124,983,0,0,1,984,A
4-HA,1125,0,2,991,0,993,G
4-HA,1126,1,1,986,0,988,G
4-HA,1127,1,1,1004,0,1006,G
4-HA,1128,982,1,0,1,984,A
4-HA,1129,990,0,1,1,992,A
4-HA,1130,0,2,991,0,993,G
4-HA,1131,1013,0,0,1,1014,A
4-HA,1132,0,0,1020,0,1020,G
4-HA,1133,0,2,1001,0,1003,G
4-HA,1134,1003,0,1,1,1005,A
4-HA,1135,1,0,0,988,989,C
4-HA,1136,1013,0,0,1,1014,A
4-HA,1137,995,0,3,1,999,A
4-HA,1138,0,0,1002,0,1002,G
4-HA,1139,0,1,0,987,988,C
4-HA,1140,995,0,0,0,995,A
4-HA,1141,0,0,1002,0,1002,G
4-HA,1142,0,2,0,981,983,C
4-HA,1143,997,0,0,0,997,A
4-HA,1144,0,0,1005,0,1005,G
4-HA,1145,977,0,0,1,978,A
4-HA,1146,0,977,0,1,978,T
4-HA,1147,4,0,0,997,1001,C
4-HA,1148,0,997,0,2,999,T
4-HA,1149,2,0,0,1016,1018,C
4-HA,1150,1027,0,0,2,1029,A
4-HA,1151,1025,0,0,1,1026,A
4-HA,1152,1017,0,0,1,1018,A
4-HA,1153,993,0,1,1,995,A
4-HA,1154,0,0,978,0,978,G
4-HA,1155,0,0,0,944,944,C
4-HA,1156,938,0,0,1,939,A
4-HA,1157,0,0,0,965,965,C
4-HA,1158,0,945,0,2,947,T
4-HA,1159,0,0,0,970,970,C
4-HA,1160,984,0,1,1,986,A
4-HA,1161,994,0,0,1,995,A
4-HA,1162,1,0,989,0,990,G
4-HA,1163,0,0,0,998,998,C
4-HA,1164,981,0,1,0,982,A
4-HA,1165,0,0,958,0,958,G
4-HA,1166,0,1,0,958,959,C
4-HA,1167,968,0,1,0,969,A
4-HA,1168,955,0,0,0,955,A
4-HA,1169,1,908,0,0,909,T
4-HA,1170,2,0,0,926,928,C
4-HA,1171,0,2,934,0,936,G
4-HA,1172,917,0,0,1,918,A
4-HA,1173,0,909,0,0,909,T
4-HA,1174,3,0,0,906,909,C
4-HA,1175,926,0,1,0,927,A
4-HA,1176,950,0,0,0,950,A
4-HA,1177,944,0,1,0,945,A
4-HA,1178,0,909,0,1,910,T
4-HA,1179,2,0,0,934,936,C
4-HA,1180,941,0,0,0,941,A
4-HA,1181,942,0,0,0,942,A
4-HA,1182,0,934,0,0,934,T
4-HA,1183,0,1,956,0,957,G
4-HA,1184,0,0,928,0,928,G
4-HA,1185,0,1,930,0,931,G
4-HA,1186,925,0,1,0,926,A
4-HA,1187,931,0,2,0,933,A
4-HA,1188,0,0,933,0,933,G
4-HA,1189,1,1,0,906,908,C
4-HA,1190,0,932,1,1,934,T
4-HA,1191,1,1,973,0,975,G
4-HA,1192,978,0,0,0,978,A
4-HA,1193,976,0,1,0,977,A
4-HA,1194,0,971,0,0,971,T
4-HA,1195,957,0,0,0,957,A
4-HA,1196,0,0,948,0,948,G
4-HA,1197,881,0,1,0,882,A
4-HA,1198,0,848,0,0,848,T
4-HA,1199,0,874,1,0,875,T
4-HA,1200,0,1,880,0,881,G
4-HA,1201,862,0,0,0,862,A
4-HA,1202,0,866,0,1,867,T
4-HA,1203,0,0,0,872,872,C
4-HA,1204,0,0,867,0,867,G
4-HA,1205,0,1,852,0,853,G
4-HA,1206,0,0,859,0,859,G
4-HA,1207,868,0,0,0,868,A
4-HA,1208,869,0,1,0,870,A
4-HA,1209,866,0,2,0,868,A
4-HA,1210,835,0,2,0,837,A
4-HA,1211,1,0,0,857,858,C
4-HA,1212,1,1,0,856,858,C
4-HA,1213,861,0,0,0,861,A
4-HA,1214,860,0,2,0,862,A
4-HA,1215,0,1,0,849,850,C
4-HA,1216,0,0,874,0,874,G
4-HA,1217,868,0,0,0,868,A
4-HA,1218,0,1,871,0,872,G
4-HA,1219,867,0,0,0,867,A
4-HA,1220,852,0,1,0,853,A
4-HA,1221,854,0,1,0,855,A
4-HA,1222,0,819,1,0,820,T
4-HA,1223,0,830,0,0,830,T
4-HA,1224,3,0,0,832,835,C
4-HA,1225,0,0,0,847,847,C
4-HA,1226,846,0,1,0,847,A
4-HA,1227,1,821,2,0,824,T
4-HA,1228,0,1,0,849,850,C
4-HA,1229,854,0,0,0,854,A
4-HA,1230,0,0,855,0,855,G
4-HA,1231,848,0,0,0,848,A
4-HA,1232,0,846,0,0,846,T
4-HA,1233,0,842,0,0,842,T
4-HA,1234,0,0,846,0,846,G
4-HA,1235,853,0,1,0,854,A
4-HA,1236,853,0,0,0,853,A
4-HA,1237,852,0,1,0,853,A
4-HA,1238,855,0,0,0,855,A
4-HA,1239,845,0,1,0,846,A
4-HA,1240,0,1,841,0,842,G
4-HA,1241,838,0,3,0,841,A
4-HA,1242,837,0,0,0,837,A
4-HA,1243,0,809,0,2,811,T
4-HA,1244,0,819,0,1,820,T
4-HA,1245,0,0,0,826,826,C
4-HA,1246,0,831,0,0,831,T
4-HA,1247,0,1,0,822,823,C
4-HA,1248,818,0,3,0,821,A
4-HA,1249,0,1,825,0,826,G
4-HA,1250,819,0,0,0,819,A
4-HA,1251,815,0,0,0,815,A
4-HA,1252,0,0,808,0,808,G
4-HA,1253,1,767,0,1,769,T
4-HA,1254,0,0,0,795,795,C
4-HA,1255,0,0,800,0,800,G
4-HA,1256,805,0,3,0,808,A
4-HA,1257,789,0,5,0,794,A
4-HA,1258,0,0,793,0,793,G
4-HA,1259,2,0,806,0,808,G
4-HA,1260,0,1,784,0,785,G
4-HA,1261,759,0,1,0,760,A
4-HA,1262,0,0,772,0,772,G
4-HA,1263,773,0,1,0,774,A
4-HA,1264,817,0,0,0,817,A
4-HA,1265,0,800,0,0,800,T
4-HA,1266,0,803,0,1,804,T
4-HA,1267,0,0,0,807,807,C
4-HA,1268,785,0,2,0,787,A
4-HA,1269,0,0,778,1,779,G
4-HA,1270,0,1,780,0,781,G
4-HA,1271,725,0,1,0,726,A
4-HA,1272,0,0,0,740,740,C
4-HA,1273,1,0,0,711,712,C
4-HA,1274,0,700,0,1,701,T
4-HA,1275,0,688,0,26,714,T
4-HA,1276,0,0,728,0,728,G
4-HA,1277,724,0,0,0,724,A
4-HA,1278,0,1,736,0,737,G
4-HA,1279,719,0,2,0,721,A
4-HA,1280,657,0,0,0,657,A
4-HA,1281,659,0,1,0,660,A
4-HA,1282,0,639,0,0,639,T
4-HA,1283,662,0,0,0,662,A
4-HA,1284,0,647,0,1,648,T
4-HA,1285,0,0,650,0,650,G
4-HA,1286,0,647,0,0,647,T
4-HA,1287,0,623,0,0,623,T
4-HA,1288,0,1,618,1,620,G
4-HA,1289,613,0,0,2,615,A
4-HA,1290,0,0,612,0,612,G
4-HA,1291,0,1,609,0,610,G
4-HA,1292,596,0,1,0,597,A
4-HA,1293,0,0,0,623,623,C
4-HA,1294,598,0,1,0,599,A
4-HA,1295,0,0,0,616,616,C
4-HA,1296,0,606,0,0,606,T
4-HA,1297,652,0,0,0,652,A
4-HA,1298,660,0,0,0,660,A
4-HA,1299,671,0,0,0,671,A
4-HA,1300,664,0,1,0,665,A
4-HA,1301,0,657,1,1,659,T
4-HA,1302,622,0,1,0,623,A
4-HA,1303,0,0,619,0,619,G
4-HA,1304,609,0,0,0,609,A
4-HA,1305,1,582,0,3,586,T
4-HA,1306,1,0,1,598,600,C
4-HA,1307,0,573,0,2,575,T
4-HA,1308,0,0,0,605,605,C
4-HA,1309,0,597,0,1,598,T
4-HA,1310,0,1,595,0,596,G
4-HA,1311,1,0,621,0,622,G
4-HA,1312,0,606,0,0,606,T
4-HA,1313,1,0,0,620,621,C
4-HA,1314,626,0,0,0,626,A
4-HA,1315,0,620,0,1,621,T
4-HA,1316,618,0,0,0,618,A
4-HA,1317,0,0,0,625,625,C
4-HA,1318,613,0,0,0,613,A
4-HA,1319,615,0,1,0,616,A
4-HA,1320,0,1,0,587,588,C
4-HA,1321,0,1,581,0,582,G
4-HA,1322,0,0,0,589,589,C
4-HA,1323,0,0,578,0,578,G
4-HA,1324,0,2,573,0,575,G
4-HA,1325,588,0,0,0,588,A
4-HA,1326,0,0,583,0,583,G
4-HA,1327,0,0,0,583,583,C
4-HA,1328,0,581,0,0,581,T
4-HA,1329,0,584,0,0,584,T
4-HA,1330,0,1,0,590,591,C
4-HA,1331,0,597,0,1,598,T
4-HA,1332,0,600,0,0,600,T
4-HA,1333,1,0,612,0,613,G
4-HA,1334,0,598,0,0,598,T
4-HA,1335,0,588,0,0,588,T
4-HA,1336,1,0,584,0,585,G
4-HA,1337,1,0,0,587,588,C
4-HA,1338,0,1,0,590,591,C
4-HA,1339,0,1,0,596,597,C
4-HA,1340,2,600,0,0,602,T
4-HA,1341,0,0,626,0,626,G
4-HA,1342,0,0,611,0,611,G
4-HA,1343,628,0,0,0,628,A
4-HA,1344,0,0,616,1,617,G
4-HA,1345,620,0,0,0,620,A
4-HA,1346,626,0,0,0,626,A
4-HA,1347,1,0,0,619,620,C
4-HA,1348,0,0,0,629,629,C
4-HA,1349,635,0,1,0,636,A
4-HA,1350,666,0,0,0,666,A
4-HA,1351,0,0,0,656,656,C
4-HA,1352,674,0,1,0,675,A
4-HA,1353,1,657,0,0,658,T
4-HA,1354,667,0,0,0,667,A
4-HA,1355,0,0,0,682,682,C
4-HA,1356,685,0,0,0,685,A
4-HA,1357,676,0,0,0,676,A
4-HA,1358,1,661,1,0,663,T
4-HA,1359,0,641,0,1,642,T
4-HA,1360,0,0,659,0,659,G
4-HA,1361,661,0,0,0,661,A
4-HA,1362,0,656,0,1,657,T
4-HA,1363,0,0,0,676,676,C
4-HA,1364,0,661,0,0,661,T
4-HA,1365,675,0,0,0,675,A
4-HA,1366,682,0,1,0,683,A
4-HA,1367,0,1,0,675,676,C
4-HA,1368,0,665,0,0,665,T
4-HA,1369,0,1,667,0,668,G
4-HA,1370,651,0,2,0,653,A
4-HA,1371,0,0,0,657,657,C
4-HA,1372,0,640,0,2,642,T
4-HA,1373,3,1,0,653,657,C
4-HA,1374,665,0,1,0,666,A
4-HA,1375,0,0,676,0,676,G
4-HA,1376,671,0,0,0,671,A
4-HA,1377,674,0,0,0,674,A
4-HA,1378,666,0,0,0,666,A
4-HA,1379,0,664,0,0,664,T
4-HA,1380,0,1,679,0,680,G
4-HA,1381,666,0,1,0,667,A
4-HA,1382,679,0,1,0,680,A
4-HA,1383,0,0,0,686,686,C
4-HA,1384,679,0,0,0,679,A
4-HA,1385,681,0,1,0,682,A
4-HA,1386,668,0,1,0,669,A
4-HA,1387,0,0,0,688,688,C
4-HA,1388,0,671,0,0,671,T
4-HA,1389,0,0,689,0,689,G
4-HA,1390,0,664,1,0,665,T
4-HA,1391,0,680,0,0,680,T
4-HA,1392,0,685,0,0,685,T
4-HA,1393,0,0,686,0,686,G
4-HA,1394,688,0,0,0,688,A
4-HA,1395,685,0,0,0,685,A
4-HA,1396,690,0,0,0,690,A
4-HA,1397,681,0,1,0,682,A
4-HA,1398,673,0,0,0,673,A
4-HA,1399,679,0,1,0,680,A
4-HA,1400,0,0,0,684,684,C
4-HA,1401,685,0,0,0,685,A
4-HA,1402,691,0,0,0,691,A
4-HA,1403,688,0,0,0,688,A
4-HA,1404,1,0,684,0,685,G
4-HA,1405,685,0,2,0,687,A
4-HA,1406,685,0,2,0,687,A
4-HA,1407,1,0,664,0,665,G
4-HA,1408,0,1,0,679,680,C
4-HA,1409,704,0,0,0,704,A
4-HA,1410,708,0,0,0,708,A
4-HA,1411,0,0,0,684,684,C
4-HA,1412,0,689,0,0,689,T
4-HA,1413,0,1,685,0,686,G
4-HA,1414,694,0,0,0,694,A
4-HA,1415,0,1,681,0,682,G
4-HA,1416,0,0,691,0,691,G
4-HA,1417,0,1,702,0,703,G
4-HA,1418,711,0,0,0,711,A
4-HA,1419,711,0,1,0,712,A
4-HA,1420,709,0,0,0,709,A
4-HA,1421,711,0,1,0,712,A
4-HA,1422,1,701,0,0,702,T
4-HA,1423,0,0,704,0,704,G
4-HA,1424,1,0,0,684,685,C
4-HA,1425,0,698,0,1,699,T
4-HA,1426,1,0,702,0,703,G
4-HA,1427,708,0,0,0,708,A
4-HA,1428,0,0,713,0,713,G
4-HA,1429,0,0,721,0,721,G
4-HA,1430,724,0,1,0,725,A
4-HA,1431,0,716,0,1,717,T
4-HA,1432,711,0,1,0,712,A
4-HA,1433,0,693,0,1,694,T
4-HA,1434,0,2,710,0,712,G
4-HA,1435,1,1,718,0,720,G
4-HA,1436,0,0,718,0,718,G
4-HA,1437,0,0,0,669,669,C
4-HA,1438,674,0,3,0,677,A
4-HA,1439,668,0,0,0,668,A
4-HA,1440,0,658,0,0,658,T
4-HA,1441,0,0,664,0,664,G
4-HA,1442,0,0,670,0,670,G
4-HA,1443,0,634,0,0,634,T
4-HA,1444,0,636,0,1,637,T
4-HA,1445,0,1,630,0,631,G
4-HA,1446,0,611,1,0,612,T
4-HA,1447,0,620,0,0,620,T
4-HA,1448,0,636,0,0,636,T
4-HA,1449,0,0,0,651,651,C
4-HA,1450,660,0,0,0,660,A
4-HA,1451,663,0,1,0,664,A
4-HA,1452,665,0,0,0,665,A
4-HA,1453,675,0,1,0,676,A
4-HA,1454,0,666,0,0,666,T
4-HA,1455,680,0,0,0,680,A
4-HA,1456,0,657,0,0,657,T
4-HA,1457,651,0,0,0,651,A
4-HA,1458,0,1,0,649,650,C
4-HA,1459,1,0,0,651,652,C
4-HA,1460,650,0,1,1,652,A
4-HA,1461,1,0,0,664,665,C
4-HA,1462,675,0,1,0,676,A
4-HA,1463,675,0,1,0,676,A
4-HA,1464,669,0,2,0,671,A
4-HA,1465,0,649,0,0,649,T
4-HA,1466,0,0,675,0,675,G
4-HA,1467,0,658,0,0,658,T
4-HA,1468,1,0,670,0,671,G
4-HA,1469,681,0,2,0,683,A
4-HA,1470,0,0,0,675,675,C
4-HA,1471,665,0,0,0,665,A
4-HA,1472,678,0,0,0,678,A
4-HA,1473,0,669,0,1,670,T
4-HA,1474,0,2,676,0,678,G
4-HA,1475,2,0,0,647,649,C
4-HA,1476,0,0,0,652,652,C
4-HA,1477,0,666,0,0,666,T
4-HA,1478,0,0,695,0,695,G
4-HA,1479,0,0,0,695,695,C
4-HA,1480,703,0,1,0,704,A
4-HA,1481,0,703,0,0,703,T
4-HA,1482,683,1,0,0,684,A
4-HA,1483,0,0,697,0,697,G
4-HA,1484,1,1,685,0,687,G
4-HA,1485,671,0,1,0,672,A
4-HA,1486,0,659,0,1,660,T
4-HA,1487,1,1,0,624,626,C
4-HA,1488,643,0,0,0,643,A
4-HA,1489,644,0,0,0,644,A
4-HA,1490,0,643,0,0,643,T
4-HA,1491,1,0,0,638,639,C
4-HA,1492,642,0,0,0,642,A
4-HA,1493,0,0,635,0,635,G
4-HA,1494,638,0,1,0,639,A
4-HA,1495,644,0,1,0,645,A
4-HA,1496,644,0,0,0,644,A
4-HA,1497,0,629,0,0,629,T
4-HA,1498,0,1,624,0,625,G
4-HA,1499,0,0,629,0,629,G
4-HA,1500,624,0,0,0,624,A
4-HA,1501,627,0,0,0,627,A
4-HA,1502,1,0,0,630,631,C
4-HA,1503,0,619,0,1,620,T
4-HA,1504,0,630,0,1,631,T
4-HA,1505,637,0,0,0,637,A
4-HA,1506,0,626,0,1,627,T
4-HA,1507,0,1,632,0,633,G
4-HA,1508,628,0,1,0,629,A
4-HA,1509,0,0,0,615,615,C
4-HA,1510,2,0,0,607,609,C
4-HA,1511,629,0,0,0,629,A
4-HA,1512,0,0,0,635,635,C
4-HA,1513,0,0,634,0,634,G
4-HA,1514,657,0,1,0,658,A
4-HA,1515,0,645,0,0,645,T
4-HA,1516,0,0,671,0,671,G
4-HA,1517,0,647,0,0,647,T
4-HA,1518,682,0,1,0,683,A
4-HA,1519,0,679,0,0,679,T
4-HA,1520,679,0,0,0,679,A
4-HA,1521,0,1,0,682,683,C
4-HA,1522,616,0,0,0,616,A
4-HA,1523,0,0,613,0,613,G
4-HA,1524,574,0,0,0,574,A
4-HA,1525,0,0,554,0,554,G
4-HA,1526,548,0,1,0,549,A
4-HA,1527,0,495,0,0,495,T
4-HA,1528,2,0,492,0,494,G
4-HA,1529,495,0,0,0,495,A
4-HA,1530,483,0,3,0,486,A
4-HA,1531,0,0,491,0,491,G
4-HA,1532,1,0,0,474,475,C
4-HA,1533,474,0,1,0,475,A
4-HA,1534,0,470,0,0,470,T
4-HA,1535,0,464,0,1,465,T
4-HA,1536,483,0,0,0,483,A
4-HA,1537,479,0,0,0,479,A
4-HA,1538,475,0,2,0,477,A
4-HA,1539,0,0,0,474,474,C
4-HA,1540,449,0,0,0,449,A
4-HA,1541,443,0,0,0,443,A
4-HA,1542,1,0,0,427,428,C
4-HA,1543,1,0,0,429,430,C
4-HA,1544,0,0,439,0,439,G
4-HA,1545,0,0,434,0,434,G
4-HA,1546,0,432,0,1,433,T
4-HA,1547,0,420,0,0,420,T
4-HA,1548,0,409,0,1,410,T
4-HA,1549,0,0,0,422,422,C
4-HA,1550,433,0,1,0,434,A
4-HA,1551,1,0,430,0,431,G
4-HA,1552,431,0,1,0,432,A
4-HA,1553,0,426,0,0,426,T
4-HA,1554,2,0,0,410,412,C
4-HA,1555,409,0,2,0,411,A
4-HA,1556,407,0,0,0,407,A
4-HA,1557,0,0,420,0,420,G
4-HA,1558,0,0,409,0,409,G
4-HA,1559,0,1,395,0,396,G
4-HA,1560,382,0,1,1,384,A
4-HA,1561,0,0,395,0,395,G
4-HA,1562,0,392,0,1,393,T
4-HA,1563,0,401,0,1,402,T
4-HA,1564,0,0,404,0,404,G
4-HA,1565,387,0,1,0,388,A
4-HA,1566,0,0,394,0,394,G
4-HA,1567,0,1,0,382,383,C
4-HA,1568,0,399,0,1,400,T
4-HA,1569,0,1,396,0,397,G
4-HA,1570,389,0,0,0,389,A
4-HA,1571,397,0,0,0,397,A
4-HA,1572,0,0,389,0,389,G
4-HA,1573,0,375,0,0,375,T
4-HA,1574,1,0,0,375,376,C
4-HA,1575,373,0,0,0,373,A
4-HA,1576,1,0,365,0,366,G
4-HA,1577,1,0,365,1,367,G
4-HA,1578,0,1,341,0,342,G
4-HA,1579,0,369,0,1,370,T
4-HA,1580,354,1,1,0,356,A
4-HA,1581,0,1,0,358,359,C
4-HA,1582,369,1,0,0,370,A
4-HA,1583,369,0,0,0,369,A
4-HA,1584,357,0,0,0,357,A
4-HA,1585,0,1,354,0,355,G
4-HA,1586,358,0,0,0,358,A
4-HA,1587,0,347,0,0,347,T
4-HA,1588,0,343,0,0,343,T
4-HA,1589,0,0,335,0,335,G
4-HA,1590,0,0,325,0,325,G
4-HA,1591,322,0,0,0,322,A
4-HA,1592,0,328,0,0,328,T
4-HA,1593,0,0,0,321,321,C
4-HA,1594,0,0,0,328,328,C
4-HA,1595,0,338,0,0,338,T
4-HA,1596,329,0,0,0,329,A
4-HA,1597,0,334,0,0,334,T
4-HA,1598,0,0,328,0,328,G
4-HA,1599,0,1,334,0,335,G
4-HA,1600,306,0,0,0,306,A
4-HA,1601,0,325,0,0,325,T
4-HA,1602,0,308,0,0,308,T
4-HA,1603,0,317,0,1,318,T
4-HA,1604,0,0,0,300,300,C
4-HA,1605,0,0,0,318,318,C
4-HA,1606,0,324,0,0,324,T
4-HA,1607,0,326,0,0,326,T
4-HA,1608,0,321,0,0,321,T
4-HA,1609,0,0,322,0,322,G
4-HA,1610,0,0,0,312,312,C
4-HA,1611,0,0,0,314,314,C
4-HA,1612,316,0,0,0,316,A
4-HA,1613,1,314,0,0,315,T
4-HA,1614,317,0,0,0,317,A
4-HA,1615,0,314,0,0,314,T
4-HA,1616,1,0,0,307,308,C
4-HA,1617,316,0,0,0,316,A
4-HA,1618,0,311,0,0,311,T
4-HA,1619,0,0,320,0,320,G
4-HA,1620,0,317,0,0,317,T
4-HA,1621,0,316,0,0,316,T
4-HA,1622,0,308,0,1,309,T
4-HA,1623,0,299,0,1,300,T
4-HA,1624,0,294,0,0,294,T
4-HA,1625,0,295,0,1,296,T
4-HA,1626,0,0,286,0,286,G
4-HA,1627,0,1,0,280,281,C
4-HA,1628,0,274,1,1,276,T
4-HA,1629,0,294,0,0,294,T
4-HA,1630,0,291,0,0,291,T
4-HA,1631,0,0,293,0,293,G
4-HA,1632,0,288,0,0,288,T
4-HA,1633,0,0,294,0,294,G
4-HA,1634,0,289,0,0,289,T
4-HA,1635,0,289,0,0,289,T
4-HA,1636,1,0,282,0,283,G
4-HA,1637,0,0,0,276,276,C
4-HA,1638,0,280,0,0,280,T
4-HA,1639,0,293,0,0,293,T
4-HA,1640,0,265,0,0,265,T
4-HA,1641,0,0,273,0,273,G
4-HA,1642,0,267,0,1,268,T
4-HA,1643,0,269,0,0,269,T
4-HA,1644,0,1,260,0,261,G
4-HA,1645,0,0,258,0,258,G
4-HA,1646,0,0,254,0,254,G
4-HA,1647,0,0,256,0,256,G
4-HA,1648,0,251,0,0,251,T
4-HA,1649,0,254,0,0,254,T
4-HA,1650,2,0,0,239,241,C
4-HA,1651,239,0,0,0,239,A
4-HA,1652,0,233,0,0,233,T
4-HA,1653,0,0,0,237,237,C
4-HA,1654,231,0,0,0,231,A
4-HA,1655,0,229,0,0,229,T
4-HA,1656,0,0,226,0,226,G
4-HA,1657,0,211,0,0,211,T
4-HA,1658,0,0,203,0,203,G
4-HA,1659,0,0,199,0,199,G
4-HA,1660,1,0,193,0,194,G
4-HA,1661,0,1,0,186,187,C
4-HA,1662,0,0,0,188,188,C
4-HA,1663,0,183,0,0,183,T
4-HA,1664,0,0,176,0,176,G
4-HA,1665,0,0,0,171,171,C
4-HA,1666,1,0,0,179,180,C
4-HA,1667,185,0,0,0,185,A
4-HA,1668,184,0,0,0,184,A
4-HA,1669,183,0,1,0,184,A
4-HA,1670,186,0,0,0,186,A
4-HA,1671,182,0,0,0,182,A
4-HA,1672,0,1,172,0,173,G
4-HA,1673,0,0,168,0,168,G
4-HA,1674,0,0,0,169,169,C
4-HA,1675,170,0,0,0,170,A
4-HA,1676,170,0,0,0,170,A
4-HA,1677,0,0,0,171,171,C
4-HA,1678,168,0,0,0,168,A
4-HA,1679,0,167,0,0,167,T
4-HA,1680,0,172,0,0,172,T
4-HA,1681,162,0,0,0,162,A
4-HA,1682,0,0,163,0,163,G
4-HA,1683,0,0,163,0,163,G
4-HA,1684,0,162,0,0,162,T
4-HA,1685,0,0,149,0,149,G
4-HA,1686,0,1,0,143,144,C
4-HA,1687,144,0,0,0,144,A
4-HA,1688,143,0,2,0,145,A
4-HA,1689,1,0,0,145,146,C
4-HA,1690,141,0,0,0,141,A
4-HA,1691,0,138,1,0,139,T
4-HA,1692,0,132,0,0,132,T
4-HA,1693,0,136,0,0,136,T
4-HA,1694,0,0,134,0,134,G
4-HA,1695,0,0,0,121,121,C
4-HA,1696,123,0,0,0,123,A
4-HA,1697,0,116,0,0,116,T
4-HA,1698,0,114,0,0,114,T
4-HA,1699,0,113,0,0,113,T
4-HA,1700,0,0,114,0,114,G
4-HA,1701,108,0,0,0,108,A
5-NP,1,215,0,0,0,215,A
5-NP,2,0,213,0,0,213,T
5-NP,3,0,0,210,0,210,G
5-NP,4,0,0,209,0,209,G
5-NP,5,0,0,0,215,215,C
5-NP,6,0,0,221,0,221,G
5-NP,7,0,231,0,1,232,T
5-NP,8,0,0,0,236,236,C
5-NP,9,0,0,0,236,236,C
5-NP,10,0,0,0,242,242,C
5-NP,11,249,0,1,0,250,A
5-NP,12,244,0,0,0,244,A
5-NP,13,0,1,245,0,246,G
5-NP,14,0,0,253,0,253,G
5-NP,15,0,0,0,253,253,C
5-NP,16,257,0,0,0,257,A
5-NP,17,0,0,0,257,257,C
5-NP,18,1,0,0,256,257,C
5-NP,19,265,0,1,0,266,A
5-NP,20,260,0,0,0,260,A
5-NP,21,261,0,0,0,261,A
5-NP,22,0,0,0,261,261,C
5-NP,23,0,0,260,0,260,G
5-NP,24,0,1,291,0,292,G
5-NP,25,0,273,0,0,273,T
5-NP,26,0,0,0,311,311,C
5-NP,27,0,308,0,0,308,T
5-NP,28,0,320,0,1,321,T
5-NP,29,325,0,0,0,325,A
5-NP,30,0,320,0,0,320,T
5-NP,31,0,2,329,0,331,G
5-NP,32,326,1,1,0,328,A
5-NP,33,322,0,2,0,324,A
5-NP,34,0,0,0,329,329,C
5-NP,35,321,0,0,0,321,A
5-NP,36,0,1,341,0,342,G
5-NP,37,337,0,1,0,338,A
5-NP,38,0,343,0,0,343,T
5-NP,39,0,0,347,0,347,G
5-NP,40,0,1,340,0,341,G
5-NP,41,343,0,0,0,343,A
5-NP,42,351,0,1,0,352,A
5-NP,43,351,0,0,0,351,A
5-NP,44,0,0,0,365,365,C
5-NP,45,0,366,0,0,366,T
5-NP,46,0,0,372,0,372,G
5-NP,47,341,0,2,0,343,A
5-NP,48,0,361,0,0,361,T
5-NP,49,0,0,372,0,372,G
5-NP,50,0,1,367,0,368,G
5-NP,51,0,0,363,0,363,G
5-NP,52,0,0,368,0,368,G
5-NP,53,366,0,2,0,368,A
5-NP,54,0,349,0,0,349,T
5-NP,55,0,0,0,361,361,C
5-NP,56,1,0,363,0,364,G
5-NP,57,0,0,0,373,373,C
5-NP,58,0,0,0,371,371,C
5-NP,59,372,0,1,0,373,A
5-NP,60,0,0,371,0,371,G
5-NP,61,371,0,0,0,371,A
5-NP,62,371,0,0,0,371,A
5-NP,63,0,374,0,0,374,T
5-NP,64,0,0,374,0,374,G
5-NP,65,0,0,0,379,379,C
5-NP,66,379,0,0,0,379,A
5-NP,67,386,0,2,0,388,A
5-NP,68,0,1,0,391,392,C
5-NP,69,0,392,0,0,392,T
5-NP,70,0,1,387,0,388,G
5-NP,71,382,0,0,0,382,A
5-NP,72,0,0,412,0,412,G
5-NP,73,414,0,0,0,414,A
5-NP,74,0,409,0,0,409,T
5-NP,75,0,408,0,0,408,T
5-NP,76,412,0,0,0,412,A
5-NP,77,0,0,398,0,398,G
5-NP,78,0,0,401,0,401,G
5-NP,79,0,0,402,0,402,G
5-NP,80,1,0,0,401,402,C
5-NP,81,399,0,0,0,399,A
5-NP,82,0,392,0,1,393,T
5-NP,83,1,0,0,392,393,C
5-NP,84,1,1,0,393,395,C
5-NP,85,0,0,408,0,408,G
5-NP,86,0,401,0,2,403,T
5-NP,87,0,2,0,408,410,C
5-NP,88,0,0,414,0,414,G
5-NP,89,0,0,408,0,408,G
5-NP,90,1,0,415,0,416,G
5-NP,91,408,0,0,0,408,A
5-NP,92,413,0,2,0,415,A
5-NP,93,0,0,422,0,422,G
5-NP,94,402,0,0,0,402,A
5-NP,95,0,414,0,0,414,T
5-NP,96,0,1,420,0,421,G
5-NP,97,415,0,0,0,415,A
5-NP,98,0,414,0,0,414,T
5-NP,99,0,420,0,0,420,T
5-NP,100,0,0,422,0,422,G
5-NP,101,413,0,1,0,414,A
5-NP,102,0,414,0,0,414,T
5-NP,103,0,0,419,0,419,G
5-NP,104,0,0,414,0,414,G
5-NP,105,0,0,410,0,410,G
5-NP,106,416,0,1,0,417,A
5-NP,107,0,424,0,0,424,T
5-NP,108,0,424,0,0,424,T
5-NP,109,0,1,420,0,421,G
5-NP,110,0,0,419,0,419,G
5-NP,111,0,0,426,0,426,G
5-NP,112,420,0,1,0,421,A
5-NP,113,0,0,424,0,424,G
5-NP,114,405,0,0,0,405,A
5-NP,115,0,406,0,0,406,T
5-NP,116,0,417,0,0,417,T
5-NP,117,0,0,0,422,422,C
5-NP,118,0,420,0,0,420,T
5-NP,119,431,0,0,0,431,A
5-NP,120,0,1,0,420,421,C
5-NP,121,432,0,0,0,432,A
5-NP,122,0,438,0,0,438,T
5-NP,123,0,0,0,439,439,C
5-NP,124,1,0,0,438,439,C
5-NP,125,433,0,0,0,433,A
5-NP,126,448,0,3,0,451,A
5-NP,127,447,0,0,0,447,A
5-NP,128,0,448,0,0,448,T
5-NP,129,0,0,448,0,448,G
5-NP,130,0,423,0,1,424,T
5-NP,131,0,0,437,0,437,G
5-NP,132,0,0,0,420,420,C
5-NP,133,433,0,0,0,433,A
5-NP,134,0,0,0,435,435,C
5-NP,135,0,426,0,1,427,T
5-NP,136,0,0,464,0,464,G
5-NP,137,455,0,1,0,456,A
5-NP,138,465,0,1,0,466,A
5-NP,139,0,0,0,474,474,C
5-NP,140,0,481,0,1,482,T
5-NP,141,0,486,0,0,486,T
5-NP,142,487,0,1,0,488,A
5-NP,143,484,0,0,0,484,A
5-NP,144,484,1,0,0,485,A
5-NP,145,0,0,0,477,477,C
5-NP,146,0,461,0,0,461,T
5-NP,147,2,0,0,463,465,C
5-NP,148,460,0,1,0,461,A
5-NP,149,0,0,467,0,467,G
5-NP,150,0,459,0,1,460,T
5-NP,151,0,0,468,0,468,G
5-NP,152,482,0,0,0,482,A
5-NP,153,0,477,0,0,477,T
5-NP,154,0,0,0,494,494,C
5-NP,155,494,0,1,1,496,A
5-NP,156,0,499,0,0,499,T
5-NP,157,0,1,506,0,507,G
5-NP,158,490,0,3,0,493,A
5-NP,159,490,0,1,0,491,A
5-NP,160,0,0,495,0,495,G
5-NP,161,0,0,487,0,487,G
5-NP,162,0,0,487,0,487,G
5-NP,163,0,0,0,486,486,C
5-NP,164,0,0,490,0,490,G
5-NP,165,0,0,484,0,484,G
5-NP,166,0,474,0,0,474,T
5-NP,167,0,486,0,0,486,T
5-NP,168,0,0,474,0,474,G
5-NP,169,548,0,0,0,548,A
5-NP,170,0,542,0,0,542,T
5-NP,171,2,0,0,548,550,C
5-NP,172,1,0,0,549,550,C
5-NP,173,555,0,0,0,555,A
5-NP,174,2,0,557,0,559,G
5-NP,175,550,0,0,0,550,A
5-NP,176,555,0,1,0,556,A
5-NP,177,0,0,0,557,557,C
5-NP,178,520,0,2,1,523,A
5-NP,179,0,0,532,0,532,G
5-NP,180,0,0,0,522,522,C
5-NP,181,0,525,0,0,525,T
5-NP,182,0,545,0,0,545,T
5-NP,183,0,0,538,0,538,G
5-NP,184,538,0,1,0,539,A
5-NP,185,0,0,0,537,537,C
5-NP,186,549,0,0,0,549,A
5-NP,187,543,0,0,0,543,A
5-NP,188,0,533,0,0,533,T
5-NP,189,536,0,0,0,536,A
5-NP,190,0,0,532,0,532,G
5-NP,191,530,0,1,1,532,A
5-NP,192,0,1,539,1,541,G
5-NP,193,530,0,0,0,530,A
5-NP,194,537,0,0,0,537,A
5-NP,195,531,0,0,0,531,A
5-NP,196,532,0,1,0,533,A
5-NP,197,0,531,0,0,531,T
5-NP,198,0,1,534,0,535,G
5-NP,199,1,1,535,0,537,G
5-NP,200,0,510,0,0,510,T
5-NP,201,532,0,0,0,532,A
5-NP,202,0,0,0,534,534,C
5-NP,203,0,513,0,0,513,T
5-NP,204,0,0,0,531,531,C
5-NP,205,0,494,1,2,497,T
5-NP,206,1,0,0,539,540,C
5-NP,207,0,0,531,0,531,G
5-NP,208,0,1,533,0,534,G
5-NP,209,0,0,0,525,525,C
5-NP,210,0,519,0,0,519,T
5-NP,211,0,528,0,1,529,T
5-NP,212,0,533,0,0,533,T
5-NP,213,0,533,0,0,533,T
5-NP,214,0,1,542,0,543,G
5-NP,215,533,0,0,0,533,A
5-NP,216,0,527,0,0,527,T
5-NP,217,0,0,527,0,527,G
5-NP,218,540,0,0,0,540,A
5-NP,219,542,0,0,0,542,A
5-NP,220,541,0,0,0,541,A
5-NP,221,0,0,541,0,541,G
5-NP,222,538,0,2,0,540,A
5-NP,223,536,0,0,0,536,A
5-NP,224,0,0,539,0,539,G
5-NP,225,0,0,557,0,557,G
5-NP,226,562,0,2,0,564,A
5-NP,227,567,0,1,0,568,A
5-NP,228,0,548,1,0,549,T
5-NP,229,565,0,0,0,565,A
5-NP,230,565,0,2,0,567,A
5-NP,231,563,0,1,0,564,A
5-NP,232,0,546,0,0,546,T
5-NP,233,528,0,1,0,529,A
5-NP,234,0,0,0,540,540,C
5-NP,235,0,0,0,517,517,C
5-NP,236,0,526,0,1,527,T
5-NP,237,1,0,542,0,543,G
5-NP,238,0,1,550,0,551,G
5-NP,239,541,0,0,0,541,A
5-NP,240,553,0,0,0,553,A
5-NP,241,0,1,546,0,547,G
5-NP,242,556,0,1,0,557,A
5-NP,243,549,0,2,0,551,A
5-NP,244,0,0,0,540,540,C
5-NP,245,540,1,0,0,541,A
5-NP,246,0,1,0,550,551,C
5-NP,247,0,0,0,546,546,C
5-NP,248,2,0,0,547,549,C
5-NP,249,1,0,0,553,554,C
5-NP,250,552,0,0,0,552,A
5-NP,251,0,0,552,0,552,G
5-NP,252,0,3,0,533,536,C
5-NP,253,0,0,539,0,539,G
5-NP,254,2,0,0,538,540,C
5-NP,255,0,2,541,0,543,G
5-NP,256,0,1,550,0,551,G
5-NP,257,0,0,544,0,544,G
5-NP,258,0,0,546,0,546,G
5-NP,259,550,0,0,0,550,A
5-NP,260,555,0,0,0,555,A
5-NP,261,555,0,2,0,557,A
5-NP,262,0,0,558,0,558,G
5-NP,263,543,0,1,0,544,A
5-NP,264,0,499,0,0,499,T
5-NP,265,3,0,0,525,528,C
5-NP,266,2,0,1,511,514,C
5-NP,267,0,1,0,544,545,C
5-NP,268,553,0,0,0,553,A
5-NP,269,554,1,0,0,555,A
5-NP,270,0,0,550,0,550,G
5-NP,271,557,0,0,0,557,A
5-NP,272,552,0,0,0,552,A
5-NP,273,551,0,0,0,551,A
5-NP,274,544,0,0,0,544,A
5-NP,275,0,1,0,547,548,C
5-NP,276,0,522,1,1,524,T
5-NP,277,0,0,552,0,552,G
5-NP,278,1,2,539,0,542,G
5-NP,279,0,1,540,0,541,G
5-NP,280,1,2,534,0,537,G
5-NP,281,0,0,531,0,531,G
5-NP,282,0,0,529,0,529,G
5-NP,283,0,0,0,567,567,C
5-NP,284,0,1,0,573,574,C
5-NP,285,1,0,0,587,588,C
5-NP,286,685,0,1,1,687,A
5-NP,287,0,680,0,0,680,T
5-NP,288,720,0,0,0,720,A
5-NP,289,0,727,0,0,727,T
5-NP,290,697,0,0,0,697,A
5-NP,291,0,0,0,725,725,C
5-NP,292,671,0,2,0,673,A
5-NP,293,0,0,672,0,672,G
5-NP,294,0,1,651,0,652,G
5-NP,295,601,0,1,0,602,A
5-NP,296,0,1,605,0,606,G
5-NP,297,574,0,0,0,574,A
5-NP,298,1,1,589,0,591,G
5-NP,299,0,548,0,0,548,T
5-NP,300,592,0,0,0,592,A
5-NP,301,0,0,597,0,597,G
5-NP,302,577,0,0,0,577,A
5-NP,303,0,564,0,0,564,T
5-NP,304,0,2,577,0,579,G
5-NP,305,0,1,591,0,592,G
5-NP,306,585,0,0,0,585,A
5-NP,307,589,0,0,0,589,A
5-NP,308,575,0,1,0,576,A
5-NP,309,586,0,0,0,586,A
5-NP,310,0,581,0,0,581,T
5-NP,311,0,0,602,0,602,G
5-NP,312,0,0,600,0,600,G
5-NP,313,595,0,2,0,597,A
5-NP,314,0,590,0,2,592,T
5-NP,315,0,0,596,0,596,G
5-NP,316,586,0,1,0,587,A
5-NP,317,1,1,601,0,603,G
5-NP,318,0,2,595,0,597,G
5-NP,319,0,5,590,0,595,G
5-NP,320,599,0,2,0,601,A
5-NP,321,608,0,0,0,608,A
5-NP,322,0,1,0,615,616,C
5-NP,323,0,581,0,0,581,T
5-NP,324,3,0,0,612,615,C
5-NP,325,0,0,633,0,633,G
5-NP,326,0,611,0,1,612,T
5-NP,327,0,0,0,622,622,C
5-NP,328,0,0,0,662,662,C
5-NP,329,0,668,0,0,668,T
5-NP,330,0,684,0,1,685,T
5-NP,331,0,682,0,0,682,T
5-NP,332,688,0,0,0,688,A
5-NP,333,0,684,0,1,685,T
5-NP,334,0,1,690,0,691,G
5-NP,335,679,0,1,1,681,A
5-NP,336,0,0,0,679,679,C
5-NP,337,675,0,0,0,675,A
5-NP,338,684,0,0,0,684,A
5-NP,339,673,0,4,0,677,A
5-NP,340,0,0,718,0,718,G
5-NP,341,712,0,0,0,712,A
5-NP,342,705,0,1,0,706,A
5-NP,343,0,0,736,0,736,G
5-NP,344,734,0,2,0,736,A
5-NP,345,738,0,1,0,739,A
5-NP,346,732,0,0,0,732,A
5-NP,347,0,726,0,0,726,T
5-NP,348,740,0,0,0,740,A
5-NP,349,732,0,0,0,732,A
5-NP,350,1,2,729,0,732,G
5-NP,351,0,0,702,0,702,G
5-NP,352,1,2,1,704,708,C
5-NP,353,0,2,723,0,725,G
5-NP,354,723,0,0,0,723,A
5-NP,355,725,0,0,0,725,A
5-NP,356,0,732,0,0,732,T
5-NP,357,0,0,0,714,714,C
5-NP,358,0,720,0,3,723,T
5-NP,359,0,1,728,0,729,G
5-NP,360,2,0,719,0,721,G
5-NP,361,0,0,0,722,722,C
5-NP,362,0,0,721,0,721,G
5-NP,363,0,0,0,712,712,C
5-NP,364,0,0,0,713,713,C
5-NP,365,728,0,0,0,728,A
5-NP,366,732,0,1,0,733,A
5-NP,367,0,0,743,0,743,G
5-NP,368,0,0,0,726,726,C
5-NP,369,1,0,0,756,757,C
5-NP,370,758,0,1,0,759,A
5-NP,371,766,0,2,0,768,A
5-NP,372,0,0,0,773,773,C
5-NP,373,784,0,0,0,784,A
5-NP,374,785,0,0,0,785,A
5-NP,375,0,778,0,0,778,T
5-NP,376,0,0,791,0,791,G
5-NP,377,0,0,786,0,786,G
5-NP,378,1,783,0,0,784,T
5-NP,379,0,0,787,0,787,G
5-NP,380,788,0,0,1,789,A
5-NP,381,0,3,775,0,778,G
5-NP,382,0,0,773,0,773,G
5-NP,383,810,0,0,0,810,A
5-NP,384,0,838,0,0,838,T
5-NP,385,0,1,835,0,836,G
5-NP,386,0,0,0,831,831,C
5-NP,387,0,843,0,0,843,T
5-NP,388,848,0,1,0,849,A
5-NP,389,0,0,0,862,862,C
5-NP,390,862,0,0,0,862,A
5-NP,391,0,837,0,0,837,T
5-NP,392,2,0,0,849,851,C
5-NP,393,0,802,0,0,802,T
5-NP,394,2,1,821,0,824,G
5-NP,395,1,0,814,0,815,G
5-NP,396,0,801,0,1,802,T
5-NP,397,1,0,0,817,818,C
5-NP,398,0,824,0,0,824,T
5-NP,399,848,0,0,0,848,A
5-NP,400,839,0,0,0,839,A
5-NP,401,0,0,0,846,846,C
5-NP,402,0,837,0,3,840,T
5-NP,403,2,0,0,842,844,C
5-NP,404,832,1,0,0,833,A
5-NP,405,0,0,0,864,864,C
5-NP,406,864,1,0,0,865,A
5-NP,407,0,867,0,0,867,T
5-NP,408,859,0,0,0,859,A
5-NP,409,860,0,0,0,860,A
5-NP,410,0,866,0,0,866,T
5-NP,411,0,0,873,0,873,G
5-NP,412,866,0,2,0,868,A
5-NP,413,0,849,0,0,849,T
5-NP,414,0,833,0,0,833,T
5-NP,415,0,831,0,5,836,T
5-NP,416,0,0,837,0,837,G
5-NP,417,1,0,831,0,832,G
5-NP,418,0,0,0,831,831,C
5-NP,419,833,0,1,0,834,A
5-NP,420,0,842,0,3,845,T
5-NP,421,0,819,0,0,819,T
5-NP,422,0,0,0,822,822,C
5-NP,423,0,0,0,842,842,C
5-NP,424,852,0,0,0,852,A
5-NP,425,853,0,2,0,855,A
5-NP,426,0,847,0,0,847,T
5-NP,427,0,845,0,0,845,T
5-NP,428,0,859,0,0,859,T
5-NP,429,0,1,870,0,871,G
5-NP,430,858,0,0,0,858,A
5-NP,431,859,0,0,1,860,A
5-NP,432,0,868,0,0,868,T
5-NP,433,0,1,860,0,861,G
5-NP,434,878,0,1,0,879,A
5-NP,435,0,890,0,2,892,T
5-NP,436,1,0,901,0,902,G
5-NP,437,0,0,0,917,917,C
5-NP,438,908,0,3,1,912,A
5-NP,439,951,0,0,0,951,A
5-NP,440,1,0,0,961,962,C
5-NP,441,976,0,0,0,976,A
5-NP,442,0,985,0,0,985,T
5-NP,443,963,0,1,0,964,A
5-NP,444,1,0,0,961,962,C
5-NP,445,1,0,0,976,977,C
5-NP,446,949,0,0,1,950,A
5-NP,447,1,0,971,0,972,G
5-NP,448,925,1,1,0,927,A
5-NP,449,0,0,950,0,950,G
5-NP,450,0,0,929,0,929,G
5-NP,451,929,0,2,0,931,A
5-NP,452,0,1,0,955,956,C
5-NP,453,947,0,1,0,948,A
5-NP,454,949,0,2,1,952,A
5-NP,455,1,0,947,0,948,G
5-NP,456,933,0,2,0,935,A
5-NP,457,0,0,944,0,944,G
5-NP,458,0,0,0,934,934,C
5-NP,459,0,916,0,4,920,T
5-NP,460,1,0,0,954,955,C
5-NP,461,0,944,0,2,946,T
5-NP,462,0,957,0,0,957,T
5-NP,463,0,0,959,1,960,G
5-NP,464,0,945,0,1,946,T
5-NP,465,0,953,0,0,953,T
5-NP,466,2,0,0,948,950,C
5-NP,467,1,3,939,0,943,G
5-NP,468,943,0,2,1,946,A
5-NP,469,935,0,0,1,936,A
5-NP,470,0,0,0,977,977,C
5-NP,471,0,969,0,3,972,T
5-NP,472,1,1,986,0,988,G
5-NP,473,0,0,984,0,984,G
5-NP,474,971,0,3,1,975,A
5-NP,475,992,0,0,1,993,A
5-NP,476,0,983,0,0,983,T
5-NP,477,0,1,983,0,984,G
5-NP,478,0,1,984,0,985,G
5-NP,479,975,0,1,1,977,A
5-NP,480,0,989,0,0,989,T
5-NP,481,2,0,0,975,977,C
5-NP,482,1,0,0,984,985,C
5-NP,483,1,0,0,995,996,C
5-NP,484,1023,0,1,1,1025,A
5-NP,485,0,1,1040,0,1041,G
5-NP,486,1023,0,0,1,1024,A
5-NP,487,1026,0,0,1,1027,A
5-NP,488,0,1019,0,0,1019,T
5-NP,489,0,0,1029,0,1029,G
5-NP,490,0,1001,0,1,1002,T
5-NP,491,0,0,1021,0,1021,G
5-NP,492,1,0,0,1009,1010,C
5-NP,493,0,999,1,3,1003,T
5-NP,494,0,1,0,1095,1096,C
5-NP,495,0,1105,0,0,1105,T
5-NP,496,0,0,0,1151,1151,C
5-NP,497,0,1145,0,7,1152,T
5-NP,498,0,1,1190,0,1191,G
5-NP,499,1178,0,2,1,1181,A
5-NP,500,1,1179,0,0,1180,T
5-NP,501,0,0,1183,0,1183,G
5-NP,502,0,1,0,1179,1180,C
5-NP,503,1133,0,1,0,1134,A
5-NP,504,1,0,1168,0,1169,G
5-NP,505,0,1,1143,0,1144,G
5-NP,506,0,1,1135,0,1136,G
5-NP,507,0,0,0,1123,1123,C
5-NP,508,0,1114,0,3,1117,T
5-NP,509,1,0,0,1139,1140,C
5-NP,510,0,2,1151,0,1153,G
5-NP,511,1153,0,1,0,1154,A
5-NP,512,0,0,0,1169,1169,C
5-NP,513,0,1139,0,1,1140,T
5-NP,514,2,0,0,1206,1208,C
5-NP,515,0,1190,0,2,1192,T
5-NP,516,1,0,0,1373,1374,C
5-NP,517,0,1,0,1369,1370,C
5-NP,518,0,1,0,1400,1401,C
5-NP,519,0,1390,0,3,1393,T
5-NP,520,1388,0,2,0,1390,A
5-NP,521,0,1,1399,0,1400,G
5-NP,522,1387,0,0,0,1387,A
5-NP,523,1339,0,1,0,1340,A
5-NP,524,1,0,1345,0,1346,G
5-NP,525,1,0,1313,0,1314,G
5-NP,526,0,1238,0,4,1242,T
5-NP,527,1,1,0,1304,1306,C
5-NP,528,1,0,0,1308,1309,C
5-NP,529,0,1,1320,0,1321,G
5-NP,530,0,0,1328,0,1328,G
5-NP,531,1298,0,1,0,1299,A
5-NP,532,1,0,1337,0,1338,G
5-NP,533,0,0,0,1325,1325,C
5-NP,534,0,1314,0,0,1314,T
5-NP,535,1,1,1347,0,1349,G
5-NP,536,1,0,0,1347,1348,C
5-NP,537,1327,0,3,1,1331,A
5-NP,538,0,3,1351,0,1354,G
5-NP,539,2,0,1326,0,1328,G
5-NP,540,1,1262,0,2,1265,T
5-NP,541,1,1,1296,0,1298,G
5-NP,542,0,2,0,1315,1317,C
5-NP,543,0,1323,0,2,1325,T
5-NP,544,0,1,1354,0,1355,G
5-NP,545,0,1,0,1348,1349,C
5-NP,546,1350,0,1,0,1351,A
5-NP,547,0,0,1405,0,1405,G
5-NP,548,0,1355,0,1,1356,T
5-NP,549,1,0,0,1393,1394,C
5-NP,550,1386,0,1,0,1387,A
5-NP,551,1376,0,1,1,1378,A
5-NP,552,1378,0,2,0,1380,A
5-NP,553,1,1,1417,0,1419,G
5-NP,554,1,2,1401,0,1404,G
5-NP,555,1365,0,0,0,1365,A
5-NP,556,1377,0,4,0,1381,A
5-NP,557,0,1384,1,1,1386,T
5-NP,558,0,2,0,1406,1408,C
5-NP,559,1,0,1394,0,1395,G
5-NP,560,1,1,1410,0,1412,G
5-NP,561,0,3,1427,0,1430,G
5-NP,562,1414,1,0,1,1416,A
5-NP,563,0,0,0,1444,1444,C
5-NP,564,1435,0,2,0,1437,A
5-NP,565,1481,0,1,0,1482,A
5-NP,566,0,1498,0,0,1498,T
5-NP,567,0,0,1520,0,1520,G
5-NP,568,0,1,1529,0,1530,G
5-NP,569,0,1430,0,1,1431,T
5-NP,570,0,1,1527,0,1528,G
5-NP,571,1503,1,0,0,1504,A
5-NP,572,0,1501,0,1,1502,T
5-NP,573,1,1,1532,0,1534,G
5-NP,574,1,1,1549,0,1551,G
5-NP,575,1530,0,2,0,1532,A
5-NP,576,1577,1,2,1,1581,A
5-NP,577,0,0,0,1545,1545,C
5-NP,578,0,1528,0,0,1528,T
5-NP,579,1533,0,1,0,1534,A
5-NP,580,1600,0,2,0,1602,A
5-NP,581,0,1574,0,0,1574,T
5-NP,582,2,0,0,1618,1620,C
5-NP,583,1583,1,1,0,1585,A
5-NP,584,0,2,1642,0,1644,G
5-NP,585,1592,0,0,0,1592,A
5-NP,586,1604,0,1,0,1605,A
5-NP,587,0,1612,0,0,1612,T
5-NP,588,0,0,1634,0,1634,G
5-NP,589,1,1,1611,0,1613,G
5-NP,590,0,1577,1,0,1578,T
5-NP,591,6,0,0,1615,1621,C
5-NP,592,1647,0,2,0,1649,A
5-NP,593,1623,0,0,0,1623,A
5-NP,594,1640,0,2,0,1642,A
5-NP,595,0,0,1,1628,1629,C
5-NP,596,0,1,1643,0,1644,G
5-NP,597,0,0,1619,0,1619,G
5-NP,598,2,2,1551,0,1555,G
5-NP,599,1,0,1579,0,1580,G
5-NP,600,2,2,1613,0,1617,G
5-NP,601,1619,0,3,0,1622,A
5-NP,602,0,1550,0,3,1553,T
5-NP,603,0,1,0,1584,1585,C
5-NP,604,1645,0,3,0,1648,A
5-NP,605,1638,0,2,1,1641,A
5-NP,606,0,0,0,1628,1628,C
5-NP,607,1,1,1635,0,1637,G
5-NP,608,1601,0,1,1,1603,A
5-NP,609,0,1565,0,1,1566,T
5-NP,610,4,1,0,1584,1589,C
5-NP,611,1,1,1631,0,1633,G
5-NP,612,1589,0,1,0,1590,A
5-NP,613,1619,0,1,0,1620,A
5-NP,614,1623,0,1,0,1624,A
5-NP,615,1,1628,0,1,1630,T
5-NP,616,0,1623,0,1,1624,T
5-NP,617,0,1616,0,0,1616,T
5-NP,618,0,1618,1,1,1620,T
5-NP,619,0,1668,0,1,1669,T
5-NP,620,0,1,1665,1,1667,G
5-NP,621,0,0,1650,0,1650,G
5-NP,622,1625,0,2,0,1627,A
5-NP,623,0,3,1652,0,1655,G
5-NP,624,1627,0,1,0,1628,A
5-NP,625,0,0,1731,0,1731,G
5-NP,626,0,0,1727,0,1727,G
5-NP,627,0,1612,0,1,1613,T
5-NP,628,1,2,1692,0,1695,G
5-NP,629,1715,0,5,0,1720,A
5-NP,630,1,2,1747,0,1750,G
5-NP,631,1739,0,2,0,1741,A
5-NP,632,1726,0,1,0,1727,A
5-NP,633,0,1726,1,1,1728,T
5-NP,634,0,0,1661,0,1661,G
5-NP,635,0,1,1648,0,1649,G
5-NP,636,1641,0,9,0,1650,A
5-NP,637,1,1,0,1613,1615,C
5-NP,638,1,0,1652,0,1653,G
5-NP,639,4,1,1689,0,1694,G
5-NP,640,1684,0,0,0,1684,A
5-NP,641,1699,0,0,0,1699,A
5-NP,642,1724,0,1,0,1725,A
5-NP,643,1747,1,0,1,1749,A
5-NP,644,1,0,0,1757,1758,C
5-NP,645,1761,0,1,0,1762,A
5-NP,646,1743,0,0,0,1743,A
5-NP,647,0,0,1734,0,1734,G
5-NP,648,1665,0,2,0,1667,A
5-NP,649,1695,0,0,0,1695,A
5-NP,650,0,0,1718,0,1718,G
5-NP,651,0,1660,0,0,1660,T
5-NP,652,1,2,1751,0,1754,G
5-NP,653,0,0,0,1735,1735,C
5-NP,654,0,1743,1,5,1749,T
5-NP,655,0,1762,1,1,1764,T
5-NP,656,1811,0,0,0,1811,A
5-NP,657,0,1796,2,1,1799,T
5-NP,658,0,2,1825,0,1827,G
5-NP,659,1758,0,6,0,1764,A
5-NP,660,0,1,1761,0,1762,G
5-NP,661,1666,0,2,0,1668,A
5-NP,662,1,2,1685,0,1688,G
5-NP,663,1686,0,2,1,1689,A
5-NP,664,1702,0,1,0,1703,A
5-NP,665,0,1658,0,1,1659,T
5-NP,666,1,0,1707,0,1708,G
5-NP,667,0,1611,1,3,1615,T
5-NP,668,0,1,1696,0,1697,G
5-NP,669,0,3,0,1662,1665,C
5-NP,670,1690,0,0,0,1690,A
5-NP,671,1675,0,2,0,1677,A
5-NP,672,0,0,0,1663,1663,C
5-NP,673,1664,0,0,0,1664,A
5-NP,674,0,1671,1,0,1672,T
5-NP,675,0,1624,1,6,1631,T
5-NP,676,4,0,0,1630,1634,C
5-NP,677,0,1623,1,0,1624,T
5-NP,678,0,1641,1,0,1642,T
5-NP,679,1655,0,0,0,1655,A
5-NP,680,1632,0,0,0,1632,A
5-NP,681,1640,0,2,0,1642,A
5-NP,682,0,1,1632,0,1633,G
5-NP,683,1,1,1613,0,1615,G
5-NP,684,1618,0,7,0,1625,A
5-NP,685,1622,1,2,0,1625,A
5-NP,686,1615,0,1,0,1616,A
5-NP,687,1644,0,2,0,1646,A
5-NP,688,1,1590,1,1,1593,T
5-NP,689,0,1571,1,0,1572,T
5-NP,690,0,1584,1,2,1587,T
5-NP,691,2,0,0,1602,1604,C
5-NP,692,1629,0,0,0,1629,A
5-NP,693,1628,0,1,0,1629,A
5-NP,694,1614,0,1,2,1617,A
5-NP,695,1,0,0,1634,1635,C
5-NP,696,1620,0,0,0,1620,A
5-NP,697,0,0,1622,0,1622,G
5-NP,698,1,0,0,1609,1610,C
5-NP,699,1,1604,2,0,1607,T
5-NP,700,1,1,1643,1,1646,G
5-NP,701,1,0,0,1615,1616,C
5-NP,702,1654,0,2,1,1657,A
5-NP,703,0,2,0,1627,1629,C
5-NP,704,1658,0,1,0,1659,A
5-NP,705,1655,0,0,0,1655,A
5-NP,706,1615,0,5,0,1620,A
5-NP,707,1,2,1659,0,1662,G
5-NP,708,1633,0,1,0,1634,A
5-NP,709,0,1,1666,0,1667,G
5-NP,710,0,0,0,1647,1647,C
5-NP,711,1666,0,0,0,1666,A
5-NP,712,1692,0,3,0,1695,A
5-NP,713,0,1691,1,0,1692,T
5-NP,714,1,2,1703,0,1706,G
5-NP,715,3,0,1678,0,1681,G
5-NP,716,0,1622,1,1,1624,T
5-NP,717,1,2,1642,0,1645,G
5-NP,718,0,4,1639,0,1643,G
5-NP,719,1647,0,2,0,1649,A
5-NP,720,0,1618,0,5,1623,T
5-NP,721,1,0,0,1597,1598,C
5-NP,722,1625,0,1,0,1626,A
5-NP,723,1614,0,3,0,1617,A
5-NP,724,0,0,1634,0,1634,G
5-NP,725,0,1599,0,0,1599,T
5-NP,726,0,1,1599,0,1600,G
5-NP,727,1594,0,2,0,1596,A
5-NP,728,2,2,1564,0,1568,G
5-NP,729,1593,0,4,0,1597,A
5-NP,730,0,2,1570,0,1572,G
5-NP,731,1573,0,1,0,1574,A
5-NP,732,1527,0,0,0,1527,A
5-NP,733,1538,0,5,0,1543,A
5-NP,734,0,0,1520,0,1520,G
5-NP,735,0,1426,0,0,1426,T
5-NP,736,0,0,0,1509,1509,C
5-NP,737,2,0,1520,0,1522,G
5-NP,738,1,0,1497,0,1498,G
5-NP,739,1527,0,1,0,1528,A
5-NP,740,1499,1,2,0,1502,A
5-NP,741,0,1,0,1512,1513,C
5-NP,742,0,2,0,1506,1508,C
5-NP,743,0,1,0,1542,1543,C
5-NP,744,1538,1,0,0,1539,A
5-NP,745,1,1,1543,0,1545,G
5-NP,746,0,1,1524,0,1525,G
5-NP,747,1531,0,1,0,1532,A
5-NP,748,1525,0,0,0,1525,A
5-NP,749,1496,0,2,0,1498,A
5-NP,750,0,0,0,1513,1513,C
5-NP,751,0,0,1505,0,1505,G
5-NP,752,1,0,0,1504,1505,C
5-NP,753,0,1493,0,3,1496,T
5-NP,754,1,4,1511,0,1516,G
5-NP,755,1493,0,1,0,1494,A
5-NP,756,0,0,1545,0,1545,G
5-NP,757,1549,1,1,0,1551,A
5-NP,758,0,1488,0,0,1488,T
5-NP,759,1,0,0,1488,1489,C
5-NP,760,2,1,1527,0,1530,G
5-NP,761,1498,0,1,0,1499,A
5-NP,762,1493,0,3,0,1496,A
5-NP,763,1,1,1459,0,1461,G
5-NP,764,1430,0,0,0,1430,A
5-NP,765,0,2,0,1399,1401,C
5-NP,766,2,0,0,1450,1452,C
5-NP,767,0,1493,1,3,1497,T
5-NP,768,3,0,0,1471,1474,C
5-NP,769,1490,0,0,0,1490,A
5-NP,770,0,1478,0,0,1478,T
5-NP,771,1490,1,0,0,1491,A
5-NP,772,1,1485,0,0,1486,T
5-NP,773,0,1475,0,0,1475,T
5-NP,774,0,1433,0,1,1434,T
5-NP,775,0,1410,1,1,1412,T
5-NP,776,0,1411,0,1,1412,T
5-NP,777,1423,0,1,0,1424,A
5-NP,778,0,0,1397,0,1397,G
5-NP,779,1,1,0,1419,1421,C
5-NP,780,1422,0,0,0,1422,A
5-NP,781,1403,0,1,0,1404,A
5-NP,782,0,3,1429,0,1432,G
5-NP,783,1397,0,0,0,1397,A
5-NP,784,0,1395,0,0,1395,T
5-NP,785,0,0,0,1469,1469,C
5-NP,786,0,1448,0,0,1448,T
5-NP,787,0,0,1472,0,1472,G
5-NP,788,0,0,0,1478,1478,C
5-NP,789,1457,0,3,0,1460,A
5-NP,790,0,1444,1,2,1447,T
5-NP,791,0,1392,1,1,1394,T
5-NP,792,0,1,1494,0,1495,G
5-NP,793,1508,0,1,1,1510,A
5-NP,794,0,1530,1,0,1531,T
5-NP,795,1529,0,0,1,1530,A
5-NP,796,0,1480,0,0,1480,T
5-NP,797,0,1449,0,1,1450,T
5-NP,798,0,1,1507,0,1508,G
5-NP,799,1455,0,1,0,1456,A
5-NP,800,0,2,1477,0,1479,G
5-NP,801,1391,0,0,1,1392,A
5-NP,802,1,1,1391,0,1393,G
5-NP,803,1,0,1398,0,1399,G
5-NP,804,1372,0,1,1,1374,A
5-NP,805,0,1306,0,1,1307,T
5-NP,806,1,0,0,1375,1376,C
5-NP,807,1364,0,2,0,1366,A
5-NP,808,0,1,1384,0,1385,G
5-NP,809,0,1363,0,0,1363,T
5-NP,810,0,1348,0,0,1348,T
5-NP,811,1,0,1362,0,1363,G
5-NP,812,0,0,0,1323,1323,C
5-NP,813,0,1311,0,3,1314,T
5-NP,814,1,0,0,1345,1346,C
5-NP,815,1326,0,3,1,1330,A
5-NP,816,0,0,0,1341,1341,C
5-NP,817,1363,0,0,1,1364,A
5-NP,818,1365,0,1,0,1366,A
5-NP,819,1320,0,1,0,1321,A
5-NP,820,0,1296,0,0,1296,T
5-NP,821,2,0,0,1345,1347,C
5-NP,822,0,1336,0,0,1336,T
5-NP,823,0,1339,0,0,1339,T
5-NP,824,1,1,1322,0,1324,G
5-NP,825,0,1,0,1331,1332,C
5-NP,826,2,2,0,1313,1317,C
5-NP,827,0,1343,0,2,1345,T
5-NP,828,1300,1,0,1,1302,A
5-NP,829,0,0,0,1352,1352,C
5-NP,830,0,0,1,1355,1356,C
5-NP,831,0,1329,0,0,1329,T
5-NP,832,2,1,1375,0,1378,G
5-NP,833,0,0,0,1285,1285,C
5-NP,834,1,1,0,1326,1328,C
5-NP,835,1,1322,0,1,1324,T
5-NP,836,1,0,1337,0,1338,G
5-NP,837,0,1292,0,2,1294,T
5-NP,838,0,1,1350,0,1351,G
5-NP,839,0,0,0,1340,1340,C
5-NP,840,1,0,1400,0,1401,G
5-NP,841,0,1366,0,2,1368,T
5-NP,842,1355,0,1,0,1356,A
5-NP,843,0,1354,0,1,1355,T
5-NP,844,0,0,1366,0,1366,G
5-NP,845,0,2,1401,0,1403,G
5-NP,846,1382,0,2,0,1384,A
5-NP,847,0,1,0,1387,1388,C
5-NP,848,3,0,0,1404,1407,C
5-NP,849,0,1372,0,3,1375,T
5-NP,850,1,0,1483,0,1484,G
5-NP,851,0,0,0,1459,1459,C
5-NP,852,1479,0,1,0,1480,A
5-NP,853,0,1,1519,0,1520,G
5-NP,854,0,1439,0,0,1439,T
5-NP,855,1493,0,0,0,1493,A
5-NP,856,0,1446,1,6,1453,T
5-NP,857,1,0,0,1463,1464,C
5-NP,858,3,0,0,1479,1482,C
5-NP,859,1411,0,2,0,1413,A
5-NP,860,0,0,1405,0,1405,G
5-NP,861,0,1384,0,0,1384,T
5-NP,862,1,0,1420,0,1421,G
5-NP,863,0,1,1388,0,1389,G
5-NP,864,1,0,1376,0,1377,G
5-NP,865,0,1369,0,1,1370,T
5-NP,866,1386,0,1,1,1388,A
5-NP,867,1,0,0,1373,1374,C
5-NP,868,0,6,1376,0,1382,G
5-NP,869,1346,0,1,0,1347,A
5-NP,870,0,0,0,1359,1359,C
5-NP,871,0,1313,0,3,1316,T
5-NP,872,0,1294,2,1,1297,T
5-NP,873,0,0,0,1352,1352,C
5-NP,874,1,1,1355,0,1357,G
5-NP,875,1341,0,3,0,1344,A
5-NP,876,1345,0,0,0,1345,A
5-NP,877,1358,0,1,0,1359,A
5-NP,878,1355,0,0,0,1355,A
5-NP,879,1356,0,1,0,1357,A
5-NP,880,0,1,1345,0,1346,G
5-NP,881,1351,0,2,1,1354,A
5-NP,882,0,1,1342,0,1343,G
5-NP,883,1,0,1356,0,1357,G
5-NP,884,0,0,1374,0,1374,G
5-NP,885,1385,0,1,0,1386,A
5-NP,886,0,1371,0,2,1373,T
5-NP,887,1411,0,1,0,1412,A
5-NP,888,0,1380,0,0,1380,T
5-NP,889,0,1358,0,1,1359,T
5-NP,890,0,0,0,1391,1391,C
5-NP,891,0,1,0,1406,1407,C
5-NP,892,0,1390,0,0,1390,T
5-NP,893,0,1398,0,1,1399,T
5-NP,894,0,0,1412,0,1412,G
5-NP,895,0,1,1407,0,1408,G
5-NP,896,0,1369,0,1,1370,T
5-NP,897,0,2,1378,0,1380,G
5-NP,898,0,1,1369,0,1370,G
5-NP,899,1,2,1470,0,1473,G
5-NP,900,1468,1,1,0,1470,A
5-NP,901,1472,0,0,0,1472,A
5-NP,902,0,1474,1,0,1475,T
5-NP,903,1459,0,2,0,1461,A
5-NP,904,0,1,1443,0,1444,G
5-NP,905,1408,0,2,1,1411,A
5-NP,906,0,0,0,1389,1389,C
5-NP,907,1,0,0,1359,1360,C
5-NP,908,3,0,0,1413,1416,C
5-NP,909,1,1427,0,2,1430,T
5-NP,910,0,1432,0,0,1432,T
5-NP,911,0,1441,1,0,1442,T
5-NP,912,3,1,0,1451,1455,C
5-NP,913,1448,0,1,0,1449,A
5-NP,914,1451,0,0,0,1451,A
5-NP,915,1428,0,1,0,1429,A
5-NP,916,1,0,0,1418,1419,C
5-NP,917,0,1407,1,0,1408,T
5-NP,918,1429,1,0,0,1430,A
5-NP,919,1,0,0,1447,1448,C
5-NP,920,0,1409,1,1,1411,T
5-NP,921,0,1413,0,0,1413,T
5-NP,922,1,1,0,1452,1454,C
5-NP,923,1458,0,1,0,1459,A
5-NP,924,1454,0,0,0,1454,A
5-NP,925,1442,0,0,0,1442,A
5-NP,926,1424,0,3,0,1427,A
5-NP,927,0,1420,0,0,1420,T
5-NP,928,1423,0,1,0,1424,A
5-NP,929,4,0,1421,0,1425,G
5-NP,930,0,0,0,1446,1446,C
5-NP,931,2,1,0,1474,1477,C
5-NP,932,1491,0,2,0,1493,A
5-NP,933,1494,0,0,0,1494,A
5-NP,934,1537,0,0,0,1537,A
5-NP,935,0,1528,0,0,1528,T
5-NP,936,1551,0,0,0,1551,A
5-NP,937,0,1537,0,2,1539,T
5-NP,938,1524,0,3,1,1528,A
5-NP,939,0,0,0,1531,1531,C
5-NP,940,1501,0,1,0,1502,A
5-NP,941,0,0,1530,0,1530,G
5-NP,942,0,1,0,1515,1516,C
5-NP,943,0,1504,0,1,1505,T
5-NP,944,0,1549,0,0,1549,T
5-NP,945,1545,0,0,0,1545,A
5-NP,946,1556,1,0,0,1557,A
5-NP,947,0,1533,0,0,1533,T
5-NP,948,1,1,0,1554,1556,C
5-NP,949,1513,0,1,0,1514,A
5-NP,950,1,3,1517,0,1521,G
5-NP,951,1489,0,2,0,1491,A
5-NP,952,0,1,0,1522,1523,C
5-NP,953,1,0,0,1523,1524,C
5-NP,954,0,1502,0,2,1504,T
5-NP,955,1541,0,0,0,1541,A
5-NP,956,1525,0,1,0,1526,A
5-NP,957,0,0,0,1542,1542,C
5-NP,958,1,2,1534,0,1537,G
5-NP,959,1503,0,0,0,1503,A
5-NP,960,0,1,1482,0,1483,G
5-NP,961,1487,0,1,0,1488,A
5-NP,962,1518,0,0,0,1518,A
5-NP,963,0,1508,0,3,1511,T
5-NP,964,1,0,0,1480,1481,C
5-NP,965,1,2,0,1476,1479,C
5-NP,966,1461,0,3,0,1464,A
5-NP,967,0,1,1458,0,1459,G
5-NP,968,0,0,0,1444,1444,C
5-NP,969,1472,0,3,0,1475,A
5-NP,970,0,0,0,1475,1475,C
5-NP,971,1477,0,1,0,1478,A
5-NP,972,0,0,0,1477,1477,C
5-NP,973,1482,0,1,0,1483,A
5-NP,974,1496,0,5,0,1501,A
5-NP,975,0,2,1459,0,1461,G
5-NP,976,1470,0,0,0,1470,A
5-NP,977,0,0,1449,0,1449,G
5-NP,978,0,1398,0,0,1398,T
5-NP,979,4,0,0,1384,1388,C
5-NP,980,1413,0,3,0,1416,A
5-NP,981,0,2,1386,0,1388,G
5-NP,982,2,1,0,1360,1363,C
5-NP,983,0,1373,0,0,1373,T
5-NP,984,0,0,1358,0,1358,G
5-NP,985,0,0,1353,0,1353,G
5-NP,986,0,1353,0,2,1355,T
5-NP,987,0,1,1365,0,1366,G
5-NP,988,0,1334,0,0,1334,T
5-NP,989,0,1,1317,0,1318,G
5-NP,990,0,2,1309,0,1311,G
5-NP,991,1300,0,1,0,1301,A
5-NP,992,1,1297,0,2,1300,T
5-NP,993,0,2,1239,0,1241,G
5-NP,994,1,0,1208,0,1209,G
5-NP,995,1,0,0,1215,1216,C
5-NP,996,1203,0,1,0,1204,A
5-NP,997,1,1173,2,3,1179,T
5-NP,998,0,0,1166,1,1167,G
5-NP,999,0,1,0,1154,1155,C
5-NP,1000,1,1,0,1169,1171,C
5-NP,1001,1171,0,0,0,1171,A
5-NP,1002,0,1157,0,5,1162,T
5-NP,1003,0,1131,0,0,1131,T
5-NP,1004,1,0,0,1144,1145,C
5-NP,1005,0,1132,0,0,1132,T
5-NP,1006,0,0,1124,0,1124,G
5-NP,1007,0,0,0,1125,1125,C
5-NP,1008,0,1038,0,1,1039,T
5-NP,1009,1,0,1056,0,1057,G
5-NP,1010,0,0,0,1036,1036,C
5-NP,1011,1043,0,1,0,1044,A
5-NP,1012,0,1032,0,1,1033,T
5-NP,1013,0,1020,0,0,1020,T
5-NP,1014,0,1021,0,0,1021,T
5-NP,1015,0,0,1022,0,1022,G
5-NP,1016,1021,0,0,0,1021,A
5-NP,1017,1029,0,1,1,1031,A
5-NP,1018,0,1,1032,0,1033,G
5-NP,1019,1027,0,1,0,1028,A
5-NP,1020,0,1026,0,1,1027,T
5-NP,1021,0,1027,1,0,1028,T
5-NP,1022,0,1026,0,0,1026,T
5-NP,1023,1043,0,0,0,1043,A
5-NP,1024,1037,0,0,0,1037,A
5-NP,1025,0,0,1045,0,1045,G
5-NP,1026,1024,0,2,0,1026,A
5-NP,1027,0,1016,0,0,1016,T
5-NP,1028,0,1006,0,0,1006,T
5-NP,1029,0,0,1018,0,1018,G
5-NP,1030,1,1018,0,1,1020,T
5-NP,1031,0,1017,0,0,1017,T
5-NP,1032,1017,0,0,0,1017,A
5-NP,1033,1003,0,2,0,1005,A
5-NP,1034,0,0,1004,0,1004,G
5-NP,1035,0,0,0,990,990,C
5-NP,1036,2,973,0,3,978,T
5-NP,1037,0,989,0,3,992,T
5-NP,1038,2,0,0,1002,1004,C
5-NP,1039,1004,0,1,0,1005,A
5-NP,1040,1,973,0,2,976,T
5-NP,1041,1,0,0,999,1000,C
5-NP,1042,982,0,0,0,982,A
5-NP,1043,0,1,996,1,998,G
5-NP,1044,968,0,1,0,969,A
5-NP,1045,0,1,967,0,968,G
5-NP,1046,0,2,948,0,950,G
5-NP,1047,1,1,951,0,953,G
5-NP,1048,934,0,5,0,939,A
5-NP,1049,0,0,0,960,960,C
5-NP,1050,973,0,0,0,973,A
5-NP,1051,973,0,0,0,973,A
5-NP,1052,964,0,1,0,965,A
5-NP,1053,964,0,1,1,966,A
5-NP,1054,0,0,961,0,961,G
5-NP,1055,0,928,0,1,929,T
5-NP,1056,923,0,0,0,923,A
5-NP,1057,0,900,0,2,902,T
5-NP,1058,1,0,0,911,912,C
5-NP,1059,0,870,0,2,872,T
5-NP,1060,2,0,0,872,874,C
5-NP,1061,0,0,0,885,885,C
5-NP,1062,0,882,1,1,884,T
5-NP,1063,1,0,0,894,895,C
5-NP,1064,0,0,887,0,887,G
5-NP,1065,0,0,914,0,914,G
5-NP,1066,1,0,890,0,891,G
5-NP,1067,0,1,904,0,905,G
5-NP,1068,0,0,910,0,910,G
5-NP,1069,910,0,1,0,911,A
5-NP,1070,895,0,0,0,895,A
5-NP,1071,888,0,0,0,888,A
5-NP,1072,0,0,0,884,884,C
5-NP,1073,0,892,0,0,892,T
5-NP,1074,0,0,901,0,901,G
5-NP,1075,1,867,0,0,868,T
5-NP,1076,1,0,0,892,893,C
5-NP,1077,917,0,0,0,917,A
5-NP,1078,912,0,0,0,912,A
5-NP,1079,1,0,0,913,914,C
5-NP,1080,0,906,0,0,906,T
5-NP,1081,909,1,0,0,910,A
5-NP,1082,0,0,912,0,912,G
5-NP,1083,883,0,1,0,884,A
5-NP,1084,0,0,886,0,886,G
5-NP,1085,1,2,893,0,896,G
5-NP,1086,856,1,1,0,858,A
5-NP,1087,0,0,868,0,868,G
5-NP,1088,0,848,1,0,849,T
5-NP,1089,852,0,1,0,853,A
5-NP,1090,0,0,0,859,859,C
5-NP,1091,855,0,3,0,858,A
5-NP,1092,852,0,0,0,852,A
5-NP,1093,852,0,0,0,852,A
5-NP,1094,0,821,0,0,821,T
5-NP,1095,0,822,0,0,822,T
5-NP,1096,0,0,812,0,812,G
5-NP,1097,1,1,0,788,790,C
5-NP,1098,0,784,0,1,785,T
5-NP,1099,0,797,1,3,801,T
5-NP,1100,3,0,0,799,802,C
5-NP,1101,811,0,0,1,812,A
5-NP,1102,812,0,2,1,815,A
5-NP,1103,796,1,2,0,799,A
5-NP,1104,0,806,0,1,807,T
5-NP,1105,0,1,816,0,817,G
5-NP,1106,785,0,0,0,785,A
5-NP,1107,0,0,805,0,805,G
5-NP,1108,793,0,2,0,795,A
5-NP,1109,797,0,0,0,797,A
5-NP,1110,0,2,0,796,798,C
5-NP,1111,807,0,0,0,807,A
5-NP,1112,0,805,0,0,805,T
5-NP,1113,1,0,821,0,822,G
5-NP,1114,0,0,824,0,824,G
5-NP,1115,807,0,1,0,808,A
5-NP,1116,0,803,1,0,804,T
5-NP,1117,797,0,2,0,799,A
5-NP,1118,865,0,0,0,865,A
5-NP,1119,0,835,0,0,835,T
5-NP,1120,849,0,0,0,849,A
5-NP,1121,0,819,0,1,820,T
5-NP,1122,0,0,778,0,778,G
5-NP,1123,1,0,753,0,754,G
5-NP,1124,1,2,757,0,760,G
5-NP,1125,728,0,0,0,728,A
5-NP,1126,0,711,0,0,711,T
5-NP,1127,0,0,0,586,586,C
5-NP,1128,0,1,591,0,592,G
5-NP,1129,584,0,1,0,585,A
5-NP,1130,1,0,590,0,591,G
5-NP,1131,0,0,0,582,582,C
5-NP,1132,584,1,2,0,587,A
5-NP,1133,2,0,0,600,602,C
5-NP,1134,0,604,1,1,606,T
5-NP,1135,1,0,0,622,623,C
5-NP,1136,0,610,1,1,612,T
5-NP,1137,0,615,0,0,615,T
5-NP,1138,0,2,623,0,625,G
5-NP,1139,624,0,0,0,624,A
5-NP,1140,615,0,0,0,615,A
5-NP,1141,0,0,0,621,621,C
5-NP,1142,0,523,0,0,523,T
5-NP,1143,1,0,518,0,519,G
5-NP,1144,508,0,1,0,509,A
5-NP,1145,0,0,504,0,504,G
5-NP,1146,517,0,1,0,518,A
5-NP,1147,514,0,0,0,514,A
5-NP,1148,1,0,515,0,516,G
5-NP,1149,0,0,0,505,505,C
5-NP,1150,1,1,500,0,502,G
5-NP,1151,1,0,500,0,501,G
5-NP,1152,0,0,507,0,507,G
5-NP,1153,0,503,0,0,503,T
5-NP,1154,488,0,0,0,488,A
5-NP,1155,0,0,0,502,502,C
5-NP,1156,0,443,1,0,444,T
5-NP,1157,0,0,444,0,444,G
5-NP,1158,0,0,442,0,442,G
5-NP,1159,0,0,444,0,444,G
5-NP,1160,0,0,0,427,427,C
5-NP,1161,0,0,0,429,429,C
5-NP,1162,434,0,1,0,435,A
5-NP,1163,0,436,0,0,436,T
5-NP,1164,436,0,1,0,437,A
5-NP,1165,436,0,0,0,436,A
5-NP,1166,0,0,430,0,430,G
5-NP,1167,0,0,439,0,439,G
5-NP,1168,430,0,0,0,430,A
5-NP,1169,0,0,0,440,440,C
5-NP,1170,1,0,0,439,440,C
5-NP,1171,442,0,1,0,443,A
5-NP,1172,0,0,453,0,453,G
5-NP,1173,0,1,450,0,451,G
5-NP,1174,436,0,1,0,437,A
5-NP,1175,0,0,454,0,454,G
5-NP,1176,0,432,0,1,433,T
5-NP,1177,0,0,436,0,436,G
5-NP,1178,0,0,444,0,444,G
5-NP,1179,437,0,2,0,439,A
5-NP,1180,0,0,450,0,450,G
5-NP,1181,0,0,428,0,428,G
5-NP,1182,432,0,0,0,432,A
5-NP,1183,432,0,1,0,433,A
5-NP,1184,444,1,1,0,446,A
5-NP,1185,0,0,0,442,442,C
5-NP,1186,446,0,0,0,446,A
5-NP,1187,0,0,0,457,457,C
5-NP,1188,0,456,0,0,456,T
5-NP,1189,467,0,0,0,467,A
5-NP,1190,464,0,1,0,465,A
5-NP,1191,0,462,1,0,463,T
5-NP,1192,0,0,0,476,476,C
5-NP,1193,463,0,1,0,464,A
5-NP,1194,468,0,0,0,468,A
5-NP,1195,1,0,0,476,477,C
5-NP,1196,463,0,1,0,464,A
5-NP,1197,0,0,467,0,467,G
5-NP,1198,444,0,1,0,445,A
5-NP,1199,0,0,454,0,454,G
5-NP,1200,0,0,445,0,445,G
5-NP,1201,1,0,445,0,446,G
5-NP,1202,0,1,0,438,439,C
5-NP,1203,0,0,0,446,446,C
5-NP,1204,0,435,0,0,435,T
5-NP,1205,0,0,0,453,453,C
5-NP,1206,1,1,0,458,460,C
5-NP,1207,0,0,455,0,455,G
5-NP,1208,0,0,0,451,451,C
5-NP,1209,442,0,0,0,442,A
5-NP,1210,0,1,460,0,461,G
5-NP,1211,0,0,464,0,464,G
5-NP,1212,0,1,0,474,475,C
5-NP,1213,0,0,0,475,475,C
5-NP,1214,459,0,0,0,459,A
5-NP,1215,453,0,0,0,453,A
5-NP,1216,464,0,0,0,464,A
5-NP,1217,0,0,0,453,453,C
5-NP,1218,0,0,0,468,468,C
5-NP,1219,442,0,1,0,443,A
5-NP,1220,0,0,454,0,454,G
5-NP,1221,0,431,0,1,432,T
5-NP,1222,0,0,458,0,458,G
5-NP,1223,0,429,0,2,431,T
5-NP,1224,0,1,450,0,451,G
5-NP,1225,0,0,0,444,444,C
5-NP,1226,454,0,0,0,454,A
5-NP,1227,467,0,0,0,467,A
5-NP,1228,0,1,0,441,442,C
5-NP,1229,0,0,0,461,461,C
5-NP,1230,0,454,0,2,456,T
5-NP,1231,463,0,0,0,463,A
5-NP,1232,0,0,0,453,453,C
5-NP,1233,0,0,463,0,463,G
5-NP,1234,0,444,0,2,446,T
5-NP,1235,0,458,0,0,458,T
5-NP,1236,0,453,0,0,453,T
5-NP,1237,0,453,0,0,453,T
5-NP,1238,0,0,0,450,450,C
5-NP,1239,0,454,0,0,454,T
5-NP,1240,0,0,463,0,463,G
5-NP,1241,0,448,0,2,450,T
5-NP,1242,459,0,0,0,459,A
5-NP,1243,2,0,0,456,458,C
5-NP,1244,461,0,0,0,461,A
5-NP,1245,460,0,0,0,460,A
5-NP,1246,462,0,0,0,462,A
5-NP,1247,0,0,460,0,460,G
5-NP,1248,457,0,1,0,458,A
5-NP,1249,433,0,0,0,433,A
5-NP,1250,428,0,0,0,428,A
5-NP,1251,0,0,0,435,435,C
5-NP,1252,1,0,1,431,433,C
5-NP,1253,0,428,0,2,430,T
5-NP,1254,1,0,0,444,445,C
5-NP,1255,0,0,0,447,447,C
5-NP,1256,0,0,0,446,446,C
5-NP,1257,444,0,0,1,445,A
5-NP,1258,0,431,0,0,431,T
5-NP,1259,0,440,0,0,440,T
5-NP,1260,0,434,0,0,434,T
5-NP,1261,0,0,451,0,451,G
5-NP,1262,447,0,0,0,447,A
5-NP,1263,451,0,0,0,451,A
5-NP,1264,447,0,0,0,447,A
5-NP,1265,445,0,2,0,447,A
5-NP,1266,0,0,451,0,451,G
5-NP,1267,0,423,0,1,424,T
5-NP,1268,1,1,0,445,447,C
5-NP,1269,451,0,2,0,453,A
5-NP,1270,448,0,0,0,448,A
5-NP,1271,0,0,0,459,459,C
5-NP,1272,1,0,0,462,463,C
5-NP,1273,461,0,1,0,462,A
5-NP,1274,0,447,0,0,447,T
5-NP,1275,0,0,0,460,460,C
5-NP,1276,459,0,0,0,459,A
5-NP,1277,0,459,0,1,460,T
5-NP,1278,1,1,457,0,459,G
5-NP,1279,0,1,447,0,448,G
5-NP,1280,0,0,0,464,464,C
5-NP,1281,456,0,1,0,457,A
5-NP,1282,1,0,451,0,452,G
5-NP,1283,0,0,0,447,447,C
5-NP,1284,456,0,0,0,456,A
5-NP,1285,0,446,0,0,446,T
5-NP,1286,0,437,0,1,438,T
5-NP,1287,1,0,0,441,442,C
5-NP,1288,450,0,1,0,451,A
5-NP,1289,0,0,0,457,457,C
5-NP,1290,0,443,0,0,443,T
5-NP,1291,0,0,457,0,457,G
5-NP,1292,0,2,451,0,453,G
5-NP,1293,453,0,1,0,454,A
5-NP,1294,460,0,2,0,462,A
5-NP,1295,455,1,0,0,456,A
5-NP,1296,0,440,0,0,440,T
5-NP,1297,462,0,0,0,462,A
5-NP,1298,0,0,0,458,458,C
5-NP,1299,0,0,455,0,455,G
5-NP,1300,0,0,447,0,447,G
5-NP,1301,440,0,0,0,440,A
5-NP,1302,0,0,445,0,445,G
5-NP,1303,0,1,441,0,442,G
5-NP,1304,1,1,436,0,438,G
5-NP,1305,451,0,1,0,452,A
5-NP,1306,456,0,0,0,456,A
5-NP,1307,0,0,454,0,454,G
5-NP,1308,456,0,0,0,456,A
5-NP,1309,446,0,0,0,446,A
5-NP,1310,0,0,0,451,451,C
5-NP,1311,0,430,0,1,431,T
5-NP,1312,1,432,0,0,433,T
5-NP,1313,0,0,0,445,445,C
5-NP,1314,458,0,0,0,458,A
5-NP,1315,0,1,454,0,455,G
5-NP,1316,443,0,0,0,443,A
5-NP,1317,0,0,0,441,441,C
5-NP,1318,451,0,0,0,451,A
5-NP,1319,0,426,0,0,426,T
5-NP,1320,0,0,445,0,445,G
5-NP,1321,429,0,0,0,429,A
5-NP,1322,0,0,441,0,441,G
5-NP,1323,0,0,440,0,440,G
5-NP,1324,0,0,449,0,449,G
5-NP,1325,0,1,0,438,439,C
5-NP,1326,441,0,0,1,442,A
5-NP,1327,0,0,449,0,449,G
5-NP,1328,435,0,0,0,435,A
5-NP,1329,452,0,0,0,452,A
5-NP,1330,445,0,1,0,446,A
5-NP,1331,0,439,1,0,440,T
5-NP,1332,1,0,0,436,437,C
5-NP,1333,421,0,0,0,421,A
5-NP,1334,0,412,0,0,412,T
5-NP,1335,431,0,0,0,431,A
5-NP,1336,427,0,0,0,427,A
5-NP,1337,0,0,442,0,442,G
5-NP,1338,424,0,0,0,424,A
5-NP,1339,433,0,0,0,433,A
5-NP,1340,0,406,0,0,406,T
5-NP,1341,0,1,440,0,441,G
5-NP,1342,425,0,1,0,426,A
5-NP,1343,0,426,0,0,426,T
5-NP,1344,0,0,438,0,438,G
5-NP,1345,0,0,442,0,442,G
5-NP,1346,430,0,0,0,430,A
5-NP,1347,426,0,0,0,426,A
5-NP,1348,419,0,1,0,420,A
5-NP,1349,0,0,424,0,424,G
5-NP,1350,0,378,0,3,381,T
5-NP,1351,0,1,415,0,416,G
5-NP,1352,0,0,0,403,403,C
5-NP,1353,407,0,0,0,407,A
5-NP,1354,414,0,0,0,414,A
5-NP,1355,420,1,0,0,421,A
5-NP,1356,405,0,1,0,406,A
5-NP,1357,0,0,0,417,417,C
5-NP,1358,0,0,0,422,422,C
5-NP,1359,425,0,1,0,426,A
5-NP,1360,0,0,421,0,421,G
5-NP,1361,426,0,0,0,426,A
5-NP,1362,419,0,0,0,419,A
5-NP,1363,0,0,423,0,423,G
5-NP,1364,418,1,0,0,419,A
5-NP,1365,385,0,0,0,385,A
5-NP,1366,0,0,402,0,402,G
5-NP,1367,0,371,0,0,371,T
5-NP,1368,0,0,405,0,405,G
5-NP,1369,0,364,0,2,366,T
5-NP,1370,2,0,0,400,402,C
5-NP,1371,401,0,0,0,401,A
5-NP,1372,0,391,0,0,391,T
5-NP,1373,0,378,0,0,378,T
5-NP,1374,2,1,0,394,397,C
5-NP,1375,1,0,0,394,395,C
5-NP,1376,0,0,396,0,396,G
5-NP,1377,0,1,394,0,395,G
5-NP,1378,0,0,390,0,390,G
5-NP,1379,0,1,402,0,403,G
5-NP,1380,0,0,399,0,399,G
5-NP,1381,391,0,0,0,391,A
5-NP,1382,0,0,385,0,385,G
5-NP,1383,0,1,388,0,389,G
5-NP,1384,1,0,380,0,381,G
5-NP,1385,0,1,363,0,364,G
5-NP,1386,367,0,0,0,367,A
5-NP,1387,1,0,370,0,371,G
5-NP,1388,0,353,0,0,353,T
5-NP,1389,1,0,0,359,360,C
5-NP,1390,0,368,0,2,370,T
5-NP,1391,0,362,0,0,362,T
5-NP,1392,0,0,0,349,349,C
5-NP,1393,0,0,353,0,353,G
5-NP,1394,358,0,0,0,358,A
5-NP,1395,0,0,357,0,357,G
5-NP,1396,0,0,0,338,338,C
5-NP,1397,0,335,0,1,336,T
5-NP,1398,0,0,0,344,344,C
5-NP,1399,0,338,0,1,339,T
5-NP,1400,1,0,0,352,353,C
5-NP,1401,353,0,0,0,353,A
5-NP,1402,0,0,359,0,359,G
5-NP,1403,360,0,1,0,361,A
5-NP,1404,0,0,0,341,341,C
5-NP,1405,0,1,344,0,345,G
5-NP,1406,343,0,0,0,343,A
5-NP,1407,0,0,347,0,347,G
5-NP,1408,341,0,0,0,341,A
5-NP,1409,336,0,0,0,336,A
5-NP,1410,0,0,331,0,331,G
5-NP,1411,0,0,319,0,319,G
5-NP,1412,0,0,0,314,314,C
5-NP,1413,324,0,0,0,324,A
5-NP,1414,305,0,1,0,306,A
5-NP,1415,0,0,0,320,320,C
5-NP,1416,0,2,315,0,317,G
5-NP,1417,305,0,0,0,305,A
5-NP,1418,308,0,0,0,308,A
5-NP,1419,0,0,0,300,300,C
5-NP,1420,1,0,0,298,299,C
5-NP,1421,1,0,0,305,306,C
5-NP,1422,0,0,325,0,325,G
5-NP,1423,293,0,0,0,293,A
5-NP,1424,0,310,0,0,310,T
5-NP,1425,0,1,0,304,305,C
5-NP,1426,0,0,311,0,311,G
5-NP,1427,0,295,0,0,295,T
5-NP,1428,0,0,294,0,294,G
5-NP,1429,0,0,0,276,276,C
5-NP,1430,1,2,0,267,270,C
5-NP,1431,0,0,0,299,299,C
5-NP,1432,0,267,0,0,267,T
5-NP,1433,0,0,0,279,279,C
5-NP,1434,0,287,0,0,287,T
5-NP,1435,0,273,0,0,273,T
5-NP,1436,0,288,0,0,288,T
5-NP,1437,0,288,0,0,288,T
5-NP,1438,0,0,297,0,297,G
5-NP,1439,298,0,0,0,298,A
5-NP,1440,0,282,1,1,284,T
5-NP,1441,277,0,0,0,277,A
5-NP,1442,0,240,0,0,240,T
5-NP,1443,0,0,246,0,246,G
5-NP,1444,241,0,0,0,241,A
5-NP,1445,0,0,243,0,243,G
5-NP,1446,0,244,0,0,244,T
5-NP,1447,246,0,0,0,246,A
5-NP,1448,243,0,1,0,244,A
5-NP,1449,0,240,0,0,240,T
5-NP,1450,0,1,243,0,244,G
5-NP,1451,236,0,0,0,236,A
5-NP,1452,207,0,1,0,208,A
5-NP,1453,0,0,211,0,211,G
5-NP,1454,0,0,199,0,199,G
5-NP,1455,200,0,1,0,201,A
5-NP,1456,0,194,0,0,194,T
5-NP,1457,0,0,0,200,200,C
5-NP,1458,0,199,0,0,199,T
5-NP,1459,0,198,0,0,198,T
5-NP,1460,199,0,0,0,199,A
5-NP,1461,0,193,0,0,193,T
5-NP,1462,0,196,0,0,196,T
5-NP,1463,0,193,1,0,194,T
5-NP,1464,0,0,0,189,189,C
5-NP,1465,0,178,0,0,178,T
5-NP,1466,0,182,0,0,182,T
5-NP,1467,0,0,0,185,185,C
5-NP,1468,0,0,181,0,181,G
5-NP,1469,0,0,183,0,183,G
5-NP,1470,180,0,1,0,181,A
5-NP,1471,0,0,183,0,183,G
5-NP,1472,181,0,0,0,181,A
5-NP,1473,0,0,0,176,176,C
5-NP,1474,174,0,0,0,174,A
5-NP,1475,167,0,0,0,167,A
5-NP,1476,0,172,0,0,172,T
5-NP,1477,0,0,165,0,165,G
5-NP,1478,0,0,0,168,168,C
5-NP,1479,158,0,1,0,159,A
5-NP,1480,0,0,168,0,168,G
5-NP,1481,161,0,0,0,161,A
5-NP,1482,144,0,0,0,144,A
5-NP,1483,0,0,143,0,143,G
5-NP,1484,99,0,0,0,99,A
5-NP,1485,0,0,96,0,96,G
5-NP,1486,0,82,0,0,82,T
5-NP,1487,82,0,0,0,82,A
5-NP,1488,0,74,0,0,74,T
5-NP,1489,0,0,75,0,75,G
5-NP,1490,69,0,0,0,69,A
5-NP,1491,0,0,0,73,73,C
5-NP,1492,49,0,1,0,50,A
5-NP,1493,51,0,0,0,51,A
5-NP,1494,0,33,0,0,33,T
5-NP,1495,0,36,0,0,36,T
5-NP,1496,33,0,0,0,33,A
5-NP,1497,30,0,0,0,30,A
6-NA,1,35,0,0,0,35,A
6-NA,2,0,34,0,0,34,T
6-NA,3,0,0,34,0,34,G
6-NA,4,33,0,0,0,33,A
6-NA,5,35,0,0,0,35,A
6-NA,6,0,37,0,0,37,T
6-NA,7,0,0,0,35,35,C
6-NA,8,0,0,0,36,36,C
6-NA,9,35,0,0,0,35,A
6-NA,10,39,0,0,0,39,A
6-NA,11,39,0,0,0,39,A
6-NA,12,0,39,0,0,39,T
6-NA,13,0,0,0,39,39,C
6-NA,14,38,0,0,0,38,A
6-NA,15,41,0,0,0,41,A
6-NA,16,40,0,1,0,41,A
6-NA,17,42,0,0,0,42,A
6-NA,18,0,0,50,0,50,G
6-NA,19,54,0,0,0,54,A
6-NA,20,0,54,0,0,54,T
6-NA,21,56,0,0,0,56,A
6-NA,22,55,0,0,0,55,A
6-NA,23,0,57,0,0,57,T
6-NA,24,59,0,0,0,59,A
6-NA,25,61,0,0,0,61,A
6-NA,26,0,0,0,62,62,C
6-NA,27,0,0,63,0,63,G
6-NA,28,64,0,0,0,64,A
6-NA,29,0,62,0,0,62,T
6-NA,30,0,63,0,0,63,T
6-NA,31,0,0,63,1,64,G
6-NA,32,0,0,70,0,70,G
6-NA,33,0,0,0,70,70,C
6-NA,34,0,68,0,0,68,T
6-NA,35,0,0,0,73,73,C
6-NA,36,0,74,0,0,74,T
6-NA,37,0,0,79,0,79,G
6-NA,38,0,80,0,0,80,T
6-NA,39,0,84,0,0,84,T
6-NA,40,0,85,0,0,85,T
6-NA,41,0,0,0,84,84,C
6-NA,42,0,84,0,0,84,T
6-NA,43,0,0,0,84,84,C
6-NA,44,0,87,0,0,87,T
6-NA,45,0,0,0,87,87,C
6-NA,46,85,0,0,0,85,A
6-NA,47,0,0,0,92,92,C
6-NA,48,0,0,0,92,92,C
6-NA,49,90,0,0,0,90,A
6-NA,50,0,94,0,0,94,T
6-NA,51,0,96,0,0,96,T
6-NA,52,0,95,0,0,95,T
6-NA,53,0,0,0,98,98,C
6-NA,54,0,0,0,100,100,C
6-NA,55,99,0,0,0,99,A
6-NA,56,0,0,0,107,107,C
6-NA,57,108,0,0,0,108,A
6-NA,58,113,0,0,0,113,A
6-NA,59,0,111,0,1,112,T
6-NA,60,117,0,0,0,117,A
6-NA,61,0,118,0,0,118,T
6-NA,62,0,0,114,0,114,G
6-NA,63,1,0,0,116,117,C
6-NA,64,0,117,0,0,117,T
6-NA,65,0,120,0,0,120,T
6-NA,66,0,0,0,120,120,C
6-NA,67,0,117,0,0,117,T
6-NA,68,0,119,0,0,119,T
6-NA,69,0,0,0,117,117,C
6-NA,70,118,0,0,0,118,A
6-NA,71,0,118,0,1,119,T
6-NA,72,0,0,119,0,119,G
6-NA,73,0,0,0,123,123,C
6-NA,74,122,0,0,0,122,A
6-NA,75,121,0,1,0,122,A
6-NA,76,121,0,0,0,121,A
6-NA,77,0,125,0,0,125,T
6-NA,78,0,126,0,0,126,T
6-NA,79,0,0,124,0,124,G
6-NA,80,0,0,0,128,128,C
6-NA,81,0,0,0,124,124,C
6-NA,82,132,0,0,0,132,A
6-NA,83,0,129,0,1,130,T
6-NA,84,0,0,0,146,146,C
6-NA,85,0,146,0,0,146,T
6-NA,86,0,147,0,0,147,T
6-NA,87,0,0,147,0,147,G
6-NA,88,149,0,0,0,149,A
6-NA,89,0,150,0,0,150,T
6-NA,90,150,0,0,0,150,A
6-NA,91,152,0,0,0,152,A
6-NA,92,0,0,0,171,171,C
6-NA,93,0,170,0,0,170,T
6-NA,94,170,0,0,0,170,A
6-NA,95,0,0,0,189,189,C
6-NA,96,0,190,0,0,190,T
6-NA,97,0,0,184,0,184,G
6-NA,98,0,183,0,0,183,T
6-NA,99,195,0,0,0,195,A
6-NA,100,195,0,0,0,195,A
6-NA,101,0,0,0,184,184,C
6-NA,102,182,0,1,0,183,A
6-NA,103,0,186,0,1,187,T
6-NA,104,0,185,0,0,185,T
6-NA,105,0,0,181,0,181,G
6-NA,106,0,0,0,185,185,C
6-NA,107,191,0,0,0,191,A
6-NA,108,0,186,0,0,186,T
6-NA,109,0,187,0,0,187,T
6-NA,110,0,187,0,0,187,T
6-NA,111,0,0,0,186,186,C
6-NA,112,187,0,0,0,187,A
6-NA,113,183,0,0,0,183,A
6-NA,114,0,0,190,0,190,G
6-NA,115,0,0,0,192,192,C
6-NA,116,192,0,0,0,192,A
6-NA,117,192,0,0,0,192,A
6-NA,118,0,193,0,0,193,T
6-NA,119,200,0,0,0,200,A
6-NA,120,0,200,0,0,200,T
6-NA,121,0,1,202,0,203,G
6-NA,122,198,0,0,1,199,A
6-NA,123,202,0,0,1,203,A
6-NA,124,0,205,0,0,205,T
6-NA,125,0,207,0,0,207,T
6-NA,126,0,0,0,203,203,C
6-NA,127,203,0,0,0,203,A
6-NA,128,205,0,0,0,205,A
6-NA,129,0,0,0,209,209,C
6-NA,130,0,207,0,0,207,T
6-NA,131,0,0,0,201,201,C
6-NA,132,0,0,0,203,203,C
6-NA,133,1,0,1,210,212,C
6-NA,134,0,0,0,212,212,C
6-NA,135,0,0,0,210,210,C
6-NA,136,0,0,0,212,212,C
6-NA,137,0,0,0,215,215,C
6-NA,138,219,0,0,0,219,A
6-NA,139,219,0,1,0,220,A
6-NA,140,219,0,0,0,219,A
6-NA,141,0,0,0,220,220,C
6-NA,142,227,0,0,0,227,A
6-NA,143,220,0,0,1,221,A
6-NA,144,0,0,0,223,223,C
6-NA,145,0,0,0,222,222,C
6-NA,146,229,0,0,0,229,A
6-NA,147,228,0,0,0,228,A
6-NA,148,0,0,231,0,231,G
6-NA,149,0,220,0,0,220,T
6-NA,150,0,0,227,0,227,G
6-NA,151,234,0,0,0,234,A
6-NA,152,0,236,0,0,236,T
6-NA,153,0,0,232,0,232,G
6-NA,154,0,0,0,233,233,C
6-NA,155,0,238,0,0,238,T
6-NA,156,0,0,248,0,248,G
6-NA,157,0,249,1,1,251,T
6-NA,158,0,0,242,0,242,G
6-NA,159,0,252,0,0,252,T
6-NA,160,0,0,246,0,246,G
6-NA,161,256,0,0,0,256,A
6-NA,162,259,0,0,0,259,A
6-NA,163,1,0,0,247,248,C
6-NA,164,0,0,0,253,253,C
6-NA,165,250,0,0,0,250,A
6-NA,166,255,0,0,0,255,A
6-NA,167,0,0,0,261,261,C
6-NA,168,266,0,0,0,266,A
6-NA,169,269,0,0,0,269,A
6-NA,170,0,264,0,0,264,T
6-NA,171,265,0,0,0,265,A
6-NA,172,260,0,0,0,260,A
6-NA,173,0,263,0,0,263,T
6-NA,174,263,0,0,0,263,A
6-NA,175,0,0,258,0,258,G
6-NA,176,252,0,0,0,252,A
6-NA,177,260,0,0,0,260,A
6-NA,178,254,0,1,0,255,A
6-NA,179,0,0,245,0,245,G
6-NA,180,259,0,0,0,259,A
6-NA,181,265,0,0,0,265,A
6-NA,182,265,1,1,0,267,A
6-NA,183,0,0,0,271,271,C
6-NA,184,271,0,0,0,271,A
6-NA,185,0,263,0,0,263,T
6-NA,186,277,0,0,0,277,A
6-NA,187,272,0,1,0,273,A
6-NA,188,0,0,0,280,280,C
6-NA,189,278,0,0,0,278,A
6-NA,190,0,0,282,0,282,G
6-NA,191,280,0,1,0,281,A
6-NA,192,0,0,277,0,277,G
6-NA,193,280,0,1,0,281,A
6-NA,194,0,284,0,0,284,T
6-NA,195,288,0,0,0,288,A
6-NA,196,0,0,287,0,287,G
6-NA,197,0,285,0,0,285,T
6-NA,198,0,0,292,0,292,G
6-NA,199,0,293,0,0,293,T
6-NA,200,298,0,0,0,298,A
6-NA,201,0,291,0,0,291,T
6-NA,202,0,0,0,295,295,C
6-NA,203,1,283,0,1,285,T
6-NA,204,0,1,288,0,289,G
6-NA,205,297,0,0,0,297,A
6-NA,206,1,0,0,293,294,C
6-NA,207,0,0,0,295,295,C
6-NA,208,299,0,0,0,299,A
6-NA,209,299,0,0,0,299,A
6-NA,210,0,0,0,303,303,C
6-NA,211,307,0,0,0,307,A
6-NA,212,0,0,0,305,305,C
6-NA,213,0,0,0,289,289,C
6-NA,214,311,0,0,0,311,A
6-NA,215,0,0,0,316,316,C
6-NA,216,0,0,0,323,323,C
6-NA,217,318,0,1,1,320,A
6-NA,218,0,320,0,0,320,T
6-NA,219,325,0,0,0,325,A
6-NA,220,0,0,327,0,327,G
6-NA,221,308,0,0,0,308,A
6-NA,222,0,0,319,0,319,G
6-NA,223,324,0,0,0,324,A
6-NA,224,316,0,0,0,316,A
6-NA,225,0,0,319,0,319,G
6-NA,226,0,0,303,0,303,G
6-NA,227,318,0,0,0,318,A
6-NA,228,321,0,0,0,321,A
6-NA,229,322,0,1,0,323,A
6-NA,230,0,320,0,0,320,T
6-NA,231,322,0,0,0,322,A
6-NA,232,0,317,0,0,317,T
6-NA,233,0,0,311,0,311,G
6-NA,234,0,0,0,306,306,C
6-NA,235,0,1,0,302,303,C
6-NA,236,0,0,0,309,309,C
6-NA,237,0,0,0,311,311,C
6-NA,238,317,0,0,0,317,A
6-NA,239,331,1,0,0,332,A
6-NA,240,327,0,0,0,327,A
6-NA,241,0,1,0,328,329,C
6-NA,242,0,330,0,0,330,T
6-NA,243,332,0,0,0,332,A
6-NA,244,0,0,328,0,328,G
6-NA,245,0,0,0,325,325,C
6-NA,246,334,0,0,0,334,A
6-NA,247,0,0,340,0,340,G
6-NA,248,330,0,0,0,330,A
6-NA,249,333,0,0,0,333,A
6-NA,250,0,338,0,0,338,T
6-NA,251,338,0,0,0,338,A
6-NA,252,0,0,0,340,340,C
6-NA,253,334,0,1,0,335,A
6-NA,254,0,0,322,0,322,G
6-NA,255,321,0,0,0,321,A
6-NA,256,323,0,0,0,323,A
6-NA,257,325,0,0,0,325,A
6-NA,258,0,316,0,0,316,T
6-NA,259,0,310,0,0,310,T
6-NA,260,0,0,315,0,315,G
6-NA,261,0,0,306,0,306,G
6-NA,262,0,301,0,0,301,T
6-NA,263,0,0,0,306,306,C
6-NA,264,316,0,0,0,316,A
6-NA,265,319,0,0,0,319,A
6-NA,266,319,0,0,0,319,A
6-NA,267,0,0,319,0,319,G
6-NA,268,0,0,0,307,307,C
6-NA,269,0,0,0,309,309,C
6-NA,270,0,0,308,0,308,G
6-NA,271,0,0,0,306,306,C
6-NA,272,323,0,0,0,323,A
6-NA,273,330,0,0,0,330,A
6-NA,274,0,322,0,0,322,T
6-NA,275,0,0,329,0,329,G
6-NA,276,0,323,0,0,323,T
6-NA,277,0,0,319,0,319,G
6-NA,278,309,0,0,0,309,A
6-NA,279,0,1,0,326,327,C
6-NA,280,331,0,0,0,331,A
6-NA,281,0,327,0,0,327,T
6-NA,282,0,333,0,0,333,T
6-NA,283,335,0,0,0,335,A
6-NA,284,0,0,0,339,339,C
6-NA,285,340,0,0,0,340,A
6-NA,286,0,0,334,0,334,G
6-NA,287,0,0,322,0,322,G
6-NA,288,1,0,294,0,295,G
6-NA,289,0,280,0,0,280,T
6-NA,290,0,288,0,1,289,T
6-NA,291,0,304,0,0,304,T
6-NA,292,0,0,309,0,309,G
6-NA,293,0,0,0,300,300,C
6-NA,294,293,0,0,0,293,A
6-NA,295,1,1,0,302,304,C
6-NA,296,0,0,0,301,301,C
6-NA,297,0,305,0,0,305,T
6-NA,298,0,307,0,1,308,T
6-NA,299,0,310,0,0,310,T
6-NA,300,0,308,0,0,308,T
6-NA,301,0,308,0,1,309,T
6-NA,302,0,0,0,305,305,C
6-NA,303,0,309,0,0,309,T
6-NA,304,312,0,0,0,312,A
6-NA,305,311,0,0,0,311,A
6-NA,306,0,0,305,0,305,G
6-NA,307,0,0,295,0,295,G
6-NA,308,300,0,2,0,302,A
6-NA,309,0,0,0,290,290,C
6-NA,310,296,0,1,0,297,A
6-NA,311,286,0,0,0,286,A
6-NA,312,0,282,0,0,282,T
6-NA,313,0,288,0,0,288,T
6-NA,314,0,0,0,294,294,C
6-NA,315,1,0,288,0,289,G
6-NA,316,289,0,0,0,289,A
6-NA,317,0,294,0,0,294,T
6-NA,318,0,293,0,1,294,T
6-NA,319,287,0,1,0,288,A
6-NA,320,0,0,289,0,289,G
6-NA,321,0,0,283,0,283,G
6-NA,322,0,0,0,288,288,C
6-NA,323,0,295,0,0,295,T
6-NA,324,0,297,0,1,298,T
6-NA,325,1,295,0,0,296,T
6-NA,326,0,0,0,295,295,C
6-NA,327,1,0,0,288,289,C
6-NA,328,0,0,297,0,297,G
6-NA,329,0,0,0,298,298,C
6-NA,330,0,295,0,0,295,T
6-NA,331,0,0,302,0,302,G
6-NA,332,0,0,295,0,295,G
6-NA,333,0,300,0,1,301,T
6-NA,334,0,0,299,0,299,G
6-NA,335,0,1,300,0,301,G
6-NA,336,1,0,294,0,295,G
6-NA,337,0,0,301,0,301,G
6-NA,338,297,0,0,0,297,A
6-NA,339,0,0,0,304,304,C
6-NA,340,298,0,0,0,298,A
6-NA,341,0,296,0,0,296,T
6-NA,342,0,0,0,302,302,C
6-NA,343,0,299,0,0,299,T
6-NA,344,0,2,296,0,298,G
6-NA,345,0,2,291,0,293,G
6-NA,346,0,0,300,0,300,G
6-NA,347,0,296,0,0,296,T
6-NA,348,0,0,295,0,295,G
6-NA,349,293,1,0,0,294,A
6-NA,350,0,0,0,294,294,C
6-NA,351,300,0,0,0,300,A
6-NA,352,296,0,2,0,298,A
6-NA,353,0,0,303,0,303,G
6-NA,354,302,0,0,0,302,A
6-NA,355,0,0,307,0,307,G
6-NA,356,312,1,0,0,313,A
6-NA,357,314,0,1,0,315,A
6-NA,358,0,0,0,380,380,C
6-NA,359,0,0,0,399,399,C
6-NA,360,0,404,0,0,404,T
6-NA,361,0,401,0,1,402,T
6-NA,362,403,0,0,0,403,A
6-NA,363,0,406,0,1,407,T
6-NA,364,0,0,415,0,415,G
6-NA,365,0,410,0,1,411,T
6-NA,366,1,0,426,0,427,G
6-NA,367,0,409,0,0,409,T
6-NA,368,0,0,0,416,416,C
6-NA,369,415,0,0,3,418,A
6-NA,370,0,418,0,0,418,T
6-NA,371,0,1,413,0,414,G
6-NA,372,0,0,0,415,415,C
6-NA,373,0,0,416,0,416,G
6-NA,374,454,0,0,0,454,A
6-NA,375,0,442,0,0,442,T
6-NA,376,0,0,0,466,466,C
6-NA,377,0,0,0,475,475,C
6-NA,378,0,471,0,0,471,T
6-NA,379,0,1,479,0,480,G
6-NA,380,484,0,0,0,484,A
6-NA,381,0,0,0,493,493,C
6-NA,382,488,0,0,0,488,A
6-NA,383,476,0,1,0,477,A
6-NA,384,1,0,472,0,473,G
6-NA,385,0,464,0,0,464,T
6-NA,386,0,0,486,0,486,G
6-NA,387,0,470,0,0,470,T
6-NA,388,0,481,0,0,481,T
6-NA,389,480,0,0,0,480,A
6-NA,390,0,477,0,0,477,T
6-NA,391,1,0,0,491,492,C
6-NA,392,487,0,0,0,487,A
6-NA,393,490,0,0,0,490,A
6-NA,394,0,471,0,0,471,T
6-NA,395,0,477,0,0,477,T
6-NA,396,0,480,0,0,480,T
6-NA,397,0,1,475,0,476,G
6-NA,398,0,0,0,500,500,C
6-NA,399,1,0,0,502,503,C
6-NA,400,0,0,0,514,514,C
6-NA,401,0,498,0,0,498,T
6-NA,402,0,508,0,1,509,T
6-NA,403,1,0,515,0,516,G
6-NA,404,0,1,517,0,518,G
6-NA,405,532,0,2,0,534,A
6-NA,406,1,0,0,532,533,C
6-NA,407,520,0,2,0,522,A
6-NA,408,0,0,534,0,534,G
6-NA,409,0,0,523,0,523,G
6-NA,410,0,1,528,0,529,G
6-NA,411,542,0,2,0,544,A
6-NA,412,539,0,0,0,539,A
6-NA,413,0,0,0,549,549,C
6-NA,414,537,0,1,0,538,A
6-NA,415,592,0,0,0,592,A
6-NA,416,0,0,0,602,602,C
6-NA,417,576,0,0,0,576,A
6-NA,418,0,0,0,607,607,C
6-NA,419,0,598,0,1,599,T
6-NA,420,600,0,0,0,600,A
6-NA,421,600,0,0,0,600,A
6-NA,422,606,0,0,0,606,A
6-NA,423,0,0,0,613,613,C
6-NA,424,599,0,0,0,599,A
6-NA,425,604,0,1,0,605,A
6-NA,426,0,0,0,608,608,C
6-NA,427,1,0,607,0,608,G
6-NA,428,0,587,0,0,587,T
6-NA,429,591,0,1,0,592,A
6-NA,430,0,0,0,604,604,C
6-NA,431,606,0,0,0,606,A
6-NA,432,0,612,0,0,612,T
6-NA,433,0,612,0,1,613,T
6-NA,434,1,0,0,651,652,C
6-NA,435,673,0,1,0,674,A
6-NA,436,680,0,2,0,682,A
6-NA,437,665,0,0,0,665,A
6-NA,438,0,681,0,0,681,T
6-NA,439,661,0,0,0,661,A
6-NA,440,686,0,1,0,687,A
6-NA,441,0,0,0,690,690,C
6-NA,442,680,0,0,0,680,A
6-NA,443,0,1,0,703,704,C
6-NA,444,674,0,0,0,674,A
6-NA,445,0,0,823,0,823,G
6-NA,446,0,800,0,0,800,T
6-NA,447,845,0,0,0,845,A
6-NA,448,0,1,0,857,858,C
6-NA,449,0,0,861,0,861,G
6-NA,450,0,868,0,0,868,T
6-NA,451,0,1,888,0,889,G
6-NA,452,893,0,0,0,893,A
6-NA,453,0,907,0,1,908,T
6-NA,454,863,0,0,0,863,A
6-NA,455,0,1,840,0,841,G
6-NA,456,1,2,807,0,810,G
6-NA,457,837,0,1,0,838,A
6-NA,458,0,0,0,856,856,C
6-NA,459,1,0,0,835,836,C
6-NA,460,1,0,0,875,876,C
6-NA,461,0,0,0,876,876,C
6-NA,462,0,863,0,2,865,T
6-NA,463,0,895,0,0,895,T
6-NA,464,907,0,0,0,907,A
6-NA,465,0,900,0,0,900,T
6-NA,466,1,0,0,909,910,C
6-NA,467,2,0,873,0,875,G
6-NA,468,0,1,853,0,854,G
6-NA,469,884,0,0,0,884,A
6-NA,470,0,0,0,900,900,C
6-NA,471,0,0,0,890,890,C
6-NA,472,0,0,0,952,952,C
6-NA,473,0,944,0,0,944,T
6-NA,474,983,0,0,0,983,A
6-NA,475,0,969,0,1,970,T
6-NA,476,0,978,0,0,978,T
6-NA,477,0,1,989,0,990,G
6-NA,478,980,0,0,0,980,A
6-NA,479,0,976,0,1,977,T
6-NA,480,2,0,993,0,995,G
6-NA,481,964,0,2,0,966,A
6-NA,482,966,0,0,0,966,A
6-NA,483,0,968,0,0,968,T
6-NA,484,0,3,986,0,989,G
6-NA,485,970,1,1,0,972,A
6-NA,486,1,0,1020,0,1021,G
6-NA,487,0,1011,0,2,1013,T
6-NA,488,0,1032,0,0,1032,T
6-NA,489,1038,0,0,0,1038,A
6-NA,490,0,2,1027,0,1029,G
6-NA,491,0,0,1035,0,1035,G
6-NA,492,1,1000,0,2,1003,T
6-NA,493,0,0,1024,0,1024,G
6-NA,494,0,997,0,2,999,T
6-NA,495,0,1012,0,0,1012,T
6-NA,496,1,0,0,1035,1036,C
6-NA,497,1,0,0,1047,1048,C
6-NA,498,0,1052,0,1,1053,T
6-NA,499,0,1053,0,2,1055,T
6-NA,500,0,1048,0,3,1051,T
6-NA,501,0,1047,0,0,1047,T
6-NA,502,0,0,0,1063,1063,C
6-NA,503,1032,0,0,0,1032,A
6-NA,504,0,1101,0,1,1102,T
6-NA,505,0,1,0,1095,1096,C
6-NA,506,0,1085,0,2,1087,T
6-NA,507,0,1,1063,1,1065,G
6-NA,508,1,1,1038,3,1043,G
6-NA,509,0,0,1052,0,1052,G
6-NA,510,0,0,1083,0,1083,G
6-NA,511,1080,0,2,0,1082,A
6-NA,512,0,0,0,1098,1098,C
6-NA,513,1,0,0,1097,1098,C
6-NA,514,1103,1,1,0,1105,A
6-NA,515,1116,0,2,0,1118,A
6-NA,516,1,0,1105,0,1106,G
6-NA,517,0,0,0,1115,1115,C
6-NA,518,1122,0,2,0,1124,A
6-NA,519,1135,0,3,1,1139,A
6-NA,520,0,0,1156,0,1156,G
6-NA,521,0,1141,0,0,1141,T
6-NA,522,1,0,1192,0,1193,G
6-NA,523,0,1181,0,1,1182,T
6-NA,524,0,0,1227,1,1228,G
6-NA,525,1,0,0,1219,1220,C
6-NA,526,1227,0,0,1,1228,A
6-NA,527,0,1248,0,1,1249,T
6-NA,528,1227,0,0,0,1227,A
6-NA,529,0,0,1249,0,1249,G
6-NA,530,0,0,0,1252,1252,C
6-NA,531,1248,0,0,1,1249,A
6-NA,532,0,1252,0,1,1253,T
6-NA,533,2,0,1209,0,1211,G
6-NA,534,1,2,1276,0,1279,G
6-NA,535,0,1261,0,3,1264,T
6-NA,536,3,0,0,1248,1251,C
6-NA,537,0,0,0,1254,1254,C
6-NA,538,1306,0,5,1,1312,A
6-NA,539,3,0,1315,0,1318,G
6-NA,540,0,1,0,1303,1304,C
6-NA,541,1,1337,0,1,1339,T
6-NA,542,1,0,0,1334,1335,C
6-NA,543,1305,0,1,1,1307,A
6-NA,544,1302,0,5,1,1308,A
6-NA,545,0,0,1349,0,1349,G
6-NA,546,1,1354,0,2,1357,T
6-NA,547,0,1353,0,0,1353,T
6-NA,548,0,2,1339,0,1341,G
6-NA,549,0,1340,0,1,1341,T
6-NA,550,1,0,0,1336,1337,C
6-NA,551,1347,0,1,1,1349,A
6-NA,552,0,2,0,1354,1356,C
6-NA,553,0,1,1368,0,1369,G
6-NA,554,1358,0,0,1,1359,A
6-NA,555,0,1391,0,3,1394,T
6-NA,556,0,1,1411,0,1412,G
6-NA,557,0,1,1407,0,1408,G
6-NA,558,1401,0,1,0,1402,A
6-NA,559,1419,0,3,1,1423,A
6-NA,560,1450,0,4,0,1454,A
6-NA,561,1451,1,0,1,1453,A
6-NA,562,0,0,1452,0,1452,G
6-NA,563,0,0,0,1461,1461,C
6-NA,564,1461,0,1,1,1463,A
6-NA,565,0,1469,0,1,1470,T
6-NA,566,1,3,1474,1,1479,G
6-NA,567,1,1,1441,0,1443,G
6-NA,568,0,0,0,1489,1489,C
6-NA,569,0,1480,0,0,1480,T
6-NA,570,0,0,1500,0,1500,G
6-NA,571,1,0,0,1481,1482,C
6-NA,572,1490,0,1,0,1491,A
6-NA,573,0,1568,0,0,1568,T
6-NA,574,1,0,1580,0,1581,G
6-NA,575,0,1565,0,3,1568,T
6-NA,576,0,1655,0,0,1655,T
6-NA,577,0,1658,0,1,1659,T
6-NA,578,1,0,1744,0,1745,G
6-NA,579,0,1678,1,3,1682,T
6-NA,580,1754,0,1,1,1756,A
6-NA,581,0,1750,0,3,1753,T
6-NA,582,1737,0,0,0,1737,A
6-NA,583,1735,0,1,1,1737,A
6-NA,584,0,0,0,1725,1725,C
6-NA,585,1,0,1745,0,1746,G
6-NA,586,0,1,1733,0,1734,G
6-NA,587,0,4,1722,0,1726,G
6-NA,588,0,0,1736,0,1736,G
6-NA,589,1,2,1722,0,1725,G
6-NA,590,1673,0,4,0,1677,A
6-NA,591,1,1733,0,0,1734,T
6-NA,592,0,5,1742,0,1747,G
6-NA,593,1757,0,1,0,1758,A
6-NA,594,0,1775,0,0,1775,T
6-NA,595,1772,0,1,0,1773,A
6-NA,596,1844,0,2,0,1846,A
6-NA,597,1843,0,0,0,1843,A
6-NA,598,1842,1,0,0,1843,A
6-NA,599,1839,0,0,0,1839,A
6-NA,600,0,1856,0,1,1857,T
6-NA,601,0,0,1855,0,1855,G
6-NA,602,0,0,0,1839,1839,C
6-NA,603,1856,0,2,0,1858,A
6-NA,604,1838,0,2,0,1840,A
6-NA,605,0,0,0,1883,1883,C
6-NA,606,0,1871,1,0,1872,T
6-NA,607,0,0,1883,0,1883,G
6-NA,608,0,0,0,1886,1886,C
6-NA,609,0,1890,0,1,1891,T
6-NA,610,1896,0,1,0,1897,A
6-NA,611,0,0,1900,0,1900,G
6-NA,612,1,0,0,1903,1904,C
6-NA,613,0,1919,0,4,1923,T
6-NA,614,0,1912,0,0,1912,T
6-NA,615,3,1,0,1947,1951,C
6-NA,616,1978,0,0,0,1978,A
6-NA,617,0,1949,0,0,1949,T
6-NA,618,1,1975,0,0,1976,T
6-NA,619,1,1977,0,0,1978,T
6-NA,620,1997,0,0,0,1997,A
6-NA,621,0,0,0,2013,2013,C
6-NA,622,2023,0,0,0,2023,A
6-NA,623,2028,1,1,0,2030,A
6-NA,624,0,2024,0,1,2025,T
6-NA,625,1,1,2008,0,2010,G
6-NA,626,0,0,1990,0,1990,G
6-NA,627,1,2,2002,0,2005,G
6-NA,628,1983,0,2,0,1985,A
6-NA,629,0,0,2083,0,2083,G
6-NA,630,0,1,2099,0,2100,G
6-NA,631,0,0,0,2219,2219,C
6-NA,632,0,2305,0,3,2308,T
6-NA,633,1,2340,0,2,2343,T
6-NA,634,2,2,2374,0,2378,G
6-NA,635,0,2317,0,0,2317,T
6-NA,636,2386,0,1,1,2388,A
6-NA,637,1,1,2422,0,2424,G
6-NA,638,2368,0,2,0,2370,A
6-NA,639,0,2364,0,2,2366,T
6-NA,640,2250,0,0,0,2250,A
6-NA,641,2,0,2247,0,2249,G
6-NA,642,0,2169,0,3,2172,T
6-NA,643,1,0,2201,0,2202,G
6-NA,644,0,2278,1,1,2280,T
6-NA,645,1,2309,0,2,2312,T
6-NA,646,0,2,2343,0,2345,G
6-NA,647,0,2298,0,6,2304,T
6-NA,648,1,2335,0,1,2337,T
6-NA,649,0,2319,0,3,2322,T
6-NA,650,2,0,0,2310,2312,C
6-NA,651,2326,0,2,1,2329,A
6-NA,652,0,2323,0,0,2323,T
6-NA,653,1,1,2321,0,2323,G
6-NA,654,0,0,2413,0,2413,G
6-NA,655,0,2442,0,2,2444,T
6-NA,656,3,0,0,2425,2428,C
6-NA,657,1,0,0,2451,2452,C
6-NA,658,2472,0,2,0,2474,A
6-NA,659,2498,0,2,0,2500,A
6-NA,660,2495,0,4,0,2499,A
6-NA,661,0,3,2489,0,2492,G
6-NA,662,2471,0,1,0,2472,A
6-NA,663,2440,0,4,0,2444,A
6-NA,664,2433,0,3,0,2436,A
6-NA,665,1,2403,0,1,2405,T
6-NA,666,2,0,0,2478,2480,C
6-NA,667,1,0,0,2488,2489,C
6-NA,668,0,2498,0,3,2501,T
6-NA,669,0,1,0,2501,2502,C
6-NA,670,2537,0,1,0,2538,A
6-NA,671,2,4,2524,0,2530,G
6-NA,672,0,2,2517,0,2519,G
6-NA,673,2552,0,3,0,2555,A
6-NA,674,0,0,0,2570,2570,C
6-NA,675,4,2,0,2521,2527,C
6-NA,676,0,1,0,2548,2549,C
6-NA,677,2553,0,2,0,2555,A
6-NA,678,1,1,2577,0,2579,G
6-NA,679,1,3,2583,0,2587,G
6-NA,680,2554,2,3,0,2559,A
6-NA,681,1,0,2633,0,2634,G
6-NA,682,2,2543,0,2,2547,T
6-NA,683,3,3,0,2587,2593,C
6-NA,684,2594,0,3,0,2597,A
6-NA,685,0,0,2663,1,2664,G
6-NA,686,2622,0,1,0,2623,A
6-NA,687,2587,0,1,1,2589,A
6-NA,688,0,2589,0,1,2590,T
6-NA,689,0,1,2653,0,2654,G
6-NA,690,0,1,0,2602,2603,C
6-NA,691,4,0,2640,0,2644,G
6-NA,692,1,2634,0,1,2636,T
6-NA,693,0,2675,0,1,2676,T
6-NA,694,0,2679,0,3,2682,T
6-NA,695,2,0,2686,0,2688,G
6-NA,696,0,2694,1,0,2695,T
6-NA,697,2685,0,2,0,2687,A
6-NA,698,0,2661,0,3,2664,T
6-NA,699,4,0,0,2670,2674,C
6-NA,700,2714,0,2,1,2717,A
6-NA,701,2711,0,0,0,2711,A
6-NA,702,0,2679,0,0,2679,T
6-NA,703,2,2,2680,0,2684,G
6-NA,704,0,3,2693,0,2696,G
6-NA,705,2771,0,3,0,2774,A
6-NA,706,2772,0,6,0,2778,A
6-NA,707,2,1,0,2798,2801,C
6-NA,708,0,2833,0,5,2838,T
6-NA,709,0,2844,0,0,2844,T
6-NA,710,2,0,2924,0,2926,G
6-NA,711,0,2933,0,2,2935,T
6-NA,712,2929,0,1,0,2930,A
6-NA,713,0,2,0,3000,3002,C
6-NA,714,2989,0,2,0,2991,A
6-NA,715,0,0,3220,0,3220,G
6-NA,716,0,3179,0,2,3181,T
6-NA,717,3400,1,2,0,3403,A
6-NA,718,2,2,3406,1,3411,G
6-NA,719,0,3378,0,1,3379,T
6-NA,720,3387,1,3,0,3391,A
6-NA,721,3375,0,0,0,3375,A
6-NA,722,1,3372,0,0,3373,T
6-NA,723,0,6,3379,0,3385,G
6-NA,724,3336,0,3,0,3339,A
6-NA,725,0,0,0,3394,3394,C
6-NA,726,0,3372,0,1,3373,T
6-NA,727,0,4,3420,0,3424,G
6-NA,728,3382,0,6,2,3390,A
6-NA,729,0,3429,0,3,3432,T
6-NA,730,1,4,3432,1,3438,G
6-NA,731,0,2,3396,0,3398,G
6-NA,732,0,6,3421,1,3428,G
6-NA,733,3320,2,4,1,3327,A
6-NA,734,2,1,3371,0,3374,G
6-NA,735,0,3329,1,5,3335,T
6-NA,736,0,1,3419,0,3420,G
6-NA,737,3,0,0,3429,3432,C
6-NA,738,0,3413,0,3,3416,T
6-NA,739,0,3418,0,0,3418,T
6-NA,740,1,1,0,3448,3450,C
6-NA,741,3483,1,5,2,3491,A
6-NA,742,1,2,3495,0,3498,G
6-NA,743,1,3,3481,0,3485,G
6-NA,744,3468,0,1,0,3469,A
6-NA,745,3467,0,5,0,3472,A
6-NA,746,3443,0,2,0,3445,A
6-NA,747,3454,1,5,1,3461,A
6-NA,748,0,0,3469,0,3469,G
6-NA,749,1,1,0,3470,3472,C
6-NA,750,0,3492,0,2,3494,T
6-NA,751,1,1,3490,0,3492,G
6-NA,752,3458,0,8,1,3467,A
6-NA,753,0,3526,0,2,3528,T
6-NA,754,3537,0,1,0,3538,A
6-NA,755,1,0,0,3718,3719,C
6-NA,756,0,3727,1,1,3729,T
6-NA,757,3732,0,0,0,3732,A
6-NA,758,3718,0,1,1,3720,A
6-NA,759,3730,0,1,1,3732,A
6-NA,760,3820,0,2,1,3823,A
6-NA,761,0,3853,0,0,3853,T
6-NA,762,3800,0,1,1,3802,A
6-NA,763,1,0,1,3844,3846,C
6-NA,764,0,3805,0,1,3806,T
6-NA,765,3841,0,0,1,3842,A
6-NA,766,0,3785,1,5,3791,T
6-NA,767,0,3969,0,1,3970,T
6-NA,768,8,1,0,4005,4014,C
6-NA,769,3990,0,0,0,3990,A
6-NA,770,1,3933,0,0,3934,T
6-NA,771,0,3978,0,3,3981,T
6-NA,772,4,2,4019,1,4026,G
6-NA,773,3951,0,7,0,3958,A
6-NA,774,1,3,3987,0,3991,G
6-NA,775,0,2,3968,0,3970,G
6-NA,776,3845,0,5,1,3851,A
6-NA,777,2,3,3952,0,3957,G
6-NA,778,0,6,3944,0,3950,G
6-NA,779,0,5,3936,0,3941,G
6-NA,780,2,3,3935,0,3940,G
6-NA,781,3887,0,3,1,3891,A
6-NA,782,3968,0,2,0,3970,A
6-NA,783,3945,0,5,1,3951,A
6-NA,784,3917,0,3,0,3920,A
6-NA,785,0,3895,0,1,3896,T
6-NA,786,3,0,0,3936,3939,C
6-NA,787,0,0,3997,0,3997,G
6-NA,788,0,3946,1,0,3947,T
6-NA,789,1,3935,1,3,3940,T
6-NA,790,5,0,0,3966,3971,C
6-NA,791,3989,0,0,0,3989,A
6-NA,792,0,4243,1,2,4246,T
6-NA,793,4220,0,1,2,4223,A
6-NA,794,1,1,0,4309,4311,C
6-NA,795,0,4278,0,4,4282,T
6-NA,796,4289,1,2,0,4292,A
6-NA,797,1,1,4287,0,4289,G
6-NA,798,0,1,0,4262,4263,C
6-NA,799,4238,0,2,1,4241,A
6-NA,800,0,2,0,4275,4277,C
6-NA,801,4189,0,2,1,4192,A
6-NA,802,1,4326,0,2,4329,T
6-NA,803,0,4315,0,2,4317,T
6-NA,804,3,1,4551,0,4555,G
6-NA,805,1,4524,0,4,4529,T
6-NA,806,4,2,0,4526,4532,C
6-NA,807,4555,1,4,0,4560,A
6-NA,808,1,3,4542,0,4546,G
6-NA,809,0,2,4540,0,4542,G
6-NA,810,4510,0,2,1,4513,A
6-NA,811,4505,1,6,0,4512,A
6-NA,812,0,0,4547,0,4547,G
6-NA,813,0,4423,0,2,4425,T
6-NA,814,2,1,4457,0,4460,G
6-NA,815,1,1,0,4430,4432,C
6-NA,816,0,4467,1,2,4470,T
6-NA,817,5,0,0,4476,4481,C
6-NA,818,4482,0,4,1,4487,A
6-NA,819,1,1,4485,0,4487,G
6-NA,820,2,1,1,4457,4461,C
6-NA,821,4472,0,5,0,4477,A
6-NA,822,0,4494,0,4,4498,T
6-NA,823,1,2,4614,0,4617,G
6-NA,824,0,4548,0,3,4551,T
6-NA,825,5,1,0,4606,4612,C
6-NA,826,3,4,4615,1,4623,G
6-NA,827,4552,0,2,0,4554,A
6-NA,828,2,2,4595,1,4600,G
6-NA,829,1,1,4620,0,4622,G
6-NA,830,4530,0,4,1,4535,A
6-NA,831,5,0,4578,0,4583,G
6-NA,832,0,4473,1,2,4476,T
6-NA,833,2,1,4532,0,4535,G
6-NA,834,1,3,0,4566,4570,C
6-NA,835,0,4577,0,3,4580,T
6-NA,836,5,0,0,4609,4614,C
6-NA,837,2,1,0,4658,4661,C
6-NA,838,1,4652,0,2,4655,T
6-NA,839,2,1,4677,0,4680,G
6-NA,840,1,0,0,4658,4659,C
6-NA,841,0,4692,1,2,4695,T
6-NA,842,4684,0,2,0,4686,A
6-NA,843,0,4621,0,1,4622,T
6-NA,844,2,2,1,4609,4614,C
6-NA,845,2,0,0,4616,4618,C
6-NA,846,0,4610,0,4,4614,T
6-NA,847,0,0,0,4727,4727,C
6-NA,848,1,4,4725,0,4730,G
6-NA,849,4747,0,1,0,4748,A
6-NA,850,0,4753,1,5,4759,T
6-NA,851,4757,0,2,0,4759,A
6-NA,852,0,4744,0,3,4747,T
6-NA,853,4,1,1,4713,4719,C
6-NA,854,4,0,1,4754,4759,C
6-NA,855,1,4762,0,4,4767,T
6-NA,856,0,3,4797,0,4800,G
6-NA,857,1,1,4795,0,4797,G
6-NA,858,0,4778,2,10,4790,T
6-NA,859,0,1,4835,0,4836,G
6-NA,860,0,4849,0,1,4850,T
6-NA,861,2,0,1,4874,4877,C
6-NA,862,4873,1,2,0,4876,A
6-NA,863,1,1,4859,0,4861,G
6-NA,864,4856,1,1,0,4858,A
6-NA,865,0,4827,1,2,4830,T
6-NA,866,0,0,4842,0,4842,G
6-NA,867,0,4746,1,0,4747,T
6-NA,868,1,1,4770,1,4773,G
6-NA,869,0,4697,0,11,4708,T
6-NA,870,3,3,0,4721,4727,C
6-NA,871,0,4741,2,3,4746,T
6-NA,872,3,1,4756,0,4760,G
6-NA,873,1,1,0,4714,4716,C
6-NA,874,4754,0,0,0,4754,A
6-NA,875,3,2,4739,0,4744,G
6-NA,876,4637,0,4,0,4641,A
6-NA,877,0,4,4619,0,4623,G
6-NA,878,4623,0,3,0,4626,A
6-NA,879,0,0,0,4600,4600,C
6-NA,880,4621,0,4,0,4625,A
6-NA,881,4612,1,3,0,4616,A
6-NA,882,0,3,0,4605,4608,C
6-NA,883,0,4633,0,2,4635,T
6-NA,884,0,1,4613,0,4614,G
6-NA,885,0,1,4582,0,4583,G
6-NA,886,4564,0,1,1,4566,A
6-NA,887,4576,1,8,0,4585,A
6-NA,888,4475,0,4,0,4479,A
6-NA,889,0,2,4444,0,4446,G
6-NA,890,1,3,4385,0,4389,G
6-NA,891,4199,0,2,2,4203,A
6-NA,892,3,4255,0,1,4259,T
6-NA,893,4,3,0,4306,4313,C
6-NA,894,2,3,0,4359,4364,C
6-NA,895,4400,0,1,0,4401,A
6-NA,896,4376,0,2,0,4378,A
6-NA,897,0,4375,0,1,4376,T
6-NA,898,4218,0,1,0,4219,A
6-NA,899,3,0,4169,0,4172,G
6-NA,900,2,0,4090,0,4092,G
6-NA,901,2,1,0,4054,4057,C
6-NA,902,4,1,0,4053,4058,C
6-NA,903,4,0,0,3920,3924,C
6-NA,904,3942,0,0,1,3943,A
6-NA,905,0,3942,0,4,3946,T
6-NA,906,2,3,0,3982,3987,C
6-NA,907,2,0,4025,0,4027,G
6-NA,908,1,3952,1,0,3954,T
6-NA,909,3830,1,2,0,3833,A
6-NA,910,0,2,3902,0,3904,G
6-NA,911,3863,0,4,0,3867,A
6-NA,912,0,3896,0,0,3896,T
6-NA,913,3779,0,1,0,3780,A
6-NA,914,0,3720,0,4,3724,T
6-NA,915,3713,0,2,0,3715,A
6-NA,916,3684,0,1,2,3687,A
6-NA,917,3705,0,0,1,3706,A
6-NA,918,1,1,0,3757,3759,C
6-NA,919,3641,0,0,0,3641,A
6-NA,920,0,3607,0,2,3609,T
6-NA,921,3603,0,1,0,3604,A
6-NA,922,3588,0,1,1,3590,A
6-NA,923,3583,0,6,0,3589,A
6-NA,924,1,3,3578,0,3582,G
6-NA,925,0,3,3606,0,3609,G
6-NA,926,3413,0,3,0,3416,A
6-NA,927,0,3298,0,3,3301,T
6-NA,928,5,1,0,3404,3410,C
6-NA,929,3434,0,2,0,3436,A
6-NA,930,0,3403,0,2,3405,T
6-NA,931,3431,0,3,0,3434,A
6-NA,932,0,1,3401,0,3402,G
6-NA,933,2,0,0,3320,3322,C
6-NA,934,3239,1,0,0,3240,A
6-NA,935,0,3001,0,0,3001,T
6-NA,936,0,3025,0,2,3027,T
6-NA,937,0,1,2997,0,2998,G
6-NA,938,1,2964,0,4,2969,T
6-NA,939,3,2,0,2915,2920,C
6-NA,940,1,2949,0,2,2952,T
6-NA,941,4,0,0,3017,3021,C
6-NA,942,2,3,0,3066,3071,C
6-NA,943,3129,0,2,0,3131,A
6-NA,944,1,0,3160,0,3161,G
6-NA,945,0,3095,0,5,3100,T
6-NA,946,0,2883,0,0,2883,T
6-NA,947,2920,0,0,0,2920,A
6-NA,948,0,2725,0,2,2727,T
6-NA,949,1,0,2766,0,2767,G
6-NA,950,0,2691,0,3,2694,T
6-NA,951,3,0,2704,0,2707,G
6-NA,952,1,2529,0,2,2532,T
6-NA,953,1,0,2561,0,2562,G
6-NA,954,1,2543,0,2,2546,T
6-NA,955,1,2500,5,1,2507,T
6-NA,956,4,0,0,2529,2533,C
6-NA,957,2511,1,4,0,2516,A
6-NA,958,0,3,2519,0,2522,G
6-NA,959,0,4,2487,0,2491,G
6-NA,960,2420,0,3,0,2423,A
6-NA,961,3,0,0,2437,2440,C
6-NA,962,0,2382,0,2,2384,T
6-NA,963,1,2398,0,0,2399,T
6-NA,964,0,1,2447,0,2448,G
6-NA,965,0,2408,0,1,2409,T
6-NA,966,0,2469,0,1,2470,T
6-NA,967,1,1,2424,0,2426,G
6-NA,968,1,1,2394,0,2396,G
6-NA,969,2355,0,4,0,2359,A
6-NA,970,1,2,2401,0,2404,G
6-NA,971,2391,0,2,0,2393,A
6-NA,972,0,0,0,2368,2368,C
6-NA,973,2276,1,2,0,2279,A
6-NA,974,0,1,0,2264,2265,C
6-NA,975,2253,0,4,3,2260,A
6-NA,976,1,0,0,2260,2261,C
6-NA,977,1,0,0,2213,2214,C
6-NA,978,5,2,0,2230,2237,C
6-NA,979,2292,0,2,0,2294,A
6-NA,980,0,1,2273,0,2274,G
6-NA,981,2268,1,0,0,2269,A
6-NA,982,2317,0,2,0,2319,A
6-NA,983,2297,0,1,1,2299,A
6-NA,984,2247,0,0,1,2248,A
6-NA,985,2213,0,2,0,2215,A
6-NA,986,2255,0,2,0,2257,A
6-NA,987,0,1,0,2256,2257,C
6-NA,988,0,3,2253,0,2256,G
6-NA,989,2261,0,2,0,2263,A
6-NA,990,1,0,0,2241,2242,C
6-NA,991,2228,0,3,0,2231,A
6-NA,992,0,1,2249,0,2250,G
6-NA,993,0,0,0,2265,2265,C
6-NA,994,1,2207,0,4,2212,T
6-NA,995,0,0,0,2240,2240,C
6-NA,996,0,0,0,2281,2281,C
6-NA,997,2279,0,1,0,2280,A
6-NA,998,2,0,2327,0,2329,G
6-NA,999,0,0,0,2295,2295,C
6-NA,1000,2261,1,2,0,2264,A
6-NA,1001,0,0,2339,0,2339,G
6-NA,1002,0,2145,2,0,2147,T
6-NA,1003,2145,0,1,0,2146,A
6-NA,1004,0,0,2185,0,2185,G
6-NA,1005,0,1,0,2127,2128,C
6-NA,1006,1,0,0,2156,2157,C
6-NA,1007,2164,0,0,0,2164,A
6-NA,1008,0,2154,0,0,2154,T
6-NA,1009,0,2144,0,0,2144,T
6-NA,1010,0,0,2203,0,2203,G
6-NA,1011,0,2171,1,1,2173,T
6-NA,1012,0,2159,0,2,2161,T
6-NA,1013,2,2138,0,0,2140,T
6-NA,1014,1,2,2131,0,2134,G
6-NA,1015,0,1,2136,0,2137,G
6-NA,1016,2096,0,0,0,2096,A
6-NA,1017,3,2135,1,2,2141,T
6-NA,1018,5,0,0,2121,2126,C
6-NA,1019,1,2,0,2114,2117,C
6-NA,1020,3,2119,0,1,2123,T
6-NA,1021,2107,0,12,0,2119,A
6-NA,1022,2150,0,0,0,2150,A
6-NA,1023,0,1,0,2142,2143,C
6-NA,1024,2128,0,2,0,2130,A
6-NA,1025,2128,0,1,0,2129,A
6-NA,1026,0,2088,0,1,2089,T
6-NA,1027,0,1,2106,0,2107,G
6-NA,1028,2036,1,4,0,2041,A
6-NA,1029,1,0,1982,0,1983,G
6-NA,1030,0,1,2026,0,2027,G
6-NA,1031,2000,0,0,0,2000,A
6-NA,1032,2024,0,5,0,2029,A
6-NA,1033,0,0,2060,0,2060,G
6-NA,1034,0,0,2049,0,2049,G
6-NA,1035,1,1899,0,1,1901,T
6-NA,1036,1,4,2023,0,2028,G
6-NA,1037,0,0,2036,0,2036,G
6-NA,1038,0,1869,0,5,1874,T
6-NA,1039,1,0,0,1961,1962,C
6-NA,1040,1947,1,1,0,1949,A
6-NA,1041,0,1977,0,1,1978,T
6-NA,1042,0,2,2028,0,2030,G
6-NA,1043,0,1,1979,0,1980,G
6-NA,1044,0,1,1923,0,1924,G
6-NA,1045,0,0,2035,0,2035,G
6-NA,1046,0,1963,0,0,1963,T
6-NA,1047,0,2,2007,0,2009,G
6-NA,1048,1998,0,0,0,1998,A
6-NA,1049,1999,0,0,0,1999,A
6-NA,1050,2017,0,4,0,2021,A
6-NA,1051,2,0,2004,0,2006,G
6-NA,1052,0,0,1970,0,1970,G
6-NA,1053,1,1,0,1930,1932,C
6-NA,1054,0,1904,0,1,1905,T
6-NA,1055,1,1,1926,0,1928,G
6-NA,1056,1,1,1920,0,1922,G
6-NA,1057,2,0,1927,0,1929,G
6-NA,1058,0,1,0,1840,1841,C
6-NA,1059,0,0,0,1917,1917,C
6-NA,1060,0,1868,0,2,1870,T
6-NA,1061,0,1890,0,0,1890,T
6-NA,1062,0,1929,1,1,1931,T
6-NA,1063,1,0,1955,0,1956,G
6-NA,1064,1938,0,1,0,1939,A
6-NA,1065,0,1924,0,1,1925,T
6-NA,1066,0,0,1924,0,1924,G
6-NA,1067,1864,0,5,0,1869,A
6-NA,1068,0,1899,0,1,1900,T
6-NA,1069,1,1,1916,0,1918,G
6-NA,1070,0,0,1940,0,1940,G
6-NA,1071,1880,0,5,0,1885,A
6-NA,1072,1896,0,1,0,1897,A
6-NA,1073,1901,0,0,0,1901,A
6-NA,1074,0,1867,1,0,1868,T
6-NA,1075,0,2,1922,0,1924,G
6-NA,1076,1857,0,2,0,1859,A
6-NA,1077,1,3,0,1856,1860,C
6-NA,1078,1,0,1903,0,1904,G
6-NA,1079,0,1795,1,0,1796,T
6-NA,1080,1,0,1870,0,1871,G
6-NA,1081,0,1825,0,0,1825,T
6-NA,1082,1,2,1840,0,1843,G
6-NA,1083,1,3,1858,0,1862,G
6-NA,1084,1839,0,2,0,1841,A
6-NA,1085,0,1815,0,0,1815,T
6-NA,1086,1,0,1869,0,1870,G
6-NA,1087,1,1,1841,0,1843,G
6-NA,1088,0,0,1862,0,1862,G
6-NA,1089,1842,0,1,0,1843,A
6-NA,1090,1842,0,1,0,1843,A
6-NA,1091,0,3,1848,0,1851,G
6-NA,1092,1824,0,3,0,1827,A
6-NA,1093,1813,1,1,0,1815,A
6-NA,1094,0,3,0,1811,1814,C
6-NA,1095,0,1,1824,0,1825,G
6-NA,1096,1771,0,1,1,1773,A
6-NA,1097,0,1695,1,1,1697,T
6-NA,1098,2,1,0,1756,1759,C
6-NA,1099,1739,0,1,1,1741,A
6-NA,1100,0,0,1766,0,1766,G
6-NA,1101,0,1,0,1747,1748,C
6-NA,1102,1,0,1787,1,1789,G
6-NA,1103,1723,0,0,0,1723,A
6-NA,1104,0,1,1765,0,1766,G
6-NA,1105,1751,0,2,0,1753,A
6-NA,1106,1753,0,3,0,1756,A
6-NA,1107,1,0,1773,0,1774,G
6-NA,1108,0,1683,0,1,1684,T
6-NA,1109,2,1,0,1714,1717,C
6-NA,1110,1677,0,1,1,1679,A
6-NA,1111,2,1,0,1743,1746,C
6-NA,1112,2,0,1757,0,1759,G
6-NA,1113,1,1,0,1733,1735,C
6-NA,1114,1,1713,0,1,1715,T
6-NA,1115,0,1759,0,0,1759,T
6-NA,1116,1731,0,0,0,1731,A
6-NA,1117,3,2,1732,0,1737,G
6-NA,1118,0,0,1710,0,1710,G
6-NA,1119,1,0,1758,0,1759,G
6-NA,1120,0,1596,0,0,1596,T
6-NA,1121,1614,0,0,1,1615,A
6-NA,1122,0,1608,1,3,1612,T
6-NA,1123,0,0,1617,0,1617,G
6-NA,1124,1634,0,0,0,1634,A
6-NA,1125,1601,0,0,0,1601,A
6-NA,1126,1489,0,2,0,1491,A
6-NA,1127,3,0,0,1512,1515,C
6-NA,1128,2,0,0,1503,1505,C
6-NA,1129,0,1448,0,2,1450,T
6-NA,1130,1,1442,0,1,1444,T
6-NA,1131,1,0,0,1447,1448,C
6-NA,1132,1504,0,0,0,1504,A
6-NA,1133,1488,0,0,0,1488,A
6-NA,1134,1490,1,0,0,1491,A
6-NA,1135,2,0,1458,0,1460,G
6-NA,1136,1,1378,0,2,1381,T
6-NA,1137,2,1,0,1430,1433,C
6-NA,1138,1487,1,3,1,1492,A
6-NA,1139,0,1460,0,0,1460,T
6-NA,1140,0,1476,0,1,1477,T
6-NA,1141,0,0,1495,0,1495,G
6-NA,1142,1476,0,0,0,1476,A
6-NA,1143,1483,0,0,0,1483,A
6-NA,1144,0,0,1488,0,1488,G
6-NA,1145,0,0,1461,0,1461,G
6-NA,1146,1,0,0,1445,1446,C
6-NA,1147,2,1398,0,2,1402,T
6-NA,1148,0,1,1412,0,1413,G
6-NA,1149,0,0,1445,0,1445,G
6-NA,1150,0,1393,0,2,1395,T
6-NA,1151,0,0,0,1394,1394,C
6-NA,1152,0,1,0,1400,1401,C
6-NA,1153,1421,0,3,0,1424,A
6-NA,1154,1406,0,2,0,1408,A
6-NA,1155,0,0,0,1431,1431,C
6-NA,1156,1,0,0,1415,1416,C
6-NA,1157,2,2,1,1438,1443,C
6-NA,1158,0,1404,0,0,1404,T
6-NA,1159,1405,0,0,0,1405,A
6-NA,1160,1385,0,0,0,1385,A
6-NA,1161,0,0,1405,0,1405,G
6-NA,1162,0,1335,0,0,1335,T
6-NA,1163,2,0,0,1360,1362,C
6-NA,1164,0,1,0,1367,1368,C
6-NA,1165,1377,0,2,0,1379,A
6-NA,1166,1365,0,1,0,1366,A
6-NA,1167,1383,0,0,0,1383,A
6-NA,1168,0,1375,0,0,1375,T
6-NA,1169,0,1388,0,0,1388,T
6-NA,1170,0,0,1375,0,1375,G
6-NA,1171,0,0,0,1355,1355,C
6-NA,1172,1362,0,1,0,1363,A
6-NA,1173,1,0,1352,0,1353,G
6-NA,1174,1360,0,0,0,1360,A
6-NA,1175,0,1393,0,0,1393,T
6-NA,1176,1406,0,0,0,1406,A
6-NA,1177,1396,0,0,0,1396,A
6-NA,1178,1404,0,2,0,1406,A
6-NA,1179,0,1389,0,0,1389,T
6-NA,1180,1387,2,2,0,1391,A
6-NA,1181,1,2,1371,0,1374,G
6-NA,1182,1,1,1339,1,1342,G
6-NA,1183,1,0,0,1356,1357,C
6-NA,1184,1334,0,3,0,1337,A
6-NA,1185,1326,0,6,0,1332,A
6-NA,1186,0,0,1353,0,1353,G
6-NA,1187,0,1343,0,1,1344,T
6-NA,1188,1,1,0,1340,1342,C
6-NA,1189,1346,0,0,0,1346,A
6-NA,1190,0,1339,0,0,1339,T
6-NA,1191,1348,0,2,0,1350,A
6-NA,1192,0,1,1351,0,1352,G
6-NA,1193,0,1358,0,0,1358,T
6-NA,1194,0,1282,0,1,1283,T
6-NA,1195,0,0,1270,0,1270,G
6-NA,1196,1256,0,1,1,1258,A
6-NA,1197,0,0,0,1238,1238,C
6-NA,1198,1241,0,1,0,1242,A
6-NA,1199,0,0,1271,0,1271,G
6-NA,1200,1240,0,3,0,1243,A
6-NA,1201,1,0,1257,0,1258,G
6-NA,1202,0,0,1259,0,1259,G
6-NA,1203,0,1234,0,0,1234,T
6-NA,1204,1266,0,0,0,1266,A
6-NA,1205,1250,0,1,0,1251,A
6-NA,1206,0,1244,0,0,1244,T
6-NA,1207,1230,0,1,0,1231,A
6-NA,1208,0,0,1197,0,1197,G
6-NA,1209,0,0,1143,1,1144,G
6-NA,1210,0,993,0,0,993,T
6-NA,1211,2,0,0,1002,1004,C
6-NA,1212,1,0,0,1010,1011,C
6-NA,1213,0,2,1009,0,1011,G
6-NA,1214,0,0,1014,0,1014,G
6-NA,1215,0,1009,0,0,1009,T
6-NA,1216,0,1012,0,1,1013,T
6-NA,1217,991,0,0,0,991,A
6-NA,1218,0,956,0,2,958,T
6-NA,1219,0,980,0,1,981,T
6-NA,1220,0,0,1,965,966,C
6-NA,1221,0,943,0,0,943,T
6-NA,1222,1,1,922,0,924,G
6-NA,1223,0,0,923,0,923,G
6-NA,1224,0,921,0,0,921,T
6-NA,1225,922,0,1,1,924,A
6-NA,1226,0,886,0,3,889,T
6-NA,1227,0,912,0,0,912,T
6-NA,1228,0,891,0,2,893,T
6-NA,1229,0,907,0,0,907,T
6-NA,1230,1,0,0,889,890,C
6-NA,1231,0,859,0,3,862,T
6-NA,1232,3,0,0,875,878,C
6-NA,1233,0,888,0,1,889,T
6-NA,1234,0,1,927,0,928,G
6-NA,1235,0,921,0,1,922,T
6-NA,1236,0,895,0,1,896,T
6-NA,1237,0,0,912,0,912,G
6-NA,1238,912,0,2,0,914,A
6-NA,1239,909,0,2,0,911,A
6-NA,1240,0,0,910,0,910,G
6-NA,1241,1,0,899,0,900,G
6-NA,1242,1,0,0,877,878,C
6-NA,1243,897,0,0,0,897,A
6-NA,1244,890,0,0,0,890,A
6-NA,1245,917,0,0,0,917,A
6-NA,1246,913,0,2,0,915,A
6-NA,1247,0,0,904,0,904,G
6-NA,1248,0,0,0,860,860,C
6-NA,1249,0,860,1,1,862,T
6-NA,1250,0,0,901,0,901,G
6-NA,1251,0,0,0,886,886,C
6-NA,1252,895,0,4,0,899,A
6-NA,1253,0,870,0,0,870,T
6-NA,1254,2,0,0,880,882,C
6-NA,1255,894,0,0,0,894,A
6-NA,1256,886,0,0,0,886,A
6-NA,1257,0,869,0,1,870,T
6-NA,1258,0,0,0,890,890,C
6-NA,1259,0,2,884,0,886,G
6-NA,1260,0,0,903,0,903,G
6-NA,1261,0,889,0,1,890,T
6-NA,1262,0,0,892,0,892,G
6-NA,1263,0,0,0,900,900,C
6-NA,1264,0,887,0,1,888,T
6-NA,1265,0,915,0,0,915,T
6-NA,1266,0,913,0,1,914,T
6-NA,1267,0,917,0,0,917,T
6-NA,1268,918,0,0,0,918,A
6-NA,1269,0,869,0,1,870,T
6-NA,1270,0,0,875,0,875,G
6-NA,1271,0,865,0,1,866,T
6-NA,1272,0,0,864,0,864,G
6-NA,1273,0,1,859,0,860,G
6-NA,1274,834,0,1,0,835,A
6-NA,1275,0,0,856,0,856,G
6-NA,1276,0,850,0,2,852,T
6-NA,1277,0,847,0,2,849,T
6-NA,1278,0,0,858,0,858,G
6-NA,1279,857,0,1,0,858,A
6-NA,1280,0,855,0,1,856,T
6-NA,1281,859,0,0,0,859,A
6-NA,1282,823,0,1,1,825,A
6-NA,1283,0,1,832,0,833,G
6-NA,1284,0,0,786,0,786,G
6-NA,1285,1,1,785,0,787,G
6-NA,1286,0,0,800,0,800,G
6-NA,1287,789,0,1,0,790,A
6-NA,1288,787,0,0,0,787,A
6-NA,1289,0,0,798,0,798,G
6-NA,1290,795,0,0,0,795,A
6-NA,1291,787,0,1,0,788,A
6-NA,1292,779,0,0,0,779,A
6-NA,1293,775,0,0,0,775,A
6-NA,1294,0,0,771,0,771,G
6-NA,1295,765,0,0,0,765,A
6-NA,1296,0,1,762,0,763,G
6-NA,1297,0,1,763,0,764,G
6-NA,1298,748,0,0,0,748,A
6-NA,1299,751,0,2,0,753,A
6-NA,1300,741,0,1,0,742,A
6-NA,1301,0,0,0,754,754,C
6-NA,1302,0,743,0,1,744,T
6-NA,1303,0,0,757,0,757,G
6-NA,1304,749,0,0,0,749,A
6-NA,1305,754,0,0,0,754,A
6-NA,1306,0,0,744,0,744,G
6-NA,1307,0,717,0,1,718,T
6-NA,1308,1,0,0,728,729,C
6-NA,1309,0,728,0,0,728,T
6-NA,1310,0,741,0,1,742,T
6-NA,1311,0,0,738,0,738,G
6-NA,1312,0,735,0,1,736,T
6-NA,1313,0,1,728,0,729,G
6-NA,1314,1,0,716,0,717,G
6-NA,1315,690,0,2,0,692,A
6-NA,1316,0,0,0,673,673,C
6-NA,1317,0,0,0,679,679,C
6-NA,1318,1,689,0,2,692,T
6-NA,1319,2,0,0,696,698,C
6-NA,1320,714,0,2,0,716,A
6-NA,1321,714,0,0,0,714,A
6-NA,1322,698,0,2,0,700,A
6-NA,1323,0,0,0,714,714,C
6-NA,1324,694,0,0,0,694,A
6-NA,1325,0,0,704,0,704,G
6-NA,1326,0,683,0,0,683,T
6-NA,1327,673,0,0,0,673,A
6-NA,1328,0,679,0,0,679,T
6-NA,1329,0,666,0,0,666,T
6-NA,1330,0,0,678,0,678,G
6-NA,1331,0,652,0,1,653,T
6-NA,1332,0,637,0,0,637,T
6-NA,1333,0,0,639,0,639,G
6-NA,1334,0,582,0,0,582,T
6-NA,1335,2,0,597,0,599,G
6-NA,1336,0,586,0,0,586,T
6-NA,1337,0,565,0,0,565,T
6-NA,1338,0,576,0,0,576,T
6-NA,1339,0,548,0,0,548,T
6-NA,1340,0,0,569,0,569,G
6-NA,1341,0,561,0,1,562,T
6-NA,1342,0,1,563,0,564,G
6-NA,1343,0,0,546,0,546,G
6-NA,1344,0,0,0,544,544,C
6-NA,1345,521,0,1,0,522,A
6-NA,1346,0,0,0,527,527,C
6-NA,1347,1,0,0,540,541,C
6-NA,1348,0,534,0,0,534,T
6-NA,1349,0,0,0,545,545,C
6-NA,1350,551,0,1,1,553,A
6-NA,1351,0,0,552,0,552,G
6-NA,1352,0,0,555,0,555,G
6-NA,1353,0,549,0,0,549,T
6-NA,1354,524,0,2,0,526,A
6-NA,1355,0,0,0,506,506,C
6-NA,1356,503,1,0,0,504,A
6-NA,1357,0,498,0,0,498,T
6-NA,1358,479,0,2,0,481,A
6-NA,1359,0,477,0,0,477,T
6-NA,1360,0,2,441,0,443,G
6-NA,1361,0,1,438,0,439,G
6-NA,1362,434,0,0,0,434,A
6-NA,1363,417,0,0,0,417,A
6-NA,1364,0,0,0,417,417,C
6-NA,1365,361,0,0,0,361,A
6-NA,1366,0,0,362,0,362,G
6-NA,1367,0,0,359,0,359,G
6-NA,1368,0,0,0,352,352,C
6-NA,1369,0,354,0,1,355,T
6-NA,1370,1,0,0,345,346,C
6-NA,1371,342,0,0,0,342,A
6-NA,1372,0,341,1,0,342,T
6-NA,1373,0,0,345,0,345,G
6-NA,1374,0,1,341,0,342,G
6-NA,1375,1,0,0,319,320,C
6-NA,1376,0,0,0,319,319,C
6-NA,1377,0,302,0,0,302,T
6-NA,1378,0,0,301,0,301,G
6-NA,1379,296,0,1,0,297,A
6-NA,1380,0,300,0,1,301,T
6-NA,1381,0,1,293,0,294,G
6-NA,1382,0,0,284,0,284,G
6-NA,1383,0,0,263,0,263,G
6-NA,1384,0,0,273,0,273,G
6-NA,1385,2,2,0,251,255,C
6-NA,1386,0,0,264,0,264,G
6-NA,1387,0,0,260,0,260,G
6-NA,1388,257,0,2,0,259,A
6-NA,1389,0,0,0,257,257,C
6-NA,1390,257,0,0,0,257,A
6-NA,1391,0,250,0,1,251,T
6-NA,1392,0,0,0,251,251,C
6-NA,1393,245,0,0,0,245,A
6-NA,1394,242,0,0,0,242,A
6-NA,1395,0,239,0,0,239,T
6-NA,1396,0,1,0,231,232,C
6-NA,1397,0,230,0,0,230,T
6-NA,1398,1,0,0,200,201,C
6-NA,1399,201,0,0,0,201,A
6-NA,1400,0,199,0,0,199,T
6-NA,1401,0,0,196,0,196,G
6-NA,1402,1,0,0,191,192,C
6-NA,1403,0,0,0,193,193,C
6-NA,1404,0,174,0,0,174,T
6-NA,1405,174,0,0,0,174,A
6-NA,1406,0,173,0,1,174,T
6-NA,1407,168,0,0,0,168,A
6-NA,1408,0,169,0,0,169,T
6-NA,1409,155,0,0,0,155,A
6-NA,1410,148,0,0,0,148,A
7-M,1,70,0,0,0,70,A
7-M,2,0,72,0,0,72,T
7-M,3,0,0,69,0,69,G
7-M,4,72,0,0,0,72,A
7-M,5,0,0,72,0,72,G
7-M,6,0,0,0,83,83,C
7-M,7,0,0,0,84,84,C
7-M,8,0,106,0,0,106,T
7-M,9,0,117,0,0,117,T
7-M,10,0,0,0,117,117,C
7-M,11,0,117,0,0,117,T
7-M,12,119,0,0,0,119,A
7-M,13,120,0,0,0,120,A
7-M,14,0,0,0,119,119,C
7-M,15,0,0,0,121,121,C
7-M,16,0,0,119,0,119,G
7-M,17,112,0,0,0,112,A
7-M,18,0,0,118,0,118,G
7-M,19,0,0,125,0,125,G
7-M,20,0,116,0,1,117,T
7-M,21,0,0,0,128,128,C
7-M,22,0,1,127,0,128,G
7-M,23,128,0,0,0,128,A
7-M,24,130,0,0,0,130,A
7-M,25,130,0,0,0,130,A
7-M,26,0,0,0,142,142,C
7-M,27,0,0,144,0,144,G
7-M,28,0,139,0,0,139,T
7-M,29,146,0,0,0,146,A
7-M,30,0,144,0,1,145,T
7-M,31,0,0,148,0,148,G
7-M,32,1,145,0,0,146,T
7-M,33,0,156,0,0,156,T
7-M,34,0,1,0,163,164,C
7-M,35,0,167,0,0,167,T
7-M,36,0,0,0,173,173,C
7-M,37,0,182,0,1,183,T
7-M,38,0,0,0,190,190,C
7-M,39,0,192,0,0,192,T
7-M,40,195,0,1,0,196,A
7-M,41,0,194,0,0,194,T
7-M,42,0,0,0,193,193,C
7-M,43,0,0,190,0,190,G
7-M,44,0,193,0,0,193,T
7-M,45,0,188,0,0,188,T
7-M,46,0,0,0,188,188,C
7-M,47,0,0,0,200,200,C
7-M,48,207,0,0,0,207,A
7-M,49,0,206,0,0,206,T
7-M,50,0,0,0,207,207,C
7-M,51,199,0,0,0,199,A
7-M,52,0,0,191,0,191,G
7-M,53,0,0,194,0,194,G
7-M,54,0,0,0,198,198,C
7-M,55,0,0,0,205,205,C
7-M,56,0,0,0,206,206,C
7-M,57,0,0,0,216,216,C
7-M,58,0,1,0,214,215,C
7-M,59,0,212,0,0,212,T
7-M,60,0,0,0,217,217,C
7-M,61,217,0,0,0,217,A
7-M,62,219,0,0,0,219,A
7-M,63,227,0,0,0,227,A
7-M,64,0,0,232,0,232,G
7-M,65,0,0,0,233,233,C
7-M,66,0,0,0,234,234,C
7-M,67,0,0,234,0,234,G
7-M,68,229,0,0,0,229,A
7-M,69,0,0,234,0,234,G
7-M,70,228,0,0,0,228,A
7-M,71,0,232,0,0,232,T
7-M,72,1,0,0,236,237,C
7-M,73,0,0,233,0,233,G
7-M,74,0,0,0,232,232,C
7-M,75,0,0,231,0,231,G
7-M,76,1,0,0,232,233,C
7-M,77,234,0,0,0,234,A
7-M,78,0,1,236,0,237,G
7-M,79,216,0,2,0,218,A
7-M,80,0,0,244,0,244,G
7-M,81,240,0,1,0,241,A
7-M,82,0,0,0,261,261,C
7-M,83,0,262,0,0,262,T
7-M,84,0,262,0,1,263,T
7-M,85,0,1,260,0,261,G
7-M,86,262,0,0,0,262,A
7-M,87,263,0,0,0,263,A
7-M,88,0,1,266,0,267,G
7-M,89,252,0,0,0,252,A
7-M,90,0,256,0,0,256,T
7-M,91,0,0,257,0,257,G
7-M,92,0,252,0,0,252,T
7-M,93,0,1,0,257,258,C
7-M,94,0,250,0,0,250,T
7-M,95,0,257,0,0,257,T
7-M,96,0,255,0,0,255,T
7-M,97,0,0,256,0,256,G
7-M,98,0,0,0,258,258,C
7-M,99,0,253,0,0,253,T
7-M,100,0,0,253,0,253,G
7-M,101,0,0,236,0,236,G
7-M,102,0,0,255,0,255,G
7-M,103,261,0,0,0,261,A
7-M,104,268,0,0,0,268,A
7-M,105,272,0,0,0,272,A
7-M,106,259,0,1,0,260,A
7-M,107,264,0,0,0,264,A
7-M,108,0,0,0,274,274,C
7-M,109,271,0,0,0,271,A
7-M,110,0,0,0,275,275,C
7-M,111,270,0,0,0,270,A
7-M,112,0,0,277,0,277,G
7-M,113,283,0,0,0,283,A
7-M,114,0,280,0,0,280,T
7-M,115,1,0,0,286,287,C
7-M,116,0,289,0,0,289,T
7-M,117,0,280,0,1,281,T
7-M,118,0,2,287,0,289,G
7-M,119,287,0,1,0,288,A
7-M,120,0,0,279,0,279,G
7-M,121,0,0,291,0,291,G
7-M,122,0,0,0,289,289,C
7-M,123,0,280,0,0,280,T
7-M,124,0,0,0,315,315,C
7-M,125,0,314,0,2,316,T
7-M,126,0,0,0,318,318,C
7-M,127,320,0,0,0,320,A
7-M,128,0,317,0,0,317,T
7-M,129,1,0,328,0,329,G
7-M,130,0,0,325,0,325,G
7-M,131,314,0,1,0,315,A
7-M,132,317,0,0,0,317,A
7-M,133,0,306,0,0,306,T
7-M,134,0,0,330,0,330,G
7-M,135,0,0,342,0,342,G
7-M,136,0,0,0,348,348,C
7-M,137,0,348,0,2,350,T
7-M,138,348,0,0,0,348,A
7-M,139,343,0,0,0,343,A
7-M,140,351,0,0,0,351,A
7-M,141,0,0,344,0,344,G
7-M,142,347,0,0,0,347,A
7-M,143,0,0,0,351,351,C
7-M,144,339,1,0,0,340,A
7-M,145,336,0,1,0,337,A
7-M,146,0,1,338,0,339,G
7-M,147,346,0,1,0,347,A
7-M,148,0,0,0,355,355,C
7-M,149,0,0,0,354,354,C
7-M,150,349,0,0,0,349,A
7-M,151,358,0,0,0,358,A
7-M,152,0,352,0,0,352,T
7-M,153,0,344,0,1,345,T
7-M,154,0,0,0,368,368,C
7-M,155,0,356,0,0,356,T
7-M,156,0,0,362,0,362,G
7-M,157,0,352,0,2,354,T
7-M,158,1,1,0,364,366,C
7-M,159,360,0,0,0,360,A
7-M,160,1,0,0,372,373,C
7-M,161,0,0,0,367,367,C
7-M,162,0,369,0,0,369,T
7-M,163,0,0,0,379,379,C
7-M,164,0,376,0,1,377,T
7-M,165,0,1,390,0,391,G
7-M,166,386,0,0,0,386,A
7-M,167,0,0,0,389,389,C
7-M,168,0,392,0,0,392,T
7-M,169,384,0,0,0,384,A
7-M,170,374,0,0,0,374,A
7-M,171,0,0,385,0,385,G
7-M,172,0,0,380,0,380,G
7-M,173,0,1,384,0,385,G
7-M,174,0,0,380,0,380,G
7-M,175,366,0,0,1,367,A
7-M,176,0,376,0,0,376,T
7-M,177,0,376,0,0,376,T
7-M,178,0,382,0,0,382,T
7-M,179,0,392,0,0,392,T
7-M,180,0,2,388,0,390,G
7-M,181,0,0,387,0,387,G
7-M,182,0,0,385,0,385,G
7-M,183,0,0,390,0,390,G
7-M,184,0,357,0,0,357,T
7-M,185,0,378,0,0,378,T
7-M,186,0,383,0,0,383,T
7-M,187,0,0,385,0,385,G
7-M,188,0,386,0,0,386,T
7-M,189,0,0,393,0,393,G
7-M,190,0,387,0,1,388,T
7-M,191,0,395,0,0,395,T
7-M,192,1,0,0,399,400,C
7-M,193,400,0,0,0,400,A
7-M,194,0,0,0,407,407,C
7-M,195,1,0,397,0,398,G
7-M,196,0,0,0,403,403,C
7-M,197,0,387,0,1,388,T
7-M,198,3,0,0,421,424,C
7-M,199,421,0,1,0,422,A
7-M,200,0,0,0,427,427,C
7-M,201,0,1,0,431,432,C
7-M,202,0,0,431,0,431,G
7-M,203,0,413,1,0,414,T
7-M,204,1,0,427,0,428,G
7-M,205,0,0,0,421,421,C
7-M,206,1,0,0,421,422,C
7-M,207,0,0,0,425,425,C
7-M,208,413,0,2,0,415,A
7-M,209,0,0,424,0,424,G
7-M,210,0,415,0,0,415,T
7-M,211,0,1,413,0,414,G
7-M,212,420,0,2,0,422,A
7-M,213,1,0,427,0,428,G
7-M,214,0,0,0,408,408,C
7-M,215,0,0,436,0,436,G
7-M,216,426,0,0,0,426,A
7-M,217,0,0,425,0,425,G
7-M,218,0,2,415,0,417,G
7-M,219,422,0,0,0,422,A
7-M,220,0,1,0,416,417,C
7-M,221,0,420,0,1,421,T
7-M,222,0,0,423,0,423,G
7-M,223,0,0,0,402,402,C
7-M,224,419,0,0,0,419,A
7-M,225,0,0,433,0,433,G
7-M,226,0,0,0,426,426,C
7-M,227,1,0,431,0,432,G
7-M,228,0,424,0,0,424,T
7-M,229,422,0,0,0,422,A
7-M,230,0,2,414,0,416,G
7-M,231,416,1,0,0,417,A
7-M,232,0,0,0,406,406,C
7-M,233,2,0,410,0,412,G
7-M,234,0,1,0,412,413,C
7-M,235,0,404,0,0,404,T
7-M,236,0,414,1,0,415,T
7-M,237,0,415,0,0,415,T
7-M,238,0,0,430,0,430,G
7-M,239,0,415,0,0,415,T
7-M,240,0,0,0,427,427,C
7-M,241,1,2,0,428,431,C
7-M,242,431,0,0,0,431,A
7-M,243,428,0,0,0,428,A
7-M,244,422,0,0,0,422,A
7-M,245,425,0,0,0,425,A
7-M,246,0,419,0,1,420,T
7-M,247,1,0,422,2,425,G
7-M,248,0,0,0,405,405,C
7-M,249,0,0,0,409,409,C
7-M,250,0,1,0,404,405,C
7-M,251,0,417,0,1,418,T
7-M,252,0,0,0,443,443,C
7-M,253,450,0,0,0,450,A
7-M,254,436,0,1,0,437,A
7-M,255,0,430,0,0,430,T
7-M,256,0,0,441,0,441,G
7-M,257,0,0,453,0,453,G
7-M,258,0,1,459,0,460,G
7-M,259,463,0,2,0,465,A
7-M,260,455,0,0,0,455,A
7-M,261,0,436,0,0,436,T
7-M,262,0,0,442,0,442,G
7-M,263,0,0,450,0,450,G
7-M,264,439,0,0,0,439,A
7-M,265,0,0,435,0,435,G
7-M,266,437,0,0,0,437,A
7-M,267,0,0,0,422,422,C
7-M,268,0,0,0,431,431,C
7-M,269,1,0,0,447,448,C
7-M,270,468,0,0,0,468,A
7-M,271,475,0,0,0,475,A
7-M,272,460,0,0,1,461,A
7-M,273,0,465,1,0,466,T
7-M,274,489,0,0,0,489,A
7-M,275,491,0,0,0,491,A
7-M,276,1,0,0,471,472,C
7-M,277,477,0,0,0,477,A
7-M,278,0,470,0,0,470,T
7-M,279,0,1,484,0,485,G
7-M,280,0,1,484,0,485,G
7-M,281,467,0,1,0,468,A
7-M,282,0,0,0,480,480,C
7-M,283,476,0,0,0,476,A
7-M,284,482,0,0,0,482,A
7-M,285,472,0,2,0,474,A
7-M,286,0,1,475,0,476,G
7-M,287,1,0,0,488,489,C
7-M,288,485,0,2,0,487,A
7-M,289,0,0,492,0,492,G
7-M,290,0,480,0,1,481,T
7-M,291,0,481,1,0,482,T
7-M,292,492,0,0,0,492,A
7-M,293,484,0,1,0,485,A
7-M,294,486,0,0,0,486,A
7-M,295,0,0,0,495,495,C
7-M,296,0,473,0,0,473,T
7-M,297,0,0,527,0,527,G
7-M,298,0,508,0,0,508,T
7-M,299,536,0,0,0,536,A
7-M,300,1,530,0,0,531,T
7-M,301,529,0,0,0,529,A
7-M,302,0,0,526,0,526,G
7-M,303,1,0,514,0,515,G
7-M,304,504,0,1,0,505,A
7-M,305,506,0,0,0,506,A
7-M,306,480,1,0,0,481,A
7-M,307,0,0,0,491,491,C
7-M,308,0,498,0,1,499,T
7-M,309,0,498,0,0,498,T
7-M,310,501,0,0,0,501,A
7-M,311,497,0,0,0,497,A
7-M,312,0,1,486,0,487,G
7-M,313,493,0,2,0,495,A
7-M,314,0,0,488,0,488,G
7-M,315,462,0,2,0,464,A
7-M,316,0,0,471,0,471,G
7-M,317,478,0,2,0,480,A
7-M,318,1,0,480,0,481,G
7-M,319,495,0,0,0,495,A
7-M,320,1,489,0,0,490,T
7-M,321,488,0,0,0,488,A
7-M,322,480,0,1,0,481,A
7-M,323,0,0,0,492,492,C
7-M,324,1,0,483,0,484,G
7-M,325,0,480,0,1,481,T
7-M,326,0,464,0,0,464,T
7-M,327,2,0,0,472,474,C
7-M,328,0,1,0,473,474,C
7-M,329,479,0,0,0,479,A
7-M,330,0,491,0,0,491,T
7-M,331,0,1,482,0,483,G
7-M,332,0,1,473,0,474,G
7-M,333,0,0,451,0,451,G
7-M,334,0,0,463,0,463,G
7-M,335,0,0,0,448,448,C
7-M,336,1,1,0,462,464,C
7-M,337,481,1,0,0,482,A
7-M,338,487,0,0,0,487,A
7-M,339,487,0,1,0,488,A
7-M,340,0,0,495,0,495,G
7-M,341,499,0,0,0,499,A
7-M,342,494,0,0,0,494,A
7-M,343,489,0,0,0,489,A
7-M,344,0,488,0,0,488,T
7-M,345,490,0,1,0,491,A
7-M,346,0,0,479,0,479,G
7-M,347,0,0,0,472,472,C
7-M,348,1,477,0,0,478,T
7-M,349,2,0,0,473,475,C
7-M,350,0,486,0,0,486,T
7-M,351,0,0,0,494,494,C
7-M,352,504,0,0,0,504,A
7-M,353,0,0,498,0,498,G
7-M,354,0,493,0,0,493,T
7-M,355,0,500,0,0,500,T
7-M,356,508,0,0,0,508,A
7-M,357,0,501,0,0,501,T
7-M,358,0,493,0,0,493,T
7-M,359,1,0,0,495,496,C
7-M,360,0,473,0,1,474,T
7-M,361,0,0,488,0,488,G
7-M,362,0,0,0,484,484,C
7-M,363,0,473,0,1,474,T
7-M,364,0,0,489,0,489,G
7-M,365,0,0,486,0,486,G
7-M,366,0,475,0,0,475,T
7-M,367,0,0,488,0,488,G
7-M,368,0,0,0,475,475,C
7-M,369,474,0,1,0,475,A
7-M,370,0,0,0,484,484,C
7-M,371,0,479,0,2,481,T
7-M,372,0,480,0,0,480,T
7-M,373,0,0,479,0,479,G
7-M,374,2,0,0,473,475,C
7-M,375,0,0,0,475,475,C
7-M,376,475,0,0,1,476,A
7-M,377,0,0,498,0,498,G
7-M,378,0,486,0,0,486,T
7-M,379,0,487,0,0,487,T
7-M,380,0,0,490,0,490,G
7-M,381,0,462,0,1,463,T
7-M,382,491,0,0,0,491,A
7-M,383,0,481,1,1,483,T
7-M,384,0,0,492,0,492,G
7-M,385,0,0,473,0,473,G
7-M,386,1,0,466,0,467,G
7-M,387,0,0,0,461,461,C
7-M,388,0,0,0,477,477,C
7-M,389,0,483,0,0,483,T
7-M,390,1,0,0,492,493,C
7-M,391,515,0,0,0,515,A
7-M,392,0,525,0,0,525,T
7-M,393,534,0,0,0,534,A
7-M,394,0,535,0,0,535,T
7-M,395,522,0,0,0,522,A
7-M,396,1,0,0,555,556,C
7-M,397,538,0,0,0,538,A
7-M,398,526,0,2,0,528,A
7-M,399,0,532,0,0,532,T
7-M,400,508,0,0,0,508,A
7-M,401,0,0,512,0,512,G
7-M,402,0,0,494,0,494,G
7-M,403,475,0,2,0,477,A
7-M,404,0,487,0,0,487,T
7-M,405,0,0,464,0,464,G
7-M,406,0,2,469,0,471,G
7-M,407,0,0,458,0,458,G
7-M,408,0,0,466,0,466,G
7-M,409,0,0,461,0,461,G
7-M,410,0,0,0,448,448,C
7-M,411,0,455,0,0,455,T
7-M,412,0,0,462,0,462,G
7-M,413,0,467,0,0,467,T
7-M,414,453,0,0,0,453,A
7-M,415,455,0,0,0,455,A
7-M,416,1,0,0,458,459,C
7-M,417,1,0,0,452,453,C
7-M,418,455,0,0,0,455,A
7-M,419,0,1,0,460,461,C
7-M,420,0,456,0,0,456,T
7-M,421,0,2,455,0,457,G
7-M,422,436,0,0,0,436,A
7-M,423,441,0,0,0,441,A
7-M,424,0,0,444,0,444,G
7-M,425,0,431,0,0,431,T
7-M,426,0,0,447,0,447,G
7-M,427,0,0,448,0,448,G
7-M,428,0,0,0,450,450,C
7-M,429,446,0,0,0,446,A
7-M,430,0,444,0,0,444,T
7-M,431,0,445,0,0,445,T
7-M,432,0,446,0,1,447,T
7-M,433,0,0,454,0,454,G
7-M,434,1,0,447,0,448,G
7-M,435,0,1,0,446,447,C
7-M,436,0,0,0,453,453,C
7-M,437,0,453,0,0,453,T
7-M,438,0,1,473,0,474,G
7-M,439,0,0,471,0,471,G
7-M,440,0,472,0,0,472,T
7-M,441,492,1,1,0,494,A
7-M,442,0,474,0,1,475,T
7-M,443,0,1,476,0,477,G
7-M,444,0,475,0,0,475,T
7-M,445,0,0,479,0,479,G
7-M,446,0,0,0,477,477,C
7-M,447,474,0,0,1,475,A
7-M,448,473,0,0,0,473,A
7-M,449,0,0,0,476,476,C
7-M,450,473,0,0,0,473,A
7-M,451,0,476,0,0,476,T
7-M,452,0,0,466,0,466,G
7-M,453,0,450,0,0,450,T
7-M,454,0,1,456,0,457,G
7-M,455,450,0,1,0,451,A
7-M,456,0,0,450,0,450,G
7-M,457,1,1,0,440,442,C
7-M,458,438,0,0,0,438,A
7-M,459,1,3,435,0,439,G
7-M,460,440,0,0,0,440,A
7-M,461,0,432,0,0,432,T
7-M,462,0,444,0,0,444,T
7-M,463,0,0,438,0,438,G
7-M,464,0,0,0,446,446,C
7-M,465,0,441,0,1,442,T
7-M,466,0,2,432,0,434,G
7-M,467,435,0,0,0,435,A
7-M,468,0,0,0,454,454,C
7-M,469,0,437,0,0,437,T
7-M,470,0,0,0,458,458,C
7-M,471,0,0,0,445,445,C
7-M,472,1,0,0,458,459,C
7-M,473,459,0,0,0,459,A
7-M,474,0,0,455,1,456,G
7-M,475,0,1,0,448,449,C
7-M,476,462,0,0,0,462,A
7-M,477,0,0,0,462,462,C
7-M,478,438,1,0,0,439,A
7-M,479,0,1,443,0,444,G
7-M,480,0,0,445,0,445,G
7-M,481,1,416,0,0,417,T
7-M,482,2,0,0,443,445,C
7-M,483,0,434,0,1,435,T
7-M,484,0,0,0,435,435,C
7-M,485,439,0,0,0,439,A
7-M,486,0,438,0,0,438,T
7-M,487,437,0,0,0,437,A
7-M,488,0,0,427,0,427,G
7-M,489,0,0,423,0,423,G
7-M,490,0,0,0,427,427,C
7-M,491,410,0,2,0,412,A
7-M,492,0,0,409,0,409,G
7-M,493,408,0,2,0,410,A
7-M,494,0,416,0,0,416,T
7-M,495,0,0,418,0,418,G
7-M,496,0,0,412,0,412,G
7-M,497,0,386,0,1,387,T
7-M,498,0,0,404,0,404,G
7-M,499,0,0,402,0,402,G
7-M,500,0,0,0,402,402,C
7-M,501,408,0,0,0,408,A
7-M,502,404,0,0,0,404,A
7-M,503,0,0,0,417,417,C
7-M,504,421,0,0,0,421,A
7-M,505,422,0,0,0,422,A
7-M,506,0,0,0,415,415,C
7-M,507,0,1,0,408,409,C
7-M,508,398,0,1,0,399,A
7-M,509,391,0,0,0,391,A
7-M,510,0,392,0,0,392,T
7-M,511,0,0,0,398,398,C
7-M,512,0,0,0,401,401,C
7-M,513,386,0,0,0,386,A
7-M,514,0,389,0,0,389,T
7-M,515,0,397,0,0,397,T
7-M,516,398,0,2,0,400,A
7-M,517,397,0,1,0,398,A
7-M,518,0,393,0,0,393,T
7-M,519,391,0,0,0,391,A
7-M,520,392,0,0,0,392,A
7-M,521,389,0,0,0,389,A
7-M,522,397,0,0,0,397,A
7-M,523,0,1,0,406,407,C
7-M,524,400,0,0,0,400,A
7-M,525,0,396,0,0,396,T
7-M,526,0,0,405,0,405,G
7-M,527,404,0,0,0,404,A
7-M,528,0,0,408,0,408,G
7-M,529,400,0,0,0,400,A
7-M,530,408,1,0,0,409,A
7-M,531,0,0,0,400,400,C
7-M,532,397,0,0,0,397,A
7-M,533,0,0,403,0,403,G
7-M,534,401,0,0,0,401,A
7-M,535,393,1,0,0,394,A
7-M,536,0,389,0,0,389,T
7-M,537,1,2,398,0,401,G
7-M,538,0,0,401,0,401,G
7-M,539,0,372,0,0,372,T
7-M,540,0,379,0,1,380,T
7-M,541,0,383,0,1,384,T
7-M,542,0,392,0,0,392,T
7-M,543,0,0,391,0,391,G
7-M,544,0,0,393,0,393,G
7-M,545,0,0,0,375,375,C
7-M,546,1,0,0,386,387,C
7-M,547,393,0,0,0,393,A
7-M,548,0,0,396,0,396,G
7-M,549,0,1,0,394,395,C
7-M,550,398,0,2,0,400,A
7-M,551,0,1,0,409,410,C
7-M,552,0,406,1,0,407,T
7-M,553,405,0,0,0,405,A
7-M,554,1,0,0,421,422,C
7-M,555,435,0,1,0,436,A
7-M,556,1,0,442,0,443,G
7-M,557,0,0,0,419,419,C
7-M,558,0,399,0,1,400,T
7-M,559,420,0,0,0,420,A
7-M,560,425,0,1,0,426,A
7-M,561,0,0,428,0,428,G
7-M,562,0,0,419,0,419,G
7-M,563,0,0,0,407,407,C
7-M,564,0,396,1,0,397,T
7-M,565,403,0,0,0,403,A
7-M,566,0,403,0,0,403,T
7-M,567,0,0,406,0,406,G
7-M,568,0,0,406,0,406,G
7-M,569,393,0,1,0,394,A
7-M,570,0,0,399,0,399,G
7-M,571,0,0,0,388,388,C
7-M,572,392,0,0,0,392,A
7-M,573,383,0,0,0,383,A
7-M,574,381,1,0,0,382,A
7-M,575,0,380,0,0,380,T
7-M,576,0,0,390,0,390,G
7-M,577,0,0,366,0,366,G
7-M,578,3,0,0,367,370,C
7-M,579,1,383,0,1,385,T
7-M,580,0,0,391,0,391,G
7-M,581,1,0,389,0,390,G
7-M,582,369,0,0,0,369,A
7-M,583,0,373,0,0,373,T
7-M,584,0,0,0,378,378,C
7-M,585,375,0,1,0,376,A
7-M,586,387,0,0,0,387,A
7-M,587,0,2,388,0,390,G
7-M,588,0,363,0,1,364,T
7-M,589,0,2,387,0,389,G
7-M,590,388,0,0,0,388,A
7-M,591,368,1,0,0,369,A
7-M,592,0,0,0,371,371,C
7-M,593,382,0,1,0,383,A
7-M,594,1,0,386,0,387,G
7-M,595,0,0,378,0,378,G
7-M,596,0,0,0,376,376,C
7-M,597,372,0,0,0,372,A
7-M,598,0,0,387,0,387,G
7-M,599,1,0,0,378,379,C
7-M,600,0,1,393,0,394,G
7-M,601,0,0,381,0,381,G
7-M,602,370,0,0,0,370,A
7-M,603,0,0,379,0,379,G
7-M,604,0,0,380,0,380,G
7-M,605,0,0,0,375,375,C
7-M,606,0,0,0,380,380,C
7-M,607,393,0,0,0,393,A
7-M,608,0,377,0,0,377,T
7-M,609,0,1,400,0,401,G
7-M,610,0,1,401,0,402,G
7-M,611,374,0,0,0,374,A
7-M,612,0,0,398,0,398,G
7-M,613,385,0,1,0,386,A
7-M,614,0,388,0,0,388,T
7-M,615,0,397,0,0,397,T
7-M,616,0,0,400,1,401,G
7-M,617,0,0,0,390,390,C
7-M,618,0,387,0,0,387,T
7-M,619,399,0,0,0,399,A
7-M,620,1,0,398,0,399,G
7-M,621,0,383,0,0,383,T
7-M,622,2,0,0,392,394,C
7-M,623,380,0,0,0,380,A
7-M,624,0,0,384,0,384,G
7-M,625,1,0,371,0,372,G
7-M,626,0,0,0,387,387,C
7-M,627,0,0,0,379,379,C
7-M,628,390,0,0,0,390,A
7-M,629,0,0,394,0,394,G
7-M,630,2,0,384,0,386,G
7-M,631,0,0,0,386,386,C
7-M,632,393,0,1,0,394,A
7-M,633,0,0,392,0,392,G
7-M,634,382,0,2,0,384,A
7-M,635,0,376,0,0,376,T
7-M,636,0,0,381,0,381,G
7-M,637,1,0,399,0,400,G
7-M,638,0,367,0,0,367,T
7-M,639,0,0,383,0,383,G
7-M,640,0,0,0,360,360,C
7-M,641,372,0,0,0,372,A
7-M,642,1,1,381,0,383,G
7-M,643,0,0,383,0,383,G
7-M,644,0,0,0,376,376,C
7-M,645,390,0,0,0,390,A
7-M,646,381,0,0,0,381,A
7-M,647,0,356,0,0,356,T
7-M,648,0,0,378,0,378,G
7-M,649,368,0,1,0,369,A
7-M,650,0,2,371,0,373,G
7-M,651,354,0,0,0,354,A
7-M,652,0,1,378,0,379,G
7-M,653,0,0,0,363,363,C
7-M,654,0,0,0,370,370,C
7-M,655,377,0,0,0,377,A
7-M,656,0,377,0,0,377,T
7-M,657,0,385,0,0,385,T
7-M,658,0,0,384,0,384,G
7-M,659,0,0,368,0,368,G
7-M,660,0,2,377,0,379,G
7-M,661,366,0,1,0,367,A
7-M,662,1,0,0,357,358,C
7-M,663,0,352,1,0,353,T
7-M,664,0,0,0,363,363,C
7-M,665,366,0,0,0,366,A
7-M,666,0,384,0,0,384,T
7-M,667,1,0,0,388,389,C
7-M,668,0,0,0,395,395,C
7-M,669,0,389,0,0,389,T
7-M,670,393,0,0,0,393,A
7-M,671,1,0,398,0,399,G
7-M,672,0,400,0,0,400,T
7-M,673,0,395,0,0,395,T
7-M,674,0,0,0,402,402,C
7-M,675,1,0,0,398,399,C
7-M,676,393,0,0,0,393,A
7-M,677,0,0,399,0,399,G
7-M,678,0,383,0,0,383,T
7-M,679,381,0,0,0,381,A
7-M,680,0,0,0,385,385,C
7-M,681,0,367,0,0,367,T
7-M,682,0,0,391,0,391,G
7-M,683,0,0,387,0,387,G
7-M,684,0,360,0,0,360,T
7-M,685,0,363,0,0,363,T
7-M,686,0,374,0,0,374,T
7-M,687,383,1,0,0,384,A
7-M,688,380,0,1,0,381,A
7-M,689,0,0,388,0,388,G
7-M,690,364,0,0,0,364,A
7-M,691,0,0,376,0,376,G
7-M,692,354,0,0,0,354,A
7-M,693,0,350,0,0,350,T
7-M,694,0,0,361,0,361,G
7-M,695,353,0,1,0,354,A
7-M,696,0,338,0,0,338,T
7-M,697,0,0,0,362,362,C
7-M,698,0,351,0,0,351,T
7-M,699,0,346,0,1,347,T
7-M,700,0,0,0,357,357,C
7-M,701,0,362,0,0,362,T
7-M,702,0,358,0,1,359,T
7-M,703,0,0,357,0,357,G
7-M,704,356,1,0,0,357,A
7-M,705,354,0,0,0,354,A
7-M,706,356,0,1,0,357,A
7-M,707,356,0,0,0,356,A
7-M,708,0,362,0,0,362,T
7-M,709,0,362,0,0,362,T
7-M,710,0,369,0,0,369,T
7-M,711,0,0,363,0,363,G
7-M,712,0,1,0,362,363,C
7-M,713,366,0,0,0,366,A
7-M,714,0,1,355,0,356,G
7-M,715,355,0,0,1,356,A
7-M,716,0,0,0,378,378,C
7-M,717,0,0,0,378,378,C
7-M,718,0,369,0,0,369,T
7-M,719,369,0,1,0,370,A
7-M,720,0,379,0,0,379,T
7-M,721,0,0,0,374,374,C
7-M,722,383,0,0,0,383,A
7-M,723,0,0,377,0,377,G
7-M,724,374,0,0,0,374,A
7-M,725,351,0,0,0,351,A
7-M,726,355,0,0,0,355,A
7-M,727,0,0,0,367,367,C
7-M,728,0,0,382,0,382,G
7-M,729,361,0,3,0,364,A
7-M,730,360,0,1,0,361,A
7-M,731,0,369,0,0,369,T
7-M,732,0,0,372,0,372,G
7-M,733,0,2,384,0,386,G
7-M,734,0,1,376,0,377,G
7-M,735,0,0,382,0,382,G
7-M,736,1,0,379,0,380,G
7-M,737,0,353,0,0,353,T
7-M,738,0,0,372,0,372,G
7-M,739,0,1,0,379,380,C
7-M,740,372,0,0,0,372,A
7-M,741,0,0,372,0,372,G
7-M,742,368,0,0,0,368,A
7-M,743,0,367,0,0,367,T
7-M,744,0,0,360,0,360,G
7-M,745,0,0,0,358,358,C
7-M,746,362,0,0,0,362,A
7-M,747,370,0,0,0,370,A
7-M,748,0,0,0,365,365,C
7-M,749,0,0,366,0,366,G
7-M,750,360,0,0,0,360,A
7-M,751,0,376,0,0,376,T
7-M,752,0,372,0,0,372,T
7-M,753,0,0,1,371,372,C
7-M,754,372,0,0,0,372,A
7-M,755,370,0,0,0,370,A
7-M,756,0,0,368,0,368,G
7-M,757,0,359,0,1,360,T
7-M,758,0,1,354,0,355,G
7-M,759,347,0,1,0,348,A
7-M,760,0,0,0,352,352,C
7-M,761,1,0,0,342,343,C
7-M,762,2,0,1,355,358,C
7-M,763,0,0,367,0,367,G
7-M,764,0,0,0,359,359,C
7-M,765,0,375,0,1,376,T
7-M,766,0,372,0,2,374,T
7-M,767,0,0,374,0,374,G
7-M,768,0,371,0,0,371,T
7-M,769,0,374,0,1,375,T
7-M,770,0,0,370,0,370,G
7-M,771,0,371,0,0,371,T
7-M,772,0,364,0,0,364,T
7-M,773,0,0,367,0,367,G
7-M,774,0,1,0,358,359,C
7-M,775,0,0,0,355,355,C
7-M,776,0,0,359,0,359,G
7-M,777,0,0,0,347,347,C
7-M,778,1,1,365,0,367,G
7-M,779,357,0,0,0,357,A
7-M,780,363,0,0,0,363,A
7-M,781,0,377,1,0,378,T
7-M,782,369,0,0,0,369,A
7-M,783,0,384,0,0,384,T
7-M,784,0,0,0,385,385,C
7-M,785,393,0,0,0,393,A
7-M,786,0,397,0,0,397,T
7-M,787,0,386,0,0,386,T
7-M,788,0,0,389,0,389,G
7-M,789,0,0,384,0,384,G
7-M,790,0,0,388,0,388,G
7-M,791,393,0,0,0,393,A
7-M,792,0,386,0,1,387,T
7-M,793,0,0,0,391,391,C
7-M,794,0,389,0,1,390,T
7-M,795,0,392,0,0,392,T
7-M,796,0,0,394,0,394,G
7-M,797,0,1,0,393,394,C
7-M,798,393,0,0,0,393,A
7-M,799,0,0,0,394,394,C
7-M,800,0,392,0,1,393,T
7-M,801,0,391,0,0,391,T
7-M,802,0,1,392,0,393,G
7-M,803,385,0,1,0,386,A
7-M,804,0,397,0,0,397,T
7-M,805,389,0,0,0,389,A
7-M,806,0,386,0,0,386,T
7-M,807,0,387,0,0,387,T
7-M,808,0,0,387,0,387,G
7-M,809,0,381,0,0,381,T
7-M,810,0,0,377,0,377,G
7-M,811,0,0,363,0,363,G
7-M,812,361,0,0,0,361,A
7-M,813,0,359,0,2,361,T
7-M,814,0,378,0,0,378,T
7-M,815,1,0,0,371,372,C
7-M,816,0,374,0,0,374,T
7-M,817,0,368,0,0,368,T
7-M,818,0,0,374,0,374,G
7-M,819,359,0,0,0,359,A
7-M,820,0,363,0,1,364,T
7-M,821,0,0,0,364,364,C
7-M,822,0,0,363,0,363,G
7-M,823,0,359,0,0,359,T
7-M,824,0,0,0,345,345,C
7-M,825,0,357,0,0,357,T
7-M,826,0,353,0,0,353,T
7-M,827,0,356,0,0,356,T
7-M,828,0,350,0,0,350,T
7-M,829,1,363,0,0,364,T
7-M,830,0,361,0,0,361,T
7-M,831,0,361,0,1,362,T
7-M,832,0,0,0,368,368,C
7-M,833,363,0,1,0,364,A
7-M,834,364,0,0,0,364,A
7-M,835,354,0,0,0,354,A
7-M,836,0,359,0,0,359,T
7-M,837,0,0,352,0,352,G
7-M,838,0,0,0,354,354,C
7-M,839,1,0,358,0,359,G
7-M,840,0,360,0,0,360,T
7-M,841,1,0,0,353,354,C
7-M,842,0,361,0,0,361,T
7-M,843,373,0,0,0,373,A
7-M,844,0,366,0,0,366,T
7-M,845,0,0,0,360,360,C
7-M,846,0,1,373,0,374,G
7-M,847,362,0,1,0,363,A
7-M,848,0,0,0,361,361,C
7-M,849,0,354,0,1,355,T
7-M,850,0,0,0,372,372,C
7-M,851,0,365,0,0,365,T
7-M,852,0,359,1,1,361,T
7-M,853,0,0,0,370,370,C
7-M,854,370,0,1,0,371,A
7-M,855,370,0,0,0,370,A
7-M,856,359,0,0,0,359,A
7-M,857,0,0,0,367,367,C
7-M,858,363,0,0,0,363,A
7-M,859,0,0,0,342,342,C
7-M,860,0,1,338,0,339,G
7-M,861,1,0,355,0,356,G
7-M,862,0,0,0,320,320,C
7-M,863,1,0,0,339,340,C
7-M,864,0,348,0,2,350,T
7-M,865,0,350,1,0,351,T
7-M,866,365,0,1,0,366,A
7-M,867,369,0,0,0,369,A
7-M,868,368,0,0,0,368,A
7-M,869,358,0,2,0,360,A
7-M,870,0,0,357,0,357,G
7-M,871,324,0,1,0,325,A
7-M,872,0,0,321,0,321,G
7-M,873,0,0,305,0,305,G
7-M,874,0,0,0,297,297,C
7-M,875,0,0,0,295,295,C
7-M,876,0,0,0,309,309,C
7-M,877,0,321,0,0,321,T
7-M,878,0,313,0,0,313,T
7-M,879,0,0,0,308,308,C
7-M,880,0,323,0,0,323,T
7-M,881,315,0,0,0,315,A
7-M,882,0,0,0,316,316,C
7-M,883,0,1,322,0,323,G
7-M,884,0,0,321,0,321,G
7-M,885,315,0,1,0,316,A
7-M,886,309,0,0,0,309,A
7-M,887,0,0,313,0,313,G
7-M,888,0,0,313,0,313,G
7-M,889,305,0,0,0,305,A
7-M,890,1,1,304,0,306,G
7-M,891,0,308,0,0,308,T
7-M,892,292,1,0,0,293,A
7-M,893,0,0,0,290,290,C
7-M,894,1,0,0,303,304,C
7-M,895,0,299,0,0,299,T
7-M,896,0,0,304,0,304,G
7-M,897,291,0,0,0,291,A
7-M,898,0,0,294,0,294,G
7-M,899,0,283,0,0,283,T
7-M,900,0,0,0,278,278,C
7-M,901,0,284,0,0,284,T
7-M,902,278,0,0,0,278,A
7-M,903,0,274,1,1,276,T
7-M,904,0,0,279,0,279,G
7-M,905,273,0,0,0,273,A
7-M,906,0,0,273,0,273,G
7-M,907,1,0,251,0,252,G
7-M,908,0,0,255,0,255,G
7-M,909,252,0,0,0,252,A
7-M,910,252,0,2,0,254,A
7-M,911,0,0,252,0,252,G
7-M,912,249,0,0,0,249,A
7-M,913,243,0,0,0,243,A
7-M,914,0,242,0,0,242,T
7-M,915,241,0,0,0,241,A
7-M,916,0,230,0,0,230,T
7-M,917,0,2,0,230,232,C
7-M,918,0,1,236,0,237,G
7-M,919,234,0,0,0,234,A
7-M,920,233,0,1,0,234,A
7-M,921,232,0,1,0,233,A
7-M,922,0,1,229,0,230,G
7-M,923,0,0,230,0,230,G
7-M,924,221,0,0,0,221,A
7-M,925,221,1,0,0,222,A
7-M,926,1,0,0,221,222,C
7-M,927,227,0,0,0,227,A
7-M,928,1,0,226,0,227,G
7-M,929,0,0,0,224,224,C
7-M,930,227,0,0,1,228,A
7-M,931,0,1,226,0,227,G
7-M,932,212,0,0,0,212,A
7-M,933,211,0,0,0,211,A
7-M,934,0,206,0,0,206,T
7-M,935,1,0,201,0,202,G
7-M,936,0,0,0,196,196,C
7-M,937,0,198,0,0,198,T
7-M,938,0,0,194,0,194,G
7-M,939,0,190,0,1,191,T
7-M,940,0,0,193,0,193,G
7-M,941,0,0,193,0,193,G
7-M,942,188,0,0,0,188,A
7-M,943,0,188,0,0,188,T
7-M,944,0,0,179,0,179,G
7-M,945,0,0,0,177,177,C
7-M,946,0,176,0,0,176,T
7-M,947,0,0,172,0,172,G
7-M,948,170,0,1,0,171,A
7-M,949,0,0,0,170,170,C
7-M,950,0,1,170,0,171,G
7-M,951,165,0,0,0,165,A
7-M,952,0,0,0,169,169,C
7-M,953,166,0,0,0,166,A
7-M,954,0,1,168,0,169,G
7-M,955,0,168,0,0,168,T
7-M,956,0,0,0,162,162,C
7-M,957,162,0,0,0,162,A
7-M,958,0,159,1,0,160,T
7-M,959,0,160,0,0,160,T
7-M,960,0,165,0,0,165,T
7-M,961,0,161,0,0,161,T
7-M,962,0,0,160,0,160,G
7-M,963,0,146,0,0,146,T
7-M,964,1,0,0,146,147,C
7-M,965,144,0,0,0,144,A
7-M,966,0,0,143,0,143,G
7-M,967,0,0,0,144,144,C
7-M,968,140,0,0,0,140,A
7-M,969,1,143,0,0,144,T
7-M,970,138,0,0,0,138,A
7-M,971,0,0,140,0,140,G
7-M,972,139,0,1,0,140,A
7-M,973,0,0,130,0,130,G
7-M,974,0,124,0,0,124,T
7-M,975,0,92,0,0,92,T
7-M,976,0,0,91,0,91,G
7-M,977,0,0,91,0,91,G
7-M,978,86,0,0,0,86,A
7-M,979,0,0,86,0,86,G
7-M,980,0,59,0,0,59,T
7-M,981,57,0,0,0,57,A
7-M,982,51,0,0,0,51,A
8-NS,1,102,0,0,0,102,A
8-NS,2,0,100,0,0,100,T
8-NS,3,0,0,108,0,108,G
8-NS,4,0,1,115,0,116,G
8-NS,5,124,0,0,0,124,A
8-NS,6,0,210,0,0,210,T
8-NS,7,1,215,0,0,216,T
8-NS,8,0,0,0,224,224,C
8-NS,9,0,0,0,228,228,C
8-NS,10,231,0,1,0,232,A
8-NS,11,232,0,0,0,232,A
8-NS,12,0,0,0,233,233,C
8-NS,13,238,0,0,0,238,A
8-NS,14,0,0,0,236,236,C
8-NS,15,0,237,0,0,237,T
8-NS,16,1,0,254,0,255,G
8-NS,17,0,256,0,0,256,T
8-NS,18,0,0,260,0,260,G
8-NS,19,0,256,0,0,256,T
8-NS,20,0,0,0,261,261,C
8-NS,21,263,0,0,0,263,A
8-NS,22,261,0,0,1,262,A
8-NS,23,0,0,264,0,264,G
8-NS,24,0,269,0,0,269,T
8-NS,25,0,270,0,0,270,T
8-NS,26,0,273,0,0,273,T
8-NS,27,0,0,0,272,272,C
8-NS,28,0,0,0,273,273,C
8-NS,29,267,0,2,0,269,A
8-NS,30,0,0,278,0,278,G
8-NS,31,0,0,272,0,272,G
8-NS,32,0,241,0,0,241,T
8-NS,33,273,0,0,0,273,A
8-NS,34,0,1,272,0,273,G
8-NS,35,271,0,1,0,272,A
8-NS,36,0,276,0,0,276,T
8-NS,37,0,278,0,0,278,T
8-NS,38,0,0,276,0,276,G
8-NS,39,0,0,0,275,275,C
8-NS,40,0,282,0,0,282,T
8-NS,41,0,284,0,0,284,T
8-NS,42,0,278,0,2,280,T
8-NS,43,0,0,0,286,286,C
8-NS,44,0,288,0,0,288,T
8-NS,45,0,288,0,0,288,T
8-NS,46,0,285,0,0,285,T
8-NS,47,0,0,289,0,289,G
8-NS,48,0,0,282,0,282,G
8-NS,49,0,0,0,296,296,C
8-NS,50,290,0,0,0,290,A
8-NS,51,0,293,0,0,293,T
8-NS,52,293,0,1,0,294,A
8-NS,53,0,326,0,0,326,T
8-NS,54,0,0,0,336,336,C
8-NS,55,0,0,0,336,336,C
8-NS,56,0,0,335,0,335,G
8-NS,57,0,334,1,0,335,T
8-NS,58,339,0,0,0,339,A
8-NS,59,335,0,0,0,335,A
8-NS,60,334,0,0,0,334,A
8-NS,61,0,0,0,343,343,C
8-NS,62,340,0,0,0,340,A
8-NS,63,331,0,0,0,331,A
8-NS,64,0,0,350,0,350,G
8-NS,65,0,347,0,0,347,T
8-NS,66,0,353,0,0,353,T
8-NS,67,0,0,351,0,351,G
8-NS,68,0,354,0,0,354,T
8-NS,69,356,0,0,0,356,A
8-NS,70,0,1,354,0,355,G
8-NS,71,377,0,0,0,377,A
8-NS,72,0,0,0,379,379,C
8-NS,73,0,0,0,365,365,C
8-NS,74,367,0,0,0,367,A
8-NS,75,369,0,1,0,370,A
8-NS,76,0,0,386,0,386,G
8-NS,77,390,0,0,0,390,A
8-NS,78,388,0,0,0,388,A
8-NS,79,0,0,0,398,398,C
8-NS,80,0,385,0,0,385,T
8-NS,81,0,1,391,0,392,G
8-NS,82,377,0,0,0,377,A
8-NS,83,0,0,386,0,386,G
8-NS,84,0,398,0,0,398,T
8-NS,85,0,1,381,0,382,G
8-NS,86,394,0,1,0,395,A
8-NS,87,0,395,0,4,399,T
8-NS,88,0,0,394,0,394,G
8-NS,89,0,0,0,405,405,C
8-NS,90,1,0,0,409,410,C
8-NS,91,0,0,0,421,421,C
8-NS,92,0,0,0,411,411,C
8-NS,93,415,0,0,0,415,A
8-NS,94,0,423,0,0,423,T
8-NS,95,0,434,0,0,434,T
8-NS,96,1,0,0,434,435,C
8-NS,97,1,0,0,432,433,C
8-NS,98,0,430,0,0,430,T
8-NS,99,0,432,0,1,433,T
8-NS,100,0,0,431,0,431,G
8-NS,101,420,0,0,0,420,A
8-NS,102,0,431,0,0,431,T
8-NS,103,0,0,0,429,429,C
8-NS,104,0,0,422,0,422,G
8-NS,105,1,0,413,0,414,G
8-NS,106,0,0,0,430,430,C
8-NS,107,0,432,0,0,432,T
8-NS,108,0,434,0,0,434,T
8-NS,109,0,1,0,436,437,C
8-NS,110,0,0,432,0,432,G
8-NS,111,0,0,0,428,428,C
8-NS,112,0,1,0,439,440,C
8-NS,113,0,1,443,0,444,G
8-NS,114,434,0,0,0,434,A
8-NS,115,0,0,446,0,446,G
8-NS,116,455,0,0,0,455,A
8-NS,117,0,448,0,0,448,T
8-NS,118,1,0,0,459,460,C
8-NS,119,460,0,0,0,460,A
8-NS,120,0,0,449,0,449,G
8-NS,121,450,0,1,0,451,A
8-NS,122,0,0,446,0,446,G
8-NS,123,0,0,452,0,452,G
8-NS,124,0,450,0,1,451,T
8-NS,125,1,0,0,472,473,C
8-NS,126,1,0,0,473,474,C
8-NS,127,1,0,0,483,484,C
8-NS,128,0,492,0,0,492,T
8-NS,129,486,0,0,0,486,A
8-NS,130,482,0,1,0,483,A
8-NS,131,0,0,497,0,497,G
8-NS,132,0,2,492,0,494,G
8-NS,133,0,0,488,0,488,G
8-NS,134,0,0,475,0,475,G
8-NS,135,474,0,1,1,476,A
8-NS,136,487,0,2,0,489,A
8-NS,137,0,0,479,0,479,G
8-NS,138,489,0,2,0,491,A
8-NS,139,0,0,494,0,494,G
8-NS,140,0,0,495,0,495,G
8-NS,141,0,0,0,491,491,C
8-NS,142,516,0,0,0,516,A
8-NS,143,517,0,0,0,517,A
8-NS,144,0,524,0,1,525,T
8-NS,145,519,0,1,0,520,A
8-NS,146,0,0,0,523,523,C
8-NS,147,0,515,0,1,516,T
8-NS,148,0,0,0,526,526,C
8-NS,149,0,516,0,0,516,T
8-NS,150,1,1,0,518,520,C
8-NS,151,0,0,526,0,526,G
8-NS,152,0,0,550,0,550,G
8-NS,153,0,514,0,0,514,T
8-NS,154,1,0,0,554,555,C
8-NS,155,0,547,0,0,547,T
8-NS,156,565,0,0,0,565,A
8-NS,157,0,0,569,0,569,G
8-NS,158,563,0,1,0,564,A
8-NS,159,0,0,0,569,569,C
8-NS,160,568,0,0,0,568,A
8-NS,161,0,556,0,0,556,T
8-NS,162,1,0,0,552,553,C
8-NS,163,553,0,0,0,553,A
8-NS,164,551,0,0,0,551,A
8-NS,165,545,0,0,0,545,A
8-NS,166,0,0,533,0,533,G
8-NS,167,0,0,0,560,560,C
8-NS,168,546,0,0,0,546,A
8-NS,169,1,0,544,0,545,G
8-NS,170,0,0,0,545,545,C
8-NS,171,0,0,0,551,551,C
8-NS,172,556,0,1,0,557,A
8-NS,173,0,0,0,562,562,C
8-NS,174,1,2,0,557,560,C
8-NS,175,1,0,0,571,572,C
8-NS,176,581,1,0,0,582,A
8-NS,177,0,587,0,2,589,T
8-NS,178,0,0,589,0,589,G
8-NS,179,0,582,0,0,582,T
8-NS,180,0,586,0,1,587,T
8-NS,181,0,1,599,0,600,G
8-NS,182,0,0,586,0,586,G
8-NS,183,566,0,0,0,566,A
8-NS,184,582,0,0,0,582,A
8-NS,185,570,0,4,0,574,A
8-NS,186,0,0,573,0,573,G
8-NS,187,0,0,0,576,576,C
8-NS,188,576,0,0,0,576,A
8-NS,189,580,0,1,0,581,A
8-NS,190,574,0,1,0,575,A
8-NS,191,0,577,0,0,577,T
8-NS,192,0,588,0,0,588,T
8-NS,193,0,0,601,0,601,G
8-NS,194,0,593,0,1,594,T
8-NS,195,598,0,0,0,598,A
8-NS,196,0,1,595,0,596,G
8-NS,197,599,0,0,0,599,A
8-NS,198,604,0,0,0,604,A
8-NS,199,596,0,0,1,597,A
8-NS,200,593,0,1,0,594,A
8-NS,201,0,1,599,0,600,G
8-NS,202,586,0,0,0,586,A
8-NS,203,0,592,0,0,592,T
8-NS,204,0,590,0,0,590,T
8-NS,205,1,0,0,592,593,C
8-NS,206,0,595,0,0,595,T
8-NS,207,0,0,590,0,590,G
8-NS,208,592,0,1,0,593,A
8-NS,209,603,0,0,0,603,A
8-NS,210,593,0,1,0,594,A
8-NS,211,0,1,599,0,600,G
8-NS,212,595,0,3,0,598,A
8-NS,213,597,0,1,0,598,A
8-NS,214,0,1,599,0,600,G
8-NS,215,594,0,2,0,596,A
8-NS,216,607,1,0,0,608,A
8-NS,217,0,599,0,1,600,T
8-NS,218,0,1,0,619,620,C
8-NS,219,0,618,0,0,618,T
8-NS,220,0,0,619,0,619,G
8-NS,221,616,0,0,0,616,A
8-NS,222,1,614,0,1,616,T
8-NS,223,0,2,613,0,615,G
8-NS,224,609,0,0,0,609,A
8-NS,225,0,0,604,0,604,G
8-NS,226,0,0,593,0,593,G
8-NS,227,0,0,0,587,587,C
8-NS,228,603,0,0,0,603,A
8-NS,229,1,1,0,618,620,C
8-NS,230,0,627,0,0,627,T
8-NS,231,1,625,0,1,627,T
8-NS,232,639,0,0,0,639,A
8-NS,233,636,0,0,0,636,A
8-NS,234,639,0,1,0,640,A
8-NS,235,634,0,2,1,637,A
8-NS,236,0,625,0,1,626,T
8-NS,237,0,2,624,0,626,G
8-NS,238,632,0,1,0,633,A
8-NS,239,2,0,0,635,637,C
8-NS,240,0,0,0,626,626,C
8-NS,241,639,1,0,0,640,A
8-NS,242,0,627,0,2,629,T
8-NS,243,0,0,650,0,650,G
8-NS,244,0,0,639,0,639,G
8-NS,245,0,615,0,0,615,T
8-NS,246,0,0,0,663,663,C
8-NS,247,0,676,0,0,676,T
8-NS,248,1,0,1,657,659,C
8-NS,249,0,0,0,665,665,C
8-NS,250,678,0,0,0,678,A
8-NS,251,0,1,0,680,681,C
8-NS,252,660,0,0,0,660,A
8-NS,253,0,0,0,671,671,C
8-NS,254,1,0,0,672,673,C
8-NS,255,0,622,0,0,622,T
8-NS,256,0,0,645,0,645,G
8-NS,257,1,0,0,635,636,C
8-NS,258,0,616,1,1,618,T
8-NS,259,0,633,1,0,634,T
8-NS,260,0,1,0,654,655,C
8-NS,261,1,0,656,0,657,G
8-NS,262,1,0,0,656,657,C
8-NS,263,1,1,666,0,668,G
8-NS,264,681,0,1,0,682,A
8-NS,265,0,692,0,0,692,T
8-NS,266,713,0,0,1,714,A
8-NS,267,0,0,0,724,724,C
8-NS,268,705,0,1,0,706,A
8-NS,269,1,731,0,0,732,T
8-NS,270,730,0,1,0,731,A
8-NS,271,726,0,1,0,727,A
8-NS,272,0,0,0,736,736,C
8-NS,273,0,706,0,3,709,T
8-NS,274,0,0,719,0,719,G
8-NS,275,706,0,1,0,707,A
8-NS,276,1,0,0,705,706,C
8-NS,277,703,1,1,1,706,A
8-NS,278,0,703,0,0,703,T
8-NS,279,0,0,698,0,698,G
8-NS,280,697,0,2,0,699,A
8-NS,281,1,1,0,695,697,C
8-NS,282,0,699,2,0,701,T
8-NS,283,723,0,1,0,724,A
8-NS,284,0,694,0,1,695,T
8-NS,285,0,689,0,0,689,T
8-NS,286,0,2,706,1,709,G
8-NS,287,710,0,3,0,713,A
8-NS,288,0,0,696,0,696,G
8-NS,289,0,2,695,0,697,G
8-NS,290,675,0,0,0,675,A
8-NS,291,685,0,0,0,685,A
8-NS,292,0,670,0,0,670,T
8-NS,293,0,687,0,0,687,T
8-NS,294,1,0,684,0,685,G
8-NS,295,0,682,0,0,682,T
8-NS,296,0,0,0,698,698,C
8-NS,297,699,0,1,0,700,A
8-NS,298,687,0,0,0,687,A
8-NS,299,0,1,689,0,690,G
8-NS,300,688,0,0,0,688,A
8-NS,301,685,0,0,0,685,A
8-NS,302,666,0,1,0,667,A
8-NS,303,0,1,0,692,693,C
8-NS,304,0,681,0,1,682,T
8-NS,305,0,0,683,0,683,G
8-NS,306,1,0,667,0,668,G
8-NS,307,0,669,0,2,671,T
8-NS,308,0,673,0,1,674,T
8-NS,309,4,0,0,680,684,C
8-NS,310,690,0,1,1,692,A
8-NS,311,0,684,0,0,684,T
8-NS,312,0,0,678,0,678,G
8-NS,313,1,0,0,691,692,C
8-NS,314,0,701,0,1,702,T
8-NS,315,682,0,0,0,682,A
8-NS,316,682,0,0,0,682,A
8-NS,317,0,688,0,0,688,T
8-NS,318,0,0,689,0,689,G
8-NS,319,0,0,0,688,688,C
8-NS,320,0,0,0,667,667,C
8-NS,321,0,0,0,670,670,C
8-NS,322,677,1,0,0,678,A
8-NS,323,681,0,0,0,681,A
8-NS,324,0,0,668,0,668,G
8-NS,325,0,0,0,668,668,C
8-NS,326,687,0,1,0,688,A
8-NS,327,0,0,681,0,681,G
8-NS,328,688,0,1,0,689,A
8-NS,329,691,0,0,0,691,A
8-NS,330,691,0,0,0,691,A
8-NS,331,677,0,1,0,678,A
8-NS,332,0,663,0,0,663,T
8-NS,333,0,0,689,0,689,G
8-NS,334,1,1,673,0,675,G
8-NS,335,679,0,0,0,679,A
8-NS,336,670,0,0,0,670,A
8-NS,337,1,0,656,0,657,G
8-NS,338,0,0,647,0,647,G
8-NS,339,648,0,0,0,648,A
8-NS,340,1,0,0,641,642,C
8-NS,341,0,0,0,663,663,C
8-NS,342,0,654,0,0,654,T
8-NS,343,2,0,0,662,664,C
8-NS,344,0,671,0,2,673,T
8-NS,345,0,672,0,1,673,T
8-NS,346,1,677,0,1,679,T
8-NS,347,0,0,679,0,679,G
8-NS,348,0,0,0,692,692,C
8-NS,349,680,0,0,0,680,A
8-NS,350,0,661,0,0,661,T
8-NS,351,0,2,0,674,676,C
8-NS,352,684,0,1,0,685,A
8-NS,353,0,1,706,0,707,G
8-NS,354,702,0,1,0,703,A
8-NS,355,702,0,0,0,702,A
8-NS,356,0,694,0,1,695,T
8-NS,357,0,0,667,0,667,G
8-NS,358,0,1,673,0,674,G
8-NS,359,680,0,0,0,680,A
8-NS,360,0,0,0,687,687,C
8-NS,361,0,0,0,680,680,C
8-NS,362,671,0,1,0,672,A
8-NS,363,0,0,673,0,673,G
8-NS,364,0,0,669,0,669,G
8-NS,365,0,0,0,676,676,C
8-NS,366,681,0,0,0,681,A
8-NS,367,674,0,2,0,676,A
8-NS,368,0,670,1,0,671,T
8-NS,369,2,1,0,671,674,C
8-NS,370,681,0,0,0,681,A
8-NS,371,0,675,0,0,675,T
8-NS,372,0,0,672,0,672,G
8-NS,373,0,0,679,0,679,G
8-NS,374,672,0,1,0,673,A
8-NS,375,0,0,678,0,678,G
8-NS,376,664,0,0,0,664,A
8-NS,377,672,0,1,0,673,A
8-NS,378,675,0,0,0,675,A
8-NS,379,679,0,0,0,679,A
8-NS,380,678,0,2,1,681,A
8-NS,381,0,0,0,684,684,C
8-NS,382,677,0,0,0,677,A
8-NS,383,0,654,0,0,654,T
8-NS,384,0,0,0,676,676,C
8-NS,385,678,0,0,0,678,A
8-NS,386,0,667,0,0,667,T
8-NS,387,0,1,673,0,674,G
8-NS,388,0,672,0,1,673,T
8-NS,389,0,668,0,0,668,T
8-NS,390,0,0,658,0,658,G
8-NS,391,654,0,1,0,655,A
8-NS,392,649,0,0,0,649,A
8-NS,393,659,0,1,0,660,A
8-NS,394,0,0,641,0,641,G
8-NS,395,0,0,0,642,642,C
8-NS,396,0,1,651,0,652,G
8-NS,397,646,0,0,0,646,A
8-NS,398,644,0,0,0,644,A
8-NS,399,0,625,1,0,626,T
8-NS,400,0,639,0,1,640,T
8-NS,401,0,635,0,0,635,T
8-NS,402,0,0,0,647,647,C
8-NS,403,645,0,0,0,645,A
8-NS,404,0,0,652,0,652,G
8-NS,405,0,643,0,0,643,T
8-NS,406,1,0,642,0,643,G
8-NS,407,0,636,0,1,637,T
8-NS,408,0,0,641,0,641,G
8-NS,409,650,0,0,0,650,A
8-NS,410,0,647,0,1,648,T
8-NS,411,0,645,0,1,646,T
8-NS,412,0,636,0,2,638,T
8-NS,413,0,637,0,0,637,T
8-NS,414,0,646,0,1,647,T
8-NS,415,0,2,646,0,648,G
8-NS,416,638,0,0,0,638,A
8-NS,417,0,0,0,630,630,C
8-NS,418,0,0,0,621,621,C
8-NS,419,0,0,643,0,643,G
8-NS,420,685,0,1,0,686,A
8-NS,421,0,0,0,693,693,C
8-NS,422,0,701,0,0,701,T
8-NS,423,715,0,0,0,715,A
8-NS,424,0,0,705,0,705,G
8-NS,425,694,0,0,0,694,A
8-NS,426,1,1,698,0,700,G
8-NS,427,690,0,0,0,690,A
8-NS,428,0,0,0,715,715,C
8-NS,429,0,0,0,702,702,C
8-NS,430,676,0,2,0,678,A
8-NS,431,0,717,0,1,718,T
8-NS,432,735,0,1,0,736,A
8-NS,433,0,0,768,0,768,G
8-NS,434,0,748,0,1,749,T
8-NS,435,756,0,0,0,756,A
8-NS,436,0,753,0,2,755,T
8-NS,437,0,737,0,0,737,T
8-NS,438,749,0,0,0,749,A
8-NS,439,0,0,0,764,764,C
8-NS,440,0,728,0,0,728,T
8-NS,441,732,0,1,0,733,A
8-NS,442,657,0,2,0,659,A
8-NS,443,0,1,648,0,649,G
8-NS,444,0,3,640,0,643,G
8-NS,445,1,2,617,0,620,G
8-NS,446,0,0,0,647,647,C
8-NS,447,0,642,0,0,642,T
8-NS,448,0,640,0,0,640,T
8-NS,449,0,642,0,3,645,T
8-NS,450,1,0,0,654,655,C
8-NS,451,649,0,0,0,649,A
8-NS,452,0,0,0,671,671,C
8-NS,453,1,0,0,662,663,C
8-NS,454,0,0,672,0,672,G
8-NS,455,647,0,0,0,647,A
8-NS,456,649,0,1,0,650,A
8-NS,457,0,0,675,0,675,G
8-NS,458,663,0,0,0,663,A
8-NS,459,0,2,665,0,667,G
8-NS,460,0,0,660,0,660,G
8-NS,461,0,0,660,0,660,G
8-NS,462,659,0,1,0,660,A
8-NS,463,0,1,656,0,657,G
8-NS,464,0,0,0,642,642,C
8-NS,465,656,0,0,0,656,A
8-NS,466,665,0,0,0,665,A
8-NS,467,0,666,0,0,666,T
8-NS,468,0,665,0,0,665,T
8-NS,469,0,0,660,0,660,G
8-NS,470,0,661,0,0,661,T
8-NS,471,0,655,0,1,656,T
8-NS,472,0,0,655,0,655,G
8-NS,473,0,0,632,0,632,G
8-NS,474,0,0,0,635,635,C
8-NS,475,0,0,662,0,662,G
8-NS,476,661,0,1,0,662,A
8-NS,477,664,0,0,0,664,A
8-NS,478,662,0,0,0,662,A
8-NS,479,0,666,0,2,668,T
8-NS,480,0,0,0,660,660,C
8-NS,481,0,642,0,1,643,T
8-NS,482,0,0,0,638,638,C
8-NS,483,657,0,1,0,658,A
8-NS,484,0,0,1,651,652,C
8-NS,485,1,1,0,656,658,C
8-NS,486,661,0,0,0,661,A
8-NS,487,0,646,0,1,647,T
8-NS,488,0,648,0,1,649,T
8-NS,489,1,0,641,0,642,G
8-NS,490,0,0,0,632,632,C
8-NS,491,0,0,0,622,622,C
8-NS,492,0,642,0,1,643,T
8-NS,493,0,628,0,2,630,T
8-NS,494,0,1,0,643,644,C
8-NS,495,0,638,0,0,638,T
8-NS,496,0,643,0,1,644,T
8-NS,497,0,660,0,1,661,T
8-NS,498,0,641,0,2,643,T
8-NS,499,1,1,0,663,665,C
8-NS,500,0,0,0,661,661,C
8-NS,501,663,0,0,0,663,A
8-NS,502,0,0,678,0,678,G
8-NS,503,0,0,672,0,672,G
8-NS,504,684,0,1,0,685,A
8-NS,505,1,0,0,673,674,C
8-NS,506,702,0,2,0,704,A
8-NS,507,0,709,0,1,710,T
8-NS,508,708,0,1,0,709,A
8-NS,509,1,0,0,766,767,C
8-NS,510,0,761,0,0,761,T
8-NS,511,761,0,1,0,762,A
8-NS,512,0,745,1,2,748,T
8-NS,513,0,733,0,1,734,T
8-NS,514,0,0,735,0,735,G
8-NS,515,701,0,2,0,703,A
8-NS,516,0,0,695,0,695,G
8-NS,517,0,0,707,0,707,G
8-NS,518,643,0,2,0,645,A
8-NS,519,0,649,0,0,649,T
8-NS,520,0,0,647,0,647,G
8-NS,521,0,628,0,2,630,T
8-NS,522,1,0,0,644,645,C
8-NS,523,653,0,1,0,654,A
8-NS,524,653,0,0,0,653,A
8-NS,525,652,0,0,0,652,A
8-NS,526,637,0,0,0,637,A
8-NS,527,637,0,0,0,637,A
8-NS,528,0,640,0,0,640,T
8-NS,529,0,1,636,0,637,G
8-NS,530,0,1,0,641,642,C
8-NS,531,652,0,2,0,654,A
8-NS,532,643,0,0,0,643,A
8-NS,533,0,651,0,0,651,T
8-NS,534,0,661,0,0,661,T
8-NS,535,0,1,649,0,650,G
8-NS,536,0,0,628,0,628,G
8-NS,537,0,0,611,0,611,G
8-NS,538,2,0,630,0,632,G
8-NS,539,0,636,0,1,637,T
8-NS,540,1,1,0,642,644,C
8-NS,541,0,0,0,641,641,C
8-NS,542,0,655,0,2,657,T
8-NS,543,0,0,0,665,665,C
8-NS,544,665,0,0,0,665,A
8-NS,545,0,637,0,0,637,T
8-NS,546,1,1,0,667,669,C
8-NS,547,0,0,660,0,660,G
8-NS,548,2,1,654,0,657,G
8-NS,549,649,0,0,0,649,A
8-NS,550,1,0,656,0,657,G
8-NS,551,0,0,663,0,663,G
8-NS,552,640,0,1,0,641,A
8-NS,553,2,0,0,657,659,C
8-NS,554,0,653,0,0,653,T
8-NS,555,0,656,0,0,656,T
8-NS,556,0,0,667,0,667,G
8-NS,557,661,0,2,0,663,A
8-NS,558,661,0,0,0,661,A
8-NS,559,0,666,0,0,666,T
8-NS,560,0,0,653,0,653,G
8-NS,561,0,0,646,0,646,G
8-NS,562,629,0,1,0,630,A
8-NS,563,645,0,0,0,645,A
8-NS,564,0,666,0,0,666,T
8-NS,565,1,0,672,0,673,G
8-NS,566,679,0,1,0,680,A
8-NS,567,0,673,0,0,673,T
8-NS,568,682,0,1,0,683,A
8-NS,569,681,1,1,0,683,A
8-NS,570,1,0,0,658,659,C
8-NS,571,655,0,0,0,655,A
8-NS,572,0,0,0,659,659,C
8-NS,573,627,0,1,0,628,A
8-NS,574,1,0,633,0,634,G
8-NS,575,0,621,0,3,624,T
8-NS,576,0,627,0,0,627,T
8-NS,577,0,0,0,620,620,C
8-NS,578,0,1,638,0,639,G
8-NS,579,627,0,2,0,629,A
8-NS,580,0,0,638,0,638,G
8-NS,581,0,610,0,0,610,T
8-NS,582,2,0,0,617,619,C
8-NS,583,0,616,0,1,617,T
8-NS,584,1,0,0,626,627,C
8-NS,585,0,636,0,0,636,T
8-NS,586,635,0,0,0,635,A
8-NS,587,631,1,0,0,632,A
8-NS,588,632,0,1,0,633,A
8-NS,589,638,0,0,0,638,A
8-NS,590,642,0,0,0,642,A
8-NS,591,0,633,0,0,633,T
8-NS,592,0,0,0,640,640,C
8-NS,593,0,636,0,1,637,T
8-NS,594,649,1,0,0,650,A
8-NS,595,0,0,0,648,648,C
8-NS,596,643,0,0,0,643,A
8-NS,597,1,0,644,0,645,G
8-NS,598,629,0,1,0,630,A
8-NS,599,0,1,632,0,633,G
8-NS,600,617,0,0,0,617,A
8-NS,601,0,613,0,1,614,T
8-NS,602,1,618,0,0,619,T
8-NS,603,0,0,0,625,625,C
8-NS,604,0,0,615,0,615,G
8-NS,605,0,0,0,617,617,C
8-NS,606,0,607,0,0,607,T
8-NS,607,1,609,0,0,610,T
8-NS,608,0,0,610,0,610,G
8-NS,609,0,0,604,0,604,G
8-NS,610,616,0,0,1,617,A
8-NS,611,1,0,614,0,615,G
8-NS,612,609,0,1,0,610,A
8-NS,613,610,0,0,0,610,A
8-NS,614,1,0,617,0,618,G
8-NS,615,0,0,0,621,621,C
8-NS,616,632,0,1,1,634,A
8-NS,617,0,2,643,0,645,G
8-NS,618,0,628,0,0,628,T
8-NS,619,637,0,0,0,637,A
8-NS,620,637,1,1,0,639,A
8-NS,621,0,628,0,0,628,T
8-NS,622,1,1,637,0,639,G
8-NS,623,615,0,0,0,615,A
8-NS,624,0,0,636,0,636,G
8-NS,625,617,0,1,0,618,A
8-NS,626,595,0,3,0,598,A
8-NS,627,0,589,0,1,590,T
8-NS,628,0,2,583,0,585,G
8-NS,629,1,0,599,0,600,G
8-NS,630,0,0,585,0,585,G
8-NS,631,0,0,568,0,568,G
8-NS,632,0,1,568,0,569,G
8-NS,633,561,0,3,0,564,A
8-NS,634,0,532,1,0,533,T
8-NS,635,0,0,0,550,550,C
8-NS,636,0,555,0,0,555,T
8-NS,637,0,0,0,543,543,C
8-NS,638,1,0,0,557,558,C
8-NS,639,558,0,0,0,558,A
8-NS,640,0,0,0,563,563,C
8-NS,641,0,557,0,1,558,T
8-NS,642,0,555,0,0,555,T
8-NS,643,537,0,0,1,538,A
8-NS,644,0,0,0,537,537,C
8-NS,645,0,530,0,0,530,T
8-NS,646,1,0,0,531,532,C
8-NS,647,1,0,0,534,535,C
8-NS,648,540,0,0,0,540,A
8-NS,649,535,0,0,0,535,A
8-NS,650,535,0,0,0,535,A
8-NS,651,534,0,1,0,535,A
8-NS,652,0,0,0,525,525,C
8-NS,653,525,1,0,0,526,A
8-NS,654,0,0,526,0,526,G
8-NS,655,527,0,0,0,527,A
8-NS,656,525,0,0,0,525,A
8-NS,657,524,0,0,0,524,A
8-NS,658,0,0,0,513,513,C
8-NS,659,0,0,525,0,525,G
8-NS,660,0,0,522,0,522,G
8-NS,661,0,1,523,0,524,G
8-NS,662,531,0,0,0,531,A
8-NS,663,524,0,0,0,524,A
8-NS,664,528,0,0,0,528,A
8-NS,665,0,516,0,0,516,T
8-NS,666,1,0,524,0,525,G
8-NS,667,0,0,502,0,502,G
8-NS,668,0,0,0,501,501,C
8-NS,669,0,0,521,0,521,G
8-NS,670,524,0,0,0,524,A
8-NS,671,0,1,529,0,530,G
8-NS,672,526,0,0,0,526,A
8-NS,673,530,0,0,0,530,A
8-NS,674,0,0,0,504,504,C
8-NS,675,513,0,1,0,514,A
8-NS,676,0,0,508,0,508,G
8-NS,677,0,0,0,475,475,C
8-NS,678,0,509,0,0,509,T
8-NS,679,512,0,0,0,512,A
8-NS,680,2,0,499,0,501,G
8-NS,681,0,0,508,0,508,G
8-NS,682,0,489,0,1,490,T
8-NS,683,1,0,0,501,502,C
8-NS,684,513,0,0,0,513,A
8-NS,685,510,0,0,0,510,A
8-NS,686,519,0,0,0,519,A
8-NS,687,509,0,0,0,509,A
8-NS,688,0,0,493,0,493,G
8-NS,689,0,496,0,1,497,T
8-NS,690,0,492,0,1,493,T
8-NS,691,0,497,0,0,497,T
8-NS,692,0,0,500,0,500,G
8-NS,693,516,0,0,0,516,A
8-NS,694,513,0,0,0,513,A
8-NS,695,0,1,511,0,512,G
8-NS,696,508,0,0,0,508,A
8-NS,697,0,0,498,0,498,G
8-NS,698,516,0,1,0,517,A
8-NS,699,1,508,0,0,509,T
8-NS,700,522,0,0,0,522,A
8-NS,701,516,0,1,0,517,A
8-NS,702,0,0,501,0,501,G
8-NS,703,489,0,0,0,489,A
8-NS,704,0,465,0,0,465,T
8-NS,705,0,0,474,0,474,G
8-NS,706,1,1,461,0,463,G
8-NS,707,2,0,0,449,451,C
8-NS,708,0,478,0,0,478,T
8-NS,709,488,0,0,0,488,A
8-NS,710,486,0,0,0,486,A
8-NS,711,0,484,0,0,484,T
8-NS,712,0,483,0,0,483,T
8-NS,713,0,0,486,0,486,G
8-NS,714,481,0,0,0,481,A
8-NS,715,479,0,2,0,481,A
8-NS,716,0,1,463,0,464,G
8-NS,717,477,0,0,0,477,A
8-NS,718,477,0,0,0,477,A
8-NS,719,0,0,475,0,475,G
8-NS,720,0,458,0,1,459,T
8-NS,721,0,1,455,0,456,G
8-NS,722,460,0,1,0,461,A
8-NS,723,0,0,463,0,463,G
8-NS,724,460,0,3,0,463,A
8-NS,725,0,0,0,459,459,C
8-NS,726,455,0,0,0,455,A
8-NS,727,0,0,0,463,463,C
8-NS,728,435,0,0,0,435,A
8-NS,729,0,0,443,0,443,G
8-NS,730,437,0,0,0,437,A
8-NS,731,0,423,0,0,423,T
8-NS,732,0,440,0,0,440,T
8-NS,733,446,0,0,0,446,A
8-NS,734,444,0,0,0,444,A
8-NS,735,441,0,0,0,441,A
8-NS,736,438,0,1,0,439,A
8-NS,737,436,0,1,0,437,A
8-NS,738,1,0,0,420,421,C
8-NS,739,419,0,0,0,419,A
8-NS,740,415,0,1,0,416,A
8-NS,741,0,1,0,413,414,C
8-NS,742,0,418,0,0,418,T
8-NS,743,0,1,421,0,422,G
8-NS,744,424,0,0,0,424,A
8-NS,745,421,0,0,0,421,A
8-NS,746,418,0,0,0,418,A
8-NS,747,409,0,0,0,409,A
8-NS,748,0,406,0,0,406,T
8-NS,749,403,0,0,1,404,A
8-NS,750,0,0,396,0,396,G
8-NS,751,0,0,0,398,398,C
8-NS,752,0,373,0,0,373,T
8-NS,753,0,391,0,0,391,T
8-NS,754,0,394,0,0,394,T
8-NS,755,0,0,403,0,403,G
8-NS,756,394,0,0,0,394,A
8-NS,757,392,0,1,0,393,A
8-NS,758,0,0,0,392,392,C
8-NS,759,394,0,0,0,394,A
8-NS,760,391,0,0,0,391,A
8-NS,761,387,0,0,0,387,A
8-NS,762,0,377,0,0,377,T
8-NS,763,390,0,0,0,390,A
8-NS,764,375,0,0,0,375,A
8-NS,765,0,0,0,377,377,C
8-NS,766,376,0,0,0,376,A
8-NS,767,0,354,1,0,355,T
8-NS,768,0,352,0,1,353,T
8-NS,769,0,0,0,355,355,C
8-NS,770,351,0,0,0,351,A
8-NS,771,0,347,0,0,347,T
8-NS,772,0,0,337,0,337,G
8-NS,773,0,0,0,338,338,C
8-NS,774,339,0,1,0,340,A
8-NS,775,335,0,0,0,335,A
8-NS,776,0,0,332,0,332,G
8-NS,777,0,0,0,340,340,C
8-NS,778,338,0,0,0,338,A
8-NS,779,0,332,0,0,332,T
8-NS,780,0,338,0,0,338,T
8-NS,781,330,0,0,0,330,A
8-NS,782,0,1,0,330,331,C
8-NS,783,338,0,0,0,338,A
8-NS,784,328,0,0,0,328,A
8-NS,785,0,1,0,324,325,C
8-NS,786,0,284,0,0,284,T
8-NS,787,0,0,292,0,292,G
8-NS,788,0,0,0,284,284,C
8-NS,789,0,282,0,1,283,T
8-NS,790,0,0,285,0,285,G
8-NS,791,0,276,0,1,277,T
8-NS,792,0,283,0,0,283,T
8-NS,793,0,280,0,0,280,T
8-NS,794,1,0,276,0,277,G
8-NS,795,276,0,4,1,281,A
8-NS,796,269,0,1,0,270,A
8-NS,797,0,0,263,0,263,G
8-NS,798,0,263,0,0,263,T
8-NS,799,0,0,247,0,247,G
8-NS,800,0,0,250,0,250,G
8-NS,801,250,0,0,0,250,A
8-NS,802,254,0,0,0,254,A
8-NS,803,0,0,0,249,249,C
8-NS,804,250,0,0,0,250,A
8-NS,805,0,0,248,0,248,G
8-NS,806,0,1,243,0,244,G
8-NS,807,235,0,0,0,235,A
8-NS,808,0,0,239,0,239,G
8-NS,809,191,0,1,0,192,A
8-NS,810,0,191,0,0,191,T
8-NS,811,193,0,0,0,193,A
8-NS,812,193,0,0,0,193,A
8-NS,813,0,0,193,0,193,G
8-NS,814,170,0,0,0,170,A
8-NS,815,162,0,0,0,162,A
8-NS,816,0,0,0,168,168,C
8-NS,817,0,143,0,0,143,T
8-NS,818,0,146,0,0,146,T
8-NS,819,0,143,0,0,143,T
8-NS,820,0,0,0,147,147,C
8-NS,821,0,145,0,0,145,T
8-NS,822,0,0,0,135,135,C
8-NS,823,130,0,0,0,130,A
8-NS,824,0,132,0,0,132,T
8-NS,825,0,125,0,0,125,T
8-NS,826,0,125,0,0,125,T
8-NS,827,0,0,0,125,125,C
8-NS,828,117,0,0,0,117,A
8-NS,829,0,0,120,0,120,G
8-NS,830,0,0,0,114,114,C
8-NS,831,0,111,0,0,111,T
8-NS,832,0,112,0,0,112,T
8-NS,833,108,0,0,0,108,A
8-NS,834,0,109,0,0,109,T
8-NS,835,0,107,0,0,107,T
8-NS,836,0,104,0,0,104,T
8-NS,837,102,0,0,0,102,A
8-NS,838,101,0,1,0,102,A
8-NS,839,0,100,0,0,100,T
8-NS,840,0,0,100,0,100,G
8-NS,841,93,0,0,0,93,A
8-NS,842,0,88,0,0,88,T
8-NS,843,89,0,0,0,89,A
8-NS,844,89,0,0,0,89,A
8-NS,845,88,0,0,0,88,A
8-NS,846,86,0,0,0,86,A
8-NS,847,87,0,0,0,87,A
8-NS,848,83,0,0,0,83,A
8-NS,849,0,0,0,87,87,C
8-NS,850,62,0,0,0,62,A
8-NS,851,0,0,0,78,78,C
8-NS,852,1,0,0,75,76,C
8-NS,853,0,0,0,73,73,C
8-NS,854,0,64,0,0,64,T
8-NS,855,0,67,0,0,67,T
8-NS,856,0,0,63,0,63,G
8-NS,857,0,56,0,0,56,T
8-NS,858,0,58,0,0,58,T
8-NS,859,0,56,0,0,56,T
8-NS,860,0,0,0,20,20,C
8-NS,861,0,8,0,0,8,T
8-NS,862,8,0,0,0,8,A
8-NS,863,0,0,0,7,7,C
