Gene,Position,A,T,G,C,Coverage,Consensus
1-PB2,1,217,0,0,0,217,A
1-PB2,2,0,219,0,0,219,T
1-PB2,3,0,0,221,0,221,G
1-PB2,4,0,0,223,0,223,G
1-PB2,5,222,1,0,0,223,A
1-PB2,6,223,0,0,0,223,A
1-PB2,7,225,0,0,0,225,A
1-PB2,8,0,0,258,0,258,G
1-PB2,9,258,0,2,0,260,A
1-PB2,10,262,0,1,0,263,A
1-PB2,11,0,271,0,0,271,T
1-PB2,12,270,0,0,0,270,A
1-PB2,13,268,0,0,0,268,A
1-PB2,14,271,0,0,0,271,A
1-PB2,15,269,0,1,0,270,A
1-PB2,16,0,0,285,0,285,G
1-PB2,17,282,0,0,0,282,A
1-PB2,18,290,0,0,0,290,A
1-PB2,19,0,0,0,300,300,C
1-PB2,20,0,302,0,0,302,T
1-PB2,21,312,0,0,0,312,A
1-PB2,22,0,0,1,308,309,C
1-PB2,23,0,1,314,0,315,G
1-PB2,24,0,1,315,0,316,G
1-PB2,25,318,0,0,0,318,A
1-PB2,26,333,0,0,0,333,A
1-PB2,27,0,334,0,0,334,T
1-PB2,28,0,0,0,338,338,C
1-PB2,29,0,336,0,1,337,T
1-PB2,30,0,0,342,1,343,G
1-PB2,31,351,0,0,0,351,A
1-PB2,32,0,350,1,0,351,T
1-PB2,33,0,2,353,1,356,G
1-PB2,34,0,362,0,0,362,T
1-PB2,35,0,0,0,361,361,C
1-PB2,36,0,2,358,0,360,G
1-PB2,37,1,0,0,358,359,C
1-PB2,38,363,0,0,0,363,A
1-PB2,39,0,1,393,1,395,G
1-PB2,40,0,398,0,0,398,T
1-PB2,41,0,0,0,406,406,C
1-PB2,42,0,401,0,1,402,T
1-PB2,43,1,0,0,410,411,C
1-PB2,44,0,1,408,0,409,G
1-PB2,45,0,0,0,414,414,C
1-PB2,46,413,0,0,0,413,A
1-PB2,47,0,0,0,427,427,C
1-PB2,48,0,423,0,1,424,T
1-PB2,49,2,0,0,438,440,C
1-PB2,50,0,2,439,0,441,G
1-PB2,51,0,0,0,439,439,C
1-PB2,52,0,1,439,1,441,G
1-PB2,53,442,0,0,0,442,A
1-PB2,54,0,1,445,0,446,G
1-PB2,55,467,0,0,0,467,A
1-PB2,56,0,466,0,0,466,T
1-PB2,57,468,0,0,0,468,A
1-PB2,58,1,1,0,467,469,C
1-PB2,59,0,465,0,1,466,T
1-PB2,60,0,2,482,0,484,G
1-PB2,61,482,0,4,0,486,A
1-PB2,62,0,0,0,489,489,C
1-PB2,63,493,0,0,0,493,A
1-PB2,64,488,0,0,0,488,A
1-PB2,65,510,0,1,0,511,A
1-PB2,66,517,0,0,0,517,A
1-PB2,67,518,0,0,0,518,A
1-PB2,68,0,0,0,529,529,C
1-PB2,69,2,1,0,526,529,C
1-PB2,70,543,0,0,0,543,A
1-PB2,71,2,1,0,550,553,C
1-PB2,72,552,0,1,0,553,A
1-PB2,73,0,0,563,2,565,G
1-PB2,74,0,552,0,0,552,T
1-PB2,75,0,1,618,0,619,G
1-PB2,76,0,1,616,0,617,G
1-PB2,77,611,0,0,0,611,A
1-PB2,78,0,0,1,633,634,C
1-PB2,79,2,0,0,632,634,C
1-PB2,80,649,0,0,0,649,A
1-PB2,81,0,647,0,0,647,T
1-PB2,82,641,0,0,0,641,A
1-PB2,83,0,645,0,0,645,T
1-PB2,84,1,2,649,0,652,G
1-PB2,85,0,0,654,1,655,G
1-PB2,86,0,0,0,651,651,C
1-PB2,87,0,0,1,648,649,C
1-PB2,88,648,0,0,0,648,A
1-PB2,89,0,697,0,1,698,T
1-PB2,90,702,0,0,0,702,A
1-PB2,91,730,0,0,0,730,A
1-PB2,92,0,735,0,2,737,T
1-PB2,93,0,737,0,1,738,T
1-PB2,94,741,0,0,0,741,A
1-PB2,95,739,0,1,0,740,A
1-PB2,96,1,1,766,0,768,G
1-PB2,97,766,0,1,0,767,A
1-PB2,98,778,0,1,0,779,A
1-PB2,99,0,3,836,0,839,G
1-PB2,100,0,820,0,0,820,T
1-PB2,101,828,0,1,0,829,A
1-PB2,102,1,1,0,835,837,C
1-PB2,103,855,0,0,0,855,A
1-PB2,104,1,1,0,870,872,C
1-PB2,105,866,1,0,0,867,A
1-PB2,106,0,871,0,0,871,T
1-PB2,107,2,0,1,873,876,C
1-PB2,108,1,1,866,1,869,G
1-PB2,109,0,5,874,0,879,G
1-PB2,110,1,0,874,0,875,G
1-PB2,111,1,0,873,0,874,G
1-PB2,112,880,0,0,0,880,A
1-PB2,113,2,4,871,2,879,G
1-PB2,114,864,0,2,0,866,A
1-PB2,115,1,0,0,878,879,C
1-PB2,116,872,0,1,0,873,A
1-PB2,117,1,0,882,1,884,G
1-PB2,118,0,0,893,0,893,G
1-PB2,119,891,0,0,0,891,A
1-PB2,120,893,0,1,0,894,A
1-PB2,121,894,0,0,0,894,A
1-PB2,122,891,0,3,0,894,A
1-PB2,123,0,5,896,0,901,G
1-PB2,124,897,0,3,0,900,A
1-PB2,125,905,0,0,0,905,A
1-PB2,126,0,0,0,909,909,C
1-PB2,127,1,1,0,910,912,C
1-PB2,128,0,0,0,908,908,C
1-PB2,129,1,2,912,0,915,G
1-PB2,130,0,909,0,2,911,T
1-PB2,131,4,0,1,909,914,C
1-PB2,132,917,0,0,0,917,A
1-PB2,133,0,0,1,930,931,C
1-PB2,134,0,930,0,1,931,T
1-PB2,135,0,936,0,0,936,T
1-PB2,136,931,0,0,0,931,A
1-PB2,137,0,0,951,3,954,G
1-PB2,138,1,1,948,0,950,G
1-PB2,139,945,0,0,0,945,A
1-PB2,140,0,946,0,2,948,T
1-PB2,141,0,2,948,0,950,G
1-PB2,142,959,0,2,0,961,A
1-PB2,143,963,0,1,0,964,A
1-PB2,144,968,0,1,0,969,A
1-PB2,145,0,968,0,0,968,T
1-PB2,146,3,1,952,3,959,G
1-PB2,147,0,1,960,0,961,G
1-PB2,148,956,0,2,1,959,A
1-PB2,149,0,959,0,0,959,T
1-PB2,150,4,1,951,0,956,G
1-PB2,151,950,0,2,0,952,A
1-PB2,152,0,951,0,0,951,T
1-PB2,153,1,2,950,0,953,G
1-PB2,154,0,0,956,0,956,G
1-PB2,155,1,0,1,954,956,C
1-PB2,156,946,0,0,0,946,A
1-PB2,157,954,0,2,0,956,A
1-PB2,158,0,953,0,3,956,T
1-PB2,159,1,1,988,0,990,G
1-PB2,160,990,0,0,0,990,A
1-PB2,161,987,0,2,0,989,A
1-PB2,162,1005,0,3,0,1008,A
1-PB2,163,0,1020,0,1,1021,T
1-PB2,164,1032,0,2,0,1034,A
1-PB2,165,0,0,0,1073,1073,C
1-PB2,166,1,0,0,1066,1067,C
1-PB2,167,2,0,0,1080,1082,C
1-PB2,168,1079,0,1,0,1080,A
1-PB2,169,1080,0,1,0,1081,A
1-PB2,170,0,1078,0,0,1078,T
1-PB2,171,5,1,0,1080,1086,C
1-PB2,172,1074,0,0,0,1074,A
1-PB2,173,1,0,0,1094,1095,C
1-PB2,174,0,1085,1,0,1086,T
1-PB2,175,0,5,1084,4,1093,G
1-PB2,176,0,0,1,1091,1092,C
1-PB2,177,0,1089,0,2,1091,T
1-PB2,178,0,8,1087,2,1097,G
1-PB2,179,1090,0,3,0,1093,A
1-PB2,180,0,1,1,1105,1107,C
1-PB2,181,1098,0,0,0,1098,A
1-PB2,182,1092,0,0,0,1092,A
1-PB2,183,1094,0,0,0,1094,A
1-PB2,184,1087,0,1,0,1088,A
1-PB2,185,0,2,1116,0,1118,G
1-PB2,186,1,1,1113,1,1116,G
1-PB2,187,1108,0,1,1,1110,A
1-PB2,188,0,1116,0,0,1116,T
1-PB2,189,1104,0,1,0,1105,A
1-PB2,190,1111,0,1,0,1112,A
1-PB2,191,1,2,2,1128,1133,C
1-PB2,192,1124,0,0,0,1124,A
1-PB2,193,1,2,1126,0,1129,G
1-PB2,194,1107,0,4,0,1111,A
1-PB2,195,1114,0,0,0,1114,A
1-PB2,196,1115,0,0,0,1115,A
1-PB2,197,0,1112,0,0,1112,T
1-PB2,198,0,2,1118,1,1121,G
1-PB2,199,0,1,1135,1,1137,G
1-PB2,200,0,1127,0,1,1128,T
1-PB2,201,1,1128,0,1,1130,T
1-PB2,202,1,1,0,1129,1131,C
1-PB2,203,3,1,1,1127,1132,C
1-PB2,204,1,2,1132,2,1137,G
1-PB2,205,1,0,1132,0,1133,G
1-PB2,206,1134,0,3,0,1137,A
1-PB2,207,0,5,1133,1,1139,G
1-PB2,208,1113,0,1,1,1115,A
1-PB2,209,1,0,1134,2,1137,G
1-PB2,210,1130,0,1,0,1131,A
1-PB2,211,1130,0,1,0,1131,A
1-PB2,212,1128,0,1,0,1129,A
1-PB2,213,0,1124,0,0,1124,T
1-PB2,214,1,3,1138,0,1142,G
1-PB2,215,1151,0,1,0,1152,A
1-PB2,216,1149,0,0,0,1149,A
1-PB2,217,7,0,0,1145,1152,C
1-PB2,218,1133,0,0,1,1134,A
1-PB2,219,1131,0,2,1,1134,A
1-PB2,220,0,0,1157,0,1157,G
1-PB2,221,0,2,1169,1,1172,G
1-PB2,222,1168,0,0,0,1168,A
1-PB2,223,0,0,0,1170,1170,C
1-PB2,224,1166,0,0,0,1166,A
1-PB2,225,1168,0,1,0,1169,A
1-PB2,226,1220,0,0,0,1220,A
1-PB2,227,0,0,0,1233,1233,C
1-PB2,228,0,1221,0,4,1225,T
1-PB2,229,3,0,2,1250,1255,C
1-PB2,230,0,1245,0,0,1245,T
1-PB2,231,1244,0,2,0,1246,A
1-PB2,232,0,1248,0,2,1250,T
1-PB2,233,1,7,1238,3,1249,G
1-PB2,234,1,0,1268,0,1269,G
1-PB2,235,1217,1,3,0,1221,A
1-PB2,236,0,0,1228,0,1228,G
1-PB2,237,0,1229,0,0,1229,T
1-PB2,238,1159,0,0,0,1159,A
1-PB2,239,1163,0,3,0,1166,A
1-PB2,240,1161,0,0,1,1162,A
1-PB2,241,1162,0,1,0,1163,A
1-PB2,242,0,1158,0,0,1158,T
1-PB2,243,0,2,1160,1,1163,G
1-PB2,244,1149,0,2,0,1151,A
1-PB2,245,2,1,1153,0,1156,G
1-PB2,246,0,1138,0,2,1140,T
1-PB2,247,0,3,1146,0,1149,G
1-PB2,248,1163,0,2,0,1165,A
1-PB2,249,0,1172,0,0,1172,T
1-PB2,250,0,2,1167,2,1171,G
1-PB2,251,1,1,1,1165,1168,C
1-PB2,252,0,1158,0,0,1158,T
1-PB2,253,0,0,1207,0,1207,G
1-PB2,254,0,3,1202,1,1206,G
1-PB2,255,1214,0,0,0,1214,A
1-PB2,256,0,1208,0,2,1210,T
1-PB2,257,4,2,1,1211,1218,C
1-PB2,258,1214,1,2,0,1217,A
1-PB2,259,2,2,1228,3,1235,G
1-PB2,260,1237,0,3,0,1240,A
1-PB2,261,0,1241,0,0,1241,T
1-PB2,262,1208,0,0,0,1208,A
1-PB2,263,1,3,1236,1,1241,G
1-PB2,264,1216,1,0,0,1217,A
1-PB2,265,0,1,1226,0,1227,G
1-PB2,266,0,1206,0,1,1207,T
1-PB2,267,1,4,1191,2,1198,G
1-PB2,268,1168,0,2,0,1170,A
1-PB2,269,0,1168,0,0,1168,T
1-PB2,270,1,4,1175,0,1180,G
1-PB2,271,1,0,1210,4,1215,G
1-PB2,272,0,1191,0,0,1191,T
1-PB2,273,1199,0,0,0,1199,A
1-PB2,274,0,1183,0,0,1183,T
1-PB2,275,4,1,2,1171,1178,C
1-PB2,276,1179,0,0,0,1179,A
1-PB2,277,0,0,0,1201,1201,C
1-PB2,278,1,0,0,1202,1203,C
1-PB2,279,0,1173,0,2,1175,T
1-PB2,280,0,1156,0,0,1156,T
1-PB2,281,0,1159,0,1,1160,T
1-PB2,282,1,4,1179,2,1186,G
1-PB2,283,0,1,1187,0,1188,G
1-PB2,284,0,0,0,1202,1202,C
1-PB2,285,0,1187,0,0,1187,T
1-PB2,286,4,2,1188,5,1199,G
1-PB2,287,0,1186,0,0,1186,T
1-PB2,288,1187,0,0,0,1187,A
1-PB2,289,1188,0,3,0,1191,A
1-PB2,290,2,1,2,1186,1191,C
1-PB2,291,1166,0,0,0,1166,A
1-PB2,292,0,1164,0,0,1164,T
1-PB2,293,0,3,1146,1,1150,G
1-PB2,294,1,0,1167,0,1168,G
1-PB2,295,1,1153,0,1,1155,T
1-PB2,296,1,4,1156,2,1163,G
1-PB2,297,2,1,1161,2,1166,G
1-PB2,298,1148,0,2,0,1150,A
1-PB2,299,1159,0,0,0,1159,A
1-PB2,300,0,1156,0,0,1156,T
1-PB2,301,1134,0,2,0,1136,A
1-PB2,302,0,0,1159,0,1159,G
1-PB2,303,1152,0,1,0,1153,A
1-PB2,304,1162,0,0,0,1162,A
1-PB2,305,1152,0,2,0,1154,A
1-PB2,306,0,1130,0,0,1130,T
1-PB2,307,0,1,1128,1,1130,G
1-PB2,308,0,1,1125,0,1126,G
1-PB2,309,1121,0,5,0,1126,A
1-PB2,310,0,1,1,1131,1133,C
1-PB2,311,3,1,0,1122,1126,C
1-PB2,312,1,0,0,1112,1113,C
1-PB2,313,0,0,1123,0,1123,G
1-PB2,314,0,1111,1,2,1114,T
1-PB2,315,1,3,1114,0,1118,G
1-PB2,316,1,1,1095,0,1097,G
1-PB2,317,1,0,1,1136,1138,C
1-PB2,318,1146,0,2,0,1148,A
1-PB2,319,1147,0,2,0,1149,A
1-PB2,320,0,2,1178,0,1180,G
1-PB2,321,0,1169,0,1,1170,T
1-PB2,322,1173,0,0,0,1173,A
1-PB2,323,2,1,1,1165,1169,C
1-PB2,324,1,1,1150,0,1152,G
1-PB2,325,0,0,1209,1,1210,G
1-PB2,326,0,1191,0,2,1193,T
1-PB2,327,2,0,1,1209,1212,C
1-PB2,328,7,0,0,1213,1220,C
1-PB2,329,1208,0,0,0,1208,A
1-PB2,330,0,1223,0,0,1223,T
1-PB2,331,0,1226,0,0,1226,T
1-PB2,332,1288,0,0,0,1288,A
1-PB2,333,2,0,0,1283,1285,C
1-PB2,334,0,1,0,1252,1253,C
1-PB2,335,4,0,0,1253,1257,C
1-PB2,336,1255,0,0,0,1255,A
1-PB2,337,1263,1,0,0,1264,A
1-PB2,338,1258,0,0,0,1258,A
1-PB2,339,1258,0,1,0,1259,A
1-PB2,340,1,0,1291,1,1293,G
1-PB2,341,0,1250,0,0,1250,T
1-PB2,342,0,2,1312,1,1315,G
1-PB2,343,0,1311,0,2,1313,T
1-PB2,344,1312,0,1,0,1313,A
1-PB2,345,2,1,2,1318,1323,C
1-PB2,346,1312,0,0,0,1312,A
1-PB2,347,1306,0,1,0,1307,A
1-PB2,348,1,3,1315,0,1319,G
1-PB2,349,1297,0,3,0,1300,A
1-PB2,350,1,0,0,1309,1310,C
1-PB2,351,0,1282,0,2,1284,T
1-PB2,352,0,1297,0,2,1299,T
1-PB2,353,1307,0,0,0,1307,A
1-PB2,354,0,1303,0,0,1303,T
1-PB2,355,0,1305,0,0,1305,T
1-PB2,356,0,1297,1,0,1298,T
1-PB2,357,3,1,1,1287,1292,C
1-PB2,358,0,0,1286,0,1286,G
1-PB2,359,1280,0,0,0,1280,A
1-PB2,360,7,0,0,1281,1288,C
1-PB2,361,1282,0,0,0,1282,A
1-PB2,362,1275,0,0,0,1275,A
1-PB2,363,1277,0,1,0,1278,A
1-PB2,364,0,0,1294,0,1294,G
1-PB2,365,0,1279,0,0,1279,T
1-PB2,366,1,0,0,1292,1293,C
1-PB2,367,0,4,1293,0,1297,G
1-PB2,368,1291,0,1,0,1292,A
1-PB2,369,1296,0,1,0,1297,A
1-PB2,370,1296,0,3,0,1299,A
1-PB2,371,0,1,1345,0,1346,G
1-PB2,372,0,0,1347,0,1347,G
1-PB2,373,0,1328,0,0,1328,T
1-PB2,374,0,1333,0,2,1335,T
1-PB2,375,1331,0,4,0,1335,A
1-PB2,376,1332,0,0,0,1332,A
1-PB2,377,1334,0,1,0,1335,A
1-PB2,378,1347,0,1,0,1348,A
1-PB2,379,1,1,1,1355,1358,C
1-PB2,380,1328,0,0,0,1328,A
1-PB2,381,0,1314,1,1,1316,T
1-PB2,382,0,2,1316,0,1318,G
1-PB2,383,2,1,1313,0,1316,G
1-PB2,384,1316,0,0,0,1316,A
1-PB2,385,1323,0,0,0,1323,A
1-PB2,386,0,0,0,1348,1348,C
1-PB2,387,3,0,0,1344,1347,C
1-PB2,388,0,1308,0,2,1310,T
1-PB2,389,1,1314,0,0,1315,T
1-PB2,390,0,1313,0,1,1314,T
1-PB2,391,3,0,1317,1,1321,G
1-PB2,392,0,0,1314,0,1314,G
1-PB2,393,1,1,1,1313,1316,C
1-PB2,394,1,0,0,1315,1316,C
1-PB2,395,1,1,0,1301,1303,C
1-PB2,396,0,1275,0,1,1276,T
1-PB2,397,2,6,1274,3,1285,G
1-PB2,398,0,1280,0,3,1283,T
1-PB2,399,0,1270,0,0,1270,T
1-PB2,400,2,0,0,1277,1279,C
1-PB2,401,1,0,1264,1,1266,G
1-PB2,402,0,1263,0,2,1265,T
1-PB2,403,0,1265,0,0,1265,T
1-PB2,404,0,1275,1,1,1277,T
1-PB2,405,0,1277,0,0,1277,T
1-PB2,406,1274,0,0,0,1274,A
1-PB2,407,2,1,1270,0,1273,G
1-PB2,408,1270,0,0,0,1270,A
1-PB2,409,1265,0,0,0,1265,A
1-PB2,410,1272,0,0,0,1272,A
1-PB2,411,0,1254,0,1,1255,T
1-PB2,412,1,0,1,1259,1261,C
1-PB2,413,1272,0,0,0,1272,A
1-PB2,414,1282,0,1,0,1283,A
1-PB2,415,0,0,1297,0,1297,G
1-PB2,416,0,1287,0,1,1288,T
1-PB2,417,4,1,0,1282,1287,C
1-PB2,418,1299,0,2,0,1301,A
1-PB2,419,1302,0,1,0,1303,A
1-PB2,420,0,1,1315,0,1316,G
1-PB2,421,1313,0,1,0,1314,A
1-PB2,422,0,1320,0,0,1320,T
1-PB2,423,1346,0,3,0,1349,A
1-PB2,424,1,2,5,1327,1335,C
1-PB2,425,0,0,1332,1,1333,G
1-PB2,426,0,0,0,1339,1339,C
1-PB2,427,1325,0,0,0,1325,A
1-PB2,428,1,1,1339,1,1342,G
1-PB2,429,1333,1,0,0,1334,A
1-PB2,430,1344,0,1,0,1345,A
1-PB2,431,0,2,1357,3,1362,G
1-PB2,432,1329,0,2,0,1331,A
1-PB2,433,0,0,1341,3,1344,G
1-PB2,434,0,1327,0,1,1328,T
1-PB2,435,1321,0,2,0,1323,A
1-PB2,436,3,0,1336,1,1340,G
1-PB2,437,1312,0,1,0,1313,A
1-PB2,438,2,0,0,1330,1332,C
1-PB2,439,1316,0,0,0,1316,A
1-PB2,440,0,1296,0,0,1296,T
1-PB2,441,1279,0,1,0,1280,A
1-PB2,442,1280,0,0,0,1280,A
1-PB2,443,1282,0,3,0,1285,A
1-PB2,444,0,0,0,1310,1310,C
1-PB2,445,1,0,0,1284,1285,C
1-PB2,446,3,0,0,1278,1281,C
1-PB2,447,0,1228,0,0,1228,T
1-PB2,448,1,10,1231,0,1242,G
1-PB2,449,0,1,1254,0,1255,G
1-PB2,450,0,1252,0,2,1254,T
1-PB2,451,5,3,2,1253,1263,C
1-PB2,452,1279,0,0,0,1279,A
1-PB2,453,0,1253,0,0,1253,T
1-PB2,454,0,3,1254,2,1259,G
1-PB2,455,4,2,1,1254,1261,C
1-PB2,456,1251,0,1,0,1252,A
1-PB2,457,0,2,1263,1,1266,G
1-PB2,458,1236,0,3,0,1239,A
1-PB2,459,1,0,0,1279,1280,C
1-PB2,460,3,1,0,1266,1270,C
1-PB2,461,0,1250,1,1,1252,T
1-PB2,462,2,1,3,1251,1257,C
1-PB2,463,1242,0,1,0,1243,A
1-PB2,464,0,1,1266,1,1268,G
1-PB2,465,0,1274,0,1,1275,T
1-PB2,466,0,4,1270,2,1276,G
1-PB2,467,0,0,1,1270,1271,C
1-PB2,468,3,0,2,1258,1263,C
1-PB2,469,1263,0,0,0,1263,A
1-PB2,470,1256,0,0,0,1256,A
1-PB2,471,1252,0,1,0,1253,A
1-PB2,472,1,3,1259,4,1267,G
1-PB2,473,1239,0,0,0,1239,A
1-PB2,474,0,1,1258,0,1259,G
1-PB2,475,1,0,1248,1,1250,G
1-PB2,476,10,1,0,1241,1252,C
1-PB2,477,1251,0,0,0,1251,A
1-PB2,478,1,0,3,1248,1252,C
1-PB2,479,1248,0,0,0,1248,A
1-PB2,480,1262,0,3,0,1265,A
1-PB2,481,0,3,1276,1,1280,G
1-PB2,482,1288,0,1,0,1289,A
1-PB2,483,0,1293,0,0,1293,T
1-PB2,484,0,0,1283,0,1283,G
1-PB2,485,0,1293,0,2,1295,T
1-PB2,486,1281,0,0,0,1281,A
1-PB2,487,1285,0,0,0,1285,A
1-PB2,488,0,1290,0,1,1291,T
1-PB2,489,0,1229,0,0,1229,T
1-PB2,490,1217,0,0,0,1217,A
1-PB2,491,0,1180,0,0,1180,T
1-PB2,492,0,2,1177,4,1183,G
1-PB2,493,0,2,1184,0,1186,G
1-PB2,494,1180,0,0,0,1180,A
1-PB2,495,1162,0,4,0,1166,A
1-PB2,496,1,1,1167,0,1169,G
1-PB2,497,0,1143,0,4,1147,T
1-PB2,498,0,1146,0,0,1146,T
1-PB2,499,0,1,1161,0,1162,G
1-PB2,500,0,1151,0,3,1154,T
1-PB2,501,0,1152,0,2,1154,T
1-PB2,502,0,1162,0,0,1162,T
1-PB2,503,0,1165,0,0,1165,T
1-PB2,504,0,1062,0,104,1166,T
1-PB2,505,2,0,0,1172,1174,C
1-PB2,506,0,0,0,1166,1166,C
1-PB2,507,4,0,1,1162,1167,C
1-PB2,508,1152,0,2,0,1154,A
1-PB2,509,1160,0,0,0,1160,A
1-PB2,510,0,0,1,1150,1151,C
1-PB2,511,1,0,1166,0,1167,G
1-PB2,512,1170,0,0,0,1170,A
1-PB2,513,1169,0,0,0,1169,A
1-PB2,514,0,1,1188,0,1189,G
1-PB2,515,0,1178,0,0,1178,T
1-PB2,516,0,3,1176,1,1180,G
1-PB2,517,0,1,1166,1,1168,G
1-PB2,518,0,2,1183,0,1185,G
1-PB2,519,1182,0,3,0,1185,A
1-PB2,520,0,0,1183,0,1183,G
1-PB2,521,2,1,0,1172,1175,C
1-PB2,522,1,0,2,1180,1183,C
1-PB2,523,1153,0,0,0,1153,A
1-PB2,524,1,2,1186,0,1189,G
1-PB2,525,1,1,1204,0,1206,G
1-PB2,526,1210,0,1,0,1211,A
1-PB2,527,0,1203,0,0,1203,T
1-PB2,528,1216,0,1,0,1217,A
1-PB2,529,1,2,5,1211,1219,C
1-PB2,530,0,1202,0,0,1202,T
1-PB2,531,1201,0,0,0,1201,A
1-PB2,532,1194,0,2,0,1196,A
1-PB2,533,1,0,6,1213,1220,C
1-PB2,534,1199,0,0,0,1199,A
1-PB2,535,0,1191,0,2,1193,T
1-PB2,536,3,0,1,1194,1198,C
1-PB2,537,1182,0,1,0,1183,A
1-PB2,538,2,1,1201,1,1205,G
1-PB2,539,1204,0,1,0,1205,A
1-PB2,540,1211,0,0,0,1211,A
1-PB2,541,0,1206,0,0,1206,T
1-PB2,542,3,2,2,1183,1190,C
1-PB2,543,1190,0,1,0,1191,A
1-PB2,544,1,0,1,1213,1215,C
1-PB2,545,1216,0,2,0,1218,A
1-PB2,546,1234,0,0,0,1234,A
1-PB2,547,0,1209,0,3,1212,T
1-PB2,548,0,1225,0,0,1225,T
1-PB2,549,1238,0,0,0,1238,A
1-PB2,550,1242,0,2,1,1245,A
1-PB2,551,1,2,2,1251,1256,C
1-PB2,552,1247,0,1,0,1248,A
1-PB2,553,1242,0,0,0,1242,A
1-PB2,554,0,1266,0,0,1266,T
1-PB2,555,1269,0,0,0,1269,A
1-PB2,556,1269,0,3,0,1272,A
1-PB2,557,3,2,1,1268,1274,C
1-PB2,558,0,1262,0,1,1263,T
1-PB2,559,1263,0,0,0,1263,A
1-PB2,560,1250,0,0,0,1250,A
1-PB2,561,1,2,1212,0,1215,G
1-PB2,562,3,2,1229,0,1234,G
1-PB2,563,1236,0,0,0,1236,A
1-PB2,564,0,5,1228,0,1233,G
1-PB2,565,1231,0,2,0,1233,A
1-PB2,566,1231,0,0,0,1231,A
1-PB2,567,1224,0,1,0,1225,A
1-PB2,568,1226,0,0,0,1226,A
1-PB2,569,1226,0,0,0,1226,A
1-PB2,570,1214,0,5,0,1219,A
1-PB2,571,0,3,1219,1,1223,G
1-PB2,572,1222,0,2,0,1224,A
1-PB2,573,1216,0,0,0,1216,A
1-PB2,574,0,2,1229,0,1231,G
1-PB2,575,1225,0,2,0,1227,A
1-PB2,576,1227,0,1,0,1228,A
1-PB2,577,0,1,0,1240,1241,C
1-PB2,578,0,1221,0,1,1222,T
1-PB2,579,0,0,0,1231,1231,C
1-PB2,580,0,0,1,1228,1229,C
1-PB2,581,1,0,1229,2,1232,G
1-PB2,582,1230,0,0,0,1230,A
1-PB2,583,0,1,1231,0,1232,G
1-PB2,584,1216,0,3,0,1219,A
1-PB2,585,0,1213,0,0,1213,T
1-PB2,586,0,1196,0,1,1197,T
1-PB2,587,0,2,1193,0,1195,G
1-PB2,588,3,0,0,1193,1196,C
1-PB2,589,1204,0,0,0,1204,A
1-PB2,590,1203,0,1,0,1204,A
1-PB2,591,1204,0,0,0,1204,A
1-PB2,592,1210,0,0,0,1210,A
1-PB2,593,0,1203,0,0,1203,T
1-PB2,594,0,1206,0,0,1206,T
1-PB2,595,0,1195,0,2,1197,T
1-PB2,596,2,0,0,1199,1201,C
1-PB2,597,0,1200,0,2,1202,T
1-PB2,598,1,1,0,1227,1229,C
1-PB2,599,2,0,0,1224,1226,C
1-PB2,600,3,2,0,1245,1250,C
1-PB2,601,0,1235,0,3,1238,T
1-PB2,602,0,1246,0,2,1248,T
1-PB2,603,1,2,1242,5,1250,G
1-PB2,604,1250,0,2,0,1252,A
1-PB2,605,0,1251,0,0,1251,T
1-PB2,606,0,3,1250,0,1253,G
1-PB2,607,0,0,1321,0,1321,G
1-PB2,608,0,1303,0,4,1307,T
1-PB2,609,0,1275,0,3,1278,T
1-PB2,610,1,4,1309,3,1317,G
1-PB2,611,2,0,6,1317,1325,C
1-PB2,612,1340,0,0,0,1340,A
1-PB2,613,0,1332,0,0,1332,T
1-PB2,614,1333,0,1,0,1334,A
1-PB2,615,1,1,3,1351,1356,C
1-PB2,616,1402,0,0,1,1403,A
1-PB2,617,0,1411,0,0,1411,T
1-PB2,618,0,5,1461,2,1468,G
1-PB2,619,0,1437,1,2,1440,T
1-PB2,620,0,1442,0,3,1445,T
1-PB2,621,1442,0,0,0,1442,A
1-PB2,622,0,0,1436,5,1441,G
1-PB2,623,1435,0,1,0,1436,A
1-PB2,624,0,4,1447,1,1452,G
1-PB2,625,1363,0,5,0,1368,A
1-PB2,626,1,0,1365,0,1366,G
1-PB2,627,1280,0,3,0,1283,A
1-PB2,628,0,2,1287,0,1289,G
1-PB2,629,1286,0,1,0,1287,A
1-PB2,630,1282,0,0,0,1282,A
1-PB2,631,0,0,0,1282,1282,C
1-PB2,632,0,1256,0,1,1257,T
1-PB2,633,0,1252,0,0,1252,T
1-PB2,634,2,1,1247,0,1250,G
1-PB2,635,0,1252,0,1,1253,T
1-PB2,636,1253,0,0,0,1253,A
1-PB2,637,2,1,0,1243,1246,C
1-PB2,638,0,1,1238,0,1239,G
1-PB2,639,1244,0,0,0,1244,A
1-PB2,640,1242,0,1,0,1243,A
1-PB2,641,1263,0,2,0,1265,A
1-PB2,642,1258,0,1,0,1259,A
1-PB2,643,1259,0,2,0,1261,A
1-PB2,644,0,1,0,1269,1270,C
1-PB2,645,1265,0,1,0,1266,A
1-PB2,646,1269,0,2,0,1271,A
1-PB2,647,1,3,1272,0,1276,G
1-PB2,648,1278,0,2,0,1280,A
1-PB2,649,0,1278,0,0,1278,T
1-PB2,650,0,1263,0,0,1263,T
1-PB2,651,0,1275,0,2,1277,T
1-PB2,652,1,0,1,1309,1311,C
1-PB2,653,0,1307,0,1,1308,T
1-PB2,654,4,0,0,1300,1304,C
1-PB2,655,1,0,0,1293,1294,C
1-PB2,656,3,0,1,1293,1297,C
1-PB2,657,1310,0,1,0,1311,A
1-PB2,658,1305,0,2,0,1307,A
1-PB2,659,0,1302,0,0,1302,T
1-PB2,660,0,1306,0,2,1308,T
1-PB2,661,1,2,1305,3,1311,G
1-PB2,662,1,0,0,1305,1306,C
1-PB2,663,0,1306,0,1,1307,T
1-PB2,664,3,5,1296,1,1305,G
1-PB2,665,0,2,1302,0,1304,G
1-PB2,666,2,2,0,1301,1305,C
1-PB2,667,0,2,1317,0,1319,G
1-PB2,668,1,0,1339,0,1340,G
1-PB2,669,1337,0,1,0,1338,A
1-PB2,670,1334,0,3,0,1337,A
1-PB2,671,0,0,2,1366,1368,C
1-PB2,672,1382,0,0,0,1382,A
1-PB2,673,1379,0,5,0,1384,A
1-PB2,674,0,3,1424,0,1427,G
1-PB2,675,7,0,3,1434,1444,C
1-PB2,676,1458,0,0,0,1458,A
1-PB2,677,0,1,1762,5,1768,G
1-PB2,678,0,1750,1,1,1752,T
1-PB2,679,1790,0,2,0,1792,A
1-PB2,680,0,1796,0,1,1797,T
1-PB2,681,1802,0,0,0,1802,A
1-PB2,682,0,1800,0,0,1800,T
1-PB2,683,1747,0,1,0,1748,A
1-PB2,684,4,2,3,1764,1773,C
1-PB2,685,1694,0,0,0,1694,A
1-PB2,686,0,1603,0,0,1603,T
1-PB2,687,0,1551,0,1,1552,T
1-PB2,688,0,0,1547,2,1549,G
1-PB2,689,1545,0,2,0,1547,A
1-PB2,690,1534,0,2,0,1536,A
1-PB2,691,0,0,1564,0,1564,G
1-PB2,692,0,1557,0,0,1557,T
1-PB2,693,0,1535,0,0,1535,T
1-PB2,694,0,1535,0,0,1535,T
1-PB2,695,0,1535,0,0,1535,T
1-PB2,696,1546,0,0,0,1546,A
1-PB2,697,0,0,1,1560,1561,C
1-PB2,698,1555,0,0,0,1555,A
1-PB2,699,0,1555,0,1,1556,T
1-PB2,700,0,1548,0,0,1548,T
1-PB2,701,0,1555,0,1,1556,T
1-PB2,702,2,4,1622,2,1630,G
1-PB2,703,1629,1,2,0,1632,A
1-PB2,704,0,0,0,1633,1633,C
1-PB2,705,0,1611,0,2,1613,T
1-PB2,706,2,1,1,1615,1619,C
1-PB2,707,1609,0,0,0,1609,A
1-PB2,708,2,2,1595,0,1599,G
1-PB2,709,0,1,1629,1,1631,G
1-PB2,710,1,3,1628,0,1632,G
1-PB2,711,1633,1,1,0,1635,A
1-PB2,712,1631,0,3,0,1634,A
1-PB2,713,2,0,1,1622,1625,C
1-PB2,714,0,0,1636,0,1636,G
1-PB2,715,0,1611,0,2,1613,T
1-PB2,716,0,4,1632,0,1636,G
1-PB2,717,0,1616,0,0,1616,T
1-PB2,718,0,1621,0,0,1621,T
1-PB2,719,1,3,1612,1,1617,G
1-PB2,720,0,2,1611,0,1613,G
1-PB2,721,3,1,1617,1,1622,G
1-PB2,722,1600,0,2,0,1602,A
1-PB2,723,1600,0,0,0,1600,A
1-PB2,724,2,2,1,1621,1626,C
1-PB2,725,1602,0,0,0,1602,A
1-PB2,726,1634,0,0,0,1634,A
1-PB2,727,1645,0,1,0,1646,A
1-PB2,728,0,1669,0,0,1669,T
1-PB2,729,0,3,1686,4,1693,G
1-PB2,730,0,1677,0,1,1678,T
1-PB2,731,1678,0,0,0,1678,A
1-PB2,732,3,1,1,1708,1713,C
1-PB2,733,1674,0,0,0,1674,A
1-PB2,734,0,0,1,1667,1668,C
1-PB2,735,0,1625,0,2,1627,T
1-PB2,736,1,0,0,1735,1736,C
1-PB2,737,6,1,7,1729,1743,C
1-PB2,738,1765,0,1,0,1766,A
1-PB2,739,1,3,1778,0,1782,G
1-PB2,740,1,0,1795,0,1796,G
1-PB2,741,0,1783,0,1,1784,T
1-PB2,742,2,6,1780,1,1789,G
1-PB2,743,2,3,1740,1,1746,G
1-PB2,744,1719,1,2,0,1722,A
1-PB2,745,1,1,1722,0,1724,G
1-PB2,746,0,1,1719,1,1721,G
1-PB2,747,1638,0,0,0,1638,A
1-PB2,748,4,0,1644,0,1648,G
1-PB2,749,2,1571,0,1,1574,T
1-PB2,750,0,2,1592,1,1595,G
1-PB2,751,1593,0,2,0,1595,A
1-PB2,752,0,0,1589,0,1589,G
1-PB2,753,2,2,1592,0,1596,G
1-PB2,754,1574,0,0,0,1574,A
1-PB2,755,1564,0,1,0,1565,A
1-PB2,756,0,1542,0,0,1542,T
1-PB2,757,0,2,1535,3,1540,G
1-PB2,758,1527,0,1,0,1528,A
1-PB2,759,2,3,0,1521,1526,C
1-PB2,760,2,3,1518,1,1524,G
1-PB2,761,1541,0,1,0,1542,A
1-PB2,762,0,1522,0,0,1522,T
1-PB2,763,0,3,1523,0,1526,G
1-PB2,764,0,1522,0,0,1522,T
1-PB2,765,0,1504,0,0,1504,T
1-PB2,766,3,1,1527,0,1531,G
1-PB2,767,1531,0,2,0,1533,A
1-PB2,768,0,0,1,1537,1538,C
1-PB2,769,10,0,0,1531,1541,C
1-PB2,770,1521,0,0,0,1521,A
1-PB2,771,1526,0,2,0,1528,A
1-PB2,772,1521,0,2,0,1523,A
1-PB2,773,0,2,1555,1,1558,G
1-PB2,774,0,0,1,1561,1562,C
1-PB2,775,2,0,1,1555,1558,C
1-PB2,776,0,1575,0,1,1576,T
1-PB2,777,1563,0,10,0,1573,A
1-PB2,778,1575,0,0,0,1575,A
1-PB2,779,0,1581,0,1,1582,T
1-PB2,780,0,1577,0,0,1577,T
1-PB2,781,1558,0,1,0,1559,A
1-PB2,782,0,1504,0,0,1504,T
1-PB2,783,0,1492,0,1,1493,T
1-PB2,784,1,2,1493,0,1496,G
1-PB2,785,2,1,0,1480,1483,C
1-PB2,786,0,0,1490,0,1490,G
1-PB2,787,0,1,1512,0,1513,G
1-PB2,788,2,0,0,1503,1505,C
1-PB2,789,4,2,1,1500,1507,C
1-PB2,790,1508,0,0,0,1508,A
1-PB2,791,1,2,1534,0,1537,G
1-PB2,792,0,2,1546,1,1549,G
1-PB2,793,1547,1,2,0,1550,A
1-PB2,794,1549,1,2,0,1552,A
1-PB2,795,1,1,3,1556,1561,C
1-PB2,796,1518,0,1,0,1519,A
1-PB2,797,0,1544,0,0,1544,T
1-PB2,798,1566,0,1,0,1567,A
1-PB2,799,1,2,1577,1,1581,G
1-PB2,800,0,1558,0,1,1559,T
1-PB2,801,1546,0,1,0,1547,A
1-PB2,802,1537,0,2,0,1539,A
1-PB2,803,1,3,1529,3,1536,G
1-PB2,804,1492,0,1,0,1493,A
1-PB2,805,1442,0,0,0,1442,A
1-PB2,806,0,2,1435,0,1437,G
1-PB2,807,1370,0,5,0,1375,A
1-PB2,808,1,1,1372,0,1374,G
1-PB2,809,4,1,2,1350,1357,C
1-PB2,810,2,0,0,1355,1357,C
1-PB2,811,4,3,1353,0,1360,G
1-PB2,812,3,0,3,1356,1362,C
1-PB2,813,1362,0,1,0,1363,A
1-PB2,814,0,4,1462,3,1469,G
1-PB2,815,0,1462,0,1,1463,T
1-PB2,816,1482,0,0,0,1482,A
1-PB2,817,1,1464,0,1,1466,T
1-PB2,818,7,0,6,1465,1478,C
1-PB2,819,1471,0,0,0,1471,A
1-PB2,820,0,2,1469,0,1471,G
1-PB2,821,1,0,6,1463,1470,C
1-PB2,822,1417,0,3,0,1420,A
1-PB2,823,0,2,1429,0,1431,G
1-PB2,824,1422,0,1,0,1423,A
1-PB2,825,0,1425,0,0,1425,T
1-PB2,826,1,0,0,1425,1426,C
1-PB2,827,6,1,0,1421,1428,C
1-PB2,828,1426,0,0,0,1426,A
1-PB2,829,1,1,1,1432,1435,C
1-PB2,830,0,1438,0,0,1438,T
1-PB2,831,1441,0,2,0,1443,A
1-PB2,832,1,1,1439,1,1442,G
1-PB2,833,5,1,2,1421,1429,C
1-PB2,834,1422,0,1,0,1423,A
1-PB2,835,0,1432,0,1,1433,T
1-PB2,836,3,1,1,1449,1454,C
1-PB2,837,0,1440,0,1,1441,T
1-PB2,838,0,1476,0,0,1476,T
1-PB2,839,0,1480,0,0,1480,T
1-PB2,840,1478,0,0,0,1478,A
1-PB2,841,0,1470,0,2,1472,T
1-PB2,842,0,1468,0,1,1469,T
1-PB2,843,1,9,1456,1,1467,G
1-PB2,844,0,0,1456,1,1457,G
1-PB2,845,1414,0,2,0,1416,A
1-PB2,846,1,0,1419,0,1420,G
1-PB2,847,1386,0,1,0,1387,A
1-PB2,848,0,1338,0,1,1339,T
1-PB2,849,1,1,1384,1,1387,G
1-PB2,850,0,1376,0,0,1376,T
1-PB2,851,0,3,1376,0,1379,G
1-PB2,852,1,0,0,1376,1377,C
1-PB2,853,9,1,1,1359,1370,C
1-PB2,854,1371,0,0,0,1371,A
1-PB2,855,3,0,1,1365,1369,C
1-PB2,856,1347,0,0,0,1347,A
1-PB2,857,0,2,1367,1,1370,G
1-PB2,858,6,0,0,1331,1337,C
1-PB2,859,1332,0,3,0,1335,A
1-PB2,860,0,1,0,1335,1336,C
1-PB2,861,1326,0,2,0,1328,A
1-PB2,862,0,0,0,1341,1341,C
1-PB2,863,1333,0,1,0,1334,A
1-PB2,864,1333,0,0,1,1334,A
1-PB2,865,1331,0,0,0,1331,A
1-PB2,866,0,1298,0,0,1298,T
1-PB2,867,0,1300,0,0,1300,T
1-PB2,868,0,1,1299,2,1302,G
1-PB2,869,0,0,1285,0,1285,G
1-PB2,870,1,16,0,1268,1285,C
1-PB2,871,0,1,1291,0,1292,G
1-PB2,872,3,2,1307,0,1312,G
1-PB2,873,0,1,1303,0,1304,G
1-PB2,874,1275,2,0,0,1277,A
1-PB2,875,2,0,0,1282,1284,C
1-PB2,876,1275,0,0,0,1275,A
1-PB2,877,1291,0,1,0,1292,A
1-PB2,878,1,2,1286,2,1291,G
1-PB2,879,1,0,1309,0,1310,G
1-PB2,880,1280,0,1,0,1281,A
1-PB2,881,0,1247,0,0,1247,T
1-PB2,882,0,5,1226,1,1232,G
1-PB2,883,1,0,1252,1,1254,G
1-PB2,884,1,1175,1,1,1178,T
1-PB2,885,2,1,1222,1,1226,G
1-PB2,886,0,0,1221,0,1221,G
1-PB2,887,1160,0,2,0,1162,A
1-PB2,888,3,0,0,1157,1160,C
1-PB2,889,1136,0,0,0,1136,A
1-PB2,890,0,1294,1,0,1295,T
1-PB2,891,0,1297,0,0,1297,T
1-PB2,892,1,0,3,1276,1280,C
1-PB2,893,0,1278,1,3,1282,T
1-PB2,894,0,1289,1,1,1291,T
1-PB2,895,1272,0,0,0,1272,A
1-PB2,896,0,0,1287,2,1289,G
1-PB2,897,1289,0,1,0,1290,A
1-PB2,898,2,1,0,1278,1281,C
1-PB2,899,1148,0,0,0,1148,A
1-PB2,900,0,2,1165,2,1169,G
1-PB2,901,1161,0,1,0,1162,A
1-PB2,902,1163,0,1,0,1164,A
1-PB2,903,2,0,1,1121,1124,C
1-PB2,904,2,0,0,1155,1157,C
1-PB2,905,1,2,0,1161,1164,C
1-PB2,906,2,1,1141,3,1147,G
1-PB2,907,1159,0,1,0,1160,A
1-PB2,908,2,0,0,1163,1165,C
1-PB2,909,0,1161,0,2,1163,T
1-PB2,910,0,3,1175,2,1180,G
1-PB2,911,1177,1,1,0,1179,A
1-PB2,912,1208,0,1,0,1209,A
1-PB2,913,0,1,1211,1,1213,G
1-PB2,914,1220,0,1,0,1221,A
1-PB2,915,1214,0,0,0,1214,A
1-PB2,916,1,1,0,1192,1194,C
1-PB2,917,1181,0,1,0,1182,A
1-PB2,918,2,0,1145,0,1147,G
1-PB2,919,0,1,1200,0,1201,G
1-PB2,920,1,0,1,1202,1204,C
1-PB2,921,0,1211,0,0,1211,T
1-PB2,922,0,1,1232,2,1235,G
1-PB2,923,0,1218,1,1,1220,T
1-PB2,924,2,2,1242,0,1246,G
1-PB2,925,0,0,1283,0,1283,G
1-PB2,926,1250,0,1,0,1251,A
1-PB2,927,0,1226,0,0,1226,T
1-PB2,928,1241,0,1,0,1242,A
1-PB2,929,1,1212,0,2,1215,T
1-PB2,930,1257,0,0,0,1257,A
1-PB2,931,0,1224,0,1,1225,T
1-PB2,932,1,9,1200,5,1215,G
1-PB2,933,6,0,3,1186,1195,C
1-PB2,934,1164,0,1,0,1165,A
1-PB2,935,1170,0,1,1,1172,A
1-PB2,936,0,0,1157,0,1157,G
1-PB2,937,1,1,1163,0,1165,G
1-PB2,938,1,0,0,1159,1160,C
1-PB2,939,0,1140,0,0,1140,T
1-PB2,940,0,2,1149,0,1151,G
1-PB2,941,4,0,5,1142,1151,C
1-PB2,942,1149,0,0,0,1149,A
1-PB2,943,1162,0,0,0,1162,A
1-PB2,944,0,1141,0,0,1141,T
1-PB2,945,0,1,1155,1,1157,G
1-PB2,946,2,0,1145,0,1147,G
1-PB2,947,0,1,1154,0,1155,G
1-PB2,948,1149,0,3,0,1152,A
1-PB2,949,0,1152,0,0,1152,T
1-PB2,950,0,1136,0,0,1136,T
1-PB2,951,1,1,1130,1,1133,G
1-PB2,952,1127,0,2,0,1129,A
1-PB2,953,1,1,1149,0,1151,G
1-PB2,954,1136,0,4,0,1140,A
1-PB2,955,1142,0,0,0,1142,A
1-PB2,956,0,1107,0,1,1108,T
1-PB2,957,4,0,1,1110,1115,C
1-PB2,958,1128,0,0,0,1128,A
1-PB2,959,1,0,1139,0,1140,G
1-PB2,960,1,3,1,1138,1143,C
1-PB2,961,0,1133,0,1,1134,T
1-PB2,962,1,1,2,1157,1161,C
1-PB2,963,1152,0,2,0,1154,A
1-PB2,964,0,1199,0,1,1200,T
1-PB2,965,3,1,2,1204,1210,C
1-PB2,966,1,0,0,1226,1227,C
1-PB2,967,0,1214,0,2,1216,T
1-PB2,968,0,1220,0,1,1221,T
1-PB2,969,4,3,4,1208,1219,C
1-PB2,970,1215,0,3,0,1218,A
1-PB2,971,0,2,1231,0,1233,G
1-PB2,972,2,0,0,1217,1219,C
1-PB2,973,0,1208,0,1,1209,T
1-PB2,974,0,1204,0,0,1204,T
1-PB2,975,0,1206,0,0,1206,T
1-PB2,976,1,1,1195,1,1198,G
1-PB2,977,1,0,1203,0,1204,G
1-PB2,978,0,1183,0,2,1185,T
1-PB2,979,0,1,1209,0,1210,G
1-PB2,980,0,0,1193,0,1193,G
1-PB2,981,1,0,1212,0,1213,G
1-PB2,982,0,1175,0,0,1175,T
1-PB2,983,0,1188,0,1,1189,T
1-PB2,984,0,1199,0,0,1199,T
1-PB2,985,1188,0,0,0,1188,A
1-PB2,986,1,0,0,1197,1198,C
1-PB2,987,1198,1,0,0,1199,A
1-PB2,988,0,1198,0,0,1198,T
1-PB2,989,0,1172,0,1,1173,T
1-PB2,990,0,1186,0,0,1186,T
1-PB2,991,1187,0,0,0,1187,A
1-PB2,992,1183,0,0,0,1183,A
1-PB2,993,1187,0,1,0,1188,A
1-PB2,994,1186,0,3,0,1189,A
1-PB2,995,0,2,1199,0,1201,G
1-PB2,996,1198,0,0,0,1198,A
1-PB2,997,1191,0,2,1,1194,A
1-PB2,998,2,1,0,1196,1199,C
1-PB2,999,1196,0,0,0,1196,A
1-PB2,1000,1189,0,3,0,1192,A
1-PB2,1001,1,1,1191,0,1193,G
1-PB2,1002,1,0,2,1198,1201,C
1-PB2,1003,0,2,1196,1,1199,G
1-PB2,1004,0,3,1205,0,1208,G
1-PB2,1005,0,0,1206,1,1207,G
1-PB2,1006,0,1205,0,3,1208,T
1-PB2,1007,5,0,1,1211,1217,C
1-PB2,1008,1213,0,1,0,1214,A
1-PB2,1009,0,1198,0,3,1201,T
1-PB2,1010,3,1,1,1207,1212,C
1-PB2,1011,1206,0,2,0,1208,A
1-PB2,1012,1,0,1227,0,1228,G
1-PB2,1013,0,1216,0,1,1217,T
1-PB2,1014,1,0,1,1215,1217,C
1-PB2,1015,1220,0,1,0,1221,A
1-PB2,1016,1215,0,0,0,1215,A
1-PB2,1017,1222,0,1,0,1223,A
1-PB2,1018,1225,0,0,0,1225,A
1-PB2,1019,1220,0,1,0,1221,A
1-PB2,1020,3,1,1193,1,1198,G
1-PB2,1021,0,3,1222,0,1225,G
1-PB2,1022,1223,0,2,0,1225,A
1-PB2,1023,1229,0,2,0,1231,A
1-PB2,1024,1,3,1227,0,1231,G
1-PB2,1025,1221,0,0,0,1221,A
1-PB2,1026,1152,0,6,0,1158,A
1-PB2,1027,0,4,1145,0,1149,G
1-PB2,1028,1152,0,0,0,1152,A
1-PB2,1029,1,0,1148,0,1149,G
1-PB2,1030,0,2,1169,1,1172,G
1-PB2,1031,0,1149,1,3,1153,T
1-PB2,1032,1,7,1189,1,1198,G
1-PB2,1033,0,0,0,1226,1226,C
1-PB2,1034,0,1214,1,1,1216,T
1-PB2,1035,0,1232,0,1,1233,T
1-PB2,1036,1226,0,1,0,1227,A
1-PB2,1037,5,1,8,1215,1229,C
1-PB2,1038,1217,1,0,0,1218,A
1-PB2,1039,2,1,1210,1,1214,G
1-PB2,1040,1,0,1215,1,1217,G
1-PB2,1041,0,0,3,1191,1194,C
1-PB2,1042,1178,0,0,0,1178,A
1-PB2,1043,1187,0,0,0,1187,A
1-PB2,1044,0,1238,0,0,1238,T
1-PB2,1045,1,1,0,1254,1256,C
1-PB2,1046,0,1244,0,1,1245,T
1-PB2,1047,2,0,2,1253,1257,C
1-PB2,1048,4,0,0,1247,1251,C
1-PB2,1049,1256,0,1,0,1257,A
1-PB2,1050,1247,0,1,0,1248,A
1-PB2,1051,1251,0,1,1,1253,A
1-PB2,1052,1,0,0,1264,1265,C
1-PB2,1053,1230,0,0,0,1230,A
1-PB2,1054,0,1228,0,0,1228,T
1-PB2,1055,0,1227,0,0,1227,T
1-PB2,1056,0,2,1234,1,1237,G
1-PB2,1057,1234,0,1,0,1235,A
1-PB2,1058,1251,0,1,0,1252,A
1-PB2,1059,1261,0,1,0,1262,A
1-PB2,1060,1256,0,0,0,1256,A
1-PB2,1061,0,1259,0,0,1259,T
1-PB2,1062,1261,0,1,0,1262,A
1-PB2,1063,1260,0,1,0,1261,A
1-PB2,1064,0,2,1293,1,1296,G
1-PB2,1065,1273,0,5,0,1278,A
1-PB2,1066,0,2,1309,2,1313,G
1-PB2,1067,1,1286,0,0,1287,T
1-PB2,1068,1293,0,1,0,1294,A
1-PB2,1069,0,0,0,1322,1322,C
1-PB2,1070,1304,0,0,0,1304,A
1-PB2,1071,0,1306,0,0,1306,T
1-PB2,1072,0,0,1299,6,1305,G
1-PB2,1073,1280,0,1,0,1281,A
1-PB2,1074,0,0,1295,0,1295,G
1-PB2,1075,1,2,1267,0,1270,G
1-PB2,1076,0,2,1298,0,1300,G
1-PB2,1077,1,1,1308,3,1313,G
1-PB2,1078,0,1257,0,0,1257,T
1-PB2,1079,1278,0,0,0,1278,A
1-PB2,1080,0,1270,0,0,1270,T
1-PB2,1081,0,6,1254,1,1261,G
1-PB2,1082,1251,0,0,0,1251,A
1-PB2,1083,0,2,1249,0,1251,G
1-PB2,1084,0,4,1233,0,1237,G
1-PB2,1085,1166,0,1,0,1167,A
1-PB2,1086,0,1,1190,0,1191,G
1-PB2,1087,0,1187,0,1,1188,T
1-PB2,1088,0,1219,0,0,1219,T
1-PB2,1089,2,0,0,1228,1230,C
1-PB2,1090,1223,0,1,0,1224,A
1-PB2,1091,3,0,2,1226,1231,C
1-PB2,1092,1216,0,1,0,1217,A
1-PB2,1093,1219,0,0,0,1219,A
1-PB2,1094,0,1213,0,0,1213,T
1-PB2,1095,1,3,1189,0,1193,G
1-PB2,1096,0,0,1199,0,1199,G
1-PB2,1097,0,1160,0,0,1160,T
1-PB2,1098,0,3,1159,0,1162,G
1-PB2,1099,1,0,1161,0,1162,G
1-PB2,1100,0,1,1161,0,1162,G
1-PB2,1101,0,0,1172,0,1172,G
1-PB2,1102,1171,0,0,0,1171,A
1-PB2,1103,1175,0,0,0,1175,A
1-PB2,1104,1166,0,0,0,1166,A
1-PB2,1105,1125,0,3,0,1128,A
1-PB2,1106,0,0,1151,0,1151,G
1-PB2,1107,1145,0,1,0,1146,A
1-PB2,1108,0,0,1151,1,1152,G
1-PB2,1109,4,0,4,1149,1157,C
1-PB2,1110,1149,0,1,0,1150,A
1-PB2,1111,1158,0,1,0,1159,A
1-PB2,1112,3,0,2,1196,1201,C
1-PB2,1113,1193,0,0,0,1193,A
1-PB2,1114,0,1,1219,0,1220,G
1-PB2,1115,5,1,0,1202,1208,C
1-PB2,1116,0,1211,0,2,1213,T
1-PB2,1117,1271,0,1,0,1272,A
1-PB2,1118,0,1265,0,0,1265,T
1-PB2,1119,1269,0,0,0,1269,A
1-PB2,1120,4,1,1,1266,1272,C
1-PB2,1121,0,1216,0,0,1216,T
1-PB2,1122,1219,0,0,0,1219,A
1-PB2,1123,1195,0,1,0,1196,A
1-PB2,1124,1,3,1206,1,1211,G
1-PB2,1125,1204,0,0,0,1204,A
1-PB2,1126,1184,0,1,0,1185,A
1-PB2,1127,1186,0,0,0,1186,A
1-PB2,1128,1185,0,2,0,1187,A
1-PB2,1129,1,1,1192,1,1195,G
1-PB2,1130,10,0,0,1183,1193,C
1-PB2,1131,1195,0,1,0,1196,A
1-PB2,1132,1192,0,2,2,1196,A
1-PB2,1133,0,0,1,1210,1211,C
1-PB2,1134,5,0,0,1199,1204,C
1-PB2,1135,1210,0,0,0,1210,A
1-PB2,1136,1,0,1210,1,1212,G
1-PB2,1137,1207,0,0,0,1207,A
1-PB2,1138,1209,0,2,0,1211,A
1-PB2,1139,0,3,1213,1,1217,G
1-PB2,1140,1213,0,0,1,1214,A
1-PB2,1141,0,1216,0,0,1216,T
1-PB2,1142,0,1199,0,0,1199,T
1-PB2,1143,0,6,1202,0,1208,G
1-PB2,1144,1,0,1225,0,1226,G
1-PB2,1145,0,1227,0,0,1227,T
1-PB2,1146,0,1218,0,1,1219,T
1-PB2,1147,5,0,0,1224,1229,C
1-PB2,1148,1233,0,1,0,1234,A
1-PB2,1149,1,1,1289,0,1291,G
1-PB2,1150,0,1,1,1303,1305,C
1-PB2,1151,0,1291,0,1,1292,T
1-PB2,1152,1,1,4,1305,1311,C
1-PB2,1153,1292,0,0,0,1292,A
1-PB2,1154,0,1288,0,1,1289,T
1-PB2,1155,1289,0,3,0,1292,A
1-PB2,1156,0,2,1295,3,1300,G
1-PB2,1157,0,1255,0,0,1255,T
1-PB2,1158,2,4,1247,0,1253,G
1-PB2,1159,1217,0,3,0,1220,A
1-PB2,1160,0,1,1241,0,1242,G
1-PB2,1161,0,1222,0,1,1223,T
1-PB2,1162,1,4,1214,0,1219,G
1-PB2,1163,1,2,1209,2,1214,G
1-PB2,1164,1203,0,0,0,1203,A
1-PB2,1165,1195,0,0,0,1195,A
1-PB2,1166,0,3,1202,0,1205,G
1-PB2,1167,1158,0,2,0,1160,A
1-PB2,1168,1,1,1173,0,1175,G
1-PB2,1169,1162,1,0,0,1163,A
1-PB2,1170,0,1,1,1167,1169,C
1-PB2,1171,0,1,1166,0,1167,G
1-PB2,1172,1152,0,1,1,1154,A
1-PB2,1173,1162,0,1,0,1163,A
1-PB2,1174,12,1,3,1160,1176,C
1-PB2,1175,1171,0,0,0,1171,A
1-PB2,1176,1,1,1224,2,1228,G
1-PB2,1177,0,1230,0,2,1232,T
1-PB2,1178,1,1,2,1228,1232,C
1-PB2,1179,1231,0,3,0,1234,A
1-PB2,1180,1233,0,1,0,1234,A
1-PB2,1181,0,1237,0,0,1237,T
1-PB2,1182,1235,0,0,0,1235,A
1-PB2,1183,0,2,1232,2,1236,G
1-PB2,1184,0,0,0,1232,1232,C
1-PB2,1185,0,0,0,1214,1214,C
1-PB2,1186,0,2,1208,0,1210,G
1-PB2,1187,1208,0,0,0,1208,A
1-PB2,1188,1208,0,3,0,1211,A
1-PB2,1189,0,1,1222,2,1225,G
1-PB2,1190,1,1,2,1252,1256,C
1-PB2,1191,1256,0,1,0,1257,A
1-PB2,1192,1257,0,1,0,1258,A
1-PB2,1193,0,1259,0,0,1259,T
1-PB2,1194,1262,0,1,0,1263,A
1-PB2,1195,1275,0,0,0,1275,A
1-PB2,1196,0,1268,0,1,1269,T
1-PB2,1197,1,1,0,1258,1260,C
1-PB2,1198,2,0,1255,0,1257,G
1-PB2,1199,0,1230,0,3,1233,T
1-PB2,1200,2,2,1214,0,1218,G
1-PB2,1201,0,1,1230,0,1231,G
1-PB2,1202,0,0,0,1228,1228,C
1-PB2,1203,2,0,0,1230,1232,C
1-PB2,1204,1211,0,1,0,1212,A
1-PB2,1205,0,1216,0,0,1216,T
1-PB2,1206,1,2,1216,0,1219,G
1-PB2,1207,0,1,1230,0,1231,G
1-PB2,1208,1,1195,0,0,1196,T
1-PB2,1209,2,1,1240,1,1244,G
1-PB2,1210,0,1212,0,3,1215,T
1-PB2,1211,0,1240,0,0,1240,T
1-PB2,1212,0,1234,0,0,1234,T
1-PB2,1213,0,1238,0,1,1239,T
1-PB2,1214,2,0,0,1256,1258,C
1-PB2,1215,1263,0,0,0,1263,A
1-PB2,1216,0,0,3,1302,1305,C
1-PB2,1217,1285,0,1,0,1286,A
1-PB2,1218,1290,0,1,0,1291,A
1-PB2,1219,1,4,1291,2,1298,G
1-PB2,1220,1277,0,0,1,1278,A
1-PB2,1221,27,2,1269,0,1298,G
1-PB2,1222,1,0,1303,1,1305,G
1-PB2,1223,1286,0,0,0,1286,A
1-PB2,1224,0,1284,0,2,1286,T
1-PB2,1225,0,1268,0,0,1268,T
1-PB2,1226,1,2,1271,1,1275,G
1-PB2,1227,5,2,2,1240,1249,C
1-PB2,1228,1261,1,0,1,1263,A
1-PB2,1229,0,1265,0,0,1265,T
1-PB2,1230,1,0,1315,0,1316,G
1-PB2,1231,1311,0,2,1,1314,A
1-PB2,1232,0,1322,0,0,1322,T
1-PB2,1233,1314,0,1,0,1315,A
1-PB2,1234,1325,0,0,0,1325,A
1-PB2,1235,1313,0,0,0,1313,A
1-PB2,1236,1314,0,2,0,1316,A
1-PB2,1237,0,2,1319,2,1323,G
1-PB2,1238,2,0,0,1355,1357,C
1-PB2,1239,1375,0,1,0,1376,A
1-PB2,1240,0,3,1433,6,1442,G
1-PB2,1241,0,1434,0,5,1439,T
1-PB2,1242,0,1445,0,0,1445,T
1-PB2,1243,1438,0,0,0,1438,A
1-PB2,1244,0,5,1446,7,1458,G
1-PB2,1245,1447,0,4,0,1451,A
1-PB2,1246,0,0,1456,1,1457,G
1-PB2,1247,1,3,1445,0,1449,G
1-PB2,1248,0,1359,0,0,1359,T
1-PB2,1249,1,6,1354,0,1361,G
1-PB2,1250,1356,0,0,0,1356,A
1-PB2,1251,0,1343,0,1,1344,T
1-PB2,1252,2,0,2,1391,1395,C
1-PB2,1253,0,1397,0,1,1398,T
1-PB2,1254,0,4,1395,0,1399,G
1-PB2,1255,1396,0,1,1,1398,A
1-PB2,1256,1396,0,0,2,1398,A
1-PB2,1257,1,1405,0,1,1407,T
1-PB2,1258,0,1402,0,1,1403,T
1-PB2,1259,0,1418,0,1,1419,T
1-PB2,1260,1,0,0,1425,1426,C
1-PB2,1261,0,1,1433,1,1435,G
1-PB2,1262,0,1431,0,1,1432,T
1-PB2,1263,3,2,2,1438,1445,C
1-PB2,1264,1449,0,0,0,1449,A
1-PB2,1265,1444,0,0,0,1444,A
1-PB2,1266,3,1,2,1444,1450,C
1-PB2,1267,1436,0,1,0,1437,A
1-PB2,1268,0,2,1456,1,1459,G
1-PB2,1269,1437,0,2,0,1439,A
1-PB2,1270,2,2,1454,0,1458,G
1-PB2,1271,0,1,1,1454,1456,C
1-PB2,1272,1464,0,0,0,1464,A
1-PB2,1273,1488,0,1,0,1489,A
1-PB2,1274,1483,0,0,0,1483,A
1-PB2,1275,1,1481,0,0,1482,T
1-PB2,1276,0,1,0,1483,1484,C
1-PB2,1277,1468,0,1,0,1469,A
1-PB2,1278,0,1,1466,1,1468,G
1-PB2,1279,1,0,0,1463,1464,C
1-PB2,1280,1,2,1470,1,1474,G
1-PB2,1281,0,0,1564,1,1565,G
1-PB2,1282,0,1550,0,0,1550,T
1-PB2,1283,0,1553,0,1,1554,T
1-PB2,1284,0,1,1561,1,1563,G
1-PB2,1285,1560,0,4,1,1565,A
1-PB2,1286,1609,0,2,0,1611,A
1-PB2,1287,1,2,0,1631,1634,C
1-PB2,1288,1,0,1,1627,1629,C
1-PB2,1289,1,1,0,1661,1663,C
1-PB2,1290,5,3,0,1609,1617,C
1-PB2,1291,1635,0,0,0,1635,A
1-PB2,1292,0,1639,0,1,1640,T
1-PB2,1293,2,8,1645,7,1662,G
1-PB2,1294,5,1,1,1655,1662,C
1-PB2,1295,1670,0,0,0,1670,A
1-PB2,1296,1,1650,0,2,1653,T
1-PB2,1297,5,2,2,1646,1655,C
1-PB2,1298,1634,0,0,0,1634,A
1-PB2,1299,0,1,1659,0,1660,G
1-PB2,1300,1,1,1,1663,1666,C
1-PB2,1301,0,1677,0,2,1679,T
1-PB2,1302,0,1675,0,0,1675,T
1-PB2,1303,0,1667,0,0,1667,T
1-PB2,1304,0,1672,0,0,1672,T
1-PB2,1305,1667,0,0,0,1667,A
1-PB2,1306,1668,0,1,0,1669,A
1-PB2,1307,1,2,1666,0,1669,G
1-PB2,1308,1,0,1656,0,1657,G
1-PB2,1309,0,1,1,1644,1646,C
1-PB2,1310,1644,0,0,0,1644,A
1-PB2,1311,0,1660,0,0,1660,T
1-PB2,1312,0,1673,0,2,1675,T
1-PB2,1313,0,1680,0,0,1680,T
1-PB2,1314,1,1678,0,1,1680,T
1-PB2,1315,1,1,0,1679,1681,C
1-PB2,1316,1682,0,3,0,1685,A
1-PB2,1317,0,2,1682,2,1686,G
1-PB2,1318,1678,0,0,0,1678,A
1-PB2,1319,1683,0,0,0,1683,A
1-PB2,1320,1678,0,0,0,1678,A
1-PB2,1321,0,5,1675,2,1682,G
1-PB2,1322,1696,0,0,0,1696,A
1-PB2,1323,0,1692,1,1,1694,T
1-PB2,1324,1,3,1695,2,1701,G
1-PB2,1325,3,1,0,1684,1688,C
1-PB2,1326,1,1,1699,1,1702,G
1-PB2,1327,1688,0,4,0,1692,A
1-PB2,1328,1702,0,0,0,1702,A
1-PB2,1329,1694,0,2,0,1696,A
1-PB2,1330,0,1,1696,0,1697,G
1-PB2,1331,0,1664,0,3,1667,T
1-PB2,1332,1,3,1663,1,1668,G
1-PB2,1333,2,1,0,1662,1665,C
1-PB2,1334,0,1662,0,2,1664,T
1-PB2,1335,0,1662,0,1,1663,T
1-PB2,1336,0,1669,0,0,1669,T
1-PB2,1337,0,1666,0,1,1667,T
1-PB2,1338,0,1656,0,3,1659,T
1-PB2,1339,1,1,0,1668,1670,C
1-PB2,1340,1666,1,2,0,1669,A
1-PB2,1341,1674,0,1,0,1675,A
1-PB2,1342,1660,0,0,0,1660,A
1-PB2,1343,1672,0,0,0,1672,A
1-PB2,1344,0,1670,0,0,1670,T
1-PB2,1345,0,1675,0,0,1675,T
1-PB2,1346,2,1,1672,0,1675,G
1-PB2,1347,0,3,1672,1,1676,G
1-PB2,1348,0,4,1669,0,1673,G
1-PB2,1349,0,1,1693,1,1695,G
1-PB2,1350,1679,0,5,0,1684,A
1-PB2,1351,0,1,1712,0,1713,G
1-PB2,1352,0,1699,0,1,1700,T
1-PB2,1353,0,1680,0,2,1682,T
1-PB2,1354,4,4,1697,2,1707,G
1-PB2,1355,1695,0,6,0,1701,A
1-PB2,1356,1706,1,0,0,1707,A
1-PB2,1357,7,0,0,1755,1762,C
1-PB2,1358,1726,0,2,0,1728,A
1-PB2,1359,5,0,1,1787,1793,C
1-PB2,1360,1761,0,2,0,1763,A
1-PB2,1361,1,1771,0,4,1776,T
1-PB2,1362,1,0,2,1785,1788,C
1-PB2,1363,2,4,1775,3,1784,G
1-PB2,1364,1779,1,1,0,1781,A
1-PB2,1365,3,1,0,1770,1774,C
1-PB2,1366,1725,0,0,0,1725,A
1-PB2,1367,0,3,1768,0,1771,G
1-PB2,1368,0,1716,0,0,1716,T
1-PB2,1369,2,3,1750,0,1755,G
1-PB2,1370,1,1744,1,0,1746,T
1-PB2,1371,0,3,1750,2,1755,G
1-PB2,1372,1749,0,4,0,1753,A
1-PB2,1373,0,1740,0,0,1740,T
1-PB2,1374,2,4,1724,2,1732,G
1-PB2,1375,0,2,1726,0,1728,G
1-PB2,1376,0,3,1703,1,1707,G
1-PB2,1377,1671,0,1,0,1672,A
1-PB2,1378,1664,0,2,0,1666,A
1-PB2,1379,0,1645,0,0,1645,T
1-PB2,1380,1,2,1654,1,1658,G
1-PB2,1381,1646,0,1,0,1647,A
1-PB2,1382,0,1641,0,0,1641,T
1-PB2,1383,0,1644,0,0,1644,T
1-PB2,1384,0,2,1635,0,1637,G
1-PB2,1385,1,4,1673,1,1679,G
1-PB2,1386,1663,0,1,0,1664,A
1-PB2,1387,0,1,1677,1,1679,G
1-PB2,1388,0,1652,0,0,1652,T
1-PB2,1389,1667,0,0,0,1667,A
1-PB2,1390,0,1690,0,0,1690,T
1-PB2,1391,0,1706,0,0,1706,T
1-PB2,1392,1726,0,1,0,1727,A
1-PB2,1393,2,1,0,1729,1732,C
1-PB2,1394,1,1,0,1719,1721,C
1-PB2,1395,1692,0,1,0,1693,A
1-PB2,1396,1,4,1693,1,1699,G
1-PB2,1397,1737,0,0,0,1737,A
1-PB2,1398,0,1727,0,0,1727,T
1-PB2,1399,1726,0,1,0,1727,A
1-PB2,1400,0,1711,0,0,1711,T
1-PB2,1401,2,7,1694,3,1706,G
1-PB2,1402,1728,0,3,0,1731,A
1-PB2,1403,0,2,0,1748,1750,C
1-PB2,1404,0,1742,0,2,1744,T
1-PB2,1405,3,0,0,1750,1753,C
1-PB2,1406,9,2,1,1722,1734,C
1-PB2,1407,1746,0,0,0,1746,A
1-PB2,1408,1782,0,1,0,1783,A
1-PB2,1409,0,0,1844,3,1847,G
1-PB2,1410,8,1,3,1829,1841,C
1-PB2,1411,1838,0,3,0,1841,A
1-PB2,1412,7,1,1,1834,1843,C
1-PB2,1413,1830,0,3,0,1833,A
1-PB2,1414,3,3,1828,6,1840,G
1-PB2,1415,1834,0,1,0,1835,A
1-PB2,1416,1,2,1859,0,1862,G
1-PB2,1417,1875,0,4,0,1879,A
1-PB2,1418,0,1817,0,3,1820,T
1-PB2,1419,0,3,1850,1,1854,G
1-PB2,1420,0,1829,0,2,1831,T
1-PB2,1421,4,2,2,1828,1836,C
1-PB2,1422,1848,0,0,0,1848,A
1-PB2,1423,1849,0,0,0,1849,A
1-PB2,1424,0,1847,0,0,1847,T
1-PB2,1425,4,3,1838,4,1849,G
1-PB2,1426,1824,0,3,0,1827,A
1-PB2,1427,1,2,1829,2,1834,G
1-PB2,1428,1799,0,2,0,1801,A
1-PB2,1429,2,0,1808,0,1810,G
1-PB2,1430,0,1,1892,0,1893,G
1-PB2,1431,1869,0,0,0,1869,A
1-PB2,1432,1878,0,0,0,1878,A
1-PB2,1433,0,1871,0,0,1871,T
1-PB2,1434,1858,0,1,0,1859,A
1-PB2,1435,1858,0,2,0,1860,A
1-PB2,1436,1,4,1872,1,1878,G
1-PB2,1437,1863,0,1,0,1864,A
1-PB2,1438,0,2,1865,1,1868,G
1-PB2,1439,1,1762,0,1,1764,T
1-PB2,1440,5,1,2,1770,1778,C
1-PB2,1441,1763,0,5,0,1768,A
1-PB2,1442,0,3,1780,0,1783,G
1-PB2,1443,7,0,2,1784,1793,C
1-PB2,1444,1785,0,1,0,1786,A
1-PB2,1445,1798,0,0,0,1798,A
1-PB2,1446,1789,0,0,0,1789,A
1-PB2,1447,1795,0,2,0,1797,A
1-PB2,1448,0,1781,0,0,1781,T
1-PB2,1449,0,3,1794,0,1797,G
1-PB2,1450,1,0,1796,0,1797,G
1-PB2,1451,0,1,1804,1,1806,G
1-PB2,1452,0,1780,0,1,1781,T
1-PB2,1453,0,2,1781,2,1785,G
1-PB2,1454,0,1769,0,1,1770,T
1-PB2,1455,0,7,1752,2,1761,G
1-PB2,1456,0,0,1791,1,1792,G
1-PB2,1457,1798,0,0,0,1798,A
1-PB2,1458,0,1752,0,0,1752,T
1-PB2,1459,0,3,1764,1,1768,G
1-PB2,1460,1712,0,1,0,1713,A
1-PB2,1461,1733,0,1,0,1734,A
1-PB2,1462,0,1731,0,0,1731,T
1-PB2,1463,1737,0,1,0,1738,A
1-PB2,1464,1,0,2,1888,1891,C
1-PB2,1465,0,1848,0,1,1849,T
1-PB2,1466,1,1,1,1862,1865,C
1-PB2,1467,6,1,3,1866,1876,C
1-PB2,1468,1925,0,1,0,1926,A
1-PB2,1469,2,3,2005,5,2015,G
1-PB2,1470,0,2007,0,1,2008,T
1-PB2,1471,2023,0,0,0,2023,A
1-PB2,1472,6,0,5,2016,2027,C
1-PB2,1473,1862,0,0,0,1862,A
1-PB2,1474,4,0,1865,6,1875,G
1-PB2,1475,1843,0,3,0,1846,A
1-PB2,1476,0,2,1842,3,1847,G
1-PB2,1477,1800,0,3,0,1803,A
1-PB2,1478,2,0,1752,0,1754,G
1-PB2,1479,0,1,1719,0,1720,G
1-PB2,1480,0,0,1713,0,1713,G
1-PB2,1481,0,1655,0,1,1656,T
1-PB2,1482,0,4,1650,1,1655,G
1-PB2,1483,0,0,1666,0,1666,G
1-PB2,1484,0,1623,0,2,1625,T
1-PB2,1485,2,7,1669,0,1678,G
1-PB2,1486,1,0,1671,0,1672,G
1-PB2,1487,0,1627,1,0,1628,T
1-PB2,1488,8,3,1,1565,1577,C
1-PB2,1489,1585,0,1,0,1586,A
1-PB2,1490,0,1,1601,0,1602,G
1-PB2,1491,2,0,0,1602,1604,C
1-PB2,1492,1598,0,0,0,1598,A
1-PB2,1493,0,1596,0,0,1596,T
1-PB2,1494,0,1558,0,0,1558,T
1-PB2,1495,0,2,1554,1,1557,G
1-PB2,1496,1541,1,2,0,1544,A
1-PB2,1497,0,1548,0,3,1551,T
1-PB2,1498,4,0,0,1554,1558,C
1-PB2,1499,0,1,1538,0,1539,G
1-PB2,1500,1524,0,1,0,1525,A
1-PB2,1501,0,1557,0,1,1558,T
1-PB2,1502,0,1564,0,1,1565,T
1-PB2,1503,0,1562,0,0,1562,T
1-PB2,1504,0,1559,0,0,1559,T
1-PB2,1505,0,1555,0,0,1555,T
1-PB2,1506,1,2,1558,0,1561,G
1-PB2,1507,1557,0,1,0,1558,A
1-PB2,1508,1,1,1557,1,1560,G
1-PB2,1509,1512,0,2,0,1514,A
1-PB2,1510,0,0,1540,0,1540,G
1-PB2,1511,0,1536,0,0,1536,T
1-PB2,1512,0,1531,0,1,1532,T
1-PB2,1513,1,0,0,1537,1538,C
1-PB2,1514,2,1,1536,0,1539,G
1-PB2,1515,1550,0,2,0,1552,A
1-PB2,1516,1,3,1553,0,1557,G
1-PB2,1517,1547,0,1,0,1548,A
1-PB2,1518,0,0,0,1548,1548,C
1-PB2,1519,6,1,1,1534,1542,C
1-PB2,1520,1521,0,2,0,1523,A
1-PB2,1521,1544,0,0,0,1544,A
1-PB2,1522,2,0,1,1544,1547,C
1-PB2,1523,1,0,1551,0,1552,G
1-PB2,1524,0,1543,0,1,1544,T
1-PB2,1525,1,2,1543,0,1546,G
1-PB2,1526,0,1,1553,0,1554,G
1-PB2,1527,1,1,1556,0,1558,G
1-PB2,1528,1539,1,1,0,1541,A
1-PB2,1529,1546,0,0,0,1546,A
1-PB2,1530,0,1442,0,0,1442,T
1-PB2,1531,2,1,1491,0,1494,G
1-PB2,1532,0,1472,0,0,1472,T
1-PB2,1533,1478,0,0,0,1478,A
1-PB2,1534,0,1480,0,1,1481,T
1-PB2,1535,0,1452,0,0,1452,T
1-PB2,1536,1480,0,0,0,1480,A
1-PB2,1537,0,1471,0,0,1471,T
1-PB2,1538,0,1470,0,0,1470,T
1-PB2,1539,1465,0,0,0,1465,A
1-PB2,1540,0,1328,0,3,1331,T
1-PB2,1541,3,0,1,1407,1411,C
1-PB2,1542,0,1399,0,0,1399,T
1-PB2,1543,4,1,1,1407,1413,C
1-PB2,1544,3,0,0,1413,1416,C
1-PB2,1545,0,1374,0,0,1374,T
1-PB2,1546,3,2,1368,7,1380,G
1-PB2,1547,1369,0,1,0,1370,A
1-PB2,1548,0,0,1369,1,1370,G
1-PB2,1549,1,0,1358,0,1359,G
1-PB2,1550,1224,0,1,0,1225,A
1-PB2,1551,0,1,1231,0,1232,G
1-PB2,1552,0,0,1231,0,1231,G
1-PB2,1553,0,1154,0,2,1156,T
1-PB2,1554,4,1,2,1156,1163,C
1-PB2,1555,1144,0,1,0,1145,A
1-PB2,1556,0,2,1156,0,1158,G
1-PB2,1557,0,1155,0,2,1157,T
1-PB2,1558,1,6,1154,1,1162,G
1-PB2,1559,1157,0,0,1,1158,A
1-PB2,1560,1112,0,2,0,1114,A
1-PB2,1561,2,1,1078,1,1082,G
1-PB2,1562,10,0,0,1094,1104,C
1-PB2,1563,1113,0,1,0,1114,A
1-PB2,1564,1,0,4,1106,1111,C
1-PB2,1565,1080,0,1,0,1081,A
1-PB2,1566,0,0,1092,0,1092,G
1-PB2,1567,0,1,1094,0,1095,G
1-PB2,1568,0,0,1100,0,1100,G
1-PB2,1569,1086,0,0,1,1087,A
1-PB2,1570,1076,0,1,0,1077,A
1-PB2,1571,3,0,2,1079,1084,C
1-PB2,1572,0,1054,0,1,1055,T
1-PB2,1573,1,2,1054,0,1057,G
1-PB2,1574,1045,0,0,1,1046,A
1-PB2,1575,1,2,1040,1,1044,G
1-PB2,1576,1018,0,2,0,1020,A
1-PB2,1577,0,1,981,0,982,G
1-PB2,1578,959,0,4,0,963,A
1-PB2,1579,0,1,0,959,960,C
1-PB2,1580,0,914,0,0,914,T
1-PB2,1581,0,3,945,1,949,G
1-PB2,1582,926,0,4,0,930,A
1-PB2,1583,1,0,3,926,930,C
1-PB2,1584,932,0,0,0,932,A
1-PB2,1585,929,0,0,0,929,A
1-PB2,1586,0,917,0,1,918,T
1-PB2,1587,924,0,1,0,925,A
1-PB2,1588,920,0,0,0,920,A
1-PB2,1589,0,0,0,930,930,C
1-PB2,1590,0,892,0,2,894,T
1-PB2,1591,0,889,0,0,889,T
1-PB2,1592,884,0,0,0,884,A
1-PB2,1593,0,886,0,1,887,T
1-PB2,1594,0,879,0,2,881,T
1-PB2,1595,3,0,0,879,882,C
1-PB2,1596,845,0,0,0,845,A
1-PB2,1597,0,844,0,0,844,T
1-PB2,1598,1,0,0,814,815,C
1-PB2,1599,0,0,815,0,815,G
1-PB2,1600,0,826,0,1,827,T
1-PB2,1601,0,0,3,821,824,C
1-PB2,1602,0,2,822,0,824,G
1-PB2,1603,826,0,0,0,826,A
1-PB2,1604,0,821,0,2,823,T
1-PB2,1605,0,1,823,1,825,G
1-PB2,1606,830,0,1,0,831,A
1-PB2,1607,0,826,0,0,826,T
1-PB2,1608,0,2,823,2,827,G
1-PB2,1609,0,808,0,0,808,T
1-PB2,1610,0,0,802,0,802,G
1-PB2,1611,0,1,798,1,800,G
1-PB2,1612,0,1,804,0,805,G
1-PB2,1613,771,0,0,0,771,A
1-PB2,1614,0,1,784,0,785,G
1-PB2,1615,718,0,3,0,721,A
1-PB2,1616,0,696,0,0,696,T
1-PB2,1617,0,689,0,0,689,T
1-PB2,1618,686,0,1,0,687,A
1-PB2,1619,683,0,0,0,683,A
1-PB2,1620,0,0,0,679,679,C
1-PB2,1621,0,0,669,0,669,G
1-PB2,1622,0,0,686,1,687,G
1-PB2,1623,1,672,0,1,674,T
1-PB2,1624,0,0,0,670,670,C
1-PB2,1625,1,0,0,667,668,C
1-PB2,1626,0,667,0,0,667,T
1-PB2,1627,0,1,669,2,672,G
1-PB2,1628,678,0,0,0,678,A
1-PB2,1629,0,0,682,0,682,G
1-PB2,1630,0,675,0,0,675,T
1-PB2,1631,1,1,0,650,652,C
1-PB2,1632,1,1,643,0,645,G
1-PB2,1633,0,1,654,0,655,G
1-PB2,1634,0,648,0,3,651,T
1-PB2,1635,0,648,0,0,648,T
1-PB2,1636,0,649,0,1,650,T
1-PB2,1637,0,649,0,0,649,T
1-PB2,1638,2,3,666,0,671,G
1-PB2,1639,0,0,676,0,676,G
1-PB2,1640,0,677,0,2,679,T
1-PB2,1641,0,1,0,675,676,C
1-PB2,1642,659,0,0,0,659,A
1-PB2,1643,711,0,0,0,711,A
1-PB2,1644,0,720,0,1,721,T
1-PB2,1645,712,1,0,0,713,A
1-PB2,1646,0,1,0,747,748,C
1-PB2,1647,1,0,0,734,735,C
1-PB2,1648,0,728,0,1,729,T
1-PB2,1649,739,0,0,0,739,A
1-PB2,1650,0,740,0,1,741,T
1-PB2,1651,2,0,3,739,744,C
1-PB2,1652,722,0,0,0,722,A
1-PB2,1653,719,0,1,0,720,A
1-PB2,1654,0,717,0,1,718,T
1-PB2,1655,0,3,699,0,702,G
1-PB2,1656,0,0,706,0,706,G
1-PB2,1657,698,0,2,0,700,A
1-PB2,1658,0,690,0,1,691,T
1-PB2,1659,1,0,0,685,686,C
1-PB2,1660,680,0,0,0,680,A
1-PB2,1661,0,679,0,0,679,T
1-PB2,1662,0,1,3,672,676,C
1-PB2,1663,678,0,1,0,679,A
1-PB2,1664,0,1,683,0,684,G
1-PB2,1665,684,0,0,0,684,A
1-PB2,1666,683,0,0,0,683,A
1-PB2,1667,686,0,0,0,686,A
1-PB2,1668,0,688,0,0,688,T
1-PB2,1669,0,689,0,1,690,T
1-PB2,1670,0,2,682,0,684,G
1-PB2,1671,0,1,677,0,678,G
1-PB2,1672,0,0,676,1,677,G
1-PB2,1673,684,0,1,0,685,A
1-PB2,1674,684,0,0,0,684,A
1-PB2,1675,1,1,673,0,675,G
1-PB2,1676,0,0,0,682,682,C
1-PB2,1677,0,665,0,0,665,T
1-PB2,1678,1,0,677,0,678,G
1-PB2,1679,0,676,0,0,676,T
1-PB2,1680,0,0,0,676,676,C
1-PB2,1681,677,0,0,0,677,A
1-PB2,1682,675,0,1,0,676,A
1-PB2,1683,681,0,0,0,681,A
1-PB2,1684,677,0,1,0,678,A
1-PB2,1685,0,675,0,0,675,T
1-PB2,1686,0,2,0,664,666,C
1-PB2,1687,1,0,0,680,681,C
1-PB2,1688,675,0,0,0,675,A
1-PB2,1689,676,0,1,0,677,A
1-PB2,1690,0,673,0,0,673,T
1-PB2,1691,1,3,693,1,698,G
1-PB2,1692,0,0,710,0,710,G
1-PB2,1693,0,709,0,1,710,T
1-PB2,1694,0,1,0,716,717,C
1-PB2,1695,0,714,0,0,714,T
1-PB2,1696,0,0,0,723,723,C
1-PB2,1697,722,0,1,0,723,A
1-PB2,1698,0,0,725,0,725,G
1-PB2,1699,723,0,0,0,723,A
1-PB2,1700,727,0,0,0,727,A
1-PB2,1701,0,715,0,0,715,T
1-PB2,1702,2,0,1,715,718,C
1-PB2,1703,0,1,0,725,726,C
1-PB2,1704,0,729,0,0,729,T
1-PB2,1705,1,7,717,0,725,G
1-PB2,1706,0,1,2,728,731,C
1-PB2,1707,726,0,0,0,726,A
1-PB2,1708,741,0,1,0,742,A
1-PB2,1709,0,730,0,0,730,T
1-PB2,1710,0,1,754,0,755,G
1-PB2,1711,0,753,0,0,753,T
1-PB2,1712,0,731,0,0,731,T
1-PB2,1713,1,1,740,4,746,G
1-PB2,1714,0,741,0,2,743,T
1-PB2,1715,744,0,1,0,745,A
1-PB2,1716,2,1,3,737,743,C
1-PB2,1717,735,0,0,0,735,A
1-PB2,1718,737,0,0,0,737,A
1-PB2,1719,0,0,0,735,735,C
1-PB2,1720,715,0,0,0,715,A
1-PB2,1721,709,0,0,0,709,A
1-PB2,1722,698,0,0,0,698,A
1-PB2,1723,695,0,1,0,696,A
1-PB2,1724,0,689,0,0,689,T
1-PB2,1725,0,0,693,0,693,G
1-PB2,1726,1,0,697,0,698,G
1-PB2,1727,696,0,0,0,696,A
1-PB2,1728,702,0,0,0,702,A
1-PB2,1729,0,702,0,0,702,T
1-PB2,1730,0,701,0,0,701,T
1-PB2,1731,0,701,0,0,701,T
1-PB2,1732,1,0,697,0,698,G
1-PB2,1733,703,0,2,0,705,A
1-PB2,1734,701,0,0,0,701,A
1-PB2,1735,1,0,0,704,705,C
1-PB2,1736,2,0,0,695,697,C
1-PB2,1737,708,0,0,0,708,A
1-PB2,1738,0,719,0,1,720,T
1-PB2,1739,0,721,0,1,722,T
1-PB2,1740,0,722,0,0,722,T
1-PB2,1741,0,0,0,723,723,C
1-PB2,1742,723,0,0,0,723,A
1-PB2,1743,721,1,0,0,722,A
1-PB2,1744,0,717,0,0,717,T
1-PB2,1745,2,0,0,731,733,C
1-PB2,1746,0,717,0,3,720,T
1-PB2,1747,0,730,0,0,730,T
1-PB2,1748,0,731,0,0,731,T
1-PB2,1749,737,0,0,0,737,A
1-PB2,1750,0,0,754,0,754,G
1-PB2,1751,0,756,0,1,757,T
1-PB2,1752,0,1,0,784,785,C
1-PB2,1753,0,0,1,778,779,C
1-PB2,1754,0,0,0,773,773,C
1-PB2,1755,2,3,2,768,775,C
1-PB2,1756,778,0,0,0,778,A
1-PB2,1757,780,0,0,0,780,A
1-PB2,1758,0,1,786,0,787,G
1-PB2,1759,0,1,784,0,785,G
1-PB2,1760,2,0,1,779,782,C
1-PB2,1761,0,0,0,781,781,C
1-PB2,1762,786,0,0,0,786,A
1-PB2,1763,0,806,0,1,807,T
1-PB2,1764,0,805,0,1,806,T
1-PB2,1765,801,0,1,0,802,A
1-PB2,1766,0,2,803,1,806,G
1-PB2,1767,782,0,1,0,783,A
1-PB2,1768,822,0,2,0,824,A
1-PB2,1769,0,0,830,0,830,G
1-PB2,1770,1,0,1,832,834,C
1-PB2,1771,0,1,0,836,837,C
1-PB2,1772,829,0,1,0,830,A
1-PB2,1773,851,0,0,0,851,A
1-PB2,1774,0,852,0,0,852,T
1-PB2,1775,856,0,0,0,856,A
1-PB2,1776,4,0,2,854,860,C
1-PB2,1777,822,0,1,0,823,A
1-PB2,1778,2,0,822,3,827,G
1-PB2,1779,0,805,1,0,806,T
1-PB2,1780,0,0,821,0,821,G
1-PB2,1781,0,1,809,0,810,G
1-PB2,1782,0,0,820,0,820,G
1-PB2,1783,0,799,0,0,799,T
1-PB2,1784,0,783,0,0,783,T
1-PB2,1785,0,781,0,1,782,T
1-PB2,1786,1,0,783,1,785,G
1-PB2,1787,0,778,0,0,778,T
1-PB2,1788,1,0,0,778,779,C
1-PB2,1789,768,0,1,0,769,A
1-PB2,1790,0,1,776,0,777,G
1-PB2,1791,772,0,0,0,772,A
1-PB2,1792,774,0,0,0,774,A
1-PB2,1793,1,0,0,770,771,C
1-PB2,1794,0,753,0,0,753,T
1-PB2,1795,2,0,1,769,772,C
1-PB2,1796,0,775,0,0,775,T
1-PB2,1797,781,0,0,0,781,A
1-PB2,1798,0,785,0,1,786,T
1-PB2,1799,0,774,0,1,775,T
1-PB2,1800,0,765,0,1,766,T
1-PB2,1801,1,1,0,772,774,C
1-PB2,1802,773,0,1,0,774,A
1-PB2,1803,770,0,1,1,772,A
1-PB2,1804,1,0,0,772,773,C
1-PB2,1805,761,0,0,0,761,A
1-PB2,1806,774,0,0,0,774,A
1-PB2,1807,770,1,0,0,771,A
1-PB2,1808,0,780,0,0,780,T
1-PB2,1809,2,1,773,0,776,G
1-PB2,1810,767,0,2,0,769,A
1-PB2,1811,0,1,771,2,774,G
1-PB2,1812,776,0,1,0,777,A
1-PB2,1813,0,2,774,1,777,G
1-PB2,1814,777,0,2,0,779,A
1-PB2,1815,1,1,2,766,770,C
1-PB2,1816,1,2,767,1,771,G
1-PB2,1817,0,777,0,0,777,T
1-PB2,1818,785,0,0,0,785,A
1-PB2,1819,1,0,1,783,785,C
1-PB2,1820,0,777,0,0,777,T
1-PB2,1821,0,779,0,1,780,T
1-PB2,1822,1,6,773,0,780,G
1-PB2,1823,0,0,779,0,779,G
1-PB2,1824,0,0,772,0,772,G
1-PB2,1825,762,0,0,0,762,A
1-PB2,1826,0,0,1,761,762,C
1-PB2,1827,738,0,0,0,738,A
1-PB2,1828,0,737,0,0,737,T
1-PB2,1829,0,730,0,0,730,T
1-PB2,1830,0,731,0,0,731,T
1-PB2,1831,1,1,735,2,739,G
1-PB2,1832,748,0,0,0,748,A
1-PB2,1833,0,1,0,741,742,C
1-PB2,1834,742,0,1,0,743,A
1-PB2,1835,0,0,0,769,769,C
1-PB2,1836,3,0,0,770,773,C
1-PB2,1837,768,0,1,0,769,A
1-PB2,1838,0,0,1,774,775,C
1-PB2,1839,1,1,0,784,786,C
1-PB2,1840,2,0,3,777,782,C
1-PB2,1841,791,0,0,0,791,A
1-PB2,1842,3,1,796,0,800,G
1-PB2,1843,800,1,1,0,802,A
1-PB2,1844,0,833,0,0,833,T
1-PB2,1845,825,0,0,0,825,A
1-PB2,1846,815,0,0,0,815,A
1-PB2,1847,0,811,1,0,812,T
1-PB2,1848,804,0,1,0,805,A
1-PB2,1849,803,0,0,0,803,A
1-PB2,1850,786,0,0,0,786,A
1-PB2,1851,0,3,800,0,803,G
1-PB2,1852,1,0,0,797,798,C
1-PB2,1853,0,766,0,0,766,T
1-PB2,1854,0,779,0,3,782,T
1-PB2,1855,1,0,0,780,781,C
1-PB2,1856,0,775,0,1,776,T
1-PB2,1857,1,0,0,783,784,C
1-PB2,1858,0,0,0,783,783,C
1-PB2,1859,2,0,0,786,788,C
1-PB2,1860,0,786,0,1,787,T
1-PB2,1861,0,781,0,0,781,T
1-PB2,1862,0,790,0,1,791,T
1-PB2,1863,0,786,0,0,786,T
1-PB2,1864,0,2,779,2,783,G
1-PB2,1865,0,0,0,787,787,C
1-PB2,1866,768,0,2,0,770,A
1-PB2,1867,0,2,773,0,775,G
1-PB2,1868,0,0,0,773,773,C
1-PB2,1869,0,774,0,0,774,T
1-PB2,1870,0,4,784,2,790,G
1-PB2,1871,0,0,0,783,783,C
1-PB2,1872,0,770,0,5,775,T
1-PB2,1873,2,1,0,805,808,C
1-PB2,1874,3,0,0,807,810,C
1-PB2,1875,807,0,0,0,807,A
1-PB2,1876,0,1,1,810,812,C
1-PB2,1877,2,2,0,809,813,C
1-PB2,1878,817,0,0,0,817,A
1-PB2,1879,829,0,0,0,829,A
1-PB2,1880,826,0,0,0,826,A
1-PB2,1881,0,0,836,0,836,G
1-PB2,1882,3,0,3,820,826,C
1-PB2,1883,824,0,0,0,824,A
1-PB2,1884,820,0,1,0,821,A
1-PB2,1885,812,0,1,1,814,A
1-PB2,1886,1,1,825,1,828,G
1-PB2,1887,1,0,0,830,831,C
1-PB2,1888,825,0,0,0,825,A
1-PB2,1889,1,1,829,1,832,G
1-PB2,1890,816,0,1,0,817,A
1-PB2,1891,831,0,0,0,831,A
1-PB2,1892,0,834,0,0,834,T
1-PB2,1893,0,1,833,0,834,G
1-PB2,1894,0,0,1,832,833,C
1-PB2,1895,822,0,0,0,822,A
1-PB2,1896,815,0,0,1,816,A
1-PB2,1897,0,831,0,1,832,T
1-PB2,1898,0,851,0,0,851,T
1-PB2,1899,0,0,0,867,867,C
1-PB2,1900,0,857,0,3,860,T
1-PB2,1901,0,0,0,877,877,C
1-PB2,1902,0,878,0,0,878,T
1-PB2,1903,0,877,0,1,878,T
1-PB2,1904,2,0,0,878,880,C
1-PB2,1905,878,0,1,0,879,A
1-PB2,1906,1,2,0,878,881,C
1-PB2,1907,0,847,0,1,848,T
1-PB2,1908,0,5,857,1,863,G
1-PB2,1909,854,0,0,0,854,A
1-PB2,1910,3,0,1,872,876,C
1-PB2,1911,0,872,0,0,872,T
1-PB2,1912,0,2,880,3,885,G
1-PB2,1913,0,858,1,1,860,T
1-PB2,1914,1,2,863,1,867,G
1-PB2,1915,856,0,2,0,858,A
1-PB2,1916,869,0,0,0,869,A
1-PB2,1917,0,849,0,0,849,T
1-PB2,1918,0,1,845,0,846,G
1-PB2,1919,0,811,0,0,811,T
1-PB2,1920,0,0,817,1,818,G
1-PB2,1921,799,0,1,0,800,A
1-PB2,1922,0,0,800,0,800,G
1-PB2,1923,0,1,785,0,786,G
1-PB2,1924,0,1,788,0,789,G
1-PB2,1925,0,0,794,0,794,G
1-PB2,1926,792,0,0,0,792,A
1-PB2,1927,0,784,0,1,785,T
1-PB2,1928,4,0,1,785,790,C
1-PB2,1929,777,0,3,0,780,A
1-PB2,1930,0,0,793,0,793,G
1-PB2,1931,0,2,789,0,791,G
1-PB2,1932,2,0,786,0,788,G
1-PB2,1933,776,0,1,0,777,A
1-PB2,1934,0,767,0,0,767,T
1-PB2,1935,0,2,776,0,778,G
1-PB2,1936,763,0,1,0,764,A
1-PB2,1937,1,1,785,0,787,G
1-PB2,1938,781,0,2,0,783,A
1-PB2,1939,766,0,0,0,766,A
1-PB2,1940,0,753,0,0,753,T
1-PB2,1941,742,0,1,0,743,A
1-PB2,1942,0,0,0,738,738,C
1-PB2,1943,0,725,0,1,726,T
1-PB2,1944,0,2,1,717,720,C
1-PB2,1945,0,0,742,0,742,G
1-PB2,1946,0,733,0,1,734,T
1-PB2,1947,738,0,0,0,738,A
1-PB2,1948,732,0,0,0,732,A
1-PB2,1949,0,3,731,0,734,G
1-PB2,1950,0,0,724,2,726,G
1-PB2,1951,0,2,728,0,730,G
1-PB2,1952,0,1,724,0,725,G
1-PB2,1953,2,1,1,729,733,C
1-PB2,1954,725,0,0,0,725,A
1-PB2,1955,744,0,0,0,744,A
1-PB2,1956,0,749,0,0,749,T
1-PB2,1957,0,754,0,0,754,T
1-PB2,1958,1,0,0,769,770,C
1-PB2,1959,0,757,0,0,757,T
1-PB2,1960,0,0,0,775,775,C
1-PB2,1961,4,0,0,771,775,C
1-PB2,1962,0,774,0,0,774,T
1-PB2,1963,2,4,793,3,802,G
1-PB2,1964,0,793,0,0,793,T
1-PB2,1965,799,0,0,0,799,A
1-PB2,1966,0,797,0,0,797,T
1-PB2,1967,0,783,0,1,784,T
1-PB2,1968,1,1,0,790,792,C
1-PB2,1969,772,0,2,0,774,A
1-PB2,1970,791,0,0,0,791,A
1-PB2,1971,0,1,0,792,793,C
1-PB2,1972,0,780,0,0,780,T
1-PB2,1973,789,0,0,0,789,A
1-PB2,1974,0,0,0,828,828,C
1-PB2,1975,827,0,0,0,827,A
1-PB2,1976,829,0,0,0,829,A
1-PB2,1977,3,0,3,817,823,C
1-PB2,1978,820,0,0,0,820,A
1-PB2,1979,822,0,0,0,822,A
1-PB2,1980,0,3,826,0,829,G
1-PB2,1981,826,0,2,0,828,A
1-PB2,1982,0,0,1,831,832,C
1-PB2,1983,4,2,0,817,823,C
1-PB2,1984,825,0,0,1,826,A
1-PB2,1985,3,0,0,856,859,C
1-PB2,1986,0,856,0,0,856,T
1-PB2,1987,851,0,1,0,852,A
1-PB2,1988,858,0,0,0,858,A
1-PB2,1989,855,0,0,0,855,A
1-PB2,1990,852,0,1,0,853,A
1-PB2,1991,0,0,861,0,861,G
1-PB2,1992,853,0,0,0,853,A
1-PB2,1993,1,0,2,862,865,C
1-PB2,1994,0,840,0,0,840,T
1-PB2,1995,842,0,1,0,843,A
1-PB2,1996,840,0,0,0,840,A
1-PB2,1997,0,1,0,842,843,C
1-PB2,1998,841,0,0,0,841,A
1-PB2,1999,837,0,0,0,837,A
1-PB2,2000,0,827,0,0,827,T
1-PB2,2001,0,821,0,0,821,T
1-PB2,2002,0,0,0,834,834,C
1-PB2,2003,0,824,0,0,824,T
1-PB2,2004,2,1,0,830,833,C
1-PB2,2005,2,1,831,0,834,G
1-PB2,2006,0,1,834,0,835,G
1-PB2,2007,834,0,0,0,834,A
1-PB2,2008,834,0,0,0,834,A
1-PB2,2009,835,0,0,0,835,A
1-PB2,2010,826,0,2,0,828,A
1-PB2,2011,0,0,830,0,830,G
1-PB2,2012,834,0,1,0,835,A
1-PB2,2013,0,836,0,0,836,T
1-PB2,2014,0,2,837,1,840,G
1-PB2,2015,1,1,0,828,830,C
1-PB2,2016,1,0,0,833,834,C
1-PB2,2017,0,0,838,0,838,G
1-PB2,2018,1,0,829,0,830,G
1-PB2,2019,3,1,1,826,831,C
1-PB2,2020,824,0,0,0,824,A
1-PB2,2021,0,0,0,844,844,C
1-PB2,2022,0,834,0,1,835,T
1-PB2,2023,0,835,0,0,835,T
1-PB2,2024,0,838,0,1,839,T
1-PB2,2025,835,0,1,0,836,A
1-PB2,2026,837,0,1,0,838,A
1-PB2,2027,0,838,0,0,838,T
1-PB2,2028,0,835,0,0,835,T
1-PB2,2029,0,0,831,1,832,G
1-PB2,2030,814,0,0,0,814,A
1-PB2,2031,811,0,1,0,812,A
1-PB2,2032,0,1,817,2,820,G
1-PB2,2033,821,0,3,0,824,A
1-PB2,2034,0,0,0,829,829,C
1-PB2,2035,0,1,0,817,818,C
1-PB2,2036,2,0,0,815,817,C
1-PB2,2037,818,0,1,0,819,A
1-PB2,2038,0,0,819,1,820,G
1-PB2,2039,821,0,0,0,821,A
1-PB2,2040,0,825,0,0,825,T
1-PB2,2041,1,1,824,0,826,G
1-PB2,2042,812,0,1,0,813,A
1-PB2,2043,810,0,0,0,810,A
1-PB2,2044,817,0,2,0,819,A
1-PB2,2045,0,0,816,0,816,G
1-PB2,2046,0,0,1,815,816,C
1-PB2,2047,798,0,0,0,798,A
1-PB2,2048,0,0,1,808,809,C
1-PB2,2049,813,0,0,0,813,A
1-PB2,2050,0,797,0,0,797,T
1-PB2,2051,0,1,1,815,817,C
1-PB2,2052,2,1,1,814,818,C
1-PB2,2053,1,6,820,1,828,G
1-PB2,2054,0,4,820,1,825,G
1-PB2,2055,818,0,0,0,818,A
1-PB2,2056,1,1,827,0,829,G
1-PB2,2057,0,812,0,1,813,T
1-PB2,2058,0,1,793,0,794,G
1-PB2,2059,0,0,790,0,790,G
1-PB2,2060,769,0,2,0,771,A
1-PB2,2061,1,0,773,1,775,G
1-PB2,2062,0,752,0,1,753,T
1-PB2,2063,0,0,0,753,753,C
1-PB2,2064,1,0,0,742,743,C
1-PB2,2065,0,1,736,0,737,G
1-PB2,2066,0,0,0,729,729,C
1-PB2,2067,1,0,0,737,738,C
1-PB2,2068,2,0,741,0,743,G
1-PB2,2069,0,739,0,1,740,T
1-PB2,2070,0,740,0,0,740,T
1-PB2,2071,0,748,1,1,750,T
1-PB2,2072,0,748,0,0,748,T
1-PB2,2073,0,3,748,0,751,G
1-PB2,2074,742,0,0,0,742,A
1-PB2,2075,1,0,743,1,745,G
1-PB2,2076,745,0,1,0,746,A
1-PB2,2077,0,1,733,0,734,G
1-PB2,2078,0,0,732,0,732,G
1-PB2,2079,0,1,728,0,729,G
1-PB2,2080,1,718,0,0,719,T
1-PB2,2081,0,722,0,0,722,T
1-PB2,2082,0,727,0,2,729,T
1-PB2,2083,0,0,1,731,732,C
1-PB2,2084,0,733,0,2,735,T
1-PB2,2085,3,0,1,753,757,C
1-PB2,2086,749,0,0,0,749,A
1-PB2,2087,1,739,0,2,742,T
1-PB2,2088,0,742,0,0,742,T
1-PB2,2089,740,0,0,0,740,A
1-PB2,2090,0,739,0,0,739,T
1-PB2,2091,735,0,0,0,735,A
1-PB2,2092,0,2,729,2,733,G
1-PB2,2093,0,0,738,1,739,G
1-PB2,2094,1,691,0,0,692,T
1-PB2,2095,697,0,0,0,697,A
1-PB2,2096,694,0,0,0,694,A
1-PB2,2097,0,0,691,0,691,G
1-PB2,2098,0,1,689,1,691,G
1-PB2,2099,677,0,1,0,678,A
1-PB2,2100,680,0,1,0,681,A
1-PB2,2101,0,2,681,0,683,G
1-PB2,2102,653,0,0,0,653,A
1-PB2,2103,2,1,2,650,655,C
1-PB2,2104,645,0,0,0,645,A
1-PB2,2105,2,3,638,1,644,G
1-PB2,2106,644,0,0,0,644,A
1-PB2,2107,635,0,1,0,636,A
1-PB2,2108,0,0,636,0,636,G
1-PB2,2109,638,0,0,1,639,A
1-PB2,2110,0,632,0,0,632,T
1-PB2,2111,627,0,0,0,627,A
1-PB2,2112,2,0,2,631,635,C
1-PB2,2113,0,0,622,1,623,G
1-PB2,2114,0,0,638,0,638,G
1-PB2,2115,634,0,1,0,635,A
1-PB2,2116,1,0,0,629,630,C
1-PB2,2117,4,0,0,633,637,C
1-PB2,2118,614,0,1,0,615,A
1-PB2,2119,0,0,634,0,634,G
1-PB2,2120,1,0,0,633,634,C
1-PB2,2121,640,0,1,0,641,A
1-PB2,2122,0,641,0,0,641,T
1-PB2,2123,1,613,0,0,614,T
1-PB2,2124,616,0,0,0,616,A
1-PB2,2125,614,0,0,0,614,A
1-PB2,2126,0,1,614,0,615,G
1-PB2,2127,0,0,0,613,613,C
1-PB2,2128,578,0,0,0,578,A
1-PB2,2129,0,591,0,1,592,T
1-PB2,2130,1,0,2,594,597,C
1-PB2,2131,597,0,0,0,597,A
1-PB2,2132,596,0,0,0,596,A
1-PB2,2133,0,595,0,0,595,T
1-PB2,2134,0,1,596,1,598,G
1-PB2,2135,592,0,0,0,592,A
1-PB2,2136,592,0,1,0,593,A
1-PB2,2137,0,0,0,595,595,C
1-PB2,2138,0,567,0,0,567,T
1-PB2,2139,0,1,578,2,581,G
1-PB2,2140,570,0,0,0,570,A
1-PB2,2141,0,0,572,0,572,G
1-PB2,2142,1,570,0,0,571,T
1-PB2,2143,565,0,1,0,566,A
1-PB2,2144,551,0,3,0,554,A
1-PB2,2145,0,1,0,558,559,C
1-PB2,2146,1,0,0,531,532,C
1-PB2,2147,0,525,0,0,525,T
1-PB2,2148,0,512,0,1,513,T
1-PB2,2149,0,2,514,0,516,G
1-PB2,2150,0,0,2,508,510,C
1-PB2,2151,510,0,0,0,510,A
1-PB2,2152,511,0,0,0,511,A
1-PB2,2153,512,0,0,0,512,A
1-PB2,2154,502,0,0,0,502,A
1-PB2,2155,0,1,501,0,502,G
1-PB2,2156,0,0,492,0,492,G
1-PB2,2157,0,2,493,0,495,G
1-PB2,2158,1,0,498,1,500,G
1-PB2,2159,495,0,0,0,495,A
1-PB2,2160,501,0,1,0,502,A
1-PB2,2161,502,1,0,0,503,A
1-PB2,2162,500,0,3,0,503,A
1-PB2,2163,0,0,498,0,498,G
1-PB2,2164,0,0,497,0,497,G
1-PB2,2165,2,1,1,491,495,C
1-PB2,2166,0,494,0,0,494,T
1-PB2,2167,493,0,0,0,493,A
1-PB2,2168,493,0,2,0,495,A
1-PB2,2169,0,488,0,0,488,T
1-PB2,2170,1,0,491,0,492,G
1-PB2,2171,0,469,0,1,470,T
1-PB2,2172,0,0,466,0,466,G
1-PB2,2173,2,0,0,461,463,C
1-PB2,2174,0,465,0,0,465,T
1-PB2,2175,466,0,0,0,466,A
1-PB2,2176,465,0,0,0,465,A
1-PB2,2177,1,457,0,0,458,T
1-PB2,2178,2,0,0,445,447,C
1-PB2,2179,0,0,432,0,432,G
1-PB2,2180,0,0,435,0,435,G
1-PB2,2181,0,0,435,0,435,G
1-PB2,2182,1,0,2,434,437,C
1-PB2,2183,437,0,0,0,437,A
1-PB2,2184,431,0,1,0,432,A
1-PB2,2185,0,0,434,0,434,G
1-PB2,2186,0,0,435,0,435,G
1-PB2,2187,426,1,0,0,427,A
1-PB2,2188,0,1,426,0,427,G
1-PB2,2189,418,0,0,0,418,A
1-PB2,2190,3,1,1,404,409,C
1-PB2,2191,2,0,404,0,406,G
1-PB2,2192,0,397,0,0,397,T
1-PB2,2193,0,0,395,1,396,G
1-PB2,2194,0,0,401,0,401,G
1-PB2,2195,0,384,0,1,385,T
1-PB2,2196,0,0,388,0,388,G
1-PB2,2197,0,367,0,0,367,T
1-PB2,2198,0,362,0,0,362,T
1-PB2,2199,1,2,360,0,363,G
1-PB2,2200,0,0,358,0,358,G
1-PB2,2201,0,357,0,0,357,T
1-PB2,2202,343,0,1,0,344,A
1-PB2,2203,336,0,0,0,336,A
1-PB2,2204,0,300,0,0,300,T
1-PB2,2205,0,0,288,0,288,G
1-PB2,2206,285,0,0,0,285,A
1-PB2,2207,285,0,0,0,285,A
1-PB2,2208,282,0,0,0,282,A
1-PB2,2209,1,0,0,281,282,C
1-PB2,2210,0,0,278,0,278,G
1-PB2,2211,281,0,0,0,281,A
1-PB2,2212,279,0,0,0,279,A
1-PB2,2213,282,0,0,0,282,A
1-PB2,2214,279,0,0,0,279,A
1-PB2,2215,0,0,0,280,280,C
1-PB2,2216,0,0,270,0,270,G
1-PB2,2217,0,0,271,0,271,G
1-PB2,2218,0,0,273,0,273,G
1-PB2,2219,274,0,0,0,274,A
1-PB2,2220,0,0,1,272,273,C
1-PB2,2221,0,273,0,0,273,T
1-PB2,2222,1,1,1,281,284,C
1-PB2,2223,0,281,0,0,281,T
1-PB2,2224,281,0,0,0,281,A
1-PB2,2225,0,0,278,0,278,G
1-PB2,2226,3,0,0,271,274,C
1-PB2,2227,274,0,0,0,274,A
1-PB2,2228,0,272,0,0,272,T
1-PB2,2229,261,0,0,0,261,A
1-PB2,2230,0,0,0,269,269,C
1-PB2,2231,0,228,0,1,229,T
1-PB2,2232,0,227,0,0,227,T
1-PB2,2233,219,0,0,0,219,A
1-PB2,2234,0,0,0,220,220,C
1-PB2,2235,0,222,0,0,222,T
1-PB2,2236,0,0,221,0,221,G
1-PB2,2237,215,0,0,0,215,A
1-PB2,2238,1,0,1,212,214,C
1-PB2,2239,196,0,0,0,196,A
1-PB2,2240,0,2,196,0,198,G
1-PB2,2241,0,0,1,194,195,C
1-PB2,2242,1,1,0,189,191,C
1-PB2,2243,191,0,0,0,191,A
1-PB2,2244,1,0,189,0,190,G
1-PB2,2245,185,0,0,0,185,A
1-PB2,2246,2,0,0,182,184,C
1-PB2,2247,176,0,0,0,176,A
1-PB2,2248,0,0,173,0,173,G
1-PB2,2249,0,0,1,155,156,C
1-PB2,2250,0,0,158,0,158,G
1-PB2,2251,156,0,0,0,156,A
1-PB2,2252,0,0,0,156,156,C
1-PB2,2253,1,0,0,155,156,C
1-PB2,2254,155,0,0,0,155,A
1-PB2,2255,155,0,0,0,155,A
1-PB2,2256,156,0,0,0,156,A
1-PB2,2257,154,0,1,0,155,A
1-PB2,2258,0,0,155,0,155,G
1-PB2,2259,154,0,0,0,154,A
1-PB2,2260,152,0,0,0,152,A
1-PB2,2261,0,152,0,0,152,T
1-PB2,2262,0,151,0,0,151,T
1-PB2,2263,0,0,0,153,153,C
1-PB2,2264,0,0,149,0,149,G
1-PB2,2265,0,0,146,0,146,G
1-PB2,2266,149,0,0,0,149,A
1-PB2,2267,0,143,0,0,143,T
1-PB2,2268,0,0,144,0,144,G
1-PB2,2269,0,0,144,0,144,G
1-PB2,2270,0,0,0,142,142,C
1-PB2,2271,0,0,0,142,142,C
1-PB2,2272,143,0,0,0,143,A
1-PB2,2273,0,139,0,1,140,T
1-PB2,2274,0,0,0,140,140,C
1-PB2,2275,139,0,0,0,139,A
1-PB2,2276,139,0,0,0,139,A
1-PB2,2277,0,137,0,0,137,T
1-PB2,2278,0,124,0,0,124,T
1-PB2,2279,118,0,0,0,118,A
1-PB2,2280,117,0,0,0,117,A
2-PB1,1,37,0,0,0,37,A
2-PB1,2,0,37,0,0,37,T
2-PB1,3,0,0,38,0,38,G
2-PB1,4,0,0,42,0,42,G
2-PB1,5,54,0,0,0,54,A
2-PB1,6,0,58,0,0,58,T
2-PB1,7,0,0,58,0,58,G
2-PB1,8,0,58,0,0,58,T
2-PB1,9,0,0,0,71,71,C
2-PB1,10,70,0,0,0,70,A
2-PB1,11,75,0,0,0,75,A
2-PB1,12,0,75,0,0,75,T
2-PB1,13,0,0,0,76,76,C
2-PB1,14,0,0,0,79,79,C
2-PB1,15,0,0,87,0,87,G
2-PB1,16,101,0,0,0,101,A
2-PB1,17,0,0,0,106,106,C
2-PB1,18,0,107,0,0,107,T
2-PB1,19,0,0,0,137,137,C
2-PB1,20,0,137,0,0,137,T
2-PB1,21,136,0,0,0,136,A
2-PB1,22,0,0,0,135,135,C
2-PB1,23,0,136,0,0,136,T
2-PB1,24,0,0,156,3,159,G
2-PB1,25,0,163,0,0,163,T
2-PB1,26,0,161,0,0,161,T
2-PB1,27,0,1,0,160,161,C
2-PB1,28,0,0,0,160,160,C
2-PB1,29,0,181,0,0,181,T
2-PB1,30,178,0,0,0,178,A
2-PB1,31,179,0,0,0,179,A
2-PB1,32,184,0,0,0,184,A
2-PB1,33,0,0,187,0,187,G
2-PB1,34,1,0,195,0,196,G
2-PB1,35,0,194,0,0,194,T
2-PB1,36,0,194,0,1,195,T
2-PB1,37,0,0,0,197,197,C
2-PB1,38,0,0,1,194,195,C
2-PB1,39,199,0,1,0,200,A
2-PB1,40,0,0,200,0,200,G
2-PB1,41,0,0,0,201,201,C
2-PB1,42,0,0,200,0,200,G
2-PB1,43,0,0,0,204,204,C
2-PB1,44,205,0,0,0,205,A
2-PB1,45,205,0,0,0,205,A
2-PB1,46,202,0,0,0,202,A
2-PB1,47,213,0,0,0,213,A
2-PB1,48,0,216,0,0,216,T
2-PB1,49,1,0,217,0,218,G
2-PB1,50,0,0,0,216,216,C
2-PB1,51,0,0,0,221,221,C
2-PB1,52,221,0,0,0,221,A
2-PB1,53,0,222,0,0,222,T
2-PB1,54,235,0,0,0,235,A
2-PB1,55,238,0,1,0,239,A
2-PB1,56,0,0,249,0,249,G
2-PB1,57,0,0,0,249,249,C
2-PB1,58,245,0,1,0,246,A
2-PB1,59,0,0,0,260,260,C
2-PB1,60,255,0,0,0,255,A
2-PB1,61,268,0,0,0,268,A
2-PB1,62,0,0,0,272,272,C
2-PB1,63,275,0,0,0,275,A
2-PB1,64,0,280,0,0,280,T
2-PB1,65,0,277,0,1,278,T
2-PB1,66,0,0,0,337,337,C
2-PB1,67,0,0,0,339,339,C
2-PB1,68,0,0,0,337,337,C
2-PB1,69,0,339,0,0,339,T
2-PB1,70,0,339,0,0,339,T
2-PB1,71,376,0,0,0,376,A
2-PB1,72,0,381,0,0,381,T
2-PB1,73,384,0,0,0,384,A
2-PB1,74,0,0,0,385,385,C
2-PB1,75,0,371,0,0,371,T
2-PB1,76,1,3,374,2,380,G
2-PB1,77,0,2,381,0,383,G
2-PB1,78,377,0,1,0,378,A
2-PB1,79,0,0,382,0,382,G
2-PB1,80,379,0,1,0,380,A
2-PB1,81,0,387,0,0,387,T
2-PB1,82,0,0,0,431,431,C
2-PB1,83,0,0,0,435,435,C
2-PB1,84,0,431,0,0,431,T
2-PB1,85,1,1,0,470,472,C
2-PB1,86,3,0,0,469,472,C
2-PB1,87,476,0,0,0,476,A
2-PB1,88,0,481,0,0,481,T
2-PB1,89,483,0,0,0,483,A
2-PB1,90,1,0,0,479,480,C
2-PB1,91,474,0,1,0,475,A
2-PB1,92,0,2,487,2,491,G
2-PB1,93,0,0,0,491,491,C
2-PB1,94,0,0,0,489,489,C
2-PB1,95,485,0,1,0,486,A
2-PB1,96,0,486,0,0,486,T
2-PB1,97,0,2,487,1,490,G
2-PB1,98,1,0,515,0,516,G
2-PB1,99,520,1,2,0,523,A
2-PB1,100,527,0,0,0,527,A
2-PB1,101,2,1,0,518,521,C
2-PB1,102,510,0,0,0,510,A
2-PB1,103,1,1,522,0,524,G
2-PB1,104,0,3,532,0,535,G
2-PB1,105,539,0,0,0,539,A
2-PB1,106,534,0,1,0,535,A
2-PB1,107,1,0,0,537,538,C
2-PB1,108,536,0,0,0,536,A
2-PB1,109,0,0,583,0,583,G
2-PB1,110,0,3,579,0,582,G
2-PB1,111,0,1,583,1,585,G
2-PB1,112,0,582,0,0,582,T
2-PB1,113,589,0,0,0,589,A
2-PB1,114,1,0,2,590,593,C
2-PB1,115,601,0,0,0,601,A
2-PB1,116,0,0,0,623,623,C
2-PB1,117,3,0,1,609,613,C
2-PB1,118,599,0,1,0,600,A
2-PB1,119,0,601,0,0,601,T
2-PB1,120,0,1,611,0,612,G
2-PB1,121,1,1,610,1,613,G
2-PB1,122,610,0,1,0,611,A
2-PB1,123,2,0,0,617,619,C
2-PB1,124,607,0,0,0,607,A
2-PB1,125,1,0,2,629,632,C
2-PB1,126,631,0,0,0,631,A
2-PB1,127,1,1,639,0,641,G
2-PB1,128,0,639,0,3,642,T
2-PB1,129,1,1,0,673,675,C
2-PB1,130,666,0,0,0,666,A
2-PB1,131,673,0,3,0,676,A
2-PB1,132,3,0,1,675,679,C
2-PB1,133,675,0,0,0,675,A
2-PB1,134,0,1,691,1,693,G
2-PB1,135,683,0,0,0,683,A
2-PB1,136,688,0,0,0,688,A
2-PB1,137,3,0,1,684,688,C
2-PB1,138,672,0,0,0,672,A
2-PB1,139,1,0,0,691,692,C
2-PB1,140,688,0,0,0,688,A
2-PB1,141,0,0,0,707,707,C
2-PB1,142,1,0,0,705,706,C
2-PB1,143,706,0,0,0,706,A
2-PB1,144,713,0,0,0,713,A
2-PB1,145,0,723,0,0,723,T
2-PB1,146,762,0,0,0,762,A
2-PB1,147,0,762,0,0,762,T
2-PB1,148,0,748,0,0,748,T
2-PB1,149,0,2,0,750,752,C
2-PB1,150,731,0,1,0,732,A
2-PB1,151,1,1,738,3,743,G
2-PB1,152,738,1,0,0,739,A
2-PB1,153,0,2,746,2,750,G
2-PB1,154,751,0,0,0,751,A
2-PB1,155,727,0,0,0,727,A
2-PB1,156,0,1,721,0,722,G
2-PB1,157,0,1,732,0,733,G
2-PB1,158,0,1,734,0,735,G
2-PB1,159,0,1,738,1,740,G
2-PB1,160,726,0,3,0,729,A
2-PB1,161,728,0,1,0,729,A
2-PB1,162,0,1,734,0,735,G
2-PB1,163,1,712,0,0,713,T
2-PB1,164,0,6,711,1,718,G
2-PB1,165,0,2,708,0,710,G
2-PB1,166,719,0,0,0,719,A
2-PB1,167,1,0,0,719,720,C
2-PB1,168,1,2,708,0,711,G
2-PB1,169,706,0,3,0,709,A
2-PB1,170,2,0,0,719,721,C
2-PB1,171,720,0,0,0,720,A
2-PB1,172,721,0,0,0,721,A
2-PB1,173,714,0,1,0,715,A
2-PB1,174,0,737,0,0,737,T
2-PB1,175,736,0,1,0,737,A
2-PB1,176,0,0,0,739,739,C
2-PB1,177,731,0,1,0,732,A
2-PB1,178,0,1,730,0,731,G
2-PB1,179,726,0,1,0,727,A
2-PB1,180,738,0,0,0,738,A
2-PB1,181,732,0,1,1,734,A
2-PB1,182,0,0,0,740,740,C
2-PB1,183,0,717,0,0,717,T
2-PB1,184,0,3,717,0,720,G
2-PB1,185,0,0,720,0,720,G
2-PB1,186,0,0,717,0,717,G
2-PB1,187,0,0,720,0,720,G
2-PB1,188,3,0,0,725,728,C
2-PB1,189,706,0,1,0,707,A
2-PB1,190,0,1,1,733,735,C
2-PB1,191,0,0,0,735,735,C
2-PB1,192,3,0,0,729,732,C
2-PB1,193,5,1,0,740,746,C
2-PB1,194,745,0,0,0,745,A
2-PB1,195,751,0,1,0,752,A
2-PB1,196,0,0,0,751,751,C
2-PB1,197,0,748,0,0,748,T
2-PB1,198,3,0,1,754,758,C
2-PB1,199,742,0,0,0,742,A
2-PB1,200,750,0,1,0,751,A
2-PB1,201,0,1,0,749,750,C
2-PB1,202,1,0,0,750,751,C
2-PB1,203,0,1,0,750,751,C
2-PB1,204,754,0,0,0,754,A
2-PB1,205,752,0,0,0,752,A
2-PB1,206,0,751,0,0,751,T
2-PB1,207,0,751,0,0,751,T
2-PB1,208,1,3,747,1,752,G
2-PB1,209,740,0,1,0,741,A
2-PB1,210,0,736,0,0,736,T
2-PB1,211,0,5,736,0,741,G
2-PB1,212,0,1,755,0,756,G
2-PB1,213,768,0,1,0,769,A
2-PB1,214,0,0,0,775,775,C
2-PB1,215,1,0,0,774,775,C
2-PB1,216,771,0,0,0,771,A
2-PB1,217,2,0,1,790,793,C
2-PB1,218,0,794,0,1,795,T
2-PB1,219,801,0,0,0,801,A
2-PB1,220,0,0,1,817,818,C
2-PB1,221,0,1,0,818,819,C
2-PB1,222,0,808,0,0,808,T
2-PB1,223,1,2,799,3,805,G
2-PB1,224,803,0,0,0,803,A
2-PB1,225,1,0,807,1,809,G
2-PB1,226,0,0,803,0,803,G
2-PB1,227,794,0,1,0,795,A
2-PB1,228,1,0,1,742,744,C
2-PB1,229,754,0,0,0,754,A
2-PB1,230,752,0,1,0,753,A
2-PB1,231,0,751,0,0,751,T
2-PB1,232,0,3,756,1,760,G
2-PB1,233,763,0,0,0,763,A
2-PB1,234,759,0,1,0,760,A
2-PB1,235,1,0,0,757,758,C
2-PB1,236,6,0,0,749,755,C
2-PB1,237,743,0,1,0,744,A
2-PB1,238,749,0,0,0,749,A
2-PB1,239,0,1,749,0,750,G
2-PB1,240,0,742,0,0,742,T
2-PB1,241,0,2,745,0,747,G
2-PB1,242,1,2,753,0,756,G
2-PB1,243,754,0,0,0,754,A
2-PB1,244,0,751,0,0,751,T
2-PB1,245,755,0,0,0,755,A
2-PB1,246,0,764,0,0,764,T
2-PB1,247,0,3,756,2,761,G
2-PB1,248,5,0,0,760,765,C
2-PB1,249,764,0,0,0,764,A
2-PB1,250,1,0,1,786,788,C
2-PB1,251,779,0,0,0,779,A
2-PB1,252,797,0,0,0,797,A
2-PB1,253,794,0,1,0,795,A
2-PB1,254,2,0,1,796,799,C
2-PB1,255,783,0,0,0,783,A
2-PB1,256,2,0,784,0,786,G
2-PB1,257,783,0,1,0,784,A
2-PB1,258,2,2,0,787,791,C
2-PB1,259,0,772,0,0,772,T
2-PB1,260,0,2,798,1,801,G
2-PB1,261,0,784,0,0,784,T
2-PB1,262,0,1,816,1,818,G
2-PB1,263,0,815,0,1,816,T
2-PB1,264,2,0,2,822,826,C
2-PB1,265,0,1,0,821,822,C
2-PB1,266,0,809,0,0,809,T
2-PB1,267,1,5,801,1,808,G
2-PB1,268,0,2,805,0,807,G
2-PB1,269,785,0,2,0,787,A
2-PB1,270,1,0,799,0,800,G
2-PB1,271,0,0,781,0,781,G
2-PB1,272,1,0,2,764,767,C
2-PB1,273,0,761,0,0,761,T
2-PB1,274,759,0,2,0,761,A
2-PB1,275,0,752,0,2,754,T
2-PB1,276,1,0,756,0,757,G
2-PB1,277,0,1,750,0,751,G
2-PB1,278,0,0,0,753,753,C
2-PB1,279,2,0,0,750,752,C
2-PB1,280,0,741,0,1,742,T
2-PB1,281,0,793,0,1,794,T
2-PB1,282,1,1,3,790,795,C
2-PB1,283,1,0,0,796,797,C
2-PB1,284,0,800,0,0,800,T
2-PB1,285,0,797,0,0,797,T
2-PB1,286,0,1,793,2,796,G
2-PB1,287,796,0,0,0,796,A
2-PB1,288,798,0,0,0,798,A
2-PB1,289,0,1,797,0,798,G
2-PB1,290,771,0,1,0,772,A
2-PB1,291,786,0,0,0,786,A
2-PB1,292,1,782,0,0,783,T
2-PB1,293,2,0,0,791,793,C
2-PB1,294,0,0,0,806,806,C
2-PB1,295,3,1,0,812,816,C
2-PB1,296,812,0,0,0,812,A
2-PB1,297,1,0,0,826,827,C
2-PB1,298,1,0,0,820,821,C
2-PB1,299,2,0,0,819,821,C
2-PB1,300,813,0,0,0,813,A
2-PB1,301,0,0,823,1,824,G
2-PB1,302,0,0,832,0,832,G
2-PB1,303,0,830,0,0,830,T
2-PB1,304,840,0,1,0,841,A
2-PB1,305,0,835,0,1,836,T
2-PB1,306,1,0,0,842,843,C
2-PB1,307,0,837,0,1,838,T
2-PB1,308,0,839,0,0,839,T
2-PB1,309,0,836,0,1,837,T
2-PB1,310,1,2,824,2,829,G
2-PB1,311,826,0,0,0,826,A
2-PB1,312,1,1,829,0,831,G
2-PB1,313,822,0,1,0,823,A
2-PB1,314,833,0,0,0,833,A
2-PB1,315,0,0,1,838,839,C
2-PB1,316,0,821,0,4,825,T
2-PB1,317,1,0,0,833,834,C
2-PB1,318,834,0,1,0,835,A
2-PB1,319,0,832,0,0,832,T
2-PB1,320,1,3,829,1,834,G
2-PB1,321,1,0,0,840,841,C
2-PB1,322,0,0,0,849,849,C
2-PB1,323,0,842,0,0,842,T
2-PB1,324,0,834,0,1,835,T
2-PB1,325,1,0,845,0,846,G
2-PB1,326,843,0,4,0,847,A
2-PB1,327,850,0,1,0,851,A
2-PB1,328,849,0,1,0,850,A
2-PB1,329,1,0,3,859,863,C
2-PB1,330,838,0,0,0,838,A
2-PB1,331,841,0,1,0,842,A
2-PB1,332,0,844,0,0,844,T
2-PB1,333,1,1,839,0,841,G
2-PB1,334,0,0,838,0,838,G
2-PB1,335,824,0,1,0,825,A
2-PB1,336,826,0,0,0,826,A
2-PB1,337,0,2,825,0,827,G
2-PB1,338,0,0,0,830,830,C
2-PB1,339,0,0,1,812,813,C
2-PB1,340,1,0,825,0,826,G
2-PB1,341,0,831,0,1,832,T
2-PB1,342,0,830,0,2,832,T
2-PB1,343,1,0,1,844,846,C
2-PB1,344,841,0,0,0,841,A
2-PB1,345,865,0,0,0,865,A
2-PB1,346,6,1,0,865,872,C
2-PB1,347,874,0,2,0,876,A
2-PB1,348,0,3,877,0,880,G
2-PB1,349,865,0,3,0,868,A
2-PB1,350,1,0,5,872,878,C
2-PB1,351,878,0,1,0,879,A
2-PB1,352,873,0,2,0,875,A
2-PB1,353,0,1,884,0,885,G
2-PB1,354,3,1,865,1,870,G
2-PB1,355,0,0,872,0,872,G
2-PB1,356,0,861,0,1,862,T
2-PB1,357,1,3,862,0,866,G
2-PB1,358,0,1,857,0,858,G
2-PB1,359,863,0,0,0,863,A
2-PB1,360,0,0,1,866,867,C
2-PB1,361,851,0,0,0,851,A
2-PB1,362,851,0,0,0,851,A
2-PB1,363,844,0,0,0,844,A
2-PB1,364,0,0,0,844,844,C
2-PB1,365,0,840,0,1,841,T
2-PB1,366,854,0,1,1,856,A
2-PB1,367,851,0,2,0,853,A
2-PB1,368,0,0,0,860,860,C
2-PB1,369,0,0,0,854,854,C
2-PB1,370,3,0,1,855,859,C
2-PB1,371,843,0,1,0,844,A
2-PB1,372,841,0,0,0,841,A
2-PB1,373,0,1,843,0,844,G
2-PB1,374,0,1,855,0,856,G
2-PB1,375,0,852,0,1,853,T
2-PB1,376,4,2,0,852,858,C
2-PB1,377,2,0,859,0,861,G
2-PB1,378,0,0,0,861,861,C
2-PB1,379,2,1,0,863,866,C
2-PB1,380,866,0,0,0,866,A
2-PB1,381,1,1,890,1,893,G
2-PB1,382,898,0,1,0,899,A
2-PB1,383,2,0,3,907,912,C
2-PB1,384,0,908,0,0,908,T
2-PB1,385,0,909,0,0,909,T
2-PB1,386,906,0,0,0,906,A
2-PB1,387,0,912,0,1,913,T
2-PB1,388,0,0,918,0,918,G
2-PB1,389,910,0,1,0,911,A
2-PB1,390,0,903,0,1,904,T
2-PB1,391,0,883,0,0,883,T
2-PB1,392,0,3,873,0,876,G
2-PB1,393,0,0,882,1,883,G
2-PB1,394,880,0,1,0,881,A
2-PB1,395,0,0,0,891,891,C
2-PB1,396,869,0,0,0,869,A
2-PB1,397,0,862,0,0,862,T
2-PB1,398,0,877,0,0,877,T
2-PB1,399,884,0,0,0,884,A
2-PB1,400,880,0,1,0,881,A
2-PB1,401,885,0,0,0,885,A
2-PB1,402,1,0,3,885,889,C
2-PB1,403,874,0,0,0,874,A
2-PB1,404,0,0,884,0,884,G
2-PB1,405,878,0,0,0,878,A
2-PB1,406,878,0,1,0,879,A
2-PB1,407,870,0,1,0,871,A
2-PB1,408,0,866,0,0,866,T
2-PB1,409,1,0,0,868,869,C
2-PB1,410,871,0,0,0,871,A
2-PB1,411,870,0,1,0,871,A
2-PB1,412,0,0,0,869,869,C
2-PB1,413,2,0,0,859,861,C
2-PB1,414,0,0,862,0,862,G
2-PB1,415,0,0,855,0,855,G
2-PB1,416,0,0,1,857,858,C
2-PB1,417,1,0,853,0,854,G
2-PB1,418,2,0,851,0,853,G
2-PB1,419,0,0,1,864,865,C
2-PB1,420,866,0,1,0,867,A
2-PB1,421,870,0,0,0,870,A
2-PB1,422,0,0,2,872,874,C
2-PB1,423,0,863,0,0,863,T
2-PB1,424,0,0,904,1,905,G
2-PB1,425,1,0,1,904,906,C
2-PB1,426,908,0,1,0,909,A
2-PB1,427,0,906,0,1,907,T
2-PB1,428,0,898,0,0,898,T
2-PB1,429,945,0,0,0,945,A
2-PB1,430,0,0,948,0,948,G
2-PB1,431,2,1,0,938,941,C
2-PB1,432,2,2,1,942,947,C
2-PB1,433,925,0,0,0,925,A
2-PB1,434,939,0,1,0,940,A
2-PB1,435,0,0,1,959,960,C
2-PB1,436,958,0,3,0,961,A
2-PB1,437,2,0,0,980,982,C
2-PB1,438,3,0,1,944,948,C
2-PB1,439,945,0,2,0,947,A
2-PB1,440,0,946,0,0,946,T
2-PB1,441,947,0,0,0,947,A
2-PB1,442,0,0,952,0,952,G
2-PB1,443,937,0,0,0,937,A
2-PB1,444,930,0,1,0,931,A
2-PB1,445,2,0,938,0,940,G
2-PB1,446,0,893,0,1,894,T
2-PB1,447,0,905,0,0,905,T
2-PB1,448,0,911,0,0,911,T
2-PB1,449,0,911,0,1,912,T
2-PB1,450,0,912,0,0,912,T
2-PB1,451,909,0,1,0,910,A
2-PB1,452,0,1,906,0,907,G
2-PB1,453,909,0,0,0,909,A
2-PB1,454,0,902,0,0,902,T
2-PB1,455,1,1,0,893,895,C
2-PB1,456,0,0,900,1,901,G
2-PB1,457,896,0,0,0,896,A
2-PB1,458,890,0,1,0,891,A
2-PB1,459,0,887,0,0,887,T
2-PB1,460,0,1,900,0,901,G
2-PB1,461,0,0,928,0,928,G
2-PB1,462,929,0,0,0,929,A
2-PB1,463,0,932,1,0,933,T
2-PB1,464,0,936,0,0,936,T
2-PB1,465,919,0,2,0,921,A
2-PB1,466,920,0,2,0,922,A
2-PB1,467,3,0,3,927,933,C
2-PB1,468,926,0,0,0,926,A
2-PB1,469,0,0,929,0,929,G
2-PB1,470,2,0,0,894,896,C
2-PB1,471,0,892,0,0,892,T
2-PB1,472,898,0,0,0,898,A
2-PB1,473,895,0,0,0,895,A
2-PB1,474,0,901,0,0,901,T
2-PB1,475,0,3,911,1,915,G
2-PB1,476,917,0,0,0,917,A
2-PB1,477,916,0,0,0,916,A
2-PB1,478,0,904,0,3,907,T
2-PB1,479,4,2,2,904,912,C
2-PB1,480,906,0,2,0,908,A
2-PB1,481,3,2,902,0,907,G
2-PB1,482,1,0,904,1,906,G
2-PB1,483,903,0,0,0,903,A
2-PB1,484,894,0,0,0,894,A
2-PB1,485,0,1,926,0,927,G
2-PB1,486,0,1,925,0,926,G
2-PB1,487,1,1,0,928,930,C
2-PB1,488,0,925,0,2,927,T
2-PB1,489,932,0,0,0,932,A
2-PB1,490,927,0,3,0,930,A
2-PB1,491,0,926,0,0,926,T
2-PB1,492,922,0,0,0,922,A
2-PB1,493,0,2,930,1,933,G
2-PB1,494,878,0,1,0,879,A
2-PB1,495,0,862,0,2,864,T
2-PB1,496,0,875,0,0,875,T
2-PB1,497,0,889,0,1,890,T
2-PB1,498,0,0,0,914,914,C
2-PB1,499,1,0,0,912,913,C
2-PB1,500,0,905,0,1,906,T
2-PB1,501,1,0,2,907,910,C
2-PB1,502,912,0,0,0,912,A
2-PB1,503,914,0,0,0,914,A
2-PB1,504,1,1,911,0,913,G
2-PB1,505,0,1,919,1,921,G
2-PB1,506,922,0,0,0,922,A
2-PB1,507,0,894,0,0,894,T
2-PB1,508,0,0,897,1,898,G
2-PB1,509,0,881,0,3,884,T
2-PB1,510,0,1,888,1,890,G
2-PB1,511,883,1,2,0,886,A
2-PB1,512,0,889,0,0,889,T
2-PB1,513,1,2,869,1,873,G
2-PB1,514,1,1,864,0,866,G
2-PB1,515,856,0,3,0,859,A
2-PB1,516,861,0,1,0,862,A
2-PB1,517,0,845,0,0,845,T
2-PB1,518,0,0,1,847,848,C
2-PB1,519,837,0,0,0,837,A
2-PB1,520,840,0,0,0,840,A
2-PB1,521,0,835,0,0,835,T
2-PB1,522,0,2,838,0,840,G
2-PB1,523,820,0,4,0,824,A
2-PB1,524,839,0,1,0,840,A
2-PB1,525,0,834,0,0,834,T
2-PB1,526,842,0,0,0,842,A
2-PB1,527,836,0,0,0,836,A
2-PB1,528,823,0,2,0,825,A
2-PB1,529,0,1,827,0,828,G
2-PB1,530,820,0,0,0,820,A
2-PB1,531,0,0,818,0,818,G
2-PB1,532,0,0,827,0,827,G
2-PB1,533,817,0,0,0,817,A
2-PB1,534,813,0,1,0,814,A
2-PB1,535,815,0,1,0,816,A
2-PB1,536,0,812,0,0,812,T
2-PB1,537,0,0,824,0,824,G
2-PB1,538,0,0,821,1,822,G
2-PB1,539,820,0,0,0,820,A
2-PB1,540,0,3,823,0,826,G
2-PB1,541,805,0,1,0,806,A
2-PB1,542,0,822,0,2,824,T
2-PB1,543,817,0,0,0,817,A
2-PB1,544,827,0,1,0,828,A
2-PB1,545,0,0,3,832,835,C
2-PB1,546,818,0,0,0,818,A
2-PB1,547,819,0,1,0,820,A
2-PB1,548,1,0,2,818,821,C
2-PB1,549,807,0,2,0,809,A
2-PB1,550,0,0,0,821,821,C
2-PB1,551,811,0,1,0,812,A
2-PB1,552,0,0,0,823,823,C
2-PB1,553,0,817,0,1,818,T
2-PB1,554,0,815,0,0,815,T
2-PB1,555,0,808,0,2,810,T
2-PB1,556,2,0,0,807,809,C
2-PB1,557,815,0,1,0,816,A
2-PB1,558,818,0,1,0,819,A
2-PB1,559,819,0,1,0,820,A
2-PB1,560,0,1,819,0,820,G
2-PB1,561,823,0,0,0,823,A
2-PB1,562,821,0,0,0,821,A
2-PB1,563,820,0,0,0,820,A
2-PB1,564,825,0,0,0,825,A
2-PB1,565,820,0,4,1,825,A
2-PB1,566,0,2,826,0,828,G
2-PB1,567,0,1,828,2,831,G
2-PB1,568,822,0,2,0,824,A
2-PB1,569,1,1,833,2,837,G
2-PB1,570,829,0,2,0,831,A
2-PB1,571,0,0,847,2,849,G
2-PB1,572,0,831,0,1,832,T
2-PB1,573,838,0,0,0,838,A
2-PB1,574,836,0,0,0,836,A
2-PB1,575,1,0,839,0,840,G
2-PB1,576,0,0,832,0,832,G
2-PB1,577,0,2,820,1,823,G
2-PB1,578,819,0,0,0,819,A
2-PB1,579,0,2,0,820,822,C
2-PB1,580,788,0,2,1,791,A
2-PB1,581,789,0,0,0,789,A
2-PB1,582,0,0,1,785,786,C
2-PB1,583,787,0,0,0,787,A
2-PB1,584,0,772,0,0,772,T
2-PB1,585,2,1,776,1,780,G
2-PB1,586,779,0,1,0,780,A
2-PB1,587,1,0,0,778,779,C
2-PB1,588,4,0,0,762,766,C
2-PB1,589,767,1,1,0,769,A
2-PB1,590,760,0,0,0,760,A
2-PB1,591,0,1,768,0,769,G
2-PB1,592,766,0,0,0,766,A
2-PB1,593,765,0,0,0,765,A
2-PB1,594,764,0,0,0,764,A
2-PB1,595,761,0,0,0,761,A
2-PB1,596,0,768,0,0,768,T
2-PB1,597,0,0,769,0,769,G
2-PB1,598,0,0,767,0,767,G
2-PB1,599,0,763,0,0,763,T
2-PB1,600,759,0,0,0,759,A
2-PB1,601,776,0,0,0,776,A
2-PB1,602,3,0,2,784,789,C
2-PB1,603,797,0,0,0,797,A
2-PB1,604,0,0,1,796,797,C
2-PB1,605,790,0,0,0,790,A
2-PB1,606,798,0,1,0,799,A
2-PB1,607,784,0,1,0,785,A
2-PB1,608,0,0,832,2,834,G
2-PB1,609,833,0,1,0,834,A
2-PB1,610,840,0,2,0,842,A
2-PB1,611,0,0,0,855,855,C
2-PB1,612,837,0,1,0,838,A
2-PB1,613,841,0,0,0,841,A
2-PB1,614,0,832,0,0,832,T
2-PB1,615,834,0,0,0,834,A
2-PB1,616,0,1,835,0,836,G
2-PB1,617,0,3,786,1,790,G
2-PB1,618,0,0,793,0,793,G
2-PB1,619,787,0,1,0,788,A
2-PB1,620,772,0,2,0,774,A
2-PB1,621,0,0,774,1,775,G
2-PB1,622,752,0,0,0,752,A
2-PB1,623,754,0,0,0,754,A
2-PB1,624,757,0,0,0,757,A
2-PB1,625,757,0,0,0,757,A
2-PB1,626,767,0,0,0,767,A
2-PB1,627,768,0,2,0,770,A
2-PB1,628,0,0,1,767,768,C
2-PB1,629,769,0,0,0,769,A
2-PB1,630,763,0,0,0,763,A
2-PB1,631,766,0,1,0,767,A
2-PB1,632,0,2,794,0,796,G
2-PB1,633,795,0,0,0,795,A
2-PB1,634,0,0,798,0,798,G
2-PB1,635,0,785,0,0,785,T
2-PB1,636,0,784,0,0,784,T
2-PB1,637,930,0,2,0,932,A
2-PB1,638,939,0,0,0,939,A
2-PB1,639,0,942,0,0,942,T
2-PB1,640,953,0,0,0,953,A
2-PB1,641,939,0,2,0,941,A
2-PB1,642,2,3,930,3,938,G
2-PB1,643,897,0,0,0,897,A
2-PB1,644,0,3,902,1,906,G
2-PB1,645,892,1,1,0,894,A
2-PB1,646,0,1,893,0,894,G
2-PB1,647,0,0,894,0,894,G
2-PB1,648,3,0,0,898,901,C
2-PB1,649,0,889,0,2,891,T
2-PB1,650,923,0,1,0,924,A
2-PB1,651,0,0,2,961,963,C
2-PB1,652,0,0,0,975,975,C
2-PB1,653,0,976,0,2,978,T
2-PB1,654,1033,0,0,0,1033,A
2-PB1,655,1027,0,0,0,1027,A
2-PB1,656,0,1030,0,0,1030,T
2-PB1,657,1028,0,0,0,1028,A
2-PB1,658,1031,0,0,0,1031,A
2-PB1,659,0,1,1027,4,1032,G
2-PB1,660,996,0,0,0,996,A
2-PB1,661,0,1,1011,0,1012,G
2-PB1,662,1,0,0,1014,1015,C
2-PB1,663,0,1002,0,3,1005,T
2-PB1,664,0,1006,1,0,1007,T
2-PB1,665,0,1011,0,2,1013,T
2-PB1,666,2,3,1007,0,1012,G
2-PB1,667,1025,1,2,0,1028,A
2-PB1,668,1,1,1,1024,1027,C
2-PB1,669,1025,0,0,0,1025,A
2-PB1,670,1,1025,0,0,1026,T
2-PB1,671,0,1015,0,0,1015,T
2-PB1,672,1,4,1042,1,1048,G
2-PB1,673,1046,0,1,0,1047,A
2-PB1,674,1043,0,5,0,1048,A
2-PB1,675,1,0,0,1051,1052,C
2-PB1,676,1042,0,1,0,1043,A
2-PB1,677,1,1,0,1037,1039,C
2-PB1,678,2,1,1036,0,1039,G
2-PB1,679,1038,0,1,0,1039,A
2-PB1,680,0,1041,0,0,1041,T
2-PB1,681,1,4,1061,1,1067,G
2-PB1,682,1070,0,1,0,1071,A
2-PB1,683,1,0,0,1070,1071,C
2-PB1,684,4,0,1,1072,1077,C
2-PB1,685,1081,0,0,0,1081,A
2-PB1,686,1086,0,1,0,1087,A
2-PB1,687,1081,0,5,1,1087,A
2-PB1,688,1,1,1143,0,1145,G
2-PB1,689,1146,0,2,0,1148,A
2-PB1,690,0,1138,0,1,1139,T
2-PB1,691,0,0,1138,3,1141,G
2-PB1,692,3,0,4,1121,1128,C
2-PB1,693,1121,0,2,0,1123,A
2-PB1,694,0,2,1131,3,1136,G
2-PB1,695,1136,0,1,0,1137,A
2-PB1,696,1,1,1130,1,1133,G
2-PB1,697,1083,0,1,0,1084,A
2-PB1,698,0,1,1093,1,1095,G
2-PB1,699,1064,0,1,0,1065,A
2-PB1,700,1,0,1063,0,1064,G
2-PB1,701,0,0,1064,1,1065,G
2-PB1,702,0,0,2,1055,1057,C
2-PB1,703,1050,0,1,0,1051,A
2-PB1,704,1056,0,0,1,1057,A
2-PB1,705,1056,0,0,0,1056,A
2-PB1,706,0,1062,0,1,1063,T
2-PB1,707,0,1065,0,0,1065,T
2-PB1,708,1065,0,0,0,1065,A
2-PB1,709,1069,0,0,0,1069,A
2-PB1,710,1068,0,0,0,1068,A
2-PB1,711,1073,0,0,0,1073,A
2-PB1,712,1069,0,0,0,1069,A
2-PB1,713,0,2,1064,1,1067,G
2-PB1,714,1057,0,1,0,1058,A
2-PB1,715,1064,0,0,0,1064,A
2-PB1,716,0,1,1081,0,1082,G
2-PB1,717,2,0,1102,0,1104,G
2-PB1,718,0,1,1113,0,1114,G
2-PB1,719,3,1,0,1119,1123,C
2-PB1,720,0,1124,0,0,1124,T
2-PB1,721,1140,0,2,0,1142,A
2-PB1,722,0,1156,0,1,1157,T
2-PB1,723,0,1160,0,0,1160,T
2-PB1,724,1,1,1168,4,1174,G
2-PB1,725,1,1,0,1165,1167,C
2-PB1,726,1146,0,3,1,1150,A
2-PB1,727,1161,0,3,0,1164,A
2-PB1,728,2,0,0,1163,1165,C
2-PB1,729,1152,0,0,0,1152,A
2-PB1,730,0,0,0,1173,1173,C
2-PB1,731,2,0,0,1160,1162,C
2-PB1,732,2,0,0,1157,1159,C
2-PB1,733,1,6,1146,0,1153,G
2-PB1,734,0,3,1158,0,1161,G
2-PB1,735,0,1,1163,1,1165,G
2-PB1,736,1158,1,2,0,1161,A
2-PB1,737,0,1164,0,2,1166,T
2-PB1,738,1,1,1161,1,1164,G
2-PB1,739,1,0,1,1153,1155,C
2-PB1,740,1154,0,0,0,1154,A
2-PB1,741,1193,0,0,0,1193,A
2-PB1,742,1208,0,0,0,1208,A
2-PB1,743,0,1214,0,0,1214,T
2-PB1,744,0,1207,0,0,1207,T
2-PB1,745,1203,0,0,0,1203,A
2-PB1,746,3,3,1191,6,1203,G
2-PB1,747,1193,0,2,0,1195,A
2-PB1,748,1,1,1208,0,1210,G
2-PB1,749,0,2,1190,1,1193,G
2-PB1,750,0,0,1229,0,1229,G
2-PB1,751,0,1200,1,0,1201,T
2-PB1,752,0,1197,0,0,1197,T
2-PB1,753,3,1,0,1201,1205,C
2-PB1,754,0,1,1222,0,1223,G
2-PB1,755,0,1212,0,1,1213,T
2-PB1,756,1,2,1215,3,1221,G
2-PB1,757,0,1215,0,3,1218,T
2-PB1,758,1216,0,1,0,1217,A
2-PB1,759,1,0,1,1211,1213,C
2-PB1,760,0,1162,0,1,1163,T
2-PB1,761,0,1176,0,0,1176,T
2-PB1,762,0,0,0,1177,1177,C
2-PB1,763,0,0,1178,1,1179,G
2-PB1,764,0,1183,0,1,1184,T
2-PB1,765,0,1177,0,1,1178,T
2-PB1,766,2,2,1176,0,1180,G
2-PB1,767,1176,0,1,0,1177,A
2-PB1,768,1168,0,1,0,1169,A
2-PB1,769,1184,0,0,0,1184,A
2-PB1,770,0,0,0,1183,1183,C
2-PB1,771,0,1171,0,1,1172,T
2-PB1,772,0,1170,0,1,1171,T
2-PB1,773,0,1172,0,0,1172,T
2-PB1,774,1189,0,3,0,1192,A
2-PB1,775,0,3,1194,2,1199,G
2-PB1,776,3,0,0,1194,1197,C
2-PB1,777,0,1202,0,0,1202,T
2-PB1,778,1186,0,0,0,1186,A
2-PB1,779,1,0,1185,3,1189,G
2-PB1,780,1175,0,3,0,1178,A
2-PB1,781,1187,0,0,0,1187,A
2-PB1,782,0,0,1183,1,1184,G
2-PB1,783,2,1,1,1169,1173,C
2-PB1,784,1157,0,0,0,1157,A
2-PB1,785,0,1151,0,1,1152,T
2-PB1,786,0,1156,0,1,1157,T
2-PB1,787,0,1159,0,0,1159,T
2-PB1,788,0,1,1159,1,1161,G
2-PB1,789,0,1,0,1156,1157,C
2-PB1,790,0,2,1158,0,1160,G
2-PB1,791,1158,0,0,0,1158,A
2-PB1,792,1161,0,1,0,1162,A
2-PB1,793,1157,0,0,0,1157,A
2-PB1,794,1196,0,0,0,1196,A
2-PB1,795,0,1,1206,0,1207,G
2-PB1,796,1,0,1,1209,1211,C
2-PB1,797,0,1213,0,0,1213,T
2-PB1,798,0,1218,0,1,1219,T
2-PB1,799,0,1,1213,1,1215,G
2-PB1,800,1218,0,0,0,1218,A
2-PB1,801,1214,0,0,0,1214,A
2-PB1,802,1,1,0,1225,1227,C
2-PB1,803,1198,0,0,0,1198,A
2-PB1,804,0,0,1279,1,1280,G
2-PB1,805,0,1270,1,1,1272,T
2-PB1,806,5,0,5,1274,1284,C
2-PB1,807,0,1285,0,0,1285,T
2-PB1,808,1,7,1274,0,1282,G
2-PB1,809,1,1,1275,0,1277,G
2-PB1,810,1281,0,2,1,1284,A
2-PB1,811,0,0,1,1304,1305,C
2-PB1,812,0,1265,0,1,1266,T
2-PB1,813,0,1193,0,0,1193,T
2-PB1,814,3,0,0,1185,1188,C
2-PB1,815,3,3,0,1180,1186,C
2-PB1,816,3,0,1194,0,1197,G
2-PB1,817,0,0,1199,0,1199,G
2-PB1,818,0,1196,0,0,1196,T
2-PB1,819,0,1205,0,0,1205,T
2-PB1,820,1,2,1186,4,1193,G
2-PB1,821,0,2,1185,0,1187,G
2-PB1,822,1,3,1188,0,1192,G
2-PB1,823,1,1,1196,0,1198,G
2-PB1,824,0,1,1192,0,1193,G
2-PB1,825,0,1160,0,1,1161,T
2-PB1,826,1154,0,1,0,1155,A
2-PB1,827,1154,0,0,0,1154,A
2-PB1,828,0,1156,0,1,1157,T
2-PB1,829,1,0,1157,1,1159,G
2-PB1,830,1136,0,1,0,1137,A
2-PB1,831,1130,0,0,0,1130,A
2-PB1,832,1138,0,0,0,1138,A
2-PB1,833,1125,0,3,0,1128,A
2-PB1,834,1,2,1120,1,1124,G
2-PB1,835,1108,0,0,0,1108,A
2-PB1,836,1098,0,1,0,1099,A
2-PB1,837,0,2,1095,0,1097,G
2-PB1,838,0,0,1088,0,1088,G
2-PB1,839,2,1,0,1080,1083,C
2-PB1,840,1,0,0,1079,1080,C
2-PB1,841,1092,0,0,0,1092,A
2-PB1,842,1090,0,0,0,1090,A
2-PB1,843,1082,0,1,0,1083,A
2-PB1,844,0,0,0,1095,1095,C
2-PB1,845,0,1095,0,0,1095,T
2-PB1,846,0,1,1107,0,1108,G
2-PB1,847,0,0,1106,0,1106,G
2-PB1,848,1,0,1,1104,1106,C
2-PB1,849,1112,0,1,0,1113,A
2-PB1,850,1106,0,0,0,1106,A
2-PB1,851,1107,0,0,0,1107,A
2-PB1,852,0,1105,0,0,1105,T
2-PB1,853,0,2,1108,1,1111,G
2-PB1,854,0,1099,0,1,1100,T
2-PB1,855,0,1085,0,0,1085,T
2-PB1,856,1,0,1082,1,1084,G
2-PB1,857,0,1074,0,1,1075,T
2-PB1,858,3,0,1075,1,1079,G
2-PB1,859,1083,1,0,0,1084,A
2-PB1,860,0,0,1085,0,1085,G
2-PB1,861,1081,0,0,0,1081,A
2-PB1,862,1064,0,1,0,1065,A
2-PB1,863,1072,0,0,0,1072,A
2-PB1,864,1071,0,0,0,1071,A
2-PB1,865,1077,0,1,1,1079,A
2-PB1,866,0,1061,0,0,1061,T
2-PB1,867,0,1,1063,1,1065,G
2-PB1,868,1064,1,1,0,1066,A
2-PB1,869,1,1051,0,0,1052,T
2-PB1,870,1,0,1061,0,1062,G
2-PB1,871,1057,0,1,0,1058,A
2-PB1,872,2,1,1,1064,1068,C
2-PB1,873,0,1055,0,0,1055,T
2-PB1,874,1071,0,0,0,1071,A
2-PB1,875,1089,0,0,0,1089,A
2-PB1,876,0,1093,0,0,1093,T
2-PB1,877,0,1112,0,1,1113,T
2-PB1,878,0,0,0,1116,1116,C
2-PB1,879,1112,0,0,0,1112,A
2-PB1,880,0,1,5,1126,1132,C
2-PB1,881,1122,0,1,0,1123,A
2-PB1,882,1123,0,1,0,1124,A
2-PB1,883,0,4,1137,0,1141,G
2-PB1,884,1179,0,2,0,1181,A
2-PB1,885,2,0,0,1183,1185,C
2-PB1,886,1169,0,2,0,1171,A
2-PB1,887,3,1,3,1166,1173,C
2-PB1,888,1139,0,1,0,1140,A
2-PB1,889,2,2,1139,1,1144,G
2-PB1,890,1144,0,0,0,1144,A
2-PB1,891,0,1,1143,0,1144,G
2-PB1,892,2,0,1,1136,1139,C
2-PB1,893,0,1102,0,4,1106,T
2-PB1,894,0,1108,0,1,1109,T
2-PB1,895,0,1103,0,3,1106,T
2-PB1,896,1,0,0,1123,1124,C
2-PB1,897,0,1115,0,5,1120,T
2-PB1,898,0,1127,0,0,1127,T
2-PB1,899,0,1128,0,1,1129,T
2-PB1,900,0,0,0,1123,1123,C
2-PB1,901,1116,1,0,0,1117,A
2-PB1,902,1,1,0,1136,1138,C
2-PB1,903,1127,0,0,0,1127,A
2-PB1,904,1134,0,1,0,1135,A
2-PB1,905,0,1143,0,4,1147,T
2-PB1,906,4,1,0,1156,1161,C
2-PB1,907,1165,0,1,0,1166,A
2-PB1,908,4,0,1,1177,1182,C
2-PB1,909,0,1179,1,0,1180,T
2-PB1,910,1,3,1174,2,1180,G
2-PB1,911,1,1,1167,1,1170,G
2-PB1,912,1052,1,4,0,1057,A
2-PB1,913,1,1,1056,1,1059,G
2-PB1,914,1058,0,1,0,1059,A
2-PB1,915,0,0,2,1051,1053,C
2-PB1,916,1105,0,1,0,1106,A
2-PB1,917,1159,0,2,0,1161,A
2-PB1,918,2,0,2,1168,1172,C
2-PB1,919,1169,0,1,0,1170,A
2-PB1,920,2,0,1,1171,1174,C
2-PB1,921,0,1154,0,0,1154,T
2-PB1,922,1159,0,1,0,1160,A
2-PB1,923,1147,0,1,0,1148,A
2-PB1,924,0,3,1151,0,1154,G
2-PB1,925,0,1143,0,1,1144,T
2-PB1,926,1,1,1097,0,1099,G
2-PB1,927,0,2,1094,2,1098,G
2-PB1,928,1091,0,2,0,1093,A
2-PB1,929,1101,0,0,1,1102,A
2-PB1,930,0,1096,0,0,1096,T
2-PB1,931,0,3,1081,0,1084,G
2-PB1,932,1073,0,2,0,1075,A
2-PB1,933,1063,0,1,0,1064,A
2-PB1,934,1077,0,3,0,1080,A
2-PB1,935,1085,0,0,0,1085,A
2-PB1,936,0,1061,0,0,1061,T
2-PB1,937,2,0,1,1066,1069,C
2-PB1,938,1068,1,1,0,1070,A
2-PB1,939,1069,1,0,0,1070,A
2-PB1,940,1065,0,0,0,1065,A
2-PB1,941,1062,0,3,0,1065,A
2-PB1,942,0,0,0,1077,1077,C
2-PB1,943,2,0,0,1072,1074,C
2-PB1,944,1,0,0,1073,1074,C
2-PB1,945,0,1062,0,1,1063,T
2-PB1,946,1,0,1,1074,1076,C
2-PB1,947,0,0,1076,1,1077,G
2-PB1,948,1075,0,0,0,1075,A
2-PB1,949,1078,0,2,0,1080,A
2-PB1,950,0,1077,0,0,1077,T
2-PB1,951,0,0,1076,0,1076,G
2-PB1,952,0,1052,0,3,1055,T
2-PB1,953,0,1047,0,0,1047,T
2-PB1,954,0,1053,0,0,1053,T
2-PB1,955,0,1047,0,0,1047,T
2-PB1,956,0,1045,0,0,1045,T
2-PB1,957,2,2,1044,0,1048,G
2-PB1,958,0,2,1039,0,1041,G
2-PB1,959,0,4,0,1034,1038,C
2-PB1,960,5,3,1027,1,1036,G
2-PB1,961,1036,0,0,0,1036,A
2-PB1,962,0,1060,0,1,1061,T
2-PB1,963,0,3,1102,0,1105,G
2-PB1,964,1171,0,3,0,1174,A
2-PB1,965,0,1181,0,1,1182,T
2-PB1,966,0,1184,0,0,1184,T
2-PB1,967,1196,0,1,0,1197,A
2-PB1,968,2,1,5,1199,1207,C
2-PB1,969,1211,0,1,0,1212,A
2-PB1,970,0,1210,0,0,1210,T
2-PB1,971,1158,0,0,0,1158,A
2-PB1,972,2,0,2,1185,1189,C
2-PB1,973,1101,0,0,0,1101,A
2-PB1,974,0,1095,0,2,1097,T
2-PB1,975,4,2,0,1091,1097,C
2-PB1,976,1090,0,0,1,1091,A
2-PB1,977,0,0,1,1092,1093,C
2-PB1,978,1084,0,0,0,1084,A
2-PB1,979,1083,0,0,0,1083,A
2-PB1,980,1086,0,0,0,1086,A
2-PB1,981,0,2,1053,1,1056,G
2-PB1,982,1099,1,3,0,1103,A
2-PB1,983,1107,0,0,0,1107,A
2-PB1,984,0,1096,2,2,1100,T
2-PB1,985,1,1,1,1103,1106,C
2-PB1,986,1105,0,2,0,1107,A
2-PB1,987,1104,0,2,0,1106,A
2-PB1,988,0,1,1,1112,1114,C
2-PB1,989,2,0,1,1106,1109,C
2-PB1,990,0,1065,0,3,1068,T
2-PB1,991,0,6,1068,3,1077,G
2-PB1,992,1077,0,0,0,1077,A
2-PB1,993,0,1,1075,0,1076,G
2-PB1,994,0,1069,0,1,1070,T
2-PB1,995,1,2,1060,0,1063,G
2-PB1,996,1,0,1094,0,1095,G
2-PB1,997,0,1056,0,0,1056,T
2-PB1,998,0,1060,0,0,1060,T
2-PB1,999,2,1,1,1063,1067,C
2-PB1,1000,1046,0,1,0,1047,A
2-PB1,1001,0,0,1062,0,1062,G
2-PB1,1002,1060,0,0,0,1060,A
2-PB1,1003,1061,1,1,0,1063,A
2-PB1,1004,1049,0,0,0,1049,A
2-PB1,1005,0,0,0,1022,1022,C
2-PB1,1006,1040,0,0,0,1040,A
2-PB1,1007,1,1028,0,3,1032,T
2-PB1,1008,2,0,0,1044,1046,C
2-PB1,1009,0,1,0,1046,1047,C
2-PB1,1010,0,1031,0,0,1031,T
2-PB1,1011,4,1,1023,3,1031,G
2-PB1,1012,1031,0,2,0,1033,A
2-PB1,1013,0,2,1035,0,1037,G
2-PB1,1014,5,0,0,1037,1042,C
2-PB1,1015,1011,0,0,0,1011,A
2-PB1,1016,0,1015,0,0,1015,T
2-PB1,1017,1,0,0,1009,1010,C
2-PB1,1018,0,0,1015,1,1016,G
2-PB1,1019,2,0,0,1049,1051,C
2-PB1,1020,1054,0,0,0,1054,A
2-PB1,1021,1,0,1,1079,1081,C
2-PB1,1022,1,0,2,1084,1087,C
2-PB1,1023,1096,0,0,0,1096,A
2-PB1,1024,1102,0,2,0,1104,A
2-PB1,1025,0,1106,0,1,1107,T
2-PB1,1026,1108,0,0,0,1108,A
2-PB1,1027,1102,0,1,0,1103,A
2-PB1,1028,1,1064,0,0,1065,T
2-PB1,1029,0,0,1077,1,1078,G
2-PB1,1030,0,1047,0,1,1048,T
2-PB1,1031,0,1041,0,1,1042,T
2-PB1,1032,1,2,1,1045,1049,C
2-PB1,1033,0,1046,0,1,1047,T
2-PB1,1034,1,1,0,1051,1053,C
2-PB1,1035,1049,0,1,0,1050,A
2-PB1,1036,1044,0,0,0,1044,A
2-PB1,1037,1050,0,0,0,1050,A
2-PB1,1038,0,0,0,1053,1053,C
2-PB1,1039,1049,0,1,0,1050,A
2-PB1,1040,1051,0,0,0,1051,A
2-PB1,1041,1043,0,1,0,1044,A
2-PB1,1042,1048,0,1,0,1049,A
2-PB1,1043,1,1054,0,0,1055,T
2-PB1,1044,0,0,1057,0,1057,G
2-PB1,1045,2,0,1049,1,1052,G
2-PB1,1046,3,3,1,1047,1054,C
2-PB1,1047,1052,0,0,0,1052,A
2-PB1,1048,1054,0,0,0,1054,A
2-PB1,1049,0,2,1057,1,1060,G
2-PB1,1050,1056,0,2,0,1058,A
2-PB1,1051,1,1,1,1056,1059,C
2-PB1,1052,0,1046,0,0,1046,T
2-PB1,1053,1,5,1050,0,1056,G
2-PB1,1054,1,2,1039,0,1042,G
2-PB1,1055,0,0,1055,0,1055,G
2-PB1,1056,1052,0,0,0,1052,A
2-PB1,1057,1048,0,1,0,1049,A
2-PB1,1058,1035,0,4,1,1040,A
2-PB1,1059,995,0,2,0,997,A
2-PB1,1060,1,2,1034,0,1037,G
2-PB1,1061,0,1,1039,1,1041,G
2-PB1,1062,1030,0,2,0,1032,A
2-PB1,1063,0,1033,0,1,1034,T
2-PB1,1064,1030,0,0,0,1030,A
2-PB1,1065,2,0,2,1026,1030,C
2-PB1,1066,1029,0,1,0,1030,A
2-PB1,1067,0,1025,0,0,1025,T
2-PB1,1068,0,4,1031,2,1037,G
2-PB1,1069,0,1020,0,0,1020,T
2-PB1,1070,0,1017,0,1,1018,T
2-PB1,1071,3,0,0,1014,1017,C
2-PB1,1072,1,1,1018,0,1020,G
2-PB1,1073,1018,0,0,0,1018,A
2-PB1,1074,0,1,1035,0,1036,G
2-PB1,1075,1010,0,3,0,1013,A
2-PB1,1076,3,3,1014,1,1021,G
2-PB1,1077,1,994,0,0,995,T
2-PB1,1078,995,0,0,0,995,A
2-PB1,1079,990,0,1,0,991,A
2-PB1,1080,0,2,994,1,997,G
2-PB1,1081,980,1,1,0,982,A
2-PB1,1082,1,1,990,0,992,G
2-PB1,1083,975,0,0,0,975,A
2-PB1,1084,975,0,2,0,977,A
2-PB1,1085,0,958,0,0,958,T
2-PB1,1086,0,0,955,0,955,G
2-PB1,1087,954,0,2,0,956,A
2-PB1,1088,944,0,2,0,946,A
2-PB1,1089,926,0,3,0,929,A
2-PB1,1090,0,0,0,948,948,C
2-PB1,1091,0,942,0,0,942,T
2-PB1,1092,0,0,0,945,945,C
2-PB1,1093,3,1,1,942,947,C
2-PB1,1094,0,1,945,0,946,G
2-PB1,1095,0,2,951,0,953,G
2-PB1,1096,958,0,1,0,959,A
2-PB1,1097,1,0,0,967,968,C
2-PB1,1098,969,0,0,0,969,A
2-PB1,1099,1,1,1,974,977,C
2-PB1,1100,969,0,1,0,970,A
2-PB1,1101,973,1,3,0,977,A
2-PB1,1102,977,0,0,0,977,A
2-PB1,1103,0,985,0,0,985,T
2-PB1,1104,984,0,0,0,984,A
2-PB1,1105,0,0,1,996,997,C
2-PB1,1106,0,0,0,990,990,C
2-PB1,1107,0,982,0,1,983,T
2-PB1,1108,0,6,981,0,987,G
2-PB1,1109,3,0,1,983,987,C
2-PB1,1110,982,0,2,0,984,A
2-PB1,1111,0,0,982,1,983,G
2-PB1,1112,979,0,1,0,980,A
2-PB1,1113,976,0,0,0,976,A
2-PB1,1114,980,0,0,0,980,A
2-PB1,1115,0,977,0,1,978,T
2-PB1,1116,0,2,983,2,987,G
2-PB1,1117,1,0,0,985,986,C
2-PB1,1118,0,982,0,1,983,T
2-PB1,1119,992,0,0,0,992,A
2-PB1,1120,2,2,987,0,991,G
2-PB1,1121,0,0,1,989,990,C
2-PB1,1122,989,0,0,0,989,A
2-PB1,1123,986,0,2,0,988,A
2-PB1,1124,0,0,987,0,987,G
2-PB1,1125,2,0,0,978,980,C
2-PB1,1126,968,0,0,0,968,A
2-PB1,1127,0,990,0,1,991,T
2-PB1,1128,0,996,0,0,996,T
2-PB1,1129,2,0,1010,0,1012,G
2-PB1,1130,1031,0,2,0,1033,A
2-PB1,1131,1,0,0,1023,1024,C
2-PB1,1132,2,0,0,1029,1031,C
2-PB1,1133,0,1006,0,1,1007,T
2-PB1,1134,2,2,1017,2,1023,G
2-PB1,1135,1023,0,1,0,1024,A
2-PB1,1136,1030,0,1,0,1031,A
2-PB1,1137,0,0,1041,1,1042,G
2-PB1,1138,0,1002,0,0,1002,T
2-PB1,1139,1011,0,0,0,1011,A
2-PB1,1140,0,1007,0,0,1007,T
2-PB1,1141,0,1000,0,2,1002,T
2-PB1,1142,0,1000,0,1,1001,T
2-PB1,1143,2,0,0,993,995,C
2-PB1,1144,995,0,0,0,995,A
2-PB1,1145,989,0,3,1,993,A
2-PB1,1146,0,981,0,0,981,T
2-PB1,1147,0,0,987,0,987,G
2-PB1,1148,988,0,1,0,989,A
2-PB1,1149,986,0,1,0,987,A
2-PB1,1150,0,989,0,2,991,T
2-PB1,1151,0,0,1,991,992,C
2-PB1,1152,994,0,0,0,994,A
2-PB1,1153,990,0,0,0,990,A
2-PB1,1154,1,0,2,988,991,C
2-PB1,1155,988,0,2,0,990,A
2-PB1,1156,993,1,2,0,996,A
2-PB1,1157,0,0,994,0,994,G
2-PB1,1158,0,3,1001,0,1004,G
2-PB1,1159,996,0,2,0,998,A
2-PB1,1160,999,0,1,0,1000,A
2-PB1,1161,0,0,998,0,998,G
2-PB1,1162,987,0,1,0,988,A
2-PB1,1163,981,0,2,0,983,A
2-PB1,1164,983,0,1,0,984,A
2-PB1,1165,980,0,1,0,981,A
2-PB1,1166,0,978,0,0,978,T
2-PB1,1167,0,968,0,0,968,T
2-PB1,1168,0,3,969,0,972,G
2-PB1,1169,963,1,2,0,966,A
2-PB1,1170,1,1,970,0,972,G
2-PB1,1171,967,0,1,0,968,A
2-PB1,1172,969,0,0,0,969,A
2-PB1,1173,983,0,0,0,983,A
2-PB1,1174,981,0,0,0,981,A
2-PB1,1175,0,981,0,0,981,T
2-PB1,1176,981,0,0,0,981,A
2-PB1,1177,978,0,2,0,980,A
2-PB1,1178,0,0,996,0,996,G
2-PB1,1179,0,1,996,0,997,G
2-PB1,1180,0,1,0,997,998,C
2-PB1,1181,1,0,0,1005,1006,C
2-PB1,1182,1,1010,0,0,1011,T
2-PB1,1183,2,0,0,1142,1144,C
2-PB1,1184,1,1152,0,3,1156,T
2-PB1,1185,0,1156,0,0,1156,T
2-PB1,1186,0,0,10,1164,1174,C
2-PB1,1187,0,1164,0,2,1166,T
2-PB1,1188,1172,0,0,0,1172,A
2-PB1,1189,1172,0,1,0,1173,A
2-PB1,1190,0,1172,0,0,1172,T
2-PB1,1191,1175,0,0,0,1175,A
2-PB1,1192,1,2,1137,2,1142,G
2-PB1,1193,1078,0,0,0,1078,A
2-PB1,1194,1,1075,0,1,1077,T
2-PB1,1195,2,0,1069,0,1071,G
2-PB1,1196,0,0,1082,0,1082,G
2-PB1,1197,3,1,0,1069,1073,C
2-PB1,1198,1070,0,2,0,1072,A
2-PB1,1199,1,2,2,1069,1074,C
2-PB1,1200,1052,0,1,0,1053,A
2-PB1,1201,0,1,1106,0,1107,G
2-PB1,1202,4,0,0,1095,1099,C
2-PB1,1203,1105,0,0,0,1105,A
2-PB1,1204,0,1118,0,1,1119,T
2-PB1,1205,2,2,2,1111,1117,C
2-PB1,1206,1128,0,0,0,1128,A
2-PB1,1207,0,1129,0,0,1129,T
2-PB1,1208,0,1124,0,0,1124,T
2-PB1,1209,1,2,1119,0,1122,G
2-PB1,1210,1095,0,0,0,1095,A
2-PB1,1211,0,1,1107,0,1108,G
2-PB1,1212,0,1,0,1109,1110,C
2-PB1,1213,1,0,0,1102,1103,C
2-PB1,1214,2,0,0,1092,1094,C
2-PB1,1215,0,1087,1,2,1090,T
2-PB1,1216,0,6,1091,0,1097,G
2-PB1,1217,0,4,1092,1,1097,G
2-PB1,1218,8,1,1027,0,1036,G
2-PB1,1219,1069,0,1,0,1070,A
2-PB1,1220,0,1068,0,0,1068,T
2-PB1,1221,1,3,1093,0,1097,G
2-PB1,1222,1105,0,0,0,1105,A
2-PB1,1223,0,1110,0,1,1111,T
2-PB1,1224,1,3,1108,2,1114,G
2-PB1,1225,1099,0,1,0,1100,A
2-PB1,1226,0,1078,0,1,1079,T
2-PB1,1227,1,1,1083,0,1085,G
2-PB1,1228,0,3,1092,0,1095,G
2-PB1,1229,1,1,1093,0,1095,G
2-PB1,1230,4,1,2,1071,1078,C
2-PB1,1231,1086,0,0,0,1086,A
2-PB1,1232,0,1090,0,2,1092,T
2-PB1,1233,1,0,1141,0,1142,G
2-PB1,1234,1,1137,0,2,1140,T
2-PB1,1235,0,1149,0,2,1151,T
2-PB1,1236,1,0,2,1158,1161,C
2-PB1,1237,1153,0,0,0,1153,A
2-PB1,1238,1172,0,0,0,1172,A
2-PB1,1239,0,0,2,1162,1164,C
2-PB1,1240,1176,1,1,0,1178,A
2-PB1,1241,0,1179,0,0,1179,T
2-PB1,1242,0,3,1197,6,1206,G
2-PB1,1243,2,0,2,1196,1200,C
2-PB1,1244,0,1212,0,0,1212,T
2-PB1,1245,1225,0,2,0,1227,A
2-PB1,1246,1231,0,2,0,1233,A
2-PB1,1247,0,1,1264,1,1266,G
2-PB1,1248,0,1253,0,0,1253,T
2-PB1,1249,1243,0,1,0,1244,A
2-PB1,1250,1,1,3,1242,1247,C
2-PB1,1251,1,1,1260,1,1263,G
2-PB1,1252,1,0,1370,0,1371,G
2-PB1,1253,0,1359,0,6,1365,T
2-PB1,1254,0,1365,1,0,1366,T
2-PB1,1255,0,1368,0,0,1368,T
2-PB1,1256,0,1358,0,0,1358,T
2-PB1,1257,1357,0,0,0,1357,A
2-PB1,1258,0,3,1349,1,1353,G
2-PB1,1259,1,0,1349,2,1352,G
2-PB1,1260,1320,1,0,0,1321,A
2-PB1,1261,0,0,1344,0,1344,G
2-PB1,1262,0,1348,0,3,1351,T
2-PB1,1263,1,0,1,1355,1357,C
2-PB1,1264,1,1360,0,0,1361,T
2-PB1,1265,2,2,0,1360,1364,C
2-PB1,1266,1,3,1361,5,1370,G
2-PB1,1267,1439,0,2,0,1441,A
2-PB1,1268,0,1454,0,0,1454,T
2-PB1,1269,1457,0,1,2,1460,A
2-PB1,1270,1,0,0,1462,1463,C
2-PB1,1271,1,1426,0,2,1429,T
2-PB1,1272,1,3,1429,3,1436,G
2-PB1,1273,1427,0,1,0,1428,A
2-PB1,1274,1461,0,0,1,1462,A
2-PB1,1275,0,1463,0,1,1464,T
2-PB1,1276,3,0,0,1425,1428,C
2-PB1,1277,0,1425,1,0,1426,T
2-PB1,1278,0,1422,0,1,1423,T
2-PB1,1279,1,1,1429,1,1432,G
2-PB1,1280,0,2,1426,0,1428,G
2-PB1,1281,1423,0,3,0,1426,A
2-PB1,1282,1,1,1,1429,1432,C
2-PB1,1283,1400,0,1,0,1401,A
2-PB1,1284,1405,0,1,0,1406,A
2-PB1,1285,1415,0,0,1,1416,A
2-PB1,1286,1414,0,4,0,1418,A
2-PB1,1287,0,6,1452,0,1458,G
2-PB1,1288,1467,0,2,0,1469,A
2-PB1,1289,1473,0,1,0,1474,A
2-PB1,1290,1477,0,2,1,1480,A
2-PB1,1291,0,1492,0,0,1492,T
2-PB1,1292,1524,0,2,0,1526,A
2-PB1,1293,4,0,2,1602,1608,C
2-PB1,1294,1591,0,1,0,1592,A
2-PB1,1295,0,0,1,1622,1623,C
2-PB1,1296,3,0,0,1603,1606,C
2-PB1,1297,1607,0,1,1,1609,A
2-PB1,1298,1627,0,3,0,1630,A
2-PB1,1299,0,3,1698,3,1704,G
2-PB1,1300,1720,0,4,0,1724,A
2-PB1,1301,2,1,1,1754,1758,C
2-PB1,1302,1725,0,0,0,1725,A
2-PB1,1303,1800,0,3,1,1804,A
2-PB1,1304,1,0,3,1820,1824,C
2-PB1,1305,1848,0,3,1,1852,A
2-PB1,1306,0,1859,0,0,1859,T
2-PB1,1307,1847,0,2,0,1849,A
2-PB1,1308,2,1,2,1874,1879,C
2-PB1,1309,0,1853,0,2,1855,T
2-PB1,1310,0,5,1873,1,1879,G
2-PB1,1311,2,2,1868,0,1872,G
2-PB1,1312,0,1829,0,0,1829,T
2-PB1,1313,0,3,1837,0,1840,G
2-PB1,1314,0,4,1805,0,1809,G
2-PB1,1315,1,1,1814,0,1816,G
2-PB1,1316,1794,0,2,0,1796,A
2-PB1,1317,0,1760,0,0,1760,T
2-PB1,1318,0,2,1745,1,1748,G
2-PB1,1319,2,1,1755,0,1758,G
2-PB1,1320,2,0,1772,0,1774,G
2-PB1,1321,0,0,0,1814,1814,C
2-PB1,1322,0,1802,0,2,1804,T
2-PB1,1323,3,2,0,1818,1823,C
2-PB1,1324,5,3,0,1806,1814,C
2-PB1,1325,1814,0,3,0,1817,A
2-PB1,1326,1811,0,0,0,1811,A
2-PB1,1327,0,1815,0,1,1816,T
2-PB1,1328,0,0,1,1832,1833,C
2-PB1,1329,1,0,0,1822,1823,C
2-PB1,1330,2,1813,0,2,1817,T
2-PB1,1331,1,0,0,1816,1817,C
2-PB1,1332,2,1,0,1818,1821,C
2-PB1,1333,1,3,1811,0,1815,G
2-PB1,1334,1807,0,1,0,1808,A
2-PB1,1335,1,2,1,1814,1818,C
2-PB1,1336,2,2,1817,0,1821,G
2-PB1,1337,1828,1,1,0,1830,A
2-PB1,1338,0,1829,0,0,1829,T
2-PB1,1339,0,1826,0,0,1826,T
2-PB1,1340,1,1836,0,0,1837,T
2-PB1,1341,0,1833,0,2,1835,T
2-PB1,1342,1,1,1891,3,1896,G
2-PB1,1343,0,1,0,1922,1923,C
2-PB1,1344,2,0,0,1926,1928,C
2-PB1,1345,2,0,0,2005,2007,C
2-PB1,1346,0,1985,1,7,1993,T
2-PB1,1347,4,2,7,2048,2061,C
2-PB1,1348,2065,0,2,0,2067,A
2-PB1,1349,0,2075,0,1,2076,T
2-PB1,1350,2074,0,0,0,2074,A
2-PB1,1351,0,1,2096,5,2102,G
2-PB1,1352,0,2073,0,2,2075,T
2-PB1,1353,1,9,2106,3,2119,G
2-PB1,1354,2054,0,0,0,2054,A
2-PB1,1355,2046,1,4,0,2051,A
2-PB1,1356,0,1964,0,2,1966,T
2-PB1,1357,0,4,1985,1,1990,G
2-PB1,1358,7,2,3,1986,1998,C
2-PB1,1359,1986,0,3,1,1990,A
2-PB1,1360,0,0,0,1994,1994,C
2-PB1,1361,3,0,0,1988,1991,C
2-PB1,1362,1965,0,0,0,1965,A
2-PB1,1363,1967,0,0,0,1967,A
2-PB1,1364,1957,0,3,0,1960,A
2-PB1,1365,0,1922,0,4,1926,T
2-PB1,1366,3,0,4,2000,2007,C
2-PB1,1367,2001,0,0,0,2001,A
2-PB1,1368,0,2010,0,0,2010,T
2-PB1,1369,2,6,1998,9,2015,G
2-PB1,1370,2010,2,3,0,2015,A
2-PB1,1371,1,2,2025,0,2028,G
2-PB1,1372,0,1,2025,0,2026,G
2-PB1,1373,3,1,2056,0,2060,G
2-PB1,1374,2010,0,5,1,2016,A
2-PB1,1375,2040,0,1,0,2041,A
2-PB1,1376,0,2041,0,0,2041,T
2-PB1,1377,2049,0,1,0,2050,A
2-PB1,1378,3,1,5,2084,2093,C
2-PB1,1379,2095,0,3,0,2098,A
2-PB1,1380,2092,0,2,0,2094,A
2-PB1,1381,2,3,2072,3,2080,G
2-PB1,1382,10,3,4,2054,2071,C
2-PB1,1383,2066,0,1,0,2067,A
2-PB1,1384,0,2,2098,3,2103,G
2-PB1,1385,1,1,2101,2,2105,G
2-PB1,1386,2076,0,3,0,2079,A
2-PB1,1387,1,0,2091,1,2093,G
2-PB1,1388,0,2047,0,0,2047,T
2-PB1,1389,1,4,2067,0,2072,G
2-PB1,1390,0,3,2069,2,2074,G
2-PB1,1391,2061,0,3,0,2064,A
2-PB1,1392,1,2065,0,0,2066,T
2-PB1,1393,2013,0,1,0,2014,A
2-PB1,1394,0,2,2051,0,2053,G
2-PB1,1395,2049,0,2,0,2051,A
2-PB1,1396,0,2067,0,0,2067,T
2-PB1,1397,0,2062,0,1,2063,T
2-PB1,1398,2,0,0,2203,2205,C
2-PB1,1399,0,2184,0,0,2184,T
2-PB1,1400,2184,0,3,0,2187,A
2-PB1,1401,2,3,10,2174,2189,C
2-PB1,1402,2162,0,3,0,2165,A
2-PB1,1403,1,2,2168,2,2173,G
2-PB1,1404,1,2,2140,2,2145,G
2-PB1,1405,2182,0,2,0,2184,A
2-PB1,1406,2,0,1,2185,2188,C
2-PB1,1407,4,0,1,2145,2150,C
2-PB1,1408,1,2115,0,2,2118,T
2-PB1,1409,3,5,2116,1,2125,G
2-PB1,1410,7,0,1,2116,2124,C
2-PB1,1411,2123,0,1,0,2124,A
2-PB1,1412,2135,0,2,0,2137,A
2-PB1,1413,0,1,2149,1,2151,G
2-PB1,1414,0,2114,0,1,2115,T
2-PB1,1415,0,2120,0,0,2120,T
2-PB1,1416,2088,0,0,0,2088,A
2-PB1,1417,1,1,2092,1,2095,G
2-PB1,1418,0,2070,0,1,2071,T
2-PB1,1419,1,3,2079,0,2083,G
2-PB1,1420,0,4,2071,0,2075,G
2-PB1,1421,0,2,2089,0,2091,G
2-PB1,1422,2077,0,0,0,2077,A
2-PB1,1423,2093,0,1,0,2094,A
2-PB1,1424,1,2076,1,3,2081,T
2-PB1,1425,4,0,1,2072,2077,C
2-PB1,1426,2068,0,4,0,2072,A
2-PB1,1427,2067,0,3,0,2070,A
2-PB1,1428,2,1,3,2066,2072,C
2-PB1,1429,2064,0,3,1,2068,A
2-PB1,1430,0,2048,1,0,2049,T
2-PB1,1431,4,2,2052,1,2059,G
2-PB1,1432,2065,0,2,0,2067,A
2-PB1,1433,0,3,2077,0,2080,G
2-PB1,1434,8,2,2,2062,2074,C
2-PB1,1435,2066,0,1,0,2067,A
2-PB1,1436,2077,0,0,0,2077,A
2-PB1,1437,2073,0,2,0,2075,A
2-PB1,1438,2096,0,2,0,2098,A
2-PB1,1439,2102,0,3,0,2105,A
2-PB1,1440,2,0,2097,0,2099,G
2-PB1,1441,2087,0,1,0,2088,A
2-PB1,1442,2075,0,2,0,2077,A
2-PB1,1443,0,4,2209,0,2213,G
2-PB1,1444,1,2211,0,1,2213,T
2-PB1,1445,7,0,2,2207,2216,C
2-PB1,1446,6,1,1,2216,2224,C
2-PB1,1447,0,2206,0,2,2208,T
2-PB1,1448,2249,0,1,0,2250,A
2-PB1,1449,0,2239,0,1,2240,T
2-PB1,1450,2249,1,0,0,2250,A
2-PB1,1451,0,2251,0,0,2251,T
2-PB1,1452,2221,0,0,0,2221,A
2-PB1,1453,2226,1,2,0,2229,A
2-PB1,1454,2221,1,0,0,2222,A
2-PB1,1455,0,2225,0,1,2226,T
2-PB1,1456,2225,0,0,0,2225,A
2-PB1,1457,2224,0,0,1,2225,A
2-PB1,1458,2240,0,0,0,2240,A
2-PB1,1459,2234,0,3,1,2238,A
2-PB1,1460,9,1,0,2236,2246,C
2-PB1,1461,2153,0,1,0,2154,A
2-PB1,1462,1,2,2166,0,2169,G
2-PB1,1463,0,6,2163,0,2169,G
2-PB1,1464,0,2,2165,1,2168,G
2-PB1,1465,2148,0,7,0,2155,A
2-PB1,1466,1,1,0,2179,2181,C
2-PB1,1467,2156,0,1,0,2157,A
2-PB1,1468,0,2170,0,0,2170,T
2-PB1,1469,0,2168,0,5,2173,T
2-PB1,1470,0,2170,0,1,2171,T
2-PB1,1471,0,6,2169,0,2175,G
2-PB1,1472,2161,0,1,0,2162,A
2-PB1,1473,2170,0,0,0,2170,A
2-PB1,1474,0,2180,0,1,2181,T
2-PB1,1475,0,2139,0,0,2139,T
2-PB1,1476,3,0,0,2139,2142,C
2-PB1,1477,2111,0,2,0,2113,A
2-PB1,1478,1,0,0,2127,2128,C
2-PB1,1479,0,2139,0,0,2139,T
2-PB1,1480,2146,0,1,0,2147,A
2-PB1,1481,0,3,2139,2,2144,G
2-PB1,1482,2,1,0,2134,2137,C
2-PB1,1483,0,2126,0,4,2130,T
2-PB1,1484,0,2145,0,1,2146,T
2-PB1,1485,0,2139,0,1,2140,T
2-PB1,1486,0,2145,0,0,2145,T
2-PB1,1487,0,2139,0,1,2140,T
2-PB1,1488,0,2141,0,1,2142,T
2-PB1,1489,0,2127,0,0,2127,T
2-PB1,1490,2121,0,0,0,2121,A
2-PB1,1491,0,2112,0,2,2114,T
2-PB1,1492,2,0,0,2125,2127,C
2-PB1,1493,0,1,2141,0,2142,G
2-PB1,1494,2196,0,0,0,2196,A
2-PB1,1495,0,2208,0,0,2208,T
2-PB1,1496,2206,0,1,0,2207,A
2-PB1,1497,0,2216,0,2,2218,T
2-PB1,1498,0,4,2206,0,2210,G
2-PB1,1499,0,3,2217,0,2220,G
2-PB1,1500,2211,0,3,0,2214,A
2-PB1,1501,0,2200,0,0,2200,T
2-PB1,1502,0,2188,0,0,2188,T
2-PB1,1503,0,2096,0,1,2097,T
2-PB1,1504,1,1,2102,0,2104,G
2-PB1,1505,1,2077,0,4,2082,T
2-PB1,1506,0,3,2087,0,2090,G
2-PB1,1507,1,1,2072,0,2074,G
2-PB1,1508,2,0,0,2057,2059,C
2-PB1,1509,0,2056,0,3,2059,T
2-PB1,1510,2066,0,0,0,2066,A
2-PB1,1511,2072,0,0,0,2072,A
2-PB1,1512,0,2096,0,0,2096,T
2-PB1,1513,0,2101,0,1,2102,T
2-PB1,1514,0,2094,1,0,2095,T
2-PB1,1515,0,2100,0,0,2100,T
2-PB1,1516,2092,0,1,0,2093,A
2-PB1,1517,0,2,2107,0,2109,G
2-PB1,1518,6,1,0,2104,2111,C
2-PB1,1519,2104,0,2,0,2106,A
2-PB1,1520,0,2096,0,0,2096,T
2-PB1,1521,1,4,2073,4,2082,G
2-PB1,1522,3,0,2091,2,2096,G
2-PB1,1523,2084,0,3,0,2087,A
2-PB1,1524,0,3,2088,0,2091,G
2-PB1,1525,1,2,0,2081,2084,C
2-PB1,1526,0,2003,0,2,2005,T
2-PB1,1527,2,8,2009,1,2020,G
2-PB1,1528,1,0,1,2007,2009,C
2-PB1,1529,2,0,0,2007,2009,C
2-PB1,1530,5,0,1,2011,2017,C
2-PB1,1531,1981,0,1,0,1982,A
2-PB1,1532,0,1,2087,0,2088,G
2-PB1,1533,0,2089,0,2,2091,T
2-PB1,1534,0,2087,0,3,2090,T
2-PB1,1535,0,2090,0,1,2091,T
2-PB1,1536,0,2067,0,2,2069,T
2-PB1,1537,1,6,2061,0,2068,G
2-PB1,1538,1,1,2066,1,2069,G
2-PB1,1539,2065,0,2,0,2067,A
2-PB1,1540,0,0,2089,0,2089,G
2-PB1,1541,0,1914,0,0,1914,T
2-PB1,1542,0,5,1985,3,1993,G
2-PB1,1543,0,1968,0,5,1973,T
2-PB1,1544,7,1,8,1962,1978,C
2-PB1,1545,0,1971,0,1,1972,T
2-PB1,1546,1,6,1976,0,1983,G
2-PB1,1547,1,1,1996,0,1998,G
2-PB1,1548,1999,0,0,0,1999,A
2-PB1,1549,2000,0,0,0,2000,A
2-PB1,1550,0,1985,0,0,1985,T
2-PB1,1551,1815,0,0,0,1815,A
2-PB1,1552,1817,0,1,0,1818,A
2-PB1,1553,1811,0,1,0,1812,A
2-PB1,1554,2,2,0,1817,1821,C
2-PB1,1555,1,1,1804,1,1807,G
2-PB1,1556,1782,0,2,0,1784,A
2-PB1,1557,0,1,1779,0,1780,G
2-PB1,1558,0,1772,0,0,1772,T
2-PB1,1559,6,0,0,1777,1783,C
2-PB1,1560,1771,0,1,0,1772,A
2-PB1,1561,0,1,1791,1,1793,G
2-PB1,1562,2,1,0,1786,1789,C
2-PB1,1563,0,1797,0,1,1798,T
2-PB1,1564,2,11,1840,4,1857,G
2-PB1,1565,1848,0,0,0,1848,A
2-PB1,1566,0,1843,0,0,1843,T
2-PB1,1567,1844,0,1,0,1845,A
2-PB1,1568,0,1818,0,2,1820,T
2-PB1,1569,1,2,1823,4,1830,G
2-PB1,1570,1739,0,2,1,1742,A
2-PB1,1571,0,1,1766,1,1768,G
2-PB1,1572,5,0,2,1766,1773,C
2-PB1,1573,1694,0,0,0,1694,A
2-PB1,1574,0,1670,0,1,1671,T
2-PB1,1575,0,1675,0,1,1676,T
2-PB1,1576,2,4,1697,0,1703,G
2-PB1,1577,2,3,1732,0,1737,G
2-PB1,1578,1715,0,4,0,1719,A
2-PB1,1579,0,0,1733,0,1733,G
2-PB1,1580,0,1672,0,1,1673,T
2-PB1,1581,1613,0,0,0,1613,A
2-PB1,1582,1605,0,2,1,1608,A
2-PB1,1583,0,0,1,1615,1616,C
2-PB1,1584,1585,0,1,0,1586,A
2-PB1,1585,0,0,1624,0,1624,G
2-PB1,1586,0,1511,0,0,1511,T
2-PB1,1587,1,3,1533,2,1539,G
2-PB1,1588,1549,1,1,0,1551,A
2-PB1,1589,0,1551,0,0,1551,T
2-PB1,1590,1535,0,0,0,1535,A
2-PB1,1591,1540,0,1,0,1541,A
2-PB1,1592,1472,0,3,0,1475,A
2-PB1,1593,1,1,1506,1,1509,G
2-PB1,1594,1451,0,3,0,1454,A
2-PB1,1595,1456,0,0,0,1456,A
2-PB1,1596,2,2,1,1471,1476,C
2-PB1,1597,1417,0,0,1,1418,A
2-PB1,1598,1433,1,0,0,1434,A
2-PB1,1599,3,3,3,1429,1438,C
2-PB1,1600,1459,0,1,0,1460,A
2-PB1,1601,0,1460,1,0,1461,T
2-PB1,1602,0,2,1440,3,1445,G
2-PB1,1603,1447,0,0,0,1447,A
2-PB1,1604,0,1444,0,0,1444,T
2-PB1,1605,1433,0,1,0,1434,A
2-PB1,1606,1448,0,0,0,1448,A
2-PB1,1607,1417,0,2,0,1419,A
2-PB1,1608,4,0,1,1433,1438,C
2-PB1,1609,1384,0,0,0,1384,A
2-PB1,1610,1386,0,0,0,1386,A
2-PB1,1611,1,1356,1,1,1359,T
2-PB1,1612,0,3,1352,1,1356,G
2-PB1,1613,1376,0,2,0,1378,A
2-PB1,1614,0,1,1,1393,1395,C
2-PB1,1615,0,0,0,1383,1383,C
2-PB1,1616,0,1353,0,0,1353,T
2-PB1,1617,0,1344,0,0,1344,T
2-PB1,1618,0,8,1356,0,1364,G
2-PB1,1619,0,2,1368,0,1370,G
2-PB1,1620,1386,0,1,0,1387,A
2-PB1,1621,0,0,0,1390,1390,C
2-PB1,1622,4,0,2,1371,1377,C
2-PB1,1623,1339,2,2,1,1344,A
2-PB1,1624,0,4,1364,1,1369,G
2-PB1,1625,1,0,1,1367,1369,C
2-PB1,1626,1376,0,0,1,1377,A
2-PB1,1627,1374,1,0,0,1375,A
2-PB1,1628,7,1,2,1360,1370,C
2-PB1,1629,1362,0,0,0,1362,A
2-PB1,1630,0,1,1400,0,1401,G
2-PB1,1631,0,0,0,1392,1392,C
2-PB1,1632,2,0,0,1399,1401,C
2-PB1,1633,2,0,3,1386,1391,C
2-PB1,1634,1395,0,1,0,1396,A
2-PB1,1635,1384,0,0,0,1384,A
2-PB1,1636,1395,0,0,0,1395,A
2-PB1,1637,0,1387,0,0,1387,T
2-PB1,1638,1,3,1378,0,1382,G
2-PB1,1639,0,2,1364,0,1366,G
2-PB1,1640,0,0,0,1384,1384,C
2-PB1,1641,0,1371,0,3,1374,T
2-PB1,1642,2,1,0,1443,1446,C
2-PB1,1643,0,1430,0,3,1433,T
2-PB1,1644,4,0,2,1438,1444,C
2-PB1,1645,4,1,0,1434,1439,C
2-PB1,1646,1450,0,0,0,1450,A
2-PB1,1647,1453,0,0,0,1453,A
2-PB1,1648,0,1436,0,1,1437,T
2-PB1,1649,1,1427,0,1,1429,T
2-PB1,1650,0,3,1439,1,1443,G
2-PB1,1651,0,1403,0,2,1405,T
2-PB1,1652,1,1407,0,1,1409,T
2-PB1,1653,5,1,1,1413,1420,C
2-PB1,1654,1419,0,0,1,1420,A
2-PB1,1655,0,1410,0,3,1413,T
2-PB1,1656,4,1,2,1412,1419,C
2-PB1,1657,1420,0,0,0,1420,A
2-PB1,1658,1427,0,0,0,1427,A
2-PB1,1659,1422,0,0,0,1422,A
2-PB1,1660,0,2,1456,0,1458,G
2-PB1,1661,1465,0,1,0,1466,A
2-PB1,1662,0,1474,0,0,1474,T
2-PB1,1663,0,1483,0,0,1483,T
2-PB1,1664,1475,0,1,0,1476,A
2-PB1,1665,2,0,3,1498,1503,C
2-PB1,1666,1493,0,2,0,1495,A
2-PB1,1667,0,3,1535,7,1545,G
2-PB1,1668,1551,2,0,0,1553,A
2-PB1,1669,0,1653,1,0,1654,T
2-PB1,1670,1667,0,2,0,1669,A
2-PB1,1671,3,1,1,1715,1720,C
2-PB1,1672,1725,0,5,1,1731,A
2-PB1,1673,2,2,3,1778,1785,C
2-PB1,1674,1758,0,3,0,1761,A
2-PB1,1675,0,1769,0,1,1770,T
2-PB1,1676,1755,0,1,0,1756,A
2-PB1,1677,3,4,2,1645,1654,C
2-PB1,1678,1660,1,0,0,1661,A
2-PB1,1679,0,0,1695,0,1695,G
2-PB1,1680,0,2,1727,1,1730,G
2-PB1,1681,0,1678,0,3,1681,T
2-PB1,1682,2,5,1693,2,1702,G
2-PB1,1683,1,1,1,1726,1729,C
2-PB1,1684,5,4,3,1725,1737,C
2-PB1,1685,1755,0,1,0,1756,A
2-PB1,1686,0,1757,0,0,1757,T
2-PB1,1687,1757,0,0,0,1757,A
2-PB1,1688,4,7,1746,3,1760,G
2-PB1,1689,1709,0,1,0,1710,A
2-PB1,1690,0,0,1725,0,1725,G
2-PB1,1691,1,3,1719,2,1725,G
2-PB1,1692,1639,1,2,0,1642,A
2-PB1,1693,3,6,1642,2,1653,G
2-PB1,1694,1631,0,6,0,1637,A
2-PB1,1695,5,1,0,1634,1640,C
2-PB1,1696,1632,0,1,0,1633,A
2-PB1,1697,2,1,0,1658,1661,C
2-PB1,1698,1647,0,3,0,1650,A
2-PB1,1699,2,1,0,1656,1659,C
2-PB1,1700,1649,0,0,0,1649,A
2-PB1,1701,1672,0,3,0,1675,A
2-PB1,1702,1685,0,0,0,1685,A
2-PB1,1703,0,1682,0,0,1682,T
2-PB1,1704,1,0,0,1680,1681,C
2-PB1,1705,7,2,1,1682,1692,C
2-PB1,1706,1673,0,1,0,1674,A
2-PB1,1707,3,3,1671,1,1678,G
2-PB1,1708,1676,0,1,0,1677,A
2-PB1,1709,1,0,0,1689,1690,C
2-PB1,1710,0,1,1686,1,1688,G
2-PB1,1711,1656,0,1,0,1657,A
2-PB1,1712,0,6,1667,0,1673,G
2-PB1,1713,1674,1,0,0,1675,A
2-PB1,1714,1669,1,1,0,1671,A
2-PB1,1715,0,0,1681,0,1681,G
2-PB1,1716,1675,0,3,0,1678,A
2-PB1,1717,0,1671,0,2,1673,T
2-PB1,1718,1,4,1,1654,1660,C
2-PB1,1719,1667,0,0,0,1667,A
2-PB1,1720,0,1659,0,1,1660,T
2-PB1,1721,1,1667,1,2,1671,T
2-PB1,1722,2,0,0,1661,1663,C
2-PB1,1723,1,0,1664,3,1668,G
2-PB1,1724,1676,0,3,0,1679,A
2-PB1,1725,3,1,1680,1,1685,G
2-PB1,1726,2,2,0,1679,1683,C
2-PB1,1727,0,1692,0,1,1693,T
2-PB1,1728,1699,0,1,0,1700,A
2-PB1,1729,1700,0,1,1,1702,A
2-PB1,1730,1703,0,2,0,1705,A
2-PB1,1731,1,1,1704,1,1707,G
2-PB1,1732,1703,0,0,0,1703,A
2-PB1,1733,1672,0,0,0,1672,A
2-PB1,1734,4,2,1666,0,1672,G
2-PB1,1735,3,0,2,1671,1676,C
2-PB1,1736,0,1653,0,2,1655,T
2-PB1,1737,3,4,1655,0,1662,G
2-PB1,1738,1,1642,0,2,1645,T
2-PB1,1739,0,4,1639,2,1645,G
2-PB1,1740,0,3,1647,0,1650,G
2-PB1,1741,0,0,1664,0,1664,G
2-PB1,1742,1655,0,3,0,1658,A
2-PB1,1743,0,1645,0,0,1645,T
2-PB1,1744,2,1,1,1610,1614,C
2-PB1,1745,1604,0,0,0,1604,A
2-PB1,1746,1622,0,3,0,1625,A
2-PB1,1747,1628,0,3,0,1631,A
2-PB1,1748,1,0,0,1641,1642,C
2-PB1,1749,1,0,0,1628,1629,C
2-PB1,1750,0,0,0,1653,1653,C
2-PB1,1751,1658,0,0,0,1658,A
2-PB1,1752,1683,0,2,0,1685,A
2-PB1,1753,0,1663,0,3,1666,T
2-PB1,1754,3,2,3,1672,1680,C
2-PB1,1755,1667,0,2,0,1669,A
2-PB1,1756,1664,0,0,1,1665,A
2-PB1,1757,0,0,1700,0,1700,G
2-PB1,1758,1,3,1691,0,1695,G
2-PB1,1759,0,0,1701,0,1701,G
2-PB1,1760,9,0,0,1688,1697,C
2-PB1,1761,1665,0,1,0,1666,A
2-PB1,1762,0,4,1703,1,1708,G
2-PB1,1763,2,1,1706,2,1711,G
2-PB1,1764,1708,0,2,0,1710,A
2-PB1,1765,2,0,1,1727,1730,C
2-PB1,1766,0,1702,0,1,1703,T
2-PB1,1767,1740,0,0,0,1740,A
2-PB1,1768,0,1730,0,1,1731,T
2-PB1,1769,0,1737,0,1,1738,T
2-PB1,1770,0,2,1731,3,1736,G
2-PB1,1771,3,0,1760,2,1765,G
2-PB1,1772,0,1748,0,1,1749,T
2-PB1,1773,1758,0,0,0,1758,A
2-PB1,1774,0,1737,0,1,1738,T
2-PB1,1775,1,2,7,1720,1730,C
2-PB1,1776,1669,0,1,0,1670,A
2-PB1,1777,1,2,1676,3,1682,G
2-PB1,1778,1675,0,1,0,1676,A
2-PB1,1779,0,1666,0,0,1666,T
2-PB1,1780,0,2,1625,1,1628,G
2-PB1,1781,0,2,1608,0,1610,G
2-PB1,1782,0,2,1600,0,1602,G
2-PB1,1783,2,2,1586,1,1591,G
2-PB1,1784,1,2,1571,0,1574,G
2-PB1,1785,7,1,1498,0,1506,G
2-PB1,1786,0,1,0,1503,1504,C
2-PB1,1787,3,0,0,1536,1539,C
2-PB1,1788,1542,0,0,0,1542,A
2-PB1,1789,1646,0,0,0,1646,A
2-PB1,1790,1649,0,1,0,1650,A
2-PB1,1791,1,0,0,1728,1729,C
2-PB1,1792,0,1718,0,3,1721,T
2-PB1,1793,0,1747,0,0,1747,T
2-PB1,1794,1752,0,0,0,1752,A
2-PB1,1795,1,1756,0,1,1758,T
2-PB1,1796,1761,0,0,0,1761,A
2-PB1,1797,1,1,1,1759,1762,C
2-PB1,1798,1646,0,0,0,1646,A
2-PB1,1799,1674,0,0,0,1674,A
2-PB1,1800,0,1630,0,1,1631,T
2-PB1,1801,1662,0,1,0,1663,A
2-PB1,1802,0,1661,0,1,1662,T
2-PB1,1803,2,1,1,1648,1652,C
2-PB1,1804,1,0,0,1651,1652,C
2-PB1,1805,2,6,1650,0,1658,G
2-PB1,1806,0,1,1662,0,1663,G
2-PB1,1807,1663,0,1,0,1664,A
2-PB1,1808,1669,0,0,0,1669,A
2-PB1,1809,0,1664,0,2,1666,T
2-PB1,1810,0,0,0,1682,1682,C
2-PB1,1811,0,1673,0,1,1674,T
2-PB1,1812,0,1683,0,0,1683,T
2-PB1,1813,4,2,1,1676,1683,C
2-PB1,1814,1685,1,2,0,1688,A
2-PB1,1815,0,0,0,1691,1691,C
2-PB1,1816,1693,0,0,0,1693,A
2-PB1,1817,0,1815,0,1,1816,T
2-PB1,1818,3,1,0,1815,1819,C
2-PB1,1819,1,0,0,1832,1833,C
2-PB1,1820,1,0,0,1845,1846,C
2-PB1,1821,0,1835,0,3,1838,T
2-PB1,1822,1,5,1838,4,1848,G
2-PB1,1823,1846,0,0,0,1846,A
2-PB1,1824,1837,0,2,0,1839,A
2-PB1,1825,0,0,1845,1,1846,G
2-PB1,1826,0,1740,0,2,1742,T
2-PB1,1827,9,0,1,1740,1750,C
2-PB1,1828,0,1716,0,1,1717,T
2-PB1,1829,1,8,1750,3,1762,G
2-PB1,1830,1,3,2,1750,1756,C
2-PB1,1831,0,1762,0,3,1765,T
2-PB1,1832,0,1769,0,2,1771,T
2-PB1,1833,1766,0,1,0,1767,A
2-PB1,1834,1753,0,0,0,1753,A
2-PB1,1835,1747,0,0,0,1747,A
2-PB1,1836,1,1,1752,0,1754,G
2-PB1,1837,0,1750,0,0,1750,T
2-PB1,1838,1,4,1728,0,1733,G
2-PB1,1839,0,4,1725,0,1729,G
2-PB1,1840,1,1,1731,0,1733,G
2-PB1,1841,1721,0,4,0,1725,A
2-PB1,1842,0,0,1745,0,1745,G
2-PB1,1843,3,1,0,1727,1731,C
2-PB1,1844,0,1704,0,2,1706,T
2-PB1,1845,0,5,1703,0,1708,G
2-PB1,1846,1702,0,0,0,1702,A
2-PB1,1847,0,1701,0,0,1701,T
2-PB1,1848,1,2,1704,0,1707,G
2-PB1,1849,0,0,1701,0,1701,G
2-PB1,1850,1694,0,3,0,1697,A
2-PB1,1851,0,1694,0,0,1694,T
2-PB1,1852,1,1,1683,1,1686,G
2-PB1,1853,1652,0,2,0,1654,A
2-PB1,1854,1,3,1667,0,1671,G
2-PB1,1855,1669,0,2,0,1671,A
2-PB1,1856,1672,0,2,0,1674,A
2-PB1,1857,0,1664,0,0,1664,T
2-PB1,1858,0,1647,0,1,1648,T
2-PB1,1859,1658,0,0,0,1658,A
2-PB1,1860,0,1647,0,2,1649,T
2-PB1,1861,3,3,1,1650,1657,C
2-PB1,1862,2,1,1651,1,1655,G
2-PB1,1863,0,2,1644,1,1647,G
2-PB1,1864,0,2,1639,0,1641,G
2-PB1,1865,0,2,1650,0,1652,G
2-PB1,1866,1636,0,0,0,1636,A
2-PB1,1867,1635,0,1,0,1636,A
2-PB1,1868,0,0,1642,1,1643,G
2-PB1,1869,1625,0,1,0,1626,A
2-PB1,1870,0,0,0,1644,1644,C
2-PB1,1871,0,1613,0,2,1615,T
2-PB1,1872,0,1651,0,2,1653,T
2-PB1,1873,0,1651,0,2,1653,T
2-PB1,1874,2,1,1665,2,1670,G
2-PB1,1875,1,1665,0,1,1667,T
2-PB1,1876,1670,0,0,0,1670,A
2-PB1,1877,1663,0,1,0,1664,A
2-PB1,1878,0,1625,0,1,1626,T
2-PB1,1879,2,3,0,1643,1648,C
2-PB1,1880,1,0,0,1630,1631,C
2-PB1,1881,2,2,0,1621,1625,C
2-PB1,1882,1,5,0,1640,1646,C
2-PB1,1883,0,1634,0,2,1636,T
2-PB1,1884,1,6,1647,5,1659,G
2-PB1,1885,1651,0,2,0,1653,A
2-PB1,1886,1666,0,0,0,1666,A
2-PB1,1887,0,1659,0,4,1663,T
2-PB1,1888,2,1,1,1643,1647,C
2-PB1,1889,3,1,0,1622,1626,C
2-PB1,1890,3,0,0,1615,1618,C
2-PB1,1891,0,1610,0,2,1612,T
2-PB1,1892,0,1627,0,2,1629,T
2-PB1,1893,0,1620,0,3,1623,T
2-PB1,1894,1,3,1618,1,1623,G
2-PB1,1895,0,1626,0,0,1626,T
2-PB1,1896,9,4,0,1600,1613,C
2-PB1,1897,1604,0,0,0,1604,A
2-PB1,1898,0,2,1642,1,1645,G
2-PB1,1899,1,0,0,1631,1632,C
2-PB1,1900,2,2,0,1625,1629,C
2-PB1,1901,1634,0,1,0,1635,A
2-PB1,1902,0,1643,0,0,1643,T
2-PB1,1903,1636,0,2,0,1638,A
2-PB1,1904,1637,0,0,0,1637,A
2-PB1,1905,1633,0,2,0,1635,A
2-PB1,1906,0,1,1662,2,1665,G
2-PB1,1907,1634,0,0,0,1634,A
2-PB1,1908,1636,0,1,0,1637,A
2-PB1,1909,1633,0,2,0,1635,A
2-PB1,1910,0,1630,0,0,1630,T
2-PB1,1911,1,1619,0,0,1620,T
2-PB1,1912,0,4,1623,0,1627,G
2-PB1,1913,1614,0,1,0,1615,A
2-PB1,1914,0,0,1649,0,1649,G
2-PB1,1915,0,1646,0,0,1646,T
2-PB1,1916,3,1,1,1655,1660,C
2-PB1,1917,0,1642,0,0,1642,T
2-PB1,1918,3,5,1661,2,1671,G
2-PB1,1919,0,1667,0,0,1667,T
2-PB1,1920,1694,0,0,0,1694,A
2-PB1,1921,1692,0,0,0,1692,A
2-PB1,1922,1690,0,1,0,1691,A
2-PB1,1923,1,0,3,1711,1715,C
2-PB1,1924,1627,0,0,0,1627,A
2-PB1,1925,1677,0,0,1,1678,A
2-PB1,1926,0,1671,0,0,1671,T
2-PB1,1927,2,3,1652,1,1658,G
2-PB1,1928,6,1,1,1631,1639,C
2-PB1,1929,1604,2,1,0,1607,A
2-PB1,1930,0,2,1700,2,1704,G
2-PB1,1931,0,1710,0,0,1710,T
2-PB1,1932,1736,0,1,0,1737,A
2-PB1,1933,0,1,1721,4,1726,G
2-PB1,1934,0,1680,0,1,1681,T
2-PB1,1935,1657,0,1,0,1658,A
2-PB1,1936,1655,0,0,0,1655,A
2-PB1,1937,0,1634,0,0,1634,T
2-PB1,1938,0,3,1637,1,1641,G
2-PB1,1939,1,0,0,1621,1622,C
2-PB1,1940,1,0,0,1545,1546,C
2-PB1,1941,2,1,1519,0,1522,G
2-PB1,1942,2,1,1546,0,1549,G
2-PB1,1943,1,2,0,1568,1571,C
2-PB1,1944,1,1,0,1561,1563,C
2-PB1,1945,6,3,0,1578,1587,C
2-PB1,1946,1582,0,1,0,1583,A
2-PB1,1947,0,1576,0,1,1577,T
2-PB1,1948,0,9,1582,2,1593,G
2-PB1,1949,1,0,1595,0,1596,G
2-PB1,1950,0,1577,2,3,1582,T
2-PB1,1951,3,2,1,1571,1577,C
2-PB1,1952,1,1,0,1552,1554,C
2-PB1,1953,2,2,1564,1,1569,G
2-PB1,1954,1,0,1561,0,1562,G
2-PB1,1955,0,0,0,1540,1540,C
2-PB1,1956,2,0,1,1560,1563,C
2-PB1,1957,1570,0,0,0,1570,A
2-PB1,1958,1573,0,1,0,1574,A
2-PB1,1959,1570,0,0,0,1570,A
2-PB1,1960,1573,0,0,0,1573,A
2-PB1,1961,1,0,1602,1,1604,G
2-PB1,1962,0,1563,0,0,1563,T
2-PB1,1963,1585,0,1,0,1586,A
2-PB1,1964,1,1580,0,1,1582,T
2-PB1,1965,2,0,1578,2,1582,G
2-PB1,1966,1,4,1604,0,1609,G
2-PB1,1967,1596,1,0,0,1597,A
2-PB1,1968,1628,0,1,0,1629,A
2-PB1,1969,0,1614,0,0,1614,T
2-PB1,1970,1559,0,1,0,1560,A
2-PB1,1971,0,1534,0,2,1536,T
2-PB1,1972,1,1,1519,4,1525,G
2-PB1,1973,1530,0,2,0,1532,A
2-PB1,1974,0,1511,0,0,1511,T
2-PB1,1975,0,3,1483,3,1489,G
2-PB1,1976,1,1,0,1477,1479,C
2-PB1,1977,1,1,0,1456,1458,C
2-PB1,1978,1,0,1449,1,1451,G
2-PB1,1979,0,1452,0,2,1454,T
2-PB1,1980,0,1445,0,4,1449,T
2-PB1,1981,1,1,1449,1,1452,G
2-PB1,1982,8,0,0,1468,1476,C
2-PB1,1983,1479,0,0,0,1479,A
2-PB1,1984,1519,0,1,0,1520,A
2-PB1,1985,3,0,0,1529,1532,C
2-PB1,1986,0,1514,0,1,1515,T
2-PB1,1987,1526,0,0,0,1526,A
2-PB1,1988,3,2,1,1525,1531,C
2-PB1,1989,1527,0,2,0,1529,A
2-PB1,1990,2,1,0,1542,1545,C
2-PB1,1991,1507,1,0,0,1508,A
2-PB1,1992,1,0,1,1615,1617,C
2-PB1,1993,0,1584,0,1,1585,T
2-PB1,1994,2,1,3,1583,1589,C
2-PB1,1995,0,1,1,1594,1596,C
2-PB1,1996,0,1578,0,1,1579,T
2-PB1,1997,1,3,1585,0,1589,G
2-PB1,1998,0,1,1594,0,1595,G
2-PB1,1999,1609,0,1,0,1610,A
2-PB1,2000,0,1619,0,2,1621,T
2-PB1,2001,0,1449,0,3,1452,T
2-PB1,2002,2,3,0,1477,1482,C
2-PB1,2003,2,3,0,1454,1459,C
2-PB1,2004,2,0,0,1464,1466,C
2-PB1,2005,1472,0,1,0,1473,A
2-PB1,2006,1467,0,1,0,1468,A
2-PB1,2007,3,7,1461,3,1474,G
2-PB1,2008,1473,0,0,0,1473,A
2-PB1,2009,0,0,1466,0,1466,G
2-PB1,2010,1,1,1481,0,1483,G
2-PB1,2011,1441,0,2,0,1443,A
2-PB1,2012,1436,0,1,0,1437,A
2-PB1,2013,0,1,0,1442,1443,C
2-PB1,2014,3,1,3,1421,1428,C
2-PB1,2015,2,0,1458,1,1461,G
2-PB1,2016,2,1,0,1449,1452,C
2-PB1,2017,0,1459,0,4,1463,T
2-PB1,2018,3,1,3,1458,1465,C
2-PB1,2019,0,1470,0,0,1470,T
2-PB1,2020,1584,0,0,0,1584,A
2-PB1,2021,0,1573,0,2,1575,T
2-PB1,2022,0,1574,0,2,1576,T
2-PB1,2023,3,2,3,1584,1592,C
2-PB1,2024,0,1535,0,0,1535,T
2-PB1,2025,1552,0,1,0,1553,A
2-PB1,2026,1540,0,2,0,1542,A
2-PB1,2027,1539,0,2,0,1541,A
2-PB1,2028,4,2,0,1543,1549,C
2-PB1,2029,1439,1,4,0,1444,A
2-PB1,2030,1,0,0,1450,1451,C
2-PB1,2031,1440,0,2,0,1442,A
2-PB1,2032,1459,0,2,0,1461,A
2-PB1,2033,0,1,1465,1,1467,G
2-PB1,2034,1,3,0,1456,1460,C
2-PB1,2035,3,1,3,1461,1468,C
2-PB1,2036,1456,0,1,0,1457,A
2-PB1,2037,1454,0,1,0,1455,A
2-PB1,2038,1451,0,3,0,1454,A
2-PB1,2039,0,3,1463,0,1466,G
2-PB1,2040,2,1,1460,0,1463,G
2-PB1,2041,0,1,1432,0,1433,G
2-PB1,2042,1,1,1430,0,1432,G
2-PB1,2043,1420,0,0,0,1420,A
2-PB1,2044,1428,0,0,0,1428,A
2-PB1,2045,0,1423,0,1,1424,T
2-PB1,2046,0,1427,0,1,1428,T
2-PB1,2047,1,0,1,1434,1436,C
2-PB1,2048,0,1419,0,2,1421,T
2-PB1,2049,0,1427,0,0,1427,T
2-PB1,2050,3,4,1422,1,1430,G
2-PB1,2051,1417,0,1,0,1418,A
2-PB1,2052,1,0,1431,0,1432,G
2-PB1,2053,1,1,1420,0,1422,G
2-PB1,2054,1416,0,0,0,1416,A
2-PB1,2055,0,1380,0,3,1383,T
2-PB1,2056,0,2,1386,3,1391,G
2-PB1,2057,1381,0,1,0,1382,A
2-PB1,2058,1383,0,1,0,1384,A
2-PB1,2059,7,0,1,1377,1385,C
2-PB1,2060,1377,0,0,0,1377,A
2-PB1,2061,0,4,1388,3,1395,G
2-PB1,2062,1380,0,1,0,1381,A
2-PB1,2063,0,1388,0,1,1389,T
2-PB1,2064,0,2,1432,2,1436,G
2-PB1,2065,0,1450,0,2,1452,T
2-PB1,2066,1448,0,0,0,1448,A
2-PB1,2067,1,2,2,1442,1447,C
2-PB1,2068,6,0,5,1432,1443,C
2-PB1,2069,1416,0,1,0,1417,A
2-PB1,2070,1,2,1385,4,1392,G
2-PB1,2071,1380,0,2,0,1382,A
2-PB1,2072,1374,0,0,0,1374,A
2-PB1,2073,0,1,1384,0,1385,G
2-PB1,2074,0,1313,0,0,1313,T
2-PB1,2075,0,3,1324,0,1327,G
2-PB1,2076,2,0,1,1323,1326,C
2-PB1,2077,0,1323,0,1,1324,T
2-PB1,2078,0,0,1318,3,1321,G
2-PB1,2079,2,2,1,1315,1320,C
2-PB1,2080,1314,0,0,0,1314,A
2-PB1,2081,1305,0,1,0,1306,A
2-PB1,2082,2,1,1,1292,1296,C
2-PB1,2083,0,1283,0,3,1286,T
2-PB1,2084,0,1269,0,0,1269,T
2-PB1,2085,0,2,1267,2,1271,G
2-PB1,2086,0,1270,0,0,1270,T
2-PB1,2087,0,1267,0,0,1267,T
2-PB1,2088,1,3,0,1265,1269,C
2-PB1,2089,0,1,1268,0,1269,G
2-PB1,2090,1265,0,0,0,1265,A
2-PB1,2091,0,1,1262,0,1263,G
2-PB1,2092,1268,0,1,0,1269,A
2-PB1,2093,1263,0,0,0,1263,A
2-PB1,2094,1262,1,1,0,1264,A
2-PB1,2095,0,1257,0,2,1259,T
2-PB1,2096,0,1259,0,1,1260,T
2-PB1,2097,0,1273,0,0,1273,T
2-PB1,2098,0,1275,0,0,1275,T
2-PB1,2099,0,1273,0,1,1274,T
2-PB1,2100,0,0,0,1281,1281,C
2-PB1,2101,4,0,1,1275,1280,C
2-PB1,2102,3,0,1,1286,1290,C
2-PB1,2103,0,1290,0,0,1290,T
2-PB1,2104,1287,0,0,0,1287,A
2-PB1,2105,1,0,1293,2,1296,G
2-PB1,2106,0,1292,0,1,1293,T
2-PB1,2107,1309,0,1,0,1310,A
2-PB1,2108,0,0,1313,0,1313,G
2-PB1,2109,1,1285,0,0,1286,T
2-PB1,2110,0,1334,0,2,1336,T
2-PB1,2111,3,0,0,1343,1346,C
2-PB1,2112,1363,0,0,0,1363,A
2-PB1,2113,0,1372,0,1,1373,T
2-PB1,2114,1374,0,1,0,1375,A
2-PB1,2115,0,1378,0,0,1378,T
2-PB1,2116,1328,0,2,0,1330,A
2-PB1,2117,0,2,1321,1,1324,G
2-PB1,2118,2,1,1309,3,1315,G
2-PB1,2119,1226,0,1,0,1227,A
2-PB1,2120,1,2,1223,0,1226,G
2-PB1,2121,1148,0,1,0,1149,A
2-PB1,2122,1,1,0,1144,1146,C
2-PB1,2123,0,1,0,1053,1054,C
2-PB1,2124,1,1,1047,0,1049,G
2-PB1,2125,1037,0,0,0,1037,A
2-PB1,2126,0,1042,0,0,1042,T
2-PB1,2127,0,1040,0,1,1041,T
2-PB1,2128,1,2,1038,0,1041,G
2-PB1,2129,2,2,1033,2,1039,G
2-PB1,2130,1038,0,0,0,1038,A
2-PB1,2131,1040,0,1,0,1041,A
2-PB1,2132,0,1038,0,0,1038,T
2-PB1,2133,0,1025,0,0,1025,T
2-PB1,2134,0,1020,0,2,1022,T
2-PB1,2135,1,0,1,1031,1033,C
2-PB1,2136,0,1034,0,0,1034,T
2-PB1,2137,1034,0,0,0,1034,A
2-PB1,2138,0,1,1031,1,1033,G
2-PB1,2139,2,2,0,1028,1032,C
2-PB1,2140,1028,0,1,0,1029,A
2-PB1,2141,0,1028,0,0,1028,T
2-PB1,2142,0,2,1029,0,1031,G
2-PB1,2143,0,0,1054,1,1055,G
2-PB1,2144,0,1043,0,1,1044,T
2-PB1,2145,0,3,1037,0,1040,G
2-PB1,2146,1,2,1045,1,1049,G
2-PB1,2147,1007,0,1,0,1008,A
2-PB1,2148,1,0,1010,0,1011,G
2-PB1,2149,0,0,1006,0,1006,G
2-PB1,2150,1,0,0,972,973,C
2-PB1,2151,4,2,0,943,949,C
2-PB1,2152,900,0,0,0,900,A
2-PB1,2153,0,903,0,0,903,T
2-PB1,2154,0,5,891,0,896,G
2-PB1,2155,0,1,924,0,925,G
2-PB1,2156,0,911,0,0,911,T
2-PB1,2157,0,2,931,1,934,G
2-PB1,2158,0,909,0,3,912,T
2-PB1,2159,4,0,6,887,897,C
2-PB1,2160,0,891,0,1,892,T
2-PB1,2161,882,0,0,0,882,A
2-PB1,2162,0,3,880,0,883,G
2-PB1,2163,1,0,853,0,854,G
2-PB1,2164,0,1,838,0,839,G
2-PB1,2165,0,0,0,822,822,C
2-PB1,2166,2,2,0,791,795,C
2-PB1,2167,0,0,0,785,785,C
2-PB1,2168,0,1,783,0,784,G
2-PB1,2169,0,2,787,1,790,G
2-PB1,2170,791,0,0,0,791,A
2-PB1,2171,1,780,0,0,781,T
2-PB1,2172,0,759,0,0,759,T
2-PB1,2173,2,0,741,1,744,G
2-PB1,2174,739,1,3,0,743,A
2-PB1,2175,0,743,0,2,745,T
2-PB1,2176,0,0,745,0,745,G
2-PB1,2177,0,2,0,740,742,C
2-PB1,2178,4,0,0,733,737,C
2-PB1,2179,730,0,0,0,730,A
2-PB1,2180,0,0,729,0,729,G
2-PB1,2181,731,0,0,0,731,A
2-PB1,2182,731,0,0,0,731,A
2-PB1,2183,0,727,0,0,727,T
2-PB1,2184,0,720,0,0,720,T
2-PB1,2185,0,0,717,1,718,G
2-PB1,2186,704,0,0,0,704,A
2-PB1,2187,1,0,0,712,713,C
2-PB1,2188,0,708,0,1,709,T
2-PB1,2189,0,710,0,0,710,T
2-PB1,2190,0,0,0,703,703,C
2-PB1,2191,1,0,704,0,705,G
2-PB1,2192,698,0,0,0,698,A
2-PB1,2193,0,0,680,0,680,G
2-PB1,2194,0,677,0,0,677,T
2-PB1,2195,1,0,1,683,685,C
2-PB1,2196,0,689,0,1,690,T
2-PB1,2197,0,4,685,0,689,G
2-PB1,2198,0,1,684,1,686,G
2-PB1,2199,688,0,0,0,688,A
2-PB1,2200,616,0,0,0,616,A
2-PB1,2201,0,1,615,0,616,G
2-PB1,2202,1,0,626,0,627,G
2-PB1,2203,628,0,0,0,628,A
2-PB1,2204,0,621,0,0,621,T
2-PB1,2205,0,624,0,0,624,T
2-PB1,2206,616,0,1,0,617,A
2-PB1,2207,606,0,0,0,606,A
2-PB1,2208,1,0,608,0,609,G
2-PB1,2209,608,0,0,0,608,A
2-PB1,2210,585,0,0,0,585,A
2-PB1,2211,0,1,544,0,545,G
2-PB1,2212,0,0,534,0,534,G
2-PB1,2213,531,0,1,0,532,A
2-PB1,2214,529,0,1,0,530,A
2-PB1,2215,0,0,530,1,531,G
2-PB1,2216,508,0,1,0,509,A
2-PB1,2217,1,0,506,0,507,G
2-PB1,2218,0,480,0,0,480,T
2-PB1,2219,0,474,0,0,474,T
2-PB1,2220,0,0,0,481,481,C
2-PB1,2221,0,459,0,1,460,T
2-PB1,2222,1,1,2,458,462,C
2-PB1,2223,0,460,0,0,460,T
2-PB1,2224,0,0,456,1,457,G
2-PB1,2225,448,0,0,0,448,A
2-PB1,2226,0,1,442,0,443,G
2-PB1,2227,433,0,0,0,433,A
2-PB1,2228,0,417,0,0,417,T
2-PB1,2229,1,0,2,356,359,C
2-PB1,2230,361,0,0,0,361,A
2-PB1,2231,0,354,0,0,354,T
2-PB1,2232,1,2,351,0,354,G
2-PB1,2233,352,0,1,0,353,A
2-PB1,2234,351,0,0,0,351,A
2-PB1,2235,0,0,347,0,347,G
2-PB1,2236,334,0,0,0,334,A
2-PB1,2237,0,327,0,0,327,T
2-PB1,2238,0,0,0,329,329,C
2-PB1,2239,0,304,0,0,304,T
2-PB1,2240,0,0,309,0,309,G
2-PB1,2241,0,307,0,1,308,T
2-PB1,2242,0,307,0,2,309,T
2-PB1,2243,1,0,0,304,305,C
2-PB1,2244,5,0,0,295,300,C
2-PB1,2245,294,0,0,0,294,A
2-PB1,2246,1,1,0,298,300,C
2-PB1,2247,1,0,1,283,285,C
2-PB1,2248,272,0,0,0,272,A
2-PB1,2249,0,256,0,0,256,T
2-PB1,2250,0,250,0,0,250,T
2-PB1,2251,1,1,245,2,249,G
2-PB1,2252,248,0,0,0,248,A
2-PB1,2253,245,0,0,0,245,A
2-PB1,2254,0,0,247,0,247,G
2-PB1,2255,206,0,0,0,206,A
2-PB1,2256,201,0,0,0,201,A
2-PB1,2257,0,0,0,204,204,C
2-PB1,2258,0,189,0,1,190,T
2-PB1,2259,1,1,0,186,188,C
2-PB1,2260,176,0,0,0,176,A
2-PB1,2261,0,0,177,0,177,G
2-PB1,2262,179,0,0,0,179,A
2-PB1,2263,1,0,0,175,176,C
2-PB1,2264,0,0,170,0,170,G
2-PB1,2265,1,0,162,0,163,G
2-PB1,2266,0,0,0,159,159,C
2-PB1,2267,158,0,1,0,159,A
2-PB1,2268,159,0,0,0,159,A
2-PB1,2269,158,0,0,0,158,A
2-PB1,2270,159,0,0,0,159,A
2-PB1,2271,157,0,0,0,157,A
2-PB1,2272,0,151,0,0,151,T
2-PB1,2273,142,0,0,0,142,A
2-PB1,2274,141,0,0,0,141,A
3-PA,1,42,0,0,0,42,A
3-PA,2,0,42,0,0,42,T
3-PA,3,0,0,43,0,43,G
3-PA,4,0,0,44,0,44,G
3-PA,5,44,0,0,0,44,A
3-PA,6,44,0,0,0,44,A
3-PA,7,0,0,45,0,45,G
3-PA,8,49,0,0,0,49,A
3-PA,9,0,49,0,0,49,T
3-PA,10,0,49,0,0,49,T
3-PA,11,0,53,0,0,53,T
3-PA,12,0,53,0,0,53,T
3-PA,13,0,1,56,0,57,G
3-PA,14,0,57,0,0,57,T
3-PA,15,0,0,59,0,59,G
3-PA,16,0,0,0,62,62,C
3-PA,17,0,1,62,0,63,G
3-PA,18,71,0,0,0,71,A
3-PA,19,0,0,0,73,73,C
3-PA,20,73,0,0,0,73,A
3-PA,21,73,0,0,0,73,A
3-PA,22,0,78,0,0,78,T
3-PA,23,0,1,102,0,103,G
3-PA,24,0,0,0,107,107,C
3-PA,25,0,109,0,0,109,T
3-PA,26,0,110,0,0,110,T
3-PA,27,0,1,0,113,114,C
3-PA,28,119,0,0,0,119,A
3-PA,29,125,0,0,0,125,A
3-PA,30,0,0,0,130,130,C
3-PA,31,0,0,0,131,131,C
3-PA,32,0,0,0,131,131,C
3-PA,33,2,0,130,1,133,G
3-PA,34,129,0,1,0,130,A
3-PA,35,0,134,0,1,135,T
3-PA,36,0,0,135,0,135,G
3-PA,37,136,0,0,0,136,A
3-PA,38,0,146,0,1,147,T
3-PA,39,0,149,0,0,149,T
3-PA,40,0,0,149,0,149,G
3-PA,41,0,147,0,0,147,T
3-PA,42,0,149,0,0,149,T
3-PA,43,0,1,154,0,155,G
3-PA,44,158,0,0,0,158,A
3-PA,45,157,0,0,0,157,A
3-PA,46,0,0,0,160,160,C
3-PA,47,1,160,0,0,161,T
3-PA,48,0,162,0,0,162,T
3-PA,49,0,0,160,1,161,G
3-PA,50,1,0,0,162,163,C
3-PA,51,163,0,0,0,163,A
3-PA,52,0,0,166,0,166,G
3-PA,53,165,0,0,0,165,A
3-PA,54,165,0,0,0,165,A
3-PA,55,165,0,0,0,165,A
3-PA,56,168,0,0,0,168,A
3-PA,57,169,0,0,0,169,A
3-PA,58,0,0,171,0,171,G
3-PA,59,0,0,0,179,179,C
3-PA,60,180,0,0,0,180,A
3-PA,61,190,0,0,0,190,A
3-PA,62,0,191,0,0,191,T
3-PA,63,0,0,195,0,195,G
3-PA,64,199,0,3,0,202,A
3-PA,65,203,0,0,0,203,A
3-PA,66,201,0,2,0,203,A
3-PA,67,0,1,215,4,220,G
3-PA,68,233,0,0,0,233,A
3-PA,69,1,1,258,2,262,G
3-PA,70,0,257,0,1,258,T
3-PA,71,263,0,0,0,263,A
3-PA,72,0,265,0,0,265,T
3-PA,73,0,3,258,2,263,G
3-PA,74,0,2,261,0,263,G
3-PA,75,0,0,263,0,263,G
3-PA,76,0,0,260,0,260,G
3-PA,77,254,0,1,0,255,A
3-PA,78,0,0,256,0,256,G
3-PA,79,0,1,253,0,254,G
3-PA,80,255,0,0,0,255,A
3-PA,81,0,258,0,0,258,T
3-PA,82,0,258,0,0,258,T
3-PA,83,0,260,0,0,260,T
3-PA,84,0,1,260,0,261,G
3-PA,85,260,0,0,0,260,A
3-PA,86,260,0,1,0,261,A
3-PA,87,260,0,1,0,261,A
3-PA,88,261,0,0,0,261,A
3-PA,89,0,257,0,0,257,T
3-PA,90,0,259,0,0,259,T
3-PA,91,0,0,260,0,260,G
3-PA,92,260,0,1,0,261,A
3-PA,93,262,0,0,0,262,A
3-PA,94,261,0,0,0,261,A
3-PA,95,0,0,0,265,265,C
3-PA,96,265,0,0,0,265,A
3-PA,97,265,0,0,0,265,A
3-PA,98,265,0,0,0,265,A
3-PA,99,0,0,0,266,266,C
3-PA,100,265,0,1,0,266,A
3-PA,101,270,0,0,0,270,A
3-PA,102,272,0,0,0,272,A
3-PA,103,0,273,0,0,273,T
3-PA,104,0,274,0,0,274,T
3-PA,105,0,275,0,0,275,T
3-PA,106,0,0,278,0,278,G
3-PA,107,0,0,0,278,278,C
3-PA,108,280,0,1,0,281,A
3-PA,109,0,1,291,0,292,G
3-PA,110,1,0,1,287,289,C
3-PA,111,314,0,0,0,314,A
3-PA,112,315,0,0,0,315,A
3-PA,113,0,331,0,0,331,T
3-PA,114,344,0,0,0,344,A
3-PA,115,0,344,0,1,345,T
3-PA,116,0,0,354,1,355,G
3-PA,117,0,1,0,360,361,C
3-PA,118,361,0,0,0,361,A
3-PA,119,0,0,0,376,376,C
3-PA,120,0,372,0,1,373,T
3-PA,121,0,0,0,429,429,C
3-PA,122,433,0,1,0,434,A
3-PA,123,1,0,0,444,445,C
3-PA,124,0,444,0,0,444,T
3-PA,125,0,443,0,2,445,T
3-PA,126,0,2,439,5,446,G
3-PA,127,1,0,451,0,452,G
3-PA,128,448,0,1,0,449,A
3-PA,129,1,0,456,0,457,G
3-PA,130,1,0,459,0,460,G
3-PA,131,0,433,0,0,433,T
3-PA,132,0,0,453,1,454,G
3-PA,133,0,452,0,0,452,T
3-PA,134,0,0,464,0,464,G
3-PA,135,1,464,0,0,465,T
3-PA,136,0,461,0,0,461,T
3-PA,137,0,464,0,0,464,T
3-PA,138,1,0,0,464,465,C
3-PA,139,465,0,2,0,467,A
3-PA,140,0,463,0,0,463,T
3-PA,141,0,2,489,3,494,G
3-PA,142,0,494,0,0,494,T
3-PA,143,496,0,0,0,496,A
3-PA,144,1,493,0,2,496,T
3-PA,145,0,498,0,0,498,T
3-PA,146,1,0,0,496,497,C
3-PA,147,494,0,0,0,494,A
3-PA,148,0,0,499,1,500,G
3-PA,149,502,0,0,0,502,A
3-PA,150,0,505,0,0,505,T
3-PA,151,0,503,0,0,503,T
3-PA,152,0,500,0,0,500,T
3-PA,153,0,0,0,503,503,C
3-PA,154,2,0,0,504,506,C
3-PA,155,506,0,0,0,506,A
3-PA,156,0,507,0,1,508,T
3-PA,157,0,502,0,0,502,T
3-PA,158,0,506,0,1,507,T
3-PA,159,0,0,0,510,510,C
3-PA,160,509,0,1,0,510,A
3-PA,161,0,523,0,0,523,T
3-PA,162,1,0,1,520,522,C
3-PA,163,524,0,0,0,524,A
3-PA,164,533,0,0,0,533,A
3-PA,165,0,537,0,0,537,T
3-PA,166,0,0,547,1,548,G
3-PA,167,545,0,0,0,545,A
3-PA,168,541,0,1,0,542,A
3-PA,169,1,0,0,541,542,C
3-PA,170,538,0,0,0,538,A
3-PA,171,539,0,0,0,539,A
3-PA,172,0,0,539,1,540,G
3-PA,173,0,0,540,0,540,G
3-PA,174,1,0,0,538,539,C
3-PA,175,0,2,541,0,543,G
3-PA,176,574,0,0,0,574,A
3-PA,177,579,0,1,0,580,A
3-PA,178,0,580,0,0,580,T
3-PA,179,2,0,1,583,586,C
3-PA,180,584,0,0,0,584,A
3-PA,181,589,0,0,0,589,A
3-PA,182,0,594,0,0,594,T
3-PA,183,595,0,1,0,596,A
3-PA,184,0,0,597,0,597,G
3-PA,185,0,593,0,1,594,T
3-PA,186,0,2,600,0,602,G
3-PA,187,1,3,593,0,597,G
3-PA,188,0,601,0,0,601,T
3-PA,189,601,0,0,0,601,A
3-PA,190,0,0,606,1,607,G
3-PA,191,593,0,0,0,593,A
3-PA,192,594,0,0,0,594,A
3-PA,193,0,0,0,588,588,C
3-PA,194,0,571,0,0,571,T
3-PA,195,0,574,0,0,574,T
3-PA,196,0,0,568,1,569,G
3-PA,197,567,0,1,0,568,A
3-PA,198,1,0,0,568,569,C
3-PA,199,0,1,568,0,569,G
3-PA,200,569,0,0,0,569,A
3-PA,201,0,583,0,1,584,T
3-PA,202,2,0,0,585,587,C
3-PA,203,4,0,2,582,588,C
3-PA,204,590,0,1,0,591,A
3-PA,205,597,0,1,0,598,A
3-PA,206,599,0,2,0,601,A
3-PA,207,0,600,0,2,602,T
3-PA,208,2,2,596,0,600,G
3-PA,209,2,0,0,595,597,C
3-PA,210,598,0,0,0,598,A
3-PA,211,1,0,0,610,611,C
3-PA,212,0,608,0,0,608,T
3-PA,213,1,3,664,2,670,G
3-PA,214,0,669,0,2,671,T
3-PA,215,0,671,0,0,671,T
3-PA,216,673,0,2,0,675,A
3-PA,217,671,0,0,0,671,A
3-PA,218,666,0,2,0,668,A
3-PA,219,0,0,673,0,673,G
3-PA,220,1,0,0,664,665,C
3-PA,221,649,0,0,0,649,A
3-PA,222,0,0,1,658,659,C
3-PA,223,622,0,0,0,622,A
3-PA,224,0,2,636,0,638,G
3-PA,225,636,0,0,0,636,A
3-PA,226,0,637,0,0,637,T
3-PA,227,0,639,0,0,639,T
3-PA,228,0,637,0,0,637,T
3-PA,229,0,1,639,0,640,G
3-PA,230,636,0,2,0,638,A
3-PA,231,641,0,0,0,641,A
3-PA,232,638,0,0,0,638,A
3-PA,233,0,628,0,0,628,T
3-PA,234,626,0,1,0,627,A
3-PA,235,636,0,0,0,636,A
3-PA,236,0,633,0,0,633,T
3-PA,237,1,0,0,631,632,C
3-PA,238,1,0,631,1,633,G
3-PA,239,623,0,1,0,624,A
3-PA,240,0,1,628,0,629,G
3-PA,241,0,3,634,0,637,G
3-PA,242,0,1,634,0,635,G
3-PA,243,0,0,639,0,639,G
3-PA,244,621,0,1,0,622,A
3-PA,245,0,1,629,0,630,G
3-PA,246,628,0,1,0,629,A
3-PA,247,2,0,638,1,641,G
3-PA,248,632,1,0,0,633,A
3-PA,249,1,1,1,629,632,C
3-PA,250,618,0,2,0,620,A
3-PA,251,2,1,631,0,634,G
3-PA,252,629,0,3,0,632,A
3-PA,253,642,0,1,0,643,A
3-PA,254,2,0,1,637,640,C
3-PA,255,623,0,0,0,623,A
3-PA,256,621,0,1,0,622,A
3-PA,257,0,622,0,1,623,T
3-PA,258,0,1,638,0,639,G
3-PA,259,0,1,639,0,640,G
3-PA,260,0,0,0,631,631,C
3-PA,261,1,0,0,630,631,C
3-PA,262,0,627,0,0,627,T
3-PA,263,0,2,640,0,642,G
3-PA,264,0,2,638,0,640,G
3-PA,265,642,0,0,0,642,A
3-PA,266,1,0,2,646,649,C
3-PA,267,613,0,1,0,614,A
3-PA,268,0,1,677,1,679,G
3-PA,269,0,674,0,2,676,T
3-PA,270,680,0,0,0,680,A
3-PA,271,0,0,688,1,689,G
3-PA,272,0,673,0,0,673,T
3-PA,273,675,0,0,0,675,A
3-PA,274,675,0,1,0,676,A
3-PA,275,665,0,3,0,668,A
3-PA,276,2,1,2,675,680,C
3-PA,277,631,0,0,0,631,A
3-PA,278,0,0,651,1,652,G
3-PA,279,1,646,0,1,648,T
3-PA,280,657,0,1,0,658,A
3-PA,281,2,657,0,1,660,T
3-PA,282,0,1,0,667,668,C
3-PA,283,0,668,0,0,668,T
3-PA,284,0,4,668,3,675,G
3-PA,285,2,0,3,675,680,C
3-PA,286,667,0,0,0,667,A
3-PA,287,666,0,2,0,668,A
3-PA,288,1,0,1,673,675,C
3-PA,289,665,0,0,0,665,A
3-PA,290,1,0,1,688,690,C
3-PA,291,0,686,0,0,686,T
3-PA,292,686,0,1,0,687,A
3-PA,293,0,1,1,682,684,C
3-PA,294,0,684,0,0,684,T
3-PA,295,0,6,674,2,682,G
3-PA,296,0,0,680,0,680,G
3-PA,297,675,0,0,0,675,A
3-PA,298,0,0,673,0,673,G
3-PA,299,0,0,0,654,654,C
3-PA,300,0,642,0,2,644,T
3-PA,301,1,2,642,0,645,G
3-PA,302,0,0,641,0,641,G
3-PA,303,643,0,1,0,644,A
3-PA,304,648,0,1,0,649,A
3-PA,305,642,0,0,0,642,A
3-PA,306,647,0,0,0,647,A
3-PA,307,0,1,0,652,653,C
3-PA,308,0,0,0,649,649,C
3-PA,309,0,0,650,0,650,G
3-PA,310,646,0,0,0,646,A
3-PA,311,646,0,0,1,647,A
3-PA,312,0,0,657,0,657,G
3-PA,313,0,652,0,0,652,T
3-PA,314,0,655,0,0,655,T
3-PA,315,0,663,0,1,664,T
3-PA,316,0,0,0,665,665,C
3-PA,317,0,671,0,0,671,T
3-PA,318,670,0,0,0,670,A
3-PA,319,0,1,0,668,669,C
3-PA,320,0,0,0,669,669,C
3-PA,321,664,0,0,0,664,A
3-PA,322,0,0,674,0,674,G
3-PA,323,676,0,1,0,677,A
3-PA,324,0,681,0,0,681,T
3-PA,325,0,681,0,1,682,T
3-PA,326,0,684,0,1,685,T
3-PA,327,1,0,689,1,691,G
3-PA,328,0,687,0,0,687,T
3-PA,329,687,0,1,0,688,A
3-PA,330,0,686,0,1,687,T
3-PA,331,1,1,677,2,681,G
3-PA,332,711,0,2,1,714,A
3-PA,333,0,717,0,0,717,T
3-PA,334,0,723,0,0,723,T
3-PA,335,721,0,0,0,721,A
3-PA,336,2,0,9,713,724,C
3-PA,337,721,1,0,0,722,A
3-PA,338,722,0,0,0,722,A
3-PA,339,0,2,724,0,726,G
3-PA,340,0,1,739,1,741,G
3-PA,341,705,0,0,0,705,A
3-PA,342,0,1,712,0,713,G
3-PA,343,712,0,3,0,715,A
3-PA,344,713,0,0,0,713,A
3-PA,345,1,0,3,703,707,C
3-PA,346,682,0,1,0,683,A
3-PA,347,0,0,688,0,688,G
3-PA,348,684,0,0,0,684,A
3-PA,349,0,673,0,0,673,T
3-PA,350,0,671,0,0,671,T
3-PA,351,2,0,0,659,661,C
3-PA,352,658,0,2,0,660,A
3-PA,353,0,662,0,0,662,T
3-PA,354,0,0,0,665,665,C
3-PA,355,0,0,666,0,666,G
3-PA,356,670,0,0,0,670,A
3-PA,357,669,0,0,0,669,A
3-PA,358,669,0,0,0,669,A
3-PA,359,0,667,1,0,668,T
3-PA,360,0,671,1,0,672,T
3-PA,361,0,1,666,0,667,G
3-PA,362,0,1,670,0,671,G
3-PA,363,0,2,659,0,661,G
3-PA,364,2,1,666,0,669,G
3-PA,365,0,658,1,1,660,T
3-PA,366,0,2,667,0,669,G
3-PA,367,668,0,1,0,669,A
3-PA,368,2,1,0,689,692,C
3-PA,369,692,0,1,0,693,A
3-PA,370,687,0,2,0,689,A
3-PA,371,0,2,686,0,688,G
3-PA,372,672,0,0,0,672,A
3-PA,373,691,0,0,0,691,A
3-PA,374,1,2,690,0,693,G
3-PA,375,696,0,1,0,697,A
3-PA,376,0,1,694,2,697,G
3-PA,377,675,0,2,0,677,A
3-PA,378,679,0,0,0,679,A
3-PA,379,0,0,713,0,713,G
3-PA,380,0,680,0,0,680,T
3-PA,381,0,1,0,687,688,C
3-PA,382,1,0,0,695,696,C
3-PA,383,704,0,2,0,706,A
3-PA,384,0,0,2,711,713,C
3-PA,385,726,0,0,0,726,A
3-PA,386,0,740,0,0,740,T
3-PA,387,760,0,0,0,760,A
3-PA,388,0,743,0,0,743,T
3-PA,389,736,0,0,0,736,A
3-PA,390,0,723,0,0,723,T
3-PA,391,0,718,0,0,718,T
3-PA,392,717,0,0,0,717,A
3-PA,393,2,0,0,712,714,C
3-PA,394,0,0,0,696,696,C
3-PA,395,0,685,0,1,686,T
3-PA,396,0,669,0,1,670,T
3-PA,397,1,2,672,1,676,G
3-PA,398,674,0,0,0,674,A
3-PA,399,672,0,1,0,673,A
3-PA,400,676,0,0,0,676,A
3-PA,401,652,1,2,0,655,A
3-PA,402,0,1,654,0,655,G
3-PA,403,0,0,653,0,653,G
3-PA,404,0,1,0,656,657,C
3-PA,405,653,0,0,0,653,A
3-PA,406,652,0,1,0,653,A
3-PA,407,655,0,0,0,655,A
3-PA,408,0,654,0,0,654,T
3-PA,409,655,0,0,0,655,A
3-PA,410,653,1,1,0,655,A
3-PA,411,0,1,662,1,664,G
3-PA,412,657,0,0,0,657,A
3-PA,413,0,654,0,0,654,T
3-PA,414,0,660,0,0,660,T
3-PA,415,663,0,0,0,663,A
3-PA,416,658,0,2,0,660,A
3-PA,417,656,0,1,0,657,A
3-PA,418,0,656,0,0,656,T
3-PA,419,2,0,1,660,663,C
3-PA,420,0,650,0,0,650,T
3-PA,421,0,1,662,2,665,G
3-PA,422,658,1,1,0,660,A
3-PA,423,0,2,681,0,683,G
3-PA,424,681,0,3,0,684,A
3-PA,425,689,0,2,0,691,A
3-PA,426,1,0,1,689,691,C
3-PA,427,681,0,0,0,681,A
3-PA,428,0,1,1,701,703,C
3-PA,429,698,0,1,0,699,A
3-PA,430,1,0,0,706,707,C
3-PA,431,695,0,3,0,698,A
3-PA,432,0,0,0,717,717,C
3-PA,433,715,0,0,0,715,A
3-PA,434,0,714,0,1,715,T
3-PA,435,0,715,0,0,715,T
3-PA,436,2,0,0,716,718,C
3-PA,437,710,0,0,0,710,A
3-PA,438,0,0,0,721,721,C
3-PA,439,715,0,0,0,715,A
3-PA,440,0,716,0,0,716,T
3-PA,441,0,701,0,1,702,T
3-PA,442,0,720,0,0,720,T
3-PA,443,0,719,0,0,719,T
3-PA,444,0,0,0,720,720,C
3-PA,445,0,717,0,1,718,T
3-PA,446,0,1,0,732,733,C
3-PA,447,732,1,1,0,734,A
3-PA,448,0,727,0,0,727,T
3-PA,449,0,738,0,0,738,T
3-PA,450,1,0,1,735,737,C
3-PA,451,731,0,0,0,731,A
3-PA,452,0,0,0,734,734,C
3-PA,453,0,733,0,0,733,T
3-PA,454,0,4,729,0,733,G
3-PA,455,0,1,731,0,732,G
3-PA,456,717,0,0,0,717,A
3-PA,457,0,1,737,0,738,G
3-PA,458,737,0,1,0,738,A
3-PA,459,1,0,737,0,738,G
3-PA,460,0,2,731,0,733,G
3-PA,461,727,0,0,0,727,A
3-PA,462,718,0,3,0,721,A
3-PA,463,708,0,1,0,709,A
3-PA,464,0,694,0,0,694,T
3-PA,465,0,0,697,0,697,G
3-PA,466,1,1,691,0,693,G
3-PA,467,1,0,0,702,703,C
3-PA,468,1,0,1,699,701,C
3-PA,469,700,0,2,1,703,A
3-PA,470,0,0,1,701,702,C
3-PA,471,701,0,0,0,701,A
3-PA,472,710,0,1,0,711,A
3-PA,473,712,0,3,0,715,A
3-PA,474,1,0,717,0,718,G
3-PA,475,0,0,720,0,720,G
3-PA,476,4,0,1,715,720,C
3-PA,477,717,0,1,0,718,A
3-PA,478,1,1,728,2,732,G
3-PA,479,726,0,2,0,728,A
3-PA,480,1,0,2,731,734,C
3-PA,481,0,723,0,0,723,T
3-PA,482,729,0,1,0,730,A
3-PA,483,0,1,0,723,724,C
3-PA,484,710,0,2,0,712,A
3-PA,485,0,0,0,733,733,C
3-PA,486,0,712,0,2,714,T
3-PA,487,2,1,1,718,722,C
3-PA,488,0,708,0,2,710,T
3-PA,489,0,0,0,710,710,C
3-PA,490,1,0,711,0,712,G
3-PA,491,703,0,0,0,703,A
3-PA,492,2,1,1,702,706,C
3-PA,493,0,1,701,2,704,G
3-PA,494,695,0,1,0,696,A
3-PA,495,0,0,702,1,703,G
3-PA,496,0,3,701,0,704,G
3-PA,497,705,0,0,0,705,A
3-PA,498,700,0,0,0,700,A
3-PA,499,698,0,1,0,699,A
3-PA,500,1,0,697,1,699,G
3-PA,501,4,1,1,688,694,C
3-PA,502,686,0,0,0,686,A
3-PA,503,0,1,683,0,684,G
3-PA,504,666,0,2,0,668,A
3-PA,505,0,0,690,0,690,G
3-PA,506,0,0,0,688,688,C
3-PA,507,0,691,0,0,691,T
3-PA,508,687,0,0,0,687,A
3-PA,509,0,0,693,1,694,G
3-PA,510,0,0,710,0,710,G
3-PA,511,716,0,0,0,716,A
3-PA,512,0,703,0,0,703,T
3-PA,513,0,703,0,0,703,T
3-PA,514,699,0,0,0,699,A
3-PA,515,696,0,5,0,701,A
3-PA,516,0,1,705,0,706,G
3-PA,517,703,0,1,0,704,A
3-PA,518,1,0,0,702,703,C
3-PA,519,4,3,0,657,664,C
3-PA,520,649,0,1,0,650,A
3-PA,521,0,1,652,0,653,G
3-PA,522,1,1,646,0,648,G
3-PA,523,0,0,0,656,656,C
3-PA,524,0,632,0,2,634,T
3-PA,525,0,1,655,0,656,G
3-PA,526,0,650,0,0,650,T
3-PA,527,0,653,0,1,654,T
3-PA,528,0,650,0,0,650,T
3-PA,529,647,0,0,0,647,A
3-PA,530,1,0,0,655,656,C
3-PA,531,5,1,0,628,634,C
3-PA,532,635,0,1,0,636,A
3-PA,533,0,633,0,0,633,T
3-PA,534,617,0,0,0,617,A
3-PA,535,621,0,0,0,621,A
3-PA,536,0,0,628,0,628,G
3-PA,537,629,0,0,0,629,A
3-PA,538,0,1,0,630,631,C
3-PA,539,612,0,0,0,612,A
3-PA,540,612,0,1,0,613,A
3-PA,541,0,1,615,0,616,G
3-PA,542,611,0,1,0,612,A
3-PA,543,609,0,2,0,611,A
3-PA,544,606,0,2,0,608,A
3-PA,545,0,585,0,0,585,T
3-PA,546,0,1,601,1,603,G
3-PA,547,0,0,603,0,603,G
3-PA,548,0,0,0,600,600,C
3-PA,549,0,0,1,607,608,C
3-PA,550,604,0,0,0,604,A
3-PA,551,622,0,2,0,624,A
3-PA,552,2,1,0,620,623,C
3-PA,553,621,0,0,0,621,A
3-PA,554,0,0,616,1,617,G
3-PA,555,609,0,0,0,609,A
3-PA,556,0,0,610,0,610,G
3-PA,557,0,0,605,0,605,G
3-PA,558,0,0,0,608,608,C
3-PA,559,1,0,0,608,609,C
3-PA,560,0,594,0,0,594,T
3-PA,561,0,2,0,600,602,C
3-PA,562,0,593,0,1,594,T
3-PA,563,0,1,605,0,606,G
3-PA,564,0,0,602,0,602,G
3-PA,565,1,0,597,0,598,G
3-PA,566,599,0,0,0,599,A
3-PA,567,0,581,0,1,582,T
3-PA,568,0,557,0,1,558,T
3-PA,569,0,0,0,581,581,C
3-PA,570,0,0,0,563,563,C
3-PA,571,0,565,0,2,567,T
3-PA,572,0,563,0,2,565,T
3-PA,573,0,570,0,0,570,T
3-PA,574,1,0,0,573,574,C
3-PA,575,0,1,572,0,573,G
3-PA,576,0,569,0,1,570,T
3-PA,577,1,2,0,569,572,C
3-PA,578,563,0,0,0,563,A
3-PA,579,0,2,617,0,619,G
3-PA,580,0,616,0,1,617,T
3-PA,581,0,0,0,624,624,C
3-PA,582,1,0,1,619,621,C
3-PA,583,1,3,619,2,625,G
3-PA,584,621,0,0,0,621,A
3-PA,585,622,0,0,0,622,A
3-PA,586,618,0,3,0,621,A
3-PA,587,0,0,617,3,620,G
3-PA,588,598,0,0,0,598,A
3-PA,589,0,0,606,0,606,G
3-PA,590,0,0,602,0,602,G
3-PA,591,0,0,1,605,606,C
3-PA,592,0,0,604,0,604,G
3-PA,593,596,0,1,0,597,A
3-PA,594,604,0,1,0,605,A
3-PA,595,0,1,614,0,615,G
3-PA,596,617,0,2,0,619,A
3-PA,597,618,0,2,0,620,A
3-PA,598,610,0,0,0,610,A
3-PA,599,0,0,1,617,618,C
3-PA,600,610,0,0,0,610,A
3-PA,601,614,0,1,0,615,A
3-PA,602,0,609,0,1,610,T
3-PA,603,0,612,0,0,612,T
3-PA,604,0,0,610,0,610,G
3-PA,605,608,0,0,0,608,A
3-PA,606,612,0,0,0,612,A
3-PA,607,0,1,605,0,606,G
3-PA,608,603,0,0,0,603,A
3-PA,609,599,0,2,0,601,A
3-PA,610,601,0,0,0,601,A
3-PA,611,601,0,0,0,601,A
3-PA,612,604,0,0,0,604,A
3-PA,613,0,599,0,0,599,T
3-PA,614,0,600,0,0,600,T
3-PA,615,0,603,0,0,603,T
3-PA,616,0,0,605,0,605,G
3-PA,617,606,0,1,0,607,A
3-PA,618,606,0,1,0,607,A
3-PA,619,621,0,0,0,621,A
3-PA,620,0,630,0,3,633,T
3-PA,621,0,0,0,714,714,C
3-PA,622,707,0,0,0,707,A
3-PA,623,1,0,0,727,728,C
3-PA,624,724,0,2,0,726,A
3-PA,625,1,4,741,2,748,G
3-PA,626,0,1,777,1,779,G
3-PA,627,777,0,3,0,780,A
3-PA,628,790,0,0,0,790,A
3-PA,629,1,0,0,809,810,C
3-PA,630,0,770,0,0,770,T
3-PA,631,836,0,0,0,836,A
3-PA,632,0,839,0,0,839,T
3-PA,633,0,0,870,2,872,G
3-PA,634,0,0,1,861,862,C
3-PA,635,2,4,843,4,853,G
3-PA,636,0,842,0,0,842,T
3-PA,637,838,0,0,0,838,A
3-PA,638,0,0,830,1,831,G
3-PA,639,0,0,832,0,832,G
3-PA,640,1,0,0,812,813,C
3-PA,641,0,812,0,0,812,T
3-PA,642,0,802,0,0,802,T
3-PA,643,2,0,796,1,799,G
3-PA,644,0,0,0,799,799,C
3-PA,645,0,1,0,807,808,C
3-PA,646,1,2,818,1,822,G
3-PA,647,815,0,1,0,816,A
3-PA,648,0,0,1,822,823,C
3-PA,649,1,0,0,820,821,C
3-PA,650,827,0,1,0,828,A
3-PA,651,836,0,0,0,836,A
3-PA,652,837,0,0,0,837,A
3-PA,653,0,0,885,0,885,G
3-PA,654,0,886,0,0,886,T
3-PA,655,2,1,0,899,902,C
3-PA,656,0,903,0,1,904,T
3-PA,657,3,0,0,931,934,C
3-PA,658,1,0,0,938,939,C
3-PA,659,3,1,0,932,936,C
3-PA,660,942,0,0,0,942,A
3-PA,661,0,0,0,948,948,C
3-PA,662,1,0,0,936,937,C
3-PA,663,0,1,947,0,948,G
3-PA,664,964,0,2,0,966,A
3-PA,665,963,0,0,0,963,A
3-PA,666,0,1,0,995,996,C
3-PA,667,0,985,0,3,988,T
3-PA,668,0,1040,0,1,1041,T
3-PA,669,0,0,1,1059,1060,C
3-PA,670,0,1052,0,1,1053,T
3-PA,671,1,2,0,1062,1065,C
3-PA,672,0,1,1,1056,1058,C
3-PA,673,1,1054,0,2,1057,T
3-PA,674,0,3,1061,6,1070,G
3-PA,675,0,1,0,1065,1066,C
3-PA,676,0,0,0,1070,1070,C
3-PA,677,0,1066,0,1,1067,T
3-PA,678,0,1060,0,2,1062,T
3-PA,679,3,3,1053,4,1063,G
3-PA,680,1061,0,1,0,1062,A
3-PA,681,1,1,1071,0,1073,G
3-PA,682,1073,0,1,0,1074,A
3-PA,683,1081,0,0,0,1081,A
3-PA,684,0,1100,0,0,1100,T
3-PA,685,0,1109,0,0,1109,T
3-PA,686,0,1110,0,0,1110,T
3-PA,687,0,1110,0,0,1110,T
3-PA,688,1115,0,0,0,1115,A
3-PA,689,0,2,1113,3,1118,G
3-PA,690,1096,0,4,0,1100,A
3-PA,691,2,1,1131,0,1134,G
3-PA,692,0,0,0,1130,1130,C
3-PA,693,2,0,0,1137,1139,C
3-PA,694,0,1151,0,0,1151,T
3-PA,695,1169,0,0,0,1169,A
3-PA,696,0,1172,0,1,1173,T
3-PA,697,2,2,1172,0,1176,G
3-PA,698,1,1172,0,0,1173,T
3-PA,699,0,9,1164,0,1173,G
3-PA,700,0,2,1160,0,1162,G
3-PA,701,1154,1,2,0,1157,A
3-PA,702,1,2,1,1084,1088,C
3-PA,703,0,2,1088,1,1091,G
3-PA,704,0,1,1127,0,1128,G
3-PA,705,1138,0,1,0,1139,A
3-PA,706,0,1139,0,0,1139,T
3-PA,707,0,1138,1,0,1139,T
3-PA,708,0,2,0,1132,1134,C
3-PA,709,0,1,1143,0,1144,G
3-PA,710,1137,0,2,0,1139,A
3-PA,711,1146,0,0,0,1146,A
3-PA,712,1,0,0,1145,1146,C
3-PA,713,2,1,0,1110,1113,C
3-PA,714,1,0,1122,0,1123,G
3-PA,715,1118,0,1,0,1119,A
3-PA,716,1114,0,4,0,1118,A
3-PA,717,0,0,0,1135,1135,C
3-PA,718,1,0,1128,1,1130,G
3-PA,719,0,0,1161,0,1161,G
3-PA,720,1,0,0,1157,1158,C
3-PA,721,0,1152,0,2,1154,T
3-PA,722,2,3,1191,2,1198,G
3-PA,723,5,2,3,1188,1198,C
3-PA,724,1208,0,1,0,1209,A
3-PA,725,0,1209,0,0,1209,T
3-PA,726,0,1207,0,0,1207,T
3-PA,727,2,1,1202,6,1211,G
3-PA,728,1178,0,3,0,1181,A
3-PA,729,0,2,1193,0,1195,G
3-PA,730,0,1,1191,0,1192,G
3-PA,731,0,1,1182,0,1183,G
3-PA,732,1,0,1,1164,1166,C
3-PA,733,1157,0,0,0,1157,A
3-PA,734,1162,0,3,0,1165,A
3-PA,735,0,1,1175,0,1176,G
3-PA,736,0,0,0,1193,1193,C
3-PA,737,0,1191,0,1,1192,T
3-PA,738,0,1214,0,1,1215,T
3-PA,739,0,1220,0,1,1221,T
3-PA,740,3,0,0,1228,1231,C
3-PA,741,0,1226,0,1,1227,T
3-PA,742,1,1,1,1234,1237,C
3-PA,743,1233,0,0,0,1233,A
3-PA,744,1228,0,0,0,1228,A
3-PA,745,1231,0,1,0,1232,A
3-PA,746,0,1256,0,1,1257,T
3-PA,747,1,0,1298,0,1299,G
3-PA,748,0,1289,0,8,1297,T
3-PA,749,2,0,0,1325,1327,C
3-PA,750,4,0,1,1320,1325,C
3-PA,751,1329,0,1,0,1330,A
3-PA,752,1333,0,0,0,1333,A
3-PA,753,1329,0,5,0,1334,A
3-PA,754,0,3,1337,6,1346,G
3-PA,755,1344,0,2,0,1346,A
3-PA,756,1305,0,4,0,1309,A
3-PA,757,1,1,1313,0,1315,G
3-PA,758,0,1286,0,0,1286,T
3-PA,759,1,1,1289,0,1291,G
3-PA,760,1289,0,2,0,1291,A
3-PA,761,1290,0,0,0,1290,A
3-PA,762,0,1299,0,0,1299,T
3-PA,763,2,0,1289,1,1292,G
3-PA,764,0,0,0,1298,1298,C
3-PA,765,1,0,0,1293,1294,C
3-PA,766,0,2,0,1298,1300,C
3-PA,767,1308,0,2,0,1310,A
3-PA,768,1332,0,0,0,1332,A
3-PA,769,1342,0,0,0,1342,A
3-PA,770,0,1342,0,0,1342,T
3-PA,771,0,1331,0,1,1332,T
3-PA,772,0,1,1339,1,1341,G
3-PA,773,1329,0,1,0,1330,A
3-PA,774,1328,0,0,0,1328,A
3-PA,775,1,0,0,1328,1329,C
3-PA,776,0,0,0,1331,1331,C
3-PA,777,0,1306,0,3,1309,T
3-PA,778,0,1359,0,0,1359,T
3-PA,779,0,1366,0,2,1368,T
3-PA,780,0,1397,0,0,1397,T
3-PA,781,1,0,1,1399,1401,C
3-PA,782,0,1398,0,1,1399,T
3-PA,783,0,6,1392,2,1400,G
3-PA,784,1404,0,1,0,1405,A
3-PA,785,1414,0,2,0,1416,A
3-PA,786,0,3,1423,2,1428,G
3-PA,787,1384,0,1,0,1385,A
3-PA,788,4,1,1,1401,1407,C
3-PA,789,1373,1,4,0,1378,A
3-PA,790,1420,0,4,0,1424,A
3-PA,791,1,1,3,1552,1557,C
3-PA,792,1547,0,0,0,1547,A
3-PA,793,1,1,0,1553,1555,C
3-PA,794,7,2,1,1527,1537,C
3-PA,795,1541,0,0,1,1542,A
3-PA,796,1538,0,0,0,1538,A
3-PA,797,1,6,1536,0,1543,G
3-PA,798,1541,0,4,0,1545,A
3-PA,799,1,0,1,1545,1547,C
3-PA,800,6,1,1,1464,1472,C
3-PA,801,1471,0,0,0,1471,A
3-PA,802,1470,0,0,0,1470,A
3-PA,803,0,1465,0,3,1468,T
3-PA,804,4,1,0,1466,1471,C
3-PA,805,1468,0,0,0,1468,A
3-PA,806,1456,0,1,0,1457,A
3-PA,807,1450,0,1,0,1451,A
3-PA,808,1,0,0,1489,1490,C
3-PA,809,0,1461,0,1,1462,T
3-PA,810,0,1470,0,1,1471,T
3-PA,811,1,1,1,1481,1484,C
3-PA,812,0,1,0,1476,1477,C
3-PA,813,0,1,1486,1,1488,G
3-PA,814,1485,0,0,0,1485,A
3-PA,815,1492,0,0,0,1492,A
3-PA,816,0,1484,0,1,1485,T
3-PA,817,1,5,1462,0,1468,G
3-PA,818,1,1,1483,0,1485,G
3-PA,819,1503,0,1,0,1504,A
3-PA,820,1,0,3,1560,1564,C
3-PA,821,3,0,0,1564,1567,C
3-PA,822,0,1546,0,3,1549,T
3-PA,823,1,0,1,1553,1555,C
3-PA,824,3,1,0,1554,1558,C
3-PA,825,1528,1,0,0,1529,A
3-PA,826,0,1565,0,2,1567,T
3-PA,827,0,0,1669,0,1669,G
3-PA,828,0,1678,0,0,1678,T
3-PA,829,0,1668,0,1,1669,T
3-PA,830,1668,0,2,0,1670,A
3-PA,831,0,1646,0,3,1649,T
3-PA,832,6,5,5,1627,1643,C
3-PA,833,1605,0,2,0,1607,A
3-PA,834,0,1,1602,0,1603,G
3-PA,835,2,2,0,1588,1592,C
3-PA,836,1,1,1537,0,1539,G
3-PA,837,1,3,1587,0,1591,G
3-PA,838,0,1580,0,1,1581,T
3-PA,839,1,0,0,1593,1594,C
3-PA,840,5,1,1,1592,1599,C
3-PA,841,1597,0,2,0,1599,A
3-PA,842,1600,0,1,0,1601,A
3-PA,843,1603,0,0,0,1603,A
3-PA,844,0,1609,0,0,1609,T
3-PA,845,0,1607,0,0,1607,T
3-PA,846,3,0,1,1632,1636,C
3-PA,847,2,0,0,1631,1633,C
3-PA,848,0,1632,0,0,1632,T
3-PA,849,3,2,1,1633,1639,C
3-PA,850,2,3,1,1638,1644,C
3-PA,851,0,1640,0,1,1641,T
3-PA,852,0,5,1637,8,1650,G
3-PA,853,1641,0,3,0,1644,A
3-PA,854,0,1650,0,1,1651,T
3-PA,855,1,7,1624,2,1634,G
3-PA,856,1,1,1608,0,1610,G
3-PA,857,1578,0,2,0,1580,A
3-PA,858,0,1576,0,0,1576,T
3-PA,859,0,2,1576,1,1579,G
3-PA,860,1,0,1,1642,1644,C
3-PA,861,0,1598,0,6,1604,T
3-PA,862,0,1600,0,8,1608,T
3-PA,863,0,1605,0,0,1605,T
3-PA,864,1605,0,0,0,1605,A
3-PA,865,1621,0,2,0,1623,A
3-PA,866,1618,0,2,0,1620,A
3-PA,867,1622,0,1,0,1623,A
3-PA,868,0,1613,0,0,1613,T
3-PA,869,0,1510,0,0,1510,T
3-PA,870,2,4,1508,0,1514,G
3-PA,871,1495,0,0,0,1495,A
3-PA,872,1,2,1514,0,1517,G
3-PA,873,4,0,1,1517,1522,C
3-PA,874,1508,0,1,0,1509,A
3-PA,875,0,1540,0,2,1542,T
3-PA,876,0,1534,0,0,1534,T
3-PA,877,0,3,1527,3,1533,G
3-PA,878,1537,0,1,0,1538,A
3-PA,879,1533,1,3,0,1537,A
3-PA,880,1,2,1553,0,1556,G
3-PA,881,1525,0,3,0,1528,A
3-PA,882,0,0,0,1551,1551,C
3-PA,883,1,2,0,1532,1535,C
3-PA,884,0,0,0,1525,1525,C
3-PA,885,1507,0,0,1,1508,A
3-PA,886,1517,0,3,0,1520,A
3-PA,887,0,1,1528,1,1530,G
3-PA,888,0,1528,0,3,1531,T
3-PA,889,4,0,1,1531,1536,C
3-PA,890,1532,0,1,0,1533,A
3-PA,891,0,0,1,1535,1536,C
3-PA,892,0,0,1529,3,1532,G
3-PA,893,1559,0,0,0,1559,A
3-PA,894,1553,0,0,0,1553,A
3-PA,895,0,3,1595,0,1598,G
3-PA,896,2,6,1589,3,1600,G
3-PA,897,1571,0,3,0,1574,A
3-PA,898,3,2,1588,6,1599,G
3-PA,899,1588,0,4,0,1592,A
3-PA,900,1589,0,0,0,1589,A
3-PA,901,0,2,1582,1,1585,G
3-PA,902,0,1,1569,0,1570,G
3-PA,903,1,4,1602,1,1608,G
3-PA,904,1550,0,3,0,1553,A
3-PA,905,0,1561,0,0,1561,T
3-PA,906,4,1,0,1557,1562,C
3-PA,907,1,1,1,1662,1665,C
3-PA,908,2,0,1,1691,1694,C
3-PA,909,1712,0,0,0,1712,A
3-PA,910,0,1711,0,0,1711,T
3-PA,911,0,1718,0,1,1719,T
3-PA,912,1753,0,0,0,1753,A
3-PA,913,0,1747,0,1,1748,T
3-PA,914,1747,0,2,0,1749,A
3-PA,915,0,1742,0,0,1742,T
3-PA,916,4,6,1570,5,1585,G
3-PA,917,1577,0,0,0,1577,A
3-PA,918,0,1572,0,0,1572,T
3-PA,919,0,1,1578,0,1579,G
3-PA,920,0,1,0,1564,1565,C
3-PA,921,1,5,1526,1,1533,G
3-PA,922,1520,0,5,0,1525,A
3-PA,923,0,1527,0,3,1530,T
3-PA,924,2,1,1,1530,1534,C
3-PA,925,1528,0,0,0,1528,A
3-PA,926,1510,0,6,0,1516,A
3-PA,927,0,0,1521,1,1522,G
3-PA,928,2,1505,0,0,1507,T
3-PA,929,0,8,1508,1,1517,G
3-PA,930,6,0,1,1500,1507,C
3-PA,931,1510,2,0,0,1512,A
3-PA,932,0,1512,0,0,1512,T
3-PA,933,1510,0,0,0,1510,A
3-PA,934,1525,0,0,0,1525,A
3-PA,935,1530,0,0,0,1530,A
3-PA,936,1521,0,3,0,1524,A
3-PA,937,1520,0,0,1,1521,A
3-PA,938,1,0,2,1523,1526,C
3-PA,939,1522,0,1,0,1523,A
3-PA,940,0,1523,0,1,1524,T
3-PA,941,0,1523,0,1,1524,T
3-PA,942,5,0,1,1525,1531,C
3-PA,943,0,1518,0,0,1518,T
3-PA,944,0,1517,0,0,1517,T
3-PA,945,0,1520,0,0,1520,T
3-PA,946,0,3,1512,1,1516,G
3-PA,947,0,1,1519,0,1520,G
3-PA,948,1514,0,1,0,1515,A
3-PA,949,0,1527,0,0,1527,T
3-PA,950,1,3,1528,1,1533,G
3-PA,951,2,1,1524,0,1527,G
3-PA,952,1516,0,1,0,1517,A
3-PA,953,1528,0,1,0,1529,A
3-PA,954,1530,0,1,0,1531,A
3-PA,955,1,1,1524,1,1527,G
3-PA,956,1479,0,2,0,1481,A
3-PA,957,3,0,1429,0,1432,G
3-PA,958,1,0,1,1596,1598,C
3-PA,959,2,0,1,1625,1628,C
3-PA,960,0,1648,1,1,1650,T
3-PA,961,0,1655,0,0,1655,T
3-PA,962,1670,0,3,0,1673,A
3-PA,963,0,1676,0,1,1677,T
3-PA,964,1664,0,0,0,1664,A
3-PA,965,1,1691,0,0,1692,T
3-PA,966,1566,0,1,0,1567,A
3-PA,967,1,5,1572,2,1580,G
3-PA,968,0,1540,0,1,1541,T
3-PA,969,1,3,3,1540,1547,C
3-PA,970,1521,0,1,0,1522,A
3-PA,971,1530,0,0,0,1530,A
3-PA,972,1530,0,1,0,1531,A
3-PA,973,0,0,1,1535,1536,C
3-PA,974,3,0,0,1515,1518,C
3-PA,975,1506,0,0,1,1507,A
3-PA,976,4,0,0,1493,1497,C
3-PA,977,1487,0,0,0,1487,A
3-PA,978,0,1484,0,4,1488,T
3-PA,979,0,0,1530,1,1531,G
3-PA,980,1521,0,2,0,1523,A
3-PA,981,1527,0,1,0,1528,A
3-PA,982,1520,0,1,1,1522,A
3-PA,983,1512,0,1,1,1514,A
3-PA,984,0,0,1532,0,1532,G
3-PA,985,0,3,1479,0,1482,G
3-PA,986,1,1,1491,0,1493,G
3-PA,987,1493,0,3,0,1496,A
3-PA,988,1495,0,1,0,1496,A
3-PA,989,0,1498,0,0,1498,T
3-PA,990,1480,0,0,0,1480,A
3-PA,991,1479,0,1,0,1480,A
3-PA,992,1486,0,0,0,1486,A
3-PA,993,0,1481,0,0,1481,T
3-PA,994,0,1471,0,0,1471,T
3-PA,995,1,1,0,1479,1481,C
3-PA,996,1479,0,0,0,1479,A
3-PA,997,1482,0,0,0,1482,A
3-PA,998,1481,0,2,1,1484,A
3-PA,999,0,1494,0,1,1495,T
3-PA,1000,0,1490,0,0,1490,T
3-PA,1001,1500,0,1,0,1501,A
3-PA,1002,1,2,2,1496,1501,C
3-PA,1003,0,1,0,1502,1503,C
3-PA,1004,0,1495,0,3,1498,T
3-PA,1005,2,5,1528,2,1537,G
3-PA,1006,1,0,1,1554,1556,C
3-PA,1007,0,1556,0,1,1557,T
3-PA,1008,3,5,1563,9,1580,G
3-PA,1009,0,1572,1,3,1576,T
3-PA,1010,2,0,3,1545,1550,C
3-PA,1011,1554,0,2,0,1556,A
3-PA,1012,0,1554,0,0,1554,T
3-PA,1013,3,7,1543,1,1554,G
3-PA,1014,0,1,1546,1,1548,G
3-PA,1015,1554,0,2,0,1556,A
3-PA,1016,1574,0,2,0,1576,A
3-PA,1017,0,1,1564,1,1566,G
3-PA,1018,3,2,2,1545,1552,C
3-PA,1019,1532,0,1,0,1533,A
3-PA,1020,1536,0,2,0,1538,A
3-PA,1021,0,4,1539,1,1544,G
3-PA,1022,0,1548,0,0,1548,T
3-PA,1023,1546,0,1,0,1547,A
3-PA,1024,1,0,1,1567,1569,C
3-PA,1025,0,1553,0,0,1553,T
3-PA,1026,0,4,1564,4,1572,G
3-PA,1027,0,1554,0,2,1556,T
3-PA,1028,3,3,0,1561,1567,C
3-PA,1029,1567,0,0,0,1567,A
3-PA,1030,0,3,1577,2,1582,G
3-PA,1031,1567,0,0,0,1567,A
3-PA,1032,1580,0,0,0,1580,A
3-PA,1033,0,1605,0,2,1607,T
3-PA,1034,0,1602,0,1,1603,T
3-PA,1035,1,1,1603,3,1608,G
3-PA,1036,5,1,0,1595,1601,C
3-PA,1037,1601,1,2,0,1604,A
3-PA,1038,0,0,1608,0,1608,G
3-PA,1039,2,0,1587,3,1592,G
3-PA,1040,1600,0,3,0,1603,A
3-PA,1041,1,0,2,1615,1618,C
3-PA,1042,1589,0,1,0,1590,A
3-PA,1043,0,1603,0,0,1603,T
3-PA,1044,0,1605,0,0,1605,T
3-PA,1045,0,0,1605,2,1607,G
3-PA,1046,1597,0,1,1,1599,A
3-PA,1047,1599,0,4,0,1603,A
3-PA,1048,1596,0,1,0,1597,A
3-PA,1049,1597,1,0,0,1598,A
3-PA,1050,0,1587,0,0,1587,T
3-PA,1051,1,1,1595,4,1601,G
3-PA,1052,1592,0,4,0,1596,A
3-PA,1053,1,0,1608,0,1609,G
3-PA,1054,2,1,1603,0,1606,G
3-PA,1055,1582,0,0,0,1582,A
3-PA,1056,1,1,1600,1,1603,G
3-PA,1057,1596,1,2,0,1599,A
3-PA,1058,1586,0,0,0,1586,A
3-PA,1059,0,1,1614,0,1615,G
3-PA,1060,1609,0,1,0,1610,A
3-PA,1061,0,1617,0,1,1618,T
3-PA,1062,1,1596,0,2,1599,T
3-PA,1063,1,0,1,1607,1609,C
3-PA,1064,7,2,0,1597,1606,C
3-PA,1065,1605,0,3,0,1608,A
3-PA,1066,1595,0,0,1,1596,A
3-PA,1067,0,1,1610,0,1611,G
3-PA,1068,1,2,1631,0,1634,G
3-PA,1069,1621,0,0,0,1621,A
3-PA,1070,1,1,1,1625,1628,C
3-PA,1071,0,1624,0,2,1626,T
3-PA,1072,1628,0,0,0,1628,A
3-PA,1073,1629,0,1,0,1630,A
3-PA,1074,1629,0,0,0,1629,A
3-PA,1075,1633,0,0,0,1633,A
3-PA,1076,1623,0,0,0,1623,A
3-PA,1077,3,1,2,1598,1604,C
3-PA,1078,1592,1,2,0,1595,A
3-PA,1079,0,1580,0,0,1580,T
3-PA,1080,1,1,1598,2,1602,G
3-PA,1081,1595,0,5,0,1600,A
3-PA,1082,1599,0,1,0,1600,A
3-PA,1083,0,0,1610,0,1610,G
3-PA,1084,1604,0,0,0,1604,A
3-PA,1085,1594,0,3,0,1597,A
3-PA,1086,1589,0,1,0,1590,A
3-PA,1087,1589,0,2,0,1591,A
3-PA,1088,1,0,0,1593,1594,C
3-PA,1089,1,4,1587,0,1592,G
3-PA,1090,1597,0,2,0,1599,A
3-PA,1091,1,3,1585,1,1590,G
3-PA,1092,1,1577,0,2,1580,T
3-PA,1093,3,0,2,1614,1619,C
3-PA,1094,1619,0,0,0,1619,A
3-PA,1095,1634,0,2,0,1636,A
3-PA,1096,1,0,2,1638,1641,C
3-PA,1097,0,1639,0,0,1639,T
3-PA,1098,1,8,1648,4,1661,G
3-PA,1099,1649,1,0,0,1650,A
3-PA,1100,1655,0,1,1,1657,A
3-PA,1101,1,3,1649,1,1654,G
3-PA,1102,0,1608,0,0,1608,T
3-PA,1103,2,2,1615,1,1620,G
3-PA,1104,0,5,1594,0,1599,G
3-PA,1105,0,1,1603,0,1604,G
3-PA,1106,2,1,0,1616,1619,C
3-PA,1107,0,1595,1,4,1600,T
3-PA,1108,3,1,1,1597,1602,C
3-PA,1109,1,1592,0,0,1593,T
3-PA,1110,0,1602,0,0,1602,T
3-PA,1111,1,2,1617,0,1620,G
3-PA,1112,0,1,1620,0,1621,G
3-PA,1113,0,1599,0,1,1600,T
3-PA,1114,1,4,1599,1,1605,G
3-PA,1115,1589,0,2,0,1591,A
3-PA,1116,1607,0,1,0,1608,A
3-PA,1117,1586,0,1,0,1587,A
3-PA,1118,1582,0,0,1,1583,A
3-PA,1119,0,0,0,1593,1593,C
3-PA,1120,1568,0,0,0,1568,A
3-PA,1121,0,1555,0,1,1556,T
3-PA,1122,1,6,1560,0,1567,G
3-PA,1123,0,0,1630,0,1630,G
3-PA,1124,6,0,1,1633,1640,C
3-PA,1125,1641,0,2,0,1643,A
3-PA,1126,0,0,0,1641,1641,C
3-PA,1127,9,2,5,1637,1653,C
3-PA,1128,1660,0,2,0,1662,A
3-PA,1129,1,6,1658,1,1666,G
3-PA,1130,1648,0,2,0,1650,A
3-PA,1131,0,0,1662,4,1666,G
3-PA,1132,1666,0,1,0,1667,A
3-PA,1133,1641,0,2,0,1643,A
3-PA,1134,0,1,1654,0,1655,G
3-PA,1135,3,0,1643,0,1646,G
3-PA,1136,1,1604,0,1,1606,T
3-PA,1137,1615,0,1,1,1617,A
3-PA,1138,0,1,1610,0,1611,G
3-PA,1139,1591,0,2,0,1593,A
3-PA,1140,1,1,0,1606,1608,C
3-PA,1141,0,1574,0,2,1576,T
3-PA,1142,0,1572,0,0,1572,T
3-PA,1143,0,1574,0,1,1575,T
3-PA,1144,1,1,1572,1,1575,G
3-PA,1145,1567,0,2,0,1569,A
3-PA,1146,1574,0,2,0,1576,A
3-PA,1147,1576,0,0,0,1576,A
3-PA,1148,1585,0,2,0,1587,A
3-PA,1149,1,2,0,1618,1621,C
3-PA,1150,0,1614,0,1,1615,T
3-PA,1151,1,3,1623,2,1629,G
3-PA,1152,12,1,3,1604,1620,C
3-PA,1153,1624,1,1,0,1626,A
3-PA,1154,0,2,1624,5,1631,G
3-PA,1155,1622,0,1,0,1623,A
3-PA,1156,2,1,1696,1,1700,G
3-PA,1157,1696,0,2,0,1698,A
3-PA,1158,2,0,2,1680,1684,C
3-PA,1159,1662,0,3,0,1665,A
3-PA,1160,0,1647,0,1,1648,T
3-PA,1161,1645,0,0,0,1645,A
3-PA,1162,1636,0,4,0,1640,A
3-PA,1163,0,2,1625,1,1628,G
3-PA,1164,1,0,0,1627,1628,C
3-PA,1165,0,3,1606,1,1610,G
3-PA,1166,1650,0,2,0,1652,A
3-PA,1167,0,1633,0,1,1634,T
3-PA,1168,1,1638,0,0,1639,T
3-PA,1169,0,1634,0,1,1635,T
3-PA,1170,0,2,1645,3,1650,G
3-PA,1171,1656,0,2,0,1658,A
3-PA,1172,1660,0,2,0,1662,A
3-PA,1173,1,3,1656,0,1660,G
3-PA,1174,5,1,1,1692,1699,C
3-PA,1175,1656,0,1,0,1657,A
3-PA,1176,1773,0,0,1,1774,A
3-PA,1177,0,1774,0,1,1775,T
3-PA,1178,1783,0,2,0,1785,A
3-PA,1179,0,1782,0,0,1782,T
3-PA,1180,0,3,1787,4,1794,G
3-PA,1181,1816,0,4,0,1820,A
3-PA,1182,0,1812,0,0,1812,T
3-PA,1183,1759,0,1,0,1760,A
3-PA,1184,0,1,1764,0,1765,G
3-PA,1185,0,1678,0,0,1678,T
3-PA,1186,0,4,1677,2,1683,G
3-PA,1187,1675,0,4,0,1679,A
3-PA,1188,0,1,0,1667,1668,C
3-PA,1189,0,0,1655,0,1655,G
3-PA,1190,1660,0,2,0,1662,A
3-PA,1191,1652,1,4,0,1657,A
3-PA,1192,1,1,1,1676,1679,C
3-PA,1193,0,1,0,1693,1694,C
3-PA,1194,0,1691,0,0,1691,T
3-PA,1195,6,3,1726,1,1736,G
3-PA,1196,1739,0,1,0,1740,A
3-PA,1197,1729,0,1,0,1730,A
3-PA,1198,0,1725,0,3,1728,T
3-PA,1199,0,1728,0,0,1728,T
3-PA,1200,1724,0,1,0,1725,A
3-PA,1201,1695,0,0,0,1695,A
3-PA,1202,0,0,1708,1,1709,G
3-PA,1203,0,2,1706,0,1708,G
3-PA,1204,0,1673,0,4,1677,T
3-PA,1205,5,1,0,1677,1683,C
3-PA,1206,1675,0,1,0,1676,A
3-PA,1207,1,0,1,1742,1744,C
3-PA,1208,1,1739,1,4,1745,T
3-PA,1209,0,1736,0,0,1736,T
3-PA,1210,1,1739,0,1,1741,T
3-PA,1211,0,2,5,1739,1746,C
3-PA,1212,1748,1,1,0,1750,A
3-PA,1213,1738,0,2,0,1740,A
3-PA,1214,0,1,1778,0,1779,G
3-PA,1215,1,1,1,1763,1766,C
3-PA,1216,0,1738,0,0,1738,T
3-PA,1217,0,10,1787,2,1799,G
3-PA,1218,0,3,1807,3,1813,G
3-PA,1219,1837,0,3,0,1840,A
3-PA,1220,0,1845,0,1,1846,T
3-PA,1221,1842,0,0,0,1842,A
3-PA,1222,3,2,4,1846,1855,C
3-PA,1223,1794,0,0,0,1794,A
3-PA,1224,1,3,1811,3,1818,G
3-PA,1225,1810,0,2,0,1812,A
3-PA,1226,1795,0,0,0,1795,A
3-PA,1227,0,1772,0,0,1772,T
3-PA,1228,1,2,1786,2,1791,G
3-PA,1229,1766,0,5,0,1771,A
3-PA,1230,0,0,1787,0,1787,G
3-PA,1231,1,1771,0,0,1772,T
3-PA,1232,0,1770,0,2,1772,T
3-PA,1233,1,0,2,1792,1795,C
3-PA,1234,1792,0,1,0,1793,A
3-PA,1235,1795,0,0,0,1795,A
3-PA,1236,4,0,4,1780,1788,C
3-PA,1237,1778,0,0,0,1778,A
3-PA,1238,1779,0,1,0,1780,A
3-PA,1239,0,1,1753,1,1755,G
3-PA,1240,0,0,1759,0,1759,G
3-PA,1241,1,1,1,1750,1753,C
3-PA,1242,2,0,0,1757,1759,C
3-PA,1243,0,1755,1,5,1761,T
3-PA,1244,2,0,1774,1,1777,G
3-PA,1245,1,1771,0,3,1775,T
3-PA,1246,1,3,1790,2,1796,G
3-PA,1247,1793,0,5,0,1798,A
3-PA,1248,1,1,1794,0,1796,G
3-PA,1249,0,0,0,1768,1768,C
3-PA,1250,0,1706,0,3,1709,T
3-PA,1251,1731,0,2,0,1733,A
3-PA,1252,1736,0,1,0,1737,A
3-PA,1253,2,0,0,1734,1736,C
3-PA,1254,0,1726,0,1,1727,T
3-PA,1255,1,6,1731,2,1740,G
3-PA,1256,1725,0,1,0,1726,A
3-PA,1257,0,1725,0,0,1725,T
3-PA,1258,0,1728,0,4,1732,T
3-PA,1259,3,2,0,1733,1738,C
3-PA,1260,1752,0,3,0,1755,A
3-PA,1261,0,0,1780,0,1780,G
3-PA,1262,0,1763,0,3,1766,T
3-PA,1263,4,0,2,1769,1775,C
3-PA,1264,1,1760,0,1,1762,T
3-PA,1265,0,12,1794,0,1806,G
3-PA,1266,1,4,1796,0,1801,G
3-PA,1267,1803,1,2,0,1806,A
3-PA,1268,0,1802,1,0,1803,T
3-PA,1269,1728,0,2,0,1730,A
3-PA,1270,1,2,1724,0,1727,G
3-PA,1271,1645,0,3,0,1648,A
3-PA,1272,4,2,1639,0,1645,G
3-PA,1273,1,1,0,1635,1637,C
3-PA,1274,0,1597,0,2,1599,T
3-PA,1275,3,0,1,1603,1607,C
3-PA,1276,0,5,1594,3,1602,G
3-PA,1277,1608,0,2,0,1610,A
3-PA,1278,0,1608,0,1,1609,T
3-PA,1279,0,0,1610,0,1610,G
3-PA,1280,1643,1,0,0,1644,A
3-PA,1281,1636,0,1,0,1637,A
3-PA,1282,1647,0,0,0,1647,A
3-PA,1283,1,1635,0,2,1638,T
3-PA,1284,0,1634,0,1,1635,T
3-PA,1285,0,2,1643,0,1645,G
3-PA,1286,2,2,1635,2,1641,G
3-PA,1287,1636,0,1,0,1637,A
3-PA,1288,0,1,1635,3,1639,G
3-PA,1289,1602,0,1,0,1603,A
3-PA,1290,1,4,1608,1,1614,G
3-PA,1291,0,2,1583,2,1587,G
3-PA,1292,1588,0,2,0,1590,A
3-PA,1293,1,0,0,1597,1598,C
3-PA,1294,2,2,1583,2,1589,G
3-PA,1295,0,1584,0,0,1584,T
3-PA,1296,1598,0,1,0,1599,A
3-PA,1297,0,1,1610,0,1611,G
3-PA,1298,0,0,0,1624,1624,C
3-PA,1299,1,0,0,1589,1590,C
3-PA,1300,1,1,0,1587,1589,C
3-PA,1301,3,1,1,1602,1607,C
3-PA,1302,1618,0,2,0,1620,A
3-PA,1303,1657,0,1,1,1659,A
3-PA,1304,0,1649,0,0,1649,T
3-PA,1305,0,1649,0,0,1649,T
3-PA,1306,2,1,1643,1,1647,G
3-PA,1307,1622,0,5,0,1627,A
3-PA,1308,0,0,1628,0,1628,G
3-PA,1309,6,0,0,1620,1626,C
3-PA,1310,1612,0,0,0,1612,A
3-PA,1311,1,1,2,1661,1665,C
3-PA,1312,1602,0,1,0,1603,A
3-PA,1313,0,1628,0,3,1631,T
3-PA,1314,0,1635,0,0,1635,T
3-PA,1315,0,3,1629,3,1635,G
3-PA,1316,0,1,3,1631,1635,C
3-PA,1317,1624,1,3,0,1628,A
3-PA,1318,1625,0,1,0,1626,A
3-PA,1319,0,2,1624,0,1626,G
3-PA,1320,0,1540,0,1,1541,T
3-PA,1321,1574,0,1,0,1575,A
3-PA,1322,0,1576,0,0,1576,T
3-PA,1323,1,3,1568,1,1573,G
3-PA,1324,1558,0,0,0,1558,A
3-PA,1325,0,3,1556,0,1559,G
3-PA,1326,1554,0,1,0,1555,A
3-PA,1327,1549,1,1,0,1551,A
3-PA,1328,1,0,1496,0,1497,G
3-PA,1329,0,2,1483,0,1485,G
3-PA,1330,1476,0,1,0,1477,A
3-PA,1331,1471,0,2,0,1473,A
3-PA,1332,0,1473,0,0,1473,T
3-PA,1333,0,1470,0,2,1472,T
3-PA,1334,1487,0,0,0,1487,A
3-PA,1335,0,1485,1,1,1487,T
3-PA,1336,0,1487,0,0,1487,T
3-PA,1337,0,1489,0,4,1493,T
3-PA,1338,4,0,1,1469,1474,C
3-PA,1339,1465,0,0,0,1465,A
3-PA,1340,1,0,2,1513,1516,C
3-PA,1341,1506,0,0,0,1506,A
3-PA,1342,0,0,1515,0,1515,G
3-PA,1343,6,1,7,1502,1516,C
3-PA,1344,1513,0,2,0,1515,A
3-PA,1345,0,2,1516,2,1520,G
3-PA,1346,1518,0,2,0,1520,A
3-PA,1347,0,2,1515,0,1517,G
3-PA,1348,0,1,1524,0,1525,G
3-PA,1349,0,1480,0,3,1483,T
3-PA,1350,1,4,1535,3,1543,G
3-PA,1351,0,1524,0,1,1525,T
3-PA,1352,3,3,1,1524,1531,C
3-PA,1353,1,2,0,1536,1539,C
3-PA,1354,3,0,0,1540,1543,C
3-PA,1355,1550,0,0,0,1550,A
3-PA,1356,0,1558,0,3,1561,T
3-PA,1357,0,1550,0,2,1552,T
3-PA,1358,0,3,1556,4,1563,G
3-PA,1359,0,1540,0,0,1540,T
3-PA,1360,1521,0,1,0,1522,A
3-PA,1361,0,3,1516,1,1520,G
3-PA,1362,1484,0,1,0,1485,A
3-PA,1363,1,1,1481,0,1483,G
3-PA,1364,0,0,0,1444,1444,C
3-PA,1365,8,1,0,1417,1426,C
3-PA,1366,1441,0,3,0,1444,A
3-PA,1367,1,0,0,1450,1451,C
3-PA,1368,0,1428,0,2,1430,T
3-PA,1369,2,3,1425,1,1431,G
3-PA,1370,1427,0,1,0,1428,A
3-PA,1371,1401,0,1,0,1402,A
3-PA,1372,0,1470,0,0,1470,T
3-PA,1373,1479,0,1,0,1480,A
3-PA,1374,3,2,4,1486,1495,C
3-PA,1375,1454,0,0,0,1454,A
3-PA,1376,0,1479,0,0,1479,T
3-PA,1377,1470,0,1,0,1471,A
3-PA,1378,1478,0,2,0,1480,A
3-PA,1379,0,1477,0,0,1477,T
3-PA,1380,2,3,1440,5,1450,G
3-PA,1381,1440,0,2,0,1442,A
3-PA,1382,1420,0,1,0,1421,A
3-PA,1383,0,2,1416,0,1418,G
3-PA,1384,0,1,1408,0,1409,G
3-PA,1385,0,1,1410,0,1411,G
3-PA,1386,0,0,1400,0,1400,G
3-PA,1387,0,2,1427,0,1429,G
3-PA,1388,0,1364,0,0,1364,T
3-PA,1389,1370,0,2,0,1372,A
3-PA,1390,0,1376,0,1,1377,T
3-PA,1391,1370,0,3,0,1373,A
3-PA,1392,1,3,8,1481,1493,C
3-PA,1393,1433,0,0,0,1433,A
3-PA,1394,0,1399,0,0,1399,T
3-PA,1395,0,1385,0,2,1387,T
3-PA,1396,1371,0,0,0,1371,A
3-PA,1397,1405,0,1,0,1406,A
3-PA,1398,2,0,2,1400,1404,C
3-PA,1399,1384,0,0,0,1384,A
3-PA,1400,0,0,2,1391,1393,C
3-PA,1401,0,1267,0,1,1268,T
3-PA,1402,0,0,1307,2,1309,G
3-PA,1403,1,0,0,1296,1297,C
3-PA,1404,0,0,0,1304,1304,C
3-PA,1405,0,0,0,1318,1318,C
3-PA,1406,0,1287,0,1,1288,T
3-PA,1407,0,13,1336,3,1352,G
3-PA,1408,2,0,1,1351,1354,C
3-PA,1409,1,1342,0,4,1347,T
3-PA,1410,2,1,5,1367,1375,C
3-PA,1411,1298,0,0,0,1298,A
3-PA,1412,1309,0,1,0,1310,A
3-PA,1413,0,1310,0,1,1311,T
3-PA,1414,0,3,1312,1,1316,G
3-PA,1415,5,0,2,1309,1316,C
3-PA,1416,1288,0,1,0,1289,A
3-PA,1417,0,1284,0,1,1285,T
3-PA,1418,0,0,0,1293,1293,C
3-PA,1419,2,0,1,1296,1299,C
3-PA,1420,0,1256,0,0,1256,T
3-PA,1421,1,4,1275,2,1282,G
3-PA,1422,0,1280,0,1,1281,T
3-PA,1423,0,0,1282,2,1284,G
3-PA,1424,13,0,2,1264,1279,C
3-PA,1425,1258,0,2,0,1260,A
3-PA,1426,1,3,1266,0,1270,G
3-PA,1427,4,0,2,1254,1260,C
3-PA,1428,1211,1,1,0,1213,A
3-PA,1429,1217,0,1,0,1218,A
3-PA,1430,0,1184,0,0,1184,T
3-PA,1431,1,2,1182,1,1186,G
3-PA,1432,3,0,1179,1,1183,G
3-PA,1433,1180,0,1,0,1181,A
3-PA,1434,0,1,0,1180,1181,C
3-PA,1435,1,1,1160,0,1162,G
3-PA,1436,1160,0,1,0,1161,A
3-PA,1437,0,1165,0,0,1165,T
3-PA,1438,0,1164,0,0,1164,T
3-PA,1439,0,1160,0,2,1162,T
3-PA,1440,1,1152,0,0,1153,T
3-PA,1441,1,0,1,1159,1161,C
3-PA,1442,1160,0,0,0,1160,A
3-PA,1443,1164,1,0,0,1165,A
3-PA,1444,0,0,1,1167,1168,C
3-PA,1445,0,1144,0,1,1145,T
3-PA,1446,1148,0,0,0,1148,A
3-PA,1447,1160,0,0,0,1160,A
3-PA,1448,0,1174,0,0,1174,T
3-PA,1449,0,1170,0,0,1170,T
3-PA,1450,2,0,0,1174,1176,C
3-PA,1451,2,2,0,1165,1169,C
3-PA,1452,2,3,0,1173,1178,C
3-PA,1453,1175,0,1,0,1176,A
3-PA,1454,0,1184,0,1,1185,T
3-PA,1455,2,1,1182,3,1188,G
3-PA,1456,1199,0,0,0,1199,A
3-PA,1457,0,1193,0,1,1194,T
3-PA,1458,1194,0,1,0,1195,A
3-PA,1459,1199,0,2,0,1201,A
3-PA,1460,0,0,1195,2,1197,G
3-PA,1461,3,0,4,1172,1179,C
3-PA,1462,1178,0,0,0,1178,A
3-PA,1463,1158,0,0,0,1158,A
3-PA,1464,0,0,1175,0,1175,G
3-PA,1465,0,1151,0,1,1152,T
3-PA,1466,0,2,1153,0,1155,G
3-PA,1467,5,2,2,1150,1159,C
3-PA,1468,1132,0,5,0,1137,A
3-PA,1469,0,0,1155,1,1156,G
3-PA,1470,1142,0,1,0,1143,A
3-PA,1471,1142,0,2,0,1144,A
3-PA,1472,0,0,2,1137,1139,C
3-PA,1473,1097,0,0,1,1098,A
3-PA,1474,1117,0,0,0,1117,A
3-PA,1475,1117,0,0,0,1117,A
3-PA,1476,1117,0,2,0,1119,A
3-PA,1477,0,2,1115,2,1119,G
3-PA,1478,1082,0,2,0,1084,A
3-PA,1479,0,1,1086,1,1088,G
3-PA,1480,1,3,1059,0,1063,G
3-PA,1481,1,0,1064,0,1065,G
3-PA,1482,1022,0,2,0,1024,A
3-PA,1483,994,0,3,0,997,A
3-PA,1484,0,0,987,0,987,G
3-PA,1485,0,0,978,0,978,G
3-PA,1486,1,1,1,965,968,C
3-PA,1487,0,1,969,0,970,G
3-PA,1488,969,0,0,0,969,A
3-PA,1489,974,0,0,0,974,A
3-PA,1490,972,0,0,0,972,A
3-PA,1491,971,0,0,0,971,A
3-PA,1492,970,0,2,0,972,A
3-PA,1493,0,0,1,968,969,C
3-PA,1494,1,0,0,958,959,C
3-PA,1495,960,0,0,0,960,A
3-PA,1496,974,0,0,0,974,A
3-PA,1497,0,973,0,0,973,T
3-PA,1498,0,973,0,0,973,T
3-PA,1499,0,975,0,0,975,T
3-PA,1500,976,0,0,0,976,A
3-PA,1501,0,970,0,3,973,T
3-PA,1502,971,0,0,0,971,A
3-PA,1503,0,965,0,0,965,T
3-PA,1504,1,2,957,0,960,G
3-PA,1505,2,0,949,0,951,G
3-PA,1506,949,0,0,0,949,A
3-PA,1507,0,947,0,0,947,T
3-PA,1508,0,937,0,1,938,T
3-PA,1509,1,0,1,920,922,C
3-PA,1510,901,0,0,0,901,A
3-PA,1511,0,901,0,2,903,T
3-PA,1512,3,1,1,901,906,C
3-PA,1513,896,0,0,0,896,A
3-PA,1514,0,886,0,0,886,T
3-PA,1515,883,0,0,0,883,A
3-PA,1516,882,0,0,0,882,A
3-PA,1517,881,0,0,0,881,A
3-PA,1518,0,1,868,0,869,G
3-PA,1519,0,0,853,0,853,G
3-PA,1520,1,3,838,0,842,G
3-PA,1521,830,1,0,0,831,A
3-PA,1522,823,0,0,0,823,A
3-PA,1523,1,1,824,0,826,G
3-PA,1524,769,0,0,0,769,A
3-PA,1525,0,761,0,2,763,T
3-PA,1526,0,0,0,759,759,C
3-PA,1527,0,743,0,0,743,T
3-PA,1528,0,0,1,754,755,C
3-PA,1529,752,0,0,0,752,A
3-PA,1530,0,753,0,1,754,T
3-PA,1531,0,753,0,1,754,T
3-PA,1532,0,747,0,0,747,T
3-PA,1533,742,0,0,0,742,A
3-PA,1534,738,0,1,0,739,A
3-PA,1535,0,0,740,0,740,G
3-PA,1536,0,0,745,0,745,G
3-PA,1537,695,0,0,0,695,A
3-PA,1538,693,0,1,0,694,A
3-PA,1539,0,691,0,2,693,T
3-PA,1540,0,1,692,1,694,G
3-PA,1541,705,0,0,0,705,A
3-PA,1542,0,0,1,704,705,C
3-PA,1543,698,0,2,0,700,A
3-PA,1544,5,0,1,693,699,C
3-PA,1545,648,0,0,0,648,A
3-PA,1546,1,1,651,0,653,G
3-PA,1547,647,0,1,0,648,A
3-PA,1548,0,0,0,639,639,C
3-PA,1549,0,0,623,0,623,G
3-PA,1550,0,550,0,2,552,T
3-PA,1551,0,2,544,0,546,G
3-PA,1552,0,0,551,0,551,G
3-PA,1553,0,547,0,0,547,T
3-PA,1554,549,0,1,0,550,A
3-PA,1555,539,0,0,0,539,A
3-PA,1556,530,0,0,0,530,A
3-PA,1557,0,524,0,0,524,T
3-PA,1558,0,493,0,0,493,T
3-PA,1559,0,491,0,0,491,T
3-PA,1560,0,484,0,0,484,T
3-PA,1561,0,0,484,0,484,G
3-PA,1562,0,477,0,0,477,T
3-PA,1563,0,0,477,1,478,G
3-PA,1564,467,0,3,0,470,A
3-PA,1565,0,0,470,0,470,G
3-PA,1566,2,1,1,452,456,C
3-PA,1567,455,0,0,0,455,A
3-PA,1568,0,452,0,2,454,T
3-PA,1569,0,2,452,0,454,G
3-PA,1570,0,1,447,0,448,G
3-PA,1571,452,0,0,1,453,A
3-PA,1572,0,0,452,0,452,G
3-PA,1573,0,440,0,0,440,T
3-PA,1574,0,408,0,0,408,T
3-PA,1575,0,410,0,0,410,T
3-PA,1576,0,405,0,3,408,T
3-PA,1577,0,1,0,404,405,C
3-PA,1578,0,399,0,1,400,T
3-PA,1579,2,0,0,399,401,C
3-PA,1580,0,373,0,0,373,T
3-PA,1581,0,0,1,371,372,C
3-PA,1582,371,0,0,0,371,A
3-PA,1583,0,0,1,367,368,C
3-PA,1584,0,349,0,0,349,T
3-PA,1585,0,0,348,0,348,G
3-PA,1586,341,0,1,0,342,A
3-PA,1587,1,1,0,341,343,C
3-PA,1588,0,0,0,343,343,C
3-PA,1589,1,0,0,324,325,C
3-PA,1590,2,0,311,0,313,G
3-PA,1591,307,0,1,0,308,A
3-PA,1592,0,0,314,0,314,G
3-PA,1593,305,1,1,0,307,A
3-PA,1594,0,0,0,299,299,C
3-PA,1595,0,280,0,1,281,T
3-PA,1596,0,246,0,0,246,T
3-PA,1597,0,0,249,0,249,G
3-PA,1598,245,0,3,0,248,A
3-PA,1599,0,0,245,0,245,G
3-PA,1600,0,0,0,242,242,C
3-PA,1601,0,0,0,229,229,C
3-PA,1602,215,0,0,0,215,A
3-PA,1603,0,0,1,213,214,C
3-PA,1604,211,0,1,0,212,A
3-PA,1605,0,211,0,0,211,T
3-PA,1606,207,0,0,0,207,A
3-PA,1607,207,0,0,0,207,A
3-PA,1608,206,0,0,0,206,A
3-PA,1609,0,199,0,0,199,T
3-PA,1610,0,1,194,0,195,G
3-PA,1611,0,2,158,0,160,G
3-PA,1612,0,0,152,0,152,G
3-PA,1613,144,0,0,0,144,A
3-PA,1614,0,0,144,0,144,G
3-PA,1615,127,0,0,0,127,A
3-PA,1616,117,0,0,0,117,A
3-PA,1617,117,0,0,0,117,A
3-PA,1618,0,114,0,0,114,T
3-PA,1619,113,0,0,0,113,A
3-PA,1620,0,1,0,111,112,C
3-PA,1621,0,67,0,0,67,T
3-PA,1622,0,0,69,0,69,G
3-PA,1623,0,55,0,0,55,T
3-PA,1624,0,0,54,0,54,G
3-PA,1625,0,52,0,0,52,T
3-PA,1626,0,0,0,45,45,C
3-PA,1627,0,0,0,43,43,C
3-PA,1628,0,42,0,0,42,T
3-PA,1629,0,42,0,0,42,T
3-PA,1630,0,1,42,0,43,G
3-PA,1631,43,0,0,0,43,A
3-PA,1632,0,0,43,0,43,G
3-PA,1633,42,0,0,0,42,A
3-PA,1634,0,42,0,0,42,T
3-PA,1635,38,0,1,0,39,A
3-PA,1636,0,0,40,0,40,G
3-PA,1637,0,0,39,0,39,G
3-PA,1638,40,0,0,0,40,A
3-PA,1639,0,0,40,0,40,G
3-PA,1640,38,0,0,0,38,A
3-PA,1641,0,39,0,0,39,T
3-PA,1642,40,0,0,0,40,A
3-PA,1643,0,39,0,0,39,T
3-PA,1644,0,0,41,0,41,G
3-PA,1645,0,41,0,0,41,T
3-PA,1646,0,41,0,0,41,T
3-PA,1647,41,0,0,0,41,A
3-PA,1648,0,40,0,0,40,T
3-PA,1649,0,41,0,0,41,T
3-PA,1650,41,0,0,0,41,A
3-PA,1651,41,0,0,0,41,A
3-PA,1652,0,0,41,0,41,G
3-PA,1653,40,0,0,0,40,A
3-PA,1654,39,0,0,0,39,A
3-PA,1655,0,0,36,0,36,G
3-PA,1656,0,35,0,0,35,T
3-PA,1657,0,0,37,0,37,G
3-PA,1658,0,0,0,38,38,C
3-PA,1659,0,0,0,38,38,C
3-PA,1660,38,0,0,0,38,A
3-PA,1661,0,37,0,0,37,T
3-PA,1662,37,0,0,0,37,A
3-PA,1663,0,0,38,0,38,G
3-PA,1664,0,0,37,0,37,G
3-PA,1665,0,0,0,38,38,C
3-PA,1666,0,0,0,38,38,C
3-PA,1667,38,0,0,0,38,A
3-PA,1668,37,0,1,0,38,A
3-PA,1669,38,0,0,0,38,A
3-PA,1670,0,38,0,0,38,T
3-PA,1671,0,40,0,0,40,T
3-PA,1672,0,40,0,0,40,T
3-PA,1673,0,0,0,40,40,C
3-PA,1674,39,0,1,0,40,A
3-PA,1675,40,0,0,0,40,A
3-PA,1676,0,0,41,0,41,G
3-PA,1677,0,0,42,0,42,G
3-PA,1678,0,0,0,43,43,C
3-PA,1679,0,0,0,44,44,C
3-PA,1680,0,44,0,0,44,T
3-PA,1681,45,0,0,0,45,A
3-PA,1682,0,44,0,0,44,T
3-PA,1683,0,0,44,1,45,G
3-PA,1684,0,43,0,0,43,T
3-PA,1685,0,46,0,0,46,T
3-PA,1686,0,0,0,45,45,C
3-PA,1687,0,41,0,0,41,T
3-PA,1688,0,42,0,0,42,T
3-PA,1689,0,0,42,0,42,G
3-PA,1690,0,40,0,0,40,T
3-PA,1691,41,0,0,0,41,A
3-PA,1692,0,41,0,0,41,T
3-PA,1693,0,0,41,0,41,G
3-PA,1694,0,39,0,0,39,T
3-PA,1695,0,0,39,0,39,G
3-PA,1696,39,0,0,0,39,A
3-PA,1697,0,0,39,0,39,G
3-PA,1698,0,0,38,0,38,G
3-PA,1699,38,0,0,0,38,A
3-PA,1700,1,0,0,37,38,C
3-PA,1701,37,0,0,0,37,A
3-PA,1702,37,0,0,0,37,A
3-PA,1703,38,0,0,0,38,A
3-PA,1704,0,0,0,38,38,C
3-PA,1705,0,0,38,0,38,G
3-PA,1706,0,0,38,0,38,G
3-PA,1707,37,0,0,0,37,A
3-PA,1708,36,0,0,0,36,A
3-PA,1709,0,0,0,38,38,C
3-PA,1710,37,0,0,0,37,A
3-PA,1711,0,38,0,0,38,T
3-PA,1712,0,0,0,38,38,C
3-PA,1713,38,0,0,0,38,A
3-PA,1714,37,0,0,0,37,A
3-PA,1715,37,0,0,0,37,A
3-PA,1716,0,0,37,0,37,G
3-PA,1717,0,0,37,0,37,G
3-PA,1718,0,37,0,0,37,T
3-PA,1719,0,0,0,37,37,C
3-PA,1720,36,0,0,0,36,A
3-PA,1721,37,0,0,0,37,A
3-PA,1722,37,0,0,0,37,A
3-PA,1723,37,0,0,0,37,A
3-PA,1724,0,37,0,0,37,T
3-PA,1725,0,0,37,0,37,G
3-PA,1726,37,0,0,0,37,A
3-PA,1727,37,0,0,0,37,A
3-PA,1728,36,0,1,0,37,A
3-PA,1729,0,37,0,0,37,T
3-PA,1730,1,0,35,0,36,G
3-PA,1731,0,0,36,0,36,G
3-PA,1732,0,0,36,0,36,G
3-PA,1733,0,0,35,0,35,G
3-PA,1734,34,0,0,0,34,A
3-PA,1735,35,0,0,0,35,A
3-PA,1736,0,34,0,0,34,T
3-PA,1737,0,0,34,0,34,G
3-PA,1738,1,0,33,0,34,G
3-PA,1739,32,0,0,0,32,A
3-PA,1740,0,0,32,0,32,G
3-PA,1741,32,0,0,0,32,A
3-PA,1742,0,30,0,0,30,T
3-PA,1743,0,0,30,0,30,G
3-PA,1744,29,0,0,0,29,A
3-PA,1745,0,1,29,0,30,G
3-PA,1746,29,0,0,0,29,A
3-PA,1747,0,0,0,29,29,C
3-PA,1748,0,0,28,0,28,G
3-PA,1749,0,26,0,0,26,T
3-PA,1750,0,27,0,0,27,T
3-PA,1751,0,0,29,0,29,G
3-PA,1752,0,0,0,28,28,C
3-PA,1753,0,0,0,29,29,C
3-PA,1754,0,28,0,0,28,T
3-PA,1755,0,0,0,28,28,C
3-PA,1756,0,0,0,29,29,C
3-PA,1757,0,29,0,0,29,T
3-PA,1758,0,29,0,0,29,T
3-PA,1759,0,0,0,31,31,C
3-PA,1760,30,0,0,0,30,A
3-PA,1761,0,0,30,0,30,G
3-PA,1762,0,30,0,0,30,T
3-PA,1763,0,0,0,29,29,C
3-PA,1764,30,0,0,0,30,A
3-PA,1765,0,0,0,30,30,C
3-PA,1766,0,31,0,0,31,T
3-PA,1767,0,0,0,31,31,C
3-PA,1768,1,0,0,29,30,C
3-PA,1769,31,0,0,0,31,A
3-PA,1770,0,0,31,0,31,G
3-PA,1771,0,0,0,31,31,C
3-PA,1772,30,0,0,0,30,A
3-PA,1773,0,0,29,0,29,G
3-PA,1774,28,0,0,0,28,A
3-PA,1775,0,28,0,0,28,T
3-PA,1776,0,0,0,29,29,C
3-PA,1777,0,0,29,0,29,G
3-PA,1778,28,0,0,0,28,A
3-PA,1779,0,0,29,0,29,G
3-PA,1780,29,0,0,0,29,A
3-PA,1781,0,0,29,0,29,G
3-PA,1782,0,0,0,29,29,C
3-PA,1783,27,0,0,0,27,A
3-PA,1784,0,27,0,0,27,T
3-PA,1785,0,0,26,0,26,G
3-PA,1786,26,0,0,0,26,A
3-PA,1787,0,27,0,0,27,T
3-PA,1788,0,27,0,0,27,T
3-PA,1789,0,0,27,0,27,G
3-PA,1790,27,0,0,0,27,A
3-PA,1791,27,0,0,0,27,A
3-PA,1792,0,0,26,0,26,G
3-PA,1793,0,0,0,26,26,C
3-PA,1794,0,0,0,26,26,C
3-PA,1795,0,0,25,0,25,G
3-PA,1796,26,0,0,0,26,A
3-PA,1797,0,0,28,0,28,G
3-PA,1798,0,28,0,0,28,T
3-PA,1799,0,0,0,28,28,C
3-PA,1800,0,0,0,28,28,C
3-PA,1801,0,28,0,0,28,T
3-PA,1802,0,0,0,28,28,C
3-PA,1803,0,0,26,0,26,G
3-PA,1804,0,0,29,0,29,G
3-PA,1805,0,28,0,0,28,T
3-PA,1806,0,29,0,0,29,T
3-PA,1807,30,0,0,0,30,A
3-PA,1808,30,0,0,0,30,A
3-PA,1809,31,0,0,0,31,A
3-PA,1810,0,1,30,0,31,G
3-PA,1811,31,0,0,0,31,A
3-PA,1812,0,0,31,0,31,G
3-PA,1813,29,0,0,0,29,A
3-PA,1814,29,0,0,0,29,A
3-PA,1815,30,0,0,0,30,A
3-PA,1816,0,1,28,0,29,G
3-PA,1817,28,0,0,0,28,A
3-PA,1818,0,0,0,30,30,C
3-PA,1819,28,0,0,0,28,A
3-PA,1820,0,28,0,0,28,T
3-PA,1821,0,0,29,0,29,G
3-PA,1822,30,0,0,0,30,A
3-PA,1823,0,0,0,30,30,C
3-PA,1824,0,0,0,30,30,C
3-PA,1825,30,0,0,0,30,A
3-PA,1826,30,0,0,0,30,A
3-PA,1827,29,0,1,0,30,A
3-PA,1828,0,0,30,0,30,G
3-PA,1829,30,0,0,0,30,A
3-PA,1830,0,0,30,0,30,G
3-PA,1831,0,29,0,0,29,T
3-PA,1832,0,30,0,0,30,T
3-PA,1833,0,30,0,0,30,T
3-PA,1834,0,30,0,0,30,T
3-PA,1835,0,30,0,0,30,T
3-PA,1836,0,29,0,0,29,T
3-PA,1837,0,0,30,0,30,G
3-PA,1838,31,0,0,0,31,A
3-PA,1839,0,0,33,0,33,G
3-PA,1840,33,0,0,0,33,A
3-PA,1841,32,0,0,0,32,A
3-PA,1842,0,33,0,0,33,T
3-PA,1843,33,0,0,0,33,A
3-PA,1844,36,0,0,0,36,A
3-PA,1845,36,0,0,0,36,A
3-PA,1846,0,36,0,0,36,T
3-PA,1847,0,0,0,36,36,C
3-PA,1848,35,0,0,0,35,A
3-PA,1849,0,0,35,0,35,G
3-PA,1850,35,0,0,0,35,A
3-PA,1851,35,0,0,0,35,A
3-PA,1852,0,0,36,0,36,G
3-PA,1853,1,0,0,35,36,C
3-PA,1854,36,0,0,0,36,A
3-PA,1855,0,36,0,0,36,T
3-PA,1856,0,0,37,0,37,G
3-PA,1857,0,0,37,0,37,G
3-PA,1858,0,0,0,35,35,C
3-PA,1859,0,0,0,40,40,C
3-PA,1860,0,0,0,41,41,C
3-PA,1861,38,0,0,0,38,A
3-PA,1862,0,39,0,0,39,T
3-PA,1863,0,39,0,0,39,T
3-PA,1864,1,0,37,0,38,G
3-PA,1865,0,0,39,0,39,G
3-PA,1866,0,1,37,0,38,G
3-PA,1867,0,0,38,0,38,G
3-PA,1868,35,0,0,0,35,A
3-PA,1869,0,0,37,0,37,G
3-PA,1870,0,33,0,1,34,T
3-PA,1871,0,0,0,35,35,C
3-PA,1872,0,0,0,38,38,C
3-PA,1873,0,0,0,38,38,C
3-PA,1874,0,1,0,37,38,C
3-PA,1875,0,0,0,37,37,C
3-PA,1876,37,0,0,0,37,A
3-PA,1877,38,0,0,0,38,A
3-PA,1878,0,0,38,0,38,G
3-PA,1879,0,0,37,0,37,G
3-PA,1880,0,0,36,0,36,G
3-PA,1881,35,0,0,0,35,A
3-PA,1882,0,0,37,0,37,G
3-PA,1883,0,36,0,0,36,T
3-PA,1884,0,0,37,0,37,G
3-PA,1885,0,0,37,0,37,G
3-PA,1886,37,0,0,0,37,A
3-PA,1887,35,0,0,0,35,A
3-PA,1888,0,1,33,0,34,G
3-PA,1889,33,0,0,0,33,A
3-PA,1890,33,0,0,0,33,A
3-PA,1891,0,0,34,0,34,G
3-PA,1892,0,0,34,0,34,G
3-PA,1893,0,33,0,0,33,T
3-PA,1894,0,32,0,0,32,T
3-PA,1895,0,0,0,32,32,C
3-PA,1896,0,0,0,32,32,C
3-PA,1897,32,0,0,0,32,A
3-PA,1898,0,31,0,0,31,T
3-PA,1899,0,31,0,0,31,T
3-PA,1900,0,1,31,0,32,G
3-PA,1901,0,0,31,0,31,G
3-PA,1902,0,0,30,0,30,G
3-PA,1903,31,0,0,0,31,A
3-PA,1904,30,0,0,0,30,A
3-PA,1905,29,0,0,0,29,A
3-PA,1906,0,0,30,0,30,G
3-PA,1907,0,30,0,0,30,T
3-PA,1908,0,0,0,30,30,C
3-PA,1909,0,30,0,0,30,T
3-PA,1910,0,0,30,0,30,G
3-PA,1911,0,30,0,0,30,T
3-PA,1912,30,0,0,0,30,A
3-PA,1913,0,0,30,0,30,G
3-PA,1914,0,0,32,0,32,G
3-PA,1915,30,0,0,0,30,A
3-PA,1916,0,0,0,30,30,C
3-PA,1917,0,29,0,0,29,T
3-PA,1918,1,1,0,29,31,C
3-PA,1919,0,30,0,0,30,T
3-PA,1920,31,0,0,0,31,A
3-PA,1921,0,31,0,0,31,T
3-PA,1922,0,30,0,0,30,T
3-PA,1923,0,0,30,0,30,G
3-PA,1924,0,0,29,0,29,G
3-PA,1925,0,0,0,30,30,C
3-PA,1926,0,31,0,0,31,T
3-PA,1927,31,0,0,0,31,A
3-PA,1928,30,0,0,0,30,A
3-PA,1929,0,0,30,0,30,G
3-PA,1930,0,30,0,0,30,T
3-PA,1931,0,0,0,29,29,C
3-PA,1932,30,0,0,0,30,A
3-PA,1933,0,0,31,0,31,G
3-PA,1934,0,31,0,0,31,T
3-PA,1935,33,0,0,0,33,A
3-PA,1936,0,35,0,0,35,T
3-PA,1937,0,32,0,0,32,T
3-PA,1938,0,0,0,33,33,C
3-PA,1939,32,0,0,0,32,A
3-PA,1940,33,0,0,0,33,A
3-PA,1941,0,33,0,0,33,T
3-PA,1942,33,0,0,0,33,A
3-PA,1943,0,0,34,0,34,G
3-PA,1944,0,0,0,33,33,C
3-PA,1945,0,0,0,34,34,C
3-PA,1946,0,34,0,0,34,T
3-PA,1947,0,0,36,1,37,G
3-PA,1948,0,38,0,0,38,T
3-PA,1949,39,0,0,0,39,A
3-PA,1950,0,40,0,0,40,T
3-PA,1951,0,0,40,1,41,G
3-PA,1952,0,0,0,41,41,C
3-PA,1953,40,0,0,0,40,A
3-PA,1954,0,41,0,0,41,T
3-PA,1955,0,0,0,41,41,C
3-PA,1956,41,0,0,0,41,A
3-PA,1957,0,0,0,41,41,C
3-PA,1958,0,0,0,40,40,C
3-PA,1959,40,0,0,0,40,A
3-PA,1960,0,0,0,40,40,C
3-PA,1961,40,0,0,0,40,A
3-PA,1962,40,0,0,0,40,A
3-PA,1963,0,39,0,0,39,T
3-PA,1964,0,40,0,0,40,T
3-PA,1965,0,0,40,0,40,G
3-PA,1966,0,0,40,0,40,G
3-PA,1967,40,0,0,0,40,A
3-PA,1968,39,0,0,0,39,A
3-PA,1969,0,0,39,0,39,G
3-PA,1970,0,0,39,0,39,G
3-PA,1971,39,0,0,0,39,A
3-PA,1972,0,39,0,0,39,T
3-PA,1973,0,39,0,0,39,T
3-PA,1974,0,39,0,0,39,T
3-PA,1975,0,39,0,0,39,T
3-PA,1976,0,0,0,39,39,C
3-PA,1977,39,0,0,0,39,A
3-PA,1978,0,0,39,0,39,G
3-PA,1979,0,0,0,39,39,C
3-PA,1980,0,0,39,0,39,G
3-PA,1981,0,0,40,0,40,G
3-PA,1982,40,0,0,0,40,A
3-PA,1983,0,0,40,0,40,G
3-PA,1984,0,39,0,0,39,T
3-PA,1985,0,0,0,40,40,C
3-PA,1986,40,0,0,0,40,A
3-PA,1987,40,0,0,0,40,A
3-PA,1988,0,0,40,0,40,G
3-PA,1989,40,0,0,0,40,A
3-PA,1990,40,0,0,0,40,A
3-PA,1991,39,0,0,0,39,A
3-PA,1992,39,0,1,0,40,A
3-PA,1993,0,0,0,39,39,C
3-PA,1994,0,40,0,0,40,T
3-PA,1995,0,0,40,0,40,G
3-PA,1996,0,0,0,40,40,C
3-PA,1997,0,39,0,0,39,T
3-PA,1998,0,0,0,39,39,C
3-PA,1999,0,0,0,40,40,C
3-PA,2000,0,39,0,0,39,T
3-PA,2001,0,40,0,0,40,T
3-PA,2002,0,0,40,0,40,G
3-PA,2003,0,40,0,0,40,T
3-PA,2004,0,41,0,0,41,T
3-PA,2005,0,0,41,0,41,G
3-PA,2006,0,41,0,0,41,T
3-PA,2007,0,40,0,0,40,T
3-PA,2008,0,0,0,41,41,C
3-PA,2009,41,0,0,0,41,A
3-PA,2010,0,0,43,0,43,G
3-PA,2011,0,0,43,0,43,G
3-PA,2012,0,0,0,43,43,C
3-PA,2013,0,42,0,0,42,T
3-PA,2014,0,0,0,40,40,C
3-PA,2015,0,40,0,0,40,T
3-PA,2016,0,40,0,0,40,T
3-PA,2017,41,0,0,0,41,A
3-PA,2018,0,0,41,0,41,G
3-PA,2019,0,0,40,0,40,G
3-PA,2020,0,0,39,0,39,G
3-PA,2021,39,0,0,0,39,A
3-PA,2022,0,0,0,38,38,C
3-PA,2023,32,0,0,0,32,A
3-PA,2024,32,0,0,0,32,A
3-PA,2025,0,0,0,31,31,C
3-PA,2026,0,0,0,31,31,C
3-PA,2027,0,32,0,0,32,T
3-PA,2028,0,0,0,32,32,C
3-PA,2029,0,0,32,0,32,G
3-PA,2030,31,0,0,0,31,A
3-PA,2031,31,0,0,0,31,A
3-PA,2032,0,0,0,31,31,C
3-PA,2033,0,0,0,31,31,C
3-PA,2034,0,30,0,0,30,T
3-PA,2035,0,1,31,0,32,G
3-PA,2036,0,0,32,0,32,G
3-PA,2037,0,0,31,0,31,G
3-PA,2038,32,0,0,0,32,A
3-PA,2039,0,0,0,31,31,C
3-PA,2040,0,0,0,32,32,C
3-PA,2041,0,30,0,0,30,T
3-PA,2042,0,31,0,0,31,T
3-PA,2043,0,30,0,0,30,T
3-PA,2044,0,0,31,0,31,G
3-PA,2045,31,0,0,0,31,A
3-PA,2046,0,31,0,0,31,T
3-PA,2047,0,0,0,31,31,C
3-PA,2048,0,29,0,0,29,T
3-PA,2049,0,29,0,0,29,T
3-PA,2050,0,0,29,0,29,G
3-PA,2051,0,0,30,0,30,G
3-PA,2052,0,0,30,0,30,G
3-PA,2053,0,0,31,0,31,G
3-PA,2054,0,0,31,0,31,G
3-PA,2055,0,0,30,0,30,G
3-PA,2056,0,0,0,30,30,C
3-PA,2057,0,28,0,0,28,T
3-PA,2058,0,0,27,0,27,G
3-PA,2059,0,27,0,0,27,T
3-PA,2060,28,0,0,0,28,A
3-PA,2061,0,28,0,0,28,T
3-PA,2062,0,0,28,0,28,G
3-PA,2063,28,0,0,0,28,A
3-PA,2064,28,0,0,0,28,A
3-PA,2065,0,0,27,0,27,G
3-PA,2066,0,0,0,28,28,C
3-PA,2067,25,0,0,0,25,A
3-PA,2068,25,0,0,0,25,A
3-PA,2069,0,23,0,1,24,T
3-PA,2070,0,23,0,0,23,T
3-PA,2071,0,1,22,0,23,G
3-PA,2072,24,0,0,0,24,A
3-PA,2073,0,0,23,0,23,G
3-PA,2074,0,0,24,0,24,G
3-PA,2075,22,0,0,0,22,A
3-PA,2076,0,0,22,0,22,G
3-PA,2077,0,20,0,0,20,T
3-PA,2078,0,0,21,0,21,G
3-PA,2079,0,0,0,21,21,C
3-PA,2080,0,0,0,21,21,C
3-PA,2081,0,21,0,0,21,T
3-PA,2082,0,0,21,0,21,G
3-PA,2083,21,0,0,0,21,A
3-PA,2084,0,22,0,0,22,T
3-PA,2085,0,20,0,0,20,T
3-PA,2086,20,0,0,0,20,A
3-PA,2087,18,0,0,0,18,A
3-PA,2088,0,18,0,0,18,T
3-PA,2089,0,0,18,0,18,G
3-PA,2090,18,0,0,0,18,A
3-PA,2091,0,18,0,0,18,T
3-PA,2092,0,0,0,18,18,C
3-PA,2093,0,0,0,18,18,C
3-PA,2094,0,0,0,18,18,C
3-PA,2095,0,18,0,0,18,T
3-PA,2096,0,0,18,0,18,G
3-PA,2097,0,0,18,0,18,G
3-PA,2098,0,0,18,0,18,G
3-PA,2099,0,16,0,1,17,T
3-PA,2100,0,15,0,0,15,T
3-PA,2101,0,15,0,0,15,T
3-PA,2102,0,14,0,0,14,T
3-PA,2103,0,0,14,0,14,G
3-PA,2104,0,0,0,14,14,C
3-PA,2105,0,14,0,0,14,T
3-PA,2106,0,0,0,14,14,C
3-PA,2107,14,0,0,0,14,A
3-PA,2108,14,0,0,0,14,A
3-PA,2109,0,14,0,0,14,T
3-PA,2110,0,1,13,0,14,G
3-PA,2111,0,0,0,14,14,C
3-PA,2112,0,0,14,0,14,G
3-PA,2113,0,15,0,0,15,T
3-PA,2114,0,0,0,15,15,C
3-PA,2115,0,13,0,0,13,T
3-PA,2116,0,13,0,0,13,T
3-PA,2117,0,0,13,0,13,G
3-PA,2118,0,0,13,0,13,G
3-PA,2119,0,13,0,0,13,T
3-PA,2120,0,13,0,0,13,T
3-PA,2121,0,0,0,13,13,C
3-PA,2122,12,0,0,0,12,A
3-PA,2123,12,0,0,0,12,A
3-PA,2124,0,0,0,12,12,C
3-PA,2125,0,12,0,0,12,T
3-PA,2126,0,0,0,12,12,C
3-PA,2127,0,0,0,12,12,C
3-PA,2128,0,12,0,0,12,T
3-PA,2129,0,12,0,0,12,T
3-PA,2130,0,0,0,12,12,C
3-PA,2131,0,0,0,12,12,C
3-PA,2132,0,11,0,0,11,T
3-PA,2133,0,0,11,0,11,G
3-PA,2134,11,0,0,0,11,A
3-PA,2135,0,0,0,11,11,C
3-PA,2136,11,0,0,0,11,A
3-PA,2137,0,0,0,10,10,C
3-PA,2138,8,0,0,0,8,A
3-PA,2139,0,8,0,0,8,T
3-PA,2140,0,0,8,0,8,G
3-PA,2141,0,0,0,8,8,C
3-PA,2142,7,0,0,0,7,A
3-PA,2143,0,7,0,0,7,T
3-PA,2144,0,7,0,0,7,T
3-PA,2145,7,0,0,0,7,A
3-PA,2146,7,0,0,0,7,A
3-PA,2147,7,0,0,0,7,A
3-PA,2148,7,0,0,0,7,A
3-PA,2149,0,7,0,0,7,T
3-PA,2150,6,0,0,0,6,A
3-PA,2151,0,0,6,0,6,G
4-HA,1,47,0,0,0,47,A
4-HA,2,0,48,0,0,48,T
4-HA,3,0,0,51,0,51,G
4-HA,4,53,0,0,0,53,A
4-HA,5,54,0,0,0,54,A
4-HA,6,0,0,56,0,56,G
4-HA,7,56,0,0,0,56,A
4-HA,8,0,0,0,61,61,C
4-HA,9,0,62,0,0,62,T
4-HA,10,64,0,0,0,64,A
4-HA,11,0,66,0,0,66,T
4-HA,12,0,0,0,67,67,C
4-HA,13,67,0,0,0,67,A
4-HA,14,0,67,0,0,67,T
4-HA,15,0,67,0,0,67,T
4-HA,16,0,0,77,0,77,G
4-HA,17,0,0,0,78,78,C
4-HA,18,0,78,0,0,78,T
4-HA,19,0,78,0,0,78,T
4-HA,20,0,78,0,0,78,T
4-HA,21,78,0,0,0,78,A
4-HA,22,81,0,0,0,81,A
4-HA,23,0,0,86,0,86,G
4-HA,24,0,0,0,85,85,C
4-HA,25,0,86,0,0,86,T
4-HA,26,86,0,0,0,86,A
4-HA,27,0,0,0,86,86,C
4-HA,28,0,85,0,0,85,T
4-HA,29,0,110,0,0,110,T
4-HA,30,0,109,0,0,109,T
4-HA,31,0,0,0,113,113,C
4-HA,32,0,113,0,0,113,T
4-HA,33,116,0,0,0,116,A
4-HA,34,0,117,0,0,117,T
4-HA,35,0,0,115,1,116,G
4-HA,36,0,115,0,0,115,T
4-HA,37,0,0,0,116,116,C
4-HA,38,0,116,0,0,116,T
4-HA,39,0,0,115,0,115,G
4-HA,40,0,0,115,0,115,G
4-HA,41,0,115,0,0,115,T
4-HA,42,0,115,0,1,116,T
4-HA,43,0,115,0,0,115,T
4-HA,44,0,115,0,0,115,T
4-HA,45,0,0,0,114,114,C
4-HA,46,0,0,115,0,115,G
4-HA,47,0,1,0,114,115,C
4-HA,48,0,115,0,0,115,T
4-HA,49,0,0,0,114,114,C
4-HA,50,115,0,0,0,115,A
4-HA,51,116,0,0,0,116,A
4-HA,52,116,0,0,0,116,A
4-HA,53,116,0,0,0,116,A
4-HA,54,116,0,0,0,116,A
4-HA,55,0,115,0,0,115,T
4-HA,56,0,115,0,0,115,T
4-HA,57,0,116,0,0,116,T
4-HA,58,0,0,0,116,116,C
4-HA,59,0,0,0,116,116,C
4-HA,60,0,116,0,0,116,T
4-HA,61,0,1,117,0,118,G
4-HA,62,0,0,118,0,118,G
4-HA,63,120,0,0,0,120,A
4-HA,64,121,0,0,0,121,A
4-HA,65,122,0,0,0,122,A
4-HA,66,0,126,0,0,126,T
4-HA,67,0,0,126,0,126,G
4-HA,68,130,0,0,0,130,A
4-HA,69,0,0,0,130,130,C
4-HA,70,130,0,0,0,130,A
4-HA,71,132,0,0,0,132,A
4-HA,72,0,0,0,137,137,C
4-HA,73,138,0,0,0,138,A
4-HA,74,0,0,139,0,139,G
4-HA,75,0,0,0,138,138,C
4-HA,76,137,0,0,0,137,A
4-HA,77,0,0,0,143,143,C
4-HA,78,0,0,143,0,143,G
4-HA,79,0,0,147,0,147,G
4-HA,80,0,0,0,147,147,C
4-HA,81,148,0,0,0,148,A
4-HA,82,150,0,0,0,150,A
4-HA,83,0,0,0,150,150,C
4-HA,84,0,0,151,0,151,G
4-HA,85,0,0,0,152,152,C
4-HA,86,0,152,0,0,152,T
4-HA,87,0,0,155,0,155,G
4-HA,88,0,155,0,0,155,T
4-HA,89,0,1,160,0,161,G
4-HA,90,0,0,0,163,163,C
4-HA,91,0,0,0,165,165,C
4-HA,92,0,162,0,0,162,T
4-HA,93,0,164,0,0,164,T
4-HA,94,0,0,162,1,163,G
4-HA,95,0,0,171,0,171,G
4-HA,96,1,0,179,0,180,G
4-HA,97,0,0,1,177,178,C
4-HA,98,176,0,0,0,176,A
4-HA,99,1,0,0,183,184,C
4-HA,100,0,0,0,183,183,C
4-HA,101,201,0,0,0,201,A
4-HA,102,0,202,0,0,202,T
4-HA,103,0,0,205,0,205,G
4-HA,104,1,1,0,204,206,C
4-HA,105,202,0,0,0,202,A
4-HA,106,0,1,220,0,221,G
4-HA,107,0,221,0,0,221,T
4-HA,108,223,0,0,0,223,A
4-HA,109,0,0,0,220,220,C
4-HA,110,0,0,0,221,221,C
4-HA,111,220,0,0,0,220,A
4-HA,112,222,0,0,0,222,A
4-HA,113,220,0,0,0,220,A
4-HA,114,0,0,1,225,226,C
4-HA,115,0,0,223,0,223,G
4-HA,116,0,0,235,0,235,G
4-HA,117,234,0,0,0,234,A
4-HA,118,237,0,0,0,237,A
4-HA,119,0,0,0,236,236,C
4-HA,120,1,0,232,3,236,G
4-HA,121,235,0,0,0,235,A
4-HA,122,0,239,0,0,239,T
4-HA,123,241,0,1,0,242,A
4-HA,124,0,0,241,0,241,G
4-HA,125,0,241,0,0,241,T
4-HA,126,0,0,240,0,240,G
4-HA,127,240,0,0,0,240,A
4-HA,128,243,0,0,0,243,A
4-HA,129,241,0,1,0,242,A
4-HA,130,242,0,0,0,242,A
4-HA,131,0,1,0,243,244,C
4-HA,132,241,0,0,0,241,A
4-HA,133,239,0,1,0,240,A
4-HA,134,0,240,0,0,240,T
4-HA,135,0,0,0,242,242,C
4-HA,136,243,0,0,0,243,A
4-HA,137,0,0,0,243,243,C
4-HA,138,1,0,241,0,242,G
4-HA,139,236,0,0,0,236,A
4-HA,140,239,0,0,0,239,A
4-HA,141,0,239,0,0,239,T
4-HA,142,0,0,238,0,238,G
4-HA,143,240,0,1,0,241,A
4-HA,144,0,0,0,241,241,C
4-HA,145,0,1,0,237,238,C
4-HA,146,240,0,0,0,240,A
4-HA,147,243,0,0,0,243,A
4-HA,148,243,0,0,0,243,A
4-HA,149,0,243,0,0,243,T
4-HA,150,0,243,0,0,243,T
4-HA,151,0,0,240,2,242,G
4-HA,152,240,0,0,0,240,A
4-HA,153,244,0,1,0,245,A
4-HA,154,0,0,243,0,243,G
4-HA,155,0,247,0,1,248,T
4-HA,156,0,253,0,0,253,T
4-HA,157,253,0,0,0,253,A
4-HA,158,0,0,0,256,256,C
4-HA,159,0,257,0,0,257,T
4-HA,160,260,0,0,0,260,A
4-HA,161,263,0,0,0,263,A
4-HA,162,0,264,0,1,265,T
4-HA,163,0,1,265,1,267,G
4-HA,164,0,0,0,278,278,C
4-HA,165,0,276,0,0,276,T
4-HA,166,276,0,0,0,276,A
4-HA,167,0,0,1,275,276,C
4-HA,168,0,276,0,0,276,T
4-HA,169,0,1,274,3,278,G
4-HA,170,276,0,0,0,276,A
4-HA,171,0,0,277,0,277,G
4-HA,172,0,0,0,277,277,C
4-HA,173,0,269,0,0,269,T
4-HA,174,1,0,279,0,280,G
4-HA,175,0,0,286,0,286,G
4-HA,176,0,282,0,2,284,T
4-HA,177,0,285,0,0,285,T
4-HA,178,2,0,1,283,286,C
4-HA,179,281,0,0,0,281,A
4-HA,180,0,1,279,0,280,G
4-HA,181,283,0,0,0,283,A
4-HA,182,0,0,302,0,302,G
4-HA,183,0,299,0,0,299,T
4-HA,184,0,295,0,0,295,T
4-HA,185,0,0,0,303,303,C
4-HA,186,0,0,1,302,303,C
4-HA,187,0,304,0,1,305,T
4-HA,188,2,0,2,302,306,C
4-HA,189,305,0,0,0,305,A
4-HA,190,306,0,0,0,306,A
4-HA,191,0,1,2,305,308,C
4-HA,192,302,0,0,0,302,A
4-HA,193,0,1,304,0,305,G
4-HA,194,0,1,303,0,304,G
4-HA,195,0,306,0,0,306,T
4-HA,196,0,0,305,0,305,G
4-HA,197,304,0,1,0,305,A
4-HA,198,305,0,1,0,306,A
4-HA,199,314,0,0,0,314,A
4-HA,200,0,312,0,0,312,T
4-HA,201,320,0,0,0,320,A
4-HA,202,0,317,0,0,317,T
4-HA,203,0,1,313,1,315,G
4-HA,204,0,0,1,316,317,C
4-HA,205,2,1,313,0,316,G
4-HA,206,318,0,0,0,318,A
4-HA,207,0,0,0,316,316,C
4-HA,208,307,0,0,0,307,A
4-HA,209,0,0,332,0,332,G
4-HA,210,0,326,0,0,326,T
4-HA,211,0,0,0,327,327,C
4-HA,212,0,0,0,331,331,C
4-HA,213,0,328,0,0,328,T
4-HA,214,1,0,1,339,341,C
4-HA,215,339,0,0,0,339,A
4-HA,216,0,335,0,3,338,T
4-HA,217,0,1,2,337,340,C
4-HA,218,324,0,1,0,325,A
4-HA,219,0,1,326,0,327,G
4-HA,220,326,0,0,0,326,A
4-HA,221,0,321,0,0,321,T
4-HA,222,0,0,1,322,323,C
4-HA,223,0,0,0,323,323,C
4-HA,224,0,322,0,0,322,T
4-HA,225,0,325,0,0,325,T
4-HA,226,1,0,323,1,325,G
4-HA,227,324,0,0,0,324,A
4-HA,228,0,324,0,0,324,T
4-HA,229,0,1,324,0,325,G
4-HA,230,0,2,321,0,323,G
4-HA,231,309,0,1,0,310,A
4-HA,232,0,1,313,0,314,G
4-HA,233,313,0,0,0,313,A
4-HA,234,312,0,0,0,312,A
4-HA,235,314,0,0,0,314,A
4-HA,236,314,0,1,0,315,A
4-HA,237,0,1,0,312,313,C
4-HA,238,0,311,0,0,311,T
4-HA,239,0,1,319,0,320,G
4-HA,240,2,0,0,313,315,C
4-HA,241,318,0,1,0,319,A
4-HA,242,0,1,0,326,327,C
4-HA,243,325,0,0,0,325,A
4-HA,244,0,0,1,357,358,C
4-HA,245,0,353,0,1,354,T
4-HA,246,366,0,0,0,366,A
4-HA,247,363,0,0,0,363,A
4-HA,248,0,364,0,0,364,T
4-HA,249,362,0,0,0,362,A
4-HA,250,0,0,365,0,365,G
4-HA,251,355,0,2,0,357,A
4-HA,252,0,359,0,0,359,T
4-HA,253,0,2,339,0,341,G
4-HA,254,1,0,0,340,341,C
4-HA,255,0,339,0,2,341,T
4-HA,256,0,0,0,361,361,C
4-HA,257,0,361,0,0,361,T
4-HA,258,374,0,0,0,374,A
4-HA,259,0,371,0,0,371,T
4-HA,260,0,374,0,0,374,T
4-HA,261,0,1,374,0,375,G
4-HA,262,0,1,368,0,369,G
4-HA,263,0,1,369,1,371,G
4-HA,264,365,0,0,0,365,A
4-HA,265,1,0,357,1,359,G
4-HA,266,346,0,0,0,346,A
4-HA,267,0,0,0,382,382,C
4-HA,268,0,0,0,387,387,C
4-HA,269,0,0,0,385,385,C
4-HA,270,0,379,0,0,379,T
4-HA,271,3,0,2,382,387,C
4-HA,272,387,0,1,0,388,A
4-HA,273,0,0,412,0,412,G
4-HA,274,0,412,0,0,412,T
4-HA,275,0,1,416,0,417,G
4-HA,276,0,406,0,0,406,T
4-HA,277,0,3,406,1,410,G
4-HA,278,406,0,1,0,407,A
4-HA,279,0,409,0,0,409,T
4-HA,280,0,3,400,0,403,G
4-HA,281,0,0,401,0,401,G
4-HA,282,0,0,0,396,396,C
4-HA,283,0,396,0,0,396,T
4-HA,284,0,394,0,0,394,T
4-HA,285,0,0,0,392,392,C
4-HA,286,1,1,0,394,396,C
4-HA,287,398,0,0,0,398,A
4-HA,288,400,0,0,0,400,A
4-HA,289,399,0,0,0,399,A
4-HA,290,399,0,0,0,399,A
4-HA,291,0,401,0,0,401,T
4-HA,292,401,0,0,0,401,A
4-HA,293,398,0,0,0,398,A
4-HA,294,0,0,403,2,405,G
4-HA,295,400,0,0,0,400,A
4-HA,296,406,0,0,0,406,A
4-HA,297,0,399,0,0,399,T
4-HA,298,0,405,0,0,405,T
4-HA,299,1,0,399,0,400,G
4-HA,300,1,0,402,0,403,G
4-HA,301,1,1,395,0,397,G
4-HA,302,394,0,2,0,396,A
4-HA,303,0,0,0,409,409,C
4-HA,304,0,0,0,405,405,C
4-HA,305,0,414,0,0,414,T
4-HA,306,0,414,0,0,414,T
4-HA,307,0,413,0,0,413,T
4-HA,308,0,417,0,0,417,T
4-HA,309,0,415,0,0,415,T
4-HA,310,0,0,427,0,427,G
4-HA,311,0,425,0,1,426,T
4-HA,312,0,427,0,0,427,T
4-HA,313,1,0,431,0,432,G
4-HA,314,424,0,0,0,424,A
4-HA,315,433,0,0,0,433,A
4-HA,316,0,0,0,430,430,C
4-HA,317,1,0,434,0,435,G
4-HA,318,0,0,0,448,448,C
4-HA,319,445,0,0,0,445,A
4-HA,320,0,1,452,1,454,G
4-HA,321,2,0,1,450,453,C
4-HA,322,454,0,0,0,454,A
4-HA,323,454,0,1,0,455,A
4-HA,324,453,0,0,0,453,A
4-HA,325,0,1,517,0,518,G
4-HA,326,0,0,1,514,515,C
4-HA,327,1,0,0,520,521,C
4-HA,328,0,524,0,1,525,T
4-HA,329,528,0,0,0,528,A
4-HA,330,0,1,2,534,537,C
4-HA,331,527,0,1,0,528,A
4-HA,332,0,0,536,1,537,G
4-HA,333,1,0,0,532,533,C
4-HA,334,523,0,0,0,523,A
4-HA,335,523,0,1,0,524,A
4-HA,336,0,0,1,547,548,C
4-HA,337,1,540,0,0,541,T
4-HA,338,0,0,550,1,551,G
4-HA,339,0,552,0,1,553,T
4-HA,340,0,556,0,0,556,T
4-HA,341,557,0,0,0,557,A
4-HA,342,1,0,1,599,601,C
4-HA,343,0,0,0,607,607,C
4-HA,344,1,0,1,619,621,C
4-HA,345,0,598,1,1,600,T
4-HA,346,0,602,0,0,602,T
4-HA,347,597,0,0,0,597,A
4-HA,348,0,601,0,0,601,T
4-HA,349,1,0,594,2,597,G
4-HA,350,592,0,2,0,594,A
4-HA,351,0,583,0,1,584,T
4-HA,352,0,0,597,0,597,G
4-HA,353,0,580,0,1,581,T
4-HA,354,0,2,581,1,584,G
4-HA,355,1,0,0,578,579,C
4-HA,356,1,0,0,583,584,C
4-HA,357,1,1,592,0,594,G
4-HA,358,0,1,609,0,610,G
4-HA,359,607,0,1,0,608,A
4-HA,360,0,612,0,0,612,T
4-HA,361,0,609,0,0,609,T
4-HA,362,612,0,0,0,612,A
4-HA,363,0,612,0,0,612,T
4-HA,364,1,4,622,0,627,G
4-HA,365,0,2,0,629,631,C
4-HA,366,0,0,0,642,642,C
4-HA,367,0,660,0,2,662,T
4-HA,368,1,0,4,697,702,C
4-HA,369,1,0,0,706,707,C
4-HA,370,2,0,0,709,711,C
4-HA,371,0,710,0,1,711,T
4-HA,372,0,710,0,0,710,T
4-HA,373,709,0,0,0,709,A
4-HA,374,0,0,731,0,731,G
4-HA,375,0,0,731,2,733,G
4-HA,376,0,733,0,1,734,T
4-HA,377,3,0,0,724,727,C
4-HA,378,712,0,1,0,713,A
4-HA,379,1,0,0,726,727,C
4-HA,380,0,730,0,0,730,T
4-HA,381,724,0,0,0,724,A
4-HA,382,0,2,726,0,728,G
4-HA,383,0,714,0,2,716,T
4-HA,384,0,715,0,2,717,T
4-HA,385,0,1,749,0,750,G
4-HA,386,0,1,1,747,749,C
4-HA,387,0,0,0,749,749,C
4-HA,388,0,753,0,0,753,T
4-HA,389,3,0,0,763,766,C
4-HA,390,779,0,0,0,779,A
4-HA,391,0,792,0,0,792,T
4-HA,392,2,0,1,791,794,C
4-HA,393,3,3,0,788,794,C
4-HA,394,0,1,798,0,799,G
4-HA,395,1,0,799,0,800,G
4-HA,396,4,0,1,805,810,C
4-HA,397,813,0,0,0,813,A
4-HA,398,0,1,0,818,819,C
4-HA,399,799,0,2,0,801,A
4-HA,400,1,0,0,809,810,C
4-HA,401,0,807,0,1,808,T
4-HA,402,1,3,813,0,817,G
4-HA,403,1,2,832,0,835,G
4-HA,404,824,0,0,0,824,A
4-HA,405,0,0,842,0,842,G
4-HA,406,0,835,0,1,836,T
4-HA,407,0,819,0,0,819,T
4-HA,408,0,821,0,1,822,T
4-HA,409,821,0,0,0,821,A
4-HA,410,818,0,0,0,818,A
4-HA,411,2,0,0,822,824,C
4-HA,412,811,0,0,0,811,A
4-HA,413,810,0,0,0,810,A
4-HA,414,1,809,0,0,810,T
4-HA,415,3,0,805,1,809,G
4-HA,416,807,0,1,0,808,A
4-HA,417,807,0,1,0,808,A
4-HA,418,811,0,1,0,812,A
4-HA,419,0,1,814,0,815,G
4-HA,420,1,1,0,819,821,C
4-HA,421,0,821,0,0,821,T
4-HA,422,0,822,0,1,823,T
4-HA,423,1,1,1,826,829,C
4-HA,424,829,0,0,0,829,A
4-HA,425,827,0,1,0,828,A
4-HA,426,0,825,0,0,825,T
4-HA,427,0,828,0,0,828,T
4-HA,428,0,1,843,2,846,G
4-HA,429,1,1,849,0,851,G
4-HA,430,851,0,1,0,852,A
4-HA,431,0,0,1,847,848,C
4-HA,432,1,834,0,1,836,T
4-HA,433,2,3,834,0,839,G
4-HA,434,2,2,849,0,853,G
4-HA,435,840,0,1,0,841,A
4-HA,436,0,0,842,4,846,G
4-HA,437,0,826,0,1,827,T
4-HA,438,2,0,1,811,814,C
4-HA,439,820,0,1,0,821,A
4-HA,440,1,0,0,827,828,C
4-HA,441,0,822,0,0,822,T
4-HA,442,0,1,1,824,826,C
4-HA,443,818,0,0,0,818,A
4-HA,444,824,0,2,0,826,A
4-HA,445,819,0,1,0,820,A
4-HA,446,826,0,0,0,826,A
4-HA,447,1,2,0,828,831,C
4-HA,448,0,1,822,0,823,G
4-HA,449,2,2,826,0,830,G
4-HA,450,822,0,2,0,824,A
4-HA,451,834,0,0,0,834,A
4-HA,452,2,1,3,830,836,C
4-HA,453,822,0,0,0,822,A
4-HA,454,834,0,2,0,836,A
4-HA,455,0,1,834,0,835,G
4-HA,456,0,0,0,844,844,C
4-HA,457,0,830,0,2,832,T
4-HA,458,1,1,2,837,841,C
4-HA,459,0,836,0,0,836,T
4-HA,460,0,4,838,3,845,G
4-HA,461,0,0,0,845,845,C
4-HA,462,0,846,0,1,847,T
4-HA,463,0,846,0,1,847,T
4-HA,464,0,2,858,2,862,G
4-HA,465,2,0,5,857,864,C
4-HA,466,863,0,0,0,863,A
4-HA,467,0,859,0,0,859,T
4-HA,468,861,0,1,0,862,A
4-HA,469,847,0,2,0,849,A
4-HA,470,0,1,847,0,848,G
4-HA,471,3,3,843,0,849,G
4-HA,472,826,0,0,0,826,A
4-HA,473,0,2,829,1,832,G
4-HA,474,818,0,0,0,818,A
4-HA,475,0,846,0,2,848,T
4-HA,476,4,0,0,842,846,C
4-HA,477,0,847,0,0,847,T
4-HA,478,848,0,0,0,848,A
4-HA,479,847,0,0,0,847,A
4-HA,480,0,848,0,0,848,T
4-HA,481,847,0,0,0,847,A
4-HA,482,837,1,0,0,838,A
4-HA,483,3,0,1,842,846,C
4-HA,484,821,0,0,0,821,A
4-HA,485,0,0,832,0,832,G
4-HA,486,0,812,0,0,812,T
4-HA,487,0,830,0,0,830,T
4-HA,488,0,834,0,0,834,T
4-HA,489,0,0,0,859,859,C
4-HA,490,0,853,0,0,853,T
4-HA,491,0,860,0,1,861,T
4-HA,492,0,864,0,1,865,T
4-HA,493,857,0,0,0,857,A
4-HA,494,0,1,854,3,858,G
4-HA,495,0,854,0,0,854,T
4-HA,496,852,0,0,1,853,A
4-HA,497,0,1,854,0,855,G
4-HA,498,822,0,1,0,823,A
4-HA,499,0,824,0,0,824,T
4-HA,500,0,818,0,0,818,T
4-HA,501,1,2,836,1,840,G
4-HA,502,829,0,3,0,832,A
4-HA,503,836,0,1,0,837,A
4-HA,504,0,830,0,1,831,T
4-HA,505,0,834,0,0,834,T
4-HA,506,0,2,841,0,843,G
4-HA,507,0,0,838,0,838,G
4-HA,508,0,841,0,2,843,T
4-HA,509,0,840,0,1,841,T
4-HA,510,0,1,829,0,830,G
4-HA,511,819,0,2,0,821,A
4-HA,512,1,0,0,818,819,C
4-HA,513,0,0,0,825,825,C
4-HA,514,0,0,0,822,822,C
4-HA,515,807,0,0,0,807,A
4-HA,516,0,0,0,803,803,C
4-HA,517,0,803,0,1,804,T
4-HA,518,1,0,0,805,806,C
4-HA,519,818,0,1,0,819,A
4-HA,520,819,0,0,0,819,A
4-HA,521,820,0,1,0,821,A
4-HA,522,825,0,0,0,825,A
4-HA,523,0,848,0,0,848,T
4-HA,524,0,847,0,0,847,T
4-HA,525,0,0,0,848,848,C
4-HA,526,843,0,1,0,844,A
4-HA,527,845,0,0,0,845,A
4-HA,528,847,0,0,0,847,A
4-HA,529,0,856,0,0,856,T
4-HA,530,876,0,0,0,876,A
4-HA,531,0,1,1,874,876,C
4-HA,532,2,0,0,857,859,C
4-HA,533,1,1,1,857,860,C
4-HA,534,862,0,0,0,862,A
4-HA,535,0,0,885,0,885,G
4-HA,536,3,0,0,887,890,C
4-HA,537,889,0,0,0,889,A
4-HA,538,0,888,0,1,889,T
4-HA,539,0,882,0,0,882,T
4-HA,540,2,1,900,0,903,G
4-HA,541,903,0,0,0,903,A
4-HA,542,906,0,0,0,906,A
4-HA,543,2,1,0,905,908,C
4-HA,544,3,1,872,0,876,G
4-HA,545,0,871,0,1,872,T
4-HA,546,0,2,873,0,875,G
4-HA,547,873,0,1,0,874,A
4-HA,548,1,0,0,876,877,C
4-HA,549,0,836,0,1,837,T
4-HA,550,851,0,0,0,851,A
4-HA,551,0,846,0,1,847,T
4-HA,552,1,1,842,0,844,G
4-HA,553,0,0,0,840,840,C
4-HA,554,0,1,0,841,842,C
4-HA,555,838,0,0,0,838,A
4-HA,556,836,0,0,0,836,A
4-HA,557,832,0,1,0,833,A
4-HA,558,4,0,2,829,835,C
4-HA,559,816,0,1,0,817,A
4-HA,560,815,0,0,0,815,A
4-HA,561,0,1,1,814,816,C
4-HA,562,0,1,819,0,820,G
4-HA,563,810,0,0,0,810,A
4-HA,564,818,0,0,0,818,A
4-HA,565,817,0,0,0,817,A
4-HA,566,813,0,0,0,813,A
4-HA,567,0,812,0,0,812,T
4-HA,568,0,818,0,0,818,T
4-HA,569,0,815,0,1,816,T
4-HA,570,0,821,0,0,821,T
4-HA,571,0,0,808,0,808,G
4-HA,572,812,0,1,0,813,A
4-HA,573,0,1,0,818,819,C
4-HA,574,824,0,0,0,824,A
4-HA,575,823,0,0,0,823,A
4-HA,576,834,0,0,0,834,A
4-HA,577,0,838,0,1,839,T
4-HA,578,0,843,0,0,843,T
4-HA,579,0,1,843,1,845,G
4-HA,580,0,847,0,0,847,T
4-HA,581,844,0,1,0,845,A
4-HA,582,1,0,2,860,863,C
4-HA,583,861,0,0,0,861,A
4-HA,584,0,873,0,0,873,T
4-HA,585,0,843,0,0,843,T
4-HA,586,0,843,0,0,843,T
4-HA,587,0,1,843,0,844,G
4-HA,588,0,1,834,0,835,G
4-HA,589,0,0,831,0,831,G
4-HA,590,0,0,831,0,831,G
4-HA,591,0,0,819,0,819,G
4-HA,592,0,0,822,0,822,G
4-HA,593,0,794,0,1,795,T
4-HA,594,2,0,1,786,789,C
4-HA,595,3,0,1,832,836,C
4-HA,596,840,0,0,0,840,A
4-HA,597,2,0,0,856,858,C
4-HA,598,7,0,0,856,863,C
4-HA,599,866,0,0,0,866,A
4-HA,600,0,0,1,868,869,C
4-HA,601,1,0,0,863,864,C
4-HA,602,0,0,0,846,846,C
4-HA,603,1,2,836,0,839,G
4-HA,604,1,1,867,0,869,G
4-HA,605,0,3,872,1,876,G
4-HA,606,0,859,0,0,859,T
4-HA,607,875,0,1,0,876,A
4-HA,608,5,0,0,864,869,C
4-HA,609,0,1,841,0,842,G
4-HA,610,1,0,849,1,851,G
4-HA,611,847,0,1,0,848,A
4-HA,612,3,0,0,851,854,C
4-HA,613,817,0,0,0,817,A
4-HA,614,818,0,0,1,819,A
4-HA,615,0,818,0,0,818,T
4-HA,616,0,0,831,0,831,G
4-HA,617,828,0,0,0,828,A
4-HA,618,1,0,0,834,835,C
4-HA,619,3,1,0,827,831,C
4-HA,620,823,0,0,0,823,A
4-HA,621,814,0,0,0,814,A
4-HA,622,828,0,0,0,828,A
4-HA,623,0,820,0,1,821,T
4-HA,624,0,0,0,845,845,C
4-HA,625,0,826,0,0,826,T
4-HA,626,0,824,0,0,824,T
4-HA,627,1,1,0,844,846,C
4-HA,628,0,1,1,847,849,C
4-HA,629,0,842,0,1,843,T
4-HA,630,1,2,854,3,860,G
4-HA,631,0,844,0,1,845,T
4-HA,632,844,0,0,0,844,A
4-HA,633,0,854,0,0,854,T
4-HA,634,0,9,841,2,852,G
4-HA,635,0,0,0,850,850,C
4-HA,636,0,840,0,0,840,T
4-HA,637,4,2,0,848,854,C
4-HA,638,856,0,0,0,856,A
4-HA,639,843,0,2,0,845,A
4-HA,640,0,1,857,1,859,G
4-HA,641,2,0,3,862,867,C
4-HA,642,855,0,1,0,856,A
4-HA,643,0,853,0,0,853,T
4-HA,644,1,0,0,853,854,C
4-HA,645,853,0,0,0,853,A
4-HA,646,0,4,858,0,862,G
4-HA,647,0,1,859,0,860,G
4-HA,648,858,0,0,0,858,A
4-HA,649,857,0,1,0,858,A
4-HA,650,1,0,872,2,875,G
4-HA,651,876,0,2,0,878,A
4-HA,652,893,0,0,0,893,A
4-HA,653,0,886,0,0,886,T
4-HA,654,3,1,0,887,891,C
4-HA,655,877,0,0,0,877,A
4-HA,656,0,0,1,888,889,C
4-HA,657,888,0,1,1,890,A
4-HA,658,2,2,947,0,951,G
4-HA,659,0,927,0,1,928,T
4-HA,660,4,1,0,940,945,C
4-HA,661,0,931,0,1,932,T
4-HA,662,1,1,0,974,976,C
4-HA,663,0,693,0,282,975,T
4-HA,664,985,0,1,0,986,A
4-HA,665,0,0,0,992,992,C
4-HA,666,2,0,0,987,989,C
4-HA,667,964,0,0,0,964,A
4-HA,668,955,0,2,0,957,A
4-HA,669,955,0,0,0,955,A
4-HA,670,961,0,1,0,962,A
4-HA,671,9,1,953,0,963,G
4-HA,672,951,0,0,0,951,A
4-HA,673,950,0,1,0,951,A
4-HA,674,0,3,939,1,943,G
4-HA,675,1,0,0,947,948,C
4-HA,676,2,0,0,947,949,C
4-HA,677,953,0,1,0,954,A
4-HA,678,950,0,1,0,951,A
4-HA,679,0,0,0,957,957,C
4-HA,680,957,0,0,0,957,A
4-HA,681,955,0,0,0,955,A
4-HA,682,954,0,1,0,955,A
4-HA,683,2,1,1,964,968,C
4-HA,684,0,964,0,0,964,T
4-HA,685,1,1,969,1,972,G
4-HA,686,0,969,0,1,970,T
4-HA,687,972,0,0,0,972,A
4-HA,688,970,0,0,0,970,A
4-HA,689,0,972,0,0,972,T
4-HA,690,1,1,0,982,984,C
4-HA,691,3,1,0,976,980,C
4-HA,692,2,2,0,967,971,C
4-HA,693,0,3,965,0,968,G
4-HA,694,966,0,2,0,968,A
4-HA,695,970,0,2,0,972,A
4-HA,696,0,980,0,0,980,T
4-HA,697,975,0,0,0,975,A
4-HA,698,0,957,0,0,957,T
4-HA,699,0,0,1,966,967,C
4-HA,700,0,0,961,0,961,G
4-HA,701,1,0,990,0,991,G
4-HA,702,996,0,0,0,996,A
4-HA,703,0,1001,1,0,1002,T
4-HA,704,3,0,2,999,1004,C
4-HA,705,0,997,1,0,998,T
4-HA,706,999,0,1,0,1000,A
4-HA,707,1,1,1012,0,1014,G
4-HA,708,1015,0,4,0,1019,A
4-HA,709,2,0,0,1011,1013,C
4-HA,710,2,0,1,999,1002,C
4-HA,711,2,0,2,996,1000,C
4-HA,712,983,1,0,0,984,A
4-HA,713,0,0,1019,2,1021,G
4-HA,714,1021,0,1,0,1022,A
4-HA,715,0,1,1027,1,1029,G
4-HA,716,1,1022,1,0,1024,T
4-HA,717,1020,0,0,0,1020,A
4-HA,718,1014,0,1,0,1015,A
4-HA,719,0,2,1011,0,1013,G
4-HA,720,950,0,0,0,950,A
4-HA,721,979,0,0,0,979,A
4-HA,722,980,0,1,0,981,A
4-HA,723,0,992,0,0,992,T
4-HA,724,992,0,0,0,992,A
4-HA,725,0,987,0,1,988,T
4-HA,726,0,1,1,1001,1003,C
4-HA,727,0,0,0,1001,1001,C
4-HA,728,4,0,0,977,981,C
4-HA,729,0,976,0,0,976,T
4-HA,730,985,0,0,0,985,A
4-HA,731,0,1,986,0,987,G
4-HA,732,4,1,1,985,991,C
4-HA,733,975,0,1,0,976,A
4-HA,734,1,3,996,0,1000,G
4-HA,735,984,0,2,0,986,A
4-HA,736,989,0,0,0,989,A
4-HA,737,0,988,0,0,988,T
4-HA,738,988,0,0,0,988,A
4-HA,739,982,0,1,0,983,A
4-HA,740,0,1,979,0,980,G
4-HA,741,4,0,0,978,982,C
4-HA,742,984,0,0,0,984,A
4-HA,743,0,958,0,0,958,T
4-HA,744,0,0,2,1004,1006,C
4-HA,745,1,1000,0,1,1002,T
4-HA,746,1011,0,1,0,1012,A
4-HA,747,0,1006,0,1,1007,T
4-HA,748,0,998,0,1,999,T
4-HA,749,3,4,1004,1,1012,G
4-HA,750,2,0,1003,1,1006,G
4-HA,751,1003,0,0,0,1003,A
4-HA,752,4,2,2,994,1002,C
4-HA,753,931,0,0,0,931,A
4-HA,754,934,0,2,0,936,A
4-HA,755,0,974,0,0,974,T
4-HA,756,976,0,1,0,977,A
4-HA,757,0,3,973,2,978,G
4-HA,758,0,966,1,1,968,T
4-HA,759,970,0,1,0,971,A
4-HA,760,979,0,0,0,979,A
4-HA,761,999,0,1,0,1000,A
4-HA,762,1007,0,0,0,1007,A
4-HA,763,0,0,0,1008,1008,C
4-HA,764,1,0,0,957,958,C
4-HA,765,1,4,951,0,956,G
4-HA,766,0,1,957,2,960,G
4-HA,767,0,0,977,1,978,G
4-HA,768,976,0,1,0,977,A
4-HA,769,0,4,988,0,992,G
4-HA,770,980,0,2,0,982,A
4-HA,771,1,0,0,984,985,C
4-HA,772,975,0,2,1,978,A
4-HA,773,0,981,0,1,982,T
4-HA,774,977,0,1,0,978,A
4-HA,775,0,0,0,1002,1002,C
4-HA,776,0,991,0,0,991,T
4-HA,777,1,999,0,0,1000,T
4-HA,778,0,1004,0,1,1005,T
4-HA,779,0,1000,0,0,1000,T
4-HA,780,1,3,1004,2,1010,G
4-HA,781,1013,0,2,0,1015,A
4-HA,782,0,1020,1,0,1021,T
4-HA,783,1,1064,0,0,1065,T
4-HA,784,1061,0,0,0,1061,A
4-HA,785,1106,0,0,0,1106,A
4-HA,786,1,0,2,1150,1153,C
4-HA,787,1156,0,0,0,1156,A
4-HA,788,0,2,1203,4,1209,G
4-HA,789,1,1,2,1196,1200,C
4-HA,790,1203,0,1,0,1204,A
4-HA,791,2,3,2,1210,1217,C
4-HA,792,1209,1,0,0,1210,A
4-HA,793,0,3,1223,0,1226,G
4-HA,794,0,3,1215,0,1218,G
4-HA,795,0,1,1264,1,1266,G
4-HA,796,1248,0,2,0,1250,A
4-HA,797,1259,0,1,0,1260,A
4-HA,798,0,1253,0,2,1255,T
4-HA,799,1,0,1,1261,1263,C
4-HA,800,0,1271,0,1,1272,T
4-HA,801,1278,1,0,0,1279,A
4-HA,802,1263,0,0,0,1263,A
4-HA,803,0,1263,0,0,1263,T
4-HA,804,0,1237,0,1,1238,T
4-HA,805,0,3,1307,1,1311,G
4-HA,806,0,0,1,1353,1354,C
4-HA,807,0,1378,0,2,1380,T
4-HA,808,4,0,2,1409,1415,C
4-HA,809,6,0,3,1405,1414,C
4-HA,810,0,1414,0,1,1415,T
4-HA,811,1414,0,0,0,1414,A
4-HA,812,0,1,1418,2,1421,G
4-HA,813,0,1,1442,0,1443,G
4-HA,814,2,3,1435,0,1440,G
4-HA,815,0,1,1440,0,1441,G
4-HA,816,0,1402,0,0,1402,T
4-HA,817,0,1390,0,1,1391,T
4-HA,818,1393,0,0,0,1393,A
4-HA,819,0,1,2,1417,1420,C
4-HA,820,0,1418,0,1,1419,T
4-HA,821,0,1422,0,2,1424,T
4-HA,822,0,0,0,1416,1416,C
4-HA,823,1411,0,0,0,1411,A
4-HA,824,1414,0,1,0,1415,A
4-HA,825,1418,0,1,0,1419,A
4-HA,826,1441,0,0,0,1441,A
4-HA,827,0,1442,0,0,1442,T
4-HA,828,1433,0,0,0,1433,A
4-HA,829,0,3,2,1425,1430,C
4-HA,830,2,1,1428,1,1432,G
4-HA,831,1435,0,1,0,1436,A
4-HA,832,1432,0,0,0,1432,A
4-HA,833,0,0,1446,1,1447,G
4-HA,834,1,1429,0,1,1431,T
4-HA,835,1,0,1448,0,1449,G
4-HA,836,1,6,1446,0,1453,G
4-HA,837,0,4,1451,0,1455,G
4-HA,838,1450,0,1,0,1451,A
4-HA,839,1462,0,1,0,1463,A
4-HA,840,1462,1,0,1,1464,A
4-HA,841,1447,0,3,0,1450,A
4-HA,842,1,2,1511,1,1515,G
4-HA,843,0,1,0,1511,1512,C
4-HA,844,0,1496,0,2,1498,T
4-HA,845,0,2,2,1526,1530,C
4-HA,846,1531,0,4,0,1535,A
4-HA,847,1548,0,1,0,1549,A
4-HA,848,0,1556,0,0,1556,T
4-HA,849,1563,0,1,0,1564,A
4-HA,850,1561,0,2,0,1563,A
4-HA,851,0,1537,0,0,1537,T
4-HA,852,0,0,1544,2,1546,G
4-HA,853,1535,0,2,0,1537,A
4-HA,854,0,0,1604,0,1604,G
4-HA,855,1598,0,2,0,1600,A
4-HA,856,0,1591,0,2,1593,T
4-HA,857,2,1,2,1615,1620,C
4-HA,858,1597,0,1,0,1598,A
4-HA,859,2,2,1645,2,1651,G
4-HA,860,1650,0,1,0,1651,A
4-HA,861,0,1647,0,1,1648,T
4-HA,862,0,4,1660,2,1666,G
4-HA,863,4,1,0,1634,1639,C
4-HA,864,1621,0,2,0,1623,A
4-HA,865,1,0,0,1685,1686,C
4-HA,866,3,1,0,1671,1675,C
4-HA,867,2,2,0,1676,1680,C
4-HA,868,1645,0,2,0,1647,A
4-HA,869,0,1642,0,2,1644,T
4-HA,870,0,1645,0,1,1646,T
4-HA,871,1,2,1659,0,1662,G
4-HA,872,0,1,1653,0,1654,G
4-HA,873,5,2,1,1651,1659,C
4-HA,874,1629,0,0,0,1629,A
4-HA,875,1626,0,1,0,1627,A
4-HA,876,1636,0,1,0,1637,A
4-HA,877,0,1641,0,0,1641,T
4-HA,878,1,1,1639,0,1641,G
4-HA,879,2,1,0,1646,1649,C
4-HA,880,1629,0,2,0,1631,A
4-HA,881,1672,0,1,0,1673,A
4-HA,882,1,1671,0,1,1673,T
4-HA,883,0,1680,0,2,1682,T
4-HA,884,2,1,2,1685,1690,C
4-HA,885,1,1659,0,1,1661,T
4-HA,886,2,2,1680,3,1687,G
4-HA,887,1686,0,2,0,1688,A
4-HA,888,1690,0,2,2,1694,A
4-HA,889,0,1692,0,4,1696,T
4-HA,890,0,4,1669,4,1677,G
4-HA,891,2,2,1,1688,1693,C
4-HA,892,1687,0,0,0,1687,A
4-HA,893,1,1689,0,2,1692,T
4-HA,894,3,1,1,1685,1690,C
4-HA,895,1706,0,0,0,1706,A
4-HA,896,0,0,0,1793,1793,C
4-HA,897,1,1776,0,1,1778,T
4-HA,898,6,1,1,1779,1787,C
4-HA,899,3,0,4,1776,1783,C
4-HA,900,1804,0,1,1,1806,A
4-HA,901,1793,0,2,0,1795,A
4-HA,902,1798,0,0,0,1798,A
4-HA,903,0,1753,0,1,1754,T
4-HA,904,2,3,1764,0,1769,G
4-HA,905,0,0,1782,0,1782,G
4-HA,906,1782,1,2,1,1786,A
4-HA,907,1779,0,2,0,1781,A
4-HA,908,0,2,1779,1,1782,G
4-HA,909,4,1,0,1763,1768,C
4-HA,910,1750,0,1,0,1751,A
4-HA,911,1,1784,0,2,1787,T
4-HA,912,0,1786,0,0,1786,T
4-HA,913,2,2,1,1839,1844,C
4-HA,914,5,2,0,1830,1837,C
4-HA,915,1,2,1,1842,1846,C
4-HA,916,1838,0,3,0,1841,A
4-HA,917,1876,0,2,0,1878,A
4-HA,918,0,1897,0,2,1899,T
4-HA,919,1,6,1890,2,1899,G
4-HA,920,1898,0,1,0,1899,A
4-HA,921,3,0,2,1898,1903,C
4-HA,922,1856,0,1,0,1857,A
4-HA,923,1863,0,0,0,1863,A
4-HA,924,1840,0,6,0,1846,A
4-HA,925,2,0,0,1868,1870,C
4-HA,926,3,0,0,1839,1842,C
4-HA,927,1835,0,2,0,1837,A
4-HA,928,0,1839,1,2,1842,T
4-HA,929,0,1839,1,1,1841,T
4-HA,930,2,1,0,1845,1848,C
4-HA,931,4,1,0,1850,1855,C
4-HA,932,1856,0,0,0,1856,A
4-HA,933,1854,0,1,0,1855,A
4-HA,934,1854,0,0,0,1854,A
4-HA,935,1894,0,1,0,1895,A
4-HA,936,0,1882,0,0,1882,T
4-HA,937,1,0,1906,0,1907,G
4-HA,938,1,1894,0,3,1898,T
4-HA,939,1918,0,0,0,1918,A
4-HA,940,1915,0,0,1,1916,A
4-HA,941,1905,0,1,0,1906,A
4-HA,942,5,2,4,1913,1924,C
4-HA,943,1893,0,1,0,1894,A
4-HA,944,1,0,1919,2,1922,G
4-HA,945,1,3,1934,1,1939,G
4-HA,946,1953,0,3,0,1956,A
4-HA,947,0,1950,0,1,1951,T
4-HA,948,6,1,0,1965,1972,C
4-HA,949,1966,0,2,0,1968,A
4-HA,950,2,1,3,2042,2048,C
4-HA,951,2069,0,0,0,2069,A
4-HA,952,0,2104,0,2,2106,T
4-HA,953,2062,1,1,0,2064,A
4-HA,954,2,5,4,2040,2051,C
4-HA,955,2,4,1983,0,1989,G
4-HA,956,0,3,1985,0,1988,G
4-HA,957,0,2,1972,0,1974,G
4-HA,958,1,0,1978,0,1979,G
4-HA,959,0,1,0,1958,1959,C
4-HA,960,0,0,0,1961,1961,C
4-HA,961,0,1906,0,2,1908,T
4-HA,962,1,5,2167,2,2175,G
4-HA,963,0,2163,0,4,2167,T
4-HA,964,6,1,2,2180,2189,C
4-HA,965,3,2,1,2186,2192,C
4-HA,966,7,3,0,2187,2197,C
4-HA,967,2175,0,5,1,2181,A
4-HA,968,3,5,2178,6,2192,G
4-HA,969,2195,0,1,0,2196,A
4-HA,970,0,2188,0,0,2188,T
4-HA,971,2084,0,3,0,2087,A
4-HA,972,0,2049,0,2,2051,T
4-HA,973,0,4,2045,3,2052,G
4-HA,974,1,2042,1,3,2047,T
4-HA,975,0,2035,0,2,2037,T
4-HA,976,2061,0,0,0,2061,A
4-HA,977,2030,0,6,1,2037,A
4-HA,978,0,2,2054,0,2056,G
4-HA,979,1,1,2,2050,2054,C
4-HA,980,2016,0,0,0,2016,A
4-HA,981,2014,0,1,0,2015,A
4-HA,982,1978,0,17,0,1995,A
4-HA,983,1992,0,5,0,1997,A
4-HA,984,2,0,0,2018,2020,C
4-HA,985,2014,0,0,0,2014,A
4-HA,986,1,0,1,2031,2033,C
4-HA,987,0,1999,0,5,2004,T
4-HA,988,7,2,1,2012,2022,C
4-HA,989,0,2020,0,3,2023,T
4-HA,990,2,8,2014,3,2027,G
4-HA,991,2020,0,2,0,2022,A
4-HA,992,2022,0,0,0,2022,A
4-HA,993,2031,0,1,0,2032,A
4-HA,994,0,2022,0,1,2023,T
4-HA,995,0,1980,0,1,1981,T
4-HA,996,0,2,2011,0,2013,G
4-HA,997,0,1,2008,0,2009,G
4-HA,998,6,0,2,2012,2020,C
4-HA,999,2009,0,2,0,2011,A
4-HA,1000,2000,0,2,0,2002,A
4-HA,1001,9,2,7,2000,2018,C
4-HA,1002,1996,0,1,0,1997,A
4-HA,1003,2,2,2004,1,2009,G
4-HA,1004,1,3,1994,1,1999,G
4-HA,1005,0,2,1993,0,1995,G
4-HA,1006,2001,0,1,0,2002,A
4-HA,1007,0,1982,0,0,1982,T
4-HA,1008,0,7,1993,0,2000,G
4-HA,1009,2,1,1,1977,1981,C
4-HA,1010,2,2,1980,1,1985,G
4-HA,1011,2006,0,1,0,2007,A
4-HA,1012,1985,0,2,0,1987,A
4-HA,1013,2007,0,2,0,2009,A
4-HA,1014,0,1986,0,0,1986,T
4-HA,1015,0,1,2094,0,2095,G
4-HA,1016,0,2073,0,4,2077,T
4-HA,1017,2085,0,0,0,2085,A
4-HA,1018,0,0,1,2089,2090,C
4-HA,1019,17,2,4,2059,2082,C
4-HA,1020,2041,0,0,0,2041,A
4-HA,1021,5,2,2034,1,2042,G
4-HA,1022,2030,0,5,0,2035,A
4-HA,1023,0,2,2053,1,2056,G
4-HA,1024,2018,0,3,0,2021,A
4-HA,1025,2015,0,3,0,2018,A
4-HA,1026,2016,0,4,0,2020,A
4-HA,1027,7,0,1,2020,2028,C
4-HA,1028,2006,0,2,0,2008,A
4-HA,1029,2044,0,1,0,2045,A
4-HA,1030,2033,0,0,0,2033,A
4-HA,1031,1,3,1,2045,2050,C
4-HA,1032,0,2037,0,0,2037,T
4-HA,1033,2023,0,0,0,2023,A
4-HA,1034,1,2,2036,6,2045,G
4-HA,1035,2026,0,5,0,2031,A
4-HA,1036,0,1,2068,0,2069,G
4-HA,1037,0,0,2063,2,2065,G
4-HA,1038,4,0,0,2030,2034,C
4-HA,1039,2021,0,1,0,2022,A
4-HA,1040,0,2027,0,0,2027,T
4-HA,1041,2026,0,0,0,2026,A
4-HA,1042,0,2022,0,0,2022,T
4-HA,1043,0,2019,0,1,2020,T
4-HA,1044,0,2019,0,0,2019,T
4-HA,1045,0,0,1972,0,1972,G
4-HA,1046,0,1,1972,0,1973,G
4-HA,1047,2,1,0,1953,1956,C
4-HA,1048,3,0,1966,0,1969,G
4-HA,1049,3,1,1,1962,1967,C
4-HA,1050,1935,0,0,0,1935,A
4-HA,1051,1941,1,1,0,1943,A
4-HA,1052,0,1951,0,1,1952,T
4-HA,1053,4,0,2,1951,1957,C
4-HA,1054,0,0,1967,0,1967,G
4-HA,1055,2,0,0,1941,1943,C
4-HA,1056,0,1956,1,2,1959,T
4-HA,1057,1,3,1965,3,1972,G
4-HA,1058,0,1,1992,0,1993,G
4-HA,1059,0,1983,1,0,1984,T
4-HA,1060,0,1986,0,0,1986,T
4-HA,1061,0,1980,0,3,1983,T
4-HA,1062,5,1,6,1951,1963,C
4-HA,1063,1958,0,1,0,1959,A
4-HA,1064,0,1955,0,2,1957,T
4-HA,1065,1960,0,0,0,1960,A
4-HA,1066,2,2,1968,0,1972,G
4-HA,1067,1934,1,0,0,1935,A
4-HA,1068,1942,0,0,0,1942,A
4-HA,1069,1943,0,0,0,1943,A
4-HA,1070,1933,0,1,0,1934,A
4-HA,1071,0,1930,0,0,1930,T
4-HA,1072,0,2,1933,1,1936,G
4-HA,1073,0,1,1949,0,1950,G
4-HA,1074,0,1938,0,0,1938,T
4-HA,1075,0,1928,0,1,1929,T
4-HA,1076,1,7,1917,3,1928,G
4-HA,1077,2,0,1904,0,1906,G
4-HA,1078,2,5,1910,3,1920,G
4-HA,1079,1894,0,6,0,1900,A
4-HA,1080,0,3,1901,1,1905,G
4-HA,1081,1,2,1832,1,1836,G
4-HA,1082,2,4,1827,0,1833,G
4-HA,1083,1795,0,2,0,1797,A
4-HA,1084,1810,0,1,0,1811,A
4-HA,1085,0,1805,0,0,1805,T
4-HA,1086,2,3,1776,0,1781,G
4-HA,1087,2,0,1803,0,1805,G
4-HA,1088,0,1781,0,2,1783,T
4-HA,1089,1,8,1778,0,1787,G
4-HA,1090,2,0,1778,2,1782,G
4-HA,1091,1715,1,3,0,1719,A
4-HA,1092,0,1703,0,2,1705,T
4-HA,1093,0,2,1726,1,1729,G
4-HA,1094,0,1,1747,0,1748,G
4-HA,1095,0,1658,0,1,1659,T
4-HA,1096,0,1641,0,3,1644,T
4-HA,1097,0,5,1641,1,1647,G
4-HA,1098,0,3,1651,3,1657,G
4-HA,1099,0,1641,0,0,1641,T
4-HA,1100,1637,0,3,0,1640,A
4-HA,1101,3,3,1,1519,1526,C
4-HA,1102,0,0,1540,0,1540,G
4-HA,1103,0,0,1593,0,1593,G
4-HA,1104,0,1589,0,1,1590,T
4-HA,1105,0,1593,0,0,1593,T
4-HA,1106,0,1579,0,4,1583,T
4-HA,1107,10,1,8,1541,1560,C
4-HA,1108,1559,0,3,0,1562,A
4-HA,1109,0,2,1550,0,1552,G
4-HA,1110,0,0,1556,0,1556,G
4-HA,1111,1,0,2,1545,1548,C
4-HA,1112,1504,0,3,0,1507,A
4-HA,1113,0,1514,0,1,1515,T
4-HA,1114,4,1,0,1518,1523,C
4-HA,1115,1522,0,0,0,1522,A
4-HA,1116,1519,0,1,0,1520,A
4-HA,1117,1514,0,1,0,1515,A
4-HA,1118,1531,0,3,0,1534,A
4-HA,1119,0,1533,0,0,1533,T
4-HA,1120,0,1532,0,2,1534,T
4-HA,1121,3,1,0,1535,1539,C
4-HA,1122,0,1529,0,1,1530,T
4-HA,1123,1,1,1525,3,1530,G
4-HA,1124,1516,0,0,0,1516,A
4-HA,1125,0,2,1536,0,1538,G
4-HA,1126,0,1,1534,0,1535,G
4-HA,1127,0,3,1572,0,1575,G
4-HA,1128,1540,0,1,0,1541,A
4-HA,1129,1539,0,0,0,1539,A
4-HA,1130,0,1549,1,0,1550,T
4-HA,1131,1558,0,0,0,1558,A
4-HA,1132,1,2,1573,1,1577,G
4-HA,1133,0,3,1563,0,1566,G
4-HA,1134,1566,0,2,0,1568,A
4-HA,1135,4,2,1,1563,1570,C
4-HA,1136,1518,0,1,0,1519,A
4-HA,1137,1506,0,3,0,1509,A
4-HA,1138,1,2,1515,4,1522,G
4-HA,1139,7,2,6,1517,1532,C
4-HA,1140,1511,0,3,0,1514,A
4-HA,1141,1,1,1513,1,1516,G
4-HA,1142,6,2,4,1496,1508,C
4-HA,1143,1503,0,0,0,1503,A
4-HA,1144,0,1,1525,2,1528,G
4-HA,1145,1511,0,0,0,1511,A
4-HA,1146,1,1539,0,0,1540,T
4-HA,1147,2,0,1,1557,1560,C
4-HA,1148,0,1537,0,4,1541,T
4-HA,1149,3,1,3,1556,1563,C
4-HA,1150,1557,0,1,0,1558,A
4-HA,1151,1556,0,2,0,1558,A
4-HA,1152,1554,0,6,0,1560,A
4-HA,1153,1531,0,2,0,1533,A
4-HA,1154,0,0,1553,0,1553,G
4-HA,1155,6,2,2,1531,1541,C
4-HA,1156,1548,0,0,0,1548,A
4-HA,1157,0,2,0,1582,1584,C
4-HA,1158,1,1569,2,0,1572,T
4-HA,1159,1,1,4,1589,1595,C
4-HA,1160,1591,0,0,1,1592,A
4-HA,1161,1616,0,3,0,1619,A
4-HA,1162,0,1,1620,2,1623,G
4-HA,1163,6,2,8,1593,1609,C
4-HA,1164,1607,0,2,0,1609,A
4-HA,1165,0,1,1618,2,1621,G
4-HA,1166,0,0,3,1599,1602,C
4-HA,1167,1588,0,1,0,1589,A
4-HA,1168,1576,0,0,0,1576,A
4-HA,1169,1,1567,0,1,1569,T
4-HA,1170,5,1,0,1555,1561,C
4-HA,1171,0,3,1569,1,1573,G
4-HA,1172,1570,1,0,0,1571,A
4-HA,1173,0,1567,0,4,1571,T
4-HA,1174,5,2,1,1559,1567,C
4-HA,1175,1564,0,0,0,1564,A
4-HA,1176,1589,0,1,0,1590,A
4-HA,1177,1592,0,1,0,1593,A
4-HA,1178,0,1590,0,1,1591,T
4-HA,1179,2,0,0,1596,1598,C
4-HA,1180,1581,0,2,0,1583,A
4-HA,1181,1596,0,0,0,1596,A
4-HA,1182,0,1588,0,0,1588,T
4-HA,1183,2,3,1589,1,1595,G
4-HA,1184,0,2,1570,0,1572,G
4-HA,1185,0,0,1572,3,1575,G
4-HA,1186,1587,0,2,0,1589,A
4-HA,1187,1582,0,2,0,1584,A
4-HA,1188,0,1,1600,0,1601,G
4-HA,1189,0,3,0,1600,1603,C
4-HA,1190,1,1576,0,2,1579,T
4-HA,1191,2,5,1632,0,1639,G
4-HA,1192,1629,0,3,0,1632,A
4-HA,1193,1630,0,0,0,1630,A
4-HA,1194,0,1628,0,1,1629,T
4-HA,1195,1606,0,0,0,1606,A
4-HA,1196,0,5,1600,0,1605,G
4-HA,1197,1,1,1559,0,1561,G
4-HA,1198,0,1526,0,1,1527,T
4-HA,1199,0,1498,0,1,1499,T
4-HA,1200,1,0,1471,1,1473,G
4-HA,1201,1447,0,2,0,1449,A
4-HA,1202,0,1438,0,0,1438,T
4-HA,1203,3,1,1,1444,1449,C
4-HA,1204,0,2,1455,1,1458,G
4-HA,1205,0,2,1439,0,1441,G
4-HA,1206,2,3,1441,0,1446,G
4-HA,1207,1439,1,1,0,1441,A
4-HA,1208,1435,1,2,0,1438,A
4-HA,1209,1430,0,3,0,1433,A
4-HA,1210,1424,0,0,0,1424,A
4-HA,1211,1,0,0,1426,1427,C
4-HA,1212,6,0,2,1423,1431,C
4-HA,1213,1415,0,1,0,1416,A
4-HA,1214,1411,0,0,0,1411,A
4-HA,1215,1,2,2,1413,1418,C
4-HA,1216,0,3,1422,1,1426,G
4-HA,1217,1425,0,0,0,1425,A
4-HA,1218,0,1,1426,0,1427,G
4-HA,1219,1426,1,0,0,1427,A
4-HA,1220,1429,0,0,0,1429,A
4-HA,1221,1430,0,1,0,1431,A
4-HA,1222,0,1433,0,1,1434,T
4-HA,1223,0,1430,0,0,1430,T
4-HA,1224,1,1,0,1461,1463,C
4-HA,1225,3,1,0,1455,1459,C
4-HA,1226,1457,0,0,0,1457,A
4-HA,1227,0,1445,0,1,1446,T
4-HA,1228,3,2,5,1448,1458,C
4-HA,1229,1441,0,0,0,1441,A
4-HA,1230,0,0,1461,1,1462,G
4-HA,1231,1450,0,1,0,1451,A
4-HA,1232,0,1446,0,0,1446,T
4-HA,1233,0,1435,0,2,1437,T
4-HA,1234,1,0,1441,1,1443,G
4-HA,1235,1442,0,3,0,1445,A
4-HA,1236,1445,0,1,0,1446,A
4-HA,1237,1438,0,3,1,1442,A
4-HA,1238,1443,0,0,0,1443,A
4-HA,1239,1416,0,2,0,1418,A
4-HA,1240,0,2,1425,0,1427,G
4-HA,1241,1425,0,1,0,1426,A
4-HA,1242,1439,1,0,0,1440,A
4-HA,1243,0,1415,0,1,1416,T
4-HA,1244,0,1411,1,4,1416,T
4-HA,1245,1,0,0,1435,1436,C
4-HA,1246,0,1424,0,5,1429,T
4-HA,1247,6,1,0,1418,1425,C
4-HA,1248,1425,0,2,0,1427,A
4-HA,1249,1,1,1427,4,1433,G
4-HA,1250,1423,0,0,0,1423,A
4-HA,1251,1410,0,4,0,1414,A
4-HA,1252,0,1,1418,1,1420,G
4-HA,1253,0,1386,0,1,1387,T
4-HA,1254,2,0,1,1396,1399,C
4-HA,1255,0,2,1395,3,1400,G
4-HA,1256,1385,0,4,0,1389,A
4-HA,1257,1394,0,0,0,1394,A
4-HA,1258,0,2,1396,0,1398,G
4-HA,1259,0,2,1399,0,1401,G
4-HA,1260,1,1,1397,2,1401,G
4-HA,1261,1369,0,2,0,1371,A
4-HA,1262,1,2,1380,0,1383,G
4-HA,1263,1372,0,2,0,1374,A
4-HA,1264,1470,0,0,1,1471,A
4-HA,1265,0,1459,0,0,1459,T
4-HA,1266,1,1460,0,0,1461,T
4-HA,1267,1,1,2,1457,1461,C
4-HA,1268,1428,0,3,0,1431,A
4-HA,1269,0,5,1427,0,1432,G
4-HA,1270,0,0,1434,1,1435,G
4-HA,1271,1410,0,1,0,1411,A
4-HA,1272,1,0,0,1424,1425,C
4-HA,1273,1,0,0,1333,1334,C
4-HA,1274,0,1320,0,0,1320,T
4-HA,1275,0,1311,0,13,1324,T
4-HA,1276,2,1,1325,3,1331,G
4-HA,1277,1330,0,1,0,1331,A
4-HA,1278,0,1,1346,1,1348,G
4-HA,1279,1338,0,1,0,1339,A
4-HA,1280,1316,0,0,0,1316,A
4-HA,1281,1309,0,1,0,1310,A
4-HA,1282,0,1281,0,0,1281,T
4-HA,1283,1313,0,0,0,1313,A
4-HA,1284,0,1312,0,3,1315,T
4-HA,1285,0,2,1337,0,1339,G
4-HA,1286,0,1326,0,1,1327,T
4-HA,1287,0,1281,1,5,1287,T
4-HA,1288,7,3,1275,4,1289,G
4-HA,1289,1275,0,5,0,1280,A
4-HA,1290,0,2,1274,1,1277,G
4-HA,1291,0,3,1256,0,1259,G
4-HA,1292,1210,1,0,0,1211,A
4-HA,1293,2,0,0,1246,1248,C
4-HA,1294,1228,0,0,0,1228,A
4-HA,1295,2,2,1,1260,1265,C
4-HA,1296,3,0,1,1267,1271,C
4-HA,1297,1270,0,0,0,1270,A
4-HA,1298,1298,0,5,0,1303,A
4-HA,1299,1298,0,1,0,1299,A
4-HA,1300,1299,0,1,0,1300,A
4-HA,1301,0,1300,0,1,1301,T
4-HA,1302,1269,1,1,0,1271,A
4-HA,1303,0,1,1288,0,1289,G
4-HA,1304,1266,0,0,1,1267,A
4-HA,1305,1,1263,0,2,1266,T
4-HA,1306,2,1,0,1270,1273,C
4-HA,1307,0,1239,0,3,1242,T
4-HA,1308,1,1,2,1274,1278,C
4-HA,1309,0,1272,0,0,1272,T
4-HA,1310,2,6,1293,0,1301,G
4-HA,1311,0,1,1322,1,1324,G
4-HA,1312,1,1313,1,0,1315,T
4-HA,1313,5,0,3,1322,1330,C
4-HA,1314,1336,0,1,0,1337,A
4-HA,1315,0,1333,0,4,1337,T
4-HA,1316,1336,0,1,0,1337,A
4-HA,1317,4,0,3,1323,1330,C
4-HA,1318,1301,0,0,0,1301,A
4-HA,1319,1315,0,1,0,1316,A
4-HA,1320,0,1,0,1291,1292,C
4-HA,1321,1,2,1285,0,1288,G
4-HA,1322,1,1,1,1284,1287,C
4-HA,1323,2,2,1277,2,1283,G
4-HA,1324,1,2,1273,1,1277,G
4-HA,1325,1273,0,4,0,1277,A
4-HA,1326,0,1,1306,0,1307,G
4-HA,1327,2,0,1,1296,1299,C
4-HA,1328,0,1280,0,1,1281,T
4-HA,1329,0,1290,0,1,1291,T
4-HA,1330,2,0,2,1284,1288,C
4-HA,1331,0,1291,0,2,1293,T
4-HA,1332,0,1290,0,1,1291,T
4-HA,1333,1,1,1296,1,1299,G
4-HA,1334,0,1282,0,5,1287,T
4-HA,1335,0,1263,0,2,1265,T
4-HA,1336,0,0,1281,2,1283,G
4-HA,1337,4,1,0,1272,1277,C
4-HA,1338,1,0,0,1263,1264,C
4-HA,1339,0,0,0,1274,1274,C
4-HA,1340,0,1276,0,3,1279,T
4-HA,1341,1,4,1291,2,1298,G
4-HA,1342,3,2,1287,0,1292,G
4-HA,1343,1293,0,3,0,1296,A
4-HA,1344,2,5,1302,0,1309,G
4-HA,1345,1263,0,0,0,1263,A
4-HA,1346,1256,0,0,0,1256,A
4-HA,1347,1,0,1,1302,1304,C
4-HA,1348,4,1,1,1288,1294,C
4-HA,1349,1283,1,0,0,1284,A
4-HA,1350,1343,0,2,0,1345,A
4-HA,1351,3,1,1,1363,1368,C
4-HA,1352,1377,0,0,0,1377,A
4-HA,1353,0,1368,0,2,1370,T
4-HA,1354,1363,0,3,0,1366,A
4-HA,1355,3,0,7,1393,1403,C
4-HA,1356,1366,0,1,0,1367,A
4-HA,1357,1369,0,0,0,1369,A
4-HA,1358,0,1361,0,0,1361,T
4-HA,1359,0,1334,0,2,1336,T
4-HA,1360,1,2,1347,2,1352,G
4-HA,1361,1345,0,2,0,1347,A
4-HA,1362,0,1333,0,2,1335,T
4-HA,1363,4,1,2,1345,1352,C
4-HA,1364,0,1324,0,1,1325,T
4-HA,1365,1334,0,1,0,1335,A
4-HA,1366,1329,1,1,0,1331,A
4-HA,1367,2,0,1,1323,1326,C
4-HA,1368,0,1320,0,2,1322,T
4-HA,1369,0,5,1304,0,1309,G
4-HA,1370,1284,0,6,0,1290,A
4-HA,1371,0,1262,0,3,1265,T
4-HA,1372,0,1308,1,2,1311,T
4-HA,1373,6,1,2,1312,1321,C
4-HA,1374,1320,0,1,0,1321,A
4-HA,1375,0,1,1328,0,1329,G
4-HA,1376,1330,0,1,0,1331,A
4-HA,1377,1326,0,0,0,1326,A
4-HA,1378,1338,0,0,0,1338,A
4-HA,1379,0,1330,0,0,1330,T
4-HA,1380,2,4,1350,0,1356,G
4-HA,1381,1350,0,3,0,1353,A
4-HA,1382,1352,0,3,1,1356,A
4-HA,1383,4,0,0,1353,1357,C
4-HA,1384,1337,0,0,0,1337,A
4-HA,1385,1323,0,4,0,1327,A
4-HA,1386,1323,0,1,0,1324,A
4-HA,1387,1,0,1,1334,1336,C
4-HA,1388,0,1326,0,0,1326,T
4-HA,1389,0,2,1338,0,1340,G
4-HA,1390,1,1316,0,1,1318,T
4-HA,1391,0,1320,0,0,1320,T
4-HA,1392,0,1317,0,0,1317,T
4-HA,1393,0,0,1323,1,1324,G
4-HA,1394,1323,0,2,0,1325,A
4-HA,1395,1324,0,0,0,1324,A
4-HA,1396,1312,0,1,0,1313,A
4-HA,1397,1311,0,3,0,1314,A
4-HA,1398,1297,0,3,0,1300,A
4-HA,1399,1307,0,0,0,1307,A
4-HA,1400,2,1,1,1311,1315,C
4-HA,1401,1308,0,2,0,1310,A
4-HA,1402,1313,0,1,0,1314,A
4-HA,1403,1308,1,3,0,1312,A
4-HA,1404,1,2,1327,2,1332,G
4-HA,1405,1337,0,2,0,1339,A
4-HA,1406,1333,0,2,0,1335,A
4-HA,1407,1,1,1330,0,1332,G
4-HA,1408,6,2,1,1325,1334,C
4-HA,1409,1332,0,3,0,1335,A
4-HA,1410,1351,1,1,0,1353,A
4-HA,1411,1,0,3,1350,1354,C
4-HA,1412,1,1334,0,0,1335,T
4-HA,1413,1,0,1334,10,1345,G
4-HA,1414,1329,1,2,0,1332,A
4-HA,1415,0,2,1338,1,1341,G
4-HA,1416,0,0,1343,0,1343,G
4-HA,1417,0,2,1345,1,1348,G
4-HA,1418,1331,0,2,0,1333,A
4-HA,1419,1325,0,0,0,1325,A
4-HA,1420,1316,0,1,0,1317,A
4-HA,1421,1330,0,1,0,1331,A
4-HA,1422,0,1330,0,1,1331,T
4-HA,1423,0,1,1333,0,1334,G
4-HA,1424,0,0,0,1339,1339,C
4-HA,1425,0,1339,0,0,1339,T
4-HA,1426,5,2,1330,3,1340,G
4-HA,1427,1334,0,3,1,1338,A
4-HA,1428,0,1,1382,0,1383,G
4-HA,1429,0,4,1393,2,1399,G
4-HA,1430,1362,0,1,0,1363,A
4-HA,1431,0,1336,0,0,1336,T
4-HA,1432,1306,0,0,0,1306,A
4-HA,1433,0,1286,0,0,1286,T
4-HA,1434,2,1,1304,1,1308,G
4-HA,1435,0,0,1308,0,1308,G
4-HA,1436,1,0,1300,1,1302,G
4-HA,1437,2,0,5,1244,1251,C
4-HA,1438,1207,0,0,0,1207,A
4-HA,1439,1197,0,2,0,1199,A
4-HA,1440,0,1187,0,0,1187,T
4-HA,1441,0,2,1192,0,1194,G
4-HA,1442,1,0,1194,0,1195,G
4-HA,1443,0,1176,0,1,1177,T
4-HA,1444,0,1159,0,1,1160,T
4-HA,1445,1,1,1162,0,1164,G
4-HA,1446,0,1149,0,0,1149,T
4-HA,1447,0,1148,0,1,1149,T
4-HA,1448,0,1150,0,2,1152,T
4-HA,1449,0,0,1,1149,1150,C
4-HA,1450,1143,0,0,0,1143,A
4-HA,1451,1144,0,0,0,1144,A
4-HA,1452,1144,0,0,0,1144,A
4-HA,1453,1145,0,1,0,1146,A
4-HA,1454,0,1128,0,1,1129,T
4-HA,1455,3,0,1,1121,1125,C
4-HA,1456,0,1162,0,1,1163,T
4-HA,1457,1178,0,0,0,1178,A
4-HA,1458,0,1,1,1189,1191,C
4-HA,1459,2,0,0,1192,1194,C
4-HA,1460,1191,0,0,0,1191,A
4-HA,1461,0,2,1,1189,1192,C
4-HA,1462,1198,0,1,0,1199,A
4-HA,1463,1205,0,0,0,1205,A
4-HA,1464,1212,0,1,0,1213,A
4-HA,1465,0,1208,0,0,1208,T
4-HA,1466,0,1,1224,0,1225,G
4-HA,1467,0,1213,0,2,1215,T
4-HA,1468,0,2,1226,0,1228,G
4-HA,1469,1233,0,1,0,1234,A
4-HA,1470,2,0,0,1226,1228,C
4-HA,1471,1211,0,1,0,1212,A
4-HA,1472,1210,0,1,0,1211,A
4-HA,1473,0,1219,0,0,1219,T
4-HA,1474,0,1,1240,1,1242,G
4-HA,1475,1,0,0,1235,1236,C
4-HA,1476,1,0,0,1247,1248,C
4-HA,1477,0,1228,0,4,1232,T
4-HA,1478,3,10,1268,3,1284,G
4-HA,1479,7,1,4,1265,1277,C
4-HA,1480,1278,0,1,0,1279,A
4-HA,1481,0,1271,0,0,1271,T
4-HA,1482,1246,0,1,0,1247,A
4-HA,1483,1,2,1241,0,1244,G
4-HA,1484,1,0,1229,0,1230,G
4-HA,1485,1219,0,0,0,1219,A
4-HA,1486,0,1207,0,0,1207,T
4-HA,1487,2,0,2,1159,1163,C
4-HA,1488,1157,0,0,0,1157,A
4-HA,1489,1158,0,1,0,1159,A
4-HA,1490,0,1155,0,2,1157,T
4-HA,1491,1,1,2,1153,1157,C
4-HA,1492,1136,0,0,0,1136,A
4-HA,1493,0,2,1146,0,1148,G
4-HA,1494,1152,0,1,0,1153,A
4-HA,1495,1152,0,2,0,1154,A
4-HA,1496,1152,1,2,0,1155,A
4-HA,1497,0,1146,0,0,1146,T
4-HA,1498,1,6,1133,0,1140,G
4-HA,1499,0,5,1140,0,1145,G
4-HA,1500,1142,0,0,0,1142,A
4-HA,1501,1146,0,1,0,1147,A
4-HA,1502,1,0,1,1144,1146,C
4-HA,1503,0,1126,0,1,1127,T
4-HA,1504,0,1138,0,0,1138,T
4-HA,1505,1140,0,0,0,1140,A
4-HA,1506,0,1141,0,0,1141,T
4-HA,1507,1,2,1143,0,1146,G
4-HA,1508,1133,0,5,0,1138,A
4-HA,1509,0,1,1,1142,1144,C
4-HA,1510,8,2,1,1125,1136,C
4-HA,1511,1127,0,1,0,1128,A
4-HA,1512,1,2,1,1122,1126,C
4-HA,1513,0,0,1116,3,1119,G
4-HA,1514,1131,0,0,0,1131,A
4-HA,1515,0,1153,0,0,1153,T
4-HA,1516,0,1,1153,1,1155,G
4-HA,1517,0,1136,0,2,1138,T
4-HA,1518,5,0,3,1116,1124,C
4-HA,1519,0,1244,0,0,1244,T
4-HA,1520,1241,0,1,0,1242,A
4-HA,1521,6,0,5,1237,1248,C
4-HA,1522,1218,0,0,0,1218,A
4-HA,1523,0,3,1222,3,1228,G
4-HA,1524,1156,0,0,0,1156,A
4-HA,1525,1,1,1135,0,1137,G
4-HA,1526,1131,0,1,0,1132,A
4-HA,1527,0,1060,0,0,1060,T
4-HA,1528,1,1,1042,0,1044,G
4-HA,1529,1040,0,1,0,1041,A
4-HA,1530,1030,0,0,0,1030,A
4-HA,1531,1,5,1049,0,1055,G
4-HA,1532,2,0,0,1025,1027,C
4-HA,1533,1015,0,0,0,1015,A
4-HA,1534,0,1013,0,0,1013,T
4-HA,1535,0,1006,0,2,1008,T
4-HA,1536,1022,0,0,0,1022,A
4-HA,1537,1020,0,1,0,1021,A
4-HA,1538,1018,0,2,1,1021,A
4-HA,1539,3,0,0,1023,1026,C
4-HA,1540,988,0,0,0,988,A
4-HA,1541,986,0,0,0,986,A
4-HA,1542,0,3,0,989,992,C
4-HA,1543,1,1,0,980,982,C
4-HA,1544,2,1,982,0,985,G
4-HA,1545,0,1,1009,0,1010,G
4-HA,1546,0,1006,0,0,1006,T
4-HA,1547,1,1004,0,1,1006,T
4-HA,1548,0,0,0,1009,1009,C
4-HA,1549,5,1,1,999,1006,C
4-HA,1550,1010,0,1,0,1011,A
4-HA,1551,0,1,1032,1,1034,G
4-HA,1552,1035,0,2,0,1037,A
4-HA,1553,0,1031,0,2,1033,T
4-HA,1554,3,0,1,995,999,C
4-HA,1555,992,0,0,0,992,A
4-HA,1556,983,0,0,0,983,A
4-HA,1557,0,1,982,0,983,G
4-HA,1558,0,1,981,0,982,G
4-HA,1559,0,0,980,0,980,G
4-HA,1560,1,0,0,955,956,C
4-HA,1561,1,0,955,0,956,G
4-HA,1562,0,956,0,1,957,T
4-HA,1563,0,960,0,1,961,T
4-HA,1564,0,0,971,1,972,G
4-HA,1565,964,0,0,0,964,A
4-HA,1566,0,2,970,0,972,G
4-HA,1567,0,1,0,964,965,C
4-HA,1568,0,937,0,1,938,T
4-HA,1569,0,2,944,0,946,G
4-HA,1570,943,0,0,0,943,A
4-HA,1571,948,0,2,0,950,A
4-HA,1572,0,1,948,1,950,G
4-HA,1573,0,921,0,1,922,T
4-HA,1574,2,1,3,915,921,C
4-HA,1575,896,0,0,0,896,A
4-HA,1576,1,1,905,1,908,G
4-HA,1577,0,1,908,1,910,G
4-HA,1578,905,0,1,0,906,A
4-HA,1579,0,903,0,0,903,T
4-HA,1580,891,0,2,0,893,A
4-HA,1581,1,1,6,881,889,C
4-HA,1582,873,0,1,0,874,A
4-HA,1583,878,0,0,0,878,A
4-HA,1584,875,1,1,0,877,A
4-HA,1585,0,3,874,0,877,G
4-HA,1586,851,0,1,0,852,A
4-HA,1587,0,843,0,1,844,T
4-HA,1588,0,840,0,0,840,T
4-HA,1589,0,0,834,0,834,G
4-HA,1590,0,0,832,0,832,G
4-HA,1591,830,0,1,0,831,A
4-HA,1592,0,834,0,2,836,T
4-HA,1593,1,0,0,830,831,C
4-HA,1594,2,2,3,797,804,C
4-HA,1595,0,795,0,2,797,T
4-HA,1596,800,0,0,0,800,A
4-HA,1597,0,797,0,2,799,T
4-HA,1598,0,3,797,1,801,G
4-HA,1599,1,1,800,0,802,G
4-HA,1600,791,0,0,0,791,A
4-HA,1601,0,783,0,1,784,T
4-HA,1602,0,768,0,1,769,T
4-HA,1603,0,740,0,0,740,T
4-HA,1604,1,0,1,739,741,C
4-HA,1605,1,0,0,735,736,C
4-HA,1606,0,718,0,1,719,T
4-HA,1607,0,724,0,1,725,T
4-HA,1608,0,728,0,1,729,T
4-HA,1609,1,1,726,2,730,G
4-HA,1610,0,0,0,727,727,C
4-HA,1611,1,0,0,729,730,C
4-HA,1612,722,0,1,1,724,A
4-HA,1613,0,710,0,0,710,T
4-HA,1614,712,1,0,0,713,A
4-HA,1615,0,702,0,1,703,T
4-HA,1616,2,0,2,695,699,C
4-HA,1617,699,0,0,0,699,A
4-HA,1618,0,690,0,0,690,T
4-HA,1619,0,1,696,1,698,G
4-HA,1620,0,689,1,3,693,T
4-HA,1621,0,680,0,0,680,T
4-HA,1622,0,678,0,1,679,T
4-HA,1623,0,661,0,0,661,T
4-HA,1624,0,656,0,2,658,T
4-HA,1625,0,660,0,1,661,T
4-HA,1626,0,1,661,0,662,G
4-HA,1627,0,0,0,659,659,C
4-HA,1628,0,632,0,0,632,T
4-HA,1629,0,627,0,0,627,T
4-HA,1630,1,629,0,0,630,T
4-HA,1631,0,0,631,0,631,G
4-HA,1632,2,0,1,611,614,C
4-HA,1633,614,0,1,0,615,A
4-HA,1634,0,618,0,0,618,T
4-HA,1635,0,617,0,0,617,T
4-HA,1636,1,3,619,0,623,G
4-HA,1637,0,0,0,622,622,C
4-HA,1638,0,626,0,2,628,T
4-HA,1639,0,627,1,0,628,T
4-HA,1640,0,598,0,0,598,T
4-HA,1641,0,0,602,1,603,G
4-HA,1642,0,601,0,0,601,T
4-HA,1643,0,596,0,0,596,T
4-HA,1644,0,0,600,0,600,G
4-HA,1645,0,0,572,0,572,G
4-HA,1646,0,0,563,0,563,G
4-HA,1647,0,0,571,1,572,G
4-HA,1648,0,539,0,0,539,T
4-HA,1649,0,522,0,0,522,T
4-HA,1650,1,0,1,506,508,C
4-HA,1651,488,0,0,0,488,A
4-HA,1652,0,486,0,1,487,T
4-HA,1653,3,0,0,478,481,C
4-HA,1654,482,0,1,0,483,A
4-HA,1655,0,462,0,0,462,T
4-HA,1656,0,0,458,1,459,G
4-HA,1657,0,449,2,1,452,T
4-HA,1658,1,1,444,1,447,G
4-HA,1659,0,0,436,0,436,G
4-HA,1660,0,0,428,0,428,G
4-HA,1661,1,0,0,403,404,C
4-HA,1662,1,0,0,391,392,C
4-HA,1663,1,344,0,0,345,T
4-HA,1664,0,0,348,0,348,G
4-HA,1665,0,0,1,339,340,C
4-HA,1666,1,0,0,343,344,C
4-HA,1667,347,0,0,0,347,A
4-HA,1668,343,0,0,0,343,A
4-HA,1669,343,0,0,0,343,A
4-HA,1670,341,0,1,0,342,A
4-HA,1671,342,0,0,1,343,A
4-HA,1672,0,0,339,0,339,G
4-HA,1673,0,0,328,0,328,G
4-HA,1674,1,0,0,322,323,C
4-HA,1675,322,0,0,0,322,A
4-HA,1676,321,0,0,0,321,A
4-HA,1677,1,0,2,320,323,C
4-HA,1678,323,0,0,0,323,A
4-HA,1679,0,319,0,2,321,T
4-HA,1680,0,317,0,1,318,T
4-HA,1681,302,0,0,0,302,A
4-HA,1682,0,0,299,0,299,G
4-HA,1683,0,0,297,0,297,G
4-HA,1684,0,284,0,0,284,T
4-HA,1685,1,0,258,0,259,G
4-HA,1686,0,0,0,242,242,C
4-HA,1687,227,0,0,0,227,A
4-HA,1688,224,0,0,0,224,A
4-HA,1689,0,0,0,225,225,C
4-HA,1690,216,0,0,0,216,A
4-HA,1691,0,208,0,0,208,T
4-HA,1692,1,183,0,1,185,T
4-HA,1693,0,184,0,0,184,T
4-HA,1694,0,0,184,0,184,G
4-HA,1695,2,0,0,182,184,C
4-HA,1696,183,0,0,0,183,A
4-HA,1697,0,168,0,0,168,T
4-HA,1698,0,165,0,0,165,T
4-HA,1699,0,143,0,0,143,T
4-HA,1700,0,0,143,0,143,G
4-HA,1701,136,0,0,0,136,A
5-NP,1,44,0,0,0,44,A
5-NP,2,0,43,0,0,43,T
5-NP,3,0,0,43,0,43,G
5-NP,4,0,0,44,0,44,G
5-NP,5,0,0,0,43,43,C
5-NP,6,0,0,48,0,48,G
5-NP,7,0,53,0,0,53,T
5-NP,8,0,0,0,55,55,C
5-NP,9,0,0,0,55,55,C
5-NP,10,0,0,0,56,56,C
5-NP,11,56,0,0,0,56,A
5-NP,12,56,0,0,0,56,A
5-NP,13,0,0,56,0,56,G
5-NP,14,0,1,58,0,59,G
5-NP,15,0,0,0,59,59,C
5-NP,16,58,0,0,0,58,A
5-NP,17,0,0,0,59,59,C
5-NP,18,0,0,0,60,60,C
5-NP,19,61,0,0,0,61,A
5-NP,20,60,0,1,0,61,A
5-NP,21,61,0,0,0,61,A
5-NP,22,0,0,0,62,62,C
5-NP,23,0,0,61,1,62,G
5-NP,24,0,0,69,0,69,G
5-NP,25,0,68,0,0,68,T
5-NP,26,1,0,0,75,76,C
5-NP,27,0,76,0,0,76,T
5-NP,28,0,75,0,0,75,T
5-NP,29,76,0,0,0,76,A
5-NP,30,0,76,0,0,76,T
5-NP,31,0,0,75,1,76,G
5-NP,32,77,0,0,0,77,A
5-NP,33,77,0,0,0,77,A
5-NP,34,1,0,0,76,77,C
5-NP,35,77,0,0,0,77,A
5-NP,36,0,0,83,0,83,G
5-NP,37,84,0,0,0,84,A
5-NP,38,0,85,0,0,85,T
5-NP,39,0,1,83,0,84,G
5-NP,40,0,0,84,0,84,G
5-NP,41,84,0,0,0,84,A
5-NP,42,84,0,0,0,84,A
5-NP,43,84,0,0,0,84,A
5-NP,44,0,0,0,84,84,C
5-NP,45,0,85,0,0,85,T
5-NP,46,0,0,86,0,86,G
5-NP,47,85,0,0,0,85,A
5-NP,48,0,85,0,0,85,T
5-NP,49,0,0,85,0,85,G
5-NP,50,0,0,85,0,85,G
5-NP,51,0,0,85,0,85,G
5-NP,52,0,0,85,0,85,G
5-NP,53,83,0,0,0,83,A
5-NP,54,0,82,0,0,82,T
5-NP,55,0,0,0,82,82,C
5-NP,56,0,0,82,0,82,G
5-NP,57,0,0,0,83,83,C
5-NP,58,0,0,0,83,83,C
5-NP,59,83,0,0,0,83,A
5-NP,60,0,0,83,0,83,G
5-NP,61,84,0,0,0,84,A
5-NP,62,86,0,0,0,86,A
5-NP,63,0,86,0,0,86,T
5-NP,64,0,0,87,0,87,G
5-NP,65,0,0,0,88,88,C
5-NP,66,88,0,0,0,88,A
5-NP,67,89,0,0,0,89,A
5-NP,68,0,0,0,88,88,C
5-NP,69,0,88,0,0,88,T
5-NP,70,0,0,90,0,90,G
5-NP,71,92,0,0,0,92,A
5-NP,72,0,1,93,0,94,G
5-NP,73,94,0,0,0,94,A
5-NP,74,0,93,0,0,93,T
5-NP,75,0,93,0,0,93,T
5-NP,76,91,0,0,0,91,A
5-NP,77,0,0,92,0,92,G
5-NP,78,0,0,93,0,93,G
5-NP,79,0,0,93,0,93,G
5-NP,80,1,0,0,92,93,C
5-NP,81,91,0,0,0,91,A
5-NP,82,0,92,0,0,92,T
5-NP,83,0,0,0,92,92,C
5-NP,84,0,0,0,92,92,C
5-NP,85,0,0,92,0,92,G
5-NP,86,0,92,0,0,92,T
5-NP,87,0,92,0,0,92,T
5-NP,88,0,0,92,0,92,G
5-NP,89,0,0,92,0,92,G
5-NP,90,1,0,89,0,90,G
5-NP,91,92,0,0,0,92,A
5-NP,92,92,0,1,0,93,A
5-NP,93,0,0,93,0,93,G
5-NP,94,89,0,0,0,89,A
5-NP,95,0,88,0,0,88,T
5-NP,96,0,0,87,1,88,G
5-NP,97,87,0,0,0,87,A
5-NP,98,0,86,0,0,86,T
5-NP,99,0,85,0,0,85,T
5-NP,100,0,0,84,1,85,G
5-NP,101,87,0,0,0,87,A
5-NP,102,0,87,0,0,87,T
5-NP,103,0,0,87,0,87,G
5-NP,104,0,0,89,0,89,G
5-NP,105,87,0,0,0,87,A
5-NP,106,87,0,0,0,87,A
5-NP,107,0,87,0,0,87,T
5-NP,108,0,87,0,0,87,T
5-NP,109,0,0,88,0,88,G
5-NP,110,0,1,87,0,88,G
5-NP,111,0,0,88,0,88,G
5-NP,112,88,0,0,0,88,A
5-NP,113,0,0,87,0,87,G
5-NP,114,85,0,0,0,85,A
5-NP,115,0,88,0,0,88,T
5-NP,116,0,90,0,0,90,T
5-NP,117,0,0,0,89,89,C
5-NP,118,0,90,0,0,90,T
5-NP,119,96,0,0,0,96,A
5-NP,120,0,0,0,97,97,C
5-NP,121,99,0,0,0,99,A
5-NP,122,0,100,0,0,100,T
5-NP,123,0,0,0,99,99,C
5-NP,124,0,0,1,96,97,C
5-NP,125,98,0,0,0,98,A
5-NP,126,100,0,0,0,100,A
5-NP,127,100,0,0,0,100,A
5-NP,128,0,100,0,0,100,T
5-NP,129,0,0,99,1,100,G
5-NP,130,1,97,0,0,98,T
5-NP,131,0,0,101,0,101,G
5-NP,132,0,0,0,103,103,C
5-NP,133,103,0,0,0,103,A
5-NP,134,1,0,0,102,103,C
5-NP,135,0,102,0,0,102,T
5-NP,136,0,0,105,1,106,G
5-NP,137,106,0,0,0,106,A
5-NP,138,108,0,0,0,108,A
5-NP,139,0,0,0,112,112,C
5-NP,140,0,112,0,0,112,T
5-NP,141,0,113,0,0,113,T
5-NP,142,113,0,0,0,113,A
5-NP,143,115,0,0,0,115,A
5-NP,144,114,0,0,1,115,A
5-NP,145,0,0,0,114,114,C
5-NP,146,0,112,0,0,112,T
5-NP,147,1,0,0,113,114,C
5-NP,148,111,0,0,0,111,A
5-NP,149,0,0,119,0,119,G
5-NP,150,0,119,0,0,119,T
5-NP,151,0,0,119,1,120,G
5-NP,152,123,0,0,0,123,A
5-NP,153,0,122,0,0,122,T
5-NP,154,0,0,0,125,125,C
5-NP,155,124,0,0,0,124,A
5-NP,156,0,122,0,0,122,T
5-NP,157,0,0,122,0,122,G
5-NP,158,122,0,0,0,122,A
5-NP,159,122,0,0,0,122,A
5-NP,160,0,0,121,0,121,G
5-NP,161,0,1,118,0,119,G
5-NP,162,0,0,119,0,119,G
5-NP,163,0,0,0,119,119,C
5-NP,164,0,0,119,0,119,G
5-NP,165,0,0,119,0,119,G
5-NP,166,0,117,0,1,118,T
5-NP,167,0,120,0,0,120,T
5-NP,168,0,0,122,0,122,G
5-NP,169,126,0,1,0,127,A
5-NP,170,0,127,0,0,127,T
5-NP,171,0,0,0,127,127,C
5-NP,172,2,0,0,124,126,C
5-NP,173,126,0,0,0,126,A
5-NP,174,126,0,0,0,126,A
5-NP,175,128,0,0,0,128,A
5-NP,176,127,0,0,0,127,A
5-NP,177,0,0,0,128,128,C
5-NP,178,124,0,0,0,124,A
5-NP,179,1,0,121,0,122,G
5-NP,180,0,0,0,124,124,C
5-NP,181,0,0,0,123,123,C
5-NP,182,0,127,0,0,127,T
5-NP,183,0,0,127,0,127,G
5-NP,184,129,0,0,0,129,A
5-NP,185,0,0,1,130,131,C
5-NP,186,130,0,0,0,130,A
5-NP,187,132,0,0,0,132,A
5-NP,188,0,132,0,0,132,T
5-NP,189,128,0,0,0,128,A
5-NP,190,0,1,130,0,131,G
5-NP,191,133,0,0,0,133,A
5-NP,192,0,0,133,0,133,G
5-NP,193,133,0,0,0,133,A
5-NP,194,131,0,0,0,131,A
5-NP,195,132,0,0,0,132,A
5-NP,196,130,0,0,0,130,A
5-NP,197,0,129,0,0,129,T
5-NP,198,0,0,129,0,129,G
5-NP,199,0,0,129,0,129,G
5-NP,200,0,128,0,0,128,T
5-NP,201,1,1,133,0,135,G
5-NP,202,0,0,0,135,135,C
5-NP,203,0,135,0,0,135,T
5-NP,204,0,0,1,135,136,C
5-NP,205,0,133,0,0,133,T
5-NP,206,1,1,1,132,135,C
5-NP,207,0,134,0,0,134,T
5-NP,208,0,2,132,0,134,G
5-NP,209,0,0,0,135,135,C
5-NP,210,0,130,0,0,130,T
5-NP,211,0,130,0,0,130,T
5-NP,212,0,129,0,0,129,T
5-NP,213,0,127,0,0,127,T
5-NP,214,0,0,127,0,127,G
5-NP,215,127,0,0,0,127,A
5-NP,216,0,126,0,0,126,T
5-NP,217,0,0,126,0,126,G
5-NP,218,127,0,0,0,127,A
5-NP,219,127,0,0,0,127,A
5-NP,220,128,0,0,0,128,A
5-NP,221,0,0,128,0,128,G
5-NP,222,126,0,0,0,126,A
5-NP,223,124,0,0,0,124,A
5-NP,224,0,0,124,0,124,G
5-NP,225,0,0,125,0,125,G
5-NP,226,126,0,0,0,126,A
5-NP,227,126,0,1,0,127,A
5-NP,228,0,127,0,0,127,T
5-NP,229,126,0,0,0,126,A
5-NP,230,125,1,0,0,126,A
5-NP,231,127,0,0,0,127,A
5-NP,232,0,126,0,0,126,T
5-NP,233,123,0,0,0,123,A
5-NP,234,0,0,0,123,123,C
5-NP,235,0,0,0,121,121,C
5-NP,236,0,121,0,0,121,T
5-NP,237,0,1,120,0,121,G
5-NP,238,0,1,124,0,125,G
5-NP,239,125,0,0,0,125,A
5-NP,240,124,0,0,0,124,A
5-NP,241,0,0,130,0,130,G
5-NP,242,127,0,0,0,127,A
5-NP,243,129,0,0,0,129,A
5-NP,244,0,0,0,132,132,C
5-NP,245,136,0,0,0,136,A
5-NP,246,0,0,0,146,146,C
5-NP,247,0,0,0,143,143,C
5-NP,248,0,0,0,141,141,C
5-NP,249,0,0,0,142,142,C
5-NP,250,141,0,0,0,141,A
5-NP,251,0,0,137,0,137,G
5-NP,252,0,138,0,0,138,T
5-NP,253,0,0,140,0,140,G
5-NP,254,0,0,0,140,140,C
5-NP,255,0,0,140,0,140,G
5-NP,256,0,0,137,0,137,G
5-NP,257,0,0,141,0,141,G
5-NP,258,0,0,141,0,141,G
5-NP,259,139,0,0,0,139,A
5-NP,260,138,0,0,0,138,A
5-NP,261,136,0,0,0,136,A
5-NP,262,0,0,135,0,135,G
5-NP,263,134,0,0,0,134,A
5-NP,264,0,133,0,0,133,T
5-NP,265,0,1,0,130,131,C
5-NP,266,0,0,0,131,131,C
5-NP,267,0,0,0,133,133,C
5-NP,268,133,0,0,0,133,A
5-NP,269,134,0,0,0,134,A
5-NP,270,1,0,133,0,134,G
5-NP,271,132,0,0,0,132,A
5-NP,272,132,0,0,0,132,A
5-NP,273,132,0,0,1,133,A
5-NP,274,132,0,0,0,132,A
5-NP,275,0,0,0,133,133,C
5-NP,276,0,131,0,0,131,T
5-NP,277,0,0,131,0,131,G
5-NP,278,0,1,130,0,131,G
5-NP,279,0,0,129,0,129,G
5-NP,280,0,0,130,0,130,G
5-NP,281,0,0,134,0,134,G
5-NP,282,0,0,134,0,134,G
5-NP,283,0,0,0,146,146,C
5-NP,284,0,0,0,144,144,C
5-NP,285,0,0,1,144,145,C
5-NP,286,169,0,0,0,169,A
5-NP,287,0,169,0,0,169,T
5-NP,288,183,0,0,0,183,A
5-NP,289,0,184,0,0,184,T
5-NP,290,179,0,1,0,180,A
5-NP,291,0,0,0,179,179,C
5-NP,292,172,0,0,0,172,A
5-NP,293,0,0,174,0,174,G
5-NP,294,0,0,177,0,177,G
5-NP,295,161,0,0,0,161,A
5-NP,296,0,0,160,0,160,G
5-NP,297,149,0,0,0,149,A
5-NP,298,0,0,151,0,151,G
5-NP,299,0,149,0,0,149,T
5-NP,300,147,0,0,0,147,A
5-NP,301,0,0,152,0,152,G
5-NP,302,141,0,0,0,141,A
5-NP,303,0,143,0,0,143,T
5-NP,304,0,2,141,0,143,G
5-NP,305,0,0,142,0,142,G
5-NP,306,141,0,0,0,141,A
5-NP,307,141,0,0,0,141,A
5-NP,308,140,0,0,0,140,A
5-NP,309,143,0,0,0,143,A
5-NP,310,0,141,0,0,141,T
5-NP,311,0,0,144,0,144,G
5-NP,312,1,0,142,0,143,G
5-NP,313,143,0,0,0,143,A
5-NP,314,0,141,0,0,141,T
5-NP,315,0,2,142,1,145,G
5-NP,316,141,0,0,0,141,A
5-NP,317,0,0,143,0,143,G
5-NP,318,0,0,145,0,145,G
5-NP,319,0,0,143,0,143,G
5-NP,320,145,0,0,0,145,A
5-NP,321,144,0,0,0,144,A
5-NP,322,0,0,0,146,146,C
5-NP,323,0,146,0,0,146,T
5-NP,324,0,1,0,155,156,C
5-NP,325,0,0,155,0,155,G
5-NP,326,0,156,0,0,156,T
5-NP,327,1,0,0,153,154,C
5-NP,328,0,0,0,183,183,C
5-NP,329,0,182,0,0,182,T
5-NP,330,0,183,0,0,183,T
5-NP,331,0,182,0,0,182,T
5-NP,332,187,0,0,0,187,A
5-NP,333,0,189,0,0,189,T
5-NP,334,0,1,187,0,188,G
5-NP,335,187,0,1,0,188,A
5-NP,336,0,0,0,191,191,C
5-NP,337,187,0,0,0,187,A
5-NP,338,188,0,0,0,188,A
5-NP,339,191,0,0,0,191,A
5-NP,340,0,0,211,0,211,G
5-NP,341,209,0,0,0,209,A
5-NP,342,208,0,0,0,208,A
5-NP,343,0,2,223,1,226,G
5-NP,344,225,0,1,0,226,A
5-NP,345,230,0,0,0,230,A
5-NP,346,230,0,1,0,231,A
5-NP,347,0,233,0,0,233,T
5-NP,348,231,0,0,0,231,A
5-NP,349,232,0,0,0,232,A
5-NP,350,0,0,235,0,235,G
5-NP,351,0,0,230,0,230,G
5-NP,352,0,0,0,233,233,C
5-NP,353,0,1,234,0,235,G
5-NP,354,240,1,0,0,241,A
5-NP,355,251,0,0,0,251,A
5-NP,356,0,250,0,0,250,T
5-NP,357,0,0,0,252,252,C
5-NP,358,0,251,0,0,251,T
5-NP,359,1,0,255,1,257,G
5-NP,360,1,1,254,0,256,G
5-NP,361,0,0,0,262,262,C
5-NP,362,0,1,263,1,265,G
5-NP,363,0,0,0,265,265,C
5-NP,364,0,0,0,264,264,C
5-NP,365,263,0,0,0,263,A
5-NP,366,267,0,1,1,269,A
5-NP,367,0,0,283,0,283,G
5-NP,368,0,0,0,290,290,C
5-NP,369,1,0,0,299,300,C
5-NP,370,300,0,1,0,301,A
5-NP,371,307,0,0,1,308,A
5-NP,372,1,0,0,309,310,C
5-NP,373,315,0,0,0,315,A
5-NP,374,320,0,0,0,320,A
5-NP,375,0,325,0,0,325,T
5-NP,376,0,1,342,2,345,G
5-NP,377,0,0,346,0,346,G
5-NP,378,0,344,0,0,344,T
5-NP,379,1,4,343,0,348,G
5-NP,380,339,0,1,0,340,A
5-NP,381,0,1,361,0,362,G
5-NP,382,0,0,364,0,364,G
5-NP,383,371,0,1,0,372,A
5-NP,384,0,415,0,0,415,T
5-NP,385,1,0,433,1,435,G
5-NP,386,3,0,0,433,436,C
5-NP,387,0,437,0,1,438,T
5-NP,388,453,0,0,0,453,A
5-NP,389,0,2,2,457,461,C
5-NP,390,463,0,1,0,464,A
5-NP,391,0,468,0,0,468,T
5-NP,392,1,1,1,467,470,C
5-NP,393,0,460,0,0,460,T
5-NP,394,2,1,494,0,497,G
5-NP,395,1,1,499,0,501,G
5-NP,396,0,500,0,3,503,T
5-NP,397,0,0,0,513,513,C
5-NP,398,0,502,0,2,504,T
5-NP,399,540,0,1,0,541,A
5-NP,400,539,0,1,0,540,A
5-NP,401,0,0,0,547,547,C
5-NP,402,0,546,0,2,548,T
5-NP,403,1,0,0,560,561,C
5-NP,404,550,1,1,0,552,A
5-NP,405,0,0,0,576,576,C
5-NP,406,581,0,0,0,581,A
5-NP,407,0,584,0,0,584,T
5-NP,408,583,0,0,0,583,A
5-NP,409,582,0,0,0,582,A
5-NP,410,0,586,0,0,586,T
5-NP,411,0,2,591,0,593,G
5-NP,412,587,0,1,0,588,A
5-NP,413,0,590,0,0,590,T
5-NP,414,0,586,0,0,586,T
5-NP,415,0,581,0,1,582,T
5-NP,416,0,1,584,0,585,G
5-NP,417,0,0,581,0,581,G
5-NP,418,1,0,0,584,585,C
5-NP,419,602,0,0,0,602,A
5-NP,420,0,600,0,0,600,T
5-NP,421,0,596,0,0,596,T
5-NP,422,1,0,0,598,599,C
5-NP,423,3,0,0,598,601,C
5-NP,424,612,0,0,0,612,A
5-NP,425,613,0,0,0,613,A
5-NP,426,0,612,0,0,612,T
5-NP,427,0,612,0,0,612,T
5-NP,428,0,608,0,1,609,T
5-NP,429,0,0,623,1,624,G
5-NP,430,620,0,1,0,621,A
5-NP,431,622,0,0,0,622,A
5-NP,432,0,622,0,0,622,T
5-NP,433,0,1,622,1,624,G
5-NP,434,634,0,1,0,635,A
5-NP,435,0,633,0,1,634,T
5-NP,436,1,0,646,0,647,G
5-NP,437,1,0,0,662,663,C
5-NP,438,663,0,0,0,663,A
5-NP,439,707,0,2,0,709,A
5-NP,440,0,0,2,710,712,C
5-NP,441,749,0,0,0,749,A
5-NP,442,0,769,0,0,769,T
5-NP,443,760,0,0,0,760,A
5-NP,444,2,0,0,766,768,C
5-NP,445,3,0,0,762,765,C
5-NP,446,749,0,0,0,749,A
5-NP,447,0,2,763,3,768,G
5-NP,448,744,0,4,0,748,A
5-NP,449,0,4,761,0,765,G
5-NP,450,0,3,759,1,763,G
5-NP,451,760,0,0,0,760,A
5-NP,452,2,1,0,766,769,C
5-NP,453,759,0,0,0,759,A
5-NP,454,753,0,0,0,753,A
5-NP,455,2,0,759,0,761,G
5-NP,456,755,0,0,0,755,A
5-NP,457,1,1,756,0,758,G
5-NP,458,0,0,0,759,759,C
5-NP,459,0,757,0,1,758,T
5-NP,460,1,0,2,758,761,C
5-NP,461,0,756,0,2,758,T
5-NP,462,0,767,0,0,767,T
5-NP,463,0,2,763,0,765,G
5-NP,464,0,761,0,0,761,T
5-NP,465,0,763,0,2,765,T
5-NP,466,1,1,0,758,760,C
5-NP,467,0,0,764,0,764,G
5-NP,468,776,0,0,0,776,A
5-NP,469,774,0,0,0,774,A
5-NP,470,1,0,0,781,782,C
5-NP,471,0,783,0,1,784,T
5-NP,472,2,0,778,2,782,G
5-NP,473,0,0,782,0,782,G
5-NP,474,782,0,0,0,782,A
5-NP,475,787,0,0,0,787,A
5-NP,476,0,786,0,0,786,T
5-NP,477,1,4,778,0,783,G
5-NP,478,0,1,786,0,787,G
5-NP,479,814,0,1,0,815,A
5-NP,480,0,821,0,0,821,T
5-NP,481,1,2,0,812,815,C
5-NP,482,0,0,0,812,812,C
5-NP,483,4,1,1,804,810,C
5-NP,484,823,0,0,0,823,A
5-NP,485,1,2,824,0,827,G
5-NP,486,829,0,0,0,829,A
5-NP,487,828,0,0,0,828,A
5-NP,488,0,822,1,0,823,T
5-NP,489,1,1,839,0,841,G
5-NP,490,0,837,0,0,837,T
5-NP,491,1,4,840,1,846,G
5-NP,492,1,0,1,852,854,C
5-NP,493,0,853,0,1,854,T
5-NP,494,2,0,0,930,932,C
5-NP,495,0,923,0,1,924,T
5-NP,496,1,0,1,958,960,C
5-NP,497,0,960,0,1,961,T
5-NP,498,1,2,976,8,987,G
5-NP,499,994,1,3,0,998,A
5-NP,500,0,991,0,0,991,T
5-NP,501,0,7,976,5,988,G
5-NP,502,1,1,2,988,992,C
5-NP,503,939,0,0,0,939,A
5-NP,504,0,3,958,0,961,G
5-NP,505,1,0,940,0,941,G
5-NP,506,0,1,955,0,956,G
5-NP,507,0,1,0,943,944,C
5-NP,508,0,950,0,2,952,T
5-NP,509,0,2,0,966,968,C
5-NP,510,0,4,957,0,961,G
5-NP,511,985,0,0,0,985,A
5-NP,512,0,0,1,1004,1005,C
5-NP,513,0,994,0,1,995,T
5-NP,514,1,0,1,1149,1151,C
5-NP,515,0,1129,0,2,1131,T
5-NP,516,0,0,1,1252,1253,C
5-NP,517,3,4,1,1246,1254,C
5-NP,518,1,1,0,1253,1255,C
5-NP,519,0,1261,0,2,1263,T
5-NP,520,1252,0,2,0,1254,A
5-NP,521,4,3,1241,6,1254,G
5-NP,522,1249,0,1,0,1250,A
5-NP,523,1219,0,2,0,1221,A
5-NP,524,0,0,1245,0,1245,G
5-NP,525,0,0,1240,0,1240,G
5-NP,526,0,1219,0,2,1221,T
5-NP,527,1,2,1,1232,1236,C
5-NP,528,0,1,0,1227,1228,C
5-NP,529,2,1,1226,1,1230,G
5-NP,530,1,0,1243,1,1245,G
5-NP,531,1232,0,1,0,1233,A
5-NP,532,0,0,1267,1,1268,G
5-NP,533,0,1,0,1261,1262,C
5-NP,534,0,1244,0,0,1244,T
5-NP,535,1,7,1230,6,1244,G
5-NP,536,4,1,4,1238,1247,C
5-NP,537,1244,1,5,0,1250,A
5-NP,538,1,1,1253,0,1255,G
5-NP,539,0,0,1250,0,1250,G
5-NP,540,0,1228,0,3,1231,T
5-NP,541,0,2,1236,2,1240,G
5-NP,542,0,1,0,1247,1248,C
5-NP,543,0,1239,0,0,1239,T
5-NP,544,2,3,1249,5,1259,G
5-NP,545,2,1,2,1259,1264,C
5-NP,546,1265,0,0,0,1265,A
5-NP,547,1,0,1272,1,1274,G
5-NP,548,0,1263,0,0,1263,T
5-NP,549,1253,0,0,0,1253,A
5-NP,550,1284,0,0,0,1284,A
5-NP,551,1282,0,2,0,1284,A
5-NP,552,1288,0,1,0,1289,A
5-NP,553,0,1,1278,0,1279,G
5-NP,554,1,0,1286,2,1289,G
5-NP,555,1303,0,0,0,1303,A
5-NP,556,1303,0,0,0,1303,A
5-NP,557,1,1299,0,0,1300,T
5-NP,558,2,1,0,1299,1302,C
5-NP,559,0,2,1303,0,1305,G
5-NP,560,0,3,1338,0,1341,G
5-NP,561,0,0,1345,0,1345,G
5-NP,562,1345,1,1,0,1347,A
5-NP,563,0,1,2,1350,1353,C
5-NP,564,1327,0,3,0,1330,A
5-NP,565,1353,0,0,0,1353,A
5-NP,566,0,1365,0,0,1365,T
5-NP,567,0,3,1379,0,1382,G
5-NP,568,0,1,1421,1,1423,G
5-NP,569,0,1412,0,0,1412,T
5-NP,570,0,3,1431,1,1435,G
5-NP,571,1432,0,7,0,1439,A
5-NP,572,0,1424,0,1,1425,T
5-NP,573,0,6,1422,1,1429,G
5-NP,574,2,2,1446,0,1450,G
5-NP,575,1441,0,1,0,1442,A
5-NP,576,1446,0,0,0,1446,A
5-NP,577,1,0,1,1443,1445,C
5-NP,578,0,1391,0,1,1392,T
5-NP,579,1,4,1486,3,1494,G
5-NP,580,1487,0,2,0,1489,A
5-NP,581,1,1492,0,2,1495,T
5-NP,582,7,0,2,1492,1501,C
5-NP,583,1475,0,1,0,1476,A
5-NP,584,2,2,1511,3,1518,G
5-NP,585,1503,0,1,0,1504,A
5-NP,586,1512,0,0,0,1512,A
5-NP,587,0,1520,0,0,1520,T
5-NP,588,1,4,1519,1,1525,G
5-NP,589,1,1,1540,1,1543,G
5-NP,590,0,1540,0,2,1542,T
5-NP,591,2,0,1,1551,1554,C
5-NP,592,1552,0,0,0,1552,A
5-NP,593,1530,0,2,0,1532,A
5-NP,594,1543,0,1,0,1544,A
5-NP,595,3,2,1,1532,1538,C
5-NP,596,1,3,1523,1,1528,G
5-NP,597,0,2,1534,0,1536,G
5-NP,598,2,2,1526,0,1530,G
5-NP,599,2,2,1535,0,1539,G
5-NP,600,0,0,1555,0,1555,G
5-NP,601,1552,0,1,0,1553,A
5-NP,602,0,1535,0,2,1537,T
5-NP,603,6,0,3,1532,1541,C
5-NP,604,1529,0,1,0,1530,A
5-NP,605,1528,0,4,0,1532,A
5-NP,606,0,1,0,1523,1524,C
5-NP,607,1,2,1525,0,1528,G
5-NP,608,1515,0,1,0,1516,A
5-NP,609,0,1511,0,2,1513,T
5-NP,610,1,0,1,1520,1522,C
5-NP,611,1,1,1525,0,1527,G
5-NP,612,1512,1,1,0,1514,A
5-NP,613,1520,1,0,0,1521,A
5-NP,614,1522,0,1,0,1523,A
5-NP,615,0,1541,0,0,1541,T
5-NP,616,0,1549,0,0,1549,T
5-NP,617,0,1538,0,0,1538,T
5-NP,618,0,1538,0,1,1539,T
5-NP,619,0,1547,0,0,1547,T
5-NP,620,0,2,1539,1,1542,G
5-NP,621,2,0,1539,1,1542,G
5-NP,622,1526,0,4,0,1530,A
5-NP,623,0,2,1548,0,1550,G
5-NP,624,1512,0,2,0,1514,A
5-NP,625,0,2,1576,0,1578,G
5-NP,626,0,1,1577,0,1578,G
5-NP,627,0,1544,1,0,1545,T
5-NP,628,0,4,1564,1,1569,G
5-NP,629,1561,0,3,0,1564,A
5-NP,630,0,4,1575,0,1579,G
5-NP,631,1573,0,1,0,1574,A
5-NP,632,1573,0,1,0,1574,A
5-NP,633,1,1555,0,1,1557,T
5-NP,634,0,4,1517,0,1521,G
5-NP,635,0,2,1493,0,1495,G
5-NP,636,0,0,1477,0,1477,G
5-NP,637,5,1,0,1471,1477,C
5-NP,638,3,2,1481,0,1486,G
5-NP,639,2,0,1505,0,1507,G
5-NP,640,1491,0,1,0,1492,A
5-NP,641,1489,0,0,0,1489,A
5-NP,642,1513,0,0,0,1513,A
5-NP,643,1510,0,3,0,1513,A
5-NP,644,2,0,2,1515,1519,C
5-NP,645,1511,1,2,0,1514,A
5-NP,646,1508,0,1,0,1509,A
5-NP,647,0,3,1504,0,1507,G
5-NP,648,1467,0,3,0,1470,A
5-NP,649,1479,0,0,0,1479,A
5-NP,650,1,3,1516,0,1520,G
5-NP,651,0,1506,0,0,1506,T
5-NP,652,0,5,1597,0,1602,G
5-NP,653,2,2,1,1589,1594,C
5-NP,654,0,1593,0,1,1594,T
5-NP,655,0,1607,0,1,1608,T
5-NP,656,1619,0,0,0,1619,A
5-NP,657,0,1621,0,0,1621,T
5-NP,658,1,7,1611,10,1629,G
5-NP,659,1589,0,2,0,1591,A
5-NP,660,2,1,1596,0,1599,G
5-NP,661,1528,1,0,0,1529,A
5-NP,662,0,4,1541,0,1545,G
5-NP,663,1505,0,4,0,1509,A
5-NP,664,1529,1,0,1,1531,A
5-NP,665,0,1500,0,0,1500,T
5-NP,666,1,3,1521,0,1525,G
5-NP,667,1,1497,0,2,1500,T
5-NP,668,2,3,1515,0,1520,G
5-NP,669,4,3,1,1512,1520,C
5-NP,670,1511,0,1,0,1512,A
5-NP,671,1505,0,3,0,1508,A
5-NP,672,2,0,1,1500,1503,C
5-NP,673,1477,0,0,0,1477,A
5-NP,674,0,1499,0,1,1500,T
5-NP,675,0,1478,0,4,1482,T
5-NP,676,4,0,0,1484,1488,C
5-NP,677,0,1485,0,1,1486,T
5-NP,678,0,1487,0,0,1487,T
5-NP,679,1484,0,1,0,1485,A
5-NP,680,1476,0,2,0,1478,A
5-NP,681,1472,0,3,0,1475,A
5-NP,682,0,1,1474,0,1475,G
5-NP,683,0,1,1472,0,1473,G
5-NP,684,1460,0,2,0,1462,A
5-NP,685,1455,0,1,1,1457,A
5-NP,686,1458,0,0,1,1459,A
5-NP,687,1478,0,1,1,1480,A
5-NP,688,0,1485,0,0,1485,T
5-NP,689,0,1476,0,2,1478,T
5-NP,690,0,1490,0,1,1491,T
5-NP,691,1,0,0,1492,1493,C
5-NP,692,1493,0,1,0,1494,A
5-NP,693,1493,0,0,0,1493,A
5-NP,694,1491,0,2,0,1493,A
5-NP,695,3,2,3,1507,1515,C
5-NP,696,1495,0,3,0,1498,A
5-NP,697,0,2,1560,0,1562,G
5-NP,698,0,1,1,1567,1569,C
5-NP,699,0,1571,0,1,1572,T
5-NP,700,1,9,1604,2,1616,G
5-NP,701,5,0,2,1607,1614,C
5-NP,702,1611,1,3,0,1615,A
5-NP,703,2,4,2,1615,1623,C
5-NP,704,1613,0,1,0,1614,A
5-NP,705,1615,1,0,1,1617,A
5-NP,706,1578,0,3,0,1581,A
5-NP,707,0,4,1659,0,1663,G
5-NP,708,1643,0,3,0,1646,A
5-NP,709,1,1,1652,0,1654,G
5-NP,710,9,0,5,1641,1655,C
5-NP,711,1649,0,1,0,1650,A
5-NP,712,1680,0,1,0,1681,A
5-NP,713,0,1664,0,1,1665,T
5-NP,714,0,7,1674,2,1683,G
5-NP,715,2,3,1682,1,1688,G
5-NP,716,0,1636,0,2,1638,T
5-NP,717,2,11,1638,0,1651,G
5-NP,718,0,1,1643,1,1645,G
5-NP,719,1637,0,2,0,1639,A
5-NP,720,1,1634,0,0,1635,T
5-NP,721,6,3,0,1597,1606,C
5-NP,722,1597,0,2,0,1599,A
5-NP,723,1603,0,1,0,1604,A
5-NP,724,0,1,1615,1,1617,G
5-NP,725,0,1610,1,0,1611,T
5-NP,726,3,2,1614,3,1622,G
5-NP,727,1603,0,3,0,1606,A
5-NP,728,0,2,1607,2,1611,G
5-NP,729,1599,0,5,0,1604,A
5-NP,730,0,2,1594,1,1597,G
5-NP,731,1552,0,0,1,1553,A
5-NP,732,1521,0,0,0,1521,A
5-NP,733,1504,0,4,0,1508,A
5-NP,734,0,0,1517,0,1517,G
5-NP,735,0,1506,0,0,1506,T
5-NP,736,2,1,0,1512,1515,C
5-NP,737,1,1,1505,0,1507,G
5-NP,738,1505,0,2,0,1507,A
5-NP,739,1520,0,0,0,1520,A
5-NP,740,1516,0,1,0,1517,A
5-NP,741,2,0,0,1537,1539,C
5-NP,742,3,0,0,1520,1523,C
5-NP,743,7,1,0,1516,1524,C
5-NP,744,1522,0,1,0,1523,A
5-NP,745,1,1,1524,1,1527,G
5-NP,746,0,0,1524,1,1525,G
5-NP,747,1528,1,1,0,1530,A
5-NP,748,1525,0,0,0,1525,A
5-NP,749,1514,0,2,0,1516,A
5-NP,750,0,0,0,1520,1520,C
5-NP,751,1,0,1517,0,1518,G
5-NP,752,1,0,0,1510,1511,C
5-NP,753,0,1506,0,1,1507,T
5-NP,754,2,7,1507,2,1518,G
5-NP,755,1514,1,1,0,1516,A
5-NP,756,0,4,1539,0,1543,G
5-NP,757,1545,0,1,0,1546,A
5-NP,758,1,1529,0,3,1533,T
5-NP,759,1,3,0,1498,1502,C
5-NP,760,1,1,1508,1,1511,G
5-NP,761,1500,0,1,0,1501,A
5-NP,762,1497,0,1,0,1498,A
5-NP,763,2,1,1514,1,1518,G
5-NP,764,1534,0,1,0,1535,A
5-NP,765,0,1523,1,1,1525,T
5-NP,766,4,1,0,1536,1541,C
5-NP,767,0,1541,0,3,1544,T
5-NP,768,5,0,1,1541,1547,C
5-NP,769,1544,0,0,0,1544,A
5-NP,770,1,1538,0,0,1539,T
5-NP,771,1547,0,0,0,1547,A
5-NP,772,0,1537,1,0,1538,T
5-NP,773,0,1533,0,0,1533,T
5-NP,774,0,1529,0,0,1529,T
5-NP,775,0,1517,0,0,1517,T
5-NP,776,0,1519,0,0,1519,T
5-NP,777,1515,0,1,0,1516,A
5-NP,778,0,4,1503,1,1508,G
5-NP,779,3,0,1,1505,1509,C
5-NP,780,1505,0,1,0,1506,A
5-NP,781,1501,0,1,0,1502,A
5-NP,782,0,1,1546,1,1548,G
5-NP,783,1557,0,0,0,1557,A
5-NP,784,0,1555,0,1,1556,T
5-NP,785,0,0,0,1570,1570,C
5-NP,786,0,1552,0,0,1552,T
5-NP,787,1,7,1594,2,1604,G
5-NP,788,6,0,1,1601,1608,C
5-NP,789,1614,0,1,0,1615,A
5-NP,790,0,1626,0,1,1627,T
5-NP,791,0,1578,0,0,1578,T
5-NP,792,1,3,1645,4,1653,G
5-NP,793,1675,0,2,0,1677,A
5-NP,794,0,1680,0,1,1681,T
5-NP,795,1685,1,1,0,1687,A
5-NP,796,0,1647,0,0,1647,T
5-NP,797,0,1600,0,0,1600,T
5-NP,798,2,3,1603,5,1613,G
5-NP,799,1591,0,1,0,1592,A
5-NP,800,0,1,1605,1,1607,G
5-NP,801,1514,0,0,0,1514,A
5-NP,802,2,2,1493,0,1497,G
5-NP,803,1,3,1489,0,1493,G
5-NP,804,1461,0,2,0,1463,A
5-NP,805,0,1466,0,2,1468,T
5-NP,806,3,2,0,1475,1480,C
5-NP,807,1454,0,1,0,1455,A
5-NP,808,0,2,1473,0,1475,G
5-NP,809,0,1459,0,0,1459,T
5-NP,810,0,1457,0,1,1458,T
5-NP,811,0,5,1460,3,1468,G
5-NP,812,1,1,0,1470,1472,C
5-NP,813,0,1471,0,4,1475,T
5-NP,814,8,1,0,1465,1474,C
5-NP,815,1483,0,0,1,1484,A
5-NP,816,0,1,0,1488,1489,C
5-NP,817,1481,0,0,0,1481,A
5-NP,818,1487,0,0,0,1487,A
5-NP,819,1488,0,0,0,1488,A
5-NP,820,0,1477,0,1,1478,T
5-NP,821,2,0,2,1487,1491,C
5-NP,822,0,1487,0,0,1487,T
5-NP,823,0,1487,0,1,1488,T
5-NP,824,1,2,1494,2,1499,G
5-NP,825,1,0,0,1511,1512,C
5-NP,826,3,0,2,1539,1544,C
5-NP,827,0,1545,0,0,1545,T
5-NP,828,1537,0,0,0,1537,A
5-NP,829,1,1,1,1554,1557,C
5-NP,830,3,1,0,1560,1564,C
5-NP,831,0,1551,0,1,1552,T
5-NP,832,1,9,1566,6,1582,G
5-NP,833,0,0,2,1569,1571,C
5-NP,834,0,0,0,1585,1585,C
5-NP,835,0,1555,0,4,1559,T
5-NP,836,1,2,1585,1,1589,G
5-NP,837,0,1560,0,3,1563,T
5-NP,838,1,2,1585,1,1589,G
5-NP,839,6,3,0,1586,1595,C
5-NP,840,0,1,1616,7,1624,G
5-NP,841,0,1566,0,1,1567,T
5-NP,842,1564,0,0,0,1564,A
5-NP,843,0,1562,0,0,1562,T
5-NP,844,2,10,1551,1,1564,G
5-NP,845,1,3,1595,1,1600,G
5-NP,846,1576,1,3,0,1580,A
5-NP,847,1,0,0,1591,1592,C
5-NP,848,1,0,0,1594,1595,C
5-NP,849,1,1557,0,2,1560,T
5-NP,850,0,6,1603,5,1614,G
5-NP,851,7,1,5,1605,1618,C
5-NP,852,1632,0,0,0,1632,A
5-NP,853,0,0,1714,4,1718,G
5-NP,854,0,1658,0,0,1658,T
5-NP,855,1739,0,0,0,1739,A
5-NP,856,0,1723,0,3,1726,T
5-NP,857,3,1,0,1718,1722,C
5-NP,858,9,0,5,1716,1730,C
5-NP,859,1674,0,1,0,1675,A
5-NP,860,1,1,1685,0,1687,G
5-NP,861,0,1673,0,2,1675,T
5-NP,862,1,4,1688,1,1694,G
5-NP,863,0,0,1689,0,1689,G
5-NP,864,0,2,1674,3,1679,G
5-NP,865,0,1665,0,0,1665,T
5-NP,866,1666,0,0,0,1666,A
5-NP,867,1,1,1,1651,1654,C
5-NP,868,4,1,1634,1,1640,G
5-NP,869,1624,0,0,0,1624,A
5-NP,870,1,0,1,1636,1638,C
5-NP,871,0,1593,0,1,1594,T
5-NP,872,0,1593,0,1,1594,T
5-NP,873,1,1,0,1597,1599,C
5-NP,874,3,0,1595,1,1599,G
5-NP,875,1600,0,1,0,1601,A
5-NP,876,1604,0,0,0,1604,A
5-NP,877,1608,0,0,0,1608,A
5-NP,878,1608,0,0,0,1608,A
5-NP,879,1598,0,3,0,1601,A
5-NP,880,0,3,1602,4,1609,G
5-NP,881,1608,0,4,0,1612,A
5-NP,882,0,3,1622,0,1625,G
5-NP,883,1,1,1625,0,1627,G
5-NP,884,2,3,1623,3,1631,G
5-NP,885,1633,1,5,0,1639,A
5-NP,886,0,1639,0,1,1640,T
5-NP,887,1663,0,0,0,1663,A
5-NP,888,0,1661,0,0,1661,T
5-NP,889,0,1652,0,0,1652,T
5-NP,890,2,2,0,1673,1677,C
5-NP,891,3,0,0,1652,1655,C
5-NP,892,0,1631,0,0,1631,T
5-NP,893,0,1638,0,0,1638,T
5-NP,894,0,3,1650,2,1655,G
5-NP,895,1,0,1666,0,1667,G
5-NP,896,0,1644,0,1,1645,T
5-NP,897,1,2,1645,0,1648,G
5-NP,898,2,1,1634,0,1637,G
5-NP,899,2,4,1707,2,1715,G
5-NP,900,1696,1,1,1,1699,A
5-NP,901,1693,0,1,1,1695,A
5-NP,902,0,1700,0,0,1700,T
5-NP,903,1619,0,0,1,1620,A
5-NP,904,0,1,1620,1,1622,G
5-NP,905,1592,0,3,1,1596,A
5-NP,906,2,0,0,1606,1608,C
5-NP,907,1,1,0,1592,1594,C
5-NP,908,1,0,0,1615,1616,C
5-NP,909,0,1639,0,0,1639,T
5-NP,910,0,1637,0,1,1638,T
5-NP,911,0,1638,0,3,1641,T
5-NP,912,3,2,2,1643,1650,C
5-NP,913,1640,0,0,1,1641,A
5-NP,914,1645,0,2,1,1648,A
5-NP,915,1635,0,1,1,1637,A
5-NP,916,1,0,0,1650,1651,C
5-NP,917,1,1608,0,0,1609,T
5-NP,918,1624,0,0,1,1625,A
5-NP,919,2,0,1,1656,1659,C
5-NP,920,0,1655,0,2,1657,T
5-NP,921,0,1654,0,0,1654,T
5-NP,922,2,1,1,1663,1667,C
5-NP,923,1669,0,0,0,1669,A
5-NP,924,1661,0,1,1,1663,A
5-NP,925,1664,0,0,0,1664,A
5-NP,926,1660,0,2,0,1662,A
5-NP,927,0,1653,0,0,1653,T
5-NP,928,1645,0,1,0,1646,A
5-NP,929,3,5,1664,0,1672,G
5-NP,930,1,2,0,1681,1684,C
5-NP,931,3,0,0,1704,1707,C
5-NP,932,1715,0,0,0,1715,A
5-NP,933,1718,0,2,0,1720,A
5-NP,934,1821,0,0,0,1821,A
5-NP,935,0,1844,0,0,1844,T
5-NP,936,1851,0,0,0,1851,A
5-NP,937,0,1850,0,0,1850,T
5-NP,938,1827,0,0,0,1827,A
5-NP,939,5,1,2,1821,1829,C
5-NP,940,1790,1,2,0,1793,A
5-NP,941,1,2,1832,2,1837,G
5-NP,942,1,0,1,1832,1834,C
5-NP,943,0,1789,0,1,1790,T
5-NP,944,0,1847,0,0,1847,T
5-NP,945,1854,0,2,0,1856,A
5-NP,946,1860,0,2,0,1862,A
5-NP,947,0,1858,0,0,1858,T
5-NP,948,6,1,2,1843,1852,C
5-NP,949,1815,0,4,0,1819,A
5-NP,950,1,9,1834,1,1845,G
5-NP,951,1840,2,1,0,1843,A
5-NP,952,1,1,1,1868,1871,C
5-NP,953,2,0,0,1849,1851,C
5-NP,954,1,1825,0,0,1826,T
5-NP,955,1846,0,3,0,1849,A
5-NP,956,1842,0,1,1,1844,A
5-NP,957,1,2,2,1837,1842,C
5-NP,958,0,1,1848,2,1851,G
5-NP,959,1815,0,4,0,1819,A
5-NP,960,0,3,1832,0,1835,G
5-NP,961,1823,0,1,0,1824,A
5-NP,962,1848,0,2,0,1850,A
5-NP,963,0,1847,0,0,1847,T
5-NP,964,2,1,0,1831,1834,C
5-NP,965,1,2,0,1842,1845,C
5-NP,966,1821,0,4,1,1826,A
5-NP,967,1,5,1865,0,1871,G
5-NP,968,5,0,0,1870,1875,C
5-NP,969,1891,0,0,0,1891,A
5-NP,970,1,0,3,1905,1909,C
5-NP,971,1887,0,0,0,1887,A
5-NP,972,3,3,1,1891,1898,C
5-NP,973,1899,0,0,0,1899,A
5-NP,974,1904,0,2,0,1906,A
5-NP,975,1,4,1919,2,1926,G
5-NP,976,1910,0,2,0,1912,A
5-NP,977,0,0,1907,3,1910,G
5-NP,978,0,1890,0,3,1893,T
5-NP,979,4,5,3,1868,1880,C
5-NP,980,1854,0,1,0,1855,A
5-NP,981,1,3,1847,0,1851,G
5-NP,982,0,0,1,1853,1854,C
5-NP,983,1,1843,1,1,1846,T
5-NP,984,2,7,1874,0,1883,G
5-NP,985,1,0,1891,0,1892,G
5-NP,986,0,1879,0,2,1881,T
5-NP,987,0,1,1897,0,1898,G
5-NP,988,0,1865,1,2,1868,T
5-NP,989,0,8,1850,1,1859,G
5-NP,990,1,4,1842,2,1849,G
5-NP,991,1814,0,7,0,1821,A
5-NP,992,0,1822,0,1,1823,T
5-NP,993,1,3,1710,0,1714,G
5-NP,994,0,0,1681,0,1681,G
5-NP,995,1,0,0,1632,1633,C
5-NP,996,1,1,1615,0,1617,G
5-NP,997,0,1634,0,0,1634,T
5-NP,998,1,7,1619,0,1627,G
5-NP,999,0,0,4,1634,1638,C
5-NP,1000,3,1,1,1648,1653,C
5-NP,1001,1664,0,0,0,1664,A
5-NP,1002,0,1662,0,3,1665,T
5-NP,1003,0,1625,0,2,1627,T
5-NP,1004,3,0,2,1640,1645,C
5-NP,1005,0,1625,0,1,1626,T
5-NP,1006,0,7,1623,4,1634,G
5-NP,1007,2,0,0,1626,1628,C
5-NP,1008,0,1612,0,1,1613,T
5-NP,1009,0,3,1617,3,1623,G
5-NP,1010,4,0,2,1604,1610,C
5-NP,1011,1595,1,0,0,1596,A
5-NP,1012,0,1600,0,0,1600,T
5-NP,1013,0,1585,0,0,1585,T
5-NP,1014,0,1579,0,0,1579,T
5-NP,1015,0,3,1575,2,1580,G
5-NP,1016,1579,0,0,0,1579,A
5-NP,1017,1579,0,1,0,1580,A
5-NP,1018,0,1,1596,0,1597,G
5-NP,1019,1587,0,1,0,1588,A
5-NP,1020,0,1573,0,1,1574,T
5-NP,1021,0,1571,0,1,1572,T
5-NP,1022,0,1575,0,0,1575,T
5-NP,1023,1577,0,0,0,1577,A
5-NP,1024,1576,0,2,0,1578,A
5-NP,1025,0,0,1575,2,1577,G
5-NP,1026,1572,0,0,0,1572,A
5-NP,1027,0,1568,0,0,1568,T
5-NP,1028,1,1521,0,2,1524,T
5-NP,1029,0,2,1532,3,1537,G
5-NP,1030,0,1527,0,2,1529,T
5-NP,1031,0,1524,0,3,1527,T
5-NP,1032,1528,0,0,0,1528,A
5-NP,1033,1537,0,1,0,1538,A
5-NP,1034,0,1,1554,2,1557,G
5-NP,1035,2,1,1,1557,1561,C
5-NP,1036,0,1529,0,0,1529,T
5-NP,1037,0,1585,0,2,1587,T
5-NP,1038,1,1,2,1594,1598,C
5-NP,1039,1596,0,1,0,1597,A
5-NP,1040,0,1594,0,3,1597,T
5-NP,1041,5,2,4,1591,1602,C
5-NP,1042,1575,0,3,0,1578,A
5-NP,1043,2,2,1566,4,1574,G
5-NP,1044,1557,0,0,0,1557,A
5-NP,1045,0,0,1559,0,1559,G
5-NP,1046,1,2,1550,1,1554,G
5-NP,1047,2,3,1542,0,1547,G
5-NP,1048,1527,0,5,0,1532,A
5-NP,1049,1,0,0,1542,1543,C
5-NP,1050,1535,0,0,0,1535,A
5-NP,1051,1533,0,0,0,1533,A
5-NP,1052,1536,0,0,0,1536,A
5-NP,1053,1537,0,2,0,1539,A
5-NP,1054,0,10,1552,0,1562,G
5-NP,1055,0,1518,0,0,1518,T
5-NP,1056,1519,0,1,0,1520,A
5-NP,1057,0,1504,1,0,1505,T
5-NP,1058,6,1,0,1511,1518,C
5-NP,1059,0,1492,0,0,1492,T
5-NP,1060,1,0,1,1521,1523,C
5-NP,1061,0,0,0,1524,1524,C
5-NP,1062,0,1503,0,1,1504,T
5-NP,1063,2,2,2,1502,1508,C
5-NP,1064,2,4,1494,2,1502,G
5-NP,1065,0,1,1504,1,1506,G
5-NP,1066,1,1,1503,0,1505,G
5-NP,1067,1,3,1497,0,1501,G
5-NP,1068,0,1,1501,0,1502,G
5-NP,1069,1449,0,0,0,1449,A
5-NP,1070,1455,0,1,0,1456,A
5-NP,1071,1446,0,2,0,1448,A
5-NP,1072,0,0,0,1466,1466,C
5-NP,1073,0,1454,0,2,1456,T
5-NP,1074,1,0,1475,0,1476,G
5-NP,1075,0,1459,0,5,1464,T
5-NP,1076,5,0,4,1470,1479,C
5-NP,1077,1501,0,0,1,1502,A
5-NP,1078,1521,0,0,0,1521,A
5-NP,1079,3,0,1,1524,1528,C
5-NP,1080,0,1515,0,2,1517,T
5-NP,1081,1492,0,0,0,1492,A
5-NP,1082,1,1,1489,3,1494,G
5-NP,1083,1464,0,2,0,1466,A
5-NP,1084,1,0,1463,0,1464,G
5-NP,1085,0,2,1476,1,1479,G
5-NP,1086,1400,0,1,0,1401,A
5-NP,1087,0,1,1425,0,1426,G
5-NP,1088,0,1382,1,1,1384,T
5-NP,1089,1375,0,2,0,1377,A
5-NP,1090,1,1,2,1373,1377,C
5-NP,1091,1342,0,1,0,1343,A
5-NP,1092,1342,0,0,0,1342,A
5-NP,1093,1323,0,1,0,1324,A
5-NP,1094,0,1314,0,1,1315,T
5-NP,1095,0,1310,0,1,1311,T
5-NP,1096,0,2,1277,0,1279,G
5-NP,1097,0,1,0,1270,1271,C
5-NP,1098,0,1266,0,1,1267,T
5-NP,1099,0,1264,0,1,1265,T
5-NP,1100,2,1,6,1264,1273,C
5-NP,1101,1267,0,0,0,1267,A
5-NP,1102,1268,0,1,0,1269,A
5-NP,1103,1264,0,0,1,1265,A
5-NP,1104,0,1269,0,0,1269,T
5-NP,1105,0,1,1270,0,1271,G
5-NP,1106,1248,0,5,0,1253,A
5-NP,1107,0,1,1256,0,1257,G
5-NP,1108,1262,0,2,0,1264,A
5-NP,1109,1258,0,0,0,1258,A
5-NP,1110,1,0,3,1264,1268,C
5-NP,1111,1240,0,0,0,1240,A
5-NP,1112,0,1231,0,1,1232,T
5-NP,1113,1,5,1239,0,1245,G
5-NP,1114,1,1,1257,0,1259,G
5-NP,1115,1249,0,2,0,1251,A
5-NP,1116,1,1241,0,0,1242,T
5-NP,1117,1228,0,0,0,1228,A
5-NP,1118,1301,0,0,0,1301,A
5-NP,1119,0,1235,0,0,1235,T
5-NP,1120,1226,0,0,0,1226,A
5-NP,1121,0,1218,0,0,1218,T
5-NP,1122,1,2,1117,0,1120,G
5-NP,1123,0,2,1108,0,1110,G
5-NP,1124,2,3,1103,0,1108,G
5-NP,1125,1099,0,0,0,1099,A
5-NP,1126,0,1095,0,1,1096,T
5-NP,1127,2,0,0,886,888,C
5-NP,1128,0,2,892,0,894,G
5-NP,1129,899,0,0,0,899,A
5-NP,1130,0,0,891,0,891,G
5-NP,1131,6,0,1,879,886,C
5-NP,1132,886,0,1,1,888,A
5-NP,1133,0,0,0,936,936,C
5-NP,1134,0,919,0,1,920,T
5-NP,1135,5,0,1,929,935,C
5-NP,1136,0,930,0,1,931,T
5-NP,1137,0,919,0,2,921,T
5-NP,1138,0,2,921,2,925,G
5-NP,1139,920,0,2,0,922,A
5-NP,1140,926,0,2,0,928,A
5-NP,1141,0,1,1,925,927,C
5-NP,1142,0,815,0,1,816,T
5-NP,1143,2,1,813,0,816,G
5-NP,1144,795,0,0,0,795,A
5-NP,1145,0,0,798,0,798,G
5-NP,1146,798,1,1,0,800,A
5-NP,1147,790,0,0,0,790,A
5-NP,1148,0,0,790,0,790,G
5-NP,1149,1,2,1,745,749,C
5-NP,1150,0,1,750,0,751,G
5-NP,1151,1,0,754,0,755,G
5-NP,1152,0,0,760,0,760,G
5-NP,1153,0,760,0,0,760,T
5-NP,1154,755,0,0,0,755,A
5-NP,1155,1,0,0,756,757,C
5-NP,1156,0,721,0,0,721,T
5-NP,1157,1,1,722,2,726,G
5-NP,1158,0,1,717,0,718,G
5-NP,1159,1,0,719,2,722,G
5-NP,1160,0,0,0,721,721,C
5-NP,1161,2,0,1,700,703,C
5-NP,1162,712,0,1,0,713,A
5-NP,1163,0,711,0,0,711,T
5-NP,1164,714,0,0,0,714,A
5-NP,1165,717,0,0,0,717,A
5-NP,1166,1,0,716,0,717,G
5-NP,1167,0,0,741,0,741,G
5-NP,1168,722,0,0,0,722,A
5-NP,1169,1,1,0,724,726,C
5-NP,1170,4,1,2,714,721,C
5-NP,1171,707,0,0,0,707,A
5-NP,1172,0,0,715,1,716,G
5-NP,1173,1,0,709,2,712,G
5-NP,1174,714,0,0,0,714,A
5-NP,1175,0,1,719,0,720,G
5-NP,1176,0,679,0,0,679,T
5-NP,1177,1,2,674,2,679,G
5-NP,1178,0,0,688,0,688,G
5-NP,1179,677,0,0,1,678,A
5-NP,1180,0,0,683,0,683,G
5-NP,1181,0,0,673,0,673,G
5-NP,1182,643,0,1,0,644,A
5-NP,1183,643,0,0,0,643,A
5-NP,1184,647,0,1,0,648,A
5-NP,1185,0,0,1,646,647,C
5-NP,1186,643,0,0,0,643,A
5-NP,1187,0,0,1,653,654,C
5-NP,1188,0,644,0,0,644,T
5-NP,1189,673,0,1,0,674,A
5-NP,1190,668,0,1,0,669,A
5-NP,1191,0,674,1,1,676,T
5-NP,1192,1,0,1,683,685,C
5-NP,1193,685,0,0,0,685,A
5-NP,1194,691,0,0,0,691,A
5-NP,1195,0,0,0,687,687,C
5-NP,1196,677,0,0,0,677,A
5-NP,1197,1,0,674,0,675,G
5-NP,1198,654,0,1,0,655,A
5-NP,1199,0,0,658,0,658,G
5-NP,1200,0,0,658,0,658,G
5-NP,1201,1,0,648,0,649,G
5-NP,1202,1,0,0,639,640,C
5-NP,1203,1,1,0,629,631,C
5-NP,1204,0,623,0,0,623,T
5-NP,1205,0,1,1,632,634,C
5-NP,1206,3,0,1,630,634,C
5-NP,1207,1,1,636,0,638,G
5-NP,1208,0,0,0,632,632,C
5-NP,1209,631,0,0,0,631,A
5-NP,1210,0,0,645,0,645,G
5-NP,1211,0,0,639,0,639,G
5-NP,1212,0,0,0,643,643,C
5-NP,1213,1,0,0,650,651,C
5-NP,1214,653,0,0,0,653,A
5-NP,1215,654,0,0,0,654,A
5-NP,1216,656,0,0,0,656,A
5-NP,1217,4,0,0,650,654,C
5-NP,1218,0,615,1,3,619,T
5-NP,1219,633,0,0,0,633,A
5-NP,1220,0,0,634,0,634,G
5-NP,1221,0,631,0,0,631,T
5-NP,1222,1,1,635,1,638,G
5-NP,1223,0,624,1,0,625,T
5-NP,1224,1,0,623,1,625,G
5-NP,1225,3,0,2,624,629,C
5-NP,1226,619,1,0,0,620,A
5-NP,1227,621,0,0,0,621,A
5-NP,1228,0,0,0,628,628,C
5-NP,1229,1,0,0,636,637,C
5-NP,1230,0,629,1,1,631,T
5-NP,1231,632,0,2,0,634,A
5-NP,1232,0,1,0,632,633,C
5-NP,1233,0,0,636,1,637,G
5-NP,1234,0,633,0,0,633,T
5-NP,1235,0,649,1,0,650,T
5-NP,1236,0,643,0,0,643,T
5-NP,1237,0,636,1,0,637,T
5-NP,1238,1,0,0,639,640,C
5-NP,1239,0,637,1,1,639,T
5-NP,1240,0,4,657,1,662,G
5-NP,1241,0,658,1,0,659,T
5-NP,1242,659,0,0,0,659,A
5-NP,1243,0,0,3,665,668,C
5-NP,1244,661,0,0,0,661,A
5-NP,1245,656,0,1,0,657,A
5-NP,1246,659,0,0,0,659,A
5-NP,1247,0,2,653,0,655,G
5-NP,1248,657,0,0,0,657,A
5-NP,1249,630,0,0,0,630,A
5-NP,1250,625,0,0,0,625,A
5-NP,1251,0,0,0,648,648,C
5-NP,1252,0,1,0,642,643,C
5-NP,1253,0,635,0,0,635,T
5-NP,1254,0,2,0,633,635,C
5-NP,1255,1,0,0,638,639,C
5-NP,1256,2,1,0,637,640,C
5-NP,1257,641,0,0,0,641,A
5-NP,1258,0,642,1,0,643,T
5-NP,1259,0,648,1,0,649,T
5-NP,1260,0,642,1,0,643,T
5-NP,1261,0,0,647,0,647,G
5-NP,1262,642,0,0,0,642,A
5-NP,1263,644,0,1,0,645,A
5-NP,1264,648,0,0,0,648,A
5-NP,1265,651,0,2,0,653,A
5-NP,1266,0,0,664,0,664,G
5-NP,1267,0,651,0,1,652,T
5-NP,1268,1,0,1,658,660,C
5-NP,1269,660,0,0,0,660,A
5-NP,1270,667,0,0,0,667,A
5-NP,1271,0,0,0,674,674,C
5-NP,1272,2,0,1,676,679,C
5-NP,1273,679,0,1,0,680,A
5-NP,1274,0,678,0,1,679,T
5-NP,1275,1,0,0,682,683,C
5-NP,1276,681,0,0,0,681,A
5-NP,1277,0,683,0,0,683,T
5-NP,1278,1,1,689,0,691,G
5-NP,1279,0,0,689,0,689,G
5-NP,1280,2,1,1,687,691,C
5-NP,1281,682,0,1,0,683,A
5-NP,1282,0,0,686,0,686,G
5-NP,1283,0,0,2,670,672,C
5-NP,1284,678,0,1,0,679,A
5-NP,1285,0,679,1,2,682,T
5-NP,1286,0,671,2,0,673,T
5-NP,1287,1,0,1,674,676,C
5-NP,1288,674,0,0,0,674,A
5-NP,1289,2,0,0,675,677,C
5-NP,1290,0,675,0,0,675,T
5-NP,1291,1,2,686,1,690,G
5-NP,1292,1,1,691,0,693,G
5-NP,1293,691,0,1,0,692,A
5-NP,1294,691,0,0,0,691,A
5-NP,1295,689,0,0,0,689,A
5-NP,1296,0,669,0,0,669,T
5-NP,1297,666,0,0,0,666,A
5-NP,1298,3,1,0,662,666,C
5-NP,1299,0,0,660,0,660,G
5-NP,1300,0,4,655,0,659,G
5-NP,1301,650,0,0,0,650,A
5-NP,1302,0,0,655,0,655,G
5-NP,1303,0,0,651,0,651,G
5-NP,1304,0,0,645,0,645,G
5-NP,1305,635,0,1,0,636,A
5-NP,1306,636,0,0,0,636,A
5-NP,1307,0,1,639,0,640,G
5-NP,1308,635,0,0,0,635,A
5-NP,1309,633,0,0,0,633,A
5-NP,1310,0,0,0,640,640,C
5-NP,1311,0,621,0,2,623,T
5-NP,1312,0,633,0,1,634,T
5-NP,1313,2,0,0,635,637,C
5-NP,1314,637,0,0,0,637,A
5-NP,1315,0,0,638,1,639,G
5-NP,1316,634,0,0,0,634,A
5-NP,1317,1,0,1,636,638,C
5-NP,1318,640,0,0,0,640,A
5-NP,1319,0,628,0,0,628,T
5-NP,1320,0,0,629,1,630,G
5-NP,1321,622,0,1,0,623,A
5-NP,1322,0,1,628,0,629,G
5-NP,1323,0,1,626,0,627,G
5-NP,1324,0,1,626,0,627,G
5-NP,1325,3,0,1,620,624,C
5-NP,1326,605,0,1,0,606,A
5-NP,1327,1,0,609,1,611,G
5-NP,1328,610,0,0,0,610,A
5-NP,1329,610,0,1,0,611,A
5-NP,1330,608,0,1,0,609,A
5-NP,1331,0,602,0,1,603,T
5-NP,1332,1,0,0,599,600,C
5-NP,1333,599,0,0,0,599,A
5-NP,1334,0,596,0,0,596,T
5-NP,1335,599,0,0,0,599,A
5-NP,1336,598,0,0,0,598,A
5-NP,1337,0,3,606,0,609,G
5-NP,1338,597,1,1,0,599,A
5-NP,1339,604,0,0,0,604,A
5-NP,1340,0,590,0,0,590,T
5-NP,1341,1,1,593,0,595,G
5-NP,1342,594,0,0,0,594,A
5-NP,1343,0,588,0,0,588,T
5-NP,1344,0,1,585,0,586,G
5-NP,1345,1,2,585,1,589,G
5-NP,1346,559,0,1,0,560,A
5-NP,1347,553,0,0,0,553,A
5-NP,1348,0,0,547,0,547,G
5-NP,1349,0,0,560,0,560,G
5-NP,1350,0,527,0,2,529,T
5-NP,1351,0,1,533,0,534,G
5-NP,1352,1,0,1,530,532,C
5-NP,1353,532,0,0,0,532,A
5-NP,1354,535,0,0,0,535,A
5-NP,1355,532,0,0,0,532,A
5-NP,1356,543,0,2,0,545,A
5-NP,1357,1,0,0,549,550,C
5-NP,1358,3,1,1,540,545,C
5-NP,1359,541,0,0,0,541,A
5-NP,1360,1,1,537,4,543,G
5-NP,1361,540,0,2,0,542,A
5-NP,1362,538,0,0,0,538,A
5-NP,1363,0,1,542,0,543,G
5-NP,1364,539,0,1,0,540,A
5-NP,1365,517,0,0,0,517,A
5-NP,1366,0,0,527,1,528,G
5-NP,1367,0,516,0,1,517,T
5-NP,1368,0,1,523,0,524,G
5-NP,1369,0,512,0,1,513,T
5-NP,1370,1,0,2,515,518,C
5-NP,1371,523,0,0,0,523,A
5-NP,1372,0,521,0,0,521,T
5-NP,1373,0,516,0,0,516,T
5-NP,1374,0,0,0,518,518,C
5-NP,1375,3,0,0,507,510,C
5-NP,1376,1,1,509,0,511,G
5-NP,1377,0,1,509,0,510,G
5-NP,1378,0,0,506,0,506,G
5-NP,1379,0,0,507,2,509,G
5-NP,1380,472,1,0,0,473,A
5-NP,1381,474,0,0,0,474,A
5-NP,1382,0,0,480,0,480,G
5-NP,1383,0,0,480,0,480,G
5-NP,1384,0,2,475,0,477,G
5-NP,1385,0,0,476,0,476,G
5-NP,1386,472,0,1,0,473,A
5-NP,1387,0,0,480,0,480,G
5-NP,1388,0,455,0,0,455,T
5-NP,1389,0,454,0,1,455,T
5-NP,1390,0,454,0,0,454,T
5-NP,1391,0,451,0,0,451,T
5-NP,1392,0,0,0,451,451,C
5-NP,1393,0,1,448,0,449,G
5-NP,1394,444,0,0,0,444,A
5-NP,1395,0,0,453,0,453,G
5-NP,1396,1,0,0,448,449,C
5-NP,1397,0,448,0,2,450,T
5-NP,1398,0,0,0,454,454,C
5-NP,1399,0,452,0,0,452,T
5-NP,1400,1,0,1,455,457,C
5-NP,1401,458,0,1,0,459,A
5-NP,1402,0,1,459,1,461,G
5-NP,1403,460,0,0,0,460,A
5-NP,1404,1,1,1,454,457,C
5-NP,1405,0,1,460,0,461,G
5-NP,1406,452,0,0,0,452,A
5-NP,1407,0,1,448,3,452,G
5-NP,1408,436,0,0,0,436,A
5-NP,1409,437,0,0,0,437,A
5-NP,1410,0,0,434,0,434,G
5-NP,1411,0,0,429,0,429,G
5-NP,1412,1,1,0,423,425,C
5-NP,1413,421,0,1,0,422,A
5-NP,1414,428,0,0,0,428,A
5-NP,1415,1,0,2,424,427,C
5-NP,1416,0,0,428,1,429,G
5-NP,1417,427,0,0,0,427,A
5-NP,1418,420,0,0,0,420,A
5-NP,1419,0,1,0,426,427,C
5-NP,1420,1,0,0,423,424,C
5-NP,1421,1,0,0,423,424,C
5-NP,1422,0,0,422,1,423,G
5-NP,1423,425,0,0,0,425,A
5-NP,1424,0,424,0,0,424,T
5-NP,1425,0,0,0,419,419,C
5-NP,1426,0,0,420,0,420,G
5-NP,1427,0,411,0,0,411,T
5-NP,1428,0,0,414,0,414,G
5-NP,1429,0,0,2,412,414,C
5-NP,1430,1,0,0,412,413,C
5-NP,1431,0,0,0,416,416,C
5-NP,1432,0,409,0,0,409,T
5-NP,1433,2,2,1,418,423,C
5-NP,1434,0,421,0,1,422,T
5-NP,1435,0,424,0,1,425,T
5-NP,1436,0,423,0,0,423,T
5-NP,1437,0,422,0,0,422,T
5-NP,1438,1,0,422,0,423,G
5-NP,1439,418,0,1,0,419,A
5-NP,1440,0,413,0,0,413,T
5-NP,1441,418,0,0,0,418,A
5-NP,1442,0,348,0,0,348,T
5-NP,1443,0,0,352,0,352,G
5-NP,1444,347,0,1,0,348,A
5-NP,1445,0,0,346,0,346,G
5-NP,1446,0,350,0,0,350,T
5-NP,1447,334,0,0,0,334,A
5-NP,1448,331,0,1,0,332,A
5-NP,1449,0,331,0,0,331,T
5-NP,1450,0,1,325,1,327,G
5-NP,1451,320,0,1,0,321,A
5-NP,1452,275,0,2,0,277,A
5-NP,1453,0,0,274,0,274,G
5-NP,1454,0,2,255,0,257,G
5-NP,1455,246,0,0,0,246,A
5-NP,1456,0,246,0,0,246,T
5-NP,1457,1,0,0,242,243,C
5-NP,1458,0,233,0,0,233,T
5-NP,1459,0,232,0,0,232,T
5-NP,1460,231,0,0,0,231,A
5-NP,1461,0,229,0,0,229,T
5-NP,1462,0,227,0,1,228,T
5-NP,1463,0,224,0,0,224,T
5-NP,1464,0,0,0,222,222,C
5-NP,1465,0,214,0,1,215,T
5-NP,1466,0,212,0,1,213,T
5-NP,1467,2,1,1,209,213,C
5-NP,1468,0,1,211,0,212,G
5-NP,1469,0,0,213,0,213,G
5-NP,1470,208,0,2,0,210,A
5-NP,1471,0,0,210,0,210,G
5-NP,1472,209,0,1,0,210,A
5-NP,1473,0,0,0,207,207,C
5-NP,1474,182,0,0,0,182,A
5-NP,1475,181,0,0,0,181,A
5-NP,1476,0,178,0,0,178,T
5-NP,1477,0,0,182,0,182,G
5-NP,1478,0,0,1,181,182,C
5-NP,1479,177,0,0,0,177,A
5-NP,1480,0,0,179,0,179,G
5-NP,1481,179,0,0,0,179,A
5-NP,1482,162,0,1,0,163,A
5-NP,1483,1,0,164,0,165,G
5-NP,1484,103,0,0,0,103,A
5-NP,1485,0,0,103,0,103,G
5-NP,1486,0,95,0,0,95,T
5-NP,1487,93,0,0,0,93,A
5-NP,1488,0,0,2,92,94,C
5-NP,1489,0,0,76,0,76,G
5-NP,1490,75,0,0,0,75,A
5-NP,1491,1,0,3,70,74,C
5-NP,1492,58,0,0,0,58,A
5-NP,1493,58,0,0,0,58,A
5-NP,1494,0,46,0,1,47,T
5-NP,1495,0,45,0,0,45,T
5-NP,1496,45,0,0,0,45,A
5-NP,1497,44,0,0,0,44,A
6-NA,1,2,0,0,0,2,A
6-NA,2,0,2,0,0,2,T
6-NA,3,0,0,3,0,3,G
6-NA,4,3,0,0,0,3,A
6-NA,5,3,0,0,0,3,A
6-NA,6,0,3,0,0,3,T
6-NA,7,0,0,0,3,3,C
6-NA,8,0,0,0,3,3,C
6-NA,9,3,0,0,0,3,A
6-NA,10,4,0,0,0,4,A
6-NA,11,5,0,0,0,5,A
6-NA,12,0,5,0,0,5,T
6-NA,13,0,0,0,5,5,C
6-NA,14,5,0,0,0,5,A
6-NA,15,4,0,0,0,4,A
6-NA,16,5,0,0,0,5,A
6-NA,17,5,0,0,0,5,A
6-NA,18,0,0,6,0,6,G
6-NA,19,5,0,0,0,5,A
6-NA,20,0,6,0,0,6,T
6-NA,21,6,0,0,0,6,A
6-NA,22,6,0,0,0,6,A
6-NA,23,0,6,0,0,6,T
6-NA,24,6,0,0,0,6,A
6-NA,25,7,0,0,0,7,A
6-NA,26,0,0,0,7,7,C
6-NA,27,0,0,7,0,7,G
6-NA,28,7,0,0,0,7,A
6-NA,29,0,7,0,0,7,T
6-NA,30,0,7,0,0,7,T
6-NA,31,0,0,7,0,7,G
6-NA,32,0,0,7,0,7,G
6-NA,33,0,0,0,7,7,C
6-NA,34,0,7,0,0,7,T
6-NA,35,0,0,0,7,7,C
6-NA,36,0,7,0,0,7,T
6-NA,37,0,0,7,0,7,G
6-NA,38,0,7,0,0,7,T
6-NA,39,0,6,0,0,6,T
6-NA,40,0,7,0,0,7,T
6-NA,41,0,0,0,8,8,C
6-NA,42,0,8,0,0,8,T
6-NA,43,0,0,0,8,8,C
6-NA,44,0,8,0,0,8,T
6-NA,45,0,0,0,7,7,C
6-NA,46,8,0,0,0,8,A
6-NA,47,0,0,0,9,9,C
6-NA,48,0,0,0,9,9,C
6-NA,49,9,0,0,0,9,A
6-NA,50,0,9,0,0,9,T
6-NA,51,0,9,0,0,9,T
6-NA,52,0,9,0,0,9,T
6-NA,53,0,0,0,11,11,C
6-NA,54,0,0,0,10,10,C
6-NA,55,11,0,0,0,11,A
6-NA,56,0,0,0,12,12,C
6-NA,57,12,0,0,0,12,A
6-NA,58,13,0,0,0,13,A
6-NA,59,0,13,0,0,13,T
6-NA,60,12,0,0,0,12,A
6-NA,61,0,13,0,0,13,T
6-NA,62,0,0,13,0,13,G
6-NA,63,0,0,0,13,13,C
6-NA,64,0,13,0,0,13,T
6-NA,65,0,13,0,0,13,T
6-NA,66,0,0,0,13,13,C
6-NA,67,0,13,0,0,13,T
6-NA,68,0,13,0,0,13,T
6-NA,69,0,0,0,13,13,C
6-NA,70,13,0,0,0,13,A
6-NA,71,0,13,0,0,13,T
6-NA,72,0,0,13,0,13,G
6-NA,73,0,0,0,13,13,C
6-NA,74,13,0,0,0,13,A
6-NA,75,12,0,0,0,12,A
6-NA,76,13,0,0,0,13,A
6-NA,77,0,13,0,0,13,T
6-NA,78,0,13,0,0,13,T
6-NA,79,0,0,14,0,14,G
6-NA,80,0,0,0,14,14,C
6-NA,81,0,0,0,14,14,C
6-NA,82,14,0,0,0,14,A
6-NA,83,0,14,0,0,14,T
6-NA,84,0,0,0,15,15,C
6-NA,85,0,15,0,0,15,T
6-NA,86,0,15,0,0,15,T
6-NA,87,0,0,16,0,16,G
6-NA,88,16,0,0,0,16,A
6-NA,89,0,16,0,0,16,T
6-NA,90,15,0,0,0,15,A
6-NA,91,16,0,0,0,16,A
6-NA,92,0,0,0,16,16,C
6-NA,93,0,17,0,0,17,T
6-NA,94,17,0,0,0,17,A
6-NA,95,0,0,0,17,17,C
6-NA,96,0,16,0,0,16,T
6-NA,97,0,0,17,0,17,G
6-NA,98,0,17,0,0,17,T
6-NA,99,17,0,0,0,17,A
6-NA,100,17,0,0,0,17,A
6-NA,101,0,0,0,17,17,C
6-NA,102,18,0,0,0,18,A
6-NA,103,0,18,0,0,18,T
6-NA,104,0,18,0,0,18,T
6-NA,105,0,0,18,0,18,G
6-NA,106,18,0,0,0,18,A
6-NA,107,20,0,0,0,20,A
6-NA,108,0,20,0,0,20,T
6-NA,109,0,19,0,0,19,T
6-NA,110,0,20,0,0,20,T
6-NA,111,0,0,0,20,20,C
6-NA,112,20,0,0,0,20,A
6-NA,113,20,0,0,0,20,A
6-NA,114,0,0,20,0,20,G
6-NA,115,1,0,0,19,20,C
6-NA,116,20,0,0,0,20,A
6-NA,117,21,0,0,0,21,A
6-NA,118,0,21,0,0,21,T
6-NA,119,21,0,0,0,21,A
6-NA,120,0,21,0,0,21,T
6-NA,121,0,0,22,0,22,G
6-NA,122,22,0,0,0,22,A
6-NA,123,22,0,0,0,22,A
6-NA,124,0,21,0,0,21,T
6-NA,125,0,22,0,0,22,T
6-NA,126,0,0,0,21,21,C
6-NA,127,22,0,0,0,22,A
6-NA,128,22,0,0,0,22,A
6-NA,129,0,0,0,22,22,C
6-NA,130,0,21,0,0,21,T
6-NA,131,0,0,0,22,22,C
6-NA,132,0,0,0,22,22,C
6-NA,133,0,21,0,0,21,T
6-NA,134,0,0,0,24,24,C
6-NA,135,0,0,0,22,22,C
6-NA,136,0,0,0,24,24,C
6-NA,137,0,0,0,24,24,C
6-NA,138,25,0,0,0,25,A
6-NA,139,25,0,0,0,25,A
6-NA,140,24,0,0,0,24,A
6-NA,141,0,0,0,27,27,C
6-NA,142,28,0,0,0,28,A
6-NA,143,27,0,0,0,27,A
6-NA,144,0,0,0,28,28,C
6-NA,145,0,0,0,28,28,C
6-NA,146,29,0,0,0,29,A
6-NA,147,28,0,0,0,28,A
6-NA,148,0,0,29,0,29,G
6-NA,149,0,29,0,0,29,T
6-NA,150,0,0,29,0,29,G
6-NA,151,30,0,0,0,30,A
6-NA,152,0,30,0,0,30,T
6-NA,153,0,0,29,1,30,G
6-NA,154,0,0,0,30,30,C
6-NA,155,0,29,0,0,29,T
6-NA,156,0,0,30,0,30,G
6-NA,157,0,30,0,0,30,T
6-NA,158,0,0,30,0,30,G
6-NA,159,0,29,0,0,29,T
6-NA,160,0,0,30,0,30,G
6-NA,161,28,0,0,0,28,A
6-NA,162,28,0,1,0,29,A
6-NA,163,0,0,0,29,29,C
6-NA,164,0,0,0,30,30,C
6-NA,165,29,0,0,0,29,A
6-NA,166,29,0,0,0,29,A
6-NA,167,0,0,0,29,29,C
6-NA,168,28,0,0,0,28,A
6-NA,169,30,0,0,0,30,A
6-NA,170,0,30,0,0,30,T
6-NA,171,30,0,0,0,30,A
6-NA,172,30,0,0,0,30,A
6-NA,173,0,30,0,0,30,T
6-NA,174,30,0,0,0,30,A
6-NA,175,0,0,30,0,30,G
6-NA,176,29,0,0,0,29,A
6-NA,177,29,0,0,0,29,A
6-NA,178,29,0,0,0,29,A
6-NA,179,0,0,28,0,28,G
6-NA,180,0,0,28,0,28,G
6-NA,181,30,0,0,0,30,A
6-NA,182,31,0,0,0,31,A
6-NA,183,0,0,0,30,30,C
6-NA,184,30,0,0,0,30,A
6-NA,185,0,30,0,0,30,T
6-NA,186,30,0,0,0,30,A
6-NA,187,31,0,0,0,31,A
6-NA,188,1,0,0,29,30,C
6-NA,189,28,0,0,0,28,A
6-NA,190,0,0,27,1,28,G
6-NA,191,29,0,0,0,29,A
6-NA,192,0,0,28,0,28,G
6-NA,193,30,0,0,0,30,A
6-NA,194,0,30,0,0,30,T
6-NA,195,29,0,0,0,29,A
6-NA,196,0,0,29,0,29,G
6-NA,197,0,27,0,0,27,T
6-NA,198,0,0,30,0,30,G
6-NA,199,0,28,0,0,28,T
6-NA,200,28,0,0,0,28,A
6-NA,201,0,27,0,0,27,T
6-NA,202,0,0,0,29,29,C
6-NA,203,0,28,0,0,28,T
6-NA,204,1,0,31,0,32,G
6-NA,205,31,0,0,0,31,A
6-NA,206,0,0,0,33,33,C
6-NA,207,0,0,0,32,32,C
6-NA,208,34,0,0,0,34,A
6-NA,209,33,0,0,0,33,A
6-NA,210,0,0,0,32,32,C
6-NA,211,32,0,0,0,32,A
6-NA,212,0,0,0,36,36,C
6-NA,213,0,0,0,36,36,C
6-NA,214,37,0,0,0,37,A
6-NA,215,0,0,0,36,36,C
6-NA,216,0,0,0,36,36,C
6-NA,217,38,0,0,0,38,A
6-NA,218,0,37,0,0,37,T
6-NA,219,37,0,1,0,38,A
6-NA,220,0,0,38,0,38,G
6-NA,221,36,0,0,0,36,A
6-NA,222,0,0,35,1,36,G
6-NA,223,35,0,0,0,35,A
6-NA,224,37,0,0,0,37,A
6-NA,225,0,0,37,0,37,G
6-NA,226,0,0,38,0,38,G
6-NA,227,36,0,0,0,36,A
6-NA,228,37,0,0,0,37,A
6-NA,229,36,0,0,0,36,A
6-NA,230,0,38,0,0,38,T
6-NA,231,38,0,0,0,38,A
6-NA,232,0,36,0,0,36,T
6-NA,233,0,0,37,0,37,G
6-NA,234,0,0,0,36,36,C
6-NA,235,0,0,0,35,35,C
6-NA,236,0,0,0,38,38,C
6-NA,237,0,0,0,36,36,C
6-NA,238,35,0,0,0,35,A
6-NA,239,39,0,0,0,39,A
6-NA,240,38,0,0,0,38,A
6-NA,241,1,0,0,39,40,C
6-NA,242,0,39,0,0,39,T
6-NA,243,39,0,0,0,39,A
6-NA,244,0,0,38,0,38,G
6-NA,245,1,0,0,35,36,C
6-NA,246,38,0,0,0,38,A
6-NA,247,0,0,40,0,40,G
6-NA,248,40,0,0,0,40,A
6-NA,249,39,0,0,0,39,A
6-NA,250,0,39,0,0,39,T
6-NA,251,39,0,0,0,39,A
6-NA,252,0,0,0,38,38,C
6-NA,253,38,0,0,0,38,A
6-NA,254,0,0,37,0,37,G
6-NA,255,39,0,0,0,39,A
6-NA,256,39,0,0,0,39,A
6-NA,257,38,0,0,0,38,A
6-NA,258,0,37,0,0,37,T
6-NA,259,0,36,0,0,36,T
6-NA,260,0,0,35,0,35,G
6-NA,261,0,0,35,0,35,G
6-NA,262,0,36,0,0,36,T
6-NA,263,0,0,0,37,37,C
6-NA,264,36,0,0,0,36,A
6-NA,265,40,0,0,0,40,A
6-NA,266,39,0,0,0,39,A
6-NA,267,0,0,40,0,40,G
6-NA,268,0,0,0,40,40,C
6-NA,269,0,0,0,40,40,C
6-NA,270,0,0,40,0,40,G
6-NA,271,0,0,0,40,40,C
6-NA,272,41,0,0,0,41,A
6-NA,273,40,0,0,0,40,A
6-NA,274,0,40,0,0,40,T
6-NA,275,0,0,40,0,40,G
6-NA,276,0,40,0,0,40,T
6-NA,277,0,0,41,0,41,G
6-NA,278,41,0,0,0,41,A
6-NA,279,1,0,0,40,41,C
6-NA,280,41,0,0,0,41,A
6-NA,281,0,40,0,0,40,T
6-NA,282,0,41,0,0,41,T
6-NA,283,39,0,0,0,39,A
6-NA,284,0,0,0,39,39,C
6-NA,285,40,0,0,0,40,A
6-NA,286,0,0,39,0,39,G
6-NA,287,0,0,39,0,39,G
6-NA,288,41,0,0,0,41,A
6-NA,289,0,41,0,0,41,T
6-NA,290,0,39,0,0,39,T
6-NA,291,0,38,0,0,38,T
6-NA,292,0,0,38,0,38,G
6-NA,293,0,0,0,39,39,C
6-NA,294,39,0,0,0,39,A
6-NA,295,0,0,1,38,39,C
6-NA,296,0,0,0,37,37,C
6-NA,297,0,38,0,0,38,T
6-NA,298,0,38,0,0,38,T
6-NA,299,0,38,0,0,38,T
6-NA,300,0,38,0,0,38,T
6-NA,301,0,38,0,0,38,T
6-NA,302,0,0,0,38,38,C
6-NA,303,0,39,0,0,39,T
6-NA,304,39,0,0,0,39,A
6-NA,305,38,0,0,0,38,A
6-NA,306,0,0,41,0,41,G
6-NA,307,0,0,41,0,41,G
6-NA,308,40,0,0,0,40,A
6-NA,309,0,0,0,40,40,C
6-NA,310,41,0,0,0,41,A
6-NA,311,40,0,0,0,40,A
6-NA,312,0,40,0,0,40,T
6-NA,313,0,40,0,0,40,T
6-NA,314,0,0,0,39,39,C
6-NA,315,0,0,40,0,40,G
6-NA,316,40,0,0,0,40,A
6-NA,317,0,40,0,0,40,T
6-NA,318,0,40,0,0,40,T
6-NA,319,39,0,0,0,39,A
6-NA,320,0,0,39,0,39,G
6-NA,321,0,0,38,0,38,G
6-NA,322,0,0,0,40,40,C
6-NA,323,0,36,0,0,36,T
6-NA,324,0,37,0,0,37,T
6-NA,325,0,37,0,0,37,T
6-NA,326,0,0,0,36,36,C
6-NA,327,0,0,0,37,37,C
6-NA,328,0,0,36,0,36,G
6-NA,329,0,0,0,36,36,C
6-NA,330,0,36,0,1,37,T
6-NA,331,0,0,37,0,37,G
6-NA,332,0,0,36,0,36,G
6-NA,333,0,37,0,0,37,T
6-NA,334,0,0,37,0,37,G
6-NA,335,0,0,35,0,35,G
6-NA,336,0,0,36,0,36,G
6-NA,337,0,0,36,0,36,G
6-NA,338,37,0,0,0,37,A
6-NA,339,0,0,0,38,38,C
6-NA,340,36,0,0,0,36,A
6-NA,341,0,37,0,0,37,T
6-NA,342,0,0,0,37,37,C
6-NA,343,0,36,0,0,36,T
6-NA,344,0,0,37,0,37,G
6-NA,345,0,0,36,0,36,G
6-NA,346,0,0,37,0,37,G
6-NA,347,0,37,0,0,37,T
6-NA,348,0,0,35,0,35,G
6-NA,349,36,0,0,0,36,A
6-NA,350,0,0,0,36,36,C
6-NA,351,37,0,0,0,37,A
6-NA,352,40,0,0,0,40,A
6-NA,353,0,0,42,0,42,G
6-NA,354,42,0,0,0,42,A
6-NA,355,0,0,49,0,49,G
6-NA,356,51,0,0,0,51,A
6-NA,357,64,0,0,0,64,A
6-NA,358,0,0,0,107,107,C
6-NA,359,0,0,0,124,124,C
6-NA,360,0,125,0,0,125,T
6-NA,361,0,129,0,1,130,T
6-NA,362,128,0,0,0,128,A
6-NA,363,0,130,0,0,130,T
6-NA,364,0,1,178,0,179,G
6-NA,365,0,180,1,0,181,T
6-NA,366,0,0,189,0,189,G
6-NA,367,0,189,0,0,189,T
6-NA,368,0,0,0,192,192,C
6-NA,369,197,1,0,2,200,A
6-NA,370,0,202,0,0,202,T
6-NA,371,0,3,197,1,201,G
6-NA,372,0,0,0,202,202,C
6-NA,373,0,1,203,0,204,G
6-NA,374,265,0,0,0,265,A
6-NA,375,0,266,0,0,266,T
6-NA,376,0,0,0,291,291,C
6-NA,377,0,0,0,301,301,C
6-NA,378,0,313,0,0,313,T
6-NA,379,1,1,315,3,320,G
6-NA,380,320,0,2,0,322,A
6-NA,381,0,1,0,322,323,C
6-NA,382,324,0,0,0,324,A
6-NA,383,330,0,1,0,331,A
6-NA,384,0,0,363,0,363,G
6-NA,385,0,360,0,0,360,T
6-NA,386,0,0,384,0,384,G
6-NA,387,0,390,0,0,390,T
6-NA,388,0,391,0,0,391,T
6-NA,389,391,0,0,0,391,A
6-NA,390,0,392,0,0,392,T
6-NA,391,0,0,0,407,407,C
6-NA,392,409,0,0,0,409,A
6-NA,393,412,1,0,0,413,A
6-NA,394,0,410,0,1,411,T
6-NA,395,0,410,0,2,412,T
6-NA,396,0,414,0,0,414,T
6-NA,397,0,1,429,1,431,G
6-NA,398,0,0,0,498,498,C
6-NA,399,0,0,0,498,498,C
6-NA,400,0,0,0,507,507,C
6-NA,401,0,511,0,0,511,T
6-NA,402,0,516,0,0,516,T
6-NA,403,2,5,540,2,549,G
6-NA,404,0,1,553,1,555,G
6-NA,405,557,0,0,0,557,A
6-NA,406,0,1,0,559,560,C
6-NA,407,545,0,2,0,547,A
6-NA,408,0,0,583,0,583,G
6-NA,409,0,1,574,0,575,G
6-NA,410,0,1,575,0,576,G
6-NA,411,1,5,560,1,567,G
6-NA,412,606,0,0,0,606,A
6-NA,413,0,1,0,615,616,C
6-NA,414,620,0,1,0,621,A
6-NA,415,768,0,1,0,769,A
6-NA,416,1,0,0,787,788,C
6-NA,417,782,0,0,0,782,A
6-NA,418,0,1,0,806,807,C
6-NA,419,0,804,0,0,804,T
6-NA,420,810,0,2,0,812,A
6-NA,421,816,0,1,0,817,A
6-NA,422,823,0,0,0,823,A
6-NA,423,0,0,0,826,826,C
6-NA,424,810,0,0,0,810,A
6-NA,425,812,0,1,0,813,A
6-NA,426,0,1,0,823,824,C
6-NA,427,0,0,829,0,829,G
6-NA,428,0,818,0,1,819,T
6-NA,429,1,4,826,0,831,G
6-NA,430,1,0,0,856,857,C
6-NA,431,858,0,0,0,858,A
6-NA,432,0,861,0,1,862,T
6-NA,433,0,861,0,2,863,T
6-NA,434,3,0,0,917,920,C
6-NA,435,957,0,0,0,957,A
6-NA,436,975,0,1,0,976,A
6-NA,437,973,0,0,0,973,A
6-NA,438,0,979,0,0,979,T
6-NA,439,978,0,0,0,978,A
6-NA,440,1056,0,0,0,1056,A
6-NA,441,2,1,1,1062,1066,C
6-NA,442,1065,0,0,0,1065,A
6-NA,443,1,0,1,1086,1088,C
6-NA,444,1068,0,0,0,1068,A
6-NA,445,0,1,1278,3,1282,G
6-NA,446,0,1282,0,0,1282,T
6-NA,447,1316,0,0,0,1316,A
6-NA,448,1,2,0,1321,1324,C
6-NA,449,1,0,1322,1,1324,G
6-NA,450,0,1363,0,1,1364,T
6-NA,451,1,5,1360,1,1367,G
6-NA,452,1373,1,2,0,1376,A
6-NA,453,0,1391,0,0,1391,T
6-NA,454,1328,0,0,0,1328,A
6-NA,455,1,3,1324,0,1328,G
6-NA,456,1,1,1318,5,1325,G
6-NA,457,1333,0,2,0,1335,A
6-NA,458,2,3,1,1362,1368,C
6-NA,459,1,0,0,1347,1348,C
6-NA,460,0,0,0,1364,1364,C
6-NA,461,1,0,0,1380,1381,C
6-NA,462,0,1408,0,0,1408,T
6-NA,463,0,1426,0,2,1428,T
6-NA,464,1446,0,0,0,1446,A
6-NA,465,0,1434,0,2,1436,T
6-NA,466,3,0,2,1445,1450,C
6-NA,467,3,3,1437,0,1443,G
6-NA,468,0,2,1431,1,1434,G
6-NA,469,1445,0,1,0,1446,A
6-NA,470,1,0,2,1462,1465,C
6-NA,471,2,1,0,1451,1454,C
6-NA,472,3,0,0,1534,1537,C
6-NA,473,0,1523,0,0,1523,T
6-NA,474,1557,0,0,0,1557,A
6-NA,475,0,1556,0,0,1556,T
6-NA,476,0,1562,0,2,1564,T
6-NA,477,1,4,1562,2,1569,G
6-NA,478,1560,0,1,0,1561,A
6-NA,479,0,1561,0,0,1561,T
6-NA,480,2,3,1563,2,1570,G
6-NA,481,1515,0,0,0,1515,A
6-NA,482,1527,0,1,0,1528,A
6-NA,483,0,1529,0,0,1529,T
6-NA,484,2,4,1547,1,1554,G
6-NA,485,1560,0,1,0,1561,A
6-NA,486,1,3,1587,1,1592,G
6-NA,487,0,1583,0,3,1586,T
6-NA,488,0,1595,0,0,1595,T
6-NA,489,1588,1,0,0,1589,A
6-NA,490,1,1,1594,0,1596,G
6-NA,491,1,3,1590,1,1595,G
6-NA,492,1,1573,0,2,1576,T
6-NA,493,2,7,1585,4,1598,G
6-NA,494,0,1572,0,5,1577,T
6-NA,495,0,1564,0,3,1567,T
6-NA,496,0,2,1,1581,1584,C
6-NA,497,3,0,0,1595,1598,C
6-NA,498,0,1598,0,1,1599,T
6-NA,499,0,1604,0,1,1605,T
6-NA,500,0,1599,0,0,1599,T
6-NA,501,0,1603,0,0,1603,T
6-NA,502,2,0,1,1607,1610,C
6-NA,503,1603,0,0,0,1603,A
6-NA,504,0,1637,0,1,1638,T
6-NA,505,2,1,4,1632,1639,C
6-NA,506,0,1616,0,0,1616,T
6-NA,507,1,5,1608,0,1614,G
6-NA,508,0,1,1603,0,1604,G
6-NA,509,3,0,1622,0,1625,G
6-NA,510,0,4,1626,1,1631,G
6-NA,511,1631,0,1,0,1632,A
6-NA,512,0,0,0,1641,1641,C
6-NA,513,3,2,1,1603,1609,C
6-NA,514,1633,0,0,0,1633,A
6-NA,515,1632,0,1,0,1633,A
6-NA,516,1,1,1631,1,1634,G
6-NA,517,3,0,4,1630,1637,C
6-NA,518,1625,0,2,0,1627,A
6-NA,519,1690,0,2,0,1692,A
6-NA,520,0,2,1688,0,1690,G
6-NA,521,0,1679,0,0,1679,T
6-NA,522,4,0,1,1668,1673,C
6-NA,523,0,1723,0,1,1724,T
6-NA,524,2,6,1794,1,1803,G
6-NA,525,2,1,2,1806,1811,C
6-NA,526,1819,0,0,0,1819,A
6-NA,527,0,1829,1,3,1833,T
6-NA,528,1790,0,1,0,1791,A
6-NA,529,1,7,1827,4,1839,G
6-NA,530,3,0,3,1820,1826,C
6-NA,531,1819,0,0,0,1819,A
6-NA,532,0,1823,1,1,1825,T
6-NA,533,0,6,1783,3,1792,G
6-NA,534,1,2,1857,0,1860,G
6-NA,535,0,1855,0,3,1858,T
6-NA,536,4,0,1,1849,1854,C
6-NA,537,7,1,1,1849,1858,C
6-NA,538,1847,1,1,0,1849,A
6-NA,539,0,2,1877,2,1881,G
6-NA,540,3,1,1,1873,1878,C
6-NA,541,0,1890,0,2,1892,T
6-NA,542,2,0,2,1888,1892,C
6-NA,543,1855,0,0,0,1855,A
6-NA,544,1873,0,1,0,1874,A
6-NA,545,0,0,1884,1,1885,G
6-NA,546,0,1889,0,0,1889,T
6-NA,547,0,1882,0,0,1882,T
6-NA,548,2,4,1875,4,1885,G
6-NA,549,0,1887,0,2,1889,T
6-NA,550,6,1,0,1877,1884,C
6-NA,551,1883,0,3,0,1886,A
6-NA,552,3,1,0,1896,1900,C
6-NA,553,3,3,1892,0,1898,G
6-NA,554,1904,0,0,0,1904,A
6-NA,555,0,1912,0,1,1913,T
6-NA,556,1,6,1936,1,1944,G
6-NA,557,0,1,1948,1,1950,G
6-NA,558,1935,0,3,0,1938,A
6-NA,559,1958,0,3,0,1961,A
6-NA,560,1985,0,0,0,1985,A
6-NA,561,1953,0,1,0,1954,A
6-NA,562,0,1,1975,2,1978,G
6-NA,563,7,0,3,1956,1966,C
6-NA,564,1964,0,1,0,1965,A
6-NA,565,0,1958,0,1,1959,T
6-NA,566,0,1,1977,3,1981,G
6-NA,567,0,1,2002,2,2005,G
6-NA,568,0,0,1,2021,2022,C
6-NA,569,1,2024,0,0,2025,T
6-NA,570,1,7,2019,3,2030,G
6-NA,571,3,0,7,2000,2010,C
6-NA,572,2025,0,0,0,2025,A
6-NA,573,0,2058,0,0,2058,T
6-NA,574,0,5,2058,2,2065,G
6-NA,575,0,2043,0,0,2043,T
6-NA,576,0,2177,0,4,2181,T
6-NA,577,0,2188,0,0,2188,T
6-NA,578,1,6,2267,3,2277,G
6-NA,579,0,2254,0,4,2258,T
6-NA,580,2262,0,1,0,2263,A
6-NA,581,0,2287,0,0,2287,T
6-NA,582,2280,0,2,0,2282,A
6-NA,583,2251,0,4,0,2255,A
6-NA,584,2,0,2,2260,2264,C
6-NA,585,0,2181,0,4,2185,T
6-NA,586,2,7,2220,0,2229,G
6-NA,587,0,5,2223,0,2228,G
6-NA,588,1,1,2233,0,2235,G
6-NA,589,1,3,2240,1,2245,G
6-NA,590,2215,0,2,1,2218,A
6-NA,591,0,2197,0,0,2197,T
6-NA,592,0,6,2173,2,2181,G
6-NA,593,2181,0,6,0,2187,A
6-NA,594,0,2185,0,0,2185,T
6-NA,595,2180,0,2,0,2182,A
6-NA,596,2178,0,1,0,2179,A
6-NA,597,2186,0,0,0,2186,A
6-NA,598,2179,0,0,0,2179,A
6-NA,599,2190,1,2,0,2193,A
6-NA,600,0,2184,0,1,2185,T
6-NA,601,1,1,2192,0,2194,G
6-NA,602,3,1,1,2184,2189,C
6-NA,603,2196,0,0,0,2196,A
6-NA,604,2210,0,5,0,2215,A
6-NA,605,0,1,1,2228,2230,C
6-NA,606,0,2226,0,0,2226,T
6-NA,607,1,7,2232,4,2244,G
6-NA,608,4,1,1,2233,2239,C
6-NA,609,0,2250,0,2,2252,T
6-NA,610,2245,0,2,0,2247,A
6-NA,611,0,3,2264,5,2272,G
6-NA,612,3,0,1,2282,2286,C
6-NA,613,0,2283,0,4,2287,T
6-NA,614,0,2278,0,3,2281,T
6-NA,615,8,1,1,2295,2305,C
6-NA,616,2305,0,1,0,2306,A
6-NA,617,0,2329,0,1,2330,T
6-NA,618,0,2334,0,0,2334,T
6-NA,619,0,2337,0,1,2338,T
6-NA,620,2345,1,1,0,2347,A
6-NA,621,6,0,1,2369,2376,C
6-NA,622,2358,0,0,0,2358,A
6-NA,623,2373,0,2,0,2375,A
6-NA,624,0,2362,0,0,2362,T
6-NA,625,2,9,2334,2,2347,G
6-NA,626,3,5,2328,1,2337,G
6-NA,627,2,2,2344,3,2351,G
6-NA,628,2325,0,1,0,2326,A
6-NA,629,0,1,2384,0,2385,G
6-NA,630,0,0,2388,1,2389,G
6-NA,631,1,0,1,2416,2418,C
6-NA,632,0,2416,0,4,2420,T
6-NA,633,0,2428,0,2,2430,T
6-NA,634,3,4,2453,8,2468,G
6-NA,635,0,2459,0,2,2461,T
6-NA,636,2509,0,1,0,2510,A
6-NA,637,1,4,2522,3,2530,G
6-NA,638,2487,0,4,0,2491,A
6-NA,639,0,2504,0,0,2504,T
6-NA,640,2336,0,2,1,2339,A
6-NA,641,3,4,2489,2,2498,G
6-NA,642,1,2464,0,2,2467,T
6-NA,643,2440,0,0,0,2440,A
6-NA,644,0,2440,0,1,2441,T
6-NA,645,0,2377,0,2,2379,T
6-NA,646,0,7,2464,4,2475,G
6-NA,647,1,2439,0,6,2446,T
6-NA,648,0,2447,0,4,2451,T
6-NA,649,0,2439,0,6,2445,T
6-NA,650,4,1,2,2378,2385,C
6-NA,651,2360,1,3,0,2364,A
6-NA,652,0,2354,0,2,2356,T
6-NA,653,1,11,2392,5,2409,G
6-NA,654,2,0,2542,1,2545,G
6-NA,655,0,2522,0,1,2523,T
6-NA,656,0,2,0,2526,2528,C
6-NA,657,11,2,0,2530,2543,C
6-NA,658,2553,0,1,0,2554,A
6-NA,659,2566,0,1,0,2567,A
6-NA,660,2568,0,2,0,2570,A
6-NA,661,1,2,2589,0,2592,G
6-NA,662,2587,0,3,0,2590,A
6-NA,663,2527,0,0,0,2527,A
6-NA,664,2529,0,2,0,2531,A
6-NA,665,0,2540,0,0,2540,T
6-NA,666,2,3,0,2650,2655,C
6-NA,667,3,0,0,2658,2661,C
6-NA,668,0,2659,0,2,2661,T
6-NA,669,14,3,3,2648,2668,C
6-NA,670,2660,0,2,0,2662,A
6-NA,671,0,2,2746,1,2749,G
6-NA,672,1,4,2748,1,2754,G
6-NA,673,2826,0,0,0,2826,A
6-NA,674,2,0,0,2833,2835,C
6-NA,675,5,0,0,2786,2791,C
6-NA,676,3,1,0,2787,2791,C
6-NA,677,2791,0,3,0,2794,A
6-NA,678,0,3,2809,0,2812,G
6-NA,679,1,8,2826,0,2835,G
6-NA,680,2829,0,4,0,2833,A
6-NA,681,1,5,2852,0,2858,G
6-NA,682,0,2802,0,5,2807,T
6-NA,683,6,2,4,2797,2809,C
6-NA,684,2791,0,2,0,2793,A
6-NA,685,2,5,2806,2,2815,G
6-NA,686,2794,0,3,0,2797,A
6-NA,687,2804,0,3,0,2807,A
6-NA,688,0,2791,0,1,2792,T
6-NA,689,4,5,2796,0,2805,G
6-NA,690,3,2,1,2770,2776,C
6-NA,691,1,3,2799,1,2804,G
6-NA,692,0,2794,0,0,2794,T
6-NA,693,0,2791,0,6,2797,T
6-NA,694,0,2772,0,1,2773,T
6-NA,695,2,3,2818,2,2825,G
6-NA,696,0,2818,0,2,2820,T
6-NA,697,2818,0,1,0,2819,A
6-NA,698,0,2813,0,3,2816,T
6-NA,699,1,5,6,2808,2820,C
6-NA,700,2786,0,1,0,2787,A
6-NA,701,2792,0,0,1,2793,A
6-NA,702,0,2783,0,1,2784,T
6-NA,703,0,5,2774,1,2780,G
6-NA,704,4,3,2784,2,2793,G
6-NA,705,2841,0,1,0,2842,A
6-NA,706,2849,0,3,0,2852,A
6-NA,707,1,0,1,2884,2886,C
6-NA,708,0,2878,0,1,2879,T
6-NA,709,0,2870,0,2,2872,T
6-NA,710,4,1,3004,3,3012,G
6-NA,711,0,3008,0,3,3011,T
6-NA,712,3011,0,1,0,3012,A
6-NA,713,17,6,6,3010,3039,C
6-NA,714,2943,0,2,0,2945,A
6-NA,715,0,5,3099,11,3115,G
6-NA,716,1,3070,0,2,3073,T
6-NA,717,3215,0,1,0,3216,A
6-NA,718,1,6,3232,6,3245,G
6-NA,719,1,3141,0,0,3142,T
6-NA,720,3132,0,0,0,3132,A
6-NA,721,3130,2,2,0,3134,A
6-NA,722,0,3100,0,0,3100,T
6-NA,723,2816,4,4,0,2824,A
6-NA,724,2920,0,3,0,2923,A
6-NA,725,1,0,0,2973,2974,C
6-NA,726,0,2991,0,0,2991,T
6-NA,727,8,8,2983,4,3003,G
6-NA,728,2954,0,7,0,2961,A
6-NA,729,0,2992,0,1,2993,T
6-NA,730,3,10,2973,0,2986,G
6-NA,731,1,3,2947,0,2951,G
6-NA,732,1,6,2962,2,2971,G
6-NA,733,2887,1,0,0,2888,A
6-NA,734,3,1,2884,1,2889,G
6-NA,735,0,2795,0,1,2796,T
6-NA,736,0,9,2855,3,2867,G
6-NA,737,1,3,0,2884,2888,C
6-NA,738,0,2880,0,2,2882,T
6-NA,739,0,2883,0,2,2885,T
6-NA,740,6,8,5,2869,2888,C
6-NA,741,2859,0,2,0,2861,A
6-NA,742,1,3,2872,0,2876,G
6-NA,743,0,2,2865,1,2868,G
6-NA,744,2862,0,2,0,2864,A
6-NA,745,2841,0,1,0,2842,A
6-NA,746,2826,0,2,0,2828,A
6-NA,747,2834,0,4,0,2838,A
6-NA,748,1,1,2847,0,2849,G
6-NA,749,4,0,0,2848,2852,C
6-NA,750,0,2849,0,1,2850,T
6-NA,751,1,7,2850,2,2860,G
6-NA,752,2847,0,4,0,2851,A
6-NA,753,0,2889,0,3,2892,T
6-NA,754,2888,0,4,0,2892,A
6-NA,755,1,0,3,3021,3025,C
6-NA,756,0,2991,0,2,2993,T
6-NA,757,2996,0,0,1,2997,A
6-NA,758,2999,0,0,0,2999,A
6-NA,759,3004,0,2,0,3006,A
6-NA,760,3092,0,3,0,3095,A
6-NA,761,0,3090,0,0,3090,T
6-NA,762,3075,0,5,0,3080,A
6-NA,763,5,4,0,3128,3137,C
6-NA,764,0,2999,0,4,3003,T
6-NA,765,3044,0,2,0,3046,A
6-NA,766,0,3025,0,2,3027,T
6-NA,767,0,3151,0,4,3155,T
6-NA,768,10,3,3,3151,3167,C
6-NA,769,3100,0,1,0,3101,A
6-NA,770,0,3111,0,0,3111,T
6-NA,771,0,3102,0,1,3103,T
6-NA,772,2,7,3093,16,3118,G
6-NA,773,3078,0,4,0,3082,A
6-NA,774,0,3,3077,0,3080,G
6-NA,775,4,5,3047,4,3060,G
6-NA,776,2889,0,1,0,2890,A
6-NA,777,4,3,2893,0,2900,G
6-NA,778,0,1,2888,0,2889,G
6-NA,779,1,0,2869,1,2871,G
6-NA,780,0,2,2876,1,2879,G
6-NA,781,2836,0,2,0,2838,A
6-NA,782,2841,0,6,0,2847,A
6-NA,783,2829,0,1,3,2833,A
6-NA,784,2811,0,0,1,2812,A
6-NA,785,0,2818,0,0,2818,T
6-NA,786,6,0,0,2810,2816,C
6-NA,787,1,0,2847,2,2850,G
6-NA,788,0,2851,0,1,2852,T
6-NA,789,0,2845,0,0,2845,T
6-NA,790,8,1,5,2860,2874,C
6-NA,791,2879,0,0,0,2879,A
6-NA,792,0,3042,0,1,3043,T
6-NA,793,3030,1,2,0,3033,A
6-NA,794,8,0,9,3077,3094,C
6-NA,795,1,3077,0,0,3078,T
6-NA,796,3097,1,1,0,3099,A
6-NA,797,2,4,3069,3,3078,G
6-NA,798,9,0,1,3076,3086,C
6-NA,799,3075,2,1,0,3078,A
6-NA,800,2,0,2,3087,3091,C
6-NA,801,2964,0,1,0,2965,A
6-NA,802,0,3048,0,2,3050,T
6-NA,803,0,3031,0,1,3032,T
6-NA,804,2,6,3191,3,3202,G
6-NA,805,0,3186,0,5,3191,T
6-NA,806,14,2,5,3169,3190,C
6-NA,807,3182,0,3,0,3185,A
6-NA,808,0,2,3178,0,3180,G
6-NA,809,4,6,3161,1,3172,G
6-NA,810,3156,0,0,0,3156,A
6-NA,811,3106,0,6,0,3112,A
6-NA,812,1,3,3168,0,3172,G
6-NA,813,0,2970,0,0,2970,T
6-NA,814,1,14,2958,2,2975,G
6-NA,815,1,1,0,2984,2986,C
6-NA,816,0,2989,0,2,2991,T
6-NA,817,9,1,4,2992,3006,C
6-NA,818,2974,0,0,0,2974,A
6-NA,819,5,5,2995,0,3005,G
6-NA,820,13,3,1,2994,3011,C
6-NA,821,3016,0,2,0,3018,A
6-NA,822,0,3019,0,1,3020,T
6-NA,823,0,4,3086,3,3093,G
6-NA,824,0,3092,0,1,3093,T
6-NA,825,1,2,2,3083,3088,C
6-NA,826,2,5,3086,3,3096,G
6-NA,827,3068,0,3,0,3071,A
6-NA,828,0,1,3063,0,3064,G
6-NA,829,2,9,3052,0,3063,G
6-NA,830,3016,1,3,0,3020,A
6-NA,831,3,1,3104,0,3108,G
6-NA,832,0,2941,0,5,2946,T
6-NA,833,0,16,2963,0,2979,G
6-NA,834,0,1,0,3000,3001,C
6-NA,835,0,2981,0,6,2987,T
6-NA,836,4,3,3,3007,3017,C
6-NA,837,2,4,1,3015,3022,C
6-NA,838,1,3013,0,4,3018,T
6-NA,839,3,12,3005,10,3030,G
6-NA,840,8,1,0,3002,3011,C
6-NA,841,1,2994,0,2,2997,T
6-NA,842,3059,0,1,0,3060,A
6-NA,843,0,3009,0,3,3012,T
6-NA,844,7,0,4,3068,3079,C
6-NA,845,5,1,1,3055,3062,C
6-NA,846,0,3023,0,1,3024,T
6-NA,847,4,5,3,3053,3065,C
6-NA,848,2,5,3043,3,3053,G
6-NA,849,3090,0,0,0,3090,A
6-NA,850,0,3100,0,3,3103,T
6-NA,851,3045,0,2,0,3047,A
6-NA,852,0,7,0,2973,2980,C
6-NA,853,2,1,2,3021,3026,C
6-NA,854,2,1,0,3032,3035,C
6-NA,855,0,3042,0,1,3043,T
6-NA,856,1,18,3040,5,3064,G
6-NA,857,2,2,3106,1,3111,G
6-NA,858,0,3146,0,2,3148,T
6-NA,859,1,4,3158,1,3164,G
6-NA,860,0,3140,0,4,3144,T
6-NA,861,6,1,6,3102,3115,C
6-NA,862,3078,1,1,0,3080,A
6-NA,863,2,7,3068,1,3078,G
6-NA,864,3082,0,3,0,3085,A
6-NA,865,0,3027,0,2,3029,T
6-NA,866,1,1,3051,1,3054,G
6-NA,867,0,2999,0,1,3000,T
6-NA,868,0,5,3027,7,3039,G
6-NA,869,0,3032,0,3,3035,T
6-NA,870,3,2,6,3029,3040,C
6-NA,871,0,3016,0,3,3019,T
6-NA,872,3,21,3004,2,3030,G
6-NA,873,18,3,10,2990,3021,C
6-NA,874,3015,0,0,0,3015,A
6-NA,875,1,6,3008,4,3019,G
6-NA,876,2968,0,1,0,2969,A
6-NA,877,1,4,2965,1,2971,G
6-NA,878,2925,0,4,0,2929,A
6-NA,879,3,1,3,2962,2969,C
6-NA,880,2933,0,1,0,2934,A
6-NA,881,2955,1,2,0,2958,A
6-NA,882,3,1,0,2959,2963,C
6-NA,883,0,2958,0,2,2960,T
6-NA,884,1,9,2948,1,2959,G
6-NA,885,1,6,2944,0,2951,G
6-NA,886,2936,0,5,0,2941,A
6-NA,887,2941,0,0,0,2941,A
6-NA,888,2868,0,3,0,2871,A
6-NA,889,0,4,3003,0,3007,G
6-NA,890,0,1,2986,1,2988,G
6-NA,891,3,1,1,2969,2974,C
6-NA,892,0,2947,0,3,2950,T
6-NA,893,2,0,2,3007,3011,C
6-NA,894,7,7,1,3052,3067,C
6-NA,895,3071,0,0,0,3071,A
6-NA,896,3070,0,0,0,3070,A
6-NA,897,0,3070,0,3,3073,T
6-NA,898,2965,0,4,0,2969,A
6-NA,899,2,2,2970,1,2975,G
6-NA,900,1,2,2958,0,2961,G
6-NA,901,0,1,3,2968,2972,C
6-NA,902,0,0,0,2952,2952,C
6-NA,903,11,1,1,2910,2923,C
6-NA,904,2942,0,1,0,2943,A
6-NA,905,0,2963,0,1,2964,T
6-NA,906,4,2,2,2966,2974,C
6-NA,907,3,2,2985,3,2993,G
6-NA,908,0,2963,0,1,2964,T
6-NA,909,2917,1,1,0,2919,A
6-NA,910,1,2,3003,3,3009,G
6-NA,911,2997,1,3,0,3001,A
6-NA,912,0,2990,0,1,2991,T
6-NA,913,2949,0,1,0,2950,A
6-NA,914,0,2918,0,1,2919,T
6-NA,915,2896,0,0,0,2896,A
6-NA,916,2888,0,3,0,2891,A
6-NA,917,2961,1,5,0,2967,A
6-NA,918,9,1,1,3027,3038,C
6-NA,919,2954,0,2,0,2956,A
6-NA,920,0,2954,1,0,2955,T
6-NA,921,2929,0,3,0,2932,A
6-NA,922,2934,0,2,0,2936,A
6-NA,923,2932,0,3,0,2935,A
6-NA,924,0,5,3009,0,3014,G
6-NA,925,0,1,3051,0,3052,G
6-NA,926,2961,0,0,0,2961,A
6-NA,927,0,2947,0,4,2951,T
6-NA,928,8,3,2,2955,2968,C
6-NA,929,2971,0,3,0,2974,A
6-NA,930,2,2982,0,1,2985,T
6-NA,931,2984,0,1,0,2985,A
6-NA,932,2,4,2974,3,2983,G
6-NA,933,2,2,3,2917,2924,C
6-NA,934,2871,0,0,0,2871,A
6-NA,935,0,2799,0,2,2801,T
6-NA,936,0,2798,0,1,2799,T
6-NA,937,0,8,2781,1,2790,G
6-NA,938,2,3,1,2776,2782,C
6-NA,939,0,3001,1,1,3003,T
6-NA,940,0,3017,0,2,3019,T
6-NA,941,7,0,0,3019,3026,C
6-NA,942,11,1,1,3013,3026,C
6-NA,943,3061,0,4,0,3065,A
6-NA,944,0,6,3092,2,3100,G
6-NA,945,1,3095,0,2,3098,T
6-NA,946,0,3049,0,0,3049,T
6-NA,947,3051,0,1,0,3052,A
6-NA,948,0,3038,0,2,3040,T
6-NA,949,3,6,3029,3,3041,G
6-NA,950,0,3010,0,3,3013,T
6-NA,951,1,4,3038,2,3045,G
6-NA,952,1,2964,0,0,2965,T
6-NA,953,1,10,3058,2,3071,G
6-NA,954,1,3049,0,6,3056,T
6-NA,955,1,3031,0,4,3036,T
6-NA,956,11,4,6,3012,3033,C
6-NA,957,2964,0,5,1,2970,A
6-NA,958,2,3,2973,0,2978,G
6-NA,959,1,4,2974,0,2979,G
6-NA,960,2936,0,6,0,2942,A
6-NA,961,0,0,1,2952,2953,C
6-NA,962,0,2875,0,2,2877,T
6-NA,963,0,2881,0,1,2882,T
6-NA,964,0,5,2972,3,2980,G
6-NA,965,0,2970,0,3,2973,T
6-NA,966,0,2977,0,2,2979,T
6-NA,967,1,15,2955,2,2973,G
6-NA,968,1,5,2966,1,2973,G
6-NA,969,2937,1,6,1,2945,A
6-NA,970,0,5,2971,3,2979,G
6-NA,971,2966,0,4,0,2970,A
6-NA,972,12,3,0,2938,2953,C
6-NA,973,2812,0,3,1,2816,A
6-NA,974,5,3,0,2870,2878,C
6-NA,975,2843,0,2,2,2847,A
6-NA,976,0,3,1,2873,2877,C
6-NA,977,8,1,0,2853,2862,C
6-NA,978,5,4,3,2851,2863,C
6-NA,979,2871,0,3,0,2874,A
6-NA,980,0,5,2872,1,2878,G
6-NA,981,2874,0,0,0,2874,A
6-NA,982,2899,0,2,0,2901,A
6-NA,983,2882,0,0,0,2882,A
6-NA,984,2876,0,3,2,2881,A
6-NA,985,2855,0,5,0,2860,A
6-NA,986,2858,0,5,6,2869,A
6-NA,987,0,1,1,2879,2881,C
6-NA,988,2,4,2859,1,2866,G
6-NA,989,2862,0,2,0,2864,A
6-NA,990,4,0,3,2862,2869,C
6-NA,991,2861,0,1,0,2862,A
6-NA,992,2,1,2981,2,2986,G
6-NA,993,2,0,0,3038,3040,C
6-NA,994,0,3026,0,3,3029,T
6-NA,995,4,0,4,3059,3067,C
6-NA,996,14,1,9,3062,3086,C
6-NA,997,3102,0,1,0,3103,A
6-NA,998,5,8,3104,2,3119,G
6-NA,999,7,1,6,3102,3116,C
6-NA,1000,3106,1,0,0,3107,A
6-NA,1001,1,4,3131,1,3137,G
6-NA,1002,0,3046,0,3,3049,T
6-NA,1003,3037,0,2,0,3039,A
6-NA,1004,1,6,3045,1,3053,G
6-NA,1005,2,1,1,3032,3036,C
6-NA,1006,5,2,3,3035,3045,C
6-NA,1007,3011,0,1,1,3013,A
6-NA,1008,0,3002,0,2,3004,T
6-NA,1009,0,3015,0,0,3015,T
6-NA,1010,1,9,3055,1,3066,G
6-NA,1011,0,3044,0,3,3047,T
6-NA,1012,0,3032,1,5,3038,T
6-NA,1013,0,3039,0,2,3041,T
6-NA,1014,5,7,3010,1,3023,G
6-NA,1015,0,5,3042,0,3047,G
6-NA,1016,3029,0,3,0,3032,A
6-NA,1017,0,3034,0,3,3037,T
6-NA,1018,0,3,3,3044,3050,C
6-NA,1019,4,1,1,2998,3004,C
6-NA,1020,0,2993,0,2,2995,T
6-NA,1021,3000,0,3,0,3003,A
6-NA,1022,3002,0,1,1,3004,A
6-NA,1023,9,1,7,3035,3052,C
6-NA,1024,3003,0,1,0,3004,A
6-NA,1025,3027,0,1,0,3028,A
6-NA,1026,0,3031,0,1,3032,T
6-NA,1027,4,2,3054,2,3062,G
6-NA,1028,3051,0,4,0,3055,A
6-NA,1029,3040,0,2,0,3042,A
6-NA,1030,5,8,3045,7,3065,G
6-NA,1031,3036,0,2,0,3038,A
6-NA,1032,2900,0,4,0,2904,A
6-NA,1033,2,2,2909,0,2913,G
6-NA,1034,0,3,2927,2,2932,G
6-NA,1035,0,2833,0,2,2835,T
6-NA,1036,0,6,2854,2,2862,G
6-NA,1037,2,1,2935,1,2939,G
6-NA,1038,0,2900,0,3,2903,T
6-NA,1039,8,1,4,2902,2915,C
6-NA,1040,2901,1,2,0,2904,A
6-NA,1041,0,2902,0,1,2903,T
6-NA,1042,0,9,2877,3,2889,G
6-NA,1043,1,3,2884,0,2888,G
6-NA,1044,2848,0,6,0,2854,A
6-NA,1045,0,5,2942,0,2947,G
6-NA,1046,0,2806,0,0,2806,T
6-NA,1047,3,4,2797,0,2804,G
6-NA,1048,2785,0,3,0,2788,A
6-NA,1049,2782,0,1,1,2784,A
6-NA,1050,2782,0,4,0,2786,A
6-NA,1051,0,3,2786,1,2790,G
6-NA,1052,0,1,2723,0,2724,G
6-NA,1053,1,2,1,2717,2721,C
6-NA,1054,0,2664,0,1,2665,T
6-NA,1055,2,8,2665,2,2677,G
6-NA,1056,0,3,2668,1,2672,G
6-NA,1057,1,1,2690,0,2692,G
6-NA,1058,2,0,0,2690,2692,C
6-NA,1059,6,0,1,2684,2691,C
6-NA,1060,0,2619,0,8,2627,T
6-NA,1061,2,2618,0,3,2623,T
6-NA,1062,0,2624,0,0,2624,T
6-NA,1063,1,2,2628,4,2635,G
6-NA,1064,2622,0,8,0,2630,A
6-NA,1065,1,2608,0,0,2609,T
6-NA,1066,2,4,2556,1,2563,G
6-NA,1067,2532,0,3,0,2535,A
6-NA,1068,0,2515,0,2,2517,T
6-NA,1069,1,7,2517,0,2525,G
6-NA,1070,1,4,2550,1,2556,G
6-NA,1071,2531,0,0,0,2531,A
6-NA,1072,2537,0,0,0,2537,A
6-NA,1073,2527,0,2,0,2529,A
6-NA,1074,0,2519,0,0,2519,T
6-NA,1075,1,3,2502,0,2506,G
6-NA,1076,2503,0,2,0,2505,A
6-NA,1077,1,2,0,2501,2504,C
6-NA,1078,1,2,2506,0,2509,G
6-NA,1079,0,2429,0,5,2434,T
6-NA,1080,0,5,2458,2,2465,G
6-NA,1081,0,2437,0,0,2437,T
6-NA,1082,4,4,2444,1,2453,G
6-NA,1083,1,2,2456,1,2460,G
6-NA,1084,2406,0,3,0,2409,A
6-NA,1085,0,2395,0,0,2395,T
6-NA,1086,1,4,2359,0,2364,G
6-NA,1087,3,4,2298,0,2305,G
6-NA,1088,1,3,2306,0,2310,G
6-NA,1089,2290,1,6,0,2297,A
6-NA,1090,2273,1,1,1,2276,A
6-NA,1091,1,4,2262,1,2268,G
6-NA,1092,2167,0,4,0,2171,A
6-NA,1093,2170,0,1,0,2171,A
6-NA,1094,1,0,3,2180,2184,C
6-NA,1095,2,4,2167,0,2173,G
6-NA,1096,2154,0,1,0,2155,A
6-NA,1097,0,2118,0,2,2120,T
6-NA,1098,7,3,4,2123,2137,C
6-NA,1099,2132,0,1,0,2133,A
6-NA,1100,0,0,2133,0,2133,G
6-NA,1101,1,0,2,2116,2119,C
6-NA,1102,3,1,2118,2,2124,G
6-NA,1103,2104,0,3,0,2107,A
6-NA,1104,0,1,2120,0,2121,G
6-NA,1105,2117,0,0,0,2117,A
6-NA,1106,2112,0,1,0,2113,A
6-NA,1107,0,0,2131,1,2132,G
6-NA,1108,0,2092,0,3,2095,T
6-NA,1109,2,1,1,2083,2087,C
6-NA,1110,2072,0,0,0,2072,A
6-NA,1111,1,0,2,2138,2141,C
6-NA,1112,2,1,2139,1,2143,G
6-NA,1113,6,0,2,2142,2150,C
6-NA,1114,0,2162,0,1,2163,T
6-NA,1115,0,2163,0,2,2165,T
6-NA,1116,2122,0,0,0,2122,A
6-NA,1117,0,4,2150,1,2155,G
6-NA,1118,0,1,2141,2,2144,G
6-NA,1119,0,1,2184,1,2186,G
6-NA,1120,0,2056,0,1,2057,T
6-NA,1121,2059,0,0,0,2059,A
6-NA,1122,0,2022,0,1,2023,T
6-NA,1123,0,1,2006,2,2009,G
6-NA,1124,1989,0,3,0,1992,A
6-NA,1125,1984,0,2,0,1986,A
6-NA,1126,1877,0,3,0,1880,A
6-NA,1127,0,1,0,1933,1934,C
6-NA,1128,0,0,0,1878,1878,C
6-NA,1129,0,1867,0,2,1869,T
6-NA,1130,0,1856,0,4,1860,T
6-NA,1131,1,2,4,1856,1863,C
6-NA,1132,1855,0,3,0,1858,A
6-NA,1133,1865,0,1,0,1866,A
6-NA,1134,1859,0,3,1,1863,A
6-NA,1135,0,0,1878,0,1878,G
6-NA,1136,0,1832,0,2,1834,T
6-NA,1137,2,2,3,1850,1857,C
6-NA,1138,1880,0,0,0,1880,A
6-NA,1139,0,1882,0,3,1885,T
6-NA,1140,0,1879,0,2,1881,T
6-NA,1141,1,2,1874,6,1883,G
6-NA,1142,1876,0,2,0,1878,A
6-NA,1143,1872,0,5,0,1877,A
6-NA,1144,1,2,1857,0,1860,G
6-NA,1145,0,0,1861,0,1861,G
6-NA,1146,0,0,0,1841,1841,C
6-NA,1147,0,1756,0,0,1756,T
6-NA,1148,0,11,1800,1,1812,G
6-NA,1149,0,1,1847,0,1848,G
6-NA,1150,0,1841,0,7,1848,T
6-NA,1151,3,3,0,1830,1836,C
6-NA,1152,7,0,3,1817,1827,C
6-NA,1153,1806,0,2,0,1808,A
6-NA,1154,1807,0,3,0,1810,A
6-NA,1155,0,0,1,1834,1835,C
6-NA,1156,4,3,0,1825,1832,C
6-NA,1157,4,0,1,1817,1822,C
6-NA,1158,1,1744,1,1,1747,T
6-NA,1159,1747,0,1,0,1748,A
6-NA,1160,1752,0,3,0,1755,A
6-NA,1161,0,0,1767,0,1767,G
6-NA,1162,1,1745,0,2,1748,T
6-NA,1163,1,0,1,1744,1746,C
6-NA,1164,4,1,1,1709,1715,C
6-NA,1165,1710,0,1,0,1711,A
6-NA,1166,1709,0,0,0,1709,A
6-NA,1167,1713,0,2,0,1715,A
6-NA,1168,0,1707,0,0,1707,T
6-NA,1169,0,1709,0,0,1709,T
6-NA,1170,0,3,1683,2,1688,G
6-NA,1171,9,2,4,1655,1670,C
6-NA,1172,1675,0,1,0,1676,A
6-NA,1173,0,1,1680,1,1682,G
6-NA,1174,1687,0,0,0,1687,A
6-NA,1175,0,1708,0,0,1708,T
6-NA,1176,1700,0,0,0,1700,A
6-NA,1177,1692,0,1,0,1693,A
6-NA,1178,1702,0,0,0,1702,A
6-NA,1179,0,1692,0,1,1693,T
6-NA,1180,1681,0,1,0,1682,A
6-NA,1181,0,2,1673,0,1675,G
6-NA,1182,0,0,1658,0,1658,G
6-NA,1183,2,0,1,1661,1664,C
6-NA,1184,1621,0,0,0,1621,A
6-NA,1185,1631,0,2,0,1633,A
6-NA,1186,0,1,1635,0,1636,G
6-NA,1187,0,1619,1,2,1622,T
6-NA,1188,4,0,2,1615,1621,C
6-NA,1189,1629,0,3,0,1632,A
6-NA,1190,0,1631,0,0,1631,T
6-NA,1191,1630,0,0,0,1630,A
6-NA,1192,1,0,1644,2,1647,G
6-NA,1193,1,1651,0,0,1652,T
6-NA,1194,0,1579,0,0,1579,T
6-NA,1195,1,7,1533,2,1543,G
6-NA,1196,1518,0,6,0,1524,A
6-NA,1197,3,0,5,1513,1521,C
6-NA,1198,1495,0,0,0,1495,A
6-NA,1199,1,1,1517,1,1520,G
6-NA,1200,1453,0,2,0,1455,A
6-NA,1201,0,1,1513,0,1514,G
6-NA,1202,0,0,1507,1,1508,G
6-NA,1203,0,1494,0,0,1494,T
6-NA,1204,1472,0,0,0,1472,A
6-NA,1205,1471,0,3,0,1474,A
6-NA,1206,0,1461,0,0,1461,T
6-NA,1207,1442,0,1,0,1443,A
6-NA,1208,1,4,1413,0,1418,G
6-NA,1209,0,2,1380,0,1382,G
6-NA,1210,0,1269,0,2,1271,T
6-NA,1211,1,1,0,1258,1260,C
6-NA,1212,6,0,0,1239,1245,C
6-NA,1213,1,2,1247,1,1251,G
6-NA,1214,0,0,1251,1,1252,G
6-NA,1215,0,1247,0,2,1249,T
6-NA,1216,0,1252,0,0,1252,T
6-NA,1217,1246,0,0,0,1246,A
6-NA,1218,0,1202,0,0,1202,T
6-NA,1219,0,1203,0,2,1205,T
6-NA,1220,1,1,0,1200,1202,C
6-NA,1221,0,1168,0,1,1169,T
6-NA,1222,0,3,1171,0,1174,G
6-NA,1223,0,0,1180,1,1181,G
6-NA,1224,1,1174,0,0,1175,T
6-NA,1225,1182,0,0,0,1182,A
6-NA,1226,0,1169,0,2,1171,T
6-NA,1227,0,1152,0,2,1154,T
6-NA,1228,0,1154,0,4,1158,T
6-NA,1229,0,1158,0,1,1159,T
6-NA,1230,2,0,0,1166,1168,C
6-NA,1231,0,1146,0,2,1148,T
6-NA,1232,7,2,1,1152,1162,C
6-NA,1233,0,1154,0,0,1154,T
6-NA,1234,0,3,1174,2,1179,G
6-NA,1235,0,1178,0,0,1178,T
6-NA,1236,0,1171,0,0,1171,T
6-NA,1237,0,1,1173,3,1177,G
6-NA,1238,1162,0,2,0,1164,A
6-NA,1239,1156,0,1,1,1158,A
6-NA,1240,1,0,1164,0,1165,G
6-NA,1241,1,2,1155,0,1158,G
6-NA,1242,2,0,0,1159,1161,C
6-NA,1243,1136,0,1,0,1137,A
6-NA,1244,1135,1,1,0,1137,A
6-NA,1245,1137,0,0,1,1138,A
6-NA,1246,1139,0,5,0,1144,A
6-NA,1247,1,0,1142,0,1143,G
6-NA,1248,0,1,2,1140,1143,C
6-NA,1249,0,1133,0,3,1136,T
6-NA,1250,1,6,1150,0,1157,G
6-NA,1251,1,0,0,1163,1164,C
6-NA,1252,1165,0,0,0,1165,A
6-NA,1253,0,1149,0,0,1149,T
6-NA,1254,4,1,0,1149,1154,C
6-NA,1255,1158,0,1,0,1159,A
6-NA,1256,1155,0,1,0,1156,A
6-NA,1257,1,1151,0,0,1152,T
6-NA,1258,3,3,0,1154,1160,C
6-NA,1259,3,2,1142,0,1147,G
6-NA,1260,0,0,1170,0,1170,G
6-NA,1261,0,1161,0,0,1161,T
6-NA,1262,1,4,1170,1,1176,G
6-NA,1263,2,0,0,1172,1174,C
6-NA,1264,0,1160,0,4,1164,T
6-NA,1265,0,1182,0,0,1182,T
6-NA,1266,0,1181,0,0,1181,T
6-NA,1267,0,1181,0,0,1181,T
6-NA,1268,1189,0,0,0,1189,A
6-NA,1269,0,1144,0,2,1146,T
6-NA,1270,0,1,1145,2,1148,G
6-NA,1271,0,1135,0,1,1136,T
6-NA,1272,0,0,1122,0,1122,G
6-NA,1273,0,1,1131,0,1132,G
6-NA,1274,1111,0,1,0,1112,A
6-NA,1275,1,0,1124,0,1125,G
6-NA,1276,0,1113,0,1,1114,T
6-NA,1277,0,1079,0,0,1079,T
6-NA,1278,0,6,1089,0,1095,G
6-NA,1279,1093,0,2,0,1095,A
6-NA,1280,0,1091,0,0,1091,T
6-NA,1281,1088,0,0,0,1088,A
6-NA,1282,1056,0,0,0,1056,A
6-NA,1283,1,1,1058,0,1060,G
6-NA,1284,0,0,1043,0,1043,G
6-NA,1285,0,1,1029,0,1030,G
6-NA,1286,1,1,1036,1,1039,G
6-NA,1287,1030,0,0,0,1030,A
6-NA,1288,1012,0,3,0,1015,A
6-NA,1289,1,0,1021,2,1024,G
6-NA,1290,1021,0,0,0,1021,A
6-NA,1291,1021,0,2,0,1023,A
6-NA,1292,1008,0,1,0,1009,A
6-NA,1293,990,0,2,0,992,A
6-NA,1294,1,5,986,0,992,G
6-NA,1295,965,0,0,0,965,A
6-NA,1296,2,1,962,0,965,G
6-NA,1297,0,1,956,0,957,G
6-NA,1298,943,0,1,0,944,A
6-NA,1299,943,0,0,0,943,A
6-NA,1300,940,0,0,0,940,A
6-NA,1301,0,0,1,945,946,C
6-NA,1302,0,935,0,0,935,T
6-NA,1303,0,1,944,0,945,G
6-NA,1304,946,0,0,0,946,A
6-NA,1305,938,0,4,0,942,A
6-NA,1306,0,0,953,0,953,G
6-NA,1307,0,935,0,3,938,T
6-NA,1308,2,0,1,943,946,C
6-NA,1309,0,937,0,1,938,T
6-NA,1310,0,933,1,0,934,T
6-NA,1311,0,1,930,0,931,G
6-NA,1312,0,917,0,2,919,T
6-NA,1313,0,3,916,0,919,G
6-NA,1314,1,2,919,0,922,G
6-NA,1315,897,0,1,0,898,A
6-NA,1316,1,0,0,896,897,C
6-NA,1317,6,1,0,876,883,C
6-NA,1318,1,872,0,1,874,T
6-NA,1319,2,1,0,877,880,C
6-NA,1320,887,0,0,0,887,A
6-NA,1321,889,0,0,0,889,A
6-NA,1322,881,0,0,0,881,A
6-NA,1323,3,0,3,882,888,C
6-NA,1324,877,0,0,0,877,A
6-NA,1325,1,1,881,0,883,G
6-NA,1326,0,866,0,1,867,T
6-NA,1327,869,0,0,1,870,A
6-NA,1328,0,863,0,0,863,T
6-NA,1329,0,833,0,0,833,T
6-NA,1330,0,0,837,1,838,G
6-NA,1331,0,835,1,2,838,T
6-NA,1332,0,794,1,0,795,T
6-NA,1333,0,0,799,0,799,G
6-NA,1334,0,734,0,0,734,T
6-NA,1335,1,0,737,0,738,G
6-NA,1336,0,728,0,1,729,T
6-NA,1337,0,716,1,0,717,T
6-NA,1338,0,719,0,0,719,T
6-NA,1339,0,694,0,0,694,T
6-NA,1340,1,0,695,0,696,G
6-NA,1341,0,689,1,0,690,T
6-NA,1342,1,0,684,0,685,G
6-NA,1343,0,0,691,0,691,G
6-NA,1344,2,1,1,676,680,C
6-NA,1345,656,0,0,0,656,A
6-NA,1346,1,0,0,677,678,C
6-NA,1347,0,0,0,667,667,C
6-NA,1348,0,669,0,0,669,T
6-NA,1349,3,1,4,666,674,C
6-NA,1350,672,0,2,0,674,A
6-NA,1351,0,2,684,0,686,G
6-NA,1352,0,0,687,0,687,G
6-NA,1353,0,687,0,0,687,T
6-NA,1354,684,0,0,0,684,A
6-NA,1355,2,0,1,648,651,C
6-NA,1356,633,0,0,0,633,A
6-NA,1357,0,632,0,0,632,T
6-NA,1358,619,0,0,0,619,A
6-NA,1359,0,620,0,0,620,T
6-NA,1360,0,3,577,0,580,G
6-NA,1361,0,1,574,0,575,G
6-NA,1362,571,0,0,0,571,A
6-NA,1363,566,0,0,0,566,A
6-NA,1364,3,1,1,556,561,C
6-NA,1365,450,0,0,0,450,A
6-NA,1366,0,1,452,0,453,G
6-NA,1367,0,0,452,0,452,G
6-NA,1368,0,0,0,449,449,C
6-NA,1369,0,447,0,0,447,T
6-NA,1370,0,1,1,433,435,C
6-NA,1371,427,1,0,0,428,A
6-NA,1372,0,429,0,0,429,T
6-NA,1373,0,1,426,0,427,G
6-NA,1374,0,0,422,0,422,G
6-NA,1375,0,0,1,406,407,C
6-NA,1376,0,0,0,406,406,C
6-NA,1377,0,378,0,0,378,T
6-NA,1378,0,0,378,0,378,G
6-NA,1379,370,0,0,0,370,A
6-NA,1380,0,371,0,0,371,T
6-NA,1381,1,0,360,0,361,G
6-NA,1382,0,0,358,0,358,G
6-NA,1383,0,0,331,0,331,G
6-NA,1384,0,1,327,0,328,G
6-NA,1385,0,0,0,321,321,C
6-NA,1386,0,0,321,0,321,G
6-NA,1387,0,0,310,0,310,G
6-NA,1388,287,0,1,0,288,A
6-NA,1389,1,1,1,286,289,C
6-NA,1390,289,0,0,0,289,A
6-NA,1391,0,281,0,2,283,T
6-NA,1392,0,0,0,272,272,C
6-NA,1393,266,0,1,0,267,A
6-NA,1394,265,1,0,0,266,A
6-NA,1395,0,268,0,0,268,T
6-NA,1396,0,0,0,259,259,C
6-NA,1397,0,255,0,0,255,T
6-NA,1398,0,0,2,209,211,C
6-NA,1399,206,0,0,0,206,A
6-NA,1400,0,209,0,0,209,T
6-NA,1401,0,0,208,0,208,G
6-NA,1402,0,0,0,207,207,C
6-NA,1403,2,0,0,203,205,C
6-NA,1404,0,180,0,0,180,T
6-NA,1405,176,0,0,0,176,A
6-NA,1406,0,178,0,0,178,T
6-NA,1407,177,0,0,0,177,A
6-NA,1408,0,173,0,0,173,T
6-NA,1409,161,0,0,0,161,A
6-NA,1410,153,0,0,0,153,A
7-M,1,55,0,0,0,55,A
7-M,2,0,54,0,0,54,T
7-M,3,0,0,54,0,54,G
7-M,4,54,0,0,0,54,A
7-M,5,0,0,72,0,72,G
7-M,6,0,0,0,80,80,C
7-M,7,0,0,0,85,85,C
7-M,8,0,97,0,0,97,T
7-M,9,0,98,0,0,98,T
7-M,10,0,0,0,100,100,C
7-M,11,0,100,0,0,100,T
7-M,12,103,0,0,0,103,A
7-M,13,102,0,0,0,102,A
7-M,14,0,0,0,101,101,C
7-M,15,0,0,0,103,103,C
7-M,16,0,1,102,0,103,G
7-M,17,109,0,0,0,109,A
7-M,18,0,0,112,0,112,G
7-M,19,0,0,119,0,119,G
7-M,20,0,116,0,0,116,T
7-M,21,0,0,0,119,119,C
7-M,22,0,0,122,0,122,G
7-M,23,126,0,0,0,126,A
7-M,24,126,0,0,0,126,A
7-M,25,129,0,0,0,129,A
7-M,26,0,0,0,139,139,C
7-M,27,0,2,141,0,143,G
7-M,28,0,143,0,0,143,T
7-M,29,149,0,0,0,149,A
7-M,30,0,150,0,0,150,T
7-M,31,0,1,151,0,152,G
7-M,32,0,162,0,0,162,T
7-M,33,0,178,0,0,178,T
7-M,34,0,0,0,200,200,C
7-M,35,0,199,0,0,199,T
7-M,36,0,0,0,214,214,C
7-M,37,0,213,0,0,213,T
7-M,38,0,0,0,229,229,C
7-M,39,0,232,0,1,233,T
7-M,40,232,0,0,0,232,A
7-M,41,0,231,0,0,231,T
7-M,42,0,0,0,241,241,C
7-M,43,0,0,243,1,244,G
7-M,44,0,249,0,0,249,T
7-M,45,0,249,0,0,249,T
7-M,46,0,0,0,273,273,C
7-M,47,0,0,0,280,280,C
7-M,48,285,0,0,0,285,A
7-M,49,0,286,0,0,286,T
7-M,50,0,0,0,287,287,C
7-M,51,288,0,0,0,288,A
7-M,52,0,1,294,1,296,G
7-M,53,0,0,300,0,300,G
7-M,54,0,0,0,305,305,C
7-M,55,0,0,0,309,309,C
7-M,56,0,0,0,320,320,C
7-M,57,0,0,0,335,335,C
7-M,58,0,1,0,334,335,C
7-M,59,0,333,0,2,335,T
7-M,60,0,0,0,339,339,C
7-M,61,340,0,0,0,340,A
7-M,62,342,0,0,0,342,A
7-M,63,343,0,1,0,344,A
7-M,64,0,0,347,0,347,G
7-M,65,0,0,0,349,349,C
7-M,66,0,0,0,346,346,C
7-M,67,0,0,348,0,348,G
7-M,68,344,0,0,0,344,A
7-M,69,1,1,344,0,346,G
7-M,70,347,0,0,0,347,A
7-M,71,0,348,0,0,348,T
7-M,72,0,0,0,352,352,C
7-M,73,0,1,352,0,353,G
7-M,74,0,0,0,359,359,C
7-M,75,0,0,356,2,358,G
7-M,76,0,0,1,359,360,C
7-M,77,356,0,1,0,357,A
7-M,78,0,1,361,2,364,G
7-M,79,357,0,0,0,357,A
7-M,80,0,0,385,0,385,G
7-M,81,381,0,1,0,382,A
7-M,82,0,0,0,391,391,C
7-M,83,0,391,0,1,392,T
7-M,84,1,390,0,0,391,T
7-M,85,0,2,388,1,391,G
7-M,86,392,0,1,0,393,A
7-M,87,393,0,0,0,393,A
7-M,88,0,0,390,0,390,G
7-M,89,388,0,0,0,388,A
7-M,90,0,386,0,0,386,T
7-M,91,0,2,389,0,391,G
7-M,92,0,389,0,1,390,T
7-M,93,2,0,1,386,389,C
7-M,94,0,387,0,0,387,T
7-M,95,0,388,0,0,388,T
7-M,96,0,389,0,0,389,T
7-M,97,0,1,389,0,390,G
7-M,98,0,0,0,387,387,C
7-M,99,0,389,0,0,389,T
7-M,100,0,1,385,0,386,G
7-M,101,0,1,383,0,384,G
7-M,102,0,2,390,0,392,G
7-M,103,392,0,0,0,392,A
7-M,104,394,0,0,0,394,A
7-M,105,394,0,0,0,394,A
7-M,106,399,0,0,0,399,A
7-M,107,406,0,0,0,406,A
7-M,108,1,0,0,407,408,C
7-M,109,408,0,0,0,408,A
7-M,110,1,0,0,407,408,C
7-M,111,406,0,0,0,406,A
7-M,112,0,0,416,1,417,G
7-M,113,418,0,0,0,418,A
7-M,114,0,422,0,0,422,T
7-M,115,1,1,0,432,434,C
7-M,116,0,425,0,0,425,T
7-M,117,0,428,0,0,428,T
7-M,118,0,0,425,0,425,G
7-M,119,424,0,1,0,425,A
7-M,120,0,0,430,0,430,G
7-M,121,0,1,431,0,432,G
7-M,122,1,0,0,447,448,C
7-M,123,0,442,0,0,442,T
7-M,124,1,0,0,484,485,C
7-M,125,0,483,0,1,484,T
7-M,126,1,1,0,487,489,C
7-M,127,488,0,1,0,489,A
7-M,128,0,490,0,0,490,T
7-M,129,0,0,488,1,489,G
7-M,130,0,1,488,0,489,G
7-M,131,485,0,0,0,485,A
7-M,132,486,0,0,0,486,A
7-M,133,0,461,0,0,461,T
7-M,134,0,0,478,0,478,G
7-M,135,0,0,484,0,484,G
7-M,136,0,1,0,485,486,C
7-M,137,0,484,0,0,484,T
7-M,138,484,0,0,0,484,A
7-M,139,482,0,0,0,482,A
7-M,140,491,0,0,0,491,A
7-M,141,0,2,501,0,503,G
7-M,142,502,0,1,0,503,A
7-M,143,2,2,0,491,495,C
7-M,144,476,0,1,0,477,A
7-M,145,474,0,1,0,475,A
7-M,146,0,2,494,1,497,G
7-M,147,493,0,1,0,494,A
7-M,148,0,0,0,497,497,C
7-M,149,2,0,0,494,496,C
7-M,150,490,0,1,0,491,A
7-M,151,498,0,0,0,498,A
7-M,152,0,504,0,0,504,T
7-M,153,0,508,1,0,509,T
7-M,154,0,0,0,519,519,C
7-M,155,0,512,0,0,512,T
7-M,156,1,0,515,1,517,G
7-M,157,0,515,0,2,517,T
7-M,158,1,0,1,513,515,C
7-M,159,515,0,0,0,515,A
7-M,160,0,0,0,537,537,C
7-M,161,0,0,0,538,538,C
7-M,162,1,533,0,0,534,T
7-M,163,1,1,0,538,540,C
7-M,164,0,533,0,1,534,T
7-M,165,1,2,550,2,555,G
7-M,166,555,0,1,0,556,A
7-M,167,0,0,1,557,558,C
7-M,168,0,555,0,0,555,T
7-M,169,542,0,1,0,543,A
7-M,170,536,0,2,0,538,A
7-M,171,0,0,541,1,542,G
7-M,172,0,1,545,0,546,G
7-M,173,0,0,545,0,545,G
7-M,174,1,0,545,0,546,G
7-M,175,546,0,0,0,546,A
7-M,176,0,545,0,0,545,T
7-M,177,0,541,0,0,541,T
7-M,178,0,539,0,0,539,T
7-M,179,0,538,0,0,538,T
7-M,180,1,1,536,0,538,G
7-M,181,0,1,534,0,535,G
7-M,182,0,1,536,0,537,G
7-M,183,0,0,537,0,537,G
7-M,184,0,521,0,3,524,T
7-M,185,0,531,0,0,531,T
7-M,186,0,528,0,0,528,T
7-M,187,0,1,529,0,530,G
7-M,188,0,526,0,0,526,T
7-M,189,0,517,0,0,517,T
7-M,190,0,539,0,0,539,T
7-M,191,0,541,0,0,541,T
7-M,192,1,1,1,543,546,C
7-M,193,545,0,1,0,546,A
7-M,194,0,0,0,558,558,C
7-M,195,1,0,552,0,553,G
7-M,196,0,0,0,552,552,C
7-M,197,0,551,0,1,552,T
7-M,198,0,0,0,572,572,C
7-M,199,571,0,1,0,572,A
7-M,200,0,0,1,576,577,C
7-M,201,0,0,1,581,582,C
7-M,202,0,1,592,1,594,G
7-M,203,0,601,0,0,601,T
7-M,204,1,1,606,1,609,G
7-M,205,0,0,0,610,610,C
7-M,206,0,0,0,610,610,C
7-M,207,1,2,0,607,610,C
7-M,208,595,0,1,1,597,A
7-M,209,0,0,604,0,604,G
7-M,210,0,601,0,0,601,T
7-M,211,0,2,604,1,607,G
7-M,212,613,0,1,0,614,A
7-M,213,0,0,620,0,620,G
7-M,214,0,1,0,607,608,C
7-M,215,0,2,614,0,616,G
7-M,216,610,0,1,0,611,A
7-M,217,0,0,615,0,615,G
7-M,218,0,2,616,0,618,G
7-M,219,622,0,0,0,622,A
7-M,220,0,1,0,630,631,C
7-M,221,0,617,0,0,617,T
7-M,222,1,1,625,1,628,G
7-M,223,2,3,1,620,626,C
7-M,224,626,0,0,0,626,A
7-M,225,0,3,635,0,638,G
7-M,226,1,0,0,635,636,C
7-M,227,2,0,635,0,637,G
7-M,228,0,633,0,0,633,T
7-M,229,633,0,0,0,633,A
7-M,230,0,2,625,2,629,G
7-M,231,630,0,0,0,630,A
7-M,232,3,0,0,629,632,C
7-M,233,0,0,631,0,631,G
7-M,234,0,0,0,626,626,C
7-M,235,0,619,0,1,620,T
7-M,236,0,626,0,0,626,T
7-M,237,0,626,0,0,626,T
7-M,238,0,0,660,1,661,G
7-M,239,0,661,0,0,661,T
7-M,240,0,0,0,662,662,C
7-M,241,2,0,0,661,663,C
7-M,242,663,0,0,0,663,A
7-M,243,662,0,0,0,662,A
7-M,244,662,0,1,0,663,A
7-M,245,665,0,0,0,665,A
7-M,246,0,664,0,1,665,T
7-M,247,0,0,673,0,673,G
7-M,248,2,0,0,675,677,C
7-M,249,0,0,0,684,684,C
7-M,250,1,0,0,686,687,C
7-M,251,0,684,0,2,686,T
7-M,252,0,4,4,718,726,C
7-M,253,728,0,0,0,728,A
7-M,254,730,0,2,0,732,A
7-M,255,0,728,0,1,729,T
7-M,256,1,2,734,0,737,G
7-M,257,0,1,735,0,736,G
7-M,258,1,1,734,1,737,G
7-M,259,739,0,0,0,739,A
7-M,260,736,0,1,0,737,A
7-M,261,0,704,0,1,705,T
7-M,262,0,0,711,0,711,G
7-M,263,0,1,705,1,707,G
7-M,264,701,0,0,0,701,A
7-M,265,1,3,696,1,701,G
7-M,266,693,0,0,0,693,A
7-M,267,0,0,0,685,685,C
7-M,268,1,0,0,708,709,C
7-M,269,1,0,1,711,713,C
7-M,270,722,0,0,0,722,A
7-M,271,722,0,0,0,722,A
7-M,272,722,0,1,1,724,A
7-M,273,0,723,0,0,723,T
7-M,274,740,0,0,0,740,A
7-M,275,742,0,1,0,743,A
7-M,276,0,0,0,725,725,C
7-M,277,727,0,1,0,728,A
7-M,278,0,722,0,1,723,T
7-M,279,0,4,729,1,734,G
7-M,280,0,1,736,0,737,G
7-M,281,739,0,1,0,740,A
7-M,282,0,0,0,743,743,C
7-M,283,727,0,0,0,727,A
7-M,284,725,0,1,0,726,A
7-M,285,723,0,1,0,724,A
7-M,286,0,1,725,0,726,G
7-M,287,2,0,2,737,741,C
7-M,288,725,0,1,0,726,A
7-M,289,0,1,736,0,737,G
7-M,290,0,734,0,0,734,T
7-M,291,0,732,0,0,732,T
7-M,292,738,0,0,0,738,A
7-M,293,733,0,0,0,733,A
7-M,294,738,0,0,0,738,A
7-M,295,0,0,1,753,754,C
7-M,296,1,735,0,1,737,T
7-M,297,0,0,803,0,803,G
7-M,298,0,797,0,0,797,T
7-M,299,800,0,1,0,801,A
7-M,300,1,798,0,0,799,T
7-M,301,787,0,0,0,787,A
7-M,302,0,1,787,0,788,G
7-M,303,0,1,778,0,779,G
7-M,304,771,0,1,0,772,A
7-M,305,774,0,0,0,774,A
7-M,306,718,0,1,0,719,A
7-M,307,0,0,0,734,734,C
7-M,308,0,733,0,0,733,T
7-M,309,0,732,0,0,732,T
7-M,310,732,0,0,0,732,A
7-M,311,728,0,1,0,729,A
7-M,312,1,4,730,1,736,G
7-M,313,733,0,1,0,734,A
7-M,314,0,3,734,2,739,G
7-M,315,0,0,738,0,738,G
7-M,316,0,0,735,1,736,G
7-M,317,719,0,0,0,719,A
7-M,318,0,2,721,1,724,G
7-M,319,727,0,0,0,727,A
7-M,320,0,727,0,1,728,T
7-M,321,727,0,0,0,727,A
7-M,322,723,0,0,0,723,A
7-M,323,0,0,0,733,733,C
7-M,324,0,0,738,2,740,G
7-M,325,0,732,0,1,733,T
7-M,326,0,726,0,0,726,T
7-M,327,0,0,0,722,722,C
7-M,328,5,0,1,722,728,C
7-M,329,726,0,0,0,726,A
7-M,330,0,728,0,0,728,T
7-M,331,0,3,714,1,718,G
7-M,332,1,1,712,0,714,G
7-M,333,1,0,718,0,719,G
7-M,334,0,1,720,0,721,G
7-M,335,0,0,0,714,714,C
7-M,336,1,0,0,712,713,C
7-M,337,715,0,0,0,715,A
7-M,338,716,0,0,0,716,A
7-M,339,719,0,0,0,719,A
7-M,340,0,3,722,0,725,G
7-M,341,721,0,0,0,721,A
7-M,342,709,0,0,0,709,A
7-M,343,705,0,0,1,706,A
7-M,344,0,705,0,0,705,T
7-M,345,698,0,0,0,698,A
7-M,346,0,0,708,0,708,G
7-M,347,0,0,0,709,709,C
7-M,348,0,697,0,2,699,T
7-M,349,0,0,1,709,710,C
7-M,350,0,705,0,0,705,T
7-M,351,4,2,1,717,724,C
7-M,352,727,0,0,0,727,A
7-M,353,0,1,720,1,722,G
7-M,354,0,712,0,2,714,T
7-M,355,0,724,0,0,724,T
7-M,356,729,0,0,0,729,A
7-M,357,0,732,0,0,732,T
7-M,358,0,726,0,0,726,T
7-M,359,4,0,0,726,730,C
7-M,360,0,721,0,1,722,T
7-M,361,0,1,723,2,726,G
7-M,362,2,1,1,716,720,C
7-M,363,0,722,0,1,723,T
7-M,364,0,0,723,0,723,G
7-M,365,1,0,722,0,723,G
7-M,366,0,712,0,0,712,T
7-M,367,0,3,709,0,712,G
7-M,368,1,1,0,705,707,C
7-M,369,710,0,0,0,710,A
7-M,370,1,0,0,720,721,C
7-M,371,0,707,0,0,707,T
7-M,372,1,716,0,0,717,T
7-M,373,38,0,679,1,718,G
7-M,374,1,1,0,705,707,C
7-M,375,4,1,0,708,713,C
7-M,376,714,0,0,0,714,A
7-M,377,0,1,717,0,718,G
7-M,378,0,720,0,1,721,T
7-M,379,0,716,0,0,716,T
7-M,380,0,2,726,1,729,G
7-M,381,2,0,3,717,722,C
7-M,382,723,0,0,0,723,A
7-M,383,0,721,0,2,723,T
7-M,384,0,1,714,2,717,G
7-M,385,1,0,737,0,738,G
7-M,386,0,0,749,0,749,G
7-M,387,0,0,0,754,754,C
7-M,388,0,0,0,775,775,C
7-M,389,0,756,0,1,757,T
7-M,390,1,0,2,765,768,C
7-M,391,796,0,1,0,797,A
7-M,392,0,814,0,0,814,T
7-M,393,837,0,0,0,837,A
7-M,394,0,828,0,0,828,T
7-M,395,803,0,1,0,804,A
7-M,396,3,1,4,853,861,C
7-M,397,838,0,0,0,838,A
7-M,398,840,0,0,0,840,A
7-M,399,0,841,0,0,841,T
7-M,400,802,0,1,0,803,A
7-M,401,0,1,810,1,812,G
7-M,402,1,0,800,0,801,G
7-M,403,798,1,1,0,800,A
7-M,404,0,795,0,0,795,T
7-M,405,0,4,732,1,737,G
7-M,406,0,0,735,0,735,G
7-M,407,1,0,724,0,725,G
7-M,408,0,1,730,0,731,G
7-M,409,0,1,728,0,729,G
7-M,410,0,1,0,718,719,C
7-M,411,0,690,0,1,691,T
7-M,412,2,2,703,3,710,G
7-M,413,0,704,0,0,704,T
7-M,414,702,0,2,0,704,A
7-M,415,701,0,0,0,701,A
7-M,416,0,0,0,709,709,C
7-M,417,1,0,0,695,696,C
7-M,418,687,0,0,0,687,A
7-M,419,0,0,0,689,689,C
7-M,420,0,690,0,0,690,T
7-M,421,0,1,694,2,697,G
7-M,422,688,0,0,0,688,A
7-M,423,694,0,1,0,695,A
7-M,424,0,2,691,0,693,G
7-M,425,0,680,0,0,680,T
7-M,426,0,0,674,0,674,G
7-M,427,1,0,669,1,671,G
7-M,428,0,0,0,678,678,C
7-M,429,684,0,0,0,684,A
7-M,430,0,679,0,1,680,T
7-M,431,0,674,0,1,675,T
7-M,432,0,679,0,0,679,T
7-M,433,0,1,688,0,689,G
7-M,434,0,0,684,1,685,G
7-M,435,0,0,0,683,683,C
7-M,436,1,0,0,684,685,C
7-M,437,0,681,0,0,681,T
7-M,438,0,2,707,0,709,G
7-M,439,1,0,708,2,711,G
7-M,440,0,709,1,0,710,T
7-M,441,722,0,0,0,722,A
7-M,442,0,673,0,0,673,T
7-M,443,2,2,684,0,688,G
7-M,444,0,678,0,0,678,T
7-M,445,0,0,675,0,675,G
7-M,446,2,0,1,674,677,C
7-M,447,668,0,0,0,668,A
7-M,448,664,0,1,0,665,A
7-M,449,1,0,1,671,673,C
7-M,450,664,0,0,0,664,A
7-M,451,0,667,0,0,667,T
7-M,452,1,0,669,0,670,G
7-M,453,0,661,0,0,661,T
7-M,454,1,2,658,0,661,G
7-M,455,656,0,1,2,659,A
7-M,456,0,2,655,1,658,G
7-M,457,5,0,0,653,658,C
7-M,458,632,0,0,0,632,A
7-M,459,0,1,641,0,642,G
7-M,460,631,0,0,0,631,A
7-M,461,0,631,0,0,631,T
7-M,462,0,633,0,0,633,T
7-M,463,0,2,636,0,638,G
7-M,464,0,0,0,634,634,C
7-M,465,0,637,0,0,637,T
7-M,466,2,1,634,0,637,G
7-M,467,634,1,0,0,635,A
7-M,468,0,1,1,713,715,C
7-M,469,0,714,0,1,715,T
7-M,470,1,0,0,732,733,C
7-M,471,0,1,1,726,728,C
7-M,472,1,1,0,729,731,C
7-M,473,726,0,0,0,726,A
7-M,474,0,1,733,0,734,G
7-M,475,3,1,2,726,732,C
7-M,476,732,0,0,0,732,A
7-M,477,2,0,0,733,735,C
7-M,478,692,0,0,0,692,A
7-M,479,0,0,723,0,723,G
7-M,480,0,0,725,0,725,G
7-M,481,0,728,0,0,728,T
7-M,482,1,0,0,737,738,C
7-M,483,0,729,0,2,731,T
7-M,484,0,1,2,729,732,C
7-M,485,731,0,1,0,732,A
7-M,486,0,736,0,1,737,T
7-M,487,733,0,0,0,733,A
7-M,488,0,1,732,0,733,G
7-M,489,0,0,727,0,727,G
7-M,490,1,2,3,719,725,C
7-M,491,721,0,0,0,721,A
7-M,492,721,0,1,0,722,A
7-M,493,717,0,0,0,717,A
7-M,494,0,713,0,0,713,T
7-M,495,1,1,713,1,716,G
7-M,496,0,0,718,0,718,G
7-M,497,0,710,0,0,710,T
7-M,498,0,2,714,0,716,G
7-M,499,0,0,711,0,711,G
7-M,500,0,0,0,715,715,C
7-M,501,718,0,1,0,719,A
7-M,502,715,0,3,0,718,A
7-M,503,0,0,0,734,734,C
7-M,504,731,0,0,0,731,A
7-M,505,732,0,0,0,732,A
7-M,506,0,0,0,737,737,C
7-M,507,1,0,1,734,736,C
7-M,508,731,0,0,0,731,A
7-M,509,742,0,0,0,742,A
7-M,510,0,747,0,0,747,T
7-M,511,1,0,0,744,745,C
7-M,512,0,0,0,743,743,C
7-M,513,750,0,0,0,750,A
7-M,514,0,747,0,0,747,T
7-M,515,0,755,0,0,755,T
7-M,516,754,0,0,0,754,A
7-M,517,756,0,0,1,757,A
7-M,518,0,762,0,1,763,T
7-M,519,756,0,0,0,756,A
7-M,520,756,0,1,0,757,A
7-M,521,0,4,756,3,763,G
7-M,522,748,0,0,0,748,A
7-M,523,2,0,1,762,765,C
7-M,524,758,0,2,0,760,A
7-M,525,0,758,0,0,758,T
7-M,526,1,2,756,1,760,G
7-M,527,750,0,1,0,751,A
7-M,528,1,1,758,0,760,G
7-M,529,761,0,1,0,762,A
7-M,530,752,0,1,0,753,A
7-M,531,2,0,1,754,757,C
7-M,532,714,0,0,0,714,A
7-M,533,1,1,724,1,727,G
7-M,534,717,0,0,0,717,A
7-M,535,727,0,0,0,727,A
7-M,536,0,724,0,1,725,T
7-M,537,0,0,723,0,723,G
7-M,538,0,0,717,0,717,G
7-M,539,0,708,0,1,709,T
7-M,540,0,702,0,1,703,T
7-M,541,1,708,0,0,709,T
7-M,542,0,715,0,0,715,T
7-M,543,0,1,721,1,723,G
7-M,544,0,0,722,0,722,G
7-M,545,1,0,0,711,712,C
7-M,546,0,0,0,720,720,C
7-M,547,710,0,0,0,710,A
7-M,548,0,0,729,0,729,G
7-M,549,2,2,0,734,738,C
7-M,550,748,0,0,0,748,A
7-M,551,1,1,0,767,769,C
7-M,552,0,762,0,1,763,T
7-M,553,763,0,1,0,764,A
7-M,554,2,1,4,758,765,C
7-M,555,787,0,0,0,787,A
7-M,556,0,0,800,0,800,G
7-M,557,3,0,1,782,786,C
7-M,558,0,765,0,2,767,T
7-M,559,767,0,0,0,767,A
7-M,560,765,0,0,0,765,A
7-M,561,0,0,772,1,773,G
7-M,562,0,0,780,0,780,G
7-M,563,2,0,0,776,778,C
7-M,564,0,757,0,0,757,T
7-M,565,750,0,0,0,750,A
7-M,566,0,751,0,0,751,T
7-M,567,0,2,755,2,759,G
7-M,568,1,0,759,0,760,G
7-M,569,745,0,1,0,746,A
7-M,570,0,2,751,0,753,G
7-M,571,1,0,2,729,732,C
7-M,572,701,0,0,0,701,A
7-M,573,702,0,0,0,702,A
7-M,574,694,0,0,0,694,A
7-M,575,0,700,0,1,701,T
7-M,576,1,1,704,1,707,G
7-M,577,0,1,700,0,701,G
7-M,578,1,1,0,696,698,C
7-M,579,0,703,0,0,703,T
7-M,580,1,5,699,0,705,G
7-M,581,0,1,710,0,711,G
7-M,582,706,0,0,0,706,A
7-M,583,0,704,0,3,707,T
7-M,584,1,0,1,707,709,C
7-M,585,694,0,0,0,694,A
7-M,586,701,0,0,0,701,A
7-M,587,1,0,708,0,709,G
7-M,588,0,706,0,0,706,T
7-M,589,0,4,707,0,711,G
7-M,590,700,0,0,0,700,A
7-M,591,0,1,699,1,701,G
7-M,592,3,0,0,692,695,C
7-M,593,694,0,0,0,694,A
7-M,594,0,0,700,0,700,G
7-M,595,1,0,689,0,690,G
7-M,596,0,3,2,688,693,C
7-M,597,696,0,0,0,696,A
7-M,598,0,0,687,0,687,G
7-M,599,0,0,0,687,687,C
7-M,600,0,678,0,0,678,T
7-M,601,1,3,685,0,689,G
7-M,602,697,0,1,0,698,A
7-M,603,0,0,703,0,703,G
7-M,604,0,0,696,0,696,G
7-M,605,0,1,0,693,694,C
7-M,606,1,0,0,687,688,C
7-M,607,682,0,1,0,683,A
7-M,608,0,681,0,0,681,T
7-M,609,0,5,681,1,687,G
7-M,610,0,0,688,1,689,G
7-M,611,678,0,0,0,678,A
7-M,612,0,1,684,0,685,G
7-M,613,668,0,0,0,668,A
7-M,614,0,668,0,1,669,T
7-M,615,0,655,0,0,655,T
7-M,616,0,0,661,0,661,G
7-M,617,2,0,0,654,656,C
7-M,618,0,657,0,0,657,T
7-M,619,667,0,0,0,667,A
7-M,620,0,1,663,1,665,G
7-M,621,0,656,0,1,657,T
7-M,622,2,1,1,652,656,C
7-M,623,641,0,0,0,641,A
7-M,624,1,0,649,0,650,G
7-M,625,0,0,646,0,646,G
7-M,626,0,0,0,643,643,C
7-M,627,0,0,1,646,647,C
7-M,628,647,0,0,0,647,A
7-M,629,0,1,652,0,653,G
7-M,630,0,1,650,0,651,G
7-M,631,1,1,0,646,648,C
7-M,632,650,0,2,0,652,A
7-M,633,0,1,647,0,648,G
7-M,634,636,1,0,0,637,A
7-M,635,0,635,0,0,635,T
7-M,636,0,1,648,0,649,G
7-M,637,0,1,661,1,663,G
7-M,638,0,639,0,1,640,T
7-M,639,0,4,637,0,641,G
7-M,640,2,2,2,641,647,C
7-M,641,643,0,0,0,643,A
7-M,642,0,0,648,0,648,G
7-M,643,1,0,645,0,646,G
7-M,644,2,0,0,643,645,C
7-M,645,639,0,0,0,639,A
7-M,646,630,1,0,0,631,A
7-M,647,0,624,0,1,625,T
7-M,648,0,3,621,3,627,G
7-M,649,625,0,2,0,627,A
7-M,650,0,0,631,0,631,G
7-M,651,608,0,0,0,608,A
7-M,652,0,1,612,0,613,G
7-M,653,1,0,0,610,611,C
7-M,654,0,0,0,613,613,C
7-M,655,609,0,0,0,609,A
7-M,656,0,609,0,0,609,T
7-M,657,0,612,0,0,612,T
7-M,658,1,2,608,0,611,G
7-M,659,0,1,612,1,614,G
7-M,660,0,1,615,0,616,G
7-M,661,615,0,1,0,616,A
7-M,662,0,0,0,610,610,C
7-M,663,0,581,0,0,581,T
7-M,664,2,0,1,586,589,C
7-M,665,598,0,0,0,598,A
7-M,666,0,621,0,0,621,T
7-M,667,1,0,3,618,622,C
7-M,668,0,0,0,619,619,C
7-M,669,0,615,0,0,615,T
7-M,670,618,0,0,0,618,A
7-M,671,0,1,647,2,650,G
7-M,672,1,689,0,2,692,T
7-M,673,0,688,0,1,689,T
7-M,674,0,0,1,686,687,C
7-M,675,3,2,0,671,676,C
7-M,676,679,0,0,0,679,A
7-M,677,2,1,688,1,692,G
7-M,678,0,689,0,0,689,T
7-M,679,691,0,0,0,691,A
7-M,680,0,0,0,691,691,C
7-M,681,0,630,0,0,630,T
7-M,682,0,3,659,1,663,G
7-M,683,0,0,678,0,678,G
7-M,684,0,674,0,0,674,T
7-M,685,1,0,1,675,677,C
7-M,686,0,670,0,0,670,T
7-M,687,672,0,0,0,672,A
7-M,688,673,0,1,0,674,A
7-M,689,1,1,676,1,679,G
7-M,690,666,0,0,0,666,A
7-M,691,0,2,662,0,664,G
7-M,692,632,0,0,0,632,A
7-M,693,0,623,0,0,623,T
7-M,694,0,0,625,0,625,G
7-M,695,624,0,0,0,624,A
7-M,696,0,620,0,0,620,T
7-M,697,0,0,0,622,622,C
7-M,698,0,613,0,0,613,T
7-M,699,0,618,0,0,618,T
7-M,700,2,0,1,613,616,C
7-M,701,0,621,0,0,621,T
7-M,702,0,619,0,0,619,T
7-M,703,1,1,617,1,620,G
7-M,704,618,0,1,0,619,A
7-M,705,615,0,1,0,616,A
7-M,706,620,0,0,0,620,A
7-M,707,620,0,0,0,620,A
7-M,708,0,621,0,0,621,T
7-M,709,0,625,0,1,626,T
7-M,710,0,626,0,0,626,T
7-M,711,0,0,626,0,626,G
7-M,712,3,1,0,621,625,C
7-M,713,622,0,3,0,625,A
7-M,714,1,3,618,1,623,G
7-M,715,620,0,2,0,622,A
7-M,716,1,1,0,655,657,C
7-M,717,2,0,0,650,652,C
7-M,718,0,648,0,0,648,T
7-M,719,657,0,1,0,658,A
7-M,720,1,653,0,0,654,T
7-M,721,3,1,0,653,657,C
7-M,722,659,0,0,0,659,A
7-M,723,0,0,657,2,659,G
7-M,724,657,0,1,0,658,A
7-M,725,646,0,0,0,646,A
7-M,726,642,0,1,0,643,A
7-M,727,0,1,0,648,649,C
7-M,728,0,0,652,0,652,G
7-M,729,635,0,0,0,635,A
7-M,730,636,0,1,0,637,A
7-M,731,0,641,0,0,641,T
7-M,732,0,2,639,0,641,G
7-M,733,1,1,644,0,646,G
7-M,734,0,1,643,0,644,G
7-M,735,0,0,643,0,643,G
7-M,736,0,0,645,0,645,G
7-M,737,0,618,0,0,618,T
7-M,738,0,4,615,0,619,G
7-M,739,2,0,2,619,623,C
7-M,740,614,1,0,0,615,A
7-M,741,0,0,619,1,620,G
7-M,742,620,0,0,0,620,A
7-M,743,0,600,0,0,600,T
7-M,744,0,1,594,1,596,G
7-M,745,1,0,0,590,591,C
7-M,746,592,0,0,0,592,A
7-M,747,590,0,0,0,590,A
7-M,748,2,0,0,596,598,C
7-M,749,0,0,601,0,601,G
7-M,750,596,0,0,0,596,A
7-M,751,0,598,0,1,599,T
7-M,752,0,597,0,0,597,T
7-M,753,2,2,1,602,607,C
7-M,754,604,0,1,0,605,A
7-M,755,606,0,1,0,607,A
7-M,756,0,3,604,0,607,G
7-M,757,0,595,0,0,595,T
7-M,758,1,1,592,0,594,G
7-M,759,580,0,0,0,580,A
7-M,760,0,0,0,584,584,C
7-M,761,0,2,0,581,583,C
7-M,762,0,1,0,578,579,C
7-M,763,1,0,583,1,585,G
7-M,764,1,0,0,585,586,C
7-M,765,0,582,1,1,584,T
7-M,766,0,590,0,0,590,T
7-M,767,0,1,582,1,584,G
7-M,768,0,578,0,0,578,T
7-M,769,0,583,0,1,584,T
7-M,770,0,0,584,0,584,G
7-M,771,0,573,0,0,573,T
7-M,772,0,562,0,0,562,T
7-M,773,0,1,561,0,562,G
7-M,774,0,0,0,560,560,C
7-M,775,1,1,0,553,555,C
7-M,776,1,0,557,0,558,G
7-M,777,0,0,0,543,543,C
7-M,778,0,1,554,0,555,G
7-M,779,551,0,0,0,551,A
7-M,780,563,0,0,0,563,A
7-M,781,0,564,0,0,564,T
7-M,782,564,0,0,0,564,A
7-M,783,0,569,0,0,569,T
7-M,784,1,0,1,577,579,C
7-M,785,579,0,0,0,579,A
7-M,786,0,579,0,0,579,T
7-M,787,0,579,0,0,579,T
7-M,788,0,0,579,0,579,G
7-M,789,0,1,576,0,577,G
7-M,790,0,1,577,0,578,G
7-M,791,584,0,0,0,584,A
7-M,792,0,581,0,0,581,T
7-M,793,0,0,0,543,543,C
7-M,794,0,536,0,0,536,T
7-M,795,0,539,0,0,539,T
7-M,796,1,1,539,0,541,G
7-M,797,0,0,1,538,539,C
7-M,798,539,0,0,0,539,A
7-M,799,1,0,0,546,547,C
7-M,800,0,537,0,0,537,T
7-M,801,0,533,0,0,533,T
7-M,802,0,0,532,0,532,G
7-M,803,541,0,0,0,541,A
7-M,804,0,538,0,0,538,T
7-M,805,532,0,0,0,532,A
7-M,806,0,527,0,1,528,T
7-M,807,0,521,0,0,521,T
7-M,808,0,1,530,0,531,G
7-M,809,0,525,0,1,526,T
7-M,810,0,2,523,0,525,G
7-M,811,0,0,526,0,526,G
7-M,812,514,0,0,0,514,A
7-M,813,0,509,0,0,509,T
7-M,814,0,506,0,3,509,T
7-M,815,0,1,0,505,506,C
7-M,816,0,505,0,1,506,T
7-M,817,0,504,0,0,504,T
7-M,818,0,1,501,0,502,G
7-M,819,497,0,0,0,497,A
7-M,820,0,500,0,0,500,T
7-M,821,1,1,0,494,496,C
7-M,822,0,0,497,0,497,G
7-M,823,1,0,0,481,482,C
7-M,824,0,0,1,491,492,C
7-M,825,0,491,0,2,493,T
7-M,826,0,493,0,0,493,T
7-M,827,0,494,0,0,494,T
7-M,828,0,495,0,0,495,T
7-M,829,0,497,0,0,497,T
7-M,830,0,497,0,0,497,T
7-M,831,0,495,0,1,496,T
7-M,832,0,0,1,493,494,C
7-M,833,494,0,0,0,494,A
7-M,834,492,1,0,0,493,A
7-M,835,494,0,0,0,494,A
7-M,836,0,490,0,1,491,T
7-M,837,1,1,496,0,498,G
7-M,838,1,1,0,492,494,C
7-M,839,0,2,492,0,494,G
7-M,840,0,502,0,5,507,T
7-M,841,2,0,1,502,505,C
7-M,842,0,505,0,0,505,T
7-M,843,502,0,0,0,502,A
7-M,844,0,501,0,0,501,T
7-M,845,1,0,0,499,500,C
7-M,846,0,2,498,1,501,G
7-M,847,491,0,0,0,491,A
7-M,848,2,0,0,493,495,C
7-M,849,0,484,0,1,485,T
7-M,850,0,1,0,493,494,C
7-M,851,0,490,0,0,490,T
7-M,852,0,489,0,0,489,T
7-M,853,3,1,0,485,489,C
7-M,854,491,0,0,0,491,A
7-M,855,490,0,0,0,490,A
7-M,856,490,0,0,0,490,A
7-M,857,2,0,0,487,489,C
7-M,858,481,0,0,0,481,A
7-M,859,0,0,0,468,468,C
7-M,860,0,1,460,0,461,G
7-M,861,0,0,474,0,474,G
7-M,862,0,0,0,463,463,C
7-M,863,2,1,0,466,469,C
7-M,864,0,468,1,2,471,T
7-M,865,0,474,0,0,474,T
7-M,866,474,0,0,0,474,A
7-M,867,470,0,0,0,470,A
7-M,868,471,0,0,0,471,A
7-M,869,0,3,379,0,382,G
7-M,870,0,0,382,0,382,G
7-M,871,0,0,380,0,380,G
7-M,872,0,1,381,0,382,G
7-M,873,0,0,383,0,383,G
7-M,874,0,0,2,380,382,C
7-M,875,0,0,0,380,380,C
7-M,876,0,0,0,381,381,C
7-M,877,0,377,0,0,377,T
7-M,878,0,376,0,0,376,T
7-M,879,3,0,2,376,381,C
7-M,880,0,380,1,0,381,T
7-M,881,378,0,0,0,378,A
7-M,882,0,1,1,373,375,C
7-M,883,0,0,371,0,371,G
7-M,884,0,1,373,1,375,G
7-M,885,366,1,0,0,367,A
7-M,886,365,0,0,0,365,A
7-M,887,0,0,363,0,363,G
7-M,888,1,1,357,0,359,G
7-M,889,341,0,0,0,341,A
7-M,890,0,0,348,0,348,G
7-M,891,0,331,0,1,332,T
7-M,892,1,1,318,0,320,G
7-M,893,0,0,0,319,319,C
7-M,894,1,0,0,325,326,C
7-M,895,0,326,0,0,326,T
7-M,896,0,1,332,2,335,G
7-M,897,322,0,1,0,323,A
7-M,898,0,0,330,0,330,G
7-M,899,0,319,0,0,319,T
7-M,900,2,0,1,314,317,C
7-M,901,0,297,0,0,297,T
7-M,902,293,0,0,0,293,A
7-M,903,0,292,0,0,292,T
7-M,904,0,0,293,0,293,G
7-M,905,287,0,0,0,287,A
7-M,906,0,0,285,0,285,G
7-M,907,0,0,261,0,261,G
7-M,908,0,0,261,0,261,G
7-M,909,249,0,0,0,249,A
7-M,910,245,0,0,0,245,A
7-M,911,0,0,241,0,241,G
7-M,912,231,0,0,0,231,A
7-M,913,233,0,0,0,233,A
7-M,914,0,227,0,0,227,T
7-M,915,225,0,0,0,225,A
7-M,916,0,226,0,0,226,T
7-M,917,0,3,0,217,220,C
7-M,918,0,0,221,0,221,G
7-M,919,220,0,0,0,220,A
7-M,920,215,0,0,0,215,A
7-M,921,216,0,0,0,216,A
7-M,922,0,1,216,0,217,G
7-M,923,0,0,221,0,221,G
7-M,924,216,0,0,0,216,A
7-M,925,215,0,0,0,215,A
7-M,926,2,0,0,212,214,C
7-M,927,207,0,1,0,208,A
7-M,928,0,0,205,0,205,G
7-M,929,0,1,1,203,205,C
7-M,930,208,0,0,0,208,A
7-M,931,1,0,205,1,207,G
7-M,932,192,0,0,0,192,A
7-M,933,194,0,0,0,194,A
7-M,934,0,189,0,1,190,T
7-M,935,0,0,181,1,182,G
7-M,936,0,0,0,181,181,C
7-M,937,0,169,0,0,169,T
7-M,938,0,0,170,0,170,G
7-M,939,0,167,0,0,167,T
7-M,940,0,0,168,0,168,G
7-M,941,0,0,167,0,167,G
7-M,942,157,0,0,0,157,A
7-M,943,0,157,0,0,157,T
7-M,944,0,0,147,0,147,G
7-M,945,0,1,0,142,143,C
7-M,946,0,139,0,0,139,T
7-M,947,0,1,135,0,136,G
7-M,948,136,0,0,0,136,A
7-M,949,1,0,0,134,135,C
7-M,950,0,0,131,0,131,G
7-M,951,127,0,1,0,128,A
7-M,952,0,0,0,130,130,C
7-M,953,120,0,0,0,120,A
7-M,954,0,0,121,0,121,G
7-M,955,0,118,0,0,118,T
7-M,956,1,1,0,116,118,C
7-M,957,118,0,0,0,118,A
7-M,958,0,116,0,0,116,T
7-M,959,0,115,0,0,115,T
7-M,960,0,117,0,0,117,T
7-M,961,0,107,0,0,107,T
7-M,962,0,0,107,0,107,G
7-M,963,0,97,0,0,97,T
7-M,964,2,0,0,95,97,C
7-M,965,93,0,0,0,93,A
7-M,966,0,0,93,0,93,G
7-M,967,0,1,2,89,92,C
7-M,968,93,0,0,0,93,A
7-M,969,0,91,0,0,91,T
7-M,970,87,0,0,0,87,A
7-M,971,0,0,86,0,86,G
7-M,972,78,0,0,0,78,A
7-M,973,0,0,78,0,78,G
7-M,974,0,76,0,0,76,T
7-M,975,0,53,0,0,53,T
7-M,976,0,0,51,0,51,G
7-M,977,0,0,51,0,51,G
7-M,978,51,0,0,0,51,A
7-M,979,0,0,51,0,51,G
7-M,980,0,30,0,0,30,T
7-M,981,15,0,0,0,15,A
7-M,982,13,0,0,0,13,A
8-NS,1,139,0,0,0,139,A
8-NS,2,0,139,0,0,139,T
8-NS,3,0,0,153,0,153,G
8-NS,4,0,0,173,0,173,G
8-NS,5,214,0,0,0,214,A
8-NS,6,0,365,0,0,365,T
8-NS,7,0,367,0,0,367,T
8-NS,8,0,1,0,402,403,C
8-NS,9,0,0,0,405,405,C
8-NS,10,405,0,1,0,406,A
8-NS,11,404,0,2,0,406,A
8-NS,12,0,1,0,410,411,C
8-NS,13,414,0,0,0,414,A
8-NS,14,1,0,0,419,420,C
8-NS,15,0,418,0,1,419,T
8-NS,16,1,1,472,1,475,G
8-NS,17,0,475,0,1,476,T
8-NS,18,0,0,480,0,480,G
8-NS,19,0,479,0,4,483,T
8-NS,20,0,0,0,477,477,C
8-NS,21,484,0,0,0,484,A
8-NS,22,483,0,0,0,483,A
8-NS,23,0,1,514,0,515,G
8-NS,24,0,537,0,0,537,T
8-NS,25,0,541,0,0,541,T
8-NS,26,0,543,0,0,543,T
8-NS,27,0,0,0,546,546,C
8-NS,28,1,0,0,547,548,C
8-NS,29,546,0,1,0,547,A
8-NS,30,0,4,547,0,551,G
8-NS,31,0,1,549,1,551,G
8-NS,32,0,543,0,0,543,T
8-NS,33,556,0,0,0,556,A
8-NS,34,0,2,566,0,568,G
8-NS,35,562,0,0,0,562,A
8-NS,36,0,565,0,0,565,T
8-NS,37,0,566,0,0,566,T
8-NS,38,0,0,576,2,578,G
8-NS,39,1,0,0,575,576,C
8-NS,40,0,575,0,0,575,T
8-NS,41,0,586,0,0,586,T
8-NS,42,0,588,0,0,588,T
8-NS,43,0,0,0,603,603,C
8-NS,44,0,600,0,1,601,T
8-NS,45,0,600,0,1,601,T
8-NS,46,0,605,0,0,605,T
8-NS,47,0,4,606,0,610,G
8-NS,48,0,0,608,0,608,G
8-NS,49,0,0,1,610,611,C
8-NS,50,614,0,0,0,614,A
8-NS,51,0,621,0,1,622,T
8-NS,52,629,0,0,0,629,A
8-NS,53,0,641,0,1,642,T
8-NS,54,0,1,0,641,642,C
8-NS,55,0,1,0,637,638,C
8-NS,56,1,2,640,0,643,G
8-NS,57,1,0,653,1,655,G
8-NS,58,651,0,0,0,651,A
8-NS,59,655,0,0,0,655,A
8-NS,60,660,0,0,0,660,A
8-NS,61,0,0,1,663,664,C
8-NS,62,664,0,0,0,664,A
8-NS,63,660,0,0,0,660,A
8-NS,64,0,1,695,0,696,G
8-NS,65,0,691,0,2,693,T
8-NS,66,0,696,0,1,697,T
8-NS,67,2,0,690,2,694,G
8-NS,68,0,697,0,0,697,T
8-NS,69,693,0,0,0,693,A
8-NS,70,1,0,698,1,700,G
8-NS,71,748,0,0,0,748,A
8-NS,72,1,0,0,761,762,C
8-NS,73,3,0,0,745,748,C
8-NS,74,751,0,0,0,751,A
8-NS,75,750,0,0,0,750,A
8-NS,76,1,1,780,1,783,G
8-NS,77,779,0,1,0,780,A
8-NS,78,789,0,1,0,790,A
8-NS,79,0,0,1,792,793,C
8-NS,80,0,782,0,0,782,T
8-NS,81,0,2,784,2,788,G
8-NS,82,781,0,0,0,781,A
8-NS,83,1,0,802,1,804,G
8-NS,84,0,794,0,1,795,T
8-NS,85,0,2,780,0,782,G
8-NS,86,783,0,1,0,784,A
8-NS,87,0,782,0,0,782,T
8-NS,88,1,1,808,0,810,G
8-NS,89,0,0,0,827,827,C
8-NS,90,1,0,0,821,822,C
8-NS,91,0,0,0,834,834,C
8-NS,92,1,1,0,833,835,C
8-NS,93,836,0,1,0,837,A
8-NS,94,0,853,0,1,854,T
8-NS,95,0,860,0,1,861,T
8-NS,96,1,0,0,873,874,C
8-NS,97,0,0,0,861,861,C
8-NS,98,0,857,0,2,859,T
8-NS,99,0,857,0,0,857,T
8-NS,100,1,3,854,3,861,G
8-NS,101,854,0,1,0,855,A
8-NS,102,0,855,0,0,855,T
8-NS,103,0,1,0,856,857,C
8-NS,104,1,3,845,0,849,G
8-NS,105,0,2,847,0,849,G
8-NS,106,0,0,0,859,859,C
8-NS,107,0,849,0,2,851,T
8-NS,108,0,866,0,0,866,T
8-NS,109,1,1,0,863,865,C
8-NS,110,0,0,864,0,864,G
8-NS,111,0,0,0,873,873,C
8-NS,112,0,0,0,869,869,C
8-NS,113,1,1,875,1,878,G
8-NS,114,871,0,0,0,871,A
8-NS,115,0,1,915,1,917,G
8-NS,116,918,0,0,0,918,A
8-NS,117,0,919,0,1,920,T
8-NS,118,5,0,3,914,922,C
8-NS,119,916,0,2,0,918,A
8-NS,120,0,4,914,2,920,G
8-NS,121,920,0,1,0,921,A
8-NS,122,0,1,952,0,953,G
8-NS,123,0,0,989,1,990,G
8-NS,124,0,986,0,0,986,T
8-NS,125,1,0,0,1028,1029,C
8-NS,126,1,0,0,1031,1032,C
8-NS,127,0,1,3,1038,1042,C
8-NS,128,0,1042,0,2,1044,T
8-NS,129,1044,0,1,0,1045,A
8-NS,130,1047,0,0,0,1047,A
8-NS,131,1,2,1061,0,1064,G
8-NS,132,1,2,1057,0,1060,G
8-NS,133,1,0,1043,1,1045,G
8-NS,134,2,2,1023,4,1031,G
8-NS,135,1012,0,3,0,1015,A
8-NS,136,1015,0,1,0,1016,A
8-NS,137,1,3,1015,2,1021,G
8-NS,138,1032,0,1,0,1033,A
8-NS,139,0,0,1057,0,1057,G
8-NS,140,0,0,1052,1,1053,G
8-NS,141,2,0,3,1044,1049,C
8-NS,142,1040,0,0,0,1040,A
8-NS,143,1052,1,0,0,1053,A
8-NS,144,1,1052,0,0,1053,T
8-NS,145,1063,0,1,0,1064,A
8-NS,146,0,0,0,1086,1086,C
8-NS,147,0,1066,0,0,1066,T
8-NS,148,4,1,0,1064,1069,C
8-NS,149,0,1065,0,0,1065,T
8-NS,150,0,1,0,1081,1082,C
8-NS,151,0,0,1092,0,1092,G
8-NS,152,1,3,1125,0,1129,G
8-NS,153,0,1136,0,0,1136,T
8-NS,154,2,0,2,1149,1153,C
8-NS,155,0,1136,0,0,1136,T
8-NS,156,1153,0,2,0,1155,A
8-NS,157,0,4,1150,2,1156,G
8-NS,158,1154,0,1,0,1155,A
8-NS,159,1,0,1,1193,1195,C
8-NS,160,1180,0,1,0,1181,A
8-NS,161,0,1165,0,0,1165,T
8-NS,162,2,1,3,1150,1156,C
8-NS,163,1158,0,0,0,1158,A
8-NS,164,1161,0,0,0,1161,A
8-NS,165,1154,0,0,0,1154,A
8-NS,166,3,2,1160,0,1165,G
8-NS,167,3,0,4,1179,1186,C
8-NS,168,1176,0,0,0,1176,A
8-NS,169,1,1,1194,1,1197,G
8-NS,170,0,0,0,1206,1206,C
8-NS,171,2,0,0,1226,1228,C
8-NS,172,1230,1,0,0,1231,A
8-NS,173,0,1,0,1252,1253,C
8-NS,174,1,0,0,1253,1254,C
8-NS,175,4,1,0,1251,1256,C
8-NS,176,1262,1,0,0,1263,A
8-NS,177,0,1268,0,0,1268,T
8-NS,178,0,0,1268,2,1270,G
8-NS,179,0,1268,0,0,1268,T
8-NS,180,0,1271,0,2,1273,T
8-NS,181,1,3,1268,1,1273,G
8-NS,182,0,2,1259,0,1261,G
8-NS,183,1246,0,1,0,1247,A
8-NS,184,1249,0,4,0,1253,A
8-NS,185,1231,0,3,0,1234,A
8-NS,186,0,2,1235,0,1237,G
8-NS,187,1,0,1,1232,1234,C
8-NS,188,1226,0,0,0,1226,A
8-NS,189,1221,0,1,0,1222,A
8-NS,190,1222,0,0,0,1222,A
8-NS,191,0,1238,0,1,1239,T
8-NS,192,0,1237,0,1,1238,T
8-NS,193,0,4,1260,3,1267,G
8-NS,194,0,1267,0,1,1268,T
8-NS,195,1257,0,1,0,1258,A
8-NS,196,1,2,1255,0,1258,G
8-NS,197,1262,0,2,0,1264,A
8-NS,198,1262,1,0,0,1263,A
8-NS,199,1258,0,0,0,1258,A
8-NS,200,1253,0,0,0,1253,A
8-NS,201,0,0,1257,1,1258,G
8-NS,202,1233,0,1,0,1234,A
8-NS,203,0,1237,0,1,1238,T
8-NS,204,0,1242,0,0,1242,T
8-NS,205,0,1,1,1237,1239,C
8-NS,206,0,1240,0,1,1241,T
8-NS,207,2,0,1240,4,1246,G
8-NS,208,1240,0,2,0,1242,A
8-NS,209,1239,0,0,0,1239,A
8-NS,210,1227,0,4,0,1231,A
8-NS,211,0,0,1255,0,1255,G
8-NS,212,1244,0,0,0,1244,A
8-NS,213,1243,0,0,0,1243,A
8-NS,214,0,2,1254,0,1256,G
8-NS,215,1260,0,1,0,1261,A
8-NS,216,1265,0,0,0,1265,A
8-NS,217,0,1255,0,1,1256,T
8-NS,218,4,1,0,1259,1264,C
8-NS,219,0,1260,0,2,1262,T
8-NS,220,0,5,1258,2,1265,G
8-NS,221,1257,0,3,0,1260,A
8-NS,222,0,1262,0,1,1263,T
8-NS,223,1,1,1250,3,1255,G
8-NS,224,1234,1,0,0,1235,A
8-NS,225,1,2,1221,0,1224,G
8-NS,226,1,0,1222,0,1223,G
8-NS,227,2,1,2,1223,1228,C
8-NS,228,1224,0,0,0,1224,A
8-NS,229,0,0,0,1244,1244,C
8-NS,230,1,1237,0,1,1239,T
8-NS,231,0,1239,0,1,1240,T
8-NS,232,1247,0,0,0,1247,A
8-NS,233,1250,0,0,0,1250,A
8-NS,234,1246,0,1,0,1247,A
8-NS,235,1249,1,1,0,1251,A
8-NS,236,0,1275,0,0,1275,T
8-NS,237,1,2,1278,0,1281,G
8-NS,238,1279,0,1,0,1280,A
8-NS,239,1,0,0,1277,1278,C
8-NS,240,3,0,0,1277,1280,C
8-NS,241,1275,0,3,1,1279,A
8-NS,242,0,1281,0,0,1281,T
8-NS,243,0,3,1313,1,1317,G
8-NS,244,0,0,1355,0,1355,G
8-NS,245,0,1366,0,1,1367,T
8-NS,246,1,1,0,1455,1457,C
8-NS,247,0,1453,0,4,1457,T
8-NS,248,1,0,1,1483,1485,C
8-NS,249,8,2,1,1482,1493,C
8-NS,250,1491,0,3,0,1494,A
8-NS,251,1,1,0,1517,1519,C
8-NS,252,1497,0,0,0,1497,A
8-NS,253,0,1,0,1503,1504,C
8-NS,254,1,0,0,1505,1506,C
8-NS,255,0,1464,0,4,1468,T
8-NS,256,0,16,1464,5,1485,G
8-NS,257,0,0,1,1479,1480,C
8-NS,258,0,1472,0,2,1474,T
8-NS,259,0,1483,0,5,1488,T
8-NS,260,1,2,0,1473,1476,C
8-NS,261,2,2,1467,1,1472,G
8-NS,262,1,0,0,1467,1468,C
8-NS,263,2,1,1469,1,1473,G
8-NS,264,1571,0,1,0,1572,A
8-NS,265,0,1569,0,0,1569,T
8-NS,266,1611,0,0,0,1611,A
8-NS,267,5,2,1,1612,1620,C
8-NS,268,1604,0,4,0,1608,A
8-NS,269,0,1646,0,0,1646,T
8-NS,270,1640,0,2,0,1642,A
8-NS,271,1658,0,2,0,1660,A
8-NS,272,2,1,3,1659,1665,C
8-NS,273,0,1631,0,1,1632,T
8-NS,274,1,3,1651,1,1656,G
8-NS,275,1622,0,2,0,1624,A
8-NS,276,2,2,1,1634,1639,C
8-NS,277,1636,0,0,0,1636,A
8-NS,278,0,1632,0,0,1632,T
8-NS,279,0,2,1619,6,1627,G
8-NS,280,1622,0,2,0,1624,A
8-NS,281,2,0,1,1663,1666,C
8-NS,282,0,1664,0,0,1664,T
8-NS,283,1667,0,0,0,1667,A
8-NS,284,0,1656,0,2,1658,T
8-NS,285,0,1647,0,0,1647,T
8-NS,286,0,3,1645,1,1649,G
8-NS,287,1629,0,2,0,1631,A
8-NS,288,0,0,1630,1,1631,G
8-NS,289,0,3,1629,0,1632,G
8-NS,290,1573,0,2,0,1575,A
8-NS,291,1574,0,1,0,1575,A
8-NS,292,0,1553,0,1,1554,T
8-NS,293,1,1527,0,0,1528,T
8-NS,294,0,2,1549,0,1551,G
8-NS,295,0,1547,0,0,1547,T
8-NS,296,2,2,0,1550,1554,C
8-NS,297,1555,0,1,0,1556,A
8-NS,298,1556,0,1,0,1557,A
8-NS,299,1,2,1552,0,1555,G
8-NS,300,1562,0,0,0,1562,A
8-NS,301,1556,0,0,0,1556,A
8-NS,302,1564,0,2,0,1566,A
8-NS,303,0,0,0,1555,1555,C
8-NS,304,0,1536,0,1,1537,T
8-NS,305,0,5,1567,1,1573,G
8-NS,306,0,0,1580,1,1581,G
8-NS,307,0,1587,0,0,1587,T
8-NS,308,0,1582,0,3,1585,T
8-NS,309,4,2,1,1576,1583,C
8-NS,310,1586,0,0,0,1586,A
8-NS,311,0,1595,0,1,1596,T
8-NS,312,1,10,1592,3,1606,G
8-NS,313,5,0,0,1615,1620,C
8-NS,314,0,1613,0,1,1614,T
8-NS,315,1600,0,1,0,1601,A
8-NS,316,1598,0,1,0,1599,A
8-NS,317,0,1630,0,0,1630,T
8-NS,318,1,3,1625,1,1630,G
8-NS,319,1,1,0,1630,1632,C
8-NS,320,4,2,0,1613,1619,C
8-NS,321,5,1,1,1618,1625,C
8-NS,322,1610,0,0,1,1611,A
8-NS,323,1631,0,2,0,1633,A
8-NS,324,0,2,1637,1,1640,G
8-NS,325,3,1,2,1639,1645,C
8-NS,326,1637,0,1,0,1638,A
8-NS,327,1,2,1635,3,1641,G
8-NS,328,1630,0,2,0,1632,A
8-NS,329,1633,0,1,1,1635,A
8-NS,330,1634,0,0,0,1634,A
8-NS,331,2,0,1660,0,1662,G
8-NS,332,0,1630,0,0,1630,T
8-NS,333,0,0,1637,0,1637,G
8-NS,334,2,3,1622,0,1627,G
8-NS,335,1636,0,1,0,1637,A
8-NS,336,1628,0,1,0,1629,A
8-NS,337,1,5,1618,0,1624,G
8-NS,338,0,2,1622,0,1624,G
8-NS,339,1598,0,0,0,1598,A
8-NS,340,2,1,0,1598,1601,C
8-NS,341,0,0,0,1586,1586,C
8-NS,342,1,1579,0,0,1580,T
8-NS,343,5,1,4,1603,1613,C
8-NS,344,0,1621,0,0,1621,T
8-NS,345,0,1620,0,2,1622,T
8-NS,346,1,1624,0,1,1626,T
8-NS,347,1,5,1620,7,1633,G
8-NS,348,4,0,2,1641,1647,C
8-NS,349,1637,0,2,0,1639,A
8-NS,350,0,1641,0,1,1642,T
8-NS,351,3,1,5,1642,1651,C
8-NS,352,1651,0,2,0,1653,A
8-NS,353,0,2,1684,0,1686,G
8-NS,354,1679,0,1,0,1680,A
8-NS,355,1684,0,0,0,1684,A
8-NS,356,0,1676,0,2,1678,T
8-NS,357,2,5,1689,1,1697,G
8-NS,358,1,2,1700,1,1704,G
8-NS,359,1693,0,5,0,1698,A
8-NS,360,3,0,1,1695,1699,C
8-NS,361,11,1,1,1671,1684,C
8-NS,362,1642,0,2,0,1644,A
8-NS,363,1,2,1667,0,1670,G
8-NS,364,1,3,1663,0,1667,G
8-NS,365,1,0,1,1673,1675,C
8-NS,366,1661,0,0,0,1661,A
8-NS,367,1676,0,1,0,1677,A
8-NS,368,0,1664,0,0,1664,T
8-NS,369,5,1,1,1670,1677,C
8-NS,370,1672,1,1,0,1674,A
8-NS,371,0,1662,0,1,1663,T
8-NS,372,0,3,1647,0,1650,G
8-NS,373,0,0,1658,0,1658,G
8-NS,374,1645,0,2,0,1647,A
8-NS,375,0,3,1672,0,1675,G
8-NS,376,1648,0,0,0,1648,A
8-NS,377,1638,0,0,0,1638,A
8-NS,378,1641,0,2,0,1643,A
8-NS,379,1636,1,2,0,1639,A
8-NS,380,1650,0,3,0,1653,A
8-NS,381,0,0,0,1673,1673,C
8-NS,382,1667,0,0,0,1667,A
8-NS,383,0,1647,0,2,1649,T
8-NS,384,6,0,0,1650,1656,C
8-NS,385,1655,0,0,0,1655,A
8-NS,386,0,1653,0,1,1654,T
8-NS,387,0,4,1662,3,1669,G
8-NS,388,0,1658,0,2,1660,T
8-NS,389,0,1658,0,0,1658,T
8-NS,390,1,0,1654,1,1656,G
8-NS,391,1636,0,4,0,1640,A
8-NS,392,1639,0,3,0,1642,A
8-NS,393,1633,0,3,0,1636,A
8-NS,394,0,1,1649,0,1650,G
8-NS,395,0,0,1,1633,1634,C
8-NS,396,1,2,1643,0,1646,G
8-NS,397,1639,0,1,0,1640,A
8-NS,398,1651,0,1,0,1652,A
8-NS,399,0,1636,1,1,1638,T
8-NS,400,0,1649,0,1,1650,T
8-NS,401,0,1642,0,0,1642,T
8-NS,402,2,1,2,1647,1652,C
8-NS,403,1631,0,2,0,1633,A
8-NS,404,0,0,1643,0,1643,G
8-NS,405,0,1633,0,1,1634,T
8-NS,406,1,1,1637,1,1640,G
8-NS,407,0,1625,0,1,1626,T
8-NS,408,0,3,1629,0,1632,G
8-NS,409,1630,0,3,0,1633,A
8-NS,410,0,1635,0,0,1635,T
8-NS,411,1,1629,0,0,1630,T
8-NS,412,0,1633,0,1,1634,T
8-NS,413,0,1630,0,0,1630,T
8-NS,414,0,1625,0,0,1625,T
8-NS,415,1,4,1614,0,1619,G
8-NS,416,1616,1,2,0,1619,A
8-NS,417,0,0,1,1616,1617,C
8-NS,418,1,0,0,1595,1596,C
8-NS,419,1,3,1605,1,1610,G
8-NS,420,1667,0,2,0,1669,A
8-NS,421,4,0,3,1698,1705,C
8-NS,422,0,1709,0,0,1709,T
8-NS,423,1719,1,1,0,1721,A
8-NS,424,0,0,1713,6,1719,G
8-NS,425,1734,0,2,0,1736,A
8-NS,426,1,7,1736,3,1747,G
8-NS,427,1745,0,2,0,1747,A
8-NS,428,6,0,0,1795,1801,C
8-NS,429,7,1,2,1715,1725,C
8-NS,430,1667,1,2,0,1670,A
8-NS,431,0,1749,0,0,1749,T
8-NS,432,1733,1,1,0,1735,A
8-NS,433,0,3,1842,3,1848,G
8-NS,434,0,1834,0,1,1835,T
8-NS,435,1866,1,1,0,1868,A
8-NS,436,0,1877,0,0,1877,T
8-NS,437,0,1821,0,0,1821,T
8-NS,438,1866,0,1,0,1867,A
8-NS,439,1,0,4,1861,1866,C
8-NS,440,0,1784,0,1,1785,T
8-NS,441,1788,0,0,0,1788,A
8-NS,442,1644,0,1,0,1645,A
8-NS,443,3,1,1643,0,1647,G
8-NS,444,0,1,1634,1,1636,G
8-NS,445,0,2,1640,1,1643,G
8-NS,446,3,0,0,1624,1627,C
8-NS,447,0,1600,0,4,1604,T
8-NS,448,0,1598,0,4,1602,T
8-NS,449,0,1615,0,4,1619,T
8-NS,450,2,1,1,1625,1629,C
8-NS,451,1641,0,3,0,1644,A
8-NS,452,1,2,0,1642,1645,C
8-NS,453,1,5,0,1620,1626,C
8-NS,454,3,3,1624,4,1634,G
8-NS,455,1625,0,0,0,1625,A
8-NS,456,1626,0,1,0,1627,A
8-NS,457,0,4,1631,4,1639,G
8-NS,458,1612,1,1,0,1614,A
8-NS,459,1,1,1610,0,1612,G
8-NS,460,0,2,1586,0,1588,G
8-NS,461,1,1,1597,1,1600,G
8-NS,462,1583,0,2,0,1585,A
8-NS,463,0,1,1589,0,1590,G
8-NS,464,4,1,0,1571,1576,C
8-NS,465,1578,0,0,0,1578,A
8-NS,466,1572,0,1,0,1573,A
8-NS,467,0,1567,0,1,1568,T
8-NS,468,0,1556,0,0,1556,T
8-NS,469,0,3,1552,2,1557,G
8-NS,470,0,1540,0,0,1540,T
8-NS,471,0,1535,0,0,1535,T
8-NS,472,0,2,1537,2,1541,G
8-NS,473,0,0,1530,0,1530,G
8-NS,474,0,1,0,1538,1539,C
8-NS,475,0,2,1545,1,1548,G
8-NS,476,1537,0,1,0,1538,A
8-NS,477,1561,0,0,0,1561,A
8-NS,478,1566,0,0,0,1566,A
8-NS,479,0,1572,0,1,1573,T
8-NS,480,0,1,0,1582,1583,C
8-NS,481,0,1575,0,2,1577,T
8-NS,482,5,1,0,1589,1595,C
8-NS,483,1597,0,1,0,1598,A
8-NS,484,1,0,0,1596,1597,C
8-NS,485,7,1,2,1595,1605,C
8-NS,486,1594,0,1,0,1595,A
8-NS,487,0,1589,0,0,1589,T
8-NS,488,0,1581,0,1,1582,T
8-NS,489,1,2,1591,4,1598,G
8-NS,490,1,1,0,1598,1600,C
8-NS,491,2,0,0,1602,1604,C
8-NS,492,0,1605,0,1,1606,T
8-NS,493,1,1598,0,2,1601,T
8-NS,494,5,1,3,1609,1618,C
8-NS,495,0,1610,0,4,1614,T
8-NS,496,0,1641,0,0,1641,T
8-NS,497,0,1679,0,0,1679,T
8-NS,498,0,1665,0,0,1665,T
8-NS,499,6,0,0,1667,1673,C
8-NS,500,5,6,1,1657,1669,C
8-NS,501,1679,0,1,0,1680,A
8-NS,502,1,2,1703,1,1707,G
8-NS,503,0,5,1686,0,1691,G
8-NS,504,1717,0,2,0,1719,A
8-NS,505,2,2,6,1720,1730,C
8-NS,506,1749,0,1,0,1750,A
8-NS,507,0,1751,0,0,1751,T
8-NS,508,1736,1,5,0,1742,A
8-NS,509,1,1,3,1853,1858,C
8-NS,510,0,1858,0,1,1859,T
8-NS,511,1831,0,0,0,1831,A
8-NS,512,0,1816,0,3,1819,T
8-NS,513,0,1758,0,0,1758,T
8-NS,514,1,0,1754,7,1762,G
8-NS,515,1707,0,0,0,1707,A
8-NS,516,0,0,1708,0,1708,G
8-NS,517,1,0,1700,0,1701,G
8-NS,518,1544,0,2,0,1546,A
8-NS,519,0,1514,0,0,1514,T
8-NS,520,0,1,1498,0,1499,G
8-NS,521,0,1475,0,1,1476,T
8-NS,522,1,0,0,1489,1490,C
8-NS,523,1496,1,0,0,1497,A
8-NS,524,1497,0,0,0,1497,A
8-NS,525,1492,0,0,0,1492,A
8-NS,526,1487,0,0,0,1487,A
8-NS,527,1494,0,0,0,1494,A
8-NS,528,0,1490,0,2,1492,T
8-NS,529,0,1,1494,0,1495,G
8-NS,530,1,0,2,1502,1505,C
8-NS,531,1502,0,0,0,1502,A
8-NS,532,1501,0,1,0,1502,A
8-NS,533,0,1504,0,0,1504,T
8-NS,534,0,1504,0,0,1504,T
8-NS,535,0,5,1498,2,1505,G
8-NS,536,0,3,1493,0,1496,G
8-NS,537,0,2,1492,0,1494,G
8-NS,538,1,1,1526,0,1528,G
8-NS,539,0,1506,0,1,1507,T
8-NS,540,2,0,1,1517,1520,C
8-NS,541,2,0,0,1522,1524,C
8-NS,542,0,1517,0,1,1518,T
8-NS,543,3,2,3,1540,1548,C
8-NS,544,1546,0,2,0,1548,A
8-NS,545,0,1544,0,1,1545,T
8-NS,546,2,1,3,1538,1544,C
8-NS,547,2,1,1543,0,1546,G
8-NS,548,3,1,1533,3,1540,G
8-NS,549,1517,0,0,0,1517,A
8-NS,550,0,2,1517,0,1519,G
8-NS,551,0,1,1510,1,1512,G
8-NS,552,1464,0,1,0,1465,A
8-NS,553,3,0,0,1474,1477,C
8-NS,554,0,1465,1,0,1466,T
8-NS,555,1,1453,0,1,1455,T
8-NS,556,1,4,1462,1,1468,G
8-NS,557,1458,0,0,0,1458,A
8-NS,558,1456,0,1,0,1457,A
8-NS,559,0,1456,0,1,1457,T
8-NS,560,0,5,1419,1,1425,G
8-NS,561,0,2,1444,0,1446,G
8-NS,562,1414,0,2,0,1416,A
8-NS,563,1420,0,4,0,1424,A
8-NS,564,0,1481,0,0,1481,T
8-NS,565,1,7,1489,2,1499,G
8-NS,566,1497,0,1,0,1498,A
8-NS,567,0,1497,0,0,1497,T
8-NS,568,1499,0,0,0,1499,A
8-NS,569,1505,0,2,0,1507,A
8-NS,570,3,4,4,1477,1488,C
8-NS,571,1460,0,1,0,1461,A
8-NS,572,1,0,1,1470,1472,C
8-NS,573,1372,0,0,0,1372,A
8-NS,574,1,0,1389,0,1390,G
8-NS,575,0,1365,0,2,1367,T
8-NS,576,0,1357,0,0,1357,T
8-NS,577,2,0,0,1361,1363,C
8-NS,578,0,1,1354,0,1355,G
8-NS,579,1353,1,4,0,1358,A
8-NS,580,0,0,1367,0,1367,G
8-NS,581,0,1356,0,0,1356,T
8-NS,582,1,1,1,1354,1357,C
8-NS,583,0,1322,0,3,1325,T
8-NS,584,2,0,1,1337,1340,C
8-NS,585,0,1345,0,0,1345,T
8-NS,586,1342,0,1,0,1343,A
8-NS,587,1339,0,1,0,1340,A
8-NS,588,1337,0,0,0,1337,A
8-NS,589,1356,0,0,0,1356,A
8-NS,590,1356,0,0,0,1356,A
8-NS,591,0,1361,0,0,1361,T
8-NS,592,0,0,2,1372,1374,C
8-NS,593,0,1364,0,1,1365,T
8-NS,594,1374,0,0,0,1374,A
8-NS,595,6,1,2,1366,1375,C
8-NS,596,1372,0,2,0,1374,A
8-NS,597,3,3,1366,3,1375,G
8-NS,598,1350,0,3,1,1354,A
8-NS,599,0,2,1365,0,1367,G
8-NS,600,1361,0,0,0,1361,A
8-NS,601,0,1333,0,1,1334,T
8-NS,602,0,1328,0,3,1331,T
8-NS,603,2,2,0,1322,1326,C
8-NS,604,0,0,1330,0,1330,G
8-NS,605,0,0,0,1326,1326,C
8-NS,606,0,1324,0,3,1327,T
8-NS,607,0,1328,0,1,1329,T
8-NS,608,1,2,1315,1,1319,G
8-NS,609,1,3,1323,1,1328,G
8-NS,610,1325,0,2,0,1327,A
8-NS,611,0,1,1331,1,1333,G
8-NS,612,1331,0,1,0,1332,A
8-NS,613,1293,0,0,0,1293,A
8-NS,614,0,2,1303,0,1305,G
8-NS,615,13,0,2,1290,1305,C
8-NS,616,1287,0,1,0,1288,A
8-NS,617,1,1,1310,2,1314,G
8-NS,618,0,1305,0,2,1307,T
8-NS,619,1307,0,1,0,1308,A
8-NS,620,1313,0,2,0,1315,A
8-NS,621,0,1312,0,1,1313,T
8-NS,622,0,3,1313,2,1318,G
8-NS,623,1263,0,2,0,1265,A
8-NS,624,0,2,1288,2,1292,G
8-NS,625,1287,0,1,0,1288,A
8-NS,626,1252,0,0,0,1252,A
8-NS,627,0,1218,0,0,1218,T
8-NS,628,1,1,1184,2,1188,G
8-NS,629,3,0,1180,1,1184,G
8-NS,630,1,0,1179,0,1180,G
8-NS,631,0,0,1171,0,1171,G
8-NS,632,2,2,1186,0,1190,G
8-NS,633,1117,0,3,0,1120,A
8-NS,634,1,0,1,1144,1146,C
8-NS,635,1,0,0,1146,1147,C
8-NS,636,1,1127,0,1,1129,T
8-NS,637,4,1,1,1140,1146,C
8-NS,638,4,1,3,1137,1145,C
8-NS,639,1146,0,3,0,1149,A
8-NS,640,1,0,1,1143,1145,C
8-NS,641,0,1133,0,0,1133,T
8-NS,642,0,1133,0,1,1134,T
8-NS,643,1118,0,0,0,1118,A
8-NS,644,4,0,0,1147,1151,C
8-NS,645,0,1137,0,0,1137,T
8-NS,646,3,2,2,1125,1132,C
8-NS,647,2,0,0,1127,1129,C
8-NS,648,1126,0,0,0,1126,A
8-NS,649,1125,0,0,0,1125,A
8-NS,650,1130,0,0,0,1130,A
8-NS,651,1123,0,2,1,1126,A
8-NS,652,1,0,0,1127,1128,C
8-NS,653,1110,0,1,0,1111,A
8-NS,654,0,3,1121,0,1124,G
8-NS,655,1112,0,1,0,1113,A
8-NS,656,1113,0,1,0,1114,A
8-NS,657,1114,0,2,0,1116,A
8-NS,658,0,1,0,1116,1117,C
8-NS,659,1,2,1120,0,1123,G
8-NS,660,0,0,1120,0,1120,G
8-NS,661,1,0,1119,0,1120,G
8-NS,662,1114,0,2,0,1116,A
8-NS,663,1117,0,0,0,1117,A
8-NS,664,1113,0,2,0,1115,A
8-NS,665,0,1116,0,0,1116,T
8-NS,666,0,1,1126,0,1127,G
8-NS,667,1,0,1119,0,1120,G
8-NS,668,2,1,1,1112,1116,C
8-NS,669,0,3,1116,1,1120,G
8-NS,670,1123,0,1,0,1124,A
8-NS,671,0,3,1130,1,1134,G
8-NS,672,1127,0,0,0,1127,A
8-NS,673,1128,0,0,0,1128,A
8-NS,674,3,0,2,1123,1128,C
8-NS,675,1088,0,2,0,1090,A
8-NS,676,0,3,1085,1,1089,G
8-NS,677,3,0,1,1076,1080,C
8-NS,678,0,1091,0,0,1091,T
8-NS,679,1083,1,1,0,1085,A
8-NS,680,1,1,1084,0,1086,G
8-NS,681,0,0,1086,1,1087,G
8-NS,682,0,1073,0,2,1075,T
8-NS,683,1,1,1,1067,1070,C
8-NS,684,1071,0,0,0,1071,A
8-NS,685,1067,0,2,0,1069,A
8-NS,686,1065,0,1,0,1066,A
8-NS,687,1076,0,1,0,1077,A
8-NS,688,0,0,1079,0,1079,G
8-NS,689,0,1055,2,1,1058,T
8-NS,690,0,1063,0,1,1064,T
8-NS,691,0,1056,1,0,1057,T
8-NS,692,0,1,1057,2,1060,G
8-NS,693,1062,0,0,0,1062,A
8-NS,694,1061,0,1,0,1062,A
8-NS,695,1,1,1062,2,1066,G
8-NS,696,1040,0,0,0,1040,A
8-NS,697,0,1,1034,0,1035,G
8-NS,698,1025,0,2,0,1027,A
8-NS,699,0,1028,0,3,1031,T
8-NS,700,1032,0,0,0,1032,A
8-NS,701,1018,0,1,0,1019,A
8-NS,702,0,0,1015,0,1015,G
8-NS,703,967,0,0,0,967,A
8-NS,704,0,960,0,0,960,T
8-NS,705,1,0,970,0,971,G
8-NS,706,1,0,967,0,968,G
8-NS,707,0,1,0,957,958,C
8-NS,708,0,940,0,0,940,T
8-NS,709,940,0,2,0,942,A
8-NS,710,935,0,0,0,935,A
8-NS,711,1,937,1,1,940,T
8-NS,712,0,929,0,1,930,T
8-NS,713,1,0,932,1,934,G
8-NS,714,919,0,0,0,919,A
8-NS,715,920,0,0,0,920,A
8-NS,716,1,1,907,1,910,G
8-NS,717,912,0,2,0,914,A
8-NS,718,882,0,0,0,882,A
8-NS,719,0,0,893,0,893,G
8-NS,720,0,876,0,1,877,T
8-NS,721,1,0,884,0,885,G
8-NS,722,870,0,1,0,871,A
8-NS,723,1,0,873,0,874,G
8-NS,724,877,0,3,0,880,A
8-NS,725,3,1,0,869,873,C
8-NS,726,856,0,0,0,856,A
8-NS,727,2,0,2,846,850,C
8-NS,728,784,0,2,0,786,A
8-NS,729,0,1,812,0,813,G
8-NS,730,810,0,0,0,810,A
8-NS,731,0,801,0,0,801,T
8-NS,732,0,798,0,1,799,T
8-NS,733,793,0,0,0,793,A
8-NS,734,785,1,2,0,788,A
8-NS,735,789,0,0,0,789,A
8-NS,736,782,0,1,0,783,A
8-NS,737,786,0,1,0,787,A
8-NS,738,0,0,0,761,761,C
8-NS,739,723,0,0,0,723,A
8-NS,740,726,0,0,0,726,A
8-NS,741,0,0,1,725,726,C
8-NS,742,0,718,1,0,719,T
8-NS,743,0,0,730,0,730,G
8-NS,744,729,0,0,0,729,A
8-NS,745,724,0,2,0,726,A
8-NS,746,727,0,0,0,727,A
8-NS,747,713,0,0,0,713,A
8-NS,748,0,712,0,0,712,T
8-NS,749,686,0,0,0,686,A
8-NS,750,0,2,682,0,684,G
8-NS,751,0,0,0,688,688,C
8-NS,752,0,671,0,0,671,T
8-NS,753,0,669,0,1,670,T
8-NS,754,0,662,0,0,662,T
8-NS,755,0,0,666,0,666,G
8-NS,756,664,0,2,0,666,A
8-NS,757,666,0,0,0,666,A
8-NS,758,3,0,0,662,665,C
8-NS,759,631,0,0,0,631,A
8-NS,760,640,0,0,0,640,A
8-NS,761,642,0,0,0,642,A
8-NS,762,0,641,0,1,642,T
8-NS,763,640,0,0,0,640,A
8-NS,764,628,0,1,0,629,A
8-NS,765,3,1,1,628,633,C
8-NS,766,631,0,1,0,632,A
8-NS,767,0,623,0,0,623,T
8-NS,768,0,604,0,1,605,T
8-NS,769,0,0,1,602,603,C
8-NS,770,589,0,0,0,589,A
8-NS,771,0,587,0,0,587,T
8-NS,772,0,3,586,0,589,G
8-NS,773,1,0,2,569,572,C
8-NS,774,559,1,0,0,560,A
8-NS,775,555,0,0,0,555,A
8-NS,776,0,0,551,0,551,G
8-NS,777,0,0,1,558,559,C
8-NS,778,538,0,0,0,538,A
8-NS,779,0,533,0,0,533,T
8-NS,780,0,542,0,0,542,T
8-NS,781,538,0,1,0,539,A
8-NS,782,2,0,3,536,541,C
8-NS,783,533,0,0,0,533,A
8-NS,784,531,0,1,0,532,A
8-NS,785,1,0,0,519,520,C
8-NS,786,0,460,0,0,460,T
8-NS,787,421,0,0,0,421,A
8-NS,788,0,0,2,423,425,C
8-NS,789,0,423,0,0,423,T
8-NS,790,1,0,422,1,424,G
8-NS,791,0,405,0,0,405,T
8-NS,792,0,406,0,0,406,T
8-NS,793,0,408,0,0,408,T
8-NS,794,0,1,392,0,393,G
8-NS,795,392,0,0,0,392,A
8-NS,796,384,0,0,0,384,A
8-NS,797,0,0,384,0,384,G
8-NS,798,0,373,0,0,373,T
8-NS,799,0,0,338,0,338,G
8-NS,800,0,0,339,0,339,G
8-NS,801,335,0,1,0,336,A
8-NS,802,336,0,0,0,336,A
8-NS,803,2,2,5,324,333,C
8-NS,804,300,0,0,0,300,A
8-NS,805,0,0,300,0,300,G
8-NS,806,0,0,294,0,294,G
8-NS,807,284,0,0,0,284,A
8-NS,808,0,1,281,0,282,G
8-NS,809,239,0,1,0,240,A
8-NS,810,0,228,0,0,228,T
8-NS,811,220,0,0,0,220,A
8-NS,812,214,0,0,0,214,A
8-NS,813,0,0,215,0,215,G
8-NS,814,170,0,2,0,172,A
8-NS,815,169,0,0,0,169,A
8-NS,816,0,0,0,170,170,C
8-NS,817,0,142,0,1,143,T
8-NS,818,0,140,0,0,140,T
8-NS,819,0,138,0,1,139,T
8-NS,820,1,0,0,138,139,C
8-NS,821,0,134,0,3,137,T
8-NS,822,0,0,0,135,135,C
8-NS,823,130,0,0,0,130,A
8-NS,824,0,129,0,0,129,T
8-NS,825,0,126,0,0,126,T
8-NS,826,0,122,0,0,122,T
8-NS,827,0,0,1,121,122,C
8-NS,828,105,0,0,0,105,A
8-NS,829,0,0,105,0,105,G
8-NS,830,0,0,0,105,105,C
8-NS,831,0,96,0,1,97,T
8-NS,832,0,94,0,0,94,T
8-NS,833,92,0,0,0,92,A
8-NS,834,0,92,0,0,92,T
8-NS,835,0,91,0,0,91,T
8-NS,836,0,90,0,0,90,T
8-NS,837,83,0,0,0,83,A
8-NS,838,81,0,0,0,81,A
8-NS,839,0,77,0,0,77,T
8-NS,840,0,0,77,0,77,G
8-NS,841,70,0,0,0,70,A
8-NS,842,0,61,0,0,61,T
8-NS,843,59,0,0,0,59,A
8-NS,844,59,0,0,0,59,A
8-NS,845,58,0,0,0,58,A
8-NS,846,58,0,0,0,58,A
8-NS,847,58,0,0,0,58,A
8-NS,848,57,0,0,0,57,A
8-NS,849,0,0,0,57,57,C
8-NS,850,39,0,0,0,39,A
8-NS,851,0,0,0,38,38,C
8-NS,852,1,0,0,37,38,C
8-NS,853,0,0,0,35,35,C
8-NS,854,0,32,0,0,32,T
8-NS,855,0,27,0,0,27,T
8-NS,856,0,0,26,0,26,G
8-NS,857,0,23,0,0,23,T
8-NS,858,0,23,0,0,23,T
8-NS,859,0,22,0,0,22,T
8-NS,860,0,0,0,8,8,C
8-NS,861,0,2,0,0,2,T
8-NS,862,2,0,0,0,2,A
8-NS,863,0,0,0,2,2,C
