Gene,Position,A,T,G,C,Coverage,Consensus
1-PB2,1,355,0,0,0,355,A
1-PB2,2,0,355,0,0,355,T
1-PB2,3,0,0,364,0,364,G
1-PB2,4,1,0,365,0,366,G
1-PB2,5,365,0,1,0,366,A
1-PB2,6,366,0,0,0,366,A
1-PB2,7,366,0,1,0,367,A
1-PB2,8,0,4,399,0,403,G
1-PB2,9,402,0,0,0,402,A
1-PB2,10,401,0,1,0,402,A
1-PB2,11,0,410,1,0,411,T
1-PB2,12,413,0,0,0,413,A
1-PB2,13,413,0,0,0,413,A
1-PB2,14,413,0,0,0,413,A
1-PB2,15,412,0,1,0,413,A
1-PB2,16,0,2,428,0,430,G
1-PB2,17,431,0,0,0,431,A
1-PB2,18,430,0,0,0,430,A
1-PB2,19,0,0,0,444,444,C
1-PB2,20,0,444,0,0,444,T
1-PB2,21,455,0,0,0,455,A
1-PB2,22,0,0,0,454,454,C
1-PB2,23,1,1,454,0,456,G
1-PB2,24,0,2,458,0,460,G
1-PB2,25,461,1,0,0,462,A
1-PB2,26,474,0,1,0,475,A
1-PB2,27,0,473,0,0,473,T
1-PB2,28,1,0,0,479,480,C
1-PB2,29,0,480,0,0,480,T
1-PB2,30,0,1,485,0,486,G
1-PB2,31,488,0,0,0,488,A
1-PB2,32,1,489,0,0,490,T
1-PB2,33,0,1,488,0,489,G
1-PB2,34,0,497,0,1,498,T
1-PB2,35,2,0,0,494,496,C
1-PB2,36,0,0,497,0,497,G
1-PB2,37,0,1,0,496,497,C
1-PB2,38,497,0,0,0,497,A
1-PB2,39,0,0,519,0,519,G
1-PB2,40,0,519,0,0,519,T
1-PB2,41,3,0,0,515,518,C
1-PB2,42,0,516,0,1,517,T
1-PB2,43,0,0,0,519,519,C
1-PB2,44,0,1,520,0,521,G
1-PB2,45,0,1,0,523,524,C
1-PB2,46,523,0,0,0,523,A
1-PB2,47,1,0,0,529,530,C
1-PB2,48,0,526,0,0,526,T
1-PB2,49,2,1,0,537,540,C
1-PB2,50,1,0,540,0,541,G
1-PB2,51,1,0,0,541,542,C
1-PB2,52,0,2,539,0,541,G
1-PB2,53,545,0,0,0,545,A
1-PB2,54,0,1,545,0,546,G
1-PB2,55,567,0,0,0,567,A
1-PB2,56,0,565,0,0,565,T
1-PB2,57,567,0,0,0,567,A
1-PB2,58,0,0,0,567,567,C
1-PB2,59,0,562,0,0,562,T
1-PB2,60,0,0,574,0,574,G
1-PB2,61,573,0,0,0,573,A
1-PB2,62,0,0,0,578,578,C
1-PB2,63,576,0,0,0,576,A
1-PB2,64,575,0,0,0,575,A
1-PB2,65,584,0,0,0,584,A
1-PB2,66,588,0,1,0,589,A
1-PB2,67,591,0,0,0,591,A
1-PB2,68,0,0,0,599,599,C
1-PB2,69,0,0,0,601,601,C
1-PB2,70,621,0,0,0,621,A
1-PB2,71,0,0,0,625,625,C
1-PB2,72,621,0,0,0,621,A
1-PB2,73,0,1,635,0,636,G
1-PB2,74,0,632,0,1,633,T
1-PB2,75,0,1,647,0,648,G
1-PB2,76,0,4,649,0,653,G
1-PB2,77,650,0,1,0,651,A
1-PB2,78,0,0,0,689,689,C
1-PB2,79,2,0,0,693,695,C
1-PB2,80,703,0,1,1,705,A
1-PB2,81,0,708,0,0,708,T
1-PB2,82,702,0,0,0,702,A
1-PB2,83,0,701,0,0,701,T
1-PB2,84,0,3,706,0,709,G
1-PB2,85,1,0,713,0,714,G
1-PB2,86,0,0,0,714,714,C
1-PB2,87,1,0,0,701,702,C
1-PB2,88,703,0,1,0,704,A
1-PB2,89,0,756,0,0,756,T
1-PB2,90,759,0,0,0,759,A
1-PB2,91,798,0,1,0,799,A
1-PB2,92,0,797,0,0,797,T
1-PB2,93,0,795,0,0,795,T
1-PB2,94,799,0,0,0,799,A
1-PB2,95,797,0,0,0,797,A
1-PB2,96,0,3,814,0,817,G
1-PB2,97,812,0,2,0,814,A
1-PB2,98,806,0,0,0,806,A
1-PB2,99,1,0,845,0,846,G
1-PB2,100,0,841,0,0,841,T
1-PB2,101,841,0,0,0,841,A
1-PB2,102,0,2,0,840,842,C
1-PB2,103,849,0,0,0,849,A
1-PB2,104,0,1,0,865,866,C
1-PB2,105,865,0,0,0,865,A
1-PB2,106,0,867,0,0,867,T
1-PB2,107,0,1,0,869,870,C
1-PB2,108,1,2,866,0,869,G
1-PB2,109,1,1,865,0,867,G
1-PB2,110,0,1,866,0,867,G
1-PB2,111,0,1,865,1,867,G
1-PB2,112,859,0,2,0,861,A
1-PB2,113,0,1,859,0,860,G
1-PB2,114,860,0,0,0,860,A
1-PB2,115,0,0,0,876,876,C
1-PB2,116,876,0,0,0,876,A
1-PB2,117,0,0,894,0,894,G
1-PB2,118,0,2,914,0,916,G
1-PB2,119,915,0,1,0,916,A
1-PB2,120,915,0,0,0,915,A
1-PB2,121,914,0,1,0,915,A
1-PB2,122,913,0,0,0,913,A
1-PB2,123,0,4,912,0,916,G
1-PB2,124,914,0,0,0,914,A
1-PB2,125,913,0,0,0,913,A
1-PB2,126,0,1,0,914,915,C
1-PB2,127,0,1,0,911,912,C
1-PB2,128,3,3,0,910,916,C
1-PB2,129,0,0,922,0,922,G
1-PB2,130,0,921,0,0,921,T
1-PB2,131,5,0,1,915,921,C
1-PB2,132,928,1,0,0,929,A
1-PB2,133,0,0,0,934,934,C
1-PB2,134,0,933,0,1,934,T
1-PB2,135,0,934,0,0,934,T
1-PB2,136,933,0,1,0,934,A
1-PB2,137,0,1,948,0,949,G
1-PB2,138,0,0,950,0,950,G
1-PB2,139,949,0,1,0,950,A
1-PB2,140,0,945,0,1,946,T
1-PB2,141,0,4,956,0,960,G
1-PB2,142,964,0,0,0,964,A
1-PB2,143,963,1,0,0,964,A
1-PB2,144,964,0,1,0,965,A
1-PB2,145,0,964,1,0,965,T
1-PB2,146,0,4,970,0,974,G
1-PB2,147,0,3,983,0,986,G
1-PB2,148,984,0,0,0,984,A
1-PB2,149,0,985,0,0,985,T
1-PB2,150,0,3,980,0,983,G
1-PB2,151,980,0,0,0,980,A
1-PB2,152,0,982,0,0,982,T
1-PB2,153,0,6,973,0,979,G
1-PB2,154,0,2,980,0,982,G
1-PB2,155,0,1,0,977,978,C
1-PB2,156,973,0,1,0,974,A
1-PB2,157,988,0,0,0,988,A
1-PB2,158,0,983,0,0,983,T
1-PB2,159,0,2,1014,0,1016,G
1-PB2,160,1018,0,0,0,1018,A
1-PB2,161,1011,0,1,0,1012,A
1-PB2,162,1017,0,1,0,1018,A
1-PB2,163,0,1021,0,1,1022,T
1-PB2,164,1028,0,1,0,1029,A
1-PB2,165,0,2,0,1040,1042,C
1-PB2,166,3,1,0,1030,1034,C
1-PB2,167,2,0,0,1035,1037,C
1-PB2,168,1032,1,0,0,1033,A
1-PB2,169,1036,0,0,0,1036,A
1-PB2,170,0,1037,0,1,1038,T
1-PB2,171,6,1,0,1031,1038,C
1-PB2,172,1035,0,0,0,1035,A
1-PB2,173,0,0,0,1060,1060,C
1-PB2,174,37,1012,0,0,1049,T
1-PB2,175,0,0,1053,0,1053,G
1-PB2,176,1,0,0,1047,1048,C
1-PB2,177,1,1051,0,0,1052,T
1-PB2,178,1,4,1049,0,1054,G
1-PB2,179,1056,1,1,0,1058,A
1-PB2,180,0,0,0,1072,1072,C
1-PB2,181,1070,0,0,0,1070,A
1-PB2,182,1058,0,0,0,1058,A
1-PB2,183,1053,0,2,0,1055,A
1-PB2,184,1057,0,3,0,1060,A
1-PB2,185,0,1,1079,0,1080,G
1-PB2,186,0,1,1080,0,1081,G
1-PB2,187,1075,0,0,0,1075,A
1-PB2,188,0,1074,0,2,1076,T
1-PB2,189,1076,0,1,0,1077,A
1-PB2,190,1084,0,3,0,1087,A
1-PB2,191,0,0,0,1095,1095,C
1-PB2,192,1093,0,0,0,1093,A
1-PB2,193,1,1,1094,0,1096,G
1-PB2,194,1086,0,0,0,1086,A
1-PB2,195,1086,0,1,0,1087,A
1-PB2,196,1088,0,1,0,1089,A
1-PB2,197,0,1086,0,0,1086,T
1-PB2,198,0,5,1078,0,1083,G
1-PB2,199,0,2,1095,0,1097,G
1-PB2,200,0,1090,0,0,1090,T
1-PB2,201,0,1086,0,0,1086,T
1-PB2,202,3,3,1,1077,1084,C
1-PB2,203,0,1,0,1087,1088,C
1-PB2,204,1,0,1092,0,1093,G
1-PB2,205,0,7,1087,1,1095,G
1-PB2,206,1092,0,0,0,1092,A
1-PB2,207,0,5,1091,0,1096,G
1-PB2,208,1078,1,1,0,1080,A
1-PB2,209,0,3,1098,0,1101,G
1-PB2,210,1103,0,1,0,1104,A
1-PB2,211,1103,0,0,0,1103,A
1-PB2,212,1107,0,0,0,1107,A
1-PB2,213,0,1100,0,0,1100,T
1-PB2,214,0,8,1104,0,1112,G
1-PB2,215,1120,0,0,0,1120,A
1-PB2,216,1120,0,1,0,1121,A
1-PB2,217,1,0,0,1118,1119,C
1-PB2,218,1111,0,0,0,1111,A
1-PB2,219,1116,0,1,0,1117,A
1-PB2,220,0,3,1142,0,1145,G
1-PB2,221,1,3,1151,0,1155,G
1-PB2,222,1156,0,1,1,1158,A
1-PB2,223,0,0,0,1153,1153,C
1-PB2,224,1143,0,1,0,1144,A
1-PB2,225,1143,1,2,0,1146,A
1-PB2,226,1144,0,0,0,1144,A
1-PB2,227,1,2,0,1139,1142,C
1-PB2,228,7,0,0,1099,1106,C
1-PB2,229,6,0,0,1208,1214,C
1-PB2,230,0,1211,0,2,1213,T
1-PB2,231,1217,0,0,0,1217,A
1-PB2,232,0,1218,0,1,1219,T
1-PB2,233,0,2,1219,0,1221,G
1-PB2,234,0,6,1244,0,1250,G
1-PB2,235,1206,0,2,0,1208,A
1-PB2,236,1,0,1217,0,1218,G
1-PB2,237,0,1213,0,0,1213,T
1-PB2,238,1205,1,0,0,1206,A
1-PB2,239,1211,0,0,0,1211,A
1-PB2,240,1203,0,1,0,1204,A
1-PB2,241,1208,1,0,0,1209,A
1-PB2,242,0,1200,0,1,1201,T
1-PB2,243,1,10,1188,0,1199,G
1-PB2,244,1186,1,1,0,1188,A
1-PB2,245,0,0,1193,0,1193,G
1-PB2,246,0,1190,0,0,1190,T
1-PB2,247,0,5,1182,0,1187,G
1-PB2,248,1201,0,0,0,1201,A
1-PB2,249,0,1208,0,0,1208,T
1-PB2,250,0,0,1208,0,1208,G
1-PB2,251,2,0,0,1207,1209,C
1-PB2,252,0,1202,0,1,1203,T
1-PB2,253,0,4,1224,0,1228,G
1-PB2,254,1,1,1227,0,1229,G
1-PB2,255,1241,0,0,0,1241,A
1-PB2,256,0,1238,0,0,1238,T
1-PB2,257,6,0,0,1240,1246,C
1-PB2,258,1254,0,2,0,1256,A
1-PB2,259,0,4,1281,0,1285,G
1-PB2,260,1287,0,1,0,1288,A
1-PB2,261,0,1289,0,0,1289,T
1-PB2,262,1254,1,1,0,1256,A
1-PB2,263,1,3,1273,0,1277,G
1-PB2,264,1266,0,1,1,1268,A
1-PB2,265,0,0,1289,0,1289,G
1-PB2,266,0,1273,1,0,1274,T
1-PB2,267,0,2,1263,0,1265,G
1-PB2,268,1250,1,1,0,1252,A
1-PB2,269,0,1257,1,0,1258,T
1-PB2,270,0,5,1268,0,1273,G
1-PB2,271,1,0,1297,0,1298,G
1-PB2,272,0,1284,1,1,1286,T
1-PB2,273,1284,0,3,0,1287,A
1-PB2,274,0,1275,0,0,1275,T
1-PB2,275,8,1,0,1273,1282,C
1-PB2,276,1298,1,0,0,1299,A
1-PB2,277,0,1,0,1323,1324,C
1-PB2,278,4,0,0,1315,1319,C
1-PB2,279,0,1298,0,1,1299,T
1-PB2,280,1,1288,0,0,1289,T
1-PB2,281,1,1288,0,1,1290,T
1-PB2,282,0,6,1304,0,1310,G
1-PB2,283,0,1,1306,0,1307,G
1-PB2,284,1,3,0,1320,1324,C
1-PB2,285,0,1306,0,1,1307,T
1-PB2,286,1,0,1319,0,1320,G
1-PB2,287,0,1324,0,0,1324,T
1-PB2,288,1325,0,0,0,1325,A
1-PB2,289,1327,0,2,0,1329,A
1-PB2,290,1,0,0,1324,1325,C
1-PB2,291,1315,0,0,0,1315,A
1-PB2,292,0,1305,0,1,1306,T
1-PB2,293,0,1,1292,0,1293,G
1-PB2,294,0,0,1317,0,1317,G
1-PB2,295,2,1309,0,0,1311,T
1-PB2,296,0,1,1307,0,1308,G
1-PB2,297,1,5,1317,0,1323,G
1-PB2,298,1321,0,0,0,1321,A
1-PB2,299,1327,0,0,0,1327,A
1-PB2,300,0,1324,0,0,1324,T
1-PB2,301,1321,1,0,0,1322,A
1-PB2,302,0,2,1345,0,1347,G
1-PB2,303,1342,2,0,0,1344,A
1-PB2,304,1343,0,0,0,1343,A
1-PB2,305,1344,0,1,0,1345,A
1-PB2,306,0,1326,0,1,1327,T
1-PB2,307,2,5,1318,0,1325,G
1-PB2,308,0,2,1319,0,1321,G
1-PB2,309,1326,0,1,0,1327,A
1-PB2,310,1,0,0,1332,1333,C
1-PB2,311,1,0,0,1320,1321,C
1-PB2,312,6,0,0,1304,1310,C
1-PB2,313,0,1,1320,0,1321,G
1-PB2,314,0,1324,0,0,1324,T
1-PB2,315,0,4,1344,0,1348,G
1-PB2,316,1348,0,1,0,1349,A
1-PB2,317,2,3,0,1344,1349,C
1-PB2,318,1348,0,0,0,1348,A
1-PB2,319,1339,1,1,0,1341,A
1-PB2,320,0,0,1378,0,1378,G
1-PB2,321,0,1370,0,0,1370,T
1-PB2,322,1368,0,0,0,1368,A
1-PB2,323,1,0,0,1364,1365,C
1-PB2,324,1,6,1334,0,1341,G
1-PB2,325,0,0,1374,0,1374,G
1-PB2,326,0,1370,0,1,1371,T
1-PB2,327,2,1,1,1370,1374,C
1-PB2,328,8,0,0,1366,1374,C
1-PB2,329,1355,0,1,0,1356,A
1-PB2,330,0,1364,0,1,1365,T
1-PB2,331,0,1365,0,0,1365,T
1-PB2,332,1414,0,1,0,1415,A
1-PB2,333,0,0,0,1415,1415,C
1-PB2,334,1,0,0,1372,1373,C
1-PB2,335,6,0,0,1374,1380,C
1-PB2,336,1361,1,0,0,1362,A
1-PB2,337,1370,0,0,1,1371,A
1-PB2,338,1368,0,1,0,1369,A
1-PB2,339,1360,2,2,0,1364,A
1-PB2,340,0,0,1382,0,1382,G
1-PB2,341,0,1336,0,0,1336,T
1-PB2,342,0,1,1367,0,1368,G
1-PB2,343,0,1371,0,1,1372,T
1-PB2,344,1371,1,0,0,1372,A
1-PB2,345,1,1,0,1373,1375,C
1-PB2,346,1367,0,0,0,1367,A
1-PB2,347,1369,0,3,0,1372,A
1-PB2,348,0,9,1376,0,1385,G
1-PB2,349,1367,1,1,1,1370,A
1-PB2,350,1,15,0,1354,1370,C
1-PB2,351,1,1343,0,1,1345,T
1-PB2,352,0,1354,0,1,1355,T
1-PB2,353,1355,0,0,1,1356,A
1-PB2,354,0,1350,1,0,1351,T
1-PB2,355,0,1351,0,3,1354,T
1-PB2,356,0,1352,0,0,1352,T
1-PB2,357,6,2,0,1322,1330,C
1-PB2,358,0,11,1319,0,1330,G
1-PB2,359,1328,0,0,0,1328,A
1-PB2,360,1,0,1,1329,1331,C
1-PB2,361,1325,0,0,0,1325,A
1-PB2,362,1324,0,0,0,1324,A
1-PB2,363,1324,0,0,0,1324,A
1-PB2,364,0,0,1341,0,1341,G
1-PB2,365,0,1339,0,0,1339,T
1-PB2,366,9,2,0,1324,1335,C
1-PB2,367,0,3,1334,0,1337,G
1-PB2,368,1332,0,2,0,1334,A
1-PB2,369,1334,0,0,0,1334,A
1-PB2,370,1329,0,2,2,1333,A
1-PB2,371,0,1,1373,0,1374,G
1-PB2,372,1,1,1373,0,1375,G
1-PB2,373,0,1368,0,1,1369,T
1-PB2,374,0,1369,0,0,1369,T
1-PB2,375,1370,1,0,1,1372,A
1-PB2,376,1371,0,0,1,1372,A
1-PB2,377,1369,0,0,0,1369,A
1-PB2,378,1377,0,2,1,1380,A
1-PB2,379,1,2,0,1392,1395,C
1-PB2,380,1366,0,0,0,1366,A
1-PB2,381,0,1366,0,0,1366,T
1-PB2,382,0,2,1360,0,1362,G
1-PB2,383,0,5,1360,0,1365,G
1-PB2,384,1361,0,0,1,1362,A
1-PB2,385,1366,0,0,2,1368,A
1-PB2,386,1,1,0,1393,1395,C
1-PB2,387,1,0,0,1407,1408,C
1-PB2,388,1,1395,0,1,1397,T
1-PB2,389,0,1397,0,2,1399,T
1-PB2,390,0,1402,0,0,1402,T
1-PB2,391,2,1,1396,0,1399,G
1-PB2,392,0,3,1402,0,1405,G
1-PB2,393,0,2,0,1408,1410,C
1-PB2,394,7,0,0,1395,1402,C
1-PB2,395,0,2,0,1389,1391,C
1-PB2,396,1,1345,0,1,1347,T
1-PB2,397,1,0,1369,0,1370,G
1-PB2,398,0,1365,0,1,1366,T
1-PB2,399,0,1368,0,2,1370,T
1-PB2,400,8,1,0,1362,1371,C
1-PB2,401,1359,0,0,1,1360,A
1-PB2,402,1,1357,0,0,1358,T
1-PB2,403,0,1358,0,0,1358,T
1-PB2,404,0,1354,0,0,1354,T
1-PB2,405,0,1354,0,1,1355,T
1-PB2,406,1336,0,0,0,1336,A
1-PB2,407,1,5,1331,0,1337,G
1-PB2,408,1334,0,0,0,1334,A
1-PB2,409,1334,0,0,0,1334,A
1-PB2,410,1333,0,1,0,1334,A
1-PB2,411,0,1331,0,0,1331,T
1-PB2,412,5,0,0,1330,1335,C
1-PB2,413,1330,0,0,1,1331,A
1-PB2,414,1342,0,2,1,1345,A
1-PB2,415,1,1,1349,0,1351,G
1-PB2,416,0,1348,0,0,1348,T
1-PB2,417,10,1,0,1344,1355,C
1-PB2,418,1356,0,2,0,1358,A
1-PB2,419,1355,0,1,0,1356,A
1-PB2,420,0,0,1360,0,1360,G
1-PB2,421,1362,0,0,1,1363,A
1-PB2,422,0,1364,0,0,1364,T
1-PB2,423,1384,0,1,0,1385,A
1-PB2,424,1,0,0,1377,1378,C
1-PB2,425,1,0,1380,0,1381,G
1-PB2,426,2,0,0,1385,1387,C
1-PB2,427,1371,1,0,0,1372,A
1-PB2,428,0,1,1391,0,1392,G
1-PB2,429,1391,0,0,0,1391,A
1-PB2,430,1395,0,1,1,1397,A
1-PB2,431,0,2,1418,0,1420,G
1-PB2,432,1390,0,0,0,1390,A
1-PB2,433,0,0,1396,0,1396,G
1-PB2,434,0,1393,0,0,1393,T
1-PB2,435,1384,0,1,0,1385,A
1-PB2,436,2,4,1400,0,1406,G
1-PB2,437,1412,1,0,0,1413,A
1-PB2,438,0,1,0,1460,1461,C
1-PB2,439,1439,1,0,0,1440,A
1-PB2,440,0,1418,0,0,1418,T
1-PB2,441,1410,0,1,0,1411,A
1-PB2,442,1413,0,0,0,1413,A
1-PB2,443,1419,1,0,1,1421,A
1-PB2,444,0,0,0,1425,1425,C
1-PB2,445,2,0,0,1414,1416,C
1-PB2,446,4,0,0,1405,1409,C
1-PB2,447,0,1353,0,1,1354,T
1-PB2,448,0,5,1357,0,1362,G
1-PB2,449,0,1,1381,0,1382,G
1-PB2,450,2,1382,0,1,1385,T
1-PB2,451,13,0,0,1367,1380,C
1-PB2,452,1398,0,0,0,1398,A
1-PB2,453,0,1400,0,1,1401,T
1-PB2,454,2,0,1402,0,1404,G
1-PB2,455,0,4,0,1402,1406,C
1-PB2,456,1403,0,1,0,1404,A
1-PB2,457,2,7,1407,0,1416,G
1-PB2,458,1387,0,0,0,1387,A
1-PB2,459,0,0,0,1397,1397,C
1-PB2,460,3,0,0,1390,1393,C
1-PB2,461,0,1361,0,1,1362,T
1-PB2,462,6,0,0,1360,1366,C
1-PB2,463,1355,0,0,1,1356,A
1-PB2,464,1,0,1376,0,1377,G
1-PB2,465,0,1375,0,0,1375,T
1-PB2,466,1,2,1377,0,1380,G
1-PB2,467,1,1,0,1374,1376,C
1-PB2,468,7,0,0,1358,1365,C
1-PB2,469,1360,0,0,1,1361,A
1-PB2,470,1363,1,1,1,1366,A
1-PB2,471,1359,0,0,0,1359,A
1-PB2,472,0,2,1362,0,1364,G
1-PB2,473,1329,0,1,1,1331,A
1-PB2,474,0,3,1338,0,1341,G
1-PB2,475,1,1,1340,0,1342,G
1-PB2,476,0,0,0,1338,1338,C
1-PB2,477,1339,0,1,0,1340,A
1-PB2,478,1,0,0,1344,1345,C
1-PB2,479,1345,0,0,0,1345,A
1-PB2,480,1360,0,0,2,1362,A
1-PB2,481,1,0,1390,0,1391,G
1-PB2,482,1408,0,1,1,1410,A
1-PB2,483,0,1403,0,0,1403,T
1-PB2,484,0,0,1395,0,1395,G
1-PB2,485,0,1389,0,0,1389,T
1-PB2,486,1395,0,0,0,1395,A
1-PB2,487,1383,0,1,0,1384,A
1-PB2,488,0,1384,0,0,1384,T
1-PB2,489,9,0,0,1287,1296,C
1-PB2,490,1312,0,0,0,1312,A
1-PB2,491,0,1311,0,2,1313,T
1-PB2,492,0,2,1311,0,1313,G
1-PB2,493,0,3,1314,0,1317,G
1-PB2,494,1311,0,1,0,1312,A
1-PB2,495,1306,0,1,0,1307,A
1-PB2,496,0,0,1308,0,1308,G
1-PB2,497,1,1307,0,0,1308,T
1-PB2,498,0,1310,0,0,1310,T
1-PB2,499,0,0,1315,0,1315,G
1-PB2,500,0,1311,0,0,1311,T
1-PB2,501,0,1306,0,0,1306,T
1-PB2,502,0,1305,0,0,1305,T
1-PB2,503,0,1300,1,0,1301,T
1-PB2,504,0,1306,0,0,1306,T
1-PB2,505,3,0,0,1297,1300,C
1-PB2,506,4,2,0,1306,1312,C
1-PB2,507,3,1,0,1313,1317,C
1-PB2,508,1313,0,1,0,1314,A
1-PB2,509,1322,0,1,0,1323,A
1-PB2,510,0,1324,0,1,1325,T
1-PB2,511,0,1,1334,0,1335,G
1-PB2,512,1330,0,0,1,1331,A
1-PB2,513,1330,0,0,0,1330,A
1-PB2,514,0,0,1340,1,1341,G
1-PB2,515,0,1329,0,0,1329,T
1-PB2,516,0,1,1323,0,1324,G
1-PB2,517,0,3,1319,0,1322,G
1-PB2,518,0,4,1326,0,1330,G
1-PB2,519,1325,0,6,0,1331,A
1-PB2,520,0,0,1322,0,1322,G
1-PB2,521,0,0,0,1313,1313,C
1-PB2,522,2,0,0,1309,1311,C
1-PB2,523,1308,1,0,0,1309,A
1-PB2,524,0,0,1341,0,1341,G
1-PB2,525,0,4,1341,0,1345,G
1-PB2,526,1349,1,2,0,1352,A
1-PB2,527,0,1346,0,0,1346,T
1-PB2,528,1348,0,0,0,1348,A
1-PB2,529,1,5,0,1331,1337,C
1-PB2,530,1,1330,0,0,1331,T
1-PB2,531,1330,0,0,0,1330,A
1-PB2,532,1326,1,0,0,1327,A
1-PB2,533,1,2,0,1337,1340,C
1-PB2,534,1312,0,0,0,1312,A
1-PB2,535,1,1298,0,2,1301,T
1-PB2,536,7,1,0,1300,1308,C
1-PB2,537,1296,0,1,0,1297,A
1-PB2,538,0,5,1299,0,1304,G
1-PB2,539,1303,0,1,0,1304,A
1-PB2,540,1304,0,0,1,1305,A
1-PB2,541,0,1302,0,0,1302,T
1-PB2,542,7,0,0,1263,1270,C
1-PB2,543,1271,0,1,0,1272,A
1-PB2,544,0,0,0,1306,1306,C
1-PB2,545,1299,0,1,0,1300,A
1-PB2,546,1312,0,0,0,1312,A
1-PB2,547,0,1294,0,0,1294,T
1-PB2,548,0,1296,0,0,1296,T
1-PB2,549,1299,0,0,0,1299,A
1-PB2,550,1306,0,0,0,1306,A
1-PB2,551,1,1,1,1307,1310,C
1-PB2,552,1297,0,1,0,1298,A
1-PB2,553,1288,0,0,0,1288,A
1-PB2,554,0,1293,0,0,1293,T
1-PB2,555,1293,0,0,0,1293,A
1-PB2,556,1294,0,1,0,1295,A
1-PB2,557,0,1,0,1295,1296,C
1-PB2,558,0,1285,0,1,1286,T
1-PB2,559,1280,0,0,0,1280,A
1-PB2,560,1279,0,0,0,1279,A
1-PB2,561,1278,0,1,0,1279,A
1-PB2,562,0,5,1277,0,1282,G
1-PB2,563,1257,0,0,0,1257,A
1-PB2,564,4,3,1260,0,1267,G
1-PB2,565,1262,0,2,0,1264,A
1-PB2,566,1265,0,0,0,1265,A
1-PB2,567,1266,1,0,0,1267,A
1-PB2,568,1263,0,0,0,1263,A
1-PB2,569,1272,0,0,0,1272,A
1-PB2,570,1265,0,2,0,1267,A
1-PB2,571,0,2,1266,1,1269,G
1-PB2,572,1271,0,0,0,1271,A
1-PB2,573,1264,0,1,0,1265,A
1-PB2,574,1,2,1258,0,1261,G
1-PB2,575,1267,0,0,0,1267,A
1-PB2,576,1268,0,0,0,1268,A
1-PB2,577,0,0,0,1279,1279,C
1-PB2,578,0,1255,0,0,1255,T
1-PB2,579,2,0,0,1258,1260,C
1-PB2,580,5,1,0,1257,1263,C
1-PB2,581,0,7,1258,0,1265,G
1-PB2,582,1259,0,0,1,1260,A
1-PB2,583,0,1,1263,0,1264,G
1-PB2,584,1254,0,0,0,1254,A
1-PB2,585,2,1253,0,1,1256,T
1-PB2,586,0,1245,0,1,1246,T
1-PB2,587,0,1,1251,0,1252,G
1-PB2,588,0,2,0,1247,1249,C
1-PB2,589,1252,0,0,0,1252,A
1-PB2,590,1254,1,0,0,1255,A
1-PB2,591,1254,0,1,0,1255,A
1-PB2,592,1262,0,0,0,1262,A
1-PB2,593,1,1254,1,0,1256,T
1-PB2,594,0,1253,1,1,1255,T
1-PB2,595,1,1252,0,0,1253,T
1-PB2,596,2,0,0,1242,1244,C
1-PB2,597,0,1242,0,4,1246,T
1-PB2,598,2,0,0,1314,1316,C
1-PB2,599,3,2,0,1298,1303,C
1-PB2,600,4,0,0,1387,1391,C
1-PB2,601,0,1385,0,2,1387,T
1-PB2,602,0,1399,0,1,1400,T
1-PB2,603,1,3,1398,0,1402,G
1-PB2,604,1405,0,1,0,1406,A
1-PB2,605,0,1449,0,0,1449,T
1-PB2,606,1,7,1450,0,1458,G
1-PB2,607,0,1,1572,0,1573,G
1-PB2,608,1,1594,0,2,1597,T
1-PB2,609,0,1583,0,0,1583,T
1-PB2,610,3,1,1662,0,1666,G
1-PB2,611,1,0,0,1671,1672,C
1-PB2,612,1698,1,1,0,1700,A
1-PB2,613,0,1699,0,0,1699,T
1-PB2,614,1705,0,1,1,1707,A
1-PB2,615,0,1,0,1770,1771,C
1-PB2,616,1901,0,0,7,1908,A
1-PB2,617,0,1948,0,0,1948,T
1-PB2,618,0,0,2036,0,2036,G
1-PB2,619,0,2009,0,3,2012,T
1-PB2,620,0,2015,0,2,2017,T
1-PB2,621,2007,0,0,1,2008,A
1-PB2,622,0,10,2007,0,2017,G
1-PB2,623,2036,1,2,0,2039,A
1-PB2,624,0,11,2049,0,2060,G
1-PB2,625,1968,0,3,0,1971,A
1-PB2,626,1,4,1970,0,1975,G
1-PB2,627,1942,0,2,0,1944,A
1-PB2,628,1,16,1941,0,1958,G
1-PB2,629,1960,1,0,0,1961,A
1-PB2,630,1962,0,1,0,1963,A
1-PB2,631,1,2,0,1969,1972,C
1-PB2,632,0,1951,0,1,1952,T
1-PB2,633,0,1953,0,2,1955,T
1-PB2,634,2,0,1959,0,1961,G
1-PB2,635,0,1956,1,1,1958,T
1-PB2,636,1955,0,1,0,1956,A
1-PB2,637,0,1,0,1947,1948,C
1-PB2,638,2,10,1937,0,1949,G
1-PB2,639,1948,0,1,0,1949,A
1-PB2,640,1941,0,0,0,1941,A
1-PB2,641,1956,1,2,0,1959,A
1-PB2,642,1961,1,0,0,1962,A
1-PB2,643,1955,1,1,2,1959,A
1-PB2,644,0,0,0,1964,1964,C
1-PB2,645,1964,0,0,0,1964,A
1-PB2,646,1964,0,0,0,1964,A
1-PB2,647,0,9,1971,0,1980,G
1-PB2,648,1983,0,3,1,1987,A
1-PB2,649,0,1984,0,0,1984,T
1-PB2,650,1,1975,0,1,1977,T
1-PB2,651,0,1981,0,3,1984,T
1-PB2,652,1,1,0,1988,1990,C
1-PB2,653,0,1983,0,4,1987,T
1-PB2,654,9,0,0,1980,1989,C
1-PB2,655,0,1,0,1981,1982,C
1-PB2,656,3,3,0,1980,1986,C
1-PB2,657,1989,0,2,0,1991,A
1-PB2,658,1,0,2004,0,2005,G
1-PB2,659,0,2005,0,2,2007,T
1-PB2,660,0,2000,0,0,2000,T
1-PB2,661,1,0,1994,0,1995,G
1-PB2,662,0,1,0,1994,1995,C
1-PB2,663,0,1992,0,0,1992,T
1-PB2,664,2,3,1997,0,2002,G
1-PB2,665,1,0,1998,0,1999,G
1-PB2,666,1,4,0,1994,1999,C
1-PB2,667,1,8,1990,0,1999,G
1-PB2,668,1,13,2006,2,2022,G
1-PB2,669,2027,0,2,0,2029,A
1-PB2,670,2021,0,2,0,2023,A
1-PB2,671,0,0,0,2032,2032,C
1-PB2,672,2033,2,0,0,2035,A
1-PB2,673,2031,1,2,0,2034,A
1-PB2,674,1,0,2107,0,2108,G
1-PB2,675,0,1,0,2140,2141,C
1-PB2,676,2160,0,1,0,2161,A
1-PB2,677,0,0,2595,0,2595,G
1-PB2,678,0,2589,0,2,2591,T
1-PB2,679,2609,0,2,0,2611,A
1-PB2,680,0,2615,0,3,2618,T
1-PB2,681,2619,1,1,0,2621,A
1-PB2,682,0,2616,0,0,2616,T
1-PB2,683,2580,1,0,0,2581,A
1-PB2,684,1,0,0,2623,2624,C
1-PB2,685,2507,0,0,0,2507,A
1-PB2,686,0,2395,0,1,2396,T
1-PB2,687,0,2337,0,1,2338,T
1-PB2,688,1,7,2330,0,2338,G
1-PB2,689,2337,1,1,0,2339,A
1-PB2,690,2328,0,2,1,2331,A
1-PB2,691,0,0,2363,0,2363,G
1-PB2,692,0,2362,1,0,2363,T
1-PB2,693,0,2337,0,2,2339,T
1-PB2,694,0,2345,0,0,2345,T
1-PB2,695,0,2348,0,1,2349,T
1-PB2,696,2378,0,2,0,2380,A
1-PB2,697,0,0,0,2399,2399,C
1-PB2,698,2406,0,1,0,2407,A
1-PB2,699,1,2393,0,2,2396,T
1-PB2,700,0,2384,1,1,2386,T
1-PB2,701,0,2388,0,0,2388,T
1-PB2,702,0,28,2380,0,2408,G
1-PB2,703,2418,0,2,0,2420,A
1-PB2,704,1,0,0,2421,2422,C
1-PB2,705,0,2419,0,0,2419,T
1-PB2,706,3,0,0,2416,2419,C
1-PB2,707,2411,0,4,0,2415,A
1-PB2,708,1,3,2392,0,2396,G
1-PB2,709,0,5,2450,0,2455,G
1-PB2,710,0,11,2444,0,2455,G
1-PB2,711,2454,1,3,0,2458,A
1-PB2,712,2455,0,2,0,2457,A
1-PB2,713,1,0,0,2449,2450,C
1-PB2,714,0,2,2466,0,2468,G
1-PB2,715,3,2459,1,2,2465,T
1-PB2,716,1,2,2476,0,2479,G
1-PB2,717,0,2465,0,0,2465,T
1-PB2,718,1,2459,0,2,2462,T
1-PB2,719,1,4,2457,0,2462,G
1-PB2,720,0,8,2452,0,2460,G
1-PB2,721,0,12,2467,0,2479,G
1-PB2,722,2463,0,1,1,2465,A
1-PB2,723,2456,0,3,0,2459,A
1-PB2,724,0,0,0,2506,2506,C
1-PB2,725,2500,0,1,0,2501,A
1-PB2,726,2567,1,0,0,2568,A
1-PB2,727,2571,0,0,0,2571,A
1-PB2,728,0,2601,0,0,2601,T
1-PB2,729,1,2,2639,0,2642,G
1-PB2,730,0,2628,0,0,2628,T
1-PB2,731,2627,0,4,0,2631,A
1-PB2,732,2,4,0,2631,2637,C
1-PB2,733,2601,0,1,1,2603,A
1-PB2,734,0,0,0,2603,2603,C
1-PB2,735,0,2528,0,6,2534,T
1-PB2,736,9,0,0,2719,2728,C
1-PB2,737,1,0,0,2724,2725,C
1-PB2,738,2760,0,1,0,2761,A
1-PB2,739,0,4,2775,0,2779,G
1-PB2,740,0,1,2826,0,2827,G
1-PB2,741,0,2819,0,4,2823,T
1-PB2,742,1,4,2813,0,2818,G
1-PB2,743,0,8,2751,0,2759,G
1-PB2,744,2729,0,2,0,2731,A
1-PB2,745,0,3,2737,0,2740,G
1-PB2,746,3,16,2722,0,2741,G
1-PB2,747,2688,0,3,0,2691,A
1-PB2,748,1,0,2700,0,2701,G
1-PB2,749,0,2668,0,0,2668,T
1-PB2,750,1,5,2668,0,2674,G
1-PB2,751,2669,0,4,0,2673,A
1-PB2,752,1,5,2674,0,2680,G
1-PB2,753,1,5,2689,0,2695,G
1-PB2,754,2663,0,1,0,2664,A
1-PB2,755,2670,0,1,0,2671,A
1-PB2,756,0,2687,0,1,2688,T
1-PB2,757,2,7,2671,0,2680,G
1-PB2,758,2673,0,4,1,2678,A
1-PB2,759,0,0,0,2668,2668,C
1-PB2,760,4,6,2659,0,2669,G
1-PB2,761,2701,0,0,0,2701,A
1-PB2,762,0,2681,0,1,2682,T
1-PB2,763,3,2,2693,0,2698,G
1-PB2,764,0,2691,0,1,2692,T
1-PB2,765,1,2676,0,1,2678,T
1-PB2,766,1,23,2675,0,2699,G
1-PB2,767,2698,0,5,0,2703,A
1-PB2,768,0,0,0,2708,2708,C
1-PB2,769,12,0,0,2688,2700,C
1-PB2,770,2686,0,0,0,2686,A
1-PB2,771,2697,0,1,0,2698,A
1-PB2,772,2699,0,2,0,2701,A
1-PB2,773,1,1,2754,1,2757,G
1-PB2,774,2,1,0,2750,2753,C
1-PB2,775,3,11,0,2738,2752,C
1-PB2,776,1,2761,0,3,2765,T
1-PB2,777,2771,0,0,0,2771,A
1-PB2,778,2769,0,1,0,2770,A
1-PB2,779,2,2778,0,0,2780,T
1-PB2,780,0,2774,0,0,2774,T
1-PB2,781,2747,0,1,0,2748,A
1-PB2,782,1,2700,0,0,2701,T
1-PB2,783,0,2682,0,0,2682,T
1-PB2,784,0,2,2675,0,2677,G
1-PB2,785,1,4,0,2668,2673,C
1-PB2,786,2,8,2659,0,2669,G
1-PB2,787,0,0,2707,0,2707,G
1-PB2,788,2,0,1,2690,2693,C
1-PB2,789,8,3,0,2700,2711,C
1-PB2,790,2711,0,2,1,2714,A
1-PB2,791,0,5,2741,0,2746,G
1-PB2,792,2,18,2735,0,2755,G
1-PB2,793,2757,0,2,0,2759,A
1-PB2,794,2757,1,5,0,2763,A
1-PB2,795,2,1,0,2783,2786,C
1-PB2,796,2765,0,2,0,2767,A
1-PB2,797,1,2804,0,2,2807,T
1-PB2,798,2831,1,1,0,2833,A
1-PB2,799,1,0,2849,0,2850,G
1-PB2,800,0,2822,0,1,2823,T
1-PB2,801,2800,0,0,1,2801,A
1-PB2,802,2796,0,0,1,2797,A
1-PB2,803,1,2,2795,0,2798,G
1-PB2,804,2784,0,0,0,2784,A
1-PB2,805,2738,0,2,0,2740,A
1-PB2,806,3,5,2724,0,2732,G
1-PB2,807,2677,1,1,0,2679,A
1-PB2,808,1,0,2678,0,2679,G
1-PB2,809,1,2,0,2673,2676,C
1-PB2,810,3,6,0,2671,2680,C
1-PB2,811,1,1,2682,0,2684,G
1-PB2,812,4,0,0,2691,2695,C
1-PB2,813,2708,0,0,0,2708,A
1-PB2,814,3,1,2902,0,2906,G
1-PB2,815,0,2907,0,2,2909,T
1-PB2,816,2916,0,0,0,2916,A
1-PB2,817,0,2908,0,1,2909,T
1-PB2,818,13,1,1,2910,2925,C
1-PB2,819,2920,0,3,0,2923,A
1-PB2,820,1,0,2928,0,2929,G
1-PB2,821,0,0,0,2925,2925,C
1-PB2,822,2823,1,3,0,2827,A
1-PB2,823,1,4,2781,1,2787,G
1-PB2,824,2788,2,4,0,2794,A
1-PB2,825,0,2797,1,0,2798,T
1-PB2,826,9,0,0,2796,2805,C
1-PB2,827,7,1,0,2789,2797,C
1-PB2,828,2807,1,1,0,2809,A
1-PB2,829,1,0,0,2818,2819,C
1-PB2,830,1,2809,0,1,2811,T
1-PB2,831,2824,0,2,0,2826,A
1-PB2,832,1,0,2819,0,2820,G
1-PB2,833,2,1,0,2794,2797,C
1-PB2,834,2791,1,1,0,2793,A
1-PB2,835,0,2805,0,2,2807,T
1-PB2,836,3,1,0,2826,2830,C
1-PB2,837,1,2812,0,1,2814,T
1-PB2,838,0,2861,1,0,2862,T
1-PB2,839,0,2864,0,3,2867,T
1-PB2,840,2861,1,0,1,2863,A
1-PB2,841,1,2867,0,1,2869,T
1-PB2,842,0,2854,0,1,2855,T
1-PB2,843,3,2,2846,0,2851,G
1-PB2,844,0,10,2841,0,2851,G
1-PB2,845,2808,0,2,0,2810,A
1-PB2,846,1,2,2815,0,2818,G
1-PB2,847,2784,1,1,0,2786,A
1-PB2,848,0,2765,1,1,2767,T
1-PB2,849,0,0,2795,0,2795,G
1-PB2,850,1,2785,1,3,2790,T
1-PB2,851,2,6,2786,0,2794,G
1-PB2,852,0,0,0,2800,2800,C
1-PB2,853,6,1,1,2786,2794,C
1-PB2,854,2795,1,1,0,2797,A
1-PB2,855,0,0,0,2797,2797,C
1-PB2,856,2756,2,7,1,2766,A
1-PB2,857,1,1,2796,0,2798,G
1-PB2,858,2,1,0,2740,2743,C
1-PB2,859,2733,3,5,1,2742,A
1-PB2,860,2,1,0,2740,2743,C
1-PB2,861,2734,2,1,1,2738,A
1-PB2,862,3,1,0,2748,2752,C
1-PB2,863,2742,0,1,2,2745,A
1-PB2,864,2745,0,2,0,2747,A
1-PB2,865,2745,0,1,1,2747,A
1-PB2,866,0,2681,0,0,2681,T
1-PB2,867,0,2682,1,0,2683,T
1-PB2,868,2,5,2669,0,2676,G
1-PB2,869,1,2,2669,0,2672,G
1-PB2,870,0,2,0,2677,2679,C
1-PB2,871,2,5,2651,0,2658,G
1-PB2,872,0,13,2649,0,2662,G
1-PB2,873,2650,0,1,1,2652,A
1-PB2,874,2699,0,0,1,2700,A
1-PB2,875,1,0,0,2705,2706,C
1-PB2,876,2710,0,1,1,2712,A
1-PB2,877,2709,0,2,1,2712,A
1-PB2,878,1,3,2720,1,2725,G
1-PB2,879,0,7,2712,0,2719,G
1-PB2,880,2742,0,3,0,2745,A
1-PB2,881,0,2619,0,1,2620,T
1-PB2,882,0,6,2611,0,2617,G
1-PB2,883,1,2,2634,0,2637,G
1-PB2,884,1,2614,0,0,2615,T
1-PB2,885,3,9,2600,0,2612,G
1-PB2,886,0,9,2603,0,2612,G
1-PB2,887,2604,1,1,1,2607,A
1-PB2,888,2,1,0,2599,2602,C
1-PB2,889,2568,0,0,1,2569,A
1-PB2,890,1,2828,0,0,2829,T
1-PB2,891,0,2811,0,1,2812,T
1-PB2,892,10,0,0,2792,2802,C
1-PB2,893,1,2765,0,2,2768,T
1-PB2,894,1,2767,0,1,2769,T
1-PB2,895,2773,1,0,1,2775,A
1-PB2,896,0,8,2779,0,2787,G
1-PB2,897,2772,0,3,0,2775,A
1-PB2,898,1,1,0,2774,2776,C
1-PB2,899,2315,1,1,1,2318,A
1-PB2,900,1,8,2330,0,2339,G
1-PB2,901,2323,0,1,1,2325,A
1-PB2,902,2329,0,0,1,2330,A
1-PB2,903,0,0,0,2326,2326,C
1-PB2,904,4,0,0,2320,2324,C
1-PB2,905,5,0,0,2316,2321,C
1-PB2,906,1,11,2308,0,2320,G
1-PB2,907,2323,0,2,0,2325,A
1-PB2,908,1,0,0,2331,2332,C
1-PB2,909,0,2312,0,1,2313,T
1-PB2,910,0,1,2325,1,2327,G
1-PB2,911,2320,0,2,1,2323,A
1-PB2,912,2326,1,1,1,2329,A
1-PB2,913,1,13,2327,0,2341,G
1-PB2,914,2325,1,1,1,2328,A
1-PB2,915,2325,1,2,1,2329,A
1-PB2,916,2,0,0,2335,2337,C
1-PB2,917,2329,0,0,1,2330,A
1-PB2,918,2332,0,4,1,2337,A
1-PB2,919,0,0,2359,0,2359,G
1-PB2,920,0,1,0,2369,2370,C
1-PB2,921,1,2345,1,2,2349,T
1-PB2,922,2,1,2386,0,2389,G
1-PB2,923,2,2380,0,0,2382,T
1-PB2,924,2,6,2434,0,2442,G
1-PB2,925,1,4,2509,0,2514,G
1-PB2,926,2510,0,1,1,2512,A
1-PB2,927,0,2503,0,0,2503,T
1-PB2,928,2481,2,1,1,2485,A
1-PB2,929,0,2459,0,1,2460,T
1-PB2,930,2531,0,1,0,2532,A
1-PB2,931,0,2492,0,0,2492,T
1-PB2,932,2,0,2487,0,2489,G
1-PB2,933,0,1,0,2458,2459,C
1-PB2,934,2380,0,1,1,2382,A
1-PB2,935,2387,0,1,0,2388,A
1-PB2,936,0,3,2382,0,2385,G
1-PB2,937,1,0,2394,0,2395,G
1-PB2,938,2,1,0,2383,2386,C
1-PB2,939,0,2352,0,2,2354,T
1-PB2,940,1,0,2363,0,2364,G
1-PB2,941,0,1,0,2360,2361,C
1-PB2,942,2368,0,1,0,2369,A
1-PB2,943,2369,0,1,1,2371,A
1-PB2,944,0,2362,0,0,2362,T
1-PB2,945,1,8,2362,0,2371,G
1-PB2,946,1,9,2349,0,2359,G
1-PB2,947,0,5,2363,0,2368,G
1-PB2,948,2365,0,1,0,2366,A
1-PB2,949,0,2359,0,1,2360,T
1-PB2,950,0,2347,0,1,2348,T
1-PB2,951,0,10,2342,0,2352,G
1-PB2,952,2346,1,0,1,2348,A
1-PB2,953,0,7,2354,0,2361,G
1-PB2,954,2341,0,0,1,2342,A
1-PB2,955,2328,0,0,1,2329,A
1-PB2,956,0,2313,0,1,2314,T
1-PB2,957,9,2,0,2311,2322,C
1-PB2,958,2310,0,1,1,2312,A
1-PB2,959,0,0,2331,0,2331,G
1-PB2,960,1,1,0,2320,2322,C
1-PB2,961,1,2317,0,0,2318,T
1-PB2,962,7,0,0,2303,2310,C
1-PB2,963,2304,1,1,1,2307,A
1-PB2,964,1,2346,0,0,2347,T
1-PB2,965,7,0,0,2354,2361,C
1-PB2,966,0,0,0,2369,2369,C
1-PB2,967,0,2354,0,3,2357,T
1-PB2,968,0,2340,0,3,2343,T
1-PB2,969,4,2,0,2340,2346,C
1-PB2,970,2342,0,0,0,2342,A
1-PB2,971,0,0,2378,0,2378,G
1-PB2,972,0,0,0,2376,2376,C
1-PB2,973,0,2335,0,4,2339,T
1-PB2,974,0,2345,0,0,2345,T
1-PB2,975,0,2342,0,0,2342,T
1-PB2,976,1,7,2341,0,2349,G
1-PB2,977,0,0,2347,0,2347,G
1-PB2,978,0,2345,0,0,2345,T
1-PB2,979,1,5,2345,1,2352,G
1-PB2,980,0,3,2349,0,2352,G
1-PB2,981,0,0,2371,0,2371,G
1-PB2,982,1,2362,1,1,2365,T
1-PB2,983,0,2359,0,1,2360,T
1-PB2,984,0,2363,0,0,2363,T
1-PB2,985,2371,0,1,0,2372,A
1-PB2,986,0,0,0,2379,2379,C
1-PB2,987,2380,0,1,0,2381,A
1-PB2,988,0,2368,1,0,2369,T
1-PB2,989,1,2334,1,1,2337,T
1-PB2,990,1,2342,1,0,2344,T
1-PB2,991,2345,2,0,0,2347,A
1-PB2,992,2344,0,0,0,2344,A
1-PB2,993,2341,0,0,1,2342,A
1-PB2,994,2324,0,5,0,2329,A
1-PB2,995,0,13,2333,0,2346,G
1-PB2,996,2328,1,2,0,2331,A
1-PB2,997,2334,0,2,0,2336,A
1-PB2,998,1,1,0,2335,2337,C
1-PB2,999,2330,0,1,0,2331,A
1-PB2,1000,2335,1,2,0,2338,A
1-PB2,1001,1,1,2333,0,2335,G
1-PB2,1002,0,1,0,2329,2330,C
1-PB2,1003,0,6,2326,0,2332,G
1-PB2,1004,3,2,2325,0,2330,G
1-PB2,1005,1,0,2338,0,2339,G
1-PB2,1006,1,2333,0,2,2336,T
1-PB2,1007,16,0,1,2316,2333,C
1-PB2,1008,2334,1,2,0,2337,A
1-PB2,1009,0,2321,0,2,2323,T
1-PB2,1010,5,0,0,2321,2326,C
1-PB2,1011,2321,0,1,0,2322,A
1-PB2,1012,1,0,2367,2,2370,G
1-PB2,1013,1,2335,0,0,2336,T
1-PB2,1014,11,0,1,2327,2339,C
1-PB2,1015,2341,0,1,0,2342,A
1-PB2,1016,2340,0,1,0,2341,A
1-PB2,1017,2338,0,0,0,2338,A
1-PB2,1018,2334,0,0,0,2334,A
1-PB2,1019,2325,0,4,0,2329,A
1-PB2,1020,2,0,2181,0,2183,G
1-PB2,1021,0,6,2291,0,2297,G
1-PB2,1022,2306,0,0,0,2306,A
1-PB2,1023,1997,1,303,0,2301,A
1-PB2,1024,3,0,2301,0,2304,G
1-PB2,1025,2303,1,0,0,2304,A
1-PB2,1026,2189,0,3,0,2192,A
1-PB2,1027,0,2,2196,0,2198,G
1-PB2,1028,2190,0,2,0,2192,A
1-PB2,1029,1,6,2188,0,2195,G
1-PB2,1030,0,1,2255,0,2256,G
1-PB2,1031,0,2248,1,0,2249,T
1-PB2,1032,0,0,2287,0,2287,G
1-PB2,1033,2,0,0,2302,2304,C
1-PB2,1034,1,2289,0,2,2292,T
1-PB2,1035,0,2298,0,0,2298,T
1-PB2,1036,2293,1,2,0,2296,A
1-PB2,1037,0,0,0,2296,2296,C
1-PB2,1038,2283,0,2,0,2285,A
1-PB2,1039,2,5,2279,0,2286,G
1-PB2,1040,1,2,2280,0,2283,G
1-PB2,1041,0,1,0,2248,2249,C
1-PB2,1042,2228,0,0,0,2228,A
1-PB2,1043,2237,0,1,0,2238,A
1-PB2,1044,1,2271,0,2,2274,T
1-PB2,1045,0,0,0,2304,2304,C
1-PB2,1046,0,2288,1,5,2294,T
1-PB2,1047,9,0,0,2285,2294,C
1-PB2,1048,3,0,0,2299,2302,C
1-PB2,1049,2292,1,2,0,2295,A
1-PB2,1050,2295,0,1,0,2296,A
1-PB2,1051,2299,1,0,0,2300,A
1-PB2,1052,0,0,0,2315,2315,C
1-PB2,1053,2265,0,2,0,2267,A
1-PB2,1054,1,2243,0,0,2244,T
1-PB2,1055,0,2182,1,0,2183,T
1-PB2,1056,1,12,2166,0,2179,G
1-PB2,1057,2178,1,2,0,2181,A
1-PB2,1058,1,7,2141,0,2149,G
1-PB2,1059,2228,0,0,0,2228,A
1-PB2,1060,2228,0,1,0,2229,A
1-PB2,1061,1,2255,0,0,2256,T
1-PB2,1062,2249,0,1,1,2251,A
1-PB2,1063,2254,0,5,0,2259,A
1-PB2,1064,0,10,2301,0,2311,G
1-PB2,1065,2268,0,1,0,2269,A
1-PB2,1066,1,0,2319,0,2320,G
1-PB2,1067,0,2243,0,3,2246,T
1-PB2,1068,2257,0,1,0,2258,A
1-PB2,1069,1,1,0,2294,2296,C
1-PB2,1070,2263,0,2,0,2265,A
1-PB2,1071,0,2262,0,0,2262,T
1-PB2,1072,0,7,2248,0,2255,G
1-PB2,1073,2199,0,1,0,2200,A
1-PB2,1074,0,9,2217,0,2226,G
1-PB2,1075,0,6,2227,1,2234,G
1-PB2,1076,0,4,2305,0,2309,G
1-PB2,1077,2,2,2326,0,2330,G
1-PB2,1078,0,2278,0,0,2278,T
1-PB2,1079,2283,1,0,0,2284,A
1-PB2,1080,1,2277,0,1,2279,T
1-PB2,1081,0,7,2283,0,2290,G
1-PB2,1082,2274,2,2,0,2278,A
1-PB2,1083,3,2,2270,0,2275,G
1-PB2,1084,1,4,2260,0,2265,G
1-PB2,1085,2129,0,2,0,2131,A
1-PB2,1086,0,1,2199,0,2200,G
1-PB2,1087,0,2186,0,2,2188,T
1-PB2,1088,1,2240,0,3,2244,T
1-PB2,1089,12,1,0,2238,2251,C
1-PB2,1090,2247,2,2,0,2251,A
1-PB2,1091,0,1,0,2254,2255,C
1-PB2,1092,2245,0,0,1,2246,A
1-PB2,1093,2268,0,2,0,2270,A
1-PB2,1094,0,2257,1,1,2259,T
1-PB2,1095,2,9,2231,0,2242,G
1-PB2,1096,0,0,2256,0,2256,G
1-PB2,1097,1,2200,0,0,2201,T
1-PB2,1098,1,1,2199,0,2201,G
1-PB2,1099,2,3,2197,0,2202,G
1-PB2,1100,0,3,2206,0,2209,G
1-PB2,1101,0,6,2209,0,2215,G
1-PB2,1102,2207,0,0,1,2208,A
1-PB2,1103,2213,0,3,0,2216,A
1-PB2,1104,2204,1,1,0,2206,A
1-PB2,1105,2165,2,6,0,2173,A
1-PB2,1106,0,8,2178,0,2186,G
1-PB2,1107,2176,0,5,0,2181,A
1-PB2,1108,1,0,2179,0,2180,G
1-PB2,1109,1,1,0,2174,2176,C
1-PB2,1110,2169,1,0,0,2170,A
1-PB2,1111,2171,1,1,0,2173,A
1-PB2,1112,0,1,0,2247,2248,C
1-PB2,1113,2244,1,1,0,2246,A
1-PB2,1114,1,1,2283,0,2285,G
1-PB2,1115,0,0,0,2265,2265,C
1-PB2,1116,0,2257,0,1,2258,T
1-PB2,1117,2315,0,0,0,2315,A
1-PB2,1118,0,2307,0,0,2307,T
1-PB2,1119,2323,0,0,0,2323,A
1-PB2,1120,0,0,0,2322,2322,C
1-PB2,1121,0,2217,0,1,2218,T
1-PB2,1122,2221,0,1,1,2223,A
1-PB2,1123,2178,1,1,1,2181,A
1-PB2,1124,0,10,2179,0,2189,G
1-PB2,1125,2190,1,0,1,2192,A
1-PB2,1126,2132,0,0,0,2132,A
1-PB2,1127,2126,0,0,0,2126,A
1-PB2,1128,2118,0,8,0,2126,A
1-PB2,1129,0,0,2140,0,2140,G
1-PB2,1130,0,1,0,2136,2137,C
1-PB2,1131,2131,1,1,0,2133,A
1-PB2,1132,2134,1,2,0,2137,A
1-PB2,1133,1,0,0,2153,2154,C
1-PB2,1134,2,0,0,2152,2154,C
1-PB2,1135,2150,1,0,0,2151,A
1-PB2,1136,0,4,2159,0,2163,G
1-PB2,1137,2152,0,8,0,2160,A
1-PB2,1138,2162,0,1,0,2163,A
1-PB2,1139,0,6,2164,0,2170,G
1-PB2,1140,2163,0,1,0,2164,A
1-PB2,1141,1,2156,0,0,2157,T
1-PB2,1142,1,2136,0,1,2138,T
1-PB2,1143,1,5,2143,0,2149,G
1-PB2,1144,0,0,2189,0,2189,G
1-PB2,1145,1,2172,0,3,2176,T
1-PB2,1146,1,2166,0,3,2170,T
1-PB2,1147,15,0,1,2151,2167,C
1-PB2,1148,2155,0,3,0,2158,A
1-PB2,1149,2151,1,3,0,2155,A
1-PB2,1150,1,1,0,2282,2284,C
1-PB2,1151,0,2279,0,0,2279,T
1-PB2,1152,10,1,0,2293,2304,C
1-PB2,1153,2269,0,1,0,2270,A
1-PB2,1154,1,2273,0,1,2275,T
1-PB2,1155,2276,0,0,0,2276,A
1-PB2,1156,0,2,2290,0,2292,G
1-PB2,1157,0,2235,0,2,2237,T
1-PB2,1158,0,11,2250,0,2261,G
1-PB2,1159,2184,1,0,0,2185,A
1-PB2,1160,0,1,2220,0,2221,G
1-PB2,1161,0,2206,0,2,2208,T
1-PB2,1162,0,8,2194,1,2203,G
1-PB2,1163,0,2,2216,0,2218,G
1-PB2,1164,2217,0,1,0,2218,A
1-PB2,1165,2204,1,5,0,2210,A
1-PB2,1166,1,5,2212,0,2218,G
1-PB2,1167,2184,0,3,0,2187,A
1-PB2,1168,1,10,2189,0,2200,G
1-PB2,1169,2181,0,6,0,2187,A
1-PB2,1170,2,0,0,2182,2184,C
1-PB2,1171,1,13,2169,1,2184,G
1-PB2,1172,2162,2,2,0,2166,A
1-PB2,1173,2166,0,1,0,2167,A
1-PB2,1174,2,0,0,2173,2175,C
1-PB2,1175,2151,1,1,0,2153,A
1-PB2,1176,2,0,2268,0,2270,G
1-PB2,1177,0,2258,0,1,2259,T
1-PB2,1178,9,2,0,2243,2254,C
1-PB2,1179,2259,0,3,0,2262,A
1-PB2,1180,2256,0,1,0,2257,A
1-PB2,1181,1,2259,0,0,2260,T
1-PB2,1182,2244,0,1,0,2245,A
1-PB2,1183,1,0,2245,1,2247,G
1-PB2,1184,0,0,0,2224,2224,C
1-PB2,1185,2,0,1,2179,2182,C
1-PB2,1186,2,5,2171,0,2178,G
1-PB2,1187,2176,0,0,0,2176,A
1-PB2,1188,2176,0,3,0,2179,A
1-PB2,1189,0,1,2212,0,2213,G
1-PB2,1190,1,1,0,2243,2245,C
1-PB2,1191,2255,0,2,0,2257,A
1-PB2,1192,2258,0,1,0,2259,A
1-PB2,1193,1,2254,0,5,2260,T
1-PB2,1194,2263,0,3,1,2267,A
1-PB2,1195,2278,1,0,0,2279,A
1-PB2,1196,0,2281,0,0,2281,T
1-PB2,1197,6,0,0,2262,2268,C
1-PB2,1198,0,1,2261,0,2262,G
1-PB2,1199,0,2212,1,2,2215,T
1-PB2,1200,1,2,2207,0,2210,G
1-PB2,1201,2,2,2218,0,2222,G
1-PB2,1202,0,0,0,2220,2220,C
1-PB2,1203,3,1,0,2214,2218,C
1-PB2,1204,2202,0,0,0,2202,A
1-PB2,1205,0,2203,1,1,2205,T
1-PB2,1206,3,6,2200,0,2209,G
1-PB2,1207,0,1,2240,0,2241,G
1-PB2,1208,1,2238,0,2,2241,T
1-PB2,1209,0,1,2243,0,2244,G
1-PB2,1210,1,2215,1,0,2217,T
1-PB2,1211,0,2201,0,3,2204,T
1-PB2,1212,1,2213,1,2,2217,T
1-PB2,1213,0,2223,0,0,2223,T
1-PB2,1214,9,1,0,2249,2259,C
1-PB2,1215,2253,1,2,0,2256,A
1-PB2,1216,1,1,0,2338,2340,C
1-PB2,1217,2313,0,1,1,2315,A
1-PB2,1218,2321,0,0,0,2321,A
1-PB2,1219,0,4,2318,0,2322,G
1-PB2,1220,2312,0,1,0,2313,A
1-PB2,1221,2247,0,64,0,2311,A
1-PB2,1222,0,0,2353,0,2353,G
1-PB2,1223,2350,1,2,0,2353,A
1-PB2,1224,0,2355,0,2,2357,T
1-PB2,1225,0,2344,0,0,2344,T
1-PB2,1226,0,3,2341,0,2344,G
1-PB2,1227,0,0,0,2330,2330,C
1-PB2,1228,2339,1,1,1,2342,A
1-PB2,1229,0,2361,0,2,2363,T
1-PB2,1230,1,6,2458,0,2465,G
1-PB2,1231,2479,0,1,0,2480,A
1-PB2,1232,0,2491,0,0,2491,T
1-PB2,1233,2480,0,0,0,2480,A
1-PB2,1234,2476,0,2,0,2478,A
1-PB2,1235,2475,0,2,0,2477,A
1-PB2,1236,2483,0,4,0,2487,A
1-PB2,1237,1,1,2494,0,2496,G
1-PB2,1238,0,2,0,2543,2545,C
1-PB2,1239,2554,1,2,0,2557,A
1-PB2,1240,0,0,2631,0,2631,G
1-PB2,1241,0,2629,0,0,2629,T
1-PB2,1242,0,2625,0,1,2626,T
1-PB2,1243,2630,1,0,0,2631,A
1-PB2,1244,0,2,2641,1,2644,G
1-PB2,1245,2621,0,1,0,2622,A
1-PB2,1246,0,6,2623,0,2629,G
1-PB2,1247,1,2,2615,0,2618,G
1-PB2,1248,1,2503,0,3,2507,T
1-PB2,1249,1,26,2492,0,2519,G
1-PB2,1250,2528,0,1,0,2529,A
1-PB2,1251,2,2,0,2530,2534,C
1-PB2,1252,9,0,0,2531,2540,C
1-PB2,1253,0,2480,0,6,2486,T
1-PB2,1254,6,11,2491,0,2508,G
1-PB2,1255,2500,0,0,0,2500,A
1-PB2,1256,2507,0,0,0,2507,A
1-PB2,1257,1,2493,0,1,2495,T
1-PB2,1258,0,2532,3,0,2535,T
1-PB2,1259,0,2539,0,0,2539,T
1-PB2,1260,5,2,0,2525,2532,C
1-PB2,1261,1,0,2537,0,2538,G
1-PB2,1262,0,2525,0,4,2529,T
1-PB2,1263,11,1,1,2518,2531,C
1-PB2,1264,2532,0,4,0,2536,A
1-PB2,1265,2531,2,1,0,2534,A
1-PB2,1266,0,0,0,2538,2538,C
1-PB2,1267,2509,1,1,0,2511,A
1-PB2,1268,0,11,2527,0,2538,G
1-PB2,1269,2527,2,0,0,2529,A
1-PB2,1270,0,3,2536,0,2539,G
1-PB2,1271,2,1,0,2538,2541,C
1-PB2,1272,2526,0,2,0,2528,A
1-PB2,1273,2548,0,0,0,2548,A
1-PB2,1274,2555,0,0,0,2555,A
1-PB2,1275,0,2545,0,1,2546,T
1-PB2,1276,13,2,0,2531,2546,C
1-PB2,1277,2541,0,2,0,2543,A
1-PB2,1278,1,2,2541,0,2544,G
1-PB2,1279,0,1,0,2541,2542,C
1-PB2,1280,2,1,2547,0,2550,G
1-PB2,1281,1,0,2660,0,2661,G
1-PB2,1282,0,2639,0,2,2641,T
1-PB2,1283,2,2640,1,2,2645,T
1-PB2,1284,0,15,2632,1,2648,G
1-PB2,1285,2651,0,2,1,2654,A
1-PB2,1286,2666,0,4,0,2670,A
1-PB2,1287,2,0,0,2682,2684,C
1-PB2,1288,5,0,0,2665,2670,C
1-PB2,1289,3,0,0,2675,2678,C
1-PB2,1290,1,0,0,2637,2638,C
1-PB2,1291,2647,0,4,0,2651,A
1-PB2,1292,0,2665,0,2,2667,T
1-PB2,1293,1,2,2666,0,2669,G
1-PB2,1294,3,0,1,2675,2679,C
1-PB2,1295,2668,0,0,0,2668,A
1-PB2,1296,0,2642,0,4,2646,T
1-PB2,1297,9,1,0,2632,2642,C
1-PB2,1298,2625,0,1,0,2626,A
1-PB2,1299,0,0,2674,0,2674,G
1-PB2,1300,1,1,0,2670,2672,C
1-PB2,1301,0,2641,1,2,2644,T
1-PB2,1302,1,2647,0,0,2648,T
1-PB2,1303,0,2639,0,0,2639,T
1-PB2,1304,1,2638,1,2,2642,T
1-PB2,1305,2640,2,1,0,2643,A
1-PB2,1306,2638,0,2,0,2640,A
1-PB2,1307,1,6,2627,1,2635,G
1-PB2,1308,1,1,2614,0,2616,G
1-PB2,1309,2,0,0,2590,2592,C
1-PB2,1310,2584,0,0,0,2584,A
1-PB2,1311,1,2574,0,0,2575,T
1-PB2,1312,0,2581,0,1,2582,T
1-PB2,1313,0,2585,0,0,2585,T
1-PB2,1314,0,2595,0,1,2596,T
1-PB2,1315,7,2,0,2585,2594,C
1-PB2,1316,2588,1,1,0,2590,A
1-PB2,1317,1,4,2582,0,2587,G
1-PB2,1318,2586,0,0,0,2586,A
1-PB2,1319,2587,0,0,0,2587,A
1-PB2,1320,2582,0,0,1,2583,A
1-PB2,1321,0,1,2590,0,2591,G
1-PB2,1322,2608,0,3,0,2611,A
1-PB2,1323,0,2609,0,1,2610,T
1-PB2,1324,2,3,2602,0,2607,G
1-PB2,1325,2,4,0,2600,2606,C
1-PB2,1326,2,8,2600,0,2610,G
1-PB2,1327,2615,1,0,0,2616,A
1-PB2,1328,2607,0,0,0,2607,A
1-PB2,1329,2606,0,2,0,2608,A
1-PB2,1330,0,0,2610,1,2611,G
1-PB2,1331,0,2584,0,2,2586,T
1-PB2,1332,3,2,2577,0,2582,G
1-PB2,1333,2,2,1,2578,2583,C
1-PB2,1334,0,2574,0,2,2576,T
1-PB2,1335,0,2573,0,1,2574,T
1-PB2,1336,1,2579,0,3,2583,T
1-PB2,1337,1,2580,0,1,2582,T
1-PB2,1338,0,2578,0,2,2580,T
1-PB2,1339,9,0,1,2577,2587,C
1-PB2,1340,2582,0,1,1,2584,A
1-PB2,1341,2593,0,1,0,2594,A
1-PB2,1342,2588,0,0,0,2588,A
1-PB2,1343,2591,0,0,0,2591,A
1-PB2,1344,0,2588,0,1,2589,T
1-PB2,1345,0,2600,0,0,2600,T
1-PB2,1346,0,6,2596,0,2602,G
1-PB2,1347,0,4,2599,0,2603,G
1-PB2,1348,2,5,2594,0,2601,G
1-PB2,1349,0,6,2635,1,2642,G
1-PB2,1350,2626,3,2,0,2631,A
1-PB2,1351,1,2,2668,0,2671,G
1-PB2,1352,0,2664,0,3,2667,T
1-PB2,1353,2,2664,0,1,2667,T
1-PB2,1354,1,17,2653,0,2671,G
1-PB2,1355,2673,0,1,0,2674,A
1-PB2,1356,2678,0,1,0,2679,A
1-PB2,1357,1,1,0,2736,2738,C
1-PB2,1358,2708,0,1,0,2709,A
1-PB2,1359,1,2,0,2766,2769,C
1-PB2,1360,2718,1,1,0,2720,A
1-PB2,1361,0,2729,0,3,2732,T
1-PB2,1362,7,1,0,2733,2741,C
1-PB2,1363,2,10,2730,0,2742,G
1-PB2,1364,2753,0,1,0,2754,A
1-PB2,1365,2,3,0,2748,2753,C
1-PB2,1366,2663,0,1,0,2664,A
1-PB2,1367,1,1,2736,0,2738,G
1-PB2,1368,2,2683,0,2,2687,T
1-PB2,1369,0,2,2711,0,2713,G
1-PB2,1370,2,2699,0,1,2702,T
1-PB2,1371,1,5,2687,0,2693,G
1-PB2,1372,2699,0,2,0,2701,A
1-PB2,1373,0,2681,0,2,2683,T
1-PB2,1374,0,6,2683,0,2689,G
1-PB2,1375,0,10,2677,0,2687,G
1-PB2,1376,0,6,2654,0,2660,G
1-PB2,1377,2629,0,3,1,2633,A
1-PB2,1378,2610,0,3,0,2613,A
1-PB2,1379,0,2610,0,0,2610,T
1-PB2,1380,1,4,2618,0,2623,G
1-PB2,1381,2617,0,4,0,2621,A
1-PB2,1382,0,2626,0,1,2627,T
1-PB2,1383,0,2621,0,4,2625,T
1-PB2,1384,2,0,2615,0,2617,G
1-PB2,1385,0,11,2640,0,2651,G
1-PB2,1386,2626,0,5,0,2631,A
1-PB2,1387,0,0,2669,0,2669,G
1-PB2,1388,0,2640,0,1,2641,T
1-PB2,1389,2616,2,0,0,2618,A
1-PB2,1390,0,2623,0,2,2625,T
1-PB2,1391,0,2642,0,0,2642,T
1-PB2,1392,2665,0,4,0,2669,A
1-PB2,1393,1,0,0,2675,2676,C
1-PB2,1394,8,2,0,2612,2622,C
1-PB2,1395,2598,0,1,0,2599,A
1-PB2,1396,0,7,2605,0,2612,G
1-PB2,1397,2643,1,0,0,2644,A
1-PB2,1398,0,2612,1,1,2614,T
1-PB2,1399,2609,0,0,0,2609,A
1-PB2,1400,0,2580,0,2,2582,T
1-PB2,1401,0,15,2551,1,2567,G
1-PB2,1402,2575,0,2,0,2577,A
1-PB2,1403,0,0,0,2588,2588,C
1-PB2,1404,0,2589,0,4,2593,T
1-PB2,1405,11,1,0,2580,2592,C
1-PB2,1406,4,0,0,2564,2568,C
1-PB2,1407,2574,3,1,0,2578,A
1-PB2,1408,2580,0,4,0,2584,A
1-PB2,1409,0,3,2612,0,2615,G
1-PB2,1410,2,0,0,2606,2608,C
1-PB2,1411,2600,1,1,0,2602,A
1-PB2,1412,0,2,1,2594,2597,C
1-PB2,1413,2569,0,2,0,2571,A
1-PB2,1414,10,2,2564,0,2576,G
1-PB2,1415,2568,1,2,0,2571,A
1-PB2,1416,0,0,2578,0,2578,G
1-PB2,1417,2569,0,1,0,2570,A
1-PB2,1418,0,2511,0,1,2512,T
1-PB2,1419,3,1,2543,0,2547,G
1-PB2,1420,0,2530,0,0,2530,T
1-PB2,1421,12,1,0,2505,2518,C
1-PB2,1422,2532,0,1,0,2533,A
1-PB2,1423,2532,1,0,0,2533,A
1-PB2,1424,1,2523,0,0,2524,T
1-PB2,1425,1,6,2516,1,2524,G
1-PB2,1426,2487,0,0,0,2487,A
1-PB2,1427,0,6,2487,0,2493,G
1-PB2,1428,2459,0,5,0,2464,A
1-PB2,1429,1,6,2471,0,2478,G
1-PB2,1430,1,12,2558,0,2571,G
1-PB2,1431,2557,1,1,1,2560,A
1-PB2,1432,2567,0,3,0,2570,A
1-PB2,1433,2,2571,0,1,2574,T
1-PB2,1434,2568,0,0,0,2568,A
1-PB2,1435,2564,1,1,0,2566,A
1-PB2,1436,0,10,2553,1,2564,G
1-PB2,1437,2545,0,0,0,2545,A
1-PB2,1438,0,0,2551,0,2551,G
1-PB2,1439,1,2412,0,0,2413,T
1-PB2,1440,16,0,0,2399,2415,C
1-PB2,1441,2419,0,6,0,2425,A
1-PB2,1442,3,1,2443,0,2447,G
1-PB2,1443,0,2,0,2458,2460,C
1-PB2,1444,2459,0,0,0,2459,A
1-PB2,1445,2462,0,1,0,2463,A
1-PB2,1446,2454,0,0,0,2454,A
1-PB2,1447,2452,1,3,0,2456,A
1-PB2,1448,0,2453,0,0,2453,T
1-PB2,1449,0,8,2450,0,2458,G
1-PB2,1450,1,3,2446,0,2450,G
1-PB2,1451,0,2,2458,0,2460,G
1-PB2,1452,1,2436,0,2,2439,T
1-PB2,1453,0,0,2446,0,2446,G
1-PB2,1454,0,2440,1,1,2442,T
1-PB2,1455,2,8,2445,0,2455,G
1-PB2,1456,1,4,2482,0,2487,G
1-PB2,1457,2488,2,2,1,2493,A
1-PB2,1458,0,2479,1,0,2480,T
1-PB2,1459,0,13,2488,0,2501,G
1-PB2,1460,2491,1,0,0,2492,A
1-PB2,1461,2491,0,1,0,2492,A
1-PB2,1462,0,2482,0,1,2483,T
1-PB2,1463,2455,0,1,1,2457,A
1-PB2,1464,0,6,0,2579,2585,C
1-PB2,1465,1,2535,1,0,2537,T
1-PB2,1466,15,0,0,2554,2569,C
1-PB2,1467,2,1,0,2574,2577,C
1-PB2,1468,2555,0,2,0,2557,A
1-PB2,1469,1,2,2630,1,2634,G
1-PB2,1470,0,2621,0,0,2621,T
1-PB2,1471,2639,0,0,0,2639,A
1-PB2,1472,1,1,0,2638,2640,C
1-PB2,1473,2415,0,3,0,2418,A
1-PB2,1474,0,8,2413,0,2421,G
1-PB2,1475,2371,1,1,0,2373,A
1-PB2,1476,0,6,2378,0,2384,G
1-PB2,1477,2330,0,3,0,2333,A
1-PB2,1478,2,6,2252,0,2260,G
1-PB2,1479,3,4,2252,0,2259,G
1-PB2,1480,0,0,2260,0,2260,G
1-PB2,1481,0,2228,0,1,2229,T
1-PB2,1482,1,1,2227,0,2229,G
1-PB2,1483,0,0,2230,0,2230,G
1-PB2,1484,1,2214,0,2,2217,T
1-PB2,1485,1,9,2266,0,2276,G
1-PB2,1486,0,1,2275,0,2276,G
1-PB2,1487,1,2211,1,1,2214,T
1-PB2,1488,0,2215,0,1,2216,T
1-PB2,1489,2194,0,0,0,2194,A
1-PB2,1490,0,1,2201,0,2202,G
1-PB2,1491,1,0,0,2199,2200,C
1-PB2,1492,2199,0,1,0,2200,A
1-PB2,1493,1,2191,0,0,2192,T
1-PB2,1494,0,2091,0,1,2092,T
1-PB2,1495,1,12,2083,0,2096,G
1-PB2,1496,2091,0,0,0,2091,A
1-PB2,1497,0,2091,0,3,2094,T
1-PB2,1498,15,3,0,2073,2091,C
1-PB2,1499,1,2,2072,0,2075,G
1-PB2,1500,0,0,2101,0,2101,G
1-PB2,1501,0,2089,0,2,2091,T
1-PB2,1502,0,2091,1,3,2095,T
1-PB2,1503,0,2091,1,1,2093,T
1-PB2,1504,1,2097,0,0,2098,T
1-PB2,1505,0,2088,0,2,2090,T
1-PB2,1506,1,5,2091,0,2097,G
1-PB2,1507,2091,0,4,0,2095,A
1-PB2,1508,0,9,2091,0,2100,G
1-PB2,1509,2027,0,1,0,2028,A
1-PB2,1510,0,1,2051,0,2052,G
1-PB2,1511,1,2049,0,1,2051,T
1-PB2,1512,0,2045,0,0,2045,T
1-PB2,1513,8,1,0,2042,2051,C
1-PB2,1514,2,6,2043,0,2051,G
1-PB2,1515,2052,0,1,0,2053,A
1-PB2,1516,0,8,2047,0,2055,G
1-PB2,1517,2050,0,2,0,2052,A
1-PB2,1518,0,1,1,2049,2051,C
1-PB2,1519,5,2,1,2035,2043,C
1-PB2,1520,2026,2,2,0,2030,A
1-PB2,1521,2050,0,0,0,2050,A
1-PB2,1522,0,1,0,2052,2053,C
1-PB2,1523,1,0,2053,0,2054,G
1-PB2,1524,0,2039,0,0,2039,T
1-PB2,1525,0,3,2039,0,2042,G
1-PB2,1526,1,3,2037,0,2041,G
1-PB2,1527,0,3,2039,0,2042,G
1-PB2,1528,2021,0,4,0,2025,A
1-PB2,1529,2033,0,0,0,2033,A
1-PB2,1530,1,1966,0,0,1967,T
1-PB2,1531,1,0,2043,0,2044,G
1-PB2,1532,2,2033,0,0,2035,T
1-PB2,1533,2033,0,1,0,2034,A
1-PB2,1534,0,2031,0,2,2033,T
1-PB2,1535,0,2009,0,1,2010,T
1-PB2,1536,2033,0,0,0,2033,A
1-PB2,1537,0,2020,0,2,2022,T
1-PB2,1538,0,2004,0,0,2004,T
1-PB2,1539,2004,0,0,0,2004,A
1-PB2,1540,0,1804,0,5,1809,T
1-PB2,1541,4,0,0,1868,1872,C
1-PB2,1542,1,1844,0,4,1849,T
1-PB2,1543,9,0,0,1846,1855,C
1-PB2,1544,2,0,0,1854,1856,C
1-PB2,1545,0,1807,0,1,1808,T
1-PB2,1546,0,5,1812,0,1817,G
1-PB2,1547,1807,0,0,0,1807,A
1-PB2,1548,0,3,1807,0,1810,G
1-PB2,1549,0,5,1808,0,1813,G
1-PB2,1550,1640,0,1,0,1641,A
1-PB2,1551,0,0,1666,0,1666,G
1-PB2,1552,0,0,1657,0,1657,G
1-PB2,1553,0,1595,0,3,1598,T
1-PB2,1554,15,0,0,1579,1594,C
1-PB2,1555,1582,0,3,0,1585,A
1-PB2,1556,0,0,1602,0,1602,G
1-PB2,1557,0,1592,0,1,1593,T
1-PB2,1558,1,7,1582,0,1590,G
1-PB2,1559,1589,0,2,0,1591,A
1-PB2,1560,1546,0,2,0,1548,A
1-PB2,1561,1552,0,3,1,1556,A
1-PB2,1562,1,0,0,1555,1556,C
1-PB2,1563,1542,0,1,0,1543,A
1-PB2,1564,0,2,0,1544,1546,C
1-PB2,1565,1481,0,3,0,1484,A
1-PB2,1566,0,2,1490,0,1492,G
1-PB2,1567,0,2,1497,0,1499,G
1-PB2,1568,2,9,1508,0,1519,G
1-PB2,1569,1517,1,1,0,1519,A
1-PB2,1570,1501,1,2,0,1504,A
1-PB2,1571,0,2,0,1511,1513,C
1-PB2,1572,0,1490,0,0,1490,T
1-PB2,1573,1,1,1489,0,1491,G
1-PB2,1574,1482,0,1,0,1483,A
1-PB2,1575,1,3,1480,1,1485,G
1-PB2,1576,1453,0,4,0,1457,A
1-PB2,1577,0,2,1406,0,1408,G
1-PB2,1578,1412,0,1,0,1413,A
1-PB2,1579,0,0,0,1407,1407,C
1-PB2,1580,0,1371,0,0,1371,T
1-PB2,1581,0,5,1395,0,1400,G
1-PB2,1582,1391,0,2,0,1393,A
1-PB2,1583,0,2,0,1407,1409,C
1-PB2,1584,1403,0,0,0,1403,A
1-PB2,1585,1402,0,0,0,1402,A
1-PB2,1586,1,1397,0,0,1398,T
1-PB2,1587,1408,0,0,0,1408,A
1-PB2,1588,1411,0,1,0,1412,A
1-PB2,1589,0,0,0,1424,1424,C
1-PB2,1590,0,1358,0,0,1358,T
1-PB2,1591,0,1351,0,0,1351,T
1-PB2,1592,1346,0,0,0,1346,A
1-PB2,1593,0,1339,0,0,1339,T
1-PB2,1594,0,1336,0,0,1336,T
1-PB2,1595,6,0,0,1324,1330,C
1-PB2,1596,1276,0,1,0,1277,A
1-PB2,1597,0,1272,0,4,1276,T
1-PB2,1598,2,0,0,1245,1247,C
1-PB2,1599,1,0,1248,0,1249,G
1-PB2,1600,0,1256,0,1,1257,T
1-PB2,1601,5,1,1,1236,1243,C
1-PB2,1602,2,1,1240,0,1243,G
1-PB2,1603,1243,0,0,0,1243,A
1-PB2,1604,1,1236,0,0,1237,T
1-PB2,1605,0,3,1246,0,1249,G
1-PB2,1606,1249,0,0,0,1249,A
1-PB2,1607,0,1251,0,0,1251,T
1-PB2,1608,1,0,1247,0,1248,G
1-PB2,1609,0,1212,0,0,1212,T
1-PB2,1610,1,6,1197,0,1204,G
1-PB2,1611,0,1,1206,0,1207,G
1-PB2,1612,0,5,1200,0,1205,G
1-PB2,1613,1185,0,1,0,1186,A
1-PB2,1614,0,6,1184,0,1190,G
1-PB2,1615,1128,0,1,0,1129,A
1-PB2,1616,0,1120,0,0,1120,T
1-PB2,1617,0,1095,0,0,1095,T
1-PB2,1618,1094,0,1,0,1095,A
1-PB2,1619,1090,0,0,1,1091,A
1-PB2,1620,0,1,0,1084,1085,C
1-PB2,1621,0,4,1036,0,1040,G
1-PB2,1622,0,1,1053,0,1054,G
1-PB2,1623,0,996,0,0,996,T
1-PB2,1624,4,0,1,983,988,C
1-PB2,1625,5,0,0,985,990,C
1-PB2,1626,0,945,0,1,946,T
1-PB2,1627,1,1,952,0,954,G
1-PB2,1628,957,0,0,0,957,A
1-PB2,1629,0,0,959,0,959,G
1-PB2,1630,0,956,0,1,957,T
1-PB2,1631,4,0,0,933,937,C
1-PB2,1632,1,2,927,0,930,G
1-PB2,1633,0,2,934,0,936,G
1-PB2,1634,0,939,0,0,939,T
1-PB2,1635,0,937,0,0,937,T
1-PB2,1636,0,933,0,2,935,T
1-PB2,1637,0,934,0,0,934,T
1-PB2,1638,0,3,944,0,947,G
1-PB2,1639,0,1,951,0,952,G
1-PB2,1640,0,954,0,0,954,T
1-PB2,1641,9,0,0,941,950,C
1-PB2,1642,932,0,0,0,932,A
1-PB2,1643,962,1,0,0,963,A
1-PB2,1644,0,962,0,1,963,T
1-PB2,1645,968,0,0,0,968,A
1-PB2,1646,0,0,0,981,981,C
1-PB2,1647,1,1,0,938,940,C
1-PB2,1648,0,941,1,1,943,T
1-PB2,1649,957,1,1,0,959,A
1-PB2,1650,0,959,0,0,959,T
1-PB2,1651,4,0,0,964,968,C
1-PB2,1652,945,0,0,0,945,A
1-PB2,1653,948,0,0,0,948,A
1-PB2,1654,0,944,0,0,944,T
1-PB2,1655,0,2,919,0,921,G
1-PB2,1656,1,5,920,0,926,G
1-PB2,1657,918,0,0,0,918,A
1-PB2,1658,0,893,0,1,894,T
1-PB2,1659,5,0,0,888,893,C
1-PB2,1660,892,0,1,0,893,A
1-PB2,1661,0,893,0,0,893,T
1-PB2,1662,0,0,0,892,892,C
1-PB2,1663,893,0,1,0,894,A
1-PB2,1664,0,4,891,0,895,G
1-PB2,1665,893,0,0,0,893,A
1-PB2,1666,890,0,0,1,891,A
1-PB2,1667,895,0,0,0,895,A
1-PB2,1668,1,891,0,0,892,T
1-PB2,1669,0,895,0,1,896,T
1-PB2,1670,0,1,894,0,895,G
1-PB2,1671,0,2,889,0,891,G
1-PB2,1672,1,3,887,0,891,G
1-PB2,1673,891,0,0,1,892,A
1-PB2,1674,886,0,2,0,888,A
1-PB2,1675,0,0,884,0,884,G
1-PB2,1676,0,0,0,891,891,C
1-PB2,1677,0,893,0,0,893,T
1-PB2,1678,0,0,902,0,902,G
1-PB2,1679,0,899,0,0,899,T
1-PB2,1680,6,0,0,895,901,C
1-PB2,1681,904,0,0,0,904,A
1-PB2,1682,901,0,0,0,901,A
1-PB2,1683,900,0,1,0,901,A
1-PB2,1684,907,1,0,0,908,A
1-PB2,1685,0,905,0,0,905,T
1-PB2,1686,0,908,0,0,908,T
1-PB2,1687,3,0,0,901,904,C
1-PB2,1688,900,0,0,0,900,A
1-PB2,1689,902,0,0,0,902,A
1-PB2,1690,0,899,0,0,899,T
1-PB2,1691,1,6,893,0,900,G
1-PB2,1692,1,0,911,0,912,G
1-PB2,1693,0,913,0,1,914,T
1-PB2,1694,4,0,0,910,914,C
1-PB2,1695,0,919,0,0,919,T
1-PB2,1696,1,0,0,920,921,C
1-PB2,1697,917,1,2,0,920,A
1-PB2,1698,1,1,920,0,922,G
1-PB2,1699,918,0,0,0,918,A
1-PB2,1700,926,0,0,0,926,A
1-PB2,1701,0,918,0,0,918,T
1-PB2,1702,3,0,0,901,904,C
1-PB2,1703,2,0,0,891,893,C
1-PB2,1704,0,895,0,0,895,T
1-PB2,1705,2,0,893,0,895,G
1-PB2,1706,0,0,0,894,894,C
1-PB2,1707,896,0,0,0,896,A
1-PB2,1708,898,1,0,0,899,A
1-PB2,1709,0,893,0,0,893,T
1-PB2,1710,1,0,909,0,910,G
1-PB2,1711,0,915,0,0,915,T
1-PB2,1712,0,880,0,0,880,T
1-PB2,1713,3,0,886,0,889,G
1-PB2,1714,0,885,0,0,885,T
1-PB2,1715,888,0,0,0,888,A
1-PB2,1716,0,1,0,887,888,C
1-PB2,1717,864,0,1,0,865,A
1-PB2,1718,868,0,2,0,870,A
1-PB2,1719,0,0,0,864,864,C
1-PB2,1720,842,0,0,0,842,A
1-PB2,1721,846,0,0,0,846,A
1-PB2,1722,825,0,0,0,825,A
1-PB2,1723,824,0,1,0,825,A
1-PB2,1724,0,825,0,0,825,T
1-PB2,1725,0,2,818,0,820,G
1-PB2,1726,1,5,818,0,824,G
1-PB2,1727,818,0,0,0,818,A
1-PB2,1728,825,0,0,0,825,A
1-PB2,1729,0,823,0,0,823,T
1-PB2,1730,0,824,0,0,824,T
1-PB2,1731,0,823,0,0,823,T
1-PB2,1732,1,5,818,0,824,G
1-PB2,1733,822,0,1,0,823,A
1-PB2,1734,823,2,0,0,825,A
1-PB2,1735,2,0,0,816,818,C
1-PB2,1736,4,0,0,795,799,C
1-PB2,1737,807,0,0,0,807,A
1-PB2,1738,0,812,0,1,813,T
1-PB2,1739,0,812,1,0,813,T
1-PB2,1740,0,812,0,1,813,T
1-PB2,1741,6,0,0,810,816,C
1-PB2,1742,818,0,0,0,818,A
1-PB2,1743,820,0,0,0,820,A
1-PB2,1744,0,820,1,0,821,T
1-PB2,1745,0,0,0,830,830,C
1-PB2,1746,0,825,0,0,825,T
1-PB2,1747,0,828,1,0,829,T
1-PB2,1748,0,831,0,0,831,T
1-PB2,1749,828,0,0,0,828,A
1-PB2,1750,0,0,833,0,833,G
1-PB2,1751,0,832,0,0,832,T
1-PB2,1752,3,0,0,840,843,C
1-PB2,1753,1,0,0,840,841,C
1-PB2,1754,1,0,0,835,836,C
1-PB2,1755,0,0,0,837,837,C
1-PB2,1756,836,0,1,0,837,A
1-PB2,1757,834,0,2,0,836,A
1-PB2,1758,0,1,848,0,849,G
1-PB2,1759,0,0,849,0,849,G
1-PB2,1760,0,2,0,841,843,C
1-PB2,1761,0,0,0,838,838,C
1-PB2,1762,838,0,1,0,839,A
1-PB2,1763,0,850,0,0,850,T
1-PB2,1764,0,851,0,0,851,T
1-PB2,1765,850,1,1,0,852,A
1-PB2,1766,0,2,853,0,855,G
1-PB2,1767,838,0,0,0,838,A
1-PB2,1768,866,1,0,0,867,A
1-PB2,1769,0,0,873,1,874,G
1-PB2,1770,0,0,0,874,874,C
1-PB2,1771,2,0,1,871,874,C
1-PB2,1772,867,0,0,0,867,A
1-PB2,1773,874,1,0,0,875,A
1-PB2,1774,0,880,0,2,882,T
1-PB2,1775,887,0,0,0,887,A
1-PB2,1776,1,0,0,882,883,C
1-PB2,1777,819,0,1,0,820,A
1-PB2,1778,3,0,819,0,822,G
1-PB2,1779,0,800,0,0,800,T
1-PB2,1780,0,2,797,0,799,G
1-PB2,1781,0,2,796,0,798,G
1-PB2,1782,0,0,794,0,794,G
1-PB2,1783,0,787,1,0,788,T
1-PB2,1784,0,783,1,0,784,T
1-PB2,1785,0,792,0,0,792,T
1-PB2,1786,0,0,800,0,800,G
1-PB2,1787,0,791,0,1,792,T
1-PB2,1788,2,0,0,793,795,C
1-PB2,1789,790,0,1,0,791,A
1-PB2,1790,0,5,789,0,794,G
1-PB2,1791,789,0,0,0,789,A
1-PB2,1792,789,1,0,0,790,A
1-PB2,1793,0,1,0,786,787,C
1-PB2,1794,0,768,0,2,770,T
1-PB2,1795,2,0,0,794,796,C
1-PB2,1796,0,801,0,0,801,T
1-PB2,1797,807,0,0,0,807,A
1-PB2,1798,0,805,1,0,806,T
1-PB2,1799,0,803,0,0,803,T
1-PB2,1800,1,1,0,801,803,C
1-PB2,1801,0,1,0,795,796,C
1-PB2,1802,794,0,0,0,794,A
1-PB2,1803,795,0,0,0,795,A
1-PB2,1804,0,0,0,793,793,C
1-PB2,1805,789,0,0,0,789,A
1-PB2,1806,789,0,0,0,789,A
1-PB2,1807,792,0,0,0,792,A
1-PB2,1808,0,796,0,0,796,T
1-PB2,1809,0,2,791,0,793,G
1-PB2,1810,787,0,0,0,787,A
1-PB2,1811,0,3,789,0,792,G
1-PB2,1812,790,1,0,0,791,A
1-PB2,1813,0,2,788,0,790,G
1-PB2,1814,793,0,1,1,795,A
1-PB2,1815,0,0,0,791,791,C
1-PB2,1816,0,1,798,0,799,G
1-PB2,1817,0,806,0,0,806,T
1-PB2,1818,816,0,0,0,816,A
1-PB2,1819,0,0,0,819,819,C
1-PB2,1820,0,813,0,1,814,T
1-PB2,1821,0,812,0,0,812,T
1-PB2,1822,0,2,806,0,808,G
1-PB2,1823,0,1,806,0,807,G
1-PB2,1824,0,0,811,0,811,G
1-PB2,1825,809,1,0,0,810,A
1-PB2,1826,0,0,0,812,812,C
1-PB2,1827,813,0,0,0,813,A
1-PB2,1828,0,814,0,1,815,T
1-PB2,1829,0,819,0,0,819,T
1-PB2,1830,1,816,0,1,818,T
1-PB2,1831,0,6,814,0,820,G
1-PB2,1832,809,0,1,0,810,A
1-PB2,1833,0,1,0,813,814,C
1-PB2,1834,811,0,2,0,813,A
1-PB2,1835,1,0,0,814,815,C
1-PB2,1836,0,0,0,810,810,C
1-PB2,1837,818,0,0,0,818,A
1-PB2,1838,1,0,0,821,822,C
1-PB2,1839,2,0,0,821,823,C
1-PB2,1840,2,0,0,823,825,C
1-PB2,1841,818,0,0,0,818,A
1-PB2,1842,0,1,830,0,831,G
1-PB2,1843,825,0,0,0,825,A
1-PB2,1844,0,868,0,0,868,T
1-PB2,1845,853,0,0,0,853,A
1-PB2,1846,841,0,1,1,843,A
1-PB2,1847,0,843,0,0,843,T
1-PB2,1848,843,0,0,0,843,A
1-PB2,1849,839,0,0,0,839,A
1-PB2,1850,831,0,2,0,833,A
1-PB2,1851,0,0,839,0,839,G
1-PB2,1852,0,0,0,837,837,C
1-PB2,1853,0,812,0,0,812,T
1-PB2,1854,0,806,0,0,806,T
1-PB2,1855,1,0,0,809,810,C
1-PB2,1856,0,801,0,0,801,T
1-PB2,1857,1,1,0,818,820,C
1-PB2,1858,0,0,0,821,821,C
1-PB2,1859,3,1,1,810,815,C
1-PB2,1860,0,4,0,801,805,C
1-PB2,1861,0,824,0,0,824,T
1-PB2,1862,0,827,0,0,827,T
1-PB2,1863,0,828,0,1,829,T
1-PB2,1864,0,0,828,0,828,G
1-PB2,1865,0,1,0,827,828,C
1-PB2,1866,816,0,0,0,816,A
1-PB2,1867,1,1,818,0,820,G
1-PB2,1868,0,0,0,818,818,C
1-PB2,1869,0,806,0,0,806,T
1-PB2,1870,0,1,814,0,815,G
1-PB2,1871,0,0,1,811,812,C
1-PB2,1872,0,807,0,0,807,T
1-PB2,1873,7,0,0,807,814,C
1-PB2,1874,2,0,0,813,815,C
1-PB2,1875,819,0,0,0,819,A
1-PB2,1876,0,0,0,815,815,C
1-PB2,1877,7,0,0,810,817,C
1-PB2,1878,809,0,0,0,809,A
1-PB2,1879,809,0,1,0,810,A
1-PB2,1880,805,0,2,0,807,A
1-PB2,1881,0,1,812,0,813,G
1-PB2,1882,1,1,0,806,808,C
1-PB2,1883,797,0,0,0,797,A
1-PB2,1884,801,0,0,0,801,A
1-PB2,1885,797,0,2,0,799,A
1-PB2,1886,0,0,805,0,805,G
1-PB2,1887,0,0,0,807,807,C
1-PB2,1888,799,0,0,0,799,A
1-PB2,1889,0,5,796,0,801,G
1-PB2,1890,798,0,0,0,798,A
1-PB2,1891,809,0,0,0,809,A
1-PB2,1892,1,811,0,0,812,T
1-PB2,1893,0,0,809,0,809,G
1-PB2,1894,0,0,0,811,811,C
1-PB2,1895,801,0,0,0,801,A
1-PB2,1896,2,0,805,0,807,G
1-PB2,1897,0,805,0,1,806,T
1-PB2,1898,0,824,0,0,824,T
1-PB2,1899,4,0,0,823,827,C
1-PB2,1900,2,822,0,0,824,T
1-PB2,1901,4,0,0,831,835,C
1-PB2,1902,0,828,0,1,829,T
1-PB2,1903,0,833,0,0,833,T
1-PB2,1904,1,0,0,835,836,C
1-PB2,1905,827,0,0,0,827,A
1-PB2,1906,1,2,0,826,829,C
1-PB2,1907,0,804,0,0,804,T
1-PB2,1908,0,6,811,0,817,G
1-PB2,1909,810,0,0,0,810,A
1-PB2,1910,0,0,0,820,820,C
1-PB2,1911,0,811,0,0,811,T
1-PB2,1912,0,0,814,0,814,G
1-PB2,1913,0,807,0,1,808,T
1-PB2,1914,0,2,816,0,818,G
1-PB2,1915,814,0,2,0,816,A
1-PB2,1916,838,0,0,0,838,A
1-PB2,1917,0,832,0,0,832,T
1-PB2,1918,0,0,833,0,833,G
1-PB2,1919,0,814,0,0,814,T
1-PB2,1920,804,0,0,0,804,A
1-PB2,1921,807,0,2,0,809,A
1-PB2,1922,1,1,807,0,809,G
1-PB2,1923,0,1,807,0,808,G
1-PB2,1924,1,0,803,0,804,G
1-PB2,1925,0,6,805,0,811,G
1-PB2,1926,811,0,0,0,811,A
1-PB2,1927,0,806,0,0,806,T
1-PB2,1928,3,0,0,806,809,C
1-PB2,1929,800,1,2,0,803,A
1-PB2,1930,0,2,814,0,816,G
1-PB2,1931,0,1,815,0,816,G
1-PB2,1932,0,0,810,0,810,G
1-PB2,1933,808,0,1,0,809,A
1-PB2,1934,0,791,0,0,791,T
1-PB2,1935,0,4,787,0,791,G
1-PB2,1936,788,0,0,0,788,A
1-PB2,1937,0,0,818,0,818,G
1-PB2,1938,809,0,2,0,811,A
1-PB2,1939,796,0,0,0,796,A
1-PB2,1940,0,807,0,0,807,T
1-PB2,1941,805,1,0,0,806,A
1-PB2,1942,0,0,0,817,817,C
1-PB2,1943,0,806,0,2,808,T
1-PB2,1944,0,809,0,0,809,T
1-PB2,1945,0,0,814,0,814,G
1-PB2,1946,0,800,0,1,801,T
1-PB2,1947,800,0,0,0,800,A
1-PB2,1948,796,0,0,0,796,A
1-PB2,1949,0,0,794,0,794,G
1-PB2,1950,0,1,788,0,789,G
1-PB2,1951,0,2,786,0,788,G
1-PB2,1952,1,0,788,0,789,G
1-PB2,1953,0,0,0,793,793,C
1-PB2,1954,788,0,0,0,788,A
1-PB2,1955,802,0,1,0,803,A
1-PB2,1956,0,803,0,0,803,T
1-PB2,1957,1,799,0,1,801,T
1-PB2,1958,2,0,0,815,817,C
1-PB2,1959,0,799,0,1,800,T
1-PB2,1960,1,0,0,815,816,C
1-PB2,1961,4,0,0,811,815,C
1-PB2,1962,0,817,0,0,817,T
1-PB2,1963,0,0,828,1,829,G
1-PB2,1964,0,814,0,1,815,T
1-PB2,1965,818,0,1,0,819,A
1-PB2,1966,0,820,0,0,820,T
1-PB2,1967,0,808,0,1,809,T
1-PB2,1968,2,0,0,816,818,C
1-PB2,1969,809,0,0,0,809,A
1-PB2,1970,813,0,1,0,814,A
1-PB2,1971,2,0,0,816,818,C
1-PB2,1972,0,809,0,0,809,T
1-PB2,1973,810,0,0,0,810,A
1-PB2,1974,0,0,0,822,822,C
1-PB2,1975,817,1,0,0,818,A
1-PB2,1976,818,0,1,0,819,A
1-PB2,1977,0,0,0,816,816,C
1-PB2,1978,812,0,0,0,812,A
1-PB2,1979,807,0,0,0,807,A
1-PB2,1980,0,5,807,0,812,G
1-PB2,1981,807,0,3,0,810,A
1-PB2,1982,0,0,0,814,814,C
1-PB2,1983,3,1,0,787,791,C
1-PB2,1984,788,0,0,0,788,A
1-PB2,1985,0,1,0,802,803,C
1-PB2,1986,1,799,0,0,800,T
1-PB2,1987,801,0,0,0,801,A
1-PB2,1988,799,0,0,1,800,A
1-PB2,1989,803,0,0,1,804,A
1-PB2,1990,802,0,0,0,802,A
1-PB2,1991,1,2,806,0,809,G
1-PB2,1992,801,0,0,0,801,A
1-PB2,1993,0,1,0,800,801,C
1-PB2,1994,0,781,0,1,782,T
1-PB2,1995,781,0,1,0,782,A
1-PB2,1996,779,1,0,0,780,A
1-PB2,1997,0,0,0,781,781,C
1-PB2,1998,777,0,0,0,777,A
1-PB2,1999,776,0,0,0,776,A
1-PB2,2000,0,767,0,0,767,T
1-PB2,2001,0,765,0,0,765,T
1-PB2,2002,2,0,0,766,768,C
1-PB2,2003,2,757,3,0,762,T
1-PB2,2004,4,0,0,766,770,C
1-PB2,2005,0,1,767,0,768,G
1-PB2,2006,1,0,770,0,771,G
1-PB2,2007,771,0,0,0,771,A
1-PB2,2008,771,0,0,1,772,A
1-PB2,2009,767,1,0,0,768,A
1-PB2,2010,770,1,0,0,771,A
1-PB2,2011,0,0,773,0,773,G
1-PB2,2012,770,0,0,1,771,A
1-PB2,2013,0,768,0,0,768,T
1-PB2,2014,0,1,768,0,769,G
1-PB2,2015,0,1,0,767,768,C
1-PB2,2016,4,1,0,761,766,C
1-PB2,2017,0,2,767,0,769,G
1-PB2,2018,0,0,765,0,765,G
1-PB2,2019,0,0,0,770,770,C
1-PB2,2020,768,0,0,0,768,A
1-PB2,2021,2,0,0,774,776,C
1-PB2,2022,0,771,0,1,772,T
1-PB2,2023,0,767,0,1,768,T
1-PB2,2024,0,772,0,0,772,T
1-PB2,2025,770,0,0,2,772,A
1-PB2,2026,773,0,0,0,773,A
1-PB2,2027,0,771,0,0,771,T
1-PB2,2028,0,769,0,0,769,T
1-PB2,2029,0,2,768,0,770,G
1-PB2,2030,749,0,0,0,749,A
1-PB2,2031,747,0,0,0,747,A
1-PB2,2032,1,2,746,0,749,G
1-PB2,2033,754,0,0,0,754,A
1-PB2,2034,0,0,0,756,756,C
1-PB2,2035,3,2,0,745,750,C
1-PB2,2036,2,0,0,750,752,C
1-PB2,2037,749,0,0,1,750,A
1-PB2,2038,0,1,758,0,759,G
1-PB2,2039,757,0,0,0,757,A
1-PB2,2040,0,758,0,0,758,T
1-PB2,2041,0,4,753,0,757,G
1-PB2,2042,739,0,1,0,740,A
1-PB2,2043,738,0,0,0,738,A
1-PB2,2044,736,0,1,0,737,A
1-PB2,2045,0,1,737,0,738,G
1-PB2,2046,1,0,0,733,734,C
1-PB2,2047,714,0,0,0,714,A
1-PB2,2048,0,0,0,720,720,C
1-PB2,2049,719,0,0,0,719,A
1-PB2,2050,1,719,0,0,720,T
1-PB2,2051,0,0,0,723,723,C
1-PB2,2052,2,1,0,722,725,C
1-PB2,2053,1,1,722,0,724,G
1-PB2,2054,0,3,724,0,727,G
1-PB2,2055,723,0,0,0,723,A
1-PB2,2056,0,0,729,0,729,G
1-PB2,2057,0,720,0,0,720,T
1-PB2,2058,0,2,719,1,722,G
1-PB2,2059,0,4,718,0,722,G
1-PB2,2060,714,0,1,0,715,A
1-PB2,2061,0,0,718,0,718,G
1-PB2,2062,0,704,0,1,705,T
1-PB2,2063,6,0,0,697,703,C
1-PB2,2064,2,3,0,691,696,C
1-PB2,2065,1,0,695,0,696,G
1-PB2,2066,0,0,0,694,694,C
1-PB2,2067,0,1,0,695,696,C
1-PB2,2068,1,0,702,0,703,G
1-PB2,2069,0,696,0,1,697,T
1-PB2,2070,1,0,0,702,703,C
1-PB2,2071,0,702,0,0,702,T
1-PB2,2072,0,706,0,1,707,T
1-PB2,2073,0,1,701,0,702,G
1-PB2,2074,702,0,0,0,702,A
1-PB2,2075,0,2,702,0,704,G
1-PB2,2076,699,0,0,0,699,A
1-PB2,2077,0,3,680,0,683,G
1-PB2,2078,0,2,678,0,680,G
1-PB2,2079,0,0,678,0,678,G
1-PB2,2080,0,675,0,1,676,T
1-PB2,2081,0,670,0,0,670,T
1-PB2,2082,0,673,0,1,674,T
1-PB2,2083,1,0,0,679,680,C
1-PB2,2084,0,677,0,0,677,T
1-PB2,2085,5,0,0,690,695,C
1-PB2,2086,695,0,0,1,696,A
1-PB2,2087,0,688,0,0,688,T
1-PB2,2088,0,683,0,0,683,T
1-PB2,2089,682,0,1,0,683,A
1-PB2,2090,1,686,0,0,687,T
1-PB2,2091,665,0,1,0,666,A
1-PB2,2092,0,0,668,1,669,G
1-PB2,2093,1,0,672,0,673,G
1-PB2,2094,0,636,0,0,636,T
1-PB2,2095,638,0,0,0,638,A
1-PB2,2096,635,0,0,0,635,A
1-PB2,2097,0,0,636,0,636,G
1-PB2,2098,0,0,636,0,636,G
1-PB2,2099,631,0,0,1,632,A
1-PB2,2100,620,1,2,0,623,A
1-PB2,2101,0,1,623,0,624,G
1-PB2,2102,618,0,0,0,618,A
1-PB2,2103,0,0,0,622,622,C
1-PB2,2104,613,0,0,0,613,A
1-PB2,2105,1,0,613,0,614,G
1-PB2,2106,605,0,0,0,605,A
1-PB2,2107,601,0,0,0,601,A
1-PB2,2108,0,2,599,0,601,G
1-PB2,2109,0,0,589,0,589,G
1-PB2,2110,0,605,1,0,606,T
1-PB2,2111,605,0,1,0,606,A
1-PB2,2112,0,0,0,606,606,C
1-PB2,2113,0,4,601,0,605,G
1-PB2,2114,0,4,608,0,612,G
1-PB2,2115,613,0,0,0,613,A
1-PB2,2116,2,0,0,607,609,C
1-PB2,2117,4,0,0,604,608,C
1-PB2,2118,595,1,0,0,596,A
1-PB2,2119,0,0,615,0,615,G
1-PB2,2120,1,0,0,615,616,C
1-PB2,2121,615,0,0,0,615,A
1-PB2,2122,0,614,0,0,614,T
1-PB2,2123,0,581,1,0,582,T
1-PB2,2124,585,0,1,0,586,A
1-PB2,2125,585,0,0,0,585,A
1-PB2,2126,0,0,586,0,586,G
1-PB2,2127,0,0,0,586,586,C
1-PB2,2128,553,0,0,0,553,A
1-PB2,2129,0,561,0,0,561,T
1-PB2,2130,2,0,0,556,558,C
1-PB2,2131,560,0,0,0,560,A
1-PB2,2132,561,0,0,0,561,A
1-PB2,2133,0,557,0,0,557,T
1-PB2,2134,1,5,560,0,566,G
1-PB2,2135,558,0,0,0,558,A
1-PB2,2136,558,0,0,0,558,A
1-PB2,2137,0,0,0,564,564,C
1-PB2,2138,0,528,0,0,528,T
1-PB2,2139,1,0,535,1,537,G
1-PB2,2140,534,0,0,0,534,A
1-PB2,2141,0,0,532,0,532,G
1-PB2,2142,0,535,0,0,535,T
1-PB2,2143,529,0,0,0,529,A
1-PB2,2144,528,0,0,0,528,A
1-PB2,2145,0,0,0,523,523,C
1-PB2,2146,1,0,0,523,524,C
1-PB2,2147,0,518,0,1,519,T
1-PB2,2148,0,495,0,0,495,T
1-PB2,2149,0,0,498,0,498,G
1-PB2,2150,1,0,0,494,495,C
1-PB2,2151,498,0,0,0,498,A
1-PB2,2152,497,0,0,0,497,A
1-PB2,2153,491,0,0,0,491,A
1-PB2,2154,478,0,0,0,478,A
1-PB2,2155,0,0,482,0,482,G
1-PB2,2156,0,0,484,0,484,G
1-PB2,2157,0,0,481,1,482,G
1-PB2,2158,0,0,485,0,485,G
1-PB2,2159,483,0,0,0,483,A
1-PB2,2160,483,0,0,0,483,A
1-PB2,2161,483,1,0,0,484,A
1-PB2,2162,485,0,0,0,485,A
1-PB2,2163,0,1,488,0,489,G
1-PB2,2164,0,0,488,0,488,G
1-PB2,2165,0,0,0,486,486,C
1-PB2,2166,1,476,0,0,477,T
1-PB2,2167,480,0,0,0,480,A
1-PB2,2168,481,0,0,0,481,A
1-PB2,2169,1,478,0,0,479,T
1-PB2,2170,0,0,483,0,483,G
1-PB2,2171,0,466,0,0,466,T
1-PB2,2172,1,0,465,0,466,G
1-PB2,2173,0,0,0,462,462,C
1-PB2,2174,0,463,0,0,463,T
1-PB2,2175,465,0,0,0,465,A
1-PB2,2176,463,0,1,0,464,A
1-PB2,2177,0,461,0,0,461,T
1-PB2,2178,1,0,0,459,460,C
1-PB2,2179,0,1,447,0,448,G
1-PB2,2180,0,0,452,0,452,G
1-PB2,2181,0,0,451,0,451,G
1-PB2,2182,0,0,0,447,447,C
1-PB2,2183,453,0,0,0,453,A
1-PB2,2184,454,0,0,0,454,A
1-PB2,2185,0,0,455,0,455,G
1-PB2,2186,0,2,451,0,453,G
1-PB2,2187,455,0,0,0,455,A
1-PB2,2188,0,0,452,0,452,G
1-PB2,2189,438,0,0,0,438,A
1-PB2,2190,0,0,0,436,436,C
1-PB2,2191,0,0,434,0,434,G
1-PB2,2192,0,433,1,0,434,T
1-PB2,2193,0,0,428,1,429,G
1-PB2,2194,0,0,438,0,438,G
1-PB2,2195,0,428,0,0,428,T
1-PB2,2196,0,0,430,0,430,G
1-PB2,2197,0,413,0,1,414,T
1-PB2,2198,0,413,0,0,413,T
1-PB2,2199,0,0,410,0,410,G
1-PB2,2200,0,0,412,0,412,G
1-PB2,2201,0,412,0,0,412,T
1-PB2,2202,395,0,1,0,396,A
1-PB2,2203,386,0,0,0,386,A
1-PB2,2204,0,374,0,0,374,T
1-PB2,2205,0,1,371,0,372,G
1-PB2,2206,372,0,0,0,372,A
1-PB2,2207,364,0,0,0,364,A
1-PB2,2208,364,0,0,0,364,A
1-PB2,2209,0,1,0,363,364,C
1-PB2,2210,0,3,362,0,365,G
1-PB2,2211,363,0,0,0,363,A
1-PB2,2212,364,0,0,0,364,A
1-PB2,2213,364,0,0,0,364,A
1-PB2,2214,363,0,0,0,363,A
1-PB2,2215,0,0,0,362,362,C
1-PB2,2216,0,1,361,0,362,G
1-PB2,2217,0,1,357,1,359,G
1-PB2,2218,0,0,360,0,360,G
1-PB2,2219,358,0,0,0,358,A
1-PB2,2220,0,1,0,359,360,C
1-PB2,2221,0,357,0,0,357,T
1-PB2,2222,3,0,0,356,359,C
1-PB2,2223,0,359,0,1,360,T
1-PB2,2224,359,0,0,0,359,A
1-PB2,2225,0,0,359,0,359,G
1-PB2,2226,0,0,0,360,360,C
1-PB2,2227,359,0,0,0,359,A
1-PB2,2228,0,356,0,0,356,T
1-PB2,2229,345,0,0,0,345,A
1-PB2,2230,0,0,0,347,347,C
1-PB2,2231,0,301,0,0,301,T
1-PB2,2232,0,300,0,0,300,T
1-PB2,2233,296,0,0,0,296,A
1-PB2,2234,0,0,0,295,295,C
1-PB2,2235,0,292,0,0,292,T
1-PB2,2236,0,0,293,0,293,G
1-PB2,2237,281,0,0,0,281,A
1-PB2,2238,0,0,0,281,281,C
1-PB2,2239,261,0,0,0,261,A
1-PB2,2240,0,0,263,0,263,G
1-PB2,2241,1,0,0,262,263,C
1-PB2,2242,0,0,0,262,262,C
1-PB2,2243,259,0,0,0,259,A
1-PB2,2244,0,1,258,0,259,G
1-PB2,2245,259,0,0,0,259,A
1-PB2,2246,0,0,0,259,259,C
1-PB2,2247,241,0,1,0,242,A
1-PB2,2248,0,0,243,0,243,G
1-PB2,2249,0,0,1,231,232,C
1-PB2,2250,0,2,231,0,233,G
1-PB2,2251,232,0,0,0,232,A
1-PB2,2252,0,0,0,231,231,C
1-PB2,2253,1,0,0,229,230,C
1-PB2,2254,229,1,0,0,230,A
1-PB2,2255,229,0,0,0,229,A
1-PB2,2256,230,0,0,0,230,A
1-PB2,2257,229,0,0,0,229,A
1-PB2,2258,0,0,228,0,228,G
1-PB2,2259,223,0,0,0,223,A
1-PB2,2260,221,0,1,0,222,A
1-PB2,2261,0,218,0,0,218,T
1-PB2,2262,0,222,0,0,222,T
1-PB2,2263,1,1,0,220,222,C
1-PB2,2264,0,0,215,0,215,G
1-PB2,2265,0,0,214,0,214,G
1-PB2,2266,215,0,0,0,215,A
1-PB2,2267,0,205,0,0,205,T
1-PB2,2268,0,0,205,0,205,G
1-PB2,2269,0,0,203,0,203,G
1-PB2,2270,0,0,0,205,205,C
1-PB2,2271,0,0,0,203,203,C
1-PB2,2272,204,0,0,0,204,A
1-PB2,2273,0,203,0,0,203,T
1-PB2,2274,0,0,0,203,203,C
1-PB2,2275,202,0,0,0,202,A
1-PB2,2276,202,0,0,0,202,A
1-PB2,2277,0,197,0,0,197,T
1-PB2,2278,0,177,0,0,177,T
1-PB2,2279,169,0,0,0,169,A
1-PB2,2280,165,0,0,0,165,A
2-PB1,1,180,0,0,0,180,A
2-PB1,2,0,181,0,0,181,T
2-PB1,3,0,0,184,0,184,G
2-PB1,4,0,0,197,0,197,G
2-PB1,5,218,0,0,0,218,A
2-PB1,6,0,245,0,0,245,T
2-PB1,7,0,0,250,0,250,G
2-PB1,8,0,253,0,0,253,T
2-PB1,9,0,1,0,262,263,C
2-PB1,10,264,0,0,0,264,A
2-PB1,11,276,0,0,0,276,A
2-PB1,12,1,274,0,0,275,T
2-PB1,13,0,0,0,280,280,C
2-PB1,14,1,1,0,297,299,C
2-PB1,15,0,2,305,0,307,G
2-PB1,16,346,0,0,0,346,A
2-PB1,17,0,0,0,352,352,C
2-PB1,18,0,352,0,0,352,T
2-PB1,19,1,0,0,399,400,C
2-PB1,20,0,403,0,0,403,T
2-PB1,21,406,0,0,0,406,A
2-PB1,22,0,0,0,406,406,C
2-PB1,23,1,404,0,0,405,T
2-PB1,24,0,0,463,0,463,G
2-PB1,25,0,468,0,1,469,T
2-PB1,26,0,469,0,0,469,T
2-PB1,27,1,0,0,468,469,C
2-PB1,28,1,0,0,467,468,C
2-PB1,29,0,556,0,0,556,T
2-PB1,30,561,0,0,0,561,A
2-PB1,31,558,0,0,0,558,A
2-PB1,32,558,0,1,0,559,A
2-PB1,33,0,1,558,0,559,G
2-PB1,34,0,0,566,0,566,G
2-PB1,35,0,573,0,0,573,T
2-PB1,36,0,572,0,0,572,T
2-PB1,37,1,0,0,570,571,C
2-PB1,38,1,0,0,570,571,C
2-PB1,39,572,0,1,0,573,A
2-PB1,40,0,0,577,0,577,G
2-PB1,41,0,0,0,575,575,C
2-PB1,42,1,0,577,0,578,G
2-PB1,43,0,0,0,582,582,C
2-PB1,44,580,0,0,0,580,A
2-PB1,45,583,0,0,0,583,A
2-PB1,46,582,0,0,0,582,A
2-PB1,47,586,0,0,0,586,A
2-PB1,48,0,593,0,0,593,T
2-PB1,49,0,0,627,0,627,G
2-PB1,50,0,0,0,628,628,C
2-PB1,51,0,0,0,633,633,C
2-PB1,52,637,0,0,0,637,A
2-PB1,53,1,640,0,0,641,T
2-PB1,54,692,0,0,0,692,A
2-PB1,55,698,0,0,0,698,A
2-PB1,56,1,0,724,0,725,G
2-PB1,57,0,0,0,727,727,C
2-PB1,58,726,0,0,0,726,A
2-PB1,59,0,0,0,743,743,C
2-PB1,60,745,0,0,0,745,A
2-PB1,61,781,1,2,0,784,A
2-PB1,62,0,0,0,783,783,C
2-PB1,63,779,1,0,0,780,A
2-PB1,64,0,788,0,0,788,T
2-PB1,65,0,787,1,0,788,T
2-PB1,66,0,0,0,974,974,C
2-PB1,67,1,0,0,976,977,C
2-PB1,68,3,0,0,987,990,C
2-PB1,69,0,991,0,1,992,T
2-PB1,70,0,996,0,0,996,T
2-PB1,71,1082,0,0,0,1082,A
2-PB1,72,0,1088,0,0,1088,T
2-PB1,73,1090,0,0,0,1090,A
2-PB1,74,0,0,0,1100,1100,C
2-PB1,75,1,1082,0,0,1083,T
2-PB1,76,0,1,1084,1,1086,G
2-PB1,77,0,3,1094,0,1097,G
2-PB1,78,1093,0,0,0,1093,A
2-PB1,79,0,0,1100,0,1100,G
2-PB1,80,1101,0,0,0,1101,A
2-PB1,81,0,1097,0,0,1097,T
2-PB1,82,2,0,0,1166,1168,C
2-PB1,83,2,0,0,1165,1167,C
2-PB1,84,0,1176,1,0,1177,T
2-PB1,85,2,0,0,1239,1241,C
2-PB1,86,2,0,0,1241,1243,C
2-PB1,87,1247,0,1,0,1248,A
2-PB1,88,0,1249,0,1,1250,T
2-PB1,89,1250,0,0,0,1250,A
2-PB1,90,0,0,0,1252,1252,C
2-PB1,91,1248,0,0,0,1248,A
2-PB1,92,2,1,1307,0,1310,G
2-PB1,93,0,0,0,1324,1324,C
2-PB1,94,3,1,1,1316,1321,C
2-PB1,95,1323,1,0,0,1324,A
2-PB1,96,0,1323,0,0,1323,T
2-PB1,97,0,2,1322,0,1324,G
2-PB1,98,0,6,1393,0,1399,G
2-PB1,99,1409,0,0,0,1409,A
2-PB1,100,1410,0,2,0,1412,A
2-PB1,101,0,1,0,1403,1404,C
2-PB1,102,1399,0,1,0,1400,A
2-PB1,103,0,1,1436,0,1437,G
2-PB1,104,1,10,1442,0,1453,G
2-PB1,105,1451,0,1,0,1452,A
2-PB1,106,1461,0,2,0,1463,A
2-PB1,107,1,0,0,1471,1472,C
2-PB1,108,1470,0,1,0,1471,A
2-PB1,109,0,6,1634,0,1640,G
2-PB1,110,2,4,1648,0,1654,G
2-PB1,111,0,1,1676,0,1677,G
2-PB1,112,0,1672,1,2,1675,T
2-PB1,113,1673,0,1,0,1674,A
2-PB1,114,2,0,0,1692,1694,C
2-PB1,115,1743,0,3,0,1746,A
2-PB1,116,1,0,0,1798,1799,C
2-PB1,117,4,0,0,1788,1792,C
2-PB1,118,1748,0,3,0,1751,A
2-PB1,119,0,1756,0,0,1756,T
2-PB1,120,0,7,1759,0,1766,G
2-PB1,121,0,8,1764,1,1773,G
2-PB1,122,1767,0,4,1,1772,A
2-PB1,123,1,0,0,1774,1775,C
2-PB1,124,1751,0,2,1,1754,A
2-PB1,125,0,1,0,1781,1782,C
2-PB1,126,1788,0,0,0,1788,A
2-PB1,127,0,1,1839,0,1840,G
2-PB1,128,0,1837,0,1,1838,T
2-PB1,129,10,1,0,1875,1886,C
2-PB1,130,1882,0,0,0,1882,A
2-PB1,131,1904,0,1,0,1905,A
2-PB1,132,0,1,0,1905,1906,C
2-PB1,133,1902,2,2,0,1906,A
2-PB1,134,0,6,1920,0,1926,G
2-PB1,135,1906,0,2,0,1908,A
2-PB1,136,1897,0,2,1,1900,A
2-PB1,137,0,0,0,1900,1900,C
2-PB1,138,1881,0,1,0,1882,A
2-PB1,139,0,0,1,1882,1883,C
2-PB1,140,1870,1,1,0,1872,A
2-PB1,141,1,1853,0,1,1855,T
2-PB1,142,4,0,0,2002,2006,C
2-PB1,143,2009,1,0,0,2010,A
2-PB1,144,2038,1,0,0,2039,A
2-PB1,145,0,2063,0,0,2063,T
2-PB1,146,2128,0,1,0,2129,A
2-PB1,147,0,2133,0,0,2133,T
2-PB1,148,1,2118,0,0,2119,T
2-PB1,149,10,0,0,2117,2127,C
2-PB1,150,2111,0,2,1,2114,A
2-PB1,151,0,8,2102,0,2110,G
2-PB1,152,2101,0,0,0,2101,A
2-PB1,153,1,3,2100,1,2105,G
2-PB1,154,2082,1,1,0,2084,A
2-PB1,155,2,4,2054,1,2061,G
2-PB1,156,1,3,2054,0,2058,G
2-PB1,157,1,4,2131,0,2136,G
2-PB1,158,4,3,2136,0,2143,G
2-PB1,159,0,6,2150,0,2156,G
2-PB1,160,2146,1,1,0,2148,A
2-PB1,161,2154,0,1,0,2155,A
2-PB1,162,0,1,2176,0,2177,G
2-PB1,163,0,2164,0,0,2164,T
2-PB1,164,1,7,2146,0,2154,G
2-PB1,165,1,3,2148,0,2152,G
2-PB1,166,2146,0,4,0,2150,A
2-PB1,167,0,2,0,2156,2158,C
2-PB1,168,0,19,2139,0,2158,G
2-PB1,169,2166,0,1,0,2167,A
2-PB1,170,1,0,0,2176,2177,C
2-PB1,171,2164,0,0,0,2164,A
2-PB1,172,2163,1,0,0,2164,A
2-PB1,173,2177,0,3,0,2180,A
2-PB1,174,0,2207,0,0,2207,T
2-PB1,175,2220,0,0,0,2220,A
2-PB1,176,0,1,0,2219,2220,C
2-PB1,177,2211,0,2,0,2213,A
2-PB1,178,3,9,2210,0,2222,G
2-PB1,179,2210,0,0,0,2210,A
2-PB1,180,2229,1,1,0,2231,A
2-PB1,181,2229,1,0,0,2230,A
2-PB1,182,0,0,0,2240,2240,C
2-PB1,183,0,2204,0,0,2204,T
2-PB1,184,0,6,2203,0,2209,G
2-PB1,185,0,2,2208,0,2210,G
2-PB1,186,3,8,2188,1,2200,G
2-PB1,187,1,0,2207,0,2208,G
2-PB1,188,1,0,0,2207,2208,C
2-PB1,189,2204,2,1,0,2207,A
2-PB1,190,1,1,0,2286,2288,C
2-PB1,191,3,0,0,2281,2284,C
2-PB1,192,3,0,1,2278,2282,C
2-PB1,193,6,1,0,2284,2291,C
2-PB1,194,2301,0,1,0,2302,A
2-PB1,195,2324,0,0,0,2324,A
2-PB1,196,0,0,0,2322,2322,C
2-PB1,197,0,2314,0,0,2314,T
2-PB1,198,16,2,0,2311,2329,C
2-PB1,199,2284,0,2,1,2287,A
2-PB1,200,2331,0,2,0,2333,A
2-PB1,201,3,0,0,2327,2330,C
2-PB1,202,3,0,0,2324,2327,C
2-PB1,203,7,1,0,2320,2328,C
2-PB1,204,2327,0,0,0,2327,A
2-PB1,205,2341,0,0,0,2341,A
2-PB1,206,2,2346,1,0,2349,T
2-PB1,207,0,2334,0,1,2335,T
2-PB1,208,0,5,2334,0,2339,G
2-PB1,209,2319,0,0,0,2319,A
2-PB1,210,0,2314,1,0,2315,T
2-PB1,211,0,9,2308,0,2317,G
2-PB1,212,0,16,2336,0,2352,G
2-PB1,213,2385,1,2,0,2388,A
2-PB1,214,1,4,0,2395,2400,C
2-PB1,215,4,1,0,2385,2390,C
2-PB1,216,2349,1,42,0,2392,A
2-PB1,217,2,0,0,2434,2436,C
2-PB1,218,0,2431,0,1,2432,T
2-PB1,219,2466,2,2,0,2470,A
2-PB1,220,2,0,0,2490,2492,C
2-PB1,221,6,0,0,2471,2477,C
2-PB1,222,1,2433,0,2,2436,T
2-PB1,223,2,5,2442,0,2449,G
2-PB1,224,2433,0,2,0,2435,A
2-PB1,225,0,6,2439,0,2445,G
2-PB1,226,1,6,2437,0,2444,G
2-PB1,227,2448,0,0,0,2448,A
2-PB1,228,0,2445,0,2,2447,T
2-PB1,229,2431,0,1,1,2433,A
2-PB1,230,2426,1,3,1,2431,A
2-PB1,231,0,2430,0,0,2430,T
2-PB1,232,2,18,2419,1,2440,G
2-PB1,233,2443,0,1,0,2444,A
2-PB1,234,2432,1,1,0,2434,A
2-PB1,235,1,2,0,2430,2433,C
2-PB1,236,9,0,0,2407,2416,C
2-PB1,237,2425,0,0,0,2425,A
2-PB1,238,2432,0,0,0,2432,A
2-PB1,239,0,4,2435,0,2439,G
2-PB1,240,0,2445,0,1,2446,T
2-PB1,241,0,5,2445,1,2451,G
2-PB1,242,0,10,2472,0,2482,G
2-PB1,243,2478,0,1,1,2480,A
2-PB1,244,0,2473,0,4,2477,T
2-PB1,245,2477,2,1,0,2480,A
2-PB1,246,0,2512,0,2,2514,T
2-PB1,247,1,5,2514,0,2520,G
2-PB1,248,1,1,0,2531,2533,C
2-PB1,249,2525,0,2,0,2527,A
2-PB1,250,0,2,0,2594,2596,C
2-PB1,251,2557,0,0,0,2557,A
2-PB1,252,2602,0,0,0,2602,A
2-PB1,253,2598,0,0,1,2599,A
2-PB1,254,2,0,0,2603,2605,C
2-PB1,255,2545,0,1,0,2546,A
2-PB1,256,0,11,2557,1,2569,G
2-PB1,257,2557,1,2,0,2560,A
2-PB1,258,2,0,0,2570,2572,C
2-PB1,259,0,2518,0,0,2518,T
2-PB1,260,0,0,2566,0,2566,G
2-PB1,261,1,2544,1,1,2547,T
2-PB1,262,0,0,2644,0,2644,G
2-PB1,263,1,2640,1,0,2642,T
2-PB1,264,13,1,1,2639,2654,C
2-PB1,265,6,2,1,2636,2645,C
2-PB1,266,1,2630,0,1,2632,T
2-PB1,267,0,1,2624,0,2625,G
2-PB1,268,0,2,2622,0,2624,G
2-PB1,269,2585,0,3,0,2588,A
2-PB1,270,0,2,2606,1,2609,G
2-PB1,271,13,1,2536,0,2550,G
2-PB1,272,0,0,0,2562,2562,C
2-PB1,273,1,2545,1,3,2550,T
2-PB1,274,2554,0,0,0,2554,A
2-PB1,275,0,2555,0,2,2557,T
2-PB1,276,1,2,2551,0,2554,G
2-PB1,277,2,1,2559,0,2562,G
2-PB1,278,0,0,1,2560,2561,C
2-PB1,279,4,0,0,2532,2536,C
2-PB1,280,0,2500,0,1,2501,T
2-PB1,281,1,2644,1,0,2646,T
2-PB1,282,4,1,0,2642,2647,C
2-PB1,283,7,1,0,2644,2652,C
2-PB1,284,0,2650,0,1,2651,T
2-PB1,285,0,2645,0,2,2647,T
2-PB1,286,1,1,2656,0,2658,G
2-PB1,287,2661,2,0,0,2663,A
2-PB1,288,2657,1,2,0,2660,A
2-PB1,289,0,7,2667,0,2674,G
2-PB1,290,2590,0,0,0,2590,A
2-PB1,291,2602,0,3,0,2605,A
2-PB1,292,2,2599,0,0,2601,T
2-PB1,293,10,1,0,2599,2610,C
2-PB1,294,6,1,0,2607,2614,C
2-PB1,295,12,1,1,2589,2603,C
2-PB1,296,2608,1,1,0,2610,A
2-PB1,297,0,0,0,2622,2622,C
2-PB1,298,5,0,0,2615,2620,C
2-PB1,299,6,1,0,2623,2630,C
2-PB1,300,2598,0,3,0,2601,A
2-PB1,301,0,3,2627,0,2630,G
2-PB1,302,1,2,2636,0,2639,G
2-PB1,303,0,2631,0,1,2632,T
2-PB1,304,2657,1,0,0,2658,A
2-PB1,305,1,2637,0,3,2641,T
2-PB1,306,5,0,0,2650,2655,C
2-PB1,307,0,2641,0,3,2644,T
2-PB1,308,1,2642,0,1,2644,T
2-PB1,309,0,2639,1,1,2641,T
2-PB1,310,0,15,2621,0,2636,G
2-PB1,311,2617,1,1,0,2619,A
2-PB1,312,1,16,2604,0,2621,G
2-PB1,313,2599,0,3,0,2602,A
2-PB1,314,2609,0,1,0,2610,A
2-PB1,315,2,1,0,2620,2623,C
2-PB1,316,0,2594,0,1,2595,T
2-PB1,317,14,1,0,2587,2602,C
2-PB1,318,2598,0,2,0,2600,A
2-PB1,319,1,2600,0,3,2604,T
2-PB1,320,1,1,2599,0,2601,G
2-PB1,321,0,15,0,2620,2635,C
2-PB1,322,4,0,0,2632,2636,C
2-PB1,323,1,2623,0,0,2624,T
2-PB1,324,0,2605,0,3,2608,T
2-PB1,325,0,14,2601,1,2616,G
2-PB1,326,2629,1,0,0,2630,A
2-PB1,327,2627,0,0,0,2627,A
2-PB1,328,2624,1,2,0,2627,A
2-PB1,329,1,0,0,2648,2649,C
2-PB1,330,2597,1,0,0,2598,A
2-PB1,331,2614,0,0,0,2614,A
2-PB1,332,0,2613,0,1,2614,T
2-PB1,333,1,4,2607,0,2612,G
2-PB1,334,3,1,2601,0,2605,G
2-PB1,335,2571,2,0,0,2573,A
2-PB1,336,2566,0,1,0,2567,A
2-PB1,337,0,1,2571,0,2572,G
2-PB1,338,0,0,0,2573,2573,C
2-PB1,339,8,2,0,2540,2550,C
2-PB1,340,0,0,2583,0,2583,G
2-PB1,341,0,2567,0,1,2568,T
2-PB1,342,0,2580,1,1,2582,T
2-PB1,343,16,0,0,2592,2608,C
2-PB1,344,2603,0,2,0,2605,A
2-PB1,345,2626,0,2,0,2628,A
2-PB1,346,1,1,1,2632,2635,C
2-PB1,347,2627,0,1,0,2628,A
2-PB1,348,0,3,2645,0,2648,G
2-PB1,349,2608,0,3,1,2612,A
2-PB1,350,1,0,0,2607,2608,C
2-PB1,351,2606,0,0,0,2606,A
2-PB1,352,2622,0,4,1,2627,A
2-PB1,353,0,6,2641,0,2647,G
2-PB1,354,0,6,2627,0,2633,G
2-PB1,355,2,0,2638,0,2640,G
2-PB1,356,1,2597,0,1,2599,T
2-PB1,357,2,4,2597,0,2603,G
2-PB1,358,2,14,2591,0,2607,G
2-PB1,359,2597,0,9,0,2606,A
2-PB1,360,1,2,0,2608,2611,C
2-PB1,361,2572,0,0,0,2572,A
2-PB1,362,2598,4,0,0,2602,A
2-PB1,363,2597,0,0,1,2598,A
2-PB1,364,1,0,0,2591,2592,C
2-PB1,365,0,2583,1,3,2587,T
2-PB1,366,2592,0,1,0,2593,A
2-PB1,367,2617,0,1,0,2618,A
2-PB1,368,1,1,0,2612,2614,C
2-PB1,369,2,1,0,2609,2612,C
2-PB1,370,8,0,0,2609,2617,C
2-PB1,371,2543,0,1,0,2544,A
2-PB1,372,2532,0,8,0,2540,A
2-PB1,373,2,4,2535,0,2541,G
2-PB1,374,0,2,2544,0,2546,G
2-PB1,375,0,2556,0,1,2557,T
2-PB1,376,18,1,0,2530,2549,C
2-PB1,377,1,0,2548,0,2549,G
2-PB1,378,0,7,0,2539,2546,C
2-PB1,379,7,0,0,2545,2552,C
2-PB1,380,2546,0,1,0,2547,A
2-PB1,381,0,8,2590,1,2599,G
2-PB1,382,2641,0,3,0,2644,A
2-PB1,383,0,0,2,2642,2644,C
2-PB1,384,0,2629,1,1,2631,T
2-PB1,385,0,2621,1,1,2623,T
2-PB1,386,2626,0,0,0,2626,A
2-PB1,387,0,2639,0,0,2639,T
2-PB1,388,0,13,2627,0,2640,G
2-PB1,389,2633,0,0,1,2634,A
2-PB1,390,1,2579,0,0,2580,T
2-PB1,391,0,2523,0,0,2523,T
2-PB1,392,3,7,2512,0,2522,G
2-PB1,393,1,9,2515,0,2525,G
2-PB1,394,2537,1,2,0,2540,A
2-PB1,395,3,1,0,2537,2541,C
2-PB1,396,2511,1,0,0,2512,A
2-PB1,397,1,2493,0,1,2495,T
2-PB1,398,0,2513,0,0,2513,T
2-PB1,399,2525,0,0,0,2525,A
2-PB1,400,2519,1,2,0,2522,A
2-PB1,401,2519,0,2,0,2521,A
2-PB1,402,1,1,0,2524,2526,C
2-PB1,403,2475,0,1,0,2476,A
2-PB1,404,1,3,2490,0,2494,G
2-PB1,405,2484,0,3,0,2487,A
2-PB1,406,2492,1,2,0,2495,A
2-PB1,407,2491,0,3,0,2494,A
2-PB1,408,2,2473,1,0,2476,T
2-PB1,409,12,1,0,2465,2478,C
2-PB1,410,2471,0,1,0,2472,A
2-PB1,411,2471,0,1,1,2473,A
2-PB1,412,2,0,1,2464,2467,C
2-PB1,413,9,0,0,2449,2458,C
2-PB1,414,2,4,2460,0,2466,G
2-PB1,415,0,0,2463,0,2463,G
2-PB1,416,1,1,0,2460,2462,C
2-PB1,417,2468,0,2,0,2470,A
2-PB1,418,0,1,2465,0,2466,G
2-PB1,419,1,0,0,2479,2480,C
2-PB1,420,2477,0,0,0,2477,A
2-PB1,421,2482,0,0,1,2483,A
2-PB1,422,0,1,0,2487,2488,C
2-PB1,423,0,2480,0,0,2480,T
2-PB1,424,1,3,2558,0,2562,G
2-PB1,425,2,1,0,2561,2564,C
2-PB1,426,2561,5,1,0,2567,A
2-PB1,427,1,2566,0,3,2570,T
2-PB1,428,1,2544,0,1,2546,T
2-PB1,429,2646,3,1,1,2651,A
2-PB1,430,1,0,2654,0,2655,G
2-PB1,431,1,5,0,2639,2645,C
2-PB1,432,5,2,0,2635,2642,C
2-PB1,433,2567,0,1,0,2568,A
2-PB1,434,2572,0,2,0,2574,A
2-PB1,435,0,1,0,2581,2582,C
2-PB1,436,2584,1,1,0,2586,A
2-PB1,437,0,1,0,2654,2655,C
2-PB1,438,3,0,1,2501,2505,C
2-PB1,439,2507,1,3,0,2511,A
2-PB1,440,0,2503,0,1,2504,T
2-PB1,441,2498,2,1,0,2501,A
2-PB1,442,0,4,2504,0,2508,G
2-PB1,443,2479,0,1,0,2480,A
2-PB1,444,2438,0,2,0,2440,A
2-PB1,445,1,0,2463,0,2464,G
2-PB1,446,0,2380,0,0,2380,T
2-PB1,447,0,2375,0,1,2376,T
2-PB1,448,1,2372,0,1,2374,T
2-PB1,449,0,2381,0,1,2382,T
2-PB1,450,0,2382,0,2,2384,T
2-PB1,451,2371,1,0,1,2373,A
2-PB1,452,1,8,2360,1,2370,G
2-PB1,453,2358,0,1,1,2360,A
2-PB1,454,0,2357,0,1,2358,T
2-PB1,455,9,0,0,2315,2324,C
2-PB1,456,1,18,2312,1,2332,G
2-PB1,457,2329,0,2,0,2331,A
2-PB1,458,2336,1,2,0,2339,A
2-PB1,459,1,2,0,2349,2352,C
2-PB1,460,1,6,2342,0,2349,G
2-PB1,461,0,4,2422,0,2426,G
2-PB1,462,2423,0,0,1,2424,A
2-PB1,463,0,2411,0,0,2411,T
2-PB1,464,0,2421,0,2,2423,T
2-PB1,465,2412,0,10,1,2423,A
2-PB1,466,2417,0,2,1,2420,A
2-PB1,467,0,1,0,2429,2430,C
2-PB1,468,2410,0,1,1,2412,A
2-PB1,469,0,0,2430,0,2430,G
2-PB1,470,1,0,0,2346,2347,C
2-PB1,471,0,2346,0,0,2346,T
2-PB1,472,2347,0,0,0,2347,A
2-PB1,473,2346,0,0,0,2346,A
2-PB1,474,0,2343,0,0,2343,T
2-PB1,475,0,11,2350,0,2361,G
2-PB1,476,2344,1,1,0,2346,A
2-PB1,477,2355,0,2,0,2357,A
2-PB1,478,2,2313,0,1,2316,T
2-PB1,479,9,1,0,2318,2328,C
2-PB1,480,2317,0,5,0,2322,A
2-PB1,481,0,0,2322,0,2322,G
2-PB1,482,0,3,2322,0,2325,G
2-PB1,483,2317,0,0,1,2318,A
2-PB1,484,2286,0,3,0,2289,A
2-PB1,485,0,3,2364,0,2367,G
2-PB1,486,1,1,2374,0,2376,G
2-PB1,487,2,1,0,2371,2374,C
2-PB1,488,0,2368,0,0,2368,T
2-PB1,489,2368,1,0,0,2369,A
2-PB1,490,2370,0,1,0,2371,A
2-PB1,491,0,2374,0,1,2375,T
2-PB1,492,2375,0,0,1,2376,A
2-PB1,493,1,4,2369,0,2374,G
2-PB1,494,2255,0,1,0,2256,A
2-PB1,495,0,2236,1,1,2238,T
2-PB1,496,1,2231,0,1,2233,T
2-PB1,497,0,2234,0,0,2234,T
2-PB1,498,6,0,0,2270,2276,C
2-PB1,499,3,0,0,2279,2282,C
2-PB1,500,0,2276,0,0,2276,T
2-PB1,501,9,0,0,2272,2281,C
2-PB1,502,2272,1,1,0,2274,A
2-PB1,503,2281,1,1,0,2283,A
2-PB1,504,0,3,2282,1,2286,G
2-PB1,505,0,6,2303,0,2309,G
2-PB1,506,2299,0,0,0,2299,A
2-PB1,507,0,2220,0,2,2222,T
2-PB1,508,0,0,2244,0,2244,G
2-PB1,509,1,2240,1,0,2242,T
2-PB1,510,1,5,2249,0,2255,G
2-PB1,511,2250,0,4,0,2254,A
2-PB1,512,0,2248,0,0,2248,T
2-PB1,513,3,4,2227,1,2235,G
2-PB1,514,0,6,2217,0,2223,G
2-PB1,515,2227,3,3,0,2233,A
2-PB1,516,2238,0,1,0,2239,A
2-PB1,517,0,2211,0,1,2212,T
2-PB1,518,3,0,0,2211,2214,C
2-PB1,519,2191,1,0,0,2192,A
2-PB1,520,2200,1,1,0,2202,A
2-PB1,521,0,2198,0,1,2199,T
2-PB1,522,0,7,2219,0,2226,G
2-PB1,523,1,4,2230,0,2235,G
2-PB1,524,2220,0,4,0,2224,A
2-PB1,525,0,2226,0,0,2226,T
2-PB1,526,2225,0,1,0,2226,A
2-PB1,527,2223,0,0,0,2223,A
2-PB1,528,2212,1,0,0,2213,A
2-PB1,529,0,6,2232,0,2238,G
2-PB1,530,2214,0,3,0,2217,A
2-PB1,531,0,1,2197,0,2198,G
2-PB1,532,1,5,2187,0,2193,G
2-PB1,533,2180,0,1,0,2181,A
2-PB1,534,2183,0,1,0,2184,A
2-PB1,535,2185,0,2,0,2187,A
2-PB1,536,0,2179,0,0,2179,T
2-PB1,537,0,2,2209,0,2211,G
2-PB1,538,1,7,2188,0,2196,G
2-PB1,539,2172,0,4,1,2177,A
2-PB1,540,0,2,2191,0,2193,G
2-PB1,541,2174,0,0,1,2175,A
2-PB1,542,0,2214,0,1,2215,T
2-PB1,543,2219,0,0,0,2219,A
2-PB1,544,2239,1,3,0,2243,A
2-PB1,545,1,0,0,2248,2249,C
2-PB1,546,2202,0,1,0,2203,A
2-PB1,547,2206,0,1,0,2207,A
2-PB1,548,1,1,0,2205,2207,C
2-PB1,549,2197,0,1,0,2198,A
2-PB1,550,1,0,0,2190,2191,C
2-PB1,551,2153,1,2,0,2156,A
2-PB1,552,0,1,0,2169,2170,C
2-PB1,553,2,2140,0,3,2145,T
2-PB1,554,1,2145,1,2,2149,T
2-PB1,555,0,2150,0,0,2150,T
2-PB1,556,10,0,0,2136,2146,C
2-PB1,557,2148,1,1,0,2150,A
2-PB1,558,2143,1,1,0,2145,A
2-PB1,559,2151,0,1,1,2153,A
2-PB1,560,0,4,2170,0,2174,G
2-PB1,561,2143,0,1,0,2144,A
2-PB1,562,2144,0,0,0,2144,A
2-PB1,563,2142,0,0,0,2142,A
2-PB1,564,2143,0,0,1,2144,A
2-PB1,565,2138,0,7,0,2145,A
2-PB1,566,0,0,2159,0,2159,G
2-PB1,567,0,4,2161,0,2165,G
2-PB1,568,2136,0,3,0,2139,A
2-PB1,569,0,8,2161,0,2169,G
2-PB1,570,2157,0,5,0,2162,A
2-PB1,571,1,1,2219,0,2221,G
2-PB1,572,0,2212,0,1,2213,T
2-PB1,573,2215,0,1,0,2216,A
2-PB1,574,2212,1,1,0,2214,A
2-PB1,575,0,6,2218,0,2224,G
2-PB1,576,0,8,2224,0,2232,G
2-PB1,577,1,6,2231,0,2238,G
2-PB1,578,2196,1,5,0,2202,A
2-PB1,579,1,11,0,2212,2224,C
2-PB1,580,2157,0,3,0,2160,A
2-PB1,581,2164,0,2,0,2166,A
2-PB1,582,0,1,0,2164,2165,C
2-PB1,583,2158,0,2,0,2160,A
2-PB1,584,0,2132,0,0,2132,T
2-PB1,585,1,16,2103,0,2120,G
2-PB1,586,2124,0,3,0,2127,A
2-PB1,587,0,0,0,2129,2129,C
2-PB1,588,8,1,0,2086,2095,C
2-PB1,589,2095,1,0,0,2096,A
2-PB1,590,2100,0,3,0,2103,A
2-PB1,591,0,4,2109,0,2113,G
2-PB1,592,2114,0,0,0,2114,A
2-PB1,593,2115,0,0,0,2115,A
2-PB1,594,2101,0,1,0,2102,A
2-PB1,595,2103,2,0,0,2105,A
2-PB1,596,0,2107,0,1,2108,T
2-PB1,597,0,5,2106,0,2111,G
2-PB1,598,0,0,2112,0,2112,G
2-PB1,599,0,2090,1,2,2093,T
2-PB1,600,13,0,0,2072,2085,C
2-PB1,601,2094,1,0,0,2095,A
2-PB1,602,0,2,0,2212,2214,C
2-PB1,603,2254,0,0,0,2254,A
2-PB1,604,1,0,0,2260,2261,C
2-PB1,605,2248,0,2,0,2250,A
2-PB1,606,2317,0,2,0,2319,A
2-PB1,607,2291,0,5,0,2296,A
2-PB1,608,0,5,2388,0,2393,G
2-PB1,609,258,8,2022,0,2288,G
2-PB1,610,2362,1,1,0,2364,A
2-PB1,611,0,0,0,2421,2421,C
2-PB1,612,2428,0,1,0,2429,A
2-PB1,613,2452,0,0,0,2452,A
2-PB1,614,0,2451,0,0,2451,T
2-PB1,615,2420,0,1,0,2421,A
2-PB1,616,1,6,2417,0,2424,G
2-PB1,617,0,3,2361,0,2364,G
2-PB1,618,0,6,2367,0,2373,G
2-PB1,619,2366,0,0,0,2366,A
2-PB1,620,2335,0,0,0,2335,A
2-PB1,621,2,8,2348,0,2358,G
2-PB1,622,2343,0,5,0,2348,A
2-PB1,623,2349,0,0,0,2349,A
2-PB1,624,2363,0,1,0,2364,A
2-PB1,625,2362,0,3,0,2365,A
2-PB1,626,2418,0,0,0,2418,A
2-PB1,627,2420,2,1,0,2423,A
2-PB1,628,2,0,0,2428,2430,C
2-PB1,629,2420,0,2,0,2422,A
2-PB1,630,2420,0,0,1,2421,A
2-PB1,631,2411,0,5,0,2416,A
2-PB1,632,0,10,2459,0,2469,G
2-PB1,633,2469,0,1,0,2470,A
2-PB1,634,0,1,2561,0,2562,G
2-PB1,635,0,2536,1,1,2538,T
2-PB1,636,1,14,2849,0,2864,G
2-PB1,637,2871,2,0,0,2873,A
2-PB1,638,2877,0,0,3,2880,A
2-PB1,639,1,2924,3,1,2929,T
2-PB1,640,2922,1,1,1,2925,A
2-PB1,641,2921,0,1,1,2923,A
2-PB1,642,1,11,2915,0,2927,G
2-PB1,643,2847,0,6,0,2853,A
2-PB1,644,2,6,2871,0,2879,G
2-PB1,645,2735,0,3,0,2738,A
2-PB1,646,0,6,2753,0,2759,G
2-PB1,647,0,2,2761,1,2764,G
2-PB1,648,2,0,0,2751,2753,C
2-PB1,649,0,2754,0,0,2754,T
2-PB1,650,2848,0,0,0,2848,A
2-PB1,651,1,1,0,2987,2989,C
2-PB1,652,12,0,0,2983,2995,C
2-PB1,653,0,3000,0,7,3007,T
2-PB1,654,3116,0,0,0,3116,A
2-PB1,655,3107,1,2,0,3110,A
2-PB1,656,0,3114,0,2,3116,T
2-PB1,657,3103,0,1,0,3104,A
2-PB1,658,3093,1,1,0,3095,A
2-PB1,659,0,8,3105,0,3113,G
2-PB1,660,3018,0,1,0,3019,A
2-PB1,661,0,0,3045,0,3045,G
2-PB1,662,0,0,0,3065,3065,C
2-PB1,663,0,3016,0,2,3018,T
2-PB1,664,0,3032,0,1,3033,T
2-PB1,665,0,3025,0,1,3026,T
2-PB1,666,0,23,3016,0,3039,G
2-PB1,667,3089,1,4,0,3094,A
2-PB1,668,0,1,1,3097,3099,C
2-PB1,669,3096,0,0,1,3097,A
2-PB1,670,0,3092,0,2,3094,T
2-PB1,671,0,3074,0,0,3074,T
2-PB1,672,0,31,3099,0,3130,G
2-PB1,673,3116,1,2,2,3121,A
2-PB1,674,3124,0,4,2,3130,A
2-PB1,675,1,0,0,3137,3138,C
2-PB1,676,3122,0,3,1,3126,A
2-PB1,677,0,2,0,3130,3132,C
2-PB1,678,4,11,3116,0,3131,G
2-PB1,679,3142,0,8,2,3152,A
2-PB1,680,0,3175,0,2,3177,T
2-PB1,681,3,40,3200,0,3243,G
2-PB1,682,3245,1,2,0,3248,A
2-PB1,683,0,2,0,3264,3266,C
2-PB1,684,16,2,0,3247,3265,C
2-PB1,685,3270,0,2,0,3272,A
2-PB1,686,3302,4,4,0,3310,A
2-PB1,687,3311,0,3,0,3314,A
2-PB1,688,3,5,3401,0,3409,G
2-PB1,689,3438,0,2,0,3440,A
2-PB1,690,0,3402,0,0,3402,T
2-PB1,691,1,1,3407,0,3409,G
2-PB1,692,0,3,0,3398,3401,C
2-PB1,693,3396,1,5,0,3402,A
2-PB1,694,3,7,3413,0,3423,G
2-PB1,695,3398,0,3,0,3401,A
2-PB1,696,1,7,3403,0,3411,G
2-PB1,697,3336,0,3,0,3339,A
2-PB1,698,2,5,3327,0,3334,G
2-PB1,699,3303,0,3,0,3306,A
2-PB1,700,1,7,3309,0,3317,G
2-PB1,701,0,2,3312,0,3314,G
2-PB1,702,1,2,0,3309,3312,C
2-PB1,703,3290,0,1,0,3291,A
2-PB1,704,3297,2,0,0,3299,A
2-PB1,705,3310,1,1,0,3312,A
2-PB1,706,0,3322,0,1,3323,T
2-PB1,707,0,3316,1,1,3318,T
2-PB1,708,3318,0,0,0,3318,A
2-PB1,709,3302,1,1,1,3305,A
2-PB1,710,3324,0,2,0,3326,A
2-PB1,711,3326,0,2,0,3328,A
2-PB1,712,3334,0,0,0,3334,A
2-PB1,713,0,5,3338,0,3343,G
2-PB1,714,3322,0,1,0,3323,A
2-PB1,715,3308,0,2,0,3310,A
2-PB1,716,1,4,3369,0,3374,G
2-PB1,717,0,4,3422,0,3426,G
2-PB1,718,0,2,3431,0,3433,G
2-PB1,719,1,0,0,3451,3452,C
2-PB1,720,1,3452,0,0,3453,T
2-PB1,721,3486,0,0,0,3486,A
2-PB1,722,1,3531,0,1,3533,T
2-PB1,723,0,3535,0,0,3535,T
2-PB1,724,0,3,3546,1,3550,G
2-PB1,725,2,6,0,3513,3521,C
2-PB1,726,3449,0,7,0,3456,A
2-PB1,727,3458,1,1,0,3460,A
2-PB1,728,2,0,0,3451,3453,C
2-PB1,729,3441,0,2,1,3444,A
2-PB1,730,1,3,0,3461,3465,C
2-PB1,731,1,0,0,3400,3401,C
2-PB1,732,4,0,0,3403,3407,C
2-PB1,733,0,9,3392,1,3402,G
2-PB1,734,1,4,3403,2,3410,G
2-PB1,735,0,5,3410,1,3416,G
2-PB1,736,3429,0,1,0,3430,A
2-PB1,737,0,3414,0,0,3414,T
2-PB1,738,3,3,3413,0,3419,G
2-PB1,739,2,2,0,3419,3423,C
2-PB1,740,3459,1,2,0,3462,A
2-PB1,741,3526,1,2,0,3529,A
2-PB1,742,3555,0,1,0,3556,A
2-PB1,743,0,3566,0,1,3567,T
2-PB1,744,0,3574,0,0,3574,T
2-PB1,745,3558,1,1,1,3561,A
2-PB1,746,0,6,3557,0,3563,G
2-PB1,747,3535,3,6,1,3545,A
2-PB1,748,0,6,3554,0,3560,G
2-PB1,749,3,8,3507,0,3518,G
2-PB1,750,0,0,3597,0,3597,G
2-PB1,751,0,3581,1,0,3582,T
2-PB1,752,1,3579,0,4,3584,T
2-PB1,753,21,0,0,3569,3590,C
2-PB1,754,1,1,3624,0,3626,G
2-PB1,755,0,3611,0,1,3612,T
2-PB1,756,2,1,3614,1,3618,G
2-PB1,757,0,3617,0,2,3619,T
2-PB1,758,3600,0,0,1,3601,A
2-PB1,759,0,3,1,3585,3589,C
2-PB1,760,0,3461,0,2,3463,T
2-PB1,761,3,3467,0,2,3472,T
2-PB1,762,7,0,0,3455,3462,C
2-PB1,763,6,0,3426,0,3432,G
2-PB1,764,0,3430,1,1,3432,T
2-PB1,765,1,3424,0,2,3427,T
2-PB1,766,2,10,3412,0,3424,G
2-PB1,767,3427,0,2,0,3429,A
2-PB1,768,3405,0,4,0,3409,A
2-PB1,769,3435,0,3,0,3438,A
2-PB1,770,1,0,0,3465,3466,C
2-PB1,771,0,3443,0,0,3443,T
2-PB1,772,0,3432,1,0,3433,T
2-PB1,773,0,3436,0,2,3438,T
2-PB1,774,3494,0,2,1,3497,A
2-PB1,775,0,2,3505,0,3507,G
2-PB1,776,1,0,0,3505,3506,C
2-PB1,777,1,3503,0,0,3504,T
2-PB1,778,3467,2,0,0,3469,A
2-PB1,779,1,5,3453,0,3459,G
2-PB1,780,3459,0,1,0,3460,A
2-PB1,781,3455,0,2,0,3457,A
2-PB1,782,1,1,3462,0,3464,G
2-PB1,783,0,2,1,3428,3431,C
2-PB1,784,3436,0,1,0,3437,A
2-PB1,785,0,3418,0,0,3418,T
2-PB1,786,0,3412,0,1,3413,T
2-PB1,787,1,3418,0,1,3420,T
2-PB1,788,1,1,3422,0,3424,G
2-PB1,789,1,1,0,3415,3417,C
2-PB1,790,0,13,3412,0,3425,G
2-PB1,791,3410,1,2,0,3413,A
2-PB1,792,3396,0,2,0,3398,A
2-PB1,793,3404,1,2,1,3408,A
2-PB1,794,3473,0,3,1,3477,A
2-PB1,795,1,1,3510,0,3512,G
2-PB1,796,1,0,0,3514,3515,C
2-PB1,797,0,3519,0,2,3521,T
2-PB1,798,0,3517,0,2,3519,T
2-PB1,799,1,16,3508,0,3525,G
2-PB1,800,3524,1,2,0,3527,A
2-PB1,801,3525,0,4,0,3529,A
2-PB1,802,4,0,0,3538,3542,C
2-PB1,803,3468,0,2,0,3470,A
2-PB1,804,0,2,3717,0,3719,G
2-PB1,805,1,3683,0,1,3685,T
2-PB1,806,21,1,0,3675,3697,C
2-PB1,807,0,3688,0,4,3692,T
2-PB1,808,1,10,3689,0,3700,G
2-PB1,809,0,16,3686,0,3702,G
2-PB1,810,3711,0,2,0,3713,A
2-PB1,811,1,2,0,3713,3716,C
2-PB1,812,0,3595,0,3,3598,T
2-PB1,813,1,3456,0,0,3457,T
2-PB1,814,8,0,0,3438,3446,C
2-PB1,815,3,6,0,3450,3459,C
2-PB1,816,1,4,3467,0,3472,G
2-PB1,817,1,2,3479,1,3483,G
2-PB1,818,2,3461,0,0,3463,T
2-PB1,819,3,3454,0,1,3458,T
2-PB1,820,0,13,3436,1,3450,G
2-PB1,821,1,8,3452,0,3461,G
2-PB1,822,1,3,3479,0,3483,G
2-PB1,823,1,13,3463,0,3477,G
2-PB1,824,3,3,3498,0,3504,G
2-PB1,825,0,3494,0,1,3495,T
2-PB1,826,3479,0,3,0,3482,A
2-PB1,827,3499,0,1,0,3500,A
2-PB1,828,0,3498,0,3,3501,T
2-PB1,829,0,18,3496,0,3514,G
2-PB1,830,3477,1,2,0,3480,A
2-PB1,831,3446,1,4,1,3452,A
2-PB1,832,3453,0,0,1,3454,A
2-PB1,833,3436,0,2,0,3438,A
2-PB1,834,0,3,3430,0,3433,G
2-PB1,835,3401,1,1,0,3403,A
2-PB1,836,3383,0,4,0,3387,A
2-PB1,837,0,5,3389,0,3394,G
2-PB1,838,2,1,3375,0,3378,G
2-PB1,839,2,1,0,3374,3377,C
2-PB1,840,9,1,0,3359,3369,C
2-PB1,841,3374,0,1,0,3375,A
2-PB1,842,3369,1,0,0,3370,A
2-PB1,843,3368,1,0,0,3369,A
2-PB1,844,2,1,0,3374,3377,C
2-PB1,845,0,3384,0,3,3387,T
2-PB1,846,1,14,3402,1,3418,G
2-PB1,847,1,2,3410,0,3413,G
2-PB1,848,2,1,0,3417,3420,C
2-PB1,849,3423,0,0,0,3423,A
2-PB1,850,3414,0,1,0,3415,A
2-PB1,851,3420,0,1,0,3421,A
2-PB1,852,0,3426,0,3,3429,T
2-PB1,853,0,0,3434,0,3434,G
2-PB1,854,1,3411,0,3,3415,T
2-PB1,855,0,3326,0,0,3326,T
2-PB1,856,0,0,3334,0,3334,G
2-PB1,857,0,3322,0,2,3324,T
2-PB1,858,0,14,3319,0,3333,G
2-PB1,859,3325,0,2,0,3327,A
2-PB1,860,1,8,3320,0,3329,G
2-PB1,861,3317,1,1,0,3319,A
2-PB1,862,3302,0,0,0,3302,A
2-PB1,863,3304,0,1,0,3305,A
2-PB1,864,3309,1,1,0,3311,A
2-PB1,865,3317,2,1,0,3320,A
2-PB1,866,0,3317,0,0,3317,T
2-PB1,867,0,10,3293,0,3303,G
2-PB1,868,3294,0,2,0,3296,A
2-PB1,869,0,3252,1,2,3255,T
2-PB1,870,0,34,3238,0,3272,G
2-PB1,871,3267,1,5,0,3273,A
2-PB1,872,0,0,0,3298,3298,C
2-PB1,873,1,3284,0,1,3286,T
2-PB1,874,3286,0,0,1,3287,A
2-PB1,875,3310,0,2,0,3312,A
2-PB1,876,0,3317,0,0,3317,T
2-PB1,877,1,3342,3,3,3349,T
2-PB1,878,14,1,0,3341,3356,C
2-PB1,879,3345,2,1,0,3348,A
2-PB1,880,1,2,0,3348,3351,C
2-PB1,881,3322,0,2,0,3324,A
2-PB1,882,3316,2,4,0,3322,A
2-PB1,883,1,6,3309,1,3317,G
2-PB1,884,3337,1,3,0,3341,A
2-PB1,885,1,1,0,3333,3335,C
2-PB1,886,3282,1,3,0,3286,A
2-PB1,887,3,0,0,3273,3276,C
2-PB1,888,3245,0,3,0,3248,A
2-PB1,889,1,10,3256,0,3267,G
2-PB1,890,3251,1,2,0,3254,A
2-PB1,891,1,1,3258,0,3260,G
2-PB1,892,1,2,0,3255,3258,C
2-PB1,893,0,3197,0,5,3202,T
2-PB1,894,0,3225,0,6,3231,T
2-PB1,895,0,3230,0,1,3231,T
2-PB1,896,3,0,0,3232,3235,C
2-PB1,897,0,3233,1,4,3238,T
2-PB1,898,1,3210,0,1,3212,T
2-PB1,899,0,3212,2,3,3217,T
2-PB1,900,14,2,1,3207,3224,C
2-PB1,901,3214,2,2,0,3218,A
2-PB1,902,0,0,1,3219,3220,C
2-PB1,903,3186,0,1,1,3188,A
2-PB1,904,3205,1,2,0,3208,A
2-PB1,905,0,3241,0,1,3242,T
2-PB1,906,13,2,0,3255,3270,C
2-PB1,907,3286,0,0,1,3287,A
2-PB1,908,1,0,0,3302,3303,C
2-PB1,909,0,3279,0,1,3280,T
2-PB1,910,2,6,3277,0,3285,G
2-PB1,911,0,5,3265,0,3270,G
2-PB1,912,2,13,3311,1,3327,G
2-PB1,913,1,13,3314,0,3328,G
2-PB1,914,3269,0,6,0,3275,A
2-PB1,915,5,1,0,3118,3124,C
2-PB1,916,3158,0,4,0,3162,A
2-PB1,917,3314,0,1,0,3315,A
2-PB1,918,0,0,0,3339,3339,C
2-PB1,919,3337,0,3,0,3340,A
2-PB1,920,0,0,0,3343,3343,C
2-PB1,921,3,3198,2,1,3204,T
2-PB1,922,3213,0,1,0,3214,A
2-PB1,923,3211,0,3,0,3214,A
2-PB1,924,0,1,3236,0,3237,G
2-PB1,925,0,3217,0,1,3218,T
2-PB1,926,1,6,2982,0,2989,G
2-PB1,927,2,14,2962,0,2978,G
2-PB1,928,2963,0,1,0,2964,A
2-PB1,929,2969,1,0,1,2971,A
2-PB1,930,0,2954,0,0,2954,T
2-PB1,931,1,8,2938,0,2947,G
2-PB1,932,2948,0,1,0,2949,A
2-PB1,933,2910,0,0,1,2911,A
2-PB1,934,2924,0,1,0,2925,A
2-PB1,935,2935,0,0,0,2935,A
2-PB1,936,3,2913,1,0,2917,T
2-PB1,937,20,1,0,2895,2916,C
2-PB1,938,2916,1,1,0,2918,A
2-PB1,939,2920,0,1,0,2921,A
2-PB1,940,2900,1,6,1,2908,A
2-PB1,941,2909,0,1,0,2910,A
2-PB1,942,0,0,0,2920,2920,C
2-PB1,943,3,1,0,2894,2898,C
2-PB1,944,4,0,0,2876,2880,C
2-PB1,945,0,2869,2,5,2876,T
2-PB1,946,6,0,1,2876,2883,C
2-PB1,947,0,10,2870,0,2880,G
2-PB1,948,2884,0,1,0,2885,A
2-PB1,949,2885,1,1,1,2888,A
2-PB1,950,0,2886,1,0,2887,T
2-PB1,951,2,0,2906,0,2908,G
2-PB1,952,0,2881,2,1,2884,T
2-PB1,953,0,2873,3,3,2879,T
2-PB1,954,0,2875,1,1,2877,T
2-PB1,955,0,2877,1,0,2878,T
2-PB1,956,0,2870,1,6,2877,T
2-PB1,957,2,4,2867,0,2873,G
2-PB1,958,0,2,2863,0,2865,G
2-PB1,959,2,3,0,2867,2872,C
2-PB1,960,4,5,2816,0,2825,G
2-PB1,961,2826,1,0,0,2827,A
2-PB1,962,1,2871,0,0,2872,T
2-PB1,963,1,10,2950,0,2961,G
2-PB1,964,3087,0,1,1,3089,A
2-PB1,965,0,3094,0,0,3094,T
2-PB1,966,1,3094,0,1,3096,T
2-PB1,967,3121,0,5,0,3126,A
2-PB1,968,1,3,0,3123,3127,C
2-PB1,969,3142,0,1,0,3143,A
2-PB1,970,0,3140,0,0,3140,T
2-PB1,971,2990,0,1,1,2992,A
2-PB1,972,2,0,0,2996,2998,C
2-PB1,973,2721,0,2,0,2723,A
2-PB1,974,1,2714,0,1,2716,T
2-PB1,975,12,2,0,2699,2713,C
2-PB1,976,2712,0,0,0,2712,A
2-PB1,977,1,0,0,2725,2726,C
2-PB1,978,2681,0,0,0,2681,A
2-PB1,979,2689,1,0,0,2690,A
2-PB1,980,2678,0,1,1,2680,A
2-PB1,981,0,11,2577,0,2588,G
2-PB1,982,2672,0,2,2,2676,A
2-PB1,983,2677,1,0,1,2679,A
2-PB1,984,0,2678,1,1,2680,T
2-PB1,985,20,0,0,2649,2669,C
2-PB1,986,2666,0,3,0,2669,A
2-PB1,987,2681,1,1,0,2683,A
2-PB1,988,1,1,1,2686,2689,C
2-PB1,989,2,1,0,2680,2683,C
2-PB1,990,0,2536,0,1,2537,T
2-PB1,991,0,9,2555,0,2564,G
2-PB1,992,2544,0,4,0,2548,A
2-PB1,993,0,0,2552,0,2552,G
2-PB1,994,1,2537,0,1,2539,T
2-PB1,995,3,10,2470,0,2483,G
2-PB1,996,0,1,2612,0,2613,G
2-PB1,997,0,2597,0,4,2601,T
2-PB1,998,2,2593,0,1,2596,T
2-PB1,999,14,0,0,2586,2600,C
2-PB1,1000,2570,0,2,0,2572,A
2-PB1,1001,0,9,2589,0,2598,G
2-PB1,1002,2603,0,0,0,2603,A
2-PB1,1003,2593,0,3,0,2596,A
2-PB1,1004,2579,0,3,0,2582,A
2-PB1,1005,1,0,0,2361,2362,C
2-PB1,1006,2377,1,0,0,2378,A
2-PB1,1007,0,2369,0,2,2371,T
2-PB1,1008,4,1,0,2394,2399,C
2-PB1,1009,5,0,0,2390,2395,C
2-PB1,1010,0,2302,1,4,2307,T
2-PB1,1011,0,17,2301,1,2319,G
2-PB1,1012,2287,0,3,0,2290,A
2-PB1,1013,0,0,2306,0,2306,G
2-PB1,1014,0,0,0,2286,2286,C
2-PB1,1015,2209,1,0,0,2210,A
2-PB1,1016,0,2210,0,2,2212,T
2-PB1,1017,5,2,0,2198,2205,C
2-PB1,1018,3,0,2200,2,2205,G
2-PB1,1019,1,0,0,2255,2256,C
2-PB1,1020,2262,0,1,1,2264,A
2-PB1,1021,2,0,0,2340,2342,C
2-PB1,1022,6,1,0,2338,2345,C
2-PB1,1023,2342,1,0,0,2343,A
2-PB1,1024,2374,0,3,1,2378,A
2-PB1,1025,0,2379,0,0,2379,T
2-PB1,1026,2372,0,1,0,2373,A
2-PB1,1027,2373,1,0,0,2374,A
2-PB1,1028,0,2277,0,2,2279,T
2-PB1,1029,2,1,2292,0,2295,G
2-PB1,1030,1,2238,0,1,2240,T
2-PB1,1031,1,2217,0,5,2223,T
2-PB1,1032,18,0,1,2214,2233,C
2-PB1,1033,1,2210,0,1,2212,T
2-PB1,1034,7,1,0,2216,2224,C
2-PB1,1035,2219,0,1,0,2220,A
2-PB1,1036,2216,0,3,0,2219,A
2-PB1,1037,2221,0,2,0,2223,A
2-PB1,1038,1,1,1,2220,2223,C
2-PB1,1039,2213,0,1,0,2214,A
2-PB1,1040,2212,0,1,0,2213,A
2-PB1,1041,2206,0,2,2,2210,A
2-PB1,1042,2210,0,1,0,2211,A
2-PB1,1043,0,2211,0,3,2214,T
2-PB1,1044,0,9,2209,0,2218,G
2-PB1,1045,3,4,2206,0,2213,G
2-PB1,1046,2,1,1,2206,2210,C
2-PB1,1047,2207,0,4,0,2211,A
2-PB1,1048,2223,1,1,0,2225,A
2-PB1,1049,0,8,2216,0,2224,G
2-PB1,1050,2220,0,1,0,2221,A
2-PB1,1051,0,2198,0,0,2198,T
2-PB1,1052,0,2242,0,1,2243,T
2-PB1,1053,0,7,2251,0,2258,G
2-PB1,1054,0,2,2261,0,2263,G
2-PB1,1055,0,5,2264,0,2269,G
2-PB1,1056,2268,0,0,0,2268,A
2-PB1,1057,2254,0,1,0,2255,A
2-PB1,1058,2249,1,0,0,2250,A
2-PB1,1059,2240,0,7,0,2247,A
2-PB1,1060,1,4,2322,1,2328,G
2-PB1,1061,2,7,2315,0,2324,G
2-PB1,1062,2335,2,2,0,2339,A
2-PB1,1063,0,2331,0,0,2331,T
2-PB1,1064,2321,0,1,1,2323,A
2-PB1,1065,1,1,0,2323,2325,C
2-PB1,1066,2344,0,2,0,2346,A
2-PB1,1067,0,2343,1,0,2344,T
2-PB1,1068,0,0,2364,0,2364,G
2-PB1,1069,0,2314,0,3,2317,T
2-PB1,1070,0,2314,1,1,2316,T
2-PB1,1071,14,3,0,2293,2310,C
2-PB1,1072,9,7,2298,0,2314,G
2-PB1,1073,2315,1,0,0,2316,A
2-PB1,1074,0,9,2344,0,2353,G
2-PB1,1075,2316,0,4,0,2320,A
2-PB1,1076,0,0,2351,0,2351,G
2-PB1,1077,0,2323,0,5,2328,T
2-PB1,1078,2320,0,3,0,2323,A
2-PB1,1079,2323,1,2,0,2326,A
2-PB1,1080,1,3,2328,1,2333,G
2-PB1,1081,2322,0,2,0,2324,A
2-PB1,1082,0,3,2359,0,2362,G
2-PB1,1083,2318,2,2,0,2322,A
2-PB1,1084,2333,1,2,0,2336,A
2-PB1,1085,0,2322,1,0,2323,T
2-PB1,1086,1,8,2310,1,2320,G
2-PB1,1087,2317,1,2,0,2320,A
2-PB1,1088,2301,1,9,0,2311,A
2-PB1,1089,0,1,2312,0,2313,G
2-PB1,1090,1,0,0,2295,2296,C
2-PB1,1091,0,2264,0,0,2264,T
2-PB1,1092,8,1,0,2267,2276,C
2-PB1,1093,3,4,0,2267,2274,C
2-PB1,1094,5,9,2267,0,2281,G
2-PB1,1095,0,9,2276,0,2285,G
2-PB1,1096,2284,1,2,0,2287,A
2-PB1,1097,1,1,0,2311,2313,C
2-PB1,1098,2315,1,1,0,2317,A
2-PB1,1099,0,2,0,2332,2334,C
2-PB1,1100,2329,1,0,0,2330,A
2-PB1,1101,2342,0,0,0,2342,A
2-PB1,1102,2338,1,0,0,2339,A
2-PB1,1103,0,2346,0,1,2347,T
2-PB1,1104,2341,2,0,0,2343,A
2-PB1,1105,2,0,0,2342,2344,C
2-PB1,1106,7,0,0,2322,2329,C
2-PB1,1107,0,2311,0,0,2311,T
2-PB1,1108,0,0,2331,0,2331,G
2-PB1,1109,0,2,0,2333,2335,C
2-PB1,1110,2333,1,1,0,2335,A
2-PB1,1111,0,5,2331,0,2336,G
2-PB1,1112,2323,0,1,1,2325,A
2-PB1,1113,2317,0,1,0,2318,A
2-PB1,1114,2320,0,0,0,2320,A
2-PB1,1115,0,2316,0,2,2318,T
2-PB1,1116,0,1,2325,0,2326,G
2-PB1,1117,1,0,0,2309,2310,C
2-PB1,1118,0,2315,0,0,2315,T
2-PB1,1119,2346,0,2,0,2348,A
2-PB1,1120,0,1,2345,0,2346,G
2-PB1,1121,2,2,0,2338,2342,C
2-PB1,1122,2346,0,1,0,2347,A
2-PB1,1123,2344,0,1,0,2345,A
2-PB1,1124,0,0,2337,0,2337,G
2-PB1,1125,0,2,0,2327,2329,C
2-PB1,1126,2317,0,1,0,2318,A
2-PB1,1127,0,2348,0,1,2349,T
2-PB1,1128,0,2353,0,1,2354,T
2-PB1,1129,0,13,2398,0,2411,G
2-PB1,1130,2431,1,2,0,2434,A
2-PB1,1131,5,1,0,2425,2431,C
2-PB1,1132,7,1,0,2425,2433,C
2-PB1,1133,1,2386,0,2,2389,T
2-PB1,1134,1,4,2417,0,2422,G
2-PB1,1135,2422,1,1,0,2424,A
2-PB1,1136,2427,0,2,0,2429,A
2-PB1,1137,1,0,2460,1,2462,G
2-PB1,1138,0,2384,0,2,2386,T
2-PB1,1139,2396,0,1,0,2397,A
2-PB1,1140,0,2385,0,0,2385,T
2-PB1,1141,0,2387,0,0,2387,T
2-PB1,1142,0,2373,0,3,2376,T
2-PB1,1143,11,0,0,2332,2343,C
2-PB1,1144,2346,0,0,0,2346,A
2-PB1,1145,2343,1,2,0,2346,A
2-PB1,1146,0,2302,0,0,2302,T
2-PB1,1147,0,12,2308,0,2320,G
2-PB1,1148,2306,0,0,0,2306,A
2-PB1,1149,2307,1,0,0,2308,A
2-PB1,1150,0,2303,0,2,2305,T
2-PB1,1151,14,1,0,2310,2325,C
2-PB1,1152,2330,0,0,0,2330,A
2-PB1,1153,2335,0,1,0,2336,A
2-PB1,1154,1,0,0,2329,2330,C
2-PB1,1155,2329,0,2,1,2332,A
2-PB1,1156,2319,1,2,0,2322,A
2-PB1,1157,2,3,2314,0,2319,G
2-PB1,1158,1,5,2321,0,2327,G
2-PB1,1159,2321,1,2,0,2324,A
2-PB1,1160,2321,0,4,0,2325,A
2-PB1,1161,0,11,2314,0,2325,G
2-PB1,1162,2316,3,0,0,2319,A
2-PB1,1163,2324,0,0,1,2325,A
2-PB1,1164,2325,0,0,0,2325,A
2-PB1,1165,2322,0,2,1,2325,A
2-PB1,1166,0,2313,1,0,2314,T
2-PB1,1167,1,2299,0,0,2300,T
2-PB1,1168,0,7,2295,0,2302,G
2-PB1,1169,2298,0,2,0,2300,A
2-PB1,1170,0,7,2299,1,2307,G
2-PB1,1171,2302,0,2,1,2305,A
2-PB1,1172,2315,0,0,0,2315,A
2-PB1,1173,2340,0,0,0,2340,A
2-PB1,1174,2352,0,0,0,2352,A
2-PB1,1175,0,2349,0,2,2351,T
2-PB1,1176,2349,0,1,0,2350,A
2-PB1,1177,2351,0,1,0,2352,A
2-PB1,1178,3,4,2357,0,2364,G
2-PB1,1179,1,2,2356,0,2359,G
2-PB1,1180,1,0,0,2353,2354,C
2-PB1,1181,7,0,0,2329,2336,C
2-PB1,1182,0,2311,1,2,2314,T
2-PB1,1183,6,0,0,2577,2583,C
2-PB1,1184,0,2607,2,4,2613,T
2-PB1,1185,0,2629,1,0,2630,T
2-PB1,1186,2,0,0,2659,2661,C
2-PB1,1187,1,2645,1,2,2649,T
2-PB1,1188,2654,0,0,0,2654,A
2-PB1,1189,2659,1,0,0,2660,A
2-PB1,1190,0,2652,0,3,2655,T
2-PB1,1191,2662,0,0,0,2662,A
2-PB1,1192,1,0,2590,0,2591,G
2-PB1,1193,2394,0,3,0,2397,A
2-PB1,1194,1,2393,0,4,2398,T
2-PB1,1195,3,7,2358,0,2368,G
2-PB1,1196,2,1,2388,0,2391,G
2-PB1,1197,0,1,0,2377,2378,C
2-PB1,1198,2392,0,0,0,2392,A
2-PB1,1199,1,2,1,2399,2403,C
2-PB1,1200,2357,0,5,0,2362,A
2-PB1,1201,0,5,2430,0,2435,G
2-PB1,1202,1,2,0,2420,2423,C
2-PB1,1203,2433,2,2,0,2437,A
2-PB1,1204,0,2480,0,3,2483,T
2-PB1,1205,4,0,0,2467,2471,C
2-PB1,1206,2481,0,0,0,2481,A
2-PB1,1207,0,2479,0,3,2482,T
2-PB1,1208,1,2465,0,1,2467,T
2-PB1,1209,2,10,2445,0,2457,G
2-PB1,1210,2390,0,4,1,2395,A
2-PB1,1211,0,2,2457,0,2459,G
2-PB1,1212,1,0,0,2442,2443,C
2-PB1,1213,7,2,0,2420,2429,C
2-PB1,1214,5,1,0,2447,2453,C
2-PB1,1215,2,2443,0,1,2446,T
2-PB1,1216,1,3,2611,0,2615,G
2-PB1,1217,0,5,2654,0,2659,G
2-PB1,1218,2655,0,2,0,2657,A
2-PB1,1219,2732,0,1,0,2733,A
2-PB1,1220,2,2662,0,1,2665,T
2-PB1,1221,1,6,2760,0,2767,G
2-PB1,1222,2813,2,2,0,2817,A
2-PB1,1223,3,2815,0,0,2818,T
2-PB1,1224,1,8,2816,0,2825,G
2-PB1,1225,2796,1,1,0,2798,A
2-PB1,1226,0,2752,0,2,2754,T
2-PB1,1227,2,11,2748,0,2761,G
2-PB1,1228,0,10,2783,0,2793,G
2-PB1,1229,0,2,2796,0,2798,G
2-PB1,1230,2,1,0,2777,2780,C
2-PB1,1231,2790,0,1,0,2791,A
2-PB1,1232,0,2797,0,2,2799,T
2-PB1,1233,0,0,2888,0,2888,G
2-PB1,1234,0,2891,0,2,2893,T
2-PB1,1235,1,2910,0,1,2912,T
2-PB1,1236,26,3,0,2892,2921,C
2-PB1,1237,2902,0,3,0,2905,A
2-PB1,1238,2917,0,3,0,2920,A
2-PB1,1239,1,1,0,2920,2922,C
2-PB1,1240,2932,0,0,0,2932,A
2-PB1,1241,0,2937,0,2,2939,T
2-PB1,1242,0,1,2954,0,2955,G
2-PB1,1243,1,0,0,2956,2957,C
2-PB1,1244,0,2952,0,1,2953,T
2-PB1,1245,2982,0,2,0,2984,A
2-PB1,1246,2979,0,1,0,2980,A
2-PB1,1247,0,0,3036,0,3036,G
2-PB1,1248,1,3030,0,0,3031,T
2-PB1,1249,3011,0,0,0,3011,A
2-PB1,1250,1,2,0,3020,3023,C
2-PB1,1251,1,10,3012,0,3023,G
2-PB1,1252,0,0,3183,0,3183,G
2-PB1,1253,2,3178,1,1,3182,T
2-PB1,1254,1,3164,0,1,3166,T
2-PB1,1255,1,3164,0,1,3166,T
2-PB1,1256,1,3153,0,0,3154,T
2-PB1,1257,3150,0,5,0,3155,A
2-PB1,1258,3,5,3148,0,3156,G
2-PB1,1259,0,11,3144,0,3155,G
2-PB1,1260,3078,0,4,0,3082,A
2-PB1,1261,1,1,3082,0,3084,G
2-PB1,1262,0,3121,0,1,3122,T
2-PB1,1263,9,1,0,3115,3125,C
2-PB1,1264,1,3124,0,1,3126,T
2-PB1,1265,14,4,0,3112,3130,C
2-PB1,1266,3,14,3114,0,3131,G
2-PB1,1267,3216,0,1,0,3217,A
2-PB1,1268,1,3223,0,0,3224,T
2-PB1,1269,3233,2,2,0,3237,A
2-PB1,1270,1,1,0,3231,3233,C
2-PB1,1271,0,3188,0,2,3190,T
2-PB1,1272,8,13,3178,0,3199,G
2-PB1,1273,3189,0,1,0,3190,A
2-PB1,1274,3236,0,3,0,3239,A
2-PB1,1275,0,3244,0,1,3245,T
2-PB1,1276,7,0,0,3174,3181,C
2-PB1,1277,0,3165,0,2,3167,T
2-PB1,1278,0,3156,0,2,3158,T
2-PB1,1279,1,9,3155,0,3165,G
2-PB1,1280,0,18,3145,1,3164,G
2-PB1,1281,3153,1,3,0,3157,A
2-PB1,1282,1,0,1,3156,3158,C
2-PB1,1283,3132,1,2,0,3135,A
2-PB1,1284,3154,1,0,0,3155,A
2-PB1,1285,3169,0,0,0,3169,A
2-PB1,1286,3173,0,4,0,3177,A
2-PB1,1287,0,7,3204,0,3211,G
2-PB1,1288,3220,2,2,0,3224,A
2-PB1,1289,3209,1,0,0,3210,A
2-PB1,1290,3221,1,2,0,3224,A
2-PB1,1291,0,3225,0,0,3225,T
2-PB1,1292,3223,0,2,0,3225,A
2-PB1,1293,0,0,0,3306,3306,C
2-PB1,1294,3280,1,3,0,3284,A
2-PB1,1295,1,0,0,3297,3298,C
2-PB1,1296,6,1,1,3258,3266,C
2-PB1,1297,3266,0,0,0,3266,A
2-PB1,1298,3289,1,0,0,3290,A
2-PB1,1299,0,15,3365,0,3380,G
2-PB1,1300,3404,0,4,0,3408,A
2-PB1,1301,0,0,0,3429,3429,C
2-PB1,1302,3368,0,0,0,3368,A
2-PB1,1303,3453,2,2,0,3457,A
2-PB1,1304,0,0,1,3465,3466,C
2-PB1,1305,3517,1,4,1,3523,A
2-PB1,1306,1,3537,0,0,3538,T
2-PB1,1307,3513,3,2,1,3519,A
2-PB1,1308,1,0,0,3573,3574,C
2-PB1,1309,0,3489,0,0,3489,T
2-PB1,1310,2,9,3519,0,3530,G
2-PB1,1311,3,4,3519,0,3526,G
2-PB1,1312,1,3459,0,1,3461,T
2-PB1,1313,1,12,3437,0,3450,G
2-PB1,1314,5,6,3421,0,3432,G
2-PB1,1315,0,7,3446,0,3453,G
2-PB1,1316,3443,0,4,0,3447,A
2-PB1,1317,0,3392,0,1,3393,T
2-PB1,1318,3,9,3373,0,3385,G
2-PB1,1319,0,9,3361,2,3372,G
2-PB1,1320,1,2,3385,0,3388,G
2-PB1,1321,0,2,0,3430,3432,C
2-PB1,1322,1,3404,0,7,3412,T
2-PB1,1323,8,1,1,3432,3442,C
2-PB1,1324,9,1,0,3422,3432,C
2-PB1,1325,3438,0,0,0,3438,A
2-PB1,1326,3429,1,4,2,3436,A
2-PB1,1327,1,3419,0,0,3420,T
2-PB1,1328,6,0,5,3396,3407,C
2-PB1,1329,7,0,0,3388,3395,C
2-PB1,1330,1,3370,0,3,3374,T
2-PB1,1331,6,2,0,3360,3368,C
2-PB1,1332,3,0,0,3352,3355,C
2-PB1,1333,1,11,3347,0,3359,G
2-PB1,1334,3355,1,3,0,3359,A
2-PB1,1335,1,1,2,3357,3361,C
2-PB1,1336,0,19,3342,0,3361,G
2-PB1,1337,3381,0,0,0,3381,A
2-PB1,1338,0,3375,0,0,3375,T
2-PB1,1339,0,3380,1,0,3381,T
2-PB1,1340,0,3365,1,3,3369,T
2-PB1,1341,0,3377,1,2,3380,T
2-PB1,1342,1,3,3376,0,3380,G
2-PB1,1343,2,5,0,3392,3399,C
2-PB1,1344,12,3,0,3388,3403,C
2-PB1,1345,10,0,0,3479,3489,C
2-PB1,1346,0,3434,1,6,3441,T
2-PB1,1347,10,0,0,3550,3560,C
2-PB1,1348,3574,0,1,0,3575,A
2-PB1,1349,0,3587,1,1,3589,T
2-PB1,1350,3586,1,0,0,3587,A
2-PB1,1351,2,1,3624,1,3628,G
2-PB1,1352,1,3583,0,1,3585,T
2-PB1,1353,1,21,3582,0,3604,G
2-PB1,1354,3487,1,0,0,3488,A
2-PB1,1355,3489,0,2,0,3491,A
2-PB1,1356,2,3349,0,0,3351,T
2-PB1,1357,1,2,3346,0,3349,G
2-PB1,1358,2,2,0,3377,3381,C
2-PB1,1359,3384,1,2,0,3387,A
2-PB1,1360,1,0,0,3392,3393,C
2-PB1,1361,7,1,0,3368,3376,C
2-PB1,1362,3352,1,0,1,3354,A
2-PB1,1363,3352,0,2,0,3354,A
2-PB1,1364,3344,2,0,1,3347,A
2-PB1,1365,0,3287,0,2,3289,T
2-PB1,1366,19,0,1,3353,3373,C
2-PB1,1367,3373,1,0,0,3374,A
2-PB1,1368,0,3369,0,1,3370,T
2-PB1,1369,0,2,3371,0,3373,G
2-PB1,1370,3377,1,4,0,3382,A
2-PB1,1371,0,6,3386,0,3392,G
2-PB1,1372,0,7,3389,0,3396,G
2-PB1,1373,2,15,3397,0,3414,G
2-PB1,1374,3388,0,4,0,3392,A
2-PB1,1375,3435,1,2,0,3438,A
2-PB1,1376,0,3442,0,1,3443,T
2-PB1,1377,3453,0,2,0,3455,A
2-PB1,1378,0,3,0,3454,3457,C
2-PB1,1379,3455,2,4,0,3461,A
2-PB1,1380,3451,0,5,0,3456,A
2-PB1,1381,0,2,3444,0,3446,G
2-PB1,1382,2,0,0,3429,3431,C
2-PB1,1383,3416,0,1,0,3417,A
2-PB1,1384,0,7,3443,0,3450,G
2-PB1,1385,1,13,3442,0,3456,G
2-PB1,1386,3437,1,5,1,3444,A
2-PB1,1387,3,6,3465,0,3474,G
2-PB1,1388,0,3429,0,1,3430,T
2-PB1,1389,1,6,3468,0,3475,G
2-PB1,1390,22,5,3453,0,3480,G
2-PB1,1391,3468,2,1,0,3471,A
2-PB1,1392,1,3468,0,0,3469,T
2-PB1,1393,3416,0,1,0,3417,A
2-PB1,1394,0,9,3441,0,3450,G
2-PB1,1395,3474,0,1,0,3475,A
2-PB1,1396,1,3471,0,2,3474,T
2-PB1,1397,0,3463,0,2,3465,T
2-PB1,1398,10,0,1,3541,3552,C
2-PB1,1399,0,3529,1,0,3530,T
2-PB1,1400,3533,1,3,0,3537,A
2-PB1,1401,0,3,0,3534,3537,C
2-PB1,1402,3482,0,6,0,3488,A
2-PB1,1403,2,8,3483,0,3493,G
2-PB1,1404,0,16,3425,0,3441,G
2-PB1,1405,3468,0,6,0,3474,A
2-PB1,1406,0,2,0,3460,3462,C
2-PB1,1407,2,1,0,3389,3392,C
2-PB1,1408,0,3352,0,5,3357,T
2-PB1,1409,1,1,3374,0,3376,G
2-PB1,1410,0,0,0,3372,3372,C
2-PB1,1411,3379,0,0,0,3379,A
2-PB1,1412,3383,1,4,0,3388,A
2-PB1,1413,0,1,3401,0,3402,G
2-PB1,1414,0,3353,0,1,3354,T
2-PB1,1415,0,3353,0,0,3353,T
2-PB1,1416,3312,1,2,0,3315,A
2-PB1,1417,1,1,3314,1,3317,G
2-PB1,1418,1,3299,0,1,3301,T
2-PB1,1419,2,5,3289,0,3296,G
2-PB1,1420,2,3,3286,0,3291,G
2-PB1,1421,0,25,3267,0,3292,G
2-PB1,1422,3276,2,4,1,3283,A
2-PB1,1423,3301,0,0,0,3301,A
2-PB1,1424,1,3279,0,3,3283,T
2-PB1,1425,27,0,0,3257,3284,C
2-PB1,1426,3279,1,7,0,3287,A
2-PB1,1427,3289,0,5,0,3294,A
2-PB1,1428,1,0,0,3290,3291,C
2-PB1,1429,3287,0,0,0,3287,A
2-PB1,1430,0,3217,0,2,3219,T
2-PB1,1431,1,31,3193,0,3225,G
2-PB1,1432,3217,1,3,0,3221,A
2-PB1,1433,0,0,3256,0,3256,G
2-PB1,1434,2,0,0,3232,3234,C
2-PB1,1435,3240,0,0,0,3240,A
2-PB1,1436,3239,0,1,0,3240,A
2-PB1,1437,3244,0,1,1,3246,A
2-PB1,1438,3255,0,2,0,3257,A
2-PB1,1439,3251,1,3,0,3255,A
2-PB1,1440,0,3,3256,0,3259,G
2-PB1,1441,3221,0,1,0,3222,A
2-PB1,1442,3191,0,5,1,3197,A
2-PB1,1443,1,1,3285,0,3287,G
2-PB1,1444,1,3291,1,0,3293,T
2-PB1,1445,15,1,1,3267,3284,C
2-PB1,1446,5,4,0,3300,3309,C
2-PB1,1447,0,3299,1,1,3301,T
2-PB1,1448,3341,1,1,0,3343,A
2-PB1,1449,1,3334,1,1,3337,T
2-PB1,1450,3344,1,0,0,3345,A
2-PB1,1451,0,3346,0,0,3346,T
2-PB1,1452,3273,0,3,0,3276,A
2-PB1,1453,3285,0,0,0,3285,A
2-PB1,1454,3277,0,1,0,3278,A
2-PB1,1455,0,3279,1,1,3281,T
2-PB1,1456,3245,0,2,0,3247,A
2-PB1,1457,3206,2,5,0,3213,A
2-PB1,1458,3226,0,0,0,3226,A
2-PB1,1459,3235,0,3,1,3239,A
2-PB1,1460,1,0,0,3241,3242,C
2-PB1,1461,3118,0,1,0,3119,A
2-PB1,1462,4,7,3103,0,3114,G
2-PB1,1463,1,10,3099,0,3110,G
2-PB1,1464,2,13,3100,1,3116,G
2-PB1,1465,3109,1,4,0,3114,A
2-PB1,1466,0,1,1,3131,3133,C
2-PB1,1467,3107,0,1,0,3108,A
2-PB1,1468,1,3122,0,1,3124,T
2-PB1,1469,0,3124,0,1,3125,T
2-PB1,1470,0,3127,1,3,3131,T
2-PB1,1471,0,19,3118,3,3140,G
2-PB1,1472,3115,0,1,0,3116,A
2-PB1,1473,3114,1,2,1,3118,A
2-PB1,1474,0,3118,0,0,3118,T
2-PB1,1475,1,3065,1,2,3069,T
2-PB1,1476,21,1,1,3051,3074,C
2-PB1,1477,3044,1,1,0,3046,A
2-PB1,1478,1,1,0,3051,3053,C
2-PB1,1479,0,3043,1,2,3046,T
2-PB1,1480,3044,1,1,0,3046,A
2-PB1,1481,1,0,3046,0,3047,G
2-PB1,1482,2,2,0,3046,3050,C
2-PB1,1483,1,3021,0,2,3024,T
2-PB1,1484,0,3050,1,4,3055,T
2-PB1,1485,0,3045,0,1,3046,T
2-PB1,1486,1,3042,1,1,3045,T
2-PB1,1487,0,3042,0,1,3043,T
2-PB1,1488,0,3035,1,1,3037,T
2-PB1,1489,0,3041,0,1,3042,T
2-PB1,1490,3033,2,1,0,3036,A
2-PB1,1491,0,3027,0,0,3027,T
2-PB1,1492,6,0,0,3018,3024,C
2-PB1,1493,0,12,3023,0,3035,G
2-PB1,1494,3106,1,2,0,3109,A
2-PB1,1495,0,3110,0,0,3110,T
2-PB1,1496,3109,0,2,0,3111,A
2-PB1,1497,1,3136,0,1,3138,T
2-PB1,1498,1,7,3121,0,3129,G
2-PB1,1499,0,4,3128,0,3132,G
2-PB1,1500,3132,1,2,0,3135,A
2-PB1,1501,0,3101,0,3,3104,T
2-PB1,1502,0,3079,1,0,3080,T
2-PB1,1503,2,2994,0,0,2996,T
2-PB1,1504,1,0,2999,0,3000,G
2-PB1,1505,0,2992,0,1,2993,T
2-PB1,1506,2,6,2978,0,2986,G
2-PB1,1507,2,1,2986,0,2989,G
2-PB1,1508,0,0,0,2963,2963,C
2-PB1,1509,0,2966,0,3,2969,T
2-PB1,1510,2973,0,0,0,2973,A
2-PB1,1511,2989,0,0,0,2989,A
2-PB1,1512,0,3017,3,0,3020,T
2-PB1,1513,0,3008,1,2,3011,T
2-PB1,1514,0,3012,1,0,3013,T
2-PB1,1515,0,3017,1,1,3019,T
2-PB1,1516,3007,0,4,0,3011,A
2-PB1,1517,1,2,3021,0,3024,G
2-PB1,1518,1,1,0,3015,3017,C
2-PB1,1519,3008,0,0,0,3008,A
2-PB1,1520,0,2988,1,2,2991,T
2-PB1,1521,0,11,2950,0,2961,G
2-PB1,1522,2,7,2990,0,2999,G
2-PB1,1523,2988,0,4,1,2993,A
2-PB1,1524,1,1,2999,0,3001,G
2-PB1,1525,2,1,1,2984,2988,C
2-PB1,1526,0,2957,0,3,2960,T
2-PB1,1527,2,4,2972,0,2978,G
2-PB1,1528,1,1,0,2966,2968,C
2-PB1,1529,11,2,0,2950,2963,C
2-PB1,1530,12,0,0,2966,2978,C
2-PB1,1531,2896,0,0,0,2896,A
2-PB1,1532,0,0,3020,0,3020,G
2-PB1,1533,0,3010,0,0,3010,T
2-PB1,1534,0,3017,0,2,3019,T
2-PB1,1535,0,3016,0,1,3017,T
2-PB1,1536,1,2977,0,4,2982,T
2-PB1,1537,0,4,2969,1,2974,G
2-PB1,1538,2,11,2963,0,2976,G
2-PB1,1539,2959,0,0,1,2960,A
2-PB1,1540,2,1,2966,0,2969,G
2-PB1,1541,0,2768,0,1,2769,T
2-PB1,1542,2,0,2863,0,2865,G
2-PB1,1543,0,2848,0,4,2852,T
2-PB1,1544,13,0,0,2843,2856,C
2-PB1,1545,2,2849,0,3,2854,T
2-PB1,1546,2,4,2863,0,2869,G
2-PB1,1547,0,9,2886,0,2895,G
2-PB1,1548,2894,2,1,1,2898,A
2-PB1,1549,2897,0,4,0,2901,A
2-PB1,1550,0,2890,0,0,2890,T
2-PB1,1551,2683,0,2,0,2685,A
2-PB1,1552,2675,1,3,0,2679,A
2-PB1,1553,2676,0,0,0,2676,A
2-PB1,1554,0,1,0,2683,2684,C
2-PB1,1555,2,8,2655,0,2665,G
2-PB1,1556,2611,1,1,0,2613,A
2-PB1,1557,0,0,2617,0,2617,G
2-PB1,1558,0,2609,0,1,2610,T
2-PB1,1559,23,1,0,2593,2617,C
2-PB1,1560,2603,0,2,0,2605,A
2-PB1,1561,2,0,2639,0,2641,G
2-PB1,1562,1,1,0,2634,2636,C
2-PB1,1563,0,2630,0,2,2632,T
2-PB1,1564,0,3,2699,0,2702,G
2-PB1,1565,2696,0,0,0,2696,A
2-PB1,1566,0,2688,1,2,2691,T
2-PB1,1567,2696,0,5,0,2701,A
2-PB1,1568,0,2648,0,2,2650,T
2-PB1,1569,1,9,2650,0,2660,G
2-PB1,1570,2560,0,4,0,2564,A
2-PB1,1571,1,1,2596,0,2598,G
2-PB1,1572,1,1,1,2594,2597,C
2-PB1,1573,2434,0,0,0,2434,A
2-PB1,1574,0,2434,0,2,2436,T
2-PB1,1575,0,2432,0,0,2432,T
2-PB1,1576,3,2,2442,0,2447,G
2-PB1,1577,0,9,2514,0,2523,G
2-PB1,1578,2470,0,5,0,2475,A
2-PB1,1579,2,0,2485,0,2487,G
2-PB1,1580,0,2390,0,0,2390,T
2-PB1,1581,2388,0,0,0,2388,A
2-PB1,1582,2383,0,4,1,2388,A
2-PB1,1583,2,0,0,2402,2404,C
2-PB1,1584,2384,1,0,0,2385,A
2-PB1,1585,0,0,2422,0,2422,G
2-PB1,1586,2,2187,0,0,2189,T
2-PB1,1587,0,5,2198,0,2203,G
2-PB1,1588,2218,1,3,0,2222,A
2-PB1,1589,1,2219,0,1,2221,T
2-PB1,1590,2216,0,2,1,2219,A
2-PB1,1591,2210,0,0,0,2210,A
2-PB1,1592,2150,0,1,1,2152,A
2-PB1,1593,1,10,2168,0,2179,G
2-PB1,1594,2091,0,0,0,2091,A
2-PB1,1595,2082,1,3,0,2086,A
2-PB1,1596,1,0,0,2087,2088,C
2-PB1,1597,2030,1,1,0,2032,A
2-PB1,1598,2040,1,0,1,2042,A
2-PB1,1599,0,0,0,2047,2047,C
2-PB1,1600,2061,0,3,0,2064,A
2-PB1,1601,1,2055,2,0,2058,T
2-PB1,1602,1,3,2014,0,2018,G
2-PB1,1603,2019,2,2,0,2023,A
2-PB1,1604,0,2021,0,2,2023,T
2-PB1,1605,1987,0,0,0,1987,A
2-PB1,1606,2009,0,1,0,2010,A
2-PB1,1607,1998,0,2,0,2000,A
2-PB1,1608,0,0,0,2003,2003,C
2-PB1,1609,1923,0,0,1,1924,A
2-PB1,1610,1918,0,1,0,1919,A
2-PB1,1611,0,1874,0,5,1879,T
2-PB1,1612,1,19,1854,0,1874,G
2-PB1,1613,1904,0,2,0,1906,A
2-PB1,1614,2,1,0,1922,1925,C
2-PB1,1615,2,0,1,1893,1896,C
2-PB1,1616,2,1820,0,2,1824,T
2-PB1,1617,0,1778,0,0,1778,T
2-PB1,1618,0,4,1778,0,1782,G
2-PB1,1619,2,7,1792,0,1801,G
2-PB1,1620,1806,0,1,0,1807,A
2-PB1,1621,2,1,0,1798,1801,C
2-PB1,1622,3,0,0,1775,1778,C
2-PB1,1623,1760,0,1,3,1764,A
2-PB1,1624,0,2,1775,0,1777,G
2-PB1,1625,0,0,0,1784,1784,C
2-PB1,1626,1787,0,1,0,1788,A
2-PB1,1627,1787,0,0,0,1787,A
2-PB1,1628,1,0,0,1775,1776,C
2-PB1,1629,1760,0,1,0,1761,A
2-PB1,1630,0,1,1799,0,1800,G
2-PB1,1631,1,2,0,1789,1792,C
2-PB1,1632,8,1,1,1793,1803,C
2-PB1,1633,5,1,0,1790,1796,C
2-PB1,1634,1805,0,1,0,1806,A
2-PB1,1635,1804,0,0,0,1804,A
2-PB1,1636,1802,0,1,0,1803,A
2-PB1,1637,1,1800,0,0,1801,T
2-PB1,1638,0,6,1791,0,1797,G
2-PB1,1639,0,0,1787,0,1787,G
2-PB1,1640,0,0,0,1783,1783,C
2-PB1,1641,0,1761,0,4,1765,T
2-PB1,1642,2,0,0,1820,1822,C
2-PB1,1643,0,1819,0,0,1819,T
2-PB1,1644,4,0,0,1827,1831,C
2-PB1,1645,6,0,0,1834,1840,C
2-PB1,1646,1839,0,1,0,1840,A
2-PB1,1647,1844,0,1,0,1845,A
2-PB1,1648,0,1836,0,0,1836,T
2-PB1,1649,0,1823,0,0,1823,T
2-PB1,1650,2,1,1835,0,1838,G
2-PB1,1651,0,1804,0,4,1808,T
2-PB1,1652,0,1799,0,3,1802,T
2-PB1,1653,23,8,0,1776,1807,C
2-PB1,1654,1804,0,2,0,1806,A
2-PB1,1655,1,1809,0,0,1810,T
2-PB1,1656,2,0,0,1802,1804,C
2-PB1,1657,1809,1,0,0,1810,A
2-PB1,1658,1808,1,2,0,1811,A
2-PB1,1659,1810,0,2,0,1812,A
2-PB1,1660,0,2,1857,0,1859,G
2-PB1,1661,1865,0,0,0,1865,A
2-PB1,1662,0,1863,0,1,1864,T
2-PB1,1663,0,1871,0,0,1871,T
2-PB1,1664,1879,1,0,1,1881,A
2-PB1,1665,0,2,0,1913,1915,C
2-PB1,1666,1910,0,0,0,1910,A
2-PB1,1667,0,1,1931,0,1932,G
2-PB1,1668,1922,0,1,0,1923,A
2-PB1,1669,1,1961,0,1,1963,T
2-PB1,1670,1968,0,1,0,1969,A
2-PB1,1671,0,0,0,2074,2074,C
2-PB1,1672,2115,0,4,0,2119,A
2-PB1,1673,0,1,0,2250,2251,C
2-PB1,1674,2229,0,1,1,2231,A
2-PB1,1675,0,2248,0,0,2248,T
2-PB1,1676,2220,1,1,0,2222,A
2-PB1,1677,0,2221,0,0,2221,T
2-PB1,1678,2168,0,2,0,2170,A
2-PB1,1679,0,6,2163,1,2170,G
2-PB1,1680,2,0,2162,0,2164,G
2-PB1,1681,0,2071,0,2,2073,T
2-PB1,1682,1,1,2034,0,2036,G
2-PB1,1683,1,0,0,2099,2100,C
2-PB1,1684,3,0,0,2090,2093,C
2-PB1,1685,2115,1,2,0,2118,A
2-PB1,1686,0,2116,0,1,2117,T
2-PB1,1687,2124,1,0,0,2125,A
2-PB1,1688,1,2,2136,0,2139,G
2-PB1,1689,2097,0,4,0,2101,A
2-PB1,1690,1,2,2111,0,2114,G
2-PB1,1691,0,14,2099,0,2113,G
2-PB1,1692,2047,0,5,0,2052,A
2-PB1,1693,0,10,2053,0,2063,G
2-PB1,1694,2043,1,5,0,2049,A
2-PB1,1695,2,0,0,2051,2053,C
2-PB1,1696,2041,0,1,0,2042,A
2-PB1,1697,1,1,0,2056,2058,C
2-PB1,1698,2055,1,1,0,2057,A
2-PB1,1699,1,0,0,2059,2060,C
2-PB1,1700,2038,1,4,0,2043,A
2-PB1,1701,2046,0,1,0,2047,A
2-PB1,1702,2072,0,1,0,2073,A
2-PB1,1703,0,2086,0,0,2086,T
2-PB1,1704,7,0,0,2079,2086,C
2-PB1,1705,5,1,0,2077,2083,C
2-PB1,1706,2059,0,3,0,2062,A
2-PB1,1707,1,6,2060,0,2067,G
2-PB1,1708,2067,0,1,0,2068,A
2-PB1,1709,0,0,0,2076,2076,C
2-PB1,1710,1,5,2067,0,2073,G
2-PB1,1711,2060,1,1,0,2062,A
2-PB1,1712,0,4,2064,0,2068,G
2-PB1,1713,2065,0,3,0,2068,A
2-PB1,1714,2066,0,0,0,2066,A
2-PB1,1715,2,6,2064,0,2072,G
2-PB1,1716,2067,0,2,2,2071,A
2-PB1,1717,0,2060,0,0,2060,T
2-PB1,1718,7,0,0,2050,2057,C
2-PB1,1719,2057,1,1,0,2059,A
2-PB1,1720,0,2052,0,0,2052,T
2-PB1,1721,0,2048,0,0,2048,T
2-PB1,1722,5,1,0,2052,2058,C
2-PB1,1723,0,7,2048,1,2056,G
2-PB1,1724,2048,0,0,0,2048,A
2-PB1,1725,0,2,2051,0,2053,G
2-PB1,1726,2035,0,2,0,2037,A
2-PB1,1727,0,2107,0,0,2107,T
2-PB1,1728,2110,1,1,0,2112,A
2-PB1,1729,2120,0,0,0,2120,A
2-PB1,1730,2114,1,2,1,2118,A
2-PB1,1731,1,5,2115,0,2121,G
2-PB1,1732,2117,1,0,0,2118,A
2-PB1,1733,2082,0,0,0,2082,A
2-PB1,1734,2,1,2082,0,2085,G
2-PB1,1735,1,1,0,2088,2090,C
2-PB1,1736,0,2067,0,2,2069,T
2-PB1,1737,0,0,2081,0,2081,G
2-PB1,1738,0,2068,0,0,2068,T
2-PB1,1739,0,3,2051,0,2054,G
2-PB1,1740,1,2,2060,0,2063,G
2-PB1,1741,0,11,2063,2,2076,G
2-PB1,1742,2076,0,2,0,2078,A
2-PB1,1743,1,2060,0,2,2063,T
2-PB1,1744,6,0,0,2053,2059,C
2-PB1,1745,2061,0,1,0,2062,A
2-PB1,1746,2070,0,1,0,2071,A
2-PB1,1747,2082,0,1,0,2083,A
2-PB1,1748,0,1,0,2077,2078,C
2-PB1,1749,6,1,0,2064,2071,C
2-PB1,1750,4,0,0,2061,2065,C
2-PB1,1751,2055,1,0,1,2057,A
2-PB1,1752,2099,1,1,0,2101,A
2-PB1,1753,0,2091,0,1,2092,T
2-PB1,1754,4,1,0,2092,2097,C
2-PB1,1755,2085,0,2,0,2087,A
2-PB1,1756,2069,0,3,0,2072,A
2-PB1,1757,0,6,2086,0,2092,G
2-PB1,1758,0,7,2075,1,2083,G
2-PB1,1759,0,1,2070,0,2071,G
2-PB1,1760,1,0,1,2075,2077,C
2-PB1,1761,2045,0,1,0,2046,A
2-PB1,1762,1,5,2093,0,2099,G
2-PB1,1763,0,3,2099,1,2103,G
2-PB1,1764,2109,1,3,0,2113,A
2-PB1,1765,1,0,0,2127,2128,C
2-PB1,1766,0,2091,0,0,2091,T
2-PB1,1767,2138,1,0,0,2139,A
2-PB1,1768,1,2133,0,2,2136,T
2-PB1,1769,0,2143,0,0,2143,T
2-PB1,1770,1,7,2134,0,2142,G
2-PB1,1771,1,1,2155,0,2157,G
2-PB1,1772,0,2125,0,2,2127,T
2-PB1,1773,2132,0,1,1,2134,A
2-PB1,1774,1,2109,0,0,2110,T
2-PB1,1775,5,1,0,2109,2115,C
2-PB1,1776,2067,0,0,0,2067,A
2-PB1,1777,0,1,2083,1,2085,G
2-PB1,1778,2088,0,0,0,2088,A
2-PB1,1779,0,2078,0,0,2078,T
2-PB1,1780,0,3,2004,0,2007,G
2-PB1,1781,2,6,1998,0,2006,G
2-PB1,1782,0,3,1996,0,1999,G
2-PB1,1783,0,9,2000,0,2009,G
2-PB1,1784,2,15,1999,0,2016,G
2-PB1,1785,2007,1,5,0,2013,A
2-PB1,1786,0,0,0,1996,1996,C
2-PB1,1787,11,0,0,1987,1998,C
2-PB1,1788,1999,0,1,0,2000,A
2-PB1,1789,2112,0,0,0,2112,A
2-PB1,1790,2123,0,0,0,2123,A
2-PB1,1791,2,0,0,2160,2162,C
2-PB1,1792,0,2142,0,2,2144,T
2-PB1,1793,0,2134,0,2,2136,T
2-PB1,1794,2149,0,0,0,2149,A
2-PB1,1795,0,2145,0,1,2146,T
2-PB1,1796,2150,0,0,0,2150,A
2-PB1,1797,1,0,0,2148,2149,C
2-PB1,1798,2008,0,0,1,2009,A
2-PB1,1799,2015,0,0,0,2015,A
2-PB1,1800,0,1963,0,2,1965,T
2-PB1,1801,1991,0,0,0,1991,A
2-PB1,1802,0,1983,0,0,1983,T
2-PB1,1803,4,1,0,1978,1983,C
2-PB1,1804,3,1,0,1982,1986,C
2-PB1,1805,0,4,1982,0,1986,G
2-PB1,1806,0,7,1982,0,1989,G
2-PB1,1807,1993,0,0,0,1993,A
2-PB1,1808,1997,0,1,0,1998,A
2-PB1,1809,0,1998,0,0,1998,T
2-PB1,1810,4,0,0,2007,2011,C
2-PB1,1811,1,1997,0,2,2000,T
2-PB1,1812,0,2003,0,1,2004,T
2-PB1,1813,0,2,0,2001,2003,C
2-PB1,1814,2000,0,0,1,2001,A
2-PB1,1815,0,1,0,2008,2009,C
2-PB1,1816,1998,1,0,0,1999,A
2-PB1,1817,0,2141,0,1,2142,T
2-PB1,1818,7,1,0,2129,2137,C
2-PB1,1819,2,2,0,2149,2153,C
2-PB1,1820,2,0,0,2160,2162,C
2-PB1,1821,1,2157,0,1,2159,T
2-PB1,1822,1,4,2157,0,2162,G
2-PB1,1823,2162,0,1,0,2163,A
2-PB1,1824,2150,0,1,1,2152,A
2-PB1,1825,0,2,2156,0,2158,G
2-PB1,1826,0,2041,1,2,2044,T
2-PB1,1827,8,4,0,2034,2046,C
2-PB1,1828,0,2021,0,1,2022,T
2-PB1,1829,0,0,2051,0,2051,G
2-PB1,1830,0,1,0,2053,2054,C
2-PB1,1831,0,2051,0,2,2053,T
2-PB1,1832,0,2055,0,1,2056,T
2-PB1,1833,2056,0,0,0,2056,A
2-PB1,1834,2050,0,2,0,2052,A
2-PB1,1835,2050,1,1,0,2052,A
2-PB1,1836,2007,0,0,1,2008,A
2-PB1,1837,0,2016,0,1,2017,T
2-PB1,1838,1,3,2012,0,2016,G
2-PB1,1839,0,7,2008,0,2015,G
2-PB1,1840,1,4,2017,0,2022,G
2-PB1,1841,2013,0,5,0,2018,A
2-PB1,1842,2,1,2028,0,2031,G
2-PB1,1843,1,0,0,2011,2012,C
2-PB1,1844,0,2010,1,3,2014,T
2-PB1,1845,0,2,2015,0,2017,G
2-PB1,1846,2016,0,1,0,2017,A
2-PB1,1847,0,2014,0,0,2014,T
2-PB1,1848,0,8,2020,0,2028,G
2-PB1,1849,0,3,2032,0,2035,G
2-PB1,1850,2037,0,1,0,2038,A
2-PB1,1851,1,2026,0,1,2028,T
2-PB1,1852,5,9,2009,0,2023,G
2-PB1,1853,2004,1,3,0,2008,A
2-PB1,1854,1,10,2026,0,2037,G
2-PB1,1855,2033,0,2,0,2035,A
2-PB1,1856,2034,0,0,0,2034,A
2-PB1,1857,0,2027,0,0,2027,T
2-PB1,1858,0,2014,0,0,2014,T
2-PB1,1859,2021,1,0,0,2022,A
2-PB1,1860,0,2023,0,1,2024,T
2-PB1,1861,5,3,0,2016,2024,C
2-PB1,1862,1,3,2015,0,2019,G
2-PB1,1863,0,1,2011,0,2012,G
2-PB1,1864,1,1,1994,0,1996,G
2-PB1,1865,0,2,1995,1,1998,G
2-PB1,1866,1997,1,0,0,1998,A
2-PB1,1867,2000,0,0,0,2000,A
2-PB1,1868,4,11,1993,0,2008,G
2-PB1,1869,2015,1,1,0,2017,A
2-PB1,1870,0,1,0,2026,2027,C
2-PB1,1871,0,1999,0,1,2000,T
2-PB1,1872,1,2033,0,0,2034,T
2-PB1,1873,0,2039,0,0,2039,T
2-PB1,1874,0,0,2050,2,2052,G
2-PB1,1875,0,2055,0,0,2055,T
2-PB1,1876,2038,0,2,0,2040,A
2-PB1,1877,2040,0,0,0,2040,A
2-PB1,1878,0,2000,0,0,2000,T
2-PB1,1879,6,1,1,2003,2011,C
2-PB1,1880,5,1,0,2004,2010,C
2-PB1,1881,5,0,0,1981,1986,C
2-PB1,1882,4,2,0,2007,2013,C
2-PB1,1883,1,2002,0,4,2007,T
2-PB1,1884,1,10,2001,0,2012,G
2-PB1,1885,2010,0,2,0,2012,A
2-PB1,1886,2014,0,0,0,2014,A
2-PB1,1887,0,2015,0,1,2016,T
2-PB1,1888,7,1,0,1995,2003,C
2-PB1,1889,4,3,0,1983,1990,C
2-PB1,1890,6,0,0,1976,1982,C
2-PB1,1891,3,1974,0,3,1980,T
2-PB1,1892,0,1988,0,0,1988,T
2-PB1,1893,0,1983,0,0,1983,T
2-PB1,1894,2,0,1983,0,1985,G
2-PB1,1895,1,1978,0,0,1979,T
2-PB1,1896,9,2,0,1966,1977,C
2-PB1,1897,1948,1,4,1,1954,A
2-PB1,1898,0,3,1983,0,1986,G
2-PB1,1899,0,0,0,1986,1986,C
2-PB1,1900,8,1,0,1971,1980,C
2-PB1,1901,1982,1,0,0,1983,A
2-PB1,1902,0,1988,0,0,1988,T
2-PB1,1903,1985,0,0,0,1985,A
2-PB1,1904,1988,1,0,1,1990,A
2-PB1,1905,1991,0,4,0,1995,A
2-PB1,1906,1,4,2015,0,2020,G
2-PB1,1907,1971,0,1,0,1972,A
2-PB1,1908,1984,0,0,0,1984,A
2-PB1,1909,1980,2,3,0,1985,A
2-PB1,1910,1,1982,1,0,1984,T
2-PB1,1911,0,1961,1,1,1963,T
2-PB1,1912,0,6,1963,0,1969,G
2-PB1,1913,1963,0,0,0,1963,A
2-PB1,1914,0,0,1987,0,1987,G
2-PB1,1915,0,1983,0,1,1984,T
2-PB1,1916,6,1,0,2001,2008,C
2-PB1,1917,0,1993,0,1,1994,T
2-PB1,1918,3,0,2024,0,2027,G
2-PB1,1919,1,2027,0,1,2029,T
2-PB1,1920,2026,0,31,0,2057,A
2-PB1,1921,2052,0,2,0,2054,A
2-PB1,1922,2053,1,1,0,2055,A
2-PB1,1923,1,1,0,2066,2068,C
2-PB1,1924,2004,0,0,1,2005,A
2-PB1,1925,2017,0,0,1,2018,A
2-PB1,1926,0,2013,0,1,2014,T
2-PB1,1927,0,2,2008,0,2010,G
2-PB1,1928,2,0,0,2031,2033,C
2-PB1,1929,0,2001,0,4,2005,T
2-PB1,1930,0,1,2068,0,2069,G
2-PB1,1931,0,2075,0,0,2075,T
2-PB1,1932,2107,0,0,0,2107,A
2-PB1,1933,0,0,2112,0,2112,G
2-PB1,1934,0,2070,1,1,2072,T
2-PB1,1935,2058,1,0,0,2059,A
2-PB1,1936,2048,0,0,0,2048,A
2-PB1,1937,0,2033,0,3,2036,T
2-PB1,1938,1,2,2029,0,2032,G
2-PB1,1939,0,0,0,2006,2006,C
2-PB1,1940,3,1,0,1982,1986,C
2-PB1,1941,1952,1,2,0,1955,A
2-PB1,1942,1,0,1985,0,1986,G
2-PB1,1943,0,0,0,2011,2011,C
2-PB1,1944,4,3,0,2008,2015,C
2-PB1,1945,6,2,0,2005,2013,C
2-PB1,1946,2003,0,0,0,2003,A
2-PB1,1947,1,1999,0,3,2003,T
2-PB1,1948,1,5,2001,0,2007,G
2-PB1,1949,1,0,2031,1,2033,G
2-PB1,1950,0,2018,0,5,2023,T
2-PB1,1951,14,0,1,1966,1981,C
2-PB1,1952,2,0,0,1949,1951,C
2-PB1,1953,3,1943,1,1,1948,T
2-PB1,1954,1,1,1991,0,1993,G
2-PB1,1955,0,0,0,1987,1987,C
2-PB1,1956,10,1,0,1984,1995,C
2-PB1,1957,1986,0,3,0,1989,A
2-PB1,1958,1971,0,0,0,1971,A
2-PB1,1959,1974,0,0,1,1975,A
2-PB1,1960,1984,0,0,0,1984,A
2-PB1,1961,0,0,2009,0,2009,G
2-PB1,1962,0,1970,0,0,1970,T
2-PB1,1963,1966,0,0,0,1966,A
2-PB1,1964,0,1966,0,0,1966,T
2-PB1,1965,0,5,1964,0,1969,G
2-PB1,1966,1,7,1994,0,2002,G
2-PB1,1967,1997,0,0,0,1997,A
2-PB1,1968,2017,0,0,0,2017,A
2-PB1,1969,0,2010,0,0,2010,T
2-PB1,1970,1982,0,1,0,1983,A
2-PB1,1971,0,1979,0,1,1980,T
2-PB1,1972,0,6,1956,0,1962,G
2-PB1,1973,1956,0,3,0,1959,A
2-PB1,1974,0,1954,0,0,1954,T
2-PB1,1975,0,0,1915,0,1915,G
2-PB1,1976,0,1,0,1911,1912,C
2-PB1,1977,5,0,0,1884,1889,C
2-PB1,1978,1,0,1892,0,1893,G
2-PB1,1979,0,1888,0,2,1890,T
2-PB1,1980,0,1883,0,1,1884,T
2-PB1,1981,1,2,1893,0,1896,G
2-PB1,1982,3,2,0,1917,1922,C
2-PB1,1983,1922,0,0,0,1922,A
2-PB1,1984,1948,0,0,0,1948,A
2-PB1,1985,2,1,0,1945,1948,C
2-PB1,1986,0,1936,0,0,1936,T
2-PB1,1987,1939,0,1,0,1940,A
2-PB1,1988,0,0,0,1934,1934,C
2-PB1,1989,1927,1,1,0,1929,A
2-PB1,1990,0,1,0,1930,1931,C
2-PB1,1991,1876,0,0,0,1876,A
2-PB1,1992,1,0,0,1990,1991,C
2-PB1,1993,2,1956,1,2,1961,T
2-PB1,1994,10,0,0,1957,1967,C
2-PB1,1995,3,1,0,1962,1966,C
2-PB1,1996,0,1956,0,3,1959,T
2-PB1,1997,0,3,1957,0,1960,G
2-PB1,1998,0,6,1954,0,1960,G
2-PB1,1999,1961,0,2,0,1963,A
2-PB1,2000,0,1962,0,1,1963,T
2-PB1,2001,0,1827,0,2,1829,T
2-PB1,2002,6,0,0,1841,1847,C
2-PB1,2003,2,1,0,1831,1834,C
2-PB1,2004,5,0,0,1839,1844,C
2-PB1,2005,1841,0,0,0,1841,A
2-PB1,2006,1835,0,0,0,1835,A
2-PB1,2007,0,4,1842,0,1846,G
2-PB1,2008,1839,0,1,0,1840,A
2-PB1,2009,0,3,1837,0,1840,G
2-PB1,2010,4,8,1811,1,1824,G
2-PB1,2011,1799,1,5,0,1805,A
2-PB1,2012,1805,1,1,0,1807,A
2-PB1,2013,1,2,0,1802,1805,C
2-PB1,2014,4,0,0,1789,1793,C
2-PB1,2015,1,1,1818,0,1820,G
2-PB1,2016,0,0,0,1813,1813,C
2-PB1,2017,0,1813,0,1,1814,T
2-PB1,2018,11,1,0,1809,1821,C
2-PB1,2019,0,1807,0,2,1809,T
2-PB1,2020,1915,0,0,0,1915,A
2-PB1,2021,1,1916,1,1,1919,T
2-PB1,2022,0,1923,0,1,1924,T
2-PB1,2023,3,0,0,1925,1928,C
2-PB1,2024,0,1862,0,2,1864,T
2-PB1,2025,1869,0,0,0,1869,A
2-PB1,2026,1868,0,1,0,1869,A
2-PB1,2027,1868,0,0,1,1869,A
2-PB1,2028,0,0,0,1871,1871,C
2-PB1,2029,1755,2,2,0,1759,A
2-PB1,2030,1,0,0,1751,1752,C
2-PB1,2031,1718,1,0,0,1719,A
2-PB1,2032,1730,0,0,0,1730,A
2-PB1,2033,0,0,1736,0,1736,G
2-PB1,2034,1,0,1,1732,1734,C
2-PB1,2035,5,1,0,1736,1742,C
2-PB1,2036,1724,0,1,0,1725,A
2-PB1,2037,1718,0,1,0,1719,A
2-PB1,2038,1722,0,2,0,1724,A
2-PB1,2039,0,3,1735,0,1738,G
2-PB1,2040,2,2,1730,0,1734,G
2-PB1,2041,1,6,1703,1,1711,G
2-PB1,2042,0,7,1692,0,1699,G
2-PB1,2043,1692,0,0,0,1692,A
2-PB1,2044,1704,0,1,0,1705,A
2-PB1,2045,0,1701,2,0,1703,T
2-PB1,2046,1,1700,1,1,1703,T
2-PB1,2047,7,0,0,1706,1713,C
2-PB1,2048,0,1691,1,0,1692,T
2-PB1,2049,1,1685,0,2,1688,T
2-PB1,2050,0,2,1687,0,1689,G
2-PB1,2051,1683,0,3,0,1686,A
2-PB1,2052,0,4,1696,0,1700,G
2-PB1,2053,0,1,1697,0,1698,G
2-PB1,2054,1685,0,2,0,1687,A
2-PB1,2055,0,1678,0,1,1679,T
2-PB1,2056,1,16,1669,0,1686,G
2-PB1,2057,1669,1,0,0,1670,A
2-PB1,2058,1673,0,4,0,1677,A
2-PB1,2059,1,0,0,1682,1683,C
2-PB1,2060,1666,0,0,0,1666,A
2-PB1,2061,2,1,1674,0,1677,G
2-PB1,2062,1661,1,2,0,1664,A
2-PB1,2063,1,1661,0,0,1662,T
2-PB1,2064,0,0,1663,0,1663,G
2-PB1,2065,0,1679,0,0,1679,T
2-PB1,2066,1673,1,5,0,1679,A
2-PB1,2067,1,0,1,1681,1683,C
2-PB1,2068,5,0,0,1667,1672,C
2-PB1,2069,1648,0,2,0,1650,A
2-PB1,2070,0,0,1634,0,1634,G
2-PB1,2071,1621,0,0,0,1621,A
2-PB1,2072,1617,0,0,0,1617,A
2-PB1,2073,1,0,1619,0,1620,G
2-PB1,2074,0,1533,0,0,1533,T
2-PB1,2075,2,0,1533,0,1535,G
2-PB1,2076,1,1,0,1536,1538,C
2-PB1,2077,0,1530,0,3,1533,T
2-PB1,2078,0,0,1534,0,1534,G
2-PB1,2079,1,0,0,1530,1531,C
2-PB1,2080,1530,0,1,0,1531,A
2-PB1,2081,1529,0,0,0,1529,A
2-PB1,2082,0,0,0,1510,1510,C
2-PB1,2083,0,1508,0,3,1511,T
2-PB1,2084,0,1493,0,1,1494,T
2-PB1,2085,1,0,1492,0,1493,G
2-PB1,2086,0,1491,0,1,1492,T
2-PB1,2087,1,1486,0,1,1488,T
2-PB1,2088,11,1,0,1477,1489,C
2-PB1,2089,1,7,1481,0,1489,G
2-PB1,2090,1490,0,0,0,1490,A
2-PB1,2091,0,1,1488,0,1489,G
2-PB1,2092,1487,0,0,0,1487,A
2-PB1,2093,1487,0,0,0,1487,A
2-PB1,2094,1493,1,0,0,1494,A
2-PB1,2095,0,1487,0,0,1487,T
2-PB1,2096,0,1490,0,2,1492,T
2-PB1,2097,0,1492,0,0,1492,T
2-PB1,2098,0,1492,0,0,1492,T
2-PB1,2099,0,1487,0,0,1487,T
2-PB1,2100,4,2,0,1490,1496,C
2-PB1,2101,6,1,0,1484,1491,C
2-PB1,2102,3,1,0,1491,1495,C
2-PB1,2103,0,1489,0,2,1491,T
2-PB1,2104,1490,1,1,0,1492,A
2-PB1,2105,0,0,1500,0,1500,G
2-PB1,2106,0,1500,0,0,1500,T
2-PB1,2107,1504,0,0,0,1504,A
2-PB1,2108,1,1,1507,0,1509,G
2-PB1,2109,1,1489,0,1,1491,T
2-PB1,2110,0,1529,0,1,1530,T
2-PB1,2111,17,1,0,1513,1531,C
2-PB1,2112,1542,0,3,0,1545,A
2-PB1,2113,0,1543,0,1,1544,T
2-PB1,2114,1522,1,2,0,1525,A
2-PB1,2115,0,1522,0,1,1523,T
2-PB1,2116,1473,0,0,0,1473,A
2-PB1,2117,0,2,1465,0,1467,G
2-PB1,2118,3,4,1452,0,1459,G
2-PB1,2119,1322,0,3,0,1325,A
2-PB1,2120,0,7,1310,0,1317,G
2-PB1,2121,1230,0,0,0,1230,A
2-PB1,2122,0,0,0,1226,1226,C
2-PB1,2123,2,0,0,1188,1190,C
2-PB1,2124,1,2,1187,0,1190,G
2-PB1,2125,1191,0,1,0,1192,A
2-PB1,2126,0,1182,0,0,1182,T
2-PB1,2127,0,1186,0,0,1186,T
2-PB1,2128,0,0,1181,0,1181,G
2-PB1,2129,1,6,1175,0,1182,G
2-PB1,2130,1180,0,1,0,1181,A
2-PB1,2131,1180,0,0,0,1180,A
2-PB1,2132,0,1174,0,0,1174,T
2-PB1,2133,0,1173,0,1,1174,T
2-PB1,2134,0,1171,0,0,1171,T
2-PB1,2135,6,0,0,1167,1173,C
2-PB1,2136,0,1173,0,0,1173,T
2-PB1,2137,1166,0,0,0,1166,A
2-PB1,2138,0,0,1169,0,1169,G
2-PB1,2139,0,0,0,1163,1163,C
2-PB1,2140,1155,1,0,0,1156,A
2-PB1,2141,0,1152,1,0,1153,T
2-PB1,2142,0,2,1126,0,1128,G
2-PB1,2143,2,0,1147,0,1149,G
2-PB1,2144,0,1145,0,1,1146,T
2-PB1,2145,0,1,1150,0,1151,G
2-PB1,2146,1,1,1145,0,1147,G
2-PB1,2147,1131,1,1,1,1134,A
2-PB1,2148,1,0,1133,0,1134,G
2-PB1,2149,1,1,1124,0,1126,G
2-PB1,2150,2,0,0,1125,1127,C
2-PB1,2151,3,0,0,1114,1117,C
2-PB1,2152,1058,0,0,0,1058,A
2-PB1,2153,1,1053,0,2,1056,T
2-PB1,2154,2,2,1056,0,1060,G
2-PB1,2155,0,0,1066,0,1066,G
2-PB1,2156,0,1040,1,1,1042,T
2-PB1,2157,0,0,1053,0,1053,G
2-PB1,2158,0,1032,0,0,1032,T
2-PB1,2159,5,0,0,1017,1022,C
2-PB1,2160,0,1019,1,1,1021,T
2-PB1,2161,1010,0,1,0,1011,A
2-PB1,2162,0,1,1007,0,1008,G
2-PB1,2163,0,2,981,0,983,G
2-PB1,2164,0,0,974,0,974,G
2-PB1,2165,2,1,0,952,955,C
2-PB1,2166,2,0,0,913,915,C
2-PB1,2167,1,0,0,904,905,C
2-PB1,2168,0,1,905,0,906,G
2-PB1,2169,0,3,904,0,907,G
2-PB1,2170,906,0,0,0,906,A
2-PB1,2171,0,902,0,0,902,T
2-PB1,2172,0,867,0,1,868,T
2-PB1,2173,0,1,860,0,861,G
2-PB1,2174,854,0,2,1,857,A
2-PB1,2175,0,856,0,0,856,T
2-PB1,2176,1,1,852,0,854,G
2-PB1,2177,0,0,0,847,847,C
2-PB1,2178,1,1,0,841,843,C
2-PB1,2179,833,0,1,0,834,A
2-PB1,2180,0,2,837,0,839,G
2-PB1,2181,833,0,0,0,833,A
2-PB1,2182,831,0,1,0,832,A
2-PB1,2183,0,825,0,1,826,T
2-PB1,2184,0,812,0,0,812,T
2-PB1,2185,1,2,809,0,812,G
2-PB1,2186,810,0,0,0,810,A
2-PB1,2187,1,0,0,806,807,C
2-PB1,2188,0,801,0,2,803,T
2-PB1,2189,0,801,0,0,801,T
2-PB1,2190,2,1,0,796,799,C
2-PB1,2191,1,0,796,0,797,G
2-PB1,2192,794,1,0,0,795,A
2-PB1,2193,1,0,786,0,787,G
2-PB1,2194,0,788,0,2,790,T
2-PB1,2195,4,0,0,788,792,C
2-PB1,2196,1,792,0,1,794,T
2-PB1,2197,0,0,795,0,795,G
2-PB1,2198,0,0,797,0,797,G
2-PB1,2199,797,0,0,0,797,A
2-PB1,2200,732,0,2,0,734,A
2-PB1,2201,1,0,733,0,734,G
2-PB1,2202,0,2,738,0,740,G
2-PB1,2203,742,0,0,0,742,A
2-PB1,2204,0,735,0,0,735,T
2-PB1,2205,1,732,2,0,735,T
2-PB1,2206,733,0,1,0,734,A
2-PB1,2207,730,1,1,0,732,A
2-PB1,2208,0,0,733,0,733,G
2-PB1,2209,736,0,0,0,736,A
2-PB1,2210,691,1,0,0,692,A
2-PB1,2211,1,0,655,0,656,G
2-PB1,2212,0,0,647,0,647,G
2-PB1,2213,649,0,0,0,649,A
2-PB1,2214,649,0,0,0,649,A
2-PB1,2215,0,1,649,0,650,G
2-PB1,2216,606,0,1,0,607,A
2-PB1,2217,0,0,606,0,606,G
2-PB1,2218,1,575,0,1,577,T
2-PB1,2219,0,569,0,0,569,T
2-PB1,2220,5,1,0,574,580,C
2-PB1,2221,0,564,0,0,564,T
2-PB1,2222,3,0,0,562,565,C
2-PB1,2223,0,566,0,0,566,T
2-PB1,2224,0,2,562,0,564,G
2-PB1,2225,552,0,0,0,552,A
2-PB1,2226,0,3,541,0,544,G
2-PB1,2227,537,0,0,0,537,A
2-PB1,2228,0,517,0,2,519,T
2-PB1,2229,2,1,0,483,486,C
2-PB1,2230,481,0,2,0,483,A
2-PB1,2231,0,481,0,0,481,T
2-PB1,2232,0,1,480,0,481,G
2-PB1,2233,476,0,1,0,477,A
2-PB1,2234,473,0,1,0,474,A
2-PB1,2235,0,1,461,0,462,G
2-PB1,2236,455,0,0,0,455,A
2-PB1,2237,0,455,0,0,455,T
2-PB1,2238,2,0,0,447,449,C
2-PB1,2239,0,416,0,0,416,T
2-PB1,2240,0,0,415,0,415,G
2-PB1,2241,1,414,0,0,415,T
2-PB1,2242,0,413,0,1,414,T
2-PB1,2243,2,1,0,408,411,C
2-PB1,2244,2,0,1,392,395,C
2-PB1,2245,391,0,1,0,392,A
2-PB1,2246,0,0,0,394,394,C
2-PB1,2247,0,0,0,382,382,C
2-PB1,2248,368,0,0,0,368,A
2-PB1,2249,0,353,0,0,353,T
2-PB1,2250,0,337,0,0,337,T
2-PB1,2251,0,1,337,0,338,G
2-PB1,2252,337,0,0,0,337,A
2-PB1,2253,332,0,0,1,333,A
2-PB1,2254,1,1,329,0,331,G
2-PB1,2255,289,0,0,0,289,A
2-PB1,2256,289,0,0,0,289,A
2-PB1,2257,0,0,0,284,284,C
2-PB1,2258,0,275,0,0,275,T
2-PB1,2259,2,0,0,275,277,C
2-PB1,2260,262,0,0,0,262,A
2-PB1,2261,1,1,260,0,262,G
2-PB1,2262,260,0,0,0,260,A
2-PB1,2263,0,0,0,253,253,C
2-PB1,2264,0,0,248,0,248,G
2-PB1,2265,0,0,243,0,243,G
2-PB1,2266,0,0,0,242,242,C
2-PB1,2267,244,0,0,0,244,A
2-PB1,2268,243,0,1,0,244,A
2-PB1,2269,241,0,0,0,241,A
2-PB1,2270,240,0,0,0,240,A
2-PB1,2271,236,0,0,0,236,A
2-PB1,2272,0,0,0,1,1,C
2-PB1,2273,1,0,0,0,1,A
2-PB1,2274,1,0,0,0,1,A
3-PA,1,112,0,0,0,112,A
3-PA,2,0,112,0,0,112,T
3-PA,3,0,0,121,0,121,G
3-PA,4,0,0,123,0,123,G
3-PA,5,123,0,0,0,123,A
3-PA,6,122,0,0,0,122,A
3-PA,7,0,1,123,0,124,G
3-PA,8,126,0,0,0,126,A
3-PA,9,0,126,0,0,126,T
3-PA,10,0,127,0,0,127,T
3-PA,11,0,130,0,0,130,T
3-PA,12,0,130,0,0,130,T
3-PA,13,0,0,135,0,135,G
3-PA,14,0,134,0,1,135,T
3-PA,15,0,0,135,0,135,G
3-PA,16,0,0,0,138,138,C
3-PA,17,0,1,137,0,138,G
3-PA,18,149,0,0,0,149,A
3-PA,19,0,0,0,153,153,C
3-PA,20,153,0,0,0,153,A
3-PA,21,155,0,0,0,155,A
3-PA,22,0,159,0,0,159,T
3-PA,23,0,0,181,0,181,G
3-PA,24,0,0,0,192,192,C
3-PA,25,0,193,0,0,193,T
3-PA,26,0,192,0,0,192,T
3-PA,27,0,0,0,193,193,C
3-PA,28,195,0,0,0,195,A
3-PA,29,201,0,0,0,201,A
3-PA,30,0,0,0,204,204,C
3-PA,31,1,0,0,205,206,C
3-PA,32,2,0,0,206,208,C
3-PA,33,2,2,207,0,211,G
3-PA,34,210,0,0,0,210,A
3-PA,35,0,210,0,2,212,T
3-PA,36,0,0,213,0,213,G
3-PA,37,216,0,0,0,216,A
3-PA,38,0,223,0,1,224,T
3-PA,39,0,223,0,0,223,T
3-PA,40,1,0,222,0,223,G
3-PA,41,0,223,0,0,223,T
3-PA,42,2,0,0,221,223,C
3-PA,43,0,4,219,0,223,G
3-PA,44,228,0,0,1,229,A
3-PA,45,229,0,0,0,229,A
3-PA,46,0,0,0,229,229,C
3-PA,47,0,229,0,0,229,T
3-PA,48,0,229,0,0,229,T
3-PA,49,0,0,230,0,230,G
3-PA,50,0,0,0,234,234,C
3-PA,51,234,0,0,0,234,A
3-PA,52,0,0,236,0,236,G
3-PA,53,237,0,0,0,237,A
3-PA,54,237,0,0,0,237,A
3-PA,55,237,0,0,0,237,A
3-PA,56,238,0,0,0,238,A
3-PA,57,240,1,1,0,242,A
3-PA,58,0,0,245,0,245,G
3-PA,59,0,0,0,251,251,C
3-PA,60,251,0,0,0,251,A
3-PA,61,266,0,1,0,267,A
3-PA,62,0,270,0,0,270,T
3-PA,63,0,1,276,0,277,G
3-PA,64,283,0,0,0,283,A
3-PA,65,282,0,0,0,282,A
3-PA,66,285,0,2,0,287,A
3-PA,67,1,0,303,0,304,G
3-PA,68,329,0,0,0,329,A
3-PA,69,0,0,383,0,383,G
3-PA,70,0,384,0,0,384,T
3-PA,71,385,0,0,0,385,A
3-PA,72,0,385,0,0,385,T
3-PA,73,0,2,386,0,388,G
3-PA,74,0,2,386,0,388,G
3-PA,75,0,1,389,0,390,G
3-PA,76,0,2,386,0,388,G
3-PA,77,385,0,0,0,385,A
3-PA,78,1,1,384,0,386,G
3-PA,79,0,1,391,0,392,G
3-PA,80,391,0,0,0,391,A
3-PA,81,0,396,0,0,396,T
3-PA,82,0,0,0,396,396,C
3-PA,83,0,392,0,1,393,T
3-PA,84,0,6,389,0,395,G
3-PA,85,393,0,0,0,393,A
3-PA,86,392,0,0,0,392,A
3-PA,87,394,0,0,0,394,A
3-PA,88,390,0,0,0,390,A
3-PA,89,0,392,0,0,392,T
3-PA,90,0,393,0,0,393,T
3-PA,91,0,2,390,0,392,G
3-PA,92,393,0,0,0,393,A
3-PA,93,394,0,1,0,395,A
3-PA,94,393,0,0,0,393,A
3-PA,95,0,0,0,397,397,C
3-PA,96,399,0,0,0,399,A
3-PA,97,402,0,1,0,403,A
3-PA,98,403,0,0,0,403,A
3-PA,99,0,0,0,406,406,C
3-PA,100,405,0,0,0,405,A
3-PA,101,409,0,0,0,409,A
3-PA,102,408,0,0,0,408,A
3-PA,103,0,405,0,1,406,T
3-PA,104,0,406,0,1,407,T
3-PA,105,0,406,0,1,407,T
3-PA,106,0,0,411,0,411,G
3-PA,107,0,0,0,413,413,C
3-PA,108,416,0,0,0,416,A
3-PA,109,0,0,441,0,441,G
3-PA,110,0,0,0,445,445,C
3-PA,111,471,0,0,0,471,A
3-PA,112,481,0,0,0,481,A
3-PA,113,0,486,0,0,486,T
3-PA,114,499,1,1,0,501,A
3-PA,115,0,505,0,0,505,T
3-PA,116,1,1,508,0,510,G
3-PA,117,0,1,0,512,513,C
3-PA,118,510,0,1,0,511,A
3-PA,119,0,0,0,520,520,C
3-PA,120,0,515,0,1,516,T
3-PA,121,2,0,0,613,615,C
3-PA,122,634,0,0,0,634,A
3-PA,123,0,1,0,649,650,C
3-PA,124,0,649,0,0,649,T
3-PA,125,0,649,0,0,649,T
3-PA,126,0,1,646,0,647,G
3-PA,127,0,3,657,0,660,G
3-PA,128,656,0,0,0,656,A
3-PA,129,0,1,662,0,663,G
3-PA,130,1,0,662,0,663,G
3-PA,131,0,655,0,0,655,T
3-PA,132,0,0,682,0,682,G
3-PA,133,0,683,0,1,684,T
3-PA,134,1,1,690,0,692,G
3-PA,135,1,692,0,0,693,T
3-PA,136,0,693,0,0,693,T
3-PA,137,0,692,0,0,692,T
3-PA,138,1,1,0,703,705,C
3-PA,139,705,0,0,0,705,A
3-PA,140,0,706,0,1,707,T
3-PA,141,0,0,723,0,723,G
3-PA,142,0,714,0,0,714,T
3-PA,143,718,0,0,0,718,A
3-PA,144,0,716,0,0,716,T
3-PA,145,0,718,0,1,719,T
3-PA,146,3,0,0,718,721,C
3-PA,147,716,0,0,1,717,A
3-PA,148,1,3,721,0,725,G
3-PA,149,724,0,0,0,724,A
3-PA,150,0,717,0,1,718,T
3-PA,151,0,720,0,0,720,T
3-PA,152,0,724,0,0,724,T
3-PA,153,3,0,0,719,722,C
3-PA,154,1,1,0,739,741,C
3-PA,155,743,0,0,0,743,A
3-PA,156,0,746,0,0,746,T
3-PA,157,0,743,0,0,743,T
3-PA,158,0,744,0,0,744,T
3-PA,159,2,0,0,745,747,C
3-PA,160,745,0,6,0,751,A
3-PA,161,1,776,0,0,777,T
3-PA,162,0,0,0,779,779,C
3-PA,163,780,0,0,0,780,A
3-PA,164,782,0,0,0,782,A
3-PA,165,1,781,0,0,782,T
3-PA,166,0,6,807,0,813,G
3-PA,167,813,0,1,0,814,A
3-PA,168,812,0,1,0,813,A
3-PA,169,0,0,0,810,810,C
3-PA,170,806,0,0,0,806,A
3-PA,171,823,0,1,0,824,A
3-PA,172,2,1,826,0,829,G
3-PA,173,0,0,830,0,830,G
3-PA,174,0,0,0,828,828,C
3-PA,175,0,5,825,0,830,G
3-PA,176,868,0,0,0,868,A
3-PA,177,871,0,1,0,872,A
3-PA,178,0,871,0,0,871,T
3-PA,179,5,0,0,881,886,C
3-PA,180,887,0,0,0,887,A
3-PA,181,885,0,1,0,886,A
3-PA,182,0,890,0,0,890,T
3-PA,183,885,0,2,0,887,A
3-PA,184,0,0,909,0,909,G
3-PA,185,0,906,0,0,906,T
3-PA,186,0,0,911,0,911,G
3-PA,187,0,0,914,0,914,G
3-PA,188,0,910,0,1,911,T
3-PA,189,909,0,1,0,910,A
3-PA,190,0,10,915,0,925,G
3-PA,191,918,0,2,0,920,A
3-PA,192,927,0,1,0,928,A
3-PA,193,0,0,0,926,926,C
3-PA,194,0,918,0,1,919,T
3-PA,195,0,922,0,0,922,T
3-PA,196,1,10,908,0,919,G
3-PA,197,918,1,0,0,919,A
3-PA,198,1,2,0,917,920,C
3-PA,199,2,7,906,0,915,G
3-PA,200,932,1,0,0,933,A
3-PA,201,0,945,0,0,945,T
3-PA,202,1,1,0,951,953,C
3-PA,203,2,0,0,959,961,C
3-PA,204,963,0,0,0,963,A
3-PA,205,962,0,2,0,964,A
3-PA,206,964,0,0,0,964,A
3-PA,207,0,964,0,1,965,T
3-PA,208,0,1,966,0,967,G
3-PA,209,0,0,0,950,950,C
3-PA,210,948,0,0,0,948,A
3-PA,211,1,0,0,972,973,C
3-PA,212,0,965,0,4,969,T
3-PA,213,1,1,1102,0,1104,G
3-PA,214,0,1102,0,2,1104,T
3-PA,215,0,1101,0,1,1102,T
3-PA,216,1102,0,1,0,1103,A
3-PA,217,1101,0,0,0,1101,A
3-PA,218,1097,0,1,0,1098,A
3-PA,219,0,1,1096,0,1097,G
3-PA,220,1,1,0,1085,1087,C
3-PA,221,1079,0,1,1,1081,A
3-PA,222,0,0,0,1076,1076,C
3-PA,223,1043,1,0,0,1044,A
3-PA,224,0,3,1079,0,1082,G
3-PA,225,1081,1,0,0,1082,A
3-PA,226,0,1082,0,1,1083,T
3-PA,227,0,1084,0,0,1084,T
3-PA,228,0,1082,0,1,1083,T
3-PA,229,0,3,1081,0,1084,G
3-PA,230,1083,0,1,0,1084,A
3-PA,231,1088,0,0,0,1088,A
3-PA,232,1088,0,0,0,1088,A
3-PA,233,0,1068,0,0,1068,T
3-PA,234,1069,0,0,0,1069,A
3-PA,235,1080,0,0,0,1080,A
3-PA,236,0,1078,0,0,1078,T
3-PA,237,5,1,0,1073,1079,C
3-PA,238,1,3,1073,0,1077,G
3-PA,239,1068,1,1,0,1070,A
3-PA,240,0,2,1074,0,1076,G
3-PA,241,0,1,1090,0,1091,G
3-PA,242,1,1,1087,0,1089,G
3-PA,243,0,3,1089,0,1092,G
3-PA,244,1081,0,2,0,1083,A
3-PA,245,0,3,1086,0,1089,G
3-PA,246,1107,0,3,0,1110,A
3-PA,247,0,2,1124,0,1126,G
3-PA,248,1122,1,2,0,1125,A
3-PA,249,0,0,0,1122,1122,C
3-PA,250,1111,0,1,0,1112,A
3-PA,251,0,12,1115,0,1127,G
3-PA,252,1130,0,1,0,1131,A
3-PA,253,1134,0,1,0,1135,A
3-PA,254,0,0,0,1140,1140,C
3-PA,255,1113,0,1,0,1114,A
3-PA,256,1111,0,0,1,1112,A
3-PA,257,0,1112,0,0,1112,T
3-PA,258,0,4,1135,0,1139,G
3-PA,259,0,1,1147,0,1148,G
3-PA,260,3,0,0,1132,1135,C
3-PA,261,1,0,0,1143,1144,C
3-PA,262,0,1129,0,1,1130,T
3-PA,263,0,3,1158,0,1161,G
3-PA,264,0,7,1151,0,1158,G
3-PA,265,1161,1,0,1,1163,A
3-PA,266,1,1,0,1166,1168,C
3-PA,267,1138,0,1,1,1140,A
3-PA,268,0,1,1247,0,1248,G
3-PA,269,1,1245,0,1,1247,T
3-PA,270,1252,0,0,1,1253,A
3-PA,271,1,0,1257,0,1258,G
3-PA,272,1,1236,1,0,1238,T
3-PA,273,1239,0,0,1,1240,A
3-PA,274,1240,0,0,0,1240,A
3-PA,275,1240,0,1,0,1241,A
3-PA,276,0,0,0,1255,1255,C
3-PA,277,1180,1,0,0,1181,A
3-PA,278,0,0,1219,0,1219,G
3-PA,279,1,1207,0,0,1208,T
3-PA,280,1219,0,0,0,1219,A
3-PA,281,0,1212,0,2,1214,T
3-PA,282,1,0,0,1236,1237,C
3-PA,283,0,1233,0,1,1234,T
3-PA,284,1,0,1235,0,1236,G
3-PA,285,1,0,0,1231,1232,C
3-PA,286,1228,0,1,0,1229,A
3-PA,287,1228,0,1,0,1229,A
3-PA,288,1,0,0,1232,1233,C
3-PA,289,1224,0,0,0,1224,A
3-PA,290,1,0,0,1269,1270,C
3-PA,291,0,1263,0,4,1267,T
3-PA,292,1273,0,0,0,1273,A
3-PA,293,0,0,0,1269,1269,C
3-PA,294,1,1266,0,0,1267,T
3-PA,295,4,5,1258,0,1267,G
3-PA,296,0,2,1261,0,1263,G
3-PA,297,1256,0,3,0,1259,A
3-PA,298,0,2,1255,0,1257,G
3-PA,299,0,0,0,1231,1231,C
3-PA,300,0,1232,0,2,1234,T
3-PA,301,1,1,1228,0,1230,G
3-PA,302,0,3,1225,0,1228,G
3-PA,303,0,0,1221,0,1221,G
3-PA,304,1223,0,2,0,1225,A
3-PA,305,1222,0,0,0,1222,A
3-PA,306,1227,0,2,0,1229,A
3-PA,307,0,2,1,1222,1225,C
3-PA,308,5,2,0,1219,1226,C
3-PA,309,2,3,1222,0,1227,G
3-PA,310,1229,1,0,0,1230,A
3-PA,311,1221,0,1,0,1222,A
3-PA,312,0,0,1235,0,1235,G
3-PA,313,0,1228,1,1,1230,T
3-PA,314,2,1230,0,0,1232,T
3-PA,315,0,1231,0,0,1231,T
3-PA,316,3,0,0,1230,1233,C
3-PA,317,0,1236,0,2,1238,T
3-PA,318,1238,0,0,1,1239,A
3-PA,319,1,0,0,1230,1231,C
3-PA,320,2,1,0,1230,1233,C
3-PA,321,1224,0,0,0,1224,A
3-PA,322,0,3,1235,0,1238,G
3-PA,323,1241,1,1,0,1243,A
3-PA,324,0,1242,1,0,1243,T
3-PA,325,1,1243,1,0,1245,T
3-PA,326,0,1243,0,0,1243,T
3-PA,327,0,0,1249,0,1249,G
3-PA,328,0,1246,0,3,1249,T
3-PA,329,1247,1,2,0,1250,A
3-PA,330,0,1250,0,0,1250,T
3-PA,331,0,9,1227,0,1236,G
3-PA,332,1293,0,0,0,1293,A
3-PA,333,0,1288,0,0,1288,T
3-PA,334,2,1288,1,1,1292,T
3-PA,335,1291,0,2,0,1293,A
3-PA,336,1,0,0,1294,1295,C
3-PA,337,1301,0,0,0,1301,A
3-PA,338,1297,0,2,0,1299,A
3-PA,339,0,0,1305,0,1305,G
3-PA,340,0,2,1312,0,1314,G
3-PA,341,1270,0,0,1,1271,A
3-PA,342,0,4,1281,0,1285,G
3-PA,343,1273,2,4,0,1279,A
3-PA,344,1280,0,1,0,1281,A
3-PA,345,0,0,0,1283,1283,C
3-PA,346,1267,0,1,0,1268,A
3-PA,347,0,4,1266,0,1270,G
3-PA,348,1260,0,1,0,1261,A
3-PA,349,1,1252,0,1,1254,T
3-PA,350,0,1250,0,0,1250,T
3-PA,351,9,0,0,1227,1236,C
3-PA,352,1236,0,0,0,1236,A
3-PA,353,1,1233,0,1,1235,T
3-PA,354,4,0,0,1233,1237,C
3-PA,355,0,3,1237,0,1240,G
3-PA,356,1252,0,0,0,1252,A
3-PA,357,1249,1,1,0,1251,A
3-PA,358,1250,0,1,0,1251,A
3-PA,359,0,1251,0,0,1251,T
3-PA,360,0,1242,0,3,1245,T
3-PA,361,2,1,1249,0,1252,G
3-PA,362,0,2,1247,0,1249,G
3-PA,363,1,2,1240,1,1244,G
3-PA,364,0,1,1250,0,1251,G
3-PA,365,0,1226,0,1,1227,T
3-PA,366,1,6,1231,0,1238,G
3-PA,367,1238,1,1,0,1240,A
3-PA,368,1,1,0,1242,1244,C
3-PA,369,1246,0,2,0,1248,A
3-PA,370,1246,0,0,0,1246,A
3-PA,371,0,1,1271,0,1272,G
3-PA,372,0,4,1266,1,1271,G
3-PA,373,1267,0,0,0,1267,A
3-PA,374,0,7,1264,0,1271,G
3-PA,375,1248,1,4,0,1253,A
3-PA,376,0,1,1258,0,1259,G
3-PA,377,1236,0,0,0,1236,A
3-PA,378,1232,1,0,0,1233,A
3-PA,379,0,0,1261,0,1261,G
3-PA,380,0,1247,0,4,1251,T
3-PA,381,3,1,0,1257,1261,C
3-PA,382,5,1,0,1257,1263,C
3-PA,383,1275,0,1,0,1276,A
3-PA,384,0,1,0,1294,1295,C
3-PA,385,1316,0,2,0,1318,A
3-PA,386,0,1347,0,0,1347,T
3-PA,387,1376,0,2,0,1378,A
3-PA,388,0,1342,0,0,1342,T
3-PA,389,1344,0,0,0,1344,A
3-PA,390,0,1325,0,0,1325,T
3-PA,391,0,1317,1,0,1318,T
3-PA,392,1372,0,0,0,1372,A
3-PA,393,0,1,0,1368,1369,C
3-PA,394,2,0,0,1329,1331,C
3-PA,395,0,1311,0,1,1312,T
3-PA,396,2,1273,0,1,1276,T
3-PA,397,0,3,1276,0,1279,G
3-PA,398,1277,0,2,0,1279,A
3-PA,399,1,1,1183,0,1185,G
3-PA,400,1191,1,1,0,1193,A
3-PA,401,1190,0,1,0,1191,A
3-PA,402,0,4,1193,0,1197,G
3-PA,403,1,2,1196,1,1200,G
3-PA,404,1,1,1,1195,1198,C
3-PA,405,1,0,0,1201,1202,C
3-PA,406,1196,1,0,0,1197,A
3-PA,407,1198,0,0,1,1199,A
3-PA,408,0,1198,0,1,1199,T
3-PA,409,1195,0,1,1,1197,A
3-PA,410,1201,0,0,0,1201,A
3-PA,411,0,2,1208,0,1210,G
3-PA,412,1199,0,0,0,1199,A
3-PA,413,0,1198,0,0,1198,T
3-PA,414,0,1195,0,0,1195,T
3-PA,415,1198,0,0,0,1198,A
3-PA,416,1199,0,1,0,1200,A
3-PA,417,1202,0,0,1,1203,A
3-PA,418,0,1203,0,0,1203,T
3-PA,419,4,0,0,1203,1207,C
3-PA,420,0,1190,0,0,1190,T
3-PA,421,0,5,1191,0,1196,G
3-PA,422,1199,0,0,0,1199,A
3-PA,423,1,5,1199,0,1205,G
3-PA,424,1205,0,0,0,1205,A
3-PA,425,1205,0,1,0,1206,A
3-PA,426,0,4,0,1203,1207,C
3-PA,427,1196,0,2,0,1198,A
3-PA,428,0,2,0,1201,1203,C
3-PA,429,1201,0,1,1,1203,A
3-PA,430,1,0,0,1214,1215,C
3-PA,431,1202,0,2,0,1204,A
3-PA,432,1,0,0,1218,1219,C
3-PA,433,1211,0,0,0,1211,A
3-PA,434,0,1207,0,0,1207,T
3-PA,435,0,1200,0,0,1200,T
3-PA,436,7,0,0,1205,1212,C
3-PA,437,1204,0,0,0,1204,A
3-PA,438,1,2,0,1208,1211,C
3-PA,439,1208,0,0,0,1208,A
3-PA,440,0,1207,0,2,1209,T
3-PA,441,0,1178,0,0,1178,T
3-PA,442,0,1197,0,0,1197,T
3-PA,443,0,1194,0,0,1194,T
3-PA,444,3,0,0,1196,1199,C
3-PA,445,0,1186,1,1,1188,T
3-PA,446,8,0,0,1185,1193,C
3-PA,447,1189,0,0,0,1189,A
3-PA,448,0,1184,0,0,1184,T
3-PA,449,0,1191,0,0,1191,T
3-PA,450,5,0,0,1191,1196,C
3-PA,451,1188,0,0,0,1188,A
3-PA,452,0,0,0,1192,1192,C
3-PA,453,0,1193,1,0,1194,T
3-PA,454,1,1,1194,0,1196,G
3-PA,455,0,5,1185,0,1190,G
3-PA,456,1168,0,2,0,1170,A
3-PA,457,0,1,1205,0,1206,G
3-PA,458,1202,1,0,0,1203,A
3-PA,459,1,1,1211,0,1213,G
3-PA,460,0,4,1215,0,1219,G
3-PA,461,1214,0,0,0,1214,A
3-PA,462,1212,0,0,0,1212,A
3-PA,463,1197,1,0,0,1198,A
3-PA,464,0,1191,0,1,1192,T
3-PA,465,3,2,1188,0,1193,G
3-PA,466,0,1,1192,0,1193,G
3-PA,467,1,3,0,1187,1191,C
3-PA,468,3,3,0,1174,1180,C
3-PA,469,1184,0,0,0,1184,A
3-PA,470,0,1,1,1189,1191,C
3-PA,471,1186,0,0,0,1186,A
3-PA,472,1196,0,0,0,1196,A
3-PA,473,1194,0,1,0,1195,A
3-PA,474,0,4,1195,0,1199,G
3-PA,475,0,1,1198,0,1199,G
3-PA,476,0,1,0,1203,1204,C
3-PA,477,1200,0,1,0,1201,A
3-PA,478,0,4,1216,0,1220,G
3-PA,479,1219,0,1,0,1220,A
3-PA,480,0,0,0,1237,1237,C
3-PA,481,0,1231,0,0,1231,T
3-PA,482,1232,0,0,0,1232,A
3-PA,483,0,0,0,1226,1226,C
3-PA,484,1221,0,0,0,1221,A
3-PA,485,0,0,0,1229,1229,C
3-PA,486,1,1195,0,4,1200,T
3-PA,487,0,0,0,1215,1215,C
3-PA,488,1,1199,1,0,1201,T
3-PA,489,5,1,0,1188,1194,C
3-PA,490,0,8,1189,0,1197,G
3-PA,491,1199,1,0,0,1200,A
3-PA,492,2,1,0,1193,1196,C
3-PA,493,1,0,1200,0,1201,G
3-PA,494,1194,1,0,1,1196,A
3-PA,495,0,3,1197,0,1200,G
3-PA,496,0,4,1192,0,1196,G
3-PA,497,1195,0,2,0,1197,A
3-PA,498,1198,1,1,0,1200,A
3-PA,499,1200,0,2,0,1202,A
3-PA,500,0,0,1205,0,1205,G
3-PA,501,0,1,0,1204,1205,C
3-PA,502,1204,0,0,0,1204,A
3-PA,503,1,4,1219,0,1224,G
3-PA,504,0,2,1223,0,1225,G
3-PA,505,0,1,1225,0,1226,G
3-PA,506,1,0,0,1219,1220,C
3-PA,507,1,1213,0,0,1214,T
3-PA,508,1215,0,0,0,1215,A
3-PA,509,0,2,1234,0,1236,G
3-PA,510,0,4,1283,0,1287,G
3-PA,511,1285,0,1,0,1286,A
3-PA,512,0,1260,0,0,1260,T
3-PA,513,0,1244,0,0,1244,T
3-PA,514,1239,0,1,0,1240,A
3-PA,515,1242,0,2,0,1244,A
3-PA,516,0,7,1239,0,1246,G
3-PA,517,1236,1,3,0,1240,A
3-PA,518,1,1,0,1231,1233,C
3-PA,519,3,0,0,1141,1144,C
3-PA,520,1134,0,1,0,1135,A
3-PA,521,0,0,1165,0,1165,G
3-PA,522,0,0,1170,0,1170,G
3-PA,523,0,0,0,1172,1172,C
3-PA,524,0,1161,0,5,1166,T
3-PA,525,0,1161,0,1,1162,T
3-PA,526,0,1167,0,0,1167,T
3-PA,527,0,1171,0,0,1171,T
3-PA,528,0,1174,0,1,1175,T
3-PA,529,1175,0,0,0,1175,A
3-PA,530,2,1,0,1179,1182,C
3-PA,531,5,0,0,1145,1150,C
3-PA,532,1140,0,0,0,1140,A
3-PA,533,2,1140,0,0,1142,T
3-PA,534,1137,0,0,0,1137,A
3-PA,535,1138,0,0,0,1138,A
3-PA,536,0,5,1139,0,1144,G
3-PA,537,1145,1,0,0,1146,A
3-PA,538,0,1,0,1150,1151,C
3-PA,539,1138,0,0,0,1138,A
3-PA,540,1138,0,2,0,1140,A
3-PA,541,2,0,1145,0,1147,G
3-PA,542,1136,1,4,0,1141,A
3-PA,543,1138,1,1,1,1141,A
3-PA,544,1134,0,1,0,1135,A
3-PA,545,0,1114,0,0,1114,T
3-PA,546,0,1,1123,0,1124,G
3-PA,547,1,1,1118,0,1120,G
3-PA,548,1,1,1,1120,1123,C
3-PA,549,3,0,0,1121,1124,C
3-PA,550,1112,1,0,0,1113,A
3-PA,551,1136,1,1,0,1138,A
3-PA,552,0,1,0,1137,1138,C
3-PA,553,1134,0,1,0,1135,A
3-PA,554,0,0,1139,0,1139,G
3-PA,555,1103,0,3,0,1106,A
3-PA,556,0,2,1123,0,1125,G
3-PA,557,0,1,1126,0,1127,G
3-PA,558,1,1,0,1117,1119,C
3-PA,559,2,0,0,1122,1124,C
3-PA,560,0,1095,0,0,1095,T
3-PA,561,1091,1,0,0,1092,A
3-PA,562,0,1110,0,0,1110,T
3-PA,563,0,2,1104,0,1106,G
3-PA,564,0,1,1114,0,1115,G
3-PA,565,0,3,1070,0,1073,G
3-PA,566,1045,0,2,0,1047,A
3-PA,567,0,1040,0,1,1041,T
3-PA,568,0,1023,0,0,1023,T
3-PA,569,5,1,0,1114,1120,C
3-PA,570,2,0,0,1112,1114,C
3-PA,571,0,1051,1,1,1053,T
3-PA,572,0,1044,0,0,1044,T
3-PA,573,0,1042,0,0,1042,T
3-PA,574,1,2,0,1046,1049,C
3-PA,575,2,0,1052,0,1054,G
3-PA,576,1,1053,0,0,1054,T
3-PA,577,3,0,0,1050,1053,C
3-PA,578,1032,1,0,0,1033,A
3-PA,579,0,0,1144,0,1144,G
3-PA,580,0,1142,0,2,1144,T
3-PA,581,10,2,0,1126,1138,C
3-PA,582,5,0,0,1147,1152,C
3-PA,583,0,3,1154,0,1157,G
3-PA,584,1155,0,0,2,1157,A
3-PA,585,1160,1,0,0,1161,A
3-PA,586,1157,0,1,1,1159,A
3-PA,587,0,0,1167,0,1167,G
3-PA,588,1139,0,2,0,1141,A
3-PA,589,0,3,1153,0,1156,G
3-PA,590,0,0,1159,0,1159,G
3-PA,591,2,0,0,1153,1155,C
3-PA,592,1,3,1154,0,1158,G
3-PA,593,1157,0,0,0,1157,A
3-PA,594,1164,0,1,0,1165,A
3-PA,595,0,2,1176,0,1178,G
3-PA,596,1188,0,0,0,1188,A
3-PA,597,1185,0,0,0,1185,A
3-PA,598,1176,0,3,0,1179,A
3-PA,599,0,0,0,1193,1193,C
3-PA,600,1189,0,0,0,1189,A
3-PA,601,1189,0,0,0,1189,A
3-PA,602,0,1186,0,0,1186,T
3-PA,603,0,1189,0,0,1189,T
3-PA,604,0,3,1185,0,1188,G
3-PA,605,1185,1,0,0,1186,A
3-PA,606,1185,0,1,0,1186,A
3-PA,607,1,6,1176,0,1183,G
3-PA,608,1180,1,0,0,1181,A
3-PA,609,1180,0,0,0,1180,A
3-PA,610,1181,0,0,0,1181,A
3-PA,611,1181,0,2,0,1183,A
3-PA,612,1185,0,0,0,1185,A
3-PA,613,1,1174,0,0,1175,T
3-PA,614,0,1179,0,0,1179,T
3-PA,615,1,1180,0,0,1181,T
3-PA,616,0,8,1173,0,1181,G
3-PA,617,1184,0,0,0,1184,A
3-PA,618,1182,0,0,0,1182,A
3-PA,619,1183,0,0,0,1183,A
3-PA,620,0,1207,0,0,1207,T
3-PA,621,7,0,0,1302,1309,C
3-PA,622,1314,0,1,0,1315,A
3-PA,623,0,0,0,1344,1344,C
3-PA,624,1336,0,3,0,1339,A
3-PA,625,2,2,1365,0,1369,G
3-PA,626,1,5,1392,0,1398,G
3-PA,627,1415,0,2,0,1417,A
3-PA,628,1445,0,0,0,1445,A
3-PA,629,0,0,0,1447,1447,C
3-PA,630,0,1409,0,1,1410,T
3-PA,631,1496,0,0,0,1496,A
3-PA,632,0,1520,0,0,1520,T
3-PA,633,0,0,1569,0,1569,G
3-PA,634,0,0,1,1565,1566,C
3-PA,635,1,0,1548,0,1549,G
3-PA,636,0,1540,0,1,1541,T
3-PA,637,1533,0,1,0,1534,A
3-PA,638,1,5,1539,0,1545,G
3-PA,639,1,3,1542,0,1546,G
3-PA,640,0,0,0,1519,1519,C
3-PA,641,1,1501,0,0,1502,T
3-PA,642,0,1486,0,0,1486,T
3-PA,643,1,0,1489,0,1490,G
3-PA,644,0,0,0,1486,1486,C
3-PA,645,4,0,0,1489,1493,C
3-PA,646,3,8,1496,0,1507,G
3-PA,647,1498,2,1,0,1501,A
3-PA,648,0,0,0,1509,1509,C
3-PA,649,3,0,0,1508,1511,C
3-PA,650,1511,0,0,0,1511,A
3-PA,651,1513,0,2,0,1515,A
3-PA,652,1510,0,2,0,1512,A
3-PA,653,0,1,1541,0,1542,G
3-PA,654,1,1536,0,1,1538,T
3-PA,655,3,0,0,1528,1531,C
3-PA,656,1,1515,0,1,1517,T
3-PA,657,7,1,0,1515,1523,C
3-PA,658,2,3,0,1523,1528,C
3-PA,659,6,1,0,1530,1537,C
3-PA,660,1538,0,2,0,1540,A
3-PA,661,0,1,0,1542,1543,C
3-PA,662,3,1,0,1532,1536,C
3-PA,663,3,6,1539,0,1548,G
3-PA,664,1556,1,0,0,1557,A
3-PA,665,1554,0,0,0,1554,A
3-PA,666,2,0,0,1569,1571,C
3-PA,667,0,1557,0,3,1560,T
3-PA,668,1,1579,0,1,1581,T
3-PA,669,1,0,1,1601,1603,C
3-PA,670,1,1591,0,2,1594,T
3-PA,671,5,3,0,1597,1605,C
3-PA,672,1,1,0,1604,1606,C
3-PA,673,0,1597,0,0,1597,T
3-PA,674,0,3,1605,0,1608,G
3-PA,675,0,0,0,1608,1608,C
3-PA,676,2,1,0,1611,1614,C
3-PA,677,0,1600,0,0,1600,T
3-PA,678,0,1594,0,0,1594,T
3-PA,679,1,8,1585,0,1594,G
3-PA,680,1595,0,0,0,1595,A
3-PA,681,0,3,1600,0,1603,G
3-PA,682,1599,0,1,0,1600,A
3-PA,683,1609,0,0,0,1609,A
3-PA,684,0,1630,0,0,1630,T
3-PA,685,2,1628,0,1,1631,T
3-PA,686,0,1629,0,0,1629,T
3-PA,687,0,1635,1,0,1636,T
3-PA,688,1636,0,1,0,1637,A
3-PA,689,2,4,1634,0,1640,G
3-PA,690,1621,0,0,0,1621,A
3-PA,691,0,1,1676,0,1677,G
3-PA,692,0,0,0,1671,1671,C
3-PA,693,3,0,0,1675,1678,C
3-PA,694,0,1692,0,2,1694,T
3-PA,695,1742,1,2,0,1745,A
3-PA,696,0,1744,0,0,1744,T
3-PA,697,3,2,1754,0,1759,G
3-PA,698,0,1759,0,1,1760,T
3-PA,699,0,12,1751,0,1763,G
3-PA,700,0,6,1735,0,1741,G
3-PA,701,1732,1,1,0,1734,A
3-PA,702,0,1718,0,0,1718,T
3-PA,703,0,4,1687,0,1691,G
3-PA,704,1,6,1720,0,1727,G
3-PA,705,1729,0,0,0,1729,A
3-PA,706,0,1719,0,0,1719,T
3-PA,707,0,1718,0,0,1718,T
3-PA,708,2,0,1,1707,1710,C
3-PA,709,0,7,1710,0,1717,G
3-PA,710,1722,0,1,0,1723,A
3-PA,711,1721,1,1,0,1723,A
3-PA,712,1,0,0,1731,1732,C
3-PA,713,4,0,0,1687,1691,C
3-PA,714,3,10,1686,0,1699,G
3-PA,715,1694,0,0,0,1694,A
3-PA,716,1698,0,0,1,1699,A
3-PA,717,0,1,0,1709,1710,C
3-PA,718,2,2,1700,0,1704,G
3-PA,719,0,1,1738,0,1739,G
3-PA,720,0,1,0,1745,1746,C
3-PA,721,0,1736,0,3,1739,T
3-PA,722,0,0,1797,0,1797,G
3-PA,723,0,1,0,1806,1807,C
3-PA,724,1815,0,0,0,1815,A
3-PA,725,0,1816,0,0,1816,T
3-PA,726,0,1794,1,1,1796,T
3-PA,727,0,8,1792,0,1800,G
3-PA,728,1774,0,0,0,1774,A
3-PA,729,0,5,1790,0,1795,G
3-PA,730,0,7,1788,0,1795,G
3-PA,731,1,0,1777,0,1778,G
3-PA,732,0,0,0,1774,1774,C
3-PA,733,1764,0,1,0,1765,A
3-PA,734,1768,0,2,0,1770,A
3-PA,735,2,0,1772,0,1774,G
3-PA,736,2,1,0,1771,1774,C
3-PA,737,1,1769,0,1,1771,T
3-PA,738,1,1770,0,0,1771,T
3-PA,739,1,1775,0,0,1776,T
3-PA,740,5,1,0,1778,1784,C
3-PA,741,0,1781,0,2,1783,T
3-PA,742,9,0,0,1779,1788,C
3-PA,743,1783,0,2,0,1785,A
3-PA,744,1772,0,0,0,1772,A
3-PA,745,1773,0,0,0,1773,A
3-PA,746,0,1763,0,0,1763,T
3-PA,747,0,0,1810,0,1810,G
3-PA,748,0,1801,0,4,1805,T
3-PA,749,4,0,0,1814,1818,C
3-PA,750,10,2,0,1809,1821,C
3-PA,751,1816,0,0,1,1817,A
3-PA,752,1813,0,0,0,1813,A
3-PA,753,1815,0,1,0,1816,A
3-PA,754,0,2,1831,0,1833,G
3-PA,755,1825,1,1,0,1827,A
3-PA,756,1778,0,1,0,1779,A
3-PA,757,0,0,1792,1,1793,G
3-PA,758,0,1775,0,0,1775,T
3-PA,759,6,9,1761,0,1776,G
3-PA,760,1774,0,0,0,1774,A
3-PA,761,1771,0,1,0,1772,A
3-PA,762,0,1773,0,0,1773,T
3-PA,763,1,2,1772,0,1775,G
3-PA,764,2,1,0,1767,1770,C
3-PA,765,4,2,1,1764,1771,C
3-PA,766,6,0,0,1767,1773,C
3-PA,767,1771,0,0,0,1771,A
3-PA,768,1796,0,0,1,1797,A
3-PA,769,1798,0,0,0,1798,A
3-PA,770,0,1797,0,1,1798,T
3-PA,771,0,1790,1,5,1796,T
3-PA,772,0,11,1782,0,1793,G
3-PA,773,1784,1,1,0,1786,A
3-PA,774,1791,0,0,0,1791,A
3-PA,775,2,0,0,1790,1792,C
3-PA,776,3,0,0,1785,1788,C
3-PA,777,0,1761,0,1,1762,T
3-PA,778,0,1791,0,0,1791,T
3-PA,779,0,1797,0,1,1798,T
3-PA,780,0,1818,0,1,1819,T
3-PA,781,3,0,0,1821,1824,C
3-PA,782,1,1822,0,1,1824,T
3-PA,783,0,3,1823,1,1827,G
3-PA,784,1819,1,0,0,1820,A
3-PA,785,1834,0,1,0,1835,A
3-PA,786,0,5,1835,0,1840,G
3-PA,787,1816,0,1,0,1817,A
3-PA,788,0,0,0,1822,1822,C
3-PA,789,1797,0,1,0,1798,A
3-PA,790,1802,0,3,0,1805,A
3-PA,791,0,0,0,1959,1959,C
3-PA,792,1969,0,1,0,1970,A
3-PA,793,1,0,0,1964,1965,C
3-PA,794,6,1,0,1939,1946,C
3-PA,795,1939,0,1,0,1940,A
3-PA,796,1943,1,3,0,1947,A
3-PA,797,0,9,1942,0,1951,G
3-PA,798,1947,0,2,0,1949,A
3-PA,799,1,0,1,1942,1944,C
3-PA,800,8,1,0,1819,1828,C
3-PA,801,1818,0,3,0,1821,A
3-PA,802,1826,0,0,0,1826,A
3-PA,803,0,1826,0,0,1826,T
3-PA,804,7,0,0,1820,1827,C
3-PA,805,1823,0,0,3,1826,A
3-PA,806,1818,0,1,0,1819,A
3-PA,807,1814,1,0,1,1816,A
3-PA,808,0,0,0,1826,1826,C
3-PA,809,0,1810,0,0,1810,T
3-PA,810,1,1823,0,1,1825,T
3-PA,811,3,0,0,1824,1827,C
3-PA,812,4,1,1,1824,1830,C
3-PA,813,0,4,1833,0,1837,G
3-PA,814,1837,0,1,0,1838,A
3-PA,815,1838,0,1,0,1839,A
3-PA,816,0,1837,0,1,1838,T
3-PA,817,1,5,1816,0,1822,G
3-PA,818,0,5,1823,0,1828,G
3-PA,819,1832,0,4,1,1837,A
3-PA,820,0,2,0,1840,1842,C
3-PA,821,4,0,0,1833,1837,C
3-PA,822,0,1886,0,1,1887,T
3-PA,823,3,0,0,1929,1932,C
3-PA,824,2,0,0,1935,1937,C
3-PA,825,1,1933,0,1,1935,T
3-PA,826,0,1939,1,1,1941,T
3-PA,827,0,1,2029,0,2030,G
3-PA,828,0,2021,0,0,2021,T
3-PA,829,0,2010,0,2,2012,T
3-PA,830,2008,1,0,0,2009,A
3-PA,831,0,1938,0,2,1940,T
3-PA,832,4,1,0,1908,1913,C
3-PA,833,1883,0,0,0,1883,A
3-PA,834,1,2,1879,0,1882,G
3-PA,835,0,4,0,1862,1866,C
3-PA,836,0,4,1821,0,1825,G
3-PA,837,1,1,1869,0,1871,G
3-PA,838,0,1874,0,1,1875,T
3-PA,839,1,0,0,1882,1883,C
3-PA,840,9,0,0,1878,1887,C
3-PA,841,1890,1,0,0,1891,A
3-PA,842,1902,0,0,0,1902,A
3-PA,843,1898,1,2,0,1901,A
3-PA,844,0,1904,0,0,1904,T
3-PA,845,0,1896,0,1,1897,T
3-PA,846,11,1,0,1879,1891,C
3-PA,847,1,1,0,1878,1880,C
3-PA,848,0,1873,0,2,1875,T
3-PA,849,6,1,0,1878,1885,C
3-PA,850,2,0,0,1885,1887,C
3-PA,851,0,1881,0,3,1884,T
3-PA,852,3,3,1888,0,1894,G
3-PA,853,1885,0,2,0,1887,A
3-PA,854,0,1887,0,1,1888,T
3-PA,855,0,7,1862,0,1869,G
3-PA,856,2,5,1837,0,1844,G
3-PA,857,1831,1,4,0,1836,A
3-PA,858,3,1813,0,2,1818,T
3-PA,859,2,0,1822,1,1825,G
3-PA,860,2,0,0,1894,1896,C
3-PA,861,0,1877,0,3,1880,T
3-PA,862,0,1888,0,0,1888,T
3-PA,863,0,1890,0,0,1890,T
3-PA,864,1889,0,1,1,1891,A
3-PA,865,1898,0,1,0,1899,A
3-PA,866,1896,0,1,1,1898,A
3-PA,867,1902,2,1,0,1905,A
3-PA,868,0,1900,0,0,1900,T
3-PA,869,0,1743,0,0,1743,T
3-PA,870,0,16,1722,0,1738,G
3-PA,871,1736,0,2,0,1738,A
3-PA,872,0,0,1765,0,1765,G
3-PA,873,4,0,0,1760,1764,C
3-PA,874,1759,0,0,0,1759,A
3-PA,875,0,1781,0,0,1781,T
3-PA,876,2,1783,0,2,1787,T
3-PA,877,2,6,1776,0,1784,G
3-PA,878,1791,0,0,0,1791,A
3-PA,879,1774,0,7,0,1781,A
3-PA,880,0,4,1779,0,1783,G
3-PA,881,1748,1,3,0,1752,A
3-PA,882,0,1,0,1756,1757,C
3-PA,883,3,0,0,1735,1738,C
3-PA,884,8,0,0,1703,1711,C
3-PA,885,1696,0,3,0,1699,A
3-PA,886,1707,0,1,0,1708,A
3-PA,887,1,0,1707,0,1708,G
3-PA,888,0,1723,2,1,1726,T
3-PA,889,10,1,0,1711,1722,C
3-PA,890,1720,0,3,0,1723,A
3-PA,891,1,2,0,1721,1724,C
3-PA,892,2,2,1711,0,1715,G
3-PA,893,1753,0,0,0,1753,A
3-PA,894,1746,0,2,1,1749,A
3-PA,895,1,0,1798,0,1799,G
3-PA,896,0,6,1791,0,1797,G
3-PA,897,1787,0,1,1,1789,A
3-PA,898,0,2,1789,0,1791,G
3-PA,899,1789,1,3,0,1793,A
3-PA,900,1784,0,2,0,1786,A
3-PA,901,0,3,1786,0,1789,G
3-PA,902,1,1,1779,0,1781,G
3-PA,903,1,3,1786,0,1790,G
3-PA,904,1756,0,2,0,1758,A
3-PA,905,1,1752,0,1,1754,T
3-PA,906,4,1,0,1763,1768,C
3-PA,907,3,0,0,1881,1884,C
3-PA,908,4,1,1,1891,1897,C
3-PA,909,1918,0,0,0,1918,A
3-PA,910,0,1915,0,1,1916,T
3-PA,911,1,1923,0,0,1924,T
3-PA,912,1966,0,0,0,1966,A
3-PA,913,0,1962,0,2,1964,T
3-PA,914,1964,0,0,0,1964,A
3-PA,915,0,1959,0,0,1959,T
3-PA,916,3,14,1788,0,1805,G
3-PA,917,1798,0,2,1,1801,A
3-PA,918,0,1789,0,0,1789,T
3-PA,919,1,1,1792,0,1794,G
3-PA,920,2,2,0,1780,1784,C
3-PA,921,0,9,1766,0,1775,G
3-PA,922,1788,1,0,0,1789,A
3-PA,923,0,1784,0,1,1785,T
3-PA,924,11,1,0,1776,1788,C
3-PA,925,1780,0,0,0,1780,A
3-PA,926,1775,1,2,1,1779,A
3-PA,927,0,0,1800,0,1800,G
3-PA,928,0,1785,0,0,1785,T
3-PA,929,0,1,1802,0,1803,G
3-PA,930,0,1,0,1817,1818,C
3-PA,931,1803,0,4,0,1807,A
3-PA,932,1,1810,2,0,1813,T
3-PA,933,1809,0,0,0,1809,A
3-PA,934,1824,0,0,1,1825,A
3-PA,935,1824,0,0,0,1824,A
3-PA,936,1808,0,2,0,1810,A
3-PA,937,1814,0,2,0,1816,A
3-PA,938,0,0,0,1812,1812,C
3-PA,939,1800,0,0,0,1800,A
3-PA,940,0,1800,1,1,1802,T
3-PA,941,1,1798,1,0,1800,T
3-PA,942,6,0,0,1800,1806,C
3-PA,943,1,1779,0,2,1782,T
3-PA,944,0,1784,1,2,1787,T
3-PA,945,0,1787,0,1,1788,T
3-PA,946,1,7,1781,0,1789,G
3-PA,947,0,2,1789,0,1791,G
3-PA,948,1785,1,4,0,1790,A
3-PA,949,0,1790,0,0,1790,T
3-PA,950,1,7,1798,0,1806,G
3-PA,951,0,6,1837,0,1843,G
3-PA,952,1848,0,0,1,1849,A
3-PA,953,1841,0,2,0,1843,A
3-PA,954,1843,0,5,0,1848,A
3-PA,955,0,6,1859,0,1865,G
3-PA,956,1862,0,0,0,1862,A
3-PA,957,2022,0,3,0,2025,A
3-PA,958,1,0,0,2047,2048,C
3-PA,959,7,0,0,2043,2050,C
3-PA,960,0,2025,0,0,2025,T
3-PA,961,0,2065,0,1,2066,T
3-PA,962,2079,0,0,0,2079,A
3-PA,963,0,2075,0,0,2075,T
3-PA,964,2063,0,2,0,2065,A
3-PA,965,1,2084,0,1,2086,T
3-PA,966,1932,0,1,0,1933,A
3-PA,967,2,0,1952,0,1954,G
3-PA,968,0,1932,0,3,1935,T
3-PA,969,11,1,1,1912,1925,C
3-PA,970,1902,1,1,0,1904,A
3-PA,971,1905,0,2,0,1907,A
3-PA,972,1910,0,2,0,1912,A
3-PA,973,0,2,0,1919,1921,C
3-PA,974,5,0,0,1894,1899,C
3-PA,975,1878,1,1,0,1880,A
3-PA,976,2,1,0,1877,1880,C
3-PA,977,1883,0,1,0,1884,A
3-PA,978,1,3,0,1892,1896,C
3-PA,979,1,11,1883,0,1895,G
3-PA,980,1887,0,1,0,1888,A
3-PA,981,1895,1,0,0,1896,A
3-PA,982,1886,0,1,0,1887,A
3-PA,983,1884,1,1,0,1886,A
3-PA,984,0,6,1884,0,1890,G
3-PA,985,0,7,1866,0,1873,G
3-PA,986,0,6,1876,0,1882,G
3-PA,987,1879,0,0,0,1879,A
3-PA,988,1882,0,2,0,1884,A
3-PA,989,0,1882,0,0,1882,T
3-PA,990,1882,0,0,0,1882,A
3-PA,991,1879,1,2,0,1882,A
3-PA,992,1891,0,0,0,1891,A
3-PA,993,0,1885,0,0,1885,T
3-PA,994,0,1877,0,0,1877,T
3-PA,995,8,1,0,1886,1895,C
3-PA,996,1894,0,1,0,1895,A
3-PA,997,1898,0,0,0,1898,A
3-PA,998,1901,0,0,0,1901,A
3-PA,999,0,1891,0,1,1892,T
3-PA,1000,0,1906,0,0,1906,T
3-PA,1001,1916,1,0,0,1917,A
3-PA,1002,0,0,0,1911,1911,C
3-PA,1003,2,0,0,1913,1915,C
3-PA,1004,0,1885,0,2,1887,T
3-PA,1005,0,1,1904,0,1905,G
3-PA,1006,0,0,0,1909,1909,C
3-PA,1007,0,1912,0,2,1914,T
3-PA,1008,6,0,1942,1,1949,G
3-PA,1009,0,1943,0,1,1944,T
3-PA,1010,8,0,0,1939,1947,C
3-PA,1011,1948,0,0,0,1948,A
3-PA,1012,0,1945,0,0,1945,T
3-PA,1013,1,6,1929,0,1936,G
3-PA,1014,0,5,1943,0,1948,G
3-PA,1015,1947,0,0,0,1947,A
3-PA,1016,1998,0,3,0,2001,A
3-PA,1017,0,1,1985,1,1987,G
3-PA,1018,0,0,0,1995,1995,C
3-PA,1019,1993,0,2,0,1995,A
3-PA,1020,1994,1,3,0,1998,A
3-PA,1021,1,1,2006,0,2008,G
3-PA,1022,0,2011,0,0,2011,T
3-PA,1023,2004,0,2,0,2006,A
3-PA,1024,3,0,0,2013,2016,C
3-PA,1025,0,1981,0,0,1981,T
3-PA,1026,0,0,1995,0,1995,G
3-PA,1027,0,1985,0,1,1986,T
3-PA,1028,6,1,0,1982,1989,C
3-PA,1029,1981,0,2,0,1983,A
3-PA,1030,1,5,2007,0,2013,G
3-PA,1031,2005,0,1,0,2006,A
3-PA,1032,2005,0,1,0,2006,A
3-PA,1033,0,2025,0,0,2025,T
3-PA,1034,0,2010,0,1,2011,T
3-PA,1035,0,1,2004,0,2005,G
3-PA,1036,1,0,0,2001,2002,C
3-PA,1037,1995,1,4,0,2000,A
3-PA,1038,0,3,2000,0,2003,G
3-PA,1039,1,5,1978,0,1984,G
3-PA,1040,1977,0,1,1,1979,A
3-PA,1041,0,2,0,1972,1974,C
3-PA,1042,3,0,1946,0,1949,G
3-PA,1043,0,1986,0,2,1988,T
3-PA,1044,0,1995,0,0,1995,T
3-PA,1045,1,7,1993,0,2001,G
3-PA,1046,2008,0,2,0,2010,A
3-PA,1047,2009,0,0,0,2009,A
3-PA,1048,2010,0,0,0,2010,A
3-PA,1049,2020,0,1,0,2021,A
3-PA,1050,0,2002,0,2,2004,T
3-PA,1051,0,7,2009,0,2016,G
3-PA,1052,2000,1,5,0,2006,A
3-PA,1053,0,6,2008,0,2014,G
3-PA,1054,1,5,2018,0,2024,G
3-PA,1055,2024,0,0,0,2024,A
3-PA,1056,1,2,2022,0,2025,G
3-PA,1057,2030,0,6,0,2036,A
3-PA,1058,2029,2,1,1,2033,A
3-PA,1059,1,3,2024,0,2028,G
3-PA,1060,3,3,2002,0,2008,G
3-PA,1061,0,2087,0,1,2088,T
3-PA,1062,1,2096,0,2,2099,T
3-PA,1063,9,0,1,2080,2090,C
3-PA,1064,2,0,0,2093,2095,C
3-PA,1065,2094,1,2,0,2097,A
3-PA,1066,2093,1,0,0,2094,A
3-PA,1067,1,7,2092,0,2100,G
3-PA,1068,2,9,2116,0,2127,G
3-PA,1069,2091,0,3,0,2094,A
3-PA,1070,0,1,0,2097,2098,C
3-PA,1071,0,2097,0,2,2099,T
3-PA,1072,2103,0,1,1,2105,A
3-PA,1073,2103,0,4,0,2107,A
3-PA,1074,2100,0,2,0,2102,A
3-PA,1075,2104,0,2,0,2106,A
3-PA,1076,2098,0,0,0,2098,A
3-PA,1077,2,0,0,2095,2097,C
3-PA,1078,2082,0,1,0,2083,A
3-PA,1079,1,2070,0,1,2072,T
3-PA,1080,0,7,2089,1,2097,G
3-PA,1081,2098,1,1,0,2100,A
3-PA,1082,2097,2,0,0,2099,A
3-PA,1083,1,2,2110,0,2113,G
3-PA,1084,2111,0,0,0,2111,A
3-PA,1085,2110,0,1,0,2111,A
3-PA,1086,2102,0,0,0,2102,A
3-PA,1087,2100,0,1,0,2101,A
3-PA,1088,0,2,0,2110,2112,C
3-PA,1089,1,8,2099,0,2108,G
3-PA,1090,2118,0,2,0,2120,A
3-PA,1091,0,0,2119,0,2119,G
3-PA,1092,2,2103,0,1,2106,T
3-PA,1093,18,0,0,2126,2144,C
3-PA,1094,2148,0,0,0,2148,A
3-PA,1095,2179,0,1,0,2180,A
3-PA,1096,1,1,0,2178,2180,C
3-PA,1097,0,2169,1,3,2173,T
3-PA,1098,1,5,2206,0,2212,G
3-PA,1099,2202,0,0,0,2202,A
3-PA,1100,2201,0,7,1,2209,A
3-PA,1101,1,0,2211,0,2212,G
3-PA,1102,0,2174,0,2,2176,T
3-PA,1103,0,7,2175,0,2182,G
3-PA,1104,0,5,2171,0,2176,G
3-PA,1105,0,0,2182,0,2182,G
3-PA,1106,1,0,0,2176,2177,C
3-PA,1107,0,2169,0,2,2171,T
3-PA,1108,4,1,0,2180,2185,C
3-PA,1109,0,2187,1,0,2188,T
3-PA,1110,1,2191,0,1,2193,T
3-PA,1111,1,3,2247,0,2251,G
3-PA,1112,0,0,2260,0,2260,G
3-PA,1113,0,2257,0,1,2258,T
3-PA,1114,1,14,2236,0,2251,G
3-PA,1115,2242,1,1,0,2244,A
3-PA,1116,2283,1,1,0,2285,A
3-PA,1117,2283,0,0,0,2283,A
3-PA,1118,2312,0,2,0,2314,A
3-PA,1119,0,0,0,2344,2344,C
3-PA,1120,2316,1,2,0,2319,A
3-PA,1121,0,2317,0,2,2319,T
3-PA,1122,0,10,2306,1,2317,G
3-PA,1123,1,1,2389,0,2391,G
3-PA,1124,3,2,0,2392,2397,C
3-PA,1125,2407,1,2,3,2413,A
3-PA,1126,0,0,0,2433,2433,C
3-PA,1127,6,1,0,2436,2443,C
3-PA,1128,2502,0,1,0,2503,A
3-PA,1129,0,5,2534,0,2539,G
3-PA,1130,2537,1,1,1,2540,A
3-PA,1131,1,1,2567,0,2569,G
3-PA,1132,2579,0,2,0,2581,A
3-PA,1133,2604,0,2,0,2606,A
3-PA,1134,3,7,2615,0,2625,G
3-PA,1135,0,0,2622,0,2622,G
3-PA,1136,0,2614,0,3,2617,T
3-PA,1137,2593,0,2,0,2595,A
3-PA,1138,0,11,2586,0,2597,G
3-PA,1139,2608,1,0,0,2609,A
3-PA,1140,1,2,0,2630,2633,C
3-PA,1141,1,2614,0,3,2618,T
3-PA,1142,2,2606,0,2,2610,T
3-PA,1143,0,2611,0,0,2611,T
3-PA,1144,0,14,2604,0,2618,G
3-PA,1145,2608,1,6,0,2615,A
3-PA,1146,2625,1,0,0,2626,A
3-PA,1147,2620,0,1,2,2623,A
3-PA,1148,2618,0,0,0,2618,A
3-PA,1149,0,0,0,2675,2675,C
3-PA,1150,0,2661,1,1,2663,T
3-PA,1151,2,1,2705,0,2708,G
3-PA,1152,1,0,0,2701,2702,C
3-PA,1153,2702,0,3,0,2705,A
3-PA,1154,2,7,2700,0,2709,G
3-PA,1155,2696,0,1,0,2697,A
3-PA,1156,0,4,2854,1,2859,G
3-PA,1157,2864,0,0,0,2864,A
3-PA,1158,1,1,0,2862,2864,C
3-PA,1159,2864,0,3,0,2867,A
3-PA,1160,1,2862,1,0,2864,T
3-PA,1161,2863,1,0,0,2864,A
3-PA,1162,2857,0,2,1,2860,A
3-PA,1163,1,0,2864,0,2865,G
3-PA,1164,2,1,0,2853,2856,C
3-PA,1165,1,16,2792,0,2809,G
3-PA,1166,2892,1,0,0,2893,A
3-PA,1167,0,2873,0,0,2873,T
3-PA,1168,2,2873,0,1,2876,T
3-PA,1169,0,2883,0,1,2884,T
3-PA,1170,2,4,2887,0,2893,G
3-PA,1171,2890,0,4,0,2894,A
3-PA,1172,2889,1,4,0,2894,A
3-PA,1173,1,2,2912,0,2915,G
3-PA,1174,2,1,0,2977,2980,C
3-PA,1175,2963,0,1,1,2965,A
3-PA,1176,3224,0,0,0,3224,A
3-PA,1177,0,3219,0,0,3219,T
3-PA,1178,3233,0,0,0,3233,A
3-PA,1179,1,3247,0,2,3250,T
3-PA,1180,3,9,3250,1,3263,G
3-PA,1181,3302,0,3,0,3305,A
3-PA,1182,0,3300,0,0,3300,T
3-PA,1183,3235,0,0,0,3235,A
3-PA,1184,0,4,3252,1,3257,G
3-PA,1185,1,3152,0,2,3155,T
3-PA,1186,1,18,3142,0,3161,G
3-PA,1187,3151,0,1,0,3152,A
3-PA,1188,2,3,1,3131,3137,C
3-PA,1189,0,29,3090,0,3119,G
3-PA,1190,3142,1,0,0,3143,A
3-PA,1191,3142,1,5,0,3148,A
3-PA,1192,0,1,1,3188,3190,C
3-PA,1193,6,2,1,3176,3185,C
3-PA,1194,0,3185,1,1,3187,T
3-PA,1195,3,19,3274,0,3296,G
3-PA,1196,3289,0,1,1,3291,A
3-PA,1197,3306,0,0,1,3307,A
3-PA,1198,0,3298,0,1,3299,T
3-PA,1199,0,3283,0,1,3284,T
3-PA,1200,3284,1,1,1,3287,A
3-PA,1201,3251,0,1,1,3253,A
3-PA,1202,0,7,3260,0,3267,G
3-PA,1203,1,2,3262,1,3266,G
3-PA,1204,1,3224,0,3,3228,T
3-PA,1205,24,0,0,3199,3223,C
3-PA,1206,3229,0,0,2,3231,A
3-PA,1207,0,2,0,3366,3368,C
3-PA,1208,1,3360,0,4,3365,T
3-PA,1209,2,3372,1,0,3375,T
3-PA,1210,1,3369,0,3,3373,T
3-PA,1211,5,1,0,3361,3367,C
3-PA,1212,3367,0,4,0,3371,A
3-PA,1213,3370,1,3,0,3374,A
3-PA,1214,1,0,3398,0,3399,G
3-PA,1215,1,0,0,3406,3407,C
3-PA,1216,0,3357,0,0,3357,T
3-PA,1217,2,7,3446,0,3455,G
3-PA,1218,0,8,3452,1,3461,G
3-PA,1219,3496,1,3,3,3503,A
3-PA,1220,0,3528,0,1,3529,T
3-PA,1221,3528,0,1,0,3529,A
3-PA,1222,1,2,0,3553,3556,C
3-PA,1223,3516,0,1,0,3517,A
3-PA,1224,0,11,3550,0,3561,G
3-PA,1225,3551,0,1,0,3552,A
3-PA,1226,3503,1,2,0,3506,A
3-PA,1227,0,3478,0,1,3479,T
3-PA,1228,0,20,3491,0,3511,G
3-PA,1229,3491,0,2,0,3493,A
3-PA,1230,2,1,3532,0,3535,G
3-PA,1231,0,3513,1,3,3517,T
3-PA,1232,0,3507,1,3,3511,T
3-PA,1233,27,1,0,3532,3560,C
3-PA,1234,3581,1,3,1,3586,A
3-PA,1235,3584,0,2,3,3589,A
3-PA,1236,1,2,0,3590,3593,C
3-PA,1237,3563,0,3,0,3566,A
3-PA,1238,3571,1,0,0,3572,A
3-PA,1239,2,4,3566,0,3572,G
3-PA,1240,1,2,3596,0,3599,G
3-PA,1241,0,1,1,3616,3618,C
3-PA,1242,3,2,0,3596,3601,C
3-PA,1243,0,3582,1,1,3584,T
3-PA,1244,0,0,3605,0,3605,G
3-PA,1245,0,3605,0,2,3607,T
3-PA,1246,6,15,3623,1,3645,G
3-PA,1247,3651,0,3,1,3655,A
3-PA,1248,0,0,3646,0,3646,G
3-PA,1249,0,2,0,3626,3628,C
3-PA,1250,0,3607,0,1,3608,T
3-PA,1251,3658,0,2,0,3660,A
3-PA,1252,3662,0,3,0,3665,A
3-PA,1253,0,0,0,3680,3680,C
3-PA,1254,1,3658,0,1,3660,T
3-PA,1255,2,19,3638,1,3660,G
3-PA,1256,3639,1,1,1,3642,A
3-PA,1257,1,3643,0,1,3645,T
3-PA,1258,0,3643,0,3,3646,T
3-PA,1259,12,1,0,3641,3654,C
3-PA,1260,3749,0,2,1,3752,A
3-PA,1261,2,2,3844,0,3848,G
3-PA,1262,0,3836,0,1,3837,T
3-PA,1263,13,0,0,3829,3842,C
3-PA,1264,0,3812,0,4,3816,T
3-PA,1265,0,12,3949,0,3961,G
3-PA,1266,0,9,3951,0,3960,G
3-PA,1267,3966,0,3,0,3969,A
3-PA,1268,1,3969,0,1,3971,T
3-PA,1269,3809,0,1,0,3810,A
3-PA,1270,0,9,3798,0,3807,G
3-PA,1271,3752,0,2,0,3754,A
3-PA,1272,3,2,3774,0,3779,G
3-PA,1273,3,1,0,3763,3767,C
3-PA,1274,0,3721,0,5,3726,T
3-PA,1275,7,3,0,3725,3735,C
3-PA,1276,1,7,3734,0,3742,G
3-PA,1277,3744,0,1,1,3746,A
3-PA,1278,0,3752,0,0,3752,T
3-PA,1279,1,12,3733,0,3746,G
3-PA,1280,3787,1,1,1,3790,A
3-PA,1281,3782,0,1,1,3784,A
3-PA,1282,3805,0,1,1,3807,A
3-PA,1283,0,3804,0,0,3804,T
3-PA,1284,0,3792,0,2,3794,T
3-PA,1285,1,5,3829,0,3835,G
3-PA,1286,4,9,3820,0,3833,G
3-PA,1287,3825,1,4,0,3830,A
3-PA,1288,0,9,3822,0,3831,G
3-PA,1289,3794,0,2,1,3797,A
3-PA,1290,1,6,3827,1,3835,G
3-PA,1291,1,9,3858,0,3868,G
3-PA,1292,3891,1,4,0,3896,A
3-PA,1293,1,4,0,3900,3905,C
3-PA,1294,0,1,3876,0,3877,G
3-PA,1295,1,3874,0,2,3877,T
3-PA,1296,3889,0,2,0,3891,A
3-PA,1297,2,1,3915,0,3918,G
3-PA,1298,4,4,1,3940,3949,C
3-PA,1299,6,6,1,3896,3909,C
3-PA,1300,7,1,1,3884,3893,C
3-PA,1301,13,2,0,3891,3906,C
3-PA,1302,3917,0,0,0,3917,A
3-PA,1303,4019,0,1,0,4020,A
3-PA,1304,0,4012,0,0,4012,T
3-PA,1305,0,3984,0,1,3985,T
3-PA,1306,1,22,3952,1,3976,G
3-PA,1307,3928,2,5,0,3935,A
3-PA,1308,1,3,3943,0,3947,G
3-PA,1309,2,1,2,3941,3946,C
3-PA,1310,3936,1,0,0,3937,A
3-PA,1311,1,1,0,4017,4019,C
3-PA,1312,3930,1,1,0,3932,A
3-PA,1313,1,4021,0,2,4024,T
3-PA,1314,0,4024,0,3,4027,T
3-PA,1315,2,2,4024,0,4028,G
3-PA,1316,0,0,0,4024,4024,C
3-PA,1317,4016,0,3,0,4019,A
3-PA,1318,4010,0,5,0,4015,A
3-PA,1319,0,2,4021,0,4023,G
3-PA,1320,0,2,0,3987,3989,C
3-PA,1321,3986,0,2,0,3988,A
3-PA,1322,0,3889,0,1,3890,T
3-PA,1323,1,16,3878,1,3896,G
3-PA,1324,3876,1,5,0,3882,A
3-PA,1325,2,6,3894,0,3902,G
3-PA,1326,3892,0,3,0,3895,A
3-PA,1327,3891,0,1,0,3892,A
3-PA,1328,17,9,3865,0,3891,G
3-PA,1329,0,18,3881,0,3899,G
3-PA,1330,3895,0,3,0,3898,A
3-PA,1331,3896,0,0,0,3896,A
3-PA,1332,0,3900,0,3,3903,T
3-PA,1333,0,3894,1,1,3896,T
3-PA,1334,3924,0,1,0,3925,A
3-PA,1335,1,3931,0,0,3932,T
3-PA,1336,1,3927,0,0,3928,T
3-PA,1337,0,3935,0,2,3937,T
3-PA,1338,16,0,0,3899,3915,C
3-PA,1339,3898,1,5,1,3905,A
3-PA,1340,1,0,1,3972,3974,C
3-PA,1341,3943,1,2,0,3946,A
3-PA,1342,1,1,3993,0,3995,G
3-PA,1343,6,0,0,3984,3990,C
3-PA,1344,3962,1,0,0,3963,A
3-PA,1345,0,5,3973,1,3979,G
3-PA,1346,3972,1,4,0,3977,A
3-PA,1347,1,4,3998,0,4003,G
3-PA,1348,0,3,4002,0,4005,G
3-PA,1349,1,3930,1,3,3935,T
3-PA,1350,2,2,3987,0,3991,G
3-PA,1351,0,3986,0,3,3989,T
3-PA,1352,17,0,1,3959,3977,C
3-PA,1353,9,0,1,3999,4009,C
3-PA,1354,17,0,0,3977,3994,C
3-PA,1355,4040,1,0,0,4041,A
3-PA,1356,1,4103,1,2,4107,T
3-PA,1357,1,4077,0,1,4079,T
3-PA,1358,1,0,4105,0,4106,G
3-PA,1359,2,4046,0,5,4053,T
3-PA,1360,4025,0,2,0,4027,A
3-PA,1361,1,7,4016,0,4024,G
3-PA,1362,3948,0,1,0,3949,A
3-PA,1363,4,1,3962,0,3967,G
3-PA,1364,4,2,0,3919,3925,C
3-PA,1365,10,0,0,3874,3884,C
3-PA,1366,3924,1,2,0,3927,A
3-PA,1367,0,0,0,3939,3939,C
3-PA,1368,0,3912,1,1,3914,T
3-PA,1369,2,8,3904,0,3914,G
3-PA,1370,3901,2,2,0,3905,A
3-PA,1371,3845,0,2,0,3847,A
3-PA,1372,1,3933,0,2,3936,T
3-PA,1373,3967,0,3,0,3970,A
3-PA,1374,1,1,0,4007,4009,C
3-PA,1375,3942,0,0,0,3942,A
3-PA,1376,0,3961,0,3,3964,T
3-PA,1377,3952,0,0,0,3952,A
3-PA,1378,3962,1,0,0,3963,A
3-PA,1379,0,3959,0,0,3959,T
3-PA,1380,2,14,3899,4,3919,G
3-PA,1381,3893,0,1,0,3894,A
3-PA,1382,3835,0,4,0,3839,A
3-PA,1383,2,9,3818,0,3829,G
3-PA,1384,1,8,3809,0,3818,G
3-PA,1385,1,8,3855,1,3865,G
3-PA,1386,2,9,3859,0,3870,G
3-PA,1387,1,5,3913,0,3919,G
3-PA,1388,1,3854,0,3,3858,T
3-PA,1389,3885,1,1,0,3887,A
3-PA,1390,0,3916,0,1,3917,T
3-PA,1391,3976,1,0,0,3977,A
3-PA,1392,2,0,0,4329,4331,C
3-PA,1393,4213,0,0,0,4213,A
3-PA,1394,0,4132,0,1,4133,T
3-PA,1395,0,4099,0,0,4099,T
3-PA,1396,4059,1,2,2,4064,A
3-PA,1397,4158,0,3,0,4161,A
3-PA,1398,2,0,0,4155,4157,C
3-PA,1399,4100,0,2,0,4102,A
3-PA,1400,1,1,0,4106,4108,C
3-PA,1401,1,3776,0,0,3777,T
3-PA,1402,1,3,3920,0,3924,G
3-PA,1403,2,2,0,3903,3907,C
3-PA,1404,10,10,0,3879,3899,C
3-PA,1405,4,0,0,3924,3928,C
3-PA,1406,1,3847,1,1,3850,T
3-PA,1407,4,4,3949,0,3957,G
3-PA,1408,1,1,0,3951,3953,C
3-PA,1409,0,3950,0,4,3954,T
3-PA,1410,18,1,1,4027,4047,C
3-PA,1411,3947,3,2,0,3952,A
3-PA,1412,3993,0,1,1,3995,A
3-PA,1413,0,3992,0,1,3993,T
3-PA,1414,0,0,3993,0,3993,G
3-PA,1415,1,1,0,3989,3991,C
3-PA,1416,3925,0,4,0,3929,A
3-PA,1417,1,3918,1,3,3923,T
3-PA,1418,6,0,0,3913,3919,C
3-PA,1419,6,1,0,3948,3955,C
3-PA,1420,0,3843,0,4,3847,T
3-PA,1421,1,1,3923,0,3925,G
3-PA,1422,0,3916,0,2,3918,T
3-PA,1423,2,1,3909,0,3912,G
3-PA,1424,5,1,0,3913,3919,C
3-PA,1425,3869,1,3,1,3874,A
3-PA,1426,1,0,3901,0,3902,G
3-PA,1427,6,2,0,3894,3902,C
3-PA,1428,3852,1,1,0,3854,A
3-PA,1429,3859,0,0,0,3859,A
3-PA,1430,1,3767,0,1,3769,T
3-PA,1431,1,4,3760,0,3765,G
3-PA,1432,1,8,3752,0,3761,G
3-PA,1433,3760,0,6,0,3766,A
3-PA,1434,0,3,0,3753,3756,C
3-PA,1435,0,20,3722,0,3742,G
3-PA,1436,3792,0,0,0,3792,A
3-PA,1437,2,3779,0,1,3782,T
3-PA,1438,0,3783,0,0,3783,T
3-PA,1439,0,3773,1,1,3775,T
3-PA,1440,0,3776,0,2,3778,T
3-PA,1441,17,0,0,3768,3785,C
3-PA,1442,3782,0,1,0,3783,A
3-PA,1443,3803,0,2,0,3805,A
3-PA,1444,1,0,0,3798,3799,C
3-PA,1445,1,3753,0,1,3755,T
3-PA,1446,3755,0,0,0,3755,A
3-PA,1447,3754,0,0,1,3755,A
3-PA,1448,0,3763,0,1,3764,T
3-PA,1449,1,3756,0,1,3758,T
3-PA,1450,20,1,0,3745,3766,C
3-PA,1451,1,3,0,3764,3768,C
3-PA,1452,2,3,0,3765,3770,C
3-PA,1453,3767,0,1,0,3768,A
3-PA,1454,1,3815,0,4,3820,T
3-PA,1455,0,15,3817,0,3832,G
3-PA,1456,3838,1,1,0,3840,A
3-PA,1457,1,3825,1,0,3827,T
3-PA,1458,3823,0,2,0,3825,A
3-PA,1459,3828,0,1,0,3829,A
3-PA,1460,4,1,3827,0,3832,G
3-PA,1461,1,1,0,3822,3824,C
3-PA,1462,3806,0,1,1,3808,A
3-PA,1463,3735,0,3,1,3739,A
3-PA,1464,0,2,3834,0,3836,G
3-PA,1465,1,3812,1,2,3816,T
3-PA,1466,2,0,3810,1,3813,G
3-PA,1467,2,2,0,3805,3809,C
3-PA,1468,3779,2,7,0,3788,A
3-PA,1469,1,10,3836,0,3847,G
3-PA,1470,3844,0,5,0,3849,A
3-PA,1471,3903,0,1,0,3904,A
3-PA,1472,1,3,0,3904,3908,C
3-PA,1473,1,3846,0,2,3849,T
3-PA,1474,3880,0,2,0,3882,A
3-PA,1475,3874,0,1,1,3876,A
3-PA,1476,3874,1,6,0,3881,A
3-PA,1477,13,5,3879,0,3897,G
3-PA,1478,3774,2,4,0,3780,A
3-PA,1479,1,8,3787,0,3796,G
3-PA,1480,1,4,3712,0,3717,G
3-PA,1481,2,5,3705,0,3712,G
3-PA,1482,3674,0,3,0,3677,A
3-PA,1483,3634,0,2,0,3636,A
3-PA,1484,3,7,3630,0,3640,G
3-PA,1485,1,1,3635,0,3637,G
3-PA,1486,0,1,0,3636,3637,C
3-PA,1487,3,9,3632,0,3644,G
3-PA,1488,3634,0,0,0,3634,A
3-PA,1489,3635,0,0,1,3636,A
3-PA,1490,3626,0,0,0,3626,A
3-PA,1491,3646,0,0,0,3646,A
3-PA,1492,3641,1,4,3,3649,A
3-PA,1493,2,1,0,3641,3644,C
3-PA,1494,17,1,0,3611,3629,C
3-PA,1495,3645,0,1,0,3646,A
3-PA,1496,3680,0,2,0,3682,A
3-PA,1497,1,3669,0,0,3670,T
3-PA,1498,1,3669,1,1,3672,T
3-PA,1499,0,3690,0,1,3691,T
3-PA,1500,3707,0,0,1,3708,A
3-PA,1501,1,3705,0,1,3707,T
3-PA,1502,3702,1,1,0,3704,A
3-PA,1503,1,3702,0,1,3704,T
3-PA,1504,1,4,3679,0,3684,G
3-PA,1505,2,18,3641,0,3661,G
3-PA,1506,3657,0,1,2,3660,A
3-PA,1507,1,3644,0,3,3648,T
3-PA,1508,1,3626,0,1,3628,T
3-PA,1509,31,0,0,3604,3635,C
3-PA,1510,3659,1,0,0,3660,A
3-PA,1511,1,3693,0,3,3697,T
3-PA,1512,11,2,0,3686,3699,C
3-PA,1513,3697,0,4,5,3706,A
3-PA,1514,1,3684,0,1,3686,T
3-PA,1515,3674,0,1,0,3675,A
3-PA,1516,3670,2,0,0,3672,A
3-PA,1517,3664,0,8,0,3672,A
3-PA,1518,1,8,3661,0,3670,G
3-PA,1519,1,9,3609,0,3619,G
3-PA,1520,0,3,3600,1,3604,G
3-PA,1521,3580,0,2,1,3583,A
3-PA,1522,3546,1,3,1,3551,A
3-PA,1523,2,5,3553,1,3561,G
3-PA,1524,3544,0,3,0,3547,A
3-PA,1525,1,3534,0,0,3535,T
3-PA,1526,17,0,0,3506,3523,C
3-PA,1527,0,3483,0,1,3484,T
3-PA,1528,21,2,0,3544,3567,C
3-PA,1529,3564,1,2,0,3567,A
3-PA,1530,3,3558,0,0,3561,T
3-PA,1531,1,3565,0,0,3566,T
3-PA,1532,0,3535,0,3,3538,T
3-PA,1533,3519,1,0,0,3520,A
3-PA,1534,3522,0,3,0,3525,A
3-PA,1535,2,3,3526,0,3531,G
3-PA,1536,0,13,3549,0,3562,G
3-PA,1537,3431,1,5,0,3437,A
3-PA,1538,3440,0,0,0,3440,A
3-PA,1539,0,3437,1,5,3443,T
3-PA,1540,1,21,3446,0,3468,G
3-PA,1541,3539,1,7,0,3547,A
3-PA,1542,1,2,0,3543,3546,C
3-PA,1543,3532,1,3,0,3536,A
3-PA,1544,0,4,0,3527,3531,C
3-PA,1545,3448,1,4,0,3453,A
3-PA,1546,0,10,3464,1,3475,G
3-PA,1547,3457,0,1,0,3458,A
3-PA,1548,1,5,0,3420,3426,C
3-PA,1549,3,0,3395,0,3398,G
3-PA,1550,0,3239,0,2,3241,T
3-PA,1551,0,12,3234,0,3246,G
3-PA,1552,5,0,3258,0,3263,G
3-PA,1553,1,3261,0,1,3263,T
3-PA,1554,3268,0,2,0,3270,A
3-PA,1555,3221,0,0,1,3222,A
3-PA,1556,3221,1,1,0,3223,A
3-PA,1557,0,3212,2,0,3214,T
3-PA,1558,0,3189,0,1,3190,T
3-PA,1559,1,3192,0,0,3193,T
3-PA,1560,2,3164,1,1,3168,T
3-PA,1561,1,0,3166,0,3167,G
3-PA,1562,0,3138,1,5,3144,T
3-PA,1563,1,22,3119,2,3144,G
3-PA,1564,3130,0,3,0,3133,A
3-PA,1565,1,3,3136,0,3140,G
3-PA,1566,3,0,0,3124,3127,C
3-PA,1567,3134,2,0,0,3136,A
3-PA,1568,1,3125,0,6,3132,T
3-PA,1569,1,8,3126,0,3135,G
3-PA,1570,0,10,3133,0,3143,G
3-PA,1571,3147,0,0,0,3147,A
3-PA,1572,1,1,3154,0,3156,G
3-PA,1573,0,3121,1,1,3123,T
3-PA,1574,0,3097,0,7,3104,T
3-PA,1575,0,3122,0,1,3123,T
3-PA,1576,1,3122,0,2,3125,T
3-PA,1577,4,6,0,3122,3132,C
3-PA,1578,0,3112,0,2,3114,T
3-PA,1579,7,1,0,3113,3121,C
3-PA,1580,2,3057,0,3,3062,T
3-PA,1581,9,1,1,3043,3054,C
3-PA,1582,3054,0,1,0,3055,A
3-PA,1583,0,0,0,3052,3052,C
3-PA,1584,0,3006,0,0,3006,T
3-PA,1585,1,16,2993,0,3010,G
3-PA,1586,3007,1,0,0,3008,A
3-PA,1587,2,0,0,3038,3040,C
3-PA,1588,9,1,0,3029,3039,C
3-PA,1589,8,1,0,3009,3018,C
3-PA,1590,1,6,3004,0,3011,G
3-PA,1591,3007,0,0,0,3007,A
3-PA,1592,1,12,3012,0,3025,G
3-PA,1593,3032,0,1,0,3033,A
3-PA,1594,1,0,0,3002,3003,C
3-PA,1595,0,2965,0,0,2965,T
3-PA,1596,0,2875,0,0,2875,T
3-PA,1597,0,11,2858,1,2870,G
3-PA,1598,2864,1,3,0,2868,A
3-PA,1599,0,0,2872,0,2872,G
3-PA,1600,1,2,0,2856,2859,C
3-PA,1601,6,0,0,2786,2792,C
3-PA,1602,2820,2,3,1,2826,A
3-PA,1603,0,1,0,2826,2827,C
3-PA,1604,2835,1,0,1,2837,A
3-PA,1605,1,2830,1,1,2833,T
3-PA,1606,2833,0,1,0,2834,A
3-PA,1607,2827,0,1,0,2828,A
3-PA,1608,2827,0,0,0,2827,A
3-PA,1609,0,2809,0,2,2811,T
3-PA,1610,1,8,2808,0,2817,G
3-PA,1611,3,4,2740,0,2747,G
3-PA,1612,1,6,2757,0,2764,G
3-PA,1613,2737,0,1,1,2739,A
3-PA,1614,3,4,2755,0,2762,G
3-PA,1615,2750,0,0,0,2750,A
3-PA,1616,2731,1,1,0,2733,A
3-PA,1617,2741,0,2,0,2743,A
3-PA,1618,0,2740,0,0,2740,T
3-PA,1619,2753,0,1,0,2754,A
3-PA,1620,3,0,0,2752,2755,C
3-PA,1621,0,2351,0,2,2353,T
3-PA,1622,0,1,2355,0,2356,G
3-PA,1623,0,2171,0,1,2172,T
3-PA,1624,2,1,2228,0,2231,G
3-PA,1625,1,2222,0,0,2223,T
3-PA,1626,10,0,0,2152,2162,C
3-PA,1627,4,0,1,2161,2166,C
3-PA,1628,0,2149,0,2,2151,T
3-PA,1629,0,2160,0,0,2160,T
3-PA,1630,0,8,2157,0,2165,G
3-PA,1631,2176,0,0,0,2176,A
3-PA,1632,0,3,2211,0,2214,G
3-PA,1633,2103,0,1,0,2104,A
3-PA,1634,0,2113,0,0,2113,T
3-PA,1635,2077,0,4,0,2081,A
3-PA,1636,0,2,2116,0,2118,G
3-PA,1637,2,2,2133,0,2137,G
3-PA,1638,2116,0,1,1,2118,A
3-PA,1639,0,2,2121,1,2124,G
3-PA,1640,2100,0,2,0,2102,A
3-PA,1641,0,2088,0,0,2088,T
3-PA,1642,2101,0,2,0,2103,A
3-PA,1643,0,2107,0,0,2107,T
3-PA,1644,6,0,2124,0,2130,G
3-PA,1645,0,2110,0,0,2110,T
3-PA,1646,0,2100,0,0,2100,T
3-PA,1647,2133,0,0,0,2133,A
3-PA,1648,1,0,0,2128,2129,C
3-PA,1649,0,2118,0,0,2118,T
3-PA,1650,2123,0,1,0,2124,A
3-PA,1651,2100,1,0,0,2101,A
3-PA,1652,0,1,2124,0,2125,G
3-PA,1653,2098,0,0,0,2098,A
3-PA,1654,2071,1,0,1,2073,A
3-PA,1655,0,1,2046,0,2047,G
3-PA,1656,1,2055,0,0,2056,T
3-PA,1657,1,1,2069,0,2071,G
3-PA,1658,0,0,0,2074,2074,C
3-PA,1659,14,1,1,2055,2071,C
3-PA,1660,2076,0,1,0,2077,A
3-PA,1661,0,2060,0,0,2060,T
3-PA,1662,2052,0,3,0,2055,A
3-PA,1663,0,6,2064,1,2071,G
3-PA,1664,2,0,2046,0,2048,G
3-PA,1665,1,1,0,2046,2048,C
3-PA,1666,4,0,1,2027,2032,C
3-PA,1667,2027,1,1,1,2030,A
3-PA,1668,2029,1,2,0,2032,A
3-PA,1669,2030,0,1,0,2031,A
3-PA,1670,0,2041,0,0,2041,T
3-PA,1671,0,2044,0,0,2044,T
3-PA,1672,0,2041,1,0,2042,T
3-PA,1673,7,0,0,2028,2035,C
3-PA,1674,1987,2,1,0,1990,A
3-PA,1675,2003,0,3,2,2008,A
3-PA,1676,0,9,2021,0,2030,G
3-PA,1677,0,1,2049,0,2050,G
3-PA,1678,0,0,0,2033,2033,C
3-PA,1679,3,2,0,2015,2020,C
3-PA,1680,2035,0,0,1,2036,A
3-PA,1681,2099,0,1,1,2101,A
3-PA,1682,0,2105,0,0,2105,T
3-PA,1683,2,0,2191,0,2193,G
3-PA,1684,0,2189,0,0,2189,T
3-PA,1685,0,2295,0,2,2297,T
3-PA,1686,17,0,0,2313,2330,C
3-PA,1687,0,2313,0,0,2313,T
3-PA,1688,0,2315,0,0,2315,T
3-PA,1689,2164,1,1,1,2167,A
3-PA,1690,0,2188,0,0,2188,T
3-PA,1691,2203,0,0,0,2203,A
3-PA,1692,0,2221,0,2,2223,T
3-PA,1693,0,0,2220,0,2220,G
3-PA,1694,1,2101,0,1,2103,T
3-PA,1695,1,1,2099,0,2101,G
3-PA,1696,2081,0,4,0,2085,A
3-PA,1697,1,4,2083,0,2088,G
3-PA,1698,0,8,2086,1,2095,G
3-PA,1699,2097,0,1,0,2098,A
3-PA,1700,0,0,0,2091,2091,C
3-PA,1701,2059,0,1,1,2061,A
3-PA,1702,2059,2,3,0,2064,A
3-PA,1703,2070,0,0,1,2071,A
3-PA,1704,0,1,0,2071,2072,C
3-PA,1705,1,4,2063,0,2068,G
3-PA,1706,1,9,2077,0,2087,G
3-PA,1707,2072,0,1,0,2073,A
3-PA,1708,2075,1,0,0,2076,A
3-PA,1709,1,1,0,2077,2079,C
3-PA,1710,2078,1,1,0,2080,A
3-PA,1711,0,2087,0,0,2087,T
3-PA,1712,0,0,0,2072,2072,C
3-PA,1713,2067,1,0,0,2068,A
3-PA,1714,2067,0,1,1,2069,A
3-PA,1715,2040,0,2,0,2042,A
3-PA,1716,0,4,2072,0,2076,G
3-PA,1717,1,2,2078,0,2081,G
3-PA,1718,0,2068,0,1,2069,T
3-PA,1719,11,0,0,2053,2064,C
3-PA,1720,2067,0,1,0,2068,A
3-PA,1721,2077,0,3,0,2080,A
3-PA,1722,2076,0,0,0,2076,A
3-PA,1723,2081,0,0,0,2081,A
3-PA,1724,1,2089,0,0,2090,T
3-PA,1725,0,12,2089,0,2101,G
3-PA,1726,2091,0,0,0,2091,A
3-PA,1727,2091,0,0,0,2091,A
3-PA,1728,2099,0,0,1,2100,A
3-PA,1729,0,2097,0,1,2098,T
3-PA,1730,1,1,2105,1,2108,G
3-PA,1731,0,4,2114,0,2118,G
3-PA,1732,1,3,2106,0,2110,G
3-PA,1733,0,13,2125,0,2138,G
3-PA,1734,2107,1,1,0,2109,A
3-PA,1735,2125,0,0,0,2125,A
3-PA,1736,0,2124,0,0,2124,T
3-PA,1737,1,0,2130,0,2131,G
3-PA,1738,0,7,2147,0,2154,G
3-PA,1739,2137,0,2,0,2139,A
3-PA,1740,0,4,2148,0,2152,G
3-PA,1741,2137,0,0,0,2137,A
3-PA,1742,0,2127,0,1,2128,T
3-PA,1743,1,5,2126,0,2132,G
3-PA,1744,2114,0,6,0,2120,A
3-PA,1745,0,6,2131,0,2137,G
3-PA,1746,2136,0,1,1,2138,A
3-PA,1747,0,1,0,2124,2125,C
3-PA,1748,4,0,2115,0,2119,G
3-PA,1749,0,2104,0,0,2104,T
3-PA,1750,0,2106,0,0,2106,T
3-PA,1751,0,0,2119,0,2119,G
3-PA,1752,0,2,1,2110,2113,C
3-PA,1753,3,1,0,2126,2130,C
3-PA,1754,1,2119,0,0,2120,T
3-PA,1755,5,0,0,2160,2165,C
3-PA,1756,6,0,0,2154,2160,C
3-PA,1757,1,2164,1,0,2166,T
3-PA,1758,0,2175,1,0,2176,T
3-PA,1759,2,0,0,2180,2182,C
3-PA,1760,2162,1,1,0,2164,A
3-PA,1761,0,1,2166,0,2167,G
3-PA,1762,0,2149,2,2,2153,T
3-PA,1763,17,0,0,2154,2171,C
3-PA,1764,2127,0,1,0,2128,A
3-PA,1765,0,0,0,2219,2219,C
3-PA,1766,1,2203,1,2,2207,T
3-PA,1767,9,0,0,2227,2236,C
3-PA,1768,1,0,0,2233,2234,C
3-PA,1769,2232,0,1,0,2233,A
3-PA,1770,0,0,2242,0,2242,G
3-PA,1771,0,3,0,2242,2245,C
3-PA,1772,2220,0,0,0,2220,A
3-PA,1773,0,0,2232,0,2232,G
3-PA,1774,2168,0,2,0,2170,A
3-PA,1775,0,2168,0,0,2168,T
3-PA,1776,3,0,0,2157,2160,C
3-PA,1777,0,5,2160,0,2165,G
3-PA,1778,2160,0,1,0,2161,A
3-PA,1779,0,6,2169,2,2177,G
3-PA,1780,2158,3,3,0,2164,A
3-PA,1781,1,2,2177,0,2180,G
3-PA,1782,3,1,0,2152,2156,C
3-PA,1783,2154,0,1,0,2155,A
3-PA,1784,0,2161,0,0,2161,T
3-PA,1785,0,11,2194,0,2205,G
3-PA,1786,2219,0,1,1,2221,A
3-PA,1787,0,2229,0,0,2229,T
3-PA,1788,1,2217,0,0,2218,T
3-PA,1789,0,7,2215,1,2223,G
3-PA,1790,2211,0,1,0,2212,A
3-PA,1791,2221,0,1,0,2222,A
3-PA,1792,0,1,2226,0,2227,G
3-PA,1793,2,0,0,2220,2222,C
3-PA,1794,5,4,0,2179,2188,C
3-PA,1795,1,6,2178,0,2185,G
3-PA,1796,2185,0,0,0,2185,A
3-PA,1797,0,0,2201,0,2201,G
3-PA,1798,0,2201,0,0,2201,T
3-PA,1799,6,0,0,2190,2196,C
3-PA,1800,5,0,1,2187,2193,C
3-PA,1801,0,2188,0,0,2188,T
3-PA,1802,5,2,0,2211,2218,C
3-PA,1803,1,2,2218,0,2221,G
3-PA,1804,0,1,2281,0,2282,G
3-PA,1805,0,2274,0,0,2274,T
3-PA,1806,1,2259,0,1,2261,T
3-PA,1807,2259,1,1,0,2261,A
3-PA,1808,2261,0,0,0,2261,A
3-PA,1809,2260,1,1,0,2262,A
3-PA,1810,1,8,2292,1,2302,G
3-PA,1811,2267,1,0,0,2268,A
3-PA,1812,0,3,2267,0,2270,G
3-PA,1813,2188,1,0,0,2189,A
3-PA,1814,2193,2,1,0,2196,A
3-PA,1815,2201,0,5,0,2206,A
3-PA,1816,0,1,2223,0,2224,G
3-PA,1817,2218,0,2,0,2220,A
3-PA,1818,0,0,0,2214,2214,C
3-PA,1819,2181,0,5,0,2186,A
3-PA,1820,0,2177,0,1,2178,T
3-PA,1821,1,21,2160,2,2184,G
3-PA,1822,2198,1,1,0,2200,A
3-PA,1823,1,0,0,2202,2203,C
3-PA,1824,8,2,0,2182,2192,C
3-PA,1825,2173,0,3,1,2177,A
3-PA,1826,2174,0,0,0,2174,A
3-PA,1827,2168,1,1,0,2170,A
3-PA,1828,0,5,2175,0,2180,G
3-PA,1829,2172,0,0,0,2172,A
3-PA,1830,0,1,2182,0,2183,G
3-PA,1831,1,2153,2,1,2157,T
3-PA,1832,0,2145,0,0,2145,T
3-PA,1833,1,2148,0,1,2150,T
3-PA,1834,0,2155,0,0,2155,T
3-PA,1835,0,2152,0,1,2153,T
3-PA,1836,0,2158,0,1,2159,T
3-PA,1837,0,6,2154,0,2160,G
3-PA,1838,2144,0,0,0,2144,A
3-PA,1839,0,14,2136,0,2150,G
3-PA,1840,2147,0,1,0,2148,A
3-PA,1841,2144,1,0,1,2146,A
3-PA,1842,0,2148,0,2,2150,T
3-PA,1843,2146,3,1,0,2150,A
3-PA,1844,2197,0,1,0,2198,A
3-PA,1845,2208,0,0,0,2208,A
3-PA,1846,0,2205,0,0,2205,T
3-PA,1847,11,1,1,2194,2207,C
3-PA,1848,2188,1,0,1,2190,A
3-PA,1849,0,2,2192,0,2194,G
3-PA,1850,2188,0,1,1,2190,A
3-PA,1851,2189,1,1,0,2191,A
3-PA,1852,1,2,2200,0,2203,G
3-PA,1853,2,7,0,2158,2167,C
3-PA,1854,2166,1,0,1,2168,A
3-PA,1855,0,2150,1,3,2154,T
3-PA,1856,1,5,2148,0,2154,G
3-PA,1857,1,0,2181,0,2182,G
3-PA,1858,1,1,0,2172,2174,C
3-PA,1859,4,4,0,2198,2206,C
3-PA,1860,7,1,0,2206,2214,C
3-PA,1861,2236,0,0,0,2236,A
3-PA,1862,1,2231,0,0,2232,T
3-PA,1863,0,2229,0,1,2230,T
3-PA,1864,2,5,2230,0,2237,G
3-PA,1865,0,5,2232,0,2237,G
3-PA,1866,1,6,2199,0,2206,G
3-PA,1867,0,1,2212,0,2213,G
3-PA,1868,2089,0,3,0,2092,A
3-PA,1869,0,1,2136,0,2137,G
3-PA,1870,0,2106,0,3,2109,T
3-PA,1871,6,1,0,2124,2131,C
3-PA,1872,3,0,0,2200,2203,C
3-PA,1873,2,2,0,2197,2201,C
3-PA,1874,3,0,1,2204,2208,C
3-PA,1875,0,2,0,2211,2213,C
3-PA,1876,2209,0,1,1,2211,A
3-PA,1877,2211,1,4,1,2217,A
3-PA,1878,0,4,2212,0,2216,G
3-PA,1879,0,4,2182,0,2186,G
3-PA,1880,0,10,2184,1,2195,G
3-PA,1881,2007,0,2,0,2009,A
3-PA,1882,0,4,2018,0,2022,G
3-PA,1883,1,2016,1,0,2018,T
3-PA,1884,1,7,2020,1,2029,G
3-PA,1885,0,3,2037,1,2041,G
3-PA,1886,2032,1,0,1,2034,A
3-PA,1887,2030,2,0,0,2032,A
3-PA,1888,1,5,2024,0,2030,G
3-PA,1889,2013,0,1,1,2015,A
3-PA,1890,2009,1,1,1,2012,A
3-PA,1891,1,5,1993,0,1999,G
3-PA,1892,0,1,1997,0,1998,G
3-PA,1893,0,1993,0,3,1996,T
3-PA,1894,2,1972,0,3,1977,T
3-PA,1895,4,1,0,1971,1976,C
3-PA,1896,14,1,0,1962,1977,C
3-PA,1897,1976,0,0,0,1976,A
3-PA,1898,0,1973,0,1,1974,T
3-PA,1899,0,1965,0,1,1966,T
3-PA,1900,0,7,1971,1,1979,G
3-PA,1901,1,4,1961,0,1966,G
3-PA,1902,3,4,1961,0,1968,G
3-PA,1903,1961,1,3,0,1965,A
3-PA,1904,1951,1,0,0,1952,A
3-PA,1905,1956,0,1,1,1958,A
3-PA,1906,1,1,1999,0,2001,G
3-PA,1907,0,1984,0,1,1985,T
3-PA,1908,6,0,0,1998,2004,C
3-PA,1909,1,1994,0,0,1995,T
3-PA,1910,1,2,1995,0,1998,G
3-PA,1911,2,2000,0,0,2002,T
3-PA,1912,1998,0,2,0,2000,A
3-PA,1913,0,4,2002,0,2006,G
3-PA,1914,0,11,1964,1,1976,G
3-PA,1915,1932,0,1,1,1934,A
3-PA,1916,0,1,0,1933,1934,C
3-PA,1917,0,1889,0,3,1892,T
3-PA,1918,8,0,0,1976,1984,C
3-PA,1919,0,1975,1,0,1976,T
3-PA,1920,1985,0,0,0,1985,A
3-PA,1921,0,1981,0,1,1982,T
3-PA,1922,0,1957,0,2,1959,T
3-PA,1923,1,8,1984,0,1993,G
3-PA,1924,0,0,1981,0,1981,G
3-PA,1925,1,0,0,1977,1978,C
3-PA,1926,0,1966,0,1,1967,T
3-PA,1927,1852,1,1,0,1854,A
3-PA,1928,1865,0,0,0,1865,A
3-PA,1929,0,0,1880,0,1880,G
3-PA,1930,1,1879,0,0,1880,T
3-PA,1931,12,0,0,1867,1879,C
3-PA,1932,1840,1,0,0,1841,A
3-PA,1933,0,0,1901,0,1901,G
3-PA,1934,0,1903,0,0,1903,T
3-PA,1935,1939,1,0,0,1940,A
3-PA,1936,0,1949,0,1,1950,T
3-PA,1937,1,1966,0,2,1969,T
3-PA,1938,9,2,0,1971,1982,C
3-PA,1939,1962,0,1,0,1963,A
3-PA,1940,1965,0,0,0,1965,A
3-PA,1941,0,1966,0,1,1967,T
3-PA,1942,1897,0,0,0,1897,A
3-PA,1943,0,0,1914,0,1914,G
3-PA,1944,0,1,0,1905,1906,C
3-PA,1945,2,1,0,1905,1908,C
3-PA,1946,0,1861,0,0,1861,T
3-PA,1947,0,2,1902,0,1904,G
3-PA,1948,0,1904,0,0,1904,T
3-PA,1949,1912,0,0,0,1912,A
3-PA,1950,0,1910,0,2,1912,T
3-PA,1951,2,1,1875,0,1878,G
3-PA,1952,0,0,1,1870,1871,C
3-PA,1953,1819,0,0,0,1819,A
3-PA,1954,0,1819,0,1,1820,T
3-PA,1955,7,0,1,1818,1826,C
3-PA,1956,1786,0,1,0,1787,A
3-PA,1957,0,0,0,1810,1810,C
3-PA,1958,6,1,1,1788,1796,C
3-PA,1959,1796,1,1,0,1798,A
3-PA,1960,2,0,0,1798,1800,C
3-PA,1961,1778,1,1,0,1780,A
3-PA,1962,1791,0,0,0,1791,A
3-PA,1963,0,1780,0,0,1780,T
3-PA,1964,0,1783,0,0,1783,T
3-PA,1965,1,2,1778,0,1781,G
3-PA,1966,0,4,1749,0,1753,G
3-PA,1967,1749,0,1,0,1750,A
3-PA,1968,1749,1,1,0,1751,A
3-PA,1969,0,4,1734,0,1738,G
3-PA,1970,4,5,1729,0,1738,G
3-PA,1971,1731,0,1,0,1732,A
3-PA,1972,0,1726,1,0,1727,T
3-PA,1973,0,1735,0,0,1735,T
3-PA,1974,0,1732,1,0,1733,T
3-PA,1975,0,1739,0,0,1739,T
3-PA,1976,3,2,0,1733,1738,C
3-PA,1977,1727,0,4,1,1732,A
3-PA,1978,1,1,1731,0,1733,G
3-PA,1979,2,1,0,1719,1722,C
3-PA,1980,0,1,1717,0,1718,G
3-PA,1981,0,5,1723,0,1728,G
3-PA,1982,1717,1,2,0,1720,A
3-PA,1983,0,0,1736,0,1736,G
3-PA,1984,1,1738,0,0,1739,T
3-PA,1985,15,0,0,1745,1760,C
3-PA,1986,1761,0,1,0,1762,A
3-PA,1987,1762,0,1,0,1763,A
3-PA,1988,0,3,1759,0,1762,G
3-PA,1989,1756,0,0,0,1756,A
3-PA,1990,1752,0,0,0,1752,A
3-PA,1991,1746,1,0,0,1747,A
3-PA,1992,1709,0,0,1,1710,A
3-PA,1993,0,0,0,1713,1713,C
3-PA,1994,1,1674,0,1,1676,T
3-PA,1995,0,0,1678,0,1678,G
3-PA,1996,2,0,0,1673,1675,C
3-PA,1997,0,1680,0,1,1681,T
3-PA,1998,10,0,0,1669,1679,C
3-PA,1999,3,1,0,1679,1683,C
3-PA,2000,0,1686,0,0,1686,T
3-PA,2001,0,1687,1,0,1688,T
3-PA,2002,0,0,1691,0,1691,G
3-PA,2003,0,1685,0,0,1685,T
3-PA,2004,0,1668,0,0,1668,T
3-PA,2005,0,0,1678,0,1678,G
3-PA,2006,1,1666,1,0,1668,T
3-PA,2007,0,1662,0,2,1664,T
3-PA,2008,14,0,0,1646,1660,C
3-PA,2009,1630,0,2,0,1632,A
3-PA,2010,0,0,1643,0,1643,G
3-PA,2011,0,2,1636,0,1638,G
3-PA,2012,0,0,0,1657,1657,C
3-PA,2013,0,1657,0,0,1657,T
3-PA,2014,4,2,0,1668,1674,C
3-PA,2015,0,1658,0,1,1659,T
3-PA,2016,0,1658,0,2,1660,T
3-PA,2017,1661,0,1,0,1662,A
3-PA,2018,0,3,1661,0,1664,G
3-PA,2019,0,0,1652,0,1652,G
3-PA,2020,0,3,1636,0,1639,G
3-PA,2021,1591,1,1,1,1594,A
3-PA,2022,0,0,0,1593,1593,C
3-PA,2023,1526,0,0,0,1526,A
3-PA,2024,1532,0,1,1,1534,A
3-PA,2025,0,0,0,1545,1545,C
3-PA,2026,1,0,0,1536,1537,C
3-PA,2027,1,1535,0,2,1538,T
3-PA,2028,4,0,0,1524,1528,C
3-PA,2029,0,4,1525,0,1529,G
3-PA,2030,1525,1,0,0,1526,A
3-PA,2031,1535,0,0,0,1535,A
3-PA,2032,1,0,0,1536,1537,C
3-PA,2033,1,0,0,1490,1491,C
3-PA,2034,1,1466,0,0,1467,T
3-PA,2035,0,2,1462,0,1464,G
3-PA,2036,0,1,1464,0,1465,G
3-PA,2037,0,4,1456,1,1461,G
3-PA,2038,1466,0,0,0,1466,A
3-PA,2039,0,0,0,1464,1464,C
3-PA,2040,4,0,0,1445,1449,C
3-PA,2041,0,1432,0,1,1433,T
3-PA,2042,0,1431,0,2,1433,T
3-PA,2043,0,1430,0,0,1430,T
3-PA,2044,0,7,1432,0,1439,G
3-PA,2045,1442,0,1,0,1443,A
3-PA,2046,0,1443,0,0,1443,T
3-PA,2047,8,0,0,1439,1447,C
3-PA,2048,0,1420,0,0,1420,T
3-PA,2049,0,1417,0,0,1417,T
3-PA,2050,0,2,1415,0,1417,G
3-PA,2051,0,1,1408,0,1409,G
3-PA,2052,1,3,1408,0,1412,G
3-PA,2053,0,3,1419,0,1422,G
3-PA,2054,0,0,1399,0,1399,G
3-PA,2055,2,0,1395,0,1397,G
3-PA,2056,0,0,4,1397,1401,C
3-PA,2057,0,1394,1,0,1395,T
3-PA,2058,1424,1,0,0,1425,A
3-PA,2059,0,1422,0,1,1423,T
3-PA,2060,1421,0,1,0,1422,A
3-PA,2061,0,1419,0,0,1419,T
3-PA,2062,0,3,1340,0,1343,G
3-PA,2063,1334,0,1,0,1335,A
3-PA,2064,1321,0,0,0,1321,A
3-PA,2065,0,0,1323,0,1323,G
3-PA,2066,0,0,0,1328,1328,C
3-PA,2067,1251,0,0,0,1251,A
3-PA,2068,1275,0,0,0,1275,A
3-PA,2069,1,1273,0,0,1274,T
3-PA,2070,0,1273,0,1,1274,T
3-PA,2071,0,6,1269,0,1275,G
3-PA,2072,1264,0,1,0,1265,A
3-PA,2073,0,1,1264,0,1265,G
3-PA,2074,0,2,1263,0,1265,G
3-PA,2075,1201,0,0,0,1201,A
3-PA,2076,0,0,1212,0,1212,G
3-PA,2077,0,1128,0,0,1128,T
3-PA,2078,0,1,1125,0,1126,G
3-PA,2079,1,1,1,1122,1125,C
3-PA,2080,3,2,0,1118,1123,C
3-PA,2081,0,1118,0,0,1118,T
3-PA,2082,0,6,1120,0,1126,G
3-PA,2083,1122,1,0,0,1123,A
3-PA,2084,0,1123,1,1,1125,T
3-PA,2085,1,1080,0,0,1081,T
3-PA,2086,1071,0,2,0,1073,A
3-PA,2087,1063,0,0,0,1063,A
3-PA,2088,0,1061,0,0,1061,T
3-PA,2089,0,5,1052,0,1057,G
3-PA,2090,1057,0,0,0,1057,A
3-PA,2091,0,1017,0,0,1017,T
3-PA,2092,5,0,0,1006,1011,C
3-PA,2093,5,0,0,994,999,C
3-PA,2094,4,0,0,991,995,C
3-PA,2095,0,993,0,0,993,T
3-PA,2096,0,4,991,0,995,G
3-PA,2097,0,2,989,0,991,G
3-PA,2098,0,0,996,0,996,G
3-PA,2099,0,982,0,1,983,T
3-PA,2100,0,948,0,0,948,T
3-PA,2101,0,945,0,0,945,T
3-PA,2102,0,940,0,0,940,T
3-PA,2103,0,0,942,0,942,G
3-PA,2104,0,0,0,939,939,C
3-PA,2105,0,926,0,2,928,T
3-PA,2106,2,0,0,930,932,C
3-PA,2107,900,0,0,0,900,A
3-PA,2108,900,0,0,0,900,A
3-PA,2109,1,899,0,0,900,T
3-PA,2110,1,0,899,0,900,G
3-PA,2111,0,1,0,895,896,C
3-PA,2112,0,0,881,1,882,G
3-PA,2113,0,881,0,0,881,T
3-PA,2114,3,0,0,879,882,C
3-PA,2115,0,877,0,2,879,T
3-PA,2116,0,879,0,0,879,T
3-PA,2117,1,2,862,0,865,G
3-PA,2118,0,0,864,0,864,G
3-PA,2119,0,859,0,0,859,T
3-PA,2120,0,851,0,1,852,T
3-PA,2121,5,1,0,827,833,C
3-PA,2122,822,0,0,0,822,A
3-PA,2123,822,0,0,0,822,A
3-PA,2124,0,0,0,820,820,C
3-PA,2125,0,814,0,0,814,T
3-PA,2126,0,0,0,813,813,C
3-PA,2127,0,0,0,792,792,C
3-PA,2128,0,786,0,0,786,T
3-PA,2129,0,781,0,0,781,T
3-PA,2130,3,0,0,775,778,C
3-PA,2131,2,0,0,782,784,C
3-PA,2132,0,773,0,0,773,T
3-PA,2133,0,2,764,0,766,G
3-PA,2134,767,0,0,0,767,A
3-PA,2135,1,0,0,751,752,C
3-PA,2136,719,0,0,0,719,A
3-PA,2137,0,1,0,683,684,C
3-PA,2138,675,0,0,0,675,A
3-PA,2139,2,665,1,0,668,T
3-PA,2140,1,0,665,0,666,G
3-PA,2141,0,0,0,660,660,C
3-PA,2142,646,0,0,0,646,A
3-PA,2143,0,645,0,0,645,T
3-PA,2144,0,634,0,0,634,T
3-PA,2145,634,0,0,0,634,A
3-PA,2146,630,0,0,0,630,A
3-PA,2147,627,0,0,0,627,A
3-PA,2148,627,0,0,0,627,A
3-PA,2149,0,619,0,0,619,T
3-PA,2150,500,0,0,0,500,A
3-PA,2151,0,0,500,0,500,G
4-HA,1,624,0,0,0,624,A
4-HA,2,0,625,0,0,625,T
4-HA,3,0,0,632,0,632,G
4-HA,4,638,0,0,0,638,A
4-HA,5,651,0,1,0,652,A
4-HA,6,0,5,695,0,700,G
4-HA,7,699,0,2,0,701,A
4-HA,8,0,0,0,773,773,C
4-HA,9,0,774,0,0,774,T
4-HA,10,804,0,1,0,805,A
4-HA,11,0,856,0,1,857,T
4-HA,12,2,0,0,857,859,C
4-HA,13,860,0,0,0,860,A
4-HA,14,0,865,0,0,865,T
4-HA,15,1,862,0,1,864,T
4-HA,16,0,0,930,0,930,G
4-HA,17,1,0,0,932,933,C
4-HA,18,0,932,0,1,933,T
4-HA,19,0,934,0,0,934,T
4-HA,20,0,937,0,0,937,T
4-HA,21,1,6,996,0,1003,G
4-HA,22,1012,0,1,0,1013,A
4-HA,23,0,1,1056,0,1057,G
4-HA,24,0,0,0,1062,1062,C
4-HA,25,0,1063,0,0,1063,T
4-HA,26,1122,0,0,2,1124,A
4-HA,27,0,0,0,1141,1141,C
4-HA,28,1163,0,1,0,1164,A
4-HA,29,0,1245,0,0,1245,T
4-HA,30,0,1245,1,1,1247,T
4-HA,31,4,0,0,1265,1269,C
4-HA,32,0,1266,0,2,1268,T
4-HA,33,1284,0,1,0,1285,A
4-HA,34,0,1293,0,1,1294,T
4-HA,35,2,0,1296,0,1298,G
4-HA,36,0,1297,0,0,1297,T
4-HA,37,3,0,0,1296,1299,C
4-HA,38,0,1296,0,0,1296,T
4-HA,39,0,2,1304,0,1306,G
4-HA,40,1,0,1305,0,1306,G
4-HA,41,0,1301,0,1,1302,T
4-HA,42,0,1304,0,0,1304,T
4-HA,43,0,1307,0,0,1307,T
4-HA,44,0,1306,0,0,1306,T
4-HA,45,4,2,0,1299,1305,C
4-HA,46,2,0,1302,0,1304,G
4-HA,47,1,0,0,1324,1325,C
4-HA,48,0,1320,0,2,1322,T
4-HA,49,2,0,0,1331,1333,C
4-HA,50,1330,0,1,0,1331,A
4-HA,51,1337,0,0,0,1337,A
4-HA,52,1332,0,0,0,1332,A
4-HA,53,1336,0,1,0,1337,A
4-HA,54,1334,0,1,0,1335,A
4-HA,55,0,0,0,1348,1348,C
4-HA,56,0,1346,0,0,1346,T
4-HA,57,0,1348,0,0,1348,T
4-HA,58,2,0,0,1348,1350,C
4-HA,59,4,1,0,1347,1352,C
4-HA,60,0,1350,0,1,1351,T
4-HA,61,0,0,1371,0,1371,G
4-HA,62,0,2,1369,0,1371,G
4-HA,63,1375,0,0,0,1375,A
4-HA,64,1408,0,0,0,1408,A
4-HA,65,1408,0,0,0,1408,A
4-HA,66,0,1423,0,0,1423,T
4-HA,67,0,14,1423,0,1437,G
4-HA,68,1434,0,2,0,1436,A
4-HA,69,0,0,0,1450,1450,C
4-HA,70,1450,0,0,0,1450,A
4-HA,71,1449,0,2,0,1451,A
4-HA,72,0,1,0,1478,1479,C
4-HA,73,1471,0,2,0,1473,A
4-HA,74,0,0,1484,0,1484,G
4-HA,75,0,1,0,1482,1483,C
4-HA,76,1480,0,0,1,1481,A
4-HA,77,1,1,0,1523,1525,C
4-HA,78,0,9,1506,0,1515,G
4-HA,79,2,0,1535,0,1537,G
4-HA,80,0,0,0,1540,1540,C
4-HA,81,1532,0,0,2,1534,A
4-HA,82,1548,0,0,1,1549,A
4-HA,83,0,0,1,1565,1566,C
4-HA,84,0,1,1580,0,1581,G
4-HA,85,2,0,0,1587,1589,C
4-HA,86,0,1580,0,0,1580,T
4-HA,87,0,0,1611,0,1611,G
4-HA,88,0,1608,0,1,1609,T
4-HA,89,0,2,1661,0,1663,G
4-HA,90,5,2,0,1682,1689,C
4-HA,91,2,0,1,1715,1718,C
4-HA,92,0,1716,0,0,1716,T
4-HA,93,0,1708,0,0,1708,T
4-HA,94,0,11,1702,0,1713,G
4-HA,95,0,6,1711,0,1717,G
4-HA,96,0,0,1749,0,1749,G
4-HA,97,1,1,0,1746,1748,C
4-HA,98,1756,0,1,0,1757,A
4-HA,99,0,0,0,1772,1772,C
4-HA,100,8,0,0,1745,1753,C
4-HA,101,1858,1,1,0,1860,A
4-HA,102,0,1863,0,0,1863,T
4-HA,103,0,1,1861,0,1862,G
4-HA,104,1,1,0,1870,1872,C
4-HA,105,1855,0,2,0,1857,A
4-HA,106,1,0,1970,0,1971,G
4-HA,107,1,1964,0,2,1967,T
4-HA,108,1983,1,1,0,1985,A
4-HA,109,0,0,0,1983,1983,C
4-HA,110,8,1,0,1928,1937,C
4-HA,111,1950,0,0,0,1950,A
4-HA,112,1945,0,1,0,1946,A
4-HA,113,1950,0,0,0,1950,A
4-HA,114,1,0,0,1958,1959,C
4-HA,115,2,6,1922,0,1930,G
4-HA,116,0,13,1951,0,1964,G
4-HA,117,1953,0,1,0,1954,A
4-HA,118,1963,0,1,0,1964,A
4-HA,119,1,1,0,1959,1961,C
4-HA,120,4,15,1934,0,1953,G
4-HA,121,0,1,1948,1,1950,G
4-HA,122,2,2045,0,2,2049,T
4-HA,123,2074,0,1,0,2075,A
4-HA,124,0,0,2084,0,2084,G
4-HA,125,0,2077,0,0,2077,T
4-HA,126,0,10,2069,0,2079,G
4-HA,127,2076,0,2,0,2078,A
4-HA,128,2080,1,2,0,2083,A
4-HA,129,2079,0,3,0,2082,A
4-HA,130,2055,0,0,1,2056,A
4-HA,131,0,1,0,2077,2078,C
4-HA,132,2074,0,2,0,2076,A
4-HA,133,2083,0,2,0,2085,A
4-HA,134,0,2090,0,0,2090,T
4-HA,135,12,0,0,2074,2086,C
4-HA,136,2086,0,0,0,2086,A
4-HA,137,1,2,0,2083,2086,C
4-HA,138,2,12,2079,0,2093,G
4-HA,139,2088,0,0,1,2089,A
4-HA,140,2085,0,1,0,2086,A
4-HA,141,0,2089,0,0,2089,T
4-HA,142,0,22,2068,0,2090,G
4-HA,143,2098,1,1,0,2100,A
4-HA,144,0,0,0,2095,2095,C
4-HA,145,4,0,0,2099,2103,C
4-HA,146,2118,0,0,1,2119,A
4-HA,147,2121,1,0,0,2122,A
4-HA,148,2135,0,0,0,2135,A
4-HA,149,0,2137,0,0,2137,T
4-HA,150,0,2129,0,0,2129,T
4-HA,151,2,4,2139,1,2146,G
4-HA,152,2133,0,2,1,2136,A
4-HA,153,2144,0,5,0,2149,A
4-HA,154,2,2,2148,0,2152,G
4-HA,155,1,2157,0,2,2160,T
4-HA,156,0,2206,0,0,2206,T
4-HA,157,2220,1,1,0,2222,A
4-HA,158,1,0,0,2241,2242,C
4-HA,159,0,2249,0,0,2249,T
4-HA,160,2244,1,1,0,2246,A
4-HA,161,2286,0,2,0,2288,A
4-HA,162,1,2293,0,0,2294,T
4-HA,163,3,1,2286,0,2290,G
4-HA,164,0,0,0,2393,2393,C
4-HA,165,0,2382,0,0,2382,T
4-HA,166,2387,1,0,0,2388,A
4-HA,167,0,1,0,2388,2389,C
4-HA,168,0,2379,0,0,2379,T
4-HA,169,3,8,2386,0,2397,G
4-HA,170,2375,0,1,0,2376,A
4-HA,171,0,2,2380,0,2382,G
4-HA,172,0,0,0,2378,2378,C
4-HA,173,1,2336,0,2,2339,T
4-HA,174,0,10,2390,0,2400,G
4-HA,175,1,0,2450,0,2451,G
4-HA,176,0,2455,0,3,2458,T
4-HA,177,0,2460,0,3,2463,T
4-HA,178,19,0,0,2439,2458,C
4-HA,179,2445,0,7,0,2452,A
4-HA,180,0,10,2444,0,2454,G
4-HA,181,2452,1,2,1,2456,A
4-HA,182,1,0,2494,0,2495,G
4-HA,183,0,2492,0,2,2494,T
4-HA,184,1,2461,0,0,2462,T
4-HA,185,16,0,1,2450,2467,C
4-HA,186,5,0,0,2476,2481,C
4-HA,187,0,2469,0,5,2474,T
4-HA,188,6,0,1,2488,2495,C
4-HA,189,2479,1,2,0,2482,A
4-HA,190,2484,2,1,0,2487,A
4-HA,191,0,1,0,2509,2510,C
4-HA,192,2467,0,2,0,2469,A
4-HA,193,1,2,2502,0,2505,G
4-HA,194,1,0,2508,0,2509,G
4-HA,195,0,2499,0,4,2503,T
4-HA,196,3,12,2495,0,2510,G
4-HA,197,2511,1,2,0,2514,A
4-HA,198,2512,1,2,0,2515,A
4-HA,199,2577,1,2,0,2580,A
4-HA,200,0,2568,0,0,2568,T
4-HA,201,2593,0,0,0,2593,A
4-HA,202,1,2572,0,0,2573,T
4-HA,203,1,2,2564,0,2567,G
4-HA,204,1,1,0,2576,2578,C
4-HA,205,3,12,2563,0,2578,G
4-HA,206,2581,0,2,0,2583,A
4-HA,207,0,3,0,2575,2578,C
4-HA,208,2548,1,0,0,2549,A
4-HA,209,0,1,2672,0,2673,G
4-HA,210,1,2668,0,3,2672,T
4-HA,211,13,1,0,2695,2709,C
4-HA,212,5,4,0,2700,2709,C
4-HA,213,0,2694,0,4,2698,T
4-HA,214,6,0,1,2735,2742,C
4-HA,215,2744,0,1,1,2746,A
4-HA,216,1,2739,2,1,2743,T
4-HA,217,5,0,0,2743,2748,C
4-HA,218,2641,1,2,0,2644,A
4-HA,219,0,6,2648,0,2654,G
4-HA,220,2622,1,2,0,2625,A
4-HA,221,0,2628,0,4,2632,T
4-HA,222,14,0,0,2618,2632,C
4-HA,223,5,1,0,2603,2609,C
4-HA,224,0,2604,0,0,2604,T
4-HA,225,1,2607,0,1,2609,T
4-HA,226,0,3,2605,0,2608,G
4-HA,227,2601,3,2,0,2606,A
4-HA,228,0,2594,0,0,2594,T
4-HA,229,1,1,2614,0,2616,G
4-HA,230,1,2,2607,1,2611,G
4-HA,231,2603,1,3,0,2607,A
4-HA,232,2589,2,1,0,2592,A
4-HA,233,2604,0,3,0,2607,A
4-HA,234,2615,0,0,1,2616,A
4-HA,235,2618,0,1,0,2619,A
4-HA,236,2616,0,1,0,2617,A
4-HA,237,0,0,0,2639,2639,C
4-HA,238,0,2613,0,0,2613,T
4-HA,239,0,0,2628,0,2628,G
4-HA,240,1,1,0,2624,2626,C
4-HA,241,2627,0,2,0,2629,A
4-HA,242,1,0,1,2731,2733,C
4-HA,243,2723,0,2,0,2725,A
4-HA,244,0,1,0,3079,3080,C
4-HA,245,0,3078,0,1,3079,T
4-HA,246,3101,0,2,0,3103,A
4-HA,247,3106,0,1,0,3107,A
4-HA,248,0,3113,1,3,3117,T
4-HA,249,3098,0,2,0,3100,A
4-HA,250,0,5,3110,0,3115,G
4-HA,251,3075,1,2,0,3078,A
4-HA,252,1,3028,0,0,3029,T
4-HA,253,0,2,2907,0,2909,G
4-HA,254,1,2,0,2921,2924,C
4-HA,255,0,2904,0,5,2909,T
4-HA,256,13,1,0,3060,3074,C
4-HA,257,1,3073,0,0,3074,T
4-HA,258,3138,1,0,0,3139,A
4-HA,259,1,3135,0,0,3136,T
4-HA,260,2,3130,0,0,3132,T
4-HA,261,1,5,3147,0,3153,G
4-HA,262,4,7,3128,0,3139,G
4-HA,263,1,11,3129,1,3142,G
4-HA,264,3111,1,2,0,3114,A
4-HA,265,0,14,3065,2,3081,G
4-HA,266,3032,1,1,0,3034,A
4-HA,267,1,0,0,3215,3216,C
4-HA,268,4,0,0,3232,3236,C
4-HA,269,4,0,1,3252,3257,C
4-HA,270,0,3240,0,4,3244,T
4-HA,271,5,2,0,3319,3326,C
4-HA,272,3318,0,1,1,3320,A
4-HA,273,0,0,3510,1,3511,G
4-HA,274,0,3506,0,2,3508,T
4-HA,275,1,26,3505,0,3532,G
4-HA,276,0,3444,0,2,3446,T
4-HA,277,1,11,3418,0,3430,G
4-HA,278,3398,26,7,0,3431,A
4-HA,279,0,3426,0,2,3428,T
4-HA,280,1,15,3408,2,3426,G
4-HA,281,2,1,3425,0,3428,G
4-HA,282,0,1,0,3374,3375,C
4-HA,283,0,3374,0,0,3374,T
4-HA,284,0,3366,0,2,3368,T
4-HA,285,4,1,0,3372,3377,C
4-HA,286,2,9,0,3365,3376,C
4-HA,287,3378,1,1,1,3381,A
4-HA,288,3393,0,1,0,3394,A
4-HA,289,3391,0,0,0,3391,A
4-HA,290,3393,0,1,0,3394,A
4-HA,291,0,3399,0,0,3399,T
4-HA,292,3392,0,1,0,3393,A
4-HA,293,3397,0,1,0,3398,A
4-HA,294,0,7,3397,0,3404,G
4-HA,295,3416,0,0,0,3416,A
4-HA,296,3424,0,0,0,3424,A
4-HA,297,3425,1,1,0,3427,A
4-HA,298,0,3425,0,0,3425,T
4-HA,299,0,2,3425,0,3427,G
4-HA,300,0,8,3421,0,3429,G
4-HA,301,0,18,3406,0,3424,G
4-HA,302,3427,0,4,0,3431,A
4-HA,303,2,1,0,3446,3449,C
4-HA,304,7,2,2,3431,3442,C
4-HA,305,0,3451,0,8,3459,T
4-HA,306,0,3456,0,8,3464,T
4-HA,307,1,3456,1,2,3460,T
4-HA,308,0,3482,0,2,3484,T
4-HA,309,0,3477,0,1,3478,T
4-HA,310,3,0,3495,0,3498,G
4-HA,311,1,3497,0,2,3500,T
4-HA,312,0,3485,0,1,3486,T
4-HA,313,14,26,3445,0,3485,G
4-HA,314,3464,1,0,0,3465,A
4-HA,315,3467,0,1,0,3468,A
4-HA,316,1,3,0,3470,3474,C
4-HA,317,2,2,3448,0,3452,G
4-HA,318,0,0,0,3518,3518,C
4-HA,319,3510,1,0,0,3511,A
4-HA,320,1,0,3529,0,3530,G
4-HA,321,1,0,0,3527,3528,C
4-HA,322,3531,0,1,0,3532,A
4-HA,323,3525,0,2,1,3528,A
4-HA,324,3524,0,6,0,3530,A
4-HA,325,0,0,3631,0,3631,G
4-HA,326,1,2,0,3628,3631,C
4-HA,327,4,1,0,3615,3620,C
4-HA,328,2,3619,0,2,3623,T
4-HA,329,3617,1,1,0,3619,A
4-HA,330,0,3,0,3647,3650,C
4-HA,331,3647,0,0,1,3648,A
4-HA,332,2,2,3649,1,3654,G
4-HA,333,3,2,0,3638,3643,C
4-HA,334,3562,1,1,0,3564,A
4-HA,335,3587,0,0,1,3588,A
4-HA,336,0,0,1,3696,3697,C
4-HA,337,1,3675,0,3,3679,T
4-HA,338,3,0,3699,0,3702,G
4-HA,339,1,3663,1,2,3667,T
4-HA,340,0,3665,2,3,3670,T
4-HA,341,3674,0,2,0,3676,A
4-HA,342,1,0,0,3928,3929,C
4-HA,343,7,0,0,3948,3955,C
4-HA,344,10,0,0,4017,4027,C
4-HA,345,0,3884,0,4,3888,T
4-HA,346,0,3886,0,1,3887,T
4-HA,347,3900,0,0,0,3900,A
4-HA,348,0,3894,0,1,3895,T
4-HA,349,1,9,3889,0,3899,G
4-HA,350,3891,1,1,0,3893,A
4-HA,351,0,3642,1,20,3663,T
4-HA,352,1,0,3730,0,3731,G
4-HA,353,0,3670,0,0,3670,T
4-HA,354,1,0,3653,0,3654,G
4-HA,355,1,2,0,3660,3663,C
4-HA,356,9,3,0,3655,3667,C
4-HA,357,7,15,3714,0,3736,G
4-HA,358,0,12,3773,0,3785,G
4-HA,359,3781,0,1,1,3783,A
4-HA,360,0,3786,0,0,3786,T
4-HA,361,0,3741,1,1,3743,T
4-HA,362,3779,1,1,0,3781,A
4-HA,363,0,3774,0,2,3776,T
4-HA,364,1,1,3778,0,3780,G
4-HA,365,2,2,0,3774,3778,C
4-HA,366,7,1,1,3754,3763,C
4-HA,367,0,3790,2,3,3795,T
4-HA,368,4,1,0,3956,3961,C
4-HA,369,9,0,0,3986,3995,C
4-HA,370,10,1,0,3990,4001,C
4-HA,371,0,3980,0,3,3983,T
4-HA,372,0,3990,0,1,3991,T
4-HA,373,3985,0,1,0,3986,A
4-HA,374,1,11,4042,0,4054,G
4-HA,375,0,2,4054,0,4056,G
4-HA,376,0,4005,0,2,4007,T
4-HA,377,21,2,0,3909,3932,C
4-HA,378,3899,0,1,0,3900,A
4-HA,379,5,1,0,3967,3973,C
4-HA,380,0,3975,0,0,3975,T
4-HA,381,3977,0,0,0,3977,A
4-HA,382,1,0,3976,0,3977,G
4-HA,383,0,3936,0,4,3940,T
4-HA,384,1,3913,0,5,3919,T
4-HA,385,3,2,3953,1,3959,G
4-HA,386,2,5,1,3948,3956,C
4-HA,387,5,0,0,3959,3964,C
4-HA,388,1,3931,0,6,3938,T
4-HA,389,10,0,0,3953,3963,C
4-HA,390,4052,1,2,0,4055,A
4-HA,391,1,4058,0,2,4061,T
4-HA,392,9,0,1,4056,4066,C
4-HA,393,7,6,0,4039,4052,C
4-HA,394,2,20,3996,0,4018,G
4-HA,395,0,0,4039,0,4039,G
4-HA,396,2,0,1,4049,4052,C
4-HA,397,4065,2,4,0,4071,A
4-HA,398,2,1,0,4114,4117,C
4-HA,399,4052,0,0,0,4052,A
4-HA,400,2,1,0,4050,4053,C
4-HA,401,1,4046,0,1,4048,T
4-HA,402,1,4,4073,0,4078,G
4-HA,403,0,10,4106,0,4116,G
4-HA,404,4094,1,4,0,4099,A
4-HA,405,1,2,4130,0,4133,G
4-HA,406,0,4097,0,2,4099,T
4-HA,407,1,4077,0,2,4080,T
4-HA,408,1,4081,0,1,4083,T
4-HA,409,4076,3,1,2,4082,A
4-HA,410,4100,0,3,0,4103,A
4-HA,411,1,1,0,4125,4127,C
4-HA,412,4060,0,0,0,4060,A
4-HA,413,4068,1,1,0,4070,A
4-HA,414,0,4047,0,2,4049,T
4-HA,415,3,21,4028,1,4053,G
4-HA,416,4046,3,0,1,4050,A
4-HA,417,4033,5,1,2,4041,A
4-HA,418,4037,0,8,0,4045,A
4-HA,419,0,0,4058,0,4058,G
4-HA,420,0,0,0,4065,4065,C
4-HA,421,1,4056,1,1,4059,T
4-HA,422,0,4056,0,2,4058,T
4-HA,423,18,1,0,4099,4118,C
4-HA,424,4123,1,0,0,4124,A
4-HA,425,4138,0,2,0,4140,A
4-HA,426,0,4138,0,0,4138,T
4-HA,427,1,4132,2,1,4136,T
4-HA,428,3,13,4185,0,4201,G
4-HA,429,0,24,4222,0,4246,G
4-HA,430,4242,1,4,0,4247,A
4-HA,431,3,1,1,4249,4254,C
4-HA,432,1,4207,0,7,4215,T
4-HA,433,0,6,4222,0,4228,G
4-HA,434,2,12,4244,0,4258,G
4-HA,435,4239,1,3,1,4244,A
4-HA,436,0,0,4260,0,4260,G
4-HA,437,0,4174,0,2,4176,T
4-HA,438,33,1,0,4091,4125,C
4-HA,439,4153,2,2,0,4157,A
4-HA,440,1,1,0,4159,4161,C
4-HA,441,3,4138,1,4,4146,T
4-HA,442,35,1,0,4129,4165,C
4-HA,443,4128,0,1,0,4129,A
4-HA,444,4170,0,1,1,4172,A
4-HA,445,4155,0,1,0,4156,A
4-HA,446,4149,1,21,1,4172,A
4-HA,447,0,0,0,4177,4177,C
4-HA,448,1,8,4133,0,4142,G
4-HA,449,0,23,4166,0,4189,G
4-HA,450,4190,0,3,0,4193,A
4-HA,451,4188,1,2,0,4191,A
4-HA,452,0,0,1,4193,4194,C
4-HA,453,4176,0,0,0,4176,A
4-HA,454,4202,0,2,0,4204,A
4-HA,455,1,1,4230,0,4232,G
4-HA,456,0,1,0,4240,4241,C
4-HA,457,3,4208,0,3,4214,T
4-HA,458,6,1,0,4238,4245,C
4-HA,459,1,4226,0,1,4228,T
4-HA,460,0,1,4241,0,4242,G
4-HA,461,1,1,0,4246,4248,C
4-HA,462,0,4241,0,8,4249,T
4-HA,463,1,4332,0,4,4337,T
4-HA,464,1,2,4404,0,4407,G
4-HA,465,2,2,0,4431,4435,C
4-HA,466,4438,0,1,0,4439,A
4-HA,467,1,4402,0,2,4405,T
4-HA,468,4393,0,7,0,4400,A
4-HA,469,4370,2,2,0,4374,A
4-HA,470,3,6,4370,0,4379,G
4-HA,471,1,18,4375,1,4395,G
4-HA,472,4213,1,0,0,4214,A
4-HA,473,0,14,4148,0,4162,G
4-HA,474,4128,0,4,0,4132,A
4-HA,475,2,4205,0,1,4208,T
4-HA,476,6,1,1,4220,4228,C
4-HA,477,1,4232,0,0,4233,T
4-HA,478,4232,0,0,0,4232,A
4-HA,479,4222,2,0,0,4224,A
4-HA,480,4189,1,1,0,4191,A
4-HA,481,4203,2,1,0,4206,A
4-HA,482,4202,0,1,1,4204,A
4-HA,483,2,2,0,4224,4228,C
4-HA,484,4122,1,2,1,4126,A
4-HA,485,0,1,4155,0,4156,G
4-HA,486,0,4135,0,2,4137,T
4-HA,487,1,4183,1,1,4186,T
4-HA,488,1,4190,0,0,4191,T
4-HA,489,7,1,0,4251,4259,C
4-HA,490,1,4255,1,3,4260,T
4-HA,491,0,4271,0,6,4277,T
4-HA,492,0,4280,0,0,4280,T
4-HA,493,4259,0,6,0,4265,A
4-HA,494,0,0,4269,0,4269,G
4-HA,495,1,4251,0,1,4253,T
4-HA,496,4233,1,0,1,4235,A
4-HA,497,0,10,4236,0,4246,G
4-HA,498,4188,0,0,0,4188,A
4-HA,499,0,4187,0,0,4187,T
4-HA,500,1,4175,0,2,4178,T
4-HA,501,9,22,4209,0,4240,G
4-HA,502,4232,0,2,0,4234,A
4-HA,503,4233,2,4,1,4240,A
4-HA,504,1,4236,0,4,4241,T
4-HA,505,0,4186,0,2,4188,T
4-HA,506,3,9,4201,1,4214,G
4-HA,507,1,3,4218,0,4222,G
4-HA,508,1,4224,0,4,4229,T
4-HA,509,0,4208,0,2,4210,T
4-HA,510,3,24,4150,0,4177,G
4-HA,511,4181,1,5,0,4187,A
4-HA,512,6,1,0,4163,4170,C
4-HA,513,9,1,2,4154,4166,C
4-HA,514,12,0,0,4210,4222,C
4-HA,515,4224,1,2,0,4227,A
4-HA,516,2,1,0,4248,4251,C
4-HA,517,0,4233,0,4,4237,T
4-HA,518,0,4244,0,0,4244,T
4-HA,519,4236,1,1,0,4238,A
4-HA,520,4212,0,1,0,4213,A
4-HA,521,4210,0,0,3,4213,A
4-HA,522,1,1,0,4096,4098,C
4-HA,523,0,4187,0,4,4191,T
4-HA,524,2,4203,1,1,4207,T
4-HA,525,11,1,1,4231,4244,C
4-HA,526,4236,0,2,1,4239,A
4-HA,527,4243,1,1,0,4245,A
4-HA,528,4242,0,1,1,4244,A
4-HA,529,0,4237,0,2,4239,T
4-HA,530,4305,0,0,0,4305,A
4-HA,531,2,5,0,4294,4301,C
4-HA,532,7,1,0,4203,4211,C
4-HA,533,5,1,0,4203,4209,C
4-HA,534,4188,2,2,0,4192,A
4-HA,535,0,0,4325,0,4325,G
4-HA,536,0,1,0,4340,4341,C
4-HA,537,4335,0,2,0,4337,A
4-HA,538,1,4320,1,3,4325,T
4-HA,539,0,4273,0,2,4275,T
4-HA,540,2,31,4348,1,4382,G
4-HA,541,4379,1,7,1,4388,A
4-HA,542,4394,1,6,1,4402,A
4-HA,543,1,3,0,4395,4399,C
4-HA,544,4,1,4290,0,4295,G
4-HA,545,0,4314,0,3,4317,T
4-HA,546,0,23,4310,0,4333,G
4-HA,547,4328,0,10,0,4338,A
4-HA,548,0,1,0,4338,4339,C
4-HA,549,3,4233,0,1,4237,T
4-HA,550,4304,0,2,0,4306,A
4-HA,551,0,4300,0,1,4301,T
4-HA,552,6,1,4329,0,4336,G
4-HA,553,4,0,0,4326,4330,C
4-HA,554,22,1,1,4261,4285,C
4-HA,555,4272,1,1,1,4275,A
4-HA,556,4272,0,2,1,4275,A
4-HA,557,4297,1,2,2,4302,A
4-HA,558,0,2,0,4310,4312,C
4-HA,559,4191,0,0,1,4192,A
4-HA,560,4197,1,1,0,4199,A
4-HA,561,0,4147,0,0,4147,T
4-HA,562,4,43,4110,0,4157,G
4-HA,563,4146,0,4,1,4151,A
4-HA,564,4146,0,2,0,4148,A
4-HA,565,1,1,0,4092,4094,C
4-HA,566,4110,0,1,0,4111,A
4-HA,567,4130,1,3,0,4134,A
4-HA,568,1,4118,1,1,4121,T
4-HA,569,0,4119,0,1,4120,T
4-HA,570,2,4123,0,2,4127,T
4-HA,571,0,41,4080,0,4121,G
4-HA,572,4124,0,2,1,4127,A
4-HA,573,2,1,1,4124,4128,C
4-HA,574,4112,0,1,0,4113,A
4-HA,575,4126,0,0,0,4126,A
4-HA,576,4172,0,0,0,4172,A
4-HA,577,4,4178,2,2,4186,T
4-HA,578,0,4167,0,0,4167,T
4-HA,579,1,0,4186,0,4187,G
4-HA,580,0,4182,0,3,4185,T
4-HA,581,4187,1,4,1,4193,A
4-HA,582,0,0,1,4262,4263,C
4-HA,583,4249,0,1,1,4251,A
4-HA,584,1,4293,1,2,4297,T
4-HA,585,0,4264,0,2,4266,T
4-HA,586,0,4254,0,3,4257,T
4-HA,587,0,14,4217,0,4231,G
4-HA,588,1,8,4221,0,4230,G
4-HA,589,2,8,4216,0,4226,G
4-HA,590,4,12,4222,0,4238,G
4-HA,591,0,8,4154,0,4162,G
4-HA,592,1,3,4258,1,4263,G
4-HA,593,0,4207,0,3,4210,T
4-HA,594,2,4219,0,2,4223,T
4-HA,595,16,1,1,4197,4215,C
4-HA,596,4228,1,4,0,4233,A
4-HA,597,2,1,0,4243,4246,C
4-HA,598,11,0,1,4240,4252,C
4-HA,599,4230,2,1,0,4233,A
4-HA,600,2,1,0,4268,4271,C
4-HA,601,3,1,2,4211,4217,C
4-HA,602,3,3,1,4162,4169,C
4-HA,603,1,7,4169,0,4177,G
4-HA,604,1,4,4228,0,4233,G
4-HA,605,1,1,4248,0,4250,G
4-HA,606,1,4219,0,5,4225,T
4-HA,607,4231,0,2,0,4233,A
4-HA,608,1,2,0,4212,4215,C
4-HA,609,2,12,4168,0,4182,G
4-HA,610,5,17,4217,0,4239,G
4-HA,611,4244,3,0,0,4247,A
4-HA,612,0,1,0,4238,4239,C
4-HA,613,4122,2,1,0,4125,A
4-HA,614,4123,0,0,1,4124,A
4-HA,615,4090,1,4,0,4095,A
4-HA,616,0,14,4153,0,4167,G
4-HA,617,4172,2,4,1,4179,A
4-HA,618,2,0,1,4165,4168,C
4-HA,619,10,1,2,4092,4105,C
4-HA,620,4124,0,1,0,4125,A
4-HA,621,4128,1,2,0,4131,A
4-HA,622,4178,0,0,0,4178,A
4-HA,623,0,4175,0,1,4176,T
4-HA,624,12,0,0,4185,4197,C
4-HA,625,0,3975,0,1,3976,T
4-HA,626,0,3950,0,2,3952,T
4-HA,627,6,0,0,3999,4005,C
4-HA,628,8,0,1,4008,4017,C
4-HA,629,2,4001,0,1,4004,T
4-HA,630,0,1,4027,0,4028,G
4-HA,631,3,3965,3,2,3973,T
4-HA,632,4016,0,0,0,4016,A
4-HA,633,0,3991,0,0,3991,T
4-HA,634,0,1,4013,0,4014,G
4-HA,635,3,0,0,4016,4019,C
4-HA,636,0,3992,0,4,3996,T
4-HA,637,36,6,2,3934,3978,C
4-HA,638,3969,2,6,0,3977,A
4-HA,639,3961,0,4,0,3965,A
4-HA,640,2,3,3969,1,3975,G
4-HA,641,1,2,0,3994,3997,C
4-HA,642,3993,0,2,0,3995,A
4-HA,643,0,3954,0,2,3956,T
4-HA,644,10,2,1,3934,3947,C
4-HA,645,3939,0,4,0,3943,A
4-HA,646,0,5,3963,0,3968,G
4-HA,647,0,4,3978,1,3983,G
4-HA,648,3975,1,3,0,3979,A
4-HA,649,3948,0,5,0,3953,A
4-HA,650,0,13,4032,0,4045,G
4-HA,651,4040,0,1,0,4041,A
4-HA,652,4094,1,3,1,4099,A
4-HA,653,2,4119,1,2,4124,T
4-HA,654,22,0,0,4106,4128,C
4-HA,655,4097,0,4,0,4101,A
4-HA,656,1,3,0,4101,4105,C
4-HA,657,4096,0,1,0,4097,A
4-HA,658,0,1,4178,1,4180,G
4-HA,659,0,4106,1,0,4107,T
4-HA,660,17,3,0,4080,4100,C
4-HA,661,0,4039,0,3,4042,T
4-HA,662,9,3,0,4115,4127,C
4-HA,663,1,4137,0,3,4141,T
4-HA,664,4176,0,1,0,4177,A
4-HA,665,6,1,0,4162,4169,C
4-HA,666,10,1,0,4154,4165,C
4-HA,667,4098,0,2,0,4100,A
4-HA,668,4108,2,3,0,4113,A
4-HA,669,4095,0,1,0,4096,A
4-HA,670,4100,0,3,1,4104,A
4-HA,671,0,7,4134,0,4141,G
4-HA,672,4033,2,3,2,4040,A
4-HA,673,4007,0,5,1,4013,A
4-HA,674,1,3,4025,1,4030,G
4-HA,675,2,0,0,4017,4019,C
4-HA,676,7,2,0,4026,4035,C
4-HA,677,4041,0,2,0,4043,A
4-HA,678,4029,25,2,0,4056,A
4-HA,679,1,1,0,4059,4061,C
4-HA,680,4064,0,1,1,4066,A
4-HA,681,4039,1,2,22,4064,A
4-HA,682,4058,0,2,0,4060,A
4-HA,683,0,0,0,4147,4147,C
4-HA,684,0,4118,0,2,4120,T
4-HA,685,0,3,4135,1,4139,G
4-HA,686,1,4126,0,1,4128,T
4-HA,687,4122,0,0,1,4123,A
4-HA,688,4140,0,1,2,4143,A
4-HA,689,2,4110,0,0,4112,T
4-HA,690,11,0,0,4124,4135,C
4-HA,691,7,0,0,4139,4146,C
4-HA,692,9,1,0,4074,4084,C
4-HA,693,1,15,4076,0,4092,G
4-HA,694,4079,1,1,0,4081,A
4-HA,695,4083,1,0,0,4084,A
4-HA,696,2,4094,0,0,4096,T
4-HA,697,4089,2,0,0,4091,A
4-HA,698,0,4074,0,1,4075,T
4-HA,699,11,2,0,4041,4054,C
4-HA,700,2,8,4043,0,4053,G
4-HA,701,0,4,4134,0,4138,G
4-HA,702,4138,1,0,0,4139,A
4-HA,703,0,4183,0,1,4184,T
4-HA,704,8,0,0,4173,4181,C
4-HA,705,0,4176,0,1,4177,T
4-HA,706,4168,0,4,0,4172,A
4-HA,707,2,16,4161,0,4179,G
4-HA,708,4191,0,9,0,4200,A
4-HA,709,3,1,0,4182,4186,C
4-HA,710,5,2,0,4077,4084,C
4-HA,711,10,0,0,4075,4085,C
4-HA,712,4057,1,1,0,4059,A
4-HA,713,0,7,4280,0,4287,G
4-HA,714,4277,2,4,1,4284,A
4-HA,715,2,1,4332,0,4335,G
4-HA,716,0,4292,0,3,4295,T
4-HA,717,4249,0,2,1,4252,A
4-HA,718,4241,1,5,0,4247,A
4-HA,719,3,8,4309,0,4320,G
4-HA,720,0,15,4340,0,4355,G
4-HA,721,4316,2,1,1,4320,A
4-HA,722,3985,1,0,2,3988,A
4-HA,723,0,3966,1,1,3968,T
4-HA,724,3995,1,0,0,3996,A
4-HA,725,1,3987,0,1,3989,T
4-HA,726,11,4,0,3997,4012,C
4-HA,727,9,0,1,4009,4019,C
4-HA,728,10,1,0,3927,3938,C
4-HA,729,0,3894,0,1,3895,T
4-HA,730,3901,0,0,0,3901,A
4-HA,731,3,1,3910,0,3914,G
4-HA,732,3,0,0,3929,3932,C
4-HA,733,3863,2,0,0,3865,A
4-HA,734,0,12,3945,0,3957,G
4-HA,735,3914,1,0,0,3915,A
4-HA,736,3915,0,1,0,3916,A
4-HA,737,0,3917,0,0,3917,T
4-HA,738,3904,0,2,0,3906,A
4-HA,739,3919,1,3,2,3925,A
4-HA,740,2,0,3914,0,3916,G
4-HA,741,2,1,0,3925,3928,C
4-HA,742,3922,1,1,1,3925,A
4-HA,743,1,3802,0,2,3805,T
4-HA,744,4,2,0,3970,3976,C
4-HA,745,0,3979,0,1,3980,T
4-HA,746,3996,3,2,0,4001,A
4-HA,747,3,3991,0,1,3995,T
4-HA,748,1,3964,0,2,3967,T
4-HA,749,3,12,3973,1,3989,G
4-HA,750,0,17,3954,1,3972,G
4-HA,751,3962,2,5,1,3970,A
4-HA,752,2,3,0,3959,3964,C
4-HA,753,3751,0,0,0,3751,A
4-HA,754,3824,1,2,0,3827,A
4-HA,755,0,3959,0,3,3962,T
4-HA,756,3978,1,2,0,3981,A
4-HA,757,1,0,4013,0,4014,G
4-HA,758,1,3967,0,1,3969,T
4-HA,759,3968,0,1,0,3969,A
4-HA,760,3964,0,2,1,3967,A
4-HA,761,4000,1,0,0,4001,A
4-HA,762,4029,0,1,0,4030,A
4-HA,763,0,2,0,4031,4033,C
4-HA,764,9,4,0,3853,3866,C
4-HA,765,7,6,3840,0,3853,G
4-HA,766,3,7,3848,0,3858,G
4-HA,767,3,18,3871,0,3892,G
4-HA,768,3887,0,4,0,3891,A
4-HA,769,0,14,3910,0,3924,G
4-HA,770,3942,0,4,1,3947,A
4-HA,771,2,3,0,3932,3937,C
4-HA,772,3926,0,2,4,3932,A
4-HA,773,0,3933,0,0,3933,T
4-HA,774,3951,0,2,0,3953,A
4-HA,775,1,0,0,4001,4002,C
4-HA,776,0,3986,0,7,3993,T
4-HA,777,1,3992,3,1,3997,T
4-HA,778,2,4007,0,6,4015,T
4-HA,779,0,4003,0,2,4005,T
4-HA,780,1,36,3990,0,4027,G
4-HA,781,4045,0,0,3,4048,A
4-HA,782,0,4036,0,2,4038,T
4-HA,783,1,4106,0,2,4109,T
4-HA,784,4081,1,0,0,4082,A
4-HA,785,4104,0,1,0,4105,A
4-HA,786,1,2,0,4138,4141,C
4-HA,787,4118,1,1,0,4120,A
4-HA,788,1,3,4227,0,4231,G
4-HA,789,1,0,0,4203,4204,C
4-HA,790,4214,0,0,0,4214,A
4-HA,791,2,3,0,4228,4233,C
4-HA,792,4170,1,5,1,4177,A
4-HA,793,0,6,4207,1,4214,G
4-HA,794,3,6,4192,0,4201,G
4-HA,795,2,16,4262,0,4280,G
4-HA,796,4269,0,0,0,4269,A
4-HA,797,4261,0,4,0,4265,A
4-HA,798,0,4252,1,1,4254,T
4-HA,799,15,0,0,4253,4268,C
4-HA,800,1,4277,0,2,4280,T
4-HA,801,4283,0,0,0,4283,A
4-HA,802,4261,0,3,0,4264,A
4-HA,803,1,4247,0,1,4249,T
4-HA,804,0,4134,0,1,4135,T
4-HA,805,1,6,4157,1,4165,G
4-HA,806,2,3,0,4233,4238,C
4-HA,807,0,4306,1,5,4312,T
4-HA,808,19,1,1,4362,4383,C
4-HA,809,6,2,1,4378,4387,C
4-HA,810,0,4379,1,3,4383,T
4-HA,811,4394,0,0,0,4394,A
4-HA,812,0,15,4383,0,4398,G
4-HA,813,3,6,4415,0,4424,G
4-HA,814,0,12,4405,1,4418,G
4-HA,815,4,4,4364,0,4372,G
4-HA,816,2,4264,1,0,4267,T
4-HA,817,0,4235,2,1,4238,T
4-HA,818,4240,0,1,0,4241,A
4-HA,819,2,0,0,4277,4279,C
4-HA,820,0,4257,0,4,4261,T
4-HA,821,2,4269,1,5,4277,T
4-HA,822,13,0,0,4250,4263,C
4-HA,823,4242,0,1,0,4243,A
4-HA,824,4248,0,4,0,4252,A
4-HA,825,4256,0,0,0,4256,A
4-HA,826,4273,0,2,0,4275,A
4-HA,827,0,4268,0,2,4270,T
4-HA,828,4248,0,0,0,4248,A
4-HA,829,1,1,0,4248,4250,C
4-HA,830,6,15,4210,0,4231,G
4-HA,831,4236,1,1,0,4238,A
4-HA,832,4231,0,0,1,4232,A
4-HA,833,0,3,4268,0,4271,G
4-HA,834,1,4256,0,1,4258,T
4-HA,835,2,10,4239,0,4251,G
4-HA,836,2,10,4244,0,4256,G
4-HA,837,1,7,4255,0,4263,G
4-HA,838,4255,3,3,0,4261,A
4-HA,839,4252,1,0,1,4254,A
4-HA,840,4258,0,2,1,4261,A
4-HA,841,4241,0,7,0,4248,A
4-HA,842,1,2,4285,0,4288,G
4-HA,843,2,1,0,4280,4283,C
4-HA,844,2,4244,0,4,4250,T
4-HA,845,15,0,0,4275,4290,C
4-HA,846,4285,0,4,0,4289,A
4-HA,847,4315,2,0,0,4317,A
4-HA,848,0,4315,0,0,4315,T
4-HA,849,4338,0,1,0,4339,A
4-HA,850,4335,1,1,1,4338,A
4-HA,851,0,4257,0,3,4260,T
4-HA,852,0,15,4265,0,4280,G
4-HA,853,4243,0,2,0,4245,A
4-HA,854,0,15,4301,0,4316,G
4-HA,855,4320,0,2,0,4322,A
4-HA,856,3,4283,0,4,4290,T
4-HA,857,8,0,0,4340,4348,C
4-HA,858,4313,0,3,2,4318,A
4-HA,859,3,8,4370,0,4381,G
4-HA,860,4380,1,2,0,4383,A
4-HA,861,0,4375,0,1,4376,T
4-HA,862,2,1,4362,0,4365,G
4-HA,863,4,1,0,4304,4309,C
4-HA,864,4311,0,12,0,4323,A
4-HA,865,1,3,0,4377,4381,C
4-HA,866,16,1,1,4310,4328,C
4-HA,867,15,1,0,4313,4329,C
4-HA,868,4264,1,1,1,4267,A
4-HA,869,0,4245,0,0,4245,T
4-HA,870,1,4236,2,1,4240,T
4-HA,871,0,18,4253,0,4271,G
4-HA,872,3,2,4253,2,4260,G
4-HA,873,0,2,0,4259,4261,C
4-HA,874,4191,0,1,0,4192,A
4-HA,875,4187,1,1,0,4189,A
4-HA,876,4231,1,2,0,4234,A
4-HA,877,0,4228,0,3,4231,T
4-HA,878,2,3,4231,0,4236,G
4-HA,879,3,0,0,4227,4230,C
4-HA,880,4191,1,2,1,4195,A
4-HA,881,4268,1,3,0,4272,A
4-HA,882,0,4261,0,2,4263,T
4-HA,883,0,4282,1,0,4283,T
4-HA,884,16,0,0,4286,4302,C
4-HA,885,4,4213,1,2,4220,T
4-HA,886,3,21,4228,0,4252,G
4-HA,887,4251,0,0,0,4251,A
4-HA,888,4266,0,1,0,4267,A
4-HA,889,1,4253,0,2,4256,T
4-HA,890,2,2,4217,0,4221,G
4-HA,891,0,2,0,4234,4236,C
4-HA,892,4224,1,3,0,4228,A
4-HA,893,1,4213,0,1,4215,T
4-HA,894,11,2,1,4206,4220,C
4-HA,895,4214,1,5,0,4220,A
4-HA,896,0,0,0,4340,4340,C
4-HA,897,0,4318,1,6,4325,T
4-HA,898,23,0,1,4307,4331,C
4-HA,899,11,1,0,4307,4319,C
4-HA,900,4356,0,1,1,4358,A
4-HA,901,4352,1,0,2,4355,A
4-HA,902,4343,0,0,0,4343,A
4-HA,903,1,4196,0,0,4197,T
4-HA,904,0,7,4220,0,4227,G
4-HA,905,0,8,4231,0,4239,G
4-HA,906,4237,1,0,1,4239,A
4-HA,907,4216,0,10,1,4227,A
4-HA,908,2,0,4231,1,4234,G
4-HA,909,0,2,1,4182,4185,C
4-HA,910,4145,0,1,0,4146,A
4-HA,911,0,4148,1,2,4151,T
4-HA,912,1,4126,1,4,4132,T
4-HA,913,13,1,2,4205,4221,C
4-HA,914,4,0,0,4202,4206,C
4-HA,915,10,1,0,4201,4212,C
4-HA,916,4208,1,1,0,4210,A
4-HA,917,4264,1,0,3,4268,A
4-HA,918,0,4312,0,2,4314,T
4-HA,919,3,36,4274,1,4314,G
4-HA,920,4316,0,0,0,4316,A
4-HA,921,1,0,0,4302,4303,C
4-HA,922,4183,1,0,0,4184,A
4-HA,923,4195,2,0,0,4197,A
4-HA,924,4187,2,5,0,4194,A
4-HA,925,1,0,0,4199,4200,C
4-HA,926,11,2,0,4130,4143,C
4-HA,927,4054,0,1,0,4055,A
4-HA,928,0,4046,0,2,4048,T
4-HA,929,1,4044,0,0,4045,T
4-HA,930,15,3,0,4039,4057,C
4-HA,931,10,4,0,4051,4065,C
4-HA,932,4061,1,1,1,4064,A
4-HA,933,4066,1,2,0,4069,A
4-HA,934,4042,0,2,0,4044,A
4-HA,935,4096,0,0,0,4096,A
4-HA,936,0,4067,0,0,4067,T
4-HA,937,1,1,4076,0,4078,G
4-HA,938,0,4074,0,0,4074,T
4-HA,939,4075,2,1,0,4078,A
4-HA,940,4064,1,4,1,4070,A
4-HA,941,4069,0,0,1,4070,A
4-HA,942,0,0,0,4078,4078,C
4-HA,943,4024,0,0,0,4024,A
4-HA,944,0,8,4033,0,4041,G
4-HA,945,0,12,4045,0,4057,G
4-HA,946,4095,1,6,0,4102,A
4-HA,947,2,4101,0,0,4103,T
4-HA,948,23,2,2,4091,4118,C
4-HA,949,4134,0,6,0,4140,A
4-HA,950,0,5,0,4236,4241,C
4-HA,951,4231,0,1,0,4232,A
4-HA,952,1,4335,1,0,4337,T
4-HA,953,4263,0,1,0,4264,A
4-HA,954,0,7,0,4216,4223,C
4-HA,955,3,5,4091,0,4099,G
4-HA,956,2,5,4113,1,4121,G
4-HA,957,0,6,4074,1,4081,G
4-HA,958,1,3,4082,0,4086,G
4-HA,959,5,1,0,3987,3993,C
4-HA,960,5,0,0,3988,3993,C
4-HA,961,0,3879,0,9,3888,T
4-HA,962,0,1,4158,0,4159,G
4-HA,963,1,4145,0,8,4154,T
4-HA,964,16,2,0,4158,4176,C
4-HA,965,13,1,0,4154,4168,C
4-HA,966,11,2,1,4130,4144,C
4-HA,967,4125,0,2,1,4128,A
4-HA,968,1,7,4154,0,4162,G
4-HA,969,4146,1,2,0,4149,A
4-HA,970,0,4153,0,0,4153,T
4-HA,971,3798,0,0,0,3798,A
4-HA,972,0,3742,0,0,3742,T
4-HA,973,2,2,3742,1,3747,G
4-HA,974,0,3725,1,3,3729,T
4-HA,975,0,3665,0,0,3665,T
4-HA,976,3684,0,2,0,3686,A
4-HA,977,3639,0,1,1,3641,A
4-HA,978,0,15,3646,0,3661,G
4-HA,979,1,6,0,3648,3655,C
4-HA,980,3564,0,1,1,3566,A
4-HA,981,3559,1,1,1,3562,A
4-HA,982,3531,0,3,0,3534,A
4-HA,983,3539,0,1,2,3542,A
4-HA,984,0,0,0,3546,3546,C
4-HA,985,3491,2,1,0,3494,A
4-HA,986,0,1,0,3516,3517,C
4-HA,987,0,3446,1,1,3448,T
4-HA,988,17,0,0,3451,3468,C
4-HA,989,1,3468,0,6,3475,T
4-HA,990,0,13,3485,0,3498,G
4-HA,991,3496,0,3,0,3499,A
4-HA,992,3483,0,1,0,3484,A
4-HA,993,3490,0,1,0,3491,A
4-HA,994,0,3463,1,0,3464,T
4-HA,995,0,3427,0,1,3428,T
4-HA,996,3,10,3440,0,3453,G
4-HA,997,2,1,3446,1,3450,G
4-HA,998,2,2,1,3447,3452,C
4-HA,999,3425,0,2,0,3427,A
4-HA,1000,3432,0,2,0,3434,A
4-HA,1001,0,1,0,3440,3441,C
4-HA,1002,3428,1,3,1,3433,A
4-HA,1003,0,8,3455,0,3463,G
4-HA,1004,1,7,3438,0,3446,G
4-HA,1005,1,7,3411,0,3419,G
4-HA,1006,3410,0,5,2,3417,A
4-HA,1007,0,3400,0,1,3401,T
4-HA,1008,1,2,3398,0,3401,G
4-HA,1009,1,4,0,3393,3398,C
4-HA,1010,3,9,3390,0,3402,G
4-HA,1011,3434,0,0,1,3435,A
4-HA,1012,3373,0,1,1,3375,A
4-HA,1013,3411,1,0,0,3412,A
4-HA,1014,0,3377,0,1,3378,T
4-HA,1015,4,4,3416,0,3424,G
4-HA,1016,2,3416,0,0,3418,T
4-HA,1017,3407,1,1,0,3409,A
4-HA,1018,2,1,0,3394,3397,C
4-HA,1019,11,0,0,3368,3379,C
4-HA,1020,3318,1,3,0,3322,A
4-HA,1021,0,9,3311,0,3320,G
4-HA,1022,3254,1,7,0,3262,A
4-HA,1023,1,9,3292,2,3304,G
4-HA,1024,3246,0,3,0,3249,A
4-HA,1025,3241,1,3,0,3245,A
4-HA,1026,3249,1,4,0,3254,A
4-HA,1027,0,1,0,3249,3250,C
4-HA,1028,3239,0,0,1,3240,A
4-HA,1029,3279,1,2,1,3283,A
4-HA,1030,3260,1,1,1,3263,A
4-HA,1031,2,2,0,3274,3278,C
4-HA,1032,1,3238,0,0,3239,T
4-HA,1033,3217,1,1,1,3220,A
4-HA,1034,0,4,3214,0,3218,G
4-HA,1035,3198,0,1,1,3200,A
4-HA,1036,1,9,3246,0,3256,G
4-HA,1037,0,2,3246,0,3248,G
4-HA,1038,2,1,0,3182,3185,C
4-HA,1039,3191,0,2,0,3193,A
4-HA,1040,1,3191,0,1,3193,T
4-HA,1041,3202,0,0,1,3203,A
4-HA,1042,1,3177,0,2,3180,T
4-HA,1043,0,3164,0,1,3165,T
4-HA,1044,0,3175,0,2,3177,T
4-HA,1045,2,7,3041,0,3050,G
4-HA,1046,2,0,3048,0,3050,G
4-HA,1047,0,2,0,3035,3037,C
4-HA,1048,4,2,3032,1,3039,G
4-HA,1049,0,0,0,3003,3003,C
4-HA,1050,3005,0,0,0,3005,A
4-HA,1051,3023,0,0,0,3023,A
4-HA,1052,0,3020,0,0,3020,T
4-HA,1053,16,0,1,3010,3027,C
4-HA,1054,1,0,3025,0,3026,G
4-HA,1055,1,5,1,2999,3006,C
4-HA,1056,2,5,3005,1,3013,G
4-HA,1057,1,6,3015,0,3022,G
4-HA,1058,3,2,3020,0,3025,G
4-HA,1059,0,3013,0,1,3014,T
4-HA,1060,0,2980,0,1,2981,T
4-HA,1061,0,2973,1,1,2975,T
4-HA,1062,10,1,0,2972,2983,C
4-HA,1063,2990,0,0,0,2990,A
4-HA,1064,2,2991,0,0,2993,T
4-HA,1065,2979,0,3,0,2982,A
4-HA,1066,1,8,2993,0,3002,G
4-HA,1067,2907,0,0,0,2907,A
4-HA,1068,2906,1,1,0,2908,A
4-HA,1069,2903,1,0,0,2904,A
4-HA,1070,2911,0,2,0,2913,A
4-HA,1071,1,2901,0,1,2903,T
4-HA,1072,1,10,2921,0,2932,G
4-HA,1073,1,2,2938,0,2941,G
4-HA,1074,2,2907,0,1,2910,T
4-HA,1075,1,2841,0,1,2843,T
4-HA,1076,2,4,2837,1,2844,G
4-HA,1077,1,3,2829,0,2833,G
4-HA,1078,1,10,2830,0,2841,G
4-HA,1079,2796,0,3,0,2799,A
4-HA,1080,1,6,2799,0,2806,G
4-HA,1081,0,6,2719,1,2726,G
4-HA,1082,1,10,2730,0,2741,G
4-HA,1083,2736,0,3,0,2739,A
4-HA,1084,2757,0,2,0,2759,A
4-HA,1085,0,2761,0,1,2762,T
4-HA,1086,1,5,2760,0,2766,G
4-HA,1087,0,2,2803,0,2805,G
4-HA,1088,1,2774,0,0,2775,T
4-HA,1089,1,9,2766,0,2776,G
4-HA,1090,1,6,2754,1,2762,G
4-HA,1091,2707,1,2,0,2710,A
4-HA,1092,0,2708,0,2,2710,T
4-HA,1093,2,13,2709,0,2724,G
4-HA,1094,2,0,2749,0,2751,G
4-HA,1095,0,2709,0,0,2709,T
4-HA,1096,1,2659,0,1,2661,T
4-HA,1097,0,5,2655,1,2661,G
4-HA,1098,1,2,2688,0,2691,G
4-HA,1099,0,2691,0,2,2693,T
4-HA,1100,2690,0,0,0,2690,A
4-HA,1101,0,0,0,2574,2574,C
4-HA,1102,1,5,2597,0,2603,G
4-HA,1103,2,0,2676,0,2678,G
4-HA,1104,1,2674,1,4,2680,T
4-HA,1105,0,2675,0,1,2676,T
4-HA,1106,0,2667,0,2,2669,T
4-HA,1107,13,2,1,2638,2654,C
4-HA,1108,2642,1,3,0,2646,A
4-HA,1109,1,5,2636,0,2642,G
4-HA,1110,0,2,2636,0,2638,G
4-HA,1111,2,1,0,2612,2615,C
4-HA,1112,2521,0,2,0,2523,A
4-HA,1113,0,2527,2,1,2530,T
4-HA,1114,7,1,0,2532,2540,C
4-HA,1115,2547,1,1,1,2550,A
4-HA,1116,2544,0,5,0,2549,A
4-HA,1117,2550,0,2,0,2552,A
4-HA,1118,2557,0,1,0,2558,A
4-HA,1119,0,2555,0,0,2555,T
4-HA,1120,0,2554,0,1,2555,T
4-HA,1121,13,2,0,2545,2560,C
4-HA,1122,0,2523,0,0,2523,T
4-HA,1123,1,4,2522,0,2527,G
4-HA,1124,2512,0,8,0,2520,A
4-HA,1125,1,7,2516,0,2524,G
4-HA,1126,2,6,2522,1,2531,G
4-HA,1127,0,7,2535,0,2542,G
4-HA,1128,2530,0,3,1,2534,A
4-HA,1129,2532,1,4,1,2538,A
4-HA,1130,1,2,2519,1,2523,G
4-HA,1131,2542,0,4,0,2546,A
4-HA,1132,1,2,2554,0,2557,G
4-HA,1133,0,6,2571,0,2577,G
4-HA,1134,2562,1,6,0,2569,A
4-HA,1135,0,4,0,2560,2564,C
4-HA,1136,2541,0,5,0,2546,A
4-HA,1137,2542,1,6,0,2549,A
4-HA,1138,0,0,2546,0,2546,G
4-HA,1139,1,1,0,2545,2547,C
4-HA,1140,2511,0,3,0,2514,A
4-HA,1141,0,1,2509,0,2510,G
4-HA,1142,0,3,0,2499,2502,C
4-HA,1143,2483,2,3,0,2488,A
4-HA,1144,1,3,2523,0,2527,G
4-HA,1145,2502,0,1,0,2503,A
4-HA,1146,0,2529,0,0,2529,T
4-HA,1147,7,0,0,2549,2556,C
4-HA,1148,1,2524,0,5,2530,T
4-HA,1149,14,1,0,2541,2556,C
4-HA,1150,2539,0,1,0,2540,A
4-HA,1151,2538,0,0,0,2538,A
4-HA,1152,2541,1,0,0,2542,A
4-HA,1153,2492,0,3,0,2495,A
4-HA,1154,0,0,2497,1,2498,G
4-HA,1155,3,0,0,2460,2463,C
4-HA,1156,2447,0,1,0,2448,A
4-HA,1157,1,0,0,2488,2489,C
4-HA,1158,0,2466,0,0,2466,T
4-HA,1159,14,1,0,2464,2479,C
4-HA,1160,2476,0,1,0,2477,A
4-HA,1161,2523,1,0,0,2524,A
4-HA,1162,0,1,2520,0,2521,G
4-HA,1163,1,3,0,2514,2518,C
4-HA,1164,2491,0,0,0,2491,A
4-HA,1165,1,0,2492,0,2493,G
4-HA,1166,0,1,0,2459,2460,C
4-HA,1167,2449,0,0,0,2449,A
4-HA,1168,2446,0,0,0,2446,A
4-HA,1169,0,2439,0,0,2439,T
4-HA,1170,8,1,0,2377,2386,C
4-HA,1171,0,16,2378,0,2394,G
4-HA,1172,2391,2,1,0,2394,A
4-HA,1173,0,2391,1,1,2393,T
4-HA,1174,17,1,0,2357,2375,C
4-HA,1175,2363,0,1,1,2365,A
4-HA,1176,2426,0,1,1,2428,A
4-HA,1177,2439,0,0,0,2439,A
4-HA,1178,0,2425,0,0,2425,T
4-HA,1179,16,0,0,2415,2431,C
4-HA,1180,2399,1,0,0,2400,A
4-HA,1181,2416,0,1,0,2417,A
4-HA,1182,0,2412,0,1,2413,T
4-HA,1183,2,9,2405,0,2416,G
4-HA,1184,1,4,2401,1,2407,G
4-HA,1185,0,9,2373,0,2382,G
4-HA,1186,2388,0,0,0,2388,A
4-HA,1187,2380,1,5,0,2386,A
4-HA,1188,0,0,2410,0,2410,G
4-HA,1189,0,0,0,2407,2407,C
4-HA,1190,2,2390,0,2,2394,T
4-HA,1191,3,13,2465,0,2481,G
4-HA,1192,2471,1,1,0,2473,A
4-HA,1193,2458,1,4,0,2463,A
4-HA,1194,0,2472,0,1,2473,T
4-HA,1195,2411,0,2,0,2413,A
4-HA,1196,6,3,2401,0,2410,G
4-HA,1197,2219,0,2,0,2221,A
4-HA,1198,0,2244,0,1,2245,T
4-HA,1199,0,2249,0,1,2250,T
4-HA,1200,1,10,2243,0,2254,G
4-HA,1201,2251,0,0,0,2251,A
4-HA,1202,0,2243,0,1,2244,T
4-HA,1203,8,1,0,2246,2255,C
4-HA,1204,1,2,2250,0,2253,G
4-HA,1205,2,2,2239,0,2243,G
4-HA,1206,1,8,2249,0,2258,G
4-HA,1207,2247,0,1,0,2248,A
4-HA,1208,2247,0,4,0,2251,A
4-HA,1209,2237,1,0,2,2240,A
4-HA,1210,2243,1,2,1,2247,A
4-HA,1211,0,0,1,2253,2254,C
4-HA,1212,7,0,0,2243,2250,C
4-HA,1213,2241,1,1,0,2243,A
4-HA,1214,2239,1,1,0,2241,A
4-HA,1215,0,1,0,2242,2243,C
4-HA,1216,1,8,2248,0,2257,G
4-HA,1217,2258,0,0,0,2258,A
4-HA,1218,0,6,2248,1,2255,G
4-HA,1219,2246,0,2,1,2249,A
4-HA,1220,2249,0,0,0,2249,A
4-HA,1221,2244,1,0,1,2246,A
4-HA,1222,0,2240,1,5,2246,T
4-HA,1223,0,2246,0,2,2248,T
4-HA,1224,3,0,0,2249,2252,C
4-HA,1225,9,2,0,2223,2234,C
4-HA,1226,2234,0,1,0,2235,A
4-HA,1227,0,2224,0,1,2225,T
4-HA,1228,6,0,0,2227,2233,C
4-HA,1229,2223,0,0,0,2223,A
4-HA,1230,0,2,2233,1,2236,G
4-HA,1231,2229,0,0,0,2229,A
4-HA,1232,1,2222,0,0,2223,T
4-HA,1233,0,2213,0,1,2214,T
4-HA,1234,2,8,2209,0,2219,G
4-HA,1235,2213,4,0,0,2217,A
4-HA,1236,2219,0,0,0,2219,A
4-HA,1237,2218,1,2,0,2221,A
4-HA,1238,2221,0,1,0,2222,A
4-HA,1239,2187,0,4,0,2191,A
4-HA,1240,0,8,2186,0,2194,G
4-HA,1241,2172,0,2,1,2175,A
4-HA,1242,2180,0,0,0,2180,A
4-HA,1243,0,2158,0,0,2158,T
4-HA,1244,0,2159,0,0,2159,T
4-HA,1245,5,0,0,2157,2162,C
4-HA,1246,2,2157,0,1,2160,T
4-HA,1247,6,0,0,2150,2156,C
4-HA,1248,2154,0,1,0,2155,A
4-HA,1249,1,4,2149,0,2154,G
4-HA,1250,2153,0,1,0,2154,A
4-HA,1251,2146,0,1,0,2147,A
4-HA,1252,1,0,2177,0,2178,G
4-HA,1253,1,2164,1,3,2169,T
4-HA,1254,17,1,0,2150,2168,C
4-HA,1255,3,7,2159,0,2169,G
4-HA,1256,2159,0,1,8,2168,A
4-HA,1257,2163,0,6,1,2170,A
4-HA,1258,0,6,2155,0,2161,G
4-HA,1259,2,2,2173,0,2177,G
4-HA,1260,1,6,2165,1,2173,G
4-HA,1261,2109,0,6,0,2115,A
4-HA,1262,1,4,2130,0,2135,G
4-HA,1263,2120,0,1,3,2124,A
4-HA,1264,2213,0,0,0,2213,A
4-HA,1265,0,2219,1,0,2220,T
4-HA,1266,3,2211,0,0,2214,T
4-HA,1267,13,3,0,2197,2213,C
4-HA,1268,2174,0,3,0,2177,A
4-HA,1269,2,6,2175,1,2184,G
4-HA,1270,0,5,2177,0,2182,G
4-HA,1271,2164,0,1,0,2165,A
4-HA,1272,0,0,0,2153,2153,C
4-HA,1273,4,0,0,1988,1992,C
4-HA,1274,1,1978,0,3,1982,T
4-HA,1275,0,1920,1,64,1985,T
4-HA,1276,0,6,1989,0,1995,G
4-HA,1277,1989,1,1,0,1991,A
4-HA,1278,0,4,2019,0,2023,G
4-HA,1279,2008,0,1,0,2009,A
4-HA,1280,1829,0,0,1,1830,A
4-HA,1281,1802,0,1,0,1803,A
4-HA,1282,0,1754,1,1,1756,T
4-HA,1283,1800,0,0,0,1800,A
4-HA,1284,1,1792,0,1,1794,T
4-HA,1285,3,0,1809,0,1812,G
4-HA,1286,0,1809,0,0,1809,T
4-HA,1287,0,1764,0,0,1764,T
4-HA,1288,0,5,1760,1,1766,G
4-HA,1289,1739,0,2,0,1741,A
4-HA,1290,2,1,1745,0,1748,G
4-HA,1291,4,8,1728,0,1740,G
4-HA,1292,1717,0,2,0,1719,A
4-HA,1293,1,0,0,1777,1778,C
4-HA,1294,1736,0,0,0,1736,A
4-HA,1295,0,1,0,1733,1734,C
4-HA,1296,1,1718,0,2,1721,T
4-HA,1297,1829,0,1,1,1831,A
4-HA,1298,1852,0,0,0,1852,A
4-HA,1299,1850,0,0,0,1850,A
4-HA,1300,1866,0,0,0,1866,A
4-HA,1301,0,1863,0,1,1864,T
4-HA,1302,1795,1,1,0,1797,A
4-HA,1303,0,4,1799,0,1803,G
4-HA,1304,1761,0,0,0,1761,A
4-HA,1305,0,1773,0,0,1773,T
4-HA,1306,3,0,0,1762,1765,C
4-HA,1307,1,1737,0,0,1738,T
4-HA,1308,1,0,0,1764,1765,C
4-HA,1309,0,1770,0,0,1770,T
4-HA,1310,2,6,1790,0,1798,G
4-HA,1311,0,2,1831,0,1833,G
4-HA,1312,1,1824,0,1,1826,T
4-HA,1313,21,0,0,1814,1835,C
4-HA,1314,1843,0,2,0,1845,A
4-HA,1315,0,1850,0,2,1852,T
4-HA,1316,1845,1,2,0,1848,A
4-HA,1317,0,0,0,1846,1846,C
4-HA,1318,1804,0,0,0,1804,A
4-HA,1319,1808,0,1,0,1809,A
4-HA,1320,1,1,0,1753,1755,C
4-HA,1321,2,0,1755,0,1757,G
4-HA,1322,1,1,0,1751,1753,C
4-HA,1323,1,3,1741,0,1745,G
4-HA,1324,2,3,1741,0,1746,G
4-HA,1325,1744,0,1,0,1745,A
4-HA,1326,0,0,1765,0,1765,G
4-HA,1327,1,1,0,1759,1761,C
4-HA,1328,0,1755,0,1,1756,T
4-HA,1329,0,1769,0,2,1771,T
4-HA,1330,8,0,0,1766,1774,C
4-HA,1331,2,1781,0,0,1783,T
4-HA,1332,0,1780,0,1,1781,T
4-HA,1333,0,0,1781,0,1781,G
4-HA,1334,0,1766,0,4,1770,T
4-HA,1335,0,1740,0,3,1743,T
4-HA,1336,0,1,1786,0,1787,G
4-HA,1337,2,2,0,1779,1783,C
4-HA,1338,6,1,0,1768,1775,C
4-HA,1339,4,2,0,1784,1790,C
4-HA,1340,0,1776,0,5,1781,T
4-HA,1341,0,7,1801,0,1808,G
4-HA,1342,0,6,1800,0,1806,G
4-HA,1343,1798,0,1,0,1799,A
4-HA,1344,0,8,1801,0,1809,G
4-HA,1345,1776,0,2,0,1778,A
4-HA,1346,1779,0,0,0,1779,A
4-HA,1347,1,0,0,1810,1811,C
4-HA,1348,4,1,0,1802,1807,C
4-HA,1349,1809,0,2,0,1811,A
4-HA,1350,1890,0,0,0,1890,A
4-HA,1351,1,2,0,1895,1898,C
4-HA,1352,1903,0,0,0,1903,A
4-HA,1353,0,1897,0,4,1901,T
4-HA,1354,1893,0,1,0,1894,A
4-HA,1355,2,0,0,1926,1928,C
4-HA,1356,1887,0,2,1,1890,A
4-HA,1357,1894,0,0,0,1894,A
4-HA,1358,0,1888,0,1,1889,T
4-HA,1359,0,1821,0,1,1822,T
4-HA,1360,0,9,1825,1,1835,G
4-HA,1361,1842,0,3,0,1845,A
4-HA,1362,0,1837,0,3,1840,T
4-HA,1363,6,0,0,1844,1850,C
4-HA,1364,0,1818,0,1,1819,T
4-HA,1365,1838,0,0,0,1838,A
4-HA,1366,1835,0,1,0,1836,A
4-HA,1367,0,2,0,1834,1836,C
4-HA,1368,0,1819,0,3,1822,T
4-HA,1369,0,16,1799,0,1815,G
4-HA,1370,1825,2,0,0,1827,A
4-HA,1371,0,0,0,1815,1815,C
4-HA,1372,0,1802,0,1,1803,T
4-HA,1373,6,0,0,1805,1811,C
4-HA,1374,1804,0,1,0,1805,A
4-HA,1375,0,5,1827,0,1832,G
4-HA,1376,1838,0,0,0,1838,A
4-HA,1377,1835,0,0,0,1835,A
4-HA,1378,1831,0,1,0,1832,A
4-HA,1379,0,1822,0,0,1822,T
4-HA,1380,0,18,1818,0,1836,G
4-HA,1381,1833,0,0,0,1833,A
4-HA,1382,1835,0,3,0,1838,A
4-HA,1383,0,0,1,1839,1840,C
4-HA,1384,1814,0,0,0,1814,A
4-HA,1385,1812,0,0,1,1813,A
4-HA,1386,1818,0,0,0,1818,A
4-HA,1387,0,1,0,1824,1825,C
4-HA,1388,0,1808,0,0,1808,T
4-HA,1389,0,1,1817,0,1818,G
4-HA,1390,2,1803,0,1,1806,T
4-HA,1391,0,1804,0,0,1804,T
4-HA,1392,1,1806,0,0,1807,T
4-HA,1393,1,9,1796,0,1806,G
4-HA,1394,1807,0,1,1,1809,A
4-HA,1395,1804,2,1,0,1807,A
4-HA,1396,1801,0,0,0,1801,A
4-HA,1397,1802,1,0,1,1804,A
4-HA,1398,1799,0,0,0,1799,A
4-HA,1399,1801,0,0,0,1801,A
4-HA,1400,0,0,0,1803,1803,C
4-HA,1401,1797,0,1,0,1798,A
4-HA,1402,1801,0,1,0,1802,A
4-HA,1403,1799,1,2,0,1802,A
4-HA,1404,0,3,1808,0,1811,G
4-HA,1405,1812,1,0,0,1813,A
4-HA,1406,1811,0,2,0,1813,A
4-HA,1407,0,1,1812,0,1813,G
4-HA,1408,1,2,0,1808,1811,C
4-HA,1409,1804,0,1,0,1805,A
4-HA,1410,1815,0,0,0,1815,A
4-HA,1411,0,32,0,1786,1818,C
4-HA,1412,0,1803,0,1,1804,T
4-HA,1413,0,4,1809,0,1813,G
4-HA,1414,1793,0,3,1,1797,A
4-HA,1415,0,9,1806,0,1815,G
4-HA,1416,0,3,1805,0,1808,G
4-HA,1417,0,6,1797,0,1803,G
4-HA,1418,1805,0,1,0,1806,A
4-HA,1419,1799,0,0,0,1799,A
4-HA,1420,1792,0,1,0,1793,A
4-HA,1421,1812,0,1,0,1813,A
4-HA,1422,0,1805,0,0,1805,T
4-HA,1423,0,0,1827,0,1827,G
4-HA,1424,1,0,1,1821,1823,C
4-HA,1425,0,1806,0,1,1807,T
4-HA,1426,0,6,1809,0,1815,G
4-HA,1427,1806,1,3,0,1810,A
4-HA,1428,0,5,1888,0,1893,G
4-HA,1429,0,2,1911,0,1913,G
4-HA,1430,1892,1,0,0,1893,A
4-HA,1431,0,1890,2,0,1892,T
4-HA,1432,1874,0,0,0,1874,A
4-HA,1433,0,1861,1,0,1862,T
4-HA,1434,1,2,1884,0,1887,G
4-HA,1435,2,3,1890,0,1895,G
4-HA,1436,4,0,1895,0,1899,G
4-HA,1437,0,1,0,1825,1826,C
4-HA,1438,1775,1,3,0,1779,A
4-HA,1439,1786,0,4,0,1790,A
4-HA,1440,0,1780,0,0,1780,T
4-HA,1441,0,6,1777,0,1783,G
4-HA,1442,2,1,1783,0,1786,G
4-HA,1443,1,1764,0,1,1766,T
4-HA,1444,0,1737,0,0,1737,T
4-HA,1445,0,3,1751,0,1754,G
4-HA,1446,0,1767,0,2,1769,T
4-HA,1447,0,1759,1,3,1763,T
4-HA,1448,0,1768,1,0,1769,T
4-HA,1449,4,0,0,1772,1776,C
4-HA,1450,1764,0,2,0,1766,A
4-HA,1451,1763,0,0,0,1763,A
4-HA,1452,1766,1,0,0,1767,A
4-HA,1453,1790,0,1,0,1791,A
4-HA,1454,0,1781,0,0,1781,T
4-HA,1455,1770,0,0,0,1770,A
4-HA,1456,1,1768,0,0,1769,T
4-HA,1457,1765,0,3,0,1768,A
4-HA,1458,0,0,0,1776,1776,C
4-HA,1459,0,1,0,1764,1765,C
4-HA,1460,1767,0,1,0,1768,A
4-HA,1461,2,1,0,1770,1773,C
4-HA,1462,1769,0,1,0,1770,A
4-HA,1463,1776,0,0,0,1776,A
4-HA,1464,1770,0,0,0,1770,A
4-HA,1465,0,1766,0,1,1767,T
4-HA,1466,1,1,1770,0,1772,G
4-HA,1467,0,1758,0,0,1758,T
4-HA,1468,0,12,1751,0,1763,G
4-HA,1469,1765,0,1,0,1766,A
4-HA,1470,1,0,0,1764,1765,C
4-HA,1471,1733,0,2,0,1735,A
4-HA,1472,1734,0,1,0,1735,A
4-HA,1473,0,1747,0,0,1747,T
4-HA,1474,1,1,1754,0,1756,G
4-HA,1475,0,2,0,1745,1747,C
4-HA,1476,4,0,0,1747,1751,C
4-HA,1477,1,1734,0,2,1737,T
4-HA,1478,0,2,1794,0,1796,G
4-HA,1479,1,1,1,1791,1794,C
4-HA,1480,1796,0,1,0,1797,A
4-HA,1481,1,1795,0,0,1796,T
4-HA,1482,1736,1,1,1,1739,A
4-HA,1483,3,3,1732,0,1738,G
4-HA,1484,0,4,1721,0,1725,G
4-HA,1485,1715,0,2,0,1717,A
4-HA,1486,0,1707,0,1,1708,T
4-HA,1487,8,0,0,1620,1628,C
4-HA,1488,1620,0,1,0,1621,A
4-HA,1489,1628,0,0,0,1628,A
4-HA,1490,2,1624,0,0,1626,T
4-HA,1491,10,1,0,1621,1632,C
4-HA,1492,1594,1,0,0,1595,A
4-HA,1493,0,4,1603,0,1607,G
4-HA,1494,1607,0,0,0,1607,A
4-HA,1495,1608,0,0,0,1608,A
4-HA,1496,1606,0,0,0,1606,A
4-HA,1497,0,1591,0,0,1591,T
4-HA,1498,1,2,1579,0,1582,G
4-HA,1499,1,4,1582,0,1587,G
4-HA,1500,1582,0,1,0,1583,A
4-HA,1501,1597,0,0,0,1597,A
4-HA,1502,0,1,0,1588,1589,C
4-HA,1503,1,1568,0,1,1570,T
4-HA,1504,0,1580,0,0,1580,T
4-HA,1505,1579,1,1,0,1581,A
4-HA,1506,0,1582,0,1,1583,T
4-HA,1507,0,13,1567,0,1580,G
4-HA,1508,1575,0,2,0,1577,A
4-HA,1509,0,0,0,1573,1573,C
4-HA,1510,3,2,0,1551,1556,C
4-HA,1511,1548,0,1,0,1549,A
4-HA,1512,0,0,0,1584,1584,C
4-HA,1513,1,4,1616,0,1621,G
4-HA,1514,1644,0,2,0,1646,A
4-HA,1515,0,1664,0,0,1664,T
4-HA,1516,3,0,1707,1,1711,G
4-HA,1517,0,1703,0,1,1704,T
4-HA,1518,1748,1,0,0,1749,A
4-HA,1519,0,1750,0,0,1750,T
4-HA,1520,1744,0,3,0,1747,A
4-HA,1521,0,1,0,1746,1747,C
4-HA,1522,1553,0,1,0,1554,A
4-HA,1523,0,6,1573,0,1579,G
4-HA,1524,1485,1,0,0,1486,A
4-HA,1525,0,3,1434,0,1437,G
4-HA,1526,1437,0,0,0,1437,A
4-HA,1527,0,1340,0,0,1340,T
4-HA,1528,0,11,1325,1,1337,G
4-HA,1529,1338,0,0,0,1338,A
4-HA,1530,1334,0,1,1,1336,A
4-HA,1531,0,1,1354,0,1355,G
4-HA,1532,2,0,0,1336,1338,C
4-HA,1533,1338,0,0,0,1338,A
4-HA,1534,0,1333,0,1,1334,T
4-HA,1535,0,1332,0,0,1332,T
4-HA,1536,1337,0,1,0,1338,A
4-HA,1537,1339,0,1,0,1340,A
4-HA,1538,1340,1,0,0,1341,A
4-HA,1539,1,2,0,1336,1339,C
4-HA,1540,1282,0,0,0,1282,A
4-HA,1541,1283,0,0,0,1283,A
4-HA,1542,2,0,0,1275,1277,C
4-HA,1543,1,0,0,1273,1274,C
4-HA,1544,1,2,1270,0,1273,G
4-HA,1545,0,1,1280,0,1281,G
4-HA,1546,0,1275,1,5,1281,T
4-HA,1547,0,1271,0,1,1272,T
4-HA,1548,0,1263,1,1,1265,T
4-HA,1549,2,0,1,1263,1266,C
4-HA,1550,1269,0,1,0,1270,A
4-HA,1551,0,8,1276,0,1284,G
4-HA,1552,1283,0,1,0,1284,A
4-HA,1553,0,1278,0,1,1279,T
4-HA,1554,6,0,0,1254,1260,C
4-HA,1555,1255,0,1,0,1256,A
4-HA,1556,1256,0,0,0,1256,A
4-HA,1557,0,1,1255,0,1256,G
4-HA,1558,0,4,1246,0,1250,G
4-HA,1559,0,4,1245,0,1249,G
4-HA,1560,1208,1,1,0,1210,A
4-HA,1561,0,0,1215,0,1215,G
4-HA,1562,0,1215,0,1,1216,T
4-HA,1563,1,1214,0,1,1216,T
4-HA,1564,0,6,1216,0,1222,G
4-HA,1565,1213,0,2,1,1216,A
4-HA,1566,0,1,1219,0,1220,G
4-HA,1567,0,1,0,1219,1220,C
4-HA,1568,0,1214,0,0,1214,T
4-HA,1569,0,0,1217,0,1217,G
4-HA,1570,1211,0,0,0,1211,A
4-HA,1571,1210,1,1,0,1212,A
4-HA,1572,1,0,1210,0,1211,G
4-HA,1573,0,1190,0,2,1192,T
4-HA,1574,10,0,0,1182,1192,C
4-HA,1575,1177,0,3,0,1180,A
4-HA,1576,0,5,1173,0,1178,G
4-HA,1577,0,2,1172,0,1174,G
4-HA,1578,2,0,1145,0,1147,G
4-HA,1579,0,1177,0,1,1178,T
4-HA,1580,1180,1,1,0,1182,A
4-HA,1581,1,0,0,1179,1180,C
4-HA,1582,1182,0,0,0,1182,A
4-HA,1583,1183,0,0,0,1183,A
4-HA,1584,1171,1,0,0,1172,A
4-HA,1585,0,1,1178,0,1179,G
4-HA,1586,1141,0,0,0,1141,A
4-HA,1587,0,1104,0,0,1104,T
4-HA,1588,0,1092,0,0,1092,T
4-HA,1589,0,2,1085,0,1087,G
4-HA,1590,1,1,1088,0,1090,G
4-HA,1591,1084,0,0,0,1084,A
4-HA,1592,0,1090,0,0,1090,T
4-HA,1593,4,1,0,1081,1086,C
4-HA,1594,1,0,0,1055,1056,C
4-HA,1595,0,1050,0,0,1050,T
4-HA,1596,1054,0,0,0,1054,A
4-HA,1597,0,1051,0,2,1053,T
4-HA,1598,1,4,1046,0,1051,G
4-HA,1599,0,2,1044,0,1046,G
4-HA,1600,1031,0,0,0,1031,A
4-HA,1601,0,1029,0,1,1030,T
4-HA,1602,0,1017,0,0,1017,T
4-HA,1603,1,1006,0,1,1008,T
4-HA,1604,1,0,0,1010,1011,C
4-HA,1605,1,0,0,1011,1012,C
4-HA,1606,0,995,0,2,997,T
4-HA,1607,0,993,0,1,994,T
4-HA,1608,0,991,1,3,995,T
4-HA,1609,0,1,997,0,998,G
4-HA,1610,0,0,0,994,994,C
4-HA,1611,4,0,0,991,995,C
4-HA,1612,981,0,1,1,983,A
4-HA,1613,0,971,0,0,971,T
4-HA,1614,974,0,0,0,974,A
4-HA,1615,0,973,0,1,974,T
4-HA,1616,5,0,0,968,973,C
4-HA,1617,973,0,0,0,973,A
4-HA,1618,0,959,0,0,959,T
4-HA,1619,3,0,960,0,963,G
4-HA,1620,0,957,1,0,958,T
4-HA,1621,0,943,0,8,951,T
4-HA,1622,0,949,0,0,949,T
4-HA,1623,0,922,0,2,924,T
4-HA,1624,0,918,0,0,918,T
4-HA,1625,0,919,0,0,919,T
4-HA,1626,0,1,923,0,924,G
4-HA,1627,0,0,0,922,922,C
4-HA,1628,1,897,0,1,899,T
4-HA,1629,0,896,0,5,901,T
4-HA,1630,0,893,0,1,894,T
4-HA,1631,0,1,903,0,904,G
4-HA,1632,0,904,0,1,905,T
4-HA,1633,0,0,906,0,906,G
4-HA,1634,0,904,0,0,904,T
4-HA,1635,0,891,0,0,891,T
4-HA,1636,2,0,892,0,894,G
4-HA,1637,0,0,0,894,894,C
4-HA,1638,0,886,0,2,888,T
4-HA,1639,0,888,0,0,888,T
4-HA,1640,0,839,0,0,839,T
4-HA,1641,0,0,839,0,839,G
4-HA,1642,0,833,0,1,834,T
4-HA,1643,0,832,0,0,832,T
4-HA,1644,0,0,831,0,831,G
4-HA,1645,0,1,810,0,811,G
4-HA,1646,0,0,806,0,806,G
4-HA,1647,1,0,802,0,803,G
4-HA,1648,0,777,0,2,779,T
4-HA,1649,0,774,0,2,776,T
4-HA,1650,7,0,0,758,765,C
4-HA,1651,757,0,1,0,758,A
4-HA,1652,0,755,0,1,756,T
4-HA,1653,4,1,0,750,755,C
4-HA,1654,746,0,0,0,746,A
4-HA,1655,0,716,0,0,716,T
4-HA,1656,0,0,711,0,711,G
4-HA,1657,0,695,0,1,696,T
4-HA,1658,0,0,688,0,688,G
4-HA,1659,0,0,659,0,659,G
4-HA,1660,0,0,661,0,661,G
4-HA,1661,1,0,0,646,647,C
4-HA,1662,0,0,0,633,633,C
4-HA,1663,0,594,0,1,595,T
4-HA,1664,0,0,599,0,599,G
4-HA,1665,0,0,0,598,598,C
4-HA,1666,7,0,0,590,597,C
4-HA,1667,594,0,0,0,594,A
4-HA,1668,588,0,0,0,588,A
4-HA,1669,587,0,0,0,587,A
4-HA,1670,584,0,0,0,584,A
4-HA,1671,585,0,1,0,586,A
4-HA,1672,0,1,584,0,585,G
4-HA,1673,0,0,567,0,567,G
4-HA,1674,0,0,0,555,555,C
4-HA,1675,550,0,0,0,550,A
4-HA,1676,552,0,0,0,552,A
4-HA,1677,0,0,0,551,551,C
4-HA,1678,548,0,0,0,548,A
4-HA,1679,0,546,0,0,546,T
4-HA,1680,0,540,0,0,540,T
4-HA,1681,522,0,1,0,523,A
4-HA,1682,0,0,522,0,522,G
4-HA,1683,0,0,518,0,518,G
4-HA,1684,0,504,0,1,505,T
4-HA,1685,0,0,476,0,476,G
4-HA,1686,1,0,0,449,450,C
4-HA,1687,440,1,0,0,441,A
4-HA,1688,441,0,0,0,441,A
4-HA,1689,0,1,0,440,441,C
4-HA,1690,432,0,0,0,432,A
4-HA,1691,0,424,0,1,425,T
4-HA,1692,0,409,0,0,409,T
4-HA,1693,0,405,0,0,405,T
4-HA,1694,1,0,406,0,407,G
4-HA,1695,0,0,0,404,404,C
4-HA,1696,402,0,0,0,402,A
4-HA,1697,0,374,0,1,375,T
4-HA,1698,0,360,0,1,361,T
4-HA,1699,0,350,0,0,350,T
4-HA,1700,0,0,349,0,349,G
4-HA,1701,335,0,0,0,335,A
5-NP,1,594,0,0,0,594,A
5-NP,2,0,596,0,0,596,T
5-NP,3,0,0,596,0,596,G
5-NP,4,0,1,601,0,602,G
5-NP,5,0,0,0,610,610,C
5-NP,6,0,1,631,0,632,G
5-NP,7,0,651,0,1,652,T
5-NP,8,2,1,0,654,657,C
5-NP,9,0,0,0,662,662,C
5-NP,10,2,0,0,662,664,C
5-NP,11,664,0,0,0,664,A
5-NP,12,663,0,0,1,664,A
5-NP,13,0,2,668,0,670,G
5-NP,14,0,0,685,0,685,G
5-NP,15,0,1,0,688,689,C
5-NP,16,690,0,0,0,690,A
5-NP,17,0,0,0,706,706,C
5-NP,18,2,0,0,703,705,C
5-NP,19,709,0,0,1,710,A
5-NP,20,710,0,0,0,710,A
5-NP,21,709,0,0,0,709,A
5-NP,22,0,1,0,710,711,C
5-NP,23,0,3,714,0,717,G
5-NP,24,0,1,790,0,791,G
5-NP,25,0,791,0,0,791,T
5-NP,26,2,0,0,856,858,C
5-NP,27,0,855,0,0,855,T
5-NP,28,0,865,0,1,866,T
5-NP,29,865,0,1,0,866,A
5-NP,30,0,868,0,0,868,T
5-NP,31,0,8,862,0,870,G
5-NP,32,871,0,1,0,872,A
5-NP,33,866,0,1,0,867,A
5-NP,34,0,1,0,876,877,C
5-NP,35,871,0,0,0,871,A
5-NP,36,0,2,929,0,931,G
5-NP,37,926,0,0,0,926,A
5-NP,38,0,931,0,0,931,T
5-NP,39,0,5,925,0,930,G
5-NP,40,1,1,932,0,934,G
5-NP,41,932,0,0,0,932,A
5-NP,42,939,0,0,0,939,A
5-NP,43,939,1,1,0,941,A
5-NP,44,0,0,0,987,987,C
5-NP,45,1,976,0,0,977,T
5-NP,46,0,1,990,0,991,G
5-NP,47,990,0,0,0,990,A
5-NP,48,0,985,0,0,985,T
5-NP,49,0,3,985,0,988,G
5-NP,50,0,1,985,0,986,G
5-NP,51,979,0,0,0,979,A
5-NP,52,0,1,991,0,992,G
5-NP,53,992,0,0,0,992,A
5-NP,54,0,993,0,0,993,T
5-NP,55,2,1,0,992,995,C
5-NP,56,1,0,999,0,1000,G
5-NP,57,1,0,0,1022,1023,C
5-NP,58,0,0,0,1024,1024,C
5-NP,59,1022,0,1,0,1023,A
5-NP,60,0,4,1038,0,1042,G
5-NP,61,1039,0,0,0,1039,A
5-NP,62,1054,0,0,0,1054,A
5-NP,63,0,1053,0,1,1054,T
5-NP,64,0,0,1059,0,1059,G
5-NP,65,1,0,0,1068,1069,C
5-NP,66,1068,0,0,0,1068,A
5-NP,67,1089,0,0,0,1089,A
5-NP,68,0,0,0,1089,1089,C
5-NP,69,0,1087,0,0,1087,T
5-NP,70,1,6,1094,0,1101,G
5-NP,71,1118,0,0,0,1118,A
5-NP,72,0,3,1168,0,1171,G
5-NP,73,1167,0,0,0,1167,A
5-NP,74,0,1160,0,1,1161,T
5-NP,75,0,1167,0,0,1167,T
5-NP,76,1161,0,1,0,1162,A
5-NP,77,0,4,1156,0,1160,G
5-NP,78,0,7,1155,0,1162,G
5-NP,79,2,0,1160,0,1162,G
5-NP,80,0,3,1,1141,1145,C
5-NP,81,1134,0,0,0,1134,A
5-NP,82,0,1137,0,1,1138,T
5-NP,83,1,0,0,1142,1143,C
5-NP,84,3,0,0,1141,1144,C
5-NP,85,0,0,1154,0,1154,G
5-NP,86,0,1150,0,0,1150,T
5-NP,87,2,0,0,1148,1150,C
5-NP,88,0,4,1153,0,1157,G
5-NP,89,0,1,1161,0,1162,G
5-NP,90,0,2,1166,0,1168,G
5-NP,91,1162,0,1,0,1163,A
5-NP,92,1169,0,0,1,1170,A
5-NP,93,1,5,1184,0,1190,G
5-NP,94,1184,0,1,0,1185,A
5-NP,95,0,1197,0,1,1198,T
5-NP,96,0,7,1202,0,1209,G
5-NP,97,1214,0,2,0,1216,A
5-NP,98,0,1215,0,1,1216,T
5-NP,99,1,1209,0,0,1210,T
5-NP,100,0,2,1218,0,1220,G
5-NP,101,1216,1,0,0,1217,A
5-NP,102,0,1215,0,1,1216,T
5-NP,103,0,3,1215,0,1218,G
5-NP,104,0,6,1200,0,1206,G
5-NP,105,1,3,1205,0,1209,G
5-NP,106,1283,2,0,0,1285,A
5-NP,107,0,1289,0,0,1289,T
5-NP,108,0,1290,0,1,1291,T
5-NP,109,0,6,1294,0,1300,G
5-NP,110,0,3,1302,0,1305,G
5-NP,111,0,5,1306,0,1311,G
5-NP,112,1305,0,1,0,1306,A
5-NP,113,0,2,1298,0,1300,G
5-NP,114,1292,1,3,0,1296,A
5-NP,115,0,1321,0,0,1321,T
5-NP,116,1,1322,0,0,1323,T
5-NP,117,5,0,0,1321,1326,C
5-NP,118,0,1325,0,0,1325,T
5-NP,119,1341,0,0,0,1341,A
5-NP,120,0,0,0,1343,1343,C
5-NP,121,1367,1,0,0,1368,A
5-NP,122,0,1379,0,0,1379,T
5-NP,123,4,1,0,1372,1377,C
5-NP,124,6,1,0,1364,1371,C
5-NP,125,1374,0,1,0,1375,A
5-NP,126,1391,0,0,0,1391,A
5-NP,127,1394,0,0,0,1394,A
5-NP,128,1,1385,0,1,1387,T
5-NP,129,0,0,1392,0,1392,G
5-NP,130,0,1376,0,2,1378,T
5-NP,131,0,1,1388,0,1389,G
5-NP,132,1,0,0,1389,1390,C
5-NP,133,1389,0,0,1,1390,A
5-NP,134,0,0,0,1390,1390,C
5-NP,135,0,1378,0,0,1378,T
5-NP,136,0,8,1437,0,1445,G
5-NP,137,1455,3,3,0,1461,A
5-NP,138,1477,0,0,0,1477,A
5-NP,139,1,0,0,1484,1485,C
5-NP,140,0,1479,0,1,1480,T
5-NP,141,0,1484,0,1,1485,T
5-NP,142,1478,0,0,0,1478,A
5-NP,143,1480,1,0,0,1481,A
5-NP,144,1489,0,1,0,1490,A
5-NP,145,1,0,0,1492,1493,C
5-NP,146,0,1454,0,0,1454,T
5-NP,147,3,0,0,1470,1473,C
5-NP,148,1461,0,0,0,1461,A
5-NP,149,0,1,1475,0,1476,G
5-NP,150,1,1476,0,0,1477,T
5-NP,151,0,6,1474,0,1480,G
5-NP,152,1502,1,0,1,1504,A
5-NP,153,2,1501,0,0,1503,T
5-NP,154,12,0,0,1504,1516,C
5-NP,155,1524,0,0,0,1524,A
5-NP,156,0,1518,0,0,1518,T
5-NP,157,1,4,1517,0,1522,G
5-NP,158,1513,1,0,1,1515,A
5-NP,159,1510,0,5,1,1516,A
5-NP,160,0,5,1518,0,1523,G
5-NP,161,1,5,1501,1,1508,G
5-NP,162,1,0,1505,0,1506,G
5-NP,163,1,3,0,1493,1497,C
5-NP,164,1,2,1501,0,1504,G
5-NP,165,0,0,1512,0,1512,G
5-NP,166,0,1511,0,0,1511,T
5-NP,167,0,1508,0,0,1508,T
5-NP,168,1,5,1509,0,1515,G
5-NP,169,1650,0,2,0,1652,A
5-NP,170,0,1647,0,0,1647,T
5-NP,171,4,0,0,1642,1646,C
5-NP,172,1,0,1,1648,1650,C
5-NP,173,1650,0,1,0,1651,A
5-NP,174,0,13,1646,0,1659,G
5-NP,175,1657,0,1,0,1658,A
5-NP,176,1657,1,0,0,1658,A
5-NP,177,0,0,0,1672,1672,C
5-NP,178,1600,1,1,1,1603,A
5-NP,179,0,1,1621,0,1622,G
5-NP,180,0,0,0,1624,1624,C
5-NP,181,1,1623,0,1,1625,T
5-NP,182,0,1635,0,0,1635,T
5-NP,183,0,8,1637,0,1645,G
5-NP,184,1649,1,3,0,1653,A
5-NP,185,1,0,0,1662,1663,C
5-NP,186,1642,0,0,0,1642,A
5-NP,187,1645,1,0,0,1646,A
5-NP,188,0,1635,0,0,1635,T
5-NP,189,1640,0,2,0,1642,A
5-NP,190,0,5,1648,0,1653,G
5-NP,191,1641,0,0,0,1641,A
5-NP,192,0,4,1653,0,1657,G
5-NP,193,1646,0,1,1,1648,A
5-NP,194,1659,0,0,0,1659,A
5-NP,195,1654,0,1,0,1655,A
5-NP,196,1657,0,4,0,1661,A
5-NP,197,0,1674,0,0,1674,T
5-NP,198,0,4,1667,0,1671,G
5-NP,199,1,1,1670,0,1672,G
5-NP,200,0,1664,0,1,1665,T
5-NP,201,1642,0,0,0,1642,A
5-NP,202,0,0,0,1652,1652,C
5-NP,203,0,1651,0,1,1652,T
5-NP,204,1,1,0,1661,1663,C
5-NP,205,1,1645,0,3,1649,T
5-NP,206,4,1,0,1656,1661,C
5-NP,207,0,7,1646,0,1653,G
5-NP,208,0,0,1670,0,1670,G
5-NP,209,1,0,0,1670,1671,C
5-NP,210,0,1665,0,3,1668,T
5-NP,211,0,1668,0,0,1668,T
5-NP,212,0,1667,0,0,1667,T
5-NP,213,1,1668,0,1,1670,T
5-NP,214,0,2,1671,0,1673,G
5-NP,215,1666,3,3,1,1673,A
5-NP,216,0,1675,0,0,1675,T
5-NP,217,3,5,1665,0,1673,G
5-NP,218,1667,0,0,0,1667,A
5-NP,219,1672,1,0,0,1673,A
5-NP,220,1666,1,3,0,1670,A
5-NP,221,1,0,1675,0,1676,G
5-NP,222,1675,2,1,0,1678,A
5-NP,223,1678,0,0,0,1678,A
5-NP,224,0,2,1688,0,1690,G
5-NP,225,0,7,1723,0,1730,G
5-NP,226,1733,0,2,0,1735,A
5-NP,227,1753,0,1,0,1754,A
5-NP,228,0,1753,0,0,1753,T
5-NP,229,1753,0,0,0,1753,A
5-NP,230,1748,0,1,0,1749,A
5-NP,231,1762,1,0,2,1765,A
5-NP,232,1,1763,0,1,1765,T
5-NP,233,1769,0,2,0,1771,A
5-NP,234,2,1,0,1757,1760,C
5-NP,235,3,0,1,1723,1727,C
5-NP,236,0,1727,0,0,1727,T
5-NP,237,0,2,1733,0,1735,G
5-NP,238,0,2,1752,0,1754,G
5-NP,239,1753,0,0,0,1753,A
5-NP,240,1745,0,1,0,1746,A
5-NP,241,0,5,1751,0,1756,G
5-NP,242,1746,0,2,1,1749,A
5-NP,243,1743,1,1,0,1745,A
5-NP,244,0,0,0,1753,1753,C
5-NP,245,1743,0,6,0,1749,A
5-NP,246,3,0,0,1796,1799,C
5-NP,247,0,2,0,1781,1783,C
5-NP,248,2,1,0,1779,1782,C
5-NP,249,2,1,1,1786,1790,C
5-NP,250,1766,1,3,0,1770,A
5-NP,251,1,1,1775,0,1777,G
5-NP,252,0,0,0,1773,1773,C
5-NP,253,1,0,1770,0,1771,G
5-NP,254,0,1,0,1771,1772,C
5-NP,255,1,2,1752,0,1755,G
5-NP,256,0,0,1756,0,1756,G
5-NP,257,1,3,1754,0,1758,G
5-NP,258,0,7,1764,0,1771,G
5-NP,259,1763,0,1,0,1764,A
5-NP,260,1761,1,0,0,1762,A
5-NP,261,1751,2,3,0,1756,A
5-NP,262,0,4,1754,0,1758,G
5-NP,263,1756,1,1,0,1758,A
5-NP,264,0,1751,0,1,1752,T
5-NP,265,3,0,0,1743,1746,C
5-NP,266,3,2,0,1741,1746,C
5-NP,267,7,0,0,1752,1759,C
5-NP,268,1759,0,0,0,1759,A
5-NP,269,1767,0,1,0,1768,A
5-NP,270,1,5,1769,0,1775,G
5-NP,271,1761,0,0,0,1761,A
5-NP,272,1766,0,0,2,1768,A
5-NP,273,1767,0,0,0,1767,A
5-NP,274,1768,0,0,0,1768,A
5-NP,275,1,0,0,1769,1770,C
5-NP,276,0,1753,2,0,1755,T
5-NP,277,0,3,1745,0,1748,G
5-NP,278,1,5,1747,0,1753,G
5-NP,279,2,1,1749,0,1752,G
5-NP,280,0,5,1743,1,1749,G
5-NP,281,0,0,1755,0,1755,G
5-NP,282,4,0,1765,0,1769,G
5-NP,283,1,0,0,1886,1887,C
5-NP,284,2,0,0,1869,1871,C
5-NP,285,4,1,0,1886,1891,C
5-NP,286,2112,0,0,0,2112,A
5-NP,287,1,2115,0,0,2116,T
5-NP,288,2208,0,0,0,2208,A
5-NP,289,0,2211,0,1,2212,T
5-NP,290,2194,0,1,0,2195,A
5-NP,291,1,0,0,2214,2215,C
5-NP,292,2048,0,0,0,2048,A
5-NP,293,1,2,2073,0,2076,G
5-NP,294,1,4,2064,0,2069,G
5-NP,295,1887,1,0,0,1888,A
5-NP,296,0,6,1897,0,1903,G
5-NP,297,1839,0,2,0,1841,A
5-NP,298,0,1,1852,0,1853,G
5-NP,299,0,1842,0,2,1844,T
5-NP,300,1831,0,0,0,1831,A
5-NP,301,1,0,1834,0,1835,G
5-NP,302,1785,0,28,0,1813,A
5-NP,303,0,1807,0,0,1807,T
5-NP,304,1,2,1813,0,1816,G
5-NP,305,0,10,1807,0,1817,G
5-NP,306,1816,0,3,0,1819,A
5-NP,307,1808,1,1,0,1810,A
5-NP,308,1808,0,0,0,1808,A
5-NP,309,1817,0,0,0,1817,A
5-NP,310,0,1812,0,0,1812,T
5-NP,311,1,6,1813,0,1820,G
5-NP,312,0,4,1818,0,1822,G
5-NP,313,1813,1,1,1,1816,A
5-NP,314,0,1805,0,1,1806,T
5-NP,315,0,2,1813,0,1815,G
5-NP,316,1810,0,1,0,1811,A
5-NP,317,0,1,1816,0,1817,G
5-NP,318,0,1,1806,0,1807,G
5-NP,319,2,9,1802,1,1814,G
5-NP,320,1820,0,1,0,1821,A
5-NP,321,1829,0,1,0,1830,A
5-NP,322,0,0,0,1846,1846,C
5-NP,323,1,1827,0,2,1830,T
5-NP,324,4,0,0,1841,1845,C
5-NP,325,0,0,1870,0,1870,G
5-NP,326,0,1871,0,1,1872,T
5-NP,327,4,2,0,1868,1874,C
5-NP,328,4,0,0,1995,1999,C
5-NP,329,0,1985,0,2,1987,T
5-NP,330,0,1989,0,0,1989,T
5-NP,331,0,1993,0,1,1994,T
5-NP,332,1996,1,0,0,1997,A
5-NP,333,0,1993,0,1,1994,T
5-NP,334,1,13,1982,0,1996,G
5-NP,335,2002,1,1,0,2004,A
5-NP,336,0,1,0,2002,2003,C
5-NP,337,1970,0,1,0,1971,A
5-NP,338,1971,0,1,0,1972,A
5-NP,339,1975,1,1,0,1977,A
5-NP,340,0,3,2057,0,2060,G
5-NP,341,2057,0,1,0,2058,A
5-NP,342,2061,0,0,0,2061,A
5-NP,343,0,2,2133,0,2135,G
5-NP,344,2141,0,0,0,2141,A
5-NP,345,2145,0,0,0,2145,A
5-NP,346,2145,0,1,0,2146,A
5-NP,347,0,2135,0,0,2135,T
5-NP,348,2139,0,0,0,2139,A
5-NP,349,2125,0,1,1,2127,A
5-NP,350,1,3,2134,0,2138,G
5-NP,351,0,1,2132,0,2133,G
5-NP,352,2,2,0,2114,2118,C
5-NP,353,2,22,2093,0,2117,G
5-NP,354,2122,0,0,0,2122,A
5-NP,355,2146,0,0,0,2146,A
5-NP,356,0,2143,0,4,2147,T
5-NP,357,6,1,0,2137,2144,C
5-NP,358,0,2145,0,0,2145,T
5-NP,359,2,0,2135,0,2137,G
5-NP,360,2,3,2129,0,2134,G
5-NP,361,1,1,0,2142,2144,C
5-NP,362,2,1,2137,0,2140,G
5-NP,363,0,4,0,2128,2132,C
5-NP,364,5,0,0,2130,2135,C
5-NP,365,2147,0,1,0,2148,A
5-NP,366,2174,0,0,0,2174,A
5-NP,367,1,1,2219,0,2221,G
5-NP,368,0,1,0,2214,2215,C
5-NP,369,4,1,0,2232,2237,C
5-NP,370,2245,0,1,0,2246,A
5-NP,371,2276,1,2,0,2279,A
5-NP,372,0,0,0,2298,2298,C
5-NP,373,2300,1,2,0,2303,A
5-NP,374,2333,0,1,0,2334,A
5-NP,375,0,2331,0,0,2331,T
5-NP,376,1,5,2358,1,2365,G
5-NP,377,1,3,2366,0,2370,G
5-NP,378,0,2348,1,0,2349,T
5-NP,379,0,2,2348,0,2350,G
5-NP,380,2336,0,3,0,2339,A
5-NP,381,0,4,2363,0,2367,G
5-NP,382,1,4,2366,1,2372,G
5-NP,383,2381,0,2,0,2383,A
5-NP,384,1,2525,0,1,2527,T
5-NP,385,0,2,2531,0,2533,G
5-NP,386,1,0,0,2544,2545,C
5-NP,387,0,2545,0,1,2546,T
5-NP,388,2570,1,0,0,2571,A
5-NP,389,1,0,1,2597,2599,C
5-NP,390,2579,0,0,0,2579,A
5-NP,391,1,2558,1,2,2562,T
5-NP,392,1,1,0,2548,2550,C
5-NP,393,0,2443,0,1,2444,T
5-NP,394,0,6,2537,0,2543,G
5-NP,395,0,0,2602,0,2602,G
5-NP,396,0,2595,0,1,2596,T
5-NP,397,12,2,0,2587,2601,C
5-NP,398,0,2585,0,2,2587,T
5-NP,399,2623,0,0,0,2623,A
5-NP,400,2623,1,1,0,2625,A
5-NP,401,0,0,0,2642,2642,C
5-NP,402,0,2631,0,1,2632,T
5-NP,403,12,2,0,2636,2650,C
5-NP,404,2625,1,0,0,2626,A
5-NP,405,0,2,0,2746,2748,C
5-NP,406,2741,1,1,0,2743,A
5-NP,407,0,2746,0,2,2748,T
5-NP,408,2737,0,0,0,2737,A
5-NP,409,2741,0,1,0,2742,A
5-NP,410,1,2755,0,0,2756,T
5-NP,411,0,18,2772,1,2791,G
5-NP,412,2779,0,0,0,2779,A
5-NP,413,1,2763,0,0,2764,T
5-NP,414,0,2717,1,1,2719,T
5-NP,415,1,2719,0,1,2721,T
5-NP,416,2,12,2695,0,2709,G
5-NP,417,0,1,2718,0,2719,G
5-NP,418,1,1,0,2705,2707,C
5-NP,419,2703,0,1,0,2704,A
5-NP,420,0,2699,0,2,2701,T
5-NP,421,0,2702,0,1,2703,T
5-NP,422,4,1,0,2700,2705,C
5-NP,423,5,0,0,2711,2716,C
5-NP,424,2746,1,0,1,2748,A
5-NP,425,2754,0,1,0,2755,A
5-NP,426,1,2748,0,1,2750,T
5-NP,427,1,2751,0,0,2752,T
5-NP,428,0,2748,0,4,2752,T
5-NP,429,0,16,2753,1,2770,G
5-NP,430,2758,1,3,0,2762,A
5-NP,431,2765,0,1,0,2766,A
5-NP,432,0,2781,1,2,2784,T
5-NP,433,0,10,2756,0,2766,G
5-NP,434,2862,0,2,0,2864,A
5-NP,435,0,2862,0,3,2865,T
5-NP,436,0,3,2869,1,2873,G
5-NP,437,2,1,1,2897,2901,C
5-NP,438,2896,1,0,0,2897,A
5-NP,439,2992,0,2,1,2995,A
5-NP,440,0,1,1,2997,2999,C
5-NP,441,3034,0,2,0,3036,A
5-NP,442,0,3080,0,1,3081,T
5-NP,443,3020,0,1,0,3021,A
5-NP,444,0,0,0,3052,3052,C
5-NP,445,9,0,0,3039,3048,C
5-NP,446,3009,0,3,0,3012,A
5-NP,447,0,13,3021,0,3034,G
5-NP,448,2976,0,0,0,2976,A
5-NP,449,0,15,2955,0,2970,G
5-NP,450,2882,0,2,0,2884,A
5-NP,451,2973,0,2,0,2975,A
5-NP,452,0,0,0,3000,3000,C
5-NP,453,2996,0,0,0,2996,A
5-NP,454,2993,0,4,1,2998,A
5-NP,455,0,12,2995,0,3007,G
5-NP,456,2976,0,3,0,2979,A
5-NP,457,0,0,3011,0,3011,G
5-NP,458,0,1,0,3004,3005,C
5-NP,459,0,2995,1,3,2999,T
5-NP,460,15,0,0,3001,3016,C
5-NP,461,0,2990,0,3,2993,T
5-NP,462,2,2994,1,1,2998,T
5-NP,463,1,0,3007,0,3008,G
5-NP,464,0,2995,0,0,2995,T
5-NP,465,2,2998,0,0,3000,T
5-NP,466,16,0,0,2979,2995,C
5-NP,467,2,20,2971,0,2993,G
5-NP,468,3039,1,1,0,3041,A
5-NP,469,3032,2,0,2,3036,A
5-NP,470,0,2,0,3063,3065,C
5-NP,471,32,3018,0,1,3051,T
5-NP,472,1,4,3102,0,3107,G
5-NP,473,0,13,3098,0,3111,G
5-NP,474,3114,0,2,0,3116,A
5-NP,475,3117,0,3,0,3120,A
5-NP,476,2,3102,0,5,3109,T
5-NP,477,5,8,3087,0,3100,G
5-NP,478,0,12,3103,0,3115,G
5-NP,479,3128,0,4,0,3132,A
5-NP,480,0,3155,0,3,3158,T
5-NP,481,8,0,0,3164,3172,C
5-NP,482,3,1,0,3162,3166,C
5-NP,483,3,0,0,3174,3177,C
5-NP,484,3208,2,1,0,3211,A
5-NP,485,0,10,3228,0,3238,G
5-NP,486,3245,0,1,0,3246,A
5-NP,487,3243,2,2,0,3247,A
5-NP,488,0,3227,0,1,3228,T
5-NP,489,2,1,3244,0,3247,G
5-NP,490,0,3235,1,1,3237,T
5-NP,491,0,3,3249,1,3253,G
5-NP,492,1,1,0,3252,3254,C
5-NP,493,0,3232,1,5,3238,T
5-NP,494,9,0,0,3397,3406,C
5-NP,495,1,3371,0,7,3379,T
5-NP,496,5,0,0,3497,3502,C
5-NP,497,0,3503,0,0,3503,T
5-NP,498,1,6,3518,0,3525,G
5-NP,499,3531,2,0,0,3533,A
5-NP,500,1,3522,0,2,3525,T
5-NP,501,1,0,3528,0,3529,G
5-NP,502,0,2,0,3519,3521,C
5-NP,503,3430,0,0,0,3430,A
5-NP,504,0,5,3504,0,3509,G
5-NP,505,1,2,3440,0,3443,G
5-NP,506,7,1,3480,0,3488,G
5-NP,507,1,0,1,3483,3485,C
5-NP,508,1,3480,0,3,3484,T
5-NP,509,12,2,0,3478,3492,C
5-NP,510,1,22,3465,0,3488,G
5-NP,511,3537,1,2,0,3540,A
5-NP,512,0,1,1,3535,3537,C
5-NP,513,0,3497,0,5,3502,T
5-NP,514,14,0,1,3665,3680,C
5-NP,515,0,3669,0,1,3670,T
5-NP,516,13,3,0,4118,4134,C
5-NP,517,8,0,0,4129,4137,C
5-NP,518,7,2,0,4139,4148,C
5-NP,519,0,4149,0,1,4150,T
5-NP,520,4124,0,2,0,4126,A
5-NP,521,0,9,4119,0,4128,G
5-NP,522,4119,1,1,0,4121,A
5-NP,523,4020,0,2,0,4022,A
5-NP,524,0,10,4019,0,4029,G
5-NP,525,3,1,3955,0,3959,G
5-NP,526,0,3892,0,4,3896,T
5-NP,527,11,0,0,3891,3902,C
5-NP,528,8,5,1,3896,3910,C
5-NP,529,2,9,3894,0,3905,G
5-NP,530,1,8,3923,1,3933,G
5-NP,531,3913,1,6,0,3920,A
5-NP,532,0,1,3966,0,3967,G
5-NP,533,0,1,0,3976,3977,C
5-NP,534,1,3934,0,3,3938,T
5-NP,535,2,2,3936,1,3941,G
5-NP,536,1,2,0,3955,3958,C
5-NP,537,3941,0,6,1,3948,A
5-NP,538,4,6,3960,0,3970,G
5-NP,539,0,5,3969,0,3974,G
5-NP,540,0,3968,0,1,3969,T
5-NP,541,2,0,3950,0,3952,G
5-NP,542,0,0,0,3954,3954,C
5-NP,543,1,3957,0,3,3961,T
5-NP,544,2,1,3961,0,3964,G
5-NP,545,1,4,0,3959,3964,C
5-NP,546,4007,2,0,0,4009,A
5-NP,547,1,1,4073,0,4075,G
5-NP,548,0,4048,0,1,4049,T
5-NP,549,29,0,0,4037,4066,C
5-NP,550,4058,0,2,0,4060,A
5-NP,551,4067,1,4,0,4072,A
5-NP,552,4057,0,9,1,4067,A
5-NP,553,0,7,4092,0,4099,G
5-NP,554,0,26,4097,0,4123,G
5-NP,555,4102,0,0,0,4102,A
5-NP,556,4085,0,2,0,4087,A
5-NP,557,1,4077,0,0,4078,T
5-NP,558,11,5,0,4066,4082,C
5-NP,559,1,9,4079,0,4089,G
5-NP,560,0,10,4199,1,4210,G
5-NP,561,2,20,4194,0,4216,G
5-NP,562,4195,1,3,1,4200,A
5-NP,563,0,2,0,4205,4207,C
5-NP,564,4157,1,1,0,4159,A
5-NP,565,4260,0,2,0,4262,A
5-NP,566,1,4270,0,2,4273,T
5-NP,567,1,12,4289,0,4302,G
5-NP,568,0,2,4332,1,4335,G
5-NP,569,2,4276,3,2,4283,T
5-NP,570,0,9,4281,0,4290,G
5-NP,571,4289,1,2,0,4292,A
5-NP,572,1,4268,0,1,4270,T
5-NP,573,1,7,4261,1,4270,G
5-NP,574,1,29,4324,0,4354,G
5-NP,575,4344,0,3,0,4347,A
5-NP,576,4351,0,4,0,4355,A
5-NP,577,1,0,1,4336,4338,C
5-NP,578,0,4302,1,1,4304,T
5-NP,579,4291,0,2,1,4294,A
5-NP,580,4494,1,2,0,4497,A
5-NP,581,0,4503,0,1,4504,T
5-NP,582,18,0,0,4495,4513,C
5-NP,583,4406,1,2,1,4410,A
5-NP,584,1,9,4451,0,4461,G
5-NP,585,4440,0,2,1,4443,A
5-NP,586,4448,2,0,0,4450,A
5-NP,587,0,4444,0,0,4444,T
5-NP,588,1,15,4410,0,4426,G
5-NP,589,1,1,4484,1,4487,G
5-NP,590,1,4489,1,6,4497,T
5-NP,591,28,1,1,4477,4507,C
5-NP,592,4506,0,1,0,4507,A
5-NP,593,4501,0,3,0,4504,A
5-NP,594,4501,0,0,2,4503,A
5-NP,595,0,1,0,4510,4511,C
5-NP,596,1,10,4481,1,4493,G
5-NP,597,1,8,4517,1,4527,G
5-NP,598,1,15,4473,0,4489,G
5-NP,599,1,13,4500,1,4515,G
5-NP,600,3,28,4480,2,4513,G
5-NP,601,4517,1,3,1,4522,A
5-NP,602,1,4484,0,4,4489,T
5-NP,603,25,3,0,4472,4500,C
5-NP,604,4505,0,4,0,4509,A
5-NP,605,4510,0,2,0,4512,A
5-NP,606,0,4,0,4486,4490,C
5-NP,607,2,22,4453,1,4478,G
5-NP,608,4478,0,2,0,4480,A
5-NP,609,0,4463,0,1,4464,T
5-NP,610,15,2,0,4452,4469,C
5-NP,611,0,11,4464,1,4476,G
5-NP,612,4473,0,2,1,4476,A
5-NP,613,4475,0,3,0,4478,A
5-NP,614,4473,0,0,0,4473,A
5-NP,615,1,4521,0,0,4522,T
5-NP,616,1,4524,2,2,4529,T
5-NP,617,0,4516,0,0,4516,T
5-NP,618,0,4536,1,1,4538,T
5-NP,619,0,4547,0,3,4550,T
5-NP,620,0,7,4547,1,4555,G
5-NP,621,0,13,4543,0,4556,G
5-NP,622,4526,0,3,0,4529,A
5-NP,623,0,7,4556,0,4563,G
5-NP,624,4494,0,1,1,4496,A
5-NP,625,2,10,4649,0,4661,G
5-NP,626,2,0,4679,0,4681,G
5-NP,627,0,4670,0,2,4672,T
5-NP,628,2,27,4658,0,4687,G
5-NP,629,4685,0,3,1,4689,A
5-NP,630,1,18,4698,1,4718,G
5-NP,631,4716,0,1,0,4717,A
5-NP,632,4700,2,4,1,4707,A
5-NP,633,0,4696,0,2,4698,T
5-NP,634,3,26,4581,0,4610,G
5-NP,635,1,15,4563,0,4579,G
5-NP,636,4544,1,9,0,4554,A
5-NP,637,0,3,1,4552,4556,C
5-NP,638,2,4,4569,0,4575,G
5-NP,639,1,9,4608,1,4619,G
5-NP,640,4612,0,1,0,4613,A
5-NP,641,4614,1,2,0,4617,A
5-NP,642,4660,1,3,0,4664,A
5-NP,643,4681,3,5,1,4690,A
5-NP,644,2,1,0,4709,4712,C
5-NP,645,4710,0,0,1,4711,A
5-NP,646,4701,0,6,0,4707,A
5-NP,647,0,9,4695,3,4707,G
5-NP,648,4589,0,4,0,4593,A
5-NP,649,4609,2,3,0,4614,A
5-NP,650,1,0,4699,0,4700,G
5-NP,651,1,4681,0,3,4685,T
5-NP,652,1,1,4883,0,4885,G
5-NP,653,2,0,0,4862,4864,C
5-NP,654,2,4859,0,1,4862,T
5-NP,655,0,4882,0,1,4883,T
5-NP,656,4936,2,1,1,4940,A
5-NP,657,1,4936,0,2,4939,T
5-NP,658,1,20,4929,1,4951,G
5-NP,659,4863,1,9,2,4875,A
5-NP,660,1,19,4874,0,4894,G
5-NP,661,4690,1,3,0,4694,A
5-NP,662,0,12,4705,1,4718,G
5-NP,663,4700,0,1,1,4702,A
5-NP,664,4737,1,1,0,4739,A
5-NP,665,2,4706,0,0,4708,T
5-NP,666,0,1,4751,0,4752,G
5-NP,667,0,4716,0,5,4721,T
5-NP,668,3,6,4733,0,4742,G
5-NP,669,2,2,0,4734,4738,C
5-NP,670,4716,1,5,0,4722,A
5-NP,671,4729,0,5,0,4734,A
5-NP,672,2,0,1,4707,4710,C
5-NP,673,4678,0,0,0,4678,A
5-NP,674,0,4681,1,3,4685,T
5-NP,675,1,4635,1,3,4640,T
5-NP,676,14,0,0,4632,4646,C
5-NP,677,1,4636,0,1,4638,T
5-NP,678,1,4628,0,1,4630,T
5-NP,679,4628,3,2,0,4633,A
5-NP,680,4614,1,2,1,4618,A
5-NP,681,4610,2,1,0,4613,A
5-NP,682,0,8,4613,0,4621,G
5-NP,683,0,13,4606,0,4619,G
5-NP,684,4600,1,3,0,4604,A
5-NP,685,4591,1,3,0,4595,A
5-NP,686,4592,1,1,0,4594,A
5-NP,687,4653,0,0,0,4653,A
5-NP,688,0,4649,0,1,4650,T
5-NP,689,0,4637,1,0,4638,T
5-NP,690,1,4669,0,3,4673,T
5-NP,691,21,1,0,4656,4678,C
5-NP,692,4675,0,2,0,4677,A
5-NP,693,4669,2,2,0,4673,A
5-NP,694,4669,0,5,0,4674,A
5-NP,695,0,1,0,4721,4722,C
5-NP,696,4678,0,1,0,4679,A
5-NP,697,0,1,4768,0,4769,G
5-NP,698,0,0,0,4771,4771,C
5-NP,699,2,4759,0,3,4764,T
5-NP,700,1,3,4817,0,4821,G
5-NP,701,1,1,0,4815,4817,C
5-NP,702,4849,1,2,0,4852,A
5-NP,703,2,1,0,4849,4852,C
5-NP,704,4810,0,1,1,4812,A
5-NP,705,4809,1,9,0,4819,A
5-NP,706,4713,3,3,1,4720,A
5-NP,707,0,21,4841,0,4862,G
5-NP,708,4848,0,1,0,4849,A
5-NP,709,1,5,4836,0,4842,G
5-NP,710,2,3,1,4820,4826,C
5-NP,711,4808,0,2,0,4810,A
5-NP,712,4913,1,3,0,4917,A
5-NP,713,0,4916,0,0,4916,T
5-NP,714,2,22,4908,1,4933,G
5-NP,715,0,1,4955,0,4956,G
5-NP,716,3,4832,0,2,4837,T
5-NP,717,3,7,4838,0,4848,G
5-NP,718,1,23,4848,0,4872,G
5-NP,719,4876,1,2,0,4879,A
5-NP,720,2,4866,0,2,4870,T
5-NP,721,23,1,0,4744,4768,C
5-NP,722,4786,0,0,0,4786,A
5-NP,723,4820,1,0,0,4821,A
5-NP,724,0,2,4827,0,4829,G
5-NP,725,1,4798,0,1,4800,T
5-NP,726,0,24,4782,0,4806,G
5-NP,727,4749,0,8,0,4757,A
5-NP,728,2,18,4755,2,4777,G
5-NP,729,4759,3,7,1,4770,A
5-NP,730,0,12,4759,1,4772,G
5-NP,731,4741,0,3,1,4745,A
5-NP,732,4651,1,2,0,4654,A
5-NP,733,4666,0,4,0,4670,A
5-NP,734,0,0,4690,0,4690,G
5-NP,735,1,4665,0,3,4669,T
5-NP,736,34,1,0,4627,4662,C
5-NP,737,3,8,4637,0,4648,G
5-NP,738,2,14,4637,0,4653,G
5-NP,739,4659,0,3,0,4662,A
5-NP,740,4685,1,0,0,4686,A
5-NP,741,1,0,0,4697,4698,C
5-NP,742,11,2,0,4661,4674,C
5-NP,743,8,1,0,4695,4704,C
5-NP,744,4673,3,2,0,4678,A
5-NP,745,0,2,4692,0,4694,G
5-NP,746,1,10,4679,1,4691,G
5-NP,747,4690,1,1,1,4693,A
5-NP,748,4682,0,2,1,4685,A
5-NP,749,4666,0,1,0,4667,A
5-NP,750,1,4,0,4653,4658,C
5-NP,751,0,2,4641,0,4643,G
5-NP,752,2,2,0,4638,4642,C
5-NP,753,2,4620,0,6,4628,T
5-NP,754,0,14,4621,0,4635,G
5-NP,755,4613,0,0,2,4615,A
5-NP,756,1,10,4657,0,4668,G
5-NP,757,4706,0,0,0,4706,A
5-NP,758,0,4709,0,1,4710,T
5-NP,759,10,1,0,4636,4647,C
5-NP,760,1,9,4652,0,4662,G
5-NP,761,4654,0,0,1,4655,A
5-NP,762,4645,0,3,0,4648,A
5-NP,763,1,14,4626,0,4641,G
5-NP,764,4638,0,0,1,4639,A
5-NP,765,3,3,0,4491,4497,C
5-NP,766,12,0,1,4602,4615,C
5-NP,767,0,4611,3,7,4621,T
5-NP,768,13,3,1,4615,4632,C
5-NP,769,4652,0,1,0,4653,A
5-NP,770,0,4653,0,0,4653,T
5-NP,771,4656,0,1,0,4657,A
5-NP,772,2,4654,0,0,4656,T
5-NP,773,0,4633,0,0,4633,T
5-NP,774,0,4540,0,0,4540,T
5-NP,775,0,4505,1,3,4509,T
5-NP,776,1,4511,1,4,4517,T
5-NP,777,4506,0,2,1,4509,A
5-NP,778,0,1,4507,0,4508,G
5-NP,779,1,2,0,4503,4506,C
5-NP,780,4487,3,1,0,4491,A
5-NP,781,4462,3,2,1,4468,A
5-NP,782,0,12,4566,0,4578,G
5-NP,783,4576,0,0,0,4576,A
5-NP,784,1,4576,1,2,4580,T
5-NP,785,7,0,0,4598,4605,C
5-NP,786,1,4590,1,0,4592,T
5-NP,787,2,3,4685,0,4690,G
5-NP,788,5,2,1,4680,4688,C
5-NP,789,4703,0,0,1,4704,A
5-NP,790,0,4719,1,1,4721,T
5-NP,791,1,4588,0,2,4591,T
5-NP,792,2,14,4813,0,4829,G
5-NP,793,4900,0,0,1,4901,A
5-NP,794,1,4899,1,0,4901,T
5-NP,795,4914,0,1,0,4915,A
5-NP,796,2,4812,0,2,4816,T
5-NP,797,0,4781,0,4,4785,T
5-NP,798,1,22,4779,0,4802,G
5-NP,799,4732,1,3,0,4736,A
5-NP,800,1,5,4755,0,4761,G
5-NP,801,4507,0,3,1,4511,A
5-NP,802,1,5,4443,0,4449,G
5-NP,803,0,13,4472,0,4485,G
5-NP,804,4478,1,6,0,4485,A
5-NP,805,0,4469,0,4,4473,T
5-NP,806,11,0,0,4482,4493,C
5-NP,807,4469,1,3,0,4473,A
5-NP,808,0,0,4488,0,4488,G
5-NP,809,1,4469,0,1,4471,T
5-NP,810,1,4431,0,0,4432,T
5-NP,811,2,0,4426,1,4429,G
5-NP,812,4,2,0,4379,4385,C
5-NP,813,0,4365,1,7,4373,T
5-NP,814,32,0,0,4367,4399,C
5-NP,815,4399,3,3,0,4405,A
5-NP,816,2,4,0,4408,4414,C
5-NP,817,4396,1,0,0,4397,A
5-NP,818,4424,1,1,0,4426,A
5-NP,819,4422,0,0,1,4423,A
5-NP,820,0,4405,0,0,4405,T
5-NP,821,18,1,0,4386,4405,C
5-NP,822,0,4396,0,2,4398,T
5-NP,823,0,4376,0,2,4378,T
5-NP,824,2,4,4383,0,4389,G
5-NP,825,6,2,0,4393,4401,C
5-NP,826,5,2,0,4439,4446,C
5-NP,827,1,4411,1,7,4420,T
5-NP,828,4438,0,0,1,4439,A
5-NP,829,0,3,0,4425,4428,C
5-NP,830,10,1,0,4425,4436,C
5-NP,831,4,4416,2,3,4425,T
5-NP,832,2,1,4480,0,4483,G
5-NP,833,1,4,0,4452,4457,C
5-NP,834,4,2,0,4461,4467,C
5-NP,835,0,4398,0,3,4401,T
5-NP,836,1,2,4438,0,4441,G
5-NP,837,0,4405,0,7,4412,T
5-NP,838,2,1,4438,0,4441,G
5-NP,839,4,2,0,4444,4450,C
5-NP,840,2,1,4518,0,4521,G
5-NP,841,1,4464,0,3,4468,T
5-NP,842,4461,1,0,1,4463,A
5-NP,843,0,4466,0,1,4467,T
5-NP,844,1,7,4446,0,4454,G
5-NP,845,1,16,4535,1,4553,G
5-NP,846,4534,0,5,2,4541,A
5-NP,847,1,1,0,4447,4449,C
5-NP,848,5,2,0,4416,4423,C
5-NP,849,1,4354,0,2,4357,T
5-NP,850,2,1,4535,0,4538,G
5-NP,851,2,3,1,4526,4532,C
5-NP,852,4541,0,1,1,4543,A
5-NP,853,1,0,4598,0,4599,G
5-NP,854,1,4377,0,3,4381,T
5-NP,855,4498,0,2,1,4501,A
5-NP,856,1,4479,0,3,4483,T
5-NP,857,16,2,0,4432,4450,C
5-NP,858,5,2,1,4447,4455,C
5-NP,859,4238,0,0,0,4238,A
5-NP,860,2,1,4246,0,4249,G
5-NP,861,0,4220,0,1,4221,T
5-NP,862,1,12,4210,0,4223,G
5-NP,863,0,4,4202,0,4206,G
5-NP,864,2,2,4148,1,4153,G
5-NP,865,1,4138,0,2,4141,T
5-NP,866,4127,0,4,0,4131,A
5-NP,867,1,1,2,4114,4118,C
5-NP,868,0,36,4067,0,4103,G
5-NP,869,4086,0,2,0,4088,A
5-NP,870,0,0,0,4081,4081,C
5-NP,871,1,3967,0,3,3971,T
5-NP,872,0,3977,0,4,3981,T
5-NP,873,8,0,1,3957,3966,C
5-NP,874,3,13,3953,0,3969,G
5-NP,875,3971,0,2,1,3974,A
5-NP,876,3958,1,5,0,3964,A
5-NP,877,3971,1,1,0,3973,A
5-NP,878,3967,0,1,0,3968,A
5-NP,879,3959,0,3,0,3962,A
5-NP,880,1,1,3976,0,3978,G
5-NP,881,3961,1,3,0,3965,A
5-NP,882,0,7,3977,1,3985,G
5-NP,883,1,7,3973,0,3981,G
5-NP,884,0,18,3978,0,3996,G
5-NP,885,3990,2,4,1,3997,A
5-NP,886,1,3995,0,1,3997,T
5-NP,887,4008,0,2,0,4010,A
5-NP,888,0,4009,0,3,4012,T
5-NP,889,0,3992,0,2,3994,T
5-NP,890,22,0,0,3995,4017,C
5-NP,891,9,0,0,3972,3981,C
5-NP,892,2,3927,0,2,3931,T
5-NP,893,1,3928,0,2,3931,T
5-NP,894,1,11,3944,0,3956,G
5-NP,895,1,0,3968,0,3969,G
5-NP,896,1,3935,0,1,3937,T
5-NP,897,0,3,3910,0,3913,G
5-NP,898,0,1,3882,0,3883,G
5-NP,899,0,11,3997,0,4008,G
5-NP,900,4016,0,0,0,4016,A
5-NP,901,4014,0,0,0,4014,A
5-NP,902,0,4016,0,0,4016,T
5-NP,903,3933,0,0,0,3933,A
5-NP,904,0,12,3925,0,3937,G
5-NP,905,3896,0,3,0,3899,A
5-NP,906,4,2,1,3885,3892,C
5-NP,907,11,1,0,3845,3857,C
5-NP,908,8,3,0,3713,3724,C
5-NP,909,0,3733,5,5,3743,T
5-NP,910,2,3732,0,2,3736,T
5-NP,911,1,3737,1,2,3741,T
5-NP,912,11,2,0,3736,3749,C
5-NP,913,3739,0,1,1,3741,A
5-NP,914,3738,0,0,0,3738,A
5-NP,915,3737,1,1,0,3739,A
5-NP,916,0,1,0,3733,3734,C
5-NP,917,0,3618,0,0,3618,T
5-NP,918,3577,0,0,0,3577,A
5-NP,919,0,1,0,3614,3615,C
5-NP,920,0,3590,0,0,3590,T
5-NP,921,1,3596,0,0,3597,T
5-NP,922,9,2,0,3594,3605,C
5-NP,923,3596,1,0,0,3597,A
5-NP,924,3599,1,1,0,3601,A
5-NP,925,3590,0,0,0,3590,A
5-NP,926,3592,0,1,1,3594,A
5-NP,927,0,3564,0,3,3567,T
5-NP,928,3495,0,0,0,3495,A
5-NP,929,2,1,3534,1,3538,G
5-NP,930,1,3,0,3530,3534,C
5-NP,931,14,1,0,3545,3560,C
5-NP,932,3565,0,1,0,3566,A
5-NP,933,3573,1,1,0,3575,A
5-NP,934,3666,0,0,1,3667,A
5-NP,935,2,3674,0,0,3676,T
5-NP,936,3687,1,2,0,3690,A
5-NP,937,0,3685,0,1,3686,T
5-NP,938,3617,0,1,0,3618,A
5-NP,939,0,0,0,3623,3623,C
5-NP,940,3509,0,2,0,3511,A
5-NP,941,0,0,3578,0,3578,G
5-NP,942,1,1,0,3571,3573,C
5-NP,943,0,3438,1,4,3443,T
5-NP,944,0,3461,0,3,3464,T
5-NP,945,3463,2,0,0,3465,A
5-NP,946,3474,1,1,0,3476,A
5-NP,947,0,3468,0,1,3469,T
5-NP,948,8,1,0,3459,3468,C
5-NP,949,3330,1,2,0,3333,A
5-NP,950,1,16,3347,0,3364,G
5-NP,951,3364,0,2,2,3368,A
5-NP,952,1,0,0,3389,3390,C
5-NP,953,6,2,0,3347,3355,C
5-NP,954,0,3313,0,1,3314,T
5-NP,955,3336,0,2,0,3338,A
5-NP,956,3341,0,1,0,3342,A
5-NP,957,0,1,0,3355,3356,C
5-NP,958,0,13,3338,1,3352,G
5-NP,959,3274,0,0,0,3274,A
5-NP,960,1,4,3270,0,3275,G
5-NP,961,3230,2,0,0,3232,A
5-NP,962,3255,0,0,1,3256,A
5-NP,963,2,3243,1,1,3247,T
5-NP,964,11,0,1,3208,3220,C
5-NP,965,6,2,0,3220,3228,C
5-NP,966,3160,0,1,0,3161,A
5-NP,967,1,0,3172,0,3173,G
5-NP,968,2,1,1,3166,3170,C
5-NP,969,3176,2,7,0,3185,A
5-NP,970,0,4,0,3193,3197,C
5-NP,971,3156,2,5,0,3163,A
5-NP,972,2,1,1,3159,3163,C
5-NP,973,3154,0,2,0,3156,A
5-NP,974,3160,0,4,0,3164,A
5-NP,975,1,8,3167,0,3176,G
5-NP,976,3134,0,2,0,3136,A
5-NP,977,0,0,3145,0,3145,G
5-NP,978,0,3081,1,0,3082,T
5-NP,979,20,3,0,3056,3079,C
5-NP,980,3053,0,4,0,3057,A
5-NP,981,0,0,3053,0,3053,G
5-NP,982,1,0,0,3046,3047,C
5-NP,983,0,3008,2,2,3012,T
5-NP,984,1,4,3026,0,3031,G
5-NP,985,0,1,3040,1,3042,G
5-NP,986,1,3005,0,1,3007,T
5-NP,987,0,2,3024,0,3026,G
5-NP,988,1,2991,0,2,2994,T
5-NP,989,3,6,2982,0,2991,G
5-NP,990,1,1,2978,1,2981,G
5-NP,991,2957,0,0,0,2957,A
5-NP,992,0,2963,0,0,2963,T
5-NP,993,0,10,2825,0,2835,G
5-NP,994,2,3,2801,0,2806,G
5-NP,995,0,1,0,2790,2791,C
5-NP,996,2752,2,2,0,2756,A
5-NP,997,0,2751,2,2,2755,T
5-NP,998,1,0,2734,0,2735,G
5-NP,999,1,2,2,2743,2748,C
5-NP,1000,9,3,0,2741,2753,C
5-NP,1001,2751,0,0,0,2751,A
5-NP,1002,0,2742,0,0,2742,T
5-NP,1003,0,2693,1,1,2695,T
5-NP,1004,9,1,0,2685,2695,C
5-NP,1005,1,2635,0,0,2636,T
5-NP,1006,2,2,2632,1,2637,G
5-NP,1007,2,0,0,2617,2619,C
5-NP,1008,3,2506,0,2,2511,T
5-NP,1009,1,1,2521,0,2523,G
5-NP,1010,5,0,0,2446,2451,C
5-NP,1011,2455,0,0,0,2455,A
5-NP,1012,0,2452,0,0,2452,T
5-NP,1013,1,2417,2,0,2420,T
5-NP,1014,0,2422,1,1,2424,T
5-NP,1015,0,4,2420,0,2424,G
5-NP,1016,2422,0,1,0,2423,A
5-NP,1017,2416,1,2,0,2419,A
5-NP,1018,1,15,2409,0,2425,G
5-NP,1019,2410,0,0,0,2410,A
5-NP,1020,0,2400,0,0,2400,T
5-NP,1021,0,2398,0,1,2399,T
5-NP,1022,0,2401,0,0,2401,T
5-NP,1023,2397,0,1,0,2398,A
5-NP,1024,2400,2,0,1,2403,A
5-NP,1025,1,4,2396,0,2401,G
5-NP,1026,2400,0,2,0,2402,A
5-NP,1027,0,2388,0,0,2388,T
5-NP,1028,0,2334,0,2,2336,T
5-NP,1029,0,0,2348,0,2348,G
5-NP,1030,0,2339,0,0,2339,T
5-NP,1031,0,2342,0,0,2342,T
5-NP,1032,2343,0,0,0,2343,A
5-NP,1033,2339,1,3,0,2343,A
5-NP,1034,1,1,2352,0,2354,G
5-NP,1035,0,0,1,2352,2353,C
5-NP,1036,1,2297,2,3,2303,T
5-NP,1037,0,2308,0,0,2308,T
5-NP,1038,14,0,0,2295,2309,C
5-NP,1039,2307,0,1,0,2308,A
5-NP,1040,0,2298,0,2,2300,T
5-NP,1041,1,0,0,2304,2305,C
5-NP,1042,2265,0,0,0,2265,A
5-NP,1043,0,3,2259,0,2262,G
5-NP,1044,2235,0,3,0,2238,A
5-NP,1045,4,6,2231,0,2241,G
5-NP,1046,1,5,2245,0,2251,G
5-NP,1047,1,8,2235,0,2244,G
5-NP,1048,2240,1,1,0,2242,A
5-NP,1049,2,1,0,2244,2247,C
5-NP,1050,2244,0,1,0,2245,A
5-NP,1051,2245,0,0,0,2245,A
5-NP,1052,2241,0,2,1,2244,A
5-NP,1053,2238,0,3,2,2243,A
5-NP,1054,2,1,2250,0,2253,G
5-NP,1055,0,2204,0,0,2204,T
5-NP,1056,2188,0,1,0,2189,A
5-NP,1057,0,2169,0,2,2171,T
5-NP,1058,5,0,0,2172,2177,C
5-NP,1059,0,2156,0,1,2157,T
5-NP,1060,9,0,0,2165,2174,C
5-NP,1061,4,0,0,2161,2165,C
5-NP,1062,0,2134,0,0,2134,T
5-NP,1063,7,0,0,2129,2136,C
5-NP,1064,1,5,2121,0,2127,G
5-NP,1065,2,3,2125,0,2130,G
5-NP,1066,1,4,2122,0,2127,G
5-NP,1067,0,8,2111,0,2119,G
5-NP,1068,3,8,2118,1,2130,G
5-NP,1069,2091,0,0,0,2091,A
5-NP,1070,2089,0,2,0,2091,A
5-NP,1071,2090,0,0,0,2090,A
5-NP,1072,1,0,0,2104,2105,C
5-NP,1073,0,2089,0,0,2089,T
5-NP,1074,0,1,2095,0,2096,G
5-NP,1075,0,2072,0,0,2072,T
5-NP,1076,17,0,0,2058,2075,C
5-NP,1077,2099,1,0,0,2100,A
5-NP,1078,2106,0,0,0,2106,A
5-NP,1079,1,1,0,2106,2108,C
5-NP,1080,0,2096,1,1,2098,T
5-NP,1081,2056,0,2,0,2058,A
5-NP,1082,1,3,2061,0,2065,G
5-NP,1083,2021,0,0,0,2021,A
5-NP,1084,0,3,2019,0,2022,G
5-NP,1085,0,8,2007,0,2015,G
5-NP,1086,1919,0,2,0,1921,A
5-NP,1087,0,0,1958,0,1958,G
5-NP,1088,0,1939,0,2,1941,T
5-NP,1089,1941,0,1,0,1942,A
5-NP,1090,1,0,0,1940,1941,C
5-NP,1091,1912,0,1,0,1913,A
5-NP,1092,1913,1,1,0,1915,A
5-NP,1093,1904,1,0,0,1905,A
5-NP,1094,0,1886,0,0,1886,T
5-NP,1095,1,1863,0,1,1865,T
5-NP,1096,0,1,1813,0,1814,G
5-NP,1097,2,2,0,1779,1783,C
5-NP,1098,0,1776,1,1,1778,T
5-NP,1099,0,1779,1,1,1781,T
5-NP,1100,7,0,0,1777,1784,C
5-NP,1101,1780,1,0,1,1782,A
5-NP,1102,1786,0,1,0,1787,A
5-NP,1103,1791,0,1,0,1792,A
5-NP,1104,0,1791,0,0,1791,T
5-NP,1105,0,3,1785,0,1788,G
5-NP,1106,1746,0,3,0,1749,A
5-NP,1107,0,5,1749,0,1754,G
5-NP,1108,1752,0,0,0,1752,A
5-NP,1109,1751,0,2,1,1754,A
5-NP,1110,1,0,0,1752,1753,C
5-NP,1111,1733,0,0,0,1733,A
5-NP,1112,0,1729,1,1,1731,T
5-NP,1113,1,5,1736,0,1742,G
5-NP,1114,1,1,1743,0,1745,G
5-NP,1115,1745,0,1,0,1746,A
5-NP,1116,1,1719,0,0,1720,T
5-NP,1117,1701,1,0,0,1702,A
5-NP,1118,1765,0,0,0,1765,A
5-NP,1119,0,1726,0,0,1726,T
5-NP,1120,1708,0,0,0,1708,A
5-NP,1121,0,1702,0,0,1702,T
5-NP,1122,1,1,1568,0,1570,G
5-NP,1123,1,6,1525,0,1532,G
5-NP,1124,1,1,1519,0,1521,G
5-NP,1125,1521,0,0,0,1521,A
5-NP,1126,0,1512,0,0,1512,T
5-NP,1127,5,1,0,1192,1198,C
5-NP,1128,2,4,1191,0,1197,G
5-NP,1129,1193,0,0,0,1193,A
5-NP,1130,1,0,1191,0,1192,G
5-NP,1131,2,1,0,1188,1191,C
5-NP,1132,1180,0,1,0,1181,A
5-NP,1133,0,0,0,1229,1229,C
5-NP,1134,0,1211,0,0,1211,T
5-NP,1135,5,0,0,1217,1222,C
5-NP,1136,0,1220,0,0,1220,T
5-NP,1137,0,1204,0,1,1205,T
5-NP,1138,0,6,1200,0,1206,G
5-NP,1139,1203,1,0,0,1204,A
5-NP,1140,1205,0,0,0,1205,A
5-NP,1141,1,0,0,1203,1204,C
5-NP,1142,0,935,0,0,935,T
5-NP,1143,1,2,937,0,940,G
5-NP,1144,902,1,1,0,904,A
5-NP,1145,1,1,905,0,907,G
5-NP,1146,908,0,0,0,908,A
5-NP,1147,894,0,0,0,894,A
5-NP,1148,0,0,896,0,896,G
5-NP,1149,0,0,0,870,870,C
5-NP,1150,2,4,863,0,869,G
5-NP,1151,0,2,868,0,870,G
5-NP,1152,1,1,845,0,847,G
5-NP,1153,0,838,0,1,839,T
5-NP,1154,821,0,0,0,821,A
5-NP,1155,1,0,0,820,821,C
5-NP,1156,0,668,0,0,668,T
5-NP,1157,0,2,662,0,664,G
5-NP,1158,0,1,649,0,650,G
5-NP,1159,0,1,645,0,646,G
5-NP,1160,0,0,0,637,637,C
5-NP,1161,2,0,0,586,588,C
5-NP,1162,592,0,0,0,592,A
5-NP,1163,0,589,0,1,590,T
5-NP,1164,589,0,1,0,590,A
5-NP,1165,593,0,0,0,593,A
5-NP,1166,0,1,585,0,586,G
5-NP,1167,1,2,598,0,601,G
5-NP,1168,592,0,3,0,595,A
5-NP,1169,0,0,0,592,592,C
5-NP,1170,1,1,1,587,590,C
5-NP,1171,589,0,0,0,589,A
5-NP,1172,0,0,596,0,596,G
5-NP,1173,0,2,598,0,600,G
5-NP,1174,597,0,0,0,597,A
5-NP,1175,0,0,598,0,598,G
5-NP,1176,2,567,0,0,569,T
5-NP,1177,0,0,569,0,569,G
5-NP,1178,0,1,573,0,574,G
5-NP,1179,572,0,1,0,573,A
5-NP,1180,0,2,577,0,579,G
5-NP,1181,0,4,565,1,570,G
5-NP,1182,570,0,0,0,570,A
5-NP,1183,568,0,0,0,568,A
5-NP,1184,567,1,0,0,568,A
5-NP,1185,0,0,0,572,572,C
5-NP,1186,569,0,1,0,570,A
5-NP,1187,0,0,0,585,585,C
5-NP,1188,0,578,0,0,578,T
5-NP,1189,592,0,1,0,593,A
5-NP,1190,592,0,0,0,592,A
5-NP,1191,0,587,0,0,587,T
5-NP,1192,4,0,0,594,598,C
5-NP,1193,592,0,1,0,593,A
5-NP,1194,597,0,0,0,597,A
5-NP,1195,1,0,0,599,600,C
5-NP,1196,585,0,0,0,585,A
5-NP,1197,0,1,586,0,587,G
5-NP,1198,564,0,0,0,564,A
5-NP,1199,0,1,561,0,562,G
5-NP,1200,1,2,562,0,565,G
5-NP,1201,0,1,560,0,561,G
5-NP,1202,2,1,0,558,561,C
5-NP,1203,0,0,0,556,556,C
5-NP,1204,1,552,0,1,554,T
5-NP,1205,0,0,0,561,561,C
5-NP,1206,1,0,0,563,564,C
5-NP,1207,1,0,562,0,563,G
5-NP,1208,0,0,0,562,562,C
5-NP,1209,544,0,11,0,555,A
5-NP,1210,0,0,565,0,565,G
5-NP,1211,0,0,562,0,562,G
5-NP,1212,0,0,0,568,568,C
5-NP,1213,1,0,0,568,569,C
5-NP,1214,565,0,0,0,565,A
5-NP,1215,565,0,1,0,566,A
5-NP,1216,568,0,0,0,568,A
5-NP,1217,0,1,0,566,567,C
5-NP,1218,1,2,0,564,567,C
5-NP,1219,542,0,0,1,543,A
5-NP,1220,0,1,554,0,555,G
5-NP,1221,0,550,0,0,550,T
5-NP,1222,0,1,556,0,557,G
5-NP,1223,1,554,0,1,556,T
5-NP,1224,0,0,548,0,548,G
5-NP,1225,1,0,0,550,551,C
5-NP,1226,546,0,0,0,546,A
5-NP,1227,552,0,0,0,552,A
5-NP,1228,0,1,0,551,552,C
5-NP,1229,0,0,0,553,553,C
5-NP,1230,0,543,0,1,544,T
5-NP,1231,546,0,0,0,546,A
5-NP,1232,0,0,0,546,546,C
5-NP,1233,0,0,546,0,546,G
5-NP,1234,1,541,0,0,542,T
5-NP,1235,0,542,0,1,543,T
5-NP,1236,0,541,0,0,541,T
5-NP,1237,0,540,0,0,540,T
5-NP,1238,0,0,0,539,539,C
5-NP,1239,0,532,0,0,532,T
5-NP,1240,0,0,537,0,537,G
5-NP,1241,0,534,1,0,535,T
5-NP,1242,535,0,0,1,536,A
5-NP,1243,0,0,0,538,538,C
5-NP,1244,532,0,0,1,533,A
5-NP,1245,533,0,0,1,534,A
5-NP,1246,530,0,1,1,532,A
5-NP,1247,0,0,531,0,531,G
5-NP,1248,529,1,0,1,531,A
5-NP,1249,518,0,0,0,518,A
5-NP,1250,516,0,0,0,516,A
5-NP,1251,0,0,0,520,520,C
5-NP,1252,3,0,0,514,517,C
5-NP,1253,0,513,0,0,513,T
5-NP,1254,0,1,0,513,514,C
5-NP,1255,1,0,0,514,515,C
5-NP,1256,2,1,0,513,516,C
5-NP,1257,517,0,0,0,517,A
5-NP,1258,0,514,0,0,514,T
5-NP,1259,0,519,0,0,519,T
5-NP,1260,0,516,0,2,518,T
5-NP,1261,0,1,518,0,519,G
5-NP,1262,519,0,0,0,519,A
5-NP,1263,519,0,0,0,519,A
5-NP,1264,517,0,0,0,517,A
5-NP,1265,517,0,1,0,518,A
5-NP,1266,9,0,514,0,523,G
5-NP,1267,0,520,0,0,520,T
5-NP,1268,1,0,0,521,522,C
5-NP,1269,521,0,0,0,521,A
5-NP,1270,524,0,0,0,524,A
5-NP,1271,1,0,0,522,523,C
5-NP,1272,2,0,0,525,527,C
5-NP,1273,530,0,0,0,530,A
5-NP,1274,0,527,0,2,529,T
5-NP,1275,0,0,0,531,531,C
5-NP,1276,524,1,2,0,527,A
5-NP,1277,0,528,0,0,528,T
5-NP,1278,0,4,527,0,531,G
5-NP,1279,0,1,529,0,530,G
5-NP,1280,0,0,0,530,530,C
5-NP,1281,513,1,1,0,515,A
5-NP,1282,1,0,513,0,514,G
5-NP,1283,0,0,0,513,513,C
5-NP,1284,514,0,0,0,514,A
5-NP,1285,0,514,0,0,514,T
5-NP,1286,0,512,0,0,512,T
5-NP,1287,2,0,0,514,516,C
5-NP,1288,512,0,0,0,512,A
5-NP,1289,0,0,0,514,514,C
5-NP,1290,0,511,1,1,513,T
5-NP,1291,1,0,512,0,513,G
5-NP,1292,1,2,516,0,519,G
5-NP,1293,512,0,0,0,512,A
5-NP,1294,513,0,0,0,513,A
5-NP,1295,511,0,0,0,511,A
5-NP,1296,0,507,0,0,507,T
5-NP,1297,508,0,0,0,508,A
5-NP,1298,0,0,0,507,507,C
5-NP,1299,0,0,501,0,501,G
5-NP,1300,0,2,502,0,504,G
5-NP,1301,488,0,0,0,488,A
5-NP,1302,0,1,484,0,485,G
5-NP,1303,0,2,483,0,485,G
5-NP,1304,0,1,485,0,486,G
5-NP,1305,489,0,0,0,489,A
5-NP,1306,486,0,0,0,486,A
5-NP,1307,0,2,484,0,486,G
5-NP,1308,486,0,0,0,486,A
5-NP,1309,484,0,0,1,485,A
5-NP,1310,0,0,0,492,492,C
5-NP,1311,0,481,0,0,481,T
5-NP,1312,0,491,0,0,491,T
5-NP,1313,1,0,0,489,490,C
5-NP,1314,486,0,2,1,489,A
5-NP,1315,0,0,489,0,489,G
5-NP,1316,487,0,0,0,487,A
5-NP,1317,0,0,0,489,489,C
5-NP,1318,488,0,0,0,488,A
5-NP,1319,0,476,1,0,477,T
5-NP,1320,0,2,476,0,478,G
5-NP,1321,471,0,1,0,472,A
5-NP,1322,0,2,474,0,476,G
5-NP,1323,1,0,478,0,479,G
5-NP,1324,0,0,476,0,476,G
5-NP,1325,0,1,0,476,477,C
5-NP,1326,474,0,0,0,474,A
5-NP,1327,0,0,474,0,474,G
5-NP,1328,472,0,0,0,472,A
5-NP,1329,476,0,0,0,476,A
5-NP,1330,477,0,0,0,477,A
5-NP,1331,0,472,0,0,472,T
5-NP,1332,6,0,0,470,476,C
5-NP,1333,475,0,0,0,475,A
5-NP,1334,0,473,0,0,473,T
5-NP,1335,475,0,0,0,475,A
5-NP,1336,472,0,0,0,472,A
5-NP,1337,0,1,477,0,478,G
5-NP,1338,470,0,1,0,471,A
5-NP,1339,475,0,0,0,475,A
5-NP,1340,0,468,0,0,468,T
5-NP,1341,0,0,467,0,467,G
5-NP,1342,463,0,2,0,465,A
5-NP,1343,0,463,0,0,463,T
5-NP,1344,0,1,466,0,467,G
5-NP,1345,0,1,463,0,464,G
5-NP,1346,457,0,0,0,457,A
5-NP,1347,457,0,0,0,457,A
5-NP,1348,442,0,1,0,443,A
5-NP,1349,0,0,447,0,447,G
5-NP,1350,0,442,0,2,444,T
5-NP,1351,1,0,445,0,446,G
5-NP,1352,0,0,0,444,444,C
5-NP,1353,442,0,1,0,443,A
5-NP,1354,444,0,0,0,444,A
5-NP,1355,442,0,0,0,442,A
5-NP,1356,452,0,0,0,452,A
5-NP,1357,0,0,0,452,452,C
5-NP,1358,2,0,0,446,448,C
5-NP,1359,440,0,1,0,441,A
5-NP,1360,0,2,441,0,443,G
5-NP,1361,441,0,0,0,441,A
5-NP,1362,441,0,0,0,441,A
5-NP,1363,0,0,442,0,442,G
5-NP,1364,440,0,0,0,440,A
5-NP,1365,426,0,0,0,426,A
5-NP,1366,0,0,426,0,426,G
5-NP,1367,0,421,0,0,421,T
5-NP,1368,0,1,419,0,420,G
5-NP,1369,0,420,0,1,421,T
5-NP,1370,2,0,0,420,422,C
5-NP,1371,422,0,0,1,423,A
5-NP,1372,0,427,0,0,427,T
5-NP,1373,0,424,1,0,425,T
5-NP,1374,1,0,0,421,422,C
5-NP,1375,0,1,0,417,418,C
5-NP,1376,0,0,416,0,416,G
5-NP,1377,0,0,419,0,419,G
5-NP,1378,0,0,417,0,417,G
5-NP,1379,0,0,418,0,418,G
5-NP,1380,0,1,420,0,421,G
5-NP,1381,411,0,0,0,411,A
5-NP,1382,0,1,414,0,415,G
5-NP,1383,0,2,412,0,414,G
5-NP,1384,0,2,410,0,412,G
5-NP,1385,1,2,410,0,413,G
5-NP,1386,409,1,1,0,411,A
5-NP,1387,0,0,410,0,410,G
5-NP,1388,0,405,0,0,405,T
5-NP,1389,1,1,0,398,400,C
5-NP,1390,0,405,0,0,405,T
5-NP,1391,0,404,0,0,404,T
5-NP,1392,0,0,0,403,403,C
5-NP,1393,0,1,402,0,403,G
5-NP,1394,404,0,0,0,404,A
5-NP,1395,0,0,409,0,409,G
5-NP,1396,0,1,0,401,402,C
5-NP,1397,0,398,0,0,398,T
5-NP,1398,1,0,0,400,401,C
5-NP,1399,0,402,0,1,403,T
5-NP,1400,2,0,0,402,404,C
5-NP,1401,404,0,0,0,404,A
5-NP,1402,0,2,404,0,406,G
5-NP,1403,406,0,0,0,406,A
5-NP,1404,0,0,0,399,399,C
5-NP,1405,0,3,393,0,396,G
5-NP,1406,393,0,0,0,393,A
5-NP,1407,0,0,396,0,396,G
5-NP,1408,390,1,1,0,392,A
5-NP,1409,389,0,0,0,389,A
5-NP,1410,0,0,390,0,390,G
5-NP,1411,0,0,388,0,388,G
5-NP,1412,0,0,0,387,387,C
5-NP,1413,380,0,0,0,380,A
5-NP,1414,379,0,0,0,379,A
5-NP,1415,1,0,0,377,378,C
5-NP,1416,0,1,379,0,380,G
5-NP,1417,380,0,0,0,380,A
5-NP,1418,380,0,0,0,380,A
5-NP,1419,1,0,0,378,379,C
5-NP,1420,0,0,0,377,377,C
5-NP,1421,3,2,0,367,372,C
5-NP,1422,1,0,368,0,369,G
5-NP,1423,371,0,0,0,371,A
5-NP,1424,0,369,0,1,370,T
5-NP,1425,2,0,0,362,364,C
5-NP,1426,0,0,362,0,362,G
5-NP,1427,0,359,0,0,359,T
5-NP,1428,1,0,360,0,361,G
5-NP,1429,0,0,0,360,360,C
5-NP,1430,3,0,0,356,359,C
5-NP,1431,2,0,1,357,360,C
5-NP,1432,0,355,0,1,356,T
5-NP,1433,0,0,0,356,356,C
5-NP,1434,0,355,1,0,356,T
5-NP,1435,1,355,2,0,358,T
5-NP,1436,0,359,0,0,359,T
5-NP,1437,0,353,0,0,353,T
5-NP,1438,0,1,352,0,353,G
5-NP,1439,349,0,2,0,351,A
5-NP,1440,0,351,0,0,351,T
5-NP,1441,346,0,0,0,346,A
5-NP,1442,0,296,0,0,296,T
5-NP,1443,0,1,299,0,300,G
5-NP,1444,296,0,1,0,297,A
5-NP,1445,1,0,299,0,300,G
5-NP,1446,1,295,0,0,296,T
5-NP,1447,288,0,0,0,288,A
5-NP,1448,288,0,0,0,288,A
5-NP,1449,0,285,0,0,285,T
5-NP,1450,0,1,286,0,287,G
5-NP,1451,286,0,0,0,286,A
5-NP,1452,264,0,1,0,265,A
5-NP,1453,0,0,264,0,264,G
5-NP,1454,1,1,239,1,242,G
5-NP,1455,243,0,0,0,243,A
5-NP,1456,0,242,0,0,242,T
5-NP,1457,1,0,0,241,242,C
5-NP,1458,0,241,0,0,241,T
5-NP,1459,0,242,0,0,242,T
5-NP,1460,242,0,0,0,242,A
5-NP,1461,0,241,0,1,242,T
5-NP,1462,0,240,0,0,240,T
5-NP,1463,0,238,0,0,238,T
5-NP,1464,1,0,0,232,233,C
5-NP,1465,0,221,0,0,221,T
5-NP,1466,0,220,0,0,220,T
5-NP,1467,0,0,0,220,220,C
5-NP,1468,0,0,220,0,220,G
5-NP,1469,0,0,220,0,220,G
5-NP,1470,219,0,0,0,219,A
5-NP,1471,0,0,220,0,220,G
5-NP,1472,219,0,1,0,220,A
5-NP,1473,0,0,0,219,219,C
5-NP,1474,192,0,0,0,192,A
5-NP,1475,0,0,192,0,192,G
5-NP,1476,0,192,0,0,192,T
5-NP,1477,0,0,192,0,192,G
5-NP,1478,0,0,0,192,192,C
5-NP,1479,187,0,1,1,189,A
5-NP,1480,0,0,189,0,189,G
5-NP,1481,189,0,0,0,189,A
5-NP,1482,176,0,0,0,176,A
5-NP,1483,0,0,176,0,176,G
5-NP,1484,109,0,0,0,109,A
5-NP,1485,0,0,109,0,109,G
5-NP,1486,0,100,0,0,100,T
5-NP,1487,99,0,0,0,99,A
5-NP,1488,1,88,0,0,89,T
5-NP,1489,0,0,89,0,89,G
5-NP,1490,89,0,0,0,89,A
5-NP,1491,0,0,0,89,89,C
5-NP,1492,55,0,0,0,55,A
5-NP,1493,55,0,0,0,55,A
5-NP,1494,0,35,0,0,35,T
5-NP,1495,0,35,0,0,35,T
5-NP,1496,34,0,0,0,34,A
5-NP,1497,33,0,0,0,33,A
6-NA,1,290,0,0,0,290,A
6-NA,2,0,293,0,0,293,T
6-NA,3,0,0,297,0,297,G
6-NA,4,300,0,2,1,303,A
6-NA,5,321,0,0,0,321,A
6-NA,6,0,321,0,0,321,T
6-NA,7,0,2,0,318,320,C
6-NA,8,1,0,0,320,321,C
6-NA,9,321,0,0,0,321,A
6-NA,10,329,1,0,0,330,A
6-NA,11,331,0,0,0,331,A
6-NA,12,0,336,1,0,337,T
6-NA,13,0,0,0,340,340,C
6-NA,14,339,0,0,0,339,A
6-NA,15,344,0,0,0,344,A
6-NA,16,344,0,0,0,344,A
6-NA,17,371,0,2,0,373,A
6-NA,18,0,2,420,0,422,G
6-NA,19,446,0,0,0,446,A
6-NA,20,0,454,0,0,454,T
6-NA,21,462,0,0,0,462,A
6-NA,22,469,0,2,0,471,A
6-NA,23,0,473,0,0,473,T
6-NA,24,476,0,0,0,476,A
6-NA,25,481,0,0,0,481,A
6-NA,26,0,2,0,496,498,C
6-NA,27,0,4,505,0,509,G
6-NA,28,509,0,0,0,509,A
6-NA,29,0,507,0,0,507,T
6-NA,30,0,507,2,0,509,T
6-NA,31,0,1,511,0,512,G
6-NA,32,1,0,554,0,555,G
6-NA,33,0,0,0,566,566,C
6-NA,34,0,559,0,1,560,T
6-NA,35,0,0,0,592,592,C
6-NA,36,0,593,0,0,593,T
6-NA,37,0,0,627,0,627,G
6-NA,38,0,628,0,0,628,T
6-NA,39,0,630,0,0,630,T
6-NA,40,0,659,0,1,660,T
6-NA,41,0,3,0,667,670,C
6-NA,42,0,668,0,0,668,T
6-NA,43,1,0,0,679,680,C
6-NA,44,0,674,0,3,677,T
6-NA,45,3,1,0,688,692,C
6-NA,46,693,0,0,0,693,A
6-NA,47,0,0,0,746,746,C
6-NA,48,1,0,0,745,746,C
6-NA,49,746,1,0,0,747,A
6-NA,50,0,775,0,0,775,T
6-NA,51,0,801,0,0,801,T
6-NA,52,0,808,0,0,808,T
6-NA,53,2,0,0,829,831,C
6-NA,54,0,1,0,833,834,C
6-NA,55,842,0,0,0,842,A
6-NA,56,1,0,0,884,885,C
6-NA,57,884,0,0,0,884,A
6-NA,58,933,0,0,0,933,A
6-NA,59,0,933,0,0,933,T
6-NA,60,977,0,2,0,979,A
6-NA,61,0,981,0,1,982,T
6-NA,62,0,1,985,0,986,G
6-NA,63,0,0,0,988,988,C
6-NA,64,0,986,0,0,986,T
6-NA,65,0,1002,0,0,1002,T
6-NA,66,2,0,0,1005,1007,C
6-NA,67,0,1002,0,5,1007,T
6-NA,68,0,1009,0,1,1010,T
6-NA,69,2,0,0,1007,1009,C
6-NA,70,1007,0,0,0,1007,A
6-NA,71,0,1011,0,2,1013,T
6-NA,72,0,0,1012,0,1012,G
6-NA,73,2,0,0,1019,1021,C
6-NA,74,1019,0,2,0,1021,A
6-NA,75,1022,0,0,0,1022,A
6-NA,76,1027,0,0,0,1027,A
6-NA,77,1,1043,0,1,1045,T
6-NA,78,0,1045,0,0,1045,T
6-NA,79,0,0,1050,0,1050,G
6-NA,80,0,1,0,1052,1053,C
6-NA,81,5,0,0,1051,1056,C
6-NA,82,1064,0,0,0,1064,A
6-NA,83,0,1069,0,0,1069,T
6-NA,84,2,0,0,1163,1165,C
6-NA,85,0,1170,0,0,1170,T
6-NA,86,0,1167,0,2,1169,T
6-NA,87,0,5,1197,0,1202,G
6-NA,88,1208,0,0,0,1208,A
6-NA,89,0,1213,0,2,1215,T
6-NA,90,1219,0,1,1,1221,A
6-NA,91,1223,0,0,0,1223,A
6-NA,92,0,0,0,1392,1392,C
6-NA,93,0,1384,0,0,1384,T
6-NA,94,1424,0,0,0,1424,A
6-NA,95,0,1,0,1482,1483,C
6-NA,96,0,1473,0,2,1475,T
6-NA,97,2,1,1492,0,1495,G
6-NA,98,0,1496,0,0,1496,T
6-NA,99,1498,0,1,0,1499,A
6-NA,100,1510,0,0,0,1510,A
6-NA,101,1,0,0,1499,1500,C
6-NA,102,1484,0,0,0,1484,A
6-NA,103,1,1495,0,2,1498,T
6-NA,104,1,1481,0,0,1482,T
6-NA,105,0,0,1489,0,1489,G
6-NA,106,2,0,0,1491,1493,C
6-NA,107,1504,0,1,0,1505,A
6-NA,108,0,1513,0,0,1513,T
6-NA,109,0,1511,0,1,1512,T
6-NA,110,0,1512,0,0,1512,T
6-NA,111,4,0,0,1505,1509,C
6-NA,112,1512,0,1,0,1513,A
6-NA,113,1519,1,1,0,1521,A
6-NA,114,1,1,1521,0,1523,G
6-NA,115,0,0,0,1530,1530,C
6-NA,116,1521,0,1,0,1522,A
6-NA,117,1589,0,0,0,1589,A
6-NA,118,0,1610,0,0,1610,T
6-NA,119,1607,0,0,1,1608,A
6-NA,120,0,1610,0,0,1610,T
6-NA,121,0,15,1624,0,1639,G
6-NA,122,1637,0,0,0,1637,A
6-NA,123,1668,0,1,0,1669,A
6-NA,124,1,1674,0,0,1675,T
6-NA,125,0,1670,0,2,1672,T
6-NA,126,7,0,0,1664,1671,C
6-NA,127,1662,0,1,0,1663,A
6-NA,128,1673,0,3,0,1676,A
6-NA,129,0,0,0,1680,1680,C
6-NA,130,1,1669,0,3,1673,T
6-NA,131,4,3,0,1671,1678,C
6-NA,132,4,0,0,1683,1687,C
6-NA,133,3,2,0,1712,1717,C
6-NA,134,3,1,0,1719,1723,C
6-NA,135,4,0,0,1725,1729,C
6-NA,136,4,0,0,1750,1754,C
6-NA,137,3,0,0,1756,1759,C
6-NA,138,1761,1,0,0,1762,A
6-NA,139,1770,0,0,0,1770,A
6-NA,140,1773,1,0,0,1774,A
6-NA,141,0,0,0,1803,1803,C
6-NA,142,1794,1,2,0,1797,A
6-NA,143,1814,1,0,0,1815,A
6-NA,144,2,0,1,1815,1818,C
6-NA,145,5,1,0,1810,1816,C
6-NA,146,1863,0,0,0,1863,A
6-NA,147,1870,0,0,1,1871,A
6-NA,148,0,0,1901,0,1901,G
6-NA,149,0,1895,0,1,1896,T
6-NA,150,0,4,1891,0,1895,G
6-NA,151,1929,0,1,0,1930,A
6-NA,152,0,1931,0,0,1931,T
6-NA,153,0,1,1933,0,1934,G
6-NA,154,1,1,0,1934,1936,C
6-NA,155,0,1935,1,4,1940,T
6-NA,156,0,1,2069,0,2070,G
6-NA,157,1,2058,0,1,2060,T
6-NA,158,0,1,2061,0,2062,G
6-NA,159,1,2061,1,1,2064,T
6-NA,160,0,13,2041,0,2054,G
6-NA,161,2059,0,5,1,2065,A
6-NA,162,2075,0,2,0,2077,A
6-NA,163,3,0,0,2072,2075,C
6-NA,164,8,0,0,2068,2076,C
6-NA,165,2034,0,1,0,2035,A
6-NA,166,2047,0,0,0,2047,A
6-NA,167,0,2,0,2111,2113,C
6-NA,168,2110,0,0,0,2110,A
6-NA,169,2127,0,0,0,2127,A
6-NA,170,1,2116,0,0,2117,T
6-NA,171,2118,1,0,0,2119,A
6-NA,172,2118,0,0,0,2118,A
6-NA,173,0,2125,0,1,2126,T
6-NA,174,2114,0,2,0,2116,A
6-NA,175,1,7,2124,0,2132,G
6-NA,176,2107,0,0,0,2107,A
6-NA,177,2111,0,1,0,2112,A
6-NA,178,2112,0,0,2,2114,A
6-NA,179,1,12,2110,0,2123,G
6-NA,180,2158,1,3,0,2162,A
6-NA,181,2160,0,2,0,2162,A
6-NA,182,2233,1,6,0,2240,A
6-NA,183,1,1,0,2253,2255,C
6-NA,184,2250,1,0,1,2252,A
6-NA,185,0,2285,0,4,2289,T
6-NA,186,2308,0,2,0,2310,A
6-NA,187,2315,1,4,0,2320,A
6-NA,188,0,1,0,2364,2365,C
6-NA,189,2347,1,0,0,2348,A
6-NA,190,0,6,2432,0,2438,G
6-NA,191,2418,0,4,0,2422,A
6-NA,192,0,4,2436,0,2440,G
6-NA,193,2438,2,2,1,2443,A
6-NA,194,1,2530,0,0,2531,T
6-NA,195,2526,0,4,0,2530,A
6-NA,196,0,0,2593,0,2593,G
6-NA,197,0,2567,0,1,2568,T
6-NA,198,0,0,2623,0,2623,G
6-NA,199,0,2605,0,1,2606,T
6-NA,200,2603,1,0,0,2604,A
6-NA,201,0,2595,1,1,2597,T
6-NA,202,4,0,1,2595,2600,C
6-NA,203,1,2557,0,2,2560,T
6-NA,204,1,24,2615,0,2640,G
6-NA,205,2628,3,2,1,2634,A
6-NA,206,1,1,1,2629,2632,C
6-NA,207,16,2,0,2615,2633,C
6-NA,208,2625,0,0,1,2626,A
6-NA,209,2637,0,0,0,2637,A
6-NA,210,2,2,0,2674,2678,C
6-NA,211,2672,0,1,1,2674,A
6-NA,212,1,0,1,2747,2749,C
6-NA,213,6,0,0,2727,2733,C
6-NA,214,2791,0,3,0,2794,A
6-NA,215,1,3,0,2866,2870,C
6-NA,216,4,2,0,2867,2873,C
6-NA,217,2888,0,1,0,2889,A
6-NA,218,0,2878,0,4,2882,T
6-NA,219,2867,1,0,0,2868,A
6-NA,220,1,9,2876,0,2886,G
6-NA,221,2845,0,0,0,2845,A
6-NA,222,0,8,2897,0,2905,G
6-NA,223,2874,2,1,1,2878,A
6-NA,224,2830,0,2,0,2832,A
6-NA,225,1,5,2841,0,2847,G
6-NA,226,1,17,2840,0,2858,G
6-NA,227,2863,0,2,0,2865,A
6-NA,228,2865,0,3,0,2868,A
6-NA,229,2864,0,4,0,2868,A
6-NA,230,0,2863,1,0,2864,T
6-NA,231,2850,1,0,0,2851,A
6-NA,232,0,2846,0,0,2846,T
6-NA,233,1,3,2845,0,2849,G
6-NA,234,1,2,0,2872,2875,C
6-NA,235,6,0,0,2845,2851,C
6-NA,236,4,1,0,2859,2864,C
6-NA,237,9,0,1,2867,2877,C
6-NA,238,2884,0,0,0,2884,A
6-NA,239,2949,0,1,0,2950,A
6-NA,240,2945,1,2,1,2949,A
6-NA,241,0,1,0,2956,2957,C
6-NA,242,0,2955,0,0,2955,T
6-NA,243,2946,0,3,0,2949,A
6-NA,244,3,1,2955,0,2959,G
6-NA,245,0,1,0,2957,2958,C
6-NA,246,2962,0,2,0,2964,A
6-NA,247,3,8,3012,0,3023,G
6-NA,248,2999,1,0,0,3000,A
6-NA,249,3068,0,1,0,3069,A
6-NA,250,0,3066,0,0,3066,T
6-NA,251,3073,0,3,0,3076,A
6-NA,252,1,3,0,3072,3076,C
6-NA,253,3057,0,2,0,3059,A
6-NA,254,0,16,3047,0,3063,G
6-NA,255,3070,0,1,0,3071,A
6-NA,256,3044,0,1,0,3045,A
6-NA,257,3045,0,0,0,3045,A
6-NA,258,0,3007,0,1,3008,T
6-NA,259,0,3001,1,0,3002,T
6-NA,260,0,13,3013,1,3027,G
6-NA,261,0,3,3021,0,3024,G
6-NA,262,1,3032,1,2,3036,T
6-NA,263,16,1,1,3012,3030,C
6-NA,264,3020,0,1,0,3021,A
6-NA,265,3044,1,0,0,3045,A
6-NA,266,3029,0,7,0,3036,A
6-NA,267,1,1,3055,0,3057,G
6-NA,268,0,2,0,3054,3056,C
6-NA,269,2,3,0,3040,3045,C
6-NA,270,4,0,3044,0,3048,G
6-NA,271,2,1,0,3062,3065,C
6-NA,272,3073,0,2,0,3075,A
6-NA,273,3112,1,1,0,3114,A
6-NA,274,0,3110,0,1,3111,T
6-NA,275,0,0,3133,0,3133,G
6-NA,276,2,3119,0,4,3125,T
6-NA,277,0,24,3101,0,3125,G
6-NA,278,3181,2,5,0,3188,A
6-NA,279,2,0,0,3228,3230,C
6-NA,280,3294,1,0,0,3295,A
6-NA,281,0,3316,0,0,3316,T
6-NA,282,0,3301,0,3,3304,T
6-NA,283,3309,1,2,0,3312,A
6-NA,284,0,0,0,3306,3306,C
6-NA,285,3283,2,1,0,3286,A
6-NA,286,2,6,3274,0,3282,G
6-NA,287,0,11,3244,0,3255,G
6-NA,288,2,4,3161,0,3167,G
6-NA,289,0,3264,0,1,3265,T
6-NA,290,3,3252,1,3,3259,T
6-NA,291,0,3259,0,2,3261,T
6-NA,292,3,0,3263,0,3266,G
6-NA,293,1,2,0,3253,3256,C
6-NA,294,3268,0,1,0,3269,A
6-NA,295,5,2,0,3269,3276,C
6-NA,296,7,2,0,3243,3252,C
6-NA,297,0,3246,0,4,3250,T
6-NA,298,0,3247,0,0,3247,T
6-NA,299,0,3276,0,1,3277,T
6-NA,300,0,3269,1,0,3270,T
6-NA,301,0,3331,0,0,3331,T
6-NA,302,9,0,1,3330,3340,C
6-NA,303,0,3333,0,0,3333,T
6-NA,304,3326,0,2,0,3328,A
6-NA,305,3316,0,1,0,3317,A
6-NA,306,1,6,3329,0,3336,G
6-NA,307,0,18,3304,0,3322,G
6-NA,308,3322,1,1,0,3324,A
6-NA,309,0,2,0,3335,3337,C
6-NA,310,3308,0,0,0,3308,A
6-NA,311,3315,1,0,0,3316,A
6-NA,312,0,3308,0,0,3308,T
6-NA,313,0,3317,1,1,3319,T
6-NA,314,20,0,1,3345,3366,C
6-NA,315,0,29,3331,0,3360,G
6-NA,316,3352,1,0,0,3353,A
6-NA,317,0,3356,0,0,3356,T
6-NA,318,0,3353,0,0,3353,T
6-NA,319,3349,0,2,0,3351,A
6-NA,320,0,5,3355,0,3360,G
6-NA,321,0,2,3376,0,3378,G
6-NA,322,0,1,0,3375,3376,C
6-NA,323,0,3334,0,2,3336,T
6-NA,324,0,3347,0,2,3349,T
6-NA,325,0,3346,0,0,3346,T
6-NA,326,6,4,0,3343,3353,C
6-NA,327,2,2,1,3347,3352,C
6-NA,328,4,1,3359,0,3364,G
6-NA,329,1,3,0,3363,3367,C
6-NA,330,0,3348,0,1,3349,T
6-NA,331,1,4,3443,0,3448,G
6-NA,332,0,0,3450,0,3450,G
6-NA,333,1,3442,0,2,3445,T
6-NA,334,1,5,3435,0,3441,G
6-NA,335,2,7,3437,0,3446,G
6-NA,336,2,10,3437,0,3449,G
6-NA,337,0,8,3451,0,3459,G
6-NA,338,3458,1,7,0,3466,A
6-NA,339,0,1,0,3497,3498,C
6-NA,340,3454,0,1,0,3455,A
6-NA,341,0,3442,0,1,3443,T
6-NA,342,3,0,0,3462,3465,C
6-NA,343,0,3449,0,1,3450,T
6-NA,344,1,6,3463,0,3470,G
6-NA,345,1,6,3455,0,3462,G
6-NA,346,1,3,3471,0,3475,G
6-NA,347,0,3470,0,4,3474,T
6-NA,348,2,20,3429,0,3451,G
6-NA,349,3448,0,2,0,3450,A
6-NA,350,0,1,0,3482,3483,C
6-NA,351,3477,0,2,0,3479,A
6-NA,352,3502,0,2,2,3506,A
6-NA,353,0,10,3503,0,3513,G
6-NA,354,3490,0,1,0,3491,A
6-NA,355,2,10,3506,2,3520,G
6-NA,356,3528,0,4,0,3532,A
6-NA,357,3595,0,3,0,3598,A
6-NA,358,3,1,0,3863,3867,C
6-NA,359,10,1,0,3903,3914,C
6-NA,360,1,3900,2,1,3904,T
6-NA,361,0,3912,0,2,3914,T
6-NA,362,3913,0,1,0,3914,A
6-NA,363,0,3919,0,1,3920,T
6-NA,364,9,0,3982,1,3992,G
6-NA,365,2,3977,0,1,3980,T
6-NA,366,0,0,4034,0,4034,G
6-NA,367,1,3952,0,5,3958,T
6-NA,368,31,1,1,3885,3918,C
6-NA,369,3925,2,3,7,3937,A
6-NA,370,0,3932,0,1,3933,T
6-NA,371,0,2,3921,0,3923,G
6-NA,372,2,4,0,3921,3927,C
6-NA,373,0,13,3896,0,3909,G
6-NA,374,4130,0,2,3,4135,A
6-NA,375,0,4140,0,1,4141,T
6-NA,376,13,0,0,4166,4179,C
6-NA,377,4,1,1,4190,4196,C
6-NA,378,0,4209,0,3,4212,T
6-NA,379,0,18,4225,0,4243,G
6-NA,380,4237,2,4,0,4243,A
6-NA,381,1,1,0,4248,4250,C
6-NA,382,4235,0,2,0,4237,A
6-NA,383,4118,1,4,0,4123,A
6-NA,384,0,1,4232,0,4233,G
6-NA,385,0,4200,0,2,4202,T
6-NA,386,3,1,4238,0,4242,G
6-NA,387,0,4196,0,2,4198,T
6-NA,388,0,4195,0,2,4197,T
6-NA,389,4204,0,2,0,4206,A
6-NA,390,3,4198,0,2,4203,T
6-NA,391,18,1,0,4231,4250,C
6-NA,392,4228,0,0,0,4228,A
6-NA,393,4203,1,0,0,4204,A
6-NA,394,2,4181,0,2,4185,T
6-NA,395,0,4160,1,1,4162,T
6-NA,396,2,4156,0,1,4159,T
6-NA,397,2,6,4158,1,4167,G
6-NA,398,2,1,0,4309,4312,C
6-NA,399,15,1,0,4282,4298,C
6-NA,400,8,3,2,4295,4308,C
6-NA,401,1,4304,0,2,4307,T
6-NA,402,2,4302,0,1,4305,T
6-NA,403,0,12,4338,0,4350,G
6-NA,404,0,18,4339,0,4357,G
6-NA,405,4372,0,3,0,4375,A
6-NA,406,2,4,0,4364,4370,C
6-NA,407,4239,1,4,0,4244,A
6-NA,408,2,13,4309,0,4324,G
6-NA,409,0,7,4294,0,4301,G
6-NA,410,9,16,4394,2,4421,G
6-NA,411,4429,1,2,0,4432,A
6-NA,412,4397,0,4,0,4401,A
6-NA,413,2,1,0,4404,4407,C
6-NA,414,4312,1,3,1,4317,A
6-NA,415,4580,0,4,0,4584,A
6-NA,416,1,1,0,4595,4597,C
6-NA,417,4560,1,1,0,4562,A
6-NA,418,1,0,0,4591,4592,C
6-NA,419,0,4488,0,5,4493,T
6-NA,420,4530,0,2,0,4532,A
6-NA,421,4507,0,3,0,4510,A
6-NA,422,4528,2,1,2,4533,A
6-NA,423,0,3,1,4537,4541,C
6-NA,424,4282,1,0,0,4283,A
6-NA,425,4312,0,2,0,4314,A
6-NA,426,0,4,0,4323,4327,C
6-NA,427,3,2,4298,0,4303,G
6-NA,428,0,4301,0,0,4301,T
6-NA,429,4237,3,3,0,4243,A
6-NA,430,0,1,0,4315,4316,C
6-NA,431,4310,2,2,0,4314,A
6-NA,432,0,4327,0,0,4327,T
6-NA,433,2,4323,0,2,4327,T
6-NA,434,27,0,0,4413,4440,C
6-NA,435,4540,0,2,0,4542,A
6-NA,436,4564,0,1,0,4565,A
6-NA,437,4553,1,3,1,4558,A
6-NA,438,0,4561,0,1,4562,T
6-NA,439,4513,0,2,0,4515,A
6-NA,440,4629,1,1,1,4632,A
6-NA,441,1,0,0,4652,4653,C
6-NA,442,4650,0,5,0,4655,A
6-NA,443,0,3,0,4710,4713,C
6-NA,444,4566,1,1,1,4569,A
6-NA,445,1,0,5215,0,5216,G
6-NA,446,0,5206,2,0,5208,T
6-NA,447,5284,0,2,1,5287,A
6-NA,448,1,0,0,5300,5301,C
6-NA,449,8,0,5264,0,5272,G
6-NA,450,1,5458,0,1,5460,T
6-NA,451,3,17,5438,0,5458,G
6-NA,452,5466,3,1,0,5470,A
6-NA,453,0,5493,0,1,5494,T
6-NA,454,5098,0,5,1,5104,A
6-NA,455,0,17,5085,0,5102,G
6-NA,456,1,13,5050,0,5064,G
6-NA,457,5067,2,5,0,5074,A
6-NA,458,1,1,0,5144,5146,C
6-NA,459,9,2,0,5044,5055,C
6-NA,460,1,0,1,5097,5099,C
6-NA,461,12,1,0,5097,5110,C
6-NA,462,0,5133,0,1,5134,T
6-NA,463,0,5192,0,2,5194,T
6-NA,464,5211,1,0,0,5212,A
6-NA,465,0,5210,0,1,5211,T
6-NA,466,13,1,0,5200,5214,C
6-NA,467,2,6,5162,0,5170,G
6-NA,468,3,28,5146,0,5177,G
6-NA,469,5163,0,0,0,5163,A
6-NA,470,1,3,0,5198,5202,C
6-NA,471,12,2,1,5155,5170,C
6-NA,472,13,2,0,5366,5381,C
6-NA,473,2,5371,0,6,5379,T
6-NA,474,5473,1,1,0,5475,A
6-NA,475,0,5476,0,2,5478,T
6-NA,476,3,5480,0,4,5487,T
6-NA,477,1,13,5481,0,5495,G
6-NA,478,5479,1,5,1,5486,A
6-NA,479,0,5453,1,2,5456,T
6-NA,480,1,24,5436,1,5462,G
6-NA,481,5312,1,3,1,5317,A
6-NA,482,5330,0,3,0,5333,A
6-NA,483,2,5316,0,2,5320,T
6-NA,484,1,31,5371,0,5403,G
6-NA,485,5467,1,3,1,5472,A
6-NA,486,0,1,5510,0,5511,G
6-NA,487,0,5504,0,1,5505,T
6-NA,488,0,5512,0,2,5514,T
6-NA,489,5517,1,0,1,5519,A
6-NA,490,2,18,5505,0,5525,G
6-NA,491,0,2,5534,1,5537,G
6-NA,492,1,5522,1,2,5526,T
6-NA,493,0,1,5539,0,5540,G
6-NA,494,0,5483,0,9,5492,T
6-NA,495,1,5468,0,4,5473,T
6-NA,496,22,2,1,5507,5532,C
6-NA,497,11,1,0,5544,5556,C
6-NA,498,0,5523,0,10,5533,T
6-NA,499,0,5522,0,5,5527,T
6-NA,500,0,5529,1,1,5531,T
6-NA,501,0,5531,0,3,5534,T
6-NA,502,13,1,0,5541,5555,C
6-NA,503,5547,1,2,4,5554,A
6-NA,504,0,5671,1,5,5677,T
6-NA,505,10,0,0,5661,5671,C
6-NA,506,4,5611,0,7,5622,T
6-NA,507,3,12,5597,0,5612,G
6-NA,508,9,18,5578,2,5607,G
6-NA,509,1,18,5597,0,5616,G
6-NA,510,1,29,5628,0,5658,G
6-NA,511,5664,0,4,0,5668,A
6-NA,512,3,6,0,5697,5706,C
6-NA,513,13,3,0,5632,5648,C
6-NA,514,5697,1,3,1,5702,A
6-NA,515,5702,1,7,1,5711,A
6-NA,516,0,2,5704,0,5706,G
6-NA,517,3,2,0,5704,5709,C
6-NA,518,5696,0,3,2,5701,A
6-NA,519,5753,2,6,0,5761,A
6-NA,520,2,1,5789,0,5792,G
6-NA,521,0,5753,1,0,5754,T
6-NA,522,3,2,5888,1,5894,G
6-NA,523,1,5868,0,1,5870,T
6-NA,524,0,3,6020,2,6025,G
6-NA,525,2,2,0,6023,6027,C
6-NA,526,6004,1,3,1,6009,A
6-NA,527,3,6057,0,1,6061,T
6-NA,528,5973,3,1,1,5978,A
6-NA,529,1,3,6143,0,6147,G
6-NA,530,2,5,1,6126,6134,C
6-NA,531,6019,2,2,0,6023,A
6-NA,532,0,6006,0,5,6011,T
6-NA,533,2,16,5871,0,5889,G
6-NA,534,0,5,6152,0,6157,G
6-NA,535,3,6159,0,9,6171,T
6-NA,536,32,0,1,6106,6139,C
6-NA,537,16,3,0,6131,6150,C
6-NA,538,6069,0,4,0,6073,A
6-NA,539,2,0,6142,0,6144,G
6-NA,540,1,1,0,6147,6149,C
6-NA,541,1,6128,0,5,6134,T
6-NA,542,21,1,0,6133,6155,C
6-NA,543,6024,0,4,3,6031,A
6-NA,544,6085,2,2,0,6089,A
6-NA,545,1,0,6103,0,6104,G
6-NA,546,1,6151,0,2,6154,T
6-NA,547,0,6129,0,2,6131,T
6-NA,548,2,4,6124,0,6130,G
6-NA,549,3,6108,0,5,6116,T
6-NA,550,43,3,0,6071,6117,C
6-NA,551,6121,1,2,0,6124,A
6-NA,552,0,4,0,6146,6150,C
6-NA,553,2,5,6118,0,6125,G
6-NA,554,6180,2,2,0,6184,A
6-NA,555,0,6192,0,2,6194,T
6-NA,556,3,7,6253,1,6264,G
6-NA,557,2,15,6250,1,6268,G
6-NA,558,6269,3,2,1,6275,A
6-NA,559,6268,0,2,0,6270,A
6-NA,560,6312,0,4,0,6316,A
6-NA,561,6307,2,5,2,6316,A
6-NA,562,0,1,6356,0,6357,G
6-NA,563,2,7,0,6331,6340,C
6-NA,564,6335,0,1,1,6337,A
6-NA,565,2,6319,1,1,6323,T
6-NA,566,1,13,6340,0,6354,G
6-NA,567,2,3,6376,0,6381,G
6-NA,568,4,2,0,6424,6430,C
6-NA,569,0,6394,0,8,6402,T
6-NA,570,3,2,6425,0,6430,G
6-NA,571,1,1,1,6392,6395,C
6-NA,572,6415,1,3,0,6419,A
6-NA,573,2,6538,1,1,6542,T
6-NA,574,2,0,6557,0,6559,G
6-NA,575,1,6562,2,8,6573,T
6-NA,576,0,6673,1,4,6678,T
6-NA,577,0,6664,0,3,6667,T
6-NA,578,2,3,6943,0,6948,G
6-NA,579,0,6922,0,5,6927,T
6-NA,580,6936,2,1,1,6940,A
6-NA,581,1,6955,0,3,6959,T
6-NA,582,6854,1,3,0,6858,A
6-NA,583,6887,2,2,0,6891,A
6-NA,584,1,10,0,6835,6846,C
6-NA,585,1,15,6769,0,6785,G
6-NA,586,1,3,6798,0,6802,G
6-NA,587,1,15,6660,0,6676,G
6-NA,588,1,10,6680,2,6693,G
6-NA,589,3,9,6706,0,6718,G
6-NA,590,6675,1,12,1,6689,A
6-NA,591,2,6693,0,4,6699,T
6-NA,592,5,25,6698,2,6730,G
6-NA,593,6742,1,6,0,6749,A
6-NA,594,2,6768,0,2,6772,T
6-NA,595,6740,0,2,0,6742,A
6-NA,596,6906,1,3,1,6911,A
6-NA,597,6892,2,0,1,6895,A
6-NA,598,6892,1,2,1,6896,A
6-NA,599,6909,2,1,1,6913,A
6-NA,600,1,6909,0,2,6912,T
6-NA,601,1,3,6910,0,6914,G
6-NA,602,2,2,1,6892,6897,C
6-NA,603,6894,5,2,1,6902,A
6-NA,604,6910,0,11,0,6921,A
6-NA,605,2,1,0,6965,6968,C
6-NA,606,0,6976,0,2,6978,T
6-NA,607,4,5,6988,0,6997,G
6-NA,608,0,1,0,6992,6993,C
6-NA,609,1,7002,0,1,7004,T
6-NA,610,7000,0,4,0,7004,A
6-NA,611,1,1,7004,0,7006,G
6-NA,612,3,0,0,7042,7045,C
6-NA,613,0,7037,0,11,7048,T
6-NA,614,0,7004,0,8,7012,T
6-NA,615,33,1,0,7044,7078,C
6-NA,616,7098,0,1,1,7100,A
6-NA,617,2,7093,1,1,7097,T
6-NA,618,1,7101,0,1,7103,T
6-NA,619,0,7135,0,1,7136,T
6-NA,620,7150,0,1,0,7151,A
6-NA,621,1,3,0,7191,7195,C
6-NA,622,7161,0,3,1,7165,A
6-NA,623,7205,0,4,0,7209,A
6-NA,624,0,7160,0,3,7163,T
6-NA,625,5,12,7130,0,7147,G
6-NA,626,0,7,7120,0,7127,G
6-NA,627,3,16,7097,0,7116,G
6-NA,628,7085,0,14,2,7101,A
6-NA,629,0,7,7182,0,7189,G
6-NA,630,1,2,7223,0,7226,G
6-NA,631,2,3,0,7513,7518,C
6-NA,632,1,7507,3,10,7521,T
6-NA,633,0,7579,0,2,7581,T
6-NA,634,5,4,7613,1,7623,G
6-NA,635,4,7615,1,3,7623,T
6-NA,636,7705,1,4,1,7711,A
6-NA,637,12,14,7717,0,7743,G
6-NA,638,7597,1,6,2,7606,A
6-NA,639,1,7625,0,3,7629,T
6-NA,640,7110,4,4,1,7119,A
6-NA,641,1,2,7125,0,7128,G
6-NA,642,3,7023,0,2,7028,T
6-NA,643,3,4,6886,1,6894,G
6-NA,644,2,7124,0,1,7127,T
6-NA,645,2,7118,0,6,7126,T
6-NA,646,9,1,7206,1,7217,G
6-NA,647,2,7192,0,10,7204,T
6-NA,648,1,7203,1,7,7212,T
6-NA,649,0,7202,0,13,7215,T
6-NA,650,22,2,0,7083,7107,C
6-NA,651,7078,1,8,5,7092,A
6-NA,652,1,7069,0,3,7073,T
6-NA,653,2,19,7038,0,7059,G
6-NA,654,0,4,7356,1,7361,G
6-NA,655,3,7253,0,7,7263,T
6-NA,656,39,2,0,7191,7232,C
6-NA,657,19,0,0,7207,7226,C
6-NA,658,7259,0,2,0,7261,A
6-NA,659,7284,0,3,0,7287,A
6-NA,660,7279,1,8,0,7288,A
6-NA,661,2,12,7301,0,7315,G
6-NA,662,7304,0,1,1,7306,A
6-NA,663,7075,0,3,1,7079,A
6-NA,664,7092,0,5,0,7097,A
6-NA,665,3,7072,0,3,7078,T
6-NA,666,26,1,0,7204,7231,C
6-NA,667,11,0,0,7219,7230,C
6-NA,668,0,7212,2,3,7217,T
6-NA,669,16,0,0,7210,7226,C
6-NA,670,7200,1,7,0,7208,A
6-NA,671,3,8,7235,0,7246,G
6-NA,672,2,22,7214,0,7238,G
6-NA,673,7348,1,3,0,7352,A
6-NA,674,0,3,0,7334,7337,C
6-NA,675,9,0,0,7210,7219,C
6-NA,676,17,2,0,7192,7211,C
6-NA,677,7222,2,7,0,7231,A
6-NA,678,2,7,7232,0,7241,G
6-NA,679,2,20,7223,2,7247,G
6-NA,680,7209,2,6,0,7217,A
6-NA,681,1,1,7290,0,7292,G
6-NA,682,2,7187,0,5,7194,T
6-NA,683,33,5,0,7176,7214,C
6-NA,684,7204,1,6,0,7211,A
6-NA,685,1,25,7215,0,7241,G
6-NA,686,7215,1,2,1,7219,A
6-NA,687,7225,1,0,0,7226,A
6-NA,688,0,7188,0,2,7190,T
6-NA,689,3,4,7218,0,7225,G
6-NA,690,6,4,1,7188,7199,C
6-NA,691,3,2,7231,0,7236,G
6-NA,692,0,7215,1,1,7217,T
6-NA,693,2,7219,0,6,7227,T
6-NA,694,0,7173,1,2,7176,T
6-NA,695,4,1,7240,0,7245,G
6-NA,696,1,7256,1,4,7262,T
6-NA,697,7267,2,1,0,7270,A
6-NA,698,1,7236,0,5,7242,T
6-NA,699,32,1,0,7205,7238,C
6-NA,700,7201,1,6,0,7208,A
6-NA,701,7223,2,0,0,7225,A
6-NA,702,0,7225,1,2,7228,T
6-NA,703,1,15,7207,0,7223,G
6-NA,704,0,29,7203,1,7233,G
6-NA,705,7290,3,3,0,7296,A
6-NA,706,7296,0,7,0,7303,A
6-NA,707,5,0,0,7352,7357,C
6-NA,708,0,7378,0,9,7387,T
6-NA,709,1,7372,1,2,7376,T
6-NA,710,3,0,7502,0,7505,G
6-NA,711,0,7513,0,2,7515,T
6-NA,712,7496,1,10,0,7507,A
6-NA,713,3,2,1,7603,7609,C
6-NA,714,7382,4,3,0,7389,A
6-NA,715,1,1,7765,1,7768,G
6-NA,716,1,7712,0,3,7716,T
6-NA,717,7960,3,2,0,7965,A
6-NA,718,4,2,7998,0,8004,G
6-NA,719,1,7860,0,2,7863,T
6-NA,720,7841,1,8,0,7850,A
6-NA,721,7850,1,3,1,7855,A
6-NA,722,0,7802,0,2,7804,T
6-NA,723,1,73,7775,1,7850,G
6-NA,724,7636,1,4,0,7641,A
6-NA,725,1,0,1,7693,7695,C
6-NA,726,2,7471,0,1,7474,T
6-NA,727,3,17,7498,0,7518,G
6-NA,728,7502,0,4,0,7506,A
6-NA,729,1,7518,1,2,7522,T
6-NA,730,4,14,7500,1,7519,G
6-NA,731,2,10,7455,2,7469,G
6-NA,732,1,22,7464,2,7489,G
6-NA,733,7367,1,6,1,7375,A
6-NA,734,1,1,7382,0,7384,G
6-NA,735,0,7318,1,4,7323,T
6-NA,736,1,5,7336,0,7342,G
6-NA,737,5,1,0,7388,7394,C
6-NA,738,0,7374,0,3,7377,T
6-NA,739,0,7374,0,4,7378,T
6-NA,740,15,1,1,7359,7376,C
6-NA,741,7371,0,6,1,7378,A
6-NA,742,2,11,7390,0,7403,G
6-NA,743,1,22,7375,0,7398,G
6-NA,744,7379,0,3,1,7383,A
6-NA,745,7303,0,1,3,7307,A
6-NA,746,7231,1,3,0,7235,A
6-NA,747,7246,1,8,1,7256,A
6-NA,748,0,2,7285,0,7287,G
6-NA,749,2,1,1,7274,7278,C
6-NA,750,0,7240,2,2,7244,T
6-NA,751,4,21,7215,0,7240,G
6-NA,752,7225,1,9,0,7235,A
6-NA,753,1,7278,0,3,7282,T
6-NA,754,7309,3,1,1,7314,A
6-NA,755,5,0,1,7526,7532,C
6-NA,756,1,7494,1,0,7496,T
6-NA,757,7482,0,0,0,7482,A
6-NA,758,7470,2,2,2,7476,A
6-NA,759,7476,2,3,0,7481,A
6-NA,760,7636,2,0,0,7638,A
6-NA,761,0,7626,0,3,7629,T
6-NA,762,7602,2,3,0,7607,A
6-NA,763,4,4,0,7624,7632,C
6-NA,764,1,7326,0,3,7330,T
6-NA,765,7406,0,2,1,7409,A
6-NA,766,1,7351,1,8,7361,T
6-NA,767,2,7622,0,4,7628,T
6-NA,768,34,1,0,7626,7661,C
6-NA,769,7505,1,1,0,7507,A
6-NA,770,2,7494,2,0,7498,T
6-NA,771,0,7484,1,1,7486,T
6-NA,772,1,21,7480,0,7502,G
6-NA,773,7457,2,9,0,7468,A
6-NA,774,3,6,7429,1,7439,G
6-NA,775,0,13,7412,0,7425,G
6-NA,776,7069,0,9,1,7079,A
6-NA,777,2,9,7162,0,7173,G
6-NA,778,0,23,7156,0,7179,G
6-NA,779,2,14,7151,0,7167,G
6-NA,780,4,13,7165,0,7182,G
6-NA,781,7146,5,6,0,7157,A
6-NA,782,7180,0,2,1,7183,A
6-NA,783,7159,1,2,0,7162,A
6-NA,784,7166,2,5,0,7173,A
6-NA,785,1,7160,0,0,7161,T
6-NA,786,38,2,0,7053,7093,C
6-NA,787,8,3,7133,1,7145,G
6-NA,788,1,7122,0,2,7125,T
6-NA,789,3,7109,2,3,7117,T
6-NA,790,58,1,0,7074,7133,C
6-NA,791,7112,0,0,2,7114,A
6-NA,792,0,7431,0,6,7437,T
6-NA,793,7428,2,0,1,7431,A
6-NA,794,0,3,0,7455,7458,C
6-NA,795,0,7432,2,7,7441,T
6-NA,796,7422,1,1,0,7424,A
6-NA,797,2,3,7413,0,7418,G
6-NA,798,4,4,0,7404,7412,C
6-NA,799,7411,0,4,0,7415,A
6-NA,800,2,1,0,7419,7422,C
6-NA,801,7130,0,3,0,7133,A
6-NA,802,0,7584,0,3,7587,T
6-NA,803,0,7563,0,4,7567,T
6-NA,804,3,1,7920,0,7924,G
6-NA,805,3,7866,0,3,7872,T
6-NA,806,46,5,0,7823,7874,C
6-NA,807,7846,1,10,0,7857,A
6-NA,808,3,4,7865,0,7872,G
6-NA,809,2,23,7849,0,7874,G
6-NA,810,7857,1,0,0,7858,A
6-NA,811,7701,5,6,1,7713,A
6-NA,812,1,1,7782,0,7784,G
6-NA,813,0,7421,0,2,7423,T
6-NA,814,1,6,7437,1,7445,G
6-NA,815,3,1,0,7437,7441,C
6-NA,816,2,7428,0,2,7432,T
6-NA,817,28,0,0,7417,7445,C
6-NA,818,7412,3,3,0,7418,A
6-NA,819,6,3,7441,0,7450,G
6-NA,820,4,2,3,7443,7452,C
6-NA,821,7430,0,1,0,7431,A
6-NA,822,2,7411,0,1,7414,T
6-NA,823,5,4,7525,2,7536,G
6-NA,824,7,7530,0,3,7540,T
6-NA,825,36,2,0,7499,7537,C
6-NA,826,4,14,7513,0,7531,G
6-NA,827,7506,3,4,0,7513,A
6-NA,828,0,10,7456,0,7466,G
6-NA,829,1,19,7441,0,7461,G
6-NA,830,7387,2,5,0,7394,A
6-NA,831,2,2,7462,0,7466,G
6-NA,832,3,7254,0,3,7260,T
6-NA,833,5,4,7262,0,7271,G
6-NA,834,2,2,1,7351,7356,C
6-NA,835,1,7340,0,5,7346,T
6-NA,836,39,2,0,7334,7375,C
6-NA,837,8,3,0,7378,7389,C
6-NA,838,1,7371,1,5,7378,T
6-NA,839,1,1,7392,0,7394,G
6-NA,840,1,0,0,7332,7333,C
6-NA,841,0,7270,0,9,7279,T
6-NA,842,7291,2,1,0,7294,A
6-NA,843,1,7175,1,1,7178,T
6-NA,844,12,0,1,7208,7221,C
6-NA,845,16,1,1,7165,7183,C
6-NA,846,1,7179,0,3,7183,T
6-NA,847,16,3,0,7183,7202,C
6-NA,848,7,19,7163,0,7189,G
6-NA,849,7223,2,0,0,7225,A
6-NA,850,1,7225,0,9,7235,T
6-NA,851,7231,0,1,0,7232,A
6-NA,852,2,7226,0,3,7231,T
6-NA,853,11,4,5,7194,7214,C
6-NA,854,6,0,1,7192,7199,C
6-NA,855,0,7130,0,8,7138,T
6-NA,856,1,15,7134,0,7150,G
6-NA,857,1,4,7159,0,7164,G
6-NA,858,0,7208,0,3,7211,T
6-NA,859,3,2,7219,0,7224,G
6-NA,860,1,7188,0,10,7199,T
6-NA,861,46,3,0,7138,7187,C
6-NA,862,7170,1,6,1,7178,A
6-NA,863,6,12,7175,0,7193,G
6-NA,864,7175,8,4,0,7187,A
6-NA,865,1,7119,0,5,7125,T
6-NA,866,2,1,7130,1,7134,G
6-NA,867,1,6977,0,5,6983,T
6-NA,868,3,1,6975,6,6985,G
6-NA,869,0,6965,0,10,6975,T
6-NA,870,29,4,0,6953,6986,C
6-NA,871,1,6964,0,8,6973,T
6-NA,872,2,6,6978,0,6986,G
6-NA,873,1,4,0,6977,6982,C
6-NA,874,6967,2,4,0,6973,A
6-NA,875,5,11,6962,0,6978,G
6-NA,876,6826,2,4,1,6833,A
6-NA,877,3,17,6803,6,6829,G
6-NA,878,6820,2,4,0,6826,A
6-NA,879,9,1,1,6831,6842,C
6-NA,880,6822,2,3,0,6827,A
6-NA,881,6857,6,2,3,6868,A
6-NA,882,1,1,0,6931,6933,C
6-NA,883,1,6923,1,1,6926,T
6-NA,884,1,11,6928,2,6942,G
6-NA,885,3,8,6910,0,6921,G
6-NA,886,6876,0,6,0,6882,A
6-NA,887,6872,0,6,2,6880,A
6-NA,888,6763,0,5,1,6769,A
6-NA,889,0,5,6748,1,6754,G
6-NA,890,0,15,6674,0,6689,G
6-NA,891,6389,2,4,2,6397,A
6-NA,892,0,6519,0,3,6522,T
6-NA,893,15,2,1,6526,6544,C
6-NA,894,16,3,0,6647,6666,C
6-NA,895,6674,2,2,1,6679,A
6-NA,896,6680,0,4,3,6687,A
6-NA,897,2,6674,0,2,6678,T
6-NA,898,6481,0,11,1,6493,A
6-NA,899,1,14,6445,1,6461,G
6-NA,900,2,4,6464,0,6470,G
6-NA,901,6,3,0,6454,6463,C
6-NA,902,12,3,0,6429,6444,C
6-NA,903,15,1,1,6252,6269,C
6-NA,904,6293,2,2,0,6297,A
6-NA,905,1,6314,2,8,6325,T
6-NA,906,20,2,2,6308,6332,C
6-NA,907,5,1,6335,2,6343,G
6-NA,908,0,6319,0,0,6319,T
6-NA,909,6205,0,4,2,6211,A
6-NA,910,1,6,6289,0,6296,G
6-NA,911,6284,2,3,0,6289,A
6-NA,912,1,6298,1,1,6301,T
6-NA,913,6133,0,2,0,6135,A
6-NA,914,0,6075,0,2,6077,T
6-NA,915,6079,0,1,1,6081,A
6-NA,916,6056,1,2,0,6059,A
6-NA,917,6171,0,4,2,6177,A
6-NA,918,3,3,0,6248,6254,C
6-NA,919,6051,0,1,1,6053,A
6-NA,920,0,6024,0,1,6025,T
6-NA,921,5963,0,2,3,5968,A
6-NA,922,5973,0,0,1,5974,A
6-NA,923,5966,1,3,1,5971,A
6-NA,924,2,10,6011,0,6023,G
6-NA,925,0,15,6060,0,6075,G
6-NA,926,5886,1,2,0,5889,A
6-NA,927,1,5859,0,11,5871,T
6-NA,928,29,2,0,5843,5874,C
6-NA,929,5902,2,7,1,5912,A
6-NA,930,0,5908,0,5,5913,T
6-NA,931,5895,2,6,1,5904,A
6-NA,932,3,2,5936,0,5941,G
6-NA,933,4,2,1,5853,5860,C
6-NA,934,5704,0,2,0,5706,A
6-NA,935,1,5384,3,3,5391,T
6-NA,936,0,5407,0,1,5408,T
6-NA,937,0,1,5400,0,5401,G
6-NA,938,3,5403,0,5,5411,T
6-NA,939,24,4,0,5291,5319,C
6-NA,940,0,5594,1,9,5604,T
6-NA,941,14,2,0,5643,5659,C
6-NA,942,8,2,1,5672,5683,C
6-NA,943,5744,1,2,0,5747,A
6-NA,944,0,1,5822,0,5823,G
6-NA,945,1,5811,1,2,5815,T
6-NA,946,0,5488,0,5,5493,T
6-NA,947,5501,0,0,0,5501,A
6-NA,948,1,5302,0,0,5303,T
6-NA,949,0,3,5302,0,5305,G
6-NA,950,2,5192,0,4,5198,T
6-NA,951,1,1,5210,0,5212,G
6-NA,952,0,5021,0,5,5026,T
6-NA,953,4,2,5052,0,5058,G
6-NA,954,2,5040,0,3,5045,T
6-NA,955,1,5013,2,6,5022,T
6-NA,956,37,2,0,4982,5021,C
6-NA,957,4972,0,6,0,4978,A
6-NA,958,0,7,4996,0,5003,G
6-NA,959,1,16,4976,0,4993,G
6-NA,960,4925,0,2,0,4927,A
6-NA,961,1,1,0,4937,4939,C
6-NA,962,1,4724,1,1,4727,T
6-NA,963,2,4736,0,4,4742,T
6-NA,964,0,2,4880,0,4882,G
6-NA,965,2,4867,0,6,4875,T
6-NA,966,2,4874,0,4,4880,T
6-NA,967,2,6,4813,0,4821,G
6-NA,968,1,17,4773,0,4791,G
6-NA,969,4772,0,8,0,4780,A
6-NA,970,8,17,4771,1,4797,G
6-NA,971,4771,1,10,1,4783,A
6-NA,972,0,0,0,4787,4787,C
6-NA,973,4676,0,5,0,4681,A
6-NA,974,0,0,0,4691,4691,C
6-NA,975,4688,2,6,1,4697,A
6-NA,976,4,7,0,4671,4682,C
6-NA,977,9,1,0,4660,4670,C
6-NA,978,7,2,0,4674,4683,C
6-NA,979,4665,3,2,0,4670,A
6-NA,980,0,10,4677,1,4688,G
6-NA,981,4679,0,1,1,4681,A
6-NA,982,4704,1,0,1,4706,A
6-NA,983,4679,0,0,2,4681,A
6-NA,984,4672,0,1,2,4675,A
6-NA,985,4644,0,8,1,4653,A
6-NA,986,4665,0,0,0,4665,A
6-NA,987,2,3,0,4664,4669,C
6-NA,988,0,31,4623,0,4654,G
6-NA,989,4639,0,3,0,4642,A
6-NA,990,0,0,2,4642,4644,C
6-NA,991,4616,1,5,1,4623,A
6-NA,992,0,0,4666,1,4667,G
6-NA,993,2,1,0,4771,4774,C
6-NA,994,0,4759,1,12,4772,T
6-NA,995,10,24,1,4748,4783,C
6-NA,996,6,2,0,4778,4786,C
6-NA,997,4790,0,6,1,4797,A
6-NA,998,1,2,4831,0,4834,G
6-NA,999,1,0,0,4834,4835,C
6-NA,1000,4815,2,1,2,4820,A
6-NA,1001,1,2,4819,0,4822,G
6-NA,1002,0,4708,0,1,4709,T
6-NA,1003,4716,2,3,0,4721,A
6-NA,1004,2,2,4723,0,4727,G
6-NA,1005,0,1,0,4720,4721,C
6-NA,1006,9,0,0,4727,4736,C
6-NA,1007,4660,0,3,0,4663,A
6-NA,1008,0,4655,0,1,4656,T
6-NA,1009,0,4620,0,0,4620,T
6-NA,1010,1,3,4698,0,4702,G
6-NA,1011,1,4672,1,3,4677,T
6-NA,1012,1,4662,0,4,4667,T
6-NA,1013,5,4663,1,1,4670,T
6-NA,1014,0,12,4631,0,4643,G
6-NA,1015,0,13,4662,0,4675,G
6-NA,1016,4673,0,0,0,4673,A
6-NA,1017,2,4707,0,1,4710,T
6-NA,1018,5,2,0,4714,4721,C
6-NA,1019,6,5,0,4673,4684,C
6-NA,1020,4,4673,0,2,4679,T
6-NA,1021,4656,0,32,2,4690,A
6-NA,1022,4692,1,4,0,4697,A
6-NA,1023,1,0,0,4754,4755,C
6-NA,1024,4666,3,4,0,4673,A
6-NA,1025,4685,0,1,0,4686,A
6-NA,1026,0,4642,0,1,4643,T
6-NA,1027,4,7,4635,0,4646,G
6-NA,1028,4602,6,4,1,4613,A
6-NA,1029,3,9,4489,0,4501,G
6-NA,1030,2,7,4568,0,4577,G
6-NA,1031,4580,0,0,0,4580,A
6-NA,1032,4577,0,3,1,4581,A
6-NA,1033,2,7,4583,0,4592,G
6-NA,1034,4,0,4590,1,4595,G
6-NA,1035,1,4561,0,1,4563,T
6-NA,1036,3,11,4544,0,4558,G
6-NA,1037,1,1,4621,0,4623,G
6-NA,1038,2,4584,0,0,4586,T
6-NA,1039,37,3,0,4536,4576,C
6-NA,1040,4581,3,0,0,4584,A
6-NA,1041,0,4567,1,1,4569,T
6-NA,1042,3,14,4530,2,4549,G
6-NA,1043,5,5,4505,0,4515,G
6-NA,1044,2,9,4376,0,4387,G
6-NA,1045,2,0,4519,0,4521,G
6-NA,1046,4,4516,0,4,4524,T
6-NA,1047,3,14,4513,0,4530,G
6-NA,1048,4524,0,2,0,4526,A
6-NA,1049,4524,0,0,0,4524,A
6-NA,1050,4524,0,4,1,4529,A
6-NA,1051,1,4,4527,0,4532,G
6-NA,1052,0,2,4505,0,4507,G
6-NA,1053,2,0,0,4498,4500,C
6-NA,1054,0,4401,2,5,4408,T
6-NA,1055,1,9,4395,0,4405,G
6-NA,1056,4,4,4405,0,4413,G
6-NA,1057,5,1,4430,1,4437,G
6-NA,1058,2,1,1,4418,4422,C
6-NA,1059,7,1,0,4418,4426,C
6-NA,1060,0,4366,1,6,4373,T
6-NA,1061,2,4377,2,9,4390,T
6-NA,1062,1,4389,0,0,4390,T
6-NA,1063,0,11,4399,0,4410,G
6-NA,1064,4397,0,3,0,4400,A
6-NA,1065,0,4371,0,1,4372,T
6-NA,1066,1,9,4325,0,4335,G
6-NA,1067,4291,1,3,1,4296,A
6-NA,1068,1,4309,0,0,4310,T
6-NA,1069,2,3,4328,0,4333,G
6-NA,1070,12,10,4347,1,4370,G
6-NA,1071,4345,2,4,0,4351,A
6-NA,1072,4339,1,2,0,4342,A
6-NA,1073,4346,0,1,0,4347,A
6-NA,1074,2,4356,0,0,4358,T
6-NA,1075,1,15,4339,1,4356,G
6-NA,1076,4358,0,1,0,4359,A
6-NA,1077,4,1,0,4332,4337,C
6-NA,1078,36,0,4316,0,4352,G
6-NA,1079,0,4274,2,3,4279,T
6-NA,1080,7,1,4288,0,4296,G
6-NA,1081,0,4294,0,1,4295,T
6-NA,1082,0,5,4292,0,4297,G
6-NA,1083,0,7,4313,0,4320,G
6-NA,1084,4284,2,3,0,4289,A
6-NA,1085,2,4279,0,0,4281,T
6-NA,1086,1,11,4251,0,4263,G
6-NA,1087,1,4,4253,0,4258,G
6-NA,1088,1,4,4264,1,4270,G
6-NA,1089,4257,2,1,0,4260,A
6-NA,1090,4253,0,0,0,4253,A
6-NA,1091,1,14,4236,0,4251,G
6-NA,1092,4207,0,3,0,4210,A
6-NA,1093,4214,1,3,0,4218,A
6-NA,1094,5,3,0,4188,4196,C
6-NA,1095,0,22,4165,0,4187,G
6-NA,1096,4178,0,5,0,4183,A
6-NA,1097,0,4126,0,4,4130,T
6-NA,1098,12,0,0,4113,4125,C
6-NA,1099,4100,0,4,0,4104,A
6-NA,1100,5,3,4099,0,4107,G
6-NA,1101,1,1,1,4101,4104,C
6-NA,1102,0,12,4089,1,4102,G
6-NA,1103,4094,0,1,0,4095,A
6-NA,1104,1,4,4096,0,4101,G
6-NA,1105,4085,1,2,0,4088,A
6-NA,1106,4090,0,1,0,4091,A
6-NA,1107,1,0,4098,0,4099,G
6-NA,1108,1,4064,0,2,4067,T
6-NA,1109,28,0,1,4026,4055,C
6-NA,1110,4035,0,6,0,4041,A
6-NA,1111,1,1,0,4119,4121,C
6-NA,1112,1,4,4127,0,4132,G
6-NA,1113,4,2,0,4113,4119,C
6-NA,1114,0,4103,1,1,4105,T
6-NA,1115,0,4109,0,3,4112,T
6-NA,1116,4041,2,2,0,4045,A
6-NA,1117,1,7,4118,0,4126,G
6-NA,1118,0,4,4112,0,4116,G
6-NA,1119,1,2,4184,0,4187,G
6-NA,1120,1,3982,0,2,3985,T
6-NA,1121,3975,0,2,0,3977,A
6-NA,1122,1,3960,0,1,3962,T
6-NA,1123,0,11,3944,0,3955,G
6-NA,1124,3947,2,0,0,3949,A
6-NA,1125,3952,0,3,0,3955,A
6-NA,1126,3793,2,1,0,3796,A
6-NA,1127,3,0,0,3740,3743,C
6-NA,1128,16,1,0,3566,3583,C
6-NA,1129,0,3299,2,2,3303,T
6-NA,1130,1,3300,1,1,3303,T
6-NA,1131,10,0,1,3300,3311,C
6-NA,1132,3305,0,3,0,3308,A
6-NA,1133,3311,0,0,1,3312,A
6-NA,1134,3310,4,1,0,3315,A
6-NA,1135,0,2,3335,0,3337,G
6-NA,1136,2,3272,1,3,3278,T
6-NA,1137,39,0,0,3241,3280,C
6-NA,1138,3312,3,0,0,3315,A
6-NA,1139,1,3317,0,2,3320,T
6-NA,1140,1,3318,0,3,3322,T
6-NA,1141,2,10,3313,0,3325,G
6-NA,1142,3313,1,3,0,3317,A
6-NA,1143,3315,0,3,1,3319,A
6-NA,1144,0,4,3310,0,3314,G
6-NA,1145,0,0,3310,0,3310,G
6-NA,1146,2,0,0,3292,3294,C
6-NA,1147,0,3192,0,2,3194,T
6-NA,1148,3,9,3204,0,3216,G
6-NA,1149,0,2,3264,0,3266,G
6-NA,1150,0,3254,1,5,3260,T
6-NA,1151,17,1,1,3240,3259,C
6-NA,1152,9,1,0,3236,3246,C
6-NA,1153,3232,0,2,0,3234,A
6-NA,1154,3254,0,2,0,3256,A
6-NA,1155,1,0,0,3263,3264,C
6-NA,1156,8,1,0,3216,3225,C
6-NA,1157,13,1,1,3185,3200,C
6-NA,1158,0,3057,0,2,3059,T
6-NA,1159,3052,0,2,1,3055,A
6-NA,1160,3055,0,3,0,3058,A
6-NA,1161,1,1,3073,0,3075,G
6-NA,1162,0,3049,0,4,3053,T
6-NA,1163,12,0,1,3017,3030,C
6-NA,1164,24,1,0,2961,2986,C
6-NA,1165,2984,0,0,0,2984,A
6-NA,1166,2978,1,2,0,2981,A
6-NA,1167,2977,0,0,2,2979,A
6-NA,1168,0,2984,1,0,2985,T
6-NA,1169,0,2966,0,1,2967,T
6-NA,1170,2,1,2953,0,2956,G
6-NA,1171,1,1,0,2931,2933,C
6-NA,1172,2923,1,2,0,2926,A
6-NA,1173,0,1,2931,0,2932,G
6-NA,1174,2923,0,1,0,2924,A
6-NA,1175,0,2973,0,1,2974,T
6-NA,1176,2973,0,0,0,2973,A
6-NA,1177,2967,0,0,0,2967,A
6-NA,1178,2968,1,5,0,2974,A
6-NA,1179,0,2953,0,0,2953,T
6-NA,1180,2943,2,2,1,2948,A
6-NA,1181,0,4,2936,0,2940,G
6-NA,1182,3,1,2913,0,2917,G
6-NA,1183,2,1,0,2904,2907,C
6-NA,1184,2812,1,0,0,2813,A
6-NA,1185,2828,0,1,0,2829,A
6-NA,1186,1,0,2841,0,2842,G
6-NA,1187,0,2828,0,0,2828,T
6-NA,1188,37,0,0,2786,2823,C
6-NA,1189,2835,1,2,0,2838,A
6-NA,1190,0,2827,0,2,2829,T
6-NA,1191,2860,0,0,0,2860,A
6-NA,1192,0,2,2863,0,2865,G
6-NA,1193,0,2858,0,2,2860,T
6-NA,1194,0,2740,0,3,2743,T
6-NA,1195,2,14,2672,1,2689,G
6-NA,1196,2679,1,2,0,2682,A
6-NA,1197,0,1,0,2675,2676,C
6-NA,1198,2626,0,2,1,2629,A
6-NA,1199,0,3,2654,0,2657,G
6-NA,1200,2597,0,6,0,2603,A
6-NA,1201,0,0,2684,0,2684,G
6-NA,1202,1,2,2678,0,2681,G
6-NA,1203,0,2669,0,1,2670,T
6-NA,1204,2670,0,0,0,2670,A
6-NA,1205,2668,0,2,1,2671,A
6-NA,1206,0,2660,0,2,2662,T
6-NA,1207,2649,0,4,0,2653,A
6-NA,1208,2,5,2557,0,2564,G
6-NA,1209,1,1,2483,0,2485,G
6-NA,1210,2,2203,0,0,2205,T
6-NA,1211,16,0,0,2162,2178,C
6-NA,1212,7,1,0,2156,2164,C
6-NA,1213,1,4,2158,0,2163,G
6-NA,1214,0,1,2168,0,2169,G
6-NA,1215,1,2162,0,0,2163,T
6-NA,1216,0,2150,1,1,2152,T
6-NA,1217,2119,0,0,0,2119,A
6-NA,1218,0,2074,1,1,2076,T
6-NA,1219,0,2071,1,1,2073,T
6-NA,1220,8,1,0,2071,2080,C
6-NA,1221,0,1967,0,2,1969,T
6-NA,1222,1,5,1961,0,1967,G
6-NA,1223,2,1,1964,1,1968,G
6-NA,1224,0,1952,1,1,1954,T
6-NA,1225,1954,0,1,0,1955,A
6-NA,1226,0,1915,0,2,1917,T
6-NA,1227,0,1920,0,1,1921,T
6-NA,1228,0,1920,0,2,1922,T
6-NA,1229,1,1929,0,2,1932,T
6-NA,1230,4,1,0,1924,1929,C
6-NA,1231,1,1905,0,0,1906,T
6-NA,1232,9,1,0,1901,1911,C
6-NA,1233,0,1902,0,1,1903,T
6-NA,1234,1,0,1922,0,1923,G
6-NA,1235,1,1923,0,1,1925,T
6-NA,1236,1,1909,1,0,1911,T
6-NA,1237,1,7,1904,0,1912,G
6-NA,1238,1898,0,1,0,1899,A
6-NA,1239,1898,0,3,0,1901,A
6-NA,1240,0,5,1906,0,1911,G
6-NA,1241,1,3,1896,0,1900,G
6-NA,1242,0,1,0,1900,1901,C
6-NA,1243,1871,0,3,0,1874,A
6-NA,1244,1871,0,3,1,1875,A
6-NA,1245,1878,0,0,0,1878,A
6-NA,1246,1882,1,2,0,1885,A
6-NA,1247,0,0,1892,0,1892,G
6-NA,1248,1,2,0,1880,1883,C
6-NA,1249,0,1856,0,2,1858,T
6-NA,1250,2,0,1867,0,1869,G
6-NA,1251,2,0,1,1859,1862,C
6-NA,1252,1869,0,1,0,1870,A
6-NA,1253,0,1866,0,2,1868,T
6-NA,1254,7,0,0,1840,1847,C
6-NA,1255,1851,0,1,0,1852,A
6-NA,1256,1851,1,1,0,1853,A
6-NA,1257,0,1851,0,1,1852,T
6-NA,1258,3,0,0,1840,1843,C
6-NA,1259,0,4,1821,0,1825,G
6-NA,1260,0,0,1844,0,1844,G
6-NA,1261,0,1838,0,1,1839,T
6-NA,1262,0,1,1846,0,1847,G
6-NA,1263,2,0,0,1857,1859,C
6-NA,1264,0,1850,0,5,1855,T
6-NA,1265,0,1871,0,0,1871,T
6-NA,1266,1,1868,0,2,1871,T
6-NA,1267,0,1883,0,0,1883,T
6-NA,1268,1892,0,0,0,1892,A
6-NA,1269,0,1836,0,0,1836,T
6-NA,1270,1,0,1838,0,1839,G
6-NA,1271,1,1806,0,2,1809,T
6-NA,1272,0,0,1795,0,1795,G
6-NA,1273,0,6,1810,0,1816,G
6-NA,1274,1763,0,0,0,1763,A
6-NA,1275,0,0,1789,0,1789,G
6-NA,1276,0,1781,0,3,1784,T
6-NA,1277,0,1771,0,0,1771,T
6-NA,1278,0,11,1779,0,1790,G
6-NA,1279,1786,0,0,0,1786,A
6-NA,1280,0,1785,0,1,1786,T
6-NA,1281,1779,0,1,0,1780,A
6-NA,1282,1714,0,1,0,1715,A
6-NA,1283,1,3,1712,0,1716,G
6-NA,1284,0,4,1685,0,1689,G
6-NA,1285,0,3,1668,0,1671,G
6-NA,1286,1,2,1671,0,1674,G
6-NA,1287,1655,0,1,0,1656,A
6-NA,1288,1643,1,6,0,1650,A
6-NA,1289,0,3,1655,0,1658,G
6-NA,1290,1651,0,1,0,1652,A
6-NA,1291,1650,0,3,0,1653,A
6-NA,1292,1636,0,0,1,1637,A
6-NA,1293,1602,0,5,0,1607,A
6-NA,1294,0,1,1609,0,1610,G
6-NA,1295,1587,0,0,0,1587,A
6-NA,1296,0,3,1582,0,1585,G
6-NA,1297,3,4,1575,0,1582,G
6-NA,1298,1570,0,1,0,1571,A
6-NA,1299,1570,0,2,0,1572,A
6-NA,1300,1572,0,0,0,1572,A
6-NA,1301,0,0,0,1579,1579,C
6-NA,1302,0,1578,0,1,1579,T
6-NA,1303,0,7,1570,0,1577,G
6-NA,1304,1574,0,1,0,1575,A
6-NA,1305,1563,0,2,0,1565,A
6-NA,1306,0,1,1584,0,1585,G
6-NA,1307,0,1561,0,4,1565,T
6-NA,1308,6,0,0,1569,1575,C
6-NA,1309,0,1571,0,0,1571,T
6-NA,1310,0,1556,0,0,1556,T
6-NA,1311,0,1,1559,0,1560,G
6-NA,1312,1,1549,0,0,1550,T
6-NA,1313,1,7,1546,0,1554,G
6-NA,1314,0,9,1536,0,1545,G
6-NA,1315,1530,0,1,0,1531,A
6-NA,1316,1,2,0,1532,1535,C
6-NA,1317,6,5,0,1500,1511,C
6-NA,1318,1,1501,0,2,1504,T
6-NA,1319,7,1,0,1496,1504,C
6-NA,1320,1503,0,3,0,1506,A
6-NA,1321,1503,1,0,0,1504,A
6-NA,1322,1504,0,1,0,1505,A
6-NA,1323,0,1,0,1511,1512,C
6-NA,1324,1469,0,0,0,1469,A
6-NA,1325,0,0,1481,0,1481,G
6-NA,1326,0,1462,0,3,1465,T
6-NA,1327,1462,0,3,0,1465,A
6-NA,1328,0,1470,0,0,1470,T
6-NA,1329,0,1430,0,1,1431,T
6-NA,1330,1,0,1439,0,1440,G
6-NA,1331,0,1427,2,1,1430,T
6-NA,1332,0,1365,0,3,1368,T
6-NA,1333,0,0,1371,0,1371,G
6-NA,1334,0,1292,0,1,1293,T
6-NA,1335,0,1,1293,0,1294,G
6-NA,1336,0,1290,1,0,1291,T
6-NA,1337,0,1272,0,0,1272,T
6-NA,1338,0,1274,0,1,1275,T
6-NA,1339,0,1248,0,1,1249,T
6-NA,1340,0,0,1247,0,1247,G
6-NA,1341,1,1246,0,0,1247,T
6-NA,1342,0,3,1230,0,1233,G
6-NA,1343,0,0,1237,0,1237,G
6-NA,1344,0,2,0,1222,1224,C
6-NA,1345,1214,0,1,0,1215,A
6-NA,1346,0,0,0,1221,1221,C
6-NA,1347,1,0,0,1211,1212,C
6-NA,1348,0,1210,1,0,1211,T
6-NA,1349,5,0,0,1205,1210,C
6-NA,1350,1207,1,2,0,1210,A
6-NA,1351,1,1,1215,0,1217,G
6-NA,1352,0,0,1219,1,1220,G
6-NA,1353,0,1210,0,0,1210,T
6-NA,1354,1197,2,2,0,1201,A
6-NA,1355,2,1,0,1145,1148,C
6-NA,1356,1117,0,0,0,1117,A
6-NA,1357,0,1117,0,0,1117,T
6-NA,1358,1091,0,0,0,1091,A
6-NA,1359,1,1084,0,0,1085,T
6-NA,1360,0,2,1017,0,1019,G
6-NA,1361,0,9,1008,1,1018,G
6-NA,1362,1011,0,1,0,1012,A
6-NA,1363,999,0,1,0,1000,A
6-NA,1364,0,1,0,990,991,C
6-NA,1365,821,0,0,0,821,A
6-NA,1366,0,1,817,0,818,G
6-NA,1367,0,0,814,0,814,G
6-NA,1368,0,1,0,814,815,C
6-NA,1369,0,808,0,2,810,T
6-NA,1370,4,0,0,768,772,C
6-NA,1371,771,0,0,0,771,A
6-NA,1372,0,770,0,0,770,T
6-NA,1373,0,3,763,0,766,G
6-NA,1374,1,0,767,0,768,G
6-NA,1375,0,0,0,746,746,C
6-NA,1376,1,0,0,733,734,C
6-NA,1377,0,689,0,0,689,T
6-NA,1378,2,2,684,0,688,G
6-NA,1379,686,0,0,0,686,A
6-NA,1380,0,684,0,1,685,T
6-NA,1381,0,1,674,0,675,G
6-NA,1382,0,3,652,0,655,G
6-NA,1383,0,0,621,0,621,G
6-NA,1384,0,0,621,0,621,G
6-NA,1385,1,1,0,604,606,C
6-NA,1386,0,1,601,0,602,G
6-NA,1387,0,1,596,0,597,G
6-NA,1388,589,1,0,0,590,A
6-NA,1389,1,0,0,588,589,C
6-NA,1390,586,0,0,0,586,A
6-NA,1391,0,577,0,0,577,T
6-NA,1392,2,0,1,562,565,C
6-NA,1393,560,0,0,0,560,A
6-NA,1394,562,0,0,0,562,A
6-NA,1395,0,560,0,0,560,T
6-NA,1396,5,0,0,549,554,C
6-NA,1397,0,530,0,4,534,T
6-NA,1398,3,0,0,457,460,C
6-NA,1399,451,1,1,0,453,A
6-NA,1400,0,448,0,1,449,T
6-NA,1401,0,0,450,0,450,G
6-NA,1402,0,2,0,444,446,C
6-NA,1403,3,0,0,430,433,C
6-NA,1404,0,393,2,0,395,T
6-NA,1405,390,0,0,0,390,A
6-NA,1406,0,389,0,0,389,T
6-NA,1407,385,0,0,0,385,A
6-NA,1408,0,381,0,0,381,T
6-NA,1409,361,0,0,0,361,A
6-NA,1410,345,0,0,0,345,A
7-M,1,54,0,0,0,54,A
7-M,2,0,56,0,0,56,T
7-M,3,0,0,57,0,57,G
7-M,4,59,0,0,0,59,A
7-M,5,0,0,66,0,66,G
7-M,6,0,0,0,70,70,C
7-M,7,0,0,0,71,71,C
7-M,8,0,91,0,0,91,T
7-M,9,0,91,0,0,91,T
7-M,10,0,0,0,91,91,C
7-M,11,0,91,0,0,91,T
7-M,12,93,0,0,0,93,A
7-M,13,95,0,0,0,95,A
7-M,14,0,0,0,95,95,C
7-M,15,0,0,0,95,95,C
7-M,16,0,1,94,0,95,G
7-M,17,97,0,0,0,97,A
7-M,18,0,0,99,0,99,G
7-M,19,0,0,100,0,100,G
7-M,20,1,99,0,0,100,T
7-M,21,0,0,0,100,100,C
7-M,22,0,0,100,0,100,G
7-M,23,104,0,0,0,104,A
7-M,24,105,1,0,0,106,A
7-M,25,111,0,0,0,111,A
7-M,26,0,0,0,117,117,C
7-M,27,0,0,121,0,121,G
7-M,28,0,122,0,0,122,T
7-M,29,121,0,0,0,121,A
7-M,30,0,123,0,0,123,T
7-M,31,0,0,126,0,126,G
7-M,32,0,125,0,0,125,T
7-M,33,0,134,0,1,135,T
7-M,34,0,0,0,140,140,C
7-M,35,0,142,0,0,142,T
7-M,36,0,0,0,155,155,C
7-M,37,0,155,0,0,155,T
7-M,38,1,0,0,166,167,C
7-M,39,0,167,0,0,167,T
7-M,40,172,0,0,0,172,A
7-M,41,0,172,0,0,172,T
7-M,42,1,0,0,176,177,C
7-M,43,0,0,178,0,178,G
7-M,44,0,180,0,0,180,T
7-M,45,0,181,0,0,181,T
7-M,46,1,0,0,183,184,C
7-M,47,0,0,0,193,193,C
7-M,48,193,0,0,0,193,A
7-M,49,0,195,0,0,195,T
7-M,50,0,0,0,195,195,C
7-M,51,194,0,1,0,195,A
7-M,52,0,0,196,1,197,G
7-M,53,0,0,197,0,197,G
7-M,54,0,0,0,197,197,C
7-M,55,0,0,0,196,196,C
7-M,56,0,0,0,196,196,C
7-M,57,1,0,0,207,208,C
7-M,58,1,0,0,208,209,C
7-M,59,0,210,0,0,210,T
7-M,60,0,0,0,211,211,C
7-M,61,211,0,0,0,211,A
7-M,62,209,0,0,0,209,A
7-M,63,213,0,0,0,213,A
7-M,64,0,0,220,0,220,G
7-M,65,0,0,0,220,220,C
7-M,66,0,0,0,218,218,C
7-M,67,0,2,219,1,222,G
7-M,68,222,0,0,0,222,A
7-M,69,0,0,223,0,223,G
7-M,70,224,0,0,0,224,A
7-M,71,0,224,0,0,224,T
7-M,72,2,0,0,221,223,C
7-M,73,0,0,223,0,223,G
7-M,74,0,0,0,225,225,C
7-M,75,0,0,224,0,224,G
7-M,76,0,1,0,224,225,C
7-M,77,225,0,0,0,225,A
7-M,78,0,0,226,0,226,G
7-M,79,226,0,0,0,226,A
7-M,80,0,1,239,0,240,G
7-M,81,240,0,0,0,240,A
7-M,82,0,0,0,244,244,C
7-M,83,0,242,0,0,242,T
7-M,84,0,241,0,0,241,T
7-M,85,0,3,241,0,244,G
7-M,86,244,0,0,0,244,A
7-M,87,244,0,1,0,245,A
7-M,88,0,0,245,0,245,G
7-M,89,241,0,0,0,241,A
7-M,90,0,241,0,0,241,T
7-M,91,0,0,246,0,246,G
7-M,92,0,245,0,0,245,T
7-M,93,0,0,0,245,245,C
7-M,94,0,243,0,0,243,T
7-M,95,0,244,0,2,246,T
7-M,96,0,246,0,0,246,T
7-M,97,0,0,247,0,247,G
7-M,98,0,0,0,247,247,C
7-M,99,0,244,0,1,245,T
7-M,100,0,1,247,0,248,G
7-M,101,0,0,248,0,248,G
7-M,102,0,0,252,0,252,G
7-M,103,250,0,0,0,250,A
7-M,104,252,0,0,0,252,A
7-M,105,253,0,0,0,253,A
7-M,106,253,0,0,0,253,A
7-M,107,261,0,0,0,261,A
7-M,108,0,1,0,262,263,C
7-M,109,261,0,3,0,264,A
7-M,110,0,0,0,264,264,C
7-M,111,263,0,0,0,263,A
7-M,112,0,2,269,0,271,G
7-M,113,267,0,0,0,267,A
7-M,114,0,277,0,0,277,T
7-M,115,1,0,0,277,278,C
7-M,116,0,277,0,0,277,T
7-M,117,0,275,0,0,275,T
7-M,118,0,1,276,0,277,G
7-M,119,276,0,0,0,276,A
7-M,120,0,0,278,0,278,G
7-M,121,0,0,275,0,275,G
7-M,122,0,0,0,278,278,C
7-M,123,0,279,0,0,279,T
7-M,124,1,0,0,298,299,C
7-M,125,0,300,0,0,300,T
7-M,126,1,0,0,299,300,C
7-M,127,298,0,0,0,298,A
7-M,128,0,301,0,0,301,T
7-M,129,0,1,299,1,301,G
7-M,130,0,2,299,0,301,G
7-M,131,299,0,0,0,299,A
7-M,132,301,0,0,0,301,A
7-M,133,0,291,0,0,291,T
7-M,134,0,0,311,0,311,G
7-M,135,0,0,323,0,323,G
7-M,136,1,0,0,323,324,C
7-M,137,0,323,0,0,323,T
7-M,138,323,0,0,0,323,A
7-M,139,324,0,0,0,324,A
7-M,140,329,0,0,0,329,A
7-M,141,0,1,334,0,335,G
7-M,142,332,0,0,0,332,A
7-M,143,0,0,0,329,329,C
7-M,144,313,0,0,0,313,A
7-M,145,313,0,0,0,313,A
7-M,146,0,0,320,0,320,G
7-M,147,324,0,0,0,324,A
7-M,148,1,0,0,323,324,C
7-M,149,0,0,0,321,321,C
7-M,150,319,0,0,0,319,A
7-M,151,323,0,0,0,323,A
7-M,152,0,324,0,0,324,T
7-M,153,0,326,0,0,326,T
7-M,154,2,0,0,328,330,C
7-M,155,0,329,0,0,329,T
7-M,156,0,0,329,0,329,G
7-M,157,0,328,0,1,329,T
7-M,158,1,0,0,327,328,C
7-M,159,330,0,0,0,330,A
7-M,160,0,0,0,338,338,C
7-M,161,0,0,0,339,339,C
7-M,162,0,334,0,2,336,T
7-M,163,1,0,0,338,339,C
7-M,164,1,340,0,0,341,T
7-M,165,0,5,340,1,346,G
7-M,166,346,0,1,1,348,A
7-M,167,0,0,0,347,347,C
7-M,168,0,347,0,0,347,T
7-M,169,345,0,0,0,345,A
7-M,170,342,0,0,0,342,A
7-M,171,0,1,341,0,342,G
7-M,172,0,2,342,0,344,G
7-M,173,0,0,342,0,342,G
7-M,174,0,2,344,0,346,G
7-M,175,353,0,0,0,353,A
7-M,176,0,352,0,0,352,T
7-M,177,0,355,0,0,355,T
7-M,178,0,353,0,0,353,T
7-M,179,0,356,0,0,356,T
7-M,180,0,0,357,0,357,G
7-M,181,1,0,357,0,358,G
7-M,182,1,1,357,0,359,G
7-M,183,0,0,360,0,360,G
7-M,184,0,356,0,0,356,T
7-M,185,0,356,0,0,356,T
7-M,186,0,352,0,0,352,T
7-M,187,0,1,359,0,360,G
7-M,188,0,362,0,0,362,T
7-M,189,0,0,365,0,365,G
7-M,190,0,365,0,0,365,T
7-M,191,0,363,0,0,363,T
7-M,192,1,0,0,362,363,C
7-M,193,365,0,0,0,365,A
7-M,194,0,0,0,369,369,C
7-M,195,0,0,369,0,369,G
7-M,196,0,0,0,370,370,C
7-M,197,0,364,0,0,364,T
7-M,198,3,0,0,372,375,C
7-M,199,380,0,0,0,380,A
7-M,200,1,0,0,382,383,C
7-M,201,1,0,0,381,382,C
7-M,202,0,0,383,0,383,G
7-M,203,0,387,0,0,387,T
7-M,204,0,0,391,0,391,G
7-M,205,0,1,0,391,392,C
7-M,206,2,0,0,388,390,C
7-M,207,1,0,0,385,386,C
7-M,208,387,0,0,0,387,A
7-M,209,0,0,391,0,391,G
7-M,210,0,391,0,0,391,T
7-M,211,0,2,392,0,394,G
7-M,212,394,0,1,0,395,A
7-M,213,0,1,390,0,391,G
7-M,214,0,1,0,391,392,C
7-M,215,0,3,391,0,394,G
7-M,216,391,0,0,0,391,A
7-M,217,0,1,392,0,393,G
7-M,218,0,0,396,0,396,G
7-M,219,393,0,1,1,395,A
7-M,220,0,0,0,401,401,C
7-M,221,0,397,0,0,397,T
7-M,222,0,0,400,0,400,G
7-M,223,0,0,0,399,399,C
7-M,224,402,0,0,0,402,A
7-M,225,0,0,408,0,408,G
7-M,226,0,0,0,406,406,C
7-M,227,0,0,408,0,408,G
7-M,228,0,408,0,0,408,T
7-M,229,401,1,0,0,402,A
7-M,230,0,3,400,0,403,G
7-M,231,404,0,0,0,404,A
7-M,232,0,0,0,408,408,C
7-M,233,0,1,410,0,411,G
7-M,234,0,0,0,405,405,C
7-M,235,0,406,0,1,407,T
7-M,236,0,405,0,0,405,T
7-M,237,0,405,0,1,406,T
7-M,238,0,1,417,0,418,G
7-M,239,1,416,0,0,417,T
7-M,240,2,0,0,415,417,C
7-M,241,1,0,0,416,417,C
7-M,242,415,0,0,1,416,A
7-M,243,414,0,1,0,415,A
7-M,244,417,0,0,0,417,A
7-M,245,416,0,0,0,416,A
7-M,246,0,413,0,0,413,T
7-M,247,1,1,406,1,409,G
7-M,248,0,0,0,404,404,C
7-M,249,2,0,0,404,406,C
7-M,250,0,1,0,413,414,C
7-M,251,0,411,0,0,411,T
7-M,252,0,0,0,424,424,C
7-M,253,428,0,0,0,428,A
7-M,254,428,0,0,0,428,A
7-M,255,0,429,0,0,429,T
7-M,256,0,0,429,0,429,G
7-M,257,0,0,430,0,430,G
7-M,258,0,1,434,0,435,G
7-M,259,434,0,0,0,434,A
7-M,260,437,0,0,0,437,A
7-M,261,0,427,0,0,427,T
7-M,262,0,1,426,0,427,G
7-M,263,0,0,426,0,426,G
7-M,264,420,0,1,0,421,A
7-M,265,0,1,419,0,420,G
7-M,266,418,0,0,0,418,A
7-M,267,0,0,0,413,413,C
7-M,268,1,0,0,428,429,C
7-M,269,2,0,0,434,436,C
7-M,270,436,0,0,0,436,A
7-M,271,439,0,0,0,439,A
7-M,272,440,0,0,0,440,A
7-M,273,0,440,0,0,440,T
7-M,274,451,0,0,0,451,A
7-M,275,451,0,0,0,451,A
7-M,276,0,0,0,449,449,C
7-M,277,447,0,1,0,448,A
7-M,278,0,446,0,0,446,T
7-M,279,0,0,449,0,449,G
7-M,280,0,3,444,0,447,G
7-M,281,448,1,0,0,449,A
7-M,282,0,0,0,451,451,C
7-M,283,440,0,0,0,440,A
7-M,284,439,0,0,0,439,A
7-M,285,439,0,0,0,439,A
7-M,286,0,0,445,0,445,G
7-M,287,0,1,0,449,450,C
7-M,288,443,0,0,0,443,A
7-M,289,0,0,452,0,452,G
7-M,290,0,452,0,0,452,T
7-M,291,0,453,0,0,453,T
7-M,292,461,0,0,0,461,A
7-M,293,457,1,1,0,459,A
7-M,294,459,0,0,0,459,A
7-M,295,0,0,0,463,463,C
7-M,296,0,452,0,1,453,T
7-M,297,0,0,515,0,515,G
7-M,298,0,509,0,0,509,T
7-M,299,510,1,0,0,511,A
7-M,300,0,510,0,0,510,T
7-M,301,510,0,0,0,510,A
7-M,302,0,0,511,0,511,G
7-M,303,0,1,509,0,510,G
7-M,304,505,0,2,0,507,A
7-M,305,506,0,0,0,506,A
7-M,306,498,0,0,0,498,A
7-M,307,2,0,0,498,500,C
7-M,308,0,500,0,0,500,T
7-M,309,0,500,0,0,500,T
7-M,310,500,0,0,0,500,A
7-M,311,497,0,0,1,498,A
7-M,312,0,2,498,0,500,G
7-M,313,497,1,0,0,498,A
7-M,314,0,1,499,0,500,G
7-M,315,479,0,1,0,480,A
7-M,316,2,0,496,0,498,G
7-M,317,501,0,1,0,502,A
7-M,318,0,1,507,0,508,G
7-M,319,509,1,0,0,510,A
7-M,320,0,513,0,0,513,T
7-M,321,511,0,2,0,513,A
7-M,322,510,0,2,0,512,A
7-M,323,0,1,0,511,512,C
7-M,324,0,0,515,0,515,G
7-M,325,1,508,0,2,511,T
7-M,326,0,503,2,0,505,T
7-M,327,2,1,0,509,512,C
7-M,328,1,0,0,506,507,C
7-M,329,508,0,0,0,508,A
7-M,330,0,508,0,0,508,T
7-M,331,0,3,504,0,507,G
7-M,332,0,0,508,0,508,G
7-M,333,1,0,504,0,505,G
7-M,334,0,0,504,0,504,G
7-M,335,0,0,0,504,504,C
7-M,336,0,0,0,504,504,C
7-M,337,505,1,1,0,507,A
7-M,338,508,0,0,0,508,A
7-M,339,505,0,0,0,505,A
7-M,340,0,2,510,0,512,G
7-M,341,516,0,0,0,516,A
7-M,342,510,0,0,0,510,A
7-M,343,509,0,0,0,509,A
7-M,344,1,506,0,0,507,T
7-M,345,507,0,1,0,508,A
7-M,346,0,0,511,0,511,G
7-M,347,0,0,0,508,508,C
7-M,348,0,505,0,0,505,T
7-M,349,0,0,0,503,503,C
7-M,350,0,502,0,0,502,T
7-M,351,2,0,0,513,515,C
7-M,352,516,0,0,0,516,A
7-M,353,0,0,518,0,518,G
7-M,354,0,513,0,1,514,T
7-M,355,0,521,0,0,521,T
7-M,356,521,1,0,0,522,A
7-M,357,0,524,0,0,524,T
7-M,358,0,524,0,0,524,T
7-M,359,2,0,0,522,524,C
7-M,360,0,520,0,0,520,T
7-M,361,0,0,525,0,525,G
7-M,362,0,0,0,526,526,C
7-M,363,0,520,0,1,521,T
7-M,364,0,2,520,0,522,G
7-M,365,0,0,523,0,523,G
7-M,366,0,523,0,0,523,T
7-M,367,0,0,525,0,525,G
7-M,368,1,0,0,521,522,C
7-M,369,523,0,0,0,523,A
7-M,370,1,0,0,519,520,C
7-M,371,0,513,0,0,513,T
7-M,372,0,514,0,1,515,T
7-M,373,0,0,515,0,515,G
7-M,374,0,0,0,516,516,C
7-M,375,0,1,0,513,514,C
7-M,376,517,0,0,0,517,A
7-M,377,0,0,522,0,522,G
7-M,378,0,522,0,0,522,T
7-M,379,0,519,0,0,519,T
7-M,380,0,0,520,0,520,G
7-M,381,0,507,0,0,507,T
7-M,382,515,0,1,0,516,A
7-M,383,0,516,0,0,516,T
7-M,384,0,1,516,0,517,G
7-M,385,0,1,513,0,514,G
7-M,386,0,0,512,0,512,G
7-M,387,0,1,0,512,513,C
7-M,388,0,0,0,523,523,C
7-M,389,0,513,0,0,513,T
7-M,390,1,1,0,526,528,C
7-M,391,550,0,0,0,550,A
7-M,392,0,556,0,0,556,T
7-M,393,574,0,0,0,574,A
7-M,394,0,571,0,0,571,T
7-M,395,564,0,0,0,564,A
7-M,396,0,0,0,594,594,C
7-M,397,583,0,0,0,583,A
7-M,398,588,0,0,0,588,A
7-M,399,0,584,0,0,584,T
7-M,400,561,0,0,0,561,A
7-M,401,0,1,571,0,572,G
7-M,402,0,0,567,0,567,G
7-M,403,563,0,0,0,563,A
7-M,404,0,565,0,0,565,T
7-M,405,0,0,542,0,542,G
7-M,406,0,2,539,0,541,G
7-M,407,0,0,541,0,541,G
7-M,408,0,0,544,0,544,G
7-M,409,0,1,547,0,548,G
7-M,410,0,0,1,542,543,C
7-M,411,0,540,0,2,542,T
7-M,412,1,0,543,0,544,G
7-M,413,0,543,0,0,543,T
7-M,414,546,0,0,0,546,A
7-M,415,545,0,0,0,545,A
7-M,416,0,0,0,543,543,C
7-M,417,2,0,0,534,536,C
7-M,418,530,0,0,0,530,A
7-M,419,0,0,0,528,528,C
7-M,420,0,524,0,0,524,T
7-M,421,0,1,522,0,523,G
7-M,422,525,0,0,0,525,A
7-M,423,517,0,1,0,518,A
7-M,424,0,0,523,0,523,G
7-M,425,0,520,0,1,521,T
7-M,426,1,1,521,0,523,G
7-M,427,0,0,521,0,521,G
7-M,428,1,1,0,518,520,C
7-M,429,522,0,0,0,522,A
7-M,430,0,520,0,0,520,T
7-M,431,0,517,1,1,519,T
7-M,432,0,519,0,0,519,T
7-M,433,0,1,527,0,528,G
7-M,434,0,0,527,0,527,G
7-M,435,1,0,0,523,524,C
7-M,436,0,0,0,524,524,C
7-M,437,0,519,0,2,521,T
7-M,438,0,0,546,0,546,G
7-M,439,0,0,547,0,547,G
7-M,440,0,547,0,0,547,T
7-M,441,552,1,1,0,554,A
7-M,442,0,535,0,0,535,T
7-M,443,0,0,547,0,547,G
7-M,444,1,543,0,1,545,T
7-M,445,1,0,544,0,545,G
7-M,446,0,0,0,544,544,C
7-M,447,532,0,0,0,532,A
7-M,448,530,1,0,0,531,A
7-M,449,0,0,0,534,534,C
7-M,450,533,0,0,0,533,A
7-M,451,0,532,0,0,532,T
7-M,452,1,0,524,0,525,G
7-M,453,0,515,0,0,515,T
7-M,454,0,2,514,0,516,G
7-M,455,512,0,1,0,513,A
7-M,456,0,0,512,0,512,G
7-M,457,0,0,0,511,511,C
7-M,458,500,1,0,0,501,A
7-M,459,0,1,501,0,502,G
7-M,460,502,0,0,0,502,A
7-M,461,0,503,0,0,503,T
7-M,462,0,504,0,0,504,T
7-M,463,0,0,504,0,504,G
7-M,464,0,0,0,503,503,C
7-M,465,0,501,0,0,501,T
7-M,466,0,4,498,0,502,G
7-M,467,501,0,1,0,502,A
7-M,468,0,0,0,523,523,C
7-M,469,0,519,0,1,520,T
7-M,470,2,1,0,520,523,C
7-M,471,0,0,0,516,516,C
7-M,472,1,0,0,520,521,C
7-M,473,519,0,0,0,519,A
7-M,474,0,0,522,0,522,G
7-M,475,1,0,0,521,522,C
7-M,476,524,0,0,0,524,A
7-M,477,0,0,1,523,524,C
7-M,478,486,1,0,0,487,A
7-M,479,0,1,493,0,494,G
7-M,480,0,0,499,0,499,G
7-M,481,0,499,0,0,499,T
7-M,482,3,0,0,502,505,C
7-M,483,0,496,1,1,498,T
7-M,484,2,0,0,503,505,C
7-M,485,503,0,0,0,503,A
7-M,486,0,503,0,0,503,T
7-M,487,505,0,0,0,505,A
7-M,488,0,0,501,0,501,G
7-M,489,0,0,501,0,501,G
7-M,490,1,1,0,497,499,C
7-M,491,483,0,0,1,484,A
7-M,492,0,1,480,0,481,G
7-M,493,483,0,1,0,484,A
7-M,494,0,485,0,0,485,T
7-M,495,0,1,486,0,487,G
7-M,496,0,1,484,0,485,G
7-M,497,0,479,0,0,479,T
7-M,498,0,0,493,0,493,G
7-M,499,1,0,492,0,493,G
7-M,500,0,0,0,495,495,C
7-M,501,489,0,0,0,489,A
7-M,502,488,0,0,0,488,A
7-M,503,0,0,0,498,498,C
7-M,504,502,0,0,0,502,A
7-M,505,502,0,0,0,502,A
7-M,506,1,0,0,503,504,C
7-M,507,2,0,0,498,500,C
7-M,508,499,0,0,0,499,A
7-M,509,504,0,0,0,504,A
7-M,510,0,507,0,0,507,T
7-M,511,2,0,0,505,507,C
7-M,512,1,0,0,499,500,C
7-M,513,496,0,0,0,496,A
7-M,514,0,498,0,0,498,T
7-M,515,0,498,0,0,498,T
7-M,516,495,0,2,0,497,A
7-M,517,498,0,0,0,498,A
7-M,518,0,502,0,0,502,T
7-M,519,503,0,0,0,503,A
7-M,520,503,0,0,0,503,A
7-M,521,499,1,0,0,500,A
7-M,522,503,0,0,0,503,A
7-M,523,0,0,0,510,510,C
7-M,524,509,0,0,0,509,A
7-M,525,0,510,0,0,510,T
7-M,526,0,5,506,0,511,G
7-M,527,510,0,0,0,510,A
7-M,528,0,1,514,0,515,G
7-M,529,513,0,0,0,513,A
7-M,530,513,0,0,0,513,A
7-M,531,0,1,0,517,518,C
7-M,532,505,0,1,0,506,A
7-M,533,0,0,513,0,513,G
7-M,534,508,0,0,0,508,A
7-M,535,510,0,0,0,510,A
7-M,536,0,508,0,0,508,T
7-M,537,0,1,509,0,510,G
7-M,538,0,0,509,0,509,G
7-M,539,1,502,0,0,503,T
7-M,540,0,496,0,0,496,T
7-M,541,0,513,0,0,513,T
7-M,542,0,514,0,0,514,T
7-M,543,0,0,517,0,517,G
7-M,544,1,0,516,0,517,G
7-M,545,0,0,0,514,514,C
7-M,546,1,0,0,518,519,C
7-M,547,513,0,0,0,513,A
7-M,548,1,0,527,0,528,G
7-M,549,0,0,0,527,527,C
7-M,550,528,0,0,0,528,A
7-M,551,0,0,0,541,541,C
7-M,552,0,534,0,0,534,T
7-M,553,536,0,1,0,537,A
7-M,554,0,0,0,541,541,C
7-M,555,546,0,2,0,548,A
7-M,556,0,0,555,0,555,G
7-M,557,0,0,1,545,546,C
7-M,558,0,539,0,0,539,T
7-M,559,539,0,0,0,539,A
7-M,560,529,0,0,0,529,A
7-M,561,0,1,534,0,535,G
7-M,562,0,0,539,0,539,G
7-M,563,0,0,0,542,542,C
7-M,564,0,515,0,0,515,T
7-M,565,520,0,0,0,520,A
7-M,566,0,520,0,0,520,T
7-M,567,0,1,517,0,518,G
7-M,568,1,1,516,0,518,G
7-M,569,509,0,0,0,509,A
7-M,570,0,0,509,0,509,G
7-M,571,0,1,0,501,502,C
7-M,572,503,0,0,0,503,A
7-M,573,503,0,0,0,503,A
7-M,574,499,0,0,0,499,A
7-M,575,0,505,0,0,505,T
7-M,576,1,0,501,0,502,G
7-M,577,0,0,498,0,498,G
7-M,578,0,0,0,497,497,C
7-M,579,0,494,0,0,494,T
7-M,580,1,0,499,0,500,G
7-M,581,0,1,507,0,508,G
7-M,582,507,1,0,0,508,A
7-M,583,0,505,0,0,505,T
7-M,584,3,0,0,501,504,C
7-M,585,506,0,0,0,506,A
7-M,586,507,0,2,0,509,A
7-M,587,0,0,511,0,511,G
7-M,588,0,509,0,0,509,T
7-M,589,0,3,507,0,510,G
7-M,590,501,0,0,0,501,A
7-M,591,495,0,0,0,495,A
7-M,592,0,0,0,498,498,C
7-M,593,498,0,0,0,498,A
7-M,594,0,0,501,0,501,G
7-M,595,0,0,499,0,499,G
7-M,596,0,0,0,498,498,C
7-M,597,493,0,0,0,493,A
7-M,598,0,0,503,0,503,G
7-M,599,1,2,0,498,501,C
7-M,600,0,0,502,0,502,G
7-M,601,2,0,502,0,504,G
7-M,602,502,0,0,0,502,A
7-M,603,0,1,508,0,509,G
7-M,604,1,0,510,0,511,G
7-M,605,0,0,0,513,513,C
7-M,606,0,1,0,511,512,C
7-M,607,513,0,1,0,514,A
7-M,608,0,511,0,0,511,T
7-M,609,0,1,514,0,515,G
7-M,610,0,3,511,0,514,G
7-M,611,505,0,1,0,506,A
7-M,612,0,1,508,0,509,G
7-M,613,499,0,0,0,499,A
7-M,614,0,508,0,1,509,T
7-M,615,0,506,0,0,506,T
7-M,616,0,0,506,0,506,G
7-M,617,0,0,0,505,505,C
7-M,618,0,507,0,0,507,T
7-M,619,506,0,0,0,506,A
7-M,620,0,0,505,0,505,G
7-M,621,0,504,0,0,504,T
7-M,622,5,0,0,498,503,C
7-M,623,500,0,0,0,500,A
7-M,624,0,1,504,0,505,G
7-M,625,0,0,504,0,504,G
7-M,626,0,0,0,498,498,C
7-M,627,2,0,0,498,500,C
7-M,628,501,0,1,0,502,A
7-M,629,0,2,504,0,506,G
7-M,630,0,0,506,0,506,G
7-M,631,0,0,0,507,507,C
7-M,632,501,0,0,0,501,A
7-M,633,0,1,500,0,501,G
7-M,634,495,0,0,0,495,A
7-M,635,0,497,0,0,497,T
7-M,636,0,1,499,0,500,G
7-M,637,0,0,506,0,506,G
7-M,638,0,499,0,0,499,T
7-M,639,2,2,494,0,498,G
7-M,640,0,0,0,500,500,C
7-M,641,500,0,0,0,500,A
7-M,642,0,1,503,0,504,G
7-M,643,0,0,503,0,503,G
7-M,644,0,0,0,505,505,C
7-M,645,502,0,0,0,502,A
7-M,646,493,0,0,0,493,A
7-M,647,0,488,0,0,488,T
7-M,648,0,1,488,0,489,G
7-M,649,483,0,0,0,483,A
7-M,650,0,1,483,0,484,G
7-M,651,475,0,1,0,476,A
7-M,652,0,0,479,0,479,G
7-M,653,0,0,0,481,481,C
7-M,654,1,0,0,481,482,C
7-M,655,486,1,0,0,487,A
7-M,656,0,486,0,0,486,T
7-M,657,0,483,0,1,484,T
7-M,658,0,1,483,0,484,G
7-M,659,0,0,479,0,479,G
7-M,660,0,2,478,0,480,G
7-M,661,481,0,1,0,482,A
7-M,662,0,0,1,476,477,C
7-M,663,0,463,0,0,463,T
7-M,664,4,0,0,456,460,C
7-M,665,460,1,0,0,461,A
7-M,666,0,482,0,0,482,T
7-M,667,1,0,0,479,480,C
7-M,668,3,0,0,480,483,C
7-M,669,0,483,0,0,483,T
7-M,670,481,0,0,0,481,A
7-M,671,0,0,488,0,488,G
7-M,672,0,508,0,0,508,T
7-M,673,0,505,0,0,505,T
7-M,674,1,0,0,498,499,C
7-M,675,2,0,0,484,486,C
7-M,676,479,1,0,1,481,A
7-M,677,0,0,493,0,493,G
7-M,678,0,492,0,1,493,T
7-M,679,490,0,0,0,490,A
7-M,680,0,0,0,488,488,C
7-M,681,0,468,0,1,469,T
7-M,682,0,2,483,0,485,G
7-M,683,0,0,485,0,485,G
7-M,684,0,482,0,0,482,T
7-M,685,1,468,1,0,470,T
7-M,686,0,477,0,0,477,T
7-M,687,475,0,1,0,476,A
7-M,688,478,0,0,0,478,A
7-M,689,0,1,479,0,480,G
7-M,690,470,0,0,0,470,A
7-M,691,0,1,464,0,465,G
7-M,692,452,0,0,0,452,A
7-M,693,0,445,0,6,451,T
7-M,694,0,3,448,0,451,G
7-M,695,448,0,1,0,449,A
7-M,696,0,445,0,2,447,T
7-M,697,0,0,0,448,448,C
7-M,698,0,442,0,0,442,T
7-M,699,1,442,0,0,443,T
7-M,700,0,0,0,445,445,C
7-M,701,0,446,0,1,447,T
7-M,702,0,448,0,0,448,T
7-M,703,0,1,446,0,447,G
7-M,704,446,0,0,0,446,A
7-M,705,445,0,0,0,445,A
7-M,706,444,0,0,0,444,A
7-M,707,449,0,0,0,449,A
7-M,708,0,448,0,0,448,T
7-M,709,0,450,0,0,450,T
7-M,710,0,450,0,1,451,T
7-M,711,0,0,450,0,450,G
7-M,712,0,0,0,450,450,C
7-M,713,447,1,1,0,449,A
7-M,714,0,0,452,0,452,G
7-M,715,452,0,0,0,452,A
7-M,716,0,0,0,457,457,C
7-M,717,1,0,0,453,454,C
7-M,718,0,451,0,0,451,T
7-M,719,457,0,0,0,457,A
7-M,720,0,455,0,2,457,T
7-M,721,0,0,0,458,458,C
7-M,722,458,0,1,0,459,A
7-M,723,0,1,457,0,458,G
7-M,724,457,0,0,0,457,A
7-M,725,438,0,0,0,438,A
7-M,726,444,0,0,0,444,A
7-M,727,0,0,0,445,445,C
7-M,728,2,3,444,0,449,G
7-M,729,445,0,0,0,445,A
7-M,730,448,0,0,0,448,A
7-M,731,0,447,0,0,447,T
7-M,732,0,2,444,0,446,G
7-M,733,0,1,449,0,450,G
7-M,734,0,3,445,0,448,G
7-M,735,0,0,444,0,444,G
7-M,736,1,1,448,0,450,G
7-M,737,0,435,0,0,435,T
7-M,738,0,0,434,0,434,G
7-M,739,0,0,0,435,435,C
7-M,740,433,0,0,0,433,A
7-M,741,1,0,434,0,435,G
7-M,742,434,0,0,0,434,A
7-M,743,0,431,0,0,431,T
7-M,744,0,0,425,1,426,G
7-M,745,0,1,1,422,424,C
7-M,746,421,0,1,0,422,A
7-M,747,423,0,0,0,423,A
7-M,748,0,1,0,427,428,C
7-M,749,0,2,424,0,426,G
7-M,750,428,0,0,0,428,A
7-M,751,0,428,0,0,428,T
7-M,752,0,428,0,0,428,T
7-M,753,4,1,0,422,427,C
7-M,754,419,0,0,0,419,A
7-M,755,419,0,2,0,421,A
7-M,756,0,0,420,0,420,G
7-M,757,0,413,0,0,413,T
7-M,758,0,1,409,0,410,G
7-M,759,408,0,0,0,408,A
7-M,760,0,0,0,404,404,C
7-M,761,1,0,0,402,403,C
7-M,762,1,0,0,405,406,C
7-M,763,1,0,405,0,406,G
7-M,764,0,0,0,407,407,C
7-M,765,0,406,0,0,406,T
7-M,766,0,408,0,2,410,T
7-M,767,0,0,409,0,409,G
7-M,768,0,407,0,0,407,T
7-M,769,0,407,0,0,407,T
7-M,770,0,0,406,0,406,G
7-M,771,0,397,0,1,398,T
7-M,772,0,395,0,0,395,T
7-M,773,0,0,393,0,393,G
7-M,774,1,0,0,390,391,C
7-M,775,1,1,0,389,391,C
7-M,776,0,0,393,0,393,G
7-M,777,0,0,0,390,390,C
7-M,778,0,1,389,0,390,G
7-M,779,389,0,1,0,390,A
7-M,780,389,0,0,0,389,A
7-M,781,0,390,0,0,390,T
7-M,782,391,0,0,0,391,A
7-M,783,0,393,0,0,393,T
7-M,784,3,0,0,398,401,C
7-M,785,398,0,0,0,398,A
7-M,786,0,398,0,0,398,T
7-M,787,0,396,0,0,396,T
7-M,788,0,3,390,0,393,G
7-M,789,0,2,390,0,392,G
7-M,790,1,1,387,0,389,G
7-M,791,384,0,0,0,384,A
7-M,792,1,377,0,0,378,T
7-M,793,0,0,0,373,373,C
7-M,794,0,370,0,1,371,T
7-M,795,0,371,0,1,372,T
7-M,796,0,0,376,0,376,G
7-M,797,0,0,0,377,377,C
7-M,798,377,0,0,0,377,A
7-M,799,0,0,0,379,379,C
7-M,800,0,375,0,0,375,T
7-M,801,0,374,0,0,374,T
7-M,802,0,1,375,0,376,G
7-M,803,379,0,0,0,379,A
7-M,804,0,380,0,0,380,T
7-M,805,371,0,0,0,371,A
7-M,806,0,368,0,1,369,T
7-M,807,0,360,0,0,360,T
7-M,808,0,1,357,0,358,G
7-M,809,0,358,0,0,358,T
7-M,810,0,1,356,0,357,G
7-M,811,0,1,355,0,356,G
7-M,812,347,0,0,0,347,A
7-M,813,0,350,0,0,350,T
7-M,814,0,349,0,0,349,T
7-M,815,4,1,0,341,346,C
7-M,816,0,344,0,0,344,T
7-M,817,0,343,0,0,343,T
7-M,818,0,3,340,0,343,G
7-M,819,342,0,0,0,342,A
7-M,820,0,340,0,0,340,T
7-M,821,2,0,0,333,335,C
7-M,822,0,0,334,0,334,G
7-M,823,0,331,0,3,334,T
7-M,824,0,0,0,333,333,C
7-M,825,0,334,0,0,334,T
7-M,826,0,333,0,0,333,T
7-M,827,0,334,0,0,334,T
7-M,828,0,334,0,0,334,T
7-M,829,0,335,1,0,336,T
7-M,830,0,336,0,0,336,T
7-M,831,0,336,0,0,336,T
7-M,832,1,0,0,335,336,C
7-M,833,336,0,0,0,336,A
7-M,834,337,0,0,0,337,A
7-M,835,337,0,0,0,337,A
7-M,836,0,337,0,0,337,T
7-M,837,0,0,337,0,337,G
7-M,838,0,0,0,336,336,C
7-M,839,0,0,337,0,337,G
7-M,840,0,339,0,0,339,T
7-M,841,1,0,0,337,338,C
7-M,842,0,342,0,0,342,T
7-M,843,342,0,0,0,342,A
7-M,844,0,340,0,1,341,T
7-M,845,0,0,0,341,341,C
7-M,846,0,0,340,0,340,G
7-M,847,336,0,0,0,336,A
7-M,848,0,0,0,337,337,C
7-M,849,0,318,0,0,318,T
7-M,850,0,0,0,326,326,C
7-M,851,0,320,0,0,320,T
7-M,852,0,324,0,0,324,T
7-M,853,2,0,0,321,323,C
7-M,854,324,0,0,0,324,A
7-M,855,323,0,0,0,323,A
7-M,856,322,0,0,0,322,A
7-M,857,0,0,0,323,323,C
7-M,858,318,0,0,0,318,A
7-M,859,0,0,0,307,307,C
7-M,860,0,0,298,0,298,G
7-M,861,0,0,306,0,306,G
7-M,862,0,0,0,305,305,C
7-M,863,2,0,0,305,307,C
7-M,864,0,303,0,1,304,T
7-M,865,0,306,0,0,306,T
7-M,866,303,0,0,0,303,A
7-M,867,304,0,0,0,304,A
7-M,868,303,0,0,0,303,A
7-M,869,303,0,0,0,303,A
7-M,870,0,1,298,0,299,G
7-M,871,258,0,0,0,258,A
7-M,872,0,1,255,0,256,G
7-M,873,0,0,256,0,256,G
7-M,874,0,0,0,256,256,C
7-M,875,0,0,0,255,255,C
7-M,876,1,0,0,256,257,C
7-M,877,0,259,0,0,259,T
7-M,878,0,261,0,0,261,T
7-M,879,0,0,0,261,261,C
7-M,880,0,259,0,0,259,T
7-M,881,259,0,0,0,259,A
7-M,882,0,0,0,261,261,C
7-M,883,1,0,254,0,255,G
7-M,884,0,0,253,0,253,G
7-M,885,240,0,0,1,241,A
7-M,886,241,0,0,0,241,A
7-M,887,1,1,235,0,237,G
7-M,888,0,1,233,0,234,G
7-M,889,230,0,0,0,230,A
7-M,890,0,1,229,0,230,G
7-M,891,0,230,0,0,230,T
7-M,892,229,0,0,0,229,A
7-M,893,0,0,0,228,228,C
7-M,894,0,0,0,229,229,C
7-M,895,0,228,0,0,228,T
7-M,896,0,0,227,0,227,G
7-M,897,218,0,0,0,218,A
7-M,898,0,0,222,0,222,G
7-M,899,0,215,0,0,215,T
7-M,900,1,0,0,215,216,C
7-M,901,0,207,0,0,207,T
7-M,902,206,0,0,0,206,A
7-M,903,0,206,0,0,206,T
7-M,904,0,0,207,0,207,G
7-M,905,201,0,0,0,201,A
7-M,906,0,0,199,0,199,G
7-M,907,0,0,184,0,184,G
7-M,908,0,1,182,0,183,G
7-M,909,182,0,0,0,182,A
7-M,910,182,0,0,0,182,A
7-M,911,0,0,182,0,182,G
7-M,912,179,0,0,0,179,A
7-M,913,196,0,0,0,196,A
7-M,914,0,196,0,0,196,T
7-M,915,195,0,0,0,195,A
7-M,916,0,195,0,0,195,T
7-M,917,1,18,0,171,190,C
7-M,918,0,0,192,0,192,G
7-M,919,190,0,0,0,190,A
7-M,920,184,0,0,0,184,A
7-M,921,184,0,0,0,184,A
7-M,922,0,1,178,0,179,G
7-M,923,0,1,179,0,180,G
7-M,924,181,0,0,0,181,A
7-M,925,181,0,0,0,181,A
7-M,926,0,0,0,183,183,C
7-M,927,179,0,0,0,179,A
7-M,928,0,0,191,0,191,G
7-M,929,0,0,0,191,191,C
7-M,930,188,0,0,0,188,A
7-M,931,0,0,188,0,188,G
7-M,932,178,0,0,0,178,A
7-M,933,180,0,0,0,180,A
7-M,934,0,180,0,0,180,T
7-M,935,0,0,170,0,170,G
7-M,936,0,0,0,172,172,C
7-M,937,0,164,0,0,164,T
7-M,938,0,0,164,0,164,G
7-M,939,0,163,0,0,163,T
7-M,940,0,0,161,0,161,G
7-M,941,0,0,161,0,161,G
7-M,942,153,0,0,0,153,A
7-M,943,0,154,0,0,154,T
7-M,944,0,0,150,0,150,G
7-M,945,0,0,0,146,146,C
7-M,946,0,137,0,0,137,T
7-M,947,0,0,135,0,135,G
7-M,948,135,0,0,0,135,A
7-M,949,0,0,0,134,134,C
7-M,950,0,0,133,0,133,G
7-M,951,132,0,1,0,133,A
7-M,952,0,0,0,133,133,C
7-M,953,129,0,0,0,129,A
7-M,954,0,0,130,0,130,G
7-M,955,0,127,0,0,127,T
7-M,956,3,0,0,125,128,C
7-M,957,128,0,0,0,128,A
7-M,958,0,127,0,0,127,T
7-M,959,0,126,0,0,126,T
7-M,960,0,126,0,0,126,T
7-M,961,0,122,0,0,122,T
7-M,962,0,1,122,0,123,G
7-M,963,0,121,0,0,121,T
7-M,964,1,0,0,120,121,C
7-M,965,114,0,0,0,114,A
7-M,966,0,0,114,0,114,G
7-M,967,0,0,0,114,114,C
7-M,968,114,0,0,0,114,A
7-M,969,0,114,0,0,114,T
7-M,970,108,0,0,0,108,A
7-M,971,0,0,108,0,108,G
7-M,972,106,0,1,0,107,A
7-M,973,0,0,106,0,106,G
7-M,974,0,107,0,0,107,T
7-M,975,0,75,0,0,75,T
7-M,976,0,0,74,0,74,G
7-M,977,0,0,74,0,74,G
7-M,978,72,0,0,0,72,A
7-M,979,0,0,74,0,74,G
7-M,980,0,48,0,0,48,T
7-M,981,47,0,0,0,47,A
7-M,982,46,0,0,0,46,A
8-NS,1,181,0,0,0,181,A
8-NS,2,0,181,0,0,181,T
8-NS,3,0,0,191,0,191,G
8-NS,4,0,0,204,0,204,G
8-NS,5,230,0,1,0,231,A
8-NS,6,0,486,0,0,486,T
8-NS,7,0,489,0,0,489,T
8-NS,8,0,0,0,506,506,C
8-NS,9,0,0,0,506,506,C
8-NS,10,507,0,0,0,507,A
8-NS,11,512,0,0,0,512,A
8-NS,12,0,0,0,512,512,C
8-NS,13,514,0,0,0,514,A
8-NS,14,0,0,0,516,516,C
8-NS,15,1,518,0,0,519,T
8-NS,16,0,0,586,0,586,G
8-NS,17,0,586,0,1,587,T
8-NS,18,0,0,597,0,597,G
8-NS,19,0,599,0,0,599,T
8-NS,20,0,0,0,599,599,C
8-NS,21,599,0,0,0,599,A
8-NS,22,597,0,0,0,597,A
8-NS,23,0,0,608,0,608,G
8-NS,24,0,615,0,0,615,T
8-NS,25,0,609,1,0,610,T
8-NS,26,0,619,0,0,619,T
8-NS,27,1,0,0,619,620,C
8-NS,28,0,0,0,623,623,C
8-NS,29,621,0,0,0,621,A
8-NS,30,0,4,625,0,629,G
8-NS,31,0,0,631,0,631,G
8-NS,32,0,628,1,0,629,T
8-NS,33,635,0,0,0,635,A
8-NS,34,0,3,637,0,640,G
8-NS,35,636,1,0,0,637,A
8-NS,36,0,641,0,1,642,T
8-NS,37,0,642,0,0,642,T
8-NS,38,0,0,654,0,654,G
8-NS,39,2,0,0,651,653,C
8-NS,40,0,651,0,0,651,T
8-NS,41,0,661,0,0,661,T
8-NS,42,0,666,0,1,667,T
8-NS,43,1,0,0,675,676,C
8-NS,44,0,676,0,0,676,T
8-NS,45,0,677,0,0,677,T
8-NS,46,0,680,0,0,680,T
8-NS,47,0,6,678,0,684,G
8-NS,48,0,1,687,1,689,G
8-NS,49,0,0,0,690,690,C
8-NS,50,689,0,0,0,689,A
8-NS,51,0,691,0,0,691,T
8-NS,52,691,0,0,0,691,A
8-NS,53,0,752,0,0,752,T
8-NS,54,3,0,0,753,756,C
8-NS,55,1,2,0,751,754,C
8-NS,56,0,0,753,0,753,G
8-NS,57,0,754,1,0,755,T
8-NS,58,768,0,0,0,768,A
8-NS,59,768,0,0,0,768,A
8-NS,60,766,0,0,0,766,A
8-NS,61,0,0,0,769,769,C
8-NS,62,761,0,0,0,761,A
8-NS,63,763,1,0,0,764,A
8-NS,64,0,1,812,0,813,G
8-NS,65,0,811,0,0,811,T
8-NS,66,0,811,0,0,811,T
8-NS,67,0,1,811,0,812,G
8-NS,68,0,811,0,0,811,T
8-NS,69,811,0,0,0,811,A
8-NS,70,0,11,802,0,813,G
8-NS,71,860,1,0,0,861,A
8-NS,72,0,0,1,866,867,C
8-NS,73,2,0,0,855,857,C
8-NS,74,856,0,2,0,858,A
8-NS,75,865,0,1,0,866,A
8-NS,76,0,6,900,0,906,G
8-NS,77,906,0,0,0,906,A
8-NS,78,916,0,0,0,916,A
8-NS,79,0,0,0,912,912,C
8-NS,80,0,904,0,0,904,T
8-NS,81,0,5,912,0,917,G
8-NS,82,909,1,3,0,913,A
8-NS,83,0,1,929,0,930,G
8-NS,84,0,933,0,0,933,T
8-NS,85,1,3,920,0,924,G
8-NS,86,932,0,0,0,932,A
8-NS,87,0,930,0,1,931,T
8-NS,88,2,0,942,0,944,G
8-NS,89,0,0,0,956,956,C
8-NS,90,1,1,0,960,962,C
8-NS,91,2,0,0,963,965,C
8-NS,92,3,0,0,961,964,C
8-NS,93,972,0,0,0,972,A
8-NS,94,0,991,0,0,991,T
8-NS,95,1,1003,0,0,1004,T
8-NS,96,0,0,0,1014,1014,C
8-NS,97,0,1,0,1009,1010,C
8-NS,98,0,1009,0,3,1012,T
8-NS,99,0,1010,0,0,1010,T
8-NS,100,1,13,999,0,1013,G
8-NS,101,1012,1,0,0,1013,A
8-NS,102,0,1015,0,0,1015,T
8-NS,103,1,1,0,1012,1014,C
8-NS,104,1,5,1003,0,1009,G
8-NS,105,0,0,1017,0,1017,G
8-NS,106,0,1,0,1016,1017,C
8-NS,107,1,1015,0,0,1016,T
8-NS,108,0,1015,0,0,1015,T
8-NS,109,3,2,0,1011,1016,C
8-NS,110,0,2,1017,1,1020,G
8-NS,111,1,0,0,1019,1020,C
8-NS,112,0,0,0,1018,1018,C
8-NS,113,0,2,1018,0,1020,G
8-NS,114,1014,0,1,0,1015,A
8-NS,115,1,4,1051,0,1056,G
8-NS,116,1054,0,1,0,1055,A
8-NS,117,0,1060,0,0,1060,T
8-NS,118,3,0,0,1055,1058,C
8-NS,119,1050,0,0,0,1050,A
8-NS,120,0,5,1052,0,1057,G
8-NS,121,1053,0,0,0,1053,A
8-NS,122,0,0,1061,0,1061,G
8-NS,123,0,2,1073,0,1075,G
8-NS,124,0,1085,0,1,1086,T
8-NS,125,7,1,0,1127,1135,C
8-NS,126,3,1,0,1134,1138,C
8-NS,127,4,0,0,1143,1147,C
8-NS,128,0,1148,0,0,1148,T
8-NS,129,1150,0,0,1,1151,A
8-NS,130,1146,0,2,0,1148,A
8-NS,131,0,2,1167,0,1169,G
8-NS,132,0,5,1156,0,1161,G
8-NS,133,1,0,1159,0,1160,G
8-NS,134,0,3,1136,0,1139,G
8-NS,135,1135,1,0,0,1136,A
8-NS,136,1132,0,2,0,1134,A
8-NS,137,0,3,1135,0,1138,G
8-NS,138,1155,0,3,0,1158,A
8-NS,139,0,2,1161,0,1163,G
8-NS,140,0,1,1165,0,1166,G
8-NS,141,0,0,0,1170,1170,C
8-NS,142,1158,0,2,1,1161,A
8-NS,143,1162,1,0,0,1163,A
8-NS,144,0,1168,0,0,1168,T
8-NS,145,1170,1,1,0,1172,A
8-NS,146,1,0,0,1190,1191,C
8-NS,147,0,1170,0,0,1170,T
8-NS,148,3,0,0,1167,1170,C
8-NS,149,0,1159,0,1,1160,T
8-NS,150,4,0,0,1159,1163,C
8-NS,151,0,1,1179,0,1180,G
8-NS,152,0,0,1243,0,1243,G
8-NS,153,0,1240,0,1,1241,T
8-NS,154,3,1,0,1246,1250,C
8-NS,155,0,1247,1,0,1248,T
8-NS,156,1251,0,0,0,1251,A
8-NS,157,0,8,1237,1,1246,G
8-NS,158,1250,0,1,0,1251,A
8-NS,159,1,0,1,1275,1277,C
8-NS,160,1259,2,1,0,1262,A
8-NS,161,1,1244,0,1,1246,T
8-NS,162,1,0,0,1248,1249,C
8-NS,163,1249,0,1,0,1250,A
8-NS,164,1248,0,0,1,1249,A
8-NS,165,1241,0,0,0,1241,A
8-NS,166,0,0,1247,0,1247,G
8-NS,167,2,1,0,1247,1250,C
8-NS,168,1237,0,1,0,1238,A
8-NS,169,0,0,1247,0,1247,G
8-NS,170,0,0,0,1241,1241,C
8-NS,171,4,2,0,1244,1250,C
8-NS,172,1254,0,1,0,1255,A
8-NS,173,0,0,0,1267,1267,C
8-NS,174,1,0,0,1267,1268,C
8-NS,175,7,0,0,1263,1270,C
8-NS,176,1287,0,0,0,1287,A
8-NS,177,0,1289,0,1,1290,T
8-NS,178,0,1,1289,0,1290,G
8-NS,179,1,1289,0,0,1290,T
8-NS,180,0,1287,0,0,1287,T
8-NS,181,0,4,1287,0,1291,G
8-NS,182,0,3,1281,1,1285,G
8-NS,183,1281,0,2,0,1283,A
8-NS,184,1284,0,0,0,1284,A
8-NS,185,1268,0,1,0,1269,A
8-NS,186,1,0,1276,0,1277,G
8-NS,187,0,1,0,1277,1278,C
8-NS,188,1272,0,0,0,1272,A
8-NS,189,1271,0,0,0,1271,A
8-NS,190,1269,0,0,0,1269,A
8-NS,191,0,1274,0,0,1274,T
8-NS,192,0,1278,0,0,1278,T
8-NS,193,0,0,1299,0,1299,G
8-NS,194,0,1298,0,0,1298,T
8-NS,195,1298,0,2,0,1300,A
8-NS,196,0,1,1297,1,1299,G
8-NS,197,1300,0,0,0,1300,A
8-NS,198,1299,0,0,0,1299,A
8-NS,199,1295,0,0,0,1295,A
8-NS,200,1292,0,2,0,1294,A
8-NS,201,0,3,1297,0,1300,G
8-NS,202,1281,0,2,0,1283,A
8-NS,203,1,1284,0,0,1285,T
8-NS,204,0,1285,0,0,1285,T
8-NS,205,2,2,0,1279,1283,C
8-NS,206,0,1282,0,0,1282,T
8-NS,207,0,8,1276,0,1284,G
8-NS,208,1285,0,0,0,1285,A
8-NS,209,1283,1,0,0,1284,A
8-NS,210,1282,0,0,0,1282,A
8-NS,211,0,3,1289,0,1292,G
8-NS,212,1284,0,2,0,1286,A
8-NS,213,1290,0,1,0,1291,A
8-NS,214,1,5,1289,0,1295,G
8-NS,215,1306,0,1,0,1307,A
8-NS,216,1311,1,0,0,1312,A
8-NS,217,0,1315,0,0,1315,T
8-NS,218,3,0,0,1324,1327,C
8-NS,219,0,1320,0,2,1322,T
8-NS,220,0,8,1326,0,1334,G
8-NS,221,1334,1,0,0,1335,A
8-NS,222,1,1331,0,0,1332,T
8-NS,223,0,5,1323,0,1328,G
8-NS,224,1315,0,1,1,1317,A
8-NS,225,0,6,1313,0,1319,G
8-NS,226,1,0,1324,0,1325,G
8-NS,227,0,3,0,1317,1320,C
8-NS,228,1320,0,1,0,1321,A
8-NS,229,0,1,0,1353,1354,C
8-NS,230,0,1346,0,0,1346,T
8-NS,231,0,1356,0,0,1356,T
8-NS,232,1362,0,0,0,1362,A
8-NS,233,1366,0,0,1,1367,A
8-NS,234,1366,0,0,0,1366,A
8-NS,235,1360,1,1,0,1362,A
8-NS,236,1,1358,0,0,1359,T
8-NS,237,0,14,1352,0,1366,G
8-NS,238,1360,1,0,0,1361,A
8-NS,239,1,0,0,1359,1360,C
8-NS,240,3,1,0,1348,1352,C
8-NS,241,1353,0,1,0,1354,A
8-NS,242,0,1353,0,0,1353,T
8-NS,243,0,4,1375,0,1379,G
8-NS,244,0,1,1398,0,1399,G
8-NS,245,2,1397,0,2,1401,T
8-NS,246,8,0,0,1453,1461,C
8-NS,247,1,1455,0,2,1458,T
8-NS,248,2,0,0,1478,1480,C
8-NS,249,3,0,0,1472,1475,C
8-NS,250,1482,0,2,0,1484,A
8-NS,251,1,0,0,1494,1495,C
8-NS,252,1475,0,0,1,1476,A
8-NS,253,0,1,0,1505,1506,C
8-NS,254,1,0,0,1503,1504,C
8-NS,255,1,1454,0,2,1457,T
8-NS,256,0,1,1457,0,1458,G
8-NS,257,0,0,0,1449,1449,C
8-NS,258,0,1443,0,1,1444,T
8-NS,259,0,1447,0,0,1447,T
8-NS,260,2,3,0,1437,1442,C
8-NS,261,0,0,1451,0,1451,G
8-NS,262,0,0,0,1450,1450,C
8-NS,263,1,7,1445,0,1453,G
8-NS,264,1518,0,0,0,1518,A
8-NS,265,0,1512,0,0,1512,T
8-NS,266,1558,1,2,0,1561,A
8-NS,267,0,0,0,1563,1563,C
8-NS,268,1554,0,0,0,1554,A
8-NS,269,0,1582,0,0,1582,T
8-NS,270,1568,0,0,1,1569,A
8-NS,271,1575,0,1,0,1576,A
8-NS,272,0,1,0,1578,1579,C
8-NS,273,0,1543,0,0,1543,T
8-NS,274,0,5,1558,0,1563,G
8-NS,275,1549,0,2,0,1551,A
8-NS,276,0,0,0,1556,1556,C
8-NS,277,1554,0,0,0,1554,A
8-NS,278,0,1545,0,0,1545,T
8-NS,279,0,8,1543,1,1552,G
8-NS,280,1552,1,0,0,1553,A
8-NS,281,0,2,0,1590,1592,C
8-NS,282,0,1575,0,0,1575,T
8-NS,283,1590,0,0,1,1591,A
8-NS,284,0,1593,0,0,1593,T
8-NS,285,0,1583,0,1,1584,T
8-NS,286,2,3,1578,0,1583,G
8-NS,287,1575,1,0,0,1576,A
8-NS,288,2,5,1576,0,1583,G
8-NS,289,0,14,1563,0,1577,G
8-NS,290,1552,0,0,0,1552,A
8-NS,291,1556,0,0,0,1556,A
8-NS,292,1,1521,0,0,1522,T
8-NS,293,0,1527,0,1,1528,T
8-NS,294,1,0,1558,0,1559,G
8-NS,295,0,1547,0,1,1548,T
8-NS,296,10,0,0,1545,1555,C
8-NS,297,1549,1,3,0,1553,A
8-NS,298,1560,0,1,0,1561,A
8-NS,299,0,6,1555,0,1561,G
8-NS,300,1557,0,1,0,1558,A
8-NS,301,1559,0,1,0,1560,A
8-NS,302,1565,1,0,0,1566,A
8-NS,303,0,0,0,1566,1566,C
8-NS,304,0,1550,0,2,1552,T
8-NS,305,0,3,1574,0,1577,G
8-NS,306,0,0,1590,0,1590,G
8-NS,307,0,1587,0,1,1588,T
8-NS,308,1,1585,0,0,1586,T
8-NS,309,13,1,0,1568,1582,C
8-NS,310,1584,0,0,0,1584,A
8-NS,311,1,1608,1,0,1610,T
8-NS,312,2,3,1618,0,1623,G
8-NS,313,0,2,0,1641,1643,C
8-NS,314,0,1621,0,0,1621,T
8-NS,315,1608,0,6,0,1614,A
8-NS,316,1648,0,0,0,1648,A
8-NS,317,0,1650,1,0,1651,T
8-NS,318,2,2,1651,0,1655,G
8-NS,319,0,0,0,1649,1649,C
8-NS,320,1,0,0,1636,1637,C
8-NS,321,6,1,0,1631,1638,C
8-NS,322,1632,1,0,0,1633,A
8-NS,323,1629,0,1,0,1630,A
8-NS,324,0,0,1641,0,1641,G
8-NS,325,0,0,0,1644,1644,C
8-NS,326,1637,0,2,0,1639,A
8-NS,327,0,1,1647,0,1648,G
8-NS,328,1640,0,1,0,1641,A
8-NS,329,1643,0,0,0,1643,A
8-NS,330,1636,0,0,0,1636,A
8-NS,331,1628,1,2,0,1631,A
8-NS,332,0,1643,0,0,1643,T
8-NS,333,0,4,1641,0,1645,G
8-NS,334,0,3,1645,0,1648,G
8-NS,335,1635,0,5,0,1640,A
8-NS,336,1631,0,3,0,1634,A
8-NS,337,0,1,1634,0,1635,G
8-NS,338,2,5,1629,0,1636,G
8-NS,339,1639,1,0,0,1640,A
8-NS,340,0,1,0,1649,1650,C
8-NS,341,2,0,0,1644,1646,C
8-NS,342,0,1641,0,3,1644,T
8-NS,343,1,0,0,1670,1671,C
8-NS,344,0,1665,0,0,1665,T
8-NS,345,0,1675,0,0,1675,T
8-NS,346,1,1671,0,0,1672,T
8-NS,347,1,2,1666,0,1669,G
8-NS,348,1,1,0,1680,1682,C
8-NS,349,1675,0,1,0,1676,A
8-NS,350,1,1667,0,0,1668,T
8-NS,351,4,1,0,1667,1672,C
8-NS,352,1692,0,0,0,1692,A
8-NS,353,0,7,1716,0,1723,G
8-NS,354,1715,0,0,1,1716,A
8-NS,355,1727,0,1,0,1728,A
8-NS,356,1,1723,0,0,1724,T
8-NS,357,1,3,1701,0,1705,G
8-NS,358,13,11,1693,0,1717,G
8-NS,359,1718,1,2,0,1721,A
8-NS,360,1,0,0,1719,1720,C
8-NS,361,7,0,0,1685,1692,C
8-NS,362,1666,0,2,0,1668,A
8-NS,363,0,4,1679,0,1683,G
8-NS,364,1,1,1674,0,1676,G
8-NS,365,1,1,1,1681,1684,C
8-NS,366,1667,1,1,0,1669,A
8-NS,367,1686,0,0,0,1686,A
8-NS,368,0,1681,0,1,1682,T
8-NS,369,5,0,0,1680,1685,C
8-NS,370,1684,1,1,0,1686,A
8-NS,371,0,1680,0,0,1680,T
8-NS,372,0,0,1652,0,1652,G
8-NS,373,1,6,1654,0,1661,G
8-NS,374,1654,0,2,0,1656,A
8-NS,375,1,8,1646,0,1655,G
8-NS,376,1645,0,0,1,1646,A
8-NS,377,1653,0,1,0,1654,A
8-NS,378,1652,0,0,1,1653,A
8-NS,379,1654,0,1,0,1655,A
8-NS,380,1654,1,2,0,1657,A
8-NS,381,0,1,0,1660,1661,C
8-NS,382,1647,0,0,0,1647,A
8-NS,383,0,1634,0,4,1638,T
8-NS,384,5,1,0,1606,1612,C
8-NS,385,1615,0,2,0,1617,A
8-NS,386,1,1614,0,1,1616,T
8-NS,387,0,1,1621,0,1622,G
8-NS,388,1,1618,0,1,1620,T
8-NS,389,1,1606,0,1,1608,T
8-NS,390,0,7,1595,0,1602,G
8-NS,391,1599,0,0,0,1599,A
8-NS,392,1601,0,0,1,1602,A
8-NS,393,1602,0,3,0,1605,A
8-NS,394,0,0,1607,0,1607,G
8-NS,395,3,2,0,1586,1591,C
8-NS,396,2,7,1582,0,1591,G
8-NS,397,1589,0,0,0,1589,A
8-NS,398,1596,0,0,0,1596,A
8-NS,399,0,1587,1,1,1589,T
8-NS,400,0,1567,1,10,1578,T
8-NS,401,0,1585,1,0,1586,T
8-NS,402,4,1,0,1588,1593,C
8-NS,403,1569,0,1,0,1570,A
8-NS,404,1,4,1566,0,1571,G
8-NS,405,2,1577,0,2,1581,T
8-NS,406,4,0,1573,1,1578,G
8-NS,407,1,1567,0,1,1569,T
8-NS,408,0,12,1565,0,1577,G
8-NS,409,1583,0,1,0,1584,A
8-NS,410,1,1578,0,0,1579,T
8-NS,411,0,1577,0,2,1579,T
8-NS,412,0,1578,0,0,1578,T
8-NS,413,0,1579,0,2,1581,T
8-NS,414,0,1579,0,0,1579,T
8-NS,415,0,14,1556,0,1570,G
8-NS,416,1576,0,0,0,1576,A
8-NS,417,0,2,0,1567,1569,C
8-NS,418,5,1,0,1545,1551,C
8-NS,419,1,8,1556,0,1565,G
8-NS,420,1638,0,0,0,1638,A
8-NS,421,0,0,0,1654,1654,C
8-NS,422,0,1654,0,0,1654,T
8-NS,423,1656,0,1,0,1657,A
8-NS,424,1,4,1653,0,1658,G
8-NS,425,1658,0,0,0,1658,A
8-NS,426,1,8,1656,0,1665,G
8-NS,427,1658,0,3,0,1661,A
8-NS,428,0,0,1,1708,1709,C
8-NS,429,5,0,0,1636,1641,C
8-NS,430,1600,0,1,0,1601,A
8-NS,431,0,1670,0,1,1671,T
8-NS,432,1657,0,0,0,1657,A
8-NS,433,0,1,1759,0,1760,G
8-NS,434,2,1753,0,0,1755,T
8-NS,435,1746,0,2,0,1748,A
8-NS,436,0,1740,0,2,1742,T
8-NS,437,0,1686,0,0,1686,T
8-NS,438,1728,0,0,0,1728,A
8-NS,439,0,0,0,1724,1724,C
8-NS,440,0,1663,0,0,1663,T
8-NS,441,1657,0,0,0,1657,A
8-NS,442,1516,1,0,0,1517,A
8-NS,443,0,4,1520,0,1524,G
8-NS,444,1,4,1516,0,1521,G
8-NS,445,1,1,1522,0,1524,G
8-NS,446,2,0,0,1501,1503,C
8-NS,447,0,1475,0,1,1476,T
8-NS,448,0,1475,0,0,1475,T
8-NS,449,0,1491,0,1,1492,T
8-NS,450,5,0,0,1496,1501,C
8-NS,451,1510,0,1,0,1511,A
8-NS,452,0,1,0,1504,1505,C
8-NS,453,6,1,0,1486,1493,C
8-NS,454,0,3,1489,0,1492,G
8-NS,455,1489,0,0,0,1489,A
8-NS,456,1487,4,2,0,1493,A
8-NS,457,0,5,1497,0,1502,G
8-NS,458,1483,1,0,0,1484,A
8-NS,459,1,1,1484,0,1486,G
8-NS,460,0,3,1471,0,1474,G
8-NS,461,1,4,1470,0,1475,G
8-NS,462,1468,0,3,0,1471,A
8-NS,463,1,0,1472,0,1473,G
8-NS,464,1,0,0,1468,1469,C
8-NS,465,1470,0,1,0,1471,A
8-NS,466,1468,1,0,0,1469,A
8-NS,467,0,1468,0,0,1468,T
8-NS,468,0,1461,0,1,1462,T
8-NS,469,1,0,1464,0,1465,G
8-NS,470,1,1445,0,0,1446,T
8-NS,471,0,1445,0,1,1446,T
8-NS,472,0,1,1446,0,1447,G
8-NS,473,0,0,1448,0,1448,G
8-NS,474,2,1,0,1448,1451,C
8-NS,475,1,7,1438,0,1446,G
8-NS,476,1450,0,0,0,1450,A
8-NS,477,1449,2,0,0,1451,A
8-NS,478,1457,0,1,0,1458,A
8-NS,479,0,1462,0,1,1463,T
8-NS,480,7,1,0,1457,1465,C
8-NS,481,0,1453,0,1,1454,T
8-NS,482,10,0,0,1455,1465,C
8-NS,483,1461,0,3,0,1464,A
8-NS,484,1,0,0,1460,1461,C
8-NS,485,2,0,0,1458,1460,C
8-NS,486,1445,1,0,0,1446,A
8-NS,487,0,1441,1,0,1442,T
8-NS,488,0,1421,0,1,1422,T
8-NS,489,1,0,1423,0,1424,G
8-NS,490,0,0,0,1418,1418,C
8-NS,491,4,0,0,1408,1412,C
8-NS,492,0,1410,0,7,1417,T
8-NS,493,0,1410,0,1,1411,T
8-NS,494,0,0,0,1415,1415,C
8-NS,495,0,1413,0,2,1415,T
8-NS,496,0,1417,0,0,1417,T
8-NS,497,0,1435,0,0,1435,T
8-NS,498,0,1430,0,0,1430,T
8-NS,499,2,0,0,1432,1434,C
8-NS,500,4,0,0,1425,1429,C
8-NS,501,1421,0,2,0,1423,A
8-NS,502,1,1,1436,0,1438,G
8-NS,503,2,5,1427,0,1434,G
8-NS,504,1447,0,1,0,1448,A
8-NS,505,0,0,0,1452,1452,C
8-NS,506,1461,1,0,0,1462,A
8-NS,507,0,1464,0,0,1464,T
8-NS,508,1463,0,1,0,1464,A
8-NS,509,0,1,0,1555,1556,C
8-NS,510,1,1550,0,0,1551,T
8-NS,511,1534,0,0,1,1535,A
8-NS,512,0,1520,3,0,1523,T
8-NS,513,0,1474,0,2,1476,T
8-NS,514,0,2,1475,0,1477,G
8-NS,515,1428,0,1,0,1429,A
8-NS,516,0,7,1423,0,1430,G
8-NS,517,1,1,1425,0,1427,G
8-NS,518,1296,1,0,0,1297,A
8-NS,519,0,1304,0,0,1304,T
8-NS,520,0,0,1302,1,1303,G
8-NS,521,1,1294,1,3,1299,T
8-NS,522,8,0,0,1292,1300,C
8-NS,523,1302,0,0,0,1302,A
8-NS,524,1303,0,0,0,1303,A
8-NS,525,1303,0,1,0,1304,A
8-NS,526,1297,0,1,0,1298,A
8-NS,527,1303,0,0,0,1303,A
8-NS,528,0,1299,0,0,1299,T
8-NS,529,1,1,1301,0,1303,G
8-NS,530,0,0,0,1310,1310,C
8-NS,531,1306,0,1,0,1307,A
8-NS,532,1310,0,0,1,1311,A
8-NS,533,0,1314,0,1,1315,T
8-NS,534,0,1315,0,0,1315,T
8-NS,535,1,2,1305,0,1308,G
8-NS,536,1,6,1292,0,1299,G
8-NS,537,1,1,1299,0,1301,G
8-NS,538,0,0,1312,0,1312,G
8-NS,539,0,1293,0,5,1298,T
8-NS,540,4,0,0,1304,1308,C
8-NS,541,5,1,0,1292,1298,C
8-NS,542,0,1295,0,1,1296,T
8-NS,543,4,0,0,1309,1313,C
8-NS,544,1309,0,0,0,1309,A
8-NS,545,0,1308,0,1,1309,T
8-NS,546,3,4,0,1303,1310,C
8-NS,547,0,2,1296,0,1298,G
8-NS,548,1,2,1296,0,1299,G
8-NS,549,1284,1,1,0,1286,A
8-NS,550,0,2,1278,0,1280,G
8-NS,551,0,5,1280,1,1286,G
8-NS,552,1263,1,1,0,1265,A
8-NS,553,0,0,0,1268,1268,C
8-NS,554,0,1268,0,0,1268,T
8-NS,555,0,1264,0,0,1264,T
8-NS,556,0,8,1259,0,1267,G
8-NS,557,1262,1,1,0,1264,A
8-NS,558,1259,0,0,0,1259,A
8-NS,559,0,1256,0,0,1256,T
8-NS,560,0,0,1237,0,1237,G
8-NS,561,0,8,1241,1,1250,G
8-NS,562,1233,1,1,0,1235,A
8-NS,563,1247,0,0,0,1247,A
8-NS,564,0,1294,0,1,1295,T
8-NS,565,1,5,1300,0,1306,G
8-NS,566,1314,0,1,0,1315,A
8-NS,567,0,1314,0,1,1315,T
8-NS,568,1311,0,1,0,1312,A
8-NS,569,1309,0,1,0,1310,A
8-NS,570,0,0,0,1302,1302,C
8-NS,571,1277,1,0,0,1278,A
8-NS,572,0,1,0,1288,1289,C
8-NS,573,1183,0,0,1,1184,A
8-NS,574,0,0,1195,0,1195,G
8-NS,575,1,1186,1,1,1189,T
8-NS,576,1,1190,0,0,1191,T
8-NS,577,9,0,0,1179,1188,C
8-NS,578,0,4,1176,0,1180,G
8-NS,579,1181,0,0,0,1181,A
8-NS,580,1,0,1184,0,1185,G
8-NS,581,0,1177,0,1,1178,T
8-NS,582,8,0,1,1173,1182,C
8-NS,583,0,1158,0,0,1158,T
8-NS,584,0,0,1,1176,1177,C
8-NS,585,0,1176,0,2,1178,T
8-NS,586,1177,0,0,0,1177,A
8-NS,587,1176,0,0,1,1177,A
8-NS,588,1175,0,0,0,1175,A
8-NS,589,1184,0,1,0,1185,A
8-NS,590,1188,0,0,0,1188,A
8-NS,591,0,1180,1,0,1181,T
8-NS,592,2,0,0,1189,1191,C
8-NS,593,0,1189,0,1,1190,T
8-NS,594,1192,0,0,0,1192,A
8-NS,595,0,0,0,1194,1194,C
8-NS,596,1189,0,0,0,1189,A
8-NS,597,1,3,1188,0,1192,G
8-NS,598,1176,0,0,0,1176,A
8-NS,599,0,1,1186,0,1187,G
8-NS,600,1191,0,0,0,1191,A
8-NS,601,0,1176,0,0,1176,T
8-NS,602,1,1176,0,1,1178,T
8-NS,603,7,2,0,1168,1177,C
8-NS,604,0,0,1185,0,1185,G
8-NS,605,0,1,0,1182,1183,C
8-NS,606,0,1174,0,4,1178,T
8-NS,607,0,1183,0,0,1183,T
8-NS,608,0,4,1157,0,1161,G
8-NS,609,1,3,1162,0,1166,G
8-NS,610,1165,0,0,0,1165,A
8-NS,611,0,0,1166,0,1166,G
8-NS,612,1158,0,0,0,1158,A
8-NS,613,1151,1,0,0,1152,A
8-NS,614,2,1,1164,0,1167,G
8-NS,615,1,0,0,1168,1169,C
8-NS,616,1172,1,2,0,1175,A
8-NS,617,0,0,1193,0,1193,G
8-NS,618,2,1181,0,1,1184,T
8-NS,619,1185,0,0,1,1186,A
8-NS,620,1186,0,0,0,1186,A
8-NS,621,0,1182,0,0,1182,T
8-NS,622,0,5,1180,0,1185,G
8-NS,623,1148,0,0,0,1148,A
8-NS,624,0,5,1154,0,1159,G
8-NS,625,1154,0,0,0,1154,A
8-NS,626,1118,1,1,0,1120,A
8-NS,627,0,1114,0,0,1114,T
8-NS,628,0,0,1102,0,1102,G
8-NS,629,0,1,1106,0,1107,G
8-NS,630,1,0,1106,0,1107,G
8-NS,631,1,1,1101,0,1103,G
8-NS,632,1,0,1097,0,1098,G
8-NS,633,1069,0,0,0,1069,A
8-NS,634,1,1034,0,0,1035,T
8-NS,635,3,0,0,1056,1059,C
8-NS,636,1,1057,0,1,1059,T
8-NS,637,1,0,0,1065,1066,C
8-NS,638,2,3,0,1055,1060,C
8-NS,639,1059,0,0,0,1059,A
8-NS,640,0,0,0,1057,1057,C
8-NS,641,0,1032,0,0,1032,T
8-NS,642,0,1029,0,0,1029,T
8-NS,643,1025,0,0,0,1025,A
8-NS,644,0,0,0,1025,1025,C
8-NS,645,0,1014,0,0,1014,T
8-NS,646,4,1,0,1003,1008,C
8-NS,647,0,0,0,1001,1001,C
8-NS,648,995,0,0,0,995,A
8-NS,649,1001,0,0,0,1001,A
8-NS,650,998,0,2,0,1000,A
8-NS,651,1003,0,0,0,1003,A
8-NS,652,1,1,0,1000,1002,C
8-NS,653,989,0,0,0,989,A
8-NS,654,0,2,986,0,988,G
8-NS,655,985,0,1,0,986,A
8-NS,656,986,0,0,0,986,A
8-NS,657,985,0,1,0,986,A
8-NS,658,0,0,0,979,979,C
8-NS,659,0,1,977,0,978,G
8-NS,660,0,3,978,0,981,G
8-NS,661,0,3,976,0,979,G
8-NS,662,978,0,0,0,978,A
8-NS,663,973,0,0,0,973,A
8-NS,664,971,0,1,0,972,A
8-NS,665,0,972,0,0,972,T
8-NS,666,0,6,969,0,975,G
8-NS,667,0,0,975,0,975,G
8-NS,668,3,1,0,963,967,C
8-NS,669,0,4,961,0,965,G
8-NS,670,960,0,1,0,961,A
8-NS,671,1,4,960,0,965,G
8-NS,672,963,2,1,0,966,A
8-NS,673,964,0,1,0,965,A
8-NS,674,0,1,0,965,966,C
8-NS,675,952,0,0,0,952,A
8-NS,676,0,0,953,1,954,G
8-NS,677,0,0,0,955,955,C
8-NS,678,0,955,0,1,956,T
8-NS,679,949,0,1,0,950,A
8-NS,680,0,3,942,0,945,G
8-NS,681,0,0,949,0,949,G
8-NS,682,2,945,0,2,949,T
8-NS,683,8,0,0,927,935,C
8-NS,684,928,0,0,0,928,A
8-NS,685,928,0,0,0,928,A
8-NS,686,929,0,0,0,929,A
8-NS,687,932,0,0,0,932,A
8-NS,688,0,0,930,0,930,G
8-NS,689,0,911,0,0,911,T
8-NS,690,0,906,0,0,906,T
8-NS,691,0,910,0,1,911,T
8-NS,692,0,2,911,0,913,G
8-NS,693,913,0,0,0,913,A
8-NS,694,912,0,3,0,915,A
8-NS,695,0,1,917,1,919,G
8-NS,696,889,0,0,0,889,A
8-NS,697,1,0,890,0,891,G
8-NS,698,889,0,0,0,889,A
8-NS,699,0,888,0,0,888,T
8-NS,700,893,0,0,0,893,A
8-NS,701,887,0,1,0,888,A
8-NS,702,0,2,883,0,885,G
8-NS,703,834,0,3,0,837,A
8-NS,704,1,836,0,0,837,T
8-NS,705,0,4,834,0,838,G
8-NS,706,0,0,837,0,837,G
8-NS,707,1,0,0,831,832,C
8-NS,708,1,826,0,0,827,T
8-NS,709,831,1,0,0,832,A
8-NS,710,829,1,0,0,830,A
8-NS,711,0,833,0,0,833,T
8-NS,712,0,829,0,0,829,T
8-NS,713,1,3,826,0,830,G
8-NS,714,825,0,0,0,825,A
8-NS,715,822,0,0,0,822,A
8-NS,716,0,0,822,0,822,G
8-NS,717,817,0,1,0,818,A
8-NS,718,814,0,0,0,814,A
8-NS,719,0,0,824,0,824,G
8-NS,720,0,811,0,1,812,T
8-NS,721,0,0,814,0,814,G
8-NS,722,807,0,3,0,810,A
8-NS,723,1,4,806,0,811,G
8-NS,724,805,0,5,0,810,A
8-NS,725,0,0,0,806,806,C
8-NS,726,797,0,1,0,798,A
8-NS,727,0,0,0,796,796,C
8-NS,728,745,0,0,0,745,A
8-NS,729,0,2,747,0,749,G
8-NS,730,747,0,0,0,747,A
8-NS,731,0,743,0,0,743,T
8-NS,732,1,736,0,0,737,T
8-NS,733,735,0,1,0,736,A
8-NS,734,737,0,0,0,737,A
8-NS,735,733,0,0,0,733,A
8-NS,736,734,0,0,0,734,A
8-NS,737,733,0,0,0,733,A
8-NS,738,0,0,0,709,709,C
8-NS,739,674,0,0,0,674,A
8-NS,740,675,0,1,0,676,A
8-NS,741,0,0,0,677,677,C
8-NS,742,0,675,1,0,676,T
8-NS,743,0,3,678,0,681,G
8-NS,744,679,0,0,0,679,A
8-NS,745,682,1,0,0,683,A
8-NS,746,683,0,0,0,683,A
8-NS,747,669,2,1,0,672,A
8-NS,748,1,668,0,1,670,T
8-NS,749,660,0,0,1,661,A
8-NS,750,1,0,661,0,662,G
8-NS,751,0,0,0,663,663,C
8-NS,752,1,646,0,0,647,T
8-NS,753,0,649,1,1,651,T
8-NS,754,1,643,0,0,644,T
8-NS,755,0,4,642,1,647,G
8-NS,756,646,0,0,0,646,A
8-NS,757,645,0,1,0,646,A
8-NS,758,0,0,0,648,648,C
8-NS,759,630,0,0,0,630,A
8-NS,760,633,0,0,0,633,A
8-NS,761,632,0,1,0,633,A
8-NS,762,0,632,0,1,633,T
8-NS,763,632,0,0,0,632,A
8-NS,764,622,0,0,0,622,A
8-NS,765,0,0,0,625,625,C
8-NS,766,620,0,0,0,620,A
8-NS,767,0,608,0,0,608,T
8-NS,768,0,598,0,1,599,T
8-NS,769,1,0,0,584,585,C
8-NS,770,578,0,0,0,578,A
8-NS,771,0,578,0,1,579,T
8-NS,772,0,0,578,0,578,G
8-NS,773,0,0,0,570,570,C
8-NS,774,560,0,0,0,560,A
8-NS,775,558,0,0,0,558,A
8-NS,776,0,0,557,0,557,G
8-NS,777,0,0,0,562,562,C
8-NS,778,549,0,0,0,549,A
8-NS,779,0,548,0,0,548,T
8-NS,780,0,546,0,0,546,T
8-NS,781,546,0,1,0,547,A
8-NS,782,0,0,0,548,548,C
8-NS,783,543,0,0,0,543,A
8-NS,784,534,0,0,0,534,A
8-NS,785,0,0,0,525,525,C
8-NS,786,0,456,0,1,457,T
8-NS,787,0,0,457,0,457,G
8-NS,788,0,0,0,453,453,C
8-NS,789,0,432,0,1,433,T
8-NS,790,1,0,434,0,435,G
8-NS,791,0,427,0,0,427,T
8-NS,792,0,426,0,0,426,T
8-NS,793,0,427,0,0,427,T
8-NS,794,0,2,420,0,422,G
8-NS,795,422,0,0,0,422,A
8-NS,796,411,0,0,0,411,A
8-NS,797,0,0,408,0,408,G
8-NS,798,0,408,0,0,408,T
8-NS,799,0,0,389,0,389,G
8-NS,800,0,3,391,0,394,G
8-NS,801,391,0,1,0,392,A
8-NS,802,393,0,0,0,393,A
8-NS,803,0,1,0,389,390,C
8-NS,804,379,0,1,0,380,A
8-NS,805,0,0,379,0,379,G
8-NS,806,0,0,371,0,371,G
8-NS,807,360,0,0,0,360,A
8-NS,808,0,1,358,0,359,G
8-NS,809,289,0,0,0,289,A
8-NS,810,0,288,0,0,288,T
8-NS,811,287,0,0,0,287,A
8-NS,812,286,0,0,0,286,A
8-NS,813,0,1,284,0,285,G
8-NS,814,248,0,0,0,248,A
8-NS,815,247,0,0,0,247,A
8-NS,816,0,0,0,244,244,C
8-NS,817,0,215,0,0,215,T
8-NS,818,0,211,1,0,212,T
8-NS,819,0,208,0,0,208,T
8-NS,820,1,1,0,206,208,C
8-NS,821,0,196,0,0,196,T
8-NS,822,1,0,0,194,195,C
8-NS,823,187,0,0,0,187,A
8-NS,824,0,187,0,0,187,T
8-NS,825,0,182,0,0,182,T
8-NS,826,1,179,0,0,180,T
8-NS,827,0,0,0,180,180,C
8-NS,828,169,1,1,0,171,A
8-NS,829,0,0,170,0,170,G
8-NS,830,1,0,0,168,169,C
8-NS,831,0,164,0,0,164,T
8-NS,832,0,161,0,0,161,T
8-NS,833,157,0,0,0,157,A
8-NS,834,0,157,0,0,157,T
8-NS,835,0,157,0,0,157,T
8-NS,836,0,157,0,0,157,T
8-NS,837,150,0,0,0,150,A
8-NS,838,144,0,0,0,144,A
8-NS,839,0,141,0,0,141,T
8-NS,840,0,0,139,0,139,G
8-NS,841,135,0,0,0,135,A
8-NS,842,0,118,0,0,118,T
8-NS,843,114,0,0,0,114,A
8-NS,844,114,0,0,0,114,A
8-NS,845,113,0,0,0,113,A
8-NS,846,113,0,0,0,113,A
8-NS,847,112,0,0,0,112,A
8-NS,848,110,0,0,0,110,A
8-NS,849,0,0,0,110,110,C
8-NS,850,94,0,0,0,94,A
8-NS,851,0,0,0,92,92,C
8-NS,852,0,0,0,91,91,C
8-NS,853,0,0,0,85,85,C
8-NS,854,0,79,0,0,79,T
8-NS,855,0,79,0,0,79,T
8-NS,856,0,0,80,0,80,G
8-NS,857,0,74,0,0,74,T
8-NS,858,0,71,0,0,71,T
8-NS,859,0,69,0,0,69,T
8-NS,860,0,0,0,31,31,C
8-NS,861,0,20,0,0,20,T
8-NS,862,18,0,0,0,18,A
8-NS,863,0,0,0,18,18,C
