Gene,Position,A,T,G,C,Coverage,Consensus
1-PB2,1,383,0,0,0,383,A
1-PB2,2,0,384,0,0,384,T
1-PB2,3,0,0,394,0,394,G
1-PB2,4,1,2,386,0,389,G
1-PB2,5,393,0,0,0,393,A
1-PB2,6,390,0,0,0,390,A
1-PB2,7,392,0,0,1,393,A
1-PB2,8,0,0,436,0,436,G
1-PB2,9,433,0,0,0,433,A
1-PB2,10,435,0,1,0,436,A
1-PB2,11,0,449,0,0,449,T
1-PB2,12,447,0,0,0,447,A
1-PB2,13,447,0,0,0,447,A
1-PB2,14,447,0,0,0,447,A
1-PB2,15,447,0,2,0,449,A
1-PB2,16,0,0,463,0,463,G
1-PB2,17,464,0,0,0,464,A
1-PB2,18,467,1,0,0,468,A
1-PB2,19,0,0,0,473,473,C
1-PB2,20,0,479,0,0,479,T
1-PB2,21,487,0,0,0,487,A
1-PB2,22,0,1,0,489,490,C
1-PB2,23,0,0,490,0,490,G
1-PB2,24,0,0,494,0,494,G
1-PB2,25,491,0,0,0,491,A
1-PB2,26,510,0,0,0,510,A
1-PB2,27,0,511,0,0,511,T
1-PB2,28,0,0,0,513,513,C
1-PB2,29,0,514,0,0,514,T
1-PB2,30,0,0,519,0,519,G
1-PB2,31,519,0,0,0,519,A
1-PB2,32,0,527,0,0,527,T
1-PB2,33,0,0,522,0,522,G
1-PB2,34,0,533,0,0,533,T
1-PB2,35,1,0,0,525,526,C
1-PB2,36,1,0,532,0,533,G
1-PB2,37,0,0,0,533,533,C
1-PB2,38,528,0,0,0,528,A
1-PB2,39,1,0,559,0,560,G
1-PB2,40,0,565,0,0,565,T
1-PB2,41,1,0,0,561,562,C
1-PB2,42,0,565,0,1,566,T
1-PB2,43,1,0,0,566,567,C
1-PB2,44,1,0,566,0,567,G
1-PB2,45,0,0,0,565,565,C
1-PB2,46,563,0,0,0,563,A
1-PB2,47,0,0,0,574,574,C
1-PB2,48,0,570,0,0,570,T
1-PB2,49,2,0,0,583,585,C
1-PB2,50,0,0,582,0,582,G
1-PB2,51,0,1,0,587,588,C
1-PB2,52,0,0,589,0,589,G
1-PB2,53,587,0,2,0,589,A
1-PB2,54,0,1,591,0,592,G
1-PB2,55,612,0,0,0,612,A
1-PB2,56,0,608,0,0,608,T
1-PB2,57,612,0,0,0,612,A
1-PB2,58,0,0,0,615,615,C
1-PB2,59,0,607,0,0,607,T
1-PB2,60,0,0,628,0,628,G
1-PB2,61,628,0,1,0,629,A
1-PB2,62,0,0,0,635,635,C
1-PB2,63,627,0,1,0,628,A
1-PB2,64,620,0,2,0,622,A
1-PB2,65,633,0,0,0,633,A
1-PB2,66,644,0,1,0,645,A
1-PB2,67,649,0,0,0,649,A
1-PB2,68,0,0,0,659,659,C
1-PB2,69,0,0,0,655,655,C
1-PB2,70,668,0,1,0,669,A
1-PB2,71,0,0,0,681,681,C
1-PB2,72,680,0,0,0,680,A
1-PB2,73,0,0,699,0,699,G
1-PB2,74,0,697,0,0,697,T
1-PB2,75,0,0,724,0,724,G
1-PB2,76,0,3,713,0,716,G
1-PB2,77,727,0,1,0,728,A
1-PB2,78,0,0,0,769,769,C
1-PB2,79,0,0,0,767,767,C
1-PB2,80,788,1,0,0,789,A
1-PB2,81,0,789,0,0,789,T
1-PB2,82,779,0,1,0,780,A
1-PB2,83,0,786,0,0,786,T
1-PB2,84,0,1,777,0,778,G
1-PB2,85,0,0,787,0,787,G
1-PB2,86,0,0,0,784,784,C
1-PB2,87,0,0,0,775,775,C
1-PB2,88,772,0,0,0,772,A
1-PB2,89,0,825,0,0,825,T
1-PB2,90,825,0,0,0,825,A
1-PB2,91,855,0,1,0,856,A
1-PB2,92,0,860,0,0,860,T
1-PB2,93,0,857,0,0,857,T
1-PB2,94,868,0,0,0,868,A
1-PB2,95,870,0,0,0,870,A
1-PB2,96,0,2,890,0,892,G
1-PB2,97,892,0,0,0,892,A
1-PB2,98,870,0,0,0,870,A
1-PB2,99,0,0,904,0,904,G
1-PB2,100,0,886,0,0,886,T
1-PB2,101,899,0,1,0,900,A
1-PB2,102,0,0,0,901,901,C
1-PB2,103,910,0,1,0,911,A
1-PB2,104,0,0,0,937,937,C
1-PB2,105,933,0,0,0,933,A
1-PB2,106,0,940,0,0,940,T
1-PB2,107,1,0,0,935,936,C
1-PB2,108,0,0,926,0,926,G
1-PB2,109,0,0,917,0,917,G
1-PB2,110,0,0,920,0,920,G
1-PB2,111,0,1,923,0,924,G
1-PB2,112,919,0,3,0,922,A
1-PB2,113,0,2,926,0,928,G
1-PB2,114,926,0,2,0,928,A
1-PB2,115,1,0,0,934,935,C
1-PB2,116,936,1,0,0,937,A
1-PB2,117,0,2,953,0,955,G
1-PB2,118,0,0,972,0,972,G
1-PB2,119,968,0,0,0,968,A
1-PB2,120,970,0,0,0,970,A
1-PB2,121,971,0,0,0,971,A
1-PB2,122,967,1,1,0,969,A
1-PB2,123,0,1,972,0,973,G
1-PB2,124,963,0,2,0,965,A
1-PB2,125,970,0,2,0,972,A
1-PB2,126,0,0,0,967,967,C
1-PB2,127,0,0,0,957,957,C
1-PB2,128,0,0,0,955,955,C
1-PB2,129,0,0,957,0,957,G
1-PB2,130,0,957,0,3,960,T
1-PB2,131,2,0,0,960,962,C
1-PB2,132,966,0,0,0,966,A
1-PB2,133,0,0,0,979,979,C
1-PB2,134,0,978,0,0,978,T
1-PB2,135,0,981,0,0,981,T
1-PB2,136,978,0,1,0,979,A
1-PB2,137,1,0,992,0,993,G
1-PB2,138,0,1,993,0,994,G
1-PB2,139,995,0,0,0,995,A
1-PB2,140,0,991,0,0,991,T
1-PB2,141,0,1,1006,0,1007,G
1-PB2,142,1013,0,0,0,1013,A
1-PB2,143,1021,0,0,0,1021,A
1-PB2,144,1023,0,0,0,1023,A
1-PB2,145,0,1025,0,0,1025,T
1-PB2,146,0,3,1024,0,1027,G
1-PB2,147,1,1,1028,0,1030,G
1-PB2,148,1030,0,2,0,1032,A
1-PB2,149,0,1029,0,0,1029,T
1-PB2,150,0,1,1027,0,1028,G
1-PB2,151,1023,0,0,0,1023,A
1-PB2,152,0,1028,0,0,1028,T
1-PB2,153,0,0,1035,0,1035,G
1-PB2,154,2,0,1033,0,1035,G
1-PB2,155,0,1,0,1033,1034,C
1-PB2,156,1035,0,0,0,1035,A
1-PB2,157,1044,0,0,0,1044,A
1-PB2,158,0,1048,0,1,1049,T
1-PB2,159,0,2,1084,0,1086,G
1-PB2,160,1076,0,2,0,1078,A
1-PB2,161,1072,0,3,0,1075,A
1-PB2,162,1068,0,3,0,1071,A
1-PB2,163,0,1077,0,1,1078,T
1-PB2,164,1089,0,0,0,1089,A
1-PB2,165,0,0,0,1097,1097,C
1-PB2,166,1,0,0,1094,1095,C
1-PB2,167,0,0,0,1101,1101,C
1-PB2,168,1098,0,0,0,1098,A
1-PB2,169,1092,0,0,0,1092,A
1-PB2,170,0,1096,0,1,1097,T
1-PB2,171,1,1,0,1101,1103,C
1-PB2,172,1093,0,0,0,1093,A
1-PB2,173,1,3,0,1119,1123,C
1-PB2,174,0,1113,0,0,1113,T
1-PB2,175,0,0,1110,0,1110,G
1-PB2,176,0,0,0,1115,1115,C
1-PB2,177,1,1110,0,0,1111,T
1-PB2,178,0,3,1107,0,1110,G
1-PB2,179,1112,0,0,0,1112,A
1-PB2,180,0,1,0,1123,1124,C
1-PB2,181,1122,0,0,0,1122,A
1-PB2,182,1110,0,1,0,1111,A
1-PB2,183,1115,0,0,0,1115,A
1-PB2,184,1115,1,0,0,1116,A
1-PB2,185,0,1,1129,0,1130,G
1-PB2,186,1,0,1134,0,1135,G
1-PB2,187,1133,1,0,0,1134,A
1-PB2,188,0,1131,0,0,1131,T
1-PB2,189,1137,0,0,0,1137,A
1-PB2,190,1139,1,3,0,1143,A
1-PB2,191,0,0,0,1160,1160,C
1-PB2,192,1160,0,0,0,1160,A
1-PB2,193,0,1,1160,0,1161,G
1-PB2,194,1143,0,1,0,1144,A
1-PB2,195,1144,1,2,0,1147,A
1-PB2,196,1148,0,1,0,1149,A
1-PB2,197,0,1141,0,1,1142,T
1-PB2,198,1,0,1149,0,1150,G
1-PB2,199,0,0,1147,0,1147,G
1-PB2,200,0,1133,0,1,1134,T
1-PB2,201,0,1143,0,0,1143,T
1-PB2,202,2,0,0,1143,1145,C
1-PB2,203,0,0,0,1140,1140,C
1-PB2,204,0,0,1153,0,1153,G
1-PB2,205,0,0,1153,0,1153,G
1-PB2,206,1152,0,1,0,1153,A
1-PB2,207,0,0,1154,0,1154,G
1-PB2,208,1141,0,1,0,1142,A
1-PB2,209,0,2,1164,0,1166,G
1-PB2,210,1164,0,1,0,1165,A
1-PB2,211,1165,0,0,0,1165,A
1-PB2,212,1166,0,1,0,1167,A
1-PB2,213,0,1161,0,0,1161,T
1-PB2,214,0,2,1172,0,1174,G
1-PB2,215,1184,0,1,0,1185,A
1-PB2,216,1178,0,1,0,1179,A
1-PB2,217,0,0,0,1180,1180,C
1-PB2,218,1174,0,0,0,1174,A
1-PB2,219,1175,0,2,0,1177,A
1-PB2,220,2,0,1211,0,1213,G
1-PB2,221,0,1,1219,0,1220,G
1-PB2,222,1214,1,4,0,1219,A
1-PB2,223,0,0,0,1217,1217,C
1-PB2,224,1217,0,0,0,1217,A
1-PB2,225,1214,0,2,0,1216,A
1-PB2,226,1210,0,2,0,1212,A
1-PB2,227,0,0,0,1202,1202,C
1-PB2,228,0,0,0,1160,1160,C
1-PB2,229,1,0,0,1253,1254,C
1-PB2,230,0,1254,0,0,1254,T
1-PB2,231,1253,0,1,0,1254,A
1-PB2,232,0,1257,0,0,1257,T
1-PB2,233,0,1,1269,0,1270,G
1-PB2,234,0,2,1293,0,1295,G
1-PB2,235,1237,0,0,0,1237,A
1-PB2,236,0,0,1247,0,1247,G
1-PB2,237,1,1237,0,0,1238,T
1-PB2,238,1248,0,0,0,1248,A
1-PB2,239,1250,0,0,0,1250,A
1-PB2,240,1250,0,0,0,1250,A
1-PB2,241,1251,0,1,0,1252,A
1-PB2,242,0,1240,0,0,1240,T
1-PB2,243,0,4,1238,0,1242,G
1-PB2,244,1221,0,2,0,1223,A
1-PB2,245,1,0,1224,0,1225,G
1-PB2,246,1,1203,0,0,1204,T
1-PB2,247,0,3,1212,0,1215,G
1-PB2,248,1241,0,1,0,1242,A
1-PB2,249,0,1249,0,0,1249,T
1-PB2,250,0,0,1253,0,1253,G
1-PB2,251,0,2,0,1254,1256,C
1-PB2,252,0,1242,0,0,1242,T
1-PB2,253,0,3,1269,0,1272,G
1-PB2,254,1,1,1272,0,1274,G
1-PB2,255,1287,0,0,0,1287,A
1-PB2,256,0,1281,0,0,1281,T
1-PB2,257,2,1,0,1281,1284,C
1-PB2,258,1285,0,2,0,1287,A
1-PB2,259,0,0,1335,0,1335,G
1-PB2,260,1337,0,1,0,1338,A
1-PB2,261,0,1344,0,0,1344,T
1-PB2,262,1301,0,1,0,1302,A
1-PB2,263,0,0,1328,0,1328,G
1-PB2,264,1320,0,2,0,1322,A
1-PB2,265,0,0,1332,0,1332,G
1-PB2,266,0,1310,0,0,1310,T
1-PB2,267,0,1,1319,0,1320,G
1-PB2,268,1301,2,1,0,1304,A
1-PB2,269,0,1296,0,0,1296,T
1-PB2,270,0,0,1322,0,1322,G
1-PB2,271,0,0,1340,0,1340,G
1-PB2,272,0,1325,0,0,1325,T
1-PB2,273,1326,0,0,0,1326,A
1-PB2,274,0,1306,0,0,1306,T
1-PB2,275,3,0,0,1304,1307,C
1-PB2,276,1316,0,1,0,1317,A
1-PB2,277,0,0,0,1354,1354,C
1-PB2,278,2,1,0,1353,1356,C
1-PB2,279,0,1334,0,1,1335,T
1-PB2,280,0,1322,0,1,1323,T
1-PB2,281,0,1327,0,1,1328,T
1-PB2,282,0,3,1338,0,1341,G
1-PB2,283,1,0,1346,0,1347,G
1-PB2,284,0,0,0,1349,1349,C
1-PB2,285,0,1338,0,0,1338,T
1-PB2,286,1,0,1337,0,1338,G
1-PB2,287,0,1347,0,1,1348,T
1-PB2,288,1352,0,0,0,1352,A
1-PB2,289,1356,0,0,0,1356,A
1-PB2,290,0,1,0,1351,1352,C
1-PB2,291,1330,0,2,0,1332,A
1-PB2,292,0,1328,0,0,1328,T
1-PB2,293,0,0,1318,0,1318,G
1-PB2,294,2,0,1332,0,1334,G
1-PB2,295,0,1309,0,0,1309,T
1-PB2,296,0,0,1328,0,1328,G
1-PB2,297,0,1,1340,0,1341,G
1-PB2,298,1340,0,1,0,1341,A
1-PB2,299,1341,0,0,0,1341,A
1-PB2,300,0,1342,0,0,1342,T
1-PB2,301,1340,0,1,0,1341,A
1-PB2,302,0,0,1362,0,1362,G
1-PB2,303,1367,0,0,0,1367,A
1-PB2,304,1364,0,1,0,1365,A
1-PB2,305,1365,0,1,0,1366,A
1-PB2,306,0,1336,0,0,1336,T
1-PB2,307,0,2,1333,0,1335,G
1-PB2,308,0,1,1329,0,1330,G
1-PB2,309,1335,0,2,0,1337,A
1-PB2,310,0,0,0,1338,1338,C
1-PB2,311,0,0,0,1341,1341,C
1-PB2,312,1,0,0,1346,1347,C
1-PB2,313,1,0,1344,0,1345,G
1-PB2,314,0,1357,0,1,1358,T
1-PB2,315,2,4,1374,0,1380,G
1-PB2,316,1382,0,4,0,1386,A
1-PB2,317,0,0,0,1394,1394,C
1-PB2,318,1401,0,2,0,1403,A
1-PB2,319,1392,1,0,0,1393,A
1-PB2,320,16,0,1397,0,1413,G
1-PB2,321,0,1393,0,0,1393,T
1-PB2,322,1397,0,2,0,1399,A
1-PB2,323,0,0,0,1390,1390,C
1-PB2,324,0,0,1367,0,1367,G
1-PB2,325,0,1,1414,0,1415,G
1-PB2,326,0,1398,0,1,1399,T
1-PB2,327,3,1,0,1411,1415,C
1-PB2,328,0,0,0,1416,1416,C
1-PB2,329,1392,0,3,0,1395,A
1-PB2,330,0,1411,0,0,1411,T
1-PB2,331,0,1407,0,1,1408,T
1-PB2,332,1470,0,0,0,1470,A
1-PB2,333,0,1,0,1461,1462,C
1-PB2,334,1,1,0,1430,1432,C
1-PB2,335,3,0,0,1428,1431,C
1-PB2,336,1418,0,2,0,1420,A
1-PB2,337,1429,0,0,0,1429,A
1-PB2,338,1427,0,0,0,1427,A
1-PB2,339,1409,0,3,0,1412,A
1-PB2,340,0,0,1444,0,1444,G
1-PB2,341,0,1383,0,0,1383,T
1-PB2,342,0,0,1421,0,1421,G
1-PB2,343,0,1415,0,1,1416,T
1-PB2,344,1420,0,1,0,1421,A
1-PB2,345,1,0,0,1420,1421,C
1-PB2,346,1413,0,0,0,1413,A
1-PB2,347,1408,0,2,0,1410,A
1-PB2,348,0,1,1424,0,1425,G
1-PB2,349,1403,0,0,0,1403,A
1-PB2,350,1,0,0,1409,1410,C
1-PB2,351,0,1380,0,4,1384,T
1-PB2,352,0,1395,0,1,1396,T
1-PB2,353,1395,0,0,0,1395,A
1-PB2,354,0,1399,0,0,1399,T
1-PB2,355,0,1401,0,0,1401,T
1-PB2,356,1,1390,0,0,1391,T
1-PB2,357,0,0,0,1380,1380,C
1-PB2,358,2,3,1380,0,1385,G
1-PB2,359,1373,1,1,0,1375,A
1-PB2,360,0,0,0,1379,1379,C
1-PB2,361,1383,0,0,0,1383,A
1-PB2,362,1380,0,0,0,1380,A
1-PB2,363,1377,0,1,0,1378,A
1-PB2,364,0,0,1387,0,1387,G
1-PB2,365,0,1376,0,1,1377,T
1-PB2,366,3,0,0,1392,1395,C
1-PB2,367,1,0,1395,0,1396,G
1-PB2,368,1384,0,0,0,1384,A
1-PB2,369,1379,0,1,0,1380,A
1-PB2,370,1382,0,5,0,1387,A
1-PB2,371,0,1,1437,0,1438,G
1-PB2,372,0,0,1441,0,1441,G
1-PB2,373,0,1426,0,0,1426,T
1-PB2,374,0,1430,0,1,1431,T
1-PB2,375,1433,0,0,0,1433,A
1-PB2,376,1431,0,0,0,1431,A
1-PB2,377,1424,0,0,0,1424,A
1-PB2,378,1443,0,0,0,1443,A
1-PB2,379,0,1,0,1457,1458,C
1-PB2,380,1427,0,0,0,1427,A
1-PB2,381,0,1425,0,0,1425,T
1-PB2,382,1,2,1422,0,1425,G
1-PB2,383,0,1,1423,0,1424,G
1-PB2,384,1427,0,2,0,1429,A
1-PB2,385,1432,0,1,0,1433,A
1-PB2,386,0,1,0,1456,1457,C
1-PB2,387,2,0,0,1478,1480,C
1-PB2,388,0,1462,0,1,1463,T
1-PB2,389,0,1468,0,1,1469,T
1-PB2,390,0,1465,0,0,1465,T
1-PB2,391,0,1,1466,0,1467,G
1-PB2,392,2,0,1458,0,1460,G
1-PB2,393,1,2,0,1443,1446,C
1-PB2,394,0,0,1,1454,1455,C
1-PB2,395,0,0,0,1451,1451,C
1-PB2,396,0,1413,0,0,1413,T
1-PB2,397,0,0,1433,0,1433,G
1-PB2,398,0,1434,0,1,1435,T
1-PB2,399,0,1427,0,0,1427,T
1-PB2,400,1,0,0,1435,1436,C
1-PB2,401,1427,0,0,0,1427,A
1-PB2,402,0,1421,0,3,1424,T
1-PB2,403,0,1422,0,1,1423,T
1-PB2,404,0,1426,0,1,1427,T
1-PB2,405,0,1432,0,0,1432,T
1-PB2,406,1421,0,0,0,1421,A
1-PB2,407,0,1,1420,0,1421,G
1-PB2,408,1410,0,2,0,1412,A
1-PB2,409,1413,0,1,0,1414,A
1-PB2,410,1418,0,0,0,1418,A
1-PB2,411,0,1401,1,0,1402,T
1-PB2,412,1,0,0,1409,1410,C
1-PB2,413,1420,1,1,0,1422,A
1-PB2,414,1431,0,2,0,1433,A
1-PB2,415,0,0,1423,0,1423,G
1-PB2,416,0,1419,0,1,1420,T
1-PB2,417,1,0,0,1431,1432,C
1-PB2,418,1441,0,1,0,1442,A
1-PB2,419,1444,0,0,1,1445,A
1-PB2,420,0,2,1442,0,1444,G
1-PB2,421,1458,0,1,0,1459,A
1-PB2,422,0,1446,0,0,1446,T
1-PB2,423,1465,0,0,0,1465,A
1-PB2,424,0,0,0,1460,1460,C
1-PB2,425,0,0,1468,0,1468,G
1-PB2,426,0,0,0,1473,1473,C
1-PB2,427,1466,0,1,0,1467,A
1-PB2,428,0,3,1474,0,1477,G
1-PB2,429,1469,0,0,0,1469,A
1-PB2,430,1474,0,1,0,1475,A
1-PB2,431,0,0,1504,0,1504,G
1-PB2,432,1472,0,3,0,1475,A
1-PB2,433,1,0,1483,0,1484,G
1-PB2,434,0,1471,0,0,1471,T
1-PB2,435,1472,0,1,0,1473,A
1-PB2,436,0,1,1498,0,1499,G
1-PB2,437,1508,0,1,0,1509,A
1-PB2,438,0,0,0,1564,1564,C
1-PB2,439,1547,0,0,0,1547,A
1-PB2,440,0,1521,0,0,1521,T
1-PB2,441,1514,0,1,0,1515,A
1-PB2,442,1513,0,1,0,1514,A
1-PB2,443,1515,0,1,0,1516,A
1-PB2,444,0,0,0,1536,1536,C
1-PB2,445,1,1,0,1506,1508,C
1-PB2,446,1,1,0,1503,1505,C
1-PB2,447,0,1419,0,1,1420,T
1-PB2,448,0,0,1439,0,1439,G
1-PB2,449,0,0,1446,0,1446,G
1-PB2,450,0,1443,0,3,1446,T
1-PB2,451,2,0,0,1432,1434,C
1-PB2,452,1451,0,0,0,1451,A
1-PB2,453,0,1450,0,0,1450,T
1-PB2,454,0,1,1465,0,1466,G
1-PB2,455,2,0,0,1454,1456,C
1-PB2,456,1444,0,1,0,1445,A
1-PB2,457,0,2,1449,0,1451,G
1-PB2,458,1405,0,0,0,1405,A
1-PB2,459,0,0,0,1431,1431,C
1-PB2,460,0,2,0,1431,1433,C
1-PB2,461,0,1397,0,1,1398,T
1-PB2,462,0,0,0,1402,1402,C
1-PB2,463,1388,0,0,0,1388,A
1-PB2,464,0,0,1407,0,1407,G
1-PB2,465,1,1409,0,1,1411,T
1-PB2,466,3,0,1405,1,1409,G
1-PB2,467,0,0,0,1408,1408,C
1-PB2,468,5,0,1,1388,1394,C
1-PB2,469,1399,0,1,0,1400,A
1-PB2,470,1399,0,1,0,1400,A
1-PB2,471,1387,0,1,0,1388,A
1-PB2,472,0,0,1390,0,1390,G
1-PB2,473,1344,0,2,0,1346,A
1-PB2,474,0,2,1347,0,1349,G
1-PB2,475,1,0,1351,0,1352,G
1-PB2,476,0,0,0,1351,1351,C
1-PB2,477,1354,0,0,0,1354,A
1-PB2,478,0,0,0,1361,1361,C
1-PB2,479,1363,1,0,0,1364,A
1-PB2,480,1381,0,2,0,1383,A
1-PB2,481,0,1,1417,0,1418,G
1-PB2,482,1424,0,0,0,1424,A
1-PB2,483,0,1416,0,0,1416,T
1-PB2,484,0,0,1410,0,1410,G
1-PB2,485,0,1395,0,1,1396,T
1-PB2,486,1410,0,0,0,1410,A
1-PB2,487,1412,0,0,0,1412,A
1-PB2,488,0,1396,0,0,1396,T
1-PB2,489,4,1,0,1293,1298,C
1-PB2,490,1310,0,0,0,1310,A
1-PB2,491,0,1313,0,1,1314,T
1-PB2,492,0,0,1313,0,1313,G
1-PB2,493,0,0,1311,0,1311,G
1-PB2,494,1309,0,0,0,1309,A
1-PB2,495,1301,0,0,0,1301,A
1-PB2,496,1,0,1304,0,1305,G
1-PB2,497,0,1296,0,0,1296,T
1-PB2,498,0,1292,0,0,1292,T
1-PB2,499,0,0,1304,0,1304,G
1-PB2,500,0,1292,0,1,1293,T
1-PB2,501,0,1295,0,0,1295,T
1-PB2,502,0,1297,0,0,1297,T
1-PB2,503,0,1297,0,0,1297,T
1-PB2,504,0,1294,0,2,1296,T
1-PB2,505,0,0,0,1292,1292,C
1-PB2,506,2,1,0,1286,1289,C
1-PB2,507,0,0,0,1300,1300,C
1-PB2,508,1295,0,0,0,1295,A
1-PB2,509,1298,0,1,0,1299,A
1-PB2,510,1,1306,0,2,1309,T
1-PB2,511,0,0,1311,0,1311,G
1-PB2,512,1305,0,1,0,1306,A
1-PB2,513,1300,1,2,0,1303,A
1-PB2,514,1,0,1319,0,1320,G
1-PB2,515,0,1297,0,1,1298,T
1-PB2,516,0,2,1301,0,1303,G
1-PB2,517,0,0,1298,0,1298,G
1-PB2,518,0,1,1287,0,1288,G
1-PB2,519,1295,0,3,0,1298,A
1-PB2,520,1,1,1294,0,1296,G
1-PB2,521,2,0,0,1277,1279,C
1-PB2,522,1,0,0,1296,1297,C
1-PB2,523,1298,0,1,0,1299,A
1-PB2,524,0,2,1330,0,1332,G
1-PB2,525,0,0,1336,0,1336,G
1-PB2,526,1338,0,0,0,1338,A
1-PB2,527,0,1335,0,0,1335,T
1-PB2,528,1327,0,0,0,1327,A
1-PB2,529,0,1,0,1320,1321,C
1-PB2,530,0,1322,0,2,1324,T
1-PB2,531,1323,0,1,0,1324,A
1-PB2,532,1316,0,0,0,1316,A
1-PB2,533,0,2,0,1319,1321,C
1-PB2,534,1296,0,0,0,1296,A
1-PB2,535,0,1279,0,1,1280,T
1-PB2,536,1,0,0,1282,1283,C
1-PB2,537,1263,0,0,0,1263,A
1-PB2,538,0,1,1275,0,1276,G
1-PB2,539,1269,0,1,0,1270,A
1-PB2,540,1276,0,0,0,1276,A
1-PB2,541,0,1269,0,1,1270,T
1-PB2,542,2,0,0,1259,1261,C
1-PB2,543,1255,1,0,0,1256,A
1-PB2,544,0,0,0,1288,1288,C
1-PB2,545,1290,0,0,0,1290,A
1-PB2,546,1293,1,1,0,1295,A
1-PB2,547,0,1270,0,1,1271,T
1-PB2,548,0,1280,0,0,1280,T
1-PB2,549,1285,0,1,0,1286,A
1-PB2,550,1293,0,0,0,1293,A
1-PB2,551,0,0,0,1302,1302,C
1-PB2,552,1294,0,0,0,1294,A
1-PB2,553,1288,0,0,0,1288,A
1-PB2,554,0,1299,0,0,1299,T
1-PB2,555,1293,0,0,0,1293,A
1-PB2,556,1295,0,1,0,1296,A
1-PB2,557,0,0,0,1300,1300,C
1-PB2,558,0,1295,0,0,1295,T
1-PB2,559,1296,0,0,0,1296,A
1-PB2,560,1282,0,0,0,1282,A
1-PB2,561,1278,0,0,0,1278,A
1-PB2,562,0,2,1279,0,1281,G
1-PB2,563,1252,0,1,0,1253,A
1-PB2,564,0,0,1262,0,1262,G
1-PB2,565,1262,0,1,0,1263,A
1-PB2,566,1258,0,0,0,1258,A
1-PB2,567,1258,0,0,0,1258,A
1-PB2,568,1252,0,1,0,1253,A
1-PB2,569,1261,0,0,0,1261,A
1-PB2,570,1258,0,1,0,1259,A
1-PB2,571,0,1,1259,0,1260,G
1-PB2,572,1259,0,0,0,1259,A
1-PB2,573,1246,0,5,0,1251,A
1-PB2,574,0,2,1247,0,1249,G
1-PB2,575,1249,0,0,0,1249,A
1-PB2,576,1244,0,1,0,1245,A
1-PB2,577,0,0,0,1270,1270,C
1-PB2,578,0,1239,0,1,1240,T
1-PB2,579,2,3,0,1259,1264,C
1-PB2,580,0,0,0,1261,1261,C
1-PB2,581,2,1,1261,0,1264,G
1-PB2,582,1257,0,0,0,1257,A
1-PB2,583,1,0,1263,0,1264,G
1-PB2,584,1255,0,0,0,1255,A
1-PB2,585,0,1250,0,1,1251,T
1-PB2,586,0,1245,0,0,1245,T
1-PB2,587,1,0,1244,0,1245,G
1-PB2,588,1,0,0,1238,1239,C
1-PB2,589,1250,0,1,0,1251,A
1-PB2,590,1249,0,0,1,1250,A
1-PB2,591,1248,0,0,0,1248,A
1-PB2,592,1256,0,0,0,1256,A
1-PB2,593,0,1256,0,0,1256,T
1-PB2,594,0,1247,0,0,1247,T
1-PB2,595,0,1247,0,1,1248,T
1-PB2,596,3,0,0,1247,1250,C
1-PB2,597,0,1227,0,2,1229,T
1-PB2,598,3,0,0,1303,1306,C
1-PB2,599,2,1,0,1307,1310,C
1-PB2,600,1,0,0,1415,1416,C
1-PB2,601,0,1418,0,0,1418,T
1-PB2,602,0,1445,0,0,1445,T
1-PB2,603,0,0,1454,0,1454,G
1-PB2,604,1440,0,0,0,1440,A
1-PB2,605,0,1476,0,0,1476,T
1-PB2,606,0,1,1503,1,1505,G
1-PB2,607,0,2,1629,0,1631,G
1-PB2,608,0,1662,0,3,1665,T
1-PB2,609,0,1667,0,0,1667,T
1-PB2,610,1,1,1794,0,1796,G
1-PB2,611,2,2,0,1801,1805,C
1-PB2,612,1864,0,1,0,1865,A
1-PB2,613,1,1864,0,0,1865,T
1-PB2,614,1868,0,2,1,1871,A
1-PB2,615,1,0,0,1939,1940,C
1-PB2,616,2111,2,0,10,2123,A
1-PB2,617,0,2183,0,2,2185,T
1-PB2,618,0,0,2284,0,2284,G
1-PB2,619,0,2274,0,2,2276,T
1-PB2,620,0,2271,0,0,2271,T
1-PB2,621,2266,0,1,0,2267,A
1-PB2,622,0,2,2249,0,2251,G
1-PB2,623,2305,0,2,0,2307,A
1-PB2,624,0,1,2319,1,2321,G
1-PB2,625,2242,0,0,0,2242,A
1-PB2,626,0,5,2241,0,2246,G
1-PB2,627,2203,0,6,0,2209,A
1-PB2,628,0,4,2215,0,2219,G
1-PB2,629,2219,0,4,0,2223,A
1-PB2,630,2229,0,1,0,2230,A
1-PB2,631,0,0,0,2253,2253,C
1-PB2,632,0,2243,0,2,2245,T
1-PB2,633,0,2240,0,0,2240,T
1-PB2,634,0,0,2238,0,2238,G
1-PB2,635,0,2239,0,2,2241,T
1-PB2,636,2247,0,3,0,2250,A
1-PB2,637,0,0,0,2239,2239,C
1-PB2,638,1,2,2223,0,2226,G
1-PB2,639,2231,1,0,1,2233,A
1-PB2,640,2231,0,0,0,2231,A
1-PB2,641,2261,0,0,0,2261,A
1-PB2,642,2253,0,0,0,2253,A
1-PB2,643,2254,0,5,0,2259,A
1-PB2,644,0,0,0,2267,2267,C
1-PB2,645,2270,0,0,0,2270,A
1-PB2,646,2269,0,3,0,2272,A
1-PB2,647,0,0,2283,0,2283,G
1-PB2,648,2290,0,1,0,2291,A
1-PB2,649,0,2291,0,3,2294,T
1-PB2,650,1,2281,0,0,2282,T
1-PB2,651,0,2290,0,2,2292,T
1-PB2,652,1,0,0,2290,2291,C
1-PB2,653,1,2289,0,1,2291,T
1-PB2,654,3,0,0,2300,2303,C
1-PB2,655,1,0,0,2289,2290,C
1-PB2,656,2,0,0,2299,2301,C
1-PB2,657,2306,0,1,0,2307,A
1-PB2,658,1,0,2321,0,2322,G
1-PB2,659,0,2329,0,1,2330,T
1-PB2,660,0,2328,0,1,2329,T
1-PB2,661,0,0,2321,0,2321,G
1-PB2,662,0,1,0,2320,2321,C
1-PB2,663,1,2320,0,1,2322,T
1-PB2,664,1,1,2331,0,2333,G
1-PB2,665,1,0,2313,0,2314,G
1-PB2,666,2,1,0,2312,2315,C
1-PB2,667,2,3,2312,0,2317,G
1-PB2,668,0,7,2334,0,2341,G
1-PB2,669,2343,0,4,0,2347,A
1-PB2,670,2345,0,1,0,2346,A
1-PB2,671,0,0,0,2335,2335,C
1-PB2,672,2363,0,2,0,2365,A
1-PB2,673,2363,0,2,0,2365,A
1-PB2,674,2,0,2450,0,2452,G
1-PB2,675,0,1,0,2500,2501,C
1-PB2,676,2528,0,2,0,2530,A
1-PB2,677,0,1,3089,0,3090,G
1-PB2,678,0,3054,0,1,3055,T
1-PB2,679,3093,0,0,0,3093,A
1-PB2,680,1,3092,0,1,3094,T
1-PB2,681,3089,0,2,0,3091,A
1-PB2,682,1,3096,0,2,3099,T
1-PB2,683,3049,0,0,0,3049,A
1-PB2,684,0,1,0,3093,3094,C
1-PB2,685,2960,0,1,1,2962,A
1-PB2,686,2,2811,0,0,2813,T
1-PB2,687,0,2731,0,1,2732,T
1-PB2,688,1,3,2725,0,2729,G
1-PB2,689,2719,1,0,0,2720,A
1-PB2,690,2717,0,2,0,2719,A
1-PB2,691,0,0,2740,0,2740,G
1-PB2,692,0,2722,1,3,2726,T
1-PB2,693,0,2707,1,1,2709,T
1-PB2,694,0,2706,0,1,2707,T
1-PB2,695,0,2718,0,1,2719,T
1-PB2,696,2749,0,2,0,2751,A
1-PB2,697,0,0,0,2763,2763,C
1-PB2,698,2758,0,0,0,2758,A
1-PB2,699,1,2750,0,1,2752,T
1-PB2,700,0,2720,0,0,2720,T
1-PB2,701,0,2737,0,2,2739,T
1-PB2,702,1,9,2750,0,2760,G
1-PB2,703,2770,0,1,0,2771,A
1-PB2,704,0,1,0,2793,2794,C
1-PB2,705,0,2772,0,2,2774,T
1-PB2,706,4,0,0,2784,2788,C
1-PB2,707,2773,0,1,0,2774,A
1-PB2,708,0,2,2767,0,2769,G
1-PB2,709,0,1,2822,0,2823,G
1-PB2,710,0,8,2823,0,2831,G
1-PB2,711,2827,0,4,0,2831,A
1-PB2,712,2835,0,3,0,2838,A
1-PB2,713,1,1,0,2838,2840,C
1-PB2,714,1,0,2856,0,2857,G
1-PB2,715,0,2842,0,0,2842,T
1-PB2,716,0,0,2867,0,2867,G
1-PB2,717,0,2835,0,3,2838,T
1-PB2,718,0,2833,0,1,2834,T
1-PB2,719,1,5,2838,0,2844,G
1-PB2,720,0,3,2840,0,2843,G
1-PB2,721,0,3,2863,0,2866,G
1-PB2,722,2843,0,1,0,2844,A
1-PB2,723,2839,0,1,1,2841,A
1-PB2,724,1,1,0,2900,2902,C
1-PB2,725,2896,1,0,0,2897,A
1-PB2,726,2990,0,0,0,2990,A
1-PB2,727,2997,0,1,1,2999,A
1-PB2,728,0,3012,0,1,3013,T
1-PB2,729,0,0,3055,0,3055,G
1-PB2,730,1,3033,0,2,3036,T
1-PB2,731,3040,0,2,0,3042,A
1-PB2,732,0,0,0,3058,3058,C
1-PB2,733,2980,0,3,0,2983,A
1-PB2,734,1,0,0,2990,2991,C
1-PB2,735,0,2893,2,7,2902,T
1-PB2,736,1,1,0,3157,3159,C
1-PB2,737,1,0,0,3155,3156,C
1-PB2,738,3208,0,1,0,3209,A
1-PB2,739,0,2,3232,0,3234,G
1-PB2,740,0,2,3303,0,3305,G
1-PB2,741,0,3269,0,4,3273,T
1-PB2,742,1,2,3295,0,3298,G
1-PB2,743,1,4,3191,0,3196,G
1-PB2,744,3114,1,11,1,3127,A
1-PB2,745,0,3,3179,0,3182,G
1-PB2,746,0,1,3188,0,3189,G
1-PB2,747,3150,0,3,1,3154,A
1-PB2,748,0,1,3197,0,3198,G
1-PB2,749,0,3126,0,0,3126,T
1-PB2,750,1,2,3153,0,3156,G
1-PB2,751,3145,0,4,0,3149,A
1-PB2,752,1,3,3155,0,3159,G
1-PB2,753,0,2,3178,0,3180,G
1-PB2,754,3167,0,0,0,3167,A
1-PB2,755,3161,0,0,0,3161,A
1-PB2,756,2,3157,0,0,3159,T
1-PB2,757,4,1,3144,0,3149,G
1-PB2,758,3144,0,4,0,3148,A
1-PB2,759,1,1,0,3125,3127,C
1-PB2,760,1,4,3129,0,3134,G
1-PB2,761,3140,0,0,0,3140,A
1-PB2,762,0,3132,0,0,3132,T
1-PB2,763,0,0,3167,0,3167,G
1-PB2,764,0,3160,0,1,3161,T
1-PB2,765,0,3140,0,0,3140,T
1-PB2,766,0,5,3158,0,3163,G
1-PB2,767,3147,0,4,0,3151,A
1-PB2,768,0,3,0,3157,3160,C
1-PB2,769,5,1,0,3150,3156,C
1-PB2,770,3144,0,0,0,3144,A
1-PB2,771,3142,0,0,0,3142,A
1-PB2,772,3131,0,5,0,3136,A
1-PB2,773,0,2,3198,0,3200,G
1-PB2,774,1,0,0,3200,3201,C
1-PB2,775,3,0,0,3210,3213,C
1-PB2,776,0,3237,0,3,3240,T
1-PB2,777,3244,0,1,0,3245,A
1-PB2,778,3240,0,1,1,3242,A
1-PB2,779,1,3246,0,1,3248,T
1-PB2,780,0,3250,0,0,3250,T
1-PB2,781,3217,0,0,1,3218,A
1-PB2,782,1,3143,0,0,3144,T
1-PB2,783,0,3122,0,3,3125,T
1-PB2,784,1,1,3125,0,3127,G
1-PB2,785,0,0,0,3101,3101,C
1-PB2,786,1,2,3086,0,3089,G
1-PB2,787,0,0,3146,0,3146,G
1-PB2,788,0,0,0,3130,3130,C
1-PB2,789,2,0,0,3161,3163,C
1-PB2,790,3153,1,1,0,3155,A
1-PB2,791,1,1,3203,0,3205,G
1-PB2,792,0,5,3219,0,3224,G
1-PB2,793,3213,0,1,0,3214,A
1-PB2,794,3234,0,0,0,3234,A
1-PB2,795,0,3,0,3253,3256,C
1-PB2,796,3220,1,1,0,3222,A
1-PB2,797,0,3266,0,1,3267,T
1-PB2,798,3315,1,0,0,3316,A
1-PB2,799,5,1,3358,0,3364,G
1-PB2,800,0,3306,1,1,3308,T
1-PB2,801,3291,0,1,0,3292,A
1-PB2,802,3270,0,2,0,3272,A
1-PB2,803,0,2,3275,0,3277,G
1-PB2,804,3258,0,0,0,3258,A
1-PB2,805,3202,1,1,0,3204,A
1-PB2,806,1,3,3191,0,3195,G
1-PB2,807,3086,3,3,0,3092,A
1-PB2,808,0,1,3112,0,3113,G
1-PB2,809,1,3,0,3102,3106,C
1-PB2,810,0,2,0,3111,3113,C
1-PB2,811,2,2,3105,0,3109,G
1-PB2,812,1,0,0,3127,3128,C
1-PB2,813,3154,0,2,0,3156,A
1-PB2,814,0,0,3352,0,3352,G
1-PB2,815,0,3326,0,0,3326,T
1-PB2,816,3347,0,0,0,3347,A
1-PB2,817,0,3338,0,0,3338,T
1-PB2,818,2,1,0,3364,3367,C
1-PB2,819,3355,0,2,0,3357,A
1-PB2,820,0,1,3357,0,3358,G
1-PB2,821,0,0,0,3348,3348,C
1-PB2,822,3225,0,1,0,3226,A
1-PB2,823,0,5,3163,0,3168,G
1-PB2,824,3181,1,0,0,3182,A
1-PB2,825,0,3172,0,0,3172,T
1-PB2,826,2,0,0,3182,3184,C
1-PB2,827,3,1,0,3169,3173,C
1-PB2,828,3180,0,0,0,3180,A
1-PB2,829,0,1,0,3187,3188,C
1-PB2,830,0,3183,0,2,3185,T
1-PB2,831,3187,1,1,0,3189,A
1-PB2,832,0,0,3180,0,3180,G
1-PB2,833,0,1,0,3174,3175,C
1-PB2,834,3167,0,0,0,3167,A
1-PB2,835,0,3160,0,0,3160,T
1-PB2,836,1,1,0,3178,3180,C
1-PB2,837,0,3160,0,4,3164,T
1-PB2,838,0,3250,0,0,3250,T
1-PB2,839,0,3256,0,1,3257,T
1-PB2,840,3258,0,0,0,3258,A
1-PB2,841,0,3257,0,1,3258,T
1-PB2,842,0,3234,1,4,3239,T
1-PB2,843,1,2,3233,0,3236,G
1-PB2,844,0,1,3213,0,3214,G
1-PB2,845,3155,0,7,1,3163,A
1-PB2,846,1,1,3175,0,3177,G
1-PB2,847,3173,0,1,0,3174,A
1-PB2,848,0,3145,0,1,3146,T
1-PB2,849,2,0,3220,0,3222,G
1-PB2,850,0,3197,0,5,3202,T
1-PB2,851,1,0,3211,0,3212,G
1-PB2,852,0,0,0,3204,3204,C
1-PB2,853,7,0,0,3204,3211,C
1-PB2,854,3199,1,1,0,3201,A
1-PB2,855,0,0,0,3204,3204,C
1-PB2,856,3155,0,4,1,3160,A
1-PB2,857,0,0,3191,0,3191,G
1-PB2,858,1,0,0,3125,3126,C
1-PB2,859,3127,0,2,0,3129,A
1-PB2,860,0,1,0,3135,3136,C
1-PB2,861,3109,1,1,1,3112,A
1-PB2,862,0,0,0,3139,3139,C
1-PB2,863,3127,0,1,0,3128,A
1-PB2,864,3127,0,0,0,3127,A
1-PB2,865,3122,0,1,0,3123,A
1-PB2,866,0,3059,0,0,3059,T
1-PB2,867,0,3057,0,0,3057,T
1-PB2,868,0,2,3040,0,3042,G
1-PB2,869,0,0,3024,0,3024,G
1-PB2,870,2,2,0,3022,3026,C
1-PB2,871,2,3,3027,0,3032,G
1-PB2,872,1,2,3016,0,3019,G
1-PB2,873,3013,0,0,0,3013,A
1-PB2,874,3075,0,0,0,3075,A
1-PB2,875,0,1,0,3089,3090,C
1-PB2,876,3086,0,5,0,3091,A
1-PB2,877,3081,1,1,0,3083,A
1-PB2,878,1,3,3095,1,3100,G
1-PB2,879,1,1,3092,0,3094,G
1-PB2,880,3088,0,2,0,3090,A
1-PB2,881,1,2952,1,0,2954,T
1-PB2,882,0,0,2953,0,2953,G
1-PB2,883,2,0,2963,1,2966,G
1-PB2,884,1,2930,0,2,2933,T
1-PB2,885,1,3,2940,0,2944,G
1-PB2,886,2,2,2937,0,2941,G
1-PB2,887,2904,0,1,1,2906,A
1-PB2,888,0,1,0,2908,2909,C
1-PB2,889,2880,1,0,0,2881,A
1-PB2,890,0,3241,0,0,3241,T
1-PB2,891,1,3212,0,1,3214,T
1-PB2,892,4,0,0,3218,3222,C
1-PB2,893,0,3192,0,4,3196,T
1-PB2,894,0,3188,0,0,3188,T
1-PB2,895,3190,0,2,0,3192,A
1-PB2,896,2,2,3197,0,3201,G
1-PB2,897,3191,0,1,0,3192,A
1-PB2,898,0,2,0,3188,3190,C
1-PB2,899,2661,1,0,0,2662,A
1-PB2,900,0,3,2725,0,2728,G
1-PB2,901,2695,0,4,0,2699,A
1-PB2,902,2702,0,2,0,2704,A
1-PB2,903,1,2,0,2705,2708,C
1-PB2,904,6,2,0,2692,2700,C
1-PB2,905,1,3,0,2703,2707,C
1-PB2,906,0,5,2701,0,2706,G
1-PB2,907,2701,0,6,0,2707,A
1-PB2,908,1,0,0,2728,2729,C
1-PB2,909,0,2697,0,1,2698,T
1-PB2,910,0,0,2722,0,2722,G
1-PB2,911,2695,0,2,0,2697,A
1-PB2,912,2709,0,6,0,2715,A
1-PB2,913,0,4,2726,1,2731,G
1-PB2,914,2723,0,2,0,2725,A
1-PB2,915,2721,0,4,0,2725,A
1-PB2,916,1,1,0,2719,2721,C
1-PB2,917,2715,0,1,0,2716,A
1-PB2,918,2731,0,0,1,2732,A
1-PB2,919,0,0,2749,0,2749,G
1-PB2,920,1,1,1,2773,2776,C
1-PB2,921,1,2738,0,1,2740,T
1-PB2,922,0,0,2786,0,2786,G
1-PB2,923,0,2769,0,0,2769,T
1-PB2,924,3,4,2828,0,2835,G
1-PB2,925,0,3,2909,0,2912,G
1-PB2,926,2916,0,2,0,2918,A
1-PB2,927,0,2909,0,0,2909,T
1-PB2,928,2901,1,1,0,2903,A
1-PB2,929,0,2873,0,0,2873,T
1-PB2,930,2958,0,3,0,2961,A
1-PB2,931,0,2914,0,1,2915,T
1-PB2,932,0,0,2912,0,2912,G
1-PB2,933,0,0,1,2878,2879,C
1-PB2,934,2778,0,0,0,2778,A
1-PB2,935,2764,0,1,0,2765,A
1-PB2,936,1,1,2770,0,2772,G
1-PB2,937,1,0,2766,0,2767,G
1-PB2,938,0,0,0,2765,2765,C
1-PB2,939,0,2712,0,2,2714,T
1-PB2,940,0,0,2726,0,2726,G
1-PB2,941,1,0,0,2737,2738,C
1-PB2,942,2742,0,2,0,2744,A
1-PB2,943,2755,0,1,0,2756,A
1-PB2,944,0,2729,0,0,2729,T
1-PB2,945,0,4,2741,0,2745,G
1-PB2,946,1,2,2727,0,2730,G
1-PB2,947,0,1,2749,0,2750,G
1-PB2,948,2740,0,3,0,2743,A
1-PB2,949,0,2717,0,0,2717,T
1-PB2,950,0,2730,0,0,2730,T
1-PB2,951,2,4,2728,0,2734,G
1-PB2,952,2734,0,2,0,2736,A
1-PB2,953,0,0,2765,0,2765,G
1-PB2,954,2751,0,2,0,2753,A
1-PB2,955,2727,1,2,0,2730,A
1-PB2,956,0,2698,0,0,2698,T
1-PB2,957,2,2,0,2709,2713,C
1-PB2,958,2715,0,1,0,2716,A
1-PB2,959,0,0,2729,0,2729,G
1-PB2,960,1,1,0,2724,2726,C
1-PB2,961,0,2691,0,6,2697,T
1-PB2,962,3,0,0,2708,2711,C
1-PB2,963,2709,0,2,0,2711,A
1-PB2,964,0,2746,0,0,2746,T
1-PB2,965,0,1,0,2751,2752,C
1-PB2,966,3,0,0,2770,2773,C
1-PB2,967,0,2754,1,2,2757,T
1-PB2,968,0,2757,0,2,2759,T
1-PB2,969,2,1,1,2763,2767,C
1-PB2,970,2762,0,1,0,2763,A
1-PB2,971,0,0,2802,0,2802,G
1-PB2,972,2,1,0,2791,2794,C
1-PB2,973,0,2751,0,6,2757,T
1-PB2,974,0,2756,0,0,2756,T
1-PB2,975,0,2738,0,1,2739,T
1-PB2,976,0,3,2738,0,2741,G
1-PB2,977,3,0,2742,0,2745,G
1-PB2,978,0,2714,0,4,2718,T
1-PB2,979,1,5,2747,0,2753,G
1-PB2,980,0,1,2742,0,2743,G
1-PB2,981,0,0,2762,0,2762,G
1-PB2,982,0,2717,0,7,2724,T
1-PB2,983,0,2745,0,2,2747,T
1-PB2,984,0,2761,0,1,2762,T
1-PB2,985,2758,0,0,0,2758,A
1-PB2,986,0,2,0,2764,2766,C
1-PB2,987,2769,0,1,0,2770,A
1-PB2,988,0,2757,0,0,2757,T
1-PB2,989,0,2724,0,3,2727,T
1-PB2,990,0,2720,0,0,2720,T
1-PB2,991,2723,0,0,0,2723,A
1-PB2,992,2722,0,1,0,2723,A
1-PB2,993,2723,1,0,0,2724,A
1-PB2,994,2703,0,3,1,2707,A
1-PB2,995,0,5,2720,0,2725,G
1-PB2,996,2711,1,4,0,2716,A
1-PB2,997,2704,0,2,0,2706,A
1-PB2,998,0,4,0,2719,2723,C
1-PB2,999,2720,0,1,0,2721,A
1-PB2,1000,2709,0,7,0,2716,A
1-PB2,1001,0,0,2713,0,2713,G
1-PB2,1002,1,1,0,2716,2718,C
1-PB2,1003,2,5,2713,0,2720,G
1-PB2,1004,1,2,2715,0,2718,G
1-PB2,1005,0,0,2722,0,2722,G
1-PB2,1006,0,2705,0,4,2709,T
1-PB2,1007,9,1,0,2685,2695,C
1-PB2,1008,2708,0,5,0,2713,A
1-PB2,1009,0,2675,1,2,2678,T
1-PB2,1010,3,0,0,2718,2721,C
1-PB2,1011,2707,0,1,0,2708,A
1-PB2,1012,0,0,2768,0,2768,G
1-PB2,1013,0,2725,0,2,2727,T
1-PB2,1014,11,1,0,2725,2737,C
1-PB2,1015,2742,0,4,0,2746,A
1-PB2,1016,2746,0,0,0,2746,A
1-PB2,1017,2697,44,0,0,2741,A
1-PB2,1018,2749,0,2,0,2751,A
1-PB2,1019,2755,0,1,0,2756,A
1-PB2,1020,2753,0,2,0,2755,A
1-PB2,1021,0,2,2752,0,2754,G
1-PB2,1022,2724,0,1,0,2725,A
1-PB2,1023,2720,0,3,0,2723,A
1-PB2,1024,0,2,2725,0,2727,G
1-PB2,1025,2708,0,1,1,2710,A
1-PB2,1026,2666,0,15,0,2681,A
1-PB2,1027,0,0,2670,0,2670,G
1-PB2,1028,2658,0,3,0,2661,A
1-PB2,1029,0,4,2652,0,2656,G
1-PB2,1030,0,0,2705,0,2705,G
1-PB2,1031,0,2708,0,1,2709,T
1-PB2,1032,5,0,2747,0,2752,G
1-PB2,1033,0,0,0,2775,2775,C
1-PB2,1034,1,2765,0,3,2769,T
1-PB2,1035,0,2788,1,1,2790,T
1-PB2,1036,2785,0,1,0,2786,A
1-PB2,1037,0,1,0,2781,2782,C
1-PB2,1038,2769,0,1,0,2770,A
1-PB2,1039,0,3,2767,0,2770,G
1-PB2,1040,3,1,2749,0,2753,G
1-PB2,1041,0,0,0,2705,2705,C
1-PB2,1042,2699,0,1,0,2700,A
1-PB2,1043,2697,0,1,1,2699,A
1-PB2,1044,0,2731,0,2,2733,T
1-PB2,1045,2,1,0,2758,2761,C
1-PB2,1046,0,2738,0,2,2740,T
1-PB2,1047,2,2,1,2750,2755,C
1-PB2,1048,2,0,0,2758,2760,C
1-PB2,1049,2775,0,2,0,2777,A
1-PB2,1050,2770,0,3,0,2773,A
1-PB2,1051,2782,0,1,0,2783,A
1-PB2,1052,0,0,0,2794,2794,C
1-PB2,1053,2735,0,1,0,2736,A
1-PB2,1054,1,2687,0,3,2691,T
1-PB2,1055,0,2652,1,0,2653,T
1-PB2,1056,0,3,2653,0,2656,G
1-PB2,1057,2645,0,5,0,2650,A
1-PB2,1058,0,2,2620,0,2622,G
1-PB2,1059,2732,0,3,0,2735,A
1-PB2,1060,2724,0,2,2,2728,A
1-PB2,1061,0,2745,1,0,2746,T
1-PB2,1062,2761,0,0,0,2761,A
1-PB2,1063,2754,0,7,0,2761,A
1-PB2,1064,3,1,2825,0,2829,G
1-PB2,1065,2786,2,3,0,2791,A
1-PB2,1066,0,0,2855,0,2855,G
1-PB2,1067,0,2757,0,1,2758,T
1-PB2,1068,2782,0,0,0,2782,A
1-PB2,1069,0,1,0,2827,2828,C
1-PB2,1070,2807,0,5,0,2812,A
1-PB2,1071,0,2806,0,1,2807,T
1-PB2,1072,0,4,2802,0,2806,G
1-PB2,1073,2694,0,2,0,2696,A
1-PB2,1074,0,3,2722,0,2725,G
1-PB2,1075,0,6,2692,0,2698,G
1-PB2,1076,0,0,2816,0,2816,G
1-PB2,1077,0,0,2845,0,2845,G
1-PB2,1078,0,2751,0,0,2751,T
1-PB2,1079,2793,0,1,0,2794,A
1-PB2,1080,0,2783,0,0,2783,T
1-PB2,1081,0,0,2801,0,2801,G
1-PB2,1082,2789,0,5,0,2794,A
1-PB2,1083,1,2,2791,0,2794,G
1-PB2,1084,0,1,2789,0,2790,G
1-PB2,1085,2566,0,0,0,2566,A
1-PB2,1086,1,0,2660,0,2661,G
1-PB2,1087,0,2648,0,3,2651,T
1-PB2,1088,0,2740,1,1,2742,T
1-PB2,1089,5,0,0,2746,2751,C
1-PB2,1090,2736,1,8,0,2745,A
1-PB2,1091,1,0,0,2760,2761,C
1-PB2,1092,2744,0,3,0,2747,A
1-PB2,1093,2742,0,7,0,2749,A
1-PB2,1094,0,2749,0,0,2749,T
1-PB2,1095,1,4,2670,1,2676,G
1-PB2,1096,1,0,2695,0,2696,G
1-PB2,1097,0,2586,0,1,2587,T
1-PB2,1098,3,3,2611,0,2617,G
1-PB2,1099,1,1,2609,0,2611,G
1-PB2,1100,0,1,2616,0,2617,G
1-PB2,1101,1,1,2628,0,2630,G
1-PB2,1102,2614,0,0,0,2614,A
1-PB2,1103,2635,0,0,0,2635,A
1-PB2,1104,2618,0,2,0,2620,A
1-PB2,1105,2553,0,2,0,2555,A
1-PB2,1106,0,5,2582,0,2587,G
1-PB2,1107,2551,0,5,0,2556,A
1-PB2,1108,0,1,2564,0,2565,G
1-PB2,1109,2,2,0,2547,2551,C
1-PB2,1110,2540,0,3,0,2543,A
1-PB2,1111,2553,0,0,0,2553,A
1-PB2,1112,0,0,0,2617,2617,C
1-PB2,1113,2630,0,0,0,2630,A
1-PB2,1114,0,0,2658,0,2658,G
1-PB2,1115,2,0,0,2627,2629,C
1-PB2,1116,0,2616,0,6,2622,T
1-PB2,1117,2714,0,0,0,2714,A
1-PB2,1118,0,2703,0,0,2703,T
1-PB2,1119,2710,0,0,0,2710,A
1-PB2,1120,1,2,1,2709,2713,C
1-PB2,1121,0,2566,0,2,2568,T
1-PB2,1122,2576,0,0,0,2576,A
1-PB2,1123,2527,0,0,0,2527,A
1-PB2,1124,0,1,2540,0,2541,G
1-PB2,1125,2534,0,2,0,2536,A
1-PB2,1126,2451,0,0,0,2451,A
1-PB2,1127,2444,1,1,0,2446,A
1-PB2,1128,2416,0,7,0,2423,A
1-PB2,1129,0,1,2445,0,2446,G
1-PB2,1130,0,1,0,2426,2427,C
1-PB2,1131,2439,2,0,0,2441,A
1-PB2,1132,2443,0,1,0,2444,A
1-PB2,1133,0,0,0,2454,2454,C
1-PB2,1134,2,2,0,2452,2456,C
1-PB2,1135,2458,0,0,0,2458,A
1-PB2,1136,0,2,2461,0,2463,G
1-PB2,1137,2456,0,1,0,2457,A
1-PB2,1138,2459,0,3,0,2462,A
1-PB2,1139,0,1,2475,0,2476,G
1-PB2,1140,2469,0,0,0,2469,A
1-PB2,1141,0,2441,0,6,2447,T
1-PB2,1142,1,2443,0,1,2445,T
1-PB2,1143,0,0,2462,0,2462,G
1-PB2,1144,0,0,2493,0,2493,G
1-PB2,1145,0,2452,0,5,2457,T
1-PB2,1146,0,2447,0,4,2451,T
1-PB2,1147,5,0,0,2459,2464,C
1-PB2,1148,2472,1,0,0,2473,A
1-PB2,1149,2459,0,1,0,2460,A
1-PB2,1150,0,1,0,2608,2609,C
1-PB2,1151,0,2600,0,1,2601,T
1-PB2,1152,5,0,0,2626,2631,C
1-PB2,1153,2593,0,3,0,2596,A
1-PB2,1154,0,2597,0,2,2599,T
1-PB2,1155,2611,0,1,0,2612,A
1-PB2,1156,0,0,2617,0,2617,G
1-PB2,1157,0,2502,0,1,2503,T
1-PB2,1158,0,2,2531,0,2533,G
1-PB2,1159,2411,0,5,0,2416,A
1-PB2,1160,3,2,2449,0,2454,G
1-PB2,1161,0,2422,0,1,2423,T
1-PB2,1162,0,3,2440,0,2443,G
1-PB2,1163,1,2,2463,0,2466,G
1-PB2,1164,2462,0,0,0,2462,A
1-PB2,1165,2459,1,1,0,2461,A
1-PB2,1166,2,2,2459,0,2463,G
1-PB2,1167,2423,0,1,0,2424,A
1-PB2,1168,0,4,2431,0,2435,G
1-PB2,1169,2393,0,5,0,2398,A
1-PB2,1170,0,0,0,2402,2402,C
1-PB2,1171,0,2,2413,0,2415,G
1-PB2,1172,2379,0,3,0,2382,A
1-PB2,1173,2399,0,5,0,2404,A
1-PB2,1174,0,0,0,2394,2394,C
1-PB2,1175,2378,0,1,1,2380,A
1-PB2,1176,0,1,2502,1,2504,G
1-PB2,1177,1,2485,0,0,2486,T
1-PB2,1178,6,0,0,2478,2484,C
1-PB2,1179,2498,1,1,0,2500,A
1-PB2,1180,2488,0,0,0,2488,A
1-PB2,1181,0,2489,0,1,2490,T
1-PB2,1182,2496,0,0,0,2496,A
1-PB2,1183,0,1,2485,0,2486,G
1-PB2,1184,0,0,0,2466,2466,C
1-PB2,1185,4,1,1,2388,2394,C
1-PB2,1186,1,0,2386,0,2387,G
1-PB2,1187,2368,0,0,0,2368,A
1-PB2,1188,2375,0,3,0,2378,A
1-PB2,1189,0,0,2405,0,2405,G
1-PB2,1190,1,1,0,2450,2452,C
1-PB2,1191,2457,0,0,0,2457,A
1-PB2,1192,2447,0,0,0,2447,A
1-PB2,1193,0,2460,0,0,2460,T
1-PB2,1194,2464,0,6,0,2470,A
1-PB2,1195,2500,0,3,0,2503,A
1-PB2,1196,0,2485,0,1,2486,T
1-PB2,1197,0,1,0,2482,2483,C
1-PB2,1198,1,0,2474,0,2475,G
1-PB2,1199,0,2386,6,2,2394,T
1-PB2,1200,2,0,2413,0,2415,G
1-PB2,1201,2,0,2421,0,2423,G
1-PB2,1202,0,0,0,2400,2400,C
1-PB2,1203,3,0,0,2422,2425,C
1-PB2,1204,2398,0,0,0,2398,A
1-PB2,1205,0,2409,0,1,2410,T
1-PB2,1206,1,4,2408,0,2413,G
1-PB2,1207,0,0,2439,0,2439,G
1-PB2,1208,1,2354,0,0,2355,T
1-PB2,1209,1,0,2433,0,2434,G
1-PB2,1210,0,2321,1,1,2323,T
1-PB2,1211,0,2340,0,5,2345,T
1-PB2,1212,0,2355,0,2,2357,T
1-PB2,1213,0,2347,0,1,2348,T
1-PB2,1214,0,0,0,2398,2398,C
1-PB2,1215,2400,0,3,0,2403,A
1-PB2,1216,1,2,0,2635,2638,C
1-PB2,1217,2615,0,2,0,2617,A
1-PB2,1218,2659,0,1,0,2660,A
1-PB2,1219,1,0,2673,0,2674,G
1-PB2,1220,2674,0,0,0,2674,A
1-PB2,1221,2488,1,180,0,2669,A
1-PB2,1222,1,2,2726,0,2729,G
1-PB2,1223,2721,0,0,0,2721,A
1-PB2,1224,0,2729,0,0,2729,T
1-PB2,1225,0,2719,0,0,2719,T
1-PB2,1226,1,0,2715,0,2716,G
1-PB2,1227,0,2,0,2685,2687,C
1-PB2,1228,2709,2,4,1,2716,A
1-PB2,1229,0,2739,0,0,2739,T
1-PB2,1230,1,3,2878,0,2882,G
1-PB2,1231,2898,1,2,0,2901,A
1-PB2,1232,0,2933,0,0,2933,T
1-PB2,1233,2923,1,1,0,2925,A
1-PB2,1234,2926,0,0,0,2926,A
1-PB2,1235,2922,0,0,1,2923,A
1-PB2,1236,2926,0,0,0,2926,A
1-PB2,1237,1,0,2930,0,2931,G
1-PB2,1238,0,0,0,3021,3021,C
1-PB2,1239,3093,0,0,0,3093,A
1-PB2,1240,0,1,3221,0,3222,G
1-PB2,1241,0,3220,0,3,3223,T
1-PB2,1242,1,3229,0,0,3230,T
1-PB2,1243,3224,0,3,0,3227,A
1-PB2,1244,1,1,3265,0,3267,G
1-PB2,1245,3245,0,1,0,3246,A
1-PB2,1246,0,4,3249,0,3253,G
1-PB2,1247,1,0,3230,0,3231,G
1-PB2,1248,0,3068,0,1,3069,T
1-PB2,1249,1,7,3099,0,3107,G
1-PB2,1250,3139,0,5,0,3144,A
1-PB2,1251,0,1,0,3151,3152,C
1-PB2,1252,1,1,0,3179,3181,C
1-PB2,1253,0,3162,0,5,3167,T
1-PB2,1254,0,5,3185,0,3190,G
1-PB2,1255,3172,0,4,0,3176,A
1-PB2,1256,3189,0,0,0,3189,A
1-PB2,1257,0,3192,0,1,3193,T
1-PB2,1258,0,3233,0,1,3234,T
1-PB2,1259,0,3241,0,1,3242,T
1-PB2,1260,2,3,1,3249,3255,C
1-PB2,1261,1,0,3244,1,3246,G
1-PB2,1262,0,3240,0,4,3244,T
1-PB2,1263,3,4,0,3238,3245,C
1-PB2,1264,3256,0,0,0,3256,A
1-PB2,1265,3252,0,2,0,3254,A
1-PB2,1266,1,1,0,3249,3251,C
1-PB2,1267,3213,0,2,0,3215,A
1-PB2,1268,0,5,3262,0,3267,G
1-PB2,1269,3236,0,4,0,3240,A
1-PB2,1270,0,0,3257,0,3257,G
1-PB2,1271,1,1,0,3267,3269,C
1-PB2,1272,3266,0,2,0,3268,A
1-PB2,1273,3292,0,4,1,3297,A
1-PB2,1274,3292,1,0,0,3293,A
1-PB2,1275,0,3270,0,1,3271,T
1-PB2,1276,5,1,0,3281,3287,C
1-PB2,1277,3272,0,4,0,3276,A
1-PB2,1278,2,1,3261,1,3265,G
1-PB2,1279,0,1,0,3280,3281,C
1-PB2,1280,1,1,3297,0,3299,G
1-PB2,1281,0,0,3477,0,3477,G
1-PB2,1282,0,3441,0,3,3444,T
1-PB2,1283,0,3472,0,0,3472,T
1-PB2,1284,1,3,3456,0,3460,G
1-PB2,1285,3461,1,4,0,3466,A
1-PB2,1286,3470,2,6,0,3478,A
1-PB2,1287,0,2,1,3516,3519,C
1-PB2,1288,1,1,0,3486,3488,C
1-PB2,1289,3,2,0,3532,3537,C
1-PB2,1290,2,2,0,3419,3423,C
1-PB2,1291,3453,0,1,0,3454,A
1-PB2,1292,0,3457,0,2,3459,T
1-PB2,1293,0,1,3467,0,3468,G
1-PB2,1294,0,1,0,3480,3481,C
1-PB2,1295,3466,0,3,0,3469,A
1-PB2,1296,1,3426,0,2,3429,T
1-PB2,1297,2,1,0,3444,3447,C
1-PB2,1298,3430,0,0,0,3430,A
1-PB2,1299,3,0,3473,0,3476,G
1-PB2,1300,1,1,0,3471,3473,C
1-PB2,1301,0,3484,0,8,3492,T
1-PB2,1302,0,3498,0,0,3498,T
1-PB2,1303,0,3484,0,2,3486,T
1-PB2,1304,0,3485,0,1,3486,T
1-PB2,1305,3492,0,4,0,3496,A
1-PB2,1306,3487,1,2,0,3490,A
1-PB2,1307,1,4,3482,1,3488,G
1-PB2,1308,1,0,3466,0,3467,G
1-PB2,1309,0,0,0,3445,3445,C
1-PB2,1310,3456,0,0,0,3456,A
1-PB2,1311,0,3441,0,3,3444,T
1-PB2,1312,0,3460,0,3,3463,T
1-PB2,1313,0,3458,0,3,3461,T
1-PB2,1314,0,3482,0,0,3482,T
1-PB2,1315,2,1,0,3485,3488,C
1-PB2,1316,3483,0,3,0,3486,A
1-PB2,1317,0,2,3483,0,3485,G
1-PB2,1318,3473,0,4,0,3477,A
1-PB2,1319,3472,0,5,2,3479,A
1-PB2,1320,3474,0,1,0,3475,A
1-PB2,1321,0,2,3483,0,3485,G
1-PB2,1322,3509,0,1,0,3510,A
1-PB2,1323,0,3509,1,0,3510,T
1-PB2,1324,0,1,3509,1,3511,G
1-PB2,1325,0,1,0,3505,3506,C
1-PB2,1326,1,6,3514,0,3521,G
1-PB2,1327,3491,0,3,1,3495,A
1-PB2,1328,3509,0,0,0,3509,A
1-PB2,1329,3515,0,2,0,3517,A
1-PB2,1330,0,2,3538,0,3540,G
1-PB2,1331,0,3476,0,1,3477,T
1-PB2,1332,5,2,3495,0,3502,G
1-PB2,1333,2,2,0,3467,3471,C
1-PB2,1334,0,3489,1,2,3492,T
1-PB2,1335,0,3494,0,1,3495,T
1-PB2,1336,0,3503,0,1,3504,T
1-PB2,1337,0,3510,0,1,3511,T
1-PB2,1338,0,3476,0,3,3479,T
1-PB2,1339,9,2,0,3490,3501,C
1-PB2,1340,3507,0,2,0,3509,A
1-PB2,1341,3517,1,1,0,3519,A
1-PB2,1342,3507,0,3,0,3510,A
1-PB2,1343,3512,0,0,0,3512,A
1-PB2,1344,0,3506,0,0,3506,T
1-PB2,1345,0,3534,0,0,3534,T
1-PB2,1346,0,1,3534,0,3535,G
1-PB2,1347,3,8,3525,0,3536,G
1-PB2,1348,0,3,3526,1,3530,G
1-PB2,1349,0,8,3584,0,3592,G
1-PB2,1350,3565,0,5,0,3570,A
1-PB2,1351,0,1,3653,0,3654,G
1-PB2,1352,0,3629,1,2,3632,T
1-PB2,1353,0,3632,0,1,3633,T
1-PB2,1354,2,6,3651,0,3659,G
1-PB2,1355,3646,0,6,0,3652,A
1-PB2,1356,3656,0,3,0,3659,A
1-PB2,1357,0,1,0,3785,3786,C
1-PB2,1358,3727,0,1,0,3728,A
1-PB2,1359,0,1,0,3819,3820,C
1-PB2,1360,3758,0,1,0,3759,A
1-PB2,1361,0,3758,0,3,3761,T
1-PB2,1362,2,2,0,3805,3809,C
1-PB2,1363,1,5,3802,0,3808,G
1-PB2,1364,3808,1,2,0,3811,A
1-PB2,1365,1,1,0,3809,3811,C
1-PB2,1366,3686,0,6,0,3692,A
1-PB2,1367,0,0,3816,0,3816,G
1-PB2,1368,0,3722,0,3,3725,T
1-PB2,1369,0,0,3784,0,3784,G
1-PB2,1370,2,3739,0,1,3742,T
1-PB2,1371,3,4,3754,0,3761,G
1-PB2,1372,3749,0,4,0,3753,A
1-PB2,1373,0,3726,0,1,3727,T
1-PB2,1374,0,3,3739,0,3742,G
1-PB2,1375,0,2,3747,0,3749,G
1-PB2,1376,2,2,3688,0,3692,G
1-PB2,1377,3646,0,6,0,3652,A
1-PB2,1378,3630,0,1,0,3631,A
1-PB2,1379,0,3641,0,0,3641,T
1-PB2,1380,0,4,3668,0,3672,G
1-PB2,1381,3678,0,1,0,3679,A
1-PB2,1382,0,3672,0,1,3673,T
1-PB2,1383,0,3649,0,8,3657,T
1-PB2,1384,2,4,3641,1,3648,G
1-PB2,1385,0,7,3745,0,3752,G
1-PB2,1386,3713,0,6,1,3720,A
1-PB2,1387,1,0,3760,0,3761,G
1-PB2,1388,0,3712,0,1,3713,T
1-PB2,1389,3711,0,2,0,3713,A
1-PB2,1390,1,3718,0,1,3720,T
1-PB2,1391,0,3761,0,0,3761,T
1-PB2,1392,3808,1,1,0,3810,A
1-PB2,1393,1,1,0,3823,3825,C
1-PB2,1394,4,1,0,3767,3772,C
1-PB2,1395,3739,0,1,0,3740,A
1-PB2,1396,2,1,3754,0,3757,G
1-PB2,1397,3832,0,0,0,3832,A
1-PB2,1398,0,3808,0,0,3808,T
1-PB2,1399,3769,0,2,0,3771,A
1-PB2,1400,1,3738,0,0,3739,T
1-PB2,1401,1,9,3705,0,3715,G
1-PB2,1402,3718,0,4,0,3722,A
1-PB2,1403,0,1,0,3730,3731,C
1-PB2,1404,0,3707,0,4,3711,T
1-PB2,1405,4,2,0,3684,3690,C
1-PB2,1406,4,0,0,3649,3653,C
1-PB2,1407,3685,0,4,0,3689,A
1-PB2,1408,3726,0,3,1,3730,A
1-PB2,1409,0,1,3823,0,3824,G
1-PB2,1410,2,0,0,3798,3800,C
1-PB2,1411,3784,2,1,0,3787,A
1-PB2,1412,1,2,1,3790,3794,C
1-PB2,1413,3769,0,7,2,3778,A
1-PB2,1414,1,4,3785,0,3790,G
1-PB2,1415,3775,0,0,0,3775,A
1-PB2,1416,1,0,3786,0,3787,G
1-PB2,1417,3796,0,2,0,3798,A
1-PB2,1418,0,3693,0,1,3694,T
1-PB2,1419,0,1,3752,0,3753,G
1-PB2,1420,0,3722,0,2,3724,T
1-PB2,1421,4,0,0,3729,3733,C
1-PB2,1422,3752,0,3,0,3755,A
1-PB2,1423,3731,0,1,0,3732,A
1-PB2,1424,0,3734,0,0,3734,T
1-PB2,1425,0,2,3727,0,3729,G
1-PB2,1426,3685,2,5,0,3692,A
1-PB2,1427,1,3,3709,0,3713,G
1-PB2,1428,3659,0,4,0,3663,A
1-PB2,1429,1,3,3677,0,3681,G
1-PB2,1430,0,6,3875,0,3881,G
1-PB2,1431,3872,0,3,0,3875,A
1-PB2,1432,3873,1,5,0,3879,A
1-PB2,1433,0,3870,0,0,3870,T
1-PB2,1434,3871,0,1,0,3872,A
1-PB2,1435,3878,0,4,0,3882,A
1-PB2,1436,1,1,3876,0,3878,G
1-PB2,1437,3839,0,5,1,3845,A
1-PB2,1438,3,1,3852,0,3856,G
1-PB2,1439,1,3656,0,0,3657,T
1-PB2,1440,8,3,0,3665,3676,C
1-PB2,1441,3677,0,4,1,3682,A
1-PB2,1442,0,0,3704,0,3704,G
1-PB2,1443,0,0,0,3710,3710,C
1-PB2,1444,3728,0,0,0,3728,A
1-PB2,1445,3740,0,0,1,3741,A
1-PB2,1446,3719,0,2,0,3721,A
1-PB2,1447,3720,0,3,0,3723,A
1-PB2,1448,1,3715,0,0,3716,T
1-PB2,1449,0,6,3721,0,3727,G
1-PB2,1450,0,4,3723,0,3727,G
1-PB2,1451,1,0,3739,0,3740,G
1-PB2,1452,0,3689,0,0,3689,T
1-PB2,1453,1,0,3721,0,3722,G
1-PB2,1454,0,3697,0,3,3700,T
1-PB2,1455,1,3,3718,0,3722,G
1-PB2,1456,0,3,3794,0,3797,G
1-PB2,1457,3772,0,6,0,3778,A
1-PB2,1458,1,3775,0,0,3776,T
1-PB2,1459,1,5,3821,0,3827,G
1-PB2,1460,3806,0,1,0,3807,A
1-PB2,1461,3831,0,1,0,3832,A
1-PB2,1462,0,3816,0,0,3816,T
1-PB2,1463,3771,0,0,0,3771,A
1-PB2,1464,0,1,0,4084,4085,C
1-PB2,1465,1,3986,0,1,3988,T
1-PB2,1466,8,0,1,4018,4027,C
1-PB2,1467,2,2,0,4043,4047,C
1-PB2,1468,3999,0,4,0,4003,A
1-PB2,1469,1,0,4196,0,4197,G
1-PB2,1470,0,4175,0,3,4178,T
1-PB2,1471,4203,0,0,0,4203,A
1-PB2,1472,0,1,1,4222,4224,C
1-PB2,1473,3894,0,1,0,3895,A
1-PB2,1474,1,2,3913,1,3917,G
1-PB2,1475,3816,0,7,1,3824,A
1-PB2,1476,1,2,3855,0,3858,G
1-PB2,1477,3732,0,6,0,3738,A
1-PB2,1478,1,4,3638,0,3643,G
1-PB2,1479,0,4,3638,0,3642,G
1-PB2,1480,0,0,3645,0,3645,G
1-PB2,1481,0,3549,0,3,3552,T
1-PB2,1482,2,3,3587,0,3592,G
1-PB2,1483,1,1,3609,0,3611,G
1-PB2,1484,1,3555,0,1,3557,T
1-PB2,1485,2,2,3691,0,3695,G
1-PB2,1486,0,0,3700,0,3700,G
1-PB2,1487,0,3624,0,3,3627,T
1-PB2,1488,0,3639,0,5,3644,T
1-PB2,1489,3594,0,1,0,3595,A
1-PB2,1490,0,4,3617,0,3621,G
1-PB2,1491,0,0,0,3610,3610,C
1-PB2,1492,3591,0,2,0,3593,A
1-PB2,1493,0,3584,0,0,3584,T
1-PB2,1494,0,3438,0,0,3438,T
1-PB2,1495,0,4,3430,1,3435,G
1-PB2,1496,3411,0,1,0,3412,A
1-PB2,1497,0,3405,0,5,3410,T
1-PB2,1498,4,0,1,3435,3440,C
1-PB2,1499,1,0,3416,0,3417,G
1-PB2,1500,4,0,3469,0,3473,G
1-PB2,1501,0,3450,0,1,3451,T
1-PB2,1502,0,3454,0,1,3455,T
1-PB2,1503,0,3458,0,2,3460,T
1-PB2,1504,0,3460,0,2,3462,T
1-PB2,1505,0,3465,0,1,3466,T
1-PB2,1506,2,9,3452,0,3463,G
1-PB2,1507,3454,0,2,0,3456,A
1-PB2,1508,2,5,3457,0,3464,G
1-PB2,1509,3342,0,4,0,3346,A
1-PB2,1510,2,0,3367,0,3369,G
1-PB2,1511,0,3370,0,1,3371,T
1-PB2,1512,1,3349,0,3,3353,T
1-PB2,1513,9,2,0,3356,3367,C
1-PB2,1514,0,3,3384,0,3387,G
1-PB2,1515,3375,0,9,0,3384,A
1-PB2,1516,1,4,3378,0,3383,G
1-PB2,1517,3373,0,3,0,3376,A
1-PB2,1518,0,0,0,3376,3376,C
1-PB2,1519,4,0,0,3352,3356,C
1-PB2,1520,3333,0,4,0,3337,A
1-PB2,1521,3379,0,5,0,3384,A
1-PB2,1522,0,0,0,3389,3389,C
1-PB2,1523,3,2,3409,0,3414,G
1-PB2,1524,1,3375,0,0,3376,T
1-PB2,1525,0,1,3389,0,3390,G
1-PB2,1526,0,4,3394,0,3398,G
1-PB2,1527,2,1,3391,0,3394,G
1-PB2,1528,3357,0,2,0,3359,A
1-PB2,1529,3379,0,0,0,3379,A
1-PB2,1530,0,3291,0,4,3295,T
1-PB2,1531,0,0,3427,0,3427,G
1-PB2,1532,0,3399,0,1,3400,T
1-PB2,1533,3421,0,1,0,3422,A
1-PB2,1534,1,3428,0,0,3429,T
1-PB2,1535,0,3390,0,0,3390,T
1-PB2,1536,3443,1,0,0,3444,A
1-PB2,1537,0,3430,0,0,3430,T
1-PB2,1538,0,3376,1,3,3380,T
1-PB2,1539,3371,0,0,0,3371,A
1-PB2,1540,0,3069,0,3,3072,T
1-PB2,1541,2,0,0,3201,3203,C
1-PB2,1542,0,3163,0,2,3165,T
1-PB2,1543,0,3,0,3186,3189,C
1-PB2,1544,2,0,0,3200,3202,C
1-PB2,1545,1,3138,0,3,3142,T
1-PB2,1546,1,1,3155,0,3157,G
1-PB2,1547,3128,0,0,1,3129,A
1-PB2,1548,0,4,3130,0,3134,G
1-PB2,1549,1,1,3120,0,3122,G
1-PB2,1550,2805,0,2,0,2807,A
1-PB2,1551,4,2,2836,0,2842,G
1-PB2,1552,0,3,2827,0,2830,G
1-PB2,1553,1,2726,0,1,2728,T
1-PB2,1554,2,1,0,2755,2758,C
1-PB2,1555,2740,0,5,0,2745,A
1-PB2,1556,0,0,2792,0,2792,G
1-PB2,1557,0,2789,0,0,2789,T
1-PB2,1558,1,2,2789,0,2792,G
1-PB2,1559,2785,0,3,0,2788,A
1-PB2,1560,2696,0,3,0,2699,A
1-PB2,1561,2700,0,5,0,2705,A
1-PB2,1562,0,0,0,2706,2706,C
1-PB2,1563,2691,0,1,0,2692,A
1-PB2,1564,0,0,0,2697,2697,C
1-PB2,1565,2611,0,2,1,2614,A
1-PB2,1566,0,1,2621,0,2622,G
1-PB2,1567,0,2,2627,0,2629,G
1-PB2,1568,1,2,2663,0,2666,G
1-PB2,1569,2651,0,1,0,2652,A
1-PB2,1570,2634,0,1,0,2635,A
1-PB2,1571,1,0,0,2663,2664,C
1-PB2,1572,0,2633,1,1,2635,T
1-PB2,1573,0,5,2632,1,2638,G
1-PB2,1574,2607,0,2,0,2609,A
1-PB2,1575,1,1,2618,0,2620,G
1-PB2,1576,2583,0,1,0,2584,A
1-PB2,1577,2,3,2465,0,2470,G
1-PB2,1578,2450,0,2,0,2452,A
1-PB2,1579,0,0,0,2451,2451,C
1-PB2,1580,0,2399,0,1,2400,T
1-PB2,1581,1,8,2430,0,2439,G
1-PB2,1582,2414,0,4,0,2418,A
1-PB2,1583,0,0,0,2429,2429,C
1-PB2,1584,2430,0,1,0,2431,A
1-PB2,1585,2421,0,2,0,2423,A
1-PB2,1586,0,2428,0,0,2428,T
1-PB2,1587,2452,0,1,0,2453,A
1-PB2,1588,2458,0,1,1,2460,A
1-PB2,1589,0,0,0,2474,2474,C
1-PB2,1590,0,2372,1,2,2375,T
1-PB2,1591,0,2363,0,3,2366,T
1-PB2,1592,2349,0,1,0,2350,A
1-PB2,1593,1,2327,0,1,2329,T
1-PB2,1594,0,2340,0,2,2342,T
1-PB2,1595,3,0,0,2333,2336,C
1-PB2,1596,2232,0,0,0,2232,A
1-PB2,1597,0,2219,0,0,2219,T
1-PB2,1598,0,2,0,2184,2186,C
1-PB2,1599,3,0,2188,0,2191,G
1-PB2,1600,0,2205,0,2,2207,T
1-PB2,1601,2,3,0,2185,2190,C
1-PB2,1602,1,0,2192,0,2193,G
1-PB2,1603,2189,0,0,0,2189,A
1-PB2,1604,0,2193,0,0,2193,T
1-PB2,1605,1,1,2196,0,2198,G
1-PB2,1606,2198,0,2,0,2200,A
1-PB2,1607,0,2192,0,0,2192,T
1-PB2,1608,0,0,2202,0,2202,G
1-PB2,1609,1,2120,0,2,2123,T
1-PB2,1610,3,4,2123,0,2130,G
1-PB2,1611,0,0,2127,0,2127,G
1-PB2,1612,0,0,2136,0,2136,G
1-PB2,1613,2098,0,4,0,2102,A
1-PB2,1614,0,2,2128,0,2130,G
1-PB2,1615,2032,0,0,0,2032,A
1-PB2,1616,0,2004,0,0,2004,T
1-PB2,1617,0,1984,0,1,1985,T
1-PB2,1618,1986,0,3,1,1990,A
1-PB2,1619,1973,1,0,0,1974,A
1-PB2,1620,0,3,0,1967,1970,C
1-PB2,1621,0,1,1911,0,1912,G
1-PB2,1622,0,0,1939,0,1939,G
1-PB2,1623,1,1833,0,0,1834,T
1-PB2,1624,2,0,0,1840,1842,C
1-PB2,1625,3,1,0,1841,1845,C
1-PB2,1626,0,1808,0,4,1812,T
1-PB2,1627,1,1,1851,0,1853,G
1-PB2,1628,1845,0,1,0,1846,A
1-PB2,1629,0,0,1876,0,1876,G
1-PB2,1630,0,1862,0,0,1862,T
1-PB2,1631,2,1,0,1816,1819,C
1-PB2,1632,1,3,1809,0,1813,G
1-PB2,1633,0,0,1835,0,1835,G
1-PB2,1634,0,1818,1,3,1822,T
1-PB2,1635,0,1832,1,0,1833,T
1-PB2,1636,0,1822,0,0,1822,T
1-PB2,1637,0,1819,0,1,1820,T
1-PB2,1638,2,5,1820,0,1827,G
1-PB2,1639,1,0,1856,0,1857,G
1-PB2,1640,0,1838,0,0,1838,T
1-PB2,1641,8,1,0,1848,1857,C
1-PB2,1642,1837,0,0,0,1837,A
1-PB2,1643,1894,0,4,1,1899,A
1-PB2,1644,0,1910,0,0,1910,T
1-PB2,1645,1910,0,0,0,1910,A
1-PB2,1646,0,0,0,1969,1969,C
1-PB2,1647,1,2,0,1910,1913,C
1-PB2,1648,0,1910,1,1,1912,T
1-PB2,1649,1948,0,0,0,1948,A
1-PB2,1650,0,1941,0,0,1941,T
1-PB2,1651,4,2,0,1949,1955,C
1-PB2,1652,1901,0,0,0,1901,A
1-PB2,1653,1900,1,1,0,1902,A
1-PB2,1654,0,1894,0,0,1894,T
1-PB2,1655,4,1,1826,0,1831,G
1-PB2,1656,0,2,1836,0,1838,G
1-PB2,1657,1813,1,1,0,1815,A
1-PB2,1658,0,1776,0,0,1776,T
1-PB2,1659,1,0,0,1774,1775,C
1-PB2,1660,1777,0,2,0,1779,A
1-PB2,1661,0,1781,1,1,1783,T
1-PB2,1662,0,0,0,1784,1784,C
1-PB2,1663,1789,1,0,0,1790,A
1-PB2,1664,1,2,1785,0,1788,G
1-PB2,1665,1786,0,0,0,1786,A
1-PB2,1666,1782,0,0,0,1782,A
1-PB2,1667,1796,0,0,0,1796,A
1-PB2,1668,0,1800,0,0,1800,T
1-PB2,1669,0,1800,0,0,1800,T
1-PB2,1670,0,1,1784,0,1785,G
1-PB2,1671,2,0,1784,0,1786,G
1-PB2,1672,0,1,1775,0,1776,G
1-PB2,1673,1778,0,2,0,1780,A
1-PB2,1674,1774,0,1,0,1775,A
1-PB2,1675,0,0,1764,0,1764,G
1-PB2,1676,1,0,0,1755,1756,C
1-PB2,1677,0,1765,0,1,1766,T
1-PB2,1678,0,0,1783,0,1783,G
1-PB2,1679,0,1766,0,3,1769,T
1-PB2,1680,3,0,0,1774,1777,C
1-PB2,1681,1794,0,0,0,1794,A
1-PB2,1682,1796,0,0,0,1796,A
1-PB2,1683,1792,0,1,0,1793,A
1-PB2,1684,1803,1,0,0,1804,A
1-PB2,1685,0,1802,0,0,1802,T
1-PB2,1686,1,1807,0,0,1808,T
1-PB2,1687,1,0,0,1803,1804,C
1-PB2,1688,1794,0,0,0,1794,A
1-PB2,1689,1788,0,2,0,1790,A
1-PB2,1690,0,1793,0,1,1794,T
1-PB2,1691,0,2,1788,0,1790,G
1-PB2,1692,0,0,1800,0,1800,G
1-PB2,1693,0,1840,0,0,1840,T
1-PB2,1694,1,0,0,1861,1862,C
1-PB2,1695,0,1855,0,2,1857,T
1-PB2,1696,2,0,0,1863,1865,C
1-PB2,1697,1867,0,3,0,1870,A
1-PB2,1698,0,3,1863,0,1866,G
1-PB2,1699,1860,0,1,0,1861,A
1-PB2,1700,1871,0,0,0,1871,A
1-PB2,1701,0,1853,0,3,1856,T
1-PB2,1702,3,1,0,1809,1813,C
1-PB2,1703,1,2,0,1852,1855,C
1-PB2,1704,0,1845,0,2,1847,T
1-PB2,1705,0,1,1844,0,1845,G
1-PB2,1706,0,1,0,1841,1842,C
1-PB2,1707,1850,0,2,0,1852,A
1-PB2,1708,1865,0,0,0,1865,A
1-PB2,1709,0,1844,0,1,1845,T
1-PB2,1710,0,0,1868,0,1868,G
1-PB2,1711,0,1874,0,1,1875,T
1-PB2,1712,0,1827,0,3,1830,T
1-PB2,1713,0,0,1857,0,1857,G
1-PB2,1714,0,1845,0,1,1846,T
1-PB2,1715,1852,0,0,0,1852,A
1-PB2,1716,0,0,0,1849,1849,C
1-PB2,1717,1822,0,1,0,1823,A
1-PB2,1718,1823,0,3,0,1826,A
1-PB2,1719,0,0,0,1809,1809,C
1-PB2,1720,1782,0,0,0,1782,A
1-PB2,1721,1785,0,0,0,1785,A
1-PB2,1722,1761,0,0,0,1761,A
1-PB2,1723,1765,0,0,1,1766,A
1-PB2,1724,0,1751,0,0,1751,T
1-PB2,1725,0,0,1757,0,1757,G
1-PB2,1726,0,2,1762,0,1764,G
1-PB2,1727,1753,0,1,0,1754,A
1-PB2,1728,1768,0,1,0,1769,A
1-PB2,1729,0,1758,0,0,1758,T
1-PB2,1730,0,1759,0,0,1759,T
1-PB2,1731,0,1761,0,0,1761,T
1-PB2,1732,0,2,1746,0,1748,G
1-PB2,1733,1773,0,2,0,1775,A
1-PB2,1734,1762,0,1,0,1763,A
1-PB2,1735,1,0,0,1769,1770,C
1-PB2,1736,1,1,0,1751,1753,C
1-PB2,1737,1766,0,0,0,1766,A
1-PB2,1738,0,1792,0,0,1792,T
1-PB2,1739,0,1792,0,0,1792,T
1-PB2,1740,0,1789,1,0,1790,T
1-PB2,1741,2,0,0,1786,1788,C
1-PB2,1742,1798,0,0,0,1798,A
1-PB2,1743,1795,0,0,0,1795,A
1-PB2,1744,0,1789,0,0,1789,T
1-PB2,1745,0,0,0,1821,1821,C
1-PB2,1746,0,1794,0,1,1795,T
1-PB2,1747,0,1795,0,0,1795,T
1-PB2,1748,0,1811,0,0,1811,T
1-PB2,1749,1818,0,1,1,1820,A
1-PB2,1750,0,0,1817,0,1817,G
1-PB2,1751,0,1797,0,1,1798,T
1-PB2,1752,0,2,0,1826,1828,C
1-PB2,1753,2,0,0,1832,1834,C
1-PB2,1754,1,0,0,1824,1825,C
1-PB2,1755,3,0,0,1818,1821,C
1-PB2,1756,1829,0,0,0,1829,A
1-PB2,1757,1826,0,2,1,1829,A
1-PB2,1758,0,1,1859,0,1860,G
1-PB2,1759,0,1,1840,0,1841,G
1-PB2,1760,0,2,0,1832,1834,C
1-PB2,1761,1,0,0,1833,1834,C
1-PB2,1762,1836,0,1,1,1838,A
1-PB2,1763,0,1861,0,0,1861,T
1-PB2,1764,1,1858,0,0,1859,T
1-PB2,1765,1867,0,3,1,1871,A
1-PB2,1766,0,1,1859,0,1860,G
1-PB2,1767,1816,0,0,0,1816,A
1-PB2,1768,1869,1,0,1,1871,A
1-PB2,1769,0,0,1897,0,1897,G
1-PB2,1770,0,0,0,1903,1903,C
1-PB2,1771,2,0,0,1914,1916,C
1-PB2,1772,1894,0,0,0,1894,A
1-PB2,1773,1915,0,1,0,1916,A
1-PB2,1774,0,1930,0,0,1930,T
1-PB2,1775,1936,1,0,0,1937,A
1-PB2,1776,0,0,0,1961,1961,C
1-PB2,1777,1824,0,1,0,1825,A
1-PB2,1778,0,0,1834,0,1834,G
1-PB2,1779,0,1787,0,4,1791,T
1-PB2,1780,0,3,1821,0,1824,G
1-PB2,1781,0,3,1820,0,1823,G
1-PB2,1782,1,0,1810,0,1811,G
1-PB2,1783,0,1781,0,1,1782,T
1-PB2,1784,0,1770,0,1,1771,T
1-PB2,1785,0,1795,0,0,1795,T
1-PB2,1786,0,0,1815,0,1815,G
1-PB2,1787,0,1819,0,1,1820,T
1-PB2,1788,6,0,0,1808,1814,C
1-PB2,1789,1807,0,0,0,1807,A
1-PB2,1790,0,0,1810,0,1810,G
1-PB2,1791,1794,0,1,1,1796,A
1-PB2,1792,1804,0,1,0,1805,A
1-PB2,1793,0,0,0,1803,1803,C
1-PB2,1794,0,1729,0,4,1733,T
1-PB2,1795,2,0,0,1777,1779,C
1-PB2,1796,0,1796,0,0,1796,T
1-PB2,1797,1797,0,0,1,1798,A
1-PB2,1798,0,1806,0,0,1806,T
1-PB2,1799,0,1791,0,2,1793,T
1-PB2,1800,0,0,0,1791,1791,C
1-PB2,1801,0,0,0,1783,1783,C
1-PB2,1802,1784,0,0,1,1785,A
1-PB2,1803,1786,0,2,0,1788,A
1-PB2,1804,3,0,0,1782,1785,C
1-PB2,1805,1785,0,0,0,1785,A
1-PB2,1806,1785,0,0,0,1785,A
1-PB2,1807,1770,0,0,1,1771,A
1-PB2,1808,0,1784,0,0,1784,T
1-PB2,1809,0,3,1775,0,1778,G
1-PB2,1810,1762,1,2,0,1765,A
1-PB2,1811,0,1,1773,0,1774,G
1-PB2,1812,1760,0,1,1,1762,A
1-PB2,1813,0,1,1772,0,1773,G
1-PB2,1814,1770,0,3,0,1773,A
1-PB2,1815,1,0,0,1755,1756,C
1-PB2,1816,0,0,1768,0,1768,G
1-PB2,1817,0,1767,0,0,1767,T
1-PB2,1818,1786,0,0,0,1786,A
1-PB2,1819,1,0,0,1792,1793,C
1-PB2,1820,0,1780,0,0,1780,T
1-PB2,1821,0,1786,0,1,1787,T
1-PB2,1822,1,3,1781,0,1785,G
1-PB2,1823,1,0,1788,0,1789,G
1-PB2,1824,0,3,1785,0,1788,G
1-PB2,1825,1754,2,1,0,1757,A
1-PB2,1826,0,0,0,1777,1777,C
1-PB2,1827,1789,1,0,1,1791,A
1-PB2,1828,0,1793,0,1,1794,T
1-PB2,1829,0,1802,0,0,1802,T
1-PB2,1830,0,1805,0,1,1806,T
1-PB2,1831,1,4,1799,0,1804,G
1-PB2,1832,1798,0,2,0,1800,A
1-PB2,1833,1,2,0,1794,1797,C
1-PB2,1834,1777,0,2,0,1779,A
1-PB2,1835,0,0,0,1798,1798,C
1-PB2,1836,1,0,0,1758,1759,C
1-PB2,1837,1757,2,1,0,1760,A
1-PB2,1838,1,1,0,1765,1767,C
1-PB2,1839,1,0,0,1764,1765,C
1-PB2,1840,4,0,0,1777,1781,C
1-PB2,1841,1768,1,1,0,1770,A
1-PB2,1842,1,2,1794,0,1797,G
1-PB2,1843,1795,0,1,0,1796,A
1-PB2,1844,0,1857,0,0,1857,T
1-PB2,1845,1846,0,0,0,1846,A
1-PB2,1846,1831,0,0,0,1831,A
1-PB2,1847,0,1818,0,0,1818,T
1-PB2,1848,1815,1,0,0,1816,A
1-PB2,1849,1809,0,0,0,1809,A
1-PB2,1850,1792,0,1,0,1793,A
1-PB2,1851,0,1,1800,0,1801,G
1-PB2,1852,1,0,0,1796,1797,C
1-PB2,1853,0,1733,0,0,1733,T
1-PB2,1854,0,1727,0,0,1727,T
1-PB2,1855,0,1,0,1735,1736,C
1-PB2,1856,0,1714,0,3,1717,T
1-PB2,1857,1,0,0,1759,1760,C
1-PB2,1858,1,0,0,1744,1745,C
1-PB2,1859,0,0,0,1753,1753,C
1-PB2,1860,0,1,0,1724,1725,C
1-PB2,1861,0,1776,0,3,1779,T
1-PB2,1862,0,1783,0,2,1785,T
1-PB2,1863,0,1787,0,0,1787,T
1-PB2,1864,0,0,1790,0,1790,G
1-PB2,1865,0,4,0,1792,1796,C
1-PB2,1866,1765,0,0,0,1765,A
1-PB2,1867,0,0,1768,0,1768,G
1-PB2,1868,0,0,0,1761,1761,C
1-PB2,1869,0,1755,0,1,1756,T
1-PB2,1870,0,0,1762,0,1762,G
1-PB2,1871,1,1,0,1746,1748,C
1-PB2,1872,0,1731,0,2,1733,T
1-PB2,1873,1,0,0,1761,1762,C
1-PB2,1874,2,0,0,1774,1776,C
1-PB2,1875,1768,0,2,0,1770,A
1-PB2,1876,0,0,0,1788,1788,C
1-PB2,1877,1,0,0,1785,1786,C
1-PB2,1878,1775,0,1,0,1776,A
1-PB2,1879,1786,0,0,0,1786,A
1-PB2,1880,1766,1,2,0,1769,A
1-PB2,1881,0,0,1782,0,1782,G
1-PB2,1882,1,0,0,1774,1775,C
1-PB2,1883,1746,0,0,0,1746,A
1-PB2,1884,1747,0,1,0,1748,A
1-PB2,1885,1738,0,2,0,1740,A
1-PB2,1886,0,0,1754,0,1754,G
1-PB2,1887,1,1,0,1755,1757,C
1-PB2,1888,1743,0,0,0,1743,A
1-PB2,1889,2,1,1747,0,1750,G
1-PB2,1890,1742,0,1,0,1743,A
1-PB2,1891,1759,0,0,0,1759,A
1-PB2,1892,0,1756,0,2,1758,T
1-PB2,1893,0,0,1758,0,1758,G
1-PB2,1894,0,0,0,1763,1763,C
1-PB2,1895,1743,0,0,0,1743,A
1-PB2,1896,1,0,1761,0,1762,G
1-PB2,1897,1,1759,0,1,1761,T
1-PB2,1898,0,1819,0,0,1819,T
1-PB2,1899,3,1,0,1824,1828,C
1-PB2,1900,0,1801,0,2,1803,T
1-PB2,1901,2,0,0,1823,1825,C
1-PB2,1902,0,1823,0,4,1827,T
1-PB2,1903,0,1826,0,1,1827,T
1-PB2,1904,0,0,0,1827,1827,C
1-PB2,1905,1816,0,0,1,1817,A
1-PB2,1906,0,0,0,1817,1817,C
1-PB2,1907,1,1743,0,1,1745,T
1-PB2,1908,0,6,1774,0,1780,G
1-PB2,1909,1744,0,0,0,1744,A
1-PB2,1910,0,2,0,1782,1784,C
1-PB2,1911,0,1772,1,0,1773,T
1-PB2,1912,1,2,1785,0,1788,G
1-PB2,1913,0,1771,0,2,1773,T
1-PB2,1914,0,4,1793,0,1797,G
1-PB2,1915,1795,0,1,0,1796,A
1-PB2,1916,1829,0,1,0,1830,A
1-PB2,1917,0,1807,0,1,1808,T
1-PB2,1918,1,0,1808,0,1809,G
1-PB2,1919,0,1744,0,1,1745,T
1-PB2,1920,1730,0,0,0,1730,A
1-PB2,1921,1728,0,0,0,1728,A
1-PB2,1922,0,3,1739,0,1742,G
1-PB2,1923,0,3,1735,0,1738,G
1-PB2,1924,0,1,1743,0,1744,G
1-PB2,1925,1,3,1731,0,1735,G
1-PB2,1926,1723,0,3,0,1726,A
1-PB2,1927,1,1717,0,0,1718,T
1-PB2,1928,4,1,0,1728,1733,C
1-PB2,1929,1724,0,1,0,1725,A
1-PB2,1930,2,2,1748,0,1752,G
1-PB2,1931,0,1,1745,0,1746,G
1-PB2,1932,0,1,1746,0,1747,G
1-PB2,1933,1739,0,0,0,1739,A
1-PB2,1934,0,1693,0,1,1694,T
1-PB2,1935,1,1,1700,0,1702,G
1-PB2,1936,1699,0,0,0,1699,A
1-PB2,1937,0,2,1750,0,1752,G
1-PB2,1938,1750,0,1,0,1751,A
1-PB2,1939,1712,0,0,0,1712,A
1-PB2,1940,0,1746,0,0,1746,T
1-PB2,1941,1731,1,0,2,1734,A
1-PB2,1942,0,1,0,1757,1758,C
1-PB2,1943,0,1755,0,0,1755,T
1-PB2,1944,0,1757,0,0,1757,T
1-PB2,1945,0,0,1757,0,1757,G
1-PB2,1946,0,1720,0,1,1721,T
1-PB2,1947,1725,0,1,0,1726,A
1-PB2,1948,1715,1,0,1,1717,A
1-PB2,1949,0,2,1682,0,1684,G
1-PB2,1950,0,2,1690,0,1692,G
1-PB2,1951,0,3,1659,1,1663,G
1-PB2,1952,1,0,1669,0,1670,G
1-PB2,1953,1,0,0,1695,1696,C
1-PB2,1954,1694,0,0,0,1694,A
1-PB2,1955,1722,0,0,1,1723,A
1-PB2,1956,0,1731,0,0,1731,T
1-PB2,1957,0,1728,0,2,1730,T
1-PB2,1958,1,1,0,1764,1766,C
1-PB2,1959,0,1747,0,3,1750,T
1-PB2,1960,2,0,0,1766,1768,C
1-PB2,1961,2,0,0,1769,1771,C
1-PB2,1962,1,1768,0,0,1769,T
1-PB2,1963,1,1,1809,0,1811,G
1-PB2,1964,0,1764,0,2,1766,T
1-PB2,1965,1789,0,0,0,1789,A
1-PB2,1966,0,1784,0,1,1785,T
1-PB2,1967,0,1770,0,0,1770,T
1-PB2,1968,1,0,0,1780,1781,C
1-PB2,1969,1770,0,0,0,1770,A
1-PB2,1970,1799,0,1,0,1800,A
1-PB2,1971,0,2,0,1799,1801,C
1-PB2,1972,0,1759,0,3,1762,T
1-PB2,1973,1757,0,0,0,1757,A
1-PB2,1974,0,0,0,1828,1828,C
1-PB2,1975,1818,0,0,0,1818,A
1-PB2,1976,1804,0,3,0,1807,A
1-PB2,1977,0,0,0,1817,1817,C
1-PB2,1978,1794,0,0,0,1794,A
1-PB2,1979,1773,0,0,0,1773,A
1-PB2,1980,0,1,1778,0,1779,G
1-PB2,1981,1766,0,2,0,1768,A
1-PB2,1982,1,0,0,1785,1786,C
1-PB2,1983,2,1,0,1735,1738,C
1-PB2,1984,1744,0,1,0,1745,A
1-PB2,1985,1,2,0,1786,1789,C
1-PB2,1986,0,1803,0,0,1803,T
1-PB2,1987,1798,0,0,0,1798,A
1-PB2,1988,1796,0,0,0,1796,A
1-PB2,1989,1795,0,1,0,1796,A
1-PB2,1990,1795,0,0,0,1795,A
1-PB2,1991,0,0,1821,0,1821,G
1-PB2,1992,1797,0,2,0,1799,A
1-PB2,1993,0,0,0,1805,1805,C
1-PB2,1994,0,1771,1,1,1773,T
1-PB2,1995,1776,0,2,0,1778,A
1-PB2,1996,1772,0,0,0,1772,A
1-PB2,1997,0,0,0,1775,1775,C
1-PB2,1998,1769,0,1,0,1770,A
1-PB2,1999,1764,0,0,0,1764,A
1-PB2,2000,0,1742,0,1,1743,T
1-PB2,2001,0,1724,0,0,1724,T
1-PB2,2002,1,0,0,1748,1749,C
1-PB2,2003,0,1738,1,0,1739,T
1-PB2,2004,2,1,0,1750,1753,C
1-PB2,2005,1,1,1751,0,1753,G
1-PB2,2006,0,1,1756,0,1757,G
1-PB2,2007,1754,0,0,0,1754,A
1-PB2,2008,1755,0,0,0,1755,A
1-PB2,2009,1757,0,2,0,1759,A
1-PB2,2010,1744,0,4,0,1748,A
1-PB2,2011,0,1,1755,0,1756,G
1-PB2,2012,1749,0,0,0,1749,A
1-PB2,2013,0,1748,0,0,1748,T
1-PB2,2014,0,0,1755,0,1755,G
1-PB2,2015,0,0,0,1735,1735,C
1-PB2,2016,2,1,0,1746,1749,C
1-PB2,2017,0,2,1751,0,1753,G
1-PB2,2018,0,0,1738,0,1738,G
1-PB2,2019,0,1,1,1742,1744,C
1-PB2,2020,1737,1,0,0,1738,A
1-PB2,2021,0,0,0,1772,1772,C
1-PB2,2022,1,1762,0,2,1765,T
1-PB2,2023,0,1769,1,0,1770,T
1-PB2,2024,0,1773,1,0,1774,T
1-PB2,2025,1780,0,0,0,1780,A
1-PB2,2026,1773,0,0,0,1773,A
1-PB2,2027,0,1772,0,0,1772,T
1-PB2,2028,0,1778,0,0,1778,T
1-PB2,2029,0,0,1771,1,1772,G
1-PB2,2030,1735,0,0,0,1735,A
1-PB2,2031,1733,1,3,0,1737,A
1-PB2,2032,0,4,1728,0,1732,G
1-PB2,2033,1733,0,0,0,1733,A
1-PB2,2034,2,1,0,1738,1741,C
1-PB2,2035,5,0,0,1716,1721,C
1-PB2,2036,0,0,0,1730,1730,C
1-PB2,2037,1735,0,0,1,1736,A
1-PB2,2038,0,0,1771,0,1771,G
1-PB2,2039,1772,0,0,0,1772,A
1-PB2,2040,0,1768,0,0,1768,T
1-PB2,2041,0,1,1765,0,1766,G
1-PB2,2042,1729,1,0,0,1730,A
1-PB2,2043,1725,0,1,0,1726,A
1-PB2,2044,1732,0,1,0,1733,A
1-PB2,2045,0,0,1721,0,1721,G
1-PB2,2046,0,0,0,1714,1714,C
1-PB2,2047,1686,0,0,0,1686,A
1-PB2,2048,0,1,0,1711,1712,C
1-PB2,2049,1717,0,0,0,1717,A
1-PB2,2050,0,1668,1,0,1669,T
1-PB2,2051,0,0,0,1709,1709,C
1-PB2,2052,1,0,0,1718,1719,C
1-PB2,2053,0,2,1732,0,1734,G
1-PB2,2054,0,3,1737,0,1740,G
1-PB2,2055,1725,0,0,0,1725,A
1-PB2,2056,3,0,1735,0,1738,G
1-PB2,2057,0,1702,0,2,1704,T
1-PB2,2058,1,2,1711,0,1714,G
1-PB2,2059,1,0,1712,0,1713,G
1-PB2,2060,1706,0,2,0,1708,A
1-PB2,2061,0,1,1710,0,1711,G
1-PB2,2062,0,1679,1,1,1681,T
1-PB2,2063,1,0,0,1656,1657,C
1-PB2,2064,0,1647,1,2,1650,T
1-PB2,2065,0,0,1661,0,1661,G
1-PB2,2066,0,1,0,1651,1652,C
1-PB2,2067,2,0,0,1650,1652,C
1-PB2,2068,0,0,1671,0,1671,G
1-PB2,2069,0,1638,0,1,1639,T
1-PB2,2070,0,0,0,1666,1666,C
1-PB2,2071,0,1659,0,4,1663,T
1-PB2,2072,0,1671,0,1,1672,T
1-PB2,2073,0,2,1670,0,1672,G
1-PB2,2074,1650,0,1,0,1651,A
1-PB2,2075,0,1,1655,0,1656,G
1-PB2,2076,1653,0,0,0,1653,A
1-PB2,2077,1,3,1609,0,1613,G
1-PB2,2078,1,0,1616,0,1617,G
1-PB2,2079,1,0,1594,0,1595,G
1-PB2,2080,0,1583,0,3,1586,T
1-PB2,2081,0,1592,0,2,1594,T
1-PB2,2082,0,1596,0,1,1597,T
1-PB2,2083,3,0,0,1598,1601,C
1-PB2,2084,0,1599,0,1,1600,T
1-PB2,2085,5,0,0,1629,1634,C
1-PB2,2086,1622,0,1,0,1623,A
1-PB2,2087,0,1609,0,1,1610,T
1-PB2,2088,0,1597,0,0,1597,T
1-PB2,2089,1597,0,0,0,1597,A
1-PB2,2090,1,1599,0,0,1600,T
1-PB2,2091,1578,1,1,0,1580,A
1-PB2,2092,0,1,1585,0,1586,G
1-PB2,2093,1,0,1583,0,1584,G
1-PB2,2094,1,1499,0,0,1500,T
1-PB2,2095,1493,0,0,0,1493,A
1-PB2,2096,1485,0,0,0,1485,A
1-PB2,2097,0,1,1498,0,1499,G
1-PB2,2098,0,0,1497,0,1497,G
1-PB2,2099,1492,0,0,0,1492,A
1-PB2,2100,1474,0,1,1,1476,A
1-PB2,2101,0,5,1469,0,1474,G
1-PB2,2102,1445,0,4,0,1449,A
1-PB2,2103,0,0,0,1448,1448,C
1-PB2,2104,1439,1,1,0,1441,A
1-PB2,2105,1,0,1447,0,1448,G
1-PB2,2106,1431,1,1,0,1433,A
1-PB2,2107,1416,0,1,0,1417,A
1-PB2,2108,0,1,1410,0,1411,G
1-PB2,2109,0,0,1378,0,1378,G
1-PB2,2110,0,1413,0,0,1413,T
1-PB2,2111,1418,0,0,0,1418,A
1-PB2,2112,0,1,0,1418,1419,C
1-PB2,2113,0,1,1415,0,1416,G
1-PB2,2114,0,2,1438,0,1440,G
1-PB2,2115,1423,0,1,0,1424,A
1-PB2,2116,1,0,0,1413,1414,C
1-PB2,2117,1,1,1,1404,1407,C
1-PB2,2118,1359,2,3,0,1364,A
1-PB2,2119,0,0,1406,0,1406,G
1-PB2,2120,0,1,0,1406,1407,C
1-PB2,2121,1406,0,1,0,1407,A
1-PB2,2122,0,1403,0,0,1403,T
1-PB2,2123,0,1320,0,0,1320,T
1-PB2,2124,1320,0,1,0,1321,A
1-PB2,2125,1318,0,0,0,1318,A
1-PB2,2126,1,0,1321,0,1322,G
1-PB2,2127,0,0,0,1313,1313,C
1-PB2,2128,1213,0,0,0,1213,A
1-PB2,2129,0,1236,0,1,1237,T
1-PB2,2130,0,0,0,1241,1241,C
1-PB2,2131,1234,0,0,0,1234,A
1-PB2,2132,1242,0,0,0,1242,A
1-PB2,2133,0,1233,0,0,1233,T
1-PB2,2134,1,1,1244,0,1246,G
1-PB2,2135,1233,0,0,0,1233,A
1-PB2,2136,1220,0,0,0,1220,A
1-PB2,2137,0,0,0,1235,1235,C
1-PB2,2138,0,1173,0,0,1173,T
1-PB2,2139,0,1,1203,0,1204,G
1-PB2,2140,1194,0,1,0,1195,A
1-PB2,2141,0,0,1198,0,1198,G
1-PB2,2142,1,1186,0,1,1188,T
1-PB2,2143,1172,0,1,0,1173,A
1-PB2,2144,1164,0,0,0,1164,A
1-PB2,2145,0,1,0,1171,1172,C
1-PB2,2146,1,0,0,1149,1150,C
1-PB2,2147,0,1131,0,1,1132,T
1-PB2,2148,0,1093,0,1,1094,T
1-PB2,2149,0,0,1095,0,1095,G
1-PB2,2150,0,1,0,1089,1090,C
1-PB2,2151,1096,0,0,0,1096,A
1-PB2,2152,1093,0,1,0,1094,A
1-PB2,2153,1064,0,0,0,1064,A
1-PB2,2154,1053,0,1,0,1054,A
1-PB2,2155,0,2,1055,0,1057,G
1-PB2,2156,0,0,1057,0,1057,G
1-PB2,2157,0,1,1058,0,1059,G
1-PB2,2158,0,2,1060,0,1062,G
1-PB2,2159,1056,0,1,0,1057,A
1-PB2,2160,1061,0,0,0,1061,A
1-PB2,2161,1055,0,0,0,1055,A
1-PB2,2162,1063,1,1,0,1065,A
1-PB2,2163,0,1,1065,0,1066,G
1-PB2,2164,0,0,1058,0,1058,G
1-PB2,2165,1,0,0,1057,1058,C
1-PB2,2166,0,1056,0,0,1056,T
1-PB2,2167,1057,0,0,0,1057,A
1-PB2,2168,1057,0,0,0,1057,A
1-PB2,2169,0,1053,0,0,1053,T
1-PB2,2170,0,0,1074,0,1074,G
1-PB2,2171,0,1037,0,2,1039,T
1-PB2,2172,1,0,1023,0,1024,G
1-PB2,2173,0,0,0,1018,1018,C
1-PB2,2174,1,1016,1,0,1018,T
1-PB2,2175,1022,0,0,0,1022,A
1-PB2,2176,1015,0,0,0,1015,A
1-PB2,2177,0,1001,0,1,1002,T
1-PB2,2178,1,0,0,1001,1002,C
1-PB2,2179,0,3,971,0,974,G
1-PB2,2180,0,0,977,0,977,G
1-PB2,2181,0,0,977,0,977,G
1-PB2,2182,0,0,0,977,977,C
1-PB2,2183,980,1,0,0,981,A
1-PB2,2184,975,0,1,1,977,A
1-PB2,2185,0,1,980,0,981,G
1-PB2,2186,0,0,982,0,982,G
1-PB2,2187,977,0,0,0,977,A
1-PB2,2188,0,1,978,0,979,G
1-PB2,2189,933,0,2,0,935,A
1-PB2,2190,1,0,0,942,943,C
1-PB2,2191,1,0,945,0,946,G
1-PB2,2192,0,941,0,1,942,T
1-PB2,2193,1,1,932,0,934,G
1-PB2,2194,0,0,943,0,943,G
1-PB2,2195,0,922,0,1,923,T
1-PB2,2196,0,0,929,0,929,G
1-PB2,2197,0,897,0,0,897,T
1-PB2,2198,0,901,0,0,901,T
1-PB2,2199,0,0,894,0,894,G
1-PB2,2200,0,1,891,0,892,G
1-PB2,2201,0,889,0,0,889,T
1-PB2,2202,886,0,0,0,886,A
1-PB2,2203,854,0,0,0,854,A
1-PB2,2204,0,836,0,0,836,T
1-PB2,2205,0,0,833,0,833,G
1-PB2,2206,827,0,1,0,828,A
1-PB2,2207,820,0,0,0,820,A
1-PB2,2208,821,0,1,0,822,A
1-PB2,2209,0,0,0,809,809,C
1-PB2,2210,0,2,812,0,814,G
1-PB2,2211,809,0,0,0,809,A
1-PB2,2212,814,0,0,0,814,A
1-PB2,2213,812,0,1,0,813,A
1-PB2,2214,810,0,0,0,810,A
1-PB2,2215,1,1,0,811,813,C
1-PB2,2216,0,1,812,0,813,G
1-PB2,2217,0,0,805,0,805,G
1-PB2,2218,1,3,799,0,803,G
1-PB2,2219,799,0,2,0,801,A
1-PB2,2220,0,0,0,813,813,C
1-PB2,2221,0,799,0,1,800,T
1-PB2,2222,1,0,0,829,830,C
1-PB2,2223,0,829,0,0,829,T
1-PB2,2224,834,0,0,0,834,A
1-PB2,2225,1,0,835,0,836,G
1-PB2,2226,1,0,0,821,822,C
1-PB2,2227,815,0,0,0,815,A
1-PB2,2228,0,814,0,0,814,T
1-PB2,2229,779,0,0,0,779,A
1-PB2,2230,0,0,0,788,788,C
1-PB2,2231,0,692,0,1,693,T
1-PB2,2232,0,689,0,0,689,T
1-PB2,2233,673,0,0,0,673,A
1-PB2,2234,0,2,0,672,674,C
1-PB2,2235,0,664,0,2,666,T
1-PB2,2236,0,0,660,0,660,G
1-PB2,2237,637,0,1,0,638,A
1-PB2,2238,0,0,0,638,638,C
1-PB2,2239,579,0,1,0,580,A
1-PB2,2240,0,0,587,0,587,G
1-PB2,2241,0,0,0,580,580,C
1-PB2,2242,0,0,0,584,584,C
1-PB2,2243,584,0,0,0,584,A
1-PB2,2244,0,0,584,0,584,G
1-PB2,2245,574,0,0,0,574,A
1-PB2,2246,0,0,1,582,583,C
1-PB2,2247,543,0,2,0,545,A
1-PB2,2248,0,0,544,0,544,G
1-PB2,2249,0,0,0,502,502,C
1-PB2,2250,1,0,508,0,509,G
1-PB2,2251,503,0,1,0,504,A
1-PB2,2252,0,0,0,494,494,C
1-PB2,2253,1,0,0,497,498,C
1-PB2,2254,501,0,0,0,501,A
1-PB2,2255,500,0,0,0,500,A
1-PB2,2256,500,0,0,0,500,A
1-PB2,2257,501,0,0,0,501,A
1-PB2,2258,0,1,499,0,500,G
1-PB2,2259,475,0,0,0,475,A
1-PB2,2260,476,0,1,0,477,A
1-PB2,2261,0,471,0,0,471,T
1-PB2,2262,0,468,0,0,468,T
1-PB2,2263,0,0,0,474,474,C
1-PB2,2264,0,0,465,0,465,G
1-PB2,2265,0,1,466,0,467,G
1-PB2,2266,464,0,0,0,464,A
1-PB2,2267,0,450,0,0,450,T
1-PB2,2268,0,1,448,0,449,G
1-PB2,2269,1,0,441,0,442,G
1-PB2,2270,0,0,0,441,441,C
1-PB2,2271,1,0,0,442,443,C
1-PB2,2272,446,0,0,0,446,A
1-PB2,2273,0,446,0,0,446,T
1-PB2,2274,0,0,0,446,446,C
1-PB2,2275,445,0,0,0,445,A
1-PB2,2276,446,0,0,0,446,A
1-PB2,2277,0,442,0,0,442,T
1-PB2,2278,0,397,0,0,397,T
1-PB2,2279,381,0,0,0,381,A
1-PB2,2280,376,0,0,0,376,A
2-PB1,1,168,0,0,0,168,A
2-PB1,2,0,170,0,0,170,T
2-PB1,3,0,0,174,0,174,G
2-PB1,4,0,1,199,0,200,G
2-PB1,5,225,0,0,0,225,A
2-PB1,6,0,248,0,0,248,T
2-PB1,7,0,0,248,0,248,G
2-PB1,8,0,246,0,1,247,T
2-PB1,9,0,0,0,269,269,C
2-PB1,10,272,0,0,0,272,A
2-PB1,11,282,0,0,0,282,A
2-PB1,12,0,283,0,0,283,T
2-PB1,13,0,0,0,288,288,C
2-PB1,14,1,0,0,309,310,C
2-PB1,15,0,0,311,0,311,G
2-PB1,16,351,0,0,0,351,A
2-PB1,17,0,0,0,362,362,C
2-PB1,18,0,359,0,0,359,T
2-PB1,19,0,0,0,401,401,C
2-PB1,20,0,399,0,0,399,T
2-PB1,21,405,0,0,0,405,A
2-PB1,22,0,0,0,407,407,C
2-PB1,23,0,403,0,0,403,T
2-PB1,24,0,0,450,0,450,G
2-PB1,25,0,457,0,2,459,T
2-PB1,26,0,460,0,1,461,T
2-PB1,27,1,0,0,455,456,C
2-PB1,28,0,0,0,459,459,C
2-PB1,29,0,535,0,0,535,T
2-PB1,30,544,0,0,1,545,A
2-PB1,31,540,0,0,0,540,A
2-PB1,32,539,0,0,0,539,A
2-PB1,33,0,0,543,0,543,G
2-PB1,34,1,0,541,0,542,G
2-PB1,35,0,550,0,1,551,T
2-PB1,36,0,550,0,1,551,T
2-PB1,37,0,0,0,552,552,C
2-PB1,38,0,0,0,554,554,C
2-PB1,39,557,0,1,0,558,A
2-PB1,40,0,0,564,0,564,G
2-PB1,41,0,0,0,564,564,C
2-PB1,42,0,0,561,0,561,G
2-PB1,43,0,0,0,566,566,C
2-PB1,44,567,0,0,0,567,A
2-PB1,45,568,0,0,0,568,A
2-PB1,46,566,0,0,0,566,A
2-PB1,47,576,0,0,0,576,A
2-PB1,48,0,574,0,0,574,T
2-PB1,49,0,0,588,0,588,G
2-PB1,50,0,0,0,592,592,C
2-PB1,51,0,1,0,594,595,C
2-PB1,52,597,0,1,0,598,A
2-PB1,53,0,603,0,0,603,T
2-PB1,54,651,0,0,0,651,A
2-PB1,55,651,0,0,0,651,A
2-PB1,56,0,0,675,0,675,G
2-PB1,57,0,0,0,677,677,C
2-PB1,58,674,0,0,0,674,A
2-PB1,59,0,0,0,694,694,C
2-PB1,60,694,0,0,0,694,A
2-PB1,61,741,0,0,0,741,A
2-PB1,62,0,0,0,741,741,C
2-PB1,63,734,0,0,1,735,A
2-PB1,64,0,745,0,0,745,T
2-PB1,65,0,740,0,1,741,T
2-PB1,66,0,0,0,920,920,C
2-PB1,67,0,0,0,918,918,C
2-PB1,68,1,0,0,925,926,C
2-PB1,69,0,930,0,4,934,T
2-PB1,70,0,930,0,0,930,T
2-PB1,71,1011,0,0,0,1011,A
2-PB1,72,0,1019,0,0,1019,T
2-PB1,73,1028,0,0,0,1028,A
2-PB1,74,1,0,0,1035,1036,C
2-PB1,75,0,999,0,1,1000,T
2-PB1,76,1,0,1017,0,1018,G
2-PB1,77,0,1,1011,0,1012,G
2-PB1,78,1015,0,1,0,1016,A
2-PB1,79,0,0,1016,0,1016,G
2-PB1,80,1008,0,0,0,1008,A
2-PB1,81,0,1015,0,0,1015,T
2-PB1,82,0,0,0,1078,1078,C
2-PB1,83,4,0,0,1078,1082,C
2-PB1,84,0,1087,0,1,1088,T
2-PB1,85,1,1,0,1149,1151,C
2-PB1,86,0,0,0,1151,1151,C
2-PB1,87,1159,0,0,0,1159,A
2-PB1,88,0,1160,0,0,1160,T
2-PB1,89,1160,0,2,0,1162,A
2-PB1,90,0,0,0,1169,1169,C
2-PB1,91,1143,0,2,0,1145,A
2-PB1,92,0,0,1220,0,1220,G
2-PB1,93,0,0,0,1232,1232,C
2-PB1,94,0,0,0,1215,1215,C
2-PB1,95,1212,0,3,0,1215,A
2-PB1,96,0,1222,0,1,1223,T
2-PB1,97,0,1,1217,0,1218,G
2-PB1,98,0,5,1282,0,1287,G
2-PB1,99,1298,0,2,0,1300,A
2-PB1,100,1303,0,0,0,1303,A
2-PB1,101,0,0,0,1308,1308,C
2-PB1,102,1299,0,1,0,1300,A
2-PB1,103,0,0,1331,0,1331,G
2-PB1,104,0,2,1332,0,1334,G
2-PB1,105,1338,0,0,0,1338,A
2-PB1,106,1355,0,2,0,1357,A
2-PB1,107,0,0,0,1368,1368,C
2-PB1,108,1366,0,1,0,1367,A
2-PB1,109,0,2,1531,0,1533,G
2-PB1,110,0,0,1528,0,1528,G
2-PB1,111,1,0,1556,0,1557,G
2-PB1,112,0,1550,0,1,1551,T
2-PB1,113,1560,0,1,0,1561,A
2-PB1,114,2,0,0,1573,1575,C
2-PB1,115,1640,0,0,0,1640,A
2-PB1,116,0,0,0,1727,1727,C
2-PB1,117,1,0,0,1710,1711,C
2-PB1,118,1668,0,1,0,1669,A
2-PB1,119,0,1663,0,0,1663,T
2-PB1,120,0,2,1670,0,1672,G
2-PB1,121,0,2,1670,0,1672,G
2-PB1,122,1673,0,1,0,1674,A
2-PB1,123,0,1,0,1683,1684,C
2-PB1,124,1663,0,0,0,1663,A
2-PB1,125,0,0,0,1708,1708,C
2-PB1,126,1701,0,0,0,1701,A
2-PB1,127,0,0,1740,0,1740,G
2-PB1,128,0,1743,0,2,1745,T
2-PB1,129,2,0,0,1798,1800,C
2-PB1,130,1799,0,0,0,1799,A
2-PB1,131,1809,1,1,0,1811,A
2-PB1,132,1,0,0,1815,1816,C
2-PB1,133,1809,0,0,0,1809,A
2-PB1,134,0,4,1830,0,1834,G
2-PB1,135,1812,1,1,0,1814,A
2-PB1,136,1806,0,2,0,1808,A
2-PB1,137,1,0,0,1809,1810,C
2-PB1,138,1784,1,0,0,1785,A
2-PB1,139,0,0,0,1789,1789,C
2-PB1,140,1776,0,0,0,1776,A
2-PB1,141,0,1776,0,0,1776,T
2-PB1,142,1,0,0,1890,1891,C
2-PB1,143,1889,0,1,0,1890,A
2-PB1,144,1903,0,0,0,1903,A
2-PB1,145,0,1939,0,1,1940,T
2-PB1,146,1992,0,1,0,1993,A
2-PB1,147,0,1996,0,1,1997,T
2-PB1,148,0,1979,0,2,1981,T
2-PB1,149,2,0,0,1978,1980,C
2-PB1,150,1958,0,1,0,1959,A
2-PB1,151,0,3,1955,0,1958,G
2-PB1,152,1949,0,1,0,1950,A
2-PB1,153,0,2,1947,0,1949,G
2-PB1,154,1903,0,0,0,1903,A
2-PB1,155,1,1,1883,0,1885,G
2-PB1,156,0,2,1880,0,1882,G
2-PB1,157,0,1,1940,0,1941,G
2-PB1,158,1,0,1953,0,1954,G
2-PB1,159,0,1,1951,0,1952,G
2-PB1,160,1946,0,0,0,1946,A
2-PB1,161,1956,0,1,0,1957,A
2-PB1,162,0,0,1971,0,1971,G
2-PB1,163,0,1932,0,2,1934,T
2-PB1,164,0,2,1949,0,1951,G
2-PB1,165,0,1,1942,0,1943,G
2-PB1,166,1935,0,1,0,1936,A
2-PB1,167,0,0,0,1959,1959,C
2-PB1,168,0,6,1952,0,1958,G
2-PB1,169,1964,0,3,0,1967,A
2-PB1,170,0,0,0,1982,1982,C
2-PB1,171,1981,0,0,0,1981,A
2-PB1,172,1974,1,1,0,1976,A
2-PB1,173,1981,0,0,1,1982,A
2-PB1,174,0,2007,0,0,2007,T
2-PB1,175,2011,0,0,0,2011,A
2-PB1,176,0,0,0,2015,2015,C
2-PB1,177,1998,0,1,0,1999,A
2-PB1,178,0,0,1999,0,1999,G
2-PB1,179,1988,0,0,0,1988,A
2-PB1,180,2014,0,3,0,2017,A
2-PB1,181,2018,0,1,0,2019,A
2-PB1,182,0,0,0,2020,2020,C
2-PB1,183,0,1992,0,0,1992,T
2-PB1,184,0,3,1977,0,1980,G
2-PB1,185,0,1,1970,0,1971,G
2-PB1,186,0,2,1940,0,1942,G
2-PB1,187,0,1,1965,0,1966,G
2-PB1,188,1,0,0,1970,1971,C
2-PB1,189,1979,0,2,0,1981,A
2-PB1,190,0,0,0,2058,2058,C
2-PB1,191,1,0,0,2043,2044,C
2-PB1,192,0,0,0,2049,2049,C
2-PB1,193,2,0,0,2051,2053,C
2-PB1,194,2069,0,0,0,2069,A
2-PB1,195,2087,0,0,0,2087,A
2-PB1,196,0,0,0,2081,2081,C
2-PB1,197,0,2070,0,0,2070,T
2-PB1,198,2,0,0,2078,2080,C
2-PB1,199,2023,0,2,0,2025,A
2-PB1,200,2051,0,3,0,2054,A
2-PB1,201,1,0,0,2050,2051,C
2-PB1,202,1,0,0,2042,2043,C
2-PB1,203,2,0,0,2065,2067,C
2-PB1,204,2041,0,0,5,2046,A
2-PB1,205,2056,0,0,0,2056,A
2-PB1,206,0,2070,0,0,2070,T
2-PB1,207,0,2068,0,0,2068,T
2-PB1,208,0,2,2068,0,2070,G
2-PB1,209,2044,0,1,0,2045,A
2-PB1,210,0,2037,0,2,2039,T
2-PB1,211,0,0,2042,0,2042,G
2-PB1,212,0,2,2076,0,2078,G
2-PB1,213,2102,0,0,0,2102,A
2-PB1,214,0,0,0,2111,2111,C
2-PB1,215,4,0,0,2100,2104,C
2-PB1,216,2101,0,1,0,2102,A
2-PB1,217,0,0,0,2151,2151,C
2-PB1,218,0,2152,0,0,2152,T
2-PB1,219,2187,2,2,0,2191,A
2-PB1,220,0,0,0,2216,2216,C
2-PB1,221,3,0,0,2200,2203,C
2-PB1,222,0,2168,0,1,2169,T
2-PB1,223,0,1,2179,0,2180,G
2-PB1,224,2167,0,0,0,2167,A
2-PB1,225,0,0,2184,0,2184,G
2-PB1,226,0,1,2167,0,2168,G
2-PB1,227,2157,0,0,0,2157,A
2-PB1,228,0,2138,0,0,2138,T
2-PB1,229,2113,0,0,0,2113,A
2-PB1,230,2104,1,1,0,2106,A
2-PB1,231,0,2106,1,1,2108,T
2-PB1,232,0,4,2102,0,2106,G
2-PB1,233,2093,0,1,0,2094,A
2-PB1,234,2089,0,3,0,2092,A
2-PB1,235,0,1,0,2093,2094,C
2-PB1,236,1,0,0,2063,2064,C
2-PB1,237,2071,0,1,0,2072,A
2-PB1,238,2061,0,2,0,2063,A
2-PB1,239,0,1,2079,0,2080,G
2-PB1,240,0,2053,1,0,2054,T
2-PB1,241,0,1,2075,0,2076,G
2-PB1,242,0,1,2104,0,2105,G
2-PB1,243,2106,0,0,0,2106,A
2-PB1,244,0,2101,0,0,2101,T
2-PB1,245,2109,0,2,0,2111,A
2-PB1,246,0,2129,0,1,2130,T
2-PB1,247,1,1,2146,0,2148,G
2-PB1,248,0,1,1,2144,2146,C
2-PB1,249,2137,0,2,0,2139,A
2-PB1,250,0,0,0,2178,2178,C
2-PB1,251,2150,0,1,0,2151,A
2-PB1,252,2177,0,0,0,2177,A
2-PB1,253,2162,0,0,4,2166,A
2-PB1,254,0,1,0,2179,2180,C
2-PB1,255,2131,0,0,0,2131,A
2-PB1,256,0,1,2159,1,2161,G
2-PB1,257,2138,0,1,0,2139,A
2-PB1,258,0,0,0,2150,2150,C
2-PB1,259,0,2092,0,0,2092,T
2-PB1,260,0,0,2130,0,2130,G
2-PB1,261,0,2083,0,0,2083,T
2-PB1,262,0,0,2175,0,2175,G
2-PB1,263,0,2168,0,2,2170,T
2-PB1,264,5,0,0,2175,2180,C
2-PB1,265,0,0,0,2184,2184,C
2-PB1,266,0,2166,0,3,2169,T
2-PB1,267,0,0,2173,0,2173,G
2-PB1,268,0,0,2177,0,2177,G
2-PB1,269,2142,0,1,0,2143,A
2-PB1,270,0,1,2182,0,2183,G
2-PB1,271,2,0,2116,0,2118,G
2-PB1,272,1,0,0,2112,2113,C
2-PB1,273,0,2106,0,1,2107,T
2-PB1,274,2117,0,0,0,2117,A
2-PB1,275,0,2104,0,4,2108,T
2-PB1,276,0,0,2107,0,2107,G
2-PB1,277,1,0,2096,0,2097,G
2-PB1,278,2,3,0,2094,2099,C
2-PB1,279,0,0,0,2075,2075,C
2-PB1,280,0,2053,0,0,2053,T
2-PB1,281,0,2144,0,0,2144,T
2-PB1,282,0,0,0,2138,2138,C
2-PB1,283,0,0,0,2149,2149,C
2-PB1,284,0,2158,0,1,2159,T
2-PB1,285,0,2155,0,1,2156,T
2-PB1,286,0,1,2165,0,2166,G
2-PB1,287,2161,0,0,0,2161,A
2-PB1,288,2159,0,2,0,2161,A
2-PB1,289,0,2,2160,0,2162,G
2-PB1,290,2061,0,1,0,2062,A
2-PB1,291,2082,0,0,0,2082,A
2-PB1,292,1,2069,0,1,2071,T
2-PB1,293,0,2,0,2072,2074,C
2-PB1,294,4,1,0,2059,2064,C
2-PB1,295,7,2,0,2065,2074,C
2-PB1,296,2068,0,4,0,2072,A
2-PB1,297,0,0,0,2093,2093,C
2-PB1,298,0,0,0,2091,2091,C
2-PB1,299,1,0,0,2097,2098,C
2-PB1,300,2077,0,2,0,2079,A
2-PB1,301,1,0,2099,0,2100,G
2-PB1,302,0,0,2100,0,2100,G
2-PB1,303,0,2061,0,0,2061,T
2-PB1,304,2115,0,0,0,2115,A
2-PB1,305,0,2108,0,0,2108,T
2-PB1,306,1,1,0,2117,2119,C
2-PB1,307,0,2124,0,0,2124,T
2-PB1,308,0,2125,0,0,2125,T
2-PB1,309,0,2121,0,0,2121,T
2-PB1,310,0,0,2105,0,2105,G
2-PB1,311,2080,0,2,0,2082,A
2-PB1,312,0,3,2082,0,2085,G
2-PB1,313,2069,0,0,0,2069,A
2-PB1,314,2075,0,1,0,2076,A
2-PB1,315,0,0,0,2089,2089,C
2-PB1,316,0,2051,0,1,2052,T
2-PB1,317,2,0,0,2074,2076,C
2-PB1,318,2073,0,1,0,2074,A
2-PB1,319,0,2069,0,1,2070,T
2-PB1,320,1,1,2076,0,2078,G
2-PB1,321,0,0,1,2105,2106,C
2-PB1,322,3,0,0,2118,2121,C
2-PB1,323,0,2106,1,2,2109,T
2-PB1,324,0,2095,0,0,2095,T
2-PB1,325,0,2,2100,0,2102,G
2-PB1,326,2099,0,0,0,2099,A
2-PB1,327,2097,0,1,0,2098,A
2-PB1,328,2098,0,1,0,2099,A
2-PB1,329,0,1,0,2119,2120,C
2-PB1,330,2064,0,0,0,2064,A
2-PB1,331,2071,1,0,0,2072,A
2-PB1,332,1,2078,1,1,2081,T
2-PB1,333,0,0,2071,0,2071,G
2-PB1,334,1,2,2072,0,2075,G
2-PB1,335,2031,0,0,1,2032,A
2-PB1,336,2037,0,2,0,2039,A
2-PB1,337,0,0,2026,0,2026,G
2-PB1,338,0,0,0,2031,2031,C
2-PB1,339,0,1,0,2022,2023,C
2-PB1,340,0,0,2052,0,2052,G
2-PB1,341,0,2029,0,3,2032,T
2-PB1,342,0,2041,0,1,2042,T
2-PB1,343,5,0,0,2056,2061,C
2-PB1,344,2068,1,1,0,2070,A
2-PB1,345,2094,0,0,1,2095,A
2-PB1,346,0,1,0,2092,2093,C
2-PB1,347,2093,0,1,1,2095,A
2-PB1,348,0,2,2104,0,2106,G
2-PB1,349,2076,0,2,0,2078,A
2-PB1,350,2,0,0,2084,2086,C
2-PB1,351,2086,1,0,0,2087,A
2-PB1,352,2094,0,2,0,2096,A
2-PB1,353,0,1,2107,1,2109,G
2-PB1,354,0,3,2091,0,2094,G
2-PB1,355,0,0,2097,0,2097,G
2-PB1,356,0,2002,0,2,2004,T
2-PB1,357,0,0,2039,0,2039,G
2-PB1,358,0,1,2039,0,2040,G
2-PB1,359,2039,0,3,0,2042,A
2-PB1,360,0,0,0,2057,2057,C
2-PB1,361,2035,0,0,0,2035,A
2-PB1,362,2054,0,0,0,2054,A
2-PB1,363,2049,0,3,0,2052,A
2-PB1,364,0,0,0,2046,2046,C
2-PB1,365,0,2040,0,0,2040,T
2-PB1,366,2048,0,0,0,2048,A
2-PB1,367,2031,0,1,0,2032,A
2-PB1,368,1,0,0,2047,2048,C
2-PB1,369,2,0,0,2034,2036,C
2-PB1,370,1,0,1,2062,2064,C
2-PB1,371,1997,0,0,0,1997,A
2-PB1,372,1991,0,0,1,1992,A
2-PB1,373,0,3,1990,0,1993,G
2-PB1,374,0,2,1996,0,1998,G
2-PB1,375,1,1963,0,0,1964,T
2-PB1,376,0,0,0,2000,2000,C
2-PB1,377,1,1,1983,0,1985,G
2-PB1,378,0,0,0,1981,1981,C
2-PB1,379,2,2,0,1999,2003,C
2-PB1,380,2003,0,0,0,2003,A
2-PB1,381,1,1,2044,0,2046,G
2-PB1,382,2064,0,1,0,2065,A
2-PB1,383,0,0,0,2085,2085,C
2-PB1,384,0,2066,0,1,2067,T
2-PB1,385,0,2065,0,0,2065,T
2-PB1,386,2057,0,1,0,2058,A
2-PB1,387,0,2069,0,0,2069,T
2-PB1,388,0,0,2071,0,2071,G
2-PB1,389,2063,0,0,0,2063,A
2-PB1,390,0,2037,0,2,2039,T
2-PB1,391,0,1990,0,2,1992,T
2-PB1,392,0,0,1975,0,1975,G
2-PB1,393,0,1,1970,0,1971,G
2-PB1,394,1989,0,3,0,1992,A
2-PB1,395,1,0,0,2001,2002,C
2-PB1,396,1977,0,0,0,1977,A
2-PB1,397,0,1958,0,0,1958,T
2-PB1,398,0,1989,0,0,1989,T
2-PB1,399,2001,0,0,0,2001,A
2-PB1,400,1999,0,1,0,2000,A
2-PB1,401,1999,0,1,0,2000,A
2-PB1,402,0,0,0,1992,1992,C
2-PB1,403,1962,0,3,0,1965,A
2-PB1,404,0,1,1972,0,1973,G
2-PB1,405,1960,0,4,1,1965,A
2-PB1,406,1965,0,0,0,1965,A
2-PB1,407,1966,0,0,0,1966,A
2-PB1,408,0,1925,0,0,1925,T
2-PB1,409,2,0,0,1951,1953,C
2-PB1,410,1946,0,1,0,1947,A
2-PB1,411,1944,0,1,0,1945,A
2-PB1,412,0,0,0,1943,1943,C
2-PB1,413,1,1,0,1941,1943,C
2-PB1,414,0,1,1943,1,1945,G
2-PB1,415,1,0,1927,0,1928,G
2-PB1,416,0,1,0,1946,1947,C
2-PB1,417,1947,0,0,0,1947,A
2-PB1,418,0,0,1938,0,1938,G
2-PB1,419,0,1,0,1953,1954,C
2-PB1,420,1951,0,1,0,1952,A
2-PB1,421,1957,0,1,0,1958,A
2-PB1,422,0,0,0,1956,1956,C
2-PB1,423,0,1934,0,1,1935,T
2-PB1,424,0,0,2010,0,2010,G
2-PB1,425,0,0,0,2005,2005,C
2-PB1,426,2008,0,0,0,2008,A
2-PB1,427,0,2005,0,1,2006,T
2-PB1,428,0,1990,0,3,1993,T
2-PB1,429,2102,0,1,0,2103,A
2-PB1,430,0,1,2092,0,2093,G
2-PB1,431,0,2,0,2067,2069,C
2-PB1,432,2,0,0,2088,2090,C
2-PB1,433,2017,0,0,0,2017,A
2-PB1,434,2021,0,0,0,2021,A
2-PB1,435,0,0,0,2029,2029,C
2-PB1,436,2027,0,0,0,2027,A
2-PB1,437,0,0,0,2077,2077,C
2-PB1,438,2,0,0,1940,1942,C
2-PB1,439,1939,0,1,0,1940,A
2-PB1,440,1,1933,0,1,1935,T
2-PB1,441,1953,0,0,0,1953,A
2-PB1,442,0,1,1943,0,1944,G
2-PB1,443,1931,0,0,0,1931,A
2-PB1,444,1905,0,1,0,1906,A
2-PB1,445,3,0,1909,0,1912,G
2-PB1,446,1,1837,0,3,1841,T
2-PB1,447,0,1830,0,0,1830,T
2-PB1,448,0,1850,0,0,1850,T
2-PB1,449,0,1851,0,3,1854,T
2-PB1,450,0,1861,0,0,1861,T
2-PB1,451,1859,0,1,0,1860,A
2-PB1,452,0,2,1852,0,1854,G
2-PB1,453,1855,0,0,0,1855,A
2-PB1,454,0,1829,0,0,1829,T
2-PB1,455,3,0,0,1823,1826,C
2-PB1,456,0,3,1832,0,1835,G
2-PB1,457,1828,0,1,0,1829,A
2-PB1,458,1829,1,0,0,1830,A
2-PB1,459,0,1,0,1850,1851,C
2-PB1,460,0,2,1847,0,1849,G
2-PB1,461,0,1,1922,0,1923,G
2-PB1,462,1924,0,1,0,1925,A
2-PB1,463,0,1930,0,0,1930,T
2-PB1,464,0,1936,0,0,1936,T
2-PB1,465,1932,1,1,0,1934,A
2-PB1,466,1928,0,2,0,1930,A
2-PB1,467,0,0,0,1931,1931,C
2-PB1,468,1920,0,1,0,1921,A
2-PB1,469,0,0,1926,0,1926,G
2-PB1,470,0,0,0,1855,1855,C
2-PB1,471,0,1855,0,1,1856,T
2-PB1,472,1861,0,0,0,1861,A
2-PB1,473,1853,0,0,0,1853,A
2-PB1,474,0,1855,0,0,1855,T
2-PB1,475,0,1,1863,0,1864,G
2-PB1,476,1854,0,0,0,1854,A
2-PB1,477,1853,0,0,0,1853,A
2-PB1,478,0,1809,0,1,1810,T
2-PB1,479,2,0,0,1819,1821,C
2-PB1,480,1824,0,2,0,1826,A
2-PB1,481,0,1,1821,0,1822,G
2-PB1,482,0,0,1807,0,1807,G
2-PB1,483,1808,0,0,0,1808,A
2-PB1,484,1787,1,0,0,1788,A
2-PB1,485,0,0,1878,0,1878,G
2-PB1,486,1,0,1858,0,1859,G
2-PB1,487,0,0,0,1876,1876,C
2-PB1,488,0,1882,3,2,1887,T
2-PB1,489,1884,0,1,0,1885,A
2-PB1,490,1883,0,2,0,1885,A
2-PB1,491,0,1892,0,0,1892,T
2-PB1,492,1893,0,0,0,1893,A
2-PB1,493,0,1,1899,0,1900,G
2-PB1,494,1778,0,0,0,1778,A
2-PB1,495,0,1762,0,0,1762,T
2-PB1,496,0,1746,0,1,1747,T
2-PB1,497,0,1733,0,0,1733,T
2-PB1,498,1,0,0,1793,1794,C
2-PB1,499,0,0,0,1802,1802,C
2-PB1,500,0,1789,0,2,1791,T
2-PB1,501,1,0,0,1820,1821,C
2-PB1,502,1820,0,1,0,1821,A
2-PB1,503,1813,0,1,0,1814,A
2-PB1,504,0,2,1820,0,1822,G
2-PB1,505,0,0,1838,0,1838,G
2-PB1,506,1833,0,1,0,1834,A
2-PB1,507,0,1758,0,1,1759,T
2-PB1,508,0,0,1783,0,1783,G
2-PB1,509,0,1754,1,0,1755,T
2-PB1,510,0,1,1789,0,1790,G
2-PB1,511,1780,1,0,0,1781,A
2-PB1,512,0,1773,0,4,1777,T
2-PB1,513,0,2,1768,0,1770,G
2-PB1,514,0,1,1767,0,1768,G
2-PB1,515,1767,0,1,0,1768,A
2-PB1,516,1768,0,0,0,1768,A
2-PB1,517,0,1714,0,0,1714,T
2-PB1,518,2,1,0,1740,1743,C
2-PB1,519,1741,0,1,0,1742,A
2-PB1,520,1730,0,0,0,1730,A
2-PB1,521,0,1739,0,1,1740,T
2-PB1,522,1,4,1748,0,1753,G
2-PB1,523,0,3,1757,0,1760,G
2-PB1,524,1743,0,1,0,1744,A
2-PB1,525,0,1749,0,2,1751,T
2-PB1,526,1760,0,1,0,1761,A
2-PB1,527,1748,0,0,0,1748,A
2-PB1,528,1742,0,1,0,1743,A
2-PB1,529,0,1,1754,0,1755,G
2-PB1,530,1741,0,3,0,1744,A
2-PB1,531,0,0,1734,0,1734,G
2-PB1,532,0,3,1740,0,1743,G
2-PB1,533,1733,0,0,0,1733,A
2-PB1,534,1730,0,1,1,1732,A
2-PB1,535,1740,0,0,0,1740,A
2-PB1,536,0,1732,0,0,1732,T
2-PB1,537,0,2,1758,0,1760,G
2-PB1,538,0,0,1755,0,1755,G
2-PB1,539,1726,0,3,0,1729,A
2-PB1,540,1,0,1745,0,1746,G
2-PB1,541,1732,0,0,0,1732,A
2-PB1,542,0,1770,0,0,1770,T
2-PB1,543,1767,0,0,0,1767,A
2-PB1,544,1775,0,0,0,1775,A
2-PB1,545,0,0,0,1781,1781,C
2-PB1,546,1753,0,0,0,1753,A
2-PB1,547,1750,0,0,0,1750,A
2-PB1,548,0,1,0,1752,1753,C
2-PB1,549,1723,0,1,0,1724,A
2-PB1,550,2,0,0,1726,1728,C
2-PB1,551,1704,0,0,0,1704,A
2-PB1,552,1,0,0,1721,1722,C
2-PB1,553,0,1696,0,0,1696,T
2-PB1,554,0,1712,0,0,1712,T
2-PB1,555,0,1698,0,1,1699,T
2-PB1,556,0,0,0,1714,1714,C
2-PB1,557,1716,0,0,0,1716,A
2-PB1,558,1715,0,1,0,1716,A
2-PB1,559,1727,0,2,0,1729,A
2-PB1,560,0,0,1755,0,1755,G
2-PB1,561,1725,0,1,0,1726,A
2-PB1,562,1731,0,0,0,1731,A
2-PB1,563,1728,0,1,0,1729,A
2-PB1,564,1733,0,0,1,1734,A
2-PB1,565,1730,0,1,0,1731,A
2-PB1,566,1,0,1745,0,1746,G
2-PB1,567,0,3,1745,0,1748,G
2-PB1,568,1734,0,1,0,1735,A
2-PB1,569,1,3,1748,0,1752,G
2-PB1,570,1748,0,1,0,1749,A
2-PB1,571,1,0,1802,1,1804,G
2-PB1,572,0,1798,0,0,1798,T
2-PB1,573,1809,0,0,0,1809,A
2-PB1,574,1800,0,1,0,1801,A
2-PB1,575,0,1,1809,0,1810,G
2-PB1,576,0,1,1803,0,1804,G
2-PB1,577,0,1,1815,0,1816,G
2-PB1,578,1794,0,1,0,1795,A
2-PB1,579,0,0,0,1796,1796,C
2-PB1,580,1748,0,1,0,1749,A
2-PB1,581,1759,0,3,0,1762,A
2-PB1,582,1,0,0,1746,1747,C
2-PB1,583,1757,0,0,0,1757,A
2-PB1,584,0,1731,0,0,1731,T
2-PB1,585,0,3,1725,0,1728,G
2-PB1,586,1722,0,1,0,1723,A
2-PB1,587,0,1,0,1705,1706,C
2-PB1,588,5,0,0,1700,1705,C
2-PB1,589,1723,0,1,1,1725,A
2-PB1,590,1719,0,1,0,1720,A
2-PB1,591,0,4,1733,0,1737,G
2-PB1,592,1732,0,2,0,1734,A
2-PB1,593,1728,1,0,0,1729,A
2-PB1,594,1725,0,0,0,1725,A
2-PB1,595,1710,0,1,0,1711,A
2-PB1,596,0,1713,0,0,1713,T
2-PB1,597,1,2,1713,0,1716,G
2-PB1,598,1,1,1710,0,1712,G
2-PB1,599,0,1694,0,1,1695,T
2-PB1,600,5,0,0,1675,1680,C
2-PB1,601,1709,0,2,0,1711,A
2-PB1,602,1,0,0,1840,1841,C
2-PB1,603,1873,0,0,0,1873,A
2-PB1,604,0,0,0,1881,1881,C
2-PB1,605,1888,0,0,0,1888,A
2-PB1,606,2023,0,0,0,2023,A
2-PB1,607,2014,0,3,0,2017,A
2-PB1,608,0,1,2126,0,2127,G
2-PB1,609,385,0,1667,0,2052,G
2-PB1,610,2124,0,3,0,2127,A
2-PB1,611,0,0,0,2197,2197,C
2-PB1,612,2204,0,0,0,2204,A
2-PB1,613,2216,0,2,0,2218,A
2-PB1,614,0,2214,0,0,2214,T
2-PB1,615,2191,0,2,0,2193,A
2-PB1,616,1,3,2199,0,2203,G
2-PB1,617,0,0,2131,0,2131,G
2-PB1,618,2,3,2126,0,2131,G
2-PB1,619,2125,0,1,0,2126,A
2-PB1,620,2124,0,0,0,2124,A
2-PB1,621,2,3,2135,0,2140,G
2-PB1,622,2137,0,1,0,2138,A
2-PB1,623,2141,1,2,0,2144,A
2-PB1,624,2150,0,0,0,2150,A
2-PB1,625,2153,0,1,0,2154,A
2-PB1,626,2190,0,2,0,2192,A
2-PB1,627,2191,0,2,0,2193,A
2-PB1,628,0,1,0,2198,2199,C
2-PB1,629,2196,0,1,0,2197,A
2-PB1,630,2191,0,0,0,2191,A
2-PB1,631,2184,0,1,0,2185,A
2-PB1,632,0,3,2229,0,2232,G
2-PB1,633,2235,0,3,0,2238,A
2-PB1,634,1,0,2318,0,2319,G
2-PB1,635,0,2255,0,1,2256,T
2-PB1,636,0,1,2661,0,2662,G
2-PB1,637,2678,0,1,0,2679,A
2-PB1,638,2678,0,1,1,2680,A
2-PB1,639,0,2710,1,2,2713,T
2-PB1,640,2741,0,1,0,2742,A
2-PB1,641,2743,0,3,0,2746,A
2-PB1,642,0,3,2737,0,2740,G
2-PB1,643,2697,0,3,1,2701,A
2-PB1,644,1,1,2709,1,2712,G
2-PB1,645,2606,0,0,0,2606,A
2-PB1,646,0,0,2605,0,2605,G
2-PB1,647,0,0,2583,0,2583,G
2-PB1,648,1,0,0,2588,2589,C
2-PB1,649,0,2590,0,1,2591,T
2-PB1,650,2691,0,1,0,2692,A
2-PB1,651,0,0,0,2859,2859,C
2-PB1,652,2,2,0,2862,2866,C
2-PB1,653,0,2887,0,3,2890,T
2-PB1,654,3014,0,2,0,3016,A
2-PB1,655,3019,0,0,0,3019,A
2-PB1,656,0,3010,0,6,3016,T
2-PB1,657,3022,0,2,1,3025,A
2-PB1,658,3003,1,3,0,3007,A
2-PB1,659,2,6,3009,0,3017,G
2-PB1,660,2918,0,2,0,2920,A
2-PB1,661,3,2,2937,0,2942,G
2-PB1,662,0,1,0,2957,2958,C
2-PB1,663,0,2920,0,3,2923,T
2-PB1,664,0,2945,0,0,2945,T
2-PB1,665,0,2950,0,0,2950,T
2-PB1,666,9,4,2934,0,2947,G
2-PB1,667,2977,1,4,0,2982,A
2-PB1,668,0,0,0,2996,2996,C
2-PB1,669,2991,0,0,0,2991,A
2-PB1,670,0,2973,0,0,2973,T
2-PB1,671,0,2958,0,2,2960,T
2-PB1,672,0,7,3001,0,3008,G
2-PB1,673,3004,1,6,0,3011,A
2-PB1,674,3016,0,6,0,3022,A
2-PB1,675,0,0,0,3015,3015,C
2-PB1,676,3009,0,2,0,3011,A
2-PB1,677,1,1,0,3006,3008,C
2-PB1,678,1,1,3010,0,3012,G
2-PB1,679,3011,0,2,0,3013,A
2-PB1,680,2,3009,0,3,3014,T
2-PB1,681,1,8,3062,0,3071,G
2-PB1,682,3069,1,6,0,3076,A
2-PB1,683,0,1,0,3089,3090,C
2-PB1,684,6,0,0,3088,3094,C
2-PB1,685,3103,0,1,0,3104,A
2-PB1,686,3138,0,0,0,3138,A
2-PB1,687,3133,0,2,1,3136,A
2-PB1,688,0,1,3209,0,3210,G
2-PB1,689,3233,0,0,0,3233,A
2-PB1,690,0,3193,0,2,3195,T
2-PB1,691,1,1,3227,0,3229,G
2-PB1,692,1,1,0,3196,3198,C
2-PB1,693,3213,0,2,0,3215,A
2-PB1,694,1,1,3243,0,3245,G
2-PB1,695,3190,0,2,0,3192,A
2-PB1,696,6,2,3207,0,3215,G
2-PB1,697,3134,0,1,0,3135,A
2-PB1,698,0,5,3123,0,3128,G
2-PB1,699,3091,0,5,0,3096,A
2-PB1,700,0,0,3084,0,3084,G
2-PB1,701,1,0,3081,0,3082,G
2-PB1,702,0,2,0,3086,3088,C
2-PB1,703,3081,0,0,0,3081,A
2-PB1,704,3079,0,2,0,3081,A
2-PB1,705,3113,0,2,0,3115,A
2-PB1,706,0,3123,0,0,3123,T
2-PB1,707,0,3127,0,0,3127,T
2-PB1,708,3118,2,1,0,3121,A
2-PB1,709,3121,0,0,0,3121,A
2-PB1,710,3121,0,3,0,3124,A
2-PB1,711,3143,0,1,0,3144,A
2-PB1,712,3140,0,1,0,3141,A
2-PB1,713,1,1,3134,0,3136,G
2-PB1,714,3119,0,0,0,3119,A
2-PB1,715,3104,0,5,0,3109,A
2-PB1,716,0,3,3147,0,3150,G
2-PB1,717,0,3,3196,1,3200,G
2-PB1,718,2,0,3199,1,3202,G
2-PB1,719,0,0,0,3251,3251,C
2-PB1,720,0,3247,0,2,3249,T
2-PB1,721,3278,0,4,0,3282,A
2-PB1,722,0,3330,0,5,3335,T
2-PB1,723,0,3330,0,0,3330,T
2-PB1,724,1,2,3329,0,3332,G
2-PB1,725,0,2,0,3294,3296,C
2-PB1,726,3227,0,3,1,3231,A
2-PB1,727,3227,0,5,0,3232,A
2-PB1,728,0,0,0,3224,3224,C
2-PB1,729,3201,0,4,1,3206,A
2-PB1,730,1,0,0,3215,3216,C
2-PB1,731,1,1,0,3167,3169,C
2-PB1,732,4,1,0,3161,3166,C
2-PB1,733,0,3,3166,0,3169,G
2-PB1,734,1,2,3171,0,3174,G
2-PB1,735,1,2,3173,0,3176,G
2-PB1,736,3187,0,1,0,3188,A
2-PB1,737,0,3167,0,0,3167,T
2-PB1,738,3,1,3189,0,3193,G
2-PB1,739,0,0,0,3175,3175,C
2-PB1,740,3236,0,3,0,3239,A
2-PB1,741,3303,0,1,0,3304,A
2-PB1,742,3329,1,0,0,3330,A
2-PB1,743,0,3336,0,1,3337,T
2-PB1,744,0,3329,0,2,3331,T
2-PB1,745,3299,0,0,0,3299,A
2-PB1,746,1,3,3297,0,3301,G
2-PB1,747,3281,0,5,0,3286,A
2-PB1,748,1,1,3303,0,3305,G
2-PB1,749,0,3,3252,0,3255,G
2-PB1,750,2,0,3341,0,3343,G
2-PB1,751,0,3308,2,5,3315,T
2-PB1,752,0,3359,0,5,3364,T
2-PB1,753,6,0,0,3365,3371,C
2-PB1,754,4,0,3420,0,3424,G
2-PB1,755,0,3400,0,6,3406,T
2-PB1,756,0,0,3425,0,3425,G
2-PB1,757,0,3408,0,3,3411,T
2-PB1,758,3384,1,2,1,3388,A
2-PB1,759,1,0,0,3393,3394,C
2-PB1,760,0,3266,0,4,3270,T
2-PB1,761,1,3270,0,2,3273,T
2-PB1,762,2,1,0,3257,3260,C
2-PB1,763,2,1,3241,0,3244,G
2-PB1,764,0,3235,0,3,3238,T
2-PB1,765,0,3235,0,6,3241,T
2-PB1,766,1,6,3229,0,3236,G
2-PB1,767,3205,1,1,0,3207,A
2-PB1,768,3216,0,3,0,3219,A
2-PB1,769,3233,1,3,0,3237,A
2-PB1,770,0,2,0,3256,3258,C
2-PB1,771,0,3232,0,1,3233,T
2-PB1,772,0,3222,0,0,3222,T
2-PB1,773,0,3222,0,3,3225,T
2-PB1,774,3278,0,2,0,3280,A
2-PB1,775,2,2,3276,0,3280,G
2-PB1,776,1,0,0,3281,3282,C
2-PB1,777,1,3290,0,0,3291,T
2-PB1,778,3254,0,0,0,3254,A
2-PB1,779,0,0,3251,0,3251,G
2-PB1,780,3250,0,2,0,3252,A
2-PB1,781,3244,0,4,0,3248,A
2-PB1,782,1,0,3262,0,3263,G
2-PB1,783,3,0,0,3181,3184,C
2-PB1,784,3198,0,1,0,3199,A
2-PB1,785,0,3191,0,0,3191,T
2-PB1,786,0,3194,0,4,3198,T
2-PB1,787,0,3206,0,1,3207,T
2-PB1,788,0,0,3197,0,3197,G
2-PB1,789,0,0,0,3186,3186,C
2-PB1,790,1,5,3208,0,3214,G
2-PB1,791,3180,0,0,0,3180,A
2-PB1,792,3189,0,0,0,3189,A
2-PB1,793,3197,0,1,0,3198,A
2-PB1,794,3280,0,1,0,3281,A
2-PB1,795,0,0,3311,0,3311,G
2-PB1,796,0,0,0,3319,3319,C
2-PB1,797,0,3322,0,5,3327,T
2-PB1,798,0,3332,0,3,3335,T
2-PB1,799,0,7,3322,0,3329,G
2-PB1,800,3329,0,2,0,3331,A
2-PB1,801,3306,0,5,0,3311,A
2-PB1,802,2,0,0,3341,3343,C
2-PB1,803,3262,0,1,0,3263,A
2-PB1,804,0,1,3559,0,3560,G
2-PB1,805,0,3513,0,3,3516,T
2-PB1,806,4,0,0,3516,3520,C
2-PB1,807,0,3532,0,3,3535,T
2-PB1,808,0,2,3521,0,3523,G
2-PB1,809,0,5,3508,0,3513,G
2-PB1,810,3529,0,1,0,3530,A
2-PB1,811,0,2,1,3539,3542,C
2-PB1,812,0,3418,0,5,3423,T
2-PB1,813,0,3176,0,2,3178,T
2-PB1,814,0,1,0,3194,3195,C
2-PB1,815,3,1,0,3176,3180,C
2-PB1,816,3,4,3208,0,3215,G
2-PB1,817,6,0,3215,0,3221,G
2-PB1,818,0,3176,0,3,3179,T
2-PB1,819,0,3216,0,0,3216,T
2-PB1,820,7,4,3190,0,3201,G
2-PB1,821,0,0,3209,0,3209,G
2-PB1,822,0,1,3237,0,3238,G
2-PB1,823,1,1,3235,0,3237,G
2-PB1,824,0,1,3257,0,3258,G
2-PB1,825,0,3192,1,4,3197,T
2-PB1,826,3244,0,0,0,3244,A
2-PB1,827,3241,1,2,0,3244,A
2-PB1,828,0,3271,0,1,3272,T
2-PB1,829,0,2,3262,0,3264,G
2-PB1,830,3232,0,1,0,3233,A
2-PB1,831,3197,1,6,0,3204,A
2-PB1,832,3202,0,2,0,3204,A
2-PB1,833,3199,0,3,0,3202,A
2-PB1,834,0,4,3191,0,3195,G
2-PB1,835,3173,0,2,0,3175,A
2-PB1,836,3142,0,4,0,3146,A
2-PB1,837,0,2,3143,0,3145,G
2-PB1,838,1,3,3121,0,3125,G
2-PB1,839,0,0,0,3118,3118,C
2-PB1,840,5,2,0,3131,3138,C
2-PB1,841,3148,0,1,0,3149,A
2-PB1,842,3152,0,3,1,3156,A
2-PB1,843,3144,0,2,0,3146,A
2-PB1,844,0,0,0,3161,3161,C
2-PB1,845,0,3146,0,7,3153,T
2-PB1,846,0,0,3182,1,3183,G
2-PB1,847,0,0,3168,0,3168,G
2-PB1,848,0,0,0,3180,3180,C
2-PB1,849,3189,0,0,0,3189,A
2-PB1,850,3187,0,0,0,3187,A
2-PB1,851,3171,0,1,0,3172,A
2-PB1,852,0,3186,0,0,3186,T
2-PB1,853,0,1,3194,0,3195,G
2-PB1,854,0,3179,0,2,3181,T
2-PB1,855,1,3120,0,0,3121,T
2-PB1,856,0,0,3115,0,3115,G
2-PB1,857,0,3090,0,2,3092,T
2-PB1,858,1,4,3112,0,3117,G
2-PB1,859,3114,0,5,0,3119,A
2-PB1,860,0,0,3133,0,3133,G
2-PB1,861,3123,0,3,0,3126,A
2-PB1,862,3111,0,0,0,3111,A
2-PB1,863,3100,0,3,0,3103,A
2-PB1,864,3116,0,1,0,3117,A
2-PB1,865,3121,0,4,0,3125,A
2-PB1,866,0,3110,0,2,3112,T
2-PB1,867,1,3,3118,0,3122,G
2-PB1,868,3109,0,4,0,3113,A
2-PB1,869,1,3089,0,0,3090,T
2-PB1,870,0,10,3104,0,3114,G
2-PB1,871,3105,0,1,0,3106,A
2-PB1,872,1,10,0,3128,3139,C
2-PB1,873,0,3128,0,1,3129,T
2-PB1,874,3140,0,1,0,3141,A
2-PB1,875,3160,0,1,0,3161,A
2-PB1,876,0,3149,0,0,3149,T
2-PB1,877,1,3181,0,3,3185,T
2-PB1,878,3,0,0,3207,3210,C
2-PB1,879,3188,1,0,0,3189,A
2-PB1,880,0,0,0,3209,3209,C
2-PB1,881,3177,0,3,0,3180,A
2-PB1,882,3177,0,1,0,3178,A
2-PB1,883,0,4,3182,0,3186,G
2-PB1,884,3201,0,6,0,3207,A
2-PB1,885,0,0,0,3220,3220,C
2-PB1,886,3174,0,5,1,3180,A
2-PB1,887,0,1,0,3177,3178,C
2-PB1,888,3153,0,2,0,3155,A
2-PB1,889,0,4,3161,0,3165,G
2-PB1,890,3138,1,6,0,3145,A
2-PB1,891,1,0,3139,0,3140,G
2-PB1,892,0,2,0,3139,3141,C
2-PB1,893,0,3074,1,7,3082,T
2-PB1,894,0,3116,0,1,3117,T
2-PB1,895,2,3098,0,3,3103,T
2-PB1,896,1,0,1,3119,3121,C
2-PB1,897,2,3113,0,4,3119,T
2-PB1,898,0,3089,1,1,3091,T
2-PB1,899,1,3095,1,2,3099,T
2-PB1,900,5,0,0,3096,3101,C
2-PB1,901,3077,0,1,0,3078,A
2-PB1,902,0,0,0,3099,3099,C
2-PB1,903,3079,0,4,0,3083,A
2-PB1,904,3085,0,1,0,3086,A
2-PB1,905,0,3091,0,2,3093,T
2-PB1,906,1,0,0,3133,3134,C
2-PB1,907,3153,0,0,0,3153,A
2-PB1,908,0,2,0,3169,3171,C
2-PB1,909,0,3131,0,0,3131,T
2-PB1,910,0,2,3147,0,3149,G
2-PB1,911,0,2,3109,0,3111,G
2-PB1,912,1,1,3211,0,3213,G
2-PB1,913,0,3,3205,0,3208,G
2-PB1,914,3136,0,6,0,3142,A
2-PB1,915,0,1,0,3035,3036,C
2-PB1,916,3084,0,0,0,3084,A
2-PB1,917,3274,0,3,0,3277,A
2-PB1,918,0,1,0,3291,3292,C
2-PB1,919,3270,1,0,0,3271,A
2-PB1,920,0,2,0,3280,3282,C
2-PB1,921,0,3154,0,0,3154,T
2-PB1,922,3171,0,5,0,3176,A
2-PB1,923,3169,1,5,0,3175,A
2-PB1,924,0,1,3185,0,3186,G
2-PB1,925,0,3147,0,1,3148,T
2-PB1,926,0,6,2900,0,2906,G
2-PB1,927,0,3,2892,0,2895,G
2-PB1,928,2873,0,2,0,2875,A
2-PB1,929,2892,0,2,0,2894,A
2-PB1,930,0,2895,0,0,2895,T
2-PB1,931,0,3,2886,0,2889,G
2-PB1,932,2881,1,1,0,2883,A
2-PB1,933,2834,0,1,0,2835,A
2-PB1,934,2847,0,3,0,2850,A
2-PB1,935,2866,0,0,0,2866,A
2-PB1,936,0,2817,0,0,2817,T
2-PB1,937,8,0,0,2839,2847,C
2-PB1,938,2853,1,2,0,2856,A
2-PB1,939,2840,0,3,0,2843,A
2-PB1,940,2836,0,1,0,2837,A
2-PB1,941,2806,0,0,0,2806,A
2-PB1,942,0,5,0,2841,2846,C
2-PB1,943,2,2,0,2816,2820,C
2-PB1,944,2,0,0,2830,2832,C
2-PB1,945,0,2793,0,5,2798,T
2-PB1,946,3,0,0,2832,2835,C
2-PB1,947,2,4,2822,0,2828,G
2-PB1,948,2813,0,3,0,2816,A
2-PB1,949,2819,0,0,0,2819,A
2-PB1,950,0,2816,0,1,2817,T
2-PB1,951,1,0,2847,0,2848,G
2-PB1,952,0,2816,2,4,2822,T
2-PB1,953,0,2782,0,3,2785,T
2-PB1,954,0,2816,0,1,2817,T
2-PB1,955,0,2807,0,2,2809,T
2-PB1,956,0,2810,0,2,2812,T
2-PB1,957,1,2,2810,0,2813,G
2-PB1,958,1,1,2786,0,2788,G
2-PB1,959,1,0,0,2775,2776,C
2-PB1,960,2,3,2741,0,2746,G
2-PB1,961,2730,0,2,0,2732,A
2-PB1,962,0,2814,0,3,2817,T
2-PB1,963,0,4,2929,1,2934,G
2-PB1,964,3082,0,1,0,3083,A
2-PB1,965,0,3082,1,10,3093,T
2-PB1,966,0,3108,0,0,3108,T
2-PB1,967,3107,1,4,1,3113,A
2-PB1,968,0,1,0,3111,3112,C
2-PB1,969,3142,0,2,0,3144,A
2-PB1,970,0,3122,0,0,3122,T
2-PB1,971,2970,0,5,0,2975,A
2-PB1,972,0,2,0,3019,3021,C
2-PB1,973,2763,0,1,0,2764,A
2-PB1,974,0,2754,0,4,2758,T
2-PB1,975,5,0,0,2742,2747,C
2-PB1,976,2733,0,3,0,2736,A
2-PB1,977,0,1,0,2741,2742,C
2-PB1,978,2729,0,0,1,2730,A
2-PB1,979,2738,0,0,0,2738,A
2-PB1,980,2733,0,2,0,2735,A
2-PB1,981,0,5,2639,0,2644,G
2-PB1,982,2752,0,4,0,2756,A
2-PB1,983,2757,1,4,0,2762,A
2-PB1,984,1,2747,0,1,2749,T
2-PB1,985,3,3,0,2748,2754,C
2-PB1,986,2779,0,0,0,2779,A
2-PB1,987,2774,0,5,0,2779,A
2-PB1,988,1,1,0,2796,2798,C
2-PB1,989,1,0,0,2800,2801,C
2-PB1,990,1,2668,1,1,2671,T
2-PB1,991,11,4,2683,0,2698,G
2-PB1,992,2681,0,6,0,2687,A
2-PB1,993,0,0,2685,0,2685,G
2-PB1,994,0,2667,1,1,2669,T
2-PB1,995,0,1,2597,0,2598,G
2-PB1,996,1,1,2732,0,2734,G
2-PB1,997,1,2719,0,2,2722,T
2-PB1,998,0,2722,0,2,2724,T
2-PB1,999,6,1,0,2728,2735,C
2-PB1,1000,2723,0,2,0,2725,A
2-PB1,1001,1,2,2765,0,2768,G
2-PB1,1002,2767,0,6,0,2773,A
2-PB1,1003,2766,0,4,0,2770,A
2-PB1,1004,2739,0,3,0,2742,A
2-PB1,1005,1,0,0,2495,2496,C
2-PB1,1006,2517,0,0,0,2517,A
2-PB1,1007,0,2478,1,9,2488,T
2-PB1,1008,2,1,0,2533,2536,C
2-PB1,1009,1,0,0,2543,2544,C
2-PB1,1010,0,2477,1,2,2480,T
2-PB1,1011,0,0,2492,1,2493,G
2-PB1,1012,2477,0,2,0,2479,A
2-PB1,1013,0,0,2495,0,2495,G
2-PB1,1014,1,1,0,2479,2481,C
2-PB1,1015,2410,0,1,0,2411,A
2-PB1,1016,0,2389,0,4,2393,T
2-PB1,1017,3,8,0,2396,2407,C
2-PB1,1018,1,9,2400,0,2410,G
2-PB1,1019,0,1,0,2472,2473,C
2-PB1,1020,2483,0,1,0,2484,A
2-PB1,1021,0,0,0,2551,2551,C
2-PB1,1022,3,2,0,2534,2539,C
2-PB1,1023,2565,0,1,0,2566,A
2-PB1,1024,2591,1,0,0,2592,A
2-PB1,1025,0,2577,0,0,2577,T
2-PB1,1026,2579,1,0,0,2580,A
2-PB1,1027,2580,0,2,0,2582,A
2-PB1,1028,0,2486,0,0,2486,T
2-PB1,1029,1,0,2504,0,2505,G
2-PB1,1030,0,2442,0,1,2443,T
2-PB1,1031,0,2412,0,4,2416,T
2-PB1,1032,8,0,0,2429,2437,C
2-PB1,1033,0,2403,0,6,2409,T
2-PB1,1034,4,0,0,2422,2426,C
2-PB1,1035,2440,0,0,0,2440,A
2-PB1,1036,2427,0,4,0,2431,A
2-PB1,1037,2425,0,3,0,2428,A
2-PB1,1038,0,1,0,2427,2428,C
2-PB1,1039,2425,0,0,0,2425,A
2-PB1,1040,2421,0,2,0,2423,A
2-PB1,1041,2412,0,2,1,2415,A
2-PB1,1042,2416,0,6,0,2422,A
2-PB1,1043,0,2414,1,3,2418,T
2-PB1,1044,0,2,2418,0,2420,G
2-PB1,1045,1,0,2397,0,2398,G
2-PB1,1046,0,1,0,2412,2413,C
2-PB1,1047,2417,0,1,0,2418,A
2-PB1,1048,2409,0,9,0,2418,A
2-PB1,1049,0,0,2428,0,2428,G
2-PB1,1050,2408,0,1,0,2409,A
2-PB1,1051,0,2400,0,0,2400,T
2-PB1,1052,0,2448,0,0,2448,T
2-PB1,1053,0,0,2450,0,2450,G
2-PB1,1054,2,0,2437,0,2439,G
2-PB1,1055,0,2,2462,0,2464,G
2-PB1,1056,2458,0,2,0,2460,A
2-PB1,1057,2463,0,1,0,2464,A
2-PB1,1058,2455,0,2,4,2461,A
2-PB1,1059,2428,0,6,0,2434,A
2-PB1,1060,0,1,2495,0,2496,G
2-PB1,1061,0,2,2489,0,2491,G
2-PB1,1062,2509,0,3,0,2512,A
2-PB1,1063,0,2499,0,0,2499,T
2-PB1,1064,2496,0,2,0,2498,A
2-PB1,1065,0,0,0,2512,2512,C
2-PB1,1066,2543,0,2,0,2545,A
2-PB1,1067,0,2543,0,0,2543,T
2-PB1,1068,0,0,2563,0,2563,G
2-PB1,1069,0,2495,0,2,2497,T
2-PB1,1070,0,2485,0,8,2493,T
2-PB1,1071,5,73,0,2429,2507,C
2-PB1,1072,0,2,2516,1,2519,G
2-PB1,1073,2493,0,3,0,2496,A
2-PB1,1074,0,1,2575,0,2576,G
2-PB1,1075,2535,0,4,0,2539,A
2-PB1,1076,0,0,2561,0,2561,G
2-PB1,1077,0,2521,0,1,2522,T
2-PB1,1078,2513,0,8,0,2521,A
2-PB1,1079,2528,0,4,0,2532,A
2-PB1,1080,1,7,2533,0,2541,G
2-PB1,1081,2530,0,6,0,2536,A
2-PB1,1082,0,6,2572,0,2578,G
2-PB1,1083,2525,0,2,0,2527,A
2-PB1,1084,2548,0,1,0,2549,A
2-PB1,1085,0,2523,0,1,2524,T
2-PB1,1086,1,3,2523,0,2527,G
2-PB1,1087,2512,0,7,1,2520,A
2-PB1,1088,2494,0,5,0,2499,A
2-PB1,1089,0,2,2509,0,2511,G
2-PB1,1090,0,0,0,2505,2505,C
2-PB1,1091,1,2434,4,3,2442,T
2-PB1,1092,3,11,0,2446,2460,C
2-PB1,1093,1,2,0,2461,2464,C
2-PB1,1094,1,1,2476,0,2478,G
2-PB1,1095,0,2,2478,0,2480,G
2-PB1,1096,2478,0,2,0,2480,A
2-PB1,1097,0,0,0,2526,2526,C
2-PB1,1098,2530,0,2,0,2532,A
2-PB1,1099,1,1,0,2550,2552,C
2-PB1,1100,2558,0,1,0,2559,A
2-PB1,1101,2555,0,3,0,2558,A
2-PB1,1102,2550,1,4,1,2556,A
2-PB1,1103,0,2550,0,0,2550,T
2-PB1,1104,2536,1,2,0,2539,A
2-PB1,1105,0,3,0,2551,2554,C
2-PB1,1106,1,0,0,2530,2531,C
2-PB1,1107,0,2492,2,5,2499,T
2-PB1,1108,2,0,2526,0,2528,G
2-PB1,1109,0,0,0,2525,2525,C
2-PB1,1110,2539,0,0,0,2539,A
2-PB1,1111,0,1,2533,0,2534,G
2-PB1,1112,2518,0,0,0,2518,A
2-PB1,1113,2516,0,2,0,2518,A
2-PB1,1114,2522,0,2,0,2524,A
2-PB1,1115,1,2522,0,0,2523,T
2-PB1,1116,0,0,2531,0,2531,G
2-PB1,1117,0,0,1,2513,2514,C
2-PB1,1118,0,2513,1,4,2518,T
2-PB1,1119,2550,2,3,0,2555,A
2-PB1,1120,0,0,2540,0,2540,G
2-PB1,1121,0,0,0,2533,2533,C
2-PB1,1122,2547,0,1,0,2548,A
2-PB1,1123,2538,0,2,0,2540,A
2-PB1,1124,1,1,2522,1,2525,G
2-PB1,1125,1,0,0,2519,2520,C
2-PB1,1126,2503,0,0,0,2503,A
2-PB1,1127,0,2539,0,1,2540,T
2-PB1,1128,0,2547,0,2,2549,T
2-PB1,1129,1,2,2630,0,2633,G
2-PB1,1130,2650,0,3,0,2653,A
2-PB1,1131,0,0,0,2631,2631,C
2-PB1,1132,1,0,0,2654,2655,C
2-PB1,1133,0,2604,0,5,2609,T
2-PB1,1134,0,1,2671,0,2672,G
2-PB1,1135,2677,0,2,0,2679,A
2-PB1,1136,2675,0,6,0,2681,A
2-PB1,1137,1,0,2714,0,2715,G
2-PB1,1138,0,2612,0,1,2613,T
2-PB1,1139,2629,0,0,0,2629,A
2-PB1,1140,0,2616,0,5,2621,T
2-PB1,1141,0,2621,0,2,2623,T
2-PB1,1142,1,2608,0,2,2611,T
2-PB1,1143,1,0,0,2606,2607,C
2-PB1,1144,2605,0,3,0,2608,A
2-PB1,1145,2604,0,2,0,2606,A
2-PB1,1146,1,2574,0,1,2576,T
2-PB1,1147,0,10,2585,1,2596,G
2-PB1,1148,2575,0,1,0,2576,A
2-PB1,1149,2584,0,3,1,2588,A
2-PB1,1150,0,2562,1,2,2565,T
2-PB1,1151,6,3,0,2586,2595,C
2-PB1,1152,2595,0,1,0,2596,A
2-PB1,1153,2596,0,0,0,2596,A
2-PB1,1154,2,0,0,2590,2592,C
2-PB1,1155,2592,0,2,0,2594,A
2-PB1,1156,2582,0,2,0,2584,A
2-PB1,1157,0,0,2601,0,2601,G
2-PB1,1158,4,2,2596,0,2602,G
2-PB1,1159,2598,1,0,0,2599,A
2-PB1,1160,2588,1,6,0,2595,A
2-PB1,1161,0,2,2597,0,2599,G
2-PB1,1162,2583,1,4,0,2588,A
2-PB1,1163,2593,0,3,0,2596,A
2-PB1,1164,2597,0,0,0,2597,A
2-PB1,1165,2581,0,1,0,2582,A
2-PB1,1166,1,2576,1,1,2579,T
2-PB1,1167,0,2557,0,2,2559,T
2-PB1,1168,0,3,2560,0,2563,G
2-PB1,1169,2557,0,2,0,2559,A
2-PB1,1170,1,3,2561,0,2565,G
2-PB1,1171,2553,0,1,0,2554,A
2-PB1,1172,2588,0,2,0,2590,A
2-PB1,1173,2617,0,1,0,2618,A
2-PB1,1174,2613,0,1,0,2614,A
2-PB1,1175,0,2610,0,0,2610,T
2-PB1,1176,2617,0,0,0,2617,A
2-PB1,1177,2614,0,1,0,2615,A
2-PB1,1178,4,3,2606,0,2613,G
2-PB1,1179,2,0,2596,0,2598,G
2-PB1,1180,1,0,0,2593,2594,C
2-PB1,1181,5,0,0,2581,2586,C
2-PB1,1182,1,2558,0,3,2562,T
2-PB1,1183,3,0,0,2840,2843,C
2-PB1,1184,1,2869,1,2,2873,T
2-PB1,1185,0,2889,0,1,2890,T
2-PB1,1186,1,0,1,2934,2936,C
2-PB1,1187,0,2936,0,2,2938,T
2-PB1,1188,2942,0,1,1,2944,A
2-PB1,1189,2939,0,0,0,2939,A
2-PB1,1190,0,2941,0,0,2941,T
2-PB1,1191,2966,0,0,0,2966,A
2-PB1,1192,0,2,2895,0,2897,G
2-PB1,1193,2647,0,4,0,2651,A
2-PB1,1194,1,2642,0,4,2647,T
2-PB1,1195,0,4,2604,0,2608,G
2-PB1,1196,0,0,2648,0,2648,G
2-PB1,1197,0,5,0,2636,2641,C
2-PB1,1198,2653,0,4,0,2657,A
2-PB1,1199,0,0,0,2660,2660,C
2-PB1,1200,2625,0,3,0,2628,A
2-PB1,1201,1,0,2715,0,2716,G
2-PB1,1202,0,1,1,2706,2708,C
2-PB1,1203,2717,0,1,0,2718,A
2-PB1,1204,0,2781,0,3,2784,T
2-PB1,1205,5,0,0,2756,2761,C
2-PB1,1206,2785,0,2,0,2787,A
2-PB1,1207,0,2776,0,3,2779,T
2-PB1,1208,0,2770,0,0,2770,T
2-PB1,1209,1,2,2756,0,2759,G
2-PB1,1210,2669,0,6,0,2675,A
2-PB1,1211,0,1,2743,0,2744,G
2-PB1,1212,1,8,0,2738,2747,C
2-PB1,1213,3,0,1,2705,2709,C
2-PB1,1214,2,1,0,2758,2761,C
2-PB1,1215,1,2745,0,8,2754,T
2-PB1,1216,2,2,2955,0,2959,G
2-PB1,1217,0,2,3003,0,3005,G
2-PB1,1218,2977,0,8,0,2985,A
2-PB1,1219,3067,1,1,0,3069,A
2-PB1,1220,0,3001,0,2,3003,T
2-PB1,1221,1,1,3077,0,3079,G
2-PB1,1222,3125,0,3,0,3128,A
2-PB1,1223,0,3131,0,4,3135,T
2-PB1,1224,1,2,3151,0,3154,G
2-PB1,1225,3122,0,2,0,3124,A
2-PB1,1226,0,3084,0,0,3084,T
2-PB1,1227,1,4,3078,0,3083,G
2-PB1,1228,3,5,3111,0,3119,G
2-PB1,1229,1,2,3107,0,3110,G
2-PB1,1230,0,0,0,3113,3113,C
2-PB1,1231,3127,0,2,0,3129,A
2-PB1,1232,0,3143,0,2,3145,T
2-PB1,1233,1,1,3249,0,3251,G
2-PB1,1234,1,3237,1,8,3247,T
2-PB1,1235,0,3260,0,3,3263,T
2-PB1,1236,8,2,1,3261,3272,C
2-PB1,1237,3246,0,4,0,3250,A
2-PB1,1238,3244,1,3,0,3248,A
2-PB1,1239,0,0,0,3262,3262,C
2-PB1,1240,3275,0,0,1,3276,A
2-PB1,1241,0,3278,0,3,3281,T
2-PB1,1242,0,3,3322,0,3325,G
2-PB1,1243,0,2,0,3317,3319,C
2-PB1,1244,0,3328,0,3,3331,T
2-PB1,1245,3364,0,1,0,3365,A
2-PB1,1246,3342,1,3,1,3347,A
2-PB1,1247,1,2,3422,0,3425,G
2-PB1,1248,0,3386,0,2,3388,T
2-PB1,1249,3403,0,1,0,3404,A
2-PB1,1250,2,2,0,3429,3433,C
2-PB1,1251,2,6,3438,0,3446,G
2-PB1,1252,1,1,3639,0,3641,G
2-PB1,1253,0,3597,0,7,3604,T
2-PB1,1254,0,3622,0,1,3623,T
2-PB1,1255,0,3630,0,6,3636,T
2-PB1,1256,0,3625,0,1,3626,T
2-PB1,1257,3633,0,4,0,3637,A
2-PB1,1258,2,3,3613,0,3618,G
2-PB1,1259,2,6,3592,0,3600,G
2-PB1,1260,3530,1,4,0,3535,A
2-PB1,1261,1,2,3525,0,3528,G
2-PB1,1262,0,3552,0,5,3557,T
2-PB1,1263,2,0,0,3555,3557,C
2-PB1,1264,0,3562,0,5,3567,T
2-PB1,1265,6,0,0,3589,3595,C
2-PB1,1266,1,8,3605,0,3614,G
2-PB1,1267,3698,0,2,0,3700,A
2-PB1,1268,0,3720,0,1,3721,T
2-PB1,1269,3719,1,4,0,3724,A
2-PB1,1270,0,1,0,3729,3730,C
2-PB1,1271,0,3674,0,4,3678,T
2-PB1,1272,1,6,3683,0,3690,G
2-PB1,1273,3667,0,1,0,3668,A
2-PB1,1274,3716,0,2,1,3719,A
2-PB1,1275,0,3716,0,6,3722,T
2-PB1,1276,1,0,0,3668,3669,C
2-PB1,1277,0,3661,0,1,3662,T
2-PB1,1278,0,3648,0,3,3651,T
2-PB1,1279,3,3,3656,0,3662,G
2-PB1,1280,1,6,3649,0,3656,G
2-PB1,1281,3638,0,5,1,3644,A
2-PB1,1282,0,2,0,3663,3665,C
2-PB1,1283,3615,1,0,0,3616,A
2-PB1,1284,3635,0,2,0,3637,A
2-PB1,1285,3650,0,2,0,3652,A
2-PB1,1286,3652,0,5,0,3657,A
2-PB1,1287,1,3,3710,0,3714,G
2-PB1,1288,3707,2,3,0,3712,A
2-PB1,1289,3715,0,2,1,3718,A
2-PB1,1290,3709,0,5,0,3714,A
2-PB1,1291,0,3703,0,0,3703,T
2-PB1,1292,3706,1,1,0,3708,A
2-PB1,1293,0,2,0,3811,3813,C
2-PB1,1294,3773,0,2,0,3775,A
2-PB1,1295,0,0,0,3806,3806,C
2-PB1,1296,6,1,0,3765,3772,C
2-PB1,1297,3771,0,0,0,3771,A
2-PB1,1298,3806,1,5,1,3813,A
2-PB1,1299,0,3,3894,0,3897,G
2-PB1,1300,3923,0,7,0,3930,A
2-PB1,1301,1,0,0,3978,3979,C
2-PB1,1302,3905,0,5,0,3910,A
2-PB1,1303,4023,0,4,0,4027,A
2-PB1,1304,0,8,0,4034,4042,C
2-PB1,1305,4098,0,3,0,4101,A
2-PB1,1306,0,4102,0,2,4104,T
2-PB1,1307,4079,0,0,0,4079,A
2-PB1,1308,0,0,0,4148,4148,C
2-PB1,1309,1,4006,0,1,4008,T
2-PB1,1310,0,4,4083,0,4087,G
2-PB1,1311,2,0,4068,0,4070,G
2-PB1,1312,0,3963,0,2,3965,T
2-PB1,1313,2,3,3978,1,3984,G
2-PB1,1314,1,4,3932,0,3937,G
2-PB1,1315,0,3,3959,0,3962,G
2-PB1,1316,3940,0,3,0,3943,A
2-PB1,1317,0,3874,0,4,3878,T
2-PB1,1318,1,0,3874,0,3875,G
2-PB1,1319,1,0,3845,0,3846,G
2-PB1,1320,0,0,3872,0,3872,G
2-PB1,1321,3,1,0,3917,3921,C
2-PB1,1322,0,3900,0,4,3904,T
2-PB1,1323,1,2,0,3939,3942,C
2-PB1,1324,3,0,0,3961,3964,C
2-PB1,1325,3957,0,2,0,3959,A
2-PB1,1326,3962,0,1,0,3963,A
2-PB1,1327,1,3925,0,3,3929,T
2-PB1,1328,2,1,0,3916,3919,C
2-PB1,1329,4,0,0,3895,3899,C
2-PB1,1330,0,3849,0,3,3852,T
2-PB1,1331,2,1,0,3852,3855,C
2-PB1,1332,2,0,0,3852,3854,C
2-PB1,1333,2,2,3864,0,3868,G
2-PB1,1334,3850,0,2,0,3852,A
2-PB1,1335,0,1,0,3857,3858,C
2-PB1,1336,0,6,3867,0,3873,G
2-PB1,1337,3881,0,1,0,3882,A
2-PB1,1338,1,3893,0,3,3897,T
2-PB1,1339,0,3883,0,4,3887,T
2-PB1,1340,0,3873,0,4,3877,T
2-PB1,1341,0,3890,1,1,3892,T
2-PB1,1342,0,1,3893,0,3894,G
2-PB1,1343,0,2,0,3901,3903,C
2-PB1,1344,6,3,0,3883,3892,C
2-PB1,1345,5,0,0,4014,4019,C
2-PB1,1346,0,3975,0,8,3983,T
2-PB1,1347,3,0,0,4143,4146,C
2-PB1,1348,4162,0,2,0,4164,A
2-PB1,1349,0,4183,0,2,4185,T
2-PB1,1350,4186,0,2,0,4188,A
2-PB1,1351,0,1,4225,0,4226,G
2-PB1,1352,0,4158,0,2,4160,T
2-PB1,1353,1,7,4183,0,4191,G
2-PB1,1354,4046,0,3,0,4049,A
2-PB1,1355,4061,0,1,0,4062,A
2-PB1,1356,0,3880,1,2,3883,T
2-PB1,1357,3,1,3868,0,3872,G
2-PB1,1358,2,2,0,3902,3906,C
2-PB1,1359,3898,2,2,1,3903,A
2-PB1,1360,0,2,0,3923,3925,C
2-PB1,1361,6,0,0,3896,3902,C
2-PB1,1362,3872,0,0,0,3872,A
2-PB1,1363,3872,0,0,0,3872,A
2-PB1,1364,3863,0,0,0,3863,A
2-PB1,1365,0,3789,0,1,3790,T
2-PB1,1366,3,1,0,3912,3916,C
2-PB1,1367,3906,0,0,0,3906,A
2-PB1,1368,0,3916,0,0,3916,T
2-PB1,1369,1,1,3916,0,3918,G
2-PB1,1370,3936,0,3,0,3939,A
2-PB1,1371,1,10,3935,0,3946,G
2-PB1,1372,4,0,3921,0,3925,G
2-PB1,1373,1,5,3937,0,3943,G
2-PB1,1374,3919,0,2,0,3921,A
2-PB1,1375,3984,0,4,0,3988,A
2-PB1,1376,0,3999,0,1,4000,T
2-PB1,1377,4007,0,3,0,4010,A
2-PB1,1378,0,0,0,4016,4016,C
2-PB1,1379,4038,0,0,0,4038,A
2-PB1,1380,4008,1,9,0,4018,A
2-PB1,1381,1,2,3993,0,3996,G
2-PB1,1382,1,1,0,3986,3988,C
2-PB1,1383,3951,1,5,0,3957,A
2-PB1,1384,0,1,3992,0,3993,G
2-PB1,1385,1,3,3995,0,3999,G
2-PB1,1386,3970,0,1,0,3971,A
2-PB1,1387,1,4,3994,0,3999,G
2-PB1,1388,0,3929,0,3,3932,T
2-PB1,1389,1,2,3974,0,3977,G
2-PB1,1390,0,5,3993,0,3998,G
2-PB1,1391,3990,0,2,0,3992,A
2-PB1,1392,0,3985,0,1,3986,T
2-PB1,1393,3954,0,2,0,3956,A
2-PB1,1394,0,2,3968,0,3970,G
2-PB1,1395,4009,0,0,1,4010,A
2-PB1,1396,0,3998,1,0,3999,T
2-PB1,1397,0,3979,0,3,3982,T
2-PB1,1398,2,0,0,4099,4101,C
2-PB1,1399,1,4079,0,4,4084,T
2-PB1,1400,4090,1,1,0,4092,A
2-PB1,1401,0,2,0,4084,4086,C
2-PB1,1402,4014,0,3,0,4017,A
2-PB1,1403,1,3,4009,0,4013,G
2-PB1,1404,0,7,3926,0,3933,G
2-PB1,1405,3977,0,2,0,3979,A
2-PB1,1406,0,0,0,3969,3969,C
2-PB1,1407,1,0,0,3871,3872,C
2-PB1,1408,0,3826,0,10,3836,T
2-PB1,1409,2,1,3847,0,3850,G
2-PB1,1410,1,6,0,3841,3848,C
2-PB1,1411,3867,1,1,0,3869,A
2-PB1,1412,3865,0,8,0,3873,A
2-PB1,1413,0,1,3887,0,3888,G
2-PB1,1414,0,3799,0,2,3801,T
2-PB1,1415,0,3815,0,0,3815,T
2-PB1,1416,3767,0,2,0,3769,A
2-PB1,1417,1,1,3776,0,3778,G
2-PB1,1418,0,3733,0,2,3735,T
2-PB1,1419,1,1,3728,0,3730,G
2-PB1,1420,1,5,3728,0,3734,G
2-PB1,1421,2,7,3745,0,3754,G
2-PB1,1422,3731,0,8,0,3739,A
2-PB1,1423,3753,0,1,0,3754,A
2-PB1,1424,0,3735,0,1,3736,T
2-PB1,1425,3,1,0,3759,3763,C
2-PB1,1426,3766,0,3,0,3769,A
2-PB1,1427,3766,1,3,0,3770,A
2-PB1,1428,0,1,0,3763,3764,C
2-PB1,1429,3749,0,4,1,3754,A
2-PB1,1430,0,3698,0,0,3698,T
2-PB1,1431,1,6,3701,0,3708,G
2-PB1,1432,3704,0,6,0,3710,A
2-PB1,1433,1,0,3723,0,3724,G
2-PB1,1434,0,1,0,3707,3708,C
2-PB1,1435,3723,0,0,0,3723,A
2-PB1,1436,3717,0,1,0,3718,A
2-PB1,1437,3728,0,3,0,3731,A
2-PB1,1438,3752,0,2,0,3754,A
2-PB1,1439,3745,0,5,0,3750,A
2-PB1,1440,3,3,3743,0,3749,G
2-PB1,1441,3710,0,1,0,3711,A
2-PB1,1442,3660,0,6,0,3666,A
2-PB1,1443,0,1,3780,0,3781,G
2-PB1,1444,0,3750,0,3,3753,T
2-PB1,1445,9,1,0,3749,3759,C
2-PB1,1446,2,0,0,3774,3776,C
2-PB1,1447,0,3783,0,4,3787,T
2-PB1,1448,3842,0,2,1,3845,A
2-PB1,1449,0,3829,1,2,3832,T
2-PB1,1450,3843,0,3,0,3846,A
2-PB1,1451,0,3843,0,0,3843,T
2-PB1,1452,3817,0,6,1,3824,A
2-PB1,1453,3815,0,2,0,3817,A
2-PB1,1454,3814,0,0,0,3814,A
2-PB1,1455,0,3813,0,0,3813,T
2-PB1,1456,3777,0,0,0,3777,A
2-PB1,1457,3751,1,0,0,3752,A
2-PB1,1458,3767,0,2,0,3769,A
2-PB1,1459,3755,0,4,0,3759,A
2-PB1,1460,0,1,0,3772,3773,C
2-PB1,1461,3603,0,0,0,3603,A
2-PB1,1462,0,2,3595,0,3597,G
2-PB1,1463,1,3,3589,0,3593,G
2-PB1,1464,5,5,3586,0,3596,G
2-PB1,1465,3578,2,4,1,3585,A
2-PB1,1466,0,3,0,3600,3603,C
2-PB1,1467,3575,1,7,0,3583,A
2-PB1,1468,0,3603,0,0,3603,T
2-PB1,1469,1,3592,0,5,3598,T
2-PB1,1470,0,3604,0,0,3604,T
2-PB1,1471,0,6,3598,0,3604,G
2-PB1,1472,3571,0,1,0,3572,A
2-PB1,1473,3592,0,2,0,3594,A
2-PB1,1474,0,3575,0,3,3578,T
2-PB1,1475,1,3518,0,6,3525,T
2-PB1,1476,3,0,0,3539,3542,C
2-PB1,1477,3513,1,2,1,3517,A
2-PB1,1478,0,2,0,3525,3527,C
2-PB1,1479,0,3530,0,5,3535,T
2-PB1,1480,3540,0,1,0,3541,A
2-PB1,1481,0,1,3516,0,3517,G
2-PB1,1482,1,1,0,3526,3528,C
2-PB1,1483,0,3482,0,6,3488,T
2-PB1,1484,1,3542,0,0,3543,T
2-PB1,1485,0,3516,0,2,3518,T
2-PB1,1486,2,3523,0,0,3525,T
2-PB1,1487,0,3521,0,3,3524,T
2-PB1,1488,0,3528,0,3,3531,T
2-PB1,1489,0,3515,0,4,3519,T
2-PB1,1490,3509,0,0,0,3509,A
2-PB1,1491,0,3480,0,0,3480,T
2-PB1,1492,4,2,0,3490,3496,C
2-PB1,1493,2,3,3514,0,3519,G
2-PB1,1494,3626,0,2,0,3628,A
2-PB1,1495,0,3618,0,0,3618,T
2-PB1,1496,3631,0,0,0,3631,A
2-PB1,1497,0,3658,0,2,3660,T
2-PB1,1498,1,5,3625,0,3631,G
2-PB1,1499,3,3,3650,0,3656,G
2-PB1,1500,3657,0,2,1,3660,A
2-PB1,1501,0,3625,0,4,3629,T
2-PB1,1502,0,3603,0,0,3603,T
2-PB1,1503,0,3515,0,0,3515,T
2-PB1,1504,0,0,3527,0,3527,G
2-PB1,1505,1,3499,0,0,3500,T
2-PB1,1506,0,3,3502,0,3505,G
2-PB1,1507,2,0,3491,0,3493,G
2-PB1,1508,0,0,0,3427,3427,C
2-PB1,1509,0,3489,0,2,3491,T
2-PB1,1510,3490,0,1,0,3491,A
2-PB1,1511,3512,0,0,0,3512,A
2-PB1,1512,0,3538,0,1,3539,T
2-PB1,1513,0,3537,0,2,3539,T
2-PB1,1514,0,3541,0,0,3541,T
2-PB1,1515,0,3547,0,2,3549,T
2-PB1,1516,3554,2,0,0,3556,A
2-PB1,1517,1,0,3570,0,3571,G
2-PB1,1518,0,1,0,3578,3579,C
2-PB1,1519,3556,0,4,0,3560,A
2-PB1,1520,0,3545,0,3,3548,T
2-PB1,1521,0,4,3529,0,3533,G
2-PB1,1522,0,5,3569,0,3574,G
2-PB1,1523,3552,0,1,0,3553,A
2-PB1,1524,1,0,3559,0,3560,G
2-PB1,1525,1,1,0,3527,3529,C
2-PB1,1526,0,3520,0,3,3523,T
2-PB1,1527,1,1,3514,0,3516,G
2-PB1,1528,1,1,0,3497,3499,C
2-PB1,1529,3,0,0,3483,3486,C
2-PB1,1530,5,1,0,3521,3527,C
2-PB1,1531,3444,0,0,0,3444,A
2-PB1,1532,1,2,3648,0,3651,G
2-PB1,1533,0,3639,1,2,3642,T
2-PB1,1534,1,3643,0,0,3644,T
2-PB1,1535,0,3629,0,0,3629,T
2-PB1,1536,0,3607,0,1,3608,T
2-PB1,1537,3,0,3601,0,3604,G
2-PB1,1538,0,7,3585,0,3592,G
2-PB1,1539,3582,0,2,0,3584,A
2-PB1,1540,3,0,3590,0,3593,G
2-PB1,1541,0,3341,0,3,3344,T
2-PB1,1542,0,0,3491,0,3491,G
2-PB1,1543,0,3464,0,1,3465,T
2-PB1,1544,4,1,0,3483,3488,C
2-PB1,1545,1,3493,1,4,3499,T
2-PB1,1546,1,0,3514,0,3515,G
2-PB1,1547,4,2,3549,0,3555,G
2-PB1,1548,3561,0,1,0,3562,A
2-PB1,1549,3566,0,2,0,3568,A
2-PB1,1550,0,3535,0,0,3535,T
2-PB1,1551,3277,1,2,0,3280,A
2-PB1,1552,3275,0,8,0,3283,A
2-PB1,1553,3279,0,0,1,3280,A
2-PB1,1554,0,0,0,3278,3278,C
2-PB1,1555,1,8,3242,0,3251,G
2-PB1,1556,3214,0,3,0,3217,A
2-PB1,1557,0,0,3214,0,3214,G
2-PB1,1558,0,3197,0,3,3200,T
2-PB1,1559,8,1,0,3205,3214,C
2-PB1,1560,3225,0,8,3,3236,A
2-PB1,1561,1,0,3249,0,3250,G
2-PB1,1562,0,1,0,3235,3236,C
2-PB1,1563,0,3249,0,1,3250,T
2-PB1,1564,2,4,3331,0,3337,G
2-PB1,1565,3320,1,2,0,3323,A
2-PB1,1566,0,3318,0,0,3318,T
2-PB1,1567,3319,0,7,0,3326,A
2-PB1,1568,0,3284,0,1,3285,T
2-PB1,1569,1,4,3307,0,3312,G
2-PB1,1570,3183,0,1,0,3184,A
2-PB1,1571,1,2,3204,0,3207,G
2-PB1,1572,1,1,0,3225,3227,C
2-PB1,1573,3065,1,0,0,3066,A
2-PB1,1574,0,3061,0,1,3062,T
2-PB1,1575,0,3048,0,0,3048,T
2-PB1,1576,2,2,3101,0,3105,G
2-PB1,1577,0,3,3237,0,3240,G
2-PB1,1578,3205,0,6,0,3211,A
2-PB1,1579,2,0,3205,0,3207,G
2-PB1,1580,0,3095,0,2,3097,T
2-PB1,1581,3097,0,0,0,3097,A
2-PB1,1582,3104,0,1,0,3105,A
2-PB1,1583,1,0,0,3130,3131,C
2-PB1,1584,3113,0,1,0,3114,A
2-PB1,1585,1,1,3150,0,3152,G
2-PB1,1586,0,2825,0,4,2829,T
2-PB1,1587,2,4,2845,0,2851,G
2-PB1,1588,2877,0,11,0,2888,A
2-PB1,1589,0,2884,0,0,2884,T
2-PB1,1590,2884,0,0,0,2884,A
2-PB1,1591,2882,0,1,0,2883,A
2-PB1,1592,2804,0,10,0,2814,A
2-PB1,1593,1,2,2847,0,2850,G
2-PB1,1594,2695,0,0,0,2695,A
2-PB1,1595,2689,0,3,0,2692,A
2-PB1,1596,1,2,0,2699,2702,C
2-PB1,1597,2601,0,1,1,2603,A
2-PB1,1598,2629,0,2,0,2631,A
2-PB1,1599,2,2,0,2643,2647,C
2-PB1,1600,2676,0,1,1,2678,A
2-PB1,1601,2,2658,9,0,2669,T
2-PB1,1602,0,3,2632,0,2635,G
2-PB1,1603,2641,1,2,0,2644,A
2-PB1,1604,1,2636,0,1,2638,T
2-PB1,1605,2617,0,1,0,2618,A
2-PB1,1606,2640,1,1,0,2642,A
2-PB1,1607,2623,0,2,2,2627,A
2-PB1,1608,0,0,0,2638,2638,C
2-PB1,1609,2529,0,1,0,2530,A
2-PB1,1610,2513,0,2,0,2515,A
2-PB1,1611,1,2469,0,2,2472,T
2-PB1,1612,0,3,2464,0,2467,G
2-PB1,1613,2503,0,4,0,2507,A
2-PB1,1614,0,0,0,2547,2547,C
2-PB1,1615,1,0,0,2513,2514,C
2-PB1,1616,1,2440,0,2,2443,T
2-PB1,1617,1,2406,0,2,2409,T
2-PB1,1618,1,0,2415,0,2416,G
2-PB1,1619,1,4,2434,0,2439,G
2-PB1,1620,2448,1,3,0,2452,A
2-PB1,1621,0,1,0,2454,2455,C
2-PB1,1622,1,0,0,2435,2436,C
2-PB1,1623,2423,0,1,0,2424,A
2-PB1,1624,2,0,2446,0,2448,G
2-PB1,1625,0,0,0,2446,2446,C
2-PB1,1626,2454,0,3,0,2457,A
2-PB1,1627,2442,0,0,0,2442,A
2-PB1,1628,1,1,0,2431,2433,C
2-PB1,1629,2420,0,1,0,2421,A
2-PB1,1630,0,0,2457,0,2457,G
2-PB1,1631,2,0,1,2451,2454,C
2-PB1,1632,0,0,0,2461,2461,C
2-PB1,1633,5,0,0,2454,2459,C
2-PB1,1634,2475,0,0,0,2475,A
2-PB1,1635,2469,0,1,0,2470,A
2-PB1,1636,2461,0,0,0,2461,A
2-PB1,1637,0,2459,0,1,2460,T
2-PB1,1638,1,3,2460,0,2464,G
2-PB1,1639,1,1,2406,0,2408,G
2-PB1,1640,0,0,0,2426,2426,C
2-PB1,1641,0,2400,0,4,2404,T
2-PB1,1642,2,1,0,2460,2463,C
2-PB1,1643,0,2456,0,1,2457,T
2-PB1,1644,3,0,0,2483,2486,C
2-PB1,1645,2,0,0,2487,2489,C
2-PB1,1646,2496,0,0,0,2496,A
2-PB1,1647,2507,0,0,0,2507,A
2-PB1,1648,0,2491,0,0,2491,T
2-PB1,1649,0,2471,0,0,2471,T
2-PB1,1650,1,0,2471,0,2472,G
2-PB1,1651,0,2413,0,5,2418,T
2-PB1,1652,0,2406,1,1,2408,T
2-PB1,1653,4,11,0,2402,2417,C
2-PB1,1654,2423,0,1,0,2424,A
2-PB1,1655,0,2404,1,4,2409,T
2-PB1,1656,3,0,0,2411,2414,C
2-PB1,1657,2423,0,0,1,2424,A
2-PB1,1658,2424,0,0,0,2424,A
2-PB1,1659,2414,0,4,0,2418,A
2-PB1,1660,0,1,2482,0,2483,G
2-PB1,1661,2473,0,0,0,2473,A
2-PB1,1662,0,2469,0,0,2469,T
2-PB1,1663,0,2477,0,2,2479,T
2-PB1,1664,2486,0,1,1,2488,A
2-PB1,1665,1,1,0,2528,2530,C
2-PB1,1666,2514,0,3,0,2517,A
2-PB1,1667,4,0,2539,0,2543,G
2-PB1,1668,2538,1,2,1,2542,A
2-PB1,1669,0,2583,0,2,2585,T
2-PB1,1670,2594,0,1,0,2595,A
2-PB1,1671,0,0,0,2742,2742,C
2-PB1,1672,2769,1,8,0,2778,A
2-PB1,1673,0,0,0,2969,2969,C
2-PB1,1674,2932,0,0,0,2932,A
2-PB1,1675,0,2957,0,0,2957,T
2-PB1,1676,2935,0,1,0,2936,A
2-PB1,1677,0,2926,0,0,2926,T
2-PB1,1678,2854,1,6,0,2861,A
2-PB1,1679,0,0,2845,0,2845,G
2-PB1,1680,2,0,2816,0,2818,G
2-PB1,1681,0,2667,0,2,2669,T
2-PB1,1682,0,1,2657,0,2658,G
2-PB1,1683,1,0,0,2748,2749,C
2-PB1,1684,5,0,0,2751,2756,C
2-PB1,1685,2797,0,2,0,2799,A
2-PB1,1686,0,2803,0,0,2803,T
2-PB1,1687,2800,0,2,0,2802,A
2-PB1,1688,0,1,2833,0,2834,G
2-PB1,1689,2766,0,1,0,2767,A
2-PB1,1690,1,2,2766,0,2769,G
2-PB1,1691,0,3,2764,0,2767,G
2-PB1,1692,2666,0,3,0,2669,A
2-PB1,1693,0,1,2688,0,2689,G
2-PB1,1694,2669,0,2,0,2671,A
2-PB1,1695,0,0,0,2678,2678,C
2-PB1,1696,2658,0,1,0,2659,A
2-PB1,1697,0,3,0,2689,2692,C
2-PB1,1698,2684,0,7,0,2691,A
2-PB1,1699,0,0,0,2707,2707,C
2-PB1,1700,2697,0,1,0,2698,A
2-PB1,1701,2697,0,0,0,2697,A
2-PB1,1702,2709,0,2,0,2711,A
2-PB1,1703,0,2702,0,1,2703,T
2-PB1,1704,5,1,1,2697,2704,C
2-PB1,1705,2,0,0,2713,2715,C
2-PB1,1706,2689,0,1,1,2691,A
2-PB1,1707,0,1,2703,0,2704,G
2-PB1,1708,2694,0,3,0,2697,A
2-PB1,1709,0,0,0,2723,2723,C
2-PB1,1710,0,6,2709,0,2715,G
2-PB1,1711,2693,0,0,0,2693,A
2-PB1,1712,0,2,2698,0,2700,G
2-PB1,1713,2693,0,2,0,2695,A
2-PB1,1714,2704,0,0,1,2705,A
2-PB1,1715,0,1,2705,0,2706,G
2-PB1,1716,2707,0,2,0,2709,A
2-PB1,1717,0,2699,0,1,2700,T
2-PB1,1718,5,0,0,2682,2687,C
2-PB1,1719,2697,1,0,1,2699,A
2-PB1,1720,0,2689,0,0,2689,T
2-PB1,1721,0,2692,0,0,2692,T
2-PB1,1722,5,0,0,2686,2691,C
2-PB1,1723,0,4,2687,0,2691,G
2-PB1,1724,2656,1,2,1,2660,A
2-PB1,1725,0,4,2676,0,2680,G
2-PB1,1726,2645,0,0,0,2645,A
2-PB1,1727,0,2731,0,0,2731,T
2-PB1,1728,2733,0,1,0,2734,A
2-PB1,1729,2741,0,1,0,2742,A
2-PB1,1730,2739,0,1,1,2741,A
2-PB1,1731,2,0,2738,0,2740,G
2-PB1,1732,2745,0,1,0,2746,A
2-PB1,1733,2668,0,3,0,2671,A
2-PB1,1734,1,2,2666,0,2669,G
2-PB1,1735,0,0,0,2676,2676,C
2-PB1,1736,0,2674,0,1,2675,T
2-PB1,1737,0,2,2679,0,2681,G
2-PB1,1738,0,2668,0,1,2669,T
2-PB1,1739,0,3,2671,0,2674,G
2-PB1,1740,1,0,2665,0,2666,G
2-PB1,1741,0,1,2685,0,2686,G
2-PB1,1742,2694,0,1,0,2695,A
2-PB1,1743,0,2686,0,0,2686,T
2-PB1,1744,2,1,1,2670,2674,C
2-PB1,1745,2680,0,1,0,2681,A
2-PB1,1746,2692,0,1,1,2694,A
2-PB1,1747,2694,0,2,0,2696,A
2-PB1,1748,0,0,0,2690,2690,C
2-PB1,1749,1,0,0,2682,2683,C
2-PB1,1750,2,1,0,2692,2695,C
2-PB1,1751,2695,0,0,0,2695,A
2-PB1,1752,2733,0,2,0,2735,A
2-PB1,1753,0,2715,0,0,2715,T
2-PB1,1754,3,0,0,2736,2739,C
2-PB1,1755,2716,0,0,0,2716,A
2-PB1,1756,2690,0,3,0,2693,A
2-PB1,1757,2,5,2715,0,2722,G
2-PB1,1758,0,2,2695,0,2697,G
2-PB1,1759,0,2,2691,0,2693,G
2-PB1,1760,0,1,0,2712,2713,C
2-PB1,1761,2674,0,2,0,2676,A
2-PB1,1762,0,2,2724,0,2726,G
2-PB1,1763,0,2,2755,0,2757,G
2-PB1,1764,2760,0,3,1,2764,A
2-PB1,1765,1,1,0,2804,2806,C
2-PB1,1766,0,2769,0,1,2770,T
2-PB1,1767,2844,0,0,0,2844,A
2-PB1,1768,0,2826,0,5,2831,T
2-PB1,1769,0,2837,0,1,2838,T
2-PB1,1770,1,1,2857,0,2859,G
2-PB1,1771,3,1,2859,0,2863,G
2-PB1,1772,0,2805,0,0,2805,T
2-PB1,1773,2839,0,0,0,2839,A
2-PB1,1774,0,2801,0,2,2803,T
2-PB1,1775,3,1,0,2819,2823,C
2-PB1,1776,2769,0,1,0,2770,A
2-PB1,1777,0,0,2802,0,2802,G
2-PB1,1778,2792,0,3,0,2795,A
2-PB1,1779,0,2775,0,0,2775,T
2-PB1,1780,0,5,2681,0,2686,G
2-PB1,1781,1,1,2665,0,2667,G
2-PB1,1782,0,3,2666,0,2669,G
2-PB1,1783,0,0,2671,0,2671,G
2-PB1,1784,1,6,2655,0,2662,G
2-PB1,1785,2646,0,5,0,2651,A
2-PB1,1786,1,0,0,2641,2642,C
2-PB1,1787,4,1,0,2631,2636,C
2-PB1,1788,2649,0,1,0,2650,A
2-PB1,1789,2837,0,0,0,2837,A
2-PB1,1790,2844,0,1,0,2845,A
2-PB1,1791,2,0,0,2917,2919,C
2-PB1,1792,0,2884,0,2,2886,T
2-PB1,1793,0,2892,0,1,2893,T
2-PB1,1794,2906,0,2,0,2908,A
2-PB1,1795,1,2899,0,0,2900,T
2-PB1,1796,2894,0,4,0,2898,A
2-PB1,1797,0,1,0,2904,2905,C
2-PB1,1798,2700,0,1,0,2701,A
2-PB1,1799,2702,0,0,0,2702,A
2-PB1,1800,0,2640,0,1,2641,T
2-PB1,1801,2666,0,1,0,2667,A
2-PB1,1802,0,2655,0,0,2655,T
2-PB1,1803,1,0,1,2643,2645,C
2-PB1,1804,1,1,0,2650,2652,C
2-PB1,1805,0,0,2654,0,2654,G
2-PB1,1806,0,1,2660,0,2661,G
2-PB1,1807,2649,0,2,0,2651,A
2-PB1,1808,2663,0,1,0,2664,A
2-PB1,1809,0,2662,0,0,2662,T
2-PB1,1810,1,0,0,2671,2672,C
2-PB1,1811,0,2671,0,2,2673,T
2-PB1,1812,1,2670,0,2,2673,T
2-PB1,1813,5,0,0,2665,2670,C
2-PB1,1814,2669,1,1,0,2671,A
2-PB1,1815,0,1,0,2685,2686,C
2-PB1,1816,2679,0,1,0,2680,A
2-PB1,1817,0,2858,0,1,2859,T
2-PB1,1818,1,0,0,2875,2876,C
2-PB1,1819,1,2,0,2868,2871,C
2-PB1,1820,1,1,0,2903,2905,C
2-PB1,1821,0,2899,0,3,2902,T
2-PB1,1822,1,0,2909,0,2910,G
2-PB1,1823,2892,0,0,1,2893,A
2-PB1,1824,2889,0,2,1,2892,A
2-PB1,1825,0,1,2901,0,2902,G
2-PB1,1826,0,2704,0,3,2707,T
2-PB1,1827,1,0,0,2730,2731,C
2-PB1,1828,0,2679,0,3,2682,T
2-PB1,1829,1,0,2729,0,2730,G
2-PB1,1830,0,0,0,2727,2727,C
2-PB1,1831,0,2737,0,3,2740,T
2-PB1,1832,0,2746,0,0,2746,T
2-PB1,1833,2751,0,0,0,2751,A
2-PB1,1834,2745,0,1,0,2746,A
2-PB1,1835,2740,0,0,0,2740,A
2-PB1,1836,2687,1,2,0,2690,A
2-PB1,1837,0,2702,0,1,2703,T
2-PB1,1838,0,5,2702,0,2707,G
2-PB1,1839,1,0,2694,0,2695,G
2-PB1,1840,1,1,2695,0,2697,G
2-PB1,1841,2685,1,3,1,2690,A
2-PB1,1842,0,0,2709,0,2709,G
2-PB1,1843,2,0,0,2685,2687,C
2-PB1,1844,0,2724,0,1,2725,T
2-PB1,1845,1,1,2736,0,2738,G
2-PB1,1846,2721,1,3,0,2725,A
2-PB1,1847,0,2732,0,1,2733,T
2-PB1,1848,2,1,2744,0,2747,G
2-PB1,1849,0,0,2742,0,2742,G
2-PB1,1850,2735,1,2,0,2738,A
2-PB1,1851,0,2724,7,1,2732,T
2-PB1,1852,1,4,2728,0,2733,G
2-PB1,1853,2706,0,4,0,2710,A
2-PB1,1854,0,3,2741,0,2744,G
2-PB1,1855,2738,0,6,0,2744,A
2-PB1,1856,2741,0,0,0,2741,A
2-PB1,1857,0,2721,0,2,2723,T
2-PB1,1858,0,2718,0,1,2719,T
2-PB1,1859,2722,0,0,0,2722,A
2-PB1,1860,1,2704,0,0,2705,T
2-PB1,1861,4,1,0,2707,2712,C
2-PB1,1862,1,0,2719,0,2720,G
2-PB1,1863,0,3,2683,0,2686,G
2-PB1,1864,0,2,2680,0,2682,G
2-PB1,1865,0,4,2674,0,2678,G
2-PB1,1866,2679,0,1,0,2680,A
2-PB1,1867,2673,0,2,0,2675,A
2-PB1,1868,0,2,2698,0,2700,G
2-PB1,1869,2716,0,1,0,2717,A
2-PB1,1870,3,1,0,2729,2733,C
2-PB1,1871,0,2705,0,0,2705,T
2-PB1,1872,0,2776,0,0,2776,T
2-PB1,1873,0,2770,0,1,2771,T
2-PB1,1874,0,0,2790,0,2790,G
2-PB1,1875,0,2796,0,1,2797,T
2-PB1,1876,2785,0,1,0,2786,A
2-PB1,1877,2765,0,7,0,2772,A
2-PB1,1878,0,2710,0,2,2712,T
2-PB1,1879,0,1,0,2739,2740,C
2-PB1,1880,4,0,0,2720,2724,C
2-PB1,1881,3,1,0,2706,2710,C
2-PB1,1882,2,0,0,2727,2729,C
2-PB1,1883,0,2715,0,1,2716,T
2-PB1,1884,0,4,2723,0,2727,G
2-PB1,1885,2709,0,0,0,2709,A
2-PB1,1886,2720,0,0,0,2720,A
2-PB1,1887,0,2729,0,2,2731,T
2-PB1,1888,0,0,0,2714,2714,C
2-PB1,1889,3,0,0,2683,2686,C
2-PB1,1890,1,7,0,2660,2668,C
2-PB1,1891,0,2671,0,5,2676,T
2-PB1,1892,0,2689,0,0,2689,T
2-PB1,1893,0,2690,0,0,2690,T
2-PB1,1894,1,1,2698,0,2700,G
2-PB1,1895,0,2666,0,2,2668,T
2-PB1,1896,4,0,0,2674,2678,C
2-PB1,1897,2642,0,6,0,2648,A
2-PB1,1898,1,2,2675,0,2678,G
2-PB1,1899,0,0,0,2660,2660,C
2-PB1,1900,2,0,0,2669,2671,C
2-PB1,1901,2681,0,1,0,2682,A
2-PB1,1902,0,2699,0,0,2699,T
2-PB1,1903,2700,0,1,0,2701,A
2-PB1,1904,2708,0,1,0,2709,A
2-PB1,1905,2703,0,4,0,2707,A
2-PB1,1906,0,4,2735,0,2739,G
2-PB1,1907,2690,0,1,0,2691,A
2-PB1,1908,2689,1,1,0,2691,A
2-PB1,1909,2691,0,2,0,2693,A
2-PB1,1910,0,2667,0,0,2667,T
2-PB1,1911,0,2677,0,1,2678,T
2-PB1,1912,1,4,2677,0,2682,G
2-PB1,1913,2662,0,5,0,2667,A
2-PB1,1914,0,0,2706,0,2706,G
2-PB1,1915,1,2706,0,2,2709,T
2-PB1,1916,3,0,0,2727,2730,C
2-PB1,1917,1,2730,1,2,2734,T
2-PB1,1918,2,0,2771,0,2773,G
2-PB1,1919,1,2764,1,0,2766,T
2-PB1,1920,2803,0,1,0,2804,A
2-PB1,1921,2807,0,0,0,2807,A
2-PB1,1922,2803,0,3,0,2806,A
2-PB1,1923,0,0,0,2808,2808,C
2-PB1,1924,2729,0,1,0,2730,A
2-PB1,1925,2786,0,1,0,2787,A
2-PB1,1926,0,2779,0,0,2779,T
2-PB1,1927,0,0,2764,0,2764,G
2-PB1,1928,0,8,0,2791,2799,C
2-PB1,1929,0,2782,0,2,2784,T
2-PB1,1930,1,0,2859,0,2860,G
2-PB1,1931,0,2851,0,0,2851,T
2-PB1,1932,2907,0,3,0,2910,A
2-PB1,1933,1,0,2905,0,2906,G
2-PB1,1934,0,2846,1,1,2848,T
2-PB1,1935,2839,0,0,0,2839,A
2-PB1,1936,2811,1,2,0,2814,A
2-PB1,1937,0,2800,0,1,2801,T
2-PB1,1938,2,0,2782,0,2784,G
2-PB1,1939,0,1,0,2731,2732,C
2-PB1,1940,1,2,0,2731,2734,C
2-PB1,1941,2675,0,0,0,2675,A
2-PB1,1942,1,0,2713,0,2714,G
2-PB1,1943,0,0,0,2722,2722,C
2-PB1,1944,0,1,0,2725,2726,C
2-PB1,1945,1,1,0,2739,2741,C
2-PB1,1946,2737,0,2,0,2739,A
2-PB1,1947,1,2729,1,4,2735,T
2-PB1,1948,1,5,2735,0,2741,G
2-PB1,1949,2,0,2751,0,2753,G
2-PB1,1950,0,2742,0,7,2749,T
2-PB1,1951,7,0,0,2680,2687,C
2-PB1,1952,0,0,0,2659,2659,C
2-PB1,1953,0,2643,0,1,2644,T
2-PB1,1954,2,1,2675,0,2678,G
2-PB1,1955,0,0,0,2650,2650,C
2-PB1,1956,3,0,0,2669,2672,C
2-PB1,1957,2677,0,2,0,2679,A
2-PB1,1958,2645,0,0,0,2645,A
2-PB1,1959,2643,0,0,0,2643,A
2-PB1,1960,2653,0,4,0,2657,A
2-PB1,1961,0,0,2698,1,2699,G
2-PB1,1962,0,2651,0,0,2651,T
2-PB1,1963,2662,0,0,0,2662,A
2-PB1,1964,1,2644,0,1,2646,T
2-PB1,1965,0,3,2657,0,2660,G
2-PB1,1966,0,3,2698,0,2701,G
2-PB1,1967,2689,1,0,0,2690,A
2-PB1,1968,2702,0,0,4,2706,A
2-PB1,1969,0,2696,0,0,2696,T
2-PB1,1970,2661,0,1,0,2662,A
2-PB1,1971,1,2655,1,1,2658,T
2-PB1,1972,0,2,2648,0,2650,G
2-PB1,1973,2640,1,7,0,2648,A
2-PB1,1974,0,2636,1,2,2639,T
2-PB1,1975,0,0,2559,0,2559,G
2-PB1,1976,0,1,0,2563,2564,C
2-PB1,1977,2,2,0,2525,2529,C
2-PB1,1978,2,0,2529,0,2531,G
2-PB1,1979,1,2530,0,0,2531,T
2-PB1,1980,0,2531,0,0,2531,T
2-PB1,1981,0,1,2534,0,2535,G
2-PB1,1982,0,1,0,2572,2573,C
2-PB1,1983,2569,0,2,0,2571,A
2-PB1,1984,2596,1,1,0,2598,A
2-PB1,1985,0,0,0,2602,2602,C
2-PB1,1986,0,2596,0,0,2596,T
2-PB1,1987,2585,1,1,0,2587,A
2-PB1,1988,0,0,0,2588,2588,C
2-PB1,1989,2569,0,4,0,2573,A
2-PB1,1990,1,1,0,2587,2589,C
2-PB1,1991,2485,0,1,0,2486,A
2-PB1,1992,0,0,0,2654,2654,C
2-PB1,1993,0,2570,0,1,2571,T
2-PB1,1994,2,0,0,2593,2595,C
2-PB1,1995,0,0,0,2611,2611,C
2-PB1,1996,1,2570,0,4,2575,T
2-PB1,1997,2,1,2589,0,2592,G
2-PB1,1998,0,5,2589,0,2594,G
2-PB1,1999,2598,0,1,0,2599,A
2-PB1,2000,0,2599,1,0,2600,T
2-PB1,2001,0,2326,0,3,2329,T
2-PB1,2002,4,1,0,2353,2358,C
2-PB1,2003,1,2,0,2339,2342,C
2-PB1,2004,2,0,0,2363,2365,C
2-PB1,2005,2374,0,2,0,2376,A
2-PB1,2006,2372,0,1,0,2373,A
2-PB1,2007,2,1,2377,0,2380,G
2-PB1,2008,2352,0,2,0,2354,A
2-PB1,2009,0,0,2355,0,2355,G
2-PB1,2010,8,1,2342,0,2351,G
2-PB1,2011,2318,0,2,0,2320,A
2-PB1,2012,2321,0,4,0,2325,A
2-PB1,2013,0,1,0,2317,2318,C
2-PB1,2014,0,2,0,2306,2308,C
2-PB1,2015,0,1,2324,0,2325,G
2-PB1,2016,0,0,0,2316,2316,C
2-PB1,2017,0,2309,2,2,2313,T
2-PB1,2018,6,1,0,2318,2325,C
2-PB1,2019,0,2316,0,1,2317,T
2-PB1,2020,2461,0,0,0,2461,A
2-PB1,2021,0,2448,0,3,2451,T
2-PB1,2022,0,2459,0,0,2459,T
2-PB1,2023,0,0,0,2474,2474,C
2-PB1,2024,0,2382,0,0,2382,T
2-PB1,2025,2390,0,0,0,2390,A
2-PB1,2026,2390,0,1,1,2392,A
2-PB1,2027,2390,0,0,0,2390,A
2-PB1,2028,0,0,0,2398,2398,C
2-PB1,2029,2218,0,1,0,2219,A
2-PB1,2030,1,0,0,2223,2224,C
2-PB1,2031,2189,0,4,0,2193,A
2-PB1,2032,2207,0,2,0,2209,A
2-PB1,2033,0,0,2206,0,2206,G
2-PB1,2034,0,0,0,2195,2195,C
2-PB1,2035,3,0,0,2203,2206,C
2-PB1,2036,2187,0,1,0,2188,A
2-PB1,2037,2188,0,0,1,2189,A
2-PB1,2038,2181,0,3,0,2184,A
2-PB1,2039,0,1,2195,0,2196,G
2-PB1,2040,0,4,2199,0,2203,G
2-PB1,2041,0,1,2158,0,2159,G
2-PB1,2042,1,2,2161,0,2164,G
2-PB1,2043,2146,0,2,0,2148,A
2-PB1,2044,2158,0,2,0,2160,A
2-PB1,2045,0,2160,1,0,2161,T
2-PB1,2046,1,2162,1,0,2164,T
2-PB1,2047,2,1,0,2158,2161,C
2-PB1,2048,0,2145,0,2,2147,T
2-PB1,2049,0,2149,0,1,2150,T
2-PB1,2050,0,1,2152,0,2153,G
2-PB1,2051,2154,1,3,0,2158,A
2-PB1,2052,0,2,2158,0,2160,G
2-PB1,2053,0,2,2153,0,2155,G
2-PB1,2054,2166,1,0,0,2167,A
2-PB1,2055,0,2145,0,1,2146,T
2-PB1,2056,0,8,2146,0,2154,G
2-PB1,2057,2159,0,3,0,2162,A
2-PB1,2058,2145,0,6,0,2151,A
2-PB1,2059,1,1,0,2166,2168,C
2-PB1,2060,2144,0,1,0,2145,A
2-PB1,2061,6,3,2175,0,2184,G
2-PB1,2062,2170,0,3,1,2174,A
2-PB1,2063,0,2154,0,1,2155,T
2-PB1,2064,5,2,2158,0,2165,G
2-PB1,2065,0,2188,0,2,2190,T
2-PB1,2066,2185,0,1,0,2186,A
2-PB1,2067,0,8,0,2171,2179,C
2-PB1,2068,0,1,0,2178,2179,C
2-PB1,2069,2161,0,1,1,2163,A
2-PB1,2070,0,0,2137,0,2137,G
2-PB1,2071,2120,0,1,0,2121,A
2-PB1,2072,2107,0,1,0,2108,A
2-PB1,2073,0,0,2118,0,2118,G
2-PB1,2074,0,1999,0,1,2000,T
2-PB1,2075,0,0,2011,0,2011,G
2-PB1,2076,0,0,0,2001,2001,C
2-PB1,2077,0,1992,0,3,1995,T
2-PB1,2078,1,0,2004,0,2005,G
2-PB1,2079,0,0,1,1990,1991,C
2-PB1,2080,2000,0,1,0,2001,A
2-PB1,2081,1993,0,1,0,1994,A
2-PB1,2082,0,3,0,1956,1959,C
2-PB1,2083,0,1959,1,2,1962,T
2-PB1,2084,0,1931,1,1,1933,T
2-PB1,2085,0,0,1932,0,1932,G
2-PB1,2086,0,1909,1,2,1912,T
2-PB1,2087,0,1920,1,0,1921,T
2-PB1,2088,2,0,0,1916,1918,C
2-PB1,2089,0,2,1922,0,1924,G
2-PB1,2090,1927,0,0,0,1927,A
2-PB1,2091,3,1,1923,0,1927,G
2-PB1,2092,1926,0,1,0,1927,A
2-PB1,2093,1922,0,2,0,1924,A
2-PB1,2094,1926,0,0,0,1926,A
2-PB1,2095,1,1906,0,1,1908,T
2-PB1,2096,0,1915,0,1,1916,T
2-PB1,2097,0,1919,0,2,1921,T
2-PB1,2098,0,1925,0,1,1926,T
2-PB1,2099,0,1916,0,2,1918,T
2-PB1,2100,0,1,0,1923,1924,C
2-PB1,2101,2,1,0,1919,1922,C
2-PB1,2102,2,0,0,1929,1931,C
2-PB1,2103,0,1928,0,0,1928,T
2-PB1,2104,1927,1,1,0,1929,A
2-PB1,2105,0,1,1938,0,1939,G
2-PB1,2106,0,1930,0,0,1930,T
2-PB1,2107,1948,0,1,0,1949,A
2-PB1,2108,1,1,1958,0,1960,G
2-PB1,2109,0,1933,0,3,1936,T
2-PB1,2110,0,1984,0,2,1986,T
2-PB1,2111,11,0,0,1999,2010,C
2-PB1,2112,2036,0,0,0,2036,A
2-PB1,2113,0,2031,0,0,2031,T
2-PB1,2114,2048,0,1,0,2049,A
2-PB1,2115,0,2045,1,0,2046,T
2-PB1,2116,1987,0,4,0,1991,A
2-PB1,2117,1,0,1975,0,1976,G
2-PB1,2118,2,3,1958,0,1963,G
2-PB1,2119,1754,0,0,0,1754,A
2-PB1,2120,0,4,1749,0,1753,G
2-PB1,2121,1632,0,2,0,1634,A
2-PB1,2122,0,1,0,1625,1626,C
2-PB1,2123,0,0,0,1574,1574,C
2-PB1,2124,0,0,1567,0,1567,G
2-PB1,2125,1567,0,0,0,1567,A
2-PB1,2126,0,1558,0,1,1559,T
2-PB1,2127,0,1561,0,1,1562,T
2-PB1,2128,1,0,1551,1,1553,G
2-PB1,2129,0,1,1555,0,1556,G
2-PB1,2130,1556,1,0,0,1557,A
2-PB1,2131,1559,0,0,0,1559,A
2-PB1,2132,0,1549,0,0,1549,T
2-PB1,2133,0,1554,0,0,1554,T
2-PB1,2134,0,1544,0,0,1544,T
2-PB1,2135,1,2,0,1549,1552,C
2-PB1,2136,0,1548,0,1,1549,T
2-PB1,2137,1547,0,2,1,1550,A
2-PB1,2138,0,0,1554,0,1554,G
2-PB1,2139,0,2,0,1538,1540,C
2-PB1,2140,1545,0,0,0,1545,A
2-PB1,2141,0,1536,0,0,1536,T
2-PB1,2142,0,1,1511,0,1512,G
2-PB1,2143,0,0,1552,0,1552,G
2-PB1,2144,0,1535,0,1,1536,T
2-PB1,2145,0,1,1537,0,1538,G
2-PB1,2146,0,0,1537,0,1537,G
2-PB1,2147,1500,0,6,0,1506,A
2-PB1,2148,1,2,1517,0,1520,G
2-PB1,2149,1,0,1509,0,1510,G
2-PB1,2150,0,1,0,1470,1471,C
2-PB1,2151,3,0,0,1479,1482,C
2-PB1,2152,1398,0,0,0,1398,A
2-PB1,2153,0,1402,0,0,1402,T
2-PB1,2154,0,1,1410,0,1411,G
2-PB1,2155,1,0,1417,0,1418,G
2-PB1,2156,0,1389,1,0,1390,T
2-PB1,2157,0,1,1401,0,1402,G
2-PB1,2158,0,1380,0,0,1380,T
2-PB1,2159,1,0,0,1359,1360,C
2-PB1,2160,0,1363,0,0,1363,T
2-PB1,2161,1342,0,1,0,1343,A
2-PB1,2162,0,0,1340,0,1340,G
2-PB1,2163,0,0,1305,0,1305,G
2-PB1,2164,1,0,1270,0,1271,G
2-PB1,2165,0,0,0,1248,1248,C
2-PB1,2166,0,0,1,1187,1188,C
2-PB1,2167,1,0,0,1177,1178,C
2-PB1,2168,0,2,1181,0,1183,G
2-PB1,2169,1,1,1187,0,1189,G
2-PB1,2170,1190,1,0,0,1191,A
2-PB1,2171,0,1182,0,0,1182,T
2-PB1,2172,0,1133,0,0,1133,T
2-PB1,2173,0,1,1123,0,1124,G
2-PB1,2174,1125,0,3,0,1128,A
2-PB1,2175,0,1122,0,0,1122,T
2-PB1,2176,0,0,1122,1,1123,G
2-PB1,2177,0,0,1,1106,1107,C
2-PB1,2178,0,0,1,1103,1104,C
2-PB1,2179,1090,0,1,0,1091,A
2-PB1,2180,0,0,1092,0,1092,G
2-PB1,2181,1089,0,0,0,1089,A
2-PB1,2182,1087,0,1,0,1088,A
2-PB1,2183,0,1083,0,0,1083,T
2-PB1,2184,0,1053,0,0,1053,T
2-PB1,2185,1,0,1049,0,1050,G
2-PB1,2186,1039,0,0,0,1039,A
2-PB1,2187,0,0,0,1050,1050,C
2-PB1,2188,0,1036,0,0,1036,T
2-PB1,2189,0,1016,0,0,1016,T
2-PB1,2190,1,0,0,1028,1029,C
2-PB1,2191,0,0,1020,0,1020,G
2-PB1,2192,1021,0,2,0,1023,A
2-PB1,2193,1,0,1012,0,1013,G
2-PB1,2194,0,1013,0,4,1017,T
2-PB1,2195,3,0,0,1022,1025,C
2-PB1,2196,0,1025,0,3,1028,T
2-PB1,2197,1,0,1025,0,1026,G
2-PB1,2198,0,0,1024,0,1024,G
2-PB1,2199,1022,0,0,0,1022,A
2-PB1,2200,924,0,0,0,924,A
2-PB1,2201,0,0,925,0,925,G
2-PB1,2202,0,1,929,0,930,G
2-PB1,2203,926,2,0,0,928,A
2-PB1,2204,0,914,0,0,914,T
2-PB1,2205,0,920,0,0,920,T
2-PB1,2206,916,0,0,0,916,A
2-PB1,2207,911,0,0,0,911,A
2-PB1,2208,0,0,911,0,911,G
2-PB1,2209,910,1,0,0,911,A
2-PB1,2210,859,0,0,0,859,A
2-PB1,2211,2,0,784,0,786,G
2-PB1,2212,0,1,779,0,780,G
2-PB1,2213,785,0,0,0,785,A
2-PB1,2214,780,0,1,0,781,A
2-PB1,2215,0,0,783,0,783,G
2-PB1,2216,719,0,0,0,719,A
2-PB1,2217,1,0,717,0,718,G
2-PB1,2218,0,679,0,0,679,T
2-PB1,2219,0,681,0,0,681,T
2-PB1,2220,1,1,0,681,683,C
2-PB1,2221,0,658,0,1,659,T
2-PB1,2222,1,0,0,661,662,C
2-PB1,2223,0,660,0,0,660,T
2-PB1,2224,0,0,657,0,657,G
2-PB1,2225,642,0,2,0,644,A
2-PB1,2226,0,0,631,0,631,G
2-PB1,2227,623,0,0,0,623,A
2-PB1,2228,0,608,0,0,608,T
2-PB1,2229,0,0,0,567,567,C
2-PB1,2230,568,0,1,0,569,A
2-PB1,2231,0,565,0,0,565,T
2-PB1,2232,0,0,564,0,564,G
2-PB1,2233,558,1,2,0,561,A
2-PB1,2234,556,0,1,0,557,A
2-PB1,2235,0,0,543,0,543,G
2-PB1,2236,531,0,0,0,531,A
2-PB1,2237,0,530,0,0,530,T
2-PB1,2238,0,1,0,523,524,C
2-PB1,2239,0,491,0,0,491,T
2-PB1,2240,0,0,494,0,494,G
2-PB1,2241,0,492,0,0,492,T
2-PB1,2242,0,488,0,1,489,T
2-PB1,2243,0,0,0,485,485,C
2-PB1,2244,0,0,0,463,463,C
2-PB1,2245,457,0,1,0,458,A
2-PB1,2246,0,1,0,462,463,C
2-PB1,2247,0,1,0,446,447,C
2-PB1,2248,440,0,0,0,440,A
2-PB1,2249,0,403,0,0,403,T
2-PB1,2250,0,381,0,0,381,T
2-PB1,2251,0,0,379,0,379,G
2-PB1,2252,377,0,0,0,377,A
2-PB1,2253,377,0,0,0,377,A
2-PB1,2254,0,0,376,0,376,G
2-PB1,2255,319,0,0,0,319,A
2-PB1,2256,320,0,0,0,320,A
2-PB1,2257,0,0,0,316,316,C
2-PB1,2258,0,303,0,0,303,T
2-PB1,2259,1,0,0,305,306,C
2-PB1,2260,290,0,0,0,290,A
2-PB1,2261,0,1,287,0,288,G
2-PB1,2262,288,0,0,0,288,A
2-PB1,2263,0,0,0,277,277,C
2-PB1,2264,0,0,269,0,269,G
2-PB1,2265,0,0,259,0,259,G
2-PB1,2266,0,0,0,259,259,C
2-PB1,2267,259,0,0,0,259,A
2-PB1,2268,258,0,0,0,258,A
2-PB1,2269,256,0,1,0,257,A
2-PB1,2270,254,0,0,0,254,A
2-PB1,2271,252,0,0,0,252,A
2-PB1,2272,0,249,0,0,249,T
2-PB1,2273,238,0,0,0,238,A
2-PB1,2274,238,0,0,0,238,A
3-PA,1,41,0,0,0,41,A
3-PA,2,0,42,0,0,42,T
3-PA,3,0,0,45,0,45,G
3-PA,4,0,0,44,0,44,G
3-PA,5,44,0,0,0,44,A
3-PA,6,44,0,0,0,44,A
3-PA,7,0,0,45,0,45,G
3-PA,8,49,0,0,0,49,A
3-PA,9,0,49,0,0,49,T
3-PA,10,0,49,0,0,49,T
3-PA,11,0,50,0,0,50,T
3-PA,12,0,50,0,0,50,T
3-PA,13,0,0,50,0,50,G
3-PA,14,0,50,0,0,50,T
3-PA,15,0,0,50,0,50,G
3-PA,16,0,0,0,52,52,C
3-PA,17,0,0,51,0,51,G
3-PA,18,58,0,0,0,58,A
3-PA,19,0,0,0,59,59,C
3-PA,20,59,0,0,0,59,A
3-PA,21,59,0,0,0,59,A
3-PA,22,0,59,0,0,59,T
3-PA,23,0,0,75,0,75,G
3-PA,24,0,0,0,76,76,C
3-PA,25,0,75,0,0,75,T
3-PA,26,0,77,0,0,77,T
3-PA,27,0,0,0,77,77,C
3-PA,28,78,0,0,0,78,A
3-PA,29,79,0,0,0,79,A
3-PA,30,0,0,0,81,81,C
3-PA,31,0,0,0,82,82,C
3-PA,32,0,0,0,81,81,C
3-PA,33,0,0,83,0,83,G
3-PA,34,81,0,0,0,81,A
3-PA,35,0,83,0,0,83,T
3-PA,36,0,0,83,0,83,G
3-PA,37,84,0,0,0,84,A
3-PA,38,0,87,0,0,87,T
3-PA,39,0,87,0,0,87,T
3-PA,40,0,0,87,0,87,G
3-PA,41,0,86,0,1,87,T
3-PA,42,0,0,0,87,87,C
3-PA,43,0,1,86,0,87,G
3-PA,44,87,0,0,0,87,A
3-PA,45,87,0,0,0,87,A
3-PA,46,0,0,0,87,87,C
3-PA,47,0,89,0,0,89,T
3-PA,48,0,89,0,0,89,T
3-PA,49,0,0,89,0,89,G
3-PA,50,0,0,0,89,89,C
3-PA,51,88,0,0,0,88,A
3-PA,52,0,0,90,0,90,G
3-PA,53,91,0,0,0,91,A
3-PA,54,90,0,0,0,90,A
3-PA,55,89,0,0,0,89,A
3-PA,56,91,0,0,0,91,A
3-PA,57,93,0,1,0,94,A
3-PA,58,0,0,96,0,96,G
3-PA,59,0,1,0,100,101,C
3-PA,60,100,0,0,0,100,A
3-PA,61,112,0,0,0,112,A
3-PA,62,0,113,0,0,113,T
3-PA,63,0,0,118,0,118,G
3-PA,64,117,0,0,0,117,A
3-PA,65,118,0,0,0,118,A
3-PA,66,118,0,0,0,118,A
3-PA,67,1,1,125,0,127,G
3-PA,68,139,0,0,0,139,A
3-PA,69,0,0,171,0,171,G
3-PA,70,0,168,0,0,168,T
3-PA,71,171,0,0,0,171,A
3-PA,72,0,169,0,0,169,T
3-PA,73,0,2,172,0,174,G
3-PA,74,0,0,176,0,176,G
3-PA,75,0,0,176,0,176,G
3-PA,76,0,0,176,0,176,G
3-PA,77,176,0,0,0,176,A
3-PA,78,0,1,175,0,176,G
3-PA,79,0,0,178,0,178,G
3-PA,80,173,0,1,0,174,A
3-PA,81,0,177,0,0,177,T
3-PA,82,0,0,0,178,178,C
3-PA,83,0,179,0,0,179,T
3-PA,84,0,0,180,0,180,G
3-PA,85,180,0,0,0,180,A
3-PA,86,179,0,0,0,179,A
3-PA,87,182,0,1,0,183,A
3-PA,88,180,0,0,0,180,A
3-PA,89,0,181,0,0,181,T
3-PA,90,0,181,0,0,181,T
3-PA,91,0,1,180,0,181,G
3-PA,92,180,0,0,0,180,A
3-PA,93,179,0,0,0,179,A
3-PA,94,179,0,0,0,179,A
3-PA,95,0,0,0,180,180,C
3-PA,96,181,0,0,0,181,A
3-PA,97,184,0,0,0,184,A
3-PA,98,183,0,0,0,183,A
3-PA,99,0,0,0,187,187,C
3-PA,100,188,0,0,0,188,A
3-PA,101,190,0,0,0,190,A
3-PA,102,190,0,0,0,190,A
3-PA,103,0,190,0,0,190,T
3-PA,104,0,191,0,0,191,T
3-PA,105,0,191,0,0,191,T
3-PA,106,0,1,192,0,193,G
3-PA,107,0,0,0,193,193,C
3-PA,108,194,0,0,0,194,A
3-PA,109,0,0,201,0,201,G
3-PA,110,0,0,0,200,200,C
3-PA,111,213,0,0,0,213,A
3-PA,112,218,0,0,0,218,A
3-PA,113,0,219,0,0,219,T
3-PA,114,225,0,0,0,225,A
3-PA,115,0,226,0,0,226,T
3-PA,116,0,0,228,0,228,G
3-PA,117,0,0,0,226,226,C
3-PA,118,221,0,2,0,223,A
3-PA,119,0,0,0,224,224,C
3-PA,120,0,223,0,0,223,T
3-PA,121,1,0,0,273,274,C
3-PA,122,289,0,0,0,289,A
3-PA,123,1,0,0,297,298,C
3-PA,124,0,299,0,0,299,T
3-PA,125,0,297,0,0,297,T
3-PA,126,1,0,298,0,299,G
3-PA,127,0,1,300,0,301,G
3-PA,128,297,0,1,0,298,A
3-PA,129,0,1,303,0,304,G
3-PA,130,0,0,301,1,302,G
3-PA,131,0,293,0,0,293,T
3-PA,132,0,0,306,0,306,G
3-PA,133,0,302,0,0,302,T
3-PA,134,0,0,309,0,309,G
3-PA,135,0,308,1,0,309,T
3-PA,136,0,310,0,1,311,T
3-PA,137,0,310,0,0,310,T
3-PA,138,0,0,0,312,312,C
3-PA,139,312,0,0,0,312,A
3-PA,140,0,315,0,0,315,T
3-PA,141,0,0,321,0,321,G
3-PA,142,0,316,0,0,316,T
3-PA,143,321,0,0,0,321,A
3-PA,144,0,319,0,1,320,T
3-PA,145,0,320,0,1,321,T
3-PA,146,1,0,0,320,321,C
3-PA,147,320,0,0,0,320,A
3-PA,148,0,1,321,0,322,G
3-PA,149,320,0,0,0,320,A
3-PA,150,0,320,0,0,320,T
3-PA,151,0,320,0,0,320,T
3-PA,152,0,320,0,0,320,T
3-PA,153,0,0,0,318,318,C
3-PA,154,0,1,0,323,324,C
3-PA,155,325,0,0,0,325,A
3-PA,156,0,326,0,0,326,T
3-PA,157,0,326,0,0,326,T
3-PA,158,0,327,0,0,327,T
3-PA,159,0,0,1,326,327,C
3-PA,160,330,0,0,0,330,A
3-PA,161,0,338,0,0,338,T
3-PA,162,0,0,0,342,342,C
3-PA,163,340,0,0,0,340,A
3-PA,164,342,0,0,0,342,A
3-PA,165,0,339,0,1,340,T
3-PA,166,0,2,352,0,354,G
3-PA,167,353,0,0,0,353,A
3-PA,168,353,0,1,0,354,A
3-PA,169,0,0,0,356,356,C
3-PA,170,352,0,1,0,353,A
3-PA,171,354,0,0,0,354,A
3-PA,172,0,0,358,0,358,G
3-PA,173,0,0,351,0,351,G
3-PA,174,1,0,0,354,355,C
3-PA,175,1,0,348,0,349,G
3-PA,176,372,0,0,0,372,A
3-PA,177,369,0,0,0,369,A
3-PA,178,0,375,0,0,375,T
3-PA,179,0,0,0,383,383,C
3-PA,180,378,0,1,0,379,A
3-PA,181,380,0,0,0,380,A
3-PA,182,0,383,0,1,384,T
3-PA,183,382,0,1,0,383,A
3-PA,184,0,0,396,0,396,G
3-PA,185,0,397,0,0,397,T
3-PA,186,0,0,399,0,399,G
3-PA,187,0,0,400,0,400,G
3-PA,188,0,400,0,0,400,T
3-PA,189,404,0,0,0,404,A
3-PA,190,0,0,408,0,408,G
3-PA,191,410,0,0,0,410,A
3-PA,192,409,0,0,0,409,A
3-PA,193,0,0,0,411,411,C
3-PA,194,0,404,0,1,405,T
3-PA,195,0,404,0,0,404,T
3-PA,196,0,0,403,0,403,G
3-PA,197,400,0,1,0,401,A
3-PA,198,0,0,0,403,403,C
3-PA,199,0,0,401,0,401,G
3-PA,200,413,0,0,0,413,A
3-PA,201,0,425,0,0,425,T
3-PA,202,0,0,0,426,426,C
3-PA,203,1,1,0,423,425,C
3-PA,204,427,0,0,0,427,A
3-PA,205,427,0,0,0,427,A
3-PA,206,432,0,0,0,432,A
3-PA,207,0,432,0,0,432,T
3-PA,208,0,0,433,0,433,G
3-PA,209,0,0,0,430,430,C
3-PA,210,427,0,0,0,427,A
3-PA,211,0,0,0,438,438,C
3-PA,212,0,434,0,2,436,T
3-PA,213,0,0,505,0,505,G
3-PA,214,0,505,0,0,505,T
3-PA,215,0,505,0,0,505,T
3-PA,216,506,0,0,0,506,A
3-PA,217,506,0,0,0,506,A
3-PA,218,503,0,0,0,503,A
3-PA,219,0,1,505,0,506,G
3-PA,220,0,0,0,503,503,C
3-PA,221,502,0,0,0,502,A
3-PA,222,0,0,0,498,498,C
3-PA,223,475,0,0,0,475,A
3-PA,224,0,0,497,0,497,G
3-PA,225,497,0,0,0,497,A
3-PA,226,0,498,0,0,498,T
3-PA,227,0,500,0,0,500,T
3-PA,228,0,500,0,0,500,T
3-PA,229,0,1,499,0,500,G
3-PA,230,500,0,0,0,500,A
3-PA,231,502,0,0,0,502,A
3-PA,232,501,0,2,0,503,A
3-PA,233,0,495,0,0,495,T
3-PA,234,496,0,0,0,496,A
3-PA,235,501,0,0,0,501,A
3-PA,236,0,500,0,0,500,T
3-PA,237,0,0,0,503,503,C
3-PA,238,0,0,499,0,499,G
3-PA,239,494,1,0,0,495,A
3-PA,240,0,0,503,0,503,G
3-PA,241,0,1,507,0,508,G
3-PA,242,0,0,510,0,510,G
3-PA,243,2,0,506,0,508,G
3-PA,244,502,0,3,0,505,A
3-PA,245,0,0,506,0,506,G
3-PA,246,518,0,0,0,518,A
3-PA,247,0,1,519,0,520,G
3-PA,248,519,0,0,0,519,A
3-PA,249,0,0,0,521,521,C
3-PA,250,512,0,0,0,512,A
3-PA,251,1,2,519,0,522,G
3-PA,252,522,0,1,0,523,A
3-PA,253,528,0,1,0,529,A
3-PA,254,0,0,1,529,530,C
3-PA,255,518,0,0,0,518,A
3-PA,256,517,0,1,0,518,A
3-PA,257,0,516,0,0,516,T
3-PA,258,0,3,528,0,531,G
3-PA,259,0,0,539,0,539,G
3-PA,260,0,0,0,529,529,C
3-PA,261,1,0,0,532,533,C
3-PA,262,0,528,0,0,528,T
3-PA,263,0,0,540,0,540,G
3-PA,264,1,0,537,0,538,G
3-PA,265,537,0,1,0,538,A
3-PA,266,0,0,0,544,544,C
3-PA,267,520,1,0,0,521,A
3-PA,268,0,0,591,0,591,G
3-PA,269,0,592,0,0,592,T
3-PA,270,596,0,0,0,596,A
3-PA,271,0,0,603,0,603,G
3-PA,272,0,590,0,0,590,T
3-PA,273,594,0,0,0,594,A
3-PA,274,596,0,0,0,596,A
3-PA,275,592,0,1,0,593,A
3-PA,276,0,0,0,598,598,C
3-PA,277,554,0,1,0,555,A
3-PA,278,0,0,562,0,562,G
3-PA,279,0,558,0,0,558,T
3-PA,280,560,0,0,0,560,A
3-PA,281,0,562,0,0,562,T
3-PA,282,0,0,0,563,563,C
3-PA,283,0,564,0,0,564,T
3-PA,284,0,1,560,0,561,G
3-PA,285,0,0,0,564,564,C
3-PA,286,557,0,0,0,557,A
3-PA,287,550,0,1,0,551,A
3-PA,288,1,0,0,551,552,C
3-PA,289,552,0,0,0,552,A
3-PA,290,0,0,0,581,581,C
3-PA,291,0,571,0,0,571,T
3-PA,292,576,0,0,0,576,A
3-PA,293,0,0,0,575,575,C
3-PA,294,0,570,1,0,571,T
3-PA,295,0,1,570,0,571,G
3-PA,296,1,1,568,0,570,G
3-PA,297,569,0,0,0,569,A
3-PA,298,0,0,568,0,568,G
3-PA,299,0,1,0,540,541,C
3-PA,300,0,550,0,1,551,T
3-PA,301,0,1,550,0,551,G
3-PA,302,0,1,546,0,547,G
3-PA,303,0,0,548,0,548,G
3-PA,304,546,0,0,0,546,A
3-PA,305,551,0,0,0,551,A
3-PA,306,549,0,1,0,550,A
3-PA,307,0,0,0,553,553,C
3-PA,308,0,0,0,551,551,C
3-PA,309,0,0,553,0,553,G
3-PA,310,551,0,0,0,551,A
3-PA,311,551,0,1,0,552,A
3-PA,312,2,0,554,0,556,G
3-PA,313,0,552,0,0,552,T
3-PA,314,0,555,0,1,556,T
3-PA,315,0,557,0,1,558,T
3-PA,316,1,0,0,557,558,C
3-PA,317,0,560,0,0,560,T
3-PA,318,560,0,0,0,560,A
3-PA,319,0,0,0,558,558,C
3-PA,320,1,0,0,555,556,C
3-PA,321,560,0,0,0,560,A
3-PA,322,0,1,566,0,567,G
3-PA,323,562,0,1,0,563,A
3-PA,324,0,567,0,0,567,T
3-PA,325,0,566,0,1,567,T
3-PA,326,0,564,0,0,564,T
3-PA,327,0,0,568,0,568,G
3-PA,328,0,565,0,1,566,T
3-PA,329,567,0,1,0,568,A
3-PA,330,0,567,0,0,567,T
3-PA,331,0,2,567,0,569,G
3-PA,332,592,0,0,0,592,A
3-PA,333,0,594,0,0,594,T
3-PA,334,0,595,0,0,595,T
3-PA,335,594,0,0,0,594,A
3-PA,336,0,0,0,599,599,C
3-PA,337,601,0,0,0,601,A
3-PA,338,598,0,0,0,598,A
3-PA,339,0,0,599,0,599,G
3-PA,340,0,1,604,0,605,G
3-PA,341,574,0,1,0,575,A
3-PA,342,0,0,588,0,588,G
3-PA,343,586,0,0,0,586,A
3-PA,344,584,0,0,0,584,A
3-PA,345,0,0,0,584,584,C
3-PA,346,581,0,0,0,581,A
3-PA,347,1,0,581,0,582,G
3-PA,348,581,0,1,0,582,A
3-PA,349,0,578,0,0,578,T
3-PA,350,0,575,0,0,575,T
3-PA,351,0,0,0,568,568,C
3-PA,352,562,0,1,0,563,A
3-PA,353,0,563,0,0,563,T
3-PA,354,1,0,0,565,566,C
3-PA,355,0,1,567,0,568,G
3-PA,356,566,0,1,0,567,A
3-PA,357,572,0,0,0,572,A
3-PA,358,571,0,0,0,571,A
3-PA,359,0,571,0,0,571,T
3-PA,360,0,567,0,1,568,T
3-PA,361,0,1,569,0,570,G
3-PA,362,0,0,575,0,575,G
3-PA,363,0,0,569,0,569,G
3-PA,364,0,0,574,0,574,G
3-PA,365,0,567,0,0,567,T
3-PA,366,0,4,564,0,568,G
3-PA,367,569,0,1,0,570,A
3-PA,368,0,0,0,572,572,C
3-PA,369,576,0,0,0,576,A
3-PA,370,575,0,0,0,575,A
3-PA,371,0,0,587,0,587,G
3-PA,372,0,1,585,0,586,G
3-PA,373,583,1,0,0,584,A
3-PA,374,0,2,587,0,589,G
3-PA,375,580,1,0,0,581,A
3-PA,376,0,0,580,0,580,G
3-PA,377,574,0,0,0,574,A
3-PA,378,573,0,0,0,573,A
3-PA,379,0,0,591,0,591,G
3-PA,380,0,578,0,0,578,T
3-PA,381,0,0,0,584,584,C
3-PA,382,0,1,0,589,590,C
3-PA,383,592,0,1,0,593,A
3-PA,384,0,1,0,612,613,C
3-PA,385,625,0,0,0,625,A
3-PA,386,0,640,0,0,640,T
3-PA,387,660,0,0,0,660,A
3-PA,388,0,638,0,1,639,T
3-PA,389,635,0,0,0,635,A
3-PA,390,0,632,0,0,632,T
3-PA,391,0,630,0,0,630,T
3-PA,392,646,0,1,0,647,A
3-PA,393,1,0,1,649,651,C
3-PA,394,0,0,0,635,635,C
3-PA,395,0,617,0,0,617,T
3-PA,396,0,598,0,1,599,T
3-PA,397,0,1,598,0,599,G
3-PA,398,591,0,2,0,593,A
3-PA,399,0,0,565,0,565,G
3-PA,400,570,0,1,0,571,A
3-PA,401,574,0,0,0,574,A
3-PA,402,0,1,573,0,574,G
3-PA,403,1,0,574,0,575,G
3-PA,404,0,0,0,582,582,C
3-PA,405,0,1,0,583,584,C
3-PA,406,581,0,0,0,581,A
3-PA,407,581,0,0,0,581,A
3-PA,408,0,581,0,0,581,T
3-PA,409,583,0,0,0,583,A
3-PA,410,584,0,0,0,584,A
3-PA,411,0,0,589,0,589,G
3-PA,412,582,0,0,0,582,A
3-PA,413,0,579,0,0,579,T
3-PA,414,0,582,0,0,582,T
3-PA,415,584,0,0,0,584,A
3-PA,416,582,0,0,0,582,A
3-PA,417,583,0,0,0,583,A
3-PA,418,0,585,0,0,585,T
3-PA,419,0,0,0,585,585,C
3-PA,420,0,576,0,1,577,T
3-PA,421,0,1,582,0,583,G
3-PA,422,581,0,2,0,583,A
3-PA,423,0,1,585,0,586,G
3-PA,424,582,0,1,0,583,A
3-PA,425,589,0,0,0,589,A
3-PA,426,0,0,0,591,591,C
3-PA,427,591,0,2,0,593,A
3-PA,428,0,0,0,592,592,C
3-PA,429,592,0,1,0,593,A
3-PA,430,0,0,0,590,590,C
3-PA,431,594,0,0,0,594,A
3-PA,432,0,0,0,605,605,C
3-PA,433,597,0,0,0,597,A
3-PA,434,0,598,0,1,599,T
3-PA,435,1,593,0,0,594,T
3-PA,436,0,0,0,592,592,C
3-PA,437,589,0,0,0,589,A
3-PA,438,0,0,0,595,595,C
3-PA,439,591,0,0,0,591,A
3-PA,440,0,588,0,0,588,T
3-PA,441,0,572,0,0,572,T
3-PA,442,0,576,0,0,576,T
3-PA,443,0,575,0,0,575,T
3-PA,444,0,1,0,575,576,C
3-PA,445,0,571,0,0,571,T
3-PA,446,2,0,0,578,580,C
3-PA,447,579,0,1,0,580,A
3-PA,448,0,574,0,0,574,T
3-PA,449,0,579,0,0,579,T
3-PA,450,0,0,0,580,580,C
3-PA,451,575,0,0,0,575,A
3-PA,452,0,0,0,583,583,C
3-PA,453,0,577,0,0,577,T
3-PA,454,0,2,576,0,578,G
3-PA,455,0,2,576,0,578,G
3-PA,456,561,0,0,0,561,A
3-PA,457,0,0,575,0,575,G
3-PA,458,574,0,0,0,574,A
3-PA,459,0,0,576,0,576,G
3-PA,460,1,0,572,0,573,G
3-PA,461,572,0,2,0,574,A
3-PA,462,576,0,0,0,576,A
3-PA,463,568,0,0,0,568,A
3-PA,464,3,558,1,0,562,T
3-PA,465,0,0,560,0,560,G
3-PA,466,0,0,563,0,563,G
3-PA,467,0,0,0,562,562,C
3-PA,468,0,0,0,561,561,C
3-PA,469,562,0,1,0,563,A
3-PA,470,0,0,0,565,565,C
3-PA,471,565,0,0,0,565,A
3-PA,472,562,0,1,0,563,A
3-PA,473,566,0,1,0,567,A
3-PA,474,0,0,556,0,556,G
3-PA,475,0,0,557,0,557,G
3-PA,476,0,0,1,553,554,C
3-PA,477,558,0,1,0,559,A
3-PA,478,0,2,563,0,565,G
3-PA,479,562,0,1,0,563,A
3-PA,480,0,0,0,575,575,C
3-PA,481,0,572,0,0,572,T
3-PA,482,575,0,0,0,575,A
3-PA,483,0,0,0,571,571,C
3-PA,484,556,0,0,0,556,A
3-PA,485,0,0,0,569,569,C
3-PA,486,0,554,0,0,554,T
3-PA,487,0,0,0,554,554,C
3-PA,488,1,544,0,0,545,T
3-PA,489,0,0,0,539,539,C
3-PA,490,0,2,540,0,542,G
3-PA,491,545,0,0,0,545,A
3-PA,492,0,0,0,542,542,C
3-PA,493,0,1,544,0,545,G
3-PA,494,535,0,0,0,535,A
3-PA,495,0,0,536,0,536,G
3-PA,496,0,0,539,0,539,G
3-PA,497,536,0,0,0,536,A
3-PA,498,539,0,0,0,539,A
3-PA,499,542,0,0,0,542,A
3-PA,500,1,0,539,0,540,G
3-PA,501,0,0,0,538,538,C
3-PA,502,539,0,0,0,539,A
3-PA,503,1,1,546,0,548,G
3-PA,504,0,0,551,0,551,G
3-PA,505,0,0,553,0,553,G
3-PA,506,0,0,0,552,552,C
3-PA,507,0,547,0,1,548,T
3-PA,508,546,0,0,0,546,A
3-PA,509,0,1,553,0,554,G
3-PA,510,0,0,582,0,582,G
3-PA,511,584,0,0,0,584,A
3-PA,512,0,562,0,0,562,T
3-PA,513,0,549,0,0,549,T
3-PA,514,555,0,0,0,555,A
3-PA,515,552,0,3,0,555,A
3-PA,516,0,3,550,0,553,G
3-PA,517,553,0,0,0,553,A
3-PA,518,0,0,0,545,545,C
3-PA,519,0,0,0,513,513,C
3-PA,520,515,0,0,0,515,A
3-PA,521,0,1,514,0,515,G
3-PA,522,0,0,513,0,513,G
3-PA,523,0,0,0,521,521,C
3-PA,524,0,505,0,2,507,T
3-PA,525,0,0,519,0,519,G
3-PA,526,0,519,0,1,520,T
3-PA,527,0,519,0,0,519,T
3-PA,528,0,523,0,0,523,T
3-PA,529,515,0,0,0,515,A
3-PA,530,0,0,0,523,523,C
3-PA,531,0,0,0,514,514,C
3-PA,532,513,0,0,0,513,A
3-PA,533,0,510,0,0,510,T
3-PA,534,486,0,0,0,486,A
3-PA,535,490,0,1,0,491,A
3-PA,536,0,0,494,0,494,G
3-PA,537,487,0,0,0,487,A
3-PA,538,0,0,0,484,484,C
3-PA,539,471,0,0,0,471,A
3-PA,540,470,0,0,0,470,A
3-PA,541,0,0,472,0,472,G
3-PA,542,472,0,0,0,472,A
3-PA,543,474,0,0,0,474,A
3-PA,544,464,0,0,0,464,A
3-PA,545,0,452,0,0,452,T
3-PA,546,0,1,466,0,467,G
3-PA,547,0,0,462,0,462,G
3-PA,548,0,0,0,462,462,C
3-PA,549,3,2,0,459,464,C
3-PA,550,463,0,0,0,463,A
3-PA,551,476,0,0,0,476,A
3-PA,552,0,2,0,476,478,C
3-PA,553,476,0,0,0,476,A
3-PA,554,1,0,473,0,474,G
3-PA,555,456,0,1,0,457,A
3-PA,556,0,0,466,0,466,G
3-PA,557,0,0,470,0,470,G
3-PA,558,0,0,0,462,462,C
3-PA,559,0,0,0,470,470,C
3-PA,560,0,456,0,0,456,T
3-PA,561,454,0,0,0,454,A
3-PA,562,0,455,0,0,455,T
3-PA,563,0,0,454,0,454,G
3-PA,564,0,1,455,0,456,G
3-PA,565,0,1,446,0,447,G
3-PA,566,431,0,0,0,431,A
3-PA,567,0,433,0,0,433,T
3-PA,568,0,424,0,0,424,T
3-PA,569,1,0,0,496,497,C
3-PA,570,0,0,0,499,499,C
3-PA,571,0,501,0,0,501,T
3-PA,572,1,500,0,1,502,T
3-PA,573,0,502,0,0,502,T
3-PA,574,0,0,0,501,501,C
3-PA,575,0,0,504,0,504,G
3-PA,576,0,498,0,1,499,T
3-PA,577,1,0,0,502,503,C
3-PA,578,487,0,0,0,487,A
3-PA,579,0,0,598,0,598,G
3-PA,580,0,606,0,1,607,T
3-PA,581,1,0,0,601,602,C
3-PA,582,2,1,0,606,609,C
3-PA,583,3,3,612,1,619,G
3-PA,584,610,0,0,0,610,A
3-PA,585,616,0,0,0,616,A
3-PA,586,623,0,0,0,623,A
3-PA,587,0,0,642,0,642,G
3-PA,588,621,0,2,0,623,A
3-PA,589,0,1,636,0,637,G
3-PA,590,0,0,634,0,634,G
3-PA,591,0,1,0,640,641,C
3-PA,592,0,1,644,0,645,G
3-PA,593,646,0,0,0,646,A
3-PA,594,649,0,1,0,650,A
3-PA,595,0,0,656,0,656,G
3-PA,596,660,0,1,0,661,A
3-PA,597,661,0,0,0,661,A
3-PA,598,657,0,1,2,660,A
3-PA,599,0,0,0,666,666,C
3-PA,600,669,0,0,0,669,A
3-PA,601,661,0,0,0,661,A
3-PA,602,0,673,0,0,673,T
3-PA,603,0,673,0,0,673,T
3-PA,604,0,0,673,0,673,G
3-PA,605,668,0,0,0,668,A
3-PA,606,665,0,2,0,667,A
3-PA,607,0,0,671,0,671,G
3-PA,608,669,0,0,0,669,A
3-PA,609,672,0,0,0,672,A
3-PA,610,671,0,0,0,671,A
3-PA,611,670,0,0,0,670,A
3-PA,612,665,0,1,0,666,A
3-PA,613,0,671,0,0,671,T
3-PA,614,0,672,0,0,672,T
3-PA,615,0,671,0,0,671,T
3-PA,616,0,0,671,0,671,G
3-PA,617,671,1,0,0,672,A
3-PA,618,673,0,0,0,673,A
3-PA,619,670,0,0,0,670,A
3-PA,620,0,681,0,0,681,T
3-PA,621,0,0,0,777,777,C
3-PA,622,774,0,0,0,774,A
3-PA,623,0,1,0,788,789,C
3-PA,624,787,0,0,0,787,A
3-PA,625,0,1,808,0,809,G
3-PA,626,0,2,840,0,842,G
3-PA,627,863,0,1,0,864,A
3-PA,628,876,0,0,0,876,A
3-PA,629,0,0,0,901,901,C
3-PA,630,0,871,0,1,872,T
3-PA,631,954,0,0,0,954,A
3-PA,632,0,978,0,2,980,T
3-PA,633,0,1,1024,0,1025,G
3-PA,634,0,0,0,1024,1024,C
3-PA,635,1,0,1018,0,1019,G
3-PA,636,0,1009,0,1,1010,T
3-PA,637,1010,0,0,0,1010,A
3-PA,638,1,1,1010,0,1012,G
3-PA,639,0,1,1012,0,1013,G
3-PA,640,0,0,0,1011,1011,C
3-PA,641,0,998,0,1,999,T
3-PA,642,0,993,0,0,993,T
3-PA,643,0,1,980,0,981,G
3-PA,644,1,1,0,978,980,C
3-PA,645,1,0,0,992,993,C
3-PA,646,4,1,994,0,999,G
3-PA,647,999,0,0,0,999,A
3-PA,648,0,1,0,1009,1010,C
3-PA,649,1,0,0,1003,1004,C
3-PA,650,1014,0,1,0,1015,A
3-PA,651,1015,0,0,0,1015,A
3-PA,652,1013,0,1,0,1014,A
3-PA,653,0,0,1038,0,1038,G
3-PA,654,0,1032,0,1,1033,T
3-PA,655,1,0,0,1036,1037,C
3-PA,656,0,1033,0,1,1034,T
3-PA,657,0,1,0,1042,1043,C
3-PA,658,0,0,0,1048,1048,C
3-PA,659,1,0,0,1058,1059,C
3-PA,660,1052,0,0,0,1052,A
3-PA,661,0,0,0,1063,1063,C
3-PA,662,1,1,0,1051,1053,C
3-PA,663,0,0,1064,0,1064,G
3-PA,664,1078,0,0,0,1078,A
3-PA,665,1081,0,0,0,1081,A
3-PA,666,1,0,0,1103,1104,C
3-PA,667,0,1096,0,1,1097,T
3-PA,668,1,1112,0,0,1113,T
3-PA,669,0,0,0,1144,1144,C
3-PA,670,0,1134,0,0,1134,T
3-PA,671,2,0,0,1141,1143,C
3-PA,672,0,0,0,1136,1136,C
3-PA,673,0,1126,0,1,1127,T
3-PA,674,0,1,1136,1,1138,G
3-PA,675,0,2,0,1135,1137,C
3-PA,676,1,0,0,1142,1143,C
3-PA,677,0,1135,0,0,1135,T
3-PA,678,0,1133,0,1,1134,T
3-PA,679,0,1,1135,0,1136,G
3-PA,680,1131,0,1,0,1132,A
3-PA,681,0,4,1151,0,1155,G
3-PA,682,1151,0,1,0,1152,A
3-PA,683,1160,0,0,0,1160,A
3-PA,684,0,1180,0,1,1181,T
3-PA,685,0,1188,1,1,1190,T
3-PA,686,0,1196,0,0,1196,T
3-PA,687,0,1195,0,0,1195,T
3-PA,688,1192,2,1,0,1195,A
3-PA,689,0,1,1192,0,1193,G
3-PA,690,1184,0,1,0,1185,A
3-PA,691,0,1,1236,0,1237,G
3-PA,692,0,0,0,1234,1234,C
3-PA,693,2,0,0,1246,1248,C
3-PA,694,0,1290,0,0,1290,T
3-PA,695,1354,0,0,0,1354,A
3-PA,696,0,1361,0,1,1362,T
3-PA,697,0,0,1368,0,1368,G
3-PA,698,0,1358,0,0,1358,T
3-PA,699,0,3,1374,0,1377,G
3-PA,700,1,2,1350,0,1353,G
3-PA,701,1340,0,1,0,1341,A
3-PA,702,0,1328,0,0,1328,T
3-PA,703,0,1,1318,0,1319,G
3-PA,704,0,1,1363,0,1364,G
3-PA,705,1357,0,2,0,1359,A
3-PA,706,0,1361,0,0,1361,T
3-PA,707,1,1365,0,0,1366,T
3-PA,708,0,0,0,1364,1364,C
3-PA,709,0,0,1363,0,1363,G
3-PA,710,1365,0,1,0,1366,A
3-PA,711,1364,0,1,0,1365,A
3-PA,712,0,1,0,1380,1381,C
3-PA,713,2,0,0,1355,1357,C
3-PA,714,0,5,1358,0,1363,G
3-PA,715,1353,0,0,0,1353,A
3-PA,716,1354,0,5,0,1359,A
3-PA,717,0,0,0,1380,1380,C
3-PA,718,0,1,1370,0,1371,G
3-PA,719,1,0,1388,0,1389,G
3-PA,720,0,0,0,1401,1401,C
3-PA,721,0,1393,0,0,1393,T
3-PA,722,0,0,1433,0,1433,G
3-PA,723,0,0,0,1434,1434,C
3-PA,724,1456,0,1,0,1457,A
3-PA,725,0,1454,0,1,1455,T
3-PA,726,1,1443,0,0,1444,T
3-PA,727,0,0,1456,0,1456,G
3-PA,728,1416,0,0,0,1416,A
3-PA,729,0,2,1439,0,1441,G
3-PA,730,0,3,1429,0,1432,G
3-PA,731,0,0,1412,0,1412,G
3-PA,732,0,0,0,1416,1416,C
3-PA,733,1414,0,1,0,1415,A
3-PA,734,1413,0,0,0,1413,A
3-PA,735,0,0,1422,0,1422,G
3-PA,736,0,0,0,1429,1429,C
3-PA,737,0,1433,0,0,1433,T
3-PA,738,0,1435,0,1,1436,T
3-PA,739,0,1441,0,0,1441,T
3-PA,740,0,1,0,1446,1447,C
3-PA,741,0,1441,0,0,1441,T
3-PA,742,0,0,0,1455,1455,C
3-PA,743,1458,0,1,0,1459,A
3-PA,744,1447,0,0,0,1447,A
3-PA,745,1435,0,0,0,1435,A
3-PA,746,0,1439,0,0,1439,T
3-PA,747,0,0,1500,0,1500,G
3-PA,748,0,1487,0,1,1488,T
3-PA,749,2,0,0,1505,1507,C
3-PA,750,1,0,0,1509,1510,C
3-PA,751,1513,0,0,0,1513,A
3-PA,752,1513,0,0,0,1513,A
3-PA,753,1514,0,1,0,1515,A
3-PA,754,0,5,1526,0,1531,G
3-PA,755,1525,0,0,0,1525,A
3-PA,756,1496,0,2,2,1500,A
3-PA,757,0,0,1513,0,1513,G
3-PA,758,0,1503,0,0,1503,T
3-PA,759,0,3,1496,0,1499,G
3-PA,760,1498,0,1,0,1499,A
3-PA,761,1499,0,1,0,1500,A
3-PA,762,0,1507,0,0,1507,T
3-PA,763,0,0,1502,0,1502,G
3-PA,764,0,0,0,1502,1502,C
3-PA,765,1,1,0,1504,1506,C
3-PA,766,4,0,0,1504,1508,C
3-PA,767,1516,0,0,0,1516,A
3-PA,768,1528,0,0,0,1528,A
3-PA,769,1540,0,1,0,1541,A
3-PA,770,0,1533,0,0,1533,T
3-PA,771,0,1535,0,0,1535,T
3-PA,772,0,2,1528,0,1530,G
3-PA,773,1523,1,0,0,1524,A
3-PA,774,1522,0,0,0,1522,A
3-PA,775,0,0,0,1526,1526,C
3-PA,776,1,0,0,1530,1531,C
3-PA,777,0,1521,0,1,1522,T
3-PA,778,0,1558,0,1,1559,T
3-PA,779,0,1565,0,0,1565,T
3-PA,780,0,1608,0,0,1608,T
3-PA,781,2,0,0,1612,1614,C
3-PA,782,0,1613,0,1,1614,T
3-PA,783,2,1,1616,0,1619,G
3-PA,784,1606,0,1,0,1607,A
3-PA,785,1629,0,4,0,1633,A
3-PA,786,3,0,1646,0,1649,G
3-PA,787,1624,0,0,0,1624,A
3-PA,788,1,0,0,1631,1632,C
3-PA,789,1597,0,2,0,1599,A
3-PA,790,1603,0,5,0,1608,A
3-PA,791,0,1,0,1807,1808,C
3-PA,792,1803,0,0,0,1803,A
3-PA,793,0,0,0,1814,1814,C
3-PA,794,3,0,0,1801,1804,C
3-PA,795,1801,0,0,0,1801,A
3-PA,796,1796,0,0,1,1797,A
3-PA,797,1,4,1797,0,1802,G
3-PA,798,1799,0,2,0,1801,A
3-PA,799,1,0,0,1806,1807,C
3-PA,800,0,0,0,1681,1681,C
3-PA,801,1682,0,0,0,1682,A
3-PA,802,1679,0,1,0,1680,A
3-PA,803,0,1685,0,1,1686,T
3-PA,804,1,1,0,1680,1682,C
3-PA,805,1680,0,1,0,1681,A
3-PA,806,1669,1,0,0,1670,A
3-PA,807,1658,0,1,0,1659,A
3-PA,808,0,0,0,1693,1693,C
3-PA,809,0,1679,0,0,1679,T
3-PA,810,0,1679,0,0,1679,T
3-PA,811,0,0,0,1697,1697,C
3-PA,812,1,0,0,1698,1699,C
3-PA,813,1,0,1710,0,1711,G
3-PA,814,1700,0,0,0,1700,A
3-PA,815,1698,0,0,0,1698,A
3-PA,816,0,1697,0,0,1697,T
3-PA,817,0,2,1682,0,1684,G
3-PA,818,0,2,1678,0,1680,G
3-PA,819,1697,0,5,0,1702,A
3-PA,820,1,2,0,1703,1706,C
3-PA,821,1,1,0,1697,1699,C
3-PA,822,0,1762,0,0,1762,T
3-PA,823,0,0,0,1829,1829,C
3-PA,824,1,0,0,1835,1836,C
3-PA,825,0,1836,0,0,1836,T
3-PA,826,0,1854,0,1,1855,T
3-PA,827,2,1,1932,0,1935,G
3-PA,828,0,1926,0,1,1927,T
3-PA,829,0,1927,0,1,1928,T
3-PA,830,1928,0,4,0,1932,A
3-PA,831,0,1875,0,1,1876,T
3-PA,832,0,0,0,1871,1871,C
3-PA,833,1825,0,0,0,1825,A
3-PA,834,0,0,1826,0,1826,G
3-PA,835,0,0,0,1812,1812,C
3-PA,836,1,1,1763,0,1765,G
3-PA,837,0,0,1828,0,1828,G
3-PA,838,0,1809,0,1,1810,T
3-PA,839,3,0,1,1834,1838,C
3-PA,840,0,0,0,1841,1841,C
3-PA,841,1851,1,0,0,1852,A
3-PA,842,1857,0,0,2,1859,A
3-PA,843,1860,0,0,0,1860,A
3-PA,844,0,1859,0,0,1859,T
3-PA,845,0,1858,0,2,1860,T
3-PA,846,0,0,0,1858,1858,C
3-PA,847,2,0,0,1835,1837,C
3-PA,848,0,1830,0,2,1832,T
3-PA,849,2,1,0,1848,1851,C
3-PA,850,0,0,0,1848,1848,C
3-PA,851,0,1853,0,0,1853,T
3-PA,852,2,2,1870,0,1874,G
3-PA,853,1862,0,2,0,1864,A
3-PA,854,0,1872,0,0,1872,T
3-PA,855,1,2,1861,0,1864,G
3-PA,856,0,1,1839,0,1840,G
3-PA,857,1827,0,3,0,1830,A
3-PA,858,0,1819,0,0,1819,T
3-PA,859,0,1,1829,0,1830,G
3-PA,860,0,0,0,1908,1908,C
3-PA,861,0,1903,0,3,1906,T
3-PA,862,0,1914,0,2,1916,T
3-PA,863,0,1921,0,0,1921,T
3-PA,864,1919,0,1,0,1920,A
3-PA,865,1936,0,0,0,1936,A
3-PA,866,1921,0,0,0,1921,A
3-PA,867,1934,0,2,0,1936,A
3-PA,868,0,1933,0,0,1933,T
3-PA,869,0,1801,0,1,1802,T
3-PA,870,0,9,1794,0,1803,G
3-PA,871,1790,1,3,1,1795,A
3-PA,872,0,1,1805,0,1806,G
3-PA,873,0,0,1,1811,1812,C
3-PA,874,1807,0,0,0,1807,A
3-PA,875,0,1867,1,0,1868,T
3-PA,876,1,1871,0,0,1872,T
3-PA,877,0,2,1861,0,1863,G
3-PA,878,1861,0,2,0,1863,A
3-PA,879,1865,0,5,0,1870,A
3-PA,880,0,2,1869,0,1871,G
3-PA,881,1845,1,1,0,1847,A
3-PA,882,0,0,0,1865,1865,C
3-PA,883,1,1,0,1846,1848,C
3-PA,884,0,0,0,1819,1819,C
3-PA,885,1818,0,0,0,1818,A
3-PA,886,1831,0,0,0,1831,A
3-PA,887,1,0,1830,0,1831,G
3-PA,888,0,1842,0,0,1842,T
3-PA,889,6,0,0,1843,1849,C
3-PA,890,1847,0,0,0,1847,A
3-PA,891,0,1,0,1853,1854,C
3-PA,892,0,0,1856,0,1856,G
3-PA,893,1883,0,1,0,1884,A
3-PA,894,1886,0,2,0,1888,A
3-PA,895,1,1,1942,0,1944,G
3-PA,896,0,3,1931,0,1934,G
3-PA,897,1918,0,7,0,1925,A
3-PA,898,0,0,1960,0,1960,G
3-PA,899,1953,0,1,0,1954,A
3-PA,900,1940,0,7,0,1947,A
3-PA,901,0,1,1956,0,1957,G
3-PA,902,0,0,1943,0,1943,G
3-PA,903,0,2,1948,0,1950,G
3-PA,904,1887,0,2,0,1889,A
3-PA,905,0,1897,0,2,1899,T
3-PA,906,1,0,0,1899,1900,C
3-PA,907,1,0,0,2061,2062,C
3-PA,908,2,0,0,2104,2106,C
3-PA,909,2125,0,0,0,2125,A
3-PA,910,1,2136,0,0,2137,T
3-PA,911,0,2162,0,1,2163,T
3-PA,912,2212,0,0,0,2212,A
3-PA,913,0,2207,0,0,2207,T
3-PA,914,2210,0,2,1,2213,A
3-PA,915,0,2195,0,1,2196,T
3-PA,916,0,3,2014,0,2017,G
3-PA,917,2000,0,1,0,2001,A
3-PA,918,0,1968,0,0,1968,T
3-PA,919,0,0,1993,0,1993,G
3-PA,920,0,0,0,1982,1982,C
3-PA,921,0,4,1977,0,1981,G
3-PA,922,2001,0,0,0,2001,A
3-PA,923,0,1993,0,2,1995,T
3-PA,924,3,0,0,2010,2013,C
3-PA,925,2017,0,0,0,2017,A
3-PA,926,1987,0,3,0,1990,A
3-PA,927,0,0,2007,0,2007,G
3-PA,928,0,1992,0,1,1993,T
3-PA,929,0,0,2012,0,2012,G
3-PA,930,0,5,0,2012,2017,C
3-PA,931,2008,0,2,0,2010,A
3-PA,932,0,2020,0,0,2020,T
3-PA,933,2019,0,1,0,2020,A
3-PA,934,2033,1,0,0,2034,A
3-PA,935,2035,0,1,1,2037,A
3-PA,936,2023,0,0,0,2023,A
3-PA,937,2024,0,1,0,2025,A
3-PA,938,0,0,0,2033,2033,C
3-PA,939,2006,0,0,1,2007,A
3-PA,940,0,2011,0,0,2011,T
3-PA,941,0,2014,0,1,2015,T
3-PA,942,1,0,0,2028,2029,C
3-PA,943,0,2021,0,0,2021,T
3-PA,944,0,2012,0,1,2013,T
3-PA,945,0,2022,0,0,2022,T
3-PA,946,0,3,2018,1,2022,G
3-PA,947,0,2,2019,0,2021,G
3-PA,948,2014,0,4,0,2018,A
3-PA,949,0,2013,0,0,2013,T
3-PA,950,0,2,2038,0,2040,G
3-PA,951,0,2,2071,0,2073,G
3-PA,952,2074,0,2,1,2077,A
3-PA,953,2074,0,2,0,2076,A
3-PA,954,2086,0,4,1,2091,A
3-PA,955,0,2,2084,0,2086,G
3-PA,956,2086,0,5,0,2091,A
3-PA,957,2287,0,1,1,2289,A
3-PA,958,0,0,0,2333,2333,C
3-PA,959,0,0,0,2335,2335,C
3-PA,960,1,2319,1,0,2321,T
3-PA,961,0,2379,0,0,2379,T
3-PA,962,2390,0,0,0,2390,A
3-PA,963,0,2390,0,0,2390,T
3-PA,964,2372,1,0,0,2373,A
3-PA,965,0,2398,0,6,2404,T
3-PA,966,2223,0,2,0,2225,A
3-PA,967,1,0,2229,0,2230,G
3-PA,968,0,2204,0,2,2206,T
3-PA,969,3,2,0,2194,2199,C
3-PA,970,2180,0,0,0,2180,A
3-PA,971,2182,0,0,0,2182,A
3-PA,972,2181,1,1,0,2183,A
3-PA,973,2,0,0,2186,2188,C
3-PA,974,0,0,0,2176,2176,C
3-PA,975,2149,0,0,0,2149,A
3-PA,976,0,1,0,2172,2173,C
3-PA,977,2172,0,1,0,2173,A
3-PA,978,1,1,0,2177,2179,C
3-PA,979,0,3,2188,0,2191,G
3-PA,980,2157,0,0,0,2157,A
3-PA,981,2168,0,1,0,2169,A
3-PA,982,2165,0,1,0,2166,A
3-PA,983,2160,0,3,0,2163,A
3-PA,984,0,1,2177,0,2178,G
3-PA,985,0,2,2169,0,2171,G
3-PA,986,0,3,2176,0,2179,G
3-PA,987,2171,0,2,1,2174,A
3-PA,988,2194,0,0,0,2194,A
3-PA,989,0,2196,0,0,2196,T
3-PA,990,2186,1,0,0,2187,A
3-PA,991,2197,0,1,0,2198,A
3-PA,992,2197,0,0,0,2197,A
3-PA,993,0,2192,0,0,2192,T
3-PA,994,0,2184,0,1,2185,T
3-PA,995,2,0,0,2200,2202,C
3-PA,996,2204,0,0,0,2204,A
3-PA,997,2208,0,0,0,2208,A
3-PA,998,2217,0,0,0,2217,A
3-PA,999,0,2210,0,2,2212,T
3-PA,1000,0,2224,0,0,2224,T
3-PA,1001,2219,1,0,0,2220,A
3-PA,1002,3,2,0,2219,2224,C
3-PA,1003,1,0,0,2222,2223,C
3-PA,1004,0,2219,0,4,2223,T
3-PA,1005,1,0,2237,0,2238,G
3-PA,1006,0,3,0,2232,2235,C
3-PA,1007,0,2256,0,2,2258,T
3-PA,1008,1,1,2284,0,2286,G
3-PA,1009,0,2276,0,3,2279,T
3-PA,1010,4,0,0,2276,2280,C
3-PA,1011,2286,0,1,0,2287,A
3-PA,1012,0,2288,0,1,2289,T
3-PA,1013,0,3,2283,0,2286,G
3-PA,1014,0,1,2280,0,2281,G
3-PA,1015,2281,0,1,0,2282,A
3-PA,1016,2342,0,2,0,2344,A
3-PA,1017,0,0,2313,0,2313,G
3-PA,1018,0,0,0,2328,2328,C
3-PA,1019,2323,0,0,0,2323,A
3-PA,1020,2329,0,4,0,2333,A
3-PA,1021,2,0,2335,1,2338,G
3-PA,1022,0,2323,0,1,2324,T
3-PA,1023,2335,0,0,0,2335,A
3-PA,1024,0,2,0,2344,2346,C
3-PA,1025,0,2311,0,0,2311,T
3-PA,1026,1,0,2333,0,2334,G
3-PA,1027,0,2307,0,1,2308,T
3-PA,1028,5,0,0,2316,2321,C
3-PA,1029,2314,0,3,0,2317,A
3-PA,1030,0,0,2331,1,2332,G
3-PA,1031,2324,0,0,0,2324,A
3-PA,1032,2331,0,1,0,2332,A
3-PA,1033,0,2354,0,0,2354,T
3-PA,1034,0,2345,0,1,2346,T
3-PA,1035,0,2,2323,0,2325,G
3-PA,1036,0,2,0,2320,2322,C
3-PA,1037,2309,1,6,1,2317,A
3-PA,1038,0,0,2319,0,2319,G
3-PA,1039,1,7,2278,0,2286,G
3-PA,1040,2294,0,2,0,2296,A
3-PA,1041,0,0,0,2285,2285,C
3-PA,1042,1,0,2260,0,2261,G
3-PA,1043,0,2288,0,0,2288,T
3-PA,1044,1,2304,0,0,2305,T
3-PA,1045,0,3,2315,0,2318,G
3-PA,1046,2312,0,3,0,2315,A
3-PA,1047,2321,0,1,0,2322,A
3-PA,1048,2304,0,1,0,2305,A
3-PA,1049,2321,0,1,0,2322,A
3-PA,1050,0,2305,0,0,2305,T
3-PA,1051,3,0,2317,0,2320,G
3-PA,1052,2276,0,7,0,2283,A
3-PA,1053,1,2,2314,0,2317,G
3-PA,1054,0,5,2311,0,2316,G
3-PA,1055,2290,1,0,0,2291,A
3-PA,1056,0,4,2309,0,2313,G
3-PA,1057,2312,1,2,0,2315,A
3-PA,1058,2311,0,0,0,2311,A
3-PA,1059,0,3,2303,0,2306,G
3-PA,1060,0,0,2279,0,2279,G
3-PA,1061,1,2344,0,3,2348,T
3-PA,1062,0,2387,0,1,2388,T
3-PA,1063,3,0,0,2382,2385,C
3-PA,1064,1,1,0,2396,2398,C
3-PA,1065,2406,0,1,0,2407,A
3-PA,1066,2388,0,1,0,2389,A
3-PA,1067,0,3,2410,0,2413,G
3-PA,1068,0,4,2426,0,2430,G
3-PA,1069,2402,0,1,0,2403,A
3-PA,1070,0,1,0,2405,2406,C
3-PA,1071,0,2426,0,0,2426,T
3-PA,1072,2425,1,2,0,2428,A
3-PA,1073,2424,1,0,0,2425,A
3-PA,1074,2423,0,1,0,2424,A
3-PA,1075,2430,0,0,0,2430,A
3-PA,1076,2410,0,0,0,2410,A
3-PA,1077,0,0,0,2383,2383,C
3-PA,1078,2374,0,0,0,2374,A
3-PA,1079,0,2364,0,0,2364,T
3-PA,1080,0,1,2382,0,2383,G
3-PA,1081,2369,0,1,0,2370,A
3-PA,1082,2376,1,0,0,2377,A
3-PA,1083,0,2,2385,0,2387,G
3-PA,1084,2378,0,0,0,2378,A
3-PA,1085,2390,0,0,0,2390,A
3-PA,1086,2377,0,0,0,2377,A
3-PA,1087,2363,0,0,0,2363,A
3-PA,1088,0,0,0,2388,2388,C
3-PA,1089,0,3,2370,0,2373,G
3-PA,1090,2377,0,4,0,2381,A
3-PA,1091,1,0,2374,0,2375,G
3-PA,1092,1,2348,1,4,2354,T
3-PA,1093,5,0,0,2397,2402,C
3-PA,1094,2411,0,2,1,2414,A
3-PA,1095,2435,2,3,0,2440,A
3-PA,1096,0,4,0,2429,2433,C
3-PA,1097,0,2443,0,0,2443,T
3-PA,1098,0,1,2475,0,2476,G
3-PA,1099,2458,0,0,0,2458,A
3-PA,1100,2467,0,4,0,2471,A
3-PA,1101,0,0,2472,0,2472,G
3-PA,1102,0,2408,0,1,2409,T
3-PA,1103,0,1,2432,0,2433,G
3-PA,1104,3,0,2408,0,2411,G
3-PA,1105,1,0,2428,0,2429,G
3-PA,1106,0,0,1,2430,2431,C
3-PA,1107,0,2398,0,1,2399,T
3-PA,1108,2,0,0,2432,2434,C
3-PA,1109,0,2415,0,2,2417,T
3-PA,1110,1,2435,0,0,2436,T
3-PA,1111,1,1,2478,0,2480,G
3-PA,1112,1,0,2482,0,2483,G
3-PA,1113,0,2452,0,2,2454,T
3-PA,1114,1,0,2459,0,2460,G
3-PA,1115,2460,0,0,0,2460,A
3-PA,1116,2478,0,0,0,2478,A
3-PA,1117,2464,0,1,0,2465,A
3-PA,1118,2465,0,1,2,2468,A
3-PA,1119,0,0,0,2481,2481,C
3-PA,1120,2451,0,0,0,2451,A
3-PA,1121,0,2431,0,1,2432,T
3-PA,1122,1,1,2428,0,2430,G
3-PA,1123,3,1,2434,0,2438,G
3-PA,1124,1,0,0,2461,2462,C
3-PA,1125,2455,1,3,1,2460,A
3-PA,1126,1,0,1,2473,2475,C
3-PA,1127,2,2,0,2485,2489,C
3-PA,1128,2531,0,1,0,2532,A
3-PA,1129,0,5,2558,0,2563,G
3-PA,1130,2557,0,0,0,2557,A
3-PA,1131,2,1,2595,0,2598,G
3-PA,1132,2593,0,2,0,2595,A
3-PA,1133,2592,0,5,0,2597,A
3-PA,1134,0,1,2611,0,2612,G
3-PA,1135,1,0,2600,0,2601,G
3-PA,1136,0,2534,0,0,2534,T
3-PA,1137,2571,0,0,0,2571,A
3-PA,1138,0,2,2555,0,2557,G
3-PA,1139,2545,0,1,0,2546,A
3-PA,1140,0,0,0,2569,2569,C
3-PA,1141,1,2538,0,0,2539,T
3-PA,1142,0,2539,0,0,2539,T
3-PA,1143,1,2555,0,1,2557,T
3-PA,1144,0,3,2556,0,2559,G
3-PA,1145,2556,0,4,0,2560,A
3-PA,1146,2566,0,0,0,2566,A
3-PA,1147,2556,0,1,0,2557,A
3-PA,1148,2549,1,0,0,2550,A
3-PA,1149,0,0,0,2593,2593,C
3-PA,1150,0,2580,0,1,2581,T
3-PA,1151,1,1,2618,0,2620,G
3-PA,1152,0,1,0,2611,2612,C
3-PA,1153,2620,0,0,0,2620,A
3-PA,1154,0,0,2617,0,2617,G
3-PA,1155,2618,0,0,0,2618,A
3-PA,1156,1,2,2721,0,2724,G
3-PA,1157,2722,0,2,0,2724,A
3-PA,1158,0,0,0,2710,2710,C
3-PA,1159,2711,0,0,0,2711,A
3-PA,1160,0,2682,0,2,2684,T
3-PA,1161,2701,0,0,0,2701,A
3-PA,1162,2697,0,2,0,2699,A
3-PA,1163,1,0,2687,0,2688,G
3-PA,1164,1,1,0,2675,2677,C
3-PA,1165,1,5,2633,0,2639,G
3-PA,1166,2671,0,0,1,2672,A
3-PA,1167,0,2666,1,0,2667,T
3-PA,1168,0,2668,0,0,2668,T
3-PA,1169,0,2675,0,0,2675,T
3-PA,1170,0,1,2678,0,2679,G
3-PA,1171,2686,1,3,0,2690,A
3-PA,1172,2673,0,4,1,2678,A
3-PA,1173,4,0,2671,0,2675,G
3-PA,1174,1,1,0,2748,2750,C
3-PA,1175,2710,0,0,0,2710,A
3-PA,1176,2868,0,1,0,2869,A
3-PA,1177,0,2876,0,0,2876,T
3-PA,1178,2891,0,2,1,2894,A
3-PA,1179,0,2891,0,0,2891,T
3-PA,1180,0,0,2894,0,2894,G
3-PA,1181,2921,1,6,0,2928,A
3-PA,1182,0,2909,0,0,2909,T
3-PA,1183,2842,0,0,0,2842,A
3-PA,1184,1,0,2839,0,2840,G
3-PA,1185,0,2736,0,2,2738,T
3-PA,1186,0,1,2744,0,2745,G
3-PA,1187,2739,1,3,0,2743,A
3-PA,1188,0,1,0,2729,2730,C
3-PA,1189,1,9,2721,0,2731,G
3-PA,1190,2730,0,2,0,2732,A
3-PA,1191,2732,0,1,1,2734,A
3-PA,1192,1,0,0,2748,2749,C
3-PA,1193,1,0,0,2765,2766,C
3-PA,1194,0,2763,2,2,2767,T
3-PA,1195,3,5,2819,0,2827,G
3-PA,1196,2822,0,1,0,2823,A
3-PA,1197,2827,0,0,0,2827,A
3-PA,1198,0,2830,0,0,2830,T
3-PA,1199,0,2817,0,0,2817,T
3-PA,1200,2814,0,1,0,2815,A
3-PA,1201,2795,1,0,0,2796,A
3-PA,1202,0,4,2801,1,2806,G
3-PA,1203,0,1,2802,0,2803,G
3-PA,1204,2,2732,0,5,2739,T
3-PA,1205,10,1,0,2735,2746,C
3-PA,1206,2744,0,1,0,2745,A
3-PA,1207,0,3,0,2834,2837,C
3-PA,1208,0,2841,0,3,2844,T
3-PA,1209,1,2844,0,0,2845,T
3-PA,1210,0,2837,0,4,2841,T
3-PA,1211,1,0,0,2848,2849,C
3-PA,1212,2835,0,3,0,2838,A
3-PA,1213,2836,0,3,1,2840,A
3-PA,1214,0,0,2869,0,2869,G
3-PA,1215,0,0,0,2854,2854,C
3-PA,1216,0,2817,0,0,2817,T
3-PA,1217,9,2,2865,0,2876,G
3-PA,1218,4,0,2882,1,2887,G
3-PA,1219,2914,0,2,0,2916,A
3-PA,1220,0,2949,1,0,2950,T
3-PA,1221,2943,0,0,0,2943,A
3-PA,1222,1,0,0,2971,2972,C
3-PA,1223,2914,0,2,0,2916,A
3-PA,1224,0,4,2951,0,2955,G
3-PA,1225,2954,0,3,0,2957,A
3-PA,1226,2909,0,0,0,2909,A
3-PA,1227,2,2881,0,2,2885,T
3-PA,1228,0,9,2884,0,2893,G
3-PA,1229,2866,0,2,0,2868,A
3-PA,1230,0,0,2886,0,2886,G
3-PA,1231,0,2876,0,3,2879,T
3-PA,1232,0,2851,1,1,2853,T
3-PA,1233,8,0,0,2873,2881,C
3-PA,1234,2901,0,0,0,2901,A
3-PA,1235,2907,0,1,0,2908,A
3-PA,1236,0,1,1,2910,2912,C
3-PA,1237,2882,0,0,0,2882,A
3-PA,1238,2874,0,1,0,2875,A
3-PA,1239,0,1,2867,0,2868,G
3-PA,1240,1,0,2859,0,2860,G
3-PA,1241,0,1,0,2874,2875,C
3-PA,1242,1,0,0,2860,2861,C
3-PA,1243,0,2846,0,4,2850,T
3-PA,1244,0,0,2891,0,2891,G
3-PA,1245,0,2867,0,1,2868,T
3-PA,1246,1,5,2901,0,2907,G
3-PA,1247,2903,0,4,0,2907,A
3-PA,1248,3,0,2895,0,2898,G
3-PA,1249,0,0,0,2865,2865,C
3-PA,1250,0,2845,0,2,2847,T
3-PA,1251,2908,0,1,0,2909,A
3-PA,1252,2905,0,1,0,2906,A
3-PA,1253,0,0,1,2912,2913,C
3-PA,1254,0,2900,0,1,2901,T
3-PA,1255,1,5,2900,0,2906,G
3-PA,1256,2891,1,0,0,2892,A
3-PA,1257,0,2877,0,0,2877,T
3-PA,1258,2,2892,0,0,2894,T
3-PA,1259,4,0,0,2895,2899,C
3-PA,1260,2960,0,1,2,2963,A
3-PA,1261,0,1,3031,0,3032,G
3-PA,1262,1,3002,0,0,3003,T
3-PA,1263,0,1,0,3010,3011,C
3-PA,1264,0,3007,0,3,3010,T
3-PA,1265,1,1,3103,0,3105,G
3-PA,1266,0,3,3096,0,3099,G
3-PA,1267,3106,0,2,0,3108,A
3-PA,1268,1,3107,0,1,3109,T
3-PA,1269,2961,0,0,0,2961,A
3-PA,1270,0,6,2928,0,2934,G
3-PA,1271,2896,1,4,0,2901,A
3-PA,1272,1,0,2901,0,2902,G
3-PA,1273,0,0,0,2876,2876,C
3-PA,1274,0,2817,0,2,2819,T
3-PA,1275,11,2,0,2827,2840,C
3-PA,1276,0,1,2848,0,2849,G
3-PA,1277,2847,0,1,0,2848,A
3-PA,1278,0,2856,0,0,2856,T
3-PA,1279,0,2,2843,1,2846,G
3-PA,1280,2877,1,1,0,2879,A
3-PA,1281,2879,0,1,0,2880,A
3-PA,1282,2891,0,3,0,2894,A
3-PA,1283,0,2873,0,0,2873,T
3-PA,1284,1,2882,0,2,2885,T
3-PA,1285,0,3,2902,1,2906,G
3-PA,1286,0,7,2905,0,2912,G
3-PA,1287,2903,1,3,1,2908,A
3-PA,1288,0,3,2902,0,2905,G
3-PA,1289,2868,0,1,0,2869,A
3-PA,1290,0,0,2882,0,2882,G
3-PA,1291,0,1,2903,0,2904,G
3-PA,1292,2927,0,5,0,2932,A
3-PA,1293,1,3,0,2925,2929,C
3-PA,1294,0,1,2915,0,2916,G
3-PA,1295,0,2917,0,0,2917,T
3-PA,1296,2920,0,4,0,2924,A
3-PA,1297,0,0,2926,0,2926,G
3-PA,1298,0,0,1,2940,2941,C
3-PA,1299,3,0,0,2884,2887,C
3-PA,1300,4,2,1,2872,2879,C
3-PA,1301,15,0,0,2898,2913,C
3-PA,1302,2922,0,1,0,2923,A
3-PA,1303,3022,0,0,0,3022,A
3-PA,1304,0,3014,0,1,3015,T
3-PA,1305,0,3011,0,0,3011,T
3-PA,1306,0,11,3000,0,3011,G
3-PA,1307,2949,0,4,0,2953,A
3-PA,1308,0,0,2958,0,2958,G
3-PA,1309,1,0,0,2943,2944,C
3-PA,1310,2927,1,1,0,2929,A
3-PA,1311,2,2,0,2973,2977,C
3-PA,1312,2910,0,0,0,2910,A
3-PA,1313,2,2970,0,2,2974,T
3-PA,1314,0,2963,0,2,2965,T
3-PA,1315,0,1,2977,0,2978,G
3-PA,1316,0,0,0,2958,2958,C
3-PA,1317,2967,1,5,0,2973,A
3-PA,1318,2964,0,2,0,2966,A
3-PA,1319,0,0,2959,0,2959,G
3-PA,1320,1,0,0,2913,2914,C
3-PA,1321,2902,0,4,0,2906,A
3-PA,1322,0,2829,1,1,2831,T
3-PA,1323,0,3,2825,0,2828,G
3-PA,1324,2820,0,2,0,2822,A
3-PA,1325,0,1,2834,0,2835,G
3-PA,1326,2826,0,2,0,2828,A
3-PA,1327,2831,1,2,0,2834,A
3-PA,1328,1,1,2816,0,2818,G
3-PA,1329,0,5,2839,0,2844,G
3-PA,1330,2841,0,0,0,2841,A
3-PA,1331,2847,0,0,0,2847,A
3-PA,1332,0,2845,0,0,2845,T
3-PA,1333,0,2841,0,0,2841,T
3-PA,1334,2854,0,0,0,2854,A
3-PA,1335,0,2859,1,0,2860,T
3-PA,1336,0,2847,1,1,2849,T
3-PA,1337,1,2856,0,1,2858,T
3-PA,1338,2,1,0,2832,2835,C
3-PA,1339,2831,0,2,0,2833,A
3-PA,1340,0,0,0,2896,2896,C
3-PA,1341,2898,1,1,0,2900,A
3-PA,1342,0,0,2925,0,2925,G
3-PA,1343,0,1,0,2903,2904,C
3-PA,1344,2899,0,1,0,2900,A
3-PA,1345,0,1,2915,1,2917,G
3-PA,1346,2890,1,2,0,2893,A
3-PA,1347,1,2,2896,0,2899,G
3-PA,1348,1,2,2899,0,2902,G
3-PA,1349,0,2848,0,2,2850,T
3-PA,1350,1,0,2902,0,2903,G
3-PA,1351,0,2860,0,3,2863,T
3-PA,1352,4,0,0,2856,2860,C
3-PA,1353,2,0,0,2890,2892,C
3-PA,1354,5,0,0,2889,2894,C
3-PA,1355,2917,0,4,0,2921,A
3-PA,1356,0,2939,0,2,2941,T
3-PA,1357,0,2934,0,0,2934,T
3-PA,1358,4,1,2945,0,2950,G
3-PA,1359,0,2912,0,0,2912,T
3-PA,1360,2863,0,1,0,2864,A
3-PA,1361,0,0,2856,0,2856,G
3-PA,1362,2766,0,0,0,2766,A
3-PA,1363,0,0,2787,0,2787,G
3-PA,1364,0,0,0,2731,2731,C
3-PA,1365,3,0,0,2696,2699,C
3-PA,1366,2723,1,1,0,2725,A
3-PA,1367,1,0,0,2730,2731,C
3-PA,1368,0,2723,0,0,2723,T
3-PA,1369,0,1,2732,0,2733,G
3-PA,1370,2713,1,1,0,2715,A
3-PA,1371,2676,0,1,0,2677,A
3-PA,1372,0,2726,0,1,2727,T
3-PA,1373,2750,0,1,0,2751,A
3-PA,1374,0,2,0,2779,2781,C
3-PA,1375,2724,0,1,0,2725,A
3-PA,1376,0,2730,0,1,2731,T
3-PA,1377,2710,0,0,0,2710,A
3-PA,1378,2707,0,2,0,2709,A
3-PA,1379,0,2698,0,0,2698,T
3-PA,1380,0,2,2642,0,2644,G
3-PA,1381,2637,0,0,0,2637,A
3-PA,1382,2584,0,1,0,2585,A
3-PA,1383,0,2,2575,0,2577,G
3-PA,1384,5,4,2547,0,2556,G
3-PA,1385,0,2,2576,0,2578,G
3-PA,1386,1,2,2570,0,2573,G
3-PA,1387,0,1,2591,0,2592,G
3-PA,1388,0,2569,0,3,2572,T
3-PA,1389,2580,0,0,0,2580,A
3-PA,1390,0,2591,0,0,2591,T
3-PA,1391,2594,0,3,0,2597,A
3-PA,1392,0,0,0,2818,2818,C
3-PA,1393,2738,1,1,0,2740,A
3-PA,1394,0,2677,0,2,2679,T
3-PA,1395,1,2669,0,0,2670,T
3-PA,1396,2615,0,0,0,2615,A
3-PA,1397,2648,0,0,1,2649,A
3-PA,1398,0,0,0,2643,2643,C
3-PA,1399,2584,0,0,0,2584,A
3-PA,1400,0,0,0,2594,2594,C
3-PA,1401,0,2289,0,0,2289,T
3-PA,1402,0,0,2353,0,2353,G
3-PA,1403,1,1,0,2335,2337,C
3-PA,1404,1,0,0,2332,2333,C
3-PA,1405,1,0,0,2346,2347,C
3-PA,1406,0,2257,0,1,2258,T
3-PA,1407,2,0,2321,0,2323,G
3-PA,1408,0,0,0,2314,2314,C
3-PA,1409,0,2309,0,2,2311,T
3-PA,1410,4,1,0,2372,2377,C
3-PA,1411,2284,0,1,0,2285,A
3-PA,1412,2298,0,0,0,2298,A
3-PA,1413,0,2291,0,1,2292,T
3-PA,1414,0,0,2292,0,2292,G
3-PA,1415,1,0,0,2288,2289,C
3-PA,1416,2221,1,0,0,2222,A
3-PA,1417,0,2212,0,1,2213,T
3-PA,1418,1,0,0,2210,2211,C
3-PA,1419,0,0,0,2228,2228,C
3-PA,1420,0,2136,0,1,2137,T
3-PA,1421,0,0,2196,0,2196,G
3-PA,1422,0,2174,0,1,2175,T
3-PA,1423,0,0,2175,0,2175,G
3-PA,1424,1,0,0,2165,2166,C
3-PA,1425,2138,0,1,0,2139,A
3-PA,1426,0,1,2155,0,2156,G
3-PA,1427,2,0,0,2150,2152,C
3-PA,1428,2126,0,0,0,2126,A
3-PA,1429,2121,1,0,0,2122,A
3-PA,1430,0,2033,0,0,2033,T
3-PA,1431,0,3,2032,1,2036,G
3-PA,1432,2,0,2039,0,2041,G
3-PA,1433,2034,0,1,0,2035,A
3-PA,1434,0,0,0,2035,2035,C
3-PA,1435,1,2,2008,0,2011,G
3-PA,1436,2031,0,0,0,2031,A
3-PA,1437,0,2031,0,0,2031,T
3-PA,1438,0,2028,0,0,2028,T
3-PA,1439,0,2020,0,0,2020,T
3-PA,1440,1,2012,0,1,2014,T
3-PA,1441,2,0,0,2018,2020,C
3-PA,1442,2022,1,1,0,2024,A
3-PA,1443,2031,0,0,0,2031,A
3-PA,1444,0,1,0,2029,2030,C
3-PA,1445,0,1980,0,1,1981,T
3-PA,1446,1981,0,0,0,1981,A
3-PA,1447,1983,0,0,0,1983,A
3-PA,1448,0,1972,0,1,1973,T
3-PA,1449,1,1958,0,1,1960,T
3-PA,1450,0,2,0,1984,1986,C
3-PA,1451,1,0,0,1981,1982,C
3-PA,1452,1,0,0,1982,1983,C
3-PA,1453,1982,0,1,0,1983,A
3-PA,1454,0,2010,0,4,2014,T
3-PA,1455,0,5,2015,0,2020,G
3-PA,1456,2016,0,1,0,2017,A
3-PA,1457,0,2007,0,1,2008,T
3-PA,1458,1999,0,1,0,2000,A
3-PA,1459,2008,0,2,0,2010,A
3-PA,1460,1,0,2009,0,2010,G
3-PA,1461,0,0,0,2012,2012,C
3-PA,1462,1998,0,0,0,1998,A
3-PA,1463,1923,0,1,0,1924,A
3-PA,1464,1,0,1943,0,1944,G
3-PA,1465,0,1933,0,0,1933,T
3-PA,1466,0,0,1930,0,1930,G
3-PA,1467,0,0,0,1920,1920,C
3-PA,1468,1900,0,1,0,1901,A
3-PA,1469,1,2,1932,0,1935,G
3-PA,1470,1924,0,0,0,1924,A
3-PA,1471,1951,1,1,0,1953,A
3-PA,1472,0,0,0,1956,1956,C
3-PA,1473,0,1910,0,2,1912,T
3-PA,1474,1942,0,0,0,1942,A
3-PA,1475,1941,0,3,0,1944,A
3-PA,1476,1928,1,5,0,1934,A
3-PA,1477,0,2,1942,0,1944,G
3-PA,1478,1850,0,2,0,1852,A
3-PA,1479,0,5,1846,1,1852,G
3-PA,1480,1,0,1799,0,1800,G
3-PA,1481,2,1,1794,0,1797,G
3-PA,1482,1783,0,4,0,1787,A
3-PA,1483,1749,1,4,0,1754,A
3-PA,1484,0,0,1755,0,1755,G
3-PA,1485,0,1,1740,0,1741,G
3-PA,1486,0,1,0,1746,1747,C
3-PA,1487,1,3,1736,0,1740,G
3-PA,1488,1734,0,2,0,1736,A
3-PA,1489,1740,0,0,0,1740,A
3-PA,1490,1739,0,0,0,1739,A
3-PA,1491,1737,0,0,0,1737,A
3-PA,1492,1739,0,1,0,1740,A
3-PA,1493,2,0,0,1741,1743,C
3-PA,1494,0,1,0,1731,1732,C
3-PA,1495,1733,0,1,0,1734,A
3-PA,1496,1747,0,0,1,1748,A
3-PA,1497,0,1744,2,0,1746,T
3-PA,1498,0,1742,0,0,1742,T
3-PA,1499,1,1748,0,0,1749,T
3-PA,1500,1756,0,0,0,1756,A
3-PA,1501,0,1745,0,0,1745,T
3-PA,1502,1743,0,0,0,1743,A
3-PA,1503,0,1743,0,0,1743,T
3-PA,1504,0,1,1733,0,1734,G
3-PA,1505,0,1,1712,0,1713,G
3-PA,1506,1703,0,0,3,1706,A
3-PA,1507,0,1700,0,2,1702,T
3-PA,1508,0,1675,0,1,1676,T
3-PA,1509,1,0,0,1669,1670,C
3-PA,1510,1668,0,2,0,1670,A
3-PA,1511,1,1680,0,2,1683,T
3-PA,1512,0,0,0,1690,1690,C
3-PA,1513,1674,1,1,0,1676,A
3-PA,1514,0,1656,0,0,1656,T
3-PA,1515,1650,0,0,0,1650,A
3-PA,1516,1648,0,0,0,1648,A
3-PA,1517,1643,0,3,0,1646,A
3-PA,1518,0,2,1636,0,1638,G
3-PA,1519,0,1,1597,0,1598,G
3-PA,1520,0,1,1586,0,1587,G
3-PA,1521,1575,0,0,0,1575,A
3-PA,1522,1548,0,3,0,1551,A
3-PA,1523,0,2,1546,0,1548,G
3-PA,1524,1543,0,0,0,1543,A
3-PA,1525,0,1532,0,4,1536,T
3-PA,1526,2,0,0,1537,1539,C
3-PA,1527,0,1506,0,2,1508,T
3-PA,1528,4,0,0,1531,1535,C
3-PA,1529,1537,0,0,0,1537,A
3-PA,1530,0,1537,0,0,1537,T
3-PA,1531,0,1537,0,1,1538,T
3-PA,1532,0,1508,0,0,1508,T
3-PA,1533,1504,0,0,0,1504,A
3-PA,1534,1501,0,1,0,1502,A
3-PA,1535,0,0,1501,0,1501,G
3-PA,1536,0,1,1511,0,1512,G
3-PA,1537,1440,0,1,0,1441,A
3-PA,1538,1436,0,0,0,1436,A
3-PA,1539,0,1435,0,0,1435,T
3-PA,1540,0,7,1435,0,1442,G
3-PA,1541,1460,0,1,0,1461,A
3-PA,1542,0,0,0,1460,1460,C
3-PA,1543,1451,0,2,0,1453,A
3-PA,1544,0,3,0,1449,1452,C
3-PA,1545,1401,0,3,0,1404,A
3-PA,1546,1,1,1409,0,1411,G
3-PA,1547,1400,0,1,0,1401,A
3-PA,1548,0,0,0,1368,1368,C
3-PA,1549,1,0,1346,0,1347,G
3-PA,1550,0,1225,0,0,1225,T
3-PA,1551,0,0,1228,0,1228,G
3-PA,1552,1,1,1221,0,1223,G
3-PA,1553,0,1229,0,1,1230,T
3-PA,1554,1228,0,0,0,1228,A
3-PA,1555,1212,0,0,0,1212,A
3-PA,1556,1214,1,1,1,1217,A
3-PA,1557,0,1212,0,0,1212,T
3-PA,1558,0,1188,0,0,1188,T
3-PA,1559,0,1183,0,0,1183,T
3-PA,1560,0,1178,0,0,1178,T
3-PA,1561,0,0,1181,0,1181,G
3-PA,1562,0,1158,0,0,1158,T
3-PA,1563,0,5,1158,0,1163,G
3-PA,1564,1149,0,0,0,1149,A
3-PA,1565,0,0,1153,0,1153,G
3-PA,1566,1,0,0,1147,1148,C
3-PA,1567,1151,0,0,0,1151,A
3-PA,1568,0,1147,0,3,1150,T
3-PA,1569,0,0,1154,0,1154,G
3-PA,1570,0,0,1153,0,1153,G
3-PA,1571,1152,0,0,0,1152,A
3-PA,1572,0,0,1154,0,1154,G
3-PA,1573,0,1136,1,0,1137,T
3-PA,1574,0,1128,0,0,1128,T
3-PA,1575,0,1131,0,1,1132,T
3-PA,1576,1,1133,0,0,1134,T
3-PA,1577,0,1,0,1129,1130,C
3-PA,1578,0,1127,0,2,1129,T
3-PA,1579,2,1,0,1118,1121,C
3-PA,1580,0,1086,0,0,1086,T
3-PA,1581,0,0,0,1089,1089,C
3-PA,1582,1087,0,0,0,1087,A
3-PA,1583,0,0,0,1084,1084,C
3-PA,1584,0,1035,0,2,1037,T
3-PA,1585,0,3,1033,0,1036,G
3-PA,1586,1022,0,0,0,1022,A
3-PA,1587,1,0,0,1025,1026,C
3-PA,1588,0,0,0,1015,1015,C
3-PA,1589,0,1,0,997,998,C
3-PA,1590,1,0,1005,0,1006,G
3-PA,1591,1006,0,0,0,1006,A
3-PA,1592,2,2,1003,0,1007,G
3-PA,1593,1001,0,0,0,1001,A
3-PA,1594,0,0,0,975,975,C
3-PA,1595,0,960,0,1,961,T
3-PA,1596,0,895,0,2,897,T
3-PA,1597,0,1,892,0,893,G
3-PA,1598,879,0,2,0,881,A
3-PA,1599,0,0,888,0,888,G
3-PA,1600,0,4,0,881,885,C
3-PA,1601,2,2,0,843,847,C
3-PA,1602,834,0,0,0,834,A
3-PA,1603,0,0,0,839,839,C
3-PA,1604,839,0,0,0,839,A
3-PA,1605,0,836,0,0,836,T
3-PA,1606,827,0,0,0,827,A
3-PA,1607,821,0,0,0,821,A
3-PA,1608,815,0,1,0,816,A
3-PA,1609,0,804,0,0,804,T
3-PA,1610,0,1,802,0,803,G
3-PA,1611,0,1,728,0,729,G
3-PA,1612,0,0,717,0,717,G
3-PA,1613,701,0,0,0,701,A
3-PA,1614,1,0,702,0,703,G
3-PA,1615,688,0,0,0,688,A
3-PA,1616,671,0,0,0,671,A
3-PA,1617,671,0,0,0,671,A
3-PA,1618,0,666,0,0,666,T
3-PA,1619,645,0,0,0,645,A
3-PA,1620,1,0,0,651,652,C
3-PA,1621,0,373,0,0,373,T
3-PA,1622,0,0,369,0,369,G
3-PA,1623,0,232,0,1,233,T
3-PA,1624,0,0,235,0,235,G
3-PA,1625,0,215,0,1,216,T
3-PA,1626,0,0,0,145,145,C
3-PA,1627,0,0,0,134,134,C
3-PA,1628,0,125,0,0,125,T
3-PA,1629,0,123,0,0,123,T
3-PA,1630,0,1,125,0,126,G
3-PA,1631,125,0,0,0,125,A
3-PA,1632,0,1,126,0,127,G
3-PA,1633,122,0,0,0,122,A
3-PA,1634,0,125,0,0,125,T
3-PA,1635,124,0,0,0,124,A
3-PA,1636,0,0,125,0,125,G
3-PA,1637,0,0,127,0,127,G
3-PA,1638,128,0,0,0,128,A
3-PA,1639,0,0,128,0,128,G
3-PA,1640,128,0,0,0,128,A
3-PA,1641,0,129,0,0,129,T
3-PA,1642,128,0,0,0,128,A
3-PA,1643,0,129,0,0,129,T
3-PA,1644,0,0,129,0,129,G
3-PA,1645,0,128,0,0,128,T
3-PA,1646,0,126,0,0,126,T
3-PA,1647,128,0,0,0,128,A
3-PA,1648,0,0,0,127,127,C
3-PA,1649,0,127,0,0,127,T
3-PA,1650,127,0,0,0,127,A
3-PA,1651,127,0,0,0,127,A
3-PA,1652,0,0,127,0,127,G
3-PA,1653,126,0,0,0,126,A
3-PA,1654,124,0,0,0,124,A
3-PA,1655,0,0,117,0,117,G
3-PA,1656,0,118,0,0,118,T
3-PA,1657,0,0,119,0,119,G
3-PA,1658,0,1,0,117,118,C
3-PA,1659,0,0,0,120,120,C
3-PA,1660,121,0,0,0,121,A
3-PA,1661,0,120,0,0,120,T
3-PA,1662,119,0,1,0,120,A
3-PA,1663,0,0,120,0,120,G
3-PA,1664,0,0,116,0,116,G
3-PA,1665,0,0,0,110,110,C
3-PA,1666,0,0,0,117,117,C
3-PA,1667,115,0,0,0,115,A
3-PA,1668,117,0,0,0,117,A
3-PA,1669,117,0,0,0,117,A
3-PA,1670,0,118,0,0,118,T
3-PA,1671,0,114,0,0,114,T
3-PA,1672,0,114,0,0,114,T
3-PA,1673,0,0,0,116,116,C
3-PA,1674,111,0,0,0,111,A
3-PA,1675,108,0,0,0,108,A
3-PA,1676,0,0,111,0,111,G
3-PA,1677,0,0,110,0,110,G
3-PA,1678,0,0,0,108,108,C
3-PA,1679,1,0,0,110,111,C
3-PA,1680,111,0,0,0,111,A
3-PA,1681,120,0,0,0,120,A
3-PA,1682,0,123,0,0,123,T
3-PA,1683,0,0,126,0,126,G
3-PA,1684,0,125,0,0,125,T
3-PA,1685,0,127,0,0,127,T
3-PA,1686,0,0,0,129,129,C
3-PA,1687,0,128,0,0,128,T
3-PA,1688,0,129,0,0,129,T
3-PA,1689,120,0,0,1,121,A
3-PA,1690,0,121,0,0,121,T
3-PA,1691,119,0,0,0,119,A
3-PA,1692,0,119,0,0,119,T
3-PA,1693,0,0,120,0,120,G
3-PA,1694,0,113,0,0,113,T
3-PA,1695,0,0,113,0,113,G
3-PA,1696,112,0,0,0,112,A
3-PA,1697,0,0,113,0,113,G
3-PA,1698,0,0,112,0,112,G
3-PA,1699,112,0,0,0,112,A
3-PA,1700,0,0,0,111,111,C
3-PA,1701,112,0,0,0,112,A
3-PA,1702,112,0,0,0,112,A
3-PA,1703,111,0,0,0,111,A
3-PA,1704,0,0,0,111,111,C
3-PA,1705,0,1,112,0,113,G
3-PA,1706,0,0,113,0,113,G
3-PA,1707,112,0,0,0,112,A
3-PA,1708,111,0,0,0,111,A
3-PA,1709,0,0,0,111,111,C
3-PA,1710,113,0,0,0,113,A
3-PA,1711,0,112,0,0,112,T
3-PA,1712,0,0,0,112,112,C
3-PA,1713,113,0,0,0,113,A
3-PA,1714,112,0,0,0,112,A
3-PA,1715,109,0,0,0,109,A
3-PA,1716,0,0,110,0,110,G
3-PA,1717,0,0,109,0,109,G
3-PA,1718,0,107,0,0,107,T
3-PA,1719,1,0,0,108,109,C
3-PA,1720,109,0,0,0,109,A
3-PA,1721,109,0,0,0,109,A
3-PA,1722,109,0,0,0,109,A
3-PA,1723,109,0,0,0,109,A
3-PA,1724,0,108,0,0,108,T
3-PA,1725,0,1,107,0,108,G
3-PA,1726,110,0,0,0,110,A
3-PA,1727,108,0,0,0,108,A
3-PA,1728,111,0,0,0,111,A
3-PA,1729,0,109,0,0,109,T
3-PA,1730,0,0,109,0,109,G
3-PA,1731,0,0,106,0,106,G
3-PA,1732,0,0,110,0,110,G
3-PA,1733,0,0,111,0,111,G
3-PA,1734,110,0,0,0,110,A
3-PA,1735,111,0,0,0,111,A
3-PA,1736,0,110,0,0,110,T
3-PA,1737,0,0,111,0,111,G
3-PA,1738,0,0,112,0,112,G
3-PA,1739,110,0,0,0,110,A
3-PA,1740,0,1,111,0,112,G
3-PA,1741,110,0,0,0,110,A
3-PA,1742,0,108,0,0,108,T
3-PA,1743,0,0,107,0,107,G
3-PA,1744,107,0,0,0,107,A
3-PA,1745,0,0,109,0,109,G
3-PA,1746,111,0,0,0,111,A
3-PA,1747,0,0,0,112,112,C
3-PA,1748,0,0,110,0,110,G
3-PA,1749,0,112,0,0,112,T
3-PA,1750,0,111,0,0,111,T
3-PA,1751,0,0,110,0,110,G
3-PA,1752,0,0,0,109,109,C
3-PA,1753,0,0,0,112,112,C
3-PA,1754,0,112,0,0,112,T
3-PA,1755,0,0,0,115,115,C
3-PA,1756,0,0,0,113,113,C
3-PA,1757,0,114,0,0,114,T
3-PA,1758,0,113,0,0,113,T
3-PA,1759,0,0,0,111,111,C
3-PA,1760,111,0,0,0,111,A
3-PA,1761,0,0,112,0,112,G
3-PA,1762,0,110,0,1,111,T
3-PA,1763,0,0,0,113,113,C
3-PA,1764,111,0,0,0,111,A
3-PA,1765,0,0,0,116,116,C
3-PA,1766,0,114,0,0,114,T
3-PA,1767,0,0,0,117,117,C
3-PA,1768,0,0,0,116,116,C
3-PA,1769,118,0,0,0,118,A
3-PA,1770,0,0,115,0,115,G
3-PA,1771,0,0,0,118,118,C
3-PA,1772,117,0,0,0,117,A
3-PA,1773,0,0,118,0,118,G
3-PA,1774,114,0,0,0,114,A
3-PA,1775,0,112,0,0,112,T
3-PA,1776,0,0,0,111,111,C
3-PA,1777,0,0,112,0,112,G
3-PA,1778,113,0,0,0,113,A
3-PA,1779,0,1,112,0,113,G
3-PA,1780,109,0,0,0,109,A
3-PA,1781,0,0,114,0,114,G
3-PA,1782,0,0,0,111,111,C
3-PA,1783,112,0,0,0,112,A
3-PA,1784,0,113,0,0,113,T
3-PA,1785,0,0,115,0,115,G
3-PA,1786,115,0,0,0,115,A
3-PA,1787,0,114,0,0,114,T
3-PA,1788,0,112,0,0,112,T
3-PA,1789,0,0,114,0,114,G
3-PA,1790,115,0,0,0,115,A
3-PA,1791,115,0,0,0,115,A
3-PA,1792,0,0,115,0,115,G
3-PA,1793,0,0,0,111,111,C
3-PA,1794,0,0,0,111,111,C
3-PA,1795,0,0,112,0,112,G
3-PA,1796,112,0,0,0,112,A
3-PA,1797,0,0,112,0,112,G
3-PA,1798,0,110,0,0,110,T
3-PA,1799,0,0,0,114,114,C
3-PA,1800,0,0,0,112,112,C
3-PA,1801,0,110,0,0,110,T
3-PA,1802,0,0,0,113,113,C
3-PA,1803,0,0,112,0,112,G
3-PA,1804,0,0,113,0,113,G
3-PA,1805,0,110,0,0,110,T
3-PA,1806,0,109,0,0,109,T
3-PA,1807,110,0,0,0,110,A
3-PA,1808,110,0,0,0,110,A
3-PA,1809,109,0,0,0,109,A
3-PA,1810,0,0,111,0,111,G
3-PA,1811,111,0,0,0,111,A
3-PA,1812,0,0,109,0,109,G
3-PA,1813,102,0,0,0,102,A
3-PA,1814,104,0,0,0,104,A
3-PA,1815,102,0,0,0,102,A
3-PA,1816,0,0,103,0,103,G
3-PA,1817,104,0,0,0,104,A
3-PA,1818,0,0,0,104,104,C
3-PA,1819,105,0,0,0,105,A
3-PA,1820,0,103,0,0,103,T
3-PA,1821,0,1,104,0,105,G
3-PA,1822,102,0,0,0,102,A
3-PA,1823,0,0,0,104,104,C
3-PA,1824,0,0,0,103,103,C
3-PA,1825,101,0,0,0,101,A
3-PA,1826,104,0,0,0,104,A
3-PA,1827,102,0,0,0,102,A
3-PA,1828,1,0,102,0,103,G
3-PA,1829,103,1,0,0,104,A
3-PA,1830,0,0,103,0,103,G
3-PA,1831,0,98,0,0,98,T
3-PA,1832,0,102,0,0,102,T
3-PA,1833,0,99,0,0,99,T
3-PA,1834,0,101,0,0,101,T
3-PA,1835,0,100,0,0,100,T
3-PA,1836,0,100,0,0,100,T
3-PA,1837,0,0,102,0,102,G
3-PA,1838,101,0,0,0,101,A
3-PA,1839,0,0,103,0,103,G
3-PA,1840,103,0,0,0,103,A
3-PA,1841,104,0,0,0,104,A
3-PA,1842,0,99,0,0,99,T
3-PA,1843,103,0,0,0,103,A
3-PA,1844,105,0,0,0,105,A
3-PA,1845,107,0,0,0,107,A
3-PA,1846,0,108,0,0,108,T
3-PA,1847,0,0,0,108,108,C
3-PA,1848,109,0,0,0,109,A
3-PA,1849,0,0,109,0,109,G
3-PA,1850,108,0,0,0,108,A
3-PA,1851,109,0,0,0,109,A
3-PA,1852,0,0,110,0,110,G
3-PA,1853,0,0,0,105,105,C
3-PA,1854,105,0,0,0,105,A
3-PA,1855,0,103,0,0,103,T
3-PA,1856,0,0,103,0,103,G
3-PA,1857,0,0,102,0,102,G
3-PA,1858,0,0,0,99,99,C
3-PA,1859,1,0,0,107,108,C
3-PA,1860,0,0,0,108,108,C
3-PA,1861,111,0,0,1,112,A
3-PA,1862,0,109,0,0,109,T
3-PA,1863,0,111,0,0,111,T
3-PA,1864,0,0,110,0,110,G
3-PA,1865,0,1,110,0,111,G
3-PA,1866,0,0,106,0,106,G
3-PA,1867,0,0,109,0,109,G
3-PA,1868,102,0,0,0,102,A
3-PA,1869,0,0,102,0,102,G
3-PA,1870,0,100,0,0,100,T
3-PA,1871,1,0,0,101,102,C
3-PA,1872,0,0,0,105,105,C
3-PA,1873,0,0,0,104,104,C
3-PA,1874,0,0,0,102,102,C
3-PA,1875,1,0,0,103,104,C
3-PA,1876,105,0,0,0,105,A
3-PA,1877,105,0,0,0,105,A
3-PA,1878,0,0,107,0,107,G
3-PA,1879,0,0,102,0,102,G
3-PA,1880,1,0,103,0,104,G
3-PA,1881,95,0,0,0,95,A
3-PA,1882,0,0,96,0,96,G
3-PA,1883,0,95,0,0,95,T
3-PA,1884,0,0,96,0,96,G
3-PA,1885,0,0,96,0,96,G
3-PA,1886,95,0,0,0,95,A
3-PA,1887,96,0,0,0,96,A
3-PA,1888,0,0,95,0,95,G
3-PA,1889,95,0,0,0,95,A
3-PA,1890,95,0,0,0,95,A
3-PA,1891,0,0,92,0,92,G
3-PA,1892,0,0,94,0,94,G
3-PA,1893,0,94,0,0,94,T
3-PA,1894,0,95,0,0,95,T
3-PA,1895,0,0,0,97,97,C
3-PA,1896,0,0,0,98,98,C
3-PA,1897,98,0,0,0,98,A
3-PA,1898,0,97,0,0,97,T
3-PA,1899,0,98,0,0,98,T
3-PA,1900,0,0,98,0,98,G
3-PA,1901,0,0,98,0,98,G
3-PA,1902,0,0,98,0,98,G
3-PA,1903,98,0,0,0,98,A
3-PA,1904,97,0,0,0,97,A
3-PA,1905,97,0,0,0,97,A
3-PA,1906,0,0,99,0,99,G
3-PA,1907,0,98,0,0,98,T
3-PA,1908,0,0,0,100,100,C
3-PA,1909,0,100,0,0,100,T
3-PA,1910,0,0,101,0,101,G
3-PA,1911,0,101,0,0,101,T
3-PA,1912,101,0,0,0,101,A
3-PA,1913,0,0,101,0,101,G
3-PA,1914,0,0,101,0,101,G
3-PA,1915,97,0,0,0,97,A
3-PA,1916,0,0,0,97,97,C
3-PA,1917,0,93,0,0,93,T
3-PA,1918,0,0,0,98,98,C
3-PA,1919,0,98,0,0,98,T
3-PA,1920,98,0,0,0,98,A
3-PA,1921,0,98,0,0,98,T
3-PA,1922,0,97,0,0,97,T
3-PA,1923,0,0,97,0,97,G
3-PA,1924,0,0,96,0,96,G
3-PA,1925,0,0,0,96,96,C
3-PA,1926,0,96,0,0,96,T
3-PA,1927,85,0,0,0,85,A
3-PA,1928,88,0,0,0,88,A
3-PA,1929,0,0,90,0,90,G
3-PA,1930,0,89,0,0,89,T
3-PA,1931,0,0,0,89,89,C
3-PA,1932,85,0,0,0,85,A
3-PA,1933,0,0,85,0,85,G
3-PA,1934,0,85,0,0,85,T
3-PA,1935,89,0,0,0,89,A
3-PA,1936,0,87,0,0,87,T
3-PA,1937,0,86,1,0,87,T
3-PA,1938,0,0,0,86,86,C
3-PA,1939,87,0,0,0,87,A
3-PA,1940,86,0,0,0,86,A
3-PA,1941,0,86,0,0,86,T
3-PA,1942,84,0,0,0,84,A
3-PA,1943,0,0,83,0,83,G
3-PA,1944,0,0,0,79,79,C
3-PA,1945,0,0,0,82,82,C
3-PA,1946,0,81,0,0,81,T
3-PA,1947,0,0,82,0,82,G
3-PA,1948,0,81,0,0,81,T
3-PA,1949,83,0,0,0,83,A
3-PA,1950,0,82,0,0,82,T
3-PA,1951,0,0,80,0,80,G
3-PA,1952,0,0,0,79,79,C
3-PA,1953,78,0,0,0,78,A
3-PA,1954,0,78,0,0,78,T
3-PA,1955,0,0,0,78,78,C
3-PA,1956,72,0,2,0,74,A
3-PA,1957,0,0,0,76,76,C
3-PA,1958,0,0,0,73,73,C
3-PA,1959,73,0,0,0,73,A
3-PA,1960,0,0,0,75,75,C
3-PA,1961,73,0,0,0,73,A
3-PA,1962,74,0,0,0,74,A
3-PA,1963,0,74,0,0,74,T
3-PA,1964,0,73,0,0,73,T
3-PA,1965,0,0,72,0,72,G
3-PA,1966,0,0,74,0,74,G
3-PA,1967,74,0,0,0,74,A
3-PA,1968,74,0,0,0,74,A
3-PA,1969,0,0,71,0,71,G
3-PA,1970,0,0,70,0,70,G
3-PA,1971,70,0,0,0,70,A
3-PA,1972,1,68,0,0,69,T
3-PA,1973,0,69,0,0,69,T
3-PA,1974,0,70,0,0,70,T
3-PA,1975,0,69,0,0,69,T
3-PA,1976,0,0,0,69,69,C
3-PA,1977,69,0,0,0,69,A
3-PA,1978,0,0,70,0,70,G
3-PA,1979,0,0,0,67,67,C
3-PA,1980,0,0,68,0,68,G
3-PA,1981,0,0,68,0,68,G
3-PA,1982,68,0,0,0,68,A
3-PA,1983,0,0,68,0,68,G
3-PA,1984,0,68,0,0,68,T
3-PA,1985,0,0,0,69,69,C
3-PA,1986,70,0,0,0,70,A
3-PA,1987,71,0,0,0,71,A
3-PA,1988,0,0,71,0,71,G
3-PA,1989,69,0,0,0,69,A
3-PA,1990,70,0,0,0,70,A
3-PA,1991,68,0,0,0,68,A
3-PA,1992,68,0,0,0,68,A
3-PA,1993,0,0,0,70,70,C
3-PA,1994,0,69,0,0,69,T
3-PA,1995,0,0,68,0,68,G
3-PA,1996,0,0,0,67,67,C
3-PA,1997,0,68,0,0,68,T
3-PA,1998,0,0,0,67,67,C
3-PA,1999,0,0,0,67,67,C
3-PA,2000,0,67,0,0,67,T
3-PA,2001,0,67,0,0,67,T
3-PA,2002,0,0,68,0,68,G
3-PA,2003,0,68,0,0,68,T
3-PA,2004,0,69,0,0,69,T
3-PA,2005,0,0,68,0,68,G
3-PA,2006,0,68,0,0,68,T
3-PA,2007,0,66,0,0,66,T
3-PA,2008,0,0,0,64,64,C
3-PA,2009,64,0,0,0,64,A
3-PA,2010,0,0,64,0,64,G
3-PA,2011,0,0,64,0,64,G
3-PA,2012,0,0,0,64,64,C
3-PA,2013,0,62,0,0,62,T
3-PA,2014,0,0,0,64,64,C
3-PA,2015,0,65,0,0,65,T
3-PA,2016,0,64,0,0,64,T
3-PA,2017,65,0,0,0,65,A
3-PA,2018,0,0,64,0,64,G
3-PA,2019,0,0,64,0,64,G
3-PA,2020,0,0,64,0,64,G
3-PA,2021,60,0,0,0,60,A
3-PA,2022,0,0,0,59,59,C
3-PA,2023,56,0,0,0,56,A
3-PA,2024,58,0,0,0,58,A
3-PA,2025,0,0,0,60,60,C
3-PA,2026,0,0,0,60,60,C
3-PA,2027,0,58,0,1,59,T
3-PA,2028,0,0,0,59,59,C
3-PA,2029,0,0,59,0,59,G
3-PA,2030,60,0,0,0,60,A
3-PA,2031,60,0,0,0,60,A
3-PA,2032,0,0,0,59,59,C
3-PA,2033,0,0,0,57,57,C
3-PA,2034,0,59,0,0,59,T
3-PA,2035,0,0,59,0,59,G
3-PA,2036,0,0,59,0,59,G
3-PA,2037,0,0,59,0,59,G
3-PA,2038,59,0,0,0,59,A
3-PA,2039,0,0,0,58,58,C
3-PA,2040,0,0,0,59,59,C
3-PA,2041,0,56,0,0,56,T
3-PA,2042,0,56,0,0,56,T
3-PA,2043,0,57,0,0,57,T
3-PA,2044,0,0,57,0,57,G
3-PA,2045,56,0,0,0,56,A
3-PA,2046,0,57,0,0,57,T
3-PA,2047,0,0,0,57,57,C
3-PA,2048,0,56,0,0,56,T
3-PA,2049,0,54,0,0,54,T
3-PA,2050,0,0,55,0,55,G
3-PA,2051,0,0,54,0,54,G
3-PA,2052,0,0,55,0,55,G
3-PA,2053,0,0,55,0,55,G
3-PA,2054,0,0,55,0,55,G
3-PA,2055,0,0,55,0,55,G
3-PA,2056,0,0,0,55,55,C
3-PA,2057,0,55,0,0,55,T
3-PA,2058,55,0,0,0,55,A
3-PA,2059,0,55,0,0,55,T
3-PA,2060,55,0,0,0,55,A
3-PA,2061,0,54,0,0,54,T
3-PA,2062,0,0,51,0,51,G
3-PA,2063,51,0,0,0,51,A
3-PA,2064,51,0,0,0,51,A
3-PA,2065,0,0,51,0,51,G
3-PA,2066,0,0,0,52,52,C
3-PA,2067,50,0,0,0,50,A
3-PA,2068,51,0,0,0,51,A
3-PA,2069,0,49,0,0,49,T
3-PA,2070,1,49,0,0,50,T
3-PA,2071,0,0,50,0,50,G
3-PA,2072,49,0,0,0,49,A
3-PA,2073,0,0,49,0,49,G
3-PA,2074,0,0,49,0,49,G
3-PA,2075,48,0,0,0,48,A
3-PA,2076,0,0,48,0,48,G
3-PA,2077,0,44,0,0,44,T
3-PA,2078,0,0,44,0,44,G
3-PA,2079,0,0,0,44,44,C
3-PA,2080,0,0,0,44,44,C
3-PA,2081,0,44,0,0,44,T
3-PA,2082,0,0,44,0,44,G
3-PA,2083,44,0,0,0,44,A
3-PA,2084,0,45,0,0,45,T
3-PA,2085,0,40,0,0,40,T
3-PA,2086,40,0,0,0,40,A
3-PA,2087,40,0,0,0,40,A
3-PA,2088,0,40,0,0,40,T
3-PA,2089,0,0,40,0,40,G
3-PA,2090,40,0,0,0,40,A
3-PA,2091,0,39,0,0,39,T
3-PA,2092,0,0,0,40,40,C
3-PA,2093,0,0,0,37,37,C
3-PA,2094,0,0,0,39,39,C
3-PA,2095,0,39,0,0,39,T
3-PA,2096,0,0,39,0,39,G
3-PA,2097,0,0,39,0,39,G
3-PA,2098,0,0,39,0,39,G
3-PA,2099,0,39,0,0,39,T
3-PA,2100,0,35,0,0,35,T
3-PA,2101,0,35,0,0,35,T
3-PA,2102,0,35,0,0,35,T
3-PA,2103,0,0,34,0,34,G
3-PA,2104,0,0,0,33,33,C
3-PA,2105,0,33,0,0,33,T
3-PA,2106,0,0,0,33,33,C
3-PA,2107,31,0,0,0,31,A
3-PA,2108,32,0,0,0,32,A
3-PA,2109,0,32,0,0,32,T
3-PA,2110,0,0,32,0,32,G
3-PA,2111,0,0,0,32,32,C
3-PA,2112,0,0,33,0,33,G
3-PA,2113,0,31,0,0,31,T
3-PA,2114,1,0,0,31,32,C
3-PA,2115,0,33,0,0,33,T
3-PA,2116,0,32,1,0,33,T
3-PA,2117,0,0,32,0,32,G
3-PA,2118,0,0,32,0,32,G
3-PA,2119,0,32,0,0,32,T
3-PA,2120,0,32,0,0,32,T
3-PA,2121,0,0,0,29,29,C
3-PA,2122,30,0,0,0,30,A
3-PA,2123,30,0,0,0,30,A
3-PA,2124,0,0,0,30,30,C
3-PA,2125,0,30,0,0,30,T
3-PA,2126,0,0,0,30,30,C
3-PA,2127,0,0,0,28,28,C
3-PA,2128,0,27,0,0,27,T
3-PA,2129,0,28,0,0,28,T
3-PA,2130,0,0,0,28,28,C
3-PA,2131,0,0,0,29,29,C
3-PA,2132,0,28,0,0,28,T
3-PA,2133,0,0,27,0,27,G
3-PA,2134,27,0,0,0,27,A
3-PA,2135,0,0,0,28,28,C
3-PA,2136,27,0,0,0,27,A
3-PA,2137,0,0,0,25,25,C
3-PA,2138,24,0,0,0,24,A
3-PA,2139,0,23,0,0,23,T
3-PA,2140,0,0,23,0,23,G
3-PA,2141,0,0,0,23,23,C
3-PA,2142,23,0,0,0,23,A
3-PA,2143,0,22,0,0,22,T
3-PA,2144,0,23,0,0,23,T
3-PA,2145,23,0,0,0,23,A
3-PA,2146,23,0,0,0,23,A
3-PA,2147,22,0,0,0,22,A
3-PA,2148,23,0,0,0,23,A
3-PA,2149,0,23,0,0,23,T
3-PA,2150,13,0,0,0,13,A
3-PA,2151,0,0,14,0,14,G
4-HA,1,78,0,0,0,78,A
4-HA,2,0,79,0,0,79,T
4-HA,3,0,0,80,0,80,G
4-HA,4,83,0,0,0,83,A
4-HA,5,85,0,0,0,85,A
4-HA,6,0,0,91,0,91,G
4-HA,7,89,0,0,0,89,A
4-HA,8,0,0,0,101,101,C
4-HA,9,0,102,0,0,102,T
4-HA,10,105,0,0,0,105,A
4-HA,11,0,116,0,0,116,T
4-HA,12,0,0,0,117,117,C
4-HA,13,114,0,0,0,114,A
4-HA,14,0,115,0,0,115,T
4-HA,15,0,115,0,0,115,T
4-HA,16,0,0,132,0,132,G
4-HA,17,0,0,0,132,132,C
4-HA,18,0,132,0,0,132,T
4-HA,19,0,130,0,0,130,T
4-HA,20,0,130,0,0,130,T
4-HA,21,0,1,131,0,132,G
4-HA,22,136,0,0,0,136,A
4-HA,23,0,0,140,0,140,G
4-HA,24,0,0,0,140,140,C
4-HA,25,0,142,0,0,142,T
4-HA,26,150,0,0,0,150,A
4-HA,27,0,0,0,155,155,C
4-HA,28,156,0,0,0,156,A
4-HA,29,0,165,0,0,165,T
4-HA,30,0,161,0,0,161,T
4-HA,31,0,0,0,161,161,C
4-HA,32,0,163,0,0,163,T
4-HA,33,165,0,0,0,165,A
4-HA,34,0,162,0,0,162,T
4-HA,35,0,0,161,0,161,G
4-HA,36,0,158,0,1,159,T
4-HA,37,0,0,0,163,163,C
4-HA,38,0,161,0,1,162,T
4-HA,39,0,0,163,0,163,G
4-HA,40,0,0,163,0,163,G
4-HA,41,0,163,0,0,163,T
4-HA,42,0,163,0,0,163,T
4-HA,43,0,163,0,1,164,T
4-HA,44,0,161,0,0,161,T
4-HA,45,0,0,0,160,160,C
4-HA,46,0,0,162,0,162,G
4-HA,47,0,0,0,165,165,C
4-HA,48,0,165,0,0,165,T
4-HA,49,0,0,0,166,166,C
4-HA,50,165,0,0,0,165,A
4-HA,51,164,0,0,0,164,A
4-HA,52,164,0,1,0,165,A
4-HA,53,166,0,0,0,166,A
4-HA,54,167,0,0,0,167,A
4-HA,55,1,0,0,163,164,C
4-HA,56,0,165,0,0,165,T
4-HA,57,0,164,0,0,164,T
4-HA,58,0,0,0,165,165,C
4-HA,59,0,0,0,165,165,C
4-HA,60,0,166,0,0,166,T
4-HA,61,1,0,166,0,167,G
4-HA,62,0,1,163,0,164,G
4-HA,63,164,0,0,0,164,A
4-HA,64,169,0,0,0,169,A
4-HA,65,168,0,0,0,168,A
4-HA,66,0,170,0,0,170,T
4-HA,67,0,1,169,0,170,G
4-HA,68,171,0,0,0,171,A
4-HA,69,0,0,0,177,177,C
4-HA,70,177,0,0,0,177,A
4-HA,71,177,0,0,0,177,A
4-HA,72,0,0,0,179,179,C
4-HA,73,174,0,1,0,175,A
4-HA,74,1,0,173,0,174,G
4-HA,75,0,0,0,176,176,C
4-HA,76,174,0,0,0,174,A
4-HA,77,0,0,0,182,182,C
4-HA,78,0,1,178,0,179,G
4-HA,79,0,0,178,0,178,G
4-HA,80,0,0,0,180,180,C
4-HA,81,181,0,1,0,182,A
4-HA,82,179,0,0,0,179,A
4-HA,83,0,0,0,181,181,C
4-HA,84,0,0,178,0,178,G
4-HA,85,0,0,0,181,181,C
4-HA,86,0,178,0,0,178,T
4-HA,87,0,0,183,0,183,G
4-HA,88,0,176,0,0,176,T
4-HA,89,0,0,187,0,187,G
4-HA,90,0,0,0,188,188,C
4-HA,91,0,0,0,196,196,C
4-HA,92,0,192,0,0,192,T
4-HA,93,0,188,0,1,189,T
4-HA,94,0,0,193,0,193,G
4-HA,95,0,0,189,0,189,G
4-HA,96,1,0,190,0,191,G
4-HA,97,1,0,0,191,192,C
4-HA,98,192,0,0,0,192,A
4-HA,99,0,0,0,196,196,C
4-HA,100,0,0,0,193,193,C
4-HA,101,214,0,0,0,214,A
4-HA,102,0,218,0,0,218,T
4-HA,103,0,0,219,0,219,G
4-HA,104,0,0,0,219,219,C
4-HA,105,217,0,1,0,218,A
4-HA,106,0,0,236,0,236,G
4-HA,107,0,233,0,0,233,T
4-HA,108,237,0,0,0,237,A
4-HA,109,0,0,0,236,236,C
4-HA,110,0,0,0,230,230,C
4-HA,111,233,0,0,0,233,A
4-HA,112,230,0,0,0,230,A
4-HA,113,231,0,0,0,231,A
4-HA,114,0,1,0,233,234,C
4-HA,115,0,0,231,0,231,G
4-HA,116,0,0,234,0,234,G
4-HA,117,235,0,0,0,235,A
4-HA,118,234,0,1,0,235,A
4-HA,119,0,0,0,235,235,C
4-HA,120,0,0,234,0,234,G
4-HA,121,1,0,233,0,234,G
4-HA,122,1,238,0,0,239,T
4-HA,123,242,0,0,0,242,A
4-HA,124,0,0,243,0,243,G
4-HA,125,0,240,0,1,241,T
4-HA,126,0,0,244,0,244,G
4-HA,127,243,0,0,0,243,A
4-HA,128,242,0,1,0,243,A
4-HA,129,243,0,0,0,243,A
4-HA,130,239,0,0,0,239,A
4-HA,131,0,0,0,245,245,C
4-HA,132,245,0,0,0,245,A
4-HA,133,244,0,0,0,244,A
4-HA,134,0,242,0,0,242,T
4-HA,135,0,0,0,246,246,C
4-HA,136,246,0,0,0,246,A
4-HA,137,1,0,0,247,248,C
4-HA,138,0,1,245,0,246,G
4-HA,139,243,0,0,0,243,A
4-HA,140,247,0,0,0,247,A
4-HA,141,0,246,0,0,246,T
4-HA,142,0,2,244,0,246,G
4-HA,143,243,0,1,0,244,A
4-HA,144,0,0,0,244,244,C
4-HA,145,0,0,0,248,248,C
4-HA,146,250,0,0,0,250,A
4-HA,147,251,0,0,0,251,A
4-HA,148,253,0,0,0,253,A
4-HA,149,0,254,0,0,254,T
4-HA,150,0,255,0,0,255,T
4-HA,151,0,1,257,0,258,G
4-HA,152,257,0,0,0,257,A
4-HA,153,257,0,0,0,257,A
4-HA,154,0,0,257,0,257,G
4-HA,155,0,257,0,1,258,T
4-HA,156,0,267,0,0,267,T
4-HA,157,269,0,0,0,269,A
4-HA,158,0,0,0,274,274,C
4-HA,159,0,274,0,0,274,T
4-HA,160,275,0,0,0,275,A
4-HA,161,278,0,0,0,278,A
4-HA,162,0,276,0,1,277,T
4-HA,163,0,0,276,0,276,G
4-HA,164,0,0,0,289,289,C
4-HA,165,0,289,0,0,289,T
4-HA,166,292,0,0,0,292,A
4-HA,167,0,0,0,290,290,C
4-HA,168,0,288,0,0,288,T
4-HA,169,0,2,287,0,289,G
4-HA,170,293,0,0,0,293,A
4-HA,171,1,0,291,0,292,G
4-HA,172,0,0,0,290,290,C
4-HA,173,0,286,0,0,286,T
4-HA,174,1,0,298,0,299,G
4-HA,175,0,0,304,0,304,G
4-HA,176,0,302,0,0,302,T
4-HA,177,0,301,0,0,301,T
4-HA,178,0,0,0,301,301,C
4-HA,179,301,0,0,0,301,A
4-HA,180,0,1,304,0,305,G
4-HA,181,305,0,0,0,305,A
4-HA,182,0,0,318,0,318,G
4-HA,183,0,310,0,1,311,T
4-HA,184,0,309,0,0,309,T
4-HA,185,0,0,0,312,312,C
4-HA,186,0,0,0,312,312,C
4-HA,187,0,312,0,0,312,T
4-HA,188,0,0,0,314,314,C
4-HA,189,315,0,0,0,315,A
4-HA,190,314,0,0,0,314,A
4-HA,191,0,0,0,316,316,C
4-HA,192,310,0,0,0,310,A
4-HA,193,0,0,311,0,311,G
4-HA,194,0,0,311,0,311,G
4-HA,195,0,305,0,0,305,T
4-HA,196,0,2,308,0,310,G
4-HA,197,311,0,1,0,312,A
4-HA,198,315,0,0,0,315,A
4-HA,199,319,0,2,0,321,A
4-HA,200,0,319,0,0,319,T
4-HA,201,321,0,0,0,321,A
4-HA,202,0,319,0,0,319,T
4-HA,203,0,0,315,0,315,G
4-HA,204,0,1,0,317,318,C
4-HA,205,0,1,315,0,316,G
4-HA,206,315,0,0,0,315,A
4-HA,207,0,0,0,319,319,C
4-HA,208,309,0,0,0,309,A
4-HA,209,0,0,329,0,329,G
4-HA,210,0,324,0,1,325,T
4-HA,211,1,1,0,326,328,C
4-HA,212,0,0,0,329,329,C
4-HA,213,0,324,0,1,325,T
4-HA,214,0,0,0,336,336,C
4-HA,215,333,0,0,1,334,A
4-HA,216,0,336,0,0,336,T
4-HA,217,0,0,0,336,336,C
4-HA,218,320,0,0,0,320,A
4-HA,219,0,0,319,0,319,G
4-HA,220,314,0,0,0,314,A
4-HA,221,0,319,0,0,319,T
4-HA,222,0,0,0,320,320,C
4-HA,223,0,0,0,318,318,C
4-HA,224,0,320,0,0,320,T
4-HA,225,0,316,0,1,317,T
4-HA,226,0,0,319,0,319,G
4-HA,227,314,0,0,0,314,A
4-HA,228,0,319,0,0,319,T
4-HA,229,0,0,319,0,319,G
4-HA,230,0,0,316,0,316,G
4-HA,231,316,0,1,0,317,A
4-HA,232,316,0,0,0,316,A
4-HA,233,320,0,0,0,320,A
4-HA,234,320,0,0,0,320,A
4-HA,235,320,0,0,0,320,A
4-HA,236,319,0,0,0,319,A
4-HA,237,0,0,0,321,321,C
4-HA,238,0,315,0,0,315,T
4-HA,239,0,0,316,0,316,G
4-HA,240,0,0,0,318,318,C
4-HA,241,316,0,0,0,316,A
4-HA,242,0,0,0,330,330,C
4-HA,243,331,0,1,0,332,A
4-HA,244,0,2,0,365,367,C
4-HA,245,0,363,0,0,363,T
4-HA,246,375,0,1,0,376,A
4-HA,247,371,0,1,0,372,A
4-HA,248,0,373,0,0,373,T
4-HA,249,376,0,0,0,376,A
4-HA,250,0,2,374,0,376,G
4-HA,251,364,0,1,0,365,A
4-HA,252,0,355,0,0,355,T
4-HA,253,0,0,341,0,341,G
4-HA,254,0,0,0,345,345,C
4-HA,255,0,342,0,0,342,T
4-HA,256,1,0,0,366,367,C
4-HA,257,0,366,0,0,366,T
4-HA,258,377,0,0,0,377,A
4-HA,259,0,374,0,0,374,T
4-HA,260,0,376,0,1,377,T
4-HA,261,0,1,393,0,394,G
4-HA,262,0,0,406,0,406,G
4-HA,263,0,0,414,0,414,G
4-HA,264,414,0,1,0,415,A
4-HA,265,0,0,414,0,414,G
4-HA,266,410,0,0,0,410,A
4-HA,267,0,0,0,598,598,C
4-HA,268,0,0,0,636,636,C
4-HA,269,0,0,0,636,636,C
4-HA,270,0,653,0,0,653,T
4-HA,271,0,0,0,669,669,C
4-HA,272,671,0,0,0,671,A
4-HA,273,0,1,765,0,766,G
4-HA,274,0,762,0,0,762,T
4-HA,275,0,1,780,0,781,G
4-HA,276,0,770,0,0,770,T
4-HA,277,0,0,773,0,773,G
4-HA,278,770,1,0,0,771,A
4-HA,279,0,769,0,0,769,T
4-HA,280,1,2,767,0,770,G
4-HA,281,0,0,770,0,770,G
4-HA,282,0,0,0,772,772,C
4-HA,283,0,773,0,0,773,T
4-HA,284,0,769,0,1,770,T
4-HA,285,0,0,0,776,776,C
4-HA,286,0,0,0,774,774,C
4-HA,287,778,0,0,0,778,A
4-HA,288,783,0,0,0,783,A
4-HA,289,784,0,1,0,785,A
4-HA,290,787,0,0,0,787,A
4-HA,291,0,794,0,0,794,T
4-HA,292,793,0,1,0,794,A
4-HA,293,792,0,2,0,794,A
4-HA,294,0,2,799,0,801,G
4-HA,295,810,0,0,0,810,A
4-HA,296,809,0,0,0,809,A
4-HA,297,805,0,0,0,805,A
4-HA,298,0,809,0,0,809,T
4-HA,299,0,0,808,0,808,G
4-HA,300,0,2,803,0,805,G
4-HA,301,0,4,803,0,807,G
4-HA,302,804,0,0,0,804,A
4-HA,303,0,0,0,815,815,C
4-HA,304,0,0,0,820,820,C
4-HA,305,0,840,0,0,840,T
4-HA,306,0,843,0,0,843,T
4-HA,307,0,845,0,0,845,T
4-HA,308,0,848,0,0,848,T
4-HA,309,0,853,0,1,854,T
4-HA,310,0,0,852,0,852,G
4-HA,311,1,855,0,0,856,T
4-HA,312,0,852,0,0,852,T
4-HA,313,0,2,851,0,853,G
4-HA,314,851,0,1,0,852,A
4-HA,315,858,0,0,0,858,A
4-HA,316,0,0,0,856,856,C
4-HA,317,0,0,857,0,857,G
4-HA,318,0,0,0,871,871,C
4-HA,319,868,0,0,0,868,A
4-HA,320,1,0,872,0,873,G
4-HA,321,0,0,0,880,880,C
4-HA,322,880,0,0,0,880,A
4-HA,323,880,0,0,0,880,A
4-HA,324,872,1,3,0,876,A
4-HA,325,0,0,933,0,933,G
4-HA,326,0,1,0,926,927,C
4-HA,327,0,0,0,934,934,C
4-HA,328,0,929,0,0,929,T
4-HA,329,934,0,0,0,934,A
4-HA,330,1,1,0,945,947,C
4-HA,331,938,0,1,0,939,A
4-HA,332,0,0,943,0,943,G
4-HA,333,1,1,0,938,940,C
4-HA,334,918,1,1,0,920,A
4-HA,335,930,0,1,0,931,A
4-HA,336,0,0,0,985,985,C
4-HA,337,0,990,0,0,990,T
4-HA,338,0,0,996,0,996,G
4-HA,339,0,983,0,1,984,T
4-HA,340,0,992,0,0,992,T
4-HA,341,983,1,0,0,984,A
4-HA,342,0,0,0,1097,1097,C
4-HA,343,1,0,0,1102,1103,C
4-HA,344,1,1,0,1138,1140,C
4-HA,345,0,1115,0,0,1115,T
4-HA,346,0,1110,0,1,1111,T
4-HA,347,1113,2,1,0,1116,A
4-HA,348,0,1116,0,0,1116,T
4-HA,349,0,0,1109,0,1109,G
4-HA,350,1109,0,0,0,1109,A
4-HA,351,0,1049,0,0,1049,T
4-HA,352,1,0,1059,0,1060,G
4-HA,353,0,1053,0,0,1053,T
4-HA,354,0,0,1045,0,1045,G
4-HA,355,0,0,0,1046,1046,C
4-HA,356,1,1,0,1049,1051,C
4-HA,357,0,5,1067,0,1072,G
4-HA,358,0,1,1086,0,1087,G
4-HA,359,1086,0,0,0,1086,A
4-HA,360,0,1097,0,0,1097,T
4-HA,361,0,1089,0,1,1090,T
4-HA,362,1097,0,1,0,1098,A
4-HA,363,0,1096,0,2,1098,T
4-HA,364,0,1,1088,0,1089,G
4-HA,365,0,1,0,1092,1093,C
4-HA,366,0,1,0,1086,1087,C
4-HA,367,0,1114,0,1,1115,T
4-HA,368,0,0,0,1177,1177,C
4-HA,369,0,0,0,1196,1196,C
4-HA,370,3,0,0,1197,1200,C
4-HA,371,0,1192,0,0,1192,T
4-HA,372,0,1194,0,0,1194,T
4-HA,373,1195,0,1,0,1196,A
4-HA,374,0,0,1225,1,1226,G
4-HA,375,1,0,1231,0,1232,G
4-HA,376,0,1221,0,0,1221,T
4-HA,377,2,0,0,1209,1211,C
4-HA,378,1194,0,0,0,1194,A
4-HA,379,0,0,0,1229,1229,C
4-HA,380,1,1231,0,0,1232,T
4-HA,381,1226,0,0,0,1226,A
4-HA,382,0,1,1225,0,1226,G
4-HA,383,1,1215,0,0,1216,T
4-HA,384,0,1216,0,0,1216,T
4-HA,385,0,1,1225,0,1226,G
4-HA,386,0,1,0,1225,1226,C
4-HA,387,0,1,0,1227,1228,C
4-HA,388,0,1211,0,1,1212,T
4-HA,389,2,0,0,1220,1222,C
4-HA,390,1275,0,0,0,1275,A
4-HA,391,0,1276,0,0,1276,T
4-HA,392,0,0,0,1279,1279,C
4-HA,393,0,3,0,1270,1273,C
4-HA,394,1,3,1259,0,1263,G
4-HA,395,0,0,1271,0,1271,G
4-HA,396,0,2,0,1274,1276,C
4-HA,397,1283,0,2,0,1285,A
4-HA,398,0,0,0,1315,1315,C
4-HA,399,1287,0,3,0,1290,A
4-HA,400,0,0,0,1306,1306,C
4-HA,401,0,1299,0,1,1300,T
4-HA,402,1,0,1313,0,1314,G
4-HA,403,0,0,1317,0,1317,G
4-HA,404,1302,0,1,0,1303,A
4-HA,405,0,0,1332,0,1332,G
4-HA,406,0,1312,0,0,1312,T
4-HA,407,0,1315,0,0,1315,T
4-HA,408,0,1325,0,0,1325,T
4-HA,409,1321,0,0,0,1321,A
4-HA,410,1319,0,0,0,1319,A
4-HA,411,0,0,2,1322,1324,C
4-HA,412,1303,0,0,2,1305,A
4-HA,413,1301,0,0,0,1301,A
4-HA,414,0,1301,0,0,1301,T
4-HA,415,1,1,1294,0,1296,G
4-HA,416,1300,0,0,0,1300,A
4-HA,417,1293,0,1,0,1294,A
4-HA,418,1292,0,3,0,1295,A
4-HA,419,0,1,1302,0,1303,G
4-HA,420,0,0,0,1306,1306,C
4-HA,421,0,1305,0,0,1305,T
4-HA,422,0,1310,0,1,1311,T
4-HA,423,2,0,0,1328,1330,C
4-HA,424,1334,0,0,0,1334,A
4-HA,425,1336,0,0,0,1336,A
4-HA,426,0,1330,3,3,1336,T
4-HA,427,0,1330,0,0,1330,T
4-HA,428,1,0,1361,0,1362,G
4-HA,429,0,2,1380,0,1382,G
4-HA,430,1379,0,2,1,1382,A
4-HA,431,0,0,0,1395,1395,C
4-HA,432,0,1374,0,0,1374,T
4-HA,433,1,0,1385,0,1386,G
4-HA,434,0,3,1385,0,1388,G
4-HA,435,1381,0,1,0,1382,A
4-HA,436,0,0,1395,0,1395,G
4-HA,437,0,1367,0,0,1367,T
4-HA,438,0,0,0,1360,1360,C
4-HA,439,1377,0,0,0,1377,A
4-HA,440,0,0,0,1381,1381,C
4-HA,441,0,1379,1,0,1380,T
4-HA,442,1,0,0,1372,1373,C
4-HA,443,1371,0,0,0,1371,A
4-HA,444,1371,0,0,0,1371,A
4-HA,445,1365,0,1,0,1366,A
4-HA,446,1362,0,2,3,1367,A
4-HA,447,0,0,0,1373,1373,C
4-HA,448,1,0,1367,1,1369,G
4-HA,449,0,2,1389,0,1391,G
4-HA,450,1395,0,0,0,1395,A
4-HA,451,1393,0,0,0,1393,A
4-HA,452,0,0,0,1407,1407,C
4-HA,453,1399,0,0,0,1399,A
4-HA,454,1410,0,1,0,1411,A
4-HA,455,0,0,1408,0,1408,G
4-HA,456,0,0,0,1418,1418,C
4-HA,457,0,1409,0,2,1411,T
4-HA,458,2,0,0,1430,1432,C
4-HA,459,0,1424,0,0,1424,T
4-HA,460,0,0,1430,0,1430,G
4-HA,461,0,0,0,1423,1423,C
4-HA,462,0,1429,0,1,1430,T
4-HA,463,0,1476,0,3,1479,T
4-HA,464,1,0,1512,0,1513,G
4-HA,465,0,0,0,1536,1536,C
4-HA,466,1529,0,1,0,1530,A
4-HA,467,0,1531,0,0,1531,T
4-HA,468,1532,0,1,0,1533,A
4-HA,469,1514,0,1,0,1515,A
4-HA,470,0,3,1511,0,1514,G
4-HA,471,0,1,1511,0,1512,G
4-HA,472,1469,0,0,0,1469,A
4-HA,473,0,1,1454,0,1455,G
4-HA,474,1444,1,0,0,1445,A
4-HA,475,0,1478,0,0,1478,T
4-HA,476,0,0,0,1492,1492,C
4-HA,477,0,1496,0,0,1496,T
4-HA,478,1493,0,0,0,1493,A
4-HA,479,1489,0,0,0,1489,A
4-HA,480,1488,0,0,0,1488,A
4-HA,481,1486,0,1,0,1487,A
4-HA,482,1483,0,0,1,1484,A
4-HA,483,1,0,0,1493,1494,C
4-HA,484,1462,0,1,0,1463,A
4-HA,485,0,0,1472,0,1472,G
4-HA,486,0,1453,0,1,1454,T
4-HA,487,0,1484,0,0,1484,T
4-HA,488,0,1488,0,0,1488,T
4-HA,489,0,0,0,1528,1528,C
4-HA,490,0,1525,0,0,1525,T
4-HA,491,0,1531,0,0,1531,T
4-HA,492,0,1528,0,0,1528,T
4-HA,493,1527,1,0,0,1528,A
4-HA,494,0,0,1533,0,1533,G
4-HA,495,0,1518,0,0,1518,T
4-HA,496,1530,0,0,0,1530,A
4-HA,497,1,1,1533,0,1535,G
4-HA,498,1514,0,0,0,1514,A
4-HA,499,0,1513,0,0,1513,T
4-HA,500,0,1511,0,0,1511,T
4-HA,501,5,0,1542,0,1547,G
4-HA,502,1544,0,1,0,1545,A
4-HA,503,1543,0,2,0,1545,A
4-HA,504,0,1541,0,0,1541,T
4-HA,505,0,1530,0,0,1530,T
4-HA,506,0,1,1538,0,1539,G
4-HA,507,0,0,1532,0,1532,G
4-HA,508,0,1531,0,3,1534,T
4-HA,509,0,1534,0,0,1534,T
4-HA,510,0,6,1514,0,1520,G
4-HA,511,1517,0,6,0,1523,A
4-HA,512,0,1,0,1517,1518,C
4-HA,513,1,1,0,1519,1521,C
4-HA,514,2,0,0,1556,1558,C
4-HA,515,1559,0,0,0,1559,A
4-HA,516,0,0,0,1564,1564,C
4-HA,517,0,1561,0,1,1562,T
4-HA,518,0,1568,0,0,1568,T
4-HA,519,1562,0,1,0,1563,A
4-HA,520,1551,0,0,0,1551,A
4-HA,521,1552,0,0,0,1552,A
4-HA,522,0,1,0,1511,1512,C
4-HA,523,0,1541,0,1,1542,T
4-HA,524,0,1553,0,0,1553,T
4-HA,525,1,0,0,1563,1564,C
4-HA,526,1569,0,0,0,1569,A
4-HA,527,1567,0,1,0,1568,A
4-HA,528,1569,0,0,0,1569,A
4-HA,529,0,1567,0,0,1567,T
4-HA,530,1583,0,0,0,1583,A
4-HA,531,0,0,0,1595,1595,C
4-HA,532,0,0,0,1548,1548,C
4-HA,533,1,0,1,1556,1558,C
4-HA,534,1562,0,0,0,1562,A
4-HA,535,0,1,1616,0,1617,G
4-HA,536,0,0,0,1617,1617,C
4-HA,537,1614,0,0,0,1614,A
4-HA,538,0,1614,0,0,1614,T
4-HA,539,0,1600,0,0,1600,T
4-HA,540,0,7,1639,0,1646,G
4-HA,541,1654,1,1,0,1656,A
4-HA,542,1658,0,0,0,1658,A
4-HA,543,0,0,0,1663,1663,C
4-HA,544,0,0,1630,0,1630,G
4-HA,545,1,1623,0,1,1625,T
4-HA,546,0,3,1633,0,1636,G
4-HA,547,1632,0,1,0,1633,A
4-HA,548,1,0,0,1636,1637,C
4-HA,549,0,1595,0,0,1595,T
4-HA,550,1632,0,0,0,1632,A
4-HA,551,0,1629,0,2,1631,T
4-HA,552,0,0,1632,0,1632,G
4-HA,553,1,1,0,1633,1635,C
4-HA,554,2,0,0,1622,1624,C
4-HA,555,1615,0,2,0,1617,A
4-HA,556,1618,0,0,0,1618,A
4-HA,557,1642,0,0,0,1642,A
4-HA,558,0,0,0,1652,1652,C
4-HA,559,1619,0,0,0,1619,A
4-HA,560,1613,0,0,0,1613,A
4-HA,561,0,1595,0,1,1596,T
4-HA,562,0,5,1594,0,1599,G
4-HA,563,1601,0,3,0,1604,A
4-HA,564,1592,1,0,0,1593,A
4-HA,565,0,0,0,1589,1589,C
4-HA,566,1595,0,0,0,1595,A
4-HA,567,1602,0,0,0,1602,A
4-HA,568,0,1597,2,0,1599,T
4-HA,569,0,1600,0,0,1600,T
4-HA,570,0,1604,0,0,1604,T
4-HA,571,0,1,1601,0,1602,G
4-HA,572,1598,0,5,1,1604,A
4-HA,573,0,1,0,1605,1606,C
4-HA,574,1604,0,0,0,1604,A
4-HA,575,1598,0,0,0,1598,A
4-HA,576,1632,0,0,0,1632,A
4-HA,577,0,1630,0,0,1630,T
4-HA,578,0,1628,0,0,1628,T
4-HA,579,2,0,1642,0,1644,G
4-HA,580,0,1636,0,1,1637,T
4-HA,581,1639,0,0,0,1639,A
4-HA,582,0,0,0,1677,1677,C
4-HA,583,1671,0,0,1,1672,A
4-HA,584,0,1686,0,0,1686,T
4-HA,585,0,1672,0,0,1672,T
4-HA,586,0,1668,0,2,1670,T
4-HA,587,1,0,1661,0,1662,G
4-HA,588,0,4,1654,0,1658,G
4-HA,589,1,2,1648,0,1651,G
4-HA,590,0,1,1660,0,1661,G
4-HA,591,0,0,1638,0,1638,G
4-HA,592,1,0,1675,0,1676,G
4-HA,593,0,1653,0,2,1655,T
4-HA,594,0,1658,0,0,1658,T
4-HA,595,1,1,0,1658,1660,C
4-HA,596,1670,0,0,0,1670,A
4-HA,597,1,0,0,1683,1684,C
4-HA,598,1,1,0,1672,1674,C
4-HA,599,1680,0,0,0,1680,A
4-HA,600,1,0,0,1685,1686,C
4-HA,601,1,0,0,1663,1664,C
4-HA,602,0,0,0,1659,1659,C
4-HA,603,1,1,1648,0,1650,G
4-HA,604,0,4,1695,0,1699,G
4-HA,605,0,0,1694,0,1694,G
4-HA,606,0,1654,0,0,1654,T
4-HA,607,1688,0,1,0,1689,A
4-HA,608,0,1,0,1686,1687,C
4-HA,609,0,4,1666,0,1670,G
4-HA,610,0,1,1693,0,1694,G
4-HA,611,1694,0,1,0,1695,A
4-HA,612,0,0,0,1699,1699,C
4-HA,613,1637,0,0,0,1637,A
4-HA,614,1630,0,0,0,1630,A
4-HA,615,1624,0,2,0,1626,A
4-HA,616,0,1,1646,0,1647,G
4-HA,617,1641,0,3,0,1644,A
4-HA,618,0,1,0,1646,1647,C
4-HA,619,0,0,0,1628,1628,C
4-HA,620,1627,0,4,1,1632,A
4-HA,621,1625,0,1,0,1626,A
4-HA,622,1642,0,2,0,1644,A
4-HA,623,0,1627,0,0,1627,T
4-HA,624,2,0,0,1650,1652,C
4-HA,625,0,1586,0,3,1589,T
4-HA,626,0,1568,0,0,1568,T
4-HA,627,1,0,0,1605,1606,C
4-HA,628,0,0,0,1612,1612,C
4-HA,629,0,1607,0,2,1609,T
4-HA,630,0,0,1616,0,1616,G
4-HA,631,0,1595,0,1,1596,T
4-HA,632,1616,0,1,0,1617,A
4-HA,633,0,1602,0,1,1603,T
4-HA,634,1,0,1615,0,1616,G
4-HA,635,0,2,0,1615,1617,C
4-HA,636,0,1599,1,5,1605,T
4-HA,637,1,1,0,1602,1604,C
4-HA,638,1616,0,2,0,1618,A
4-HA,639,1606,0,2,0,1608,A
4-HA,640,0,0,1605,0,1605,G
4-HA,641,2,1,0,1619,1622,C
4-HA,642,1620,0,0,0,1620,A
4-HA,643,0,1599,0,0,1599,T
4-HA,644,0,1,0,1615,1616,C
4-HA,645,1611,0,3,0,1614,A
4-HA,646,0,2,1628,0,1630,G
4-HA,647,0,2,1625,0,1627,G
4-HA,648,1623,0,0,0,1623,A
4-HA,649,1609,0,4,0,1613,A
4-HA,650,0,2,1619,0,1621,G
4-HA,651,1624,0,0,0,1624,A
4-HA,652,1629,0,0,0,1629,A
4-HA,653,0,1630,0,0,1630,T
4-HA,654,3,0,0,1633,1636,C
4-HA,655,1611,0,3,0,1614,A
4-HA,656,0,0,0,1621,1621,C
4-HA,657,1618,0,0,1,1619,A
4-HA,658,0,0,1654,0,1654,G
4-HA,659,0,1619,0,0,1619,T
4-HA,660,3,2,1,1612,1618,C
4-HA,661,0,1597,0,1,1598,T
4-HA,662,0,0,0,1651,1651,C
4-HA,663,0,1645,0,0,1645,T
4-HA,664,1661,0,0,0,1661,A
4-HA,665,0,1,0,1656,1657,C
4-HA,666,3,0,0,1661,1664,C
4-HA,667,1640,2,0,0,1642,A
4-HA,668,1645,0,0,0,1645,A
4-HA,669,1635,0,1,0,1636,A
4-HA,670,1632,0,2,0,1634,A
4-HA,671,0,3,1620,0,1623,G
4-HA,672,1591,1,0,0,1592,A
4-HA,673,1585,0,1,0,1586,A
4-HA,674,2,0,1588,0,1590,G
4-HA,675,0,1,0,1571,1572,C
4-HA,676,2,0,0,1585,1587,C
4-HA,677,1588,0,1,0,1589,A
4-HA,678,1589,1,2,0,1592,A
4-HA,679,0,0,0,1608,1608,C
4-HA,680,1605,0,0,1,1606,A
4-HA,681,1605,0,0,1,1606,A
4-HA,682,1592,0,0,0,1592,A
4-HA,683,0,0,0,1641,1641,C
4-HA,684,1,1627,0,0,1628,T
4-HA,685,0,0,1634,1,1635,G
4-HA,686,0,1625,0,0,1625,T
4-HA,687,1635,0,1,0,1636,A
4-HA,688,1643,0,0,0,1643,A
4-HA,689,0,1609,0,1,1610,T
4-HA,690,1,1,0,1649,1651,C
4-HA,691,1,1,0,1640,1642,C
4-HA,692,1,0,0,1624,1625,C
4-HA,693,0,3,1631,0,1634,G
4-HA,694,1621,0,0,0,1621,A
4-HA,695,1628,1,0,0,1629,A
4-HA,696,0,1626,0,0,1626,T
4-HA,697,1629,0,0,0,1629,A
4-HA,698,1,1600,1,1,1603,T
4-HA,699,4,2,0,1601,1607,C
4-HA,700,1,1,1598,0,1600,G
4-HA,701,0,3,1632,0,1635,G
4-HA,702,1648,0,0,0,1648,A
4-HA,703,0,1669,0,0,1669,T
4-HA,704,1,0,0,1669,1670,C
4-HA,705,0,1673,0,1,1674,T
4-HA,706,1662,0,4,0,1666,A
4-HA,707,0,3,1666,0,1669,G
4-HA,708,1662,0,1,0,1663,A
4-HA,709,0,1,0,1667,1668,C
4-HA,710,2,0,0,1626,1628,C
4-HA,711,0,0,0,1631,1631,C
4-HA,712,1616,0,1,0,1617,A
4-HA,713,0,0,1717,0,1717,G
4-HA,714,1705,0,2,0,1707,A
4-HA,715,0,0,1731,0,1731,G
4-HA,716,0,1715,0,0,1715,T
4-HA,717,1715,0,3,0,1718,A
4-HA,718,1716,0,2,1,1719,A
4-HA,719,1,0,1728,0,1729,G
4-HA,720,0,2,1736,0,1738,G
4-HA,721,1728,1,0,0,1729,A
4-HA,722,1589,0,0,0,1589,A
4-HA,723,0,1579,0,0,1579,T
4-HA,724,1583,0,1,0,1584,A
4-HA,725,0,1574,0,0,1574,T
4-HA,726,2,1,0,1589,1592,C
4-HA,727,3,0,1,1585,1589,C
4-HA,728,1,0,0,1557,1558,C
4-HA,729,0,1545,1,0,1546,T
4-HA,730,1549,0,1,0,1550,A
4-HA,731,0,0,1556,0,1556,G
4-HA,732,0,0,0,1561,1561,C
4-HA,733,1531,0,2,0,1533,A
4-HA,734,0,0,1573,0,1573,G
4-HA,735,1549,0,2,0,1551,A
4-HA,736,1550,0,0,0,1550,A
4-HA,737,0,1554,0,1,1555,T
4-HA,738,1553,0,0,0,1553,A
4-HA,739,1557,0,4,0,1561,A
4-HA,740,2,1,1557,0,1560,G
4-HA,741,0,1,0,1564,1565,C
4-HA,742,1559,1,1,0,1561,A
4-HA,743,0,1513,0,4,1517,T
4-HA,744,0,0,0,1602,1602,C
4-HA,745,0,1591,0,1,1592,T
4-HA,746,1598,1,1,0,1600,A
4-HA,747,0,1603,0,1,1604,T
4-HA,748,0,1593,0,0,1593,T
4-HA,749,2,3,1592,0,1597,G
4-HA,750,0,0,1591,0,1591,G
4-HA,751,1598,0,1,0,1599,A
4-HA,752,1,1,0,1597,1599,C
4-HA,753,1493,0,0,0,1493,A
4-HA,754,1521,0,0,0,1521,A
4-HA,755,0,1589,0,0,1589,T
4-HA,756,1601,0,2,0,1603,A
4-HA,757,0,0,1618,0,1618,G
4-HA,758,0,1595,0,0,1595,T
4-HA,759,1598,0,0,0,1598,A
4-HA,760,1607,0,1,0,1608,A
4-HA,761,1646,0,1,0,1647,A
4-HA,762,1656,0,1,1,1658,A
4-HA,763,0,0,0,1676,1676,C
4-HA,764,1,1,0,1622,1624,C
4-HA,765,1,2,1605,0,1608,G
4-HA,766,1,0,1621,0,1622,G
4-HA,767,0,1,1645,0,1646,G
4-HA,768,1639,0,2,0,1641,A
4-HA,769,2,2,1663,0,1667,G
4-HA,770,1669,1,2,0,1672,A
4-HA,771,0,1,0,1685,1686,C
4-HA,772,1676,0,0,4,1680,A
4-HA,773,0,1687,0,1,1688,T
4-HA,774,1681,0,0,0,1681,A
4-HA,775,0,0,0,1738,1738,C
4-HA,776,0,1711,0,3,1714,T
4-HA,777,0,1738,0,0,1738,T
4-HA,778,0,1749,0,0,1749,T
4-HA,779,0,1740,0,0,1740,T
4-HA,780,0,8,1757,0,1765,G
4-HA,781,1759,0,0,0,1759,A
4-HA,782,0,1754,0,1,1755,T
4-HA,783,0,1822,0,2,1824,T
4-HA,784,1818,0,0,0,1818,A
4-HA,785,1825,0,0,0,1825,A
4-HA,786,0,0,0,1849,1849,C
4-HA,787,1841,0,1,0,1842,A
4-HA,788,0,1,1916,0,1917,G
4-HA,789,0,0,0,1917,1917,C
4-HA,790,1918,0,0,0,1918,A
4-HA,791,0,0,0,1937,1937,C
4-HA,792,1915,0,5,0,1920,A
4-HA,793,0,2,1946,0,1948,G
4-HA,794,0,0,1934,0,1934,G
4-HA,795,0,1,2010,0,2011,G
4-HA,796,1999,0,0,0,1999,A
4-HA,797,2030,0,3,0,2033,A
4-HA,798,1,2034,0,0,2035,T
4-HA,799,1,1,0,2038,2040,C
4-HA,800,1,2059,0,0,2060,T
4-HA,801,2065,0,1,0,2066,A
4-HA,802,2049,0,0,0,2049,A
4-HA,803,0,2045,0,1,2046,T
4-HA,804,0,1997,0,0,1997,T
4-HA,805,0,1,2022,0,2023,G
4-HA,806,1,1,0,2079,2081,C
4-HA,807,0,2133,0,2,2135,T
4-HA,808,4,1,0,2188,2193,C
4-HA,809,0,1,0,2193,2194,C
4-HA,810,0,2203,0,1,2204,T
4-HA,811,2197,0,1,0,2198,A
4-HA,812,1,2,2201,0,2204,G
4-HA,813,0,3,2240,0,2243,G
4-HA,814,0,0,2224,0,2224,G
4-HA,815,1,1,2216,0,2218,G
4-HA,816,0,2179,0,0,2179,T
4-HA,817,0,2173,0,1,2174,T
4-HA,818,2170,0,2,0,2172,A
4-HA,819,1,1,0,2217,2219,C
4-HA,820,0,2220,0,3,2223,T
4-HA,821,0,2241,0,1,2242,T
4-HA,822,0,1,0,2236,2237,C
4-HA,823,2227,0,0,0,2227,A
4-HA,824,2233,0,0,0,2233,A
4-HA,825,2232,0,1,0,2233,A
4-HA,826,2238,0,1,0,2239,A
4-HA,827,0,2251,0,1,2252,T
4-HA,828,2212,0,4,0,2216,A
4-HA,829,0,1,0,2222,2223,C
4-HA,830,0,2,2221,0,2223,G
4-HA,831,2219,0,1,0,2220,A
4-HA,832,2220,0,1,0,2221,A
4-HA,833,1,1,2259,0,2261,G
4-HA,834,1,2235,0,2,2238,T
4-HA,835,3,1,2271,0,2275,G
4-HA,836,2,1,2273,0,2276,G
4-HA,837,0,0,2280,0,2280,G
4-HA,838,2282,0,1,0,2283,A
4-HA,839,2295,0,1,0,2296,A
4-HA,840,2292,0,2,0,2294,A
4-HA,841,2281,0,4,0,2285,A
4-HA,842,0,3,2322,0,2325,G
4-HA,843,1,0,0,2314,2315,C
4-HA,844,0,2289,0,1,2290,T
4-HA,845,4,0,0,2338,2342,C
4-HA,846,2346,0,1,0,2347,A
4-HA,847,2362,0,1,1,2364,A
4-HA,848,0,2370,0,0,2370,T
4-HA,849,2395,0,0,0,2395,A
4-HA,850,2398,0,0,0,2398,A
4-HA,851,0,2348,0,1,2349,T
4-HA,852,0,3,2363,0,2366,G
4-HA,853,2354,0,2,0,2356,A
4-HA,854,1,3,2435,0,2439,G
4-HA,855,2436,0,3,0,2439,A
4-HA,856,0,2421,0,3,2424,T
4-HA,857,2,0,0,2471,2473,C
4-HA,858,2464,0,0,0,2464,A
4-HA,859,0,1,2509,0,2510,G
4-HA,860,2521,0,1,0,2522,A
4-HA,861,0,2521,0,0,2521,T
4-HA,862,0,0,2513,0,2513,G
4-HA,863,1,1,0,2473,2475,C
4-HA,864,2473,0,4,0,2477,A
4-HA,865,1,1,0,2529,2531,C
4-HA,866,1,1,1,2498,2501,C
4-HA,867,1,0,0,2513,2514,C
4-HA,868,2483,2,0,0,2485,A
4-HA,869,0,2475,0,0,2475,T
4-HA,870,1,2481,0,2,2484,T
4-HA,871,1,2,2509,0,2512,G
4-HA,872,0,0,2489,0,2489,G
4-HA,873,0,0,0,2501,2501,C
4-HA,874,2454,0,0,0,2454,A
4-HA,875,2443,0,0,0,2443,A
4-HA,876,2489,0,1,0,2490,A
4-HA,877,0,2477,0,0,2477,T
4-HA,878,0,1,2482,0,2483,G
4-HA,879,0,1,0,2487,2488,C
4-HA,880,2469,0,4,0,2473,A
4-HA,881,2518,0,1,0,2519,A
4-HA,882,0,2518,0,0,2518,T
4-HA,883,0,2521,0,0,2521,T
4-HA,884,1,0,1,2539,2541,C
4-HA,885,0,2495,0,2,2497,T
4-HA,886,0,2,2529,0,2531,G
4-HA,887,2518,0,2,0,2520,A
4-HA,888,2523,0,1,0,2524,A
4-HA,889,0,2531,0,1,2532,T
4-HA,890,0,0,2494,0,2494,G
4-HA,891,0,2,0,2506,2508,C
4-HA,892,2500,1,1,0,2502,A
4-HA,893,0,2509,0,1,2510,T
4-HA,894,3,1,0,2493,2497,C
4-HA,895,2494,0,1,0,2495,A
4-HA,896,0,1,0,2598,2599,C
4-HA,897,0,2566,0,3,2569,T
4-HA,898,6,0,0,2584,2590,C
4-HA,899,1,1,0,2590,2592,C
4-HA,900,2621,0,0,0,2621,A
4-HA,901,2618,0,0,0,2618,A
4-HA,902,2620,0,0,0,2620,A
4-HA,903,0,2541,0,0,2541,T
4-HA,904,0,1,2555,0,2556,G
4-HA,905,0,1,2568,0,2569,G
4-HA,906,2562,0,0,0,2562,A
4-HA,907,2557,0,4,0,2561,A
4-HA,908,0,0,2568,0,2568,G
4-HA,909,0,1,0,2558,2559,C
4-HA,910,2565,0,0,0,2565,A
4-HA,911,0,2556,0,1,2557,T
4-HA,912,0,2543,0,2,2545,T
4-HA,913,5,0,0,2621,2626,C
4-HA,914,4,1,0,2610,2615,C
4-HA,915,5,0,0,2617,2622,C
4-HA,916,2624,0,1,0,2625,A
4-HA,917,2665,0,0,1,2666,A
4-HA,918,1,2698,1,1,2701,T
4-HA,919,0,4,2689,0,2693,G
4-HA,920,2687,0,5,0,2692,A
4-HA,921,0,1,0,2700,2701,C
4-HA,922,2632,0,1,0,2633,A
4-HA,923,2633,0,0,0,2633,A
4-HA,924,2616,0,2,0,2618,A
4-HA,925,1,0,0,2633,2634,C
4-HA,926,2,0,0,2596,2598,C
4-HA,927,2588,0,0,0,2588,A
4-HA,928,0,2587,0,3,2590,T
4-HA,929,0,2567,0,3,2570,T
4-HA,930,4,1,0,2586,2591,C
4-HA,931,3,1,0,2589,2593,C
4-HA,932,2594,0,0,0,2594,A
4-HA,933,2589,0,1,1,2591,A
4-HA,934,2587,0,0,0,2587,A
4-HA,935,2632,0,1,0,2633,A
4-HA,936,0,2622,0,0,2622,T
4-HA,937,0,0,2623,0,2623,G
4-HA,938,1,2622,0,2,2625,T
4-HA,939,2648,0,1,0,2649,A
4-HA,940,2638,0,2,0,2640,A
4-HA,941,2643,0,0,1,2644,A
4-HA,942,0,1,0,2654,2655,C
4-HA,943,2624,0,0,0,2624,A
4-HA,944,0,2,2641,0,2643,G
4-HA,945,3,2,2631,0,2636,G
4-HA,946,2702,0,2,0,2704,A
4-HA,947,0,2694,0,1,2695,T
4-HA,948,6,1,0,2719,2726,C
4-HA,949,2737,0,2,1,2740,A
4-HA,950,0,0,0,2849,2849,C
4-HA,951,2853,0,0,0,2853,A
4-HA,952,0,2942,0,0,2942,T
4-HA,953,2893,0,1,0,2894,A
4-HA,954,0,3,0,2861,2864,C
4-HA,955,2,4,2799,0,2805,G
4-HA,956,3,2,2772,0,2777,G
4-HA,957,1,1,2739,0,2741,G
4-HA,958,1,0,2753,0,2754,G
4-HA,959,2,0,0,2734,2736,C
4-HA,960,1,1,0,2736,2738,C
4-HA,961,0,2684,0,1,2685,T
4-HA,962,1,0,2962,0,2963,G
4-HA,963,0,2931,0,7,2938,T
4-HA,964,0,0,0,2976,2976,C
4-HA,965,0,1,0,2958,2959,C
4-HA,966,0,0,0,2979,2979,C
4-HA,967,2971,0,1,0,2972,A
4-HA,968,6,2,2998,0,3006,G
4-HA,969,2990,0,0,0,2990,A
4-HA,970,0,2995,0,1,2996,T
4-HA,971,2783,0,1,0,2784,A
4-HA,972,0,2737,0,1,2738,T
4-HA,973,3,0,2752,0,2755,G
4-HA,974,0,2746,0,1,2747,T
4-HA,975,0,2719,0,0,2719,T
4-HA,976,2753,0,0,0,2753,A
4-HA,977,2731,0,3,0,2734,A
4-HA,978,3,4,2753,0,2760,G
4-HA,979,3,2,0,2763,2768,C
4-HA,980,2722,0,1,1,2724,A
4-HA,981,2731,0,0,0,2731,A
4-HA,982,2716,0,1,0,2717,A
4-HA,983,2720,0,2,0,2722,A
4-HA,984,1,1,0,2724,2726,C
4-HA,985,2697,0,0,0,2697,A
4-HA,986,0,1,0,2725,2726,C
4-HA,987,0,2684,0,3,2687,T
4-HA,988,3,0,0,2706,2709,C
4-HA,989,0,2712,0,4,2716,T
4-HA,990,0,2,2726,0,2728,G
4-HA,991,2719,0,3,1,2723,A
4-HA,992,2720,0,0,0,2720,A
4-HA,993,2721,0,0,0,2721,A
4-HA,994,0,2700,0,1,2701,T
4-HA,995,0,2701,0,0,2701,T
4-HA,996,1,6,2708,0,2715,G
4-HA,997,0,0,2702,0,2702,G
4-HA,998,1,0,0,2725,2726,C
4-HA,999,2715,0,0,0,2715,A
4-HA,1000,2710,0,2,0,2712,A
4-HA,1001,0,0,0,2723,2723,C
4-HA,1002,2704,0,0,0,2704,A
4-HA,1003,1,4,2732,1,2738,G
4-HA,1004,1,3,2721,0,2725,G
4-HA,1005,0,7,2705,0,2712,G
4-HA,1006,2702,0,3,0,2705,A
4-HA,1007,0,2702,0,1,2703,T
4-HA,1008,1,0,2716,0,2717,G
4-HA,1009,0,1,1,2704,2706,C
4-HA,1010,1,3,2726,0,2730,G
4-HA,1011,2731,0,0,0,2731,A
4-HA,1012,2716,0,1,0,2717,A
4-HA,1013,2747,0,0,0,2747,A
4-HA,1014,0,2727,1,3,2731,T
4-HA,1015,1,0,2785,0,2786,G
4-HA,1016,0,2773,0,1,2774,T
4-HA,1017,2762,0,1,0,2763,A
4-HA,1018,0,0,0,2760,2760,C
4-HA,1019,3,2,0,2751,2756,C
4-HA,1020,2717,0,1,0,2718,A
4-HA,1021,1,2,2726,0,2729,G
4-HA,1022,2697,0,0,0,2697,A
4-HA,1023,1,1,2712,0,2714,G
4-HA,1024,2688,0,2,0,2690,A
4-HA,1025,2691,0,0,0,2691,A
4-HA,1026,2682,0,3,1,2686,A
4-HA,1027,0,1,0,2687,2688,C
4-HA,1028,2679,0,1,0,2680,A
4-HA,1029,2720,0,0,0,2720,A
4-HA,1030,2701,0,1,0,2702,A
4-HA,1031,1,0,0,2736,2737,C
4-HA,1032,0,2705,0,1,2706,T
4-HA,1033,2688,0,1,0,2689,A
4-HA,1034,0,1,2680,0,2681,G
4-HA,1035,2648,0,5,0,2653,A
4-HA,1036,0,2,2706,0,2708,G
4-HA,1037,0,2,2687,0,2689,G
4-HA,1038,0,0,0,2645,2645,C
4-HA,1039,2661,0,2,0,2663,A
4-HA,1040,0,2671,1,0,2672,T
4-HA,1041,2690,0,0,0,2690,A
4-HA,1042,0,2672,0,0,2672,T
4-HA,1043,0,2661,0,0,2661,T
4-HA,1044,1,2668,0,0,2669,T
4-HA,1045,0,4,2602,0,2606,G
4-HA,1046,0,1,2602,0,2603,G
4-HA,1047,0,2,0,2576,2578,C
4-HA,1048,3,1,2588,0,2592,G
4-HA,1049,0,0,0,2581,2581,C
4-HA,1050,2574,0,1,0,2575,A
4-HA,1051,2585,0,0,0,2585,A
4-HA,1052,1,2573,0,1,2575,T
4-HA,1053,4,0,0,2605,2609,C
4-HA,1054,1,1,2606,0,2608,G
4-HA,1055,0,2,0,2583,2585,C
4-HA,1056,0,3,2608,0,2611,G
4-HA,1057,1,0,2633,0,2634,G
4-HA,1058,0,0,2635,0,2635,G
4-HA,1059,0,2601,0,3,2604,T
4-HA,1060,0,2603,0,1,2604,T
4-HA,1061,0,2599,0,1,2600,T
4-HA,1062,1,2,0,2607,2610,C
4-HA,1063,2615,1,0,0,2616,A
4-HA,1064,0,2617,0,2,2619,T
4-HA,1065,2621,0,2,0,2623,A
4-HA,1066,0,1,2654,0,2655,G
4-HA,1067,2614,0,1,0,2615,A
4-HA,1068,2613,0,5,2,2620,A
4-HA,1069,2603,1,0,0,2604,A
4-HA,1070,2609,0,2,0,2611,A
4-HA,1071,0,2615,0,0,2615,T
4-HA,1072,0,3,2633,0,2636,G
4-HA,1073,0,0,2644,0,2644,G
4-HA,1074,0,2613,0,0,2613,T
4-HA,1075,0,2617,0,1,2618,T
4-HA,1076,0,5,2604,0,2609,G
4-HA,1077,0,5,2614,0,2619,G
4-HA,1078,0,1,2624,0,2625,G
4-HA,1079,2604,0,6,0,2610,A
4-HA,1080,0,4,2621,0,2625,G
4-HA,1081,0,1,2596,0,2597,G
4-HA,1082,0,2,2635,0,2637,G
4-HA,1083,2626,0,5,0,2631,A
4-HA,1084,2637,0,1,0,2638,A
4-HA,1085,0,2643,0,1,2644,T
4-HA,1086,2,2,2644,0,2648,G
4-HA,1087,1,0,2702,0,2703,G
4-HA,1088,0,2647,0,2,2649,T
4-HA,1089,2,1,2682,0,2685,G
4-HA,1090,3,2,2658,0,2663,G
4-HA,1091,2597,0,3,0,2600,A
4-HA,1092,0,2611,0,0,2611,T
4-HA,1093,1,1,2660,0,2662,G
4-HA,1094,1,1,2705,0,2707,G
4-HA,1095,0,2655,0,3,2658,T
4-HA,1096,0,2593,0,1,2594,T
4-HA,1097,1,1,2593,0,2595,G
4-HA,1098,0,0,2627,0,2627,G
4-HA,1099,0,2599,0,2,2601,T
4-HA,1100,2614,1,0,0,2615,A
4-HA,1101,0,1,0,2515,2516,C
4-HA,1102,2,1,2527,0,2530,G
4-HA,1103,0,0,2628,0,2628,G
4-HA,1104,0,2610,0,1,2611,T
4-HA,1105,0,2607,0,1,2608,T
4-HA,1106,0,2606,0,0,2606,T
4-HA,1107,3,0,0,2576,2579,C
4-HA,1108,2568,1,2,0,2571,A
4-HA,1109,0,3,2574,0,2577,G
4-HA,1110,4,1,2554,0,2559,G
4-HA,1111,0,1,0,2546,2547,C
4-HA,1112,2460,1,2,0,2463,A
4-HA,1113,0,2480,0,1,2481,T
4-HA,1114,4,1,0,2489,2494,C
4-HA,1115,2501,1,1,0,2503,A
4-HA,1116,2492,2,2,0,2496,A
4-HA,1117,2500,0,0,0,2500,A
4-HA,1118,2509,0,0,0,2509,A
4-HA,1119,0,2489,0,0,2489,T
4-HA,1120,0,2491,1,0,2492,T
4-HA,1121,0,0,0,2494,2494,C
4-HA,1122,1,2478,0,1,2480,T
4-HA,1123,0,2,2482,0,2484,G
4-HA,1124,2454,0,3,0,2457,A
4-HA,1125,1,6,2473,0,2480,G
4-HA,1126,4,3,2463,0,2470,G
4-HA,1127,0,0,2492,0,2492,G
4-HA,1128,2472,1,1,0,2474,A
4-HA,1129,2483,0,2,0,2485,A
4-HA,1130,0,3,2474,0,2477,G
4-HA,1131,2493,0,2,0,2495,A
4-HA,1132,0,1,2501,0,2502,G
4-HA,1133,0,2,2520,0,2522,G
4-HA,1134,2501,1,2,0,2504,A
4-HA,1135,0,0,0,2499,2499,C
4-HA,1136,2497,0,2,0,2499,A
4-HA,1137,2495,0,2,0,2497,A
4-HA,1138,1,0,2491,0,2492,G
4-HA,1139,0,1,0,2498,2499,C
4-HA,1140,2489,0,2,0,2491,A
4-HA,1141,2,0,2488,0,2490,G
4-HA,1142,0,0,0,2485,2485,C
4-HA,1143,2480,0,0,0,2480,A
4-HA,1144,2,1,2509,0,2512,G
4-HA,1145,2484,0,0,0,2484,A
4-HA,1146,0,2523,0,3,2526,T
4-HA,1147,3,0,0,2539,2542,C
4-HA,1148,0,2523,0,7,2530,T
4-HA,1149,6,1,0,2543,2550,C
4-HA,1150,2562,0,0,0,2562,A
4-HA,1151,2538,1,0,0,2539,A
4-HA,1152,2547,0,1,0,2548,A
4-HA,1153,2500,0,3,0,2503,A
4-HA,1154,0,0,2490,0,2490,G
4-HA,1155,0,2,0,2439,2441,C
4-HA,1156,2432,1,1,0,2434,A
4-HA,1157,0,1,0,2479,2480,C
4-HA,1158,0,2447,0,1,2448,T
4-HA,1159,3,1,0,2465,2469,C
4-HA,1160,2480,0,2,0,2482,A
4-HA,1161,2532,0,0,0,2532,A
4-HA,1162,0,0,2539,0,2539,G
4-HA,1163,0,2,0,2523,2525,C
4-HA,1164,2513,0,2,0,2515,A
4-HA,1165,0,0,2515,0,2515,G
4-HA,1166,0,0,0,2472,2472,C
4-HA,1167,2472,0,0,0,2472,A
4-HA,1168,2457,0,0,0,2457,A
4-HA,1169,0,2428,0,0,2428,T
4-HA,1170,1,1,0,2388,2390,C
4-HA,1171,0,2,2399,0,2401,G
4-HA,1172,2386,0,2,0,2388,A
4-HA,1173,0,2375,0,0,2375,T
4-HA,1174,3,0,0,2381,2384,C
4-HA,1175,2382,0,3,0,2385,A
4-HA,1176,2433,0,1,0,2434,A
4-HA,1177,2422,1,5,0,2428,A
4-HA,1178,2,2416,0,1,2419,T
4-HA,1179,2,0,0,2442,2444,C
4-HA,1180,2417,0,0,0,2417,A
4-HA,1181,2424,1,1,0,2426,A
4-HA,1182,1,2435,0,0,2436,T
4-HA,1183,1,2,2440,0,2443,G
4-HA,1184,1,2,2421,0,2424,G
4-HA,1185,0,1,2386,0,2387,G
4-HA,1186,2392,0,3,0,2395,A
4-HA,1187,2402,0,5,0,2407,A
4-HA,1188,1,0,2426,0,2427,G
4-HA,1189,0,3,0,2432,2435,C
4-HA,1190,0,2392,0,1,2393,T
4-HA,1191,1,2,2500,0,2503,G
4-HA,1192,2499,0,2,0,2501,A
4-HA,1193,2504,1,2,0,2507,A
4-HA,1194,0,2495,0,0,2495,T
4-HA,1195,2445,0,0,0,2445,A
4-HA,1196,0,1,2442,0,2443,G
4-HA,1197,2257,0,10,1,2268,A
4-HA,1198,0,2266,0,0,2266,T
4-HA,1199,0,2285,0,0,2285,T
4-HA,1200,0,3,2294,0,2297,G
4-HA,1201,2283,0,0,0,2283,A
4-HA,1202,0,2263,0,1,2264,T
4-HA,1203,2,0,0,2281,2283,C
4-HA,1204,2,1,2265,0,2268,G
4-HA,1205,0,3,2254,0,2257,G
4-HA,1206,0,0,2265,0,2265,G
4-HA,1207,2258,0,1,1,2260,A
4-HA,1208,2268,0,0,0,2268,A
4-HA,1209,2253,0,0,0,2253,A
4-HA,1210,2239,0,3,0,2242,A
4-HA,1211,0,0,0,2259,2259,C
4-HA,1212,4,0,0,2258,2262,C
4-HA,1213,2246,0,1,0,2247,A
4-HA,1214,2246,1,1,0,2248,A
4-HA,1215,0,3,0,2236,2239,C
4-HA,1216,0,4,2249,0,2253,G
4-HA,1217,2247,0,3,0,2250,A
4-HA,1218,3,1,2242,0,2246,G
4-HA,1219,2250,0,0,0,2250,A
4-HA,1220,2244,0,0,0,2244,A
4-HA,1221,2243,0,2,1,2246,A
4-HA,1222,0,2235,0,1,2236,T
4-HA,1223,1,2218,0,2,2221,T
4-HA,1224,0,0,0,2234,2234,C
4-HA,1225,2,0,0,2220,2222,C
4-HA,1226,2225,1,0,1,2227,A
4-HA,1227,0,2211,1,0,2212,T
4-HA,1228,2,0,0,2228,2230,C
4-HA,1229,2212,0,0,0,2212,A
4-HA,1230,0,2,2229,0,2231,G
4-HA,1231,2208,0,0,0,2208,A
4-HA,1232,0,2203,1,3,2207,T
4-HA,1233,0,2195,0,1,2196,T
4-HA,1234,0,2,2194,0,2196,G
4-HA,1235,2206,0,1,0,2207,A
4-HA,1236,2211,0,0,0,2211,A
4-HA,1237,2213,0,0,1,2214,A
4-HA,1238,2211,0,0,0,2211,A
4-HA,1239,2173,2,3,0,2178,A
4-HA,1240,0,2,2175,0,2177,G
4-HA,1241,2159,0,1,0,2160,A
4-HA,1242,2165,0,2,0,2167,A
4-HA,1243,0,2125,0,0,2125,T
4-HA,1244,0,2138,0,0,2138,T
4-HA,1245,1,0,0,2150,2151,C
4-HA,1246,0,2152,0,0,2152,T
4-HA,1247,2,2,0,2144,2148,C
4-HA,1248,2143,0,1,0,2144,A
4-HA,1249,0,0,2144,0,2144,G
4-HA,1250,2136,1,0,0,2137,A
4-HA,1251,2123,0,0,0,2123,A
4-HA,1252,2,1,2152,0,2155,G
4-HA,1253,0,2111,0,1,2112,T
4-HA,1254,3,1,0,2122,2126,C
4-HA,1255,2,2,2131,0,2135,G
4-HA,1256,2124,0,3,0,2127,A
4-HA,1257,2133,0,5,1,2139,A
4-HA,1258,0,3,2131,0,2134,G
4-HA,1259,1,2,2156,0,2159,G
4-HA,1260,1,3,2151,0,2155,G
4-HA,1261,2098,0,2,0,2100,A
4-HA,1262,1,1,2112,0,2114,G
4-HA,1263,2102,0,2,0,2104,A
4-HA,1264,2216,0,1,0,2217,A
4-HA,1265,0,2204,0,2,2206,T
4-HA,1266,0,2198,0,2,2200,T
4-HA,1267,3,1,0,2204,2208,C
4-HA,1268,2155,0,9,0,2164,A
4-HA,1269,0,3,2171,0,2174,G
4-HA,1270,0,3,2164,0,2167,G
4-HA,1271,2138,0,3,0,2141,A
4-HA,1272,1,0,0,2154,2155,C
4-HA,1273,3,1,0,1992,1996,C
4-HA,1274,1,1977,0,0,1978,T
4-HA,1275,0,1908,0,70,1978,T
4-HA,1276,0,4,1990,0,1994,G
4-HA,1277,1990,0,0,0,1990,A
4-HA,1278,0,1,2017,0,2018,G
4-HA,1279,1987,0,0,0,1987,A
4-HA,1280,1763,0,0,0,1763,A
4-HA,1281,1740,0,2,1,1743,A
4-HA,1282,0,1704,0,0,1704,T
4-HA,1283,1749,0,0,0,1749,A
4-HA,1284,0,1732,0,2,1734,T
4-HA,1285,0,0,1757,0,1757,G
4-HA,1286,0,1743,0,3,1746,T
4-HA,1287,0,1697,0,0,1697,T
4-HA,1288,0,2,1701,0,1703,G
4-HA,1289,1680,1,0,0,1681,A
4-HA,1290,1,2,1719,0,1722,G
4-HA,1291,0,2,1714,0,1716,G
4-HA,1292,1687,0,2,0,1689,A
4-HA,1293,0,0,0,1753,1753,C
4-HA,1294,1725,0,0,0,1725,A
4-HA,1295,0,2,0,1726,1728,C
4-HA,1296,0,1728,0,2,1730,T
4-HA,1297,1799,0,0,0,1799,A
4-HA,1298,1807,0,0,0,1807,A
4-HA,1299,1809,0,0,0,1809,A
4-HA,1300,1817,0,1,0,1818,A
4-HA,1301,0,1817,2,0,1819,T
4-HA,1302,1729,0,0,0,1729,A
4-HA,1303,0,0,1743,0,1743,G
4-HA,1304,1689,0,1,0,1690,A
4-HA,1305,0,1683,0,4,1687,T
4-HA,1306,0,1,0,1693,1694,C
4-HA,1307,0,1663,1,0,1664,T
4-HA,1308,0,0,0,1714,1714,C
4-HA,1309,0,1717,0,1,1718,T
4-HA,1310,0,1,1758,0,1759,G
4-HA,1311,0,0,1792,0,1792,G
4-HA,1312,0,1776,0,1,1777,T
4-HA,1313,9,1,0,1774,1784,C
4-HA,1314,1792,0,3,5,1800,A
4-HA,1315,0,1802,0,1,1803,T
4-HA,1316,1790,0,0,0,1790,A
4-HA,1317,0,0,0,1793,1793,C
4-HA,1318,1743,0,0,1,1744,A
4-HA,1319,1747,0,0,0,1747,A
4-HA,1320,0,0,0,1707,1707,C
4-HA,1321,0,2,1695,0,1697,G
4-HA,1322,0,1,0,1698,1699,C
4-HA,1323,0,1,1690,0,1691,G
4-HA,1324,0,1,1696,0,1697,G
4-HA,1325,1697,0,1,0,1698,A
4-HA,1326,1,0,1715,0,1716,G
4-HA,1327,1,0,0,1721,1722,C
4-HA,1328,0,1708,0,5,1713,T
4-HA,1329,0,1721,0,3,1724,T
4-HA,1330,0,0,0,1728,1728,C
4-HA,1331,0,1742,0,1,1743,T
4-HA,1332,0,1737,0,0,1737,T
4-HA,1333,0,1,1739,0,1740,G
4-HA,1334,0,1723,0,3,1726,T
4-HA,1335,0,1706,0,1,1707,T
4-HA,1336,0,0,1726,0,1726,G
4-HA,1337,0,0,0,1720,1720,C
4-HA,1338,2,0,1,1709,1712,C
4-HA,1339,1,0,0,1727,1728,C
4-HA,1340,1,1725,0,1,1727,T
4-HA,1341,0,1,1747,1,1749,G
4-HA,1342,0,3,1739,0,1742,G
4-HA,1343,1754,0,2,1,1757,A
4-HA,1344,1,3,1755,0,1759,G
4-HA,1345,1725,0,0,1,1726,A
4-HA,1346,1727,0,1,1,1729,A
4-HA,1347,0,1,0,1759,1760,C
4-HA,1348,1,1,0,1749,1751,C
4-HA,1349,1756,1,1,0,1758,A
4-HA,1350,1814,1,2,1,1818,A
4-HA,1351,0,0,0,1818,1818,C
4-HA,1352,1821,1,0,2,1824,A
4-HA,1353,0,1814,0,2,1816,T
4-HA,1354,1812,1,0,1,1814,A
4-HA,1355,1,1,0,1853,1855,C
4-HA,1356,1832,0,0,1,1833,A
4-HA,1357,1825,0,0,1,1826,A
4-HA,1358,0,1815,0,0,1815,T
4-HA,1359,0,1746,0,0,1746,T
4-HA,1360,0,0,1777,0,1777,G
4-HA,1361,1788,0,0,1,1789,A
4-HA,1362,0,1772,0,4,1776,T
4-HA,1363,1,1,0,1788,1790,C
4-HA,1364,0,1768,0,0,1768,T
4-HA,1365,1778,0,0,1,1779,A
4-HA,1366,1779,0,0,1,1780,A
4-HA,1367,0,0,1,1778,1779,C
4-HA,1368,0,1770,0,0,1770,T
4-HA,1369,0,9,1750,1,1760,G
4-HA,1370,1749,0,0,1,1750,A
4-HA,1371,0,0,0,1751,1751,C
4-HA,1372,0,1744,0,1,1745,T
4-HA,1373,3,0,0,1746,1749,C
4-HA,1374,1741,0,1,0,1742,A
4-HA,1375,0,0,1783,0,1783,G
4-HA,1376,1771,1,1,0,1773,A
4-HA,1377,1778,0,0,0,1778,A
4-HA,1378,1772,0,1,0,1773,A
4-HA,1379,0,1748,0,0,1748,T
4-HA,1380,0,2,1762,0,1764,G
4-HA,1381,1758,0,1,0,1759,A
4-HA,1382,1765,0,0,0,1765,A
4-HA,1383,1,0,0,1772,1773,C
4-HA,1384,1747,0,1,0,1748,A
4-HA,1385,1741,0,0,0,1741,A
4-HA,1386,1735,0,1,0,1736,A
4-HA,1387,0,0,0,1749,1749,C
4-HA,1388,0,1721,0,0,1721,T
4-HA,1389,0,0,1753,0,1753,G
4-HA,1390,0,1731,0,4,1735,T
4-HA,1391,0,1731,0,0,1731,T
4-HA,1392,0,1733,0,1,1734,T
4-HA,1393,0,3,1731,0,1734,G
4-HA,1394,1737,0,1,0,1738,A
4-HA,1395,1738,0,0,0,1738,A
4-HA,1396,1722,0,1,0,1723,A
4-HA,1397,1728,0,1,0,1729,A
4-HA,1398,1718,0,0,0,1718,A
4-HA,1399,1718,0,1,1,1720,A
4-HA,1400,0,0,0,1733,1733,C
4-HA,1401,1727,0,0,0,1727,A
4-HA,1402,1733,0,0,0,1733,A
4-HA,1403,1721,1,2,0,1724,A
4-HA,1404,0,0,1728,0,1728,G
4-HA,1405,1736,0,1,0,1737,A
4-HA,1406,1727,0,0,0,1727,A
4-HA,1407,0,0,1720,0,1720,G
4-HA,1408,1,1,0,1717,1719,C
4-HA,1409,1726,0,0,0,1726,A
4-HA,1410,1730,0,1,0,1731,A
4-HA,1411,0,0,0,1717,1717,C
4-HA,1412,0,1716,0,0,1716,T
4-HA,1413,1,2,1728,0,1731,G
4-HA,1414,1712,0,2,1,1715,A
4-HA,1415,0,1,1721,0,1722,G
4-HA,1416,1,3,1726,0,1730,G
4-HA,1417,1,1,1737,0,1739,G
4-HA,1418,1752,0,0,0,1752,A
4-HA,1419,1741,0,1,0,1742,A
4-HA,1420,1733,0,2,0,1735,A
4-HA,1421,1754,0,0,0,1754,A
4-HA,1422,0,1745,0,2,1747,T
4-HA,1423,0,1,1752,0,1753,G
4-HA,1424,0,1,0,1750,1751,C
4-HA,1425,0,1734,0,1,1735,T
4-HA,1426,0,2,1740,0,1742,G
4-HA,1427,1741,0,1,0,1742,A
4-HA,1428,0,4,1806,0,1810,G
4-HA,1429,0,1,1837,0,1838,G
4-HA,1430,1813,0,1,0,1814,A
4-HA,1431,0,1801,0,0,1801,T
4-HA,1432,1796,0,1,0,1797,A
4-HA,1433,0,1787,0,0,1787,T
4-HA,1434,1,3,1807,0,1811,G
4-HA,1435,0,1,1821,0,1822,G
4-HA,1436,0,0,1807,0,1807,G
4-HA,1437,1,0,0,1750,1751,C
4-HA,1438,1707,0,0,0,1707,A
4-HA,1439,1697,0,3,0,1700,A
4-HA,1440,0,1704,0,1,1705,T
4-HA,1441,0,2,1706,0,1708,G
4-HA,1442,0,1,1700,0,1701,G
4-HA,1443,0,1679,0,0,1679,T
4-HA,1444,0,1649,0,0,1649,T
4-HA,1445,0,0,1660,0,1660,G
4-HA,1446,0,1669,1,1,1671,T
4-HA,1447,0,1672,0,0,1672,T
4-HA,1448,0,1672,0,1,1673,T
4-HA,1449,1,0,0,1683,1684,C
4-HA,1450,1684,0,1,0,1685,A
4-HA,1451,1691,0,0,0,1691,A
4-HA,1452,1688,0,1,0,1689,A
4-HA,1453,1707,0,1,0,1708,A
4-HA,1454,0,1696,1,0,1697,T
4-HA,1455,1687,0,0,0,1687,A
4-HA,1456,0,1687,0,1,1688,T
4-HA,1457,1673,0,0,0,1673,A
4-HA,1458,0,0,0,1698,1698,C
4-HA,1459,1,0,0,1696,1697,C
4-HA,1460,1694,0,1,0,1695,A
4-HA,1461,0,0,0,1705,1705,C
4-HA,1462,1703,0,0,0,1703,A
4-HA,1463,1712,0,0,0,1712,A
4-HA,1464,1706,0,0,0,1706,A
4-HA,1465,0,1712,0,0,1712,T
4-HA,1466,0,1,1721,0,1722,G
4-HA,1467,0,1689,0,2,1691,T
4-HA,1468,0,2,1703,0,1705,G
4-HA,1469,1707,0,1,0,1708,A
4-HA,1470,1,0,0,1704,1705,C
4-HA,1471,1669,0,1,0,1670,A
4-HA,1472,1666,0,0,0,1666,A
4-HA,1473,0,1683,0,0,1683,T
4-HA,1474,3,1,1692,0,1696,G
4-HA,1475,0,0,0,1669,1669,C
4-HA,1476,0,3,0,1676,1679,C
4-HA,1477,1,1668,0,3,1672,T
4-HA,1478,0,1,1750,0,1751,G
4-HA,1479,0,1,0,1748,1749,C
4-HA,1480,1756,0,0,0,1756,A
4-HA,1481,0,1755,0,0,1755,T
4-HA,1482,1695,0,1,0,1696,A
4-HA,1483,0,0,1699,0,1699,G
4-HA,1484,0,0,1698,0,1698,G
4-HA,1485,1692,0,1,0,1693,A
4-HA,1486,1,1667,1,1,1670,T
4-HA,1487,1,0,0,1604,1605,C
4-HA,1488,1613,0,0,0,1613,A
4-HA,1489,1616,0,0,1,1617,A
4-HA,1490,0,1617,0,0,1617,T
4-HA,1491,1,0,0,1617,1618,C
4-HA,1492,1597,0,0,0,1597,A
4-HA,1493,1,0,1601,0,1602,G
4-HA,1494,1605,0,1,0,1606,A
4-HA,1495,1606,0,0,0,1606,A
4-HA,1496,1605,0,1,0,1606,A
4-HA,1497,0,1591,0,0,1591,T
4-HA,1498,0,1,1578,0,1579,G
4-HA,1499,0,0,1585,0,1585,G
4-HA,1500,1581,0,0,0,1581,A
4-HA,1501,1593,0,0,0,1593,A
4-HA,1502,0,0,0,1589,1589,C
4-HA,1503,0,1571,0,1,1572,T
4-HA,1504,0,1578,0,0,1578,T
4-HA,1505,1574,0,0,0,1574,A
4-HA,1506,0,1576,0,2,1578,T
4-HA,1507,1,2,1569,0,1572,G
4-HA,1508,1571,0,1,0,1572,A
4-HA,1509,1,0,0,1575,1576,C
4-HA,1510,1,0,0,1540,1541,C
4-HA,1511,1536,0,0,0,1536,A
4-HA,1512,1,1,0,1581,1583,C
4-HA,1513,1,0,1615,0,1616,G
4-HA,1514,1649,0,1,0,1650,A
4-HA,1515,0,1669,1,0,1670,T
4-HA,1516,0,0,1734,0,1734,G
4-HA,1517,0,1714,0,3,1717,T
4-HA,1518,1774,0,0,0,1774,A
4-HA,1519,0,1765,0,2,1767,T
4-HA,1520,1763,0,1,0,1764,A
4-HA,1521,1,0,0,1764,1765,C
4-HA,1522,1559,1,1,0,1561,A
4-HA,1523,0,0,1580,0,1580,G
4-HA,1524,1478,0,0,0,1478,A
4-HA,1525,0,3,1417,0,1420,G
4-HA,1526,1414,0,0,0,1414,A
4-HA,1527,0,1295,0,0,1295,T
4-HA,1528,0,3,1292,0,1295,G
4-HA,1529,1291,0,0,0,1291,A
4-HA,1530,1284,0,1,0,1285,A
4-HA,1531,0,0,1306,0,1306,G
4-HA,1532,0,0,0,1270,1270,C
4-HA,1533,1271,0,0,0,1271,A
4-HA,1534,0,1254,0,3,1257,T
4-HA,1535,0,1259,0,0,1259,T
4-HA,1536,1262,0,0,0,1262,A
4-HA,1537,1261,0,0,0,1261,A
4-HA,1538,1259,0,0,0,1259,A
4-HA,1539,2,1,0,1259,1262,C
4-HA,1540,1202,0,0,0,1202,A
4-HA,1541,1201,0,0,0,1201,A
4-HA,1542,0,0,0,1193,1193,C
4-HA,1543,0,1,0,1196,1197,C
4-HA,1544,0,2,1191,0,1193,G
4-HA,1545,0,0,1204,0,1204,G
4-HA,1546,1,1201,1,1,1204,T
4-HA,1547,0,1192,0,1,1193,T
4-HA,1548,0,1185,0,2,1187,T
4-HA,1549,0,0,0,1191,1191,C
4-HA,1550,1193,0,2,1,1196,A
4-HA,1551,0,0,1216,0,1216,G
4-HA,1552,1211,0,1,0,1212,A
4-HA,1553,0,1202,1,0,1203,T
4-HA,1554,2,0,0,1168,1170,C
4-HA,1555,1164,0,0,0,1164,A
4-HA,1556,1168,0,1,0,1169,A
4-HA,1557,0,0,1166,0,1166,G
4-HA,1558,0,0,1158,0,1158,G
4-HA,1559,0,1,1157,0,1158,G
4-HA,1560,1131,0,2,0,1133,A
4-HA,1561,0,0,1147,0,1147,G
4-HA,1562,0,1147,0,0,1147,T
4-HA,1563,0,1141,0,0,1141,T
4-HA,1564,0,1,1156,0,1157,G
4-HA,1565,1137,0,3,0,1140,A
4-HA,1566,0,0,1146,0,1146,G
4-HA,1567,0,0,0,1136,1136,C
4-HA,1568,0,1129,0,1,1130,T
4-HA,1569,0,1,1133,0,1134,G
4-HA,1570,1130,0,0,0,1130,A
4-HA,1571,1131,0,3,0,1134,A
4-HA,1572,1,0,1128,0,1129,G
4-HA,1573,0,1099,0,1,1100,T
4-HA,1574,1,0,0,1098,1099,C
4-HA,1575,1080,0,0,0,1080,A
4-HA,1576,0,1,1082,0,1083,G
4-HA,1577,0,1,1074,0,1075,G
4-HA,1578,0,1,1050,0,1051,G
4-HA,1579,0,1076,0,0,1076,T
4-HA,1580,1068,1,3,0,1072,A
4-HA,1581,0,0,0,1076,1076,C
4-HA,1582,1071,0,0,0,1071,A
4-HA,1583,1072,0,0,0,1072,A
4-HA,1584,1072,0,1,0,1073,A
4-HA,1585,1,2,1071,0,1074,G
4-HA,1586,1042,0,0,0,1042,A
4-HA,1587,0,1000,0,0,1000,T
4-HA,1588,0,994,1,0,995,T
4-HA,1589,0,0,996,0,996,G
4-HA,1590,0,1,988,0,989,G
4-HA,1591,982,0,1,0,983,A
4-HA,1592,0,982,0,1,983,T
4-HA,1593,1,0,0,983,984,C
4-HA,1594,1,0,0,968,969,C
4-HA,1595,0,962,0,0,962,T
4-HA,1596,967,0,0,0,967,A
4-HA,1597,0,968,0,0,968,T
4-HA,1598,0,2,963,0,965,G
4-HA,1599,0,1,964,0,965,G
4-HA,1600,939,0,1,0,940,A
4-HA,1601,0,943,0,0,943,T
4-HA,1602,0,924,0,3,927,T
4-HA,1603,0,914,0,2,916,T
4-HA,1604,0,0,0,921,921,C
4-HA,1605,1,0,0,913,914,C
4-HA,1606,0,906,1,0,907,T
4-HA,1607,0,904,0,1,905,T
4-HA,1608,0,897,0,0,897,T
4-HA,1609,0,3,897,0,900,G
4-HA,1610,0,0,1,893,894,C
4-HA,1611,1,2,0,897,900,C
4-HA,1612,884,0,1,0,885,A
4-HA,1613,0,877,0,0,877,T
4-HA,1614,888,0,0,0,888,A
4-HA,1615,0,888,0,0,888,T
4-HA,1616,1,0,0,883,884,C
4-HA,1617,880,0,0,1,881,A
4-HA,1618,0,865,0,0,865,T
4-HA,1619,0,0,874,0,874,G
4-HA,1620,0,862,1,1,864,T
4-HA,1621,0,852,0,0,852,T
4-HA,1622,0,843,0,0,843,T
4-HA,1623,0,829,0,1,830,T
4-HA,1624,1,828,0,0,829,T
4-HA,1625,0,830,0,0,830,T
4-HA,1626,0,1,829,0,830,G
4-HA,1627,0,0,0,814,814,C
4-HA,1628,0,807,0,1,808,T
4-HA,1629,1,818,0,0,819,T
4-HA,1630,0,817,0,0,817,T
4-HA,1631,0,0,825,0,825,G
4-HA,1632,0,829,0,1,830,T
4-HA,1633,1,0,829,0,830,G
4-HA,1634,0,827,0,0,827,T
4-HA,1635,0,811,0,0,811,T
4-HA,1636,0,0,815,0,815,G
4-HA,1637,0,0,0,807,807,C
4-HA,1638,0,802,0,0,802,T
4-HA,1639,0,815,0,0,815,T
4-HA,1640,0,761,0,0,761,T
4-HA,1641,0,0,765,0,765,G
4-HA,1642,0,756,0,0,756,T
4-HA,1643,0,755,0,0,755,T
4-HA,1644,0,1,752,0,753,G
4-HA,1645,0,0,732,0,732,G
4-HA,1646,0,1,730,0,731,G
4-HA,1647,0,0,735,0,735,G
4-HA,1648,0,719,0,0,719,T
4-HA,1649,0,713,0,2,715,T
4-HA,1650,2,0,0,703,705,C
4-HA,1651,697,0,0,0,697,A
4-HA,1652,0,693,0,1,694,T
4-HA,1653,3,0,0,696,699,C
4-HA,1654,698,0,0,0,698,A
4-HA,1655,0,681,0,1,682,T
4-HA,1656,0,0,679,0,679,G
4-HA,1657,0,666,2,0,668,T
4-HA,1658,0,1,665,0,666,G
4-HA,1659,0,0,643,0,643,G
4-HA,1660,0,0,641,0,641,G
4-HA,1661,0,0,0,625,625,C
4-HA,1662,0,0,0,612,612,C
4-HA,1663,0,566,0,0,566,T
4-HA,1664,0,0,569,0,569,G
4-HA,1665,0,1,0,561,562,C
4-HA,1666,2,0,0,567,569,C
4-HA,1667,566,0,1,0,567,A
4-HA,1668,568,0,0,0,568,A
4-HA,1669,564,0,2,0,566,A
4-HA,1670,566,0,0,0,566,A
4-HA,1671,562,0,0,0,562,A
4-HA,1672,0,0,557,0,557,G
4-HA,1673,0,1,541,0,542,G
4-HA,1674,0,0,0,531,531,C
4-HA,1675,527,0,1,0,528,A
4-HA,1676,532,0,2,0,534,A
4-HA,1677,0,0,0,532,532,C
4-HA,1678,529,0,1,0,530,A
4-HA,1679,0,528,0,0,528,T
4-HA,1680,0,521,0,0,521,T
4-HA,1681,508,0,0,0,508,A
4-HA,1682,0,0,508,0,508,G
4-HA,1683,0,0,505,0,505,G
4-HA,1684,0,484,0,0,484,T
4-HA,1685,0,0,449,0,449,G
4-HA,1686,0,0,0,440,440,C
4-HA,1687,432,0,0,0,432,A
4-HA,1688,427,0,1,0,428,A
4-HA,1689,0,0,0,430,430,C
4-HA,1690,420,0,0,0,420,A
4-HA,1691,0,410,0,0,410,T
4-HA,1692,0,391,0,1,392,T
4-HA,1693,0,394,0,0,394,T
4-HA,1694,0,0,391,0,391,G
4-HA,1695,0,1,0,380,381,C
4-HA,1696,380,0,0,0,380,A
4-HA,1697,0,350,0,0,350,T
4-HA,1698,0,337,0,1,338,T
4-HA,1699,0,330,0,0,330,T
4-HA,1700,0,0,326,0,326,G
4-HA,1701,314,0,0,0,314,A
5-NP,1,187,0,0,0,187,A
5-NP,2,0,188,0,0,188,T
5-NP,3,0,0,189,0,189,G
5-NP,4,0,0,188,0,188,G
5-NP,5,0,0,0,191,191,C
5-NP,6,0,0,194,0,194,G
5-NP,7,0,208,0,0,208,T
5-NP,8,1,0,0,210,211,C
5-NP,9,0,0,0,213,213,C
5-NP,10,1,0,0,212,213,C
5-NP,11,210,0,0,0,210,A
5-NP,12,211,0,0,0,211,A
5-NP,13,0,0,212,0,212,G
5-NP,14,1,0,216,0,217,G
5-NP,15,0,0,0,222,222,C
5-NP,16,224,0,0,0,224,A
5-NP,17,0,0,0,227,227,C
5-NP,18,0,0,0,223,223,C
5-NP,19,227,0,0,0,227,A
5-NP,20,227,0,0,0,227,A
5-NP,21,228,0,0,0,228,A
5-NP,22,0,0,0,231,231,C
5-NP,23,0,0,228,0,228,G
5-NP,24,0,0,247,0,247,G
5-NP,25,0,246,0,0,246,T
5-NP,26,0,0,0,272,272,C
5-NP,27,0,273,0,0,273,T
5-NP,28,0,272,0,0,272,T
5-NP,29,274,0,0,0,274,A
5-NP,30,0,272,0,0,272,T
5-NP,31,0,1,277,0,278,G
5-NP,32,277,0,0,0,277,A
5-NP,33,272,0,0,0,272,A
5-NP,34,0,0,0,271,271,C
5-NP,35,268,0,0,0,268,A
5-NP,36,0,0,292,0,292,G
5-NP,37,286,0,0,0,286,A
5-NP,38,0,290,0,0,290,T
5-NP,39,0,1,291,0,292,G
5-NP,40,0,0,294,0,294,G
5-NP,41,293,0,0,0,293,A
5-NP,42,295,0,0,0,295,A
5-NP,43,297,0,0,0,297,A
5-NP,44,0,0,0,307,307,C
5-NP,45,0,308,0,0,308,T
5-NP,46,0,0,312,0,312,G
5-NP,47,308,0,1,0,309,A
5-NP,48,0,311,0,1,312,T
5-NP,49,0,1,312,0,313,G
5-NP,50,0,0,312,0,312,G
5-NP,51,0,0,311,0,311,G
5-NP,52,0,0,310,0,310,G
5-NP,53,307,0,0,0,307,A
5-NP,54,0,310,0,0,310,T
5-NP,55,0,0,0,317,317,C
5-NP,56,1,0,315,0,316,G
5-NP,57,0,1,0,330,331,C
5-NP,58,0,0,0,329,329,C
5-NP,59,330,0,0,0,330,A
5-NP,60,0,0,334,0,334,G
5-NP,61,333,0,0,0,333,A
5-NP,62,337,0,0,0,337,A
5-NP,63,0,339,0,0,339,T
5-NP,64,0,0,339,0,339,G
5-NP,65,0,0,0,344,344,C
5-NP,66,337,0,0,0,337,A
5-NP,67,350,0,1,0,351,A
5-NP,68,0,0,0,351,351,C
5-NP,69,0,353,0,0,353,T
5-NP,70,0,0,355,0,355,G
5-NP,71,357,0,0,0,357,A
5-NP,72,0,0,379,0,379,G
5-NP,73,374,0,0,0,374,A
5-NP,74,0,380,0,0,380,T
5-NP,75,0,371,0,0,371,T
5-NP,76,376,0,0,0,376,A
5-NP,77,0,0,375,0,375,G
5-NP,78,0,0,376,0,376,G
5-NP,79,0,0,374,0,374,G
5-NP,80,0,0,0,376,376,C
5-NP,81,371,0,0,0,371,A
5-NP,82,0,375,0,0,375,T
5-NP,83,0,0,0,375,375,C
5-NP,84,1,0,0,370,371,C
5-NP,85,0,0,383,0,383,G
5-NP,86,0,380,0,0,380,T
5-NP,87,0,0,0,383,383,C
5-NP,88,1,0,381,0,382,G
5-NP,89,0,0,385,0,385,G
5-NP,90,1,0,383,0,384,G
5-NP,91,381,0,1,0,382,A
5-NP,92,384,0,0,0,384,A
5-NP,93,0,0,389,0,389,G
5-NP,94,385,0,0,0,385,A
5-NP,95,0,390,0,0,390,T
5-NP,96,0,1,392,0,393,G
5-NP,97,392,0,0,0,392,A
5-NP,98,0,398,1,0,399,T
5-NP,99,0,399,0,0,399,T
5-NP,100,0,0,399,0,399,G
5-NP,101,394,0,1,0,395,A
5-NP,102,0,394,0,0,394,T
5-NP,103,0,0,397,0,397,G
5-NP,104,1,0,394,0,395,G
5-NP,105,1,2,387,0,390,G
5-NP,106,413,0,0,0,413,A
5-NP,107,0,412,0,0,412,T
5-NP,108,0,413,0,0,413,T
5-NP,109,0,2,415,0,417,G
5-NP,110,0,0,417,0,417,G
5-NP,111,0,1,417,0,418,G
5-NP,112,420,0,0,0,420,A
5-NP,113,0,0,418,0,418,G
5-NP,114,414,0,0,0,414,A
5-NP,115,0,421,0,1,422,T
5-NP,116,0,419,0,0,419,T
5-NP,117,1,0,0,424,425,C
5-NP,118,0,423,1,0,424,T
5-NP,119,432,0,0,0,432,A
5-NP,120,0,0,0,435,435,C
5-NP,121,444,0,0,0,444,A
5-NP,122,0,444,0,0,444,T
5-NP,123,0,0,0,440,440,C
5-NP,124,0,0,0,444,444,C
5-NP,125,444,0,0,0,444,A
5-NP,126,452,0,0,0,452,A
5-NP,127,452,0,0,0,452,A
5-NP,128,0,445,0,0,445,T
5-NP,129,0,0,445,0,445,G
5-NP,130,0,441,0,0,441,T
5-NP,131,0,0,445,0,445,G
5-NP,132,0,0,0,445,445,C
5-NP,133,438,0,2,0,440,A
5-NP,134,0,0,0,445,445,C
5-NP,135,0,438,0,0,438,T
5-NP,136,0,1,461,0,462,G
5-NP,137,472,0,1,0,473,A
5-NP,138,483,0,0,0,483,A
5-NP,139,0,0,0,489,489,C
5-NP,140,0,487,0,1,488,T
5-NP,141,0,488,0,1,489,T
5-NP,142,488,0,1,0,489,A
5-NP,143,489,0,0,0,489,A
5-NP,144,490,0,0,0,490,A
5-NP,145,0,1,0,490,491,C
5-NP,146,0,473,0,0,473,T
5-NP,147,0,0,0,482,482,C
5-NP,148,478,0,0,0,478,A
5-NP,149,0,0,485,0,485,G
5-NP,150,0,477,0,0,477,T
5-NP,151,0,2,482,0,484,G
5-NP,152,494,0,0,0,494,A
5-NP,153,0,497,0,0,497,T
5-NP,154,0,0,0,499,499,C
5-NP,155,501,0,0,0,501,A
5-NP,156,0,500,0,0,500,T
5-NP,157,0,0,500,0,500,G
5-NP,158,502,0,0,0,502,A
5-NP,159,497,0,1,0,498,A
5-NP,160,0,1,494,0,495,G
5-NP,161,0,0,493,0,493,G
5-NP,162,0,0,492,0,492,G
5-NP,163,0,0,0,493,493,C
5-NP,164,0,0,497,0,497,G
5-NP,165,0,0,497,0,497,G
5-NP,166,0,493,0,1,494,T
5-NP,167,0,496,0,0,496,T
5-NP,168,0,0,492,0,492,G
5-NP,169,536,0,0,0,536,A
5-NP,170,0,540,0,0,540,T
5-NP,171,0,0,0,540,540,C
5-NP,172,0,0,0,543,543,C
5-NP,173,541,0,0,0,541,A
5-NP,174,0,1,542,0,543,G
5-NP,175,538,0,0,0,538,A
5-NP,176,542,0,0,0,542,A
5-NP,177,0,0,0,545,545,C
5-NP,178,512,0,0,0,512,A
5-NP,179,0,0,524,0,524,G
5-NP,180,0,0,0,522,522,C
5-NP,181,0,524,0,0,524,T
5-NP,182,0,528,0,0,528,T
5-NP,183,0,2,525,0,527,G
5-NP,184,531,0,1,0,532,A
5-NP,185,0,0,0,538,538,C
5-NP,186,532,0,0,0,532,A
5-NP,187,538,0,0,0,538,A
5-NP,188,0,531,0,0,531,T
5-NP,189,529,0,0,0,529,A
5-NP,190,0,2,534,0,536,G
5-NP,191,529,0,2,0,531,A
5-NP,192,0,0,534,0,534,G
5-NP,193,529,0,1,0,530,A
5-NP,194,541,0,0,0,541,A
5-NP,195,539,0,0,0,539,A
5-NP,196,543,0,0,0,543,A
5-NP,197,0,545,0,0,545,T
5-NP,198,0,1,543,0,544,G
5-NP,199,0,0,544,0,544,G
5-NP,200,1,537,0,0,538,T
5-NP,201,535,0,0,0,535,A
5-NP,202,0,0,0,543,543,C
5-NP,203,0,538,0,1,539,T
5-NP,204,0,0,0,544,544,C
5-NP,205,0,533,0,0,533,T
5-NP,206,0,0,0,540,540,C
5-NP,207,0,3,536,0,539,G
5-NP,208,0,0,539,0,539,G
5-NP,209,0,0,0,539,539,C
5-NP,210,0,542,0,0,542,T
5-NP,211,0,543,0,0,543,T
5-NP,212,0,547,0,0,547,T
5-NP,213,0,545,0,0,545,T
5-NP,214,0,0,549,0,549,G
5-NP,215,546,0,0,0,546,A
5-NP,216,0,547,0,0,547,T
5-NP,217,1,1,544,0,546,G
5-NP,218,541,0,0,0,541,A
5-NP,219,542,0,0,0,542,A
5-NP,220,544,0,0,0,544,A
5-NP,221,0,0,543,0,543,G
5-NP,222,538,0,0,0,538,A
5-NP,223,542,1,0,0,543,A
5-NP,224,0,0,546,0,546,G
5-NP,225,0,2,554,0,556,G
5-NP,226,555,0,0,0,555,A
5-NP,227,556,0,0,0,556,A
5-NP,228,0,554,0,0,554,T
5-NP,229,555,0,0,0,555,A
5-NP,230,550,0,0,0,550,A
5-NP,231,554,0,0,0,554,A
5-NP,232,0,557,0,0,557,T
5-NP,233,545,0,0,0,545,A
5-NP,234,0,0,0,554,554,C
5-NP,235,0,0,0,550,550,C
5-NP,236,0,550,0,0,550,T
5-NP,237,0,1,548,0,549,G
5-NP,238,0,0,562,0,562,G
5-NP,239,557,0,0,0,557,A
5-NP,240,562,0,0,0,562,A
5-NP,241,0,0,566,0,566,G
5-NP,242,563,0,0,0,563,A
5-NP,243,558,0,0,0,558,A
5-NP,244,0,0,0,561,561,C
5-NP,245,554,0,0,0,554,A
5-NP,246,0,0,0,569,569,C
5-NP,247,0,0,0,565,565,C
5-NP,248,0,0,0,562,562,C
5-NP,249,1,0,0,566,567,C
5-NP,250,557,0,0,0,557,A
5-NP,251,0,0,556,0,556,G
5-NP,252,0,0,0,558,558,C
5-NP,253,0,0,558,0,558,G
5-NP,254,1,0,1,559,561,C
5-NP,255,0,0,554,0,554,G
5-NP,256,1,0,556,0,557,G
5-NP,257,1,0,548,0,549,G
5-NP,258,0,0,556,0,556,G
5-NP,259,551,0,1,0,552,A
5-NP,260,556,0,0,0,556,A
5-NP,261,556,0,1,0,557,A
5-NP,262,0,0,557,0,557,G
5-NP,263,551,0,0,0,551,A
5-NP,264,0,544,0,0,544,T
5-NP,265,0,0,0,546,546,C
5-NP,266,1,1,0,542,544,C
5-NP,267,1,1,0,552,554,C
5-NP,268,553,0,0,0,553,A
5-NP,269,555,0,0,0,555,A
5-NP,270,0,0,554,0,554,G
5-NP,271,553,0,0,0,553,A
5-NP,272,553,0,0,0,553,A
5-NP,273,554,0,0,0,554,A
5-NP,274,551,0,0,0,551,A
5-NP,275,0,0,0,556,556,C
5-NP,276,0,545,0,0,545,T
5-NP,277,0,0,545,0,545,G
5-NP,278,0,0,545,0,545,G
5-NP,279,0,0,545,0,545,G
5-NP,280,0,0,542,0,542,G
5-NP,281,0,0,544,0,544,G
5-NP,282,0,0,553,0,553,G
5-NP,283,0,0,0,596,596,C
5-NP,284,0,1,0,589,590,C
5-NP,285,0,0,0,603,603,C
5-NP,286,687,0,0,1,688,A
5-NP,287,0,694,0,0,694,T
5-NP,288,727,0,0,0,727,A
5-NP,289,0,730,0,0,730,T
5-NP,290,718,0,0,0,718,A
5-NP,291,0,0,0,732,732,C
5-NP,292,669,0,0,0,669,A
5-NP,293,0,1,674,0,675,G
5-NP,294,0,1,675,0,676,G
5-NP,295,613,0,0,0,613,A
5-NP,296,0,3,617,0,620,G
5-NP,297,596,0,0,0,596,A
5-NP,298,1,0,604,0,605,G
5-NP,299,0,596,0,1,597,T
5-NP,300,598,0,0,0,598,A
5-NP,301,2,0,603,0,605,G
5-NP,302,587,0,0,0,587,A
5-NP,303,0,587,0,0,587,T
5-NP,304,0,0,594,0,594,G
5-NP,305,0,0,597,0,597,G
5-NP,306,598,0,0,0,598,A
5-NP,307,596,0,0,0,596,A
5-NP,308,596,0,0,0,596,A
5-NP,309,595,0,1,0,596,A
5-NP,310,0,597,0,0,597,T
5-NP,311,0,0,601,0,601,G
5-NP,312,1,0,604,0,605,G
5-NP,313,603,0,0,0,603,A
5-NP,314,0,601,0,0,601,T
5-NP,315,0,0,605,0,605,G
5-NP,316,603,0,1,0,604,A
5-NP,317,0,1,608,0,609,G
5-NP,318,0,0,604,0,604,G
5-NP,319,0,0,614,0,614,G
5-NP,320,631,0,1,0,632,A
5-NP,321,632,0,0,0,632,A
5-NP,322,0,0,0,645,645,C
5-NP,323,0,638,0,0,638,T
5-NP,324,1,0,0,651,652,C
5-NP,325,0,0,667,0,667,G
5-NP,326,0,671,0,2,673,T
5-NP,327,0,0,0,678,678,C
5-NP,328,1,3,0,767,771,C
5-NP,329,0,765,0,0,765,T
5-NP,330,0,774,0,1,775,T
5-NP,331,0,771,0,1,772,T
5-NP,332,775,0,0,0,775,A
5-NP,333,0,777,0,0,777,T
5-NP,334,0,0,777,1,778,G
5-NP,335,784,0,0,0,784,A
5-NP,336,1,0,0,784,785,C
5-NP,337,777,0,1,0,778,A
5-NP,338,778,0,0,0,778,A
5-NP,339,782,0,0,0,782,A
5-NP,340,0,1,823,0,824,G
5-NP,341,819,0,0,0,819,A
5-NP,342,822,0,0,0,822,A
5-NP,343,0,0,873,0,873,G
5-NP,344,877,0,0,0,877,A
5-NP,345,880,0,0,0,880,A
5-NP,346,880,0,0,0,880,A
5-NP,347,0,878,0,0,878,T
5-NP,348,878,0,1,0,879,A
5-NP,349,873,0,0,0,873,A
5-NP,350,0,1,877,0,878,G
5-NP,351,0,0,871,0,871,G
5-NP,352,0,0,0,869,869,C
5-NP,353,1,0,867,0,868,G
5-NP,354,876,0,0,0,876,A
5-NP,355,896,0,0,0,896,A
5-NP,356,0,898,0,0,898,T
5-NP,357,0,0,0,899,899,C
5-NP,358,0,901,0,0,901,T
5-NP,359,0,0,897,0,897,G
5-NP,360,0,0,894,0,894,G
5-NP,361,0,0,0,903,903,C
5-NP,362,0,0,902,0,902,G
5-NP,363,0,0,0,897,897,C
5-NP,364,0,0,0,900,900,C
5-NP,365,906,0,0,1,907,A
5-NP,366,925,0,2,0,927,A
5-NP,367,0,0,965,0,965,G
5-NP,368,0,0,0,959,959,C
5-NP,369,1,0,0,985,986,C
5-NP,370,992,0,1,0,993,A
5-NP,371,1016,0,0,0,1016,A
5-NP,372,0,0,0,1029,1029,C
5-NP,373,1029,0,0,0,1029,A
5-NP,374,1055,0,0,0,1055,A
5-NP,375,0,1050,0,1,1051,T
5-NP,376,0,1,1079,0,1080,G
5-NP,377,1,0,1074,0,1075,G
5-NP,378,0,1063,0,0,1063,T
5-NP,379,0,1,1070,0,1071,G
5-NP,380,1066,0,1,1,1068,A
5-NP,381,0,1,1108,0,1109,G
5-NP,382,0,1,1118,0,1119,G
5-NP,383,1130,0,0,0,1130,A
5-NP,384,0,1243,0,0,1243,T
5-NP,385,0,0,1262,0,1262,G
5-NP,386,0,0,0,1268,1268,C
5-NP,387,0,1267,1,0,1268,T
5-NP,388,1278,1,0,0,1279,A
5-NP,389,1,1,0,1312,1314,C
5-NP,390,1310,0,0,0,1310,A
5-NP,391,0,1308,0,1,1309,T
5-NP,392,0,0,0,1307,1307,C
5-NP,393,0,1249,0,0,1249,T
5-NP,394,1,0,1311,0,1312,G
5-NP,395,0,0,1341,0,1341,G
5-NP,396,0,1343,0,1,1344,T
5-NP,397,3,0,0,1352,1355,C
5-NP,398,0,1335,0,0,1335,T
5-NP,399,1363,0,0,0,1363,A
5-NP,400,1367,0,0,0,1367,A
5-NP,401,0,0,0,1385,1385,C
5-NP,402,0,1379,0,3,1382,T
5-NP,403,3,0,0,1402,1405,C
5-NP,404,1385,0,1,0,1386,A
5-NP,405,0,0,0,1451,1451,C
5-NP,406,1453,0,0,0,1453,A
5-NP,407,0,1455,0,1,1456,T
5-NP,408,1449,0,2,0,1451,A
5-NP,409,1448,1,2,0,1451,A
5-NP,410,0,1464,0,1,1465,T
5-NP,411,0,3,1477,0,1480,G
5-NP,412,1472,0,0,0,1472,A
5-NP,413,0,1468,0,0,1468,T
5-NP,414,1,1446,0,0,1447,T
5-NP,415,0,1447,0,0,1447,T
5-NP,416,0,2,1440,0,1442,G
5-NP,417,1,0,1439,0,1440,G
5-NP,418,0,0,0,1445,1445,C
5-NP,419,1445,0,0,1,1446,A
5-NP,420,0,1445,0,0,1445,T
5-NP,421,0,1441,0,1,1442,T
5-NP,422,1,0,0,1445,1446,C
5-NP,423,3,0,0,1447,1450,C
5-NP,424,1470,0,0,0,1470,A
5-NP,425,1474,0,0,0,1474,A
5-NP,426,0,1471,0,1,1472,T
5-NP,427,0,1477,0,0,1477,T
5-NP,428,0,1475,0,0,1475,T
5-NP,429,1,1,1483,0,1485,G
5-NP,430,1482,1,0,0,1483,A
5-NP,431,1478,2,1,0,1481,A
5-NP,432,0,1487,0,0,1487,T
5-NP,433,0,3,1481,0,1484,G
5-NP,434,1551,1,1,0,1553,A
5-NP,435,0,1558,0,1,1559,T
5-NP,436,0,0,1569,0,1569,G
5-NP,437,0,1,0,1616,1617,C
5-NP,438,1607,0,2,0,1609,A
5-NP,439,1685,0,1,0,1686,A
5-NP,440,0,2,0,1687,1689,C
5-NP,441,1717,0,1,0,1718,A
5-NP,442,0,1762,0,0,1762,T
5-NP,443,1726,1,3,0,1730,A
5-NP,444,1,1,0,1765,1767,C
5-NP,445,3,0,0,1766,1769,C
5-NP,446,1742,0,1,0,1743,A
5-NP,447,0,1,1764,0,1765,G
5-NP,448,1725,0,2,0,1727,A
5-NP,449,0,2,1754,0,1756,G
5-NP,450,0,3,1751,0,1754,G
5-NP,451,1745,1,0,0,1746,A
5-NP,452,0,0,0,1761,1761,C
5-NP,453,1746,0,0,0,1746,A
5-NP,454,1754,0,0,0,1754,A
5-NP,455,0,0,1756,0,1756,G
5-NP,456,1736,0,3,0,1739,A
5-NP,457,0,0,1754,0,1754,G
5-NP,458,0,0,0,1755,1755,C
5-NP,459,0,1738,0,5,1743,T
5-NP,460,1,0,0,1765,1766,C
5-NP,461,1,1754,0,2,1757,T
5-NP,462,0,1760,0,0,1760,T
5-NP,463,0,1,1775,0,1776,G
5-NP,464,0,1764,0,1,1765,T
5-NP,465,0,1773,0,0,1773,T
5-NP,466,4,0,0,1755,1759,C
5-NP,467,0,3,1763,0,1766,G
5-NP,468,1801,0,2,0,1803,A
5-NP,469,1802,0,0,0,1802,A
5-NP,470,0,0,0,1826,1826,C
5-NP,471,0,1825,0,0,1825,T
5-NP,472,0,0,1849,0,1849,G
5-NP,473,0,1,1848,0,1849,G
5-NP,474,1846,1,2,0,1849,A
5-NP,475,1853,0,2,0,1855,A
5-NP,476,0,1844,0,1,1845,T
5-NP,477,0,1,1841,0,1842,G
5-NP,478,0,1,1836,0,1837,G
5-NP,479,1860,0,4,0,1864,A
5-NP,480,0,1870,0,1,1871,T
5-NP,481,0,1,0,1887,1888,C
5-NP,482,4,1,0,1882,1887,C
5-NP,483,0,0,0,1889,1889,C
5-NP,484,1904,0,0,0,1904,A
5-NP,485,1,0,1935,0,1936,G
5-NP,486,1930,0,1,0,1931,A
5-NP,487,1929,0,0,0,1929,A
5-NP,488,0,1907,0,2,1909,T
5-NP,489,0,0,1946,0,1946,G
5-NP,490,1,1923,0,2,1926,T
5-NP,491,1,0,1944,0,1945,G
5-NP,492,1,0,0,1939,1940,C
5-NP,493,0,1940,1,4,1945,T
5-NP,494,4,0,0,2070,2074,C
5-NP,495,0,2062,0,1,2063,T
5-NP,496,3,0,0,2172,2175,C
5-NP,497,0,2167,0,0,2167,T
5-NP,498,0,1,2163,0,2164,G
5-NP,499,2176,0,2,0,2178,A
5-NP,500,0,2165,0,0,2165,T
5-NP,501,0,0,2160,0,2160,G
5-NP,502,0,1,0,2164,2165,C
5-NP,503,2106,0,2,0,2108,A
5-NP,504,2,1,2168,0,2171,G
5-NP,505,0,2,2116,0,2118,G
5-NP,506,2,1,2149,0,2152,G
5-NP,507,0,0,0,2153,2153,C
5-NP,508,0,2138,0,1,2139,T
5-NP,509,2,1,0,2146,2149,C
5-NP,510,0,5,2159,0,2164,G
5-NP,511,2189,0,1,0,2190,A
5-NP,512,1,0,0,2204,2205,C
5-NP,513,0,2176,0,1,2177,T
5-NP,514,1,0,0,2296,2297,C
5-NP,515,0,2280,0,0,2280,T
5-NP,516,2,0,0,2630,2632,C
5-NP,517,2,1,0,2625,2628,C
5-NP,518,1,1,0,2656,2658,C
5-NP,519,0,2662,1,1,2664,T
5-NP,520,2635,0,0,0,2635,A
5-NP,521,0,0,2635,0,2635,G
5-NP,522,2633,0,1,0,2634,A
5-NP,523,2573,0,1,0,2574,A
5-NP,524,0,1,2569,0,2570,G
5-NP,525,0,2,2546,0,2548,G
5-NP,526,0,2486,0,0,2486,T
5-NP,527,0,0,0,2517,2517,C
5-NP,528,1,1,0,2525,2527,C
5-NP,529,1,1,2519,0,2521,G
5-NP,530,0,3,2527,0,2530,G
5-NP,531,2535,0,3,0,2538,A
5-NP,532,2,0,2569,0,2571,G
5-NP,533,0,0,0,2582,2582,C
5-NP,534,0,2555,1,1,2557,T
5-NP,535,0,1,2571,0,2572,G
5-NP,536,0,1,0,2577,2578,C
5-NP,537,2566,0,6,0,2572,A
5-NP,538,1,1,2575,0,2577,G
5-NP,539,0,1,2576,0,2577,G
5-NP,540,0,2523,1,1,2525,T
5-NP,541,1,0,2554,0,2555,G
5-NP,542,2,2,0,2556,2560,C
5-NP,543,0,2566,0,0,2566,T
5-NP,544,1,0,2573,0,2574,G
5-NP,545,1,0,0,2570,2571,C
5-NP,546,2614,0,1,0,2615,A
5-NP,547,0,0,2666,1,2667,G
5-NP,548,0,2646,0,1,2647,T
5-NP,549,3,0,0,2662,2665,C
5-NP,550,2657,0,0,0,2657,A
5-NP,551,2661,0,1,0,2662,A
5-NP,552,2666,1,1,0,2668,A
5-NP,553,0,1,2676,0,2677,G
5-NP,554,0,4,2677,0,2681,G
5-NP,555,2684,0,0,0,2684,A
5-NP,556,2664,0,2,0,2666,A
5-NP,557,0,2660,0,0,2660,T
5-NP,558,2,2,0,2672,2676,C
5-NP,559,2,3,2662,0,2667,G
5-NP,560,2,3,2723,0,2728,G
5-NP,561,0,0,2748,0,2748,G
5-NP,562,2725,1,2,0,2728,A
5-NP,563,0,0,0,2764,2764,C
5-NP,564,2740,1,0,0,2741,A
5-NP,565,2781,0,1,0,2782,A
5-NP,566,0,2825,0,0,2825,T
5-NP,567,2,2,2836,0,2840,G
5-NP,568,0,0,2857,0,2857,G
5-NP,569,0,2768,0,0,2768,T
5-NP,570,2,2,2818,0,2822,G
5-NP,571,2806,0,3,0,2809,A
5-NP,572,2,2812,0,0,2814,T
5-NP,573,0,0,2824,0,2824,G
5-NP,574,1,5,2850,0,2856,G
5-NP,575,2836,0,1,0,2837,A
5-NP,576,2860,0,0,0,2860,A
5-NP,577,0,4,0,2823,2827,C
5-NP,578,0,2824,0,0,2824,T
5-NP,579,2822,0,1,0,2823,A
5-NP,580,2930,0,1,0,2931,A
5-NP,581,0,2938,0,1,2939,T
5-NP,582,3,0,0,2952,2955,C
5-NP,583,2863,0,0,0,2863,A
5-NP,584,0,3,2929,1,2933,G
5-NP,585,2912,0,1,0,2913,A
5-NP,586,2911,0,1,0,2912,A
5-NP,587,0,2940,1,0,2941,T
5-NP,588,0,4,2918,1,2923,G
5-NP,589,1,1,2951,0,2953,G
5-NP,590,0,2936,0,4,2940,T
5-NP,591,1,0,2,2960,2963,C
5-NP,592,2965,0,0,0,2965,A
5-NP,593,2953,1,0,0,2954,A
5-NP,594,2978,0,0,1,2979,A
5-NP,595,0,3,1,2967,2971,C
5-NP,596,0,1,2965,1,2967,G
5-NP,597,1,1,2969,0,2971,G
5-NP,598,0,4,2927,0,2931,G
5-NP,599,2,4,2944,0,2950,G
5-NP,600,1,4,2973,0,2978,G
5-NP,601,2973,0,3,0,2976,A
5-NP,602,0,2935,0,3,2938,T
5-NP,603,4,0,0,2950,2954,C
5-NP,604,2959,0,1,0,2960,A
5-NP,605,2957,0,3,0,2960,A
5-NP,606,0,1,0,2946,2947,C
5-NP,607,5,2,2927,0,2934,G
5-NP,608,2908,0,0,0,2908,A
5-NP,609,0,2902,0,0,2902,T
5-NP,610,6,0,0,2907,2913,C
5-NP,611,0,3,2921,0,2924,G
5-NP,612,2895,0,1,0,2896,A
5-NP,613,2912,0,0,0,2912,A
5-NP,614,2903,0,0,0,2903,A
5-NP,615,0,2950,0,0,2950,T
5-NP,616,0,2947,0,1,2948,T
5-NP,617,0,2944,0,0,2944,T
5-NP,618,0,2961,0,2,2963,T
5-NP,619,0,2966,1,1,2968,T
5-NP,620,1,2,2956,0,2959,G
5-NP,621,2,3,2958,1,2964,G
5-NP,622,2936,0,4,0,2940,A
5-NP,623,0,3,2967,0,2970,G
5-NP,624,2917,0,2,0,2919,A
5-NP,625,2,3,3032,1,3038,G
5-NP,626,0,1,3034,0,3035,G
5-NP,627,0,2987,0,0,2987,T
5-NP,628,0,4,3037,1,3042,G
5-NP,629,3032,1,4,2,3039,A
5-NP,630,2,4,3053,0,3059,G
5-NP,631,3050,0,7,0,3057,A
5-NP,632,3040,0,0,0,3040,A
5-NP,633,0,3037,0,4,3041,T
5-NP,634,0,3,2944,0,2947,G
5-NP,635,1,3,2919,0,2923,G
5-NP,636,2900,0,6,0,2906,A
5-NP,637,0,1,0,2924,2925,C
5-NP,638,1,1,2923,0,2925,G
5-NP,639,7,2,2952,0,2961,G
5-NP,640,2950,0,4,0,2954,A
5-NP,641,2961,1,2,0,2964,A
5-NP,642,2997,1,1,0,2999,A
5-NP,643,2990,0,2,1,2993,A
5-NP,644,0,0,0,3025,3025,C
5-NP,645,3016,0,1,0,3017,A
5-NP,646,3003,0,1,0,3004,A
5-NP,647,1,1,3013,0,3015,G
5-NP,648,2924,0,2,0,2926,A
5-NP,649,2947,0,0,0,2947,A
5-NP,650,0,0,3010,0,3010,G
5-NP,651,1,2971,0,1,2973,T
5-NP,652,0,0,3137,0,3137,G
5-NP,653,1,1,0,3106,3108,C
5-NP,654,0,3136,0,4,3140,T
5-NP,655,0,3166,0,1,3167,T
5-NP,656,3191,0,1,0,3192,A
5-NP,657,1,3191,0,1,3193,T
5-NP,658,0,10,3194,0,3204,G
5-NP,659,3119,0,6,0,3125,A
5-NP,660,0,1,3146,0,3147,G
5-NP,661,3018,1,2,0,3021,A
5-NP,662,1,2,3041,0,3044,G
5-NP,663,3031,0,1,0,3032,A
5-NP,664,3063,0,0,0,3063,A
5-NP,665,1,3040,0,1,3042,T
5-NP,666,1,0,3077,0,3078,G
5-NP,667,0,3035,0,0,3035,T
5-NP,668,0,1,3057,0,3058,G
5-NP,669,2,0,0,3049,3051,C
5-NP,670,3054,0,1,0,3055,A
5-NP,671,3050,0,5,0,3055,A
5-NP,672,0,0,0,3044,3044,C
5-NP,673,3021,0,0,0,3021,A
5-NP,674,0,3035,0,1,3036,T
5-NP,675,0,3002,1,6,3009,T
5-NP,676,4,0,0,3016,3020,C
5-NP,677,0,3013,0,0,3013,T
5-NP,678,0,3027,0,0,3027,T
5-NP,679,3014,0,2,0,3016,A
5-NP,680,3012,0,0,0,3012,A
5-NP,681,3011,0,3,0,3014,A
5-NP,682,0,3,3016,1,3020,G
5-NP,683,0,3,3006,0,3009,G
5-NP,684,3001,1,0,0,3002,A
5-NP,685,3006,0,0,0,3006,A
5-NP,686,3011,0,2,0,3013,A
5-NP,687,3022,0,16,0,3038,A
5-NP,688,0,3027,0,0,3027,T
5-NP,689,0,3031,0,0,3031,T
5-NP,690,0,3024,0,1,3025,T
5-NP,691,4,0,1,3038,3043,C
5-NP,692,3043,0,2,0,3045,A
5-NP,693,3035,0,3,0,3038,A
5-NP,694,3033,0,2,0,3035,A
5-NP,695,0,4,0,3068,3072,C
5-NP,696,3053,0,0,0,3053,A
5-NP,697,0,1,3107,0,3108,G
5-NP,698,0,0,0,3111,3111,C
5-NP,699,0,3098,0,2,3100,T
5-NP,700,0,0,3170,0,3170,G
5-NP,701,1,1,0,3155,3157,C
5-NP,702,3189,0,2,0,3191,A
5-NP,703,0,0,0,3193,3193,C
5-NP,704,3183,0,0,0,3183,A
5-NP,705,3189,0,0,0,3189,A
5-NP,706,3110,2,2,0,3114,A
5-NP,707,0,2,3225,0,3227,G
5-NP,708,3210,1,2,0,3213,A
5-NP,709,7,0,3224,0,3231,G
5-NP,710,0,0,1,3218,3219,C
5-NP,711,3212,0,1,0,3213,A
5-NP,712,3313,0,2,0,3315,A
5-NP,713,0,3319,0,0,3319,T
5-NP,714,0,7,3322,0,3329,G
5-NP,715,2,0,3339,0,3341,G
5-NP,716,0,3238,0,2,3240,T
5-NP,717,3,8,3257,0,3268,G
5-NP,718,0,3,3284,0,3287,G
5-NP,719,3293,0,4,0,3297,A
5-NP,720,1,3285,0,1,3287,T
5-NP,721,3,0,0,3217,3220,C
5-NP,722,3227,0,2,0,3229,A
5-NP,723,3262,0,1,0,3263,A
5-NP,724,1,1,3280,0,3282,G
5-NP,725,0,3245,0,0,3245,T
5-NP,726,1,3,3253,0,3257,G
5-NP,727,3211,0,4,0,3215,A
5-NP,728,5,3,3207,0,3215,G
5-NP,729,3222,0,3,0,3225,A
5-NP,730,1,3,3215,0,3219,G
5-NP,731,3194,0,2,0,3196,A
5-NP,732,3152,0,0,0,3152,A
5-NP,733,3156,0,3,0,3159,A
5-NP,734,1,1,3156,0,3158,G
5-NP,735,0,3117,0,1,3118,T
5-NP,736,7,0,0,3136,3143,C
5-NP,737,4,0,3132,0,3136,G
5-NP,738,0,5,3124,0,3129,G
5-NP,739,3144,0,2,0,3146,A
5-NP,740,3138,0,0,0,3138,A
5-NP,741,0,2,0,3161,3163,C
5-NP,742,2,0,0,3139,3141,C
5-NP,743,0,0,0,3165,3165,C
5-NP,744,3167,0,1,0,3168,A
5-NP,745,0,1,3174,0,3175,G
5-NP,746,0,2,3173,0,3175,G
5-NP,747,3162,1,1,0,3164,A
5-NP,748,3168,0,1,0,3169,A
5-NP,749,3146,0,0,3,3149,A
5-NP,750,0,0,1,3176,3177,C
5-NP,751,3,1,3166,0,3170,G
5-NP,752,2,0,0,3169,3171,C
5-NP,753,0,3162,0,0,3162,T
5-NP,754,0,3,3174,0,3177,G
5-NP,755,3168,2,1,0,3171,A
5-NP,756,0,5,3221,0,3226,G
5-NP,757,3250,0,2,0,3252,A
5-NP,758,0,3246,0,0,3246,T
5-NP,759,3,1,0,3218,3222,C
5-NP,760,2,2,3221,0,3225,G
5-NP,761,3217,0,1,0,3218,A
5-NP,762,3206,0,4,0,3210,A
5-NP,763,0,0,3203,0,3203,G
5-NP,764,3165,0,3,0,3168,A
5-NP,765,1,0,0,3094,3095,C
5-NP,766,5,0,0,3195,3200,C
5-NP,767,0,3214,0,2,3216,T
5-NP,768,5,0,0,3220,3225,C
5-NP,769,3226,0,4,3,3233,A
5-NP,770,0,3242,0,0,3242,T
5-NP,771,3250,0,0,0,3250,A
5-NP,772,1,3245,0,1,3247,T
5-NP,773,0,3238,0,0,3238,T
5-NP,774,0,3192,0,0,3192,T
5-NP,775,0,3163,0,1,3164,T
5-NP,776,0,3172,1,1,3174,T
5-NP,777,3180,0,1,0,3181,A
5-NP,778,0,0,3174,0,3174,G
5-NP,779,0,0,0,3182,3182,C
5-NP,780,3173,0,0,0,3173,A
5-NP,781,3150,0,1,0,3151,A
5-NP,782,0,4,3232,1,3237,G
5-NP,783,3225,1,0,0,3226,A
5-NP,784,0,3217,0,1,3218,T
5-NP,785,0,0,0,3257,3257,C
5-NP,786,0,3242,0,3,3245,T
5-NP,787,1,0,3335,0,3336,G
5-NP,788,0,1,0,3330,3331,C
5-NP,789,3327,0,1,0,3328,A
5-NP,790,0,3345,0,0,3345,T
5-NP,791,1,3249,0,0,3250,T
5-NP,792,5,1,3442,0,3448,G
5-NP,793,3511,0,0,0,3511,A
5-NP,794,0,3495,0,0,3495,T
5-NP,795,3519,0,0,0,3519,A
5-NP,796,0,3437,0,0,3437,T
5-NP,797,0,3419,0,1,3420,T
5-NP,798,5,3,3437,0,3445,G
5-NP,799,3401,1,3,6,3411,A
5-NP,800,0,1,3426,1,3428,G
5-NP,801,3271,0,5,0,3276,A
5-NP,802,0,2,3230,0,3232,G
5-NP,803,1,4,3258,0,3263,G
5-NP,804,3258,0,3,0,3261,A
5-NP,805,1,3225,0,0,3226,T
5-NP,806,4,0,0,3265,3269,C
5-NP,807,3246,1,2,1,3250,A
5-NP,808,0,0,3280,0,3280,G
5-NP,809,0,3260,0,2,3262,T
5-NP,810,0,3221,1,2,3224,T
5-NP,811,3,0,3231,0,3234,G
5-NP,812,0,1,0,3222,3223,C
5-NP,813,0,3207,0,8,3215,T
5-NP,814,4,0,0,3223,3227,C
5-NP,815,3209,1,2,0,3212,A
5-NP,816,0,0,0,3243,3243,C
5-NP,817,3245,0,0,0,3245,A
5-NP,818,3260,1,1,0,3262,A
5-NP,819,3250,0,0,0,3250,A
5-NP,820,0,3214,0,0,3214,T
5-NP,821,2,1,0,3237,3240,C
5-NP,822,0,3227,0,2,3229,T
5-NP,823,1,3218,0,0,3219,T
5-NP,824,0,0,3229,0,3229,G
5-NP,825,0,0,0,3224,3224,C
5-NP,826,3,1,1,3243,3248,C
5-NP,827,0,3253,0,3,3256,T
5-NP,828,3228,0,1,0,3229,A
5-NP,829,0,0,1,3281,3282,C
5-NP,830,2,1,0,3282,3285,C
5-NP,831,0,3267,0,6,3273,T
5-NP,832,0,0,3323,0,3323,G
5-NP,833,0,0,0,3291,3291,C
5-NP,834,0,3,0,3317,3320,C
5-NP,835,0,3268,0,3,3271,T
5-NP,836,2,0,3313,0,3315,G
5-NP,837,2,3282,0,0,3284,T
5-NP,838,0,2,3354,0,3356,G
5-NP,839,1,2,1,3352,3356,C
5-NP,840,1,0,3419,0,3420,G
5-NP,841,0,3370,0,1,3371,T
5-NP,842,3363,0,4,0,3367,A
5-NP,843,0,3365,0,1,3366,T
5-NP,844,1,5,3356,0,3362,G
5-NP,845,1,5,3499,0,3505,G
5-NP,846,3467,1,1,0,3469,A
5-NP,847,0,1,0,3429,3430,C
5-NP,848,0,2,0,3442,3444,C
5-NP,849,1,3401,1,8,3411,T
5-NP,850,3,1,3545,0,3549,G
5-NP,851,0,0,1,3538,3539,C
5-NP,852,3568,0,1,0,3569,A
5-NP,853,0,0,3622,0,3622,G
5-NP,854,0,3464,1,1,3466,T
5-NP,855,3598,0,4,0,3602,A
5-NP,856,0,3543,0,2,3545,T
5-NP,857,2,0,1,3539,3542,C
5-NP,858,3,2,0,3556,3561,C
5-NP,859,3387,0,0,0,3387,A
5-NP,860,2,1,3404,0,3407,G
5-NP,861,0,3381,0,2,3383,T
5-NP,862,0,2,3419,0,3421,G
5-NP,863,1,1,3407,0,3409,G
5-NP,864,1,1,3351,0,3353,G
5-NP,865,0,3351,0,4,3355,T
5-NP,866,3347,0,0,0,3347,A
5-NP,867,0,5,0,3348,3353,C
5-NP,868,0,4,3332,0,3336,G
5-NP,869,3298,0,4,0,3302,A
5-NP,870,0,3,0,3319,3322,C
5-NP,871,0,3224,0,0,3224,T
5-NP,872,0,3221,1,1,3223,T
5-NP,873,1,2,0,3227,3230,C
5-NP,874,0,5,3229,0,3234,G
5-NP,875,3217,0,1,0,3218,A
5-NP,876,3236,0,0,0,3236,A
5-NP,877,3243,0,0,0,3243,A
5-NP,878,3216,0,1,2,3219,A
5-NP,879,3219,0,5,0,3224,A
5-NP,880,0,3,3237,0,3240,G
5-NP,881,3239,0,5,0,3244,A
5-NP,882,5,3,3259,0,3267,G
5-NP,883,0,0,3281,1,3282,G
5-NP,884,0,2,3282,0,3284,G
5-NP,885,3294,0,5,0,3299,A
5-NP,886,0,3299,0,2,3301,T
5-NP,887,3324,0,1,0,3325,A
5-NP,888,0,3318,0,2,3320,T
5-NP,889,0,3319,0,0,3319,T
5-NP,890,6,0,0,3345,3351,C
5-NP,891,3,0,0,3331,3334,C
5-NP,892,0,3292,0,1,3293,T
5-NP,893,0,3296,0,1,3297,T
5-NP,894,0,2,3342,0,3344,G
5-NP,895,0,0,3360,0,3360,G
5-NP,896,2,3331,0,1,3334,T
5-NP,897,2,2,3336,0,3340,G
5-NP,898,0,1,3322,0,3323,G
5-NP,899,0,4,3468,0,3472,G
5-NP,900,3474,0,1,0,3475,A
5-NP,901,3487,0,1,0,3488,A
5-NP,902,0,3488,0,1,3489,T
5-NP,903,3426,0,1,0,3427,A
5-NP,904,0,2,3420,0,3422,G
5-NP,905,3385,0,4,1,3390,A
5-NP,906,0,2,0,3369,3371,C
5-NP,907,3,0,0,3340,3343,C
5-NP,908,4,0,0,3279,3283,C
5-NP,909,0,3318,0,4,3322,T
5-NP,910,0,3321,0,6,3327,T
5-NP,911,1,3318,0,1,3320,T
5-NP,912,5,0,0,3320,3325,C
5-NP,913,3324,0,0,0,3324,A
5-NP,914,3318,0,1,0,3319,A
5-NP,915,3317,0,1,0,3318,A
5-NP,916,1,1,0,3311,3313,C
5-NP,917,0,3224,1,0,3225,T
5-NP,918,3207,0,0,0,3207,A
5-NP,919,1,0,0,3235,3236,C
5-NP,920,0,3217,0,1,3218,T
5-NP,921,1,3204,0,1,3206,T
5-NP,922,1,2,0,3232,3235,C
5-NP,923,3233,0,2,0,3235,A
5-NP,924,3237,0,0,0,3237,A
5-NP,925,3230,0,0,0,3230,A
5-NP,926,3227,0,1,0,3228,A
5-NP,927,0,3188,0,0,3188,T
5-NP,928,3152,0,2,0,3154,A
5-NP,929,0,0,3177,1,3178,G
5-NP,930,1,2,0,3184,3187,C
5-NP,931,4,0,0,3205,3209,C
5-NP,932,3229,0,0,0,3229,A
5-NP,933,3227,0,1,0,3228,A
5-NP,934,3310,0,0,0,3310,A
5-NP,935,0,3314,0,0,3314,T
5-NP,936,3334,0,0,0,3334,A
5-NP,937,0,3331,0,0,3331,T
5-NP,938,3276,1,0,0,3277,A
5-NP,939,1,2,0,3272,3275,C
5-NP,940,3214,0,4,0,3218,A
5-NP,941,0,0,3273,0,3273,G
5-NP,942,0,0,0,3258,3258,C
5-NP,943,1,3164,0,2,3167,T
5-NP,944,1,3187,0,2,3190,T
5-NP,945,3200,0,0,0,3200,A
5-NP,946,3204,0,0,0,3204,A
5-NP,947,1,3189,1,3,3194,T
5-NP,948,1,0,1,3195,3197,C
5-NP,949,3087,0,0,3,3090,A
5-NP,950,0,1,3098,0,3099,G
5-NP,951,3083,0,2,0,3085,A
5-NP,952,0,1,0,3108,3109,C
5-NP,953,1,0,0,3101,3102,C
5-NP,954,0,3068,0,3,3071,T
5-NP,955,3094,0,0,0,3094,A
5-NP,956,3089,0,2,0,3091,A
5-NP,957,0,3,0,3106,3109,C
5-NP,958,0,5,3103,0,3108,G
5-NP,959,3054,0,1,0,3055,A
5-NP,960,0,4,3057,0,3061,G
5-NP,961,3029,0,0,0,3029,A
5-NP,962,3042,0,0,0,3042,A
5-NP,963,0,3024,0,0,3024,T
5-NP,964,1,0,2,2993,2996,C
5-NP,965,2,0,0,2995,2997,C
5-NP,966,2915,1,5,0,2921,A
5-NP,967,0,0,2948,0,2948,G
5-NP,968,0,0,0,2940,2940,C
5-NP,969,2961,1,2,0,2964,A
5-NP,970,0,0,0,2979,2979,C
5-NP,971,2950,0,2,0,2952,A
5-NP,972,3,0,0,2964,2967,C
5-NP,973,2967,0,1,0,2968,A
5-NP,974,2956,0,2,0,2958,A
5-NP,975,0,5,2961,0,2966,G
5-NP,976,2929,0,2,0,2931,A
5-NP,977,1,1,2933,0,2935,G
5-NP,978,2,2863,0,2,2867,T
5-NP,979,2,0,0,2857,2859,C
5-NP,980,2862,0,4,0,2866,A
5-NP,981,3,0,2861,0,2864,G
5-NP,982,1,1,0,2855,2857,C
5-NP,983,0,2829,1,1,2831,T
5-NP,984,1,3,2858,0,2862,G
5-NP,985,0,0,2883,0,2883,G
5-NP,986,0,2844,0,1,2845,T
5-NP,987,0,0,2869,0,2869,G
5-NP,988,0,2845,0,1,2846,T
5-NP,989,1,1,2834,0,2836,G
5-NP,990,1,2,2824,0,2827,G
5-NP,991,2806,1,0,0,2807,A
5-NP,992,0,2804,0,0,2804,T
5-NP,993,0,1,2678,0,2679,G
5-NP,994,2,0,2663,0,2665,G
5-NP,995,1,0,0,2668,2669,C
5-NP,996,2642,0,2,0,2644,A
5-NP,997,0,2641,2,2,2645,T
5-NP,998,1,0,2618,0,2619,G
5-NP,999,0,0,0,2629,2629,C
5-NP,1000,2,0,0,2637,2639,C
5-NP,1001,2662,1,0,0,2663,A
5-NP,1002,0,2647,0,0,2647,T
5-NP,1003,0,2609,0,0,2609,T
5-NP,1004,4,0,0,2610,2614,C
5-NP,1005,0,2584,0,1,2585,T
5-NP,1006,1,0,2571,0,2572,G
5-NP,1007,0,0,0,2577,2577,C
5-NP,1008,0,2484,0,4,2488,T
5-NP,1009,2,0,2503,0,2505,G
5-NP,1010,0,0,0,2456,2456,C
5-NP,1011,2452,0,1,0,2453,A
5-NP,1012,1,2447,0,0,2448,T
5-NP,1013,0,2421,0,1,2422,T
5-NP,1014,0,2418,0,1,2419,T
5-NP,1015,0,2,2413,0,2415,G
5-NP,1016,2413,0,0,0,2413,A
5-NP,1017,2420,0,0,0,2420,A
5-NP,1018,0,2,2426,0,2428,G
5-NP,1019,2425,0,0,0,2425,A
5-NP,1020,0,2410,0,0,2410,T
5-NP,1021,0,2404,0,0,2404,T
5-NP,1022,0,2407,0,0,2407,T
5-NP,1023,2407,0,1,0,2408,A
5-NP,1024,2409,0,0,0,2409,A
5-NP,1025,3,2,2400,0,2405,G
5-NP,1026,2401,0,1,0,2402,A
5-NP,1027,2,2386,0,1,2389,T
5-NP,1028,1,2341,0,2,2344,T
5-NP,1029,1,0,2364,0,2365,G
5-NP,1030,0,2365,0,1,2366,T
5-NP,1031,0,2356,1,2,2359,T
5-NP,1032,2364,1,2,0,2367,A
5-NP,1033,2382,0,0,0,2382,A
5-NP,1034,0,1,2377,0,2378,G
5-NP,1035,3,0,0,2374,2377,C
5-NP,1036,0,2321,0,4,2325,T
5-NP,1037,0,2338,0,1,2339,T
5-NP,1038,2,0,0,2346,2348,C
5-NP,1039,2352,0,0,0,2352,A
5-NP,1040,0,2337,0,2,2339,T
5-NP,1041,0,0,0,2344,2344,C
5-NP,1042,2316,0,0,0,2316,A
5-NP,1043,0,1,2310,0,2311,G
5-NP,1044,2269,0,8,0,2277,A
5-NP,1045,0,1,2281,0,2282,G
5-NP,1046,1,3,2274,0,2278,G
5-NP,1047,2,0,2259,0,2261,G
5-NP,1048,2256,0,6,0,2262,A
5-NP,1049,0,1,0,2270,2271,C
5-NP,1050,2269,0,2,0,2271,A
5-NP,1051,2273,0,1,0,2274,A
5-NP,1052,2276,0,0,0,2276,A
5-NP,1053,2281,1,5,0,2287,A
5-NP,1054,0,0,2290,0,2290,G
5-NP,1055,0,2232,0,2,2234,T
5-NP,1056,2215,1,1,0,2217,A
5-NP,1057,0,2194,0,2,2196,T
5-NP,1058,0,0,0,2205,2205,C
5-NP,1059,0,2162,0,3,2165,T
5-NP,1060,3,0,0,2188,2191,C
5-NP,1061,1,0,0,2178,2179,C
5-NP,1062,1,2145,0,0,2146,T
5-NP,1063,4,0,0,2141,2145,C
5-NP,1064,0,2,2149,0,2151,G
5-NP,1065,2,1,2154,0,2157,G
5-NP,1066,0,0,2150,0,2150,G
5-NP,1067,0,1,2150,0,2151,G
5-NP,1068,0,1,2151,0,2152,G
5-NP,1069,2131,0,0,0,2131,A
5-NP,1070,2119,0,1,0,2120,A
5-NP,1071,2120,0,0,1,2121,A
5-NP,1072,0,0,0,2127,2127,C
5-NP,1073,0,2132,1,0,2133,T
5-NP,1074,0,0,2139,0,2139,G
5-NP,1075,0,2114,0,4,2118,T
5-NP,1076,3,1,0,2125,2129,C
5-NP,1077,2154,0,4,0,2158,A
5-NP,1078,2172,0,0,0,2172,A
5-NP,1079,0,0,0,2178,2178,C
5-NP,1080,0,2177,0,1,2178,T
5-NP,1081,2135,0,0,0,2135,A
5-NP,1082,0,1,2144,0,2145,G
5-NP,1083,2103,0,0,0,2103,A
5-NP,1084,0,1,2112,0,2113,G
5-NP,1085,0,4,2103,1,2108,G
5-NP,1086,2003,0,4,0,2007,A
5-NP,1087,0,2,2033,0,2035,G
5-NP,1088,0,2012,1,1,2014,T
5-NP,1089,2009,0,0,0,2009,A
5-NP,1090,0,0,0,2012,2012,C
5-NP,1091,1995,0,0,0,1995,A
5-NP,1092,1990,0,2,0,1992,A
5-NP,1093,1975,0,0,0,1975,A
5-NP,1094,1,1934,1,0,1936,T
5-NP,1095,0,1930,1,0,1931,T
5-NP,1096,0,0,1869,0,1869,G
5-NP,1097,1,0,0,1855,1856,C
5-NP,1098,0,1846,0,2,1848,T
5-NP,1099,0,1848,1,2,1851,T
5-NP,1100,1,0,0,1852,1853,C
5-NP,1101,1858,0,0,0,1858,A
5-NP,1102,1863,0,0,0,1863,A
5-NP,1103,1868,0,0,0,1868,A
5-NP,1104,0,1866,0,0,1866,T
5-NP,1105,0,8,1861,0,1869,G
5-NP,1106,1832,0,3,0,1835,A
5-NP,1107,0,4,1838,0,1842,G
5-NP,1108,1838,0,2,0,1840,A
5-NP,1109,1839,0,0,0,1839,A
5-NP,1110,0,0,0,1838,1838,C
5-NP,1111,1822,0,0,0,1822,A
5-NP,1112,0,1815,0,0,1815,T
5-NP,1113,0,1,1844,0,1845,G
5-NP,1114,0,0,1854,0,1854,G
5-NP,1115,1851,0,3,0,1854,A
5-NP,1116,0,1829,0,0,1829,T
5-NP,1117,1808,0,0,0,1808,A
5-NP,1118,1906,0,0,0,1906,A
5-NP,1119,0,1854,1,0,1855,T
5-NP,1120,1854,0,1,0,1855,A
5-NP,1121,0,1843,1,2,1846,T
5-NP,1122,1,3,1718,0,1722,G
5-NP,1123,0,1,1681,0,1682,G
5-NP,1124,0,1,1674,0,1675,G
5-NP,1125,1662,0,0,0,1662,A
5-NP,1126,0,1652,0,0,1652,T
5-NP,1127,1,0,0,1329,1330,C
5-NP,1128,0,3,1329,0,1332,G
5-NP,1129,1328,0,1,0,1329,A
5-NP,1130,0,0,1330,0,1330,G
5-NP,1131,1,0,0,1323,1324,C
5-NP,1132,1311,0,0,0,1311,A
5-NP,1133,0,1,0,1373,1374,C
5-NP,1134,0,1344,0,1,1345,T
5-NP,1135,1,0,0,1362,1363,C
5-NP,1136,2,1358,0,1,1361,T
5-NP,1137,0,1340,0,1,1341,T
5-NP,1138,0,2,1339,0,1341,G
5-NP,1139,1344,0,0,0,1344,A
5-NP,1140,1341,0,1,0,1342,A
5-NP,1141,1,0,0,1335,1336,C
5-NP,1142,0,1081,0,0,1081,T
5-NP,1143,0,0,1081,0,1081,G
5-NP,1144,1050,0,1,0,1051,A
5-NP,1145,0,1,1054,0,1055,G
5-NP,1146,1055,0,1,0,1056,A
5-NP,1147,1045,0,0,0,1045,A
5-NP,1148,0,0,1049,0,1049,G
5-NP,1149,0,0,0,1020,1020,C
5-NP,1150,0,0,1023,0,1023,G
5-NP,1151,0,1,1028,0,1029,G
5-NP,1152,1,0,1019,0,1020,G
5-NP,1153,0,1001,0,1,1002,T
5-NP,1154,980,0,0,0,980,A
5-NP,1155,0,0,0,975,975,C
5-NP,1156,0,823,0,1,824,T
5-NP,1157,0,0,824,0,824,G
5-NP,1158,0,0,803,0,803,G
5-NP,1159,0,0,805,0,805,G
5-NP,1160,0,0,0,784,784,C
5-NP,1161,0,0,0,752,752,C
5-NP,1162,756,0,1,0,757,A
5-NP,1163,0,759,0,0,759,T
5-NP,1164,755,0,2,0,757,A
5-NP,1165,757,0,0,0,757,A
5-NP,1166,0,0,747,0,747,G
5-NP,1167,2,3,756,1,762,G
5-NP,1168,740,0,1,0,741,A
5-NP,1169,0,1,0,746,747,C
5-NP,1170,0,0,0,752,752,C
5-NP,1171,746,1,0,0,747,A
5-NP,1172,0,0,764,0,764,G
5-NP,1173,0,0,760,0,760,G
5-NP,1174,761,0,1,0,762,A
5-NP,1175,0,0,765,0,765,G
5-NP,1176,0,721,0,1,722,T
5-NP,1177,0,1,732,0,733,G
5-NP,1178,0,0,735,0,735,G
5-NP,1179,729,0,0,0,729,A
5-NP,1180,0,0,741,0,741,G
5-NP,1181,0,1,718,0,719,G
5-NP,1182,710,0,0,0,710,A
5-NP,1183,708,0,0,0,708,A
5-NP,1184,709,0,2,0,711,A
5-NP,1185,0,0,0,714,714,C
5-NP,1186,711,0,0,0,711,A
5-NP,1187,0,0,0,724,724,C
5-NP,1188,0,714,0,1,715,T
5-NP,1189,732,0,0,0,732,A
5-NP,1190,725,0,0,0,725,A
5-NP,1191,0,724,0,0,724,T
5-NP,1192,0,0,0,732,732,C
5-NP,1193,726,0,1,0,727,A
5-NP,1194,734,0,1,0,735,A
5-NP,1195,0,3,0,732,735,C
5-NP,1196,721,0,2,0,723,A
5-NP,1197,0,0,708,0,708,G
5-NP,1198,697,0,0,0,697,A
5-NP,1199,0,0,700,0,700,G
5-NP,1200,0,0,702,0,702,G
5-NP,1201,0,0,692,0,692,G
5-NP,1202,0,0,0,693,693,C
5-NP,1203,0,0,0,699,699,C
5-NP,1204,0,690,0,0,690,T
5-NP,1205,0,0,0,698,698,C
5-NP,1206,1,0,0,699,700,C
5-NP,1207,0,0,702,0,702,G
5-NP,1208,0,0,0,695,695,C
5-NP,1209,687,1,1,0,689,A
5-NP,1210,0,0,718,0,718,G
5-NP,1211,0,0,711,0,711,G
5-NP,1212,0,0,0,718,718,C
5-NP,1213,1,0,0,717,718,C
5-NP,1214,708,0,1,0,709,A
5-NP,1215,705,0,2,0,707,A
5-NP,1216,708,0,2,0,710,A
5-NP,1217,0,0,0,719,719,C
5-NP,1218,1,1,0,715,717,C
5-NP,1219,678,0,0,0,678,A
5-NP,1220,0,0,691,0,691,G
5-NP,1221,0,684,0,0,684,T
5-NP,1222,0,0,691,0,691,G
5-NP,1223,0,677,0,0,677,T
5-NP,1224,0,0,686,0,686,G
5-NP,1225,1,0,0,688,689,C
5-NP,1226,691,0,0,0,691,A
5-NP,1227,698,0,0,0,698,A
5-NP,1228,1,0,0,699,700,C
5-NP,1229,0,0,0,700,700,C
5-NP,1230,0,691,0,1,692,T
5-NP,1231,690,0,0,0,690,A
5-NP,1232,0,0,0,683,683,C
5-NP,1233,0,0,692,0,692,G
5-NP,1234,1,686,1,0,688,T
5-NP,1235,0,700,0,0,700,T
5-NP,1236,0,683,0,0,683,T
5-NP,1237,0,675,0,0,675,T
5-NP,1238,0,0,0,677,677,C
5-NP,1239,0,670,0,0,670,T
5-NP,1240,0,0,690,0,690,G
5-NP,1241,0,682,0,2,684,T
5-NP,1242,689,0,0,0,689,A
5-NP,1243,0,0,0,698,698,C
5-NP,1244,696,0,0,0,696,A
5-NP,1245,692,0,0,0,692,A
5-NP,1246,693,0,0,0,693,A
5-NP,1247,0,0,698,0,698,G
5-NP,1248,694,0,0,0,694,A
5-NP,1249,673,0,1,0,674,A
5-NP,1250,675,0,1,0,676,A
5-NP,1251,0,1,0,675,676,C
5-NP,1252,0,0,0,669,669,C
5-NP,1253,0,659,0,1,660,T
5-NP,1254,0,0,0,665,665,C
5-NP,1255,0,0,0,667,667,C
5-NP,1256,1,0,0,663,664,C
5-NP,1257,666,0,0,0,666,A
5-NP,1258,0,665,0,0,665,T
5-NP,1259,0,664,0,1,665,T
5-NP,1260,0,665,0,0,665,T
5-NP,1261,0,1,666,0,667,G
5-NP,1262,664,0,0,0,664,A
5-NP,1263,665,0,0,0,665,A
5-NP,1264,665,0,1,0,666,A
5-NP,1265,663,0,0,0,663,A
5-NP,1266,0,0,671,0,671,G
5-NP,1267,0,657,0,0,657,T
5-NP,1268,0,0,0,667,667,C
5-NP,1269,665,0,0,0,665,A
5-NP,1270,665,0,0,0,665,A
5-NP,1271,0,0,0,662,662,C
5-NP,1272,0,0,0,677,677,C
5-NP,1273,678,0,0,0,678,A
5-NP,1274,0,686,0,1,687,T
5-NP,1275,0,3,0,681,684,C
5-NP,1276,676,0,2,0,678,A
5-NP,1277,0,684,0,0,684,T
5-NP,1278,0,0,682,0,682,G
5-NP,1279,0,0,679,0,679,G
5-NP,1280,0,0,0,678,678,C
5-NP,1281,669,0,0,0,669,A
5-NP,1282,0,1,669,0,670,G
5-NP,1283,0,0,0,663,663,C
5-NP,1284,665,0,0,0,665,A
5-NP,1285,0,656,0,0,656,T
5-NP,1286,0,657,0,0,657,T
5-NP,1287,0,0,0,659,659,C
5-NP,1288,651,0,0,0,651,A
5-NP,1289,0,0,0,661,661,C
5-NP,1290,0,657,0,1,658,T
5-NP,1291,0,0,666,0,666,G
5-NP,1292,0,2,670,0,672,G
5-NP,1293,670,0,1,0,671,A
5-NP,1294,670,0,0,0,670,A
5-NP,1295,668,0,0,0,668,A
5-NP,1296,0,649,0,0,649,T
5-NP,1297,663,0,0,0,663,A
5-NP,1298,0,0,0,661,661,C
5-NP,1299,0,0,654,0,654,G
5-NP,1300,0,1,653,0,654,G
5-NP,1301,644,0,1,0,645,A
5-NP,1302,0,1,649,0,650,G
5-NP,1303,0,0,648,0,648,G
5-NP,1304,0,0,647,0,647,G
5-NP,1305,646,0,0,0,646,A
5-NP,1306,643,0,0,0,643,A
5-NP,1307,0,2,645,0,647,G
5-NP,1308,647,0,0,0,647,A
5-NP,1309,644,0,0,0,644,A
5-NP,1310,0,0,0,654,654,C
5-NP,1311,0,641,0,0,641,T
5-NP,1312,0,640,0,0,640,T
5-NP,1313,0,1,0,644,645,C
5-NP,1314,648,0,0,0,648,A
5-NP,1315,0,0,647,0,647,G
5-NP,1316,642,0,0,0,642,A
5-NP,1317,0,0,0,638,638,C
5-NP,1318,631,0,0,0,631,A
5-NP,1319,0,615,0,0,615,T
5-NP,1320,0,0,618,0,618,G
5-NP,1321,607,0,1,0,608,A
5-NP,1322,0,0,616,0,616,G
5-NP,1323,0,1,615,0,616,G
5-NP,1324,0,0,616,0,616,G
5-NP,1325,0,0,0,615,615,C
5-NP,1326,613,0,1,0,614,A
5-NP,1327,0,1,612,0,613,G
5-NP,1328,613,0,0,0,613,A
5-NP,1329,617,0,0,0,617,A
5-NP,1330,618,0,0,0,618,A
5-NP,1331,0,606,0,1,607,T
5-NP,1332,1,0,0,613,614,C
5-NP,1333,608,0,0,0,608,A
5-NP,1334,0,600,0,0,600,T
5-NP,1335,615,0,0,0,615,A
5-NP,1336,610,0,0,0,610,A
5-NP,1337,0,1,614,0,615,G
5-NP,1338,604,0,0,0,604,A
5-NP,1339,612,0,0,0,612,A
5-NP,1340,0,596,1,0,597,T
5-NP,1341,0,0,599,0,599,G
5-NP,1342,599,0,0,0,599,A
5-NP,1343,0,595,0,0,595,T
5-NP,1344,0,2,598,0,600,G
5-NP,1345,0,0,599,0,599,G
5-NP,1346,591,1,0,0,592,A
5-NP,1347,591,0,0,0,591,A
5-NP,1348,569,0,3,0,572,A
5-NP,1349,0,0,577,0,577,G
5-NP,1350,0,580,0,0,580,T
5-NP,1351,1,0,575,0,576,G
5-NP,1352,0,0,0,569,569,C
5-NP,1353,575,0,0,0,575,A
5-NP,1354,571,0,0,0,571,A
5-NP,1355,572,0,0,0,572,A
5-NP,1356,574,0,0,0,574,A
5-NP,1357,0,1,0,574,575,C
5-NP,1358,0,0,0,571,571,C
5-NP,1359,566,0,0,0,566,A
5-NP,1360,0,0,568,0,568,G
5-NP,1361,565,0,1,0,566,A
5-NP,1362,569,0,0,0,569,A
5-NP,1363,0,0,564,0,564,G
5-NP,1364,566,0,0,0,566,A
5-NP,1365,542,0,0,0,542,A
5-NP,1366,0,0,544,0,544,G
5-NP,1367,0,541,0,0,541,T
5-NP,1368,0,1,548,0,549,G
5-NP,1369,0,527,0,1,528,T
5-NP,1370,2,0,0,535,537,C
5-NP,1371,538,0,0,0,538,A
5-NP,1372,0,535,0,1,536,T
5-NP,1373,0,531,0,0,531,T
5-NP,1374,0,0,0,538,538,C
5-NP,1375,0,0,0,525,525,C
5-NP,1376,1,0,519,0,520,G
5-NP,1377,0,0,526,0,526,G
5-NP,1378,0,2,519,0,521,G
5-NP,1379,0,0,529,0,529,G
5-NP,1380,0,0,528,0,528,G
5-NP,1381,514,0,0,0,514,A
5-NP,1382,0,0,516,0,516,G
5-NP,1383,0,0,516,0,516,G
5-NP,1384,0,0,516,0,516,G
5-NP,1385,0,0,512,0,512,G
5-NP,1386,510,0,0,0,510,A
5-NP,1387,0,0,507,0,507,G
5-NP,1388,0,496,0,2,498,T
5-NP,1389,3,4,0,491,498,C
5-NP,1390,0,500,0,2,502,T
5-NP,1391,0,500,0,0,500,T
5-NP,1392,0,0,0,500,500,C
5-NP,1393,1,1,499,0,501,G
5-NP,1394,495,0,0,0,495,A
5-NP,1395,0,0,502,0,502,G
5-NP,1396,0,0,0,492,492,C
5-NP,1397,0,492,0,1,493,T
5-NP,1398,0,0,0,495,495,C
5-NP,1399,0,492,0,0,492,T
5-NP,1400,1,0,0,498,499,C
5-NP,1401,500,0,0,0,500,A
5-NP,1402,0,0,501,0,501,G
5-NP,1403,494,0,0,0,494,A
5-NP,1404,0,0,0,497,497,C
5-NP,1405,0,0,496,0,496,G
5-NP,1406,491,0,0,0,491,A
5-NP,1407,0,0,491,0,491,G
5-NP,1408,488,0,0,0,488,A
5-NP,1409,488,1,0,0,489,A
5-NP,1410,0,0,487,0,487,G
5-NP,1411,0,0,483,0,483,G
5-NP,1412,0,1,0,474,475,C
5-NP,1413,479,0,0,0,479,A
5-NP,1414,479,0,2,0,481,A
5-NP,1415,0,0,0,478,478,C
5-NP,1416,0,0,481,0,481,G
5-NP,1417,476,0,0,0,476,A
5-NP,1418,469,0,0,0,469,A
5-NP,1419,0,0,0,469,469,C
5-NP,1420,0,0,0,465,465,C
5-NP,1421,0,0,0,473,473,C
5-NP,1422,0,0,475,0,475,G
5-NP,1423,467,0,0,0,467,A
5-NP,1424,0,471,0,0,471,T
5-NP,1425,0,0,0,465,465,C
5-NP,1426,0,0,465,0,465,G
5-NP,1427,0,465,0,0,465,T
5-NP,1428,0,0,462,0,462,G
5-NP,1429,0,0,0,457,457,C
5-NP,1430,2,0,0,456,458,C
5-NP,1431,2,0,0,459,461,C
5-NP,1432,0,452,0,0,452,T
5-NP,1433,0,0,0,464,464,C
5-NP,1434,0,463,0,0,463,T
5-NP,1435,0,461,1,0,462,T
5-NP,1436,0,461,0,0,461,T
5-NP,1437,0,466,0,0,466,T
5-NP,1438,0,1,465,0,466,G
5-NP,1439,468,0,0,0,468,A
5-NP,1440,0,460,0,0,460,T
5-NP,1441,458,0,1,0,459,A
5-NP,1442,0,379,0,0,379,T
5-NP,1443,0,1,378,0,379,G
5-NP,1444,372,0,0,0,372,A
5-NP,1445,0,0,373,0,373,G
5-NP,1446,0,375,0,0,375,T
5-NP,1447,362,0,0,0,362,A
5-NP,1448,362,0,0,0,362,A
5-NP,1449,0,359,0,0,359,T
5-NP,1450,0,0,360,0,360,G
5-NP,1451,359,0,0,0,359,A
5-NP,1452,320,0,0,0,320,A
5-NP,1453,0,0,316,0,316,G
5-NP,1454,0,0,297,0,297,G
5-NP,1455,295,0,0,0,295,A
5-NP,1456,0,295,0,0,295,T
5-NP,1457,2,0,0,289,291,C
5-NP,1458,0,287,0,0,287,T
5-NP,1459,0,291,0,0,291,T
5-NP,1460,290,0,0,0,290,A
5-NP,1461,1,288,0,0,289,T
5-NP,1462,0,283,0,0,283,T
5-NP,1463,0,279,0,0,279,T
5-NP,1464,0,0,0,276,276,C
5-NP,1465,0,270,0,0,270,T
5-NP,1466,0,270,0,0,270,T
5-NP,1467,0,0,0,269,269,C
5-NP,1468,0,1,267,0,268,G
5-NP,1469,0,0,266,0,266,G
5-NP,1470,266,0,0,0,266,A
5-NP,1471,0,0,267,0,267,G
5-NP,1472,265,0,0,0,265,A
5-NP,1473,0,1,0,261,262,C
5-NP,1474,247,0,0,0,247,A
5-NP,1475,248,0,0,0,248,A
5-NP,1476,0,244,0,0,244,T
5-NP,1477,0,0,244,0,244,G
5-NP,1478,0,0,0,248,248,C
5-NP,1479,239,0,0,0,239,A
5-NP,1480,0,0,238,0,238,G
5-NP,1481,235,0,3,0,238,A
5-NP,1482,213,0,0,0,213,A
5-NP,1483,0,0,210,0,210,G
5-NP,1484,153,0,1,0,154,A
5-NP,1485,0,0,155,0,155,G
5-NP,1486,0,129,0,0,129,T
5-NP,1487,126,0,0,0,126,A
5-NP,1488,0,122,0,0,122,T
5-NP,1489,0,1,119,0,120,G
5-NP,1490,120,0,0,0,120,A
5-NP,1491,0,0,0,121,121,C
5-NP,1492,82,0,0,0,82,A
5-NP,1493,81,0,0,0,81,A
5-NP,1494,0,51,0,0,51,T
5-NP,1495,0,48,0,0,48,T
5-NP,1496,49,0,0,0,49,A
5-NP,1497,49,0,0,0,49,A
6-NA,1,26,0,0,0,26,A
6-NA,2,0,26,0,0,26,T
6-NA,3,0,0,26,0,26,G
6-NA,4,26,0,0,0,26,A
6-NA,5,28,0,0,0,28,A
6-NA,6,0,28,0,0,28,T
6-NA,7,0,0,0,28,28,C
6-NA,8,0,0,0,28,28,C
6-NA,9,28,0,0,0,28,A
6-NA,10,29,0,0,0,29,A
6-NA,11,30,0,0,0,30,A
6-NA,12,0,31,0,0,31,T
6-NA,13,0,0,0,31,31,C
6-NA,14,31,0,0,0,31,A
6-NA,15,32,0,0,0,32,A
6-NA,16,32,0,0,0,32,A
6-NA,17,33,0,0,0,33,A
6-NA,18,0,0,36,0,36,G
6-NA,19,36,0,0,0,36,A
6-NA,20,0,38,0,0,38,T
6-NA,21,38,0,0,0,38,A
6-NA,22,37,0,0,0,37,A
6-NA,23,0,39,0,0,39,T
6-NA,24,39,0,0,0,39,A
6-NA,25,39,0,0,0,39,A
6-NA,26,0,0,0,40,40,C
6-NA,27,0,0,40,0,40,G
6-NA,28,40,0,0,0,40,A
6-NA,29,0,40,0,0,40,T
6-NA,30,0,40,0,0,40,T
6-NA,31,0,0,41,0,41,G
6-NA,32,0,0,46,0,46,G
6-NA,33,0,0,0,46,46,C
6-NA,34,0,46,0,0,46,T
6-NA,35,1,0,0,48,49,C
6-NA,36,0,49,0,0,49,T
6-NA,37,0,0,51,0,51,G
6-NA,38,0,51,0,0,51,T
6-NA,39,0,51,0,0,51,T
6-NA,40,0,52,0,0,52,T
6-NA,41,0,0,0,52,52,C
6-NA,42,0,52,0,0,52,T
6-NA,43,0,0,0,52,52,C
6-NA,44,0,51,0,1,52,T
6-NA,45,0,0,0,52,52,C
6-NA,46,52,0,0,0,52,A
6-NA,47,0,0,0,54,54,C
6-NA,48,0,0,0,55,55,C
6-NA,49,55,0,0,0,55,A
6-NA,50,0,55,0,0,55,T
6-NA,51,0,60,0,0,60,T
6-NA,52,0,60,0,1,61,T
6-NA,53,0,0,0,61,61,C
6-NA,54,0,0,0,61,61,C
6-NA,55,62,0,0,0,62,A
6-NA,56,0,1,0,71,72,C
6-NA,57,72,0,0,0,72,A
6-NA,58,78,0,0,0,78,A
6-NA,59,0,79,0,0,79,T
6-NA,60,83,0,0,0,83,A
6-NA,61,0,83,0,0,83,T
6-NA,62,0,0,84,0,84,G
6-NA,63,0,0,0,84,84,C
6-NA,64,0,84,0,0,84,T
6-NA,65,0,87,0,0,87,T
6-NA,66,0,0,0,87,87,C
6-NA,67,0,86,0,1,87,T
6-NA,68,0,87,0,0,87,T
6-NA,69,1,0,0,87,88,C
6-NA,70,88,0,0,0,88,A
6-NA,71,0,88,0,0,88,T
6-NA,72,0,0,89,0,89,G
6-NA,73,0,0,0,91,91,C
6-NA,74,91,0,0,0,91,A
6-NA,75,91,0,0,0,91,A
6-NA,76,92,0,0,0,92,A
6-NA,77,0,93,0,0,93,T
6-NA,78,0,93,0,0,93,T
6-NA,79,0,0,93,0,93,G
6-NA,80,0,0,0,93,93,C
6-NA,81,0,0,0,92,92,C
6-NA,82,94,0,0,0,94,A
6-NA,83,0,94,0,0,94,T
6-NA,84,0,0,0,104,104,C
6-NA,85,0,103,0,0,103,T
6-NA,86,0,105,0,0,105,T
6-NA,87,0,0,110,0,110,G
6-NA,88,109,0,0,0,109,A
6-NA,89,0,109,0,0,109,T
6-NA,90,109,0,0,0,109,A
6-NA,91,109,0,0,0,109,A
6-NA,92,0,0,0,127,127,C
6-NA,93,0,126,0,0,126,T
6-NA,94,130,0,0,0,130,A
6-NA,95,0,0,0,138,138,C
6-NA,96,0,136,0,0,136,T
6-NA,97,0,0,139,0,139,G
6-NA,98,0,138,0,0,138,T
6-NA,99,140,0,0,0,140,A
6-NA,100,138,0,0,0,138,A
6-NA,101,0,0,0,136,136,C
6-NA,102,136,0,0,0,136,A
6-NA,103,0,135,0,0,135,T
6-NA,104,0,134,0,0,134,T
6-NA,105,0,0,135,0,135,G
6-NA,106,0,0,0,135,135,C
6-NA,107,140,0,0,0,140,A
6-NA,108,0,140,0,0,140,T
6-NA,109,0,141,0,0,141,T
6-NA,110,0,142,0,0,142,T
6-NA,111,0,0,0,141,141,C
6-NA,112,140,0,0,0,140,A
6-NA,113,140,0,0,0,140,A
6-NA,114,0,0,143,0,143,G
6-NA,115,0,0,0,144,144,C
6-NA,116,141,0,0,0,141,A
6-NA,117,150,0,0,0,150,A
6-NA,118,0,151,0,0,151,T
6-NA,119,151,0,0,0,151,A
6-NA,120,0,152,0,0,152,T
6-NA,121,0,1,156,0,157,G
6-NA,122,155,0,0,0,155,A
6-NA,123,156,0,0,0,156,A
6-NA,124,0,153,0,0,153,T
6-NA,125,0,154,0,0,154,T
6-NA,126,0,0,0,152,152,C
6-NA,127,149,0,0,0,149,A
6-NA,128,153,0,0,0,153,A
6-NA,129,0,0,0,153,153,C
6-NA,130,0,151,0,0,151,T
6-NA,131,0,0,0,152,152,C
6-NA,132,0,0,0,150,150,C
6-NA,133,0,0,0,154,154,C
6-NA,134,0,0,0,156,156,C
6-NA,135,0,0,0,154,154,C
6-NA,136,1,0,0,156,157,C
6-NA,137,1,0,0,156,157,C
6-NA,138,156,0,0,0,156,A
6-NA,139,156,0,0,0,156,A
6-NA,140,155,0,0,1,156,A
6-NA,141,0,1,0,155,156,C
6-NA,142,155,0,0,0,155,A
6-NA,143,160,0,0,0,160,A
6-NA,144,0,0,0,161,161,C
6-NA,145,0,0,0,162,162,C
6-NA,146,167,0,0,0,167,A
6-NA,147,172,0,0,0,172,A
6-NA,148,0,0,174,0,174,G
6-NA,149,0,171,0,0,171,T
6-NA,150,0,0,176,0,176,G
6-NA,151,178,0,1,0,179,A
6-NA,152,0,178,0,0,178,T
6-NA,153,0,0,179,0,179,G
6-NA,154,0,0,0,179,179,C
6-NA,155,0,178,0,0,178,T
6-NA,156,0,0,190,0,190,G
6-NA,157,0,185,0,0,185,T
6-NA,158,0,0,184,0,184,G
6-NA,159,0,187,0,0,187,T
6-NA,160,0,0,182,0,182,G
6-NA,161,186,0,0,0,186,A
6-NA,162,190,0,0,0,190,A
6-NA,163,0,0,0,189,189,C
6-NA,164,0,0,0,188,188,C
6-NA,165,184,0,0,0,184,A
6-NA,166,185,0,0,0,185,A
6-NA,167,0,0,0,188,188,C
6-NA,168,189,0,0,0,189,A
6-NA,169,194,0,0,0,194,A
6-NA,170,0,193,0,0,193,T
6-NA,171,193,0,0,0,193,A
6-NA,172,192,0,0,0,192,A
6-NA,173,0,192,0,0,192,T
6-NA,174,190,0,2,0,192,A
6-NA,175,0,0,195,0,195,G
6-NA,176,190,0,0,0,190,A
6-NA,177,192,0,0,0,192,A
6-NA,178,189,0,0,0,189,A
6-NA,179,0,0,187,0,187,G
6-NA,180,189,0,0,0,189,A
6-NA,181,187,0,0,0,187,A
6-NA,182,196,0,0,0,196,A
6-NA,183,0,0,0,196,196,C
6-NA,184,195,0,0,0,195,A
6-NA,185,0,198,0,0,198,T
6-NA,186,201,0,0,0,201,A
6-NA,187,203,0,0,0,203,A
6-NA,188,0,0,0,204,204,C
6-NA,189,203,0,0,0,203,A
6-NA,190,0,0,210,0,210,G
6-NA,191,216,0,0,0,216,A
6-NA,192,0,0,213,0,213,G
6-NA,193,216,0,1,0,217,A
6-NA,194,0,226,0,0,226,T
6-NA,195,231,0,0,0,231,A
6-NA,196,0,0,232,0,232,G
6-NA,197,0,231,0,0,231,T
6-NA,198,1,0,243,0,244,G
6-NA,199,0,243,0,0,243,T
6-NA,200,245,0,0,0,245,A
6-NA,201,0,244,0,0,244,T
6-NA,202,0,0,0,243,243,C
6-NA,203,0,242,0,0,242,T
6-NA,204,0,0,247,0,247,G
6-NA,205,243,0,1,0,244,A
6-NA,206,0,0,0,245,245,C
6-NA,207,0,0,0,244,244,C
6-NA,208,241,0,0,0,241,A
6-NA,209,243,0,0,0,243,A
6-NA,210,0,0,0,243,243,C
6-NA,211,242,0,0,0,242,A
6-NA,212,0,0,0,248,248,C
6-NA,213,1,0,0,246,247,C
6-NA,214,252,0,0,0,252,A
6-NA,215,0,0,0,263,263,C
6-NA,216,0,0,0,263,263,C
6-NA,217,268,0,0,0,268,A
6-NA,218,0,269,0,0,269,T
6-NA,219,268,0,0,0,268,A
6-NA,220,0,0,269,0,269,G
6-NA,221,261,0,0,0,261,A
6-NA,222,2,0,267,0,269,G
6-NA,223,259,0,0,0,259,A
6-NA,224,256,0,1,0,257,A
6-NA,225,0,0,256,0,256,G
6-NA,226,0,1,254,0,255,G
6-NA,227,258,0,0,0,258,A
6-NA,228,261,0,0,0,261,A
6-NA,229,259,0,0,0,259,A
6-NA,230,0,261,0,0,261,T
6-NA,231,258,0,0,0,258,A
6-NA,232,0,259,0,0,259,T
6-NA,233,1,0,256,0,257,G
6-NA,234,0,1,0,255,256,C
6-NA,235,0,0,0,256,256,C
6-NA,236,1,0,0,256,257,C
6-NA,237,1,0,0,259,260,C
6-NA,238,259,0,0,0,259,A
6-NA,239,269,0,0,0,269,A
6-NA,240,269,0,0,0,269,A
6-NA,241,0,1,0,269,270,C
6-NA,242,0,268,0,0,268,T
6-NA,243,270,0,0,0,270,A
6-NA,244,0,0,266,0,266,G
6-NA,245,0,0,0,263,263,C
6-NA,246,270,0,0,0,270,A
6-NA,247,0,1,271,0,272,G
6-NA,248,266,0,0,0,266,A
6-NA,249,279,0,0,0,279,A
6-NA,250,0,280,0,0,280,T
6-NA,251,279,0,1,0,280,A
6-NA,252,0,0,0,279,279,C
6-NA,253,280,0,0,0,280,A
6-NA,254,0,0,280,0,280,G
6-NA,255,283,0,0,0,283,A
6-NA,256,275,0,0,0,275,A
6-NA,257,274,0,0,0,274,A
6-NA,258,0,274,0,0,274,T
6-NA,259,0,271,0,0,271,T
6-NA,260,0,0,276,0,276,G
6-NA,261,0,0,272,0,272,G
6-NA,262,0,276,0,0,276,T
6-NA,263,0,0,0,277,277,C
6-NA,264,278,0,0,0,278,A
6-NA,265,281,0,0,0,281,A
6-NA,266,282,0,0,0,282,A
6-NA,267,0,0,281,0,281,G
6-NA,268,0,0,0,282,282,C
6-NA,269,0,0,0,280,280,C
6-NA,270,0,0,282,0,282,G
6-NA,271,0,0,0,282,282,C
6-NA,272,284,0,0,0,284,A
6-NA,273,290,0,0,0,290,A
6-NA,274,0,288,0,0,288,T
6-NA,275,0,0,288,0,288,G
6-NA,276,0,286,0,0,286,T
6-NA,277,0,0,289,0,289,G
6-NA,278,296,0,0,0,296,A
6-NA,279,0,0,0,300,300,C
6-NA,280,309,0,0,0,309,A
6-NA,281,0,307,0,0,307,T
6-NA,282,0,310,0,0,310,T
6-NA,283,311,0,1,0,312,A
6-NA,284,0,0,0,315,315,C
6-NA,285,309,0,0,0,309,A
6-NA,286,0,0,310,0,310,G
6-NA,287,0,0,305,0,305,G
6-NA,288,0,0,299,0,299,G
6-NA,289,0,306,0,0,306,T
6-NA,290,0,308,0,0,308,T
6-NA,291,0,310,0,0,310,T
6-NA,292,0,0,307,0,307,G
6-NA,293,0,1,0,306,307,C
6-NA,294,308,0,0,0,308,A
6-NA,295,0,0,0,314,314,C
6-NA,296,0,0,0,307,307,C
6-NA,297,0,302,0,0,302,T
6-NA,298,0,304,0,0,304,T
6-NA,299,0,306,0,0,306,T
6-NA,300,0,306,0,0,306,T
6-NA,301,0,309,0,0,309,T
6-NA,302,0,0,0,310,310,C
6-NA,303,0,309,0,0,309,T
6-NA,304,305,0,0,0,305,A
6-NA,305,305,0,0,0,305,A
6-NA,306,0,0,310,0,310,G
6-NA,307,0,0,307,0,307,G
6-NA,308,309,0,0,0,309,A
6-NA,309,0,0,0,310,310,C
6-NA,310,309,0,0,0,309,A
6-NA,311,307,0,0,0,307,A
6-NA,312,0,306,0,0,306,T
6-NA,313,0,304,0,0,304,T
6-NA,314,0,0,0,314,314,C
6-NA,315,0,0,309,0,309,G
6-NA,316,313,0,0,0,313,A
6-NA,317,0,313,0,0,313,T
6-NA,318,0,311,0,0,311,T
6-NA,319,312,0,0,0,312,A
6-NA,320,0,0,315,0,315,G
6-NA,321,0,0,315,0,315,G
6-NA,322,0,0,0,314,314,C
6-NA,323,0,312,0,1,313,T
6-NA,324,0,313,0,1,314,T
6-NA,325,0,315,0,0,315,T
6-NA,326,0,0,0,316,316,C
6-NA,327,0,0,0,316,316,C
6-NA,328,1,0,314,0,315,G
6-NA,329,0,0,0,315,315,C
6-NA,330,0,314,0,0,314,T
6-NA,331,1,0,319,0,320,G
6-NA,332,0,0,320,0,320,G
6-NA,333,0,317,0,0,317,T
6-NA,334,0,0,318,0,318,G
6-NA,335,0,0,315,0,315,G
6-NA,336,0,0,315,0,315,G
6-NA,337,0,0,321,0,321,G
6-NA,338,317,0,0,0,317,A
6-NA,339,0,0,0,326,326,C
6-NA,340,317,0,0,0,317,A
6-NA,341,0,317,0,0,317,T
6-NA,342,0,0,0,317,317,C
6-NA,343,0,316,0,1,317,T
6-NA,344,0,0,316,0,316,G
6-NA,345,0,0,316,0,316,G
6-NA,346,0,0,313,0,313,G
6-NA,347,0,313,0,1,314,T
6-NA,348,0,1,308,0,309,G
6-NA,349,310,0,0,0,310,A
6-NA,350,0,0,0,324,324,C
6-NA,351,320,0,0,0,320,A
6-NA,352,368,0,0,0,368,A
6-NA,353,0,0,379,0,379,G
6-NA,354,380,0,0,0,380,A
6-NA,355,0,0,416,0,416,G
6-NA,356,445,0,0,0,445,A
6-NA,357,514,0,0,0,514,A
6-NA,358,1,0,0,744,745,C
6-NA,359,0,0,0,848,848,C
6-NA,360,1,855,0,1,857,T
6-NA,361,0,868,0,0,868,T
6-NA,362,863,0,0,0,863,A
6-NA,363,0,869,0,0,869,T
6-NA,364,0,0,947,0,947,G
6-NA,365,0,952,0,1,953,T
6-NA,366,0,1,999,0,1000,G
6-NA,367,0,997,0,1,998,T
6-NA,368,0,0,0,994,994,C
6-NA,369,1018,2,0,4,1024,A
6-NA,370,0,1026,0,2,1028,T
6-NA,371,0,1,1022,0,1023,G
6-NA,372,0,1,0,1029,1030,C
6-NA,373,2,3,1023,0,1028,G
6-NA,374,1224,0,1,0,1225,A
6-NA,375,0,1228,0,0,1228,T
6-NA,376,1,1,0,1261,1263,C
6-NA,377,3,0,0,1267,1270,C
6-NA,378,1,1323,0,1,1325,T
6-NA,379,1,7,1326,0,1334,G
6-NA,380,1338,0,2,0,1340,A
6-NA,381,0,0,0,1345,1345,C
6-NA,382,1349,0,0,0,1349,A
6-NA,383,1341,0,1,0,1342,A
6-NA,384,0,0,1414,0,1414,G
6-NA,385,0,1407,0,0,1407,T
6-NA,386,0,0,1432,0,1432,G
6-NA,387,0,1433,0,0,1433,T
6-NA,388,0,1433,0,2,1435,T
6-NA,389,1436,0,0,1,1437,A
6-NA,390,0,1428,0,0,1428,T
6-NA,391,1,0,0,1470,1471,C
6-NA,392,1473,0,0,0,1473,A
6-NA,393,1465,0,0,1,1466,A
6-NA,394,0,1459,0,0,1459,T
6-NA,395,0,1454,0,2,1456,T
6-NA,396,0,1459,0,0,1459,T
6-NA,397,0,2,1465,0,1467,G
6-NA,398,1,1,0,1593,1595,C
6-NA,399,0,0,0,1601,1601,C
6-NA,400,2,0,0,1599,1601,C
6-NA,401,0,1595,0,6,1601,T
6-NA,402,0,1607,0,0,1607,T
6-NA,403,5,5,1621,0,1631,G
6-NA,404,1,4,1627,0,1632,G
6-NA,405,1651,0,4,0,1655,A
6-NA,406,0,0,0,1655,1655,C
6-NA,407,1622,1,1,0,1624,A
6-NA,408,1,3,1672,0,1676,G
6-NA,409,0,3,1662,0,1665,G
6-NA,410,0,3,1748,0,1751,G
6-NA,411,1740,0,2,0,1742,A
6-NA,412,1741,0,2,0,1743,A
6-NA,413,0,0,0,1764,1764,C
6-NA,414,1755,0,1,0,1756,A
6-NA,415,1964,0,0,0,1964,A
6-NA,416,0,1,0,1982,1983,C
6-NA,417,1975,0,1,1,1977,A
6-NA,418,0,3,0,1987,1990,C
6-NA,419,0,1967,0,1,1968,T
6-NA,420,2006,0,0,0,2006,A
6-NA,421,1995,0,1,0,1996,A
6-NA,422,2008,0,2,0,2010,A
6-NA,423,0,0,0,2028,2028,C
6-NA,424,1959,0,0,0,1959,A
6-NA,425,1977,0,0,0,1977,A
6-NA,426,0,1,0,1995,1996,C
6-NA,427,0,0,1993,0,1993,G
6-NA,428,0,1979,0,1,1980,T
6-NA,429,1974,0,0,0,1974,A
6-NA,430,0,0,0,2014,2014,C
6-NA,431,2019,0,0,0,2019,A
6-NA,432,0,2039,0,0,2039,T
6-NA,433,0,2044,0,2,2046,T
6-NA,434,5,1,0,2139,2145,C
6-NA,435,2228,0,0,0,2228,A
6-NA,436,2249,0,4,0,2253,A
6-NA,437,2244,0,1,0,2245,A
6-NA,438,0,2247,0,1,2248,T
6-NA,439,2228,0,1,0,2229,A
6-NA,440,2308,0,0,0,2308,A
6-NA,441,0,0,0,2319,2319,C
6-NA,442,2321,0,0,0,2321,A
6-NA,443,0,1,0,2369,2370,C
6-NA,444,2315,0,1,0,2316,A
6-NA,445,0,0,2826,0,2826,G
6-NA,446,0,2807,0,0,2807,T
6-NA,447,2917,0,0,0,2917,A
6-NA,448,0,2,0,2928,2930,C
6-NA,449,0,1,2915,0,2916,G
6-NA,450,0,3030,0,4,3034,T
6-NA,451,0,3,3062,0,3065,G
6-NA,452,3079,0,4,0,3083,A
6-NA,453,0,3099,0,1,3100,T
6-NA,454,2963,0,1,0,2964,A
6-NA,455,2,1,2952,0,2955,G
6-NA,456,0,5,2916,0,2921,G
6-NA,457,2954,0,1,0,2955,A
6-NA,458,0,0,0,3022,3022,C
6-NA,459,1,2,0,2998,3001,C
6-NA,460,4,2,0,3043,3049,C
6-NA,461,5,0,0,3049,3054,C
6-NA,462,0,3079,0,3,3082,T
6-NA,463,0,3136,0,3,3139,T
6-NA,464,3158,0,0,0,3158,A
6-NA,465,0,3161,0,0,3161,T
6-NA,466,2,0,1,3147,3150,C
6-NA,467,3,2,3105,0,3110,G
6-NA,468,6,5,3075,2,3088,G
6-NA,469,3109,0,3,0,3112,A
6-NA,470,1,0,0,3162,3163,C
6-NA,471,2,0,0,3142,3144,C
6-NA,472,2,1,2,3310,3315,C
6-NA,473,0,3312,0,1,3313,T
6-NA,474,3365,0,1,0,3366,A
6-NA,475,1,3380,0,1,3382,T
6-NA,476,0,3393,0,2,3395,T
6-NA,477,0,4,3391,0,3395,G
6-NA,478,3390,1,0,0,3391,A
6-NA,479,0,3400,0,0,3400,T
6-NA,480,1,11,3391,0,3403,G
6-NA,481,3302,5,0,0,3307,A
6-NA,482,3321,0,2,0,3323,A
6-NA,483,0,3321,0,3,3324,T
6-NA,484,1,2,3381,0,3384,G
6-NA,485,3394,0,4,0,3398,A
6-NA,486,1,1,3486,0,3488,G
6-NA,487,0,3462,0,1,3463,T
6-NA,488,0,3493,0,0,3493,T
6-NA,489,3493,1,2,0,3496,A
6-NA,490,0,4,3493,0,3497,G
6-NA,491,0,0,3501,0,3501,G
6-NA,492,2,3474,0,2,3478,T
6-NA,493,0,0,3488,0,3488,G
6-NA,494,0,3453,0,3,3456,T
6-NA,495,0,3452,0,3,3455,T
6-NA,496,6,2,0,3500,3508,C
6-NA,497,2,1,0,3526,3529,C
6-NA,498,0,3531,0,3,3534,T
6-NA,499,0,3528,0,2,3530,T
6-NA,500,1,3520,0,3,3524,T
6-NA,501,0,3521,1,3,3525,T
6-NA,502,2,4,0,3545,3551,C
6-NA,503,3541,0,0,1,3542,A
6-NA,504,1,3635,0,1,3637,T
6-NA,505,2,1,0,3644,3647,C
6-NA,506,0,3614,0,1,3615,T
6-NA,507,0,5,3584,0,3589,G
6-NA,508,0,3,3546,0,3549,G
6-NA,509,2,3,3542,1,3548,G
6-NA,510,0,8,3611,0,3619,G
6-NA,511,3625,2,2,0,3629,A
6-NA,512,1,2,0,3678,3681,C
6-NA,513,3,1,0,3642,3646,C
6-NA,514,3678,0,0,0,3678,A
6-NA,515,3685,0,3,0,3688,A
6-NA,516,4,1,3686,0,3691,G
6-NA,517,2,0,0,3692,3694,C
6-NA,518,3697,0,1,0,3698,A
6-NA,519,3729,0,6,0,3735,A
6-NA,520,0,1,3790,0,3791,G
6-NA,521,0,3745,0,0,3745,T
6-NA,522,5,1,3856,0,3862,G
6-NA,523,0,3822,0,2,3824,T
6-NA,524,1,2,3956,0,3959,G
6-NA,525,0,0,0,3962,3962,C
6-NA,526,3942,3,0,0,3945,A
6-NA,527,0,3991,0,2,3993,T
6-NA,528,3951,0,0,0,3951,A
6-NA,529,1,0,4060,0,4061,G
6-NA,530,0,1,0,4040,4041,C
6-NA,531,3984,0,2,0,3986,A
6-NA,532,0,3988,0,1,3989,T
6-NA,533,0,5,3913,0,3918,G
6-NA,534,0,1,4194,0,4195,G
6-NA,535,0,4187,0,9,4196,T
6-NA,536,5,0,0,4171,4176,C
6-NA,537,2,0,0,4207,4209,C
6-NA,538,4191,0,4,0,4195,A
6-NA,539,0,1,4323,0,4324,G
6-NA,540,0,3,0,4335,4338,C
6-NA,541,0,4334,1,5,4340,T
6-NA,542,9,0,0,4362,4371,C
6-NA,543,4268,1,1,0,4270,A
6-NA,544,4307,1,2,0,4310,A
6-NA,545,0,1,4333,0,4334,G
6-NA,546,0,4326,0,0,4326,T
6-NA,547,0,4333,0,0,4333,T
6-NA,548,0,0,4319,1,4320,G
6-NA,549,0,4322,0,2,4324,T
6-NA,550,5,0,0,4319,4324,C
6-NA,551,4325,0,1,0,4326,A
6-NA,552,0,0,1,4350,4351,C
6-NA,553,0,3,4348,0,4351,G
6-NA,554,4360,0,2,0,4362,A
6-NA,555,1,4411,0,5,4417,T
6-NA,556,0,2,4490,0,4492,G
6-NA,557,1,5,4499,0,4505,G
6-NA,558,4492,0,4,0,4496,A
6-NA,559,4509,0,6,0,4515,A
6-NA,560,4543,0,3,0,4546,A
6-NA,561,4552,0,3,0,4555,A
6-NA,562,6,0,4583,0,4589,G
6-NA,563,2,0,0,4586,4588,C
6-NA,564,4581,0,4,0,4585,A
6-NA,565,0,4584,0,1,4585,T
6-NA,566,2,9,4626,0,4637,G
6-NA,567,0,0,4627,0,4627,G
6-NA,568,0,1,0,4701,4702,C
6-NA,569,1,4693,0,10,4704,T
6-NA,570,0,1,4721,0,4722,G
6-NA,571,0,0,0,4715,4715,C
6-NA,572,4707,0,5,0,4712,A
6-NA,573,0,4876,0,1,4877,T
6-NA,574,7,1,4903,0,4911,G
6-NA,575,0,4938,0,3,4941,T
6-NA,576,0,5048,0,6,5054,T
6-NA,577,1,5055,0,1,5057,T
6-NA,578,0,0,5309,0,5309,G
6-NA,579,0,5256,0,0,5256,T
6-NA,580,5296,1,6,0,5303,A
6-NA,581,0,5318,0,0,5318,T
6-NA,582,5258,0,2,2,5262,A
6-NA,583,5289,0,3,0,5292,A
6-NA,584,0,4,0,5262,5266,C
6-NA,585,4,7,5210,0,5221,G
6-NA,586,1,2,5237,0,5240,G
6-NA,587,0,7,5123,0,5130,G
6-NA,588,2,5,5139,0,5146,G
6-NA,589,0,3,5171,0,5174,G
6-NA,590,5124,0,7,2,5133,A
6-NA,591,0,5175,1,2,5178,T
6-NA,592,3,3,5194,0,5200,G
6-NA,593,5210,1,5,0,5216,A
6-NA,594,0,5247,0,1,5248,T
6-NA,595,5230,0,7,1,5238,A
6-NA,596,5345,0,0,1,5346,A
6-NA,597,5362,0,2,0,5364,A
6-NA,598,5368,0,2,0,5370,A
6-NA,599,5380,2,0,0,5382,A
6-NA,600,0,5388,0,0,5388,T
6-NA,601,3,2,5375,0,5380,G
6-NA,602,0,2,0,5382,5384,C
6-NA,603,5385,1,3,0,5389,A
6-NA,604,5418,0,2,0,5420,A
6-NA,605,1,2,0,5461,5464,C
6-NA,606,1,5448,0,1,5450,T
6-NA,607,3,2,5472,1,5478,G
6-NA,608,1,1,0,5477,5479,C
6-NA,609,0,5484,0,0,5484,T
6-NA,610,5495,1,4,0,5500,A
6-NA,611,0,1,5495,0,5496,G
6-NA,612,1,1,0,5543,5545,C
6-NA,613,0,5524,0,3,5527,T
6-NA,614,0,5513,0,3,5516,T
6-NA,615,3,0,0,5590,5593,C
6-NA,616,5611,1,2,0,5614,A
6-NA,617,0,5619,0,0,5619,T
6-NA,618,0,5635,0,0,5635,T
6-NA,619,0,5673,0,0,5673,T
6-NA,620,5668,0,2,0,5670,A
6-NA,621,0,0,0,5732,5732,C
6-NA,622,5691,0,3,1,5695,A
6-NA,623,5735,0,6,0,5741,A
6-NA,624,3,5730,1,2,5736,T
6-NA,625,8,8,5693,0,5709,G
6-NA,626,0,4,5695,0,5699,G
6-NA,627,0,1,5696,0,5697,G
6-NA,628,5648,0,11,1,5660,A
6-NA,629,0,1,5832,0,5833,G
6-NA,630,0,3,5877,0,5880,G
6-NA,631,0,1,0,6269,6270,C
6-NA,632,0,6300,0,4,6304,T
6-NA,633,1,6391,0,1,6393,T
6-NA,634,4,0,6450,0,6454,G
6-NA,635,1,6397,0,0,6398,T
6-NA,636,6535,1,4,0,6540,A
6-NA,637,4,6,6563,0,6573,G
6-NA,638,6444,0,2,1,6447,A
6-NA,639,0,6440,0,3,6443,T
6-NA,640,6065,1,3,0,6069,A
6-NA,641,0,0,6068,0,6068,G
6-NA,642,1,5990,0,6,5997,T
6-NA,643,2,0,5936,0,5938,G
6-NA,644,0,6190,0,6,6196,T
6-NA,645,0,6206,1,2,6209,T
6-NA,646,2,1,6299,0,6302,G
6-NA,647,1,6255,2,7,6265,T
6-NA,648,0,6290,0,10,6300,T
6-NA,649,0,6283,0,5,6288,T
6-NA,650,5,1,0,6213,6219,C
6-NA,651,6203,0,5,1,6209,A
6-NA,652,1,6177,0,1,6179,T
6-NA,653,2,4,6187,0,6193,G
6-NA,654,1,3,6532,0,6536,G
6-NA,655,0,6520,0,5,6525,T
6-NA,656,10,1,0,6494,6505,C
6-NA,657,8,0,0,6500,6508,C
6-NA,658,6542,1,3,0,6546,A
6-NA,659,6576,0,1,1,6578,A
6-NA,660,6581,0,5,1,6587,A
6-NA,661,4,5,6587,0,6596,G
6-NA,662,6573,0,2,0,6575,A
6-NA,663,6388,0,4,0,6392,A
6-NA,664,6392,0,2,0,6394,A
6-NA,665,0,6379,0,1,6380,T
6-NA,666,6,2,0,6576,6584,C
6-NA,667,3,0,0,6585,6588,C
6-NA,668,0,6575,1,5,6581,T
6-NA,669,4,0,0,6583,6587,C
6-NA,670,6589,1,5,0,6595,A
6-NA,671,1,4,6606,0,6611,G
6-NA,672,1,6,6587,0,6594,G
6-NA,673,6778,0,4,0,6782,A
6-NA,674,3,1,0,6794,6798,C
6-NA,675,5,1,0,6690,6696,C
6-NA,676,7,0,0,6719,6726,C
6-NA,677,6721,1,1,0,6723,A
6-NA,678,0,5,6764,0,6769,G
6-NA,679,4,10,6775,0,6789,G
6-NA,680,6735,0,4,0,6739,A
6-NA,681,0,1,6826,0,6827,G
6-NA,682,0,6702,1,2,6705,T
6-NA,683,9,0,0,6720,6729,C
6-NA,684,6742,0,4,0,6746,A
6-NA,685,2,6,6782,0,6790,G
6-NA,686,6740,0,5,0,6745,A
6-NA,687,6739,0,1,1,6741,A
6-NA,688,0,6735,0,1,6736,T
6-NA,689,0,5,6758,0,6763,G
6-NA,690,1,2,0,6743,6746,C
6-NA,691,0,1,6813,0,6814,G
6-NA,692,0,6775,0,2,6777,T
6-NA,693,0,6820,0,4,6824,T
6-NA,694,0,6796,0,0,6796,T
6-NA,695,3,0,6833,0,6836,G
6-NA,696,1,6844,0,3,6848,T
6-NA,697,6854,0,3,0,6857,A
6-NA,698,0,6838,0,1,6839,T
6-NA,699,2,4,0,6840,6846,C
6-NA,700,6839,1,0,1,6841,A
6-NA,701,6844,1,1,1,6847,A
6-NA,702,0,6846,0,1,6847,T
6-NA,703,0,9,6839,0,6848,G
6-NA,704,1,6,6843,0,6850,G
6-NA,705,6982,0,6,2,6990,A
6-NA,706,6997,0,3,1,7001,A
6-NA,707,0,3,0,7036,7039,C
6-NA,708,0,7092,0,6,7098,T
6-NA,709,0,7108,0,1,7109,T
6-NA,710,2,1,7314,0,7317,G
6-NA,711,1,7289,0,3,7293,T
6-NA,712,7295,0,4,0,7299,A
6-NA,713,0,1,0,7415,7416,C
6-NA,714,7283,1,1,0,7285,A
6-NA,715,3,1,7752,0,7756,G
6-NA,716,0,7713,0,2,7715,T
6-NA,717,8047,2,1,0,8050,A
6-NA,718,5,3,8066,0,8074,G
6-NA,719,0,7960,0,2,7962,T
6-NA,720,7974,0,2,0,7976,A
6-NA,721,7951,0,1,0,7952,A
6-NA,722,0,7923,0,1,7924,T
6-NA,723,11,18,7919,1,7949,G
6-NA,724,7727,0,6,0,7733,A
6-NA,725,0,1,0,7859,7860,C
6-NA,726,0,7659,0,3,7662,T
6-NA,727,0,4,7704,1,7709,G
6-NA,728,7643,3,8,1,7655,A
6-NA,729,0,7695,0,4,7699,T
6-NA,730,0,11,7696,0,7707,G
6-NA,731,1,2,7651,0,7654,G
6-NA,732,1,12,7648,1,7662,G
6-NA,733,7546,0,2,0,7548,A
6-NA,734,3,3,7582,0,7588,G
6-NA,735,0,7528,2,4,7534,T
6-NA,736,5,2,7583,0,7590,G
6-NA,737,2,2,0,7689,7693,C
6-NA,738,0,7681,0,2,7683,T
6-NA,739,3,7682,0,1,7686,T
6-NA,740,6,1,1,7703,7711,C
6-NA,741,7684,2,12,2,7700,A
6-NA,742,0,1,7737,0,7738,G
6-NA,743,0,3,7718,0,7721,G
6-NA,744,7717,1,1,0,7719,A
6-NA,745,7672,1,1,1,7675,A
6-NA,746,7600,0,3,0,7603,A
6-NA,747,7615,0,9,0,7624,A
6-NA,748,1,0,7648,0,7649,G
6-NA,749,1,4,0,7646,7651,C
6-NA,750,0,7640,0,0,7640,T
6-NA,751,1,12,7632,0,7645,G
6-NA,752,7609,1,2,0,7612,A
6-NA,753,1,7706,0,1,7708,T
6-NA,754,7701,2,5,1,7709,A
6-NA,755,2,0,0,8075,8077,C
6-NA,756,0,8044,0,1,8045,T
6-NA,757,8059,0,0,0,8059,A
6-NA,758,8060,1,0,1,8062,A
6-NA,759,8040,0,5,0,8045,A
6-NA,760,8234,1,0,0,8235,A
6-NA,761,0,8255,0,0,8255,T
6-NA,762,8223,1,2,0,8226,A
6-NA,763,0,2,0,8281,8283,C
6-NA,764,1,8053,0,4,8058,T
6-NA,765,8132,0,1,0,8133,A
6-NA,766,0,8093,0,11,8104,T
6-NA,767,1,8419,0,2,8422,T
6-NA,768,15,2,0,8463,8480,C
6-NA,769,8340,0,2,0,8342,A
6-NA,770,0,8327,0,2,8329,T
6-NA,771,0,8323,0,2,8325,T
6-NA,772,6,9,8331,1,8347,G
6-NA,773,8250,0,12,0,8262,A
6-NA,774,2,3,8278,0,8283,G
6-NA,775,1,4,8259,0,8264,G
6-NA,776,7991,0,6,0,7997,A
6-NA,777,0,7,8160,0,8167,G
6-NA,778,1,7,8114,1,8123,G
6-NA,779,1,3,8150,0,8154,G
6-NA,780,2,1,8162,0,8165,G
6-NA,781,8098,1,8,1,8108,A
6-NA,782,8168,0,2,0,8170,A
6-NA,783,8153,0,4,1,8158,A
6-NA,784,8116,0,3,1,8120,A
6-NA,785,0,8099,0,0,8099,T
6-NA,786,12,1,0,8061,8074,C
6-NA,787,1,1,8162,0,8164,G
6-NA,788,1,8115,0,0,8116,T
6-NA,789,2,8103,0,7,8112,T
6-NA,790,13,1,1,8120,8135,C
6-NA,791,8152,0,0,0,8152,A
6-NA,792,1,8648,0,6,8655,T
6-NA,793,8619,0,1,0,8620,A
6-NA,794,0,4,0,8702,8706,C
6-NA,795,0,8658,0,14,8672,T
6-NA,796,8667,0,2,0,8669,A
6-NA,797,1,2,8635,1,8639,G
6-NA,798,4,1,0,8641,8646,C
6-NA,799,8611,0,3,2,8616,A
6-NA,800,0,2,0,8660,8662,C
6-NA,801,8303,0,3,0,8306,A
6-NA,802,0,8437,0,3,8440,T
6-NA,803,1,8422,0,0,8423,T
6-NA,804,5,0,8932,0,8937,G
6-NA,805,0,8888,0,7,8895,T
6-NA,806,15,3,0,8885,8903,C
6-NA,807,8882,1,15,1,8899,A
6-NA,808,2,2,8922,0,8926,G
6-NA,809,2,8,8906,1,8917,G
6-NA,810,8925,0,1,1,8927,A
6-NA,811,8807,0,10,1,8818,A
6-NA,812,0,0,8921,1,8922,G
6-NA,813,1,8505,1,2,8509,T
6-NA,814,2,1,8546,1,8550,G
6-NA,815,1,2,1,8545,8549,C
6-NA,816,2,8572,0,7,8581,T
6-NA,817,12,5,0,8596,8613,C
6-NA,818,8574,0,4,0,8578,A
6-NA,819,0,0,8598,0,8598,G
6-NA,820,0,0,0,8621,8621,C
6-NA,821,8588,1,1,1,8591,A
6-NA,822,0,8601,0,4,8605,T
6-NA,823,1,1,8844,0,8846,G
6-NA,824,1,8787,0,8,8796,T
6-NA,825,11,0,0,8819,8830,C
6-NA,826,2,6,8820,0,8828,G
6-NA,827,8770,0,7,1,8778,A
6-NA,828,5,4,8747,0,8756,G
6-NA,829,0,9,8739,0,8748,G
6-NA,830,8699,0,4,0,8703,A
6-NA,831,0,0,8798,1,8799,G
6-NA,832,2,8486,0,7,8495,T
6-NA,833,5,3,8521,0,8529,G
6-NA,834,2,2,0,8649,8653,C
6-NA,835,0,8640,0,3,8643,T
6-NA,836,12,1,1,8670,8684,C
6-NA,837,5,1,0,8735,8741,C
6-NA,838,0,8733,1,5,8739,T
6-NA,839,4,0,8761,0,8765,G
6-NA,840,5,6,0,8682,8693,C
6-NA,841,1,8661,0,7,8669,T
6-NA,842,8724,1,2,0,8727,A
6-NA,843,0,8550,0,3,8553,T
6-NA,844,4,0,0,8619,8623,C
6-NA,845,5,4,0,8592,8601,C
6-NA,846,0,8563,0,5,8568,T
6-NA,847,11,0,0,8691,8702,C
6-NA,848,2,14,8674,0,8690,G
6-NA,849,8722,0,0,0,8722,A
6-NA,850,0,8745,0,4,8749,T
6-NA,851,8738,1,1,0,8740,A
6-NA,852,0,8700,0,26,8726,T
6-NA,853,8,4,3,8710,8725,C
6-NA,854,9,1,0,8712,8722,C
6-NA,855,3,8689,0,2,8694,T
6-NA,856,0,2,8729,1,8732,G
6-NA,857,2,2,8731,0,8735,G
6-NA,858,0,8807,0,6,8813,T
6-NA,859,1,0,8857,0,8858,G
6-NA,860,0,8799,1,7,8807,T
6-NA,861,12,3,0,8809,8824,C
6-NA,862,8807,1,4,0,8812,A
6-NA,863,2,1,8821,1,8825,G
6-NA,864,8809,1,8,0,8818,A
6-NA,865,1,8725,1,4,8731,T
6-NA,866,1,0,8752,0,8753,G
6-NA,867,1,8628,0,1,8630,T
6-NA,868,4,0,8671,1,8676,G
6-NA,869,1,8637,0,8,8646,T
6-NA,870,14,0,0,8668,8682,C
6-NA,871,0,8660,1,10,8671,T
6-NA,872,2,1,8679,0,8682,G
6-NA,873,0,0,0,8699,8699,C
6-NA,874,8689,0,10,0,8699,A
6-NA,875,5,6,8689,0,8700,G
6-NA,876,8470,0,12,1,8483,A
6-NA,877,2,4,8514,0,8520,G
6-NA,878,8488,0,4,0,8492,A
6-NA,879,0,0,0,8550,8550,C
6-NA,880,8571,0,3,0,8574,A
6-NA,881,8606,1,4,1,8612,A
6-NA,882,2,4,0,8619,8625,C
6-NA,883,1,8634,0,4,8639,T
6-NA,884,2,6,8666,0,8674,G
6-NA,885,1,4,8626,0,8631,G
6-NA,886,8604,0,4,1,8609,A
6-NA,887,8598,1,4,0,8603,A
6-NA,888,8437,1,10,2,8450,A
6-NA,889,0,5,8433,0,8438,G
6-NA,890,5,5,8323,0,8333,G
6-NA,891,8184,3,5,0,8192,A
6-NA,892,0,8365,1,1,8367,T
6-NA,893,4,2,0,8425,8431,C
6-NA,894,6,3,0,8619,8628,C
6-NA,895,8662,0,0,1,8663,A
6-NA,896,8661,0,0,0,8661,A
6-NA,897,0,8655,0,2,8657,T
6-NA,898,8422,0,4,0,8426,A
6-NA,899,2,4,8338,0,8344,G
6-NA,900,7,2,8303,0,8312,G
6-NA,901,1,4,0,8305,8310,C
6-NA,902,2,3,0,8282,8287,C
6-NA,903,8,3,1,8073,8085,C
6-NA,904,8164,1,2,1,8168,A
6-NA,905,0,8212,1,8,8221,T
6-NA,906,8,3,0,8261,8272,C
6-NA,907,5,0,8307,0,8312,G
6-NA,908,1,8254,0,2,8257,T
6-NA,909,8093,0,2,0,8095,A
6-NA,910,0,3,8244,0,8247,G
6-NA,911,8208,1,4,0,8213,A
6-NA,912,0,8271,0,1,8272,T
6-NA,913,8091,1,1,0,8093,A
6-NA,914,0,7990,1,1,7992,T
6-NA,915,7985,0,1,0,7986,A
6-NA,916,7960,0,6,1,7967,A
6-NA,917,8083,2,6,0,8091,A
6-NA,918,1,0,0,8253,8254,C
6-NA,919,8067,0,0,0,8067,A
6-NA,920,0,8035,1,0,8036,T
6-NA,921,7984,0,2,0,7986,A
6-NA,922,7996,0,2,0,7998,A
6-NA,923,7987,0,7,1,7995,A
6-NA,924,2,3,8055,1,8061,G
6-NA,925,0,10,8107,0,8117,G
6-NA,926,7877,1,5,1,7884,A
6-NA,927,1,7905,2,4,7912,T
6-NA,928,9,1,0,7940,7950,C
6-NA,929,7977,0,6,1,7984,A
6-NA,930,0,7993,1,5,7999,T
6-NA,931,7979,0,13,2,7994,A
6-NA,932,2,1,8030,0,8033,G
6-NA,933,1,0,0,7917,7918,C
6-NA,934,7744,1,0,0,7745,A
6-NA,935,0,7437,3,4,7444,T
6-NA,936,0,7494,1,3,7498,T
6-NA,937,1,1,7469,0,7471,G
6-NA,938,2,7447,2,8,7459,T
6-NA,939,11,2,0,7356,7369,C
6-NA,940,0,7801,0,15,7816,T
6-NA,941,7,1,0,7886,7894,C
6-NA,942,3,0,0,7983,7986,C
6-NA,943,8095,0,5,0,8100,A
6-NA,944,0,0,8199,0,8199,G
6-NA,945,0,8169,1,2,8172,T
6-NA,946,0,7787,1,3,7791,T
6-NA,947,7789,0,8,0,7797,A
6-NA,948,0,7573,0,1,7574,T
6-NA,949,6,0,7581,0,7587,G
6-NA,950,0,7481,2,8,7491,T
6-NA,951,0,2,7509,0,7511,G
6-NA,952,2,7277,1,7,7287,T
6-NA,953,2,0,7416,0,7418,G
6-NA,954,0,7393,1,8,7402,T
6-NA,955,0,7383,1,1,7385,T
6-NA,956,11,1,0,7402,7414,C
6-NA,957,7357,1,11,0,7369,A
6-NA,958,3,7,7388,0,7398,G
6-NA,959,0,12,7349,1,7362,G
6-NA,960,7299,2,4,0,7305,A
6-NA,961,0,0,5,7349,7354,C
6-NA,962,0,7152,1,0,7153,T
6-NA,963,0,7183,1,6,7190,T
6-NA,964,0,2,7397,0,7399,G
6-NA,965,0,7371,1,3,7375,T
6-NA,966,0,7397,1,3,7401,T
6-NA,967,2,2,7345,0,7349,G
6-NA,968,4,8,7313,0,7325,G
6-NA,969,7265,2,22,1,7290,A
6-NA,970,0,8,7344,0,7352,G
6-NA,971,7304,1,13,0,7318,A
6-NA,972,1,3,0,7310,7314,C
6-NA,973,7034,0,7,1,7042,A
6-NA,974,1,1,0,7071,7073,C
6-NA,975,7029,0,5,2,7036,A
6-NA,976,2,3,0,7103,7108,C
6-NA,977,8,0,0,6995,7003,C
6-NA,978,5,1,0,7043,7049,C
6-NA,979,7071,1,4,0,7076,A
6-NA,980,1,3,7086,0,7090,G
6-NA,981,7072,0,4,0,7076,A
6-NA,982,7131,0,0,0,7131,A
6-NA,983,7091,0,1,0,7092,A
6-NA,984,7070,0,0,1,7071,A
6-NA,985,7021,0,0,0,7021,A
6-NA,986,7007,0,2,2,7011,A
6-NA,987,0,3,0,7042,7045,C
6-NA,988,1,9,7017,0,7027,G
6-NA,989,6996,1,4,0,7001,A
6-NA,990,0,1,0,7010,7011,C
6-NA,991,6983,2,6,1,6992,A
6-NA,992,4,0,7004,0,7008,G
6-NA,993,1,1,0,7212,7214,C
6-NA,994,1,7136,1,2,7140,T
6-NA,995,10,3,0,7193,7206,C
6-NA,996,4,4,0,7233,7241,C
6-NA,997,7243,0,9,1,7253,A
6-NA,998,1,0,7307,0,7308,G
6-NA,999,1,1,0,7290,7292,C
6-NA,1000,7253,0,0,1,7254,A
6-NA,1001,1,2,7290,0,7293,G
6-NA,1002,0,6958,1,2,6961,T
6-NA,1003,6938,0,4,0,6942,A
6-NA,1004,3,2,6970,0,6975,G
6-NA,1005,0,1,0,6938,6939,C
6-NA,1006,7,1,0,6958,6966,C
6-NA,1007,6894,1,4,1,6900,A
6-NA,1008,0,6892,1,1,6894,T
6-NA,1009,0,6920,0,1,6921,T
6-NA,1010,1,0,7048,0,7049,G
6-NA,1011,0,7019,0,4,7023,T
6-NA,1012,0,6995,0,3,6998,T
6-NA,1013,6,6993,1,1,7001,T
6-NA,1014,1,4,6916,0,6921,G
6-NA,1015,4,10,6984,0,6998,G
6-NA,1016,6955,1,4,0,6960,A
6-NA,1017,2,7038,0,0,7040,T
6-NA,1018,4,2,0,7013,7019,C
6-NA,1019,5,1,0,6929,6935,C
6-NA,1020,6,6940,1,8,6955,T
6-NA,1021,6946,0,6,0,6952,A
6-NA,1022,6956,0,3,0,6959,A
6-NA,1023,1,5,0,7067,7073,C
6-NA,1024,6954,0,2,3,6959,A
6-NA,1025,6960,1,0,0,6961,A
6-NA,1026,0,6899,0,2,6901,T
6-NA,1027,0,0,6892,0,6892,G
6-NA,1028,6796,0,5,0,6801,A
6-NA,1029,1,5,6601,0,6607,G
6-NA,1030,2,6,6697,0,6705,G
6-NA,1031,6677,0,2,0,6679,A
6-NA,1032,6692,0,11,0,6703,A
6-NA,1033,1,3,6736,0,6740,G
6-NA,1034,1,3,6744,0,6748,G
6-NA,1035,0,6603,0,5,6608,T
6-NA,1036,0,7,6646,1,6654,G
6-NA,1037,0,2,6819,0,6821,G
6-NA,1038,1,6680,0,2,6683,T
6-NA,1039,25,0,0,6669,6694,C
6-NA,1040,6707,0,0,0,6707,A
6-NA,1041,0,6733,0,7,6740,T
6-NA,1042,0,8,6719,0,6727,G
6-NA,1043,2,5,6661,0,6668,G
6-NA,1044,1,6,6444,0,6451,G
6-NA,1045,2,0,6726,0,6728,G
6-NA,1046,0,6718,0,6,6724,T
6-NA,1047,5,9,6721,0,6735,G
6-NA,1048,6696,0,2,0,6698,A
6-NA,1049,6712,1,1,0,6714,A
6-NA,1050,6729,1,12,0,6742,A
6-NA,1051,0,1,6740,0,6741,G
6-NA,1052,7,1,6641,0,6649,G
6-NA,1053,3,3,0,6650,6656,C
6-NA,1054,0,6456,2,4,6462,T
6-NA,1055,0,2,6455,0,6457,G
6-NA,1056,1,7,6457,0,6465,G
6-NA,1057,0,2,6507,0,6509,G
6-NA,1058,0,3,0,6488,6491,C
6-NA,1059,1,1,0,6515,6517,C
6-NA,1060,0,6437,2,9,6448,T
6-NA,1061,1,6442,1,9,6453,T
6-NA,1062,0,6495,0,0,6495,T
6-NA,1063,1,8,6499,0,6508,G
6-NA,1064,6476,1,9,2,6488,A
6-NA,1065,0,6448,1,2,6451,T
6-NA,1066,2,3,6351,0,6356,G
6-NA,1067,6272,2,3,0,6277,A
6-NA,1068,0,6303,1,3,6307,T
6-NA,1069,0,4,6315,0,6319,G
6-NA,1070,0,3,6380,1,6384,G
6-NA,1071,6341,0,4,1,6346,A
6-NA,1072,6340,0,3,0,6343,A
6-NA,1073,6344,0,1,0,6345,A
6-NA,1074,0,6329,1,1,6331,T
6-NA,1075,0,7,6358,0,6365,G
6-NA,1076,6308,0,7,1,6316,A
6-NA,1077,0,2,0,6304,6306,C
6-NA,1078,6,0,6341,0,6347,G
6-NA,1079,0,6162,3,5,6170,T
6-NA,1080,0,1,6234,1,6236,G
6-NA,1081,0,6196,1,3,6200,T
6-NA,1082,0,7,6224,0,6231,G
6-NA,1083,3,5,6267,0,6275,G
6-NA,1084,6210,1,2,0,6213,A
6-NA,1085,0,6227,1,2,6230,T
6-NA,1086,0,10,6200,1,6211,G
6-NA,1087,2,4,6182,1,6189,G
6-NA,1088,0,4,6217,0,6221,G
6-NA,1089,6167,0,4,1,6172,A
6-NA,1090,6152,0,6,1,6159,A
6-NA,1091,1,4,6166,0,6171,G
6-NA,1092,6097,0,0,1,6098,A
6-NA,1093,6064,0,10,1,6075,A
6-NA,1094,0,3,0,6067,6070,C
6-NA,1095,4,9,6027,0,6040,G
6-NA,1096,5996,0,4,1,6001,A
6-NA,1097,0,5845,4,0,5849,T
6-NA,1098,6,1,0,5894,5901,C
6-NA,1099,5895,0,3,1,5899,A
6-NA,1100,0,1,5908,0,5909,G
6-NA,1101,0,4,0,5871,5875,C
6-NA,1102,2,7,5888,0,5897,G
6-NA,1103,5853,0,5,0,5858,A
6-NA,1104,0,0,5895,0,5895,G
6-NA,1105,5873,0,3,0,5876,A
6-NA,1106,5889,0,4,0,5893,A
6-NA,1107,2,1,5927,0,5930,G
6-NA,1108,0,5845,0,7,5852,T
6-NA,1109,13,1,0,5825,5839,C
6-NA,1110,5813,1,1,1,5816,A
6-NA,1111,2,2,0,5939,5943,C
6-NA,1112,1,1,5952,0,5954,G
6-NA,1113,1,1,0,5943,5945,C
6-NA,1114,1,5905,0,3,5909,T
6-NA,1115,0,5933,2,2,5937,T
6-NA,1116,5864,1,2,0,5867,A
6-NA,1117,1,6,5973,0,5980,G
6-NA,1118,0,2,5966,0,5968,G
6-NA,1119,1,1,6068,0,6070,G
6-NA,1120,0,5669,1,3,5673,T
6-NA,1121,5696,2,0,0,5698,A
6-NA,1122,0,5683,1,2,5686,T
6-NA,1123,0,6,5667,0,5673,G
6-NA,1124,5668,0,3,0,5671,A
6-NA,1125,5652,0,3,1,5656,A
6-NA,1126,5320,1,6,0,5327,A
6-NA,1127,1,0,0,5373,5374,C
6-NA,1128,5,3,0,5232,5240,C
6-NA,1129,1,5168,0,1,5170,T
6-NA,1130,0,5143,1,4,5148,T
6-NA,1131,6,2,0,5158,5166,C
6-NA,1132,5176,0,2,0,5178,A
6-NA,1133,5178,1,0,3,5182,A
6-NA,1134,5172,0,1,0,5173,A
6-NA,1135,2,0,5196,0,5198,G
6-NA,1136,0,5062,1,3,5066,T
6-NA,1137,15,0,0,5104,5119,C
6-NA,1138,5196,0,1,0,5197,A
6-NA,1139,1,5186,0,3,5190,T
6-NA,1140,0,5201,0,1,5202,T
6-NA,1141,1,3,5208,0,5212,G
6-NA,1142,5169,0,4,0,5173,A
6-NA,1143,5172,1,6,1,5180,A
6-NA,1144,3,1,5208,0,5212,G
6-NA,1145,0,0,5174,0,5174,G
6-NA,1146,0,0,0,5151,5151,C
6-NA,1147,0,4963,0,3,4966,T
6-NA,1148,1,5,5001,1,5008,G
6-NA,1149,0,1,5094,0,5095,G
6-NA,1150,2,5059,0,11,5072,T
6-NA,1151,9,2,0,5030,5041,C
6-NA,1152,6,0,0,5028,5034,C
6-NA,1153,5016,0,3,0,5019,A
6-NA,1154,5034,0,1,0,5035,A
6-NA,1155,0,1,0,5048,5049,C
6-NA,1156,5,0,1,5035,5041,C
6-NA,1157,8,3,1,5032,5044,C
6-NA,1158,0,4839,0,3,4842,T
6-NA,1159,4840,0,0,0,4840,A
6-NA,1160,4833,0,4,0,4837,A
6-NA,1161,1,1,4865,0,4867,G
6-NA,1162,0,4775,0,7,4782,T
6-NA,1163,9,2,0,4773,4784,C
6-NA,1164,6,1,0,4753,4760,C
6-NA,1165,4733,0,0,0,4733,A
6-NA,1166,4724,0,0,0,4724,A
6-NA,1167,4735,1,1,0,4737,A
6-NA,1168,3,4701,0,0,4704,T
6-NA,1169,0,4722,0,1,4723,T
6-NA,1170,0,0,4710,0,4710,G
6-NA,1171,0,2,0,4669,4671,C
6-NA,1172,4674,1,2,0,4677,A
6-NA,1173,0,2,4692,0,4694,G
6-NA,1174,4689,0,0,0,4689,A
6-NA,1175,1,4749,0,0,4750,T
6-NA,1176,4752,0,0,0,4752,A
6-NA,1177,4739,0,1,1,4741,A
6-NA,1178,4747,0,1,0,4748,A
6-NA,1179,0,4708,0,1,4709,T
6-NA,1180,4706,1,6,0,4713,A
6-NA,1181,0,0,4700,0,4700,G
6-NA,1182,4,0,4663,0,4667,G
6-NA,1183,1,2,0,4618,4621,C
6-NA,1184,4474,0,0,0,4474,A
6-NA,1185,4489,0,2,0,4491,A
6-NA,1186,1,0,4536,0,4537,G
6-NA,1187,0,4500,0,8,4508,T
6-NA,1188,9,1,1,4502,4513,C
6-NA,1189,4521,0,5,0,4526,A
6-NA,1190,0,4515,0,1,4516,T
6-NA,1191,4534,0,0,0,4534,A
6-NA,1192,0,0,4534,0,4534,G
6-NA,1193,1,4545,0,1,4547,T
6-NA,1194,0,4374,0,2,4376,T
6-NA,1195,0,6,4307,0,4313,G
6-NA,1196,4275,0,5,0,4280,A
6-NA,1197,0,4,0,4273,4277,C
6-NA,1198,4207,0,4,0,4211,A
6-NA,1199,0,2,4242,0,4244,G
6-NA,1200,4176,0,7,0,4183,A
6-NA,1201,0,3,4297,0,4300,G
6-NA,1202,1,1,4305,0,4307,G
6-NA,1203,0,4253,0,5,4258,T
6-NA,1204,4256,0,1,0,4257,A
6-NA,1205,4250,0,3,0,4253,A
6-NA,1206,0,4236,0,1,4237,T
6-NA,1207,4236,0,0,1,4237,A
6-NA,1208,0,3,4083,0,4086,G
6-NA,1209,1,0,3926,0,3927,G
6-NA,1210,1,3390,0,2,3393,T
6-NA,1211,1,0,0,3345,3346,C
6-NA,1212,1,3,0,3333,3337,C
6-NA,1213,3,4,3339,0,3346,G
6-NA,1214,2,1,3350,0,3353,G
6-NA,1215,0,3351,0,1,3352,T
6-NA,1216,0,3351,1,1,3353,T
6-NA,1217,3274,0,7,0,3281,A
6-NA,1218,0,3189,0,0,3189,T
6-NA,1219,0,3193,0,2,3195,T
6-NA,1220,1,1,1,3174,3177,C
6-NA,1221,1,3006,3,0,3010,T
6-NA,1222,0,0,3013,0,3013,G
6-NA,1223,0,0,3007,0,3007,G
6-NA,1224,1,2987,0,1,2989,T
6-NA,1225,3000,0,0,0,3000,A
6-NA,1226,0,2919,0,6,2925,T
6-NA,1227,0,2936,1,2,2939,T
6-NA,1228,0,2929,0,1,2930,T
6-NA,1229,0,2930,0,2,2932,T
6-NA,1230,1,2,0,2928,2931,C
6-NA,1231,0,2877,0,4,2881,T
6-NA,1232,0,0,0,2922,2922,C
6-NA,1233,0,2911,0,1,2912,T
6-NA,1234,0,0,2964,0,2964,G
6-NA,1235,0,2957,0,2,2959,T
6-NA,1236,0,2927,0,1,2928,T
6-NA,1237,1,2,2934,0,2937,G
6-NA,1238,2898,0,3,0,2901,A
6-NA,1239,2889,1,5,0,2895,A
6-NA,1240,0,1,2914,0,2915,G
6-NA,1241,1,0,2887,0,2888,G
6-NA,1242,0,1,0,2891,2892,C
6-NA,1243,2853,0,2,0,2855,A
6-NA,1244,2839,0,5,3,2847,A
6-NA,1245,2856,0,2,0,2858,A
6-NA,1246,2864,0,1,0,2865,A
6-NA,1247,0,0,2846,0,2846,G
6-NA,1248,0,0,0,2848,2848,C
6-NA,1249,0,2792,0,5,2797,T
6-NA,1250,0,1,2830,1,2832,G
6-NA,1251,0,0,0,2840,2840,C
6-NA,1252,2839,0,0,0,2839,A
6-NA,1253,0,2809,0,5,2814,T
6-NA,1254,5,0,0,2781,2786,C
6-NA,1255,2786,0,1,0,2787,A
6-NA,1256,2798,1,0,0,2799,A
6-NA,1257,0,2768,1,0,2769,T
6-NA,1258,0,0,0,2800,2800,C
6-NA,1259,0,0,2762,0,2762,G
6-NA,1260,1,0,2804,0,2805,G
6-NA,1261,0,2793,0,1,2794,T
6-NA,1262,0,0,2812,0,2812,G
6-NA,1263,1,0,0,2811,2812,C
6-NA,1264,0,2797,0,10,2807,T
6-NA,1265,0,2827,0,0,2827,T
6-NA,1266,0,2833,0,2,2835,T
6-NA,1267,0,2838,1,0,2839,T
6-NA,1268,2863,0,1,0,2864,A
6-NA,1269,0,2739,0,1,2740,T
6-NA,1270,0,0,2749,0,2749,G
6-NA,1271,1,2704,0,1,2706,T
6-NA,1272,2,2,2690,0,2694,G
6-NA,1273,2,3,2719,0,2724,G
6-NA,1274,2670,0,0,0,2670,A
6-NA,1275,0,0,2703,0,2703,G
6-NA,1276,0,2673,0,3,2676,T
6-NA,1277,0,2651,0,3,2654,T
6-NA,1278,0,2,2678,0,2680,G
6-NA,1279,2672,1,3,0,2676,A
6-NA,1280,0,2669,0,1,2670,T
6-NA,1281,2657,0,1,0,2658,A
6-NA,1282,2542,0,5,0,2547,A
6-NA,1283,0,3,2564,0,2567,G
6-NA,1284,1,1,2521,0,2523,G
6-NA,1285,0,0,2502,0,2502,G
6-NA,1286,0,3,2488,0,2491,G
6-NA,1287,2451,1,6,0,2458,A
6-NA,1288,2450,0,0,0,2450,A
6-NA,1289,0,0,2475,0,2475,G
6-NA,1290,2465,0,0,0,2465,A
6-NA,1291,2465,0,1,0,2466,A
6-NA,1292,2430,0,1,0,2431,A
6-NA,1293,2374,0,6,0,2380,A
6-NA,1294,0,0,2384,0,2384,G
6-NA,1295,2370,0,0,0,2370,A
6-NA,1296,1,1,2363,0,2365,G
6-NA,1297,0,0,2358,0,2358,G
6-NA,1298,2343,0,0,0,2343,A
6-NA,1299,2345,0,0,0,2345,A
6-NA,1300,2323,1,2,0,2326,A
6-NA,1301,0,0,0,2348,2348,C
6-NA,1302,0,2330,0,0,2330,T
6-NA,1303,1,1,2339,0,2341,G
6-NA,1304,2335,0,0,0,2335,A
6-NA,1305,2324,0,4,0,2328,A
6-NA,1306,0,0,2341,0,2341,G
6-NA,1307,0,2298,0,1,2299,T
6-NA,1308,3,0,0,2324,2327,C
6-NA,1309,0,2309,0,2,2311,T
6-NA,1310,0,2311,0,1,2312,T
6-NA,1311,0,0,2317,0,2317,G
6-NA,1312,0,2307,0,0,2307,T
6-NA,1313,1,0,2304,0,2305,G
6-NA,1314,0,2,2285,0,2287,G
6-NA,1315,2241,0,0,0,2241,A
6-NA,1316,0,2,0,2244,2246,C
6-NA,1317,3,2,0,2193,2198,C
6-NA,1318,1,2192,1,4,2198,T
6-NA,1319,1,0,0,2213,2214,C
6-NA,1320,2228,0,0,0,2228,A
6-NA,1321,2220,0,3,0,2223,A
6-NA,1322,2223,2,1,0,2226,A
6-NA,1323,0,0,0,2243,2243,C
6-NA,1324,2172,0,1,0,2173,A
6-NA,1325,2,1,2225,0,2228,G
6-NA,1326,1,2198,0,1,2200,T
6-NA,1327,2194,0,0,0,2194,A
6-NA,1328,0,2195,0,0,2195,T
6-NA,1329,0,2155,0,0,2155,T
6-NA,1330,1,0,2172,0,2173,G
6-NA,1331,0,2160,0,2,2162,T
6-NA,1332,0,2080,1,1,2082,T
6-NA,1333,0,0,2089,0,2089,G
6-NA,1334,0,1944,1,0,1945,T
6-NA,1335,0,3,1957,0,1960,G
6-NA,1336,0,1946,1,1,1948,T
6-NA,1337,0,1914,0,1,1915,T
6-NA,1338,0,1927,1,0,1928,T
6-NA,1339,0,1877,0,0,1877,T
6-NA,1340,0,0,1888,0,1888,G
6-NA,1341,0,1878,1,1,1880,T
6-NA,1342,3,0,1874,0,1877,G
6-NA,1343,1,1,1869,0,1871,G
6-NA,1344,0,0,0,1844,1844,C
6-NA,1345,1822,0,2,0,1824,A
6-NA,1346,0,0,0,1856,1856,C
6-NA,1347,2,0,0,1855,1857,C
6-NA,1348,0,1848,0,1,1849,T
6-NA,1349,2,0,0,1859,1861,C
6-NA,1350,1862,0,2,0,1864,A
6-NA,1351,5,0,1876,0,1881,G
6-NA,1352,0,0,1882,0,1882,G
6-NA,1353,0,1870,0,0,1870,T
6-NA,1354,1854,0,1,0,1855,A
6-NA,1355,1,0,1,1746,1748,C
6-NA,1356,1742,0,0,0,1742,A
6-NA,1357,0,1741,1,0,1742,T
6-NA,1358,1694,0,5,0,1699,A
6-NA,1359,0,1692,1,0,1693,T
6-NA,1360,0,1,1577,0,1578,G
6-NA,1361,0,0,1575,0,1575,G
6-NA,1362,1561,0,1,0,1562,A
6-NA,1363,1535,0,0,0,1535,A
6-NA,1364,0,1,0,1517,1518,C
6-NA,1365,1299,0,0,0,1299,A
6-NA,1366,1,0,1311,0,1312,G
6-NA,1367,1,0,1297,0,1298,G
6-NA,1368,1,1,0,1289,1291,C
6-NA,1369,0,1301,0,3,1304,T
6-NA,1370,1,0,0,1234,1235,C
6-NA,1371,1226,0,1,0,1227,A
6-NA,1372,0,1223,1,0,1224,T
6-NA,1373,0,1,1227,0,1228,G
6-NA,1374,0,1,1221,0,1222,G
6-NA,1375,1,0,0,1175,1176,C
6-NA,1376,1,1,0,1170,1172,C
6-NA,1377,0,1106,1,1,1108,T
6-NA,1378,1,0,1104,0,1105,G
6-NA,1379,1104,0,1,0,1105,A
6-NA,1380,1,1105,0,0,1106,T
6-NA,1381,0,2,1088,0,1090,G
6-NA,1382,0,3,1061,0,1064,G
6-NA,1383,0,0,1008,0,1008,G
6-NA,1384,1,0,1006,0,1007,G
6-NA,1385,1,0,0,972,973,C
6-NA,1386,0,0,986,0,986,G
6-NA,1387,0,0,971,0,971,G
6-NA,1388,956,0,2,0,958,A
6-NA,1389,1,0,0,960,961,C
6-NA,1390,965,0,1,0,966,A
6-NA,1391,0,946,0,1,947,T
6-NA,1392,2,1,0,943,946,C
6-NA,1393,938,0,0,0,938,A
6-NA,1394,940,0,0,0,940,A
6-NA,1395,0,925,0,1,926,T
6-NA,1396,0,0,0,905,905,C
6-NA,1397,0,883,0,0,883,T
6-NA,1398,3,0,1,781,785,C
6-NA,1399,782,0,0,0,782,A
6-NA,1400,0,775,0,0,775,T
6-NA,1401,0,1,770,0,771,G
6-NA,1402,0,1,0,761,762,C
6-NA,1403,1,0,0,729,730,C
6-NA,1404,0,663,1,0,664,T
6-NA,1405,653,0,0,0,653,A
6-NA,1406,0,651,0,2,653,T
6-NA,1407,647,0,0,0,647,A
6-NA,1408,0,639,0,0,639,T
6-NA,1409,589,0,0,0,589,A
6-NA,1410,556,0,0,0,556,A
7-M,1,109,0,0,0,109,A
7-M,2,0,109,0,0,109,T
7-M,3,0,0,109,0,109,G
7-M,4,108,0,0,0,108,A
7-M,5,0,0,120,0,120,G
7-M,6,0,0,0,122,122,C
7-M,7,0,0,0,125,125,C
7-M,8,0,150,0,1,151,T
7-M,9,0,154,0,0,154,T
7-M,10,0,0,0,152,152,C
7-M,11,0,152,0,0,152,T
7-M,12,156,0,0,0,156,A
7-M,13,156,0,0,0,156,A
7-M,14,0,0,0,157,157,C
7-M,15,1,0,0,155,156,C
7-M,16,0,0,157,0,157,G
7-M,17,158,0,0,0,158,A
7-M,18,0,0,161,0,161,G
7-M,19,0,0,162,0,162,G
7-M,20,0,161,0,0,161,T
7-M,21,0,0,0,162,162,C
7-M,22,0,0,164,0,164,G
7-M,23,168,0,0,0,168,A
7-M,24,166,0,0,0,166,A
7-M,25,165,0,1,0,166,A
7-M,26,0,0,0,182,182,C
7-M,27,0,0,187,0,187,G
7-M,28,0,187,0,1,188,T
7-M,29,188,0,0,0,188,A
7-M,30,0,190,0,1,191,T
7-M,31,0,0,192,0,192,G
7-M,32,0,194,0,0,194,T
7-M,33,0,219,0,0,219,T
7-M,34,2,0,0,219,221,C
7-M,35,0,219,0,0,219,T
7-M,36,0,0,0,232,232,C
7-M,37,0,233,0,0,233,T
7-M,38,0,0,0,242,242,C
7-M,39,0,241,0,0,241,T
7-M,40,246,0,0,0,246,A
7-M,41,0,246,0,0,246,T
7-M,42,0,0,0,246,246,C
7-M,43,0,0,247,0,247,G
7-M,44,0,246,0,0,246,T
7-M,45,0,245,0,0,245,T
7-M,46,0,0,0,250,250,C
7-M,47,0,0,0,255,255,C
7-M,48,258,0,0,0,258,A
7-M,49,0,259,0,0,259,T
7-M,50,0,0,0,256,256,C
7-M,51,255,0,0,0,255,A
7-M,52,0,0,262,0,262,G
7-M,53,0,0,263,0,263,G
7-M,54,0,0,0,271,271,C
7-M,55,0,0,0,267,267,C
7-M,56,0,0,0,268,268,C
7-M,57,0,0,0,278,278,C
7-M,58,0,0,0,278,278,C
7-M,59,0,278,0,1,279,T
7-M,60,0,0,0,282,282,C
7-M,61,277,0,0,0,277,A
7-M,62,283,0,0,0,283,A
7-M,63,283,0,0,0,283,A
7-M,64,0,0,287,0,287,G
7-M,65,0,0,0,286,286,C
7-M,66,0,0,0,287,287,C
7-M,67,0,3,285,0,288,G
7-M,68,283,0,1,0,284,A
7-M,69,0,0,285,0,285,G
7-M,70,288,0,0,0,288,A
7-M,71,0,293,0,0,293,T
7-M,72,0,0,0,291,291,C
7-M,73,0,0,289,0,289,G
7-M,74,0,0,0,296,296,C
7-M,75,0,0,296,0,296,G
7-M,76,0,0,0,295,295,C
7-M,77,291,0,0,1,292,A
7-M,78,0,0,298,0,298,G
7-M,79,292,0,0,1,293,A
7-M,80,0,0,322,0,322,G
7-M,81,321,0,0,1,322,A
7-M,82,0,0,0,325,325,C
7-M,83,0,325,0,0,325,T
7-M,84,0,325,0,0,325,T
7-M,85,0,0,327,0,327,G
7-M,86,325,0,0,0,325,A
7-M,87,323,0,3,0,326,A
7-M,88,0,0,326,0,326,G
7-M,89,322,0,0,1,323,A
7-M,90,0,322,0,0,322,T
7-M,91,0,1,320,0,321,G
7-M,92,0,324,0,0,324,T
7-M,93,2,0,0,320,322,C
7-M,94,0,323,0,1,324,T
7-M,95,0,325,0,0,325,T
7-M,96,0,325,0,0,325,T
7-M,97,0,0,327,0,327,G
7-M,98,0,0,0,329,329,C
7-M,99,0,326,0,0,326,T
7-M,100,0,0,329,0,329,G
7-M,101,0,0,329,0,329,G
7-M,102,0,0,338,0,338,G
7-M,103,336,0,0,0,336,A
7-M,104,337,0,0,0,337,A
7-M,105,338,0,0,0,338,A
7-M,106,339,0,0,0,339,A
7-M,107,341,0,1,0,342,A
7-M,108,0,0,0,344,344,C
7-M,109,343,0,0,0,343,A
7-M,110,0,0,0,349,349,C
7-M,111,343,0,1,0,344,A
7-M,112,0,0,360,0,360,G
7-M,113,364,0,0,0,364,A
7-M,114,0,368,0,0,368,T
7-M,115,0,0,0,371,371,C
7-M,116,0,370,0,0,370,T
7-M,117,0,369,0,0,369,T
7-M,118,0,0,367,0,367,G
7-M,119,370,0,0,0,370,A
7-M,120,0,0,368,0,368,G
7-M,121,0,0,362,0,362,G
7-M,122,0,0,0,368,368,C
7-M,123,0,367,0,2,369,T
7-M,124,0,0,0,403,403,C
7-M,125,0,404,0,0,404,T
7-M,126,0,0,0,405,405,C
7-M,127,405,0,0,0,405,A
7-M,128,0,406,0,0,406,T
7-M,129,1,1,403,0,405,G
7-M,130,0,0,413,0,413,G
7-M,131,414,0,0,0,414,A
7-M,132,412,0,0,0,412,A
7-M,133,0,391,0,1,392,T
7-M,134,0,0,408,0,408,G
7-M,135,0,0,429,0,429,G
7-M,136,0,0,0,432,432,C
7-M,137,0,433,0,0,433,T
7-M,138,433,0,0,0,433,A
7-M,139,428,0,0,0,428,A
7-M,140,432,1,0,0,433,A
7-M,141,0,0,443,0,443,G
7-M,142,438,0,0,0,438,A
7-M,143,0,0,0,438,438,C
7-M,144,432,0,1,0,433,A
7-M,145,432,0,0,0,432,A
7-M,146,0,0,434,0,434,G
7-M,147,435,0,0,0,435,A
7-M,148,0,0,0,439,439,C
7-M,149,0,0,0,436,436,C
7-M,150,439,0,0,0,439,A
7-M,151,442,0,0,0,442,A
7-M,152,0,441,0,0,441,T
7-M,153,0,438,0,0,438,T
7-M,154,1,0,0,444,445,C
7-M,155,0,442,0,1,443,T
7-M,156,0,0,442,0,442,G
7-M,157,0,445,0,0,445,T
7-M,158,0,0,0,444,444,C
7-M,159,446,0,1,0,447,A
7-M,160,0,0,0,465,465,C
7-M,161,0,0,0,465,465,C
7-M,162,0,458,0,0,458,T
7-M,163,0,0,0,464,464,C
7-M,164,0,465,0,0,465,T
7-M,165,0,0,478,0,478,G
7-M,166,472,0,1,1,474,A
7-M,167,0,0,0,478,478,C
7-M,168,0,479,0,0,479,T
7-M,169,470,0,0,0,470,A
7-M,170,468,0,1,0,469,A
7-M,171,1,1,466,0,468,G
7-M,172,0,0,471,0,471,G
7-M,173,0,0,470,0,470,G
7-M,174,0,0,472,0,472,G
7-M,175,481,0,0,0,481,A
7-M,176,0,484,0,0,484,T
7-M,177,0,482,0,0,482,T
7-M,178,0,480,0,0,480,T
7-M,179,0,480,0,0,480,T
7-M,180,0,0,484,0,484,G
7-M,181,0,0,486,0,486,G
7-M,182,0,0,487,0,487,G
7-M,183,0,0,492,0,492,G
7-M,184,0,485,0,1,486,T
7-M,185,0,489,0,0,489,T
7-M,186,0,489,0,0,489,T
7-M,187,0,0,500,0,500,G
7-M,188,0,496,0,0,496,T
7-M,189,0,0,507,0,507,G
7-M,190,0,506,0,0,506,T
7-M,191,0,506,0,0,506,T
7-M,192,0,0,0,507,507,C
7-M,193,508,0,0,0,508,A
7-M,194,0,0,0,521,521,C
7-M,195,0,0,517,0,517,G
7-M,196,0,0,0,518,518,C
7-M,197,1,518,0,0,519,T
7-M,198,0,0,0,526,526,C
7-M,199,525,1,0,0,526,A
7-M,200,0,0,0,534,534,C
7-M,201,0,0,0,533,533,C
7-M,202,0,0,533,0,533,G
7-M,203,0,527,0,0,527,T
7-M,204,1,0,531,0,532,G
7-M,205,1,0,0,532,533,C
7-M,206,0,0,0,530,530,C
7-M,207,0,0,0,535,535,C
7-M,208,525,0,0,2,527,A
7-M,209,0,0,537,0,537,G
7-M,210,0,535,0,0,535,T
7-M,211,0,2,539,0,541,G
7-M,212,540,0,1,0,541,A
7-M,213,0,0,542,0,542,G
7-M,214,1,0,0,541,542,C
7-M,215,0,0,547,0,547,G
7-M,216,547,0,1,0,548,A
7-M,217,0,0,555,0,555,G
7-M,218,0,0,556,0,556,G
7-M,219,551,0,0,0,551,A
7-M,220,0,0,0,564,564,C
7-M,221,0,556,0,0,556,T
7-M,222,0,1,554,0,555,G
7-M,223,0,0,0,547,547,C
7-M,224,555,0,0,0,555,A
7-M,225,0,0,573,0,573,G
7-M,226,0,0,0,568,568,C
7-M,227,0,0,574,0,574,G
7-M,228,0,573,0,0,573,T
7-M,229,572,0,0,0,572,A
7-M,230,0,0,567,0,567,G
7-M,231,567,0,1,0,568,A
7-M,232,0,0,0,570,570,C
7-M,233,0,0,569,0,569,G
7-M,234,0,0,0,568,568,C
7-M,235,0,569,0,0,569,T
7-M,236,0,570,0,0,570,T
7-M,237,0,569,0,0,569,T
7-M,238,0,0,575,0,575,G
7-M,239,0,573,0,0,573,T
7-M,240,0,0,0,576,576,C
7-M,241,0,0,0,577,577,C
7-M,242,581,0,0,0,581,A
7-M,243,579,0,0,0,579,A
7-M,244,574,0,1,0,575,A
7-M,245,576,0,0,0,576,A
7-M,246,0,574,0,0,574,T
7-M,247,1,0,572,0,573,G
7-M,248,0,0,1,563,564,C
7-M,249,0,0,0,568,568,C
7-M,250,0,0,0,573,573,C
7-M,251,0,578,0,0,578,T
7-M,252,0,0,0,595,595,C
7-M,253,600,0,0,0,600,A
7-M,254,600,0,0,1,601,A
7-M,255,0,600,0,0,600,T
7-M,256,0,3,603,0,606,G
7-M,257,0,0,602,0,602,G
7-M,258,0,0,610,0,610,G
7-M,259,609,0,0,0,609,A
7-M,260,604,0,1,0,605,A
7-M,261,0,594,0,0,594,T
7-M,262,1,1,589,0,591,G
7-M,263,0,1,593,0,594,G
7-M,264,588,0,2,0,590,A
7-M,265,0,1,586,0,587,G
7-M,266,582,0,0,0,582,A
7-M,267,0,0,0,574,574,C
7-M,268,0,0,0,586,586,C
7-M,269,1,0,0,588,589,C
7-M,270,603,0,0,0,603,A
7-M,271,604,0,1,0,605,A
7-M,272,601,0,0,0,601,A
7-M,273,0,607,0,0,607,T
7-M,274,614,0,0,0,614,A
7-M,275,621,0,0,0,621,A
7-M,276,0,1,0,603,604,C
7-M,277,598,0,0,0,598,A
7-M,278,0,594,0,1,595,T
7-M,279,0,1,608,0,609,G
7-M,280,0,1,605,0,606,G
7-M,281,605,0,0,0,605,A
7-M,282,0,0,0,607,607,C
7-M,283,587,0,0,0,587,A
7-M,284,591,0,0,0,591,A
7-M,285,585,0,0,1,586,A
7-M,286,0,0,586,0,586,G
7-M,287,0,0,0,600,600,C
7-M,288,592,0,0,0,592,A
7-M,289,0,0,600,0,600,G
7-M,290,0,600,0,0,600,T
7-M,291,0,601,0,1,602,T
7-M,292,606,0,0,0,606,A
7-M,293,596,0,0,0,596,A
7-M,294,602,0,0,0,602,A
7-M,295,0,0,0,617,617,C
7-M,296,0,600,0,0,600,T
7-M,297,0,0,687,0,687,G
7-M,298,0,672,0,0,672,T
7-M,299,684,0,0,0,684,A
7-M,300,0,682,0,0,682,T
7-M,301,674,0,0,0,674,A
7-M,302,1,0,675,0,676,G
7-M,303,0,0,673,0,673,G
7-M,304,664,0,1,0,665,A
7-M,305,662,0,0,0,662,A
7-M,306,618,0,0,0,618,A
7-M,307,0,0,0,624,624,C
7-M,308,0,623,1,0,624,T
7-M,309,0,627,0,0,627,T
7-M,310,626,0,0,0,626,A
7-M,311,626,0,0,0,626,A
7-M,312,0,0,629,0,629,G
7-M,313,623,0,0,0,623,A
7-M,314,0,0,625,0,625,G
7-M,315,600,0,2,0,602,A
7-M,316,0,0,623,0,623,G
7-M,317,628,0,3,0,631,A
7-M,318,0,1,634,0,635,G
7-M,319,640,0,0,0,640,A
7-M,320,0,639,0,0,639,T
7-M,321,633,0,0,0,633,A
7-M,322,637,0,0,0,637,A
7-M,323,0,0,0,642,642,C
7-M,324,0,0,642,0,642,G
7-M,325,1,639,0,1,641,T
7-M,326,0,638,0,2,640,T
7-M,327,0,0,0,644,644,C
7-M,328,0,0,0,644,644,C
7-M,329,646,0,0,0,646,A
7-M,330,0,642,0,1,643,T
7-M,331,0,1,639,0,640,G
7-M,332,2,0,640,0,642,G
7-M,333,0,1,632,0,633,G
7-M,334,1,0,635,0,636,G
7-M,335,0,1,0,627,628,C
7-M,336,1,0,0,641,642,C
7-M,337,645,0,0,0,645,A
7-M,338,647,0,0,0,647,A
7-M,339,647,0,2,0,649,A
7-M,340,0,1,654,0,655,G
7-M,341,662,0,0,0,662,A
7-M,342,656,0,0,0,656,A
7-M,343,652,1,1,0,654,A
7-M,344,1,646,0,0,647,T
7-M,345,656,0,0,0,656,A
7-M,346,0,0,654,0,654,G
7-M,347,0,0,0,657,657,C
7-M,348,0,654,1,0,655,T
7-M,349,0,0,0,655,655,C
7-M,350,0,651,0,0,651,T
7-M,351,0,0,0,668,668,C
7-M,352,668,0,0,0,668,A
7-M,353,0,0,667,0,667,G
7-M,354,0,660,0,0,660,T
7-M,355,0,663,0,0,663,T
7-M,356,668,0,0,0,668,A
7-M,357,0,668,0,0,668,T
7-M,358,0,662,0,1,663,T
7-M,359,0,0,0,662,662,C
7-M,360,0,652,0,0,652,T
7-M,361,0,0,663,0,663,G
7-M,362,0,0,0,667,667,C
7-M,363,0,659,0,0,659,T
7-M,364,2,0,658,0,660,G
7-M,365,0,0,660,0,660,G
7-M,366,0,661,0,1,662,T
7-M,367,0,0,660,0,660,G
7-M,368,2,0,0,656,658,C
7-M,369,657,0,0,0,657,A
7-M,370,0,0,0,663,663,C
7-M,371,0,655,0,0,655,T
7-M,372,0,670,0,0,670,T
7-M,373,0,0,665,0,665,G
7-M,374,0,0,0,661,661,C
7-M,375,1,0,0,663,664,C
7-M,376,658,0,0,1,659,A
7-M,377,0,0,678,0,678,G
7-M,378,0,673,0,1,674,T
7-M,379,0,676,0,0,676,T
7-M,380,0,1,675,0,676,G
7-M,381,0,657,0,0,657,T
7-M,382,678,0,1,0,679,A
7-M,383,0,682,0,0,682,T
7-M,384,0,0,679,0,679,G
7-M,385,1,1,679,0,681,G
7-M,386,0,1,684,0,685,G
7-M,387,0,1,0,684,685,C
7-M,388,0,0,0,699,699,C
7-M,389,0,690,0,2,692,T
7-M,390,0,0,1,694,695,C
7-M,391,720,0,0,0,720,A
7-M,392,0,723,0,0,723,T
7-M,393,740,0,0,1,741,A
7-M,394,0,741,0,0,741,T
7-M,395,726,0,0,1,727,A
7-M,396,0,1,0,773,774,C
7-M,397,746,0,0,0,746,A
7-M,398,751,0,0,0,751,A
7-M,399,0,749,0,0,749,T
7-M,400,723,0,0,0,723,A
7-M,401,1,2,732,0,735,G
7-M,402,0,0,723,0,723,G
7-M,403,722,0,2,0,724,A
7-M,404,0,719,0,0,719,T
7-M,405,0,0,686,1,687,G
7-M,406,0,0,681,0,681,G
7-M,407,0,4,681,0,685,G
7-M,408,0,0,690,1,691,G
7-M,409,0,0,694,0,694,G
7-M,410,0,0,0,690,690,C
7-M,411,0,681,0,0,681,T
7-M,412,0,0,682,0,682,G
7-M,413,0,683,0,0,683,T
7-M,414,685,0,0,0,685,A
7-M,415,683,0,1,0,684,A
7-M,416,0,1,0,682,683,C
7-M,417,0,0,0,675,675,C
7-M,418,662,0,0,0,662,A
7-M,419,0,0,0,666,666,C
7-M,420,0,666,0,0,666,T
7-M,421,0,1,672,0,673,G
7-M,422,662,0,0,0,662,A
7-M,423,667,0,0,0,667,A
7-M,424,0,0,666,0,666,G
7-M,425,0,656,0,0,656,T
7-M,426,0,1,663,0,664,G
7-M,427,0,0,662,0,662,G
7-M,428,0,0,0,663,663,C
7-M,429,662,0,0,0,662,A
7-M,430,0,656,0,1,657,T
7-M,431,0,657,0,0,657,T
7-M,432,0,661,0,0,661,T
7-M,433,0,0,671,0,671,G
7-M,434,0,0,664,0,664,G
7-M,435,0,0,0,672,672,C
7-M,436,1,0,0,673,674,C
7-M,437,0,669,0,0,669,T
7-M,438,0,0,711,0,711,G
7-M,439,0,0,719,0,719,G
7-M,440,0,718,0,0,718,T
7-M,441,720,0,1,0,721,A
7-M,442,0,696,0,0,696,T
7-M,443,1,0,714,1,716,G
7-M,444,0,717,0,1,718,T
7-M,445,0,0,715,0,715,G
7-M,446,0,0,1,714,715,C
7-M,447,698,0,0,0,698,A
7-M,448,694,0,1,0,695,A
7-M,449,0,0,0,709,709,C
7-M,450,706,0,0,0,706,A
7-M,451,0,709,0,0,709,T
7-M,452,0,0,697,0,697,G
7-M,453,0,678,0,1,679,T
7-M,454,0,1,680,0,681,G
7-M,455,677,0,0,0,677,A
7-M,456,0,0,677,0,677,G
7-M,457,0,0,0,671,671,C
7-M,458,652,0,0,0,652,A
7-M,459,0,0,658,0,658,G
7-M,460,654,0,0,0,654,A
7-M,461,0,652,0,0,652,T
7-M,462,0,649,0,0,649,T
7-M,463,0,0,652,0,652,G
7-M,464,0,0,0,649,649,C
7-M,465,0,653,0,1,654,T
7-M,466,0,0,652,0,652,G
7-M,467,644,0,0,0,644,A
7-M,468,0,0,0,683,683,C
7-M,469,0,679,0,0,679,T
7-M,470,0,0,0,677,677,C
7-M,471,0,0,0,682,682,C
7-M,472,1,0,0,690,691,C
7-M,473,680,0,1,0,681,A
7-M,474,0,0,681,0,681,G
7-M,475,0,0,0,680,680,C
7-M,476,681,0,1,0,682,A
7-M,477,0,0,0,676,676,C
7-M,478,630,0,0,0,630,A
7-M,479,0,2,643,0,645,G
7-M,480,0,0,644,0,644,G
7-M,481,0,641,0,0,641,T
7-M,482,3,0,0,653,656,C
7-M,483,0,654,0,1,655,T
7-M,484,2,0,0,656,658,C
7-M,485,656,0,1,0,657,A
7-M,486,0,657,0,0,657,T
7-M,487,659,0,0,1,660,A
7-M,488,0,1,647,0,648,G
7-M,489,0,0,645,0,645,G
7-M,490,0,0,0,648,648,C
7-M,491,617,0,0,0,617,A
7-M,492,0,0,617,0,617,G
7-M,493,627,0,0,0,627,A
7-M,494,0,627,0,0,627,T
7-M,495,4,1,623,0,628,G
7-M,496,0,0,625,0,625,G
7-M,497,0,626,0,0,626,T
7-M,498,0,1,634,0,635,G
7-M,499,0,0,634,0,634,G
7-M,500,0,0,0,631,631,C
7-M,501,625,0,1,0,626,A
7-M,502,628,0,0,0,628,A
7-M,503,0,0,0,636,636,C
7-M,504,635,0,0,0,635,A
7-M,505,638,0,0,0,638,A
7-M,506,0,0,0,638,638,C
7-M,507,2,0,0,628,630,C
7-M,508,623,0,0,0,623,A
7-M,509,624,0,0,0,624,A
7-M,510,0,624,0,0,624,T
7-M,511,0,0,0,627,627,C
7-M,512,0,0,0,620,620,C
7-M,513,616,1,0,0,617,A
7-M,514,0,615,0,0,615,T
7-M,515,0,613,0,0,613,T
7-M,516,611,1,0,0,612,A
7-M,517,614,0,0,0,614,A
7-M,518,0,613,0,0,613,T
7-M,519,606,0,0,0,606,A
7-M,520,605,0,0,0,605,A
7-M,521,598,0,0,0,598,A
7-M,522,600,0,0,0,600,A
7-M,523,0,0,0,618,618,C
7-M,524,617,0,0,0,617,A
7-M,525,0,618,0,0,618,T
7-M,526,0,2,609,0,611,G
7-M,527,613,0,0,0,613,A
7-M,528,0,0,621,0,621,G
7-M,529,619,0,0,0,619,A
7-M,530,619,0,0,0,619,A
7-M,531,1,0,0,620,621,C
7-M,532,614,0,0,0,614,A
7-M,533,0,0,615,0,615,G
7-M,534,608,0,0,0,608,A
7-M,535,612,0,0,0,612,A
7-M,536,0,608,0,0,608,T
7-M,537,1,1,609,0,611,G
7-M,538,0,0,610,0,610,G
7-M,539,0,603,0,1,604,T
7-M,540,0,590,1,0,591,T
7-M,541,0,605,1,0,606,T
7-M,542,0,612,0,0,612,T
7-M,543,0,0,613,0,613,G
7-M,544,0,0,615,1,616,G
7-M,545,0,0,0,612,612,C
7-M,546,0,0,0,623,623,C
7-M,547,615,0,0,0,615,A
7-M,548,0,0,629,0,629,G
7-M,549,0,0,0,634,634,C
7-M,550,636,0,0,0,636,A
7-M,551,0,0,0,649,649,C
7-M,552,0,646,0,1,647,T
7-M,553,645,0,2,0,647,A
7-M,554,0,0,0,653,653,C
7-M,555,668,0,0,0,668,A
7-M,556,0,0,678,0,678,G
7-M,557,0,0,0,656,656,C
7-M,558,0,651,0,0,651,T
7-M,559,645,0,0,0,645,A
7-M,560,636,0,1,0,637,A
7-M,561,0,0,631,0,631,G
7-M,562,0,0,633,0,633,G
7-M,563,0,0,1,632,633,C
7-M,564,0,615,1,1,617,T
7-M,565,608,0,0,0,608,A
7-M,566,0,611,0,0,611,T
7-M,567,0,0,611,0,611,G
7-M,568,0,0,612,0,612,G
7-M,569,603,0,1,0,604,A
7-M,570,0,0,603,0,603,G
7-M,571,0,0,0,594,594,C
7-M,572,596,0,0,0,596,A
7-M,573,595,0,0,0,595,A
7-M,574,586,0,0,0,586,A
7-M,575,0,588,0,0,588,T
7-M,576,0,0,592,0,592,G
7-M,577,0,0,587,0,587,G
7-M,578,0,0,0,585,585,C
7-M,579,0,585,0,0,585,T
7-M,580,0,0,588,0,588,G
7-M,581,0,0,591,0,591,G
7-M,582,592,0,0,0,592,A
7-M,583,0,589,0,0,589,T
7-M,584,1,0,0,585,586,C
7-M,585,583,0,0,0,583,A
7-M,586,584,0,0,0,584,A
7-M,587,0,2,583,0,585,G
7-M,588,0,585,0,0,585,T
7-M,589,0,4,581,0,585,G
7-M,590,582,0,1,0,583,A
7-M,591,569,0,1,0,570,A
7-M,592,0,0,0,576,576,C
7-M,593,578,0,1,0,579,A
7-M,594,0,2,581,0,583,G
7-M,595,1,0,565,0,566,G
7-M,596,0,0,0,580,580,C
7-M,597,574,0,0,0,574,A
7-M,598,0,0,577,0,577,G
7-M,599,0,0,0,581,581,C
7-M,600,0,3,575,0,578,G
7-M,601,0,0,579,0,579,G
7-M,602,573,0,0,0,573,A
7-M,603,0,0,573,0,573,G
7-M,604,0,0,580,0,580,G
7-M,605,0,0,1,580,581,C
7-M,606,0,0,0,587,587,C
7-M,607,581,0,0,0,581,A
7-M,608,0,575,0,0,575,T
7-M,609,0,0,589,0,589,G
7-M,610,0,0,588,0,588,G
7-M,611,577,0,1,0,578,A
7-M,612,0,2,585,0,587,G
7-M,613,570,0,0,0,570,A
7-M,614,0,586,0,0,586,T
7-M,615,0,587,0,0,587,T
7-M,616,0,0,588,0,588,G
7-M,617,0,0,0,579,579,C
7-M,618,0,584,0,0,584,T
7-M,619,588,0,0,0,588,A
7-M,620,3,0,584,0,587,G
7-M,621,0,581,0,0,581,T
7-M,622,0,0,0,585,585,C
7-M,623,577,0,0,0,577,A
7-M,624,0,1,585,0,586,G
7-M,625,0,0,587,0,587,G
7-M,626,0,0,0,582,582,C
7-M,627,1,0,0,585,586,C
7-M,628,588,0,0,0,588,A
7-M,629,0,0,591,0,591,G
7-M,630,0,0,590,0,590,G
7-M,631,1,0,0,584,585,C
7-M,632,589,0,1,0,590,A
7-M,633,0,1,583,0,584,G
7-M,634,573,0,0,0,573,A
7-M,635,0,573,0,0,573,T
7-M,636,0,0,578,0,578,G
7-M,637,0,0,595,0,595,G
7-M,638,1,578,0,0,579,T
7-M,639,0,0,584,0,584,G
7-M,640,0,0,0,578,578,C
7-M,641,586,0,1,0,587,A
7-M,642,0,0,600,0,600,G
7-M,643,0,0,598,0,598,G
7-M,644,0,0,1,606,607,C
7-M,645,601,1,0,0,602,A
7-M,646,584,0,0,0,584,A
7-M,647,0,586,0,0,586,T
7-M,648,0,1,583,0,584,G
7-M,649,581,0,0,0,581,A
7-M,650,1,0,581,0,582,G
7-M,651,571,0,1,0,572,A
7-M,652,0,0,569,0,569,G
7-M,653,0,0,0,567,567,C
7-M,654,0,0,0,580,580,C
7-M,655,579,0,0,0,579,A
7-M,656,0,579,0,0,579,T
7-M,657,0,580,0,0,580,T
7-M,658,0,0,578,0,578,G
7-M,659,1,1,575,0,577,G
7-M,660,0,0,579,0,579,G
7-M,661,575,1,0,0,576,A
7-M,662,0,0,0,565,565,C
7-M,663,0,552,0,0,552,T
7-M,664,1,0,0,554,555,C
7-M,665,549,0,0,0,549,A
7-M,666,0,567,0,1,568,T
7-M,667,0,0,0,575,575,C
7-M,668,1,0,0,567,568,C
7-M,669,0,567,0,0,567,T
7-M,670,568,0,0,0,568,A
7-M,671,0,0,574,0,574,G
7-M,672,0,594,0,0,594,T
7-M,673,0,583,0,0,583,T
7-M,674,1,0,0,580,581,C
7-M,675,0,0,0,559,559,C
7-M,676,558,0,0,0,558,A
7-M,677,0,0,568,0,568,G
7-M,678,0,569,0,0,569,T
7-M,679,558,0,0,0,558,A
7-M,680,0,0,0,561,561,C
7-M,681,0,529,0,0,529,T
7-M,682,0,0,547,0,547,G
7-M,683,0,0,544,0,544,G
7-M,684,0,539,0,0,539,T
7-M,685,0,533,0,0,533,T
7-M,686,1,540,0,0,541,T
7-M,687,541,0,0,0,541,A
7-M,688,544,0,0,0,544,A
7-M,689,0,0,548,0,548,G
7-M,690,537,0,0,0,537,A
7-M,691,0,0,528,0,528,G
7-M,692,511,0,1,0,512,A
7-M,693,0,507,0,1,508,T
7-M,694,0,1,513,0,514,G
7-M,695,508,0,0,0,508,A
7-M,696,0,503,0,0,503,T
7-M,697,1,0,0,505,506,C
7-M,698,0,501,0,0,501,T
7-M,699,0,506,0,0,506,T
7-M,700,0,0,0,508,508,C
7-M,701,0,509,0,0,509,T
7-M,702,0,509,0,0,509,T
7-M,703,0,0,510,0,510,G
7-M,704,505,0,1,0,506,A
7-M,705,507,0,0,0,507,A
7-M,706,502,0,1,0,503,A
7-M,707,504,0,0,0,504,A
7-M,708,0,507,0,1,508,T
7-M,709,0,504,0,1,505,T
7-M,710,0,506,0,0,506,T
7-M,711,0,0,507,0,507,G
7-M,712,0,0,0,506,506,C
7-M,713,508,0,1,0,509,A
7-M,714,0,0,509,0,509,G
7-M,715,501,0,0,0,501,A
7-M,716,0,0,0,518,518,C
7-M,717,0,0,0,514,514,C
7-M,718,0,513,0,2,515,T
7-M,719,523,0,0,0,523,A
7-M,720,0,521,0,0,521,T
7-M,721,0,0,0,523,523,C
7-M,722,523,0,0,0,523,A
7-M,723,0,1,520,0,521,G
7-M,724,519,0,0,0,519,A
7-M,725,503,0,1,0,504,A
7-M,726,499,0,0,0,499,A
7-M,727,0,0,0,504,504,C
7-M,728,0,3,501,0,504,G
7-M,729,499,0,0,0,499,A
7-M,730,502,0,0,0,502,A
7-M,731,0,504,0,0,504,T
7-M,732,0,0,504,0,504,G
7-M,733,0,0,506,0,506,G
7-M,734,0,0,511,0,511,G
7-M,735,0,0,508,0,508,G
7-M,736,0,0,517,0,517,G
7-M,737,0,509,0,0,509,T
7-M,738,0,0,506,0,506,G
7-M,739,0,0,0,506,506,C
7-M,740,511,0,0,0,511,A
7-M,741,0,0,513,0,513,G
7-M,742,498,0,0,0,498,A
7-M,743,0,497,0,0,497,T
7-M,744,0,0,490,0,490,G
7-M,745,0,0,0,489,489,C
7-M,746,487,0,0,0,487,A
7-M,747,485,0,2,0,487,A
7-M,748,0,0,0,482,482,C
7-M,749,0,2,482,0,484,G
7-M,750,481,0,0,0,481,A
7-M,751,0,479,0,0,479,T
7-M,752,0,478,0,0,478,T
7-M,753,2,0,0,482,484,C
7-M,754,481,0,0,0,481,A
7-M,755,482,0,0,0,482,A
7-M,756,0,0,481,0,481,G
7-M,757,0,474,0,0,474,T
7-M,758,0,1,471,0,472,G
7-M,759,464,0,1,0,465,A
7-M,760,0,0,0,467,467,C
7-M,761,0,0,0,467,467,C
7-M,762,1,1,0,465,467,C
7-M,763,1,1,466,0,468,G
7-M,764,0,0,0,464,464,C
7-M,765,0,470,0,0,470,T
7-M,766,0,473,0,0,473,T
7-M,767,0,0,470,0,470,G
7-M,768,0,470,0,0,470,T
7-M,769,0,470,0,0,470,T
7-M,770,0,0,472,0,472,G
7-M,771,0,455,0,0,455,T
7-M,772,0,447,0,1,448,T
7-M,773,0,0,446,0,446,G
7-M,774,1,0,0,435,436,C
7-M,775,0,0,0,442,442,C
7-M,776,0,1,448,0,449,G
7-M,777,0,0,0,439,439,C
7-M,778,0,2,449,0,451,G
7-M,779,453,0,0,0,453,A
7-M,780,458,0,0,0,458,A
7-M,781,0,464,0,0,464,T
7-M,782,462,0,0,0,462,A
7-M,783,1,464,0,0,465,T
7-M,784,2,0,0,472,474,C
7-M,785,468,0,0,0,468,A
7-M,786,0,468,0,1,469,T
7-M,787,0,469,0,0,469,T
7-M,788,0,1,466,0,467,G
7-M,789,0,0,464,0,464,G
7-M,790,0,2,466,0,468,G
7-M,791,461,0,0,0,461,A
7-M,792,0,455,0,0,455,T
7-M,793,0,0,0,441,441,C
7-M,794,0,442,0,0,442,T
7-M,795,0,439,0,3,442,T
7-M,796,0,0,448,0,448,G
7-M,797,0,1,0,449,450,C
7-M,798,450,0,0,0,450,A
7-M,799,0,0,0,453,453,C
7-M,800,0,447,0,0,447,T
7-M,801,0,448,0,1,449,T
7-M,802,0,0,452,0,452,G
7-M,803,454,0,0,0,454,A
7-M,804,0,452,0,0,452,T
7-M,805,450,0,0,0,450,A
7-M,806,0,448,0,0,448,T
7-M,807,0,446,0,0,446,T
7-M,808,0,0,452,0,452,G
7-M,809,0,449,0,0,449,T
7-M,810,0,1,447,0,448,G
7-M,811,0,1,446,0,447,G
7-M,812,428,0,0,0,428,A
7-M,813,0,433,0,0,433,T
7-M,814,0,431,0,0,431,T
7-M,815,0,0,0,430,430,C
7-M,816,0,426,0,1,427,T
7-M,817,0,424,0,1,425,T
7-M,818,0,0,424,0,424,G
7-M,819,424,0,0,0,424,A
7-M,820,0,418,0,0,418,T
7-M,821,0,1,0,417,418,C
7-M,822,0,0,417,0,417,G
7-M,823,0,418,0,0,418,T
7-M,824,2,0,0,415,417,C
7-M,825,0,416,0,1,417,T
7-M,826,0,415,0,0,415,T
7-M,827,0,415,0,0,415,T
7-M,828,0,418,0,0,418,T
7-M,829,0,417,0,0,417,T
7-M,830,0,419,0,0,419,T
7-M,831,0,418,0,1,419,T
7-M,832,0,0,0,419,419,C
7-M,833,420,0,0,0,420,A
7-M,834,421,0,0,0,421,A
7-M,835,419,0,0,0,419,A
7-M,836,0,421,0,0,421,T
7-M,837,0,0,419,0,419,G
7-M,838,0,0,0,416,416,C
7-M,839,2,0,414,0,416,G
7-M,840,0,424,0,2,426,T
7-M,841,1,0,0,423,424,C
7-M,842,0,423,0,1,424,T
7-M,843,425,0,0,0,425,A
7-M,844,0,420,0,1,421,T
7-M,845,0,0,0,425,425,C
7-M,846,0,1,423,0,424,G
7-M,847,420,0,0,0,420,A
7-M,848,0,0,0,423,423,C
7-M,849,0,404,0,1,405,T
7-M,850,0,0,0,416,416,C
7-M,851,0,412,0,2,414,T
7-M,852,0,416,0,0,416,T
7-M,853,0,0,0,418,418,C
7-M,854,420,0,0,0,420,A
7-M,855,416,0,0,0,416,A
7-M,856,420,0,0,0,420,A
7-M,857,0,0,0,420,420,C
7-M,858,413,0,0,0,413,A
7-M,859,0,0,0,397,397,C
7-M,860,0,1,386,0,387,G
7-M,861,0,0,394,0,394,G
7-M,862,0,0,0,385,385,C
7-M,863,0,0,0,390,390,C
7-M,864,0,394,0,0,394,T
7-M,865,0,398,0,0,398,T
7-M,866,394,0,0,0,394,A
7-M,867,394,0,0,0,394,A
7-M,868,399,0,0,0,399,A
7-M,869,392,0,1,0,393,A
7-M,870,0,0,388,0,388,G
7-M,871,344,0,0,0,344,A
7-M,872,0,0,344,0,344,G
7-M,873,0,0,345,0,345,G
7-M,874,0,0,0,344,344,C
7-M,875,0,0,0,344,344,C
7-M,876,0,0,0,344,344,C
7-M,877,0,349,0,0,349,T
7-M,878,0,351,0,0,351,T
7-M,879,1,0,0,349,350,C
7-M,880,0,347,0,0,347,T
7-M,881,350,0,0,0,350,A
7-M,882,0,0,0,350,350,C
7-M,883,0,0,344,0,344,G
7-M,884,0,0,346,0,346,G
7-M,885,338,0,1,0,339,A
7-M,886,338,0,0,0,338,A
7-M,887,0,0,337,0,337,G
7-M,888,0,0,335,0,335,G
7-M,889,333,0,0,0,333,A
7-M,890,0,0,335,0,335,G
7-M,891,0,333,0,0,333,T
7-M,892,331,0,0,0,331,A
7-M,893,0,0,0,329,329,C
7-M,894,0,0,0,329,329,C
7-M,895,0,330,0,0,330,T
7-M,896,0,1,326,0,327,G
7-M,897,308,0,0,0,308,A
7-M,898,0,0,316,0,316,G
7-M,899,0,296,0,1,297,T
7-M,900,1,0,0,296,297,C
7-M,901,0,284,0,0,284,T
7-M,902,282,0,0,0,282,A
7-M,903,0,281,0,1,282,T
7-M,904,0,0,281,0,281,G
7-M,905,272,0,0,0,272,A
7-M,906,0,0,270,0,270,G
7-M,907,0,0,252,0,252,G
7-M,908,0,0,254,0,254,G
7-M,909,255,0,0,0,255,A
7-M,910,247,2,0,0,249,A
7-M,911,0,0,252,0,252,G
7-M,912,249,0,1,0,250,A
7-M,913,253,0,0,0,253,A
7-M,914,0,251,0,0,251,T
7-M,915,243,0,0,0,243,A
7-M,916,0,245,0,0,245,T
7-M,917,0,2,0,233,235,C
7-M,918,0,0,239,0,239,G
7-M,919,237,0,0,0,237,A
7-M,920,238,0,0,0,238,A
7-M,921,236,0,1,0,237,A
7-M,922,0,0,235,0,235,G
7-M,923,0,1,240,0,241,G
7-M,924,238,0,0,0,238,A
7-M,925,238,0,0,0,238,A
7-M,926,0,1,0,239,240,C
7-M,927,237,0,0,0,237,A
7-M,928,0,0,242,0,242,G
7-M,929,0,0,0,239,239,C
7-M,930,239,0,0,0,239,A
7-M,931,0,0,240,0,240,G
7-M,932,227,0,0,0,227,A
7-M,933,226,0,0,0,226,A
7-M,934,0,225,0,1,226,T
7-M,935,0,1,219,0,220,G
7-M,936,0,0,0,217,217,C
7-M,937,0,203,0,0,203,T
7-M,938,0,0,204,0,204,G
7-M,939,0,204,0,0,204,T
7-M,940,0,0,204,0,204,G
7-M,941,0,0,204,0,204,G
7-M,942,199,0,0,0,199,A
7-M,943,0,197,0,0,197,T
7-M,944,0,0,187,0,187,G
7-M,945,0,0,0,186,186,C
7-M,946,0,177,0,0,177,T
7-M,947,1,0,174,0,175,G
7-M,948,173,0,0,0,173,A
7-M,949,0,0,0,173,173,C
7-M,950,0,0,169,0,169,G
7-M,951,170,0,0,0,170,A
7-M,952,0,0,0,170,170,C
7-M,953,163,0,0,0,163,A
7-M,954,0,0,163,0,163,G
7-M,955,0,163,0,0,163,T
7-M,956,3,0,0,158,161,C
7-M,957,159,0,0,0,159,A
7-M,958,0,158,0,0,158,T
7-M,959,0,158,0,0,158,T
7-M,960,0,159,0,0,159,T
7-M,961,0,153,0,0,153,T
7-M,962,0,0,153,0,153,G
7-M,963,0,148,0,0,148,T
7-M,964,0,0,0,149,149,C
7-M,965,137,0,0,0,137,A
7-M,966,0,0,135,0,135,G
7-M,967,0,0,0,136,136,C
7-M,968,137,0,0,0,137,A
7-M,969,0,136,0,0,136,T
7-M,970,129,0,0,0,129,A
7-M,971,0,0,129,0,129,G
7-M,972,127,0,0,0,127,A
7-M,973,0,0,128,0,128,G
7-M,974,0,126,0,0,126,T
7-M,975,0,85,0,0,85,T
7-M,976,1,0,86,0,87,G
7-M,977,0,0,85,0,85,G
7-M,978,85,0,0,0,85,A
7-M,979,0,0,86,0,86,G
7-M,980,0,56,0,0,56,T
7-M,981,57,0,0,0,57,A
7-M,982,57,0,0,0,57,A
8-NS,1,383,0,0,0,383,A
8-NS,2,0,380,0,0,380,T
8-NS,3,0,0,404,0,404,G
8-NS,4,0,1,428,0,429,G
8-NS,5,453,0,0,0,453,A
8-NS,6,0,950,0,0,950,T
8-NS,7,0,954,0,1,955,T
8-NS,8,0,0,0,981,981,C
8-NS,9,1,1,0,981,983,C
8-NS,10,987,0,0,0,987,A
8-NS,11,990,0,0,0,990,A
8-NS,12,0,0,0,991,991,C
8-NS,13,996,0,1,0,997,A
8-NS,14,0,0,0,1006,1006,C
8-NS,15,2,1002,0,0,1004,T
8-NS,16,1,0,1110,0,1111,G
8-NS,17,0,1104,0,1,1105,T
8-NS,18,1,0,1122,0,1123,G
8-NS,19,0,1127,0,2,1129,T
8-NS,20,0,0,0,1131,1131,C
8-NS,21,1133,0,1,0,1134,A
8-NS,22,1133,0,0,0,1133,A
8-NS,23,2,0,1150,0,1152,G
8-NS,24,0,1182,0,0,1182,T
8-NS,25,0,1181,0,0,1181,T
8-NS,26,0,1185,0,0,1185,T
8-NS,27,2,0,0,1181,1183,C
8-NS,28,1,1,0,1194,1196,C
8-NS,29,1192,0,1,0,1193,A
8-NS,30,0,1,1203,0,1204,G
8-NS,31,1,0,1199,0,1200,G
8-NS,32,0,1169,0,0,1169,T
8-NS,33,1212,0,0,0,1212,A
8-NS,34,2,2,1217,0,1221,G
8-NS,35,1214,0,0,0,1214,A
8-NS,36,0,1220,0,2,1222,T
8-NS,37,1,1229,0,0,1230,T
8-NS,38,0,0,1233,0,1233,G
8-NS,39,0,0,0,1235,1235,C
8-NS,40,0,1239,0,0,1239,T
8-NS,41,0,1249,0,0,1249,T
8-NS,42,0,1258,0,0,1258,T
8-NS,43,0,0,0,1287,1287,C
8-NS,44,0,1283,0,1,1284,T
8-NS,45,0,1285,0,0,1285,T
8-NS,46,0,1285,0,1,1286,T
8-NS,47,1,2,1289,0,1292,G
8-NS,48,0,0,1285,0,1285,G
8-NS,49,0,0,0,1302,1302,C
8-NS,50,1298,1,2,0,1301,A
8-NS,51,0,1305,0,0,1305,T
8-NS,52,1311,0,0,0,1311,A
8-NS,53,0,1403,0,0,1403,T
8-NS,54,0,0,0,1412,1412,C
8-NS,55,0,0,0,1413,1413,C
8-NS,56,1,0,1408,0,1409,G
8-NS,57,0,1402,1,0,1403,T
8-NS,58,1421,1,1,0,1423,A
8-NS,59,1427,0,0,0,1427,A
8-NS,60,1426,0,2,0,1428,A
8-NS,61,0,0,0,1440,1440,C
8-NS,62,1421,0,0,0,1421,A
8-NS,63,1417,0,2,0,1419,A
8-NS,64,0,0,1486,0,1486,G
8-NS,65,0,1485,0,0,1485,T
8-NS,66,0,1494,0,1,1495,T
8-NS,67,0,0,1499,0,1499,G
8-NS,68,0,1492,0,2,1494,T
8-NS,69,1499,1,2,0,1502,A
8-NS,70,0,5,1498,1,1504,G
8-NS,71,1593,0,0,0,1593,A
8-NS,72,0,0,0,1622,1622,C
8-NS,73,1,0,0,1597,1598,C
8-NS,74,1595,0,1,0,1596,A
8-NS,75,1602,0,0,0,1602,A
8-NS,76,0,2,1675,0,1677,G
8-NS,77,1668,0,2,0,1670,A
8-NS,78,1689,0,0,0,1689,A
8-NS,79,0,1,0,1695,1696,C
8-NS,80,0,1653,1,0,1654,T
8-NS,81,0,0,1682,0,1682,G
8-NS,82,1653,0,0,0,1653,A
8-NS,83,0,0,1712,0,1712,G
8-NS,84,1,1708,0,0,1709,T
8-NS,85,0,1,1700,0,1701,G
8-NS,86,1709,0,0,0,1709,A
8-NS,87,0,1707,0,0,1707,T
8-NS,88,0,2,1722,0,1724,G
8-NS,89,0,0,0,1756,1756,C
8-NS,90,1,0,1,1751,1753,C
8-NS,91,1,0,0,1767,1768,C
8-NS,92,1,0,0,1756,1757,C
8-NS,93,1762,0,0,0,1762,A
8-NS,94,0,1800,0,0,1800,T
8-NS,95,0,1831,0,1,1832,T
8-NS,96,2,1,1,1835,1839,C
8-NS,97,3,2,0,1828,1833,C
8-NS,98,0,1834,0,6,1840,T
8-NS,99,0,1831,0,1,1832,T
8-NS,100,0,3,1826,0,1829,G
8-NS,101,1808,0,0,0,1808,A
8-NS,102,0,1838,0,0,1838,T
8-NS,103,3,0,0,1816,1819,C
8-NS,104,1,1,1798,0,1800,G
8-NS,105,0,0,1802,0,1802,G
8-NS,106,0,0,0,1817,1817,C
8-NS,107,0,1815,0,1,1816,T
8-NS,108,0,1832,0,0,1832,T
8-NS,109,0,1,0,1828,1829,C
8-NS,110,0,0,1827,0,1827,G
8-NS,111,0,1,0,1831,1832,C
8-NS,112,1,0,0,1832,1833,C
8-NS,113,1,3,1839,0,1843,G
8-NS,114,1822,0,0,1,1823,A
8-NS,115,0,0,1922,0,1922,G
8-NS,116,1914,0,0,0,1914,A
8-NS,117,0,1933,0,0,1933,T
8-NS,118,1,1,0,1941,1943,C
8-NS,119,1927,0,1,0,1928,A
8-NS,120,0,2,1941,0,1943,G
8-NS,121,1920,0,1,0,1921,A
8-NS,122,0,0,1943,0,1943,G
8-NS,123,0,0,1949,0,1949,G
8-NS,124,0,1961,0,2,1963,T
8-NS,125,2,0,0,2082,2084,C
8-NS,126,2,1,0,2094,2097,C
8-NS,127,4,0,0,2116,2120,C
8-NS,128,0,2119,0,1,2120,T
8-NS,129,2127,0,1,0,2128,A
8-NS,130,2114,0,2,0,2116,A
8-NS,131,0,3,2149,0,2152,G
8-NS,132,1,6,2143,0,2150,G
8-NS,133,0,1,2141,0,2142,G
8-NS,134,0,1,2104,0,2105,G
8-NS,135,2075,1,1,0,2077,A
8-NS,136,2098,0,0,0,2098,A
8-NS,137,0,1,2107,0,2108,G
8-NS,138,2119,1,3,0,2123,A
8-NS,139,0,0,2149,0,2149,G
8-NS,140,1,0,2132,0,2133,G
8-NS,141,0,0,0,2159,2159,C
8-NS,142,2149,0,0,0,2149,A
8-NS,143,2149,0,3,1,2153,A
8-NS,144,0,2160,0,1,2161,T
8-NS,145,2170,0,1,0,2171,A
8-NS,146,0,0,0,2195,2195,C
8-NS,147,0,2153,0,0,2153,T
8-NS,148,6,0,0,2154,2160,C
8-NS,149,0,2138,0,1,2139,T
8-NS,150,2,0,0,2165,2167,C
8-NS,151,0,1,2181,0,2182,G
8-NS,152,0,0,2295,0,2295,G
8-NS,153,0,2291,0,0,2291,T
8-NS,154,4,0,2,2314,2320,C
8-NS,155,0,2301,0,2,2303,T
8-NS,156,2323,1,0,0,2324,A
8-NS,157,0,5,2314,0,2319,G
8-NS,158,2318,0,1,0,2319,A
8-NS,159,0,0,0,2375,2375,C
8-NS,160,2335,0,0,0,2335,A
8-NS,161,1,2314,0,0,2315,T
8-NS,162,1,0,0,2311,2312,C
8-NS,163,2299,0,0,0,2299,A
8-NS,164,2298,0,3,0,2301,A
8-NS,165,2275,0,0,0,2275,A
8-NS,166,0,2,2277,0,2279,G
8-NS,167,1,0,0,2295,2296,C
8-NS,168,2273,0,1,0,2274,A
8-NS,169,1,1,2283,0,2285,G
8-NS,170,0,0,0,2280,2280,C
8-NS,171,0,1,0,2288,2289,C
8-NS,172,2292,0,3,0,2295,A
8-NS,173,0,0,0,2326,2326,C
8-NS,174,1,0,0,2324,2325,C
8-NS,175,2,1,0,2331,2334,C
8-NS,176,2358,4,1,0,2363,A
8-NS,177,0,2373,0,0,2373,T
8-NS,178,0,0,2371,0,2371,G
8-NS,179,0,2364,0,0,2364,T
8-NS,180,0,2364,0,3,2367,T
8-NS,181,0,2,2369,0,2371,G
8-NS,182,0,0,2347,0,2347,G
8-NS,183,2334,0,0,0,2334,A
8-NS,184,2350,0,1,0,2351,A
8-NS,185,2320,0,3,0,2323,A
8-NS,186,0,2,2338,0,2340,G
8-NS,187,1,1,0,2331,2333,C
8-NS,188,2338,0,1,0,2339,A
8-NS,189,2332,0,0,0,2332,A
8-NS,190,2324,0,0,0,2324,A
8-NS,191,0,2361,0,0,2361,T
8-NS,192,0,2354,1,0,2355,T
8-NS,193,0,0,2399,1,2400,G
8-NS,194,0,2394,0,0,2394,T
8-NS,195,2390,0,2,0,2392,A
8-NS,196,1,1,2388,0,2390,G
8-NS,197,2387,0,1,1,2389,A
8-NS,198,2391,0,1,0,2392,A
8-NS,199,2386,0,0,0,2386,A
8-NS,200,2376,0,2,0,2378,A
8-NS,201,0,1,2382,0,2383,G
8-NS,202,2346,0,1,0,2347,A
8-NS,203,1,2363,0,0,2364,T
8-NS,204,1,2364,0,0,2365,T
8-NS,205,5,0,0,2365,2370,C
8-NS,206,0,2368,1,2,2371,T
8-NS,207,0,1,2374,0,2375,G
8-NS,208,2378,0,1,0,2379,A
8-NS,209,2368,0,0,0,2368,A
8-NS,210,2360,0,2,0,2362,A
8-NS,211,0,2,2372,0,2374,G
8-NS,212,2375,0,1,0,2376,A
8-NS,213,2374,0,1,0,2375,A
8-NS,214,0,1,2386,0,2387,G
8-NS,215,2397,0,2,0,2399,A
8-NS,216,2401,1,4,0,2406,A
8-NS,217,0,2409,0,1,2410,T
8-NS,218,2,0,0,2440,2442,C
8-NS,219,0,2430,0,4,2434,T
8-NS,220,1,2,2446,0,2449,G
8-NS,221,2444,1,4,0,2449,A
8-NS,222,0,2449,0,0,2449,T
8-NS,223,0,4,2431,0,2435,G
8-NS,224,2413,1,3,1,2418,A
8-NS,225,0,2,2402,0,2404,G
8-NS,226,0,0,2405,0,2405,G
8-NS,227,1,1,0,2414,2416,C
8-NS,228,2418,0,2,0,2420,A
8-NS,229,0,0,0,2487,2487,C
8-NS,230,0,2480,0,1,2481,T
8-NS,231,0,2498,0,1,2499,T
8-NS,232,2506,0,1,1,2508,A
8-NS,233,2514,0,1,0,2515,A
8-NS,234,2509,0,0,0,2509,A
8-NS,235,2498,0,3,0,2501,A
8-NS,236,0,2503,0,0,2503,T
8-NS,237,1,8,2495,0,2504,G
8-NS,238,2508,1,3,1,2513,A
8-NS,239,1,0,0,2520,2521,C
8-NS,240,1,0,1,2521,2523,C
8-NS,241,2525,0,0,0,2525,A
8-NS,242,0,2503,0,0,2503,T
8-NS,243,0,3,2565,1,2569,G
8-NS,244,0,0,2590,0,2590,G
8-NS,245,0,2588,0,1,2589,T
8-NS,246,11,0,0,2725,2736,C
8-NS,247,1,2719,0,7,2727,T
8-NS,248,4,2,0,2746,2752,C
8-NS,249,2,0,0,2765,2767,C
8-NS,250,2768,0,2,0,2770,A
8-NS,251,0,0,0,2801,2801,C
8-NS,252,2742,0,2,0,2744,A
8-NS,253,0,0,0,2762,2762,C
8-NS,254,1,0,0,2745,2746,C
8-NS,255,0,2635,0,3,2638,T
8-NS,256,1,0,2648,0,2649,G
8-NS,257,0,0,0,2635,2635,C
8-NS,258,1,2612,0,0,2613,T
8-NS,259,0,2624,0,5,2629,T
8-NS,260,1,1,0,2637,2639,C
8-NS,261,0,0,2640,0,2640,G
8-NS,262,2,0,0,2641,2643,C
8-NS,263,1,4,2640,0,2645,G
8-NS,264,2754,0,1,0,2755,A
8-NS,265,0,2760,1,0,2761,T
8-NS,266,2835,0,0,0,2835,A
8-NS,267,1,4,0,2835,2840,C
8-NS,268,2818,0,0,0,2818,A
8-NS,269,0,2888,1,0,2889,T
8-NS,270,2863,0,1,0,2864,A
8-NS,271,2882,0,5,0,2887,A
8-NS,272,0,1,0,2885,2886,C
8-NS,273,0,2813,0,0,2813,T
8-NS,274,0,5,2836,0,2841,G
8-NS,275,2800,0,3,0,2803,A
8-NS,276,0,0,0,2829,2829,C
8-NS,277,2823,0,1,0,2824,A
8-NS,278,0,2788,0,2,2790,T
8-NS,279,0,1,2808,0,2809,G
8-NS,280,2782,2,0,0,2784,A
8-NS,281,1,0,0,2851,2852,C
8-NS,282,0,2849,0,1,2850,T
8-NS,283,2890,2,0,0,2892,A
8-NS,284,0,2867,0,3,2870,T
8-NS,285,0,2856,0,1,2857,T
8-NS,286,0,2,2865,0,2867,G
8-NS,287,2852,1,2,0,2855,A
8-NS,288,0,0,2855,0,2855,G
8-NS,289,4,3,2841,0,2848,G
8-NS,290,2787,0,0,0,2787,A
8-NS,291,2791,0,1,0,2792,A
8-NS,292,0,2737,0,0,2737,T
8-NS,293,0,2759,0,0,2759,T
8-NS,294,0,0,2792,0,2792,G
8-NS,295,0,2786,0,1,2787,T
8-NS,296,4,0,0,2795,2799,C
8-NS,297,2801,1,0,0,2802,A
8-NS,298,2796,0,4,0,2800,A
8-NS,299,5,2,2793,0,2800,G
8-NS,300,2811,0,0,0,2811,A
8-NS,301,2805,0,0,0,2805,A
8-NS,302,2803,0,1,0,2804,A
8-NS,303,0,0,0,2819,2819,C
8-NS,304,0,2777,0,0,2777,T
8-NS,305,0,4,2808,1,2813,G
8-NS,306,1,1,2839,0,2841,G
8-NS,307,0,2839,0,1,2840,T
8-NS,308,0,2818,0,6,2824,T
8-NS,309,5,1,0,2821,2827,C
8-NS,310,2837,0,1,0,2838,A
8-NS,311,0,2872,1,5,2878,T
8-NS,312,0,1,2895,0,2896,G
8-NS,313,1,2,0,2897,2900,C
8-NS,314,0,2886,0,2,2888,T
8-NS,315,2861,0,1,0,2862,A
8-NS,316,2883,0,1,0,2884,A
8-NS,317,0,2909,0,1,2910,T
8-NS,318,1,0,2904,0,2905,G
8-NS,319,0,2,1,2883,2886,C
8-NS,320,1,0,0,2845,2846,C
8-NS,321,5,2,0,2856,2863,C
8-NS,322,2870,0,0,0,2870,A
8-NS,323,2878,0,0,0,2878,A
8-NS,324,0,1,2867,0,2868,G
8-NS,325,0,2,0,2878,2880,C
8-NS,326,2885,0,1,0,2886,A
8-NS,327,0,3,2895,0,2898,G
8-NS,328,2894,0,0,1,2895,A
8-NS,329,2899,0,0,0,2899,A
8-NS,330,2900,0,4,0,2904,A
8-NS,331,2869,0,1,0,2870,A
8-NS,332,0,2890,0,0,2890,T
8-NS,333,0,7,2900,0,2907,G
8-NS,334,0,3,2895,0,2898,G
8-NS,335,2896,0,3,0,2899,A
8-NS,336,2870,0,4,0,2874,A
8-NS,337,0,2,2880,0,2882,G
8-NS,338,0,1,2867,0,2868,G
8-NS,339,2865,1,0,0,2866,A
8-NS,340,0,0,0,2869,2869,C
8-NS,341,4,0,0,2870,2874,C
8-NS,342,0,2869,0,2,2871,T
8-NS,343,1,0,0,2890,2891,C
8-NS,344,1,2892,0,3,2896,T
8-NS,345,0,2913,0,2,2915,T
8-NS,346,0,2912,0,1,2913,T
8-NS,347,0,1,2911,0,2912,G
8-NS,348,0,0,0,2928,2928,C
8-NS,349,2907,0,2,0,2909,A
8-NS,350,0,2895,0,1,2896,T
8-NS,351,3,0,0,2905,2908,C
8-NS,352,2947,0,1,0,2948,A
8-NS,353,1,0,3039,0,3040,G
8-NS,354,3029,0,1,0,3030,A
8-NS,355,3028,0,6,0,3034,A
8-NS,356,0,3015,0,1,3016,T
8-NS,357,0,7,2992,0,2999,G
8-NS,358,6,9,2998,0,3013,G
8-NS,359,3008,0,6,0,3014,A
8-NS,360,2,1,0,2996,2999,C
8-NS,361,2,0,0,2944,2946,C
8-NS,362,2907,0,2,0,2909,A
8-NS,363,1,0,2925,0,2926,G
8-NS,364,5,1,2914,0,2920,G
8-NS,365,1,2,2,2929,2934,C
8-NS,366,2914,0,0,1,2915,A
8-NS,367,2937,0,1,0,2938,A
8-NS,368,0,2934,0,0,2934,T
8-NS,369,0,6,0,2935,2941,C
8-NS,370,2940,1,1,1,2943,A
8-NS,371,1,2916,0,0,2917,T
8-NS,372,1,0,2901,1,2903,G
8-NS,373,1,1,2898,0,2900,G
8-NS,374,2896,0,0,0,2896,A
8-NS,375,0,2,2916,0,2918,G
8-NS,376,2870,0,1,0,2871,A
8-NS,377,2880,0,1,0,2881,A
8-NS,378,2880,0,2,2,2884,A
8-NS,379,2871,0,0,0,2871,A
8-NS,380,2875,0,3,0,2878,A
8-NS,381,1,1,0,2890,2892,C
8-NS,382,2886,0,0,0,2886,A
8-NS,383,1,2846,0,1,2848,T
8-NS,384,1,0,0,2852,2853,C
8-NS,385,2855,0,1,0,2856,A
8-NS,386,0,2864,0,1,2865,T
8-NS,387,0,0,2875,0,2875,G
8-NS,388,1,2855,0,4,2860,T
8-NS,389,0,2845,0,4,2849,T
8-NS,390,0,3,2839,0,2842,G
8-NS,391,2827,0,2,0,2829,A
8-NS,392,2828,0,3,0,2831,A
8-NS,393,2821,1,5,0,2827,A
8-NS,394,1,0,2828,0,2829,G
8-NS,395,1,1,0,2812,2814,C
8-NS,396,0,3,2830,0,2833,G
8-NS,397,2834,0,0,0,2834,A
8-NS,398,2830,0,0,0,2830,A
8-NS,399,0,2801,0,3,2804,T
8-NS,400,0,2814,0,1,2815,T
8-NS,401,1,2810,0,1,2812,T
8-NS,402,2,0,0,2829,2831,C
8-NS,403,2803,1,2,0,2806,A
8-NS,404,0,0,2830,0,2830,G
8-NS,405,0,2825,0,2,2827,T
8-NS,406,5,0,2819,0,2824,G
8-NS,407,1,2807,0,2,2810,T
8-NS,408,0,3,2833,0,2836,G
8-NS,409,2842,0,1,0,2843,A
8-NS,410,0,2832,0,0,2832,T
8-NS,411,0,2842,0,0,2842,T
8-NS,412,0,2831,0,2,2833,T
8-NS,413,1,2811,0,0,2812,T
8-NS,414,0,2821,1,1,2823,T
8-NS,415,1,8,2809,0,2818,G
8-NS,416,2808,0,2,0,2810,A
8-NS,417,0,1,0,2803,2804,C
8-NS,418,2,3,0,2776,2781,C
8-NS,419,1,3,2810,0,2814,G
8-NS,420,2980,0,4,0,2984,A
8-NS,421,2,1,0,3043,3046,C
8-NS,422,0,3050,0,1,3051,T
8-NS,423,3067,0,7,0,3074,A
8-NS,424,0,1,3069,0,3070,G
8-NS,425,3064,0,6,0,3070,A
8-NS,426,0,5,3091,0,3096,G
8-NS,427,3071,0,2,0,3073,A
8-NS,428,0,0,0,3143,3143,C
8-NS,429,5,0,1,3036,3042,C
8-NS,430,2941,0,4,0,2945,A
8-NS,431,0,3083,0,3,3086,T
8-NS,432,3070,0,2,0,3072,A
8-NS,433,0,0,3262,0,3262,G
8-NS,434,0,3228,0,1,3229,T
8-NS,435,3211,0,1,0,3212,A
8-NS,436,0,3208,0,2,3210,T
8-NS,437,0,3132,0,0,3132,T
8-NS,438,3204,0,1,0,3205,A
8-NS,439,0,0,0,3216,3216,C
8-NS,440,0,3066,0,6,3072,T
8-NS,441,3074,0,0,0,3074,A
8-NS,442,2806,1,1,0,2808,A
8-NS,443,2,2,2798,0,2802,G
8-NS,444,1,1,2767,0,2769,G
8-NS,445,0,0,2789,0,2789,G
8-NS,446,1,0,0,2763,2764,C
8-NS,447,1,2718,0,4,2723,T
8-NS,448,0,2708,6,2,2716,T
8-NS,449,0,2745,0,0,2745,T
8-NS,450,2,1,1,2750,2754,C
8-NS,451,2767,1,2,0,2770,A
8-NS,452,0,0,0,2777,2777,C
8-NS,453,4,5,0,2740,2749,C
8-NS,454,2,1,2759,0,2762,G
8-NS,455,2726,0,0,0,2726,A
8-NS,456,2737,0,2,0,2739,A
8-NS,457,1,3,2759,0,2763,G
8-NS,458,2708,0,2,0,2710,A
8-NS,459,0,4,2718,0,2722,G
8-NS,460,0,1,2680,1,2682,G
8-NS,461,1,2,2682,0,2685,G
8-NS,462,2668,0,6,0,2674,A
8-NS,463,2,1,2686,1,2690,G
8-NS,464,1,0,0,2664,2665,C
8-NS,465,2670,0,1,0,2671,A
8-NS,466,2666,0,0,0,2666,A
8-NS,467,0,2667,0,0,2667,T
8-NS,468,0,2666,0,1,2667,T
8-NS,469,0,0,2675,0,2675,G
8-NS,470,0,2620,0,1,2621,T
8-NS,471,0,2629,0,1,2630,T
8-NS,472,0,1,2632,0,2633,G
8-NS,473,0,0,2617,0,2617,G
8-NS,474,2,1,0,2613,2616,C
8-NS,475,0,1,2633,0,2634,G
8-NS,476,2631,0,0,0,2631,A
8-NS,477,2643,0,0,0,2643,A
8-NS,478,2650,0,1,0,2651,A
8-NS,479,0,2661,0,3,2664,T
8-NS,480,1,0,0,2657,2658,C
8-NS,481,1,2635,0,2,2638,T
8-NS,482,2,0,0,2642,2644,C
8-NS,483,2655,0,0,0,2655,A
8-NS,484,0,0,0,2643,2643,C
8-NS,485,0,0,0,2663,2663,C
8-NS,486,2653,0,2,0,2655,A
8-NS,487,0,2637,0,1,2638,T
8-NS,488,0,2623,0,0,2623,T
8-NS,489,1,0,2629,0,2630,G
8-NS,490,2,0,0,2604,2606,C
8-NS,491,0,1,0,2596,2597,C
8-NS,492,0,2609,0,2,2611,T
8-NS,493,0,2601,0,1,2602,T
8-NS,494,0,0,0,2620,2620,C
8-NS,495,1,2609,0,4,2614,T
8-NS,496,0,2620,0,0,2620,T
8-NS,497,0,2663,0,0,2663,T
8-NS,498,0,2647,0,0,2647,T
8-NS,499,0,0,1,2654,2655,C
8-NS,500,3,1,0,2656,2660,C
8-NS,501,2653,0,2,0,2655,A
8-NS,502,0,5,2668,0,2673,G
8-NS,503,1,1,2655,0,2657,G
8-NS,504,2697,0,4,0,2701,A
8-NS,505,0,0,0,2702,2702,C
8-NS,506,2726,0,1,2,2729,A
8-NS,507,0,2732,0,0,2732,T
8-NS,508,2722,0,1,0,2723,A
8-NS,509,0,0,0,2896,2896,C
8-NS,510,0,2880,1,5,2886,T
8-NS,511,2866,1,1,0,2868,A
8-NS,512,1,2835,1,0,2837,T
8-NS,513,0,2783,0,0,2783,T
8-NS,514,0,3,2783,0,2786,G
8-NS,515,2656,0,1,1,2658,A
8-NS,516,0,1,2666,0,2667,G
8-NS,517,1,0,2657,0,2658,G
8-NS,518,2441,0,0,0,2441,A
8-NS,519,0,2453,0,2,2455,T
8-NS,520,0,0,2427,0,2427,G
8-NS,521,0,2409,0,3,2412,T
8-NS,522,9,0,0,2412,2421,C
8-NS,523,2428,0,0,0,2428,A
8-NS,524,2419,0,0,0,2419,A
8-NS,525,2429,0,0,0,2429,A
8-NS,526,2418,0,0,0,2418,A
8-NS,527,2412,0,1,0,2413,A
8-NS,528,0,2425,0,0,2425,T
8-NS,529,1,0,2422,0,2423,G
8-NS,530,0,0,0,2431,2431,C
8-NS,531,2430,0,1,0,2431,A
8-NS,532,2434,0,0,0,2434,A
8-NS,533,0,2436,2,0,2438,T
8-NS,534,0,2451,0,0,2451,T
8-NS,535,1,2,2445,0,2448,G
8-NS,536,2,1,2414,0,2417,G
8-NS,537,0,0,2424,0,2424,G
8-NS,538,1,0,2445,0,2446,G
8-NS,539,0,2391,0,4,2395,T
8-NS,540,5,0,0,2411,2416,C
8-NS,541,3,0,0,2404,2407,C
8-NS,542,0,2421,0,2,2423,T
8-NS,543,8,2,0,2439,2449,C
8-NS,544,2447,0,0,0,2447,A
8-NS,545,0,2432,0,1,2433,T
8-NS,546,1,0,0,2450,2451,C
8-NS,547,3,2,2414,0,2419,G
8-NS,548,0,0,2419,0,2419,G
8-NS,549,2384,0,0,0,2384,A
8-NS,550,1,1,2397,0,2399,G
8-NS,551,2,2,2399,0,2403,G
8-NS,552,2356,0,1,0,2357,A
8-NS,553,0,0,0,2371,2371,C
8-NS,554,0,2375,1,2,2378,T
8-NS,555,0,2382,0,0,2382,T
8-NS,556,0,2,2386,0,2388,G
8-NS,557,2377,0,1,0,2378,A
8-NS,558,2368,0,3,0,2371,A
8-NS,559,0,2367,1,0,2368,T
8-NS,560,1,1,2316,0,2318,G
8-NS,561,0,0,2349,0,2349,G
8-NS,562,2324,0,0,0,2324,A
8-NS,563,2339,0,2,0,2341,A
8-NS,564,0,2443,0,0,2443,T
8-NS,565,0,1,2453,0,2454,G
8-NS,566,2466,0,0,0,2466,A
8-NS,567,0,2467,0,0,2467,T
8-NS,568,2462,0,4,0,2466,A
8-NS,569,2463,0,2,1,2466,A
8-NS,570,0,0,0,2445,2445,C
8-NS,571,2396,0,2,0,2398,A
8-NS,572,0,0,0,2411,2411,C
8-NS,573,2220,0,0,0,2220,A
8-NS,574,0,0,2251,0,2251,G
8-NS,575,0,2231,0,2,2233,T
8-NS,576,0,2232,0,0,2232,T
8-NS,577,4,1,0,2228,2233,C
8-NS,578,1,3,2213,0,2217,G
8-NS,579,2189,0,12,0,2201,A
8-NS,580,0,0,2219,0,2219,G
8-NS,581,0,2179,0,2,2181,T
8-NS,582,4,0,0,2175,2179,C
8-NS,583,0,2157,0,2,2159,T
8-NS,584,4,1,0,2167,2172,C
8-NS,585,0,2187,0,0,2187,T
8-NS,586,2194,0,0,0,2194,A
8-NS,587,2193,0,0,0,2193,A
8-NS,588,2186,0,0,0,2186,A
8-NS,589,2202,0,0,0,2202,A
8-NS,590,2193,1,14,0,2208,A
8-NS,591,0,2190,0,0,2190,T
8-NS,592,1,0,0,2209,2210,C
8-NS,593,0,2182,0,3,2185,T
8-NS,594,2191,0,1,0,2192,A
8-NS,595,0,1,0,2189,2190,C
8-NS,596,2186,0,1,0,2187,A
8-NS,597,0,0,2179,0,2179,G
8-NS,598,2142,0,3,0,2145,A
8-NS,599,1,1,2145,0,2147,G
8-NS,600,2138,0,1,0,2139,A
8-NS,601,0,2112,0,0,2112,T
8-NS,602,0,2105,0,1,2106,T
8-NS,603,5,3,0,2114,2122,C
8-NS,604,1,0,2121,0,2122,G
8-NS,605,0,0,0,2109,2109,C
8-NS,606,0,2105,0,2,2107,T
8-NS,607,1,2120,0,1,2122,T
8-NS,608,0,6,2113,0,2119,G
8-NS,609,0,3,2120,0,2123,G
8-NS,610,2120,0,1,0,2121,A
8-NS,611,0,0,2123,0,2123,G
8-NS,612,2110,1,1,0,2112,A
8-NS,613,2099,0,2,0,2101,A
8-NS,614,3,0,2120,0,2123,G
8-NS,615,1,0,0,2127,2128,C
8-NS,616,2131,0,1,0,2132,A
8-NS,617,0,0,2173,0,2173,G
8-NS,618,0,2157,0,0,2157,T
8-NS,619,2171,0,3,0,2174,A
8-NS,620,2175,0,1,0,2176,A
8-NS,621,0,2156,0,0,2156,T
8-NS,622,1,1,2173,0,2175,G
8-NS,623,2089,0,1,0,2090,A
8-NS,624,2,2,2123,0,2127,G
8-NS,625,2114,0,1,0,2115,A
8-NS,626,2048,0,0,0,2048,A
8-NS,627,0,2031,0,0,2031,T
8-NS,628,0,1,2003,0,2004,G
8-NS,629,0,0,2001,0,2001,G
8-NS,630,2,2,1990,0,1994,G
8-NS,631,1,0,1970,0,1971,G
8-NS,632,1,3,1971,0,1975,G
8-NS,633,1923,0,0,0,1923,A
8-NS,634,3,1820,0,4,1827,T
8-NS,635,3,0,0,1876,1879,C
8-NS,636,1,1875,1,5,1882,T
8-NS,637,0,0,0,1888,1888,C
8-NS,638,1,0,0,1893,1894,C
8-NS,639,1893,1,1,0,1895,A
8-NS,640,0,0,1,1894,1895,C
8-NS,641,0,1849,0,3,1852,T
8-NS,642,0,1834,0,1,1835,T
8-NS,643,1813,0,0,0,1813,A
8-NS,644,0,0,0,1811,1811,C
8-NS,645,0,1774,0,7,1781,T
8-NS,646,3,2,0,1777,1782,C
8-NS,647,3,0,0,1775,1778,C
8-NS,648,1772,0,0,0,1772,A
8-NS,649,1779,0,0,0,1779,A
8-NS,650,1781,0,1,0,1782,A
8-NS,651,1774,0,1,0,1775,A
8-NS,652,0,0,0,1779,1779,C
8-NS,653,1734,0,0,0,1734,A
8-NS,654,0,0,1738,0,1738,G
8-NS,655,1730,0,0,0,1730,A
8-NS,656,1727,0,2,0,1729,A
8-NS,657,1722,0,2,0,1724,A
8-NS,658,1,0,1,1715,1717,C
8-NS,659,0,2,1716,0,1718,G
8-NS,660,0,1,1716,0,1717,G
8-NS,661,2,1,1719,0,1722,G
8-NS,662,1724,1,2,0,1727,A
8-NS,663,1719,0,0,0,1719,A
8-NS,664,1707,0,2,1,1710,A
8-NS,665,0,1703,0,0,1703,T
8-NS,666,1,2,1716,0,1719,G
8-NS,667,1,0,1705,0,1706,G
8-NS,668,0,0,0,1700,1700,C
8-NS,669,1,1,1711,0,1713,G
8-NS,670,1709,1,3,0,1713,A
8-NS,671,0,1,1718,0,1719,G
8-NS,672,1720,0,0,0,1720,A
8-NS,673,1714,0,2,0,1716,A
8-NS,674,0,0,1,1714,1715,C
8-NS,675,1686,0,1,0,1687,A
8-NS,676,0,0,1676,0,1676,G
8-NS,677,0,0,0,1666,1666,C
8-NS,678,0,1682,0,0,1682,T
8-NS,679,1679,0,0,0,1679,A
8-NS,680,0,0,1647,0,1647,G
8-NS,681,2,0,1652,0,1654,G
8-NS,682,0,1630,0,4,1634,T
8-NS,683,6,0,0,1621,1627,C
8-NS,684,1635,0,0,0,1635,A
8-NS,685,1633,1,0,0,1634,A
8-NS,686,1637,0,0,0,1637,A
8-NS,687,1641,0,0,0,1641,A
8-NS,688,0,0,1636,0,1636,G
8-NS,689,0,1615,0,0,1615,T
8-NS,690,0,1609,0,0,1609,T
8-NS,691,0,1615,0,0,1615,T
8-NS,692,0,1,1618,0,1619,G
8-NS,693,1619,0,2,0,1621,A
8-NS,694,1622,1,0,0,1623,A
8-NS,695,0,3,1627,0,1630,G
8-NS,696,1596,0,0,0,1596,A
8-NS,697,0,0,1598,0,1598,G
8-NS,698,1597,0,1,0,1598,A
8-NS,699,0,1599,0,0,1599,T
8-NS,700,1602,0,0,0,1602,A
8-NS,701,1592,0,0,0,1592,A
8-NS,702,0,1,1589,0,1590,G
8-NS,703,1500,0,1,0,1501,A
8-NS,704,1,1486,0,1,1488,T
8-NS,705,0,1,1492,0,1493,G
8-NS,706,0,0,1492,0,1492,G
8-NS,707,0,4,0,1482,1486,C
8-NS,708,0,1477,0,1,1478,T
8-NS,709,1487,0,0,0,1487,A
8-NS,710,1486,0,0,0,1486,A
8-NS,711,0,1490,0,0,1490,T
8-NS,712,0,1484,0,0,1484,T
8-NS,713,1,2,1486,0,1489,G
8-NS,714,1463,0,1,0,1464,A
8-NS,715,1456,0,4,0,1460,A
8-NS,716,2,0,1459,0,1461,G
8-NS,717,1452,0,1,0,1453,A
8-NS,718,1444,0,0,0,1444,A
8-NS,719,0,0,1465,0,1465,G
8-NS,720,0,1431,0,0,1431,T
8-NS,721,0,1,1423,0,1424,G
8-NS,722,1422,0,3,0,1425,A
8-NS,723,0,1,1424,0,1425,G
8-NS,724,1420,0,2,0,1422,A
8-NS,725,0,0,0,1412,1412,C
8-NS,726,1406,0,1,0,1407,A
8-NS,727,0,0,0,1409,1409,C
8-NS,728,1323,0,0,0,1323,A
8-NS,729,0,1,1351,0,1352,G
8-NS,730,1349,0,1,0,1350,A
8-NS,731,0,1334,0,1,1335,T
8-NS,732,0,1340,1,0,1341,T
8-NS,733,1341,0,0,0,1341,A
8-NS,734,1334,0,1,0,1335,A
8-NS,735,1335,0,0,0,1335,A
8-NS,736,1338,0,0,0,1338,A
8-NS,737,1331,0,2,0,1333,A
8-NS,738,1,0,0,1280,1281,C
8-NS,739,1201,0,0,0,1201,A
8-NS,740,1202,0,1,0,1203,A
8-NS,741,0,0,0,1204,1204,C
8-NS,742,0,1198,0,1,1199,T
8-NS,743,0,2,1204,0,1206,G
8-NS,744,1204,0,1,1,1206,A
8-NS,745,1206,0,0,0,1206,A
8-NS,746,1205,0,0,0,1205,A
8-NS,747,1191,0,0,0,1191,A
8-NS,748,0,1185,0,0,1185,T
8-NS,749,1168,0,1,0,1169,A
8-NS,750,0,1,1169,0,1170,G
8-NS,751,2,0,0,1166,1168,C
8-NS,752,1,1140,0,1,1142,T
8-NS,753,0,1140,0,0,1140,T
8-NS,754,1,1129,0,0,1130,T
8-NS,755,0,3,1134,1,1138,G
8-NS,756,1129,1,2,0,1132,A
8-NS,757,1135,0,0,0,1135,A
8-NS,758,0,0,0,1135,1135,C
8-NS,759,1113,0,0,0,1113,A
8-NS,760,1119,0,0,0,1119,A
8-NS,761,1120,0,0,0,1120,A
8-NS,762,0,1118,0,0,1118,T
8-NS,763,1122,0,0,0,1122,A
8-NS,764,1099,0,1,0,1100,A
8-NS,765,0,0,0,1105,1105,C
8-NS,766,1106,0,0,0,1106,A
8-NS,767,0,1085,0,0,1085,T
8-NS,768,0,1059,0,1,1060,T
8-NS,769,0,0,0,1051,1051,C
8-NS,770,1043,0,1,0,1044,A
8-NS,771,0,1035,0,1,1036,T
8-NS,772,0,0,1041,0,1041,G
8-NS,773,1,1,0,1014,1016,C
8-NS,774,1011,0,0,1,1012,A
8-NS,775,1004,0,2,0,1006,A
8-NS,776,0,0,1002,0,1002,G
8-NS,777,0,0,0,1013,1013,C
8-NS,778,997,0,0,0,997,A
8-NS,779,0,995,0,0,995,T
8-NS,780,0,993,0,0,993,T
8-NS,781,995,0,0,0,995,A
8-NS,782,0,0,0,997,997,C
8-NS,783,989,0,0,0,989,A
8-NS,784,968,1,0,1,970,A
8-NS,785,1,0,0,966,967,C
8-NS,786,0,821,0,0,821,T
8-NS,787,1,1,813,0,815,G
8-NS,788,0,0,0,799,799,C
8-NS,789,0,784,0,0,784,T
8-NS,790,0,0,785,0,785,G
8-NS,791,0,776,0,1,777,T
8-NS,792,0,773,0,2,775,T
8-NS,793,0,773,0,0,773,T
8-NS,794,0,0,765,0,765,G
8-NS,795,770,0,0,0,770,A
8-NS,796,748,0,0,0,748,A
8-NS,797,0,0,748,0,748,G
8-NS,798,0,745,0,0,745,T
8-NS,799,0,0,716,0,716,G
8-NS,800,0,0,720,0,720,G
8-NS,801,721,0,0,0,721,A
8-NS,802,720,0,0,0,720,A
8-NS,803,0,0,0,720,720,C
8-NS,804,690,0,1,0,691,A
8-NS,805,0,0,696,0,696,G
8-NS,806,0,0,677,0,677,G
8-NS,807,662,0,0,0,662,A
8-NS,808,0,0,664,0,664,G
8-NS,809,557,0,0,0,557,A
8-NS,810,0,557,0,0,557,T
8-NS,811,555,0,0,0,555,A
8-NS,812,554,0,0,0,554,A
8-NS,813,2,0,548,0,550,G
8-NS,814,498,0,1,0,499,A
8-NS,815,494,0,0,0,494,A
8-NS,816,0,0,0,490,490,C
8-NS,817,0,422,0,0,422,T
8-NS,818,0,416,0,0,416,T
8-NS,819,0,413,0,0,413,T
8-NS,820,0,0,0,417,417,C
8-NS,821,0,405,0,0,405,T
8-NS,822,1,0,0,394,395,C
8-NS,823,390,0,0,0,390,A
8-NS,824,0,383,0,1,384,T
8-NS,825,0,382,0,0,382,T
8-NS,826,0,375,0,0,375,T
8-NS,827,2,0,0,375,377,C
8-NS,828,365,0,0,0,365,A
8-NS,829,0,0,368,0,368,G
8-NS,830,0,0,0,363,363,C
8-NS,831,1,336,0,2,339,T
8-NS,832,0,340,0,0,340,T
8-NS,833,330,0,0,0,330,A
8-NS,834,0,328,0,0,328,T
8-NS,835,0,330,0,0,330,T
8-NS,836,0,327,0,0,327,T
8-NS,837,312,0,1,0,313,A
8-NS,838,306,0,0,0,306,A
8-NS,839,0,299,0,1,300,T
8-NS,840,0,0,298,0,298,G
8-NS,841,284,0,1,0,285,A
8-NS,842,0,259,0,0,259,T
8-NS,843,254,0,0,0,254,A
8-NS,844,254,0,0,0,254,A
8-NS,845,254,0,0,0,254,A
8-NS,846,253,0,0,0,253,A
8-NS,847,247,0,1,0,248,A
8-NS,848,247,0,0,0,247,A
8-NS,849,0,0,0,243,243,C
8-NS,850,197,0,0,0,197,A
8-NS,851,0,0,0,204,204,C
8-NS,852,1,0,0,197,198,C
8-NS,853,2,0,0,190,192,C
8-NS,854,0,184,0,0,184,T
8-NS,855,0,176,0,0,176,T
8-NS,856,1,0,174,0,175,G
8-NS,857,0,168,0,0,168,T
8-NS,858,0,166,0,0,166,T
8-NS,859,0,165,0,0,165,T
8-NS,860,0,0,0,59,59,C
8-NS,861,0,40,0,0,40,T
8-NS,862,32,0,0,0,32,A
8-NS,863,0,0,0,31,31,C
