Gene,Position,A,T,G,C,Coverage,Consensus
1-PB2,1,205,0,0,0,205,A
1-PB2,2,0,205,0,0,205,T
1-PB2,3,0,0,211,0,211,G
1-PB2,4,0,0,212,0,212,G
1-PB2,5,211,0,0,0,211,A
1-PB2,6,212,0,0,0,212,A
1-PB2,7,211,0,0,0,211,A
1-PB2,8,0,0,236,0,236,G
1-PB2,9,237,0,0,0,237,A
1-PB2,10,238,0,2,0,240,A
1-PB2,11,0,243,0,0,243,T
1-PB2,12,242,0,0,1,243,A
1-PB2,13,245,0,0,0,245,A
1-PB2,14,245,0,0,0,245,A
1-PB2,15,246,0,0,0,246,A
1-PB2,16,0,0,255,0,255,G
1-PB2,17,253,0,1,0,254,A
1-PB2,18,256,0,0,0,256,A
1-PB2,19,0,0,0,261,261,C
1-PB2,20,0,258,0,0,258,T
1-PB2,21,265,0,0,0,265,A
1-PB2,22,0,0,0,263,263,C
1-PB2,23,0,0,266,0,266,G
1-PB2,24,0,0,273,0,273,G
1-PB2,25,271,0,0,0,271,A
1-PB2,26,281,0,0,0,281,A
1-PB2,27,0,282,0,0,282,T
1-PB2,28,0,0,0,285,285,C
1-PB2,29,0,285,0,0,285,T
1-PB2,30,0,0,289,0,289,G
1-PB2,31,293,0,0,0,293,A
1-PB2,32,0,293,0,0,293,T
1-PB2,33,0,0,295,0,295,G
1-PB2,34,0,299,0,0,299,T
1-PB2,35,0,0,0,298,298,C
1-PB2,36,0,0,297,0,297,G
1-PB2,37,0,0,0,298,298,C
1-PB2,38,295,0,1,0,296,A
1-PB2,39,0,0,312,0,312,G
1-PB2,40,0,317,0,0,317,T
1-PB2,41,0,0,0,319,319,C
1-PB2,42,0,318,0,1,319,T
1-PB2,43,0,0,0,318,318,C
1-PB2,44,0,0,318,0,318,G
1-PB2,45,0,0,0,319,319,C
1-PB2,46,319,0,0,0,319,A
1-PB2,47,0,0,0,323,323,C
1-PB2,48,0,320,0,0,320,T
1-PB2,49,0,0,0,330,330,C
1-PB2,50,0,0,329,0,329,G
1-PB2,51,0,0,0,332,332,C
1-PB2,52,1,1,329,0,331,G
1-PB2,53,329,0,0,0,329,A
1-PB2,54,0,0,331,0,331,G
1-PB2,55,337,0,0,0,337,A
1-PB2,56,0,336,0,0,336,T
1-PB2,57,340,0,0,0,340,A
1-PB2,58,0,0,0,339,339,C
1-PB2,59,0,338,0,0,338,T
1-PB2,60,0,1,351,0,352,G
1-PB2,61,350,0,2,0,352,A
1-PB2,62,0,0,0,358,358,C
1-PB2,63,355,0,0,0,355,A
1-PB2,64,351,0,0,0,351,A
1-PB2,65,359,0,1,0,360,A
1-PB2,66,365,0,0,0,365,A
1-PB2,67,369,0,0,0,369,A
1-PB2,68,0,0,0,377,377,C
1-PB2,69,0,0,0,376,376,C
1-PB2,70,387,0,0,0,387,A
1-PB2,71,0,0,0,393,393,C
1-PB2,72,392,0,0,0,392,A
1-PB2,73,0,1,399,0,400,G
1-PB2,74,0,396,0,1,397,T
1-PB2,75,0,0,421,0,421,G
1-PB2,76,1,0,419,0,420,G
1-PB2,77,416,0,1,0,417,A
1-PB2,78,0,0,0,443,443,C
1-PB2,79,0,0,0,445,445,C
1-PB2,80,450,0,0,0,450,A
1-PB2,81,0,448,0,0,448,T
1-PB2,82,443,0,0,0,443,A
1-PB2,83,0,444,0,1,445,T
1-PB2,84,0,0,444,0,444,G
1-PB2,85,0,0,444,0,444,G
1-PB2,86,0,0,0,443,443,C
1-PB2,87,0,0,0,434,434,C
1-PB2,88,430,0,0,0,430,A
1-PB2,89,0,451,0,0,451,T
1-PB2,90,447,0,1,0,448,A
1-PB2,91,474,0,0,0,474,A
1-PB2,92,0,474,0,0,474,T
1-PB2,93,0,471,0,0,471,T
1-PB2,94,473,0,0,0,473,A
1-PB2,95,472,0,1,0,473,A
1-PB2,96,0,0,494,0,494,G
1-PB2,97,492,0,1,0,493,A
1-PB2,98,489,0,1,0,490,A
1-PB2,99,0,0,516,0,516,G
1-PB2,100,0,508,0,0,508,T
1-PB2,101,511,0,1,0,512,A
1-PB2,102,0,1,0,514,515,C
1-PB2,103,520,0,0,0,520,A
1-PB2,104,0,1,0,533,534,C
1-PB2,105,526,0,0,0,526,A
1-PB2,106,0,526,0,0,526,T
1-PB2,107,1,0,0,530,531,C
1-PB2,108,1,0,526,0,527,G
1-PB2,109,1,0,529,0,530,G
1-PB2,110,0,0,529,0,529,G
1-PB2,111,0,0,531,0,531,G
1-PB2,112,527,0,0,0,527,A
1-PB2,113,0,0,530,0,530,G
1-PB2,114,524,0,0,0,524,A
1-PB2,115,0,0,0,531,531,C
1-PB2,116,527,0,2,0,529,A
1-PB2,117,0,0,536,0,536,G
1-PB2,118,0,0,553,0,553,G
1-PB2,119,549,0,0,1,550,A
1-PB2,120,551,0,0,1,552,A
1-PB2,121,552,0,0,1,553,A
1-PB2,122,548,0,1,0,549,A
1-PB2,123,0,0,553,0,553,G
1-PB2,124,548,0,2,0,550,A
1-PB2,125,546,0,3,0,549,A
1-PB2,126,0,0,0,551,551,C
1-PB2,127,0,0,0,548,548,C
1-PB2,128,0,1,0,547,548,C
1-PB2,129,0,0,548,0,548,G
1-PB2,130,0,544,0,0,544,T
1-PB2,131,0,0,0,546,546,C
1-PB2,132,550,0,0,0,550,A
1-PB2,133,0,0,0,556,556,C
1-PB2,134,0,552,0,0,552,T
1-PB2,135,0,555,0,0,555,T
1-PB2,136,556,0,0,0,556,A
1-PB2,137,0,0,560,0,560,G
1-PB2,138,0,0,560,0,560,G
1-PB2,139,558,0,2,0,560,A
1-PB2,140,0,561,0,0,561,T
1-PB2,141,0,0,566,0,566,G
1-PB2,142,570,0,0,0,570,A
1-PB2,143,569,0,0,1,570,A
1-PB2,144,569,0,2,0,571,A
1-PB2,145,0,572,0,0,572,T
1-PB2,146,0,0,577,0,577,G
1-PB2,147,1,0,577,0,578,G
1-PB2,148,575,0,1,0,576,A
1-PB2,149,1,577,0,0,578,T
1-PB2,150,0,1,576,0,577,G
1-PB2,151,569,0,0,0,569,A
1-PB2,152,0,572,0,0,572,T
1-PB2,153,0,0,573,0,573,G
1-PB2,154,0,0,573,0,573,G
1-PB2,155,0,0,0,574,574,C
1-PB2,156,567,0,0,0,567,A
1-PB2,157,576,0,1,0,577,A
1-PB2,158,0,579,0,0,579,T
1-PB2,159,0,1,602,0,603,G
1-PB2,160,601,0,0,0,601,A
1-PB2,161,602,0,0,0,602,A
1-PB2,162,600,0,1,0,601,A
1-PB2,163,0,597,0,0,597,T
1-PB2,164,604,0,0,0,604,A
1-PB2,165,0,1,0,622,623,C
1-PB2,166,0,1,0,619,620,C
1-PB2,167,0,0,0,617,617,C
1-PB2,168,614,0,0,0,614,A
1-PB2,169,612,0,0,0,612,A
1-PB2,170,0,612,0,1,613,T
1-PB2,171,2,0,0,613,615,C
1-PB2,172,610,1,0,0,611,A
1-PB2,173,0,0,0,629,629,C
1-PB2,174,0,623,0,0,623,T
1-PB2,175,1,0,628,0,629,G
1-PB2,176,0,0,0,628,628,C
1-PB2,177,0,621,0,3,624,T
1-PB2,178,1,1,631,0,633,G
1-PB2,179,634,0,0,0,634,A
1-PB2,180,0,1,0,634,635,C
1-PB2,181,635,0,0,0,635,A
1-PB2,182,624,0,0,0,624,A
1-PB2,183,621,0,1,0,622,A
1-PB2,184,617,0,1,0,618,A
1-PB2,185,0,0,637,0,637,G
1-PB2,186,1,0,635,0,636,G
1-PB2,187,626,0,0,0,626,A
1-PB2,188,0,626,0,0,626,T
1-PB2,189,627,0,1,0,628,A
1-PB2,190,629,0,1,0,630,A
1-PB2,191,0,0,0,640,640,C
1-PB2,192,633,0,2,0,635,A
1-PB2,193,0,0,638,0,638,G
1-PB2,194,628,1,0,0,629,A
1-PB2,195,630,0,0,0,630,A
1-PB2,196,626,0,1,0,627,A
1-PB2,197,0,625,0,0,625,T
1-PB2,198,1,0,628,0,629,G
1-PB2,199,0,0,632,0,632,G
1-PB2,200,0,629,0,1,630,T
1-PB2,201,0,628,0,1,629,T
1-PB2,202,0,0,0,628,628,C
1-PB2,203,0,0,0,624,624,C
1-PB2,204,0,1,629,0,630,G
1-PB2,205,0,1,630,0,631,G
1-PB2,206,630,0,1,0,631,A
1-PB2,207,1,1,631,0,633,G
1-PB2,208,621,0,0,0,621,A
1-PB2,209,0,0,638,0,638,G
1-PB2,210,635,0,0,0,635,A
1-PB2,211,634,0,2,0,636,A
1-PB2,212,635,0,1,0,636,A
1-PB2,213,0,635,0,0,635,T
1-PB2,214,0,2,642,0,644,G
1-PB2,215,650,0,0,0,650,A
1-PB2,216,649,0,1,0,650,A
1-PB2,217,0,0,0,649,649,C
1-PB2,218,639,0,0,0,639,A
1-PB2,219,646,0,0,0,646,A
1-PB2,220,0,0,657,0,657,G
1-PB2,221,0,0,671,0,671,G
1-PB2,222,670,0,3,0,673,A
1-PB2,223,0,0,0,660,660,C
1-PB2,224,658,0,0,0,658,A
1-PB2,225,657,0,1,0,658,A
1-PB2,226,654,0,3,0,657,A
1-PB2,227,0,0,0,658,658,C
1-PB2,228,0,0,0,615,615,C
1-PB2,229,1,0,0,653,654,C
1-PB2,230,0,655,0,0,655,T
1-PB2,231,657,0,0,0,657,A
1-PB2,232,0,657,0,0,657,T
1-PB2,233,0,0,659,0,659,G
1-PB2,234,1,0,657,0,658,G
1-PB2,235,632,0,0,0,632,A
1-PB2,236,613,0,0,0,613,A
1-PB2,237,0,629,0,0,629,T
1-PB2,238,633,0,0,0,633,A
1-PB2,239,641,0,0,0,641,A
1-PB2,240,640,0,0,0,640,A
1-PB2,241,639,0,0,0,639,A
1-PB2,242,0,633,0,0,633,T
1-PB2,243,0,1,628,0,629,G
1-PB2,244,620,0,1,0,621,A
1-PB2,245,0,0,623,0,623,G
1-PB2,246,0,618,0,1,619,T
1-PB2,247,0,0,620,0,620,G
1-PB2,248,637,0,0,0,637,A
1-PB2,249,0,643,0,0,643,T
1-PB2,250,0,0,642,0,642,G
1-PB2,251,0,0,0,638,638,C
1-PB2,252,0,632,0,1,633,T
1-PB2,253,0,0,664,0,664,G
1-PB2,254,0,0,662,0,662,G
1-PB2,255,673,0,0,0,673,A
1-PB2,256,0,669,0,0,669,T
1-PB2,257,0,0,0,671,671,C
1-PB2,258,678,0,1,0,679,A
1-PB2,259,0,0,704,0,704,G
1-PB2,260,702,0,0,0,702,A
1-PB2,261,0,704,0,0,704,T
1-PB2,262,692,0,0,0,692,A
1-PB2,263,0,1,705,0,706,G
1-PB2,264,699,0,2,0,701,A
1-PB2,265,0,0,711,0,711,G
1-PB2,266,0,697,0,1,698,T
1-PB2,267,1,0,699,0,700,G
1-PB2,268,679,0,3,0,682,A
1-PB2,269,0,683,0,0,683,T
1-PB2,270,0,3,696,0,699,G
1-PB2,271,0,1,716,0,717,G
1-PB2,272,0,709,0,2,711,T
1-PB2,273,708,0,1,0,709,A
1-PB2,274,1,694,0,1,696,T
1-PB2,275,0,0,0,700,700,C
1-PB2,276,703,0,1,0,704,A
1-PB2,277,0,0,0,725,725,C
1-PB2,278,0,0,0,719,719,C
1-PB2,279,0,707,1,0,708,T
1-PB2,280,0,703,0,0,703,T
1-PB2,281,0,701,0,0,701,T
1-PB2,282,0,0,711,0,711,G
1-PB2,283,0,0,715,0,715,G
1-PB2,284,0,0,0,725,725,C
1-PB2,285,0,714,0,1,715,T
1-PB2,286,1,0,721,0,722,G
1-PB2,287,0,725,0,0,725,T
1-PB2,288,722,0,0,0,722,A
1-PB2,289,726,0,1,0,727,A
1-PB2,290,0,0,0,725,725,C
1-PB2,291,720,0,0,0,720,A
1-PB2,292,0,717,0,0,717,T
1-PB2,293,1,1,706,0,708,G
1-PB2,294,0,0,721,0,721,G
1-PB2,295,0,713,0,0,713,T
1-PB2,296,0,0,719,0,719,G
1-PB2,297,0,0,730,0,730,G
1-PB2,298,722,0,1,0,723,A
1-PB2,299,727,0,1,0,728,A
1-PB2,300,0,726,0,0,726,T
1-PB2,301,726,0,1,0,727,A
1-PB2,302,0,0,750,0,750,G
1-PB2,303,748,0,0,0,748,A
1-PB2,304,747,0,0,0,747,A
1-PB2,305,748,0,0,0,748,A
1-PB2,306,0,725,0,0,725,T
1-PB2,307,0,0,726,0,726,G
1-PB2,308,0,0,724,0,724,G
1-PB2,309,726,0,0,0,726,A
1-PB2,310,0,0,0,726,726,C
1-PB2,311,0,0,0,714,714,C
1-PB2,312,0,0,0,719,719,C
1-PB2,313,0,0,722,0,722,G
1-PB2,314,0,727,0,0,727,T
1-PB2,315,1,2,735,0,738,G
1-PB2,316,739,0,2,0,741,A
1-PB2,317,1,1,0,749,751,C
1-PB2,318,750,0,2,0,752,A
1-PB2,319,751,0,1,0,752,A
1-PB2,320,0,0,775,0,775,G
1-PB2,321,0,772,0,1,773,T
1-PB2,322,771,0,0,0,771,A
1-PB2,323,0,1,0,763,764,C
1-PB2,324,0,1,745,0,746,G
1-PB2,325,0,0,778,0,778,G
1-PB2,326,0,767,0,2,769,T
1-PB2,327,0,0,0,782,782,C
1-PB2,328,1,0,0,781,782,C
1-PB2,329,773,1,0,0,774,A
1-PB2,330,0,777,0,2,779,T
1-PB2,331,0,780,0,0,780,T
1-PB2,332,817,0,0,0,817,A
1-PB2,333,0,0,1,816,817,C
1-PB2,334,1,0,0,811,812,C
1-PB2,335,1,0,0,809,810,C
1-PB2,336,801,0,0,0,801,A
1-PB2,337,808,0,0,0,808,A
1-PB2,338,810,0,0,0,810,A
1-PB2,339,807,0,0,0,807,A
1-PB2,340,1,0,812,0,813,G
1-PB2,341,0,781,0,0,781,T
1-PB2,342,0,0,796,0,796,G
1-PB2,343,0,798,0,1,799,T
1-PB2,344,798,0,0,0,798,A
1-PB2,345,0,0,0,805,805,C
1-PB2,346,800,0,0,0,800,A
1-PB2,347,798,0,0,0,798,A
1-PB2,348,0,1,798,0,799,G
1-PB2,349,789,0,1,0,790,A
1-PB2,350,0,0,0,793,793,C
1-PB2,351,0,781,0,1,782,T
1-PB2,352,0,785,0,1,786,T
1-PB2,353,788,0,0,0,788,A
1-PB2,354,0,783,0,1,784,T
1-PB2,355,0,786,0,0,786,T
1-PB2,356,0,781,0,0,781,T
1-PB2,357,0,0,0,777,777,C
1-PB2,358,0,1,774,0,775,G
1-PB2,359,777,0,1,0,778,A
1-PB2,360,0,0,0,774,774,C
1-PB2,361,771,0,0,0,771,A
1-PB2,362,775,0,0,0,775,A
1-PB2,363,773,0,0,0,773,A
1-PB2,364,1,0,773,0,774,G
1-PB2,365,0,773,0,1,774,T
1-PB2,366,0,773,0,0,773,T
1-PB2,367,0,1,794,0,795,G
1-PB2,368,790,0,0,0,790,A
1-PB2,369,792,0,2,0,794,A
1-PB2,370,790,0,1,0,791,A
1-PB2,371,0,0,806,0,806,G
1-PB2,372,0,0,811,0,811,G
1-PB2,373,0,807,0,0,807,T
1-PB2,374,0,808,0,0,808,T
1-PB2,375,807,0,0,0,807,A
1-PB2,376,807,0,0,0,807,A
1-PB2,377,808,0,0,0,808,A
1-PB2,378,814,0,0,0,814,A
1-PB2,379,0,0,0,819,819,C
1-PB2,380,802,0,0,0,802,A
1-PB2,381,0,796,0,0,796,T
1-PB2,382,0,2,794,0,796,G
1-PB2,383,0,1,797,0,798,G
1-PB2,384,794,0,0,0,794,A
1-PB2,385,804,0,0,0,804,A
1-PB2,386,0,0,0,823,823,C
1-PB2,387,0,0,0,829,829,C
1-PB2,388,0,827,0,0,827,T
1-PB2,389,0,824,0,0,824,T
1-PB2,390,0,824,0,1,825,T
1-PB2,391,1,1,823,0,825,G
1-PB2,392,1,0,819,0,820,G
1-PB2,393,0,0,0,819,819,C
1-PB2,394,0,0,0,816,816,C
1-PB2,395,0,0,0,819,819,C
1-PB2,396,0,793,0,2,795,T
1-PB2,397,0,1,801,0,802,G
1-PB2,398,0,803,0,1,804,T
1-PB2,399,0,797,0,2,799,T
1-PB2,400,0,0,1,800,801,C
1-PB2,401,792,0,0,0,792,A
1-PB2,402,0,796,0,0,796,T
1-PB2,403,0,792,0,1,793,T
1-PB2,404,1,790,0,0,791,T
1-PB2,405,0,794,0,0,794,T
1-PB2,406,780,0,0,0,780,A
1-PB2,407,0,0,777,0,777,G
1-PB2,408,772,0,2,0,774,A
1-PB2,409,782,0,0,0,782,A
1-PB2,410,782,0,0,0,782,A
1-PB2,411,0,768,0,0,768,T
1-PB2,412,1,0,0,774,775,C
1-PB2,413,779,0,0,0,779,A
1-PB2,414,779,0,3,0,782,A
1-PB2,415,0,0,783,0,783,G
1-PB2,416,0,780,0,0,780,T
1-PB2,417,1,0,0,784,785,C
1-PB2,418,789,0,0,0,789,A
1-PB2,419,790,0,0,0,790,A
1-PB2,420,1,0,787,0,788,G
1-PB2,421,788,0,1,0,789,A
1-PB2,422,0,787,0,0,787,T
1-PB2,423,788,0,0,0,788,A
1-PB2,424,0,0,0,787,787,C
1-PB2,425,0,0,783,0,783,G
1-PB2,426,0,0,0,790,790,C
1-PB2,427,784,0,1,0,785,A
1-PB2,428,0,0,792,0,792,G
1-PB2,429,787,0,0,0,787,A
1-PB2,430,790,0,0,0,790,A
1-PB2,431,0,0,803,0,803,G
1-PB2,432,774,0,3,0,777,A
1-PB2,433,1,0,783,0,784,G
1-PB2,434,0,780,0,0,780,T
1-PB2,435,772,0,1,0,773,A
1-PB2,436,1,1,786,0,788,G
1-PB2,437,784,0,2,0,786,A
1-PB2,438,0,0,0,810,810,C
1-PB2,439,805,0,0,0,805,A
1-PB2,440,0,787,0,0,787,T
1-PB2,441,784,0,0,0,784,A
1-PB2,442,786,0,1,0,787,A
1-PB2,443,789,0,0,0,789,A
1-PB2,444,0,0,0,799,799,C
1-PB2,445,0,0,0,781,781,C
1-PB2,446,0,0,0,774,774,C
1-PB2,447,0,735,0,2,737,T
1-PB2,448,0,1,750,0,751,G
1-PB2,449,2,0,767,0,769,G
1-PB2,450,0,765,0,1,766,T
1-PB2,451,2,0,0,760,762,C
1-PB2,452,772,0,0,0,772,A
1-PB2,453,0,774,0,0,774,T
1-PB2,454,0,1,775,1,777,G
1-PB2,455,0,1,0,773,774,C
1-PB2,456,776,0,0,0,776,A
1-PB2,457,0,1,775,0,776,G
1-PB2,458,760,0,1,0,761,A
1-PB2,459,0,0,0,774,774,C
1-PB2,460,0,0,0,768,768,C
1-PB2,461,0,761,0,0,761,T
1-PB2,462,1,0,0,758,759,C
1-PB2,463,751,0,0,1,752,A
1-PB2,464,0,0,771,0,771,G
1-PB2,465,0,767,0,0,767,T
1-PB2,466,0,0,774,0,774,G
1-PB2,467,0,0,0,771,771,C
1-PB2,468,0,0,0,773,773,C
1-PB2,469,774,0,0,0,774,A
1-PB2,470,773,0,0,0,773,A
1-PB2,471,775,0,1,0,776,A
1-PB2,472,0,1,772,0,773,G
1-PB2,473,757,0,0,0,757,A
1-PB2,474,0,0,756,0,756,G
1-PB2,475,0,0,759,0,759,G
1-PB2,476,1,0,0,758,759,C
1-PB2,477,759,0,1,0,760,A
1-PB2,478,0,0,0,767,767,C
1-PB2,479,762,0,0,0,762,A
1-PB2,480,777,0,2,0,779,A
1-PB2,481,0,1,790,0,791,G
1-PB2,482,794,0,1,0,795,A
1-PB2,483,0,789,0,0,789,T
1-PB2,484,0,0,783,0,783,G
1-PB2,485,1,780,0,1,782,T
1-PB2,486,781,0,1,0,782,A
1-PB2,487,777,0,0,0,777,A
1-PB2,488,0,780,0,0,780,T
1-PB2,489,1,0,0,727,728,C
1-PB2,490,737,0,0,0,737,A
1-PB2,491,0,740,0,0,740,T
1-PB2,492,0,0,737,0,737,G
1-PB2,493,0,1,738,0,739,G
1-PB2,494,735,0,0,0,735,A
1-PB2,495,729,0,1,0,730,A
1-PB2,496,0,0,732,0,732,G
1-PB2,497,0,735,0,0,735,T
1-PB2,498,0,735,0,0,735,T
1-PB2,499,0,0,739,0,739,G
1-PB2,500,0,738,0,1,739,T
1-PB2,501,0,735,0,0,735,T
1-PB2,502,0,734,0,1,735,T
1-PB2,503,0,737,0,0,737,T
1-PB2,504,0,737,0,0,737,T
1-PB2,505,0,0,0,742,742,C
1-PB2,506,0,1,0,740,741,C
1-PB2,507,0,0,0,743,743,C
1-PB2,508,738,0,0,0,738,A
1-PB2,509,737,0,0,0,737,A
1-PB2,510,0,741,0,0,741,T
1-PB2,511,0,1,742,0,743,G
1-PB2,512,741,0,2,0,743,A
1-PB2,513,737,0,0,0,737,A
1-PB2,514,0,1,745,0,746,G
1-PB2,515,0,735,0,0,735,T
1-PB2,516,0,2,733,0,735,G
1-PB2,517,0,0,735,0,735,G
1-PB2,518,0,0,737,0,737,G
1-PB2,519,739,0,1,0,740,A
1-PB2,520,0,0,739,0,739,G
1-PB2,521,1,0,0,738,739,C
1-PB2,522,0,1,0,746,747,C
1-PB2,523,737,0,1,0,738,A
1-PB2,524,1,1,755,0,757,G
1-PB2,525,0,0,765,0,765,G
1-PB2,526,773,0,1,0,774,A
1-PB2,527,0,772,0,0,772,T
1-PB2,528,769,0,0,0,769,A
1-PB2,529,0,0,0,773,773,C
1-PB2,530,0,768,0,0,768,T
1-PB2,531,769,0,0,0,769,A
1-PB2,532,770,0,0,0,770,A
1-PB2,533,0,0,0,765,765,C
1-PB2,534,755,0,1,0,756,A
1-PB2,535,0,749,0,0,749,T
1-PB2,536,0,0,0,752,752,C
1-PB2,537,748,0,0,0,748,A
1-PB2,538,0,0,755,0,755,G
1-PB2,539,754,0,0,0,754,A
1-PB2,540,753,0,0,0,753,A
1-PB2,541,0,752,0,0,752,T
1-PB2,542,1,0,0,730,731,C
1-PB2,543,728,0,0,0,728,A
1-PB2,544,0,1,0,740,741,C
1-PB2,545,745,0,1,0,746,A
1-PB2,546,742,0,1,0,743,A
1-PB2,547,0,728,0,1,729,T
1-PB2,548,0,730,0,0,730,T
1-PB2,549,736,0,1,0,737,A
1-PB2,550,740,0,1,0,741,A
1-PB2,551,0,0,0,748,748,C
1-PB2,552,743,0,0,0,743,A
1-PB2,553,731,0,0,0,731,A
1-PB2,554,0,736,1,1,738,T
1-PB2,555,730,0,0,0,730,A
1-PB2,556,729,0,0,0,729,A
1-PB2,557,0,0,0,731,731,C
1-PB2,558,1,728,0,0,729,T
1-PB2,559,729,0,0,0,729,A
1-PB2,560,724,0,0,0,724,A
1-PB2,561,721,0,2,0,723,A
1-PB2,562,0,0,725,0,725,G
1-PB2,563,710,0,1,0,711,A
1-PB2,564,0,0,716,0,716,G
1-PB2,565,718,0,2,0,720,A
1-PB2,566,712,0,0,0,712,A
1-PB2,567,711,0,0,0,711,A
1-PB2,568,714,0,0,0,714,A
1-PB2,569,719,0,0,0,719,A
1-PB2,570,719,0,0,0,719,A
1-PB2,571,0,0,719,0,719,G
1-PB2,572,715,1,0,0,716,A
1-PB2,573,708,0,1,0,709,A
1-PB2,574,0,1,705,0,706,G
1-PB2,575,710,0,1,0,711,A
1-PB2,576,703,1,2,0,706,A
1-PB2,577,0,0,0,720,720,C
1-PB2,578,0,695,0,2,697,T
1-PB2,579,1,0,0,710,711,C
1-PB2,580,1,0,0,710,711,C
1-PB2,581,0,0,712,0,712,G
1-PB2,582,706,0,0,0,706,A
1-PB2,583,0,0,707,0,707,G
1-PB2,584,704,0,0,0,704,A
1-PB2,585,0,698,0,0,698,T
1-PB2,586,0,694,0,0,694,T
1-PB2,587,0,0,693,0,693,G
1-PB2,588,0,1,0,692,693,C
1-PB2,589,696,0,0,0,696,A
1-PB2,590,697,0,0,0,697,A
1-PB2,591,700,0,0,0,700,A
1-PB2,592,705,0,0,0,705,A
1-PB2,593,0,703,0,0,703,T
1-PB2,594,0,693,0,0,693,T
1-PB2,595,0,687,0,2,689,T
1-PB2,596,2,0,0,688,690,C
1-PB2,597,0,686,0,2,688,T
1-PB2,598,1,0,0,801,802,C
1-PB2,599,0,0,0,803,803,C
1-PB2,600,0,0,0,955,955,C
1-PB2,601,1,944,0,2,947,T
1-PB2,602,0,975,0,1,976,T
1-PB2,603,0,0,984,0,984,G
1-PB2,604,983,0,0,0,983,A
1-PB2,605,0,1054,0,1,1055,T
1-PB2,606,0,1,1086,0,1087,G
1-PB2,607,0,0,1312,0,1312,G
1-PB2,608,0,1353,0,2,1355,T
1-PB2,609,0,1357,0,0,1357,T
1-PB2,610,0,1,1527,0,1528,G
1-PB2,611,1,0,0,1531,1532,C
1-PB2,612,1589,0,0,0,1589,A
1-PB2,613,0,1587,0,4,1591,T
1-PB2,614,1624,0,1,4,1629,A
1-PB2,615,0,0,0,1725,1725,C
1-PB2,616,2037,2,0,10,2049,A
1-PB2,617,0,2122,0,1,2123,T
1-PB2,618,1,0,2264,0,2265,G
1-PB2,619,1,2258,0,0,2259,T
1-PB2,620,0,2256,0,0,2256,T
1-PB2,621,2264,0,1,1,2266,A
1-PB2,622,0,5,2268,0,2273,G
1-PB2,623,2300,0,6,0,2306,A
1-PB2,624,0,2,2344,0,2346,G
1-PB2,625,2288,0,2,0,2290,A
1-PB2,626,0,1,2301,0,2302,G
1-PB2,627,2263,0,5,0,2268,A
1-PB2,628,0,2,2295,0,2297,G
1-PB2,629,2293,0,5,0,2298,A
1-PB2,630,2312,0,1,0,2313,A
1-PB2,631,0,0,0,2324,2324,C
1-PB2,632,0,2323,0,1,2324,T
1-PB2,633,0,2320,0,0,2320,T
1-PB2,634,0,1,2331,0,2332,G
1-PB2,635,0,2325,0,2,2327,T
1-PB2,636,2325,1,3,0,2329,A
1-PB2,637,0,1,0,2325,2326,C
1-PB2,638,0,1,2325,0,2326,G
1-PB2,639,2324,0,0,0,2324,A
1-PB2,640,2323,0,0,0,2323,A
1-PB2,641,2361,0,0,0,2361,A
1-PB2,642,2359,0,0,0,2359,A
1-PB2,643,2361,0,1,0,2362,A
1-PB2,644,0,1,0,2368,2369,C
1-PB2,645,2375,0,1,0,2376,A
1-PB2,646,2377,0,0,0,2377,A
1-PB2,647,2,3,2399,0,2404,G
1-PB2,648,2409,0,0,0,2409,A
1-PB2,649,0,2404,0,5,2409,T
1-PB2,650,0,2400,1,1,2402,T
1-PB2,651,0,2417,0,1,2418,T
1-PB2,652,1,1,0,2423,2425,C
1-PB2,653,0,2425,0,4,2429,T
1-PB2,654,3,0,0,2437,2440,C
1-PB2,655,0,1,0,2426,2427,C
1-PB2,656,0,1,0,2434,2435,C
1-PB2,657,2428,0,0,0,2428,A
1-PB2,658,0,3,2467,0,2470,G
1-PB2,659,0,2465,0,0,2465,T
1-PB2,660,0,2470,0,1,2471,T
1-PB2,661,0,0,2472,1,2473,G
1-PB2,662,0,0,0,2464,2464,C
1-PB2,663,0,2465,0,1,2466,T
1-PB2,664,1,1,2478,0,2480,G
1-PB2,665,1,1,2474,0,2476,G
1-PB2,666,0,3,0,2470,2473,C
1-PB2,667,0,1,2480,0,2481,G
1-PB2,668,1,1,2521,0,2523,G
1-PB2,669,2527,1,0,0,2528,A
1-PB2,670,2529,0,2,0,2531,A
1-PB2,671,0,1,0,2521,2522,C
1-PB2,672,2537,0,6,0,2543,A
1-PB2,673,2541,0,4,0,2545,A
1-PB2,674,0,0,2667,0,2667,G
1-PB2,675,0,1,0,2738,2739,C
1-PB2,676,2751,0,0,0,2751,A
1-PB2,677,1,1,3506,0,3508,G
1-PB2,678,0,3502,0,0,3502,T
1-PB2,679,3526,1,3,0,3530,A
1-PB2,680,1,3526,0,0,3527,T
1-PB2,681,3540,0,3,0,3543,A
1-PB2,682,0,3546,0,0,3546,T
1-PB2,683,3508,1,0,0,3509,A
1-PB2,684,0,2,0,3557,3559,C
1-PB2,685,3415,0,0,0,3415,A
1-PB2,686,0,3252,0,2,3254,T
1-PB2,687,0,3156,0,2,3158,T
1-PB2,688,1,3,3150,0,3154,G
1-PB2,689,3153,0,1,0,3154,A
1-PB2,690,3149,0,1,0,3150,A
1-PB2,691,0,0,3192,0,3192,G
1-PB2,692,0,3181,0,1,3182,T
1-PB2,693,0,3172,0,1,3173,T
1-PB2,694,0,3173,0,2,3175,T
1-PB2,695,0,3179,0,1,3180,T
1-PB2,696,3205,0,6,0,3211,A
1-PB2,697,0,0,0,3231,3231,C
1-PB2,698,3227,0,1,0,3228,A
1-PB2,699,0,3220,0,1,3221,T
1-PB2,700,0,3207,0,1,3208,T
1-PB2,701,0,3209,0,0,3209,T
1-PB2,702,0,5,3252,0,3257,G
1-PB2,703,3267,0,4,0,3271,A
1-PB2,704,0,0,0,3297,3297,C
1-PB2,705,1,3267,0,3,3271,T
1-PB2,706,0,0,0,3273,3273,C
1-PB2,707,3253,0,2,0,3255,A
1-PB2,708,0,3,3243,0,3246,G
1-PB2,709,0,0,3324,0,3324,G
1-PB2,710,0,3,3327,0,3330,G
1-PB2,711,3346,1,1,0,3348,A
1-PB2,712,3341,0,5,1,3347,A
1-PB2,713,0,0,0,3358,3358,C
1-PB2,714,0,0,3385,0,3385,G
1-PB2,715,0,3371,0,0,3371,T
1-PB2,716,1,0,3405,0,3406,G
1-PB2,717,0,3377,1,0,3378,T
1-PB2,718,0,3381,0,1,3382,T
1-PB2,719,1,1,3389,0,3391,G
1-PB2,720,0,0,3386,0,3386,G
1-PB2,721,1,6,3426,0,3433,G
1-PB2,722,3403,1,3,0,3407,A
1-PB2,723,3399,0,2,1,3402,A
1-PB2,724,1,1,0,3480,3482,C
1-PB2,725,3480,0,0,0,3480,A
1-PB2,726,3621,0,0,0,3621,A
1-PB2,727,3622,0,0,1,3623,A
1-PB2,728,0,3653,0,1,3654,T
1-PB2,729,1,0,3716,0,3717,G
1-PB2,730,1,3680,0,0,3681,T
1-PB2,731,3680,0,3,2,3685,A
1-PB2,732,1,4,0,3695,3700,C
1-PB2,733,3643,0,2,0,3645,A
1-PB2,734,0,0,0,3649,3649,C
1-PB2,735,0,3545,0,3,3548,T
1-PB2,736,1,1,0,3899,3901,C
1-PB2,737,0,1,0,3917,3918,C
1-PB2,738,3961,0,6,1,3968,A
1-PB2,739,0,1,4014,0,4015,G
1-PB2,740,0,0,4110,0,4110,G
1-PB2,741,0,4060,0,5,4065,T
1-PB2,742,3,4,4097,0,4104,G
1-PB2,743,0,2,3999,0,4001,G
1-PB2,744,3919,0,4,0,3923,A
1-PB2,745,1,1,3965,0,3967,G
1-PB2,746,0,3,3972,0,3975,G
1-PB2,747,3881,0,4,0,3885,A
1-PB2,748,0,0,3927,0,3927,G
1-PB2,749,0,3842,0,1,3843,T
1-PB2,750,0,0,3881,0,3881,G
1-PB2,751,3878,0,6,0,3884,A
1-PB2,752,0,4,3908,0,3912,G
1-PB2,753,5,3,3925,0,3933,G
1-PB2,754,3907,0,3,0,3910,A
1-PB2,755,3906,0,9,0,3915,A
1-PB2,756,0,3939,0,0,3939,T
1-PB2,757,0,5,3926,0,3931,G
1-PB2,758,3928,0,3,0,3931,A
1-PB2,759,0,0,0,3912,3912,C
1-PB2,760,2,1,3922,0,3925,G
1-PB2,761,3945,0,1,0,3946,A
1-PB2,762,0,3937,0,1,3938,T
1-PB2,763,1,0,3965,0,3966,G
1-PB2,764,0,3953,0,0,3953,T
1-PB2,765,0,3936,0,2,3938,T
1-PB2,766,0,9,3964,0,3973,G
1-PB2,767,3966,0,7,0,3973,A
1-PB2,768,0,0,0,3972,3972,C
1-PB2,769,2,1,0,3970,3973,C
1-PB2,770,3942,0,1,0,3943,A
1-PB2,771,3932,0,0,0,3932,A
1-PB2,772,3940,0,4,0,3944,A
1-PB2,773,0,0,4037,0,4037,G
1-PB2,774,1,2,0,4051,4054,C
1-PB2,775,0,0,0,4051,4051,C
1-PB2,776,0,4068,0,4,4072,T
1-PB2,777,4074,1,1,0,4076,A
1-PB2,778,4083,0,4,0,4087,A
1-PB2,779,0,4101,0,0,4101,T
1-PB2,780,0,4093,0,0,4093,T
1-PB2,781,4056,0,2,0,4058,A
1-PB2,782,0,3974,0,2,3976,T
1-PB2,783,0,3963,0,2,3965,T
1-PB2,784,1,1,3957,0,3959,G
1-PB2,785,1,2,0,3939,3942,C
1-PB2,786,2,1,3936,0,3939,G
1-PB2,787,3,2,4011,0,4016,G
1-PB2,788,1,1,0,4002,4004,C
1-PB2,789,0,2,0,4020,4022,C
1-PB2,790,4024,0,1,0,4025,A
1-PB2,791,0,1,4072,0,4073,G
1-PB2,792,0,3,4110,0,4113,G
1-PB2,793,4094,0,2,0,4096,A
1-PB2,794,4122,0,7,0,4129,A
1-PB2,795,0,2,0,4146,4148,C
1-PB2,796,4089,0,2,0,4091,A
1-PB2,797,0,4180,0,2,4182,T
1-PB2,798,4247,0,2,0,4249,A
1-PB2,799,0,0,4292,0,4292,G
1-PB2,800,0,4224,1,0,4225,T
1-PB2,801,4224,0,1,0,4225,A
1-PB2,802,4209,1,3,1,4214,A
1-PB2,803,1,4,4219,0,4224,G
1-PB2,804,4198,0,1,0,4199,A
1-PB2,805,4146,0,5,0,4151,A
1-PB2,806,1,1,4132,0,4134,G
1-PB2,807,3995,0,4,0,3999,A
1-PB2,808,0,1,4016,0,4017,G
1-PB2,809,1,0,0,4007,4008,C
1-PB2,810,0,2,0,4014,4016,C
1-PB2,811,8,0,4013,0,4021,G
1-PB2,812,1,1,0,4049,4051,C
1-PB2,813,4051,0,0,1,4052,A
1-PB2,814,0,1,4365,0,4366,G
1-PB2,815,0,4342,0,2,4344,T
1-PB2,816,4378,1,1,0,4380,A
1-PB2,817,0,4365,1,0,4366,T
1-PB2,818,2,3,0,4386,4391,C
1-PB2,819,4394,0,3,0,4397,A
1-PB2,820,0,2,4386,0,4388,G
1-PB2,821,0,0,0,4389,4389,C
1-PB2,822,4245,1,3,0,4249,A
1-PB2,823,0,2,4199,0,4201,G
1-PB2,824,4246,0,1,0,4247,A
1-PB2,825,0,4229,1,4,4234,T
1-PB2,826,1,0,0,4263,4264,C
1-PB2,827,3,1,0,4276,4280,C
1-PB2,828,4261,0,0,0,4261,A
1-PB2,829,1,0,0,4287,4288,C
1-PB2,830,0,4269,0,2,4271,T
1-PB2,831,4289,1,2,0,4292,A
1-PB2,832,1,1,4271,0,4273,G
1-PB2,833,2,2,0,4206,4210,C
1-PB2,834,3,1,4167,1,4172,G
1-PB2,835,1,4182,0,4,4187,T
1-PB2,836,0,0,0,4219,4219,C
1-PB2,837,0,4212,0,3,4215,T
1-PB2,838,0,4246,0,0,4246,T
1-PB2,839,0,4264,0,0,4264,T
1-PB2,840,4257,0,2,0,4259,A
1-PB2,841,0,4248,1,1,4250,T
1-PB2,842,3,9,0,4201,4213,C
1-PB2,843,5,0,4213,0,4218,G
1-PB2,844,1,1,4262,0,4264,G
1-PB2,845,4252,0,5,0,4257,A
1-PB2,846,1,3,4280,0,4284,G
1-PB2,847,4324,0,2,0,4326,A
1-PB2,848,0,4297,0,0,4297,T
1-PB2,849,1,1,4349,0,4351,G
1-PB2,850,0,4353,0,2,4355,T
1-PB2,851,2,0,4350,0,4352,G
1-PB2,852,1,2,0,4353,4356,C
1-PB2,853,2,1,0,4339,4342,C
1-PB2,854,4345,0,3,0,4348,A
1-PB2,855,4,0,0,4348,4352,C
1-PB2,856,4278,0,2,0,4280,A
1-PB2,857,1,0,4323,0,4324,G
1-PB2,858,2,0,0,4208,4210,C
1-PB2,859,4221,0,4,0,4225,A
1-PB2,860,0,0,0,4228,4228,C
1-PB2,861,4206,0,5,0,4211,A
1-PB2,862,0,0,0,4245,4245,C
1-PB2,863,4235,0,1,1,4237,A
1-PB2,864,4247,0,0,0,4247,A
1-PB2,865,4234,0,3,0,4237,A
1-PB2,866,1,4134,0,0,4135,T
1-PB2,867,0,4131,0,2,4133,T
1-PB2,868,1,1,4120,0,4122,G
1-PB2,869,0,2,4096,0,4098,G
1-PB2,870,0,3,0,4100,4103,C
1-PB2,871,2,2,4096,0,4100,G
1-PB2,872,2,8,4074,0,4084,G
1-PB2,873,4074,0,2,0,4076,A
1-PB2,874,4176,0,1,0,4177,A
1-PB2,875,0,0,0,4204,4204,C
1-PB2,876,4195,0,5,0,4200,A
1-PB2,877,4199,0,4,0,4203,A
1-PB2,878,0,1,4219,0,4220,G
1-PB2,879,0,0,4234,0,4234,G
1-PB2,880,4213,0,5,0,4218,A
1-PB2,881,0,4019,0,0,4019,T
1-PB2,882,2,4,4008,0,4014,G
1-PB2,883,1,0,4042,0,4043,G
1-PB2,884,0,3990,1,2,3993,T
1-PB2,885,1,2,4019,0,4022,G
1-PB2,886,3,3,3992,1,3999,G
1-PB2,887,3968,0,4,0,3972,A
1-PB2,888,0,1,0,3965,3966,C
1-PB2,889,3938,0,0,0,3938,A
1-PB2,890,0,4439,1,1,4441,T
1-PB2,891,0,4426,1,0,4427,T
1-PB2,892,2,0,0,4423,4425,C
1-PB2,893,1,4365,0,5,4371,T
1-PB2,894,0,4366,1,2,4369,T
1-PB2,895,4376,0,3,0,4379,A
1-PB2,896,1,5,4394,0,4400,G
1-PB2,897,4365,1,3,0,4369,A
1-PB2,898,0,0,0,4381,4381,C
1-PB2,899,3723,2,1,0,3726,A
1-PB2,900,1,2,3769,0,3772,G
1-PB2,901,3735,0,3,0,3738,A
1-PB2,902,3752,0,4,0,3756,A
1-PB2,903,3,0,0,3737,3740,C
1-PB2,904,1,0,0,3755,3756,C
1-PB2,905,1,1,0,3748,3750,C
1-PB2,906,0,6,3751,0,3757,G
1-PB2,907,3739,1,1,0,3741,A
1-PB2,908,0,1,0,3777,3778,C
1-PB2,909,0,3711,0,6,3717,T
1-PB2,910,0,1,3744,0,3745,G
1-PB2,911,3706,0,6,0,3712,A
1-PB2,912,3744,0,6,0,3750,A
1-PB2,913,0,2,3761,0,3763,G
1-PB2,914,3753,0,1,0,3754,A
1-PB2,915,3764,0,0,0,3764,A
1-PB2,916,0,1,0,3756,3757,C
1-PB2,917,3743,0,1,0,3744,A
1-PB2,918,3751,1,3,0,3755,A
1-PB2,919,1,0,3820,0,3821,G
1-PB2,920,0,0,0,3837,3837,C
1-PB2,921,0,3822,0,2,3824,T
1-PB2,922,0,0,3876,0,3876,G
1-PB2,923,0,3855,0,0,3855,T
1-PB2,924,1,2,3939,0,3942,G
1-PB2,925,12,3,4078,0,4093,G
1-PB2,926,4080,0,5,1,4086,A
1-PB2,927,0,4070,1,0,4071,T
1-PB2,928,4078,0,3,1,4082,A
1-PB2,929,0,4024,0,0,4024,T
1-PB2,930,4142,2,3,0,4147,A
1-PB2,931,1,4083,0,2,4086,T
1-PB2,932,1,0,4090,0,4091,G
1-PB2,933,0,0,0,4035,4035,C
1-PB2,934,3864,1,1,0,3866,A
1-PB2,935,3849,0,4,2,3855,A
1-PB2,936,0,2,3857,1,3860,G
1-PB2,937,1,0,3885,0,3886,G
1-PB2,938,0,0,0,3893,3893,C
1-PB2,939,0,3821,0,5,3826,T
1-PB2,940,0,0,3851,0,3851,G
1-PB2,941,0,5,0,3854,3859,C
1-PB2,942,3866,1,0,0,3867,A
1-PB2,943,3865,0,2,0,3867,A
1-PB2,944,0,3838,0,0,3838,T
1-PB2,945,1,1,3859,0,3861,G
1-PB2,946,1,3,3831,0,3835,G
1-PB2,947,0,5,3840,0,3845,G
1-PB2,948,3821,0,4,0,3825,A
1-PB2,949,0,3818,0,0,3818,T
1-PB2,950,0,3807,0,3,3810,T
1-PB2,951,0,2,3815,0,3817,G
1-PB2,952,3808,0,4,0,3812,A
1-PB2,953,2,0,3844,0,3846,G
1-PB2,954,3827,1,3,0,3831,A
1-PB2,955,3801,0,2,0,3803,A
1-PB2,956,0,3778,0,0,3778,T
1-PB2,957,3,0,0,3784,3787,C
1-PB2,958,3780,0,2,0,3782,A
1-PB2,959,0,2,3810,0,3812,G
1-PB2,960,0,1,0,3803,3804,C
1-PB2,961,0,3760,0,9,3769,T
1-PB2,962,4,0,0,3767,3771,C
1-PB2,963,3759,0,5,0,3764,A
1-PB2,964,0,3877,0,2,3879,T
1-PB2,965,1,1,0,3884,3886,C
1-PB2,966,4,2,0,3922,3928,C
1-PB2,967,1,3914,0,4,3919,T
1-PB2,968,0,3889,0,1,3890,T
1-PB2,969,4,0,0,3896,3900,C
1-PB2,970,3893,0,5,1,3899,A
1-PB2,971,1,0,3946,0,3947,G
1-PB2,972,0,1,0,3932,3933,C
1-PB2,973,1,3889,0,3,3893,T
1-PB2,974,0,3890,0,3,3893,T
1-PB2,975,0,3874,0,2,3876,T
1-PB2,976,0,1,3878,0,3879,G
1-PB2,977,0,0,3877,0,3877,G
1-PB2,978,0,3830,0,4,3834,T
1-PB2,979,0,7,3884,0,3891,G
1-PB2,980,2,1,3876,0,3879,G
1-PB2,981,0,0,3925,0,3925,G
1-PB2,982,0,3873,1,1,3875,T
1-PB2,983,0,3900,0,5,3905,T
1-PB2,984,0,3902,1,0,3903,T
1-PB2,985,3906,0,2,1,3909,A
1-PB2,986,0,0,0,3921,3921,C
1-PB2,987,3920,0,1,0,3921,A
1-PB2,988,0,3900,1,1,3902,T
1-PB2,989,1,3828,1,1,3831,T
1-PB2,990,1,3825,0,5,3831,T
1-PB2,991,3829,0,0,0,3829,A
1-PB2,992,3822,0,0,1,3823,A
1-PB2,993,3825,0,2,1,3828,A
1-PB2,994,3802,0,4,1,3807,A
1-PB2,995,0,2,3828,0,3830,G
1-PB2,996,3809,0,2,0,3811,A
1-PB2,997,3806,0,4,0,3810,A
1-PB2,998,0,0,0,3823,3823,C
1-PB2,999,3810,0,1,0,3811,A
1-PB2,1000,3806,0,8,0,3814,A
1-PB2,1001,0,0,3814,0,3814,G
1-PB2,1002,0,0,1,3813,3814,C
1-PB2,1003,1,5,3800,0,3806,G
1-PB2,1004,1,1,3801,0,3803,G
1-PB2,1005,2,0,3793,0,3795,G
1-PB2,1006,0,3790,0,6,3796,T
1-PB2,1007,7,2,0,3781,3790,C
1-PB2,1008,3812,1,0,0,3813,A
1-PB2,1009,0,3775,0,4,3779,T
1-PB2,1010,3,1,0,3805,3809,C
1-PB2,1011,3802,0,3,0,3805,A
1-PB2,1012,1,0,3859,0,3860,G
1-PB2,1013,0,3806,0,2,3808,T
1-PB2,1014,4,0,0,3810,3814,C
1-PB2,1015,3811,2,2,1,3816,A
1-PB2,1016,3825,0,0,0,3825,A
1-PB2,1017,3823,0,1,1,3825,A
1-PB2,1018,3822,0,1,1,3824,A
1-PB2,1019,3855,0,0,0,3855,A
1-PB2,1020,3845,0,7,0,3852,A
1-PB2,1021,1,1,3872,0,3874,G
1-PB2,1022,3837,0,5,0,3842,A
1-PB2,1023,3841,0,1,1,3843,A
1-PB2,1024,0,0,3841,0,3841,G
1-PB2,1025,3825,0,1,0,3826,A
1-PB2,1026,3698,0,13,2,3713,A
1-PB2,1027,0,4,3712,0,3716,G
1-PB2,1028,3697,0,4,0,3701,A
1-PB2,1029,1,3,3702,0,3706,G
1-PB2,1030,0,0,3779,0,3779,G
1-PB2,1031,0,3754,0,4,3758,T
1-PB2,1032,0,0,3840,0,3840,G
1-PB2,1033,1,2,0,3847,3850,C
1-PB2,1034,1,3850,0,4,3855,T
1-PB2,1035,0,3873,0,2,3875,T
1-PB2,1036,3874,0,0,0,3874,A
1-PB2,1037,0,1,0,3874,3875,C
1-PB2,1038,3834,2,2,0,3838,A
1-PB2,1039,0,0,3833,0,3833,G
1-PB2,1040,3,1,3803,0,3807,G
1-PB2,1041,0,2,0,3732,3734,C
1-PB2,1042,3707,0,2,0,3709,A
1-PB2,1043,3707,0,0,0,3707,A
1-PB2,1044,0,3771,0,0,3771,T
1-PB2,1045,1,0,0,3848,3849,C
1-PB2,1046,1,3833,0,9,3843,T
1-PB2,1047,2,0,0,3850,3852,C
1-PB2,1048,2,2,1,3831,3836,C
1-PB2,1049,3835,0,4,0,3839,A
1-PB2,1050,3824,0,3,0,3827,A
1-PB2,1051,3818,3,2,0,3823,A
1-PB2,1052,0,2,0,3859,3861,C
1-PB2,1053,3747,0,1,0,3748,A
1-PB2,1054,0,3672,0,1,3673,T
1-PB2,1055,0,3614,1,1,3616,T
1-PB2,1056,2,3,3616,0,3621,G
1-PB2,1057,3606,0,3,0,3609,A
1-PB2,1058,1,2,3560,0,3563,G
1-PB2,1059,3752,0,3,0,3755,A
1-PB2,1060,3752,0,0,0,3752,A
1-PB2,1061,0,3778,0,0,3778,T
1-PB2,1062,3783,0,1,0,3784,A
1-PB2,1063,3793,0,5,0,3798,A
1-PB2,1064,0,2,3910,0,3912,G
1-PB2,1065,3824,0,3,0,3827,A
1-PB2,1066,1,0,3947,0,3948,G
1-PB2,1067,0,3813,0,1,3814,T
1-PB2,1068,3848,0,3,0,3851,A
1-PB2,1069,0,2,1,3934,3937,C
1-PB2,1070,3905,0,2,0,3907,A
1-PB2,1071,0,3909,0,2,3911,T
1-PB2,1072,2,3,3893,0,3898,G
1-PB2,1073,3777,0,9,0,3786,A
1-PB2,1074,1,2,3832,0,3835,G
1-PB2,1075,2,8,3817,0,3827,G
1-PB2,1076,1,1,4033,0,4035,G
1-PB2,1077,3,0,4074,1,4078,G
1-PB2,1078,0,3948,0,4,3952,T
1-PB2,1079,3995,1,0,0,3996,A
1-PB2,1080,0,3998,0,0,3998,T
1-PB2,1081,0,1,4010,0,4011,G
1-PB2,1082,3976,0,8,1,3985,A
1-PB2,1083,5,3,3981,0,3989,G
1-PB2,1084,0,7,3933,0,3940,G
1-PB2,1085,3692,0,4,0,3696,A
1-PB2,1086,1,1,3784,0,3786,G
1-PB2,1087,0,3788,0,1,3789,T
1-PB2,1088,1,3879,0,1,3881,T
1-PB2,1089,5,1,0,3903,3909,C
1-PB2,1090,3893,1,4,0,3898,A
1-PB2,1091,0,2,0,3908,3910,C
1-PB2,1092,3887,0,0,0,3887,A
1-PB2,1093,3891,0,7,0,3898,A
1-PB2,1094,0,3905,0,1,3906,T
1-PB2,1095,0,3,3853,0,3856,G
1-PB2,1096,0,0,3885,0,3885,G
1-PB2,1097,0,3758,0,0,3758,T
1-PB2,1098,0,5,3782,0,3787,G
1-PB2,1099,1,3,3767,0,3771,G
1-PB2,1100,0,3,3766,0,3769,G
1-PB2,1101,3,3,3801,0,3807,G
1-PB2,1102,3782,0,0,0,3782,A
1-PB2,1103,3784,0,4,0,3788,A
1-PB2,1104,3758,0,1,1,3760,A
1-PB2,1105,3670,0,14,0,3684,A
1-PB2,1106,0,6,3737,0,3743,G
1-PB2,1107,3698,1,8,0,3707,A
1-PB2,1108,1,1,3717,0,3719,G
1-PB2,1109,0,1,0,3693,3694,C
1-PB2,1110,3693,0,1,0,3694,A
1-PB2,1111,3690,0,6,0,3696,A
1-PB2,1112,0,0,0,3799,3799,C
1-PB2,1113,3786,1,4,0,3791,A
1-PB2,1114,0,2,3886,0,3888,G
1-PB2,1115,0,3,0,3853,3856,C
1-PB2,1116,0,3844,0,1,3845,T
1-PB2,1117,3972,0,4,0,3976,A
1-PB2,1118,1,3971,0,0,3972,T
1-PB2,1119,3987,0,1,0,3988,A
1-PB2,1120,0,1,0,3981,3982,C
1-PB2,1121,3,3764,0,4,3771,T
1-PB2,1122,3800,0,1,0,3801,A
1-PB2,1123,3709,0,7,0,3716,A
1-PB2,1124,1,4,3707,0,3712,G
1-PB2,1125,3704,0,5,0,3709,A
1-PB2,1126,3614,0,0,0,3614,A
1-PB2,1127,3606,0,0,0,3606,A
1-PB2,1128,3571,0,6,0,3577,A
1-PB2,1129,0,0,3591,0,3591,G
1-PB2,1130,0,4,0,3571,3575,C
1-PB2,1131,3589,0,2,0,3591,A
1-PB2,1132,3588,0,2,1,3591,A
1-PB2,1133,0,1,0,3606,3607,C
1-PB2,1134,3,0,0,3606,3609,C
1-PB2,1135,3621,0,2,0,3623,A
1-PB2,1136,0,2,3646,0,3648,G
1-PB2,1137,3617,0,3,0,3620,A
1-PB2,1138,3633,0,3,0,3636,A
1-PB2,1139,0,0,3652,0,3652,G
1-PB2,1140,3638,1,2,0,3641,A
1-PB2,1141,0,3618,0,0,3618,T
1-PB2,1142,0,3594,1,0,3595,T
1-PB2,1143,0,2,3622,0,3624,G
1-PB2,1144,0,0,3671,0,3671,G
1-PB2,1145,0,3624,0,7,3631,T
1-PB2,1146,0,3620,0,4,3624,T
1-PB2,1147,4,0,0,3633,3637,C
1-PB2,1148,3626,0,1,0,3627,A
1-PB2,1149,3612,0,1,0,3613,A
1-PB2,1150,0,1,0,3860,3861,C
1-PB2,1151,0,3866,0,3,3869,T
1-PB2,1152,4,2,0,3882,3888,C
1-PB2,1153,3824,1,0,0,3825,A
1-PB2,1154,0,3839,0,2,3841,T
1-PB2,1155,3835,0,5,0,3840,A
1-PB2,1156,1,0,3867,0,3868,G
1-PB2,1157,0,3698,1,0,3699,T
1-PB2,1158,0,6,3759,0,3765,G
1-PB2,1159,3572,1,4,0,3577,A
1-PB2,1160,3,0,3664,0,3667,G
1-PB2,1161,0,3617,0,3,3620,T
1-PB2,1162,1,3,3629,0,3633,G
1-PB2,1163,1,1,3649,0,3651,G
1-PB2,1164,3638,0,1,0,3639,A
1-PB2,1165,3617,0,9,0,3626,A
1-PB2,1166,0,3,3642,0,3645,G
1-PB2,1167,3591,0,4,0,3595,A
1-PB2,1168,0,5,3617,0,3622,G
1-PB2,1169,3559,0,6,0,3565,A
1-PB2,1170,0,1,0,3572,3573,C
1-PB2,1171,2,2,3586,0,3590,G
1-PB2,1172,3528,0,2,0,3530,A
1-PB2,1173,3550,1,5,0,3556,A
1-PB2,1174,1,3,0,3562,3566,C
1-PB2,1175,3543,0,1,0,3544,A
1-PB2,1176,0,0,3720,1,3721,G
1-PB2,1177,0,3689,1,1,3691,T
1-PB2,1178,10,2,0,3695,3707,C
1-PB2,1179,3725,0,1,0,3726,A
1-PB2,1180,3713,0,1,0,3714,A
1-PB2,1181,1,3710,0,1,3712,T
1-PB2,1182,3707,0,2,0,3709,A
1-PB2,1183,2,1,3689,0,3692,G
1-PB2,1184,0,0,0,3667,3667,C
1-PB2,1185,2,5,0,3538,3545,C
1-PB2,1186,0,3,3523,0,3526,G
1-PB2,1187,3518,0,0,0,3518,A
1-PB2,1188,3535,0,4,0,3539,A
1-PB2,1189,0,1,3563,0,3564,G
1-PB2,1190,0,2,0,3641,3643,C
1-PB2,1191,3651,0,1,0,3652,A
1-PB2,1192,3644,0,2,0,3646,A
1-PB2,1193,1,3651,0,2,3654,T
1-PB2,1194,3668,0,0,0,3668,A
1-PB2,1195,3719,0,3,0,3722,A
1-PB2,1196,0,3704,0,0,3704,T
1-PB2,1197,2,0,0,3691,3693,C
1-PB2,1198,1,0,3676,0,3677,G
1-PB2,1199,0,3574,0,1,3575,T
1-PB2,1200,1,0,3591,0,3592,G
1-PB2,1201,0,0,3600,0,3600,G
1-PB2,1202,0,1,0,3585,3586,C
1-PB2,1203,0,1,1,3603,3605,C
1-PB2,1204,3553,2,0,0,3555,A
1-PB2,1205,0,3550,0,6,3556,T
1-PB2,1206,2,1,3555,0,3558,G
1-PB2,1207,1,1,3616,0,3618,G
1-PB2,1208,0,3520,0,1,3521,T
1-PB2,1209,1,0,3626,0,3627,G
1-PB2,1210,0,3523,0,3,3526,T
1-PB2,1211,1,3543,1,5,3550,T
1-PB2,1212,1,3570,1,1,3573,T
1-PB2,1213,0,3561,1,4,3566,T
1-PB2,1214,0,1,0,3593,3594,C
1-PB2,1215,3577,1,6,0,3584,A
1-PB2,1216,0,0,0,3647,3647,C
1-PB2,1217,3608,0,2,0,3610,A
1-PB2,1218,3595,0,1,0,3596,A
1-PB2,1219,1,1,3606,0,3608,G
1-PB2,1220,3582,1,1,0,3584,A
1-PB2,1221,3511,0,33,0,3544,A
1-PB2,1222,1,3,3584,0,3588,G
1-PB2,1223,3581,0,3,0,3584,A
1-PB2,1224,0,3583,0,1,3584,T
1-PB2,1225,1,3546,0,0,3547,T
1-PB2,1226,0,0,3556,0,3556,G
1-PB2,1227,0,2,0,3519,3521,C
1-PB2,1228,3538,1,1,1,3541,A
1-PB2,1229,1,3548,0,4,3553,T
1-PB2,1230,1,3,3658,0,3662,G
1-PB2,1231,3678,0,4,1,3683,A
1-PB2,1232,0,3692,0,1,3693,T
1-PB2,1233,3691,0,0,1,3692,A
1-PB2,1234,3691,0,0,0,3691,A
1-PB2,1235,3689,0,1,1,3691,A
1-PB2,1236,3682,0,7,0,3689,A
1-PB2,1237,3,0,3684,0,3687,G
1-PB2,1238,0,1,0,3763,3764,C
1-PB2,1239,3775,0,2,0,3777,A
1-PB2,1240,0,0,3904,0,3904,G
1-PB2,1241,2,3870,0,4,3876,T
1-PB2,1242,0,3878,0,0,3878,T
1-PB2,1243,3889,0,2,0,3891,A
1-PB2,1244,2,1,3896,0,3899,G
1-PB2,1245,3871,1,8,0,3880,A
1-PB2,1246,1,3,3874,0,3878,G
1-PB2,1247,1,0,3838,0,3839,G
1-PB2,1248,0,3632,0,1,3633,T
1-PB2,1249,0,10,3648,0,3658,G
1-PB2,1250,3648,0,5,0,3653,A
1-PB2,1251,0,0,0,3647,3647,C
1-PB2,1252,2,0,0,3680,3682,C
1-PB2,1253,0,3639,1,2,3642,T
1-PB2,1254,0,3,3644,0,3647,G
1-PB2,1255,3633,0,2,0,3635,A
1-PB2,1256,3637,0,2,0,3639,A
1-PB2,1257,0,3643,0,1,3644,T
1-PB2,1258,0,3673,1,0,3674,T
1-PB2,1259,0,3676,0,0,3676,T
1-PB2,1260,2,3,1,3660,3666,C
1-PB2,1261,3,0,3671,0,3674,G
1-PB2,1262,0,3650,0,6,3656,T
1-PB2,1263,2,0,0,3656,3658,C
1-PB2,1264,3670,1,2,0,3673,A
1-PB2,1265,3668,0,2,0,3670,A
1-PB2,1266,0,3,0,3667,3670,C
1-PB2,1267,3608,0,0,0,3608,A
1-PB2,1268,1,3,3663,0,3667,G
1-PB2,1269,3631,0,6,0,3637,A
1-PB2,1270,0,9,3643,0,3652,G
1-PB2,1271,2,1,0,3642,3645,C
1-PB2,1272,3658,2,2,0,3662,A
1-PB2,1273,3710,0,0,0,3710,A
1-PB2,1274,3699,0,1,1,3701,A
1-PB2,1275,0,3675,0,0,3675,T
1-PB2,1276,3,1,0,3691,3695,C
1-PB2,1277,3654,1,2,0,3657,A
1-PB2,1278,1,0,3645,1,3647,G
1-PB2,1279,0,2,0,3655,3657,C
1-PB2,1280,1,3,3664,0,3668,G
1-PB2,1281,1,0,3869,0,3870,G
1-PB2,1282,0,3833,0,3,3836,T
1-PB2,1283,1,3837,0,2,3840,T
1-PB2,1284,0,5,3842,0,3847,G
1-PB2,1285,3834,1,3,0,3838,A
1-PB2,1286,3862,0,4,1,3867,A
1-PB2,1287,0,1,0,3874,3875,C
1-PB2,1288,1,0,0,3875,3876,C
1-PB2,1289,3,0,0,3884,3887,C
1-PB2,1290,2,0,0,3750,3752,C
1-PB2,1291,3760,0,4,0,3764,A
1-PB2,1292,0,3777,0,0,3777,T
1-PB2,1293,0,1,3778,0,3779,G
1-PB2,1294,0,1,0,3795,3796,C
1-PB2,1295,3776,0,0,0,3776,A
1-PB2,1296,0,3728,0,7,3735,T
1-PB2,1297,2,0,0,3725,3727,C
1-PB2,1298,3704,0,1,0,3705,A
1-PB2,1299,1,1,3780,0,3782,G
1-PB2,1300,0,0,0,3791,3791,C
1-PB2,1301,1,3783,0,5,3789,T
1-PB2,1302,0,3791,0,0,3791,T
1-PB2,1303,1,3774,0,0,3775,T
1-PB2,1304,0,3773,0,2,3775,T
1-PB2,1305,3770,0,2,0,3772,A
1-PB2,1306,3777,0,1,0,3778,A
1-PB2,1307,0,6,3762,0,3768,G
1-PB2,1308,1,0,3733,0,3734,G
1-PB2,1309,3,0,0,3686,3689,C
1-PB2,1310,3690,0,1,0,3691,A
1-PB2,1311,1,3691,0,0,3692,T
1-PB2,1312,0,3701,0,2,3703,T
1-PB2,1313,0,3703,0,1,3704,T
1-PB2,1314,1,3715,0,0,3716,T
1-PB2,1315,3,0,0,3724,3727,C
1-PB2,1316,3722,0,3,0,3725,A
1-PB2,1317,2,3,3721,0,3726,G
1-PB2,1318,3717,0,2,0,3719,A
1-PB2,1319,3722,0,0,0,3722,A
1-PB2,1320,3706,0,3,0,3709,A
1-PB2,1321,0,2,3707,0,3709,G
1-PB2,1322,3725,0,2,0,3727,A
1-PB2,1323,0,3721,0,0,3721,T
1-PB2,1324,1,1,3737,1,3740,G
1-PB2,1325,1,4,0,3732,3737,C
1-PB2,1326,0,3,3752,0,3755,G
1-PB2,1327,3722,0,4,0,3726,A
1-PB2,1328,3745,0,0,0,3745,A
1-PB2,1329,3732,0,5,0,3737,A
1-PB2,1330,0,0,3752,0,3752,G
1-PB2,1331,0,3698,0,5,3703,T
1-PB2,1332,1,0,3701,0,3702,G
1-PB2,1333,0,2,0,3674,3676,C
1-PB2,1334,1,3686,1,7,3695,T
1-PB2,1335,0,3696,0,1,3697,T
1-PB2,1336,0,3703,0,3,3706,T
1-PB2,1337,0,3705,0,3,3708,T
1-PB2,1338,0,3682,0,2,3684,T
1-PB2,1339,2,0,0,3705,3707,C
1-PB2,1340,3721,0,0,0,3721,A
1-PB2,1341,3722,0,0,0,3722,A
1-PB2,1342,3708,0,1,0,3709,A
1-PB2,1343,3734,0,0,0,3734,A
1-PB2,1344,0,3705,0,0,3705,T
1-PB2,1345,0,3731,0,0,3731,T
1-PB2,1346,0,2,3731,0,3733,G
1-PB2,1347,2,3,3718,0,3723,G
1-PB2,1348,2,3,3711,0,3716,G
1-PB2,1349,1,3,3781,0,3785,G
1-PB2,1350,3747,2,0,0,3749,A
1-PB2,1351,0,1,3822,0,3823,G
1-PB2,1352,0,3796,0,6,3802,T
1-PB2,1353,0,3798,0,0,3798,T
1-PB2,1354,0,5,3814,0,3819,G
1-PB2,1355,3809,1,5,0,3815,A
1-PB2,1356,3802,0,6,0,3808,A
1-PB2,1357,0,1,0,3900,3901,C
1-PB2,1358,3815,0,0,0,3815,A
1-PB2,1359,0,2,0,3908,3910,C
1-PB2,1360,3832,0,3,0,3835,A
1-PB2,1361,0,3815,0,0,3815,T
1-PB2,1362,4,1,1,3856,3862,C
1-PB2,1363,5,2,3854,0,3861,G
1-PB2,1364,3860,1,3,0,3864,A
1-PB2,1365,0,1,0,3851,3852,C
1-PB2,1366,3775,0,0,0,3775,A
1-PB2,1367,2,0,3881,0,3883,G
1-PB2,1368,0,3781,0,6,3787,T
1-PB2,1369,0,0,3848,0,3848,G
1-PB2,1370,0,3803,0,4,3807,T
1-PB2,1371,1,0,3822,0,3823,G
1-PB2,1372,3810,0,9,0,3819,A
1-PB2,1373,0,3776,0,4,3780,T
1-PB2,1374,1,6,3785,0,3792,G
1-PB2,1375,2,0,3781,0,3783,G
1-PB2,1376,1,3,3719,0,3723,G
1-PB2,1377,3689,0,3,0,3692,A
1-PB2,1378,3665,0,1,1,3667,A
1-PB2,1379,1,3655,0,0,3656,T
1-PB2,1380,1,1,3687,0,3689,G
1-PB2,1381,3704,0,2,0,3706,A
1-PB2,1382,0,3698,0,0,3698,T
1-PB2,1383,1,3674,0,2,3677,T
1-PB2,1384,0,2,3663,0,3665,G
1-PB2,1385,1,4,3759,0,3764,G
1-PB2,1386,3728,0,5,0,3733,A
1-PB2,1387,0,0,3774,0,3774,G
1-PB2,1388,0,3726,0,2,3728,T
1-PB2,1389,3720,0,0,0,3720,A
1-PB2,1390,1,3723,0,3,3727,T
1-PB2,1391,0,3752,0,0,3752,T
1-PB2,1392,3766,0,5,0,3771,A
1-PB2,1393,0,0,0,3781,3781,C
1-PB2,1394,1,1,0,3721,3723,C
1-PB2,1395,3684,2,0,0,3686,A
1-PB2,1396,1,1,3708,0,3710,G
1-PB2,1397,3781,0,0,0,3781,A
1-PB2,1398,0,3756,0,2,3758,T
1-PB2,1399,3722,0,1,0,3723,A
1-PB2,1400,0,3662,0,5,3667,T
1-PB2,1401,0,8,3631,1,3640,G
1-PB2,1402,3627,1,2,0,3630,A
1-PB2,1403,0,1,0,3655,3656,C
1-PB2,1404,0,3609,0,4,3613,T
1-PB2,1405,3,0,0,3604,3607,C
1-PB2,1406,3,0,0,3568,3571,C
1-PB2,1407,3587,0,1,0,3588,A
1-PB2,1408,3614,0,3,0,3617,A
1-PB2,1409,2,0,3687,0,3689,G
1-PB2,1410,0,4,0,3669,3673,C
1-PB2,1411,3658,0,1,0,3659,A
1-PB2,1412,4,0,0,3673,3677,C
1-PB2,1413,3650,2,2,0,3654,A
1-PB2,1414,0,1,3662,0,3663,G
1-PB2,1415,3636,0,3,0,3639,A
1-PB2,1416,0,1,3666,0,3667,G
1-PB2,1417,3678,0,5,0,3683,A
1-PB2,1418,0,3565,0,3,3568,T
1-PB2,1419,3,1,3639,0,3643,G
1-PB2,1420,0,3604,0,5,3609,T
1-PB2,1421,8,2,0,3592,3602,C
1-PB2,1422,3617,0,1,0,3618,A
1-PB2,1423,3606,0,0,0,3606,A
1-PB2,1424,0,3600,0,0,3600,T
1-PB2,1425,0,1,3592,1,3594,G
1-PB2,1426,3538,0,3,0,3541,A
1-PB2,1427,0,0,3556,1,3557,G
1-PB2,1428,3481,0,3,0,3484,A
1-PB2,1429,0,0,3496,0,3496,G
1-PB2,1430,2,1,3630,0,3633,G
1-PB2,1431,3639,0,2,1,3642,A
1-PB2,1432,3643,0,0,0,3643,A
1-PB2,1433,0,3626,0,1,3627,T
1-PB2,1434,3628,0,1,1,3630,A
1-PB2,1435,3625,0,2,0,3627,A
1-PB2,1436,0,3,3617,0,3620,G
1-PB2,1437,3595,0,8,0,3603,A
1-PB2,1438,0,0,3601,0,3601,G
1-PB2,1439,0,3378,0,0,3378,T
1-PB2,1440,4,0,0,3389,3393,C
1-PB2,1441,3386,0,6,0,3392,A
1-PB2,1442,2,0,3412,0,3414,G
1-PB2,1443,0,2,0,3438,3440,C
1-PB2,1444,3449,0,0,0,3449,A
1-PB2,1445,3459,0,0,0,3459,A
1-PB2,1446,3442,0,1,0,3443,A
1-PB2,1447,3459,0,0,0,3459,A
1-PB2,1448,0,3436,0,0,3436,T
1-PB2,1449,0,1,3454,0,3455,G
1-PB2,1450,0,2,3455,0,3457,G
1-PB2,1451,0,0,3475,1,3476,G
1-PB2,1452,1,3421,1,0,3423,T
1-PB2,1453,0,0,3444,0,3444,G
1-PB2,1454,0,3419,2,2,3423,T
1-PB2,1455,0,3,3431,1,3435,G
1-PB2,1456,1,1,3486,0,3488,G
1-PB2,1457,3480,0,1,0,3481,A
1-PB2,1458,1,3461,0,1,3463,T
1-PB2,1459,0,2,3492,0,3494,G
1-PB2,1460,3457,0,3,0,3460,A
1-PB2,1461,3466,0,3,0,3469,A
1-PB2,1462,0,3453,0,1,3454,T
1-PB2,1463,3405,0,1,0,3406,A
1-PB2,1464,0,1,0,3612,3613,C
1-PB2,1465,0,3510,0,3,3513,T
1-PB2,1466,1,0,0,3556,3557,C
1-PB2,1467,0,0,0,3573,3573,C
1-PB2,1468,3546,0,2,0,3548,A
1-PB2,1469,3,0,3667,0,3670,G
1-PB2,1470,0,3652,0,1,3653,T
1-PB2,1471,3671,0,1,0,3672,A
1-PB2,1472,0,1,0,3679,3680,C
1-PB2,1473,3299,0,4,0,3303,A
1-PB2,1474,0,0,3315,0,3315,G
1-PB2,1475,3235,0,4,0,3239,A
1-PB2,1476,1,3,3252,0,3256,G
1-PB2,1477,3153,0,2,0,3155,A
1-PB2,1478,1,6,3033,0,3040,G
1-PB2,1479,0,2,3030,0,3032,G
1-PB2,1480,0,0,3051,0,3051,G
1-PB2,1481,0,2980,0,2,2982,T
1-PB2,1482,1,1,2993,0,2995,G
1-PB2,1483,1,0,3011,0,3012,G
1-PB2,1484,0,2990,0,1,2991,T
1-PB2,1485,5,3,3054,1,3063,G
1-PB2,1486,0,0,3060,0,3060,G
1-PB2,1487,0,2993,1,3,2997,T
1-PB2,1488,0,2988,0,2,2990,T
1-PB2,1489,2952,0,2,0,2954,A
1-PB2,1490,0,0,2961,0,2961,G
1-PB2,1491,0,0,0,2961,2961,C
1-PB2,1492,2940,0,0,0,2940,A
1-PB2,1493,0,2928,0,0,2928,T
1-PB2,1494,0,2763,0,1,2764,T
1-PB2,1495,1,3,2760,0,2764,G
1-PB2,1496,2752,0,0,0,2752,A
1-PB2,1497,0,2739,0,1,2740,T
1-PB2,1498,6,1,0,2750,2757,C
1-PB2,1499,1,0,2739,0,2740,G
1-PB2,1500,1,0,2778,0,2779,G
1-PB2,1501,0,2759,0,1,2760,T
1-PB2,1502,3,2746,0,2,2751,T
1-PB2,1503,0,2758,0,1,2759,T
1-PB2,1504,0,2755,0,0,2755,T
1-PB2,1505,0,2750,0,1,2751,T
1-PB2,1506,0,4,2758,0,2762,G
1-PB2,1507,2758,1,1,0,2760,A
1-PB2,1508,0,1,2767,0,2768,G
1-PB2,1509,2657,0,1,0,2658,A
1-PB2,1510,0,0,2666,1,2667,G
1-PB2,1511,0,2661,1,2,2664,T
1-PB2,1512,0,2647,0,3,2650,T
1-PB2,1513,2,0,0,2668,2670,C
1-PB2,1514,0,1,2674,0,2675,G
1-PB2,1515,2670,0,4,0,2674,A
1-PB2,1516,0,2,2670,0,2672,G
1-PB2,1517,2655,0,3,0,2658,A
1-PB2,1518,0,1,0,2666,2667,C
1-PB2,1519,3,0,0,2645,2648,C
1-PB2,1520,2619,0,1,0,2620,A
1-PB2,1521,2637,0,2,0,2639,A
1-PB2,1522,1,0,0,2655,2656,C
1-PB2,1523,0,0,2658,0,2658,G
1-PB2,1524,0,2632,0,1,2633,T
1-PB2,1525,1,1,2631,0,2633,G
1-PB2,1526,0,1,2632,0,2633,G
1-PB2,1527,3,1,2631,0,2635,G
1-PB2,1528,2615,0,0,0,2615,A
1-PB2,1529,2624,0,0,0,2624,A
1-PB2,1530,0,2518,0,0,2518,T
1-PB2,1531,0,0,2601,0,2601,G
1-PB2,1532,0,2588,0,2,2590,T
1-PB2,1533,2591,0,0,0,2591,A
1-PB2,1534,0,2587,0,3,2590,T
1-PB2,1535,0,2552,0,0,2552,T
1-PB2,1536,2572,0,1,0,2573,A
1-PB2,1537,0,2551,0,0,2551,T
1-PB2,1538,0,2521,0,2,2523,T
1-PB2,1539,2517,0,0,0,2517,A
1-PB2,1540,0,2188,0,2,2190,T
1-PB2,1541,0,1,0,2234,2235,C
1-PB2,1542,0,2197,0,5,2202,T
1-PB2,1543,2,0,0,2204,2206,C
1-PB2,1544,1,1,0,2211,2213,C
1-PB2,1545,0,2140,0,2,2142,T
1-PB2,1546,0,0,2141,0,2141,G
1-PB2,1547,2140,0,0,0,2140,A
1-PB2,1548,0,3,2132,0,2135,G
1-PB2,1549,0,0,2128,0,2128,G
1-PB2,1550,1834,1,4,0,1839,A
1-PB2,1551,0,1,1858,0,1859,G
1-PB2,1552,0,0,1838,0,1838,G
1-PB2,1553,0,1729,0,2,1731,T
1-PB2,1554,4,0,0,1742,1746,C
1-PB2,1555,1712,0,1,0,1713,A
1-PB2,1556,0,0,1730,0,1730,G
1-PB2,1557,0,1720,0,1,1721,T
1-PB2,1558,0,3,1721,0,1724,G
1-PB2,1559,1713,0,2,0,1715,A
1-PB2,1560,1628,0,0,0,1628,A
1-PB2,1561,1634,1,0,2,1637,A
1-PB2,1562,0,1,0,1636,1637,C
1-PB2,1563,1607,0,1,0,1608,A
1-PB2,1564,0,0,1,1610,1611,C
1-PB2,1565,1540,0,1,2,1543,A
1-PB2,1566,0,1,1544,0,1545,G
1-PB2,1567,0,2,1541,0,1543,G
1-PB2,1568,0,1,1548,0,1549,G
1-PB2,1569,1546,0,1,0,1547,A
1-PB2,1570,1502,0,0,0,1502,A
1-PB2,1571,0,0,0,1506,1506,C
1-PB2,1572,0,1469,0,0,1469,T
1-PB2,1573,0,0,1469,0,1469,G
1-PB2,1574,1452,0,2,0,1454,A
1-PB2,1575,0,0,1457,0,1457,G
1-PB2,1576,1426,0,2,0,1428,A
1-PB2,1577,1,2,1339,0,1342,G
1-PB2,1578,1332,0,0,0,1332,A
1-PB2,1579,0,0,0,1320,1320,C
1-PB2,1580,0,1260,0,2,1262,T
1-PB2,1581,0,0,1269,1,1270,G
1-PB2,1582,1255,0,2,0,1257,A
1-PB2,1583,0,0,0,1267,1267,C
1-PB2,1584,1263,0,0,0,1263,A
1-PB2,1585,1259,0,0,0,1259,A
1-PB2,1586,0,1262,0,0,1262,T
1-PB2,1587,1254,0,0,0,1254,A
1-PB2,1588,1250,1,0,0,1251,A
1-PB2,1589,1,0,0,1252,1253,C
1-PB2,1590,0,1133,0,0,1133,T
1-PB2,1591,0,1115,0,0,1115,T
1-PB2,1592,1092,0,0,0,1092,A
1-PB2,1593,0,1090,1,0,1091,T
1-PB2,1594,1,1085,0,1,1087,T
1-PB2,1595,1,0,0,1079,1080,C
1-PB2,1596,988,0,0,0,988,A
1-PB2,1597,0,978,0,1,979,T
1-PB2,1598,0,1,0,937,938,C
1-PB2,1599,0,0,932,0,932,G
1-PB2,1600,0,930,0,1,931,T
1-PB2,1601,1,0,0,913,914,C
1-PB2,1602,0,0,910,0,910,G
1-PB2,1603,911,0,1,0,912,A
1-PB2,1604,0,907,0,1,908,T
1-PB2,1605,0,0,899,0,899,G
1-PB2,1606,887,0,0,0,887,A
1-PB2,1607,0,880,0,0,880,T
1-PB2,1608,0,0,875,0,875,G
1-PB2,1609,1,818,0,0,819,T
1-PB2,1610,1,1,816,0,818,G
1-PB2,1611,0,0,815,0,815,G
1-PB2,1612,0,0,816,0,816,G
1-PB2,1613,778,0,3,0,781,A
1-PB2,1614,1,0,766,0,767,G
1-PB2,1615,662,0,0,0,662,A
1-PB2,1616,0,614,0,0,614,T
1-PB2,1617,0,564,0,0,564,T
1-PB2,1618,562,1,0,0,563,A
1-PB2,1619,549,0,0,0,549,A
1-PB2,1620,0,0,0,535,535,C
1-PB2,1621,0,0,452,0,452,G
1-PB2,1622,0,0,428,0,428,G
1-PB2,1623,0,273,0,0,273,T
1-PB2,1624,0,0,0,264,264,C
1-PB2,1625,0,0,0,258,258,C
1-PB2,1626,0,196,0,1,197,T
1-PB2,1627,0,0,203,0,203,G
1-PB2,1628,199,0,0,0,199,A
1-PB2,1629,0,0,202,0,202,G
1-PB2,1630,0,201,0,0,201,T
1-PB2,1631,1,0,0,194,195,C
1-PB2,1632,0,0,189,0,189,G
1-PB2,1633,0,0,191,0,191,G
1-PB2,1634,0,188,0,0,188,T
1-PB2,1635,0,191,0,0,191,T
1-PB2,1636,0,188,0,0,188,T
1-PB2,1637,0,193,0,0,193,T
1-PB2,1638,0,0,192,0,192,G
1-PB2,1639,0,0,197,0,197,G
1-PB2,1640,0,195,0,1,196,T
1-PB2,1641,1,0,0,196,197,C
1-PB2,1642,197,0,0,0,197,A
1-PB2,1643,203,0,0,0,203,A
1-PB2,1644,0,202,0,0,202,T
1-PB2,1645,203,0,0,0,203,A
1-PB2,1646,0,0,0,212,212,C
1-PB2,1647,0,0,0,209,209,C
1-PB2,1648,0,209,0,1,210,T
1-PB2,1649,214,0,0,0,214,A
1-PB2,1650,0,219,0,0,219,T
1-PB2,1651,0,0,0,219,219,C
1-PB2,1652,210,0,0,0,210,A
1-PB2,1653,212,0,0,0,212,A
1-PB2,1654,0,211,0,0,211,T
1-PB2,1655,0,0,208,0,208,G
1-PB2,1656,0,0,207,0,207,G
1-PB2,1657,205,0,0,0,205,A
1-PB2,1658,0,203,0,0,203,T
1-PB2,1659,0,0,0,205,205,C
1-PB2,1660,205,0,0,0,205,A
1-PB2,1661,0,204,0,0,204,T
1-PB2,1662,0,0,0,206,206,C
1-PB2,1663,205,0,0,0,205,A
1-PB2,1664,0,0,204,0,204,G
1-PB2,1665,202,0,0,0,202,A
1-PB2,1666,205,0,0,0,205,A
1-PB2,1667,205,0,0,0,205,A
1-PB2,1668,0,206,0,0,206,T
1-PB2,1669,0,204,0,0,204,T
1-PB2,1670,0,1,202,0,203,G
1-PB2,1671,0,0,198,0,198,G
1-PB2,1672,0,0,204,0,204,G
1-PB2,1673,203,0,0,0,203,A
1-PB2,1674,202,0,0,0,202,A
1-PB2,1675,0,0,198,0,198,G
1-PB2,1676,0,0,0,201,201,C
1-PB2,1677,0,202,0,0,202,T
1-PB2,1678,0,0,205,0,205,G
1-PB2,1679,0,204,0,0,204,T
1-PB2,1680,1,0,0,200,201,C
1-PB2,1681,203,0,0,0,203,A
1-PB2,1682,203,0,0,0,203,A
1-PB2,1683,204,0,0,0,204,A
1-PB2,1684,205,0,0,0,205,A
1-PB2,1685,0,204,0,0,204,T
1-PB2,1686,0,204,0,0,204,T
1-PB2,1687,0,0,0,203,203,C
1-PB2,1688,199,0,0,0,199,A
1-PB2,1689,199,0,0,0,199,A
1-PB2,1690,0,200,0,0,200,T
1-PB2,1691,0,0,201,0,201,G
1-PB2,1692,0,0,202,0,202,G
1-PB2,1693,0,211,0,0,211,T
1-PB2,1694,0,0,0,212,212,C
1-PB2,1695,0,210,0,1,211,T
1-PB2,1696,0,0,0,212,212,C
1-PB2,1697,211,0,0,0,211,A
1-PB2,1698,0,0,213,0,213,G
1-PB2,1699,212,0,0,0,212,A
1-PB2,1700,213,0,0,0,213,A
1-PB2,1701,0,210,0,1,211,T
1-PB2,1702,0,0,0,204,204,C
1-PB2,1703,1,0,0,204,205,C
1-PB2,1704,0,205,0,0,205,T
1-PB2,1705,0,0,204,0,204,G
1-PB2,1706,0,0,0,205,205,C
1-PB2,1707,202,0,0,0,202,A
1-PB2,1708,204,0,0,0,204,A
1-PB2,1709,0,202,0,0,202,T
1-PB2,1710,0,0,204,0,204,G
1-PB2,1711,0,207,0,0,207,T
1-PB2,1712,0,202,0,0,202,T
1-PB2,1713,0,0,205,0,205,G
1-PB2,1714,0,204,0,0,204,T
1-PB2,1715,204,0,0,0,204,A
1-PB2,1716,0,2,0,203,205,C
1-PB2,1717,200,0,0,0,200,A
1-PB2,1718,202,0,0,0,202,A
1-PB2,1719,0,0,0,197,197,C
1-PB2,1720,194,0,0,0,194,A
1-PB2,1721,193,0,0,0,193,A
1-PB2,1722,191,0,0,0,191,A
1-PB2,1723,189,0,0,0,189,A
1-PB2,1724,0,191,0,1,192,T
1-PB2,1725,0,1,190,0,191,G
1-PB2,1726,0,0,189,0,189,G
1-PB2,1727,191,0,0,0,191,A
1-PB2,1728,190,1,0,0,191,A
1-PB2,1729,0,191,0,0,191,T
1-PB2,1730,0,190,0,0,190,T
1-PB2,1731,0,191,0,0,191,T
1-PB2,1732,0,0,188,0,188,G
1-PB2,1733,190,0,0,0,190,A
1-PB2,1734,191,0,0,0,191,A
1-PB2,1735,0,0,0,188,188,C
1-PB2,1736,0,0,0,184,184,C
1-PB2,1737,186,0,0,0,186,A
1-PB2,1738,0,184,0,0,184,T
1-PB2,1739,0,184,0,0,184,T
1-PB2,1740,0,182,0,0,182,T
1-PB2,1741,0,0,0,182,182,C
1-PB2,1742,185,0,0,0,185,A
1-PB2,1743,183,0,0,0,183,A
1-PB2,1744,0,183,0,0,183,T
1-PB2,1745,0,0,0,187,187,C
1-PB2,1746,0,184,0,0,184,T
1-PB2,1747,0,184,0,0,184,T
1-PB2,1748,0,184,0,0,184,T
1-PB2,1749,186,0,0,0,186,A
1-PB2,1750,0,0,186,0,186,G
1-PB2,1751,0,189,0,0,189,T
1-PB2,1752,0,0,0,190,190,C
1-PB2,1753,0,0,0,193,193,C
1-PB2,1754,1,0,0,191,192,C
1-PB2,1755,0,0,0,190,190,C
1-PB2,1756,192,0,0,0,192,A
1-PB2,1757,193,0,0,0,193,A
1-PB2,1758,0,0,201,0,201,G
1-PB2,1759,0,0,198,0,198,G
1-PB2,1760,0,0,0,199,199,C
1-PB2,1761,1,0,0,196,197,C
1-PB2,1762,196,0,0,0,196,A
1-PB2,1763,0,195,0,1,196,T
1-PB2,1764,0,197,0,0,197,T
1-PB2,1765,197,0,0,0,197,A
1-PB2,1766,0,0,195,0,195,G
1-PB2,1767,197,0,0,0,197,A
1-PB2,1768,203,0,0,0,203,A
1-PB2,1769,0,0,204,0,204,G
1-PB2,1770,0,0,0,202,202,C
1-PB2,1771,0,0,0,202,202,C
1-PB2,1772,200,0,0,0,200,A
1-PB2,1773,204,0,0,0,204,A
1-PB2,1774,0,206,0,0,206,T
1-PB2,1775,206,0,0,0,206,A
1-PB2,1776,0,0,0,206,206,C
1-PB2,1777,188,0,0,0,188,A
1-PB2,1778,0,0,190,0,190,G
1-PB2,1779,0,183,0,0,183,T
1-PB2,1780,0,0,189,0,189,G
1-PB2,1781,0,0,190,0,190,G
1-PB2,1782,0,0,190,0,190,G
1-PB2,1783,0,189,0,0,189,T
1-PB2,1784,0,189,0,0,189,T
1-PB2,1785,0,190,0,0,190,T
1-PB2,1786,0,0,192,0,192,G
1-PB2,1787,0,189,0,1,190,T
1-PB2,1788,0,0,0,192,192,C
1-PB2,1789,191,0,1,0,192,A
1-PB2,1790,0,0,188,0,188,G
1-PB2,1791,190,0,0,0,190,A
1-PB2,1792,191,0,0,0,191,A
1-PB2,1793,0,0,0,186,186,C
1-PB2,1794,0,188,0,1,189,T
1-PB2,1795,0,0,0,192,192,C
1-PB2,1796,0,193,0,0,193,T
1-PB2,1797,197,0,0,0,197,A
1-PB2,1798,0,198,0,0,198,T
1-PB2,1799,0,194,0,0,194,T
1-PB2,1800,1,0,0,194,195,C
1-PB2,1801,0,0,0,192,192,C
1-PB2,1802,193,0,0,0,193,A
1-PB2,1803,192,0,0,0,192,A
1-PB2,1804,0,0,0,190,190,C
1-PB2,1805,191,0,0,0,191,A
1-PB2,1806,193,0,1,0,194,A
1-PB2,1807,192,0,0,0,192,A
1-PB2,1808,0,193,0,0,193,T
1-PB2,1809,0,0,194,0,194,G
1-PB2,1810,195,0,0,0,195,A
1-PB2,1811,0,0,193,0,193,G
1-PB2,1812,192,0,2,0,194,A
1-PB2,1813,0,0,195,0,195,G
1-PB2,1814,196,0,0,0,196,A
1-PB2,1815,0,0,0,191,191,C
1-PB2,1816,0,0,194,0,194,G
1-PB2,1817,0,192,0,0,192,T
1-PB2,1818,196,0,0,0,196,A
1-PB2,1819,0,0,0,198,198,C
1-PB2,1820,0,195,0,0,195,T
1-PB2,1821,0,194,0,2,196,T
1-PB2,1822,0,0,195,0,195,G
1-PB2,1823,0,0,196,0,196,G
1-PB2,1824,0,0,198,0,198,G
1-PB2,1825,192,0,0,0,192,A
1-PB2,1826,0,0,0,192,192,C
1-PB2,1827,194,0,0,0,194,A
1-PB2,1828,0,196,0,0,196,T
1-PB2,1829,0,194,0,0,194,T
1-PB2,1830,0,197,0,0,197,T
1-PB2,1831,0,0,195,0,195,G
1-PB2,1832,195,0,1,0,196,A
1-PB2,1833,0,0,0,197,197,C
1-PB2,1834,194,0,1,0,195,A
1-PB2,1835,0,0,1,197,198,C
1-PB2,1836,1,0,0,194,195,C
1-PB2,1837,198,0,0,0,198,A
1-PB2,1838,0,0,0,200,200,C
1-PB2,1839,1,0,0,199,200,C
1-PB2,1840,0,0,0,201,201,C
1-PB2,1841,200,0,0,0,200,A
1-PB2,1842,0,0,205,0,205,G
1-PB2,1843,205,0,0,0,205,A
1-PB2,1844,0,217,0,0,217,T
1-PB2,1845,218,0,0,0,218,A
1-PB2,1846,218,0,1,0,219,A
1-PB2,1847,0,216,0,0,216,T
1-PB2,1848,217,0,0,0,217,A
1-PB2,1849,214,0,0,0,214,A
1-PB2,1850,213,0,0,0,213,A
1-PB2,1851,0,0,216,0,216,G
1-PB2,1852,0,0,0,216,216,C
1-PB2,1853,0,205,0,0,205,T
1-PB2,1854,0,207,0,0,207,T
1-PB2,1855,0,0,0,206,206,C
1-PB2,1856,0,203,0,0,203,T
1-PB2,1857,0,0,0,210,210,C
1-PB2,1858,0,0,0,209,209,C
1-PB2,1859,0,0,0,206,206,C
1-PB2,1860,0,0,0,201,201,C
1-PB2,1861,0,207,0,2,209,T
1-PB2,1862,0,211,0,0,211,T
1-PB2,1863,0,211,0,0,211,T
1-PB2,1864,0,0,213,0,213,G
1-PB2,1865,0,0,0,213,213,C
1-PB2,1866,212,0,0,1,213,A
1-PB2,1867,0,0,213,0,213,G
1-PB2,1868,0,1,0,208,209,C
1-PB2,1869,0,206,0,0,206,T
1-PB2,1870,0,0,208,0,208,G
1-PB2,1871,0,0,0,207,207,C
1-PB2,1872,0,206,0,0,206,T
1-PB2,1873,0,0,0,209,209,C
1-PB2,1874,0,0,0,210,210,C
1-PB2,1875,212,0,0,0,212,A
1-PB2,1876,0,0,0,213,213,C
1-PB2,1877,0,0,0,213,213,C
1-PB2,1878,210,0,0,0,210,A
1-PB2,1879,212,0,0,0,212,A
1-PB2,1880,207,0,0,0,207,A
1-PB2,1881,0,0,211,0,211,G
1-PB2,1882,0,0,0,212,212,C
1-PB2,1883,209,0,0,0,209,A
1-PB2,1884,209,0,0,0,209,A
1-PB2,1885,206,0,1,0,207,A
1-PB2,1886,0,0,213,0,213,G
1-PB2,1887,0,0,0,215,215,C
1-PB2,1888,214,0,0,0,214,A
1-PB2,1889,0,0,215,0,215,G
1-PB2,1890,214,0,0,0,214,A
1-PB2,1891,220,0,0,0,220,A
1-PB2,1892,0,220,0,0,220,T
1-PB2,1893,0,0,218,0,218,G
1-PB2,1894,0,0,0,220,220,C
1-PB2,1895,217,0,0,0,217,A
1-PB2,1896,0,0,221,0,221,G
1-PB2,1897,0,220,0,1,221,T
1-PB2,1898,0,228,0,0,228,T
1-PB2,1899,2,0,0,234,236,C
1-PB2,1900,0,235,0,0,235,T
1-PB2,1901,1,0,0,237,238,C
1-PB2,1902,0,237,0,0,237,T
1-PB2,1903,0,239,0,0,239,T
1-PB2,1904,0,0,0,240,240,C
1-PB2,1905,237,0,1,0,238,A
1-PB2,1906,0,0,0,236,236,C
1-PB2,1907,0,232,0,0,232,T
1-PB2,1908,0,0,234,0,234,G
1-PB2,1909,233,0,0,0,233,A
1-PB2,1910,0,0,0,240,240,C
1-PB2,1911,0,242,0,0,242,T
1-PB2,1912,0,0,245,0,245,G
1-PB2,1913,0,246,0,0,246,T
1-PB2,1914,0,0,248,0,248,G
1-PB2,1915,246,0,0,0,246,A
1-PB2,1916,253,0,0,0,253,A
1-PB2,1917,0,254,0,0,254,T
1-PB2,1918,0,0,253,0,253,G
1-PB2,1919,0,244,0,0,244,T
1-PB2,1920,236,0,0,0,236,A
1-PB2,1921,235,0,0,0,235,A
1-PB2,1922,0,0,237,0,237,G
1-PB2,1923,0,1,235,0,236,G
1-PB2,1924,0,0,235,0,235,G
1-PB2,1925,0,0,236,0,236,G
1-PB2,1926,238,0,0,0,238,A
1-PB2,1927,0,236,0,0,236,T
1-PB2,1928,0,0,0,234,234,C
1-PB2,1929,235,0,0,0,235,A
1-PB2,1930,1,0,237,0,238,G
1-PB2,1931,0,0,238,0,238,G
1-PB2,1932,0,0,238,0,238,G
1-PB2,1933,234,0,0,0,234,A
1-PB2,1934,0,233,0,0,233,T
1-PB2,1935,0,0,235,0,235,G
1-PB2,1936,233,0,0,0,233,A
1-PB2,1937,0,0,243,0,243,G
1-PB2,1938,242,0,0,0,242,A
1-PB2,1939,236,0,0,0,236,A
1-PB2,1940,0,236,0,0,236,T
1-PB2,1941,234,0,1,0,235,A
1-PB2,1942,0,0,0,235,235,C
1-PB2,1943,0,233,0,0,233,T
1-PB2,1944,0,232,0,0,232,T
1-PB2,1945,0,0,234,0,234,G
1-PB2,1946,1,228,0,0,229,T
1-PB2,1947,230,0,0,0,230,A
1-PB2,1948,230,0,0,0,230,A
1-PB2,1949,1,0,225,0,226,G
1-PB2,1950,0,0,224,0,224,G
1-PB2,1951,0,0,220,0,220,G
1-PB2,1952,0,0,220,0,220,G
1-PB2,1953,0,0,0,221,221,C
1-PB2,1954,219,0,1,0,220,A
1-PB2,1955,225,0,0,0,225,A
1-PB2,1956,0,226,0,0,226,T
1-PB2,1957,0,223,0,1,224,T
1-PB2,1958,0,0,0,230,230,C
1-PB2,1959,0,229,0,0,229,T
1-PB2,1960,0,0,0,234,234,C
1-PB2,1961,0,0,0,236,236,C
1-PB2,1962,0,232,0,0,232,T
1-PB2,1963,0,0,235,0,235,G
1-PB2,1964,0,231,0,0,231,T
1-PB2,1965,231,0,0,0,231,A
1-PB2,1966,0,229,0,1,230,T
1-PB2,1967,0,222,0,1,223,T
1-PB2,1968,0,0,0,225,225,C
1-PB2,1969,220,0,0,0,220,A
1-PB2,1970,224,0,0,0,224,A
1-PB2,1971,0,0,0,223,223,C
1-PB2,1972,0,218,0,0,218,T
1-PB2,1973,216,0,0,0,216,A
1-PB2,1974,0,0,0,222,222,C
1-PB2,1975,218,0,0,0,218,A
1-PB2,1976,219,0,0,0,219,A
1-PB2,1977,0,0,0,218,218,C
1-PB2,1978,215,0,0,0,215,A
1-PB2,1979,213,0,1,0,214,A
1-PB2,1980,0,0,214,0,214,G
1-PB2,1981,214,0,0,0,214,A
1-PB2,1982,0,0,0,212,212,C
1-PB2,1983,0,0,0,213,213,C
1-PB2,1984,214,0,0,0,214,A
1-PB2,1985,0,0,0,219,219,C
1-PB2,1986,0,218,0,0,218,T
1-PB2,1987,217,0,0,0,217,A
1-PB2,1988,218,0,0,0,218,A
1-PB2,1989,216,0,0,0,216,A
1-PB2,1990,217,0,1,0,218,A
1-PB2,1991,0,0,218,0,218,G
1-PB2,1992,215,0,0,0,215,A
1-PB2,1993,0,0,0,216,216,C
1-PB2,1994,0,209,0,0,209,T
1-PB2,1995,208,0,0,0,208,A
1-PB2,1996,208,0,0,0,208,A
1-PB2,1997,0,0,0,208,208,C
1-PB2,1998,205,0,0,0,205,A
1-PB2,1999,208,0,0,0,208,A
1-PB2,2000,0,205,0,0,205,T
1-PB2,2001,0,207,0,0,207,T
1-PB2,2002,0,0,0,207,207,C
1-PB2,2003,0,203,0,0,203,T
1-PB2,2004,0,1,0,205,206,C
1-PB2,2005,0,0,205,0,205,G
1-PB2,2006,1,0,205,0,206,G
1-PB2,2007,205,0,0,0,205,A
1-PB2,2008,205,0,0,0,205,A
1-PB2,2009,205,0,0,0,205,A
1-PB2,2010,202,0,2,0,204,A
1-PB2,2011,0,0,207,0,207,G
1-PB2,2012,205,0,1,0,206,A
1-PB2,2013,0,202,0,0,202,T
1-PB2,2014,0,1,203,0,204,G
1-PB2,2015,0,0,0,200,200,C
1-PB2,2016,0,1,0,201,202,C
1-PB2,2017,0,0,202,0,202,G
1-PB2,2018,0,0,197,0,197,G
1-PB2,2019,0,0,0,201,201,C
1-PB2,2020,200,0,0,0,200,A
1-PB2,2021,0,0,0,206,206,C
1-PB2,2022,0,205,0,0,205,T
1-PB2,2023,0,204,0,0,204,T
1-PB2,2024,0,204,0,0,204,T
1-PB2,2025,205,0,0,0,205,A
1-PB2,2026,204,0,0,0,204,A
1-PB2,2027,0,204,0,1,205,T
1-PB2,2028,0,201,0,0,201,T
1-PB2,2029,0,0,202,0,202,G
1-PB2,2030,195,0,0,0,195,A
1-PB2,2031,194,0,0,0,194,A
1-PB2,2032,1,0,193,0,194,G
1-PB2,2033,195,0,0,0,195,A
1-PB2,2034,0,0,0,198,198,C
1-PB2,2035,0,0,0,197,197,C
1-PB2,2036,0,0,0,198,198,C
1-PB2,2037,196,0,1,0,197,A
1-PB2,2038,0,0,201,0,201,G
1-PB2,2039,201,0,0,0,201,A
1-PB2,2040,0,202,0,0,202,T
1-PB2,2041,0,0,201,0,201,G
1-PB2,2042,198,0,0,0,198,A
1-PB2,2043,197,0,0,0,197,A
1-PB2,2044,198,0,0,0,198,A
1-PB2,2045,0,0,199,0,199,G
1-PB2,2046,0,0,0,197,197,C
1-PB2,2047,192,0,1,0,193,A
1-PB2,2048,0,0,0,197,197,C
1-PB2,2049,196,0,0,0,196,A
1-PB2,2050,0,193,0,0,193,T
1-PB2,2051,1,0,0,194,195,C
1-PB2,2052,0,0,0,197,197,C
1-PB2,2053,0,0,199,0,199,G
1-PB2,2054,0,0,198,0,198,G
1-PB2,2055,198,0,0,0,198,A
1-PB2,2056,0,0,202,0,202,G
1-PB2,2057,0,195,0,0,195,T
1-PB2,2058,0,0,197,0,197,G
1-PB2,2059,1,0,198,0,199,G
1-PB2,2060,196,0,0,0,196,A
1-PB2,2061,0,0,196,0,196,G
1-PB2,2062,0,194,0,0,194,T
1-PB2,2063,0,0,0,191,191,C
1-PB2,2064,0,0,0,191,191,C
1-PB2,2065,0,0,192,0,192,G
1-PB2,2066,0,0,0,193,193,C
1-PB2,2067,1,0,0,192,193,C
1-PB2,2068,0,0,195,0,195,G
1-PB2,2069,0,193,0,0,193,T
1-PB2,2070,0,0,0,200,200,C
1-PB2,2071,0,196,0,0,196,T
1-PB2,2072,0,198,0,1,199,T
1-PB2,2073,0,0,199,0,199,G
1-PB2,2074,198,0,0,0,198,A
1-PB2,2075,0,0,199,0,199,G
1-PB2,2076,196,0,0,0,196,A
1-PB2,2077,0,0,183,0,183,G
1-PB2,2078,0,0,185,0,185,G
1-PB2,2079,0,0,185,0,185,G
1-PB2,2080,0,180,0,1,181,T
1-PB2,2081,0,181,0,0,181,T
1-PB2,2082,0,182,0,1,183,T
1-PB2,2083,0,0,0,183,183,C
1-PB2,2084,0,182,0,0,182,T
1-PB2,2085,0,0,0,189,189,C
1-PB2,2086,187,0,0,0,187,A
1-PB2,2087,0,185,0,0,185,T
1-PB2,2088,0,185,0,0,185,T
1-PB2,2089,186,0,0,0,186,A
1-PB2,2090,0,188,0,0,188,T
1-PB2,2091,187,0,0,0,187,A
1-PB2,2092,0,0,188,0,188,G
1-PB2,2093,0,0,188,0,188,G
1-PB2,2094,0,180,0,0,180,T
1-PB2,2095,182,0,0,0,182,A
1-PB2,2096,179,0,0,0,179,A
1-PB2,2097,0,0,180,0,180,G
1-PB2,2098,0,0,180,0,180,G
1-PB2,2099,180,0,0,0,180,A
1-PB2,2100,177,0,0,0,177,A
1-PB2,2101,0,1,176,0,177,G
1-PB2,2102,174,0,0,0,174,A
1-PB2,2103,0,0,0,173,173,C
1-PB2,2104,174,0,0,0,174,A
1-PB2,2105,0,0,175,0,175,G
1-PB2,2106,175,0,0,0,175,A
1-PB2,2107,171,0,0,0,171,A
1-PB2,2108,0,0,171,0,171,G
1-PB2,2109,0,0,164,0,164,G
1-PB2,2110,0,173,0,0,173,T
1-PB2,2111,174,0,0,0,174,A
1-PB2,2112,0,0,0,176,176,C
1-PB2,2113,0,0,174,0,174,G
1-PB2,2114,0,1,176,0,177,G
1-PB2,2115,177,0,0,0,177,A
1-PB2,2116,0,0,0,176,176,C
1-PB2,2117,0,0,0,176,176,C
1-PB2,2118,173,0,0,0,173,A
1-PB2,2119,0,0,179,0,179,G
1-PB2,2120,0,0,0,179,179,C
1-PB2,2121,179,0,0,0,179,A
1-PB2,2122,0,177,0,0,177,T
1-PB2,2123,0,172,0,0,172,T
1-PB2,2124,172,0,0,0,172,A
1-PB2,2125,172,0,0,0,172,A
1-PB2,2126,0,0,172,0,172,G
1-PB2,2127,0,0,0,171,171,C
1-PB2,2128,164,0,0,0,164,A
1-PB2,2129,0,166,0,0,166,T
1-PB2,2130,0,0,0,164,164,C
1-PB2,2131,164,0,0,1,165,A
1-PB2,2132,165,0,0,0,165,A
1-PB2,2133,0,162,0,0,162,T
1-PB2,2134,0,0,164,0,164,G
1-PB2,2135,164,0,0,0,164,A
1-PB2,2136,164,0,0,0,164,A
1-PB2,2137,0,0,0,167,167,C
1-PB2,2138,0,151,0,0,151,T
1-PB2,2139,0,0,156,0,156,G
1-PB2,2140,155,0,0,0,155,A
1-PB2,2141,0,0,154,0,154,G
1-PB2,2142,0,156,0,0,156,T
1-PB2,2143,155,0,0,0,155,A
1-PB2,2144,153,0,0,0,153,A
1-PB2,2145,0,0,0,153,153,C
1-PB2,2146,0,0,0,146,146,C
1-PB2,2147,0,145,0,0,145,T
1-PB2,2148,0,140,0,0,140,T
1-PB2,2149,0,0,140,0,140,G
1-PB2,2150,0,0,0,139,139,C
1-PB2,2151,139,0,0,0,139,A
1-PB2,2152,139,0,0,0,139,A
1-PB2,2153,139,0,0,0,139,A
1-PB2,2154,135,0,0,0,135,A
1-PB2,2155,0,0,135,0,135,G
1-PB2,2156,0,1,135,0,136,G
1-PB2,2157,0,0,135,0,135,G
1-PB2,2158,0,0,137,0,137,G
1-PB2,2159,136,0,0,0,136,A
1-PB2,2160,136,0,0,0,136,A
1-PB2,2161,135,0,0,0,135,A
1-PB2,2162,133,1,0,0,134,A
1-PB2,2163,0,0,133,0,133,G
1-PB2,2164,0,0,131,0,131,G
1-PB2,2165,0,0,0,131,131,C
1-PB2,2166,0,131,0,0,131,T
1-PB2,2167,131,0,0,0,131,A
1-PB2,2168,131,0,0,0,131,A
1-PB2,2169,0,131,0,0,131,T
1-PB2,2170,0,0,132,0,132,G
1-PB2,2171,0,129,0,0,129,T
1-PB2,2172,0,0,127,0,127,G
1-PB2,2173,0,0,0,126,126,C
1-PB2,2174,0,125,0,0,125,T
1-PB2,2175,127,0,0,0,127,A
1-PB2,2176,126,0,0,0,126,A
1-PB2,2177,0,127,0,0,127,T
1-PB2,2178,0,0,0,124,124,C
1-PB2,2179,0,0,119,0,119,G
1-PB2,2180,0,0,119,0,119,G
1-PB2,2181,0,0,119,0,119,G
1-PB2,2182,0,0,0,120,120,C
1-PB2,2183,119,0,0,0,119,A
1-PB2,2184,117,0,1,0,118,A
1-PB2,2185,0,0,123,0,123,G
1-PB2,2186,0,0,123,0,123,G
1-PB2,2187,123,0,0,0,123,A
1-PB2,2188,1,0,121,0,122,G
1-PB2,2189,120,0,0,0,120,A
1-PB2,2190,0,0,0,121,121,C
1-PB2,2191,0,0,122,0,122,G
1-PB2,2192,0,122,0,0,122,T
1-PB2,2193,0,0,123,0,123,G
1-PB2,2194,0,0,127,0,127,G
1-PB2,2195,0,124,0,0,124,T
1-PB2,2196,0,0,125,0,125,G
1-PB2,2197,0,126,0,0,126,T
1-PB2,2198,0,126,0,0,126,T
1-PB2,2199,0,0,124,0,124,G
1-PB2,2200,0,0,126,0,126,G
1-PB2,2201,0,124,0,0,124,T
1-PB2,2202,124,0,0,0,124,A
1-PB2,2203,122,0,0,0,122,A
1-PB2,2204,0,116,0,0,116,T
1-PB2,2205,0,0,116,0,116,G
1-PB2,2206,115,0,0,0,115,A
1-PB2,2207,115,0,0,0,115,A
1-PB2,2208,113,0,0,0,113,A
1-PB2,2209,0,0,0,113,113,C
1-PB2,2210,0,0,113,0,113,G
1-PB2,2211,113,0,0,0,113,A
1-PB2,2212,114,0,0,0,114,A
1-PB2,2213,113,0,0,0,113,A
1-PB2,2214,113,0,0,0,113,A
1-PB2,2215,0,0,0,114,114,C
1-PB2,2216,0,0,112,0,112,G
1-PB2,2217,0,0,112,0,112,G
1-PB2,2218,0,0,113,0,113,G
1-PB2,2219,111,1,0,0,112,A
1-PB2,2220,0,0,0,114,114,C
1-PB2,2221,0,110,0,0,110,T
1-PB2,2222,1,0,0,114,115,C
1-PB2,2223,1,115,0,0,116,T
1-PB2,2224,116,0,0,0,116,A
1-PB2,2225,0,0,116,0,116,G
1-PB2,2226,0,0,0,113,113,C
1-PB2,2227,113,0,0,0,113,A
1-PB2,2228,0,113,0,0,113,T
1-PB2,2229,103,0,0,0,103,A
1-PB2,2230,0,0,0,105,105,C
1-PB2,2231,0,93,0,0,93,T
1-PB2,2232,0,93,0,0,93,T
1-PB2,2233,91,0,0,0,91,A
1-PB2,2234,0,0,0,90,90,C
1-PB2,2235,0,91,0,0,91,T
1-PB2,2236,0,0,91,0,91,G
1-PB2,2237,88,0,0,0,88,A
1-PB2,2238,0,0,0,89,89,C
1-PB2,2239,85,0,0,0,85,A
1-PB2,2240,0,0,84,0,84,G
1-PB2,2241,0,0,0,85,85,C
1-PB2,2242,0,0,0,85,85,C
1-PB2,2243,85,0,0,0,85,A
1-PB2,2244,0,0,85,0,85,G
1-PB2,2245,84,0,0,0,84,A
1-PB2,2246,0,0,0,83,83,C
1-PB2,2247,80,0,0,0,80,A
1-PB2,2248,0,0,80,0,80,G
1-PB2,2249,0,0,0,77,77,C
1-PB2,2250,0,0,77,0,77,G
1-PB2,2251,75,0,0,0,75,A
1-PB2,2252,0,0,0,77,77,C
1-PB2,2253,0,0,0,77,77,C
1-PB2,2254,76,0,0,0,76,A
1-PB2,2255,76,0,0,0,76,A
1-PB2,2256,76,0,0,0,76,A
1-PB2,2257,76,0,0,0,76,A
1-PB2,2258,0,0,76,0,76,G
1-PB2,2259,76,0,0,0,76,A
1-PB2,2260,76,0,0,0,76,A
1-PB2,2261,0,74,0,0,74,T
1-PB2,2262,0,73,0,0,73,T
1-PB2,2263,0,0,0,74,74,C
1-PB2,2264,0,0,73,0,73,G
1-PB2,2265,0,0,74,0,74,G
1-PB2,2266,74,0,0,0,74,A
1-PB2,2267,0,70,0,1,71,T
1-PB2,2268,0,0,71,0,71,G
1-PB2,2269,0,0,70,0,70,G
1-PB2,2270,0,0,0,68,68,C
1-PB2,2271,0,0,0,69,69,C
1-PB2,2272,70,0,0,0,70,A
1-PB2,2273,0,69,0,1,70,T
1-PB2,2274,0,0,0,70,70,C
1-PB2,2275,70,0,0,0,70,A
1-PB2,2276,70,0,0,0,70,A
1-PB2,2277,0,70,0,0,70,T
1-PB2,2278,0,65,0,0,65,T
1-PB2,2279,61,0,0,0,61,A
1-PB2,2280,60,0,0,0,60,A
2-PB1,1,244,0,0,0,244,A
2-PB1,2,0,245,0,0,245,T
2-PB1,3,0,0,251,0,251,G
2-PB1,4,0,0,278,0,278,G
2-PB1,5,307,0,0,0,307,A
2-PB1,6,0,325,0,0,325,T
2-PB1,7,0,0,324,0,324,G
2-PB1,8,0,321,0,2,323,T
2-PB1,9,0,1,0,346,347,C
2-PB1,10,351,0,0,0,351,A
2-PB1,11,360,0,0,0,360,A
2-PB1,12,0,367,0,0,367,T
2-PB1,13,0,0,0,370,370,C
2-PB1,14,0,0,0,404,404,C
2-PB1,15,0,2,412,0,414,G
2-PB1,16,471,0,0,0,471,A
2-PB1,17,0,0,0,478,478,C
2-PB1,18,0,476,0,2,478,T
2-PB1,19,0,0,0,548,548,C
2-PB1,20,0,549,0,0,549,T
2-PB1,21,557,0,0,0,557,A
2-PB1,22,0,0,0,558,558,C
2-PB1,23,0,559,0,0,559,T
2-PB1,24,2,0,616,0,618,G
2-PB1,25,0,628,0,0,628,T
2-PB1,26,1,623,0,1,625,T
2-PB1,27,1,0,0,617,618,C
2-PB1,28,0,0,0,625,625,C
2-PB1,29,0,744,0,0,744,T
2-PB1,30,754,0,0,0,754,A
2-PB1,31,749,0,0,2,751,A
2-PB1,32,758,0,1,0,759,A
2-PB1,33,0,2,756,0,758,G
2-PB1,34,1,1,760,0,762,G
2-PB1,35,0,762,0,0,762,T
2-PB1,36,0,767,0,0,767,T
2-PB1,37,0,0,0,767,767,C
2-PB1,38,1,0,0,767,768,C
2-PB1,39,770,0,2,0,772,A
2-PB1,40,0,0,777,0,777,G
2-PB1,41,0,2,0,773,775,C
2-PB1,42,1,0,784,0,785,G
2-PB1,43,0,1,0,785,786,C
2-PB1,44,787,0,0,0,787,A
2-PB1,45,787,0,0,0,787,A
2-PB1,46,782,0,0,0,782,A
2-PB1,47,791,0,1,0,792,A
2-PB1,48,0,800,0,0,800,T
2-PB1,49,0,0,850,0,850,G
2-PB1,50,0,0,0,854,854,C
2-PB1,51,3,2,0,850,855,C
2-PB1,52,857,0,0,0,857,A
2-PB1,53,0,856,0,0,856,T
2-PB1,54,925,0,1,0,926,A
2-PB1,55,928,0,0,0,928,A
2-PB1,56,0,0,960,0,960,G
2-PB1,57,0,0,0,955,955,C
2-PB1,58,954,0,0,0,954,A
2-PB1,59,2,0,0,995,997,C
2-PB1,60,996,0,4,0,1000,A
2-PB1,61,1065,0,0,0,1065,A
2-PB1,62,0,0,0,1065,1065,C
2-PB1,63,1065,0,0,0,1065,A
2-PB1,64,0,1074,0,1,1075,T
2-PB1,65,0,1069,0,1,1070,T
2-PB1,66,1,0,0,1283,1284,C
2-PB1,67,0,0,0,1299,1299,C
2-PB1,68,2,0,0,1306,1308,C
2-PB1,69,0,1317,0,3,1320,T
2-PB1,70,0,1311,0,0,1311,T
2-PB1,71,1426,0,0,0,1426,A
2-PB1,72,0,1440,0,0,1440,T
2-PB1,73,1458,0,0,0,1458,A
2-PB1,74,0,1,0,1465,1466,C
2-PB1,75,0,1420,0,1,1421,T
2-PB1,76,0,1,1438,0,1439,G
2-PB1,77,0,1,1434,0,1435,G
2-PB1,78,1434,0,0,0,1434,A
2-PB1,79,0,0,1444,0,1444,G
2-PB1,80,1441,0,1,0,1442,A
2-PB1,81,0,1444,0,1,1445,T
2-PB1,82,0,0,0,1526,1526,C
2-PB1,83,1,0,0,1526,1527,C
2-PB1,84,0,1531,0,2,1533,T
2-PB1,85,0,0,0,1618,1618,C
2-PB1,86,0,0,0,1618,1618,C
2-PB1,87,1648,0,0,0,1648,A
2-PB1,88,0,1652,0,1,1653,T
2-PB1,89,1653,0,0,0,1653,A
2-PB1,90,0,0,0,1665,1665,C
2-PB1,91,1637,0,2,0,1639,A
2-PB1,92,0,0,1710,0,1710,G
2-PB1,93,0,0,0,1723,1723,C
2-PB1,94,1,0,0,1712,1713,C
2-PB1,95,1715,1,0,0,1716,A
2-PB1,96,0,1716,0,1,1717,T
2-PB1,97,0,0,1716,0,1716,G
2-PB1,98,0,1,1803,0,1804,G
2-PB1,99,1815,0,0,0,1815,A
2-PB1,100,1815,0,4,1,1820,A
2-PB1,101,1,0,0,1822,1823,C
2-PB1,102,1814,0,2,0,1816,A
2-PB1,103,0,1,1873,0,1874,G
2-PB1,104,0,4,1893,1,1898,G
2-PB1,105,1894,0,0,0,1894,A
2-PB1,106,1907,0,2,0,1909,A
2-PB1,107,0,0,0,1914,1914,C
2-PB1,108,1899,0,0,0,1899,A
2-PB1,109,2,2,2143,0,2147,G
2-PB1,110,0,1,2142,0,2143,G
2-PB1,111,0,0,2179,0,2179,G
2-PB1,112,0,2164,0,1,2165,T
2-PB1,113,2176,0,0,0,2176,A
2-PB1,114,0,0,0,2190,2190,C
2-PB1,115,2273,0,2,0,2275,A
2-PB1,116,0,0,0,2366,2366,C
2-PB1,117,1,0,0,2357,2358,C
2-PB1,118,2286,1,0,0,2287,A
2-PB1,119,0,2281,0,0,2281,T
2-PB1,120,2,0,2289,0,2291,G
2-PB1,121,0,2,2281,0,2283,G
2-PB1,122,2280,0,2,0,2282,A
2-PB1,123,0,0,0,2304,2304,C
2-PB1,124,2257,0,0,0,2257,A
2-PB1,125,0,0,0,2296,2296,C
2-PB1,126,2295,0,3,0,2298,A
2-PB1,127,0,0,2346,0,2346,G
2-PB1,128,0,2337,0,3,2340,T
2-PB1,129,3,1,0,2413,2417,C
2-PB1,130,2410,0,1,0,2411,A
2-PB1,131,2443,0,1,0,2444,A
2-PB1,132,0,0,0,2447,2447,C
2-PB1,133,2438,0,1,0,2439,A
2-PB1,134,0,1,2455,0,2456,G
2-PB1,135,2421,0,0,0,2421,A
2-PB1,136,2412,1,1,0,2414,A
2-PB1,137,0,1,0,2428,2429,C
2-PB1,138,2378,1,2,0,2381,A
2-PB1,139,1,0,0,2386,2387,C
2-PB1,140,2373,0,3,0,2376,A
2-PB1,141,0,2352,0,0,2352,T
2-PB1,142,2,0,0,2535,2537,C
2-PB1,143,2539,0,0,0,2539,A
2-PB1,144,2571,0,0,0,2571,A
2-PB1,145,0,2607,0,0,2607,T
2-PB1,146,2699,0,1,0,2700,A
2-PB1,147,0,2707,0,0,2707,T
2-PB1,148,0,2676,0,0,2676,T
2-PB1,149,0,0,0,2677,2677,C
2-PB1,150,2636,0,3,1,2640,A
2-PB1,151,0,1,2641,0,2642,G
2-PB1,152,2626,0,0,0,2626,A
2-PB1,153,0,1,2622,0,2623,G
2-PB1,154,2563,0,1,0,2564,A
2-PB1,155,1,3,2543,0,2547,G
2-PB1,156,0,2,2528,1,2531,G
2-PB1,157,0,0,2628,0,2628,G
2-PB1,158,0,2,2635,0,2637,G
2-PB1,159,0,1,2655,0,2656,G
2-PB1,160,2656,0,2,0,2658,A
2-PB1,161,2658,0,4,0,2662,A
2-PB1,162,0,1,2694,0,2695,G
2-PB1,163,0,2651,0,0,2651,T
2-PB1,164,0,2,2667,0,2669,G
2-PB1,165,0,1,2658,0,2659,G
2-PB1,166,2641,0,7,0,2648,A
2-PB1,167,1,0,0,2665,2666,C
2-PB1,168,1,4,2656,0,2661,G
2-PB1,169,2676,1,0,0,2677,A
2-PB1,170,0,1,0,2705,2706,C
2-PB1,171,2699,0,1,0,2700,A
2-PB1,172,2704,0,1,0,2705,A
2-PB1,173,2702,1,3,0,2706,A
2-PB1,174,0,2744,0,1,2745,T
2-PB1,175,2753,0,2,0,2755,A
2-PB1,176,2,0,1,2750,2753,C
2-PB1,177,2726,0,2,0,2728,A
2-PB1,178,1,0,2719,0,2720,G
2-PB1,179,2716,0,0,0,2716,A
2-PB1,180,2735,0,0,0,2735,A
2-PB1,181,2734,0,1,0,2735,A
2-PB1,182,1,0,0,2749,2750,C
2-PB1,183,0,2714,0,0,2714,T
2-PB1,184,0,1,2713,0,2714,G
2-PB1,185,0,1,2686,0,2687,G
2-PB1,186,1,1,2661,0,2663,G
2-PB1,187,1,1,2671,0,2673,G
2-PB1,188,0,1,0,2701,2702,C
2-PB1,189,2687,0,2,0,2689,A
2-PB1,190,1,0,0,2811,2812,C
2-PB1,191,4,1,0,2804,2809,C
2-PB1,192,1,0,0,2808,2809,C
2-PB1,193,2,0,0,2812,2814,C
2-PB1,194,2820,0,0,1,2821,A
2-PB1,195,2843,0,1,0,2844,A
2-PB1,196,0,0,0,2849,2849,C
2-PB1,197,0,2830,0,1,2831,T
2-PB1,198,3,0,0,2843,2846,C
2-PB1,199,2750,0,2,0,2752,A
2-PB1,200,2789,0,1,1,2791,A
2-PB1,201,0,0,0,2792,2792,C
2-PB1,202,0,0,0,2786,2786,C
2-PB1,203,3,0,0,2780,2783,C
2-PB1,204,2777,0,0,0,2777,A
2-PB1,205,2791,0,0,0,2791,A
2-PB1,206,0,2806,0,2,2808,T
2-PB1,207,0,2794,0,0,2794,T
2-PB1,208,0,0,2807,0,2807,G
2-PB1,209,2774,0,3,0,2777,A
2-PB1,210,1,2763,0,1,2765,T
2-PB1,211,1,0,2768,0,2769,G
2-PB1,212,0,0,2787,0,2787,G
2-PB1,213,2832,0,4,0,2836,A
2-PB1,214,0,0,0,2847,2847,C
2-PB1,215,3,1,0,2825,2829,C
2-PB1,216,2818,0,1,0,2819,A
2-PB1,217,1,0,0,2907,2908,C
2-PB1,218,0,2903,0,1,2904,T
2-PB1,219,2934,0,2,0,2936,A
2-PB1,220,0,0,0,2982,2982,C
2-PB1,221,1,1,0,2959,2961,C
2-PB1,222,0,2894,0,3,2897,T
2-PB1,223,0,1,2913,0,2914,G
2-PB1,224,2906,0,2,0,2908,A
2-PB1,225,2,1,2933,0,2936,G
2-PB1,226,0,2,2911,0,2913,G
2-PB1,227,2913,0,1,0,2914,A
2-PB1,228,0,2892,0,2,2894,T
2-PB1,229,2858,1,1,0,2860,A
2-PB1,230,2848,0,5,1,2854,A
2-PB1,231,0,2860,0,0,2860,T
2-PB1,232,0,3,2856,0,2859,G
2-PB1,233,2857,0,4,0,2861,A
2-PB1,234,2833,0,6,0,2839,A
2-PB1,235,1,0,0,2853,2854,C
2-PB1,236,1,1,0,2812,2814,C
2-PB1,237,2820,0,1,0,2821,A
2-PB1,238,2818,0,2,0,2820,A
2-PB1,239,2,0,2833,0,2835,G
2-PB1,240,0,2815,0,0,2815,T
2-PB1,241,0,1,2829,0,2830,G
2-PB1,242,0,1,2887,0,2888,G
2-PB1,243,2873,0,5,0,2878,A
2-PB1,244,0,2880,0,2,2882,T
2-PB1,245,2887,0,0,0,2887,A
2-PB1,246,0,2940,0,0,2940,T
2-PB1,247,0,0,2957,2,2959,G
2-PB1,248,1,0,0,2957,2958,C
2-PB1,249,2948,0,5,0,2953,A
2-PB1,250,0,1,0,3031,3032,C
2-PB1,251,2982,0,0,1,2983,A
2-PB1,252,3012,0,2,0,3014,A
2-PB1,253,3013,0,0,0,3013,A
2-PB1,254,0,0,0,3026,3026,C
2-PB1,255,2931,0,0,0,2931,A
2-PB1,256,0,1,2957,0,2958,G
2-PB1,257,2923,0,7,0,2930,A
2-PB1,258,0,1,0,2952,2953,C
2-PB1,259,0,2855,0,3,2858,T
2-PB1,260,1,0,2925,0,2926,G
2-PB1,261,0,2864,0,2,2866,T
2-PB1,262,0,0,3008,0,3008,G
2-PB1,263,0,2984,0,3,2987,T
2-PB1,264,2,1,0,2997,3000,C
2-PB1,265,1,0,0,2996,2997,C
2-PB1,266,0,2969,0,5,2974,T
2-PB1,267,1,0,2975,0,2976,G
2-PB1,268,0,1,2968,0,2969,G
2-PB1,269,2924,0,3,1,2928,A
2-PB1,270,0,1,2980,0,2981,G
2-PB1,271,0,0,2892,0,2892,G
2-PB1,272,0,0,0,2913,2913,C
2-PB1,273,0,2893,0,1,2894,T
2-PB1,274,2888,0,2,0,2890,A
2-PB1,275,0,2893,0,2,2895,T
2-PB1,276,0,0,2899,0,2899,G
2-PB1,277,2,1,2886,0,2889,G
2-PB1,278,0,0,0,2884,2884,C
2-PB1,279,1,1,0,2836,2838,C
2-PB1,280,0,2793,0,12,2805,T
2-PB1,281,1,2942,0,0,2943,T
2-PB1,282,1,1,0,2952,2954,C
2-PB1,283,1,1,0,2948,2950,C
2-PB1,284,0,2948,0,4,2952,T
2-PB1,285,0,2949,0,3,2952,T
2-PB1,286,0,3,2967,0,2970,G
2-PB1,287,2959,0,0,0,2959,A
2-PB1,288,2960,0,1,0,2961,A
2-PB1,289,0,2,2969,0,2971,G
2-PB1,290,2844,0,0,0,2844,A
2-PB1,291,2867,0,2,0,2869,A
2-PB1,292,0,2852,0,1,2853,T
2-PB1,293,2,3,0,2857,2862,C
2-PB1,294,0,0,0,2849,2849,C
2-PB1,295,3,1,0,2815,2819,C
2-PB1,296,2795,0,0,1,2796,A
2-PB1,297,0,1,0,2822,2823,C
2-PB1,298,1,0,0,2825,2826,C
2-PB1,299,1,0,0,2831,2832,C
2-PB1,300,2803,0,1,1,2805,A
2-PB1,301,0,1,2815,0,2816,G
2-PB1,302,1,0,2825,0,2826,G
2-PB1,303,0,2791,0,0,2791,T
2-PB1,304,2836,0,0,0,2836,A
2-PB1,305,0,2803,0,1,2804,T
2-PB1,306,2,0,0,2823,2825,C
2-PB1,307,0,2814,0,2,2816,T
2-PB1,308,0,2815,0,1,2816,T
2-PB1,309,0,2817,0,1,2818,T
2-PB1,310,0,2,2809,0,2811,G
2-PB1,311,2782,0,3,0,2785,A
2-PB1,312,0,5,2774,0,2779,G
2-PB1,313,2738,1,3,0,2742,A
2-PB1,314,2757,0,0,0,2757,A
2-PB1,315,0,0,0,2771,2771,C
2-PB1,316,0,2743,0,3,2746,T
2-PB1,317,1,0,0,2764,2765,C
2-PB1,318,2768,0,1,0,2769,A
2-PB1,319,0,2764,0,0,2764,T
2-PB1,320,0,0,2770,0,2770,G
2-PB1,321,0,0,0,2814,2814,C
2-PB1,322,2,1,0,2816,2819,C
2-PB1,323,0,2803,0,3,2806,T
2-PB1,324,0,2784,0,0,2784,T
2-PB1,325,1,1,2786,0,2788,G
2-PB1,326,2799,0,2,0,2801,A
2-PB1,327,2787,0,0,5,2792,A
2-PB1,328,2792,0,0,0,2792,A
2-PB1,329,0,0,0,2836,2836,C
2-PB1,330,2764,0,1,0,2765,A
2-PB1,331,2788,0,1,0,2789,A
2-PB1,332,0,2782,0,1,2783,T
2-PB1,333,0,0,2780,0,2780,G
2-PB1,334,0,1,2773,0,2774,G
2-PB1,335,2737,0,2,0,2739,A
2-PB1,336,2730,0,4,0,2734,A
2-PB1,337,0,0,2730,0,2730,G
2-PB1,338,0,1,0,2736,2737,C
2-PB1,339,1,0,1,2705,2707,C
2-PB1,340,1,1,2729,0,2731,G
2-PB1,341,0,2709,0,0,2709,T
2-PB1,342,1,2715,0,0,2716,T
2-PB1,343,4,0,0,2743,2747,C
2-PB1,344,2749,0,1,0,2750,A
2-PB1,345,2784,1,5,0,2790,A
2-PB1,346,1,0,0,2796,2797,C
2-PB1,347,2798,0,4,0,2802,A
2-PB1,348,0,2,2803,0,2805,G
2-PB1,349,2751,2,4,0,2757,A
2-PB1,350,0,0,0,2776,2776,C
2-PB1,351,2768,0,5,0,2773,A
2-PB1,352,2786,0,2,0,2788,A
2-PB1,353,0,3,2821,0,2824,G
2-PB1,354,0,0,2788,0,2788,G
2-PB1,355,0,0,2790,0,2790,G
2-PB1,356,0,2710,0,0,2710,T
2-PB1,357,1,3,2749,0,2753,G
2-PB1,358,0,2,2745,0,2747,G
2-PB1,359,2760,0,1,0,2761,A
2-PB1,360,0,1,0,2776,2777,C
2-PB1,361,2727,0,2,0,2729,A
2-PB1,362,2777,0,3,0,2780,A
2-PB1,363,2768,1,0,0,2769,A
2-PB1,364,0,1,0,2763,2764,C
2-PB1,365,0,2755,0,2,2757,T
2-PB1,366,2753,0,0,1,2754,A
2-PB1,367,2743,0,3,0,2746,A
2-PB1,368,1,0,0,2767,2768,C
2-PB1,369,1,0,0,2763,2764,C
2-PB1,370,2,0,0,2770,2772,C
2-PB1,371,2707,1,1,0,2709,A
2-PB1,372,2697,0,2,0,2699,A
2-PB1,373,0,2,2706,0,2708,G
2-PB1,374,0,1,2702,0,2703,G
2-PB1,375,0,2669,0,1,2670,T
2-PB1,376,3,0,0,2681,2684,C
2-PB1,377,1,0,2672,0,2673,G
2-PB1,378,1,2,0,2669,2672,C
2-PB1,379,2,0,0,2685,2687,C
2-PB1,380,2691,0,0,0,2691,A
2-PB1,381,0,1,2751,0,2752,G
2-PB1,382,2767,1,5,0,2773,A
2-PB1,383,0,0,0,2808,2808,C
2-PB1,384,0,2788,0,3,2791,T
2-PB1,385,0,2795,0,2,2797,T
2-PB1,386,2795,0,0,0,2795,A
2-PB1,387,0,2807,0,2,2809,T
2-PB1,388,0,2,2806,0,2808,G
2-PB1,389,2809,1,0,0,2810,A
2-PB1,390,0,2748,0,1,2749,T
2-PB1,391,0,2668,0,3,2671,T
2-PB1,392,0,3,2650,0,2653,G
2-PB1,393,1,2,2642,0,2645,G
2-PB1,394,2687,0,3,0,2690,A
2-PB1,395,0,0,0,2690,2690,C
2-PB1,396,2657,0,0,0,2657,A
2-PB1,397,0,2640,0,0,2640,T
2-PB1,398,0,2664,0,0,2664,T
2-PB1,399,2678,0,0,0,2678,A
2-PB1,400,2674,0,1,0,2675,A
2-PB1,401,2678,0,2,0,2680,A
2-PB1,402,1,0,0,2687,2688,C
2-PB1,403,2644,0,0,0,2644,A
2-PB1,404,0,1,2639,0,2640,G
2-PB1,405,2638,0,1,0,2639,A
2-PB1,406,2639,0,1,0,2640,A
2-PB1,407,2639,1,1,0,2641,A
2-PB1,408,0,2593,0,0,2593,T
2-PB1,409,5,0,0,2609,2614,C
2-PB1,410,2621,0,1,0,2622,A
2-PB1,411,2606,0,2,0,2608,A
2-PB1,412,0,0,0,2608,2608,C
2-PB1,413,1,1,0,2593,2595,C
2-PB1,414,0,2,2583,0,2585,G
2-PB1,415,0,1,2567,0,2568,G
2-PB1,416,0,0,0,2586,2586,C
2-PB1,417,2589,0,3,0,2592,A
2-PB1,418,2,0,2588,0,2590,G
2-PB1,419,0,1,0,2602,2603,C
2-PB1,420,2617,0,2,0,2619,A
2-PB1,421,2614,0,2,0,2616,A
2-PB1,422,0,0,0,2624,2624,C
2-PB1,423,0,2591,0,4,2595,T
2-PB1,424,2,0,2704,1,2707,G
2-PB1,425,0,1,0,2700,2701,C
2-PB1,426,2709,3,1,0,2713,A
2-PB1,427,2,2692,0,2,2696,T
2-PB1,428,0,2658,0,2,2660,T
2-PB1,429,2827,1,2,2,2832,A
2-PB1,430,1,0,2831,0,2832,G
2-PB1,431,1,8,0,2794,2803,C
2-PB1,432,1,0,0,2820,2821,C
2-PB1,433,2704,1,0,0,2705,A
2-PB1,434,2712,1,0,0,2713,A
2-PB1,435,0,0,0,2734,2734,C
2-PB1,436,2736,0,0,0,2736,A
2-PB1,437,0,0,0,2819,2819,C
2-PB1,438,4,0,0,2627,2631,C
2-PB1,439,2629,0,3,0,2632,A
2-PB1,440,0,2624,0,1,2625,T
2-PB1,441,2635,0,0,0,2635,A
2-PB1,442,0,0,2634,0,2634,G
2-PB1,443,2609,1,0,0,2610,A
2-PB1,444,2585,0,1,0,2586,A
2-PB1,445,1,0,2594,1,2596,G
2-PB1,446,0,2525,0,1,2526,T
2-PB1,447,0,2525,0,0,2525,T
2-PB1,448,0,2536,0,2,2538,T
2-PB1,449,0,2536,0,1,2537,T
2-PB1,450,0,2544,0,0,2544,T
2-PB1,451,2529,0,1,0,2530,A
2-PB1,452,1,4,2522,0,2527,G
2-PB1,453,2522,0,0,0,2522,A
2-PB1,454,1,2496,0,1,2498,T
2-PB1,455,1,0,0,2491,2492,C
2-PB1,456,0,1,2493,0,2494,G
2-PB1,457,2491,0,0,0,2491,A
2-PB1,458,2493,0,1,0,2494,A
2-PB1,459,0,1,0,2506,2507,C
2-PB1,460,0,3,2507,0,2510,G
2-PB1,461,1,1,2635,0,2637,G
2-PB1,462,2632,0,2,0,2634,A
2-PB1,463,0,2638,0,0,2638,T
2-PB1,464,0,2636,0,0,2636,T
2-PB1,465,2632,2,7,0,2641,A
2-PB1,466,2634,0,3,0,2637,A
2-PB1,467,0,0,0,2659,2659,C
2-PB1,468,2655,0,3,0,2658,A
2-PB1,469,1,0,2685,0,2686,G
2-PB1,470,0,1,0,2587,2588,C
2-PB1,471,0,2586,0,0,2586,T
2-PB1,472,2593,0,5,1,2599,A
2-PB1,473,2591,0,0,0,2591,A
2-PB1,474,0,2587,0,0,2587,T
2-PB1,475,0,1,2625,0,2626,G
2-PB1,476,2600,0,0,0,2600,A
2-PB1,477,2608,1,1,0,2610,A
2-PB1,478,0,2563,0,0,2563,T
2-PB1,479,2,1,0,2574,2577,C
2-PB1,480,2554,0,3,0,2557,A
2-PB1,481,1,2,2560,0,2563,G
2-PB1,482,1,0,2557,0,2558,G
2-PB1,483,2551,0,5,0,2556,A
2-PB1,484,2517,0,1,0,2518,A
2-PB1,485,0,0,2635,0,2635,G
2-PB1,486,0,0,2644,0,2644,G
2-PB1,487,2,1,0,2638,2641,C
2-PB1,488,0,2650,1,0,2651,T
2-PB1,489,2646,0,0,0,2646,A
2-PB1,490,2641,0,0,0,2641,A
2-PB1,491,0,2644,1,0,2645,T
2-PB1,492,2639,1,3,0,2643,A
2-PB1,493,1,2,2652,0,2655,G
2-PB1,494,2476,0,0,1,2477,A
2-PB1,495,0,2446,0,0,2446,T
2-PB1,496,0,2433,0,1,2434,T
2-PB1,497,1,2423,0,0,2424,T
2-PB1,498,2,0,0,2505,2507,C
2-PB1,499,2,0,0,2517,2519,C
2-PB1,500,1,2523,0,2,2526,T
2-PB1,501,4,0,0,2544,2548,C
2-PB1,502,2539,0,1,1,2541,A
2-PB1,503,2542,0,1,0,2543,A
2-PB1,504,2,1,2547,1,2551,G
2-PB1,505,0,0,2576,0,2576,G
2-PB1,506,2584,0,0,0,2584,A
2-PB1,507,0,2488,1,0,2489,T
2-PB1,508,1,0,2511,0,2512,G
2-PB1,509,0,2498,0,2,2500,T
2-PB1,510,0,0,2532,0,2532,G
2-PB1,511,2529,0,4,0,2533,A
2-PB1,512,0,2533,0,1,2534,T
2-PB1,513,5,0,2518,0,2523,G
2-PB1,514,2,4,2498,0,2504,G
2-PB1,515,2508,0,5,0,2513,A
2-PB1,516,2514,0,0,0,2514,A
2-PB1,517,1,2462,1,0,2464,T
2-PB1,518,4,1,0,2486,2491,C
2-PB1,519,2459,0,2,0,2461,A
2-PB1,520,2470,0,0,0,2470,A
2-PB1,521,0,2471,0,3,2474,T
2-PB1,522,0,3,2514,0,2517,G
2-PB1,523,0,1,2529,0,2530,G
2-PB1,524,2512,0,2,2,2516,A
2-PB1,525,0,2519,0,1,2520,T
2-PB1,526,2518,0,1,0,2519,A
2-PB1,527,2511,2,0,0,2513,A
2-PB1,528,2520,0,1,0,2521,A
2-PB1,529,0,0,2540,0,2540,G
2-PB1,530,2525,0,4,0,2529,A
2-PB1,531,1,2,2502,0,2505,G
2-PB1,532,0,0,2499,0,2499,G
2-PB1,533,2487,0,0,0,2487,A
2-PB1,534,2498,0,0,0,2498,A
2-PB1,535,2490,0,6,0,2496,A
2-PB1,536,0,2495,0,1,2496,T
2-PB1,537,0,2,2536,0,2538,G
2-PB1,538,0,1,2533,0,2534,G
2-PB1,539,2500,0,2,0,2502,A
2-PB1,540,0,0,2515,0,2515,G
2-PB1,541,2494,0,2,0,2496,A
2-PB1,542,0,2541,0,3,2544,T
2-PB1,543,2533,0,2,0,2535,A
2-PB1,544,2563,0,2,0,2565,A
2-PB1,545,0,1,0,2579,2580,C
2-PB1,546,2528,1,0,0,2529,A
2-PB1,547,2532,0,1,0,2533,A
2-PB1,548,1,0,0,2541,2542,C
2-PB1,549,2510,1,3,0,2514,A
2-PB1,550,0,0,0,2518,2518,C
2-PB1,551,2457,0,3,2,2462,A
2-PB1,552,0,0,0,2491,2491,C
2-PB1,553,0,2454,0,4,2458,T
2-PB1,554,0,2456,0,0,2456,T
2-PB1,555,0,2458,0,0,2458,T
2-PB1,556,0,3,0,2461,2464,C
2-PB1,557,2465,0,0,0,2465,A
2-PB1,558,2463,0,0,0,2463,A
2-PB1,559,2461,0,3,0,2464,A
2-PB1,560,0,3,2495,0,2498,G
2-PB1,561,2462,0,0,0,2462,A
2-PB1,562,2469,0,0,0,2469,A
2-PB1,563,2470,0,2,0,2472,A
2-PB1,564,2481,0,0,0,2481,A
2-PB1,565,2464,0,4,0,2468,A
2-PB1,566,0,0,2490,0,2490,G
2-PB1,567,0,3,2486,0,2489,G
2-PB1,568,2448,0,4,0,2452,A
2-PB1,569,0,1,2491,0,2492,G
2-PB1,570,2483,0,3,0,2486,A
2-PB1,571,1,0,2563,0,2564,G
2-PB1,572,0,2559,0,0,2559,T
2-PB1,573,2564,0,0,0,2564,A
2-PB1,574,2558,0,4,1,2563,A
2-PB1,575,0,2,2566,0,2568,G
2-PB1,576,0,3,2582,0,2585,G
2-PB1,577,0,2,2576,0,2578,G
2-PB1,578,2532,0,3,0,2535,A
2-PB1,579,0,0,0,2553,2553,C
2-PB1,580,2479,0,0,1,2480,A
2-PB1,581,2483,0,3,0,2486,A
2-PB1,582,0,0,0,2476,2476,C
2-PB1,583,2484,0,1,0,2485,A
2-PB1,584,0,2450,0,1,2451,T
2-PB1,585,0,9,2432,0,2441,G
2-PB1,586,2439,1,3,0,2443,A
2-PB1,587,6,1,0,2433,2440,C
2-PB1,588,7,0,0,2406,2413,C
2-PB1,589,2417,0,0,0,2417,A
2-PB1,590,2418,0,0,0,2418,A
2-PB1,591,2,0,2427,0,2429,G
2-PB1,592,2433,0,1,0,2434,A
2-PB1,593,2431,0,0,0,2431,A
2-PB1,594,2413,0,0,0,2413,A
2-PB1,595,2408,0,1,0,2409,A
2-PB1,596,1,2410,0,0,2411,T
2-PB1,597,4,3,2415,0,2422,G
2-PB1,598,0,0,2423,0,2423,G
2-PB1,599,0,2386,0,8,2394,T
2-PB1,600,8,0,0,2387,2395,C
2-PB1,601,2408,0,1,0,2409,A
2-PB1,602,0,0,0,2603,2603,C
2-PB1,603,2673,0,3,0,2676,A
2-PB1,604,0,0,0,2701,2701,C
2-PB1,605,2686,0,0,0,2686,A
2-PB1,606,2861,1,2,0,2864,A
2-PB1,607,2841,0,3,0,2844,A
2-PB1,608,0,4,3020,0,3024,G
2-PB1,609,562,2,2318,0,2882,G
2-PB1,610,2989,1,3,0,2993,A
2-PB1,611,0,0,0,3107,3107,C
2-PB1,612,3109,0,0,0,3109,A
2-PB1,613,3141,0,1,0,3142,A
2-PB1,614,0,3145,0,0,3145,T
2-PB1,615,3102,1,2,0,3105,A
2-PB1,616,0,4,3105,1,3110,G
2-PB1,617,3,2,2987,0,2992,G
2-PB1,618,1,2,3001,0,3004,G
2-PB1,619,2996,0,0,0,2996,A
2-PB1,620,2950,0,5,0,2955,A
2-PB1,621,1,1,2988,0,2990,G
2-PB1,622,2971,0,2,0,2973,A
2-PB1,623,2982,1,0,0,2983,A
2-PB1,624,3001,0,0,0,3001,A
2-PB1,625,3022,0,1,1,3024,A
2-PB1,626,3085,0,2,0,3087,A
2-PB1,627,3101,0,2,0,3103,A
2-PB1,628,0,0,0,3115,3115,C
2-PB1,629,3108,0,1,0,3109,A
2-PB1,630,3104,0,1,0,3105,A
2-PB1,631,3090,0,4,0,3094,A
2-PB1,632,0,2,3161,0,3163,G
2-PB1,633,3155,0,2,0,3157,A
2-PB1,634,0,1,3287,0,3288,G
2-PB1,635,1,3206,0,0,3207,T
2-PB1,636,1,6,3801,0,3808,G
2-PB1,637,3811,2,3,1,3817,A
2-PB1,638,3809,0,3,0,3812,A
2-PB1,639,0,3891,1,0,3892,T
2-PB1,640,3906,0,2,0,3908,A
2-PB1,641,3903,0,10,0,3913,A
2-PB1,642,0,2,3906,0,3908,G
2-PB1,643,3839,0,5,0,3844,A
2-PB1,644,0,0,3850,0,3850,G
2-PB1,645,3681,0,5,0,3686,A
2-PB1,646,1,7,3699,0,3707,G
2-PB1,647,0,0,3682,0,3682,G
2-PB1,648,0,1,0,3699,3700,C
2-PB1,649,0,3680,0,0,3680,T
2-PB1,650,3820,0,0,0,3820,A
2-PB1,651,0,3,0,4027,4030,C
2-PB1,652,0,1,0,4041,4042,C
2-PB1,653,0,4083,0,3,4086,T
2-PB1,654,4271,0,2,0,4273,A
2-PB1,655,4269,0,1,0,4270,A
2-PB1,656,0,4288,0,0,4288,T
2-PB1,657,4280,0,0,0,4280,A
2-PB1,658,4274,0,2,0,4276,A
2-PB1,659,0,4,4277,0,4281,G
2-PB1,660,4175,0,3,0,4178,A
2-PB1,661,2,0,4197,0,4199,G
2-PB1,662,0,1,0,4216,4217,C
2-PB1,663,0,4156,0,6,4162,T
2-PB1,664,0,4181,0,4,4185,T
2-PB1,665,0,4191,0,3,4194,T
2-PB1,666,1,3,4179,0,4183,G
2-PB1,667,4262,0,0,0,4262,A
2-PB1,668,1,0,0,4293,4294,C
2-PB1,669,4285,0,3,0,4288,A
2-PB1,670,0,4264,0,5,4269,T
2-PB1,671,0,4240,0,2,4242,T
2-PB1,672,4,6,4338,1,4349,G
2-PB1,673,4329,2,7,0,4338,A
2-PB1,674,4353,0,4,1,4358,A
2-PB1,675,0,4,0,4362,4366,C
2-PB1,676,4349,0,2,0,4351,A
2-PB1,677,0,1,0,4353,4354,C
2-PB1,678,6,0,4347,0,4353,G
2-PB1,679,4342,0,5,0,4347,A
2-PB1,680,0,4428,0,5,4433,T
2-PB1,681,0,12,4502,0,4514,G
2-PB1,682,4519,0,5,0,4524,A
2-PB1,683,0,0,0,4546,4546,C
2-PB1,684,3,1,0,4553,4557,C
2-PB1,685,4557,0,1,0,4558,A
2-PB1,686,4616,1,1,0,4618,A
2-PB1,687,4615,1,6,0,4622,A
2-PB1,688,0,2,4756,0,4758,G
2-PB1,689,4770,0,5,0,4775,A
2-PB1,690,0,4749,0,1,4750,T
2-PB1,691,1,1,4775,0,4777,G
2-PB1,692,0,1,1,4749,4751,C
2-PB1,693,4755,1,5,0,4761,A
2-PB1,694,0,1,4786,0,4787,G
2-PB1,695,4747,1,1,0,4749,A
2-PB1,696,0,3,4755,0,4758,G
2-PB1,697,4642,0,0,0,4642,A
2-PB1,698,1,2,4635,0,4638,G
2-PB1,699,4604,0,6,0,4610,A
2-PB1,700,1,3,4614,0,4618,G
2-PB1,701,0,0,4608,0,4608,G
2-PB1,702,1,0,0,4613,4614,C
2-PB1,703,4589,0,0,0,4589,A
2-PB1,704,4587,0,1,0,4588,A
2-PB1,705,4627,0,3,0,4630,A
2-PB1,706,0,4651,0,0,4651,T
2-PB1,707,0,4648,0,0,4648,T
2-PB1,708,4651,2,1,0,4654,A
2-PB1,709,4652,0,3,0,4655,A
2-PB1,710,4649,0,2,0,4651,A
2-PB1,711,4671,0,1,0,4672,A
2-PB1,712,4667,1,1,0,4669,A
2-PB1,713,0,1,4678,0,4679,G
2-PB1,714,4644,0,0,0,4644,A
2-PB1,715,4614,0,5,0,4619,A
2-PB1,716,1,3,4677,0,4681,G
2-PB1,717,0,1,4764,0,4765,G
2-PB1,718,3,0,4747,0,4750,G
2-PB1,719,3,1,1,4791,4796,C
2-PB1,720,0,4800,0,1,4801,T
2-PB1,721,4846,0,2,0,4848,A
2-PB1,722,0,4919,1,1,4921,T
2-PB1,723,0,4910,0,8,4918,T
2-PB1,724,2,0,4954,0,4956,G
2-PB1,725,1,1,0,4926,4928,C
2-PB1,726,4782,0,7,1,4790,A
2-PB1,727,4789,0,1,1,4791,A
2-PB1,728,0,1,0,4802,4803,C
2-PB1,729,4784,0,2,0,4786,A
2-PB1,730,1,0,0,4805,4806,C
2-PB1,731,2,2,0,4729,4733,C
2-PB1,732,8,2,1,4717,4728,C
2-PB1,733,0,4,4717,0,4721,G
2-PB1,734,1,2,4728,0,4731,G
2-PB1,735,1,1,4733,0,4735,G
2-PB1,736,4741,1,0,0,4742,A
2-PB1,737,0,4720,0,0,4720,T
2-PB1,738,0,0,4737,0,4737,G
2-PB1,739,0,0,0,4709,4709,C
2-PB1,740,4770,0,2,0,4772,A
2-PB1,741,4855,0,3,1,4859,A
2-PB1,742,4916,2,0,1,4919,A
2-PB1,743,0,4930,0,0,4930,T
2-PB1,744,0,4922,0,0,4922,T
2-PB1,745,4895,0,0,1,4896,A
2-PB1,746,0,5,4882,0,4887,G
2-PB1,747,4852,0,9,0,4861,A
2-PB1,748,0,8,4869,0,4877,G
2-PB1,749,0,5,4792,0,4797,G
2-PB1,750,0,0,4912,0,4912,G
2-PB1,751,0,4868,1,6,4875,T
2-PB1,752,0,4906,0,6,4912,T
2-PB1,753,5,2,0,4908,4915,C
2-PB1,754,4,0,4973,0,4977,G
2-PB1,755,0,4966,0,6,4972,T
2-PB1,756,0,0,4987,0,4987,G
2-PB1,757,1,4947,0,0,4948,T
2-PB1,758,4928,0,1,1,4930,A
2-PB1,759,0,2,0,4935,4937,C
2-PB1,760,0,4697,0,2,4699,T
2-PB1,761,0,4724,0,1,4725,T
2-PB1,762,1,1,0,4699,4701,C
2-PB1,763,2,0,4672,0,4674,G
2-PB1,764,0,4661,0,2,4663,T
2-PB1,765,0,4642,0,5,4647,T
2-PB1,766,0,0,4656,1,4657,G
2-PB1,767,4626,1,3,0,4630,A
2-PB1,768,4640,0,5,0,4645,A
2-PB1,769,4673,1,1,0,4675,A
2-PB1,770,1,1,0,4695,4697,C
2-PB1,771,0,4658,0,1,4659,T
2-PB1,772,1,4643,0,2,4646,T
2-PB1,773,0,4650,0,0,4650,T
2-PB1,774,4745,1,6,0,4752,A
2-PB1,775,1,0,4771,0,4772,G
2-PB1,776,1,3,0,4775,4779,C
2-PB1,777,0,4789,0,1,4790,T
2-PB1,778,4732,1,2,0,4735,A
2-PB1,779,1,1,4726,0,4728,G
2-PB1,780,4710,1,4,0,4715,A
2-PB1,781,4716,1,3,0,4720,A
2-PB1,782,1,0,4731,0,4732,G
2-PB1,783,0,0,0,4624,4624,C
2-PB1,784,4626,0,0,0,4626,A
2-PB1,785,0,4599,0,0,4599,T
2-PB1,786,0,4588,0,3,4591,T
2-PB1,787,0,4599,0,1,4600,T
2-PB1,788,0,1,4609,0,4610,G
2-PB1,789,0,0,0,4602,4602,C
2-PB1,790,1,1,4607,0,4609,G
2-PB1,791,4594,0,2,0,4596,A
2-PB1,792,4583,0,1,0,4584,A
2-PB1,793,4607,0,0,0,4607,A
2-PB1,794,4715,0,4,0,4719,A
2-PB1,795,0,0,4766,0,4766,G
2-PB1,796,0,0,0,4761,4761,C
2-PB1,797,0,4762,0,1,4763,T
2-PB1,798,0,4767,0,0,4767,T
2-PB1,799,0,3,4777,0,4780,G
2-PB1,800,4760,0,5,0,4765,A
2-PB1,801,4765,0,3,0,4768,A
2-PB1,802,0,1,0,4799,4800,C
2-PB1,803,4682,0,3,2,4687,A
2-PB1,804,0,0,5135,0,5135,G
2-PB1,805,0,5056,0,2,5058,T
2-PB1,806,5,1,0,5072,5078,C
2-PB1,807,0,5053,17,7,5077,T
2-PB1,808,0,2,5086,0,5088,G
2-PB1,809,0,4,5094,1,5099,G
2-PB1,810,5093,0,3,0,5096,A
2-PB1,811,1,1,0,5122,5124,C
2-PB1,812,0,4937,0,2,4939,T
2-PB1,813,0,4601,0,1,4602,T
2-PB1,814,0,0,0,4605,4605,C
2-PB1,815,1,2,0,4597,4600,C
2-PB1,816,8,1,4625,0,4634,G
2-PB1,817,0,0,4634,0,4634,G
2-PB1,818,0,4580,0,2,4582,T
2-PB1,819,0,4610,0,0,4610,T
2-PB1,820,1,4,4583,0,4588,G
2-PB1,821,3,1,4619,0,4623,G
2-PB1,822,1,4,4670,0,4675,G
2-PB1,823,1,0,4670,0,4671,G
2-PB1,824,0,0,4682,0,4682,G
2-PB1,825,0,4621,0,3,4624,T
2-PB1,826,4660,0,1,0,4661,A
2-PB1,827,4682,0,1,0,4683,A
2-PB1,828,1,4695,0,1,4697,T
2-PB1,829,0,3,4695,0,4698,G
2-PB1,830,4639,0,1,1,4641,A
2-PB1,831,4598,1,2,0,4601,A
2-PB1,832,4609,0,0,0,4609,A
2-PB1,833,4571,0,7,0,4578,A
2-PB1,834,0,2,4581,0,4583,G
2-PB1,835,4531,0,2,0,4533,A
2-PB1,836,4497,1,3,0,4501,A
2-PB1,837,0,3,4511,0,4514,G
2-PB1,838,1,1,4499,0,4501,G
2-PB1,839,0,1,0,4486,4487,C
2-PB1,840,7,1,0,4483,4491,C
2-PB1,841,4503,0,0,1,4504,A
2-PB1,842,4514,0,1,0,4515,A
2-PB1,843,4503,0,3,0,4506,A
2-PB1,844,0,1,0,4521,4522,C
2-PB1,845,0,4513,0,5,4518,T
2-PB1,846,0,4,4573,0,4577,G
2-PB1,847,3,0,4562,0,4565,G
2-PB1,848,0,0,0,4582,4582,C
2-PB1,849,4588,0,2,0,4590,A
2-PB1,850,4584,0,2,0,4586,A
2-PB1,851,4590,0,2,0,4592,A
2-PB1,852,0,4599,0,1,4600,T
2-PB1,853,4,0,4600,0,4604,G
2-PB1,854,0,4575,0,3,4578,T
2-PB1,855,0,4457,0,1,4458,T
2-PB1,856,6,1,4444,0,4451,G
2-PB1,857,0,4428,0,1,4429,T
2-PB1,858,7,3,4444,0,4454,G
2-PB1,859,4450,0,5,0,4455,A
2-PB1,860,0,0,4452,0,4452,G
2-PB1,861,4450,1,2,0,4453,A
2-PB1,862,4413,0,2,0,4415,A
2-PB1,863,4405,1,1,0,4407,A
2-PB1,864,4428,0,1,0,4429,A
2-PB1,865,4442,1,4,0,4447,A
2-PB1,866,0,4435,0,0,4435,T
2-PB1,867,0,3,4441,0,4444,G
2-PB1,868,4427,1,5,0,4433,A
2-PB1,869,0,4386,0,0,4386,T
2-PB1,870,0,9,4412,0,4421,G
2-PB1,871,4407,0,4,0,4411,A
2-PB1,872,0,0,0,4457,4457,C
2-PB1,873,0,4460,0,3,4463,T
2-PB1,874,4457,0,1,0,4458,A
2-PB1,875,4503,0,1,0,4504,A
2-PB1,876,0,4492,1,1,4494,T
2-PB1,877,0,4537,0,5,4542,T
2-PB1,878,2,2,0,4574,4578,C
2-PB1,879,4557,1,5,0,4563,A
2-PB1,880,0,1,0,4591,4592,C
2-PB1,881,4545,0,4,0,4549,A
2-PB1,882,4538,0,5,0,4543,A
2-PB1,883,0,2,4543,0,4545,G
2-PB1,884,4612,0,7,0,4619,A
2-PB1,885,1,1,0,4617,4619,C
2-PB1,886,4575,2,3,1,4581,A
2-PB1,887,0,2,0,4577,4579,C
2-PB1,888,4522,0,2,1,4525,A
2-PB1,889,0,0,4556,0,4556,G
2-PB1,890,4532,0,5,0,4537,A
2-PB1,891,3,2,4520,0,4525,G
2-PB1,892,0,0,0,4511,4511,C
2-PB1,893,0,4420,1,9,4430,T
2-PB1,894,0,4483,0,0,4483,T
2-PB1,895,0,4455,0,3,4458,T
2-PB1,896,3,2,0,4499,4504,C
2-PB1,897,0,4492,0,8,4500,T
2-PB1,898,0,4475,0,0,4475,T
2-PB1,899,1,4480,0,2,4483,T
2-PB1,900,1,6,0,4484,4491,C
2-PB1,901,4449,0,4,0,4453,A
2-PB1,902,1,1,0,4496,4498,C
2-PB1,903,4465,0,1,0,4466,A
2-PB1,904,4466,0,1,0,4467,A
2-PB1,905,0,4517,0,4,4521,T
2-PB1,906,2,1,0,4588,4591,C
2-PB1,907,4602,0,3,0,4605,A
2-PB1,908,0,1,0,4656,4657,C
2-PB1,909,0,4612,0,2,4614,T
2-PB1,910,5,2,4647,0,4654,G
2-PB1,911,1,8,4611,0,4620,G
2-PB1,912,2,2,4753,0,4757,G
2-PB1,913,2,4,4749,0,4755,G
2-PB1,914,4652,1,7,0,4660,A
2-PB1,915,1,0,0,4504,4505,C
2-PB1,916,4542,0,1,0,4543,A
2-PB1,917,4830,0,7,0,4837,A
2-PB1,918,0,3,0,4879,4882,C
2-PB1,919,4857,0,5,0,4862,A
2-PB1,920,0,5,0,4857,4862,C
2-PB1,921,0,4656,0,1,4657,T
2-PB1,922,4678,0,1,0,4679,A
2-PB1,923,4675,0,5,0,4680,A
2-PB1,924,2,1,4701,0,4704,G
2-PB1,925,0,4657,0,3,4660,T
2-PB1,926,1,4,4335,0,4340,G
2-PB1,927,0,4,4294,0,4298,G
2-PB1,928,4282,1,5,0,4288,A
2-PB1,929,4289,0,10,0,4299,A
2-PB1,930,0,4293,0,1,4294,T
2-PB1,931,2,3,4292,0,4297,G
2-PB1,932,4291,1,3,0,4295,A
2-PB1,933,4228,0,1,0,4229,A
2-PB1,934,4262,0,2,1,4265,A
2-PB1,935,4276,0,3,0,4279,A
2-PB1,936,0,4223,0,0,4223,T
2-PB1,937,8,0,0,4257,4265,C
2-PB1,938,4261,1,1,0,4263,A
2-PB1,939,4244,0,2,0,4246,A
2-PB1,940,4229,0,2,0,4231,A
2-PB1,941,4217,0,3,0,4220,A
2-PB1,942,0,0,0,4260,4260,C
2-PB1,943,1,5,0,4221,4227,C
2-PB1,944,7,1,0,4209,4217,C
2-PB1,945,0,4199,1,3,4203,T
2-PB1,946,2,1,1,4222,4226,C
2-PB1,947,0,1,4219,0,4220,G
2-PB1,948,4208,1,0,0,4209,A
2-PB1,949,4218,0,0,0,4218,A
2-PB1,950,0,4209,0,0,4209,T
2-PB1,951,0,0,4247,0,4247,G
2-PB1,952,0,4192,3,5,4200,T
2-PB1,953,1,4176,0,2,4179,T
2-PB1,954,0,4212,1,1,4214,T
2-PB1,955,0,4205,1,0,4206,T
2-PB1,956,0,4206,0,0,4206,T
2-PB1,957,1,1,4199,0,4201,G
2-PB1,958,0,1,4169,0,4170,G
2-PB1,959,1,2,0,4181,4184,C
2-PB1,960,1,3,4124,0,4128,G
2-PB1,961,4115,0,0,0,4115,A
2-PB1,962,0,4245,0,2,4247,T
2-PB1,963,1,4,4427,0,4432,G
2-PB1,964,4679,1,0,0,4680,A
2-PB1,965,0,4710,1,4,4715,T
2-PB1,966,0,4713,1,0,4714,T
2-PB1,967,4734,1,2,0,4737,A
2-PB1,968,1,0,0,4755,4756,C
2-PB1,969,4767,0,5,0,4772,A
2-PB1,970,0,4751,0,1,4752,T
2-PB1,971,4521,0,4,0,4525,A
2-PB1,972,0,2,0,4552,4554,C
2-PB1,973,4119,0,2,0,4121,A
2-PB1,974,0,4104,0,6,4110,T
2-PB1,975,4,1,0,4093,4098,C
2-PB1,976,4094,0,0,0,4094,A
2-PB1,977,0,3,0,4103,4106,C
2-PB1,978,4086,0,0,0,4086,A
2-PB1,979,4084,0,1,0,4085,A
2-PB1,980,4074,1,0,0,4075,A
2-PB1,981,1,3,3934,0,3938,G
2-PB1,982,4104,0,0,0,4104,A
2-PB1,983,4109,1,3,0,4113,A
2-PB1,984,1,4084,0,2,4087,T
2-PB1,985,3,1,0,4115,4119,C
2-PB1,986,4139,0,3,0,4142,A
2-PB1,987,4132,0,4,0,4136,A
2-PB1,988,0,1,0,4155,4156,C
2-PB1,989,1,0,1,4149,4151,C
2-PB1,990,0,3966,0,1,3967,T
2-PB1,991,0,4,4009,0,4013,G
2-PB1,992,3986,0,7,0,3993,A
2-PB1,993,0,0,4003,0,4003,G
2-PB1,994,0,3983,0,3,3986,T
2-PB1,995,0,1,3921,0,3922,G
2-PB1,996,0,1,4159,0,4160,G
2-PB1,997,0,4143,0,4,4147,T
2-PB1,998,2,4137,0,2,4141,T
2-PB1,999,7,0,1,4167,4175,C
2-PB1,1000,4119,0,2,0,4121,A
2-PB1,1001,1,1,4183,0,4185,G
2-PB1,1002,4177,0,1,0,4178,A
2-PB1,1003,4188,0,2,1,4191,A
2-PB1,1004,4153,0,3,2,4158,A
2-PB1,1005,0,0,0,3794,3794,C
2-PB1,1006,3850,0,1,0,3851,A
2-PB1,1007,0,3822,0,4,3826,T
2-PB1,1008,2,1,0,3887,3890,C
2-PB1,1009,1,0,1,3894,3896,C
2-PB1,1010,0,3764,0,2,3766,T
2-PB1,1011,0,6,3767,0,3773,G
2-PB1,1012,3747,0,4,0,3751,A
2-PB1,1013,0,0,3775,0,3775,G
2-PB1,1014,0,1,0,3760,3761,C
2-PB1,1015,3649,2,1,0,3652,A
2-PB1,1016,0,3618,0,5,3623,T
2-PB1,1017,2,0,0,3629,3631,C
2-PB1,1018,2,7,3617,1,3627,G
2-PB1,1019,2,0,1,3731,3734,C
2-PB1,1020,3733,0,5,0,3738,A
2-PB1,1021,0,1,0,3846,3847,C
2-PB1,1022,3,0,0,3841,3844,C
2-PB1,1023,3849,0,1,0,3850,A
2-PB1,1024,3901,1,2,0,3904,A
2-PB1,1025,0,3894,0,1,3895,T
2-PB1,1026,3904,0,2,0,3906,A
2-PB1,1027,3892,0,2,0,3894,A
2-PB1,1028,1,3741,0,0,3742,T
2-PB1,1029,1,0,3764,0,3765,G
2-PB1,1030,0,3644,0,8,3652,T
2-PB1,1031,0,3616,0,7,3623,T
2-PB1,1032,4,2,0,3645,3651,C
2-PB1,1033,0,3641,0,1,3642,T
2-PB1,1034,0,0,0,3654,3654,C
2-PB1,1035,3660,0,1,1,3662,A
2-PB1,1036,3657,0,2,0,3659,A
2-PB1,1037,3652,0,2,0,3654,A
2-PB1,1038,0,2,0,3665,3667,C
2-PB1,1039,3647,0,1,0,3648,A
2-PB1,1040,3644,0,0,0,3644,A
2-PB1,1041,3619,0,4,0,3623,A
2-PB1,1042,3629,0,2,0,3631,A
2-PB1,1043,0,3624,1,1,3626,T
2-PB1,1044,1,5,3628,0,3634,G
2-PB1,1045,2,0,3622,0,3624,G
2-PB1,1046,0,0,0,3630,3630,C
2-PB1,1047,3611,0,2,1,3614,A
2-PB1,1048,3616,1,3,0,3620,A
2-PB1,1049,0,0,3634,0,3634,G
2-PB1,1050,3601,1,0,0,3602,A
2-PB1,1051,1,3586,0,0,3587,T
2-PB1,1052,0,3677,0,2,3679,T
2-PB1,1053,3,7,3694,0,3704,G
2-PB1,1054,1,1,3689,0,3691,G
2-PB1,1055,0,3,3712,0,3715,G
2-PB1,1056,3720,0,2,0,3722,A
2-PB1,1057,3715,0,3,0,3718,A
2-PB1,1058,3687,0,1,0,3688,A
2-PB1,1059,3662,0,7,0,3669,A
2-PB1,1060,1,1,3778,0,3780,G
2-PB1,1061,0,1,3805,0,3806,G
2-PB1,1062,3783,1,7,0,3791,A
2-PB1,1063,0,3769,0,1,3770,T
2-PB1,1064,3762,0,2,0,3764,A
2-PB1,1065,1,0,0,3774,3775,C
2-PB1,1066,3813,0,1,0,3814,A
2-PB1,1067,0,3803,0,0,3803,T
2-PB1,1068,0,2,3838,0,3840,G
2-PB1,1069,1,3756,0,4,3761,T
2-PB1,1070,0,3759,0,0,3759,T
2-PB1,1071,7,2,0,3756,3765,C
2-PB1,1072,1,2,3765,0,3768,G
2-PB1,1073,3751,1,0,0,3752,A
2-PB1,1074,0,2,3854,0,3856,G
2-PB1,1075,3788,0,6,1,3795,A
2-PB1,1076,0,1,3834,0,3835,G
2-PB1,1077,0,3805,0,3,3808,T
2-PB1,1078,3813,0,0,0,3813,A
2-PB1,1079,3817,0,11,1,3829,A
2-PB1,1080,0,2,3841,0,3843,G
2-PB1,1081,3829,1,3,0,3833,A
2-PB1,1082,0,3,3898,0,3901,G
2-PB1,1083,3799,0,2,0,3801,A
2-PB1,1084,3832,0,2,0,3834,A
2-PB1,1085,0,3800,0,5,3805,T
2-PB1,1086,1,1,3797,0,3799,G
2-PB1,1087,3792,0,5,0,3797,A
2-PB1,1088,3749,0,9,0,3758,A
2-PB1,1089,2,0,3770,0,3772,G
2-PB1,1090,1,1,0,3756,3758,C
2-PB1,1091,0,3683,0,4,3687,T
2-PB1,1092,2,0,0,3720,3722,C
2-PB1,1093,4,3,0,3718,3725,C
2-PB1,1094,2,1,3726,0,3729,G
2-PB1,1095,0,9,3726,0,3735,G
2-PB1,1096,3744,2,5,0,3751,A
2-PB1,1097,0,0,0,3801,3801,C
2-PB1,1098,3791,0,2,0,3793,A
2-PB1,1099,0,0,0,3851,3851,C
2-PB1,1100,3836,1,0,0,3837,A
2-PB1,1101,3830,0,10,0,3840,A
2-PB1,1102,3832,0,1,0,3833,A
2-PB1,1103,0,3843,0,0,3843,T
2-PB1,1104,3818,1,0,0,3819,A
2-PB1,1105,0,0,0,3830,3830,C
2-PB1,1106,0,1,0,3799,3800,C
2-PB1,1107,1,3754,1,8,3764,T
2-PB1,1108,1,0,3798,0,3799,G
2-PB1,1109,0,2,0,3806,3808,C
2-PB1,1110,3805,1,2,0,3808,A
2-PB1,1111,0,0,3814,0,3814,G
2-PB1,1112,3788,0,0,0,3788,A
2-PB1,1113,3787,0,1,0,3788,A
2-PB1,1114,3802,0,0,0,3802,A
2-PB1,1115,0,3797,0,0,3797,T
2-PB1,1116,0,0,3813,0,3813,G
2-PB1,1117,0,0,0,3802,3802,C
2-PB1,1118,0,3804,0,6,3810,T
2-PB1,1119,3865,0,1,0,3866,A
2-PB1,1120,1,0,3838,0,3839,G
2-PB1,1121,0,0,0,3852,3852,C
2-PB1,1122,3861,0,2,0,3863,A
2-PB1,1123,3842,0,3,0,3845,A
2-PB1,1124,1,0,3823,0,3824,G
2-PB1,1125,1,1,0,3816,3818,C
2-PB1,1126,3775,0,0,0,3775,A
2-PB1,1127,0,3827,0,0,3827,T
2-PB1,1128,1,3832,0,1,3834,T
2-PB1,1129,0,9,3975,0,3984,G
2-PB1,1130,4006,0,8,0,4014,A
2-PB1,1131,0,0,0,3999,3999,C
2-PB1,1132,2,0,0,4012,4014,C
2-PB1,1133,2,3914,0,8,3924,T
2-PB1,1134,1,2,4002,1,4006,G
2-PB1,1135,4017,0,1,0,4018,A
2-PB1,1136,4018,0,3,0,4021,A
2-PB1,1137,0,0,4079,0,4079,G
2-PB1,1138,0,3915,0,0,3915,T
2-PB1,1139,3949,0,0,0,3949,A
2-PB1,1140,0,3913,0,4,3917,T
2-PB1,1141,1,3913,0,2,3916,T
2-PB1,1142,0,3907,0,0,3907,T
2-PB1,1143,2,1,0,3875,3878,C
2-PB1,1144,3866,0,0,0,3866,A
2-PB1,1145,3865,0,1,0,3866,A
2-PB1,1146,1,3809,0,2,3812,T
2-PB1,1147,1,3,3828,0,3832,G
2-PB1,1148,3812,0,0,0,3812,A
2-PB1,1149,3826,0,2,0,3828,A
2-PB1,1150,0,3796,0,2,3798,T
2-PB1,1151,3,1,0,3843,3847,C
2-PB1,1152,3848,1,1,0,3850,A
2-PB1,1153,3838,1,5,0,3844,A
2-PB1,1154,0,0,0,3847,3847,C
2-PB1,1155,3843,0,2,0,3845,A
2-PB1,1156,3822,0,5,0,3827,A
2-PB1,1157,0,2,3829,0,3831,G
2-PB1,1158,2,2,3851,0,3855,G
2-PB1,1159,3826,0,4,0,3830,A
2-PB1,1160,3822,0,6,0,3828,A
2-PB1,1161,2,4,3835,1,3842,G
2-PB1,1162,3827,0,1,1,3829,A
2-PB1,1163,3830,0,0,0,3830,A
2-PB1,1164,3830,0,4,0,3834,A
2-PB1,1165,3826,0,3,0,3829,A
2-PB1,1166,1,3824,0,0,3825,T
2-PB1,1167,0,3789,0,3,3792,T
2-PB1,1168,1,3,3789,0,3793,G
2-PB1,1169,3787,0,6,0,3793,A
2-PB1,1170,1,0,3792,0,3793,G
2-PB1,1171,3795,0,1,0,3796,A
2-PB1,1172,3813,0,0,0,3813,A
2-PB1,1173,3878,1,1,0,3880,A
2-PB1,1174,3871,0,2,0,3873,A
2-PB1,1175,0,3859,0,1,3860,T
2-PB1,1176,3878,0,1,0,3879,A
2-PB1,1177,3874,0,5,1,3880,A
2-PB1,1178,0,1,3878,0,3879,G
2-PB1,1179,1,1,3850,0,3852,G
2-PB1,1180,0,2,0,3849,3851,C
2-PB1,1181,3,1,1,3835,3840,C
2-PB1,1182,0,3807,0,9,3816,T
2-PB1,1183,1,0,0,4309,4310,C
2-PB1,1184,0,4365,1,6,4372,T
2-PB1,1185,0,4376,0,2,4378,T
2-PB1,1186,1,1,0,4486,4488,C
2-PB1,1187,0,4451,0,5,4456,T
2-PB1,1188,4475,0,1,0,4476,A
2-PB1,1189,4464,0,3,1,4468,A
2-PB1,1190,0,4469,0,0,4469,T
2-PB1,1191,4522,0,2,0,4524,A
2-PB1,1192,2,1,4383,0,4386,G
2-PB1,1193,4002,0,7,0,4009,A
2-PB1,1194,2,3995,0,4,4001,T
2-PB1,1195,0,5,3930,0,3935,G
2-PB1,1196,3,1,3975,0,3979,G
2-PB1,1197,0,0,0,3997,3997,C
2-PB1,1198,3994,0,2,0,3996,A
2-PB1,1199,0,2,0,4012,4014,C
2-PB1,1200,3941,0,5,0,3946,A
2-PB1,1201,0,0,4089,0,4089,G
2-PB1,1202,1,1,0,4079,4081,C
2-PB1,1203,4086,0,2,0,4088,A
2-PB1,1204,1,4177,0,4,4182,T
2-PB1,1205,1,0,0,4133,4134,C
2-PB1,1206,4159,0,2,0,4161,A
2-PB1,1207,0,4152,0,2,4154,T
2-PB1,1208,0,4124,0,1,4125,T
2-PB1,1209,0,3,4132,0,4135,G
2-PB1,1210,3988,1,8,0,3997,A
2-PB1,1211,0,2,4103,0,4105,G
2-PB1,1212,0,2,0,4094,4096,C
2-PB1,1213,2,0,0,4043,4045,C
2-PB1,1214,13,0,0,4099,4112,C
2-PB1,1215,0,4080,0,18,4098,T
2-PB1,1216,3,2,4329,0,4334,G
2-PB1,1217,0,3,4388,0,4391,G
2-PB1,1218,4375,2,5,0,4382,A
2-PB1,1219,4517,0,3,0,4520,A
2-PB1,1220,0,4394,0,5,4399,T
2-PB1,1221,0,2,4530,0,4532,G
2-PB1,1222,4592,0,0,1,4593,A
2-PB1,1223,0,4640,0,3,4643,T
2-PB1,1224,8,2,4652,0,4662,G
2-PB1,1225,4607,1,5,0,4613,A
2-PB1,1226,1,4559,0,2,4562,T
2-PB1,1227,0,4,4572,1,4577,G
2-PB1,1228,2,1,4609,0,4612,G
2-PB1,1229,4,0,4618,0,4622,G
2-PB1,1230,2,1,1,4592,4596,C
2-PB1,1231,4614,1,0,1,4616,A
2-PB1,1232,1,4639,16,1,4657,T
2-PB1,1233,0,1,4793,0,4794,G
2-PB1,1234,0,4789,0,9,4798,T
2-PB1,1235,0,4813,0,2,4815,T
2-PB1,1236,2,0,0,4820,4822,C
2-PB1,1237,4794,0,3,0,4797,A
2-PB1,1238,4799,0,4,0,4803,A
2-PB1,1239,0,2,0,4807,4809,C
2-PB1,1240,4838,0,5,0,4843,A
2-PB1,1241,0,4841,0,4,4845,T
2-PB1,1242,1,0,4887,0,4888,G
2-PB1,1243,0,3,0,4874,4877,C
2-PB1,1244,0,4893,0,4,4897,T
2-PB1,1245,4951,0,1,0,4952,A
2-PB1,1246,4937,0,1,1,4939,A
2-PB1,1247,2,0,5025,0,5027,G
2-PB1,1248,0,5005,0,1,5006,T
2-PB1,1249,4994,0,2,0,4996,A
2-PB1,1250,0,2,0,5031,5033,C
2-PB1,1251,2,6,5046,0,5054,G
2-PB1,1252,0,0,5366,0,5366,G
2-PB1,1253,0,5345,1,6,5352,T
2-PB1,1254,0,5353,0,0,5353,T
2-PB1,1255,1,5368,0,2,5371,T
2-PB1,1256,0,5345,0,3,5348,T
2-PB1,1257,5338,4,8,0,5350,A
2-PB1,1258,2,2,5342,1,5347,G
2-PB1,1259,2,4,5324,0,5330,G
2-PB1,1260,5237,2,4,0,5243,A
2-PB1,1261,0,0,5186,0,5186,G
2-PB1,1262,0,5238,0,4,5242,T
2-PB1,1263,4,0,0,5263,5267,C
2-PB1,1264,1,5257,1,7,5266,T
2-PB1,1265,1,1,0,5279,5281,C
2-PB1,1266,4,0,5298,0,5302,G
2-PB1,1267,5480,0,1,0,5481,A
2-PB1,1268,0,5492,1,0,5493,T
2-PB1,1269,5509,0,0,0,5509,A
2-PB1,1270,0,1,0,5510,5511,C
2-PB1,1271,0,5426,0,14,5440,T
2-PB1,1272,2,5,5455,0,5462,G
2-PB1,1273,5447,1,1,0,5449,A
2-PB1,1274,5513,0,0,0,5513,A
2-PB1,1275,1,5510,0,3,5514,T
2-PB1,1276,5,1,0,5393,5399,C
2-PB1,1277,0,5395,0,6,5401,T
2-PB1,1278,0,5378,0,3,5381,T
2-PB1,1279,6,6,5387,0,5399,G
2-PB1,1280,2,7,5366,0,5375,G
2-PB1,1281,5361,0,4,0,5365,A
2-PB1,1282,0,2,0,5398,5400,C
2-PB1,1283,5322,0,0,0,5322,A
2-PB1,1284,5366,0,0,0,5366,A
2-PB1,1285,5365,0,2,0,5367,A
2-PB1,1286,5367,0,22,0,5389,A
2-PB1,1287,0,3,5481,0,5484,G
2-PB1,1288,5506,0,2,0,5508,A
2-PB1,1289,5502,1,3,0,5506,A
2-PB1,1290,5505,0,6,1,5512,A
2-PB1,1291,0,5491,0,0,5491,T
2-PB1,1292,5485,0,4,0,5489,A
2-PB1,1293,0,1,0,5686,5687,C
2-PB1,1294,5606,1,3,0,5610,A
2-PB1,1295,0,0,0,5661,5661,C
2-PB1,1296,1,3,1,5589,5594,C
2-PB1,1297,5584,1,2,0,5587,A
2-PB1,1298,5635,1,3,0,5639,A
2-PB1,1299,1,7,5800,1,5809,G
2-PB1,1300,5862,0,6,0,5868,A
2-PB1,1301,1,1,0,5946,5948,C
2-PB1,1302,5800,0,6,1,5807,A
2-PB1,1303,5958,1,3,0,5962,A
2-PB1,1304,1,1,0,5977,5979,C
2-PB1,1305,6079,0,1,0,6080,A
2-PB1,1306,0,6098,0,2,6100,T
2-PB1,1307,6045,0,1,0,6046,A
2-PB1,1308,0,2,0,6178,6180,C
2-PB1,1309,1,5978,1,1,5981,T
2-PB1,1310,3,2,6084,0,6089,G
2-PB1,1311,2,1,6077,1,6081,G
2-PB1,1312,0,5864,0,8,5872,T
2-PB1,1313,0,6,5907,0,5913,G
2-PB1,1314,1,2,5841,0,5844,G
2-PB1,1315,1,3,5867,0,5871,G
2-PB1,1316,5850,1,4,0,5855,A
2-PB1,1317,0,5728,0,5,5733,T
2-PB1,1318,1,2,5750,0,5753,G
2-PB1,1319,0,2,5693,0,5695,G
2-PB1,1320,4,0,5742,0,5746,G
2-PB1,1321,0,0,0,5812,5812,C
2-PB1,1322,0,5783,0,10,5793,T
2-PB1,1323,7,1,0,5826,5834,C
2-PB1,1324,2,1,0,5833,5836,C
2-PB1,1325,5829,1,5,0,5835,A
2-PB1,1326,5819,0,1,2,5822,A
2-PB1,1327,3,5773,0,4,5780,T
2-PB1,1328,2,0,0,5766,5768,C
2-PB1,1329,5,3,1,5735,5744,C
2-PB1,1330,1,5664,0,6,5671,T
2-PB1,1331,1,0,0,5672,5673,C
2-PB1,1332,3,5,0,5645,5653,C
2-PB1,1333,3,3,5667,0,5673,G
2-PB1,1334,5661,0,3,0,5664,A
2-PB1,1335,0,2,0,5673,5675,C
2-PB1,1336,2,8,5689,0,5699,G
2-PB1,1337,5692,0,0,0,5692,A
2-PB1,1338,0,5698,0,4,5702,T
2-PB1,1339,0,5692,0,4,5696,T
2-PB1,1340,3,5685,0,1,5689,T
2-PB1,1341,0,5699,0,3,5702,T
2-PB1,1342,1,0,5716,0,5717,G
2-PB1,1343,1,1,0,5745,5747,C
2-PB1,1344,3,0,0,5731,5734,C
2-PB1,1345,4,2,0,5946,5952,C
2-PB1,1346,2,5874,0,13,5889,T
2-PB1,1347,4,1,0,6111,6116,C
2-PB1,1348,6156,0,0,0,6156,A
2-PB1,1349,0,6184,0,3,6187,T
2-PB1,1350,6191,0,2,0,6193,A
2-PB1,1351,6,0,6250,0,6256,G
2-PB1,1352,0,6164,0,3,6167,T
2-PB1,1353,6,5,6203,0,6214,G
2-PB1,1354,5988,0,8,0,5996,A
2-PB1,1355,5980,1,4,0,5985,A
2-PB1,1356,0,5691,0,10,5701,T
2-PB1,1357,5,1,5679,0,5685,G
2-PB1,1358,1,0,0,5715,5716,C
2-PB1,1359,5695,0,6,0,5701,A
2-PB1,1360,0,1,0,5723,5724,C
2-PB1,1361,7,1,0,5667,5675,C
2-PB1,1362,5647,0,1,0,5648,A
2-PB1,1363,5639,0,0,0,5639,A
2-PB1,1364,5623,0,3,0,5626,A
2-PB1,1365,0,5465,0,1,5466,T
2-PB1,1366,7,1,0,5662,5670,C
2-PB1,1367,5665,1,2,0,5668,A
2-PB1,1368,1,5672,0,2,5675,T
2-PB1,1369,0,4,5674,0,5678,G
2-PB1,1370,5672,1,9,1,5683,A
2-PB1,1371,2,2,5713,0,5717,G
2-PB1,1372,0,4,5700,0,5704,G
2-PB1,1373,2,4,5735,0,5741,G
2-PB1,1374,5677,1,5,0,5683,A
2-PB1,1375,5749,0,6,2,5757,A
2-PB1,1376,0,5771,0,2,5773,T
2-PB1,1377,5777,1,5,1,5784,A
2-PB1,1378,3,3,0,5791,5797,C
2-PB1,1379,5819,1,2,1,5823,A
2-PB1,1380,5790,0,13,0,5803,A
2-PB1,1381,0,0,5772,0,5772,G
2-PB1,1382,1,0,0,5750,5751,C
2-PB1,1383,5710,0,3,0,5713,A
2-PB1,1384,0,3,5725,0,5728,G
2-PB1,1385,0,2,5725,0,5727,G
2-PB1,1386,5709,0,5,0,5714,A
2-PB1,1387,2,1,5745,0,5748,G
2-PB1,1388,0,5648,0,1,5649,T
2-PB1,1389,3,5,5736,0,5744,G
2-PB1,1390,5,2,5755,0,5762,G
2-PB1,1391,5751,1,3,0,5755,A
2-PB1,1392,0,5756,0,1,5757,T
2-PB1,1393,5672,0,1,0,5673,A
2-PB1,1394,0,1,5718,0,5719,G
2-PB1,1395,5788,0,1,0,5789,A
2-PB1,1396,0,5769,0,6,5775,T
2-PB1,1397,0,5754,0,1,5755,T
2-PB1,1398,4,0,0,5917,5921,C
2-PB1,1399,0,5879,0,2,5881,T
2-PB1,1400,5891,0,2,0,5893,A
2-PB1,1401,0,2,0,5882,5884,C
2-PB1,1402,5781,1,7,0,5789,A
2-PB1,1403,1,1,5782,0,5784,G
2-PB1,1404,1,8,5687,0,5696,G
2-PB1,1405,5703,0,7,0,5710,A
2-PB1,1406,0,0,1,5717,5718,C
2-PB1,1407,1,1,1,5581,5584,C
2-PB1,1408,1,5537,0,8,5546,T
2-PB1,1409,0,1,5562,0,5563,G
2-PB1,1410,0,1,1,5583,5585,C
2-PB1,1411,5574,0,2,0,5576,A
2-PB1,1412,5606,0,3,0,5609,A
2-PB1,1413,2,0,5622,0,5624,G
2-PB1,1414,0,5505,0,1,5506,T
2-PB1,1415,0,5510,1,1,5512,T
2-PB1,1416,5432,0,3,0,5435,A
2-PB1,1417,0,0,5460,0,5460,G
2-PB1,1418,0,5424,0,5,5429,T
2-PB1,1419,0,5,5429,0,5434,G
2-PB1,1420,2,1,5425,0,5428,G
2-PB1,1421,4,6,5447,0,5457,G
2-PB1,1422,5427,1,4,0,5432,A
2-PB1,1423,5444,0,3,0,5447,A
2-PB1,1424,1,5425,0,7,5433,T
2-PB1,1425,5,0,0,5451,5456,C
2-PB1,1426,5452,0,4,1,5457,A
2-PB1,1427,5471,0,5,0,5476,A
2-PB1,1428,0,0,0,5468,5468,C
2-PB1,1429,5468,0,4,0,5472,A
2-PB1,1430,0,5320,0,1,5321,T
2-PB1,1431,2,5,5334,0,5341,G
2-PB1,1432,5324,0,5,0,5329,A
2-PB1,1433,5,0,5377,0,5382,G
2-PB1,1434,0,0,0,5350,5350,C
2-PB1,1435,5343,0,2,0,5345,A
2-PB1,1436,5350,0,1,0,5351,A
2-PB1,1437,5348,0,2,0,5350,A
2-PB1,1438,5405,0,1,0,5406,A
2-PB1,1439,5392,1,3,0,5396,A
2-PB1,1440,1,0,5393,0,5394,G
2-PB1,1441,5332,0,2,0,5334,A
2-PB1,1442,5260,0,8,0,5268,A
2-PB1,1443,1,1,5479,0,5481,G
2-PB1,1444,2,5449,0,0,5451,T
2-PB1,1445,7,0,0,5463,5470,C
2-PB1,1446,5,0,0,5492,5497,C
2-PB1,1447,1,5465,0,4,5470,T
2-PB1,1448,5577,0,2,0,5579,A
2-PB1,1449,0,5559,0,1,5560,T
2-PB1,1450,5568,1,0,0,5569,A
2-PB1,1451,1,5552,1,0,5554,T
2-PB1,1452,5461,0,3,0,5464,A
2-PB1,1453,5458,1,3,0,5462,A
2-PB1,1454,5449,0,0,0,5449,A
2-PB1,1455,0,5429,0,0,5429,T
2-PB1,1456,5399,0,0,0,5399,A
2-PB1,1457,5365,0,3,4,5372,A
2-PB1,1458,5394,1,2,0,5397,A
2-PB1,1459,5382,0,3,1,5386,A
2-PB1,1460,0,1,0,5398,5399,C
2-PB1,1461,5148,1,4,0,5153,A
2-PB1,1462,0,2,5147,0,5149,G
2-PB1,1463,3,6,5144,0,5153,G
2-PB1,1464,0,2,5148,0,5150,G
2-PB1,1465,5123,1,6,0,5130,A
2-PB1,1466,0,2,0,5175,5177,C
2-PB1,1467,5143,0,1,0,5144,A
2-PB1,1468,0,5177,0,3,5180,T
2-PB1,1469,0,5193,0,4,5197,T
2-PB1,1470,0,5201,0,3,5204,T
2-PB1,1471,2,6,5198,0,5206,G
2-PB1,1472,5153,0,5,0,5158,A
2-PB1,1473,5173,0,2,0,5175,A
2-PB1,1474,0,5174,0,2,5176,T
2-PB1,1475,0,5035,0,5,5040,T
2-PB1,1476,5,3,2,5069,5079,C
2-PB1,1477,5014,1,1,1,5017,A
2-PB1,1478,0,1,0,5037,5038,C
2-PB1,1479,0,5029,0,3,5032,T
2-PB1,1480,5036,0,4,0,5040,A
2-PB1,1481,0,0,5045,0,5045,G
2-PB1,1482,0,0,0,5038,5038,C
2-PB1,1483,1,4996,0,5,5002,T
2-PB1,1484,0,5049,1,2,5052,T
2-PB1,1485,0,5037,0,3,5040,T
2-PB1,1486,0,5046,0,3,5049,T
2-PB1,1487,0,5030,0,4,5034,T
2-PB1,1488,0,5045,0,1,5046,T
2-PB1,1489,0,5031,0,0,5031,T
2-PB1,1490,4998,2,4,0,5004,A
2-PB1,1491,0,4973,0,1,4974,T
2-PB1,1492,9,0,0,5010,5019,C
2-PB1,1493,3,2,5051,0,5056,G
2-PB1,1494,5252,2,1,0,5255,A
2-PB1,1495,0,5257,0,2,5259,T
2-PB1,1496,5271,0,1,0,5272,A
2-PB1,1497,0,5302,0,3,5305,T
2-PB1,1498,1,2,5292,0,5295,G
2-PB1,1499,1,4,5309,0,5314,G
2-PB1,1500,5321,0,8,0,5329,A
2-PB1,1501,1,5272,1,2,5276,T
2-PB1,1502,0,5237,0,0,5237,T
2-PB1,1503,0,5057,0,1,5058,T
2-PB1,1504,0,0,5072,0,5072,G
2-PB1,1505,0,5029,0,1,5030,T
2-PB1,1506,4,2,5039,0,5045,G
2-PB1,1507,4,1,5014,0,5019,G
2-PB1,1508,2,0,0,4951,4953,C
2-PB1,1509,0,4992,0,4,4996,T
2-PB1,1510,5007,0,0,0,5007,A
2-PB1,1511,5048,0,0,0,5048,A
2-PB1,1512,1,5067,0,0,5068,T
2-PB1,1513,0,5077,0,2,5079,T
2-PB1,1514,0,5081,0,1,5082,T
2-PB1,1515,0,5088,0,2,5090,T
2-PB1,1516,5094,0,2,0,5096,A
2-PB1,1517,0,1,5123,0,5124,G
2-PB1,1518,0,1,0,5114,5115,C
2-PB1,1519,5089,0,1,0,5090,A
2-PB1,1520,0,5044,0,3,5047,T
2-PB1,1521,1,2,4977,0,4980,G
2-PB1,1522,1,1,5061,0,5063,G
2-PB1,1523,5050,0,4,0,5054,A
2-PB1,1524,0,0,5052,0,5052,G
2-PB1,1525,0,0,0,5008,5008,C
2-PB1,1526,0,4991,0,4,4995,T
2-PB1,1527,2,0,5027,0,5029,G
2-PB1,1528,1,1,0,4955,4957,C
2-PB1,1529,6,2,0,4955,4963,C
2-PB1,1530,3,2,0,5008,5013,C
2-PB1,1531,4896,0,1,0,4897,A
2-PB1,1532,0,0,5119,0,5119,G
2-PB1,1533,0,5120,1,0,5121,T
2-PB1,1534,0,5120,0,4,5124,T
2-PB1,1535,0,5119,0,2,5121,T
2-PB1,1536,1,5063,0,1,5065,T
2-PB1,1537,1,5,5061,0,5067,G
2-PB1,1538,5,4,5046,0,5055,G
2-PB1,1539,5044,0,1,0,5045,A
2-PB1,1540,2,0,5046,0,5048,G
2-PB1,1541,0,4616,0,2,4618,T
2-PB1,1542,0,2,4819,0,4821,G
2-PB1,1543,1,4775,0,5,4781,T
2-PB1,1544,12,0,0,4803,4815,C
2-PB1,1545,1,4824,0,5,4830,T
2-PB1,1546,1,1,4832,0,4834,G
2-PB1,1547,0,3,4887,0,4890,G
2-PB1,1548,4907,0,0,0,4907,A
2-PB1,1549,4904,0,10,0,4914,A
2-PB1,1550,0,4886,0,0,4886,T
2-PB1,1551,4451,0,1,0,4452,A
2-PB1,1552,4443,0,3,0,4446,A
2-PB1,1553,4445,0,3,0,4448,A
2-PB1,1554,1,2,0,4458,4461,C
2-PB1,1555,1,5,4413,0,4419,G
2-PB1,1556,4358,2,4,0,4364,A
2-PB1,1557,0,0,4354,1,4355,G
2-PB1,1558,0,4328,0,4,4332,T
2-PB1,1559,4,1,0,4356,4361,C
2-PB1,1560,4363,0,1,0,4364,A
2-PB1,1561,0,0,4422,0,4422,G
2-PB1,1562,1,0,0,4428,4429,C
2-PB1,1563,0,4422,0,4,4426,T
2-PB1,1564,1,1,4557,0,4559,G
2-PB1,1565,4525,0,4,0,4529,A
2-PB1,1566,0,4525,0,1,4526,T
2-PB1,1567,4529,0,1,0,4530,A
2-PB1,1568,1,4455,0,1,4457,T
2-PB1,1569,5,9,4467,0,4481,G
2-PB1,1570,4286,0,12,0,4298,A
2-PB1,1571,1,0,4359,0,4360,G
2-PB1,1572,0,2,0,4363,4365,C
2-PB1,1573,4131,3,0,0,4134,A
2-PB1,1574,0,4142,0,3,4145,T
2-PB1,1575,0,4135,0,2,4137,T
2-PB1,1576,1,2,4198,0,4201,G
2-PB1,1577,0,5,4323,0,4328,G
2-PB1,1578,4234,0,8,0,4242,A
2-PB1,1579,1,1,4257,0,4259,G
2-PB1,1580,2,4087,0,0,4089,T
2-PB1,1581,4084,0,1,0,4085,A
2-PB1,1582,4082,1,6,0,4089,A
2-PB1,1583,0,1,0,4126,4127,C
2-PB1,1584,4101,0,2,0,4103,A
2-PB1,1585,1,0,4173,1,4175,G
2-PB1,1586,0,3700,0,4,3704,T
2-PB1,1587,1,1,3751,0,3753,G
2-PB1,1588,3797,1,1,0,3799,A
2-PB1,1589,0,3806,0,3,3809,T
2-PB1,1590,3794,0,1,0,3795,A
2-PB1,1591,3788,0,3,0,3791,A
2-PB1,1592,3677,0,7,1,3685,A
2-PB1,1593,2,6,3698,1,3707,G
2-PB1,1594,3530,1,1,0,3532,A
2-PB1,1595,3515,0,7,0,3522,A
2-PB1,1596,0,0,0,3539,3539,C
2-PB1,1597,3364,0,7,0,3371,A
2-PB1,1598,3397,0,3,0,3400,A
2-PB1,1599,0,0,0,3410,3410,C
2-PB1,1600,3461,0,2,0,3463,A
2-PB1,1601,0,3447,9,1,3457,T
2-PB1,1602,1,4,3396,0,3401,G
2-PB1,1603,3401,0,5,0,3406,A
2-PB1,1604,0,3390,0,1,3391,T
2-PB1,1605,3353,0,0,0,3353,A
2-PB1,1606,3394,0,3,0,3397,A
2-PB1,1607,3360,0,3,1,3364,A
2-PB1,1608,0,1,0,3377,3378,C
2-PB1,1609,3247,0,0,0,3247,A
2-PB1,1610,3224,2,0,0,3226,A
2-PB1,1611,0,3158,0,0,3158,T
2-PB1,1612,0,8,3149,0,3157,G
2-PB1,1613,3223,0,3,0,3226,A
2-PB1,1614,3,3,0,3281,3287,C
2-PB1,1615,1,0,0,3227,3228,C
2-PB1,1616,0,3110,1,4,3115,T
2-PB1,1617,0,3028,0,1,3029,T
2-PB1,1618,0,1,3036,0,3037,G
2-PB1,1619,0,5,3043,0,3048,G
2-PB1,1620,3072,2,2,0,3076,A
2-PB1,1621,0,1,0,3070,3071,C
2-PB1,1622,1,2,0,3018,3021,C
2-PB1,1623,2976,0,2,0,2978,A
2-PB1,1624,3,0,3012,0,3015,G
2-PB1,1625,0,0,0,3019,3019,C
2-PB1,1626,3018,0,2,0,3020,A
2-PB1,1627,3011,0,1,0,3012,A
2-PB1,1628,0,1,0,3006,3007,C
2-PB1,1629,2981,0,4,0,2985,A
2-PB1,1630,0,0,3040,0,3040,G
2-PB1,1631,0,2,0,3032,3034,C
2-PB1,1632,5,1,0,3045,3051,C
2-PB1,1633,3,1,0,3035,3039,C
2-PB1,1634,3051,0,0,0,3051,A
2-PB1,1635,3049,1,0,0,3050,A
2-PB1,1636,3038,0,0,0,3038,A
2-PB1,1637,1,3030,0,2,3033,T
2-PB1,1638,0,2,3025,0,3027,G
2-PB1,1639,1,0,2977,0,2978,G
2-PB1,1640,0,2,0,2991,2993,C
2-PB1,1641,0,2971,1,5,2977,T
2-PB1,1642,2,1,0,3073,3076,C
2-PB1,1643,0,3050,0,11,3061,T
2-PB1,1644,1,0,0,3087,3088,C
2-PB1,1645,1,0,0,3114,3115,C
2-PB1,1646,3115,0,0,0,3115,A
2-PB1,1647,3119,0,1,0,3120,A
2-PB1,1648,0,3094,0,0,3094,T
2-PB1,1649,0,3075,0,1,3076,T
2-PB1,1650,0,0,3088,0,3088,G
2-PB1,1651,0,3023,3,8,3034,T
2-PB1,1652,3,3024,0,4,3031,T
2-PB1,1653,4,11,0,3026,3041,C
2-PB1,1654,3038,0,1,0,3039,A
2-PB1,1655,0,3025,0,2,3027,T
2-PB1,1656,1,0,0,3040,3041,C
2-PB1,1657,3044,2,0,0,3046,A
2-PB1,1658,3046,0,0,0,3046,A
2-PB1,1659,3040,0,3,0,3043,A
2-PB1,1660,0,0,3119,0,3119,G
2-PB1,1661,3117,0,2,0,3119,A
2-PB1,1662,0,3113,0,2,3115,T
2-PB1,1663,0,3125,0,1,3126,T
2-PB1,1664,3126,0,3,0,3129,A
2-PB1,1665,0,0,0,3186,3186,C
2-PB1,1666,3171,0,3,0,3174,A
2-PB1,1667,0,0,3202,0,3202,G
2-PB1,1668,3187,0,3,0,3190,A
2-PB1,1669,0,3245,0,2,3247,T
2-PB1,1670,3251,0,1,0,3252,A
2-PB1,1671,1,1,0,3435,3437,C
2-PB1,1672,3517,0,2,0,3519,A
2-PB1,1673,1,0,0,3795,3796,C
2-PB1,1674,3732,0,2,0,3734,A
2-PB1,1675,0,3777,0,2,3779,T
2-PB1,1676,3749,0,1,0,3750,A
2-PB1,1677,0,3729,0,0,3729,T
2-PB1,1678,3634,0,2,1,3637,A
2-PB1,1679,0,0,3635,0,3635,G
2-PB1,1680,7,0,3581,0,3588,G
2-PB1,1681,0,3372,0,3,3375,T
2-PB1,1682,2,0,3334,1,3337,G
2-PB1,1683,1,2,0,3428,3431,C
2-PB1,1684,0,0,0,3461,3461,C
2-PB1,1685,3498,0,1,0,3499,A
2-PB1,1686,0,3510,0,0,3510,T
2-PB1,1687,3528,0,2,0,3530,A
2-PB1,1688,0,4,3534,1,3539,G
2-PB1,1689,3462,0,7,0,3469,A
2-PB1,1690,1,0,3489,0,3490,G
2-PB1,1691,0,4,3470,0,3474,G
2-PB1,1692,3344,2,6,0,3352,A
2-PB1,1693,0,3,3357,0,3360,G
2-PB1,1694,3313,0,5,0,3318,A
2-PB1,1695,1,1,0,3329,3331,C
2-PB1,1696,3351,1,4,0,3356,A
2-PB1,1697,0,0,0,3406,3406,C
2-PB1,1698,3395,0,1,0,3396,A
2-PB1,1699,5,0,0,3404,3409,C
2-PB1,1700,3382,0,0,0,3382,A
2-PB1,1701,3402,0,3,0,3405,A
2-PB1,1702,3426,0,0,0,3426,A
2-PB1,1703,0,3405,0,4,3409,T
2-PB1,1704,3,0,0,3424,3427,C
2-PB1,1705,2,1,0,3424,3427,C
2-PB1,1706,3383,1,3,0,3387,A
2-PB1,1707,0,3,3398,0,3401,G
2-PB1,1708,3387,0,2,0,3389,A
2-PB1,1709,1,3,0,3413,3417,C
2-PB1,1710,1,4,3416,0,3421,G
2-PB1,1711,3388,1,2,0,3391,A
2-PB1,1712,0,1,3401,0,3402,G
2-PB1,1713,3397,0,4,0,3401,A
2-PB1,1714,3403,0,6,1,3410,A
2-PB1,1715,0,5,3411,0,3416,G
2-PB1,1716,3406,0,3,0,3409,A
2-PB1,1717,0,3404,0,7,3411,T
2-PB1,1718,3,1,0,3375,3379,C
2-PB1,1719,3395,0,0,0,3395,A
2-PB1,1720,0,3379,0,0,3379,T
2-PB1,1721,0,3380,0,0,3380,T
2-PB1,1722,7,1,0,3380,3388,C
2-PB1,1723,1,1,3378,0,3380,G
2-PB1,1724,3358,0,2,0,3360,A
2-PB1,1725,1,2,3352,0,3355,G
2-PB1,1726,3338,0,5,0,3343,A
2-PB1,1727,0,3466,0,0,3466,T
2-PB1,1728,3477,0,0,0,3477,A
2-PB1,1729,3486,1,0,0,3487,A
2-PB1,1730,3472,0,3,8,3483,A
2-PB1,1731,1,0,3483,0,3484,G
2-PB1,1732,3495,1,0,0,3496,A
2-PB1,1733,3407,0,3,1,3411,A
2-PB1,1734,1,0,3431,0,3432,G
2-PB1,1735,0,0,0,3435,3435,C
2-PB1,1736,0,3394,0,1,3395,T
2-PB1,1737,1,0,3409,0,3410,G
2-PB1,1738,1,3375,0,4,3380,T
2-PB1,1739,2,3,3376,0,3381,G
2-PB1,1740,1,0,3384,0,3385,G
2-PB1,1741,2,3,3392,1,3398,G
2-PB1,1742,3401,0,6,0,3407,A
2-PB1,1743,0,3379,0,0,3379,T
2-PB1,1744,2,0,0,3356,3358,C
2-PB1,1745,3363,0,2,0,3365,A
2-PB1,1746,3375,0,0,1,3376,A
2-PB1,1747,3381,0,2,0,3383,A
2-PB1,1748,0,0,0,3388,3388,C
2-PB1,1749,1,1,0,3378,3380,C
2-PB1,1750,3,0,0,3368,3371,C
2-PB1,1751,3380,0,3,0,3383,A
2-PB1,1752,3433,0,4,1,3438,A
2-PB1,1753,0,3422,0,3,3425,T
2-PB1,1754,4,0,0,3438,3442,C
2-PB1,1755,3407,0,0,0,3407,A
2-PB1,1756,3371,0,2,0,3373,A
2-PB1,1757,0,5,3418,0,3423,G
2-PB1,1758,0,4,3407,0,3411,G
2-PB1,1759,1,0,3400,0,3401,G
2-PB1,1760,0,0,0,3419,3419,C
2-PB1,1761,3357,1,6,0,3364,A
2-PB1,1762,0,1,3453,0,3454,G
2-PB1,1763,0,2,3460,0,3462,G
2-PB1,1764,3482,1,2,0,3485,A
2-PB1,1765,0,1,0,3530,3531,C
2-PB1,1766,0,3475,0,0,3475,T
2-PB1,1767,3579,0,1,0,3580,A
2-PB1,1768,0,3559,0,1,3560,T
2-PB1,1769,1,3574,0,1,3576,T
2-PB1,1770,1,2,3587,0,3590,G
2-PB1,1771,0,0,3588,0,3588,G
2-PB1,1772,0,3526,0,1,3527,T
2-PB1,1773,3541,0,2,0,3543,A
2-PB1,1774,2,3503,0,1,3506,T
2-PB1,1775,1,1,0,3513,3515,C
2-PB1,1776,3426,0,2,0,3428,A
2-PB1,1777,0,1,3459,0,3460,G
2-PB1,1778,3445,1,5,0,3451,A
2-PB1,1779,0,3419,0,0,3419,T
2-PB1,1780,0,2,3309,0,3311,G
2-PB1,1781,0,3,3295,0,3298,G
2-PB1,1782,2,0,3286,1,3289,G
2-PB1,1783,1,1,3297,0,3299,G
2-PB1,1784,0,3,3316,0,3319,G
2-PB1,1785,3292,0,4,0,3296,A
2-PB1,1786,0,0,0,3309,3309,C
2-PB1,1787,2,0,0,3285,3287,C
2-PB1,1788,3291,1,1,0,3293,A
2-PB1,1789,3525,0,0,0,3525,A
2-PB1,1790,3536,0,2,0,3538,A
2-PB1,1791,0,0,0,3624,3624,C
2-PB1,1792,0,3593,0,0,3593,T
2-PB1,1793,0,3569,0,2,3571,T
2-PB1,1794,3581,0,1,0,3582,A
2-PB1,1795,0,3590,0,2,3592,T
2-PB1,1796,3579,0,4,0,3583,A
2-PB1,1797,0,1,1,3591,3593,C
2-PB1,1798,3337,0,0,2,3339,A
2-PB1,1799,3329,0,4,0,3333,A
2-PB1,1800,1,3250,0,0,3251,T
2-PB1,1801,3309,0,0,0,3309,A
2-PB1,1802,0,3302,0,1,3303,T
2-PB1,1803,2,0,0,3291,3293,C
2-PB1,1804,2,2,0,3284,3288,C
2-PB1,1805,1,2,3288,0,3291,G
2-PB1,1806,0,0,3296,0,3296,G
2-PB1,1807,3293,0,1,0,3294,A
2-PB1,1808,3300,0,0,0,3300,A
2-PB1,1809,0,3302,0,0,3302,T
2-PB1,1810,3,0,0,3305,3308,C
2-PB1,1811,2,3299,0,3,3304,T
2-PB1,1812,2,3311,1,3,3317,T
2-PB1,1813,1,0,0,3305,3306,C
2-PB1,1814,3297,1,2,0,3300,A
2-PB1,1815,0,0,0,3326,3326,C
2-PB1,1816,3317,0,2,0,3319,A
2-PB1,1817,0,3522,0,1,3523,T
2-PB1,1818,1,4,0,3526,3531,C
2-PB1,1819,2,1,1,3515,3519,C
2-PB1,1820,2,0,0,3552,3554,C
2-PB1,1821,0,3538,1,7,3546,T
2-PB1,1822,0,0,3553,0,3553,G
2-PB1,1823,3526,0,0,0,3526,A
2-PB1,1824,3512,0,1,0,3513,A
2-PB1,1825,0,0,3534,0,3534,G
2-PB1,1826,0,3281,0,2,3283,T
2-PB1,1827,2,0,0,3286,3288,C
2-PB1,1828,0,3222,0,0,3222,T
2-PB1,1829,2,0,3315,0,3317,G
2-PB1,1830,0,0,0,3315,3315,C
2-PB1,1831,0,3318,0,1,3319,T
2-PB1,1832,0,3334,0,1,3335,T
2-PB1,1833,3320,0,1,1,3322,A
2-PB1,1834,3320,0,0,0,3320,A
2-PB1,1835,3313,0,2,0,3315,A
2-PB1,1836,3226,0,4,0,3230,A
2-PB1,1837,0,3280,0,0,3280,T
2-PB1,1838,0,2,3263,0,3265,G
2-PB1,1839,0,0,3254,0,3254,G
2-PB1,1840,1,1,3258,0,3260,G
2-PB1,1841,3254,0,4,0,3258,A
2-PB1,1842,0,0,3277,0,3277,G
2-PB1,1843,0,1,0,3252,3253,C
2-PB1,1844,1,3276,0,2,3279,T
2-PB1,1845,2,0,3282,0,3284,G
2-PB1,1846,3261,1,0,0,3262,A
2-PB1,1847,0,3282,0,0,3282,T
2-PB1,1848,1,2,3297,0,3300,G
2-PB1,1849,0,0,3293,0,3293,G
2-PB1,1850,3279,0,3,0,3282,A
2-PB1,1851,0,3291,0,2,3293,T
2-PB1,1852,0,3,3288,0,3291,G
2-PB1,1853,3280,0,1,0,3281,A
2-PB1,1854,1,3,3349,0,3353,G
2-PB1,1855,3347,0,1,0,3348,A
2-PB1,1856,3350,0,0,0,3350,A
2-PB1,1857,0,3338,0,0,3338,T
2-PB1,1858,0,3313,0,0,3313,T
2-PB1,1859,3319,1,1,1,3322,A
2-PB1,1860,0,3312,0,0,3312,T
2-PB1,1861,0,0,0,3312,3312,C
2-PB1,1862,1,2,3319,0,3322,G
2-PB1,1863,1,1,3303,0,3305,G
2-PB1,1864,0,0,3300,0,3300,G
2-PB1,1865,0,0,3287,0,3287,G
2-PB1,1866,3287,0,1,0,3288,A
2-PB1,1867,3289,0,4,0,3293,A
2-PB1,1868,1,2,3325,0,3328,G
2-PB1,1869,3331,0,5,0,3336,A
2-PB1,1870,0,1,1,3367,3369,C
2-PB1,1871,0,3334,0,1,3335,T
2-PB1,1872,2,3406,0,0,3408,T
2-PB1,1873,0,3411,1,1,3413,T
2-PB1,1874,1,0,3437,0,3438,G
2-PB1,1875,0,3435,0,1,3436,T
2-PB1,1876,3422,0,2,0,3424,A
2-PB1,1877,3410,0,2,0,3412,A
2-PB1,1878,0,3332,0,0,3332,T
2-PB1,1879,4,0,0,3355,3359,C
2-PB1,1880,2,0,0,3349,3351,C
2-PB1,1881,1,1,0,3323,3325,C
2-PB1,1882,1,3,0,3348,3352,C
2-PB1,1883,0,3327,0,5,3332,T
2-PB1,1884,1,3,3346,0,3350,G
2-PB1,1885,3339,1,2,0,3342,A
2-PB1,1886,3341,1,0,0,3342,A
2-PB1,1887,1,3337,0,3,3341,T
2-PB1,1888,6,0,0,3325,3331,C
2-PB1,1889,2,0,0,3333,3335,C
2-PB1,1890,4,0,1,3292,3297,C
2-PB1,1891,0,3280,1,5,3286,T
2-PB1,1892,1,3296,1,2,3300,T
2-PB1,1893,0,3290,1,0,3291,T
2-PB1,1894,1,0,3289,0,3290,G
2-PB1,1895,0,3267,0,3,3270,T
2-PB1,1896,2,0,0,3282,3284,C
2-PB1,1897,3246,0,4,0,3250,A
2-PB1,1898,4,2,3280,0,3286,G
2-PB1,1899,0,0,0,3279,3279,C
2-PB1,1900,2,0,1,3280,3283,C
2-PB1,1901,3300,0,0,0,3300,A
2-PB1,1902,0,3320,1,0,3321,T
2-PB1,1903,3313,0,0,1,3314,A
2-PB1,1904,3317,0,1,1,3319,A
2-PB1,1905,3329,0,3,0,3332,A
2-PB1,1906,1,1,3369,0,3371,G
2-PB1,1907,3285,0,1,0,3286,A
2-PB1,1908,3283,0,3,0,3286,A
2-PB1,1909,3304,0,1,0,3305,A
2-PB1,1910,0,3277,1,0,3278,T
2-PB1,1911,0,3279,0,0,3279,T
2-PB1,1912,0,4,3279,0,3283,G
2-PB1,1913,3259,0,7,0,3266,A
2-PB1,1914,1,0,3303,0,3304,G
2-PB1,1915,0,3291,0,2,3293,T
2-PB1,1916,5,0,0,3305,3310,C
2-PB1,1917,0,3305,2,1,3308,T
2-PB1,1918,1,0,3372,0,3373,G
2-PB1,1919,0,3369,0,5,3374,T
2-PB1,1920,3436,0,1,1,3438,A
2-PB1,1921,3430,0,1,0,3431,A
2-PB1,1922,3424,0,3,0,3427,A
2-PB1,1923,1,0,0,3438,3439,C
2-PB1,1924,3350,0,0,0,3350,A
2-PB1,1925,3417,0,0,0,3417,A
2-PB1,1926,0,3400,0,9,3409,T
2-PB1,1927,0,1,3400,0,3401,G
2-PB1,1928,1,1,0,3412,3414,C
2-PB1,1929,0,3373,1,1,3375,T
2-PB1,1930,2,0,3475,0,3477,G
2-PB1,1931,0,3468,1,1,3470,T
2-PB1,1932,3517,0,3,0,3520,A
2-PB1,1933,0,0,3516,0,3516,G
2-PB1,1934,0,3408,0,1,3409,T
2-PB1,1935,3398,0,1,0,3399,A
2-PB1,1936,3370,0,4,0,3374,A
2-PB1,1937,1,3343,1,0,3345,T
2-PB1,1938,3,0,3337,0,3340,G
2-PB1,1939,1,1,0,3277,3279,C
2-PB1,1940,1,1,0,3239,3241,C
2-PB1,1941,3193,0,0,0,3193,A
2-PB1,1942,0,1,3250,0,3251,G
2-PB1,1943,0,0,0,3277,3277,C
2-PB1,1944,3,1,0,3286,3290,C
2-PB1,1945,2,2,0,3287,3291,C
2-PB1,1946,3263,1,3,2,3269,A
2-PB1,1947,0,3274,0,4,3278,T
2-PB1,1948,1,6,3272,0,3279,G
2-PB1,1949,0,0,3322,0,3322,G
2-PB1,1950,0,3297,1,6,3304,T
2-PB1,1951,4,0,0,3215,3219,C
2-PB1,1952,1,0,0,3174,3175,C
2-PB1,1953,1,3161,1,4,3167,T
2-PB1,1954,1,0,3204,0,3205,G
2-PB1,1955,0,8,0,3163,3171,C
2-PB1,1956,4,2,0,3194,3200,C
2-PB1,1957,3205,0,1,1,3207,A
2-PB1,1958,3148,0,0,0,3148,A
2-PB1,1959,3156,0,1,0,3157,A
2-PB1,1960,3165,0,0,1,3166,A
2-PB1,1961,0,0,3222,0,3222,G
2-PB1,1962,0,3145,0,0,3145,T
2-PB1,1963,3150,0,1,1,3152,A
2-PB1,1964,2,3141,0,1,3144,T
2-PB1,1965,0,2,3145,0,3147,G
2-PB1,1966,0,1,3194,0,3195,G
2-PB1,1967,3188,1,0,0,3189,A
2-PB1,1968,3215,0,2,1,3218,A
2-PB1,1969,0,3202,1,0,3203,T
2-PB1,1970,3152,0,2,0,3154,A
2-PB1,1971,0,3141,0,2,3143,T
2-PB1,1972,0,1,3126,0,3127,G
2-PB1,1973,3122,0,4,1,3127,A
2-PB1,1974,2,3108,1,2,3113,T
2-PB1,1975,1,0,3015,0,3016,G
2-PB1,1976,0,1,0,3009,3010,C
2-PB1,1977,1,6,0,2981,2988,C
2-PB1,1978,2,0,2987,0,2989,G
2-PB1,1979,0,2978,2,2,2982,T
2-PB1,1980,0,2987,1,2,2990,T
2-PB1,1981,0,0,2991,0,2991,G
2-PB1,1982,0,0,0,3040,3040,C
2-PB1,1983,3040,0,5,0,3045,A
2-PB1,1984,3083,0,1,0,3084,A
2-PB1,1985,0,2,0,3085,3087,C
2-PB1,1986,0,3060,1,2,3063,T
2-PB1,1987,3071,1,1,0,3073,A
2-PB1,1988,0,1,0,3075,3076,C
2-PB1,1989,3055,1,2,1,3059,A
2-PB1,1990,0,0,0,3079,3079,C
2-PB1,1991,2945,1,4,0,2950,A
2-PB1,1992,0,1,0,3220,3221,C
2-PB1,1993,0,3128,0,3,3131,T
2-PB1,1994,2,0,0,3168,3170,C
2-PB1,1995,1,1,0,3169,3171,C
2-PB1,1996,0,3132,1,5,3138,T
2-PB1,1997,0,1,3156,0,3157,G
2-PB1,1998,0,0,3145,0,3145,G
2-PB1,1999,3161,0,0,0,3161,A
2-PB1,2000,0,3160,0,0,3160,T
2-PB1,2001,0,2861,0,0,2861,T
2-PB1,2002,2,7,0,2901,2910,C
2-PB1,2003,0,6,0,2891,2897,C
2-PB1,2004,2,0,0,2910,2912,C
2-PB1,2005,2912,0,1,0,2913,A
2-PB1,2006,2910,0,1,0,2911,A
2-PB1,2007,0,2,2917,0,2919,G
2-PB1,2008,2896,0,6,0,2902,A
2-PB1,2009,1,1,2897,0,2899,G
2-PB1,2010,0,2,2896,0,2898,G
2-PB1,2011,2853,0,1,0,2854,A
2-PB1,2012,2855,0,0,0,2855,A
2-PB1,2013,25,0,0,2823,2848,C
2-PB1,2014,4,1,0,2825,2830,C
2-PB1,2015,1,0,2860,0,2861,G
2-PB1,2016,1,0,0,2859,2860,C
2-PB1,2017,0,2847,0,3,2850,T
2-PB1,2018,3,1,1,2847,2852,C
2-PB1,2019,0,2847,0,0,2847,T
2-PB1,2020,3026,0,0,0,3026,A
2-PB1,2021,0,3022,0,4,3026,T
2-PB1,2022,0,3034,0,0,3034,T
2-PB1,2023,1,0,0,3042,3043,C
2-PB1,2024,0,2946,0,1,2947,T
2-PB1,2025,2954,0,0,0,2954,A
2-PB1,2026,2952,0,0,0,2952,A
2-PB1,2027,2955,0,2,0,2957,A
2-PB1,2028,1,0,0,2951,2952,C
2-PB1,2029,2694,0,0,0,2694,A
2-PB1,2030,0,0,0,2701,2701,C
2-PB1,2031,2660,0,1,0,2661,A
2-PB1,2032,2679,0,4,1,2684,A
2-PB1,2033,0,1,2692,0,2693,G
2-PB1,2034,0,0,0,2691,2691,C
2-PB1,2035,1,2,0,2703,2706,C
2-PB1,2036,2680,0,1,0,2681,A
2-PB1,2037,2674,0,0,0,2674,A
2-PB1,2038,2670,2,10,0,2682,A
2-PB1,2039,1,4,2698,0,2703,G
2-PB1,2040,0,0,2693,0,2693,G
2-PB1,2041,2,0,2660,0,2662,G
2-PB1,2042,0,1,2678,0,2679,G
2-PB1,2043,2648,0,0,0,2648,A
2-PB1,2044,2655,0,0,0,2655,A
2-PB1,2045,0,2657,0,2,2659,T
2-PB1,2046,0,2660,0,0,2660,T
2-PB1,2047,3,0,0,2668,2671,C
2-PB1,2048,0,2638,0,1,2639,T
2-PB1,2049,0,2640,0,2,2642,T
2-PB1,2050,1,0,2647,0,2648,G
2-PB1,2051,2640,1,4,0,2645,A
2-PB1,2052,0,0,2653,0,2653,G
2-PB1,2053,0,0,2652,0,2652,G
2-PB1,2054,2642,0,0,0,2642,A
2-PB1,2055,0,2619,0,3,2622,T
2-PB1,2056,0,1,2661,0,2662,G
2-PB1,2057,2653,0,3,0,2656,A
2-PB1,2058,2652,0,7,0,2659,A
2-PB1,2059,0,0,0,2669,2669,C
2-PB1,2060,2639,0,2,1,2642,A
2-PB1,2061,0,2,2665,0,2667,G
2-PB1,2062,2648,0,1,0,2649,A
2-PB1,2063,0,2642,0,3,2645,T
2-PB1,2064,2,0,2665,0,2667,G
2-PB1,2065,2,2709,0,0,2711,T
2-PB1,2066,2711,0,4,0,2715,A
2-PB1,2067,0,0,0,2713,2713,C
2-PB1,2068,2,1,0,2693,2696,C
2-PB1,2069,2670,0,0,0,2670,A
2-PB1,2070,0,0,2645,0,2645,G
2-PB1,2071,2611,0,1,1,2613,A
2-PB1,2072,2602,0,3,2,2607,A
2-PB1,2073,0,0,2619,0,2619,G
2-PB1,2074,0,2452,0,1,2453,T
2-PB1,2075,1,0,2453,0,2454,G
2-PB1,2076,1,2,0,2445,2448,C
2-PB1,2077,1,2439,0,8,2448,T
2-PB1,2078,0,0,2454,0,2454,G
2-PB1,2079,0,0,0,2447,2447,C
2-PB1,2080,2450,0,2,0,2452,A
2-PB1,2081,2448,0,1,0,2449,A
2-PB1,2082,0,0,0,2412,2412,C
2-PB1,2083,0,2399,0,1,2400,T
2-PB1,2084,0,2371,0,1,2372,T
2-PB1,2085,0,1,2366,0,2367,G
2-PB1,2086,0,2363,0,1,2364,T
2-PB1,2087,0,2355,0,0,2355,T
2-PB1,2088,3,2,0,2350,2355,C
2-PB1,2089,0,1,2358,0,2359,G
2-PB1,2090,2351,0,4,0,2355,A
2-PB1,2091,1,0,2355,0,2356,G
2-PB1,2092,2361,0,0,0,2361,A
2-PB1,2093,2354,0,0,0,2354,A
2-PB1,2094,2357,0,0,0,2357,A
2-PB1,2095,0,2338,1,1,2340,T
2-PB1,2096,0,2350,0,0,2350,T
2-PB1,2097,0,2349,0,2,2351,T
2-PB1,2098,0,2358,0,0,2358,T
2-PB1,2099,0,2345,0,1,2346,T
2-PB1,2100,0,0,0,2362,2362,C
2-PB1,2101,1,1,0,2356,2358,C
2-PB1,2102,3,0,0,2376,2379,C
2-PB1,2103,0,2366,0,1,2367,T
2-PB1,2104,2385,0,0,0,2385,A
2-PB1,2105,1,0,2395,0,2396,G
2-PB1,2106,0,2390,0,1,2391,T
2-PB1,2107,2412,0,0,0,2412,A
2-PB1,2108,0,0,2420,0,2420,G
2-PB1,2109,0,2389,0,1,2390,T
2-PB1,2110,1,2478,1,4,2484,T
2-PB1,2111,6,0,0,2498,2504,C
2-PB1,2112,2543,0,1,0,2544,A
2-PB1,2113,1,2547,0,0,2548,T
2-PB1,2114,2539,0,1,0,2540,A
2-PB1,2115,0,2536,0,1,2537,T
2-PB1,2116,2449,0,1,0,2450,A
2-PB1,2117,1,0,2432,0,2433,G
2-PB1,2118,1,3,2416,0,2420,G
2-PB1,2119,2153,0,4,0,2157,A
2-PB1,2120,0,0,2152,0,2152,G
2-PB1,2121,2020,1,2,0,2023,A
2-PB1,2122,1,1,0,2022,2024,C
2-PB1,2123,0,0,0,1945,1945,C
2-PB1,2124,1,1,1939,0,1941,G
2-PB1,2125,1933,0,2,0,1935,A
2-PB1,2126,0,1930,0,0,1930,T
2-PB1,2127,0,1935,0,0,1935,T
2-PB1,2128,0,1,1934,0,1935,G
2-PB1,2129,0,3,1933,0,1936,G
2-PB1,2130,1933,0,0,0,1933,A
2-PB1,2131,1929,0,0,0,1929,A
2-PB1,2132,0,1920,0,3,1923,T
2-PB1,2133,0,1938,0,1,1939,T
2-PB1,2134,0,1933,0,0,1933,T
2-PB1,2135,1,0,1,1930,1932,C
2-PB1,2136,0,1936,2,0,1938,T
2-PB1,2137,1922,0,2,0,1924,A
2-PB1,2138,0,0,1924,0,1924,G
2-PB1,2139,0,0,0,1919,1919,C
2-PB1,2140,1923,0,1,0,1924,A
2-PB1,2141,0,1913,0,2,1915,T
2-PB1,2142,0,1,1889,0,1890,G
2-PB1,2143,1,0,1939,0,1940,G
2-PB1,2144,0,1924,0,0,1924,T
2-PB1,2145,0,2,1921,0,1923,G
2-PB1,2146,0,1,1920,0,1921,G
2-PB1,2147,1908,0,0,0,1908,A
2-PB1,2148,1,0,1908,0,1909,G
2-PB1,2149,0,0,1892,0,1892,G
2-PB1,2150,1,0,0,1847,1848,C
2-PB1,2151,2,0,0,1868,1870,C
2-PB1,2152,1753,0,5,0,1758,A
2-PB1,2153,0,1744,1,2,1747,T
2-PB1,2154,0,0,1761,0,1761,G
2-PB1,2155,1,1,1778,0,1780,G
2-PB1,2156,0,1747,1,1,1749,T
2-PB1,2157,0,0,1771,0,1771,G
2-PB1,2158,0,1734,0,3,1737,T
2-PB1,2159,3,0,0,1721,1724,C
2-PB1,2160,0,1735,1,0,1736,T
2-PB1,2161,1706,0,1,0,1707,A
2-PB1,2162,2,1,1698,0,1701,G
2-PB1,2163,0,0,1674,0,1674,G
2-PB1,2164,2,0,1639,0,1641,G
2-PB1,2165,0,0,0,1611,1611,C
2-PB1,2166,0,0,0,1528,1528,C
2-PB1,2167,2,1,0,1504,1507,C
2-PB1,2168,1,0,1506,0,1507,G
2-PB1,2169,0,0,1516,0,1516,G
2-PB1,2170,1517,0,1,0,1518,A
2-PB1,2171,0,1505,0,0,1505,T
2-PB1,2172,1,1447,0,0,1448,T
2-PB1,2173,0,0,1439,0,1439,G
2-PB1,2174,1440,0,1,0,1441,A
2-PB1,2175,0,1440,0,0,1440,T
2-PB1,2176,0,0,1443,0,1443,G
2-PB1,2177,0,1,0,1433,1434,C
2-PB1,2178,1,0,0,1431,1432,C
2-PB1,2179,1419,0,0,0,1419,A
2-PB1,2180,0,0,1420,0,1420,G
2-PB1,2181,1422,0,0,0,1422,A
2-PB1,2182,1416,0,2,0,1418,A
2-PB1,2183,0,1406,0,0,1406,T
2-PB1,2184,0,1376,0,0,1376,T
2-PB1,2185,0,1,1376,0,1377,G
2-PB1,2186,1362,0,2,0,1364,A
2-PB1,2187,0,0,0,1368,1368,C
2-PB1,2188,0,1354,0,3,1357,T
2-PB1,2189,0,1342,0,0,1342,T
2-PB1,2190,0,0,0,1356,1356,C
2-PB1,2191,2,1,1352,0,1355,G
2-PB1,2192,1353,0,0,0,1353,A
2-PB1,2193,0,0,1328,0,1328,G
2-PB1,2194,0,1338,0,2,1340,T
2-PB1,2195,0,0,0,1338,1338,C
2-PB1,2196,0,1344,0,2,1346,T
2-PB1,2197,0,0,1343,0,1343,G
2-PB1,2198,0,0,1343,0,1343,G
2-PB1,2199,1339,0,0,0,1339,A
2-PB1,2200,1224,0,2,0,1226,A
2-PB1,2201,1,1,1228,0,1230,G
2-PB1,2202,0,0,1235,0,1235,G
2-PB1,2203,1230,0,0,0,1230,A
2-PB1,2204,0,1223,1,0,1224,T
2-PB1,2205,0,1223,1,0,1224,T
2-PB1,2206,1223,0,0,0,1223,A
2-PB1,2207,1224,0,0,0,1224,A
2-PB1,2208,0,0,1221,0,1221,G
2-PB1,2209,1218,0,2,0,1220,A
2-PB1,2210,1167,0,0,0,1167,A
2-PB1,2211,0,1,1093,0,1094,G
2-PB1,2212,0,1,1087,0,1088,G
2-PB1,2213,1091,0,0,0,1091,A
2-PB1,2214,1085,0,1,0,1086,A
2-PB1,2215,1,0,1088,0,1089,G
2-PB1,2216,1017,0,0,0,1017,A
2-PB1,2217,0,0,1020,0,1020,G
2-PB1,2218,0,962,0,2,964,T
2-PB1,2219,0,955,0,0,955,T
2-PB1,2220,1,0,0,967,968,C
2-PB1,2221,0,934,0,1,935,T
2-PB1,2222,0,1,0,935,936,C
2-PB1,2223,0,932,0,0,932,T
2-PB1,2224,0,0,926,0,926,G
2-PB1,2225,905,0,1,0,906,A
2-PB1,2226,0,0,895,0,895,G
2-PB1,2227,888,0,0,0,888,A
2-PB1,2228,0,860,0,0,860,T
2-PB1,2229,0,0,0,815,815,C
2-PB1,2230,824,0,1,0,825,A
2-PB1,2231,0,818,0,0,818,T
2-PB1,2232,1,0,821,0,822,G
2-PB1,2233,818,0,0,0,818,A
2-PB1,2234,818,0,0,0,818,A
2-PB1,2235,0,0,801,0,801,G
2-PB1,2236,771,0,0,0,771,A
2-PB1,2237,0,764,0,1,765,T
2-PB1,2238,0,0,0,764,764,C
2-PB1,2239,0,720,0,0,720,T
2-PB1,2240,2,0,722,0,724,G
2-PB1,2241,0,716,0,0,716,T
2-PB1,2242,0,709,0,3,712,T
2-PB1,2243,0,0,0,707,707,C
2-PB1,2244,0,2,0,676,678,C
2-PB1,2245,673,0,1,0,674,A
2-PB1,2246,1,0,0,676,677,C
2-PB1,2247,0,0,0,648,648,C
2-PB1,2248,631,0,0,0,631,A
2-PB1,2249,0,586,0,1,587,T
2-PB1,2250,0,571,0,0,571,T
2-PB1,2251,0,1,571,0,572,G
2-PB1,2252,569,0,0,0,569,A
2-PB1,2253,563,0,3,0,566,A
2-PB1,2254,0,0,565,0,565,G
2-PB1,2255,502,0,0,0,502,A
2-PB1,2256,500,0,1,0,501,A
2-PB1,2257,0,0,1,496,497,C
2-PB1,2258,0,463,0,1,464,T
2-PB1,2259,1,0,1,462,464,C
2-PB1,2260,448,0,2,0,450,A
2-PB1,2261,0,1,451,0,452,G
2-PB1,2262,451,0,0,0,451,A
2-PB1,2263,0,0,0,427,427,C
2-PB1,2264,0,0,419,0,419,G
2-PB1,2265,0,0,410,0,410,G
2-PB1,2266,0,0,0,409,409,C
2-PB1,2267,406,0,0,0,406,A
2-PB1,2268,405,0,0,0,405,A
2-PB1,2269,398,0,0,0,398,A
2-PB1,2270,397,0,0,0,397,A
2-PB1,2271,398,0,0,0,398,A
2-PB1,2272,0,385,0,0,385,T
2-PB1,2273,374,0,0,0,374,A
2-PB1,2274,375,0,0,0,375,A
3-PA,1,23,0,0,0,23,A
3-PA,2,0,25,0,0,25,T
3-PA,3,0,0,28,0,28,G
3-PA,4,0,0,27,0,27,G
3-PA,5,27,0,0,0,27,A
3-PA,6,27,0,0,0,27,A
3-PA,7,0,0,28,0,28,G
3-PA,8,27,0,0,0,27,A
3-PA,9,0,28,0,0,28,T
3-PA,10,0,29,0,0,29,T
3-PA,11,0,30,0,0,30,T
3-PA,12,0,29,0,0,29,T
3-PA,13,0,0,31,0,31,G
3-PA,14,0,30,0,0,30,T
3-PA,15,0,0,29,0,29,G
3-PA,16,0,0,0,31,31,C
3-PA,17,0,1,30,0,31,G
3-PA,18,31,0,0,0,31,A
3-PA,19,0,0,0,33,33,C
3-PA,20,33,0,0,0,33,A
3-PA,21,32,0,0,0,32,A
3-PA,22,0,36,0,0,36,T
3-PA,23,0,0,40,0,40,G
3-PA,24,0,0,0,41,41,C
3-PA,25,0,42,0,0,42,T
3-PA,26,0,43,0,0,43,T
3-PA,27,0,0,0,42,42,C
3-PA,28,43,0,0,0,43,A
3-PA,29,46,0,0,0,46,A
3-PA,30,0,0,0,47,47,C
3-PA,31,0,0,0,47,47,C
3-PA,32,0,0,0,47,47,C
3-PA,33,0,0,50,0,50,G
3-PA,34,50,0,0,0,50,A
3-PA,35,0,49,0,0,49,T
3-PA,36,0,1,48,0,49,G
3-PA,37,50,0,0,0,50,A
3-PA,38,0,51,0,0,51,T
3-PA,39,0,50,0,0,50,T
3-PA,40,0,0,51,0,51,G
3-PA,41,0,50,0,0,50,T
3-PA,42,0,0,0,52,52,C
3-PA,43,0,0,52,0,52,G
3-PA,44,52,0,0,0,52,A
3-PA,45,52,0,0,0,52,A
3-PA,46,0,0,0,53,53,C
3-PA,47,0,52,0,0,52,T
3-PA,48,0,53,0,0,53,T
3-PA,49,0,0,53,0,53,G
3-PA,50,0,0,0,53,53,C
3-PA,51,53,0,0,0,53,A
3-PA,52,0,0,52,0,52,G
3-PA,53,53,0,0,0,53,A
3-PA,54,53,0,0,0,53,A
3-PA,55,53,0,0,0,53,A
3-PA,56,52,0,0,0,52,A
3-PA,57,52,0,0,0,52,A
3-PA,58,0,0,54,0,54,G
3-PA,59,0,0,0,55,55,C
3-PA,60,54,0,1,0,55,A
3-PA,61,59,0,0,0,59,A
3-PA,62,0,60,0,0,60,T
3-PA,63,0,0,60,0,60,G
3-PA,64,62,0,0,0,62,A
3-PA,65,62,0,0,0,62,A
3-PA,66,62,0,0,0,62,A
3-PA,67,0,0,67,0,67,G
3-PA,68,70,0,0,0,70,A
3-PA,69,0,0,82,0,82,G
3-PA,70,0,83,0,0,83,T
3-PA,71,84,0,0,0,84,A
3-PA,72,0,84,0,0,84,T
3-PA,73,0,0,85,0,85,G
3-PA,74,0,0,87,0,87,G
3-PA,75,0,0,88,0,88,G
3-PA,76,0,1,86,0,87,G
3-PA,77,88,0,0,0,88,A
3-PA,78,0,1,86,0,87,G
3-PA,79,0,0,87,0,87,G
3-PA,80,87,0,0,0,87,A
3-PA,81,0,84,0,0,84,T
3-PA,82,0,0,0,85,85,C
3-PA,83,0,84,0,0,84,T
3-PA,84,0,0,85,0,85,G
3-PA,85,85,0,0,0,85,A
3-PA,86,85,0,0,0,85,A
3-PA,87,85,0,0,0,85,A
3-PA,88,83,0,0,0,83,A
3-PA,89,0,82,0,0,82,T
3-PA,90,0,83,0,0,83,T
3-PA,91,0,1,82,0,83,G
3-PA,92,83,0,0,0,83,A
3-PA,93,83,0,0,0,83,A
3-PA,94,82,1,0,0,83,A
3-PA,95,0,0,0,83,83,C
3-PA,96,83,0,0,0,83,A
3-PA,97,83,0,0,0,83,A
3-PA,98,83,0,0,0,83,A
3-PA,99,0,0,0,84,84,C
3-PA,100,83,0,1,0,84,A
3-PA,101,84,0,0,0,84,A
3-PA,102,84,0,0,0,84,A
3-PA,103,0,84,0,0,84,T
3-PA,104,0,84,0,0,84,T
3-PA,105,0,84,0,0,84,T
3-PA,106,0,0,83,0,83,G
3-PA,107,0,0,0,85,85,C
3-PA,108,85,0,0,0,85,A
3-PA,109,0,0,88,0,88,G
3-PA,110,0,0,0,88,88,C
3-PA,111,92,0,0,0,92,A
3-PA,112,92,0,0,0,92,A
3-PA,113,0,94,0,0,94,T
3-PA,114,96,0,0,0,96,A
3-PA,115,0,96,0,0,96,T
3-PA,116,1,0,97,0,98,G
3-PA,117,0,0,0,97,97,C
3-PA,118,96,0,0,0,96,A
3-PA,119,0,0,0,98,98,C
3-PA,120,0,95,0,0,95,T
3-PA,121,0,0,0,117,117,C
3-PA,122,118,0,0,0,118,A
3-PA,123,0,0,0,121,121,C
3-PA,124,0,121,0,0,121,T
3-PA,125,0,120,0,1,121,T
3-PA,126,0,0,120,0,120,G
3-PA,127,0,0,123,0,123,G
3-PA,128,121,0,0,0,121,A
3-PA,129,0,0,127,0,127,G
3-PA,130,0,0,127,0,127,G
3-PA,131,0,123,0,0,123,T
3-PA,132,0,0,128,0,128,G
3-PA,133,0,129,0,0,129,T
3-PA,134,0,0,133,0,133,G
3-PA,135,0,132,0,0,132,T
3-PA,136,0,132,0,0,132,T
3-PA,137,0,134,0,0,134,T
3-PA,138,0,0,0,135,135,C
3-PA,139,136,0,0,0,136,A
3-PA,140,0,136,0,0,136,T
3-PA,141,0,0,136,0,136,G
3-PA,142,0,135,0,0,135,T
3-PA,143,136,0,0,0,136,A
3-PA,144,0,136,0,0,136,T
3-PA,145,0,136,0,0,136,T
3-PA,146,0,0,0,136,136,C
3-PA,147,134,0,0,0,134,A
3-PA,148,0,0,134,0,134,G
3-PA,149,134,0,0,0,134,A
3-PA,150,0,132,0,0,132,T
3-PA,151,0,132,0,0,132,T
3-PA,152,0,132,0,0,132,T
3-PA,153,0,0,0,131,131,C
3-PA,154,1,0,0,137,138,C
3-PA,155,137,0,0,0,137,A
3-PA,156,0,138,0,0,138,T
3-PA,157,0,138,0,0,138,T
3-PA,158,0,138,0,0,138,T
3-PA,159,0,0,0,139,139,C
3-PA,160,138,0,1,0,139,A
3-PA,161,0,142,0,0,142,T
3-PA,162,0,0,0,142,142,C
3-PA,163,140,0,1,0,141,A
3-PA,164,141,0,0,0,141,A
3-PA,165,0,139,0,0,139,T
3-PA,166,0,0,144,0,144,G
3-PA,167,144,0,0,0,144,A
3-PA,168,143,0,0,0,143,A
3-PA,169,0,0,0,144,144,C
3-PA,170,140,0,0,0,140,A
3-PA,171,143,0,0,0,143,A
3-PA,172,0,0,142,0,142,G
3-PA,173,0,0,144,0,144,G
3-PA,174,0,0,0,145,145,C
3-PA,175,0,0,144,0,144,G
3-PA,176,154,0,0,0,154,A
3-PA,177,151,0,0,0,151,A
3-PA,178,0,153,0,0,153,T
3-PA,179,0,0,0,157,157,C
3-PA,180,154,0,0,0,154,A
3-PA,181,154,0,0,0,154,A
3-PA,182,0,154,0,0,154,T
3-PA,183,155,0,0,0,155,A
3-PA,184,0,0,159,0,159,G
3-PA,185,0,157,0,0,157,T
3-PA,186,0,0,158,0,158,G
3-PA,187,0,0,158,0,158,G
3-PA,188,0,159,0,0,159,T
3-PA,189,159,0,0,0,159,A
3-PA,190,0,0,161,0,161,G
3-PA,191,160,0,0,0,160,A
3-PA,192,160,0,0,0,160,A
3-PA,193,0,0,0,161,161,C
3-PA,194,0,158,0,0,158,T
3-PA,195,0,157,0,0,157,T
3-PA,196,0,1,156,0,157,G
3-PA,197,154,0,1,0,155,A
3-PA,198,0,0,0,157,157,C
3-PA,199,0,0,156,0,156,G
3-PA,200,161,0,0,0,161,A
3-PA,201,0,160,0,0,160,T
3-PA,202,0,0,0,162,162,C
3-PA,203,0,0,0,164,164,C
3-PA,204,163,0,0,0,163,A
3-PA,205,163,1,0,0,164,A
3-PA,206,165,0,0,0,165,A
3-PA,207,0,164,0,0,164,T
3-PA,208,0,1,165,0,166,G
3-PA,209,0,0,0,164,164,C
3-PA,210,164,0,0,0,164,A
3-PA,211,0,0,0,166,166,C
3-PA,212,0,164,0,0,164,T
3-PA,213,0,0,190,0,190,G
3-PA,214,0,189,0,0,189,T
3-PA,215,0,188,0,0,188,T
3-PA,216,189,0,0,0,189,A
3-PA,217,188,0,0,0,188,A
3-PA,218,188,0,0,0,188,A
3-PA,219,0,0,185,0,185,G
3-PA,220,0,0,0,186,186,C
3-PA,221,187,0,0,0,187,A
3-PA,222,0,0,1,186,187,C
3-PA,223,178,0,0,0,178,A
3-PA,224,0,0,190,0,190,G
3-PA,225,191,0,0,0,191,A
3-PA,226,0,191,0,0,191,T
3-PA,227,0,190,0,0,190,T
3-PA,228,0,190,0,0,190,T
3-PA,229,0,0,192,0,192,G
3-PA,230,194,0,0,0,194,A
3-PA,231,193,0,0,0,193,A
3-PA,232,193,0,1,0,194,A
3-PA,233,0,189,0,0,189,T
3-PA,234,190,0,0,0,190,A
3-PA,235,191,0,0,0,191,A
3-PA,236,0,190,0,0,190,T
3-PA,237,1,0,0,189,190,C
3-PA,238,0,1,190,0,191,G
3-PA,239,188,1,0,0,189,A
3-PA,240,0,0,192,0,192,G
3-PA,241,0,0,192,0,192,G
3-PA,242,0,1,188,0,189,G
3-PA,243,0,0,186,0,186,G
3-PA,244,189,0,0,0,189,A
3-PA,245,0,0,189,0,189,G
3-PA,246,191,0,0,0,191,A
3-PA,247,1,1,188,0,190,G
3-PA,248,190,0,2,0,192,A
3-PA,249,0,0,0,194,194,C
3-PA,250,192,0,0,0,192,A
3-PA,251,0,0,197,0,197,G
3-PA,252,197,0,0,0,197,A
3-PA,253,201,0,0,0,201,A
3-PA,254,0,0,0,202,202,C
3-PA,255,197,0,0,0,197,A
3-PA,256,196,0,0,0,196,A
3-PA,257,0,197,0,0,197,T
3-PA,258,0,0,203,0,203,G
3-PA,259,0,0,204,0,204,G
3-PA,260,0,1,0,197,198,C
3-PA,261,0,0,0,201,201,C
3-PA,262,0,200,0,1,201,T
3-PA,263,0,0,204,0,204,G
3-PA,264,0,0,206,0,206,G
3-PA,265,201,0,0,0,201,A
3-PA,266,0,0,0,207,207,C
3-PA,267,199,0,1,0,200,A
3-PA,268,0,0,220,0,220,G
3-PA,269,0,220,0,0,220,T
3-PA,270,223,0,0,0,223,A
3-PA,271,0,0,224,0,224,G
3-PA,272,1,215,0,0,216,T
3-PA,273,218,0,0,0,218,A
3-PA,274,218,0,0,0,218,A
3-PA,275,216,0,1,0,217,A
3-PA,276,0,0,0,220,220,C
3-PA,277,205,0,0,0,205,A
3-PA,278,0,0,210,0,210,G
3-PA,279,0,209,0,0,209,T
3-PA,280,211,0,0,0,211,A
3-PA,281,0,211,0,0,211,T
3-PA,282,0,0,0,210,210,C
3-PA,283,0,209,0,1,210,T
3-PA,284,0,0,209,0,209,G
3-PA,285,0,0,0,206,206,C
3-PA,286,203,0,1,0,204,A
3-PA,287,202,0,0,0,202,A
3-PA,288,0,0,0,205,205,C
3-PA,289,201,0,0,0,201,A
3-PA,290,0,0,0,216,216,C
3-PA,291,0,214,0,0,214,T
3-PA,292,211,0,0,0,211,A
3-PA,293,0,1,0,213,214,C
3-PA,294,0,212,0,0,212,T
3-PA,295,0,0,213,0,213,G
3-PA,296,0,0,212,0,212,G
3-PA,297,209,0,1,0,210,A
3-PA,298,0,0,211,0,211,G
3-PA,299,1,0,0,201,202,C
3-PA,300,0,202,0,1,203,T
3-PA,301,0,0,203,0,203,G
3-PA,302,0,0,202,0,202,G
3-PA,303,0,0,202,0,202,G
3-PA,304,203,0,0,0,203,A
3-PA,305,204,0,0,0,204,A
3-PA,306,203,0,0,0,203,A
3-PA,307,0,0,0,203,203,C
3-PA,308,0,0,0,201,201,C
3-PA,309,0,0,203,0,203,G
3-PA,310,202,0,0,0,202,A
3-PA,311,201,0,1,0,202,A
3-PA,312,0,0,205,0,205,G
3-PA,313,0,203,0,0,203,T
3-PA,314,0,204,0,0,204,T
3-PA,315,0,203,0,0,203,T
3-PA,316,0,0,0,204,204,C
3-PA,317,0,205,0,0,205,T
3-PA,318,204,0,0,0,204,A
3-PA,319,0,0,0,202,202,C
3-PA,320,0,0,0,203,203,C
3-PA,321,201,0,0,0,201,A
3-PA,322,0,0,204,0,204,G
3-PA,323,207,0,0,0,207,A
3-PA,324,0,205,0,0,205,T
3-PA,325,0,206,0,0,206,T
3-PA,326,0,205,0,0,205,T
3-PA,327,0,0,204,0,204,G
3-PA,328,0,202,0,0,202,T
3-PA,329,203,0,0,0,203,A
3-PA,330,0,204,0,0,204,T
3-PA,331,0,0,204,0,204,G
3-PA,332,210,0,0,0,210,A
3-PA,333,0,210,0,0,210,T
3-PA,334,0,210,0,0,210,T
3-PA,335,209,0,0,0,209,A
3-PA,336,1,0,0,207,208,C
3-PA,337,206,0,0,0,206,A
3-PA,338,203,0,1,0,204,A
3-PA,339,0,1,204,0,205,G
3-PA,340,0,0,206,0,206,G
3-PA,341,192,0,0,0,192,A
3-PA,342,0,1,198,0,199,G
3-PA,343,198,0,0,0,198,A
3-PA,344,199,0,0,0,199,A
3-PA,345,0,0,0,200,200,C
3-PA,346,197,0,0,0,197,A
3-PA,347,0,0,197,0,197,G
3-PA,348,197,0,0,0,197,A
3-PA,349,0,194,0,0,194,T
3-PA,350,0,192,0,0,192,T
3-PA,351,1,0,0,192,193,C
3-PA,352,194,0,0,0,194,A
3-PA,353,0,193,0,0,193,T
3-PA,354,0,0,0,194,194,C
3-PA,355,0,0,194,0,194,G
3-PA,356,196,0,0,0,196,A
3-PA,357,197,0,0,0,197,A
3-PA,358,197,0,0,0,197,A
3-PA,359,0,193,0,0,193,T
3-PA,360,0,198,0,0,198,T
3-PA,361,0,0,196,0,196,G
3-PA,362,0,0,197,0,197,G
3-PA,363,0,0,195,0,195,G
3-PA,364,0,0,196,0,196,G
3-PA,365,0,193,0,0,193,T
3-PA,366,0,0,197,0,197,G
3-PA,367,196,0,0,0,196,A
3-PA,368,0,0,0,196,196,C
3-PA,369,199,0,0,0,199,A
3-PA,370,196,0,1,0,197,A
3-PA,371,0,1,200,0,201,G
3-PA,372,0,0,200,0,200,G
3-PA,373,195,0,1,0,196,A
3-PA,374,0,0,199,0,199,G
3-PA,375,196,0,0,0,196,A
3-PA,376,0,0,195,0,195,G
3-PA,377,195,0,0,0,195,A
3-PA,378,194,0,0,0,194,A
3-PA,379,0,0,202,0,202,G
3-PA,380,0,199,0,0,199,T
3-PA,381,0,0,0,203,203,C
3-PA,382,0,0,0,203,203,C
3-PA,383,202,0,1,0,203,A
3-PA,384,0,0,0,206,206,C
3-PA,385,212,0,0,0,212,A
3-PA,386,0,216,0,0,216,T
3-PA,387,227,0,0,0,227,A
3-PA,388,0,218,0,0,218,T
3-PA,389,215,0,0,0,215,A
3-PA,390,0,212,0,0,212,T
3-PA,391,0,214,0,0,214,T
3-PA,392,228,0,0,0,228,A
3-PA,393,0,0,0,230,230,C
3-PA,394,0,0,0,221,221,C
3-PA,395,0,220,0,0,220,T
3-PA,396,0,216,0,0,216,T
3-PA,397,0,0,216,0,216,G
3-PA,398,215,0,0,0,215,A
3-PA,399,0,0,205,0,205,G
3-PA,400,206,0,0,0,206,A
3-PA,401,206,0,0,0,206,A
3-PA,402,0,0,212,0,212,G
3-PA,403,2,0,207,0,209,G
3-PA,404,0,0,0,209,209,C
3-PA,405,0,0,0,211,211,C
3-PA,406,209,0,0,0,209,A
3-PA,407,208,0,0,0,208,A
3-PA,408,0,210,0,0,210,T
3-PA,409,211,0,0,0,211,A
3-PA,410,209,0,0,0,209,A
3-PA,411,0,0,212,0,212,G
3-PA,412,209,0,1,0,210,A
3-PA,413,0,208,0,1,209,T
3-PA,414,0,208,0,0,208,T
3-PA,415,208,0,0,0,208,A
3-PA,416,209,0,0,0,209,A
3-PA,417,209,0,0,0,209,A
3-PA,418,0,209,0,0,209,T
3-PA,419,0,0,0,207,207,C
3-PA,420,0,203,0,0,203,T
3-PA,421,0,0,209,0,209,G
3-PA,422,209,0,0,0,209,A
3-PA,423,0,1,209,0,210,G
3-PA,424,210,0,0,0,210,A
3-PA,425,210,0,0,0,210,A
3-PA,426,0,0,0,207,207,C
3-PA,427,207,0,0,0,207,A
3-PA,428,0,0,0,209,209,C
3-PA,429,210,0,0,0,210,A
3-PA,430,0,0,0,211,211,C
3-PA,431,213,0,0,0,213,A
3-PA,432,0,0,0,221,221,C
3-PA,433,218,0,0,0,218,A
3-PA,434,0,218,0,0,218,T
3-PA,435,0,216,0,0,216,T
3-PA,436,0,0,0,217,217,C
3-PA,437,212,0,0,0,212,A
3-PA,438,1,0,0,213,214,C
3-PA,439,211,0,0,0,211,A
3-PA,440,0,212,0,0,212,T
3-PA,441,0,210,0,0,210,T
3-PA,442,0,212,0,0,212,T
3-PA,443,0,213,0,0,213,T
3-PA,444,1,0,0,211,212,C
3-PA,445,0,209,0,0,209,T
3-PA,446,0,0,0,212,212,C
3-PA,447,213,0,0,1,214,A
3-PA,448,0,214,0,0,214,T
3-PA,449,0,213,0,0,213,T
3-PA,450,0,0,0,212,212,C
3-PA,451,213,0,0,0,213,A
3-PA,452,0,0,0,216,216,C
3-PA,453,0,216,0,0,216,T
3-PA,454,0,0,215,0,215,G
3-PA,455,0,1,214,0,215,G
3-PA,456,205,0,1,0,206,A
3-PA,457,0,0,215,0,215,G
3-PA,458,213,0,0,0,213,A
3-PA,459,0,0,220,0,220,G
3-PA,460,0,0,217,0,217,G
3-PA,461,218,0,0,0,218,A
3-PA,462,221,0,0,0,221,A
3-PA,463,214,0,0,0,214,A
3-PA,464,0,214,0,0,214,T
3-PA,465,0,0,213,0,213,G
3-PA,466,0,0,213,0,213,G
3-PA,467,0,0,0,212,212,C
3-PA,468,0,0,0,212,212,C
3-PA,469,214,0,0,0,214,A
3-PA,470,0,0,0,217,217,C
3-PA,471,216,0,0,0,216,A
3-PA,472,217,0,0,0,217,A
3-PA,473,217,0,0,0,217,A
3-PA,474,0,0,218,0,218,G
3-PA,475,0,0,217,0,217,G
3-PA,476,0,0,0,218,218,C
3-PA,477,219,0,0,0,219,A
3-PA,478,0,0,220,0,220,G
3-PA,479,219,0,0,0,219,A
3-PA,480,0,0,0,225,225,C
3-PA,481,0,220,0,0,220,T
3-PA,482,221,0,0,0,221,A
3-PA,483,0,0,0,222,222,C
3-PA,484,218,0,2,0,220,A
3-PA,485,0,0,0,216,216,C
3-PA,486,0,214,0,1,215,T
3-PA,487,0,0,0,215,215,C
3-PA,488,0,215,0,0,215,T
3-PA,489,0,0,0,213,213,C
3-PA,490,0,0,216,0,216,G
3-PA,491,213,0,0,0,213,A
3-PA,492,0,0,0,215,215,C
3-PA,493,0,0,215,0,215,G
3-PA,494,212,0,1,0,213,A
3-PA,495,0,0,214,0,214,G
3-PA,496,0,0,212,0,212,G
3-PA,497,214,0,0,0,214,A
3-PA,498,214,0,0,0,214,A
3-PA,499,213,0,0,0,213,A
3-PA,500,0,0,214,0,214,G
3-PA,501,0,0,0,215,215,C
3-PA,502,209,0,0,0,209,A
3-PA,503,0,0,217,0,217,G
3-PA,504,0,0,215,0,215,G
3-PA,505,0,0,216,0,216,G
3-PA,506,0,0,0,216,216,C
3-PA,507,0,214,0,0,214,T
3-PA,508,214,0,0,0,214,A
3-PA,509,0,1,217,0,218,G
3-PA,510,0,0,226,0,226,G
3-PA,511,227,0,0,0,227,A
3-PA,512,0,215,0,0,215,T
3-PA,513,0,210,0,0,210,T
3-PA,514,210,0,0,0,210,A
3-PA,515,214,0,0,0,214,A
3-PA,516,0,0,214,0,214,G
3-PA,517,215,0,0,0,215,A
3-PA,518,0,0,0,215,215,C
3-PA,519,0,0,0,202,202,C
3-PA,520,196,0,0,0,196,A
3-PA,521,0,1,197,0,198,G
3-PA,522,0,0,199,0,199,G
3-PA,523,0,0,0,200,200,C
3-PA,524,0,196,0,0,196,T
3-PA,525,0,0,206,0,206,G
3-PA,526,0,206,0,1,207,T
3-PA,527,0,207,0,0,207,T
3-PA,528,0,207,0,0,207,T
3-PA,529,203,0,0,0,203,A
3-PA,530,0,0,0,208,208,C
3-PA,531,0,0,0,202,202,C
3-PA,532,202,0,0,0,202,A
3-PA,533,0,202,0,0,202,T
3-PA,534,197,0,0,0,197,A
3-PA,535,196,0,0,0,196,A
3-PA,536,0,0,198,0,198,G
3-PA,537,197,0,0,0,197,A
3-PA,538,0,0,0,197,197,C
3-PA,539,196,0,0,0,196,A
3-PA,540,198,0,0,0,198,A
3-PA,541,0,0,202,0,202,G
3-PA,542,199,0,0,0,199,A
3-PA,543,196,0,0,0,196,A
3-PA,544,194,0,1,0,195,A
3-PA,545,0,189,0,0,189,T
3-PA,546,1,0,191,0,192,G
3-PA,547,0,0,189,0,189,G
3-PA,548,0,0,0,191,191,C
3-PA,549,0,0,0,192,192,C
3-PA,550,193,0,0,0,193,A
3-PA,551,197,0,1,0,198,A
3-PA,552,0,0,0,198,198,C
3-PA,553,197,0,0,0,197,A
3-PA,554,0,0,196,0,196,G
3-PA,555,188,0,1,0,189,A
3-PA,556,0,0,192,0,192,G
3-PA,557,0,0,189,0,189,G
3-PA,558,0,0,0,188,188,C
3-PA,559,0,0,0,189,189,C
3-PA,560,0,183,0,0,183,T
3-PA,561,184,0,0,0,184,A
3-PA,562,0,186,0,0,186,T
3-PA,563,0,0,186,0,186,G
3-PA,564,0,0,186,0,186,G
3-PA,565,0,0,171,0,171,G
3-PA,566,164,0,0,0,164,A
3-PA,567,0,162,0,0,162,T
3-PA,568,0,161,0,1,162,T
3-PA,569,0,0,0,277,277,C
3-PA,570,0,0,0,272,272,C
3-PA,571,0,263,0,0,263,T
3-PA,572,0,265,0,0,265,T
3-PA,573,0,269,0,0,269,T
3-PA,574,1,1,0,286,288,C
3-PA,575,0,0,286,0,286,G
3-PA,576,0,286,0,0,286,T
3-PA,577,0,0,0,285,285,C
3-PA,578,284,0,0,0,284,A
3-PA,579,0,0,423,0,423,G
3-PA,580,0,430,0,0,430,T
3-PA,581,0,0,0,433,433,C
3-PA,582,1,0,0,433,434,C
3-PA,583,1,3,434,1,439,G
3-PA,584,438,0,1,0,439,A
3-PA,585,438,0,0,0,438,A
3-PA,586,440,0,1,1,442,A
3-PA,587,0,0,460,0,460,G
3-PA,588,459,0,0,0,459,A
3-PA,589,0,0,470,0,470,G
3-PA,590,0,0,480,0,480,G
3-PA,591,0,0,0,484,484,C
3-PA,592,0,0,489,0,489,G
3-PA,593,481,0,1,0,482,A
3-PA,594,488,0,1,0,489,A
3-PA,595,0,0,495,0,495,G
3-PA,596,494,0,0,0,494,A
3-PA,597,496,0,1,0,497,A
3-PA,598,498,0,1,0,499,A
3-PA,599,0,0,0,509,509,C
3-PA,600,511,0,0,0,511,A
3-PA,601,511,0,0,0,511,A
3-PA,602,0,511,0,0,511,T
3-PA,603,0,513,0,0,513,T
3-PA,604,0,0,517,0,517,G
3-PA,605,515,0,0,0,515,A
3-PA,606,517,0,0,0,517,A
3-PA,607,0,0,518,0,518,G
3-PA,608,518,0,0,0,518,A
3-PA,609,519,0,0,0,519,A
3-PA,610,516,0,0,0,516,A
3-PA,611,520,0,1,0,521,A
3-PA,612,523,0,0,0,523,A
3-PA,613,0,524,0,0,524,T
3-PA,614,0,525,0,0,525,T
3-PA,615,0,527,0,0,527,T
3-PA,616,0,0,526,0,526,G
3-PA,617,526,0,1,0,527,A
3-PA,618,529,0,1,0,530,A
3-PA,619,533,0,0,0,533,A
3-PA,620,0,543,0,1,544,T
3-PA,621,0,0,0,664,664,C
3-PA,622,658,0,1,0,659,A
3-PA,623,0,0,0,680,680,C
3-PA,624,675,0,3,0,678,A
3-PA,625,0,0,704,0,704,G
3-PA,626,0,1,758,0,759,G
3-PA,627,779,0,2,0,781,A
3-PA,628,800,0,1,0,801,A
3-PA,629,1,0,0,808,809,C
3-PA,630,0,794,0,0,794,T
3-PA,631,902,0,0,0,902,A
3-PA,632,1,930,0,1,932,T
3-PA,633,0,0,997,0,997,G
3-PA,634,0,0,0,1005,1005,C
3-PA,635,1,0,998,0,999,G
3-PA,636,0,992,0,0,992,T
3-PA,637,989,0,0,0,989,A
3-PA,638,1,1,987,0,989,G
3-PA,639,0,0,996,0,996,G
3-PA,640,0,0,0,996,996,C
3-PA,641,0,988,0,0,988,T
3-PA,642,0,972,0,0,972,T
3-PA,643,0,0,974,0,974,G
3-PA,644,0,0,0,975,975,C
3-PA,645,0,0,0,976,976,C
3-PA,646,1,0,984,0,985,G
3-PA,647,990,0,1,0,991,A
3-PA,648,0,0,0,995,995,C
3-PA,649,0,0,0,1007,1007,C
3-PA,650,1006,0,1,0,1007,A
3-PA,651,1014,0,0,0,1014,A
3-PA,652,1008,0,3,0,1011,A
3-PA,653,0,0,1045,0,1045,G
3-PA,654,0,1043,0,2,1045,T
3-PA,655,2,0,0,1051,1053,C
3-PA,656,0,1057,0,2,1059,T
3-PA,657,0,0,0,1063,1063,C
3-PA,658,0,0,0,1072,1072,C
3-PA,659,2,0,0,1079,1081,C
3-PA,660,1087,0,2,0,1089,A
3-PA,661,1,0,0,1092,1093,C
3-PA,662,0,0,0,1075,1075,C
3-PA,663,0,2,1094,0,1096,G
3-PA,664,1102,0,0,0,1102,A
3-PA,665,1115,0,1,1,1117,A
3-PA,666,1,0,0,1125,1126,C
3-PA,667,0,1120,0,1,1121,T
3-PA,668,0,1152,0,0,1152,T
3-PA,669,0,1,0,1176,1177,C
3-PA,670,0,1166,0,2,1168,T
3-PA,671,3,1,0,1170,1174,C
3-PA,672,0,0,0,1170,1170,C
3-PA,673,1,1163,0,1,1165,T
3-PA,674,1,0,1201,0,1202,G
3-PA,675,0,0,0,1198,1198,C
3-PA,676,0,0,0,1207,1207,C
3-PA,677,0,1196,0,1,1197,T
3-PA,678,0,1187,0,1,1188,T
3-PA,679,1,2,1195,0,1198,G
3-PA,680,1190,0,1,0,1191,A
3-PA,681,1,0,1218,0,1219,G
3-PA,682,1215,0,2,0,1217,A
3-PA,683,1230,0,0,0,1230,A
3-PA,684,0,1271,0,0,1271,T
3-PA,685,0,1280,0,0,1280,T
3-PA,686,0,1279,0,0,1279,T
3-PA,687,0,1282,0,0,1282,T
3-PA,688,1281,0,1,0,1282,A
3-PA,689,1,2,1286,0,1289,G
3-PA,690,1271,0,2,1,1274,A
3-PA,691,0,0,1347,0,1347,G
3-PA,692,0,0,0,1354,1354,C
3-PA,693,0,0,0,1371,1371,C
3-PA,694,0,1403,1,3,1407,T
3-PA,695,1481,0,0,0,1481,A
3-PA,696,0,1488,0,3,1491,T
3-PA,697,0,0,1500,0,1500,G
3-PA,698,0,1493,0,2,1495,T
3-PA,699,0,2,1508,0,1510,G
3-PA,700,0,1,1497,0,1498,G
3-PA,701,1487,0,2,0,1489,A
3-PA,702,0,1475,0,1,1476,T
3-PA,703,0,1,1465,0,1466,G
3-PA,704,0,1,1527,0,1528,G
3-PA,705,1525,0,0,0,1525,A
3-PA,706,0,1525,0,0,1525,T
3-PA,707,0,1525,0,0,1525,T
3-PA,708,2,0,0,1515,1517,C
3-PA,709,1,2,1519,0,1522,G
3-PA,710,1521,0,3,0,1524,A
3-PA,711,1522,0,3,0,1525,A
3-PA,712,0,0,0,1544,1544,C
3-PA,713,3,0,0,1522,1525,C
3-PA,714,0,0,1533,0,1533,G
3-PA,715,1529,0,0,0,1529,A
3-PA,716,1530,0,1,0,1531,A
3-PA,717,0,1,0,1552,1553,C
3-PA,718,1,4,1543,0,1548,G
3-PA,719,0,0,1574,0,1574,G
3-PA,720,0,1,0,1588,1589,C
3-PA,721,0,1582,0,0,1582,T
3-PA,722,1,0,1642,0,1643,G
3-PA,723,0,0,0,1655,1655,C
3-PA,724,1677,0,2,0,1679,A
3-PA,725,0,1678,0,1,1679,T
3-PA,726,0,1670,0,1,1671,T
3-PA,727,0,0,1676,0,1676,G
3-PA,728,1633,0,1,0,1634,A
3-PA,729,0,0,1663,0,1663,G
3-PA,730,0,0,1657,0,1657,G
3-PA,731,0,0,1639,0,1639,G
3-PA,732,1,0,0,1641,1642,C
3-PA,733,1634,0,0,0,1634,A
3-PA,734,1635,0,1,0,1636,A
3-PA,735,1,0,1652,0,1653,G
3-PA,736,0,0,0,1658,1658,C
3-PA,737,0,1659,0,2,1661,T
3-PA,738,0,1670,0,0,1670,T
3-PA,739,0,1680,0,1,1681,T
3-PA,740,1,1,0,1668,1670,C
3-PA,741,0,1676,0,0,1676,T
3-PA,742,2,0,0,1682,1684,C
3-PA,743,1680,0,1,0,1681,A
3-PA,744,1676,0,2,0,1678,A
3-PA,745,1673,0,0,0,1673,A
3-PA,746,0,1673,0,0,1673,T
3-PA,747,0,0,1742,0,1742,G
3-PA,748,0,1727,0,0,1727,T
3-PA,749,0,0,0,1754,1754,C
3-PA,750,1,0,0,1759,1760,C
3-PA,751,1757,0,0,0,1757,A
3-PA,752,1757,0,0,1,1758,A
3-PA,753,1762,1,0,0,1763,A
3-PA,754,0,1,1787,0,1788,G
3-PA,755,1779,0,0,0,1779,A
3-PA,756,1754,0,3,0,1757,A
3-PA,757,0,0,1768,0,1768,G
3-PA,758,0,1747,0,1,1748,T
3-PA,759,0,0,1753,0,1753,G
3-PA,760,1745,0,2,0,1747,A
3-PA,761,1747,0,2,1,1750,A
3-PA,762,0,1755,0,0,1755,T
3-PA,763,0,1,1758,0,1759,G
3-PA,764,0,2,0,1764,1766,C
3-PA,765,1,0,0,1768,1769,C
3-PA,766,0,0,0,1772,1772,C
3-PA,767,1775,0,0,0,1775,A
3-PA,768,1788,0,1,0,1789,A
3-PA,769,1800,0,1,0,1801,A
3-PA,770,0,1804,0,0,1804,T
3-PA,771,0,1798,0,0,1798,T
3-PA,772,1,1,1799,0,1801,G
3-PA,773,1780,0,2,0,1782,A
3-PA,774,1787,0,3,0,1790,A
3-PA,775,0,1,0,1797,1798,C
3-PA,776,0,1,0,1788,1789,C
3-PA,777,0,1768,0,1,1769,T
3-PA,778,0,1830,0,1,1831,T
3-PA,779,0,1833,0,0,1833,T
3-PA,780,1,1885,0,1,1887,T
3-PA,781,1,1,0,1882,1884,C
3-PA,782,1,1883,0,0,1884,T
3-PA,783,0,4,1876,0,1880,G
3-PA,784,1879,0,0,0,1879,A
3-PA,785,1908,0,4,0,1912,A
3-PA,786,0,0,1922,0,1922,G
3-PA,787,1889,0,4,0,1893,A
3-PA,788,0,0,0,1896,1896,C
3-PA,789,1872,0,3,0,1875,A
3-PA,790,1893,0,1,0,1894,A
3-PA,791,1,0,0,2082,2083,C
3-PA,792,2084,0,1,0,2085,A
3-PA,793,0,1,0,2093,2094,C
3-PA,794,0,0,0,2072,2072,C
3-PA,795,2066,0,5,0,2071,A
3-PA,796,2069,0,1,0,2070,A
3-PA,797,0,4,2061,0,2065,G
3-PA,798,1528,0,506,0,2034,A
3-PA,799,0,0,0,2042,2042,C
3-PA,800,1,1,0,1951,1953,C
3-PA,801,1955,0,0,0,1955,A
3-PA,802,1958,0,0,1,1959,A
3-PA,803,0,1967,0,1,1968,T
3-PA,804,4,0,0,1956,1960,C
3-PA,805,1969,0,1,0,1970,A
3-PA,806,1961,0,0,0,1961,A
3-PA,807,1954,0,3,0,1957,A
3-PA,808,1,0,0,1989,1990,C
3-PA,809,0,1977,0,0,1977,T
3-PA,810,0,2001,0,0,2001,T
3-PA,811,1,0,0,2004,2005,C
3-PA,812,2,0,0,2014,2016,C
3-PA,813,4,2,2020,0,2026,G
3-PA,814,2023,0,0,0,2023,A
3-PA,815,2019,0,2,0,2021,A
3-PA,816,0,2017,0,2,2019,T
3-PA,817,0,0,1998,0,1998,G
3-PA,818,2,1,1993,1,1997,G
3-PA,819,1996,1,3,0,2000,A
3-PA,820,0,1,0,2020,2021,C
3-PA,821,1,3,0,2009,2013,C
3-PA,822,1,2086,1,2,2090,T
3-PA,823,3,0,0,2165,2168,C
3-PA,824,4,0,0,2182,2186,C
3-PA,825,0,2183,0,1,2184,T
3-PA,826,0,2197,0,1,2198,T
3-PA,827,0,0,2339,0,2339,G
3-PA,828,0,2328,0,0,2328,T
3-PA,829,0,2320,0,3,2323,T
3-PA,830,2315,0,1,0,2316,A
3-PA,831,0,2264,0,0,2264,T
3-PA,832,0,0,0,2244,2244,C
3-PA,833,2212,1,2,0,2215,A
3-PA,834,0,1,2218,0,2219,G
3-PA,835,0,0,0,2218,2218,C
3-PA,836,0,2,2151,0,2153,G
3-PA,837,1,0,2211,0,2212,G
3-PA,838,0,2200,0,2,2202,T
3-PA,839,3,0,0,2219,2222,C
3-PA,840,0,0,0,2235,2235,C
3-PA,841,2246,0,0,0,2246,A
3-PA,842,2253,0,3,0,2256,A
3-PA,843,2255,0,1,0,2256,A
3-PA,844,0,2255,0,1,2256,T
3-PA,845,1,2253,0,0,2254,T
3-PA,846,1,0,0,2246,2247,C
3-PA,847,2,0,0,2221,2223,C
3-PA,848,0,2222,0,2,2224,T
3-PA,849,1,0,0,2241,2242,C
3-PA,850,0,0,0,2241,2241,C
3-PA,851,0,2245,0,1,2246,T
3-PA,852,0,0,2266,0,2266,G
3-PA,853,2255,0,0,1,2256,A
3-PA,854,0,2265,0,0,2265,T
3-PA,855,0,1,2236,0,2237,G
3-PA,856,0,0,2217,0,2217,G
3-PA,857,2206,0,1,0,2207,A
3-PA,858,0,2206,0,0,2206,T
3-PA,859,0,0,2218,0,2218,G
3-PA,860,1,0,0,2334,2335,C
3-PA,861,0,2330,0,2,2332,T
3-PA,862,0,2341,0,3,2344,T
3-PA,863,0,2348,0,0,2348,T
3-PA,864,2343,0,0,0,2343,A
3-PA,865,2358,0,0,0,2358,A
3-PA,866,2359,0,1,0,2360,A
3-PA,867,2367,0,0,1,2368,A
3-PA,868,0,2370,0,1,2371,T
3-PA,869,0,2236,0,0,2236,T
3-PA,870,0,4,2230,0,2234,G
3-PA,871,2214,0,2,0,2216,A
3-PA,872,0,1,2244,0,2245,G
3-PA,873,1,0,0,2253,2254,C
3-PA,874,2244,1,0,0,2245,A
3-PA,875,0,2307,0,1,2308,T
3-PA,876,0,2304,0,0,2304,T
3-PA,877,1,2,2303,0,2306,G
3-PA,878,2310,0,1,0,2311,A
3-PA,879,2299,0,4,0,2303,A
3-PA,880,1,0,2308,0,2309,G
3-PA,881,2291,0,3,0,2294,A
3-PA,882,0,0,0,2306,2306,C
3-PA,883,0,0,0,2301,2301,C
3-PA,884,2,0,0,2280,2282,C
3-PA,885,2278,0,2,0,2280,A
3-PA,886,2289,1,2,0,2292,A
3-PA,887,0,1,2293,0,2294,G
3-PA,888,1,2294,0,0,2295,T
3-PA,889,2,0,1,2297,2300,C
3-PA,890,2298,0,1,1,2300,A
3-PA,891,0,0,0,2300,2300,C
3-PA,892,0,0,2298,0,2298,G
3-PA,893,2335,0,1,0,2336,A
3-PA,894,2343,0,2,0,2345,A
3-PA,895,3,1,2409,0,2413,G
3-PA,896,0,4,2404,0,2408,G
3-PA,897,2388,0,2,0,2390,A
3-PA,898,0,2,2417,0,2419,G
3-PA,899,2409,1,2,0,2412,A
3-PA,900,2405,0,4,1,2410,A
3-PA,901,0,0,2415,0,2415,G
3-PA,902,0,5,2381,0,2386,G
3-PA,903,1,1,2389,0,2391,G
3-PA,904,2311,0,4,0,2315,A
3-PA,905,0,2332,0,1,2333,T
3-PA,906,1,3,0,2317,2321,C
3-PA,907,1,0,0,2505,2506,C
3-PA,908,0,0,0,2538,2538,C
3-PA,909,2562,0,0,1,2563,A
3-PA,910,0,2562,0,1,2563,T
3-PA,911,0,2570,0,0,2570,T
3-PA,912,2659,0,1,0,2660,A
3-PA,913,1,2656,0,0,2657,T
3-PA,914,2650,0,3,0,2653,A
3-PA,915,0,2647,0,1,2648,T
3-PA,916,0,1,2394,0,2395,G
3-PA,917,2404,0,0,0,2404,A
3-PA,918,0,2367,0,0,2367,T
3-PA,919,1,4,2390,0,2395,G
3-PA,920,0,2,0,2360,2362,C
3-PA,921,2,3,2347,0,2352,G
3-PA,922,2356,0,1,0,2357,A
3-PA,923,0,2362,0,3,2365,T
3-PA,924,1,0,0,2366,2367,C
3-PA,925,2360,0,2,0,2362,A
3-PA,926,2340,0,3,0,2343,A
3-PA,927,1,1,2360,0,2362,G
3-PA,928,0,2333,0,0,2333,T
3-PA,929,0,1,2368,0,2369,G
3-PA,930,0,2,0,2363,2365,C
3-PA,931,2354,1,1,0,2356,A
3-PA,932,0,2360,0,1,2361,T
3-PA,933,2361,0,0,0,2361,A
3-PA,934,2385,1,0,0,2386,A
3-PA,935,2391,0,0,0,2391,A
3-PA,936,2374,0,2,0,2376,A
3-PA,937,2372,0,1,1,2374,A
3-PA,938,0,0,0,2385,2385,C
3-PA,939,2350,0,1,0,2351,A
3-PA,940,0,2362,0,0,2362,T
3-PA,941,0,2356,0,0,2356,T
3-PA,942,1,0,0,2373,2374,C
3-PA,943,0,2353,0,3,2356,T
3-PA,944,0,2348,0,2,2350,T
3-PA,945,0,2350,0,7,2357,T
3-PA,946,0,2,2355,0,2357,G
3-PA,947,0,3,2352,0,2355,G
3-PA,948,2342,0,4,0,2346,A
3-PA,949,1,2345,0,1,2347,T
3-PA,950,2,2,2373,0,2377,G
3-PA,951,3,0,2416,1,2420,G
3-PA,952,2420,0,1,0,2421,A
3-PA,953,2429,0,1,0,2430,A
3-PA,954,2436,1,5,0,2442,A
3-PA,955,1,3,2446,0,2450,G
3-PA,956,2432,0,6,0,2438,A
3-PA,957,2689,0,2,0,2691,A
3-PA,958,1,1,0,2742,2744,C
3-PA,959,1,0,0,2744,2745,C
3-PA,960,0,2721,0,2,2723,T
3-PA,961,0,2778,0,7,2785,T
3-PA,962,2789,0,1,0,2790,A
3-PA,963,0,2791,0,1,2792,T
3-PA,964,2760,0,1,0,2761,A
3-PA,965,0,2812,0,1,2813,T
3-PA,966,2596,0,0,0,2596,A
3-PA,967,0,0,2614,0,2614,G
3-PA,968,0,2579,0,4,2583,T
3-PA,969,1,2,0,2589,2592,C
3-PA,970,2558,0,0,0,2558,A
3-PA,971,2557,0,0,0,2557,A
3-PA,972,2545,0,3,0,2548,A
3-PA,973,0,1,0,2567,2568,C
3-PA,974,2,0,0,2537,2539,C
3-PA,975,2514,0,0,0,2514,A
3-PA,976,0,1,0,2561,2562,C
3-PA,977,2555,0,3,0,2558,A
3-PA,978,0,2,0,2577,2579,C
3-PA,979,1,3,2575,0,2579,G
3-PA,980,2556,0,1,0,2557,A
3-PA,981,2572,1,0,1,2574,A
3-PA,982,2568,0,3,0,2571,A
3-PA,983,2571,0,2,0,2573,A
3-PA,984,1,2,2603,0,2606,G
3-PA,985,0,1,2581,0,2582,G
3-PA,986,0,3,2595,0,2598,G
3-PA,987,2596,0,1,0,2597,A
3-PA,988,2597,0,6,0,2603,A
3-PA,989,0,2601,0,0,2601,T
3-PA,990,2601,0,2,0,2603,A
3-PA,991,2614,0,0,0,2614,A
3-PA,992,2626,0,2,0,2628,A
3-PA,993,0,2609,0,2,2611,T
3-PA,994,0,2597,0,0,2597,T
3-PA,995,1,0,0,2620,2621,C
3-PA,996,2624,0,0,0,2624,A
3-PA,997,2629,0,1,0,2630,A
3-PA,998,2636,0,1,0,2637,A
3-PA,999,1,2634,0,0,2635,T
3-PA,1000,0,2646,0,0,2646,T
3-PA,1001,2638,0,2,0,2640,A
3-PA,1002,0,0,0,2644,2644,C
3-PA,1003,0,1,0,2649,2650,C
3-PA,1004,0,2616,0,3,2619,T
3-PA,1005,2,1,2658,0,2661,G
3-PA,1006,1,0,0,2668,2669,C
3-PA,1007,0,2676,1,0,2677,T
3-PA,1008,1,1,2732,0,2734,G
3-PA,1009,1,2724,0,3,2728,T
3-PA,1010,3,0,0,2725,2728,C
3-PA,1011,2742,0,2,0,2744,A
3-PA,1012,0,2741,0,1,2742,T
3-PA,1013,0,3,2751,0,2754,G
3-PA,1014,0,1,2735,0,2736,G
3-PA,1015,2728,1,1,0,2730,A
3-PA,1016,2793,0,6,0,2799,A
3-PA,1017,0,1,2778,0,2779,G
3-PA,1018,0,2,0,2774,2776,C
3-PA,1019,2767,0,1,0,2768,A
3-PA,1020,2771,0,6,1,2778,A
3-PA,1021,0,0,2799,0,2799,G
3-PA,1022,0,2787,0,1,2788,T
3-PA,1023,2794,0,0,0,2794,A
3-PA,1024,0,0,3,2792,2795,C
3-PA,1025,0,2734,0,4,2738,T
3-PA,1026,0,0,2765,0,2765,G
3-PA,1027,1,2732,0,4,2737,T
3-PA,1028,2,1,0,2752,2755,C
3-PA,1029,2739,0,3,0,2742,A
3-PA,1030,0,1,2781,0,2782,G
3-PA,1031,2769,0,1,0,2770,A
3-PA,1032,2782,0,3,0,2785,A
3-PA,1033,0,2811,1,1,2813,T
3-PA,1034,0,2797,0,0,2797,T
3-PA,1035,0,0,2797,0,2797,G
3-PA,1036,0,0,0,2782,2782,C
3-PA,1037,2773,1,9,1,2784,A
3-PA,1038,0,1,2780,0,2781,G
3-PA,1039,0,1,2754,0,2755,G
3-PA,1040,2763,0,4,0,2767,A
3-PA,1041,0,1,0,2750,2751,C
3-PA,1042,2,0,2709,0,2711,G
3-PA,1043,0,2762,0,3,2765,T
3-PA,1044,0,2767,0,0,2767,T
3-PA,1045,0,4,2784,0,2788,G
3-PA,1046,2780,0,1,0,2781,A
3-PA,1047,2784,0,7,0,2791,A
3-PA,1048,2773,0,2,0,2775,A
3-PA,1049,2773,0,2,1,2776,A
3-PA,1050,0,2777,0,0,2777,T
3-PA,1051,0,2,2804,0,2806,G
3-PA,1052,2774,0,3,0,2777,A
3-PA,1053,0,1,2809,0,2810,G
3-PA,1054,2,2,2794,0,2798,G
3-PA,1055,2770,1,1,0,2772,A
3-PA,1056,0,3,2792,0,2795,G
3-PA,1057,2792,0,1,0,2793,A
3-PA,1058,2785,0,2,0,2787,A
3-PA,1059,0,2,2786,0,2788,G
3-PA,1060,0,0,2759,0,2759,G
3-PA,1061,0,2851,0,1,2852,T
3-PA,1062,0,2896,0,1,2897,T
3-PA,1063,4,1,0,2882,2887,C
3-PA,1064,1,4,0,2895,2900,C
3-PA,1065,2910,0,1,0,2911,A
3-PA,1066,2883,0,0,0,2883,A
3-PA,1067,0,3,2909,0,2912,G
3-PA,1068,1,9,2934,0,2944,G
3-PA,1069,2887,0,4,0,2891,A
3-PA,1070,0,0,0,2918,2918,C
3-PA,1071,0,2911,0,1,2912,T
3-PA,1072,2918,0,2,0,2920,A
3-PA,1073,2918,0,0,0,2918,A
3-PA,1074,2917,0,1,0,2918,A
3-PA,1075,2921,0,1,0,2922,A
3-PA,1076,2903,0,1,1,2905,A
3-PA,1077,0,0,0,2879,2879,C
3-PA,1078,2859,0,1,0,2860,A
3-PA,1079,0,2848,0,0,2848,T
3-PA,1080,1,2,2880,0,2883,G
3-PA,1081,2875,0,5,0,2880,A
3-PA,1082,2885,0,2,0,2887,A
3-PA,1083,1,1,2905,0,2907,G
3-PA,1084,2899,0,0,0,2899,A
3-PA,1085,2896,0,1,0,2897,A
3-PA,1086,2871,0,3,0,2874,A
3-PA,1087,2866,0,4,1,2871,A
3-PA,1088,0,0,0,2882,2882,C
3-PA,1089,1,4,2870,0,2875,G
3-PA,1090,2887,0,3,1,2891,A
3-PA,1091,0,1,2883,0,2884,G
3-PA,1092,0,2847,1,7,2855,T
3-PA,1093,3,0,0,2929,2932,C
3-PA,1094,2934,0,5,0,2939,A
3-PA,1095,2977,0,2,0,2979,A
3-PA,1096,0,0,0,2985,2985,C
3-PA,1097,0,2975,0,1,2976,T
3-PA,1098,4,2,3039,0,3045,G
3-PA,1099,3035,0,0,0,3035,A
3-PA,1100,3039,0,3,0,3042,A
3-PA,1101,0,0,3054,0,3054,G
3-PA,1102,0,2964,0,2,2966,T
3-PA,1103,4,2,2995,0,3001,G
3-PA,1104,1,2,2971,0,2974,G
3-PA,1105,1,0,2990,0,2991,G
3-PA,1106,0,2,0,2995,2997,C
3-PA,1107,0,2994,0,3,2997,T
3-PA,1108,1,0,0,3008,3009,C
3-PA,1109,0,2996,0,0,2996,T
3-PA,1110,0,3011,0,1,3012,T
3-PA,1111,0,0,3082,1,3083,G
3-PA,1112,0,0,3078,0,3078,G
3-PA,1113,1,3045,0,0,3046,T
3-PA,1114,2,1,3065,0,3068,G
3-PA,1115,3063,0,0,0,3063,A
3-PA,1116,3096,0,2,0,3098,A
3-PA,1117,3079,0,4,0,3083,A
3-PA,1118,3091,0,2,0,3093,A
3-PA,1119,0,1,0,3104,3105,C
3-PA,1120,3068,0,1,0,3069,A
3-PA,1121,0,3053,0,1,3054,T
3-PA,1122,0,3,3054,0,3057,G
3-PA,1123,3,0,3074,0,3077,G
3-PA,1124,0,0,0,3105,3105,C
3-PA,1125,3090,0,4,1,3095,A
3-PA,1126,0,0,0,3111,3111,C
3-PA,1127,3,1,0,3111,3115,C
3-PA,1128,3145,1,4,0,3150,A
3-PA,1129,0,5,3168,0,3173,G
3-PA,1130,3166,0,1,0,3167,A
3-PA,1131,3,0,3193,0,3196,G
3-PA,1132,3192,0,2,0,3194,A
3-PA,1133,3190,0,1,0,3191,A
3-PA,1134,2,0,3216,0,3218,G
3-PA,1135,0,0,3201,0,3201,G
3-PA,1136,0,3109,0,0,3109,T
3-PA,1137,3147,0,0,0,3147,A
3-PA,1138,0,1,3155,0,3156,G
3-PA,1139,3143,0,4,0,3147,A
3-PA,1140,0,9,0,3148,3157,C
3-PA,1141,0,3121,0,3,3124,T
3-PA,1142,0,3125,0,2,3127,T
3-PA,1143,0,3130,0,0,3130,T
3-PA,1144,3,0,3127,0,3130,G
3-PA,1145,3132,0,5,0,3137,A
3-PA,1146,3136,0,1,0,3137,A
3-PA,1147,3136,1,1,0,3138,A
3-PA,1148,3105,0,1,1,3107,A
3-PA,1149,0,3,0,3167,3170,C
3-PA,1150,0,3144,1,0,3145,T
3-PA,1151,3,0,3180,0,3183,G
3-PA,1152,0,1,0,3184,3185,C
3-PA,1153,3186,1,5,0,3192,A
3-PA,1154,1,2,3180,0,3183,G
3-PA,1155,3171,0,3,0,3174,A
3-PA,1156,1,2,3302,0,3305,G
3-PA,1157,3310,0,0,0,3310,A
3-PA,1158,0,0,0,3280,3280,C
3-PA,1159,3271,1,3,0,3275,A
3-PA,1160,0,3265,0,1,3266,T
3-PA,1161,3274,0,2,0,3276,A
3-PA,1162,3265,0,3,0,3268,A
3-PA,1163,0,0,3266,0,3266,G
3-PA,1164,0,0,0,3263,3263,C
3-PA,1165,0,4,3220,0,3224,G
3-PA,1166,3258,0,1,0,3259,A
3-PA,1167,0,3244,0,1,3245,T
3-PA,1168,0,3237,0,1,3238,T
3-PA,1169,0,3241,0,0,3241,T
3-PA,1170,0,0,3260,0,3260,G
3-PA,1171,3257,0,7,0,3264,A
3-PA,1172,3260,0,2,0,3262,A
3-PA,1173,1,1,3279,0,3281,G
3-PA,1174,0,0,0,3355,3355,C
3-PA,1175,3313,0,3,0,3316,A
3-PA,1176,3508,0,1,0,3509,A
3-PA,1177,0,3521,0,0,3521,T
3-PA,1178,3535,1,1,0,3537,A
3-PA,1179,0,3564,0,2,3566,T
3-PA,1180,1,3,3566,1,3571,G
3-PA,1181,3587,1,5,0,3593,A
3-PA,1182,0,3579,0,2,3581,T
3-PA,1183,3442,1,0,0,3443,A
3-PA,1184,1,0,3441,0,3442,G
3-PA,1185,0,3303,0,0,3303,T
3-PA,1186,1,5,3318,1,3325,G
3-PA,1187,3307,2,2,0,3311,A
3-PA,1188,0,1,0,3283,3284,C
3-PA,1189,0,6,3268,0,3274,G
3-PA,1190,3286,0,0,0,3286,A
3-PA,1191,3284,1,2,0,3287,A
3-PA,1192,1,0,0,3301,3302,C
3-PA,1193,0,1,0,3321,3322,C
3-PA,1194,0,3306,0,4,3310,T
3-PA,1195,0,3,3397,0,3400,G
3-PA,1196,3382,0,3,0,3385,A
3-PA,1197,3402,0,3,0,3405,A
3-PA,1198,0,3405,0,2,3407,T
3-PA,1199,0,3379,0,0,3379,T
3-PA,1200,3367,0,2,0,3369,A
3-PA,1201,3338,3,4,0,3345,A
3-PA,1202,0,3,3346,1,3350,G
3-PA,1203,0,1,3342,0,3343,G
3-PA,1204,0,3251,0,4,3255,T
3-PA,1205,4,1,0,3255,3260,C
3-PA,1206,3253,0,2,0,3255,A
3-PA,1207,0,1,0,3363,3364,C
3-PA,1208,1,3377,0,1,3379,T
3-PA,1209,1,3366,1,1,3369,T
3-PA,1210,0,3360,0,6,3366,T
3-PA,1211,0,1,0,3372,3373,C
3-PA,1212,3367,0,9,0,3376,A
3-PA,1213,3365,0,5,1,3371,A
3-PA,1214,8,0,3401,0,3409,G
3-PA,1215,0,1,0,3398,3399,C
3-PA,1216,0,3342,0,1,3343,T
3-PA,1217,1,2,3419,0,3422,G
3-PA,1218,1,1,3420,0,3422,G
3-PA,1219,3454,1,2,1,3458,A
3-PA,1220,1,3478,0,8,3487,T
3-PA,1221,3486,0,1,1,3488,A
3-PA,1222,0,1,0,3509,3510,C
3-PA,1223,3452,0,4,0,3456,A
3-PA,1224,0,1,3502,0,3503,G
3-PA,1225,3481,0,4,2,3487,A
3-PA,1226,3417,0,1,1,3419,A
3-PA,1227,0,3375,0,0,3375,T
3-PA,1228,1,3,3395,0,3399,G
3-PA,1229,3357,0,3,0,3360,A
3-PA,1230,0,1,3403,0,3404,G
3-PA,1231,0,3369,0,1,3370,T
3-PA,1232,0,3341,1,4,3346,T
3-PA,1233,1,0,0,3411,3412,C
3-PA,1234,3430,0,1,0,3431,A
3-PA,1235,3423,0,2,0,3425,A
3-PA,1236,0,0,0,3426,3426,C
3-PA,1237,3394,0,5,0,3399,A
3-PA,1238,3393,0,3,1,3397,A
3-PA,1239,0,1,3358,0,3359,G
3-PA,1240,1,0,3379,0,3380,G
3-PA,1241,0,1,0,3371,3372,C
3-PA,1242,1,0,0,3381,3382,C
3-PA,1243,0,3361,0,3,3364,T
3-PA,1244,0,3,3401,0,3404,G
3-PA,1245,1,3395,0,0,3396,T
3-PA,1246,2,4,3441,0,3447,G
3-PA,1247,3441,0,2,0,3443,A
3-PA,1248,1,2,3431,0,3434,G
3-PA,1249,1,0,1,3406,3408,C
3-PA,1250,0,3384,0,4,3388,T
3-PA,1251,3455,0,1,0,3456,A
3-PA,1252,3463,0,0,0,3463,A
3-PA,1253,0,3,0,3464,3467,C
3-PA,1254,0,3436,0,0,3436,T
3-PA,1255,0,5,3445,0,3450,G
3-PA,1256,3433,0,1,1,3435,A
3-PA,1257,0,3420,0,2,3422,T
3-PA,1258,0,3427,0,0,3427,T
3-PA,1259,3,0,0,3442,3445,C
3-PA,1260,3515,0,1,0,3516,A
3-PA,1261,2,2,3559,0,3563,G
3-PA,1262,0,3535,0,7,3542,T
3-PA,1263,2,0,0,3545,3547,C
3-PA,1264,0,3525,0,4,3529,T
3-PA,1265,0,3,3664,0,3667,G
3-PA,1266,0,1,3672,0,3673,G
3-PA,1267,3673,0,4,0,3677,A
3-PA,1268,0,3687,0,1,3688,T
3-PA,1269,3492,0,2,0,3494,A
3-PA,1270,1,5,3475,0,3481,G
3-PA,1271,3446,0,4,0,3450,A
3-PA,1272,0,0,3455,0,3455,G
3-PA,1273,0,0,0,3440,3440,C
3-PA,1274,0,3373,0,4,3377,T
3-PA,1275,1,3,0,3395,3399,C
3-PA,1276,2,1,3412,0,3415,G
3-PA,1277,3414,0,2,0,3416,A
3-PA,1278,0,3412,0,1,3413,T
3-PA,1279,1,4,3410,0,3415,G
3-PA,1280,3454,0,1,0,3455,A
3-PA,1281,3450,0,1,0,3451,A
3-PA,1282,3460,1,2,0,3463,A
3-PA,1283,0,3431,0,1,3432,T
3-PA,1284,0,3449,0,1,3450,T
3-PA,1285,1,2,3463,0,3466,G
3-PA,1286,3,0,3470,0,3473,G
3-PA,1287,3470,1,7,0,3478,A
3-PA,1288,0,1,3469,0,3470,G
3-PA,1289,3415,0,5,0,3420,A
3-PA,1290,0,2,3445,0,3447,G
3-PA,1291,0,1,3469,1,3471,G
3-PA,1292,3493,1,2,0,3496,A
3-PA,1293,0,0,0,3521,3521,C
3-PA,1294,5,0,3490,0,3495,G
3-PA,1295,0,3496,0,1,3497,T
3-PA,1296,3524,0,1,0,3525,A
3-PA,1297,0,3,3540,0,3543,G
3-PA,1298,2,0,0,3538,3540,C
3-PA,1299,1,0,0,3500,3501,C
3-PA,1300,1,0,0,3504,3505,C
3-PA,1301,7,1,0,3535,3543,C
3-PA,1302,3544,1,1,0,3546,A
3-PA,1303,3669,0,1,0,3670,A
3-PA,1304,0,3659,1,0,3660,T
3-PA,1305,0,3622,0,3,3625,T
3-PA,1306,0,3,3615,1,3619,G
3-PA,1307,3548,0,4,0,3552,A
3-PA,1308,1,1,3563,0,3565,G
3-PA,1309,0,1,0,3552,3553,C
3-PA,1310,3542,0,1,0,3543,A
3-PA,1311,0,0,0,3635,3635,C
3-PA,1312,3541,0,0,0,3541,A
3-PA,1313,1,3634,0,3,3638,T
3-PA,1314,0,3640,0,4,3644,T
3-PA,1315,3,0,3636,0,3639,G
3-PA,1316,0,0,0,3629,3629,C
3-PA,1317,3622,0,2,0,3624,A
3-PA,1318,3624,0,5,1,3630,A
3-PA,1319,1,0,3636,0,3637,G
3-PA,1320,2,0,0,3595,3597,C
3-PA,1321,3579,0,0,0,3579,A
3-PA,1322,0,3476,0,3,3479,T
3-PA,1323,0,3,3473,0,3476,G
3-PA,1324,3466,0,2,0,3468,A
3-PA,1325,0,0,3483,0,3483,G
3-PA,1326,3491,0,2,0,3493,A
3-PA,1327,3483,0,3,1,3487,A
3-PA,1328,0,2,3469,0,3471,G
3-PA,1329,3,4,3460,0,3467,G
3-PA,1330,3473,0,0,0,3473,A
3-PA,1331,3463,0,0,1,3464,A
3-PA,1332,1,3465,0,1,3467,T
3-PA,1333,0,3463,0,2,3465,T
3-PA,1334,3474,3,0,0,3477,A
3-PA,1335,0,3479,0,3,3482,T
3-PA,1336,0,3473,0,1,3474,T
3-PA,1337,0,3479,0,1,3480,T
3-PA,1338,6,0,0,3438,3444,C
3-PA,1339,3431,0,1,0,3432,A
3-PA,1340,0,1,0,3497,3498,C
3-PA,1341,3484,0,1,0,3485,A
3-PA,1342,1,1,3511,0,3513,G
3-PA,1343,0,0,0,3507,3507,C
3-PA,1344,3488,0,2,0,3490,A
3-PA,1345,0,1,3516,0,3517,G
3-PA,1346,3494,1,2,0,3497,A
3-PA,1347,0,3,3502,0,3505,G
3-PA,1348,1,0,3508,0,3509,G
3-PA,1349,0,3382,0,2,3384,T
3-PA,1350,2,0,3452,0,3454,G
3-PA,1351,0,3385,0,3,3388,T
3-PA,1352,4,2,0,3387,3393,C
3-PA,1353,1,3,0,3426,3430,C
3-PA,1354,2,1,0,3408,3411,C
3-PA,1355,3446,0,4,0,3450,A
3-PA,1356,0,3452,1,4,3457,T
3-PA,1357,0,3438,0,3,3441,T
3-PA,1358,0,0,3449,0,3449,G
3-PA,1359,1,3378,0,1,3380,T
3-PA,1360,3326,0,2,0,3328,A
3-PA,1361,0,1,3318,0,3319,G
3-PA,1362,3221,0,3,0,3224,A
3-PA,1363,0,0,3245,0,3245,G
3-PA,1364,1,1,0,3197,3199,C
3-PA,1365,5,0,0,3146,3151,C
3-PA,1366,3178,0,1,0,3179,A
3-PA,1367,1,1,0,3198,3200,C
3-PA,1368,0,3184,0,0,3184,T
3-PA,1369,1,0,3184,0,3185,G
3-PA,1370,3177,0,1,0,3178,A
3-PA,1371,3121,0,5,0,3126,A
3-PA,1372,0,3204,0,2,3206,T
3-PA,1373,3229,0,2,0,3231,A
3-PA,1374,1,0,0,3270,3271,C
3-PA,1375,3182,1,0,0,3183,A
3-PA,1376,0,3187,0,3,3190,T
3-PA,1377,3154,0,1,0,3155,A
3-PA,1378,3157,0,1,0,3158,A
3-PA,1379,0,3143,0,0,3143,T
3-PA,1380,1,0,3087,0,3088,G
3-PA,1381,3065,0,1,0,3066,A
3-PA,1382,2997,1,2,0,3000,A
3-PA,1383,0,2,2995,0,2997,G
3-PA,1384,0,4,2988,0,2992,G
3-PA,1385,0,1,3040,0,3041,G
3-PA,1386,1,3,3022,0,3026,G
3-PA,1387,0,1,3054,0,3055,G
3-PA,1388,0,2999,0,0,2999,T
3-PA,1389,3018,1,3,0,3022,A
3-PA,1390,0,3033,0,2,3035,T
3-PA,1391,3069,0,2,0,3071,A
3-PA,1392,1,0,0,3349,3350,C
3-PA,1393,3226,0,0,0,3226,A
3-PA,1394,0,3151,0,0,3151,T
3-PA,1395,0,3100,0,1,3101,T
3-PA,1396,3050,0,0,0,3050,A
3-PA,1397,3128,0,1,0,3129,A
3-PA,1398,0,1,0,3118,3119,C
3-PA,1399,3053,0,0,0,3053,A
3-PA,1400,0,0,0,3069,3069,C
3-PA,1401,0,2673,1,1,2675,T
3-PA,1402,0,1,2785,0,2786,G
3-PA,1403,0,3,0,2760,2763,C
3-PA,1404,2,0,0,2765,2767,C
3-PA,1405,3,0,0,2776,2779,C
3-PA,1406,0,2675,0,2,2677,T
3-PA,1407,0,0,2772,0,2772,G
3-PA,1408,2,0,0,2766,2768,C
3-PA,1409,0,2767,0,3,2770,T
3-PA,1410,6,0,0,2846,2852,C
3-PA,1411,2719,0,1,0,2720,A
3-PA,1412,2743,0,0,0,2743,A
3-PA,1413,0,2736,0,1,2737,T
3-PA,1414,2,0,2737,0,2739,G
3-PA,1415,2,1,0,2727,2730,C
3-PA,1416,2677,0,0,0,2677,A
3-PA,1417,0,2662,0,4,2666,T
3-PA,1418,2,0,0,2664,2666,C
3-PA,1419,3,0,0,2697,2700,C
3-PA,1420,0,2593,0,0,2593,T
3-PA,1421,0,0,2669,0,2669,G
3-PA,1422,0,2655,0,2,2657,T
3-PA,1423,0,0,2654,0,2654,G
3-PA,1424,2,1,0,2649,2652,C
3-PA,1425,2618,0,0,0,2618,A
3-PA,1426,2,0,2647,0,2649,G
3-PA,1427,0,1,0,2643,2644,C
3-PA,1428,2615,0,1,0,2616,A
3-PA,1429,2613,1,1,0,2615,A
3-PA,1430,0,2508,0,1,2509,T
3-PA,1431,1,4,2512,0,2517,G
3-PA,1432,3,1,2512,0,2516,G
3-PA,1433,2513,0,3,0,2516,A
3-PA,1434,1,1,0,2501,2503,C
3-PA,1435,2,3,2492,0,2497,G
3-PA,1436,2532,0,0,0,2532,A
3-PA,1437,0,2524,0,0,2524,T
3-PA,1438,0,2529,0,0,2529,T
3-PA,1439,0,2519,0,0,2519,T
3-PA,1440,0,2506,1,0,2507,T
3-PA,1441,1,1,0,2526,2528,C
3-PA,1442,2533,0,0,0,2533,A
3-PA,1443,2539,0,1,0,2540,A
3-PA,1444,0,0,0,2539,2539,C
3-PA,1445,0,2485,2,0,2487,T
3-PA,1446,2489,0,0,0,2489,A
3-PA,1447,2491,0,1,0,2492,A
3-PA,1448,0,2485,1,0,2486,T
3-PA,1449,1,2477,1,3,2482,T
3-PA,1450,1,0,0,2496,2497,C
3-PA,1451,1,2,0,2500,2503,C
3-PA,1452,2,2,0,2483,2487,C
3-PA,1453,2489,0,0,0,2489,A
3-PA,1454,0,2532,4,1,2537,T
3-PA,1455,6,2,2534,0,2542,G
3-PA,1456,2544,0,0,0,2544,A
3-PA,1457,0,2534,1,0,2535,T
3-PA,1458,2533,0,1,0,2534,A
3-PA,1459,2535,0,0,1,2536,A
3-PA,1460,0,1,2537,0,2538,G
3-PA,1461,0,0,0,2535,2535,C
3-PA,1462,2526,1,0,0,2527,A
3-PA,1463,2437,0,0,1,2438,A
3-PA,1464,6,0,2478,0,2484,G
3-PA,1465,0,2467,1,1,2469,T
3-PA,1466,0,0,2463,0,2463,G
3-PA,1467,1,3,0,2462,2466,C
3-PA,1468,2431,1,1,0,2433,A
3-PA,1469,1,1,2482,0,2484,G
3-PA,1470,2474,0,1,0,2475,A
3-PA,1471,2494,0,1,0,2495,A
3-PA,1472,0,0,0,2493,2493,C
3-PA,1473,1,2420,0,2,2423,T
3-PA,1474,2452,0,0,0,2452,A
3-PA,1475,2445,0,1,0,2446,A
3-PA,1476,2440,0,3,0,2443,A
3-PA,1477,0,2,2453,0,2455,G
3-PA,1478,2350,0,1,0,2351,A
3-PA,1479,0,2,2342,0,2344,G
3-PA,1480,1,0,2276,0,2277,G
3-PA,1481,1,0,2286,0,2287,G
3-PA,1482,2265,0,2,0,2267,A
3-PA,1483,2228,0,0,0,2228,A
3-PA,1484,0,3,2221,0,2224,G
3-PA,1485,0,0,2222,0,2222,G
3-PA,1486,0,2,0,2220,2222,C
3-PA,1487,0,1,2219,0,2220,G
3-PA,1488,2210,0,0,0,2210,A
3-PA,1489,2215,0,0,0,2215,A
3-PA,1490,2218,0,0,0,2218,A
3-PA,1491,2220,0,1,0,2221,A
3-PA,1492,2213,0,3,0,2216,A
3-PA,1493,0,0,0,2221,2221,C
3-PA,1494,3,2,0,2208,2213,C
3-PA,1495,2215,0,0,0,2215,A
3-PA,1496,2235,0,0,0,2235,A
3-PA,1497,0,2229,0,0,2229,T
3-PA,1498,0,2239,0,2,2241,T
3-PA,1499,0,2246,0,0,2246,T
3-PA,1500,2243,0,2,0,2245,A
3-PA,1501,0,2243,0,0,2243,T
3-PA,1502,2240,0,2,0,2242,A
3-PA,1503,0,2235,0,1,2236,T
3-PA,1504,0,0,2206,0,2206,G
3-PA,1505,0,4,2161,0,2165,G
3-PA,1506,2168,0,1,0,2169,A
3-PA,1507,0,2155,0,3,2158,T
3-PA,1508,0,2124,1,0,2125,T
3-PA,1509,2,2,0,2119,2123,C
3-PA,1510,2125,0,0,0,2125,A
3-PA,1511,0,2133,0,4,2137,T
3-PA,1512,2,1,0,2145,2148,C
3-PA,1513,2134,0,1,1,2136,A
3-PA,1514,1,2109,0,0,2110,T
3-PA,1515,2092,0,0,1,2093,A
3-PA,1516,2088,0,0,0,2088,A
3-PA,1517,2086,0,6,0,2092,A
3-PA,1518,0,1,2079,0,2080,G
3-PA,1519,0,1,2045,0,2046,G
3-PA,1520,0,1,2019,0,2020,G
3-PA,1521,2013,0,1,0,2014,A
3-PA,1522,1984,0,2,0,1986,A
3-PA,1523,0,2,1989,0,1991,G
3-PA,1524,1978,0,0,0,1978,A
3-PA,1525,1,1969,0,1,1971,T
3-PA,1526,1,0,0,1971,1972,C
3-PA,1527,1,1926,0,1,1928,T
3-PA,1528,1,0,0,1972,1973,C
3-PA,1529,1964,0,0,0,1964,A
3-PA,1530,0,1963,0,0,1963,T
3-PA,1531,0,1959,0,1,1960,T
3-PA,1532,0,1933,0,3,1936,T
3-PA,1533,1925,0,2,0,1927,A
3-PA,1534,1926,0,1,0,1927,A
3-PA,1535,0,2,1918,0,1920,G
3-PA,1536,0,2,1936,0,1938,G
3-PA,1537,1804,0,0,0,1804,A
3-PA,1538,1798,0,2,2,1802,A
3-PA,1539,0,1799,1,1,1801,T
3-PA,1540,0,2,1804,0,1806,G
3-PA,1541,1842,0,5,0,1847,A
3-PA,1542,0,0,0,1849,1849,C
3-PA,1543,1833,0,1,0,1834,A
3-PA,1544,1,1,0,1832,1834,C
3-PA,1545,1753,0,1,0,1754,A
3-PA,1546,0,2,1758,0,1760,G
3-PA,1547,1747,0,3,0,1750,A
3-PA,1548,0,0,0,1723,1723,C
3-PA,1549,0,0,1693,0,1693,G
3-PA,1550,0,1552,0,3,1555,T
3-PA,1551,1,0,1557,0,1558,G
3-PA,1552,0,1,1564,0,1565,G
3-PA,1553,0,1569,0,0,1569,T
3-PA,1554,1566,0,0,0,1566,A
3-PA,1555,1541,0,0,0,1541,A
3-PA,1556,1538,0,0,0,1538,A
3-PA,1557,0,1526,0,0,1526,T
3-PA,1558,0,1496,0,2,1498,T
3-PA,1559,0,1506,0,0,1506,T
3-PA,1560,0,1490,0,0,1490,T
3-PA,1561,0,0,1494,0,1494,G
3-PA,1562,1,1470,0,1,1472,T
3-PA,1563,1,2,1471,1,1475,G
3-PA,1564,1467,0,2,0,1469,A
3-PA,1565,0,0,1464,0,1464,G
3-PA,1566,1,0,0,1454,1455,C
3-PA,1567,1461,0,0,0,1461,A
3-PA,1568,0,1454,0,1,1455,T
3-PA,1569,0,1,1456,0,1457,G
3-PA,1570,0,0,1468,0,1468,G
3-PA,1571,1462,0,0,0,1462,A
3-PA,1572,0,0,1465,0,1465,G
3-PA,1573,0,1438,0,2,1440,T
3-PA,1574,0,1424,0,1,1425,T
3-PA,1575,0,1422,0,2,1424,T
3-PA,1576,0,1427,0,1,1428,T
3-PA,1577,1,4,0,1427,1432,C
3-PA,1578,0,1420,1,0,1421,T
3-PA,1579,3,0,0,1413,1416,C
3-PA,1580,0,1377,0,2,1379,T
3-PA,1581,1,0,0,1377,1378,C
3-PA,1582,1368,0,0,0,1368,A
3-PA,1583,0,0,0,1368,1368,C
3-PA,1584,0,1323,1,2,1326,T
3-PA,1585,0,6,1316,0,1322,G
3-PA,1586,1317,0,0,0,1317,A
3-PA,1587,0,0,0,1323,1323,C
3-PA,1588,2,0,0,1309,1311,C
3-PA,1589,2,2,0,1294,1298,C
3-PA,1590,2,0,1290,0,1292,G
3-PA,1591,1285,0,3,0,1288,A
3-PA,1592,0,3,1284,0,1287,G
3-PA,1593,1278,0,2,0,1280,A
3-PA,1594,0,0,0,1258,1258,C
3-PA,1595,0,1230,0,1,1231,T
3-PA,1596,0,1149,0,0,1149,T
3-PA,1597,0,1,1145,0,1146,G
3-PA,1598,1128,0,1,0,1129,A
3-PA,1599,0,0,1139,0,1139,G
3-PA,1600,0,1,0,1127,1128,C
3-PA,1601,0,0,0,1073,1073,C
3-PA,1602,1064,0,0,0,1064,A
3-PA,1603,1,0,0,1055,1056,C
3-PA,1604,1064,0,2,0,1066,A
3-PA,1605,0,1060,0,0,1060,T
3-PA,1606,1055,0,0,0,1055,A
3-PA,1607,1045,0,0,0,1045,A
3-PA,1608,1038,0,0,0,1038,A
3-PA,1609,1,1010,0,0,1011,T
3-PA,1610,0,2,1008,0,1010,G
3-PA,1611,0,1,879,0,880,G
3-PA,1612,0,0,862,0,862,G
3-PA,1613,839,0,0,0,839,A
3-PA,1614,0,2,827,0,829,G
3-PA,1615,816,0,1,0,817,A
3-PA,1616,792,0,0,0,792,A
3-PA,1617,787,0,0,0,787,A
3-PA,1618,0,778,0,0,778,T
3-PA,1619,770,0,0,0,770,A
3-PA,1620,2,0,0,764,766,C
3-PA,1621,1,384,0,0,385,T
3-PA,1622,0,0,385,0,385,G
3-PA,1623,0,219,0,0,219,T
3-PA,1624,0,0,222,0,222,G
3-PA,1625,0,207,0,0,207,T
3-PA,1626,0,0,0,108,108,C
3-PA,1627,0,0,0,99,99,C
3-PA,1628,0,85,0,0,85,T
3-PA,1629,0,84,0,1,85,T
3-PA,1630,0,0,85,0,85,G
3-PA,1631,87,0,0,0,87,A
3-PA,1632,0,0,87,0,87,G
3-PA,1633,81,0,0,0,81,A
3-PA,1634,0,83,0,0,83,T
3-PA,1635,81,0,0,0,81,A
3-PA,1636,0,0,84,0,84,G
3-PA,1637,0,0,84,0,84,G
3-PA,1638,82,0,0,0,82,A
3-PA,1639,0,0,84,0,84,G
3-PA,1640,83,0,0,0,83,A
3-PA,1641,0,82,0,0,82,T
3-PA,1642,83,0,0,0,83,A
3-PA,1643,0,83,0,0,83,T
3-PA,1644,0,0,83,0,83,G
3-PA,1645,0,87,0,0,87,T
3-PA,1646,0,87,0,0,87,T
3-PA,1647,90,0,0,0,90,A
3-PA,1648,1,1,0,88,90,C
3-PA,1649,0,89,0,0,89,T
3-PA,1650,89,0,0,0,89,A
3-PA,1651,89,0,0,0,89,A
3-PA,1652,0,0,91,0,91,G
3-PA,1653,88,0,0,0,88,A
3-PA,1654,89,0,0,0,89,A
3-PA,1655,0,0,85,0,85,G
3-PA,1656,0,86,0,0,86,T
3-PA,1657,0,0,88,0,88,G
3-PA,1658,0,0,0,89,89,C
3-PA,1659,0,0,0,89,89,C
3-PA,1660,88,0,0,0,88,A
3-PA,1661,0,87,0,0,87,T
3-PA,1662,85,0,0,0,85,A
3-PA,1663,0,0,87,0,87,G
3-PA,1664,0,0,88,0,88,G
3-PA,1665,0,0,0,86,86,C
3-PA,1666,0,0,0,86,86,C
3-PA,1667,86,0,0,0,86,A
3-PA,1668,85,0,0,0,85,A
3-PA,1669,85,0,0,0,85,A
3-PA,1670,0,86,0,0,86,T
3-PA,1671,0,86,0,0,86,T
3-PA,1672,0,88,0,0,88,T
3-PA,1673,0,0,0,87,87,C
3-PA,1674,87,0,0,0,87,A
3-PA,1675,86,0,0,0,86,A
3-PA,1676,0,0,86,0,86,G
3-PA,1677,1,0,87,0,88,G
3-PA,1678,0,0,0,85,85,C
3-PA,1679,0,0,0,85,85,C
3-PA,1680,86,0,0,0,86,A
3-PA,1681,89,0,0,0,89,A
3-PA,1682,0,89,0,0,89,T
3-PA,1683,0,0,94,0,94,G
3-PA,1684,0,94,0,0,94,T
3-PA,1685,0,99,0,0,99,T
3-PA,1686,0,0,0,101,101,C
3-PA,1687,0,100,0,0,100,T
3-PA,1688,0,101,0,0,101,T
3-PA,1689,92,0,0,0,92,A
3-PA,1690,0,93,0,0,93,T
3-PA,1691,93,0,0,0,93,A
3-PA,1692,0,93,0,0,93,T
3-PA,1693,0,0,93,0,93,G
3-PA,1694,0,85,0,0,85,T
3-PA,1695,0,0,84,0,84,G
3-PA,1696,83,0,0,0,83,A
3-PA,1697,0,0,83,0,83,G
3-PA,1698,0,0,83,0,83,G
3-PA,1699,83,0,0,0,83,A
3-PA,1700,0,0,0,83,83,C
3-PA,1701,80,0,0,0,80,A
3-PA,1702,80,0,0,0,80,A
3-PA,1703,80,0,0,0,80,A
3-PA,1704,0,0,0,80,80,C
3-PA,1705,0,0,80,0,80,G
3-PA,1706,0,0,82,0,82,G
3-PA,1707,81,0,0,0,81,A
3-PA,1708,82,0,0,0,82,A
3-PA,1709,0,0,0,82,82,C
3-PA,1710,83,0,0,0,83,A
3-PA,1711,0,83,0,0,83,T
3-PA,1712,0,0,0,83,83,C
3-PA,1713,83,0,0,0,83,A
3-PA,1714,83,0,0,0,83,A
3-PA,1715,82,0,0,0,82,A
3-PA,1716,0,0,82,0,82,G
3-PA,1717,0,0,82,0,82,G
3-PA,1718,0,82,0,0,82,T
3-PA,1719,1,0,0,81,82,C
3-PA,1720,81,0,0,0,81,A
3-PA,1721,81,0,0,0,81,A
3-PA,1722,81,0,0,0,81,A
3-PA,1723,82,0,0,0,82,A
3-PA,1724,0,82,0,0,82,T
3-PA,1725,0,0,81,0,81,G
3-PA,1726,81,0,0,0,81,A
3-PA,1727,81,0,0,0,81,A
3-PA,1728,81,0,0,0,81,A
3-PA,1729,0,80,0,0,80,T
3-PA,1730,0,0,80,0,80,G
3-PA,1731,0,0,81,0,81,G
3-PA,1732,0,0,81,0,81,G
3-PA,1733,0,0,81,0,81,G
3-PA,1734,79,0,0,0,79,A
3-PA,1735,81,0,0,0,81,A
3-PA,1736,0,82,0,0,82,T
3-PA,1737,0,0,83,0,83,G
3-PA,1738,0,0,83,0,83,G
3-PA,1739,82,0,0,0,82,A
3-PA,1740,0,0,84,0,84,G
3-PA,1741,84,0,0,0,84,A
3-PA,1742,0,83,0,0,83,T
3-PA,1743,0,0,83,0,83,G
3-PA,1744,83,0,0,0,83,A
3-PA,1745,0,0,85,0,85,G
3-PA,1746,82,0,2,0,84,A
3-PA,1747,0,0,0,84,84,C
3-PA,1748,0,0,84,0,84,G
3-PA,1749,0,83,0,0,83,T
3-PA,1750,0,81,0,0,81,T
3-PA,1751,0,0,84,0,84,G
3-PA,1752,0,0,0,84,84,C
3-PA,1753,0,0,0,84,84,C
3-PA,1754,0,85,0,0,85,T
3-PA,1755,0,0,0,86,86,C
3-PA,1756,0,0,0,85,85,C
3-PA,1757,0,86,0,0,86,T
3-PA,1758,0,85,0,0,85,T
3-PA,1759,0,0,0,85,85,C
3-PA,1760,83,0,0,0,83,A
3-PA,1761,0,0,83,0,83,G
3-PA,1762,0,83,0,0,83,T
3-PA,1763,0,0,0,87,87,C
3-PA,1764,85,0,0,0,85,A
3-PA,1765,0,0,0,86,86,C
3-PA,1766,0,87,0,0,87,T
3-PA,1767,0,0,0,87,87,C
3-PA,1768,0,0,0,87,87,C
3-PA,1769,87,0,0,0,87,A
3-PA,1770,0,0,88,0,88,G
3-PA,1771,0,0,0,87,87,C
3-PA,1772,88,0,0,0,88,A
3-PA,1773,0,0,86,0,86,G
3-PA,1774,82,0,0,0,82,A
3-PA,1775,0,82,0,0,82,T
3-PA,1776,0,0,0,83,83,C
3-PA,1777,1,0,80,0,81,G
3-PA,1778,82,0,0,0,82,A
3-PA,1779,0,0,82,0,82,G
3-PA,1780,80,0,0,0,80,A
3-PA,1781,0,0,82,0,82,G
3-PA,1782,0,0,0,80,80,C
3-PA,1783,81,0,0,0,81,A
3-PA,1784,0,81,0,0,81,T
3-PA,1785,0,0,82,0,82,G
3-PA,1786,81,0,0,0,81,A
3-PA,1787,0,82,0,0,82,T
3-PA,1788,0,80,0,0,80,T
3-PA,1789,0,0,80,0,80,G
3-PA,1790,78,0,0,0,78,A
3-PA,1791,80,0,0,0,80,A
3-PA,1792,0,0,82,0,82,G
3-PA,1793,0,0,0,81,81,C
3-PA,1794,0,0,0,78,78,C
3-PA,1795,0,0,78,0,78,G
3-PA,1796,77,0,0,0,77,A
3-PA,1797,0,0,77,0,77,G
3-PA,1798,0,77,0,0,77,T
3-PA,1799,0,0,0,78,78,C
3-PA,1800,0,0,0,77,77,C
3-PA,1801,0,76,0,0,76,T
3-PA,1802,0,0,0,82,82,C
3-PA,1803,0,0,81,0,81,G
3-PA,1804,0,0,87,0,87,G
3-PA,1805,0,87,0,0,87,T
3-PA,1806,0,86,0,0,86,T
3-PA,1807,87,0,0,0,87,A
3-PA,1808,87,0,0,0,87,A
3-PA,1809,86,0,0,0,86,A
3-PA,1810,0,0,88,0,88,G
3-PA,1811,89,0,0,0,89,A
3-PA,1812,0,0,89,0,89,G
3-PA,1813,88,0,0,0,88,A
3-PA,1814,87,0,0,0,87,A
3-PA,1815,88,0,0,0,88,A
3-PA,1816,0,0,87,0,87,G
3-PA,1817,87,0,0,0,87,A
3-PA,1818,0,0,0,88,88,C
3-PA,1819,85,0,0,0,85,A
3-PA,1820,0,85,0,0,85,T
3-PA,1821,0,0,85,0,85,G
3-PA,1822,86,0,0,0,86,A
3-PA,1823,0,0,0,87,87,C
3-PA,1824,0,0,0,87,87,C
3-PA,1825,87,0,0,0,87,A
3-PA,1826,87,0,0,0,87,A
3-PA,1827,87,0,0,0,87,A
3-PA,1828,0,0,88,0,88,G
3-PA,1829,87,0,0,0,87,A
3-PA,1830,0,0,87,0,87,G
3-PA,1831,0,88,0,0,88,T
3-PA,1832,0,87,0,0,87,T
3-PA,1833,0,88,0,0,88,T
3-PA,1834,0,88,0,0,88,T
3-PA,1835,0,87,0,0,87,T
3-PA,1836,0,88,0,0,88,T
3-PA,1837,0,0,88,0,88,G
3-PA,1838,85,0,0,0,85,A
3-PA,1839,0,0,87,0,87,G
3-PA,1840,84,0,0,0,84,A
3-PA,1841,87,0,0,0,87,A
3-PA,1842,0,87,0,0,87,T
3-PA,1843,87,0,0,0,87,A
3-PA,1844,90,0,0,0,90,A
3-PA,1845,89,0,0,0,89,A
3-PA,1846,0,91,0,0,91,T
3-PA,1847,0,0,0,90,90,C
3-PA,1848,90,0,0,0,90,A
3-PA,1849,0,0,88,0,88,G
3-PA,1850,91,0,0,0,91,A
3-PA,1851,91,0,0,0,91,A
3-PA,1852,0,0,91,0,91,G
3-PA,1853,0,0,0,91,91,C
3-PA,1854,90,0,0,0,90,A
3-PA,1855,0,87,0,0,87,T
3-PA,1856,0,0,86,0,86,G
3-PA,1857,0,0,92,0,92,G
3-PA,1858,0,0,0,92,92,C
3-PA,1859,0,0,0,92,92,C
3-PA,1860,0,0,0,92,92,C
3-PA,1861,94,0,0,0,94,A
3-PA,1862,0,93,0,0,93,T
3-PA,1863,0,92,0,0,92,T
3-PA,1864,0,0,94,0,94,G
3-PA,1865,0,0,93,0,93,G
3-PA,1866,0,1,88,0,89,G
3-PA,1867,0,0,90,0,90,G
3-PA,1868,0,0,0,85,85,C
3-PA,1869,0,0,86,0,86,G
3-PA,1870,0,86,0,0,86,T
3-PA,1871,0,0,0,87,87,C
3-PA,1872,0,0,0,90,90,C
3-PA,1873,0,0,0,93,93,C
3-PA,1874,1,0,0,92,93,C
3-PA,1875,0,0,0,91,91,C
3-PA,1876,91,0,0,0,91,A
3-PA,1877,92,0,0,0,92,A
3-PA,1878,0,0,92,0,92,G
3-PA,1879,0,0,89,0,89,G
3-PA,1880,0,0,89,0,89,G
3-PA,1881,84,0,0,0,84,A
3-PA,1882,0,0,85,0,85,G
3-PA,1883,0,82,0,0,82,T
3-PA,1884,0,0,83,0,83,G
3-PA,1885,0,0,84,0,84,G
3-PA,1886,83,0,0,0,83,A
3-PA,1887,84,0,0,0,84,A
3-PA,1888,0,0,83,0,83,G
3-PA,1889,84,0,0,0,84,A
3-PA,1890,84,0,0,0,84,A
3-PA,1891,0,0,84,0,84,G
3-PA,1892,0,0,85,0,85,G
3-PA,1893,0,83,0,0,83,T
3-PA,1894,0,85,0,0,85,T
3-PA,1895,0,0,0,85,85,C
3-PA,1896,0,0,0,84,84,C
3-PA,1897,85,0,0,0,85,A
3-PA,1898,0,84,0,0,84,T
3-PA,1899,0,84,0,0,84,T
3-PA,1900,0,0,85,0,85,G
3-PA,1901,0,0,84,0,84,G
3-PA,1902,0,0,85,0,85,G
3-PA,1903,84,0,0,0,84,A
3-PA,1904,85,0,0,0,85,A
3-PA,1905,85,0,0,0,85,A
3-PA,1906,0,0,86,1,87,G
3-PA,1907,0,87,0,0,87,T
3-PA,1908,0,0,0,87,87,C
3-PA,1909,0,86,0,0,86,T
3-PA,1910,0,0,87,0,87,G
3-PA,1911,0,87,0,0,87,T
3-PA,1912,86,0,0,0,86,A
3-PA,1913,0,0,86,0,86,G
3-PA,1914,0,0,86,0,86,G
3-PA,1915,82,0,0,0,82,A
3-PA,1916,0,1,0,82,83,C
3-PA,1917,0,80,0,0,80,T
3-PA,1918,0,0,0,83,83,C
3-PA,1919,0,82,0,0,82,T
3-PA,1920,83,0,0,0,83,A
3-PA,1921,0,83,0,0,83,T
3-PA,1922,0,82,0,0,82,T
3-PA,1923,0,0,85,0,85,G
3-PA,1924,0,0,84,0,84,G
3-PA,1925,0,0,0,85,85,C
3-PA,1926,0,85,0,0,85,T
3-PA,1927,79,0,0,0,79,A
3-PA,1928,80,0,0,0,80,A
3-PA,1929,0,0,81,0,81,G
3-PA,1930,0,81,0,0,81,T
3-PA,1931,1,0,0,79,80,C
3-PA,1932,79,0,0,0,79,A
3-PA,1933,0,0,84,0,84,G
3-PA,1934,0,83,0,0,83,T
3-PA,1935,86,0,0,0,86,A
3-PA,1936,0,85,0,0,85,T
3-PA,1937,0,86,0,0,86,T
3-PA,1938,0,0,0,85,85,C
3-PA,1939,84,0,0,0,84,A
3-PA,1940,83,0,0,0,83,A
3-PA,1941,0,83,0,0,83,T
3-PA,1942,81,0,0,0,81,A
3-PA,1943,0,0,83,0,83,G
3-PA,1944,0,0,0,78,78,C
3-PA,1945,0,0,0,81,81,C
3-PA,1946,0,83,0,0,83,T
3-PA,1947,0,0,87,0,87,G
3-PA,1948,0,87,0,0,87,T
3-PA,1949,88,0,0,0,88,A
3-PA,1950,0,88,0,0,88,T
3-PA,1951,0,0,87,0,87,G
3-PA,1952,0,0,0,86,86,C
3-PA,1953,81,0,0,0,81,A
3-PA,1954,0,80,0,0,80,T
3-PA,1955,0,0,0,81,81,C
3-PA,1956,75,0,0,0,75,A
3-PA,1957,0,0,0,78,78,C
3-PA,1958,0,0,0,78,78,C
3-PA,1959,78,0,0,0,78,A
3-PA,1960,0,0,0,80,80,C
3-PA,1961,79,0,0,0,79,A
3-PA,1962,80,0,0,0,80,A
3-PA,1963,0,79,0,0,79,T
3-PA,1964,0,80,0,0,80,T
3-PA,1965,0,0,80,0,80,G
3-PA,1966,0,0,79,0,79,G
3-PA,1967,79,0,0,0,79,A
3-PA,1968,78,0,0,0,78,A
3-PA,1969,0,0,79,0,79,G
3-PA,1970,0,0,80,0,80,G
3-PA,1971,81,0,0,0,81,A
3-PA,1972,0,80,0,0,80,T
3-PA,1973,0,82,0,0,82,T
3-PA,1974,0,83,0,0,83,T
3-PA,1975,0,82,0,0,82,T
3-PA,1976,0,0,0,83,83,C
3-PA,1977,82,0,0,0,82,A
3-PA,1978,0,0,82,0,82,G
3-PA,1979,0,0,0,82,82,C
3-PA,1980,0,0,82,0,82,G
3-PA,1981,0,0,82,0,82,G
3-PA,1982,83,0,0,0,83,A
3-PA,1983,0,0,85,0,85,G
3-PA,1984,0,83,0,0,83,T
3-PA,1985,1,0,0,83,84,C
3-PA,1986,85,0,0,0,85,A
3-PA,1987,85,0,0,0,85,A
3-PA,1988,0,0,84,0,84,G
3-PA,1989,84,0,0,0,84,A
3-PA,1990,86,0,0,0,86,A
3-PA,1991,85,0,0,0,85,A
3-PA,1992,81,0,0,0,81,A
3-PA,1993,0,0,0,81,81,C
3-PA,1994,0,81,0,0,81,T
3-PA,1995,0,0,80,0,80,G
3-PA,1996,0,0,0,80,80,C
3-PA,1997,0,80,0,0,80,T
3-PA,1998,1,0,0,79,80,C
3-PA,1999,0,0,0,78,78,C
3-PA,2000,0,79,0,0,79,T
3-PA,2001,0,79,0,0,79,T
3-PA,2002,0,0,79,0,79,G
3-PA,2003,0,80,0,0,80,T
3-PA,2004,0,79,0,0,79,T
3-PA,2005,0,0,79,0,79,G
3-PA,2006,0,78,0,0,78,T
3-PA,2007,0,79,0,0,79,T
3-PA,2008,0,0,0,79,79,C
3-PA,2009,76,0,0,0,76,A
3-PA,2010,0,0,75,0,75,G
3-PA,2011,0,0,75,0,75,G
3-PA,2012,0,0,0,78,78,C
3-PA,2013,0,78,0,0,78,T
3-PA,2014,0,0,0,79,79,C
3-PA,2015,0,80,0,0,80,T
3-PA,2016,0,80,0,0,80,T
3-PA,2017,79,0,0,0,79,A
3-PA,2018,0,1,78,0,79,G
3-PA,2019,0,0,78,0,78,G
3-PA,2020,0,0,78,0,78,G
3-PA,2021,75,0,0,0,75,A
3-PA,2022,0,0,0,74,74,C
3-PA,2023,65,0,0,0,65,A
3-PA,2024,64,0,0,0,64,A
3-PA,2025,0,0,0,64,64,C
3-PA,2026,0,0,0,65,65,C
3-PA,2027,0,65,0,0,65,T
3-PA,2028,0,0,0,65,65,C
3-PA,2029,0,0,66,0,66,G
3-PA,2030,65,0,1,0,66,A
3-PA,2031,66,0,0,0,66,A
3-PA,2032,0,0,0,66,66,C
3-PA,2033,0,0,0,64,64,C
3-PA,2034,0,64,0,0,64,T
3-PA,2035,0,0,64,0,64,G
3-PA,2036,0,0,64,0,64,G
3-PA,2037,0,0,64,0,64,G
3-PA,2038,62,0,0,0,62,A
3-PA,2039,0,0,0,66,66,C
3-PA,2040,0,0,0,64,64,C
3-PA,2041,0,65,0,0,65,T
3-PA,2042,0,64,0,0,64,T
3-PA,2043,0,64,0,0,64,T
3-PA,2044,0,0,65,0,65,G
3-PA,2045,65,0,0,0,65,A
3-PA,2046,0,64,0,0,64,T
3-PA,2047,0,0,0,65,65,C
3-PA,2048,0,61,0,0,61,T
3-PA,2049,0,59,0,0,59,T
3-PA,2050,0,0,60,0,60,G
3-PA,2051,0,0,59,0,59,G
3-PA,2052,0,0,60,0,60,G
3-PA,2053,0,0,60,0,60,G
3-PA,2054,0,0,60,0,60,G
3-PA,2055,0,0,59,0,59,G
3-PA,2056,0,0,0,59,59,C
3-PA,2057,0,60,0,0,60,T
3-PA,2058,61,0,0,0,61,A
3-PA,2059,0,61,0,0,61,T
3-PA,2060,61,0,0,0,61,A
3-PA,2061,0,60,0,0,60,T
3-PA,2062,0,0,53,0,53,G
3-PA,2063,54,0,0,0,54,A
3-PA,2064,53,0,0,0,53,A
3-PA,2065,0,0,53,0,53,G
3-PA,2066,0,0,0,54,54,C
3-PA,2067,50,0,0,0,50,A
3-PA,2068,53,0,0,0,53,A
3-PA,2069,0,52,0,0,52,T
3-PA,2070,0,52,0,0,52,T
3-PA,2071,0,0,53,0,53,G
3-PA,2072,53,0,0,0,53,A
3-PA,2073,0,0,53,0,53,G
3-PA,2074,0,0,52,0,52,G
3-PA,2075,50,0,0,0,50,A
3-PA,2076,0,0,49,0,49,G
3-PA,2077,0,42,0,0,42,T
3-PA,2078,0,0,41,0,41,G
3-PA,2079,0,0,0,42,42,C
3-PA,2080,0,0,0,42,42,C
3-PA,2081,0,40,0,0,40,T
3-PA,2082,0,0,40,0,40,G
3-PA,2083,41,0,0,0,41,A
3-PA,2084,0,41,0,0,41,T
3-PA,2085,0,39,0,0,39,T
3-PA,2086,39,0,0,0,39,A
3-PA,2087,39,0,0,0,39,A
3-PA,2088,0,38,0,0,38,T
3-PA,2089,0,1,39,0,40,G
3-PA,2090,39,0,0,0,39,A
3-PA,2091,0,38,0,0,38,T
3-PA,2092,0,0,0,38,38,C
3-PA,2093,0,0,0,38,38,C
3-PA,2094,0,0,0,38,38,C
3-PA,2095,0,38,0,0,38,T
3-PA,2096,0,0,38,0,38,G
3-PA,2097,0,0,38,0,38,G
3-PA,2098,0,0,38,0,38,G
3-PA,2099,0,38,0,0,38,T
3-PA,2100,0,36,0,0,36,T
3-PA,2101,0,36,0,0,36,T
3-PA,2102,0,35,0,0,35,T
3-PA,2103,0,0,35,0,35,G
3-PA,2104,0,0,0,35,35,C
3-PA,2105,0,35,0,0,35,T
3-PA,2106,0,0,0,35,35,C
3-PA,2107,34,0,0,0,34,A
3-PA,2108,34,0,0,0,34,A
3-PA,2109,0,34,0,0,34,T
3-PA,2110,0,0,34,0,34,G
3-PA,2111,0,0,0,34,34,C
3-PA,2112,0,0,33,0,33,G
3-PA,2113,0,33,0,0,33,T
3-PA,2114,0,0,0,33,33,C
3-PA,2115,0,32,0,0,32,T
3-PA,2116,0,32,0,0,32,T
3-PA,2117,0,0,32,0,32,G
3-PA,2118,0,0,32,0,32,G
3-PA,2119,0,31,0,0,31,T
3-PA,2120,0,30,0,0,30,T
3-PA,2121,0,0,0,29,29,C
3-PA,2122,28,0,0,0,28,A
3-PA,2123,28,0,0,0,28,A
3-PA,2124,0,0,0,27,27,C
3-PA,2125,0,27,0,0,27,T
3-PA,2126,0,0,0,27,27,C
3-PA,2127,0,0,0,25,25,C
3-PA,2128,0,25,0,0,25,T
3-PA,2129,0,25,0,0,25,T
3-PA,2130,0,0,0,25,25,C
3-PA,2131,0,0,0,25,25,C
3-PA,2132,0,25,0,0,25,T
3-PA,2133,0,0,25,0,25,G
3-PA,2134,25,0,0,0,25,A
3-PA,2135,0,0,0,25,25,C
3-PA,2136,22,0,0,0,22,A
3-PA,2137,0,0,0,22,22,C
3-PA,2138,21,0,0,0,21,A
3-PA,2139,0,21,0,0,21,T
3-PA,2140,0,0,21,0,21,G
3-PA,2141,0,0,0,21,21,C
3-PA,2142,21,0,0,0,21,A
3-PA,2143,0,21,0,0,21,T
3-PA,2144,0,21,0,0,21,T
3-PA,2145,21,0,0,0,21,A
3-PA,2146,21,0,0,0,21,A
3-PA,2147,21,0,0,0,21,A
3-PA,2148,21,0,0,0,21,A
3-PA,2149,0,21,0,0,21,T
3-PA,2150,21,0,0,0,21,A
3-PA,2151,0,0,21,0,21,G
4-HA,1,144,0,0,0,144,A
4-HA,2,0,145,0,0,145,T
4-HA,3,0,0,148,0,148,G
4-HA,4,149,0,0,0,149,A
4-HA,5,148,0,0,0,148,A
4-HA,6,0,0,163,0,163,G
4-HA,7,164,0,0,0,164,A
4-HA,8,0,0,0,182,182,C
4-HA,9,0,185,0,0,185,T
4-HA,10,190,0,0,0,190,A
4-HA,11,0,198,0,0,198,T
4-HA,12,0,0,0,198,198,C
4-HA,13,199,0,0,0,199,A
4-HA,14,0,199,0,0,199,T
4-HA,15,0,200,0,0,200,T
4-HA,16,0,0,217,0,217,G
4-HA,17,0,0,0,219,219,C
4-HA,18,0,221,0,0,221,T
4-HA,19,0,222,0,0,222,T
4-HA,20,0,224,0,0,224,T
4-HA,21,0,1,240,0,241,G
4-HA,22,240,0,0,0,240,A
4-HA,23,0,0,243,0,243,G
4-HA,24,0,0,0,245,245,C
4-HA,25,0,246,0,0,246,T
4-HA,26,263,0,0,0,263,A
4-HA,27,0,0,0,268,268,C
4-HA,28,281,0,1,0,282,A
4-HA,29,0,314,0,0,314,T
4-HA,30,0,316,0,0,316,T
4-HA,31,0,0,0,319,319,C
4-HA,32,0,319,0,0,319,T
4-HA,33,323,0,0,0,323,A
4-HA,34,0,323,0,0,323,T
4-HA,35,0,0,322,0,322,G
4-HA,36,0,320,0,1,321,T
4-HA,37,1,0,0,321,322,C
4-HA,38,0,322,0,0,322,T
4-HA,39,0,0,322,0,322,G
4-HA,40,0,0,319,0,319,G
4-HA,41,0,321,0,0,321,T
4-HA,42,0,323,0,0,323,T
4-HA,43,0,319,0,0,319,T
4-HA,44,0,322,0,0,322,T
4-HA,45,0,0,0,320,320,C
4-HA,46,0,0,317,0,317,G
4-HA,47,0,0,0,322,322,C
4-HA,48,1,319,0,1,321,T
4-HA,49,0,0,0,327,327,C
4-HA,50,326,0,0,0,326,A
4-HA,51,326,0,0,0,326,A
4-HA,52,324,0,0,0,324,A
4-HA,53,322,0,1,0,323,A
4-HA,54,326,0,0,0,326,A
4-HA,55,0,0,0,328,328,C
4-HA,56,0,327,0,0,327,T
4-HA,57,0,326,0,0,326,T
4-HA,58,0,0,0,327,327,C
4-HA,59,0,1,0,326,327,C
4-HA,60,0,328,0,0,328,T
4-HA,61,0,0,328,0,328,G
4-HA,62,1,0,324,0,325,G
4-HA,63,325,0,0,0,325,A
4-HA,64,335,0,0,0,335,A
4-HA,65,332,0,0,0,332,A
4-HA,66,0,339,1,0,340,T
4-HA,67,0,1,342,0,343,G
4-HA,68,342,0,1,0,343,A
4-HA,69,0,0,0,348,348,C
4-HA,70,346,0,0,0,346,A
4-HA,71,346,0,1,0,347,A
4-HA,72,0,0,0,355,355,C
4-HA,73,354,0,0,0,354,A
4-HA,74,0,0,351,0,351,G
4-HA,75,0,0,0,355,355,C
4-HA,76,352,0,0,0,352,A
4-HA,77,0,0,0,358,358,C
4-HA,78,0,0,357,0,357,G
4-HA,79,0,0,355,0,355,G
4-HA,80,0,0,0,358,358,C
4-HA,81,362,0,0,0,362,A
4-HA,82,361,0,1,0,362,A
4-HA,83,0,0,0,361,361,C
4-HA,84,0,0,361,0,361,G
4-HA,85,0,0,0,364,364,C
4-HA,86,0,359,0,0,359,T
4-HA,87,0,0,363,0,363,G
4-HA,88,0,363,0,0,363,T
4-HA,89,1,0,376,0,377,G
4-HA,90,0,0,0,389,389,C
4-HA,91,0,1,0,397,398,C
4-HA,92,0,400,0,1,401,T
4-HA,93,0,393,0,0,393,T
4-HA,94,0,1,400,0,401,G
4-HA,95,0,1,401,0,402,G
4-HA,96,0,0,405,0,405,G
4-HA,97,0,0,0,407,407,C
4-HA,98,402,0,0,0,402,A
4-HA,99,0,0,0,409,409,C
4-HA,100,0,0,0,404,404,C
4-HA,101,431,0,0,1,432,A
4-HA,102,0,432,0,0,432,T
4-HA,103,0,0,429,0,429,G
4-HA,104,0,0,0,435,435,C
4-HA,105,429,1,0,0,430,A
4-HA,106,0,0,460,0,460,G
4-HA,107,0,455,0,0,455,T
4-HA,108,466,0,0,0,466,A
4-HA,109,0,0,0,469,469,C
4-HA,110,2,0,0,462,464,C
4-HA,111,464,0,0,0,464,A
4-HA,112,460,0,0,0,460,A
4-HA,113,466,0,1,0,467,A
4-HA,114,0,0,0,468,468,C
4-HA,115,0,1,456,0,457,G
4-HA,116,0,0,460,0,460,G
4-HA,117,452,0,0,0,452,A
4-HA,118,456,0,0,0,456,A
4-HA,119,0,0,0,457,457,C
4-HA,120,0,0,459,0,459,G
4-HA,121,0,0,454,0,454,G
4-HA,122,0,471,0,0,471,T
4-HA,123,475,0,2,0,477,A
4-HA,124,0,0,474,0,474,G
4-HA,125,0,469,0,0,469,T
4-HA,126,0,0,474,0,474,G
4-HA,127,472,0,0,0,472,A
4-HA,128,476,0,1,0,477,A
4-HA,129,476,0,0,0,476,A
4-HA,130,469,0,0,0,469,A
4-HA,131,0,0,0,475,475,C
4-HA,132,478,0,0,0,478,A
4-HA,133,477,0,0,0,477,A
4-HA,134,0,478,0,0,478,T
4-HA,135,0,0,0,480,480,C
4-HA,136,475,0,0,1,476,A
4-HA,137,0,0,0,480,480,C
4-HA,138,0,0,480,0,480,G
4-HA,139,478,0,0,0,478,A
4-HA,140,482,0,0,0,482,A
4-HA,141,0,479,0,0,479,T
4-HA,142,0,2,471,0,473,G
4-HA,143,484,0,0,0,484,A
4-HA,144,0,0,0,483,483,C
4-HA,145,0,0,0,484,484,C
4-HA,146,490,0,0,0,490,A
4-HA,147,491,0,0,0,491,A
4-HA,148,490,0,0,0,490,A
4-HA,149,0,488,0,0,488,T
4-HA,150,0,492,0,0,492,T
4-HA,151,0,0,495,0,495,G
4-HA,152,491,0,0,0,491,A
4-HA,153,491,0,1,0,492,A
4-HA,154,0,0,496,0,496,G
4-HA,155,0,491,0,0,491,T
4-HA,156,0,512,0,0,512,T
4-HA,157,513,0,0,0,513,A
4-HA,158,0,0,0,511,511,C
4-HA,159,0,515,0,0,515,T
4-HA,160,514,0,1,0,515,A
4-HA,161,528,0,0,0,528,A
4-HA,162,0,528,0,0,528,T
4-HA,163,0,0,527,0,527,G
4-HA,164,0,0,0,547,547,C
4-HA,165,0,548,0,0,548,T
4-HA,166,548,0,0,0,548,A
4-HA,167,0,0,0,546,546,C
4-HA,168,0,547,0,0,547,T
4-HA,169,0,0,550,0,550,G
4-HA,170,546,0,0,0,546,A
4-HA,171,0,0,547,0,547,G
4-HA,172,0,0,0,548,548,C
4-HA,173,1,534,0,0,535,T
4-HA,174,0,0,557,0,557,G
4-HA,175,1,0,566,0,567,G
4-HA,176,0,566,0,0,566,T
4-HA,177,0,568,0,0,568,T
4-HA,178,0,0,0,570,570,C
4-HA,179,566,0,0,0,566,A
4-HA,180,0,0,569,0,569,G
4-HA,181,568,0,0,0,568,A
4-HA,182,0,0,574,0,574,G
4-HA,183,0,562,0,0,562,T
4-HA,184,0,549,1,0,550,T
4-HA,185,0,0,0,549,549,C
4-HA,186,0,0,0,556,556,C
4-HA,187,0,557,0,0,557,T
4-HA,188,1,0,0,558,559,C
4-HA,189,552,0,0,0,552,A
4-HA,190,559,0,0,0,559,A
4-HA,191,0,0,0,565,565,C
4-HA,192,552,0,0,0,552,A
4-HA,193,0,0,562,0,562,G
4-HA,194,0,0,564,0,564,G
4-HA,195,0,557,1,0,558,T
4-HA,196,0,1,564,0,565,G
4-HA,197,561,0,0,0,561,A
4-HA,198,562,0,1,0,563,A
4-HA,199,577,0,2,0,579,A
4-HA,200,0,576,0,0,576,T
4-HA,201,588,0,0,0,588,A
4-HA,202,0,577,0,0,577,T
4-HA,203,0,0,576,0,576,G
4-HA,204,0,0,0,574,574,C
4-HA,205,0,1,574,0,575,G
4-HA,206,575,0,0,0,575,A
4-HA,207,0,0,0,569,569,C
4-HA,208,559,0,1,0,560,A
4-HA,209,0,0,586,0,586,G
4-HA,210,0,585,0,0,585,T
4-HA,211,0,0,0,589,589,C
4-HA,212,0,0,0,586,586,C
4-HA,213,0,584,0,1,585,T
4-HA,214,0,0,0,601,601,C
4-HA,215,600,0,0,0,600,A
4-HA,216,0,598,0,0,598,T
4-HA,217,0,0,0,602,602,C
4-HA,218,562,0,1,0,563,A
4-HA,219,0,0,567,0,567,G
4-HA,220,559,0,2,0,561,A
4-HA,221,0,562,0,0,562,T
4-HA,222,0,0,0,560,560,C
4-HA,223,0,0,0,561,561,C
4-HA,224,0,559,0,0,559,T
4-HA,225,0,557,0,0,557,T
4-HA,226,0,0,558,0,558,G
4-HA,227,557,0,0,0,557,A
4-HA,228,0,556,0,0,556,T
4-HA,229,0,1,559,0,560,G
4-HA,230,0,0,553,1,554,G
4-HA,231,551,0,0,0,551,A
4-HA,232,556,0,0,0,556,A
4-HA,233,558,0,1,0,559,A
4-HA,234,559,0,0,0,559,A
4-HA,235,560,0,1,0,561,A
4-HA,236,565,0,0,0,565,A
4-HA,237,0,0,0,565,565,C
4-HA,238,0,555,0,0,555,T
4-HA,239,0,0,558,0,558,G
4-HA,240,0,0,0,557,557,C
4-HA,241,559,0,0,0,559,A
4-HA,242,0,1,0,572,573,C
4-HA,243,570,0,1,0,571,A
4-HA,244,0,0,0,667,667,C
4-HA,245,0,664,0,0,664,T
4-HA,246,680,0,0,0,680,A
4-HA,247,677,0,1,0,678,A
4-HA,248,0,676,0,0,676,T
4-HA,249,680,0,0,0,680,A
4-HA,250,0,0,676,0,676,G
4-HA,251,666,0,0,0,666,A
4-HA,252,1,642,0,0,643,T
4-HA,253,0,0,614,0,614,G
4-HA,254,0,0,0,612,612,C
4-HA,255,0,604,0,2,606,T
4-HA,256,2,0,0,653,655,C
4-HA,257,0,656,0,0,656,T
4-HA,258,678,0,0,0,678,A
4-HA,259,0,678,0,0,678,T
4-HA,260,0,675,0,0,675,T
4-HA,261,1,0,696,0,697,G
4-HA,262,0,0,705,0,705,G
4-HA,263,0,0,715,0,715,G
4-HA,264,710,0,0,0,710,A
4-HA,265,0,1,716,0,717,G
4-HA,266,712,0,0,0,712,A
4-HA,267,0,1,1,893,895,C
4-HA,268,0,0,0,937,937,C
4-HA,269,0,1,0,942,943,C
4-HA,270,0,950,0,0,950,T
4-HA,271,0,0,0,989,989,C
4-HA,272,981,0,0,0,981,A
4-HA,273,0,0,1093,0,1093,G
4-HA,274,0,1091,0,1,1092,T
4-HA,275,0,4,1109,0,1113,G
4-HA,276,0,1081,0,1,1082,T
4-HA,277,1,0,1085,0,1086,G
4-HA,278,1086,4,0,1,1091,A
4-HA,279,0,1086,0,1,1087,T
4-HA,280,0,0,1086,0,1086,G
4-HA,281,0,0,1081,0,1081,G
4-HA,282,1,0,0,1080,1081,C
4-HA,283,0,1082,0,0,1082,T
4-HA,284,0,1083,0,0,1083,T
4-HA,285,0,0,0,1083,1083,C
4-HA,286,1,1,0,1084,1086,C
4-HA,287,1097,0,0,0,1097,A
4-HA,288,1099,0,0,0,1099,A
4-HA,289,1099,0,0,0,1099,A
4-HA,290,1106,0,0,0,1106,A
4-HA,291,0,1117,0,0,1117,T
4-HA,292,1111,0,0,0,1111,A
4-HA,293,1114,0,0,0,1114,A
4-HA,294,0,1,1121,0,1122,G
4-HA,295,1131,0,0,0,1131,A
4-HA,296,1140,0,0,0,1140,A
4-HA,297,1132,0,0,0,1132,A
4-HA,298,0,1139,0,1,1140,T
4-HA,299,0,0,1133,0,1133,G
4-HA,300,1,0,1125,0,1126,G
4-HA,301,0,1,1123,0,1124,G
4-HA,302,1117,0,2,0,1119,A
4-HA,303,0,0,0,1128,1128,C
4-HA,304,1,0,0,1128,1129,C
4-HA,305,0,1159,1,0,1160,T
4-HA,306,0,1165,1,0,1166,T
4-HA,307,0,1157,0,4,1161,T
4-HA,308,0,1180,0,1,1181,T
4-HA,309,0,1181,0,1,1182,T
4-HA,310,1,0,1191,0,1192,G
4-HA,311,0,1182,0,2,1184,T
4-HA,312,0,1183,0,0,1183,T
4-HA,313,0,1,1185,0,1186,G
4-HA,314,1182,0,1,0,1183,A
4-HA,315,1185,0,0,0,1185,A
4-HA,316,0,0,0,1185,1185,C
4-HA,317,0,0,1181,0,1181,G
4-HA,318,0,1,0,1220,1221,C
4-HA,319,1222,0,2,0,1224,A
4-HA,320,0,0,1226,0,1226,G
4-HA,321,0,0,0,1228,1228,C
4-HA,322,1231,0,0,0,1231,A
4-HA,323,1224,0,1,0,1225,A
4-HA,324,1229,0,3,0,1232,A
4-HA,325,0,0,1299,0,1299,G
4-HA,326,0,0,0,1304,1304,C
4-HA,327,0,0,0,1296,1296,C
4-HA,328,0,1291,0,1,1292,T
4-HA,329,1295,0,0,0,1295,A
4-HA,330,1,1,0,1313,1315,C
4-HA,331,1313,0,1,0,1314,A
4-HA,332,0,0,1313,0,1313,G
4-HA,333,0,0,0,1306,1306,C
4-HA,334,1271,0,0,0,1271,A
4-HA,335,1282,0,3,0,1285,A
4-HA,336,0,0,0,1338,1338,C
4-HA,337,0,1342,0,0,1342,T
4-HA,338,0,0,1343,0,1343,G
4-HA,339,0,1333,0,2,1335,T
4-HA,340,0,1336,0,1,1337,T
4-HA,341,1337,0,0,0,1337,A
4-HA,342,0,2,0,1488,1490,C
4-HA,343,0,0,0,1494,1494,C
4-HA,344,2,0,0,1538,1540,C
4-HA,345,0,1489,2,2,1493,T
4-HA,346,0,1493,0,2,1495,T
4-HA,347,1503,0,0,0,1503,A
4-HA,348,0,1500,0,1,1501,T
4-HA,349,0,1,1500,0,1501,G
4-HA,350,1492,0,0,0,1492,A
4-HA,351,0,1418,0,0,1418,T
4-HA,352,1,0,1455,0,1456,G
4-HA,353,0,1434,0,0,1434,T
4-HA,354,0,0,1432,0,1432,G
4-HA,355,0,0,0,1431,1431,C
4-HA,356,2,1,0,1431,1434,C
4-HA,357,0,1,1453,0,1454,G
4-HA,358,0,0,1477,0,1477,G
4-HA,359,1475,1,0,0,1476,A
4-HA,360,0,1481,0,0,1481,T
4-HA,361,0,1473,0,0,1473,T
4-HA,362,1475,0,1,0,1476,A
4-HA,363,0,1473,0,0,1473,T
4-HA,364,1,1,1474,0,1476,G
4-HA,365,0,0,0,1481,1481,C
4-HA,366,0,2,1,1473,1476,C
4-HA,367,1,1491,0,2,1494,T
4-HA,368,2,0,0,1571,1573,C
4-HA,369,0,1,0,1591,1592,C
4-HA,370,0,0,0,1593,1593,C
4-HA,371,0,1592,0,1,1593,T
4-HA,372,0,1592,0,1,1593,T
4-HA,373,1596,0,1,0,1597,A
4-HA,374,0,1,1625,0,1626,G
4-HA,375,0,0,1633,0,1633,G
4-HA,376,0,1614,0,0,1614,T
4-HA,377,2,1,0,1575,1578,C
4-HA,378,1558,0,1,0,1559,A
4-HA,379,0,0,0,1607,1607,C
4-HA,380,0,1609,0,1,1610,T
4-HA,381,1612,0,1,0,1613,A
4-HA,382,2,0,1608,0,1610,G
4-HA,383,0,1591,0,1,1592,T
4-HA,384,0,1594,0,1,1595,T
4-HA,385,0,1,1608,0,1609,G
4-HA,386,0,1,0,1610,1611,C
4-HA,387,1,0,0,1600,1601,C
4-HA,388,0,1588,0,2,1590,T
4-HA,389,1,0,0,1602,1603,C
4-HA,390,1657,0,0,0,1657,A
4-HA,391,0,1657,0,1,1658,T
4-HA,392,0,0,0,1668,1668,C
4-HA,393,2,4,0,1662,1668,C
4-HA,394,3,1,1645,0,1649,G
4-HA,395,1,1,1652,0,1654,G
4-HA,396,0,1,0,1665,1666,C
4-HA,397,1676,0,2,0,1678,A
4-HA,398,0,0,0,1698,1698,C
4-HA,399,1667,1,2,0,1670,A
4-HA,400,0,0,0,1679,1679,C
4-HA,401,0,1673,0,3,1676,T
4-HA,402,0,0,1688,0,1688,G
4-HA,403,0,2,1715,0,1717,G
4-HA,404,1691,0,3,0,1694,A
4-HA,405,1,0,1727,0,1728,G
4-HA,406,0,1706,0,0,1706,T
4-HA,407,0,1700,0,0,1700,T
4-HA,408,0,1700,0,2,1702,T
4-HA,409,1698,0,1,0,1699,A
4-HA,410,1695,0,4,0,1699,A
4-HA,411,0,0,0,1702,1702,C
4-HA,412,1679,0,0,0,1679,A
4-HA,413,1679,0,2,0,1681,A
4-HA,414,0,1674,0,0,1674,T
4-HA,415,0,1,1676,0,1677,G
4-HA,416,1670,0,2,0,1672,A
4-HA,417,1677,1,0,0,1678,A
4-HA,418,1676,0,4,0,1680,A
4-HA,419,0,1,1686,0,1687,G
4-HA,420,0,0,0,1685,1685,C
4-HA,421,0,1683,0,2,1685,T
4-HA,422,0,1684,0,0,1684,T
4-HA,423,2,0,0,1710,1712,C
4-HA,424,1710,0,1,0,1711,A
4-HA,425,1714,0,1,0,1715,A
4-HA,426,0,1717,0,0,1717,T
4-HA,427,0,1703,0,2,1705,T
4-HA,428,0,2,1762,0,1764,G
4-HA,429,0,1,1789,0,1790,G
4-HA,430,1788,0,1,0,1789,A
4-HA,431,0,0,0,1800,1800,C
4-HA,432,0,1779,0,3,1782,T
4-HA,433,1,2,1785,0,1788,G
4-HA,434,0,1,1798,0,1799,G
4-HA,435,1790,0,1,2,1793,A
4-HA,436,0,0,1801,0,1801,G
4-HA,437,0,1771,0,1,1772,T
4-HA,438,2,0,0,1755,1757,C
4-HA,439,1769,0,4,0,1773,A
4-HA,440,0,0,0,1787,1787,C
4-HA,441,0,1786,0,0,1786,T
4-HA,442,1,1,0,1788,1790,C
4-HA,443,1771,0,0,0,1771,A
4-HA,444,1787,0,0,3,1790,A
4-HA,445,1786,0,0,0,1786,A
4-HA,446,1793,0,0,0,1793,A
4-HA,447,0,2,0,1800,1802,C
4-HA,448,1,2,1781,0,1784,G
4-HA,449,0,0,1818,0,1818,G
4-HA,450,1811,0,2,0,1813,A
4-HA,451,1823,0,3,0,1826,A
4-HA,452,0,0,0,1823,1823,C
4-HA,453,1809,0,1,0,1810,A
4-HA,454,1837,1,0,0,1838,A
4-HA,455,0,0,1843,0,1843,G
4-HA,456,0,5,0,1838,1843,C
4-HA,457,1,1828,0,4,1833,T
4-HA,458,2,0,0,1842,1844,C
4-HA,459,0,1833,0,0,1833,T
4-HA,460,1,0,1833,0,1834,G
4-HA,461,0,1,0,1835,1836,C
4-HA,462,0,1830,0,2,1832,T
4-HA,463,0,1894,0,0,1894,T
4-HA,464,0,0,1924,0,1924,G
4-HA,465,0,0,0,1939,1939,C
4-HA,466,1943,0,1,0,1944,A
4-HA,467,0,1930,0,0,1930,T
4-HA,468,1929,0,1,0,1930,A
4-HA,469,1914,0,3,1,1918,A
4-HA,470,0,0,1916,0,1916,G
4-HA,471,0,0,1913,0,1913,G
4-HA,472,1850,0,1,0,1851,A
4-HA,473,0,0,1834,0,1834,G
4-HA,474,1805,0,4,0,1809,A
4-HA,475,0,1869,0,0,1869,T
4-HA,476,1,0,0,1869,1870,C
4-HA,477,0,1882,0,0,1882,T
4-HA,478,1881,0,1,0,1882,A
4-HA,479,1878,0,1,0,1879,A
4-HA,480,1867,0,1,0,1868,A
4-HA,481,1866,0,0,0,1866,A
4-HA,482,1871,0,1,0,1872,A
4-HA,483,0,0,0,1882,1882,C
4-HA,484,1825,0,1,0,1826,A
4-HA,485,0,0,1835,0,1835,G
4-HA,486,0,1817,0,2,1819,T
4-HA,487,0,1852,0,1,1853,T
4-HA,488,0,1852,1,0,1853,T
4-HA,489,1,1,0,1909,1911,C
4-HA,490,0,1915,0,2,1917,T
4-HA,491,0,1922,2,0,1924,T
4-HA,492,0,1926,0,1,1927,T
4-HA,493,1914,0,4,0,1918,A
4-HA,494,2,0,1913,0,1915,G
4-HA,495,1,1909,0,3,1913,T
4-HA,496,1924,0,0,0,1924,A
4-HA,497,2,0,1924,0,1926,G
4-HA,498,1897,0,0,0,1897,A
4-HA,499,0,1893,0,1,1894,T
4-HA,500,0,1889,0,1,1890,T
4-HA,501,0,3,1915,0,1918,G
4-HA,502,1910,0,1,0,1911,A
4-HA,503,1913,0,0,0,1913,A
4-HA,504,0,1910,0,0,1910,T
4-HA,505,0,1883,0,1,1884,T
4-HA,506,0,1,1910,0,1911,G
4-HA,507,0,0,1906,0,1906,G
4-HA,508,0,1898,1,1,1900,T
4-HA,509,0,1905,0,0,1905,T
4-HA,510,1,3,1868,0,1872,G
4-HA,511,1871,0,1,0,1872,A
4-HA,512,0,0,0,1861,1861,C
4-HA,513,1,1,0,1869,1871,C
4-HA,514,0,0,0,1894,1894,C
4-HA,515,1894,0,1,0,1895,A
4-HA,516,0,0,0,1912,1912,C
4-HA,517,0,1898,2,0,1900,T
4-HA,518,0,1905,0,0,1905,T
4-HA,519,1912,0,0,0,1912,A
4-HA,520,1900,0,0,0,1900,A
4-HA,521,1894,0,0,2,1896,A
4-HA,522,0,1,0,1859,1860,C
4-HA,523,0,1901,0,0,1901,T
4-HA,524,0,1909,0,1,1910,T
4-HA,525,1,0,0,1929,1930,C
4-HA,526,1940,0,1,0,1941,A
4-HA,527,1935,1,0,0,1936,A
4-HA,528,1934,0,1,0,1935,A
4-HA,529,0,1931,0,0,1931,T
4-HA,530,1955,0,0,0,1955,A
4-HA,531,0,2,0,1959,1961,C
4-HA,532,0,0,0,1933,1933,C
4-HA,533,3,0,0,1936,1939,C
4-HA,534,1924,0,1,0,1925,A
4-HA,535,2,0,1990,0,1992,G
4-HA,536,0,0,1,2004,2005,C
4-HA,537,2006,1,2,0,2009,A
4-HA,538,0,2002,0,1,2003,T
4-HA,539,0,1976,0,1,1977,T
4-HA,540,0,5,2019,0,2024,G
4-HA,541,2023,1,0,0,2024,A
4-HA,542,2030,0,1,0,2031,A
4-HA,543,0,1,0,2031,2032,C
4-HA,544,2,0,1979,0,1981,G
4-HA,545,0,1998,0,0,1998,T
4-HA,546,0,4,2002,0,2006,G
4-HA,547,1998,0,4,0,2002,A
4-HA,548,2,0,0,2011,2013,C
4-HA,549,0,1942,0,1,1943,T
4-HA,550,2007,0,0,0,2007,A
4-HA,551,0,2010,0,0,2010,T
4-HA,552,0,0,2022,0,2022,G
4-HA,553,0,0,0,2017,2017,C
4-HA,554,2,0,0,1993,1995,C
4-HA,555,1989,1,3,0,1993,A
4-HA,556,1987,0,1,0,1988,A
4-HA,557,2024,0,1,1,2026,A
4-HA,558,0,1,0,2042,2043,C
4-HA,559,1987,0,0,0,1987,A
4-HA,560,2000,0,1,0,2001,A
4-HA,561,0,1972,0,2,1974,T
4-HA,562,0,1,1975,0,1976,G
4-HA,563,1976,0,0,0,1976,A
4-HA,564,1966,1,2,0,1969,A
4-HA,565,0,0,0,1937,1937,C
4-HA,566,1955,0,0,0,1955,A
4-HA,567,1964,0,0,0,1964,A
4-HA,568,0,1956,0,0,1956,T
4-HA,569,0,1964,0,0,1964,T
4-HA,570,0,1962,0,0,1962,T
4-HA,571,0,2,1956,0,1958,G
4-HA,572,1956,1,4,0,1961,A
4-HA,573,0,1,0,1971,1972,C
4-HA,574,1966,0,1,0,1967,A
4-HA,575,1967,0,0,0,1967,A
4-HA,576,1996,0,1,0,1997,A
4-HA,577,1,1993,1,0,1995,T
4-HA,578,0,1984,0,0,1984,T
4-HA,579,0,0,1999,0,1999,G
4-HA,580,0,1994,0,1,1995,T
4-HA,581,1996,0,1,0,1997,A
4-HA,582,0,2,0,2028,2030,C
4-HA,583,2031,0,0,0,2031,A
4-HA,584,0,2055,0,1,2056,T
4-HA,585,0,2025,0,0,2025,T
4-HA,586,1,2013,0,0,2014,T
4-HA,587,0,2,2011,0,2013,G
4-HA,588,0,0,2008,0,2008,G
4-HA,589,1,2,1999,0,2002,G
4-HA,590,0,2,2010,0,2012,G
4-HA,591,1,0,1972,0,1973,G
4-HA,592,0,0,2035,0,2035,G
4-HA,593,0,2010,0,1,2011,T
4-HA,594,0,2019,0,1,2020,T
4-HA,595,2,0,0,2017,2019,C
4-HA,596,2012,0,0,0,2012,A
4-HA,597,0,0,0,2026,2026,C
4-HA,598,1,1,0,2023,2025,C
4-HA,599,2018,0,1,0,2019,A
4-HA,600,0,0,0,2050,2050,C
4-HA,601,0,0,0,1997,1997,C
4-HA,602,1,0,0,1997,1998,C
4-HA,603,0,4,1999,0,2003,G
4-HA,604,0,0,2043,0,2043,G
4-HA,605,1,0,2044,0,2045,G
4-HA,606,0,2024,0,1,2025,T
4-HA,607,2036,0,0,0,2036,A
4-HA,608,0,1,0,2021,2022,C
4-HA,609,1,0,1999,0,2000,G
4-HA,610,0,5,2028,0,2033,G
4-HA,611,2041,0,0,0,2041,A
4-HA,612,1,1,0,2034,2036,C
4-HA,613,1969,0,0,0,1969,A
4-HA,614,1965,0,0,0,1965,A
4-HA,615,1962,0,0,1,1963,A
4-HA,616,1,2,1996,0,1999,G
4-HA,617,1980,1,4,0,1985,A
4-HA,618,0,1,0,1992,1993,C
4-HA,619,1,1,0,1961,1963,C
4-HA,620,1971,0,2,0,1973,A
4-HA,621,1973,0,0,0,1973,A
4-HA,622,1999,0,1,0,2000,A
4-HA,623,0,1991,0,0,1991,T
4-HA,624,0,0,0,2012,2012,C
4-HA,625,0,1916,0,1,1917,T
4-HA,626,0,1908,0,1,1909,T
4-HA,627,0,0,0,1936,1936,C
4-HA,628,0,1,0,1953,1954,C
4-HA,629,0,1936,0,1,1937,T
4-HA,630,0,1,1947,0,1948,G
4-HA,631,1,1918,0,2,1921,T
4-HA,632,1956,0,0,0,1956,A
4-HA,633,0,1935,0,2,1937,T
4-HA,634,8,0,1942,0,1950,G
4-HA,635,0,1,0,1943,1944,C
4-HA,636,0,1934,0,4,1938,T
4-HA,637,2,0,0,1936,1938,C
4-HA,638,1945,0,0,0,1945,A
4-HA,639,1934,0,3,0,1937,A
4-HA,640,0,0,1936,0,1936,G
4-HA,641,0,0,0,1937,1937,C
4-HA,642,1938,0,1,0,1939,A
4-HA,643,0,1922,0,0,1922,T
4-HA,644,1,0,0,1913,1914,C
4-HA,645,1912,0,3,0,1915,A
4-HA,646,0,2,1926,0,1928,G
4-HA,647,0,0,1927,0,1927,G
4-HA,648,1941,0,1,0,1942,A
4-HA,649,1929,0,2,0,1931,A
4-HA,650,0,1,1961,0,1962,G
4-HA,651,1963,0,3,0,1966,A
4-HA,652,1994,0,0,0,1994,A
4-HA,653,0,2008,0,3,2011,T
4-HA,654,2,1,1,2011,2015,C
4-HA,655,2001,0,3,0,2004,A
4-HA,656,1,0,0,2013,2014,C
4-HA,657,2000,0,1,0,2001,A
4-HA,658,2,0,2053,0,2055,G
4-HA,659,0,2014,0,1,2015,T
4-HA,660,4,0,0,2020,2024,C
4-HA,661,0,1996,0,0,1996,T
4-HA,662,1,0,0,2040,2041,C
4-HA,663,0,2055,0,2,2057,T
4-HA,664,2073,0,0,0,2073,A
4-HA,665,0,1,0,2069,2070,C
4-HA,666,2,1,0,2072,2075,C
4-HA,667,2033,0,0,0,2033,A
4-HA,668,2031,0,0,0,2031,A
4-HA,669,2015,0,0,0,2015,A
4-HA,670,2014,0,1,0,2015,A
4-HA,671,0,0,2023,0,2023,G
4-HA,672,1986,1,2,0,1989,A
4-HA,673,1978,0,4,0,1982,A
4-HA,674,1,0,1979,0,1980,G
4-HA,675,1,0,0,1979,1980,C
4-HA,676,1,1,0,1991,1993,C
4-HA,677,2000,0,1,0,2001,A
4-HA,678,2001,8,2,0,2011,A
4-HA,679,0,1,0,2013,2014,C
4-HA,680,2016,0,0,0,2016,A
4-HA,681,2012,0,0,7,2019,A
4-HA,682,2009,0,6,0,2015,A
4-HA,683,1,0,0,2073,2074,C
4-HA,684,0,2056,0,1,2057,T
4-HA,685,2,0,2062,0,2064,G
4-HA,686,0,2056,0,0,2056,T
4-HA,687,2063,0,0,0,2063,A
4-HA,688,2061,0,1,0,2062,A
4-HA,689,0,2038,0,0,2038,T
4-HA,690,0,1,0,2059,2060,C
4-HA,691,1,0,0,2058,2059,C
4-HA,692,0,0,0,2027,2027,C
4-HA,693,0,1,2033,0,2034,G
4-HA,694,2033,0,1,0,2034,A
4-HA,695,2035,0,2,0,2037,A
4-HA,696,0,2037,0,0,2037,T
4-HA,697,2039,0,0,0,2039,A
4-HA,698,0,2026,0,0,2026,T
4-HA,699,1,0,0,2021,2022,C
4-HA,700,0,0,2017,0,2017,G
4-HA,701,1,0,2071,0,2072,G
4-HA,702,2075,0,1,0,2076,A
4-HA,703,0,2103,0,1,2104,T
4-HA,704,3,0,0,2102,2105,C
4-HA,705,0,2102,0,1,2103,T
4-HA,706,2103,0,1,0,2104,A
4-HA,707,0,4,2111,0,2115,G
4-HA,708,2106,0,2,0,2108,A
4-HA,709,0,3,0,2112,2115,C
4-HA,710,0,1,0,2044,2045,C
4-HA,711,4,1,0,2043,2048,C
4-HA,712,2033,0,2,0,2035,A
4-HA,713,0,1,2178,0,2179,G
4-HA,714,2170,1,3,0,2174,A
4-HA,715,2,1,2200,0,2203,G
4-HA,716,0,2180,0,0,2180,T
4-HA,717,2176,0,1,0,2177,A
4-HA,718,2172,0,4,2,2178,A
4-HA,719,0,0,2212,0,2212,G
4-HA,720,1,2,2212,0,2215,G
4-HA,721,2188,1,1,0,2190,A
4-HA,722,1999,2,0,0,2001,A
4-HA,723,0,1992,0,0,1992,T
4-HA,724,1989,0,1,0,1990,A
4-HA,725,0,1980,0,0,1980,T
4-HA,726,0,0,0,2010,2010,C
4-HA,727,0,1,0,2009,2010,C
4-HA,728,1,1,0,1958,1960,C
4-HA,729,0,1942,0,0,1942,T
4-HA,730,1944,0,0,0,1944,A
4-HA,731,0,0,1946,0,1946,G
4-HA,732,0,0,0,1951,1951,C
4-HA,733,1899,0,0,0,1899,A
4-HA,734,0,0,1970,0,1970,G
4-HA,735,1946,0,1,0,1947,A
4-HA,736,1950,1,0,0,1951,A
4-HA,737,0,1949,0,0,1949,T
4-HA,738,1942,0,6,0,1948,A
4-HA,739,1956,0,3,0,1959,A
4-HA,740,0,0,1956,1,1957,G
4-HA,741,0,0,1,1959,1960,C
4-HA,742,1965,0,1,0,1966,A
4-HA,743,0,1909,0,2,1911,T
4-HA,744,0,0,0,2016,2016,C
4-HA,745,0,2010,0,0,2010,T
4-HA,746,2021,1,0,0,2022,A
4-HA,747,0,2014,0,2,2016,T
4-HA,748,1,2002,0,0,2003,T
4-HA,749,0,2,2016,0,2018,G
4-HA,750,1,2,2006,0,2009,G
4-HA,751,2008,0,3,0,2011,A
4-HA,752,1,1,0,2011,2013,C
4-HA,753,1908,0,0,0,1908,A
4-HA,754,1942,0,2,0,1944,A
4-HA,755,0,2047,0,0,2047,T
4-HA,756,2078,0,1,0,2079,A
4-HA,757,0,0,2100,0,2100,G
4-HA,758,0,2077,0,0,2077,T
4-HA,759,2087,0,0,0,2087,A
4-HA,760,2103,0,0,0,2103,A
4-HA,761,2142,0,1,0,2143,A
4-HA,762,2162,0,2,0,2164,A
4-HA,763,0,1,0,2191,2192,C
4-HA,764,0,4,0,2080,2084,C
4-HA,765,2,1,2081,0,2084,G
4-HA,766,1,0,2099,0,2100,G
4-HA,767,0,1,2114,0,2115,G
4-HA,768,2114,1,0,0,2115,A
4-HA,769,0,0,2138,0,2138,G
4-HA,770,2189,1,2,0,2192,A
4-HA,771,0,0,0,2195,2195,C
4-HA,772,2195,0,2,4,2201,A
4-HA,773,0,2204,0,2,2206,T
4-HA,774,2203,0,1,0,2204,A
4-HA,775,0,0,0,2286,2286,C
4-HA,776,0,2277,0,4,2281,T
4-HA,777,0,2296,0,0,2296,T
4-HA,778,1,2322,0,0,2323,T
4-HA,779,0,2309,0,0,2309,T
4-HA,780,0,5,2345,0,2350,G
4-HA,781,2358,0,1,0,2359,A
4-HA,782,0,2354,0,1,2355,T
4-HA,783,2,2446,0,1,2449,T
4-HA,784,2426,1,0,0,2427,A
4-HA,785,2444,0,1,0,2445,A
4-HA,786,0,0,0,2485,2485,C
4-HA,787,2486,0,1,0,2487,A
4-HA,788,0,0,2623,0,2623,G
4-HA,789,0,1,0,2612,2613,C
4-HA,790,2605,0,3,0,2608,A
4-HA,791,0,1,0,2634,2635,C
4-HA,792,2611,1,1,0,2613,A
4-HA,793,0,3,2662,0,2665,G
4-HA,794,1,1,2657,0,2659,G
4-HA,795,1,1,2765,0,2767,G
4-HA,796,2760,0,0,1,2761,A
4-HA,797,2800,0,4,1,2805,A
4-HA,798,0,2800,0,2,2802,T
4-HA,799,0,0,0,2813,2813,C
4-HA,800,1,2836,0,1,2838,T
4-HA,801,2842,2,1,0,2845,A
4-HA,802,2838,1,0,0,2839,A
4-HA,803,0,2838,0,0,2838,T
4-HA,804,1,2778,0,1,2780,T
4-HA,805,0,1,2823,1,2825,G
4-HA,806,1,4,0,2918,2923,C
4-HA,807,0,3043,0,3,3046,T
4-HA,808,5,0,0,3143,3148,C
4-HA,809,1,0,0,3153,3154,C
4-HA,810,0,3162,0,3,3165,T
4-HA,811,3168,1,1,0,3170,A
4-HA,812,2,2,3181,0,3185,G
4-HA,813,2,9,3203,0,3214,G
4-HA,814,0,0,3210,0,3210,G
4-HA,815,0,2,3175,0,3177,G
4-HA,816,0,3100,0,0,3100,T
4-HA,817,0,3090,0,0,3090,T
4-HA,818,3101,0,0,0,3101,A
4-HA,819,2,1,0,3161,3164,C
4-HA,820,0,3152,0,2,3154,T
4-HA,821,0,3172,0,2,3174,T
4-HA,822,3,0,0,3162,3165,C
4-HA,823,3149,0,7,0,3156,A
4-HA,824,3162,0,1,0,3163,A
4-HA,825,3161,0,2,0,3163,A
4-HA,826,3190,2,2,0,3194,A
4-HA,827,0,3192,0,1,3193,T
4-HA,828,3166,0,1,0,3167,A
4-HA,829,0,1,0,3168,3169,C
4-HA,830,0,1,3172,0,3173,G
4-HA,831,3178,1,0,0,3179,A
4-HA,832,3179,0,2,0,3181,A
4-HA,833,2,2,3222,0,3226,G
4-HA,834,0,3202,0,1,3203,T
4-HA,835,0,4,3256,0,3260,G
4-HA,836,2,1,3257,0,3260,G
4-HA,837,1,1,3275,0,3277,G
4-HA,838,3276,0,2,0,3278,A
4-HA,839,3272,0,7,0,3279,A
4-HA,840,3286,1,2,0,3289,A
4-HA,841,3269,0,6,0,3275,A
4-HA,842,0,0,3321,0,3321,G
4-HA,843,0,2,0,3337,3339,C
4-HA,844,2,3304,1,1,3308,T
4-HA,845,5,1,0,3351,3357,C
4-HA,846,3362,0,3,0,3365,A
4-HA,847,3402,0,0,0,3402,A
4-HA,848,0,3401,0,1,3402,T
4-HA,849,3446,0,0,0,3446,A
4-HA,850,3437,0,0,0,3437,A
4-HA,851,0,3385,0,0,3385,T
4-HA,852,1,3,3396,0,3400,G
4-HA,853,3373,0,5,1,3379,A
4-HA,854,5,1,3500,0,3506,G
4-HA,855,3492,0,4,0,3496,A
4-HA,856,0,3473,0,4,3477,T
4-HA,857,2,0,0,3582,3584,C
4-HA,858,3549,0,1,0,3550,A
4-HA,859,0,0,3620,0,3620,G
4-HA,860,3621,1,5,0,3627,A
4-HA,861,0,3615,0,4,3619,T
4-HA,862,0,0,3617,0,3617,G
4-HA,863,0,2,0,3560,3562,C
4-HA,864,3559,1,3,0,3563,A
4-HA,865,0,1,0,3656,3657,C
4-HA,866,2,3,0,3611,3616,C
4-HA,867,5,1,0,3625,3631,C
4-HA,868,3586,0,2,0,3588,A
4-HA,869,0,3567,0,0,3567,T
4-HA,870,0,3570,0,4,3574,T
4-HA,871,1,3,3633,0,3637,G
4-HA,872,3,0,3616,0,3619,G
4-HA,873,1,2,0,3630,3633,C
4-HA,874,3580,0,0,1,3581,A
4-HA,875,3564,0,2,0,3566,A
4-HA,876,3623,0,1,1,3625,A
4-HA,877,0,3633,0,0,3633,T
4-HA,878,2,0,3635,1,3638,G
4-HA,879,0,2,0,3636,3638,C
4-HA,880,3600,0,2,0,3602,A
4-HA,881,3709,0,1,0,3710,A
4-HA,882,0,3704,0,2,3706,T
4-HA,883,0,3722,0,1,3723,T
4-HA,884,1,0,0,3745,3746,C
4-HA,885,1,3682,0,5,3688,T
4-HA,886,0,0,3731,0,3731,G
4-HA,887,3725,0,1,0,3726,A
4-HA,888,3735,0,2,0,3737,A
4-HA,889,0,3740,0,0,3740,T
4-HA,890,4,2,3685,0,3691,G
4-HA,891,1,1,0,3706,3708,C
4-HA,892,3691,2,0,0,3693,A
4-HA,893,0,3697,0,5,3702,T
4-HA,894,2,1,1,3691,3695,C
4-HA,895,3681,0,1,0,3682,A
4-HA,896,0,0,0,3864,3864,C
4-HA,897,0,3837,0,4,3841,T
4-HA,898,2,1,0,3864,3867,C
4-HA,899,3,1,0,3845,3849,C
4-HA,900,3874,0,0,1,3875,A
4-HA,901,3864,0,1,0,3865,A
4-HA,902,3864,0,2,0,3866,A
4-HA,903,1,3721,0,9,3731,T
4-HA,904,4,3,3750,0,3757,G
4-HA,905,1,3,3760,0,3764,G
4-HA,906,3759,1,1,0,3761,A
4-HA,907,3734,0,10,0,3744,A
4-HA,908,0,0,3764,0,3764,G
4-HA,909,1,1,0,3721,3723,C
4-HA,910,3704,0,1,0,3705,A
4-HA,911,0,3717,0,3,3720,T
4-HA,912,1,3713,0,1,3715,T
4-HA,913,1,0,0,3847,3848,C
4-HA,914,2,3,0,3837,3842,C
4-HA,915,3,2,0,3854,3859,C
4-HA,916,3844,0,1,0,3845,A
4-HA,917,3910,0,2,1,3913,A
4-HA,918,0,3993,0,2,3995,T
4-HA,919,0,4,4003,0,4007,G
4-HA,920,3981,0,4,4,3989,A
4-HA,921,0,1,0,3986,3987,C
4-HA,922,3850,0,5,5,3860,A
4-HA,923,3874,0,0,0,3874,A
4-HA,924,3862,0,2,0,3864,A
4-HA,925,0,0,0,3887,3887,C
4-HA,926,6,0,0,3837,3843,C
4-HA,927,3769,0,1,0,3770,A
4-HA,928,0,3766,0,4,3770,T
4-HA,929,0,3750,0,0,3750,T
4-HA,930,4,0,0,3777,3781,C
4-HA,931,3,0,0,3774,3777,C
4-HA,932,3784,1,0,0,3785,A
4-HA,933,3780,0,0,1,3781,A
4-HA,934,3762,0,0,0,3762,A
4-HA,935,3829,0,2,0,3831,A
4-HA,936,0,3813,0,0,3813,T
4-HA,937,1,0,3831,0,3832,G
4-HA,938,0,3823,1,0,3824,T
4-HA,939,3851,0,4,0,3855,A
4-HA,940,3846,0,3,1,3850,A
4-HA,941,3851,0,1,1,3853,A
4-HA,942,0,0,0,3858,3858,C
4-HA,943,3820,0,1,0,3821,A
4-HA,944,0,4,3880,0,3884,G
4-HA,945,2,4,3887,0,3893,G
4-HA,946,3980,0,4,0,3984,A
4-HA,947,1,3962,0,1,3964,T
4-HA,948,3,4,0,4011,4018,C
4-HA,949,4028,0,2,1,4031,A
4-HA,950,1,1,0,4209,4211,C
4-HA,951,4203,0,1,0,4204,A
4-HA,952,0,4360,0,1,4361,T
4-HA,953,4275,0,0,0,4275,A
4-HA,954,0,2,0,4235,4237,C
4-HA,955,1,1,4124,0,4126,G
4-HA,956,0,3,4113,0,4116,G
4-HA,957,0,1,4057,0,4058,G
4-HA,958,2,0,4057,0,4059,G
4-HA,959,2,1,0,3999,4002,C
4-HA,960,1,0,0,4026,4027,C
4-HA,961,0,3940,0,3,3943,T
4-HA,962,0,0,4337,0,4337,G
4-HA,963,0,4317,0,5,4322,T
4-HA,964,2,1,0,4368,4371,C
4-HA,965,6,3,0,4354,4363,C
4-HA,966,1,2,0,4376,4379,C
4-HA,967,4379,1,2,0,4382,A
4-HA,968,0,1,4441,0,4442,G
4-HA,969,4423,0,0,0,4423,A
4-HA,970,1,4411,0,1,4413,T
4-HA,971,4109,1,1,0,4111,A
4-HA,972,1,4047,0,1,4049,T
4-HA,973,2,1,4074,0,4077,G
4-HA,974,1,4062,0,0,4063,T
4-HA,975,0,4025,0,0,4025,T
4-HA,976,4056,1,1,0,4058,A
4-HA,977,4015,0,2,0,4017,A
4-HA,978,2,10,4028,0,4040,G
4-HA,979,0,0,0,4041,4041,C
4-HA,980,3997,0,1,0,3998,A
4-HA,981,3998,0,0,0,3998,A
4-HA,982,3959,0,0,0,3959,A
4-HA,983,3954,0,7,1,3962,A
4-HA,984,0,1,0,3973,3974,C
4-HA,985,3940,0,0,0,3940,A
4-HA,986,0,2,0,3991,3993,C
4-HA,987,1,3934,0,3,3938,T
4-HA,988,2,1,0,3969,3972,C
4-HA,989,0,3975,0,2,3977,T
4-HA,990,3,2,4016,0,4021,G
4-HA,991,4004,0,0,0,4004,A
4-HA,992,4003,0,3,0,4006,A
4-HA,993,4002,0,3,0,4005,A
4-HA,994,0,3961,0,1,3962,T
4-HA,995,1,3920,0,1,3922,T
4-HA,996,0,1,3971,0,3972,G
4-HA,997,1,0,3950,0,3951,G
4-HA,998,0,0,0,3983,3983,C
4-HA,999,3954,0,0,1,3955,A
4-HA,1000,3941,1,0,0,3942,A
4-HA,1001,0,1,0,3966,3967,C
4-HA,1002,3947,0,3,0,3950,A
4-HA,1003,0,6,3989,0,3995,G
4-HA,1004,0,3,3982,0,3985,G
4-HA,1005,0,2,3962,0,3964,G
4-HA,1006,3929,0,5,1,3935,A
4-HA,1007,0,3915,0,0,3915,T
4-HA,1008,1,0,3945,0,3946,G
4-HA,1009,0,0,0,3948,3948,C
4-HA,1010,0,2,3981,0,3983,G
4-HA,1011,4007,0,1,0,4008,A
4-HA,1012,3948,0,4,0,3952,A
4-HA,1013,4009,1,2,0,4012,A
4-HA,1014,0,3965,1,1,3967,T
4-HA,1015,2,0,4023,0,4025,G
4-HA,1016,0,4014,0,3,4017,T
4-HA,1017,4000,0,3,0,4003,A
4-HA,1018,0,2,0,4011,4013,C
4-HA,1019,0,1,0,4006,4007,C
4-HA,1020,3956,0,3,0,3959,A
4-HA,1021,0,3,3961,0,3964,G
4-HA,1022,3928,0,3,0,3931,A
4-HA,1023,0,0,3977,0,3977,G
4-HA,1024,3941,1,0,1,3943,A
4-HA,1025,3933,0,2,0,3935,A
4-HA,1026,3923,1,6,0,3930,A
4-HA,1027,7,2,0,3928,3937,C
4-HA,1028,3932,0,2,0,3934,A
4-HA,1029,3990,2,2,0,3994,A
4-HA,1030,3951,0,2,1,3954,A
4-HA,1031,0,0,0,4010,4010,C
4-HA,1032,0,3971,0,0,3971,T
4-HA,1033,3950,0,1,0,3951,A
4-HA,1034,0,0,3948,0,3948,G
4-HA,1035,3916,0,5,1,3922,A
4-HA,1036,2,2,4019,0,4023,G
4-HA,1037,3,2,3994,0,3999,G
4-HA,1038,2,3,0,3923,3928,C
4-HA,1039,3944,0,1,0,3945,A
4-HA,1040,0,3952,0,1,3953,T
4-HA,1041,3984,0,1,0,3985,A
4-HA,1042,2,3972,1,2,3977,T
4-HA,1043,1,3960,0,0,3961,T
4-HA,1044,0,3967,0,1,3968,T
4-HA,1045,2,3,3875,0,3880,G
4-HA,1046,1,0,3877,0,3878,G
4-HA,1047,1,0,0,3863,3864,C
4-HA,1048,2,0,3882,1,3885,G
4-HA,1049,0,1,0,3856,3857,C
4-HA,1050,3836,0,0,0,3836,A
4-HA,1051,3873,0,1,0,3874,A
4-HA,1052,0,3853,1,1,3855,T
4-HA,1053,0,0,0,3886,3886,C
4-HA,1054,5,1,3876,0,3882,G
4-HA,1055,0,1,0,3864,3865,C
4-HA,1056,3,6,3882,0,3891,G
4-HA,1057,4,0,3902,0,3906,G
4-HA,1058,0,0,3930,0,3930,G
4-HA,1059,0,3892,0,3,3895,T
4-HA,1060,0,3880,0,1,3881,T
4-HA,1061,0,3888,0,3,3891,T
4-HA,1062,4,2,1,3892,3899,C
4-HA,1063,3913,0,2,0,3915,A
4-HA,1064,0,3922,0,3,3925,T
4-HA,1065,3910,2,2,0,3914,A
4-HA,1066,0,0,3946,0,3946,G
4-HA,1067,3858,1,1,0,3860,A
4-HA,1068,3869,0,0,0,3869,A
4-HA,1069,3860,0,3,0,3863,A
4-HA,1070,3874,1,5,0,3880,A
4-HA,1071,0,3871,0,0,3871,T
4-HA,1072,0,0,3906,0,3906,G
4-HA,1073,5,1,3926,0,3932,G
4-HA,1074,1,3891,1,1,3894,T
4-HA,1075,1,3861,0,2,3864,T
4-HA,1076,1,4,3868,0,3873,G
4-HA,1077,2,1,3874,0,3877,G
4-HA,1078,1,1,3896,0,3898,G
4-HA,1079,3858,0,5,0,3863,A
4-HA,1080,1,3,3897,0,3901,G
4-HA,1081,0,0,3873,0,3873,G
4-HA,1082,0,4,3922,0,3926,G
4-HA,1083,3900,0,3,1,3904,A
4-HA,1084,3943,0,4,0,3947,A
4-HA,1085,0,3956,0,0,3956,T
4-HA,1086,1,3,3951,0,3955,G
4-HA,1087,4,0,4014,0,4018,G
4-HA,1088,0,3933,0,2,3935,T
4-HA,1089,1,4,3973,0,3978,G
4-HA,1090,0,1,3960,0,3961,G
4-HA,1091,3836,3,11,0,3850,A
4-HA,1092,0,3887,0,2,3889,T
4-HA,1093,2,3,3947,0,3952,G
4-HA,1094,1,0,4019,0,4020,G
4-HA,1095,0,3947,0,0,3947,T
4-HA,1096,1,3874,0,4,3879,T
4-HA,1097,0,0,3881,0,3881,G
4-HA,1098,1,0,3941,0,3942,G
4-HA,1099,2,3880,0,2,3884,T
4-HA,1100,3918,0,2,0,3920,A
4-HA,1101,0,4,1,3736,3741,C
4-HA,1102,1,2,3767,0,3770,G
4-HA,1103,0,0,3877,0,3877,G
4-HA,1104,0,3867,0,2,3869,T
4-HA,1105,0,3860,0,0,3860,T
4-HA,1106,0,3850,0,4,3854,T
4-HA,1107,2,0,0,3810,3812,C
4-HA,1108,3786,0,7,1,3794,A
4-HA,1109,2,1,3780,0,3783,G
4-HA,1110,0,1,3786,0,3787,G
4-HA,1111,1,1,0,3778,3780,C
4-HA,1112,3657,0,1,0,3658,A
4-HA,1113,1,3680,0,4,3685,T
4-HA,1114,1,0,0,3703,3704,C
4-HA,1115,3705,0,0,0,3705,A
4-HA,1116,3700,0,0,0,3700,A
4-HA,1117,3703,0,0,0,3703,A
4-HA,1118,3718,0,0,0,3718,A
4-HA,1119,0,3723,0,0,3723,T
4-HA,1120,0,3715,0,0,3715,T
4-HA,1121,2,3,0,3713,3718,C
4-HA,1122,0,3697,0,0,3697,T
4-HA,1123,1,2,3691,1,3695,G
4-HA,1124,3658,1,4,0,3663,A
4-HA,1125,0,3,3696,0,3699,G
4-HA,1126,1,2,3696,0,3699,G
4-HA,1127,0,1,3742,0,3743,G
4-HA,1128,3724,0,1,0,3725,A
4-HA,1129,3718,0,2,1,3721,A
4-HA,1130,1,3,3717,1,3722,G
4-HA,1131,3765,0,4,0,3769,A
4-HA,1132,1,1,3786,0,3788,G
4-HA,1133,0,0,3786,0,3786,G
4-HA,1134,3771,0,5,0,3776,A
4-HA,1135,1,3,0,3776,3780,C
4-HA,1136,3765,0,4,0,3769,A
4-HA,1137,3760,0,3,0,3763,A
4-HA,1138,2,0,3757,0,3759,G
4-HA,1139,0,0,0,3758,3758,C
4-HA,1140,3718,0,4,0,3722,A
4-HA,1141,2,0,3719,0,3721,G
4-HA,1142,0,0,0,3698,3698,C
4-HA,1143,3698,0,0,1,3699,A
4-HA,1144,1,1,3751,0,3753,G
4-HA,1145,3703,0,3,0,3706,A
4-HA,1146,1,3817,0,2,3820,T
4-HA,1147,1,0,0,3857,3858,C
4-HA,1148,0,3812,0,8,3820,T
4-HA,1149,6,0,0,3866,3872,C
4-HA,1150,3871,0,1,0,3872,A
4-HA,1151,3872,0,0,0,3872,A
4-HA,1152,3868,1,0,0,3869,A
4-HA,1153,3788,0,5,0,3793,A
4-HA,1154,0,0,3784,0,3784,G
4-HA,1155,0,0,0,3710,3710,C
4-HA,1156,3680,0,2,0,3682,A
4-HA,1157,0,0,0,3746,3746,C
4-HA,1158,1,3700,0,6,3707,T
4-HA,1159,4,0,0,3739,3743,C
4-HA,1160,3738,0,1,0,3739,A
4-HA,1161,3800,1,2,0,3803,A
4-HA,1162,0,0,3808,0,3808,G
4-HA,1163,0,1,0,3801,3802,C
4-HA,1164,3759,0,4,0,3763,A
4-HA,1165,2,1,3753,0,3756,G
4-HA,1166,0,3,0,3707,3710,C
4-HA,1167,3717,0,0,0,3717,A
4-HA,1168,3693,0,1,1,3695,A
4-HA,1169,0,3653,0,0,3653,T
4-HA,1170,1,1,0,3603,3605,C
4-HA,1171,2,2,3619,0,3623,G
4-HA,1172,3601,0,0,0,3601,A
4-HA,1173,1,3586,0,0,3587,T
4-HA,1174,5,1,0,3591,3597,C
4-HA,1175,3596,0,1,0,3597,A
4-HA,1176,3666,0,0,0,3666,A
4-HA,1177,3669,0,3,0,3672,A
4-HA,1178,0,3640,0,0,3640,T
4-HA,1179,3,0,0,3678,3681,C
4-HA,1180,3639,0,1,0,3640,A
4-HA,1181,3659,1,1,0,3661,A
4-HA,1182,1,3669,0,1,3671,T
4-HA,1183,1,4,3673,0,3678,G
4-HA,1184,0,1,3659,0,3660,G
4-HA,1185,1,0,3617,0,3618,G
4-HA,1186,3614,0,4,0,3618,A
4-HA,1187,3617,0,4,0,3621,A
4-HA,1188,3,0,3686,0,3689,G
4-HA,1189,10,0,0,3683,3693,C
4-HA,1190,0,3654,0,4,3658,T
4-HA,1191,1,3,3825,0,3829,G
4-HA,1192,3822,1,1,0,3824,A
4-HA,1193,3826,0,10,1,3837,A
4-HA,1194,2,3819,0,3,3824,T
4-HA,1195,3726,0,1,0,3727,A
4-HA,1196,0,1,3724,0,3725,G
4-HA,1197,3476,0,3,0,3479,A
4-HA,1198,0,3480,0,2,3482,T
4-HA,1199,0,3507,0,0,3507,T
4-HA,1200,1,3,3509,0,3513,G
4-HA,1201,3489,0,1,0,3490,A
4-HA,1202,0,3473,0,1,3474,T
4-HA,1203,4,1,1,3485,3491,C
4-HA,1204,1,1,3493,0,3495,G
4-HA,1205,1,0,3475,0,3476,G
4-HA,1206,0,1,3493,0,3494,G
4-HA,1207,3487,0,1,1,3489,A
4-HA,1208,3494,0,0,0,3494,A
4-HA,1209,3478,0,3,1,3482,A
4-HA,1210,3446,0,1,1,3448,A
4-HA,1211,0,2,0,3459,3461,C
4-HA,1212,3,1,0,3472,3476,C
4-HA,1213,3452,0,3,1,3456,A
4-HA,1214,3439,0,4,0,3443,A
4-HA,1215,1,8,1,3439,3449,C
4-HA,1216,0,2,3475,0,3477,G
4-HA,1217,3477,0,1,0,3478,A
4-HA,1218,1,1,3476,0,3478,G
4-HA,1219,3467,0,2,3,3472,A
4-HA,1220,3461,0,3,0,3464,A
4-HA,1221,3462,0,1,0,3463,A
4-HA,1222,0,3452,1,1,3454,T
4-HA,1223,2,3424,0,2,3428,T
4-HA,1224,1,0,0,3467,3468,C
4-HA,1225,1,0,0,3466,3467,C
4-HA,1226,3465,0,1,0,3466,A
4-HA,1227,0,3438,0,2,3440,T
4-HA,1228,4,0,0,3459,3463,C
4-HA,1229,3435,0,1,0,3436,A
4-HA,1230,2,1,3453,0,3456,G
4-HA,1231,3425,0,4,1,3430,A
4-HA,1232,0,3426,0,0,3426,T
4-HA,1233,0,3408,0,2,3410,T
4-HA,1234,0,2,3415,0,3417,G
4-HA,1235,3433,0,1,0,3434,A
4-HA,1236,3437,0,2,0,3439,A
4-HA,1237,3439,0,3,0,3442,A
4-HA,1238,3426,0,1,3,3430,A
4-HA,1239,3392,0,3,0,3395,A
4-HA,1240,0,3,3388,0,3391,G
4-HA,1241,3377,0,1,1,3379,A
4-HA,1242,3376,0,2,1,3379,A
4-HA,1243,0,3315,0,1,3316,T
4-HA,1244,2,3325,0,0,3327,T
4-HA,1245,0,0,0,3340,3340,C
4-HA,1246,0,3338,0,4,3342,T
4-HA,1247,3,0,0,3336,3339,C
4-HA,1248,3338,0,3,0,3341,A
4-HA,1249,2,1,3336,0,3339,G
4-HA,1250,3340,0,2,0,3342,A
4-HA,1251,3309,0,5,0,3314,A
4-HA,1252,1,0,3354,0,3355,G
4-HA,1253,0,3310,1,2,3313,T
4-HA,1254,3,1,0,3340,3344,C
4-HA,1255,0,0,3339,0,3339,G
4-HA,1256,3336,0,3,0,3339,A
4-HA,1257,3340,1,3,0,3344,A
4-HA,1258,0,3,3344,0,3347,G
4-HA,1259,0,6,3376,0,3382,G
4-HA,1260,1,3,3366,0,3370,G
4-HA,1261,3304,0,7,1,3312,A
4-HA,1262,1,2,3315,0,3318,G
4-HA,1263,3318,0,2,1,3321,A
4-HA,1264,3505,0,1,1,3507,A
4-HA,1265,0,3496,0,3,3499,T
4-HA,1266,0,3489,0,5,3494,T
4-HA,1267,6,1,0,3496,3503,C
4-HA,1268,3420,0,4,1,3425,A
4-HA,1269,1,2,3438,0,3441,G
4-HA,1270,2,1,3422,0,3425,G
4-HA,1271,3394,0,3,0,3397,A
4-HA,1272,1,2,0,3418,3421,C
4-HA,1273,2,0,0,3159,3161,C
4-HA,1274,0,3145,0,3,3148,T
4-HA,1275,0,3086,0,88,3174,T
4-HA,1276,0,3,3184,0,3187,G
4-HA,1277,3183,0,1,0,3184,A
4-HA,1278,26,1,3220,0,3247,G
4-HA,1279,3221,0,2,0,3223,A
4-HA,1280,2982,0,0,0,2982,A
4-HA,1281,2955,0,1,0,2956,A
4-HA,1282,3,2907,0,0,2910,T
4-HA,1283,2961,0,2,0,2963,A
4-HA,1284,0,2937,0,0,2937,T
4-HA,1285,2,0,2970,0,2972,G
4-HA,1286,1,2960,0,3,2964,T
4-HA,1287,0,2861,0,1,2862,T
4-HA,1288,0,2,2860,0,2862,G
4-HA,1289,2818,0,2,0,2820,A
4-HA,1290,0,6,2827,0,2833,G
4-HA,1291,0,1,2831,0,2832,G
4-HA,1292,2778,0,6,0,2784,A
4-HA,1293,0,1,1,2878,2880,C
4-HA,1294,2820,0,3,0,2823,A
4-HA,1295,0,0,0,2821,2821,C
4-HA,1296,1,2817,0,3,2821,T
4-HA,1297,2960,1,2,0,2963,A
4-HA,1298,3006,0,0,0,3006,A
4-HA,1299,3008,0,2,0,3010,A
4-HA,1300,3035,0,2,0,3037,A
4-HA,1301,0,3029,0,0,3029,T
4-HA,1302,2893,0,1,0,2894,A
4-HA,1303,1,0,2894,0,2895,G
4-HA,1304,2814,0,1,1,2816,A
4-HA,1305,0,2844,2,1,2847,T
4-HA,1306,1,2,0,2834,2837,C
4-HA,1307,0,2792,0,3,2795,T
4-HA,1308,1,0,0,2869,2870,C
4-HA,1309,0,2873,0,1,2874,T
4-HA,1310,1,0,2943,0,2944,G
4-HA,1311,0,1,3020,0,3021,G
4-HA,1312,0,2982,0,7,2989,T
4-HA,1313,7,1,0,2998,3006,C
4-HA,1314,3015,0,1,0,3016,A
4-HA,1315,0,3018,0,2,3020,T
4-HA,1316,3011,0,0,0,3011,A
4-HA,1317,0,1,0,3015,3016,C
4-HA,1318,2929,0,1,0,2930,A
4-HA,1319,2937,0,2,0,2939,A
4-HA,1320,0,1,0,2849,2850,C
4-HA,1321,5,0,2821,0,2826,G
4-HA,1322,0,2,0,2837,2839,C
4-HA,1323,1,0,2823,0,2824,G
4-HA,1324,0,2,2819,0,2821,G
4-HA,1325,2813,0,2,0,2815,A
4-HA,1326,4,1,2866,0,2871,G
4-HA,1327,2,1,0,2854,2857,C
4-HA,1328,0,2854,0,2,2856,T
4-HA,1329,0,2873,0,1,2874,T
4-HA,1330,2,0,0,2892,2894,C
4-HA,1331,0,2903,0,2,2905,T
4-HA,1332,0,2898,0,3,2901,T
4-HA,1333,5,0,2892,0,2897,G
4-HA,1334,1,2887,0,1,2889,T
4-HA,1335,0,2837,0,4,2841,T
4-HA,1336,1,0,2904,0,2905,G
4-HA,1337,1,0,1,2895,2897,C
4-HA,1338,5,1,0,2869,2875,C
4-HA,1339,3,1,0,2894,2898,C
4-HA,1340,0,2894,0,7,2901,T
4-HA,1341,1,2,2935,0,2938,G
4-HA,1342,0,1,2943,0,2944,G
4-HA,1343,2924,0,5,0,2929,A
4-HA,1344,0,2,2949,0,2951,G
4-HA,1345,2918,0,1,0,2919,A
4-HA,1346,2920,0,2,0,2922,A
4-HA,1347,0,1,0,2954,2955,C
4-HA,1348,3,0,0,2955,2958,C
4-HA,1349,2958,0,4,0,2962,A
4-HA,1350,3068,1,2,2,3073,A
4-HA,1351,0,1,0,3093,3094,C
4-HA,1352,3107,0,5,0,3112,A
4-HA,1353,0,3103,1,3,3107,T
4-HA,1354,3087,0,2,0,3089,A
4-HA,1355,0,2,0,3149,3151,C
4-HA,1356,3097,0,0,0,3097,A
4-HA,1357,3094,0,0,0,3094,A
4-HA,1358,1,3084,0,0,3085,T
4-HA,1359,1,2975,0,1,2977,T
4-HA,1360,1,2,3029,0,3032,G
4-HA,1361,3043,0,0,0,3043,A
4-HA,1362,0,3025,1,3,3029,T
4-HA,1363,1,1,0,3042,3044,C
4-HA,1364,1,2973,1,6,2981,T
4-HA,1365,3010,0,0,0,3010,A
4-HA,1366,2995,0,1,0,2996,A
4-HA,1367,0,1,0,2990,2991,C
4-HA,1368,0,2967,0,5,2972,T
4-HA,1369,0,4,2950,0,2954,G
4-HA,1370,2948,0,1,0,2949,A
4-HA,1371,1,0,0,2973,2974,C
4-HA,1372,0,2950,0,1,2951,T
4-HA,1373,2,0,0,2964,2966,C
4-HA,1374,2948,0,1,0,2949,A
4-HA,1375,0,0,3016,1,3017,G
4-HA,1376,3008,1,0,0,3009,A
4-HA,1377,3013,0,1,0,3014,A
4-HA,1378,3014,0,0,2,3016,A
4-HA,1379,1,2969,0,0,2970,T
4-HA,1380,2,3,3005,0,3010,G
4-HA,1381,3007,0,3,0,3010,A
4-HA,1382,3013,0,1,1,3015,A
4-HA,1383,0,2,0,3018,3020,C
4-HA,1384,2962,0,0,0,2962,A
4-HA,1385,2962,0,0,0,2962,A
4-HA,1386,2951,0,1,0,2952,A
4-HA,1387,0,2,0,2972,2974,C
4-HA,1388,0,2933,1,3,2937,T
4-HA,1389,0,0,2970,0,2970,G
4-HA,1390,1,2930,0,1,2932,T
4-HA,1391,1,2932,0,3,2936,T
4-HA,1392,0,2950,0,0,2950,T
4-HA,1393,2,1,2953,0,2956,G
4-HA,1394,2945,0,1,0,2946,A
4-HA,1395,2948,0,1,0,2949,A
4-HA,1396,2931,0,0,1,2932,A
4-HA,1397,2937,0,1,1,2939,A
4-HA,1398,2906,0,0,1,2907,A
4-HA,1399,2925,0,0,0,2925,A
4-HA,1400,0,0,0,2935,2935,C
4-HA,1401,2933,0,2,0,2935,A
4-HA,1402,2928,0,1,0,2929,A
4-HA,1403,2928,0,1,0,2929,A
4-HA,1404,1,1,2945,0,2947,G
4-HA,1405,2965,0,1,0,2966,A
4-HA,1406,2949,0,7,0,2956,A
4-HA,1407,1,2,2947,0,2950,G
4-HA,1408,1,0,0,2943,2944,C
4-HA,1409,2942,0,2,0,2944,A
4-HA,1410,2948,0,0,0,2948,A
4-HA,1411,0,1,0,2949,2950,C
4-HA,1412,0,2928,1,0,2929,T
4-HA,1413,0,1,2946,0,2947,G
4-HA,1414,2911,0,3,0,2914,A
4-HA,1415,0,2,2942,0,2944,G
4-HA,1416,0,1,2935,0,2936,G
4-HA,1417,0,3,2935,0,2938,G
4-HA,1418,2942,0,4,0,2946,A
4-HA,1419,2926,0,0,1,2927,A
4-HA,1420,2921,0,4,0,2925,A
4-HA,1421,2960,0,1,0,2961,A
4-HA,1422,0,2956,0,1,2957,T
4-HA,1423,0,1,2967,0,2968,G
4-HA,1424,0,2,0,2958,2960,C
4-HA,1425,1,2928,0,3,2932,T
4-HA,1426,0,1,2942,0,2943,G
4-HA,1427,2939,0,1,1,2941,A
4-HA,1428,1,3,3104,0,3108,G
4-HA,1429,0,1,3150,0,3151,G
4-HA,1430,3116,0,0,0,3116,A
4-HA,1431,0,3100,0,1,3101,T
4-HA,1432,3066,0,3,0,3069,A
4-HA,1433,0,3048,0,1,3049,T
4-HA,1434,2,3,3086,0,3091,G
4-HA,1435,2,1,3110,0,3113,G
4-HA,1436,1,1,3108,0,3110,G
4-HA,1437,0,1,0,2925,2926,C
4-HA,1438,2855,0,1,0,2856,A
4-HA,1439,2853,0,0,0,2853,A
4-HA,1440,1,2851,0,1,2853,T
4-HA,1441,1,1,2877,0,2879,G
4-HA,1442,9,0,2861,0,2870,G
4-HA,1443,0,2802,0,0,2802,T
4-HA,1444,0,2747,0,1,2748,T
4-HA,1445,2,0,2753,0,2755,G
4-HA,1446,0,2775,0,1,2776,T
4-HA,1447,0,2772,2,4,2778,T
4-HA,1448,0,2773,0,0,2773,T
4-HA,1449,3,0,0,2785,2788,C
4-HA,1450,2782,0,1,0,2783,A
4-HA,1451,2795,0,0,0,2795,A
4-HA,1452,2795,0,0,0,2795,A
4-HA,1453,2822,0,0,0,2822,A
4-HA,1454,0,2796,0,0,2796,T
4-HA,1455,2786,0,1,0,2787,A
4-HA,1456,0,2786,0,0,2786,T
4-HA,1457,2776,0,2,0,2778,A
4-HA,1458,0,0,0,2872,2872,C
4-HA,1459,1,1,0,2845,2847,C
4-HA,1460,2844,0,0,0,2844,A
4-HA,1461,0,2811,0,2,2813,T
4-HA,1462,2881,0,0,1,2882,A
4-HA,1463,2884,0,1,0,2885,A
4-HA,1464,2903,0,0,0,2903,A
4-HA,1465,0,2886,0,0,2886,T
4-HA,1466,0,0,2904,0,2904,G
4-HA,1467,0,2800,1,4,2805,T
4-HA,1468,0,4,2848,0,2852,G
4-HA,1469,2844,0,4,0,2848,A
4-HA,1470,0,0,1,2847,2848,C
4-HA,1471,2787,0,1,0,2788,A
4-HA,1472,2779,0,1,0,2780,A
4-HA,1473,0,2824,0,0,2824,T
4-HA,1474,0,0,2855,0,2855,G
4-HA,1475,1,2,1,2811,2815,C
4-HA,1476,2,0,0,2845,2847,C
4-HA,1477,1,2820,1,6,2828,T
4-HA,1478,0,1,2954,0,2955,G
4-HA,1479,0,1,0,2943,2944,C
4-HA,1480,2957,0,0,0,2957,A
4-HA,1481,0,2952,0,1,2953,T
4-HA,1482,2820,0,3,0,2823,A
4-HA,1483,0,0,2837,0,2837,G
4-HA,1484,0,2,2823,0,2825,G
4-HA,1485,2813,0,4,0,2817,A
4-HA,1486,0,2807,1,2,2810,T
4-HA,1487,3,4,0,2655,2662,C
4-HA,1488,2660,0,0,0,2660,A
4-HA,1489,2660,0,1,0,2661,A
4-HA,1490,0,2656,1,1,2658,T
4-HA,1491,2,1,0,2670,2673,C
4-HA,1492,2607,0,0,0,2607,A
4-HA,1493,0,0,2615,0,2615,G
4-HA,1494,2615,0,1,0,2616,A
4-HA,1495,2618,0,2,0,2620,A
4-HA,1496,2610,0,0,0,2610,A
4-HA,1497,0,2601,0,0,2601,T
4-HA,1498,0,1,2585,0,2586,G
4-HA,1499,0,5,2584,0,2589,G
4-HA,1500,2587,0,2,0,2589,A
4-HA,1501,2588,0,3,0,2591,A
4-HA,1502,0,0,0,2583,2583,C
4-HA,1503,0,2571,1,1,2573,T
4-HA,1504,0,2582,1,1,2584,T
4-HA,1505,2585,0,0,0,2585,A
4-HA,1506,0,2574,0,2,2576,T
4-HA,1507,2,9,2566,0,2577,G
4-HA,1508,2578,0,4,0,2582,A
4-HA,1509,0,0,0,2580,2580,C
4-HA,1510,1,0,0,2556,2557,C
4-HA,1511,2547,0,5,0,2552,A
4-HA,1512,0,1,0,2607,2608,C
4-HA,1513,2,1,2670,0,2673,G
4-HA,1514,2720,0,6,0,2726,A
4-HA,1515,0,2763,0,1,2764,T
4-HA,1516,1,1,2860,0,2862,G
4-HA,1517,0,2831,1,2,2834,T
4-HA,1518,2929,0,1,0,2930,A
4-HA,1519,0,2921,0,3,2924,T
4-HA,1520,2923,0,3,0,2926,A
4-HA,1521,2,0,0,2922,2924,C
4-HA,1522,2613,0,1,0,2614,A
4-HA,1523,0,1,2630,0,2631,G
4-HA,1524,2476,0,1,0,2477,A
4-HA,1525,0,1,2397,0,2398,G
4-HA,1526,2381,0,0,0,2381,A
4-HA,1527,0,2203,0,0,2203,T
4-HA,1528,1,1,2197,0,2199,G
4-HA,1529,2197,0,2,0,2199,A
4-HA,1530,2188,0,0,0,2188,A
4-HA,1531,0,0,2248,0,2248,G
4-HA,1532,0,1,0,2192,2193,C
4-HA,1533,2186,1,1,0,2188,A
4-HA,1534,0,2158,0,27,2185,T
4-HA,1535,0,2181,0,0,2181,T
4-HA,1536,2192,0,0,0,2192,A
4-HA,1537,2188,0,0,0,2188,A
4-HA,1538,2183,0,3,0,2186,A
4-HA,1539,0,1,0,2188,2189,C
4-HA,1540,2079,0,0,0,2079,A
4-HA,1541,2077,0,2,0,2079,A
4-HA,1542,1,7,0,2067,2075,C
4-HA,1543,2,2,0,2068,2072,C
4-HA,1544,0,1,2068,0,2069,G
4-HA,1545,3,0,2084,0,2087,G
4-HA,1546,0,2079,0,3,2082,T
4-HA,1547,0,2076,0,1,2077,T
4-HA,1548,0,2054,0,2,2056,T
4-HA,1549,0,0,0,2067,2067,C
4-HA,1550,2071,0,0,0,2071,A
4-HA,1551,0,0,2095,0,2095,G
4-HA,1552,2092,0,0,2,2094,A
4-HA,1553,0,2077,0,0,2077,T
4-HA,1554,3,0,0,2031,2034,C
4-HA,1555,2014,0,1,0,2015,A
4-HA,1556,2020,0,1,0,2021,A
4-HA,1557,0,1,2022,0,2023,G
4-HA,1558,0,1,2014,0,2015,G
4-HA,1559,0,2,2006,0,2008,G
4-HA,1560,1948,0,3,0,1951,A
4-HA,1561,1,0,1966,0,1967,G
4-HA,1562,0,1972,0,1,1973,T
4-HA,1563,0,1970,0,0,1970,T
4-HA,1564,0,1,1989,0,1990,G
4-HA,1565,1969,0,4,0,1973,A
4-HA,1566,0,0,1989,0,1989,G
4-HA,1567,0,2,0,1979,1981,C
4-HA,1568,1,1966,0,0,1967,T
4-HA,1569,0,2,1977,0,1979,G
4-HA,1570,1963,1,0,0,1964,A
4-HA,1571,1961,1,4,0,1966,A
4-HA,1572,0,0,1966,0,1966,G
4-HA,1573,0,1935,0,1,1936,T
4-HA,1574,3,0,0,1936,1939,C
4-HA,1575,1919,0,1,1,1921,A
4-HA,1576,0,3,1916,0,1919,G
4-HA,1577,0,0,1912,0,1912,G
4-HA,1578,0,0,1861,0,1861,G
4-HA,1579,0,1943,0,0,1943,T
4-HA,1580,1940,0,1,0,1941,A
4-HA,1581,7,0,0,1946,1953,C
4-HA,1582,1941,0,0,0,1941,A
4-HA,1583,1939,0,0,0,1939,A
4-HA,1584,1936,1,1,0,1938,A
4-HA,1585,1,1,1953,0,1955,G
4-HA,1586,1887,0,1,0,1888,A
4-HA,1587,0,1812,0,3,1815,T
4-HA,1588,0,1807,0,0,1807,T
4-HA,1589,0,2,1801,1,1804,G
4-HA,1590,0,1,1802,0,1803,G
4-HA,1591,1801,0,0,0,1801,A
4-HA,1592,0,1798,0,0,1798,T
4-HA,1593,1,1,0,1788,1790,C
4-HA,1594,1,0,0,1769,1770,C
4-HA,1595,1,1752,0,3,1756,T
4-HA,1596,1765,1,0,0,1766,A
4-HA,1597,1,1764,0,2,1767,T
4-HA,1598,1,3,1762,0,1766,G
4-HA,1599,0,1,1773,0,1774,G
4-HA,1600,1720,0,1,0,1721,A
4-HA,1601,0,1725,0,2,1727,T
4-HA,1602,0,1701,0,2,1703,T
4-HA,1603,0,1695,0,0,1695,T
4-HA,1604,2,0,0,1681,1683,C
4-HA,1605,1,0,0,1689,1690,C
4-HA,1606,0,1666,0,0,1666,T
4-HA,1607,1,1668,0,1,1670,T
4-HA,1608,1,1656,0,0,1657,T
4-HA,1609,0,0,1670,0,1670,G
4-HA,1610,1,0,0,1659,1660,C
4-HA,1611,1,0,0,1659,1660,C
4-HA,1612,1640,0,0,0,1640,A
4-HA,1613,1,1623,0,2,1626,T
4-HA,1614,1647,0,0,0,1647,A
4-HA,1615,0,1640,0,2,1642,T
4-HA,1616,2,0,0,1634,1636,C
4-HA,1617,1637,0,0,0,1637,A
4-HA,1618,0,1612,0,1,1613,T
4-HA,1619,0,1,1623,0,1624,G
4-HA,1620,0,1619,1,1,1621,T
4-HA,1621,0,1585,0,0,1585,T
4-HA,1622,0,1590,0,1,1591,T
4-HA,1623,0,1541,0,0,1541,T
4-HA,1624,0,1547,0,0,1547,T
4-HA,1625,0,1544,0,0,1544,T
4-HA,1626,0,0,1545,0,1545,G
4-HA,1627,0,1,1,1534,1536,C
4-HA,1628,0,1497,0,3,1500,T
4-HA,1629,0,1504,0,1,1505,T
4-HA,1630,0,1492,0,0,1492,T
4-HA,1631,1,0,1515,0,1516,G
4-HA,1632,0,1518,0,0,1518,T
4-HA,1633,0,0,1517,0,1517,G
4-HA,1634,0,1517,0,0,1517,T
4-HA,1635,0,1483,0,0,1483,T
4-HA,1636,0,0,1495,0,1495,G
4-HA,1637,0,0,0,1484,1484,C
4-HA,1638,0,1481,1,2,1484,T
4-HA,1639,0,1492,0,1,1493,T
4-HA,1640,0,1409,0,0,1409,T
4-HA,1641,0,0,1419,0,1419,G
4-HA,1642,0,1421,0,1,1422,T
4-HA,1643,0,1408,0,2,1410,T
4-HA,1644,0,0,1418,0,1418,G
4-HA,1645,0,0,1383,0,1383,G
4-HA,1646,0,1,1376,0,1377,G
4-HA,1647,0,0,1385,0,1385,G
4-HA,1648,0,1348,0,0,1348,T
4-HA,1649,0,1342,0,0,1342,T
4-HA,1650,0,0,0,1315,1315,C
4-HA,1651,1294,0,3,0,1297,A
4-HA,1652,1,1288,0,2,1291,T
4-HA,1653,0,0,0,1302,1302,C
4-HA,1654,1286,0,2,0,1288,A
4-HA,1655,0,1246,0,2,1248,T
4-HA,1656,0,0,1233,0,1233,G
4-HA,1657,0,1215,1,1,1217,T
4-HA,1658,0,0,1211,0,1211,G
4-HA,1659,0,0,1184,0,1184,G
4-HA,1660,0,0,1178,0,1178,G
4-HA,1661,1,1,0,1132,1134,C
4-HA,1662,0,0,0,1117,1117,C
4-HA,1663,0,1070,0,0,1070,T
4-HA,1664,0,0,1062,0,1062,G
4-HA,1665,0,1,0,1056,1057,C
4-HA,1666,1,0,0,1067,1068,C
4-HA,1667,1069,0,0,0,1069,A
4-HA,1668,1059,0,0,0,1059,A
4-HA,1669,1058,0,0,0,1058,A
4-HA,1670,1059,0,1,0,1060,A
4-HA,1671,1060,0,0,0,1060,A
4-HA,1672,0,1,1051,0,1052,G
4-HA,1673,0,0,1026,0,1026,G
4-HA,1674,0,0,3,1004,1007,C
4-HA,1675,1007,0,0,0,1007,A
4-HA,1676,1016,0,0,0,1016,A
4-HA,1677,0,0,0,1017,1017,C
4-HA,1678,1014,0,1,0,1015,A
4-HA,1679,0,1009,0,0,1009,T
4-HA,1680,0,998,0,0,998,T
4-HA,1681,967,0,0,0,967,A
4-HA,1682,0,0,963,0,963,G
4-HA,1683,0,0,959,0,959,G
4-HA,1684,0,923,0,1,924,T
4-HA,1685,0,0,858,0,858,G
4-HA,1686,0,0,0,821,821,C
4-HA,1687,800,0,0,0,800,A
4-HA,1688,798,0,1,0,799,A
4-HA,1689,0,0,0,796,796,C
4-HA,1690,788,0,0,0,788,A
4-HA,1691,0,772,0,0,772,T
4-HA,1692,0,719,0,3,722,T
4-HA,1693,0,717,0,1,718,T
4-HA,1694,0,0,720,0,720,G
4-HA,1695,0,0,0,710,710,C
4-HA,1696,709,0,0,0,709,A
4-HA,1697,0,659,0,0,659,T
4-HA,1698,0,636,0,0,636,T
4-HA,1699,0,621,0,0,621,T
4-HA,1700,0,0,622,0,622,G
4-HA,1701,593,0,0,0,593,A
5-NP,1,866,0,0,0,866,A
5-NP,2,0,863,0,0,863,T
5-NP,3,0,0,860,0,860,G
5-NP,4,0,0,862,0,862,G
5-NP,5,1,0,0,869,870,C
5-NP,6,0,0,889,0,889,G
5-NP,7,0,942,0,4,946,T
5-NP,8,0,1,1,961,963,C
5-NP,9,0,0,0,959,959,C
5-NP,10,1,0,0,961,962,C
5-NP,11,961,0,1,0,962,A
5-NP,12,966,0,0,0,966,A
5-NP,13,0,1,971,0,972,G
5-NP,14,1,0,999,0,1000,G
5-NP,15,0,0,0,1012,1012,C
5-NP,16,1017,0,2,0,1019,A
5-NP,17,0,0,0,1031,1031,C
5-NP,18,0,0,0,1028,1028,C
5-NP,19,1030,0,0,0,1030,A
5-NP,20,1027,0,0,0,1027,A
5-NP,21,1026,0,1,0,1027,A
5-NP,22,0,1,0,1037,1038,C
5-NP,23,1,1,1046,0,1048,G
5-NP,24,0,0,1160,0,1160,G
5-NP,25,0,1161,0,0,1161,T
5-NP,26,3,0,0,1253,1256,C
5-NP,27,0,1255,0,0,1255,T
5-NP,28,0,1279,0,0,1279,T
5-NP,29,1277,0,0,0,1277,A
5-NP,30,0,1279,0,0,1279,T
5-NP,31,1,1,1294,0,1296,G
5-NP,32,1282,1,3,0,1286,A
5-NP,33,1271,0,0,0,1271,A
5-NP,34,0,0,0,1285,1285,C
5-NP,35,1253,0,0,1,1254,A
5-NP,36,0,0,1352,0,1352,G
5-NP,37,1328,1,1,0,1330,A
5-NP,38,0,1353,0,0,1353,T
5-NP,39,0,0,1357,0,1357,G
5-NP,40,0,1,1350,0,1351,G
5-NP,41,1351,0,0,0,1351,A
5-NP,42,1353,0,1,0,1354,A
5-NP,43,1370,0,0,0,1370,A
5-NP,44,0,1,0,1406,1407,C
5-NP,45,0,1397,0,0,1397,T
5-NP,46,0,0,1414,0,1414,G
5-NP,47,1390,0,2,0,1392,A
5-NP,48,0,1412,0,0,1412,T
5-NP,49,0,0,1409,0,1409,G
5-NP,50,0,3,1405,0,1408,G
5-NP,51,0,2,1404,0,1406,G
5-NP,52,2,2,1412,0,1416,G
5-NP,53,1408,0,0,0,1408,A
5-NP,54,0,1411,0,0,1411,T
5-NP,55,1,1,0,1423,1425,C
5-NP,56,2,0,1419,0,1421,G
5-NP,57,0,0,0,1444,1444,C
5-NP,58,1,1,0,1449,1451,C
5-NP,59,1440,0,0,0,1440,A
5-NP,60,0,1,1464,0,1465,G
5-NP,61,1463,0,0,0,1463,A
5-NP,62,1485,0,1,0,1486,A
5-NP,63,0,1488,0,0,1488,T
5-NP,64,1,0,1486,0,1487,G
5-NP,65,0,0,0,1498,1498,C
5-NP,66,1483,0,0,0,1483,A
5-NP,67,1507,0,4,0,1511,A
5-NP,68,0,0,0,1511,1511,C
5-NP,69,0,1504,0,1,1505,T
5-NP,70,0,2,1516,0,1518,G
5-NP,71,1528,0,2,0,1530,A
5-NP,72,0,0,1620,0,1620,G
5-NP,73,1609,0,0,0,1609,A
5-NP,74,0,1610,0,0,1610,T
5-NP,75,0,1608,0,0,1608,T
5-NP,76,1602,0,0,0,1602,A
5-NP,77,0,1,1606,0,1607,G
5-NP,78,0,2,1600,0,1602,G
5-NP,79,0,0,1598,0,1598,G
5-NP,80,0,0,0,1601,1601,C
5-NP,81,1576,0,1,0,1577,A
5-NP,82,0,1581,0,1,1582,T
5-NP,83,0,0,0,1593,1593,C
5-NP,84,0,1,0,1594,1595,C
5-NP,85,1,0,1619,0,1620,G
5-NP,86,0,1614,0,2,1616,T
5-NP,87,0,1,0,1614,1615,C
5-NP,88,0,0,1621,0,1621,G
5-NP,89,0,0,1623,0,1623,G
5-NP,90,0,0,1632,0,1632,G
5-NP,91,1620,1,0,0,1621,A
5-NP,92,1622,0,0,0,1622,A
5-NP,93,0,0,1650,0,1650,G
5-NP,94,1622,0,1,0,1623,A
5-NP,95,0,1649,0,0,1649,T
5-NP,96,0,2,1657,0,1659,G
5-NP,97,1662,0,0,0,1662,A
5-NP,98,0,1665,0,0,1665,T
5-NP,99,0,1670,0,0,1670,T
5-NP,100,0,0,1669,0,1669,G
5-NP,101,1653,0,0,0,1653,A
5-NP,102,0,1663,0,0,1663,T
5-NP,103,0,0,1663,0,1663,G
5-NP,104,0,1,1652,0,1653,G
5-NP,105,1,0,1637,0,1638,G
5-NP,106,1743,0,0,0,1743,A
5-NP,107,0,1745,0,0,1745,T
5-NP,108,0,1750,0,1,1751,T
5-NP,109,0,3,1769,0,1772,G
5-NP,110,0,1,1772,0,1773,G
5-NP,111,1,0,1772,0,1773,G
5-NP,112,1770,0,1,0,1771,A
5-NP,113,0,1,1766,0,1767,G
5-NP,114,1730,0,1,0,1731,A
5-NP,115,0,1758,0,0,1758,T
5-NP,116,0,1765,0,1,1766,T
5-NP,117,0,0,0,1778,1778,C
5-NP,118,1,1768,0,0,1769,T
5-NP,119,1781,0,0,0,1781,A
5-NP,120,1,0,0,1789,1790,C
5-NP,121,1825,0,0,0,1825,A
5-NP,122,0,1842,0,2,1844,T
5-NP,123,1,0,0,1836,1837,C
5-NP,124,0,0,0,1841,1841,C
5-NP,125,1835,0,0,0,1835,A
5-NP,126,1871,0,0,0,1871,A
5-NP,127,1872,0,1,0,1873,A
5-NP,128,0,1856,0,0,1856,T
5-NP,129,0,0,1858,0,1858,G
5-NP,130,0,1826,0,1,1827,T
5-NP,131,1,0,1850,0,1851,G
5-NP,132,0,0,0,1850,1850,C
5-NP,133,1834,0,1,1,1836,A
5-NP,134,0,0,0,1852,1852,C
5-NP,135,0,1831,0,0,1831,T
5-NP,136,1,3,1925,0,1929,G
5-NP,137,1939,0,0,0,1939,A
5-NP,138,1958,0,1,0,1959,A
5-NP,139,0,0,0,1995,1995,C
5-NP,140,0,1978,0,1,1979,T
5-NP,141,0,1985,0,0,1985,T
5-NP,142,1983,0,0,0,1983,A
5-NP,143,1973,0,0,0,1973,A
5-NP,144,1,0,1897,0,1898,G
5-NP,145,0,1,0,1924,1925,C
5-NP,146,0,1914,0,0,1914,T
5-NP,147,3,0,0,1934,1937,C
5-NP,148,1916,0,0,0,1916,A
5-NP,149,0,1,1964,0,1965,G
5-NP,150,1,1962,0,0,1963,T
5-NP,151,0,2,1975,0,1977,G
5-NP,152,2000,0,0,0,2000,A
5-NP,153,0,1987,0,1,1988,T
5-NP,154,0,0,0,2019,2019,C
5-NP,155,2024,0,2,0,2026,A
5-NP,156,0,2026,0,1,2027,T
5-NP,157,0,1,2034,0,2035,G
5-NP,158,2016,0,2,1,2019,A
5-NP,159,2012,0,1,0,2013,A
5-NP,160,0,3,1999,0,2002,G
5-NP,161,0,0,1981,0,1981,G
5-NP,162,0,0,1984,0,1984,G
5-NP,163,1,1,0,1954,1956,C
5-NP,164,1,0,1968,0,1969,G
5-NP,165,0,0,1972,0,1972,G
5-NP,166,0,1961,0,0,1961,T
5-NP,167,0,1974,0,0,1974,T
5-NP,168,0,1,1970,0,1971,G
5-NP,169,2149,0,0,0,2149,A
5-NP,170,0,2155,0,0,2155,T
5-NP,171,1,0,0,2154,2155,C
5-NP,172,1,0,0,2161,2162,C
5-NP,173,2151,0,1,0,2152,A
5-NP,174,0,1,2148,0,2149,G
5-NP,175,2142,0,1,0,2143,A
5-NP,176,2148,0,0,0,2148,A
5-NP,177,0,1,0,2160,2161,C
5-NP,178,2027,0,0,0,2027,A
5-NP,179,1,0,2062,0,2063,G
5-NP,180,0,1,0,2053,2054,C
5-NP,181,0,2068,0,1,2069,T
5-NP,182,0,2077,0,2,2079,T
5-NP,183,2,3,2073,0,2078,G
5-NP,184,2082,0,0,0,2082,A
5-NP,185,0,0,0,2103,2103,C
5-NP,186,2088,1,1,0,2090,A
5-NP,187,2102,0,0,0,2102,A
5-NP,188,0,2088,0,0,2088,T
5-NP,189,2094,0,0,0,2094,A
5-NP,190,0,0,2105,0,2105,G
5-NP,191,2081,0,3,0,2084,A
5-NP,192,0,1,2107,0,2108,G
5-NP,193,2095,0,0,0,2095,A
5-NP,194,2135,0,0,1,2136,A
5-NP,195,2143,0,0,0,2143,A
5-NP,196,2185,0,0,0,2185,A
5-NP,197,0,2195,0,0,2195,T
5-NP,198,0,0,2196,0,2196,G
5-NP,199,0,2,2190,0,2192,G
5-NP,200,0,2164,0,1,2165,T
5-NP,201,2114,0,2,0,2116,A
5-NP,202,0,0,0,2149,2149,C
5-NP,203,0,2145,0,1,2146,T
5-NP,204,0,0,0,2182,2182,C
5-NP,205,0,2105,0,5,2110,T
5-NP,206,0,0,0,2140,2140,C
5-NP,207,0,2128,1,2,2131,T
5-NP,208,0,0,2165,0,2165,G
5-NP,209,0,0,0,2166,2166,C
5-NP,210,0,2157,0,3,2160,T
5-NP,211,0,2166,0,0,2166,T
5-NP,212,0,2159,0,0,2159,T
5-NP,213,0,2147,0,0,2147,T
5-NP,214,5,0,2154,0,2159,G
5-NP,215,2124,0,2,4,2130,A
5-NP,216,0,2150,0,0,2150,T
5-NP,217,1,0,2144,0,2145,G
5-NP,218,2136,1,0,0,2137,A
5-NP,219,2139,0,0,1,2140,A
5-NP,220,2147,0,0,0,2147,A
5-NP,221,0,0,2148,0,2148,G
5-NP,222,2141,0,3,1,2145,A
5-NP,223,2131,0,1,1,2133,A
5-NP,224,0,1,2148,0,2149,G
5-NP,225,0,3,2203,0,2206,G
5-NP,226,2211,0,3,1,2215,A
5-NP,227,2224,0,0,1,2225,A
5-NP,228,1,2219,0,0,2220,T
5-NP,229,2230,0,2,0,2232,A
5-NP,230,2223,0,0,0,2223,A
5-NP,231,2233,0,0,1,2234,A
5-NP,232,0,2224,0,0,2224,T
5-NP,233,2209,0,2,2,2213,A
5-NP,234,0,0,0,2224,2224,C
5-NP,235,3,0,0,2175,2178,C
5-NP,236,0,2169,0,0,2169,T
5-NP,237,4,0,2175,0,2179,G
5-NP,238,0,0,2199,0,2199,G
5-NP,239,2204,0,0,1,2205,A
5-NP,240,2203,0,2,0,2205,A
5-NP,241,0,3,2213,0,2216,G
5-NP,242,2208,0,0,1,2209,A
5-NP,243,2193,0,3,1,2197,A
5-NP,244,0,1,0,2198,2199,C
5-NP,245,2180,0,1,1,2182,A
5-NP,246,0,1,0,2251,2252,C
5-NP,247,1,0,0,2213,2214,C
5-NP,248,3,0,0,2209,2212,C
5-NP,249,5,0,0,2223,2228,C
5-NP,250,2198,0,4,1,2203,A
5-NP,251,0,0,2204,0,2204,G
5-NP,252,0,0,0,2189,2189,C
5-NP,253,1,0,2194,0,2195,G
5-NP,254,0,0,0,2202,2202,C
5-NP,255,0,3,2168,0,2171,G
5-NP,256,0,1,2188,0,2189,G
5-NP,257,0,2,2185,1,2188,G
5-NP,258,0,0,2192,0,2192,G
5-NP,259,2194,0,0,0,2194,A
5-NP,260,2196,0,0,0,2196,A
5-NP,261,2188,0,2,0,2190,A
5-NP,262,0,0,2183,0,2183,G
5-NP,263,2178,0,0,0,2178,A
5-NP,264,0,2161,0,0,2161,T
5-NP,265,1,0,0,2152,2153,C
5-NP,266,0,2,0,2146,2148,C
5-NP,267,3,0,0,2171,2174,C
5-NP,268,2170,0,1,0,2171,A
5-NP,269,2177,0,0,0,2177,A
5-NP,270,0,1,2185,0,2186,G
5-NP,271,2180,0,0,0,2180,A
5-NP,272,2184,0,1,0,2185,A
5-NP,273,2178,0,0,0,2178,A
5-NP,274,2170,0,1,0,2171,A
5-NP,275,0,0,0,2183,2183,C
5-NP,276,0,2156,0,0,2156,T
5-NP,277,0,3,2157,0,2160,G
5-NP,278,0,0,2169,0,2169,G
5-NP,279,0,2,2162,0,2164,G
5-NP,280,0,2,2157,0,2159,G
5-NP,281,0,2,2164,0,2166,G
5-NP,282,0,0,2189,0,2189,G
5-NP,283,0,0,0,2335,2335,C
5-NP,284,0,0,0,2352,2352,C
5-NP,285,1,0,0,2368,2369,C
5-NP,286,2658,0,0,0,2658,A
5-NP,287,0,2670,0,0,2670,T
5-NP,288,2827,0,0,0,2827,A
5-NP,289,0,2832,0,0,2832,T
5-NP,290,2796,0,0,0,2796,A
5-NP,291,0,0,0,2827,2827,C
5-NP,292,2625,0,2,0,2627,A
5-NP,293,0,3,2672,0,2675,G
5-NP,294,1,3,2650,0,2654,G
5-NP,295,2399,0,1,0,2400,A
5-NP,296,0,1,2433,0,2434,G
5-NP,297,2301,0,2,0,2303,A
5-NP,298,1,0,2340,0,2341,G
5-NP,299,1,2315,0,1,2317,T
5-NP,300,2309,0,0,0,2309,A
5-NP,301,7,1,2312,0,2320,G
5-NP,302,2276,0,5,0,2281,A
5-NP,303,2,2283,0,0,2285,T
5-NP,304,0,1,2289,0,2290,G
5-NP,305,0,1,2300,0,2301,G
5-NP,306,2287,0,1,0,2288,A
5-NP,307,2288,0,0,0,2288,A
5-NP,308,2275,0,0,0,2275,A
5-NP,309,2278,0,0,0,2278,A
5-NP,310,0,2267,0,1,2268,T
5-NP,311,1,1,2303,0,2305,G
5-NP,312,1,3,2295,0,2299,G
5-NP,313,2290,0,1,0,2291,A
5-NP,314,0,2278,0,1,2279,T
5-NP,315,0,1,2287,0,2288,G
5-NP,316,2296,0,4,0,2300,A
5-NP,317,0,0,2307,0,2307,G
5-NP,318,0,0,2295,0,2295,G
5-NP,319,2,0,2310,1,2313,G
5-NP,320,2328,1,1,0,2330,A
5-NP,321,2326,0,1,0,2327,A
5-NP,322,0,1,0,2352,2353,C
5-NP,323,0,2326,0,1,2327,T
5-NP,324,2,0,0,2380,2382,C
5-NP,325,0,0,2401,0,2401,G
5-NP,326,0,2410,0,2,2412,T
5-NP,327,2,0,0,2416,2418,C
5-NP,328,3,1,0,2607,2611,C
5-NP,329,0,2607,0,1,2608,T
5-NP,330,0,2630,1,0,2631,T
5-NP,331,0,2618,1,0,2619,T
5-NP,332,2639,0,0,0,2639,A
5-NP,333,1,2638,0,1,2640,T
5-NP,334,0,8,2624,0,2632,G
5-NP,335,2637,0,3,0,2640,A
5-NP,336,0,0,0,2643,2643,C
5-NP,337,2594,0,0,0,2594,A
5-NP,338,2596,0,0,0,2596,A
5-NP,339,2592,0,6,0,2598,A
5-NP,340,1,0,2737,0,2738,G
5-NP,341,2726,1,1,0,2728,A
5-NP,342,2737,0,1,0,2738,A
5-NP,343,0,2,2842,0,2844,G
5-NP,344,2864,0,1,0,2865,A
5-NP,345,2877,0,0,0,2877,A
5-NP,346,2873,0,0,3,2876,A
5-NP,347,0,2870,0,0,2870,T
5-NP,348,2876,0,1,1,2878,A
5-NP,349,2846,0,3,0,2849,A
5-NP,350,0,3,2861,0,2864,G
5-NP,351,1,0,2844,1,2846,G
5-NP,352,0,0,0,2843,2843,C
5-NP,353,2,3,2850,0,2855,G
5-NP,354,2860,0,0,0,2860,A
5-NP,355,2900,0,0,0,2900,A
5-NP,356,0,2909,1,1,2911,T
5-NP,357,1,2,0,2903,2906,C
5-NP,358,0,2913,0,2,2915,T
5-NP,359,2,1,2915,0,2918,G
5-NP,360,2,0,2908,0,2910,G
5-NP,361,1,0,0,2918,2919,C
5-NP,362,0,0,2911,0,2911,G
5-NP,363,0,0,0,2911,2911,C
5-NP,364,2,0,0,2909,2911,C
5-NP,365,2931,0,0,0,2931,A
5-NP,366,2945,0,1,0,2946,A
5-NP,367,6,0,3012,0,3018,G
5-NP,368,0,3,0,3018,3021,C
5-NP,369,1,0,0,3059,3060,C
5-NP,370,3063,0,2,0,3065,A
5-NP,371,3091,0,1,1,3093,A
5-NP,372,0,1,0,3138,3139,C
5-NP,373,3142,0,1,0,3143,A
5-NP,374,3189,0,1,0,3190,A
5-NP,375,0,3170,1,0,3171,T
5-NP,376,0,0,3221,0,3221,G
5-NP,377,0,1,3221,0,3222,G
5-NP,378,0,3166,1,1,3168,T
5-NP,379,1,0,3194,0,3195,G
5-NP,380,3176,0,3,1,3180,A
5-NP,381,1,1,3266,0,3268,G
5-NP,382,0,1,3259,0,3260,G
5-NP,383,3285,0,1,0,3286,A
5-NP,384,0,3573,0,0,3573,T
5-NP,385,0,0,3617,0,3617,G
5-NP,386,0,1,0,3615,3616,C
5-NP,387,2,3617,0,6,3625,T
5-NP,388,3653,1,1,0,3655,A
5-NP,389,0,0,0,3711,3711,C
5-NP,390,3685,0,0,0,3685,A
5-NP,391,0,3670,0,2,3672,T
5-NP,392,0,1,0,3648,3649,C
5-NP,393,0,3464,0,1,3465,T
5-NP,394,1,3,3599,0,3603,G
5-NP,395,2,0,3669,0,3671,G
5-NP,396,0,3654,0,2,3656,T
5-NP,397,3,0,0,3664,3667,C
5-NP,398,0,3634,0,1,3635,T
5-NP,399,3683,1,3,0,3687,A
5-NP,400,3677,1,1,0,3679,A
5-NP,401,0,2,0,3715,3717,C
5-NP,402,0,3712,0,3,3715,T
5-NP,403,4,1,0,3740,3745,C
5-NP,404,3688,0,1,0,3689,A
5-NP,405,0,1,0,3859,3860,C
5-NP,406,3855,0,0,0,3855,A
5-NP,407,0,3870,0,2,3872,T
5-NP,408,3828,0,0,0,3828,A
5-NP,409,3848,0,1,0,3849,A
5-NP,410,0,3859,0,0,3859,T
5-NP,411,0,5,3908,0,3913,G
5-NP,412,3893,0,0,0,3893,A
5-NP,413,0,3862,0,0,3862,T
5-NP,414,0,3803,0,0,3803,T
5-NP,415,0,3802,0,1,3803,T
5-NP,416,1,4,3789,1,3795,G
5-NP,417,1,0,3790,0,3791,G
5-NP,418,0,0,0,3798,3798,C
5-NP,419,3777,0,1,0,3778,A
5-NP,420,0,3777,0,3,3780,T
5-NP,421,0,3776,0,2,3778,T
5-NP,422,3,1,0,3775,3779,C
5-NP,423,3,0,0,3786,3789,C
5-NP,424,3870,0,1,0,3871,A
5-NP,425,3868,0,0,0,3868,A
5-NP,426,0,3867,0,0,3867,T
5-NP,427,0,3874,1,0,3875,T
5-NP,428,0,3867,0,0,3867,T
5-NP,429,1,6,3887,0,3894,G
5-NP,430,3888,0,3,0,3891,A
5-NP,431,3903,0,3,0,3906,A
5-NP,432,0,3928,0,0,3928,T
5-NP,433,2,4,3889,0,3895,G
5-NP,434,4033,1,4,0,4038,A
5-NP,435,0,4055,0,1,4056,T
5-NP,436,0,1,4068,0,4069,G
5-NP,437,2,2,0,4173,4177,C
5-NP,438,4162,0,6,0,4168,A
5-NP,439,4339,0,6,0,4345,A
5-NP,440,0,0,0,4354,4354,C
5-NP,441,4415,0,0,0,4415,A
5-NP,442,0,4494,0,0,4494,T
5-NP,443,4393,1,4,0,4398,A
5-NP,444,0,2,0,4495,4497,C
5-NP,445,1,0,0,4492,4493,C
5-NP,446,4375,1,3,0,4379,A
5-NP,447,0,2,4419,0,4421,G
5-NP,448,4317,0,4,0,4321,A
5-NP,449,0,5,4436,0,4441,G
5-NP,450,1,5,4419,0,4425,G
5-NP,451,4380,0,3,0,4383,A
5-NP,452,0,0,0,4434,4434,C
5-NP,453,4369,0,2,0,4371,A
5-NP,454,4371,0,2,0,4373,A
5-NP,455,0,2,4380,0,4382,G
5-NP,456,4321,0,7,0,4328,A
5-NP,457,2,0,4356,0,4358,G
5-NP,458,0,2,1,4332,4335,C
5-NP,459,0,4310,0,6,4316,T
5-NP,460,1,0,0,4340,4341,C
5-NP,461,0,4334,0,2,4336,T
5-NP,462,0,4346,0,0,4346,T
5-NP,463,0,1,4367,0,4368,G
5-NP,464,0,4344,0,0,4344,T
5-NP,465,0,4340,0,1,4341,T
5-NP,466,7,1,0,4320,4328,C
5-NP,467,0,6,4315,1,4322,G
5-NP,468,4408,0,1,0,4409,A
5-NP,469,4409,0,0,0,4409,A
5-NP,470,0,0,0,4454,4454,C
5-NP,471,0,4446,0,6,4452,T
5-NP,472,0,3,4506,0,4509,G
5-NP,473,0,3,4524,0,4527,G
5-NP,474,4512,0,3,0,4515,A
5-NP,475,4529,0,4,0,4533,A
5-NP,476,0,4506,0,2,4508,T
5-NP,477,0,4,4497,0,4501,G
5-NP,478,0,0,4499,0,4499,G
5-NP,479,4521,0,4,0,4525,A
5-NP,480,0,4562,0,2,4564,T
5-NP,481,0,0,0,4587,4587,C
5-NP,482,1,0,0,4576,4577,C
5-NP,483,3,2,0,4608,4613,C
5-NP,484,4642,0,3,0,4645,A
5-NP,485,2,0,4693,0,4695,G
5-NP,486,4692,0,0,0,4692,A
5-NP,487,4658,1,1,0,4660,A
5-NP,488,0,4613,0,0,4613,T
5-NP,489,1,0,4657,0,4658,G
5-NP,490,0,4615,0,2,4617,T
5-NP,491,0,0,4637,0,4637,G
5-NP,492,0,0,0,4649,4649,C
5-NP,493,0,4623,0,6,4629,T
5-NP,494,4,0,0,4889,4893,C
5-NP,495,0,4853,0,3,4856,T
5-NP,496,2,1,0,5043,5046,C
5-NP,497,1,5055,0,2,5058,T
5-NP,498,0,2,5058,0,5060,G
5-NP,499,5097,0,1,3,5101,A
5-NP,500,2,5072,0,1,5075,T
5-NP,501,2,0,5076,0,5078,G
5-NP,502,2,1,0,5073,5076,C
5-NP,503,4907,0,3,0,4910,A
5-NP,504,0,6,5038,0,5044,G
5-NP,505,2,2,4930,0,4934,G
5-NP,506,1,0,4973,0,4974,G
5-NP,507,1,1,0,4975,4977,C
5-NP,508,1,4953,0,3,4957,T
5-NP,509,9,0,0,4977,4986,C
5-NP,510,0,9,4989,0,4998,G
5-NP,511,5052,0,2,0,5054,A
5-NP,512,1,0,0,5074,5075,C
5-NP,513,0,4986,0,3,4989,T
5-NP,514,3,1,0,5222,5226,C
5-NP,515,0,5183,0,4,5187,T
5-NP,516,8,0,0,5886,5894,C
5-NP,517,1,1,0,5908,5910,C
5-NP,518,4,0,0,5892,5896,C
5-NP,519,0,5910,0,2,5912,T
5-NP,520,5873,0,0,0,5873,A
5-NP,521,1,2,5866,0,5869,G
5-NP,522,5836,0,0,3,5839,A
5-NP,523,5698,0,1,3,5702,A
5-NP,524,5,2,5713,0,5720,G
5-NP,525,1,0,5574,0,5575,G
5-NP,526,0,5413,0,5,5418,T
5-NP,527,7,1,0,5476,5484,C
5-NP,528,2,2,0,5477,5481,C
5-NP,529,1,1,5484,0,5486,G
5-NP,530,0,4,5506,0,5510,G
5-NP,531,5510,0,6,0,5516,A
5-NP,532,1,1,5564,0,5566,G
5-NP,533,0,0,0,5569,5569,C
5-NP,534,1,5495,0,5,5501,T
5-NP,535,0,0,5528,0,5528,G
5-NP,536,0,1,1,5529,5531,C
5-NP,537,5522,0,11,0,5533,A
5-NP,538,1,0,5547,1,5549,G
5-NP,539,2,1,5568,0,5571,G
5-NP,540,0,5466,0,0,5466,T
5-NP,541,0,1,5540,0,5541,G
5-NP,542,1,2,0,5536,5539,C
5-NP,543,2,5545,0,6,5553,T
5-NP,544,0,1,5563,1,5565,G
5-NP,545,0,1,1,5558,5560,C
5-NP,546,5594,0,2,1,5597,A
5-NP,547,2,1,5700,0,5703,G
5-NP,548,1,5627,0,1,5629,T
5-NP,549,7,0,0,5653,5660,C
5-NP,550,5642,0,1,0,5643,A
5-NP,551,5630,1,2,1,5634,A
5-NP,552,5613,3,14,0,5630,A
5-NP,553,2,5,5658,0,5665,G
5-NP,554,2,6,5675,1,5684,G
5-NP,555,5642,0,1,0,5643,A
5-NP,556,5613,0,4,0,5617,A
5-NP,557,1,5622,0,0,5623,T
5-NP,558,5,2,0,5621,5628,C
5-NP,559,0,8,5607,0,5615,G
5-NP,560,3,2,5782,0,5787,G
5-NP,561,1,2,5796,0,5799,G
5-NP,562,5754,0,5,0,5759,A
5-NP,563,1,0,0,5793,5794,C
5-NP,564,5710,7,2,1,5720,A
5-NP,565,5844,0,3,0,5847,A
5-NP,566,0,5894,0,2,5896,T
5-NP,567,2,4,5933,0,5939,G
5-NP,568,1,3,5975,0,5979,G
5-NP,569,1,5774,0,3,5778,T
5-NP,570,1,7,5881,0,5889,G
5-NP,571,5857,0,3,1,5861,A
5-NP,572,1,5867,0,0,5868,T
5-NP,573,1,4,5877,1,5883,G
5-NP,574,1,4,5992,0,5997,G
5-NP,575,5941,0,10,0,5951,A
5-NP,576,5982,2,4,0,5988,A
5-NP,577,4,1,0,5935,5940,C
5-NP,578,0,5893,0,0,5893,T
5-NP,579,5863,1,2,0,5866,A
5-NP,580,6104,1,2,1,6108,A
5-NP,581,0,6130,0,0,6130,T
5-NP,582,2,1,0,6130,6133,C
5-NP,583,5953,0,3,1,5957,A
5-NP,584,0,2,6048,0,6050,G
5-NP,585,5978,0,5,0,5983,A
5-NP,586,6020,0,3,0,6023,A
5-NP,587,0,6019,0,0,6019,T
5-NP,588,1,4,5993,0,5998,G
5-NP,589,3,0,6056,0,6059,G
5-NP,590,0,6037,0,13,6050,T
5-NP,591,7,1,0,6065,6073,C
5-NP,592,6081,0,0,0,6081,A
5-NP,593,6058,0,1,0,6059,A
5-NP,594,6067,0,4,1,6072,A
5-NP,595,0,3,1,6089,6093,C
5-NP,596,1,0,6080,0,6081,G
5-NP,597,1,5,6059,0,6065,G
5-NP,598,0,2,5991,0,5993,G
5-NP,599,3,2,6010,0,6015,G
5-NP,600,3,5,6033,0,6041,G
5-NP,601,6027,1,5,0,6033,A
5-NP,602,1,6004,0,5,6010,T
5-NP,603,7,1,0,6019,6027,C
5-NP,604,6039,0,6,0,6045,A
5-NP,605,6039,0,1,0,6040,A
5-NP,606,0,0,1,5993,5994,C
5-NP,607,1,6,5964,0,5971,G
5-NP,608,5951,1,1,0,5953,A
5-NP,609,0,5927,0,1,5928,T
5-NP,610,7,1,0,5959,5967,C
5-NP,611,2,2,5988,0,5992,G
5-NP,612,5943,0,0,0,5943,A
5-NP,613,5968,0,0,0,5968,A
5-NP,614,5962,0,0,1,5963,A
5-NP,615,1,6024,0,0,6025,T
5-NP,616,0,6035,0,0,6035,T
5-NP,617,0,6030,0,0,6030,T
5-NP,618,0,6051,0,4,6055,T
5-NP,619,1,6065,0,0,6066,T
5-NP,620,2,2,6072,0,6076,G
5-NP,621,6,11,6022,0,6039,G
5-NP,622,6015,0,3,0,6018,A
5-NP,623,0,1,6072,0,6073,G
5-NP,624,5956,1,3,0,5960,A
5-NP,625,1,4,6237,0,6242,G
5-NP,626,1,0,6260,0,6261,G
5-NP,627,4,6188,0,13,6205,T
5-NP,628,0,4,6270,0,6274,G
5-NP,629,6251,0,13,0,6264,A
5-NP,630,1,8,6319,0,6328,G
5-NP,631,6327,0,5,0,6332,A
5-NP,632,6304,0,3,0,6307,A
5-NP,633,2,6287,0,0,6289,T
5-NP,634,1,2,6080,0,6083,G
5-NP,635,0,3,6046,0,6049,G
5-NP,636,5972,0,16,0,5988,A
5-NP,637,0,5,0,6016,6021,C
5-NP,638,4,4,6024,0,6032,G
5-NP,639,1,7,6111,0,6119,G
5-NP,640,6104,2,2,0,6108,A
5-NP,641,6118,0,1,0,6119,A
5-NP,642,6199,0,0,0,6199,A
5-NP,643,6191,1,6,1,6199,A
5-NP,644,2,0,0,6240,6242,C
5-NP,645,6224,1,1,4,6230,A
5-NP,646,6228,0,3,0,6231,A
5-NP,647,0,1,6221,0,6222,G
5-NP,648,6007,0,4,0,6011,A
5-NP,649,6054,0,3,0,6057,A
5-NP,650,0,0,6198,0,6198,G
5-NP,651,0,6141,1,0,6142,T
5-NP,652,3,0,6458,0,6461,G
5-NP,653,2,3,1,6417,6423,C
5-NP,654,0,6443,2,9,6454,T
5-NP,655,0,6496,0,0,6496,T
5-NP,656,6570,0,2,0,6572,A
5-NP,657,0,6577,1,4,6582,T
5-NP,658,0,4,6600,0,6604,G
5-NP,659,6395,2,11,0,6408,A
5-NP,660,6,4,6434,0,6444,G
5-NP,661,6075,0,1,0,6076,A
5-NP,662,5,2,6099,0,6106,G
5-NP,663,6101,0,4,0,6105,A
5-NP,664,6157,0,0,0,6157,A
5-NP,665,1,6068,0,0,6069,T
5-NP,666,7,1,6141,0,6149,G
5-NP,667,1,6086,0,4,6091,T
5-NP,668,4,0,6135,0,6139,G
5-NP,669,0,5,1,6119,6125,C
5-NP,670,6109,1,2,0,6112,A
5-NP,671,6089,3,9,0,6101,A
5-NP,672,0,0,0,6094,6094,C
5-NP,673,6031,0,0,0,6031,A
5-NP,674,0,6062,0,1,6063,T
5-NP,675,0,5986,0,2,5988,T
5-NP,676,3,0,0,6006,6009,C
5-NP,677,1,6004,0,1,6006,T
5-NP,678,0,6001,0,2,6003,T
5-NP,679,5995,1,0,0,5996,A
5-NP,680,5964,4,1,0,5969,A
5-NP,681,5977,0,7,0,5984,A
5-NP,682,0,7,5970,0,5977,G
5-NP,683,5,3,5938,0,5946,G
5-NP,684,5925,0,8,0,5933,A
5-NP,685,5918,0,1,0,5919,A
5-NP,686,5923,0,1,0,5924,A
5-NP,687,6021,0,1,0,6022,A
5-NP,688,1,6002,0,1,6004,T
5-NP,689,1,5990,0,5,5996,T
5-NP,690,0,6002,1,2,6005,T
5-NP,691,4,1,0,6021,6026,C
5-NP,692,6037,0,1,0,6038,A
5-NP,693,6025,0,3,0,6028,A
5-NP,694,6019,0,3,0,6022,A
5-NP,695,2,1,0,6078,6081,C
5-NP,696,6005,0,0,0,6005,A
5-NP,697,0,1,6095,0,6096,G
5-NP,698,1,0,0,6101,6102,C
5-NP,699,0,6078,0,2,6080,T
5-NP,700,3,1,6204,0,6208,G
5-NP,701,2,5,0,6195,6202,C
5-NP,702,6233,1,14,0,6248,A
5-NP,703,1,0,0,6255,6256,C
5-NP,704,6215,1,4,0,6220,A
5-NP,705,6233,0,2,0,6235,A
5-NP,706,6074,0,5,1,6080,A
5-NP,707,3,8,6245,0,6256,G
5-NP,708,6216,1,13,1,6231,A
5-NP,709,3,1,6267,0,6271,G
5-NP,710,2,0,0,6239,6241,C
5-NP,711,6231,1,1,0,6233,A
5-NP,712,6407,0,4,0,6411,A
5-NP,713,0,6417,1,0,6418,T
5-NP,714,7,2,6425,1,6435,G
5-NP,715,1,1,6464,0,6466,G
5-NP,716,1,6272,2,7,6282,T
5-NP,717,6,0,6315,0,6321,G
5-NP,718,1,5,6343,0,6349,G
5-NP,719,6334,0,3,0,6337,A
5-NP,720,0,6326,0,3,6329,T
5-NP,721,7,1,0,6171,6179,C
5-NP,722,6195,1,1,0,6197,A
5-NP,723,6227,1,2,0,6230,A
5-NP,724,1,2,6281,0,6284,G
5-NP,725,0,6226,0,1,6227,T
5-NP,726,0,6,6228,0,6234,G
5-NP,727,6171,0,7,0,6178,A
5-NP,728,0,6,6191,0,6197,G
5-NP,729,6187,0,16,0,6203,A
5-NP,730,1,5,6195,0,6201,G
5-NP,731,6171,2,3,0,6176,A
5-NP,732,6066,0,0,0,6066,A
5-NP,733,6092,0,10,0,6102,A
5-NP,734,1,0,6114,0,6115,G
5-NP,735,1,6040,0,2,6043,T
5-NP,736,5,6,0,6080,6091,C
5-NP,737,5,0,6047,0,6052,G
5-NP,738,2,4,6053,0,6059,G
5-NP,739,6077,1,2,0,6080,A
5-NP,740,6077,0,1,0,6078,A
5-NP,741,0,0,0,6117,6117,C
5-NP,742,4,4,0,6055,6063,C
5-NP,743,2,0,0,6083,6085,C
5-NP,744,6084,0,4,0,6088,A
5-NP,745,1,2,6097,0,6100,G
5-NP,746,1,3,6093,0,6097,G
5-NP,747,6082,0,2,1,6085,A
5-NP,748,6095,0,0,0,6095,A
5-NP,749,6042,0,3,2,6047,A
5-NP,750,2,1,0,6075,6078,C
5-NP,751,0,0,6057,0,6057,G
5-NP,752,1,0,0,6063,6064,C
5-NP,753,0,6022,0,7,6029,T
5-NP,754,1,9,6050,1,6061,G
5-NP,755,6026,0,1,0,6027,A
5-NP,756,2,3,6125,0,6130,G
5-NP,757,6184,1,4,0,6189,A
5-NP,758,0,6152,2,1,6155,T
5-NP,759,1,4,0,6098,6103,C
5-NP,760,3,0,6101,0,6104,G
5-NP,761,6090,0,5,0,6095,A
5-NP,762,6067,0,2,0,6069,A
5-NP,763,0,7,6062,1,6070,G
5-NP,764,6015,1,4,0,6020,A
5-NP,765,0,4,0,5860,5864,C
5-NP,766,4,2,0,6049,6055,C
5-NP,767,3,6060,1,14,6078,T
5-NP,768,7,1,0,6082,6090,C
5-NP,769,6114,1,0,0,6115,A
5-NP,770,0,6121,0,1,6122,T
5-NP,771,6134,3,0,0,6137,A
5-NP,772,0,6136,0,0,6136,T
5-NP,773,0,6097,0,2,6099,T
5-NP,774,0,6006,0,1,6007,T
5-NP,775,0,5942,0,8,5950,T
5-NP,776,0,5950,0,3,5953,T
5-NP,777,5967,1,3,0,5971,A
5-NP,778,2,1,5952,1,5956,G
5-NP,779,0,1,0,5952,5953,C
5-NP,780,5923,0,2,1,5926,A
5-NP,781,5911,0,0,0,5911,A
5-NP,782,0,2,6111,0,6113,G
5-NP,783,6092,1,0,0,6093,A
5-NP,784,0,6087,0,4,6091,T
5-NP,785,1,0,0,6157,6158,C
5-NP,786,2,6109,0,0,6111,T
5-NP,787,0,0,6283,0,6283,G
5-NP,788,1,0,0,6301,6302,C
5-NP,789,6300,0,1,2,6303,A
5-NP,790,0,6363,1,2,6366,T
5-NP,791,1,6113,0,1,6115,T
5-NP,792,0,2,6509,0,6511,G
5-NP,793,6618,1,1,1,6621,A
5-NP,794,2,6622,0,2,6626,T
5-NP,795,6642,1,2,1,6646,A
5-NP,796,0,6528,0,0,6528,T
5-NP,797,0,6470,0,1,6471,T
5-NP,798,0,3,6521,0,6524,G
5-NP,799,6445,0,7,0,6452,A
5-NP,800,6,4,6483,0,6493,G
5-NP,801,6108,0,9,0,6117,A
5-NP,802,0,3,5995,0,5998,G
5-NP,803,0,6,6055,0,6061,G
5-NP,804,6021,0,12,0,6033,A
5-NP,805,0,5981,0,8,5989,T
5-NP,806,9,3,0,6036,6048,C
5-NP,807,5992,0,1,0,5993,A
5-NP,808,0,0,6033,0,6033,G
5-NP,809,0,5988,0,1,5989,T
5-NP,810,0,5945,0,0,5945,T
5-NP,811,2,0,5948,0,5950,G
5-NP,812,0,0,0,5902,5902,C
5-NP,813,0,5899,0,4,5903,T
5-NP,814,7,0,0,5921,5928,C
5-NP,815,5914,2,4,0,5920,A
5-NP,816,0,1,0,5941,5942,C
5-NP,817,5936,1,1,0,5938,A
5-NP,818,5971,0,2,1,5974,A
5-NP,819,5949,1,0,1,5951,A
5-NP,820,1,5912,0,0,5913,T
5-NP,821,1,0,0,5970,5971,C
5-NP,822,0,5946,0,3,5949,T
5-NP,823,0,5920,0,2,5922,T
5-NP,824,1,1,5958,0,5960,G
5-NP,825,0,4,0,5943,5947,C
5-NP,826,3,1,0,6001,6005,C
5-NP,827,1,6019,0,5,6025,T
5-NP,828,5964,1,3,0,5968,A
5-NP,829,3,1,0,6023,6027,C
5-NP,830,0,0,0,6045,6045,C
5-NP,831,1,6024,0,5,6030,T
5-NP,832,0,1,6100,0,6101,G
5-NP,833,2,0,0,6057,6059,C
5-NP,834,4,2,0,6095,6101,C
5-NP,835,3,5973,1,6,5983,T
5-NP,836,2,1,6064,0,6067,G
5-NP,837,0,5995,0,2,5997,T
5-NP,838,0,1,6090,0,6091,G
5-NP,839,1,0,0,6112,6113,C
5-NP,840,1,1,6203,0,6205,G
5-NP,841,0,6074,0,3,6077,T
5-NP,842,6067,1,1,0,6069,A
5-NP,843,0,6074,1,1,6076,T
5-NP,844,1,3,6067,0,6071,G
5-NP,845,0,8,6252,0,6260,G
5-NP,846,6214,0,3,0,6217,A
5-NP,847,0,0,0,6109,6109,C
5-NP,848,2,1,0,6131,6134,C
5-NP,849,0,6037,0,7,6044,T
5-NP,850,2,2,6286,0,6290,G
5-NP,851,0,0,0,6301,6301,C
5-NP,852,6297,2,4,0,6303,A
5-NP,853,0,0,6407,0,6407,G
5-NP,854,1,6082,0,0,6083,T
5-NP,855,6291,0,2,0,6293,A
5-NP,856,0,6214,0,5,6219,T
5-NP,857,1,2,0,6223,6226,C
5-NP,858,4,0,0,6243,6247,C
5-NP,859,5905,1,1,1,5908,A
5-NP,860,1,1,5929,0,5931,G
5-NP,861,0,5886,0,3,5889,T
5-NP,862,2,4,5983,0,5989,G
5-NP,863,0,1,5957,0,5958,G
5-NP,864,1,0,5847,0,5848,G
5-NP,865,1,5819,1,2,5823,T
5-NP,866,5826,0,3,0,5829,A
5-NP,867,0,0,0,5808,5808,C
5-NP,868,1,10,5784,0,5795,G
5-NP,869,5734,0,3,1,5738,A
5-NP,870,0,1,0,5747,5748,C
5-NP,871,0,5588,1,2,5591,T
5-NP,872,0,5608,0,0,5608,T
5-NP,873,2,0,0,5619,5621,C
5-NP,874,1,3,5624,0,5628,G
5-NP,875,5592,0,4,1,5597,A
5-NP,876,5630,0,0,0,5630,A
5-NP,877,5638,0,0,0,5638,A
5-NP,878,5638,0,0,0,5638,A
5-NP,879,5597,0,17,0,5614,A
5-NP,880,0,3,5631,1,5635,G
5-NP,881,5606,0,13,0,5619,A
5-NP,882,2,4,5644,1,5651,G
5-NP,883,5,4,5696,0,5705,G
5-NP,884,1,3,5706,0,5710,G
5-NP,885,5727,0,4,0,5731,A
5-NP,886,0,5700,0,4,5704,T
5-NP,887,5742,0,0,0,5742,A
5-NP,888,0,5737,0,1,5738,T
5-NP,889,0,5724,1,1,5726,T
5-NP,890,6,0,0,5783,5789,C
5-NP,891,3,0,0,5757,5760,C
5-NP,892,1,5678,0,3,5682,T
5-NP,893,0,5690,0,2,5692,T
5-NP,894,0,5,5735,0,5740,G
5-NP,895,3,0,5754,0,5757,G
5-NP,896,1,5703,1,2,5707,T
5-NP,897,0,3,5717,1,5721,G
5-NP,898,1,2,5681,0,5684,G
5-NP,899,1,3,5922,0,5926,G
5-NP,900,5915,0,3,0,5918,A
5-NP,901,5926,0,1,0,5927,A
5-NP,902,0,5924,0,0,5924,T
5-NP,903,5798,1,3,0,5802,A
5-NP,904,0,10,5797,0,5807,G
5-NP,905,5700,1,4,0,5705,A
5-NP,906,1,2,0,5708,5711,C
5-NP,907,3,0,0,5632,5635,C
5-NP,908,5,0,0,5450,5455,C
5-NP,909,2,5499,0,15,5516,T
5-NP,910,0,5515,0,3,5518,T
5-NP,911,0,5515,0,2,5517,T
5-NP,912,3,0,0,5524,5527,C
5-NP,913,5512,0,0,0,5512,A
5-NP,914,5506,1,1,0,5508,A
5-NP,915,5481,0,2,0,5483,A
5-NP,916,0,0,0,5494,5494,C
5-NP,917,0,5349,0,0,5349,T
5-NP,918,5322,0,1,0,5323,A
5-NP,919,0,0,0,5374,5374,C
5-NP,920,1,5349,1,8,5359,T
5-NP,921,2,5311,0,1,5314,T
5-NP,922,4,0,0,5373,5377,C
5-NP,923,5353,1,4,0,5358,A
5-NP,924,5363,0,0,0,5363,A
5-NP,925,5338,0,0,0,5338,A
5-NP,926,5329,1,2,0,5332,A
5-NP,927,0,5293,0,1,5294,T
5-NP,928,5203,0,1,0,5204,A
5-NP,929,1,0,5266,0,5267,G
5-NP,930,0,1,1,5268,5270,C
5-NP,931,7,1,0,5351,5359,C
5-NP,932,5360,0,4,0,5364,A
5-NP,933,5368,0,1,0,5369,A
5-NP,934,5515,0,0,0,5515,A
5-NP,935,0,5539,0,0,5539,T
5-NP,936,5575,2,2,1,5580,A
5-NP,937,0,5559,0,1,5560,T
5-NP,938,5452,0,3,0,5455,A
5-NP,939,1,4,0,5461,5466,C
5-NP,940,5333,0,3,0,5336,A
5-NP,941,1,0,5445,0,5446,G
5-NP,942,0,0,0,5442,5442,C
5-NP,943,0,5238,1,5,5244,T
5-NP,944,2,5289,0,3,5294,T
5-NP,945,5298,0,1,0,5299,A
5-NP,946,5312,0,0,0,5312,A
5-NP,947,1,5286,1,0,5288,T
5-NP,948,3,0,0,5289,5292,C
5-NP,949,5068,1,7,0,5076,A
5-NP,950,0,2,5088,0,5090,G
5-NP,951,5064,0,6,1,5071,A
5-NP,952,0,5,0,5131,5136,C
5-NP,953,1,0,0,5070,5071,C
5-NP,954,3,5000,0,5,5008,T
5-NP,955,5048,0,2,0,5050,A
5-NP,956,5038,0,0,0,5038,A
5-NP,957,1,1,0,5060,5062,C
5-NP,958,1,4,5063,0,5068,G
5-NP,959,4954,0,3,0,4957,A
5-NP,960,0,6,4943,1,4950,G
5-NP,961,4911,0,3,0,4914,A
5-NP,962,4947,0,2,0,4949,A
5-NP,963,0,4910,0,1,4911,T
5-NP,964,5,2,0,4864,4871,C
5-NP,965,5,2,0,4872,4879,C
5-NP,966,4787,1,2,0,4790,A
5-NP,967,1,0,4800,0,4801,G
5-NP,968,0,2,0,4789,4791,C
5-NP,969,4802,1,4,0,4807,A
5-NP,970,1,0,0,4834,4835,C
5-NP,971,4756,0,3,1,4760,A
5-NP,972,0,0,1,4788,4789,C
5-NP,973,4783,0,3,0,4786,A
5-NP,974,4792,1,1,0,4794,A
5-NP,975,3,2,4810,0,4815,G
5-NP,976,4729,0,9,0,4738,A
5-NP,977,0,0,4745,0,4745,G
5-NP,978,0,4592,0,3,4595,T
5-NP,979,8,0,0,4570,4578,C
5-NP,980,4566,0,4,0,4570,A
5-NP,981,1,1,4560,0,4562,G
5-NP,982,0,1,0,4546,4547,C
5-NP,983,0,4495,0,3,4498,T
5-NP,984,1,4,4510,0,4515,G
5-NP,985,0,2,4547,0,4549,G
5-NP,986,0,4513,0,1,4514,T
5-NP,987,5,0,4539,1,4545,G
5-NP,988,0,4474,0,3,4477,T
5-NP,989,0,5,4479,0,4484,G
5-NP,990,0,3,4460,0,4463,G
5-NP,991,4411,0,3,0,4414,A
5-NP,992,0,4415,0,2,4417,T
5-NP,993,0,4,4178,0,4182,G
5-NP,994,2,0,4109,0,4111,G
5-NP,995,1,2,0,4101,4104,C
5-NP,996,4036,1,1,0,4038,A
5-NP,997,0,4021,3,3,4027,T
5-NP,998,0,1,3996,0,3997,G
5-NP,999,1,1,1,4015,4018,C
5-NP,1000,3,1,0,4028,4032,C
5-NP,1001,4021,0,1,0,4022,A
5-NP,1002,0,3992,0,6,3998,T
5-NP,1003,0,3885,0,0,3885,T
5-NP,1004,3,1,1,3929,3934,C
5-NP,1005,0,3850,1,1,3852,T
5-NP,1006,0,1,3840,0,3841,G
5-NP,1007,0,1,0,3837,3838,C
5-NP,1008,0,3605,0,5,3610,T
5-NP,1009,0,0,3639,0,3639,G
5-NP,1010,2,1,0,3500,3503,C
5-NP,1011,3514,0,0,0,3514,A
5-NP,1012,0,3498,0,1,3499,T
5-NP,1013,0,3454,0,0,3454,T
5-NP,1014,0,3455,0,1,3456,T
5-NP,1015,0,2,3446,0,3448,G
5-NP,1016,3438,1,2,0,3441,A
5-NP,1017,3450,0,2,0,3452,A
5-NP,1018,0,0,3470,0,3470,G
5-NP,1019,3440,0,2,0,3442,A
5-NP,1020,0,3424,0,0,3424,T
5-NP,1021,0,3414,0,1,3415,T
5-NP,1022,0,3420,0,0,3420,T
5-NP,1023,3419,0,3,0,3422,A
5-NP,1024,3425,1,0,0,3426,A
5-NP,1025,0,2,3422,0,3424,G
5-NP,1026,3408,0,4,0,3412,A
5-NP,1027,1,3393,0,0,3394,T
5-NP,1028,0,3335,0,0,3335,T
5-NP,1029,0,0,3347,0,3347,G
5-NP,1030,0,3343,0,3,3346,T
5-NP,1031,0,3345,1,2,3348,T
5-NP,1032,3350,0,1,0,3351,A
5-NP,1033,3342,0,2,0,3344,A
5-NP,1034,1,1,3340,0,3342,G
5-NP,1035,0,0,0,3363,3363,C
5-NP,1036,0,3270,0,6,3276,T
5-NP,1037,0,3279,0,4,3283,T
5-NP,1038,2,1,0,3296,3299,C
5-NP,1039,3284,0,2,0,3286,A
5-NP,1040,0,3274,0,4,3278,T
5-NP,1041,0,0,0,3294,3294,C
5-NP,1042,3239,0,5,0,3244,A
5-NP,1043,0,2,3235,0,3237,G
5-NP,1044,3181,0,5,0,3186,A
5-NP,1045,4,5,3183,0,3192,G
5-NP,1046,2,2,3160,0,3164,G
5-NP,1047,1,1,3149,0,3151,G
5-NP,1048,3139,0,8,0,3147,A
5-NP,1049,0,0,1,3159,3160,C
5-NP,1050,3164,0,0,0,3164,A
5-NP,1051,3171,0,0,1,3172,A
5-NP,1052,3176,0,1,0,3177,A
5-NP,1053,3174,0,7,0,3181,A
5-NP,1054,0,0,3182,0,3182,G
5-NP,1055,0,3081,0,3,3084,T
5-NP,1056,3057,0,3,0,3060,A
5-NP,1057,0,3032,0,2,3034,T
5-NP,1058,1,0,0,3025,3026,C
5-NP,1059,0,2987,0,2,2989,T
5-NP,1060,0,0,0,3026,3026,C
5-NP,1061,0,0,0,3019,3019,C
5-NP,1062,0,2970,1,0,2971,T
5-NP,1063,2,0,0,2992,2994,C
5-NP,1064,0,4,2985,0,2989,G
5-NP,1065,0,1,3017,0,3018,G
5-NP,1066,0,2,3016,0,3018,G
5-NP,1067,1,0,3011,0,3012,G
5-NP,1068,1,1,3005,0,3007,G
5-NP,1069,2949,0,0,0,2949,A
5-NP,1070,2949,0,0,0,2949,A
5-NP,1071,2942,0,2,0,2944,A
5-NP,1072,0,0,1,2955,2956,C
5-NP,1073,0,2941,0,1,2942,T
5-NP,1074,1,0,2961,0,2962,G
5-NP,1075,0,2927,0,3,2930,T
5-NP,1076,3,0,0,2938,2941,C
5-NP,1077,2977,0,2,0,2979,A
5-NP,1078,2994,0,1,0,2995,A
5-NP,1079,0,0,0,3002,3002,C
5-NP,1080,0,2997,0,0,2997,T
5-NP,1081,2933,1,0,0,2934,A
5-NP,1082,0,0,2942,0,2942,G
5-NP,1083,2881,0,2,0,2883,A
5-NP,1084,0,0,2886,0,2886,G
5-NP,1085,0,1,2890,0,2891,G
5-NP,1086,2739,0,4,0,2743,A
5-NP,1087,0,0,2771,0,2771,G
5-NP,1088,0,2730,0,1,2731,T
5-NP,1089,2727,1,2,0,2730,A
5-NP,1090,0,0,0,2734,2734,C
5-NP,1091,2704,0,1,0,2705,A
5-NP,1092,2695,0,0,0,2695,A
5-NP,1093,2664,0,1,0,2665,A
5-NP,1094,0,2631,0,0,2631,T
5-NP,1095,0,2618,0,0,2618,T
5-NP,1096,0,1,2530,0,2531,G
5-NP,1097,0,0,0,2498,2498,C
5-NP,1098,1,2486,1,3,2491,T
5-NP,1099,1,2477,1,0,2479,T
5-NP,1100,3,0,0,2491,2494,C
5-NP,1101,2495,1,1,0,2497,A
5-NP,1102,2496,0,1,0,2497,A
5-NP,1103,2499,0,0,0,2499,A
5-NP,1104,0,2493,1,0,2494,T
5-NP,1105,0,3,2495,0,2498,G
5-NP,1106,2433,0,5,0,2438,A
5-NP,1107,0,1,2455,0,2456,G
5-NP,1108,2442,0,8,0,2450,A
5-NP,1109,2449,0,1,0,2450,A
5-NP,1110,0,3,0,2445,2448,C
5-NP,1111,2413,0,1,0,2414,A
5-NP,1112,0,2402,0,0,2402,T
5-NP,1113,1,1,2432,0,2434,G
5-NP,1114,0,0,2449,0,2449,G
5-NP,1115,2434,1,3,0,2438,A
5-NP,1116,0,2390,0,0,2390,T
5-NP,1117,2369,0,1,0,2370,A
5-NP,1118,2452,0,0,0,2452,A
5-NP,1119,0,2378,0,0,2378,T
5-NP,1120,2371,0,1,0,2372,A
5-NP,1121,1,2338,0,0,2339,T
5-NP,1122,3,1,2137,0,2141,G
5-NP,1123,1,0,2066,0,2067,G
5-NP,1124,2,0,2054,0,2056,G
5-NP,1125,2044,0,1,0,2045,A
5-NP,1126,0,2027,0,1,2028,T
5-NP,1127,0,0,0,1509,1509,C
5-NP,1128,0,5,1512,0,1517,G
5-NP,1129,1499,1,2,0,1502,A
5-NP,1130,0,1,1502,0,1503,G
5-NP,1131,0,2,0,1496,1498,C
5-NP,1132,1475,0,1,0,1476,A
5-NP,1133,1,2,0,1512,1515,C
5-NP,1134,0,1472,0,0,1472,T
5-NP,1135,3,0,0,1489,1492,C
5-NP,1136,0,1479,0,1,1480,T
5-NP,1137,0,1454,0,1,1455,T
5-NP,1138,0,2,1456,0,1458,G
5-NP,1139,1446,0,1,0,1447,A
5-NP,1140,1455,0,1,0,1456,A
5-NP,1141,0,0,0,1448,1448,C
5-NP,1142,0,1070,0,0,1070,T
5-NP,1143,0,2,1075,0,1077,G
5-NP,1144,1018,0,2,0,1020,A
5-NP,1145,1,0,1017,0,1018,G
5-NP,1146,1019,0,1,0,1020,A
5-NP,1147,1001,0,0,0,1001,A
5-NP,1148,0,0,1001,0,1001,G
5-NP,1149,0,0,0,961,961,C
5-NP,1150,0,0,959,0,959,G
5-NP,1151,1,0,956,0,957,G
5-NP,1152,4,0,932,0,936,G
5-NP,1153,0,914,0,0,914,T
5-NP,1154,886,0,0,0,886,A
5-NP,1155,0,0,0,883,883,C
5-NP,1156,0,622,0,2,624,T
5-NP,1157,0,0,607,0,607,G
5-NP,1158,1,1,585,0,587,G
5-NP,1159,0,0,571,0,571,G
5-NP,1160,0,0,0,559,559,C
5-NP,1161,0,0,0,511,511,C
5-NP,1162,516,0,0,0,516,A
5-NP,1163,0,518,0,0,518,T
5-NP,1164,517,0,0,1,518,A
5-NP,1165,518,0,0,0,518,A
5-NP,1166,0,0,514,0,514,G
5-NP,1167,0,0,522,0,522,G
5-NP,1168,507,0,0,0,507,A
5-NP,1169,0,0,0,510,510,C
5-NP,1170,0,0,0,505,505,C
5-NP,1171,506,0,1,0,507,A
5-NP,1172,0,0,524,0,524,G
5-NP,1173,0,1,525,0,526,G
5-NP,1174,524,0,1,0,525,A
5-NP,1175,0,0,531,0,531,G
5-NP,1176,0,500,0,0,500,T
5-NP,1177,0,0,505,0,505,G
5-NP,1178,0,1,503,0,504,G
5-NP,1179,503,0,1,0,504,A
5-NP,1180,0,0,506,0,506,G
5-NP,1181,0,0,497,0,497,G
5-NP,1182,494,0,0,0,494,A
5-NP,1183,494,0,0,0,494,A
5-NP,1184,497,0,0,0,497,A
5-NP,1185,0,0,0,502,502,C
5-NP,1186,497,0,0,0,497,A
5-NP,1187,1,0,0,508,509,C
5-NP,1188,0,502,0,0,502,T
5-NP,1189,518,0,0,0,518,A
5-NP,1190,514,0,0,0,514,A
5-NP,1191,0,514,0,0,514,T
5-NP,1192,0,0,0,523,523,C
5-NP,1193,522,0,1,0,523,A
5-NP,1194,527,0,0,0,527,A
5-NP,1195,3,0,0,529,532,C
5-NP,1196,522,0,0,0,522,A
5-NP,1197,0,0,521,0,521,G
5-NP,1198,502,0,0,4,506,A
5-NP,1199,0,0,516,0,516,G
5-NP,1200,0,0,520,0,520,G
5-NP,1201,0,0,516,0,516,G
5-NP,1202,0,0,0,518,518,C
5-NP,1203,0,1,0,509,510,C
5-NP,1204,0,498,0,0,498,T
5-NP,1205,0,0,0,508,508,C
5-NP,1206,0,0,0,508,508,C
5-NP,1207,0,0,506,0,506,G
5-NP,1208,0,0,0,510,510,C
5-NP,1209,501,0,0,0,501,A
5-NP,1210,1,0,508,0,509,G
5-NP,1211,1,0,509,0,510,G
5-NP,1212,0,0,0,517,517,C
5-NP,1213,0,0,0,518,518,C
5-NP,1214,508,0,0,0,508,A
5-NP,1215,516,0,0,0,516,A
5-NP,1216,516,0,0,0,516,A
5-NP,1217,0,0,0,505,505,C
5-NP,1218,0,0,0,517,517,C
5-NP,1219,484,0,0,0,484,A
5-NP,1220,0,0,491,0,491,G
5-NP,1221,0,484,0,1,485,T
5-NP,1222,0,0,493,0,493,G
5-NP,1223,0,483,0,1,484,T
5-NP,1224,0,0,487,0,487,G
5-NP,1225,0,0,0,486,486,C
5-NP,1226,484,0,0,0,484,A
5-NP,1227,485,0,3,0,488,A
5-NP,1228,0,1,0,488,489,C
5-NP,1229,2,0,0,490,492,C
5-NP,1230,0,485,0,0,485,T
5-NP,1231,483,1,1,0,485,A
5-NP,1232,0,0,0,489,489,C
5-NP,1233,0,0,487,0,487,G
5-NP,1234,0,486,0,0,486,T
5-NP,1235,0,486,0,0,486,T
5-NP,1236,0,487,0,0,487,T
5-NP,1237,0,476,0,0,476,T
5-NP,1238,0,0,0,480,480,C
5-NP,1239,0,475,0,1,476,T
5-NP,1240,0,0,484,0,484,G
5-NP,1241,0,481,0,2,483,T
5-NP,1242,485,0,1,0,486,A
5-NP,1243,0,0,0,489,489,C
5-NP,1244,481,0,0,0,481,A
5-NP,1245,482,0,0,0,482,A
5-NP,1246,482,0,0,0,482,A
5-NP,1247,0,0,486,0,486,G
5-NP,1248,482,0,0,0,482,A
5-NP,1249,468,0,0,0,468,A
5-NP,1250,467,0,0,0,467,A
5-NP,1251,0,1,0,468,469,C
5-NP,1252,0,0,0,466,466,C
5-NP,1253,0,466,0,0,466,T
5-NP,1254,0,0,0,465,465,C
5-NP,1255,1,0,0,466,467,C
5-NP,1256,0,0,0,468,468,C
5-NP,1257,467,0,0,1,468,A
5-NP,1258,0,464,0,0,464,T
5-NP,1259,0,472,0,0,472,T
5-NP,1260,0,468,0,1,469,T
5-NP,1261,0,0,468,0,468,G
5-NP,1262,469,0,0,0,469,A
5-NP,1263,468,0,0,0,468,A
5-NP,1264,464,0,0,0,464,A
5-NP,1265,464,0,0,0,464,A
5-NP,1266,0,0,465,0,465,G
5-NP,1267,0,464,0,1,465,T
5-NP,1268,2,0,0,464,466,C
5-NP,1269,466,0,1,0,467,A
5-NP,1270,471,0,0,0,471,A
5-NP,1271,0,0,0,474,474,C
5-NP,1272,1,1,0,475,477,C
5-NP,1273,478,0,0,0,478,A
5-NP,1274,0,477,0,1,478,T
5-NP,1275,0,0,0,486,486,C
5-NP,1276,481,0,0,0,481,A
5-NP,1277,0,481,0,0,481,T
5-NP,1278,0,0,483,0,483,G
5-NP,1279,0,0,481,0,481,G
5-NP,1280,0,0,0,482,482,C
5-NP,1281,465,0,0,0,465,A
5-NP,1282,1,0,465,0,466,G
5-NP,1283,0,0,0,464,464,C
5-NP,1284,464,0,0,0,464,A
5-NP,1285,0,461,0,0,461,T
5-NP,1286,0,459,0,0,459,T
5-NP,1287,1,0,0,458,459,C
5-NP,1288,458,0,0,0,458,A
5-NP,1289,0,0,0,464,464,C
5-NP,1290,0,462,0,0,462,T
5-NP,1291,0,0,462,0,462,G
5-NP,1292,0,0,464,0,464,G
5-NP,1293,468,0,0,0,468,A
5-NP,1294,467,0,0,0,467,A
5-NP,1295,466,0,0,0,466,A
5-NP,1296,0,459,0,0,459,T
5-NP,1297,464,0,0,0,464,A
5-NP,1298,0,0,0,458,458,C
5-NP,1299,0,1,455,0,456,G
5-NP,1300,0,2,455,0,457,G
5-NP,1301,442,0,0,0,442,A
5-NP,1302,2,1,438,0,441,G
5-NP,1303,0,1,444,0,445,G
5-NP,1304,0,0,447,0,447,G
5-NP,1305,449,0,0,0,449,A
5-NP,1306,447,0,0,0,447,A
5-NP,1307,0,0,449,0,449,G
5-NP,1308,446,0,0,0,446,A
5-NP,1309,446,0,0,0,446,A
5-NP,1310,0,0,0,450,450,C
5-NP,1311,0,445,0,0,445,T
5-NP,1312,0,448,0,0,448,T
5-NP,1313,1,0,0,446,447,C
5-NP,1314,450,0,0,0,450,A
5-NP,1315,0,0,445,0,445,G
5-NP,1316,445,0,0,0,445,A
5-NP,1317,0,0,0,446,446,C
5-NP,1318,443,0,0,0,443,A
5-NP,1319,0,435,0,0,435,T
5-NP,1320,0,0,437,0,437,G
5-NP,1321,432,0,0,0,432,A
5-NP,1322,0,0,433,0,433,G
5-NP,1323,0,1,429,0,430,G
5-NP,1324,0,0,430,0,430,G
5-NP,1325,1,1,0,429,431,C
5-NP,1326,425,0,1,0,426,A
5-NP,1327,1,0,429,0,430,G
5-NP,1328,430,0,0,0,430,A
5-NP,1329,436,0,0,0,436,A
5-NP,1330,437,0,0,0,437,A
5-NP,1331,0,427,0,1,428,T
5-NP,1332,1,0,0,432,433,C
5-NP,1333,434,0,0,0,434,A
5-NP,1334,0,429,0,1,430,T
5-NP,1335,432,0,0,0,432,A
5-NP,1336,430,0,0,0,430,A
5-NP,1337,0,0,431,0,431,G
5-NP,1338,424,0,0,0,424,A
5-NP,1339,427,0,0,0,427,A
5-NP,1340,0,418,0,0,418,T
5-NP,1341,0,0,421,0,421,G
5-NP,1342,419,0,1,0,420,A
5-NP,1343,0,421,0,0,421,T
5-NP,1344,0,0,419,0,419,G
5-NP,1345,0,0,419,0,419,G
5-NP,1346,409,0,0,0,409,A
5-NP,1347,406,0,0,0,406,A
5-NP,1348,394,0,0,0,394,A
5-NP,1349,0,0,393,0,393,G
5-NP,1350,0,392,0,0,392,T
5-NP,1351,0,0,392,0,392,G
5-NP,1352,0,0,0,390,390,C
5-NP,1353,395,0,0,0,395,A
5-NP,1354,394,0,1,0,395,A
5-NP,1355,397,0,0,0,397,A
5-NP,1356,394,0,0,0,394,A
5-NP,1357,0,0,0,396,396,C
5-NP,1358,0,0,0,397,397,C
5-NP,1359,389,0,0,0,389,A
5-NP,1360,0,0,397,0,397,G
5-NP,1361,395,0,0,0,395,A
5-NP,1362,396,0,0,0,396,A
5-NP,1363,0,0,394,0,394,G
5-NP,1364,394,0,0,0,394,A
5-NP,1365,385,0,0,0,385,A
5-NP,1366,0,0,387,0,387,G
5-NP,1367,0,379,0,1,380,T
5-NP,1368,0,0,382,0,382,G
5-NP,1369,0,383,0,0,383,T
5-NP,1370,1,0,0,381,382,C
5-NP,1371,381,0,0,0,381,A
5-NP,1372,0,388,0,0,388,T
5-NP,1373,0,386,0,0,386,T
5-NP,1374,0,1,0,388,389,C
5-NP,1375,0,0,1,378,379,C
5-NP,1376,0,1,380,0,381,G
5-NP,1377,0,0,379,0,379,G
5-NP,1378,0,0,382,0,382,G
5-NP,1379,0,1,381,0,382,G
5-NP,1380,1,0,382,0,383,G
5-NP,1381,371,0,0,0,371,A
5-NP,1382,1,0,371,0,372,G
5-NP,1383,0,2,370,0,372,G
5-NP,1384,0,0,372,0,372,G
5-NP,1385,0,0,373,0,373,G
5-NP,1386,369,0,0,0,369,A
5-NP,1387,0,0,369,0,369,G
5-NP,1388,1,361,0,0,362,T
5-NP,1389,0,2,0,359,361,C
5-NP,1390,0,372,0,1,373,T
5-NP,1391,0,367,0,0,367,T
5-NP,1392,1,0,0,371,372,C
5-NP,1393,0,0,371,0,371,G
5-NP,1394,371,0,0,0,371,A
5-NP,1395,0,0,372,0,372,G
5-NP,1396,0,0,0,360,360,C
5-NP,1397,0,364,0,0,364,T
5-NP,1398,0,0,0,361,361,C
5-NP,1399,0,360,0,2,362,T
5-NP,1400,0,0,0,361,361,C
5-NP,1401,361,0,0,0,361,A
5-NP,1402,0,0,367,0,367,G
5-NP,1403,365,0,0,0,365,A
5-NP,1404,0,0,0,363,363,C
5-NP,1405,0,0,360,0,360,G
5-NP,1406,355,0,0,0,355,A
5-NP,1407,0,0,357,0,357,G
5-NP,1408,356,0,0,0,356,A
5-NP,1409,355,0,0,0,355,A
5-NP,1410,0,1,355,0,356,G
5-NP,1411,0,0,349,0,349,G
5-NP,1412,0,0,0,349,349,C
5-NP,1413,355,0,0,0,355,A
5-NP,1414,353,0,0,0,353,A
5-NP,1415,0,0,0,349,349,C
5-NP,1416,0,0,353,0,353,G
5-NP,1417,353,0,1,0,354,A
5-NP,1418,353,0,0,0,353,A
5-NP,1419,0,0,0,350,350,C
5-NP,1420,0,0,0,342,342,C
5-NP,1421,0,0,0,340,340,C
5-NP,1422,0,0,344,0,344,G
5-NP,1423,342,0,1,0,343,A
5-NP,1424,1,343,0,0,344,T
5-NP,1425,1,0,0,336,337,C
5-NP,1426,0,0,337,0,337,G
5-NP,1427,0,335,0,0,335,T
5-NP,1428,0,0,335,0,335,G
5-NP,1429,0,2,0,335,337,C
5-NP,1430,1,0,0,332,333,C
5-NP,1431,1,1,0,334,336,C
5-NP,1432,0,324,0,0,324,T
5-NP,1433,0,0,0,338,338,C
5-NP,1434,0,341,0,0,341,T
5-NP,1435,0,337,1,0,338,T
5-NP,1436,0,337,0,0,337,T
5-NP,1437,0,336,0,0,336,T
5-NP,1438,0,1,336,0,337,G
5-NP,1439,335,0,0,0,335,A
5-NP,1440,0,331,0,0,331,T
5-NP,1441,331,0,0,0,331,A
5-NP,1442,0,270,0,0,270,T
5-NP,1443,0,1,274,0,275,G
5-NP,1444,273,0,0,0,273,A
5-NP,1445,0,0,274,0,274,G
5-NP,1446,0,272,0,1,273,T
5-NP,1447,268,0,0,0,268,A
5-NP,1448,270,0,0,0,270,A
5-NP,1449,0,269,0,0,269,T
5-NP,1450,1,0,266,0,267,G
5-NP,1451,267,0,0,0,267,A
5-NP,1452,243,0,0,0,243,A
5-NP,1453,0,0,239,0,239,G
5-NP,1454,0,0,227,0,227,G
5-NP,1455,227,0,0,0,227,A
5-NP,1456,0,228,0,0,228,T
5-NP,1457,1,0,0,224,225,C
5-NP,1458,0,225,0,0,225,T
5-NP,1459,0,222,0,0,222,T
5-NP,1460,223,0,0,0,223,A
5-NP,1461,0,221,0,0,221,T
5-NP,1462,0,220,0,0,220,T
5-NP,1463,0,215,0,0,215,T
5-NP,1464,0,0,0,214,214,C
5-NP,1465,0,203,0,1,204,T
5-NP,1466,0,202,0,0,202,T
5-NP,1467,0,0,0,204,204,C
5-NP,1468,0,0,199,0,199,G
5-NP,1469,0,0,201,0,201,G
5-NP,1470,199,0,0,0,199,A
5-NP,1471,0,0,200,0,200,G
5-NP,1472,200,0,0,0,200,A
5-NP,1473,0,0,0,197,197,C
5-NP,1474,186,0,0,0,186,A
5-NP,1475,186,0,0,0,186,A
5-NP,1476,0,187,0,0,187,T
5-NP,1477,0,0,186,0,186,G
5-NP,1478,0,0,0,186,186,C
5-NP,1479,176,0,1,0,177,A
5-NP,1480,0,0,177,0,177,G
5-NP,1481,176,0,0,0,176,A
5-NP,1482,159,0,0,0,159,A
5-NP,1483,0,0,158,0,158,G
5-NP,1484,124,0,0,0,124,A
5-NP,1485,0,0,123,0,123,G
5-NP,1486,0,106,0,0,106,T
5-NP,1487,105,0,0,0,105,A
5-NP,1488,0,100,0,0,100,T
5-NP,1489,0,0,100,0,100,G
5-NP,1490,97,0,1,0,98,A
5-NP,1491,0,0,0,98,98,C
5-NP,1492,71,0,0,0,71,A
5-NP,1493,72,0,0,0,72,A
5-NP,1494,0,38,0,0,38,T
5-NP,1495,0,38,0,0,38,T
5-NP,1496,36,0,0,0,36,A
5-NP,1497,36,0,0,0,36,A
6-NA,1,93,0,0,0,93,A
6-NA,2,0,93,0,0,93,T
6-NA,3,0,0,92,0,92,G
6-NA,4,93,0,2,0,95,A
6-NA,5,99,0,0,0,99,A
6-NA,6,0,101,0,0,101,T
6-NA,7,0,0,0,100,100,C
6-NA,8,0,0,0,101,101,C
6-NA,9,101,0,0,0,101,A
6-NA,10,105,0,0,0,105,A
6-NA,11,106,0,0,0,106,A
6-NA,12,0,107,0,0,107,T
6-NA,13,0,0,0,108,108,C
6-NA,14,108,0,0,0,108,A
6-NA,15,107,0,0,0,107,A
6-NA,16,108,0,0,0,108,A
6-NA,17,119,0,0,0,119,A
6-NA,18,0,0,134,0,134,G
6-NA,19,138,0,0,0,138,A
6-NA,20,0,143,0,0,143,T
6-NA,21,144,0,0,0,144,A
6-NA,22,148,0,0,0,148,A
6-NA,23,0,150,0,0,150,T
6-NA,24,151,0,0,0,151,A
6-NA,25,152,0,0,0,152,A
6-NA,26,0,1,0,153,154,C
6-NA,27,0,0,160,0,160,G
6-NA,28,161,0,0,0,161,A
6-NA,29,0,161,0,0,161,T
6-NA,30,0,161,0,0,161,T
6-NA,31,0,0,162,0,162,G
6-NA,32,0,0,168,0,168,G
6-NA,33,0,0,0,173,173,C
6-NA,34,0,170,0,1,171,T
6-NA,35,0,0,0,181,181,C
6-NA,36,0,181,0,0,181,T
6-NA,37,0,0,186,0,186,G
6-NA,38,0,188,0,0,188,T
6-NA,39,0,189,0,0,189,T
6-NA,40,0,198,0,0,198,T
6-NA,41,0,0,0,202,202,C
6-NA,42,0,201,0,1,202,T
6-NA,43,0,0,0,204,204,C
6-NA,44,0,203,0,1,204,T
6-NA,45,0,0,0,204,204,C
6-NA,46,203,0,1,0,204,A
6-NA,47,0,0,0,215,215,C
6-NA,48,0,0,0,217,217,C
6-NA,49,216,0,0,0,216,A
6-NA,50,0,222,0,0,222,T
6-NA,51,0,228,0,0,228,T
6-NA,52,0,230,0,0,230,T
6-NA,53,0,0,0,236,236,C
6-NA,54,0,0,0,233,233,C
6-NA,55,239,0,0,0,239,A
6-NA,56,0,1,0,249,250,C
6-NA,57,250,0,0,0,250,A
6-NA,58,267,0,0,0,267,A
6-NA,59,0,268,0,0,268,T
6-NA,60,280,0,0,0,280,A
6-NA,61,0,282,0,0,282,T
6-NA,62,0,0,283,0,283,G
6-NA,63,0,0,0,285,285,C
6-NA,64,0,280,0,1,281,T
6-NA,65,0,291,0,0,291,T
6-NA,66,0,0,0,291,291,C
6-NA,67,0,288,0,0,288,T
6-NA,68,0,289,0,1,290,T
6-NA,69,0,0,0,289,289,C
6-NA,70,289,0,0,0,289,A
6-NA,71,0,290,0,0,290,T
6-NA,72,0,0,292,0,292,G
6-NA,73,0,0,0,294,294,C
6-NA,74,292,0,0,0,292,A
6-NA,75,293,0,0,0,293,A
6-NA,76,291,0,0,0,291,A
6-NA,77,0,296,0,0,296,T
6-NA,78,0,296,0,0,296,T
6-NA,79,0,0,297,0,297,G
6-NA,80,0,0,0,297,297,C
6-NA,81,0,0,0,297,297,C
6-NA,82,301,0,0,0,301,A
6-NA,83,1,300,0,0,301,T
6-NA,84,0,0,0,320,320,C
6-NA,85,0,321,0,1,322,T
6-NA,86,0,319,0,1,320,T
6-NA,87,0,0,322,0,322,G
6-NA,88,321,0,0,0,321,A
6-NA,89,0,325,0,0,325,T
6-NA,90,325,0,0,0,325,A
6-NA,91,326,0,0,0,326,A
6-NA,92,0,0,0,367,367,C
6-NA,93,0,360,0,0,360,T
6-NA,94,361,0,0,0,361,A
6-NA,95,0,0,0,380,380,C
6-NA,96,0,378,0,0,378,T
6-NA,97,0,0,392,0,392,G
6-NA,98,0,396,0,0,396,T
6-NA,99,397,0,0,0,397,A
6-NA,100,400,0,0,0,400,A
6-NA,101,1,0,0,391,392,C
6-NA,102,390,0,0,0,390,A
6-NA,103,0,391,0,0,391,T
6-NA,104,0,385,0,0,385,T
6-NA,105,0,0,387,0,387,G
6-NA,106,0,0,0,389,389,C
6-NA,107,393,0,0,0,393,A
6-NA,108,0,396,0,0,396,T
6-NA,109,0,395,0,0,395,T
6-NA,110,0,395,0,0,395,T
6-NA,111,0,0,0,395,395,C
6-NA,112,397,0,0,0,397,A
6-NA,113,398,0,0,0,398,A
6-NA,114,0,0,399,0,399,G
6-NA,115,0,0,0,403,403,C
6-NA,116,400,0,0,0,400,A
6-NA,117,418,0,0,0,418,A
6-NA,118,0,426,0,0,426,T
6-NA,119,424,0,0,0,424,A
6-NA,120,0,425,0,0,425,T
6-NA,121,0,0,444,0,444,G
6-NA,122,444,0,0,1,445,A
6-NA,123,452,0,0,0,452,A
6-NA,124,0,453,0,0,453,T
6-NA,125,0,454,0,0,454,T
6-NA,126,0,0,0,455,455,C
6-NA,127,455,0,0,0,455,A
6-NA,128,453,2,1,1,457,A
6-NA,129,0,0,0,458,458,C
6-NA,130,0,450,0,2,452,T
6-NA,131,0,0,0,454,454,C
6-NA,132,1,0,0,451,452,C
6-NA,133,1,0,0,465,466,C
6-NA,134,0,0,0,464,464,C
6-NA,135,0,0,0,463,463,C
6-NA,136,0,0,0,466,466,C
6-NA,137,0,0,0,471,471,C
6-NA,138,475,0,0,0,475,A
6-NA,139,474,0,0,0,474,A
6-NA,140,472,0,0,0,472,A
6-NA,141,0,0,0,485,485,C
6-NA,142,482,0,0,0,482,A
6-NA,143,490,0,0,0,490,A
6-NA,144,0,0,0,492,492,C
6-NA,145,0,0,0,484,484,C
6-NA,146,495,0,0,0,495,A
6-NA,147,493,0,0,0,493,A
6-NA,148,0,0,509,0,509,G
6-NA,149,0,503,0,0,503,T
6-NA,150,0,0,504,0,504,G
6-NA,151,508,0,2,0,510,A
6-NA,152,0,512,0,0,512,T
6-NA,153,1,0,512,0,513,G
6-NA,154,0,0,0,511,511,C
6-NA,155,0,504,0,0,504,T
6-NA,156,0,0,540,0,540,G
6-NA,157,0,533,0,0,533,T
6-NA,158,0,0,531,0,531,G
6-NA,159,0,533,0,2,535,T
6-NA,160,0,3,522,0,525,G
6-NA,161,517,0,2,0,519,A
6-NA,162,524,0,0,0,524,A
6-NA,163,1,1,0,521,523,C
6-NA,164,1,0,0,522,523,C
6-NA,165,505,0,0,0,505,A
6-NA,166,505,0,0,0,505,A
6-NA,167,0,1,0,526,527,C
6-NA,168,523,1,0,0,524,A
6-NA,169,528,0,0,0,528,A
6-NA,170,0,527,0,0,527,T
6-NA,171,527,0,0,0,527,A
6-NA,172,520,0,0,0,520,A
6-NA,173,0,527,0,0,527,T
6-NA,174,523,0,1,0,524,A
6-NA,175,0,0,525,0,525,G
6-NA,176,510,0,3,0,513,A
6-NA,177,521,0,0,0,521,A
6-NA,178,520,0,2,0,522,A
6-NA,179,0,0,523,0,523,G
6-NA,180,528,0,1,0,529,A
6-NA,181,530,0,1,0,531,A
6-NA,182,552,0,1,0,553,A
6-NA,183,0,0,0,555,555,C
6-NA,184,549,0,0,0,549,A
6-NA,185,0,560,0,0,560,T
6-NA,186,569,0,1,0,570,A
6-NA,187,571,0,0,0,571,A
6-NA,188,0,0,0,577,577,C
6-NA,189,574,0,0,0,574,A
6-NA,190,0,0,584,0,584,G
6-NA,191,576,0,2,0,578,A
6-NA,192,0,0,585,0,585,G
6-NA,193,578,0,1,0,579,A
6-NA,194,0,608,0,0,608,T
6-NA,195,602,0,0,0,602,A
6-NA,196,0,0,609,0,609,G
6-NA,197,0,597,0,1,598,T
6-NA,198,1,0,615,0,616,G
6-NA,199,0,610,0,1,611,T
6-NA,200,613,0,0,0,613,A
6-NA,201,0,611,0,0,611,T
6-NA,202,0,0,0,611,611,C
6-NA,203,0,600,0,0,600,T
6-NA,204,0,2,620,0,622,G
6-NA,205,620,0,0,0,620,A
6-NA,206,0,0,0,616,616,C
6-NA,207,0,0,0,622,622,C
6-NA,208,614,0,0,0,614,A
6-NA,209,617,0,0,0,617,A
6-NA,210,0,0,0,629,629,C
6-NA,211,624,0,1,0,625,A
6-NA,212,0,2,0,641,643,C
6-NA,213,0,0,0,632,632,C
6-NA,214,647,0,0,0,647,A
6-NA,215,0,0,0,671,671,C
6-NA,216,0,0,0,671,671,C
6-NA,217,669,0,0,0,669,A
6-NA,218,0,673,0,0,673,T
6-NA,219,667,0,0,0,667,A
6-NA,220,0,1,667,0,668,G
6-NA,221,662,0,0,0,662,A
6-NA,222,0,0,671,0,671,G
6-NA,223,663,0,0,0,663,A
6-NA,224,655,0,1,0,656,A
6-NA,225,0,0,659,0,659,G
6-NA,226,1,0,656,0,657,G
6-NA,227,655,1,1,0,657,A
6-NA,228,662,0,1,0,663,A
6-NA,229,665,0,0,0,665,A
6-NA,230,0,662,0,0,662,T
6-NA,231,660,0,3,0,663,A
6-NA,232,0,657,0,0,657,T
6-NA,233,0,0,656,0,656,G
6-NA,234,0,1,0,657,658,C
6-NA,235,0,0,0,661,661,C
6-NA,236,0,0,0,661,661,C
6-NA,237,0,0,0,660,660,C
6-NA,238,667,0,0,0,667,A
6-NA,239,676,0,0,0,676,A
6-NA,240,672,0,0,0,672,A
6-NA,241,0,1,0,675,676,C
6-NA,242,0,670,0,0,670,T
6-NA,243,667,0,0,0,667,A
6-NA,244,0,0,665,0,665,G
6-NA,245,1,1,1,663,666,C
6-NA,246,665,0,0,0,665,A
6-NA,247,0,2,676,0,678,G
6-NA,248,670,0,0,0,670,A
6-NA,249,690,0,0,0,690,A
6-NA,250,0,690,0,0,690,T
6-NA,251,688,0,0,0,688,A
6-NA,252,0,0,0,688,688,C
6-NA,253,685,0,2,0,687,A
6-NA,254,0,0,691,0,691,G
6-NA,255,688,0,0,0,688,A
6-NA,256,677,0,0,0,677,A
6-NA,257,678,0,0,0,678,A
6-NA,258,0,661,0,0,661,T
6-NA,259,0,662,0,0,662,T
6-NA,260,0,2,669,0,671,G
6-NA,261,0,0,668,0,668,G
6-NA,262,0,668,0,1,669,T
6-NA,263,3,0,0,668,671,C
6-NA,264,671,0,0,0,671,A
6-NA,265,673,0,0,0,673,A
6-NA,266,671,0,1,0,672,A
6-NA,267,0,0,674,0,674,G
6-NA,268,0,0,0,676,676,C
6-NA,269,0,0,0,676,676,C
6-NA,270,0,0,677,0,677,G
6-NA,271,0,0,0,685,685,C
6-NA,272,687,0,0,0,687,A
6-NA,273,697,0,0,0,697,A
6-NA,274,0,693,0,0,693,T
6-NA,275,1,0,696,0,697,G
6-NA,276,0,697,0,1,698,T
6-NA,277,0,1,697,0,698,G
6-NA,278,710,0,0,0,710,A
6-NA,279,0,1,0,718,719,C
6-NA,280,737,0,0,0,737,A
6-NA,281,0,743,0,0,743,T
6-NA,282,0,742,0,0,742,T
6-NA,283,748,0,0,0,748,A
6-NA,284,0,0,0,748,748,C
6-NA,285,741,0,1,0,742,A
6-NA,286,0,1,740,0,741,G
6-NA,287,0,0,729,0,729,G
6-NA,288,0,0,703,0,703,G
6-NA,289,0,723,0,0,723,T
6-NA,290,0,731,0,0,731,T
6-NA,291,0,732,0,0,732,T
6-NA,292,0,0,732,0,732,G
6-NA,293,0,1,0,732,733,C
6-NA,294,728,0,0,0,728,A
6-NA,295,0,1,0,741,742,C
6-NA,296,0,0,0,732,732,C
6-NA,297,0,718,0,4,722,T
6-NA,298,0,727,0,1,728,T
6-NA,299,0,734,0,0,734,T
6-NA,300,0,735,0,0,735,T
6-NA,301,0,745,0,0,745,T
6-NA,302,0,0,0,748,748,C
6-NA,303,0,745,0,1,746,T
6-NA,304,744,0,0,0,744,A
6-NA,305,743,0,0,0,743,A
6-NA,306,0,0,751,0,751,G
6-NA,307,0,2,746,0,748,G
6-NA,308,745,0,1,0,746,A
6-NA,309,0,1,0,746,747,C
6-NA,310,740,0,0,0,740,A
6-NA,311,741,0,0,0,741,A
6-NA,312,0,738,0,0,738,T
6-NA,313,0,734,0,0,734,T
6-NA,314,1,0,0,750,751,C
6-NA,315,0,0,750,0,750,G
6-NA,316,748,0,0,0,748,A
6-NA,317,1,748,0,1,750,T
6-NA,318,0,746,0,1,747,T
6-NA,319,748,0,0,0,748,A
6-NA,320,0,0,745,0,745,G
6-NA,321,0,0,744,0,744,G
6-NA,322,0,1,0,750,751,C
6-NA,323,0,740,0,1,741,T
6-NA,324,0,740,1,1,742,T
6-NA,325,0,740,0,1,741,T
6-NA,326,0,0,0,743,743,C
6-NA,327,0,1,0,740,741,C
6-NA,328,0,0,743,0,743,G
6-NA,329,0,0,0,750,750,C
6-NA,330,0,746,0,0,746,T
6-NA,331,0,0,765,0,765,G
6-NA,332,0,0,763,0,763,G
6-NA,333,0,767,0,1,768,T
6-NA,334,0,0,766,0,766,G
6-NA,335,0,0,763,0,763,G
6-NA,336,755,1,1,0,757,A
6-NA,337,0,2,767,0,769,G
6-NA,338,767,0,0,0,767,A
6-NA,339,0,0,0,781,781,C
6-NA,340,768,0,1,1,770,A
6-NA,341,0,765,0,0,765,T
6-NA,342,1,0,0,768,769,C
6-NA,343,0,767,0,0,767,T
6-NA,344,0,0,767,0,767,G
6-NA,345,0,0,772,0,772,G
6-NA,346,1,0,775,0,776,G
6-NA,347,0,770,0,0,770,T
6-NA,348,0,1,761,0,762,G
6-NA,349,759,0,0,0,759,A
6-NA,350,0,0,0,774,774,C
6-NA,351,769,0,1,0,770,A
6-NA,352,815,0,1,0,816,A
6-NA,353,0,0,825,0,825,G
6-NA,354,819,0,0,0,819,A
6-NA,355,0,1,858,0,859,G
6-NA,356,885,0,0,0,885,A
6-NA,357,982,0,0,0,982,A
6-NA,358,0,0,0,1280,1280,C
6-NA,359,1,0,0,1379,1380,C
6-NA,360,0,1379,0,2,1381,T
6-NA,361,0,1397,0,2,1399,T
6-NA,362,1402,0,1,0,1403,A
6-NA,363,0,1408,0,0,1408,T
6-NA,364,2,0,1508,0,1510,G
6-NA,365,0,1506,0,3,1509,T
6-NA,366,0,0,1565,0,1565,G
6-NA,367,0,1535,0,4,1539,T
6-NA,368,1,0,0,1538,1539,C
6-NA,369,1570,1,0,9,1580,A
6-NA,370,0,1582,0,0,1582,T
6-NA,371,0,1,1581,0,1582,G
6-NA,372,0,1,0,1581,1582,C
6-NA,373,0,0,1582,0,1582,G
6-NA,374,1831,0,0,0,1831,A
6-NA,375,0,1833,0,1,1834,T
6-NA,376,0,2,0,1885,1887,C
6-NA,377,0,0,1,1893,1894,C
6-NA,378,1,1929,0,1,1931,T
6-NA,379,1,2,1951,0,1954,G
6-NA,380,1971,0,0,0,1971,A
6-NA,381,0,2,0,1972,1974,C
6-NA,382,1974,0,1,0,1975,A
6-NA,383,1951,1,0,0,1952,A
6-NA,384,0,0,2044,0,2044,G
6-NA,385,0,2037,0,0,2037,T
6-NA,386,1,0,2075,0,2076,G
6-NA,387,1,2071,0,3,2075,T
6-NA,388,0,2078,0,3,2081,T
6-NA,389,2071,0,0,0,2071,A
6-NA,390,0,2072,0,2,2074,T
6-NA,391,3,1,0,2115,2119,C
6-NA,392,2119,0,0,0,2119,A
6-NA,393,2108,0,0,0,2108,A
6-NA,394,0,2103,0,1,2104,T
6-NA,395,0,2098,0,0,2098,T
6-NA,396,0,2103,0,1,2104,T
6-NA,397,0,0,2119,0,2119,G
6-NA,398,0,1,1,2272,2274,C
6-NA,399,2,1,0,2261,2264,C
6-NA,400,3,0,0,2287,2290,C
6-NA,401,1,2276,0,3,2280,T
6-NA,402,0,2288,0,0,2288,T
6-NA,403,1,1,2329,0,2331,G
6-NA,404,0,1,2326,0,2327,G
6-NA,405,2343,1,4,0,2348,A
6-NA,406,0,1,0,2351,2352,C
6-NA,407,2298,0,5,1,2304,A
6-NA,408,4,3,2359,0,2366,G
6-NA,409,0,1,2357,0,2358,G
6-NA,410,0,1,2448,0,2449,G
6-NA,411,2453,0,3,0,2456,A
6-NA,412,2439,1,4,0,2444,A
6-NA,413,1,0,0,2458,2459,C
6-NA,414,2425,0,5,0,2430,A
6-NA,415,2674,0,3,0,2677,A
6-NA,416,1,0,0,2678,2679,C
6-NA,417,2657,1,1,0,2659,A
6-NA,418,0,0,0,2679,2679,C
6-NA,419,0,2639,0,0,2639,T
6-NA,420,2691,0,0,0,2691,A
6-NA,421,2682,0,0,0,2682,A
6-NA,422,2699,0,1,1,2701,A
6-NA,423,0,0,0,2716,2716,C
6-NA,424,2611,0,0,0,2611,A
6-NA,425,2634,0,1,0,2635,A
6-NA,426,2,3,0,2663,2668,C
6-NA,427,3,1,2650,0,2654,G
6-NA,428,0,2639,0,1,2640,T
6-NA,429,2620,0,1,0,2621,A
6-NA,430,0,1,0,2689,2690,C
6-NA,431,2694,0,0,0,2694,A
6-NA,432,0,2715,0,0,2715,T
6-NA,433,0,2713,0,2,2715,T
6-NA,434,0,0,0,2889,2889,C
6-NA,435,2956,0,1,0,2957,A
6-NA,436,2979,0,1,0,2980,A
6-NA,437,2972,0,0,0,2972,A
6-NA,438,0,2979,0,0,2979,T
6-NA,439,2946,0,1,0,2947,A
6-NA,440,3068,1,0,0,3069,A
6-NA,441,2,0,0,3095,3097,C
6-NA,442,3080,0,2,0,3082,A
6-NA,443,0,0,0,3136,3136,C
6-NA,444,3045,0,3,1,3049,A
6-NA,445,0,1,3689,0,3690,G
6-NA,446,0,3684,0,0,3684,T
6-NA,447,3783,0,2,0,3785,A
6-NA,448,0,1,0,3800,3801,C
6-NA,449,0,6,3787,0,3793,G
6-NA,450,0,3942,0,3,3945,T
6-NA,451,1,3,3975,0,3979,G
6-NA,452,3962,0,3,0,3965,A
6-NA,453,0,4000,0,0,4000,T
6-NA,454,3742,0,1,0,3743,A
6-NA,455,0,3,3730,0,3733,G
6-NA,456,1,2,3678,0,3681,G
6-NA,457,3714,1,4,0,3719,A
6-NA,458,0,0,0,3801,3801,C
6-NA,459,3,1,0,3726,3730,C
6-NA,460,1,0,0,3790,3791,C
6-NA,461,2,1,0,3799,3802,C
6-NA,462,0,3819,0,4,3823,T
6-NA,463,3,3885,0,1,3889,T
6-NA,464,3919,0,1,0,3920,A
6-NA,465,0,3920,0,1,3921,T
6-NA,466,1,1,0,3919,3921,C
6-NA,467,1,6,3856,0,3863,G
6-NA,468,1,8,3848,0,3857,G
6-NA,469,3849,0,4,0,3853,A
6-NA,470,0,1,1,3903,3905,C
6-NA,471,4,0,0,3901,3905,C
6-NA,472,7,0,0,4113,4120,C
6-NA,473,0,4116,0,2,4118,T
6-NA,474,4196,0,1,0,4197,A
6-NA,475,1,4186,0,0,4187,T
6-NA,476,1,4210,0,1,4212,T
6-NA,477,0,4,4212,0,4216,G
6-NA,478,4211,0,5,0,4216,A
6-NA,479,0,4203,0,1,4204,T
6-NA,480,2,4,4209,0,4215,G
6-NA,481,4085,1,1,0,4087,A
6-NA,482,4102,0,6,0,4108,A
6-NA,483,0,4136,0,0,4136,T
6-NA,484,3,5,4190,0,4198,G
6-NA,485,4219,1,3,1,4224,A
6-NA,486,2,1,4314,0,4317,G
6-NA,487,0,4313,0,1,4314,T
6-NA,488,0,4324,0,3,4327,T
6-NA,489,4319,0,5,0,4324,A
6-NA,490,0,2,4325,0,4327,G
6-NA,491,1,0,4361,0,4362,G
6-NA,492,1,4319,0,1,4321,T
6-NA,493,0,3,4330,0,4333,G
6-NA,494,0,4286,0,1,4287,T
6-NA,495,0,4274,0,5,4279,T
6-NA,496,2,1,0,4325,4328,C
6-NA,497,0,1,0,4350,4351,C
6-NA,498,0,4340,0,4,4344,T
6-NA,499,0,4351,0,5,4356,T
6-NA,500,0,4334,1,1,4336,T
6-NA,501,0,4332,0,0,4332,T
6-NA,502,2,1,0,4364,4367,C
6-NA,503,4347,1,0,0,4348,A
6-NA,504,0,4453,0,0,4453,T
6-NA,505,1,1,0,4460,4462,C
6-NA,506,0,4418,0,1,4419,T
6-NA,507,0,7,4392,1,4400,G
6-NA,508,2,6,4390,0,4398,G
6-NA,509,2,3,4373,0,4378,G
6-NA,510,1,7,4444,0,4452,G
6-NA,511,4429,10,6,0,4445,A
6-NA,512,1,2,0,4500,4503,C
6-NA,513,3,1,0,4450,4454,C
6-NA,514,4514,1,2,0,4517,A
6-NA,515,4521,0,8,0,4529,A
6-NA,516,0,1,4522,0,4523,G
6-NA,517,0,1,0,4545,4546,C
6-NA,518,4531,0,2,0,4533,A
6-NA,519,4609,0,3,0,4612,A
6-NA,520,0,0,4624,0,4624,G
6-NA,521,0,4592,0,3,4595,T
6-NA,522,2,0,4731,1,4734,G
6-NA,523,0,4688,0,2,4690,T
6-NA,524,0,0,4864,0,4864,G
6-NA,525,0,0,1,4874,4875,C
6-NA,526,4864,1,1,0,4866,A
6-NA,527,1,4924,0,3,4928,T
6-NA,528,4851,0,5,0,4856,A
6-NA,529,1,0,5005,0,5006,G
6-NA,530,0,2,0,5000,5002,C
6-NA,531,4913,0,6,0,4919,A
6-NA,532,1,4897,0,1,4899,T
6-NA,533,1,3,4778,0,4782,G
6-NA,534,0,1,5126,0,5127,G
6-NA,535,1,5126,0,5,5132,T
6-NA,536,9,4,1,5104,5118,C
6-NA,537,2,1,0,5147,5150,C
6-NA,538,5158,0,6,0,5164,A
6-NA,539,1,1,5287,0,5289,G
6-NA,540,0,0,0,5319,5319,C
6-NA,541,0,5313,0,7,5320,T
6-NA,542,6,3,0,5323,5332,C
6-NA,543,5221,0,0,0,5221,A
6-NA,544,5255,0,3,0,5258,A
6-NA,545,0,0,5313,0,5313,G
6-NA,546,0,5378,0,1,5379,T
6-NA,547,0,5368,0,3,5371,T
6-NA,548,1,0,5373,0,5374,G
6-NA,549,0,5370,0,0,5370,T
6-NA,550,5,3,0,5360,5368,C
6-NA,551,5361,0,9,1,5371,A
6-NA,552,6,3,1,5411,5421,C
6-NA,553,1,1,5409,0,5411,G
6-NA,554,5447,1,2,0,5450,A
6-NA,555,0,5499,0,2,5501,T
6-NA,556,6,3,5604,0,5613,G
6-NA,557,3,3,5629,0,5635,G
6-NA,558,5627,0,9,0,5636,A
6-NA,559,5655,0,5,0,5660,A
6-NA,560,5708,0,2,0,5710,A
6-NA,561,5697,0,15,0,5712,A
6-NA,562,1,2,5795,0,5798,G
6-NA,563,2,1,0,5781,5784,C
6-NA,564,5763,1,7,0,5771,A
6-NA,565,0,5756,0,5,5761,T
6-NA,566,2,5,5811,1,5819,G
6-NA,567,1,2,5813,0,5816,G
6-NA,568,0,0,0,5912,5912,C
6-NA,569,2,5867,0,3,5872,T
6-NA,570,2,2,5923,1,5928,G
6-NA,571,0,0,0,5907,5907,C
6-NA,572,5906,0,4,0,5910,A
6-NA,573,0,6124,0,2,6126,T
6-NA,574,1,2,6152,1,6156,G
6-NA,575,1,6166,0,3,6170,T
6-NA,576,0,6256,0,5,6261,T
6-NA,577,0,6222,0,5,6227,T
6-NA,578,0,0,6467,0,6467,G
6-NA,579,0,6447,0,6,6453,T
6-NA,580,6501,0,3,0,6504,A
6-NA,581,0,6525,0,2,6527,T
6-NA,582,6445,0,7,0,6452,A
6-NA,583,6460,1,2,0,6463,A
6-NA,584,0,1,0,6446,6447,C
6-NA,585,5,15,6394,0,6414,G
6-NA,586,0,0,6395,0,6395,G
6-NA,587,1,7,6363,0,6371,G
6-NA,588,6196,0,23,0,6219,A
6-NA,589,1,3,6343,0,6347,G
6-NA,590,6326,0,10,0,6336,A
6-NA,591,0,6394,0,2,6396,T
6-NA,592,1,6,6419,0,6426,G
6-NA,593,6435,1,1,0,6437,A
6-NA,594,0,6473,0,0,6473,T
6-NA,595,6459,0,2,0,6461,A
6-NA,596,6576,1,0,0,6577,A
6-NA,597,6613,1,3,0,6617,A
6-NA,598,6610,0,1,1,6612,A
6-NA,599,6631,0,4,0,6635,A
6-NA,600,0,6617,0,3,6620,T
6-NA,601,2,1,6615,0,6618,G
6-NA,602,0,0,0,6624,6624,C
6-NA,603,6614,0,4,0,6618,A
6-NA,604,6642,3,4,0,6649,A
6-NA,605,0,0,0,6717,6717,C
6-NA,606,0,6711,0,2,6713,T
6-NA,607,3,0,6745,0,6748,G
6-NA,608,1,1,0,6730,6732,C
6-NA,609,0,6733,0,8,6741,T
6-NA,610,6751,1,11,0,6763,A
6-NA,611,0,0,6764,0,6764,G
6-NA,612,0,2,1,6833,6836,C
6-NA,613,0,6823,1,6,6830,T
6-NA,614,1,6813,1,4,6819,T
6-NA,615,1,1,1,6889,6892,C
6-NA,616,6899,0,5,0,6904,A
6-NA,617,0,6915,1,3,6919,T
6-NA,618,0,6926,1,3,6930,T
6-NA,619,0,6985,1,5,6991,T
6-NA,620,7003,0,2,0,7005,A
6-NA,621,0,0,0,7084,7084,C
6-NA,622,7026,0,3,0,7029,A
6-NA,623,7065,0,11,1,7077,A
6-NA,624,0,7082,0,3,7085,T
6-NA,625,3,9,7051,0,7063,G
6-NA,626,1,5,7030,0,7036,G
6-NA,627,0,3,7029,0,7032,G
6-NA,628,6966,2,14,0,6982,A
6-NA,629,1,4,7198,0,7203,G
6-NA,630,2,1,7287,0,7290,G
6-NA,631,3,1,0,7728,7732,C
6-NA,632,1,7776,0,12,7789,T
6-NA,633,0,7885,0,10,7895,T
6-NA,634,3,0,7963,0,7966,G
6-NA,635,1,7915,0,1,7917,T
6-NA,636,8069,2,3,1,8075,A
6-NA,637,0,4,8121,1,8126,G
6-NA,638,7966,0,8,0,7974,A
6-NA,639,0,8010,0,1,8011,T
6-NA,640,7464,2,4,0,7470,A
6-NA,641,1,0,7468,1,7470,G
6-NA,642,1,7321,0,3,7325,T
6-NA,643,1,0,7236,0,7237,G
6-NA,644,0,7527,0,3,7530,T
6-NA,645,0,7557,0,5,7562,T
6-NA,646,5,0,7664,1,7670,G
6-NA,647,0,7626,0,14,7640,T
6-NA,648,0,7665,0,3,7668,T
6-NA,649,0,7648,1,7,7656,T
6-NA,650,1,1,0,7569,7571,C
6-NA,651,7549,1,10,3,7563,A
6-NA,652,0,7518,0,5,7523,T
6-NA,653,1,6,7530,0,7537,G
6-NA,654,1,0,7975,0,7976,G
6-NA,655,0,7891,0,6,7897,T
6-NA,656,6,2,0,7864,7872,C
6-NA,657,10,2,0,7886,7898,C
6-NA,658,7916,0,3,0,7919,A
6-NA,659,7981,0,3,1,7985,A
6-NA,660,7989,0,9,1,7999,A
6-NA,661,1,2,8010,0,8013,G
6-NA,662,7980,0,3,1,7984,A
6-NA,663,7750,0,4,0,7754,A
6-NA,664,7749,0,5,0,7754,A
6-NA,665,0,7736,0,2,7738,T
6-NA,666,5,1,0,7977,7983,C
6-NA,667,6,1,0,7970,7977,C
6-NA,668,1,7942,0,10,7953,T
6-NA,669,1,2,0,7971,7974,C
6-NA,670,7965,1,9,0,7975,A
6-NA,671,0,3,8011,1,8015,G
6-NA,672,0,15,7996,0,8011,G
6-NA,673,8183,0,5,0,8188,A
6-NA,674,0,1,0,8213,8214,C
6-NA,675,2,2,0,8059,8063,C
6-NA,676,3,2,0,8104,8109,C
6-NA,677,8095,0,8,0,8103,A
6-NA,678,1,2,8152,0,8155,G
6-NA,679,4,6,8186,0,8196,G
6-NA,680,8127,2,9,0,8138,A
6-NA,681,3,0,8332,0,8335,G
6-NA,682,0,8151,1,4,8156,T
6-NA,683,9,1,1,8179,8190,C
6-NA,684,8199,2,7,1,8209,A
6-NA,685,2,0,8313,0,8315,G
6-NA,686,8258,1,7,0,8266,A
6-NA,687,8283,0,3,0,8286,A
6-NA,688,1,8262,1,1,8265,T
6-NA,689,0,1,8269,0,8270,G
6-NA,690,0,8111,0,7,8118,T
6-NA,691,1,0,8409,0,8410,G
6-NA,692,2,8395,0,5,8402,T
6-NA,693,0,8391,0,2,8393,T
6-NA,694,1,8327,1,1,8330,T
6-NA,695,10,0,8352,1,8363,G
6-NA,696,0,8390,0,8,8398,T
6-NA,697,8393,0,2,0,8395,A
6-NA,698,3,8324,0,3,8330,T
6-NA,699,2,3,0,8387,8392,C
6-NA,700,8309,0,4,0,8313,A
6-NA,701,8314,0,0,2,8316,A
6-NA,702,0,8320,0,1,8321,T
6-NA,703,0,3,8314,1,8318,G
6-NA,704,2,3,8339,0,8344,G
6-NA,705,8481,0,15,0,8496,A
6-NA,706,8504,0,5,0,8509,A
6-NA,707,0,2,0,8579,8581,C
6-NA,708,0,8633,0,13,8646,T
6-NA,709,0,8636,0,1,8637,T
6-NA,710,0,2,8952,0,8954,G
6-NA,711,1,8916,0,3,8920,T
6-NA,712,8923,2,3,0,8928,A
6-NA,713,1,2,0,9065,9068,C
6-NA,714,8848,0,4,1,8853,A
6-NA,715,2,0,9522,0,9524,G
6-NA,716,0,9463,0,5,9468,T
6-NA,717,9913,1,7,0,9921,A
6-NA,718,1,0,9967,0,9968,G
6-NA,719,1,9755,0,6,9762,T
6-NA,720,9792,1,4,0,9797,A
6-NA,721,9781,0,1,0,9782,A
6-NA,722,0,9723,1,2,9726,T
6-NA,723,2,12,9747,0,9761,G
6-NA,724,9521,1,6,0,9528,A
6-NA,725,0,0,0,9624,9624,C
6-NA,726,1,9385,0,4,9390,T
6-NA,727,0,8,9444,0,9452,G
6-NA,728,9368,0,11,0,9379,A
6-NA,729,0,9455,0,7,9462,T
6-NA,730,2,7,9451,0,9460,G
6-NA,731,4,3,9385,0,9392,G
6-NA,732,2,9,9418,0,9429,G
6-NA,733,9261,0,15,0,9276,A
6-NA,734,7,0,9293,0,9300,G
6-NA,735,1,9233,0,8,9242,T
6-NA,736,1,0,9341,0,9342,G
6-NA,737,0,4,0,9426,9430,C
6-NA,738,0,9407,0,13,9420,T
6-NA,739,0,9432,1,0,9433,T
6-NA,740,3,1,0,9450,9454,C
6-NA,741,9436,1,9,0,9446,A
6-NA,742,3,2,9509,0,9514,G
6-NA,743,8,3,9493,0,9504,G
6-NA,744,9474,0,5,1,9480,A
6-NA,745,9430,0,6,0,9436,A
6-NA,746,9297,1,11,0,9309,A
6-NA,747,9338,0,14,1,9353,A
6-NA,748,2,1,9394,1,9398,G
6-NA,749,1,0,0,9382,9383,C
6-NA,750,0,9367,0,2,9369,T
6-NA,751,2,6,9370,0,9378,G
6-NA,752,9342,0,5,1,9348,A
6-NA,753,1,9469,0,1,9471,T
6-NA,754,9490,1,2,0,9493,A
6-NA,755,0,4,0,9969,9973,C
6-NA,756,0,9947,0,3,9950,T
6-NA,757,9954,0,3,0,9957,A
6-NA,758,9966,0,5,0,9971,A
6-NA,759,9957,0,4,1,9962,A
6-NA,760,10284,1,3,0,10288,A
6-NA,761,0,10269,5,1,10275,T
6-NA,762,10269,0,1,0,10270,A
6-NA,763,4,8,0,10330,10342,C
6-NA,764,1,10030,1,3,10035,T
6-NA,765,10168,1,4,0,10173,A
6-NA,766,0,10091,0,11,10102,T
6-NA,767,1,10651,0,2,10654,T
6-NA,768,15,1,1,10678,10695,C
6-NA,769,10501,1,0,0,10502,A
6-NA,770,0,10492,0,2,10494,T
6-NA,771,1,10479,0,3,10483,T
6-NA,772,1,6,10512,0,10519,G
6-NA,773,10441,1,10,1,10453,A
6-NA,774,3,10,10415,0,10428,G
6-NA,775,5,4,10407,0,10416,G
6-NA,776,10013,1,7,1,10022,A
6-NA,777,2,6,10225,0,10233,G
6-NA,778,5,12,10205,1,10223,G
6-NA,779,2,4,10222,0,10228,G
6-NA,780,6,3,10244,0,10253,G
6-NA,781,10177,0,10,0,10187,A
6-NA,782,10240,0,6,0,10246,A
6-NA,783,10190,1,9,0,10200,A
6-NA,784,10207,0,5,1,10213,A
6-NA,785,0,10170,0,0,10170,T
6-NA,786,7,2,0,10142,10151,C
6-NA,787,0,0,10225,1,10226,G
6-NA,788,0,10185,0,0,10185,T
6-NA,789,1,10170,1,12,10184,T
6-NA,790,13,2,0,10199,10214,C
6-NA,791,10205,0,1,0,10206,A
6-NA,792,0,10886,0,1,10887,T
6-NA,793,10859,0,1,0,10860,A
6-NA,794,0,2,0,10942,10944,C
6-NA,795,0,10903,0,10,10913,T
6-NA,796,10886,0,6,0,10892,A
6-NA,797,4,0,10865,0,10869,G
6-NA,798,1,1,0,10859,10861,C
6-NA,799,10838,3,6,0,10847,A
6-NA,800,1,2,0,10893,10896,C
6-NA,801,10507,0,8,0,10515,A
6-NA,802,0,10842,0,5,10847,T
6-NA,803,0,10802,1,8,10811,T
6-NA,804,2,1,11461,0,11464,G
6-NA,805,0,11361,0,8,11369,T
6-NA,806,9,8,0,11373,11390,C
6-NA,807,11359,2,15,3,11379,A
6-NA,808,1,8,11383,0,11392,G
6-NA,809,3,4,11415,0,11422,G
6-NA,810,11363,0,4,0,11367,A
6-NA,811,11239,0,7,1,11247,A
6-NA,812,0,1,11334,0,11335,G
6-NA,813,0,10779,1,7,10787,T
6-NA,814,4,1,10845,0,10850,G
6-NA,815,0,4,0,10818,10822,C
6-NA,816,0,10826,0,6,10832,T
6-NA,817,25,0,0,10860,10885,C
6-NA,818,10842,0,6,0,10848,A
6-NA,819,0,0,10882,2,10884,G
6-NA,820,0,1,3,10887,10891,C
6-NA,821,10850,0,14,0,10864,A
6-NA,822,1,10868,0,5,10874,T
6-NA,823,6,2,11171,0,11179,G
6-NA,824,1,11129,0,10,11140,T
6-NA,825,11,4,2,11147,11164,C
6-NA,826,1,11,11174,0,11186,G
6-NA,827,11115,0,4,0,11119,A
6-NA,828,1,0,11098,0,11099,G
6-NA,829,1,10,11118,0,11129,G
6-NA,830,11017,0,11,0,11028,A
6-NA,831,0,0,11171,0,11171,G
6-NA,832,1,10827,1,4,10833,T
6-NA,833,8,0,10890,1,10899,G
6-NA,834,2,2,0,11103,11107,C
6-NA,835,0,11066,1,11,11078,T
6-NA,836,18,2,0,11097,11117,C
6-NA,837,3,2,0,11158,11163,C
6-NA,838,1,11178,0,8,11187,T
6-NA,839,3,0,11226,0,11229,G
6-NA,840,1,2,0,11111,11114,C
6-NA,841,0,11087,0,8,11095,T
6-NA,842,11172,0,8,0,11180,A
6-NA,843,0,10948,0,2,10950,T
6-NA,844,3,1,0,11023,11027,C
6-NA,845,5,1,0,10992,10998,C
6-NA,846,0,10957,0,11,10968,T
6-NA,847,5,1,2,11042,11050,C
6-NA,848,12,6,11034,0,11052,G
6-NA,849,11109,0,4,0,11113,A
6-NA,850,0,11141,0,6,11147,T
6-NA,851,11116,0,2,0,11118,A
6-NA,852,2,11102,0,6,11110,T
6-NA,853,2,1,1,11078,11082,C
6-NA,854,5,2,1,11075,11083,C
6-NA,855,1,10978,1,14,10994,T
6-NA,856,5,3,11072,0,11080,G
6-NA,857,2,2,11068,0,11072,G
6-NA,858,0,11176,0,10,11186,T
6-NA,859,2,0,11238,2,11242,G
6-NA,860,0,11184,0,13,11197,T
6-NA,861,12,0,0,11195,11207,C
6-NA,862,11193,1,6,0,11200,A
6-NA,863,1,2,11216,0,11219,G
6-NA,864,11205,2,12,2,11221,A
6-NA,865,1,11104,0,4,11109,T
6-NA,866,1,1,11137,1,11140,G
6-NA,867,1,10950,0,4,10955,T
6-NA,868,2,3,11000,2,11007,G
6-NA,869,0,10970,0,12,10982,T
6-NA,870,9,2,0,11012,11023,C
6-NA,871,4,10981,0,19,11004,T
6-NA,872,6,6,10982,0,10994,G
6-NA,873,0,0,0,11001,11001,C
6-NA,874,10992,0,6,0,10998,A
6-NA,875,0,4,10993,0,10997,G
6-NA,876,10740,1,23,0,10764,A
6-NA,877,1,6,10792,2,10801,G
6-NA,878,10758,1,7,0,10766,A
6-NA,879,1,1,0,10806,10808,C
6-NA,880,10809,0,8,0,10817,A
6-NA,881,10837,2,5,0,10844,A
6-NA,882,1,3,0,10922,10926,C
6-NA,883,2,10913,0,3,10918,T
6-NA,884,5,3,10912,0,10920,G
6-NA,885,1,6,10898,0,10905,G
6-NA,886,10872,1,13,0,10886,A
6-NA,887,10862,0,7,0,10869,A
6-NA,888,10642,0,12,0,10654,A
6-NA,889,1,5,10629,0,10635,G
6-NA,890,2,12,10467,0,10481,G
6-NA,891,10256,1,7,0,10264,A
6-NA,892,2,10480,0,5,10487,T
6-NA,893,2,3,0,10566,10571,C
6-NA,894,7,3,0,10779,10789,C
6-NA,895,10821,0,2,0,10823,A
6-NA,896,10813,0,1,0,10814,A
6-NA,897,2,10792,0,1,10795,T
6-NA,898,10447,0,19,0,10466,A
6-NA,899,2,1,10398,1,10402,G
6-NA,900,3,1,10375,0,10379,G
6-NA,901,2,8,1,10364,10375,C
6-NA,902,5,1,0,10327,10333,C
6-NA,903,10,3,2,10046,10061,C
6-NA,904,10127,0,2,0,10129,A
6-NA,905,0,10180,1,11,10192,T
6-NA,906,7,2,0,10235,10244,C
6-NA,907,3,0,10295,0,10298,G
6-NA,908,1,10188,1,1,10191,T
6-NA,909,10021,0,6,0,10027,A
6-NA,910,2,3,10240,0,10245,G
6-NA,911,10234,0,19,3,10256,A
6-NA,912,1,10282,0,0,10283,T
6-NA,913,10081,0,1,0,10082,A
6-NA,914,0,9966,0,5,9971,T
6-NA,915,9977,0,1,0,9978,A
6-NA,916,9959,0,4,0,9963,A
6-NA,917,10113,0,7,1,10121,A
6-NA,918,1,2,0,10295,10298,C
6-NA,919,10036,1,0,0,10037,A
6-NA,920,1,9981,0,0,9982,T
6-NA,921,9936,0,4,0,9940,A
6-NA,922,9930,0,5,2,9937,A
6-NA,923,9909,0,11,0,9920,A
6-NA,924,4,8,10023,0,10035,G
6-NA,925,0,4,10116,0,10120,G
6-NA,926,9773,0,4,0,9777,A
6-NA,927,0,9777,0,16,9793,T
6-NA,928,11,4,0,9837,9852,C
6-NA,929,9873,1,2,1,9877,A
6-NA,930,0,9896,0,8,9904,T
6-NA,931,9871,0,12,1,9884,A
6-NA,932,0,0,9953,0,9953,G
6-NA,933,0,2,1,9798,9801,C
6-NA,934,9539,0,4,0,9543,A
6-NA,935,1,9142,3,7,9153,T
6-NA,936,1,9172,0,2,9175,T
6-NA,937,0,0,9176,0,9176,G
6-NA,938,0,9157,0,4,9161,T
6-NA,939,8,2,0,9011,9021,C
6-NA,940,4,9628,1,14,9647,T
6-NA,941,10,0,1,9726,9737,C
6-NA,942,3,2,1,9823,9829,C
6-NA,943,9945,0,7,0,9952,A
6-NA,944,0,0,10094,0,10094,G
6-NA,945,1,10063,1,8,10073,T
6-NA,946,0,9542,0,2,9544,T
6-NA,947,9541,0,13,0,9554,A
6-NA,948,0,9242,0,2,9244,T
6-NA,949,3,0,9262,0,9265,G
6-NA,950,2,9075,1,10,9088,T
6-NA,951,0,2,9146,0,9148,G
6-NA,952,0,8780,0,7,8787,T
6-NA,953,2,0,8991,0,8993,G
6-NA,954,2,8949,0,12,8963,T
6-NA,955,1,8916,4,6,8927,T
6-NA,956,14,2,0,8919,8935,C
6-NA,957,8881,1,17,0,8899,A
6-NA,958,3,2,8914,0,8919,G
6-NA,959,0,8,8895,0,8903,G
6-NA,960,8818,1,7,0,8826,A
6-NA,961,1,0,0,8870,8871,C
6-NA,962,2,8580,0,3,8585,T
6-NA,963,0,8624,0,2,8626,T
6-NA,964,2,0,8893,0,8895,G
6-NA,965,0,8852,0,2,8854,T
6-NA,966,0,8885,0,9,8894,T
6-NA,967,5,3,8823,0,8831,G
6-NA,968,3,5,8818,0,8826,G
6-NA,969,8782,1,22,0,8805,A
6-NA,970,2,6,8820,0,8828,G
6-NA,971,8772,1,19,2,8794,A
6-NA,972,0,1,0,8781,8782,C
6-NA,973,8488,0,6,0,8494,A
6-NA,974,1,3,0,8500,8504,C
6-NA,975,8448,2,7,6,8463,A
6-NA,976,4,5,0,8556,8565,C
6-NA,977,5,2,0,8491,8498,C
6-NA,978,5,4,0,8505,8514,C
6-NA,979,8532,1,4,0,8537,A
6-NA,980,11,3,8559,1,8574,G
6-NA,981,8562,1,1,0,8564,A
6-NA,982,8624,0,2,0,8626,A
6-NA,983,8583,0,0,0,8583,A
6-NA,984,8572,1,1,0,8574,A
6-NA,985,8532,0,3,0,8535,A
6-NA,986,8515,0,1,0,8516,A
6-NA,987,0,8448,1,4,8453,T
6-NA,988,0,10,8467,0,8477,G
6-NA,989,8460,0,8,0,8468,A
6-NA,990,2,1,0,8490,8493,C
6-NA,991,8441,1,8,1,8451,A
6-NA,992,2,0,8511,0,8513,G
6-NA,993,1,0,0,8893,8894,C
6-NA,994,0,8828,0,9,8837,T
6-NA,995,6,2,0,8863,8871,C
6-NA,996,6,8,0,8920,8934,C
6-NA,997,8927,1,11,0,8939,A
6-NA,998,3,1,8966,0,8970,G
6-NA,999,1,1,0,8948,8950,C
6-NA,1000,8891,0,3,0,8894,A
6-NA,1001,0,0,8931,0,8931,G
6-NA,1002,0,8279,1,4,8284,T
6-NA,1003,6,8,8235,0,8249,G
6-NA,1004,3,1,8316,1,8321,G
6-NA,1005,0,2,0,8330,8332,C
6-NA,1006,6,6,0,8337,8349,C
6-NA,1007,8280,0,8,3,8291,A
6-NA,1008,2,8297,1,3,8303,T
6-NA,1009,0,8281,0,0,8281,T
6-NA,1010,1,1,8501,0,8503,G
6-NA,1011,2,8427,0,7,8436,T
6-NA,1012,0,8371,0,10,8381,T
6-NA,1013,3,8386,0,5,8394,T
6-NA,1014,2,5,8321,0,8328,G
6-NA,1015,2,3,8415,0,8420,G
6-NA,1016,8341,0,4,0,8345,A
6-NA,1017,0,8434,0,4,8438,T
6-NA,1018,7,0,0,8401,8408,C
6-NA,1019,6,0,0,8317,8323,C
6-NA,1020,8,8337,0,8,8353,T
6-NA,1021,8326,0,28,1,8355,A
6-NA,1022,8377,1,3,0,8381,A
6-NA,1023,1,1,0,8517,8519,C
6-NA,1024,8340,0,3,0,8343,A
6-NA,1025,8412,1,1,0,8414,A
6-NA,1026,0,8338,0,1,8339,T
6-NA,1027,0,2,8356,0,8358,G
6-NA,1028,8231,6,7,0,8244,A
6-NA,1029,2,1,7956,0,7959,G
6-NA,1030,1,1,8081,0,8083,G
6-NA,1031,8044,0,3,0,8047,A
6-NA,1032,8078,2,7,0,8087,A
6-NA,1033,3,6,8113,0,8122,G
6-NA,1034,4,0,8169,0,8173,G
6-NA,1035,0,8008,0,1,8009,T
6-NA,1036,0,4,8048,1,8053,G
6-NA,1037,10,0,8180,0,8190,G
6-NA,1038,2,8040,1,12,8055,T
6-NA,1039,14,0,0,8074,8088,C
6-NA,1040,8086,0,2,0,8088,A
6-NA,1041,0,8092,0,9,8101,T
6-NA,1042,2,13,8063,0,8078,G
6-NA,1043,3,7,8006,0,8016,G
6-NA,1044,3,3,7737,0,7743,G
6-NA,1045,1,0,8088,0,8089,G
6-NA,1046,0,8050,1,7,8058,T
6-NA,1047,0,4,8107,0,8111,G
6-NA,1048,8047,1,2,1,8051,A
6-NA,1049,8073,0,0,1,8074,A
6-NA,1050,8084,0,18,1,8103,A
6-NA,1051,2,2,8147,0,8151,G
6-NA,1052,0,1,8087,0,8088,G
6-NA,1053,1,0,0,8056,8057,C
6-NA,1054,0,7861,4,7,7872,T
6-NA,1055,3,2,7895,0,7900,G
6-NA,1056,2,4,7901,0,7907,G
6-NA,1057,6,3,7935,0,7944,G
6-NA,1058,0,2,0,7893,7895,C
6-NA,1059,3,1,0,7940,7944,C
6-NA,1060,1,7807,0,14,7822,T
6-NA,1061,0,7853,0,2,7855,T
6-NA,1062,0,7874,1,0,7875,T
6-NA,1063,1,1,7900,0,7902,G
6-NA,1064,7867,0,7,1,7875,A
6-NA,1065,0,7819,1,2,7822,T
6-NA,1066,1,2,7688,0,7691,G
6-NA,1067,7571,0,9,0,7580,A
6-NA,1068,1,7596,0,7,7604,T
6-NA,1069,3,3,7610,0,7616,G
6-NA,1070,1,6,7709,0,7716,G
6-NA,1071,7681,0,4,0,7685,A
6-NA,1072,7664,0,3,0,7667,A
6-NA,1073,7669,0,2,0,7671,A
6-NA,1074,0,7654,0,4,7658,T
6-NA,1075,5,2,7693,0,7700,G
6-NA,1076,7658,0,6,0,7664,A
6-NA,1077,4,3,0,7636,7643,C
6-NA,1078,1,0,7710,0,7711,G
6-NA,1079,0,7495,0,3,7498,T
6-NA,1080,4,0,7587,0,7591,G
6-NA,1081,1,7546,0,2,7549,T
6-NA,1082,2,5,7567,0,7574,G
6-NA,1083,0,0,7614,0,7614,G
6-NA,1084,7526,0,8,0,7534,A
6-NA,1085,2,7551,0,2,7555,T
6-NA,1086,4,5,7541,0,7550,G
6-NA,1087,4,3,7531,0,7538,G
6-NA,1088,0,1,7582,0,7583,G
6-NA,1089,7516,2,3,1,7522,A
6-NA,1090,7503,0,8,0,7511,A
6-NA,1091,7,2,7497,0,7506,G
6-NA,1092,7376,0,7,0,7383,A
6-NA,1093,7389,0,2,0,7391,A
6-NA,1094,1,1,0,7385,7387,C
6-NA,1095,2,6,7346,0,7354,G
6-NA,1096,7316,0,4,0,7320,A
6-NA,1097,1,7168,0,2,7171,T
6-NA,1098,6,0,0,7212,7218,C
6-NA,1099,7175,0,4,0,7179,A
6-NA,1100,0,1,7202,0,7203,G
6-NA,1101,1,3,0,7184,7188,C
6-NA,1102,2,6,7184,0,7192,G
6-NA,1103,7156,0,5,0,7161,A
6-NA,1104,1,1,7203,0,7205,G
6-NA,1105,7192,1,3,0,7196,A
6-NA,1106,7204,0,4,0,7208,A
6-NA,1107,1,0,7239,1,7241,G
6-NA,1108,0,7155,0,9,7164,T
6-NA,1109,12,0,0,7125,7137,C
6-NA,1110,7101,0,9,0,7110,A
6-NA,1111,1,3,1,7311,7316,C
6-NA,1112,1,0,7311,0,7312,G
6-NA,1113,2,1,0,7303,7306,C
6-NA,1114,0,7264,0,6,7270,T
6-NA,1115,0,7264,1,1,7266,T
6-NA,1116,7182,0,4,0,7186,A
6-NA,1117,2,4,7322,0,7328,G
6-NA,1118,3,3,7329,1,7336,G
6-NA,1119,2,0,7462,2,7466,G
6-NA,1120,0,6985,1,3,6989,T
6-NA,1121,7017,0,1,1,7019,A
6-NA,1122,0,6990,0,5,6995,T
6-NA,1123,0,6,6993,0,6999,G
6-NA,1124,6988,0,8,0,6996,A
6-NA,1125,6963,0,2,1,6966,A
6-NA,1126,6568,0,5,0,6573,A
6-NA,1127,1,1,0,6585,6587,C
6-NA,1128,2,2,0,6383,6387,C
6-NA,1129,0,6134,1,10,6145,T
6-NA,1130,0,6138,0,3,6141,T
6-NA,1131,1,5,0,6152,6158,C
6-NA,1132,6164,0,1,0,6165,A
6-NA,1133,6160,1,4,0,6165,A
6-NA,1134,6158,0,6,0,6164,A
6-NA,1135,1,0,6194,0,6195,G
6-NA,1136,1,6060,0,3,6064,T
6-NA,1137,13,2,1,6110,6126,C
6-NA,1138,6242,0,2,1,6245,A
6-NA,1139,0,6238,0,4,6242,T
6-NA,1140,0,6256,0,3,6259,T
6-NA,1141,0,1,6262,0,6263,G
6-NA,1142,6228,2,4,0,6234,A
6-NA,1143,6233,0,15,0,6248,A
6-NA,1144,0,4,6274,0,6278,G
6-NA,1145,0,0,6257,0,6257,G
6-NA,1146,6,2,0,6215,6223,C
6-NA,1147,0,5980,1,9,5990,T
6-NA,1148,0,2,6026,1,6029,G
6-NA,1149,1,1,6135,0,6137,G
6-NA,1150,0,6105,2,10,6117,T
6-NA,1151,8,1,0,6087,6096,C
6-NA,1152,5,0,0,6066,6071,C
6-NA,1153,6074,0,1,0,6075,A
6-NA,1154,6072,0,10,0,6082,A
6-NA,1155,1,2,0,6125,6128,C
6-NA,1156,6,1,0,6097,6104,C
6-NA,1157,4,0,1,6066,6071,C
6-NA,1158,0,5796,0,5,5801,T
6-NA,1159,5798,0,2,0,5800,A
6-NA,1160,5794,1,2,0,5797,A
6-NA,1161,0,1,5841,0,5842,G
6-NA,1162,1,5734,0,8,5743,T
6-NA,1163,2,0,1,5777,5780,C
6-NA,1164,2,3,0,5659,5664,C
6-NA,1165,5639,0,0,1,5640,A
6-NA,1166,5623,0,1,0,5624,A
6-NA,1167,5637,0,0,0,5637,A
6-NA,1168,0,5623,0,0,5623,T
6-NA,1169,0,5623,0,2,5625,T
6-NA,1170,1,0,5600,0,5601,G
6-NA,1171,2,0,0,5575,5577,C
6-NA,1172,5570,0,9,0,5579,A
6-NA,1173,1,0,5593,0,5594,G
6-NA,1174,5588,0,4,0,5592,A
6-NA,1175,0,5695,0,0,5695,T
6-NA,1176,5704,0,1,0,5705,A
6-NA,1177,5703,0,1,0,5704,A
6-NA,1178,5682,0,12,0,5694,A
6-NA,1179,0,5652,0,0,5652,T
6-NA,1180,5630,2,11,0,5643,A
6-NA,1181,2,2,5637,0,5641,G
6-NA,1182,1,0,5606,0,5607,G
6-NA,1183,4,1,0,5576,5581,C
6-NA,1184,5373,1,0,0,5374,A
6-NA,1185,5400,0,9,0,5409,A
6-NA,1186,0,4,5443,0,5447,G
6-NA,1187,1,5412,1,7,5421,T
6-NA,1188,12,0,0,5418,5430,C
6-NA,1189,5447,0,0,0,5447,A
6-NA,1190,0,5416,0,1,5417,T
6-NA,1191,5467,0,2,0,5469,A
6-NA,1192,1,2,5474,0,5477,G
6-NA,1193,0,5470,0,2,5472,T
6-NA,1194,0,5245,0,2,5247,T
6-NA,1195,2,7,5144,0,5153,G
6-NA,1196,5103,0,10,0,5113,A
6-NA,1197,0,0,0,5106,5106,C
6-NA,1198,5020,0,1,0,5021,A
6-NA,1199,0,0,5080,0,5080,G
6-NA,1200,5026,1,7,0,5034,A
6-NA,1201,0,1,5191,0,5192,G
6-NA,1202,0,1,5200,0,5201,G
6-NA,1203,0,5152,0,2,5154,T
6-NA,1204,5145,0,2,0,5147,A
6-NA,1205,5137,0,2,0,5139,A
6-NA,1206,0,5132,0,0,5132,T
6-NA,1207,5108,0,5,2,5115,A
6-NA,1208,0,1,4984,0,4985,G
6-NA,1209,1,1,4805,0,4807,G
6-NA,1210,2,4191,0,4,4197,T
6-NA,1211,6,1,0,4145,4152,C
6-NA,1212,5,1,1,4113,4120,C
6-NA,1213,2,1,4141,0,4144,G
6-NA,1214,1,0,4145,0,4146,G
6-NA,1215,0,4132,0,2,4134,T
6-NA,1216,0,4122,0,0,4122,T
6-NA,1217,4061,0,0,0,4061,A
6-NA,1218,0,3950,0,0,3950,T
6-NA,1219,0,3948,0,1,3949,T
6-NA,1220,11,0,0,3934,3945,C
6-NA,1221,0,3705,0,4,3709,T
6-NA,1222,0,2,3714,0,3716,G
6-NA,1223,0,0,3725,0,3725,G
6-NA,1224,0,3698,0,3,3701,T
6-NA,1225,3713,0,1,0,3714,A
6-NA,1226,0,3651,0,12,3663,T
6-NA,1227,0,3673,0,1,3674,T
6-NA,1228,0,3664,0,5,3669,T
6-NA,1229,0,3670,0,4,3674,T
6-NA,1230,1,0,0,3689,3690,C
6-NA,1231,0,3617,0,4,3621,T
6-NA,1232,1,1,0,3659,3661,C
6-NA,1233,1,3640,0,2,3643,T
6-NA,1234,0,0,3744,0,3744,G
6-NA,1235,3,3735,0,1,3739,T
6-NA,1236,0,3709,0,1,3710,T
6-NA,1237,0,0,3707,0,3707,G
6-NA,1238,3669,0,4,0,3673,A
6-NA,1239,3682,0,2,0,3684,A
6-NA,1240,0,2,3715,0,3717,G
6-NA,1241,2,0,3696,0,3698,G
6-NA,1242,0,4,0,3702,3706,C
6-NA,1243,3652,1,2,0,3655,A
6-NA,1244,3656,0,1,0,3657,A
6-NA,1245,3658,1,7,0,3666,A
6-NA,1246,3671,0,9,0,3680,A
6-NA,1247,0,0,3680,0,3680,G
6-NA,1248,0,4,0,3659,3663,C
6-NA,1249,0,3620,0,3,3623,T
6-NA,1250,1,1,3657,0,3659,G
6-NA,1251,0,0,0,3648,3648,C
6-NA,1252,3661,0,4,0,3665,A
6-NA,1253,0,3639,0,4,3643,T
6-NA,1254,3,0,0,3629,3632,C
6-NA,1255,3638,0,0,0,3638,A
6-NA,1256,3640,0,0,0,3640,A
6-NA,1257,0,3621,0,0,3621,T
6-NA,1258,1,2,0,3636,3639,C
6-NA,1259,2,1,3583,1,3587,G
6-NA,1260,0,0,3651,0,3651,G
6-NA,1261,0,3639,1,4,3644,T
6-NA,1262,0,0,3662,1,3663,G
6-NA,1263,0,1,0,3667,3668,C
6-NA,1264,1,3658,0,7,3666,T
6-NA,1265,0,3715,0,1,3716,T
6-NA,1266,0,3709,0,1,3710,T
6-NA,1267,0,3736,0,0,3736,T
6-NA,1268,3761,0,1,0,3762,A
6-NA,1269,0,3614,0,1,3615,T
6-NA,1270,1,0,3620,0,3621,G
6-NA,1271,0,3574,0,3,3577,T
6-NA,1272,4,3,3543,0,3550,G
6-NA,1273,0,3,3596,0,3599,G
6-NA,1274,3522,0,0,0,3522,A
6-NA,1275,0,0,3559,0,3559,G
6-NA,1276,0,3540,0,2,3542,T
6-NA,1277,0,3520,2,1,3523,T
6-NA,1278,2,2,3555,0,3559,G
6-NA,1279,3539,0,4,1,3544,A
6-NA,1280,0,3541,0,1,3542,T
6-NA,1281,3534,0,0,1,3535,A
6-NA,1282,3411,0,5,0,3416,A
6-NA,1283,2,4,3435,0,3441,G
6-NA,1284,1,2,3384,0,3387,G
6-NA,1285,2,0,3353,0,3355,G
6-NA,1286,0,1,3344,0,3345,G
6-NA,1287,3283,0,2,0,3285,A
6-NA,1288,3265,0,10,1,3276,A
6-NA,1289,2,0,3297,0,3299,G
6-NA,1290,3291,1,0,3,3295,A
6-NA,1291,3291,0,0,0,3291,A
6-NA,1292,3241,1,0,0,3242,A
6-NA,1293,3162,0,7,0,3169,A
6-NA,1294,0,1,3181,0,3182,G
6-NA,1295,3149,0,1,0,3150,A
6-NA,1296,2,0,3153,0,3155,G
6-NA,1297,0,2,3149,0,3151,G
6-NA,1298,3109,0,3,0,3112,A
6-NA,1299,3106,0,1,0,3107,A
6-NA,1300,3099,0,1,1,3101,A
6-NA,1301,0,2,0,3116,3118,C
6-NA,1302,0,3099,2,0,3101,T
6-NA,1303,0,2,3114,0,3116,G
6-NA,1304,3099,0,1,0,3100,A
6-NA,1305,3089,1,7,1,3098,A
6-NA,1306,0,0,3118,0,3118,G
6-NA,1307,0,3082,0,4,3086,T
6-NA,1308,1,0,0,3119,3120,C
6-NA,1309,0,3100,0,2,3102,T
6-NA,1310,1,3072,0,1,3074,T
6-NA,1311,0,0,3082,0,3082,G
6-NA,1312,0,3058,0,4,3062,T
6-NA,1313,9,4,3051,0,3064,G
6-NA,1314,0,0,3050,0,3050,G
6-NA,1315,2997,0,6,0,3003,A
6-NA,1316,0,1,0,3023,3024,C
6-NA,1317,2,1,0,2946,2949,C
6-NA,1318,0,2961,0,8,2969,T
6-NA,1319,1,0,0,2975,2976,C
6-NA,1320,3001,0,0,0,3001,A
6-NA,1321,2996,0,1,0,2997,A
6-NA,1322,2991,1,2,0,2994,A
6-NA,1323,1,3,0,3026,3030,C
6-NA,1324,2946,0,0,0,2946,A
6-NA,1325,0,0,2991,0,2991,G
6-NA,1326,0,2943,0,0,2943,T
6-NA,1327,2938,0,1,0,2939,A
6-NA,1328,0,2933,0,2,2935,T
6-NA,1329,1,2889,0,0,2890,T
6-NA,1330,0,0,2919,0,2919,G
6-NA,1331,0,2897,0,3,2900,T
6-NA,1332,0,2780,0,2,2782,T
6-NA,1333,0,0,2795,0,2795,G
6-NA,1334,0,2615,1,2,2618,T
6-NA,1335,1,0,2636,0,2637,G
6-NA,1336,0,2608,3,5,2616,T
6-NA,1337,0,2580,1,0,2581,T
6-NA,1338,0,2594,0,0,2594,T
6-NA,1339,0,2514,1,1,2516,T
6-NA,1340,1,0,2527,0,2528,G
6-NA,1341,0,2519,0,3,2522,T
6-NA,1342,1,2,2506,0,2509,G
6-NA,1343,2,1,2490,1,2494,G
6-NA,1344,0,0,0,2457,2457,C
6-NA,1345,2436,0,3,0,2439,A
6-NA,1346,0,0,0,2479,2479,C
6-NA,1347,0,1,0,2469,2470,C
6-NA,1348,1,2461,0,1,2463,T
6-NA,1349,5,1,0,2460,2466,C
6-NA,1350,2477,0,7,0,2484,A
6-NA,1351,1,3,2493,1,2498,G
6-NA,1352,1,0,2493,0,2494,G
6-NA,1353,0,2483,0,1,2484,T
6-NA,1354,2471,0,0,0,2471,A
6-NA,1355,1,1,0,2315,2317,C
6-NA,1356,2294,0,0,0,2294,A
6-NA,1357,0,2294,0,0,2294,T
6-NA,1358,2227,0,9,0,2236,A
6-NA,1359,0,2229,0,0,2229,T
6-NA,1360,0,1,2071,0,2072,G
6-NA,1361,1,1,2078,0,2080,G
6-NA,1362,2062,0,0,0,2062,A
6-NA,1363,2037,0,4,0,2041,A
6-NA,1364,0,0,0,2014,2014,C
6-NA,1365,1680,0,1,0,1681,A
6-NA,1366,0,1,1681,0,1682,G
6-NA,1367,1,0,1659,0,1660,G
6-NA,1368,2,2,0,1654,1658,C
6-NA,1369,0,1661,0,3,1664,T
6-NA,1370,1,0,0,1580,1581,C
6-NA,1371,1573,1,2,0,1576,A
6-NA,1372,0,1575,0,4,1579,T
6-NA,1373,0,0,1583,0,1583,G
6-NA,1374,0,0,1583,0,1583,G
6-NA,1375,0,0,0,1523,1523,C
6-NA,1376,0,1,0,1508,1509,C
6-NA,1377,0,1449,0,0,1449,T
6-NA,1378,1,1,1448,0,1450,G
6-NA,1379,1449,0,2,0,1451,A
6-NA,1380,0,1452,0,0,1452,T
6-NA,1381,0,2,1426,0,1428,G
6-NA,1382,0,1,1403,0,1404,G
6-NA,1383,0,0,1332,0,1332,G
6-NA,1384,0,0,1335,0,1335,G
6-NA,1385,1,0,0,1294,1295,C
6-NA,1386,0,0,1296,0,1296,G
6-NA,1387,0,0,1280,0,1280,G
6-NA,1388,1265,0,0,0,1265,A
6-NA,1389,0,0,0,1260,1260,C
6-NA,1390,1261,0,0,0,1261,A
6-NA,1391,0,1240,0,1,1241,T
6-NA,1392,2,0,0,1221,1223,C
6-NA,1393,1220,0,0,0,1220,A
6-NA,1394,1218,0,0,0,1218,A
6-NA,1395,0,1213,0,3,1216,T
6-NA,1396,0,0,0,1179,1179,C
6-NA,1397,0,1137,0,1,1138,T
6-NA,1398,0,2,0,1011,1013,C
6-NA,1399,1008,0,0,0,1008,A
6-NA,1400,0,1002,0,0,1002,T
6-NA,1401,0,0,1003,0,1003,G
6-NA,1402,1,0,0,984,985,C
6-NA,1403,1,1,0,966,968,C
6-NA,1404,1,874,0,0,875,T
6-NA,1405,864,1,0,0,865,A
6-NA,1406,0,860,0,0,860,T
6-NA,1407,844,0,8,0,852,A
6-NA,1408,0,843,0,0,843,T
6-NA,1409,790,0,0,0,790,A
6-NA,1410,763,0,0,0,763,A
7-M,1,74,0,0,0,74,A
7-M,2,0,77,0,0,77,T
7-M,3,0,0,78,0,78,G
7-M,4,78,0,0,0,78,A
7-M,5,0,0,78,0,78,G
7-M,6,0,0,0,82,82,C
7-M,7,0,0,0,85,85,C
7-M,8,0,106,0,0,106,T
7-M,9,0,108,0,0,108,T
7-M,10,0,0,0,108,108,C
7-M,11,0,108,0,0,108,T
7-M,12,108,0,0,0,108,A
7-M,13,108,0,0,0,108,A
7-M,14,0,0,0,108,108,C
7-M,15,0,0,0,108,108,C
7-M,16,0,0,107,0,107,G
7-M,17,109,0,0,0,109,A
7-M,18,0,0,110,0,110,G
7-M,19,0,0,110,0,110,G
7-M,20,0,112,0,0,112,T
7-M,21,0,0,0,114,114,C
7-M,22,0,1,113,0,114,G
7-M,23,121,0,0,0,121,A
7-M,24,123,0,0,0,123,A
7-M,25,122,0,0,0,122,A
7-M,26,0,0,0,138,138,C
7-M,27,0,0,139,0,139,G
7-M,28,0,140,0,0,140,T
7-M,29,140,0,0,0,140,A
7-M,30,0,143,0,0,143,T
7-M,31,0,0,146,0,146,G
7-M,32,0,146,0,0,146,T
7-M,33,0,160,0,1,161,T
7-M,34,0,1,0,168,169,C
7-M,35,0,167,0,0,167,T
7-M,36,0,0,0,179,179,C
7-M,37,0,180,0,0,180,T
7-M,38,0,0,0,191,191,C
7-M,39,0,191,0,0,191,T
7-M,40,194,0,0,0,194,A
7-M,41,0,193,0,0,193,T
7-M,42,0,0,0,196,196,C
7-M,43,0,0,196,0,196,G
7-M,44,0,194,0,0,194,T
7-M,45,0,193,0,1,194,T
7-M,46,0,0,0,198,198,C
7-M,47,0,0,0,208,208,C
7-M,48,210,0,0,0,210,A
7-M,49,0,209,0,0,209,T
7-M,50,0,0,0,211,211,C
7-M,51,209,0,0,0,209,A
7-M,52,0,0,209,0,209,G
7-M,53,0,0,206,0,206,G
7-M,54,0,0,0,212,212,C
7-M,55,0,0,0,211,211,C
7-M,56,0,0,0,209,209,C
7-M,57,0,0,0,219,219,C
7-M,58,0,0,0,219,219,C
7-M,59,0,220,0,0,220,T
7-M,60,0,0,0,223,223,C
7-M,61,224,0,0,0,224,A
7-M,62,225,0,0,0,225,A
7-M,63,225,0,0,1,226,A
7-M,64,0,0,231,0,231,G
7-M,65,0,0,0,228,228,C
7-M,66,0,0,0,232,232,C
7-M,67,0,0,230,0,230,G
7-M,68,230,0,0,0,230,A
7-M,69,0,0,232,0,232,G
7-M,70,234,0,0,0,234,A
7-M,71,0,236,0,0,236,T
7-M,72,0,0,0,236,236,C
7-M,73,0,0,234,0,234,G
7-M,74,0,0,0,237,237,C
7-M,75,0,0,236,0,236,G
7-M,76,0,0,0,237,237,C
7-M,77,237,0,0,0,237,A
7-M,78,0,1,235,0,236,G
7-M,79,232,0,1,0,233,A
7-M,80,0,2,252,0,254,G
7-M,81,252,0,1,0,253,A
7-M,82,0,0,0,262,262,C
7-M,83,0,260,0,0,260,T
7-M,84,0,259,0,0,259,T
7-M,85,0,0,261,0,261,G
7-M,86,261,0,0,0,261,A
7-M,87,257,1,0,0,258,A
7-M,88,0,0,262,0,262,G
7-M,89,256,0,0,0,256,A
7-M,90,0,254,0,1,255,T
7-M,91,0,0,256,0,256,G
7-M,92,0,256,0,0,256,T
7-M,93,1,0,0,252,253,C
7-M,94,0,258,0,0,258,T
7-M,95,0,255,0,0,255,T
7-M,96,0,254,0,0,254,T
7-M,97,0,0,258,0,258,G
7-M,98,0,0,0,255,255,C
7-M,99,0,255,0,0,255,T
7-M,100,0,0,251,0,251,G
7-M,101,0,0,256,0,256,G
7-M,102,0,0,252,0,252,G
7-M,103,249,0,0,0,249,A
7-M,104,257,0,0,0,257,A
7-M,105,255,0,0,0,255,A
7-M,106,259,0,0,0,259,A
7-M,107,266,0,0,0,266,A
7-M,108,0,0,0,268,268,C
7-M,109,263,0,0,0,263,A
7-M,110,0,0,0,267,267,C
7-M,111,266,0,0,0,266,A
7-M,112,0,0,270,0,270,G
7-M,113,269,0,0,0,269,A
7-M,114,0,278,0,0,278,T
7-M,115,0,0,0,283,283,C
7-M,116,0,280,0,0,280,T
7-M,117,0,282,0,0,282,T
7-M,118,0,0,282,0,282,G
7-M,119,280,0,0,0,280,A
7-M,120,0,0,282,0,282,G
7-M,121,0,0,276,0,276,G
7-M,122,0,0,0,283,283,C
7-M,123,0,280,0,2,282,T
7-M,124,1,0,0,324,325,C
7-M,125,0,324,0,0,324,T
7-M,126,0,0,0,326,326,C
7-M,127,327,0,0,0,327,A
7-M,128,0,328,0,0,328,T
7-M,129,0,0,328,0,328,G
7-M,130,1,2,326,0,329,G
7-M,131,322,0,0,0,322,A
7-M,132,323,0,1,0,324,A
7-M,133,0,313,0,0,313,T
7-M,134,0,0,336,0,336,G
7-M,135,0,0,342,0,342,G
7-M,136,0,0,0,343,343,C
7-M,137,0,344,0,0,344,T
7-M,138,343,0,0,0,343,A
7-M,139,342,0,0,0,342,A
7-M,140,348,0,0,0,348,A
7-M,141,0,1,350,0,351,G
7-M,142,349,0,0,0,349,A
7-M,143,0,0,0,349,349,C
7-M,144,338,0,0,0,338,A
7-M,145,337,0,0,1,338,A
7-M,146,0,0,342,0,342,G
7-M,147,347,0,1,0,348,A
7-M,148,0,0,0,348,348,C
7-M,149,0,0,0,346,346,C
7-M,150,344,0,0,0,344,A
7-M,151,350,0,0,0,350,A
7-M,152,0,350,0,1,351,T
7-M,153,0,353,0,0,353,T
7-M,154,0,0,0,355,355,C
7-M,155,0,355,0,0,355,T
7-M,156,0,0,357,0,357,G
7-M,157,0,355,0,0,355,T
7-M,158,2,0,0,351,353,C
7-M,159,353,0,1,0,354,A
7-M,160,0,0,0,370,370,C
7-M,161,0,0,0,368,368,C
7-M,162,0,371,0,0,371,T
7-M,163,0,1,0,371,372,C
7-M,164,0,371,0,0,371,T
7-M,165,1,1,382,0,384,G
7-M,166,383,0,1,0,384,A
7-M,167,0,0,0,390,390,C
7-M,168,0,389,0,0,389,T
7-M,169,382,0,0,0,382,A
7-M,170,379,1,0,0,380,A
7-M,171,0,2,379,0,381,G
7-M,172,1,0,381,0,382,G
7-M,173,0,0,386,0,386,G
7-M,174,0,0,391,0,391,G
7-M,175,385,0,0,0,385,A
7-M,176,0,392,0,0,392,T
7-M,177,0,391,0,1,392,T
7-M,178,0,394,0,0,394,T
7-M,179,0,394,0,0,394,T
7-M,180,0,1,391,0,392,G
7-M,181,0,0,393,0,393,G
7-M,182,0,0,392,0,392,G
7-M,183,0,0,395,0,395,G
7-M,184,0,387,0,0,387,T
7-M,185,0,387,0,0,387,T
7-M,186,0,387,0,0,387,T
7-M,187,0,0,397,0,397,G
7-M,188,0,394,0,0,394,T
7-M,189,0,0,396,0,396,G
7-M,190,0,393,0,0,393,T
7-M,191,0,395,0,0,395,T
7-M,192,1,0,0,392,393,C
7-M,193,393,0,0,0,393,A
7-M,194,0,0,0,398,398,C
7-M,195,0,0,400,0,400,G
7-M,196,0,0,0,397,397,C
7-M,197,0,393,0,0,393,T
7-M,198,0,0,0,405,405,C
7-M,199,407,0,0,0,407,A
7-M,200,0,0,0,417,417,C
7-M,201,0,0,0,416,416,C
7-M,202,0,0,416,0,416,G
7-M,203,0,414,0,0,414,T
7-M,204,0,0,417,0,417,G
7-M,205,0,1,0,417,418,C
7-M,206,0,0,0,420,420,C
7-M,207,0,0,0,428,428,C
7-M,208,420,0,1,0,421,A
7-M,209,0,0,429,0,429,G
7-M,210,0,424,0,0,424,T
7-M,211,0,3,422,0,425,G
7-M,212,433,0,1,0,434,A
7-M,213,0,0,437,0,437,G
7-M,214,0,0,0,435,435,C
7-M,215,0,0,439,0,439,G
7-M,216,437,0,0,0,437,A
7-M,217,0,0,438,0,438,G
7-M,218,0,1,439,0,440,G
7-M,219,433,0,0,0,433,A
7-M,220,0,0,0,436,436,C
7-M,221,0,435,0,0,435,T
7-M,222,1,0,431,0,432,G
7-M,223,0,0,0,433,433,C
7-M,224,433,0,0,0,433,A
7-M,225,0,0,446,0,446,G
7-M,226,0,0,0,441,441,C
7-M,227,0,0,444,0,444,G
7-M,228,0,444,0,0,444,T
7-M,229,442,0,0,0,442,A
7-M,230,0,0,445,0,445,G
7-M,231,442,0,0,0,442,A
7-M,232,0,0,0,440,440,C
7-M,233,0,0,445,0,445,G
7-M,234,0,0,0,445,445,C
7-M,235,0,439,0,2,441,T
7-M,236,0,441,0,0,441,T
7-M,237,0,443,0,0,443,T
7-M,238,0,0,449,0,449,G
7-M,239,0,446,0,0,446,T
7-M,240,0,0,0,446,446,C
7-M,241,1,0,0,444,445,C
7-M,242,452,0,0,0,452,A
7-M,243,451,0,0,0,451,A
7-M,244,449,0,0,0,449,A
7-M,245,450,0,0,0,450,A
7-M,246,0,453,0,0,453,T
7-M,247,0,0,448,0,448,G
7-M,248,1,0,0,442,443,C
7-M,249,0,0,0,439,439,C
7-M,250,0,0,0,448,448,C
7-M,251,0,449,0,1,450,T
7-M,252,1,0,1,469,471,C
7-M,253,471,0,0,0,471,A
7-M,254,474,0,0,0,474,A
7-M,255,0,474,0,0,474,T
7-M,256,1,1,478,0,480,G
7-M,257,1,0,482,0,483,G
7-M,258,0,0,486,0,486,G
7-M,259,487,0,0,0,487,A
7-M,260,483,0,0,0,483,A
7-M,261,0,464,0,0,464,T
7-M,262,1,0,468,0,469,G
7-M,263,0,0,466,0,466,G
7-M,264,463,0,2,0,465,A
7-M,265,0,0,465,0,465,G
7-M,266,457,0,1,0,458,A
7-M,267,0,0,0,450,450,C
7-M,268,0,0,0,470,470,C
7-M,269,0,0,0,477,477,C
7-M,270,486,0,0,0,486,A
7-M,271,486,0,0,0,486,A
7-M,272,485,0,0,0,485,A
7-M,273,0,484,0,0,484,T
7-M,274,502,0,0,0,502,A
7-M,275,506,0,0,0,506,A
7-M,276,0,0,0,499,499,C
7-M,277,498,0,0,0,498,A
7-M,278,0,497,0,0,497,T
7-M,279,0,1,500,0,501,G
7-M,280,0,0,501,0,501,G
7-M,281,498,0,1,0,499,A
7-M,282,0,0,0,502,502,C
7-M,283,488,0,0,0,488,A
7-M,284,491,0,1,0,492,A
7-M,285,489,0,0,0,489,A
7-M,286,0,0,501,0,501,G
7-M,287,0,1,0,507,508,C
7-M,288,492,0,0,0,492,A
7-M,289,0,0,499,0,499,G
7-M,290,0,495,0,1,496,T
7-M,291,0,503,0,0,503,T
7-M,292,502,0,0,0,502,A
7-M,293,502,0,0,0,502,A
7-M,294,501,0,0,0,501,A
7-M,295,0,0,0,504,504,C
7-M,296,0,495,0,0,495,T
7-M,297,0,0,551,0,551,G
7-M,298,0,541,0,0,541,T
7-M,299,550,0,0,0,550,A
7-M,300,0,548,0,0,548,T
7-M,301,544,0,1,0,545,A
7-M,302,0,0,547,0,547,G
7-M,303,0,2,543,0,545,G
7-M,304,540,0,0,0,540,A
7-M,305,540,0,0,0,540,A
7-M,306,507,0,2,0,509,A
7-M,307,0,0,0,511,511,C
7-M,308,0,511,0,1,512,T
7-M,309,0,514,0,0,514,T
7-M,310,513,0,0,0,513,A
7-M,311,513,0,0,0,513,A
7-M,312,1,0,514,0,515,G
7-M,313,512,0,0,0,512,A
7-M,314,0,0,509,0,509,G
7-M,315,489,0,0,0,489,A
7-M,316,0,0,491,0,491,G
7-M,317,496,0,1,0,497,A
7-M,318,0,0,497,0,497,G
7-M,319,499,0,0,0,499,A
7-M,320,0,501,0,0,501,T
7-M,321,500,0,0,0,500,A
7-M,322,495,0,0,0,495,A
7-M,323,0,0,0,499,499,C
7-M,324,0,0,503,0,503,G
7-M,325,0,496,0,0,496,T
7-M,326,0,490,0,0,490,T
7-M,327,1,0,0,495,496,C
7-M,328,0,0,0,500,500,C
7-M,329,502,0,0,0,502,A
7-M,330,1,498,0,0,499,T
7-M,331,0,0,500,0,500,G
7-M,332,0,0,500,0,500,G
7-M,333,0,2,500,0,502,G
7-M,334,0,0,497,0,497,G
7-M,335,1,0,0,495,496,C
7-M,336,0,0,0,496,496,C
7-M,337,497,0,0,0,497,A
7-M,338,504,0,0,0,504,A
7-M,339,504,0,0,0,504,A
7-M,340,1,0,504,0,505,G
7-M,341,503,0,2,0,505,A
7-M,342,504,0,0,0,504,A
7-M,343,502,0,1,0,503,A
7-M,344,0,504,0,0,504,T
7-M,345,501,0,2,0,503,A
7-M,346,0,0,503,0,503,G
7-M,347,0,0,0,505,505,C
7-M,348,0,501,0,0,501,T
7-M,349,0,0,0,503,503,C
7-M,350,0,502,0,0,502,T
7-M,351,0,0,0,520,520,C
7-M,352,518,0,0,0,518,A
7-M,353,0,0,516,0,516,G
7-M,354,0,515,0,1,516,T
7-M,355,0,530,0,0,530,T
7-M,356,531,0,0,0,531,A
7-M,357,0,528,0,0,528,T
7-M,358,0,527,0,1,528,T
7-M,359,0,1,0,536,537,C
7-M,360,0,522,0,0,522,T
7-M,361,0,0,528,0,528,G
7-M,362,0,0,0,527,527,C
7-M,363,0,520,0,0,520,T
7-M,364,0,0,518,0,518,G
7-M,365,0,0,519,0,519,G
7-M,366,0,514,0,1,515,T
7-M,367,0,0,521,0,521,G
7-M,368,0,0,0,515,515,C
7-M,369,516,0,0,0,516,A
7-M,370,0,0,0,522,522,C
7-M,371,0,521,0,0,521,T
7-M,372,0,528,0,0,528,T
7-M,373,0,0,526,0,526,G
7-M,374,0,0,0,523,523,C
7-M,375,0,0,0,528,528,C
7-M,376,528,0,0,0,528,A
7-M,377,0,0,529,0,529,G
7-M,378,0,533,0,0,533,T
7-M,379,0,528,0,0,528,T
7-M,380,0,0,532,0,532,G
7-M,381,0,521,0,0,521,T
7-M,382,537,0,0,0,537,A
7-M,383,0,534,0,1,535,T
7-M,384,0,0,536,0,536,G
7-M,385,0,0,537,0,537,G
7-M,386,1,0,532,0,533,G
7-M,387,0,0,0,535,535,C
7-M,388,0,0,0,553,553,C
7-M,389,1,542,0,1,544,T
7-M,390,3,0,0,550,553,C
7-M,391,579,0,0,0,579,A
7-M,392,0,581,0,0,581,T
7-M,393,592,0,0,0,592,A
7-M,394,0,586,0,0,586,T
7-M,395,585,0,1,0,586,A
7-M,396,1,0,0,615,616,C
7-M,397,591,0,1,0,592,A
7-M,398,597,0,0,0,597,A
7-M,399,0,591,0,1,592,T
7-M,400,571,0,0,0,571,A
7-M,401,0,0,573,0,573,G
7-M,402,0,0,568,0,568,G
7-M,403,560,1,0,0,561,A
7-M,404,0,564,0,0,564,T
7-M,405,0,0,528,0,528,G
7-M,406,1,0,524,0,525,G
7-M,407,0,0,525,0,525,G
7-M,408,0,0,539,0,539,G
7-M,409,0,1,540,0,541,G
7-M,410,0,0,0,532,532,C
7-M,411,0,526,0,0,526,T
7-M,412,0,0,529,0,529,G
7-M,413,0,531,0,0,531,T
7-M,414,534,0,0,0,534,A
7-M,415,531,0,0,0,531,A
7-M,416,0,0,0,533,533,C
7-M,417,1,1,0,524,526,C
7-M,418,519,0,1,0,520,A
7-M,419,0,1,0,520,521,C
7-M,420,0,518,0,1,519,T
7-M,421,0,0,526,0,526,G
7-M,422,524,0,0,0,524,A
7-M,423,519,0,0,0,519,A
7-M,424,0,0,519,0,519,G
7-M,425,0,516,0,1,517,T
7-M,426,0,0,513,0,513,G
7-M,427,0,0,516,0,516,G
7-M,428,0,0,0,510,510,C
7-M,429,511,1,0,0,512,A
7-M,430,0,510,0,0,510,T
7-M,431,0,511,0,0,511,T
7-M,432,0,514,0,0,514,T
7-M,433,0,0,521,0,521,G
7-M,434,1,0,518,0,519,G
7-M,435,0,1,0,516,517,C
7-M,436,0,0,0,518,518,C
7-M,437,0,514,0,0,514,T
7-M,438,0,0,537,0,537,G
7-M,439,1,0,545,0,546,G
7-M,440,0,545,0,0,545,T
7-M,441,548,0,0,0,548,A
7-M,442,0,531,0,0,531,T
7-M,443,0,0,536,0,536,G
7-M,444,0,534,0,1,535,T
7-M,445,0,1,537,0,538,G
7-M,446,0,0,0,536,536,C
7-M,447,520,0,1,0,521,A
7-M,448,517,0,1,0,518,A
7-M,449,0,0,0,523,523,C
7-M,450,523,0,0,0,523,A
7-M,451,0,525,0,0,525,T
7-M,452,0,0,516,0,516,G
7-M,453,0,500,0,0,500,T
7-M,454,0,0,501,0,501,G
7-M,455,500,0,0,0,500,A
7-M,456,0,0,500,0,500,G
7-M,457,0,0,0,504,504,C
7-M,458,489,0,0,0,489,A
7-M,459,0,0,490,0,490,G
7-M,460,492,0,0,0,492,A
7-M,461,0,494,0,0,494,T
7-M,462,0,492,0,0,492,T
7-M,463,0,0,494,0,494,G
7-M,464,0,1,0,491,492,C
7-M,465,0,492,0,0,492,T
7-M,466,0,0,492,0,492,G
7-M,467,487,0,1,0,488,A
7-M,468,0,1,0,512,513,C
7-M,469,0,508,0,0,508,T
7-M,470,0,0,0,512,512,C
7-M,471,0,0,0,512,512,C
7-M,472,1,0,0,509,510,C
7-M,473,508,0,0,0,508,A
7-M,474,0,0,516,0,516,G
7-M,475,0,0,0,518,518,C
7-M,476,516,0,1,0,517,A
7-M,477,0,0,0,521,521,C
7-M,478,481,0,0,0,481,A
7-M,479,0,0,492,0,492,G
7-M,480,0,0,494,0,494,G
7-M,481,0,487,0,1,488,T
7-M,482,0,0,0,504,504,C
7-M,483,0,495,0,1,496,T
7-M,484,0,0,0,494,494,C
7-M,485,493,0,0,0,493,A
7-M,486,0,497,0,0,497,T
7-M,487,495,0,0,0,495,A
7-M,488,0,1,487,0,488,G
7-M,489,0,0,487,0,487,G
7-M,490,0,0,0,485,485,C
7-M,491,461,1,0,0,462,A
7-M,492,1,1,459,0,461,G
7-M,493,460,0,3,0,463,A
7-M,494,0,462,0,1,463,T
7-M,495,0,2,464,0,466,G
7-M,496,0,0,463,1,464,G
7-M,497,0,456,0,2,458,T
7-M,498,0,0,462,0,462,G
7-M,499,0,0,467,0,467,G
7-M,500,0,0,0,468,468,C
7-M,501,463,0,1,0,464,A
7-M,502,463,1,0,0,464,A
7-M,503,0,0,0,468,468,C
7-M,504,471,0,0,0,471,A
7-M,505,468,0,0,0,468,A
7-M,506,0,0,0,468,468,C
7-M,507,0,0,0,462,462,C
7-M,508,459,0,0,0,459,A
7-M,509,458,0,0,0,458,A
7-M,510,0,460,0,1,461,T
7-M,511,0,0,0,465,465,C
7-M,512,0,0,0,450,450,C
7-M,513,440,0,0,0,440,A
7-M,514,0,439,1,0,440,T
7-M,515,0,445,0,1,446,T
7-M,516,444,0,0,0,444,A
7-M,517,445,0,0,0,445,A
7-M,518,0,444,0,0,444,T
7-M,519,442,0,0,0,442,A
7-M,520,442,0,0,0,442,A
7-M,521,438,0,0,0,438,A
7-M,522,439,0,0,0,439,A
7-M,523,0,0,0,451,451,C
7-M,524,449,0,1,1,451,A
7-M,525,0,449,0,0,449,T
7-M,526,0,0,449,0,449,G
7-M,527,443,1,0,0,444,A
7-M,528,0,0,450,0,450,G
7-M,529,447,0,0,0,447,A
7-M,530,449,0,0,0,449,A
7-M,531,0,0,0,449,449,C
7-M,532,437,0,0,0,437,A
7-M,533,0,0,439,0,439,G
7-M,534,435,0,0,0,435,A
7-M,535,433,0,0,0,433,A
7-M,536,0,433,0,0,433,T
7-M,537,0,0,428,0,428,G
7-M,538,0,0,427,0,427,G
7-M,539,0,421,0,0,421,T
7-M,540,0,418,0,0,418,T
7-M,541,0,424,0,0,424,T
7-M,542,0,426,0,0,426,T
7-M,543,0,2,426,0,428,G
7-M,544,0,0,427,0,427,G
7-M,545,0,0,0,428,428,C
7-M,546,1,0,0,429,430,C
7-M,547,423,0,1,0,424,A
7-M,548,0,0,439,0,439,G
7-M,549,0,0,0,448,448,C
7-M,550,448,0,0,0,448,A
7-M,551,0,0,0,458,458,C
7-M,552,0,458,0,0,458,T
7-M,553,456,0,0,0,456,A
7-M,554,0,0,0,464,464,C
7-M,555,464,0,1,0,465,A
7-M,556,0,0,472,0,472,G
7-M,557,0,0,0,455,455,C
7-M,558,0,454,0,0,454,T
7-M,559,454,0,0,0,454,A
7-M,560,448,0,0,0,448,A
7-M,561,0,0,451,0,451,G
7-M,562,0,0,450,0,450,G
7-M,563,0,0,0,452,452,C
7-M,564,0,432,0,0,432,T
7-M,565,431,0,1,0,432,A
7-M,566,0,430,0,1,431,T
7-M,567,0,0,430,0,430,G
7-M,568,0,1,433,0,434,G
7-M,569,428,0,0,0,428,A
7-M,570,0,0,429,0,429,G
7-M,571,0,1,0,416,417,C
7-M,572,414,0,0,0,414,A
7-M,573,414,0,0,0,414,A
7-M,574,408,0,0,0,408,A
7-M,575,0,416,0,0,416,T
7-M,576,0,1,414,0,415,G
7-M,577,0,0,416,0,416,G
7-M,578,0,1,0,414,415,C
7-M,579,0,402,0,0,402,T
7-M,580,0,0,404,0,404,G
7-M,581,0,1,408,0,409,G
7-M,582,405,0,0,0,405,A
7-M,583,0,407,0,0,407,T
7-M,584,0,0,0,403,403,C
7-M,585,403,0,2,0,405,A
7-M,586,411,0,0,0,411,A
7-M,587,0,0,413,1,414,G
7-M,588,0,415,0,0,415,T
7-M,589,0,0,413,0,413,G
7-M,590,411,0,0,0,411,A
7-M,591,407,0,1,0,408,A
7-M,592,0,0,0,411,411,C
7-M,593,409,0,0,0,409,A
7-M,594,0,0,412,0,412,G
7-M,595,0,0,407,0,407,G
7-M,596,0,0,0,407,407,C
7-M,597,408,0,0,0,408,A
7-M,598,0,0,407,0,407,G
7-M,599,1,0,0,406,407,C
7-M,600,0,0,406,0,406,G
7-M,601,0,0,409,0,409,G
7-M,602,407,0,0,0,407,A
7-M,603,0,0,411,0,411,G
7-M,604,0,0,416,0,416,G
7-M,605,0,0,0,413,413,C
7-M,606,0,0,0,413,413,C
7-M,607,415,0,0,0,415,A
7-M,608,0,413,0,1,414,T
7-M,609,0,0,420,0,420,G
7-M,610,0,0,422,0,422,G
7-M,611,417,0,0,0,417,A
7-M,612,0,0,420,0,420,G
7-M,613,409,0,0,0,409,A
7-M,614,0,405,0,0,405,T
7-M,615,0,410,0,0,410,T
7-M,616,0,0,408,0,408,G
7-M,617,0,0,0,408,408,C
7-M,618,0,409,0,0,409,T
7-M,619,412,0,0,0,412,A
7-M,620,0,0,419,0,419,G
7-M,621,0,412,0,0,412,T
7-M,622,1,0,0,411,412,C
7-M,623,400,0,1,0,401,A
7-M,624,0,0,404,0,404,G
7-M,625,0,0,408,0,408,G
7-M,626,0,0,0,401,401,C
7-M,627,0,0,0,405,405,C
7-M,628,401,0,2,0,403,A
7-M,629,0,0,405,0,405,G
7-M,630,1,0,407,0,408,G
7-M,631,0,0,0,409,409,C
7-M,632,404,0,1,0,405,A
7-M,633,0,0,409,0,409,G
7-M,634,406,0,1,0,407,A
7-M,635,0,404,0,0,404,T
7-M,636,0,1,405,0,406,G
7-M,637,0,0,419,0,419,G
7-M,638,0,407,0,0,407,T
7-M,639,0,0,411,0,411,G
7-M,640,0,0,0,408,408,C
7-M,641,406,0,1,0,407,A
7-M,642,0,2,406,0,408,G
7-M,643,0,0,405,0,405,G
7-M,644,0,0,0,408,408,C
7-M,645,404,0,0,0,404,A
7-M,646,383,0,0,0,383,A
7-M,647,0,385,0,0,385,T
7-M,648,0,0,384,0,384,G
7-M,649,385,0,1,0,386,A
7-M,650,0,0,389,0,389,G
7-M,651,375,0,0,0,375,A
7-M,652,0,0,377,0,377,G
7-M,653,0,1,0,375,376,C
7-M,654,0,3,0,380,383,C
7-M,655,382,0,0,0,382,A
7-M,656,0,386,0,0,386,T
7-M,657,0,386,0,0,386,T
7-M,658,1,2,381,0,384,G
7-M,659,0,0,384,0,384,G
7-M,660,0,0,389,0,389,G
7-M,661,384,0,0,0,384,A
7-M,662,0,0,0,385,385,C
7-M,663,0,363,0,1,364,T
7-M,664,0,1,0,367,368,C
7-M,665,371,0,0,0,371,A
7-M,666,1,386,0,2,389,T
7-M,667,0,0,0,392,392,C
7-M,668,0,0,0,391,391,C
7-M,669,0,390,0,0,390,T
7-M,670,387,0,0,0,387,A
7-M,671,1,0,394,0,395,G
7-M,672,0,412,0,1,413,T
7-M,673,0,408,1,0,409,T
7-M,674,0,0,0,402,402,C
7-M,675,0,0,0,395,395,C
7-M,676,394,0,0,0,394,A
7-M,677,0,0,400,0,400,G
7-M,678,0,401,0,0,401,T
7-M,679,397,0,0,0,397,A
7-M,680,0,1,0,398,399,C
7-M,681,0,378,0,0,378,T
7-M,682,0,0,406,0,406,G
7-M,683,0,0,402,0,402,G
7-M,684,0,403,0,0,403,T
7-M,685,0,394,0,0,394,T
7-M,686,0,398,0,0,398,T
7-M,687,402,0,0,0,402,A
7-M,688,402,0,0,0,402,A
7-M,689,0,0,405,0,405,G
7-M,690,395,0,0,0,395,A
7-M,691,0,0,397,0,397,G
7-M,692,389,0,0,0,389,A
7-M,693,0,386,0,0,386,T
7-M,694,1,2,384,0,387,G
7-M,695,387,0,0,0,387,A
7-M,696,0,381,0,0,381,T
7-M,697,0,0,0,391,391,C
7-M,698,0,383,0,0,383,T
7-M,699,0,387,0,0,387,T
7-M,700,0,0,0,388,388,C
7-M,701,0,384,0,0,384,T
7-M,702,0,388,0,0,388,T
7-M,703,0,0,387,0,387,G
7-M,704,387,0,0,0,387,A
7-M,705,384,0,0,0,384,A
7-M,706,385,0,0,0,385,A
7-M,707,389,0,0,0,389,A
7-M,708,0,386,0,0,386,T
7-M,709,0,391,0,0,391,T
7-M,710,0,391,0,0,391,T
7-M,711,0,0,388,0,388,G
7-M,712,0,0,1,388,389,C
7-M,713,389,0,0,0,389,A
7-M,714,0,0,391,0,391,G
7-M,715,387,0,0,0,387,A
7-M,716,0,0,0,402,402,C
7-M,717,0,0,0,397,397,C
7-M,718,0,395,0,0,395,T
7-M,719,400,0,0,0,400,A
7-M,720,0,398,0,0,398,T
7-M,721,0,0,0,402,402,C
7-M,722,397,0,0,0,397,A
7-M,723,0,0,397,0,397,G
7-M,724,395,0,0,0,395,A
7-M,725,382,0,0,0,382,A
7-M,726,379,0,0,0,379,A
7-M,727,0,0,0,378,378,C
7-M,728,0,0,383,0,383,G
7-M,729,378,0,0,0,378,A
7-M,730,380,0,0,0,380,A
7-M,731,0,381,0,0,381,T
7-M,732,1,0,385,0,386,G
7-M,733,0,1,390,0,391,G
7-M,734,0,0,390,0,390,G
7-M,735,0,0,394,0,394,G
7-M,736,0,0,397,0,397,G
7-M,737,0,381,0,0,381,T
7-M,738,0,0,382,0,382,G
7-M,739,0,0,0,382,382,C
7-M,740,382,0,0,0,382,A
7-M,741,0,1,384,0,385,G
7-M,742,374,0,0,0,374,A
7-M,743,0,374,0,0,374,T
7-M,744,0,0,376,0,376,G
7-M,745,0,0,0,370,370,C
7-M,746,370,0,1,0,371,A
7-M,747,370,0,0,0,370,A
7-M,748,0,0,0,375,375,C
7-M,749,0,0,377,0,377,G
7-M,750,375,0,0,0,375,A
7-M,751,0,371,0,0,371,T
7-M,752,0,370,0,1,371,T
7-M,753,0,0,0,370,370,C
7-M,754,357,0,0,0,357,A
7-M,755,356,0,0,0,356,A
7-M,756,1,0,355,0,356,G
7-M,757,0,348,0,0,348,T
7-M,758,0,0,343,0,343,G
7-M,759,345,0,0,0,345,A
7-M,760,0,0,0,347,347,C
7-M,761,0,0,0,347,347,C
7-M,762,1,1,0,347,349,C
7-M,763,0,0,351,0,351,G
7-M,764,0,0,0,351,351,C
7-M,765,0,352,0,0,352,T
7-M,766,0,352,0,1,353,T
7-M,767,0,0,351,0,351,G
7-M,768,0,351,0,0,351,T
7-M,769,0,352,0,0,352,T
7-M,770,1,0,348,0,349,G
7-M,771,0,342,0,0,342,T
7-M,772,0,341,0,0,341,T
7-M,773,0,0,338,0,338,G
7-M,774,0,0,0,335,335,C
7-M,775,0,0,0,333,333,C
7-M,776,0,0,338,0,338,G
7-M,777,0,0,0,332,332,C
7-M,778,0,0,338,0,338,G
7-M,779,337,0,0,0,337,A
7-M,780,342,0,1,0,343,A
7-M,781,0,345,0,0,345,T
7-M,782,346,0,0,0,346,A
7-M,783,0,349,0,1,350,T
7-M,784,0,0,0,358,358,C
7-M,785,356,0,0,0,356,A
7-M,786,0,354,0,0,354,T
7-M,787,0,347,0,0,347,T
7-M,788,0,0,346,0,346,G
7-M,789,0,0,347,0,347,G
7-M,790,0,0,350,0,350,G
7-M,791,347,0,0,0,347,A
7-M,792,0,341,0,0,341,T
7-M,793,0,0,0,337,337,C
7-M,794,0,339,0,0,339,T
7-M,795,0,337,0,0,337,T
7-M,796,0,0,339,0,339,G
7-M,797,0,0,0,339,339,C
7-M,798,340,0,0,0,340,A
7-M,799,0,0,0,339,339,C
7-M,800,0,338,0,0,338,T
7-M,801,0,335,0,1,336,T
7-M,802,0,0,336,0,336,G
7-M,803,338,0,0,0,338,A
7-M,804,0,339,0,0,339,T
7-M,805,332,0,0,0,332,A
7-M,806,0,330,0,0,330,T
7-M,807,0,324,0,0,324,T
7-M,808,0,0,325,0,325,G
7-M,809,0,325,0,0,325,T
7-M,810,0,0,319,0,319,G
7-M,811,0,0,316,0,316,G
7-M,812,311,0,0,0,311,A
7-M,813,0,314,0,0,314,T
7-M,814,0,311,0,0,311,T
7-M,815,0,0,0,310,310,C
7-M,816,0,313,0,1,314,T
7-M,817,0,309,0,0,309,T
7-M,818,0,0,311,0,311,G
7-M,819,302,0,0,0,302,A
7-M,820,0,304,0,0,304,T
7-M,821,1,0,0,301,302,C
7-M,822,0,0,302,0,302,G
7-M,823,0,302,0,0,302,T
7-M,824,0,0,0,298,298,C
7-M,825,0,299,0,1,300,T
7-M,826,0,301,0,0,301,T
7-M,827,0,302,0,0,302,T
7-M,828,0,300,0,0,300,T
7-M,829,0,306,0,0,306,T
7-M,830,0,305,0,1,306,T
7-M,831,0,303,0,1,304,T
7-M,832,0,0,0,303,303,C
7-M,833,305,0,0,0,305,A
7-M,834,304,0,0,0,304,A
7-M,835,305,0,0,0,305,A
7-M,836,0,305,0,0,305,T
7-M,837,0,0,305,0,305,G
7-M,838,0,0,0,305,305,C
7-M,839,0,0,306,0,306,G
7-M,840,0,309,0,0,309,T
7-M,841,0,0,0,311,311,C
7-M,842,0,312,0,0,312,T
7-M,843,308,0,0,0,308,A
7-M,844,0,309,0,1,310,T
7-M,845,0,0,0,310,310,C
7-M,846,1,1,306,0,308,G
7-M,847,304,1,0,0,305,A
7-M,848,0,0,0,307,307,C
7-M,849,0,297,0,0,297,T
7-M,850,0,0,0,309,309,C
7-M,851,0,299,0,0,299,T
7-M,852,0,298,0,0,298,T
7-M,853,0,1,0,297,298,C
7-M,854,300,0,0,0,300,A
7-M,855,300,0,0,0,300,A
7-M,856,301,0,0,0,301,A
7-M,857,0,0,0,298,298,C
7-M,858,297,0,0,0,297,A
7-M,859,0,0,0,281,281,C
7-M,860,0,0,272,0,272,G
7-M,861,0,0,281,0,281,G
7-M,862,0,0,0,281,281,C
7-M,863,0,0,0,282,282,C
7-M,864,0,281,0,0,281,T
7-M,865,0,283,0,0,283,T
7-M,866,286,0,0,0,286,A
7-M,867,284,0,0,0,284,A
7-M,868,286,0,0,0,286,A
7-M,869,285,0,0,0,285,A
7-M,870,0,0,282,0,282,G
7-M,871,240,0,0,0,240,A
7-M,872,0,0,237,0,237,G
7-M,873,0,0,234,0,234,G
7-M,874,0,0,0,234,234,C
7-M,875,1,0,0,233,234,C
7-M,876,0,0,0,236,236,C
7-M,877,0,238,0,0,238,T
7-M,878,0,236,0,0,236,T
7-M,879,0,0,0,234,234,C
7-M,880,0,237,0,0,237,T
7-M,881,235,0,0,0,235,A
7-M,882,0,0,0,234,234,C
7-M,883,0,0,226,0,226,G
7-M,884,0,0,225,0,225,G
7-M,885,214,0,0,0,214,A
7-M,886,216,0,0,0,216,A
7-M,887,0,0,215,0,215,G
7-M,888,0,0,219,0,219,G
7-M,889,217,0,0,0,217,A
7-M,890,0,0,218,0,218,G
7-M,891,0,220,0,0,220,T
7-M,892,216,0,0,0,216,A
7-M,893,0,0,0,216,216,C
7-M,894,0,0,0,215,215,C
7-M,895,0,217,0,0,217,T
7-M,896,0,0,220,0,220,G
7-M,897,213,0,0,0,213,A
7-M,898,2,0,211,0,213,G
7-M,899,0,208,0,0,208,T
7-M,900,0,0,0,205,205,C
7-M,901,0,205,0,0,205,T
7-M,902,207,0,0,0,207,A
7-M,903,0,204,0,0,204,T
7-M,904,0,0,207,0,207,G
7-M,905,198,0,0,0,198,A
7-M,906,0,0,197,0,197,G
7-M,907,0,0,178,0,178,G
7-M,908,0,0,177,0,177,G
7-M,909,178,0,0,0,178,A
7-M,910,172,0,0,0,172,A
7-M,911,0,0,175,0,175,G
7-M,912,171,0,0,0,171,A
7-M,913,171,0,0,0,171,A
7-M,914,0,171,0,0,171,T
7-M,915,167,0,0,0,167,A
7-M,916,0,164,0,0,164,T
7-M,917,0,1,0,164,165,C
7-M,918,0,0,167,0,167,G
7-M,919,166,0,0,0,166,A
7-M,920,163,0,0,0,163,A
7-M,921,166,0,0,0,166,A
7-M,922,0,0,164,0,164,G
7-M,923,0,0,165,0,165,G
7-M,924,163,0,0,0,163,A
7-M,925,163,0,0,0,163,A
7-M,926,0,0,0,164,164,C
7-M,927,162,0,0,0,162,A
7-M,928,0,0,164,0,164,G
7-M,929,0,1,0,162,163,C
7-M,930,163,0,0,0,163,A
7-M,931,0,0,165,0,165,G
7-M,932,153,0,0,0,153,A
7-M,933,153,0,0,0,153,A
7-M,934,0,151,0,0,151,T
7-M,935,0,0,146,0,146,G
7-M,936,0,0,0,147,147,C
7-M,937,0,134,0,1,135,T
7-M,938,0,0,135,0,135,G
7-M,939,0,135,0,0,135,T
7-M,940,0,0,135,0,135,G
7-M,941,0,0,134,0,134,G
7-M,942,133,0,0,0,133,A
7-M,943,0,129,0,0,129,T
7-M,944,0,0,127,0,127,G
7-M,945,0,0,0,124,124,C
7-M,946,0,122,0,0,122,T
7-M,947,0,0,121,0,121,G
7-M,948,122,0,0,0,122,A
7-M,949,0,0,0,121,121,C
7-M,950,0,0,120,0,120,G
7-M,951,120,0,0,0,120,A
7-M,952,0,0,0,120,120,C
7-M,953,114,0,0,0,114,A
7-M,954,0,0,113,0,113,G
7-M,955,0,113,0,0,113,T
7-M,956,0,0,0,113,113,C
7-M,957,114,0,0,0,114,A
7-M,958,0,113,0,0,113,T
7-M,959,0,113,0,0,113,T
7-M,960,0,113,0,0,113,T
7-M,961,0,113,0,0,113,T
7-M,962,0,0,109,0,109,G
7-M,963,0,105,0,0,105,T
7-M,964,0,0,0,105,105,C
7-M,965,102,0,0,0,102,A
7-M,966,0,0,103,0,103,G
7-M,967,0,0,0,102,102,C
7-M,968,102,0,0,0,102,A
7-M,969,0,103,0,0,103,T
7-M,970,94,0,0,0,94,A
7-M,971,0,0,95,0,95,G
7-M,972,94,0,0,0,94,A
7-M,973,0,0,92,0,92,G
7-M,974,0,90,0,0,90,T
7-M,975,0,60,0,0,60,T
7-M,976,0,0,60,0,60,G
7-M,977,0,0,60,0,60,G
7-M,978,60,0,0,0,60,A
7-M,979,0,0,60,0,60,G
7-M,980,0,39,0,0,39,T
7-M,981,39,0,0,0,39,A
7-M,982,37,0,0,0,37,A
8-NS,1,597,0,0,0,597,A
8-NS,2,0,595,0,0,595,T
8-NS,3,0,0,643,0,643,G
8-NS,4,0,0,695,0,695,G
8-NS,5,743,0,2,0,745,A
8-NS,6,0,1506,0,1,1507,T
8-NS,7,0,1511,0,1,1512,T
8-NS,8,1,0,0,1565,1566,C
8-NS,9,1,0,0,1574,1575,C
8-NS,10,1576,0,2,0,1578,A
8-NS,11,1585,0,0,0,1585,A
8-NS,12,0,0,0,1587,1587,C
8-NS,13,1588,0,0,0,1588,A
8-NS,14,0,0,0,1604,1604,C
8-NS,15,0,1602,0,1,1603,T
8-NS,16,0,2,1745,0,1747,G
8-NS,17,0,1743,0,1,1744,T
8-NS,18,0,1,1757,0,1758,G
8-NS,19,0,1763,0,1,1764,T
8-NS,20,4,0,0,1761,1765,C
8-NS,21,1768,0,0,0,1768,A
8-NS,22,1768,0,1,1,1770,A
8-NS,23,0,0,1786,0,1786,G
8-NS,24,0,1823,0,1,1824,T
8-NS,25,0,1836,0,0,1836,T
8-NS,26,0,1845,0,0,1845,T
8-NS,27,1,0,0,1845,1846,C
8-NS,28,2,0,0,1847,1849,C
8-NS,29,1832,1,3,0,1836,A
8-NS,30,2,0,1860,0,1862,G
8-NS,31,2,0,1874,0,1876,G
8-NS,32,0,1844,0,1,1845,T
8-NS,33,1886,0,0,0,1886,A
8-NS,34,0,0,1902,0,1902,G
8-NS,35,1903,0,2,0,1905,A
8-NS,36,0,1915,0,3,1918,T
8-NS,37,0,1918,0,2,1920,T
8-NS,38,0,0,1945,0,1945,G
8-NS,39,0,1,0,1935,1936,C
8-NS,40,0,1951,0,1,1952,T
8-NS,41,0,1975,0,0,1975,T
8-NS,42,0,1981,0,2,1983,T
8-NS,43,0,1,0,2010,2011,C
8-NS,44,0,2006,0,2,2008,T
8-NS,45,0,2002,0,1,2003,T
8-NS,46,0,2010,0,1,2011,T
8-NS,47,1,2,2014,0,2017,G
8-NS,48,1,0,2007,0,2008,G
8-NS,49,1,1,0,2022,2024,C
8-NS,50,2018,1,4,1,2024,A
8-NS,51,0,2029,0,0,2029,T
8-NS,52,2030,0,0,1,2031,A
8-NS,53,1,2221,0,0,2222,T
8-NS,54,1,0,0,2241,2242,C
8-NS,55,1,1,0,2233,2235,C
8-NS,56,0,0,2235,0,2235,G
8-NS,57,0,2233,1,1,2235,T
8-NS,58,2262,0,0,1,2263,A
8-NS,59,2269,0,0,1,2270,A
8-NS,60,2280,0,2,1,2283,A
8-NS,61,0,1,0,2293,2294,C
8-NS,62,2256,0,0,0,2256,A
8-NS,63,2247,0,0,1,2248,A
8-NS,64,11,0,2338,0,2349,G
8-NS,65,0,2350,0,2,2352,T
8-NS,66,0,2356,0,1,2357,T
8-NS,67,0,0,2366,0,2366,G
8-NS,68,0,2362,0,0,2362,T
8-NS,69,2356,2,1,1,2360,A
8-NS,70,0,1,2363,0,2364,G
8-NS,71,2487,0,4,1,2492,A
8-NS,72,0,1,0,2512,2513,C
8-NS,73,4,0,1,2466,2471,C
8-NS,74,2474,0,0,1,2475,A
8-NS,75,2483,0,1,1,2485,A
8-NS,76,1,3,2604,0,2608,G
8-NS,77,2605,1,2,1,2609,A
8-NS,78,2632,0,1,0,2633,A
8-NS,79,2,0,0,2637,2639,C
8-NS,80,0,2570,0,1,2571,T
8-NS,81,1,1,2593,0,2595,G
8-NS,82,2565,0,4,0,2569,A
8-NS,83,0,0,2643,0,2643,G
8-NS,84,0,2637,0,4,2641,T
8-NS,85,0,1,2608,0,2609,G
8-NS,86,2620,0,3,0,2623,A
8-NS,87,0,2617,0,0,2617,T
8-NS,88,0,0,2656,1,2657,G
8-NS,89,1,1,0,2690,2692,C
8-NS,90,0,1,0,2698,2699,C
8-NS,91,2,1,0,2717,2720,C
8-NS,92,4,0,0,2709,2713,C
8-NS,93,2714,0,1,0,2715,A
8-NS,94,0,2759,0,1,2760,T
8-NS,95,0,2804,0,0,2804,T
8-NS,96,2,1,0,2821,2824,C
8-NS,97,1,0,0,2808,2809,C
8-NS,98,0,2788,0,15,2803,T
8-NS,99,0,2805,0,1,2806,T
8-NS,100,2,5,2791,0,2798,G
8-NS,101,2786,0,0,0,2786,A
8-NS,102,0,2794,0,3,2797,T
8-NS,103,1,0,0,2786,2787,C
8-NS,104,1,0,2765,0,2766,G
8-NS,105,2,0,2766,0,2768,G
8-NS,106,1,0,0,2775,2776,C
8-NS,107,0,2767,0,3,2770,T
8-NS,108,0,2792,0,0,2792,T
8-NS,109,1,0,0,2800,2801,C
8-NS,110,1,1,2795,0,2797,G
8-NS,111,1,1,0,2799,2801,C
8-NS,112,2,0,0,2807,2809,C
8-NS,113,2,2,2813,1,2818,G
8-NS,114,2774,1,1,1,2777,A
8-NS,115,0,2,2916,0,2918,G
8-NS,116,2909,0,1,0,2910,A
8-NS,117,0,2925,0,0,2925,T
8-NS,118,1,0,0,2934,2935,C
8-NS,119,2925,1,0,0,2926,A
8-NS,120,0,3,2929,0,2932,G
8-NS,121,2915,0,3,1,2919,A
8-NS,122,0,3,2940,0,2943,G
8-NS,123,2,0,2960,0,2962,G
8-NS,124,2,2957,0,2,2961,T
8-NS,125,2,3,0,3127,3132,C
8-NS,126,2,1,0,3144,3147,C
8-NS,127,2,0,0,3182,3184,C
8-NS,128,0,3181,0,0,3181,T
8-NS,129,3187,0,1,0,3188,A
8-NS,130,3187,0,3,1,3191,A
8-NS,131,0,4,3220,0,3224,G
8-NS,132,1,3,3209,0,3213,G
8-NS,133,1,2,3160,0,3163,G
8-NS,134,0,1,3091,0,3092,G
8-NS,135,3081,0,2,0,3083,A
8-NS,136,3093,0,1,0,3094,A
8-NS,137,0,0,3130,0,3130,G
8-NS,138,3160,1,4,0,3165,A
8-NS,139,0,0,3219,1,3220,G
8-NS,140,1,0,3191,0,3192,G
8-NS,141,1,2,0,3206,3209,C
8-NS,142,3202,1,6,0,3209,A
8-NS,143,3209,0,1,0,3210,A
8-NS,144,0,3224,0,0,3224,T
8-NS,145,3252,0,1,0,3253,A
8-NS,146,1,0,0,3289,3290,C
8-NS,147,0,3207,0,5,3212,T
8-NS,148,4,0,0,3212,3216,C
8-NS,149,1,3176,0,2,3179,T
8-NS,150,1,3,1,3207,3212,C
8-NS,151,1,1,3231,0,3233,G
8-NS,152,2,1,3424,0,3427,G
8-NS,153,1,3402,0,2,3405,T
8-NS,154,7,0,0,3436,3443,C
8-NS,155,0,3415,0,0,3415,T
8-NS,156,3451,0,3,0,3454,A
8-NS,157,0,1,3453,0,3454,G
8-NS,158,3445,0,5,0,3450,A
8-NS,159,0,1,0,3528,3529,C
8-NS,160,3477,0,1,6,3484,A
8-NS,161,0,3418,0,3,3421,T
8-NS,162,2,1,0,3409,3412,C
8-NS,163,3412,0,0,0,3412,A
8-NS,164,3409,0,1,0,3410,A
8-NS,165,3388,0,3,0,3391,A
8-NS,166,2,0,3381,0,3383,G
8-NS,167,0,0,0,3405,3405,C
8-NS,168,3361,0,4,0,3365,A
8-NS,169,0,0,3379,1,3380,G
8-NS,170,1,2,0,3381,3384,C
8-NS,171,1,0,0,3397,3398,C
8-NS,172,3402,0,2,1,3405,A
8-NS,173,0,2,0,3448,3450,C
8-NS,174,6,0,0,3454,3460,C
8-NS,175,3,1,0,3458,3462,C
8-NS,176,3502,0,0,0,3502,A
8-NS,177,0,3521,0,1,3522,T
8-NS,178,1,0,3524,0,3525,G
8-NS,179,0,3508,0,6,3514,T
8-NS,180,0,3509,1,11,3521,T
8-NS,181,0,4,3524,0,3528,G
8-NS,182,0,1,3507,0,3508,G
8-NS,183,3491,0,0,0,3491,A
8-NS,184,3498,0,0,0,3498,A
8-NS,185,3445,0,6,0,3451,A
8-NS,186,0,3,3483,0,3486,G
8-NS,187,1,1,0,3478,3480,C
8-NS,188,3479,0,1,0,3480,A
8-NS,189,3470,0,2,0,3472,A
8-NS,190,3464,0,1,0,3465,A
8-NS,191,0,3514,0,0,3514,T
8-NS,192,0,3507,0,0,3507,T
8-NS,193,0,0,3580,0,3580,G
8-NS,194,0,3573,0,2,3575,T
8-NS,195,3551,0,5,0,3556,A
8-NS,196,0,1,3558,0,3559,G
8-NS,197,3555,0,0,0,3555,A
8-NS,198,3562,0,1,0,3563,A
8-NS,199,3557,0,0,0,3557,A
8-NS,200,3533,0,3,0,3536,A
8-NS,201,0,2,3540,0,3542,G
8-NS,202,3481,0,3,0,3484,A
8-NS,203,0,3483,0,0,3483,T
8-NS,204,0,3490,0,1,3491,T
8-NS,205,2,0,0,3492,3494,C
8-NS,206,0,3499,0,1,3500,T
8-NS,207,1,0,3506,0,3507,G
8-NS,208,3490,0,2,0,3492,A
8-NS,209,3492,0,0,0,3492,A
8-NS,210,3477,0,5,0,3482,A
8-NS,211,1,0,3502,0,3503,G
8-NS,212,3492,0,2,0,3494,A
8-NS,213,3499,0,3,0,3502,A
8-NS,214,0,3,3510,0,3513,G
8-NS,215,3544,0,2,0,3546,A
8-NS,216,3551,0,4,0,3555,A
8-NS,217,0,3563,0,1,3564,T
8-NS,218,3,1,0,3602,3606,C
8-NS,219,0,3606,0,2,3608,T
8-NS,220,0,0,3622,0,3622,G
8-NS,221,3617,0,4,1,3622,A
8-NS,222,0,3615,0,1,3616,T
8-NS,223,0,1,3597,1,3599,G
8-NS,224,3555,0,5,0,3560,A
8-NS,225,4,1,3544,0,3549,G
8-NS,226,2,0,3548,0,3550,G
8-NS,227,5,0,0,3537,3542,C
8-NS,228,3542,0,2,0,3544,A
8-NS,229,0,0,0,3622,3622,C
8-NS,230,0,3614,0,0,3614,T
8-NS,231,0,3640,0,1,3641,T
8-NS,232,3651,0,0,0,3651,A
8-NS,233,3653,0,1,0,3654,A
8-NS,234,3645,0,2,0,3647,A
8-NS,235,3623,0,2,0,3625,A
8-NS,236,0,3627,2,1,3630,T
8-NS,237,1,9,3627,0,3637,G
8-NS,238,3612,1,2,0,3615,A
8-NS,239,0,2,0,3630,3632,C
8-NS,240,0,1,0,3612,3613,C
8-NS,241,3605,1,2,0,3608,A
8-NS,242,0,3609,0,0,3609,T
8-NS,243,0,4,3710,0,3714,G
8-NS,244,1,1,3735,0,3737,G
8-NS,245,0,3743,0,9,3752,T
8-NS,246,3,1,0,3935,3939,C
8-NS,247,0,3916,0,1,3917,T
8-NS,248,0,0,0,3965,3965,C
8-NS,249,0,1,0,3971,3972,C
8-NS,250,3969,0,3,0,3972,A
8-NS,251,1,0,0,4002,4003,C
8-NS,252,3899,0,3,0,3902,A
8-NS,253,0,0,0,3942,3942,C
8-NS,254,0,0,0,3910,3910,C
8-NS,255,0,3750,0,4,3754,T
8-NS,256,0,0,3752,0,3752,G
8-NS,257,0,1,0,3734,3735,C
8-NS,258,0,3695,1,1,3697,T
8-NS,259,0,3723,1,1,3725,T
8-NS,260,0,5,0,3697,3702,C
8-NS,261,0,1,3717,0,3718,G
8-NS,262,0,2,0,3711,3713,C
8-NS,263,2,5,3719,0,3726,G
8-NS,264,3890,0,2,0,3892,A
8-NS,265,0,3895,1,1,3897,T
8-NS,266,4003,1,4,1,4009,A
8-NS,267,0,1,0,4030,4031,C
8-NS,268,4008,1,1,0,4010,A
8-NS,269,0,4112,1,1,4114,T
8-NS,270,4086,0,2,0,4088,A
8-NS,271,4104,0,1,0,4105,A
8-NS,272,1,0,0,4107,4108,C
8-NS,273,0,3986,1,1,3988,T
8-NS,274,1,3,4025,0,4029,G
8-NS,275,3953,0,5,0,3958,A
8-NS,276,2,0,0,3985,3987,C
8-NS,277,3958,1,5,0,3964,A
8-NS,278,0,3927,0,6,3933,T
8-NS,279,0,3,3934,0,3937,G
8-NS,280,3922,1,5,0,3928,A
8-NS,281,0,1,0,4054,4055,C
8-NS,282,0,4045,1,2,4048,T
8-NS,283,4100,0,0,1,4101,A
8-NS,284,1,4093,1,3,4098,T
8-NS,285,0,4072,1,0,4073,T
8-NS,286,0,1,4080,1,4082,G
8-NS,287,4038,0,4,1,4043,A
8-NS,288,1,2,4034,0,4037,G
8-NS,289,1,5,4025,0,4031,G
8-NS,290,3913,0,2,0,3915,A
8-NS,291,3924,0,1,1,3926,A
8-NS,292,0,3864,1,1,3866,T
8-NS,293,0,3868,1,1,3870,T
8-NS,294,0,1,3902,0,3903,G
8-NS,295,4,3897,1,2,3904,T
8-NS,296,2,3,0,3908,3913,C
8-NS,297,3910,0,1,0,3911,A
8-NS,298,3909,0,2,0,3911,A
8-NS,299,1,3,3906,0,3910,G
8-NS,300,3926,0,0,0,3926,A
8-NS,301,3918,0,1,0,3919,A
8-NS,302,3920,0,3,0,3923,A
8-NS,303,0,2,0,3934,3936,C
8-NS,304,0,3885,0,0,3885,T
8-NS,305,1,1,3945,0,3947,G
8-NS,306,3,1,4007,0,4011,G
8-NS,307,1,4008,0,1,4010,T
8-NS,308,0,3995,0,7,4002,T
8-NS,309,4,0,0,3984,3988,C
8-NS,310,3998,0,3,1,4002,A
8-NS,311,0,4049,0,7,4056,T
8-NS,312,2,4,4100,1,4107,G
8-NS,313,0,2,0,4124,4126,C
8-NS,314,0,4104,0,4,4108,T
8-NS,315,4033,0,5,0,4038,A
8-NS,316,4072,0,0,0,4072,A
8-NS,317,0,4092,0,0,4092,T
8-NS,318,1,1,4098,0,4100,G
8-NS,319,1,1,0,4089,4091,C
8-NS,320,1,1,1,4038,4041,C
8-NS,321,1,1,0,4023,4025,C
8-NS,322,4020,0,0,1,4021,A
8-NS,323,4026,0,1,0,4027,A
8-NS,324,1,2,4044,0,4047,G
8-NS,325,1,1,1,4051,4054,C
8-NS,326,4027,1,1,1,4030,A
8-NS,327,1,1,4060,0,4062,G
8-NS,328,4047,1,2,0,4050,A
8-NS,329,4047,0,1,0,4048,A
8-NS,330,4051,0,0,0,4051,A
8-NS,331,4030,0,1,1,4032,A
8-NS,332,0,4086,0,1,4087,T
8-NS,333,1,1,4096,0,4098,G
8-NS,334,5,1,4089,0,4095,G
8-NS,335,4109,0,4,0,4113,A
8-NS,336,4072,0,5,0,4077,A
8-NS,337,1,3,4060,0,4064,G
8-NS,338,0,2,4068,1,4071,G
8-NS,339,4043,0,6,0,4049,A
8-NS,340,0,1,0,4085,4086,C
8-NS,341,1,0,0,4089,4090,C
8-NS,342,0,4081,0,5,4086,T
8-NS,343,2,0,0,4131,4133,C
8-NS,344,0,4140,0,2,4142,T
8-NS,345,0,4161,0,1,4162,T
8-NS,346,0,4153,0,6,4159,T
8-NS,347,1,1,4146,0,4148,G
8-NS,348,0,2,0,4182,4184,C
8-NS,349,4162,1,1,0,4164,A
8-NS,350,0,4150,1,0,4151,T
8-NS,351,2,2,0,4148,4152,C
8-NS,352,4192,6,1,0,4199,A
8-NS,353,0,3,4315,0,4318,G
8-NS,354,4295,0,2,1,4298,A
8-NS,355,4303,0,2,0,4305,A
8-NS,356,0,4280,0,0,4280,T
8-NS,357,4,2,4235,0,4241,G
8-NS,358,6,10,4279,0,4295,G
8-NS,359,4283,1,5,0,4289,A
8-NS,360,1,1,1,4266,4269,C
8-NS,361,2,1,0,4191,4194,C
8-NS,362,4113,2,5,1,4121,A
8-NS,363,1,1,4147,1,4150,G
8-NS,364,5,0,4127,0,4132,G
8-NS,365,2,2,0,4139,4143,C
8-NS,366,4125,0,3,0,4128,A
8-NS,367,4137,0,2,0,4139,A
8-NS,368,2,4135,0,0,4137,T
8-NS,369,7,0,0,4136,4143,C
8-NS,370,4145,1,2,0,4148,A
8-NS,371,0,4119,0,0,4119,T
8-NS,372,32,1,4060,0,4093,G
8-NS,373,1,5,4099,0,4105,G
8-NS,374,4087,0,6,0,4093,A
8-NS,375,0,3,4132,0,4135,G
8-NS,376,4067,0,1,0,4068,A
8-NS,377,4070,0,1,0,4071,A
8-NS,378,4065,0,3,0,4068,A
8-NS,379,4068,0,1,0,4069,A
8-NS,380,4085,0,5,2,4092,A
8-NS,381,0,0,0,4103,4103,C
8-NS,382,4058,0,4,0,4062,A
8-NS,383,0,4038,0,3,4041,T
8-NS,384,1,1,1,4025,4028,C
8-NS,385,4028,0,1,0,4029,A
8-NS,386,0,4042,0,5,4047,T
8-NS,387,0,0,4056,0,4056,G
8-NS,388,0,4060,0,3,4063,T
8-NS,389,0,4014,0,4,4018,T
8-NS,390,2,2,4010,2,4016,G
8-NS,391,3999,1,1,0,4001,A
8-NS,392,4006,0,1,0,4007,A
8-NS,393,3992,0,2,0,3994,A
8-NS,394,0,0,4008,0,4008,G
8-NS,395,0,1,0,3961,3962,C
8-NS,396,0,3,3978,0,3981,G
8-NS,397,3966,0,2,0,3968,A
8-NS,398,3965,0,3,0,3968,A
8-NS,399,1,3953,0,3,3957,T
8-NS,400,0,3952,0,10,3962,T
8-NS,401,0,3966,0,0,3966,T
8-NS,402,2,0,0,3979,3981,C
8-NS,403,3934,0,4,0,3938,A
8-NS,404,0,1,3945,0,3946,G
8-NS,405,0,3940,0,4,3944,T
8-NS,406,0,0,3943,0,3943,G
8-NS,407,0,3925,0,1,3926,T
8-NS,408,0,4,3951,0,3955,G
8-NS,409,3984,1,3,0,3988,A
8-NS,410,0,3974,0,2,3976,T
8-NS,411,0,3973,0,5,3978,T
8-NS,412,0,3981,0,1,3982,T
8-NS,413,1,3973,0,0,3974,T
8-NS,414,0,3976,0,0,3976,T
8-NS,415,0,12,3950,0,3962,G
8-NS,416,3947,0,4,0,3951,A
8-NS,417,0,0,0,3951,3951,C
8-NS,418,4,4,0,3897,3905,C
8-NS,419,0,4,3935,1,3940,G
8-NS,420,4184,0,2,0,4186,A
8-NS,421,1,0,0,4286,4287,C
8-NS,422,0,4291,0,0,4291,T
8-NS,423,4318,0,11,0,4329,A
8-NS,424,1,5,4322,0,4328,G
8-NS,425,4303,0,10,0,4313,A
8-NS,426,1,9,4339,0,4349,G
8-NS,427,4306,1,32,0,4339,A
8-NS,428,0,0,0,4429,4429,C
8-NS,429,1,1,0,4212,4214,C
8-NS,430,4064,0,4,2,4070,A
8-NS,431,0,4283,0,0,4283,T
8-NS,432,4259,0,1,0,4260,A
8-NS,433,0,0,4581,0,4581,G
8-NS,434,0,4541,0,1,4542,T
8-NS,435,4524,0,1,0,4525,A
8-NS,436,0,4520,0,0,4520,T
8-NS,437,0,4395,0,2,4397,T
8-NS,438,4509,0,7,0,4516,A
8-NS,439,0,0,0,4535,4535,C
8-NS,440,0,4349,0,0,4349,T
8-NS,441,4324,0,1,0,4325,A
8-NS,442,3930,0,4,0,3934,A
8-NS,443,0,0,3963,0,3963,G
8-NS,444,4,0,3951,0,3955,G
8-NS,445,1,0,3954,0,3955,G
8-NS,446,0,3,0,3929,3932,C
8-NS,447,0,3842,1,13,3856,T
8-NS,448,0,3835,2,8,3845,T
8-NS,449,0,3916,0,3,3919,T
8-NS,450,1,0,0,3930,3931,C
8-NS,451,3976,0,3,0,3979,A
8-NS,452,0,0,0,4000,4000,C
8-NS,453,3,0,0,3945,3948,C
8-NS,454,0,2,3968,0,3970,G
8-NS,455,3929,0,0,0,3929,A
8-NS,456,3941,2,2,0,3945,A
8-NS,457,0,1,3965,0,3966,G
8-NS,458,3922,1,0,0,3923,A
8-NS,459,0,3,3925,0,3928,G
8-NS,460,0,1,3877,0,3878,G
8-NS,461,1,3,3898,0,3902,G
8-NS,462,3873,0,12,0,3885,A
8-NS,463,0,1,3894,0,3895,G
8-NS,464,0,2,0,3876,3878,C
8-NS,465,3891,0,1,0,3892,A
8-NS,466,3880,0,0,0,3880,A
8-NS,467,1,3879,0,1,3881,T
8-NS,468,0,3870,0,1,3871,T
8-NS,469,1,0,3871,0,3872,G
8-NS,470,0,3821,0,0,3821,T
8-NS,471,0,3818,0,4,3822,T
8-NS,472,1,1,3810,0,3812,G
8-NS,473,0,0,3805,0,3805,G
8-NS,474,0,2,0,3809,3811,C
8-NS,475,0,4,3831,0,3835,G
8-NS,476,3815,1,1,0,3817,A
8-NS,477,3848,0,0,0,3848,A
8-NS,478,3851,0,1,0,3852,A
8-NS,479,0,3874,0,1,3875,T
8-NS,480,0,0,0,3871,3871,C
8-NS,481,2,3849,0,6,3857,T
8-NS,482,6,0,0,3863,3869,C
8-NS,483,3859,0,5,0,3864,A
8-NS,484,0,1,0,3879,3880,C
8-NS,485,7,0,0,3875,3882,C
8-NS,486,3839,0,1,0,3840,A
8-NS,487,0,3832,0,1,3833,T
8-NS,488,1,3780,0,0,3781,T
8-NS,489,0,0,3803,0,3803,G
8-NS,490,0,2,0,3786,3788,C
8-NS,491,4,2,0,3788,3794,C
8-NS,492,0,3784,0,10,3794,T
8-NS,493,0,3780,1,5,3786,T
8-NS,494,2,1,0,3809,3812,C
8-NS,495,0,3801,0,7,3808,T
8-NS,496,0,3813,0,1,3814,T
8-NS,497,0,3893,0,1,3894,T
8-NS,498,0,3865,0,1,3866,T
8-NS,499,0,0,0,3886,3886,C
8-NS,500,0,1,0,3877,3878,C
8-NS,501,3867,1,6,0,3874,A
8-NS,502,1,2,3933,0,3936,G
8-NS,503,0,2,3911,0,3913,G
8-NS,504,3966,1,9,0,3976,A
8-NS,505,1,2,1,3982,3986,C
8-NS,506,4013,2,1,0,4016,A
8-NS,507,1,4025,0,5,4031,T
8-NS,508,4029,0,2,0,4031,A
8-NS,509,1,1,0,4340,4342,C
8-NS,510,0,4334,0,1,4335,T
8-NS,511,4296,0,1,0,4297,A
8-NS,512,2,4261,0,3,4266,T
8-NS,513,0,4123,0,2,4125,T
8-NS,514,0,1,4133,0,4134,G
8-NS,515,3986,0,8,1,3995,A
8-NS,516,1,2,3998,0,4001,G
8-NS,517,1,2,3978,0,3981,G
8-NS,518,3591,0,0,0,3591,A
8-NS,519,0,3589,0,5,3594,T
8-NS,520,1,0,3582,0,3583,G
8-NS,521,0,3568,0,2,3570,T
8-NS,522,9,0,0,3584,3593,C
8-NS,523,3593,0,1,0,3594,A
8-NS,524,3588,0,1,0,3589,A
8-NS,525,3574,1,0,0,3575,A
8-NS,526,3569,0,0,1,3570,A
8-NS,527,3571,2,0,0,3573,A
8-NS,528,0,3553,1,1,3555,T
8-NS,529,0,0,3554,0,3554,G
8-NS,530,1,0,1,3578,3580,C
8-NS,531,3583,0,1,0,3584,A
8-NS,532,3594,0,0,0,3594,A
8-NS,533,0,3603,0,0,3603,T
8-NS,534,0,3610,0,2,3612,T
8-NS,535,2,6,3599,0,3607,G
8-NS,536,0,3,3557,0,3560,G
8-NS,537,1,3,3561,0,3565,G
8-NS,538,1,0,3579,0,3580,G
8-NS,539,0,3532,0,3,3535,T
8-NS,540,0,0,0,3578,3578,C
8-NS,541,1,1,0,3594,3596,C
8-NS,542,1,3586,0,5,3592,T
8-NS,543,2,0,0,3624,3626,C
8-NS,544,3616,1,0,0,3617,A
8-NS,545,1,3615,0,2,3618,T
8-NS,546,0,1,0,3629,3630,C
8-NS,547,2,0,3585,1,3588,G
8-NS,548,1,2,3603,0,3606,G
8-NS,549,3536,0,3,0,3539,A
8-NS,550,0,4,3527,0,3531,G
8-NS,551,1,4,3547,0,3552,G
8-NS,552,3493,0,3,0,3496,A
8-NS,553,0,1,0,3528,3529,C
8-NS,554,0,3514,0,4,3518,T
8-NS,555,0,3530,0,1,3531,T
8-NS,556,1,4,3542,0,3547,G
8-NS,557,3536,0,2,0,3538,A
8-NS,558,3528,1,4,0,3533,A
8-NS,559,0,3526,0,3,3529,T
8-NS,560,0,1,3474,0,3475,G
8-NS,561,1,3,3513,0,3517,G
8-NS,562,3470,0,1,1,3472,A
8-NS,563,3513,0,1,0,3514,A
8-NS,564,1,3673,0,1,3675,T
8-NS,565,6,2,3694,1,3703,G
8-NS,566,3710,1,5,0,3716,A
8-NS,567,0,3709,0,4,3713,T
8-NS,568,3713,0,6,0,3719,A
8-NS,569,3726,0,1,0,3727,A
8-NS,570,0,2,0,3679,3681,C
8-NS,571,3604,0,0,0,3604,A
8-NS,572,2,0,4,3623,3629,C
8-NS,573,3319,0,3,0,3322,A
8-NS,574,0,0,3366,0,3366,G
8-NS,575,0,3342,0,5,3347,T
8-NS,576,0,3337,0,0,3337,T
8-NS,577,4,0,0,3337,3341,C
8-NS,578,0,6,3323,0,3329,G
8-NS,579,3304,0,3,0,3307,A
8-NS,580,0,0,3325,0,3325,G
8-NS,581,0,3280,0,5,3285,T
8-NS,582,4,2,0,3290,3296,C
8-NS,583,0,3232,0,1,3233,T
8-NS,584,1,1,0,3254,3256,C
8-NS,585,1,3280,0,2,3283,T
8-NS,586,3281,0,0,0,3281,A
8-NS,587,3275,0,0,0,3275,A
8-NS,588,3272,1,0,0,3273,A
8-NS,589,3314,0,0,0,3314,A
8-NS,590,3309,0,0,0,3309,A
8-NS,591,0,3263,0,3,3266,T
8-NS,592,1,0,0,3303,3304,C
8-NS,593,0,3261,0,9,3270,T
8-NS,594,3281,1,7,0,3289,A
8-NS,595,0,1,0,3293,3294,C
8-NS,596,3288,0,1,0,3289,A
8-NS,597,2,0,3288,0,3290,G
8-NS,598,3230,0,4,0,3234,A
8-NS,599,1,1,3257,0,3259,G
8-NS,600,3256,0,1,0,3257,A
8-NS,601,0,3197,0,4,3201,T
8-NS,602,1,3200,0,4,3205,T
8-NS,603,4,1,0,3209,3214,C
8-NS,604,1,0,3222,0,3223,G
8-NS,605,2,0,0,3208,3210,C
8-NS,606,0,3191,0,7,3198,T
8-NS,607,1,3218,0,1,3220,T
8-NS,608,0,1,3188,0,3189,G
8-NS,609,0,3,3214,0,3217,G
8-NS,610,3214,0,1,0,3215,A
8-NS,611,0,1,3211,0,3212,G
8-NS,612,3198,0,1,0,3199,A
8-NS,613,3168,0,2,0,3170,A
8-NS,614,0,0,3244,0,3244,G
8-NS,615,0,0,0,3258,3258,C
8-NS,616,3248,0,4,0,3252,A
8-NS,617,18,0,3285,0,3303,G
8-NS,618,0,3259,0,2,3261,T
8-NS,619,3279,0,1,1,3281,A
8-NS,620,3280,0,2,0,3282,A
8-NS,621,0,3261,0,1,3262,T
8-NS,622,0,2,3285,0,3287,G
8-NS,623,3142,0,1,0,3143,A
8-NS,624,0,0,3210,0,3210,G
8-NS,625,3191,0,0,0,3191,A
8-NS,626,3058,0,1,0,3059,A
8-NS,627,1,3047,0,0,3048,T
8-NS,628,0,2,3015,0,3017,G
8-NS,629,0,2,3027,0,3029,G
8-NS,630,0,0,3020,0,3020,G
8-NS,631,0,0,2991,0,2991,G
8-NS,632,1,2,2995,0,2998,G
8-NS,633,2891,0,0,0,2891,A
8-NS,634,0,2808,0,4,2812,T
8-NS,635,0,0,0,2888,2888,C
8-NS,636,0,2880,0,5,2885,T
8-NS,637,1,0,0,2904,2905,C
8-NS,638,4,0,0,2906,2910,C
8-NS,639,2918,0,3,0,2921,A
8-NS,640,0,0,0,2911,2911,C
8-NS,641,0,2835,0,3,2838,T
8-NS,642,1,2814,0,1,2816,T
8-NS,643,2784,0,0,0,2784,A
8-NS,644,0,1,0,2812,2813,C
8-NS,645,3,2784,0,7,2794,T
8-NS,646,1,4,1,2776,2782,C
8-NS,647,1,1,0,2754,2756,C
8-NS,648,2740,0,0,3,2743,A
8-NS,649,2752,1,2,0,2755,A
8-NS,650,2758,0,1,0,2759,A
8-NS,651,2747,0,2,0,2749,A
8-NS,652,0,0,0,2756,2756,C
8-NS,653,2673,0,0,0,2673,A
8-NS,654,0,1,2673,0,2674,G
8-NS,655,2665,0,0,0,2665,A
8-NS,656,2665,0,1,0,2666,A
8-NS,657,2663,0,2,0,2665,A
8-NS,658,0,0,1,2655,2656,C
8-NS,659,1,2,2658,0,2661,G
8-NS,660,0,0,2666,0,2666,G
8-NS,661,0,0,2674,0,2674,G
8-NS,662,2674,0,2,0,2676,A
8-NS,663,2656,0,2,1,2659,A
8-NS,664,2651,0,5,0,2656,A
8-NS,665,0,2646,0,0,2646,T
8-NS,666,1,1,2667,0,2669,G
8-NS,667,0,0,2661,0,2661,G
8-NS,668,1,1,0,2638,2640,C
8-NS,669,1,1,2656,0,2658,G
8-NS,670,2648,1,2,0,2651,A
8-NS,671,0,0,2664,0,2664,G
8-NS,672,2652,0,2,0,2654,A
8-NS,673,2661,0,0,0,2661,A
8-NS,674,0,2,0,2661,2663,C
8-NS,675,2606,0,4,0,2610,A
8-NS,676,0,0,2613,0,2613,G
8-NS,677,2,1,0,2584,2587,C
8-NS,678,0,2592,0,1,2593,T
8-NS,679,2596,0,2,0,2598,A
8-NS,680,0,2,2567,0,2569,G
8-NS,681,0,0,2583,0,2583,G
8-NS,682,0,2559,0,1,2560,T
8-NS,683,6,2,0,2531,2539,C
8-NS,684,2545,0,1,0,2546,A
8-NS,685,2549,0,0,0,2549,A
8-NS,686,2548,0,3,0,2551,A
8-NS,687,2570,0,0,0,2570,A
8-NS,688,1,0,2568,0,2569,G
8-NS,689,0,2494,0,2,2496,T
8-NS,690,0,2491,0,0,2491,T
8-NS,691,0,2491,0,0,2491,T
8-NS,692,1,2,2500,0,2503,G
8-NS,693,2509,0,1,0,2510,A
8-NS,694,2511,0,2,0,2513,A
8-NS,695,0,2,2520,0,2522,G
8-NS,696,2455,0,3,0,2458,A
8-NS,697,2,2,2463,0,2467,G
8-NS,698,2470,0,2,0,2472,A
8-NS,699,0,2472,0,1,2473,T
8-NS,700,2479,0,1,0,2480,A
8-NS,701,2472,0,0,0,2472,A
8-NS,702,0,0,2464,0,2464,G
8-NS,703,2313,0,0,0,2313,A
8-NS,704,0,2295,0,1,2296,T
8-NS,705,1,2,2306,0,2309,G
8-NS,706,1,0,2309,0,2310,G
8-NS,707,0,2,0,2293,2295,C
8-NS,708,0,2307,0,1,2308,T
8-NS,709,2311,0,1,0,2312,A
8-NS,710,2308,0,0,0,2308,A
8-NS,711,0,2305,0,1,2306,T
8-NS,712,0,2306,0,0,2306,T
8-NS,713,0,0,2314,0,2314,G
8-NS,714,2284,0,0,0,2284,A
8-NS,715,2276,0,1,0,2277,A
8-NS,716,1,0,2274,0,2275,G
8-NS,717,2289,0,0,0,2289,A
8-NS,718,2261,0,1,0,2262,A
8-NS,719,0,0,2300,0,2300,G
8-NS,720,0,2251,0,0,2251,T
8-NS,721,0,1,2255,0,2256,G
8-NS,722,2225,2,5,0,2232,A
8-NS,723,0,3,2232,0,2235,G
8-NS,724,2234,1,4,0,2239,A
8-NS,725,0,0,0,2219,2219,C
8-NS,726,2201,0,3,0,2204,A
8-NS,727,0,1,0,2203,2204,C
8-NS,728,2048,0,0,0,2048,A
8-NS,729,0,0,2112,0,2112,G
8-NS,730,2102,0,2,0,2104,A
8-NS,731,0,2081,0,2,2083,T
8-NS,732,1,2083,0,0,2084,T
8-NS,733,2084,1,0,0,2085,A
8-NS,734,2082,0,0,0,2082,A
8-NS,735,2081,0,1,0,2082,A
8-NS,736,2079,0,0,0,2079,A
8-NS,737,2079,0,1,0,2080,A
8-NS,738,0,0,0,1973,1973,C
8-NS,739,1849,0,0,1,1850,A
8-NS,740,1858,0,1,0,1859,A
8-NS,741,0,4,0,1855,1859,C
8-NS,742,0,1849,0,0,1849,T
8-NS,743,0,0,1862,0,1862,G
8-NS,744,1857,0,0,0,1857,A
8-NS,745,1859,0,1,0,1860,A
8-NS,746,1861,0,0,0,1861,A
8-NS,747,1846,0,0,0,1846,A
8-NS,748,0,1828,0,0,1828,T
8-NS,749,1799,0,3,0,1802,A
8-NS,750,1,0,1801,0,1802,G
8-NS,751,0,1,0,1798,1799,C
8-NS,752,0,1759,0,0,1759,T
8-NS,753,0,1759,0,2,1761,T
8-NS,754,0,1742,0,0,1742,T
8-NS,755,1,2,1744,0,1747,G
8-NS,756,1739,0,1,0,1740,A
8-NS,757,1738,0,2,0,1740,A
8-NS,758,0,1,0,1746,1747,C
8-NS,759,1702,0,1,0,1703,A
8-NS,760,1718,0,1,0,1719,A
8-NS,761,1717,0,0,0,1717,A
8-NS,762,1,1717,0,0,1718,T
8-NS,763,1716,0,0,0,1716,A
8-NS,764,1690,0,3,0,1693,A
8-NS,765,0,0,0,1686,1686,C
8-NS,766,1675,0,2,0,1677,A
8-NS,767,0,1653,0,1,1654,T
8-NS,768,0,1619,0,0,1619,T
8-NS,769,1,1,0,1591,1593,C
8-NS,770,1579,0,2,0,1581,A
8-NS,771,0,1570,0,1,1571,T
8-NS,772,0,1,1574,0,1575,G
8-NS,773,0,3,1,1550,1554,C
8-NS,774,1542,0,0,0,1542,A
8-NS,775,1529,0,2,0,1531,A
8-NS,776,0,1,1529,0,1530,G
8-NS,777,0,0,1,1559,1560,C
8-NS,778,1538,0,0,0,1538,A
8-NS,779,0,1538,0,0,1538,T
8-NS,780,0,1531,0,1,1532,T
8-NS,781,1529,0,3,0,1532,A
8-NS,782,1,2,0,1537,1540,C
8-NS,783,1520,0,1,0,1521,A
8-NS,784,1511,0,0,0,1511,A
8-NS,785,0,0,0,1505,1505,C
8-NS,786,0,1271,0,1,1272,T
8-NS,787,0,0,1279,0,1279,G
8-NS,788,0,0,0,1252,1252,C
8-NS,789,0,1228,0,0,1228,T
8-NS,790,1,0,1242,1,1244,G
8-NS,791,0,1214,0,2,1216,T
8-NS,792,0,1208,4,0,1212,T
8-NS,793,0,1212,0,0,1212,T
8-NS,794,0,2,1198,0,1200,G
8-NS,795,1204,0,3,0,1207,A
8-NS,796,1180,0,0,0,1180,A
8-NS,797,0,0,1175,0,1175,G
8-NS,798,0,1165,0,0,1165,T
8-NS,799,0,0,1119,0,1119,G
8-NS,800,0,0,1123,0,1123,G
8-NS,801,1117,0,1,0,1118,A
8-NS,802,1117,0,2,0,1119,A
8-NS,803,0,0,0,1110,1110,C
8-NS,804,1087,0,0,0,1087,A
8-NS,805,0,0,1087,0,1087,G
8-NS,806,0,0,1067,0,1067,G
8-NS,807,1051,0,2,0,1053,A
8-NS,808,1,0,1049,0,1050,G
8-NS,809,896,0,2,0,898,A
8-NS,810,0,897,0,0,897,T
8-NS,811,892,0,2,0,894,A
8-NS,812,882,0,0,0,882,A
8-NS,813,0,0,883,0,883,G
8-NS,814,771,0,2,0,773,A
8-NS,815,769,0,0,0,769,A
8-NS,816,0,0,0,760,760,C
8-NS,817,0,656,0,0,656,T
8-NS,818,0,651,0,0,651,T
8-NS,819,0,645,0,0,645,T
8-NS,820,0,0,0,647,647,C
8-NS,821,0,630,0,2,632,T
8-NS,822,0,0,0,620,620,C
8-NS,823,604,0,1,0,605,A
8-NS,824,0,604,0,0,604,T
8-NS,825,0,590,0,0,590,T
8-NS,826,1,581,0,0,582,T
8-NS,827,0,0,0,585,585,C
8-NS,828,562,1,0,0,563,A
8-NS,829,1,0,560,0,561,G
8-NS,830,0,2,0,558,560,C
8-NS,831,0,530,0,0,530,T
8-NS,832,0,524,0,0,524,T
8-NS,833,498,0,0,0,498,A
8-NS,834,0,496,2,0,498,T
8-NS,835,0,499,0,0,499,T
8-NS,836,0,497,0,0,497,T
8-NS,837,474,0,0,0,474,A
8-NS,838,458,0,0,0,458,A
8-NS,839,0,453,0,0,453,T
8-NS,840,0,1,450,0,451,G
8-NS,841,436,0,0,0,436,A
8-NS,842,0,391,0,0,391,T
8-NS,843,379,0,0,0,379,A
8-NS,844,383,0,0,0,383,A
8-NS,845,381,0,0,0,381,A
8-NS,846,381,0,1,0,382,A
8-NS,847,375,0,1,0,376,A
8-NS,848,376,0,0,1,377,A
8-NS,849,0,0,0,377,377,C
8-NS,850,310,0,0,0,310,A
8-NS,851,0,0,0,324,324,C
8-NS,852,1,0,0,307,308,C
8-NS,853,0,0,0,303,303,C
8-NS,854,0,281,0,0,281,T
8-NS,855,0,272,0,0,272,T
8-NS,856,0,0,273,0,273,G
8-NS,857,0,254,0,0,254,T
8-NS,858,0,251,1,0,252,T
8-NS,859,0,243,0,0,243,T
8-NS,860,0,0,0,97,97,C
8-NS,861,0,80,0,0,80,T
8-NS,862,66,0,0,0,66,A
8-NS,863,0,0,0,64,64,C
