Gene,Position,A,T,G,C,Coverage,Consensus
1-PB2,1,156,0,0,0,156,A
1-PB2,2,0,156,0,0,156,T
1-PB2,3,0,0,156,0,156,G
1-PB2,4,0,0,158,0,158,G
1-PB2,5,157,0,0,0,157,A
1-PB2,6,158,0,1,0,159,A
1-PB2,7,159,0,0,0,159,A
1-PB2,8,0,0,173,0,173,G
1-PB2,9,175,0,0,0,175,A
1-PB2,10,174,0,0,0,174,A
1-PB2,11,0,176,0,0,176,T
1-PB2,12,178,0,0,0,178,A
1-PB2,13,180,0,0,0,180,A
1-PB2,14,177,0,0,0,177,A
1-PB2,15,178,0,0,0,178,A
1-PB2,16,0,0,190,0,190,G
1-PB2,17,190,0,0,0,190,A
1-PB2,18,188,0,0,0,188,A
1-PB2,19,0,0,0,193,193,C
1-PB2,20,0,194,0,0,194,T
1-PB2,21,197,0,0,0,197,A
1-PB2,22,0,0,0,196,196,C
1-PB2,23,1,0,196,0,197,G
1-PB2,24,2,0,201,0,203,G
1-PB2,25,202,0,0,0,202,A
1-PB2,26,211,0,1,0,212,A
1-PB2,27,0,210,0,0,210,T
1-PB2,28,0,0,0,212,212,C
1-PB2,29,0,212,0,0,212,T
1-PB2,30,0,1,216,0,217,G
1-PB2,31,218,0,1,0,219,A
1-PB2,32,0,218,0,0,218,T
1-PB2,33,0,0,218,0,218,G
1-PB2,34,0,219,0,0,219,T
1-PB2,35,0,0,0,219,219,C
1-PB2,36,0,0,220,0,220,G
1-PB2,37,0,0,0,220,220,C
1-PB2,38,219,0,0,0,219,A
1-PB2,39,0,0,231,0,231,G
1-PB2,40,0,231,0,0,231,T
1-PB2,41,1,0,0,228,229,C
1-PB2,42,0,229,0,0,229,T
1-PB2,43,0,0,0,228,228,C
1-PB2,44,0,0,226,0,226,G
1-PB2,45,0,0,0,228,228,C
1-PB2,46,229,0,0,0,229,A
1-PB2,47,0,0,0,232,232,C
1-PB2,48,0,230,0,0,230,T
1-PB2,49,0,0,0,239,239,C
1-PB2,50,0,0,239,0,239,G
1-PB2,51,0,0,0,237,237,C
1-PB2,52,0,0,239,0,239,G
1-PB2,53,238,0,0,0,238,A
1-PB2,54,0,0,242,0,242,G
1-PB2,55,242,0,0,0,242,A
1-PB2,56,0,241,0,0,241,T
1-PB2,57,245,0,0,0,245,A
1-PB2,58,0,0,0,242,242,C
1-PB2,59,0,239,0,0,239,T
1-PB2,60,0,0,243,0,243,G
1-PB2,61,241,0,0,0,241,A
1-PB2,62,0,0,0,244,244,C
1-PB2,63,244,0,0,0,244,A
1-PB2,64,243,0,0,0,243,A
1-PB2,65,249,0,0,0,249,A
1-PB2,66,252,0,0,0,252,A
1-PB2,67,252,0,0,0,252,A
1-PB2,68,0,0,0,256,256,C
1-PB2,69,0,0,0,254,254,C
1-PB2,70,263,0,0,0,263,A
1-PB2,71,0,0,0,268,268,C
1-PB2,72,268,0,0,0,268,A
1-PB2,73,1,0,272,0,273,G
1-PB2,74,0,273,0,0,273,T
1-PB2,75,0,0,284,0,284,G
1-PB2,76,0,0,285,0,285,G
1-PB2,77,288,0,0,0,288,A
1-PB2,78,0,0,0,300,300,C
1-PB2,79,0,0,0,300,300,C
1-PB2,80,302,0,0,0,302,A
1-PB2,81,0,303,0,0,303,T
1-PB2,82,299,0,0,0,299,A
1-PB2,83,0,299,0,0,299,T
1-PB2,84,0,0,298,0,298,G
1-PB2,85,0,0,299,0,299,G
1-PB2,86,0,0,0,303,303,C
1-PB2,87,0,0,0,298,298,C
1-PB2,88,297,0,0,0,297,A
1-PB2,89,0,319,0,0,319,T
1-PB2,90,317,0,0,0,317,A
1-PB2,91,329,0,0,0,329,A
1-PB2,92,0,330,0,0,330,T
1-PB2,93,0,328,0,0,328,T
1-PB2,94,333,0,0,0,333,A
1-PB2,95,332,0,0,0,332,A
1-PB2,96,0,0,337,0,337,G
1-PB2,97,337,0,0,0,337,A
1-PB2,98,331,0,0,0,331,A
1-PB2,99,0,0,351,0,351,G
1-PB2,100,0,339,0,0,339,T
1-PB2,101,341,0,0,0,341,A
1-PB2,102,0,0,0,341,341,C
1-PB2,103,344,0,0,0,344,A
1-PB2,104,0,0,0,357,357,C
1-PB2,105,355,0,0,0,355,A
1-PB2,106,0,352,0,0,352,T
1-PB2,107,0,0,0,354,354,C
1-PB2,108,0,0,352,0,352,G
1-PB2,109,0,0,350,0,350,G
1-PB2,110,0,0,352,0,352,G
1-PB2,111,0,0,350,0,350,G
1-PB2,112,346,0,0,0,346,A
1-PB2,113,0,0,352,0,352,G
1-PB2,114,350,0,0,0,350,A
1-PB2,115,0,0,0,353,353,C
1-PB2,116,354,0,0,0,354,A
1-PB2,117,0,0,358,0,358,G
1-PB2,118,0,0,360,0,360,G
1-PB2,119,360,0,0,0,360,A
1-PB2,120,359,0,1,0,360,A
1-PB2,121,364,0,0,0,364,A
1-PB2,122,365,0,0,0,365,A
1-PB2,123,1,0,362,0,363,G
1-PB2,124,358,0,1,0,359,A
1-PB2,125,359,0,0,0,359,A
1-PB2,126,1,0,0,361,362,C
1-PB2,127,0,0,0,359,359,C
1-PB2,128,0,0,0,361,361,C
1-PB2,129,1,0,362,0,363,G
1-PB2,130,0,361,0,0,361,T
1-PB2,131,1,0,0,362,363,C
1-PB2,132,362,0,0,0,362,A
1-PB2,133,0,0,0,366,366,C
1-PB2,134,0,369,0,0,369,T
1-PB2,135,0,369,0,0,369,T
1-PB2,136,366,0,0,0,366,A
1-PB2,137,0,0,369,0,369,G
1-PB2,138,0,1,369,0,370,G
1-PB2,139,370,0,0,0,370,A
1-PB2,140,1,369,0,0,370,T
1-PB2,141,0,0,373,0,373,G
1-PB2,142,371,0,0,0,371,A
1-PB2,143,376,0,0,0,376,A
1-PB2,144,376,0,0,0,376,A
1-PB2,145,0,375,0,0,375,T
1-PB2,146,0,0,374,0,374,G
1-PB2,147,0,0,372,0,372,G
1-PB2,148,369,0,0,0,369,A
1-PB2,149,0,373,0,0,373,T
1-PB2,150,0,0,372,0,372,G
1-PB2,151,370,0,0,0,370,A
1-PB2,152,0,369,0,0,369,T
1-PB2,153,1,1,370,0,372,G
1-PB2,154,0,0,370,0,370,G
1-PB2,155,0,0,0,372,372,C
1-PB2,156,366,0,0,0,366,A
1-PB2,157,367,0,0,0,367,A
1-PB2,158,0,367,0,0,367,T
1-PB2,159,0,0,382,0,382,G
1-PB2,160,380,0,0,0,380,A
1-PB2,161,380,0,0,0,380,A
1-PB2,162,380,0,0,0,380,A
1-PB2,163,0,379,0,0,379,T
1-PB2,164,383,0,0,0,383,A
1-PB2,165,0,0,0,391,391,C
1-PB2,166,0,1,0,389,390,C
1-PB2,167,0,1,0,387,388,C
1-PB2,168,387,0,1,0,388,A
1-PB2,169,384,0,0,0,384,A
1-PB2,170,0,388,0,0,388,T
1-PB2,171,2,0,0,385,387,C
1-PB2,172,384,0,0,0,384,A
1-PB2,173,1,0,0,386,387,C
1-PB2,174,0,383,0,0,383,T
1-PB2,175,0,0,386,0,386,G
1-PB2,176,0,0,0,386,386,C
1-PB2,177,0,390,0,0,390,T
1-PB2,178,0,1,391,0,392,G
1-PB2,179,390,0,1,0,391,A
1-PB2,180,0,0,0,400,400,C
1-PB2,181,395,0,4,0,399,A
1-PB2,182,393,0,0,0,393,A
1-PB2,183,397,0,0,0,397,A
1-PB2,184,395,0,1,0,396,A
1-PB2,185,0,1,393,0,394,G
1-PB2,186,0,1,397,0,398,G
1-PB2,187,395,0,1,0,396,A
1-PB2,188,0,396,0,1,397,T
1-PB2,189,396,0,1,0,397,A
1-PB2,190,402,0,0,0,402,A
1-PB2,191,0,0,0,406,406,C
1-PB2,192,404,0,1,0,405,A
1-PB2,193,0,0,407,0,407,G
1-PB2,194,404,0,0,0,404,A
1-PB2,195,404,0,0,0,404,A
1-PB2,196,400,0,1,0,401,A
1-PB2,197,0,401,0,0,401,T
1-PB2,198,1,1,401,0,403,G
1-PB2,199,0,0,401,0,401,G
1-PB2,200,0,399,0,0,399,T
1-PB2,201,0,398,0,0,398,T
1-PB2,202,2,0,0,397,399,C
1-PB2,203,0,0,0,397,397,C
1-PB2,204,0,0,402,0,402,G
1-PB2,205,1,1,398,0,400,G
1-PB2,206,401,0,0,0,401,A
1-PB2,207,0,0,405,0,405,G
1-PB2,208,399,0,0,0,399,A
1-PB2,209,0,0,404,0,404,G
1-PB2,210,402,0,0,0,402,A
1-PB2,211,405,0,0,0,405,A
1-PB2,212,405,0,0,0,405,A
1-PB2,213,0,404,0,0,404,T
1-PB2,214,0,2,408,0,410,G
1-PB2,215,411,0,0,0,411,A
1-PB2,216,412,0,0,0,412,A
1-PB2,217,0,0,0,412,412,C
1-PB2,218,411,0,0,0,411,A
1-PB2,219,410,0,0,0,410,A
1-PB2,220,0,1,420,0,421,G
1-PB2,221,0,0,425,0,425,G
1-PB2,222,422,1,0,0,423,A
1-PB2,223,0,0,0,419,419,C
1-PB2,224,422,0,0,0,422,A
1-PB2,225,421,0,1,0,422,A
1-PB2,226,416,0,1,0,417,A
1-PB2,227,0,0,0,417,417,C
1-PB2,228,1,0,0,407,408,C
1-PB2,229,0,0,0,439,439,C
1-PB2,230,0,440,0,0,440,T
1-PB2,231,441,0,0,0,441,A
1-PB2,232,0,440,0,0,440,T
1-PB2,233,0,0,442,0,442,G
1-PB2,234,0,1,462,0,463,G
1-PB2,235,444,0,1,0,445,A
1-PB2,236,0,0,449,0,449,G
1-PB2,237,0,447,0,0,447,T
1-PB2,238,446,0,0,0,446,A
1-PB2,239,448,0,0,0,448,A
1-PB2,240,447,0,0,0,447,A
1-PB2,241,447,0,0,0,447,A
1-PB2,242,0,441,0,0,441,T
1-PB2,243,0,0,445,0,445,G
1-PB2,244,441,0,0,0,441,A
1-PB2,245,0,0,443,0,443,G
1-PB2,246,0,439,0,0,439,T
1-PB2,247,0,0,437,0,437,G
1-PB2,248,446,1,0,0,447,A
1-PB2,249,0,451,0,0,451,T
1-PB2,250,0,0,450,0,450,G
1-PB2,251,0,0,0,448,448,C
1-PB2,252,0,451,0,1,452,T
1-PB2,253,0,0,459,0,459,G
1-PB2,254,0,0,462,0,462,G
1-PB2,255,468,0,0,0,468,A
1-PB2,256,0,466,0,0,466,T
1-PB2,257,0,0,0,468,468,C
1-PB2,258,464,0,0,0,464,A
1-PB2,259,0,0,482,0,482,G
1-PB2,260,483,0,0,0,483,A
1-PB2,261,0,483,0,0,483,T
1-PB2,262,471,0,0,0,471,A
1-PB2,263,0,0,481,0,481,G
1-PB2,264,477,0,1,0,478,A
1-PB2,265,0,0,483,0,483,G
1-PB2,266,0,474,0,0,474,T
1-PB2,267,0,0,474,0,474,G
1-PB2,268,470,0,1,0,471,A
1-PB2,269,0,469,0,0,469,T
1-PB2,270,1,1,478,0,480,G
1-PB2,271,0,0,488,0,488,G
1-PB2,272,0,484,0,0,484,T
1-PB2,273,484,0,0,0,484,A
1-PB2,274,0,478,0,0,478,T
1-PB2,275,0,0,0,480,480,C
1-PB2,276,477,0,1,0,478,A
1-PB2,277,0,0,0,498,498,C
1-PB2,278,0,0,0,499,499,C
1-PB2,279,0,480,0,1,481,T
1-PB2,280,0,475,0,0,475,T
1-PB2,281,0,480,0,0,480,T
1-PB2,282,0,0,486,0,486,G
1-PB2,283,0,1,481,0,482,G
1-PB2,284,0,1,0,486,487,C
1-PB2,285,0,472,0,1,473,T
1-PB2,286,0,0,485,0,485,G
1-PB2,287,0,485,0,0,485,T
1-PB2,288,488,0,0,0,488,A
1-PB2,289,489,0,0,0,489,A
1-PB2,290,0,0,0,488,488,C
1-PB2,291,483,1,1,0,485,A
1-PB2,292,0,486,0,0,486,T
1-PB2,293,0,1,482,0,483,G
1-PB2,294,0,0,491,0,491,G
1-PB2,295,0,485,0,0,485,T
1-PB2,296,1,1,481,0,483,G
1-PB2,297,0,1,492,0,493,G
1-PB2,298,491,1,0,0,492,A
1-PB2,299,495,0,0,0,495,A
1-PB2,300,0,498,0,0,498,T
1-PB2,301,495,0,0,0,495,A
1-PB2,302,0,0,500,0,500,G
1-PB2,303,497,0,0,0,497,A
1-PB2,304,496,0,0,0,496,A
1-PB2,305,498,0,0,0,498,A
1-PB2,306,0,483,0,0,483,T
1-PB2,307,0,0,482,0,482,G
1-PB2,308,0,0,484,0,484,G
1-PB2,309,484,0,0,0,484,A
1-PB2,310,0,0,0,487,487,C
1-PB2,311,1,0,0,476,477,C
1-PB2,312,2,0,0,478,480,C
1-PB2,313,0,0,488,0,488,G
1-PB2,314,0,483,0,0,483,T
1-PB2,315,0,0,492,0,492,G
1-PB2,316,495,0,0,0,495,A
1-PB2,317,0,0,0,495,495,C
1-PB2,318,497,0,1,0,498,A
1-PB2,319,500,0,0,0,500,A
1-PB2,320,0,0,509,0,509,G
1-PB2,321,0,498,0,1,499,T
1-PB2,322,501,0,0,0,501,A
1-PB2,323,0,0,0,497,497,C
1-PB2,324,0,0,485,0,485,G
1-PB2,325,1,0,500,0,501,G
1-PB2,326,0,502,0,0,502,T
1-PB2,327,2,0,0,500,502,C
1-PB2,328,1,0,0,507,508,C
1-PB2,329,498,0,0,0,498,A
1-PB2,330,0,499,0,0,499,T
1-PB2,331,0,499,0,0,499,T
1-PB2,332,525,0,0,0,525,A
1-PB2,333,0,0,0,522,522,C
1-PB2,334,1,0,0,510,511,C
1-PB2,335,1,0,0,508,509,C
1-PB2,336,506,0,0,0,506,A
1-PB2,337,517,0,0,0,517,A
1-PB2,338,517,0,0,0,517,A
1-PB2,339,509,0,0,0,509,A
1-PB2,340,0,0,520,0,520,G
1-PB2,341,1,493,0,1,495,T
1-PB2,342,0,0,509,0,509,G
1-PB2,343,0,511,0,0,511,T
1-PB2,344,512,0,1,0,513,A
1-PB2,345,0,0,0,510,510,C
1-PB2,346,509,0,0,0,509,A
1-PB2,347,512,0,0,0,512,A
1-PB2,348,0,0,516,0,516,G
1-PB2,349,509,0,0,0,509,A
1-PB2,350,1,0,0,514,515,C
1-PB2,351,0,509,0,0,509,T
1-PB2,352,0,511,0,1,512,T
1-PB2,353,516,0,0,0,516,A
1-PB2,354,0,513,0,0,513,T
1-PB2,355,0,515,0,0,515,T
1-PB2,356,0,508,0,0,508,T
1-PB2,357,0,2,0,502,504,C
1-PB2,358,0,0,504,0,504,G
1-PB2,359,504,0,1,0,505,A
1-PB2,360,0,0,0,502,502,C
1-PB2,361,500,0,0,0,500,A
1-PB2,362,501,0,0,0,501,A
1-PB2,363,504,0,0,0,504,A
1-PB2,364,0,0,513,0,513,G
1-PB2,365,0,509,0,1,510,T
1-PB2,366,0,0,0,513,513,C
1-PB2,367,0,0,511,0,511,G
1-PB2,368,506,0,2,0,508,A
1-PB2,369,507,0,1,0,508,A
1-PB2,370,512,0,0,0,512,A
1-PB2,371,0,0,526,0,526,G
1-PB2,372,0,0,528,0,528,G
1-PB2,373,0,522,0,0,522,T
1-PB2,374,0,526,0,0,526,T
1-PB2,375,522,0,0,0,522,A
1-PB2,376,522,0,0,0,522,A
1-PB2,377,522,0,0,0,522,A
1-PB2,378,528,0,0,0,528,A
1-PB2,379,0,0,0,530,530,C
1-PB2,380,514,0,0,0,514,A
1-PB2,381,0,500,0,0,500,T
1-PB2,382,0,1,500,0,501,G
1-PB2,383,0,1,505,0,506,G
1-PB2,384,504,0,0,0,504,A
1-PB2,385,505,0,0,0,505,A
1-PB2,386,0,0,0,519,519,C
1-PB2,387,0,0,0,519,519,C
1-PB2,388,0,521,0,0,521,T
1-PB2,389,0,524,0,0,524,T
1-PB2,390,0,523,0,0,523,T
1-PB2,391,0,1,518,0,519,G
1-PB2,392,0,0,522,1,523,G
1-PB2,393,0,0,0,526,526,C
1-PB2,394,0,0,0,519,519,C
1-PB2,395,2,0,0,514,516,C
1-PB2,396,0,508,0,0,508,T
1-PB2,397,0,0,517,0,517,G
1-PB2,398,0,518,0,0,518,T
1-PB2,399,0,517,0,1,518,T
1-PB2,400,0,0,0,520,520,C
1-PB2,401,518,0,0,0,518,A
1-PB2,402,0,515,0,0,515,T
1-PB2,403,0,517,0,1,518,T
1-PB2,404,0,515,0,3,518,T
1-PB2,405,0,520,0,0,520,T
1-PB2,406,509,0,0,0,509,A
1-PB2,407,0,0,510,0,510,G
1-PB2,408,508,0,0,0,508,A
1-PB2,409,512,0,0,0,512,A
1-PB2,410,512,0,0,0,512,A
1-PB2,411,0,512,0,0,512,T
1-PB2,412,1,0,0,514,515,C
1-PB2,413,518,0,0,0,518,A
1-PB2,414,518,0,0,0,518,A
1-PB2,415,3,0,515,0,518,G
1-PB2,416,0,518,0,0,518,T
1-PB2,417,1,0,0,519,520,C
1-PB2,418,526,0,0,0,526,A
1-PB2,419,527,0,0,0,527,A
1-PB2,420,0,0,525,0,525,G
1-PB2,421,530,0,0,0,530,A
1-PB2,422,0,531,0,0,531,T
1-PB2,423,533,0,0,0,533,A
1-PB2,424,0,0,0,537,537,C
1-PB2,425,0,0,537,0,537,G
1-PB2,426,0,0,0,543,543,C
1-PB2,427,537,0,0,0,537,A
1-PB2,428,0,0,544,0,544,G
1-PB2,429,541,0,0,0,541,A
1-PB2,430,549,0,1,0,550,A
1-PB2,431,0,1,563,0,564,G
1-PB2,432,555,0,0,0,555,A
1-PB2,433,0,0,555,0,555,G
1-PB2,434,0,553,0,0,553,T
1-PB2,435,553,0,1,0,554,A
1-PB2,436,0,0,558,0,558,G
1-PB2,437,557,0,0,0,557,A
1-PB2,438,0,0,0,579,579,C
1-PB2,439,570,0,0,0,570,A
1-PB2,440,0,556,0,0,556,T
1-PB2,441,556,0,0,0,556,A
1-PB2,442,554,0,0,0,554,A
1-PB2,443,544,0,1,0,545,A
1-PB2,444,0,0,0,554,554,C
1-PB2,445,0,0,0,547,547,C
1-PB2,446,1,0,0,542,543,C
1-PB2,447,0,514,0,1,515,T
1-PB2,448,2,1,518,0,521,G
1-PB2,449,0,0,523,0,523,G
1-PB2,450,0,524,0,0,524,T
1-PB2,451,1,0,0,526,527,C
1-PB2,452,531,0,1,0,532,A
1-PB2,453,0,535,0,0,535,T
1-PB2,454,0,0,537,0,537,G
1-PB2,455,0,0,0,535,535,C
1-PB2,456,533,0,0,0,533,A
1-PB2,457,0,0,538,0,538,G
1-PB2,458,524,0,0,0,524,A
1-PB2,459,0,0,0,542,542,C
1-PB2,460,1,0,0,541,542,C
1-PB2,461,0,532,0,0,532,T
1-PB2,462,0,0,0,530,530,C
1-PB2,463,532,0,0,0,532,A
1-PB2,464,0,0,534,0,534,G
1-PB2,465,0,536,0,0,536,T
1-PB2,466,0,0,538,0,538,G
1-PB2,467,0,0,0,531,531,C
1-PB2,468,1,0,0,530,531,C
1-PB2,469,533,0,0,0,533,A
1-PB2,470,530,0,0,0,530,A
1-PB2,471,533,0,0,0,533,A
1-PB2,472,0,0,531,0,531,G
1-PB2,473,519,0,0,0,519,A
1-PB2,474,0,0,517,0,517,G
1-PB2,475,0,1,517,0,518,G
1-PB2,476,0,0,0,514,514,C
1-PB2,477,516,0,0,0,516,A
1-PB2,478,0,1,0,519,520,C
1-PB2,479,519,0,0,0,519,A
1-PB2,480,533,0,0,0,533,A
1-PB2,481,0,0,534,0,534,G
1-PB2,482,533,0,0,0,533,A
1-PB2,483,0,526,0,0,526,T
1-PB2,484,1,0,530,0,531,G
1-PB2,485,0,520,0,0,520,T
1-PB2,486,528,0,0,0,528,A
1-PB2,487,527,0,0,0,527,A
1-PB2,488,0,523,0,0,523,T
1-PB2,489,6,0,0,488,494,C
1-PB2,490,497,0,0,0,497,A
1-PB2,491,0,500,0,1,501,T
1-PB2,492,0,0,500,0,500,G
1-PB2,493,0,1,500,0,501,G
1-PB2,494,499,0,0,0,499,A
1-PB2,495,499,0,0,0,499,A
1-PB2,496,0,0,503,0,503,G
1-PB2,497,0,494,0,0,494,T
1-PB2,498,0,500,0,0,500,T
1-PB2,499,0,0,506,0,506,G
1-PB2,500,0,497,1,0,498,T
1-PB2,501,0,498,0,0,498,T
1-PB2,502,0,498,0,0,498,T
1-PB2,503,0,497,0,0,497,T
1-PB2,504,0,495,0,0,495,T
1-PB2,505,0,0,1,501,502,C
1-PB2,506,0,0,0,500,500,C
1-PB2,507,1,0,1,502,504,C
1-PB2,508,501,0,1,0,502,A
1-PB2,509,502,0,0,0,502,A
1-PB2,510,0,501,0,0,501,T
1-PB2,511,0,0,504,0,504,G
1-PB2,512,505,0,0,0,505,A
1-PB2,513,499,0,0,0,499,A
1-PB2,514,0,0,511,0,511,G
1-PB2,515,0,508,0,0,508,T
1-PB2,516,0,0,510,0,510,G
1-PB2,517,0,0,504,0,504,G
1-PB2,518,0,0,505,0,505,G
1-PB2,519,512,0,1,0,513,A
1-PB2,520,0,0,505,0,505,G
1-PB2,521,0,0,1,501,502,C
1-PB2,522,1,0,0,508,509,C
1-PB2,523,511,0,3,0,514,A
1-PB2,524,0,0,530,0,530,G
1-PB2,525,0,1,531,0,532,G
1-PB2,526,533,0,0,0,533,A
1-PB2,527,0,529,0,0,529,T
1-PB2,528,532,0,0,0,532,A
1-PB2,529,0,0,0,533,533,C
1-PB2,530,0,530,0,0,530,T
1-PB2,531,529,0,0,0,529,A
1-PB2,532,526,0,1,0,527,A
1-PB2,533,0,0,0,525,525,C
1-PB2,534,513,0,0,0,513,A
1-PB2,535,0,506,0,3,509,T
1-PB2,536,0,0,0,513,513,C
1-PB2,537,505,0,1,0,506,A
1-PB2,538,0,1,510,0,511,G
1-PB2,539,511,0,0,0,511,A
1-PB2,540,504,0,1,0,505,A
1-PB2,541,0,503,0,0,503,T
1-PB2,542,1,0,0,501,502,C
1-PB2,543,503,0,0,0,503,A
1-PB2,544,0,0,0,511,511,C
1-PB2,545,514,0,0,0,514,A
1-PB2,546,510,0,0,0,510,A
1-PB2,547,0,501,0,0,501,T
1-PB2,548,0,508,0,0,508,T
1-PB2,549,511,0,1,0,512,A
1-PB2,550,512,0,0,0,512,A
1-PB2,551,0,0,0,512,512,C
1-PB2,552,510,1,0,0,511,A
1-PB2,553,506,0,0,0,506,A
1-PB2,554,0,514,0,0,514,T
1-PB2,555,512,0,0,0,512,A
1-PB2,556,509,0,0,0,509,A
1-PB2,557,1,0,0,511,512,C
1-PB2,558,0,507,0,0,507,T
1-PB2,559,509,0,0,0,509,A
1-PB2,560,509,0,1,0,510,A
1-PB2,561,507,0,0,1,508,A
1-PB2,562,0,1,507,0,508,G
1-PB2,563,495,0,1,0,496,A
1-PB2,564,0,0,497,0,497,G
1-PB2,565,497,0,0,0,497,A
1-PB2,566,496,0,0,0,496,A
1-PB2,567,496,0,0,0,496,A
1-PB2,568,493,0,0,0,493,A
1-PB2,569,500,0,0,0,500,A
1-PB2,570,497,0,1,0,498,A
1-PB2,571,2,0,496,0,498,G
1-PB2,572,496,0,0,0,496,A
1-PB2,573,497,0,0,0,497,A
1-PB2,574,0,0,492,0,492,G
1-PB2,575,488,0,0,0,488,A
1-PB2,576,495,0,1,0,496,A
1-PB2,577,0,0,0,496,496,C
1-PB2,578,0,481,0,0,481,T
1-PB2,579,2,0,0,494,496,C
1-PB2,580,0,0,0,495,495,C
1-PB2,581,0,0,495,0,495,G
1-PB2,582,495,0,1,0,496,A
1-PB2,583,0,0,492,0,492,G
1-PB2,584,492,0,0,0,492,A
1-PB2,585,0,491,0,0,491,T
1-PB2,586,0,485,0,0,485,T
1-PB2,587,0,0,486,0,486,G
1-PB2,588,0,0,0,489,489,C
1-PB2,589,491,0,0,0,491,A
1-PB2,590,491,0,0,0,491,A
1-PB2,591,487,0,0,0,487,A
1-PB2,592,494,0,0,0,494,A
1-PB2,593,0,492,0,0,492,T
1-PB2,594,0,488,0,0,488,T
1-PB2,595,0,488,0,0,488,T
1-PB2,596,0,0,0,493,493,C
1-PB2,597,2,485,0,0,487,T
1-PB2,598,0,0,0,591,591,C
1-PB2,599,1,0,0,585,586,C
1-PB2,600,0,0,0,748,748,C
1-PB2,601,0,734,0,0,734,T
1-PB2,602,0,762,0,0,762,T
1-PB2,603,0,2,766,1,769,G
1-PB2,604,771,0,0,0,771,A
1-PB2,605,0,801,0,1,802,T
1-PB2,606,0,2,824,0,826,G
1-PB2,607,0,0,1055,0,1055,G
1-PB2,608,0,1097,0,4,1101,T
1-PB2,609,0,1108,0,0,1108,T
1-PB2,610,0,0,1265,0,1265,G
1-PB2,611,0,1,0,1285,1286,C
1-PB2,612,1353,0,0,0,1353,A
1-PB2,613,0,1355,0,0,1355,T
1-PB2,614,1376,0,0,3,1379,A
1-PB2,615,0,0,0,1508,1508,C
1-PB2,616,1794,0,0,19,1813,A
1-PB2,617,0,1876,0,0,1876,T
1-PB2,618,0,0,2008,0,2008,G
1-PB2,619,0,1993,0,5,1998,T
1-PB2,620,0,1989,0,0,1989,T
1-PB2,621,1998,0,0,0,1998,A
1-PB2,622,1,5,1990,0,1996,G
1-PB2,623,2046,0,0,0,2046,A
1-PB2,624,0,4,2077,0,2081,G
1-PB2,625,2056,0,2,0,2058,A
1-PB2,626,0,0,2077,0,2077,G
1-PB2,627,2051,0,0,0,2051,A
1-PB2,628,0,3,2071,0,2074,G
1-PB2,629,2088,0,1,0,2089,A
1-PB2,630,2089,0,4,0,2093,A
1-PB2,631,0,0,0,2122,2122,C
1-PB2,632,0,2115,0,0,2115,T
1-PB2,633,0,2130,0,0,2130,T
1-PB2,634,1,0,2124,1,2126,G
1-PB2,635,0,2136,0,0,2136,T
1-PB2,636,2142,0,0,0,2142,A
1-PB2,637,0,1,0,2128,2129,C
1-PB2,638,1,1,2133,0,2135,G
1-PB2,639,2135,0,0,0,2135,A
1-PB2,640,2136,0,0,0,2136,A
1-PB2,641,2158,0,0,0,2158,A
1-PB2,642,2173,0,1,0,2174,A
1-PB2,643,2173,0,1,1,2175,A
1-PB2,644,1,0,0,2187,2188,C
1-PB2,645,2188,0,0,0,2188,A
1-PB2,646,2194,0,3,0,2197,A
1-PB2,647,0,2,2204,0,2206,G
1-PB2,648,2205,2,2,0,2209,A
1-PB2,649,0,2208,0,0,2208,T
1-PB2,650,0,2209,0,1,2210,T
1-PB2,651,1,2222,0,1,2224,T
1-PB2,652,3,0,0,2239,2242,C
1-PB2,653,0,2246,0,3,2249,T
1-PB2,654,1,0,0,2249,2250,C
1-PB2,655,1,3,0,2250,2254,C
1-PB2,656,4,0,0,2257,2261,C
1-PB2,657,2255,1,0,0,2256,A
1-PB2,658,3,1,2288,0,2292,G
1-PB2,659,0,2295,0,1,2296,T
1-PB2,660,0,2298,0,1,2299,T
1-PB2,661,1,0,2292,0,2293,G
1-PB2,662,0,2,0,2287,2289,C
1-PB2,663,0,2289,0,1,2290,T
1-PB2,664,0,3,2308,0,2311,G
1-PB2,665,0,0,2288,0,2288,G
1-PB2,666,0,7,0,2298,2305,C
1-PB2,667,1,2,2305,0,2308,G
1-PB2,668,0,3,2350,0,2353,G
1-PB2,669,2361,0,2,0,2363,A
1-PB2,670,2353,1,2,0,2356,A
1-PB2,671,0,0,0,2362,2362,C
1-PB2,672,2384,0,4,0,2388,A
1-PB2,673,2391,0,1,0,2392,A
1-PB2,674,0,1,2529,0,2530,G
1-PB2,675,0,1,0,2605,2606,C
1-PB2,676,2636,0,0,0,2636,A
1-PB2,677,3,0,3388,0,3391,G
1-PB2,678,0,3371,0,11,3382,T
1-PB2,679,3416,0,2,0,3418,A
1-PB2,680,1,3428,0,0,3429,T
1-PB2,681,3432,0,2,0,3434,A
1-PB2,682,0,3435,0,0,3435,T
1-PB2,683,3395,0,0,0,3395,A
1-PB2,684,0,1,0,3435,3436,C
1-PB2,685,3324,0,2,0,3326,A
1-PB2,686,0,3185,0,3,3188,T
1-PB2,687,0,3099,0,0,3099,T
1-PB2,688,1,2,3100,0,3103,G
1-PB2,689,3093,0,2,0,3095,A
1-PB2,690,3099,0,1,0,3100,A
1-PB2,691,0,0,3149,0,3149,G
1-PB2,692,0,3140,0,0,3140,T
1-PB2,693,0,3136,0,1,3137,T
1-PB2,694,0,3132,0,11,3143,T
1-PB2,695,0,3147,0,0,3147,T
1-PB2,696,3168,0,0,0,3168,A
1-PB2,697,0,1,0,3187,3188,C
1-PB2,698,3188,0,0,0,3188,A
1-PB2,699,0,3175,0,9,3184,T
1-PB2,700,0,3162,0,1,3163,T
1-PB2,701,1,3170,0,1,3172,T
1-PB2,702,0,5,3211,0,3216,G
1-PB2,703,3221,0,0,0,3221,A
1-PB2,704,0,0,0,3241,3241,C
1-PB2,705,1,3227,0,1,3229,T
1-PB2,706,2,0,0,3234,3236,C
1-PB2,707,3222,0,1,1,3224,A
1-PB2,708,0,1,3210,0,3211,G
1-PB2,709,2,3,3278,0,3283,G
1-PB2,710,1,4,3283,0,3288,G
1-PB2,711,3282,0,2,0,3284,A
1-PB2,712,3290,0,4,0,3294,A
1-PB2,713,4,1,0,3305,3310,C
1-PB2,714,1,0,3336,0,3337,G
1-PB2,715,0,3323,0,0,3323,T
1-PB2,716,1,0,3377,0,3378,G
1-PB2,717,0,3348,0,0,3348,T
1-PB2,718,0,3364,1,1,3366,T
1-PB2,719,2,4,3359,0,3365,G
1-PB2,720,0,0,3363,0,3363,G
1-PB2,721,0,8,3396,0,3404,G
1-PB2,722,3360,1,3,0,3364,A
1-PB2,723,3379,0,0,1,3380,A
1-PB2,724,0,0,0,3487,3487,C
1-PB2,725,3468,0,0,0,3468,A
1-PB2,726,3591,0,1,0,3592,A
1-PB2,727,3608,0,5,0,3613,A
1-PB2,728,0,3659,0,0,3659,T
1-PB2,729,0,0,3709,0,3709,G
1-PB2,730,0,3678,0,0,3678,T
1-PB2,731,3685,1,2,0,3688,A
1-PB2,732,0,0,0,3700,3700,C
1-PB2,733,3643,0,1,0,3644,A
1-PB2,734,0,0,0,3655,3655,C
1-PB2,735,0,3539,0,3,3542,T
1-PB2,736,2,1,0,3932,3935,C
1-PB2,737,3,0,0,3940,3943,C
1-PB2,738,4010,0,2,0,4012,A
1-PB2,739,1,1,4053,0,4055,G
1-PB2,740,0,0,4155,0,4155,G
1-PB2,741,0,4075,0,4,4079,T
1-PB2,742,1,4,4160,0,4165,G
1-PB2,743,0,5,4066,0,4071,G
1-PB2,744,3989,0,7,0,3996,A
1-PB2,745,0,2,4068,0,4070,G
1-PB2,746,1,11,4052,0,4064,G
1-PB2,747,3978,0,4,1,3983,A
1-PB2,748,0,1,4056,0,4057,G
1-PB2,749,0,3978,0,0,3978,T
1-PB2,750,1,5,4015,0,4021,G
1-PB2,751,4028,2,2,1,4033,A
1-PB2,752,0,3,4055,0,4058,G
1-PB2,753,0,2,4090,0,4092,G
1-PB2,754,4063,0,4,0,4067,A
1-PB2,755,4073,0,0,2,4075,A
1-PB2,756,0,4089,0,8,4097,T
1-PB2,757,0,4,4075,0,4079,G
1-PB2,758,4063,0,4,0,4067,A
1-PB2,759,0,2,0,4055,4057,C
1-PB2,760,1,2,4065,0,4068,G
1-PB2,761,4097,0,0,1,4098,A
1-PB2,762,0,4083,1,0,4084,T
1-PB2,763,0,0,4120,0,4120,G
1-PB2,764,0,4096,0,3,4099,T
1-PB2,765,1,4082,0,1,4084,T
1-PB2,766,1,11,4108,0,4120,G
1-PB2,767,4113,0,4,0,4117,A
1-PB2,768,0,0,0,4116,4116,C
1-PB2,769,6,0,0,4102,4108,C
1-PB2,770,4086,0,0,0,4086,A
1-PB2,771,4082,0,2,0,4084,A
1-PB2,772,4095,0,2,1,4098,A
1-PB2,773,2,0,4184,0,4186,G
1-PB2,774,0,3,0,4184,4187,C
1-PB2,775,5,0,0,4172,4177,C
1-PB2,776,0,4211,0,0,4211,T
1-PB2,777,4203,0,2,1,4206,A
1-PB2,778,4203,0,0,1,4204,A
1-PB2,779,0,4222,0,1,4223,T
1-PB2,780,0,4229,0,0,4229,T
1-PB2,781,4184,0,2,0,4186,A
1-PB2,782,1,4113,0,0,4114,T
1-PB2,783,0,4106,0,1,4107,T
1-PB2,784,0,2,4094,0,4096,G
1-PB2,785,0,1,0,4078,4079,C
1-PB2,786,1,3,4068,0,4072,G
1-PB2,787,1,4,4129,0,4134,G
1-PB2,788,1,0,0,4135,4136,C
1-PB2,789,3,0,0,4172,4175,C
1-PB2,790,4155,0,2,2,4159,A
1-PB2,791,1,1,4222,0,4224,G
1-PB2,792,0,3,4262,0,4265,G
1-PB2,793,4253,1,5,0,4259,A
1-PB2,794,4270,1,8,0,4279,A
1-PB2,795,1,1,0,4295,4297,C
1-PB2,796,4265,0,2,0,4267,A
1-PB2,797,0,4356,0,0,4356,T
1-PB2,798,4430,0,2,0,4432,A
1-PB2,799,0,1,4466,0,4467,G
1-PB2,800,1,4427,0,3,4431,T
1-PB2,801,4427,0,1,0,4428,A
1-PB2,802,4404,1,2,1,4408,A
1-PB2,803,0,4,4421,0,4425,G
1-PB2,804,4382,1,3,0,4386,A
1-PB2,805,4333,0,1,1,4335,A
1-PB2,806,0,3,4328,0,4331,G
1-PB2,807,4225,0,7,0,4232,A
1-PB2,808,0,0,4233,0,4233,G
1-PB2,809,0,1,0,4237,4238,C
1-PB2,810,4,1,0,4239,4244,C
1-PB2,811,3,0,4239,0,4242,G
1-PB2,812,0,1,0,4285,4286,C
1-PB2,813,4304,0,0,0,4304,A
1-PB2,814,2,0,4604,0,4606,G
1-PB2,815,0,4576,0,1,4577,T
1-PB2,816,4612,0,2,0,4614,A
1-PB2,817,2,4596,0,3,4601,T
1-PB2,818,5,0,0,4623,4628,C
1-PB2,819,4634,0,5,0,4639,A
1-PB2,820,1,0,4631,0,4632,G
1-PB2,821,1,1,0,4626,4628,C
1-PB2,822,4475,1,2,0,4478,A
1-PB2,823,0,3,4429,0,4432,G
1-PB2,824,4450,0,0,1,4451,A
1-PB2,825,0,4443,0,0,4443,T
1-PB2,826,4,1,0,4456,4461,C
1-PB2,827,6,1,0,4462,4469,C
1-PB2,828,4468,0,2,0,4470,A
1-PB2,829,0,0,0,4495,4495,C
1-PB2,830,0,4488,0,0,4488,T
1-PB2,831,4495,0,2,0,4497,A
1-PB2,832,0,0,4486,0,4486,G
1-PB2,833,2,1,0,4475,4478,C
1-PB2,834,4470,0,0,0,4470,A
1-PB2,835,0,4497,0,1,4498,T
1-PB2,836,1,2,0,4546,4549,C
1-PB2,837,1,4544,0,11,4556,T
1-PB2,838,0,4671,0,0,4671,T
1-PB2,839,0,4696,0,1,4697,T
1-PB2,840,4690,0,0,0,4690,A
1-PB2,841,0,4693,0,1,4694,T
1-PB2,842,0,4685,0,2,4687,T
1-PB2,843,0,2,4678,0,4680,G
1-PB2,844,0,3,4663,0,4666,G
1-PB2,845,4590,0,4,0,4594,A
1-PB2,846,0,2,4605,0,4607,G
1-PB2,847,4580,0,3,0,4583,A
1-PB2,848,0,4565,0,0,4565,T
1-PB2,849,0,1,4659,0,4660,G
1-PB2,850,0,4666,0,3,4669,T
1-PB2,851,0,0,4681,0,4681,G
1-PB2,852,0,1,0,4674,4675,C
1-PB2,853,3,1,0,4675,4679,C
1-PB2,854,4672,2,5,1,4680,A
1-PB2,855,0,0,0,4694,4694,C
1-PB2,856,4642,0,5,0,4647,A
1-PB2,857,0,0,4720,0,4720,G
1-PB2,858,0,2,0,4620,4622,C
1-PB2,859,4625,0,3,0,4628,A
1-PB2,860,0,0,0,4640,4640,C
1-PB2,861,4626,0,3,0,4629,A
1-PB2,862,2,1,0,4664,4667,C
1-PB2,863,4643,1,2,0,4646,A
1-PB2,864,4648,0,1,0,4649,A
1-PB2,865,4642,0,1,0,4643,A
1-PB2,866,1,4536,0,0,4537,T
1-PB2,867,0,4550,0,0,4550,T
1-PB2,868,4,3,4529,0,4536,G
1-PB2,869,1,2,4496,0,4499,G
1-PB2,870,3,5,0,4507,4515,C
1-PB2,871,1,3,4508,0,4512,G
1-PB2,872,2,7,4498,0,4507,G
1-PB2,873,4512,0,1,0,4513,A
1-PB2,874,4607,0,3,1,4611,A
1-PB2,875,0,6,0,4633,4639,C
1-PB2,876,4633,0,2,0,4635,A
1-PB2,877,4632,1,3,0,4636,A
1-PB2,878,3,6,4658,0,4667,G
1-PB2,879,0,3,4670,0,4673,G
1-PB2,880,4659,0,3,0,4662,A
1-PB2,881,0,4532,0,0,4532,T
1-PB2,882,1,3,4534,0,4538,G
1-PB2,883,0,1,4550,0,4551,G
1-PB2,884,1,4495,0,2,4498,T
1-PB2,885,7,5,4513,0,4525,G
1-PB2,886,0,5,4519,0,4524,G
1-PB2,887,4490,0,6,0,4496,A
1-PB2,888,1,1,0,4501,4503,C
1-PB2,889,4465,0,0,0,4465,A
1-PB2,890,0,5078,1,1,5080,T
1-PB2,891,0,5058,1,1,5060,T
1-PB2,892,7,0,0,5073,5080,C
1-PB2,893,0,5024,1,2,5027,T
1-PB2,894,0,5027,1,1,5029,T
1-PB2,895,5043,0,3,0,5046,A
1-PB2,896,0,8,5045,0,5053,G
1-PB2,897,5041,2,6,0,5049,A
1-PB2,898,0,2,0,5055,5057,C
1-PB2,899,4484,1,0,0,4485,A
1-PB2,900,2,3,4558,0,4563,G
1-PB2,901,4495,0,7,0,4502,A
1-PB2,902,4515,0,0,0,4515,A
1-PB2,903,0,0,0,4509,4509,C
1-PB2,904,2,2,1,4516,4521,C
1-PB2,905,5,43,0,4474,4522,C
1-PB2,906,0,14,4513,0,4527,G
1-PB2,907,4497,1,4,0,4502,A
1-PB2,908,1,0,0,4543,4544,C
1-PB2,909,0,4489,0,2,4491,T
1-PB2,910,0,2,4512,0,4514,G
1-PB2,911,4479,0,5,1,4485,A
1-PB2,912,4498,0,7,0,4505,A
1-PB2,913,1,11,4520,0,4532,G
1-PB2,914,4514,0,6,0,4520,A
1-PB2,915,4512,0,2,0,4514,A
1-PB2,916,4,0,0,4519,4523,C
1-PB2,917,4491,0,2,1,4494,A
1-PB2,918,4505,1,5,0,4511,A
1-PB2,919,3,0,4533,0,4536,G
1-PB2,920,1,0,0,4570,4571,C
1-PB2,921,0,4549,1,0,4550,T
1-PB2,922,1,1,4653,0,4655,G
1-PB2,923,0,4615,1,2,4618,T
1-PB2,924,2,4,4729,0,4735,G
1-PB2,925,0,1,4889,0,4890,G
1-PB2,926,4870,0,7,0,4877,A
1-PB2,927,0,4877,1,0,4878,T
1-PB2,928,4864,0,0,0,4864,A
1-PB2,929,0,4798,0,8,4806,T
1-PB2,930,4960,0,2,0,4962,A
1-PB2,931,0,4880,1,6,4887,T
1-PB2,932,7,1,4874,0,4882,G
1-PB2,933,1,1,0,4810,4812,C
1-PB2,934,4651,0,5,0,4656,A
1-PB2,935,4659,0,7,0,4666,A
1-PB2,936,0,1,4660,0,4661,G
1-PB2,937,0,2,4669,0,4671,G
1-PB2,938,2,0,0,4673,4675,C
1-PB2,939,0,4600,0,4,4604,T
1-PB2,940,2,1,4611,0,4614,G
1-PB2,941,0,0,0,4635,4635,C
1-PB2,942,4650,0,0,0,4650,A
1-PB2,943,4647,0,1,0,4648,A
1-PB2,944,0,4608,0,3,4611,T
1-PB2,945,0,2,4633,0,4635,G
1-PB2,946,0,4,4605,0,4609,G
1-PB2,947,3,4,4619,0,4626,G
1-PB2,948,4600,0,5,0,4605,A
1-PB2,949,0,4595,1,1,4597,T
1-PB2,950,0,4571,1,7,4579,T
1-PB2,951,0,7,4594,0,4601,G
1-PB2,952,4576,0,2,1,4579,A
1-PB2,953,0,5,4632,0,4637,G
1-PB2,954,4608,1,2,3,4614,A
1-PB2,955,4593,0,0,0,4593,A
1-PB2,956,1,4514,1,2,4518,T
1-PB2,957,19,1,0,4542,4562,C
1-PB2,958,4549,0,4,0,4553,A
1-PB2,959,1,1,4569,0,4571,G
1-PB2,960,0,1,0,4557,4558,C
1-PB2,961,1,4529,0,9,4539,T
1-PB2,962,10,0,0,4529,4539,C
1-PB2,963,4527,0,1,0,4528,A
1-PB2,964,0,4601,0,9,4610,T
1-PB2,965,3,1,0,4628,4632,C
1-PB2,966,8,1,0,4671,4680,C
1-PB2,967,1,4641,0,5,4647,T
1-PB2,968,0,4610,0,5,4615,T
1-PB2,969,5,2,1,4615,4623,C
1-PB2,970,4634,0,2,0,4636,A
1-PB2,971,0,0,4678,0,4678,G
1-PB2,972,0,3,0,4650,4653,C
1-PB2,973,0,4580,0,6,4586,T
1-PB2,974,0,4598,0,1,4599,T
1-PB2,975,2,4588,0,1,4591,T
1-PB2,976,0,3,4600,0,4603,G
1-PB2,977,1,1,4587,0,4589,G
1-PB2,978,0,4543,0,2,4545,T
1-PB2,979,0,2,4633,0,4635,G
1-PB2,980,0,2,4597,0,4599,G
1-PB2,981,8,0,4640,0,4648,G
1-PB2,982,0,4604,0,3,4607,T
1-PB2,983,1,4628,1,2,4632,T
1-PB2,984,0,4639,0,2,4641,T
1-PB2,985,4649,2,2,0,4653,A
1-PB2,986,0,1,0,4673,4674,C
1-PB2,987,4672,1,4,0,4677,A
1-PB2,988,1,4665,0,0,4666,T
1-PB2,989,0,4590,0,2,4592,T
1-PB2,990,0,4585,0,1,4586,T
1-PB2,991,4590,0,1,0,4591,A
1-PB2,992,4583,1,2,0,4586,A
1-PB2,993,4595,0,1,1,4597,A
1-PB2,994,4556,1,7,0,4564,A
1-PB2,995,1,8,4607,0,4616,G
1-PB2,996,4595,0,2,0,4597,A
1-PB2,997,4568,0,2,0,4570,A
1-PB2,998,1,0,0,4610,4611,C
1-PB2,999,4599,0,2,1,4602,A
1-PB2,1000,4585,0,5,0,4590,A
1-PB2,1001,0,0,4601,0,4601,G
1-PB2,1002,0,3,0,4589,4592,C
1-PB2,1003,2,4,4596,0,4602,G
1-PB2,1004,0,9,4601,0,4610,G
1-PB2,1005,1,2,4589,0,4592,G
1-PB2,1006,2,4581,0,4,4587,T
1-PB2,1007,13,0,0,4590,4603,C
1-PB2,1008,4611,1,3,0,4615,A
1-PB2,1009,0,4564,0,9,4573,T
1-PB2,1010,5,0,0,4614,4619,C
1-PB2,1011,4610,0,3,0,4613,A
1-PB2,1012,0,0,4662,0,4662,G
1-PB2,1013,0,4589,0,3,4592,T
1-PB2,1014,15,1,0,4588,4604,C
1-PB2,1015,4611,0,5,0,4616,A
1-PB2,1016,4616,0,2,1,4619,A
1-PB2,1017,4608,12,1,0,4621,A
1-PB2,1018,4623,0,0,0,4623,A
1-PB2,1019,4647,1,0,0,4648,A
1-PB2,1020,4647,0,8,0,4655,A
1-PB2,1021,0,3,4659,0,4662,G
1-PB2,1022,4642,0,4,0,4646,A
1-PB2,1023,4639,0,0,0,4639,A
1-PB2,1024,0,1,4633,0,4634,G
1-PB2,1025,4610,0,3,0,4613,A
1-PB2,1026,4512,0,8,0,4520,A
1-PB2,1027,0,1,4512,0,4513,G
1-PB2,1028,4484,0,7,0,4491,A
1-PB2,1029,3,1,4492,0,4496,G
1-PB2,1030,2,0,4573,0,4575,G
1-PB2,1031,0,4546,0,0,4546,T
1-PB2,1032,1,1,4623,0,4625,G
1-PB2,1033,0,1,0,4646,4647,C
1-PB2,1034,0,4643,5,5,4653,T
1-PB2,1035,0,4684,0,0,4684,T
1-PB2,1036,4673,0,1,0,4674,A
1-PB2,1037,0,0,0,4675,4675,C
1-PB2,1038,4632,5,2,0,4639,A
1-PB2,1039,2,6,4655,0,4663,G
1-PB2,1040,0,1,4631,0,4632,G
1-PB2,1041,1,4,0,4536,4541,C
1-PB2,1042,4511,0,1,0,4512,A
1-PB2,1043,4511,1,1,0,4513,A
1-PB2,1044,0,4563,0,2,4565,T
1-PB2,1045,1,0,0,4631,4632,C
1-PB2,1046,0,4596,0,5,4601,T
1-PB2,1047,4,0,0,4608,4612,C
1-PB2,1048,1,0,0,4600,4601,C
1-PB2,1049,4631,0,1,0,4632,A
1-PB2,1050,4624,0,1,0,4625,A
1-PB2,1051,4631,0,2,0,4633,A
1-PB2,1052,0,0,0,4665,4665,C
1-PB2,1053,4563,0,3,0,4566,A
1-PB2,1054,0,4517,0,2,4519,T
1-PB2,1055,0,4414,0,0,4414,T
1-PB2,1056,0,4,4422,0,4426,G
1-PB2,1057,4395,0,1,1,4397,A
1-PB2,1058,1,6,4349,0,4356,G
1-PB2,1059,4533,0,2,0,4535,A
1-PB2,1060,4526,0,4,0,4530,A
1-PB2,1061,0,4562,0,0,4562,T
1-PB2,1062,4570,0,0,0,4570,A
1-PB2,1063,4584,0,6,1,4591,A
1-PB2,1064,4,7,4711,0,4722,G
1-PB2,1065,4652,0,6,0,4658,A
1-PB2,1066,2,0,4762,0,4764,G
1-PB2,1067,0,4613,0,1,4614,T
1-PB2,1068,4662,0,2,0,4664,A
1-PB2,1069,0,3,0,4720,4723,C
1-PB2,1070,4687,0,1,1,4689,A
1-PB2,1071,1,4678,0,0,4679,T
1-PB2,1072,7,2,4679,0,4688,G
1-PB2,1073,4502,1,5,1,4509,A
1-PB2,1074,1,5,4579,0,4585,G
1-PB2,1075,0,2,4560,0,4562,G
1-PB2,1076,1,1,4750,0,4752,G
1-PB2,1077,1,2,4760,0,4763,G
1-PB2,1078,0,4625,0,2,4627,T
1-PB2,1079,4710,0,3,0,4713,A
1-PB2,1080,0,4694,0,1,4695,T
1-PB2,1081,1,6,4721,0,4728,G
1-PB2,1082,4704,0,7,1,4712,A
1-PB2,1083,1,4,4667,0,4672,G
1-PB2,1084,1,5,4636,0,4642,G
1-PB2,1085,4323,0,4,0,4327,A
1-PB2,1086,1,0,4447,0,4448,G
1-PB2,1087,0,4444,1,3,4448,T
1-PB2,1088,0,4568,2,2,4572,T
1-PB2,1089,11,0,0,4568,4579,C
1-PB2,1090,4565,4,6,0,4575,A
1-PB2,1091,1,2,0,4584,4587,C
1-PB2,1092,4566,0,2,0,4568,A
1-PB2,1093,4553,1,3,0,4557,A
1-PB2,1094,0,4563,0,0,4563,T
1-PB2,1095,1,2,4437,0,4440,G
1-PB2,1096,0,2,4471,0,4473,G
1-PB2,1097,0,4303,0,2,4305,T
1-PB2,1098,1,1,4359,0,4361,G
1-PB2,1099,0,2,4328,1,4331,G
1-PB2,1100,1,0,4349,0,4350,G
1-PB2,1101,1,1,4398,0,4400,G
1-PB2,1102,4372,0,1,0,4373,A
1-PB2,1103,4376,0,2,0,4378,A
1-PB2,1104,4369,0,1,0,4370,A
1-PB2,1105,4268,1,10,0,4279,A
1-PB2,1106,0,6,4326,0,4332,G
1-PB2,1107,4286,0,7,0,4293,A
1-PB2,1108,0,0,4309,0,4309,G
1-PB2,1109,0,0,2,4301,4303,C
1-PB2,1110,4281,0,1,0,4282,A
1-PB2,1111,4285,1,3,0,4289,A
1-PB2,1112,0,1,0,4413,4414,C
1-PB2,1113,4419,0,1,0,4420,A
1-PB2,1114,0,0,4471,0,4471,G
1-PB2,1115,0,3,0,4403,4406,C
1-PB2,1116,0,4414,0,1,4415,T
1-PB2,1117,4530,0,1,0,4531,A
1-PB2,1118,0,4527,0,1,4528,T
1-PB2,1119,4555,0,1,0,4556,A
1-PB2,1120,1,10,0,4541,4552,C
1-PB2,1121,0,4323,1,3,4327,T
1-PB2,1122,4335,0,3,0,4338,A
1-PB2,1123,4244,0,1,1,4246,A
1-PB2,1124,1,6,4246,0,4253,G
1-PB2,1125,4229,0,0,0,4229,A
1-PB2,1126,4117,0,0,0,4117,A
1-PB2,1127,4108,0,0,0,4108,A
1-PB2,1128,4072,0,8,0,4080,A
1-PB2,1129,0,1,4075,0,4076,G
1-PB2,1130,0,0,0,4070,4070,C
1-PB2,1131,4072,0,5,1,4078,A
1-PB2,1132,4080,0,1,0,4081,A
1-PB2,1133,2,1,0,4084,4087,C
1-PB2,1134,7,0,0,4091,4098,C
1-PB2,1135,4113,0,0,0,4113,A
1-PB2,1136,0,4,4107,0,4111,G
1-PB2,1137,4111,0,3,0,4114,A
1-PB2,1138,4109,1,3,0,4113,A
1-PB2,1139,0,2,4131,0,4133,G
1-PB2,1140,4114,0,2,0,4116,A
1-PB2,1141,1,4080,0,2,4083,T
1-PB2,1142,1,4066,0,7,4074,T
1-PB2,1143,1,9,4084,0,4094,G
1-PB2,1144,0,2,4172,0,4174,G
1-PB2,1145,0,4119,0,8,4127,T
1-PB2,1146,1,4091,0,3,4095,T
1-PB2,1147,9,0,0,4112,4121,C
1-PB2,1148,4106,0,0,0,4106,A
1-PB2,1149,4091,0,5,0,4096,A
1-PB2,1150,1,0,0,4384,4385,C
1-PB2,1151,0,4366,1,0,4367,T
1-PB2,1152,7,0,0,4392,4399,C
1-PB2,1153,4333,0,1,0,4334,A
1-PB2,1154,2,4334,1,0,4337,T
1-PB2,1155,4346,0,2,0,4348,A
1-PB2,1156,0,0,4363,0,4363,G
1-PB2,1157,1,4156,0,2,4159,T
1-PB2,1158,0,9,4215,0,4224,G
1-PB2,1159,4016,0,0,0,4016,A
1-PB2,1160,0,0,4067,0,4067,G
1-PB2,1161,0,3996,0,8,4004,T
1-PB2,1162,2,4,4013,0,4019,G
1-PB2,1163,0,3,4065,1,4069,G
1-PB2,1164,4041,1,1,0,4043,A
1-PB2,1165,4051,0,5,0,4056,A
1-PB2,1166,0,2,4064,0,4066,G
1-PB2,1167,3987,0,2,0,3989,A
1-PB2,1168,7,3,3990,0,4000,G
1-PB2,1169,3948,0,6,0,3954,A
1-PB2,1170,1,5,0,3932,3938,C
1-PB2,1171,1,11,3958,0,3970,G
1-PB2,1172,3911,0,1,0,3912,A
1-PB2,1173,3921,0,6,0,3927,A
1-PB2,1174,1,0,0,3934,3935,C
1-PB2,1175,3916,0,1,0,3917,A
1-PB2,1176,0,2,4128,0,4130,G
1-PB2,1177,1,4075,0,2,4078,T
1-PB2,1178,11,5,1,4100,4117,C
1-PB2,1179,4117,1,4,0,4122,A
1-PB2,1180,4092,0,0,1,4093,A
1-PB2,1181,0,4096,0,0,4096,T
1-PB2,1182,4100,0,5,0,4105,A
1-PB2,1183,0,2,4077,0,4079,G
1-PB2,1184,1,0,0,4061,4062,C
1-PB2,1185,1,0,0,3946,3947,C
1-PB2,1186,1,5,3923,0,3929,G
1-PB2,1187,3922,0,0,0,3922,A
1-PB2,1188,3930,0,3,0,3933,A
1-PB2,1189,0,0,3952,0,3952,G
1-PB2,1190,1,0,0,4057,4058,C
1-PB2,1191,4072,0,1,1,4074,A
1-PB2,1192,4055,0,2,0,4057,A
1-PB2,1193,0,4076,0,1,4077,T
1-PB2,1194,4089,0,1,0,4090,A
1-PB2,1195,4129,0,1,0,4130,A
1-PB2,1196,0,4117,0,0,4117,T
1-PB2,1197,5,2,0,4102,4109,C
1-PB2,1198,1,0,4083,1,4085,G
1-PB2,1199,0,3954,0,4,3958,T
1-PB2,1200,0,1,3980,0,3981,G
1-PB2,1201,0,1,3974,0,3975,G
1-PB2,1202,0,1,0,3980,3981,C
1-PB2,1203,7,0,0,4001,4008,C
1-PB2,1204,3952,0,2,0,3954,A
1-PB2,1205,0,3968,0,4,3972,T
1-PB2,1206,8,1,3982,0,3991,G
1-PB2,1207,0,1,4028,0,4029,G
1-PB2,1208,1,3898,0,3,3902,T
1-PB2,1209,1,0,4013,0,4014,G
1-PB2,1210,0,3852,1,2,3855,T
1-PB2,1211,0,3880,0,4,3884,T
1-PB2,1212,0,3903,1,0,3904,T
1-PB2,1213,0,3888,0,3,3891,T
1-PB2,1214,2,1,0,3935,3938,C
1-PB2,1215,3935,0,3,0,3938,A
1-PB2,1216,1,3,0,4002,4006,C
1-PB2,1217,3964,0,0,0,3964,A
1-PB2,1218,3934,0,1,0,3935,A
1-PB2,1219,0,2,3944,0,3946,G
1-PB2,1220,3912,0,2,0,3914,A
1-PB2,1221,3844,0,44,0,3888,A
1-PB2,1222,0,2,3919,0,3921,G
1-PB2,1223,3919,1,0,0,3920,A
1-PB2,1224,0,3929,2,0,3931,T
1-PB2,1225,2,3890,0,1,3893,T
1-PB2,1226,1,1,3894,1,3897,G
1-PB2,1227,1,0,0,3843,3844,C
1-PB2,1228,3853,1,6,0,3860,A
1-PB2,1229,1,3889,0,1,3891,T
1-PB2,1230,1,5,4000,0,4006,G
1-PB2,1231,3995,1,9,0,4005,A
1-PB2,1232,2,4031,0,1,4034,T
1-PB2,1233,4028,0,1,0,4029,A
1-PB2,1234,4030,0,0,0,4030,A
1-PB2,1235,4020,1,1,0,4022,A
1-PB2,1236,4016,0,3,0,4019,A
1-PB2,1237,0,1,4027,0,4028,G
1-PB2,1238,1,0,0,4106,4107,C
1-PB2,1239,4117,0,2,0,4119,A
1-PB2,1240,3,2,4212,0,4217,G
1-PB2,1241,1,4201,1,0,4203,T
1-PB2,1242,1,4202,0,1,4204,T
1-PB2,1243,4213,0,1,0,4214,A
1-PB2,1244,0,3,4228,0,4231,G
1-PB2,1245,4191,1,5,0,4197,A
1-PB2,1246,1,4,4199,0,4204,G
1-PB2,1247,0,0,4184,0,4184,G
1-PB2,1248,0,3919,0,6,3925,T
1-PB2,1249,0,17,3982,0,3999,G
1-PB2,1250,4005,0,4,0,4009,A
1-PB2,1251,3,2,1,4006,4012,C
1-PB2,1252,4,0,0,4037,4041,C
1-PB2,1253,0,4015,0,11,4026,T
1-PB2,1254,0,5,4038,0,4043,G
1-PB2,1255,4017,0,0,1,4018,A
1-PB2,1256,4023,0,0,0,4023,A
1-PB2,1257,0,4035,0,0,4035,T
1-PB2,1258,0,4058,1,1,4060,T
1-PB2,1259,0,4053,0,0,4053,T
1-PB2,1260,4,0,0,4066,4070,C
1-PB2,1261,0,0,4072,0,4072,G
1-PB2,1262,0,4053,0,3,4056,T
1-PB2,1263,2,1,0,4065,4068,C
1-PB2,1264,4071,0,1,0,4072,A
1-PB2,1265,4076,0,0,0,4076,A
1-PB2,1266,0,1,0,4070,4071,C
1-PB2,1267,4014,0,2,0,4016,A
1-PB2,1268,0,3,4058,0,4061,G
1-PB2,1269,4025,0,2,0,4027,A
1-PB2,1270,1,0,4045,0,4046,G
1-PB2,1271,1,1,0,4038,4040,C
1-PB2,1272,4050,0,0,0,4050,A
1-PB2,1273,4112,0,1,0,4113,A
1-PB2,1274,4106,0,1,1,4108,A
1-PB2,1275,1,4044,0,0,4045,T
1-PB2,1276,1,0,0,4093,4094,C
1-PB2,1277,4070,1,2,0,4073,A
1-PB2,1278,0,0,4057,0,4057,G
1-PB2,1279,0,0,0,4065,4065,C
1-PB2,1280,0,5,4067,0,4072,G
1-PB2,1281,0,1,4257,0,4258,G
1-PB2,1282,0,4208,1,2,4211,T
1-PB2,1283,0,4236,0,1,4237,T
1-PB2,1284,0,9,4225,0,4234,G
1-PB2,1285,4231,0,1,0,4232,A
1-PB2,1286,4251,0,3,0,4254,A
1-PB2,1287,1,2,0,4279,4282,C
1-PB2,1288,3,2,0,4244,4249,C
1-PB2,1289,2,0,0,4290,4292,C
1-PB2,1290,3,0,0,4151,4154,C
1-PB2,1291,4167,0,2,0,4169,A
1-PB2,1292,0,4172,0,3,4175,T
1-PB2,1293,1,1,4181,0,4183,G
1-PB2,1294,2,0,0,4192,4194,C
1-PB2,1295,4173,0,2,0,4175,A
1-PB2,1296,0,4128,0,3,4131,T
1-PB2,1297,3,0,0,4128,4131,C
1-PB2,1298,4105,0,2,0,4107,A
1-PB2,1299,0,1,4149,0,4150,G
1-PB2,1300,0,0,0,4159,4159,C
1-PB2,1301,0,4161,0,2,4163,T
1-PB2,1302,0,4167,0,1,4168,T
1-PB2,1303,0,4150,0,2,4152,T
1-PB2,1304,0,4142,0,0,4142,T
1-PB2,1305,4149,0,6,0,4155,A
1-PB2,1306,4146,1,2,1,4150,A
1-PB2,1307,1,2,4142,0,4145,G
1-PB2,1308,2,0,4104,0,4106,G
1-PB2,1309,5,0,0,4056,4061,C
1-PB2,1310,4071,0,0,0,4071,A
1-PB2,1311,0,4057,0,1,4058,T
1-PB2,1312,0,4062,0,2,4064,T
1-PB2,1313,0,4068,0,1,4069,T
1-PB2,1314,0,4075,1,1,4077,T
1-PB2,1315,2,0,0,4084,4086,C
1-PB2,1316,4074,0,2,0,4076,A
1-PB2,1317,1,3,4070,0,4074,G
1-PB2,1318,4074,0,1,0,4075,A
1-PB2,1319,4066,0,1,0,4067,A
1-PB2,1320,4054,0,3,0,4057,A
1-PB2,1321,0,3,4055,0,4058,G
1-PB2,1322,4074,0,0,0,4074,A
1-PB2,1323,0,4056,0,1,4057,T
1-PB2,1324,0,0,4075,0,4075,G
1-PB2,1325,0,0,2,4067,4069,C
1-PB2,1326,1,1,4081,0,4083,G
1-PB2,1327,4061,1,1,0,4063,A
1-PB2,1328,4062,0,0,0,4062,A
1-PB2,1329,4068,0,5,0,4073,A
1-PB2,1330,2,2,4082,0,4086,G
1-PB2,1331,0,4030,0,1,4031,T
1-PB2,1332,0,0,4037,0,4037,G
1-PB2,1333,1,0,0,3996,3997,C
1-PB2,1334,0,4025,0,3,4028,T
1-PB2,1335,0,4020,1,1,4022,T
1-PB2,1336,1,4034,0,2,4037,T
1-PB2,1337,0,4035,1,1,4037,T
1-PB2,1338,0,4000,0,2,4002,T
1-PB2,1339,3,0,0,4041,4044,C
1-PB2,1340,4043,0,4,0,4047,A
1-PB2,1341,4056,0,0,1,4057,A
1-PB2,1342,4035,0,0,0,4035,A
1-PB2,1343,4047,0,1,0,4048,A
1-PB2,1344,1,4033,0,0,4034,T
1-PB2,1345,0,4065,0,1,4066,T
1-PB2,1346,1,7,4054,0,4062,G
1-PB2,1347,0,2,4057,0,4059,G
1-PB2,1348,1,1,4049,0,4051,G
1-PB2,1349,0,4,4114,0,4118,G
1-PB2,1350,4104,1,2,0,4107,A
1-PB2,1351,1,0,4141,0,4142,G
1-PB2,1352,0,4146,1,6,4153,T
1-PB2,1353,1,4141,0,1,4143,T
1-PB2,1354,0,7,4142,1,4150,G
1-PB2,1355,4147,0,2,0,4149,A
1-PB2,1356,4141,2,5,0,4148,A
1-PB2,1357,1,0,1,4253,4255,C
1-PB2,1358,4174,0,3,0,4177,A
1-PB2,1359,0,0,0,4274,4274,C
1-PB2,1360,4203,1,5,0,4209,A
1-PB2,1361,0,4180,0,2,4182,T
1-PB2,1362,0,2,0,4222,4224,C
1-PB2,1363,1,4,4211,1,4217,G
1-PB2,1364,4232,0,3,0,4235,A
1-PB2,1365,3,0,0,4238,4241,C
1-PB2,1366,4117,0,0,0,4117,A
1-PB2,1367,0,1,4242,0,4243,G
1-PB2,1368,2,4130,0,1,4133,T
1-PB2,1369,2,0,4202,0,4204,G
1-PB2,1370,2,4169,0,3,4174,T
1-PB2,1371,7,2,4180,0,4189,G
1-PB2,1372,4172,0,3,0,4175,A
1-PB2,1373,0,4144,0,2,4146,T
1-PB2,1374,1,3,4164,0,4168,G
1-PB2,1375,8,0,4143,0,4151,G
1-PB2,1376,0,5,4088,0,4093,G
1-PB2,1377,4067,0,3,0,4070,A
1-PB2,1378,4046,0,1,1,4048,A
1-PB2,1379,0,4045,0,1,4046,T
1-PB2,1380,2,4,4072,0,4078,G
1-PB2,1381,4079,0,2,0,4081,A
1-PB2,1382,0,4074,0,1,4075,T
1-PB2,1383,0,4069,0,3,4072,T
1-PB2,1384,0,6,4053,0,4059,G
1-PB2,1385,2,10,4139,0,4151,G
1-PB2,1386,4093,1,6,0,4100,A
1-PB2,1387,1,0,4137,0,4138,G
1-PB2,1388,1,4084,0,0,4085,T
1-PB2,1389,4077,0,0,0,4077,A
1-PB2,1390,0,4089,0,1,4090,T
1-PB2,1391,0,4126,0,0,4126,T
1-PB2,1392,4134,0,3,0,4137,A
1-PB2,1393,1,0,0,4146,4147,C
1-PB2,1394,8,1,0,4089,4098,C
1-PB2,1395,4083,1,1,0,4085,A
1-PB2,1396,0,1,4099,0,4100,G
1-PB2,1397,4170,0,1,0,4171,A
1-PB2,1398,0,4150,0,1,4151,T
1-PB2,1399,4112,0,4,0,4116,A
1-PB2,1400,0,4051,0,6,4057,T
1-PB2,1401,0,8,4020,1,4029,G
1-PB2,1402,4010,1,2,0,4013,A
1-PB2,1403,1,2,1,4037,4041,C
1-PB2,1404,1,3989,0,5,3995,T
1-PB2,1405,6,0,0,3969,3975,C
1-PB2,1406,5,0,0,3936,3941,C
1-PB2,1407,3966,0,1,0,3967,A
1-PB2,1408,3988,0,3,0,3991,A
1-PB2,1409,2,0,4082,0,4084,G
1-PB2,1410,1,0,0,4060,4061,C
1-PB2,1411,4034,1,1,0,4036,A
1-PB2,1412,0,2,0,4048,4050,C
1-PB2,1413,4026,1,3,0,4030,A
1-PB2,1414,0,5,4023,0,4028,G
1-PB2,1415,4016,0,0,0,4016,A
1-PB2,1416,0,2,4035,0,4037,G
1-PB2,1417,4044,1,1,0,4046,A
1-PB2,1418,0,3942,1,5,3948,T
1-PB2,1419,1,1,3995,0,3997,G
1-PB2,1420,0,3949,0,8,3957,T
1-PB2,1421,6,1,0,3969,3976,C
1-PB2,1422,3975,0,3,0,3978,A
1-PB2,1423,3964,0,0,0,3964,A
1-PB2,1424,0,3951,0,0,3951,T
1-PB2,1425,0,4,3957,0,3961,G
1-PB2,1426,3902,0,1,0,3903,A
1-PB2,1427,0,2,3932,0,3934,G
1-PB2,1428,3854,0,4,0,3858,A
1-PB2,1429,1,2,3871,0,3874,G
1-PB2,1430,1,3,4033,0,4037,G
1-PB2,1431,4032,0,3,0,4035,A
1-PB2,1432,4017,1,3,1,4022,A
1-PB2,1433,0,4022,0,1,4023,T
1-PB2,1434,3985,0,0,0,3985,A
1-PB2,1435,3986,0,1,1,3988,A
1-PB2,1436,0,5,3973,0,3978,G
1-PB2,1437,3939,0,2,2,3943,A
1-PB2,1438,2,1,3946,0,3949,G
1-PB2,1439,0,3699,0,1,3700,T
1-PB2,1440,7,0,0,3710,3717,C
1-PB2,1441,3721,0,3,0,3724,A
1-PB2,1442,1,1,3734,0,3736,G
1-PB2,1443,0,1,0,3752,3753,C
1-PB2,1444,3771,1,3,0,3775,A
1-PB2,1445,3770,0,0,0,3770,A
1-PB2,1446,3734,0,15,0,3749,A
1-PB2,1447,3755,0,1,0,3756,A
1-PB2,1448,0,3750,0,0,3750,T
1-PB2,1449,0,2,3752,0,3754,G
1-PB2,1450,1,1,3745,0,3747,G
1-PB2,1451,0,0,3777,0,3777,G
1-PB2,1452,0,3715,0,3,3718,T
1-PB2,1453,3,0,3736,0,3739,G
1-PB2,1454,0,3724,0,5,3729,T
1-PB2,1455,1,3,3731,0,3735,G
1-PB2,1456,1,1,3775,0,3777,G
1-PB2,1457,3773,0,2,0,3775,A
1-PB2,1458,0,3760,0,0,3760,T
1-PB2,1459,6,6,3763,0,3775,G
1-PB2,1460,3758,1,2,0,3761,A
1-PB2,1461,3781,0,3,0,3784,A
1-PB2,1462,1,3757,0,1,3759,T
1-PB2,1463,3692,0,0,0,3692,A
1-PB2,1464,0,0,0,3909,3909,C
1-PB2,1465,0,3780,0,2,3782,T
1-PB2,1466,4,4,0,3811,3819,C
1-PB2,1467,3,0,0,3843,3846,C
1-PB2,1468,3783,0,1,0,3784,A
1-PB2,1469,0,0,3914,0,3914,G
1-PB2,1470,0,3888,0,1,3889,T
1-PB2,1471,3884,0,5,0,3889,A
1-PB2,1472,0,0,0,3900,3900,C
1-PB2,1473,3555,1,0,0,3556,A
1-PB2,1474,3,2,3565,0,3570,G
1-PB2,1475,3471,0,1,1,3473,A
1-PB2,1476,0,2,3493,0,3495,G
1-PB2,1477,3369,0,3,0,3372,A
1-PB2,1478,0,5,3252,0,3257,G
1-PB2,1479,7,4,3235,0,3246,G
1-PB2,1480,1,0,3242,0,3243,G
1-PB2,1481,0,3173,0,4,3177,T
1-PB2,1482,1,4,3178,0,3183,G
1-PB2,1483,3,1,3189,0,3193,G
1-PB2,1484,1,3158,0,0,3159,T
1-PB2,1485,0,5,3236,0,3241,G
1-PB2,1486,0,2,3235,0,3237,G
1-PB2,1487,0,3161,1,1,3163,T
1-PB2,1488,0,3152,0,1,3153,T
1-PB2,1489,3117,0,4,0,3121,A
1-PB2,1490,2,0,3135,0,3137,G
1-PB2,1491,1,0,0,3128,3129,C
1-PB2,1492,3117,0,0,0,3117,A
1-PB2,1493,0,3114,0,1,3115,T
1-PB2,1494,1,2907,0,0,2908,T
1-PB2,1495,1,3,2901,0,2905,G
1-PB2,1496,2882,1,0,0,2883,A
1-PB2,1497,1,2880,0,2,2883,T
1-PB2,1498,4,3,0,2888,2895,C
1-PB2,1499,0,1,2865,0,2866,G
1-PB2,1500,0,0,2903,0,2903,G
1-PB2,1501,0,2887,0,1,2888,T
1-PB2,1502,0,2885,0,0,2885,T
1-PB2,1503,0,2877,0,3,2880,T
1-PB2,1504,0,2874,1,0,2875,T
1-PB2,1505,0,2890,0,0,2890,T
1-PB2,1506,0,3,2884,0,2887,G
1-PB2,1507,2877,1,2,0,2880,A
1-PB2,1508,0,3,2885,0,2888,G
1-PB2,1509,2781,0,0,0,2781,A
1-PB2,1510,0,0,2801,0,2801,G
1-PB2,1511,1,2784,1,2,2788,T
1-PB2,1512,0,2767,0,2,2769,T
1-PB2,1513,5,2,0,2785,2792,C
1-PB2,1514,0,2,2800,0,2802,G
1-PB2,1515,2793,0,6,0,2799,A
1-PB2,1516,0,3,2797,1,2801,G
1-PB2,1517,2785,0,3,0,2788,A
1-PB2,1518,0,0,0,2784,2784,C
1-PB2,1519,3,2,0,2748,2753,C
1-PB2,1520,2729,0,1,0,2730,A
1-PB2,1521,2729,1,2,0,2732,A
1-PB2,1522,0,1,0,2753,2754,C
1-PB2,1523,0,0,2760,0,2760,G
1-PB2,1524,0,2728,0,2,2730,T
1-PB2,1525,0,1,2725,0,2726,G
1-PB2,1526,1,1,2724,1,2727,G
1-PB2,1527,1,0,2734,0,2735,G
1-PB2,1528,2713,0,5,0,2718,A
1-PB2,1529,2714,0,0,0,2714,A
1-PB2,1530,0,2608,0,0,2608,T
1-PB2,1531,0,2,2670,0,2672,G
1-PB2,1532,1,2660,0,2,2663,T
1-PB2,1533,2656,0,0,0,2656,A
1-PB2,1534,0,2659,0,1,2660,T
1-PB2,1535,0,2614,0,1,2615,T
1-PB2,1536,2629,0,0,0,2629,A
1-PB2,1537,0,2607,0,0,2607,T
1-PB2,1538,0,2578,0,0,2578,T
1-PB2,1539,2576,0,0,0,2576,A
1-PB2,1540,0,2231,0,1,2232,T
1-PB2,1541,1,0,0,2300,2301,C
1-PB2,1542,0,2257,0,5,2262,T
1-PB2,1543,7,1,0,2270,2278,C
1-PB2,1544,0,0,0,2284,2284,C
1-PB2,1545,0,2198,0,1,2199,T
1-PB2,1546,1,2,2203,0,2206,G
1-PB2,1547,2182,0,0,0,2182,A
1-PB2,1548,1,1,2185,0,2187,G
1-PB2,1549,0,0,2188,0,2188,G
1-PB2,1550,1875,0,3,0,1878,A
1-PB2,1551,0,1,1891,0,1892,G
1-PB2,1552,0,0,1872,0,1872,G
1-PB2,1553,0,1765,0,2,1767,T
1-PB2,1554,6,1,0,1765,1772,C
1-PB2,1555,1744,0,0,0,1744,A
1-PB2,1556,0,0,1768,0,1768,G
1-PB2,1557,0,1756,0,2,1758,T
1-PB2,1558,1,0,1751,0,1752,G
1-PB2,1559,1742,0,1,0,1743,A
1-PB2,1560,1642,0,2,0,1644,A
1-PB2,1561,1644,0,4,0,1648,A
1-PB2,1562,0,0,0,1650,1650,C
1-PB2,1563,1608,1,0,0,1609,A
1-PB2,1564,1,1,0,1613,1615,C
1-PB2,1565,1496,0,1,0,1497,A
1-PB2,1566,0,2,1500,0,1502,G
1-PB2,1567,0,0,1492,0,1492,G
1-PB2,1568,1,2,1498,0,1501,G
1-PB2,1569,1490,0,2,0,1492,A
1-PB2,1570,1449,0,0,1,1450,A
1-PB2,1571,0,0,0,1459,1459,C
1-PB2,1572,0,1435,0,0,1435,T
1-PB2,1573,0,1,1433,0,1434,G
1-PB2,1574,1418,0,2,0,1420,A
1-PB2,1575,1,1,1420,0,1422,G
1-PB2,1576,1384,0,1,0,1385,A
1-PB2,1577,1,0,1273,0,1274,G
1-PB2,1578,1260,0,0,0,1260,A
1-PB2,1579,0,1,0,1256,1257,C
1-PB2,1580,0,1176,0,0,1176,T
1-PB2,1581,0,1,1183,0,1184,G
1-PB2,1582,1168,0,4,0,1172,A
1-PB2,1583,0,0,0,1178,1178,C
1-PB2,1584,1159,0,0,0,1159,A
1-PB2,1585,1154,0,0,0,1154,A
1-PB2,1586,0,1149,0,1,1150,T
1-PB2,1587,1137,0,0,0,1137,A
1-PB2,1588,1135,0,0,0,1135,A
1-PB2,1589,0,0,0,1139,1139,C
1-PB2,1590,0,1017,0,1,1018,T
1-PB2,1591,0,1004,0,0,1004,T
1-PB2,1592,982,0,0,0,982,A
1-PB2,1593,0,976,0,0,976,T
1-PB2,1594,0,972,0,2,974,T
1-PB2,1595,1,0,0,967,968,C
1-PB2,1596,877,0,0,0,877,A
1-PB2,1597,0,875,0,0,875,T
1-PB2,1598,2,0,0,802,804,C
1-PB2,1599,1,0,802,0,803,G
1-PB2,1600,0,803,0,1,804,T
1-PB2,1601,0,0,0,785,785,C
1-PB2,1602,0,0,778,0,778,G
1-PB2,1603,779,0,0,0,779,A
1-PB2,1604,0,772,0,0,772,T
1-PB2,1605,0,0,765,0,765,G
1-PB2,1606,757,0,2,0,759,A
1-PB2,1607,0,754,0,0,754,T
1-PB2,1608,0,0,751,0,751,G
1-PB2,1609,0,691,0,0,691,T
1-PB2,1610,2,0,695,0,697,G
1-PB2,1611,0,0,691,0,691,G
1-PB2,1612,0,0,687,0,687,G
1-PB2,1613,649,0,0,0,649,A
1-PB2,1614,1,0,605,0,606,G
1-PB2,1615,512,0,0,0,512,A
1-PB2,1616,1,468,0,0,469,T
1-PB2,1617,0,426,0,0,426,T
1-PB2,1618,417,0,0,0,417,A
1-PB2,1619,404,0,0,0,404,A
1-PB2,1620,0,0,1,391,392,C
1-PB2,1621,0,0,309,0,309,G
1-PB2,1622,0,0,295,0,295,G
1-PB2,1623,0,162,0,0,162,T
1-PB2,1624,1,0,0,152,153,C
1-PB2,1625,0,0,0,149,149,C
1-PB2,1626,0,97,0,0,97,T
1-PB2,1627,0,0,102,0,102,G
1-PB2,1628,100,0,0,0,100,A
1-PB2,1629,0,0,105,0,105,G
1-PB2,1630,0,103,0,0,103,T
1-PB2,1631,1,0,0,102,103,C
1-PB2,1632,0,0,101,0,101,G
1-PB2,1633,0,0,100,0,100,G
1-PB2,1634,0,101,0,0,101,T
1-PB2,1635,0,101,0,0,101,T
1-PB2,1636,0,101,0,0,101,T
1-PB2,1637,0,101,0,0,101,T
1-PB2,1638,0,1,104,0,105,G
1-PB2,1639,0,0,106,0,106,G
1-PB2,1640,0,104,0,0,104,T
1-PB2,1641,0,0,0,105,105,C
1-PB2,1642,103,0,0,0,103,A
1-PB2,1643,106,0,0,0,106,A
1-PB2,1644,0,106,0,0,106,T
1-PB2,1645,104,0,0,0,104,A
1-PB2,1646,0,0,0,109,109,C
1-PB2,1647,0,0,0,105,105,C
1-PB2,1648,0,105,0,0,105,T
1-PB2,1649,105,0,0,0,105,A
1-PB2,1650,0,109,0,0,109,T
1-PB2,1651,0,0,0,107,107,C
1-PB2,1652,103,0,0,0,103,A
1-PB2,1653,104,0,0,0,104,A
1-PB2,1654,0,104,0,0,104,T
1-PB2,1655,0,1,101,0,102,G
1-PB2,1656,0,0,104,0,104,G
1-PB2,1657,101,0,0,0,101,A
1-PB2,1658,0,103,0,0,103,T
1-PB2,1659,0,0,0,101,101,C
1-PB2,1660,102,0,0,0,102,A
1-PB2,1661,0,103,0,0,103,T
1-PB2,1662,0,0,0,104,104,C
1-PB2,1663,103,0,0,0,103,A
1-PB2,1664,0,0,102,0,102,G
1-PB2,1665,101,0,0,0,101,A
1-PB2,1666,102,0,0,0,102,A
1-PB2,1667,102,0,0,0,102,A
1-PB2,1668,0,101,0,0,101,T
1-PB2,1669,0,100,0,1,101,T
1-PB2,1670,0,0,100,0,100,G
1-PB2,1671,0,0,101,0,101,G
1-PB2,1672,0,0,100,0,100,G
1-PB2,1673,101,0,0,0,101,A
1-PB2,1674,101,0,0,0,101,A
1-PB2,1675,0,0,101,0,101,G
1-PB2,1676,0,0,0,103,103,C
1-PB2,1677,0,101,0,0,101,T
1-PB2,1678,0,0,101,0,101,G
1-PB2,1679,0,101,0,0,101,T
1-PB2,1680,0,0,0,102,102,C
1-PB2,1681,103,0,0,0,103,A
1-PB2,1682,102,0,0,0,102,A
1-PB2,1683,104,0,0,0,104,A
1-PB2,1684,105,0,0,0,105,A
1-PB2,1685,0,105,0,0,105,T
1-PB2,1686,0,106,0,0,106,T
1-PB2,1687,0,0,0,105,105,C
1-PB2,1688,105,0,0,0,105,A
1-PB2,1689,105,0,0,0,105,A
1-PB2,1690,0,105,0,0,105,T
1-PB2,1691,0,0,104,0,104,G
1-PB2,1692,0,0,104,0,104,G
1-PB2,1693,0,104,0,0,104,T
1-PB2,1694,0,0,0,105,105,C
1-PB2,1695,0,104,0,1,105,T
1-PB2,1696,0,0,0,105,105,C
1-PB2,1697,105,0,0,0,105,A
1-PB2,1698,0,0,107,0,107,G
1-PB2,1699,102,0,0,0,102,A
1-PB2,1700,105,0,0,0,105,A
1-PB2,1701,0,104,0,0,104,T
1-PB2,1702,0,0,0,99,99,C
1-PB2,1703,0,0,0,97,97,C
1-PB2,1704,0,98,0,0,98,T
1-PB2,1705,0,0,95,0,95,G
1-PB2,1706,0,0,0,97,97,C
1-PB2,1707,97,0,0,0,97,A
1-PB2,1708,99,0,0,0,99,A
1-PB2,1709,0,98,0,0,98,T
1-PB2,1710,0,0,97,0,97,G
1-PB2,1711,0,100,0,0,100,T
1-PB2,1712,0,99,0,0,99,T
1-PB2,1713,0,0,98,0,98,G
1-PB2,1714,0,97,0,0,97,T
1-PB2,1715,97,0,0,0,97,A
1-PB2,1716,0,0,0,95,95,C
1-PB2,1717,94,0,0,0,94,A
1-PB2,1718,93,0,0,0,93,A
1-PB2,1719,0,0,0,91,91,C
1-PB2,1720,91,0,0,0,91,A
1-PB2,1721,91,0,0,0,91,A
1-PB2,1722,92,0,0,0,92,A
1-PB2,1723,92,0,0,0,92,A
1-PB2,1724,0,93,0,0,93,T
1-PB2,1725,0,0,92,0,92,G
1-PB2,1726,0,0,91,0,91,G
1-PB2,1727,92,0,0,0,92,A
1-PB2,1728,91,0,0,0,91,A
1-PB2,1729,0,92,0,0,92,T
1-PB2,1730,0,92,0,0,92,T
1-PB2,1731,0,92,0,0,92,T
1-PB2,1732,0,0,92,0,92,G
1-PB2,1733,93,0,0,0,93,A
1-PB2,1734,92,0,0,0,92,A
1-PB2,1735,0,0,0,91,91,C
1-PB2,1736,0,0,0,90,90,C
1-PB2,1737,91,0,0,0,91,A
1-PB2,1738,0,94,0,0,94,T
1-PB2,1739,0,92,0,0,92,T
1-PB2,1740,0,92,0,0,92,T
1-PB2,1741,0,0,0,92,92,C
1-PB2,1742,92,0,0,0,92,A
1-PB2,1743,92,0,0,0,92,A
1-PB2,1744,0,92,0,0,92,T
1-PB2,1745,0,0,0,94,94,C
1-PB2,1746,0,90,0,0,90,T
1-PB2,1747,0,94,0,0,94,T
1-PB2,1748,0,93,0,0,93,T
1-PB2,1749,94,0,0,0,94,A
1-PB2,1750,0,0,92,0,92,G
1-PB2,1751,0,93,0,0,93,T
1-PB2,1752,0,0,0,94,94,C
1-PB2,1753,0,0,0,94,94,C
1-PB2,1754,1,0,0,94,95,C
1-PB2,1755,0,0,0,96,96,C
1-PB2,1756,96,0,0,0,96,A
1-PB2,1757,93,0,0,0,93,A
1-PB2,1758,0,1,94,0,95,G
1-PB2,1759,0,0,92,0,92,G
1-PB2,1760,0,0,0,96,96,C
1-PB2,1761,0,0,0,91,91,C
1-PB2,1762,91,0,0,0,91,A
1-PB2,1763,0,91,0,0,91,T
1-PB2,1764,0,91,0,0,91,T
1-PB2,1765,92,0,0,0,92,A
1-PB2,1766,0,0,90,0,90,G
1-PB2,1767,92,0,0,0,92,A
1-PB2,1768,100,0,0,0,100,A
1-PB2,1769,0,0,98,0,98,G
1-PB2,1770,0,0,0,102,102,C
1-PB2,1771,0,0,0,102,102,C
1-PB2,1772,97,0,0,0,97,A
1-PB2,1773,99,0,0,0,99,A
1-PB2,1774,0,100,0,0,100,T
1-PB2,1775,101,0,0,0,101,A
1-PB2,1776,0,0,0,101,101,C
1-PB2,1777,92,0,0,0,92,A
1-PB2,1778,0,0,92,0,92,G
1-PB2,1779,0,90,0,0,90,T
1-PB2,1780,0,0,91,0,91,G
1-PB2,1781,0,0,91,0,91,G
1-PB2,1782,0,0,91,0,91,G
1-PB2,1783,0,90,0,0,90,T
1-PB2,1784,0,90,0,0,90,T
1-PB2,1785,0,91,0,0,91,T
1-PB2,1786,0,0,93,0,93,G
1-PB2,1787,0,91,0,0,91,T
1-PB2,1788,0,0,0,91,91,C
1-PB2,1789,91,0,0,0,91,A
1-PB2,1790,0,0,92,0,92,G
1-PB2,1791,89,0,0,0,89,A
1-PB2,1792,88,0,0,0,88,A
1-PB2,1793,0,0,0,88,88,C
1-PB2,1794,0,86,0,0,86,T
1-PB2,1795,0,0,0,85,85,C
1-PB2,1796,0,86,0,0,86,T
1-PB2,1797,87,0,0,0,87,A
1-PB2,1798,0,87,0,0,87,T
1-PB2,1799,0,85,0,0,85,T
1-PB2,1800,0,0,0,86,86,C
1-PB2,1801,0,0,0,85,85,C
1-PB2,1802,85,0,0,0,85,A
1-PB2,1803,82,0,0,0,82,A
1-PB2,1804,0,0,0,85,85,C
1-PB2,1805,82,0,0,0,82,A
1-PB2,1806,83,0,0,0,83,A
1-PB2,1807,82,0,0,0,82,A
1-PB2,1808,0,83,0,0,83,T
1-PB2,1809,0,0,81,0,81,G
1-PB2,1810,83,0,0,0,83,A
1-PB2,1811,0,0,80,0,80,G
1-PB2,1812,82,0,0,0,82,A
1-PB2,1813,0,0,78,0,78,G
1-PB2,1814,80,0,0,0,80,A
1-PB2,1815,0,0,0,78,78,C
1-PB2,1816,0,0,80,0,80,G
1-PB2,1817,0,78,0,0,78,T
1-PB2,1818,77,0,0,0,77,A
1-PB2,1819,0,0,0,80,80,C
1-PB2,1820,0,79,0,0,79,T
1-PB2,1821,0,81,0,0,81,T
1-PB2,1822,0,0,79,0,79,G
1-PB2,1823,0,0,78,0,78,G
1-PB2,1824,0,0,77,0,77,G
1-PB2,1825,75,0,0,0,75,A
1-PB2,1826,0,0,0,77,77,C
1-PB2,1827,77,0,0,0,77,A
1-PB2,1828,0,74,0,0,74,T
1-PB2,1829,0,77,0,0,77,T
1-PB2,1830,0,75,0,0,75,T
1-PB2,1831,0,0,76,0,76,G
1-PB2,1832,78,0,0,0,78,A
1-PB2,1833,0,0,0,79,79,C
1-PB2,1834,76,0,0,0,76,A
1-PB2,1835,0,0,0,78,78,C
1-PB2,1836,0,0,0,77,77,C
1-PB2,1837,77,0,0,0,77,A
1-PB2,1838,0,0,0,78,78,C
1-PB2,1839,0,0,0,76,76,C
1-PB2,1840,0,0,0,77,77,C
1-PB2,1841,80,0,0,0,80,A
1-PB2,1842,0,0,79,0,79,G
1-PB2,1843,77,0,1,0,78,A
1-PB2,1844,0,82,0,0,82,T
1-PB2,1845,83,0,0,0,83,A
1-PB2,1846,82,0,0,0,82,A
1-PB2,1847,0,83,0,0,83,T
1-PB2,1848,82,0,0,0,82,A
1-PB2,1849,82,0,0,0,82,A
1-PB2,1850,83,0,0,0,83,A
1-PB2,1851,0,0,82,0,82,G
1-PB2,1852,0,0,0,80,80,C
1-PB2,1853,0,79,0,0,79,T
1-PB2,1854,0,77,0,0,77,T
1-PB2,1855,0,0,0,81,81,C
1-PB2,1856,0,80,0,0,80,T
1-PB2,1857,0,0,0,80,80,C
1-PB2,1858,0,0,0,80,80,C
1-PB2,1859,0,0,0,82,82,C
1-PB2,1860,0,1,0,81,82,C
1-PB2,1861,0,85,0,0,85,T
1-PB2,1862,0,85,0,0,85,T
1-PB2,1863,0,84,0,0,84,T
1-PB2,1864,0,0,85,0,85,G
1-PB2,1865,0,0,0,85,85,C
1-PB2,1866,83,0,0,0,83,A
1-PB2,1867,0,0,82,0,82,G
1-PB2,1868,0,0,0,82,82,C
1-PB2,1869,0,79,0,0,79,T
1-PB2,1870,0,0,82,0,82,G
1-PB2,1871,1,0,0,81,82,C
1-PB2,1872,0,80,0,0,80,T
1-PB2,1873,0,0,0,80,80,C
1-PB2,1874,0,0,0,83,83,C
1-PB2,1875,80,0,0,0,80,A
1-PB2,1876,0,0,0,84,84,C
1-PB2,1877,0,0,0,83,83,C
1-PB2,1878,83,0,0,0,83,A
1-PB2,1879,82,0,1,0,83,A
1-PB2,1880,83,0,0,0,83,A
1-PB2,1881,0,0,86,0,86,G
1-PB2,1882,0,0,0,87,87,C
1-PB2,1883,85,0,0,0,85,A
1-PB2,1884,85,0,0,0,85,A
1-PB2,1885,83,0,0,0,83,A
1-PB2,1886,0,0,85,0,85,G
1-PB2,1887,0,0,0,84,84,C
1-PB2,1888,83,0,0,0,83,A
1-PB2,1889,0,0,85,0,85,G
1-PB2,1890,84,0,0,0,84,A
1-PB2,1891,83,0,0,0,83,A
1-PB2,1892,0,81,0,0,81,T
1-PB2,1893,0,0,83,0,83,G
1-PB2,1894,0,0,0,83,83,C
1-PB2,1895,78,0,0,0,78,A
1-PB2,1896,0,0,79,0,79,G
1-PB2,1897,0,77,0,0,77,T
1-PB2,1898,0,81,0,0,81,T
1-PB2,1899,1,0,0,80,81,C
1-PB2,1900,0,81,0,0,81,T
1-PB2,1901,0,0,0,80,80,C
1-PB2,1902,0,79,0,0,79,T
1-PB2,1903,0,80,0,0,80,T
1-PB2,1904,0,0,0,80,80,C
1-PB2,1905,83,0,0,0,83,A
1-PB2,1906,0,0,0,83,83,C
1-PB2,1907,0,82,0,0,82,T
1-PB2,1908,0,0,86,0,86,G
1-PB2,1909,83,0,0,0,83,A
1-PB2,1910,0,0,0,87,87,C
1-PB2,1911,0,85,0,0,85,T
1-PB2,1912,0,0,84,0,84,G
1-PB2,1913,0,86,0,0,86,T
1-PB2,1914,0,0,85,0,85,G
1-PB2,1915,87,0,0,0,87,A
1-PB2,1916,87,0,0,0,87,A
1-PB2,1917,0,85,0,0,85,T
1-PB2,1918,0,0,85,0,85,G
1-PB2,1919,0,83,0,0,83,T
1-PB2,1920,82,0,0,0,82,A
1-PB2,1921,82,0,0,0,82,A
1-PB2,1922,0,0,83,0,83,G
1-PB2,1923,0,0,81,0,81,G
1-PB2,1924,0,0,80,0,80,G
1-PB2,1925,0,0,81,0,81,G
1-PB2,1926,84,0,0,0,84,A
1-PB2,1927,0,82,0,0,82,T
1-PB2,1928,0,0,0,84,84,C
1-PB2,1929,84,0,0,0,84,A
1-PB2,1930,0,0,85,0,85,G
1-PB2,1931,0,0,87,0,87,G
1-PB2,1932,0,0,84,0,84,G
1-PB2,1933,83,0,0,0,83,A
1-PB2,1934,0,84,0,0,84,T
1-PB2,1935,0,0,84,0,84,G
1-PB2,1936,85,0,0,0,85,A
1-PB2,1937,0,0,83,0,83,G
1-PB2,1938,83,0,0,0,83,A
1-PB2,1939,83,0,0,0,83,A
1-PB2,1940,0,84,0,0,84,T
1-PB2,1941,80,0,0,0,80,A
1-PB2,1942,0,0,0,84,84,C
1-PB2,1943,0,81,0,0,81,T
1-PB2,1944,0,82,0,0,82,T
1-PB2,1945,0,0,81,0,81,G
1-PB2,1946,0,79,0,0,79,T
1-PB2,1947,79,0,0,0,79,A
1-PB2,1948,77,0,0,0,77,A
1-PB2,1949,0,0,78,0,78,G
1-PB2,1950,0,0,77,0,77,G
1-PB2,1951,0,0,75,0,75,G
1-PB2,1952,0,0,75,0,75,G
1-PB2,1953,0,1,0,76,77,C
1-PB2,1954,79,0,0,0,79,A
1-PB2,1955,80,0,0,0,80,A
1-PB2,1956,0,80,0,0,80,T
1-PB2,1957,0,79,0,0,79,T
1-PB2,1958,0,0,0,82,82,C
1-PB2,1959,0,75,0,0,75,T
1-PB2,1960,0,0,0,78,78,C
1-PB2,1961,0,0,0,78,78,C
1-PB2,1962,0,76,0,0,76,T
1-PB2,1963,0,0,78,0,78,G
1-PB2,1964,0,75,0,0,75,T
1-PB2,1965,74,0,0,0,74,A
1-PB2,1966,0,75,0,0,75,T
1-PB2,1967,0,75,0,0,75,T
1-PB2,1968,0,0,0,76,76,C
1-PB2,1969,74,0,0,0,74,A
1-PB2,1970,75,0,0,0,75,A
1-PB2,1971,0,0,0,74,74,C
1-PB2,1972,0,73,0,0,73,T
1-PB2,1973,70,0,0,0,70,A
1-PB2,1974,0,0,0,74,74,C
1-PB2,1975,72,0,0,0,72,A
1-PB2,1976,72,0,0,0,72,A
1-PB2,1977,0,1,0,72,73,C
1-PB2,1978,71,0,0,0,71,A
1-PB2,1979,70,0,0,0,70,A
1-PB2,1980,0,0,71,0,71,G
1-PB2,1981,70,0,1,0,71,A
1-PB2,1982,0,0,0,72,72,C
1-PB2,1983,0,0,0,68,68,C
1-PB2,1984,67,0,0,0,67,A
1-PB2,1985,0,0,0,70,70,C
1-PB2,1986,0,69,0,0,69,T
1-PB2,1987,70,0,0,0,70,A
1-PB2,1988,68,0,0,0,68,A
1-PB2,1989,68,0,0,0,68,A
1-PB2,1990,69,0,0,0,69,A
1-PB2,1991,0,0,69,0,69,G
1-PB2,1992,69,0,0,0,69,A
1-PB2,1993,0,0,0,68,68,C
1-PB2,1994,0,64,0,2,66,T
1-PB2,1995,67,0,0,0,67,A
1-PB2,1996,66,0,0,0,66,A
1-PB2,1997,0,0,0,66,66,C
1-PB2,1998,66,0,0,0,66,A
1-PB2,1999,63,0,0,0,63,A
1-PB2,2000,0,65,0,0,65,T
1-PB2,2001,0,65,0,0,65,T
1-PB2,2002,0,0,0,68,68,C
1-PB2,2003,0,67,0,0,67,T
1-PB2,2004,0,0,0,67,67,C
1-PB2,2005,0,0,67,0,67,G
1-PB2,2006,0,0,67,0,67,G
1-PB2,2007,65,1,0,0,66,A
1-PB2,2008,65,0,0,0,65,A
1-PB2,2009,65,0,0,0,65,A
1-PB2,2010,65,0,0,0,65,A
1-PB2,2011,0,0,65,0,65,G
1-PB2,2012,66,0,0,0,66,A
1-PB2,2013,0,65,0,0,65,T
1-PB2,2014,0,0,65,0,65,G
1-PB2,2015,0,0,0,65,65,C
1-PB2,2016,0,0,0,66,66,C
1-PB2,2017,0,0,62,0,62,G
1-PB2,2018,0,0,63,0,63,G
1-PB2,2019,0,0,0,65,65,C
1-PB2,2020,63,0,0,0,63,A
1-PB2,2021,0,0,0,68,68,C
1-PB2,2022,0,66,1,0,67,T
1-PB2,2023,0,69,0,0,69,T
1-PB2,2024,0,69,0,0,69,T
1-PB2,2025,68,0,0,0,68,A
1-PB2,2026,69,0,0,0,69,A
1-PB2,2027,0,70,0,0,70,T
1-PB2,2028,0,70,0,0,70,T
1-PB2,2029,0,0,69,0,69,G
1-PB2,2030,67,0,0,0,67,A
1-PB2,2031,67,0,0,0,67,A
1-PB2,2032,0,0,66,0,66,G
1-PB2,2033,65,0,0,0,65,A
1-PB2,2034,0,0,0,68,68,C
1-PB2,2035,0,0,0,67,67,C
1-PB2,2036,0,0,0,67,67,C
1-PB2,2037,66,0,1,0,67,A
1-PB2,2038,0,0,68,0,68,G
1-PB2,2039,68,0,0,0,68,A
1-PB2,2040,0,70,0,0,70,T
1-PB2,2041,0,0,69,0,69,G
1-PB2,2042,69,0,0,0,69,A
1-PB2,2043,69,0,0,0,69,A
1-PB2,2044,70,0,0,0,70,A
1-PB2,2045,0,0,70,0,70,G
1-PB2,2046,0,0,0,70,70,C
1-PB2,2047,68,0,0,0,68,A
1-PB2,2048,0,0,0,68,68,C
1-PB2,2049,67,0,0,0,67,A
1-PB2,2050,0,68,0,0,68,T
1-PB2,2051,0,0,0,68,68,C
1-PB2,2052,0,0,0,68,68,C
1-PB2,2053,1,0,65,0,66,G
1-PB2,2054,0,1,64,0,65,G
1-PB2,2055,66,0,0,0,66,A
1-PB2,2056,0,0,66,0,66,G
1-PB2,2057,0,67,0,0,67,T
1-PB2,2058,0,0,65,0,65,G
1-PB2,2059,0,0,65,0,65,G
1-PB2,2060,65,0,0,0,65,A
1-PB2,2061,0,0,64,0,64,G
1-PB2,2062,0,65,0,0,65,T
1-PB2,2063,0,0,0,63,63,C
1-PB2,2064,0,62,0,0,62,T
1-PB2,2065,0,0,60,0,60,G
1-PB2,2066,0,0,0,61,61,C
1-PB2,2067,0,1,0,61,62,C
1-PB2,2068,0,0,62,0,62,G
1-PB2,2069,0,62,0,0,62,T
1-PB2,2070,0,0,0,62,62,C
1-PB2,2071,0,63,0,0,63,T
1-PB2,2072,0,63,0,0,63,T
1-PB2,2073,0,0,63,0,63,G
1-PB2,2074,63,0,0,0,63,A
1-PB2,2075,0,0,63,0,63,G
1-PB2,2076,62,0,0,0,62,A
1-PB2,2077,0,0,60,0,60,G
1-PB2,2078,0,1,59,0,60,G
1-PB2,2079,0,0,61,0,61,G
1-PB2,2080,0,61,0,0,61,T
1-PB2,2081,0,61,0,0,61,T
1-PB2,2082,0,61,0,0,61,T
1-PB2,2083,0,0,0,61,61,C
1-PB2,2084,0,61,0,0,61,T
1-PB2,2085,0,0,0,64,64,C
1-PB2,2086,64,0,0,0,64,A
1-PB2,2087,0,63,0,0,63,T
1-PB2,2088,0,62,0,0,62,T
1-PB2,2089,63,0,0,0,63,A
1-PB2,2090,0,63,0,0,63,T
1-PB2,2091,65,0,0,0,65,A
1-PB2,2092,0,0,65,0,65,G
1-PB2,2093,0,0,65,0,65,G
1-PB2,2094,0,61,0,0,61,T
1-PB2,2095,60,0,0,0,60,A
1-PB2,2096,59,0,0,0,59,A
1-PB2,2097,0,0,60,0,60,G
1-PB2,2098,0,0,60,0,60,G
1-PB2,2099,60,0,0,0,60,A
1-PB2,2100,60,0,0,0,60,A
1-PB2,2101,0,0,58,0,58,G
1-PB2,2102,54,0,0,0,54,A
1-PB2,2103,0,0,0,53,53,C
1-PB2,2104,51,0,0,0,51,A
1-PB2,2105,0,0,51,0,51,G
1-PB2,2106,50,0,0,0,50,A
1-PB2,2107,49,0,0,0,49,A
1-PB2,2108,0,0,49,0,49,G
1-PB2,2109,0,0,47,0,47,G
1-PB2,2110,0,50,0,0,50,T
1-PB2,2111,51,0,0,0,51,A
1-PB2,2112,0,0,0,50,50,C
1-PB2,2113,0,0,52,0,52,G
1-PB2,2114,0,0,52,0,52,G
1-PB2,2115,52,0,0,0,52,A
1-PB2,2116,0,0,0,50,50,C
1-PB2,2117,0,0,0,50,50,C
1-PB2,2118,47,0,0,0,47,A
1-PB2,2119,0,0,49,0,49,G
1-PB2,2120,0,0,0,49,49,C
1-PB2,2121,50,0,0,0,50,A
1-PB2,2122,0,49,0,0,49,T
1-PB2,2123,0,49,0,0,49,T
1-PB2,2124,50,0,0,0,50,A
1-PB2,2125,50,0,0,0,50,A
1-PB2,2126,0,0,50,0,50,G
1-PB2,2127,0,0,0,50,50,C
1-PB2,2128,46,0,0,0,46,A
1-PB2,2129,0,46,0,0,46,T
1-PB2,2130,0,0,0,46,46,C
1-PB2,2131,47,0,0,0,47,A
1-PB2,2132,47,0,0,0,47,A
1-PB2,2133,0,45,0,0,45,T
1-PB2,2134,0,0,46,0,46,G
1-PB2,2135,45,0,0,0,45,A
1-PB2,2136,45,0,0,0,45,A
1-PB2,2137,0,0,0,44,44,C
1-PB2,2138,0,41,0,0,41,T
1-PB2,2139,0,0,44,0,44,G
1-PB2,2140,44,0,0,0,44,A
1-PB2,2141,0,0,43,0,43,G
1-PB2,2142,0,42,0,0,42,T
1-PB2,2143,42,0,0,0,42,A
1-PB2,2144,43,0,0,0,43,A
1-PB2,2145,0,0,0,42,42,C
1-PB2,2146,0,0,0,41,41,C
1-PB2,2147,0,40,0,0,40,T
1-PB2,2148,0,40,0,0,40,T
1-PB2,2149,0,0,40,0,40,G
1-PB2,2150,0,0,0,40,40,C
1-PB2,2151,41,0,0,0,41,A
1-PB2,2152,41,0,0,0,41,A
1-PB2,2153,41,0,0,0,41,A
1-PB2,2154,40,0,0,0,40,A
1-PB2,2155,0,0,40,0,40,G
1-PB2,2156,0,0,40,0,40,G
1-PB2,2157,0,0,40,0,40,G
1-PB2,2158,0,0,40,0,40,G
1-PB2,2159,40,0,0,0,40,A
1-PB2,2160,40,0,0,0,40,A
1-PB2,2161,40,0,0,0,40,A
1-PB2,2162,40,0,0,0,40,A
1-PB2,2163,2,0,38,0,40,G
1-PB2,2164,0,0,39,0,39,G
1-PB2,2165,0,0,0,39,39,C
1-PB2,2166,0,37,0,0,37,T
1-PB2,2167,38,0,0,0,38,A
1-PB2,2168,37,1,0,0,38,A
1-PB2,2169,0,37,0,0,37,T
1-PB2,2170,0,0,40,0,40,G
1-PB2,2171,0,39,0,0,39,T
1-PB2,2172,0,0,40,0,40,G
1-PB2,2173,0,0,0,39,39,C
1-PB2,2174,0,39,0,0,39,T
1-PB2,2175,40,0,0,0,40,A
1-PB2,2176,40,0,0,0,40,A
1-PB2,2177,0,39,0,0,39,T
1-PB2,2178,1,0,0,38,39,C
1-PB2,2179,0,0,37,0,37,G
1-PB2,2180,0,0,37,0,37,G
1-PB2,2181,0,0,37,0,37,G
1-PB2,2182,0,0,0,36,36,C
1-PB2,2183,38,0,0,0,38,A
1-PB2,2184,37,0,0,0,37,A
1-PB2,2185,0,0,37,0,37,G
1-PB2,2186,0,0,37,0,37,G
1-PB2,2187,37,0,0,0,37,A
1-PB2,2188,0,0,37,0,37,G
1-PB2,2189,35,0,0,0,35,A
1-PB2,2190,0,0,0,35,35,C
1-PB2,2191,0,0,35,0,35,G
1-PB2,2192,0,35,0,0,35,T
1-PB2,2193,0,1,33,0,34,G
1-PB2,2194,0,0,34,0,34,G
1-PB2,2195,0,33,0,0,33,T
1-PB2,2196,0,0,33,0,33,G
1-PB2,2197,0,33,0,0,33,T
1-PB2,2198,0,33,0,0,33,T
1-PB2,2199,0,0,33,0,33,G
1-PB2,2200,0,0,32,0,32,G
1-PB2,2201,0,31,0,0,31,T
1-PB2,2202,29,0,0,0,29,A
1-PB2,2203,29,0,0,0,29,A
1-PB2,2204,0,29,0,0,29,T
1-PB2,2205,0,0,29,0,29,G
1-PB2,2206,29,0,0,0,29,A
1-PB2,2207,29,0,0,0,29,A
1-PB2,2208,29,0,0,0,29,A
1-PB2,2209,0,0,0,29,29,C
1-PB2,2210,0,0,29,0,29,G
1-PB2,2211,29,0,0,0,29,A
1-PB2,2212,29,0,0,0,29,A
1-PB2,2213,29,0,0,0,29,A
1-PB2,2214,29,0,0,0,29,A
1-PB2,2215,0,0,0,30,30,C
1-PB2,2216,0,0,30,0,30,G
1-PB2,2217,0,0,29,0,29,G
1-PB2,2218,0,0,29,0,29,G
1-PB2,2219,28,0,0,0,28,A
1-PB2,2220,0,0,0,28,28,C
1-PB2,2221,0,28,0,0,28,T
1-PB2,2222,0,0,0,29,29,C
1-PB2,2223,0,29,0,0,29,T
1-PB2,2224,29,0,0,0,29,A
1-PB2,2225,0,0,29,0,29,G
1-PB2,2226,0,0,0,28,28,C
1-PB2,2227,29,0,0,0,29,A
1-PB2,2228,0,29,0,0,29,T
1-PB2,2229,26,0,0,0,26,A
1-PB2,2230,0,0,0,27,27,C
1-PB2,2231,0,25,0,0,25,T
1-PB2,2232,0,25,0,0,25,T
1-PB2,2233,25,0,0,0,25,A
1-PB2,2234,0,0,0,25,25,C
1-PB2,2235,0,25,0,0,25,T
1-PB2,2236,0,0,25,0,25,G
1-PB2,2237,24,0,0,0,24,A
1-PB2,2238,0,0,0,26,26,C
1-PB2,2239,23,0,0,0,23,A
1-PB2,2240,0,0,23,0,23,G
1-PB2,2241,0,0,0,23,23,C
1-PB2,2242,0,0,0,23,23,C
1-PB2,2243,23,0,0,0,23,A
1-PB2,2244,0,0,23,0,23,G
1-PB2,2245,22,0,0,0,22,A
1-PB2,2246,0,0,0,23,23,C
1-PB2,2247,22,0,0,0,22,A
1-PB2,2248,0,0,23,0,23,G
1-PB2,2249,0,0,0,21,21,C
1-PB2,2250,0,0,22,0,22,G
1-PB2,2251,21,0,0,0,21,A
1-PB2,2252,0,0,0,22,22,C
1-PB2,2253,0,0,0,22,22,C
1-PB2,2254,22,0,0,0,22,A
1-PB2,2255,22,0,0,0,22,A
1-PB2,2256,22,0,0,0,22,A
1-PB2,2257,22,0,0,0,22,A
1-PB2,2258,0,0,22,0,22,G
1-PB2,2259,22,0,0,0,22,A
1-PB2,2260,22,0,0,0,22,A
1-PB2,2261,0,22,0,0,22,T
1-PB2,2262,0,22,0,0,22,T
1-PB2,2263,0,0,0,22,22,C
1-PB2,2264,0,0,22,0,22,G
1-PB2,2265,0,0,20,0,20,G
1-PB2,2266,22,0,0,0,22,A
1-PB2,2267,0,22,0,0,22,T
1-PB2,2268,0,0,21,0,21,G
1-PB2,2269,0,0,22,0,22,G
1-PB2,2270,0,0,0,22,22,C
1-PB2,2271,0,0,0,22,22,C
1-PB2,2272,21,0,0,0,21,A
1-PB2,2273,0,22,0,0,22,T
1-PB2,2274,0,0,0,21,21,C
1-PB2,2275,21,0,0,0,21,A
1-PB2,2276,22,0,0,0,22,A
1-PB2,2277,0,22,0,0,22,T
1-PB2,2278,0,21,0,0,21,T
1-PB2,2279,21,0,0,0,21,A
1-PB2,2280,20,0,0,0,20,A
2-PB1,1,233,0,0,0,233,A
2-PB1,2,0,233,0,0,233,T
2-PB1,3,0,0,237,0,237,G
2-PB1,4,0,0,251,0,251,G
2-PB1,5,299,0,0,0,299,A
2-PB1,6,0,329,0,0,329,T
2-PB1,7,0,0,327,0,327,G
2-PB1,8,0,328,0,1,329,T
2-PB1,9,1,0,0,356,357,C
2-PB1,10,357,0,0,0,357,A
2-PB1,11,367,0,0,0,367,A
2-PB1,12,0,369,0,0,369,T
2-PB1,13,1,0,0,373,374,C
2-PB1,14,0,0,0,402,402,C
2-PB1,15,0,0,412,0,412,G
2-PB1,16,454,0,0,0,454,A
2-PB1,17,0,0,0,460,460,C
2-PB1,18,0,461,0,0,461,T
2-PB1,19,1,0,0,524,525,C
2-PB1,20,0,520,0,0,520,T
2-PB1,21,529,0,0,0,529,A
2-PB1,22,0,0,0,529,529,C
2-PB1,23,0,529,0,0,529,T
2-PB1,24,0,0,592,0,592,G
2-PB1,25,0,595,0,0,595,T
2-PB1,26,0,595,0,1,596,T
2-PB1,27,0,0,0,594,594,C
2-PB1,28,0,0,0,592,592,C
2-PB1,29,0,691,0,0,691,T
2-PB1,30,701,0,0,0,701,A
2-PB1,31,699,0,0,0,699,A
2-PB1,32,699,0,1,0,700,A
2-PB1,33,0,1,705,0,706,G
2-PB1,34,0,0,705,0,705,G
2-PB1,35,0,704,0,2,706,T
2-PB1,36,0,712,0,0,712,T
2-PB1,37,1,0,0,715,716,C
2-PB1,38,0,0,0,716,716,C
2-PB1,39,722,0,1,0,723,A
2-PB1,40,0,0,726,0,726,G
2-PB1,41,0,1,0,726,727,C
2-PB1,42,0,0,733,0,733,G
2-PB1,43,0,1,0,734,735,C
2-PB1,44,738,0,1,0,739,A
2-PB1,45,740,0,0,0,740,A
2-PB1,46,741,0,0,0,741,A
2-PB1,47,747,0,2,0,749,A
2-PB1,48,0,752,0,0,752,T
2-PB1,49,0,0,787,0,787,G
2-PB1,50,0,0,0,797,797,C
2-PB1,51,0,0,0,806,806,C
2-PB1,52,805,0,0,0,805,A
2-PB1,53,0,810,0,0,810,T
2-PB1,54,871,0,0,0,871,A
2-PB1,55,875,0,0,0,875,A
2-PB1,56,0,0,914,0,914,G
2-PB1,57,0,1,0,914,915,C
2-PB1,58,913,0,0,0,913,A
2-PB1,59,0,0,0,948,948,C
2-PB1,60,948,0,0,0,948,A
2-PB1,61,1009,0,1,0,1010,A
2-PB1,62,0,0,0,1012,1012,C
2-PB1,63,1010,0,0,0,1010,A
2-PB1,64,0,1017,0,0,1017,T
2-PB1,65,0,1009,0,0,1009,T
2-PB1,66,1,0,0,1225,1226,C
2-PB1,67,3,0,0,1224,1227,C
2-PB1,68,0,0,0,1238,1238,C
2-PB1,69,0,1248,0,1,1249,T
2-PB1,70,0,1245,0,0,1245,T
2-PB1,71,1357,0,0,0,1357,A
2-PB1,72,0,1367,0,0,1367,T
2-PB1,73,1366,0,0,0,1366,A
2-PB1,74,0,0,0,1380,1380,C
2-PB1,75,0,1349,0,1,1350,T
2-PB1,76,0,1,1363,0,1364,G
2-PB1,77,0,1,1354,1,1356,G
2-PB1,78,1357,0,1,0,1358,A
2-PB1,79,0,1,1361,0,1362,G
2-PB1,80,1349,0,0,0,1349,A
2-PB1,81,0,1357,0,0,1357,T
2-PB1,82,1,0,0,1447,1448,C
2-PB1,83,1,1,0,1456,1458,C
2-PB1,84,0,1474,0,1,1475,T
2-PB1,85,0,1,0,1588,1589,C
2-PB1,86,1,0,0,1594,1595,C
2-PB1,87,1609,1,1,0,1611,A
2-PB1,88,0,1613,0,0,1613,T
2-PB1,89,1610,0,0,0,1610,A
2-PB1,90,0,0,0,1617,1617,C
2-PB1,91,1592,0,1,0,1593,A
2-PB1,92,0,0,1695,0,1695,G
2-PB1,93,1,2,0,1721,1724,C
2-PB1,94,1,0,0,1706,1707,C
2-PB1,95,1710,0,0,0,1710,A
2-PB1,96,0,1712,0,0,1712,T
2-PB1,97,0,0,1711,0,1711,G
2-PB1,98,0,1,1797,0,1798,G
2-PB1,99,1808,0,0,0,1808,A
2-PB1,100,1821,0,1,0,1822,A
2-PB1,101,0,1,0,1825,1826,C
2-PB1,102,1803,0,2,0,1805,A
2-PB1,103,0,0,1844,0,1844,G
2-PB1,104,0,2,1870,0,1872,G
2-PB1,105,1866,0,3,0,1869,A
2-PB1,106,1888,0,2,0,1890,A
2-PB1,107,0,0,0,1906,1906,C
2-PB1,108,1902,0,1,0,1903,A
2-PB1,109,0,0,2132,0,2132,G
2-PB1,110,1,1,2123,1,2126,G
2-PB1,111,0,1,2171,0,2172,G
2-PB1,112,0,2153,0,1,2154,T
2-PB1,113,2158,0,1,0,2159,A
2-PB1,114,1,4,0,2174,2179,C
2-PB1,115,2267,0,2,0,2269,A
2-PB1,116,0,0,0,2366,2366,C
2-PB1,117,0,2,0,2343,2345,C
2-PB1,118,2287,0,1,0,2288,A
2-PB1,119,0,2276,0,0,2276,T
2-PB1,120,0,3,2281,0,2284,G
2-PB1,121,2,5,2277,0,2284,G
2-PB1,122,2280,0,1,1,2282,A
2-PB1,123,0,0,0,2295,2295,C
2-PB1,124,2242,0,0,0,2242,A
2-PB1,125,0,1,0,2301,2302,C
2-PB1,126,2304,0,0,0,2304,A
2-PB1,127,1,0,2342,0,2343,G
2-PB1,128,0,2344,0,1,2345,T
2-PB1,129,5,1,0,2390,2396,C
2-PB1,130,2385,2,2,0,2389,A
2-PB1,131,2422,0,1,0,2423,A
2-PB1,132,0,0,0,2419,2419,C
2-PB1,133,2409,0,0,3,2412,A
2-PB1,134,0,5,2425,0,2430,G
2-PB1,135,2404,0,1,0,2405,A
2-PB1,136,2393,0,0,0,2393,A
2-PB1,137,0,0,0,2404,2404,C
2-PB1,138,2350,1,0,0,2351,A
2-PB1,139,0,0,0,2365,2365,C
2-PB1,140,2355,0,0,0,2355,A
2-PB1,141,0,2333,0,0,2333,T
2-PB1,142,3,0,0,2496,2499,C
2-PB1,143,2507,0,0,0,2507,A
2-PB1,144,2534,0,0,0,2534,A
2-PB1,145,0,2577,0,0,2577,T
2-PB1,146,2644,0,0,0,2644,A
2-PB1,147,1,2637,0,0,2638,T
2-PB1,148,0,2598,0,0,2598,T
2-PB1,149,1,0,0,2599,2600,C
2-PB1,150,2567,0,2,0,2569,A
2-PB1,151,1,1,2567,0,2569,G
2-PB1,152,2545,0,1,0,2546,A
2-PB1,153,0,0,2550,0,2550,G
2-PB1,154,2498,0,3,0,2501,A
2-PB1,155,1,4,2470,0,2475,G
2-PB1,156,0,2,2460,0,2462,G
2-PB1,157,0,2,2537,0,2539,G
2-PB1,158,0,1,2540,0,2541,G
2-PB1,159,3,1,2538,0,2542,G
2-PB1,160,2546,1,2,0,2549,A
2-PB1,161,2552,0,1,0,2553,A
2-PB1,162,0,0,2582,0,2582,G
2-PB1,163,0,2523,0,0,2523,T
2-PB1,164,0,4,2539,0,2543,G
2-PB1,165,0,2,2529,0,2531,G
2-PB1,166,2541,0,3,0,2544,A
2-PB1,167,0,1,0,2559,2560,C
2-PB1,168,0,4,2554,0,2558,G
2-PB1,169,2552,1,7,0,2560,A
2-PB1,170,0,0,0,2602,2602,C
2-PB1,171,2594,0,0,0,2594,A
2-PB1,172,2590,1,0,0,2591,A
2-PB1,173,2592,0,1,0,2593,A
2-PB1,174,0,2633,0,0,2633,T
2-PB1,175,2637,0,1,0,2638,A
2-PB1,176,2,0,0,2636,2638,C
2-PB1,177,2617,0,1,1,2619,A
2-PB1,178,0,0,2625,0,2625,G
2-PB1,179,2610,0,0,0,2610,A
2-PB1,180,2630,0,0,0,2630,A
2-PB1,181,2631,0,0,0,2631,A
2-PB1,182,0,0,0,2635,2635,C
2-PB1,183,0,2591,0,1,2592,T
2-PB1,184,0,1,2585,0,2586,G
2-PB1,185,3,3,2557,0,2563,G
2-PB1,186,0,4,2537,0,2541,G
2-PB1,187,0,0,2555,0,2555,G
2-PB1,188,0,0,0,2573,2573,C
2-PB1,189,2575,0,1,0,2576,A
2-PB1,190,1,0,0,2658,2659,C
2-PB1,191,2,0,0,2651,2653,C
2-PB1,192,3,1,0,2665,2669,C
2-PB1,193,5,1,3,2675,2684,C
2-PB1,194,2680,0,1,0,2681,A
2-PB1,195,2701,0,0,0,2701,A
2-PB1,196,0,0,0,2706,2706,C
2-PB1,197,0,2698,0,1,2699,T
2-PB1,198,6,0,0,2711,2717,C
2-PB1,199,2629,0,0,0,2629,A
2-PB1,200,2673,0,2,0,2675,A
2-PB1,201,0,0,0,2693,2693,C
2-PB1,202,3,1,0,2685,2689,C
2-PB1,203,2,0,0,2689,2691,C
2-PB1,204,2684,1,0,0,2685,A
2-PB1,205,2683,0,1,0,2684,A
2-PB1,206,0,2703,0,1,2704,T
2-PB1,207,0,2699,0,0,2699,T
2-PB1,208,0,2,2699,1,2702,G
2-PB1,209,2681,0,0,0,2681,A
2-PB1,210,0,2674,0,0,2674,T
2-PB1,211,0,2,2680,0,2682,G
2-PB1,212,0,7,2696,0,2703,G
2-PB1,213,2738,1,3,0,2742,A
2-PB1,214,0,0,0,2760,2760,C
2-PB1,215,4,0,0,2759,2763,C
2-PB1,216,2744,0,5,0,2749,A
2-PB1,217,1,0,0,2825,2826,C
2-PB1,218,0,2824,0,1,2825,T
2-PB1,219,2858,0,0,0,2858,A
2-PB1,220,0,0,0,2891,2891,C
2-PB1,221,1,0,0,2875,2876,C
2-PB1,222,0,2826,1,0,2827,T
2-PB1,223,0,1,2834,0,2835,G
2-PB1,224,2815,0,3,0,2818,A
2-PB1,225,0,1,2850,0,2851,G
2-PB1,226,0,3,2820,0,2823,G
2-PB1,227,2809,1,0,0,2810,A
2-PB1,228,0,2797,0,0,2797,T
2-PB1,229,2760,0,1,0,2761,A
2-PB1,230,2757,0,0,0,2757,A
2-PB1,231,0,2760,0,0,2760,T
2-PB1,232,0,6,2751,0,2757,G
2-PB1,233,2743,0,2,0,2745,A
2-PB1,234,2712,0,1,0,2713,A
2-PB1,235,1,0,0,2736,2737,C
2-PB1,236,3,0,0,2680,2683,C
2-PB1,237,2710,1,1,1,2713,A
2-PB1,238,2697,0,2,0,2699,A
2-PB1,239,0,0,2720,0,2720,G
2-PB1,240,0,2683,0,1,2684,T
2-PB1,241,1,3,2693,0,2697,G
2-PB1,242,0,1,2733,0,2734,G
2-PB1,243,2739,0,0,0,2739,A
2-PB1,244,0,2719,0,2,2721,T
2-PB1,245,2752,0,0,0,2752,A
2-PB1,246,0,2794,0,1,2795,T
2-PB1,247,0,0,2798,1,2799,G
2-PB1,248,0,1,0,2808,2809,C
2-PB1,249,2804,0,1,0,2805,A
2-PB1,250,1,1,0,2879,2881,C
2-PB1,251,2826,0,0,0,2826,A
2-PB1,252,2891,0,1,0,2892,A
2-PB1,253,2872,0,0,0,2872,A
2-PB1,254,0,0,0,2883,2883,C
2-PB1,255,2824,0,0,0,2824,A
2-PB1,256,1,6,2851,0,2858,G
2-PB1,257,2841,0,0,0,2841,A
2-PB1,258,4,0,0,2850,2854,C
2-PB1,259,0,2767,0,0,2767,T
2-PB1,260,1,1,2824,0,2826,G
2-PB1,261,0,2761,0,2,2763,T
2-PB1,262,0,0,2870,4,2874,G
2-PB1,263,1,2864,0,1,2866,T
2-PB1,264,5,1,0,2877,2883,C
2-PB1,265,3,0,0,2875,2878,C
2-PB1,266,0,2861,0,2,2863,T
2-PB1,267,0,0,2862,0,2862,G
2-PB1,268,0,1,2856,0,2857,G
2-PB1,269,2812,0,1,0,2813,A
2-PB1,270,0,0,2866,0,2866,G
2-PB1,271,0,1,2755,0,2756,G
2-PB1,272,1,0,0,2762,2763,C
2-PB1,273,0,2752,0,1,2753,T
2-PB1,274,2756,0,3,0,2759,A
2-PB1,275,0,2746,0,0,2746,T
2-PB1,276,1,1,2752,0,2754,G
2-PB1,277,0,1,2714,0,2715,G
2-PB1,278,0,1,0,2732,2733,C
2-PB1,279,4,0,0,2700,2704,C
2-PB1,280,0,2676,0,2,2678,T
2-PB1,281,0,2810,0,2,2812,T
2-PB1,282,2,1,0,2820,2823,C
2-PB1,283,1,0,0,2831,2832,C
2-PB1,284,1,2837,0,0,2838,T
2-PB1,285,1,2826,0,3,2830,T
2-PB1,286,1,2,2848,0,2851,G
2-PB1,287,2837,0,1,0,2838,A
2-PB1,288,2835,0,0,0,2835,A
2-PB1,289,0,0,2840,0,2840,G
2-PB1,290,2703,0,1,0,2704,A
2-PB1,291,2731,1,1,0,2733,A
2-PB1,292,0,2706,0,0,2706,T
2-PB1,293,1,0,0,2724,2725,C
2-PB1,294,1,1,0,2711,2713,C
2-PB1,295,4,0,0,2705,2709,C
2-PB1,296,2685,0,3,0,2688,A
2-PB1,297,0,1,0,2726,2727,C
2-PB1,298,0,0,0,2722,2722,C
2-PB1,299,3,0,0,2740,2743,C
2-PB1,300,2708,0,0,0,2708,A
2-PB1,301,0,2,2721,0,2723,G
2-PB1,302,0,0,2730,0,2730,G
2-PB1,303,0,2691,0,0,2691,T
2-PB1,304,2751,0,2,0,2753,A
2-PB1,305,0,2744,0,0,2744,T
2-PB1,306,1,0,0,2758,2759,C
2-PB1,307,0,2761,0,3,2764,T
2-PB1,308,1,2757,0,1,2759,T
2-PB1,309,0,2758,0,1,2759,T
2-PB1,310,0,5,2755,0,2760,G
2-PB1,311,2731,0,4,0,2735,A
2-PB1,312,1,4,2737,0,2742,G
2-PB1,313,2697,0,2,19,2718,A
2-PB1,314,2724,0,0,0,2724,A
2-PB1,315,0,0,0,2742,2742,C
2-PB1,316,0,2717,0,3,2720,T
2-PB1,317,3,0,0,2723,2726,C
2-PB1,318,2713,1,0,0,2714,A
2-PB1,319,0,2719,0,0,2719,T
2-PB1,320,1,0,2733,0,2734,G
2-PB1,321,0,2,0,2787,2789,C
2-PB1,322,5,2,0,2785,2792,C
2-PB1,323,0,2779,0,1,2780,T
2-PB1,324,0,2753,0,0,2753,T
2-PB1,325,0,4,2770,0,2774,G
2-PB1,326,2766,1,1,1,2769,A
2-PB1,327,2764,0,0,0,2764,A
2-PB1,328,2765,1,2,0,2768,A
2-PB1,329,0,1,0,2804,2805,C
2-PB1,330,2754,0,0,0,2754,A
2-PB1,331,2764,0,3,0,2767,A
2-PB1,332,1,2763,0,0,2764,T
2-PB1,333,0,0,2765,0,2765,G
2-PB1,334,0,1,2759,0,2760,G
2-PB1,335,2717,0,0,0,2717,A
2-PB1,336,2724,0,0,0,2724,A
2-PB1,337,0,0,2714,0,2714,G
2-PB1,338,1,1,1,2695,2698,C
2-PB1,339,3,0,0,2691,2694,C
2-PB1,340,9,0,2703,0,2712,G
2-PB1,341,5,2681,1,5,2692,T
2-PB1,342,1,2711,0,1,2713,T
2-PB1,343,9,1,0,2719,2729,C
2-PB1,344,2725,0,2,0,2727,A
2-PB1,345,2755,1,5,0,2761,A
2-PB1,346,0,0,0,2775,2775,C
2-PB1,347,2775,0,1,0,2776,A
2-PB1,348,0,2,2790,0,2792,G
2-PB1,349,2750,0,2,0,2752,A
2-PB1,350,0,0,0,2761,2761,C
2-PB1,351,2750,0,2,0,2752,A
2-PB1,352,2765,0,2,0,2767,A
2-PB1,353,2,6,2784,0,2792,G
2-PB1,354,0,2,2768,0,2770,G
2-PB1,355,0,1,2774,0,2775,G
2-PB1,356,1,2665,1,2,2669,T
2-PB1,357,2,3,2712,0,2717,G
2-PB1,358,0,2,2722,0,2724,G
2-PB1,359,2727,0,4,0,2731,A
2-PB1,360,0,0,0,2742,2742,C
2-PB1,361,2704,0,1,0,2705,A
2-PB1,362,2739,0,1,0,2740,A
2-PB1,363,2748,0,1,0,2749,A
2-PB1,364,0,1,0,2728,2729,C
2-PB1,365,0,2727,0,2,2729,T
2-PB1,366,2727,0,0,0,2727,A
2-PB1,367,2710,0,2,0,2712,A
2-PB1,368,0,0,0,2744,2744,C
2-PB1,369,0,0,0,2728,2728,C
2-PB1,370,1,0,0,2747,2748,C
2-PB1,371,2681,0,1,0,2682,A
2-PB1,372,2674,0,2,0,2676,A
2-PB1,373,0,0,2675,0,2675,G
2-PB1,374,0,0,2676,0,2676,G
2-PB1,375,0,2622,0,5,2627,T
2-PB1,376,9,2,0,2649,2660,C
2-PB1,377,1,0,2648,0,2649,G
2-PB1,378,2,2,0,2642,2646,C
2-PB1,379,4,1,0,2664,2669,C
2-PB1,380,2670,0,2,0,2672,A
2-PB1,381,0,1,2721,1,2723,G
2-PB1,382,2740,0,2,0,2742,A
2-PB1,383,0,0,0,2761,2761,C
2-PB1,384,0,2742,0,1,2743,T
2-PB1,385,0,2736,0,1,2737,T
2-PB1,386,2737,0,4,0,2741,A
2-PB1,387,0,2750,0,0,2750,T
2-PB1,388,0,6,2752,0,2758,G
2-PB1,389,2734,0,0,0,2734,A
2-PB1,390,0,2689,0,0,2689,T
2-PB1,391,0,2612,0,1,2613,T
2-PB1,392,1,5,2604,0,2610,G
2-PB1,393,0,3,2578,2,2583,G
2-PB1,394,2620,0,2,0,2622,A
2-PB1,395,1,0,0,2640,2641,C
2-PB1,396,2610,0,0,0,2610,A
2-PB1,397,0,2595,0,0,2595,T
2-PB1,398,0,2628,0,0,2628,T
2-PB1,399,2626,0,0,0,2626,A
2-PB1,400,2623,0,0,0,2623,A
2-PB1,401,2630,1,1,0,2632,A
2-PB1,402,0,1,0,2629,2630,C
2-PB1,403,2577,0,0,0,2577,A
2-PB1,404,0,2,2585,0,2587,G
2-PB1,405,2583,1,0,0,2584,A
2-PB1,406,2582,0,0,0,2582,A
2-PB1,407,2579,0,0,0,2579,A
2-PB1,408,0,2529,1,0,2530,T
2-PB1,409,6,0,0,2555,2561,C
2-PB1,410,2564,0,2,0,2566,A
2-PB1,411,2562,1,1,1,2565,A
2-PB1,412,1,1,0,2560,2562,C
2-PB1,413,0,1,0,2556,2557,C
2-PB1,414,0,1,2542,0,2543,G
2-PB1,415,1,0,2528,0,2529,G
2-PB1,416,1,0,0,2558,2559,C
2-PB1,417,2564,0,0,0,2564,A
2-PB1,418,0,1,2557,1,2559,G
2-PB1,419,1,2,0,2559,2562,C
2-PB1,420,2570,0,0,0,2570,A
2-PB1,421,2577,0,1,0,2578,A
2-PB1,422,2,0,0,2582,2584,C
2-PB1,423,0,2570,0,1,2571,T
2-PB1,424,1,2,2659,0,2662,G
2-PB1,425,0,0,0,2662,2662,C
2-PB1,426,2649,3,1,1,2654,A
2-PB1,427,0,2664,0,1,2665,T
2-PB1,428,0,2611,1,0,2612,T
2-PB1,429,2745,2,0,1,2748,A
2-PB1,430,0,0,2736,0,2736,G
2-PB1,431,2,1,1,2714,2718,C
2-PB1,432,0,0,0,2733,2733,C
2-PB1,433,2607,0,0,0,2607,A
2-PB1,434,2621,0,0,0,2621,A
2-PB1,435,0,0,0,2653,2653,C
2-PB1,436,2644,1,0,0,2645,A
2-PB1,437,0,0,0,2728,2728,C
2-PB1,438,4,0,0,2566,2570,C
2-PB1,439,2558,0,0,0,2558,A
2-PB1,440,0,2559,0,0,2559,T
2-PB1,441,2570,0,0,0,2570,A
2-PB1,442,0,0,2559,0,2559,G
2-PB1,443,2549,0,0,0,2549,A
2-PB1,444,2522,0,1,0,2523,A
2-PB1,445,0,0,2539,0,2539,G
2-PB1,446,0,2452,0,0,2452,T
2-PB1,447,0,2452,0,1,2453,T
2-PB1,448,0,2471,0,0,2471,T
2-PB1,449,0,2477,0,0,2477,T
2-PB1,450,0,2484,0,0,2484,T
2-PB1,451,2479,0,1,0,2480,A
2-PB1,452,1,1,2469,0,2471,G
2-PB1,453,2460,0,0,0,2460,A
2-PB1,454,2,2444,0,1,2447,T
2-PB1,455,2,0,0,2421,2423,C
2-PB1,456,0,6,2426,0,2432,G
2-PB1,457,2420,0,0,0,2420,A
2-PB1,458,2419,0,1,0,2420,A
2-PB1,459,2,0,0,2446,2448,C
2-PB1,460,1,2,2442,0,2445,G
2-PB1,461,0,0,2534,0,2534,G
2-PB1,462,2534,0,1,1,2536,A
2-PB1,463,0,2535,0,0,2535,T
2-PB1,464,1,2547,0,0,2548,T
2-PB1,465,2529,1,4,0,2534,A
2-PB1,466,2534,0,2,0,2536,A
2-PB1,467,0,0,0,2542,2542,C
2-PB1,468,2521,1,1,0,2523,A
2-PB1,469,0,0,2539,0,2539,G
2-PB1,470,1,6,0,2432,2439,C
2-PB1,471,0,2426,0,0,2426,T
2-PB1,472,2439,0,0,0,2439,A
2-PB1,473,2435,0,0,0,2435,A
2-PB1,474,0,2436,1,0,2437,T
2-PB1,475,0,4,2459,0,2463,G
2-PB1,476,2462,0,0,0,2462,A
2-PB1,477,2450,0,1,0,2451,A
2-PB1,478,1,2400,0,0,2401,T
2-PB1,479,8,0,0,2430,2438,C
2-PB1,480,2425,0,3,0,2428,A
2-PB1,481,0,5,2415,0,2420,G
2-PB1,482,0,1,2416,0,2417,G
2-PB1,483,2418,0,3,0,2421,A
2-PB1,484,2399,0,2,0,2401,A
2-PB1,485,0,1,2474,0,2475,G
2-PB1,486,0,0,2466,0,2466,G
2-PB1,487,0,1,0,2464,2465,C
2-PB1,488,0,2486,0,2,2488,T
2-PB1,489,2488,1,0,0,2489,A
2-PB1,490,2486,0,0,0,2486,A
2-PB1,491,0,2495,0,0,2495,T
2-PB1,492,2489,0,2,0,2491,A
2-PB1,493,0,2,2496,0,2498,G
2-PB1,494,2366,0,0,0,2366,A
2-PB1,495,0,2341,0,1,2342,T
2-PB1,496,0,2321,0,2,2323,T
2-PB1,497,0,2307,0,0,2307,T
2-PB1,498,1,0,0,2369,2370,C
2-PB1,499,3,1,0,2370,2374,C
2-PB1,500,1,2361,0,0,2362,T
2-PB1,501,1,0,0,2400,2401,C
2-PB1,502,2386,1,0,0,2387,A
2-PB1,503,2380,0,0,0,2380,A
2-PB1,504,0,1,2397,0,2398,G
2-PB1,505,0,1,2413,0,2414,G
2-PB1,506,2407,0,0,0,2407,A
2-PB1,507,1,2334,0,0,2335,T
2-PB1,508,0,0,2367,0,2367,G
2-PB1,509,0,2342,0,0,2342,T
2-PB1,510,0,3,2390,0,2393,G
2-PB1,511,2388,0,1,0,2389,A
2-PB1,512,0,2384,0,0,2384,T
2-PB1,513,1,0,2382,0,2383,G
2-PB1,514,2,2,2367,0,2371,G
2-PB1,515,2378,0,0,0,2378,A
2-PB1,516,2377,0,0,0,2377,A
2-PB1,517,1,2317,0,1,2319,T
2-PB1,518,5,0,0,2348,2353,C
2-PB1,519,2343,0,0,0,2343,A
2-PB1,520,2344,0,2,0,2346,A
2-PB1,521,0,2350,0,0,2350,T
2-PB1,522,2,3,2368,0,2373,G
2-PB1,523,0,2,2380,0,2382,G
2-PB1,524,2364,0,0,0,2364,A
2-PB1,525,2,2368,0,1,2371,T
2-PB1,526,2367,0,6,0,2373,A
2-PB1,527,2367,0,0,0,2367,A
2-PB1,528,2371,0,0,0,2371,A
2-PB1,529,0,1,2391,0,2392,G
2-PB1,530,2377,1,0,0,2378,A
2-PB1,531,1,2,2355,0,2358,G
2-PB1,532,0,2,2355,0,2357,G
2-PB1,533,2335,0,1,0,2336,A
2-PB1,534,2347,0,1,1,2349,A
2-PB1,535,2350,0,2,0,2352,A
2-PB1,536,0,2343,0,0,2343,T
2-PB1,537,1,3,2378,0,2382,G
2-PB1,538,0,0,2368,0,2368,G
2-PB1,539,2357,0,2,0,2359,A
2-PB1,540,1,3,2377,0,2381,G
2-PB1,541,2354,0,1,0,2355,A
2-PB1,542,0,2399,0,0,2399,T
2-PB1,543,2400,0,2,0,2402,A
2-PB1,544,2415,1,3,0,2419,A
2-PB1,545,0,0,0,2438,2438,C
2-PB1,546,2393,0,3,0,2396,A
2-PB1,547,2405,0,1,0,2406,A
2-PB1,548,1,1,0,2390,2392,C
2-PB1,549,2377,0,2,0,2379,A
2-PB1,550,1,0,0,2386,2387,C
2-PB1,551,2356,0,0,0,2356,A
2-PB1,552,0,1,0,2361,2362,C
2-PB1,553,0,2351,0,1,2352,T
2-PB1,554,0,2358,0,0,2358,T
2-PB1,555,0,2351,0,2,2353,T
2-PB1,556,4,0,0,2356,2360,C
2-PB1,557,2369,0,0,0,2369,A
2-PB1,558,2379,0,0,0,2379,A
2-PB1,559,2382,0,1,0,2383,A
2-PB1,560,0,1,2398,1,2400,G
2-PB1,561,2377,0,0,0,2377,A
2-PB1,562,2373,0,1,0,2374,A
2-PB1,563,2382,1,0,0,2383,A
2-PB1,564,2380,0,0,0,2380,A
2-PB1,565,2381,0,1,0,2382,A
2-PB1,566,0,2,2388,0,2390,G
2-PB1,567,0,3,2389,0,2392,G
2-PB1,568,2369,0,1,0,2370,A
2-PB1,569,1,2,2404,0,2407,G
2-PB1,570,2400,0,1,0,2401,A
2-PB1,571,0,1,2465,0,2466,G
2-PB1,572,0,2454,0,0,2454,T
2-PB1,573,2475,0,0,0,2475,A
2-PB1,574,2474,0,3,0,2477,A
2-PB1,575,4,0,2470,0,2474,G
2-PB1,576,0,4,2483,0,2487,G
2-PB1,577,0,1,2483,0,2484,G
2-PB1,578,2461,0,3,0,2464,A
2-PB1,579,1,0,0,2473,2474,C
2-PB1,580,2410,1,2,0,2413,A
2-PB1,581,2413,0,1,0,2414,A
2-PB1,582,1,2,0,2407,2410,C
2-PB1,583,2419,0,0,0,2419,A
2-PB1,584,0,2390,0,1,2391,T
2-PB1,585,0,6,2367,0,2373,G
2-PB1,586,2364,0,4,0,2368,A
2-PB1,587,0,1,0,2345,2346,C
2-PB1,588,4,0,0,2341,2345,C
2-PB1,589,2354,0,1,0,2355,A
2-PB1,590,2359,0,0,0,2359,A
2-PB1,591,0,1,2369,0,2370,G
2-PB1,592,2373,0,0,0,2373,A
2-PB1,593,2370,0,0,0,2370,A
2-PB1,594,2364,0,0,0,2364,A
2-PB1,595,2353,0,0,0,2353,A
2-PB1,596,1,2339,0,0,2340,T
2-PB1,597,0,3,2340,0,2343,G
2-PB1,598,0,0,2325,0,2325,G
2-PB1,599,1,2262,0,2,2265,T
2-PB1,600,8,0,0,2233,2241,C
2-PB1,601,2269,0,0,0,2269,A
2-PB1,602,0,1,0,2474,2475,C
2-PB1,603,2529,0,0,0,2529,A
2-PB1,604,0,0,0,2584,2584,C
2-PB1,605,2595,0,1,0,2596,A
2-PB1,606,2891,0,0,0,2891,A
2-PB1,607,2868,1,1,0,2870,A
2-PB1,608,0,5,3093,0,3098,G
2-PB1,609,780,2,2214,0,2996,G
2-PB1,610,3076,0,2,0,3078,A
2-PB1,611,2,1,0,3212,3215,C
2-PB1,612,3208,0,1,0,3209,A
2-PB1,613,3233,0,1,0,3234,A
2-PB1,614,0,3207,0,0,3207,T
2-PB1,615,3158,0,0,0,3158,A
2-PB1,616,0,3,3152,0,3155,G
2-PB1,617,0,5,3063,0,3068,G
2-PB1,618,0,3,3062,0,3065,G
2-PB1,619,3061,0,1,0,3062,A
2-PB1,620,3059,0,1,0,3060,A
2-PB1,621,0,6,3082,0,3088,G
2-PB1,622,3082,0,1,0,3083,A
2-PB1,623,3101,1,0,0,3102,A
2-PB1,624,3112,0,0,0,3112,A
2-PB1,625,3135,0,0,0,3135,A
2-PB1,626,3218,0,1,0,3219,A
2-PB1,627,3219,0,1,1,3221,A
2-PB1,628,0,0,1,3226,3227,C
2-PB1,629,3227,0,0,0,3227,A
2-PB1,630,3228,0,0,1,3229,A
2-PB1,631,3221,0,1,0,3222,A
2-PB1,632,1,7,3270,0,3278,G
2-PB1,633,3293,0,0,1,3294,A
2-PB1,634,0,0,3421,0,3421,G
2-PB1,635,0,3364,0,1,3365,T
2-PB1,636,0,8,3985,0,3993,G
2-PB1,637,4007,0,6,0,4013,A
2-PB1,638,4008,0,2,0,4010,A
2-PB1,639,1,4061,0,0,4062,T
2-PB1,640,4095,0,0,0,4095,A
2-PB1,641,4102,0,4,1,4107,A
2-PB1,642,0,12,4084,0,4096,G
2-PB1,643,4049,0,3,0,4052,A
2-PB1,644,3,3,4022,0,4028,G
2-PB1,645,3876,0,5,0,3881,A
2-PB1,646,2,1,3887,0,3890,G
2-PB1,647,1,0,3866,0,3867,G
2-PB1,648,0,0,0,3918,3918,C
2-PB1,649,0,3886,1,2,3889,T
2-PB1,650,4025,0,3,0,4028,A
2-PB1,651,5,4,0,4266,4275,C
2-PB1,652,4,1,0,4270,4275,C
2-PB1,653,0,4323,0,2,4325,T
2-PB1,654,4495,0,2,0,4497,A
2-PB1,655,4481,0,0,3,4484,A
2-PB1,656,1,4490,0,0,4491,T
2-PB1,657,4483,0,1,0,4484,A
2-PB1,658,4484,1,0,0,4485,A
2-PB1,659,2,3,4477,0,4482,G
2-PB1,660,4401,0,1,0,4402,A
2-PB1,661,2,0,4426,0,4428,G
2-PB1,662,0,0,0,4444,4444,C
2-PB1,663,0,4404,1,4,4409,T
2-PB1,664,1,4406,0,29,4436,T
2-PB1,665,0,4434,0,0,4434,T
2-PB1,666,2,9,4421,0,4432,G
2-PB1,667,4506,0,3,0,4509,A
2-PB1,668,0,2,0,4533,4535,C
2-PB1,669,4521,0,0,0,4521,A
2-PB1,670,0,4483,0,6,4489,T
2-PB1,671,1,4480,0,2,4483,T
2-PB1,672,0,12,4581,1,4594,G
2-PB1,673,4596,0,3,0,4599,A
2-PB1,674,4587,0,5,1,4593,A
2-PB1,675,0,0,0,4618,4618,C
2-PB1,676,4595,1,1,0,4597,A
2-PB1,677,2,0,0,4599,4601,C
2-PB1,678,15,2,4574,0,4591,G
2-PB1,679,4596,0,3,0,4599,A
2-PB1,680,0,4611,0,4,4615,T
2-PB1,681,1,10,4686,0,4697,G
2-PB1,682,4693,1,3,0,4697,A
2-PB1,683,0,0,0,4716,4716,C
2-PB1,684,4,0,0,4727,4731,C
2-PB1,685,4739,0,0,0,4739,A
2-PB1,686,4785,1,0,0,4786,A
2-PB1,687,4775,0,1,0,4776,A
2-PB1,688,0,2,4908,0,4910,G
2-PB1,689,4941,0,0,0,4941,A
2-PB1,690,0,4885,0,3,4888,T
2-PB1,691,2,0,4905,0,4907,G
2-PB1,692,2,2,0,4884,4888,C
2-PB1,693,4890,0,3,0,4893,A
2-PB1,694,0,3,4912,0,4915,G
2-PB1,695,4852,0,5,0,4857,A
2-PB1,696,0,7,4865,0,4872,G
2-PB1,697,4738,0,0,1,4739,A
2-PB1,698,0,2,4721,1,4724,G
2-PB1,699,4679,0,7,1,4687,A
2-PB1,700,1,5,4674,0,4680,G
2-PB1,701,3,0,4674,0,4677,G
2-PB1,702,1,0,0,4681,4682,C
2-PB1,703,4675,0,0,0,4675,A
2-PB1,704,4685,0,1,0,4686,A
2-PB1,705,4704,0,2,1,4707,A
2-PB1,706,0,4722,0,0,4722,T
2-PB1,707,0,4721,0,0,4721,T
2-PB1,708,4726,2,0,1,4729,A
2-PB1,709,4718,0,0,0,4718,A
2-PB1,710,4715,0,3,0,4718,A
2-PB1,711,4742,0,0,0,4742,A
2-PB1,712,4723,2,5,0,4730,A
2-PB1,713,0,4,4738,0,4742,G
2-PB1,714,4714,1,0,0,4715,A
2-PB1,715,4690,0,3,1,4694,A
2-PB1,716,0,6,4751,0,4757,G
2-PB1,717,1,4,4842,0,4847,G
2-PB1,718,1,0,4839,0,4840,G
2-PB1,719,0,0,0,4893,4893,C
2-PB1,720,0,4884,0,0,4884,T
2-PB1,721,4930,0,0,0,4930,A
2-PB1,722,0,5019,1,4,5024,T
2-PB1,723,0,4999,0,2,5001,T
2-PB1,724,2,1,5053,0,5056,G
2-PB1,725,1,1,0,5024,5026,C
2-PB1,726,4917,1,3,0,4921,A
2-PB1,727,4914,1,3,0,4918,A
2-PB1,728,0,0,0,4914,4914,C
2-PB1,729,4878,0,1,0,4879,A
2-PB1,730,1,0,0,4893,4894,C
2-PB1,731,1,1,0,4802,4804,C
2-PB1,732,3,2,0,4778,4783,C
2-PB1,733,0,5,4783,0,4788,G
2-PB1,734,1,3,4794,0,4798,G
2-PB1,735,2,2,4791,1,4796,G
2-PB1,736,4806,1,1,0,4808,A
2-PB1,737,0,4779,0,0,4779,T
2-PB1,738,0,1,4812,0,4813,G
2-PB1,739,0,1,1,4791,4793,C
2-PB1,740,4863,0,4,0,4867,A
2-PB1,741,4957,0,0,0,4957,A
2-PB1,742,4986,0,0,1,4987,A
2-PB1,743,3,4997,0,1,5001,T
2-PB1,744,0,4992,0,1,4993,T
2-PB1,745,4970,0,0,0,4970,A
2-PB1,746,0,3,4973,0,4976,G
2-PB1,747,4928,0,10,0,4938,A
2-PB1,748,0,4,4952,0,4956,G
2-PB1,749,1,8,4886,0,4895,G
2-PB1,750,1,0,5014,0,5015,G
2-PB1,751,0,4956,0,4,4960,T
2-PB1,752,0,5009,0,2,5011,T
2-PB1,753,8,2,0,5030,5040,C
2-PB1,754,8,0,5092,0,5100,G
2-PB1,755,0,5082,0,5,5087,T
2-PB1,756,0,3,5101,0,5104,G
2-PB1,757,0,5059,0,2,5061,T
2-PB1,758,5036,0,0,0,5036,A
2-PB1,759,3,3,0,5030,5036,C
2-PB1,760,0,4797,1,2,4800,T
2-PB1,761,0,4813,0,0,4813,T
2-PB1,762,5,0,0,4778,4783,C
2-PB1,763,1,1,4766,0,4768,G
2-PB1,764,0,4771,0,1,4772,T
2-PB1,765,0,4758,0,5,4763,T
2-PB1,766,1,4,4761,0,4766,G
2-PB1,767,4743,0,0,0,4743,A
2-PB1,768,4759,1,3,0,4763,A
2-PB1,769,4796,0,0,0,4796,A
2-PB1,770,1,0,0,4817,4818,C
2-PB1,771,0,4778,0,0,4778,T
2-PB1,772,0,4771,0,0,4771,T
2-PB1,773,0,4770,0,0,4770,T
2-PB1,774,4857,0,0,0,4857,A
2-PB1,775,1,1,4865,0,4867,G
2-PB1,776,1,0,0,4873,4874,C
2-PB1,777,0,4868,0,3,4871,T
2-PB1,778,4826,0,0,0,4826,A
2-PB1,779,0,2,4827,0,4829,G
2-PB1,780,4814,0,2,0,4816,A
2-PB1,781,4816,0,3,1,4820,A
2-PB1,782,0,0,4834,0,4834,G
2-PB1,783,0,1,0,4723,4724,C
2-PB1,784,4726,1,0,0,4727,A
2-PB1,785,2,4696,0,3,4701,T
2-PB1,786,1,4709,0,2,4712,T
2-PB1,787,0,4704,0,1,4705,T
2-PB1,788,5,0,4693,0,4698,G
2-PB1,789,0,9,1,4688,4698,C
2-PB1,790,1,2,4715,0,4718,G
2-PB1,791,4704,0,2,0,4706,A
2-PB1,792,4690,0,1,0,4691,A
2-PB1,793,4705,0,6,0,4711,A
2-PB1,794,4844,3,9,0,4856,A
2-PB1,795,0,1,4914,0,4915,G
2-PB1,796,0,0,0,4912,4912,C
2-PB1,797,0,4915,0,5,4920,T
2-PB1,798,0,4906,0,3,4909,T
2-PB1,799,0,14,4913,0,4927,G
2-PB1,800,4917,1,6,0,4924,A
2-PB1,801,4903,1,3,0,4907,A
2-PB1,802,1,0,0,4944,4945,C
2-PB1,803,4823,0,1,0,4824,A
2-PB1,804,0,0,5273,0,5273,G
2-PB1,805,0,5129,0,0,5129,T
2-PB1,806,17,0,0,5136,5153,C
2-PB1,807,0,5153,0,7,5160,T
2-PB1,808,1,3,5149,0,5153,G
2-PB1,809,0,6,5145,0,5151,G
2-PB1,810,5154,0,0,0,5154,A
2-PB1,811,1,0,0,5166,5167,C
2-PB1,812,0,5020,0,1,5021,T
2-PB1,813,1,4703,0,2,4706,T
2-PB1,814,1,1,0,4691,4693,C
2-PB1,815,3,0,0,4685,4688,C
2-PB1,816,0,1,4717,0,4718,G
2-PB1,817,0,0,4741,0,4741,G
2-PB1,818,0,4688,0,3,4691,T
2-PB1,819,0,4708,0,3,4711,T
2-PB1,820,2,7,4677,0,4686,G
2-PB1,821,0,3,4700,0,4703,G
2-PB1,822,7,5,4700,0,4712,G
2-PB1,823,0,5,4719,0,4724,G
2-PB1,824,1,1,4745,0,4747,G
2-PB1,825,0,4680,0,0,4680,T
2-PB1,826,4712,0,1,0,4713,A
2-PB1,827,4737,0,1,0,4738,A
2-PB1,828,0,4754,0,2,4756,T
2-PB1,829,1,9,4765,0,4775,G
2-PB1,830,4714,0,1,0,4715,A
2-PB1,831,4662,0,2,0,4664,A
2-PB1,832,4673,0,1,0,4674,A
2-PB1,833,4661,0,1,1,4663,A
2-PB1,834,2,1,4659,0,4662,G
2-PB1,835,4613,1,0,0,4614,A
2-PB1,836,4573,0,8,1,4582,A
2-PB1,837,1,5,4594,0,4600,G
2-PB1,838,3,1,4578,0,4582,G
2-PB1,839,0,1,0,4571,4572,C
2-PB1,840,4,0,0,4584,4588,C
2-PB1,841,4593,0,0,0,4593,A
2-PB1,842,4601,0,1,0,4602,A
2-PB1,843,4584,0,2,0,4586,A
2-PB1,844,1,1,0,4599,4601,C
2-PB1,845,0,4592,0,1,4593,T
2-PB1,846,0,5,4637,1,4643,G
2-PB1,847,6,0,4632,1,4639,G
2-PB1,848,0,0,0,4652,4652,C
2-PB1,849,4652,0,1,1,4654,A
2-PB1,850,4644,0,0,0,4644,A
2-PB1,851,4649,1,1,0,4651,A
2-PB1,852,0,4661,0,0,4661,T
2-PB1,853,0,0,4662,0,4662,G
2-PB1,854,1,4640,0,0,4641,T
2-PB1,855,0,4498,0,1,4499,T
2-PB1,856,2,1,4504,0,4507,G
2-PB1,857,0,4476,1,1,4478,T
2-PB1,858,0,6,4493,0,4499,G
2-PB1,859,4502,0,4,0,4506,A
2-PB1,860,2,3,4505,0,4510,G
2-PB1,861,4511,0,1,0,4512,A
2-PB1,862,4467,6,1,0,4474,A
2-PB1,863,4470,0,3,0,4473,A
2-PB1,864,4479,0,2,0,4481,A
2-PB1,865,4487,0,2,0,4489,A
2-PB1,866,0,4473,0,5,4478,T
2-PB1,867,5,2,4479,0,4486,G
2-PB1,868,4453,1,7,0,4461,A
2-PB1,869,1,4423,0,1,4425,T
2-PB1,870,0,12,4453,0,4465,G
2-PB1,871,4436,1,4,0,4441,A
2-PB1,872,0,0,1,4497,4498,C
2-PB1,873,0,4486,1,1,4488,T
2-PB1,874,4485,0,0,0,4485,A
2-PB1,875,4531,0,1,1,4533,A
2-PB1,876,1,4517,0,0,4518,T
2-PB1,877,1,4562,1,0,4564,T
2-PB1,878,9,1,0,4609,4619,C
2-PB1,879,4614,0,3,0,4617,A
2-PB1,880,0,0,0,4626,4626,C
2-PB1,881,4601,0,2,0,4603,A
2-PB1,882,4595,0,5,0,4600,A
2-PB1,883,1,6,4612,0,4619,G
2-PB1,884,4669,0,8,0,4677,A
2-PB1,885,0,2,0,4682,4684,C
2-PB1,886,4633,0,0,0,4633,A
2-PB1,887,0,0,0,4626,4626,C
2-PB1,888,4585,0,1,1,4587,A
2-PB1,889,1,3,4611,0,4615,G
2-PB1,890,4584,0,5,0,4589,A
2-PB1,891,3,0,4588,0,4591,G
2-PB1,892,0,2,1,4574,4577,C
2-PB1,893,0,4492,0,5,4497,T
2-PB1,894,0,4573,0,2,4575,T
2-PB1,895,0,4537,0,1,4538,T
2-PB1,896,3,0,0,4578,4581,C
2-PB1,897,0,4589,0,0,4589,T
2-PB1,898,0,4565,0,0,4565,T
2-PB1,899,0,4555,0,14,4569,T
2-PB1,900,1,9,0,4559,4569,C
2-PB1,901,4544,1,2,1,4548,A
2-PB1,902,0,0,0,4584,4584,C
2-PB1,903,4539,0,2,0,4541,A
2-PB1,904,4544,0,0,0,4544,A
2-PB1,905,0,4586,0,1,4587,T
2-PB1,906,7,1,1,4694,4703,C
2-PB1,907,4702,0,2,0,4704,A
2-PB1,908,0,2,0,4771,4773,C
2-PB1,909,0,4749,0,2,4751,T
2-PB1,910,14,8,4767,0,4789,G
2-PB1,911,2,4,4740,0,4746,G
2-PB1,912,19,5,4854,0,4878,G
2-PB1,913,1,8,4865,0,4874,G
2-PB1,914,4781,1,6,0,4788,A
2-PB1,915,0,2,0,4594,4596,C
2-PB1,916,4673,1,5,0,4679,A
2-PB1,917,5021,0,4,0,5025,A
2-PB1,918,1,0,0,5089,5090,C
2-PB1,919,5058,0,1,0,5059,A
2-PB1,920,1,0,1,5073,5075,C
2-PB1,921,0,4916,0,0,4916,T
2-PB1,922,4936,0,0,0,4936,A
2-PB1,923,4925,0,4,1,4930,A
2-PB1,924,0,1,4946,0,4947,G
2-PB1,925,0,4904,0,1,4905,T
2-PB1,926,1,7,4626,0,4634,G
2-PB1,927,1,4,4592,0,4597,G
2-PB1,928,4574,2,2,0,4578,A
2-PB1,929,4600,0,1,0,4601,A
2-PB1,930,0,4598,0,0,4598,T
2-PB1,931,0,2,4581,0,4583,G
2-PB1,932,4572,0,1,0,4573,A
2-PB1,933,4489,0,1,0,4490,A
2-PB1,934,4535,0,1,0,4536,A
2-PB1,935,4555,1,1,0,4557,A
2-PB1,936,0,4504,1,0,4505,T
2-PB1,937,12,0,0,4532,4544,C
2-PB1,938,4554,0,0,0,4554,A
2-PB1,939,4531,0,8,0,4539,A
2-PB1,940,4534,0,1,0,4535,A
2-PB1,941,4508,0,0,1,4509,A
2-PB1,942,2,1,0,4549,4552,C
2-PB1,943,3,1,1,4521,4526,C
2-PB1,944,4,0,0,4533,4537,C
2-PB1,945,0,4496,1,4,4501,T
2-PB1,946,4,6,1,4525,4536,C
2-PB1,947,1,4,4526,0,4531,G
2-PB1,948,4517,0,1,0,4518,A
2-PB1,949,4537,0,0,0,4537,A
2-PB1,950,0,4539,0,1,4540,T
2-PB1,951,0,1,4565,0,4566,G
2-PB1,952,0,4514,1,0,4515,T
2-PB1,953,0,4495,0,2,4497,T
2-PB1,954,0,4524,0,1,4525,T
2-PB1,955,0,4522,0,1,4523,T
2-PB1,956,0,4519,0,0,4519,T
2-PB1,957,3,5,4516,0,4524,G
2-PB1,958,0,0,4488,0,4488,G
2-PB1,959,2,4,0,4488,4494,C
2-PB1,960,11,2,4377,0,4390,G
2-PB1,961,4390,2,0,0,4392,A
2-PB1,962,0,4541,0,1,4542,T
2-PB1,963,0,8,4721,0,4729,G
2-PB1,964,4971,0,0,0,4971,A
2-PB1,965,0,4971,0,3,4974,T
2-PB1,966,0,4990,0,0,4990,T
2-PB1,967,5003,0,4,0,5007,A
2-PB1,968,1,2,0,5015,5018,C
2-PB1,969,5050,0,2,0,5052,A
2-PB1,970,0,5035,0,1,5036,T
2-PB1,971,4783,0,3,0,4786,A
2-PB1,972,0,1,0,4820,4821,C
2-PB1,973,4373,1,1,0,4375,A
2-PB1,974,0,4357,0,3,4360,T
2-PB1,975,4,2,0,4335,4341,C
2-PB1,976,4319,0,2,0,4321,A
2-PB1,977,0,1,0,4331,4332,C
2-PB1,978,4319,0,0,0,4319,A
2-PB1,979,4318,0,0,0,4318,A
2-PB1,980,4313,0,1,0,4314,A
2-PB1,981,1,6,4158,0,4165,G
2-PB1,982,4376,1,0,1,4378,A
2-PB1,983,4381,0,10,0,4391,A
2-PB1,984,0,4355,0,0,4355,T
2-PB1,985,3,0,0,4381,4384,C
2-PB1,986,4397,0,2,0,4399,A
2-PB1,987,4398,1,1,0,4400,A
2-PB1,988,0,0,0,4431,4431,C
2-PB1,989,3,0,0,4430,4433,C
2-PB1,990,0,4248,0,3,4251,T
2-PB1,991,0,6,4294,0,4300,G
2-PB1,992,4269,0,2,0,4271,A
2-PB1,993,0,0,4283,0,4283,G
2-PB1,994,1,4249,0,2,4252,T
2-PB1,995,0,4,4175,0,4179,G
2-PB1,996,3,0,4440,0,4443,G
2-PB1,997,0,4427,0,2,4429,T
2-PB1,998,0,4433,0,0,4433,T
2-PB1,999,15,1,0,4436,4452,C
2-PB1,1000,4395,0,16,0,4411,A
2-PB1,1001,0,5,4482,0,4487,G
2-PB1,1002,4485,0,2,0,4487,A
2-PB1,1003,4481,0,2,1,4484,A
2-PB1,1004,4462,0,1,0,4463,A
2-PB1,1005,1,0,0,4180,4181,C
2-PB1,1006,4242,0,0,0,4242,A
2-PB1,1007,0,4197,0,1,4198,T
2-PB1,1008,3,0,0,4261,4264,C
2-PB1,1009,3,0,0,4276,4279,C
2-PB1,1010,0,4167,0,19,4186,T
2-PB1,1011,2,5,4184,0,4191,G
2-PB1,1012,4163,1,4,0,4168,A
2-PB1,1013,0,0,4195,0,4195,G
2-PB1,1014,0,1,0,4181,4182,C
2-PB1,1015,4077,0,1,0,4078,A
2-PB1,1016,1,4072,0,1,4074,T
2-PB1,1017,8,1,0,4030,4039,C
2-PB1,1018,1,2,4044,1,4048,G
2-PB1,1019,2,0,0,4146,4148,C
2-PB1,1020,4169,0,1,1,4171,A
2-PB1,1021,1,0,0,4264,4265,C
2-PB1,1022,8,0,0,4274,4282,C
2-PB1,1023,4284,0,2,0,4286,A
2-PB1,1024,4343,0,0,0,4343,A
2-PB1,1025,0,4339,0,0,4339,T
2-PB1,1026,4336,0,1,0,4337,A
2-PB1,1027,4321,0,0,0,4321,A
2-PB1,1028,0,4181,0,1,4182,T
2-PB1,1029,0,2,4190,0,4192,G
2-PB1,1030,1,4085,0,1,4087,T
2-PB1,1031,0,4045,0,3,4048,T
2-PB1,1032,2,1,0,4085,4088,C
2-PB1,1033,0,4051,1,2,4054,T
2-PB1,1034,6,1,0,4077,4084,C
2-PB1,1035,4094,0,1,0,4095,A
2-PB1,1036,4093,0,1,0,4094,A
2-PB1,1037,4090,0,3,0,4093,A
2-PB1,1038,0,0,0,4098,4098,C
2-PB1,1039,4084,0,0,0,4084,A
2-PB1,1040,4081,0,0,0,4081,A
2-PB1,1041,4070,0,0,0,4070,A
2-PB1,1042,4070,0,2,1,4073,A
2-PB1,1043,0,4084,0,1,4085,T
2-PB1,1044,2,3,4070,0,4075,G
2-PB1,1045,10,0,4046,0,4056,G
2-PB1,1046,0,3,0,4068,4071,C
2-PB1,1047,4068,1,5,0,4074,A
2-PB1,1048,4069,0,2,0,4071,A
2-PB1,1049,0,1,4084,0,4085,G
2-PB1,1050,4047,0,1,0,4048,A
2-PB1,1051,0,4030,0,2,4032,T
2-PB1,1052,0,4112,0,0,4112,T
2-PB1,1053,1,8,4119,1,4129,G
2-PB1,1054,1,0,4111,0,4112,G
2-PB1,1055,1,4,4137,0,4142,G
2-PB1,1056,4137,1,1,0,4139,A
2-PB1,1057,4150,0,1,0,4151,A
2-PB1,1058,4124,0,2,0,4126,A
2-PB1,1059,4097,0,3,0,4100,A
2-PB1,1060,0,4,4222,0,4226,G
2-PB1,1061,0,6,4224,0,4230,G
2-PB1,1062,4231,0,6,0,4237,A
2-PB1,1063,0,4214,0,1,4215,T
2-PB1,1064,4217,0,3,0,4220,A
2-PB1,1065,1,0,0,4225,4226,C
2-PB1,1066,4246,0,3,0,4249,A
2-PB1,1067,0,4227,0,0,4227,T
2-PB1,1068,1,0,4272,0,4273,G
2-PB1,1069,0,4159,0,4,4163,T
2-PB1,1070,1,4156,0,1,4158,T
2-PB1,1071,9,2,0,4153,4164,C
2-PB1,1072,0,2,4177,0,4179,G
2-PB1,1073,4145,0,5,0,4150,A
2-PB1,1074,0,3,4258,0,4261,G
2-PB1,1075,4198,0,1,0,4199,A
2-PB1,1076,1,0,4260,0,4261,G
2-PB1,1077,0,4190,0,4,4194,T
2-PB1,1078,4206,0,1,0,4207,A
2-PB1,1079,4217,0,8,0,4225,A
2-PB1,1080,0,12,4229,0,4241,G
2-PB1,1081,4222,0,4,1,4227,A
2-PB1,1082,1,5,4268,0,4274,G
2-PB1,1083,4190,0,1,0,4191,A
2-PB1,1084,4228,0,0,0,4228,A
2-PB1,1085,0,4185,0,0,4185,T
2-PB1,1086,0,3,4179,0,4182,G
2-PB1,1087,4179,0,5,2,4186,A
2-PB1,1088,4159,0,10,0,4169,A
2-PB1,1089,0,1,4170,0,4171,G
2-PB1,1090,0,0,0,4160,4160,C
2-PB1,1091,0,4088,0,1,4089,T
2-PB1,1092,6,0,0,4118,4124,C
2-PB1,1093,2,3,0,4119,4124,C
2-PB1,1094,1,5,4129,0,4135,G
2-PB1,1095,0,2,4157,0,4159,G
2-PB1,1096,4162,0,10,0,4172,A
2-PB1,1097,0,0,0,4224,4224,C
2-PB1,1098,4238,0,1,0,4239,A
2-PB1,1099,1,0,0,4288,4289,C
2-PB1,1100,4288,0,1,0,4289,A
2-PB1,1101,4291,0,3,0,4294,A
2-PB1,1102,4282,0,6,3,4291,A
2-PB1,1103,0,4281,0,0,4281,T
2-PB1,1104,4291,0,1,0,4292,A
2-PB1,1105,0,1,0,4299,4300,C
2-PB1,1106,3,1,0,4264,4268,C
2-PB1,1107,0,4223,1,11,4235,T
2-PB1,1108,0,50,4206,0,4256,G
2-PB1,1109,1,0,0,4272,4273,C
2-PB1,1110,4283,0,0,0,4283,A
2-PB1,1111,1,2,4280,0,4283,G
2-PB1,1112,4261,0,0,0,4261,A
2-PB1,1113,4238,1,0,0,4239,A
2-PB1,1114,4260,0,0,0,4260,A
2-PB1,1115,0,4263,0,0,4263,T
2-PB1,1116,0,0,4273,1,4274,G
2-PB1,1117,0,0,0,4262,4262,C
2-PB1,1118,0,4257,0,4,4261,T
2-PB1,1119,4327,0,3,0,4330,A
2-PB1,1120,4,0,4308,0,4312,G
2-PB1,1121,0,1,0,4312,4313,C
2-PB1,1122,4326,1,0,0,4327,A
2-PB1,1123,4328,0,2,0,4330,A
2-PB1,1124,2,0,4305,1,4308,G
2-PB1,1125,0,0,0,4303,4303,C
2-PB1,1126,4251,1,1,0,4253,A
2-PB1,1127,0,4336,0,0,4336,T
2-PB1,1128,0,4346,0,2,4348,T
2-PB1,1129,1,14,4487,0,4502,G
2-PB1,1130,4537,0,4,0,4541,A
2-PB1,1131,0,1,0,4519,4520,C
2-PB1,1132,2,0,0,4548,4550,C
2-PB1,1133,0,4463,1,7,4471,T
2-PB1,1134,2,6,4557,0,4565,G
2-PB1,1135,4568,0,2,0,4570,A
2-PB1,1136,4578,0,6,0,4584,A
2-PB1,1137,0,0,4651,0,4651,G
2-PB1,1138,0,4504,0,4,4508,T
2-PB1,1139,4559,0,0,0,4559,A
2-PB1,1140,0,4528,0,3,4531,T
2-PB1,1141,0,4528,1,1,4530,T
2-PB1,1142,0,4515,0,3,4518,T
2-PB1,1143,3,0,0,4499,4502,C
2-PB1,1144,4475,0,1,0,4476,A
2-PB1,1145,4477,0,2,0,4479,A
2-PB1,1146,1,4409,0,2,4412,T
2-PB1,1147,0,6,4420,1,4427,G
2-PB1,1148,4402,1,3,0,4406,A
2-PB1,1149,4422,0,1,0,4423,A
2-PB1,1150,0,4376,0,3,4379,T
2-PB1,1151,8,1,0,4423,4432,C
2-PB1,1152,4432,0,3,0,4435,A
2-PB1,1153,4428,2,2,0,4432,A
2-PB1,1154,0,2,0,4436,4438,C
2-PB1,1155,4433,0,2,1,4436,A
2-PB1,1156,4423,0,3,0,4426,A
2-PB1,1157,1,3,4430,0,4434,G
2-PB1,1158,2,0,4461,0,4463,G
2-PB1,1159,4448,0,1,0,4449,A
2-PB1,1160,4435,0,10,0,4445,A
2-PB1,1161,0,2,4443,0,4445,G
2-PB1,1162,4441,0,1,0,4442,A
2-PB1,1163,4436,0,1,0,4437,A
2-PB1,1164,4447,0,1,0,4448,A
2-PB1,1165,4438,0,1,0,4439,A
2-PB1,1166,0,4426,1,0,4427,T
2-PB1,1167,0,4397,0,1,4398,T
2-PB1,1168,0,12,4399,0,4411,G
2-PB1,1169,4380,0,3,0,4383,A
2-PB1,1170,0,4,4407,0,4411,G
2-PB1,1171,4396,0,0,0,4396,A
2-PB1,1172,4449,1,1,0,4451,A
2-PB1,1173,4511,0,2,0,4513,A
2-PB1,1174,4512,0,1,0,4513,A
2-PB1,1175,0,4496,1,0,4497,T
2-PB1,1176,4513,0,1,0,4514,A
2-PB1,1177,4507,0,9,0,4516,A
2-PB1,1178,0,3,4513,0,4516,G
2-PB1,1179,0,1,4507,0,4508,G
2-PB1,1180,0,1,0,4474,4475,C
2-PB1,1181,2,0,0,4481,4483,C
2-PB1,1182,0,4466,0,3,4469,T
2-PB1,1183,3,2,0,5052,5057,C
2-PB1,1184,0,5116,0,3,5119,T
2-PB1,1185,0,5102,0,2,5104,T
2-PB1,1186,1,2,0,5242,5245,C
2-PB1,1187,0,5223,0,3,5226,T
2-PB1,1188,5255,0,0,0,5255,A
2-PB1,1189,5249,1,2,0,5252,A
2-PB1,1190,0,5237,0,2,5239,T
2-PB1,1191,5289,0,0,0,5289,A
2-PB1,1192,0,2,5156,0,5158,G
2-PB1,1193,4716,0,1,0,4717,A
2-PB1,1194,0,4709,0,1,4710,T
2-PB1,1195,2,7,4656,0,4665,G
2-PB1,1196,0,0,4712,0,4712,G
2-PB1,1197,0,5,0,4733,4738,C
2-PB1,1198,4735,0,1,0,4736,A
2-PB1,1199,0,2,0,4750,4752,C
2-PB1,1200,4682,0,2,0,4684,A
2-PB1,1201,1,1,4847,0,4849,G
2-PB1,1202,4,1,0,4826,4831,C
2-PB1,1203,4846,0,0,0,4846,A
2-PB1,1204,0,4940,0,2,4942,T
2-PB1,1205,8,1,0,4883,4892,C
2-PB1,1206,4935,1,2,1,4939,A
2-PB1,1207,0,4926,0,2,4928,T
2-PB1,1208,0,4907,0,1,4908,T
2-PB1,1209,0,5,4905,0,4910,G
2-PB1,1210,4755,0,7,0,4762,A
2-PB1,1211,2,0,4915,0,4917,G
2-PB1,1212,0,1,0,4906,4907,C
2-PB1,1213,3,0,0,4819,4822,C
2-PB1,1214,4,1,0,4892,4897,C
2-PB1,1215,0,4846,0,8,4854,T
2-PB1,1216,0,4,5053,0,5057,G
2-PB1,1217,0,6,5110,0,5116,G
2-PB1,1218,5110,0,8,0,5118,A
2-PB1,1219,5206,0,0,0,5206,A
2-PB1,1220,0,5071,0,0,5071,T
2-PB1,1221,1,7,5177,0,5185,G
2-PB1,1222,5239,0,6,0,5245,A
2-PB1,1223,0,5254,0,2,5256,T
2-PB1,1224,3,6,5259,0,5268,G
2-PB1,1225,5211,0,4,0,5215,A
2-PB1,1226,1,5143,0,2,5146,T
2-PB1,1227,0,6,5141,0,5147,G
2-PB1,1228,1,5,5159,1,5166,G
2-PB1,1229,2,0,5177,0,5179,G
2-PB1,1230,4,0,0,5158,5162,C
2-PB1,1231,5178,0,0,0,5178,A
2-PB1,1232,0,5203,0,1,5204,T
2-PB1,1233,3,2,5355,0,5360,G
2-PB1,1234,1,5358,0,9,5368,T
2-PB1,1235,1,5395,1,1,5398,T
2-PB1,1236,11,1,1,5404,5417,C
2-PB1,1237,5377,0,1,0,5378,A
2-PB1,1238,5386,0,2,0,5388,A
2-PB1,1239,0,1,0,5381,5382,C
2-PB1,1240,5421,0,2,0,5423,A
2-PB1,1241,0,5391,0,2,5393,T
2-PB1,1242,1,1,5426,0,5428,G
2-PB1,1243,0,1,1,5416,5418,C
2-PB1,1244,0,5449,0,2,5451,T
2-PB1,1245,5497,0,1,0,5498,A
2-PB1,1246,5488,0,0,0,5488,A
2-PB1,1247,0,3,5570,0,5573,G
2-PB1,1248,0,5541,0,1,5542,T
2-PB1,1249,5516,0,1,0,5517,A
2-PB1,1250,1,1,0,5561,5563,C
2-PB1,1251,1,4,5562,0,5567,G
2-PB1,1252,1,0,5863,0,5864,G
2-PB1,1253,0,5821,0,5,5826,T
2-PB1,1254,0,5810,0,1,5811,T
2-PB1,1255,0,5828,0,1,5829,T
2-PB1,1256,0,5819,0,1,5820,T
2-PB1,1257,5830,0,5,0,5835,A
2-PB1,1258,3,3,5804,0,5810,G
2-PB1,1259,0,7,5804,0,5811,G
2-PB1,1260,5706,0,2,0,5708,A
2-PB1,1261,0,1,5633,0,5634,G
2-PB1,1262,0,5687,0,3,5690,T
2-PB1,1263,3,0,0,5706,5709,C
2-PB1,1264,0,5715,0,9,5724,T
2-PB1,1265,6,1,1,5748,5756,C
2-PB1,1266,3,3,5757,0,5763,G
2-PB1,1267,5879,1,1,2,5883,A
2-PB1,1268,0,5911,0,1,5912,T
2-PB1,1269,5933,0,2,0,5935,A
2-PB1,1270,1,0,0,5948,5949,C
2-PB1,1271,0,5872,0,6,5878,T
2-PB1,1272,2,11,5882,0,5895,G
2-PB1,1273,5870,1,2,0,5873,A
2-PB1,1274,5937,0,0,0,5937,A
2-PB1,1275,0,5937,0,9,5946,T
2-PB1,1276,3,0,0,5842,5845,C
2-PB1,1277,0,5848,0,4,5852,T
2-PB1,1278,0,5834,0,1,5835,T
2-PB1,1279,1,3,5839,0,5843,G
2-PB1,1280,2,10,5830,0,5842,G
2-PB1,1281,5817,0,5,1,5823,A
2-PB1,1282,1,0,0,5843,5844,C
2-PB1,1283,5770,0,1,0,5771,A
2-PB1,1284,5797,0,0,0,5797,A
2-PB1,1285,5822,0,2,0,5824,A
2-PB1,1286,5821,4,9,0,5834,A
2-PB1,1287,0,3,5911,0,5914,G
2-PB1,1288,5924,1,4,1,5930,A
2-PB1,1289,5933,0,1,0,5934,A
2-PB1,1290,5924,1,2,0,5927,A
2-PB1,1291,0,5905,0,0,5905,T
2-PB1,1292,5928,0,4,0,5932,A
2-PB1,1293,0,0,0,6101,6101,C
2-PB1,1294,5989,1,11,2,6003,A
2-PB1,1295,1,1,0,6057,6059,C
2-PB1,1296,6,0,0,6001,6007,C
2-PB1,1297,5983,0,1,1,5985,A
2-PB1,1298,6021,1,6,5,6033,A
2-PB1,1299,0,5,6200,1,6206,G
2-PB1,1300,6225,0,5,0,6230,A
2-PB1,1301,2,0,1,6308,6311,C
2-PB1,1302,6179,1,5,0,6185,A
2-PB1,1303,6339,1,9,1,6350,A
2-PB1,1304,1,0,1,6374,6376,C
2-PB1,1305,6446,1,5,0,6452,A
2-PB1,1306,0,6461,0,0,6461,T
2-PB1,1307,6397,0,1,0,6398,A
2-PB1,1308,0,0,0,6528,6528,C
2-PB1,1309,0,6331,0,0,6331,T
2-PB1,1310,1,4,6437,0,6442,G
2-PB1,1311,1,4,6431,0,6436,G
2-PB1,1312,1,6224,0,1,6226,T
2-PB1,1313,1,11,6260,0,6272,G
2-PB1,1314,0,6,6188,2,6196,G
2-PB1,1315,4,4,6223,1,6232,G
2-PB1,1316,6203,1,6,0,6210,A
2-PB1,1317,0,6113,1,1,6115,T
2-PB1,1318,1,5,6115,0,6121,G
2-PB1,1319,0,5,6080,0,6085,G
2-PB1,1320,2,3,6103,0,6108,G
2-PB1,1321,1,2,0,6197,6200,C
2-PB1,1322,0,6158,0,7,6165,T
2-PB1,1323,4,0,0,6229,6233,C
2-PB1,1324,2,0,0,6232,6234,C
2-PB1,1325,6230,0,1,0,6231,A
2-PB1,1326,6238,0,2,0,6240,A
2-PB1,1327,0,6193,0,2,6195,T
2-PB1,1328,2,1,2,6141,6146,C
2-PB1,1329,5,4,0,6094,6103,C
2-PB1,1330,0,6065,0,5,6070,T
2-PB1,1331,3,0,0,6059,6062,C
2-PB1,1332,2,2,1,6054,6059,C
2-PB1,1333,2,2,6077,0,6081,G
2-PB1,1334,6046,0,0,0,6046,A
2-PB1,1335,0,1,0,6068,6069,C
2-PB1,1336,3,6,6074,0,6083,G
2-PB1,1337,6090,0,3,0,6093,A
2-PB1,1338,1,6093,1,1,6096,T
2-PB1,1339,0,6098,0,2,6100,T
2-PB1,1340,2,6076,0,2,6080,T
2-PB1,1341,0,6090,0,1,6091,T
2-PB1,1342,1,1,6101,0,6103,G
2-PB1,1343,1,1,0,6108,6110,C
2-PB1,1344,10,1,0,6100,6111,C
2-PB1,1345,5,1,0,6282,6288,C
2-PB1,1346,1,6223,0,8,6232,T
2-PB1,1347,6,1,0,6470,6477,C
2-PB1,1348,6520,0,1,0,6521,A
2-PB1,1349,1,6551,1,2,6555,T
2-PB1,1350,6554,0,1,0,6555,A
2-PB1,1351,1,0,6597,0,6598,G
2-PB1,1352,0,6519,0,1,6520,T
2-PB1,1353,16,10,6543,0,6569,G
2-PB1,1354,6393,1,3,0,6397,A
2-PB1,1355,6394,1,3,0,6398,A
2-PB1,1356,0,6122,0,2,6124,T
2-PB1,1357,4,1,6090,0,6095,G
2-PB1,1358,0,2,0,6138,6140,C
2-PB1,1359,6113,1,5,1,6120,A
2-PB1,1360,2,0,0,6139,6141,C
2-PB1,1361,12,0,0,6083,6095,C
2-PB1,1362,6071,0,1,2,6074,A
2-PB1,1363,6057,0,0,0,6057,A
2-PB1,1364,6049,0,1,0,6050,A
2-PB1,1365,0,5925,0,2,5927,T
2-PB1,1366,9,0,0,6100,6109,C
2-PB1,1367,6095,1,5,0,6101,A
2-PB1,1368,0,6110,0,1,6111,T
2-PB1,1369,0,1,6118,0,6119,G
2-PB1,1370,6114,0,15,0,6129,A
2-PB1,1371,3,3,6154,0,6160,G
2-PB1,1372,0,4,6140,0,6144,G
2-PB1,1373,1,2,6181,0,6184,G
2-PB1,1374,6133,1,1,0,6135,A
2-PB1,1375,6237,0,6,0,6243,A
2-PB1,1376,0,6247,0,4,6251,T
2-PB1,1377,6220,0,2,18,6240,A
2-PB1,1378,1,3,0,6242,6246,C
2-PB1,1379,6295,0,2,0,6297,A
2-PB1,1380,6270,0,4,1,6275,A
2-PB1,1381,0,0,6247,1,6248,G
2-PB1,1382,0,1,0,6208,6209,C
2-PB1,1383,6163,0,2,0,6165,A
2-PB1,1384,0,3,6197,0,6200,G
2-PB1,1385,3,9,6201,0,6213,G
2-PB1,1386,6162,0,8,0,6170,A
2-PB1,1387,2,2,6211,0,6215,G
2-PB1,1388,0,6078,0,5,6083,T
2-PB1,1389,1,4,6169,0,6174,G
2-PB1,1390,1,1,6219,0,6221,G
2-PB1,1391,6198,0,7,0,6205,A
2-PB1,1392,0,6197,0,0,6197,T
2-PB1,1393,6110,1,1,0,6112,A
2-PB1,1394,9,4,6130,0,6143,G
2-PB1,1395,6193,0,3,0,6196,A
2-PB1,1396,0,6167,0,3,6170,T
2-PB1,1397,0,6124,0,7,6131,T
2-PB1,1398,8,1,1,6311,6321,C
2-PB1,1399,0,6292,0,1,6293,T
2-PB1,1400,6308,0,0,0,6308,A
2-PB1,1401,0,0,0,6306,6306,C
2-PB1,1402,6187,2,1,0,6190,A
2-PB1,1403,2,5,6178,0,6185,G
2-PB1,1404,2,7,6054,0,6063,G
2-PB1,1405,6100,0,6,0,6106,A
2-PB1,1406,1,1,0,6083,6085,C
2-PB1,1407,1,0,0,5965,5966,C
2-PB1,1408,0,5931,0,9,5940,T
2-PB1,1409,1,0,5939,0,5940,G
2-PB1,1410,0,0,1,5940,5941,C
2-PB1,1411,5955,0,5,0,5960,A
2-PB1,1412,5963,0,4,12,5979,A
2-PB1,1413,2,1,5989,0,5992,G
2-PB1,1414,0,5872,0,2,5874,T
2-PB1,1415,0,5886,0,1,5887,T
2-PB1,1416,5789,0,2,0,5791,A
2-PB1,1417,0,0,5797,0,5797,G
2-PB1,1418,0,5739,0,6,5745,T
2-PB1,1419,0,3,5750,0,5753,G
2-PB1,1420,2,3,5741,0,5746,G
2-PB1,1421,3,5,5744,0,5752,G
2-PB1,1422,5730,0,9,0,5739,A
2-PB1,1423,5742,0,1,0,5743,A
2-PB1,1424,0,5742,0,1,5743,T
2-PB1,1425,12,0,0,5747,5759,C
2-PB1,1426,5757,0,2,1,5760,A
2-PB1,1427,5759,0,7,0,5766,A
2-PB1,1428,2,0,0,5744,5746,C
2-PB1,1429,5747,0,0,0,5747,A
2-PB1,1430,0,5630,0,3,5633,T
2-PB1,1431,2,16,5643,0,5661,G
2-PB1,1432,5656,0,2,0,5658,A
2-PB1,1433,0,1,5687,0,5688,G
2-PB1,1434,1,0,1,5654,5656,C
2-PB1,1435,5666,0,2,0,5668,A
2-PB1,1436,5656,0,2,0,5658,A
2-PB1,1437,5667,0,3,0,5670,A
2-PB1,1438,5704,0,0,1,5705,A
2-PB1,1439,5715,0,0,0,5715,A
2-PB1,1440,4,4,5672,0,5680,G
2-PB1,1441,5636,0,3,0,5639,A
2-PB1,1442,5578,0,7,0,5585,A
2-PB1,1443,0,0,5748,0,5748,G
2-PB1,1444,0,5711,0,5,5716,T
2-PB1,1445,7,0,0,5726,5733,C
2-PB1,1446,5,0,0,5784,5789,C
2-PB1,1447,0,5746,1,4,5751,T
2-PB1,1448,5828,0,0,0,5828,A
2-PB1,1449,1,5814,0,0,5815,T
2-PB1,1450,5828,0,2,1,5831,A
2-PB1,1451,0,5831,0,0,5831,T
2-PB1,1452,5666,0,0,0,5666,A
2-PB1,1453,5671,0,0,0,5671,A
2-PB1,1454,5641,0,0,0,5641,A
2-PB1,1455,0,5637,0,0,5637,T
2-PB1,1456,5584,0,2,0,5586,A
2-PB1,1457,5558,0,2,0,5560,A
2-PB1,1458,5567,0,0,0,5567,A
2-PB1,1459,5556,0,2,0,5558,A
2-PB1,1460,0,0,0,5570,5570,C
2-PB1,1461,5344,0,0,0,5344,A
2-PB1,1462,4,9,5334,0,5347,G
2-PB1,1463,0,7,5330,0,5337,G
2-PB1,1464,0,4,5337,0,5341,G
2-PB1,1465,5300,1,7,0,5308,A
2-PB1,1466,1,2,0,5383,5386,C
2-PB1,1467,5338,0,0,0,5338,A
2-PB1,1468,0,5352,0,0,5352,T
2-PB1,1469,0,5367,0,2,5369,T
2-PB1,1470,0,5378,0,5,5383,T
2-PB1,1471,0,8,5367,0,5375,G
2-PB1,1472,5332,0,3,0,5335,A
2-PB1,1473,5352,0,0,0,5352,A
2-PB1,1474,0,5327,0,1,5328,T
2-PB1,1475,0,5233,1,1,5235,T
2-PB1,1476,3,0,1,5266,5270,C
2-PB1,1477,5192,1,1,0,5194,A
2-PB1,1478,0,2,0,5200,5202,C
2-PB1,1479,0,5212,0,0,5212,T
2-PB1,1480,5213,0,1,0,5214,A
2-PB1,1481,0,1,5192,0,5193,G
2-PB1,1482,1,1,0,5194,5196,C
2-PB1,1483,0,5165,0,7,5172,T
2-PB1,1484,0,5210,0,0,5210,T
2-PB1,1485,0,5179,0,0,5179,T
2-PB1,1486,1,5187,0,1,5189,T
2-PB1,1487,0,5193,0,0,5193,T
2-PB1,1488,0,5202,0,3,5205,T
2-PB1,1489,1,5177,1,0,5179,T
2-PB1,1490,5166,0,3,0,5169,A
2-PB1,1491,1,5131,0,0,5132,T
2-PB1,1492,6,1,0,5178,5185,C
2-PB1,1493,1,3,5206,0,5210,G
2-PB1,1494,5368,0,0,0,5368,A
2-PB1,1495,0,5345,0,1,5346,T
2-PB1,1496,5361,0,1,0,5362,A
2-PB1,1497,0,5409,0,2,5411,T
2-PB1,1498,2,6,5384,0,5392,G
2-PB1,1499,0,7,5400,1,5408,G
2-PB1,1500,5406,1,4,0,5411,A
2-PB1,1501,0,5345,0,1,5346,T
2-PB1,1502,0,5321,0,3,5324,T
2-PB1,1503,0,5184,0,0,5184,T
2-PB1,1504,0,0,5197,0,5197,G
2-PB1,1505,0,5129,0,2,5131,T
2-PB1,1506,1,1,5125,1,5128,G
2-PB1,1507,3,1,5107,0,5111,G
2-PB1,1508,2,0,0,5017,5019,C
2-PB1,1509,0,5108,0,2,5110,T
2-PB1,1510,5121,0,0,0,5121,A
2-PB1,1511,5151,0,1,0,5152,A
2-PB1,1512,0,5173,0,1,5174,T
2-PB1,1513,0,5191,0,2,5193,T
2-PB1,1514,0,5180,1,1,5182,T
2-PB1,1515,0,5194,0,0,5194,T
2-PB1,1516,5193,1,3,0,5197,A
2-PB1,1517,1,2,5225,0,5228,G
2-PB1,1518,2,1,0,5227,5230,C
2-PB1,1519,5198,0,2,0,5200,A
2-PB1,1520,0,5137,0,4,5141,T
2-PB1,1521,1,2,5087,0,5090,G
2-PB1,1522,1,5,5141,0,5147,G
2-PB1,1523,5132,0,5,0,5137,A
2-PB1,1524,0,2,5136,0,5138,G
2-PB1,1525,0,2,0,5103,5105,C
2-PB1,1526,0,5078,0,1,5079,T
2-PB1,1527,6,1,5098,0,5105,G
2-PB1,1528,1,0,0,5038,5039,C
2-PB1,1529,11,3,0,5031,5045,C
2-PB1,1530,4,0,0,5108,5112,C
2-PB1,1531,4970,0,0,0,4970,A
2-PB1,1532,1,0,5211,0,5212,G
2-PB1,1533,0,5182,0,1,5183,T
2-PB1,1534,0,5166,0,9,5175,T
2-PB1,1535,0,5180,0,2,5182,T
2-PB1,1536,0,5120,0,0,5120,T
2-PB1,1537,1,5,5117,1,5124,G
2-PB1,1538,0,7,5110,0,5117,G
2-PB1,1539,5088,0,8,0,5096,A
2-PB1,1540,0,1,5116,0,5117,G
2-PB1,1541,0,4731,0,1,4732,T
2-PB1,1542,1,2,4913,0,4916,G
2-PB1,1543,0,4867,0,2,4869,T
2-PB1,1544,6,1,0,4892,4899,C
2-PB1,1545,1,4916,0,1,4918,T
2-PB1,1546,0,2,4936,0,4938,G
2-PB1,1547,0,9,4973,0,4982,G
2-PB1,1548,4986,1,0,0,4987,A
2-PB1,1549,4999,0,1,0,5000,A
2-PB1,1550,0,4963,0,0,4963,T
2-PB1,1551,4585,0,4,0,4589,A
2-PB1,1552,4579,0,1,0,4580,A
2-PB1,1553,4576,0,3,0,4579,A
2-PB1,1554,0,1,0,4583,4584,C
2-PB1,1555,0,10,4533,2,4545,G
2-PB1,1556,4480,0,0,0,4480,A
2-PB1,1557,0,1,4469,0,4470,G
2-PB1,1558,1,4430,0,2,4433,T
2-PB1,1559,18,1,0,4460,4479,C
2-PB1,1560,4476,0,6,0,4482,A
2-PB1,1561,1,10,4511,0,4522,G
2-PB1,1562,2,1,1,4518,4522,C
2-PB1,1563,0,4522,1,2,4525,T
2-PB1,1564,1,2,4652,0,4655,G
2-PB1,1565,4614,0,1,0,4615,A
2-PB1,1566,0,4620,0,1,4621,T
2-PB1,1567,4619,0,1,0,4620,A
2-PB1,1568,0,4547,0,1,4548,T
2-PB1,1569,0,10,4552,0,4562,G
2-PB1,1570,4347,0,8,0,4355,A
2-PB1,1571,1,1,4395,0,4397,G
2-PB1,1572,1,0,0,4402,4403,C
2-PB1,1573,4118,1,0,0,4119,A
2-PB1,1574,2,4097,0,1,4100,T
2-PB1,1575,0,4095,0,1,4096,T
2-PB1,1576,0,2,4155,0,4157,G
2-PB1,1577,0,4,4262,0,4266,G
2-PB1,1578,4182,1,16,0,4199,A
2-PB1,1579,1,1,4199,0,4201,G
2-PB1,1580,0,4020,0,1,4021,T
2-PB1,1581,4020,0,2,1,4023,A
2-PB1,1582,4017,0,0,1,4018,A
2-PB1,1583,0,0,0,4037,4037,C
2-PB1,1584,4000,0,0,0,4000,A
2-PB1,1585,0,0,4077,0,4077,G
2-PB1,1586,0,3536,0,3,3539,T
2-PB1,1587,1,2,3569,0,3572,G
2-PB1,1588,3595,0,8,1,3604,A
2-PB1,1589,0,3598,0,2,3600,T
2-PB1,1590,3588,0,3,0,3591,A
2-PB1,1591,3587,0,0,0,3587,A
2-PB1,1592,3455,1,5,1,3462,A
2-PB1,1593,0,4,3486,0,3490,G
2-PB1,1594,3272,1,2,0,3275,A
2-PB1,1595,3243,0,4,0,3247,A
2-PB1,1596,0,2,0,3257,3259,C
2-PB1,1597,3093,0,2,0,3095,A
2-PB1,1598,3136,0,3,0,3139,A
2-PB1,1599,1,3,0,3139,3143,C
2-PB1,1600,3155,0,0,0,3155,A
2-PB1,1601,0,3132,5,1,3138,T
2-PB1,1602,0,4,3066,0,3070,G
2-PB1,1603,3058,0,4,0,3062,A
2-PB1,1604,0,3050,0,0,3050,T
2-PB1,1605,2992,0,0,0,2992,A
2-PB1,1606,3008,0,0,0,3008,A
2-PB1,1607,2924,0,1,1,2926,A
2-PB1,1608,0,1,0,2956,2957,C
2-PB1,1609,2764,0,0,0,2764,A
2-PB1,1610,2744,0,1,0,2745,A
2-PB1,1611,0,2659,0,0,2659,T
2-PB1,1612,0,5,2667,0,2672,G
2-PB1,1613,2693,0,3,0,2696,A
2-PB1,1614,1,0,0,2753,2754,C
2-PB1,1615,3,0,0,2699,2702,C
2-PB1,1616,0,2583,0,0,2583,T
2-PB1,1617,0,2521,0,0,2521,T
2-PB1,1618,0,3,2527,0,2530,G
2-PB1,1619,0,3,2531,0,2534,G
2-PB1,1620,2547,0,2,0,2549,A
2-PB1,1621,1,0,1,2549,2551,C
2-PB1,1622,0,1,0,2526,2527,C
2-PB1,1623,2518,0,2,0,2520,A
2-PB1,1624,1,0,2543,0,2544,G
2-PB1,1625,0,0,0,2558,2558,C
2-PB1,1626,2562,0,0,0,2562,A
2-PB1,1627,2553,0,1,0,2554,A
2-PB1,1628,0,0,0,2547,2547,C
2-PB1,1629,2522,0,0,0,2522,A
2-PB1,1630,0,1,2570,0,2571,G
2-PB1,1631,0,0,0,2562,2562,C
2-PB1,1632,1,0,0,2579,2580,C
2-PB1,1633,6,0,0,2578,2584,C
2-PB1,1634,2587,0,0,0,2587,A
2-PB1,1635,2591,0,0,0,2591,A
2-PB1,1636,2587,0,0,0,2587,A
2-PB1,1637,0,2567,0,0,2567,T
2-PB1,1638,0,3,2564,0,2567,G
2-PB1,1639,1,0,2516,0,2517,G
2-PB1,1640,0,0,0,2543,2543,C
2-PB1,1641,0,2517,0,2,2519,T
2-PB1,1642,2,0,0,2600,2602,C
2-PB1,1643,0,2585,0,6,2591,T
2-PB1,1644,3,0,0,2608,2611,C
2-PB1,1645,0,0,0,2618,2618,C
2-PB1,1646,2631,0,1,0,2632,A
2-PB1,1647,2638,0,0,0,2638,A
2-PB1,1648,0,2606,0,0,2606,T
2-PB1,1649,0,2593,0,0,2593,T
2-PB1,1650,0,0,2609,0,2609,G
2-PB1,1651,1,2550,0,1,2552,T
2-PB1,1652,0,2553,0,0,2553,T
2-PB1,1653,6,7,0,2561,2574,C
2-PB1,1654,2567,0,1,0,2568,A
2-PB1,1655,0,2561,0,0,2561,T
2-PB1,1656,0,0,0,2569,2569,C
2-PB1,1657,2572,0,0,0,2572,A
2-PB1,1658,2575,0,0,0,2575,A
2-PB1,1659,2564,2,1,0,2567,A
2-PB1,1660,0,6,2615,0,2621,G
2-PB1,1661,2609,0,1,0,2610,A
2-PB1,1662,0,2609,0,1,2610,T
2-PB1,1663,0,2621,0,0,2621,T
2-PB1,1664,2620,0,3,0,2623,A
2-PB1,1665,1,0,0,2671,2672,C
2-PB1,1666,2670,0,0,0,2670,A
2-PB1,1667,0,0,2701,0,2701,G
2-PB1,1668,2683,0,1,0,2684,A
2-PB1,1669,1,2706,0,0,2707,T
2-PB1,1670,2718,0,1,0,2719,A
2-PB1,1671,0,0,0,2905,2905,C
2-PB1,1672,2946,0,3,0,2949,A
2-PB1,1673,0,0,0,3150,3150,C
2-PB1,1674,3120,0,0,0,3120,A
2-PB1,1675,0,3139,0,0,3139,T
2-PB1,1676,3116,0,0,0,3116,A
2-PB1,1677,2,3092,0,1,3095,T
2-PB1,1678,3035,0,1,0,3036,A
2-PB1,1679,0,2,3025,0,3027,G
2-PB1,1680,1,0,2967,0,2968,G
2-PB1,1681,0,2809,0,1,2810,T
2-PB1,1682,2,0,2783,1,2786,G
2-PB1,1683,0,3,0,2872,2875,C
2-PB1,1684,2,1,1,2887,2891,C
2-PB1,1685,2934,0,1,0,2935,A
2-PB1,1686,0,2933,0,0,2933,T
2-PB1,1687,2954,0,0,0,2954,A
2-PB1,1688,0,1,2956,1,2958,G
2-PB1,1689,2883,0,0,0,2883,A
2-PB1,1690,0,0,2900,0,2900,G
2-PB1,1691,0,2,2876,0,2878,G
2-PB1,1692,2771,0,1,0,2772,A
2-PB1,1693,0,2,2804,0,2806,G
2-PB1,1694,2774,0,6,0,2780,A
2-PB1,1695,0,4,0,2792,2796,C
2-PB1,1696,2771,1,1,0,2773,A
2-PB1,1697,0,0,0,2827,2827,C
2-PB1,1698,2810,0,5,0,2815,A
2-PB1,1699,3,0,0,2840,2843,C
2-PB1,1700,2821,0,0,0,2821,A
2-PB1,1701,2829,0,0,0,2829,A
2-PB1,1702,2842,0,0,1,2843,A
2-PB1,1703,0,2829,0,0,2829,T
2-PB1,1704,1,0,0,2814,2815,C
2-PB1,1705,1,0,0,2835,2836,C
2-PB1,1706,2819,0,1,0,2820,A
2-PB1,1707,0,0,2823,0,2823,G
2-PB1,1708,2808,0,0,0,2808,A
2-PB1,1709,2,0,0,2835,2837,C
2-PB1,1710,1,6,2829,0,2836,G
2-PB1,1711,2810,0,1,0,2811,A
2-PB1,1712,0,3,2815,1,2819,G
2-PB1,1713,2833,0,0,0,2833,A
2-PB1,1714,2833,0,1,0,2834,A
2-PB1,1715,0,4,2834,0,2838,G
2-PB1,1716,2817,1,3,0,2821,A
2-PB1,1717,0,2823,0,0,2823,T
2-PB1,1718,3,0,0,2802,2805,C
2-PB1,1719,2824,0,0,0,2824,A
2-PB1,1720,0,2813,0,1,2814,T
2-PB1,1721,0,2809,1,1,2811,T
2-PB1,1722,3,2,1,2819,2825,C
2-PB1,1723,0,8,2816,0,2824,G
2-PB1,1724,2797,0,0,0,2797,A
2-PB1,1725,0,0,2804,0,2804,G
2-PB1,1726,2783,0,2,0,2785,A
2-PB1,1727,0,2900,0,0,2900,T
2-PB1,1728,2915,0,0,0,2915,A
2-PB1,1729,2924,0,0,0,2924,A
2-PB1,1730,2911,0,1,0,2912,A
2-PB1,1731,19,1,2904,1,2925,G
2-PB1,1732,2918,0,0,0,2918,A
2-PB1,1733,2807,0,9,0,2816,A
2-PB1,1734,0,1,2836,0,2837,G
2-PB1,1735,0,1,0,2835,2836,C
2-PB1,1736,0,2802,0,0,2802,T
2-PB1,1737,1,0,2814,0,2815,G
2-PB1,1738,0,2786,0,2,2788,T
2-PB1,1739,0,4,2791,0,2795,G
2-PB1,1740,0,0,2807,0,2807,G
2-PB1,1741,10,3,2803,1,2817,G
2-PB1,1742,2822,0,3,0,2825,A
2-PB1,1743,0,2790,0,13,2803,T
2-PB1,1744,5,9,0,2781,2795,C
2-PB1,1745,2793,1,1,0,2795,A
2-PB1,1746,2805,0,0,0,2805,A
2-PB1,1747,2808,1,1,0,2810,A
2-PB1,1748,0,3,0,2816,2819,C
2-PB1,1749,2,1,0,2809,2812,C
2-PB1,1750,7,0,0,2799,2806,C
2-PB1,1751,2810,0,0,0,2810,A
2-PB1,1752,2846,0,0,0,2846,A
2-PB1,1753,0,2840,0,1,2841,T
2-PB1,1754,4,1,0,2845,2850,C
2-PB1,1755,2834,1,2,0,2837,A
2-PB1,1756,2812,1,2,0,2815,A
2-PB1,1757,1,5,2833,0,2839,G
2-PB1,1758,0,3,2817,1,2821,G
2-PB1,1759,1,0,2824,0,2825,G
2-PB1,1760,0,2,0,2831,2833,C
2-PB1,1761,2788,0,0,0,2788,A
2-PB1,1762,0,0,2866,0,2866,G
2-PB1,1763,0,0,2881,2,2883,G
2-PB1,1764,2889,0,0,0,2889,A
2-PB1,1765,1,0,0,2939,2940,C
2-PB1,1766,0,2878,0,0,2878,T
2-PB1,1767,2949,2,0,0,2951,A
2-PB1,1768,0,2943,0,2,2945,T
2-PB1,1769,0,2954,0,1,2955,T
2-PB1,1770,0,4,2957,2,2963,G
2-PB1,1771,1,0,2935,0,2936,G
2-PB1,1772,0,2899,0,1,2900,T
2-PB1,1773,2907,0,0,0,2907,A
2-PB1,1774,0,2866,0,3,2869,T
2-PB1,1775,4,2,0,2866,2872,C
2-PB1,1776,2821,0,0,1,2822,A
2-PB1,1777,0,2,2861,0,2863,G
2-PB1,1778,2845,0,1,0,2846,A
2-PB1,1779,0,2838,0,0,2838,T
2-PB1,1780,0,3,2721,1,2725,G
2-PB1,1781,1,2,2713,1,2717,G
2-PB1,1782,1,0,2719,0,2720,G
2-PB1,1783,0,2,2723,0,2725,G
2-PB1,1784,1,6,2715,0,2722,G
2-PB1,1785,2705,0,1,0,2706,A
2-PB1,1786,0,0,0,2715,2715,C
2-PB1,1787,3,0,0,2687,2690,C
2-PB1,1788,2705,0,0,0,2705,A
2-PB1,1789,2870,0,0,0,2870,A
2-PB1,1790,2875,0,0,0,2875,A
2-PB1,1791,1,0,0,2953,2954,C
2-PB1,1792,0,2928,0,0,2928,T
2-PB1,1793,0,2921,0,0,2921,T
2-PB1,1794,2936,0,0,0,2936,A
2-PB1,1795,0,2931,0,0,2931,T
2-PB1,1796,2932,0,1,0,2933,A
2-PB1,1797,1,2,0,2939,2942,C
2-PB1,1798,2739,1,1,0,2741,A
2-PB1,1799,2745,0,0,0,2745,A
2-PB1,1800,0,2672,0,0,2672,T
2-PB1,1801,2714,0,0,0,2714,A
2-PB1,1802,0,2715,0,1,2716,T
2-PB1,1803,1,1,0,2709,2711,C
2-PB1,1804,3,0,0,2705,2708,C
2-PB1,1805,0,2,2705,0,2707,G
2-PB1,1806,1,3,2705,0,2709,G
2-PB1,1807,2707,0,0,0,2707,A
2-PB1,1808,2708,0,0,0,2708,A
2-PB1,1809,0,2696,0,0,2696,T
2-PB1,1810,2,0,0,2699,2701,C
2-PB1,1811,0,2699,0,0,2699,T
2-PB1,1812,0,2713,0,0,2713,T
2-PB1,1813,4,0,0,2708,2712,C
2-PB1,1814,2712,0,2,0,2714,A
2-PB1,1815,0,0,0,2721,2721,C
2-PB1,1816,2710,0,1,0,2711,A
2-PB1,1817,0,2917,0,6,2923,T
2-PB1,1818,2,0,0,2930,2932,C
2-PB1,1819,2,1,0,2930,2933,C
2-PB1,1820,5,0,0,2956,2961,C
2-PB1,1821,1,2954,1,7,2963,T
2-PB1,1822,2,3,2963,0,2968,G
2-PB1,1823,2945,0,1,0,2946,A
2-PB1,1824,2945,0,0,0,2945,A
2-PB1,1825,0,0,2958,0,2958,G
2-PB1,1826,0,2766,0,2,2768,T
2-PB1,1827,2,0,0,2779,2781,C
2-PB1,1828,0,2740,0,1,2741,T
2-PB1,1829,11,1,2791,0,2803,G
2-PB1,1830,1,0,0,2803,2804,C
2-PB1,1831,0,2802,0,7,2809,T
2-PB1,1832,0,2805,0,0,2805,T
2-PB1,1833,2816,0,0,0,2816,A
2-PB1,1834,2805,0,0,0,2805,A
2-PB1,1835,2804,0,0,0,2804,A
2-PB1,1836,2739,0,5,1,2745,A
2-PB1,1837,0,2763,1,0,2764,T
2-PB1,1838,0,3,2755,0,2758,G
2-PB1,1839,0,1,2757,0,2758,G
2-PB1,1840,0,1,2758,0,2759,G
2-PB1,1841,2749,0,4,0,2753,A
2-PB1,1842,0,0,2778,0,2778,G
2-PB1,1843,11,0,0,2748,2759,C
2-PB1,1844,0,2773,0,2,2775,T
2-PB1,1845,0,0,2793,0,2793,G
2-PB1,1846,2760,0,1,0,2761,A
2-PB1,1847,0,2775,0,1,2776,T
2-PB1,1848,1,0,2787,0,2788,G
2-PB1,1849,1,1,2777,0,2779,G
2-PB1,1850,2781,0,1,0,2782,A
2-PB1,1851,0,2781,0,0,2781,T
2-PB1,1852,0,5,2783,0,2788,G
2-PB1,1853,2767,0,1,0,2768,A
2-PB1,1854,1,6,2794,0,2801,G
2-PB1,1855,2820,0,1,1,2822,A
2-PB1,1856,2813,0,0,0,2813,A
2-PB1,1857,0,2793,0,0,2793,T
2-PB1,1858,0,2793,0,10,2803,T
2-PB1,1859,2808,0,0,0,2808,A
2-PB1,1860,0,2798,0,0,2798,T
2-PB1,1861,0,1,0,2800,2801,C
2-PB1,1862,10,7,2778,0,2795,G
2-PB1,1863,1,5,2743,0,2749,G
2-PB1,1864,2,2,2740,0,2744,G
2-PB1,1865,1,3,2744,0,2748,G
2-PB1,1866,2758,0,0,0,2758,A
2-PB1,1867,2755,0,1,0,2756,A
2-PB1,1868,0,2,2777,1,2780,G
2-PB1,1869,2792,0,0,0,2792,A
2-PB1,1870,1,0,0,2824,2825,C
2-PB1,1871,0,2793,0,0,2793,T
2-PB1,1872,0,2844,0,0,2844,T
2-PB1,1873,0,2857,0,0,2857,T
2-PB1,1874,1,0,2871,0,2872,G
2-PB1,1875,0,2868,0,0,2868,T
2-PB1,1876,2858,0,1,0,2859,A
2-PB1,1877,2851,0,0,0,2851,A
2-PB1,1878,0,2787,0,1,2788,T
2-PB1,1879,4,0,0,2812,2816,C
2-PB1,1880,2,0,1,2791,2794,C
2-PB1,1881,4,0,0,2762,2766,C
2-PB1,1882,3,1,0,2774,2778,C
2-PB1,1883,0,2773,0,2,2775,T
2-PB1,1884,8,0,2780,0,2788,G
2-PB1,1885,2773,0,1,0,2774,A
2-PB1,1886,2789,0,0,0,2789,A
2-PB1,1887,0,2791,0,0,2791,T
2-PB1,1888,2,0,0,2784,2786,C
2-PB1,1889,0,0,0,2782,2782,C
2-PB1,1890,5,0,0,2767,2772,C
2-PB1,1891,0,2772,2,2,2776,T
2-PB1,1892,0,2784,0,1,2785,T
2-PB1,1893,0,2776,0,0,2776,T
2-PB1,1894,0,0,2780,1,2781,G
2-PB1,1895,0,2758,1,3,2762,T
2-PB1,1896,2,1,0,2764,2767,C
2-PB1,1897,2752,0,2,0,2754,A
2-PB1,1898,2,1,2773,0,2776,G
2-PB1,1899,1,0,0,2764,2765,C
2-PB1,1900,5,0,0,2763,2768,C
2-PB1,1901,2781,0,0,0,2781,A
2-PB1,1902,0,2791,0,0,2791,T
2-PB1,1903,2787,0,0,0,2787,A
2-PB1,1904,2794,1,3,0,2798,A
2-PB1,1905,2803,0,0,0,2803,A
2-PB1,1906,1,2,2837,0,2840,G
2-PB1,1907,2780,0,0,0,2780,A
2-PB1,1908,2783,0,0,0,2783,A
2-PB1,1909,2780,0,1,0,2781,A
2-PB1,1910,1,2765,0,0,2766,T
2-PB1,1911,0,2761,0,0,2761,T
2-PB1,1912,0,5,2774,0,2779,G
2-PB1,1913,2753,0,4,0,2757,A
2-PB1,1914,2,0,2782,0,2784,G
2-PB1,1915,0,2795,1,1,2797,T
2-PB1,1916,4,0,0,2823,2827,C
2-PB1,1917,0,2826,0,2,2828,T
2-PB1,1918,1,2,2869,0,2872,G
2-PB1,1919,0,2874,0,1,2875,T
2-PB1,1920,2907,0,0,1,2908,A
2-PB1,1921,2896,0,3,1,2900,A
2-PB1,1922,2890,7,0,0,2897,A
2-PB1,1923,1,4,0,2900,2905,C
2-PB1,1924,2832,0,0,0,2832,A
2-PB1,1925,2895,0,0,0,2895,A
2-PB1,1926,0,2871,0,1,2872,T
2-PB1,1927,0,0,2862,0,2862,G
2-PB1,1928,0,0,0,2883,2883,C
2-PB1,1929,0,2849,0,3,2852,T
2-PB1,1930,1,1,2951,0,2953,G
2-PB1,1931,1,2936,0,2,2939,T
2-PB1,1932,2980,0,1,0,2981,A
2-PB1,1933,0,0,2981,0,2981,G
2-PB1,1934,0,2915,0,2,2917,T
2-PB1,1935,2902,0,3,0,2905,A
2-PB1,1936,2871,1,0,0,2872,A
2-PB1,1937,0,2861,0,0,2861,T
2-PB1,1938,1,0,2852,0,2853,G
2-PB1,1939,0,0,0,2791,2791,C
2-PB1,1940,1,0,0,2777,2778,C
2-PB1,1941,2719,1,1,12,2733,A
2-PB1,1942,1,0,2764,0,2765,G
2-PB1,1943,2,0,0,2809,2811,C
2-PB1,1944,4,0,0,2810,2814,C
2-PB1,1945,4,0,0,2817,2821,C
2-PB1,1946,2798,0,3,0,2801,A
2-PB1,1947,0,2800,0,3,2803,T
2-PB1,1948,0,0,2803,0,2803,G
2-PB1,1949,0,0,2836,0,2836,G
2-PB1,1950,0,2800,0,20,2820,T
2-PB1,1951,7,2,0,2748,2757,C
2-PB1,1952,0,0,1,2705,2706,C
2-PB1,1953,0,2694,2,2,2698,T
2-PB1,1954,2,1,2743,0,2746,G
2-PB1,1955,1,0,0,2723,2724,C
2-PB1,1956,4,0,0,2738,2742,C
2-PB1,1957,2746,0,0,0,2746,A
2-PB1,1958,2698,0,0,0,2698,A
2-PB1,1959,2707,0,1,0,2708,A
2-PB1,1960,2708,0,0,0,2708,A
2-PB1,1961,0,0,2764,0,2764,G
2-PB1,1962,0,2701,1,0,2702,T
2-PB1,1963,2736,0,0,0,2736,A
2-PB1,1964,0,2724,0,0,2724,T
2-PB1,1965,0,4,2722,0,2726,G
2-PB1,1966,1,3,2766,0,2770,G
2-PB1,1967,2771,0,1,0,2772,A
2-PB1,1968,2798,0,1,0,2799,A
2-PB1,1969,0,2789,0,0,2789,T
2-PB1,1970,2749,0,0,0,2749,A
2-PB1,1971,0,2735,0,2,2737,T
2-PB1,1972,0,5,2710,0,2715,G
2-PB1,1973,2721,0,2,0,2723,A
2-PB1,1974,0,2705,0,0,2705,T
2-PB1,1975,0,0,2638,0,2638,G
2-PB1,1976,0,0,0,2635,2635,C
2-PB1,1977,3,0,0,2598,2601,C
2-PB1,1978,3,0,2613,0,2616,G
2-PB1,1979,0,2604,0,1,2605,T
2-PB1,1980,0,2612,0,0,2612,T
2-PB1,1981,0,0,2619,0,2619,G
2-PB1,1982,0,1,0,2664,2665,C
2-PB1,1983,2666,1,1,0,2668,A
2-PB1,1984,2677,0,2,0,2679,A
2-PB1,1985,0,0,0,2707,2707,C
2-PB1,1986,0,2688,1,0,2689,T
2-PB1,1987,2690,0,0,0,2690,A
2-PB1,1988,0,1,0,2697,2698,C
2-PB1,1989,2689,0,2,0,2691,A
2-PB1,1990,0,0,1,2694,2695,C
2-PB1,1991,2594,0,0,0,2594,A
2-PB1,1992,0,9,0,2780,2789,C
2-PB1,1993,0,2709,0,9,2718,T
2-PB1,1994,4,2,2,2749,2757,C
2-PB1,1995,3,0,0,2761,2764,C
2-PB1,1996,0,2728,0,2,2730,T
2-PB1,1997,0,1,2743,1,2745,G
2-PB1,1998,0,1,2743,0,2744,G
2-PB1,1999,2721,0,4,0,2725,A
2-PB1,2000,0,2730,0,0,2730,T
2-PB1,2001,0,2475,0,1,2476,T
2-PB1,2002,1,0,0,2509,2510,C
2-PB1,2003,2,0,0,2501,2503,C
2-PB1,2004,0,0,0,2520,2520,C
2-PB1,2005,2528,0,0,1,2529,A
2-PB1,2006,2538,0,0,0,2538,A
2-PB1,2007,0,1,2547,0,2548,G
2-PB1,2008,2527,0,0,0,2527,A
2-PB1,2009,0,1,2530,1,2532,G
2-PB1,2010,9,3,2523,0,2535,G
2-PB1,2011,2484,0,2,0,2486,A
2-PB1,2012,2481,0,1,1,2483,A
2-PB1,2013,1,0,0,2483,2484,C
2-PB1,2014,0,0,0,2467,2467,C
2-PB1,2015,1,1,2517,0,2519,G
2-PB1,2016,0,0,0,2510,2510,C
2-PB1,2017,0,2512,0,1,2513,T
2-PB1,2018,2,0,0,2513,2515,C
2-PB1,2019,1,2493,0,6,2500,T
2-PB1,2020,2643,0,2,0,2645,A
2-PB1,2021,0,2646,0,2,2648,T
2-PB1,2022,0,2648,0,0,2648,T
2-PB1,2023,1,4,0,2658,2663,C
2-PB1,2024,0,2579,1,0,2580,T
2-PB1,2025,2585,0,1,0,2586,A
2-PB1,2026,2582,0,2,0,2584,A
2-PB1,2027,2582,1,1,0,2584,A
2-PB1,2028,0,0,0,2583,2583,C
2-PB1,2029,2398,0,0,0,2398,A
2-PB1,2030,0,0,0,2395,2395,C
2-PB1,2031,2366,1,2,0,2369,A
2-PB1,2032,2380,1,1,0,2382,A
2-PB1,2033,0,2,2376,0,2378,G
2-PB1,2034,0,0,0,2370,2370,C
2-PB1,2035,2,0,0,2378,2380,C
2-PB1,2036,2360,0,0,1,2361,A
2-PB1,2037,2347,0,8,0,2355,A
2-PB1,2038,2365,0,2,0,2367,A
2-PB1,2039,0,2,2379,0,2381,G
2-PB1,2040,0,2,2358,0,2360,G
2-PB1,2041,1,1,2334,0,2336,G
2-PB1,2042,1,4,2331,0,2336,G
2-PB1,2043,2300,0,12,0,2312,A
2-PB1,2044,2327,0,2,0,2329,A
2-PB1,2045,0,2329,0,0,2329,T
2-PB1,2046,0,2317,0,0,2317,T
2-PB1,2047,1,1,0,2326,2328,C
2-PB1,2048,0,2304,0,1,2305,T
2-PB1,2049,0,2314,0,0,2314,T
2-PB1,2050,1,0,2319,0,2320,G
2-PB1,2051,2323,0,2,0,2325,A
2-PB1,2052,1,2,2322,0,2325,G
2-PB1,2053,0,1,2330,0,2331,G
2-PB1,2054,2321,1,0,0,2322,A
2-PB1,2055,0,2303,0,0,2303,T
2-PB1,2056,0,5,2299,0,2304,G
2-PB1,2057,2299,0,2,0,2301,A
2-PB1,2058,2290,0,3,0,2293,A
2-PB1,2059,0,1,0,2314,2315,C
2-PB1,2060,2294,0,1,0,2295,A
2-PB1,2061,0,0,2331,0,2331,G
2-PB1,2062,2314,0,2,0,2316,A
2-PB1,2063,0,2305,0,1,2306,T
2-PB1,2064,0,0,2323,0,2323,G
2-PB1,2065,0,2357,0,0,2357,T
2-PB1,2066,2362,1,2,0,2365,A
2-PB1,2067,1,0,0,2359,2360,C
2-PB1,2068,2,0,0,2352,2354,C
2-PB1,2069,2334,0,3,0,2337,A
2-PB1,2070,0,1,2292,0,2293,G
2-PB1,2071,2271,0,0,0,2271,A
2-PB1,2072,2269,0,1,0,2270,A
2-PB1,2073,0,0,2279,0,2279,G
2-PB1,2074,1,2123,0,1,2125,T
2-PB1,2075,1,0,2149,0,2150,G
2-PB1,2076,0,0,0,2143,2143,C
2-PB1,2077,0,2150,0,2,2152,T
2-PB1,2078,0,0,2146,0,2146,G
2-PB1,2079,2,0,0,2141,2143,C
2-PB1,2080,2148,0,0,0,2148,A
2-PB1,2081,2137,0,1,0,2138,A
2-PB1,2082,0,0,0,2105,2105,C
2-PB1,2083,0,2099,0,1,2100,T
2-PB1,2084,0,2073,0,0,2073,T
2-PB1,2085,1,0,2067,0,2068,G
2-PB1,2086,0,2068,0,1,2069,T
2-PB1,2087,0,2062,0,1,2063,T
2-PB1,2088,1,0,0,2068,2069,C
2-PB1,2089,0,4,2070,0,2074,G
2-PB1,2090,2069,0,1,0,2070,A
2-PB1,2091,0,1,2070,0,2071,G
2-PB1,2092,2068,0,0,0,2068,A
2-PB1,2093,2059,0,5,0,2064,A
2-PB1,2094,2060,1,0,1,2062,A
2-PB1,2095,1,2047,0,0,2048,T
2-PB1,2096,0,2055,0,0,2055,T
2-PB1,2097,0,2060,0,0,2060,T
2-PB1,2098,0,2059,0,0,2059,T
2-PB1,2099,0,2045,0,0,2045,T
2-PB1,2100,3,0,0,2054,2057,C
2-PB1,2101,1,0,0,2055,2056,C
2-PB1,2102,0,1,0,2058,2059,C
2-PB1,2103,0,2059,0,0,2059,T
2-PB1,2104,2063,0,1,0,2064,A
2-PB1,2105,0,0,2074,0,2074,G
2-PB1,2106,0,2060,0,0,2060,T
2-PB1,2107,2069,0,0,0,2069,A
2-PB1,2108,0,0,2085,0,2085,G
2-PB1,2109,0,2061,0,1,2062,T
2-PB1,2110,0,2119,0,1,2120,T
2-PB1,2111,5,1,0,2130,2136,C
2-PB1,2112,2154,0,30,0,2184,A
2-PB1,2113,0,2177,0,0,2177,T
2-PB1,2114,2174,0,1,0,2175,A
2-PB1,2115,0,2166,0,0,2166,T
2-PB1,2116,2100,0,1,0,2101,A
2-PB1,2117,1,1,2081,0,2083,G
2-PB1,2118,0,1,2061,0,2062,G
2-PB1,2119,1842,0,3,0,1845,A
2-PB1,2120,0,4,1850,0,1854,G
2-PB1,2121,1716,1,3,0,1720,A
2-PB1,2122,0,3,0,1720,1723,C
2-PB1,2123,0,0,0,1648,1648,C
2-PB1,2124,0,1,1647,0,1648,G
2-PB1,2125,1650,0,0,0,1650,A
2-PB1,2126,0,1649,0,0,1649,T
2-PB1,2127,0,1648,0,0,1648,T
2-PB1,2128,0,0,1647,0,1647,G
2-PB1,2129,0,1,1651,0,1652,G
2-PB1,2130,1655,0,0,0,1655,A
2-PB1,2131,1649,0,0,0,1649,A
2-PB1,2132,0,1643,0,0,1643,T
2-PB1,2133,0,1649,0,0,1649,T
2-PB1,2134,0,1642,0,0,1642,T
2-PB1,2135,0,0,0,1650,1650,C
2-PB1,2136,0,1652,0,2,1654,T
2-PB1,2137,1645,0,2,0,1647,A
2-PB1,2138,0,0,1645,0,1645,G
2-PB1,2139,0,0,0,1648,1648,C
2-PB1,2140,1649,0,0,0,1649,A
2-PB1,2141,0,1654,0,0,1654,T
2-PB1,2142,0,0,1620,0,1620,G
2-PB1,2143,0,0,1671,0,1671,G
2-PB1,2144,0,1666,0,0,1666,T
2-PB1,2145,2,0,1665,0,1667,G
2-PB1,2146,0,2,1660,0,1662,G
2-PB1,2147,1642,0,2,0,1644,A
2-PB1,2148,0,0,1653,0,1653,G
2-PB1,2149,0,1,1640,0,1641,G
2-PB1,2150,0,0,0,1589,1589,C
2-PB1,2151,5,0,0,1606,1611,C
2-PB1,2152,1509,0,3,0,1512,A
2-PB1,2153,0,1514,0,1,1515,T
2-PB1,2154,0,0,1526,0,1526,G
2-PB1,2155,0,0,1529,0,1529,G
2-PB1,2156,0,1502,0,1,1503,T
2-PB1,2157,0,0,1529,0,1529,G
2-PB1,2158,1,1480,0,0,1481,T
2-PB1,2159,1,0,0,1468,1469,C
2-PB1,2160,0,1482,0,0,1482,T
2-PB1,2161,1454,0,1,0,1455,A
2-PB1,2162,0,1,1458,0,1459,G
2-PB1,2163,0,1,1407,0,1408,G
2-PB1,2164,0,0,1396,0,1396,G
2-PB1,2165,1,0,0,1341,1342,C
2-PB1,2166,0,0,0,1294,1294,C
2-PB1,2167,3,0,0,1287,1290,C
2-PB1,2168,0,2,1290,0,1292,G
2-PB1,2169,0,1,1304,0,1305,G
2-PB1,2170,1301,0,0,0,1301,A
2-PB1,2171,0,1293,0,2,1295,T
2-PB1,2172,0,1235,0,0,1235,T
2-PB1,2173,0,0,1227,0,1227,G
2-PB1,2174,1224,0,1,0,1225,A
2-PB1,2175,0,1221,0,1,1222,T
2-PB1,2176,0,0,1223,0,1223,G
2-PB1,2177,0,0,0,1202,1202,C
2-PB1,2178,3,0,0,1202,1205,C
2-PB1,2179,1206,0,2,0,1208,A
2-PB1,2180,0,1,1209,0,1210,G
2-PB1,2181,1209,0,0,0,1209,A
2-PB1,2182,1204,0,0,0,1204,A
2-PB1,2183,0,1208,1,0,1209,T
2-PB1,2184,0,1178,1,0,1179,T
2-PB1,2185,0,2,1182,0,1184,G
2-PB1,2186,1171,0,0,0,1171,A
2-PB1,2187,0,0,0,1171,1171,C
2-PB1,2188,0,1159,0,1,1160,T
2-PB1,2189,0,1138,0,0,1138,T
2-PB1,2190,2,0,0,1143,1145,C
2-PB1,2191,0,0,1148,0,1148,G
2-PB1,2192,1142,0,1,0,1143,A
2-PB1,2193,2,1,1126,0,1129,G
2-PB1,2194,0,1125,0,0,1125,T
2-PB1,2195,1,0,0,1137,1138,C
2-PB1,2196,0,1143,0,0,1143,T
2-PB1,2197,0,0,1142,0,1142,G
2-PB1,2198,0,0,1141,0,1141,G
2-PB1,2199,1145,0,0,0,1145,A
2-PB1,2200,1057,0,0,0,1057,A
2-PB1,2201,0,1,1057,0,1058,G
2-PB1,2202,0,0,1071,0,1071,G
2-PB1,2203,1071,0,0,0,1071,A
2-PB1,2204,0,1060,1,0,1061,T
2-PB1,2205,0,1074,0,0,1074,T
2-PB1,2206,1060,0,2,0,1062,A
2-PB1,2207,1061,0,1,0,1062,A
2-PB1,2208,0,0,1068,0,1068,G
2-PB1,2209,1067,0,1,0,1068,A
2-PB1,2210,1016,0,0,0,1016,A
2-PB1,2211,6,0,934,0,940,G
2-PB1,2212,0,0,941,0,941,G
2-PB1,2213,936,0,1,0,937,A
2-PB1,2214,933,0,1,0,934,A
2-PB1,2215,0,1,935,0,936,G
2-PB1,2216,863,0,0,0,863,A
2-PB1,2217,0,0,862,0,862,G
2-PB1,2218,0,824,0,1,825,T
2-PB1,2219,0,814,0,0,814,T
2-PB1,2220,1,0,0,823,824,C
2-PB1,2221,0,803,0,0,803,T
2-PB1,2222,0,0,0,811,811,C
2-PB1,2223,0,807,0,0,807,T
2-PB1,2224,0,0,808,0,808,G
2-PB1,2225,798,0,1,0,799,A
2-PB1,2226,0,3,788,0,791,G
2-PB1,2227,780,0,0,0,780,A
2-PB1,2228,0,756,0,0,756,T
2-PB1,2229,1,0,0,710,711,C
2-PB1,2230,707,0,1,0,708,A
2-PB1,2231,0,705,0,1,706,T
2-PB1,2232,0,1,705,0,706,G
2-PB1,2233,703,0,0,0,703,A
2-PB1,2234,698,0,0,0,698,A
2-PB1,2235,0,0,690,0,690,G
2-PB1,2236,680,0,0,0,680,A
2-PB1,2237,0,667,0,0,667,T
2-PB1,2238,0,0,0,663,663,C
2-PB1,2239,0,633,0,0,633,T
2-PB1,2240,0,0,634,0,634,G
2-PB1,2241,0,632,0,0,632,T
2-PB1,2242,0,629,0,0,629,T
2-PB1,2243,0,0,0,621,621,C
2-PB1,2244,0,0,0,598,598,C
2-PB1,2245,587,0,1,0,588,A
2-PB1,2246,0,0,0,594,594,C
2-PB1,2247,0,0,0,563,563,C
2-PB1,2248,557,0,0,0,557,A
2-PB1,2249,0,510,0,0,510,T
2-PB1,2250,0,495,0,0,495,T
2-PB1,2251,0,1,495,0,496,G
2-PB1,2252,491,0,1,0,492,A
2-PB1,2253,492,0,2,0,494,A
2-PB1,2254,0,1,492,0,493,G
2-PB1,2255,440,0,0,0,440,A
2-PB1,2256,437,0,0,0,437,A
2-PB1,2257,0,0,0,432,432,C
2-PB1,2258,0,406,0,3,409,T
2-PB1,2259,1,0,0,409,410,C
2-PB1,2260,392,0,0,0,392,A
2-PB1,2261,0,0,396,0,396,G
2-PB1,2262,389,0,0,0,389,A
2-PB1,2263,0,0,0,373,373,C
2-PB1,2264,0,0,372,0,372,G
2-PB1,2265,1,0,364,0,365,G
2-PB1,2266,0,0,0,362,362,C
2-PB1,2267,363,0,0,0,363,A
2-PB1,2268,357,0,4,0,361,A
2-PB1,2269,358,0,0,0,358,A
2-PB1,2270,356,0,1,0,357,A
2-PB1,2271,357,0,0,0,357,A
2-PB1,2272,0,347,0,0,347,T
2-PB1,2273,337,0,0,0,337,A
2-PB1,2274,338,0,0,0,338,A
3-PA,1,6,0,0,0,6,A
3-PA,2,0,6,0,0,6,T
3-PA,3,0,0,7,0,7,G
3-PA,4,0,0,7,0,7,G
3-PA,5,7,0,0,0,7,A
3-PA,6,7,0,0,0,7,A
3-PA,7,0,0,8,0,8,G
3-PA,8,9,0,0,0,9,A
3-PA,9,0,9,0,0,9,T
3-PA,10,0,9,0,0,9,T
3-PA,11,0,9,0,0,9,T
3-PA,12,0,9,0,0,9,T
3-PA,13,0,0,9,0,9,G
3-PA,14,0,9,0,0,9,T
3-PA,15,0,0,9,0,9,G
3-PA,16,0,0,0,10,10,C
3-PA,17,0,0,11,0,11,G
3-PA,18,11,0,0,0,11,A
3-PA,19,0,0,0,11,11,C
3-PA,20,12,0,0,0,12,A
3-PA,21,12,0,0,0,12,A
3-PA,22,0,12,0,0,12,T
3-PA,23,0,0,12,0,12,G
3-PA,24,0,0,0,12,12,C
3-PA,25,0,13,0,0,13,T
3-PA,26,0,13,0,0,13,T
3-PA,27,0,0,0,12,12,C
3-PA,28,12,0,0,0,12,A
3-PA,29,13,0,0,0,13,A
3-PA,30,0,0,0,13,13,C
3-PA,31,0,0,0,13,13,C
3-PA,32,0,0,0,13,13,C
3-PA,33,0,0,14,0,14,G
3-PA,34,14,0,0,0,14,A
3-PA,35,0,14,0,0,14,T
3-PA,36,0,0,13,0,13,G
3-PA,37,14,0,0,0,14,A
3-PA,38,0,13,0,0,13,T
3-PA,39,0,14,0,0,14,T
3-PA,40,0,0,14,0,14,G
3-PA,41,0,14,0,0,14,T
3-PA,42,0,0,0,13,13,C
3-PA,43,0,0,14,0,14,G
3-PA,44,13,0,0,0,13,A
3-PA,45,13,0,0,0,13,A
3-PA,46,0,0,0,14,14,C
3-PA,47,0,14,0,0,14,T
3-PA,48,0,13,0,0,13,T
3-PA,49,0,0,14,0,14,G
3-PA,50,0,0,0,14,14,C
3-PA,51,13,0,0,0,13,A
3-PA,52,0,0,14,0,14,G
3-PA,53,14,0,0,0,14,A
3-PA,54,14,0,0,0,14,A
3-PA,55,14,0,0,0,14,A
3-PA,56,14,0,0,0,14,A
3-PA,57,14,0,0,0,14,A
3-PA,58,0,0,14,0,14,G
3-PA,59,0,0,0,14,14,C
3-PA,60,13,0,0,0,13,A
3-PA,61,15,0,0,0,15,A
3-PA,62,0,15,0,0,15,T
3-PA,63,0,0,15,0,15,G
3-PA,64,15,0,0,0,15,A
3-PA,65,15,0,0,0,15,A
3-PA,66,14,0,0,0,14,A
3-PA,67,0,0,17,0,17,G
3-PA,68,17,0,0,0,17,A
3-PA,69,0,0,25,0,25,G
3-PA,70,0,26,0,0,26,T
3-PA,71,26,0,0,0,26,A
3-PA,72,0,26,0,0,26,T
3-PA,73,0,0,27,0,27,G
3-PA,74,0,0,27,0,27,G
3-PA,75,0,0,27,0,27,G
3-PA,76,0,0,27,0,27,G
3-PA,77,27,0,0,0,27,A
3-PA,78,0,0,27,0,27,G
3-PA,79,0,0,27,0,27,G
3-PA,80,28,0,0,0,28,A
3-PA,81,0,28,0,0,28,T
3-PA,82,0,0,0,28,28,C
3-PA,83,0,28,0,0,28,T
3-PA,84,0,0,28,0,28,G
3-PA,85,28,0,0,0,28,A
3-PA,86,28,0,0,0,28,A
3-PA,87,28,0,0,0,28,A
3-PA,88,28,0,0,0,28,A
3-PA,89,0,28,0,0,28,T
3-PA,90,0,28,0,0,28,T
3-PA,91,0,0,28,0,28,G
3-PA,92,28,0,0,0,28,A
3-PA,93,28,0,0,0,28,A
3-PA,94,28,0,0,0,28,A
3-PA,95,0,0,0,28,28,C
3-PA,96,28,0,0,0,28,A
3-PA,97,28,0,0,0,28,A
3-PA,98,28,0,0,0,28,A
3-PA,99,0,0,0,28,28,C
3-PA,100,28,0,0,0,28,A
3-PA,101,27,0,0,0,27,A
3-PA,102,28,0,0,0,28,A
3-PA,103,0,28,0,0,28,T
3-PA,104,0,28,0,0,28,T
3-PA,105,0,28,0,0,28,T
3-PA,106,0,0,28,0,28,G
3-PA,107,0,0,0,28,28,C
3-PA,108,28,0,0,0,28,A
3-PA,109,0,0,30,0,30,G
3-PA,110,0,0,0,30,30,C
3-PA,111,32,0,0,0,32,A
3-PA,112,33,0,0,0,33,A
3-PA,113,0,33,0,0,33,T
3-PA,114,33,0,0,0,33,A
3-PA,115,0,33,0,0,33,T
3-PA,116,0,0,34,0,34,G
3-PA,117,0,0,0,34,34,C
3-PA,118,34,0,0,0,34,A
3-PA,119,0,0,0,35,35,C
3-PA,120,0,35,0,0,35,T
3-PA,121,0,0,0,44,44,C
3-PA,122,45,0,0,0,45,A
3-PA,123,0,0,0,47,47,C
3-PA,124,0,46,0,0,46,T
3-PA,125,0,46,0,0,46,T
3-PA,126,0,0,47,0,47,G
3-PA,127,0,0,49,0,49,G
3-PA,128,49,0,0,0,49,A
3-PA,129,0,0,49,0,49,G
3-PA,130,0,0,50,0,50,G
3-PA,131,0,48,0,0,48,T
3-PA,132,0,0,52,0,52,G
3-PA,133,0,52,0,0,52,T
3-PA,134,0,0,52,0,52,G
3-PA,135,0,51,0,0,51,T
3-PA,136,0,51,0,0,51,T
3-PA,137,0,51,0,0,51,T
3-PA,138,1,0,0,55,56,C
3-PA,139,56,0,0,0,56,A
3-PA,140,0,56,0,0,56,T
3-PA,141,0,0,61,0,61,G
3-PA,142,0,60,0,0,60,T
3-PA,143,60,0,0,0,60,A
3-PA,144,0,60,0,0,60,T
3-PA,145,0,60,0,0,60,T
3-PA,146,0,0,0,60,60,C
3-PA,147,60,0,0,0,60,A
3-PA,148,0,0,61,0,61,G
3-PA,149,61,0,0,0,61,A
3-PA,150,0,60,0,0,60,T
3-PA,151,0,60,0,0,60,T
3-PA,152,0,59,0,0,59,T
3-PA,153,0,0,0,59,59,C
3-PA,154,0,0,0,62,62,C
3-PA,155,62,0,0,0,62,A
3-PA,156,0,62,0,0,62,T
3-PA,157,0,62,0,0,62,T
3-PA,158,0,62,0,0,62,T
3-PA,159,0,0,0,62,62,C
3-PA,160,62,0,0,0,62,A
3-PA,161,0,66,0,0,66,T
3-PA,162,0,0,0,66,66,C
3-PA,163,66,0,0,0,66,A
3-PA,164,66,0,0,0,66,A
3-PA,165,0,66,0,0,66,T
3-PA,166,0,1,68,0,69,G
3-PA,167,69,0,0,0,69,A
3-PA,168,69,0,0,0,69,A
3-PA,169,0,0,0,70,70,C
3-PA,170,70,0,0,0,70,A
3-PA,171,70,0,0,0,70,A
3-PA,172,0,0,71,0,71,G
3-PA,173,0,0,71,0,71,G
3-PA,174,0,0,0,71,71,C
3-PA,175,0,0,69,0,69,G
3-PA,176,73,0,0,0,73,A
3-PA,177,73,0,0,0,73,A
3-PA,178,0,73,0,0,73,T
3-PA,179,1,0,0,71,72,C
3-PA,180,73,0,0,0,73,A
3-PA,181,74,0,0,0,74,A
3-PA,182,0,74,0,0,74,T
3-PA,183,74,0,0,0,74,A
3-PA,184,0,0,76,0,76,G
3-PA,185,0,78,0,0,78,T
3-PA,186,0,0,79,0,79,G
3-PA,187,0,0,80,0,80,G
3-PA,188,0,80,0,0,80,T
3-PA,189,80,0,0,0,80,A
3-PA,190,0,0,81,0,81,G
3-PA,191,81,0,0,0,81,A
3-PA,192,81,0,0,0,81,A
3-PA,193,0,0,0,81,81,C
3-PA,194,0,82,0,0,82,T
3-PA,195,0,81,0,0,81,T
3-PA,196,0,0,81,0,81,G
3-PA,197,81,0,0,0,81,A
3-PA,198,0,0,0,81,81,C
3-PA,199,0,0,80,0,80,G
3-PA,200,81,0,0,0,81,A
3-PA,201,0,82,0,0,82,T
3-PA,202,0,0,0,81,81,C
3-PA,203,0,0,0,82,82,C
3-PA,204,82,0,0,0,82,A
3-PA,205,82,0,0,0,82,A
3-PA,206,82,0,0,0,82,A
3-PA,207,0,82,0,0,82,T
3-PA,208,1,0,81,0,82,G
3-PA,209,0,0,0,81,81,C
3-PA,210,81,0,0,0,81,A
3-PA,211,0,0,0,85,85,C
3-PA,212,0,83,0,0,83,T
3-PA,213,0,0,94,0,94,G
3-PA,214,0,96,0,0,96,T
3-PA,215,0,96,0,0,96,T
3-PA,216,96,0,0,0,96,A
3-PA,217,96,0,0,0,96,A
3-PA,218,94,0,0,0,94,A
3-PA,219,0,0,96,0,96,G
3-PA,220,0,0,0,94,94,C
3-PA,221,90,0,0,0,90,A
3-PA,222,0,0,1,92,93,C
3-PA,223,89,0,0,0,89,A
3-PA,224,0,0,93,0,93,G
3-PA,225,93,0,0,0,93,A
3-PA,226,0,93,0,0,93,T
3-PA,227,0,92,0,0,92,T
3-PA,228,0,92,0,0,92,T
3-PA,229,0,0,92,0,92,G
3-PA,230,92,0,0,0,92,A
3-PA,231,92,0,0,0,92,A
3-PA,232,92,0,0,0,92,A
3-PA,233,0,92,0,0,92,T
3-PA,234,92,0,0,0,92,A
3-PA,235,92,0,0,0,92,A
3-PA,236,0,92,0,0,92,T
3-PA,237,0,0,0,91,91,C
3-PA,238,0,0,92,0,92,G
3-PA,239,90,0,0,0,90,A
3-PA,240,0,0,93,0,93,G
3-PA,241,0,0,94,0,94,G
3-PA,242,0,1,93,0,94,G
3-PA,243,0,0,92,0,92,G
3-PA,244,94,0,0,0,94,A
3-PA,245,1,0,93,0,94,G
3-PA,246,100,0,0,0,100,A
3-PA,247,0,0,100,0,100,G
3-PA,248,101,0,0,0,101,A
3-PA,249,0,0,0,100,100,C
3-PA,250,98,0,0,0,98,A
3-PA,251,0,0,100,0,100,G
3-PA,252,100,0,0,0,100,A
3-PA,253,102,0,0,0,102,A
3-PA,254,0,0,0,102,102,C
3-PA,255,99,0,0,0,99,A
3-PA,256,100,0,0,0,100,A
3-PA,257,0,100,0,0,100,T
3-PA,258,0,0,105,0,105,G
3-PA,259,0,0,106,0,106,G
3-PA,260,0,0,0,107,107,C
3-PA,261,0,0,0,108,108,C
3-PA,262,0,108,0,0,108,T
3-PA,263,0,0,108,0,108,G
3-PA,264,1,0,107,0,108,G
3-PA,265,110,0,0,0,110,A
3-PA,266,0,0,0,111,111,C
3-PA,267,105,0,0,0,105,A
3-PA,268,0,0,122,0,122,G
3-PA,269,0,122,0,0,122,T
3-PA,270,123,0,0,0,123,A
3-PA,271,0,0,122,0,122,G
3-PA,272,0,119,0,0,119,T
3-PA,273,124,0,0,0,124,A
3-PA,274,122,0,0,0,122,A
3-PA,275,122,0,0,0,122,A
3-PA,276,0,0,0,123,123,C
3-PA,277,113,0,0,0,113,A
3-PA,278,0,0,112,0,112,G
3-PA,279,0,114,0,0,114,T
3-PA,280,115,0,0,0,115,A
3-PA,281,0,115,0,0,115,T
3-PA,282,0,0,0,115,115,C
3-PA,283,0,114,0,1,115,T
3-PA,284,0,0,115,0,115,G
3-PA,285,0,0,0,115,115,C
3-PA,286,114,0,0,0,114,A
3-PA,287,115,0,0,0,115,A
3-PA,288,0,0,0,117,117,C
3-PA,289,116,0,0,0,116,A
3-PA,290,0,0,0,126,126,C
3-PA,291,0,124,0,0,124,T
3-PA,292,127,0,0,0,127,A
3-PA,293,0,0,0,127,127,C
3-PA,294,0,126,0,0,126,T
3-PA,295,0,0,127,0,127,G
3-PA,296,0,0,126,0,126,G
3-PA,297,121,0,0,0,121,A
3-PA,298,0,0,125,0,125,G
3-PA,299,0,0,0,123,123,C
3-PA,300,0,124,0,0,124,T
3-PA,301,0,0,123,0,123,G
3-PA,302,0,0,122,0,122,G
3-PA,303,0,0,123,0,123,G
3-PA,304,123,0,0,0,123,A
3-PA,305,123,0,0,0,123,A
3-PA,306,125,0,0,0,125,A
3-PA,307,0,0,0,124,124,C
3-PA,308,1,0,0,124,125,C
3-PA,309,0,0,124,0,124,G
3-PA,310,124,0,0,0,124,A
3-PA,311,123,0,0,0,123,A
3-PA,312,0,0,126,0,126,G
3-PA,313,0,124,0,0,124,T
3-PA,314,0,125,0,0,125,T
3-PA,315,0,127,0,0,127,T
3-PA,316,0,0,0,127,127,C
3-PA,317,0,125,0,0,125,T
3-PA,318,127,0,0,0,127,A
3-PA,319,1,0,0,123,124,C
3-PA,320,1,0,0,125,126,C
3-PA,321,125,0,0,0,125,A
3-PA,322,0,0,126,0,126,G
3-PA,323,124,0,0,0,124,A
3-PA,324,0,125,0,0,125,T
3-PA,325,0,126,0,0,126,T
3-PA,326,0,126,0,0,126,T
3-PA,327,1,0,126,0,127,G
3-PA,328,0,127,0,0,127,T
3-PA,329,127,0,0,0,127,A
3-PA,330,0,126,0,0,126,T
3-PA,331,0,0,125,0,125,G
3-PA,332,131,0,0,0,131,A
3-PA,333,0,133,0,0,133,T
3-PA,334,0,133,0,0,133,T
3-PA,335,134,0,0,0,134,A
3-PA,336,0,0,0,133,133,C
3-PA,337,134,0,0,0,134,A
3-PA,338,133,0,0,0,133,A
3-PA,339,0,0,134,0,134,G
3-PA,340,0,0,134,0,134,G
3-PA,341,128,0,0,0,128,A
3-PA,342,0,0,129,0,129,G
3-PA,343,128,0,0,0,128,A
3-PA,344,126,0,0,0,126,A
3-PA,345,0,0,0,128,128,C
3-PA,346,127,0,0,0,127,A
3-PA,347,0,0,125,0,125,G
3-PA,348,126,0,0,0,126,A
3-PA,349,0,126,0,0,126,T
3-PA,350,0,125,0,0,125,T
3-PA,351,0,0,0,127,127,C
3-PA,352,127,0,0,0,127,A
3-PA,353,0,125,0,0,125,T
3-PA,354,1,0,0,123,124,C
3-PA,355,0,0,127,0,127,G
3-PA,356,126,0,0,0,126,A
3-PA,357,126,0,0,0,126,A
3-PA,358,127,0,0,0,127,A
3-PA,359,0,125,0,0,125,T
3-PA,360,0,126,0,0,126,T
3-PA,361,0,1,124,0,125,G
3-PA,362,0,0,125,0,125,G
3-PA,363,0,0,126,0,126,G
3-PA,364,0,0,128,0,128,G
3-PA,365,0,126,0,0,126,T
3-PA,366,0,0,128,0,128,G
3-PA,367,129,1,0,0,130,A
3-PA,368,0,0,0,131,131,C
3-PA,369,131,0,0,0,131,A
3-PA,370,130,0,0,0,130,A
3-PA,371,0,0,132,0,132,G
3-PA,372,0,0,131,0,131,G
3-PA,373,131,0,0,0,131,A
3-PA,374,0,0,132,0,132,G
3-PA,375,129,0,0,0,129,A
3-PA,376,0,1,128,0,129,G
3-PA,377,126,0,0,0,126,A
3-PA,378,125,0,0,0,125,A
3-PA,379,0,0,128,0,128,G
3-PA,380,0,124,0,0,124,T
3-PA,381,0,0,0,127,127,C
3-PA,382,0,0,0,128,128,C
3-PA,383,129,0,0,0,129,A
3-PA,384,0,0,0,131,131,C
3-PA,385,134,0,0,0,134,A
3-PA,386,0,136,0,0,136,T
3-PA,387,135,0,0,0,135,A
3-PA,388,0,132,0,0,132,T
3-PA,389,130,0,0,0,130,A
3-PA,390,0,129,0,0,129,T
3-PA,391,0,131,0,0,131,T
3-PA,392,136,0,0,0,136,A
3-PA,393,0,0,0,134,134,C
3-PA,394,0,0,0,132,132,C
3-PA,395,0,130,0,0,130,T
3-PA,396,0,128,0,0,128,T
3-PA,397,0,0,128,0,128,G
3-PA,398,127,0,0,0,127,A
3-PA,399,0,0,115,0,115,G
3-PA,400,114,0,0,0,114,A
3-PA,401,114,0,0,0,114,A
3-PA,402,0,0,113,0,113,G
3-PA,403,0,0,115,0,115,G
3-PA,404,0,0,0,116,116,C
3-PA,405,0,0,0,116,116,C
3-PA,406,116,0,0,0,116,A
3-PA,407,116,0,0,0,116,A
3-PA,408,0,116,0,0,116,T
3-PA,409,116,0,0,0,116,A
3-PA,410,116,0,0,0,116,A
3-PA,411,0,0,116,0,116,G
3-PA,412,114,0,0,0,114,A
3-PA,413,0,114,0,0,114,T
3-PA,414,0,113,0,0,113,T
3-PA,415,115,0,0,0,115,A
3-PA,416,112,0,0,0,112,A
3-PA,417,115,0,0,0,115,A
3-PA,418,0,115,0,0,115,T
3-PA,419,0,0,0,114,114,C
3-PA,420,0,108,0,0,108,T
3-PA,421,0,0,108,0,108,G
3-PA,422,107,0,0,0,107,A
3-PA,423,0,0,112,0,112,G
3-PA,424,112,0,0,0,112,A
3-PA,425,111,0,0,0,111,A
3-PA,426,0,0,0,111,111,C
3-PA,427,108,0,0,0,108,A
3-PA,428,0,0,0,108,108,C
3-PA,429,107,0,0,0,107,A
3-PA,430,0,0,0,108,108,C
3-PA,431,106,0,0,0,106,A
3-PA,432,0,0,0,106,106,C
3-PA,433,105,0,0,0,105,A
3-PA,434,0,104,0,0,104,T
3-PA,435,0,103,0,0,103,T
3-PA,436,0,0,0,104,104,C
3-PA,437,105,0,0,0,105,A
3-PA,438,0,0,0,105,105,C
3-PA,439,100,0,0,0,100,A
3-PA,440,0,100,0,0,100,T
3-PA,441,0,101,0,0,101,T
3-PA,442,0,102,0,0,102,T
3-PA,443,0,102,0,0,102,T
3-PA,444,0,0,0,102,102,C
3-PA,445,0,103,0,0,103,T
3-PA,446,0,0,0,102,102,C
3-PA,447,103,0,0,0,103,A
3-PA,448,0,103,0,0,103,T
3-PA,449,0,103,0,0,103,T
3-PA,450,0,0,0,103,103,C
3-PA,451,103,0,0,0,103,A
3-PA,452,0,0,0,104,104,C
3-PA,453,0,105,0,0,105,T
3-PA,454,0,1,104,0,105,G
3-PA,455,0,0,103,0,103,G
3-PA,456,102,0,0,0,102,A
3-PA,457,0,0,107,0,107,G
3-PA,458,108,0,0,0,108,A
3-PA,459,0,0,109,0,109,G
3-PA,460,0,0,106,0,106,G
3-PA,461,107,0,0,0,107,A
3-PA,462,109,0,0,0,109,A
3-PA,463,107,0,0,0,107,A
3-PA,464,0,107,0,0,107,T
3-PA,465,0,0,106,0,106,G
3-PA,466,0,0,105,0,105,G
3-PA,467,0,0,0,108,108,C
3-PA,468,0,0,0,107,107,C
3-PA,469,107,0,0,0,107,A
3-PA,470,0,0,0,107,107,C
3-PA,471,106,0,0,0,106,A
3-PA,472,106,0,0,0,106,A
3-PA,473,107,0,0,0,107,A
3-PA,474,0,0,107,0,107,G
3-PA,475,0,0,106,0,106,G
3-PA,476,0,0,0,106,106,C
3-PA,477,107,0,0,0,107,A
3-PA,478,0,0,108,0,108,G
3-PA,479,106,0,0,0,106,A
3-PA,480,0,0,0,105,105,C
3-PA,481,0,107,0,0,107,T
3-PA,482,109,0,0,0,109,A
3-PA,483,0,0,0,106,106,C
3-PA,484,107,0,0,0,107,A
3-PA,485,0,0,0,108,108,C
3-PA,486,0,102,0,0,102,T
3-PA,487,0,0,0,107,107,C
3-PA,488,0,102,0,0,102,T
3-PA,489,0,0,0,108,108,C
3-PA,490,0,0,106,0,106,G
3-PA,491,107,0,0,0,107,A
3-PA,492,0,0,0,107,107,C
3-PA,493,0,0,107,0,107,G
3-PA,494,106,0,0,0,106,A
3-PA,495,0,0,105,0,105,G
3-PA,496,0,0,104,0,104,G
3-PA,497,105,0,0,0,105,A
3-PA,498,106,0,0,0,106,A
3-PA,499,106,0,0,0,106,A
3-PA,500,0,0,106,0,106,G
3-PA,501,0,0,0,103,103,C
3-PA,502,104,0,0,0,104,A
3-PA,503,0,0,108,0,108,G
3-PA,504,0,0,106,0,106,G
3-PA,505,0,0,108,0,108,G
3-PA,506,0,0,0,108,108,C
3-PA,507,0,107,0,0,107,T
3-PA,508,108,0,0,0,108,A
3-PA,509,0,0,113,0,113,G
3-PA,510,0,0,118,0,118,G
3-PA,511,118,0,0,0,118,A
3-PA,512,0,116,0,0,116,T
3-PA,513,0,116,0,0,116,T
3-PA,514,116,0,0,0,116,A
3-PA,515,115,0,0,0,115,A
3-PA,516,0,0,118,0,118,G
3-PA,517,116,0,0,0,116,A
3-PA,518,0,0,0,117,117,C
3-PA,519,0,0,0,107,107,C
3-PA,520,105,0,0,0,105,A
3-PA,521,0,0,105,0,105,G
3-PA,522,0,0,108,0,108,G
3-PA,523,0,1,0,107,108,C
3-PA,524,0,93,0,1,94,T
3-PA,525,0,0,94,0,94,G
3-PA,526,0,92,0,0,92,T
3-PA,527,0,92,0,0,92,T
3-PA,528,0,94,0,0,94,T
3-PA,529,93,0,0,0,93,A
3-PA,530,0,0,0,94,94,C
3-PA,531,0,0,0,92,92,C
3-PA,532,94,0,0,0,94,A
3-PA,533,0,93,0,0,93,T
3-PA,534,90,0,0,0,90,A
3-PA,535,91,0,0,0,91,A
3-PA,536,0,1,91,0,92,G
3-PA,537,91,0,0,0,91,A
3-PA,538,0,0,0,93,93,C
3-PA,539,91,0,0,0,91,A
3-PA,540,90,0,0,0,90,A
3-PA,541,0,0,90,0,90,G
3-PA,542,89,0,0,0,89,A
3-PA,543,90,0,0,0,90,A
3-PA,544,90,0,0,0,90,A
3-PA,545,0,90,0,0,90,T
3-PA,546,0,0,92,0,92,G
3-PA,547,0,0,92,0,92,G
3-PA,548,0,0,0,92,92,C
3-PA,549,0,0,0,92,92,C
3-PA,550,89,0,0,0,89,A
3-PA,551,93,0,1,0,94,A
3-PA,552,0,0,0,94,94,C
3-PA,553,94,0,0,0,94,A
3-PA,554,0,0,93,0,93,G
3-PA,555,90,0,0,0,90,A
3-PA,556,0,0,91,0,91,G
3-PA,557,0,0,93,0,93,G
3-PA,558,0,0,0,91,91,C
3-PA,559,0,0,0,91,91,C
3-PA,560,0,91,0,0,91,T
3-PA,561,92,0,0,0,92,A
3-PA,562,0,94,0,0,94,T
3-PA,563,0,0,94,0,94,G
3-PA,564,0,0,94,0,94,G
3-PA,565,0,0,85,0,85,G
3-PA,566,83,0,0,0,83,A
3-PA,567,0,81,0,0,81,T
3-PA,568,0,78,0,0,78,T
3-PA,569,1,0,0,152,153,C
3-PA,570,0,0,0,152,152,C
3-PA,571,0,157,0,0,157,T
3-PA,572,0,157,0,0,157,T
3-PA,573,0,161,0,0,161,T
3-PA,574,0,0,0,172,172,C
3-PA,575,0,0,174,0,174,G
3-PA,576,0,172,0,0,172,T
3-PA,577,0,0,0,177,177,C
3-PA,578,176,0,0,0,176,A
3-PA,579,0,1,284,0,285,G
3-PA,580,0,283,0,0,283,T
3-PA,581,0,0,0,287,287,C
3-PA,582,0,0,0,294,294,C
3-PA,583,5,0,294,0,299,G
3-PA,584,298,0,0,3,301,A
3-PA,585,309,0,0,0,309,A
3-PA,586,310,0,0,1,311,A
3-PA,587,0,0,339,0,339,G
3-PA,588,336,0,0,0,336,A
3-PA,589,0,2,341,0,343,G
3-PA,590,0,0,350,0,350,G
3-PA,591,0,0,0,353,353,C
3-PA,592,0,0,354,0,354,G
3-PA,593,351,0,0,0,351,A
3-PA,594,352,0,0,0,352,A
3-PA,595,0,0,358,0,358,G
3-PA,596,368,0,0,0,368,A
3-PA,597,365,0,0,0,365,A
3-PA,598,361,0,2,0,363,A
3-PA,599,0,0,0,374,374,C
3-PA,600,376,0,0,0,376,A
3-PA,601,377,0,0,0,377,A
3-PA,602,0,377,0,1,378,T
3-PA,603,0,378,0,0,378,T
3-PA,604,0,0,381,0,381,G
3-PA,605,380,0,0,0,380,A
3-PA,606,378,0,2,0,380,A
3-PA,607,0,0,383,0,383,G
3-PA,608,381,0,0,0,381,A
3-PA,609,378,0,1,0,379,A
3-PA,610,378,0,0,0,378,A
3-PA,611,378,0,0,0,378,A
3-PA,612,385,0,0,0,385,A
3-PA,613,0,386,0,0,386,T
3-PA,614,0,385,0,0,385,T
3-PA,615,0,388,0,0,388,T
3-PA,616,0,0,389,0,389,G
3-PA,617,388,0,1,1,390,A
3-PA,618,391,0,0,0,391,A
3-PA,619,390,0,0,0,390,A
3-PA,620,0,406,0,0,406,T
3-PA,621,0,0,0,483,483,C
3-PA,622,483,0,0,0,483,A
3-PA,623,1,0,0,494,495,C
3-PA,624,496,0,1,0,497,A
3-PA,625,0,1,513,1,515,G
3-PA,626,0,0,539,0,539,G
3-PA,627,556,0,3,1,560,A
3-PA,628,571,0,0,1,572,A
3-PA,629,0,0,0,581,581,C
3-PA,630,0,575,0,0,575,T
3-PA,631,658,0,1,1,660,A
3-PA,632,0,690,0,0,690,T
3-PA,633,1,1,747,0,749,G
3-PA,634,0,0,0,752,752,C
3-PA,635,0,0,748,0,748,G
3-PA,636,0,737,0,0,737,T
3-PA,637,736,0,0,0,736,A
3-PA,638,0,1,753,0,754,G
3-PA,639,0,0,746,0,746,G
3-PA,640,0,0,0,747,747,C
3-PA,641,0,742,0,0,742,T
3-PA,642,0,742,0,0,742,T
3-PA,643,0,0,736,0,736,G
3-PA,644,0,0,0,737,737,C
3-PA,645,0,0,0,744,744,C
3-PA,646,0,2,750,0,752,G
3-PA,647,755,1,3,0,759,A
3-PA,648,1,0,0,760,761,C
3-PA,649,1,0,0,764,765,C
3-PA,650,771,0,0,0,771,A
3-PA,651,775,0,0,0,775,A
3-PA,652,778,0,1,0,779,A
3-PA,653,0,0,796,0,796,G
3-PA,654,0,792,0,0,792,T
3-PA,655,2,0,0,802,804,C
3-PA,656,0,798,0,0,798,T
3-PA,657,0,0,0,803,803,C
3-PA,658,1,0,0,806,807,C
3-PA,659,0,0,0,817,817,C
3-PA,660,822,0,1,0,823,A
3-PA,661,0,0,0,826,826,C
3-PA,662,2,0,0,821,823,C
3-PA,663,0,1,826,0,827,G
3-PA,664,833,0,0,0,833,A
3-PA,665,837,0,1,0,838,A
3-PA,666,0,0,0,850,850,C
3-PA,667,0,846,0,0,846,T
3-PA,668,0,866,0,0,866,T
3-PA,669,0,0,0,886,886,C
3-PA,670,0,879,0,0,879,T
3-PA,671,0,0,0,888,888,C
3-PA,672,0,0,0,883,883,C
3-PA,673,0,880,0,0,880,T
3-PA,674,0,0,896,0,896,G
3-PA,675,0,0,0,893,893,C
3-PA,676,0,0,1,899,900,C
3-PA,677,0,901,0,0,901,T
3-PA,678,0,896,0,0,896,T
3-PA,679,0,0,903,0,903,G
3-PA,680,895,0,1,0,896,A
3-PA,681,0,2,914,0,916,G
3-PA,682,916,0,0,0,916,A
3-PA,683,931,0,0,1,932,A
3-PA,684,0,952,0,0,952,T
3-PA,685,1,961,0,0,962,T
3-PA,686,0,961,0,0,961,T
3-PA,687,0,964,0,1,965,T
3-PA,688,963,0,2,0,965,A
3-PA,689,2,0,959,0,961,G
3-PA,690,950,0,4,0,954,A
3-PA,691,0,0,1010,0,1010,G
3-PA,692,1,0,0,1012,1013,C
3-PA,693,0,0,0,1028,1028,C
3-PA,694,1,1059,1,0,1061,T
3-PA,695,1115,0,0,0,1115,A
3-PA,696,0,1120,0,0,1120,T
3-PA,697,1,0,1132,0,1133,G
3-PA,698,0,1121,0,2,1123,T
3-PA,699,1,0,1150,0,1151,G
3-PA,700,1,2,1135,0,1138,G
3-PA,701,1127,0,1,0,1128,A
3-PA,702,0,1127,0,1,1128,T
3-PA,703,0,4,1116,0,1120,G
3-PA,704,0,3,1150,0,1153,G
3-PA,705,1163,0,0,0,1163,A
3-PA,706,0,1161,0,0,1161,T
3-PA,707,0,1161,0,0,1161,T
3-PA,708,2,1,0,1157,1160,C
3-PA,709,1,4,1154,0,1159,G
3-PA,710,1170,0,0,0,1170,A
3-PA,711,1168,0,0,0,1168,A
3-PA,712,0,2,0,1177,1179,C
3-PA,713,2,0,0,1154,1156,C
3-PA,714,2,3,1156,0,1161,G
3-PA,715,1152,0,0,0,1152,A
3-PA,716,1163,0,0,0,1163,A
3-PA,717,0,0,0,1183,1183,C
3-PA,718,0,1,1175,0,1176,G
3-PA,719,0,0,1222,0,1222,G
3-PA,720,1,0,0,1230,1231,C
3-PA,721,0,1223,0,2,1225,T
3-PA,722,0,0,1265,0,1265,G
3-PA,723,0,0,0,1273,1273,C
3-PA,724,1285,0,0,0,1285,A
3-PA,725,1,1286,0,0,1287,T
3-PA,726,0,1279,0,0,1279,T
3-PA,727,0,2,1271,0,1273,G
3-PA,728,1249,0,0,0,1249,A
3-PA,729,0,3,1264,0,1267,G
3-PA,730,1,0,1265,0,1266,G
3-PA,731,2,0,1262,0,1264,G
3-PA,732,0,0,0,1261,1261,C
3-PA,733,1263,0,1,0,1264,A
3-PA,734,1264,0,4,0,1268,A
3-PA,735,1,1,1276,0,1278,G
3-PA,736,0,0,0,1277,1277,C
3-PA,737,0,1284,0,0,1284,T
3-PA,738,1,1281,0,1,1283,T
3-PA,739,0,1289,0,1,1290,T
3-PA,740,0,0,0,1289,1289,C
3-PA,741,0,1293,0,0,1293,T
3-PA,742,2,0,0,1295,1297,C
3-PA,743,1296,0,0,0,1296,A
3-PA,744,1294,0,0,0,1294,A
3-PA,745,1291,0,1,0,1292,A
3-PA,746,0,1284,0,0,1284,T
3-PA,747,0,0,1340,0,1340,G
3-PA,748,0,1336,0,1,1337,T
3-PA,749,1,0,0,1353,1354,C
3-PA,750,2,0,1,1354,1357,C
3-PA,751,1368,0,0,0,1368,A
3-PA,752,1362,0,1,0,1363,A
3-PA,753,1361,0,1,0,1362,A
3-PA,754,0,0,1396,0,1396,G
3-PA,755,1384,0,0,0,1384,A
3-PA,756,1372,0,1,0,1373,A
3-PA,757,0,0,1386,0,1386,G
3-PA,758,0,1381,0,0,1381,T
3-PA,759,0,3,1381,0,1384,G
3-PA,760,1379,0,0,0,1379,A
3-PA,761,1381,0,1,0,1382,A
3-PA,762,0,1382,0,0,1382,T
3-PA,763,0,2,1387,0,1389,G
3-PA,764,0,0,0,1391,1391,C
3-PA,765,1,1,0,1400,1402,C
3-PA,766,3,1,0,1402,1406,C
3-PA,767,1415,0,0,0,1415,A
3-PA,768,1421,1,2,0,1424,A
3-PA,769,1440,0,0,0,1440,A
3-PA,770,0,1437,0,0,1437,T
3-PA,771,0,1439,0,0,1439,T
3-PA,772,1,4,1427,0,1432,G
3-PA,773,1425,0,0,0,1425,A
3-PA,774,1408,0,3,1,1412,A
3-PA,775,0,0,0,1433,1433,C
3-PA,776,1,1,0,1425,1427,C
3-PA,777,0,1414,0,1,1415,T
3-PA,778,0,1469,0,0,1469,T
3-PA,779,0,1466,0,0,1466,T
3-PA,780,0,1513,0,0,1513,T
3-PA,781,1,0,0,1515,1516,C
3-PA,782,0,1510,0,0,1510,T
3-PA,783,1,0,1510,0,1511,G
3-PA,784,1504,0,2,0,1506,A
3-PA,785,1519,0,1,0,1520,A
3-PA,786,0,0,1533,0,1533,G
3-PA,787,1522,0,0,0,1522,A
3-PA,788,1,0,0,1526,1527,C
3-PA,789,1503,0,4,0,1507,A
3-PA,790,1513,0,2,0,1515,A
3-PA,791,0,0,0,1715,1715,C
3-PA,792,1718,0,1,0,1719,A
3-PA,793,0,0,0,1722,1722,C
3-PA,794,2,0,0,1709,1711,C
3-PA,795,1701,0,2,0,1703,A
3-PA,796,1695,0,1,0,1696,A
3-PA,797,0,3,1701,0,1704,G
3-PA,798,1701,0,1,0,1702,A
3-PA,799,0,0,0,1703,1703,C
3-PA,800,4,0,1,1621,1626,C
3-PA,801,1630,0,0,0,1630,A
3-PA,802,1628,0,1,0,1629,A
3-PA,803,0,1632,0,0,1632,T
3-PA,804,2,0,0,1636,1638,C
3-PA,805,1627,0,0,0,1627,A
3-PA,806,1623,0,0,0,1623,A
3-PA,807,1618,0,0,0,1618,A
3-PA,808,0,0,0,1644,1644,C
3-PA,809,0,1641,0,0,1641,T
3-PA,810,0,1645,0,0,1645,T
3-PA,811,2,1,0,1652,1655,C
3-PA,812,1,0,0,1654,1655,C
3-PA,813,0,3,1664,0,1667,G
3-PA,814,1660,0,0,0,1660,A
3-PA,815,1666,0,0,0,1666,A
3-PA,816,0,1663,0,0,1663,T
3-PA,817,0,4,1655,0,1659,G
3-PA,818,0,3,1654,1,1658,G
3-PA,819,1651,0,2,0,1653,A
3-PA,820,0,0,0,1672,1672,C
3-PA,821,2,0,0,1668,1670,C
3-PA,822,0,1720,0,0,1720,T
3-PA,823,2,0,0,1774,1776,C
3-PA,824,1,0,0,1787,1788,C
3-PA,825,0,1790,0,2,1792,T
3-PA,826,0,1799,0,0,1799,T
3-PA,827,0,0,1882,0,1882,G
3-PA,828,0,1872,0,0,1872,T
3-PA,829,0,1873,0,0,1873,T
3-PA,830,1872,0,0,0,1872,A
3-PA,831,0,1814,0,0,1814,T
3-PA,832,2,0,0,1799,1801,C
3-PA,833,1770,0,0,0,1770,A
3-PA,834,0,1,1766,0,1767,G
3-PA,835,0,0,0,1763,1763,C
3-PA,836,2,2,1714,0,1718,G
3-PA,837,0,0,1754,0,1754,G
3-PA,838,0,1745,0,1,1746,T
3-PA,839,2,1,0,1772,1775,C
3-PA,840,2,0,0,1769,1771,C
3-PA,841,1783,0,1,0,1784,A
3-PA,842,1794,0,1,0,1795,A
3-PA,843,1792,0,0,0,1792,A
3-PA,844,0,1789,0,0,1789,T
3-PA,845,0,1791,0,0,1791,T
3-PA,846,3,2,1,1793,1799,C
3-PA,847,2,1,0,1777,1780,C
3-PA,848,0,1772,0,1,1773,T
3-PA,849,3,0,1,1787,1791,C
3-PA,850,0,1,0,1795,1796,C
3-PA,851,0,1798,0,0,1798,T
3-PA,852,0,2,1802,0,1804,G
3-PA,853,1801,0,2,1,1804,A
3-PA,854,0,1807,0,0,1807,T
3-PA,855,0,1,1792,0,1793,G
3-PA,856,0,0,1782,0,1782,G
3-PA,857,1767,0,2,0,1769,A
3-PA,858,0,1767,0,0,1767,T
3-PA,859,1,0,1780,0,1781,G
3-PA,860,0,0,0,1878,1878,C
3-PA,861,0,1873,0,0,1873,T
3-PA,862,0,1880,0,3,1883,T
3-PA,863,1,1885,0,0,1886,T
3-PA,864,1877,0,0,0,1877,A
3-PA,865,1889,0,1,0,1890,A
3-PA,866,1881,0,0,1,1882,A
3-PA,867,1898,0,0,0,1898,A
3-PA,868,0,1894,0,0,1894,T
3-PA,869,0,1812,0,0,1812,T
3-PA,870,0,3,1804,0,1807,G
3-PA,871,1789,0,1,0,1790,A
3-PA,872,0,0,1816,0,1816,G
3-PA,873,0,0,0,1816,1816,C
3-PA,874,1821,0,0,0,1821,A
3-PA,875,0,1870,0,0,1870,T
3-PA,876,0,1874,0,0,1874,T
3-PA,877,1,0,1861,0,1862,G
3-PA,878,1875,0,1,0,1876,A
3-PA,879,1866,0,4,1,1871,A
3-PA,880,1,4,1866,0,1871,G
3-PA,881,1854,0,1,0,1855,A
3-PA,882,1,2,0,1864,1867,C
3-PA,883,0,1,0,1863,1864,C
3-PA,884,7,0,0,1852,1859,C
3-PA,885,1851,0,3,0,1854,A
3-PA,886,1859,0,3,0,1862,A
3-PA,887,0,0,1859,0,1859,G
3-PA,888,0,1850,1,0,1851,T
3-PA,889,7,0,0,1856,1863,C
3-PA,890,1857,1,2,1,1861,A
3-PA,891,1,1,0,1863,1865,C
3-PA,892,1,3,1860,0,1864,G
3-PA,893,1872,1,2,0,1875,A
3-PA,894,1885,0,2,1,1888,A
3-PA,895,0,1,1940,0,1941,G
3-PA,896,0,0,1938,0,1938,G
3-PA,897,1917,1,4,0,1922,A
3-PA,898,0,0,1948,0,1948,G
3-PA,899,1942,0,2,1,1945,A
3-PA,900,1940,1,6,0,1947,A
3-PA,901,3,4,1946,0,1953,G
3-PA,902,0,0,1920,0,1920,G
3-PA,903,1,1,1934,0,1936,G
3-PA,904,1871,0,1,0,1872,A
3-PA,905,0,1877,0,1,1878,T
3-PA,906,3,1,0,1886,1890,C
3-PA,907,2,0,0,2080,2082,C
3-PA,908,4,1,0,2112,2117,C
3-PA,909,2146,1,0,0,2147,A
3-PA,910,0,2150,1,0,2151,T
3-PA,911,0,2167,0,0,2167,T
3-PA,912,2220,0,1,0,2221,A
3-PA,913,0,2213,0,1,2214,T
3-PA,914,2212,0,1,0,2213,A
3-PA,915,0,2190,0,0,2190,T
3-PA,916,0,4,1965,0,1969,G
3-PA,917,1968,0,2,0,1970,A
3-PA,918,0,1937,0,2,1939,T
3-PA,919,0,0,1962,0,1962,G
3-PA,920,0,0,0,1943,1943,C
3-PA,921,0,1,1950,0,1951,G
3-PA,922,1955,0,1,0,1956,A
3-PA,923,0,1950,0,1,1951,T
3-PA,924,5,0,0,1955,1960,C
3-PA,925,1956,0,1,0,1957,A
3-PA,926,1935,0,3,0,1938,A
3-PA,927,0,0,1963,0,1963,G
3-PA,928,0,1940,0,1,1941,T
3-PA,929,0,0,1966,0,1966,G
3-PA,930,0,1,0,1957,1958,C
3-PA,931,1952,0,2,0,1954,A
3-PA,932,0,1961,0,0,1961,T
3-PA,933,1956,0,0,0,1956,A
3-PA,934,1975,1,0,0,1976,A
3-PA,935,1980,0,0,0,1980,A
3-PA,936,1966,0,1,0,1967,A
3-PA,937,1958,0,3,1,1962,A
3-PA,938,0,0,0,1974,1974,C
3-PA,939,1947,0,0,0,1947,A
3-PA,940,0,1961,1,1,1963,T
3-PA,941,0,1956,0,0,1956,T
3-PA,942,2,1,0,1968,1971,C
3-PA,943,0,1958,0,1,1959,T
3-PA,944,0,1956,0,0,1956,T
3-PA,945,0,1957,0,0,1957,T
3-PA,946,0,3,1955,0,1958,G
3-PA,947,0,1,1953,0,1954,G
3-PA,948,1951,0,1,0,1952,A
3-PA,949,0,1953,0,0,1953,T
3-PA,950,0,2,1967,0,1969,G
3-PA,951,0,4,1984,0,1988,G
3-PA,952,1991,0,2,0,1993,A
3-PA,953,1993,0,0,0,1993,A
3-PA,954,1998,0,4,0,2002,A
3-PA,955,0,5,2007,0,2012,G
3-PA,956,2008,0,1,0,2009,A
3-PA,957,2238,1,2,0,2241,A
3-PA,958,1,0,0,2268,2269,C
3-PA,959,2,1,0,2289,2292,C
3-PA,960,0,2266,0,2,2268,T
3-PA,961,0,2303,0,1,2304,T
3-PA,962,2320,0,1,0,2321,A
3-PA,963,0,2319,0,1,2320,T
3-PA,964,2303,0,0,0,2303,A
3-PA,965,0,2326,0,2,2328,T
3-PA,966,2150,0,3,0,2153,A
3-PA,967,0,0,2176,0,2176,G
3-PA,968,1,2145,0,3,2149,T
3-PA,969,3,1,0,2153,2157,C
3-PA,970,2128,0,0,0,2128,A
3-PA,971,2118,0,1,0,2119,A
3-PA,972,2124,0,1,0,2125,A
3-PA,973,0,0,0,2125,2125,C
3-PA,974,2,0,0,2095,2097,C
3-PA,975,2086,1,1,0,2088,A
3-PA,976,0,0,0,2113,2113,C
3-PA,977,2110,1,2,0,2113,A
3-PA,978,0,0,0,2136,2136,C
3-PA,979,0,2,2135,0,2137,G
3-PA,980,2106,0,1,0,2107,A
3-PA,981,2117,0,1,0,2118,A
3-PA,982,2111,0,2,0,2113,A
3-PA,983,2111,0,2,0,2113,A
3-PA,984,0,1,2124,0,2125,G
3-PA,985,2,1,2103,0,2106,G
3-PA,986,0,4,2112,1,2117,G
3-PA,987,2113,0,4,0,2117,A
3-PA,988,2128,0,0,0,2128,A
3-PA,989,0,2136,2,1,2139,T
3-PA,990,2145,0,0,0,2145,A
3-PA,991,2137,0,1,0,2138,A
3-PA,992,2143,1,0,0,2144,A
3-PA,993,0,2136,0,0,2136,T
3-PA,994,0,2125,0,0,2125,T
3-PA,995,4,0,0,2139,2143,C
3-PA,996,2150,0,0,0,2150,A
3-PA,997,2155,0,0,0,2155,A
3-PA,998,2155,0,0,0,2155,A
3-PA,999,1,2154,0,0,2155,T
3-PA,1000,0,2156,0,0,2156,T
3-PA,1001,2164,0,3,0,2167,A
3-PA,1002,1,0,0,2166,2167,C
3-PA,1003,1,1,0,2175,2177,C
3-PA,1004,0,2144,0,3,2147,T
3-PA,1005,0,1,2175,0,2176,G
3-PA,1006,0,1,0,2172,2173,C
3-PA,1007,0,2181,1,2,2184,T
3-PA,1008,0,1,2221,0,2222,G
3-PA,1009,0,2196,0,3,2199,T
3-PA,1010,2,0,0,2207,2209,C
3-PA,1011,2217,0,2,0,2219,A
3-PA,1012,0,2217,0,0,2217,T
3-PA,1013,1,1,2213,0,2215,G
3-PA,1014,0,1,2198,0,2199,G
3-PA,1015,2202,1,0,1,2204,A
3-PA,1016,2258,1,4,0,2263,A
3-PA,1017,0,0,2250,0,2250,G
3-PA,1018,1,0,0,2254,2255,C
3-PA,1019,2259,0,0,0,2259,A
3-PA,1020,2249,0,2,0,2251,A
3-PA,1021,0,0,2272,0,2272,G
3-PA,1022,0,2254,0,0,2254,T
3-PA,1023,2270,0,0,0,2270,A
3-PA,1024,1,0,0,2271,2272,C
3-PA,1025,0,2217,0,1,2218,T
3-PA,1026,0,1,2245,0,2246,G
3-PA,1027,0,2227,0,0,2227,T
3-PA,1028,3,3,0,2226,2232,C
3-PA,1029,2228,1,2,0,2231,A
3-PA,1030,1,1,2251,0,2253,G
3-PA,1031,2248,0,0,0,2248,A
3-PA,1032,2256,0,0,0,2256,A
3-PA,1033,0,2284,0,0,2284,T
3-PA,1034,0,2267,0,0,2267,T
3-PA,1035,0,1,2268,0,2269,G
3-PA,1036,0,1,0,2257,2258,C
3-PA,1037,2263,0,2,0,2265,A
3-PA,1038,1,3,2252,0,2256,G
3-PA,1039,0,2,2233,0,2235,G
3-PA,1040,2240,0,1,0,2241,A
3-PA,1041,1,2,0,2231,2234,C
3-PA,1042,0,0,2218,0,2218,G
3-PA,1043,0,2244,0,2,2246,T
3-PA,1044,1,2268,0,1,2270,T
3-PA,1045,2,6,2274,1,2283,G
3-PA,1046,2270,0,1,1,2272,A
3-PA,1047,2281,0,1,0,2282,A
3-PA,1048,2278,0,1,0,2279,A
3-PA,1049,2272,0,1,0,2273,A
3-PA,1050,0,2268,0,0,2268,T
3-PA,1051,0,3,2271,0,2274,G
3-PA,1052,2263,0,4,0,2267,A
3-PA,1053,1,1,2280,0,2282,G
3-PA,1054,0,2,2280,0,2282,G
3-PA,1055,2261,0,1,0,2262,A
3-PA,1056,0,2,2279,0,2281,G
3-PA,1057,2269,0,0,0,2269,A
3-PA,1058,2265,0,2,0,2267,A
3-PA,1059,3,1,2268,0,2272,G
3-PA,1060,1,0,2245,0,2246,G
3-PA,1061,0,2309,0,1,2310,T
3-PA,1062,0,2341,0,5,2346,T
3-PA,1063,4,0,0,2343,2347,C
3-PA,1064,1,0,0,2337,2338,C
3-PA,1065,2344,0,3,0,2347,A
3-PA,1066,2340,1,1,1,2343,A
3-PA,1067,0,4,2356,0,2360,G
3-PA,1068,0,2,2393,0,2395,G
3-PA,1069,2358,0,0,0,2358,A
3-PA,1070,1,0,0,2380,2381,C
3-PA,1071,0,2377,1,0,2378,T
3-PA,1072,2372,0,2,0,2374,A
3-PA,1073,2375,0,0,0,2375,A
3-PA,1074,2376,0,0,0,2376,A
3-PA,1075,2365,0,2,0,2367,A
3-PA,1076,2351,0,0,7,2358,A
3-PA,1077,0,0,0,2340,2340,C
3-PA,1078,2335,1,0,0,2336,A
3-PA,1079,0,2324,0,0,2324,T
3-PA,1080,1,0,2355,0,2356,G
3-PA,1081,2351,0,1,0,2352,A
3-PA,1082,2348,2,2,0,2352,A
3-PA,1083,0,6,2376,0,2382,G
3-PA,1084,2377,1,3,0,2381,A
3-PA,1085,2386,1,2,0,2389,A
3-PA,1086,2361,0,2,0,2363,A
3-PA,1087,2358,0,2,0,2360,A
3-PA,1088,0,0,0,2372,2372,C
3-PA,1089,0,3,2359,0,2362,G
3-PA,1090,2373,0,2,0,2375,A
3-PA,1091,1,1,2364,0,2366,G
3-PA,1092,0,2356,0,0,2356,T
3-PA,1093,1,0,0,2414,2415,C
3-PA,1094,2429,0,0,0,2429,A
3-PA,1095,2443,1,0,0,2444,A
3-PA,1096,1,0,0,2457,2458,C
3-PA,1097,0,2447,0,0,2447,T
3-PA,1098,0,1,2504,0,2505,G
3-PA,1099,2501,0,2,0,2503,A
3-PA,1100,2498,0,4,0,2502,A
3-PA,1101,1,1,2510,0,2512,G
3-PA,1102,0,2427,0,0,2427,T
3-PA,1103,1,4,2444,0,2449,G
3-PA,1104,0,2,2450,0,2452,G
3-PA,1105,2,1,2442,0,2445,G
3-PA,1106,1,0,0,2448,2449,C
3-PA,1107,0,2428,0,2,2430,T
3-PA,1108,1,1,0,2471,2473,C
3-PA,1109,0,2454,0,0,2454,T
3-PA,1110,0,2468,0,1,2469,T
3-PA,1111,0,5,2514,0,2519,G
3-PA,1112,0,2,2524,0,2526,G
3-PA,1113,0,2502,0,1,2503,T
3-PA,1114,1,2,2509,0,2512,G
3-PA,1115,2516,0,1,1,2518,A
3-PA,1116,2533,0,0,0,2533,A
3-PA,1117,2530,0,0,0,2530,A
3-PA,1118,2531,0,1,1,2533,A
3-PA,1119,0,0,0,2549,2549,C
3-PA,1120,2502,1,1,1,2505,A
3-PA,1121,0,2494,0,0,2494,T
3-PA,1122,0,5,2497,0,2502,G
3-PA,1123,0,0,2501,0,2501,G
3-PA,1124,0,0,0,2533,2533,C
3-PA,1125,2527,1,2,1,2531,A
3-PA,1126,0,0,0,2547,2547,C
3-PA,1127,2,0,0,2554,2556,C
3-PA,1128,2609,0,0,0,2609,A
3-PA,1129,0,0,2643,0,2643,G
3-PA,1130,2638,0,0,0,2638,A
3-PA,1131,1,1,2669,0,2671,G
3-PA,1132,2628,0,1,0,2629,A
3-PA,1133,2635,0,3,0,2638,A
3-PA,1134,0,1,2653,0,2654,G
3-PA,1135,0,0,2634,0,2634,G
3-PA,1136,1,2578,0,2,2581,T
3-PA,1137,2613,0,1,0,2614,A
3-PA,1138,0,3,2610,0,2613,G
3-PA,1139,2602,0,2,0,2604,A
3-PA,1140,0,3,0,2617,2620,C
3-PA,1141,0,2582,0,1,2583,T
3-PA,1142,0,2585,0,1,2586,T
3-PA,1143,0,2585,0,1,2586,T
3-PA,1144,0,5,2588,0,2593,G
3-PA,1145,2587,0,2,1,2590,A
3-PA,1146,2597,0,0,0,2597,A
3-PA,1147,2591,0,4,1,2596,A
3-PA,1148,2582,0,0,1,2583,A
3-PA,1149,0,0,0,2647,2647,C
3-PA,1150,0,2621,0,0,2621,T
3-PA,1151,0,0,2647,0,2647,G
3-PA,1152,0,0,1,2648,2649,C
3-PA,1153,2653,0,2,0,2655,A
3-PA,1154,0,3,2646,0,2649,G
3-PA,1155,2638,0,3,0,2641,A
3-PA,1156,0,5,2731,0,2736,G
3-PA,1157,2733,0,1,0,2734,A
3-PA,1158,0,0,0,2721,2721,C
3-PA,1159,2722,0,2,0,2724,A
3-PA,1160,0,2692,0,1,2693,T
3-PA,1161,2704,1,1,0,2706,A
3-PA,1162,2699,0,1,0,2700,A
3-PA,1163,0,1,2704,0,2705,G
3-PA,1164,1,1,0,2699,2701,C
3-PA,1165,0,5,2656,0,2661,G
3-PA,1166,2704,0,1,1,2706,A
3-PA,1167,0,2690,0,1,2691,T
3-PA,1168,0,2696,0,0,2696,T
3-PA,1169,0,2700,0,0,2700,T
3-PA,1170,0,1,2702,0,2703,G
3-PA,1171,2711,0,2,0,2713,A
3-PA,1172,2707,1,3,1,2712,A
3-PA,1173,7,1,2721,0,2729,G
3-PA,1174,5,0,0,2786,2791,C
3-PA,1175,2757,1,0,0,2758,A
3-PA,1176,2938,0,1,0,2939,A
3-PA,1177,0,2939,0,0,2939,T
3-PA,1178,2951,0,3,0,2954,A
3-PA,1179,0,2963,0,1,2964,T
3-PA,1180,0,5,2969,0,2974,G
3-PA,1181,2999,0,4,0,3003,A
3-PA,1182,0,2984,0,0,2984,T
3-PA,1183,2921,0,1,0,2922,A
3-PA,1184,0,0,2920,0,2920,G
3-PA,1185,1,2806,0,1,2808,T
3-PA,1186,0,7,2811,0,2818,G
3-PA,1187,2814,0,1,0,2815,A
3-PA,1188,0,1,0,2797,2798,C
3-PA,1189,1,9,2784,0,2794,G
3-PA,1190,2799,1,0,0,2800,A
3-PA,1191,2804,0,3,0,2807,A
3-PA,1192,0,1,0,2811,2812,C
3-PA,1193,4,0,1,2830,2835,C
3-PA,1194,0,2828,0,2,2830,T
3-PA,1195,0,3,2902,0,2905,G
3-PA,1196,2889,0,3,0,2892,A
3-PA,1197,2896,0,2,0,2898,A
3-PA,1198,0,2902,0,0,2902,T
3-PA,1199,0,2887,0,0,2887,T
3-PA,1200,2878,0,0,0,2878,A
3-PA,1201,2840,1,1,1,2843,A
3-PA,1202,1,1,2851,0,2853,G
3-PA,1203,0,1,2849,0,2850,G
3-PA,1204,1,2793,0,8,2802,T
3-PA,1205,10,0,0,2810,2820,C
3-PA,1206,2804,0,0,0,2804,A
3-PA,1207,0,0,0,2901,2901,C
3-PA,1208,0,2901,0,3,2904,T
3-PA,1209,0,2912,0,1,2913,T
3-PA,1210,0,2906,0,1,2907,T
3-PA,1211,4,2,0,2902,2908,C
3-PA,1212,2907,0,0,0,2907,A
3-PA,1213,2915,0,1,0,2916,A
3-PA,1214,0,0,2943,0,2943,G
3-PA,1215,0,0,0,2933,2933,C
3-PA,1216,0,2910,0,0,2910,T
3-PA,1217,0,0,2986,0,2986,G
3-PA,1218,1,2,2977,0,2980,G
3-PA,1219,3038,0,2,0,3040,A
3-PA,1220,0,3066,0,0,3066,T
3-PA,1221,3061,1,0,0,3062,A
3-PA,1222,0,0,0,3074,3074,C
3-PA,1223,3033,0,1,0,3034,A
3-PA,1224,3,6,3064,0,3073,G
3-PA,1225,3053,0,3,0,3056,A
3-PA,1226,3018,0,1,0,3019,A
3-PA,1227,0,2987,1,1,2989,T
3-PA,1228,6,4,3003,0,3013,G
3-PA,1229,2982,0,2,0,2984,A
3-PA,1230,0,0,3013,0,3013,G
3-PA,1231,0,2994,0,3,2997,T
3-PA,1232,0,2992,0,1,2993,T
3-PA,1233,12,2,1,3024,3039,C
3-PA,1234,3050,0,1,1,3052,A
3-PA,1235,3051,0,0,2,3053,A
3-PA,1236,0,0,0,3047,3047,C
3-PA,1237,3017,0,0,0,3017,A
3-PA,1238,3012,0,1,0,3013,A
3-PA,1239,0,2,3007,0,3009,G
3-PA,1240,1,0,3007,1,3009,G
3-PA,1241,1,0,0,3025,3026,C
3-PA,1242,0,0,0,3015,3015,C
3-PA,1243,1,2991,0,2,2994,T
3-PA,1244,0,0,3033,0,3033,G
3-PA,1245,2,3018,0,0,3020,T
3-PA,1246,0,4,3068,0,3072,G
3-PA,1247,3059,1,3,0,3063,A
3-PA,1248,1,0,3053,0,3054,G
3-PA,1249,0,2,0,3041,3043,C
3-PA,1250,0,3014,0,1,3015,T
3-PA,1251,3078,0,0,0,3078,A
3-PA,1252,3074,1,1,0,3076,A
3-PA,1253,0,0,0,3089,3089,C
3-PA,1254,0,3066,0,1,3067,T
3-PA,1255,0,5,3063,0,3068,G
3-PA,1256,3040,0,1,0,3041,A
3-PA,1257,0,3032,1,0,3033,T
3-PA,1258,0,3047,0,4,3051,T
3-PA,1259,3,0,0,3052,3055,C
3-PA,1260,3127,1,1,0,3129,A
3-PA,1261,0,1,3189,0,3190,G
3-PA,1262,0,3167,0,4,3171,T
3-PA,1263,1,1,0,3173,3175,C
3-PA,1264,0,3170,0,2,3172,T
3-PA,1265,0,3,3277,0,3280,G
3-PA,1266,0,3,3283,0,3286,G
3-PA,1267,3292,0,0,0,3292,A
3-PA,1268,0,3281,2,0,3283,T
3-PA,1269,3141,1,2,0,3144,A
3-PA,1270,1,3,3137,0,3141,G
3-PA,1271,3094,0,1,0,3095,A
3-PA,1272,1,0,3110,0,3111,G
3-PA,1273,1,0,0,3097,3098,C
3-PA,1274,1,3020,1,0,3022,T
3-PA,1275,1,1,0,3054,3056,C
3-PA,1276,1,2,3058,0,3061,G
3-PA,1277,3060,0,1,1,3062,A
3-PA,1278,0,3064,1,0,3065,T
3-PA,1279,1,7,3064,0,3072,G
3-PA,1280,3092,1,0,0,3093,A
3-PA,1281,3097,0,2,0,3099,A
3-PA,1282,3110,0,0,0,3110,A
3-PA,1283,0,3070,1,1,3072,T
3-PA,1284,0,3092,1,0,3093,T
3-PA,1285,0,2,3126,1,3129,G
3-PA,1286,1,4,3115,0,3120,G
3-PA,1287,3125,0,5,0,3130,A
3-PA,1288,0,3,3116,0,3119,G
3-PA,1289,3085,0,1,0,3086,A
3-PA,1290,1,2,3104,0,3107,G
3-PA,1291,0,0,3126,0,3126,G
3-PA,1292,3158,0,2,0,3160,A
3-PA,1293,1,1,0,3166,3168,C
3-PA,1294,0,0,3149,0,3149,G
3-PA,1295,1,3152,1,0,3154,T
3-PA,1296,3159,0,2,0,3161,A
3-PA,1297,0,1,3195,0,3196,G
3-PA,1298,1,4,0,3190,3195,C
3-PA,1299,3,0,0,3146,3149,C
3-PA,1300,2,1,0,3144,3147,C
3-PA,1301,3,2,0,3181,3186,C
3-PA,1302,3188,0,0,0,3188,A
3-PA,1303,3288,0,0,0,3288,A
3-PA,1304,0,3285,1,0,3286,T
3-PA,1305,1,3273,1,0,3275,T
3-PA,1306,0,11,3264,0,3275,G
3-PA,1307,3212,0,5,0,3217,A
3-PA,1308,0,0,3234,0,3234,G
3-PA,1309,1,0,0,3224,3225,C
3-PA,1310,3205,0,0,0,3205,A
3-PA,1311,1,0,1,3269,3271,C
3-PA,1312,3202,0,1,0,3203,A
3-PA,1313,0,3289,1,3,3293,T
3-PA,1314,0,3302,1,0,3303,T
3-PA,1315,1,0,3297,0,3298,G
3-PA,1316,1,0,0,3286,3287,C
3-PA,1317,3293,0,0,1,3294,A
3-PA,1318,3290,0,2,0,3292,A
3-PA,1319,1,1,3288,0,3290,G
3-PA,1320,1,0,0,3250,3251,C
3-PA,1321,3247,1,0,1,3249,A
3-PA,1322,0,3170,1,1,3172,T
3-PA,1323,0,10,3166,0,3176,G
3-PA,1324,3159,0,1,0,3160,A
3-PA,1325,0,0,3169,0,3169,G
3-PA,1326,3177,0,1,0,3178,A
3-PA,1327,3178,0,3,0,3181,A
3-PA,1328,2,2,3159,0,3163,G
3-PA,1329,1,3,3156,0,3160,G
3-PA,1330,3162,0,0,1,3163,A
3-PA,1331,3159,0,2,0,3161,A
3-PA,1332,0,3164,0,1,3165,T
3-PA,1333,0,3166,0,0,3166,T
3-PA,1334,3173,1,0,0,3174,A
3-PA,1335,0,3188,0,0,3188,T
3-PA,1336,0,3190,0,0,3190,T
3-PA,1337,0,3177,1,1,3179,T
3-PA,1338,1,1,0,3139,3141,C
3-PA,1339,3144,0,1,0,3145,A
3-PA,1340,1,1,0,3220,3222,C
3-PA,1341,3207,0,0,0,3207,A
3-PA,1342,0,0,3228,1,3229,G
3-PA,1343,0,0,0,3233,3233,C
3-PA,1344,3207,0,1,0,3208,A
3-PA,1345,0,2,3226,0,3228,G
3-PA,1346,3206,0,3,0,3209,A
3-PA,1347,0,2,3218,0,3220,G
3-PA,1348,0,0,3225,0,3225,G
3-PA,1349,1,3114,0,1,3116,T
3-PA,1350,0,0,3183,0,3183,G
3-PA,1351,0,3150,0,4,3154,T
3-PA,1352,2,0,1,3147,3150,C
3-PA,1353,3,1,0,3177,3181,C
3-PA,1354,2,1,0,3177,3180,C
3-PA,1355,3203,0,0,0,3203,A
3-PA,1356,1,3223,0,1,3225,T
3-PA,1357,0,3208,0,1,3209,T
3-PA,1358,1,1,3222,0,3224,G
3-PA,1359,0,3155,0,0,3155,T
3-PA,1360,3114,0,1,0,3115,A
3-PA,1361,1,3,3109,0,3113,G
3-PA,1362,3022,0,0,0,3022,A
3-PA,1363,1,0,3027,0,3028,G
3-PA,1364,0,1,0,2992,2993,C
3-PA,1365,3,1,0,2943,2947,C
3-PA,1366,2994,0,0,0,2994,A
3-PA,1367,0,0,0,3012,3012,C
3-PA,1368,0,2978,0,6,2984,T
3-PA,1369,0,3,2986,0,2989,G
3-PA,1370,2974,0,1,0,2975,A
3-PA,1371,2918,0,0,0,2918,A
3-PA,1372,0,2997,0,0,2997,T
3-PA,1373,3026,0,1,0,3027,A
3-PA,1374,1,1,0,3053,3055,C
3-PA,1375,2998,0,2,0,3000,A
3-PA,1376,0,3020,0,0,3020,T
3-PA,1377,3003,0,0,0,3003,A
3-PA,1378,3014,0,1,0,3015,A
3-PA,1379,0,2990,0,0,2990,T
3-PA,1380,0,1,2937,0,2938,G
3-PA,1381,2924,0,0,0,2924,A
3-PA,1382,2880,0,0,0,2880,A
3-PA,1383,0,2,2889,0,2891,G
3-PA,1384,0,6,2862,0,2868,G
3-PA,1385,0,2,2892,0,2894,G
3-PA,1386,0,1,2900,0,2901,G
3-PA,1387,8,0,2922,0,2930,G
3-PA,1388,0,2865,0,0,2865,T
3-PA,1389,2884,0,2,0,2886,A
3-PA,1390,0,2910,0,1,2911,T
3-PA,1391,2928,1,1,0,2930,A
3-PA,1392,1,1,0,3148,3150,C
3-PA,1393,3048,0,0,0,3048,A
3-PA,1394,0,2962,0,1,2963,T
3-PA,1395,0,2923,0,2,2925,T
3-PA,1396,2886,0,1,0,2887,A
3-PA,1397,2931,0,0,0,2931,A
3-PA,1398,0,1,0,2929,2930,C
3-PA,1399,2855,0,1,0,2856,A
3-PA,1400,0,0,0,2863,2863,C
3-PA,1401,1,2519,0,2,2522,T
3-PA,1402,0,0,2617,0,2617,G
3-PA,1403,0,0,0,2593,2593,C
3-PA,1404,1,0,0,2589,2590,C
3-PA,1405,2,1,0,2607,2610,C
3-PA,1406,2,2540,0,2,2544,T
3-PA,1407,0,0,2627,0,2627,G
3-PA,1408,0,2,0,2622,2624,C
3-PA,1409,0,2612,0,6,2618,T
3-PA,1410,4,0,0,2702,2706,C
3-PA,1411,2583,0,0,0,2583,A
3-PA,1412,2611,0,0,0,2611,A
3-PA,1413,0,2603,0,2,2605,T
3-PA,1414,1,0,2598,0,2599,G
3-PA,1415,1,0,0,2601,2602,C
3-PA,1416,2527,0,5,0,2532,A
3-PA,1417,0,2507,0,3,2510,T
3-PA,1418,3,0,0,2502,2505,C
3-PA,1419,1,0,0,2551,2552,C
3-PA,1420,0,2446,0,0,2446,T
3-PA,1421,1,0,2515,0,2516,G
3-PA,1422,0,2499,0,1,2500,T
3-PA,1423,0,0,2500,0,2500,G
3-PA,1424,0,0,0,2493,2493,C
3-PA,1425,2466,0,2,0,2468,A
3-PA,1426,0,0,2491,0,2491,G
3-PA,1427,0,0,0,2492,2492,C
3-PA,1428,2449,0,1,0,2450,A
3-PA,1429,2446,0,0,0,2446,A
3-PA,1430,0,2330,0,0,2330,T
3-PA,1431,0,2,2332,0,2334,G
3-PA,1432,3,2,2329,0,2334,G
3-PA,1433,2332,0,2,0,2334,A
3-PA,1434,0,0,0,2328,2328,C
3-PA,1435,1,5,2303,0,2309,G
3-PA,1436,2332,0,0,0,2332,A
3-PA,1437,0,2328,0,1,2329,T
3-PA,1438,0,2332,0,0,2332,T
3-PA,1439,0,2322,0,1,2323,T
3-PA,1440,0,2311,0,0,2311,T
3-PA,1441,2,2,0,2325,2329,C
3-PA,1442,2333,0,0,0,2333,A
3-PA,1443,2334,0,0,0,2334,A
3-PA,1444,1,0,1,2331,2333,C
3-PA,1445,0,2293,0,2,2295,T
3-PA,1446,2297,0,0,0,2297,A
3-PA,1447,2294,0,0,0,2294,A
3-PA,1448,0,2289,0,0,2289,T
3-PA,1449,0,2285,0,2,2287,T
3-PA,1450,3,0,0,2296,2299,C
3-PA,1451,2,0,0,2285,2287,C
3-PA,1452,1,1,0,2297,2299,C
3-PA,1453,2295,0,0,2,2297,A
3-PA,1454,1,2323,0,2,2326,T
3-PA,1455,1,2,2325,0,2328,G
3-PA,1456,2328,1,1,0,2330,A
3-PA,1457,0,2319,0,0,2319,T
3-PA,1458,2324,0,0,0,2324,A
3-PA,1459,2317,0,3,0,2320,A
3-PA,1460,1,0,2319,0,2320,G
3-PA,1461,0,0,0,2313,2313,C
3-PA,1462,2301,0,0,0,2301,A
3-PA,1463,2235,1,2,0,2238,A
3-PA,1464,1,0,2265,0,2266,G
3-PA,1465,0,2245,0,0,2245,T
3-PA,1466,1,0,2237,0,2238,G
3-PA,1467,3,0,0,2237,2240,C
3-PA,1468,2217,0,0,0,2217,A
3-PA,1469,0,5,2230,0,2235,G
3-PA,1470,2237,0,1,0,2238,A
3-PA,1471,2254,0,2,0,2256,A
3-PA,1472,1,0,0,2255,2256,C
3-PA,1473,0,2206,0,1,2207,T
3-PA,1474,2225,0,1,0,2226,A
3-PA,1475,2225,0,0,0,2225,A
3-PA,1476,2217,0,3,0,2220,A
3-PA,1477,0,1,2226,0,2227,G
3-PA,1478,2120,0,1,0,2121,A
3-PA,1479,0,0,2112,0,2112,G
3-PA,1480,0,0,2064,0,2064,G
3-PA,1481,0,1,2053,0,2054,G
3-PA,1482,2049,0,0,0,2049,A
3-PA,1483,2000,0,0,0,2000,A
3-PA,1484,1,0,2001,0,2002,G
3-PA,1485,0,0,1998,0,1998,G
3-PA,1486,10,0,0,1991,2001,C
3-PA,1487,1,0,1994,0,1995,G
3-PA,1488,1989,0,0,0,1989,A
3-PA,1489,1994,0,1,0,1995,A
3-PA,1490,1997,0,1,0,1998,A
3-PA,1491,1996,0,0,0,1996,A
3-PA,1492,1989,1,1,0,1991,A
3-PA,1493,0,0,0,1998,1998,C
3-PA,1494,6,0,0,1983,1989,C
3-PA,1495,1983,0,0,0,1983,A
3-PA,1496,2006,0,0,0,2006,A
3-PA,1497,0,2004,0,0,2004,T
3-PA,1498,0,2005,0,0,2005,T
3-PA,1499,0,2015,0,0,2015,T
3-PA,1500,2022,0,0,0,2022,A
3-PA,1501,0,2018,0,2,2020,T
3-PA,1502,2024,0,0,0,2024,A
3-PA,1503,0,2007,0,1,2008,T
3-PA,1504,1,0,1992,0,1993,G
3-PA,1505,0,6,1946,0,1952,G
3-PA,1506,1952,0,0,0,1952,A
3-PA,1507,0,1940,1,1,1942,T
3-PA,1508,1,1916,0,0,1917,T
3-PA,1509,3,0,0,1906,1909,C
3-PA,1510,1914,0,0,0,1914,A
3-PA,1511,0,1924,0,1,1925,T
3-PA,1512,0,0,0,1928,1928,C
3-PA,1513,1917,0,0,0,1917,A
3-PA,1514,0,1902,0,0,1902,T
3-PA,1515,1887,0,1,0,1888,A
3-PA,1516,1887,0,0,0,1887,A
3-PA,1517,1880,0,0,1,1881,A
3-PA,1518,1,3,1874,0,1878,G
3-PA,1519,0,2,1847,0,1849,G
3-PA,1520,0,1,1818,0,1819,G
3-PA,1521,1813,0,1,1,1815,A
3-PA,1522,1790,0,2,0,1792,A
3-PA,1523,0,3,1798,0,1801,G
3-PA,1524,1784,0,0,0,1784,A
3-PA,1525,0,1776,0,1,1777,T
3-PA,1526,2,2,0,1772,1776,C
3-PA,1527,0,1744,1,2,1747,T
3-PA,1528,2,0,0,1782,1784,C
3-PA,1529,1771,0,0,0,1771,A
3-PA,1530,0,1775,0,0,1775,T
3-PA,1531,0,1777,0,0,1777,T
3-PA,1532,0,1748,0,0,1748,T
3-PA,1533,1736,0,4,0,1740,A
3-PA,1534,1736,0,0,0,1736,A
3-PA,1535,1,1,1727,0,1729,G
3-PA,1536,1,2,1746,0,1749,G
3-PA,1537,1656,0,0,0,1656,A
3-PA,1538,1654,0,0,0,1654,A
3-PA,1539,0,1640,3,0,1643,T
3-PA,1540,15,6,1633,0,1654,G
3-PA,1541,1681,0,2,0,1683,A
3-PA,1542,1,0,0,1679,1680,C
3-PA,1543,1662,0,5,0,1667,A
3-PA,1544,0,0,1,1667,1668,C
3-PA,1545,1602,0,0,0,1602,A
3-PA,1546,0,1,1604,0,1605,G
3-PA,1547,1583,0,2,0,1585,A
3-PA,1548,0,1,0,1572,1573,C
3-PA,1549,0,2,1547,0,1549,G
3-PA,1550,0,1414,0,1,1415,T
3-PA,1551,1,2,1407,0,1410,G
3-PA,1552,0,0,1421,0,1421,G
3-PA,1553,0,1421,0,0,1421,T
3-PA,1554,1420,0,0,0,1420,A
3-PA,1555,1402,0,1,0,1403,A
3-PA,1556,1393,0,0,0,1393,A
3-PA,1557,0,1391,0,0,1391,T
3-PA,1558,0,1365,0,0,1365,T
3-PA,1559,0,1360,0,0,1360,T
3-PA,1560,0,1346,0,0,1346,T
3-PA,1561,0,0,1344,1,1345,G
3-PA,1562,0,1324,0,0,1324,T
3-PA,1563,1,3,1323,0,1327,G
3-PA,1564,1319,0,4,0,1323,A
3-PA,1565,1,0,1315,0,1316,G
3-PA,1566,0,1,0,1315,1316,C
3-PA,1567,1322,0,0,0,1322,A
3-PA,1568,0,1314,0,1,1315,T
3-PA,1569,1,0,1322,0,1323,G
3-PA,1570,0,1,1325,0,1326,G
3-PA,1571,1320,0,1,0,1321,A
3-PA,1572,2,0,1316,0,1318,G
3-PA,1573,1,1305,1,0,1307,T
3-PA,1574,0,1282,0,2,1284,T
3-PA,1575,0,1290,0,0,1290,T
3-PA,1576,0,1284,0,1,1285,T
3-PA,1577,0,0,0,1285,1285,C
3-PA,1578,0,1274,0,1,1275,T
3-PA,1579,1,0,0,1270,1271,C
3-PA,1580,1,1240,0,4,1245,T
3-PA,1581,0,0,0,1239,1239,C
3-PA,1582,1237,0,0,0,1237,A
3-PA,1583,0,0,0,1233,1233,C
3-PA,1584,0,1190,0,0,1190,T
3-PA,1585,0,1,1196,0,1197,G
3-PA,1586,1189,0,1,0,1190,A
3-PA,1587,1,0,0,1200,1201,C
3-PA,1588,2,0,0,1185,1187,C
3-PA,1589,2,0,0,1180,1182,C
3-PA,1590,0,2,1171,0,1173,G
3-PA,1591,1169,0,0,0,1169,A
3-PA,1592,0,2,1173,0,1175,G
3-PA,1593,1169,0,0,0,1169,A
3-PA,1594,0,1,0,1142,1143,C
3-PA,1595,0,1115,0,2,1117,T
3-PA,1596,0,1041,0,0,1041,T
3-PA,1597,0,1,1038,0,1039,G
3-PA,1598,1034,1,2,0,1037,A
3-PA,1599,1,0,1036,0,1037,G
3-PA,1600,0,0,0,1027,1027,C
3-PA,1601,0,0,0,980,980,C
3-PA,1602,973,0,0,0,973,A
3-PA,1603,0,1,0,975,976,C
3-PA,1604,978,0,1,0,979,A
3-PA,1605,0,980,0,0,980,T
3-PA,1606,968,0,0,0,968,A
3-PA,1607,961,0,0,0,961,A
3-PA,1608,956,0,0,0,956,A
3-PA,1609,0,932,0,0,932,T
3-PA,1610,0,0,934,0,934,G
3-PA,1611,0,0,827,0,827,G
3-PA,1612,0,1,805,0,806,G
3-PA,1613,780,0,1,0,781,A
3-PA,1614,0,0,777,0,777,G
3-PA,1615,759,0,0,0,759,A
3-PA,1616,742,0,0,0,742,A
3-PA,1617,740,0,0,0,740,A
3-PA,1618,0,738,0,0,738,T
3-PA,1619,723,0,0,0,723,A
3-PA,1620,2,0,0,724,726,C
3-PA,1621,0,413,0,0,413,T
3-PA,1622,0,1,409,0,410,G
3-PA,1623,0,247,0,0,247,T
3-PA,1624,0,0,238,0,238,G
3-PA,1625,0,216,0,0,216,T
3-PA,1626,0,0,0,151,151,C
3-PA,1627,0,0,0,144,144,C
3-PA,1628,0,137,0,0,137,T
3-PA,1629,0,137,0,0,137,T
3-PA,1630,0,0,139,0,139,G
3-PA,1631,141,0,0,0,141,A
3-PA,1632,0,0,141,0,141,G
3-PA,1633,134,0,0,0,134,A
3-PA,1634,0,132,0,0,132,T
3-PA,1635,133,0,0,0,133,A
3-PA,1636,0,0,135,0,135,G
3-PA,1637,0,0,136,0,136,G
3-PA,1638,131,0,0,0,131,A
3-PA,1639,0,0,132,0,132,G
3-PA,1640,129,0,0,0,129,A
3-PA,1641,0,129,0,0,129,T
3-PA,1642,129,0,0,0,129,A
3-PA,1643,0,130,0,0,130,T
3-PA,1644,0,0,133,0,133,G
3-PA,1645,0,130,0,0,130,T
3-PA,1646,0,129,0,0,129,T
3-PA,1647,135,0,0,0,135,A
3-PA,1648,0,0,0,135,135,C
3-PA,1649,0,132,0,0,132,T
3-PA,1650,132,0,0,0,132,A
3-PA,1651,131,0,0,0,131,A
3-PA,1652,0,0,133,0,133,G
3-PA,1653,132,0,0,0,132,A
3-PA,1654,131,0,0,0,131,A
3-PA,1655,0,0,128,0,128,G
3-PA,1656,0,130,0,0,130,T
3-PA,1657,0,0,131,0,131,G
3-PA,1658,0,1,0,131,132,C
3-PA,1659,0,0,0,131,131,C
3-PA,1660,132,0,0,0,132,A
3-PA,1661,0,132,0,0,132,T
3-PA,1662,132,0,0,0,132,A
3-PA,1663,0,0,131,0,131,G
3-PA,1664,0,0,131,0,131,G
3-PA,1665,0,0,0,129,129,C
3-PA,1666,1,0,0,129,130,C
3-PA,1667,129,0,0,0,129,A
3-PA,1668,131,0,0,0,131,A
3-PA,1669,131,0,0,0,131,A
3-PA,1670,0,132,0,0,132,T
3-PA,1671,0,130,0,1,131,T
3-PA,1672,0,127,0,0,127,T
3-PA,1673,0,0,0,129,129,C
3-PA,1674,127,0,0,0,127,A
3-PA,1675,127,0,0,0,127,A
3-PA,1676,0,0,127,1,128,G
3-PA,1677,0,0,126,0,126,G
3-PA,1678,0,0,0,123,123,C
3-PA,1679,1,0,0,124,125,C
3-PA,1680,123,0,0,0,123,A
3-PA,1681,131,0,0,0,131,A
3-PA,1682,0,130,0,0,130,T
3-PA,1683,0,0,133,0,133,G
3-PA,1684,0,134,0,0,134,T
3-PA,1685,0,138,0,0,138,T
3-PA,1686,0,0,0,139,139,C
3-PA,1687,0,140,0,0,140,T
3-PA,1688,0,139,0,0,139,T
3-PA,1689,136,0,0,0,136,A
3-PA,1690,0,137,0,0,137,T
3-PA,1691,137,0,0,0,137,A
3-PA,1692,0,138,0,0,138,T
3-PA,1693,0,0,138,0,138,G
3-PA,1694,0,131,0,0,131,T
3-PA,1695,0,1,131,0,132,G
3-PA,1696,129,0,0,0,129,A
3-PA,1697,0,0,130,0,130,G
3-PA,1698,0,0,130,0,130,G
3-PA,1699,131,0,0,0,131,A
3-PA,1700,0,0,0,130,130,C
3-PA,1701,129,0,0,0,129,A
3-PA,1702,129,0,0,0,129,A
3-PA,1703,129,0,0,0,129,A
3-PA,1704,0,0,0,128,128,C
3-PA,1705,0,1,127,0,128,G
3-PA,1706,0,0,130,0,130,G
3-PA,1707,127,0,0,0,127,A
3-PA,1708,126,0,0,0,126,A
3-PA,1709,0,0,0,129,129,C
3-PA,1710,128,0,0,0,128,A
3-PA,1711,0,130,0,0,130,T
3-PA,1712,0,0,0,128,128,C
3-PA,1713,130,0,0,0,130,A
3-PA,1714,128,0,0,0,128,A
3-PA,1715,124,0,0,0,124,A
3-PA,1716,0,0,127,0,127,G
3-PA,1717,0,0,126,0,126,G
3-PA,1718,0,123,0,0,123,T
3-PA,1719,0,0,0,124,124,C
3-PA,1720,123,0,0,0,123,A
3-PA,1721,127,0,0,0,127,A
3-PA,1722,127,0,0,0,127,A
3-PA,1723,126,0,0,0,126,A
3-PA,1724,0,126,0,0,126,T
3-PA,1725,0,0,127,0,127,G
3-PA,1726,125,0,0,0,125,A
3-PA,1727,126,0,0,0,126,A
3-PA,1728,126,0,0,0,126,A
3-PA,1729,0,126,0,0,126,T
3-PA,1730,0,0,126,0,126,G
3-PA,1731,0,1,124,0,125,G
3-PA,1732,0,0,125,0,125,G
3-PA,1733,0,0,123,0,123,G
3-PA,1734,124,0,0,0,124,A
3-PA,1735,124,0,0,0,124,A
3-PA,1736,0,124,0,0,124,T
3-PA,1737,0,0,124,0,124,G
3-PA,1738,0,0,124,0,124,G
3-PA,1739,123,0,0,0,123,A
3-PA,1740,0,1,123,0,124,G
3-PA,1741,121,0,0,0,121,A
3-PA,1742,0,121,0,0,121,T
3-PA,1743,0,0,119,0,119,G
3-PA,1744,117,0,0,0,117,A
3-PA,1745,0,1,121,0,122,G
3-PA,1746,122,0,0,0,122,A
3-PA,1747,0,0,0,120,120,C
3-PA,1748,0,0,120,0,120,G
3-PA,1749,0,118,0,0,118,T
3-PA,1750,0,114,0,1,115,T
3-PA,1751,0,0,117,0,117,G
3-PA,1752,0,0,0,116,116,C
3-PA,1753,2,0,0,114,116,C
3-PA,1754,0,116,0,0,116,T
3-PA,1755,0,1,0,121,122,C
3-PA,1756,0,0,0,123,123,C
3-PA,1757,0,124,0,0,124,T
3-PA,1758,0,125,0,0,125,T
3-PA,1759,0,0,0,124,124,C
3-PA,1760,125,0,0,0,125,A
3-PA,1761,0,0,126,0,126,G
3-PA,1762,0,125,0,0,125,T
3-PA,1763,0,0,0,126,126,C
3-PA,1764,122,0,0,0,122,A
3-PA,1765,0,0,0,130,130,C
3-PA,1766,0,128,0,0,128,T
3-PA,1767,0,0,0,130,130,C
3-PA,1768,0,0,0,129,129,C
3-PA,1769,130,0,0,0,130,A
3-PA,1770,0,0,131,0,131,G
3-PA,1771,0,0,0,131,131,C
3-PA,1772,132,0,0,0,132,A
3-PA,1773,0,0,131,0,131,G
3-PA,1774,127,0,0,0,127,A
3-PA,1775,0,130,0,0,130,T
3-PA,1776,0,0,0,128,128,C
3-PA,1777,0,0,128,0,128,G
3-PA,1778,127,0,0,0,127,A
3-PA,1779,0,0,127,0,127,G
3-PA,1780,127,0,0,0,127,A
3-PA,1781,0,0,127,0,127,G
3-PA,1782,0,0,0,128,128,C
3-PA,1783,127,0,0,0,127,A
3-PA,1784,0,127,0,0,127,T
3-PA,1785,0,1,127,0,128,G
3-PA,1786,128,0,0,0,128,A
3-PA,1787,0,125,0,0,125,T
3-PA,1788,0,127,0,0,127,T
3-PA,1789,0,0,127,0,127,G
3-PA,1790,125,0,0,0,125,A
3-PA,1791,124,0,0,0,124,A
3-PA,1792,0,0,126,0,126,G
3-PA,1793,0,0,0,123,123,C
3-PA,1794,0,0,0,121,121,C
3-PA,1795,0,0,120,0,120,G
3-PA,1796,122,0,0,0,122,A
3-PA,1797,0,1,122,0,123,G
3-PA,1798,0,121,0,0,121,T
3-PA,1799,0,0,0,120,120,C
3-PA,1800,1,0,0,121,122,C
3-PA,1801,0,122,0,0,122,T
3-PA,1802,0,0,0,123,123,C
3-PA,1803,0,0,123,0,123,G
3-PA,1804,0,0,123,0,123,G
3-PA,1805,0,124,0,0,124,T
3-PA,1806,0,121,0,0,121,T
3-PA,1807,121,0,0,0,121,A
3-PA,1808,121,0,0,0,121,A
3-PA,1809,120,0,0,0,120,A
3-PA,1810,0,0,122,0,122,G
3-PA,1811,122,0,0,0,122,A
3-PA,1812,0,0,123,0,123,G
3-PA,1813,119,0,0,0,119,A
3-PA,1814,120,0,0,0,120,A
3-PA,1815,119,0,0,0,119,A
3-PA,1816,0,0,120,0,120,G
3-PA,1817,120,0,0,0,120,A
3-PA,1818,0,0,0,121,121,C
3-PA,1819,120,0,0,0,120,A
3-PA,1820,0,121,0,0,121,T
3-PA,1821,0,0,120,0,120,G
3-PA,1822,118,0,0,0,118,A
3-PA,1823,0,0,0,117,117,C
3-PA,1824,0,0,0,119,119,C
3-PA,1825,119,0,0,0,119,A
3-PA,1826,119,0,0,0,119,A
3-PA,1827,119,0,0,0,119,A
3-PA,1828,0,0,120,0,120,G
3-PA,1829,116,0,0,0,116,A
3-PA,1830,0,0,117,0,117,G
3-PA,1831,0,117,0,0,117,T
3-PA,1832,0,115,0,0,115,T
3-PA,1833,0,116,0,0,116,T
3-PA,1834,0,116,0,0,116,T
3-PA,1835,0,116,0,0,116,T
3-PA,1836,0,117,0,0,117,T
3-PA,1837,0,0,116,0,116,G
3-PA,1838,115,0,0,0,115,A
3-PA,1839,0,0,117,0,117,G
3-PA,1840,116,0,0,0,116,A
3-PA,1841,115,0,0,0,115,A
3-PA,1842,0,117,0,0,117,T
3-PA,1843,117,0,0,0,117,A
3-PA,1844,119,0,0,0,119,A
3-PA,1845,119,0,0,0,119,A
3-PA,1846,0,116,0,0,116,T
3-PA,1847,0,0,0,119,119,C
3-PA,1848,119,0,0,0,119,A
3-PA,1849,0,0,119,0,119,G
3-PA,1850,118,0,0,0,118,A
3-PA,1851,119,0,0,0,119,A
3-PA,1852,0,0,121,0,121,G
3-PA,1853,0,0,0,119,119,C
3-PA,1854,117,0,0,0,117,A
3-PA,1855,0,117,0,0,117,T
3-PA,1856,0,1,118,0,119,G
3-PA,1857,0,0,119,0,119,G
3-PA,1858,0,0,0,118,118,C
3-PA,1859,0,0,0,122,122,C
3-PA,1860,0,0,0,122,122,C
3-PA,1861,127,0,0,0,127,A
3-PA,1862,0,127,0,0,127,T
3-PA,1863,0,126,0,0,126,T
3-PA,1864,0,0,127,0,127,G
3-PA,1865,0,1,126,0,127,G
3-PA,1866,0,0,126,0,126,G
3-PA,1867,0,0,126,0,126,G
3-PA,1868,118,0,0,0,118,A
3-PA,1869,0,0,120,0,120,G
3-PA,1870,0,115,0,0,115,T
3-PA,1871,0,0,0,115,115,C
3-PA,1872,0,0,0,122,122,C
3-PA,1873,0,0,0,123,123,C
3-PA,1874,1,0,0,121,122,C
3-PA,1875,0,0,0,122,122,C
3-PA,1876,122,0,0,0,122,A
3-PA,1877,121,0,0,0,121,A
3-PA,1878,0,0,121,0,121,G
3-PA,1879,0,0,118,0,118,G
3-PA,1880,0,0,118,0,118,G
3-PA,1881,108,0,0,0,108,A
3-PA,1882,0,0,110,0,110,G
3-PA,1883,0,108,0,0,108,T
3-PA,1884,0,0,109,0,109,G
3-PA,1885,0,0,109,0,109,G
3-PA,1886,109,0,0,0,109,A
3-PA,1887,110,0,0,0,110,A
3-PA,1888,0,0,110,0,110,G
3-PA,1889,107,0,0,0,107,A
3-PA,1890,106,0,0,0,106,A
3-PA,1891,0,0,106,0,106,G
3-PA,1892,0,0,105,0,105,G
3-PA,1893,0,107,0,0,107,T
3-PA,1894,0,106,0,1,107,T
3-PA,1895,0,0,0,103,103,C
3-PA,1896,0,0,0,107,107,C
3-PA,1897,106,0,0,0,106,A
3-PA,1898,0,103,0,0,103,T
3-PA,1899,0,104,0,0,104,T
3-PA,1900,0,0,104,0,104,G
3-PA,1901,0,0,103,0,103,G
3-PA,1902,0,0,104,0,104,G
3-PA,1903,105,0,0,0,105,A
3-PA,1904,104,0,0,0,104,A
3-PA,1905,105,0,0,0,105,A
3-PA,1906,0,0,108,0,108,G
3-PA,1907,0,102,0,0,102,T
3-PA,1908,1,0,0,106,107,C
3-PA,1909,0,108,0,0,108,T
3-PA,1910,0,0,108,0,108,G
3-PA,1911,0,109,0,0,109,T
3-PA,1912,109,0,0,0,109,A
3-PA,1913,0,0,107,0,107,G
3-PA,1914,0,0,105,0,105,G
3-PA,1915,107,0,0,0,107,A
3-PA,1916,0,0,0,105,105,C
3-PA,1917,0,102,0,0,102,T
3-PA,1918,2,0,0,108,110,C
3-PA,1919,0,111,0,0,111,T
3-PA,1920,111,0,0,0,111,A
3-PA,1921,0,112,0,0,112,T
3-PA,1922,0,110,0,0,110,T
3-PA,1923,0,0,112,0,112,G
3-PA,1924,0,0,110,0,110,G
3-PA,1925,0,0,0,111,111,C
3-PA,1926,0,111,0,0,111,T
3-PA,1927,106,0,0,0,106,A
3-PA,1928,108,0,0,0,108,A
3-PA,1929,0,0,109,0,109,G
3-PA,1930,0,111,0,0,111,T
3-PA,1931,0,0,0,110,110,C
3-PA,1932,111,0,0,0,111,A
3-PA,1933,0,0,111,0,111,G
3-PA,1934,0,112,0,0,112,T
3-PA,1935,111,0,0,0,111,A
3-PA,1936,0,113,0,0,113,T
3-PA,1937,0,112,0,0,112,T
3-PA,1938,0,0,0,111,111,C
3-PA,1939,112,0,0,0,112,A
3-PA,1940,111,0,0,0,111,A
3-PA,1941,0,112,0,0,112,T
3-PA,1942,109,0,0,0,109,A
3-PA,1943,0,0,110,0,110,G
3-PA,1944,0,0,0,107,107,C
3-PA,1945,1,0,0,107,108,C
3-PA,1946,0,106,0,0,106,T
3-PA,1947,0,0,110,0,110,G
3-PA,1948,0,110,0,0,110,T
3-PA,1949,110,0,0,0,110,A
3-PA,1950,0,110,0,0,110,T
3-PA,1951,0,0,106,0,106,G
3-PA,1952,0,0,0,105,105,C
3-PA,1953,100,0,0,0,100,A
3-PA,1954,0,99,0,0,99,T
3-PA,1955,0,0,0,98,98,C
3-PA,1956,94,0,0,0,94,A
3-PA,1957,0,0,0,95,95,C
3-PA,1958,1,0,0,93,94,C
3-PA,1959,94,0,0,0,94,A
3-PA,1960,0,0,0,96,96,C
3-PA,1961,94,0,0,0,94,A
3-PA,1962,95,0,0,0,95,A
3-PA,1963,0,94,0,0,94,T
3-PA,1964,0,95,0,0,95,T
3-PA,1965,0,0,95,0,95,G
3-PA,1966,0,0,92,0,92,G
3-PA,1967,89,0,0,0,89,A
3-PA,1968,90,0,0,0,90,A
3-PA,1969,0,0,89,0,89,G
3-PA,1970,0,0,89,0,89,G
3-PA,1971,90,0,0,0,90,A
3-PA,1972,0,90,0,0,90,T
3-PA,1973,0,89,0,0,89,T
3-PA,1974,0,88,0,0,88,T
3-PA,1975,0,88,0,0,88,T
3-PA,1976,0,0,0,89,89,C
3-PA,1977,88,0,0,0,88,A
3-PA,1978,0,0,88,0,88,G
3-PA,1979,0,0,0,88,88,C
3-PA,1980,0,0,87,0,87,G
3-PA,1981,0,0,88,0,88,G
3-PA,1982,87,0,0,0,87,A
3-PA,1983,0,0,88,0,88,G
3-PA,1984,0,89,0,0,89,T
3-PA,1985,0,0,0,90,90,C
3-PA,1986,91,0,0,0,91,A
3-PA,1987,90,0,0,0,90,A
3-PA,1988,0,0,90,0,90,G
3-PA,1989,90,0,0,0,90,A
3-PA,1990,90,0,0,0,90,A
3-PA,1991,90,0,0,0,90,A
3-PA,1992,87,0,0,0,87,A
3-PA,1993,0,0,0,87,87,C
3-PA,1994,0,85,0,0,85,T
3-PA,1995,0,0,85,0,85,G
3-PA,1996,0,0,0,82,82,C
3-PA,1997,0,86,0,0,86,T
3-PA,1998,0,0,0,85,85,C
3-PA,1999,0,0,0,85,85,C
3-PA,2000,0,86,0,0,86,T
3-PA,2001,0,87,0,0,87,T
3-PA,2002,0,0,87,0,87,G
3-PA,2003,0,87,0,0,87,T
3-PA,2004,0,84,0,0,84,T
3-PA,2005,0,0,87,0,87,G
3-PA,2006,0,84,0,0,84,T
3-PA,2007,0,84,0,0,84,T
3-PA,2008,0,0,0,84,84,C
3-PA,2009,81,0,0,0,81,A
3-PA,2010,0,0,79,0,79,G
3-PA,2011,0,0,79,0,79,G
3-PA,2012,0,0,0,81,81,C
3-PA,2013,0,81,0,0,81,T
3-PA,2014,1,0,0,86,87,C
3-PA,2015,0,85,0,0,85,T
3-PA,2016,0,84,0,0,84,T
3-PA,2017,85,0,0,0,85,A
3-PA,2018,0,0,83,0,83,G
3-PA,2019,0,1,80,0,81,G
3-PA,2020,0,1,81,0,82,G
3-PA,2021,77,0,0,0,77,A
3-PA,2022,0,0,0,77,77,C
3-PA,2023,75,0,0,0,75,A
3-PA,2024,75,0,0,0,75,A
3-PA,2025,0,0,0,76,76,C
3-PA,2026,0,0,0,72,72,C
3-PA,2027,0,70,0,0,70,T
3-PA,2028,0,0,0,72,72,C
3-PA,2029,0,0,74,0,74,G
3-PA,2030,73,0,0,0,73,A
3-PA,2031,73,0,0,0,73,A
3-PA,2032,0,0,0,72,72,C
3-PA,2033,0,0,0,72,72,C
3-PA,2034,0,69,0,0,69,T
3-PA,2035,0,0,68,0,68,G
3-PA,2036,0,0,70,0,70,G
3-PA,2037,0,0,69,0,69,G
3-PA,2038,70,0,0,0,70,A
3-PA,2039,0,0,0,70,70,C
3-PA,2040,0,0,0,71,71,C
3-PA,2041,0,72,0,0,72,T
3-PA,2042,0,73,0,0,73,T
3-PA,2043,0,73,0,0,73,T
3-PA,2044,0,0,72,0,72,G
3-PA,2045,76,0,0,0,76,A
3-PA,2046,0,73,0,0,73,T
3-PA,2047,0,0,0,75,75,C
3-PA,2048,0,75,0,0,75,T
3-PA,2049,0,74,0,0,74,T
3-PA,2050,0,0,74,0,74,G
3-PA,2051,0,0,73,0,73,G
3-PA,2052,0,0,73,0,73,G
3-PA,2053,0,0,74,0,74,G
3-PA,2054,0,0,73,0,73,G
3-PA,2055,0,0,74,0,74,G
3-PA,2056,0,0,0,73,73,C
3-PA,2057,0,74,0,0,74,T
3-PA,2058,76,0,0,0,76,A
3-PA,2059,0,76,0,0,76,T
3-PA,2060,75,0,0,0,75,A
3-PA,2061,0,72,0,0,72,T
3-PA,2062,0,0,70,0,70,G
3-PA,2063,70,0,0,0,70,A
3-PA,2064,69,0,0,0,69,A
3-PA,2065,0,0,69,0,69,G
3-PA,2066,0,0,0,68,68,C
3-PA,2067,64,0,0,0,64,A
3-PA,2068,66,0,0,0,66,A
3-PA,2069,0,66,0,0,66,T
3-PA,2070,0,66,0,0,66,T
3-PA,2071,0,0,67,0,67,G
3-PA,2072,65,0,0,0,65,A
3-PA,2073,0,0,65,0,65,G
3-PA,2074,0,0,64,0,64,G
3-PA,2075,56,0,0,0,56,A
3-PA,2076,0,0,57,0,57,G
3-PA,2077,0,52,0,0,52,T
3-PA,2078,0,0,52,0,52,G
3-PA,2079,0,0,0,51,51,C
3-PA,2080,0,0,0,53,53,C
3-PA,2081,0,51,0,0,51,T
3-PA,2082,0,0,50,0,50,G
3-PA,2083,50,0,0,0,50,A
3-PA,2084,0,53,0,0,53,T
3-PA,2085,0,49,0,0,49,T
3-PA,2086,48,0,0,0,48,A
3-PA,2087,47,0,0,0,47,A
3-PA,2088,0,47,0,0,47,T
3-PA,2089,0,0,47,0,47,G
3-PA,2090,46,0,0,0,46,A
3-PA,2091,0,42,0,0,42,T
3-PA,2092,0,0,0,40,40,C
3-PA,2093,0,0,0,41,41,C
3-PA,2094,0,0,0,41,41,C
3-PA,2095,0,42,0,0,42,T
3-PA,2096,0,0,42,0,42,G
3-PA,2097,0,0,41,0,41,G
3-PA,2098,0,0,42,0,42,G
3-PA,2099,0,41,0,0,41,T
3-PA,2100,0,38,0,0,38,T
3-PA,2101,0,38,0,0,38,T
3-PA,2102,0,37,0,0,37,T
3-PA,2103,0,0,37,0,37,G
3-PA,2104,0,0,0,36,36,C
3-PA,2105,0,37,0,0,37,T
3-PA,2106,0,0,0,37,37,C
3-PA,2107,37,0,0,0,37,A
3-PA,2108,37,0,0,0,37,A
3-PA,2109,0,37,0,0,37,T
3-PA,2110,0,0,37,0,37,G
3-PA,2111,0,0,0,36,36,C
3-PA,2112,0,0,37,0,37,G
3-PA,2113,0,37,0,0,37,T
3-PA,2114,0,0,0,36,36,C
3-PA,2115,0,36,0,0,36,T
3-PA,2116,0,36,0,0,36,T
3-PA,2117,0,0,36,0,36,G
3-PA,2118,0,0,34,0,34,G
3-PA,2119,0,34,0,0,34,T
3-PA,2120,0,36,0,0,36,T
3-PA,2121,0,0,0,35,35,C
3-PA,2122,35,0,0,0,35,A
3-PA,2123,36,0,0,0,36,A
3-PA,2124,0,0,0,37,37,C
3-PA,2125,0,36,0,0,36,T
3-PA,2126,0,0,0,36,36,C
3-PA,2127,0,0,0,33,33,C
3-PA,2128,0,34,0,0,34,T
3-PA,2129,0,34,0,0,34,T
3-PA,2130,0,0,0,34,34,C
3-PA,2131,0,0,0,34,34,C
3-PA,2132,0,33,0,0,33,T
3-PA,2133,0,0,33,0,33,G
3-PA,2134,32,0,0,0,32,A
3-PA,2135,0,0,0,31,31,C
3-PA,2136,29,0,0,0,29,A
3-PA,2137,0,0,0,29,29,C
3-PA,2138,29,0,0,0,29,A
3-PA,2139,0,28,0,0,28,T
3-PA,2140,0,0,29,0,29,G
3-PA,2141,0,0,0,29,29,C
3-PA,2142,29,0,0,0,29,A
3-PA,2143,0,28,0,0,28,T
3-PA,2144,0,29,0,0,29,T
3-PA,2145,29,0,0,0,29,A
3-PA,2146,29,0,0,0,29,A
3-PA,2147,29,0,0,0,29,A
3-PA,2148,29,0,0,0,29,A
3-PA,2149,0,29,0,0,29,T
3-PA,2150,23,0,0,0,23,A
3-PA,2151,0,0,24,0,24,G
4-HA,1,95,0,0,0,95,A
4-HA,2,0,93,0,0,93,T
4-HA,3,0,0,98,0,98,G
4-HA,4,99,0,0,0,99,A
4-HA,5,101,0,0,0,101,A
4-HA,6,0,0,105,0,105,G
4-HA,7,105,0,0,0,105,A
4-HA,8,0,0,0,115,115,C
4-HA,9,0,115,0,0,115,T
4-HA,10,118,0,0,0,118,A
4-HA,11,0,122,0,0,122,T
4-HA,12,0,0,0,122,122,C
4-HA,13,122,0,0,0,122,A
4-HA,14,0,123,0,0,123,T
4-HA,15,0,123,0,0,123,T
4-HA,16,0,0,141,0,141,G
4-HA,17,0,0,0,142,142,C
4-HA,18,0,143,0,0,143,T
4-HA,19,0,143,0,0,143,T
4-HA,20,0,143,0,0,143,T
4-HA,21,0,1,159,0,160,G
4-HA,22,160,0,0,0,160,A
4-HA,23,0,0,164,0,164,G
4-HA,24,0,0,0,164,164,C
4-HA,25,0,165,0,0,165,T
4-HA,26,182,0,1,0,183,A
4-HA,27,0,0,0,185,185,C
4-HA,28,187,0,0,0,187,A
4-HA,29,0,201,0,0,201,T
4-HA,30,0,201,0,0,201,T
4-HA,31,0,1,0,200,201,C
4-HA,32,0,200,0,0,200,T
4-HA,33,206,0,0,0,206,A
4-HA,34,0,206,0,0,206,T
4-HA,35,0,0,207,0,207,G
4-HA,36,0,207,0,0,207,T
4-HA,37,0,0,0,207,207,C
4-HA,38,0,205,0,0,205,T
4-HA,39,0,0,206,0,206,G
4-HA,40,0,0,205,0,205,G
4-HA,41,0,203,0,0,203,T
4-HA,42,0,205,0,0,205,T
4-HA,43,0,208,0,0,208,T
4-HA,44,0,207,0,0,207,T
4-HA,45,0,0,0,209,209,C
4-HA,46,0,0,208,0,208,G
4-HA,47,0,0,0,213,213,C
4-HA,48,0,209,0,1,210,T
4-HA,49,0,0,0,213,213,C
4-HA,50,215,0,0,0,215,A
4-HA,51,213,0,0,0,213,A
4-HA,52,215,0,0,0,215,A
4-HA,53,215,0,0,0,215,A
4-HA,54,214,0,0,0,214,A
4-HA,55,0,0,0,217,217,C
4-HA,56,0,216,0,0,216,T
4-HA,57,0,217,0,0,217,T
4-HA,58,0,0,0,216,216,C
4-HA,59,2,0,0,214,216,C
4-HA,60,0,216,0,0,216,T
4-HA,61,0,0,217,0,217,G
4-HA,62,0,1,215,0,216,G
4-HA,63,212,0,0,0,212,A
4-HA,64,217,0,0,0,217,A
4-HA,65,219,0,0,0,219,A
4-HA,66,0,224,0,0,224,T
4-HA,67,0,2,222,0,224,G
4-HA,68,223,0,0,0,223,A
4-HA,69,0,0,0,225,225,C
4-HA,70,226,0,0,0,226,A
4-HA,71,227,0,0,0,227,A
4-HA,72,0,0,0,231,231,C
4-HA,73,232,0,0,0,232,A
4-HA,74,0,0,234,0,234,G
4-HA,75,1,0,0,231,232,C
4-HA,76,233,0,0,0,233,A
4-HA,77,0,0,1,235,236,C
4-HA,78,0,0,239,0,239,G
4-HA,79,0,0,237,0,237,G
4-HA,80,0,0,0,239,239,C
4-HA,81,238,0,0,0,238,A
4-HA,82,245,0,0,0,245,A
4-HA,83,0,0,0,245,245,C
4-HA,84,0,0,249,0,249,G
4-HA,85,0,0,0,251,251,C
4-HA,86,0,251,0,1,252,T
4-HA,87,0,0,259,0,259,G
4-HA,88,0,257,0,0,257,T
4-HA,89,1,0,267,0,268,G
4-HA,90,0,0,0,269,269,C
4-HA,91,1,0,0,282,283,C
4-HA,92,0,285,0,0,285,T
4-HA,93,0,278,0,0,278,T
4-HA,94,1,0,284,0,285,G
4-HA,95,0,1,284,0,285,G
4-HA,96,0,0,292,0,292,G
4-HA,97,0,0,0,294,294,C
4-HA,98,293,0,0,0,293,A
4-HA,99,0,0,0,304,304,C
4-HA,100,1,0,0,296,297,C
4-HA,101,330,0,0,0,330,A
4-HA,102,0,328,0,0,328,T
4-HA,103,0,0,327,0,327,G
4-HA,104,0,0,0,331,331,C
4-HA,105,322,0,1,0,323,A
4-HA,106,0,0,336,0,336,G
4-HA,107,0,344,0,0,344,T
4-HA,108,344,0,0,0,344,A
4-HA,109,0,0,0,348,348,C
4-HA,110,1,0,0,333,334,C
4-HA,111,338,0,0,0,338,A
4-HA,112,337,0,0,0,337,A
4-HA,113,339,0,0,0,339,A
4-HA,114,0,0,0,340,340,C
4-HA,115,0,0,333,0,333,G
4-HA,116,0,1,335,0,336,G
4-HA,117,334,0,1,0,335,A
4-HA,118,341,0,0,0,341,A
4-HA,119,0,0,0,336,336,C
4-HA,120,0,0,339,0,339,G
4-HA,121,0,0,339,0,339,G
4-HA,122,0,347,0,0,347,T
4-HA,123,362,0,0,0,362,A
4-HA,124,0,0,363,0,363,G
4-HA,125,0,347,0,0,347,T
4-HA,126,0,0,354,0,354,G
4-HA,127,356,0,0,0,356,A
4-HA,128,356,0,0,0,356,A
4-HA,129,356,0,0,1,357,A
4-HA,130,354,0,0,0,354,A
4-HA,131,0,0,0,364,364,C
4-HA,132,361,0,0,0,361,A
4-HA,133,360,0,1,0,361,A
4-HA,134,0,362,0,0,362,T
4-HA,135,0,0,0,361,361,C
4-HA,136,362,0,0,0,362,A
4-HA,137,0,0,0,364,364,C
4-HA,138,0,1,360,0,361,G
4-HA,139,360,0,0,0,360,A
4-HA,140,358,0,0,1,359,A
4-HA,141,0,362,0,0,362,T
4-HA,142,0,3,355,0,358,G
4-HA,143,357,0,2,0,359,A
4-HA,144,0,0,0,362,362,C
4-HA,145,0,0,0,364,364,C
4-HA,146,363,0,0,0,363,A
4-HA,147,363,0,0,0,363,A
4-HA,148,363,0,0,0,363,A
4-HA,149,0,364,0,0,364,T
4-HA,150,0,364,0,0,364,T
4-HA,151,0,0,364,0,364,G
4-HA,152,366,0,0,0,366,A
4-HA,153,366,0,0,0,366,A
4-HA,154,0,0,370,0,370,G
4-HA,155,0,365,0,0,365,T
4-HA,156,0,380,0,0,380,T
4-HA,157,382,0,0,0,382,A
4-HA,158,0,0,0,383,383,C
4-HA,159,0,386,0,0,386,T
4-HA,160,386,0,0,0,386,A
4-HA,161,393,0,0,0,393,A
4-HA,162,0,393,0,0,393,T
4-HA,163,0,0,390,0,390,G
4-HA,164,1,0,0,418,419,C
4-HA,165,0,413,0,0,413,T
4-HA,166,417,0,0,0,417,A
4-HA,167,1,1,0,413,415,C
4-HA,168,0,408,0,0,408,T
4-HA,169,0,2,413,0,415,G
4-HA,170,413,0,0,0,413,A
4-HA,171,0,0,410,0,410,G
4-HA,172,0,0,0,412,412,C
4-HA,173,0,407,0,0,407,T
4-HA,174,0,1,419,0,420,G
4-HA,175,0,0,427,0,427,G
4-HA,176,0,432,0,0,432,T
4-HA,177,0,430,0,0,430,T
4-HA,178,1,0,0,431,432,C
4-HA,179,430,0,0,0,430,A
4-HA,180,0,0,430,0,430,G
4-HA,181,430,0,0,0,430,A
4-HA,182,0,0,435,0,435,G
4-HA,183,0,438,0,0,438,T
4-HA,184,0,432,0,0,432,T
4-HA,185,1,0,0,430,431,C
4-HA,186,2,0,0,434,436,C
4-HA,187,0,434,0,0,434,T
4-HA,188,0,0,0,440,440,C
4-HA,189,434,0,0,0,434,A
4-HA,190,436,0,0,0,436,A
4-HA,191,0,0,0,436,436,C
4-HA,192,428,0,1,0,429,A
4-HA,193,0,0,434,0,434,G
4-HA,194,0,0,434,0,434,G
4-HA,195,0,429,0,0,429,T
4-HA,196,0,1,432,0,433,G
4-HA,197,434,0,0,0,434,A
4-HA,198,436,0,0,0,436,A
4-HA,199,443,0,0,0,443,A
4-HA,200,0,438,0,0,438,T
4-HA,201,444,0,0,0,444,A
4-HA,202,0,442,0,1,443,T
4-HA,203,0,0,442,0,442,G
4-HA,204,0,0,0,447,447,C
4-HA,205,0,4,440,0,444,G
4-HA,206,444,0,1,0,445,A
4-HA,207,0,0,0,443,443,C
4-HA,208,434,0,0,0,434,A
4-HA,209,0,0,460,0,460,G
4-HA,210,0,460,0,0,460,T
4-HA,211,0,0,0,465,465,C
4-HA,212,0,2,0,462,464,C
4-HA,213,0,460,0,0,460,T
4-HA,214,0,0,0,470,470,C
4-HA,215,468,0,0,0,468,A
4-HA,216,0,471,0,0,471,T
4-HA,217,1,0,0,470,471,C
4-HA,218,454,0,0,0,454,A
4-HA,219,0,0,453,0,453,G
4-HA,220,450,0,0,0,450,A
4-HA,221,0,449,0,0,449,T
4-HA,222,0,0,0,448,448,C
4-HA,223,1,0,0,442,443,C
4-HA,224,0,443,0,0,443,T
4-HA,225,0,441,0,0,441,T
4-HA,226,0,1,443,0,444,G
4-HA,227,440,0,0,0,440,A
4-HA,228,0,443,0,0,443,T
4-HA,229,0,0,446,0,446,G
4-HA,230,0,0,448,0,448,G
4-HA,231,444,0,0,0,444,A
4-HA,232,447,0,0,0,447,A
4-HA,233,447,0,0,0,447,A
4-HA,234,449,0,1,0,450,A
4-HA,235,446,0,1,0,447,A
4-HA,236,448,0,0,0,448,A
4-HA,237,0,0,0,452,452,C
4-HA,238,0,446,0,1,447,T
4-HA,239,0,0,450,0,450,G
4-HA,240,0,2,0,449,451,C
4-HA,241,452,0,0,0,452,A
4-HA,242,0,0,0,462,462,C
4-HA,243,462,0,0,0,462,A
4-HA,244,0,0,0,508,508,C
4-HA,245,0,508,0,1,509,T
4-HA,246,519,0,0,0,519,A
4-HA,247,516,0,1,0,517,A
4-HA,248,0,519,0,0,519,T
4-HA,249,520,0,0,0,520,A
4-HA,250,0,0,519,0,519,G
4-HA,251,516,0,0,0,516,A
4-HA,252,0,503,0,0,503,T
4-HA,253,0,0,491,0,491,G
4-HA,254,0,0,0,497,497,C
4-HA,255,0,494,0,0,494,T
4-HA,256,0,0,0,521,521,C
4-HA,257,0,518,0,0,518,T
4-HA,258,525,0,0,0,525,A
4-HA,259,0,525,0,0,525,T
4-HA,260,1,518,0,1,520,T
4-HA,261,0,1,522,0,523,G
4-HA,262,0,0,532,0,532,G
4-HA,263,0,0,536,0,536,G
4-HA,264,537,0,1,0,538,A
4-HA,265,0,1,535,0,536,G
4-HA,266,525,0,1,0,526,A
4-HA,267,0,0,1,629,630,C
4-HA,268,1,0,0,651,652,C
4-HA,269,0,0,0,656,656,C
4-HA,270,0,665,0,1,666,T
4-HA,271,0,1,0,691,692,C
4-HA,272,684,0,2,0,686,A
4-HA,273,0,0,772,0,772,G
4-HA,274,0,763,0,2,765,T
4-HA,275,0,3,781,0,784,G
4-HA,276,0,763,0,0,763,T
4-HA,277,0,0,756,0,756,G
4-HA,278,749,2,2,0,753,A
4-HA,279,0,760,0,0,760,T
4-HA,280,0,3,760,0,763,G
4-HA,281,0,0,758,0,758,G
4-HA,282,0,0,0,765,765,C
4-HA,283,0,764,0,3,767,T
4-HA,284,0,770,0,0,770,T
4-HA,285,0,0,0,771,771,C
4-HA,286,0,1,0,771,772,C
4-HA,287,775,0,0,0,775,A
4-HA,288,777,0,0,0,777,A
4-HA,289,781,0,0,0,781,A
4-HA,290,784,0,0,0,784,A
4-HA,291,0,794,0,0,794,T
4-HA,292,795,0,0,0,795,A
4-HA,293,791,0,1,1,793,A
4-HA,294,19,0,780,0,799,G
4-HA,295,806,0,2,0,808,A
4-HA,296,804,0,0,0,804,A
4-HA,297,808,0,0,0,808,A
4-HA,298,0,811,0,0,811,T
4-HA,299,0,1,810,0,811,G
4-HA,300,0,0,806,0,806,G
4-HA,301,0,1,799,0,800,G
4-HA,302,791,0,2,0,793,A
4-HA,303,0,0,0,814,814,C
4-HA,304,0,0,0,815,815,C
4-HA,305,0,831,0,1,832,T
4-HA,306,0,835,0,0,835,T
4-HA,307,0,835,0,0,835,T
4-HA,308,0,839,0,0,839,T
4-HA,309,0,847,0,0,847,T
4-HA,310,1,0,845,0,846,G
4-HA,311,0,848,0,0,848,T
4-HA,312,0,844,0,0,844,T
4-HA,313,6,1,842,0,849,G
4-HA,314,837,0,0,0,837,A
4-HA,315,849,0,0,0,849,A
4-HA,316,0,1,0,847,848,C
4-HA,317,0,0,844,0,844,G
4-HA,318,0,1,0,868,869,C
4-HA,319,866,0,1,0,867,A
4-HA,320,0,0,869,0,869,G
4-HA,321,0,0,0,871,871,C
4-HA,322,876,0,0,0,876,A
4-HA,323,873,0,1,0,874,A
4-HA,324,868,0,2,0,870,A
4-HA,325,0,0,919,0,919,G
4-HA,326,0,0,0,915,915,C
4-HA,327,0,0,0,913,913,C
4-HA,328,0,911,0,1,912,T
4-HA,329,912,0,0,0,912,A
4-HA,330,0,0,0,938,938,C
4-HA,331,937,0,1,0,938,A
4-HA,332,1,0,937,0,938,G
4-HA,333,0,0,0,937,937,C
4-HA,334,925,0,0,0,925,A
4-HA,335,930,0,1,0,931,A
4-HA,336,0,0,0,974,974,C
4-HA,337,0,973,0,0,973,T
4-HA,338,0,1,971,0,972,G
4-HA,339,0,962,0,0,962,T
4-HA,340,0,971,0,0,971,T
4-HA,341,970,0,1,0,971,A
4-HA,342,0,0,0,1086,1086,C
4-HA,343,2,0,0,1082,1084,C
4-HA,344,1,0,0,1108,1109,C
4-HA,345,0,1069,0,1,1070,T
4-HA,346,0,1069,0,0,1069,T
4-HA,347,1068,0,0,0,1068,A
4-HA,348,0,1072,0,0,1072,T
4-HA,349,0,2,1064,0,1066,G
4-HA,350,1063,0,1,0,1064,A
4-HA,351,0,1027,0,0,1027,T
4-HA,352,0,0,1037,0,1037,G
4-HA,353,1,1009,0,0,1010,T
4-HA,354,2,0,1012,0,1014,G
4-HA,355,0,0,0,1018,1018,C
4-HA,356,3,0,0,1009,1012,C
4-HA,357,0,0,1035,0,1035,G
4-HA,358,2,1,1049,0,1052,G
4-HA,359,1048,0,0,0,1048,A
4-HA,360,0,1061,0,0,1061,T
4-HA,361,0,1051,0,0,1051,T
4-HA,362,1053,0,1,0,1054,A
4-HA,363,0,1047,0,1,1048,T
4-HA,364,0,0,1050,0,1050,G
4-HA,365,0,1,0,1051,1052,C
4-HA,366,1,1,0,1041,1043,C
4-HA,367,0,1055,0,0,1055,T
4-HA,368,1,0,0,1111,1112,C
4-HA,369,0,0,0,1130,1130,C
4-HA,370,3,0,0,1133,1136,C
4-HA,371,0,1124,0,1,1125,T
4-HA,372,0,1134,0,0,1134,T
4-HA,373,1127,0,0,0,1127,A
4-HA,374,0,1,1167,0,1168,G
4-HA,375,0,1,1172,0,1173,G
4-HA,376,0,1157,0,0,1157,T
4-HA,377,2,0,1,1143,1146,C
4-HA,378,1132,0,1,0,1133,A
4-HA,379,0,0,0,1171,1171,C
4-HA,380,0,1178,0,0,1178,T
4-HA,381,1174,0,0,0,1174,A
4-HA,382,0,0,1172,0,1172,G
4-HA,383,0,1157,0,0,1157,T
4-HA,384,0,1160,0,1,1161,T
4-HA,385,1,0,1172,0,1173,G
4-HA,386,0,1,0,1166,1167,C
4-HA,387,0,0,0,1163,1163,C
4-HA,388,0,1156,0,2,1158,T
4-HA,389,0,0,0,1166,1166,C
4-HA,390,1216,0,0,0,1216,A
4-HA,391,0,1219,0,0,1219,T
4-HA,392,2,0,0,1214,1216,C
4-HA,393,0,0,0,1212,1212,C
4-HA,394,1,2,1203,0,1206,G
4-HA,395,0,0,1205,0,1205,G
4-HA,396,0,0,0,1206,1206,C
4-HA,397,1221,0,0,0,1221,A
4-HA,398,0,1,0,1242,1243,C
4-HA,399,1222,0,0,0,1222,A
4-HA,400,0,0,0,1230,1230,C
4-HA,401,0,1230,0,0,1230,T
4-HA,402,0,0,1237,0,1237,G
4-HA,403,0,1,1255,0,1256,G
4-HA,404,1247,0,0,0,1247,A
4-HA,405,0,0,1270,0,1270,G
4-HA,406,0,1253,0,0,1253,T
4-HA,407,0,1261,0,0,1261,T
4-HA,408,0,1264,0,0,1264,T
4-HA,409,1263,0,0,0,1263,A
4-HA,410,1258,0,2,0,1260,A
4-HA,411,0,4,0,1268,1272,C
4-HA,412,1256,0,0,0,1256,A
4-HA,413,1251,1,0,0,1252,A
4-HA,414,1,1257,0,0,1258,T
4-HA,415,0,3,1255,0,1258,G
4-HA,416,1255,0,0,0,1255,A
4-HA,417,1254,0,0,0,1254,A
4-HA,418,1257,0,2,0,1259,A
4-HA,419,0,0,1259,0,1259,G
4-HA,420,1,1,0,1265,1267,C
4-HA,421,0,1258,1,0,1259,T
4-HA,422,0,1269,0,0,1269,T
4-HA,423,1,0,0,1284,1285,C
4-HA,424,1288,0,0,0,1288,A
4-HA,425,1288,0,0,0,1288,A
4-HA,426,0,1287,0,0,1287,T
4-HA,427,0,1283,0,0,1283,T
4-HA,428,0,1,1308,0,1309,G
4-HA,429,0,3,1325,0,1328,G
4-HA,430,1327,0,0,0,1327,A
4-HA,431,0,0,0,1333,1333,C
4-HA,432,0,1322,0,3,1325,T
4-HA,433,1,1,1322,0,1324,G
4-HA,434,0,3,1326,0,1329,G
4-HA,435,1310,1,3,0,1314,A
4-HA,436,0,0,1333,0,1333,G
4-HA,437,1,1300,0,4,1305,T
4-HA,438,4,0,0,1290,1294,C
4-HA,439,1312,0,0,0,1312,A
4-HA,440,0,1,0,1315,1316,C
4-HA,441,0,1304,0,0,1304,T
4-HA,442,2,0,0,1318,1320,C
4-HA,443,1305,0,0,0,1305,A
4-HA,444,1311,0,0,0,1311,A
4-HA,445,1294,0,0,0,1294,A
4-HA,446,1307,0,1,0,1308,A
4-HA,447,0,1,0,1318,1319,C
4-HA,448,0,1,1308,0,1309,G
4-HA,449,0,3,1337,0,1340,G
4-HA,450,1336,0,0,0,1336,A
4-HA,451,1335,1,0,0,1336,A
4-HA,452,0,0,0,1344,1344,C
4-HA,453,1336,0,1,0,1337,A
4-HA,454,1337,0,0,0,1337,A
4-HA,455,0,0,1349,0,1349,G
4-HA,456,0,3,0,1352,1355,C
4-HA,457,0,1347,0,0,1347,T
4-HA,458,2,0,1,1350,1353,C
4-HA,459,0,1347,0,0,1347,T
4-HA,460,0,1,1354,0,1355,G
4-HA,461,0,0,0,1351,1351,C
4-HA,462,0,1349,0,1,1350,T
4-HA,463,0,1388,0,0,1388,T
4-HA,464,0,0,1400,0,1400,G
4-HA,465,0,0,0,1415,1415,C
4-HA,466,1417,0,0,0,1417,A
4-HA,467,0,1408,0,2,1410,T
4-HA,468,1409,0,0,0,1409,A
4-HA,469,1401,0,1,0,1402,A
4-HA,470,0,0,1398,0,1398,G
4-HA,471,0,2,1396,0,1398,G
4-HA,472,1352,0,1,0,1353,A
4-HA,473,0,2,1350,0,1352,G
4-HA,474,1335,0,0,0,1335,A
4-HA,475,0,1379,0,1,1380,T
4-HA,476,3,0,0,1390,1393,C
4-HA,477,0,1390,0,1,1391,T
4-HA,478,1393,0,0,0,1393,A
4-HA,479,1387,0,1,0,1388,A
4-HA,480,1383,1,0,0,1384,A
4-HA,481,1384,0,0,0,1384,A
4-HA,482,1378,0,0,0,1378,A
4-HA,483,0,0,0,1391,1391,C
4-HA,484,1357,0,0,0,1357,A
4-HA,485,0,0,1375,0,1375,G
4-HA,486,0,1356,0,0,1356,T
4-HA,487,0,1378,0,0,1378,T
4-HA,488,0,1381,0,0,1381,T
4-HA,489,0,0,1,1411,1412,C
4-HA,490,0,1418,2,0,1420,T
4-HA,491,0,1423,0,1,1424,T
4-HA,492,0,1422,0,0,1422,T
4-HA,493,1418,0,0,0,1418,A
4-HA,494,0,0,1410,0,1410,G
4-HA,495,0,1412,0,0,1412,T
4-HA,496,1422,0,1,0,1423,A
4-HA,497,4,0,1422,0,1426,G
4-HA,498,1412,0,0,0,1412,A
4-HA,499,0,1414,0,0,1414,T
4-HA,500,0,1411,0,0,1411,T
4-HA,501,0,1,1441,0,1442,G
4-HA,502,1441,0,0,0,1441,A
4-HA,503,1442,0,0,0,1442,A
4-HA,504,1,1442,0,0,1443,T
4-HA,505,1,1426,0,0,1427,T
4-HA,506,0,1,1438,0,1439,G
4-HA,507,0,0,1427,1,1428,G
4-HA,508,0,1432,0,2,1434,T
4-HA,509,0,1442,0,0,1442,T
4-HA,510,0,6,1418,0,1424,G
4-HA,511,1427,0,1,0,1428,A
4-HA,512,0,0,0,1425,1425,C
4-HA,513,0,1,0,1425,1426,C
4-HA,514,2,0,0,1447,1449,C
4-HA,515,1449,0,0,0,1449,A
4-HA,516,0,0,0,1457,1457,C
4-HA,517,0,1455,0,4,1459,T
4-HA,518,0,1463,0,1,1464,T
4-HA,519,1466,0,0,0,1466,A
4-HA,520,1453,0,0,0,1453,A
4-HA,521,1449,1,0,0,1450,A
4-HA,522,1,0,0,1414,1415,C
4-HA,523,0,1458,0,0,1458,T
4-HA,524,0,1461,0,0,1461,T
4-HA,525,2,1,0,1483,1486,C
4-HA,526,1487,0,0,0,1487,A
4-HA,527,1487,0,0,0,1487,A
4-HA,528,1486,0,0,0,1486,A
4-HA,529,0,1483,0,0,1483,T
4-HA,530,1510,0,1,0,1511,A
4-HA,531,0,0,0,1516,1516,C
4-HA,532,0,0,0,1493,1493,C
4-HA,533,0,0,0,1493,1493,C
4-HA,534,1484,0,0,0,1484,A
4-HA,535,1,0,1542,0,1543,G
4-HA,536,0,0,0,1544,1544,C
4-HA,537,1547,0,1,0,1548,A
4-HA,538,0,1546,0,0,1546,T
4-HA,539,0,1523,0,0,1523,T
4-HA,540,1,2,1578,1,1582,G
4-HA,541,1585,0,2,0,1587,A
4-HA,542,1585,0,2,0,1587,A
4-HA,543,1,0,0,1590,1591,C
4-HA,544,0,0,1564,0,1564,G
4-HA,545,0,1554,0,0,1554,T
4-HA,546,2,3,1565,0,1570,G
4-HA,547,1565,0,2,0,1567,A
4-HA,548,0,0,0,1570,1570,C
4-HA,549,0,1530,0,0,1530,T
4-HA,550,1568,0,0,0,1568,A
4-HA,551,0,1562,0,0,1562,T
4-HA,552,0,0,1565,1,1566,G
4-HA,553,2,2,0,1569,1573,C
4-HA,554,2,0,0,1552,1554,C
4-HA,555,1541,0,1,0,1542,A
4-HA,556,1547,0,0,0,1547,A
4-HA,557,1567,0,1,0,1568,A
4-HA,558,0,1,0,1577,1578,C
4-HA,559,1527,0,2,0,1529,A
4-HA,560,1531,0,0,0,1531,A
4-HA,561,0,1518,0,0,1518,T
4-HA,562,1,3,1512,0,1516,G
4-HA,563,1518,0,0,0,1518,A
4-HA,564,1514,0,2,0,1516,A
4-HA,565,0,1,0,1489,1490,C
4-HA,566,1494,0,1,0,1495,A
4-HA,567,1500,0,0,0,1500,A
4-HA,568,0,1500,0,0,1500,T
4-HA,569,0,1498,0,0,1498,T
4-HA,570,1,1501,0,0,1502,T
4-HA,571,0,3,1493,1,1497,G
4-HA,572,1503,0,1,0,1504,A
4-HA,573,1,9,0,1493,1503,C
4-HA,574,1512,0,1,0,1513,A
4-HA,575,1509,0,1,0,1510,A
4-HA,576,1533,0,0,0,1533,A
4-HA,577,0,1542,0,0,1542,T
4-HA,578,0,1524,0,0,1524,T
4-HA,579,1,1,1533,0,1535,G
4-HA,580,0,1529,0,1,1530,T
4-HA,581,1531,0,1,0,1532,A
4-HA,582,1,0,0,1566,1567,C
4-HA,583,1562,0,1,0,1563,A
4-HA,584,0,1590,0,1,1591,T
4-HA,585,0,1567,0,0,1567,T
4-HA,586,0,1571,0,0,1571,T
4-HA,587,0,3,1559,1,1563,G
4-HA,588,2,0,1552,0,1554,G
4-HA,589,0,0,1554,0,1554,G
4-HA,590,0,0,1552,0,1552,G
4-HA,591,1,3,1534,0,1538,G
4-HA,592,0,0,1570,0,1570,G
4-HA,593,0,1554,0,2,1556,T
4-HA,594,0,1573,0,1,1574,T
4-HA,595,3,0,0,1571,1574,C
4-HA,596,1568,0,0,0,1568,A
4-HA,597,2,0,0,1571,1573,C
4-HA,598,0,3,0,1577,1580,C
4-HA,599,1572,0,0,1,1573,A
4-HA,600,0,0,0,1592,1592,C
4-HA,601,0,0,0,1573,1573,C
4-HA,602,1,3,0,1550,1554,C
4-HA,603,0,1,1560,1,1562,G
4-HA,604,1,2,1585,0,1588,G
4-HA,605,0,3,1580,0,1583,G
4-HA,606,0,1561,0,0,1561,T
4-HA,607,1582,0,0,0,1582,A
4-HA,608,0,0,0,1567,1567,C
4-HA,609,0,2,1539,0,1541,G
4-HA,610,0,1,1564,0,1565,G
4-HA,611,1572,0,0,0,1572,A
4-HA,612,0,2,0,1563,1565,C
4-HA,613,1538,0,0,0,1538,A
4-HA,614,1537,0,0,0,1537,A
4-HA,615,1531,0,2,0,1533,A
4-HA,616,1,1,1547,0,1549,G
4-HA,617,1547,0,2,0,1549,A
4-HA,618,1,0,0,1548,1549,C
4-HA,619,1,1,0,1529,1531,C
4-HA,620,1537,0,0,0,1537,A
4-HA,621,1533,0,1,0,1534,A
4-HA,622,1552,0,0,0,1552,A
4-HA,623,0,1543,0,2,1545,T
4-HA,624,0,0,0,1560,1560,C
4-HA,625,0,1498,0,0,1498,T
4-HA,626,0,1476,0,0,1476,T
4-HA,627,2,0,0,1508,1510,C
4-HA,628,0,0,0,1532,1532,C
4-HA,629,0,1528,0,0,1528,T
4-HA,630,0,0,1531,0,1531,G
4-HA,631,0,1509,0,2,1511,T
4-HA,632,1517,0,1,0,1518,A
4-HA,633,0,1515,0,1,1516,T
4-HA,634,0,0,1524,0,1524,G
4-HA,635,0,1,0,1524,1525,C
4-HA,636,0,1501,0,6,1507,T
4-HA,637,3,1,0,1516,1520,C
4-HA,638,1517,0,1,0,1518,A
4-HA,639,1512,0,1,0,1513,A
4-HA,640,0,0,1521,0,1521,G
4-HA,641,0,1,0,1532,1533,C
4-HA,642,1537,0,0,0,1537,A
4-HA,643,0,1515,0,0,1515,T
4-HA,644,1,0,0,1525,1526,C
4-HA,645,1521,0,3,1,1525,A
4-HA,646,0,0,1529,0,1529,G
4-HA,647,0,1,1528,0,1529,G
4-HA,648,1534,0,0,0,1534,A
4-HA,649,1520,0,1,0,1521,A
4-HA,650,0,1,1542,0,1543,G
4-HA,651,1536,0,0,0,1536,A
4-HA,652,1556,3,0,0,1559,A
4-HA,653,0,1560,0,0,1560,T
4-HA,654,1,0,0,1565,1566,C
4-HA,655,1551,0,3,0,1554,A
4-HA,656,0,0,0,1553,1553,C
4-HA,657,1543,0,0,0,1543,A
4-HA,658,0,0,1570,0,1570,G
4-HA,659,0,1531,0,1,1532,T
4-HA,660,5,2,0,1537,1544,C
4-HA,661,0,1516,0,2,1518,T
4-HA,662,2,0,0,1547,1549,C
4-HA,663,0,1548,0,0,1548,T
4-HA,664,1555,0,0,0,1555,A
4-HA,665,0,0,0,1544,1544,C
4-HA,666,3,0,0,1555,1558,C
4-HA,667,1533,0,0,0,1533,A
4-HA,668,1531,1,0,0,1532,A
4-HA,669,1522,0,0,0,1522,A
4-HA,670,1520,0,0,0,1520,A
4-HA,671,0,0,1515,0,1515,G
4-HA,672,1486,0,0,0,1486,A
4-HA,673,1474,0,1,0,1475,A
4-HA,674,1,0,1470,0,1471,G
4-HA,675,0,1,0,1465,1466,C
4-HA,676,2,1,0,1484,1487,C
4-HA,677,1488,0,1,0,1489,A
4-HA,678,1486,0,1,0,1487,A
4-HA,679,1,0,0,1487,1488,C
4-HA,680,1489,0,1,0,1490,A
4-HA,681,1489,0,0,0,1489,A
4-HA,682,1485,0,0,0,1485,A
4-HA,683,0,0,0,1521,1521,C
4-HA,684,0,1512,0,0,1512,T
4-HA,685,1,0,1523,0,1524,G
4-HA,686,0,1509,0,0,1509,T
4-HA,687,1518,0,0,0,1518,A
4-HA,688,1512,1,4,0,1517,A
4-HA,689,0,1490,0,0,1490,T
4-HA,690,0,0,0,1517,1517,C
4-HA,691,2,1,0,1516,1519,C
4-HA,692,3,0,1,1501,1505,C
4-HA,693,0,2,1504,0,1506,G
4-HA,694,1504,0,1,0,1505,A
4-HA,695,1512,0,0,0,1512,A
4-HA,696,0,1514,0,0,1514,T
4-HA,697,1512,0,1,0,1513,A
4-HA,698,0,1488,0,0,1488,T
4-HA,699,1,0,0,1504,1505,C
4-HA,700,1,2,1502,0,1505,G
4-HA,701,0,1,1544,0,1545,G
4-HA,702,1541,0,0,0,1541,A
4-HA,703,0,1544,1,1,1546,T
4-HA,704,1,0,0,1548,1549,C
4-HA,705,0,1546,0,1,1547,T
4-HA,706,1541,0,0,0,1541,A
4-HA,707,0,4,1555,0,1559,G
4-HA,708,1568,0,0,0,1568,A
4-HA,709,0,1,0,1561,1562,C
4-HA,710,3,0,0,1518,1521,C
4-HA,711,2,0,0,1526,1528,C
4-HA,712,1516,0,1,1,1518,A
4-HA,713,0,4,1620,0,1624,G
4-HA,714,1620,0,2,0,1622,A
4-HA,715,0,1,1642,0,1643,G
4-HA,716,0,1627,0,0,1627,T
4-HA,717,1625,0,0,0,1625,A
4-HA,718,1626,0,2,0,1628,A
4-HA,719,1,1,1646,0,1648,G
4-HA,720,0,1,1660,0,1661,G
4-HA,721,1642,0,1,2,1645,A
4-HA,722,1544,0,2,0,1546,A
4-HA,723,0,1534,0,0,1534,T
4-HA,724,1525,0,1,0,1526,A
4-HA,725,0,1524,0,1,1525,T
4-HA,726,3,0,0,1555,1558,C
4-HA,727,0,0,0,1558,1558,C
4-HA,728,1,0,0,1533,1534,C
4-HA,729,0,1521,0,2,1523,T
4-HA,730,1533,0,0,0,1533,A
4-HA,731,0,2,1529,0,1531,G
4-HA,732,0,0,0,1540,1540,C
4-HA,733,1505,0,1,0,1506,A
4-HA,734,0,2,1552,0,1554,G
4-HA,735,1524,0,0,0,1524,A
4-HA,736,1534,0,1,0,1535,A
4-HA,737,0,1527,0,0,1527,T
4-HA,738,1527,0,0,0,1527,A
4-HA,739,1523,0,0,0,1523,A
4-HA,740,0,0,1522,0,1522,G
4-HA,741,0,0,0,1531,1531,C
4-HA,742,1523,0,0,0,1523,A
4-HA,743,0,1487,0,1,1488,T
4-HA,744,1,0,0,1552,1553,C
4-HA,745,0,1557,0,1,1558,T
4-HA,746,1564,0,0,0,1564,A
4-HA,747,0,1557,0,1,1558,T
4-HA,748,0,1546,0,1,1547,T
4-HA,749,0,1,1556,0,1557,G
4-HA,750,0,3,1546,0,1549,G
4-HA,751,1544,0,1,0,1545,A
4-HA,752,0,0,0,1551,1551,C
4-HA,753,1456,1,0,1,1458,A
4-HA,754,1489,0,1,0,1490,A
4-HA,755,0,1568,0,0,1568,T
4-HA,756,1590,0,0,0,1590,A
4-HA,757,1,0,1618,0,1619,G
4-HA,758,0,1602,0,6,1608,T
4-HA,759,1620,0,0,0,1620,A
4-HA,760,1624,0,0,0,1624,A
4-HA,761,1665,0,0,0,1665,A
4-HA,762,1677,0,1,0,1678,A
4-HA,763,0,0,0,1716,1716,C
4-HA,764,1,2,0,1637,1640,C
4-HA,765,1,1,1634,0,1636,G
4-HA,766,1,1,1650,0,1652,G
4-HA,767,0,3,1675,0,1678,G
4-HA,768,1682,2,0,0,1684,A
4-HA,769,0,0,1699,0,1699,G
4-HA,770,1744,0,1,0,1745,A
4-HA,771,0,0,0,1756,1756,C
4-HA,772,1756,0,2,3,1761,A
4-HA,773,0,1758,0,4,1762,T
4-HA,774,1759,0,3,0,1762,A
4-HA,775,0,0,0,1807,1807,C
4-HA,776,0,1801,0,1,1802,T
4-HA,777,0,1818,0,0,1818,T
4-HA,778,0,1839,0,0,1839,T
4-HA,779,0,1832,1,1,1834,T
4-HA,780,0,1,1866,0,1867,G
4-HA,781,1864,0,1,0,1865,A
4-HA,782,0,1858,0,3,1861,T
4-HA,783,1,1940,0,5,1946,T
4-HA,784,1933,1,2,0,1936,A
4-HA,785,1956,0,0,0,1956,A
4-HA,786,0,0,0,1988,1988,C
4-HA,787,1979,0,1,0,1980,A
4-HA,788,0,0,2096,0,2096,G
4-HA,789,0,2,0,2090,2092,C
4-HA,790,2095,0,0,0,2095,A
4-HA,791,1,0,0,2127,2128,C
4-HA,792,2101,0,2,1,2104,A
4-HA,793,0,1,2150,0,2151,G
4-HA,794,0,2,2140,0,2142,G
4-HA,795,0,4,2261,1,2266,G
4-HA,796,2243,0,1,0,2244,A
4-HA,797,2295,0,2,0,2297,A
4-HA,798,0,2309,0,1,2310,T
4-HA,799,1,0,0,2317,2318,C
4-HA,800,0,2348,0,1,2349,T
4-HA,801,2358,0,0,0,2358,A
4-HA,802,2352,0,1,0,2353,A
4-HA,803,0,2339,0,3,2342,T
4-HA,804,0,2302,0,3,2305,T
4-HA,805,0,1,2338,0,2339,G
4-HA,806,1,0,0,2439,2440,C
4-HA,807,0,2526,0,2,2528,T
4-HA,808,5,0,0,2609,2614,C
4-HA,809,0,1,0,2612,2613,C
4-HA,810,0,2606,0,9,2615,T
4-HA,811,2615,0,0,0,2615,A
4-HA,812,1,5,2628,0,2634,G
4-HA,813,1,8,2657,0,2666,G
4-HA,814,0,3,2668,0,2671,G
4-HA,815,0,1,2659,0,2660,G
4-HA,816,0,2591,0,3,2594,T
4-HA,817,0,2574,0,10,2584,T
4-HA,818,2589,0,0,0,2589,A
4-HA,819,1,0,0,2633,2634,C
4-HA,820,0,2623,0,8,2631,T
4-HA,821,1,2645,0,1,2647,T
4-HA,822,3,0,0,2645,2648,C
4-HA,823,2642,0,0,0,2642,A
4-HA,824,2638,0,1,0,2639,A
4-HA,825,2647,2,0,0,2649,A
4-HA,826,2667,1,2,0,2670,A
4-HA,827,0,2676,0,0,2676,T
4-HA,828,2647,0,0,0,2647,A
4-HA,829,0,4,0,2651,2655,C
4-HA,830,0,11,2645,0,2656,G
4-HA,831,2668,0,2,0,2670,A
4-HA,832,2661,0,0,2,2663,A
4-HA,833,3,1,2705,0,2709,G
4-HA,834,0,2685,0,2,2687,T
4-HA,835,1,4,2721,0,2726,G
4-HA,836,0,3,2722,0,2725,G
4-HA,837,0,2,2732,1,2735,G
4-HA,838,2723,0,6,0,2729,A
4-HA,839,2742,0,2,0,2744,A
4-HA,840,2747,0,0,0,2747,A
4-HA,841,2736,0,1,0,2737,A
4-HA,842,0,2,2799,0,2801,G
4-HA,843,0,0,0,2803,2803,C
4-HA,844,0,2787,0,3,2790,T
4-HA,845,4,2,0,2857,2863,C
4-HA,846,2873,0,0,1,2874,A
4-HA,847,2893,0,2,0,2895,A
4-HA,848,1,2894,0,7,2902,T
4-HA,849,2931,0,19,0,2950,A
4-HA,850,2948,0,0,0,2948,A
4-HA,851,0,2915,0,1,2916,T
4-HA,852,4,8,2916,0,2928,G
4-HA,853,2898,0,1,0,2899,A
4-HA,854,0,5,3025,0,3030,G
4-HA,855,3024,0,6,0,3030,A
4-HA,856,0,3017,0,0,3017,T
4-HA,857,3,0,1,3082,3086,C
4-HA,858,3065,0,2,0,3067,A
4-HA,859,2,3,3151,0,3156,G
4-HA,860,3146,0,3,0,3149,A
4-HA,861,1,3151,0,1,3153,T
4-HA,862,0,1,3133,0,3134,G
4-HA,863,0,0,0,3069,3069,C
4-HA,864,3082,1,3,0,3086,A
4-HA,865,1,0,0,3165,3166,C
4-HA,866,0,0,0,3137,3137,C
4-HA,867,7,0,0,3150,3157,C
4-HA,868,3119,1,0,0,3120,A
4-HA,869,0,3102,0,0,3102,T
4-HA,870,1,3112,0,2,3115,T
4-HA,871,1,6,3143,0,3150,G
4-HA,872,3,1,3127,0,3131,G
4-HA,873,7,1,0,3141,3149,C
4-HA,874,3105,0,1,0,3106,A
4-HA,875,3101,1,0,0,3102,A
4-HA,876,3165,0,0,0,3165,A
4-HA,877,0,3173,0,0,3173,T
4-HA,878,0,0,3173,0,3173,G
4-HA,879,0,3,0,3184,3187,C
4-HA,880,3158,0,0,0,3158,A
4-HA,881,3267,0,1,0,3268,A
4-HA,882,0,3253,0,8,3261,T
4-HA,883,0,3294,0,3,3297,T
4-HA,884,3,0,0,3303,3306,C
4-HA,885,0,3253,0,1,3254,T
4-HA,886,0,7,3301,0,3308,G
4-HA,887,3302,1,0,0,3303,A
4-HA,888,3316,1,1,0,3318,A
4-HA,889,0,3316,0,0,3316,T
4-HA,890,0,1,3265,0,3266,G
4-HA,891,0,1,0,3278,3279,C
4-HA,892,3279,1,2,0,3282,A
4-HA,893,0,3263,0,0,3263,T
4-HA,894,4,0,0,3270,3274,C
4-HA,895,3279,0,0,0,3279,A
4-HA,896,0,0,0,3437,3437,C
4-HA,897,0,3409,0,1,3410,T
4-HA,898,3,0,0,3428,3431,C
4-HA,899,1,0,0,3414,3415,C
4-HA,900,3474,2,0,0,3476,A
4-HA,901,3458,0,1,0,3459,A
4-HA,902,3466,0,0,0,3466,A
4-HA,903,0,3353,0,0,3353,T
4-HA,904,0,5,3365,0,3370,G
4-HA,905,0,1,3376,0,3377,G
4-HA,906,3370,1,2,0,3373,A
4-HA,907,3369,1,1,0,3371,A
4-HA,908,1,0,3371,0,3372,G
4-HA,909,0,1,0,3360,3361,C
4-HA,910,3363,0,0,0,3363,A
4-HA,911,0,3367,0,0,3367,T
4-HA,912,0,3351,1,2,3354,T
4-HA,913,2,0,0,3446,3448,C
4-HA,914,3,6,0,3422,3431,C
4-HA,915,3,0,0,3441,3444,C
4-HA,916,3438,0,1,0,3439,A
4-HA,917,3470,1,1,0,3472,A
4-HA,918,0,3530,0,2,3532,T
4-HA,919,1,11,3508,0,3520,G
4-HA,920,3532,2,1,0,3535,A
4-HA,921,0,0,0,3547,3547,C
4-HA,922,3476,0,1,0,3477,A
4-HA,923,3480,0,1,0,3481,A
4-HA,924,3477,1,2,0,3480,A
4-HA,925,0,1,0,3495,3496,C
4-HA,926,3,3,0,3458,3464,C
4-HA,927,3421,0,2,0,3423,A
4-HA,928,0,3430,1,2,3433,T
4-HA,929,1,3410,0,1,3412,T
4-HA,930,4,4,0,3426,3434,C
4-HA,931,2,0,0,3436,3438,C
4-HA,932,3442,0,0,0,3442,A
4-HA,933,3434,0,2,2,3438,A
4-HA,934,3438,0,0,0,3438,A
4-HA,935,3509,0,2,0,3511,A
4-HA,936,0,3484,0,0,3484,T
4-HA,937,1,3,3510,0,3514,G
4-HA,938,0,3484,0,1,3485,T
4-HA,939,3521,1,0,0,3522,A
4-HA,940,3522,0,0,0,3522,A
4-HA,941,3505,0,2,0,3507,A
4-HA,942,0,1,0,3538,3539,C
4-HA,943,3485,0,1,0,3486,A
4-HA,944,0,0,3541,0,3541,G
4-HA,945,1,3,3538,0,3542,G
4-HA,946,3625,1,7,0,3633,A
4-HA,947,0,3636,0,1,3637,T
4-HA,948,2,1,0,3680,3683,C
4-HA,949,3689,0,5,1,3695,A
4-HA,950,0,0,0,3862,3862,C
4-HA,951,3873,0,1,0,3874,A
4-HA,952,0,4023,0,1,4024,T
4-HA,953,3936,0,3,0,3939,A
4-HA,954,1,2,0,3932,3935,C
4-HA,955,1,5,3820,0,3826,G
4-HA,956,2,8,3789,0,3799,G
4-HA,957,1,2,3741,0,3744,G
4-HA,958,0,0,3771,0,3771,G
4-HA,959,0,0,0,3729,3729,C
4-HA,960,3,0,0,3741,3744,C
4-HA,961,1,3691,0,1,3693,T
4-HA,962,2,0,4024,0,4026,G
4-HA,963,0,4003,0,3,4006,T
4-HA,964,10,0,2,4032,4044,C
4-HA,965,3,1,0,4035,4039,C
4-HA,966,1,1,1,4060,4063,C
4-HA,967,4045,0,2,0,4047,A
4-HA,968,0,2,4082,0,4084,G
4-HA,969,4071,0,0,0,4071,A
4-HA,970,0,4064,0,0,4064,T
4-HA,971,3790,0,1,0,3791,A
4-HA,972,0,3748,0,2,3750,T
4-HA,973,4,0,3764,0,3768,G
4-HA,974,0,3745,0,1,3746,T
4-HA,975,0,3724,0,1,3725,T
4-HA,976,3770,0,2,0,3772,A
4-HA,977,3741,0,1,0,3742,A
4-HA,978,0,5,3770,0,3775,G
4-HA,979,0,1,0,3764,3765,C
4-HA,980,3708,0,2,0,3710,A
4-HA,981,3677,0,37,0,3714,A
4-HA,982,3694,0,0,0,3694,A
4-HA,983,3685,0,1,1,3687,A
4-HA,984,0,0,0,3704,3704,C
4-HA,985,3661,0,5,0,3666,A
4-HA,986,4,0,0,3709,3713,C
4-HA,987,0,3655,0,0,3655,T
4-HA,988,3,0,0,3669,3672,C
4-HA,989,0,3679,0,3,3682,T
4-HA,990,0,3,3699,0,3702,G
4-HA,991,3697,0,1,0,3698,A
4-HA,992,3687,0,2,0,3689,A
4-HA,993,3680,0,3,0,3683,A
4-HA,994,0,3674,0,0,3674,T
4-HA,995,0,3656,0,2,3658,T
4-HA,996,1,5,3677,1,3684,G
4-HA,997,1,3,3655,0,3659,G
4-HA,998,2,1,0,3682,3685,C
4-HA,999,3671,0,1,0,3672,A
4-HA,1000,3659,1,1,0,3661,A
4-HA,1001,1,0,0,3670,3671,C
4-HA,1002,3660,0,2,0,3662,A
4-HA,1003,6,2,3694,0,3702,G
4-HA,1004,0,5,3682,0,3687,G
4-HA,1005,2,3,3659,0,3664,G
4-HA,1006,3626,0,5,0,3631,A
4-HA,1007,0,3624,0,1,3625,T
4-HA,1008,0,2,3656,0,3658,G
4-HA,1009,2,2,0,3657,3661,C
4-HA,1010,1,2,3677,0,3680,G
4-HA,1011,3727,0,1,0,3728,A
4-HA,1012,3687,0,0,1,3688,A
4-HA,1013,3710,1,0,0,3711,A
4-HA,1014,0,3690,0,1,3691,T
4-HA,1015,4,0,3750,0,3754,G
4-HA,1016,1,3750,0,3,3754,T
4-HA,1017,3722,0,0,0,3722,A
4-HA,1018,2,1,0,3742,3745,C
4-HA,1019,3,1,0,3725,3729,C
4-HA,1020,3692,1,1,0,3694,A
4-HA,1021,0,6,3681,0,3687,G
4-HA,1022,3655,0,0,0,3655,A
4-HA,1023,0,2,3692,0,3694,G
4-HA,1024,3655,0,0,0,3655,A
4-HA,1025,3643,0,1,0,3644,A
4-HA,1026,3663,0,2,0,3665,A
4-HA,1027,1,0,0,3653,3654,C
4-HA,1028,3655,0,0,0,3655,A
4-HA,1029,3726,0,0,0,3726,A
4-HA,1030,3703,0,2,0,3705,A
4-HA,1031,0,0,0,3744,3744,C
4-HA,1032,0,3713,0,0,3713,T
4-HA,1033,3696,0,0,0,3696,A
4-HA,1034,2,5,3687,0,3694,G
4-HA,1035,3646,0,4,0,3650,A
4-HA,1036,2,1,3736,0,3739,G
4-HA,1037,0,0,3726,0,3726,G
4-HA,1038,0,0,0,3684,3684,C
4-HA,1039,3691,0,0,0,3691,A
4-HA,1040,0,3729,0,1,3730,T
4-HA,1041,3765,0,2,0,3767,A
4-HA,1042,0,3736,0,1,3737,T
4-HA,1043,0,3736,0,0,3736,T
4-HA,1044,1,3731,0,1,3733,T
4-HA,1045,1,5,3638,0,3644,G
4-HA,1046,4,2,3653,0,3659,G
4-HA,1047,2,2,0,3612,3616,C
4-HA,1048,1,0,3645,0,3646,G
4-HA,1049,2,0,1,3624,3627,C
4-HA,1050,3609,0,0,0,3609,A
4-HA,1051,3624,1,1,0,3626,A
4-HA,1052,0,3620,0,0,3620,T
4-HA,1053,2,0,0,3627,3629,C
4-HA,1054,2,0,3633,0,3635,G
4-HA,1055,0,3,0,3614,3617,C
4-HA,1056,11,3,3637,1,3652,G
4-HA,1057,1,1,3663,0,3665,G
4-HA,1058,0,0,3698,0,3698,G
4-HA,1059,0,3633,0,2,3635,T
4-HA,1060,0,3627,0,0,3627,T
4-HA,1061,0,3642,0,1,3643,T
4-HA,1062,3,1,0,3655,3659,C
4-HA,1063,3667,0,0,0,3667,A
4-HA,1064,1,3669,0,1,3671,T
4-HA,1065,3662,0,3,0,3665,A
4-HA,1066,0,4,3707,0,3711,G
4-HA,1067,3628,0,0,0,3628,A
4-HA,1068,3642,0,4,2,3648,A
4-HA,1069,3646,0,2,0,3648,A
4-HA,1070,3643,1,1,0,3645,A
4-HA,1071,0,3647,0,0,3647,T
4-HA,1072,0,6,3685,0,3691,G
4-HA,1073,0,1,3695,0,3696,G
4-HA,1074,0,3642,0,1,3643,T
4-HA,1075,1,3649,0,0,3650,T
4-HA,1076,0,0,3653,0,3653,G
4-HA,1077,1,4,3658,0,3663,G
4-HA,1078,0,7,3679,0,3686,G
4-HA,1079,3644,1,2,0,3647,A
4-HA,1080,0,5,3681,0,3686,G
4-HA,1081,0,1,3651,0,3652,G
4-HA,1082,1,3,3704,0,3708,G
4-HA,1083,3677,0,4,0,3681,A
4-HA,1084,3727,0,0,0,3727,A
4-HA,1085,0,3741,0,0,3741,T
4-HA,1086,1,6,3722,0,3729,G
4-HA,1087,1,1,3794,1,3797,G
4-HA,1088,1,3719,0,0,3720,T
4-HA,1089,0,1,3765,0,3766,G
4-HA,1090,0,1,3765,0,3766,G
4-HA,1091,3658,0,3,0,3661,A
4-HA,1092,0,3704,0,2,3706,T
4-HA,1093,0,3,3779,0,3782,G
4-HA,1094,0,0,3820,0,3820,G
4-HA,1095,0,3737,0,0,3737,T
4-HA,1096,0,3693,0,0,3693,T
4-HA,1097,3,5,3679,0,3687,G
4-HA,1098,1,1,3739,0,3741,G
4-HA,1099,0,3689,0,0,3689,T
4-HA,1100,3727,1,0,0,3728,A
4-HA,1101,0,1,0,3566,3567,C
4-HA,1102,0,1,3600,0,3601,G
4-HA,1103,1,0,3722,0,3723,G
4-HA,1104,0,3681,1,1,3683,T
4-HA,1105,1,3712,0,0,3713,T
4-HA,1106,0,3705,0,0,3705,T
4-HA,1107,3,0,0,3647,3650,C
4-HA,1108,3640,0,10,0,3650,A
4-HA,1109,1,2,3637,0,3640,G
4-HA,1110,6,3,3622,1,3632,G
4-HA,1111,0,0,0,3619,3619,C
4-HA,1112,3516,0,0,0,3516,A
4-HA,1113,1,3534,0,1,3536,T
4-HA,1114,0,0,0,3558,3558,C
4-HA,1115,3546,6,1,0,3553,A
4-HA,1116,3548,0,1,0,3549,A
4-HA,1117,3547,0,1,0,3548,A
4-HA,1118,3565,0,0,0,3565,A
4-HA,1119,0,3562,0,0,3562,T
4-HA,1120,0,3549,0,0,3549,T
4-HA,1121,3,0,0,3558,3561,C
4-HA,1122,1,3556,0,0,3557,T
4-HA,1123,0,5,3565,0,3570,G
4-HA,1124,3540,1,3,0,3544,A
4-HA,1125,1,3,3576,0,3580,G
4-HA,1126,0,3,3567,0,3570,G
4-HA,1127,0,1,3606,0,3607,G
4-HA,1128,3582,0,0,0,3582,A
4-HA,1129,3589,0,1,0,3590,A
4-HA,1130,1,3,3588,0,3592,G
4-HA,1131,3620,0,4,0,3624,A
4-HA,1132,0,3,3660,0,3663,G
4-HA,1133,1,1,3668,0,3670,G
4-HA,1134,3640,0,7,1,3648,A
4-HA,1135,0,1,0,3664,3665,C
4-HA,1136,3640,0,1,0,3641,A
4-HA,1137,3642,0,2,1,3645,A
4-HA,1138,0,0,3647,0,3647,G
4-HA,1139,0,1,0,3636,3637,C
4-HA,1140,3621,0,3,0,3624,A
4-HA,1141,1,1,3610,0,3612,G
4-HA,1142,2,0,0,3587,3589,C
4-HA,1143,3592,0,1,0,3593,A
4-HA,1144,0,3,3626,0,3629,G
4-HA,1145,3582,5,0,0,3587,A
4-HA,1146,0,3679,0,2,3681,T
4-HA,1147,0,0,0,3702,3702,C
4-HA,1148,0,3657,0,6,3663,T
4-HA,1149,9,0,0,3730,3739,C
4-HA,1150,3716,0,0,0,3716,A
4-HA,1151,3723,0,0,0,3723,A
4-HA,1152,3724,0,2,0,3726,A
4-HA,1153,3662,0,9,0,3671,A
4-HA,1154,0,0,3666,0,3666,G
4-HA,1155,0,1,0,3612,3613,C
4-HA,1156,3594,1,2,0,3597,A
4-HA,1157,0,1,0,3656,3657,C
4-HA,1158,0,3621,1,3,3625,T
4-HA,1159,4,1,0,3653,3658,C
4-HA,1160,3667,0,0,0,3667,A
4-HA,1161,3724,0,1,1,3726,A
4-HA,1162,2,2,3706,0,3710,G
4-HA,1163,3,1,0,3720,3724,C
4-HA,1164,3695,0,2,0,3697,A
4-HA,1165,1,0,3691,0,3692,G
4-HA,1166,0,0,0,3648,3648,C
4-HA,1167,3642,0,0,0,3642,A
4-HA,1168,3636,0,1,0,3637,A
4-HA,1169,0,3571,0,0,3571,T
4-HA,1170,2,0,0,3529,3531,C
4-HA,1171,5,4,3537,0,3546,G
4-HA,1172,3522,0,2,0,3524,A
4-HA,1173,0,3497,0,0,3497,T
4-HA,1174,6,1,0,3513,3520,C
4-HA,1175,3516,0,0,0,3516,A
4-HA,1176,3581,0,0,0,3581,A
4-HA,1177,3576,0,0,0,3576,A
4-HA,1178,0,3553,0,0,3553,T
4-HA,1179,4,0,0,3584,3588,C
4-HA,1180,3549,0,1,0,3550,A
4-HA,1181,3557,0,2,0,3559,A
4-HA,1182,0,3566,0,0,3566,T
4-HA,1183,2,4,3570,0,3576,G
4-HA,1184,1,3,3554,0,3558,G
4-HA,1185,0,2,3524,0,3526,G
4-HA,1186,3512,0,1,0,3513,A
4-HA,1187,3520,1,3,0,3524,A
4-HA,1188,1,1,3587,0,3589,G
4-HA,1189,0,10,1,3575,3586,C
4-HA,1190,1,3578,0,3,3582,T
4-HA,1191,4,1,3709,0,3714,G
4-HA,1192,3718,0,2,0,3720,A
4-HA,1193,3711,0,3,0,3714,A
4-HA,1194,0,3701,0,2,3703,T
4-HA,1195,3653,0,0,0,3653,A
4-HA,1196,0,4,3645,0,3649,G
4-HA,1197,3373,1,1,0,3375,A
4-HA,1198,0,3389,0,1,3390,T
4-HA,1199,2,3398,0,0,3400,T
4-HA,1200,11,7,3400,0,3418,G
4-HA,1201,3393,1,0,0,3394,A
4-HA,1202,0,3375,0,0,3375,T
4-HA,1203,13,0,1,3399,3413,C
4-HA,1204,0,9,3392,0,3401,G
4-HA,1205,0,2,3370,0,3372,G
4-HA,1206,2,3,3385,0,3390,G
4-HA,1207,3380,0,0,0,3380,A
4-HA,1208,3384,0,0,0,3384,A
4-HA,1209,3382,0,3,0,3385,A
4-HA,1210,3343,0,6,0,3349,A
4-HA,1211,1,0,0,3382,3383,C
4-HA,1212,7,1,0,3368,3376,C
4-HA,1213,3354,0,3,0,3357,A
4-HA,1214,3352,0,4,0,3356,A
4-HA,1215,1,4,0,3357,3362,C
4-HA,1216,1,3,3374,0,3378,G
4-HA,1217,3360,0,0,0,3360,A
4-HA,1218,2,3,3361,0,3366,G
4-HA,1219,3357,0,0,1,3358,A
4-HA,1220,3381,0,0,0,3381,A
4-HA,1221,3370,0,2,0,3372,A
4-HA,1222,1,3358,0,1,3360,T
4-HA,1223,1,3346,0,1,3348,T
4-HA,1224,4,0,0,3373,3377,C
4-HA,1225,10,1,0,3366,3377,C
4-HA,1226,3379,0,3,0,3382,A
4-HA,1227,1,3358,1,2,3362,T
4-HA,1228,3,0,0,3379,3382,C
4-HA,1229,3366,0,1,0,3367,A
4-HA,1230,0,2,3376,0,3378,G
4-HA,1231,3347,0,0,0,3347,A
4-HA,1232,0,3345,2,1,3348,T
4-HA,1233,0,3342,0,0,3342,T
4-HA,1234,1,2,3339,0,3342,G
4-HA,1235,3353,0,0,0,3353,A
4-HA,1236,3353,0,1,0,3354,A
4-HA,1237,3358,0,0,0,3358,A
4-HA,1238,3363,0,0,0,3363,A
4-HA,1239,3334,0,2,0,3336,A
4-HA,1240,0,2,3338,0,3340,G
4-HA,1241,3325,0,2,0,3327,A
4-HA,1242,3332,0,0,0,3332,A
4-HA,1243,1,3288,0,1,3290,T
4-HA,1244,0,3303,0,0,3303,T
4-HA,1245,3,2,0,3300,3305,C
4-HA,1246,0,3301,0,1,3302,T
4-HA,1247,6,0,0,3297,3303,C
4-HA,1248,3303,0,3,0,3306,A
4-HA,1249,0,1,3314,0,3315,G
4-HA,1250,3305,0,5,0,3310,A
4-HA,1251,3284,0,1,0,3285,A
4-HA,1252,2,0,3305,0,3307,G
4-HA,1253,0,3248,0,0,3248,T
4-HA,1254,6,0,0,3277,3283,C
4-HA,1255,0,5,3288,0,3293,G
4-HA,1256,3284,0,1,0,3285,A
4-HA,1257,3270,0,2,0,3272,A
4-HA,1258,0,3,3284,0,3287,G
4-HA,1259,1,5,3293,0,3299,G
4-HA,1260,1,2,3298,0,3301,G
4-HA,1261,3235,0,3,0,3238,A
4-HA,1262,2,1,3248,0,3251,G
4-HA,1263,3250,0,2,0,3252,A
4-HA,1264,3433,0,1,0,3434,A
4-HA,1265,0,3415,0,0,3415,T
4-HA,1266,0,3426,0,1,3427,T
4-HA,1267,3,6,0,3421,3430,C
4-HA,1268,3374,0,9,0,3383,A
4-HA,1269,2,4,3377,0,3383,G
4-HA,1270,0,9,3366,0,3375,G
4-HA,1271,3350,2,4,0,3356,A
4-HA,1272,2,1,0,3374,3377,C
4-HA,1273,3,2,0,3181,3186,C
4-HA,1274,1,3162,1,6,3170,T
4-HA,1275,0,3121,0,66,3187,T
4-HA,1276,0,1,3206,0,3207,G
4-HA,1277,3208,0,4,0,3212,A
4-HA,1278,0,2,3277,0,3279,G
4-HA,1279,3254,0,0,0,3254,A
4-HA,1280,3072,1,2,0,3075,A
4-HA,1281,3066,0,4,0,3070,A
4-HA,1282,0,3023,0,0,3023,T
4-HA,1283,3092,0,12,0,3104,A
4-HA,1284,1,3087,0,0,3088,T
4-HA,1285,0,0,3135,0,3135,G
4-HA,1286,0,3117,0,3,3120,T
4-HA,1287,2,3032,0,2,3036,T
4-HA,1288,0,1,3043,0,3044,G
4-HA,1289,2992,0,0,0,2992,A
4-HA,1290,0,1,3027,0,3028,G
4-HA,1291,0,7,3004,0,3011,G
4-HA,1292,2964,0,2,0,2966,A
4-HA,1293,0,0,0,3077,3077,C
4-HA,1294,3004,0,1,0,3005,A
4-HA,1295,0,1,0,3011,3012,C
4-HA,1296,1,2989,0,4,2994,T
4-HA,1297,3137,0,2,0,3139,A
4-HA,1298,3170,0,0,0,3170,A
4-HA,1299,3172,1,0,0,3173,A
4-HA,1300,3197,1,0,0,3198,A
4-HA,1301,1,3177,0,1,3179,T
4-HA,1302,3074,0,0,0,3074,A
4-HA,1303,0,4,3089,0,3093,G
4-HA,1304,3019,0,0,0,3019,A
4-HA,1305,0,2997,0,2,2999,T
4-HA,1306,0,0,0,3016,3016,C
4-HA,1307,0,2952,0,5,2957,T
4-HA,1308,3,0,0,3039,3042,C
4-HA,1309,0,3048,0,0,3048,T
4-HA,1310,0,2,3095,0,3097,G
4-HA,1311,0,1,3168,0,3169,G
4-HA,1312,1,3136,1,6,3144,T
4-HA,1313,13,1,0,3151,3165,C
4-HA,1314,3181,0,0,1,3182,A
4-HA,1315,0,3199,1,2,3202,T
4-HA,1316,3183,0,0,0,3183,A
4-HA,1317,1,1,0,3185,3187,C
4-HA,1318,3062,0,1,0,3063,A
4-HA,1319,3078,0,1,0,3079,A
4-HA,1320,0,1,0,2976,2977,C
4-HA,1321,0,1,2971,1,2973,G
4-HA,1322,0,1,0,2961,2962,C
4-HA,1323,0,4,2945,0,2949,G
4-HA,1324,0,3,2954,0,2957,G
4-HA,1325,2947,0,2,0,2949,A
4-HA,1326,0,0,2986,0,2986,G
4-HA,1327,1,0,0,2978,2979,C
4-HA,1328,0,2983,0,3,2986,T
4-HA,1329,0,2987,0,6,2993,T
4-HA,1330,0,0,0,3011,3011,C
4-HA,1331,0,3019,0,3,3022,T
4-HA,1332,0,3023,0,0,3023,T
4-HA,1333,0,1,3031,0,3032,G
4-HA,1334,0,2992,0,6,2998,T
4-HA,1335,0,2954,0,1,2955,T
4-HA,1336,1,1,3003,0,3005,G
4-HA,1337,0,3,0,3005,3008,C
4-HA,1338,3,1,0,2987,2991,C
4-HA,1339,10,0,0,3003,3013,C
4-HA,1340,1,3018,0,1,3020,T
4-HA,1341,2,1,3065,0,3068,G
4-HA,1342,0,4,3054,0,3058,G
4-HA,1343,3050,0,3,0,3053,A
4-HA,1344,25,4,3045,1,3075,G
4-HA,1345,3006,1,0,0,3007,A
4-HA,1346,3023,0,2,1,3026,A
4-HA,1347,0,0,0,3056,3056,C
4-HA,1348,3,0,0,3066,3069,C
4-HA,1349,3058,0,0,0,3058,A
4-HA,1350,3154,0,2,0,3156,A
4-HA,1351,0,0,0,3169,3169,C
4-HA,1352,3175,0,2,0,3177,A
4-HA,1353,1,3181,0,1,3183,T
4-HA,1354,3161,1,2,0,3164,A
4-HA,1355,1,0,1,3202,3204,C
4-HA,1356,3142,1,6,0,3149,A
4-HA,1357,3154,0,0,0,3154,A
4-HA,1358,1,3132,0,0,3133,T
4-HA,1359,0,3022,0,0,3022,T
4-HA,1360,2,6,3063,0,3071,G
4-HA,1361,3069,0,1,0,3070,A
4-HA,1362,0,3055,0,2,3057,T
4-HA,1363,2,0,0,3081,3083,C
4-HA,1364,0,3013,0,11,3024,T
4-HA,1365,3051,0,1,0,3052,A
4-HA,1366,3042,1,0,0,3043,A
4-HA,1367,0,0,0,3034,3034,C
4-HA,1368,0,3024,0,2,3026,T
4-HA,1369,0,11,2997,1,3009,G
4-HA,1370,2997,0,2,0,2999,A
4-HA,1371,0,1,0,2999,3000,C
4-HA,1372,0,2988,0,0,2988,T
4-HA,1373,2,0,0,3014,3016,C
4-HA,1374,3007,0,2,0,3009,A
4-HA,1375,0,1,3048,0,3049,G
4-HA,1376,3044,0,0,0,3044,A
4-HA,1377,3049,0,3,0,3052,A
4-HA,1378,3054,1,0,0,3055,A
4-HA,1379,0,3022,0,1,3023,T
4-HA,1380,0,4,3067,0,3071,G
4-HA,1381,3050,0,3,0,3053,A
4-HA,1382,3048,0,4,0,3052,A
4-HA,1383,0,0,1,3060,3061,C
4-HA,1384,3011,0,1,0,3012,A
4-HA,1385,3012,0,0,1,3013,A
4-HA,1386,3010,0,0,0,3010,A
4-HA,1387,0,0,0,3012,3012,C
4-HA,1388,0,2983,0,0,2983,T
4-HA,1389,0,0,3037,0,3037,G
4-HA,1390,0,2999,0,2,3001,T
4-HA,1391,0,3003,1,2,3006,T
4-HA,1392,1,3008,0,0,3009,T
4-HA,1393,84,6,2921,0,3011,G
4-HA,1394,3013,0,0,0,3013,A
4-HA,1395,3008,0,0,0,3008,A
4-HA,1396,3003,0,1,0,3004,A
4-HA,1397,3005,0,0,0,3005,A
4-HA,1398,2949,0,1,0,2950,A
4-HA,1399,2950,0,1,1,2952,A
4-HA,1400,0,0,0,2974,2974,C
4-HA,1401,2973,0,0,1,2974,A
4-HA,1402,2969,1,0,0,2970,A
4-HA,1403,2970,0,2,0,2972,A
4-HA,1404,0,0,2978,0,2978,G
4-HA,1405,2982,1,2,0,2985,A
4-HA,1406,2969,0,5,0,2974,A
4-HA,1407,0,0,2977,0,2977,G
4-HA,1408,1,1,0,2971,2973,C
4-HA,1409,2988,0,2,0,2990,A
4-HA,1410,2986,0,7,0,2993,A
4-HA,1411,1,1,0,2985,2987,C
4-HA,1412,0,2957,0,0,2957,T
4-HA,1413,0,1,2994,0,2995,G
4-HA,1414,2967,0,2,0,2969,A
4-HA,1415,0,2,2991,0,2993,G
4-HA,1416,0,4,2992,0,2996,G
4-HA,1417,2,4,2993,0,2999,G
4-HA,1418,3014,0,1,0,3015,A
4-HA,1419,3001,1,1,1,3004,A
4-HA,1420,3004,0,0,0,3004,A
4-HA,1421,3029,1,0,0,3030,A
4-HA,1422,0,3007,0,0,3007,T
4-HA,1423,0,0,3029,0,3029,G
4-HA,1424,0,0,0,3018,3018,C
4-HA,1425,0,3003,0,0,3003,T
4-HA,1426,0,0,3014,0,3014,G
4-HA,1427,3017,0,3,0,3020,A
4-HA,1428,0,1,3155,0,3156,G
4-HA,1429,0,1,3206,0,3207,G
4-HA,1430,3177,0,1,0,3178,A
4-HA,1431,0,3160,0,0,3160,T
4-HA,1432,3142,0,1,0,3143,A
4-HA,1433,0,3126,0,2,3128,T
4-HA,1434,1,3,3161,1,3166,G
4-HA,1435,4,3,3192,0,3199,G
4-HA,1436,1,1,3200,0,3202,G
4-HA,1437,0,0,0,3046,3046,C
4-HA,1438,2974,0,1,0,2975,A
4-HA,1439,2980,0,0,0,2980,A
4-HA,1440,0,2969,0,2,2971,T
4-HA,1441,0,3,2977,0,2980,G
4-HA,1442,0,1,2986,0,2987,G
4-HA,1443,0,2901,0,1,2902,T
4-HA,1444,1,2859,0,1,2861,T
4-HA,1445,0,0,2870,0,2870,G
4-HA,1446,0,2878,0,6,2884,T
4-HA,1447,0,2884,0,0,2884,T
4-HA,1448,0,2880,0,0,2880,T
4-HA,1449,6,0,0,2894,2900,C
4-HA,1450,2912,0,0,0,2912,A
4-HA,1451,2919,0,1,0,2920,A
4-HA,1452,2914,1,0,0,2915,A
4-HA,1453,2944,0,0,0,2944,A
4-HA,1454,0,2922,0,0,2922,T
4-HA,1455,2910,0,0,0,2910,A
4-HA,1456,0,2918,0,2,2920,T
4-HA,1457,2883,0,3,0,2886,A
4-HA,1458,0,0,0,2939,2939,C
4-HA,1459,4,0,0,2924,2928,C
4-HA,1460,2918,0,2,0,2920,A
4-HA,1461,0,0,0,2933,2933,C
4-HA,1462,2942,0,1,0,2943,A
4-HA,1463,2953,0,0,0,2953,A
4-HA,1464,2950,0,0,0,2950,A
4-HA,1465,1,2934,0,0,2935,T
4-HA,1466,0,0,2959,0,2959,G
4-HA,1467,0,2923,0,0,2923,T
4-HA,1468,0,8,2937,0,2945,G
4-HA,1469,2942,1,1,0,2944,A
4-HA,1470,0,0,0,2936,2936,C
4-HA,1471,2903,0,0,0,2903,A
4-HA,1472,2893,0,0,0,2893,A
4-HA,1473,0,2941,0,2,2943,T
4-HA,1474,0,0,2971,0,2971,G
4-HA,1475,0,0,0,2929,2929,C
4-HA,1476,4,0,0,2947,2951,C
4-HA,1477,0,2927,1,6,2934,T
4-HA,1478,2,0,3066,0,3068,G
4-HA,1479,0,0,0,3069,3069,C
4-HA,1480,3085,0,0,0,3085,A
4-HA,1481,0,3083,0,0,3083,T
4-HA,1482,2964,1,1,0,2966,A
4-HA,1483,9,1,2971,0,2981,G
4-HA,1484,0,5,2963,1,2969,G
4-HA,1485,2953,1,1,0,2955,A
4-HA,1486,0,2930,0,0,2930,T
4-HA,1487,6,0,0,2783,2789,C
4-HA,1488,2792,1,1,0,2794,A
4-HA,1489,2791,0,0,0,2791,A
4-HA,1490,0,2776,2,0,2778,T
4-HA,1491,4,1,0,2798,2803,C
4-HA,1492,2753,0,0,0,2753,A
4-HA,1493,0,0,2759,0,2759,G
4-HA,1494,2772,0,0,0,2772,A
4-HA,1495,2777,0,0,1,2778,A
4-HA,1496,2775,0,0,0,2775,A
4-HA,1497,0,2762,0,0,2762,T
4-HA,1498,0,1,2741,0,2742,G
4-HA,1499,4,6,2734,0,2744,G
4-HA,1500,2744,1,0,0,2745,A
4-HA,1501,2747,0,0,0,2747,A
4-HA,1502,5,2,0,2747,2754,C
4-HA,1503,1,2717,0,4,2722,T
4-HA,1504,0,2742,0,1,2743,T
4-HA,1505,2744,0,2,0,2746,A
4-HA,1506,0,2729,1,0,2730,T
4-HA,1507,0,5,2727,0,2732,G
4-HA,1508,2707,0,4,1,2712,A
4-HA,1509,0,0,0,2726,2726,C
4-HA,1510,2,0,0,2689,2691,C
4-HA,1511,2684,0,1,0,2685,A
4-HA,1512,0,0,0,2766,2766,C
4-HA,1513,3,43,2799,0,2845,G
4-HA,1514,2905,0,3,0,2908,A
4-HA,1515,0,2952,0,1,2953,T
4-HA,1516,1,0,3068,0,3069,G
4-HA,1517,0,3020,0,7,3027,T
4-HA,1518,3144,0,1,0,3145,A
4-HA,1519,0,3143,0,0,3143,T
4-HA,1520,3123,0,0,0,3123,A
4-HA,1521,0,0,0,3128,3128,C
4-HA,1522,2793,0,1,0,2794,A
4-HA,1523,0,1,2840,0,2841,G
4-HA,1524,2634,0,0,0,2634,A
4-HA,1525,0,0,2559,0,2559,G
4-HA,1526,2546,0,0,0,2546,A
4-HA,1527,0,2342,0,1,2343,T
4-HA,1528,1,0,2334,0,2335,G
4-HA,1529,2327,0,3,0,2330,A
4-HA,1530,2319,1,3,0,2323,A
4-HA,1531,0,0,2358,0,2358,G
4-HA,1532,0,0,0,2304,2304,C
4-HA,1533,2312,0,0,0,2312,A
4-HA,1534,0,2299,0,0,2299,T
4-HA,1535,0,2294,0,0,2294,T
4-HA,1536,2298,0,0,0,2298,A
4-HA,1537,2299,0,0,0,2299,A
4-HA,1538,2290,0,2,0,2292,A
4-HA,1539,0,0,0,2302,2302,C
4-HA,1540,2216,1,0,0,2217,A
4-HA,1541,2214,0,0,0,2214,A
4-HA,1542,0,0,0,2215,2215,C
4-HA,1543,0,1,0,2212,2213,C
4-HA,1544,0,0,2207,0,2207,G
4-HA,1545,0,0,2243,0,2243,G
4-HA,1546,0,2236,0,3,2239,T
4-HA,1547,0,2237,1,0,2238,T
4-HA,1548,0,2227,1,0,2228,T
4-HA,1549,3,0,0,2234,2237,C
4-HA,1550,2239,0,0,0,2239,A
4-HA,1551,0,1,2267,0,2268,G
4-HA,1552,2261,0,0,0,2261,A
4-HA,1553,0,2258,0,0,2258,T
4-HA,1554,2,0,0,2213,2215,C
4-HA,1555,2201,0,0,0,2201,A
4-HA,1556,2204,1,1,0,2206,A
4-HA,1557,0,1,2207,0,2208,G
4-HA,1558,4,1,2191,0,2196,G
4-HA,1559,0,4,2192,0,2196,G
4-HA,1560,2112,0,2,1,2115,A
4-HA,1561,0,1,2130,0,2131,G
4-HA,1562,0,2125,0,0,2125,T
4-HA,1563,2,2129,0,0,2131,T
4-HA,1564,0,3,2142,0,2145,G
4-HA,1565,2124,0,3,0,2127,A
4-HA,1566,0,1,2141,0,2142,G
4-HA,1567,0,0,0,2132,2132,C
4-HA,1568,0,2111,0,4,2115,T
4-HA,1569,0,1,2113,0,2114,G
4-HA,1570,2102,1,0,0,2103,A
4-HA,1571,2079,0,17,0,2096,A
4-HA,1572,0,1,2111,0,2112,G
4-HA,1573,0,2048,0,0,2048,T
4-HA,1574,5,0,0,2054,2059,C
4-HA,1575,2004,1,3,0,2008,A
4-HA,1576,1,2,2004,0,2007,G
4-HA,1577,0,2,1995,0,1997,G
4-HA,1578,4,1,1944,0,1949,G
4-HA,1579,0,2009,0,0,2009,T
4-HA,1580,2004,1,0,0,2005,A
4-HA,1581,0,3,0,2011,2014,C
4-HA,1582,2010,0,3,0,2013,A
4-HA,1583,2009,1,1,0,2011,A
4-HA,1584,2017,0,0,0,2017,A
4-HA,1585,1,0,2016,0,2017,G
4-HA,1586,1960,0,0,0,1960,A
4-HA,1587,0,1881,0,7,1888,T
4-HA,1588,0,1863,0,2,1865,T
4-HA,1589,0,0,1861,0,1861,G
4-HA,1590,0,0,1852,0,1852,G
4-HA,1591,1852,0,0,0,1852,A
4-HA,1592,0,1851,0,1,1852,T
4-HA,1593,1,0,0,1856,1857,C
4-HA,1594,4,0,0,1809,1813,C
4-HA,1595,0,1803,0,0,1803,T
4-HA,1596,1810,0,0,1,1811,A
4-HA,1597,0,1814,0,0,1814,T
4-HA,1598,0,2,1820,0,1822,G
4-HA,1599,0,1,1819,0,1820,G
4-HA,1600,1770,0,3,0,1773,A
4-HA,1601,0,1761,1,5,1767,T
4-HA,1602,0,1742,0,2,1744,T
4-HA,1603,0,1733,0,1,1734,T
4-HA,1604,2,0,0,1716,1718,C
4-HA,1605,0,0,0,1720,1720,C
4-HA,1606,0,1705,0,0,1705,T
4-HA,1607,0,1709,0,0,1709,T
4-HA,1608,0,1706,1,1,1708,T
4-HA,1609,0,0,1703,0,1703,G
4-HA,1610,1,2,0,1703,1706,C
4-HA,1611,1,3,0,1701,1705,C
4-HA,1612,1683,0,1,0,1684,A
4-HA,1613,0,1674,0,0,1674,T
4-HA,1614,1685,0,0,0,1685,A
4-HA,1615,0,1675,1,0,1676,T
4-HA,1616,0,0,0,1664,1664,C
4-HA,1617,1655,0,1,0,1656,A
4-HA,1618,0,1635,0,1,1636,T
4-HA,1619,0,0,1644,0,1644,G
4-HA,1620,0,1635,2,0,1637,T
4-HA,1621,0,1610,0,0,1610,T
4-HA,1622,0,1619,0,0,1619,T
4-HA,1623,0,1590,0,1,1591,T
4-HA,1624,0,1593,0,0,1593,T
4-HA,1625,0,1590,0,0,1590,T
4-HA,1626,1,1,1595,0,1597,G
4-HA,1627,2,0,0,1574,1576,C
4-HA,1628,0,1539,0,3,1542,T
4-HA,1629,0,1549,0,3,1552,T
4-HA,1630,0,1547,0,0,1547,T
4-HA,1631,1,0,1570,0,1571,G
4-HA,1632,0,1560,0,2,1562,T
4-HA,1633,0,0,1573,0,1573,G
4-HA,1634,0,1569,0,2,1571,T
4-HA,1635,0,1550,0,2,1552,T
4-HA,1636,2,0,1549,0,1551,G
4-HA,1637,0,1,0,1543,1544,C
4-HA,1638,0,1546,0,0,1546,T
4-HA,1639,0,1568,0,0,1568,T
4-HA,1640,0,1455,0,0,1455,T
4-HA,1641,0,0,1469,0,1469,G
4-HA,1642,0,1464,0,0,1464,T
4-HA,1643,0,1459,0,0,1459,T
4-HA,1644,0,0,1461,0,1461,G
4-HA,1645,1,0,1417,0,1418,G
4-HA,1646,0,1,1403,0,1404,G
4-HA,1647,0,1,1419,0,1420,G
4-HA,1648,0,1364,0,3,1367,T
4-HA,1649,0,1356,0,1,1357,T
4-HA,1650,5,1,0,1333,1339,C
4-HA,1651,1322,0,0,0,1322,A
4-HA,1652,0,1318,0,1,1319,T
4-HA,1653,0,0,0,1327,1327,C
4-HA,1654,1323,0,1,0,1324,A
4-HA,1655,0,1286,0,0,1286,T
4-HA,1656,2,0,1265,0,1267,G
4-HA,1657,0,1235,0,2,1237,T
4-HA,1658,0,2,1228,0,1230,G
4-HA,1659,1,0,1181,0,1182,G
4-HA,1660,0,1,1175,0,1176,G
4-HA,1661,1,0,0,1137,1138,C
4-HA,1662,3,0,0,1112,1115,C
4-HA,1663,2,1067,1,1,1071,T
4-HA,1664,1,0,1068,0,1069,G
4-HA,1665,0,0,0,1057,1057,C
4-HA,1666,1,0,0,1062,1063,C
4-HA,1667,1072,0,1,0,1073,A
4-HA,1668,1063,0,0,0,1063,A
4-HA,1669,1063,0,0,0,1063,A
4-HA,1670,1066,0,0,0,1066,A
4-HA,1671,1068,0,1,0,1069,A
4-HA,1672,0,0,1062,0,1062,G
4-HA,1673,0,0,1021,0,1021,G
4-HA,1674,2,2,0,1006,1010,C
4-HA,1675,1004,0,1,0,1005,A
4-HA,1676,1015,0,0,0,1015,A
4-HA,1677,1,0,0,1015,1016,C
4-HA,1678,1012,0,0,0,1012,A
4-HA,1679,0,1007,0,0,1007,T
4-HA,1680,0,997,0,0,997,T
4-HA,1681,963,0,1,0,964,A
4-HA,1682,1,0,959,0,960,G
4-HA,1683,0,0,957,0,957,G
4-HA,1684,0,923,1,0,924,T
4-HA,1685,0,1,846,0,847,G
4-HA,1686,1,0,0,809,810,C
4-HA,1687,801,1,0,0,802,A
4-HA,1688,795,0,0,0,795,A
4-HA,1689,1,0,0,803,804,C
4-HA,1690,788,0,0,0,788,A
4-HA,1691,0,778,1,0,779,T
4-HA,1692,0,732,0,1,733,T
4-HA,1693,0,735,0,0,735,T
4-HA,1694,0,0,731,0,731,G
4-HA,1695,0,2,0,721,723,C
4-HA,1696,720,0,0,0,720,A
4-HA,1697,0,684,0,0,684,T
4-HA,1698,0,661,0,0,661,T
4-HA,1699,0,649,0,0,649,T
4-HA,1700,0,0,652,0,652,G
4-HA,1701,628,0,0,0,628,A
5-NP,1,688,0,0,0,688,A
5-NP,2,0,687,0,0,687,T
5-NP,3,0,0,688,0,688,G
5-NP,4,0,1,687,0,688,G
5-NP,5,0,0,0,682,682,C
5-NP,6,0,0,711,0,711,G
5-NP,7,0,748,0,0,748,T
5-NP,8,0,0,0,761,761,C
5-NP,9,0,0,0,769,769,C
5-NP,10,0,0,0,770,770,C
5-NP,11,774,0,0,0,774,A
5-NP,12,766,0,2,0,768,A
5-NP,13,0,2,777,0,779,G
5-NP,14,0,0,799,0,799,G
5-NP,15,0,0,0,809,809,C
5-NP,16,811,0,0,0,811,A
5-NP,17,0,0,0,819,819,C
5-NP,18,2,0,0,819,821,C
5-NP,19,828,0,0,0,828,A
5-NP,20,823,0,0,0,823,A
5-NP,21,825,0,0,0,825,A
5-NP,22,0,0,0,830,830,C
5-NP,23,0,0,833,0,833,G
5-NP,24,0,0,916,0,916,G
5-NP,25,0,899,0,1,900,T
5-NP,26,0,0,0,994,994,C
5-NP,27,0,984,0,1,985,T
5-NP,28,0,1003,0,0,1003,T
5-NP,29,1005,0,1,0,1006,A
5-NP,30,0,1007,1,0,1008,T
5-NP,31,0,4,1012,0,1016,G
5-NP,32,1007,1,1,0,1009,A
5-NP,33,992,0,0,0,992,A
5-NP,34,0,1,0,1003,1004,C
5-NP,35,984,0,6,0,990,A
5-NP,36,0,2,1068,0,1070,G
5-NP,37,1062,0,0,0,1062,A
5-NP,38,0,1070,0,0,1070,T
5-NP,39,3,1,1066,0,1070,G
5-NP,40,0,2,1065,0,1067,G
5-NP,41,1072,0,1,0,1073,A
5-NP,42,1080,0,1,0,1081,A
5-NP,43,1090,0,0,0,1090,A
5-NP,44,0,0,0,1120,1120,C
5-NP,45,0,1111,0,0,1111,T
5-NP,46,0,2,1119,0,1121,G
5-NP,47,1090,0,3,0,1093,A
5-NP,48,0,1115,0,0,1115,T
5-NP,49,0,3,1114,0,1117,G
5-NP,50,0,0,1109,1,1110,G
5-NP,51,0,0,1111,0,1111,G
5-NP,52,1,2,1117,0,1120,G
5-NP,53,1109,0,0,0,1109,A
5-NP,54,0,1104,0,0,1104,T
5-NP,55,1,0,0,1121,1122,C
5-NP,56,2,0,1125,0,1127,G
5-NP,57,0,0,0,1139,1139,C
5-NP,58,0,0,0,1143,1143,C
5-NP,59,1138,0,0,0,1138,A
5-NP,60,0,1,1145,0,1146,G
5-NP,61,1145,0,0,0,1145,A
5-NP,62,1168,0,0,0,1168,A
5-NP,63,0,1170,0,1,1171,T
5-NP,64,1,0,1161,0,1162,G
5-NP,65,0,0,0,1171,1171,C
5-NP,66,1166,0,0,0,1166,A
5-NP,67,1182,0,2,0,1184,A
5-NP,68,0,0,0,1188,1188,C
5-NP,69,0,1176,0,0,1176,T
5-NP,70,0,3,1193,0,1196,G
5-NP,71,1210,0,1,0,1211,A
5-NP,72,0,0,1279,0,1279,G
5-NP,73,1267,0,0,0,1267,A
5-NP,74,0,1261,0,0,1261,T
5-NP,75,0,1265,0,1,1266,T
5-NP,76,1249,0,0,0,1249,A
5-NP,77,0,2,1258,0,1260,G
5-NP,78,0,1,1262,0,1263,G
5-NP,79,2,0,1254,0,1256,G
5-NP,80,0,1,0,1240,1241,C
5-NP,81,1229,0,0,0,1229,A
5-NP,82,0,1238,0,0,1238,T
5-NP,83,0,0,0,1247,1247,C
5-NP,84,1,0,0,1240,1241,C
5-NP,85,3,0,1263,0,1266,G
5-NP,86,0,1259,0,6,1265,T
5-NP,87,2,0,0,1269,1271,C
5-NP,88,0,0,1273,0,1273,G
5-NP,89,0,1,1278,0,1279,G
5-NP,90,0,1,1288,0,1289,G
5-NP,91,1274,0,0,0,1274,A
5-NP,92,1281,0,0,0,1281,A
5-NP,93,0,2,1294,0,1296,G
5-NP,94,1275,0,0,1,1276,A
5-NP,95,0,1293,0,0,1293,T
5-NP,96,0,1,1301,0,1302,G
5-NP,97,1301,0,0,0,1301,A
5-NP,98,0,1302,0,0,1302,T
5-NP,99,0,1306,0,0,1306,T
5-NP,100,2,1,1305,0,1308,G
5-NP,101,1291,0,0,0,1291,A
5-NP,102,0,1298,0,0,1298,T
5-NP,103,0,4,1302,0,1306,G
5-NP,104,0,1,1297,0,1298,G
5-NP,105,0,1,1294,0,1295,G
5-NP,106,1358,0,0,0,1358,A
5-NP,107,0,1362,0,0,1362,T
5-NP,108,0,1362,0,1,1363,T
5-NP,109,0,1,1376,0,1377,G
5-NP,110,0,3,1373,0,1376,G
5-NP,111,0,2,1376,0,1378,G
5-NP,112,1384,0,1,0,1385,A
5-NP,113,0,2,1373,0,1375,G
5-NP,114,1351,0,0,0,1351,A
5-NP,115,0,1380,0,0,1380,T
5-NP,116,0,1377,0,0,1377,T
5-NP,117,3,0,0,1379,1382,C
5-NP,118,0,1368,0,0,1368,T
5-NP,119,1390,0,1,0,1391,A
5-NP,120,0,0,0,1397,1397,C
5-NP,121,1437,0,1,0,1438,A
5-NP,122,0,1452,0,0,1452,T
5-NP,123,0,0,0,1440,1440,C
5-NP,124,0,1,0,1437,1438,C
5-NP,125,1443,0,0,0,1443,A
5-NP,126,1468,0,0,0,1468,A
5-NP,127,1466,0,0,0,1466,A
5-NP,128,0,1462,0,0,1462,T
5-NP,129,0,0,1463,0,1463,G
5-NP,130,0,1421,0,0,1421,T
5-NP,131,1,0,1446,0,1447,G
5-NP,132,0,0,0,1443,1443,C
5-NP,133,1446,1,0,0,1447,A
5-NP,134,5,1,0,1441,1447,C
5-NP,135,0,1434,0,1,1435,T
5-NP,136,0,2,1507,0,1509,G
5-NP,137,1527,0,0,0,1527,A
5-NP,138,1545,0,3,0,1548,A
5-NP,139,0,0,0,1577,1577,C
5-NP,140,0,1576,1,0,1577,T
5-NP,141,0,1582,0,0,1582,T
5-NP,142,1576,0,0,0,1576,A
5-NP,143,1580,0,0,1,1581,A
5-NP,144,1578,0,0,0,1578,A
5-NP,145,0,1,0,1588,1589,C
5-NP,146,0,1546,0,1,1547,T
5-NP,147,1,0,0,1555,1556,C
5-NP,148,1544,0,0,0,1544,A
5-NP,149,0,0,1572,0,1572,G
5-NP,150,0,1563,0,0,1563,T
5-NP,151,0,1,1591,0,1592,G
5-NP,152,1620,0,0,0,1620,A
5-NP,153,0,1631,0,0,1631,T
5-NP,154,12,0,0,1638,1650,C
5-NP,155,1650,0,1,0,1651,A
5-NP,156,1,1644,0,1,1646,T
5-NP,157,0,1,1647,0,1648,G
5-NP,158,1632,0,0,0,1632,A
5-NP,159,1613,0,8,0,1621,A
5-NP,160,4,2,1628,0,1634,G
5-NP,161,0,0,1619,0,1619,G
5-NP,162,0,0,1613,0,1613,G
5-NP,163,0,0,0,1607,1607,C
5-NP,164,0,2,1605,0,1607,G
5-NP,165,0,0,1619,0,1619,G
5-NP,166,0,1602,0,0,1602,T
5-NP,167,0,1610,0,1,1611,T
5-NP,168,0,3,1612,0,1615,G
5-NP,169,1772,0,1,0,1773,A
5-NP,170,0,1774,0,0,1774,T
5-NP,171,5,0,0,1776,1781,C
5-NP,172,1,0,0,1780,1781,C
5-NP,173,1767,0,1,0,1768,A
5-NP,174,0,3,1771,0,1774,G
5-NP,175,1769,0,1,0,1770,A
5-NP,176,1778,0,0,0,1778,A
5-NP,177,0,0,0,1798,1798,C
5-NP,178,1692,0,0,0,1692,A
5-NP,179,0,0,1721,0,1721,G
5-NP,180,0,0,0,1725,1725,C
5-NP,181,0,1723,0,0,1723,T
5-NP,182,0,1736,0,0,1736,T
5-NP,183,1,4,1726,0,1731,G
5-NP,184,1741,0,5,0,1746,A
5-NP,185,1,1,0,1758,1760,C
5-NP,186,1747,0,0,0,1747,A
5-NP,187,1754,0,0,0,1754,A
5-NP,188,0,1741,0,2,1743,T
5-NP,189,1744,0,0,0,1744,A
5-NP,190,0,3,1754,0,1757,G
5-NP,191,1743,0,2,0,1745,A
5-NP,192,1,1,1749,0,1751,G
5-NP,193,1744,0,1,0,1745,A
5-NP,194,1765,0,1,0,1766,A
5-NP,195,1765,0,0,0,1765,A
5-NP,196,1788,0,0,0,1788,A
5-NP,197,1,1798,0,0,1799,T
5-NP,198,1,3,1788,0,1792,G
5-NP,199,0,1,1791,0,1792,G
5-NP,200,0,1773,0,0,1773,T
5-NP,201,1768,0,1,0,1769,A
5-NP,202,0,0,0,1782,1782,C
5-NP,203,0,1775,1,1,1777,T
5-NP,204,7,0,0,1792,1799,C
5-NP,205,0,1772,0,0,1772,T
5-NP,206,0,0,0,1798,1798,C
5-NP,207,0,3,1784,0,1787,G
5-NP,208,0,0,1792,0,1792,G
5-NP,209,0,0,0,1792,1792,C
5-NP,210,0,1798,0,0,1798,T
5-NP,211,1,1792,0,1,1794,T
5-NP,212,0,1792,0,0,1792,T
5-NP,213,0,1799,0,2,1801,T
5-NP,214,0,1,1801,0,1802,G
5-NP,215,1795,0,0,0,1795,A
5-NP,216,0,1795,0,1,1796,T
5-NP,217,0,2,1801,0,1803,G
5-NP,218,1794,0,1,0,1795,A
5-NP,219,1798,0,0,0,1798,A
5-NP,220,1793,0,0,0,1793,A
5-NP,221,0,1,1806,0,1807,G
5-NP,222,1804,0,1,0,1805,A
5-NP,223,1797,0,1,0,1798,A
5-NP,224,0,0,1815,0,1815,G
5-NP,225,0,1,1860,0,1861,G
5-NP,226,1862,0,1,0,1863,A
5-NP,227,1879,0,1,0,1880,A
5-NP,228,0,1876,0,1,1877,T
5-NP,229,1882,0,0,0,1882,A
5-NP,230,1876,0,2,0,1878,A
5-NP,231,1886,0,0,0,1886,A
5-NP,232,0,1866,0,0,1866,T
5-NP,233,1882,0,0,0,1882,A
5-NP,234,0,0,0,1892,1892,C
5-NP,235,1,0,0,1874,1875,C
5-NP,236,0,1863,1,1,1865,T
5-NP,237,0,0,1882,0,1882,G
5-NP,238,0,1,1898,0,1899,G
5-NP,239,1905,0,1,0,1906,A
5-NP,240,1896,0,0,0,1896,A
5-NP,241,1,0,1914,0,1915,G
5-NP,242,1915,0,2,0,1917,A
5-NP,243,1914,0,0,0,1914,A
5-NP,244,0,0,0,1903,1903,C
5-NP,245,1902,0,2,0,1904,A
5-NP,246,0,0,0,1951,1951,C
5-NP,247,2,1,0,1933,1936,C
5-NP,248,1,2,0,1922,1925,C
5-NP,249,1,0,0,1944,1945,C
5-NP,250,1920,0,2,0,1922,A
5-NP,251,0,0,1913,0,1913,G
5-NP,252,0,0,0,1910,1910,C
5-NP,253,0,0,1912,0,1912,G
5-NP,254,0,1,0,1917,1918,C
5-NP,255,1,3,1895,0,1899,G
5-NP,256,1,0,1912,0,1913,G
5-NP,257,0,0,1915,0,1915,G
5-NP,258,0,0,1917,0,1917,G
5-NP,259,1908,0,2,0,1910,A
5-NP,260,1922,0,0,1,1923,A
5-NP,261,1916,0,4,0,1920,A
5-NP,262,0,1,1908,0,1909,G
5-NP,263,1903,0,1,0,1904,A
5-NP,264,0,1875,0,0,1875,T
5-NP,265,0,2,0,1879,1881,C
5-NP,266,3,1,0,1875,1879,C
5-NP,267,2,1,0,1885,1888,C
5-NP,268,1893,0,2,1,1896,A
5-NP,269,1895,0,0,0,1895,A
5-NP,270,1,1,1902,0,1904,G
5-NP,271,1894,0,0,0,1894,A
5-NP,272,1897,0,0,0,1897,A
5-NP,273,1896,0,0,0,1896,A
5-NP,274,1892,0,2,0,1894,A
5-NP,275,0,0,0,1896,1896,C
5-NP,276,0,1878,0,0,1878,T
5-NP,277,0,1,1883,0,1884,G
5-NP,278,1,2,1877,1,1881,G
5-NP,279,0,2,1875,0,1877,G
5-NP,280,0,3,1879,0,1882,G
5-NP,281,0,0,1891,1,1892,G
5-NP,282,1,0,1923,0,1924,G
5-NP,283,0,1,0,2052,2053,C
5-NP,284,2,1,0,2046,2049,C
5-NP,285,2,0,0,2069,2071,C
5-NP,286,2335,1,0,0,2336,A
5-NP,287,0,2347,0,0,2347,T
5-NP,288,2486,0,0,1,2487,A
5-NP,289,0,2482,0,0,2482,T
5-NP,290,2456,0,1,0,2457,A
5-NP,291,0,0,0,2488,2488,C
5-NP,292,2282,2,1,0,2285,A
5-NP,293,0,2,2325,0,2327,G
5-NP,294,0,2,2309,0,2311,G
5-NP,295,2078,0,1,0,2079,A
5-NP,296,0,2,2117,0,2119,G
5-NP,297,2002,3,0,0,2005,A
5-NP,298,0,0,2046,0,2046,G
5-NP,299,0,2019,0,0,2019,T
5-NP,300,2028,0,0,0,2028,A
5-NP,301,0,0,2043,0,2043,G
5-NP,302,2007,0,0,0,2007,A
5-NP,303,1,2008,0,0,2009,T
5-NP,304,0,1,2023,0,2024,G
5-NP,305,6,2,2025,0,2033,G
5-NP,306,2019,0,0,0,2019,A
5-NP,307,2025,0,0,0,2025,A
5-NP,308,2014,0,0,0,2014,A
5-NP,309,2021,0,0,0,2021,A
5-NP,310,1,2017,0,0,2018,T
5-NP,311,3,3,2033,0,2039,G
5-NP,312,0,2,2033,0,2035,G
5-NP,313,2036,0,1,0,2037,A
5-NP,314,0,2018,0,0,2018,T
5-NP,315,1,1,2016,0,2018,G
5-NP,316,2008,0,2,0,2010,A
5-NP,317,0,2,2015,0,2017,G
5-NP,318,0,2,2011,0,2013,G
5-NP,319,1,4,2008,0,2013,G
5-NP,320,2028,0,0,0,2028,A
5-NP,321,2034,0,1,0,2035,A
5-NP,322,0,1,0,2077,2078,C
5-NP,323,0,2041,0,2,2043,T
5-NP,324,1,0,0,2093,2094,C
5-NP,325,0,0,2101,0,2101,G
5-NP,326,0,2109,0,1,2110,T
5-NP,327,4,1,0,2124,2129,C
5-NP,328,2,0,0,2276,2278,C
5-NP,329,0,2285,1,0,2286,T
5-NP,330,0,2306,0,0,2306,T
5-NP,331,0,2307,0,1,2308,T
5-NP,332,2312,0,1,0,2313,A
5-NP,333,0,2307,0,0,2307,T
5-NP,334,0,3,2301,0,2304,G
5-NP,335,2306,1,2,0,2309,A
5-NP,336,0,0,0,2314,2314,C
5-NP,337,2272,0,0,0,2272,A
5-NP,338,2276,0,0,0,2276,A
5-NP,339,2292,0,0,1,2293,A
5-NP,340,0,2,2413,0,2415,G
5-NP,341,2401,0,0,0,2401,A
5-NP,342,2408,0,1,1,2410,A
5-NP,343,1,2,2515,0,2518,G
5-NP,344,2521,0,0,1,2522,A
5-NP,345,2536,1,1,0,2538,A
5-NP,346,2536,0,0,0,2536,A
5-NP,347,0,2527,0,1,2528,T
5-NP,348,2530,0,0,0,2530,A
5-NP,349,2510,0,1,1,2512,A
5-NP,350,1,1,2536,0,2538,G
5-NP,351,1,0,2512,0,2513,G
5-NP,352,1,1,0,2510,2512,C
5-NP,353,1,6,2514,0,2521,G
5-NP,354,2531,0,0,0,2531,A
5-NP,355,2560,0,0,0,2560,A
5-NP,356,0,2563,0,2,2565,T
5-NP,357,2,1,0,2569,2572,C
5-NP,358,0,2567,1,2,2570,T
5-NP,359,0,4,2555,0,2559,G
5-NP,360,0,0,2560,0,2560,G
5-NP,361,0,1,0,2559,2560,C
5-NP,362,1,1,2564,0,2566,G
5-NP,363,0,0,0,2563,2563,C
5-NP,364,3,0,0,2557,2560,C
5-NP,365,2573,0,0,1,2574,A
5-NP,366,2599,0,1,2,2602,A
5-NP,367,0,1,2686,0,2687,G
5-NP,368,2,0,0,2667,2669,C
5-NP,369,1,0,0,2728,2729,C
5-NP,370,2726,0,4,0,2730,A
5-NP,371,2766,2,1,1,2770,A
5-NP,372,1,0,0,2832,2833,C
5-NP,373,2828,0,0,1,2829,A
5-NP,374,2885,0,1,1,2887,A
5-NP,375,0,2877,0,2,2879,T
5-NP,376,1,6,2933,0,2940,G
5-NP,377,1,1,2946,0,2948,G
5-NP,378,1,2891,0,1,2893,T
5-NP,379,4,1,2909,0,2914,G
5-NP,380,2897,0,4,1,2902,A
5-NP,381,0,3,2958,0,2961,G
5-NP,382,0,3,2965,0,2968,G
5-NP,383,2989,0,0,2,2991,A
5-NP,384,1,3302,0,1,3304,T
5-NP,385,1,2,3334,0,3337,G
5-NP,386,0,2,0,3363,3365,C
5-NP,387,0,3367,0,4,3371,T
5-NP,388,3394,0,0,1,3395,A
5-NP,389,1,0,0,3463,3464,C
5-NP,390,3447,0,1,1,3449,A
5-NP,391,0,3444,0,0,3444,T
5-NP,392,0,0,0,3428,3428,C
5-NP,393,0,3296,0,0,3296,T
5-NP,394,0,4,3456,1,3461,G
5-NP,395,0,0,3513,0,3513,G
5-NP,396,3,3504,0,6,3513,T
5-NP,397,8,0,0,3525,3533,C
5-NP,398,0,3494,0,3,3497,T
5-NP,399,3550,1,0,1,3552,A
5-NP,400,3560,0,1,1,3562,A
5-NP,401,0,0,0,3592,3592,C
5-NP,402,1,3585,0,2,3588,T
5-NP,403,6,0,0,3624,3630,C
5-NP,404,3585,1,0,1,3587,A
5-NP,405,0,4,0,3758,3762,C
5-NP,406,3752,0,0,1,3753,A
5-NP,407,1,3779,0,0,3780,T
5-NP,408,3744,0,1,0,3745,A
5-NP,409,3754,0,0,0,3754,A
5-NP,410,1,3763,0,0,3764,T
5-NP,411,1,9,3802,0,3812,G
5-NP,412,3791,0,0,0,3791,A
5-NP,413,0,3747,0,2,3749,T
5-NP,414,0,3699,0,1,3700,T
5-NP,415,0,3712,0,0,3712,T
5-NP,416,0,6,3687,0,3693,G
5-NP,417,0,1,3683,0,3684,G
5-NP,418,0,2,0,3689,3691,C
5-NP,419,3682,0,1,0,3683,A
5-NP,420,0,3703,0,0,3703,T
5-NP,421,0,3703,0,1,3704,T
5-NP,422,1,0,0,3695,3696,C
5-NP,423,3,0,0,3706,3709,C
5-NP,424,3782,0,0,0,3782,A
5-NP,425,3776,0,2,0,3778,A
5-NP,426,0,3778,0,0,3778,T
5-NP,427,0,3777,0,0,3777,T
5-NP,428,0,3768,0,1,3769,T
5-NP,429,0,6,3813,0,3819,G
5-NP,430,3798,0,1,0,3799,A
5-NP,431,3807,1,1,0,3809,A
5-NP,432,0,3836,0,0,3836,T
5-NP,433,0,4,3801,0,3805,G
5-NP,434,3975,0,4,1,3980,A
5-NP,435,0,3989,0,2,3991,T
5-NP,436,1,1,4000,0,4002,G
5-NP,437,2,0,0,4120,4122,C
5-NP,438,4117,0,0,0,4117,A
5-NP,439,4272,1,4,0,4277,A
5-NP,440,0,1,0,4300,4301,C
5-NP,441,4354,0,0,0,4354,A
5-NP,442,0,4439,0,1,4440,T
5-NP,443,4350,0,0,1,4351,A
5-NP,444,1,1,0,4439,4441,C
5-NP,445,6,1,0,4433,4440,C
5-NP,446,4347,0,3,1,4351,A
5-NP,447,1,3,4403,0,4407,G
5-NP,448,4291,0,0,0,4291,A
5-NP,449,0,7,4387,0,4394,G
5-NP,450,0,7,4347,0,4354,G
5-NP,451,4332,1,0,0,4333,A
5-NP,452,0,0,0,4384,4384,C
5-NP,453,4342,0,0,0,4342,A
5-NP,454,4338,1,3,2,4344,A
5-NP,455,0,8,4345,0,4353,G
5-NP,456,4302,1,4,0,4307,A
5-NP,457,1,1,4336,0,4338,G
5-NP,458,1,0,0,4303,4304,C
5-NP,459,0,4291,0,8,4299,T
5-NP,460,8,1,0,4315,4324,C
5-NP,461,0,4311,0,4,4315,T
5-NP,462,0,4331,0,1,4332,T
5-NP,463,0,1,4354,0,4355,G
5-NP,464,0,4330,1,0,4331,T
5-NP,465,1,4342,0,0,4343,T
5-NP,466,9,2,0,4317,4328,C
5-NP,467,3,14,4303,0,4320,G
5-NP,468,4377,0,1,1,4379,A
5-NP,469,4377,0,0,1,4378,A
5-NP,470,0,1,0,4438,4439,C
5-NP,471,0,4422,0,3,4425,T
5-NP,472,0,1,4459,0,4460,G
5-NP,473,0,3,4478,2,4483,G
5-NP,474,4481,0,1,0,4482,A
5-NP,475,4487,1,5,1,4494,A
5-NP,476,0,4464,0,1,4465,T
5-NP,477,1,1,4480,0,4482,G
5-NP,478,0,3,4484,1,4488,G
5-NP,479,4500,1,2,0,4503,A
5-NP,480,0,4537,0,3,4540,T
5-NP,481,3,0,0,4545,4548,C
5-NP,482,2,0,0,4548,4550,C
5-NP,483,3,2,0,4580,4585,C
5-NP,484,4614,1,1,1,4617,A
5-NP,485,1,6,4664,0,4671,G
5-NP,486,4671,1,0,1,4673,A
5-NP,487,4653,0,0,0,4653,A
5-NP,488,0,4615,0,0,4615,T
5-NP,489,2,0,4654,0,4656,G
5-NP,490,0,4605,0,1,4606,T
5-NP,491,1,1,4653,0,4655,G
5-NP,492,1,1,0,4642,4644,C
5-NP,493,2,4614,0,4,4620,T
5-NP,494,5,1,0,4867,4873,C
5-NP,495,0,4838,1,4,4843,T
5-NP,496,4,0,0,5042,5046,C
5-NP,497,0,5055,0,2,5057,T
5-NP,498,0,5,5061,0,5066,G
5-NP,499,5071,0,1,1,5073,A
5-NP,500,0,5065,0,0,5065,T
5-NP,501,1,0,5067,0,5068,G
5-NP,502,1,1,0,5069,5071,C
5-NP,503,4910,1,5,0,4916,A
5-NP,504,3,4,5003,0,5010,G
5-NP,505,0,6,4906,0,4912,G
5-NP,506,1,0,4925,0,4926,G
5-NP,507,2,0,0,4933,4935,C
5-NP,508,0,4912,0,3,4915,T
5-NP,509,9,0,0,4950,4959,C
5-NP,510,0,14,4944,1,4959,G
5-NP,511,5029,0,3,1,5033,A
5-NP,512,0,0,0,5045,5045,C
5-NP,513,0,4968,0,3,4971,T
5-NP,514,2,0,0,5204,5206,C
5-NP,515,2,5170,0,3,5175,T
5-NP,516,6,0,0,5883,5889,C
5-NP,517,1,1,0,5899,5901,C
5-NP,518,4,0,0,5910,5914,C
5-NP,519,1,5905,0,4,5910,T
5-NP,520,5864,0,1,0,5865,A
5-NP,521,0,5,5869,0,5874,G
5-NP,522,5824,0,0,1,5825,A
5-NP,523,5656,0,3,1,5660,A
5-NP,524,1,3,5686,0,5690,G
5-NP,525,1,1,5521,0,5523,G
5-NP,526,0,5393,0,0,5393,T
5-NP,527,11,0,0,5447,5458,C
5-NP,528,8,9,0,5455,5472,C
5-NP,529,3,2,5472,0,5477,G
5-NP,530,1,2,5494,0,5497,G
5-NP,531,5484,3,5,0,5492,A
5-NP,532,3,0,5570,0,5573,G
5-NP,533,0,0,0,5583,5583,C
5-NP,534,1,5520,0,5,5526,T
5-NP,535,0,0,5551,0,5551,G
5-NP,536,2,4,0,5562,5568,C
5-NP,537,5539,0,8,1,5548,A
5-NP,538,0,4,5568,0,5572,G
5-NP,539,0,4,5568,0,5572,G
5-NP,540,0,5509,0,0,5509,T
5-NP,541,1,4,5528,0,5533,G
5-NP,542,0,1,0,5539,5540,C
5-NP,543,1,5531,0,3,5535,T
5-NP,544,3,1,5562,0,5566,G
5-NP,545,0,4,0,5548,5552,C
5-NP,546,5610,0,3,0,5613,A
5-NP,547,0,2,5712,0,5714,G
5-NP,548,1,5660,0,1,5662,T
5-NP,549,14,0,0,5688,5702,C
5-NP,550,5695,0,0,0,5695,A
5-NP,551,5669,1,0,0,5670,A
5-NP,552,5678,0,8,0,5686,A
5-NP,553,0,4,5721,0,5725,G
5-NP,554,1,4,5715,0,5720,G
5-NP,555,5682,0,2,0,5684,A
5-NP,556,5672,1,1,0,5674,A
5-NP,557,0,5665,1,2,5668,T
5-NP,558,5,1,0,5675,5681,C
5-NP,559,1,2,5671,0,5674,G
5-NP,560,0,6,5797,0,5803,G
5-NP,561,0,4,5799,0,5803,G
5-NP,562,5794,0,4,0,5798,A
5-NP,563,0,1,0,5838,5839,C
5-NP,564,5765,0,0,0,5765,A
5-NP,565,5862,1,10,0,5873,A
5-NP,566,0,5909,1,0,5910,T
5-NP,567,0,7,5934,0,5941,G
5-NP,568,0,1,5994,0,5995,G
5-NP,569,0,5822,0,0,5822,T
5-NP,570,0,10,5902,0,5912,G
5-NP,571,5882,1,9,0,5892,A
5-NP,572,0,5894,1,1,5896,T
5-NP,573,2,4,5902,0,5908,G
5-NP,574,1,12,5976,0,5989,G
5-NP,575,5958,0,2,0,5960,A
5-NP,576,5990,0,4,0,5994,A
5-NP,577,2,0,0,5940,5942,C
5-NP,578,0,5884,1,1,5886,T
5-NP,579,5875,0,2,0,5877,A
5-NP,580,6129,0,2,0,6131,A
5-NP,581,0,6142,2,0,6144,T
5-NP,582,7,1,0,6161,6169,C
5-NP,583,5975,0,3,1,5979,A
5-NP,584,1,6,6094,0,6101,G
5-NP,585,6046,0,2,0,6048,A
5-NP,586,6050,1,1,0,6052,A
5-NP,587,0,6080,1,0,6081,T
5-NP,588,0,1,5981,0,5982,G
5-NP,589,0,1,6038,0,6039,G
5-NP,590,1,6016,2,5,6024,T
5-NP,591,11,0,0,6045,6056,C
5-NP,592,6066,0,1,0,6067,A
5-NP,593,6031,0,3,0,6034,A
5-NP,594,6047,1,4,0,6052,A
5-NP,595,2,4,0,6063,6069,C
5-NP,596,0,5,6056,0,6061,G
5-NP,597,1,6,6057,0,6064,G
5-NP,598,0,9,5997,0,6006,G
5-NP,599,3,3,6030,0,6036,G
5-NP,600,3,6,6038,0,6047,G
5-NP,601,6036,0,6,0,6042,A
5-NP,602,0,5984,1,2,5987,T
5-NP,603,7,0,0,6030,6037,C
5-NP,604,6054,0,4,0,6058,A
5-NP,605,6032,0,6,0,6038,A
5-NP,606,0,3,0,6005,6008,C
5-NP,607,1,5,5968,0,5974,G
5-NP,608,5947,2,1,0,5950,A
5-NP,609,2,5928,1,0,5931,T
5-NP,610,9,1,0,5941,5951,C
5-NP,611,0,3,5964,1,5968,G
5-NP,612,5917,0,14,0,5931,A
5-NP,613,5954,0,2,0,5956,A
5-NP,614,5941,0,2,0,5943,A
5-NP,615,0,6022,0,1,6023,T
5-NP,616,0,6018,1,0,6019,T
5-NP,617,0,6019,1,0,6020,T
5-NP,618,1,6033,1,0,6035,T
5-NP,619,0,6043,1,2,6046,T
5-NP,620,0,9,6035,0,6044,G
5-NP,621,0,8,6037,0,6045,G
5-NP,622,5986,0,7,0,5993,A
5-NP,623,5,3,6041,0,6049,G
5-NP,624,5939,1,1,0,5941,A
5-NP,625,1,4,6200,0,6205,G
5-NP,626,1,1,6221,0,6223,G
5-NP,627,0,6146,0,4,6150,T
5-NP,628,0,10,6204,0,6214,G
5-NP,629,6204,0,7,0,6211,A
5-NP,630,0,5,6260,0,6265,G
5-NP,631,6261,0,4,0,6265,A
5-NP,632,6242,0,1,0,6243,A
5-NP,633,1,6250,1,0,6252,T
5-NP,634,1,4,6051,0,6056,G
5-NP,635,0,6,6025,0,6031,G
5-NP,636,5947,0,15,0,5962,A
5-NP,637,0,6,0,5964,5970,C
5-NP,638,5,2,5994,0,6001,G
5-NP,639,3,3,6070,0,6076,G
5-NP,640,6061,0,0,0,6061,A
5-NP,641,6059,0,2,0,6061,A
5-NP,642,6150,0,2,0,6152,A
5-NP,643,6162,0,5,1,6168,A
5-NP,644,0,1,0,6218,6219,C
5-NP,645,6210,0,1,0,6211,A
5-NP,646,6186,1,1,0,6188,A
5-NP,647,0,4,6199,0,6203,G
5-NP,648,5975,0,7,0,5982,A
5-NP,649,6017,0,0,0,6017,A
5-NP,650,0,1,6117,0,6118,G
5-NP,651,0,6054,0,0,6054,T
5-NP,652,3,1,6349,0,6353,G
5-NP,653,2,1,0,6284,6287,C
5-NP,654,1,6322,1,4,6328,T
5-NP,655,0,6352,0,1,6353,T
5-NP,656,6404,0,1,0,6405,A
5-NP,657,0,6425,0,1,6426,T
5-NP,658,1,4,6448,0,6453,G
5-NP,659,6322,0,5,0,6327,A
5-NP,660,1,4,6357,0,6362,G
5-NP,661,6031,1,3,0,6035,A
5-NP,662,0,14,6055,0,6069,G
5-NP,663,6053,0,2,1,6056,A
5-NP,664,6112,0,0,0,6112,A
5-NP,665,0,6049,0,1,6050,T
5-NP,666,0,0,6147,0,6147,G
5-NP,667,0,6072,0,2,6074,T
5-NP,668,3,0,6136,0,6139,G
5-NP,669,1,2,0,6124,6127,C
5-NP,670,6096,1,2,0,6099,A
5-NP,671,6107,0,4,1,6112,A
5-NP,672,1,0,0,6106,6107,C
5-NP,673,6065,0,2,0,6067,A
5-NP,674,0,6052,0,0,6052,T
5-NP,675,2,6009,0,2,6013,T
5-NP,676,3,0,0,6011,6014,C
5-NP,677,0,6010,0,1,6011,T
5-NP,678,0,6020,0,0,6020,T
5-NP,679,6017,1,0,0,6018,A
5-NP,680,5993,0,1,0,5994,A
5-NP,681,5989,0,2,0,5991,A
5-NP,682,0,4,5990,0,5994,G
5-NP,683,0,5,5962,0,5967,G
5-NP,684,5945,2,0,0,5947,A
5-NP,685,5940,0,1,0,5941,A
5-NP,686,5942,0,0,1,5943,A
5-NP,687,6005,1,0,0,6006,A
5-NP,688,0,5982,0,1,5983,T
5-NP,689,0,5975,0,1,5976,T
5-NP,690,1,5971,0,0,5972,T
5-NP,691,6,1,1,5972,5980,C
5-NP,692,5997,0,3,0,6000,A
5-NP,693,5987,0,2,0,5989,A
5-NP,694,5988,0,2,0,5990,A
5-NP,695,0,0,0,6065,6065,C
5-NP,696,5983,0,0,0,5983,A
5-NP,697,1,2,6085,0,6088,G
5-NP,698,1,1,0,6077,6079,C
5-NP,699,0,6056,0,5,6061,T
5-NP,700,2,0,6201,0,6203,G
5-NP,701,3,3,0,6178,6184,C
5-NP,702,6217,3,6,0,6226,A
5-NP,703,2,1,0,6233,6236,C
5-NP,704,6204,0,2,0,6206,A
5-NP,705,6208,0,2,0,6210,A
5-NP,706,6077,1,6,0,6084,A
5-NP,707,1,3,6266,0,6270,G
5-NP,708,6260,1,4,0,6265,A
5-NP,709,0,1,6241,1,6243,G
5-NP,710,1,1,0,6227,6229,C
5-NP,711,6204,0,3,0,6207,A
5-NP,712,6385,0,2,0,6387,A
5-NP,713,1,6397,0,1,6399,T
5-NP,714,0,8,6398,0,6406,G
5-NP,715,1,3,6421,0,6425,G
5-NP,716,0,6212,0,9,6221,T
5-NP,717,1,8,6256,0,6265,G
5-NP,718,0,6,6293,0,6299,G
5-NP,719,6298,1,1,0,6300,A
5-NP,720,2,6282,0,2,6286,T
5-NP,721,9,1,0,6104,6114,C
5-NP,722,6131,1,3,0,6135,A
5-NP,723,6189,0,3,0,6192,A
5-NP,724,17,0,6220,0,6237,G
5-NP,725,1,6166,0,0,6167,T
5-NP,726,0,3,6185,1,6189,G
5-NP,727,6108,0,5,0,6113,A
5-NP,728,4,4,6120,0,6128,G
5-NP,729,6138,1,9,1,6149,A
5-NP,730,0,3,6143,0,6146,G
5-NP,731,6089,0,4,0,6093,A
5-NP,732,5971,0,2,0,5973,A
5-NP,733,5994,0,4,1,5999,A
5-NP,734,0,0,6011,0,6011,G
5-NP,735,0,5933,0,2,5935,T
5-NP,736,13,7,0,5973,5993,C
5-NP,737,8,3,5948,0,5959,G
5-NP,738,4,6,5959,1,5970,G
5-NP,739,5999,0,0,0,5999,A
5-NP,740,5978,2,0,0,5980,A
5-NP,741,2,1,0,6050,6053,C
5-NP,742,5,0,0,6001,6006,C
5-NP,743,6,1,0,6007,6014,C
5-NP,744,5985,0,4,0,5989,A
5-NP,745,0,3,6025,0,6028,G
5-NP,746,1,3,6015,0,6019,G
5-NP,747,6008,0,1,0,6009,A
5-NP,748,5999,0,2,0,6001,A
5-NP,749,5946,0,1,1,5948,A
5-NP,750,1,2,0,5984,5987,C
5-NP,751,0,0,5979,0,5979,G
5-NP,752,1,1,0,5975,5977,C
5-NP,753,0,5955,0,2,5957,T
5-NP,754,1,6,5979,0,5986,G
5-NP,755,5953,2,3,0,5958,A
5-NP,756,0,4,6047,0,6051,G
5-NP,757,6088,0,0,0,6088,A
5-NP,758,0,6054,0,0,6054,T
5-NP,759,11,0,0,6002,6013,C
5-NP,760,4,8,6021,0,6033,G
5-NP,761,6015,0,0,0,6015,A
5-NP,762,6010,0,2,0,6012,A
5-NP,763,0,8,5984,0,5992,G
5-NP,764,5895,0,7,0,5902,A
5-NP,765,0,2,0,5814,5816,C
5-NP,766,5,0,1,6001,6007,C
5-NP,767,2,6019,0,12,6033,T
5-NP,768,2,2,0,6058,6062,C
5-NP,769,6065,6,3,0,6074,A
5-NP,770,1,6085,0,0,6086,T
5-NP,771,6102,0,0,0,6102,A
5-NP,772,0,6098,0,1,6099,T
5-NP,773,1,6068,0,0,6069,T
5-NP,774,0,5958,0,0,5958,T
5-NP,775,0,5918,0,1,5919,T
5-NP,776,1,5903,0,1,5905,T
5-NP,777,5906,0,8,0,5914,A
5-NP,778,0,2,5907,0,5909,G
5-NP,779,0,0,0,5907,5907,C
5-NP,780,5899,0,2,0,5901,A
5-NP,781,5882,0,2,0,5884,A
5-NP,782,0,3,6038,0,6041,G
5-NP,783,6029,0,1,0,6030,A
5-NP,784,0,6019,0,1,6020,T
5-NP,785,2,1,0,6084,6087,C
5-NP,786,0,6049,1,8,6058,T
5-NP,787,1,1,6219,0,6221,G
5-NP,788,1,2,0,6247,6250,C
5-NP,789,6246,0,1,0,6247,A
5-NP,790,0,6309,0,3,6312,T
5-NP,791,0,6099,0,0,6099,T
5-NP,792,2,4,6433,0,6439,G
5-NP,793,6578,0,3,0,6581,A
5-NP,794,1,6561,0,6,6568,T
5-NP,795,6593,1,0,0,6594,A
5-NP,796,0,6448,0,0,6448,T
5-NP,797,1,6416,0,2,6419,T
5-NP,798,0,9,6460,0,6469,G
5-NP,799,6379,1,0,0,6380,A
5-NP,800,0,3,6419,0,6422,G
5-NP,801,6138,0,7,0,6145,A
5-NP,802,2,8,6029,0,6039,G
5-NP,803,0,5,6095,0,6100,G
5-NP,804,6075,0,2,0,6077,A
5-NP,805,1,6030,0,1,6032,T
5-NP,806,8,1,0,6091,6100,C
5-NP,807,6070,0,0,0,6070,A
5-NP,808,1,1,6112,0,6114,G
5-NP,809,0,6077,0,1,6078,T
5-NP,810,0,6040,0,0,6040,T
5-NP,811,0,0,6041,0,6041,G
5-NP,812,0,3,0,5956,5959,C
5-NP,813,0,5965,1,10,5976,T
5-NP,814,17,5,0,5985,6007,C
5-NP,815,5998,0,7,0,6005,A
5-NP,816,0,0,1,6027,6028,C
5-NP,817,6032,0,0,0,6032,A
5-NP,818,6067,0,3,0,6070,A
5-NP,819,6059,0,0,0,6059,A
5-NP,820,0,5990,0,1,5991,T
5-NP,821,5,0,0,6054,6059,C
5-NP,822,0,6052,0,2,6054,T
5-NP,823,1,6029,0,2,6032,T
5-NP,824,0,3,6061,0,6064,G
5-NP,825,1,2,0,6036,6039,C
5-NP,826,4,12,0,6091,6107,C
5-NP,827,0,6099,0,1,6100,T
5-NP,828,6048,1,0,0,6049,A
5-NP,829,0,1,0,6133,6134,C
5-NP,830,0,0,6,6146,6152,C
5-NP,831,0,6111,0,1,6112,T
5-NP,832,2,2,6219,0,6223,G
5-NP,833,2,0,0,6160,6162,C
5-NP,834,5,0,1,6189,6195,C
5-NP,835,1,6098,1,3,6103,T
5-NP,836,0,1,6186,0,6187,G
5-NP,837,0,6102,1,2,6105,T
5-NP,838,0,3,6198,0,6201,G
5-NP,839,2,3,1,6238,6244,C
5-NP,840,3,0,6347,0,6350,G
5-NP,841,0,6225,0,3,6228,T
5-NP,842,6212,0,6,0,6218,A
5-NP,843,0,6193,0,1,6194,T
5-NP,844,2,10,6200,0,6212,G
5-NP,845,1,14,6425,1,6441,G
5-NP,846,6375,0,3,0,6378,A
5-NP,847,0,0,0,6310,6310,C
5-NP,848,3,0,0,6318,6321,C
5-NP,849,1,6208,0,11,6220,T
5-NP,850,0,1,6478,0,6479,G
5-NP,851,0,1,0,6488,6489,C
5-NP,852,6508,0,5,1,6514,A
5-NP,853,1,0,6597,0,6598,G
5-NP,854,0,6255,0,1,6256,T
5-NP,855,6479,0,0,0,6479,A
5-NP,856,1,6444,1,1,6447,T
5-NP,857,4,0,0,6425,6429,C
5-NP,858,5,0,0,6432,6437,C
5-NP,859,6153,0,0,0,6153,A
5-NP,860,1,0,6194,0,6195,G
5-NP,861,1,6150,0,2,6153,T
5-NP,862,0,7,6205,0,6212,G
5-NP,863,1,8,6165,0,6174,G
5-NP,864,1,3,6069,0,6073,G
5-NP,865,0,6055,0,3,6058,T
5-NP,866,6053,0,0,0,6053,A
5-NP,867,1,1,0,6030,6032,C
5-NP,868,1,17,5986,0,6004,G
5-NP,869,5944,1,2,0,5947,A
5-NP,870,0,0,0,5980,5980,C
5-NP,871,0,5799,0,1,5800,T
5-NP,872,1,5789,0,1,5791,T
5-NP,873,2,0,1,5793,5796,C
5-NP,874,0,4,5804,0,5808,G
5-NP,875,5795,0,2,0,5797,A
5-NP,876,5810,0,1,0,5811,A
5-NP,877,5833,0,3,0,5836,A
5-NP,878,5835,0,0,0,5835,A
5-NP,879,5799,0,14,0,5813,A
5-NP,880,0,8,5833,0,5841,G
5-NP,881,5792,0,9,0,5801,A
5-NP,882,2,5,5855,0,5862,G
5-NP,883,3,6,5887,0,5896,G
5-NP,884,4,5,5902,1,5912,G
5-NP,885,5908,0,3,0,5911,A
5-NP,886,0,5883,0,3,5886,T
5-NP,887,5931,0,0,0,5931,A
5-NP,888,0,5931,0,5,5936,T
5-NP,889,0,5926,0,0,5926,T
5-NP,890,9,0,0,5977,5986,C
5-NP,891,5,1,0,5968,5974,C
5-NP,892,0,5901,0,1,5902,T
5-NP,893,0,5910,0,0,5910,T
5-NP,894,0,4,5955,0,5959,G
5-NP,895,0,3,5984,0,5987,G
5-NP,896,0,5908,0,4,5912,T
5-NP,897,0,2,5920,1,5923,G
5-NP,898,1,2,5887,0,5890,G
5-NP,899,0,10,6098,0,6108,G
5-NP,900,6126,0,2,0,6128,A
5-NP,901,6135,0,3,0,6138,A
5-NP,902,0,6133,0,0,6133,T
5-NP,903,6020,0,2,0,6022,A
5-NP,904,0,7,6005,0,6012,G
5-NP,905,5909,0,8,0,5917,A
5-NP,906,0,1,0,5921,5922,C
5-NP,907,5,1,0,5847,5853,C
5-NP,908,10,0,0,5692,5702,C
5-NP,909,0,5745,0,9,5754,T
5-NP,910,0,5756,0,3,5759,T
5-NP,911,0,5752,1,0,5753,T
5-NP,912,13,9,0,5753,5775,C
5-NP,913,5757,0,0,0,5757,A
5-NP,914,5758,0,1,0,5759,A
5-NP,915,5743,0,1,0,5744,A
5-NP,916,0,5,0,5748,5753,C
5-NP,917,0,5592,0,0,5592,T
5-NP,918,5526,0,0,0,5526,A
5-NP,919,0,0,0,5594,5594,C
5-NP,920,0,5558,0,1,5559,T
5-NP,921,5,5518,0,3,5526,T
5-NP,922,6,1,0,5574,5581,C
5-NP,923,5569,0,0,0,5569,A
5-NP,924,5582,0,0,0,5582,A
5-NP,925,5555,0,0,1,5556,A
5-NP,926,5549,0,1,0,5550,A
5-NP,927,1,5484,0,2,5487,T
5-NP,928,5410,0,3,0,5413,A
5-NP,929,0,0,5462,1,5463,G
5-NP,930,0,2,0,5481,5483,C
5-NP,931,2,0,0,5556,5558,C
5-NP,932,5575,0,1,0,5576,A
5-NP,933,5584,0,1,0,5585,A
5-NP,934,5751,0,0,0,5751,A
5-NP,935,1,5745,1,1,5748,T
5-NP,936,5784,1,1,0,5786,A
5-NP,937,0,5774,0,0,5774,T
5-NP,938,5684,1,1,0,5686,A
5-NP,939,1,0,0,5695,5696,C
5-NP,940,5565,0,3,0,5568,A
5-NP,941,1,0,5651,0,5652,G
5-NP,942,1,2,0,5651,5654,C
5-NP,943,0,5467,1,1,5469,T
5-NP,944,0,5494,0,0,5494,T
5-NP,945,5510,2,0,0,5512,A
5-NP,946,5520,0,0,0,5520,A
5-NP,947,0,5496,2,0,5498,T
5-NP,948,6,0,0,5498,5504,C
5-NP,949,5295,1,5,0,5301,A
5-NP,950,0,12,5300,1,5313,G
5-NP,951,5288,1,2,0,5291,A
5-NP,952,1,1,0,5329,5331,C
5-NP,953,6,0,0,5296,5302,C
5-NP,954,0,5227,1,2,5230,T
5-NP,955,5272,0,0,0,5272,A
5-NP,956,5252,1,1,0,5254,A
5-NP,957,1,0,0,5287,5288,C
5-NP,958,2,5,5279,0,5286,G
5-NP,959,5157,0,0,0,5157,A
5-NP,960,0,6,5150,0,5156,G
5-NP,961,5125,0,0,0,5125,A
5-NP,962,5172,0,1,0,5173,A
5-NP,963,1,5154,0,0,5155,T
5-NP,964,0,0,1,5086,5087,C
5-NP,965,6,0,0,5113,5119,C
5-NP,966,4962,0,7,0,4969,A
5-NP,967,2,0,5023,0,5025,G
5-NP,968,0,0,0,4997,4997,C
5-NP,969,5024,0,0,0,5024,A
5-NP,970,1,2,1,5054,5058,C
5-NP,971,4972,0,0,0,4972,A
5-NP,972,0,1,0,4993,4994,C
5-NP,973,4989,0,7,0,4996,A
5-NP,974,4998,0,2,0,5000,A
5-NP,975,1,4,4997,0,5002,G
5-NP,976,4938,0,1,0,4939,A
5-NP,977,0,1,4925,0,4926,G
5-NP,978,1,4804,0,2,4807,T
5-NP,979,9,1,0,4785,4795,C
5-NP,980,4769,0,10,1,4780,A
5-NP,981,3,2,4756,0,4761,G
5-NP,982,2,4,1,4754,4761,C
5-NP,983,1,4691,0,2,4694,T
5-NP,984,4,7,4689,0,4700,G
5-NP,985,2,0,4698,0,4700,G
5-NP,986,0,4652,0,2,4654,T
5-NP,987,5,0,4698,0,4703,G
5-NP,988,1,4630,0,1,4632,T
5-NP,989,0,6,4614,0,4620,G
5-NP,990,0,4,4596,0,4600,G
5-NP,991,4565,0,2,0,4567,A
5-NP,992,0,4548,0,10,4558,T
5-NP,993,0,6,4312,0,4318,G
5-NP,994,2,1,4248,0,4251,G
5-NP,995,0,2,0,4237,4239,C
5-NP,996,4179,0,2,0,4181,A
5-NP,997,0,4187,1,1,4189,T
5-NP,998,2,1,4126,0,4129,G
5-NP,999,0,1,0,4118,4119,C
5-NP,1000,7,1,0,4137,4145,C
5-NP,1001,4126,0,0,1,4127,A
5-NP,1002,0,4104,0,0,4104,T
5-NP,1003,0,3997,0,2,3999,T
5-NP,1004,4,1,0,4013,4018,C
5-NP,1005,0,3943,0,0,3943,T
5-NP,1006,2,1,3930,0,3933,G
5-NP,1007,1,1,0,3918,3920,C
5-NP,1008,0,3725,0,8,3733,T
5-NP,1009,1,0,3748,0,3749,G
5-NP,1010,1,0,0,3638,3639,C
5-NP,1011,3642,0,0,0,3642,A
5-NP,1012,0,3635,0,1,3636,T
5-NP,1013,0,3575,0,0,3575,T
5-NP,1014,1,3584,0,0,3585,T
5-NP,1015,0,1,3578,0,3579,G
5-NP,1016,3579,0,0,0,3579,A
5-NP,1017,3577,0,1,2,3580,A
5-NP,1018,0,1,3591,0,3592,G
5-NP,1019,3575,1,1,0,3577,A
5-NP,1020,0,3562,0,0,3562,T
5-NP,1021,0,3552,0,0,3552,T
5-NP,1022,0,3560,0,2,3562,T
5-NP,1023,3556,0,1,0,3557,A
5-NP,1024,3559,0,0,0,3559,A
5-NP,1025,0,1,3559,0,3560,G
5-NP,1026,3557,0,1,0,3558,A
5-NP,1027,0,3530,0,1,3531,T
5-NP,1028,0,3460,0,0,3460,T
5-NP,1029,13,2,3470,1,3486,G
5-NP,1030,1,3471,0,1,3473,T
5-NP,1031,0,3468,0,2,3470,T
5-NP,1032,3475,0,1,0,3476,A
5-NP,1033,3479,0,2,0,3481,A
5-NP,1034,0,1,3468,0,3469,G
5-NP,1035,1,0,0,3485,3486,C
5-NP,1036,0,3401,0,3,3404,T
5-NP,1037,0,3409,0,0,3409,T
5-NP,1038,3,0,0,3417,3420,C
5-NP,1039,3416,0,1,0,3417,A
5-NP,1040,0,3394,0,1,3395,T
5-NP,1041,3,1,0,3412,3416,C
5-NP,1042,3356,0,3,0,3359,A
5-NP,1043,0,0,3364,0,3364,G
5-NP,1044,3295,1,2,0,3298,A
5-NP,1045,0,2,3296,0,3298,G
5-NP,1046,0,3,3263,0,3266,G
5-NP,1047,1,4,3229,0,3234,G
5-NP,1048,3235,0,3,0,3238,A
5-NP,1049,1,0,0,3254,3255,C
5-NP,1050,3266,0,2,0,3268,A
5-NP,1051,3270,0,1,0,3271,A
5-NP,1052,3271,0,0,0,3271,A
5-NP,1053,3263,1,10,0,3274,A
5-NP,1054,0,0,3283,0,3283,G
5-NP,1055,0,3190,1,1,3192,T
5-NP,1056,3164,0,4,0,3168,A
5-NP,1057,0,3134,1,3,3138,T
5-NP,1058,2,0,0,3146,3148,C
5-NP,1059,0,3090,1,2,3093,T
5-NP,1060,7,0,0,3103,3110,C
5-NP,1061,1,0,0,3100,3101,C
5-NP,1062,0,3066,1,1,3068,T
5-NP,1063,3,0,1,3076,3080,C
5-NP,1064,1,3,3077,0,3081,G
5-NP,1065,4,3,3082,0,3089,G
5-NP,1066,1,1,3082,0,3084,G
5-NP,1067,0,2,3070,0,3072,G
5-NP,1068,0,6,3071,0,3077,G
5-NP,1069,3013,0,1,1,3015,A
5-NP,1070,3007,0,3,0,3010,A
5-NP,1071,2996,0,0,1,2997,A
5-NP,1072,2,0,0,3016,3018,C
5-NP,1073,0,3006,0,2,3008,T
5-NP,1074,0,0,3012,0,3012,G
5-NP,1075,0,2982,0,0,2982,T
5-NP,1076,6,0,0,2992,2998,C
5-NP,1077,3027,0,4,0,3031,A
5-NP,1078,3039,0,0,0,3039,A
5-NP,1079,1,0,0,3049,3050,C
5-NP,1080,0,3042,0,0,3042,T
5-NP,1081,2990,0,0,0,2990,A
5-NP,1082,0,1,2994,1,2996,G
5-NP,1083,2932,0,1,0,2933,A
5-NP,1084,0,1,2940,0,2941,G
5-NP,1085,0,2,2941,0,2943,G
5-NP,1086,2780,0,1,0,2781,A
5-NP,1087,1,1,2811,0,2813,G
5-NP,1088,0,2779,1,0,2780,T
5-NP,1089,2777,2,0,0,2779,A
5-NP,1090,1,0,0,2782,2783,C
5-NP,1091,2739,0,1,0,2740,A
5-NP,1092,2738,0,0,0,2738,A
5-NP,1093,2698,0,0,0,2698,A
5-NP,1094,0,2672,0,0,2672,T
5-NP,1095,0,2662,0,1,2663,T
5-NP,1096,0,0,2564,0,2564,G
5-NP,1097,2,0,0,2526,2528,C
5-NP,1098,0,2524,0,1,2525,T
5-NP,1099,0,2530,0,0,2530,T
5-NP,1100,7,0,0,2527,2534,C
5-NP,1101,2538,1,1,0,2540,A
5-NP,1102,2547,0,1,0,2548,A
5-NP,1103,2543,0,0,0,2543,A
5-NP,1104,0,2543,2,1,2546,T
5-NP,1105,0,4,2536,0,2540,G
5-NP,1106,2488,0,3,0,2491,A
5-NP,1107,0,3,2492,0,2495,G
5-NP,1108,2487,0,3,0,2490,A
5-NP,1109,2489,0,0,0,2489,A
5-NP,1110,1,0,0,2475,2476,C
5-NP,1111,2422,0,0,0,2422,A
5-NP,1112,0,2418,0,0,2418,T
5-NP,1113,1,2,2426,0,2429,G
5-NP,1114,0,0,2428,0,2428,G
5-NP,1115,2425,0,1,0,2426,A
5-NP,1116,0,2371,0,0,2371,T
5-NP,1117,2350,0,1,0,2351,A
5-NP,1118,2389,0,2,0,2391,A
5-NP,1119,0,2315,1,0,2316,T
5-NP,1120,2309,0,0,0,2309,A
5-NP,1121,0,2292,0,0,2292,T
5-NP,1122,1,2,2076,1,2080,G
5-NP,1123,1,0,2020,0,2021,G
5-NP,1124,0,0,2015,0,2015,G
5-NP,1125,1992,0,1,0,1993,A
5-NP,1126,0,1980,0,0,1980,T
5-NP,1127,1,0,0,1448,1449,C
5-NP,1128,1,1,1451,0,1453,G
5-NP,1129,1439,0,2,0,1441,A
5-NP,1130,0,2,1433,0,1435,G
5-NP,1131,1,0,0,1423,1424,C
5-NP,1132,1388,0,0,0,1388,A
5-NP,1133,0,0,0,1414,1414,C
5-NP,1134,0,1375,0,1,1376,T
5-NP,1135,1,0,0,1388,1389,C
5-NP,1136,0,1383,0,0,1383,T
5-NP,1137,0,1356,0,0,1356,T
5-NP,1138,0,0,1359,0,1359,G
5-NP,1139,1356,0,0,0,1356,A
5-NP,1140,1353,0,0,0,1353,A
5-NP,1141,0,0,0,1352,1352,C
5-NP,1142,0,912,0,1,913,T
5-NP,1143,0,1,916,0,917,G
5-NP,1144,868,0,0,0,868,A
5-NP,1145,0,1,871,0,872,G
5-NP,1146,873,0,0,0,873,A
5-NP,1147,858,0,0,0,858,A
5-NP,1148,0,0,855,0,855,G
5-NP,1149,1,1,0,814,816,C
5-NP,1150,0,2,811,0,813,G
5-NP,1151,1,0,809,0,810,G
5-NP,1152,0,0,773,0,773,G
5-NP,1153,1,757,0,0,758,T
5-NP,1154,713,0,0,0,713,A
5-NP,1155,0,2,0,705,707,C
5-NP,1156,0,462,0,0,462,T
5-NP,1157,0,0,447,0,447,G
5-NP,1158,0,0,420,0,420,G
5-NP,1159,0,0,411,0,411,G
5-NP,1160,0,0,0,391,391,C
5-NP,1161,0,1,0,335,336,C
5-NP,1162,338,1,0,0,339,A
5-NP,1163,0,339,0,0,339,T
5-NP,1164,340,0,0,0,340,A
5-NP,1165,337,0,0,0,337,A
5-NP,1166,0,0,331,0,331,G
5-NP,1167,0,1,336,0,337,G
5-NP,1168,327,0,0,0,327,A
5-NP,1169,1,0,0,329,330,C
5-NP,1170,0,0,0,330,330,C
5-NP,1171,328,0,0,0,328,A
5-NP,1172,0,0,335,0,335,G
5-NP,1173,0,2,334,0,336,G
5-NP,1174,331,0,0,0,331,A
5-NP,1175,0,0,338,0,338,G
5-NP,1176,0,324,0,0,324,T
5-NP,1177,0,0,327,0,327,G
5-NP,1178,0,0,331,0,331,G
5-NP,1179,330,0,0,0,330,A
5-NP,1180,0,0,331,0,331,G
5-NP,1181,0,1,321,0,322,G
5-NP,1182,321,0,0,0,321,A
5-NP,1183,325,0,0,0,325,A
5-NP,1184,320,0,0,0,320,A
5-NP,1185,0,0,0,323,323,C
5-NP,1186,322,0,0,0,322,A
5-NP,1187,0,0,0,326,326,C
5-NP,1188,0,323,0,0,323,T
5-NP,1189,331,0,0,0,331,A
5-NP,1190,329,0,0,0,329,A
5-NP,1191,0,331,0,0,331,T
5-NP,1192,2,0,0,336,338,C
5-NP,1193,332,0,0,0,332,A
5-NP,1194,334,0,0,0,334,A
5-NP,1195,0,0,0,336,336,C
5-NP,1196,323,0,0,0,323,A
5-NP,1197,0,0,326,0,326,G
5-NP,1198,320,0,0,0,320,A
5-NP,1199,0,0,322,0,322,G
5-NP,1200,0,0,322,0,322,G
5-NP,1201,0,0,320,0,320,G
5-NP,1202,0,1,0,317,318,C
5-NP,1203,0,0,0,318,318,C
5-NP,1204,0,311,0,0,311,T
5-NP,1205,0,0,0,314,314,C
5-NP,1206,0,0,0,315,315,C
5-NP,1207,0,0,313,0,313,G
5-NP,1208,1,0,0,311,312,C
5-NP,1209,304,0,0,0,304,A
5-NP,1210,0,0,314,0,314,G
5-NP,1211,0,0,313,0,313,G
5-NP,1212,0,0,0,317,317,C
5-NP,1213,0,0,0,318,318,C
5-NP,1214,313,0,0,0,313,A
5-NP,1215,312,0,1,0,313,A
5-NP,1216,312,0,0,0,312,A
5-NP,1217,0,0,0,316,316,C
5-NP,1218,0,0,0,315,315,C
5-NP,1219,307,0,0,0,307,A
5-NP,1220,0,0,317,0,317,G
5-NP,1221,1,314,0,0,315,T
5-NP,1222,0,0,317,0,317,G
5-NP,1223,0,313,0,0,313,T
5-NP,1224,0,0,316,0,316,G
5-NP,1225,0,0,0,314,314,C
5-NP,1226,310,0,0,0,310,A
5-NP,1227,311,0,0,0,311,A
5-NP,1228,0,0,0,313,313,C
5-NP,1229,0,0,0,313,313,C
5-NP,1230,0,305,0,0,305,T
5-NP,1231,307,0,0,0,307,A
5-NP,1232,0,0,0,307,307,C
5-NP,1233,0,0,308,0,308,G
5-NP,1234,0,308,0,0,308,T
5-NP,1235,0,310,0,0,310,T
5-NP,1236,0,309,0,0,309,T
5-NP,1237,0,307,0,1,308,T
5-NP,1238,0,0,0,307,307,C
5-NP,1239,0,303,0,0,303,T
5-NP,1240,0,0,314,0,314,G
5-NP,1241,0,310,0,0,310,T
5-NP,1242,314,0,0,0,314,A
5-NP,1243,0,0,0,315,315,C
5-NP,1244,312,0,0,0,312,A
5-NP,1245,312,0,0,0,312,A
5-NP,1246,310,0,0,0,310,A
5-NP,1247,0,0,307,0,307,G
5-NP,1248,307,0,0,0,307,A
5-NP,1249,307,0,0,0,307,A
5-NP,1250,306,0,1,1,308,A
5-NP,1251,0,0,0,311,311,C
5-NP,1252,0,0,0,308,308,C
5-NP,1253,0,305,0,0,305,T
5-NP,1254,0,0,0,306,306,C
5-NP,1255,0,0,0,308,308,C
5-NP,1256,0,0,0,311,311,C
5-NP,1257,310,0,0,0,310,A
5-NP,1258,0,312,0,0,312,T
5-NP,1259,0,312,0,0,312,T
5-NP,1260,0,312,0,0,312,T
5-NP,1261,0,0,311,0,311,G
5-NP,1262,313,0,0,0,313,A
5-NP,1263,313,0,0,0,313,A
5-NP,1264,312,0,0,0,312,A
5-NP,1265,313,0,0,0,313,A
5-NP,1266,0,0,311,0,311,G
5-NP,1267,0,308,0,0,308,T
5-NP,1268,1,0,0,308,309,C
5-NP,1269,310,0,1,0,311,A
5-NP,1270,309,0,0,0,309,A
5-NP,1271,1,0,0,309,310,C
5-NP,1272,0,0,0,313,313,C
5-NP,1273,314,0,0,0,314,A
5-NP,1274,1,311,0,0,312,T
5-NP,1275,1,0,0,308,309,C
5-NP,1276,308,0,1,0,309,A
5-NP,1277,0,312,0,0,312,T
5-NP,1278,0,0,313,0,313,G
5-NP,1279,0,0,313,0,313,G
5-NP,1280,0,0,0,312,312,C
5-NP,1281,306,0,0,0,306,A
5-NP,1282,0,0,307,0,307,G
5-NP,1283,0,0,0,304,304,C
5-NP,1284,304,0,0,0,304,A
5-NP,1285,0,296,0,2,298,T
5-NP,1286,0,303,0,0,303,T
5-NP,1287,1,0,0,306,307,C
5-NP,1288,305,0,0,0,305,A
5-NP,1289,0,0,0,311,311,C
5-NP,1290,0,311,0,0,311,T
5-NP,1291,0,0,314,0,314,G
5-NP,1292,0,0,315,0,315,G
5-NP,1293,316,0,0,0,316,A
5-NP,1294,317,0,0,0,317,A
5-NP,1295,317,0,0,0,317,A
5-NP,1296,0,315,0,0,315,T
5-NP,1297,313,0,0,0,313,A
5-NP,1298,0,0,0,313,313,C
5-NP,1299,0,0,306,0,306,G
5-NP,1300,0,1,304,0,305,G
5-NP,1301,298,0,0,0,298,A
5-NP,1302,0,0,301,0,301,G
5-NP,1303,0,0,302,0,302,G
5-NP,1304,0,0,303,0,303,G
5-NP,1305,303,0,0,0,303,A
5-NP,1306,303,0,0,0,303,A
5-NP,1307,0,0,305,0,305,G
5-NP,1308,304,0,0,0,304,A
5-NP,1309,302,0,0,0,302,A
5-NP,1310,0,0,0,303,303,C
5-NP,1311,0,301,0,0,301,T
5-NP,1312,0,305,0,0,305,T
5-NP,1313,0,0,0,304,304,C
5-NP,1314,304,0,1,0,305,A
5-NP,1315,0,0,306,0,306,G
5-NP,1316,305,0,1,0,306,A
5-NP,1317,0,0,0,305,305,C
5-NP,1318,304,0,0,0,304,A
5-NP,1319,0,297,0,0,297,T
5-NP,1320,0,0,298,0,298,G
5-NP,1321,294,0,0,0,294,A
5-NP,1322,0,0,299,0,299,G
5-NP,1323,0,0,296,0,296,G
5-NP,1324,0,0,297,0,297,G
5-NP,1325,1,0,0,295,296,C
5-NP,1326,296,0,0,0,296,A
5-NP,1327,0,0,296,0,296,G
5-NP,1328,295,0,0,0,295,A
5-NP,1329,296,0,0,0,296,A
5-NP,1330,296,0,0,0,296,A
5-NP,1331,0,289,0,0,289,T
5-NP,1332,0,0,0,293,293,C
5-NP,1333,292,0,0,0,292,A
5-NP,1334,0,293,0,0,293,T
5-NP,1335,292,0,0,0,292,A
5-NP,1336,293,0,0,0,293,A
5-NP,1337,0,0,294,0,294,G
5-NP,1338,290,0,0,0,290,A
5-NP,1339,288,0,0,0,288,A
5-NP,1340,0,280,0,0,280,T
5-NP,1341,0,0,283,0,283,G
5-NP,1342,283,0,0,0,283,A
5-NP,1343,0,282,0,0,282,T
5-NP,1344,0,0,284,0,284,G
5-NP,1345,0,0,283,0,283,G
5-NP,1346,278,0,0,0,278,A
5-NP,1347,277,0,0,0,277,A
5-NP,1348,267,0,0,0,267,A
5-NP,1349,0,0,269,0,269,G
5-NP,1350,0,268,0,0,268,T
5-NP,1351,0,0,268,0,268,G
5-NP,1352,0,0,0,266,266,C
5-NP,1353,268,0,0,0,268,A
5-NP,1354,267,0,0,0,267,A
5-NP,1355,268,0,0,0,268,A
5-NP,1356,267,0,0,0,267,A
5-NP,1357,0,0,0,270,270,C
5-NP,1358,0,0,0,266,266,C
5-NP,1359,264,0,1,0,265,A
5-NP,1360,0,0,267,0,267,G
5-NP,1361,267,0,0,0,267,A
5-NP,1362,265,0,0,0,265,A
5-NP,1363,0,0,265,0,265,G
5-NP,1364,267,0,0,0,267,A
5-NP,1365,258,0,0,0,258,A
5-NP,1366,0,0,263,0,263,G
5-NP,1367,0,261,0,0,261,T
5-NP,1368,0,0,265,0,265,G
5-NP,1369,0,262,0,0,262,T
5-NP,1370,0,0,0,262,262,C
5-NP,1371,263,0,0,0,263,A
5-NP,1372,0,262,0,0,262,T
5-NP,1373,0,264,0,0,264,T
5-NP,1374,0,0,0,261,261,C
5-NP,1375,0,0,0,261,261,C
5-NP,1376,0,0,259,0,259,G
5-NP,1377,0,0,264,0,264,G
5-NP,1378,0,0,263,0,263,G
5-NP,1379,0,0,262,0,262,G
5-NP,1380,0,0,262,0,262,G
5-NP,1381,244,0,0,0,244,A
5-NP,1382,0,0,247,0,247,G
5-NP,1383,0,0,245,0,245,G
5-NP,1384,0,1,245,0,246,G
5-NP,1385,0,1,243,0,244,G
5-NP,1386,244,0,0,0,244,A
5-NP,1387,0,0,243,0,243,G
5-NP,1388,0,239,0,0,239,T
5-NP,1389,0,0,0,237,237,C
5-NP,1390,0,243,0,1,244,T
5-NP,1391,0,236,0,4,240,T
5-NP,1392,1,0,0,244,245,C
5-NP,1393,0,0,244,0,244,G
5-NP,1394,243,0,0,0,243,A
5-NP,1395,0,0,246,0,246,G
5-NP,1396,0,0,0,235,235,C
5-NP,1397,0,236,0,0,236,T
5-NP,1398,0,0,0,237,237,C
5-NP,1399,0,237,0,0,237,T
5-NP,1400,0,0,0,236,236,C
5-NP,1401,235,0,0,0,235,A
5-NP,1402,0,1,235,0,236,G
5-NP,1403,235,0,0,0,235,A
5-NP,1404,0,0,0,236,236,C
5-NP,1405,0,0,235,0,235,G
5-NP,1406,233,0,1,0,234,A
5-NP,1407,0,0,234,0,234,G
5-NP,1408,228,0,0,0,228,A
5-NP,1409,229,0,0,0,229,A
5-NP,1410,0,0,229,0,229,G
5-NP,1411,0,0,227,0,227,G
5-NP,1412,0,0,0,229,229,C
5-NP,1413,229,0,0,0,229,A
5-NP,1414,226,0,0,0,226,A
5-NP,1415,0,0,0,228,228,C
5-NP,1416,0,1,225,0,226,G
5-NP,1417,228,0,0,0,228,A
5-NP,1418,228,0,2,0,230,A
5-NP,1419,0,0,0,227,227,C
5-NP,1420,0,0,0,224,224,C
5-NP,1421,1,0,0,225,226,C
5-NP,1422,0,0,226,0,226,G
5-NP,1423,225,0,0,0,225,A
5-NP,1424,0,227,0,0,227,T
5-NP,1425,1,0,0,228,229,C
5-NP,1426,0,0,229,0,229,G
5-NP,1427,0,224,0,0,224,T
5-NP,1428,0,0,226,0,226,G
5-NP,1429,0,0,0,222,222,C
5-NP,1430,0,1,0,219,220,C
5-NP,1431,0,0,0,225,225,C
5-NP,1432,0,222,0,0,222,T
5-NP,1433,0,0,0,227,227,C
5-NP,1434,0,224,0,0,224,T
5-NP,1435,0,227,0,0,227,T
5-NP,1436,0,227,0,0,227,T
5-NP,1437,0,225,0,0,225,T
5-NP,1438,0,0,225,0,225,G
5-NP,1439,225,0,0,0,225,A
5-NP,1440,0,222,0,0,222,T
5-NP,1441,219,0,0,0,219,A
5-NP,1442,0,191,0,0,191,T
5-NP,1443,0,0,198,0,198,G
5-NP,1444,196,0,0,0,196,A
5-NP,1445,0,0,199,0,199,G
5-NP,1446,0,197,0,0,197,T
5-NP,1447,192,0,0,0,192,A
5-NP,1448,191,0,0,0,191,A
5-NP,1449,0,189,0,0,189,T
5-NP,1450,0,0,190,0,190,G
5-NP,1451,191,0,0,0,191,A
5-NP,1452,172,0,0,0,172,A
5-NP,1453,1,0,171,0,172,G
5-NP,1454,0,0,159,0,159,G
5-NP,1455,159,0,0,0,159,A
5-NP,1456,0,159,0,0,159,T
5-NP,1457,0,0,0,158,158,C
5-NP,1458,0,155,0,0,155,T
5-NP,1459,0,155,0,0,155,T
5-NP,1460,155,0,0,0,155,A
5-NP,1461,0,152,0,0,152,T
5-NP,1462,0,151,0,0,151,T
5-NP,1463,0,152,0,0,152,T
5-NP,1464,0,0,0,150,150,C
5-NP,1465,0,148,0,0,148,T
5-NP,1466,0,147,0,0,147,T
5-NP,1467,0,0,0,148,148,C
5-NP,1468,0,0,148,0,148,G
5-NP,1469,0,0,149,0,149,G
5-NP,1470,149,0,0,0,149,A
5-NP,1471,0,0,148,0,148,G
5-NP,1472,149,0,0,0,149,A
5-NP,1473,0,0,0,143,143,C
5-NP,1474,141,0,0,0,141,A
5-NP,1475,141,0,0,0,141,A
5-NP,1476,0,141,0,0,141,T
5-NP,1477,0,0,140,0,140,G
5-NP,1478,0,0,0,139,139,C
5-NP,1479,139,0,0,0,139,A
5-NP,1480,0,0,139,0,139,G
5-NP,1481,138,0,0,0,138,A
5-NP,1482,129,0,0,0,129,A
5-NP,1483,0,0,129,0,129,G
5-NP,1484,94,0,0,0,94,A
5-NP,1485,0,0,95,0,95,G
5-NP,1486,0,78,0,0,78,T
5-NP,1487,76,0,0,0,76,A
5-NP,1488,0,70,0,0,70,T
5-NP,1489,0,0,70,0,70,G
5-NP,1490,70,0,0,0,70,A
5-NP,1491,1,0,0,67,68,C
5-NP,1492,45,0,0,0,45,A
5-NP,1493,44,0,0,0,44,A
5-NP,1494,0,33,0,0,33,T
5-NP,1495,0,33,0,0,33,T
5-NP,1496,33,0,0,0,33,A
5-NP,1497,33,0,0,0,33,A
6-NA,1,143,0,0,0,143,A
6-NA,2,0,144,0,0,144,T
6-NA,3,0,0,144,0,144,G
6-NA,4,146,0,0,0,146,A
6-NA,5,156,0,0,0,156,A
6-NA,6,0,158,0,0,158,T
6-NA,7,0,0,0,156,156,C
6-NA,8,0,0,0,157,157,C
6-NA,9,158,0,0,0,158,A
6-NA,10,164,0,0,0,164,A
6-NA,11,165,0,0,0,165,A
6-NA,12,0,169,0,0,169,T
6-NA,13,0,0,0,172,172,C
6-NA,14,171,0,0,0,171,A
6-NA,15,177,0,0,0,177,A
6-NA,16,173,0,0,0,173,A
6-NA,17,192,0,0,0,192,A
6-NA,18,0,0,224,0,224,G
6-NA,19,230,0,0,0,230,A
6-NA,20,0,241,0,0,241,T
6-NA,21,241,0,0,0,241,A
6-NA,22,243,0,0,0,243,A
6-NA,23,0,248,0,0,248,T
6-NA,24,247,0,0,0,247,A
6-NA,25,250,0,0,0,250,A
6-NA,26,0,0,0,256,256,C
6-NA,27,0,0,262,0,262,G
6-NA,28,261,0,0,0,261,A
6-NA,29,0,259,0,1,260,T
6-NA,30,0,262,0,0,262,T
6-NA,31,1,0,262,0,263,G
6-NA,32,1,0,288,0,289,G
6-NA,33,0,0,0,293,293,C
6-NA,34,0,293,0,0,293,T
6-NA,35,0,0,0,305,305,C
6-NA,36,0,303,0,0,303,T
6-NA,37,0,0,316,0,316,G
6-NA,38,0,317,0,0,317,T
6-NA,39,0,317,0,1,318,T
6-NA,40,0,332,0,0,332,T
6-NA,41,0,0,0,333,333,C
6-NA,42,0,336,0,0,336,T
6-NA,43,0,0,0,338,338,C
6-NA,44,0,337,0,1,338,T
6-NA,45,0,0,0,343,343,C
6-NA,46,345,0,0,0,345,A
6-NA,47,0,0,0,359,359,C
6-NA,48,0,0,0,359,359,C
6-NA,49,364,0,0,0,364,A
6-NA,50,0,368,0,0,368,T
6-NA,51,0,380,0,0,380,T
6-NA,52,0,381,0,0,381,T
6-NA,53,1,0,0,391,392,C
6-NA,54,0,1,0,393,394,C
6-NA,55,396,0,1,0,397,A
6-NA,56,0,0,0,416,416,C
6-NA,57,411,0,1,0,412,A
6-NA,58,433,0,0,0,433,A
6-NA,59,0,435,0,0,435,T
6-NA,60,460,0,0,0,460,A
6-NA,61,0,463,0,0,463,T
6-NA,62,0,0,459,0,459,G
6-NA,63,0,1,0,458,459,C
6-NA,64,0,458,0,0,458,T
6-NA,65,0,463,0,0,463,T
6-NA,66,0,0,0,463,463,C
6-NA,67,0,462,0,0,462,T
6-NA,68,0,464,0,0,464,T
6-NA,69,1,0,0,457,458,C
6-NA,70,461,0,0,0,461,A
6-NA,71,0,463,0,0,463,T
6-NA,72,0,0,461,0,461,G
6-NA,73,0,0,0,465,465,C
6-NA,74,460,0,0,0,460,A
6-NA,75,464,0,0,0,464,A
6-NA,76,463,0,0,0,463,A
6-NA,77,0,478,0,0,478,T
6-NA,78,0,478,0,0,478,T
6-NA,79,0,0,482,0,482,G
6-NA,80,0,0,0,477,477,C
6-NA,81,0,0,0,482,482,C
6-NA,82,488,0,0,0,488,A
6-NA,83,0,487,0,0,487,T
6-NA,84,0,0,0,526,526,C
6-NA,85,0,529,0,0,529,T
6-NA,86,0,530,0,0,530,T
6-NA,87,0,0,544,0,544,G
6-NA,88,544,0,0,0,544,A
6-NA,89,0,555,0,0,555,T
6-NA,90,549,0,0,0,549,A
6-NA,91,553,0,0,0,553,A
6-NA,92,0,0,0,640,640,C
6-NA,93,0,639,0,0,639,T
6-NA,94,646,0,0,0,646,A
6-NA,95,0,0,0,670,670,C
6-NA,96,0,663,0,0,663,T
6-NA,97,0,0,676,0,676,G
6-NA,98,0,675,0,0,675,T
6-NA,99,678,0,0,0,678,A
6-NA,100,685,0,1,0,686,A
6-NA,101,0,3,0,673,676,C
6-NA,102,664,0,0,0,664,A
6-NA,103,0,667,0,0,667,T
6-NA,104,0,654,0,1,655,T
6-NA,105,0,0,660,0,660,G
6-NA,106,0,0,0,659,659,C
6-NA,107,661,0,0,0,661,A
6-NA,108,0,663,0,0,663,T
6-NA,109,0,660,0,0,660,T
6-NA,110,0,660,0,0,660,T
6-NA,111,1,0,0,658,659,C
6-NA,112,659,0,0,0,659,A
6-NA,113,658,0,1,0,659,A
6-NA,114,0,0,660,0,660,G
6-NA,115,0,0,0,660,660,C
6-NA,116,666,0,0,0,666,A
6-NA,117,694,0,1,0,695,A
6-NA,118,0,704,0,0,704,T
6-NA,119,706,0,0,0,706,A
6-NA,120,0,707,0,0,707,T
6-NA,121,0,2,716,0,718,G
6-NA,122,720,0,0,0,720,A
6-NA,123,725,0,0,0,725,A
6-NA,124,0,727,0,0,727,T
6-NA,125,1,725,0,0,726,T
6-NA,126,1,0,0,726,727,C
6-NA,127,726,0,0,0,726,A
6-NA,128,727,0,0,1,728,A
6-NA,129,1,0,0,726,727,C
6-NA,130,1,722,0,2,725,T
6-NA,131,0,0,0,730,730,C
6-NA,132,0,0,0,730,730,C
6-NA,133,0,1,0,749,750,C
6-NA,134,0,0,0,745,745,C
6-NA,135,0,3,0,745,748,C
6-NA,136,1,0,0,754,755,C
6-NA,137,0,0,0,760,760,C
6-NA,138,762,0,1,0,763,A
6-NA,139,760,0,0,0,760,A
6-NA,140,759,1,1,0,761,A
6-NA,141,0,0,0,780,780,C
6-NA,142,771,0,0,0,771,A
6-NA,143,792,0,0,0,792,A
6-NA,144,0,0,0,793,793,C
6-NA,145,0,0,0,792,792,C
6-NA,146,806,0,0,0,806,A
6-NA,147,814,0,1,0,815,A
6-NA,148,1,1,831,0,833,G
6-NA,149,0,828,0,0,828,T
6-NA,150,0,0,829,0,829,G
6-NA,151,843,0,0,0,843,A
6-NA,152,0,850,0,0,850,T
6-NA,153,0,0,854,0,854,G
6-NA,154,1,0,0,853,854,C
6-NA,155,1,847,0,0,848,T
6-NA,156,0,0,904,0,904,G
6-NA,157,0,895,0,1,896,T
6-NA,158,0,0,905,0,905,G
6-NA,159,0,901,0,0,901,T
6-NA,160,0,1,893,0,894,G
6-NA,161,900,0,2,0,902,A
6-NA,162,910,0,0,0,910,A
6-NA,163,1,0,0,911,912,C
6-NA,164,0,0,0,905,905,C
6-NA,165,896,0,2,0,898,A
6-NA,166,905,0,0,0,905,A
6-NA,167,0,0,0,939,939,C
6-NA,168,937,0,1,0,938,A
6-NA,169,945,0,0,0,945,A
6-NA,170,0,946,0,1,947,T
6-NA,171,945,0,0,0,945,A
6-NA,172,947,0,0,0,947,A
6-NA,173,0,952,0,0,952,T
6-NA,174,949,0,1,0,950,A
6-NA,175,0,0,950,0,950,G
6-NA,176,921,0,1,0,922,A
6-NA,177,921,0,0,0,921,A
6-NA,178,914,0,0,0,914,A
6-NA,179,0,3,919,0,922,G
6-NA,180,933,0,1,0,934,A
6-NA,181,938,0,0,0,938,A
6-NA,182,974,0,1,0,975,A
6-NA,183,0,0,0,985,985,C
6-NA,184,980,0,2,0,982,A
6-NA,185,0,989,0,2,991,T
6-NA,186,1003,0,2,0,1005,A
6-NA,187,1001,0,2,0,1003,A
6-NA,188,0,0,0,1019,1019,C
6-NA,189,999,0,1,0,1000,A
6-NA,190,0,0,1030,0,1030,G
6-NA,191,1031,0,1,0,1032,A
6-NA,192,0,0,1030,0,1030,G
6-NA,193,1035,0,1,0,1036,A
6-NA,194,0,1075,0,0,1075,T
6-NA,195,1072,0,1,0,1073,A
6-NA,196,0,0,1110,0,1110,G
6-NA,197,0,1099,0,0,1099,T
6-NA,198,0,0,1128,0,1128,G
6-NA,199,0,1120,0,0,1120,T
6-NA,200,1125,0,0,0,1125,A
6-NA,201,0,1116,0,0,1116,T
6-NA,202,0,0,0,1117,1117,C
6-NA,203,0,1103,0,0,1103,T
6-NA,204,2,3,1135,0,1140,G
6-NA,205,1130,0,1,0,1131,A
6-NA,206,0,0,0,1130,1130,C
6-NA,207,1,2,0,1121,1124,C
6-NA,208,1119,0,1,0,1120,A
6-NA,209,1117,0,0,0,1117,A
6-NA,210,0,0,0,1129,1129,C
6-NA,211,1132,0,1,0,1133,A
6-NA,212,0,1,0,1161,1162,C
6-NA,213,1,0,0,1138,1139,C
6-NA,214,1164,0,0,0,1164,A
6-NA,215,2,0,0,1202,1204,C
6-NA,216,2,0,0,1203,1205,C
6-NA,217,1214,0,0,1,1215,A
6-NA,218,0,1213,0,0,1213,T
6-NA,219,1203,0,0,0,1203,A
6-NA,220,0,1,1207,0,1208,G
6-NA,221,1181,0,1,0,1182,A
6-NA,222,0,0,1219,0,1219,G
6-NA,223,1195,0,1,0,1196,A
6-NA,224,1176,0,0,0,1176,A
6-NA,225,1,0,1185,0,1186,G
6-NA,226,0,3,1197,0,1200,G
6-NA,227,1190,0,0,0,1190,A
6-NA,228,1198,0,0,0,1198,A
6-NA,229,1183,0,17,0,1200,A
6-NA,230,0,1197,0,0,1197,T
6-NA,231,1193,0,0,0,1193,A
6-NA,232,0,1183,0,1,1184,T
6-NA,233,0,3,1176,0,1179,G
6-NA,234,0,1,0,1194,1195,C
6-NA,235,3,0,0,1183,1186,C
6-NA,236,2,0,0,1190,1192,C
6-NA,237,0,0,0,1195,1195,C
6-NA,238,1199,0,0,0,1199,A
6-NA,239,1223,0,0,0,1223,A
6-NA,240,1218,0,0,0,1218,A
6-NA,241,0,0,0,1219,1219,C
6-NA,242,0,1211,0,0,1211,T
6-NA,243,1216,0,0,0,1216,A
6-NA,244,0,1,1207,0,1208,G
6-NA,245,0,0,0,1218,1218,C
6-NA,246,1222,0,0,0,1222,A
6-NA,247,1,2,1231,0,1234,G
6-NA,248,1212,0,0,0,1212,A
6-NA,249,1237,0,2,0,1239,A
6-NA,250,0,1237,0,0,1237,T
6-NA,251,1243,0,0,0,1243,A
6-NA,252,0,2,0,1241,1243,C
6-NA,253,1237,0,1,0,1238,A
6-NA,254,0,0,1235,0,1235,G
6-NA,255,1234,0,0,0,1234,A
6-NA,256,1233,0,0,0,1233,A
6-NA,257,1234,0,0,0,1234,A
6-NA,258,0,1212,0,0,1212,T
6-NA,259,0,1210,0,0,1210,T
6-NA,260,0,0,1212,1,1213,G
6-NA,261,0,0,1212,0,1212,G
6-NA,262,1,1212,0,0,1213,T
6-NA,263,1,0,0,1217,1218,C
6-NA,264,1216,0,0,0,1216,A
6-NA,265,1227,0,0,0,1227,A
6-NA,266,1226,0,0,0,1226,A
6-NA,267,0,0,1221,0,1221,G
6-NA,268,0,0,0,1226,1226,C
6-NA,269,2,0,0,1223,1225,C
6-NA,270,0,0,1221,0,1221,G
6-NA,271,0,0,0,1239,1239,C
6-NA,272,1242,0,0,0,1242,A
6-NA,273,1267,0,0,0,1267,A
6-NA,274,0,1264,0,0,1264,T
6-NA,275,0,0,1274,0,1274,G
6-NA,276,0,1262,0,1,1263,T
6-NA,277,1,6,1261,0,1268,G
6-NA,278,1281,0,1,0,1282,A
6-NA,279,0,1,0,1298,1299,C
6-NA,280,1330,0,0,0,1330,A
6-NA,281,0,1340,0,1,1341,T
6-NA,282,0,1330,0,0,1330,T
6-NA,283,1328,0,1,0,1329,A
6-NA,284,0,1,0,1327,1328,C
6-NA,285,1318,0,0,0,1318,A
6-NA,286,0,1,1318,0,1319,G
6-NA,287,0,1,1290,0,1291,G
6-NA,288,0,0,1265,0,1265,G
6-NA,289,0,1284,0,2,1286,T
6-NA,290,0,1300,0,0,1300,T
6-NA,291,0,1306,0,0,1306,T
6-NA,292,0,0,1305,0,1305,G
6-NA,293,0,0,0,1303,1303,C
6-NA,294,1300,1,1,0,1302,A
6-NA,295,1,0,1,1317,1319,C
6-NA,296,0,1,0,1309,1310,C
6-NA,297,0,1299,0,1,1300,T
6-NA,298,0,1301,0,0,1301,T
6-NA,299,0,1317,0,0,1317,T
6-NA,300,0,1317,0,2,1319,T
6-NA,301,0,1352,0,0,1352,T
6-NA,302,0,0,0,1353,1353,C
6-NA,303,0,1349,0,0,1349,T
6-NA,304,1346,0,1,0,1347,A
6-NA,305,1340,0,1,0,1341,A
6-NA,306,1,0,1354,0,1355,G
6-NA,307,0,2,1344,0,1346,G
6-NA,308,1342,1,1,0,1344,A
6-NA,309,1,0,0,1360,1361,C
6-NA,310,1347,0,0,0,1347,A
6-NA,311,1342,0,0,0,1342,A
6-NA,312,0,1331,0,1,1332,T
6-NA,313,0,1331,0,0,1331,T
6-NA,314,3,0,0,1358,1361,C
6-NA,315,3,4,1350,0,1357,G
6-NA,316,1352,0,0,0,1352,A
6-NA,317,0,1362,0,0,1362,T
6-NA,318,0,1354,0,0,1354,T
6-NA,319,1351,0,2,0,1353,A
6-NA,320,0,0,1356,0,1356,G
6-NA,321,17,0,1327,0,1344,G
6-NA,322,0,0,0,1358,1358,C
6-NA,323,0,1339,0,1,1340,T
6-NA,324,0,1345,0,1,1346,T
6-NA,325,0,1345,0,0,1345,T
6-NA,326,0,1,0,1346,1347,C
6-NA,327,1,1,0,1350,1352,C
6-NA,328,0,0,1344,0,1344,G
6-NA,329,0,0,0,1347,1347,C
6-NA,330,0,1342,1,0,1343,T
6-NA,331,2,0,1386,0,1388,G
6-NA,332,0,0,1393,0,1393,G
6-NA,333,0,1381,0,0,1381,T
6-NA,334,0,0,1393,0,1393,G
6-NA,335,1,2,1376,0,1379,G
6-NA,336,1,1,1387,0,1389,G
6-NA,337,2,2,1393,0,1397,G
6-NA,338,1386,0,1,0,1387,A
6-NA,339,0,0,0,1400,1400,C
6-NA,340,1367,0,0,0,1367,A
6-NA,341,0,1356,0,0,1356,T
6-NA,342,0,0,0,1364,1364,C
6-NA,343,0,1369,0,0,1369,T
6-NA,344,0,2,1373,0,1375,G
6-NA,345,1,0,1372,0,1373,G
6-NA,346,1,1,1373,0,1375,G
6-NA,347,0,1359,0,1,1360,T
6-NA,348,0,2,1333,0,1335,G
6-NA,349,1337,0,1,0,1338,A
6-NA,350,0,0,0,1368,1368,C
6-NA,351,1360,0,0,0,1360,A
6-NA,352,1384,0,0,0,1384,A
6-NA,353,1,3,1404,0,1408,G
6-NA,354,1389,0,1,0,1390,A
6-NA,355,0,1,1410,0,1411,G
6-NA,356,1427,11,0,0,1438,A
6-NA,357,1494,0,0,0,1494,A
6-NA,358,0,0,1,1692,1693,C
6-NA,359,1,1,0,1737,1739,C
6-NA,360,0,1735,0,2,1737,T
6-NA,361,0,1737,0,0,1737,T
6-NA,362,1736,0,0,0,1736,A
6-NA,363,0,1741,0,1,1742,T
6-NA,364,0,1,1795,0,1796,G
6-NA,365,0,1794,0,0,1794,T
6-NA,366,22,0,1796,0,1818,G
6-NA,367,1,1775,0,4,1780,T
6-NA,368,1,0,0,1774,1775,C
6-NA,369,1789,0,0,8,1797,A
6-NA,370,0,1798,0,0,1798,T
6-NA,371,0,0,1796,0,1796,G
6-NA,372,0,0,0,1796,1796,C
6-NA,373,1,1,1780,0,1782,G
6-NA,374,1977,0,4,0,1981,A
6-NA,375,0,1968,0,1,1969,T
6-NA,376,1,0,0,2005,2006,C
6-NA,377,2,0,0,2006,2008,C
6-NA,378,0,2053,0,1,2054,T
6-NA,379,0,4,2064,0,2068,G
6-NA,380,2080,0,1,0,2081,A
6-NA,381,0,1,0,2077,2078,C
6-NA,382,2071,2,2,0,2075,A
6-NA,383,2023,0,0,0,2023,A
6-NA,384,0,0,2101,0,2101,G
6-NA,385,0,2088,0,0,2088,T
6-NA,386,0,1,2107,0,2108,G
6-NA,387,0,2088,0,0,2088,T
6-NA,388,0,2091,0,0,2091,T
6-NA,389,2089,0,0,0,2089,A
6-NA,390,0,2086,0,1,2087,T
6-NA,391,3,0,0,2120,2123,C
6-NA,392,2118,0,0,0,2118,A
6-NA,393,2098,0,0,0,2098,A
6-NA,394,0,2090,0,0,2090,T
6-NA,395,0,2080,0,1,2081,T
6-NA,396,0,2087,0,0,2087,T
6-NA,397,1,1,2084,0,2086,G
6-NA,398,0,0,0,2194,2194,C
6-NA,399,4,2,0,2184,2190,C
6-NA,400,3,1,0,2196,2200,C
6-NA,401,0,2195,0,1,2196,T
6-NA,402,0,2202,0,1,2203,T
6-NA,403,1,1,2221,0,2223,G
6-NA,404,0,1,2231,0,2232,G
6-NA,405,2232,0,6,0,2238,A
6-NA,406,0,0,0,2240,2240,C
6-NA,407,2192,0,0,0,2192,A
6-NA,408,0,4,2245,0,2249,G
6-NA,409,2,1,2237,0,2240,G
6-NA,410,0,2,2310,0,2312,G
6-NA,411,2307,0,3,0,2310,A
6-NA,412,2304,0,0,0,2304,A
6-NA,413,0,0,0,2308,2308,C
6-NA,414,2304,0,2,0,2306,A
6-NA,415,2517,0,4,0,2521,A
6-NA,416,0,1,0,2535,2536,C
6-NA,417,2517,0,1,0,2518,A
6-NA,418,0,0,0,2543,2543,C
6-NA,419,0,2510,0,0,2510,T
6-NA,420,2539,0,1,0,2540,A
6-NA,421,2537,0,0,0,2537,A
6-NA,422,2545,0,2,0,2547,A
6-NA,423,0,2,0,2553,2555,C
6-NA,424,2435,0,0,0,2435,A
6-NA,425,2456,0,2,0,2458,A
6-NA,426,0,0,0,2480,2480,C
6-NA,427,4,0,2462,1,2467,G
6-NA,428,0,2461,0,0,2461,T
6-NA,429,2435,0,1,0,2436,A
6-NA,430,0,0,0,2477,2477,C
6-NA,431,2483,0,0,0,2483,A
6-NA,432,0,2494,0,0,2494,T
6-NA,433,0,2499,0,1,2500,T
6-NA,434,4,0,0,2597,2601,C
6-NA,435,2658,0,0,3,2661,A
6-NA,436,2668,0,3,0,2671,A
6-NA,437,2664,0,0,0,2664,A
6-NA,438,0,2666,0,0,2666,T
6-NA,439,2640,0,2,1,2643,A
6-NA,440,2712,0,0,0,2712,A
6-NA,441,2,0,0,2726,2728,C
6-NA,442,2716,0,1,1,2718,A
6-NA,443,0,2,0,2768,2770,C
6-NA,444,2681,0,0,1,2682,A
6-NA,445,1,1,3143,0,3145,G
6-NA,446,0,3139,0,0,3139,T
6-NA,447,3203,0,2,0,3205,A
6-NA,448,1,0,0,3221,3222,C
6-NA,449,0,1,3218,0,3219,G
6-NA,450,0,3350,0,3,3353,T
6-NA,451,1,5,3369,0,3375,G
6-NA,452,3367,0,0,0,3367,A
6-NA,453,0,3389,0,0,3389,T
6-NA,454,3169,0,3,0,3172,A
6-NA,455,1,2,3169,0,3172,G
6-NA,456,1,2,3137,0,3140,G
6-NA,457,3160,0,3,0,3163,A
6-NA,458,2,0,0,3196,3198,C
6-NA,459,0,1,0,3166,3167,C
6-NA,460,3,1,0,3208,3212,C
6-NA,461,0,0,0,3232,3232,C
6-NA,462,0,3254,0,3,3257,T
6-NA,463,0,3314,0,1,3315,T
6-NA,464,3331,0,1,0,3332,A
6-NA,465,0,3324,0,0,3324,T
6-NA,466,3,0,0,3326,3329,C
6-NA,467,1,3,3281,0,3285,G
6-NA,468,0,4,3252,0,3256,G
6-NA,469,3264,0,1,0,3265,A
6-NA,470,1,7,0,3275,3283,C
6-NA,471,2,0,0,3264,3266,C
6-NA,472,3,0,0,3460,3463,C
6-NA,473,0,3441,0,2,3443,T
6-NA,474,3499,0,1,5,3505,A
6-NA,475,0,3499,0,0,3499,T
6-NA,476,0,3503,0,0,3503,T
6-NA,477,1,4,3512,0,3517,G
6-NA,478,3490,0,0,1,3491,A
6-NA,479,2,3478,0,1,3481,T
6-NA,480,0,1,3493,0,3494,G
6-NA,481,3369,1,1,0,3371,A
6-NA,482,3387,0,0,0,3387,A
6-NA,483,1,3370,0,0,3371,T
6-NA,484,0,2,3418,0,3420,G
6-NA,485,3423,0,1,0,3424,A
6-NA,486,0,1,3507,0,3508,G
6-NA,487,0,3490,0,0,3490,T
6-NA,488,0,3521,0,1,3522,T
6-NA,489,3510,0,3,0,3513,A
6-NA,490,0,3,3520,0,3523,G
6-NA,491,0,0,3517,0,3517,G
6-NA,492,0,3504,0,3,3507,T
6-NA,493,0,0,3517,1,3518,G
6-NA,494,0,3489,1,4,3494,T
6-NA,495,0,3468,0,7,3475,T
6-NA,496,4,0,0,3513,3517,C
6-NA,497,3,1,0,3534,3538,C
6-NA,498,0,3534,0,6,3540,T
6-NA,499,0,3536,1,2,3539,T
6-NA,500,0,3517,0,2,3519,T
6-NA,501,1,3518,0,0,3519,T
6-NA,502,6,2,0,3521,3529,C
6-NA,503,3514,0,0,0,3514,A
6-NA,504,0,3598,0,1,3599,T
6-NA,505,0,0,0,3592,3592,C
6-NA,506,0,3562,0,2,3564,T
6-NA,507,0,5,3531,0,3536,G
6-NA,508,1,1,3528,0,3530,G
6-NA,509,1,1,3519,0,3521,G
6-NA,510,2,6,3580,0,3588,G
6-NA,511,3585,0,3,0,3588,A
6-NA,512,0,0,0,3626,3626,C
6-NA,513,3,2,0,3575,3580,C
6-NA,514,3624,0,2,0,3626,A
6-NA,515,3614,0,6,1,3621,A
6-NA,516,1,1,3627,0,3629,G
6-NA,517,0,0,0,3648,3648,C
6-NA,518,3644,0,1,0,3645,A
6-NA,519,3710,0,2,0,3712,A
6-NA,520,1,0,3740,0,3741,G
6-NA,521,0,3720,1,2,3723,T
6-NA,522,4,1,3814,0,3819,G
6-NA,523,0,3789,0,1,3790,T
6-NA,524,4,0,3894,1,3899,G
6-NA,525,1,1,1,3899,3902,C
6-NA,526,3902,0,1,0,3903,A
6-NA,527,0,3934,0,1,3935,T
6-NA,528,3862,0,3,0,3865,A
6-NA,529,2,0,3958,0,3960,G
6-NA,530,0,0,0,3950,3950,C
6-NA,531,3860,0,2,0,3862,A
6-NA,532,0,3864,0,2,3866,T
6-NA,533,1,7,3741,0,3749,G
6-NA,534,3,0,3922,0,3925,G
6-NA,535,0,3914,0,3,3917,T
6-NA,536,7,1,1,3889,3898,C
6-NA,537,0,0,0,3878,3878,C
6-NA,538,3829,0,3,0,3832,A
6-NA,539,2,2,3867,0,3871,G
6-NA,540,0,1,0,3872,3873,C
6-NA,541,0,3877,0,10,3887,T
6-NA,542,6,0,1,3878,3885,C
6-NA,543,3782,0,0,0,3782,A
6-NA,544,3779,0,2,0,3781,A
6-NA,545,9,0,3797,0,3806,G
6-NA,546,0,3806,0,1,3807,T
6-NA,547,0,3790,0,2,3792,T
6-NA,548,0,2,3783,0,3785,G
6-NA,549,0,3778,0,4,3782,T
6-NA,550,10,0,1,3769,3780,C
6-NA,551,3778,0,3,0,3781,A
6-NA,552,0,0,0,3795,3795,C
6-NA,553,1,1,3786,0,3788,G
6-NA,554,3776,0,0,1,3777,A
6-NA,555,0,3804,0,1,3805,T
6-NA,556,1,0,3844,0,3845,G
6-NA,557,0,6,3838,0,3844,G
6-NA,558,3849,0,1,0,3850,A
6-NA,559,3849,0,4,0,3853,A
6-NA,560,3869,0,0,0,3869,A
6-NA,561,3859,0,6,0,3865,A
6-NA,562,0,2,3880,0,3882,G
6-NA,563,0,2,0,3867,3869,C
6-NA,564,3860,0,4,0,3864,A
6-NA,565,0,3859,0,0,3859,T
6-NA,566,1,2,3869,0,3872,G
6-NA,567,0,0,3842,0,3842,G
6-NA,568,0,1,0,3869,3870,C
6-NA,569,2,3858,0,2,3862,T
6-NA,570,0,2,3876,0,3878,G
6-NA,571,1,0,0,3871,3872,C
6-NA,572,3874,0,1,0,3875,A
6-NA,573,0,3979,0,2,3981,T
6-NA,574,0,0,3987,0,3987,G
6-NA,575,0,3973,0,3,3976,T
6-NA,576,0,4019,0,1,4020,T
6-NA,577,0,3998,0,2,4000,T
6-NA,578,1,2,4133,0,4136,G
6-NA,579,1,4088,0,4,4093,T
6-NA,580,4126,0,2,0,4128,A
6-NA,581,0,4127,0,0,4127,T
6-NA,582,4071,0,1,0,4072,A
6-NA,583,4069,1,1,0,4071,A
6-NA,584,0,1,0,4041,4042,C
6-NA,585,1,7,4004,1,4013,G
6-NA,586,0,2,3997,0,3999,G
6-NA,587,2,9,3906,0,3917,G
6-NA,588,1,5,3909,0,3915,G
6-NA,589,1,1,3930,0,3932,G
6-NA,590,3882,0,3,1,3886,A
6-NA,591,0,3916,0,2,3918,T
6-NA,592,0,3,3925,0,3928,G
6-NA,593,3932,0,3,0,3935,A
6-NA,594,1,3947,0,0,3948,T
6-NA,595,3938,0,0,0,3938,A
6-NA,596,4031,0,1,0,4032,A
6-NA,597,4024,0,2,0,4026,A
6-NA,598,4027,0,0,0,4027,A
6-NA,599,4029,0,0,0,4029,A
6-NA,600,0,4032,0,0,4032,T
6-NA,601,1,0,4025,0,4026,G
6-NA,602,1,2,0,4013,4016,C
6-NA,603,4023,0,4,0,4027,A
6-NA,604,4022,0,0,0,4022,A
6-NA,605,1,0,0,4047,4048,C
6-NA,606,0,4041,0,2,4043,T
6-NA,607,2,0,4042,0,4044,G
6-NA,608,0,1,0,4032,4033,C
6-NA,609,0,4043,0,2,4045,T
6-NA,610,4035,1,2,0,4038,A
6-NA,611,1,0,4040,0,4041,G
6-NA,612,1,0,0,4055,4056,C
6-NA,613,0,4061,0,2,4063,T
6-NA,614,0,4052,0,0,4052,T
6-NA,615,6,0,1,4072,4079,C
6-NA,616,4087,0,0,0,4087,A
6-NA,617,0,4088,0,1,4089,T
6-NA,618,0,4090,0,0,4090,T
6-NA,619,0,4115,1,2,4118,T
6-NA,620,4098,0,1,1,4100,A
6-NA,621,0,0,0,4131,4131,C
6-NA,622,4099,0,0,0,4099,A
6-NA,623,4108,0,2,0,4110,A
6-NA,624,0,4095,0,2,4097,T
6-NA,625,0,4,4063,0,4067,G
6-NA,626,7,1,4047,0,4055,G
6-NA,627,1,2,4055,0,4058,G
6-NA,628,4027,0,1,0,4028,A
6-NA,629,0,1,4094,0,4095,G
6-NA,630,0,1,4109,0,4110,G
6-NA,631,0,0,0,4291,4291,C
6-NA,632,0,4327,0,4,4331,T
6-NA,633,0,4372,0,0,4372,T
6-NA,634,0,0,4400,0,4400,G
6-NA,635,0,4382,1,1,4384,T
6-NA,636,4415,1,0,0,4416,A
6-NA,637,0,1,4438,0,4439,G
6-NA,638,4319,0,2,0,4321,A
6-NA,639,0,4334,1,0,4335,T
6-NA,640,3990,1,0,0,3991,A
6-NA,641,1,0,3997,0,3998,G
6-NA,642,0,3923,1,4,3928,T
6-NA,643,2,1,3869,0,3872,G
6-NA,644,0,3981,0,1,3982,T
6-NA,645,1,3995,0,2,3998,T
6-NA,646,1,1,4040,0,4042,G
6-NA,647,1,4025,1,2,4029,T
6-NA,648,0,4029,0,0,4029,T
6-NA,649,0,4025,0,3,4028,T
6-NA,650,6,0,0,3969,3975,C
6-NA,651,3952,1,5,1,3959,A
6-NA,652,0,3932,0,4,3936,T
6-NA,653,0,7,3929,0,3936,G
6-NA,654,0,0,4073,0,4073,G
6-NA,655,0,4053,0,7,4060,T
6-NA,656,9,1,0,4029,4039,C
6-NA,657,6,4,0,4041,4051,C
6-NA,658,4051,0,11,1,4063,A
6-NA,659,4064,0,1,1,4066,A
6-NA,660,4068,0,3,0,4071,A
6-NA,661,0,1,4078,0,4079,G
6-NA,662,4070,1,0,0,4071,A
6-NA,663,3918,0,0,0,3918,A
6-NA,664,3898,0,3,0,3901,A
6-NA,665,2,3891,0,0,3893,T
6-NA,666,6,1,0,3961,3968,C
6-NA,667,2,1,0,3973,3976,C
6-NA,668,0,3952,0,1,3953,T
6-NA,669,6,0,0,3962,3968,C
6-NA,670,3959,0,3,1,3963,A
6-NA,671,4,1,3955,0,3960,G
6-NA,672,1,9,3953,0,3963,G
6-NA,673,4019,0,1,0,4020,A
6-NA,674,1,1,0,4034,4036,C
6-NA,675,5,2,0,3938,3945,C
6-NA,676,2,1,0,3972,3975,C
6-NA,677,3967,1,5,0,3973,A
6-NA,678,0,3,3989,0,3992,G
6-NA,679,1,3,3984,1,3989,G
6-NA,680,3966,0,3,1,3970,A
6-NA,681,0,0,4018,0,4018,G
6-NA,682,0,3941,0,2,3943,T
6-NA,683,8,0,0,3955,3963,C
6-NA,684,3964,0,4,0,3968,A
6-NA,685,0,1,3988,0,3989,G
6-NA,686,3965,0,2,1,3968,A
6-NA,687,3966,0,0,1,3967,A
6-NA,688,1,3955,0,0,3956,T
6-NA,689,1,1,3965,0,3967,G
6-NA,690,0,2,0,3930,3932,C
6-NA,691,0,1,3959,0,3960,G
6-NA,692,0,3951,0,2,3953,T
6-NA,693,1,3961,0,3,3965,T
6-NA,694,0,3956,0,1,3957,T
6-NA,695,0,0,3969,0,3969,G
6-NA,696,0,3966,0,6,3972,T
6-NA,697,3987,0,1,0,3988,A
6-NA,698,0,3948,0,2,3950,T
6-NA,699,2,1,0,3920,3923,C
6-NA,700,3921,1,1,0,3923,A
6-NA,701,3913,0,0,0,3913,A
6-NA,702,0,3919,0,0,3919,T
6-NA,703,0,3,3898,0,3901,G
6-NA,704,1,6,3907,0,3914,G
6-NA,705,3933,0,2,0,3935,A
6-NA,706,3938,0,4,1,3943,A
6-NA,707,0,2,0,3963,3965,C
6-NA,708,0,3975,0,2,3977,T
6-NA,709,0,3973,1,0,3974,T
6-NA,710,2,1,4061,0,4064,G
6-NA,711,0,4052,0,1,4053,T
6-NA,712,4037,0,7,0,4044,A
6-NA,713,1,0,0,4089,4090,C
6-NA,714,3998,1,2,1,4002,A
6-NA,715,0,0,4250,0,4250,G
6-NA,716,0,4217,0,0,4217,T
6-NA,717,4339,0,0,0,4339,A
6-NA,718,4,1,4354,0,4359,G
6-NA,719,2,4277,0,0,4279,T
6-NA,720,4285,1,8,0,4294,A
6-NA,721,4288,1,1,0,4290,A
6-NA,722,0,4237,0,1,4238,T
6-NA,723,0,13,4245,0,4258,G
6-NA,724,4091,0,1,1,4093,A
6-NA,725,0,0,0,4131,4131,C
6-NA,726,0,4006,0,3,4009,T
6-NA,727,0,3,4031,0,4034,G
6-NA,728,4012,0,2,0,4014,A
6-NA,729,0,4028,0,2,4030,T
6-NA,730,0,5,4030,0,4035,G
6-NA,731,1,4,3984,0,3989,G
6-NA,732,0,5,4009,0,4014,G
6-NA,733,3914,2,2,2,3920,A
6-NA,734,0,1,3948,0,3949,G
6-NA,735,0,3909,1,0,3910,T
6-NA,736,0,0,3934,1,3935,G
6-NA,737,0,0,0,3943,3943,C
6-NA,738,1,3939,0,6,3946,T
6-NA,739,0,3948,0,0,3948,T
6-NA,740,2,6,0,3939,3947,C
6-NA,741,3952,0,4,0,3956,A
6-NA,742,0,3,3954,0,3957,G
6-NA,743,0,1,3952,0,3953,G
6-NA,744,3954,0,4,0,3958,A
6-NA,745,3917,0,0,0,3917,A
6-NA,746,3871,0,1,0,3872,A
6-NA,747,3885,0,2,0,3887,A
6-NA,748,1,0,3904,0,3905,G
6-NA,749,1,0,0,3896,3897,C
6-NA,750,0,3899,0,2,3901,T
6-NA,751,1,3,3893,0,3897,G
6-NA,752,3890,0,3,0,3893,A
6-NA,753,0,3917,0,3,3920,T
6-NA,754,3933,0,0,0,3933,A
6-NA,755,0,1,0,4038,4039,C
6-NA,756,1,4028,0,0,4029,T
6-NA,757,4029,0,0,0,4029,A
6-NA,758,4024,0,0,0,4024,A
6-NA,759,4029,0,0,0,4029,A
6-NA,760,4093,0,0,0,4093,A
6-NA,761,0,4099,0,0,4099,T
6-NA,762,4047,0,0,0,4047,A
6-NA,763,0,1,0,4095,4096,C
6-NA,764,0,3975,0,1,3976,T
6-NA,765,4003,1,0,0,4004,A
6-NA,766,0,3957,0,3,3960,T
6-NA,767,0,4111,0,1,4112,T
6-NA,768,4,1,0,4135,4140,C
6-NA,769,4046,0,5,0,4051,A
6-NA,770,0,4026,0,0,4026,T
6-NA,771,0,4034,0,5,4039,T
6-NA,772,0,5,4045,1,4051,G
6-NA,773,4012,0,2,0,4014,A
6-NA,774,0,2,4004,1,4007,G
6-NA,775,0,2,3996,0,3998,G
6-NA,776,3850,1,1,0,3852,A
6-NA,777,1,4,3902,0,3907,G
6-NA,778,3,5,3883,0,3891,G
6-NA,779,1,4,3889,0,3894,G
6-NA,780,2,3,3907,0,3912,G
6-NA,781,3881,0,2,1,3884,A
6-NA,782,3894,0,1,0,3895,A
6-NA,783,3887,0,0,1,3888,A
6-NA,784,3868,0,1,0,3869,A
6-NA,785,0,3831,0,1,3832,T
6-NA,786,2,2,0,3863,3867,C
6-NA,787,2,0,3905,0,3907,G
6-NA,788,0,3884,0,1,3885,T
6-NA,789,2,3859,0,3,3864,T
6-NA,790,10,0,0,3885,3895,C
6-NA,791,3896,0,0,0,3896,A
6-NA,792,0,4093,0,3,4096,T
6-NA,793,4084,0,0,0,4084,A
6-NA,794,0,0,0,4123,4123,C
6-NA,795,0,4106,0,1,4107,T
6-NA,796,4081,0,6,0,4087,A
6-NA,797,2,1,4077,0,4080,G
6-NA,798,0,0,0,4081,4081,C
6-NA,799,4058,0,2,0,4060,A
6-NA,800,1,3,0,4075,4079,C
6-NA,801,3893,0,0,0,3893,A
6-NA,802,0,3941,0,0,3941,T
6-NA,803,2,3922,0,1,3925,T
6-NA,804,1,0,4086,0,4087,G
6-NA,805,0,4053,0,4,4057,T
6-NA,806,10,1,0,4047,4058,C
6-NA,807,4055,0,1,1,4057,A
6-NA,808,0,0,4074,0,4074,G
6-NA,809,0,3,4074,0,4077,G
6-NA,810,4041,3,0,0,4044,A
6-NA,811,3986,0,0,0,3986,A
6-NA,812,3,0,4037,0,4040,G
6-NA,813,0,3798,0,0,3798,T
6-NA,814,0,4,3812,0,3816,G
6-NA,815,2,0,0,3799,3801,C
6-NA,816,0,3810,0,1,3811,T
6-NA,817,7,0,1,3820,3828,C
6-NA,818,3826,0,0,0,3826,A
6-NA,819,1,0,3834,0,3835,G
6-NA,820,0,0,0,3824,3824,C
6-NA,821,3814,1,2,0,3817,A
6-NA,822,0,3812,0,0,3812,T
6-NA,823,0,0,3922,0,3922,G
6-NA,824,0,3895,0,3,3898,T
6-NA,825,14,0,0,3896,3910,C
6-NA,826,0,2,3913,0,3915,G
6-NA,827,3879,0,0,0,3879,A
6-NA,828,1,4,3856,0,3861,G
6-NA,829,0,3,3870,0,3873,G
6-NA,830,3839,0,2,0,3841,A
6-NA,831,0,0,3882,0,3882,G
6-NA,832,0,3772,0,1,3773,T
6-NA,833,2,0,3754,0,3756,G
6-NA,834,3,0,0,3778,3781,C
6-NA,835,2,3775,0,4,3781,T
6-NA,836,8,0,0,3797,3805,C
6-NA,837,2,0,0,3816,3818,C
6-NA,838,1,3822,0,1,3824,T
6-NA,839,3,1,3832,0,3836,G
6-NA,840,1,0,1,3778,3780,C
6-NA,841,0,3773,1,1,3775,T
6-NA,842,3807,0,0,0,3807,A
6-NA,843,0,3696,0,0,3696,T
6-NA,844,1,1,0,3722,3724,C
6-NA,845,6,0,0,3714,3720,C
6-NA,846,0,3668,0,5,3673,T
6-NA,847,4,1,1,3714,3720,C
6-NA,848,0,1,3726,0,3727,G
6-NA,849,3745,0,2,0,3747,A
6-NA,850,1,3741,0,4,3746,T
6-NA,851,3723,0,0,0,3723,A
6-NA,852,0,3707,0,0,3707,T
6-NA,853,3,1,2,3698,3704,C
6-NA,854,2,2,0,3687,3691,C
6-NA,855,0,3678,0,1,3679,T
6-NA,856,1,4,3670,0,3675,G
6-NA,857,0,2,3668,1,3671,G
6-NA,858,0,3692,0,6,3698,T
6-NA,859,1,0,3716,0,3717,G
6-NA,860,0,3695,0,4,3699,T
6-NA,861,7,1,0,3685,3693,C
6-NA,862,3679,1,1,0,3681,A
6-NA,863,1,3,3686,0,3690,G
6-NA,864,3696,1,0,0,3697,A
6-NA,865,0,3644,0,0,3644,T
6-NA,866,0,0,3661,0,3661,G
6-NA,867,0,3521,0,0,3521,T
6-NA,868,1,0,3537,0,3538,G
6-NA,869,1,3521,0,1,3523,T
6-NA,870,5,0,0,3600,3605,C
6-NA,871,0,3671,0,3,3674,T
6-NA,872,0,0,3710,0,3710,G
6-NA,873,2,1,1,3707,3711,C
6-NA,874,3702,1,0,0,3703,A
6-NA,875,2496,1,1160,0,3657,A
6-NA,876,3648,2,1,0,3651,A
6-NA,877,0,3,3664,0,3667,G
6-NA,878,3658,0,3,0,3661,A
6-NA,879,4,0,0,3641,3645,C
6-NA,880,3270,0,2,0,3272,A
6-NA,881,3188,1,63,0,3252,A
6-NA,882,3,3,0,3231,3237,C
6-NA,883,1,3257,0,1,3259,T
6-NA,884,0,0,3253,0,3253,G
6-NA,885,1,2,3262,0,3265,G
6-NA,886,3229,0,1,0,3230,A
6-NA,887,3235,0,1,0,3236,A
6-NA,888,3172,0,3,0,3175,A
6-NA,889,0,0,3167,0,3167,G
6-NA,890,0,2,3112,0,3114,G
6-NA,891,3055,0,1,1,3057,A
6-NA,892,0,3105,0,2,3107,T
6-NA,893,2,0,0,3121,3123,C
6-NA,894,5,0,0,3178,3183,C
6-NA,895,3179,0,7,0,3186,A
6-NA,896,3186,0,0,0,3186,A
6-NA,897,0,3180,0,1,3181,T
6-NA,898,3094,0,1,0,3095,A
6-NA,899,1,2,3057,0,3060,G
6-NA,900,0,0,3032,0,3032,G
6-NA,901,0,0,0,3045,3045,C
6-NA,902,2,0,0,3000,3002,C
6-NA,903,2,0,0,2916,2918,C
6-NA,904,2924,0,1,0,2925,A
6-NA,905,1,2927,0,4,2932,T
6-NA,906,6,3,0,2954,2963,C
6-NA,907,1,0,2971,0,2972,G
6-NA,908,0,2959,0,0,2959,T
6-NA,909,2883,0,0,0,2883,A
6-NA,910,0,2,2932,0,2934,G
6-NA,911,2929,0,0,0,2929,A
6-NA,912,0,2936,1,0,2937,T
6-NA,913,2867,0,0,0,2867,A
6-NA,914,0,2840,0,0,2840,T
6-NA,915,2831,0,0,0,2831,A
6-NA,916,2819,0,0,0,2819,A
6-NA,917,2852,0,1,2,2855,A
6-NA,918,1,1,0,2892,2894,C
6-NA,919,2807,0,0,0,2807,A
6-NA,920,0,2809,0,0,2809,T
6-NA,921,2786,0,0,0,2786,A
6-NA,922,2785,0,1,0,2786,A
6-NA,923,2776,0,1,0,2777,A
6-NA,924,0,2,2775,0,2777,G
6-NA,925,0,2,2785,0,2787,G
6-NA,926,2676,0,2,0,2678,A
6-NA,927,1,2648,0,3,2652,T
6-NA,928,2,0,0,2664,2666,C
6-NA,929,2669,0,3,1,2673,A
6-NA,930,0,2671,0,1,2672,T
6-NA,931,2665,0,0,0,2665,A
6-NA,932,1,0,2666,0,2667,G
6-NA,933,1,0,0,2622,2623,C
6-NA,934,2557,1,1,0,2559,A
6-NA,935,0,2418,1,0,2419,T
6-NA,936,0,2437,0,0,2437,T
6-NA,937,0,0,2429,0,2429,G
6-NA,938,1,2411,0,2,2414,T
6-NA,939,7,1,0,2370,2378,C
6-NA,940,1,2484,1,3,2489,T
6-NA,941,3,0,0,2510,2513,C
6-NA,942,1,0,0,2528,2529,C
6-NA,943,2552,0,0,0,2552,A
6-NA,944,0,0,2575,0,2575,G
6-NA,945,0,2550,0,1,2551,T
6-NA,946,0,2360,0,0,2360,T
6-NA,947,2356,0,0,0,2356,A
6-NA,948,0,2224,0,2,2226,T
6-NA,949,3,0,2230,0,2233,G
6-NA,950,0,2171,0,0,2171,T
6-NA,951,0,3,2170,1,2174,G
6-NA,952,0,2052,0,3,2055,T
6-NA,953,0,0,2054,0,2054,G
6-NA,954,1,2038,0,1,2040,T
6-NA,955,0,2037,1,1,2039,T
6-NA,956,3,0,0,2037,2040,C
6-NA,957,2007,1,1,0,2009,A
6-NA,958,1,2,2011,0,2014,G
6-NA,959,0,1,1997,0,1998,G
6-NA,960,1969,0,0,0,1969,A
6-NA,961,0,0,0,1976,1976,C
6-NA,962,0,1861,0,0,1861,T
6-NA,963,0,1862,0,0,1862,T
6-NA,964,1,0,1898,0,1899,G
6-NA,965,0,1895,0,0,1895,T
6-NA,966,0,1895,0,1,1896,T
6-NA,967,0,0,1884,0,1884,G
6-NA,968,0,2,1864,0,1866,G
6-NA,969,1864,0,3,0,1867,A
6-NA,970,0,4,1881,0,1885,G
6-NA,971,1858,0,2,0,1860,A
6-NA,972,0,1,0,1873,1874,C
6-NA,973,1804,0,1,0,1805,A
6-NA,974,0,0,0,1816,1816,C
6-NA,975,1812,0,1,2,1815,A
6-NA,976,1,0,0,1829,1830,C
6-NA,977,0,0,0,1817,1817,C
6-NA,978,0,0,0,1832,1832,C
6-NA,979,1831,0,1,0,1832,A
6-NA,980,0,1,1834,0,1835,G
6-NA,981,1827,0,0,0,1827,A
6-NA,982,1842,0,0,0,1842,A
6-NA,983,1830,0,0,0,1830,A
6-NA,984,1824,0,0,0,1824,A
6-NA,985,1800,1,1,0,1802,A
6-NA,986,1805,0,0,0,1805,A
6-NA,987,0,3,0,1808,1811,C
6-NA,988,0,2,1801,0,1803,G
6-NA,989,1804,0,0,0,1804,A
6-NA,990,0,0,0,1799,1799,C
6-NA,991,1796,0,0,0,1796,A
6-NA,992,0,1,1808,0,1809,G
6-NA,993,0,0,0,1848,1848,C
6-NA,994,0,1838,0,1,1839,T
6-NA,995,2,1,0,1839,1842,C
6-NA,996,1,0,0,1860,1861,C
6-NA,997,1856,0,5,0,1861,A
6-NA,998,0,0,1874,0,1874,G
6-NA,999,0,2,0,1869,1871,C
6-NA,1000,1865,1,1,0,1867,A
6-NA,1001,0,0,1866,0,1866,G
6-NA,1002,0,1773,1,0,1774,T
6-NA,1003,1780,0,3,0,1783,A
6-NA,1004,0,0,1782,0,1782,G
6-NA,1005,1,1,0,1776,1778,C
6-NA,1006,1,0,0,1785,1786,C
6-NA,1007,1766,0,0,0,1766,A
6-NA,1008,1,1766,0,0,1767,T
6-NA,1009,0,1769,0,0,1769,T
6-NA,1010,1,0,1800,0,1801,G
6-NA,1011,0,1786,0,1,1787,T
6-NA,1012,0,1784,0,0,1784,T
6-NA,1013,0,1786,0,1,1787,T
6-NA,1014,0,1,1761,0,1762,G
6-NA,1015,2,1,1772,0,1775,G
6-NA,1016,1774,0,0,0,1774,A
6-NA,1017,0,1778,0,0,1778,T
6-NA,1018,2,0,0,1774,1776,C
6-NA,1019,1,1,0,1757,1759,C
6-NA,1020,1,1758,0,0,1759,T
6-NA,1021,1761,0,2,0,1763,A
6-NA,1022,1765,0,0,0,1765,A
6-NA,1023,1,0,0,1784,1785,C
6-NA,1024,1734,0,2,0,1736,A
6-NA,1025,1758,0,0,0,1758,A
6-NA,1026,1,1746,0,0,1747,T
6-NA,1027,0,1,1740,0,1741,G
6-NA,1028,1725,0,1,0,1726,A
6-NA,1029,0,3,1666,0,1669,G
6-NA,1030,0,0,1684,0,1684,G
6-NA,1031,1685,0,0,0,1685,A
6-NA,1032,1687,0,1,0,1688,A
6-NA,1033,0,1,1690,0,1691,G
6-NA,1034,0,1,1698,0,1699,G
6-NA,1035,0,1669,0,2,1671,T
6-NA,1036,0,1,1672,0,1673,G
6-NA,1037,0,0,1700,0,1700,G
6-NA,1038,0,1668,0,1,1669,T
6-NA,1039,9,0,0,1656,1665,C
6-NA,1040,1653,0,2,0,1655,A
6-NA,1041,0,1661,0,0,1661,T
6-NA,1042,0,1,1658,0,1659,G
6-NA,1043,0,3,1639,0,1642,G
6-NA,1044,0,0,1584,0,1584,G
6-NA,1045,0,0,1639,0,1639,G
6-NA,1046,0,1637,0,4,1641,T
6-NA,1047,0,3,1636,0,1639,G
6-NA,1048,1638,0,0,0,1638,A
6-NA,1049,1636,0,0,0,1636,A
6-NA,1050,1630,0,1,0,1631,A
6-NA,1051,0,2,1644,0,1646,G
6-NA,1052,0,0,1621,0,1621,G
6-NA,1053,0,0,0,1605,1605,C
6-NA,1054,0,1557,0,1,1558,T
6-NA,1055,2,2,1563,1,1568,G
6-NA,1056,0,0,1564,0,1564,G
6-NA,1057,1,0,1564,0,1565,G
6-NA,1058,1,0,0,1560,1561,C
6-NA,1059,12,0,0,1542,1554,C
6-NA,1060,0,1539,1,1,1541,T
6-NA,1061,0,1537,1,0,1538,T
6-NA,1062,0,1549,0,0,1549,T
6-NA,1063,0,0,1552,0,1552,G
6-NA,1064,1546,0,2,0,1548,A
6-NA,1065,0,1525,0,1,1526,T
6-NA,1066,1,0,1501,0,1502,G
6-NA,1067,1466,0,0,1,1467,A
6-NA,1068,0,1467,0,0,1467,T
6-NA,1069,0,0,1466,0,1466,G
6-NA,1070,0,2,1474,0,1476,G
6-NA,1071,1473,1,0,0,1474,A
6-NA,1072,1477,0,0,0,1477,A
6-NA,1073,1472,0,0,0,1472,A
6-NA,1074,0,1466,0,0,1466,T
6-NA,1075,0,6,1457,0,1463,G
6-NA,1076,1449,0,1,0,1450,A
6-NA,1077,0,0,0,1450,1450,C
6-NA,1078,0,0,1456,0,1456,G
6-NA,1079,0,1418,0,0,1418,T
6-NA,1080,0,0,1428,0,1428,G
6-NA,1081,0,1415,0,1,1416,T
6-NA,1082,0,1,1417,0,1418,G
6-NA,1083,0,0,1423,0,1423,G
6-NA,1084,1417,0,0,0,1417,A
6-NA,1085,0,1416,0,0,1416,T
6-NA,1086,1,1,1405,0,1407,G
6-NA,1087,0,0,1393,0,1393,G
6-NA,1088,0,0,1407,0,1407,G
6-NA,1089,1395,0,1,0,1396,A
6-NA,1090,1388,0,1,0,1389,A
6-NA,1091,0,1,1380,0,1381,G
6-NA,1092,1359,0,0,0,1359,A
6-NA,1093,1359,0,0,0,1359,A
6-NA,1094,0,1,0,1351,1352,C
6-NA,1095,0,2,1346,0,1348,G
6-NA,1096,1337,0,0,0,1337,A
6-NA,1097,0,1312,0,0,1312,T
6-NA,1098,0,0,0,1325,1325,C
6-NA,1099,1311,0,3,1,1315,A
6-NA,1100,1,0,1312,0,1313,G
6-NA,1101,0,0,0,1313,1313,C
6-NA,1102,0,3,1309,0,1312,G
6-NA,1103,1310,0,0,0,1310,A
6-NA,1104,0,0,1313,0,1313,G
6-NA,1105,1307,0,1,0,1308,A
6-NA,1106,1305,0,0,0,1305,A
6-NA,1107,0,0,1310,0,1310,G
6-NA,1108,0,1291,1,0,1292,T
6-NA,1109,2,0,0,1281,1283,C
6-NA,1110,1270,0,1,0,1271,A
6-NA,1111,1,4,0,1298,1303,C
6-NA,1112,0,0,1299,0,1299,G
6-NA,1113,0,0,0,1301,1301,C
6-NA,1114,0,1284,0,3,1287,T
6-NA,1115,0,1290,0,0,1290,T
6-NA,1116,1261,0,2,0,1263,A
6-NA,1117,0,1,1294,0,1295,G
6-NA,1118,1,1,1288,0,1290,G
6-NA,1119,0,0,1304,0,1304,G
6-NA,1120,0,1198,0,0,1198,T
6-NA,1121,1194,0,1,0,1195,A
6-NA,1122,0,1182,0,1,1183,T
6-NA,1123,0,1,1189,0,1190,G
6-NA,1124,1186,0,1,0,1187,A
6-NA,1125,1180,0,0,0,1180,A
6-NA,1126,1081,0,0,0,1081,A
6-NA,1127,0,0,0,1088,1088,C
6-NA,1128,1,0,0,1055,1056,C
6-NA,1129,0,1034,0,1,1035,T
6-NA,1130,0,1032,0,2,1034,T
6-NA,1131,0,0,0,1037,1037,C
6-NA,1132,1038,0,0,0,1038,A
6-NA,1133,1037,0,0,0,1037,A
6-NA,1134,1039,0,0,0,1039,A
6-NA,1135,0,0,1039,0,1039,G
6-NA,1136,0,1007,0,1,1008,T
6-NA,1137,2,0,0,1002,1004,C
6-NA,1138,1011,0,0,0,1011,A
6-NA,1139,0,1016,0,0,1016,T
6-NA,1140,0,1021,0,0,1021,T
6-NA,1141,1,0,1013,0,1014,G
6-NA,1142,1020,0,1,0,1021,A
6-NA,1143,1014,0,3,0,1017,A
6-NA,1144,0,0,1016,0,1016,G
6-NA,1145,2,0,1009,0,1011,G
6-NA,1146,0,0,0,1006,1006,C
6-NA,1147,0,960,0,0,960,T
6-NA,1148,0,0,962,0,962,G
6-NA,1149,0,0,980,0,980,G
6-NA,1150,0,970,0,1,971,T
6-NA,1151,5,0,0,967,972,C
6-NA,1152,0,0,0,962,962,C
6-NA,1153,959,0,0,0,959,A
6-NA,1154,959,0,0,0,959,A
6-NA,1155,6,0,0,958,964,C
6-NA,1156,1,0,0,948,949,C
6-NA,1157,2,0,0,947,949,C
6-NA,1158,0,897,0,1,898,T
6-NA,1159,899,0,0,0,899,A
6-NA,1160,899,0,0,0,899,A
6-NA,1161,1,0,895,0,896,G
6-NA,1162,0,887,0,0,887,T
6-NA,1163,1,0,0,879,880,C
6-NA,1164,1,0,0,847,848,C
6-NA,1165,851,0,0,0,851,A
6-NA,1166,848,0,0,0,848,A
6-NA,1167,849,0,0,1,850,A
6-NA,1168,0,841,0,0,841,T
6-NA,1169,0,841,0,0,841,T
6-NA,1170,0,0,833,0,833,G
6-NA,1171,0,0,0,823,823,C
6-NA,1172,822,0,0,0,822,A
6-NA,1173,0,2,824,0,826,G
6-NA,1174,822,0,3,0,825,A
6-NA,1175,0,827,0,0,827,T
6-NA,1176,825,0,0,1,826,A
6-NA,1177,821,0,0,0,821,A
6-NA,1178,822,0,0,0,822,A
6-NA,1179,0,807,0,0,807,T
6-NA,1180,806,0,0,0,806,A
6-NA,1181,0,0,802,0,802,G
6-NA,1182,1,0,786,0,787,G
6-NA,1183,0,0,0,786,786,C
6-NA,1184,724,0,0,0,724,A
6-NA,1185,720,0,1,0,721,A
6-NA,1186,0,0,718,0,718,G
6-NA,1187,0,715,0,0,715,T
6-NA,1188,4,0,0,709,713,C
6-NA,1189,708,0,0,0,708,A
6-NA,1190,0,698,0,0,698,T
6-NA,1191,698,0,0,0,698,A
6-NA,1192,1,0,693,0,694,G
6-NA,1193,0,696,0,0,696,T
6-NA,1194,0,648,0,0,648,T
6-NA,1195,0,2,609,0,611,G
6-NA,1196,597,0,0,0,597,A
6-NA,1197,0,1,0,598,599,C
6-NA,1198,570,0,1,0,571,A
6-NA,1199,0,0,568,0,568,G
6-NA,1200,543,0,0,0,543,A
6-NA,1201,0,0,531,0,531,G
6-NA,1202,0,0,533,0,533,G
6-NA,1203,1,515,0,0,516,T
6-NA,1204,510,0,0,0,510,A
6-NA,1205,509,0,1,0,510,A
6-NA,1206,0,506,0,0,506,T
6-NA,1207,505,0,0,0,505,A
6-NA,1208,0,0,437,0,437,G
6-NA,1209,0,0,385,0,385,G
6-NA,1210,0,205,0,0,205,T
6-NA,1211,0,0,0,193,193,C
6-NA,1212,0,0,0,181,181,C
6-NA,1213,0,0,179,0,179,G
6-NA,1214,0,0,178,0,178,G
6-NA,1215,0,175,0,0,175,T
6-NA,1216,0,167,1,0,168,T
6-NA,1217,142,0,0,0,142,A
6-NA,1218,0,118,0,0,118,T
6-NA,1219,0,112,0,0,112,T
6-NA,1220,0,0,0,111,111,C
6-NA,1221,0,46,0,1,47,T
6-NA,1222,0,0,33,0,33,G
6-NA,1223,0,0,24,0,24,G
6-NA,1224,0,14,0,1,15,T
6-NA,1225,13,0,0,0,13,A
6-NA,1226,0,8,0,0,8,T
6-NA,1227,0,4,0,0,4,T
6-NA,1228,1,3,0,0,4,T
6-NA,1229,0,3,0,0,3,T
6-NA,1230,0,0,0,3,3,C
6-NA,1231,0,3,0,0,3,T
6-NA,1232,0,0,0,2,2,C
6-NA,1233,0,2,0,0,2,T
6-NA,1234,0,0,2,0,2,G
6-NA,1235,0,2,0,0,2,T
6-NA,1236,0,1,0,0,1,T
6-NA,1237,0,0,1,0,1,G
6-NA,1238,1,0,0,0,1,A
6-NA,1239,1,0,0,0,1,A
6-NA,1240,0,0,1,0,1,G
6-NA,1241,0,0,1,0,1,G
6-NA,1242,0,0,0,1,1,C
6-NA,1243,1,0,0,0,1,A
6-NA,1244,1,0,0,0,1,A
6-NA,1245,1,0,0,0,1,A
6-NA,1246,1,0,0,0,1,A
6-NA,1247,0,0,1,0,1,G
6-NA,1248,0,0,0,1,1,C
6-NA,1249,0,1,0,0,1,T
6-NA,1250,0,0,1,0,1,G
6-NA,1251,0,0,0,1,1,C
6-NA,1252,1,0,0,0,1,A
6-NA,1253,0,1,0,0,1,T
6-NA,1254,0,0,0,1,1,C
6-NA,1255,1,0,0,0,1,A
6-NA,1256,1,0,0,0,1,A
6-NA,1257,0,1,0,0,1,T
6-NA,1258,0,0,0,1,1,C
6-NA,1259,0,0,1,0,1,G
6-NA,1260,0,0,1,0,1,G
6-NA,1261,0,1,0,0,1,T
6-NA,1262,0,0,1,0,1,G
6-NA,1263,0,0,0,1,1,C
6-NA,1264,0,1,0,0,1,T
6-NA,1265,0,1,0,0,1,T
6-NA,1266,0,1,0,0,1,T
6-NA,1267,0,1,0,0,1,T
6-NA,1268,1,0,0,0,1,A
6-NA,1269,0,1,0,0,1,T
6-NA,1270,0,0,1,0,1,G
6-NA,1271,0,1,0,0,1,T
6-NA,1272,0,0,1,0,1,G
6-NA,1273,0,0,1,0,1,G
6-NA,1274,1,0,0,0,1,A
6-NA,1275,0,0,1,0,1,G
6-NA,1276,0,1,0,0,1,T
6-NA,1277,0,1,0,0,1,T
6-NA,1278,0,0,1,0,1,G
6-NA,1279,1,0,0,0,1,A
6-NA,1280,0,1,0,0,1,T
6-NA,1281,1,0,0,0,1,A
7-M,1,42,0,0,0,42,A
7-M,2,0,44,0,0,44,T
7-M,3,0,0,43,0,43,G
7-M,4,43,0,0,0,43,A
7-M,5,0,0,46,0,46,G
7-M,6,0,0,0,51,51,C
7-M,7,1,0,0,52,53,C
7-M,8,0,69,0,0,69,T
7-M,9,0,70,0,0,70,T
7-M,10,0,0,0,70,70,C
7-M,11,0,69,0,0,69,T
7-M,12,72,0,0,0,72,A
7-M,13,72,0,0,0,72,A
7-M,14,0,0,0,73,73,C
7-M,15,0,0,0,71,71,C
7-M,16,0,0,73,0,73,G
7-M,17,72,0,0,0,72,A
7-M,18,0,0,73,0,73,G
7-M,19,0,0,77,0,77,G
7-M,20,0,78,0,0,78,T
7-M,21,0,0,0,77,77,C
7-M,22,0,0,79,0,79,G
7-M,23,82,0,0,0,82,A
7-M,24,84,0,0,0,84,A
7-M,25,84,0,0,0,84,A
7-M,26,0,0,0,92,92,C
7-M,27,0,0,95,0,95,G
7-M,28,0,95,0,0,95,T
7-M,29,98,0,0,0,98,A
7-M,30,0,98,0,0,98,T
7-M,31,0,0,98,0,98,G
7-M,32,0,99,0,0,99,T
7-M,33,0,116,0,0,116,T
7-M,34,0,0,0,120,120,C
7-M,35,0,121,0,0,121,T
7-M,36,0,0,0,129,129,C
7-M,37,0,130,0,0,130,T
7-M,38,0,0,0,132,132,C
7-M,39,0,132,0,0,132,T
7-M,40,133,0,0,0,133,A
7-M,41,0,132,0,0,132,T
7-M,42,0,0,0,137,137,C
7-M,43,0,0,138,0,138,G
7-M,44,0,139,0,0,139,T
7-M,45,0,139,0,0,139,T
7-M,46,0,0,0,147,147,C
7-M,47,0,0,0,152,152,C
7-M,48,153,0,0,0,153,A
7-M,49,0,153,0,0,153,T
7-M,50,0,0,0,153,153,C
7-M,51,152,0,0,0,152,A
7-M,52,0,0,152,0,152,G
7-M,53,0,0,151,0,151,G
7-M,54,0,0,0,151,151,C
7-M,55,0,0,0,152,152,C
7-M,56,0,0,0,159,159,C
7-M,57,0,0,0,175,175,C
7-M,58,0,0,0,174,174,C
7-M,59,0,170,0,0,170,T
7-M,60,0,0,0,173,173,C
7-M,61,174,0,0,0,174,A
7-M,62,172,0,0,0,172,A
7-M,63,175,0,0,0,175,A
7-M,64,0,0,175,0,175,G
7-M,65,0,0,0,176,176,C
7-M,66,0,0,0,173,173,C
7-M,67,0,0,173,0,173,G
7-M,68,169,0,1,0,170,A
7-M,69,0,0,174,0,174,G
7-M,70,172,0,0,0,172,A
7-M,71,0,171,0,0,171,T
7-M,72,0,0,0,172,172,C
7-M,73,0,0,172,0,172,G
7-M,74,0,0,0,173,173,C
7-M,75,0,0,171,0,171,G
7-M,76,0,0,0,171,171,C
7-M,77,171,0,0,0,171,A
7-M,78,0,0,176,0,176,G
7-M,79,174,0,0,0,174,A
7-M,80,0,1,190,0,191,G
7-M,81,193,0,0,0,193,A
7-M,82,0,0,0,196,196,C
7-M,83,0,197,0,0,197,T
7-M,84,0,196,0,0,196,T
7-M,85,0,0,197,0,197,G
7-M,86,197,0,0,0,197,A
7-M,87,198,0,0,0,198,A
7-M,88,0,0,201,0,201,G
7-M,89,196,0,0,0,196,A
7-M,90,0,198,0,1,199,T
7-M,91,0,0,203,0,203,G
7-M,92,0,202,0,0,202,T
7-M,93,0,0,0,203,203,C
7-M,94,0,204,0,0,204,T
7-M,95,0,205,0,0,205,T
7-M,96,0,203,0,0,203,T
7-M,97,0,0,205,0,205,G
7-M,98,0,0,0,203,203,C
7-M,99,0,201,0,0,201,T
7-M,100,0,0,202,0,202,G
7-M,101,0,0,201,0,201,G
7-M,102,0,0,202,0,202,G
7-M,103,204,0,0,0,204,A
7-M,104,205,0,0,0,205,A
7-M,105,205,0,0,0,205,A
7-M,106,206,0,0,0,206,A
7-M,107,209,0,0,0,209,A
7-M,108,0,0,0,209,209,C
7-M,109,206,1,0,0,207,A
7-M,110,0,0,0,210,210,C
7-M,111,209,0,0,0,209,A
7-M,112,0,0,216,0,216,G
7-M,113,215,0,1,0,216,A
7-M,114,0,219,0,0,219,T
7-M,115,0,0,0,221,221,C
7-M,116,0,222,0,0,222,T
7-M,117,0,223,0,0,223,T
7-M,118,0,0,220,0,220,G
7-M,119,218,0,0,0,218,A
7-M,120,0,0,222,0,222,G
7-M,121,0,0,217,0,217,G
7-M,122,0,0,0,220,220,C
7-M,123,0,216,0,0,216,T
7-M,124,0,0,0,241,241,C
7-M,125,0,243,0,0,243,T
7-M,126,0,0,0,249,249,C
7-M,127,252,0,0,0,252,A
7-M,128,0,252,0,0,252,T
7-M,129,0,0,252,0,252,G
7-M,130,0,0,254,0,254,G
7-M,131,254,0,0,0,254,A
7-M,132,253,0,0,0,253,A
7-M,133,1,237,0,0,238,T
7-M,134,0,0,250,0,250,G
7-M,135,0,0,257,0,257,G
7-M,136,0,0,0,260,260,C
7-M,137,0,259,0,0,259,T
7-M,138,261,0,0,0,261,A
7-M,139,259,0,0,0,259,A
7-M,140,262,0,0,0,262,A
7-M,141,0,0,269,0,269,G
7-M,142,269,0,0,0,269,A
7-M,143,0,0,0,268,268,C
7-M,144,259,0,0,0,259,A
7-M,145,259,0,0,0,259,A
7-M,146,0,2,261,0,263,G
7-M,147,262,0,0,0,262,A
7-M,148,0,0,0,263,263,C
7-M,149,0,0,0,263,263,C
7-M,150,264,0,0,0,264,A
7-M,151,269,0,0,1,270,A
7-M,152,0,270,0,0,270,T
7-M,153,0,269,0,0,269,T
7-M,154,0,0,0,276,276,C
7-M,155,0,275,0,0,275,T
7-M,156,0,0,276,0,276,G
7-M,157,0,274,0,0,274,T
7-M,158,0,0,0,275,275,C
7-M,159,273,0,0,0,273,A
7-M,160,0,0,0,278,278,C
7-M,161,0,0,0,281,281,C
7-M,162,0,280,0,0,280,T
7-M,163,0,0,0,282,282,C
7-M,164,0,280,0,1,281,T
7-M,165,0,1,290,0,291,G
7-M,166,289,0,1,0,290,A
7-M,167,0,0,0,290,290,C
7-M,168,0,291,0,0,291,T
7-M,169,290,0,0,0,290,A
7-M,170,286,0,0,0,286,A
7-M,171,0,0,289,0,289,G
7-M,172,0,0,288,0,288,G
7-M,173,0,0,289,0,289,G
7-M,174,0,0,289,0,289,G
7-M,175,290,0,0,0,290,A
7-M,176,0,296,0,0,296,T
7-M,177,0,295,0,0,295,T
7-M,178,0,299,0,0,299,T
7-M,179,0,298,0,0,298,T
7-M,180,0,0,297,0,297,G
7-M,181,0,1,295,0,296,G
7-M,182,0,0,299,0,299,G
7-M,183,0,0,299,0,299,G
7-M,184,0,292,0,0,292,T
7-M,185,0,294,0,0,294,T
7-M,186,0,295,0,1,296,T
7-M,187,0,0,300,0,300,G
7-M,188,0,298,0,0,298,T
7-M,189,0,0,302,0,302,G
7-M,190,0,304,0,0,304,T
7-M,191,0,302,0,0,302,T
7-M,192,0,0,0,303,303,C
7-M,193,303,0,0,0,303,A
7-M,194,0,0,0,310,310,C
7-M,195,0,1,308,0,309,G
7-M,196,0,0,0,306,306,C
7-M,197,0,308,0,0,308,T
7-M,198,0,0,0,314,314,C
7-M,199,315,0,0,0,315,A
7-M,200,0,0,0,321,321,C
7-M,201,1,0,0,319,320,C
7-M,202,0,0,318,0,318,G
7-M,203,0,322,0,0,322,T
7-M,204,0,0,328,0,328,G
7-M,205,0,0,0,323,323,C
7-M,206,0,0,0,325,325,C
7-M,207,0,0,0,325,325,C
7-M,208,325,0,0,0,325,A
7-M,209,0,0,329,0,329,G
7-M,210,0,327,0,0,327,T
7-M,211,0,0,330,0,330,G
7-M,212,334,0,0,0,334,A
7-M,213,0,0,333,0,333,G
7-M,214,0,0,0,334,334,C
7-M,215,0,1,334,0,335,G
7-M,216,333,0,0,0,333,A
7-M,217,0,0,340,0,340,G
7-M,218,0,2,330,0,332,G
7-M,219,336,0,1,0,337,A
7-M,220,0,0,0,345,345,C
7-M,221,0,343,0,1,344,T
7-M,222,0,0,341,0,341,G
7-M,223,1,0,0,341,342,C
7-M,224,347,0,0,0,347,A
7-M,225,0,0,351,0,351,G
7-M,226,0,0,0,344,344,C
7-M,227,0,0,347,0,347,G
7-M,228,0,349,0,0,349,T
7-M,229,347,0,0,0,347,A
7-M,230,0,0,348,0,348,G
7-M,231,345,0,0,0,345,A
7-M,232,0,0,0,344,344,C
7-M,233,0,0,349,0,349,G
7-M,234,0,0,0,338,338,C
7-M,235,0,339,0,0,339,T
7-M,236,0,342,0,0,342,T
7-M,237,0,339,0,0,339,T
7-M,238,0,0,350,0,350,G
7-M,239,0,349,0,0,349,T
7-M,240,1,0,0,348,349,C
7-M,241,1,0,0,349,350,C
7-M,242,349,0,0,0,349,A
7-M,243,348,0,0,0,348,A
7-M,244,348,0,0,0,348,A
7-M,245,348,0,0,0,348,A
7-M,246,0,348,0,0,348,T
7-M,247,0,0,345,0,345,G
7-M,248,0,0,0,345,345,C
7-M,249,0,0,0,345,345,C
7-M,250,0,0,0,351,351,C
7-M,251,0,351,0,0,351,T
7-M,252,0,0,0,366,366,C
7-M,253,367,0,0,0,367,A
7-M,254,367,0,0,0,367,A
7-M,255,0,372,0,0,372,T
7-M,256,0,0,373,0,373,G
7-M,257,0,0,374,0,374,G
7-M,258,0,1,382,0,383,G
7-M,259,382,0,0,0,382,A
7-M,260,380,0,1,0,381,A
7-M,261,1,371,0,0,372,T
7-M,262,0,0,370,0,370,G
7-M,263,0,0,369,0,369,G
7-M,264,364,0,2,0,366,A
7-M,265,0,1,365,0,366,G
7-M,266,362,0,1,0,363,A
7-M,267,0,1,0,361,362,C
7-M,268,0,0,0,369,369,C
7-M,269,0,0,0,375,375,C
7-M,270,377,0,0,0,377,A
7-M,271,376,0,0,0,376,A
7-M,272,376,0,0,0,376,A
7-M,273,0,379,0,0,379,T
7-M,274,389,0,1,0,390,A
7-M,275,390,0,0,0,390,A
7-M,276,0,0,0,381,381,C
7-M,277,377,0,0,0,377,A
7-M,278,0,373,0,0,373,T
7-M,279,0,1,376,0,377,G
7-M,280,0,0,379,0,379,G
7-M,281,378,0,0,0,378,A
7-M,282,0,0,0,380,380,C
7-M,283,371,0,0,0,371,A
7-M,284,374,0,0,0,374,A
7-M,285,374,0,0,0,374,A
7-M,286,0,0,380,0,380,G
7-M,287,0,1,0,381,382,C
7-M,288,384,0,0,0,384,A
7-M,289,0,0,387,0,387,G
7-M,290,0,383,0,0,383,T
7-M,291,0,385,0,0,385,T
7-M,292,387,0,0,0,387,A
7-M,293,381,0,1,0,382,A
7-M,294,385,0,0,0,385,A
7-M,295,0,0,0,396,396,C
7-M,296,0,387,0,0,387,T
7-M,297,0,1,427,0,428,G
7-M,298,0,419,0,0,419,T
7-M,299,422,0,0,0,422,A
7-M,300,1,422,0,0,423,T
7-M,301,419,0,0,0,419,A
7-M,302,0,0,419,0,419,G
7-M,303,0,2,413,0,415,G
7-M,304,412,0,0,0,412,A
7-M,305,410,0,0,0,410,A
7-M,306,398,0,0,0,398,A
7-M,307,2,0,0,400,402,C
7-M,308,0,401,0,0,401,T
7-M,309,0,400,0,0,400,T
7-M,310,401,0,0,0,401,A
7-M,311,400,0,0,0,400,A
7-M,312,0,1,400,0,401,G
7-M,313,400,0,0,0,400,A
7-M,314,0,2,398,0,400,G
7-M,315,386,0,0,0,386,A
7-M,316,0,0,393,0,393,G
7-M,317,403,0,0,0,403,A
7-M,318,0,1,404,0,405,G
7-M,319,409,0,1,0,410,A
7-M,320,0,405,0,0,405,T
7-M,321,408,0,0,0,408,A
7-M,322,408,0,0,0,408,A
7-M,323,1,0,0,411,412,C
7-M,324,0,0,412,0,412,G
7-M,325,0,411,0,0,411,T
7-M,326,0,406,0,0,406,T
7-M,327,1,0,1,410,412,C
7-M,328,0,0,0,410,410,C
7-M,329,410,0,0,0,410,A
7-M,330,0,408,0,0,408,T
7-M,331,0,0,409,0,409,G
7-M,332,0,0,411,0,411,G
7-M,333,0,0,406,0,406,G
7-M,334,0,0,412,0,412,G
7-M,335,1,0,0,408,409,C
7-M,336,0,0,0,414,414,C
7-M,337,415,0,0,0,415,A
7-M,338,415,0,0,0,415,A
7-M,339,415,0,0,0,415,A
7-M,340,0,0,422,0,422,G
7-M,341,422,0,0,0,422,A
7-M,342,412,0,0,0,412,A
7-M,343,413,0,0,0,413,A
7-M,344,0,414,0,0,414,T
7-M,345,416,0,0,0,416,A
7-M,346,0,0,412,0,412,G
7-M,347,0,0,0,413,413,C
7-M,348,0,413,0,0,413,T
7-M,349,0,0,0,412,412,C
7-M,350,0,407,0,0,407,T
7-M,351,0,0,0,426,426,C
7-M,352,428,0,0,0,428,A
7-M,353,0,0,424,0,424,G
7-M,354,0,422,0,0,422,T
7-M,355,0,425,0,0,425,T
7-M,356,424,0,0,0,424,A
7-M,357,0,422,0,0,422,T
7-M,358,0,420,0,0,420,T
7-M,359,1,0,0,422,423,C
7-M,360,0,412,0,0,412,T
7-M,361,0,0,415,0,415,G
7-M,362,0,1,0,414,415,C
7-M,363,0,413,0,1,414,T
7-M,364,0,0,412,0,412,G
7-M,365,1,0,411,0,412,G
7-M,366,0,409,0,2,411,T
7-M,367,0,0,413,0,413,G
7-M,368,0,1,0,411,412,C
7-M,369,411,0,0,0,411,A
7-M,370,0,0,0,416,416,C
7-M,371,0,409,0,0,409,T
7-M,372,0,415,0,0,415,T
7-M,373,0,0,421,0,421,G
7-M,374,0,0,0,418,418,C
7-M,375,0,0,0,416,416,C
7-M,376,422,0,0,0,422,A
7-M,377,0,0,430,0,430,G
7-M,378,0,429,0,0,429,T
7-M,379,0,427,0,0,427,T
7-M,380,0,0,427,0,427,G
7-M,381,0,413,0,1,414,T
7-M,382,432,0,0,0,432,A
7-M,383,0,432,0,0,432,T
7-M,384,0,0,430,0,430,G
7-M,385,0,1,426,0,427,G
7-M,386,0,0,431,0,431,G
7-M,387,0,0,0,432,432,C
7-M,388,0,0,0,449,449,C
7-M,389,0,439,0,1,440,T
7-M,390,0,0,0,448,448,C
7-M,391,468,0,0,0,468,A
7-M,392,0,473,0,0,473,T
7-M,393,483,0,0,0,483,A
7-M,394,0,480,0,0,480,T
7-M,395,472,0,0,0,472,A
7-M,396,0,0,0,497,497,C
7-M,397,483,0,0,0,483,A
7-M,398,484,0,0,0,484,A
7-M,399,0,475,0,0,475,T
7-M,400,464,0,0,0,464,A
7-M,401,0,1,470,0,471,G
7-M,402,0,0,466,0,466,G
7-M,403,463,0,0,0,463,A
7-M,404,0,468,0,0,468,T
7-M,405,0,0,443,0,443,G
7-M,406,0,0,441,0,441,G
7-M,407,0,0,448,0,448,G
7-M,408,0,2,449,0,451,G
7-M,409,0,0,454,0,454,G
7-M,410,0,0,0,450,450,C
7-M,411,0,445,0,0,445,T
7-M,412,0,0,447,0,447,G
7-M,413,0,446,0,0,446,T
7-M,414,452,0,0,0,452,A
7-M,415,451,0,0,0,451,A
7-M,416,0,1,0,456,457,C
7-M,417,0,0,0,453,453,C
7-M,418,448,0,0,0,448,A
7-M,419,0,0,0,451,451,C
7-M,420,0,445,0,0,445,T
7-M,421,0,0,450,0,450,G
7-M,422,447,0,0,0,447,A
7-M,423,451,0,0,0,451,A
7-M,424,1,0,449,0,450,G
7-M,425,0,450,0,0,450,T
7-M,426,0,0,451,0,451,G
7-M,427,1,0,452,0,453,G
7-M,428,0,0,0,450,450,C
7-M,429,452,0,0,0,452,A
7-M,430,0,451,0,0,451,T
7-M,431,0,451,0,0,451,T
7-M,432,1,452,0,0,453,T
7-M,433,0,1,461,0,462,G
7-M,434,0,0,457,0,457,G
7-M,435,0,0,0,458,458,C
7-M,436,0,0,0,460,460,C
7-M,437,0,461,0,0,461,T
7-M,438,0,0,476,0,476,G
7-M,439,0,0,477,0,477,G
7-M,440,0,478,0,0,478,T
7-M,441,479,0,0,0,479,A
7-M,442,0,468,0,0,468,T
7-M,443,0,0,477,0,477,G
7-M,444,0,475,0,0,475,T
7-M,445,0,0,476,0,476,G
7-M,446,1,0,0,471,472,C
7-M,447,455,0,0,0,455,A
7-M,448,450,0,0,0,450,A
7-M,449,0,0,0,455,455,C
7-M,450,461,0,0,0,461,A
7-M,451,0,461,0,0,461,T
7-M,452,0,0,458,0,458,G
7-M,453,0,455,0,0,455,T
7-M,454,0,2,456,0,458,G
7-M,455,454,0,0,0,454,A
7-M,456,0,0,458,0,458,G
7-M,457,1,0,0,456,457,C
7-M,458,443,0,0,0,443,A
7-M,459,0,0,445,0,445,G
7-M,460,441,0,0,0,441,A
7-M,461,0,441,0,0,441,T
7-M,462,0,441,0,0,441,T
7-M,463,0,0,440,0,440,G
7-M,464,0,0,0,442,442,C
7-M,465,0,445,0,0,445,T
7-M,466,0,4,439,0,443,G
7-M,467,446,0,0,0,446,A
7-M,468,0,0,0,461,461,C
7-M,469,1,455,0,1,457,T
7-M,470,0,0,0,463,463,C
7-M,471,0,0,0,459,459,C
7-M,472,0,0,0,459,459,C
7-M,473,460,0,0,0,460,A
7-M,474,0,0,458,0,458,G
7-M,475,0,0,0,460,460,C
7-M,476,462,0,0,0,462,A
7-M,477,0,0,0,463,463,C
7-M,478,422,0,1,0,423,A
7-M,479,0,0,431,0,431,G
7-M,480,0,0,433,0,433,G
7-M,481,0,424,0,2,426,T
7-M,482,0,0,0,434,434,C
7-M,483,0,433,0,0,433,T
7-M,484,0,0,0,433,433,C
7-M,485,432,0,1,0,433,A
7-M,486,0,429,0,0,429,T
7-M,487,429,0,0,0,429,A
7-M,488,0,0,413,0,413,G
7-M,489,0,0,413,0,413,G
7-M,490,0,0,0,413,413,C
7-M,491,397,0,0,0,397,A
7-M,492,0,0,395,0,395,G
7-M,493,398,0,0,0,398,A
7-M,494,0,398,0,0,398,T
7-M,495,0,0,400,0,400,G
7-M,496,1,0,396,0,397,G
7-M,497,0,391,0,0,391,T
7-M,498,0,0,392,0,392,G
7-M,499,0,0,390,0,390,G
7-M,500,0,1,1,391,393,C
7-M,501,391,0,1,0,392,A
7-M,502,389,0,0,0,389,A
7-M,503,0,0,0,396,396,C
7-M,504,394,0,0,0,394,A
7-M,505,394,0,0,0,394,A
7-M,506,0,0,0,392,392,C
7-M,507,1,0,0,391,392,C
7-M,508,386,0,0,0,386,A
7-M,509,385,0,0,0,385,A
7-M,510,0,380,0,0,380,T
7-M,511,0,0,0,388,388,C
7-M,512,0,0,0,383,383,C
7-M,513,379,0,1,0,380,A
7-M,514,0,379,0,0,379,T
7-M,515,0,381,0,0,381,T
7-M,516,380,0,0,0,380,A
7-M,517,381,0,0,0,381,A
7-M,518,0,382,0,0,382,T
7-M,519,378,0,0,0,378,A
7-M,520,378,0,0,0,378,A
7-M,521,375,0,0,0,375,A
7-M,522,378,0,0,0,378,A
7-M,523,0,0,0,381,381,C
7-M,524,382,0,0,0,382,A
7-M,525,0,380,0,0,380,T
7-M,526,0,1,377,0,378,G
7-M,527,374,0,0,0,374,A
7-M,528,0,0,380,0,380,G
7-M,529,376,0,0,0,376,A
7-M,530,378,0,0,0,378,A
7-M,531,0,0,0,383,383,C
7-M,532,375,0,0,0,375,A
7-M,533,1,1,377,0,379,G
7-M,534,371,0,0,0,371,A
7-M,535,369,0,0,0,369,A
7-M,536,0,369,0,0,369,T
7-M,537,0,0,370,0,370,G
7-M,538,0,0,371,0,371,G
7-M,539,0,361,0,0,361,T
7-M,540,0,361,0,0,361,T
7-M,541,0,365,0,0,365,T
7-M,542,0,365,0,0,365,T
7-M,543,1,2,369,1,373,G
7-M,544,0,0,372,0,372,G
7-M,545,0,0,0,367,367,C
7-M,546,1,1,0,369,371,C
7-M,547,364,0,1,0,365,A
7-M,548,0,0,372,0,372,G
7-M,549,0,0,0,377,377,C
7-M,550,376,0,0,0,376,A
7-M,551,0,0,0,385,385,C
7-M,552,0,385,0,0,385,T
7-M,553,381,0,0,0,381,A
7-M,554,0,0,0,392,392,C
7-M,555,393,0,0,0,393,A
7-M,556,0,0,394,0,394,G
7-M,557,0,0,0,374,374,C
7-M,558,0,368,1,0,369,T
7-M,559,367,0,0,0,367,A
7-M,560,358,0,0,0,358,A
7-M,561,0,0,363,0,363,G
7-M,562,0,0,364,0,364,G
7-M,563,0,1,0,359,360,C
7-M,564,0,346,0,0,346,T
7-M,565,345,0,0,0,345,A
7-M,566,0,344,0,0,344,T
7-M,567,0,0,346,0,346,G
7-M,568,0,0,344,0,344,G
7-M,569,340,0,0,0,340,A
7-M,570,0,0,343,0,343,G
7-M,571,0,0,0,330,330,C
7-M,572,332,0,0,0,332,A
7-M,573,328,0,0,0,328,A
7-M,574,331,1,0,0,332,A
7-M,575,0,337,0,0,337,T
7-M,576,0,0,336,0,336,G
7-M,577,0,0,332,0,332,G
7-M,578,0,0,0,327,327,C
7-M,579,0,323,0,0,323,T
7-M,580,0,0,325,0,325,G
7-M,581,0,0,324,0,324,G
7-M,582,322,0,0,0,322,A
7-M,583,0,320,0,0,320,T
7-M,584,0,0,0,318,318,C
7-M,585,322,0,0,0,322,A
7-M,586,324,0,0,0,324,A
7-M,587,0,0,333,0,333,G
7-M,588,0,330,0,0,330,T
7-M,589,0,4,329,0,333,G
7-M,590,326,0,0,0,326,A
7-M,591,323,0,0,0,323,A
7-M,592,0,0,0,325,325,C
7-M,593,331,0,0,0,331,A
7-M,594,0,0,336,0,336,G
7-M,595,0,0,331,0,331,G
7-M,596,1,0,0,328,329,C
7-M,597,325,0,0,0,325,A
7-M,598,0,0,330,0,330,G
7-M,599,0,1,0,328,329,C
7-M,600,0,0,330,0,330,G
7-M,601,0,1,328,0,329,G
7-M,602,318,0,2,0,320,A
7-M,603,0,0,330,0,330,G
7-M,604,0,0,324,0,324,G
7-M,605,0,0,0,329,329,C
7-M,606,0,0,0,332,332,C
7-M,607,327,0,0,0,327,A
7-M,608,0,322,0,2,324,T
7-M,609,0,1,332,0,333,G
7-M,610,0,1,331,0,332,G
7-M,611,327,0,2,0,329,A
7-M,612,0,0,328,0,328,G
7-M,613,320,0,0,0,320,A
7-M,614,0,332,0,0,332,T
7-M,615,0,328,0,2,330,T
7-M,616,0,0,328,0,328,G
7-M,617,0,0,0,325,325,C
7-M,618,0,331,0,0,331,T
7-M,619,330,0,0,0,330,A
7-M,620,0,0,331,0,331,G
7-M,621,0,330,0,0,330,T
7-M,622,0,0,0,331,331,C
7-M,623,321,0,0,0,321,A
7-M,624,1,0,331,0,332,G
7-M,625,0,0,328,0,328,G
7-M,626,0,1,0,318,319,C
7-M,627,0,1,0,326,327,C
7-M,628,324,0,0,0,324,A
7-M,629,0,2,328,0,330,G
7-M,630,0,0,326,0,326,G
7-M,631,0,0,0,331,331,C
7-M,632,329,0,0,0,329,A
7-M,633,0,1,324,0,325,G
7-M,634,323,0,1,0,324,A
7-M,635,0,319,0,0,319,T
7-M,636,0,0,325,0,325,G
7-M,637,0,0,331,0,331,G
7-M,638,0,316,0,0,316,T
7-M,639,0,0,323,0,323,G
7-M,640,0,0,0,318,318,C
7-M,641,323,0,0,0,323,A
7-M,642,1,0,334,0,335,G
7-M,643,0,0,333,0,333,G
7-M,644,0,0,0,337,337,C
7-M,645,335,0,0,0,335,A
7-M,646,326,0,0,0,326,A
7-M,647,0,319,0,0,319,T
7-M,648,0,0,323,0,323,G
7-M,649,319,0,0,0,319,A
7-M,650,0,1,321,0,322,G
7-M,651,315,0,0,0,315,A
7-M,652,0,0,322,0,322,G
7-M,653,0,0,0,318,318,C
7-M,654,0,0,0,322,322,C
7-M,655,324,0,0,0,324,A
7-M,656,0,323,0,0,323,T
7-M,657,0,323,0,0,323,T
7-M,658,0,1,321,0,322,G
7-M,659,0,0,319,0,319,G
7-M,660,0,0,326,0,326,G
7-M,661,321,0,0,0,321,A
7-M,662,0,0,0,321,321,C
7-M,663,0,318,0,0,318,T
7-M,664,0,0,0,316,316,C
7-M,665,320,0,0,0,320,A
7-M,666,0,336,0,0,336,T
7-M,667,0,0,0,339,339,C
7-M,668,0,0,0,336,336,C
7-M,669,0,336,0,0,336,T
7-M,670,335,0,0,0,335,A
7-M,671,0,0,333,0,333,G
7-M,672,0,348,0,0,348,T
7-M,673,0,354,0,0,354,T
7-M,674,0,0,0,346,346,C
7-M,675,0,0,0,334,334,C
7-M,676,333,0,0,0,333,A
7-M,677,0,0,335,0,335,G
7-M,678,0,330,0,0,330,T
7-M,679,327,0,0,0,327,A
7-M,680,0,0,0,328,328,C
7-M,681,0,309,0,0,309,T
7-M,682,0,0,316,0,316,G
7-M,683,1,0,315,0,316,G
7-M,684,0,315,0,0,315,T
7-M,685,0,306,0,0,306,T
7-M,686,0,305,0,0,305,T
7-M,687,307,0,0,0,307,A
7-M,688,310,0,0,0,310,A
7-M,689,0,0,308,0,308,G
7-M,690,302,0,0,0,302,A
7-M,691,0,0,300,0,300,G
7-M,692,282,1,0,0,283,A
7-M,693,0,285,0,0,285,T
7-M,694,0,0,287,0,287,G
7-M,695,284,0,0,0,284,A
7-M,696,0,284,0,0,284,T
7-M,697,0,0,0,285,285,C
7-M,698,0,284,0,0,284,T
7-M,699,0,281,0,0,281,T
7-M,700,0,0,0,284,284,C
7-M,701,0,282,0,0,282,T
7-M,702,0,282,0,0,282,T
7-M,703,0,0,282,0,282,G
7-M,704,282,0,0,0,282,A
7-M,705,281,0,0,0,281,A
7-M,706,283,0,0,0,283,A
7-M,707,282,0,0,0,282,A
7-M,708,0,284,0,0,284,T
7-M,709,0,286,0,0,286,T
7-M,710,0,285,0,0,285,T
7-M,711,0,0,280,0,280,G
7-M,712,0,0,0,282,282,C
7-M,713,283,0,0,0,283,A
7-M,714,0,0,281,0,281,G
7-M,715,279,0,0,0,279,A
7-M,716,0,0,0,289,289,C
7-M,717,0,0,0,288,288,C
7-M,718,0,289,0,0,289,T
7-M,719,289,0,0,0,289,A
7-M,720,0,288,0,0,288,T
7-M,721,0,0,0,292,292,C
7-M,722,290,0,0,0,290,A
7-M,723,0,0,289,0,289,G
7-M,724,291,0,0,0,291,A
7-M,725,286,0,0,0,286,A
7-M,726,288,0,0,0,288,A
7-M,727,0,0,0,287,287,C
7-M,728,0,0,290,0,290,G
7-M,729,284,0,0,0,284,A
7-M,730,284,0,0,0,284,A
7-M,731,0,287,0,0,287,T
7-M,732,0,0,282,0,282,G
7-M,733,0,0,282,0,282,G
7-M,734,0,0,282,0,282,G
7-M,735,0,0,286,0,286,G
7-M,736,0,0,287,0,287,G
7-M,737,0,271,0,1,272,T
7-M,738,0,0,278,0,278,G
7-M,739,0,3,0,276,279,C
7-M,740,273,0,0,0,273,A
7-M,741,0,0,275,0,275,G
7-M,742,278,0,0,0,278,A
7-M,743,0,274,0,0,274,T
7-M,744,0,0,274,0,274,G
7-M,745,0,0,0,271,271,C
7-M,746,271,0,0,0,271,A
7-M,747,272,0,0,0,272,A
7-M,748,0,0,0,275,275,C
7-M,749,0,0,276,0,276,G
7-M,750,278,0,0,0,278,A
7-M,751,0,279,0,0,279,T
7-M,752,0,277,0,0,277,T
7-M,753,0,0,0,281,281,C
7-M,754,273,0,0,0,273,A
7-M,755,271,0,0,0,271,A
7-M,756,0,0,270,0,270,G
7-M,757,0,268,0,0,268,T
7-M,758,0,0,267,1,268,G
7-M,759,264,0,0,0,264,A
7-M,760,0,2,0,265,267,C
7-M,761,0,0,0,261,261,C
7-M,762,0,0,0,263,263,C
7-M,763,0,0,264,0,264,G
7-M,764,0,0,0,264,264,C
7-M,765,0,265,0,0,265,T
7-M,766,0,266,0,0,266,T
7-M,767,0,0,265,0,265,G
7-M,768,0,263,0,0,263,T
7-M,769,0,265,0,0,265,T
7-M,770,0,0,268,0,268,G
7-M,771,0,263,0,0,263,T
7-M,772,0,259,0,0,259,T
7-M,773,0,0,256,0,256,G
7-M,774,0,0,0,254,254,C
7-M,775,2,0,0,250,252,C
7-M,776,0,0,255,0,255,G
7-M,777,0,0,0,254,254,C
7-M,778,0,1,255,0,256,G
7-M,779,256,0,0,0,256,A
7-M,780,257,0,0,0,257,A
7-M,781,0,258,0,0,258,T
7-M,782,258,0,0,0,258,A
7-M,783,0,258,0,0,258,T
7-M,784,0,0,0,259,259,C
7-M,785,257,0,0,0,257,A
7-M,786,0,256,0,0,256,T
7-M,787,0,255,0,1,256,T
7-M,788,0,0,254,0,254,G
7-M,789,0,0,255,0,255,G
7-M,790,0,0,256,0,256,G
7-M,791,256,0,0,0,256,A
7-M,792,0,252,0,0,252,T
7-M,793,1,0,0,244,245,C
7-M,794,0,247,0,0,247,T
7-M,795,0,246,0,1,247,T
7-M,796,0,0,244,0,244,G
7-M,797,0,0,0,244,244,C
7-M,798,244,0,0,0,244,A
7-M,799,0,0,0,245,245,C
7-M,800,0,244,0,0,244,T
7-M,801,0,247,0,0,247,T
7-M,802,0,0,245,0,245,G
7-M,803,245,0,0,0,245,A
7-M,804,0,245,0,0,245,T
7-M,805,242,0,0,0,242,A
7-M,806,0,242,0,0,242,T
7-M,807,0,240,0,0,240,T
7-M,808,0,0,239,0,239,G
7-M,809,0,236,0,0,236,T
7-M,810,0,0,232,0,232,G
7-M,811,0,0,233,0,233,G
7-M,812,223,0,0,0,223,A
7-M,813,0,220,0,0,220,T
7-M,814,0,223,0,1,224,T
7-M,815,0,0,0,220,220,C
7-M,816,0,224,0,0,224,T
7-M,817,0,220,0,0,220,T
7-M,818,0,0,221,0,221,G
7-M,819,219,0,0,0,219,A
7-M,820,0,220,0,0,220,T
7-M,821,0,0,0,218,218,C
7-M,822,0,0,217,0,217,G
7-M,823,0,216,0,0,216,T
7-M,824,0,0,0,215,215,C
7-M,825,0,212,0,1,213,T
7-M,826,0,215,0,0,215,T
7-M,827,0,216,0,0,216,T
7-M,828,0,216,0,0,216,T
7-M,829,0,217,0,0,217,T
7-M,830,0,214,0,0,214,T
7-M,831,0,214,0,0,214,T
7-M,832,0,0,0,213,213,C
7-M,833,215,0,0,0,215,A
7-M,834,215,0,0,0,215,A
7-M,835,215,0,0,0,215,A
7-M,836,0,213,0,0,213,T
7-M,837,0,0,213,0,213,G
7-M,838,0,0,0,213,213,C
7-M,839,0,0,215,0,215,G
7-M,840,0,216,0,0,216,T
7-M,841,0,0,0,216,216,C
7-M,842,0,215,0,0,215,T
7-M,843,216,0,0,0,216,A
7-M,844,0,212,0,0,212,T
7-M,845,0,0,0,212,212,C
7-M,846,0,1,211,0,212,G
7-M,847,206,0,0,0,206,A
7-M,848,0,0,0,209,209,C
7-M,849,0,197,0,0,197,T
7-M,850,0,0,0,204,204,C
7-M,851,0,201,0,0,201,T
7-M,852,0,201,0,0,201,T
7-M,853,0,0,0,203,203,C
7-M,854,204,0,0,0,204,A
7-M,855,201,0,0,0,201,A
7-M,856,202,0,0,0,202,A
7-M,857,0,0,0,202,202,C
7-M,858,202,0,0,0,202,A
7-M,859,0,0,0,192,192,C
7-M,860,0,0,190,0,190,G
7-M,861,0,0,194,0,194,G
7-M,862,0,0,0,186,186,C
7-M,863,0,0,0,190,190,C
7-M,864,0,190,0,0,190,T
7-M,865,0,191,0,0,191,T
7-M,866,192,0,0,0,192,A
7-M,867,191,0,0,0,191,A
7-M,868,191,0,0,0,191,A
7-M,869,191,0,0,0,191,A
7-M,870,0,0,191,0,191,G
7-M,871,164,0,0,0,164,A
7-M,872,0,0,162,0,162,G
7-M,873,0,0,165,0,165,G
7-M,874,0,0,0,162,162,C
7-M,875,0,0,0,159,159,C
7-M,876,0,0,0,161,161,C
7-M,877,0,163,0,0,163,T
7-M,878,0,164,0,0,164,T
7-M,879,0,0,0,162,162,C
7-M,880,0,164,0,0,164,T
7-M,881,163,0,0,0,163,A
7-M,882,0,0,0,162,162,C
7-M,883,0,0,162,0,162,G
7-M,884,0,0,159,0,159,G
7-M,885,156,0,0,0,156,A
7-M,886,157,0,0,0,157,A
7-M,887,0,0,154,0,154,G
7-M,888,0,0,153,0,153,G
7-M,889,149,0,0,0,149,A
7-M,890,0,0,151,0,151,G
7-M,891,0,150,0,0,150,T
7-M,892,150,0,0,0,150,A
7-M,893,0,0,0,148,148,C
7-M,894,0,0,0,147,147,C
7-M,895,0,148,0,0,148,T
7-M,896,0,0,152,0,152,G
7-M,897,145,0,0,0,145,A
7-M,898,0,0,146,0,146,G
7-M,899,0,144,0,0,144,T
7-M,900,0,0,0,141,141,C
7-M,901,0,141,0,0,141,T
7-M,902,139,0,0,0,139,A
7-M,903,0,139,0,0,139,T
7-M,904,0,0,140,0,140,G
7-M,905,136,0,0,0,136,A
7-M,906,0,0,136,0,136,G
7-M,907,0,0,125,0,125,G
7-M,908,0,0,124,0,124,G
7-M,909,124,0,0,0,124,A
7-M,910,123,0,0,0,123,A
7-M,911,0,0,125,0,125,G
7-M,912,121,0,0,0,121,A
7-M,913,125,0,0,0,125,A
7-M,914,0,123,0,0,123,T
7-M,915,124,0,0,0,124,A
7-M,916,0,121,0,0,121,T
7-M,917,0,1,0,121,122,C
7-M,918,0,0,123,0,123,G
7-M,919,122,0,0,0,122,A
7-M,920,124,0,0,0,124,A
7-M,921,123,0,0,0,123,A
7-M,922,0,0,123,0,123,G
7-M,923,0,0,125,0,125,G
7-M,924,123,0,0,0,123,A
7-M,925,122,0,0,0,122,A
7-M,926,0,0,0,123,123,C
7-M,927,119,0,0,0,119,A
7-M,928,1,0,117,0,118,G
7-M,929,0,0,0,119,119,C
7-M,930,120,0,0,0,120,A
7-M,931,0,0,119,0,119,G
7-M,932,111,0,0,0,111,A
7-M,933,113,0,0,0,113,A
7-M,934,0,112,0,0,112,T
7-M,935,0,0,110,0,110,G
7-M,936,0,0,0,106,106,C
7-M,937,0,105,0,0,105,T
7-M,938,0,0,105,0,105,G
7-M,939,0,101,0,0,101,T
7-M,940,0,0,106,0,106,G
7-M,941,0,0,105,0,105,G
7-M,942,100,0,0,0,100,A
7-M,943,0,100,0,0,100,T
7-M,944,0,0,94,0,94,G
7-M,945,0,0,0,99,99,C
7-M,946,0,87,0,0,87,T
7-M,947,0,1,85,0,86,G
7-M,948,86,0,0,0,86,A
7-M,949,0,0,0,86,86,C
7-M,950,0,0,87,0,87,G
7-M,951,86,0,0,0,86,A
7-M,952,0,0,0,86,86,C
7-M,953,79,0,0,0,79,A
7-M,954,0,0,79,0,79,G
7-M,955,0,79,0,0,79,T
7-M,956,0,0,0,78,78,C
7-M,957,76,0,0,0,76,A
7-M,958,0,77,0,0,77,T
7-M,959,0,75,0,0,75,T
7-M,960,0,76,0,0,76,T
7-M,961,0,76,0,0,76,T
7-M,962,0,0,76,0,76,G
7-M,963,0,70,0,0,70,T
7-M,964,0,0,0,69,69,C
7-M,965,68,0,0,0,68,A
7-M,966,0,0,68,0,68,G
7-M,967,0,0,0,68,68,C
7-M,968,67,0,0,0,67,A
7-M,969,0,68,0,0,68,T
7-M,970,59,0,0,0,59,A
7-M,971,0,0,59,0,59,G
7-M,972,61,0,0,0,61,A
7-M,973,0,0,61,0,61,G
7-M,974,0,58,0,0,58,T
7-M,975,0,42,0,0,42,T
7-M,976,0,0,40,0,40,G
7-M,977,0,0,41,0,41,G
7-M,978,42,0,0,0,42,A
7-M,979,0,0,42,0,42,G
7-M,980,0,26,0,0,26,T
7-M,981,25,0,0,0,25,A
7-M,982,24,0,0,0,24,A
8-NS,1,616,0,0,0,616,A
8-NS,2,0,618,0,0,618,T
8-NS,3,0,0,662,0,662,G
8-NS,4,0,0,698,0,698,G
8-NS,5,736,0,1,0,737,A
8-NS,6,0,1563,0,0,1563,T
8-NS,7,0,1576,0,1,1577,T
8-NS,8,0,0,0,1641,1641,C
8-NS,9,0,0,0,1643,1643,C
8-NS,10,1650,1,0,0,1651,A
8-NS,11,1665,0,0,0,1665,A
8-NS,12,1,0,0,1670,1671,C
8-NS,13,1667,0,1,0,1668,A
8-NS,14,0,0,0,1686,1686,C
8-NS,15,0,1683,0,0,1683,T
8-NS,16,0,1,1869,0,1870,G
8-NS,17,0,1863,0,3,1866,T
8-NS,18,2,0,1890,0,1892,G
8-NS,19,1,1893,0,2,1896,T
8-NS,20,3,7,0,1894,1904,C
8-NS,21,1907,0,1,0,1908,A
8-NS,22,1893,0,2,0,1895,A
8-NS,23,5,0,1919,0,1924,G
8-NS,24,0,1960,0,0,1960,T
8-NS,25,0,1960,0,4,1964,T
8-NS,26,0,1974,0,0,1974,T
8-NS,27,1,0,0,1969,1970,C
8-NS,28,1,1,0,1978,1980,C
8-NS,29,1977,1,1,0,1979,A
8-NS,30,4,4,1997,0,2005,G
8-NS,31,0,0,2010,0,2010,G
8-NS,32,0,1972,0,0,1972,T
8-NS,33,2013,0,0,0,2013,A
8-NS,34,0,0,2028,0,2028,G
8-NS,35,2026,0,0,0,2026,A
8-NS,36,0,2030,0,0,2030,T
8-NS,37,0,2032,0,0,2032,T
8-NS,38,1,1,2058,0,2060,G
8-NS,39,0,0,0,2062,2062,C
8-NS,40,0,2070,0,2,2072,T
8-NS,41,0,2089,0,3,2092,T
8-NS,42,1,2100,0,0,2101,T
8-NS,43,0,0,0,2146,2146,C
8-NS,44,0,2134,0,4,2138,T
8-NS,45,1,2143,0,0,2144,T
8-NS,46,0,2147,0,0,2147,T
8-NS,47,0,3,2156,0,2159,G
8-NS,48,1,0,2150,1,2152,G
8-NS,49,0,0,0,2176,2176,C
8-NS,50,2165,0,2,0,2167,A
8-NS,51,0,2171,0,0,2171,T
8-NS,52,2170,0,0,0,2170,A
8-NS,53,0,2327,0,0,2327,T
8-NS,54,3,0,1,2350,2354,C
8-NS,55,3,1,0,2353,2357,C
8-NS,56,0,0,2350,0,2350,G
8-NS,57,0,2336,0,8,2344,T
8-NS,58,2380,0,0,0,2380,A
8-NS,59,2386,0,0,0,2386,A
8-NS,60,2384,0,1,0,2385,A
8-NS,61,0,1,0,2397,2398,C
8-NS,62,2365,0,0,0,2365,A
8-NS,63,2357,0,0,0,2357,A
8-NS,64,1,1,2467,0,2469,G
8-NS,65,0,2469,0,0,2469,T
8-NS,66,0,2479,0,1,2480,T
8-NS,67,2,0,2485,0,2487,G
8-NS,68,0,2486,0,1,2487,T
8-NS,69,2485,0,2,0,2487,A
8-NS,70,1,10,2484,2,2497,G
8-NS,71,2642,0,3,0,2645,A
8-NS,72,1,0,0,2683,2684,C
8-NS,73,2,1,0,2641,2644,C
8-NS,74,2646,0,1,0,2647,A
8-NS,75,2661,0,3,0,2664,A
8-NS,76,0,5,2814,0,2819,G
8-NS,77,2808,0,0,0,2808,A
8-NS,78,2841,0,0,0,2841,A
8-NS,79,0,0,0,2845,2845,C
8-NS,80,0,2776,0,0,2776,T
8-NS,81,2,2,2821,0,2825,G
8-NS,82,2800,0,2,0,2802,A
8-NS,83,2,0,2849,0,2851,G
8-NS,84,0,2845,0,0,2845,T
8-NS,85,0,3,2818,0,2821,G
8-NS,86,2825,0,3,0,2828,A
8-NS,87,0,2832,0,1,2833,T
8-NS,88,0,0,2869,0,2869,G
8-NS,89,1,0,0,2916,2917,C
8-NS,90,1,0,0,2932,2933,C
8-NS,91,2,0,0,2958,2960,C
8-NS,92,7,0,0,2933,2940,C
8-NS,93,2950,0,0,0,2950,A
8-NS,94,1,2999,0,0,3000,T
8-NS,95,7,3030,0,3,3040,T
8-NS,96,3,1,0,3051,3055,C
8-NS,97,2,0,1,3031,3034,C
8-NS,98,0,3036,0,4,3040,T
8-NS,99,0,3014,0,10,3024,T
8-NS,100,1,6,3022,0,3029,G
8-NS,101,3004,0,0,0,3004,A
8-NS,102,0,3025,0,0,3025,T
8-NS,103,0,0,0,3013,3013,C
8-NS,104,1,2,2976,0,2979,G
8-NS,105,0,1,2983,0,2984,G
8-NS,106,0,0,0,3028,3028,C
8-NS,107,0,3009,1,3,3013,T
8-NS,108,0,3031,0,0,3031,T
8-NS,109,2,0,0,3039,3041,C
8-NS,110,0,1,3025,1,3027,G
8-NS,111,0,1,0,3045,3046,C
8-NS,112,2,2,0,3035,3039,C
8-NS,113,2,1,3048,0,3051,G
8-NS,114,3001,1,0,0,3002,A
8-NS,115,0,2,3144,0,3146,G
8-NS,116,3145,0,1,0,3146,A
8-NS,117,0,3162,0,2,3164,T
8-NS,118,2,1,0,3189,3192,C
8-NS,119,3162,0,2,0,3164,A
8-NS,120,0,3,3163,0,3166,G
8-NS,121,3141,0,1,0,3142,A
8-NS,122,0,1,3153,0,3154,G
8-NS,123,0,0,3200,0,3200,G
8-NS,124,0,3223,0,0,3223,T
8-NS,125,4,2,0,3388,3394,C
8-NS,126,4,0,0,3403,3407,C
8-NS,127,1,0,0,3438,3439,C
8-NS,128,0,3422,0,32,3454,T
8-NS,129,3440,1,0,0,3441,A
8-NS,130,3424,0,2,0,3426,A
8-NS,131,0,4,3482,0,3486,G
8-NS,132,1,4,3468,0,3473,G
8-NS,133,0,1,3419,0,3420,G
8-NS,134,0,2,3322,0,3324,G
8-NS,135,3320,0,0,0,3320,A
8-NS,136,3319,0,4,0,3323,A
8-NS,137,0,4,3336,0,3340,G
8-NS,138,3423,0,1,0,3424,A
8-NS,139,0,2,3459,1,3462,G
8-NS,140,3,2,3447,0,3452,G
8-NS,141,0,0,0,3481,3481,C
8-NS,142,3475,0,1,0,3476,A
8-NS,143,3480,2,1,0,3483,A
8-NS,144,0,3496,0,1,3497,T
8-NS,145,3514,0,1,0,3515,A
8-NS,146,0,1,0,3564,3565,C
8-NS,147,0,3512,0,2,3514,T
8-NS,148,8,0,0,3518,3526,C
8-NS,149,0,3476,0,1,3477,T
8-NS,150,7,3,0,3491,3501,C
8-NS,151,1,3,3540,0,3544,G
8-NS,152,0,0,3741,0,3741,G
8-NS,153,0,3737,0,1,3738,T
8-NS,154,9,0,0,3751,3760,C
8-NS,155,0,3734,0,0,3734,T
8-NS,156,3770,1,2,0,3773,A
8-NS,157,1,5,3761,0,3767,G
8-NS,158,3783,0,6,0,3789,A
8-NS,159,1,0,0,3877,3878,C
8-NS,160,3799,0,5,0,3804,A
8-NS,161,0,3754,0,1,3755,T
8-NS,162,2,0,0,3752,3754,C
8-NS,163,3740,0,1,0,3741,A
8-NS,164,3744,0,0,0,3744,A
8-NS,165,3710,0,5,0,3715,A
8-NS,166,2,0,3711,0,3713,G
8-NS,167,0,1,0,3731,3732,C
8-NS,168,3711,0,3,0,3714,A
8-NS,169,2,2,3713,0,3717,G
8-NS,170,2,0,0,3699,3701,C
8-NS,171,0,0,0,3737,3737,C
8-NS,172,3755,2,5,0,3762,A
8-NS,173,0,1,0,3805,3806,C
8-NS,174,1,1,0,3805,3807,C
8-NS,175,4,12,0,3802,3818,C
8-NS,176,3844,1,0,0,3845,A
8-NS,177,0,3860,0,2,3862,T
8-NS,178,0,1,3865,0,3866,G
8-NS,179,0,3847,0,2,3849,T
8-NS,180,1,3831,0,4,3836,T
8-NS,181,0,4,3843,0,3847,G
8-NS,182,2,1,3818,0,3821,G
8-NS,183,3778,0,2,0,3780,A
8-NS,184,3806,0,0,0,3806,A
8-NS,185,3765,1,2,0,3768,A
8-NS,186,2,0,3792,0,3794,G
8-NS,187,1,0,0,3788,3789,C
8-NS,188,3789,0,0,0,3789,A
8-NS,189,3780,0,0,0,3780,A
8-NS,190,3772,0,1,0,3773,A
8-NS,191,1,3818,0,0,3819,T
8-NS,192,1,3828,0,0,3829,T
8-NS,193,1,0,3888,0,3889,G
8-NS,194,0,3866,0,2,3868,T
8-NS,195,3861,0,5,0,3866,A
8-NS,196,1,0,3865,0,3866,G
8-NS,197,3865,1,0,0,3866,A
8-NS,198,3864,0,0,0,3864,A
8-NS,199,3878,0,0,0,3878,A
8-NS,200,3842,0,1,0,3843,A
8-NS,201,0,2,3852,0,3854,G
8-NS,202,3818,0,1,0,3819,A
8-NS,203,0,3824,0,1,3825,T
8-NS,204,0,3834,1,0,3835,T
8-NS,205,3,0,0,3841,3844,C
8-NS,206,0,3837,0,0,3837,T
8-NS,207,0,2,3842,0,3844,G
8-NS,208,3839,0,1,0,3840,A
8-NS,209,3830,0,1,1,3832,A
8-NS,210,3839,0,3,0,3842,A
8-NS,211,0,4,3851,0,3855,G
8-NS,212,3835,0,1,0,3836,A
8-NS,213,3849,0,2,0,3851,A
8-NS,214,1,4,3892,0,3897,G
8-NS,215,3905,0,2,0,3907,A
8-NS,216,3922,0,0,0,3922,A
8-NS,217,0,3922,0,3,3925,T
8-NS,218,2,1,0,3961,3964,C
8-NS,219,0,3959,0,0,3959,T
8-NS,220,1,5,3978,0,3984,G
8-NS,221,3965,1,7,0,3973,A
8-NS,222,0,3980,1,0,3981,T
8-NS,223,0,4,3946,1,3951,G
8-NS,224,3928,1,4,0,3933,A
8-NS,225,1,1,3919,0,3921,G
8-NS,226,0,2,3900,0,3902,G
8-NS,227,1,0,0,3907,3908,C
8-NS,228,3912,0,1,0,3913,A
8-NS,229,0,0,0,4023,4023,C
8-NS,230,0,4013,0,0,4013,T
8-NS,231,0,4028,8,1,4037,T
8-NS,232,4045,0,0,0,4045,A
8-NS,233,4059,0,0,0,4059,A
8-NS,234,4055,0,2,0,4057,A
8-NS,235,4034,1,1,0,4036,A
8-NS,236,0,4031,0,1,4032,T
8-NS,237,0,10,4030,0,4040,G
8-NS,238,4035,0,5,0,4040,A
8-NS,239,1,3,0,4057,4061,C
8-NS,240,8,0,0,4034,4042,C
8-NS,241,4045,0,1,3,4049,A
8-NS,242,0,4039,0,0,4039,T
8-NS,243,2,2,4108,0,4112,G
8-NS,244,1,0,4150,0,4151,G
8-NS,245,0,4165,0,1,4166,T
8-NS,246,25,2,0,4346,4373,C
8-NS,247,0,4336,0,2,4338,T
8-NS,248,0,2,0,4392,4394,C
8-NS,249,1,2,0,4409,4412,C
8-NS,250,4404,0,3,0,4407,A
8-NS,251,1,1,0,4457,4459,C
8-NS,252,4350,1,1,0,4352,A
8-NS,253,1,0,0,4386,4387,C
8-NS,254,6,0,0,4347,4353,C
8-NS,255,0,4158,0,3,4161,T
8-NS,256,0,1,4187,0,4188,G
8-NS,257,0,1,0,4167,4168,C
8-NS,258,0,4119,0,1,4120,T
8-NS,259,0,4161,0,4,4165,T
8-NS,260,1,1,0,4180,4182,C
8-NS,261,0,1,4191,0,4192,G
8-NS,262,1,1,0,4197,4199,C
8-NS,263,1,4,4188,0,4193,G
8-NS,264,4358,1,1,0,4360,A
8-NS,265,0,4356,0,2,4358,T
8-NS,266,4491,0,1,0,4492,A
8-NS,267,1,1,0,4504,4506,C
8-NS,268,4458,0,0,0,4458,A
8-NS,269,0,4597,0,1,4598,T
8-NS,270,4571,1,0,0,4572,A
8-NS,271,4591,0,0,0,4591,A
8-NS,272,0,0,0,4592,4592,C
8-NS,273,0,4468,0,6,4474,T
8-NS,274,0,3,4524,2,4529,G
8-NS,275,4424,0,2,0,4426,A
8-NS,276,1,0,0,4471,4472,C
8-NS,277,4447,1,3,0,4451,A
8-NS,278,0,4423,0,2,4425,T
8-NS,279,1,5,4416,0,4422,G
8-NS,280,4402,0,4,0,4406,A
8-NS,281,0,3,0,4534,4537,C
8-NS,282,0,4502,0,5,4507,T
8-NS,283,4573,1,0,0,4574,A
8-NS,284,0,4539,0,4,4543,T
8-NS,285,0,4544,0,1,4545,T
8-NS,286,0,6,4547,0,4553,G
8-NS,287,4517,0,5,1,4523,A
8-NS,288,1,2,4512,0,4515,G
8-NS,289,1,8,4501,0,4510,G
8-NS,290,4405,0,1,0,4406,A
8-NS,291,4413,2,0,0,4415,A
8-NS,292,0,4333,0,0,4333,T
8-NS,293,1,4346,0,0,4347,T
8-NS,294,1,0,4412,0,4413,G
8-NS,295,1,4383,0,7,4391,T
8-NS,296,9,0,0,4414,4423,C
8-NS,297,4421,0,0,2,4423,A
8-NS,298,4417,0,1,0,4418,A
8-NS,299,0,5,4411,0,4416,G
8-NS,300,4439,0,1,0,4440,A
8-NS,301,4433,0,1,0,4434,A
8-NS,302,4440,1,2,0,4443,A
8-NS,303,2,0,0,4439,4441,C
8-NS,304,0,4382,0,0,4382,T
8-NS,305,0,4,4435,0,4439,G
8-NS,306,1,0,4490,0,4491,G
8-NS,307,0,4478,1,1,4480,T
8-NS,308,0,4472,0,2,4474,T
8-NS,309,11,2,1,4456,4470,C
8-NS,310,4494,0,2,0,4496,A
8-NS,311,0,4552,0,3,4555,T
8-NS,312,2,4,4586,1,4593,G
8-NS,313,0,0,0,4612,4612,C
8-NS,314,0,4582,0,0,4582,T
8-NS,315,4539,0,3,0,4542,A
8-NS,316,4588,0,1,1,4590,A
8-NS,317,0,4620,0,3,4623,T
8-NS,318,1,0,4638,0,4639,G
8-NS,319,2,2,0,4608,4612,C
8-NS,320,4,1,0,4542,4547,C
8-NS,321,11,2,0,4534,4547,C
8-NS,322,4536,0,0,0,4536,A
8-NS,323,4550,0,0,0,4550,A
8-NS,324,0,0,4566,0,4566,G
8-NS,325,0,0,0,4577,4577,C
8-NS,326,4557,0,2,0,4559,A
8-NS,327,1,2,4585,0,4588,G
8-NS,328,4577,0,1,0,4578,A
8-NS,329,4569,0,3,0,4572,A
8-NS,330,4545,0,15,0,4560,A
8-NS,331,4513,0,1,1,4515,A
8-NS,332,0,4562,0,1,4563,T
8-NS,333,0,0,4574,0,4574,G
8-NS,334,0,4,4565,1,4570,G
8-NS,335,4581,0,6,1,4588,A
8-NS,336,4533,9,3,0,4545,A
8-NS,337,0,3,4535,0,4538,G
8-NS,338,2,6,4525,0,4533,G
8-NS,339,4531,1,5,0,4537,A
8-NS,340,0,2,0,4556,4558,C
8-NS,341,5,0,0,4562,4567,C
8-NS,342,1,4566,0,5,4572,T
8-NS,343,3,0,0,4626,4629,C
8-NS,344,1,4626,0,2,4629,T
8-NS,345,0,4656,0,1,4657,T
8-NS,346,1,4649,0,2,4652,T
8-NS,347,0,0,4647,0,4647,G
8-NS,348,1,0,0,4695,4696,C
8-NS,349,4671,1,3,0,4675,A
8-NS,350,1,4652,1,0,4654,T
8-NS,351,1,0,13,4652,4666,C
8-NS,352,4688,0,13,0,4701,A
8-NS,353,2,9,4831,0,4842,G
8-NS,354,4807,0,2,0,4809,A
8-NS,355,4808,0,1,0,4809,A
8-NS,356,0,4789,0,0,4789,T
8-NS,357,2,6,4730,0,4738,G
8-NS,358,2,12,4767,0,4781,G
8-NS,359,4771,0,2,0,4773,A
8-NS,360,1,1,0,4778,4780,C
8-NS,361,16,0,0,4656,4672,C
8-NS,362,4571,0,2,0,4573,A
8-NS,363,0,3,4612,0,4615,G
8-NS,364,3,1,4586,2,4592,G
8-NS,365,1,12,1,4610,4624,C
8-NS,366,4596,0,0,0,4596,A
8-NS,367,4611,0,5,0,4616,A
8-NS,368,0,4599,0,0,4599,T
8-NS,369,5,0,0,4617,4622,C
8-NS,370,4627,0,1,0,4628,A
8-NS,371,0,4589,0,0,4589,T
8-NS,372,1,6,4552,0,4559,G
8-NS,373,0,7,4553,0,4560,G
8-NS,374,4523,0,6,0,4529,A
8-NS,375,1,2,4585,0,4588,G
8-NS,376,4519,0,1,0,4520,A
8-NS,377,4532,0,0,0,4532,A
8-NS,378,4553,0,0,0,4553,A
8-NS,379,4533,0,2,0,4535,A
8-NS,380,4533,0,4,11,4548,A
8-NS,381,0,0,0,4579,4579,C
8-NS,382,4543,0,0,0,4543,A
8-NS,383,0,4508,0,1,4509,T
8-NS,384,6,1,0,4506,4513,C
8-NS,385,4517,0,4,0,4521,A
8-NS,386,0,4527,0,2,4529,T
8-NS,387,1,0,4535,0,4536,G
8-NS,388,0,4529,0,4,4533,T
8-NS,389,0,4503,0,2,4505,T
8-NS,390,0,5,4495,0,4500,G
8-NS,391,4488,1,1,0,4490,A
8-NS,392,4482,0,0,0,4482,A
8-NS,393,4486,0,2,0,4488,A
8-NS,394,1,0,4487,0,4488,G
8-NS,395,2,3,0,4448,4453,C
8-NS,396,1,8,4465,0,4474,G
8-NS,397,4476,0,1,0,4477,A
8-NS,398,4471,0,1,0,4472,A
8-NS,399,0,4460,0,1,4461,T
8-NS,400,0,4453,1,6,4460,T
8-NS,401,0,4481,0,0,4481,T
8-NS,402,9,0,0,4482,4491,C
8-NS,403,4458,1,4,0,4463,A
8-NS,404,2,1,4477,0,4480,G
8-NS,405,0,4469,0,1,4470,T
8-NS,406,0,1,4476,0,4477,G
8-NS,407,0,4452,2,4,4458,T
8-NS,408,0,10,4473,0,4483,G
8-NS,409,4509,0,0,0,4509,A
8-NS,410,0,4483,0,4,4487,T
8-NS,411,0,4506,0,0,4506,T
8-NS,412,0,4492,0,0,4492,T
8-NS,413,0,4472,0,3,4475,T
8-NS,414,0,4499,0,0,4499,T
8-NS,415,2,8,4483,0,4493,G
8-NS,416,4471,1,5,0,4477,A
8-NS,417,0,1,0,4470,4471,C
8-NS,418,5,1,0,4440,4446,C
8-NS,419,1,5,4472,0,4478,G
8-NS,420,4760,0,0,0,4760,A
8-NS,421,1,1,0,4842,4844,C
8-NS,422,0,4848,0,1,4849,T
8-NS,423,4866,0,1,0,4867,A
8-NS,424,1,4,4869,0,4874,G
8-NS,425,4859,0,5,0,4864,A
8-NS,426,3,8,4890,1,4902,G
8-NS,427,4873,1,3,0,4877,A
8-NS,428,1,0,0,5010,5011,C
8-NS,429,4,2,0,4776,4782,C
8-NS,430,4654,0,3,0,4657,A
8-NS,431,0,4931,0,1,4932,T
8-NS,432,4916,0,4,0,4920,A
8-NS,433,0,0,5232,0,5232,G
8-NS,434,0,5152,0,3,5155,T
8-NS,435,5154,0,1,0,5155,A
8-NS,436,0,5146,0,0,5146,T
8-NS,437,0,5018,0,2,5020,T
8-NS,438,5161,0,1,0,5162,A
8-NS,439,0,1,0,5177,5178,C
8-NS,440,0,4956,0,0,4956,T
8-NS,441,4950,0,0,0,4950,A
8-NS,442,4507,0,3,0,4510,A
8-NS,443,3,10,4521,0,4534,G
8-NS,444,1,5,4509,0,4515,G
8-NS,445,2,1,4500,0,4503,G
8-NS,446,1,0,0,4452,4453,C
8-NS,447,0,4378,0,7,4385,T
8-NS,448,0,4373,0,3,4376,T
8-NS,449,0,4444,0,1,4445,T
8-NS,450,2,0,0,4460,4462,C
8-NS,451,4490,0,3,0,4493,A
8-NS,452,0,3,0,4526,4529,C
8-NS,453,5,1,0,4482,4488,C
8-NS,454,2,4,4496,0,4502,G
8-NS,455,4429,1,1,1,4432,A
8-NS,456,4479,1,0,1,4481,A
8-NS,457,0,1,4504,0,4505,G
8-NS,458,4443,0,2,0,4445,A
8-NS,459,0,8,4467,0,4475,G
8-NS,460,1,1,4387,0,4389,G
8-NS,461,3,10,4409,0,4422,G
8-NS,462,4393,0,10,0,4403,A
8-NS,463,0,0,4422,0,4422,G
8-NS,464,0,4,0,4397,4401,C
8-NS,465,4423,0,0,0,4423,A
8-NS,466,4423,0,0,0,4423,A
8-NS,467,0,4426,0,0,4426,T
8-NS,468,0,4417,0,0,4417,T
8-NS,469,0,1,4408,0,4409,G
8-NS,470,0,4365,0,0,4365,T
8-NS,471,0,4364,7,1,4372,T
8-NS,472,0,2,4353,1,4356,G
8-NS,473,1,1,4326,0,4328,G
8-NS,474,1,0,0,4353,4354,C
8-NS,475,3,3,4377,0,4383,G
8-NS,476,4373,0,1,0,4374,A
8-NS,477,4411,0,0,0,4411,A
8-NS,478,4414,0,1,0,4415,A
8-NS,479,0,4445,0,0,4445,T
8-NS,480,2,19,0,4417,4438,C
8-NS,481,0,4401,0,2,4403,T
8-NS,482,3,1,0,4401,4405,C
8-NS,483,4416,0,3,0,4419,A
8-NS,484,1,1,0,4432,4434,C
8-NS,485,4,0,0,4430,4434,C
8-NS,486,4415,0,2,0,4417,A
8-NS,487,0,4383,0,1,4384,T
8-NS,488,0,4353,0,5,4358,T
8-NS,489,1,1,4367,0,4369,G
8-NS,490,1,2,0,4330,4333,C
8-NS,491,2,3,1,4345,4351,C
8-NS,492,1,4364,1,4,4370,T
8-NS,493,0,4347,0,2,4349,T
8-NS,494,2,0,0,4363,4365,C
8-NS,495,0,4367,0,2,4369,T
8-NS,496,0,4383,0,2,4385,T
8-NS,497,0,4460,0,1,4461,T
8-NS,498,1,4410,0,2,4413,T
8-NS,499,1,0,0,4429,4430,C
8-NS,500,2,0,0,4435,4437,C
8-NS,501,4422,0,1,1,4424,A
8-NS,502,1,3,4492,0,4496,G
8-NS,503,1,5,4455,2,4463,G
8-NS,504,4532,0,1,0,4533,A
8-NS,505,2,3,1,4532,4538,C
8-NS,506,4601,0,0,1,4602,A
8-NS,507,0,4600,0,2,4602,T
8-NS,508,4604,1,2,0,4607,A
8-NS,509,1,6,0,4939,4946,C
8-NS,510,1,4934,0,3,4938,T
8-NS,511,4888,1,4,0,4893,A
8-NS,512,1,4870,0,2,4873,T
8-NS,513,0,4746,0,0,4746,T
8-NS,514,1,3,4741,0,4745,G
8-NS,515,4538,0,6,0,4544,A
8-NS,516,4,2,4554,0,4560,G
8-NS,517,0,6,4547,0,4553,G
8-NS,518,4155,0,2,0,4157,A
8-NS,519,1,4168,0,0,4169,T
8-NS,520,4,0,4164,0,4168,G
8-NS,521,0,4129,0,8,4137,T
8-NS,522,5,2,0,4160,4167,C
8-NS,523,4182,1,1,0,4184,A
8-NS,524,4173,0,2,0,4175,A
8-NS,525,4174,0,0,1,4175,A
8-NS,526,4155,0,0,0,4155,A
8-NS,527,4150,12,7,0,4169,A
8-NS,528,0,4175,0,0,4175,T
8-NS,529,1,1,4175,0,4177,G
8-NS,530,0,1,0,4190,4191,C
8-NS,531,4189,0,0,0,4189,A
8-NS,532,4192,0,0,0,4192,A
8-NS,533,1,4197,0,1,4199,T
8-NS,534,0,4231,0,0,4231,T
8-NS,535,0,3,4204,0,4207,G
8-NS,536,0,4,4173,0,4177,G
8-NS,537,0,0,4159,0,4159,G
8-NS,538,0,0,4197,0,4197,G
8-NS,539,0,4168,0,1,4169,T
8-NS,540,4,0,0,4200,4204,C
8-NS,541,1,0,0,4197,4198,C
8-NS,542,0,4200,0,4,4204,T
8-NS,543,8,0,0,4257,4265,C
8-NS,544,4246,0,0,0,4246,A
8-NS,545,0,4208,12,3,4223,T
8-NS,546,2,0,0,4266,4268,C
8-NS,547,12,4,4212,0,4228,G
8-NS,548,0,3,4220,1,4224,G
8-NS,549,4152,0,2,0,4154,A
8-NS,550,0,1,4158,0,4159,G
8-NS,551,0,5,4178,0,4183,G
8-NS,552,4112,0,1,0,4113,A
8-NS,553,1,0,0,4157,4158,C
8-NS,554,0,4160,0,0,4160,T
8-NS,555,0,4165,0,3,4168,T
8-NS,556,2,7,4186,0,4195,G
8-NS,557,4164,0,3,0,4167,A
8-NS,558,4170,1,2,0,4173,A
8-NS,559,1,4162,0,0,4163,T
8-NS,560,1,1,4096,0,4098,G
8-NS,561,1,5,4161,0,4167,G
8-NS,562,4101,0,11,0,4112,A
8-NS,563,4153,0,1,0,4154,A
8-NS,564,0,4326,0,1,4327,T
8-NS,565,8,4,4342,0,4354,G
8-NS,566,4353,0,1,0,4354,A
8-NS,567,0,4363,0,1,4364,T
8-NS,568,4364,0,2,0,4366,A
8-NS,569,4378,1,4,1,4384,A
8-NS,570,0,3,0,4328,4331,C
8-NS,571,4255,0,1,0,4256,A
8-NS,572,1,0,0,4300,4301,C
8-NS,573,3967,0,3,0,3970,A
8-NS,574,0,1,4030,0,4031,G
8-NS,575,1,3995,0,3,3999,T
8-NS,576,0,3975,0,1,3976,T
8-NS,577,10,0,0,3982,3992,C
8-NS,578,1,8,3975,0,3984,G
8-NS,579,3951,0,3,0,3954,A
8-NS,580,0,0,3987,0,3987,G
8-NS,581,0,3912,0,0,3912,T
8-NS,582,10,0,0,3914,3924,C
8-NS,583,1,3869,0,8,3878,T
8-NS,584,4,0,1,3882,3887,C
8-NS,585,0,3914,0,1,3915,T
8-NS,586,3912,0,1,0,3913,A
8-NS,587,3905,0,2,0,3907,A
8-NS,588,3891,0,1,1,3893,A
8-NS,589,3927,0,0,0,3927,A
8-NS,590,3926,0,0,0,3926,A
8-NS,591,1,3865,0,0,3866,T
8-NS,592,2,0,0,3916,3918,C
8-NS,593,0,3888,0,0,3888,T
8-NS,594,3903,0,1,0,3904,A
8-NS,595,0,2,0,3905,3907,C
8-NS,596,3904,1,0,0,3905,A
8-NS,597,0,3,3895,0,3898,G
8-NS,598,3819,0,5,0,3824,A
8-NS,599,0,2,3836,0,3838,G
8-NS,600,3824,1,1,0,3826,A
8-NS,601,0,3777,0,1,3778,T
8-NS,602,1,3783,0,2,3786,T
8-NS,603,4,6,0,3795,3805,C
8-NS,604,69,1,3740,0,3810,G
8-NS,605,2,1,0,3793,3796,C
8-NS,606,0,3790,0,2,3792,T
8-NS,607,0,3820,0,1,3821,T
8-NS,608,1,1,3788,0,3790,G
8-NS,609,0,4,3801,0,3805,G
8-NS,610,3805,1,2,0,3808,A
8-NS,611,0,1,3809,0,3810,G
8-NS,612,3786,0,0,1,3787,A
8-NS,613,3772,0,1,1,3774,A
8-NS,614,0,0,3831,0,3831,G
8-NS,615,0,2,0,3828,3830,C
8-NS,616,3837,0,4,0,3841,A
8-NS,617,0,2,3908,0,3910,G
8-NS,618,0,3869,0,1,3870,T
8-NS,619,3889,0,1,0,3890,A
8-NS,620,3890,0,1,0,3891,A
8-NS,621,0,3869,0,0,3869,T
8-NS,622,1,3,3895,0,3899,G
8-NS,623,3757,0,0,0,3757,A
8-NS,624,8,6,3802,0,3816,G
8-NS,625,3782,0,3,0,3785,A
8-NS,626,3657,0,0,0,3657,A
8-NS,627,0,3643,0,0,3643,T
8-NS,628,0,1,3607,0,3608,G
8-NS,629,0,3,3606,1,3610,G
8-NS,630,1,3,3601,0,3605,G
8-NS,631,2,5,3567,0,3574,G
8-NS,632,1,3,3568,0,3572,G
8-NS,633,3469,0,1,0,3470,A
8-NS,634,2,3361,0,0,3363,T
8-NS,635,2,0,1,3493,3496,C
8-NS,636,0,3479,0,6,3485,T
8-NS,637,2,1,3,3477,3483,C
8-NS,638,1,0,0,3521,3522,C
8-NS,639,3531,0,0,0,3531,A
8-NS,640,0,0,0,3541,3541,C
8-NS,641,0,3476,0,5,3481,T
8-NS,642,0,3456,1,1,3458,T
8-NS,643,3414,0,0,1,3415,A
8-NS,644,1,2,0,3420,3423,C
8-NS,645,0,3356,0,8,3364,T
8-NS,646,5,2,0,3383,3390,C
8-NS,647,4,0,0,3375,3379,C
8-NS,648,3369,0,0,0,3369,A
8-NS,649,3385,0,1,0,3386,A
8-NS,650,3390,0,1,0,3391,A
8-NS,651,3385,0,1,1,3387,A
8-NS,652,0,0,0,3388,3388,C
8-NS,653,3345,1,0,0,3346,A
8-NS,654,0,3,3343,0,3346,G
8-NS,655,3342,0,0,0,3342,A
8-NS,656,3332,0,0,0,3332,A
8-NS,657,3335,0,0,0,3335,A
8-NS,658,0,2,0,3331,3333,C
8-NS,659,2,4,3330,0,3336,G
8-NS,660,0,3,3314,0,3317,G
8-NS,661,0,2,3331,0,3333,G
8-NS,662,3333,0,2,0,3335,A
8-NS,663,3324,0,0,0,3324,A
8-NS,664,3323,0,0,0,3323,A
8-NS,665,0,3303,0,0,3303,T
8-NS,666,1,0,3326,0,3327,G
8-NS,667,0,0,3309,0,3309,G
8-NS,668,1,6,0,3293,3300,C
8-NS,669,0,1,3313,0,3314,G
8-NS,670,3310,0,1,0,3311,A
8-NS,671,0,4,3327,0,3331,G
8-NS,672,3325,0,0,0,3325,A
8-NS,673,3321,0,0,0,3321,A
8-NS,674,0,0,0,3320,3320,C
8-NS,675,3267,0,10,0,3277,A
8-NS,676,5,1,3254,0,3260,G
8-NS,677,0,0,0,3229,3229,C
8-NS,678,0,3255,0,1,3256,T
8-NS,679,3235,1,1,0,3237,A
8-NS,680,0,1,3207,0,3208,G
8-NS,681,0,1,3211,0,3212,G
8-NS,682,1,3178,0,0,3179,T
8-NS,683,5,0,0,3136,3141,C
8-NS,684,3152,0,0,0,3152,A
8-NS,685,3133,1,2,0,3136,A
8-NS,686,3142,0,0,0,3142,A
8-NS,687,3170,0,0,0,3170,A
8-NS,688,0,0,3160,1,3161,G
8-NS,689,0,3070,0,0,3070,T
8-NS,690,0,3063,0,1,3064,T
8-NS,691,0,3079,0,0,3079,T
8-NS,692,0,2,3073,0,3075,G
8-NS,693,3074,0,3,0,3077,A
8-NS,694,3088,0,0,0,3088,A
8-NS,695,0,5,3093,0,3098,G
8-NS,696,3031,1,2,0,3034,A
8-NS,697,0,1,3031,0,3032,G
8-NS,698,3023,0,9,0,3032,A
8-NS,699,1,3031,0,0,3032,T
8-NS,700,3044,0,1,0,3045,A
8-NS,701,3021,0,1,0,3022,A
8-NS,702,0,0,3024,1,3025,G
8-NS,703,2829,0,2,0,2831,A
8-NS,704,1,2805,1,0,2807,T
8-NS,705,1,3,2825,0,2829,G
8-NS,706,1,0,2824,0,2825,G
8-NS,707,0,1,0,2798,2799,C
8-NS,708,0,2803,0,0,2803,T
8-NS,709,2805,0,2,0,2807,A
8-NS,710,2802,9,0,0,2811,A
8-NS,711,0,2812,0,0,2812,T
8-NS,712,0,2805,0,0,2805,T
8-NS,713,2,0,2816,0,2818,G
8-NS,714,2774,0,0,0,2774,A
8-NS,715,2763,0,3,0,2766,A
8-NS,716,1,5,2759,0,2765,G
8-NS,717,2764,0,2,0,2766,A
8-NS,718,2739,1,1,1,2742,A
8-NS,719,0,0,2766,0,2766,G
8-NS,720,0,2710,0,3,2713,T
8-NS,721,0,3,2711,0,2714,G
8-NS,722,2686,3,3,0,2692,A
8-NS,723,0,1,2699,0,2700,G
8-NS,724,2698,0,3,0,2701,A
8-NS,725,3,1,0,2677,2681,C
8-NS,726,2640,0,2,5,2647,A
8-NS,727,0,1,0,2645,2646,C
8-NS,728,2447,0,1,0,2448,A
8-NS,729,1,1,2492,0,2494,G
8-NS,730,2491,0,2,0,2493,A
8-NS,731,0,2458,0,0,2458,T
8-NS,732,0,2462,0,2,2464,T
8-NS,733,2447,4,1,0,2452,A
8-NS,734,2443,0,1,1,2445,A
8-NS,735,2453,0,0,0,2453,A
8-NS,736,2447,0,0,0,2447,A
8-NS,737,2440,0,0,0,2440,A
8-NS,738,0,0,0,2344,2344,C
8-NS,739,2228,0,0,0,2228,A
8-NS,740,2239,0,0,0,2239,A
8-NS,741,0,0,0,2243,2243,C
8-NS,742,0,2232,0,1,2233,T
8-NS,743,2,1,2246,0,2249,G
8-NS,744,2244,0,0,1,2245,A
8-NS,745,2250,1,0,0,2251,A
8-NS,746,2248,0,0,0,2248,A
8-NS,747,2237,0,1,0,2238,A
8-NS,748,1,2228,1,0,2230,T
8-NS,749,2188,0,3,0,2191,A
8-NS,750,0,1,2188,0,2189,G
8-NS,751,0,0,0,2197,2197,C
8-NS,752,0,2140,1,2,2143,T
8-NS,753,0,2149,0,1,2150,T
8-NS,754,0,2119,0,6,2125,T
8-NS,755,0,4,2139,0,2143,G
8-NS,756,2137,0,0,0,2137,A
8-NS,757,2142,0,1,0,2143,A
8-NS,758,0,0,0,2142,2142,C
8-NS,759,2082,0,1,0,2083,A
8-NS,760,2087,1,1,0,2089,A
8-NS,761,2094,0,0,1,2095,A
8-NS,762,0,2096,0,0,2096,T
8-NS,763,2091,1,1,0,2093,A
8-NS,764,2054,0,1,0,2055,A
8-NS,765,0,0,0,2050,2050,C
8-NS,766,2046,0,1,0,2047,A
8-NS,767,0,2028,0,0,2028,T
8-NS,768,0,1978,0,0,1978,T
8-NS,769,2,0,1,1950,1953,C
8-NS,770,1933,0,1,0,1934,A
8-NS,771,1,1918,0,1,1920,T
8-NS,772,4,0,1920,0,1924,G
8-NS,773,0,1,0,1885,1886,C
8-NS,774,1856,0,0,0,1856,A
8-NS,775,1847,0,3,0,1850,A
8-NS,776,0,1,1844,0,1845,G
8-NS,777,1,0,1,1870,1872,C
8-NS,778,1849,0,0,0,1849,A
8-NS,779,0,1832,0,14,1846,T
8-NS,780,0,1844,0,1,1845,T
8-NS,781,1835,0,2,0,1837,A
8-NS,782,0,0,1,1840,1841,C
8-NS,783,1827,0,1,0,1828,A
8-NS,784,1784,0,1,0,1785,A
8-NS,785,0,0,0,1764,1764,C
8-NS,786,0,1503,0,1,1504,T
8-NS,787,0,0,1498,0,1498,G
8-NS,788,0,0,0,1463,1463,C
8-NS,789,0,1433,0,0,1433,T
8-NS,790,0,0,1431,0,1431,G
8-NS,791,1,1398,0,3,1402,T
8-NS,792,0,1398,0,0,1398,T
8-NS,793,0,1395,0,0,1395,T
8-NS,794,0,0,1375,0,1375,G
8-NS,795,1380,0,1,0,1381,A
8-NS,796,1346,0,0,0,1346,A
8-NS,797,0,0,1350,0,1350,G
8-NS,798,0,1334,0,0,1334,T
8-NS,799,0,1,1272,0,1273,G
8-NS,800,0,1,1281,0,1282,G
8-NS,801,1283,0,0,0,1283,A
8-NS,802,1275,0,0,0,1275,A
8-NS,803,0,0,0,1268,1268,C
8-NS,804,1241,0,1,0,1242,A
8-NS,805,0,0,1245,0,1245,G
8-NS,806,1,2,1226,0,1229,G
8-NS,807,1208,0,0,0,1208,A
8-NS,808,0,0,1210,0,1210,G
8-NS,809,1013,0,2,0,1015,A
8-NS,810,0,1006,0,1,1007,T
8-NS,811,997,0,5,0,1002,A
8-NS,812,999,0,1,0,1000,A
8-NS,813,1,1,998,0,1000,G
8-NS,814,873,0,1,0,874,A
8-NS,815,855,0,0,0,855,A
8-NS,816,0,0,0,845,845,C
8-NS,817,0,710,0,3,713,T
8-NS,818,0,718,0,0,718,T
8-NS,819,0,716,0,0,716,T
8-NS,820,0,0,0,714,714,C
8-NS,821,0,698,0,2,700,T
8-NS,822,0,0,0,690,690,C
8-NS,823,666,0,1,0,667,A
8-NS,824,0,662,0,0,662,T
8-NS,825,0,651,0,1,652,T
8-NS,826,0,649,0,0,649,T
8-NS,827,0,0,0,642,642,C
8-NS,828,611,0,2,0,613,A
8-NS,829,0,0,611,0,611,G
8-NS,830,0,0,0,611,611,C
8-NS,831,0,577,0,1,578,T
8-NS,832,0,577,0,0,577,T
8-NS,833,559,0,0,0,559,A
8-NS,834,0,556,0,0,556,T
8-NS,835,0,554,0,0,554,T
8-NS,836,0,551,0,0,551,T
8-NS,837,529,0,0,0,529,A
8-NS,838,508,0,1,0,509,A
8-NS,839,0,497,0,0,497,T
8-NS,840,0,0,494,0,494,G
8-NS,841,474,0,1,0,475,A
8-NS,842,0,417,0,0,417,T
8-NS,843,411,0,0,0,411,A
8-NS,844,408,0,1,0,409,A
8-NS,845,408,0,0,0,408,A
8-NS,846,410,0,0,0,410,A
8-NS,847,396,0,0,0,396,A
8-NS,848,393,0,0,0,393,A
8-NS,849,1,0,0,388,389,C
8-NS,850,337,0,0,0,337,A
8-NS,851,0,0,0,346,346,C
8-NS,852,3,0,0,328,331,C
8-NS,853,2,0,0,316,318,C
8-NS,854,0,289,0,0,289,T
8-NS,855,0,287,0,0,287,T
8-NS,856,0,0,289,0,289,G
8-NS,857,0,268,0,0,268,T
8-NS,858,0,262,0,0,262,T
8-NS,859,0,253,0,0,253,T
8-NS,860,0,0,0,115,115,C
8-NS,861,0,89,0,0,89,T
8-NS,862,77,0,0,0,77,A
8-NS,863,0,0,0,77,77,C
