Gene,Position,A,T,G,C,Coverage,Consensus
1-PB2,1,570,0,0,0,570,A
1-PB2,2,0,573,0,0,573,T
1-PB2,3,0,0,582,0,582,G
1-PB2,4,0,1,582,0,583,G
1-PB2,5,581,0,2,0,583,A
1-PB2,6,586,0,0,0,586,A
1-PB2,7,584,0,1,0,585,A
1-PB2,8,0,1,663,0,664,G
1-PB2,9,661,0,0,0,661,A
1-PB2,10,662,0,0,0,662,A
1-PB2,11,0,682,0,2,684,T
1-PB2,12,685,0,0,1,686,A
1-PB2,13,684,0,1,0,685,A
1-PB2,14,688,0,0,0,688,A
1-PB2,15,687,0,1,0,688,A
1-PB2,16,0,2,700,0,702,G
1-PB2,17,702,0,0,0,702,A
1-PB2,18,705,0,0,0,705,A
1-PB2,19,0,0,0,719,719,C
1-PB2,20,0,720,0,0,720,T
1-PB2,21,737,0,0,0,737,A
1-PB2,22,1,0,0,735,736,C
1-PB2,23,1,0,737,0,738,G
1-PB2,24,1,0,748,0,749,G
1-PB2,25,753,0,2,0,755,A
1-PB2,26,778,0,0,0,778,A
1-PB2,27,0,779,0,0,779,T
1-PB2,28,0,0,0,785,785,C
1-PB2,29,0,785,0,4,789,T
1-PB2,30,0,0,790,0,790,G
1-PB2,31,791,0,0,0,791,A
1-PB2,32,0,795,0,0,795,T
1-PB2,33,0,0,797,0,797,G
1-PB2,34,0,809,0,1,810,T
1-PB2,35,1,0,0,809,810,C
1-PB2,36,0,0,808,0,808,G
1-PB2,37,0,0,0,807,807,C
1-PB2,38,806,0,1,0,807,A
1-PB2,39,0,0,839,0,839,G
1-PB2,40,0,842,0,1,843,T
1-PB2,41,1,0,0,846,847,C
1-PB2,42,0,840,0,5,845,T
1-PB2,43,1,0,0,849,850,C
1-PB2,44,1,1,844,0,846,G
1-PB2,45,1,0,0,847,848,C
1-PB2,46,847,0,0,0,847,A
1-PB2,47,0,0,0,851,851,C
1-PB2,48,0,848,0,1,849,T
1-PB2,49,3,0,0,873,876,C
1-PB2,50,0,0,878,0,878,G
1-PB2,51,0,0,1,884,885,C
1-PB2,52,0,2,882,0,884,G
1-PB2,53,880,0,1,0,881,A
1-PB2,54,0,1,889,1,891,G
1-PB2,55,904,0,3,0,907,A
1-PB2,56,0,906,0,0,906,T
1-PB2,57,912,0,0,0,912,A
1-PB2,58,1,0,0,909,910,C
1-PB2,59,0,911,0,1,912,T
1-PB2,60,0,4,932,0,936,G
1-PB2,61,939,1,0,0,940,A
1-PB2,62,0,1,0,940,941,C
1-PB2,63,942,0,0,0,942,A
1-PB2,64,934,0,2,0,936,A
1-PB2,65,957,0,0,0,957,A
1-PB2,66,964,0,2,0,966,A
1-PB2,67,971,0,1,0,972,A
1-PB2,68,0,0,0,979,979,C
1-PB2,69,2,0,0,976,978,C
1-PB2,70,998,0,0,0,998,A
1-PB2,71,1,0,0,1018,1019,C
1-PB2,72,1016,0,1,0,1017,A
1-PB2,73,0,0,1044,0,1044,G
1-PB2,74,0,1029,0,1,1030,T
1-PB2,75,1,3,1074,0,1078,G
1-PB2,76,2,2,1076,0,1080,G
1-PB2,77,1082,0,1,0,1083,A
1-PB2,78,0,0,0,1142,1142,C
1-PB2,79,1,1,0,1136,1138,C
1-PB2,80,1149,0,1,0,1150,A
1-PB2,81,0,1150,0,4,1154,T
1-PB2,82,1142,0,2,0,1144,A
1-PB2,83,0,1139,0,0,1139,T
1-PB2,84,0,5,1150,0,1155,G
1-PB2,85,0,0,1156,0,1156,G
1-PB2,86,1,0,0,1160,1161,C
1-PB2,87,2,0,0,1150,1152,C
1-PB2,88,1144,0,0,0,1144,A
1-PB2,89,0,1232,0,0,1232,T
1-PB2,90,1225,0,0,0,1225,A
1-PB2,91,1278,0,0,0,1278,A
1-PB2,92,0,1287,0,0,1287,T
1-PB2,93,0,1284,0,1,1285,T
1-PB2,94,1295,0,1,0,1296,A
1-PB2,95,1297,0,0,1,1298,A
1-PB2,96,0,1,1333,0,1334,G
1-PB2,97,1326,0,1,0,1327,A
1-PB2,98,1320,0,1,0,1321,A
1-PB2,99,1,0,1382,0,1383,G
1-PB2,100,0,1357,0,0,1357,T
1-PB2,101,1375,0,1,0,1376,A
1-PB2,102,0,0,0,1379,1379,C
1-PB2,103,1384,0,0,0,1384,A
1-PB2,104,0,0,0,1416,1416,C
1-PB2,105,1404,0,1,1,1406,A
1-PB2,106,0,1410,0,0,1410,T
1-PB2,107,0,0,0,1419,1419,C
1-PB2,108,1,4,1408,0,1413,G
1-PB2,109,0,1,1410,0,1411,G
1-PB2,110,1,0,1410,0,1411,G
1-PB2,111,0,2,1418,0,1420,G
1-PB2,112,1407,1,4,0,1412,A
1-PB2,113,0,2,1425,0,1427,G
1-PB2,114,1434,0,2,0,1436,A
1-PB2,115,0,1,0,1443,1444,C
1-PB2,116,1451,0,2,0,1453,A
1-PB2,117,0,1,1466,0,1467,G
1-PB2,118,0,0,1503,0,1503,G
1-PB2,119,1508,1,1,0,1510,A
1-PB2,120,1508,0,1,0,1509,A
1-PB2,121,1514,0,1,0,1515,A
1-PB2,122,1502,0,3,0,1505,A
1-PB2,123,0,2,1509,0,1511,G
1-PB2,124,1506,0,2,0,1508,A
1-PB2,125,1511,0,5,0,1516,A
1-PB2,126,0,0,0,1515,1515,C
1-PB2,127,1,0,0,1503,1504,C
1-PB2,128,0,0,0,1509,1509,C
1-PB2,129,0,1,1510,0,1511,G
1-PB2,130,0,1499,0,5,1504,T
1-PB2,131,1,0,0,1518,1519,C
1-PB2,132,1531,0,1,0,1532,A
1-PB2,133,0,1,0,1540,1541,C
1-PB2,134,0,1549,0,2,1551,T
1-PB2,135,0,1553,0,0,1553,T
1-PB2,136,1550,0,3,0,1553,A
1-PB2,137,1,0,1567,0,1568,G
1-PB2,138,0,0,1567,0,1567,G
1-PB2,139,1564,0,1,0,1565,A
1-PB2,140,0,1559,0,1,1560,T
1-PB2,141,0,0,1587,0,1587,G
1-PB2,142,1598,0,2,0,1600,A
1-PB2,143,1608,0,1,1,1610,A
1-PB2,144,1604,0,2,1,1607,A
1-PB2,145,0,1614,0,0,1614,T
1-PB2,146,0,1,1612,1,1614,G
1-PB2,147,1,1,1621,0,1623,G
1-PB2,148,1622,0,2,0,1624,A
1-PB2,149,0,1622,0,0,1622,T
1-PB2,150,0,3,1619,0,1622,G
1-PB2,151,1608,0,2,0,1610,A
1-PB2,152,0,1611,0,1,1612,T
1-PB2,153,0,4,1613,0,1617,G
1-PB2,154,0,0,1620,0,1620,G
1-PB2,155,0,0,0,1622,1622,C
1-PB2,156,1620,0,0,0,1620,A
1-PB2,157,1639,0,0,0,1639,A
1-PB2,158,0,1642,0,0,1642,T
1-PB2,159,0,1,1681,0,1682,G
1-PB2,160,1674,0,2,0,1676,A
1-PB2,161,1677,0,1,1,1679,A
1-PB2,162,1684,0,3,1,1688,A
1-PB2,163,0,1678,0,2,1680,T
1-PB2,164,1685,0,2,0,1687,A
1-PB2,165,1,0,0,1717,1718,C
1-PB2,166,4,0,0,1701,1705,C
1-PB2,167,1,0,0,1710,1711,C
1-PB2,168,1704,0,1,0,1705,A
1-PB2,169,1696,0,0,0,1696,A
1-PB2,170,0,1694,0,1,1695,T
1-PB2,171,2,1,0,1702,1705,C
1-PB2,172,1692,0,2,1,1695,A
1-PB2,173,0,0,0,1724,1724,C
1-PB2,174,0,1708,0,0,1708,T
1-PB2,175,0,0,1712,0,1712,G
1-PB2,176,1,2,0,1701,1704,C
1-PB2,177,0,1700,0,3,1703,T
1-PB2,178,0,1,1722,0,1723,G
1-PB2,179,1715,1,2,0,1718,A
1-PB2,180,0,0,0,1733,1733,C
1-PB2,181,1738,0,0,0,1738,A
1-PB2,182,1718,0,2,1,1721,A
1-PB2,183,1728,0,1,0,1729,A
1-PB2,184,1730,0,6,0,1736,A
1-PB2,185,2,0,1768,0,1770,G
1-PB2,186,1,3,1771,0,1775,G
1-PB2,187,1764,0,0,0,1764,A
1-PB2,188,0,1778,0,1,1779,T
1-PB2,189,1772,0,0,0,1772,A
1-PB2,190,1774,0,2,0,1776,A
1-PB2,191,0,0,0,1805,1805,C
1-PB2,192,1803,0,0,0,1803,A
1-PB2,193,0,2,1802,0,1804,G
1-PB2,194,1780,0,1,0,1781,A
1-PB2,195,1789,0,0,0,1789,A
1-PB2,196,1786,0,0,0,1786,A
1-PB2,197,0,1781,0,0,1781,T
1-PB2,198,0,1,1780,0,1781,G
1-PB2,199,0,2,1792,0,1794,G
1-PB2,200,0,1780,0,3,1783,T
1-PB2,201,0,1787,0,2,1789,T
1-PB2,202,6,1,0,1780,1787,C
1-PB2,203,2,0,0,1791,1793,C
1-PB2,204,2,0,1794,0,1796,G
1-PB2,205,1,2,1796,0,1799,G
1-PB2,206,1792,0,1,0,1793,A
1-PB2,207,1,3,1799,0,1803,G
1-PB2,208,1782,0,4,0,1786,A
1-PB2,209,1,1,1817,0,1819,G
1-PB2,210,1812,0,3,0,1815,A
1-PB2,211,1818,0,2,0,1820,A
1-PB2,212,1820,0,3,0,1823,A
1-PB2,213,0,1811,0,0,1811,T
1-PB2,214,0,4,1824,0,1828,G
1-PB2,215,1837,0,0,0,1837,A
1-PB2,216,1834,0,3,0,1837,A
1-PB2,217,0,1,0,1834,1835,C
1-PB2,218,1816,0,1,0,1817,A
1-PB2,219,1815,0,3,0,1818,A
1-PB2,220,1,3,1859,0,1863,G
1-PB2,221,0,5,1867,0,1872,G
1-PB2,222,1878,1,4,2,1885,A
1-PB2,223,0,0,0,1874,1874,C
1-PB2,224,1869,0,2,0,1871,A
1-PB2,225,1863,0,4,0,1867,A
1-PB2,226,1856,0,1,1,1858,A
1-PB2,227,1,0,0,1864,1865,C
1-PB2,228,2,0,0,1796,1798,C
1-PB2,229,2,0,0,1964,1966,C
1-PB2,230,0,1967,0,2,1969,T
1-PB2,231,1967,0,1,0,1968,A
1-PB2,232,0,1966,0,0,1966,T
1-PB2,233,2,3,1983,0,1988,G
1-PB2,234,0,2,2032,0,2034,G
1-PB2,235,1940,0,0,0,1940,A
1-PB2,236,1,0,1953,0,1954,G
1-PB2,237,0,1943,0,0,1943,T
1-PB2,238,1945,0,0,0,1945,A
1-PB2,239,1950,0,1,0,1951,A
1-PB2,240,1948,0,0,0,1948,A
1-PB2,241,1946,0,1,0,1947,A
1-PB2,242,0,1922,0,1,1923,T
1-PB2,243,0,2,1910,0,1912,G
1-PB2,244,1886,0,2,0,1888,A
1-PB2,245,0,0,1895,0,1895,G
1-PB2,246,2,1866,1,5,1874,T
1-PB2,247,1,4,1878,0,1883,G
1-PB2,248,1928,2,2,0,1932,A
1-PB2,249,0,1946,0,1,1947,T
1-PB2,250,0,0,1958,0,1958,G
1-PB2,251,1,0,0,1942,1943,C
1-PB2,252,0,1941,0,3,1944,T
1-PB2,253,2,3,1995,1,2001,G
1-PB2,254,1,3,1998,0,2002,G
1-PB2,255,2019,0,1,0,2020,A
1-PB2,256,0,2018,0,0,2018,T
1-PB2,257,2,0,0,2020,2022,C
1-PB2,258,2030,0,1,1,2032,A
1-PB2,259,0,2,2110,0,2112,G
1-PB2,260,2113,0,2,0,2115,A
1-PB2,261,1,2112,0,0,2113,T
1-PB2,262,2061,0,1,0,2062,A
1-PB2,263,2,0,2113,0,2115,G
1-PB2,264,2090,0,8,0,2098,A
1-PB2,265,0,1,2111,0,2112,G
1-PB2,266,0,2081,0,2,2083,T
1-PB2,267,0,3,2089,0,2092,G
1-PB2,268,2051,0,1,2,2054,A
1-PB2,269,0,2048,0,2,2050,T
1-PB2,270,3,4,2086,0,2093,G
1-PB2,271,2,0,2123,0,2125,G
1-PB2,272,0,2102,0,2,2104,T
1-PB2,273,2115,0,0,0,2115,A
1-PB2,274,0,2075,0,6,2081,T
1-PB2,275,6,1,0,2081,2088,C
1-PB2,276,2096,0,0,0,2096,A
1-PB2,277,0,1,0,2154,2155,C
1-PB2,278,3,1,0,2150,2154,C
1-PB2,279,0,2124,0,0,2124,T
1-PB2,280,0,2110,0,2,2112,T
1-PB2,281,0,2121,1,0,2122,T
1-PB2,282,2,6,2145,1,2154,G
1-PB2,283,0,0,2147,0,2147,G
1-PB2,284,1,0,0,2181,2182,C
1-PB2,285,0,2154,0,1,2155,T
1-PB2,286,1,0,2161,0,2162,G
1-PB2,287,0,2162,0,0,2162,T
1-PB2,288,2174,0,1,1,2176,A
1-PB2,289,2177,0,1,0,2178,A
1-PB2,290,0,0,0,2179,2179,C
1-PB2,291,2154,0,0,0,2154,A
1-PB2,292,0,2145,0,1,2146,T
1-PB2,293,0,1,2143,0,2144,G
1-PB2,294,0,1,2184,0,2185,G
1-PB2,295,0,2162,0,0,2162,T
1-PB2,296,0,1,2180,0,2181,G
1-PB2,297,1,3,2188,0,2192,G
1-PB2,298,2193,0,2,0,2195,A
1-PB2,299,2207,0,2,0,2209,A
1-PB2,300,0,2207,1,2,2210,T
1-PB2,301,2212,0,3,0,2215,A
1-PB2,302,0,2,2244,0,2246,G
1-PB2,303,2235,0,1,0,2236,A
1-PB2,304,2242,0,1,0,2243,A
1-PB2,305,2242,0,1,0,2243,A
1-PB2,306,1,2193,0,0,2194,T
1-PB2,307,0,2,2200,0,2202,G
1-PB2,308,1,3,2189,0,2193,G
1-PB2,309,2181,1,6,0,2188,A
1-PB2,310,0,1,0,2200,2201,C
1-PB2,311,2,0,0,2171,2173,C
1-PB2,312,1,3,0,2165,2169,C
1-PB2,313,1,1,2192,0,2194,G
1-PB2,314,0,2195,0,0,2195,T
1-PB2,315,0,6,2241,0,2247,G
1-PB2,316,2252,0,7,0,2259,A
1-PB2,317,1,1,0,2265,2267,C
1-PB2,318,2268,0,3,1,2272,A
1-PB2,319,2251,0,5,0,2256,A
1-PB2,320,16,0,2307,1,2324,G
1-PB2,321,0,2308,0,5,2313,T
1-PB2,322,2309,0,0,0,2309,A
1-PB2,323,1,2,0,2304,2307,C
1-PB2,324,3,1,2262,0,2266,G
1-PB2,325,0,0,2312,0,2312,G
1-PB2,326,0,2288,0,1,2289,T
1-PB2,327,8,0,0,2304,2312,C
1-PB2,328,4,0,0,2318,2322,C
1-PB2,329,2307,0,0,0,2307,A
1-PB2,330,0,2312,0,3,2315,T
1-PB2,331,0,2310,0,0,2310,T
1-PB2,332,2397,0,1,0,2398,A
1-PB2,333,0,1,0,2385,2386,C
1-PB2,334,3,0,0,2341,2344,C
1-PB2,335,0,3,0,2348,2351,C
1-PB2,336,2336,0,2,0,2338,A
1-PB2,337,2340,0,1,0,2341,A
1-PB2,338,2341,0,0,0,2341,A
1-PB2,339,2321,0,6,1,2328,A
1-PB2,340,0,0,2350,0,2350,G
1-PB2,341,0,2260,0,0,2260,T
1-PB2,342,1,2,2318,0,2321,G
1-PB2,343,0,2322,0,2,2324,T
1-PB2,344,2327,0,1,0,2328,A
1-PB2,345,0,0,0,2321,2321,C
1-PB2,346,2312,0,0,0,2312,A
1-PB2,347,2314,0,3,0,2317,A
1-PB2,348,0,1,2329,0,2330,G
1-PB2,349,2290,1,5,0,2296,A
1-PB2,350,1,0,0,2322,2323,C
1-PB2,351,0,2287,0,2,2289,T
1-PB2,352,0,2306,0,0,2306,T
1-PB2,353,2307,0,1,0,2308,A
1-PB2,354,0,2301,0,1,2302,T
1-PB2,355,0,2302,0,3,2305,T
1-PB2,356,0,2288,0,3,2291,T
1-PB2,357,6,3,0,2292,2301,C
1-PB2,358,1,8,2286,0,2295,G
1-PB2,359,2284,1,2,1,2288,A
1-PB2,360,0,0,0,2293,2293,C
1-PB2,361,2280,0,0,1,2281,A
1-PB2,362,2274,0,0,0,2274,A
1-PB2,363,2270,0,3,0,2273,A
1-PB2,364,1,0,2296,0,2297,G
1-PB2,365,0,2282,0,0,2282,T
1-PB2,366,6,2,0,2295,2303,C
1-PB2,367,0,3,2300,0,2303,G
1-PB2,368,2287,2,1,0,2290,A
1-PB2,369,2291,0,3,1,2295,A
1-PB2,370,2301,0,1,0,2302,A
1-PB2,371,0,1,2355,0,2356,G
1-PB2,372,0,1,2367,0,2368,G
1-PB2,373,0,2352,0,1,2353,T
1-PB2,374,0,2354,0,1,2355,T
1-PB2,375,2361,0,0,0,2361,A
1-PB2,376,2359,0,2,0,2361,A
1-PB2,377,2358,0,1,0,2359,A
1-PB2,378,2373,0,0,1,2374,A
1-PB2,379,1,2,0,2390,2393,C
1-PB2,380,2343,0,0,1,2344,A
1-PB2,381,0,2326,0,2,2328,T
1-PB2,382,1,0,2322,0,2323,G
1-PB2,383,0,1,2336,0,2337,G
1-PB2,384,2323,0,1,0,2324,A
1-PB2,385,2322,0,2,0,2324,A
1-PB2,386,1,0,0,2376,2377,C
1-PB2,387,1,0,0,2405,2406,C
1-PB2,388,1,2391,0,0,2392,T
1-PB2,389,0,2389,0,2,2391,T
1-PB2,390,0,2392,0,2,2394,T
1-PB2,391,0,2,2377,0,2379,G
1-PB2,392,2,2,2378,0,2382,G
1-PB2,393,0,2,0,2377,2379,C
1-PB2,394,4,0,0,2365,2369,C
1-PB2,395,0,2,0,2366,2368,C
1-PB2,396,1,2293,0,6,2300,T
1-PB2,397,0,0,2332,0,2332,G
1-PB2,398,0,2335,0,3,2338,T
1-PB2,399,1,2336,0,0,2337,T
1-PB2,400,9,1,0,2334,2344,C
1-PB2,401,2314,0,0,0,2314,A
1-PB2,402,1,2329,1,0,2331,T
1-PB2,403,0,2333,0,0,2333,T
1-PB2,404,0,2336,0,1,2337,T
1-PB2,405,0,2338,0,1,2339,T
1-PB2,406,2307,0,1,0,2308,A
1-PB2,407,0,3,2298,0,2301,G
1-PB2,408,2291,0,2,1,2294,A
1-PB2,409,2304,0,1,0,2305,A
1-PB2,410,2306,0,1,0,2307,A
1-PB2,411,0,2285,0,0,2285,T
1-PB2,412,5,0,0,2301,2306,C
1-PB2,413,2300,0,1,0,2301,A
1-PB2,414,2319,0,3,0,2322,A
1-PB2,415,0,1,2331,0,2332,G
1-PB2,416,2,2329,0,0,2331,T
1-PB2,417,6,0,0,2338,2344,C
1-PB2,418,2344,0,2,0,2346,A
1-PB2,419,2349,1,4,0,2354,A
1-PB2,420,0,3,2352,0,2355,G
1-PB2,421,2349,0,6,0,2355,A
1-PB2,422,1,2357,0,1,2359,T
1-PB2,423,2350,0,1,0,2351,A
1-PB2,424,0,1,0,2347,2348,C
1-PB2,425,2,0,2346,0,2348,G
1-PB2,426,0,0,0,2357,2357,C
1-PB2,427,2340,0,2,0,2342,A
1-PB2,428,1,2,2361,0,2364,G
1-PB2,429,2347,0,1,0,2348,A
1-PB2,430,2355,0,1,0,2356,A
1-PB2,431,1,2,2401,0,2404,G
1-PB2,432,2339,0,4,0,2343,A
1-PB2,433,0,0,2368,0,2368,G
1-PB2,434,0,2346,0,0,2346,T
1-PB2,435,2339,0,2,0,2341,A
1-PB2,436,0,0,2384,0,2384,G
1-PB2,437,2374,0,4,0,2378,A
1-PB2,438,1,1,1,2461,2464,C
1-PB2,439,2416,0,1,0,2417,A
1-PB2,440,0,2383,0,1,2384,T
1-PB2,441,2373,0,2,0,2375,A
1-PB2,442,2361,0,2,0,2363,A
1-PB2,443,2361,0,1,0,2362,A
1-PB2,444,1,0,0,2385,2386,C
1-PB2,445,1,2,0,2353,2356,C
1-PB2,446,2,0,0,2345,2347,C
1-PB2,447,0,2235,0,3,2238,T
1-PB2,448,4,2,2241,0,2247,G
1-PB2,449,0,1,2275,1,2277,G
1-PB2,450,0,2270,0,5,2275,T
1-PB2,451,7,0,0,2260,2267,C
1-PB2,452,2293,0,0,0,2293,A
1-PB2,453,0,2285,0,0,2285,T
1-PB2,454,0,0,2303,0,2303,G
1-PB2,455,1,4,1,2281,2287,C
1-PB2,456,2282,1,4,0,2287,A
1-PB2,457,0,5,2294,0,2299,G
1-PB2,458,2252,0,1,0,2253,A
1-PB2,459,0,0,0,2294,2294,C
1-PB2,460,1,0,0,2287,2288,C
1-PB2,461,0,2251,0,2,2253,T
1-PB2,462,0,0,0,2261,2261,C
1-PB2,463,2242,0,0,0,2242,A
1-PB2,464,2,1,2272,0,2275,G
1-PB2,465,0,2267,0,1,2268,T
1-PB2,466,0,0,2261,0,2261,G
1-PB2,467,1,0,0,2258,2259,C
1-PB2,468,6,2,0,2244,2252,C
1-PB2,469,2244,0,6,0,2250,A
1-PB2,470,2241,0,0,0,2241,A
1-PB2,471,2239,0,4,0,2243,A
1-PB2,472,0,1,2247,0,2248,G
1-PB2,473,2190,0,3,0,2193,A
1-PB2,474,1,1,2186,0,2188,G
1-PB2,475,1,0,2183,0,2184,G
1-PB2,476,1,0,0,2191,2192,C
1-PB2,477,2199,0,0,0,2199,A
1-PB2,478,0,1,0,2197,2198,C
1-PB2,479,2199,0,0,1,2200,A
1-PB2,480,2237,0,2,0,2239,A
1-PB2,481,1,1,2274,0,2276,G
1-PB2,482,2298,0,0,0,2298,A
1-PB2,483,0,2286,0,0,2286,T
1-PB2,484,0,0,2281,0,2281,G
1-PB2,485,0,2272,0,1,2273,T
1-PB2,486,2272,0,1,0,2273,A
1-PB2,487,2276,0,1,0,2277,A
1-PB2,488,1,2259,0,3,2263,T
1-PB2,489,6,4,1,2100,2111,C
1-PB2,490,2134,0,1,0,2135,A
1-PB2,491,0,2137,0,1,2138,T
1-PB2,492,0,3,2133,0,2136,G
1-PB2,493,1,3,2128,1,2133,G
1-PB2,494,2131,0,1,0,2132,A
1-PB2,495,2121,0,2,0,2123,A
1-PB2,496,1,0,2134,0,2135,G
1-PB2,497,0,2114,0,0,2114,T
1-PB2,498,0,2123,0,0,2123,T
1-PB2,499,0,0,2134,0,2134,G
1-PB2,500,0,2125,0,2,2127,T
1-PB2,501,0,2112,1,0,2113,T
1-PB2,502,0,2119,0,1,2120,T
1-PB2,503,0,2111,0,1,2112,T
1-PB2,504,0,2112,0,2,2114,T
1-PB2,505,0,1,0,2130,2131,C
1-PB2,506,0,1,0,2115,2116,C
1-PB2,507,1,0,0,2129,2130,C
1-PB2,508,2122,1,0,0,2123,A
1-PB2,509,2115,0,0,0,2115,A
1-PB2,510,2,2128,0,0,2130,T
1-PB2,511,0,2,2132,0,2134,G
1-PB2,512,2129,0,0,0,2129,A
1-PB2,513,2135,0,1,1,2137,A
1-PB2,514,0,0,2144,0,2144,G
1-PB2,515,0,2117,0,1,2118,T
1-PB2,516,0,5,2119,1,2125,G
1-PB2,517,0,1,2124,0,2125,G
1-PB2,518,0,3,2115,0,2118,G
1-PB2,519,2117,0,10,0,2127,A
1-PB2,520,0,1,2125,0,2126,G
1-PB2,521,1,3,0,2102,2106,C
1-PB2,522,0,2,0,2148,2150,C
1-PB2,523,2138,0,4,1,2143,A
1-PB2,524,0,0,2174,0,2174,G
1-PB2,525,3,2,2177,0,2182,G
1-PB2,526,2184,0,1,0,2185,A
1-PB2,527,1,2193,0,1,2195,T
1-PB2,528,2202,0,2,0,2204,A
1-PB2,529,0,0,0,2201,2201,C
1-PB2,530,0,2198,0,0,2198,T
1-PB2,531,2196,0,0,0,2196,A
1-PB2,532,2192,0,2,0,2194,A
1-PB2,533,0,0,0,2198,2198,C
1-PB2,534,2162,0,0,0,2162,A
1-PB2,535,0,2139,1,1,2141,T
1-PB2,536,4,1,0,2148,2153,C
1-PB2,537,2113,0,1,0,2114,A
1-PB2,538,0,3,2124,0,2127,G
1-PB2,539,2126,0,0,0,2126,A
1-PB2,540,2121,0,0,0,2121,A
1-PB2,541,0,2110,1,0,2111,T
1-PB2,542,7,0,0,2077,2084,C
1-PB2,543,2078,1,1,0,2080,A
1-PB2,544,0,0,0,2112,2112,C
1-PB2,545,2116,0,1,0,2117,A
1-PB2,546,2117,0,2,0,2119,A
1-PB2,547,0,2071,0,2,2073,T
1-PB2,548,0,2080,0,2,2082,T
1-PB2,549,2098,0,0,0,2098,A
1-PB2,550,2095,0,1,0,2096,A
1-PB2,551,0,2,0,2115,2117,C
1-PB2,552,2098,0,0,0,2098,A
1-PB2,553,2073,0,0,0,2073,A
1-PB2,554,0,2108,0,0,2108,T
1-PB2,555,2088,0,7,0,2095,A
1-PB2,556,2088,0,0,0,2088,A
1-PB2,557,0,0,0,2093,2093,C
1-PB2,558,0,2087,0,2,2089,T
1-PB2,559,2086,0,0,1,2087,A
1-PB2,560,2068,0,1,0,2069,A
1-PB2,561,2068,0,3,0,2071,A
1-PB2,562,0,4,2081,0,2085,G
1-PB2,563,2045,1,2,0,2048,A
1-PB2,564,2,3,2046,0,2051,G
1-PB2,565,2050,0,2,0,2052,A
1-PB2,566,2049,0,1,0,2050,A
1-PB2,567,2052,1,0,0,2053,A
1-PB2,568,2054,0,0,0,2054,A
1-PB2,569,2053,0,1,0,2054,A
1-PB2,570,2053,0,6,0,2059,A
1-PB2,571,0,4,2058,0,2062,G
1-PB2,572,2058,1,1,0,2060,A
1-PB2,573,2039,0,2,1,2042,A
1-PB2,574,1,1,2042,0,2044,G
1-PB2,575,2047,0,4,0,2051,A
1-PB2,576,2045,0,0,0,2045,A
1-PB2,577,0,0,0,2055,2055,C
1-PB2,578,0,2004,0,3,2007,T
1-PB2,579,1,0,0,2037,2038,C
1-PB2,580,1,1,0,2043,2045,C
1-PB2,581,2,4,2051,0,2057,G
1-PB2,582,2044,0,1,0,2045,A
1-PB2,583,0,4,2041,0,2045,G
1-PB2,584,2038,0,1,0,2039,A
1-PB2,585,0,2016,0,1,2017,T
1-PB2,586,0,2016,0,0,2016,T
1-PB2,587,0,0,2024,0,2024,G
1-PB2,588,1,1,0,2022,2024,C
1-PB2,589,2035,0,0,0,2035,A
1-PB2,590,2033,0,2,0,2035,A
1-PB2,591,2030,0,0,1,2031,A
1-PB2,592,2035,1,1,0,2037,A
1-PB2,593,0,2030,0,0,2030,T
1-PB2,594,0,2028,0,2,2030,T
1-PB2,595,0,2021,0,1,2022,T
1-PB2,596,3,0,0,2022,2025,C
1-PB2,597,0,2018,0,4,2022,T
1-PB2,598,2,0,0,2074,2076,C
1-PB2,599,1,0,0,2082,2083,C
1-PB2,600,3,0,0,2182,2185,C
1-PB2,601,0,2172,0,2,2174,T
1-PB2,602,0,2201,0,5,2206,T
1-PB2,603,0,3,2213,0,2216,G
1-PB2,604,2218,0,2,0,2220,A
1-PB2,605,0,2248,0,2,2250,T
1-PB2,606,0,5,2256,0,2261,G
1-PB2,607,1,0,2365,0,2366,G
1-PB2,608,1,2388,0,3,2392,T
1-PB2,609,0,2368,0,2,2370,T
1-PB2,610,1,0,2471,0,2472,G
1-PB2,611,0,0,0,2459,2459,C
1-PB2,612,2495,1,2,0,2498,A
1-PB2,613,0,2497,0,3,2500,T
1-PB2,614,2507,1,0,2,2510,A
1-PB2,615,0,0,0,2571,2571,C
1-PB2,616,2689,0,0,7,2696,A
1-PB2,617,0,2737,0,5,2742,T
1-PB2,618,2,0,2808,1,2811,G
1-PB2,619,0,2770,1,8,2779,T
1-PB2,620,1,2768,0,3,2772,T
1-PB2,621,2762,0,0,0,2762,A
1-PB2,622,0,6,2748,0,2754,G
1-PB2,623,2763,0,3,0,2766,A
1-PB2,624,1,2,2793,0,2796,G
1-PB2,625,2616,0,3,0,2619,A
1-PB2,626,1,3,2626,0,2630,G
1-PB2,627,2561,0,6,2,2569,A
1-PB2,628,2,3,2579,0,2584,G
1-PB2,629,2590,0,3,0,2593,A
1-PB2,630,2587,0,1,0,2588,A
1-PB2,631,1,1,0,2585,2587,C
1-PB2,632,1,2572,0,2,2575,T
1-PB2,633,0,2555,0,0,2555,T
1-PB2,634,0,1,2568,0,2569,G
1-PB2,635,1,2557,0,2,2560,T
1-PB2,636,2562,1,3,0,2566,A
1-PB2,637,0,1,0,2552,2553,C
1-PB2,638,2,5,2547,0,2554,G
1-PB2,639,2550,0,0,0,2550,A
1-PB2,640,2537,1,0,0,2538,A
1-PB2,641,2566,0,1,0,2567,A
1-PB2,642,2575,0,0,0,2575,A
1-PB2,643,2572,0,2,1,2575,A
1-PB2,644,1,0,0,2584,2585,C
1-PB2,645,2574,0,2,0,2576,A
1-PB2,646,2581,0,0,0,2581,A
1-PB2,647,0,3,2599,0,2602,G
1-PB2,648,2594,0,2,0,2596,A
1-PB2,649,1,2587,0,2,2590,T
1-PB2,650,0,2583,0,3,2586,T
1-PB2,651,0,2581,0,3,2584,T
1-PB2,652,1,2,0,2593,2596,C
1-PB2,653,0,2586,0,2,2588,T
1-PB2,654,6,1,1,2590,2598,C
1-PB2,655,0,1,0,2588,2589,C
1-PB2,656,1,0,0,2604,2605,C
1-PB2,657,2601,0,1,0,2602,A
1-PB2,658,1,1,2624,0,2626,G
1-PB2,659,0,2619,0,4,2623,T
1-PB2,660,0,2615,0,0,2615,T
1-PB2,661,2,0,2613,0,2615,G
1-PB2,662,0,3,0,2602,2605,C
1-PB2,663,1,2601,0,3,2605,T
1-PB2,664,0,1,2610,1,2612,G
1-PB2,665,2,0,2604,0,2606,G
1-PB2,666,0,3,0,2593,2596,C
1-PB2,667,1,1,2608,0,2610,G
1-PB2,668,0,6,2628,0,2634,G
1-PB2,669,2640,0,2,0,2642,A
1-PB2,670,2647,0,1,0,2648,A
1-PB2,671,1,0,0,2638,2639,C
1-PB2,672,2660,0,1,0,2661,A
1-PB2,673,2658,0,5,0,2663,A
1-PB2,674,2,2,2742,0,2746,G
1-PB2,675,0,1,0,2772,2773,C
1-PB2,676,2790,0,1,1,2792,A
1-PB2,677,0,0,3311,0,3311,G
1-PB2,678,0,3270,0,16,3286,T
1-PB2,679,3310,0,0,0,3310,A
1-PB2,680,0,3303,0,2,3305,T
1-PB2,681,3305,1,2,0,3308,A
1-PB2,682,0,3297,0,2,3299,T
1-PB2,683,3258,1,3,0,3262,A
1-PB2,684,0,0,0,3293,3293,C
1-PB2,685,3147,0,0,0,3147,A
1-PB2,686,0,2957,0,1,2958,T
1-PB2,687,2,2854,0,1,2857,T
1-PB2,688,0,2,2853,0,2855,G
1-PB2,689,2849,0,2,0,2851,A
1-PB2,690,2847,0,0,0,2847,A
1-PB2,691,1,0,2878,0,2879,G
1-PB2,692,0,2857,1,1,2859,T
1-PB2,693,0,2842,0,0,2842,T
1-PB2,694,0,2841,0,5,2846,T
1-PB2,695,0,2853,0,1,2854,T
1-PB2,696,2871,1,0,0,2872,A
1-PB2,697,0,2,0,2878,2880,C
1-PB2,698,2878,0,0,0,2878,A
1-PB2,699,0,2871,0,0,2871,T
1-PB2,700,0,2848,1,1,2850,T
1-PB2,701,0,2859,0,0,2859,T
1-PB2,702,2,9,2863,0,2874,G
1-PB2,703,2879,2,2,0,2883,A
1-PB2,704,0,1,0,2901,2902,C
1-PB2,705,0,2858,0,1,2859,T
1-PB2,706,4,0,0,2879,2883,C
1-PB2,707,2866,0,3,0,2869,A
1-PB2,708,3,2,2839,0,2844,G
1-PB2,709,0,4,2891,0,2895,G
1-PB2,710,1,4,2899,0,2904,G
1-PB2,711,2891,0,3,0,2894,A
1-PB2,712,2903,0,3,0,2906,A
1-PB2,713,0,1,0,2912,2913,C
1-PB2,714,1,0,2928,0,2929,G
1-PB2,715,1,2909,1,0,2911,T
1-PB2,716,1,1,2927,0,2929,G
1-PB2,717,0,2898,0,0,2898,T
1-PB2,718,0,2907,0,0,2907,T
1-PB2,719,1,1,2903,0,2905,G
1-PB2,720,0,4,2902,0,2906,G
1-PB2,721,0,3,2917,0,2920,G
1-PB2,722,2888,0,3,0,2891,A
1-PB2,723,2893,0,1,0,2894,A
1-PB2,724,0,1,0,2948,2949,C
1-PB2,725,2946,0,1,0,2947,A
1-PB2,726,3035,0,4,0,3039,A
1-PB2,727,3047,0,0,0,3047,A
1-PB2,728,0,3064,0,2,3066,T
1-PB2,729,0,1,3101,0,3102,G
1-PB2,730,1,3056,0,1,3058,T
1-PB2,731,3068,0,2,0,3070,A
1-PB2,732,0,0,1,3071,3072,C
1-PB2,733,3012,0,3,0,3015,A
1-PB2,734,0,1,0,3022,3023,C
1-PB2,735,0,2915,0,3,2918,T
1-PB2,736,6,0,0,3142,3148,C
1-PB2,737,2,2,0,3143,3147,C
1-PB2,738,3200,1,5,0,3206,A
1-PB2,739,1,3,3214,0,3218,G
1-PB2,740,3,1,3290,0,3294,G
1-PB2,741,0,3247,0,1,3248,T
1-PB2,742,1,5,3269,1,3276,G
1-PB2,743,0,4,3198,0,3202,G
1-PB2,744,3155,0,6,0,3161,A
1-PB2,745,2,3,3187,0,3192,G
1-PB2,746,1,3,3186,0,3190,G
1-PB2,747,3126,0,3,1,3130,A
1-PB2,748,2,0,3160,0,3162,G
1-PB2,749,0,3076,0,0,3076,T
1-PB2,750,0,9,3101,1,3111,G
1-PB2,751,3108,1,4,0,3113,A
1-PB2,752,1,3,3114,0,3118,G
1-PB2,753,1,1,3130,0,3132,G
1-PB2,754,3101,0,2,0,3103,A
1-PB2,755,3108,2,0,1,3111,A
1-PB2,756,0,3127,0,1,3128,T
1-PB2,757,0,7,3113,0,3120,G
1-PB2,758,3112,0,5,0,3117,A
1-PB2,759,0,1,0,3105,3106,C
1-PB2,760,2,2,3111,0,3115,G
1-PB2,761,3126,0,1,0,3127,A
1-PB2,762,0,3115,0,1,3116,T
1-PB2,763,2,2,3139,0,3143,G
1-PB2,764,0,3128,0,3,3131,T
1-PB2,765,0,3108,0,3,3111,T
1-PB2,766,2,8,3118,0,3128,G
1-PB2,767,3104,0,8,0,3112,A
1-PB2,768,0,2,0,3118,3120,C
1-PB2,769,8,0,0,3109,3117,C
1-PB2,770,3083,0,1,0,3084,A
1-PB2,771,3087,0,3,0,3090,A
1-PB2,772,3092,0,1,0,3093,A
1-PB2,773,0,1,3160,0,3161,G
1-PB2,774,0,4,0,3161,3165,C
1-PB2,775,4,2,0,3158,3164,C
1-PB2,776,0,3187,0,1,3188,T
1-PB2,777,3183,0,0,0,3183,A
1-PB2,778,3179,0,3,0,3182,A
1-PB2,779,0,3194,0,1,3195,T
1-PB2,780,0,3185,0,1,3186,T
1-PB2,781,3147,0,0,0,3147,A
1-PB2,782,0,3076,0,1,3077,T
1-PB2,783,0,3063,0,2,3065,T
1-PB2,784,0,0,3064,0,3064,G
1-PB2,785,1,2,0,3046,3049,C
1-PB2,786,1,2,3050,0,3053,G
1-PB2,787,0,0,3085,0,3085,G
1-PB2,788,0,0,0,3059,3059,C
1-PB2,789,4,1,0,3077,3082,C
1-PB2,790,3074,1,3,0,3078,A
1-PB2,791,0,2,3112,0,3114,G
1-PB2,792,0,11,3128,0,3139,G
1-PB2,793,3118,2,11,0,3131,A
1-PB2,794,3150,0,5,0,3155,A
1-PB2,795,0,3,0,3168,3171,C
1-PB2,796,3128,0,2,0,3130,A
1-PB2,797,0,3154,0,2,3156,T
1-PB2,798,3186,0,3,0,3189,A
1-PB2,799,0,0,3213,0,3213,G
1-PB2,800,0,3174,0,4,3178,T
1-PB2,801,3153,1,2,0,3156,A
1-PB2,802,3151,0,3,1,3155,A
1-PB2,803,0,2,3153,0,3155,G
1-PB2,804,3126,0,2,0,3128,A
1-PB2,805,3075,1,0,0,3076,A
1-PB2,806,0,4,3062,0,3066,G
1-PB2,807,2972,0,5,0,2977,A
1-PB2,808,0,0,2977,0,2977,G
1-PB2,809,1,0,0,2968,2969,C
1-PB2,810,3,4,0,2969,2976,C
1-PB2,811,3,1,2970,1,2975,G
1-PB2,812,3,0,0,2993,2996,C
1-PB2,813,2989,1,4,0,2994,A
1-PB2,814,0,0,3164,0,3164,G
1-PB2,815,0,3140,0,0,3140,T
1-PB2,816,3162,0,1,0,3163,A
1-PB2,817,0,3149,0,2,3151,T
1-PB2,818,3,1,1,3172,3177,C
1-PB2,819,3166,0,4,0,3170,A
1-PB2,820,0,0,3164,0,3164,G
1-PB2,821,0,0,0,3163,3163,C
1-PB2,822,3046,0,2,0,3048,A
1-PB2,823,1,3,2979,0,2983,G
1-PB2,824,2978,0,0,0,2978,A
1-PB2,825,0,2959,0,2,2961,T
1-PB2,826,5,1,0,2976,2982,C
1-PB2,827,4,1,0,2986,2991,C
1-PB2,828,2972,1,4,0,2977,A
1-PB2,829,0,0,1,2999,3000,C
1-PB2,830,0,2990,1,3,2994,T
1-PB2,831,2991,0,2,0,2993,A
1-PB2,832,1,0,2981,0,2982,G
1-PB2,833,0,0,0,2961,2961,C
1-PB2,834,2958,0,1,0,2959,A
1-PB2,835,0,2952,0,2,2954,T
1-PB2,836,1,0,0,2980,2981,C
1-PB2,837,0,2966,0,1,2967,T
1-PB2,838,0,3021,0,4,3025,T
1-PB2,839,0,3031,0,0,3031,T
1-PB2,840,3029,0,0,0,3029,A
1-PB2,841,0,3027,0,1,3028,T
1-PB2,842,1,3018,0,2,3021,T
1-PB2,843,2,2,3014,0,3018,G
1-PB2,844,0,7,2995,0,3002,G
1-PB2,845,2948,1,8,0,2957,A
1-PB2,846,0,1,2958,0,2959,G
1-PB2,847,2896,0,1,0,2897,A
1-PB2,848,0,2859,0,0,2859,T
1-PB2,849,0,0,2902,0,2902,G
1-PB2,850,0,2888,1,5,2894,T
1-PB2,851,2,2,2907,0,2911,G
1-PB2,852,0,3,0,2897,2900,C
1-PB2,853,3,0,0,2899,2902,C
1-PB2,854,2893,0,3,0,2896,A
1-PB2,855,1,0,0,2892,2893,C
1-PB2,856,2857,0,0,0,2857,A
1-PB2,857,1,1,2898,0,2900,G
1-PB2,858,2,0,0,2837,2839,C
1-PB2,859,2824,1,1,1,2827,A
1-PB2,860,2,0,0,2835,2837,C
1-PB2,861,2827,0,6,0,2833,A
1-PB2,862,0,1,1,2848,2850,C
1-PB2,863,2836,0,1,0,2837,A
1-PB2,864,2845,1,1,0,2847,A
1-PB2,865,2832,0,2,0,2834,A
1-PB2,866,0,2772,0,0,2772,T
1-PB2,867,0,2780,0,0,2780,T
1-PB2,868,0,3,2766,1,2770,G
1-PB2,869,0,0,2734,0,2734,G
1-PB2,870,0,4,0,2752,2756,C
1-PB2,871,0,0,2739,0,2739,G
1-PB2,872,1,3,2734,0,2738,G
1-PB2,873,2717,0,1,0,2718,A
1-PB2,874,2761,0,2,0,2763,A
1-PB2,875,0,0,0,2780,2780,C
1-PB2,876,2776,0,1,0,2777,A
1-PB2,877,2768,0,6,0,2774,A
1-PB2,878,4,5,2767,0,2776,G
1-PB2,879,0,2,2777,0,2779,G
1-PB2,880,2774,0,4,0,2778,A
1-PB2,881,0,2642,0,3,2645,T
1-PB2,882,0,3,2637,0,2640,G
1-PB2,883,2,0,2641,0,2643,G
1-PB2,884,0,2596,0,5,2601,T
1-PB2,885,1,3,2619,0,2623,G
1-PB2,886,0,4,2599,0,2603,G
1-PB2,887,2560,0,1,0,2561,A
1-PB2,888,1,1,0,2569,2571,C
1-PB2,889,2533,0,3,0,2536,A
1-PB2,890,0,2815,0,2,2817,T
1-PB2,891,0,2794,1,0,2795,T
1-PB2,892,2,1,0,2791,2794,C
1-PB2,893,0,2756,0,2,2758,T
1-PB2,894,0,2752,2,3,2757,T
1-PB2,895,2755,0,3,0,2758,A
1-PB2,896,1,5,2765,0,2771,G
1-PB2,897,2750,0,1,0,2751,A
1-PB2,898,0,0,0,2764,2764,C
1-PB2,899,2189,0,1,0,2190,A
1-PB2,900,0,3,2210,0,2213,G
1-PB2,901,2183,1,1,0,2185,A
1-PB2,902,2196,0,3,0,2199,A
1-PB2,903,0,0,0,2211,2211,C
1-PB2,904,3,0,0,2208,2211,C
1-PB2,905,3,0,0,2210,2213,C
1-PB2,906,1,4,2208,0,2213,G
1-PB2,907,2202,0,2,0,2204,A
1-PB2,908,0,0,0,2218,2218,C
1-PB2,909,0,2209,0,1,2210,T
1-PB2,910,0,1,2214,0,2215,G
1-PB2,911,2207,0,0,1,2208,A
1-PB2,912,2219,0,3,0,2222,A
1-PB2,913,0,5,2219,0,2224,G
1-PB2,914,2223,0,1,0,2224,A
1-PB2,915,2216,1,4,0,2221,A
1-PB2,916,0,0,0,2215,2215,C
1-PB2,917,2204,0,1,0,2205,A
1-PB2,918,2203,0,8,0,2211,A
1-PB2,919,0,0,2230,0,2230,G
1-PB2,920,0,2,0,2248,2250,C
1-PB2,921,0,2240,0,1,2241,T
1-PB2,922,3,0,2273,0,2276,G
1-PB2,923,0,2269,0,0,2269,T
1-PB2,924,1,2,2319,0,2322,G
1-PB2,925,0,1,2386,0,2387,G
1-PB2,926,2380,1,2,0,2383,A
1-PB2,927,0,2386,0,1,2387,T
1-PB2,928,2366,0,1,0,2367,A
1-PB2,929,0,2344,0,1,2345,T
1-PB2,930,2431,0,5,0,2436,A
1-PB2,931,0,2397,0,4,2401,T
1-PB2,932,1,0,2395,0,2396,G
1-PB2,933,0,0,0,2364,2364,C
1-PB2,934,2294,0,1,0,2295,A
1-PB2,935,2293,0,5,0,2298,A
1-PB2,936,0,0,2290,0,2290,G
1-PB2,937,0,0,2286,0,2286,G
1-PB2,938,0,0,0,2299,2299,C
1-PB2,939,0,2259,0,3,2262,T
1-PB2,940,0,1,2284,0,2285,G
1-PB2,941,1,0,0,2278,2279,C
1-PB2,942,2295,0,1,0,2296,A
1-PB2,943,2299,0,0,1,2300,A
1-PB2,944,1,2272,0,2,2275,T
1-PB2,945,3,4,2285,0,2292,G
1-PB2,946,0,0,2290,0,2290,G
1-PB2,947,0,2,2292,0,2294,G
1-PB2,948,2282,0,2,1,2285,A
1-PB2,949,0,2279,1,1,2281,T
1-PB2,950,0,2284,0,1,2285,T
1-PB2,951,1,3,2280,0,2284,G
1-PB2,952,2263,0,2,0,2265,A
1-PB2,953,0,1,2297,0,2298,G
1-PB2,954,2288,0,5,1,2294,A
1-PB2,955,2269,0,2,0,2271,A
1-PB2,956,0,2251,0,0,2251,T
1-PB2,957,3,0,0,2266,2269,C
1-PB2,958,2263,0,3,1,2267,A
1-PB2,959,0,0,2282,0,2282,G
1-PB2,960,0,0,0,2270,2270,C
1-PB2,961,0,2254,0,4,2258,T
1-PB2,962,10,1,0,2259,2270,C
1-PB2,963,2274,0,0,0,2274,A
1-PB2,964,0,2289,0,3,2292,T
1-PB2,965,2,1,0,2308,2311,C
1-PB2,966,3,4,0,2309,2316,C
1-PB2,967,0,2296,1,5,2302,T
1-PB2,968,0,2292,1,3,2296,T
1-PB2,969,3,1,0,2305,2309,C
1-PB2,970,2303,0,1,0,2304,A
1-PB2,971,0,0,2325,0,2325,G
1-PB2,972,0,0,0,2318,2318,C
1-PB2,973,0,2295,0,5,2300,T
1-PB2,974,0,2307,0,1,2308,T
1-PB2,975,0,2299,0,2,2301,T
1-PB2,976,1,1,2292,0,2294,G
1-PB2,977,1,1,2299,0,2301,G
1-PB2,978,0,2263,0,1,2264,T
1-PB2,979,0,1,2304,0,2305,G
1-PB2,980,0,0,2284,1,2285,G
1-PB2,981,1,0,2305,0,2306,G
1-PB2,982,0,2290,0,3,2293,T
1-PB2,983,0,2294,0,3,2297,T
1-PB2,984,0,2306,0,1,2307,T
1-PB2,985,2299,1,3,0,2303,A
1-PB2,986,1,1,0,2307,2309,C
1-PB2,987,2304,0,0,0,2304,A
1-PB2,988,1,2305,0,1,2307,T
1-PB2,989,0,2277,0,1,2278,T
1-PB2,990,0,2271,0,0,2271,T
1-PB2,991,2267,1,0,0,2268,A
1-PB2,992,2276,0,0,0,2276,A
1-PB2,993,2273,0,1,0,2274,A
1-PB2,994,2250,1,3,0,2254,A
1-PB2,995,0,2,2267,0,2269,G
1-PB2,996,2255,0,2,0,2257,A
1-PB2,997,2250,0,3,0,2253,A
1-PB2,998,1,1,0,2258,2260,C
1-PB2,999,2258,0,2,0,2260,A
1-PB2,1000,2256,0,1,0,2257,A
1-PB2,1001,0,0,2248,0,2248,G
1-PB2,1002,0,1,0,2257,2258,C
1-PB2,1003,0,3,2255,0,2258,G
1-PB2,1004,0,1,2250,0,2251,G
1-PB2,1005,0,0,2246,0,2246,G
1-PB2,1006,0,2244,0,1,2245,T
1-PB2,1007,7,0,0,2240,2247,C
1-PB2,1008,2250,0,4,1,2255,A
1-PB2,1009,0,2223,0,0,2223,T
1-PB2,1010,3,0,1,2244,2248,C
1-PB2,1011,2245,0,1,0,2246,A
1-PB2,1012,0,0,2298,0,2298,G
1-PB2,1013,0,2251,0,3,2254,T
1-PB2,1014,4,0,0,2265,2269,C
1-PB2,1015,2274,1,0,0,2275,A
1-PB2,1016,2283,0,0,0,2283,A
1-PB2,1017,2250,33,1,0,2284,A
1-PB2,1018,2287,0,2,0,2289,A
1-PB2,1019,2290,0,2,0,2292,A
1-PB2,1020,2292,0,4,0,2296,A
1-PB2,1021,0,0,2297,0,2297,G
1-PB2,1022,2269,0,2,1,2272,A
1-PB2,1023,2272,0,1,0,2273,A
1-PB2,1024,0,1,2269,0,2270,G
1-PB2,1025,2261,0,2,0,2263,A
1-PB2,1026,2216,0,7,0,2223,A
1-PB2,1027,1,1,2223,0,2225,G
1-PB2,1028,2211,1,2,0,2214,A
1-PB2,1029,3,2,2215,0,2220,G
1-PB2,1030,2,0,2242,0,2244,G
1-PB2,1031,0,2241,0,0,2241,T
1-PB2,1032,1,1,2272,0,2274,G
1-PB2,1033,0,0,0,2277,2277,C
1-PB2,1034,1,2278,0,7,2286,T
1-PB2,1035,0,2294,0,0,2294,T
1-PB2,1036,2284,0,0,0,2284,A
1-PB2,1037,1,0,0,2287,2288,C
1-PB2,1038,2268,0,1,0,2269,A
1-PB2,1039,2,3,2256,0,2261,G
1-PB2,1040,2,0,2250,0,2252,G
1-PB2,1041,0,1,0,2208,2209,C
1-PB2,1042,2199,0,0,0,2199,A
1-PB2,1043,2213,0,1,0,2214,A
1-PB2,1044,0,2235,0,1,2236,T
1-PB2,1045,2,0,0,2260,2262,C
1-PB2,1046,0,2257,0,2,2259,T
1-PB2,1047,2,4,0,2244,2250,C
1-PB2,1048,2,0,0,2244,2246,C
1-PB2,1049,2268,0,0,1,2269,A
1-PB2,1050,2267,0,2,0,2269,A
1-PB2,1051,2270,1,0,0,2271,A
1-PB2,1052,0,1,0,2282,2283,C
1-PB2,1053,2246,0,1,0,2247,A
1-PB2,1054,0,2228,0,0,2228,T
1-PB2,1055,0,2190,0,0,2190,T
1-PB2,1056,1,4,2185,0,2190,G
1-PB2,1057,2177,1,2,0,2180,A
1-PB2,1058,2,1,2158,0,2161,G
1-PB2,1059,2253,0,2,0,2255,A
1-PB2,1060,2260,0,1,1,2262,A
1-PB2,1061,0,2278,0,0,2278,T
1-PB2,1062,2283,0,4,0,2287,A
1-PB2,1063,2286,0,2,1,2289,A
1-PB2,1064,1,1,2359,0,2361,G
1-PB2,1065,2304,0,2,0,2306,A
1-PB2,1066,0,1,2376,0,2377,G
1-PB2,1067,0,2293,0,1,2294,T
1-PB2,1068,2306,0,1,0,2307,A
1-PB2,1069,0,2,0,2362,2364,C
1-PB2,1070,2348,0,2,0,2350,A
1-PB2,1071,0,2341,1,1,2343,T
1-PB2,1072,0,3,2346,0,2349,G
1-PB2,1073,2277,0,6,0,2283,A
1-PB2,1074,1,2,2296,0,2299,G
1-PB2,1075,1,3,2304,0,2308,G
1-PB2,1076,1,3,2402,0,2406,G
1-PB2,1077,0,1,2430,0,2431,G
1-PB2,1078,0,2348,1,0,2349,T
1-PB2,1079,2388,0,1,0,2389,A
1-PB2,1080,0,2384,0,3,2387,T
1-PB2,1081,2,1,2393,0,2396,G
1-PB2,1082,2376,0,3,0,2379,A
1-PB2,1083,2,0,2368,0,2370,G
1-PB2,1084,1,2,2357,0,2360,G
1-PB2,1085,2231,0,2,1,2234,A
1-PB2,1086,1,0,2304,0,2305,G
1-PB2,1087,0,2309,0,1,2310,T
1-PB2,1088,0,2359,0,2,2361,T
1-PB2,1089,5,0,0,2360,2365,C
1-PB2,1090,2377,2,1,0,2380,A
1-PB2,1091,0,1,0,2384,2385,C
1-PB2,1092,2368,0,1,0,2369,A
1-PB2,1093,2374,0,2,0,2376,A
1-PB2,1094,0,2376,1,0,2377,T
1-PB2,1095,1,2,2351,0,2354,G
1-PB2,1096,1,2,2366,0,2369,G
1-PB2,1097,0,2297,2,2,2301,T
1-PB2,1098,4,2,2323,0,2329,G
1-PB2,1099,3,4,2310,0,2317,G
1-PB2,1100,1,0,2313,0,2314,G
1-PB2,1101,0,0,2331,0,2331,G
1-PB2,1102,2319,0,1,0,2320,A
1-PB2,1103,2322,0,3,0,2325,A
1-PB2,1104,2324,0,2,0,2326,A
1-PB2,1105,2275,1,4,0,2280,A
1-PB2,1106,0,2,2307,0,2309,G
1-PB2,1107,2279,0,7,1,2287,A
1-PB2,1108,3,0,2302,0,2305,G
1-PB2,1109,0,0,0,2295,2295,C
1-PB2,1110,2288,0,4,0,2292,A
1-PB2,1111,2291,0,3,1,2295,A
1-PB2,1112,0,0,0,2358,2358,C
1-PB2,1113,2362,0,1,0,2363,A
1-PB2,1114,1,0,2390,0,2391,G
1-PB2,1115,0,0,0,2371,2371,C
1-PB2,1116,0,2373,1,1,2375,T
1-PB2,1117,2426,1,1,0,2428,A
1-PB2,1118,1,2429,1,1,2432,T
1-PB2,1119,2435,0,0,1,2436,A
1-PB2,1120,1,1,0,2435,2437,C
1-PB2,1121,0,2327,0,0,2327,T
1-PB2,1122,2335,0,0,0,2335,A
1-PB2,1123,2291,0,0,0,2291,A
1-PB2,1124,1,1,2294,0,2296,G
1-PB2,1125,2293,0,2,0,2295,A
1-PB2,1126,2227,0,0,0,2227,A
1-PB2,1127,2222,1,1,0,2224,A
1-PB2,1128,2201,0,3,0,2204,A
1-PB2,1129,1,1,2219,0,2221,G
1-PB2,1130,2,0,0,2215,2217,C
1-PB2,1131,2223,0,1,0,2224,A
1-PB2,1132,2217,0,2,0,2219,A
1-PB2,1133,1,0,0,2218,2219,C
1-PB2,1134,2,2,0,2222,2226,C
1-PB2,1135,2242,0,1,0,2243,A
1-PB2,1136,0,1,2246,0,2247,G
1-PB2,1137,2230,0,1,0,2231,A
1-PB2,1138,2236,0,4,0,2240,A
1-PB2,1139,1,0,2258,0,2259,G
1-PB2,1140,2246,0,2,0,2248,A
1-PB2,1141,0,2233,0,0,2233,T
1-PB2,1142,1,2222,0,1,2224,T
1-PB2,1143,0,5,2232,0,2237,G
1-PB2,1144,1,0,2268,0,2269,G
1-PB2,1145,0,2248,0,1,2249,T
1-PB2,1146,0,2244,0,3,2247,T
1-PB2,1147,6,0,0,2243,2249,C
1-PB2,1148,2253,0,0,0,2253,A
1-PB2,1149,2244,0,5,0,2249,A
1-PB2,1150,0,0,0,2395,2395,C
1-PB2,1151,1,2392,0,4,2397,T
1-PB2,1152,5,0,0,2406,2411,C
1-PB2,1153,2390,0,2,0,2392,A
1-PB2,1154,0,2395,0,2,2397,T
1-PB2,1155,2398,0,0,0,2398,A
1-PB2,1156,1,0,2406,0,2407,G
1-PB2,1157,0,2293,0,2,2295,T
1-PB2,1158,0,6,2323,0,2329,G
1-PB2,1159,2221,0,0,1,2222,A
1-PB2,1160,1,0,2264,0,2265,G
1-PB2,1161,0,2225,0,3,2228,T
1-PB2,1162,1,1,2225,0,2227,G
1-PB2,1163,1,3,2249,0,2253,G
1-PB2,1164,2251,0,1,0,2252,A
1-PB2,1165,2235,0,8,0,2243,A
1-PB2,1166,1,2,2247,0,2250,G
1-PB2,1167,2211,0,4,0,2215,A
1-PB2,1168,0,3,2224,0,2227,G
1-PB2,1169,2198,1,2,0,2201,A
1-PB2,1170,0,2,1,2186,2189,C
1-PB2,1171,2,6,2208,0,2216,G
1-PB2,1172,2186,0,2,0,2188,A
1-PB2,1173,2201,0,3,0,2204,A
1-PB2,1174,1,0,0,2208,2209,C
1-PB2,1175,2201,0,1,0,2202,A
1-PB2,1176,0,1,2274,0,2275,G
1-PB2,1177,0,2248,0,3,2251,T
1-PB2,1178,6,0,0,2261,2267,C
1-PB2,1179,2284,0,4,0,2288,A
1-PB2,1180,2273,0,1,0,2274,A
1-PB2,1181,0,2267,0,0,2267,T
1-PB2,1182,2267,0,0,0,2267,A
1-PB2,1183,0,0,2256,0,2256,G
1-PB2,1184,0,0,0,2245,2245,C
1-PB2,1185,1,0,0,2189,2190,C
1-PB2,1186,0,8,2178,0,2186,G
1-PB2,1187,2172,1,2,0,2175,A
1-PB2,1188,2173,0,5,0,2178,A
1-PB2,1189,0,0,2203,0,2203,G
1-PB2,1190,1,0,0,2228,2229,C
1-PB2,1191,2234,0,1,0,2235,A
1-PB2,1192,2223,0,5,0,2228,A
1-PB2,1193,0,2240,0,0,2240,T
1-PB2,1194,2257,0,1,1,2259,A
1-PB2,1195,2283,0,0,0,2283,A
1-PB2,1196,0,2266,0,0,2266,T
1-PB2,1197,0,1,0,2262,2263,C
1-PB2,1198,0,0,2265,0,2265,G
1-PB2,1199,0,2193,0,1,2194,T
1-PB2,1200,0,1,2199,0,2200,G
1-PB2,1201,1,0,2194,1,2196,G
1-PB2,1202,0,1,0,2186,2187,C
1-PB2,1203,1,0,0,2217,2218,C
1-PB2,1204,2180,0,2,0,2182,A
1-PB2,1205,0,2185,0,1,2186,T
1-PB2,1206,1,1,2198,0,2200,G
1-PB2,1207,0,0,2222,0,2222,G
1-PB2,1208,1,2157,0,3,2161,T
1-PB2,1209,1,0,2207,0,2208,G
1-PB2,1210,0,2150,1,2,2153,T
1-PB2,1211,0,2166,0,4,2170,T
1-PB2,1212,0,2172,0,4,2176,T
1-PB2,1213,1,2184,0,2,2187,T
1-PB2,1214,3,1,0,2232,2236,C
1-PB2,1215,2237,0,2,0,2239,A
1-PB2,1216,0,2,0,2510,2512,C
1-PB2,1217,2501,0,2,3,2506,A
1-PB2,1218,2557,0,2,0,2559,A
1-PB2,1219,0,0,2568,0,2568,G
1-PB2,1220,2562,0,1,0,2563,A
1-PB2,1221,2358,1,200,0,2559,A
1-PB2,1222,1,1,2605,1,2608,G
1-PB2,1223,2599,0,4,0,2603,A
1-PB2,1224,0,2612,1,2,2615,T
1-PB2,1225,0,2612,0,0,2612,T
1-PB2,1226,0,0,2604,0,2604,G
1-PB2,1227,0,1,0,2583,2584,C
1-PB2,1228,2599,0,3,1,2603,A
1-PB2,1229,0,2632,0,0,2632,T
1-PB2,1230,0,2,2767,0,2769,G
1-PB2,1231,2783,0,3,0,2786,A
1-PB2,1232,0,2807,0,1,2808,T
1-PB2,1233,2807,0,1,0,2808,A
1-PB2,1234,2799,1,2,0,2802,A
1-PB2,1235,2809,0,1,1,2811,A
1-PB2,1236,2793,0,7,1,2801,A
1-PB2,1237,0,0,2809,0,2809,G
1-PB2,1238,1,0,0,2888,2889,C
1-PB2,1239,2953,0,4,1,2958,A
1-PB2,1240,0,0,3058,0,3058,G
1-PB2,1241,0,3062,0,0,3062,T
1-PB2,1242,0,3068,0,0,3068,T
1-PB2,1243,3073,0,1,1,3075,A
1-PB2,1244,0,0,3088,0,3088,G
1-PB2,1245,3069,0,3,0,3072,A
1-PB2,1246,0,4,3061,1,3066,G
1-PB2,1247,0,2,3045,0,3047,G
1-PB2,1248,0,2918,0,4,2922,T
1-PB2,1249,0,16,2955,0,2971,G
1-PB2,1250,2987,0,5,0,2992,A
1-PB2,1251,1,2,0,3015,3018,C
1-PB2,1252,2,1,0,3032,3035,C
1-PB2,1253,1,2993,0,4,2998,T
1-PB2,1254,1,3,3017,0,3021,G
1-PB2,1255,3005,0,0,0,3005,A
1-PB2,1256,3004,0,1,0,3005,A
1-PB2,1257,0,3025,0,0,3025,T
1-PB2,1258,0,3061,0,3,3064,T
1-PB2,1259,0,3062,0,1,3063,T
1-PB2,1260,3,0,1,3057,3061,C
1-PB2,1261,1,0,3070,0,3071,G
1-PB2,1262,0,3055,0,14,3069,T
1-PB2,1263,5,1,0,3052,3058,C
1-PB2,1264,3071,0,1,0,3072,A
1-PB2,1265,3075,0,0,0,3075,A
1-PB2,1266,0,1,0,3085,3086,C
1-PB2,1267,3046,1,3,0,3050,A
1-PB2,1268,1,6,3080,0,3087,G
1-PB2,1269,3072,0,4,0,3076,A
1-PB2,1270,0,0,3088,0,3088,G
1-PB2,1271,1,0,0,3090,3091,C
1-PB2,1272,3097,0,1,0,3098,A
1-PB2,1273,3132,0,5,0,3137,A
1-PB2,1274,3131,0,1,0,3132,A
1-PB2,1275,0,3118,0,0,3118,T
1-PB2,1276,4,1,0,3131,3136,C
1-PB2,1277,3126,0,2,0,3128,A
1-PB2,1278,1,0,3108,0,3109,G
1-PB2,1279,1,2,0,3127,3130,C
1-PB2,1280,1,4,3128,0,3133,G
1-PB2,1281,0,0,3302,0,3302,G
1-PB2,1282,0,3282,0,5,3287,T
1-PB2,1283,1,3296,0,2,3299,T
1-PB2,1284,3,13,3280,0,3296,G
1-PB2,1285,3289,0,6,0,3295,A
1-PB2,1286,3324,0,6,0,3330,A
1-PB2,1287,2,1,0,3342,3345,C
1-PB2,1288,1,1,0,3316,3318,C
1-PB2,1289,2,3,0,3354,3359,C
1-PB2,1290,3,1,0,3282,3286,C
1-PB2,1291,3300,0,5,0,3305,A
1-PB2,1292,1,3312,0,2,3315,T
1-PB2,1293,2,2,3315,0,3319,G
1-PB2,1294,0,0,0,3347,3347,C
1-PB2,1295,3338,1,0,0,3339,A
1-PB2,1296,0,3301,0,3,3304,T
1-PB2,1297,7,1,0,3306,3314,C
1-PB2,1298,3301,1,2,0,3304,A
1-PB2,1299,0,0,3333,0,3333,G
1-PB2,1300,0,0,0,3344,3344,C
1-PB2,1301,0,3361,0,3,3364,T
1-PB2,1302,0,3369,0,1,3370,T
1-PB2,1303,0,3361,0,2,3363,T
1-PB2,1304,0,3364,0,2,3366,T
1-PB2,1305,3364,1,2,0,3367,A
1-PB2,1306,3352,1,1,1,3355,A
1-PB2,1307,0,5,3351,1,3357,G
1-PB2,1308,1,0,3334,0,3335,G
1-PB2,1309,1,0,0,3318,3319,C
1-PB2,1310,3318,0,2,0,3320,A
1-PB2,1311,0,3326,1,3,3330,T
1-PB2,1312,1,3339,0,3,3343,T
1-PB2,1313,0,3347,1,1,3349,T
1-PB2,1314,0,3343,0,4,3347,T
1-PB2,1315,3,0,0,3356,3359,C
1-PB2,1316,3350,0,5,1,3356,A
1-PB2,1317,0,2,3359,0,3361,G
1-PB2,1318,3337,0,3,1,3341,A
1-PB2,1319,3352,0,1,1,3354,A
1-PB2,1320,3343,0,3,0,3346,A
1-PB2,1321,3,0,3355,0,3358,G
1-PB2,1322,3369,0,4,0,3373,A
1-PB2,1323,0,3359,0,2,3361,T
1-PB2,1324,1,2,3366,0,3369,G
1-PB2,1325,0,1,0,3357,3358,C
1-PB2,1326,1,6,3379,0,3386,G
1-PB2,1327,3351,0,3,0,3354,A
1-PB2,1328,3375,0,2,0,3377,A
1-PB2,1329,3383,0,2,0,3385,A
1-PB2,1330,4,3,3380,0,3387,G
1-PB2,1331,0,3334,0,4,3338,T
1-PB2,1332,2,0,3356,0,3358,G
1-PB2,1333,0,1,0,3345,3346,C
1-PB2,1334,0,3354,0,5,3359,T
1-PB2,1335,0,3363,8,0,3371,T
1-PB2,1336,0,3368,0,2,3370,T
1-PB2,1337,0,3372,0,1,3373,T
1-PB2,1338,0,3343,0,2,3345,T
1-PB2,1339,5,1,0,3364,3370,C
1-PB2,1340,3359,0,1,0,3360,A
1-PB2,1341,3374,0,0,0,3374,A
1-PB2,1342,3369,0,1,0,3370,A
1-PB2,1343,3377,0,1,1,3379,A
1-PB2,1344,0,3386,0,0,3386,T
1-PB2,1345,0,3396,0,0,3396,T
1-PB2,1346,0,2,3389,0,3391,G
1-PB2,1347,1,6,3366,0,3373,G
1-PB2,1348,0,1,3383,0,3384,G
1-PB2,1349,1,7,3427,0,3435,G
1-PB2,1350,3398,0,2,0,3400,A
1-PB2,1351,1,2,3480,0,3483,G
1-PB2,1352,1,3478,0,3,3482,T
1-PB2,1353,0,3482,0,4,3486,T
1-PB2,1354,1,18,3479,0,3498,G
1-PB2,1355,3488,1,4,0,3493,A
1-PB2,1356,3498,0,6,0,3504,A
1-PB2,1357,1,2,0,3576,3579,C
1-PB2,1358,3545,0,2,0,3547,A
1-PB2,1359,1,0,0,3647,3648,C
1-PB2,1360,3579,0,2,1,3582,A
1-PB2,1361,0,3583,0,3,3586,T
1-PB2,1362,5,1,0,3610,3616,C
1-PB2,1363,1,9,3601,0,3611,G
1-PB2,1364,3615,0,5,0,3620,A
1-PB2,1365,0,0,0,3602,3602,C
1-PB2,1366,3531,0,2,0,3533,A
1-PB2,1367,0,0,3656,0,3656,G
1-PB2,1368,1,3580,0,3,3584,T
1-PB2,1369,0,0,3665,0,3665,G
1-PB2,1370,0,3638,0,3,3641,T
1-PB2,1371,0,1,3658,0,3659,G
1-PB2,1372,3647,0,3,0,3650,A
1-PB2,1373,0,3634,0,4,3638,T
1-PB2,1374,1,3,3641,0,3645,G
1-PB2,1375,0,3,3635,0,3638,G
1-PB2,1376,3,6,3594,1,3604,G
1-PB2,1377,3576,1,7,0,3584,A
1-PB2,1378,3554,0,4,0,3558,A
1-PB2,1379,0,3588,0,2,3590,T
1-PB2,1380,1,8,3614,0,3623,G
1-PB2,1381,3635,0,1,1,3637,A
1-PB2,1382,0,3612,0,1,3613,T
1-PB2,1383,2,3610,0,1,3613,T
1-PB2,1384,1,1,3591,0,3593,G
1-PB2,1385,0,3,3710,0,3713,G
1-PB2,1386,3695,1,6,0,3702,A
1-PB2,1387,1,0,3764,0,3765,G
1-PB2,1388,0,3708,0,1,3709,T
1-PB2,1389,3712,0,1,0,3713,A
1-PB2,1390,0,3716,0,1,3717,T
1-PB2,1391,0,3757,0,1,3758,T
1-PB2,1392,3777,0,4,0,3781,A
1-PB2,1393,2,0,0,3786,3788,C
1-PB2,1394,2,3,0,3735,3740,C
1-PB2,1395,3729,0,4,1,3734,A
1-PB2,1396,0,2,3753,0,3755,G
1-PB2,1397,3824,0,1,0,3825,A
1-PB2,1398,0,3802,0,2,3804,T
1-PB2,1399,3779,0,2,0,3781,A
1-PB2,1400,0,3753,0,0,3753,T
1-PB2,1401,2,10,3726,0,3738,G
1-PB2,1402,3759,0,4,0,3763,A
1-PB2,1403,0,0,0,3773,3773,C
1-PB2,1404,0,3765,0,6,3771,T
1-PB2,1405,5,1,0,3745,3751,C
1-PB2,1406,1,2,1,3715,3719,C
1-PB2,1407,3749,1,3,0,3753,A
1-PB2,1408,3774,0,2,0,3776,A
1-PB2,1409,4,0,3862,0,3866,G
1-PB2,1410,0,3,0,3850,3853,C
1-PB2,1411,3836,1,0,0,3837,A
1-PB2,1412,1,2,0,3843,3846,C
1-PB2,1413,3826,0,3,0,3829,A
1-PB2,1414,1,7,3831,0,3839,G
1-PB2,1415,3822,1,2,0,3825,A
1-PB2,1416,0,1,3843,0,3844,G
1-PB2,1417,3832,0,6,0,3838,A
1-PB2,1418,2,3762,0,1,3765,T
1-PB2,1419,2,1,3805,0,3808,G
1-PB2,1420,0,3785,0,3,3788,T
1-PB2,1421,5,1,0,3796,3802,C
1-PB2,1422,3808,0,0,0,3808,A
1-PB2,1423,3785,2,2,0,3789,A
1-PB2,1424,0,3786,0,1,3787,T
1-PB2,1425,1,3,3786,0,3790,G
1-PB2,1426,3747,0,4,1,3752,A
1-PB2,1427,0,3,3757,0,3760,G
1-PB2,1428,3702,0,4,0,3706,A
1-PB2,1429,0,1,3727,0,3728,G
1-PB2,1430,1,1,3848,0,3850,G
1-PB2,1431,3852,0,2,0,3854,A
1-PB2,1432,3853,0,1,0,3854,A
1-PB2,1433,0,3859,0,2,3861,T
1-PB2,1434,3855,0,1,0,3856,A
1-PB2,1435,3861,0,6,0,3867,A
1-PB2,1436,0,2,3854,0,3856,G
1-PB2,1437,3833,0,3,0,3836,A
1-PB2,1438,2,1,3838,0,3841,G
1-PB2,1439,0,3629,0,0,3629,T
1-PB2,1440,10,1,0,3638,3649,C
1-PB2,1441,3653,2,4,0,3659,A
1-PB2,1442,1,1,3655,0,3657,G
1-PB2,1443,2,0,0,3695,3697,C
1-PB2,1444,3709,0,0,0,3709,A
1-PB2,1445,3706,1,0,0,3707,A
1-PB2,1446,3693,0,2,1,3696,A
1-PB2,1447,3690,0,3,0,3693,A
1-PB2,1448,1,3697,0,0,3698,T
1-PB2,1449,3,1,3697,0,3701,G
1-PB2,1450,0,2,3704,0,3706,G
1-PB2,1451,0,0,3714,1,3715,G
1-PB2,1452,0,3654,0,0,3654,T
1-PB2,1453,1,0,3701,0,3702,G
1-PB2,1454,0,3668,0,3,3671,T
1-PB2,1455,0,3,3693,0,3696,G
1-PB2,1456,0,2,3726,0,3728,G
1-PB2,1457,3734,0,1,0,3735,A
1-PB2,1458,0,3700,0,1,3701,T
1-PB2,1459,1,8,3736,0,3745,G
1-PB2,1460,3721,1,1,0,3723,A
1-PB2,1461,3750,0,1,0,3751,A
1-PB2,1462,0,3749,1,2,3752,T
1-PB2,1463,3702,0,3,0,3705,A
1-PB2,1464,0,1,0,3941,3942,C
1-PB2,1465,0,3850,1,3,3854,T
1-PB2,1466,4,1,0,3902,3907,C
1-PB2,1467,0,3,0,3917,3920,C
1-PB2,1468,3878,0,4,1,3883,A
1-PB2,1469,1,1,4044,1,4047,G
1-PB2,1470,0,4030,0,0,4030,T
1-PB2,1471,4068,0,2,0,4070,A
1-PB2,1472,0,2,0,4078,4080,C
1-PB2,1473,3784,0,4,2,3790,A
1-PB2,1474,0,3,3822,0,3825,G
1-PB2,1475,3745,1,1,0,3747,A
1-PB2,1476,1,5,3764,0,3770,G
1-PB2,1477,3680,0,7,0,3687,A
1-PB2,1478,3,2,3629,1,3635,G
1-PB2,1479,3,3,3607,0,3613,G
1-PB2,1480,1,0,3610,0,3611,G
1-PB2,1481,1,3527,0,3,3531,T
1-PB2,1482,5,2,3557,0,3564,G
1-PB2,1483,2,0,3568,0,3570,G
1-PB2,1484,1,3513,1,1,3516,T
1-PB2,1485,0,1,3633,0,3634,G
1-PB2,1486,2,0,3621,0,3623,G
1-PB2,1487,0,3568,0,1,3569,T
1-PB2,1488,1,3568,1,1,3571,T
1-PB2,1489,3553,0,1,0,3554,A
1-PB2,1490,0,0,3560,0,3560,G
1-PB2,1491,1,1,0,3553,3555,C
1-PB2,1492,3540,2,0,0,3542,A
1-PB2,1493,0,3527,0,0,3527,T
1-PB2,1494,0,3404,0,0,3404,T
1-PB2,1495,0,8,3395,1,3404,G
1-PB2,1496,3397,0,1,0,3398,A
1-PB2,1497,0,3396,0,1,3397,T
1-PB2,1498,8,1,0,3392,3401,C
1-PB2,1499,0,0,3376,0,3376,G
1-PB2,1500,3,0,3433,0,3436,G
1-PB2,1501,1,3414,0,0,3415,T
1-PB2,1502,1,3424,0,1,3426,T
1-PB2,1503,0,3417,0,2,3419,T
1-PB2,1504,0,3408,0,2,3410,T
1-PB2,1505,0,3422,0,0,3422,T
1-PB2,1506,1,3,3425,0,3429,G
1-PB2,1507,3408,0,3,0,3411,A
1-PB2,1508,0,5,3426,0,3431,G
1-PB2,1509,3331,0,8,0,3339,A
1-PB2,1510,1,0,3374,0,3375,G
1-PB2,1511,1,3370,0,5,3376,T
1-PB2,1512,0,3358,0,0,3358,T
1-PB2,1513,10,1,0,3364,3375,C
1-PB2,1514,2,4,3380,0,3386,G
1-PB2,1515,3371,0,6,0,3377,A
1-PB2,1516,0,3,3379,0,3382,G
1-PB2,1517,3366,0,7,0,3373,A
1-PB2,1518,0,1,0,3364,3365,C
1-PB2,1519,2,0,0,3345,3347,C
1-PB2,1520,3330,0,5,0,3335,A
1-PB2,1521,3378,0,4,0,3382,A
1-PB2,1522,0,0,0,3388,3388,C
1-PB2,1523,0,0,3399,0,3399,G
1-PB2,1524,0,3368,0,1,3369,T
1-PB2,1525,1,5,3372,0,3378,G
1-PB2,1526,0,0,3411,0,3411,G
1-PB2,1527,0,2,3412,0,3414,G
1-PB2,1528,3360,1,6,0,3367,A
1-PB2,1529,3393,0,3,0,3396,A
1-PB2,1530,0,3327,0,2,3329,T
1-PB2,1531,1,1,3461,0,3463,G
1-PB2,1532,1,3442,0,2,3445,T
1-PB2,1533,3473,0,0,0,3473,A
1-PB2,1534,0,3473,0,1,3474,T
1-PB2,1535,0,3439,0,1,3440,T
1-PB2,1536,3481,1,2,0,3484,A
1-PB2,1537,0,3459,0,1,3460,T
1-PB2,1538,0,3445,1,0,3446,T
1-PB2,1539,3437,0,1,0,3438,A
1-PB2,1540,0,3166,0,4,3170,T
1-PB2,1541,3,0,0,3300,3303,C
1-PB2,1542,0,3256,0,2,3258,T
1-PB2,1543,3,0,0,3293,3296,C
1-PB2,1544,1,1,1,3301,3304,C
1-PB2,1545,0,3238,0,1,3239,T
1-PB2,1546,0,2,3247,0,3249,G
1-PB2,1547,3232,0,2,1,3235,A
1-PB2,1548,1,1,3235,0,3237,G
1-PB2,1549,1,3,3216,0,3220,G
1-PB2,1550,2978,0,7,0,2985,A
1-PB2,1551,0,1,3023,0,3024,G
1-PB2,1552,2,0,3022,0,3024,G
1-PB2,1553,0,2939,0,1,2940,T
1-PB2,1554,5,0,1,2948,2954,C
1-PB2,1555,2929,0,3,0,2932,A
1-PB2,1556,0,1,2963,0,2964,G
1-PB2,1557,1,2948,0,3,2952,T
1-PB2,1558,1,4,2949,0,2954,G
1-PB2,1559,2941,0,2,0,2943,A
1-PB2,1560,2887,0,3,0,2890,A
1-PB2,1561,2890,0,2,0,2892,A
1-PB2,1562,0,0,0,2894,2894,C
1-PB2,1563,2883,0,2,0,2885,A
1-PB2,1564,0,2,0,2897,2899,C
1-PB2,1565,2806,0,2,0,2808,A
1-PB2,1566,1,3,2820,0,2824,G
1-PB2,1567,1,2,2833,0,2836,G
1-PB2,1568,0,6,2856,0,2862,G
1-PB2,1569,2829,0,2,0,2831,A
1-PB2,1570,2823,0,1,0,2824,A
1-PB2,1571,0,1,0,2845,2846,C
1-PB2,1572,0,2814,0,0,2814,T
1-PB2,1573,1,3,2806,0,2810,G
1-PB2,1574,2795,2,4,0,2801,A
1-PB2,1575,3,3,2806,0,2812,G
1-PB2,1576,2782,0,4,0,2786,A
1-PB2,1577,1,2,2702,0,2705,G
1-PB2,1578,2688,0,1,0,2689,A
1-PB2,1579,1,1,0,2693,2695,C
1-PB2,1580,0,2645,0,4,2649,T
1-PB2,1581,0,5,2683,0,2688,G
1-PB2,1582,2685,0,3,0,2688,A
1-PB2,1583,0,0,0,2705,2705,C
1-PB2,1584,2699,0,2,0,2701,A
1-PB2,1585,2693,1,1,0,2695,A
1-PB2,1586,0,2709,0,0,2709,T
1-PB2,1587,2734,0,1,0,2735,A
1-PB2,1588,2723,0,0,0,2723,A
1-PB2,1589,1,1,2,2748,2752,C
1-PB2,1590,0,2655,0,1,2656,T
1-PB2,1591,0,2648,0,0,2648,T
1-PB2,1592,2619,0,0,0,2619,A
1-PB2,1593,1,2620,0,0,2621,T
1-PB2,1594,0,2616,0,0,2616,T
1-PB2,1595,8,0,0,2602,2610,C
1-PB2,1596,2508,0,1,0,2509,A
1-PB2,1597,0,2494,0,1,2495,T
1-PB2,1598,0,0,0,2463,2463,C
1-PB2,1599,0,1,2464,1,2466,G
1-PB2,1600,0,2475,0,2,2477,T
1-PB2,1601,4,1,1,2466,2472,C
1-PB2,1602,1,0,2472,0,2473,G
1-PB2,1603,2464,0,1,0,2465,A
1-PB2,1604,0,2462,0,1,2463,T
1-PB2,1605,0,3,2471,0,2474,G
1-PB2,1606,2486,0,6,0,2492,A
1-PB2,1607,0,2494,0,2,2496,T
1-PB2,1608,1,0,2501,0,2502,G
1-PB2,1609,0,2449,0,2,2451,T
1-PB2,1610,2,3,2450,0,2455,G
1-PB2,1611,0,0,2440,0,2440,G
1-PB2,1612,0,2,2452,0,2454,G
1-PB2,1613,2430,1,3,0,2434,A
1-PB2,1614,1,2,2457,0,2460,G
1-PB2,1615,2383,0,1,0,2384,A
1-PB2,1616,0,2364,0,0,2364,T
1-PB2,1617,0,2364,0,0,2364,T
1-PB2,1618,2362,0,1,0,2363,A
1-PB2,1619,2342,0,6,0,2348,A
1-PB2,1620,0,1,0,2342,2343,C
1-PB2,1621,1,2,2282,0,2285,G
1-PB2,1622,0,0,2313,0,2313,G
1-PB2,1623,0,2219,0,0,2219,T
1-PB2,1624,4,0,0,2200,2204,C
1-PB2,1625,1,1,0,2214,2216,C
1-PB2,1626,0,2163,0,1,2164,T
1-PB2,1627,1,4,2186,0,2191,G
1-PB2,1628,2186,0,1,0,2187,A
1-PB2,1629,0,0,2202,0,2202,G
1-PB2,1630,1,2174,0,1,2176,T
1-PB2,1631,7,0,0,2138,2145,C
1-PB2,1632,1,1,2141,2,2145,G
1-PB2,1633,0,4,2162,0,2166,G
1-PB2,1634,0,2143,1,1,2145,T
1-PB2,1635,1,2165,0,0,2166,T
1-PB2,1636,0,2157,0,0,2157,T
1-PB2,1637,0,2162,1,0,2163,T
1-PB2,1638,0,2,2187,0,2189,G
1-PB2,1639,1,0,2211,0,2212,G
1-PB2,1640,0,2203,1,1,2205,T
1-PB2,1641,7,1,0,2208,2216,C
1-PB2,1642,2189,0,1,0,2190,A
1-PB2,1643,2244,0,0,0,2244,A
1-PB2,1644,1,2239,0,1,2241,T
1-PB2,1645,2248,0,0,0,2248,A
1-PB2,1646,1,0,0,2294,2295,C
1-PB2,1647,2,0,0,2216,2218,C
1-PB2,1648,0,2201,4,2,2207,T
1-PB2,1649,2233,0,2,0,2235,A
1-PB2,1650,1,2238,0,2,2241,T
1-PB2,1651,0,0,0,2260,2260,C
1-PB2,1652,2193,0,0,1,2194,A
1-PB2,1653,2185,0,2,0,2187,A
1-PB2,1654,0,2173,0,0,2173,T
1-PB2,1655,0,6,2112,0,2118,G
1-PB2,1656,0,2,2119,0,2121,G
1-PB2,1657,2096,0,2,0,2098,A
1-PB2,1658,0,2064,0,0,2064,T
1-PB2,1659,5,0,0,2054,2059,C
1-PB2,1660,2060,0,3,0,2063,A
1-PB2,1661,0,2062,0,1,2063,T
1-PB2,1662,0,0,0,2069,2069,C
1-PB2,1663,2072,0,1,0,2073,A
1-PB2,1664,0,0,2068,0,2068,G
1-PB2,1665,2066,0,0,0,2066,A
1-PB2,1666,2067,0,0,0,2067,A
1-PB2,1667,2072,0,3,0,2075,A
1-PB2,1668,1,2072,0,1,2074,T
1-PB2,1669,0,2058,1,0,2059,T
1-PB2,1670,1,0,2054,0,2055,G
1-PB2,1671,1,2,2048,1,2052,G
1-PB2,1672,0,1,2047,0,2048,G
1-PB2,1673,2049,0,0,0,2049,A
1-PB2,1674,2046,0,1,0,2047,A
1-PB2,1675,0,0,2041,0,2041,G
1-PB2,1676,1,0,0,2036,2037,C
1-PB2,1677,0,2027,0,1,2028,T
1-PB2,1678,1,1,2060,0,2062,G
1-PB2,1679,0,2046,1,3,2050,T
1-PB2,1680,4,0,0,2053,2057,C
1-PB2,1681,2067,0,0,1,2068,A
1-PB2,1682,2077,0,0,0,2077,A
1-PB2,1683,2077,0,0,0,2077,A
1-PB2,1684,2091,0,1,0,2092,A
1-PB2,1685,0,2085,0,0,2085,T
1-PB2,1686,0,2089,0,0,2089,T
1-PB2,1687,3,0,0,2075,2078,C
1-PB2,1688,2071,0,0,0,2071,A
1-PB2,1689,2062,0,2,0,2064,A
1-PB2,1690,0,2066,0,1,2067,T
1-PB2,1691,0,3,2056,0,2059,G
1-PB2,1692,1,0,2088,0,2089,G
1-PB2,1693,0,2106,0,0,2106,T
1-PB2,1694,3,1,0,2119,2123,C
1-PB2,1695,0,2125,0,1,2126,T
1-PB2,1696,4,1,0,2124,2129,C
1-PB2,1697,2136,1,3,0,2140,A
1-PB2,1698,0,4,2127,0,2131,G
1-PB2,1699,2118,0,3,0,2121,A
1-PB2,1700,2144,0,0,0,2144,A
1-PB2,1701,0,2099,0,1,2100,T
1-PB2,1702,1,0,0,2050,2051,C
1-PB2,1703,2,1,0,2065,2068,C
1-PB2,1704,1,2055,0,8,2064,T
1-PB2,1705,1,0,2059,1,2061,G
1-PB2,1706,0,0,0,2069,2069,C
1-PB2,1707,2064,0,2,0,2066,A
1-PB2,1708,2090,0,1,0,2091,A
1-PB2,1709,0,2061,0,0,2061,T
1-PB2,1710,1,0,2094,0,2095,G
1-PB2,1711,0,2098,0,1,2099,T
1-PB2,1712,1,2046,0,1,2048,T
1-PB2,1713,0,1,2074,0,2075,G
1-PB2,1714,0,2052,0,0,2052,T
1-PB2,1715,2061,0,2,0,2063,A
1-PB2,1716,0,1,0,2065,2066,C
1-PB2,1717,2046,0,3,1,2050,A
1-PB2,1718,2051,0,3,0,2054,A
1-PB2,1719,0,0,0,2037,2037,C
1-PB2,1720,1993,0,0,0,1993,A
1-PB2,1721,1995,0,1,0,1996,A
1-PB2,1722,1967,0,0,0,1967,A
1-PB2,1723,1971,0,1,0,1972,A
1-PB2,1724,0,1965,0,1,1966,T
1-PB2,1725,0,0,1970,0,1970,G
1-PB2,1726,0,4,1963,0,1967,G
1-PB2,1727,1949,0,1,0,1950,A
1-PB2,1728,1964,0,1,0,1965,A
1-PB2,1729,0,1965,0,1,1966,T
1-PB2,1730,0,1964,0,0,1964,T
1-PB2,1731,0,1962,0,0,1962,T
1-PB2,1732,0,3,1945,0,1948,G
1-PB2,1733,1961,2,2,0,1965,A
1-PB2,1734,1960,0,1,0,1961,A
1-PB2,1735,1,0,0,1958,1959,C
1-PB2,1736,4,2,0,1913,1919,C
1-PB2,1737,1943,0,0,0,1943,A
1-PB2,1738,0,1954,0,1,1955,T
1-PB2,1739,0,1954,0,1,1955,T
1-PB2,1740,0,1953,0,1,1954,T
1-PB2,1741,1,0,0,1955,1956,C
1-PB2,1742,1959,0,0,0,1959,A
1-PB2,1743,1956,0,0,0,1956,A
1-PB2,1744,0,1952,0,1,1953,T
1-PB2,1745,1,1,0,1984,1986,C
1-PB2,1746,1,1947,0,1,1949,T
1-PB2,1747,0,1955,0,0,1955,T
1-PB2,1748,0,1948,0,1,1949,T
1-PB2,1749,1961,0,0,0,1961,A
1-PB2,1750,0,0,1964,0,1964,G
1-PB2,1751,0,1947,0,2,1949,T
1-PB2,1752,7,1,0,1983,1991,C
1-PB2,1753,3,2,0,1988,1993,C
1-PB2,1754,2,1,0,1977,1980,C
1-PB2,1755,2,0,0,1982,1984,C
1-PB2,1756,1978,0,2,2,1982,A
1-PB2,1757,1982,0,3,0,1985,A
1-PB2,1758,0,0,2013,0,2013,G
1-PB2,1759,0,0,1995,0,1995,G
1-PB2,1760,0,1,0,1994,1995,C
1-PB2,1761,3,0,0,1975,1978,C
1-PB2,1762,1978,0,0,0,1978,A
1-PB2,1763,0,2017,0,2,2019,T
1-PB2,1764,0,2018,0,0,2018,T
1-PB2,1765,2016,0,2,1,2019,A
1-PB2,1766,0,1,2023,0,2024,G
1-PB2,1767,1981,0,3,0,1984,A
1-PB2,1768,2044,0,4,0,2048,A
1-PB2,1769,0,1,2051,0,2052,G
1-PB2,1770,0,0,0,2054,2054,C
1-PB2,1771,2,1,0,2064,2067,C
1-PB2,1772,2036,0,0,0,2036,A
1-PB2,1773,2048,0,2,0,2050,A
1-PB2,1774,0,2063,0,2,2065,T
1-PB2,1775,2077,0,2,0,2079,A
1-PB2,1776,0,0,0,2092,2092,C
1-PB2,1777,1934,0,3,0,1937,A
1-PB2,1778,1,0,1948,0,1949,G
1-PB2,1779,1,1902,1,1,1905,T
1-PB2,1780,1,3,1918,0,1922,G
1-PB2,1781,0,1,1917,0,1918,G
1-PB2,1782,0,0,1917,0,1917,G
1-PB2,1783,0,1868,0,3,1871,T
1-PB2,1784,0,1861,0,2,1863,T
1-PB2,1785,0,1880,0,2,1882,T
1-PB2,1786,1,1,1907,0,1909,G
1-PB2,1787,0,1908,0,1,1909,T
1-PB2,1788,3,0,0,1906,1909,C
1-PB2,1789,1880,0,0,0,1880,A
1-PB2,1790,0,5,1876,0,1881,G
1-PB2,1791,1867,0,0,0,1867,A
1-PB2,1792,1870,0,0,1,1871,A
1-PB2,1793,0,2,0,1866,1868,C
1-PB2,1794,0,1824,0,3,1827,T
1-PB2,1795,0,0,0,1870,1870,C
1-PB2,1796,0,1882,0,0,1882,T
1-PB2,1797,1880,0,0,0,1880,A
1-PB2,1798,0,1890,0,2,1892,T
1-PB2,1799,0,1877,1,0,1878,T
1-PB2,1800,1,0,0,1874,1875,C
1-PB2,1801,1,0,0,1870,1871,C
1-PB2,1802,1870,0,1,0,1871,A
1-PB2,1803,1878,0,0,0,1878,A
1-PB2,1804,0,1,0,1871,1872,C
1-PB2,1805,1868,0,1,0,1869,A
1-PB2,1806,1871,0,0,0,1871,A
1-PB2,1807,1860,0,0,0,1860,A
1-PB2,1808,0,1871,0,0,1871,T
1-PB2,1809,0,2,1869,0,1871,G
1-PB2,1810,1862,0,2,0,1864,A
1-PB2,1811,0,3,1875,0,1878,G
1-PB2,1812,1861,0,3,0,1864,A
1-PB2,1813,0,5,1873,0,1878,G
1-PB2,1814,1876,0,2,0,1878,A
1-PB2,1815,0,0,0,1867,1867,C
1-PB2,1816,0,0,1880,0,1880,G
1-PB2,1817,0,1877,0,0,1877,T
1-PB2,1818,1894,0,0,0,1894,A
1-PB2,1819,1,0,0,1907,1908,C
1-PB2,1820,0,1882,0,0,1882,T
1-PB2,1821,0,1895,0,0,1895,T
1-PB2,1822,1,2,1872,0,1875,G
1-PB2,1823,0,4,1874,0,1878,G
1-PB2,1824,0,1,1886,0,1887,G
1-PB2,1825,1866,0,0,0,1866,A
1-PB2,1826,0,0,0,1891,1891,C
1-PB2,1827,1894,0,0,0,1894,A
1-PB2,1828,0,1887,0,1,1888,T
1-PB2,1829,0,1897,0,2,1899,T
1-PB2,1830,0,1905,0,0,1905,T
1-PB2,1831,0,4,1890,0,1894,G
1-PB2,1832,1901,0,6,0,1907,A
1-PB2,1833,0,1,0,1911,1912,C
1-PB2,1834,1880,0,4,0,1884,A
1-PB2,1835,0,1,1,1908,1910,C
1-PB2,1836,2,1,0,1884,1887,C
1-PB2,1837,1894,0,0,0,1894,A
1-PB2,1838,1,1,0,1927,1929,C
1-PB2,1839,2,0,0,1927,1929,C
1-PB2,1840,0,0,0,1926,1926,C
1-PB2,1841,1920,0,1,0,1921,A
1-PB2,1842,1,1,1951,0,1953,G
1-PB2,1843,1956,0,0,0,1956,A
1-PB2,1844,0,2035,0,0,2035,T
1-PB2,1845,2023,0,0,0,2023,A
1-PB2,1846,2002,0,1,0,2003,A
1-PB2,1847,0,2003,0,2,2005,T
1-PB2,1848,1997,0,0,0,1997,A
1-PB2,1849,1990,0,0,0,1990,A
1-PB2,1850,1954,0,1,1,1956,A
1-PB2,1851,0,1,1961,0,1962,G
1-PB2,1852,0,1,0,1978,1979,C
1-PB2,1853,0,1916,0,0,1916,T
1-PB2,1854,2,1906,0,1,1909,T
1-PB2,1855,2,2,0,1924,1928,C
1-PB2,1856,0,1917,0,1,1918,T
1-PB2,1857,2,0,1,1931,1934,C
1-PB2,1858,1,0,0,1939,1940,C
1-PB2,1859,4,0,0,1931,1935,C
1-PB2,1860,0,2,0,1896,1898,C
1-PB2,1861,0,1961,0,1,1962,T
1-PB2,1862,1,1971,0,0,1972,T
1-PB2,1863,0,1975,0,1,1976,T
1-PB2,1864,2,0,1972,0,1974,G
1-PB2,1865,0,1,0,1976,1977,C
1-PB2,1866,1957,0,1,0,1958,A
1-PB2,1867,1,1,1953,0,1955,G
1-PB2,1868,1,1,0,1951,1953,C
1-PB2,1869,0,1923,0,2,1925,T
1-PB2,1870,0,0,1934,0,1934,G
1-PB2,1871,0,0,2,1923,1925,C
1-PB2,1872,0,1914,0,4,1918,T
1-PB2,1873,1,1,0,1919,1921,C
1-PB2,1874,0,0,0,1940,1940,C
1-PB2,1875,1936,0,0,0,1936,A
1-PB2,1876,1,1,0,1951,1953,C
1-PB2,1877,4,0,0,1953,1957,C
1-PB2,1878,1946,0,0,0,1946,A
1-PB2,1879,1945,0,0,1,1946,A
1-PB2,1880,1937,0,2,0,1939,A
1-PB2,1881,0,0,1950,0,1950,G
1-PB2,1882,5,0,0,1938,1943,C
1-PB2,1883,1934,0,0,0,1934,A
1-PB2,1884,1939,0,1,0,1940,A
1-PB2,1885,1933,0,2,0,1935,A
1-PB2,1886,1,0,1944,0,1945,G
1-PB2,1887,0,5,0,1943,1948,C
1-PB2,1888,1943,0,1,1,1945,A
1-PB2,1889,0,0,1952,0,1952,G
1-PB2,1890,1940,0,1,0,1941,A
1-PB2,1891,1962,0,2,0,1964,A
1-PB2,1892,0,1966,0,0,1966,T
1-PB2,1893,0,1,1963,0,1964,G
1-PB2,1894,1,0,0,1969,1970,C
1-PB2,1895,1940,0,0,0,1940,A
1-PB2,1896,0,0,1964,0,1964,G
1-PB2,1897,0,1950,0,3,1953,T
1-PB2,1898,0,2014,0,2,2016,T
1-PB2,1899,5,0,0,2013,2018,C
1-PB2,1900,1,1987,0,2,1990,T
1-PB2,1901,3,0,0,2015,2018,C
1-PB2,1902,0,2011,0,3,2014,T
1-PB2,1903,0,2008,0,1,2009,T
1-PB2,1904,4,0,0,2022,2026,C
1-PB2,1905,2012,0,1,0,2013,A
1-PB2,1906,0,0,0,2012,2012,C
1-PB2,1907,0,1959,0,2,1961,T
1-PB2,1908,0,2,1986,1,1989,G
1-PB2,1909,1957,0,0,0,1957,A
1-PB2,1910,1,0,1,1994,1996,C
1-PB2,1911,0,1970,0,3,1973,T
1-PB2,1912,1,0,1982,0,1983,G
1-PB2,1913,1,1959,0,2,1962,T
1-PB2,1914,1,1,1980,0,1982,G
1-PB2,1915,1968,1,3,0,1972,A
1-PB2,1916,2004,0,1,0,2005,A
1-PB2,1917,0,1993,1,1,1995,T
1-PB2,1918,2,0,1995,0,1997,G
1-PB2,1919,0,1934,0,0,1934,T
1-PB2,1920,1899,0,1,0,1900,A
1-PB2,1921,1900,1,4,1,1906,A
1-PB2,1922,1,2,1910,0,1913,G
1-PB2,1923,1,3,1914,0,1918,G
1-PB2,1924,0,2,1904,0,1906,G
1-PB2,1925,0,3,1917,0,1920,G
1-PB2,1926,1914,1,3,0,1918,A
1-PB2,1927,0,1901,0,2,1903,T
1-PB2,1928,5,0,0,1911,1916,C
1-PB2,1929,1912,1,0,0,1913,A
1-PB2,1930,4,4,1952,0,1960,G
1-PB2,1931,2,3,1950,0,1955,G
1-PB2,1932,0,2,1945,0,1947,G
1-PB2,1933,1948,0,2,0,1950,A
1-PB2,1934,0,1911,0,0,1911,T
1-PB2,1935,0,5,1912,0,1917,G
1-PB2,1936,1906,0,0,0,1906,A
1-PB2,1937,1,2,1949,0,1952,G
1-PB2,1938,1945,0,2,0,1947,A
1-PB2,1939,1919,0,0,0,1919,A
1-PB2,1940,1,1956,1,0,1958,T
1-PB2,1941,1953,0,0,1,1954,A
1-PB2,1942,1,0,0,1983,1984,C
1-PB2,1943,0,1979,0,1,1980,T
1-PB2,1944,0,1981,0,0,1981,T
1-PB2,1945,1,0,1986,1,1988,G
1-PB2,1946,0,1933,0,1,1934,T
1-PB2,1947,1929,0,0,0,1929,A
1-PB2,1948,1922,0,1,0,1923,A
1-PB2,1949,0,3,1896,0,1899,G
1-PB2,1950,1,1,1906,0,1908,G
1-PB2,1951,1,1,1887,0,1889,G
1-PB2,1952,1,0,1885,0,1886,G
1-PB2,1953,0,0,0,1911,1911,C
1-PB2,1954,1908,1,0,0,1909,A
1-PB2,1955,1940,0,0,0,1940,A
1-PB2,1956,0,1943,0,2,1945,T
1-PB2,1957,0,1949,0,0,1949,T
1-PB2,1958,2,1,0,1983,1986,C
1-PB2,1959,0,1955,0,4,1959,T
1-PB2,1960,4,0,0,1978,1982,C
1-PB2,1961,1,0,0,1992,1993,C
1-PB2,1962,0,1978,0,3,1981,T
1-PB2,1963,0,1,2017,0,2018,G
1-PB2,1964,0,1985,0,5,1990,T
1-PB2,1965,2000,0,0,1,2001,A
1-PB2,1966,0,2002,0,0,2002,T
1-PB2,1967,1,1974,0,1,1976,T
1-PB2,1968,4,0,0,1981,1985,C
1-PB2,1969,1973,0,0,0,1973,A
1-PB2,1970,1991,0,2,0,1993,A
1-PB2,1971,0,1,0,2001,2002,C
1-PB2,1972,0,1966,0,1,1967,T
1-PB2,1973,1974,0,0,0,1974,A
1-PB2,1974,0,1,0,2027,2028,C
1-PB2,1975,2020,0,1,0,2021,A
1-PB2,1976,2022,0,0,0,2022,A
1-PB2,1977,0,0,1,2024,2025,C
1-PB2,1978,2010,0,1,0,2011,A
1-PB2,1979,2002,0,0,0,2002,A
1-PB2,1980,0,5,1998,0,2003,G
1-PB2,1981,1995,0,4,0,1999,A
1-PB2,1982,0,0,0,2011,2011,C
1-PB2,1983,3,0,0,1965,1968,C
1-PB2,1984,1974,0,2,0,1976,A
1-PB2,1985,1,1,0,2047,2049,C
1-PB2,1986,0,2049,0,0,2049,T
1-PB2,1987,2044,0,1,0,2045,A
1-PB2,1988,2040,0,2,0,2042,A
1-PB2,1989,2047,1,1,0,2049,A
1-PB2,1990,2041,0,1,0,2042,A
1-PB2,1991,1,0,2062,0,2063,G
1-PB2,1992,2046,0,0,0,2046,A
1-PB2,1993,0,2,0,2053,2055,C
1-PB2,1994,0,2012,0,0,2012,T
1-PB2,1995,2014,0,2,0,2016,A
1-PB2,1996,2010,0,2,0,2012,A
1-PB2,1997,0,1,0,2013,2014,C
1-PB2,1998,2012,0,0,0,2012,A
1-PB2,1999,2011,0,1,0,2012,A
1-PB2,2000,0,1984,0,0,1984,T
1-PB2,2001,0,1976,0,0,1976,T
1-PB2,2002,1,0,0,1991,1992,C
1-PB2,2003,0,1976,0,0,1976,T
1-PB2,2004,0,1,0,1992,1993,C
1-PB2,2005,0,4,1982,0,1986,G
1-PB2,2006,0,3,1992,0,1995,G
1-PB2,2007,1992,1,0,0,1993,A
1-PB2,2008,1995,0,0,0,1995,A
1-PB2,2009,1998,0,0,0,1998,A
1-PB2,2010,1990,0,0,0,1990,A
1-PB2,2011,0,3,1991,0,1994,G
1-PB2,2012,1993,1,0,0,1994,A
1-PB2,2013,0,1987,0,0,1987,T
1-PB2,2014,1,0,1991,0,1992,G
1-PB2,2015,0,0,0,1973,1973,C
1-PB2,2016,2,0,0,1979,1981,C
1-PB2,2017,0,0,1983,0,1983,G
1-PB2,2018,0,0,1980,0,1980,G
1-PB2,2019,1,1,0,1984,1986,C
1-PB2,2020,1980,0,0,0,1980,A
1-PB2,2021,0,0,0,2006,2006,C
1-PB2,2022,0,1996,0,1,1997,T
1-PB2,2023,0,1995,0,0,1995,T
1-PB2,2024,0,2003,0,1,2004,T
1-PB2,2025,2006,0,1,0,2007,A
1-PB2,2026,2010,0,1,0,2011,A
1-PB2,2027,0,2005,0,1,2006,T
1-PB2,2028,1,2002,0,0,2003,T
1-PB2,2029,1,0,1999,0,2000,G
1-PB2,2030,1957,0,1,0,1958,A
1-PB2,2031,1955,0,1,0,1956,A
1-PB2,2032,0,2,1953,0,1955,G
1-PB2,2033,1949,0,1,0,1950,A
1-PB2,2034,1,0,0,1980,1981,C
1-PB2,2035,2,0,0,1958,1960,C
1-PB2,2036,1,1,0,1957,1959,C
1-PB2,2037,1956,0,1,0,1957,A
1-PB2,2038,0,0,1983,0,1983,G
1-PB2,2039,1979,0,1,0,1980,A
1-PB2,2040,1,1970,0,1,1972,T
1-PB2,2041,1,3,1973,0,1977,G
1-PB2,2042,1941,0,0,0,1941,A
1-PB2,2043,1942,1,1,0,1944,A
1-PB2,2044,1944,0,4,0,1948,A
1-PB2,2045,0,1,1943,0,1944,G
1-PB2,2046,0,1,0,1935,1936,C
1-PB2,2047,1895,1,0,0,1896,A
1-PB2,2048,0,0,0,1913,1913,C
1-PB2,2049,1905,0,1,0,1906,A
1-PB2,2050,0,1869,0,0,1869,T
1-PB2,2051,2,0,0,1904,1906,C
1-PB2,2052,0,4,0,1906,1910,C
1-PB2,2053,1,1,1921,0,1923,G
1-PB2,2054,1,2,1921,0,1924,G
1-PB2,2055,1910,0,1,0,1911,A
1-PB2,2056,1,0,1930,0,1931,G
1-PB2,2057,1,1889,1,0,1891,T
1-PB2,2058,1,2,1887,0,1890,G
1-PB2,2059,0,0,1901,0,1901,G
1-PB2,2060,1870,0,1,0,1871,A
1-PB2,2061,1,0,1871,0,1872,G
1-PB2,2062,0,1827,0,3,1830,T
1-PB2,2063,6,0,0,1811,1817,C
1-PB2,2064,0,1805,0,4,1809,T
1-PB2,2065,1,0,1827,0,1828,G
1-PB2,2066,1,2,0,1816,1819,C
1-PB2,2067,0,0,0,1830,1830,C
1-PB2,2068,2,1,1837,0,1840,G
1-PB2,2069,0,1811,0,3,1814,T
1-PB2,2070,3,0,0,1835,1838,C
1-PB2,2071,0,1839,1,0,1840,T
1-PB2,2072,0,1830,1,1,1832,T
1-PB2,2073,2,3,1829,1,1835,G
1-PB2,2074,1817,0,2,0,1819,A
1-PB2,2075,0,2,1818,0,1820,G
1-PB2,2076,1808,0,2,0,1810,A
1-PB2,2077,1,3,1767,0,1771,G
1-PB2,2078,0,5,1776,0,1781,G
1-PB2,2079,0,0,1762,0,1762,G
1-PB2,2080,0,1753,0,1,1754,T
1-PB2,2081,0,1749,0,0,1749,T
1-PB2,2082,0,1758,0,3,1761,T
1-PB2,2083,0,0,0,1755,1755,C
1-PB2,2084,0,1751,0,2,1753,T
1-PB2,2085,5,0,0,1793,1798,C
1-PB2,2086,1775,0,0,0,1775,A
1-PB2,2087,1,1762,0,1,1764,T
1-PB2,2088,0,1759,0,0,1759,T
1-PB2,2089,1766,0,1,0,1767,A
1-PB2,2090,0,1763,0,0,1763,T
1-PB2,2091,1737,0,0,0,1737,A
1-PB2,2092,0,2,1734,0,1736,G
1-PB2,2093,0,1,1723,0,1724,G
1-PB2,2094,0,1638,1,2,1641,T
1-PB2,2095,1641,0,0,0,1641,A
1-PB2,2096,1631,0,1,0,1632,A
1-PB2,2097,2,1,1638,0,1641,G
1-PB2,2098,0,0,1634,0,1634,G
1-PB2,2099,1631,0,0,0,1631,A
1-PB2,2100,1603,0,1,1,1605,A
1-PB2,2101,0,4,1601,0,1605,G
1-PB2,2102,1585,0,4,0,1589,A
1-PB2,2103,0,0,0,1592,1592,C
1-PB2,2104,1573,0,1,0,1574,A
1-PB2,2105,1,0,1580,0,1581,G
1-PB2,2106,1572,0,0,0,1572,A
1-PB2,2107,1551,0,0,1,1552,A
1-PB2,2108,0,3,1546,0,1549,G
1-PB2,2109,0,0,1495,0,1495,G
1-PB2,2110,0,1522,1,0,1523,T
1-PB2,2111,1527,0,1,0,1528,A
1-PB2,2112,0,1,0,1521,1522,C
1-PB2,2113,0,1,1515,0,1516,G
1-PB2,2114,0,3,1558,0,1561,G
1-PB2,2115,1544,1,1,0,1546,A
1-PB2,2116,2,0,0,1522,1524,C
1-PB2,2117,2,0,0,1521,1523,C
1-PB2,2118,1468,1,1,1,1471,A
1-PB2,2119,0,0,1513,0,1513,G
1-PB2,2120,0,2,0,1505,1507,C
1-PB2,2121,1517,0,0,0,1517,A
1-PB2,2122,0,1503,0,3,1506,T
1-PB2,2123,1,1433,0,0,1434,T
1-PB2,2124,1435,0,0,0,1435,A
1-PB2,2125,1429,0,1,0,1430,A
1-PB2,2126,1,1,1431,0,1433,G
1-PB2,2127,0,0,0,1429,1429,C
1-PB2,2128,1342,0,0,0,1342,A
1-PB2,2129,0,1350,1,0,1351,T
1-PB2,2130,5,0,0,1344,1349,C
1-PB2,2131,1364,0,0,0,1364,A
1-PB2,2132,1364,0,0,0,1364,A
1-PB2,2133,0,1349,1,0,1350,T
1-PB2,2134,0,2,1356,0,1358,G
1-PB2,2135,1336,0,0,0,1336,A
1-PB2,2136,1330,0,2,0,1332,A
1-PB2,2137,0,1,0,1340,1341,C
1-PB2,2138,0,1258,0,0,1258,T
1-PB2,2139,1,3,1288,0,1292,G
1-PB2,2140,1283,0,4,0,1287,A
1-PB2,2141,1,0,1284,0,1285,G
1-PB2,2142,0,1289,0,0,1289,T
1-PB2,2143,1279,0,0,0,1279,A
1-PB2,2144,1269,0,1,0,1270,A
1-PB2,2145,1,0,0,1274,1275,C
1-PB2,2146,1,1,0,1238,1240,C
1-PB2,2147,0,1231,0,0,1231,T
1-PB2,2148,0,1180,0,1,1181,T
1-PB2,2149,0,0,1187,0,1187,G
1-PB2,2150,0,0,0,1185,1185,C
1-PB2,2151,1181,0,0,1,1182,A
1-PB2,2152,1183,0,1,1,1185,A
1-PB2,2153,1169,0,1,0,1170,A
1-PB2,2154,1149,0,1,0,1150,A
1-PB2,2155,1,0,1150,0,1151,G
1-PB2,2156,0,2,1138,0,1140,G
1-PB2,2157,0,0,1133,0,1133,G
1-PB2,2158,0,0,1140,0,1140,G
1-PB2,2159,1143,0,1,0,1144,A
1-PB2,2160,1142,0,0,0,1142,A
1-PB2,2161,1141,0,0,0,1141,A
1-PB2,2162,1140,0,4,0,1144,A
1-PB2,2163,0,0,1143,0,1143,G
1-PB2,2164,0,0,1143,0,1143,G
1-PB2,2165,1,1,0,1136,1138,C
1-PB2,2166,0,1135,0,1,1136,T
1-PB2,2167,1134,0,1,0,1135,A
1-PB2,2168,1135,0,1,0,1136,A
1-PB2,2169,0,1129,0,0,1129,T
1-PB2,2170,0,0,1148,0,1148,G
1-PB2,2171,0,1103,0,0,1103,T
1-PB2,2172,0,0,1079,0,1079,G
1-PB2,2173,0,0,0,1081,1081,C
1-PB2,2174,0,1075,0,1,1076,T
1-PB2,2175,1077,0,0,0,1077,A
1-PB2,2176,1071,0,1,0,1072,A
1-PB2,2177,0,1062,0,0,1062,T
1-PB2,2178,0,0,0,1071,1071,C
1-PB2,2179,0,0,1036,0,1036,G
1-PB2,2180,0,0,1036,0,1036,G
1-PB2,2181,1,0,1032,0,1033,G
1-PB2,2182,0,0,0,1042,1042,C
1-PB2,2183,1036,0,1,0,1037,A
1-PB2,2184,1035,0,0,0,1035,A
1-PB2,2185,1,0,1037,0,1038,G
1-PB2,2186,0,1,1030,0,1031,G
1-PB2,2187,1029,0,1,0,1030,A
1-PB2,2188,0,1,1019,0,1020,G
1-PB2,2189,980,0,2,0,982,A
1-PB2,2190,0,0,0,993,993,C
1-PB2,2191,1,0,991,0,992,G
1-PB2,2192,0,981,0,1,982,T
1-PB2,2193,0,0,987,0,987,G
1-PB2,2194,0,0,991,0,991,G
1-PB2,2195,0,967,0,0,967,T
1-PB2,2196,0,1,969,0,970,G
1-PB2,2197,0,939,0,1,940,T
1-PB2,2198,0,947,0,2,949,T
1-PB2,2199,0,2,943,0,945,G
1-PB2,2200,0,0,944,0,944,G
1-PB2,2201,0,943,0,0,943,T
1-PB2,2202,922,0,0,0,922,A
1-PB2,2203,897,0,0,0,897,A
1-PB2,2204,0,876,0,0,876,T
1-PB2,2205,0,0,870,0,870,G
1-PB2,2206,859,0,0,0,859,A
1-PB2,2207,851,0,0,0,851,A
1-PB2,2208,847,0,1,0,848,A
1-PB2,2209,0,1,0,840,841,C
1-PB2,2210,0,0,843,0,843,G
1-PB2,2211,843,0,0,0,843,A
1-PB2,2212,842,0,0,0,842,A
1-PB2,2213,841,0,3,0,844,A
1-PB2,2214,838,0,0,0,838,A
1-PB2,2215,0,0,0,839,839,C
1-PB2,2216,0,0,837,0,837,G
1-PB2,2217,3,0,831,0,834,G
1-PB2,2218,0,3,825,0,828,G
1-PB2,2219,834,0,2,2,838,A
1-PB2,2220,0,0,0,836,836,C
1-PB2,2221,0,828,0,0,828,T
1-PB2,2222,2,0,0,847,849,C
1-PB2,2223,0,847,0,1,848,T
1-PB2,2224,842,0,0,0,842,A
1-PB2,2225,0,1,844,0,845,G
1-PB2,2226,1,1,0,835,837,C
1-PB2,2227,835,0,1,0,836,A
1-PB2,2228,0,828,0,0,828,T
1-PB2,2229,788,0,0,0,788,A
1-PB2,2230,1,0,0,795,796,C
1-PB2,2231,0,677,0,2,679,T
1-PB2,2232,0,679,0,0,679,T
1-PB2,2233,660,0,0,0,660,A
1-PB2,2234,0,1,0,659,660,C
1-PB2,2235,0,657,0,1,658,T
1-PB2,2236,1,0,651,0,652,G
1-PB2,2237,633,0,1,0,634,A
1-PB2,2238,0,0,0,636,636,C
1-PB2,2239,576,0,0,0,576,A
1-PB2,2240,0,0,578,0,578,G
1-PB2,2241,0,0,0,572,572,C
1-PB2,2242,2,0,0,574,576,C
1-PB2,2243,571,0,0,0,571,A
1-PB2,2244,0,0,571,0,571,G
1-PB2,2245,571,0,0,0,571,A
1-PB2,2246,0,0,0,564,564,C
1-PB2,2247,513,0,0,0,513,A
1-PB2,2248,0,0,512,0,512,G
1-PB2,2249,0,0,0,479,479,C
1-PB2,2250,0,2,481,0,483,G
1-PB2,2251,479,0,0,0,479,A
1-PB2,2252,1,1,0,476,478,C
1-PB2,2253,1,0,0,479,480,C
1-PB2,2254,482,0,0,0,482,A
1-PB2,2255,479,0,1,0,480,A
1-PB2,2256,478,0,0,0,478,A
1-PB2,2257,476,0,1,0,477,A
1-PB2,2258,0,1,475,0,476,G
1-PB2,2259,462,0,0,0,462,A
1-PB2,2260,460,0,0,0,460,A
1-PB2,2261,0,450,0,0,450,T
1-PB2,2262,0,452,0,0,452,T
1-PB2,2263,0,0,0,450,450,C
1-PB2,2264,0,0,445,0,445,G
1-PB2,2265,0,0,444,0,444,G
1-PB2,2266,445,0,1,0,446,A
1-PB2,2267,0,427,0,0,427,T
1-PB2,2268,0,0,425,0,425,G
1-PB2,2269,0,0,422,0,422,G
1-PB2,2270,0,0,0,415,415,C
1-PB2,2271,0,0,0,420,420,C
1-PB2,2272,419,0,0,0,419,A
1-PB2,2273,0,417,0,1,418,T
1-PB2,2274,0,0,0,420,420,C
1-PB2,2275,419,0,0,0,419,A
1-PB2,2276,421,0,0,0,421,A
1-PB2,2277,0,411,0,1,412,T
1-PB2,2278,0,371,0,0,371,T
1-PB2,2279,359,0,0,0,359,A
1-PB2,2280,357,0,0,0,357,A
2-PB1,1,188,0,0,0,188,A
2-PB1,2,0,188,0,0,188,T
2-PB1,3,0,0,193,0,193,G
2-PB1,4,0,1,205,0,206,G
2-PB1,5,232,0,0,0,232,A
2-PB1,6,0,251,0,0,251,T
2-PB1,7,0,0,251,0,251,G
2-PB1,8,0,254,0,1,255,T
2-PB1,9,0,0,0,270,270,C
2-PB1,10,272,0,0,0,272,A
2-PB1,11,275,0,0,0,275,A
2-PB1,12,0,281,0,0,281,T
2-PB1,13,0,0,0,280,280,C
2-PB1,14,0,0,0,290,290,C
2-PB1,15,0,0,299,0,299,G
2-PB1,16,322,0,0,0,322,A
2-PB1,17,0,0,0,331,331,C
2-PB1,18,0,330,0,1,331,T
2-PB1,19,0,0,0,373,373,C
2-PB1,20,0,372,0,0,372,T
2-PB1,21,375,0,1,0,376,A
2-PB1,22,0,0,0,376,376,C
2-PB1,23,0,377,0,0,377,T
2-PB1,24,1,0,411,0,412,G
2-PB1,25,0,417,0,1,418,T
2-PB1,26,0,419,0,0,419,T
2-PB1,27,1,0,0,414,415,C
2-PB1,28,0,0,0,414,414,C
2-PB1,29,0,469,0,0,469,T
2-PB1,30,473,0,0,0,473,A
2-PB1,31,475,0,1,0,476,A
2-PB1,32,477,0,0,0,477,A
2-PB1,33,0,2,481,0,483,G
2-PB1,34,0,0,484,0,484,G
2-PB1,35,0,475,0,0,475,T
2-PB1,36,0,486,0,2,488,T
2-PB1,37,0,0,0,491,491,C
2-PB1,38,1,0,0,488,489,C
2-PB1,39,488,0,1,0,489,A
2-PB1,40,0,0,494,0,494,G
2-PB1,41,0,1,0,492,493,C
2-PB1,42,0,0,494,0,494,G
2-PB1,43,1,0,0,495,496,C
2-PB1,44,497,0,0,0,497,A
2-PB1,45,498,0,0,0,498,A
2-PB1,46,499,0,0,0,499,A
2-PB1,47,503,0,0,0,503,A
2-PB1,48,0,508,0,0,508,T
2-PB1,49,0,1,535,0,536,G
2-PB1,50,0,0,0,540,540,C
2-PB1,51,0,1,0,542,543,C
2-PB1,52,541,0,0,0,541,A
2-PB1,53,0,543,0,0,543,T
2-PB1,54,584,0,0,0,584,A
2-PB1,55,584,0,0,0,584,A
2-PB1,56,0,0,609,0,609,G
2-PB1,57,0,0,0,610,610,C
2-PB1,58,613,0,0,0,613,A
2-PB1,59,0,0,0,630,630,C
2-PB1,60,625,1,1,0,627,A
2-PB1,61,652,1,0,0,653,A
2-PB1,62,0,0,0,664,664,C
2-PB1,63,666,0,0,0,666,A
2-PB1,64,0,673,0,0,673,T
2-PB1,65,0,672,0,0,672,T
2-PB1,66,0,0,0,833,833,C
2-PB1,67,0,1,0,828,829,C
2-PB1,68,1,0,0,835,836,C
2-PB1,69,1,844,0,4,849,T
2-PB1,70,0,850,0,0,850,T
2-PB1,71,927,0,0,0,927,A
2-PB1,72,0,934,0,0,934,T
2-PB1,73,941,0,0,0,941,A
2-PB1,74,0,0,1,940,941,C
2-PB1,75,0,928,0,2,930,T
2-PB1,76,0,1,941,0,942,G
2-PB1,77,0,2,939,0,941,G
2-PB1,78,946,0,2,0,948,A
2-PB1,79,0,1,946,0,947,G
2-PB1,80,947,0,1,0,948,A
2-PB1,81,0,961,0,1,962,T
2-PB1,82,0,0,0,1009,1009,C
2-PB1,83,1,0,0,1015,1016,C
2-PB1,84,0,1026,0,0,1026,T
2-PB1,85,0,0,0,1087,1087,C
2-PB1,86,0,0,0,1094,1094,C
2-PB1,87,1099,0,0,0,1099,A
2-PB1,88,0,1105,0,0,1105,T
2-PB1,89,1104,0,0,0,1104,A
2-PB1,90,0,1,0,1101,1102,C
2-PB1,91,1099,0,0,0,1099,A
2-PB1,92,0,0,1163,0,1163,G
2-PB1,93,0,0,0,1166,1166,C
2-PB1,94,1,0,0,1162,1163,C
2-PB1,95,1166,0,1,0,1167,A
2-PB1,96,0,1172,0,1,1173,T
2-PB1,97,0,3,1168,0,1171,G
2-PB1,98,0,0,1226,0,1226,G
2-PB1,99,1232,0,1,1,1234,A
2-PB1,100,1239,0,1,1,1241,A
2-PB1,101,0,0,0,1241,1241,C
2-PB1,102,1233,0,1,2,1236,A
2-PB1,103,0,1,1263,0,1264,G
2-PB1,104,0,2,1278,0,1280,G
2-PB1,105,1289,0,0,0,1289,A
2-PB1,106,1298,0,2,0,1300,A
2-PB1,107,0,0,0,1306,1306,C
2-PB1,108,1307,0,2,1,1310,A
2-PB1,109,0,2,1510,0,1512,G
2-PB1,110,0,3,1501,0,1504,G
2-PB1,111,1,0,1523,0,1524,G
2-PB1,112,0,1522,0,0,1522,T
2-PB1,113,1533,0,0,0,1533,A
2-PB1,114,0,0,0,1557,1557,C
2-PB1,115,1617,0,1,0,1618,A
2-PB1,116,0,0,0,1679,1679,C
2-PB1,117,1,0,0,1679,1680,C
2-PB1,118,1656,0,0,0,1656,A
2-PB1,119,0,1650,0,2,1652,T
2-PB1,120,0,2,1662,0,1664,G
2-PB1,121,0,2,1662,0,1664,G
2-PB1,122,1664,1,3,0,1668,A
2-PB1,123,0,1,1,1677,1679,C
2-PB1,124,1648,0,0,0,1648,A
2-PB1,125,1,0,0,1695,1696,C
2-PB1,126,1708,0,1,0,1709,A
2-PB1,127,0,0,1744,0,1744,G
2-PB1,128,0,1740,0,0,1740,T
2-PB1,129,4,0,0,1803,1807,C
2-PB1,130,1804,0,0,0,1804,A
2-PB1,131,1812,1,1,1,1815,A
2-PB1,132,0,1,0,1815,1816,C
2-PB1,133,1812,0,0,0,1812,A
2-PB1,134,0,2,1824,0,1826,G
2-PB1,135,1810,0,2,0,1812,A
2-PB1,136,1813,0,0,0,1813,A
2-PB1,137,0,1,0,1809,1810,C
2-PB1,138,1791,0,2,0,1793,A
2-PB1,139,0,0,0,1797,1797,C
2-PB1,140,1793,0,1,0,1794,A
2-PB1,141,1,1777,0,0,1778,T
2-PB1,142,4,1,0,1876,1881,C
2-PB1,143,1885,0,0,0,1885,A
2-PB1,144,1908,0,1,0,1909,A
2-PB1,145,1,1934,0,0,1935,T
2-PB1,146,1988,0,2,0,1990,A
2-PB1,147,0,1995,0,0,1995,T
2-PB1,148,0,1983,0,1,1984,T
2-PB1,149,2,0,0,1989,1991,C
2-PB1,150,1972,0,1,0,1973,A
2-PB1,151,0,2,1967,0,1969,G
2-PB1,152,1954,0,0,0,1954,A
2-PB1,153,1,4,1956,0,1961,G
2-PB1,154,1927,0,0,0,1927,A
2-PB1,155,1,1,1924,0,1926,G
2-PB1,156,1,1,1912,0,1914,G
2-PB1,157,1,0,1990,0,1991,G
2-PB1,158,0,2,1992,0,1994,G
2-PB1,159,0,2,2000,0,2002,G
2-PB1,160,1994,0,1,0,1995,A
2-PB1,161,2009,0,2,0,2011,A
2-PB1,162,1,0,2023,0,2024,G
2-PB1,163,1,1982,0,3,1986,T
2-PB1,164,0,1,2007,0,2008,G
2-PB1,165,0,3,1995,0,1998,G
2-PB1,166,1998,0,3,0,2001,A
2-PB1,167,0,0,0,2006,2006,C
2-PB1,168,1,2,2018,0,2021,G
2-PB1,169,2023,0,3,0,2026,A
2-PB1,170,0,0,0,2050,2050,C
2-PB1,171,2039,0,0,0,2039,A
2-PB1,172,2037,0,1,0,2038,A
2-PB1,173,2045,0,2,1,2048,A
2-PB1,174,0,2069,1,0,2070,T
2-PB1,175,2084,0,0,0,2084,A
2-PB1,176,0,0,0,2085,2085,C
2-PB1,177,2074,0,0,1,2075,A
2-PB1,178,0,1,2077,0,2078,G
2-PB1,179,2069,0,3,0,2072,A
2-PB1,180,2091,0,0,0,2091,A
2-PB1,181,2090,0,0,0,2090,A
2-PB1,182,0,0,0,2092,2092,C
2-PB1,183,0,2068,0,1,2069,T
2-PB1,184,0,3,2069,0,2072,G
2-PB1,185,1,0,2050,0,2051,G
2-PB1,186,0,2,2041,0,2043,G
2-PB1,187,0,0,2052,0,2052,G
2-PB1,188,2,1,0,2062,2065,C
2-PB1,189,2075,0,1,0,2076,A
2-PB1,190,0,2,0,2151,2153,C
2-PB1,191,1,0,0,2152,2153,C
2-PB1,192,1,0,0,2150,2151,C
2-PB1,193,3,0,0,2157,2160,C
2-PB1,194,2175,0,0,0,2175,A
2-PB1,195,2193,0,0,0,2193,A
2-PB1,196,1,1,0,2189,2191,C
2-PB1,197,1,2170,0,2,2173,T
2-PB1,198,2,2,0,2188,2192,C
2-PB1,199,2148,0,2,0,2150,A
2-PB1,200,2173,0,3,0,2176,A
2-PB1,201,1,1,0,2170,2172,C
2-PB1,202,2,0,0,2167,2169,C
2-PB1,203,4,0,0,2175,2179,C
2-PB1,204,2181,0,1,0,2182,A
2-PB1,205,2191,0,0,0,2191,A
2-PB1,206,0,2198,0,0,2198,T
2-PB1,207,2,2189,0,0,2191,T
2-PB1,208,1,5,2191,0,2197,G
2-PB1,209,2180,2,1,0,2183,A
2-PB1,210,0,2182,0,0,2182,T
2-PB1,211,0,2,2177,0,2179,G
2-PB1,212,0,2,2200,0,2202,G
2-PB1,213,2210,1,5,0,2216,A
2-PB1,214,1,1,0,2224,2226,C
2-PB1,215,3,0,0,2217,2220,C
2-PB1,216,2223,0,0,0,2223,A
2-PB1,217,0,1,0,2273,2274,C
2-PB1,218,0,2258,0,0,2258,T
2-PB1,219,2303,0,1,0,2304,A
2-PB1,220,1,0,0,2321,2322,C
2-PB1,221,3,0,0,2300,2303,C
2-PB1,222,0,2272,0,0,2272,T
2-PB1,223,2,6,2265,0,2273,G
2-PB1,224,2259,0,5,0,2264,A
2-PB1,225,0,2,2279,0,2281,G
2-PB1,226,0,2,2273,0,2275,G
2-PB1,227,2276,0,2,1,2279,A
2-PB1,228,0,2268,0,3,2271,T
2-PB1,229,2249,0,0,0,2249,A
2-PB1,230,2250,0,2,0,2252,A
2-PB1,231,1,2235,0,0,2236,T
2-PB1,232,2,2,2243,0,2247,G
2-PB1,233,2253,0,1,0,2254,A
2-PB1,234,2243,0,1,0,2244,A
2-PB1,235,0,1,0,2247,2248,C
2-PB1,236,2,0,0,2226,2228,C
2-PB1,237,2240,0,0,0,2240,A
2-PB1,238,2231,0,1,0,2232,A
2-PB1,239,1,0,2243,0,2244,G
2-PB1,240,0,2225,0,0,2225,T
2-PB1,241,0,3,2235,0,2238,G
2-PB1,242,1,2,2262,1,2266,G
2-PB1,243,2258,1,2,0,2261,A
2-PB1,244,1,2248,0,0,2249,T
2-PB1,245,2274,1,1,0,2276,A
2-PB1,246,0,2307,0,0,2307,T
2-PB1,247,1,0,2318,0,2319,G
2-PB1,248,1,1,0,2314,2316,C
2-PB1,249,2310,0,2,1,2313,A
2-PB1,250,0,0,0,2370,2370,C
2-PB1,251,2339,0,0,0,2339,A
2-PB1,252,2362,0,1,0,2363,A
2-PB1,253,2359,0,1,0,2360,A
2-PB1,254,1,1,0,2365,2367,C
2-PB1,255,2312,0,2,0,2314,A
2-PB1,256,0,2,2332,1,2335,G
2-PB1,257,2337,0,1,0,2338,A
2-PB1,258,0,0,0,2347,2347,C
2-PB1,259,0,2284,0,0,2284,T
2-PB1,260,0,0,2326,0,2326,G
2-PB1,261,1,2278,0,5,2284,T
2-PB1,262,0,0,2386,0,2386,G
2-PB1,263,3,2376,0,2,2381,T
2-PB1,264,4,1,0,2375,2380,C
2-PB1,265,0,0,0,2391,2391,C
2-PB1,266,0,2373,0,1,2374,T
2-PB1,267,0,0,2379,0,2379,G
2-PB1,268,0,2,2368,0,2370,G
2-PB1,269,2326,0,6,0,2332,A
2-PB1,270,1,0,2372,0,2373,G
2-PB1,271,0,1,2328,0,2329,G
2-PB1,272,0,0,0,2322,2322,C
2-PB1,273,0,2322,0,1,2323,T
2-PB1,274,2328,1,3,0,2332,A
2-PB1,275,0,2317,0,3,2320,T
2-PB1,276,1,1,2314,0,2316,G
2-PB1,277,1,0,2310,0,2311,G
2-PB1,278,0,0,0,2311,2311,C
2-PB1,279,0,0,0,2284,2284,C
2-PB1,280,0,2261,0,2,2263,T
2-PB1,281,0,2371,1,0,2372,T
2-PB1,282,1,0,0,2378,2379,C
2-PB1,283,3,0,0,2393,2396,C
2-PB1,284,0,2395,0,0,2395,T
2-PB1,285,0,2395,0,1,2396,T
2-PB1,286,1,7,2399,0,2407,G
2-PB1,287,2391,0,1,0,2392,A
2-PB1,288,2397,0,2,0,2399,A
2-PB1,289,0,5,2399,0,2404,G
2-PB1,290,2334,1,1,0,2336,A
2-PB1,291,2352,0,3,0,2355,A
2-PB1,292,0,2328,0,0,2328,T
2-PB1,293,3,4,0,2341,2348,C
2-PB1,294,3,0,0,2340,2343,C
2-PB1,295,1,0,0,2328,2329,C
2-PB1,296,2314,1,4,0,2319,A
2-PB1,297,1,0,0,2338,2339,C
2-PB1,298,1,2,0,2344,2347,C
2-PB1,299,3,1,0,2340,2344,C
2-PB1,300,2330,0,3,0,2333,A
2-PB1,301,0,1,2347,0,2348,G
2-PB1,302,1,0,2351,0,2352,G
2-PB1,303,0,2310,0,1,2311,T
2-PB1,304,2365,0,0,0,2365,A
2-PB1,305,1,2348,0,0,2349,T
2-PB1,306,2,0,0,2356,2358,C
2-PB1,307,0,2358,1,1,2360,T
2-PB1,308,0,2366,0,0,2366,T
2-PB1,309,0,2364,0,3,2367,T
2-PB1,310,1,5,2355,0,2361,G
2-PB1,311,2335,0,1,0,2336,A
2-PB1,312,0,4,2339,0,2343,G
2-PB1,313,2321,0,1,0,2322,A
2-PB1,314,2333,0,0,0,2333,A
2-PB1,315,0,0,0,2339,2339,C
2-PB1,316,0,2309,0,0,2309,T
2-PB1,317,2,0,0,2325,2327,C
2-PB1,318,2323,0,0,0,2323,A
2-PB1,319,0,2316,0,1,2317,T
2-PB1,320,0,0,2323,0,2323,G
2-PB1,321,1,1,1,2359,2362,C
2-PB1,322,1,0,0,2358,2359,C
2-PB1,323,0,2359,0,2,2361,T
2-PB1,324,0,2345,0,2,2347,T
2-PB1,325,1,7,2343,0,2351,G
2-PB1,326,2356,0,2,0,2358,A
2-PB1,327,2356,0,0,0,2356,A
2-PB1,328,2362,0,1,0,2363,A
2-PB1,329,0,0,0,2384,2384,C
2-PB1,330,2327,0,1,0,2328,A
2-PB1,331,2333,0,0,0,2333,A
2-PB1,332,0,2334,0,1,2335,T
2-PB1,333,1,1,2337,0,2339,G
2-PB1,334,0,1,2328,0,2329,G
2-PB1,335,2304,1,1,0,2306,A
2-PB1,336,2313,0,2,0,2315,A
2-PB1,337,1,0,2298,0,2299,G
2-PB1,338,1,0,0,2301,2302,C
2-PB1,339,3,1,0,2305,2309,C
2-PB1,340,0,0,2324,0,2324,G
2-PB1,341,0,2297,0,2,2299,T
2-PB1,342,1,2305,0,0,2306,T
2-PB1,343,5,1,0,2333,2339,C
2-PB1,344,2329,1,0,0,2330,A
2-PB1,345,2355,0,1,0,2356,A
2-PB1,346,0,0,1,2357,2358,C
2-PB1,347,2354,0,3,0,2357,A
2-PB1,348,0,3,2356,0,2359,G
2-PB1,349,2334,0,0,0,2334,A
2-PB1,350,0,0,0,2342,2342,C
2-PB1,351,2343,0,0,0,2343,A
2-PB1,352,2355,0,2,0,2357,A
2-PB1,353,1,4,2364,0,2369,G
2-PB1,354,0,1,2332,0,2333,G
2-PB1,355,2,0,2334,0,2336,G
2-PB1,356,1,2249,0,0,2250,T
2-PB1,357,1,0,2294,0,2295,G
2-PB1,358,0,2,2299,0,2301,G
2-PB1,359,2303,0,6,0,2309,A
2-PB1,360,0,0,0,2317,2317,C
2-PB1,361,2283,0,0,1,2284,A
2-PB1,362,2324,0,3,0,2327,A
2-PB1,363,2338,0,0,0,2338,A
2-PB1,364,0,2,0,2328,2330,C
2-PB1,365,0,2327,0,2,2329,T
2-PB1,366,2324,0,1,0,2325,A
2-PB1,367,2312,0,2,0,2314,A
2-PB1,368,0,0,0,2329,2329,C
2-PB1,369,0,1,0,2328,2329,C
2-PB1,370,4,0,0,2325,2329,C
2-PB1,371,2269,0,2,0,2271,A
2-PB1,372,2263,0,2,0,2265,A
2-PB1,373,0,2,2258,0,2260,G
2-PB1,374,0,0,2265,0,2265,G
2-PB1,375,0,2228,0,1,2229,T
2-PB1,376,4,0,0,2256,2260,C
2-PB1,377,0,0,2249,0,2249,G
2-PB1,378,2,0,0,2241,2243,C
2-PB1,379,2,0,0,2261,2263,C
2-PB1,380,2257,0,1,0,2258,A
2-PB1,381,0,1,2308,0,2309,G
2-PB1,382,2320,0,1,0,2321,A
2-PB1,383,2,0,0,2333,2335,C
2-PB1,384,0,2317,0,1,2318,T
2-PB1,385,0,2314,0,1,2315,T
2-PB1,386,2306,0,1,0,2307,A
2-PB1,387,1,2314,0,1,2316,T
2-PB1,388,0,2,2327,0,2329,G
2-PB1,389,2314,0,0,0,2314,A
2-PB1,390,0,2282,0,1,2283,T
2-PB1,391,0,2226,0,0,2226,T
2-PB1,392,1,1,2221,0,2223,G
2-PB1,393,0,1,2217,0,2218,G
2-PB1,394,2248,0,2,0,2250,A
2-PB1,395,1,0,0,2254,2255,C
2-PB1,396,2230,0,1,0,2231,A
2-PB1,397,0,2218,0,1,2219,T
2-PB1,398,0,2248,1,0,2249,T
2-PB1,399,2256,0,0,0,2256,A
2-PB1,400,2258,0,0,0,2258,A
2-PB1,401,2252,0,2,0,2254,A
2-PB1,402,0,0,0,2264,2264,C
2-PB1,403,2235,0,0,0,2235,A
2-PB1,404,2,1,2241,0,2244,G
2-PB1,405,2234,0,2,0,2236,A
2-PB1,406,2241,0,2,0,2243,A
2-PB1,407,2231,0,1,0,2232,A
2-PB1,408,0,2185,0,0,2185,T
2-PB1,409,4,0,0,2218,2222,C
2-PB1,410,2207,0,4,0,2211,A
2-PB1,411,2209,0,1,0,2210,A
2-PB1,412,0,2,0,2208,2210,C
2-PB1,413,2,4,0,2195,2201,C
2-PB1,414,0,2,2188,1,2191,G
2-PB1,415,2,0,2182,0,2184,G
2-PB1,416,0,0,1,2199,2200,C
2-PB1,417,2201,1,1,0,2203,A
2-PB1,418,1,0,2192,0,2193,G
2-PB1,419,3,0,0,2209,2212,C
2-PB1,420,2213,1,0,0,2214,A
2-PB1,421,2215,0,2,0,2217,A
2-PB1,422,1,1,0,2226,2228,C
2-PB1,423,0,2194,0,1,2195,T
2-PB1,424,0,1,2289,0,2290,G
2-PB1,425,0,0,0,2288,2288,C
2-PB1,426,2292,3,0,0,2295,A
2-PB1,427,1,2287,0,2,2290,T
2-PB1,428,0,2280,0,0,2280,T
2-PB1,429,2382,3,1,0,2386,A
2-PB1,430,1,1,2362,0,2364,G
2-PB1,431,1,1,0,2345,2347,C
2-PB1,432,1,0,0,2369,2370,C
2-PB1,433,2315,0,0,0,2315,A
2-PB1,434,2322,1,2,0,2325,A
2-PB1,435,0,0,0,2335,2335,C
2-PB1,436,2323,2,2,1,2328,A
2-PB1,437,1,2,0,2393,2396,C
2-PB1,438,1,1,0,2268,2270,C
2-PB1,439,2271,0,1,0,2272,A
2-PB1,440,0,2268,0,0,2268,T
2-PB1,441,2276,0,0,0,2276,A
2-PB1,442,0,0,2267,0,2267,G
2-PB1,443,2257,0,0,0,2257,A
2-PB1,444,2219,0,2,0,2221,A
2-PB1,445,0,0,2231,0,2231,G
2-PB1,446,1,2156,0,1,2158,T
2-PB1,447,0,2159,0,0,2159,T
2-PB1,448,2,2165,0,0,2167,T
2-PB1,449,0,2170,0,2,2172,T
2-PB1,450,1,2174,0,0,2175,T
2-PB1,451,2172,0,1,0,2173,A
2-PB1,452,0,3,2169,0,2172,G
2-PB1,453,2166,0,0,0,2166,A
2-PB1,454,0,2142,0,1,2143,T
2-PB1,455,4,0,0,2125,2129,C
2-PB1,456,2,6,2127,0,2135,G
2-PB1,457,2127,0,1,0,2128,A
2-PB1,458,2120,0,1,0,2121,A
2-PB1,459,1,2,0,2137,2140,C
2-PB1,460,0,3,2145,0,2148,G
2-PB1,461,0,0,2226,0,2226,G
2-PB1,462,2226,0,1,0,2227,A
2-PB1,463,0,2227,0,2,2229,T
2-PB1,464,0,2238,0,0,2238,T
2-PB1,465,2222,0,6,1,2229,A
2-PB1,466,2226,0,6,0,2232,A
2-PB1,467,2,0,0,2233,2235,C
2-PB1,468,2212,0,2,0,2214,A
2-PB1,469,0,1,2222,0,2223,G
2-PB1,470,0,0,0,2135,2135,C
2-PB1,471,0,2131,0,3,2134,T
2-PB1,472,2136,0,2,0,2138,A
2-PB1,473,2128,0,2,0,2130,A
2-PB1,474,0,2133,0,0,2133,T
2-PB1,475,1,1,2157,0,2159,G
2-PB1,476,2152,0,2,1,2155,A
2-PB1,477,2156,0,0,0,2156,A
2-PB1,478,0,2115,0,1,2116,T
2-PB1,479,3,0,0,2124,2127,C
2-PB1,480,2126,0,2,0,2128,A
2-PB1,481,1,0,2123,0,2124,G
2-PB1,482,1,1,2111,0,2113,G
2-PB1,483,2108,0,0,0,2108,A
2-PB1,484,2079,1,2,0,2082,A
2-PB1,485,2,0,2147,0,2149,G
2-PB1,486,1,0,2151,0,2152,G
2-PB1,487,1,0,0,2153,2154,C
2-PB1,488,0,2162,1,0,2163,T
2-PB1,489,2158,0,0,0,2158,A
2-PB1,490,2159,0,1,0,2160,A
2-PB1,491,0,2160,0,0,2160,T
2-PB1,492,2159,0,0,0,2159,A
2-PB1,493,0,4,2161,0,2165,G
2-PB1,494,2033,0,0,0,2033,A
2-PB1,495,0,2019,0,1,2020,T
2-PB1,496,0,2006,0,1,2007,T
2-PB1,497,0,1986,0,0,1986,T
2-PB1,498,0,0,0,2048,2048,C
2-PB1,499,0,0,0,2060,2060,C
2-PB1,500,0,2057,0,0,2057,T
2-PB1,501,1,0,0,2076,2077,C
2-PB1,502,2070,0,1,0,2071,A
2-PB1,503,2070,0,0,0,2070,A
2-PB1,504,0,1,2073,0,2074,G
2-PB1,505,0,2,2088,0,2090,G
2-PB1,506,2090,0,0,0,2090,A
2-PB1,507,0,2015,0,0,2015,T
2-PB1,508,0,0,2032,0,2032,G
2-PB1,509,0,2010,0,2,2012,T
2-PB1,510,0,2,2041,0,2043,G
2-PB1,511,2045,0,4,0,2049,A
2-PB1,512,0,2039,0,0,2039,T
2-PB1,513,0,1,2032,0,2033,G
2-PB1,514,0,4,2033,0,2037,G
2-PB1,515,2044,1,0,0,2045,A
2-PB1,516,2043,0,1,0,2044,A
2-PB1,517,0,1995,0,0,1995,T
2-PB1,518,1,0,0,2024,2025,C
2-PB1,519,2001,1,1,0,2003,A
2-PB1,520,2007,0,2,0,2009,A
2-PB1,521,0,2001,0,0,2001,T
2-PB1,522,1,2,2029,0,2032,G
2-PB1,523,0,1,2027,0,2028,G
2-PB1,524,2015,0,2,0,2017,A
2-PB1,525,0,2028,0,1,2029,T
2-PB1,526,2029,0,0,0,2029,A
2-PB1,527,2027,0,0,0,2027,A
2-PB1,528,2027,0,1,0,2028,A
2-PB1,529,0,0,2045,0,2045,G
2-PB1,530,2032,0,4,0,2036,A
2-PB1,531,0,0,2021,0,2021,G
2-PB1,532,0,6,2005,0,2011,G
2-PB1,533,2007,0,3,0,2010,A
2-PB1,534,2007,0,1,0,2008,A
2-PB1,535,2005,0,4,0,2009,A
2-PB1,536,0,2007,0,0,2007,T
2-PB1,537,1,1,2028,1,2031,G
2-PB1,538,0,2,2011,1,2014,G
2-PB1,539,2001,0,5,0,2006,A
2-PB1,540,0,1,2022,0,2023,G
2-PB1,541,1994,0,0,0,1994,A
2-PB1,542,0,2032,0,0,2032,T
2-PB1,543,2032,0,0,0,2032,A
2-PB1,544,2058,0,1,0,2059,A
2-PB1,545,0,2,0,2051,2053,C
2-PB1,546,2044,0,1,0,2045,A
2-PB1,547,2044,0,1,0,2045,A
2-PB1,548,0,1,1,2033,2035,C
2-PB1,549,2021,0,2,0,2023,A
2-PB1,550,0,0,0,2034,2034,C
2-PB1,551,1994,0,1,0,1995,A
2-PB1,552,2,0,0,2003,2005,C
2-PB1,553,0,1971,1,0,1972,T
2-PB1,554,0,1977,0,0,1977,T
2-PB1,555,0,1977,0,1,1978,T
2-PB1,556,1,1,0,1981,1983,C
2-PB1,557,1987,1,2,0,1990,A
2-PB1,558,1990,0,1,0,1991,A
2-PB1,559,1988,0,0,0,1988,A
2-PB1,560,1,3,2011,0,2015,G
2-PB1,561,1985,1,0,0,1986,A
2-PB1,562,1984,1,0,0,1985,A
2-PB1,563,1991,0,0,0,1991,A
2-PB1,564,1998,1,1,0,2000,A
2-PB1,565,1989,0,3,0,1992,A
2-PB1,566,0,1,1998,0,1999,G
2-PB1,567,0,5,1991,0,1996,G
2-PB1,568,1991,0,1,0,1992,A
2-PB1,569,0,1,2022,0,2023,G
2-PB1,570,2015,0,2,0,2017,A
2-PB1,571,0,0,2075,0,2075,G
2-PB1,572,0,2056,0,0,2056,T
2-PB1,573,2076,0,2,0,2078,A
2-PB1,574,2080,0,2,0,2082,A
2-PB1,575,1,1,2061,0,2063,G
2-PB1,576,2,1,2071,0,2074,G
2-PB1,577,1,1,2071,0,2073,G
2-PB1,578,2054,0,2,0,2056,A
2-PB1,579,0,2,0,2067,2069,C
2-PB1,580,2031,0,2,0,2033,A
2-PB1,581,2036,0,2,0,2038,A
2-PB1,582,2,0,0,2032,2034,C
2-PB1,583,2034,0,2,0,2036,A
2-PB1,584,0,1992,0,0,1992,T
2-PB1,585,0,9,1965,0,1974,G
2-PB1,586,1971,0,2,0,1973,A
2-PB1,587,0,0,0,1963,1963,C
2-PB1,588,4,0,0,1969,1973,C
2-PB1,589,1978,0,0,0,1978,A
2-PB1,590,1979,0,2,0,1981,A
2-PB1,591,1,0,1995,0,1996,G
2-PB1,592,1991,0,0,0,1991,A
2-PB1,593,1992,0,0,0,1992,A
2-PB1,594,1986,0,0,0,1986,A
2-PB1,595,1981,0,1,0,1982,A
2-PB1,596,0,1981,0,0,1981,T
2-PB1,597,0,4,1986,0,1990,G
2-PB1,598,0,0,1983,0,1983,G
2-PB1,599,0,1975,0,1,1976,T
2-PB1,600,6,1,0,1948,1955,C
2-PB1,601,1989,0,1,0,1990,A
2-PB1,602,2,0,0,2101,2103,C
2-PB1,603,2126,0,2,0,2128,A
2-PB1,604,1,0,0,2136,2137,C
2-PB1,605,2141,0,1,0,2142,A
2-PB1,606,2224,0,0,0,2224,A
2-PB1,607,2201,2,1,0,2204,A
2-PB1,608,0,6,2290,0,2296,G
2-PB1,609,269,2,1952,0,2223,G
2-PB1,610,2289,0,3,0,2292,A
2-PB1,611,1,2,0,2360,2363,C
2-PB1,612,2374,0,1,0,2375,A
2-PB1,613,2380,0,0,0,2380,A
2-PB1,614,0,2378,0,1,2379,T
2-PB1,615,2367,0,0,0,2367,A
2-PB1,616,0,3,2356,0,2359,G
2-PB1,617,0,1,2309,0,2310,G
2-PB1,618,2,1,2309,0,2312,G
2-PB1,619,2313,0,0,0,2313,A
2-PB1,620,2292,0,0,0,2292,A
2-PB1,621,0,2,2320,0,2322,G
2-PB1,622,2316,0,0,0,2316,A
2-PB1,623,2322,0,0,0,2322,A
2-PB1,624,2333,1,0,0,2334,A
2-PB1,625,2348,0,0,0,2348,A
2-PB1,626,2373,0,3,0,2376,A
2-PB1,627,2380,0,3,0,2383,A
2-PB1,628,0,0,0,2389,2389,C
2-PB1,629,2383,1,1,0,2385,A
2-PB1,630,2381,0,1,0,2382,A
2-PB1,631,2361,0,5,0,2366,A
2-PB1,632,0,2,2405,0,2407,G
2-PB1,633,2408,0,2,0,2410,A
2-PB1,634,0,0,2494,0,2494,G
2-PB1,635,1,2433,0,1,2435,T
2-PB1,636,1,2,2791,1,2795,G
2-PB1,637,2804,1,0,0,2805,A
2-PB1,638,2804,0,1,0,2805,A
2-PB1,639,0,2844,0,0,2844,T
2-PB1,640,2860,0,0,0,2860,A
2-PB1,641,2842,0,4,1,2847,A
2-PB1,642,0,3,2858,0,2861,G
2-PB1,643,2789,0,3,0,2792,A
2-PB1,644,1,4,2806,0,2811,G
2-PB1,645,2675,0,3,0,2678,A
2-PB1,646,0,1,2686,0,2687,G
2-PB1,647,0,0,2667,0,2667,G
2-PB1,648,0,0,0,2674,2674,C
2-PB1,649,1,2675,0,2,2678,T
2-PB1,650,2734,0,1,0,2735,A
2-PB1,651,1,1,0,2873,2875,C
2-PB1,652,3,1,1,2872,2877,C
2-PB1,653,0,2894,0,1,2895,T
2-PB1,654,2999,0,0,0,2999,A
2-PB1,655,2986,0,1,0,2987,A
2-PB1,656,0,2996,0,1,2997,T
2-PB1,657,2989,0,0,0,2989,A
2-PB1,658,2994,0,0,0,2994,A
2-PB1,659,0,6,2978,0,2984,G
2-PB1,660,2886,0,2,0,2888,A
2-PB1,661,1,0,2896,0,2897,G
2-PB1,662,0,0,2,2917,2919,C
2-PB1,663,1,2866,0,3,2870,T
2-PB1,664,0,2890,0,0,2890,T
2-PB1,665,1,2888,0,3,2892,T
2-PB1,666,1,11,2873,0,2885,G
2-PB1,667,2940,0,5,0,2945,A
2-PB1,668,0,0,0,2954,2954,C
2-PB1,669,2942,0,0,0,2942,A
2-PB1,670,0,2917,0,5,2922,T
2-PB1,671,0,2907,0,0,2907,T
2-PB1,672,0,10,2947,0,2957,G
2-PB1,673,2954,0,2,0,2956,A
2-PB1,674,2952,0,3,1,2956,A
2-PB1,675,0,1,0,2956,2957,C
2-PB1,676,2945,0,2,0,2947,A
2-PB1,677,0,0,1,2964,2965,C
2-PB1,678,5,1,2961,0,2967,G
2-PB1,679,2958,0,4,0,2962,A
2-PB1,680,0,2989,0,4,2993,T
2-PB1,681,1,13,3018,0,3032,G
2-PB1,682,3031,0,6,0,3037,A
2-PB1,683,0,0,0,3047,3047,C
2-PB1,684,9,2,0,3038,3049,C
2-PB1,685,3052,0,0,0,3052,A
2-PB1,686,3093,3,1,0,3097,A
2-PB1,687,3080,0,5,0,3085,A
2-PB1,688,0,1,3153,0,3154,G
2-PB1,689,3173,0,2,0,3175,A
2-PB1,690,0,3138,0,1,3139,T
2-PB1,691,1,2,3155,0,3158,G
2-PB1,692,0,0,0,3143,3143,C
2-PB1,693,3150,0,5,0,3155,A
2-PB1,694,0,1,3182,0,3183,G
2-PB1,695,3139,0,5,0,3144,A
2-PB1,696,0,0,3159,0,3159,G
2-PB1,697,3083,1,0,0,3084,A
2-PB1,698,0,1,3078,0,3079,G
2-PB1,699,3045,0,6,0,3051,A
2-PB1,700,0,2,3031,0,3033,G
2-PB1,701,1,0,3027,0,3028,G
2-PB1,702,0,1,0,3027,3028,C
2-PB1,703,3018,0,3,0,3021,A
2-PB1,704,3018,0,0,0,3018,A
2-PB1,705,3029,0,1,0,3030,A
2-PB1,706,0,3048,0,0,3048,T
2-PB1,707,0,3050,0,0,3050,T
2-PB1,708,3061,1,0,0,3062,A
2-PB1,709,3064,0,0,0,3064,A
2-PB1,710,3065,0,1,0,3066,A
2-PB1,711,3073,0,2,1,3076,A
2-PB1,712,3067,0,0,0,3067,A
2-PB1,713,0,2,3070,0,3072,G
2-PB1,714,3047,0,1,0,3048,A
2-PB1,715,3044,0,2,0,3046,A
2-PB1,716,0,4,3093,0,3097,G
2-PB1,717,1,1,3133,0,3135,G
2-PB1,718,1,0,3123,0,3124,G
2-PB1,719,0,0,1,3155,3156,C
2-PB1,720,0,3155,0,2,3157,T
2-PB1,721,3177,0,4,0,3181,A
2-PB1,722,1,3205,0,1,3207,T
2-PB1,723,1,3203,0,1,3205,T
2-PB1,724,1,0,3212,0,3213,G
2-PB1,725,1,2,0,3185,3188,C
2-PB1,726,3142,0,2,0,3144,A
2-PB1,727,3137,0,4,0,3141,A
2-PB1,728,0,1,0,3153,3154,C
2-PB1,729,3141,0,1,0,3142,A
2-PB1,730,2,0,0,3157,3159,C
2-PB1,731,0,0,0,3117,3117,C
2-PB1,732,4,5,0,3107,3116,C
2-PB1,733,0,2,3110,0,3112,G
2-PB1,734,1,4,3104,1,3110,G
2-PB1,735,3,2,3114,0,3119,G
2-PB1,736,3123,1,7,0,3131,A
2-PB1,737,0,3114,0,1,3115,T
2-PB1,738,1,0,3136,0,3137,G
2-PB1,739,1,2,0,3114,3117,C
2-PB1,740,3155,0,3,0,3158,A
2-PB1,741,3205,0,0,0,3205,A
2-PB1,742,3235,1,0,0,3236,A
2-PB1,743,0,3235,0,2,3237,T
2-PB1,744,0,3237,0,1,3238,T
2-PB1,745,3219,1,0,0,3220,A
2-PB1,746,1,1,3209,0,3211,G
2-PB1,747,3198,0,3,0,3201,A
2-PB1,748,0,5,3199,0,3204,G
2-PB1,749,1,2,3141,0,3144,G
2-PB1,750,0,1,3205,0,3206,G
2-PB1,751,2,3171,0,0,3173,T
2-PB1,752,1,3187,1,5,3194,T
2-PB1,753,7,1,0,3218,3226,C
2-PB1,754,5,0,3240,0,3245,G
2-PB1,755,0,3235,0,4,3239,T
2-PB1,756,1,3,3238,0,3242,G
2-PB1,757,0,3221,0,2,3223,T
2-PB1,758,3205,0,2,0,3207,A
2-PB1,759,1,1,0,3208,3210,C
2-PB1,760,0,3059,0,2,3061,T
2-PB1,761,0,3069,0,2,3071,T
2-PB1,762,3,0,0,3059,3062,C
2-PB1,763,2,0,3050,0,3052,G
2-PB1,764,3,3046,0,1,3050,T
2-PB1,765,0,3044,0,1,3045,T
2-PB1,766,2,8,3036,0,3046,G
2-PB1,767,3024,0,0,0,3024,A
2-PB1,768,3036,0,5,0,3041,A
2-PB1,769,3049,0,3,0,3052,A
2-PB1,770,1,0,0,3073,3074,C
2-PB1,771,0,3057,1,1,3059,T
2-PB1,772,0,3050,0,0,3050,T
2-PB1,773,0,3045,0,1,3046,T
2-PB1,774,3099,0,2,0,3101,A
2-PB1,775,1,0,3095,0,3096,G
2-PB1,776,0,1,0,3109,3110,C
2-PB1,777,1,3101,0,0,3102,T
2-PB1,778,3070,1,2,0,3073,A
2-PB1,779,0,4,3072,0,3076,G
2-PB1,780,3066,0,2,1,3069,A
2-PB1,781,3067,0,2,0,3069,A
2-PB1,782,0,2,3071,0,3073,G
2-PB1,783,1,0,0,3028,3029,C
2-PB1,784,3034,0,1,0,3035,A
2-PB1,785,0,3020,1,0,3021,T
2-PB1,786,1,3030,0,0,3031,T
2-PB1,787,1,3021,0,2,3024,T
2-PB1,788,0,1,3031,0,3032,G
2-PB1,789,0,2,0,3012,3014,C
2-PB1,790,0,6,3023,0,3029,G
2-PB1,791,3016,0,0,0,3016,A
2-PB1,792,3022,0,1,0,3023,A
2-PB1,793,3018,0,1,0,3019,A
2-PB1,794,3063,0,1,0,3064,A
2-PB1,795,1,1,3099,0,3101,G
2-PB1,796,1,2,0,3104,3107,C
2-PB1,797,0,3109,0,3,3112,T
2-PB1,798,0,3111,0,1,3112,T
2-PB1,799,0,11,3106,0,3117,G
2-PB1,800,3111,0,4,0,3115,A
2-PB1,801,3107,0,3,0,3110,A
2-PB1,802,1,1,0,3130,3132,C
2-PB1,803,3043,0,3,0,3046,A
2-PB1,804,0,0,3300,0,3300,G
2-PB1,805,0,3248,0,1,3249,T
2-PB1,806,8,0,0,3244,3252,C
2-PB1,807,0,3255,0,5,3260,T
2-PB1,808,1,1,3263,0,3265,G
2-PB1,809,1,5,3255,1,3262,G
2-PB1,810,3257,0,2,1,3260,A
2-PB1,811,1,0,0,3271,3272,C
2-PB1,812,0,3180,0,3,3183,T
2-PB1,813,0,2984,0,2,2986,T
2-PB1,814,1,1,1,2982,2985,C
2-PB1,815,3,1,0,2976,2980,C
2-PB1,816,2,3,3004,0,3009,G
2-PB1,817,0,1,3013,0,3014,G
2-PB1,818,0,2976,0,3,2979,T
2-PB1,819,0,2991,0,0,2991,T
2-PB1,820,0,0,2981,0,2981,G
2-PB1,821,0,4,2998,0,3002,G
2-PB1,822,2,1,3015,0,3018,G
2-PB1,823,1,4,3014,0,3019,G
2-PB1,824,0,0,3040,0,3040,G
2-PB1,825,0,2999,1,5,3005,T
2-PB1,826,3008,0,2,0,3010,A
2-PB1,827,3007,0,3,0,3010,A
2-PB1,828,0,3018,0,1,3019,T
2-PB1,829,3,5,3022,0,3030,G
2-PB1,830,2997,0,0,0,2997,A
2-PB1,831,2964,0,2,0,2966,A
2-PB1,832,2968,0,1,1,2970,A
2-PB1,833,2956,0,1,0,2957,A
2-PB1,834,0,2,2958,0,2960,G
2-PB1,835,2945,0,1,0,2946,A
2-PB1,836,2919,0,2,0,2921,A
2-PB1,837,0,1,2927,0,2928,G
2-PB1,838,0,1,2908,0,2909,G
2-PB1,839,1,1,0,2904,2906,C
2-PB1,840,6,1,0,2904,2911,C
2-PB1,841,2914,0,2,0,2916,A
2-PB1,842,2925,0,2,0,2927,A
2-PB1,843,2916,0,3,0,2919,A
2-PB1,844,1,0,0,2923,2924,C
2-PB1,845,0,2911,0,2,2913,T
2-PB1,846,1,2,2952,0,2955,G
2-PB1,847,1,0,2949,0,2950,G
2-PB1,848,0,1,0,2962,2963,C
2-PB1,849,2966,0,2,0,2968,A
2-PB1,850,2964,0,0,0,2964,A
2-PB1,851,2962,0,2,1,2965,A
2-PB1,852,1,2969,0,0,2970,T
2-PB1,853,0,0,2964,0,2964,G
2-PB1,854,0,2947,0,1,2948,T
2-PB1,855,0,2873,0,0,2873,T
2-PB1,856,0,0,2869,0,2869,G
2-PB1,857,0,2855,0,0,2855,T
2-PB1,858,0,5,2875,0,2880,G
2-PB1,859,2874,1,2,0,2877,A
2-PB1,860,0,0,2873,0,2873,G
2-PB1,861,2883,0,1,0,2884,A
2-PB1,862,2866,0,0,0,2866,A
2-PB1,863,2860,0,2,0,2862,A
2-PB1,864,2871,0,0,0,2871,A
2-PB1,865,2874,0,3,0,2877,A
2-PB1,866,0,2866,0,1,2867,T
2-PB1,867,1,2,2861,0,2864,G
2-PB1,868,2861,1,2,0,2864,A
2-PB1,869,0,2837,0,2,2839,T
2-PB1,870,2,4,2850,0,2856,G
2-PB1,871,2848,0,7,0,2855,A
2-PB1,872,0,1,0,2882,2883,C
2-PB1,873,0,2876,0,2,2878,T
2-PB1,874,2886,0,0,0,2886,A
2-PB1,875,2886,0,1,0,2887,A
2-PB1,876,1,2885,0,3,2889,T
2-PB1,877,0,2877,0,3,2880,T
2-PB1,878,4,1,0,2908,2913,C
2-PB1,879,2901,0,6,0,2907,A
2-PB1,880,1,1,0,2913,2915,C
2-PB1,881,2879,0,2,0,2881,A
2-PB1,882,2877,0,3,0,2880,A
2-PB1,883,0,9,2877,0,2886,G
2-PB1,884,2912,0,7,0,2919,A
2-PB1,885,0,3,0,2916,2919,C
2-PB1,886,2867,2,3,0,2872,A
2-PB1,887,0,0,1,2880,2881,C
2-PB1,888,2855,0,2,0,2857,A
2-PB1,889,0,2,2865,1,2868,G
2-PB1,890,2845,0,5,0,2850,A
2-PB1,891,6,0,2842,0,2848,G
2-PB1,892,0,0,0,2829,2829,C
2-PB1,893,0,2770,0,0,2770,T
2-PB1,894,0,2800,0,3,2803,T
2-PB1,895,0,2797,0,3,2800,T
2-PB1,896,5,1,0,2800,2806,C
2-PB1,897,0,2813,0,2,2815,T
2-PB1,898,0,2796,1,0,2797,T
2-PB1,899,0,2787,1,5,2793,T
2-PB1,900,2,1,0,2787,2790,C
2-PB1,901,2769,0,4,0,2773,A
2-PB1,902,0,0,0,2790,2790,C
2-PB1,903,2772,0,1,0,2773,A
2-PB1,904,2763,1,3,0,2767,A
2-PB1,905,0,2774,0,2,2776,T
2-PB1,906,6,0,0,2810,2816,C
2-PB1,907,2830,0,1,0,2831,A
2-PB1,908,1,1,0,2854,2856,C
2-PB1,909,1,2815,1,1,2818,T
2-PB1,910,0,1,2848,0,2849,G
2-PB1,911,0,4,2812,0,2816,G
2-PB1,912,0,2,2891,0,2893,G
2-PB1,913,0,5,2873,0,2878,G
2-PB1,914,2820,0,3,0,2823,A
2-PB1,915,0,2,0,2733,2735,C
2-PB1,916,2765,0,1,1,2767,A
2-PB1,917,2889,0,3,0,2892,A
2-PB1,918,1,2,0,2910,2913,C
2-PB1,919,2898,0,3,0,2901,A
2-PB1,920,1,0,0,2916,2917,C
2-PB1,921,0,2780,0,3,2783,T
2-PB1,922,2800,0,0,0,2800,A
2-PB1,923,2794,0,1,0,2795,A
2-PB1,924,0,1,2806,0,2807,G
2-PB1,925,1,2782,0,1,2784,T
2-PB1,926,0,4,2593,0,2597,G
2-PB1,927,0,3,2563,0,2566,G
2-PB1,928,2565,0,1,0,2566,A
2-PB1,929,2576,0,1,0,2577,A
2-PB1,930,0,2578,0,0,2578,T
2-PB1,931,0,3,2568,0,2571,G
2-PB1,932,2566,0,2,0,2568,A
2-PB1,933,2538,0,1,0,2539,A
2-PB1,934,2550,1,3,0,2554,A
2-PB1,935,2566,1,0,1,2568,A
2-PB1,936,0,2540,0,0,2540,T
2-PB1,937,3,0,0,2556,2559,C
2-PB1,938,2557,0,2,0,2559,A
2-PB1,939,2552,0,5,0,2557,A
2-PB1,940,2547,0,3,0,2550,A
2-PB1,941,2527,1,3,2,2533,A
2-PB1,942,0,0,0,2564,2564,C
2-PB1,943,2,0,0,2533,2535,C
2-PB1,944,4,1,1,2527,2533,C
2-PB1,945,0,2501,0,2,2503,T
2-PB1,946,4,0,0,2528,2532,C
2-PB1,947,1,2,2527,0,2530,G
2-PB1,948,2527,0,0,1,2528,A
2-PB1,949,2532,0,0,0,2532,A
2-PB1,950,0,2534,0,0,2534,T
2-PB1,951,3,0,2528,0,2531,G
2-PB1,952,0,2511,0,2,2513,T
2-PB1,953,0,2495,0,0,2495,T
2-PB1,954,0,2518,0,3,2521,T
2-PB1,955,0,2517,0,0,2517,T
2-PB1,956,1,2506,0,0,2507,T
2-PB1,957,1,2,2507,0,2510,G
2-PB1,958,0,0,2498,0,2498,G
2-PB1,959,1,4,0,2486,2491,C
2-PB1,960,1,0,2441,0,2442,G
2-PB1,961,2435,0,0,0,2435,A
2-PB1,962,0,2501,0,2,2503,T
2-PB1,963,0,11,2551,0,2562,G
2-PB1,964,2679,0,1,0,2680,A
2-PB1,965,0,2689,1,4,2694,T
2-PB1,966,0,2698,0,0,2698,T
2-PB1,967,2701,0,1,0,2702,A
2-PB1,968,0,0,0,2710,2710,C
2-PB1,969,2722,0,0,0,2722,A
2-PB1,970,0,2720,0,1,2721,T
2-PB1,971,2575,0,0,0,2575,A
2-PB1,972,0,0,0,2606,2606,C
2-PB1,973,2351,0,0,1,2352,A
2-PB1,974,0,2346,0,0,2346,T
2-PB1,975,2,0,0,2335,2337,C
2-PB1,976,2321,2,7,0,2330,A
2-PB1,977,0,1,0,2348,2349,C
2-PB1,978,2328,0,0,1,2329,A
2-PB1,979,2330,0,0,0,2330,A
2-PB1,980,2330,0,1,0,2331,A
2-PB1,981,1,4,2243,0,2248,G
2-PB1,982,2341,1,2,0,2344,A
2-PB1,983,2341,0,2,0,2343,A
2-PB1,984,0,2319,0,2,2321,T
2-PB1,985,5,2,1,2329,2337,C
2-PB1,986,2342,0,2,0,2344,A
2-PB1,987,2336,0,2,0,2338,A
2-PB1,988,1,0,0,2353,2354,C
2-PB1,989,0,1,0,2352,2353,C
2-PB1,990,0,2234,0,3,2237,T
2-PB1,991,0,4,2256,0,2260,G
2-PB1,992,2242,0,2,0,2244,A
2-PB1,993,1,1,2244,0,2246,G
2-PB1,994,0,2237,0,1,2238,T
2-PB1,995,0,4,2201,0,2205,G
2-PB1,996,0,0,2295,0,2295,G
2-PB1,997,0,2292,0,1,2293,T
2-PB1,998,1,2285,0,5,2291,T
2-PB1,999,6,2,0,2289,2297,C
2-PB1,1000,2276,0,3,0,2279,A
2-PB1,1001,0,2,2317,0,2319,G
2-PB1,1002,2319,0,0,0,2319,A
2-PB1,1003,2321,0,2,0,2323,A
2-PB1,1004,2309,0,0,0,2309,A
2-PB1,1005,0,0,0,2117,2117,C
2-PB1,1006,2123,0,0,0,2123,A
2-PB1,1007,0,2098,0,1,2099,T
2-PB1,1008,2,0,0,2137,2139,C
2-PB1,1009,3,0,0,2140,2143,C
2-PB1,1010,0,2078,0,3,2081,T
2-PB1,1011,0,6,2077,0,2083,G
2-PB1,1012,2068,0,5,1,2074,A
2-PB1,1013,0,1,2076,0,2077,G
2-PB1,1014,0,0,0,2075,2075,C
2-PB1,1015,2019,0,1,0,2020,A
2-PB1,1016,0,2011,0,0,2011,T
2-PB1,1017,1,3,0,2009,2013,C
2-PB1,1018,0,1,2007,2,2010,G
2-PB1,1019,0,0,0,2070,2070,C
2-PB1,1020,2070,0,1,0,2071,A
2-PB1,1021,0,1,0,2111,2112,C
2-PB1,1022,1,0,0,2114,2115,C
2-PB1,1023,2118,0,2,0,2120,A
2-PB1,1024,2156,0,2,0,2158,A
2-PB1,1025,0,2158,0,2,2160,T
2-PB1,1026,2155,0,1,0,2156,A
2-PB1,1027,2155,0,0,1,2156,A
2-PB1,1028,0,2098,0,1,2099,T
2-PB1,1029,0,1,2103,0,2104,G
2-PB1,1030,0,2051,0,1,2052,T
2-PB1,1031,1,2022,0,6,2029,T
2-PB1,1032,5,2,0,2045,2052,C
2-PB1,1033,0,2041,0,2,2043,T
2-PB1,1034,2,0,0,2046,2048,C
2-PB1,1035,2056,0,0,0,2056,A
2-PB1,1036,2050,0,2,0,2052,A
2-PB1,1037,2051,0,1,0,2052,A
2-PB1,1038,1,0,0,2059,2060,C
2-PB1,1039,2045,1,0,0,2046,A
2-PB1,1040,2049,0,2,0,2051,A
2-PB1,1041,2042,0,1,0,2043,A
2-PB1,1042,2043,0,3,0,2046,A
2-PB1,1043,0,2052,0,1,2053,T
2-PB1,1044,0,2,2049,0,2051,G
2-PB1,1045,1,0,2040,0,2041,G
2-PB1,1046,1,0,0,2050,2051,C
2-PB1,1047,2046,1,1,0,2048,A
2-PB1,1048,2048,0,5,0,2053,A
2-PB1,1049,1,1,2048,0,2050,G
2-PB1,1050,2034,0,1,0,2035,A
2-PB1,1051,0,2026,0,2,2028,T
2-PB1,1052,0,2077,0,1,2078,T
2-PB1,1053,1,2,2088,0,2091,G
2-PB1,1054,1,1,2087,0,2089,G
2-PB1,1055,0,1,2097,0,2098,G
2-PB1,1056,2101,0,3,0,2104,A
2-PB1,1057,2106,1,0,0,2107,A
2-PB1,1058,2100,0,2,0,2102,A
2-PB1,1059,2083,0,5,0,2088,A
2-PB1,1060,0,4,2141,0,2145,G
2-PB1,1061,0,4,2145,0,2149,G
2-PB1,1062,2153,0,2,1,2156,A
2-PB1,1063,0,2151,0,3,2154,T
2-PB1,1064,2159,0,1,0,2160,A
2-PB1,1065,0,2,0,2164,2166,C
2-PB1,1066,2182,0,0,0,2182,A
2-PB1,1067,0,2201,0,0,2201,T
2-PB1,1068,0,1,2234,0,2235,G
2-PB1,1069,1,2178,1,4,2184,T
2-PB1,1070,0,2185,0,3,2188,T
2-PB1,1071,5,82,1,2097,2185,C
2-PB1,1072,1,2,2189,0,2192,G
2-PB1,1073,2176,0,4,0,2180,A
2-PB1,1074,0,8,2225,0,2233,G
2-PB1,1075,2180,0,0,0,2180,A
2-PB1,1076,1,0,2189,0,2190,G
2-PB1,1077,0,2159,1,0,2160,T
2-PB1,1078,2162,0,1,0,2163,A
2-PB1,1079,2173,0,4,0,2177,A
2-PB1,1080,0,1,2189,0,2190,G
2-PB1,1081,2182,0,4,0,2186,A
2-PB1,1082,0,2,2195,0,2197,G
2-PB1,1083,2150,0,2,0,2152,A
2-PB1,1084,2162,0,1,0,2163,A
2-PB1,1085,0,2147,0,0,2147,T
2-PB1,1086,1,2,2150,0,2153,G
2-PB1,1087,2151,0,1,0,2152,A
2-PB1,1088,2120,0,9,0,2129,A
2-PB1,1089,2,2,2126,0,2130,G
2-PB1,1090,1,0,0,2122,2123,C
2-PB1,1091,0,2084,0,2,2086,T
2-PB1,1092,2,0,0,2101,2103,C
2-PB1,1093,3,2,0,2100,2105,C
2-PB1,1094,1,1,2113,0,2115,G
2-PB1,1095,0,2,2117,0,2119,G
2-PB1,1096,2121,0,2,0,2123,A
2-PB1,1097,1,1,0,2155,2157,C
2-PB1,1098,2164,0,5,0,2169,A
2-PB1,1099,1,1,0,2183,2185,C
2-PB1,1100,2186,0,1,0,2187,A
2-PB1,1101,2192,0,1,0,2193,A
2-PB1,1102,2185,1,3,0,2189,A
2-PB1,1103,0,2186,0,0,2186,T
2-PB1,1104,2179,0,0,0,2179,A
2-PB1,1105,1,0,0,2184,2185,C
2-PB1,1106,0,0,0,2175,2175,C
2-PB1,1107,1,2154,0,1,2156,T
2-PB1,1108,1,1,2172,0,2174,G
2-PB1,1109,0,0,1,2172,2173,C
2-PB1,1110,2176,0,0,0,2176,A
2-PB1,1111,3,2,2173,0,2178,G
2-PB1,1112,2166,0,0,0,2166,A
2-PB1,1113,2163,0,4,0,2167,A
2-PB1,1114,2168,0,0,0,2168,A
2-PB1,1115,0,2164,0,1,2165,T
2-PB1,1116,1,1,2169,0,2171,G
2-PB1,1117,1,0,0,2163,2164,C
2-PB1,1118,0,2167,0,0,2167,T
2-PB1,1119,2191,0,1,0,2192,A
2-PB1,1120,0,0,2190,0,2190,G
2-PB1,1121,0,0,0,2187,2187,C
2-PB1,1122,2194,0,0,0,2194,A
2-PB1,1123,2187,0,5,0,2192,A
2-PB1,1124,0,1,2179,0,2180,G
2-PB1,1125,0,1,0,2173,2174,C
2-PB1,1126,2153,0,1,0,2154,A
2-PB1,1127,0,2183,0,0,2183,T
2-PB1,1128,0,2192,0,2,2194,T
2-PB1,1129,1,5,2245,0,2251,G
2-PB1,1130,2254,0,0,0,2254,A
2-PB1,1131,3,1,0,2233,2237,C
2-PB1,1132,2,0,0,2248,2250,C
2-PB1,1133,1,2217,0,5,2223,T
2-PB1,1134,1,1,2252,0,2254,G
2-PB1,1135,2258,0,1,0,2259,A
2-PB1,1136,2245,0,6,0,2251,A
2-PB1,1137,0,0,2288,0,2288,G
2-PB1,1138,0,2206,0,2,2208,T
2-PB1,1139,2229,0,1,0,2230,A
2-PB1,1140,0,2212,1,0,2213,T
2-PB1,1141,0,2216,0,2,2218,T
2-PB1,1142,0,2208,0,4,2212,T
2-PB1,1143,1,1,0,2198,2200,C
2-PB1,1144,2201,0,1,0,2202,A
2-PB1,1145,2198,0,0,0,2198,A
2-PB1,1146,0,2169,0,0,2169,T
2-PB1,1147,1,2,2183,0,2186,G
2-PB1,1148,2173,0,1,0,2174,A
2-PB1,1149,2181,0,1,0,2182,A
2-PB1,1150,1,2170,0,2,2173,T
2-PB1,1151,4,0,0,2186,2190,C
2-PB1,1152,2190,0,1,0,2191,A
2-PB1,1153,2190,0,2,0,2192,A
2-PB1,1154,0,0,0,2190,2190,C
2-PB1,1155,2188,0,1,1,2190,A
2-PB1,1156,2179,0,2,0,2181,A
2-PB1,1157,0,0,2181,0,2181,G
2-PB1,1158,1,0,2196,0,2197,G
2-PB1,1159,2183,0,2,0,2185,A
2-PB1,1160,2182,0,2,0,2184,A
2-PB1,1161,2,2,2187,0,2191,G
2-PB1,1162,2188,0,0,0,2188,A
2-PB1,1163,2185,0,2,0,2187,A
2-PB1,1164,2196,1,1,0,2198,A
2-PB1,1165,2193,0,0,0,2193,A
2-PB1,1166,0,2184,0,1,2185,T
2-PB1,1167,1,2170,0,0,2171,T
2-PB1,1168,2,6,2163,0,2171,G
2-PB1,1169,2165,0,3,0,2168,A
2-PB1,1170,5,0,2165,0,2170,G
2-PB1,1171,2163,0,2,0,2165,A
2-PB1,1172,2182,0,0,0,2182,A
2-PB1,1173,2213,0,2,0,2215,A
2-PB1,1174,2203,0,1,0,2204,A
2-PB1,1175,0,2196,0,0,2196,T
2-PB1,1176,2212,0,0,0,2212,A
2-PB1,1177,2203,0,7,0,2210,A
2-PB1,1178,2,2,2206,0,2210,G
2-PB1,1179,0,1,2200,0,2201,G
2-PB1,1180,0,1,0,2178,2179,C
2-PB1,1181,2,0,0,2190,2192,C
2-PB1,1182,0,2168,0,4,2172,T
2-PB1,1183,4,0,0,2403,2407,C
2-PB1,1184,0,2424,0,4,2428,T
2-PB1,1185,0,2431,0,1,2432,T
2-PB1,1186,4,2,0,2457,2463,C
2-PB1,1187,0,2456,0,3,2459,T
2-PB1,1188,2465,0,0,0,2465,A
2-PB1,1189,2467,0,4,0,2471,A
2-PB1,1190,0,2468,0,0,2468,T
2-PB1,1191,2479,0,1,0,2480,A
2-PB1,1192,0,1,2440,0,2441,G
2-PB1,1193,2253,0,5,0,2258,A
2-PB1,1194,0,2249,0,1,2250,T
2-PB1,1195,1,8,2204,0,2213,G
2-PB1,1196,1,0,2238,0,2239,G
2-PB1,1197,3,0,0,2232,2235,C
2-PB1,1198,2244,0,2,0,2246,A
2-PB1,1199,1,1,0,2252,2254,C
2-PB1,1200,2223,0,2,1,2226,A
2-PB1,1201,1,0,2300,0,2301,G
2-PB1,1202,1,1,0,2298,2300,C
2-PB1,1203,2300,0,0,0,2300,A
2-PB1,1204,0,2333,0,1,2334,T
2-PB1,1205,4,0,0,2317,2321,C
2-PB1,1206,2344,0,3,0,2347,A
2-PB1,1207,0,2343,0,3,2346,T
2-PB1,1208,1,2335,0,0,2336,T
2-PB1,1209,0,2,2337,0,2339,G
2-PB1,1210,2273,0,5,0,2278,A
2-PB1,1211,0,0,2321,0,2321,G
2-PB1,1212,0,0,0,2302,2302,C
2-PB1,1213,0,1,0,2284,2285,C
2-PB1,1214,3,1,1,2325,2330,C
2-PB1,1215,1,2309,0,3,2313,T
2-PB1,1216,1,2,2545,0,2548,G
2-PB1,1217,1,3,2589,0,2593,G
2-PB1,1218,2579,0,4,0,2583,A
2-PB1,1219,2674,0,2,0,2676,A
2-PB1,1220,0,2593,1,1,2595,T
2-PB1,1221,3,5,2680,0,2688,G
2-PB1,1222,2720,0,4,1,2725,A
2-PB1,1223,0,2764,0,0,2764,T
2-PB1,1224,2,3,2768,0,2773,G
2-PB1,1225,2751,1,3,0,2755,A
2-PB1,1226,0,2713,0,1,2714,T
2-PB1,1227,1,2,2736,0,2739,G
2-PB1,1228,0,2,2762,0,2764,G
2-PB1,1229,1,1,2770,0,2772,G
2-PB1,1230,1,0,1,2751,2753,C
2-PB1,1231,2784,0,1,0,2785,A
2-PB1,1232,0,2796,0,2,2798,T
2-PB1,1233,0,0,2888,0,2888,G
2-PB1,1234,0,2879,0,5,2884,T
2-PB1,1235,0,2885,1,2,2888,T
2-PB1,1236,5,0,0,2898,2903,C
2-PB1,1237,2888,0,3,0,2891,A
2-PB1,1238,2891,0,2,0,2893,A
2-PB1,1239,0,0,1,2898,2899,C
2-PB1,1240,2911,0,1,0,2912,A
2-PB1,1241,0,2910,0,3,2913,T
2-PB1,1242,0,0,2944,0,2944,G
2-PB1,1243,1,0,0,2931,2932,C
2-PB1,1244,0,2949,0,3,2952,T
2-PB1,1245,2985,1,0,0,2986,A
2-PB1,1246,2979,0,1,0,2980,A
2-PB1,1247,0,1,3033,1,3035,G
2-PB1,1248,0,3025,0,0,3025,T
2-PB1,1249,3021,0,2,0,3023,A
2-PB1,1250,1,2,0,3044,3047,C
2-PB1,1251,1,4,3044,0,3049,G
2-PB1,1252,2,0,3220,0,3222,G
2-PB1,1253,0,3176,0,4,3180,T
2-PB1,1254,0,3189,0,3,3192,T
2-PB1,1255,0,3198,0,2,3200,T
2-PB1,1256,0,3201,0,2,3203,T
2-PB1,1257,3193,1,3,0,3197,A
2-PB1,1258,1,2,3189,0,3192,G
2-PB1,1259,0,7,3163,1,3171,G
2-PB1,1260,3131,0,7,0,3138,A
2-PB1,1261,0,0,3127,0,3127,G
2-PB1,1262,0,3168,0,1,3169,T
2-PB1,1263,3,0,0,3173,3176,C
2-PB1,1264,0,3176,0,5,3181,T
2-PB1,1265,8,0,0,3190,3198,C
2-PB1,1266,4,2,3191,0,3197,G
2-PB1,1267,3278,0,3,0,3281,A
2-PB1,1268,0,3300,0,0,3300,T
2-PB1,1269,3299,0,0,4,3303,A
2-PB1,1270,0,1,0,3307,3308,C
2-PB1,1271,1,3266,0,4,3271,T
2-PB1,1272,1,2,3276,0,3279,G
2-PB1,1273,3254,0,4,0,3258,A
2-PB1,1274,3289,0,3,0,3292,A
2-PB1,1275,0,3291,0,1,3292,T
2-PB1,1276,3,0,0,3246,3249,C
2-PB1,1277,0,3234,0,3,3237,T
2-PB1,1278,1,3228,0,1,3230,T
2-PB1,1279,0,2,3231,1,3234,G
2-PB1,1280,1,5,3229,0,3235,G
2-PB1,1281,3226,0,4,0,3230,A
2-PB1,1282,0,1,0,3247,3248,C
2-PB1,1283,3201,0,1,0,3202,A
2-PB1,1284,3227,0,2,0,3229,A
2-PB1,1285,3233,0,0,1,3234,A
2-PB1,1286,3232,0,8,0,3240,A
2-PB1,1287,0,2,3317,0,3319,G
2-PB1,1288,3322,0,3,0,3325,A
2-PB1,1289,3313,0,4,5,3322,A
2-PB1,1290,3332,0,5,1,3338,A
2-PB1,1291,0,3322,0,1,3323,T
2-PB1,1292,3336,0,3,0,3339,A
2-PB1,1293,1,0,0,3443,3444,C
2-PB1,1294,3396,0,3,0,3399,A
2-PB1,1295,1,1,0,3430,3432,C
2-PB1,1296,2,3,1,3405,3411,C
2-PB1,1297,3403,3,0,0,3406,A
2-PB1,1298,3439,0,2,0,3441,A
2-PB1,1299,1,2,3544,0,3547,G
2-PB1,1300,3576,1,1,0,3578,A
2-PB1,1301,0,1,0,3616,3617,C
2-PB1,1302,3565,0,2,0,3567,A
2-PB1,1303,3647,1,5,0,3653,A
2-PB1,1304,2,0,0,3663,3665,C
2-PB1,1305,3709,0,5,0,3714,A
2-PB1,1306,0,3736,0,1,3737,T
2-PB1,1307,3711,0,1,0,3712,A
2-PB1,1308,1,0,0,3773,3774,C
2-PB1,1309,0,3683,0,2,3685,T
2-PB1,1310,1,6,3744,0,3751,G
2-PB1,1311,1,0,3731,0,3732,G
2-PB1,1312,0,3656,0,7,3663,T
2-PB1,1313,0,6,3678,0,3684,G
2-PB1,1314,0,2,3659,1,3662,G
2-PB1,1315,0,6,3664,0,3670,G
2-PB1,1316,3655,0,2,0,3657,A
2-PB1,1317,0,3613,0,3,3616,T
2-PB1,1318,1,4,3619,0,3624,G
2-PB1,1319,1,2,3615,0,3618,G
2-PB1,1320,7,0,3628,0,3635,G
2-PB1,1321,0,4,0,3674,3678,C
2-PB1,1322,1,3659,0,6,3666,T
2-PB1,1323,4,0,0,3690,3694,C
2-PB1,1324,3,2,0,3697,3702,C
2-PB1,1325,3693,0,2,1,3696,A
2-PB1,1326,3693,0,2,0,3695,A
2-PB1,1327,0,3681,0,2,3683,T
2-PB1,1328,4,0,4,3665,3673,C
2-PB1,1329,5,3,0,3652,3660,C
2-PB1,1330,1,3618,0,2,3621,T
2-PB1,1331,4,0,0,3621,3625,C
2-PB1,1332,5,1,0,3613,3619,C
2-PB1,1333,1,7,3616,0,3624,G
2-PB1,1334,3602,1,3,0,3606,A
2-PB1,1335,0,8,0,3617,3625,C
2-PB1,1336,1,6,3623,0,3630,G
2-PB1,1337,3651,0,0,0,3651,A
2-PB1,1338,0,3664,0,2,3666,T
2-PB1,1339,0,3659,0,0,3659,T
2-PB1,1340,0,3665,0,2,3667,T
2-PB1,1341,1,3668,0,1,3670,T
2-PB1,1342,4,2,3670,1,3677,G
2-PB1,1343,0,4,0,3670,3674,C
2-PB1,1344,2,2,0,3671,3675,C
2-PB1,1345,3,1,0,3786,3790,C
2-PB1,1346,0,3738,0,8,3746,T
2-PB1,1347,3,0,0,3895,3898,C
2-PB1,1348,3915,0,0,0,3915,A
2-PB1,1349,0,3924,0,7,3931,T
2-PB1,1350,3941,0,1,0,3942,A
2-PB1,1351,1,1,3974,0,3976,G
2-PB1,1352,0,3915,0,1,3916,T
2-PB1,1353,1,8,3941,0,3950,G
2-PB1,1354,3820,1,7,1,3829,A
2-PB1,1355,3818,0,4,1,3823,A
2-PB1,1356,0,3708,0,1,3709,T
2-PB1,1357,1,0,3703,0,3704,G
2-PB1,1358,1,0,0,3733,3734,C
2-PB1,1359,3725,0,4,0,3729,A
2-PB1,1360,2,1,0,3749,3752,C
2-PB1,1361,5,4,1,3716,3726,C
2-PB1,1362,3706,0,1,0,3707,A
2-PB1,1363,3696,0,0,0,3696,A
2-PB1,1364,3695,0,0,0,3695,A
2-PB1,1365,1,3622,0,5,3628,T
2-PB1,1366,9,0,0,3744,3753,C
2-PB1,1367,3739,0,1,0,3740,A
2-PB1,1368,0,3745,0,1,3746,T
2-PB1,1369,2,3,3745,0,3750,G
2-PB1,1370,3752,0,5,0,3757,A
2-PB1,1371,3,1,3772,0,3776,G
2-PB1,1372,0,1,3772,0,3773,G
2-PB1,1373,0,6,3791,1,3798,G
2-PB1,1374,3777,1,0,1,3779,A
2-PB1,1375,3843,0,2,0,3845,A
2-PB1,1376,0,3843,0,0,3843,T
2-PB1,1377,3858,0,1,1,3860,A
2-PB1,1378,0,0,0,3867,3867,C
2-PB1,1379,3878,0,2,1,3881,A
2-PB1,1380,3871,0,10,0,3881,A
2-PB1,1381,1,0,3873,0,3874,G
2-PB1,1382,2,0,0,3852,3854,C
2-PB1,1383,3812,0,1,0,3813,A
2-PB1,1384,1,0,3870,0,3871,G
2-PB1,1385,1,10,3867,1,3879,G
2-PB1,1386,3844,0,5,1,3850,A
2-PB1,1387,1,5,3884,0,3890,G
2-PB1,1388,0,3811,0,2,3813,T
2-PB1,1389,1,6,3866,0,3873,G
2-PB1,1390,0,0,3880,0,3880,G
2-PB1,1391,3865,2,6,0,3873,A
2-PB1,1392,0,3872,0,1,3873,T
2-PB1,1393,3859,1,3,0,3863,A
2-PB1,1394,0,1,3891,0,3892,G
2-PB1,1395,3938,0,1,0,3939,A
2-PB1,1396,1,3933,0,2,3936,T
2-PB1,1397,0,3923,0,1,3924,T
2-PB1,1398,6,0,0,4028,4034,C
2-PB1,1399,0,3994,0,4,3998,T
2-PB1,1400,3999,1,1,1,4002,A
2-PB1,1401,0,1,0,4003,4004,C
2-PB1,1402,3947,0,3,0,3950,A
2-PB1,1403,0,2,3945,0,3947,G
2-PB1,1404,0,6,3891,0,3897,G
2-PB1,1405,3935,0,2,0,3937,A
2-PB1,1406,0,0,0,3932,3932,C
2-PB1,1407,2,2,0,3881,3885,C
2-PB1,1408,2,3838,1,13,3854,T
2-PB1,1409,2,2,3873,0,3877,G
2-PB1,1410,1,0,0,3877,3878,C
2-PB1,1411,3885,0,2,1,3888,A
2-PB1,1412,3920,1,5,1,3927,A
2-PB1,1413,1,3,3929,0,3933,G
2-PB1,1414,0,3875,0,0,3875,T
2-PB1,1415,0,3892,0,2,3894,T
2-PB1,1416,3861,0,2,0,3863,A
2-PB1,1417,0,1,3881,0,3882,G
2-PB1,1418,1,3842,0,0,3843,T
2-PB1,1419,1,1,3853,1,3856,G
2-PB1,1420,0,1,3860,0,3861,G
2-PB1,1421,2,9,3882,0,3893,G
2-PB1,1422,3866,1,4,0,3871,A
2-PB1,1423,3897,0,2,0,3899,A
2-PB1,1424,0,3888,0,4,3892,T
2-PB1,1425,5,0,0,3905,3910,C
2-PB1,1426,3913,0,5,0,3918,A
2-PB1,1427,3918,0,3,0,3921,A
2-PB1,1428,0,0,0,3905,3905,C
2-PB1,1429,3914,0,1,0,3915,A
2-PB1,1430,0,3858,0,1,3859,T
2-PB1,1431,0,12,3842,0,3854,G
2-PB1,1432,3847,1,2,0,3850,A
2-PB1,1433,1,1,3865,0,3867,G
2-PB1,1434,1,0,0,3869,3870,C
2-PB1,1435,3863,0,0,0,3863,A
2-PB1,1436,3860,0,3,0,3863,A
2-PB1,1437,3864,0,1,0,3865,A
2-PB1,1438,3910,0,3,0,3913,A
2-PB1,1439,3904,0,5,1,3910,A
2-PB1,1440,0,0,3903,0,3903,G
2-PB1,1441,3869,0,6,0,3875,A
2-PB1,1442,3844,0,6,0,3850,A
2-PB1,1443,1,0,3996,0,3997,G
2-PB1,1444,0,3970,0,8,3978,T
2-PB1,1445,7,0,1,3988,3996,C
2-PB1,1446,7,1,0,4022,4030,C
2-PB1,1447,1,4004,1,6,4012,T
2-PB1,1448,4071,0,6,0,4077,A
2-PB1,1449,1,4054,0,3,4058,T
2-PB1,1450,4066,0,0,0,4066,A
2-PB1,1451,1,4063,0,0,4064,T
2-PB1,1452,4014,0,1,0,4015,A
2-PB1,1453,4024,0,0,1,4025,A
2-PB1,1454,4008,0,1,0,4009,A
2-PB1,1455,0,4003,0,0,4003,T
2-PB1,1456,3974,0,0,0,3974,A
2-PB1,1457,3979,0,0,0,3979,A
2-PB1,1458,3989,0,1,0,3990,A
2-PB1,1459,3975,0,4,0,3979,A
2-PB1,1460,0,2,0,3995,3997,C
2-PB1,1461,3825,2,3,0,3830,A
2-PB1,1462,0,4,3824,0,3828,G
2-PB1,1463,1,4,3824,1,3830,G
2-PB1,1464,0,7,3828,0,3835,G
2-PB1,1465,3809,0,5,0,3814,A
2-PB1,1466,2,1,1,3852,3856,C
2-PB1,1467,3829,0,3,0,3832,A
2-PB1,1468,0,3849,0,0,3849,T
2-PB1,1469,0,3851,0,1,3852,T
2-PB1,1470,0,3856,0,3,3859,T
2-PB1,1471,1,9,3852,0,3862,G
2-PB1,1472,3821,0,2,0,3823,A
2-PB1,1473,3826,1,0,0,3827,A
2-PB1,1474,0,3823,0,2,3825,T
2-PB1,1475,2,3777,0,1,3780,T
2-PB1,1476,4,0,0,3785,3789,C
2-PB1,1477,3766,0,2,0,3768,A
2-PB1,1478,1,0,0,3774,3775,C
2-PB1,1479,0,3777,0,2,3779,T
2-PB1,1480,3784,0,1,0,3785,A
2-PB1,1481,0,1,3767,0,3768,G
2-PB1,1482,0,1,0,3761,3762,C
2-PB1,1483,0,3720,0,4,3724,T
2-PB1,1484,1,3774,0,1,3776,T
2-PB1,1485,0,3763,1,1,3765,T
2-PB1,1486,0,3774,0,2,3776,T
2-PB1,1487,0,3771,0,1,3772,T
2-PB1,1488,0,3765,0,3,3768,T
2-PB1,1489,0,3759,0,1,3760,T
2-PB1,1490,3746,2,1,1,3750,A
2-PB1,1491,0,3727,0,5,3732,T
2-PB1,1492,1,4,0,3749,3754,C
2-PB1,1493,0,3,3771,0,3774,G
2-PB1,1494,3887,0,0,0,3887,A
2-PB1,1495,1,3887,0,2,3890,T
2-PB1,1496,3897,0,0,0,3897,A
2-PB1,1497,1,3916,0,2,3919,T
2-PB1,1498,2,4,3892,0,3898,G
2-PB1,1499,0,6,3920,0,3926,G
2-PB1,1500,3933,0,3,0,3936,A
2-PB1,1501,0,3888,0,2,3890,T
2-PB1,1502,1,3863,0,0,3864,T
2-PB1,1503,0,3787,0,3,3790,T
2-PB1,1504,0,1,3796,0,3797,G
2-PB1,1505,0,3752,0,5,3757,T
2-PB1,1506,2,3,3774,0,3779,G
2-PB1,1507,4,1,3752,0,3757,G
2-PB1,1508,4,0,0,3690,3694,C
2-PB1,1509,0,3748,0,1,3749,T
2-PB1,1510,3757,0,2,0,3759,A
2-PB1,1511,3790,0,0,0,3790,A
2-PB1,1512,1,3795,0,0,3796,T
2-PB1,1513,0,3811,0,0,3811,T
2-PB1,1514,0,3800,0,1,3801,T
2-PB1,1515,0,3809,0,0,3809,T
2-PB1,1516,3817,0,3,0,3820,A
2-PB1,1517,3,0,3833,0,3836,G
2-PB1,1518,2,1,0,3847,3850,C
2-PB1,1519,3829,0,3,0,3832,A
2-PB1,1520,0,3811,0,2,3813,T
2-PB1,1521,3,2,3761,0,3766,G
2-PB1,1522,1,2,3816,0,3819,G
2-PB1,1523,3789,0,2,0,3791,A
2-PB1,1524,0,1,3799,0,3800,G
2-PB1,1525,1,0,0,3785,3786,C
2-PB1,1526,0,3765,0,2,3767,T
2-PB1,1527,0,0,3784,0,3784,G
2-PB1,1528,0,1,0,3754,3755,C
2-PB1,1529,3,5,0,3740,3748,C
2-PB1,1530,4,3,0,3794,3801,C
2-PB1,1531,3706,0,1,0,3707,A
2-PB1,1532,0,1,3901,0,3902,G
2-PB1,1533,0,3897,0,0,3897,T
2-PB1,1534,0,3897,1,1,3899,T
2-PB1,1535,0,3883,0,0,3883,T
2-PB1,1536,0,3840,0,1,3841,T
2-PB1,1537,3,3,3826,0,3832,G
2-PB1,1538,0,6,3814,0,3820,G
2-PB1,1539,3818,0,1,0,3819,A
2-PB1,1540,0,0,3835,0,3835,G
2-PB1,1541,1,3563,0,3,3567,T
2-PB1,1542,7,0,3712,0,3719,G
2-PB1,1543,0,3686,0,2,3688,T
2-PB1,1544,5,1,0,3702,3708,C
2-PB1,1545,0,3707,1,7,3715,T
2-PB1,1546,0,4,3723,0,3727,G
2-PB1,1547,2,9,3766,1,3778,G
2-PB1,1548,3781,0,2,0,3783,A
2-PB1,1549,3778,0,9,0,3787,A
2-PB1,1550,0,3771,0,0,3771,T
2-PB1,1551,3560,0,3,0,3563,A
2-PB1,1552,3556,1,2,0,3559,A
2-PB1,1553,3554,0,3,0,3557,A
2-PB1,1554,0,1,0,3568,3569,C
2-PB1,1555,1,13,3511,0,3525,G
2-PB1,1556,3504,0,3,0,3507,A
2-PB1,1557,0,1,3493,0,3494,G
2-PB1,1558,0,3466,0,3,3469,T
2-PB1,1559,7,0,0,3483,3490,C
2-PB1,1560,3498,0,5,0,3503,A
2-PB1,1561,2,1,3549,0,3552,G
2-PB1,1562,1,2,0,3551,3554,C
2-PB1,1563,0,3566,1,1,3568,T
2-PB1,1564,1,3,3687,0,3691,G
2-PB1,1565,3648,0,8,0,3656,A
2-PB1,1566,0,3667,0,1,3668,T
2-PB1,1567,3672,0,2,0,3674,A
2-PB1,1568,0,3632,0,1,3633,T
2-PB1,1569,0,8,3649,0,3657,G
2-PB1,1570,3522,1,5,0,3528,A
2-PB1,1571,0,3,3578,0,3581,G
2-PB1,1572,1,1,2,3588,3592,C
2-PB1,1573,3442,0,0,0,3442,A
2-PB1,1574,1,3450,0,1,3452,T
2-PB1,1575,1,3453,0,2,3456,T
2-PB1,1576,1,1,3497,0,3499,G
2-PB1,1577,0,3,3629,0,3632,G
2-PB1,1578,3570,0,10,0,3580,A
2-PB1,1579,3,0,3585,0,3588,G
2-PB1,1580,0,3490,1,1,3492,T
2-PB1,1581,3493,0,2,1,3496,A
2-PB1,1582,3494,0,2,0,3496,A
2-PB1,1583,0,0,0,3531,3531,C
2-PB1,1584,3512,1,0,0,3513,A
2-PB1,1585,2,1,3575,0,3578,G
2-PB1,1586,0,3281,0,3,3284,T
2-PB1,1587,0,1,3314,0,3315,G
2-PB1,1588,3362,0,5,0,3367,A
2-PB1,1589,0,3375,0,1,3376,T
2-PB1,1590,3365,0,4,0,3369,A
2-PB1,1591,3369,0,0,0,3369,A
2-PB1,1592,3295,0,6,0,3301,A
2-PB1,1593,3,4,3329,0,3336,G
2-PB1,1594,3216,0,2,0,3218,A
2-PB1,1595,3201,1,4,0,3206,A
2-PB1,1596,1,5,1,3217,3224,C
2-PB1,1597,3129,0,5,0,3134,A
2-PB1,1598,3155,0,4,0,3159,A
2-PB1,1599,1,1,0,3185,3187,C
2-PB1,1600,3223,0,4,0,3227,A
2-PB1,1601,1,3231,3,2,3237,T
2-PB1,1602,1,5,3216,0,3222,G
2-PB1,1603,3217,0,2,0,3219,A
2-PB1,1604,0,3216,0,1,3217,T
2-PB1,1605,3198,0,1,0,3199,A
2-PB1,1606,3209,0,5,0,3214,A
2-PB1,1607,3221,1,3,0,3225,A
2-PB1,1608,2,1,0,3241,3244,C
2-PB1,1609,3172,1,1,0,3174,A
2-PB1,1610,3152,0,3,0,3155,A
2-PB1,1611,2,3102,2,0,3106,T
2-PB1,1612,1,12,3097,0,3110,G
2-PB1,1613,3164,0,2,0,3166,A
2-PB1,1614,1,0,1,3210,3212,C
2-PB1,1615,3,0,0,3171,3174,C
2-PB1,1616,0,3107,1,5,3113,T
2-PB1,1617,0,3070,1,1,3072,T
2-PB1,1618,1,4,3071,0,3076,G
2-PB1,1619,0,8,3095,0,3103,G
2-PB1,1620,3112,0,5,0,3117,A
2-PB1,1621,1,1,0,3120,3122,C
2-PB1,1622,6,0,0,3085,3091,C
2-PB1,1623,3074,0,2,0,3076,A
2-PB1,1624,0,0,3096,0,3096,G
2-PB1,1625,1,1,0,3106,3108,C
2-PB1,1626,3110,0,2,0,3112,A
2-PB1,1627,3098,0,2,0,3100,A
2-PB1,1628,1,2,0,3089,3092,C
2-PB1,1629,3076,0,1,0,3077,A
2-PB1,1630,1,1,3139,0,3141,G
2-PB1,1631,1,3,0,3131,3135,C
2-PB1,1632,3,1,0,3142,3146,C
2-PB1,1633,4,2,0,3142,3148,C
2-PB1,1634,3170,0,0,0,3170,A
2-PB1,1635,3156,0,3,1,3160,A
2-PB1,1636,3158,0,1,1,3160,A
2-PB1,1637,0,3149,0,2,3151,T
2-PB1,1638,2,1,3143,0,3146,G
2-PB1,1639,0,1,3099,0,3100,G
2-PB1,1640,1,0,0,3113,3114,C
2-PB1,1641,0,3072,0,2,3074,T
2-PB1,1642,4,1,0,3138,3143,C
2-PB1,1643,0,3149,1,0,3150,T
2-PB1,1644,5,1,0,3173,3179,C
2-PB1,1645,3,2,0,3187,3192,C
2-PB1,1646,3204,1,0,1,3206,A
2-PB1,1647,3202,0,2,0,3204,A
2-PB1,1648,0,3188,0,0,3188,T
2-PB1,1649,0,3180,0,2,3182,T
2-PB1,1650,0,1,3207,0,3208,G
2-PB1,1651,0,3144,0,7,3151,T
2-PB1,1652,0,3154,2,2,3158,T
2-PB1,1653,9,7,0,3149,3165,C
2-PB1,1654,3152,0,0,0,3152,A
2-PB1,1655,0,3156,0,4,3160,T
2-PB1,1656,4,2,0,3162,3168,C
2-PB1,1657,3177,0,1,0,3178,A
2-PB1,1658,3166,0,1,0,3167,A
2-PB1,1659,3172,0,0,0,3172,A
2-PB1,1660,1,1,3237,0,3239,G
2-PB1,1661,3224,0,2,0,3226,A
2-PB1,1662,0,3239,0,4,3243,T
2-PB1,1663,0,3242,0,0,3242,T
2-PB1,1664,3243,0,2,0,3245,A
2-PB1,1665,0,0,0,3318,3318,C
2-PB1,1666,3312,0,5,1,3318,A
2-PB1,1667,0,6,3353,1,3360,G
2-PB1,1668,3346,0,6,1,3353,A
2-PB1,1669,0,3402,0,0,3402,T
2-PB1,1670,3410,1,3,0,3414,A
2-PB1,1671,0,0,0,3594,3594,C
2-PB1,1672,3642,1,6,0,3649,A
2-PB1,1673,0,1,0,3858,3859,C
2-PB1,1674,3798,1,6,0,3805,A
2-PB1,1675,2,3829,0,2,3833,T
2-PB1,1676,3796,2,2,0,3800,A
2-PB1,1677,1,3774,0,4,3779,T
2-PB1,1678,3719,0,2,0,3721,A
2-PB1,1679,4,5,3680,0,3689,G
2-PB1,1680,0,1,3645,0,3646,G
2-PB1,1681,0,3469,0,3,3472,T
2-PB1,1682,1,1,3454,0,3456,G
2-PB1,1683,0,3,0,3525,3528,C
2-PB1,1684,4,0,0,3548,3552,C
2-PB1,1685,3613,0,0,0,3613,A
2-PB1,1686,0,3619,0,1,3620,T
2-PB1,1687,3615,1,4,0,3620,A
2-PB1,1688,0,3,3629,0,3632,G
2-PB1,1689,3564,0,8,1,3573,A
2-PB1,1690,1,1,3589,0,3591,G
2-PB1,1691,2,5,3563,0,3570,G
2-PB1,1692,3458,1,3,0,3462,A
2-PB1,1693,0,5,3488,0,3493,G
2-PB1,1694,3444,3,7,0,3454,A
2-PB1,1695,1,1,0,3472,3474,C
2-PB1,1696,3457,0,3,0,3460,A
2-PB1,1697,0,2,0,3526,3528,C
2-PB1,1698,3497,0,5,0,3502,A
2-PB1,1699,4,1,0,3526,3531,C
2-PB1,1700,3514,0,3,1,3518,A
2-PB1,1701,3520,0,2,1,3523,A
2-PB1,1702,3548,0,0,1,3549,A
2-PB1,1703,0,3533,0,1,3534,T
2-PB1,1704,5,0,0,3542,3547,C
2-PB1,1705,5,1,1,3540,3547,C
2-PB1,1706,3520,0,1,0,3521,A
2-PB1,1707,2,4,3514,0,3520,G
2-PB1,1708,3509,1,7,0,3517,A
2-PB1,1709,0,0,0,3540,3540,C
2-PB1,1710,3,7,3527,0,3537,G
2-PB1,1711,3478,0,3,1,3482,A
2-PB1,1712,0,2,3498,0,3500,G
2-PB1,1713,3489,0,4,0,3493,A
2-PB1,1714,3507,0,4,0,3511,A
2-PB1,1715,1,3,3513,0,3517,G
2-PB1,1716,3506,0,3,1,3510,A
2-PB1,1717,0,3498,0,4,3502,T
2-PB1,1718,4,1,1,3494,3500,C
2-PB1,1719,3510,0,1,0,3511,A
2-PB1,1720,1,3492,0,1,3494,T
2-PB1,1721,0,3494,0,2,3496,T
2-PB1,1722,5,2,0,3505,3512,C
2-PB1,1723,3,3,3502,0,3508,G
2-PB1,1724,3481,0,4,0,3485,A
2-PB1,1725,1,2,3485,0,3488,G
2-PB1,1726,3470,0,1,0,3471,A
2-PB1,1727,0,3566,0,0,3566,T
2-PB1,1728,3581,0,2,0,3583,A
2-PB1,1729,3582,0,3,0,3585,A
2-PB1,1730,3583,0,4,0,3587,A
2-PB1,1731,2,6,3577,0,3585,G
2-PB1,1732,3577,0,1,0,3578,A
2-PB1,1733,3494,0,3,0,3497,A
2-PB1,1734,1,1,3510,0,3512,G
2-PB1,1735,2,2,0,3504,3508,C
2-PB1,1736,0,3486,0,1,3487,T
2-PB1,1737,1,0,3515,0,3516,G
2-PB1,1738,0,3489,0,2,3491,T
2-PB1,1739,1,3,3490,0,3494,G
2-PB1,1740,0,2,3487,0,3489,G
2-PB1,1741,0,2,3512,1,3515,G
2-PB1,1742,3524,0,4,0,3528,A
2-PB1,1743,0,3505,0,2,3507,T
2-PB1,1744,9,0,1,3480,3490,C
2-PB1,1745,3488,0,3,0,3491,A
2-PB1,1746,3505,0,3,0,3508,A
2-PB1,1747,3516,0,4,0,3520,A
2-PB1,1748,0,1,0,3506,3507,C
2-PB1,1749,1,0,0,3488,3489,C
2-PB1,1750,2,0,0,3488,3490,C
2-PB1,1751,3501,0,2,0,3503,A
2-PB1,1752,3566,0,2,0,3568,A
2-PB1,1753,0,3548,0,0,3548,T
2-PB1,1754,8,1,0,3562,3571,C
2-PB1,1755,3546,0,2,0,3548,A
2-PB1,1756,3520,0,4,0,3524,A
2-PB1,1757,0,4,3538,0,3542,G
2-PB1,1758,1,5,3525,0,3531,G
2-PB1,1759,1,1,3516,0,3518,G
2-PB1,1760,1,1,0,3526,3528,C
2-PB1,1761,3480,0,13,0,3493,A
2-PB1,1762,2,3,3553,0,3558,G
2-PB1,1763,1,3,3570,0,3574,G
2-PB1,1764,3593,0,3,0,3596,A
2-PB1,1765,0,0,0,3640,3640,C
2-PB1,1766,0,3584,0,2,3586,T
2-PB1,1767,3651,0,1,0,3652,A
2-PB1,1768,0,3654,1,4,3659,T
2-PB1,1769,0,3652,0,2,3654,T
2-PB1,1770,0,5,3652,0,3657,G
2-PB1,1771,2,1,3632,0,3635,G
2-PB1,1772,0,3581,0,3,3584,T
2-PB1,1773,3619,0,1,0,3620,A
2-PB1,1774,0,3556,0,6,3562,T
2-PB1,1775,5,2,0,3559,3566,C
2-PB1,1776,3518,0,2,0,3520,A
2-PB1,1777,0,2,3535,0,3537,G
2-PB1,1778,3528,0,1,0,3529,A
2-PB1,1779,0,3512,0,2,3514,T
2-PB1,1780,3,4,3394,1,3402,G
2-PB1,1781,0,1,3389,1,3391,G
2-PB1,1782,0,5,3384,1,3390,G
2-PB1,1783,0,2,3392,1,3395,G
2-PB1,1784,1,4,3405,1,3411,G
2-PB1,1785,3374,0,3,0,3377,A
2-PB1,1786,0,1,0,3381,3382,C
2-PB1,1787,6,1,0,3374,3381,C
2-PB1,1788,3393,0,0,1,3394,A
2-PB1,1789,3613,0,3,0,3616,A
2-PB1,1790,3612,1,1,0,3614,A
2-PB1,1791,0,0,0,3701,3701,C
2-PB1,1792,0,3677,0,5,3682,T
2-PB1,1793,0,3667,0,2,3669,T
2-PB1,1794,3690,0,2,0,3692,A
2-PB1,1795,0,3686,0,0,3686,T
2-PB1,1796,3687,0,3,0,3690,A
2-PB1,1797,0,0,0,3703,3703,C
2-PB1,1798,3445,0,3,1,3449,A
2-PB1,1799,3453,0,1,0,3454,A
2-PB1,1800,0,3380,0,5,3385,T
2-PB1,1801,3426,1,1,0,3428,A
2-PB1,1802,0,3412,0,0,3412,T
2-PB1,1803,2,2,0,3401,3405,C
2-PB1,1804,1,3,0,3399,3403,C
2-PB1,1805,3,2,3392,0,3397,G
2-PB1,1806,0,6,3403,0,3409,G
2-PB1,1807,3407,0,0,0,3407,A
2-PB1,1808,3413,0,0,0,3413,A
2-PB1,1809,0,3396,0,3,3399,T
2-PB1,1810,1,2,0,3431,3434,C
2-PB1,1811,0,3410,0,7,3417,T
2-PB1,1812,0,3417,0,5,3422,T
2-PB1,1813,7,0,0,3431,3438,C
2-PB1,1814,3432,0,2,0,3434,A
2-PB1,1815,0,0,0,3439,3439,C
2-PB1,1816,3430,0,3,0,3433,A
2-PB1,1817,0,3652,0,3,3655,T
2-PB1,1818,3,0,0,3678,3681,C
2-PB1,1819,2,1,0,3660,3663,C
2-PB1,1820,4,2,0,3708,3714,C
2-PB1,1821,1,3700,0,6,3707,T
2-PB1,1822,2,3,3711,0,3716,G
2-PB1,1823,3701,2,1,0,3704,A
2-PB1,1824,3702,1,1,0,3704,A
2-PB1,1825,2,1,3711,0,3714,G
2-PB1,1826,0,3541,0,2,3543,T
2-PB1,1827,2,1,0,3556,3559,C
2-PB1,1828,1,3495,0,4,3500,T
2-PB1,1829,0,2,3553,0,3555,G
2-PB1,1830,0,1,0,3552,3553,C
2-PB1,1831,0,3559,0,3,3562,T
2-PB1,1832,0,3570,0,0,3570,T
2-PB1,1833,3569,0,0,0,3569,A
2-PB1,1834,3566,0,2,0,3568,A
2-PB1,1835,3570,0,1,0,3571,A
2-PB1,1836,3481,0,11,2,3494,A
2-PB1,1837,0,3523,0,0,3523,T
2-PB1,1838,2,4,3506,0,3512,G
2-PB1,1839,0,4,3510,0,3514,G
2-PB1,1840,0,2,3500,0,3502,G
2-PB1,1841,3481,0,8,0,3489,A
2-PB1,1842,1,0,3496,0,3497,G
2-PB1,1843,5,1,0,3478,3484,C
2-PB1,1844,0,3488,0,3,3491,T
2-PB1,1845,0,2,3511,0,3513,G
2-PB1,1846,3479,0,2,1,3482,A
2-PB1,1847,0,3515,0,1,3516,T
2-PB1,1848,0,2,3521,0,3523,G
2-PB1,1849,1,2,3519,0,3522,G
2-PB1,1850,3506,0,2,0,3508,A
2-PB1,1851,0,3503,0,3,3506,T
2-PB1,1852,1,6,3503,0,3510,G
2-PB1,1853,3483,0,3,0,3486,A
2-PB1,1854,0,7,3536,0,3543,G
2-PB1,1855,3557,0,2,0,3559,A
2-PB1,1856,3551,1,0,0,3552,A
2-PB1,1857,1,3543,0,0,3544,T
2-PB1,1858,0,3524,0,2,3526,T
2-PB1,1859,3540,0,1,0,3541,A
2-PB1,1860,1,3526,0,1,3528,T
2-PB1,1861,2,5,0,3534,3541,C
2-PB1,1862,3,4,3529,0,3536,G
2-PB1,1863,0,4,3491,0,3495,G
2-PB1,1864,1,1,3488,0,3490,G
2-PB1,1865,1,0,3494,0,3495,G
2-PB1,1866,3486,1,0,0,3487,A
2-PB1,1867,3481,0,2,0,3483,A
2-PB1,1868,0,3,3503,0,3506,G
2-PB1,1869,3509,0,1,1,3511,A
2-PB1,1870,0,1,0,3543,3544,C
2-PB1,1871,0,3522,1,0,3523,T
2-PB1,1872,0,3601,0,3,3604,T
2-PB1,1873,0,3601,0,1,3602,T
2-PB1,1874,5,0,3617,0,3622,G
2-PB1,1875,0,3619,0,3,3622,T
2-PB1,1876,3614,0,3,0,3617,A
2-PB1,1877,3604,0,3,0,3607,A
2-PB1,1878,0,3537,0,3,3540,T
2-PB1,1879,6,1,0,3550,3557,C
2-PB1,1880,2,0,0,3552,3554,C
2-PB1,1881,2,0,0,3533,3535,C
2-PB1,1882,3,3,0,3556,3562,C
2-PB1,1883,0,3561,0,6,3567,T
2-PB1,1884,0,3,3560,0,3563,G
2-PB1,1885,3547,1,0,0,3548,A
2-PB1,1886,3560,0,0,0,3560,A
2-PB1,1887,1,3556,0,7,3564,T
2-PB1,1888,4,1,0,3538,3543,C
2-PB1,1889,2,1,0,3525,3528,C
2-PB1,1890,1,3,0,3495,3499,C
2-PB1,1891,0,3503,1,5,3509,T
2-PB1,1892,0,3520,1,2,3523,T
2-PB1,1893,0,3524,0,0,3524,T
2-PB1,1894,2,0,3525,1,3528,G
2-PB1,1895,2,3488,1,1,3492,T
2-PB1,1896,4,0,0,3498,3502,C
2-PB1,1897,3480,0,1,0,3481,A
2-PB1,1898,0,2,3498,0,3500,G
2-PB1,1899,0,2,0,3481,3483,C
2-PB1,1900,1,0,0,3509,3510,C
2-PB1,1901,3523,0,0,1,3524,A
2-PB1,1902,0,3526,0,3,3529,T
2-PB1,1903,3530,0,2,0,3532,A
2-PB1,1904,3534,0,2,0,3536,A
2-PB1,1905,3527,0,5,0,3532,A
2-PB1,1906,0,2,3567,0,3569,G
2-PB1,1907,3505,0,1,1,3507,A
2-PB1,1908,3513,0,0,0,3513,A
2-PB1,1909,3518,0,0,0,3518,A
2-PB1,1910,0,3495,0,1,3496,T
2-PB1,1911,0,3492,0,3,3495,T
2-PB1,1912,2,7,3497,0,3506,G
2-PB1,1913,3479,0,2,0,3481,A
2-PB1,1914,1,0,3512,0,3513,G
2-PB1,1915,1,3491,0,2,3494,T
2-PB1,1916,5,2,0,3515,3522,C
2-PB1,1917,0,3512,1,1,3514,T
2-PB1,1918,2,0,3567,0,3569,G
2-PB1,1919,1,3561,0,1,3563,T
2-PB1,1920,3611,0,1,0,3612,A
2-PB1,1921,3600,0,4,0,3604,A
2-PB1,1922,3592,0,5,0,3597,A
2-PB1,1923,1,1,0,3600,3602,C
2-PB1,1924,3514,0,1,0,3515,A
2-PB1,1925,3584,0,0,0,3584,A
2-PB1,1926,0,3562,0,0,3562,T
2-PB1,1927,0,0,3531,0,3531,G
2-PB1,1928,1,2,0,3552,3555,C
2-PB1,1929,0,3517,0,3,3520,T
2-PB1,1930,3,0,3602,0,3605,G
2-PB1,1931,0,3589,0,1,3590,T
2-PB1,1932,3654,0,5,0,3659,A
2-PB1,1933,0,0,3664,0,3664,G
2-PB1,1934,0,3570,0,0,3570,T
2-PB1,1935,3555,0,0,0,3555,A
2-PB1,1936,3525,0,0,0,3525,A
2-PB1,1937,1,3503,0,0,3504,T
2-PB1,1938,2,1,3490,0,3493,G
2-PB1,1939,1,0,0,3429,3430,C
2-PB1,1940,1,1,0,3414,3416,C
2-PB1,1941,3355,0,1,2,3358,A
2-PB1,1942,0,0,3400,0,3400,G
2-PB1,1943,0,1,0,3422,3423,C
2-PB1,1944,4,1,0,3428,3433,C
2-PB1,1945,3,1,0,3440,3444,C
2-PB1,1946,3434,3,4,0,3441,A
2-PB1,1947,0,3420,0,2,3422,T
2-PB1,1948,2,1,3438,1,3442,G
2-PB1,1949,1,1,3450,0,3452,G
2-PB1,1950,0,3434,0,5,3439,T
2-PB1,1951,6,1,0,3339,3346,C
2-PB1,1952,6,0,0,3300,3306,C
2-PB1,1953,1,3279,1,6,3287,T
2-PB1,1954,1,1,3332,0,3334,G
2-PB1,1955,0,0,0,3307,3307,C
2-PB1,1956,7,0,0,3313,3320,C
2-PB1,1957,3323,1,0,0,3324,A
2-PB1,1958,3276,0,1,2,3279,A
2-PB1,1959,3286,0,2,0,3288,A
2-PB1,1960,3284,0,3,0,3287,A
2-PB1,1961,1,0,3332,0,3333,G
2-PB1,1962,0,3273,0,0,3273,T
2-PB1,1963,3285,1,0,0,3286,A
2-PB1,1964,0,3279,0,2,3281,T
2-PB1,1965,1,0,3295,0,3296,G
2-PB1,1966,0,5,3334,0,3339,G
2-PB1,1967,3330,0,1,0,3331,A
2-PB1,1968,3349,0,4,0,3353,A
2-PB1,1969,0,3334,0,1,3335,T
2-PB1,1970,3306,0,1,0,3307,A
2-PB1,1971,0,3291,0,4,3295,T
2-PB1,1972,0,3,3281,0,3284,G
2-PB1,1973,3283,0,4,1,3288,A
2-PB1,1974,0,3267,0,4,3271,T
2-PB1,1975,0,0,3161,0,3161,G
2-PB1,1976,0,0,0,3161,3161,C
2-PB1,1977,4,1,0,3108,3113,C
2-PB1,1978,1,0,3130,1,3132,G
2-PB1,1979,0,3126,0,1,3127,T
2-PB1,1980,0,3118,0,2,3120,T
2-PB1,1981,1,0,3124,0,3125,G
2-PB1,1982,3,1,0,3167,3171,C
2-PB1,1983,3172,0,2,0,3174,A
2-PB1,1984,3215,0,2,0,3217,A
2-PB1,1985,0,1,0,3213,3214,C
2-PB1,1986,0,3192,0,0,3192,T
2-PB1,1987,3206,0,1,0,3207,A
2-PB1,1988,0,0,0,3216,3216,C
2-PB1,1989,3192,0,4,0,3196,A
2-PB1,1990,0,0,0,3207,3207,C
2-PB1,1991,3063,0,1,1,3065,A
2-PB1,1992,1,1,0,3276,3278,C
2-PB1,1993,0,3169,0,4,3173,T
2-PB1,1994,3,0,0,3220,3223,C
2-PB1,1995,1,0,0,3218,3219,C
2-PB1,1996,1,3184,1,4,3190,T
2-PB1,1997,1,6,3197,0,3204,G
2-PB1,1998,0,4,3196,0,3200,G
2-PB1,1999,3198,0,0,0,3198,A
2-PB1,2000,0,3191,0,2,3193,T
2-PB1,2001,0,2923,0,7,2930,T
2-PB1,2002,3,1,0,2958,2962,C
2-PB1,2003,2,1,0,2957,2960,C
2-PB1,2004,1,1,0,2967,2969,C
2-PB1,2005,2979,0,0,0,2979,A
2-PB1,2006,2970,0,3,1,2974,A
2-PB1,2007,0,2,2988,0,2990,G
2-PB1,2008,2969,0,5,1,2975,A
2-PB1,2009,0,0,2974,0,2974,G
2-PB1,2010,2,8,2956,1,2967,G
2-PB1,2011,2928,0,3,0,2931,A
2-PB1,2012,2916,0,5,0,2921,A
2-PB1,2013,0,2,0,2919,2921,C
2-PB1,2014,1,1,0,2897,2899,C
2-PB1,2015,2,2,2931,0,2935,G
2-PB1,2016,0,0,0,2935,2935,C
2-PB1,2017,0,2930,0,4,2934,T
2-PB1,2018,3,2,0,2939,2944,C
2-PB1,2019,0,2932,0,3,2935,T
2-PB1,2020,3087,0,0,0,3087,A
2-PB1,2021,0,3079,0,5,3084,T
2-PB1,2022,0,3090,0,1,3091,T
2-PB1,2023,4,1,0,3089,3094,C
2-PB1,2024,0,2976,0,4,2980,T
2-PB1,2025,2983,0,5,0,2988,A
2-PB1,2026,2980,0,2,0,2982,A
2-PB1,2027,2968,0,0,1,2969,A
2-PB1,2028,0,2,0,2969,2971,C
2-PB1,2029,2773,0,0,0,2773,A
2-PB1,2030,0,0,0,2777,2777,C
2-PB1,2031,2746,1,2,0,2749,A
2-PB1,2032,2764,1,4,1,2770,A
2-PB1,2033,0,0,2776,0,2776,G
2-PB1,2034,2,0,0,2766,2768,C
2-PB1,2035,5,1,0,2763,2769,C
2-PB1,2036,2742,0,2,0,2744,A
2-PB1,2037,2723,0,1,0,2724,A
2-PB1,2038,2738,0,5,0,2743,A
2-PB1,2039,1,0,2754,0,2755,G
2-PB1,2040,0,4,2754,0,2758,G
2-PB1,2041,0,0,2707,0,2707,G
2-PB1,2042,0,7,2708,0,2715,G
2-PB1,2043,2691,0,3,0,2694,A
2-PB1,2044,2693,0,0,0,2693,A
2-PB1,2045,0,2702,0,0,2702,T
2-PB1,2046,0,2696,0,1,2697,T
2-PB1,2047,2,1,0,2703,2706,C
2-PB1,2048,0,2680,0,2,2682,T
2-PB1,2049,0,2682,0,2,2684,T
2-PB1,2050,1,3,2690,0,2694,G
2-PB1,2051,2682,0,3,0,2685,A
2-PB1,2052,0,0,2681,0,2681,G
2-PB1,2053,0,1,2673,0,2674,G
2-PB1,2054,2670,0,2,0,2672,A
2-PB1,2055,0,2668,0,1,2669,T
2-PB1,2056,0,6,2669,0,2675,G
2-PB1,2057,2668,0,2,0,2670,A
2-PB1,2058,2667,0,9,0,2676,A
2-PB1,2059,0,0,0,2680,2680,C
2-PB1,2060,2647,0,1,0,2648,A
2-PB1,2061,1,1,2672,0,2674,G
2-PB1,2062,2656,0,1,0,2657,A
2-PB1,2063,0,2643,0,3,2646,T
2-PB1,2064,2,0,2656,0,2658,G
2-PB1,2065,0,2667,0,3,2670,T
2-PB1,2066,2681,0,1,0,2682,A
2-PB1,2067,0,3,0,2669,2672,C
2-PB1,2068,2,0,0,2663,2665,C
2-PB1,2069,2646,1,1,0,2648,A
2-PB1,2070,1,0,2615,0,2616,G
2-PB1,2071,2591,0,1,0,2592,A
2-PB1,2072,2584,0,2,0,2586,A
2-PB1,2073,2,0,2587,0,2589,G
2-PB1,2074,0,2436,0,3,2439,T
2-PB1,2075,0,2,2440,0,2442,G
2-PB1,2076,0,0,0,2431,2431,C
2-PB1,2077,0,2447,0,1,2448,T
2-PB1,2078,1,0,2448,0,2449,G
2-PB1,2079,1,0,0,2430,2431,C
2-PB1,2080,2435,0,3,0,2438,A
2-PB1,2081,2436,0,1,0,2437,A
2-PB1,2082,0,1,0,2409,2410,C
2-PB1,2083,0,2400,0,6,2406,T
2-PB1,2084,0,2394,0,1,2395,T
2-PB1,2085,0,0,2387,0,2387,G
2-PB1,2086,0,2381,0,1,2382,T
2-PB1,2087,0,2377,0,2,2379,T
2-PB1,2088,5,2,0,2374,2381,C
2-PB1,2089,4,6,2374,0,2384,G
2-PB1,2090,2381,0,2,1,2384,A
2-PB1,2091,0,3,2373,0,2376,G
2-PB1,2092,2376,0,1,0,2377,A
2-PB1,2093,2378,0,0,0,2378,A
2-PB1,2094,2373,0,1,2,2376,A
2-PB1,2095,1,2364,0,0,2365,T
2-PB1,2096,0,2371,0,2,2373,T
2-PB1,2097,0,2369,0,3,2372,T
2-PB1,2098,0,2374,0,0,2374,T
2-PB1,2099,0,2350,0,2,2352,T
2-PB1,2100,3,1,0,2363,2367,C
2-PB1,2101,0,1,0,2358,2359,C
2-PB1,2102,2,0,0,2376,2378,C
2-PB1,2103,0,2368,0,1,2369,T
2-PB1,2104,2370,0,0,0,2370,A
2-PB1,2105,0,0,2385,0,2385,G
2-PB1,2106,0,2376,0,1,2377,T
2-PB1,2107,2398,0,2,0,2400,A
2-PB1,2108,0,0,2406,0,2406,G
2-PB1,2109,0,2365,0,3,2368,T
2-PB1,2110,0,2413,0,3,2416,T
2-PB1,2111,7,0,0,2424,2431,C
2-PB1,2112,2450,0,4,0,2454,A
2-PB1,2113,0,2449,0,1,2450,T
2-PB1,2114,2452,2,4,0,2458,A
2-PB1,2115,0,2454,0,0,2454,T
2-PB1,2116,2358,0,2,1,2361,A
2-PB1,2117,0,1,2350,0,2351,G
2-PB1,2118,0,4,2329,0,2333,G
2-PB1,2119,2073,0,2,0,2075,A
2-PB1,2120,0,4,2069,0,2073,G
2-PB1,2121,1929,0,5,0,1934,A
2-PB1,2122,0,0,0,1923,1923,C
2-PB1,2123,1,0,0,1850,1851,C
2-PB1,2124,1,1,1843,0,1845,G
2-PB1,2125,1841,0,0,1,1842,A
2-PB1,2126,0,1831,0,0,1831,T
2-PB1,2127,0,1840,0,1,1841,T
2-PB1,2128,0,1,1834,0,1835,G
2-PB1,2129,1,2,1838,0,1841,G
2-PB1,2130,1833,0,1,0,1834,A
2-PB1,2131,1841,0,0,0,1841,A
2-PB1,2132,0,1823,0,0,1823,T
2-PB1,2133,0,1833,0,0,1833,T
2-PB1,2134,1,1823,0,0,1824,T
2-PB1,2135,2,0,0,1834,1836,C
2-PB1,2136,0,1831,0,1,1832,T
2-PB1,2137,1835,0,1,0,1836,A
2-PB1,2138,0,0,1829,0,1829,G
2-PB1,2139,0,0,0,1825,1825,C
2-PB1,2140,1823,0,0,0,1823,A
2-PB1,2141,0,1819,0,3,1822,T
2-PB1,2142,1,2,1805,0,1808,G
2-PB1,2143,2,0,1834,0,1836,G
2-PB1,2144,0,1821,0,1,1822,T
2-PB1,2145,0,0,1832,0,1832,G
2-PB1,2146,0,0,1828,1,1829,G
2-PB1,2147,1789,0,4,0,1793,A
2-PB1,2148,0,0,1801,0,1801,G
2-PB1,2149,0,1,1777,0,1778,G
2-PB1,2150,1,0,0,1729,1730,C
2-PB1,2151,0,0,0,1756,1756,C
2-PB1,2152,1609,0,2,0,1611,A
2-PB1,2153,0,1615,0,1,1616,T
2-PB1,2154,0,3,1612,0,1615,G
2-PB1,2155,0,1,1629,0,1630,G
2-PB1,2156,0,1593,0,0,1593,T
2-PB1,2157,1,0,1598,0,1599,G
2-PB1,2158,0,1556,0,1,1557,T
2-PB1,2159,0,0,0,1552,1552,C
2-PB1,2160,1,1558,2,2,1563,T
2-PB1,2161,1541,0,1,0,1542,A
2-PB1,2162,1,0,1533,0,1534,G
2-PB1,2163,0,0,1506,0,1506,G
2-PB1,2164,1,1,1481,0,1483,G
2-PB1,2165,0,1,0,1437,1438,C
2-PB1,2166,1,0,0,1383,1384,C
2-PB1,2167,1,2,1,1384,1388,C
2-PB1,2168,0,1,1393,0,1394,G
2-PB1,2169,1,1,1397,0,1399,G
2-PB1,2170,1394,0,0,0,1394,A
2-PB1,2171,0,1396,0,1,1397,T
2-PB1,2172,0,1343,0,0,1343,T
2-PB1,2173,0,2,1329,0,1331,G
2-PB1,2174,1326,0,1,0,1327,A
2-PB1,2175,0,1335,0,0,1335,T
2-PB1,2176,0,1,1326,0,1327,G
2-PB1,2177,1,2,0,1307,1310,C
2-PB1,2178,1,0,0,1315,1316,C
2-PB1,2179,1309,0,1,0,1310,A
2-PB1,2180,0,0,1313,0,1313,G
2-PB1,2181,1308,0,1,0,1309,A
2-PB1,2182,1310,0,0,0,1310,A
2-PB1,2183,0,1304,0,0,1304,T
2-PB1,2184,0,1275,0,0,1275,T
2-PB1,2185,0,2,1270,0,1272,G
2-PB1,2186,1264,0,1,0,1265,A
2-PB1,2187,1,0,0,1262,1263,C
2-PB1,2188,0,1260,0,2,1262,T
2-PB1,2189,0,1251,0,0,1251,T
2-PB1,2190,0,0,0,1258,1258,C
2-PB1,2191,0,3,1249,0,1252,G
2-PB1,2192,1249,0,1,0,1250,A
2-PB1,2193,1,0,1230,0,1231,G
2-PB1,2194,0,1227,0,2,1229,T
2-PB1,2195,3,1,0,1234,1238,C
2-PB1,2196,0,1241,0,2,1243,T
2-PB1,2197,1,1,1231,0,1233,G
2-PB1,2198,2,1,1233,0,1236,G
2-PB1,2199,1242,0,0,0,1242,A
2-PB1,2200,1154,0,2,0,1156,A
2-PB1,2201,0,2,1157,0,1159,G
2-PB1,2202,1,3,1157,0,1161,G
2-PB1,2203,1161,0,1,0,1162,A
2-PB1,2204,0,1156,0,1,1157,T
2-PB1,2205,0,1155,0,0,1155,T
2-PB1,2206,1151,0,0,0,1151,A
2-PB1,2207,1144,0,1,0,1145,A
2-PB1,2208,0,0,1142,0,1142,G
2-PB1,2209,1145,0,1,0,1146,A
2-PB1,2210,1084,0,0,0,1084,A
2-PB1,2211,3,0,1004,0,1007,G
2-PB1,2212,1,1,999,0,1001,G
2-PB1,2213,998,0,2,0,1000,A
2-PB1,2214,993,0,4,0,997,A
2-PB1,2215,0,1,994,0,995,G
2-PB1,2216,925,0,0,0,925,A
2-PB1,2217,0,0,927,0,927,G
2-PB1,2218,0,878,0,0,878,T
2-PB1,2219,0,867,0,0,867,T
2-PB1,2220,2,0,0,866,868,C
2-PB1,2221,0,843,0,0,843,T
2-PB1,2222,1,0,0,848,849,C
2-PB1,2223,0,843,0,2,845,T
2-PB1,2224,0,1,837,0,838,G
2-PB1,2225,822,0,0,0,822,A
2-PB1,2226,1,0,813,0,814,G
2-PB1,2227,802,0,0,0,802,A
2-PB1,2228,1,784,0,0,785,T
2-PB1,2229,2,0,0,715,717,C
2-PB1,2230,718,0,1,0,719,A
2-PB1,2231,0,716,0,0,716,T
2-PB1,2232,0,0,719,0,719,G
2-PB1,2233,716,0,1,0,717,A
2-PB1,2234,712,0,1,0,713,A
2-PB1,2235,0,1,700,0,701,G
2-PB1,2236,686,0,0,0,686,A
2-PB1,2237,0,677,0,0,677,T
2-PB1,2238,0,0,0,667,667,C
2-PB1,2239,0,622,0,0,622,T
2-PB1,2240,0,0,621,0,621,G
2-PB1,2241,0,622,0,0,622,T
2-PB1,2242,0,614,0,2,616,T
2-PB1,2243,1,1,0,612,614,C
2-PB1,2244,0,1,0,594,595,C
2-PB1,2245,589,0,1,0,590,A
2-PB1,2246,0,0,0,592,592,C
2-PB1,2247,1,0,0,563,564,C
2-PB1,2248,547,0,1,0,548,A
2-PB1,2249,0,522,1,0,523,T
2-PB1,2250,0,501,0,0,501,T
2-PB1,2251,0,0,502,0,502,G
2-PB1,2252,499,0,0,0,499,A
2-PB1,2253,497,0,0,0,497,A
2-PB1,2254,0,1,493,0,494,G
2-PB1,2255,436,0,0,0,436,A
2-PB1,2256,436,0,0,0,436,A
2-PB1,2257,0,0,0,434,434,C
2-PB1,2258,0,405,1,1,407,T
2-PB1,2259,1,0,0,407,408,C
2-PB1,2260,389,0,0,0,389,A
2-PB1,2261,0,0,390,0,390,G
2-PB1,2262,387,0,0,0,387,A
2-PB1,2263,0,0,0,373,373,C
2-PB1,2264,0,1,361,0,362,G
2-PB1,2265,0,0,354,0,354,G
2-PB1,2266,0,0,0,348,348,C
2-PB1,2267,349,0,0,0,349,A
2-PB1,2268,348,0,0,0,348,A
2-PB1,2269,344,0,2,0,346,A
2-PB1,2270,345,0,0,0,345,A
2-PB1,2271,346,0,0,0,346,A
2-PB1,2272,0,339,0,0,339,T
2-PB1,2273,332,0,0,0,332,A
2-PB1,2274,331,0,0,0,331,A
3-PA,1,118,0,0,0,118,A
3-PA,2,0,121,0,0,121,T
3-PA,3,0,0,127,0,127,G
3-PA,4,0,0,128,0,128,G
3-PA,5,129,0,0,0,129,A
3-PA,6,127,0,0,0,127,A
3-PA,7,0,0,133,0,133,G
3-PA,8,141,0,0,0,141,A
3-PA,9,0,141,0,0,141,T
3-PA,10,0,140,0,0,140,T
3-PA,11,0,149,0,0,149,T
3-PA,12,0,149,0,0,149,T
3-PA,13,0,0,151,0,151,G
3-PA,14,0,149,0,0,149,T
3-PA,15,0,0,151,0,151,G
3-PA,16,1,0,0,154,155,C
3-PA,17,2,3,153,0,158,G
3-PA,18,172,0,1,0,173,A
3-PA,19,0,0,0,174,174,C
3-PA,20,175,0,0,0,175,A
3-PA,21,173,0,0,0,173,A
3-PA,22,0,177,0,0,177,T
3-PA,23,0,0,216,0,216,G
3-PA,24,0,0,0,218,218,C
3-PA,25,0,218,0,1,219,T
3-PA,26,0,220,0,0,220,T
3-PA,27,0,0,0,220,220,C
3-PA,28,219,0,0,0,219,A
3-PA,29,227,0,0,0,227,A
3-PA,30,0,0,0,235,235,C
3-PA,31,0,0,0,235,235,C
3-PA,32,1,0,0,236,237,C
3-PA,33,0,0,244,0,244,G
3-PA,34,239,0,0,0,239,A
3-PA,35,0,243,0,0,243,T
3-PA,36,0,0,244,0,244,G
3-PA,37,246,0,0,0,246,A
3-PA,38,0,258,0,0,258,T
3-PA,39,0,262,0,0,262,T
3-PA,40,0,0,262,0,262,G
3-PA,41,1,259,0,0,260,T
3-PA,42,2,0,0,257,259,C
3-PA,43,0,0,261,0,261,G
3-PA,44,262,0,0,0,262,A
3-PA,45,263,0,0,0,263,A
3-PA,46,0,0,0,267,267,C
3-PA,47,0,268,0,0,268,T
3-PA,48,0,270,0,0,270,T
3-PA,49,0,1,269,0,270,G
3-PA,50,0,0,0,271,271,C
3-PA,51,272,0,0,0,272,A
3-PA,52,0,0,274,0,274,G
3-PA,53,276,0,0,0,276,A
3-PA,54,275,0,0,0,275,A
3-PA,55,276,0,0,0,276,A
3-PA,56,277,0,1,0,278,A
3-PA,57,280,0,0,0,280,A
3-PA,58,1,0,281,0,282,G
3-PA,59,0,0,0,294,294,C
3-PA,60,292,0,0,0,292,A
3-PA,61,311,0,0,0,311,A
3-PA,62,0,315,0,0,315,T
3-PA,63,0,0,318,0,318,G
3-PA,64,322,0,0,0,322,A
3-PA,65,325,0,0,0,325,A
3-PA,66,324,0,1,0,325,A
3-PA,67,0,1,348,0,349,G
3-PA,68,370,0,1,0,371,A
3-PA,69,0,0,450,0,450,G
3-PA,70,0,449,0,1,450,T
3-PA,71,458,0,0,0,458,A
3-PA,72,0,457,0,0,457,T
3-PA,73,0,0,463,0,463,G
3-PA,74,0,0,465,0,465,G
3-PA,75,1,1,464,0,466,G
3-PA,76,0,1,463,0,464,G
3-PA,77,461,0,1,0,462,A
3-PA,78,0,1,462,0,463,G
3-PA,79,0,1,465,0,466,G
3-PA,80,459,0,0,0,459,A
3-PA,81,0,470,0,0,470,T
3-PA,82,1,0,0,471,472,C
3-PA,83,0,472,0,0,472,T
3-PA,84,1,1,468,0,470,G
3-PA,85,471,0,0,0,471,A
3-PA,86,471,0,0,0,471,A
3-PA,87,472,0,0,0,472,A
3-PA,88,474,0,0,0,474,A
3-PA,89,0,473,1,0,474,T
3-PA,90,0,473,0,0,473,T
3-PA,91,0,2,472,0,474,G
3-PA,92,471,0,3,0,474,A
3-PA,93,474,0,0,0,474,A
3-PA,94,473,0,1,0,474,A
3-PA,95,0,0,0,477,477,C
3-PA,96,480,0,0,0,480,A
3-PA,97,479,0,0,0,479,A
3-PA,98,481,0,0,0,481,A
3-PA,99,0,0,0,484,484,C
3-PA,100,482,0,0,0,482,A
3-PA,101,487,0,0,0,487,A
3-PA,102,491,0,0,0,491,A
3-PA,103,0,493,0,0,493,T
3-PA,104,0,489,0,0,489,T
3-PA,105,0,491,0,0,491,T
3-PA,106,0,0,493,0,493,G
3-PA,107,0,1,0,492,493,C
3-PA,108,493,0,0,0,493,A
3-PA,109,1,0,511,0,512,G
3-PA,110,0,0,0,514,514,C
3-PA,111,542,0,0,0,542,A
3-PA,112,557,0,0,0,557,A
3-PA,113,0,558,0,0,558,T
3-PA,114,562,0,0,0,562,A
3-PA,115,0,562,0,1,563,T
3-PA,116,1,0,572,0,573,G
3-PA,117,0,0,0,574,574,C
3-PA,118,571,0,0,0,571,A
3-PA,119,0,0,0,578,578,C
3-PA,120,0,576,0,2,578,T
3-PA,121,0,0,0,687,687,C
3-PA,122,712,0,2,0,714,A
3-PA,123,0,0,0,733,733,C
3-PA,124,0,732,0,0,732,T
3-PA,125,0,733,0,1,734,T
3-PA,126,0,3,725,0,728,G
3-PA,127,0,0,743,0,743,G
3-PA,128,735,0,0,0,735,A
3-PA,129,0,2,755,0,757,G
3-PA,130,0,0,755,0,755,G
3-PA,131,0,712,0,2,714,T
3-PA,132,0,0,755,0,755,G
3-PA,133,0,746,0,0,746,T
3-PA,134,0,1,774,0,775,G
3-PA,135,0,772,0,1,773,T
3-PA,136,0,769,0,0,769,T
3-PA,137,0,777,0,0,777,T
3-PA,138,0,0,0,781,781,C
3-PA,139,777,0,1,0,778,A
3-PA,140,0,779,0,0,779,T
3-PA,141,0,0,802,0,802,G
3-PA,142,0,788,0,0,788,T
3-PA,143,800,0,1,0,801,A
3-PA,144,0,803,0,0,803,T
3-PA,145,0,801,0,0,801,T
3-PA,146,0,0,0,803,803,C
3-PA,147,799,0,0,0,799,A
3-PA,148,0,1,811,0,812,G
3-PA,149,811,0,0,0,811,A
3-PA,150,0,811,0,1,812,T
3-PA,151,0,812,0,0,812,T
3-PA,152,0,814,0,3,817,T
3-PA,153,0,1,0,812,813,C
3-PA,154,0,0,0,825,825,C
3-PA,155,825,1,0,0,826,A
3-PA,156,0,828,0,0,828,T
3-PA,157,0,824,0,0,824,T
3-PA,158,0,829,0,2,831,T
3-PA,159,0,0,0,833,833,C
3-PA,160,835,0,3,0,838,A
3-PA,161,0,866,0,0,866,T
3-PA,162,0,0,0,871,871,C
3-PA,163,871,0,0,0,871,A
3-PA,164,871,0,1,0,872,A
3-PA,165,0,875,0,2,877,T
3-PA,166,0,1,899,0,900,G
3-PA,167,900,0,1,0,901,A
3-PA,168,900,0,1,0,901,A
3-PA,169,0,2,0,900,902,C
3-PA,170,897,0,0,0,897,A
3-PA,171,896,0,3,0,899,A
3-PA,172,0,1,904,0,905,G
3-PA,173,0,0,907,0,907,G
3-PA,174,0,0,0,906,906,C
3-PA,175,0,6,903,0,909,G
3-PA,176,952,0,2,0,954,A
3-PA,177,951,0,0,0,951,A
3-PA,178,0,959,0,0,959,T
3-PA,179,0,1,0,965,966,C
3-PA,180,964,0,0,0,964,A
3-PA,181,963,0,0,0,963,A
3-PA,182,0,968,0,1,969,T
3-PA,183,966,0,0,0,966,A
3-PA,184,0,0,983,0,983,G
3-PA,185,0,978,0,1,979,T
3-PA,186,1,1,990,0,992,G
3-PA,187,0,0,990,0,990,G
3-PA,188,0,982,0,4,986,T
3-PA,189,989,0,0,0,989,A
3-PA,190,0,2,985,0,987,G
3-PA,191,995,0,1,0,996,A
3-PA,192,993,0,1,0,994,A
3-PA,193,0,0,0,991,991,C
3-PA,194,0,977,0,1,978,T
3-PA,195,0,985,0,0,985,T
3-PA,196,0,2,977,0,979,G
3-PA,197,976,0,1,0,977,A
3-PA,198,0,0,0,983,983,C
3-PA,199,0,1,978,0,979,G
3-PA,200,983,0,0,0,983,A
3-PA,201,0,993,0,1,994,T
3-PA,202,1,0,0,1001,1002,C
3-PA,203,1,0,0,1012,1013,C
3-PA,204,1013,0,0,0,1013,A
3-PA,205,1018,0,1,0,1019,A
3-PA,206,1020,0,1,0,1021,A
3-PA,207,0,1015,0,2,1017,T
3-PA,208,0,1,1016,0,1017,G
3-PA,209,0,0,0,1020,1020,C
3-PA,210,1005,0,0,0,1005,A
3-PA,211,0,0,0,1027,1027,C
3-PA,212,0,1021,0,0,1021,T
3-PA,213,0,1,1154,0,1155,G
3-PA,214,1,1157,0,1,1159,T
3-PA,215,0,1163,0,0,1163,T
3-PA,216,1163,0,0,0,1163,A
3-PA,217,1162,0,1,0,1163,A
3-PA,218,1156,0,1,0,1157,A
3-PA,219,0,0,1164,0,1164,G
3-PA,220,0,1,0,1159,1160,C
3-PA,221,1148,0,0,0,1148,A
3-PA,222,0,0,0,1145,1145,C
3-PA,223,1109,0,3,0,1112,A
3-PA,224,0,0,1145,0,1145,G
3-PA,225,1144,0,0,0,1144,A
3-PA,226,0,1146,0,0,1146,T
3-PA,227,0,1145,0,0,1145,T
3-PA,228,0,1144,1,0,1145,T
3-PA,229,0,2,1145,0,1147,G
3-PA,230,1146,0,2,0,1148,A
3-PA,231,1146,0,0,0,1146,A
3-PA,232,1150,0,1,0,1151,A
3-PA,233,0,1132,0,0,1132,T
3-PA,234,1130,0,1,0,1131,A
3-PA,235,1136,1,1,0,1138,A
3-PA,236,0,1142,0,0,1142,T
3-PA,237,1,0,0,1138,1139,C
3-PA,238,0,1,1140,0,1141,G
3-PA,239,1120,0,2,0,1122,A
3-PA,240,1,2,1137,0,1140,G
3-PA,241,0,2,1159,0,1161,G
3-PA,242,1,1,1159,0,1161,G
3-PA,243,0,0,1163,0,1163,G
3-PA,244,1146,1,1,0,1148,A
3-PA,245,0,1,1161,0,1162,G
3-PA,246,1189,1,0,0,1190,A
3-PA,247,0,2,1195,0,1197,G
3-PA,248,1200,0,1,0,1201,A
3-PA,249,0,0,0,1206,1206,C
3-PA,250,1197,0,2,0,1199,A
3-PA,251,1,0,1211,0,1212,G
3-PA,252,1209,0,1,0,1210,A
3-PA,253,1229,0,1,0,1230,A
3-PA,254,0,0,0,1231,1231,C
3-PA,255,1206,0,0,0,1206,A
3-PA,256,1202,0,0,0,1202,A
3-PA,257,1,1197,0,2,1200,T
3-PA,258,2,0,1249,0,1251,G
3-PA,259,0,0,1247,0,1247,G
3-PA,260,0,1,0,1244,1245,C
3-PA,261,0,0,0,1256,1256,C
3-PA,262,0,1248,0,2,1250,T
3-PA,263,0,1,1284,0,1285,G
3-PA,264,0,2,1276,0,1278,G
3-PA,265,1279,0,0,0,1279,A
3-PA,266,0,2,0,1282,1284,C
3-PA,267,1242,0,3,0,1245,A
3-PA,268,1,0,1385,0,1386,G
3-PA,269,0,1391,0,1,1392,T
3-PA,270,1417,0,0,0,1417,A
3-PA,271,0,0,1415,0,1415,G
3-PA,272,0,1400,0,1,1401,T
3-PA,273,1408,0,0,0,1408,A
3-PA,274,1406,0,1,0,1407,A
3-PA,275,1402,1,0,0,1403,A
3-PA,276,0,0,0,1420,1420,C
3-PA,277,1340,0,0,0,1340,A
3-PA,278,0,0,1380,0,1380,G
3-PA,279,0,1373,0,0,1373,T
3-PA,280,1388,0,1,0,1389,A
3-PA,281,0,1392,0,0,1392,T
3-PA,282,2,1,0,1398,1401,C
3-PA,283,0,1399,0,0,1399,T
3-PA,284,0,0,1398,0,1398,G
3-PA,285,0,0,0,1402,1402,C
3-PA,286,1395,0,1,0,1396,A
3-PA,287,1380,0,1,0,1381,A
3-PA,288,0,0,0,1387,1387,C
3-PA,289,1378,0,2,0,1380,A
3-PA,290,0,0,0,1432,1432,C
3-PA,291,0,1418,0,2,1420,T
3-PA,292,1425,0,0,0,1425,A
3-PA,293,0,0,0,1423,1423,C
3-PA,294,0,1420,0,3,1423,T
3-PA,295,0,0,1419,1,1420,G
3-PA,296,0,1,1408,0,1409,G
3-PA,297,1403,0,1,0,1404,A
3-PA,298,2,0,1409,0,1411,G
3-PA,299,0,1,0,1351,1352,C
3-PA,300,0,1371,0,1,1372,T
3-PA,301,1,1,1361,0,1363,G
3-PA,302,0,2,1367,0,1369,G
3-PA,303,0,0,1357,0,1357,G
3-PA,304,1354,0,2,0,1356,A
3-PA,305,1366,0,0,0,1366,A
3-PA,306,1368,0,2,0,1370,A
3-PA,307,0,0,0,1366,1366,C
3-PA,308,1,0,0,1366,1367,C
3-PA,309,2,0,1367,0,1369,G
3-PA,310,1361,0,0,0,1361,A
3-PA,311,1362,0,0,0,1362,A
3-PA,312,0,0,1373,0,1373,G
3-PA,313,0,1362,1,0,1363,T
3-PA,314,0,1376,0,0,1376,T
3-PA,315,0,1365,0,1,1366,T
3-PA,316,0,0,0,1370,1370,C
3-PA,317,0,1370,0,0,1370,T
3-PA,318,1368,1,0,0,1369,A
3-PA,319,1,1,0,1360,1362,C
3-PA,320,1,1,0,1367,1369,C
3-PA,321,1370,0,0,0,1370,A
3-PA,322,0,2,1383,0,1385,G
3-PA,323,1386,0,0,0,1386,A
3-PA,324,1,1385,0,0,1386,T
3-PA,325,0,1388,0,1,1389,T
3-PA,326,0,1389,0,0,1389,T
3-PA,327,1,0,1399,0,1400,G
3-PA,328,0,1399,0,0,1399,T
3-PA,329,1400,0,1,0,1401,A
3-PA,330,0,1400,0,0,1400,T
3-PA,331,0,3,1385,0,1388,G
3-PA,332,1451,0,0,0,1451,A
3-PA,333,0,1452,0,0,1452,T
3-PA,334,0,1454,0,1,1455,T
3-PA,335,1452,0,1,0,1453,A
3-PA,336,2,0,0,1445,1447,C
3-PA,337,1455,0,1,0,1456,A
3-PA,338,1452,0,4,0,1456,A
3-PA,339,0,1,1458,0,1459,G
3-PA,340,0,0,1463,0,1463,G
3-PA,341,1417,0,1,0,1418,A
3-PA,342,0,3,1433,0,1436,G
3-PA,343,1435,0,1,0,1436,A
3-PA,344,1430,0,3,0,1433,A
3-PA,345,0,0,0,1434,1434,C
3-PA,346,1418,0,2,0,1420,A
3-PA,347,3,3,1419,0,1425,G
3-PA,348,1419,0,1,0,1420,A
3-PA,349,0,1397,0,1,1398,T
3-PA,350,1,1394,0,1,1396,T
3-PA,351,5,0,0,1370,1375,C
3-PA,352,1370,0,2,2,1374,A
3-PA,353,0,1367,0,1,1368,T
3-PA,354,0,0,0,1379,1379,C
3-PA,355,0,3,1382,0,1385,G
3-PA,356,1376,0,1,0,1377,A
3-PA,357,1380,0,0,0,1380,A
3-PA,358,1382,0,0,0,1382,A
3-PA,359,0,1380,0,0,1380,T
3-PA,360,0,1382,0,1,1383,T
3-PA,361,0,0,1389,0,1389,G
3-PA,362,1,1,1377,1,1380,G
3-PA,363,1,4,1372,0,1377,G
3-PA,364,0,0,1387,0,1387,G
3-PA,365,0,1359,0,0,1359,T
3-PA,366,0,2,1387,0,1389,G
3-PA,367,1394,0,1,0,1395,A
3-PA,368,0,0,0,1403,1403,C
3-PA,369,1406,0,0,0,1406,A
3-PA,370,1399,1,2,0,1402,A
3-PA,371,0,0,1415,0,1415,G
3-PA,372,0,2,1410,0,1412,G
3-PA,373,1407,0,1,0,1408,A
3-PA,374,0,2,1408,0,1410,G
3-PA,375,1393,0,0,0,1393,A
3-PA,376,0,1,1401,0,1402,G
3-PA,377,1382,1,2,0,1385,A
3-PA,378,1381,0,1,0,1382,A
3-PA,379,0,0,1410,0,1410,G
3-PA,380,0,1374,0,1,1375,T
3-PA,381,3,1,0,1395,1399,C
3-PA,382,1,0,0,1399,1400,C
3-PA,383,1400,1,1,0,1402,A
3-PA,384,0,0,0,1417,1417,C
3-PA,385,1443,1,1,0,1445,A
3-PA,386,0,1482,0,1,1483,T
3-PA,387,1520,0,0,0,1520,A
3-PA,388,1,1478,0,0,1479,T
3-PA,389,1479,0,0,0,1479,A
3-PA,390,0,1461,0,0,1461,T
3-PA,391,0,1457,0,0,1457,T
3-PA,392,1510,0,0,0,1510,A
3-PA,393,2,0,0,1512,1514,C
3-PA,394,2,1,0,1467,1470,C
3-PA,395,0,1433,0,5,1438,T
3-PA,396,0,1395,0,2,1397,T
3-PA,397,1,2,1391,0,1394,G
3-PA,398,1397,0,0,0,1397,A
3-PA,399,0,1,1303,0,1304,G
3-PA,400,1309,0,3,0,1312,A
3-PA,401,1311,0,1,1,1313,A
3-PA,402,0,0,1329,0,1329,G
3-PA,403,0,0,1326,0,1326,G
3-PA,404,0,0,1,1327,1328,C
3-PA,405,2,0,0,1330,1332,C
3-PA,406,1331,0,2,0,1333,A
3-PA,407,1331,0,0,0,1331,A
3-PA,408,0,1332,0,0,1332,T
3-PA,409,1330,0,0,0,1330,A
3-PA,410,1335,0,0,0,1335,A
3-PA,411,0,2,1338,0,1340,G
3-PA,412,1329,0,1,0,1330,A
3-PA,413,0,1324,0,0,1324,T
3-PA,414,1,1322,0,0,1323,T
3-PA,415,1322,0,0,0,1322,A
3-PA,416,1326,0,0,0,1326,A
3-PA,417,1329,0,0,0,1329,A
3-PA,418,0,1329,0,0,1329,T
3-PA,419,2,0,0,1329,1331,C
3-PA,420,0,1296,0,0,1296,T
3-PA,421,0,3,1309,0,1312,G
3-PA,422,1310,0,1,0,1311,A
3-PA,423,1,2,1318,0,1321,G
3-PA,424,1323,0,1,0,1324,A
3-PA,425,1326,0,0,0,1326,A
3-PA,426,0,0,0,1327,1327,C
3-PA,427,1324,0,0,0,1324,A
3-PA,428,1,0,0,1337,1338,C
3-PA,429,1333,0,3,0,1336,A
3-PA,430,2,2,0,1344,1348,C
3-PA,431,1334,1,0,0,1335,A
3-PA,432,0,0,0,1372,1372,C
3-PA,433,1364,0,1,0,1365,A
3-PA,434,0,1353,0,0,1353,T
3-PA,435,0,1350,0,1,1351,T
3-PA,436,6,0,0,1358,1364,C
3-PA,437,1349,0,0,0,1349,A
3-PA,438,0,0,0,1364,1364,C
3-PA,439,1350,0,1,0,1351,A
3-PA,440,0,1345,0,0,1345,T
3-PA,441,0,1321,0,1,1322,T
3-PA,442,0,1334,0,1,1335,T
3-PA,443,0,1334,0,0,1334,T
3-PA,444,4,0,0,1343,1347,C
3-PA,445,0,1330,0,2,1332,T
3-PA,446,3,0,0,1340,1343,C
3-PA,447,1342,0,1,0,1343,A
3-PA,448,1,1334,0,2,1337,T
3-PA,449,0,1346,0,0,1346,T
3-PA,450,4,2,1,1344,1351,C
3-PA,451,1326,0,1,0,1327,A
3-PA,452,1,0,0,1342,1343,C
3-PA,453,0,1336,0,1,1337,T
3-PA,454,0,0,1347,0,1347,G
3-PA,455,0,1,1332,0,1333,G
3-PA,456,1321,0,2,0,1323,A
3-PA,457,0,0,1352,0,1352,G
3-PA,458,1350,0,1,0,1351,A
3-PA,459,1,1,1356,0,1358,G
3-PA,460,0,0,1360,0,1360,G
3-PA,461,1349,0,1,0,1350,A
3-PA,462,1355,0,0,0,1355,A
3-PA,463,1332,0,2,0,1334,A
3-PA,464,0,1319,0,0,1319,T
3-PA,465,0,0,1326,0,1326,G
3-PA,466,0,0,1317,0,1317,G
3-PA,467,0,1,1,1318,1320,C
3-PA,468,1,1,0,1312,1314,C
3-PA,469,1310,0,1,0,1311,A
3-PA,470,0,0,0,1321,1321,C
3-PA,471,1317,0,0,0,1317,A
3-PA,472,1321,0,0,0,1321,A
3-PA,473,1323,0,3,0,1326,A
3-PA,474,1,1,1318,0,1320,G
3-PA,475,0,0,1314,0,1314,G
3-PA,476,0,0,0,1325,1325,C
3-PA,477,1329,0,1,0,1330,A
3-PA,478,0,0,1354,0,1354,G
3-PA,479,1343,0,1,0,1344,A
3-PA,480,0,0,0,1369,1369,C
3-PA,481,0,1357,0,0,1357,T
3-PA,482,1352,0,1,1,1354,A
3-PA,483,0,1,0,1350,1351,C
3-PA,484,1329,0,2,0,1331,A
3-PA,485,0,1,0,1345,1346,C
3-PA,486,0,1303,0,2,1305,T
3-PA,487,0,0,0,1325,1325,C
3-PA,488,0,1293,0,0,1293,T
3-PA,489,2,0,0,1298,1300,C
3-PA,490,0,3,1303,0,1306,G
3-PA,491,1294,0,1,0,1295,A
3-PA,492,1,1,0,1308,1310,C
3-PA,493,0,0,1317,0,1317,G
3-PA,494,1302,0,0,0,1302,A
3-PA,495,0,1,1312,0,1313,G
3-PA,496,0,3,1311,0,1314,G
3-PA,497,1314,0,1,0,1315,A
3-PA,498,1322,0,2,0,1324,A
3-PA,499,1317,0,3,0,1320,A
3-PA,500,1,0,1311,0,1312,G
3-PA,501,0,1,0,1312,1313,C
3-PA,502,1316,1,1,0,1318,A
3-PA,503,0,0,1330,0,1330,G
3-PA,504,0,3,1333,0,1336,G
3-PA,505,0,0,1334,0,1334,G
3-PA,506,0,0,0,1336,1336,C
3-PA,507,0,1330,0,1,1331,T
3-PA,508,1329,0,0,0,1329,A
3-PA,509,0,2,1341,0,1343,G
3-PA,510,0,2,1396,0,1398,G
3-PA,511,1403,0,3,0,1406,A
3-PA,512,1,1370,0,0,1371,T
3-PA,513,0,1345,0,0,1345,T
3-PA,514,1346,0,1,0,1347,A
3-PA,515,1358,1,2,0,1361,A
3-PA,516,0,2,1361,0,1363,G
3-PA,517,1349,0,1,0,1350,A
3-PA,518,0,0,0,1342,1342,C
3-PA,519,2,1,1,1239,1243,C
3-PA,520,1240,0,0,0,1240,A
3-PA,521,1,0,1245,1,1247,G
3-PA,522,0,0,1237,0,1237,G
3-PA,523,1,2,0,1240,1243,C
3-PA,524,0,1224,0,1,1225,T
3-PA,525,0,0,1258,0,1258,G
3-PA,526,0,1250,0,0,1250,T
3-PA,527,1,1250,0,0,1251,T
3-PA,528,0,1255,0,2,1257,T
3-PA,529,1249,0,0,0,1249,A
3-PA,530,0,0,0,1268,1268,C
3-PA,531,1,0,0,1248,1249,C
3-PA,532,1242,1,0,0,1243,A
3-PA,533,0,1243,1,1,1245,T
3-PA,534,1199,1,0,0,1200,A
3-PA,535,1201,0,0,0,1201,A
3-PA,536,0,1,1205,0,1206,G
3-PA,537,1205,0,0,0,1205,A
3-PA,538,0,0,0,1202,1202,C
3-PA,539,1172,0,0,0,1172,A
3-PA,540,1168,0,4,0,1172,A
3-PA,541,0,1,1175,0,1176,G
3-PA,542,1175,0,0,0,1175,A
3-PA,543,1171,0,0,0,1171,A
3-PA,544,1166,0,0,0,1166,A
3-PA,545,0,1133,0,0,1133,T
3-PA,546,0,1,1158,0,1159,G
3-PA,547,1,0,1149,0,1150,G
3-PA,548,1,2,0,1149,1152,C
3-PA,549,0,1,0,1158,1159,C
3-PA,550,1155,0,1,0,1156,A
3-PA,551,1174,0,1,0,1175,A
3-PA,552,0,0,0,1173,1173,C
3-PA,553,1169,0,0,0,1169,A
3-PA,554,0,0,1159,0,1159,G
3-PA,555,1135,0,1,0,1136,A
3-PA,556,1,1,1154,0,1156,G
3-PA,557,0,0,1173,0,1173,G
3-PA,558,0,0,0,1153,1153,C
3-PA,559,0,0,0,1156,1156,C
3-PA,560,0,1141,0,0,1141,T
3-PA,561,1128,0,1,0,1129,A
3-PA,562,0,1151,0,2,1153,T
3-PA,563,0,1,1154,0,1155,G
3-PA,564,0,1,1157,0,1158,G
3-PA,565,0,3,1119,0,1122,G
3-PA,566,1086,0,0,0,1086,A
3-PA,567,0,1085,0,1,1086,T
3-PA,568,0,1078,0,1,1079,T
3-PA,569,6,0,0,1163,1169,C
3-PA,570,0,0,0,1179,1179,C
3-PA,571,0,1179,0,1,1180,T
3-PA,572,0,1183,0,1,1184,T
3-PA,573,0,1179,0,1,1180,T
3-PA,574,3,1,0,1174,1178,C
3-PA,575,0,0,1186,0,1186,G
3-PA,576,0,1181,0,0,1181,T
3-PA,577,3,0,0,1176,1179,C
3-PA,578,1149,0,2,0,1151,A
3-PA,579,0,0,1269,0,1269,G
3-PA,580,0,1269,0,0,1269,T
3-PA,581,3,0,0,1266,1269,C
3-PA,582,0,2,0,1268,1270,C
3-PA,583,3,1,1279,1,1284,G
3-PA,584,1280,0,1,0,1281,A
3-PA,585,1292,0,0,0,1292,A
3-PA,586,1290,0,4,0,1294,A
3-PA,587,0,2,1301,0,1303,G
3-PA,588,1259,0,0,0,1259,A
3-PA,589,0,0,1275,0,1275,G
3-PA,590,0,1,1266,0,1267,G
3-PA,591,0,0,0,1279,1279,C
3-PA,592,0,0,1279,0,1279,G
3-PA,593,1283,0,0,0,1283,A
3-PA,594,1294,0,1,0,1295,A
3-PA,595,0,0,1303,0,1303,G
3-PA,596,1312,0,1,0,1313,A
3-PA,597,1309,0,2,0,1311,A
3-PA,598,1298,0,2,0,1300,A
3-PA,599,0,1,0,1321,1322,C
3-PA,600,1321,0,0,0,1321,A
3-PA,601,1316,0,0,0,1316,A
3-PA,602,0,1325,0,0,1325,T
3-PA,603,0,1323,0,1,1324,T
3-PA,604,1,3,1321,0,1325,G
3-PA,605,1323,0,2,0,1325,A
3-PA,606,1319,0,3,0,1322,A
3-PA,607,0,0,1319,0,1319,G
3-PA,608,1322,0,1,0,1323,A
3-PA,609,1323,0,0,0,1323,A
3-PA,610,1322,0,0,0,1322,A
3-PA,611,1318,0,0,0,1318,A
3-PA,612,1324,0,0,0,1324,A
3-PA,613,0,1321,0,0,1321,T
3-PA,614,0,1321,0,1,1322,T
3-PA,615,0,1324,0,0,1324,T
3-PA,616,0,3,1318,0,1321,G
3-PA,617,1320,0,0,0,1320,A
3-PA,618,1327,0,1,0,1328,A
3-PA,619,1322,0,1,0,1323,A
3-PA,620,0,1339,0,0,1339,T
3-PA,621,4,0,0,1469,1473,C
3-PA,622,1475,0,0,0,1475,A
3-PA,623,0,1,0,1504,1505,C
3-PA,624,1501,0,1,0,1502,A
3-PA,625,0,1,1512,0,1513,G
3-PA,626,0,4,1552,0,1556,G
3-PA,627,1570,0,1,0,1571,A
3-PA,628,1587,0,1,0,1588,A
3-PA,629,0,0,0,1607,1607,C
3-PA,630,1,1557,1,1,1560,T
3-PA,631,1648,0,0,0,1648,A
3-PA,632,0,1668,0,0,1668,T
3-PA,633,0,0,1713,0,1713,G
3-PA,634,0,1,0,1714,1715,C
3-PA,635,1,1,1701,0,1703,G
3-PA,636,0,1688,0,2,1690,T
3-PA,637,1684,0,2,0,1686,A
3-PA,638,0,0,1686,0,1686,G
3-PA,639,1,0,1681,0,1682,G
3-PA,640,1,0,0,1655,1656,C
3-PA,641,0,1654,0,2,1656,T
3-PA,642,0,1640,0,0,1640,T
3-PA,643,0,3,1630,0,1633,G
3-PA,644,0,2,0,1626,1628,C
3-PA,645,1,0,0,1644,1645,C
3-PA,646,12,1,1655,0,1668,G
3-PA,647,1651,0,1,0,1652,A
3-PA,648,1,0,0,1667,1668,C
3-PA,649,2,1,0,1664,1667,C
3-PA,650,1676,1,0,0,1677,A
3-PA,651,1676,0,1,0,1677,A
3-PA,652,1673,0,0,0,1673,A
3-PA,653,0,0,1693,0,1693,G
3-PA,654,0,1684,1,1,1686,T
3-PA,655,5,0,0,1688,1693,C
3-PA,656,1,1688,0,2,1691,T
3-PA,657,3,1,0,1691,1695,C
3-PA,658,3,1,0,1702,1706,C
3-PA,659,0,0,0,1711,1711,C
3-PA,660,1703,0,0,1,1704,A
3-PA,661,1,1,0,1726,1728,C
3-PA,662,0,1,0,1712,1713,C
3-PA,663,0,2,1722,0,1724,G
3-PA,664,1743,0,0,0,1743,A
3-PA,665,1731,1,2,0,1734,A
3-PA,666,0,0,0,1760,1760,C
3-PA,667,0,1725,0,2,1727,T
3-PA,668,0,1771,0,0,1771,T
3-PA,669,1,0,0,1795,1796,C
3-PA,670,0,1767,0,1,1768,T
3-PA,671,0,1,0,1793,1794,C
3-PA,672,2,0,0,1790,1792,C
3-PA,673,0,1769,0,3,1772,T
3-PA,674,0,2,1796,0,1798,G
3-PA,675,1,0,0,1783,1784,C
3-PA,676,0,0,0,1795,1795,C
3-PA,677,0,1789,0,1,1790,T
3-PA,678,0,1785,0,2,1787,T
3-PA,679,1,2,1791,0,1794,G
3-PA,680,1777,0,4,0,1781,A
3-PA,681,1,1,1799,0,1801,G
3-PA,682,1802,0,2,0,1804,A
3-PA,683,1811,1,0,0,1812,A
3-PA,684,0,1846,0,1,1847,T
3-PA,685,0,1859,0,1,1860,T
3-PA,686,0,1864,0,0,1864,T
3-PA,687,0,1863,0,1,1864,T
3-PA,688,1858,0,1,0,1859,A
3-PA,689,1,1,1853,0,1855,G
3-PA,690,1834,0,3,0,1837,A
3-PA,691,0,0,1895,0,1895,G
3-PA,692,0,0,0,1881,1881,C
3-PA,693,0,0,0,1902,1902,C
3-PA,694,0,1939,0,1,1940,T
3-PA,695,1996,2,0,0,1998,A
3-PA,696,0,2002,0,3,2005,T
3-PA,697,0,0,2016,0,2016,G
3-PA,698,0,2012,0,1,2013,T
3-PA,699,0,0,2033,0,2033,G
3-PA,700,0,4,2000,0,2004,G
3-PA,701,1991,0,4,0,1995,A
3-PA,702,0,1973,0,0,1973,T
3-PA,703,1,3,1944,0,1948,G
3-PA,704,0,1,1972,0,1973,G
3-PA,705,1962,0,0,0,1962,A
3-PA,706,0,1963,0,0,1963,T
3-PA,707,0,1968,0,1,1969,T
3-PA,708,2,1,0,1957,1960,C
3-PA,709,2,5,1956,0,1963,G
3-PA,710,1964,0,1,0,1965,A
3-PA,711,1963,0,1,0,1964,A
3-PA,712,0,1,1,1979,1981,C
3-PA,713,3,0,0,1932,1935,C
3-PA,714,1,2,1937,0,1940,G
3-PA,715,1928,0,0,0,1928,A
3-PA,716,1926,0,3,1,1930,A
3-PA,717,1,3,0,1958,1962,C
3-PA,718,1,2,1938,0,1941,G
3-PA,719,0,0,1986,0,1986,G
3-PA,720,0,2,0,1997,1999,C
3-PA,721,1,1982,0,5,1988,T
3-PA,722,2,0,2056,0,2058,G
3-PA,723,1,3,0,2062,2066,C
3-PA,724,2084,0,1,0,2085,A
3-PA,725,0,2079,0,2,2081,T
3-PA,726,0,2069,0,1,2070,T
3-PA,727,1,1,2063,0,2065,G
3-PA,728,1989,0,1,0,1990,A
3-PA,729,0,5,2014,0,2019,G
3-PA,730,0,0,2012,0,2012,G
3-PA,731,0,0,1996,0,1996,G
3-PA,732,0,1,0,1986,1987,C
3-PA,733,1987,0,2,0,1989,A
3-PA,734,1985,0,0,0,1985,A
3-PA,735,0,0,1998,0,1998,G
3-PA,736,0,0,0,2004,2004,C
3-PA,737,0,2003,1,3,2007,T
3-PA,738,0,1997,0,1,1998,T
3-PA,739,0,2001,0,2,2003,T
3-PA,740,0,1,0,2001,2002,C
3-PA,741,1,1998,0,4,2003,T
3-PA,742,4,0,0,2009,2013,C
3-PA,743,2006,0,1,0,2007,A
3-PA,744,2003,0,0,0,2003,A
3-PA,745,1999,0,0,0,1999,A
3-PA,746,0,2002,0,0,2002,T
3-PA,747,0,0,2066,0,2066,G
3-PA,748,0,2052,0,4,2056,T
3-PA,749,4,2,0,2068,2074,C
3-PA,750,2,0,0,2086,2088,C
3-PA,751,2074,0,0,0,2074,A
3-PA,752,2081,0,1,0,2082,A
3-PA,753,2083,0,4,1,2088,A
3-PA,754,0,1,2114,0,2115,G
3-PA,755,2104,0,1,0,2105,A
3-PA,756,2064,0,0,0,2064,A
3-PA,757,1,0,2086,0,2087,G
3-PA,758,0,2055,0,0,2055,T
3-PA,759,0,5,2053,0,2058,G
3-PA,760,2051,1,5,0,2057,A
3-PA,761,2051,0,1,0,2052,A
3-PA,762,0,2056,0,0,2056,T
3-PA,763,1,2,2057,0,2060,G
3-PA,764,3,2,0,2057,2062,C
3-PA,765,2,0,1,2056,2059,C
3-PA,766,4,0,0,2059,2063,C
3-PA,767,2069,1,1,0,2071,A
3-PA,768,2097,0,0,0,2097,A
3-PA,769,2107,0,1,0,2108,A
3-PA,770,0,2107,0,0,2107,T
3-PA,771,1,2097,0,0,2098,T
3-PA,772,2,3,2094,0,2099,G
3-PA,773,2077,0,2,0,2079,A
3-PA,774,2084,0,0,0,2084,A
3-PA,775,0,0,0,2096,2096,C
3-PA,776,0,0,0,2090,2090,C
3-PA,777,0,2067,2,1,2070,T
3-PA,778,0,2115,0,0,2115,T
3-PA,779,0,2129,0,0,2129,T
3-PA,780,0,2170,0,0,2170,T
3-PA,781,3,0,0,2172,2175,C
3-PA,782,1,2172,1,3,2177,T
3-PA,783,0,1,2183,0,2184,G
3-PA,784,2170,0,2,0,2172,A
3-PA,785,2186,0,1,0,2187,A
3-PA,786,0,5,2181,0,2186,G
3-PA,787,2159,0,4,0,2163,A
3-PA,788,0,1,0,2169,2170,C
3-PA,789,2145,0,1,0,2146,A
3-PA,790,2164,0,3,0,2167,A
3-PA,791,0,1,0,2367,2368,C
3-PA,792,2361,0,2,0,2363,A
3-PA,793,1,0,0,2372,2373,C
3-PA,794,3,3,0,2361,2367,C
3-PA,795,2361,1,1,0,2363,A
3-PA,796,2356,0,3,0,2359,A
3-PA,797,1,5,2363,0,2369,G
3-PA,798,2367,0,6,0,2373,A
3-PA,799,0,1,1,2357,2359,C
3-PA,800,1,0,0,2211,2212,C
3-PA,801,2206,0,0,0,2206,A
3-PA,802,2197,0,3,0,2200,A
3-PA,803,0,2198,0,1,2199,T
3-PA,804,6,1,0,2195,2202,C
3-PA,805,2208,0,1,0,2209,A
3-PA,806,2200,0,1,0,2201,A
3-PA,807,2180,0,3,0,2183,A
3-PA,808,0,0,0,2215,2215,C
3-PA,809,0,2198,0,1,2199,T
3-PA,810,0,2194,0,0,2194,T
3-PA,811,0,0,0,2216,2216,C
3-PA,812,2,0,0,2219,2221,C
3-PA,813,1,4,2227,0,2232,G
3-PA,814,2226,0,0,0,2226,A
3-PA,815,2227,0,0,0,2227,A
3-PA,816,0,2228,0,0,2228,T
3-PA,817,0,2,2209,0,2211,G
3-PA,818,0,2,2208,0,2210,G
3-PA,819,2219,1,7,0,2227,A
3-PA,820,1,0,0,2229,2230,C
3-PA,821,1,1,0,2219,2221,C
3-PA,822,1,2274,0,0,2275,T
3-PA,823,4,0,0,2337,2341,C
3-PA,824,0,0,0,2347,2347,C
3-PA,825,0,2343,0,0,2343,T
3-PA,826,0,2347,0,2,2349,T
3-PA,827,0,1,2430,0,2431,G
3-PA,828,0,2413,0,2,2415,T
3-PA,829,0,2419,0,1,2420,T
3-PA,830,2419,0,0,0,2419,A
3-PA,831,0,2342,0,1,2343,T
3-PA,832,1,0,0,2330,2331,C
3-PA,833,2292,0,2,0,2294,A
3-PA,834,0,1,2285,0,2286,G
3-PA,835,0,2,0,2273,2275,C
3-PA,836,1,1,2209,0,2211,G
3-PA,837,1,0,2265,0,2266,G
3-PA,838,1,2240,0,4,2245,T
3-PA,839,4,0,0,2257,2261,C
3-PA,840,3,0,0,2274,2277,C
3-PA,841,2283,0,2,0,2285,A
3-PA,842,2291,0,0,0,2291,A
3-PA,843,2282,0,0,0,2282,A
3-PA,844,0,2274,0,1,2275,T
3-PA,845,0,2276,0,2,2278,T
3-PA,846,4,0,0,2252,2256,C
3-PA,847,1,0,0,2231,2232,C
3-PA,848,0,2220,0,3,2223,T
3-PA,849,0,0,0,2244,2244,C
3-PA,850,2,1,0,2239,2242,C
3-PA,851,0,2230,1,1,2232,T
3-PA,852,1,2,2249,0,2252,G
3-PA,853,2232,0,0,0,2232,A
3-PA,854,0,2245,0,1,2246,T
3-PA,855,0,4,2227,0,2231,G
3-PA,856,0,0,2207,0,2207,G
3-PA,857,2179,1,3,0,2183,A
3-PA,858,1,2182,0,0,2183,T
3-PA,859,1,0,2182,0,2183,G
3-PA,860,0,0,0,2276,2276,C
3-PA,861,0,2266,0,4,2270,T
3-PA,862,0,2268,0,0,2268,T
3-PA,863,0,2280,0,0,2280,T
3-PA,864,2270,0,2,0,2272,A
3-PA,865,2283,0,1,0,2284,A
3-PA,866,2285,1,0,0,2286,A
3-PA,867,2295,0,1,0,2296,A
3-PA,868,0,2283,0,0,2283,T
3-PA,869,0,2136,0,0,2136,T
3-PA,870,0,5,2138,0,2143,G
3-PA,871,2128,0,1,0,2129,A
3-PA,872,1,1,2142,1,2145,G
3-PA,873,0,1,0,2147,2148,C
3-PA,874,2159,0,0,0,2159,A
3-PA,875,0,2200,0,1,2201,T
3-PA,876,0,2199,0,0,2199,T
3-PA,877,0,5,2177,1,2183,G
3-PA,878,2191,0,1,0,2192,A
3-PA,879,2178,1,6,0,2185,A
3-PA,880,0,4,2173,0,2177,G
3-PA,881,2126,0,3,0,2129,A
3-PA,882,1,2,0,2145,2148,C
3-PA,883,1,1,0,2145,2147,C
3-PA,884,3,0,0,2097,2100,C
3-PA,885,2110,0,1,0,2111,A
3-PA,886,2105,0,1,0,2106,A
3-PA,887,0,0,2117,0,2117,G
3-PA,888,0,2104,0,0,2104,T
3-PA,889,7,0,0,2110,2117,C
3-PA,890,2118,2,6,0,2126,A
3-PA,891,0,2,0,2126,2128,C
3-PA,892,1,2,2127,0,2130,G
3-PA,893,2150,0,2,0,2152,A
3-PA,894,2150,0,3,0,2153,A
3-PA,895,2,1,2219,0,2222,G
3-PA,896,0,2,2204,0,2206,G
3-PA,897,2197,0,3,0,2200,A
3-PA,898,0,1,2225,0,2226,G
3-PA,899,2212,0,8,0,2220,A
3-PA,900,2217,0,2,0,2219,A
3-PA,901,1,4,2211,0,2216,G
3-PA,902,1,6,2181,0,2188,G
3-PA,903,1,0,2205,0,2206,G
3-PA,904,2158,0,3,0,2161,A
3-PA,905,0,2144,0,1,2145,T
3-PA,906,3,0,0,2167,2170,C
3-PA,907,2,0,0,2333,2335,C
3-PA,908,2,0,0,2367,2369,C
3-PA,909,2406,0,0,0,2406,A
3-PA,910,1,2407,0,0,2408,T
3-PA,911,0,2422,0,0,2422,T
3-PA,912,2486,0,2,0,2488,A
3-PA,913,0,2481,0,2,2483,T
3-PA,914,2481,0,1,0,2482,A
3-PA,915,0,2456,0,2,2458,T
3-PA,916,1,3,2251,0,2255,G
3-PA,917,2243,0,3,0,2246,A
3-PA,918,0,2239,0,0,2239,T
3-PA,919,0,1,2249,0,2250,G
3-PA,920,0,1,0,2228,2229,C
3-PA,921,2,3,2227,0,2232,G
3-PA,922,2232,0,3,0,2235,A
3-PA,923,0,2228,0,2,2230,T
3-PA,924,6,1,0,2237,2244,C
3-PA,925,2241,0,1,0,2242,A
3-PA,926,2225,0,4,0,2229,A
3-PA,927,0,0,2250,0,2250,G
3-PA,928,1,2205,0,3,2209,T
3-PA,929,0,0,2249,0,2249,G
3-PA,930,1,0,0,2258,2259,C
3-PA,931,2255,0,3,0,2258,A
3-PA,932,0,2261,0,0,2261,T
3-PA,933,2262,0,0,0,2262,A
3-PA,934,2284,0,2,1,2287,A
3-PA,935,2292,0,0,0,2292,A
3-PA,936,2272,0,4,0,2276,A
3-PA,937,2275,0,0,0,2275,A
3-PA,938,0,0,0,2287,2287,C
3-PA,939,2259,1,1,0,2261,A
3-PA,940,0,2252,1,1,2254,T
3-PA,941,0,2254,0,3,2257,T
3-PA,942,1,1,0,2260,2262,C
3-PA,943,0,2253,0,3,2256,T
3-PA,944,0,2246,0,1,2247,T
3-PA,945,0,2247,0,0,2247,T
3-PA,946,1,2,2237,1,2241,G
3-PA,947,2,0,2236,0,2238,G
3-PA,948,2225,0,1,0,2226,A
3-PA,949,0,2228,0,1,2229,T
3-PA,950,0,1,2258,1,2260,G
3-PA,951,1,0,2282,0,2283,G
3-PA,952,2300,0,1,0,2301,A
3-PA,953,2299,0,1,0,2300,A
3-PA,954,2299,1,6,1,2307,A
3-PA,955,0,5,2305,0,2310,G
3-PA,956,2296,1,4,1,2302,A
3-PA,957,2507,0,1,0,2508,A
3-PA,958,0,1,0,2569,2570,C
3-PA,959,0,1,0,2570,2571,C
3-PA,960,0,2559,1,2,2562,T
3-PA,961,0,2606,0,5,2611,T
3-PA,962,2620,1,1,0,2622,A
3-PA,963,0,2622,0,2,2624,T
3-PA,964,2602,0,0,0,2602,A
3-PA,965,0,2635,0,0,2635,T
3-PA,966,2472,0,0,0,2472,A
3-PA,967,2,0,2479,0,2481,G
3-PA,968,1,2454,0,4,2459,T
3-PA,969,3,0,0,2456,2459,C
3-PA,970,2438,0,0,0,2438,A
3-PA,971,2450,0,0,0,2450,A
3-PA,972,2431,0,2,0,2433,A
3-PA,973,0,1,0,2451,2452,C
3-PA,974,4,1,0,2418,2423,C
3-PA,975,2395,0,2,0,2397,A
3-PA,976,0,0,0,2423,2423,C
3-PA,977,2406,0,4,0,2410,A
3-PA,978,0,3,0,2423,2426,C
3-PA,979,0,3,2439,0,2442,G
3-PA,980,2422,0,2,0,2424,A
3-PA,981,2423,0,1,1,2425,A
3-PA,982,2414,0,5,0,2419,A
3-PA,983,2426,0,1,0,2427,A
3-PA,984,1,0,2446,0,2447,G
3-PA,985,0,0,2416,0,2416,G
3-PA,986,0,4,2439,0,2443,G
3-PA,987,2439,0,3,0,2442,A
3-PA,988,2450,0,0,0,2450,A
3-PA,989,0,2445,0,0,2445,T
3-PA,990,2455,0,1,0,2456,A
3-PA,991,2447,0,1,0,2448,A
3-PA,992,2449,0,1,0,2450,A
3-PA,993,0,2447,0,0,2447,T
3-PA,994,1,2437,0,1,2439,T
3-PA,995,1,0,0,2463,2464,C
3-PA,996,2474,1,0,1,2476,A
3-PA,997,2465,0,2,0,2467,A
3-PA,998,2472,0,1,0,2473,A
3-PA,999,0,2479,0,0,2479,T
3-PA,1000,0,2480,0,1,2481,T
3-PA,1001,2477,0,0,0,2477,A
3-PA,1002,0,1,0,2490,2491,C
3-PA,1003,0,0,0,2491,2491,C
3-PA,1004,1,2455,0,2,2458,T
3-PA,1005,0,0,2485,0,2485,G
3-PA,1006,0,0,0,2482,2482,C
3-PA,1007,0,2485,0,2,2487,T
3-PA,1008,1,0,2535,0,2536,G
3-PA,1009,0,2534,0,2,2536,T
3-PA,1010,10,1,1,2535,2547,C
3-PA,1011,2546,0,0,0,2546,A
3-PA,1012,0,2543,0,5,2548,T
3-PA,1013,0,2,2545,0,2547,G
3-PA,1014,0,2,2528,0,2530,G
3-PA,1015,2540,0,2,0,2542,A
3-PA,1016,2603,0,2,0,2605,A
3-PA,1017,2,0,2579,0,2581,G
3-PA,1018,0,0,0,2601,2601,C
3-PA,1019,2594,0,1,0,2595,A
3-PA,1020,2596,0,3,0,2599,A
3-PA,1021,0,0,2627,0,2627,G
3-PA,1022,1,2614,0,4,2619,T
3-PA,1023,2628,0,0,0,2628,A
3-PA,1024,0,0,0,2633,2633,C
3-PA,1025,0,2584,0,3,2587,T
3-PA,1026,1,0,2616,0,2617,G
3-PA,1027,0,2592,0,1,2593,T
3-PA,1028,9,0,0,2600,2609,C
3-PA,1029,2608,0,0,0,2608,A
3-PA,1030,1,2,2626,0,2629,G
3-PA,1031,2614,0,2,0,2616,A
3-PA,1032,2622,1,0,0,2623,A
3-PA,1033,0,2639,0,4,2643,T
3-PA,1034,0,2633,0,1,2634,T
3-PA,1035,1,1,2624,1,2627,G
3-PA,1036,1,1,0,2609,2611,C
3-PA,1037,2622,1,2,0,2625,A
3-PA,1038,2,0,2622,0,2624,G
3-PA,1039,1,3,2591,0,2595,G
3-PA,1040,2598,0,3,0,2601,A
3-PA,1041,1,1,0,2591,2593,C
3-PA,1042,3,0,2578,0,2581,G
3-PA,1043,0,2598,0,1,2599,T
3-PA,1044,0,2623,0,3,2626,T
3-PA,1045,0,4,2628,0,2632,G
3-PA,1046,2626,0,2,0,2628,A
3-PA,1047,2639,0,2,1,2642,A
3-PA,1048,2640,0,2,0,2642,A
3-PA,1049,2626,0,1,0,2627,A
3-PA,1050,0,2632,0,0,2632,T
3-PA,1051,0,7,2638,0,2645,G
3-PA,1052,2615,0,1,1,2617,A
3-PA,1053,1,3,2650,0,2654,G
3-PA,1054,0,2,2650,0,2652,G
3-PA,1055,2634,0,0,2,2636,A
3-PA,1056,0,3,2655,0,2658,G
3-PA,1057,2650,0,0,0,2650,A
3-PA,1058,2644,1,4,0,2649,A
3-PA,1059,1,3,2640,0,2644,G
3-PA,1060,0,2,2613,0,2615,G
3-PA,1061,0,2663,0,2,2665,T
3-PA,1062,0,2679,0,2,2681,T
3-PA,1063,1,2,1,2677,2681,C
3-PA,1064,1,3,1,2686,2691,C
3-PA,1065,2704,0,2,0,2706,A
3-PA,1066,2682,0,1,0,2683,A
3-PA,1067,0,4,2705,0,2709,G
3-PA,1068,0,3,2728,0,2731,G
3-PA,1069,2690,1,2,0,2693,A
3-PA,1070,0,1,0,2715,2716,C
3-PA,1071,0,2712,0,2,2714,T
3-PA,1072,2708,0,0,0,2708,A
3-PA,1073,2720,0,1,0,2721,A
3-PA,1074,2713,0,2,0,2715,A
3-PA,1075,2711,0,4,1,2716,A
3-PA,1076,2705,0,4,0,2709,A
3-PA,1077,0,1,0,2686,2687,C
3-PA,1078,2668,0,2,0,2670,A
3-PA,1079,0,2661,0,2,2663,T
3-PA,1080,0,6,2685,0,2691,G
3-PA,1081,2673,0,4,0,2677,A
3-PA,1082,2679,0,7,1,2687,A
3-PA,1083,0,3,2693,0,2696,G
3-PA,1084,2692,0,1,1,2694,A
3-PA,1085,2695,0,2,0,2697,A
3-PA,1086,2685,0,1,1,2687,A
3-PA,1087,2680,1,0,1,2682,A
3-PA,1088,0,1,0,2698,2699,C
3-PA,1089,2,5,2676,0,2683,G
3-PA,1090,2692,0,1,0,2693,A
3-PA,1091,1,0,2688,0,2689,G
3-PA,1092,0,2662,2,1,2665,T
3-PA,1093,14,0,0,2719,2733,C
3-PA,1094,2741,0,3,0,2744,A
3-PA,1095,2771,0,2,0,2773,A
3-PA,1096,0,0,0,2774,2774,C
3-PA,1097,0,2775,0,1,2776,T
3-PA,1098,0,1,2818,0,2819,G
3-PA,1099,2794,1,3,0,2798,A
3-PA,1100,2802,0,3,0,2805,A
3-PA,1101,0,0,2814,0,2814,G
3-PA,1102,0,2723,0,4,2727,T
3-PA,1103,0,2,2758,0,2760,G
3-PA,1104,0,1,2730,0,2731,G
3-PA,1105,1,1,2733,0,2735,G
3-PA,1106,2,1,0,2740,2743,C
3-PA,1107,1,2711,0,1,2713,T
3-PA,1108,5,1,0,2737,2743,C
3-PA,1109,0,2733,0,2,2735,T
3-PA,1110,0,2748,0,1,2749,T
3-PA,1111,0,1,2838,0,2839,G
3-PA,1112,0,1,2825,0,2826,G
3-PA,1113,0,2805,0,2,2807,T
3-PA,1114,1,7,2822,0,2830,G
3-PA,1115,2810,0,2,0,2812,A
3-PA,1116,2838,0,2,0,2840,A
3-PA,1117,2835,0,2,0,2837,A
3-PA,1118,2840,0,1,0,2841,A
3-PA,1119,0,1,0,2837,2838,C
3-PA,1120,2801,0,0,0,2801,A
3-PA,1121,0,2797,1,2,2800,T
3-PA,1122,1,5,2795,0,2801,G
3-PA,1123,2,1,2785,0,2788,G
3-PA,1124,0,0,0,2832,2832,C
3-PA,1125,2818,1,4,2,2825,A
3-PA,1126,0,2,0,2848,2850,C
3-PA,1127,0,2,0,2866,2868,C
3-PA,1128,2908,0,1,1,2910,A
3-PA,1129,0,1,2936,0,2937,G
3-PA,1130,2914,0,1,0,2915,A
3-PA,1131,3,0,2955,0,2958,G
3-PA,1132,2937,0,2,0,2939,A
3-PA,1133,2913,0,6,0,2919,A
3-PA,1134,1,2,2959,0,2962,G
3-PA,1135,1,0,2937,0,2938,G
3-PA,1136,1,2859,0,3,2863,T
3-PA,1137,2901,0,2,0,2903,A
3-PA,1138,0,6,2883,0,2889,G
3-PA,1139,2901,0,4,0,2905,A
3-PA,1140,1,0,0,2919,2920,C
3-PA,1141,0,2886,0,3,2889,T
3-PA,1142,0,2895,1,2,2898,T
3-PA,1143,1,2889,0,2,2892,T
3-PA,1144,0,4,2899,0,2903,G
3-PA,1145,2893,0,2,0,2895,A
3-PA,1146,2907,0,2,0,2909,A
3-PA,1147,2900,0,3,1,2904,A
3-PA,1148,2895,0,1,1,2897,A
3-PA,1149,0,1,0,2954,2955,C
3-PA,1150,1,2926,0,1,2928,T
3-PA,1151,1,0,2963,0,2964,G
3-PA,1152,1,0,0,2956,2957,C
3-PA,1153,2964,0,2,0,2966,A
3-PA,1154,1,1,2977,0,2979,G
3-PA,1155,2966,0,1,0,2967,A
3-PA,1156,0,6,3063,0,3069,G
3-PA,1157,3070,0,2,0,3072,A
3-PA,1158,2,0,0,3051,3053,C
3-PA,1159,3059,0,2,0,3061,A
3-PA,1160,1,3019,0,0,3020,T
3-PA,1161,3047,0,0,0,3047,A
3-PA,1162,3033,0,7,0,3040,A
3-PA,1163,1,1,3035,0,3037,G
3-PA,1164,0,1,0,3028,3029,C
3-PA,1165,0,10,2981,0,2991,G
3-PA,1166,3048,0,1,0,3049,A
3-PA,1167,0,3038,0,1,3039,T
3-PA,1168,0,3041,0,0,3041,T
3-PA,1169,0,3046,0,0,3046,T
3-PA,1170,0,3,3048,0,3051,G
3-PA,1171,3052,0,1,0,3053,A
3-PA,1172,3043,1,3,1,3048,A
3-PA,1173,6,1,3063,1,3071,G
3-PA,1174,0,0,0,3126,3126,C
3-PA,1175,3085,1,1,0,3087,A
3-PA,1176,3288,0,1,0,3289,A
3-PA,1177,0,3287,0,1,3288,T
3-PA,1178,3309,0,4,0,3313,A
3-PA,1179,0,3310,0,2,3312,T
3-PA,1180,0,4,3326,0,3330,G
3-PA,1181,3355,1,6,0,3362,A
3-PA,1182,1,3344,0,0,3345,T
3-PA,1183,3270,0,2,0,3272,A
3-PA,1184,3,1,3261,0,3265,G
3-PA,1185,0,3154,0,2,3156,T
3-PA,1186,0,5,3163,1,3169,G
3-PA,1187,3166,0,0,0,3166,A
3-PA,1188,0,0,0,3147,3147,C
3-PA,1189,1,6,3135,0,3142,G
3-PA,1190,3139,0,4,0,3143,A
3-PA,1191,3143,1,1,0,3145,A
3-PA,1192,0,0,0,3151,3151,C
3-PA,1193,2,1,0,3164,3167,C
3-PA,1194,0,3171,0,3,3174,T
3-PA,1195,0,6,3248,0,3254,G
3-PA,1196,3250,0,2,0,3252,A
3-PA,1197,3258,0,1,0,3259,A
3-PA,1198,0,3253,0,2,3255,T
3-PA,1199,0,3234,0,1,3235,T
3-PA,1200,3241,0,0,0,3241,A
3-PA,1201,3215,0,2,1,3218,A
3-PA,1202,0,0,3235,0,3235,G
3-PA,1203,1,0,3224,0,3225,G
3-PA,1204,0,3130,0,3,3133,T
3-PA,1205,9,0,0,3145,3154,C
3-PA,1206,3154,0,2,0,3156,A
3-PA,1207,1,0,0,3284,3285,C
3-PA,1208,0,3285,0,7,3292,T
3-PA,1209,0,3283,0,0,3283,T
3-PA,1210,0,3277,0,3,3280,T
3-PA,1211,3,2,0,3291,3296,C
3-PA,1212,3287,0,5,0,3292,A
3-PA,1213,3281,0,6,0,3287,A
3-PA,1214,0,2,3328,0,3330,G
3-PA,1215,0,0,0,3315,3315,C
3-PA,1216,0,3266,0,0,3266,T
3-PA,1217,2,1,3358,0,3361,G
3-PA,1218,0,6,3355,0,3361,G
3-PA,1219,3405,0,2,0,3407,A
3-PA,1220,0,3430,0,3,3433,T
3-PA,1221,3428,0,3,0,3431,A
3-PA,1222,1,2,0,3450,3453,C
3-PA,1223,3404,0,6,1,3411,A
3-PA,1224,0,4,3435,0,3439,G
3-PA,1225,3429,0,3,0,3432,A
3-PA,1226,3376,0,3,0,3379,A
3-PA,1227,0,3323,0,0,3323,T
3-PA,1228,0,4,3348,0,3352,G
3-PA,1229,3328,0,4,0,3332,A
3-PA,1230,1,0,3370,0,3371,G
3-PA,1231,0,3338,2,1,3341,T
3-PA,1232,1,3334,0,1,3336,T
3-PA,1233,6,1,0,3387,3394,C
3-PA,1234,3412,0,1,0,3413,A
3-PA,1235,3397,1,1,0,3399,A
3-PA,1236,0,1,0,3408,3409,C
3-PA,1237,3374,1,0,0,3375,A
3-PA,1238,3364,0,5,0,3369,A
3-PA,1239,0,4,3348,0,3352,G
3-PA,1240,0,0,3347,0,3347,G
3-PA,1241,1,0,0,3367,3368,C
3-PA,1242,2,0,0,3346,3348,C
3-PA,1243,0,3341,0,3,3344,T
3-PA,1244,2,0,3371,0,3373,G
3-PA,1245,0,3357,1,2,3360,T
3-PA,1246,0,3,3403,0,3406,G
3-PA,1247,3413,1,6,0,3420,A
3-PA,1248,1,0,3422,0,3423,G
3-PA,1249,1,3,0,3377,3381,C
3-PA,1250,1,3378,0,4,3383,T
3-PA,1251,3459,0,0,0,3459,A
3-PA,1252,3446,0,1,0,3447,A
3-PA,1253,0,0,1,3451,3452,C
3-PA,1254,0,3432,0,1,3433,T
3-PA,1255,1,7,3433,0,3441,G
3-PA,1256,3424,0,4,0,3428,A
3-PA,1257,1,3404,0,2,3407,T
3-PA,1258,0,3414,0,2,3416,T
3-PA,1259,12,1,0,3415,3428,C
3-PA,1260,3494,0,4,0,3498,A
3-PA,1261,0,0,3574,1,3575,G
3-PA,1262,0,3549,0,3,3552,T
3-PA,1263,7,0,0,3560,3567,C
3-PA,1264,0,3542,0,3,3545,T
3-PA,1265,0,0,3666,0,3666,G
3-PA,1266,2,4,3651,0,3657,G
3-PA,1267,3667,0,3,0,3670,A
3-PA,1268,0,3676,0,0,3676,T
3-PA,1269,3530,0,1,0,3531,A
3-PA,1270,1,5,3522,0,3528,G
3-PA,1271,3466,0,6,1,3473,A
3-PA,1272,0,0,3473,0,3473,G
3-PA,1273,1,2,0,3455,3458,C
3-PA,1274,0,3397,0,1,3398,T
3-PA,1275,4,1,1,3420,3426,C
3-PA,1276,0,2,3440,0,3442,G
3-PA,1277,3425,1,4,0,3430,A
3-PA,1278,0,3433,0,1,3434,T
3-PA,1279,2,4,3434,0,3440,G
3-PA,1280,3482,0,3,0,3485,A
3-PA,1281,3475,0,3,0,3478,A
3-PA,1282,3493,0,0,0,3493,A
3-PA,1283,1,3464,0,0,3465,T
3-PA,1284,0,3477,0,1,3478,T
3-PA,1285,1,4,3509,0,3514,G
3-PA,1286,3,7,3495,0,3505,G
3-PA,1287,3501,0,7,0,3508,A
3-PA,1288,1,4,3510,0,3515,G
3-PA,1289,3445,1,6,0,3452,A
3-PA,1290,0,4,3468,0,3472,G
3-PA,1291,0,4,3476,0,3480,G
3-PA,1292,3515,0,4,0,3519,A
3-PA,1293,0,0,0,3533,3533,C
3-PA,1294,1,0,3516,0,3517,G
3-PA,1295,0,3513,0,5,3518,T
3-PA,1296,3527,1,1,0,3529,A
3-PA,1297,1,2,3553,0,3556,G
3-PA,1298,0,0,0,3560,3560,C
3-PA,1299,1,0,0,3525,3526,C
3-PA,1300,3,5,0,3516,3524,C
3-PA,1301,5,0,0,3546,3551,C
3-PA,1302,3571,0,0,0,3571,A
3-PA,1303,3649,0,1,0,3650,A
3-PA,1304,0,3630,0,0,3630,T
3-PA,1305,0,3605,0,0,3605,T
3-PA,1306,0,15,3595,0,3610,G
3-PA,1307,3524,0,5,0,3529,A
3-PA,1308,0,1,3542,0,3543,G
3-PA,1309,0,2,0,3537,3539,C
3-PA,1310,3518,0,2,0,3520,A
3-PA,1311,1,1,0,3571,3573,C
3-PA,1312,3501,0,0,0,3501,A
3-PA,1313,1,3569,0,1,3571,T
3-PA,1314,0,3574,0,2,3576,T
3-PA,1315,1,1,3575,0,3577,G
3-PA,1316,2,2,0,3567,3571,C
3-PA,1317,3570,0,0,0,3570,A
3-PA,1318,3558,0,6,1,3565,A
3-PA,1319,0,0,3581,0,3581,G
3-PA,1320,1,0,1,3547,3549,C
3-PA,1321,3543,0,2,0,3545,A
3-PA,1322,0,3463,1,3,3467,T
3-PA,1323,1,6,3456,1,3464,G
3-PA,1324,3447,0,2,0,3449,A
3-PA,1325,2,2,3461,1,3466,G
3-PA,1326,3467,0,4,0,3471,A
3-PA,1327,3470,0,1,0,3471,A
3-PA,1328,1,2,3458,1,3462,G
3-PA,1329,0,4,3443,0,3447,G
3-PA,1330,3443,0,2,0,3445,A
3-PA,1331,3439,1,1,1,3442,A
3-PA,1332,1,3436,0,2,3439,T
3-PA,1333,0,3447,0,1,3448,T
3-PA,1334,3460,0,1,0,3461,A
3-PA,1335,1,3457,0,2,3460,T
3-PA,1336,0,3459,0,1,3460,T
3-PA,1337,1,3456,1,1,3459,T
3-PA,1338,4,0,0,3429,3433,C
3-PA,1339,3438,0,4,0,3442,A
3-PA,1340,1,0,0,3489,3490,C
3-PA,1341,3471,0,1,0,3472,A
3-PA,1342,0,1,3502,0,3503,G
3-PA,1343,1,0,0,3501,3502,C
3-PA,1344,3477,0,2,0,3479,A
3-PA,1345,0,2,3500,0,3502,G
3-PA,1346,3472,0,2,0,3474,A
3-PA,1347,3,3,3471,0,3477,G
3-PA,1348,1,1,3482,0,3484,G
3-PA,1349,0,3387,0,2,3389,T
3-PA,1350,0,0,3435,0,3435,G
3-PA,1351,1,3385,0,4,3390,T
3-PA,1352,5,3,0,3393,3401,C
3-PA,1353,7,2,0,3423,3432,C
3-PA,1354,3,0,0,3420,3423,C
3-PA,1355,3438,0,1,0,3439,A
3-PA,1356,1,3452,0,2,3455,T
3-PA,1357,0,3445,0,0,3445,T
3-PA,1358,1,0,3453,0,3454,G
3-PA,1359,0,3403,0,4,3407,T
3-PA,1360,3352,0,2,0,3354,A
3-PA,1361,0,2,3349,0,3351,G
3-PA,1362,3264,0,4,0,3268,A
3-PA,1363,1,2,3270,0,3273,G
3-PA,1364,0,0,0,3225,3225,C
3-PA,1365,6,0,0,3145,3151,C
3-PA,1366,3171,0,2,0,3173,A
3-PA,1367,0,0,0,3189,3189,C
3-PA,1368,0,3176,0,1,3177,T
3-PA,1369,1,5,3170,0,3176,G
3-PA,1370,3161,0,0,0,3161,A
3-PA,1371,3107,0,3,1,3111,A
3-PA,1372,1,3172,0,0,3173,T
3-PA,1373,3195,1,1,0,3197,A
3-PA,1374,0,1,0,3227,3228,C
3-PA,1375,3165,0,1,0,3166,A
3-PA,1376,0,3182,0,0,3182,T
3-PA,1377,3159,0,2,0,3161,A
3-PA,1378,3175,0,0,0,3175,A
3-PA,1379,0,3159,0,0,3159,T
3-PA,1380,0,2,3121,0,3123,G
3-PA,1381,3101,0,0,0,3101,A
3-PA,1382,3047,0,10,0,3057,A
3-PA,1383,0,5,3064,0,3069,G
3-PA,1384,0,3,3051,0,3054,G
3-PA,1385,2,2,3096,1,3101,G
3-PA,1386,2,2,3089,0,3093,G
3-PA,1387,8,0,3124,0,3132,G
3-PA,1388,1,3090,0,1,3092,T
3-PA,1389,3105,0,1,0,3106,A
3-PA,1390,1,3122,0,1,3124,T
3-PA,1391,3146,0,2,0,3148,A
3-PA,1392,0,2,0,3416,3418,C
3-PA,1393,3307,0,0,0,3307,A
3-PA,1394,0,3232,0,2,3234,T
3-PA,1395,0,3206,0,3,3209,T
3-PA,1396,3167,1,1,0,3169,A
3-PA,1397,3220,0,1,0,3221,A
3-PA,1398,1,1,0,3226,3228,C
3-PA,1399,3161,0,1,0,3162,A
3-PA,1400,0,0,0,3181,3181,C
3-PA,1401,0,2810,0,2,2812,T
3-PA,1402,0,0,2902,0,2902,G
3-PA,1403,0,0,0,2891,2891,C
3-PA,1404,0,2,0,2882,2884,C
3-PA,1405,6,0,0,2892,2898,C
3-PA,1406,0,2804,0,2,2806,T
3-PA,1407,3,2,2887,0,2892,G
3-PA,1408,0,2,0,2884,2886,C
3-PA,1409,0,2885,0,3,2888,T
3-PA,1410,3,1,0,2956,2960,C
3-PA,1411,2859,0,2,1,2862,A
3-PA,1412,2885,0,4,0,2889,A
3-PA,1413,0,2887,0,0,2887,T
3-PA,1414,1,0,2890,0,2891,G
3-PA,1415,0,2,0,2874,2876,C
3-PA,1416,2806,0,1,0,2807,A
3-PA,1417,0,2796,0,7,2803,T
3-PA,1418,3,1,0,2797,2801,C
3-PA,1419,1,2,0,2826,2829,C
3-PA,1420,1,2717,0,5,2723,T
3-PA,1421,1,0,2783,0,2784,G
3-PA,1422,0,2767,0,1,2768,T
3-PA,1423,0,0,2756,0,2756,G
3-PA,1424,0,1,0,2756,2757,C
3-PA,1425,2710,0,2,0,2712,A
3-PA,1426,2,0,2741,0,2743,G
3-PA,1427,0,0,0,2742,2742,C
3-PA,1428,2719,0,0,0,2719,A
3-PA,1429,2711,0,0,0,2711,A
3-PA,1430,0,2628,0,1,2629,T
3-PA,1431,0,1,2634,0,2635,G
3-PA,1432,0,2,2617,0,2619,G
3-PA,1433,2625,0,5,0,2630,A
3-PA,1434,1,2,0,2617,2620,C
3-PA,1435,0,9,2596,0,2605,G
3-PA,1436,2633,0,1,0,2634,A
3-PA,1437,0,2642,0,1,2643,T
3-PA,1438,1,2639,0,0,2640,T
3-PA,1439,0,2642,0,1,2643,T
3-PA,1440,0,2627,1,1,2629,T
3-PA,1441,1,1,0,2630,2632,C
3-PA,1442,2641,0,0,0,2641,A
3-PA,1443,2634,0,3,0,2637,A
3-PA,1444,0,1,0,2639,2640,C
3-PA,1445,1,2611,0,2,2614,T
3-PA,1446,2616,0,0,0,2616,A
3-PA,1447,2612,0,0,0,2612,A
3-PA,1448,0,2595,0,2,2597,T
3-PA,1449,0,2605,0,0,2605,T
3-PA,1450,4,0,0,2603,2607,C
3-PA,1451,1,2,0,2607,2610,C
3-PA,1452,4,0,0,2599,2603,C
3-PA,1453,2605,0,2,0,2607,A
3-PA,1454,1,2647,0,1,2649,T
3-PA,1455,1,2,2649,0,2652,G
3-PA,1456,2649,1,3,0,2653,A
3-PA,1457,0,2647,0,1,2648,T
3-PA,1458,2644,0,0,0,2644,A
3-PA,1459,2635,0,5,1,2641,A
3-PA,1460,0,0,2637,0,2637,G
3-PA,1461,0,1,0,2630,2631,C
3-PA,1462,2627,0,0,0,2627,A
3-PA,1463,2568,0,4,0,2572,A
3-PA,1464,1,0,2610,1,2612,G
3-PA,1465,0,2594,0,2,2596,T
3-PA,1466,1,0,2594,0,2595,G
3-PA,1467,0,0,0,2594,2594,C
3-PA,1468,2578,1,3,0,2582,A
3-PA,1469,0,7,2610,0,2617,G
3-PA,1470,2610,0,2,0,2612,A
3-PA,1471,2637,0,0,0,2637,A
3-PA,1472,1,1,0,2640,2642,C
3-PA,1473,0,2588,0,1,2589,T
3-PA,1474,2607,0,1,0,2608,A
3-PA,1475,2603,0,0,0,2603,A
3-PA,1476,2595,0,0,0,2595,A
3-PA,1477,0,1,2608,0,2609,G
3-PA,1478,2481,2,5,0,2488,A
3-PA,1479,0,3,2495,0,2498,G
3-PA,1480,0,0,2430,0,2430,G
3-PA,1481,1,2,2426,0,2429,G
3-PA,1482,2420,0,4,0,2424,A
3-PA,1483,2388,0,2,0,2390,A
3-PA,1484,1,1,2388,0,2390,G
3-PA,1485,1,0,2374,0,2375,G
3-PA,1486,0,1,0,2381,2382,C
3-PA,1487,0,6,2383,0,2389,G
3-PA,1488,2375,0,1,0,2376,A
3-PA,1489,2379,0,1,0,2380,A
3-PA,1490,2379,0,1,0,2380,A
3-PA,1491,2388,0,1,0,2389,A
3-PA,1492,2386,0,3,1,2390,A
3-PA,1493,0,0,0,2386,2386,C
3-PA,1494,4,0,0,2368,2372,C
3-PA,1495,2378,0,0,0,2378,A
3-PA,1496,2389,0,0,0,2389,A
3-PA,1497,0,2387,0,1,2388,T
3-PA,1498,0,2386,0,2,2388,T
3-PA,1499,0,2390,0,0,2390,T
3-PA,1500,2390,1,0,0,2391,A
3-PA,1501,0,2384,0,2,2386,T
3-PA,1502,2374,0,1,0,2375,A
3-PA,1503,0,2365,0,1,2366,T
3-PA,1504,2,1,2354,0,2357,G
3-PA,1505,0,2,2332,0,2334,G
3-PA,1506,2330,0,2,0,2332,A
3-PA,1507,0,2319,0,3,2322,T
3-PA,1508,0,2294,0,2,2296,T
3-PA,1509,4,0,0,2285,2289,C
3-PA,1510,2290,0,0,0,2290,A
3-PA,1511,0,2292,0,7,2299,T
3-PA,1512,5,1,0,2295,2301,C
3-PA,1513,2281,1,1,0,2283,A
3-PA,1514,0,2269,0,1,2270,T
3-PA,1515,2258,0,0,0,2258,A
3-PA,1516,2253,0,2,0,2255,A
3-PA,1517,2252,0,1,0,2253,A
3-PA,1518,1,2,2240,0,2243,G
3-PA,1519,0,2,2215,0,2217,G
3-PA,1520,0,3,2186,0,2189,G
3-PA,1521,2188,0,2,0,2190,A
3-PA,1522,2169,0,2,0,2171,A
3-PA,1523,0,2,2168,0,2170,G
3-PA,1524,2160,0,1,0,2161,A
3-PA,1525,0,2150,0,5,2155,T
3-PA,1526,2,0,0,2150,2152,C
3-PA,1527,0,2112,0,7,2119,T
3-PA,1528,5,1,1,2136,2143,C
3-PA,1529,2137,0,1,0,2138,A
3-PA,1530,0,2138,0,0,2138,T
3-PA,1531,2,2141,0,2,2145,T
3-PA,1532,1,2116,0,1,2118,T
3-PA,1533,2107,0,0,0,2107,A
3-PA,1534,2109,0,2,0,2111,A
3-PA,1535,0,1,2104,0,2105,G
3-PA,1536,0,0,2116,0,2116,G
3-PA,1537,2007,0,1,0,2008,A
3-PA,1538,2005,0,0,1,2006,A
3-PA,1539,1,1994,2,3,2000,T
3-PA,1540,0,4,2010,0,2014,G
3-PA,1541,2039,0,5,0,2044,A
3-PA,1542,0,0,0,2049,2049,C
3-PA,1543,2036,0,3,0,2039,A
3-PA,1544,1,0,0,2034,2035,C
3-PA,1545,1986,0,1,0,1987,A
3-PA,1546,0,2,1995,0,1997,G
3-PA,1547,1972,0,4,0,1976,A
3-PA,1548,0,0,0,1939,1939,C
3-PA,1549,1,0,1914,0,1915,G
3-PA,1550,0,1746,1,1,1748,T
3-PA,1551,1,0,1746,0,1747,G
3-PA,1552,0,1,1756,0,1757,G
3-PA,1553,0,1757,0,0,1757,T
3-PA,1554,1758,0,0,0,1758,A
3-PA,1555,1725,0,2,0,1727,A
3-PA,1556,1724,0,0,0,1724,A
3-PA,1557,0,1719,0,0,1719,T
3-PA,1558,0,1700,0,1,1701,T
3-PA,1559,0,1699,1,1,1701,T
3-PA,1560,0,1676,0,0,1676,T
3-PA,1561,1,0,1672,0,1673,G
3-PA,1562,1,1655,0,0,1656,T
3-PA,1563,0,3,1658,0,1661,G
3-PA,1564,1641,0,4,0,1645,A
3-PA,1565,0,0,1643,0,1643,G
3-PA,1566,0,0,1,1640,1641,C
3-PA,1567,1638,0,0,0,1638,A
3-PA,1568,0,1639,0,1,1640,T
3-PA,1569,0,2,1640,0,1642,G
3-PA,1570,0,2,1640,0,1642,G
3-PA,1571,1634,0,2,0,1636,A
3-PA,1572,1,0,1645,0,1646,G
3-PA,1573,0,1624,0,0,1624,T
3-PA,1574,0,1607,0,0,1607,T
3-PA,1575,0,1610,0,1,1611,T
3-PA,1576,0,1608,0,2,1610,T
3-PA,1577,2,0,0,1608,1610,C
3-PA,1578,0,1599,0,4,1603,T
3-PA,1579,3,0,0,1594,1597,C
3-PA,1580,0,1552,1,3,1556,T
3-PA,1581,5,1,0,1544,1550,C
3-PA,1582,1545,0,0,0,1545,A
3-PA,1583,0,0,0,1538,1538,C
3-PA,1584,0,1500,0,1,1501,T
3-PA,1585,1,4,1496,0,1501,G
3-PA,1586,1487,1,2,0,1490,A
3-PA,1587,0,1,0,1501,1502,C
3-PA,1588,1,1,0,1487,1489,C
3-PA,1589,3,1,0,1466,1470,C
3-PA,1590,0,1,1473,0,1474,G
3-PA,1591,1466,0,3,0,1469,A
3-PA,1592,0,1,1469,0,1470,G
3-PA,1593,1469,0,2,0,1471,A
3-PA,1594,0,2,0,1439,1441,C
3-PA,1595,0,1420,0,1,1421,T
3-PA,1596,0,1350,0,0,1350,T
3-PA,1597,0,1,1346,0,1347,G
3-PA,1598,1339,0,0,1,1340,A
3-PA,1599,0,0,1340,0,1340,G
3-PA,1600,0,2,1,1338,1341,C
3-PA,1601,2,1,0,1296,1299,C
3-PA,1602,1293,0,2,1,1296,A
3-PA,1603,1,2,0,1298,1301,C
3-PA,1604,1298,0,0,0,1298,A
3-PA,1605,0,1302,0,0,1302,T
3-PA,1606,1291,0,0,0,1291,A
3-PA,1607,1279,0,1,0,1280,A
3-PA,1608,1267,0,2,0,1269,A
3-PA,1609,0,1249,0,0,1249,T
3-PA,1610,2,0,1252,0,1254,G
3-PA,1611,0,1,1154,0,1155,G
3-PA,1612,0,0,1152,0,1152,G
3-PA,1613,1129,0,3,0,1132,A
3-PA,1614,0,0,1132,0,1132,G
3-PA,1615,1120,2,0,0,1122,A
3-PA,1616,1107,0,0,0,1107,A
3-PA,1617,1109,0,0,0,1109,A
3-PA,1618,1,1115,0,0,1116,T
3-PA,1619,1097,0,0,0,1097,A
3-PA,1620,1,0,0,1100,1101,C
3-PA,1621,0,760,0,0,760,T
3-PA,1622,0,0,765,0,765,G
3-PA,1623,0,592,0,0,592,T
3-PA,1624,0,0,619,0,619,G
3-PA,1625,1,593,0,1,595,T
3-PA,1626,1,0,0,519,520,C
3-PA,1627,0,0,1,513,514,C
3-PA,1628,0,510,0,0,510,T
3-PA,1629,0,513,1,0,514,T
3-PA,1630,0,1,519,0,520,G
3-PA,1631,518,0,1,0,519,A
3-PA,1632,0,0,522,0,522,G
3-PA,1633,506,0,1,0,507,A
3-PA,1634,0,506,0,0,506,T
3-PA,1635,495,0,0,0,495,A
3-PA,1636,0,0,506,0,506,G
3-PA,1637,0,2,504,0,506,G
3-PA,1638,502,0,1,0,503,A
3-PA,1639,0,0,506,0,506,G
3-PA,1640,504,0,0,0,504,A
3-PA,1641,0,500,0,0,500,T
3-PA,1642,507,0,0,0,507,A
3-PA,1643,0,502,0,0,502,T
3-PA,1644,0,0,507,0,507,G
3-PA,1645,0,503,0,0,503,T
3-PA,1646,0,500,0,0,500,T
3-PA,1647,507,0,0,1,508,A
3-PA,1648,0,0,0,510,510,C
3-PA,1649,0,508,0,0,508,T
3-PA,1650,509,0,0,0,509,A
3-PA,1651,500,0,0,0,500,A
3-PA,1652,0,1,504,0,505,G
3-PA,1653,500,0,0,0,500,A
3-PA,1654,500,0,0,0,500,A
3-PA,1655,0,0,488,0,488,G
3-PA,1656,0,482,0,0,482,T
3-PA,1657,0,0,495,0,495,G
3-PA,1658,0,0,0,488,488,C
3-PA,1659,1,0,0,489,490,C
3-PA,1660,494,0,1,0,495,A
3-PA,1661,0,484,0,0,484,T
3-PA,1662,482,1,0,0,483,A
3-PA,1663,0,0,490,0,490,G
3-PA,1664,1,0,491,0,492,G
3-PA,1665,0,0,0,487,487,C
3-PA,1666,1,0,1,489,491,C
3-PA,1667,486,0,0,0,486,A
3-PA,1668,492,0,0,0,492,A
3-PA,1669,491,0,0,0,491,A
3-PA,1670,0,489,0,0,489,T
3-PA,1671,0,483,0,1,484,T
3-PA,1672,0,486,0,0,486,T
3-PA,1673,0,0,0,491,491,C
3-PA,1674,484,0,0,0,484,A
3-PA,1675,484,0,1,0,485,A
3-PA,1676,0,0,486,0,486,G
3-PA,1677,0,0,484,0,484,G
3-PA,1678,0,0,0,481,481,C
3-PA,1679,0,0,0,477,477,C
3-PA,1680,490,0,0,0,490,A
3-PA,1681,499,0,0,0,499,A
3-PA,1682,0,499,0,0,499,T
3-PA,1683,0,0,521,0,521,G
3-PA,1684,0,517,0,0,517,T
3-PA,1685,0,538,0,0,538,T
3-PA,1686,1,0,0,542,543,C
3-PA,1687,0,537,0,0,537,T
3-PA,1688,0,539,0,0,539,T
3-PA,1689,514,0,1,0,515,A
3-PA,1690,0,516,0,0,516,T
3-PA,1691,519,0,1,0,520,A
3-PA,1692,0,524,0,1,525,T
3-PA,1693,0,0,525,0,525,G
3-PA,1694,0,501,0,0,501,T
3-PA,1695,0,0,502,0,502,G
3-PA,1696,498,0,0,0,498,A
3-PA,1697,0,0,502,0,502,G
3-PA,1698,1,0,509,0,510,G
3-PA,1699,506,0,0,0,506,A
3-PA,1700,0,0,0,505,505,C
3-PA,1701,501,0,0,0,501,A
3-PA,1702,503,0,0,0,503,A
3-PA,1703,504,0,0,0,504,A
3-PA,1704,0,2,0,511,513,C
3-PA,1705,0,1,506,0,507,G
3-PA,1706,0,0,504,0,504,G
3-PA,1707,503,0,1,0,504,A
3-PA,1708,505,0,0,0,505,A
3-PA,1709,0,0,0,505,505,C
3-PA,1710,506,0,0,0,506,A
3-PA,1711,1,507,0,0,508,T
3-PA,1712,0,0,0,503,503,C
3-PA,1713,503,0,0,0,503,A
3-PA,1714,503,0,0,0,503,A
3-PA,1715,493,0,0,0,493,A
3-PA,1716,0,0,497,0,497,G
3-PA,1717,0,0,497,0,497,G
3-PA,1718,0,491,0,0,491,T
3-PA,1719,0,0,0,498,498,C
3-PA,1720,495,0,0,0,495,A
3-PA,1721,502,0,0,0,502,A
3-PA,1722,504,0,0,0,504,A
3-PA,1723,503,0,0,0,503,A
3-PA,1724,0,503,0,0,503,T
3-PA,1725,0,0,508,0,508,G
3-PA,1726,501,0,1,0,502,A
3-PA,1727,501,0,0,0,501,A
3-PA,1728,503,0,1,0,504,A
3-PA,1729,0,508,0,0,508,T
3-PA,1730,0,1,517,0,518,G
3-PA,1731,0,0,521,0,521,G
3-PA,1732,0,0,515,0,515,G
3-PA,1733,0,0,516,0,516,G
3-PA,1734,514,0,0,0,514,A
3-PA,1735,522,0,0,1,523,A
3-PA,1736,0,526,0,0,526,T
3-PA,1737,1,1,526,0,528,G
3-PA,1738,0,0,526,0,526,G
3-PA,1739,519,0,1,0,520,A
3-PA,1740,0,0,530,0,530,G
3-PA,1741,523,0,0,1,524,A
3-PA,1742,0,526,0,0,526,T
3-PA,1743,0,0,530,0,530,G
3-PA,1744,519,0,3,0,522,A
3-PA,1745,0,0,527,0,527,G
3-PA,1746,526,0,0,0,526,A
3-PA,1747,0,0,0,529,529,C
3-PA,1748,0,0,528,0,528,G
3-PA,1749,0,524,0,2,526,T
3-PA,1750,0,527,0,0,527,T
3-PA,1751,1,0,527,0,528,G
3-PA,1752,0,0,0,529,529,C
3-PA,1753,0,1,0,531,532,C
3-PA,1754,0,529,0,1,530,T
3-PA,1755,0,0,0,534,534,C
3-PA,1756,0,0,0,540,540,C
3-PA,1757,0,542,0,1,543,T
3-PA,1758,0,546,0,0,546,T
3-PA,1759,0,0,0,548,548,C
3-PA,1760,544,0,0,0,544,A
3-PA,1761,0,0,544,0,544,G
3-PA,1762,0,544,0,0,544,T
3-PA,1763,1,0,1,541,543,C
3-PA,1764,530,0,0,0,530,A
3-PA,1765,0,0,0,548,548,C
3-PA,1766,1,549,0,0,550,T
3-PA,1767,1,0,0,554,555,C
3-PA,1768,0,0,0,557,557,C
3-PA,1769,554,0,1,0,555,A
3-PA,1770,0,0,557,0,557,G
3-PA,1771,0,0,0,552,552,C
3-PA,1772,554,0,0,0,554,A
3-PA,1773,0,1,561,0,562,G
3-PA,1774,540,0,0,0,540,A
3-PA,1775,0,534,0,0,534,T
3-PA,1776,0,1,0,532,533,C
3-PA,1777,0,1,539,0,540,G
3-PA,1778,533,0,0,0,533,A
3-PA,1779,0,0,540,0,540,G
3-PA,1780,540,0,1,0,541,A
3-PA,1781,0,0,540,0,540,G
3-PA,1782,0,0,0,536,536,C
3-PA,1783,534,0,1,0,535,A
3-PA,1784,0,536,0,0,536,T
3-PA,1785,0,2,540,0,542,G
3-PA,1786,542,0,0,0,542,A
3-PA,1787,0,547,0,0,547,T
3-PA,1788,0,539,0,0,539,T
3-PA,1789,2,0,538,0,540,G
3-PA,1790,529,0,1,0,530,A
3-PA,1791,533,0,0,1,534,A
3-PA,1792,0,0,536,0,536,G
3-PA,1793,1,0,0,532,533,C
3-PA,1794,0,0,0,526,526,C
3-PA,1795,1,0,532,0,533,G
3-PA,1796,524,0,0,0,524,A
3-PA,1797,1,0,532,0,533,G
3-PA,1798,0,526,0,0,526,T
3-PA,1799,1,0,0,527,528,C
3-PA,1800,0,0,0,531,531,C
3-PA,1801,0,531,0,0,531,T
3-PA,1802,0,0,0,535,535,C
3-PA,1803,0,1,538,0,539,G
3-PA,1804,0,0,557,0,557,G
3-PA,1805,0,550,0,0,550,T
3-PA,1806,0,553,0,0,553,T
3-PA,1807,551,0,0,0,551,A
3-PA,1808,550,0,0,0,550,A
3-PA,1809,550,0,0,0,550,A
3-PA,1810,0,2,553,0,555,G
3-PA,1811,548,0,0,0,548,A
3-PA,1812,0,1,549,0,550,G
3-PA,1813,526,0,0,0,526,A
3-PA,1814,524,0,0,0,524,A
3-PA,1815,526,0,0,0,526,A
3-PA,1816,0,0,525,0,525,G
3-PA,1817,522,0,0,0,522,A
3-PA,1818,0,0,0,523,523,C
3-PA,1819,519,0,1,0,520,A
3-PA,1820,0,518,0,0,518,T
3-PA,1821,0,3,520,0,523,G
3-PA,1822,520,0,0,0,520,A
3-PA,1823,0,0,0,525,525,C
3-PA,1824,1,0,0,518,519,C
3-PA,1825,514,0,0,0,514,A
3-PA,1826,515,0,0,0,515,A
3-PA,1827,513,0,0,0,513,A
3-PA,1828,0,1,518,0,519,G
3-PA,1829,519,0,0,0,519,A
3-PA,1830,0,0,520,0,520,G
3-PA,1831,0,503,0,0,503,T
3-PA,1832,0,504,0,0,504,T
3-PA,1833,0,503,0,0,503,T
3-PA,1834,0,501,0,0,501,T
3-PA,1835,0,505,0,1,506,T
3-PA,1836,0,509,0,0,509,T
3-PA,1837,0,1,506,0,507,G
3-PA,1838,506,0,0,0,506,A
3-PA,1839,0,0,507,0,507,G
3-PA,1840,509,0,0,0,509,A
3-PA,1841,505,0,1,0,506,A
3-PA,1842,0,509,0,1,510,T
3-PA,1843,513,0,0,0,513,A
3-PA,1844,532,0,0,0,532,A
3-PA,1845,527,0,0,0,527,A
3-PA,1846,2,523,0,0,525,T
3-PA,1847,0,0,0,531,531,C
3-PA,1848,522,0,0,0,522,A
3-PA,1849,0,0,523,0,523,G
3-PA,1850,522,0,0,0,522,A
3-PA,1851,525,0,1,0,526,A
3-PA,1852,0,0,525,0,525,G
3-PA,1853,0,0,0,515,515,C
3-PA,1854,519,0,0,0,519,A
3-PA,1855,0,514,0,0,514,T
3-PA,1856,0,0,521,0,521,G
3-PA,1857,0,0,521,0,521,G
3-PA,1858,0,0,0,517,517,C
3-PA,1859,3,0,0,514,517,C
3-PA,1860,0,0,0,522,522,C
3-PA,1861,528,0,0,0,528,A
3-PA,1862,0,529,0,0,529,T
3-PA,1863,0,529,0,0,529,T
3-PA,1864,0,0,528,0,528,G
3-PA,1865,0,1,526,0,527,G
3-PA,1866,0,0,522,0,522,G
3-PA,1867,0,1,520,1,522,G
3-PA,1868,504,0,0,0,504,A
3-PA,1869,1,0,508,0,509,G
3-PA,1870,0,507,0,1,508,T
3-PA,1871,1,0,0,508,509,C
3-PA,1872,0,1,0,521,522,C
3-PA,1873,0,0,0,526,526,C
3-PA,1874,0,0,0,525,525,C
3-PA,1875,0,2,0,526,528,C
3-PA,1876,534,0,0,0,534,A
3-PA,1877,532,0,0,0,532,A
3-PA,1878,0,3,529,0,532,G
3-PA,1879,1,0,525,0,526,G
3-PA,1880,0,0,523,0,523,G
3-PA,1881,479,0,0,0,479,A
3-PA,1882,0,0,488,0,488,G
3-PA,1883,0,481,0,0,481,T
3-PA,1884,0,0,484,0,484,G
3-PA,1885,0,0,487,0,487,G
3-PA,1886,487,0,0,0,487,A
3-PA,1887,483,0,1,0,484,A
3-PA,1888,1,2,480,0,483,G
3-PA,1889,477,1,2,0,480,A
3-PA,1890,479,0,0,0,479,A
3-PA,1891,0,1,471,0,472,G
3-PA,1892,0,0,473,0,473,G
3-PA,1893,0,468,0,0,468,T
3-PA,1894,0,462,0,2,464,T
3-PA,1895,2,0,0,465,467,C
3-PA,1896,2,0,0,468,470,C
3-PA,1897,469,0,0,0,469,A
3-PA,1898,0,471,0,0,471,T
3-PA,1899,0,471,0,0,471,T
3-PA,1900,1,1,470,0,472,G
3-PA,1901,0,0,471,0,471,G
3-PA,1902,0,0,471,0,471,G
3-PA,1903,467,0,1,0,468,A
3-PA,1904,465,0,1,0,466,A
3-PA,1905,465,0,1,0,466,A
3-PA,1906,0,0,474,0,474,G
3-PA,1907,0,473,0,0,473,T
3-PA,1908,0,0,0,481,481,C
3-PA,1909,0,476,0,0,476,T
3-PA,1910,0,0,480,0,480,G
3-PA,1911,0,479,0,0,479,T
3-PA,1912,480,0,0,0,480,A
3-PA,1913,0,0,484,0,484,G
3-PA,1914,0,0,480,0,480,G
3-PA,1915,452,0,0,0,452,A
3-PA,1916,0,0,0,455,455,C
3-PA,1917,0,441,0,1,442,T
3-PA,1918,2,0,0,473,475,C
3-PA,1919,0,472,0,0,472,T
3-PA,1920,470,0,0,0,470,A
3-PA,1921,0,471,0,1,472,T
3-PA,1922,0,468,0,0,468,T
3-PA,1923,0,0,482,0,482,G
3-PA,1924,0,0,478,0,478,G
3-PA,1925,0,0,0,479,479,C
3-PA,1926,0,474,0,0,474,T
3-PA,1927,450,0,0,0,450,A
3-PA,1928,457,0,0,0,457,A
3-PA,1929,0,0,460,0,460,G
3-PA,1930,0,460,0,0,460,T
3-PA,1931,0,0,0,456,456,C
3-PA,1932,443,0,1,0,444,A
3-PA,1933,0,0,458,0,458,G
3-PA,1934,0,462,0,0,462,T
3-PA,1935,472,0,0,0,472,A
3-PA,1936,0,475,0,0,475,T
3-PA,1937,0,473,0,0,473,T
3-PA,1938,0,0,1,476,477,C
3-PA,1939,476,0,0,0,476,A
3-PA,1940,474,0,1,0,475,A
3-PA,1941,0,473,0,0,473,T
3-PA,1942,467,0,0,0,467,A
3-PA,1943,0,0,462,0,462,G
3-PA,1944,0,2,0,466,468,C
3-PA,1945,0,0,0,470,470,C
3-PA,1946,1,455,0,3,459,T
3-PA,1947,0,1,474,0,475,G
3-PA,1948,0,478,0,0,478,T
3-PA,1949,480,0,0,0,480,A
3-PA,1950,0,477,0,1,478,T
3-PA,1951,0,0,471,0,471,G
3-PA,1952,0,0,0,469,469,C
3-PA,1953,461,0,1,0,462,A
3-PA,1954,0,460,0,0,460,T
3-PA,1955,0,0,0,455,455,C
3-PA,1956,445,0,0,0,445,A
3-PA,1957,0,0,0,452,452,C
3-PA,1958,0,0,0,452,452,C
3-PA,1959,449,0,0,0,449,A
3-PA,1960,0,1,0,449,450,C
3-PA,1961,450,0,0,0,450,A
3-PA,1962,447,0,0,0,447,A
3-PA,1963,0,446,0,0,446,T
3-PA,1964,0,447,0,0,447,T
3-PA,1965,0,0,449,0,449,G
3-PA,1966,0,0,442,0,442,G
3-PA,1967,436,0,1,0,437,A
3-PA,1968,443,0,0,0,443,A
3-PA,1969,0,1,444,0,445,G
3-PA,1970,0,0,443,0,443,G
3-PA,1971,444,0,0,0,444,A
3-PA,1972,0,443,0,0,443,T
3-PA,1973,0,445,0,0,445,T
3-PA,1974,0,443,0,1,444,T
3-PA,1975,0,445,0,1,446,T
3-PA,1976,1,0,0,447,448,C
3-PA,1977,445,0,1,0,446,A
3-PA,1978,0,0,448,0,448,G
3-PA,1979,0,1,0,441,442,C
3-PA,1980,0,0,444,0,444,G
3-PA,1981,1,1,438,0,440,G
3-PA,1982,445,0,1,0,446,A
3-PA,1983,0,0,453,0,453,G
3-PA,1984,0,455,0,0,455,T
3-PA,1985,2,0,0,449,451,C
3-PA,1986,457,0,0,0,457,A
3-PA,1987,458,0,0,0,458,A
3-PA,1988,0,1,457,0,458,G
3-PA,1989,458,0,0,0,458,A
3-PA,1990,454,0,0,0,454,A
3-PA,1991,454,0,0,0,454,A
3-PA,1992,449,0,0,0,449,A
3-PA,1993,0,0,0,447,447,C
3-PA,1994,0,438,0,0,438,T
3-PA,1995,0,0,440,0,440,G
3-PA,1996,1,0,0,438,439,C
3-PA,1997,0,440,0,1,441,T
3-PA,1998,1,0,0,437,438,C
3-PA,1999,1,0,0,435,436,C
3-PA,2000,0,438,0,0,438,T
3-PA,2001,0,441,0,0,441,T
3-PA,2002,0,0,440,0,440,G
3-PA,2003,0,440,0,1,441,T
3-PA,2004,0,432,0,0,432,T
3-PA,2005,0,0,436,0,436,G
3-PA,2006,0,435,0,1,436,T
3-PA,2007,0,433,0,0,433,T
3-PA,2008,1,0,0,431,432,C
3-PA,2009,424,0,0,0,424,A
3-PA,2010,0,0,428,0,428,G
3-PA,2011,0,0,431,0,431,G
3-PA,2012,0,0,0,435,435,C
3-PA,2013,0,427,0,1,428,T
3-PA,2014,0,0,0,439,439,C
3-PA,2015,0,434,0,0,434,T
3-PA,2016,0,439,0,0,439,T
3-PA,2017,435,0,0,0,435,A
3-PA,2018,1,0,439,0,440,G
3-PA,2019,0,0,435,0,435,G
3-PA,2020,0,0,433,0,433,G
3-PA,2021,426,0,0,0,426,A
3-PA,2022,0,0,0,424,424,C
3-PA,2023,393,0,0,0,393,A
3-PA,2024,395,0,1,0,396,A
3-PA,2025,0,0,0,394,394,C
3-PA,2026,0,0,0,394,394,C
3-PA,2027,0,391,0,0,391,T
3-PA,2028,0,0,0,394,394,C
3-PA,2029,0,0,394,0,394,G
3-PA,2030,394,0,0,0,394,A
3-PA,2031,391,0,0,0,391,A
3-PA,2032,0,0,0,392,392,C
3-PA,2033,0,0,0,379,379,C
3-PA,2034,0,375,0,1,376,T
3-PA,2035,0,1,376,0,377,G
3-PA,2036,0,0,375,0,375,G
3-PA,2037,0,1,371,0,372,G
3-PA,2038,371,0,1,0,372,A
3-PA,2039,2,0,0,366,368,C
3-PA,2040,1,0,0,368,369,C
3-PA,2041,0,363,0,0,363,T
3-PA,2042,0,366,0,0,366,T
3-PA,2043,0,368,0,0,368,T
3-PA,2044,0,0,368,0,368,G
3-PA,2045,366,0,0,0,366,A
3-PA,2046,0,368,0,0,368,T
3-PA,2047,1,0,0,364,365,C
3-PA,2048,0,357,0,0,357,T
3-PA,2049,0,360,0,0,360,T
3-PA,2050,0,0,361,0,361,G
3-PA,2051,0,1,357,0,358,G
3-PA,2052,0,0,357,0,357,G
3-PA,2053,0,2,359,0,361,G
3-PA,2054,0,0,356,0,356,G
3-PA,2055,0,0,352,0,352,G
3-PA,2056,0,0,0,347,347,C
3-PA,2057,0,354,0,0,354,T
3-PA,2058,359,0,0,0,359,A
3-PA,2059,0,358,0,0,358,T
3-PA,2060,358,0,0,0,358,A
3-PA,2061,0,355,0,0,355,T
3-PA,2062,0,0,345,0,345,G
3-PA,2063,341,0,0,0,341,A
3-PA,2064,332,0,0,0,332,A
3-PA,2065,0,0,327,0,327,G
3-PA,2066,0,0,0,329,329,C
3-PA,2067,308,0,0,0,308,A
3-PA,2068,316,0,0,0,316,A
3-PA,2069,0,313,0,0,313,T
3-PA,2070,0,314,0,0,314,T
3-PA,2071,0,0,318,0,318,G
3-PA,2072,315,0,0,0,315,A
3-PA,2073,0,0,316,0,316,G
3-PA,2074,0,1,310,0,311,G
3-PA,2075,295,0,0,0,295,A
3-PA,2076,0,0,296,0,296,G
3-PA,2077,0,273,0,0,273,T
3-PA,2078,0,0,272,0,272,G
3-PA,2079,0,0,0,272,272,C
3-PA,2080,0,0,0,270,270,C
3-PA,2081,0,270,0,0,270,T
3-PA,2082,1,0,273,0,274,G
3-PA,2083,274,0,0,0,274,A
3-PA,2084,0,276,0,0,276,T
3-PA,2085,0,266,0,0,266,T
3-PA,2086,265,0,0,0,265,A
3-PA,2087,263,0,1,0,264,A
3-PA,2088,0,262,0,0,262,T
3-PA,2089,0,0,260,0,260,G
3-PA,2090,255,0,0,0,255,A
3-PA,2091,0,242,0,0,242,T
3-PA,2092,0,0,0,244,244,C
3-PA,2093,0,0,0,239,239,C
3-PA,2094,0,0,0,241,241,C
3-PA,2095,0,241,0,0,241,T
3-PA,2096,0,0,240,0,240,G
3-PA,2097,0,0,239,0,239,G
3-PA,2098,0,0,240,0,240,G
3-PA,2099,0,241,0,0,241,T
3-PA,2100,0,237,0,0,237,T
3-PA,2101,0,236,0,0,236,T
3-PA,2102,0,235,0,0,235,T
3-PA,2103,0,0,235,0,235,G
3-PA,2104,0,0,0,232,232,C
3-PA,2105,0,232,0,0,232,T
3-PA,2106,2,0,0,227,229,C
3-PA,2107,230,0,0,0,230,A
3-PA,2108,231,0,0,0,231,A
3-PA,2109,0,228,0,0,228,T
3-PA,2110,0,0,229,0,229,G
3-PA,2111,0,0,0,226,226,C
3-PA,2112,0,1,224,0,225,G
3-PA,2113,0,220,0,1,221,T
3-PA,2114,0,0,0,222,222,C
3-PA,2115,0,219,0,0,219,T
3-PA,2116,0,218,0,0,218,T
3-PA,2117,0,3,213,0,216,G
3-PA,2118,0,0,214,0,214,G
3-PA,2119,0,215,0,1,216,T
3-PA,2120,0,212,0,0,212,T
3-PA,2121,2,0,0,209,211,C
3-PA,2122,211,0,0,0,211,A
3-PA,2123,209,0,0,0,209,A
3-PA,2124,0,0,0,210,210,C
3-PA,2125,0,206,0,0,206,T
3-PA,2126,0,0,0,202,202,C
3-PA,2127,0,0,0,197,197,C
3-PA,2128,0,194,0,0,194,T
3-PA,2129,0,193,0,0,193,T
3-PA,2130,1,0,0,193,194,C
3-PA,2131,1,0,0,195,196,C
3-PA,2132,0,193,0,0,193,T
3-PA,2133,0,1,188,0,189,G
3-PA,2134,190,0,1,0,191,A
3-PA,2135,0,1,0,188,189,C
3-PA,2136,184,0,0,0,184,A
3-PA,2137,0,0,0,177,177,C
3-PA,2138,173,0,0,0,173,A
3-PA,2139,0,172,0,0,172,T
3-PA,2140,0,0,170,0,170,G
3-PA,2141,0,0,0,172,172,C
3-PA,2142,166,0,0,0,166,A
3-PA,2143,0,167,0,0,167,T
3-PA,2144,0,166,0,0,166,T
3-PA,2145,166,0,0,0,166,A
3-PA,2146,166,0,0,0,166,A
3-PA,2147,167,0,0,0,167,A
3-PA,2148,167,0,0,0,167,A
3-PA,2149,0,166,0,0,166,T
3-PA,2150,132,0,0,0,132,A
3-PA,2151,0,0,132,0,132,G
4-HA,1,191,0,0,0,191,A
4-HA,2,0,192,0,0,192,T
4-HA,3,0,0,199,0,199,G
4-HA,4,201,0,0,0,201,A
4-HA,5,206,0,1,0,207,A
4-HA,6,0,0,221,0,221,G
4-HA,7,222,1,0,0,223,A
4-HA,8,0,0,0,238,238,C
4-HA,9,0,239,0,0,239,T
4-HA,10,244,1,0,0,245,A
4-HA,11,0,258,0,0,258,T
4-HA,12,1,0,0,255,256,C
4-HA,13,258,0,0,0,258,A
4-HA,14,0,257,0,0,257,T
4-HA,15,0,258,0,1,259,T
4-HA,16,0,0,283,0,283,G
4-HA,17,0,1,0,283,284,C
4-HA,18,0,285,0,0,285,T
4-HA,19,0,286,0,0,286,T
4-HA,20,0,285,0,0,285,T
4-HA,21,0,0,315,0,315,G
4-HA,22,314,0,0,0,314,A
4-HA,23,0,0,329,0,329,G
4-HA,24,0,1,0,324,325,C
4-HA,25,0,329,0,0,329,T
4-HA,26,355,0,0,0,355,A
4-HA,27,0,0,0,363,363,C
4-HA,28,371,0,0,0,371,A
4-HA,29,0,397,0,0,397,T
4-HA,30,0,399,0,1,400,T
4-HA,31,0,0,0,408,408,C
4-HA,32,0,406,0,1,407,T
4-HA,33,415,0,0,0,415,A
4-HA,34,0,414,0,0,414,T
4-HA,35,0,1,415,0,416,G
4-HA,36,0,415,0,0,415,T
4-HA,37,0,0,0,414,414,C
4-HA,38,0,408,0,4,412,T
4-HA,39,0,0,410,0,410,G
4-HA,40,0,0,413,0,413,G
4-HA,41,0,410,0,1,411,T
4-HA,42,0,410,0,1,411,T
4-HA,43,0,409,0,0,409,T
4-HA,44,0,413,0,0,413,T
4-HA,45,1,0,0,413,414,C
4-HA,46,0,0,413,0,413,G
4-HA,47,1,0,0,418,419,C
4-HA,48,0,414,0,2,416,T
4-HA,49,0,0,0,422,422,C
4-HA,50,421,0,0,0,421,A
4-HA,51,421,0,0,0,421,A
4-HA,52,424,0,0,0,424,A
4-HA,53,424,0,0,0,424,A
4-HA,54,424,0,0,0,424,A
4-HA,55,1,0,0,423,424,C
4-HA,56,0,427,0,0,427,T
4-HA,57,0,428,0,0,428,T
4-HA,58,1,0,0,425,426,C
4-HA,59,0,0,0,429,429,C
4-HA,60,0,429,0,0,429,T
4-HA,61,0,0,434,0,434,G
4-HA,62,0,0,436,0,436,G
4-HA,63,437,0,0,0,437,A
4-HA,64,445,0,0,0,445,A
4-HA,65,444,0,0,0,444,A
4-HA,66,0,457,0,0,457,T
4-HA,67,0,3,456,0,459,G
4-HA,68,455,0,2,0,457,A
4-HA,69,0,0,0,471,471,C
4-HA,70,469,0,0,0,469,A
4-HA,71,469,0,0,0,469,A
4-HA,72,0,1,0,478,479,C
4-HA,73,480,0,0,0,480,A
4-HA,74,0,1,481,0,482,G
4-HA,75,0,1,0,481,482,C
4-HA,76,486,0,0,0,486,A
4-HA,77,0,0,0,497,497,C
4-HA,78,0,1,490,0,491,G
4-HA,79,0,0,500,0,500,G
4-HA,80,0,0,0,503,503,C
4-HA,81,503,0,0,0,503,A
4-HA,82,506,1,2,0,509,A
4-HA,83,0,0,0,507,507,C
4-HA,84,0,0,517,0,517,G
4-HA,85,0,0,0,520,520,C
4-HA,86,0,521,0,0,521,T
4-HA,87,1,0,526,0,527,G
4-HA,88,0,527,0,1,528,T
4-HA,89,0,0,550,0,550,G
4-HA,90,0,0,0,555,555,C
4-HA,91,0,0,0,573,573,C
4-HA,92,0,569,0,3,572,T
4-HA,93,0,568,0,1,569,T
4-HA,94,0,1,573,0,574,G
4-HA,95,1,0,572,0,573,G
4-HA,96,0,0,583,0,583,G
4-HA,97,0,1,0,584,585,C
4-HA,98,583,0,1,0,584,A
4-HA,99,0,0,0,596,596,C
4-HA,100,1,0,0,593,594,C
4-HA,101,650,0,0,0,650,A
4-HA,102,0,648,0,0,648,T
4-HA,103,0,0,652,0,652,G
4-HA,104,1,0,0,656,657,C
4-HA,105,651,0,0,0,651,A
4-HA,106,1,0,695,0,696,G
4-HA,107,0,692,0,0,692,T
4-HA,108,700,0,0,0,700,A
4-HA,109,0,0,0,705,705,C
4-HA,110,2,0,0,693,695,C
4-HA,111,697,0,1,0,698,A
4-HA,112,694,0,0,0,694,A
4-HA,113,694,0,1,1,696,A
4-HA,114,0,0,0,704,704,C
4-HA,115,0,1,691,0,692,G
4-HA,116,0,1,697,0,698,G
4-HA,117,696,0,0,0,696,A
4-HA,118,698,0,0,0,698,A
4-HA,119,0,0,0,699,699,C
4-HA,120,1,0,695,0,696,G
4-HA,121,1,0,692,0,693,G
4-HA,122,0,726,0,0,726,T
4-HA,123,743,0,0,0,743,A
4-HA,124,0,0,739,0,739,G
4-HA,125,0,735,0,0,735,T
4-HA,126,0,1,740,0,741,G
4-HA,127,739,0,1,0,740,A
4-HA,128,736,0,1,0,737,A
4-HA,129,736,0,1,0,737,A
4-HA,130,726,0,1,0,727,A
4-HA,131,0,0,0,738,738,C
4-HA,132,737,0,1,0,738,A
4-HA,133,733,0,1,0,734,A
4-HA,134,0,737,0,0,737,T
4-HA,135,1,0,0,737,738,C
4-HA,136,738,0,0,0,738,A
4-HA,137,1,1,0,738,740,C
4-HA,138,0,1,737,0,738,G
4-HA,139,731,0,1,0,732,A
4-HA,140,731,0,0,0,731,A
4-HA,141,0,736,0,0,736,T
4-HA,142,0,3,730,0,733,G
4-HA,143,736,0,1,0,737,A
4-HA,144,0,1,0,738,739,C
4-HA,145,1,0,0,740,741,C
4-HA,146,744,0,1,0,745,A
4-HA,147,745,0,0,0,745,A
4-HA,148,750,0,0,0,750,A
4-HA,149,0,753,0,0,753,T
4-HA,150,0,752,0,0,752,T
4-HA,151,0,0,753,0,753,G
4-HA,152,750,0,1,0,751,A
4-HA,153,752,0,2,0,754,A
4-HA,154,0,0,754,0,754,G
4-HA,155,0,757,0,0,757,T
4-HA,156,0,778,0,0,778,T
4-HA,157,785,0,0,0,785,A
4-HA,158,0,0,0,786,786,C
4-HA,159,0,789,0,0,789,T
4-HA,160,787,0,0,0,787,A
4-HA,161,799,0,2,0,801,A
4-HA,162,0,800,0,0,800,T
4-HA,163,0,0,804,0,804,G
4-HA,164,0,0,0,838,838,C
4-HA,165,0,833,0,0,833,T
4-HA,166,834,0,0,0,834,A
4-HA,167,0,0,0,831,831,C
4-HA,168,0,833,0,0,833,T
4-HA,169,1,0,834,0,835,G
4-HA,170,829,0,1,1,831,A
4-HA,171,0,0,831,0,831,G
4-HA,172,0,1,0,832,833,C
4-HA,173,0,819,0,1,820,T
4-HA,174,0,1,848,0,849,G
4-HA,175,0,0,868,0,868,G
4-HA,176,0,871,0,0,871,T
4-HA,177,0,867,0,0,867,T
4-HA,178,2,0,0,866,868,C
4-HA,179,861,0,1,0,862,A
4-HA,180,0,1,867,0,868,G
4-HA,181,860,0,1,0,861,A
4-HA,182,0,0,885,0,885,G
4-HA,183,0,880,0,1,881,T
4-HA,184,1,869,0,1,871,T
4-HA,185,2,0,0,874,876,C
4-HA,186,0,0,0,874,874,C
4-HA,187,0,876,0,1,877,T
4-HA,188,0,0,0,877,877,C
4-HA,189,878,0,0,0,878,A
4-HA,190,881,0,0,0,881,A
4-HA,191,0,0,0,883,883,C
4-HA,192,869,0,3,0,872,A
4-HA,193,0,0,890,0,890,G
4-HA,194,0,0,891,0,891,G
4-HA,195,0,882,0,1,883,T
4-HA,196,0,2,897,0,899,G
4-HA,197,900,0,1,0,901,A
4-HA,198,899,0,1,0,900,A
4-HA,199,922,0,2,0,924,A
4-HA,200,0,915,0,0,915,T
4-HA,201,927,0,1,0,928,A
4-HA,202,0,916,0,1,917,T
4-HA,203,0,0,913,0,913,G
4-HA,204,0,0,0,921,921,C
4-HA,205,0,8,910,0,918,G
4-HA,206,921,0,0,0,921,A
4-HA,207,0,0,0,920,920,C
4-HA,208,909,0,1,0,910,A
4-HA,209,0,1,953,0,954,G
4-HA,210,0,947,0,0,947,T
4-HA,211,2,0,0,960,962,C
4-HA,212,0,0,0,961,961,C
4-HA,213,1,954,0,2,957,T
4-HA,214,1,1,0,974,976,C
4-HA,215,975,0,1,0,976,A
4-HA,216,0,976,0,0,976,T
4-HA,217,3,1,0,974,978,C
4-HA,218,936,0,2,0,938,A
4-HA,219,0,0,940,0,940,G
4-HA,220,923,0,0,0,923,A
4-HA,221,0,926,0,0,926,T
4-HA,222,2,1,0,927,930,C
4-HA,223,0,0,0,921,921,C
4-HA,224,0,917,0,0,917,T
4-HA,225,0,916,0,0,916,T
4-HA,226,0,0,919,0,919,G
4-HA,227,913,0,0,0,913,A
4-HA,228,0,914,0,0,914,T
4-HA,229,0,0,923,0,923,G
4-HA,230,0,2,916,0,918,G
4-HA,231,912,0,2,0,914,A
4-HA,232,911,0,0,0,911,A
4-HA,233,922,0,0,0,922,A
4-HA,234,929,0,0,0,929,A
4-HA,235,931,0,1,0,932,A
4-HA,236,928,0,1,0,929,A
4-HA,237,2,0,0,931,933,C
4-HA,238,0,924,0,0,924,T
4-HA,239,1,1,923,0,925,G
4-HA,240,0,0,0,927,927,C
4-HA,241,927,0,0,0,927,A
4-HA,242,0,0,0,982,982,C
4-HA,243,983,0,0,0,983,A
4-HA,244,0,0,0,1093,1093,C
4-HA,245,0,1098,0,0,1098,T
4-HA,246,1110,0,0,0,1110,A
4-HA,247,1113,0,0,0,1113,A
4-HA,248,0,1114,0,0,1114,T
4-HA,249,1108,0,2,0,1110,A
4-HA,250,1,1,1110,0,1112,G
4-HA,251,1094,0,2,0,1096,A
4-HA,252,0,1076,0,0,1076,T
4-HA,253,0,0,1021,0,1021,G
4-HA,254,0,1,0,1034,1035,C
4-HA,255,0,1025,0,3,1028,T
4-HA,256,0,0,0,1085,1085,C
4-HA,257,0,1081,0,0,1081,T
4-HA,258,1118,0,0,0,1118,A
4-HA,259,0,1118,0,0,1118,T
4-HA,260,0,1112,0,0,1112,T
4-HA,261,0,2,1130,0,1132,G
4-HA,262,0,1,1131,0,1132,G
4-HA,263,0,0,1147,1,1148,G
4-HA,264,1142,0,0,0,1142,A
4-HA,265,0,1,1132,0,1133,G
4-HA,266,1114,0,2,0,1116,A
4-HA,267,2,0,2,1270,1274,C
4-HA,268,0,0,0,1309,1309,C
4-HA,269,2,0,0,1313,1315,C
4-HA,270,0,1318,0,1,1319,T
4-HA,271,1,0,0,1360,1361,C
4-HA,272,1360,0,0,0,1360,A
4-HA,273,0,0,1473,0,1473,G
4-HA,274,0,1459,0,3,1462,T
4-HA,275,0,4,1472,0,1476,G
4-HA,276,0,1436,0,3,1439,T
4-HA,277,0,5,1435,0,1440,G
4-HA,278,1432,5,3,0,1440,A
4-HA,279,0,1443,0,1,1444,T
4-HA,280,0,2,1440,0,1442,G
4-HA,281,1,1,1435,0,1437,G
4-HA,282,0,0,0,1428,1428,C
4-HA,283,0,1426,1,0,1427,T
4-HA,284,0,1433,0,1,1434,T
4-HA,285,2,1,0,1425,1428,C
4-HA,286,1,0,0,1428,1429,C
4-HA,287,1436,0,0,0,1436,A
4-HA,288,1439,0,0,0,1439,A
4-HA,289,1437,0,0,0,1437,A
4-HA,290,1441,0,0,1,1442,A
4-HA,291,0,1449,0,0,1449,T
4-HA,292,1446,0,0,0,1446,A
4-HA,293,1443,0,2,0,1445,A
4-HA,294,0,1,1460,0,1461,G
4-HA,295,1474,0,0,0,1474,A
4-HA,296,1478,0,0,0,1478,A
4-HA,297,1471,0,0,1,1472,A
4-HA,298,0,1481,0,0,1481,T
4-HA,299,1,0,1474,0,1475,G
4-HA,300,2,1,1477,0,1480,G
4-HA,301,0,1,1466,0,1467,G
4-HA,302,1470,0,0,0,1470,A
4-HA,303,0,0,0,1500,1500,C
4-HA,304,1,0,0,1492,1493,C
4-HA,305,0,1528,0,0,1528,T
4-HA,306,0,1522,0,0,1522,T
4-HA,307,0,1528,0,0,1528,T
4-HA,308,0,1535,0,0,1535,T
4-HA,309,0,1539,0,0,1539,T
4-HA,310,0,0,1547,0,1547,G
4-HA,311,0,1544,0,1,1545,T
4-HA,312,0,1546,0,0,1546,T
4-HA,313,2,2,1546,0,1550,G
4-HA,314,1540,0,0,0,1540,A
4-HA,315,1539,0,1,0,1540,A
4-HA,316,0,0,0,1544,1544,C
4-HA,317,1,0,1537,1,1539,G
4-HA,318,0,2,0,1564,1566,C
4-HA,319,1569,0,0,0,1569,A
4-HA,320,1,1,1576,0,1578,G
4-HA,321,1,1,0,1579,1581,C
4-HA,322,1581,0,1,0,1582,A
4-HA,323,1576,0,0,0,1576,A
4-HA,324,1578,0,2,0,1580,A
4-HA,325,0,0,1648,0,1648,G
4-HA,326,0,0,0,1649,1649,C
4-HA,327,1,0,0,1645,1646,C
4-HA,328,0,1641,0,1,1642,T
4-HA,329,1638,0,1,0,1639,A
4-HA,330,0,0,0,1669,1669,C
4-HA,331,1663,0,4,0,1667,A
4-HA,332,0,1,1673,0,1674,G
4-HA,333,0,0,0,1667,1667,C
4-HA,334,1643,0,0,0,1643,A
4-HA,335,1658,0,3,0,1661,A
4-HA,336,0,0,0,1741,1741,C
4-HA,337,0,1730,0,1,1731,T
4-HA,338,0,0,1742,0,1742,G
4-HA,339,0,1725,0,1,1726,T
4-HA,340,0,1731,0,0,1731,T
4-HA,341,1727,0,2,0,1729,A
4-HA,342,0,1,0,1914,1915,C
4-HA,343,1,0,0,1928,1929,C
4-HA,344,3,0,0,1979,1982,C
4-HA,345,0,1946,0,1,1947,T
4-HA,346,0,1945,0,4,1949,T
4-HA,347,1955,0,1,0,1956,A
4-HA,348,0,1956,0,2,1958,T
4-HA,349,2,0,1953,0,1955,G
4-HA,350,1948,0,0,0,1948,A
4-HA,351,0,1862,0,0,1862,T
4-HA,352,1,1,1887,0,1889,G
4-HA,353,0,1863,0,0,1863,T
4-HA,354,0,0,1861,0,1861,G
4-HA,355,0,1,0,1859,1860,C
4-HA,356,2,2,0,1862,1866,C
4-HA,357,2,0,1898,0,1900,G
4-HA,358,0,2,1919,0,1921,G
4-HA,359,1918,0,1,0,1919,A
4-HA,360,0,1931,0,1,1932,T
4-HA,361,0,1916,0,0,1916,T
4-HA,362,1925,0,1,0,1926,A
4-HA,363,0,1926,0,1,1927,T
4-HA,364,3,0,1923,0,1926,G
4-HA,365,0,2,0,1919,1921,C
4-HA,366,2,0,0,1918,1920,C
4-HA,367,0,1939,0,3,1942,T
4-HA,368,1,0,0,2041,2042,C
4-HA,369,0,2,0,2060,2062,C
4-HA,370,3,1,0,2069,2073,C
4-HA,371,0,2064,0,1,2065,T
4-HA,372,0,2069,0,0,2069,T
4-HA,373,2070,0,0,0,2070,A
4-HA,374,0,1,2120,0,2121,G
4-HA,375,0,0,2117,0,2117,G
4-HA,376,0,2086,0,2,2088,T
4-HA,377,8,1,0,2063,2072,C
4-HA,378,2049,1,0,0,2050,A
4-HA,379,0,0,0,2101,2101,C
4-HA,380,0,2102,0,1,2103,T
4-HA,381,2103,0,3,0,2106,A
4-HA,382,1,0,2100,0,2101,G
4-HA,383,0,2067,0,1,2068,T
4-HA,384,0,2070,0,1,2071,T
4-HA,385,1,0,2083,0,2084,G
4-HA,386,1,0,0,2083,2084,C
4-HA,387,1,1,0,2077,2079,C
4-HA,388,1,2068,0,6,2075,T
4-HA,389,3,0,1,2079,2083,C
4-HA,390,2158,0,1,0,2159,A
4-HA,391,0,2161,0,1,2162,T
4-HA,392,2,1,0,2166,2169,C
4-HA,393,2,1,0,2161,2164,C
4-HA,394,1,3,2140,0,2144,G
4-HA,395,0,1,2152,0,2153,G
4-HA,396,0,0,0,2163,2163,C
4-HA,397,2172,0,4,0,2176,A
4-HA,398,0,0,0,2210,2210,C
4-HA,399,2165,0,3,0,2168,A
4-HA,400,0,0,0,2184,2184,C
4-HA,401,0,2175,0,1,2176,T
4-HA,402,1,1,2197,0,2199,G
4-HA,403,0,2,2208,0,2210,G
4-HA,404,2185,0,4,0,2189,A
4-HA,405,0,2,2214,0,2216,G
4-HA,406,0,2191,1,3,2195,T
4-HA,407,0,2198,2,0,2200,T
4-HA,408,0,2206,0,2,2208,T
4-HA,409,2196,0,1,1,2198,A
4-HA,410,2196,0,4,0,2200,A
4-HA,411,0,0,0,2213,2213,C
4-HA,412,2185,0,1,1,2187,A
4-HA,413,2185,0,0,0,2185,A
4-HA,414,1,2174,0,1,2176,T
4-HA,415,0,3,2168,1,2172,G
4-HA,416,2176,1,1,0,2178,A
4-HA,417,2176,1,1,0,2178,A
4-HA,418,2174,0,4,1,2179,A
4-HA,419,1,0,2174,0,2175,G
4-HA,420,0,0,0,2193,2193,C
4-HA,421,0,2190,0,4,2194,T
4-HA,422,0,2196,0,1,2197,T
4-HA,423,2,0,0,2219,2221,C
4-HA,424,2224,0,1,0,2225,A
4-HA,425,2221,1,1,0,2223,A
4-HA,426,0,2223,0,1,2224,T
4-HA,427,1,2217,0,1,2219,T
4-HA,428,1,4,2245,0,2250,G
4-HA,429,0,6,2267,0,2273,G
4-HA,430,2269,0,2,0,2271,A
4-HA,431,1,0,0,2291,2292,C
4-HA,432,0,2267,0,1,2268,T
4-HA,433,0,2,2275,0,2277,G
4-HA,434,0,2,2290,0,2292,G
4-HA,435,2279,0,1,0,2280,A
4-HA,436,1,0,2285,0,2286,G
4-HA,437,0,2252,0,2,2254,T
4-HA,438,13,1,0,2213,2227,C
4-HA,439,2255,0,2,0,2257,A
4-HA,440,0,0,0,2268,2268,C
4-HA,441,1,2254,0,2,2257,T
4-HA,442,2,1,0,2263,2266,C
4-HA,443,2248,0,0,0,2248,A
4-HA,444,2272,0,1,0,2273,A
4-HA,445,2258,0,3,0,2261,A
4-HA,446,2267,0,3,0,2270,A
4-HA,447,0,1,0,2280,2281,C
4-HA,448,1,2,2257,0,2260,G
4-HA,449,0,4,2280,0,2284,G
4-HA,450,2286,0,4,0,2290,A
4-HA,451,2286,0,0,0,2286,A
4-HA,452,0,1,0,2302,2303,C
4-HA,453,2292,0,0,0,2292,A
4-HA,454,2301,0,2,0,2303,A
4-HA,455,0,1,2313,0,2314,G
4-HA,456,2,0,0,2316,2318,C
4-HA,457,0,2300,0,0,2300,T
4-HA,458,0,0,0,2322,2322,C
4-HA,459,1,2321,0,0,2322,T
4-HA,460,0,0,2326,0,2326,G
4-HA,461,2,0,0,2336,2338,C
4-HA,462,0,2333,0,2,2335,T
4-HA,463,0,2396,0,1,2397,T
4-HA,464,0,0,2450,1,2451,G
4-HA,465,0,0,0,2466,2466,C
4-HA,466,2473,0,0,0,2473,A
4-HA,467,0,2446,0,4,2450,T
4-HA,468,2451,0,0,0,2451,A
4-HA,469,2426,0,3,0,2429,A
4-HA,470,1,1,2426,0,2428,G
4-HA,471,1,3,2428,0,2432,G
4-HA,472,2349,0,4,0,2353,A
4-HA,473,0,4,2341,0,2345,G
4-HA,474,2321,0,6,0,2327,A
4-HA,475,0,2384,0,0,2384,T
4-HA,476,0,0,0,2392,2392,C
4-HA,477,0,2391,0,1,2392,T
4-HA,478,2391,0,1,0,2392,A
4-HA,479,2388,0,0,0,2388,A
4-HA,480,2376,3,1,0,2380,A
4-HA,481,2382,1,1,0,2384,A
4-HA,482,2376,1,0,2,2379,A
4-HA,483,0,0,0,2396,2396,C
4-HA,484,2328,0,0,0,2328,A
4-HA,485,1,0,2338,0,2339,G
4-HA,486,0,2322,0,4,2326,T
4-HA,487,0,2355,0,0,2355,T
4-HA,488,0,2358,1,1,2360,T
4-HA,489,3,0,0,2418,2421,C
4-HA,490,0,2413,0,5,2418,T
4-HA,491,0,2428,0,1,2429,T
4-HA,492,0,2424,0,1,2425,T
4-HA,493,2415,0,3,0,2418,A
4-HA,494,2,0,2422,0,2424,G
4-HA,495,0,2415,0,3,2418,T
4-HA,496,2426,0,0,0,2426,A
4-HA,497,5,1,2423,0,2429,G
4-HA,498,2386,0,1,0,2387,A
4-HA,499,0,2392,0,2,2394,T
4-HA,500,0,2387,0,0,2387,T
4-HA,501,0,5,2433,0,2438,G
4-HA,502,2423,0,1,1,2425,A
4-HA,503,2432,0,1,0,2433,A
4-HA,504,0,2424,0,3,2427,T
4-HA,505,0,2412,0,0,2412,T
4-HA,506,0,3,2436,0,2439,G
4-HA,507,0,0,2424,0,2424,G
4-HA,508,0,2424,0,1,2425,T
4-HA,509,0,2424,1,4,2429,T
4-HA,510,1,3,2384,0,2388,G
4-HA,511,2390,0,6,0,2396,A
4-HA,512,0,1,0,2400,2401,C
4-HA,513,1,0,0,2380,2381,C
4-HA,514,3,0,0,2412,2415,C
4-HA,515,2420,1,0,0,2421,A
4-HA,516,0,1,1,2444,2446,C
4-HA,517,1,2434,0,2,2437,T
4-HA,518,0,2440,0,2,2442,T
4-HA,519,2446,0,0,0,2446,A
4-HA,520,2436,0,0,0,2436,A
4-HA,521,2426,0,1,0,2427,A
4-HA,522,3,0,0,2372,2375,C
4-HA,523,1,2428,0,6,2435,T
4-HA,524,1,2430,0,1,2432,T
4-HA,525,2,2,0,2460,2464,C
4-HA,526,2468,0,2,0,2470,A
4-HA,527,2465,0,1,0,2466,A
4-HA,528,2471,0,0,0,2471,A
4-HA,529,0,2455,0,2,2457,T
4-HA,530,2495,0,1,0,2496,A
4-HA,531,0,0,0,2511,2511,C
4-HA,532,1,3,0,2451,2455,C
4-HA,533,5,0,0,2459,2464,C
4-HA,534,2457,0,2,0,2459,A
4-HA,535,0,0,2540,0,2540,G
4-HA,536,0,2,0,2551,2553,C
4-HA,537,2553,0,0,0,2553,A
4-HA,538,0,2546,0,2,2548,T
4-HA,539,1,2532,0,2,2535,T
4-HA,540,1,6,2603,0,2610,G
4-HA,541,2601,0,4,0,2605,A
4-HA,542,2609,0,2,1,2612,A
4-HA,543,0,2,0,2619,2621,C
4-HA,544,0,0,2548,1,2549,G
4-HA,545,1,2556,0,3,2560,T
4-HA,546,0,8,2577,0,2585,G
4-HA,547,2582,0,4,0,2586,A
4-HA,548,0,1,0,2592,2593,C
4-HA,549,0,2533,0,2,2535,T
4-HA,550,2587,1,2,0,2590,A
4-HA,551,0,2590,0,1,2591,T
4-HA,552,1,1,2613,0,2615,G
4-HA,553,0,2,0,2612,2614,C
4-HA,554,4,2,0,2570,2576,C
4-HA,555,2570,0,3,0,2573,A
4-HA,556,2579,0,0,0,2579,A
4-HA,557,2609,0,3,0,2612,A
4-HA,558,0,0,0,2627,2627,C
4-HA,559,2575,0,1,0,2576,A
4-HA,560,2578,0,0,0,2578,A
4-HA,561,0,2562,0,1,2563,T
4-HA,562,1,4,2559,0,2564,G
4-HA,563,2564,0,1,0,2565,A
4-HA,564,2560,0,2,0,2562,A
4-HA,565,0,1,0,2523,2524,C
4-HA,566,2538,0,3,0,2541,A
4-HA,567,2551,0,0,0,2551,A
4-HA,568,0,2550,0,1,2551,T
4-HA,569,1,2545,0,0,2546,T
4-HA,570,0,2563,0,0,2563,T
4-HA,571,1,8,2542,0,2551,G
4-HA,572,2561,0,1,0,2562,A
4-HA,573,0,0,0,2559,2559,C
4-HA,574,2566,0,0,0,2566,A
4-HA,575,2570,0,0,0,2570,A
4-HA,576,2605,0,1,0,2606,A
4-HA,577,0,2606,0,1,2607,T
4-HA,578,0,2614,0,0,2614,T
4-HA,579,0,0,2634,1,2635,G
4-HA,580,0,2641,0,3,2644,T
4-HA,581,2634,2,4,1,2641,A
4-HA,582,0,1,0,2689,2690,C
4-HA,583,2685,0,0,0,2685,A
4-HA,584,0,2719,0,1,2720,T
4-HA,585,0,2679,0,1,2680,T
4-HA,586,0,2667,0,1,2668,T
4-HA,587,0,6,2664,0,2670,G
4-HA,588,1,3,2645,0,2649,G
4-HA,589,5,3,2646,0,2654,G
4-HA,590,1,5,2640,0,2646,G
4-HA,591,1,3,2611,0,2615,G
4-HA,592,1,2,2672,0,2675,G
4-HA,593,0,2629,0,6,2635,T
4-HA,594,0,2655,0,0,2655,T
4-HA,595,3,0,0,2661,2664,C
4-HA,596,2655,0,5,1,2661,A
4-HA,597,0,0,0,2677,2677,C
4-HA,598,4,0,0,2672,2676,C
4-HA,599,2671,0,3,0,2674,A
4-HA,600,1,1,0,2714,2716,C
4-HA,601,0,0,0,2680,2680,C
4-HA,602,3,2,0,2647,2652,C
4-HA,603,2,5,2656,1,2664,G
4-HA,604,0,2,2701,0,2703,G
4-HA,605,1,1,2709,0,2711,G
4-HA,606,0,2668,0,0,2668,T
4-HA,607,2701,0,0,0,2701,A
4-HA,608,0,3,0,2687,2690,C
4-HA,609,1,5,2668,0,2674,G
4-HA,610,0,2,2689,0,2691,G
4-HA,611,2707,0,3,0,2710,A
4-HA,612,0,0,0,2704,2704,C
4-HA,613,2645,0,1,0,2646,A
4-HA,614,2637,0,0,0,2637,A
4-HA,615,2628,0,5,0,2633,A
4-HA,616,0,3,2682,0,2685,G
4-HA,617,2673,0,2,0,2675,A
4-HA,618,1,0,0,2694,2695,C
4-HA,619,4,1,0,2648,2653,C
4-HA,620,2666,0,0,0,2666,A
4-HA,621,2661,0,1,0,2662,A
4-HA,622,2683,0,1,0,2684,A
4-HA,623,0,2668,0,0,2668,T
4-HA,624,2,0,1,2707,2710,C
4-HA,625,0,2598,0,2,2600,T
4-HA,626,0,2586,0,1,2587,T
4-HA,627,2,0,0,2635,2637,C
4-HA,628,1,0,0,2650,2651,C
4-HA,629,0,2632,0,2,2634,T
4-HA,630,4,0,2659,0,2663,G
4-HA,631,1,2621,0,4,2626,T
4-HA,632,2651,0,0,0,2651,A
4-HA,633,0,2633,0,2,2635,T
4-HA,634,2,1,2662,0,2665,G
4-HA,635,2,1,0,2642,2645,C
4-HA,636,1,2629,0,4,2634,T
4-HA,637,2,4,0,2648,2654,C
4-HA,638,2657,0,4,0,2661,A
4-HA,639,2651,0,1,0,2652,A
4-HA,640,0,0,2655,0,2655,G
4-HA,641,0,0,0,2653,2653,C
4-HA,642,2654,0,0,0,2654,A
4-HA,643,0,2616,0,2,2618,T
4-HA,644,5,2,0,2633,2640,C
4-HA,645,2627,0,2,0,2629,A
4-HA,646,1,1,2642,1,2645,G
4-HA,647,1,1,2640,0,2642,G
4-HA,648,2635,0,1,0,2636,A
4-HA,649,2623,0,3,0,2626,A
4-HA,650,0,3,2651,0,2654,G
4-HA,651,2664,0,1,0,2665,A
4-HA,652,2702,0,0,0,2702,A
4-HA,653,0,2704,0,3,2707,T
4-HA,654,5,0,0,2714,2719,C
4-HA,655,2693,0,4,0,2697,A
4-HA,656,0,3,0,2694,2697,C
4-HA,657,2691,1,4,2,2698,A
4-HA,658,1,0,2739,0,2740,G
4-HA,659,0,2691,0,6,2697,T
4-HA,660,8,0,0,2709,2717,C
4-HA,661,1,2677,1,2,2681,T
4-HA,662,4,0,0,2732,2736,C
4-HA,663,0,2739,0,2,2741,T
4-HA,664,2758,0,1,0,2759,A
4-HA,665,0,1,0,2763,2764,C
4-HA,666,2,0,1,2764,2767,C
4-HA,667,2730,0,2,0,2732,A
4-HA,668,2733,0,1,0,2734,A
4-HA,669,2721,0,1,0,2722,A
4-HA,670,2719,0,7,0,2726,A
4-HA,671,2,2,2714,0,2718,G
4-HA,672,2648,0,2,0,2650,A
4-HA,673,2638,0,2,0,2640,A
4-HA,674,2,1,2638,0,2641,G
4-HA,675,3,1,0,2628,2632,C
4-HA,676,4,0,0,2654,2658,C
4-HA,677,2657,0,3,0,2660,A
4-HA,678,2655,7,3,0,2665,A
4-HA,679,1,1,0,2668,2670,C
4-HA,680,2673,0,0,0,2673,A
4-HA,681,2658,0,1,7,2666,A
4-HA,682,2657,0,1,0,2658,A
4-HA,683,0,0,0,2700,2700,C
4-HA,684,0,2676,0,1,2677,T
4-HA,685,1,1,2687,0,2689,G
4-HA,686,1,2674,0,0,2675,T
4-HA,687,2682,0,1,0,2683,A
4-HA,688,2689,0,0,0,2689,A
4-HA,689,0,2665,0,2,2667,T
4-HA,690,0,0,0,2672,2672,C
4-HA,691,1,1,0,2660,2662,C
4-HA,692,0,0,0,2637,2637,C
4-HA,693,0,6,2640,0,2646,G
4-HA,694,2633,0,2,0,2635,A
4-HA,695,2641,0,0,0,2641,A
4-HA,696,0,2635,0,1,2636,T
4-HA,697,2647,1,0,0,2648,A
4-HA,698,0,2619,0,1,2620,T
4-HA,699,3,2,0,2623,2628,C
4-HA,700,0,4,2625,1,2630,G
4-HA,701,0,1,2692,0,2693,G
4-HA,702,2690,0,0,0,2690,A
4-HA,703,0,2715,0,3,2718,T
4-HA,704,7,1,0,2721,2729,C
4-HA,705,1,2725,0,1,2727,T
4-HA,706,2727,0,1,0,2728,A
4-HA,707,1,2,2722,0,2725,G
4-HA,708,2745,0,1,0,2746,A
4-HA,709,0,1,0,2738,2739,C
4-HA,710,1,2,0,2652,2655,C
4-HA,711,6,0,0,2657,2663,C
4-HA,712,2649,0,2,0,2651,A
4-HA,713,0,1,2780,1,2782,G
4-HA,714,2777,1,5,0,2783,A
4-HA,715,0,0,2813,0,2813,G
4-HA,716,0,2770,0,0,2770,T
4-HA,717,2777,0,2,0,2779,A
4-HA,718,2780,0,5,1,2786,A
4-HA,719,1,3,2812,1,2817,G
4-HA,720,2,4,2832,0,2838,G
4-HA,721,2801,0,1,1,2803,A
4-HA,722,2610,0,0,1,2611,A
4-HA,723,1,2595,0,1,2597,T
4-HA,724,2589,0,3,1,2593,A
4-HA,725,0,2577,0,4,2581,T
4-HA,726,2,2,0,2611,2615,C
4-HA,727,4,2,0,2610,2616,C
4-HA,728,5,0,0,2560,2565,C
4-HA,729,0,2546,0,2,2548,T
4-HA,730,2557,0,1,0,2558,A
4-HA,731,0,0,2559,0,2559,G
4-HA,732,0,0,0,2567,2567,C
4-HA,733,2498,1,1,0,2500,A
4-HA,734,0,7,2572,0,2579,G
4-HA,735,2548,0,4,0,2552,A
4-HA,736,2562,0,1,0,2563,A
4-HA,737,0,2562,1,0,2563,T
4-HA,738,2556,0,1,0,2557,A
4-HA,739,2569,0,1,0,2570,A
4-HA,740,1,1,2553,0,2555,G
4-HA,741,0,0,0,2564,2564,C
4-HA,742,2567,1,0,0,2568,A
4-HA,743,1,2512,1,2,2516,T
4-HA,744,0,0,0,2654,2654,C
4-HA,745,0,2645,0,2,2647,T
4-HA,746,2654,0,0,0,2654,A
4-HA,747,1,2653,0,2,2656,T
4-HA,748,0,2645,0,1,2646,T
4-HA,749,1,3,2660,0,2664,G
4-HA,750,2,5,2644,0,2651,G
4-HA,751,2643,0,2,0,2645,A
4-HA,752,0,2,0,2661,2663,C
4-HA,753,2526,1,0,0,2527,A
4-HA,754,2566,0,0,0,2566,A
4-HA,755,0,2655,0,1,2656,T
4-HA,756,2675,0,3,0,2678,A
4-HA,757,2,0,2697,0,2699,G
4-HA,758,0,2685,0,0,2685,T
4-HA,759,2694,0,1,0,2695,A
4-HA,760,2695,0,0,0,2695,A
4-HA,761,2715,0,0,1,2716,A
4-HA,762,2733,0,5,2,2740,A
4-HA,763,1,2,0,2753,2756,C
4-HA,764,3,0,0,2650,2653,C
4-HA,765,1,5,2633,1,2640,G
4-HA,766,1,2,2664,0,2667,G
4-HA,767,1,5,2679,0,2685,G
4-HA,768,2675,0,0,0,2675,A
4-HA,769,0,1,2700,0,2701,G
4-HA,770,2734,0,3,1,2738,A
4-HA,771,0,0,0,2736,2736,C
4-HA,772,2729,0,0,7,2736,A
4-HA,773,0,2741,0,0,2741,T
4-HA,774,2732,0,1,1,2734,A
4-HA,775,0,0,0,2786,2786,C
4-HA,776,1,2768,0,3,2772,T
4-HA,777,0,2791,0,2,2793,T
4-HA,778,0,2807,0,1,2808,T
4-HA,779,0,2797,1,0,2798,T
4-HA,780,3,7,2810,0,2820,G
4-HA,781,2822,0,0,2,2824,A
4-HA,782,0,2822,0,0,2822,T
4-HA,783,0,2871,0,3,2874,T
4-HA,784,2860,0,0,1,2861,A
4-HA,785,2866,0,2,1,2869,A
4-HA,786,0,0,0,2902,2902,C
4-HA,787,2903,0,2,1,2906,A
4-HA,788,3,0,2970,0,2973,G
4-HA,789,0,0,0,2946,2946,C
4-HA,790,2940,0,1,0,2941,A
4-HA,791,0,0,0,2963,2963,C
4-HA,792,2941,0,2,0,2943,A
4-HA,793,2,5,2970,0,2977,G
4-HA,794,0,1,2964,0,2965,G
4-HA,795,1,4,3057,0,3062,G
4-HA,796,3035,0,2,1,3038,A
4-HA,797,3049,0,1,1,3051,A
4-HA,798,0,3057,0,1,3058,T
4-HA,799,6,0,0,3052,3058,C
4-HA,800,1,3084,0,1,3086,T
4-HA,801,3091,0,1,1,3093,A
4-HA,802,3072,0,0,2,3074,A
4-HA,803,0,3057,0,2,3059,T
4-HA,804,0,2983,0,3,2986,T
4-HA,805,1,1,2995,0,2997,G
4-HA,806,1,1,0,3048,3050,C
4-HA,807,0,3125,0,4,3129,T
4-HA,808,4,1,0,3180,3185,C
4-HA,809,1,0,0,3201,3202,C
4-HA,810,0,3184,0,0,3184,T
4-HA,811,3196,0,2,0,3198,A
4-HA,812,1,3,3204,0,3208,G
4-HA,813,1,4,3225,0,3230,G
4-HA,814,0,2,3219,0,3221,G
4-HA,815,1,0,3208,0,3209,G
4-HA,816,0,3137,0,3,3140,T
4-HA,817,0,3111,0,2,3113,T
4-HA,818,3125,1,2,0,3128,A
4-HA,819,0,1,0,3165,3166,C
4-HA,820,0,3155,0,2,3157,T
4-HA,821,1,3172,0,2,3175,T
4-HA,822,4,5,0,3156,3165,C
4-HA,823,3164,0,0,0,3164,A
4-HA,824,3163,0,0,0,3163,A
4-HA,825,3165,0,1,0,3166,A
4-HA,826,3178,0,1,0,3179,A
4-HA,827,0,3166,0,1,3167,T
4-HA,828,3132,0,3,0,3135,A
4-HA,829,0,1,0,3142,3143,C
4-HA,830,0,3,3138,0,3141,G
4-HA,831,3132,0,0,0,3132,A
4-HA,832,3122,0,4,1,3127,A
4-HA,833,1,3,3171,0,3175,G
4-HA,834,0,3143,0,2,3145,T
4-HA,835,3,1,3170,0,3174,G
4-HA,836,3,1,3180,0,3184,G
4-HA,837,1,2,3193,0,3196,G
4-HA,838,3195,0,2,0,3197,A
4-HA,839,3204,0,1,0,3205,A
4-HA,840,3201,0,0,0,3201,A
4-HA,841,3174,0,6,0,3180,A
4-HA,842,1,0,3237,0,3238,G
4-HA,843,0,0,0,3223,3223,C
4-HA,844,0,3205,0,4,3209,T
4-HA,845,8,0,0,3244,3252,C
4-HA,846,3262,0,2,0,3264,A
4-HA,847,3289,0,0,0,3289,A
4-HA,848,0,3286,0,0,3286,T
4-HA,849,3323,0,2,1,3326,A
4-HA,850,3320,0,0,0,3320,A
4-HA,851,0,3268,0,4,3272,T
4-HA,852,0,6,3274,0,3280,G
4-HA,853,3232,0,7,0,3239,A
4-HA,854,1,5,3313,0,3319,G
4-HA,855,3316,0,2,0,3318,A
4-HA,856,0,3276,0,2,3278,T
4-HA,857,7,0,0,3327,3334,C
4-HA,858,3324,0,1,0,3325,A
4-HA,859,1,1,3368,0,3370,G
4-HA,860,3367,1,2,0,3370,A
4-HA,861,0,3350,0,1,3351,T
4-HA,862,4,0,3355,0,3359,G
4-HA,863,1,1,0,3292,3294,C
4-HA,864,3285,0,2,0,3287,A
4-HA,865,1,2,0,3346,3349,C
4-HA,866,5,2,0,3318,3325,C
4-HA,867,1,0,0,3345,3346,C
4-HA,868,3280,0,1,0,3281,A
4-HA,869,1,3259,0,1,3261,T
4-HA,870,0,3277,0,4,3281,T
4-HA,871,2,2,3318,0,3322,G
4-HA,872,0,0,3289,0,3289,G
4-HA,873,0,3,0,3309,3312,C
4-HA,874,3278,0,2,0,3280,A
4-HA,875,3267,0,1,0,3268,A
4-HA,876,3313,0,0,0,3313,A
4-HA,877,0,3315,0,3,3318,T
4-HA,878,0,0,3314,0,3314,G
4-HA,879,1,0,0,3324,3325,C
4-HA,880,3291,0,1,0,3292,A
4-HA,881,3366,1,1,0,3368,A
4-HA,882,1,3356,0,1,3358,T
4-HA,883,1,3366,0,0,3367,T
4-HA,884,5,1,0,3384,3390,C
4-HA,885,0,3317,0,1,3318,T
4-HA,886,1,9,3329,0,3339,G
4-HA,887,3317,0,2,0,3319,A
4-HA,888,3347,0,0,0,3347,A
4-HA,889,0,3339,0,0,3339,T
4-HA,890,1,2,3285,0,3288,G
4-HA,891,1,2,0,3300,3303,C
4-HA,892,3301,0,1,0,3302,A
4-HA,893,0,3299,0,3,3302,T
4-HA,894,3,1,0,3293,3297,C
4-HA,895,3265,1,3,1,3270,A
4-HA,896,0,1,0,3406,3407,C
4-HA,897,0,3374,1,7,3382,T
4-HA,898,6,3,0,3405,3414,C
4-HA,899,4,1,0,3400,3405,C
4-HA,900,3440,1,1,0,3442,A
4-HA,901,3420,0,1,0,3421,A
4-HA,902,3437,0,1,0,3438,A
4-HA,903,0,3315,0,0,3315,T
4-HA,904,0,1,3340,0,3341,G
4-HA,905,2,1,3337,0,3340,G
4-HA,906,3318,0,3,0,3321,A
4-HA,907,3310,0,3,0,3313,A
4-HA,908,0,1,3330,0,3331,G
4-HA,909,2,1,0,3286,3289,C
4-HA,910,3264,1,0,0,3265,A
4-HA,911,0,3267,0,1,3268,T
4-HA,912,0,3245,0,2,3247,T
4-HA,913,1,2,0,3332,3335,C
4-HA,914,6,1,0,3308,3315,C
4-HA,915,2,0,1,3328,3331,C
4-HA,916,3334,0,1,1,3336,A
4-HA,917,3368,0,0,0,3368,A
4-HA,918,0,3400,0,1,3401,T
4-HA,919,1,11,3389,0,3401,G
4-HA,920,3385,0,6,0,3391,A
4-HA,921,0,0,0,3398,3398,C
4-HA,922,3318,0,0,0,3318,A
4-HA,923,3321,1,1,0,3323,A
4-HA,924,3297,0,5,0,3302,A
4-HA,925,1,0,0,3330,3331,C
4-HA,926,3,0,0,3300,3303,C
4-HA,927,3245,0,1,1,3247,A
4-HA,928,0,3243,0,2,3245,T
4-HA,929,0,3220,0,1,3221,T
4-HA,930,3,0,0,3247,3250,C
4-HA,931,5,0,0,3253,3258,C
4-HA,932,3258,1,0,0,3259,A
4-HA,933,3255,0,1,0,3256,A
4-HA,934,3247,0,1,0,3248,A
4-HA,935,3291,0,1,0,3292,A
4-HA,936,0,3277,0,1,3278,T
4-HA,937,0,0,3300,0,3300,G
4-HA,938,0,3277,0,0,3277,T
4-HA,939,3313,0,0,0,3313,A
4-HA,940,3307,0,2,0,3309,A
4-HA,941,3297,0,4,0,3301,A
4-HA,942,0,0,0,3313,3313,C
4-HA,943,3284,0,2,0,3286,A
4-HA,944,0,2,3310,0,3312,G
4-HA,945,0,5,3295,0,3300,G
4-HA,946,3378,1,3,0,3382,A
4-HA,947,1,3352,0,5,3358,T
4-HA,948,8,3,0,3393,3404,C
4-HA,949,3416,0,4,1,3421,A
4-HA,950,0,1,1,3539,3541,C
4-HA,951,3543,0,3,0,3546,A
4-HA,952,0,3616,0,1,3617,T
4-HA,953,3544,0,2,0,3546,A
4-HA,954,0,3,0,3543,3546,C
4-HA,955,5,8,3455,0,3468,G
4-HA,956,1,1,3435,0,3437,G
4-HA,957,0,2,3422,0,3424,G
4-HA,958,1,0,3435,4,3440,G
4-HA,959,0,2,0,3338,3340,C
4-HA,960,1,1,0,3379,3381,C
4-HA,961,0,3306,1,6,3313,T
4-HA,962,1,1,3549,0,3551,G
4-HA,963,0,3521,1,6,3528,T
4-HA,964,7,0,0,3548,3555,C
4-HA,965,5,1,1,3552,3559,C
4-HA,966,6,0,0,3574,3580,C
4-HA,967,3567,0,2,0,3569,A
4-HA,968,1,2,3600,0,3603,G
4-HA,969,3583,0,2,0,3585,A
4-HA,970,0,3585,2,1,3588,T
4-HA,971,3326,0,2,0,3328,A
4-HA,972,0,3266,2,1,3269,T
4-HA,973,2,0,3287,0,3289,G
4-HA,974,0,3261,2,4,3267,T
4-HA,975,1,3221,2,0,3224,T
4-HA,976,3259,0,0,0,3259,A
4-HA,977,3223,1,2,0,3226,A
4-HA,978,1,6,3238,0,3245,G
4-HA,979,0,2,0,3229,3231,C
4-HA,980,3199,0,0,0,3199,A
4-HA,981,3195,0,1,0,3196,A
4-HA,982,3169,0,3,2,3174,A
4-HA,983,3171,1,6,1,3179,A
4-HA,984,0,2,0,3183,3185,C
4-HA,985,3142,0,1,1,3144,A
4-HA,986,1,0,0,3175,3176,C
4-HA,987,1,3136,1,0,3138,T
4-HA,988,6,0,0,3159,3165,C
4-HA,989,0,3153,1,3,3157,T
4-HA,990,2,6,3187,0,3195,G
4-HA,991,3193,0,0,1,3194,A
4-HA,992,3190,0,1,0,3191,A
4-HA,993,3191,1,1,0,3193,A
4-HA,994,0,3152,0,2,3154,T
4-HA,995,1,3132,1,3,3137,T
4-HA,996,0,4,3165,0,3169,G
4-HA,997,2,1,3141,1,3145,G
4-HA,998,0,0,0,3163,3163,C
4-HA,999,3147,0,2,0,3149,A
4-HA,1000,3140,2,6,0,3148,A
4-HA,1001,2,1,0,3155,3158,C
4-HA,1002,3144,0,3,1,3148,A
4-HA,1003,1,3,3172,1,3177,G
4-HA,1004,0,10,3149,0,3159,G
4-HA,1005,2,2,3125,0,3129,G
4-HA,1006,3127,0,2,0,3129,A
4-HA,1007,0,3119,0,1,3120,T
4-HA,1008,2,1,3128,0,3131,G
4-HA,1009,2,2,0,3112,3116,C
4-HA,1010,2,3,3138,1,3144,G
4-HA,1011,3165,0,2,0,3167,A
4-HA,1012,3125,0,4,0,3129,A
4-HA,1013,3159,0,3,1,3163,A
4-HA,1014,0,3130,0,1,3131,T
4-HA,1015,1,0,3192,0,3193,G
4-HA,1016,0,3169,0,2,3171,T
4-HA,1017,3165,0,2,0,3167,A
4-HA,1018,1,3,0,3157,3161,C
4-HA,1019,6,0,0,3147,3153,C
4-HA,1020,3116,0,1,0,3117,A
4-HA,1021,3,4,3103,0,3110,G
4-HA,1022,3080,0,3,0,3083,A
4-HA,1023,1,2,3106,0,3109,G
4-HA,1024,3073,0,3,0,3076,A
4-HA,1025,3075,0,2,0,3077,A
4-HA,1026,3072,0,6,0,3078,A
4-HA,1027,0,2,0,3080,3082,C
4-HA,1028,3081,0,1,0,3082,A
4-HA,1029,3119,0,1,0,3120,A
4-HA,1030,3091,1,4,0,3096,A
4-HA,1031,1,0,0,3132,3133,C
4-HA,1032,1,3099,1,1,3102,T
4-HA,1033,3104,0,0,0,3104,A
4-HA,1034,0,3,3099,0,3102,G
4-HA,1035,3061,0,5,0,3066,A
4-HA,1036,0,0,3122,0,3122,G
4-HA,1037,0,0,3116,0,3116,G
4-HA,1038,0,0,0,3074,3074,C
4-HA,1039,3076,0,1,0,3077,A
4-HA,1040,1,3080,0,0,3081,T
4-HA,1041,3094,0,0,0,3094,A
4-HA,1042,0,3075,0,4,3079,T
4-HA,1043,0,3082,0,1,3083,T
4-HA,1044,0,3081,0,0,3081,T
4-HA,1045,1,4,3005,0,3010,G
4-HA,1046,1,1,3014,0,3016,G
4-HA,1047,0,1,1,2990,2992,C
4-HA,1048,4,2,3000,0,3006,G
4-HA,1049,0,1,0,2980,2981,C
4-HA,1050,2980,0,0,1,2981,A
4-HA,1051,2988,0,1,0,2989,A
4-HA,1052,0,2987,1,0,2988,T
4-HA,1053,4,1,0,3006,3011,C
4-HA,1054,1,0,3011,0,3012,G
4-HA,1055,1,1,0,3005,3007,C
4-HA,1056,5,7,3004,0,3016,G
4-HA,1057,0,1,3041,0,3042,G
4-HA,1058,1,0,3064,0,3065,G
4-HA,1059,0,3037,0,3,3040,T
4-HA,1060,0,3018,0,0,3018,T
4-HA,1061,0,3025,0,3,3028,T
4-HA,1062,5,0,0,3019,3024,C
4-HA,1063,3042,0,3,0,3045,A
4-HA,1064,0,3047,0,1,3048,T
4-HA,1065,3055,1,2,0,3058,A
4-HA,1066,0,3,3065,0,3068,G
4-HA,1067,2987,0,0,0,2987,A
4-HA,1068,3008,0,2,0,3010,A
4-HA,1069,2992,0,0,0,2992,A
4-HA,1070,3012,0,1,0,3013,A
4-HA,1071,0,3005,0,1,3006,T
4-HA,1072,2,4,3022,0,3028,G
4-HA,1073,0,0,3038,0,3038,G
4-HA,1074,1,2991,0,4,2996,T
4-HA,1075,0,2975,0,1,2976,T
4-HA,1076,1,2,2985,0,2988,G
4-HA,1077,0,2,2999,0,3001,G
4-HA,1078,3,1,3010,0,3014,G
4-HA,1079,2979,2,8,0,2989,A
4-HA,1080,2,0,3015,0,3017,G
4-HA,1081,0,1,2970,0,2971,G
4-HA,1082,1,5,2990,0,2996,G
4-HA,1083,2974,0,6,0,2980,A
4-HA,1084,2998,0,1,0,2999,A
4-HA,1085,1,3001,0,4,3006,T
4-HA,1086,1,0,3010,0,3011,G
4-HA,1087,1,0,3035,0,3036,G
4-HA,1088,1,2988,0,3,2992,T
4-HA,1089,1,2,3015,0,3018,G
4-HA,1090,3,7,2983,0,2993,G
4-HA,1091,2928,0,4,0,2932,A
4-HA,1092,0,2949,0,1,2950,T
4-HA,1093,0,4,2988,0,2992,G
4-HA,1094,1,0,3023,0,3024,G
4-HA,1095,0,2960,0,1,2961,T
4-HA,1096,0,2916,0,3,2919,T
4-HA,1097,0,6,2906,0,2912,G
4-HA,1098,1,1,2949,0,2951,G
4-HA,1099,0,2921,0,3,2924,T
4-HA,1100,2942,0,1,0,2943,A
4-HA,1101,1,1,0,2814,2816,C
4-HA,1102,1,2,2831,0,2834,G
4-HA,1103,1,0,2916,0,2917,G
4-HA,1104,0,2910,0,2,2912,T
4-HA,1105,0,2897,1,2,2900,T
4-HA,1106,0,2900,0,2,2902,T
4-HA,1107,3,2,0,2860,2865,C
4-HA,1108,2861,0,1,0,2862,A
4-HA,1109,2,5,2851,0,2858,G
4-HA,1110,1,0,2841,0,2842,G
4-HA,1111,0,0,0,2845,2845,C
4-HA,1112,2747,2,1,0,2750,A
4-HA,1113,1,2753,0,4,2758,T
4-HA,1114,2,1,0,2776,2779,C
4-HA,1115,2784,1,0,0,2785,A
4-HA,1116,2790,0,0,0,2790,A
4-HA,1117,2788,1,1,0,2790,A
4-HA,1118,2791,1,0,0,2792,A
4-HA,1119,0,2782,0,1,2783,T
4-HA,1120,0,2784,0,0,2784,T
4-HA,1121,2,1,0,2778,2781,C
4-HA,1122,0,2764,0,1,2765,T
4-HA,1123,0,3,2765,0,2768,G
4-HA,1124,2753,0,3,0,2756,A
4-HA,1125,1,2,2769,0,2772,G
4-HA,1126,1,1,2765,0,2767,G
4-HA,1127,0,3,2788,0,2791,G
4-HA,1128,2773,0,0,0,2773,A
4-HA,1129,2779,0,0,0,2779,A
4-HA,1130,0,3,2773,0,2776,G
4-HA,1131,2786,0,2,0,2788,A
4-HA,1132,1,2,2803,0,2806,G
4-HA,1133,1,5,2812,0,2818,G
4-HA,1134,2810,0,1,0,2811,A
4-HA,1135,0,2,0,2803,2805,C
4-HA,1136,2783,0,2,0,2785,A
4-HA,1137,2773,0,7,0,2780,A
4-HA,1138,0,0,2777,0,2777,G
4-HA,1139,1,1,0,2775,2777,C
4-HA,1140,2743,0,4,0,2747,A
4-HA,1141,1,1,2736,0,2738,G
4-HA,1142,0,1,0,2727,2728,C
4-HA,1143,2728,0,1,0,2729,A
4-HA,1144,0,2,2754,0,2756,G
4-HA,1145,2723,0,2,0,2725,A
4-HA,1146,0,2769,1,4,2774,T
4-HA,1147,3,0,0,2783,2786,C
4-HA,1148,0,2756,1,6,2763,T
4-HA,1149,7,0,0,2804,2811,C
4-HA,1150,2800,0,0,0,2800,A
4-HA,1151,2801,0,2,1,2804,A
4-HA,1152,2796,1,4,0,2801,A
4-HA,1153,2745,0,7,1,2753,A
4-HA,1154,0,0,2748,1,2749,G
4-HA,1155,0,0,0,2693,2693,C
4-HA,1156,2683,0,2,0,2685,A
4-HA,1157,1,0,0,2718,2719,C
4-HA,1158,0,2691,0,2,2693,T
4-HA,1159,4,0,0,2712,2716,C
4-HA,1160,2722,0,2,0,2724,A
4-HA,1161,2759,0,2,0,2761,A
4-HA,1162,0,0,2759,0,2759,G
4-HA,1163,0,1,1,2749,2751,C
4-HA,1164,2739,0,1,0,2740,A
4-HA,1165,1,0,2741,0,2742,G
4-HA,1166,0,0,0,2686,2686,C
4-HA,1167,2676,0,0,0,2676,A
4-HA,1168,2673,0,1,0,2674,A
4-HA,1169,0,2643,0,1,2644,T
4-HA,1170,1,2,0,2605,2608,C
4-HA,1171,1,8,2619,0,2628,G
4-HA,1172,2618,0,2,0,2620,A
4-HA,1173,0,2594,0,3,2597,T
4-HA,1174,7,0,0,2593,2600,C
4-HA,1175,2595,0,1,0,2596,A
4-HA,1176,2636,0,3,0,2639,A
4-HA,1177,2657,0,0,1,2658,A
4-HA,1178,0,2628,0,0,2628,T
4-HA,1179,7,0,0,2650,2657,C
4-HA,1180,2609,0,1,0,2610,A
4-HA,1181,2623,0,1,1,2625,A
4-HA,1182,0,2625,0,2,2627,T
4-HA,1183,2,3,2631,0,2636,G
4-HA,1184,1,1,2618,0,2620,G
4-HA,1185,1,2,2588,0,2591,G
4-HA,1186,2568,0,3,0,2571,A
4-HA,1187,2576,0,5,0,2581,A
4-HA,1188,4,1,2609,0,2614,G
4-HA,1189,1,1,0,2600,2602,C
4-HA,1190,0,2575,0,1,2576,T
4-HA,1191,2,3,2672,0,2677,G
4-HA,1192,2661,0,3,0,2664,A
4-HA,1193,2662,0,5,0,2667,A
4-HA,1194,1,2661,0,0,2662,T
4-HA,1195,2622,0,0,0,2622,A
4-HA,1196,2,1,2609,0,2612,G
4-HA,1197,2402,0,2,0,2404,A
4-HA,1198,1,2404,0,1,2406,T
4-HA,1199,0,2412,0,0,2412,T
4-HA,1200,2,8,2421,0,2431,G
4-HA,1201,2400,0,1,0,2401,A
4-HA,1202,0,2398,0,1,2399,T
4-HA,1203,4,0,0,2401,2405,C
4-HA,1204,2,4,2404,0,2410,G
4-HA,1205,1,3,2388,0,2392,G
4-HA,1206,1,1,2407,0,2409,G
4-HA,1207,2391,1,1,0,2393,A
4-HA,1208,2401,0,1,0,2402,A
4-HA,1209,2391,1,3,1,2396,A
4-HA,1210,2374,0,3,0,2377,A
4-HA,1211,0,0,0,2396,2396,C
4-HA,1212,1,3,0,2393,2397,C
4-HA,1213,2382,0,2,0,2384,A
4-HA,1214,2370,0,0,0,2370,A
4-HA,1215,0,0,0,2384,2384,C
4-HA,1216,1,7,2389,0,2397,G
4-HA,1217,2395,0,1,0,2396,A
4-HA,1218,1,4,2388,0,2393,G
4-HA,1219,2380,0,1,0,2381,A
4-HA,1220,2377,0,1,0,2378,A
4-HA,1221,2379,0,0,0,2379,A
4-HA,1222,0,2370,0,4,2374,T
4-HA,1223,0,2358,0,1,2359,T
4-HA,1224,4,0,1,2362,2367,C
4-HA,1225,2,0,0,2363,2365,C
4-HA,1226,2369,0,2,1,2372,A
4-HA,1227,0,2355,0,2,2357,T
4-HA,1228,3,0,0,2361,2364,C
4-HA,1229,2357,0,0,0,2357,A
4-HA,1230,0,0,2364,1,2365,G
4-HA,1231,2353,0,1,0,2354,A
4-HA,1232,0,2340,0,1,2341,T
4-HA,1233,0,2349,0,0,2349,T
4-HA,1234,1,2,2348,0,2351,G
4-HA,1235,2355,0,1,0,2356,A
4-HA,1236,2353,0,1,0,2354,A
4-HA,1237,2363,0,3,0,2366,A
4-HA,1238,2360,0,0,0,2360,A
4-HA,1239,2334,0,4,0,2338,A
4-HA,1240,1,1,2334,0,2336,G
4-HA,1241,2329,0,2,0,2331,A
4-HA,1242,2325,0,3,1,2329,A
4-HA,1243,0,2285,0,0,2285,T
4-HA,1244,0,2283,0,1,2284,T
4-HA,1245,2,0,0,2287,2289,C
4-HA,1246,0,2293,0,2,2295,T
4-HA,1247,3,0,0,2282,2285,C
4-HA,1248,2293,0,3,0,2296,A
4-HA,1249,2,1,2293,0,2296,G
4-HA,1250,2287,0,0,0,2287,A
4-HA,1251,2271,0,2,0,2273,A
4-HA,1252,1,1,2296,0,2298,G
4-HA,1253,0,2257,0,3,2260,T
4-HA,1254,4,1,0,2272,2277,C
4-HA,1255,1,4,2286,0,2291,G
4-HA,1256,2286,2,1,0,2289,A
4-HA,1257,2289,0,3,0,2292,A
4-HA,1258,1,5,2284,0,2290,G
4-HA,1259,1,3,2289,0,2293,G
4-HA,1260,0,0,2293,0,2293,G
4-HA,1261,2234,0,6,0,2240,A
4-HA,1262,3,3,2243,0,2249,G
4-HA,1263,2246,0,3,0,2249,A
4-HA,1264,2349,0,4,1,2354,A
4-HA,1265,0,2354,0,1,2355,T
4-HA,1266,0,2352,0,0,2352,T
4-HA,1267,7,0,0,2354,2361,C
4-HA,1268,2296,0,14,0,2310,A
4-HA,1269,1,0,2312,0,2313,G
4-HA,1270,1,5,2296,0,2302,G
4-HA,1271,2275,0,2,0,2277,A
4-HA,1272,0,0,0,2300,2300,C
4-HA,1273,0,0,0,2145,2145,C
4-HA,1274,0,2138,0,0,2138,T
4-HA,1275,0,2058,0,75,2133,T
4-HA,1276,0,4,2163,0,2167,G
4-HA,1277,2159,0,1,0,2160,A
4-HA,1278,0,2,2203,0,2205,G
4-HA,1279,2165,0,4,0,2169,A
4-HA,1280,1923,0,2,0,1925,A
4-HA,1281,1904,0,3,0,1907,A
4-HA,1282,0,1871,0,0,1871,T
4-HA,1283,1900,0,0,0,1900,A
4-HA,1284,0,1886,0,1,1887,T
4-HA,1285,0,0,1902,0,1902,G
4-HA,1286,0,1891,0,1,1892,T
4-HA,1287,0,1829,0,0,1829,T
4-HA,1288,2,1,1830,0,1833,G
4-HA,1289,1810,0,3,0,1813,A
4-HA,1290,1,2,1833,0,1836,G
4-HA,1291,1,6,1814,0,1821,G
4-HA,1292,1793,0,1,0,1794,A
4-HA,1293,0,0,0,1854,1854,C
4-HA,1294,1828,0,3,0,1831,A
4-HA,1295,0,0,0,1831,1831,C
4-HA,1296,0,1826,0,3,1829,T
4-HA,1297,1918,1,0,0,1919,A
4-HA,1298,1941,0,0,0,1941,A
4-HA,1299,1943,0,0,0,1943,A
4-HA,1300,1953,0,2,0,1955,A
4-HA,1301,0,1950,0,1,1951,T
4-HA,1302,1869,0,1,0,1870,A
4-HA,1303,0,0,1885,0,1885,G
4-HA,1304,1828,1,3,0,1832,A
4-HA,1305,0,1831,1,3,1835,T
4-HA,1306,0,0,0,1832,1832,C
4-HA,1307,0,1808,0,0,1808,T
4-HA,1308,5,0,0,1843,1848,C
4-HA,1309,0,1843,0,1,1844,T
4-HA,1310,1,3,1867,0,1871,G
4-HA,1311,1,0,1919,0,1920,G
4-HA,1312,0,1900,0,3,1903,T
4-HA,1313,3,0,0,1907,1910,C
4-HA,1314,1918,0,2,0,1920,A
4-HA,1315,0,1922,0,1,1923,T
4-HA,1316,1918,0,0,0,1918,A
4-HA,1317,0,0,1,1911,1912,C
4-HA,1318,1875,0,0,0,1875,A
4-HA,1319,1881,0,0,0,1881,A
4-HA,1320,0,2,0,1843,1845,C
4-HA,1321,0,0,1831,0,1831,G
4-HA,1322,1,1,0,1830,1832,C
4-HA,1323,2,1,1814,0,1817,G
4-HA,1324,2,2,1816,0,1820,G
4-HA,1325,1821,0,1,0,1822,A
4-HA,1326,0,0,1845,0,1845,G
4-HA,1327,0,1,0,1847,1848,C
4-HA,1328,0,1842,0,2,1844,T
4-HA,1329,0,1849,0,2,1851,T
4-HA,1330,0,1,0,1845,1846,C
4-HA,1331,0,1853,0,2,1855,T
4-HA,1332,0,1863,0,1,1864,T
4-HA,1333,0,0,1860,0,1860,G
4-HA,1334,0,1859,0,1,1860,T
4-HA,1335,0,1834,0,0,1834,T
4-HA,1336,0,1,1845,0,1846,G
4-HA,1337,0,1,0,1835,1836,C
4-HA,1338,1,0,0,1831,1832,C
4-HA,1339,2,1,0,1846,1849,C
4-HA,1340,0,1844,0,6,1850,T
4-HA,1341,0,1,1865,0,1866,G
4-HA,1342,0,2,1859,0,1861,G
4-HA,1343,1849,0,0,0,1849,A
4-HA,1344,6,2,1865,0,1873,G
4-HA,1345,1832,0,1,0,1833,A
4-HA,1346,1837,0,2,0,1839,A
4-HA,1347,0,1,0,1853,1854,C
4-HA,1348,4,0,0,1869,1873,C
4-HA,1349,1864,0,2,0,1866,A
4-HA,1350,1923,0,3,0,1926,A
4-HA,1351,2,0,0,1940,1942,C
4-HA,1352,1938,0,2,0,1940,A
4-HA,1353,0,1935,0,0,1935,T
4-HA,1354,1925,0,2,0,1927,A
4-HA,1355,0,1,0,1958,1959,C
4-HA,1356,1932,0,0,0,1932,A
4-HA,1357,1931,0,1,0,1932,A
4-HA,1358,1,1910,0,3,1914,T
4-HA,1359,0,1858,2,0,1860,T
4-HA,1360,0,5,1884,0,1889,G
4-HA,1361,1897,1,2,0,1900,A
4-HA,1362,0,1890,0,4,1894,T
4-HA,1363,3,1,0,1896,1900,C
4-HA,1364,0,1874,1,0,1875,T
4-HA,1365,1889,0,0,0,1889,A
4-HA,1366,1881,0,1,0,1882,A
4-HA,1367,0,0,0,1879,1879,C
4-HA,1368,0,1866,0,2,1868,T
4-HA,1369,0,0,1866,0,1866,G
4-HA,1370,1854,0,2,0,1856,A
4-HA,1371,0,0,0,1860,1860,C
4-HA,1372,0,1852,0,2,1854,T
4-HA,1373,1,1,1,1855,1858,C
4-HA,1374,1857,0,1,0,1858,A
4-HA,1375,2,2,1897,1,1902,G
4-HA,1376,1896,0,2,1,1899,A
4-HA,1377,1898,0,1,0,1899,A
4-HA,1378,1897,0,1,0,1898,A
4-HA,1379,1,1881,0,0,1882,T
4-HA,1380,1,7,1896,0,1904,G
4-HA,1381,1908,0,3,0,1911,A
4-HA,1382,1898,0,1,0,1899,A
4-HA,1383,0,0,0,1908,1908,C
4-HA,1384,1881,0,0,1,1882,A
4-HA,1385,1875,1,0,0,1876,A
4-HA,1386,1869,0,1,0,1870,A
4-HA,1387,0,0,0,1876,1876,C
4-HA,1388,0,1853,0,1,1854,T
4-HA,1389,0,0,1875,0,1875,G
4-HA,1390,0,1842,1,2,1845,T
4-HA,1391,0,1853,1,0,1854,T
4-HA,1392,0,1859,0,1,1860,T
4-HA,1393,1,5,1851,0,1857,G
4-HA,1394,1846,0,1,0,1847,A
4-HA,1395,1856,0,0,0,1856,A
4-HA,1396,1849,0,0,0,1849,A
4-HA,1397,1841,1,0,0,1842,A
4-HA,1398,1835,0,1,0,1836,A
4-HA,1399,1842,0,1,0,1843,A
4-HA,1400,0,0,0,1851,1851,C
4-HA,1401,1852,0,0,0,1852,A
4-HA,1402,1849,0,1,0,1850,A
4-HA,1403,1841,0,4,0,1845,A
4-HA,1404,3,1,1849,0,1853,G
4-HA,1405,1851,0,2,0,1853,A
4-HA,1406,1847,0,3,0,1850,A
4-HA,1407,2,0,1833,0,1835,G
4-HA,1408,1,0,0,1839,1840,C
4-HA,1409,1843,0,1,0,1844,A
4-HA,1410,1853,0,1,0,1854,A
4-HA,1411,0,1,0,1844,1845,C
4-HA,1412,0,1835,0,0,1835,T
4-HA,1413,1,0,1850,0,1851,G
4-HA,1414,1825,0,2,0,1827,A
4-HA,1415,0,1,1842,0,1843,G
4-HA,1416,0,2,1833,0,1835,G
4-HA,1417,0,3,1841,0,1844,G
4-HA,1418,1854,0,0,0,1854,A
4-HA,1419,1841,0,1,0,1842,A
4-HA,1420,1838,0,3,0,1841,A
4-HA,1421,1857,0,0,0,1857,A
4-HA,1422,0,1850,0,0,1850,T
4-HA,1423,0,0,1855,0,1855,G
4-HA,1424,1,0,0,1850,1851,C
4-HA,1425,0,1838,1,3,1842,T
4-HA,1426,0,2,1848,0,1850,G
4-HA,1427,1846,0,4,0,1850,A
4-HA,1428,0,2,1921,0,1923,G
4-HA,1429,0,2,1941,0,1943,G
4-HA,1430,1921,0,1,0,1922,A
4-HA,1431,0,1919,0,0,1919,T
4-HA,1432,1907,0,0,0,1907,A
4-HA,1433,0,1895,0,2,1897,T
4-HA,1434,1,2,1916,0,1919,G
4-HA,1435,0,0,1934,0,1934,G
4-HA,1436,2,0,1924,0,1926,G
4-HA,1437,2,0,1,1846,1849,C
4-HA,1438,1819,0,0,0,1819,A
4-HA,1439,1808,0,3,0,1811,A
4-HA,1440,0,1812,0,2,1814,T
4-HA,1441,0,0,1824,0,1824,G
4-HA,1442,2,0,1813,0,1815,G
4-HA,1443,0,1780,0,0,1780,T
4-HA,1444,0,1754,0,1,1755,T
4-HA,1445,0,0,1762,0,1762,G
4-HA,1446,0,1761,0,1,1762,T
4-HA,1447,0,1764,0,2,1766,T
4-HA,1448,0,1764,0,1,1765,T
4-HA,1449,2,3,0,1770,1775,C
4-HA,1450,1770,0,1,1,1772,A
4-HA,1451,1773,0,0,1,1774,A
4-HA,1452,1772,0,1,0,1773,A
4-HA,1453,1790,0,0,0,1790,A
4-HA,1454,0,1780,0,0,1780,T
4-HA,1455,1771,0,0,0,1771,A
4-HA,1456,0,1771,0,1,1772,T
4-HA,1457,1757,0,0,0,1757,A
4-HA,1458,0,0,0,1780,1780,C
4-HA,1459,2,1,0,1762,1765,C
4-HA,1460,1773,0,1,0,1774,A
4-HA,1461,0,2,0,1774,1776,C
4-HA,1462,1769,0,0,1,1770,A
4-HA,1463,1779,0,1,0,1780,A
4-HA,1464,1775,1,0,0,1776,A
4-HA,1465,0,1776,0,1,1777,T
4-HA,1466,1,0,1785,0,1786,G
4-HA,1467,0,1753,1,1,1755,T
4-HA,1468,0,3,1770,0,1773,G
4-HA,1469,1773,0,5,0,1778,A
4-HA,1470,1,0,0,1769,1770,C
4-HA,1471,1750,0,1,0,1751,A
4-HA,1472,1741,0,1,0,1742,A
4-HA,1473,0,1749,0,0,1749,T
4-HA,1474,1,1,1759,0,1761,G
4-HA,1475,1,3,0,1727,1731,C
4-HA,1476,0,1,0,1745,1746,C
4-HA,1477,1,1735,0,3,1739,T
4-HA,1478,4,0,1796,0,1800,G
4-HA,1479,0,0,0,1802,1802,C
4-HA,1480,1798,0,1,0,1799,A
4-HA,1481,0,1799,0,1,1800,T
4-HA,1482,1724,0,2,0,1726,A
4-HA,1483,0,2,1734,0,1736,G
4-HA,1484,0,2,1734,0,1736,G
4-HA,1485,1725,0,0,0,1725,A
4-HA,1486,0,1706,0,1,1707,T
4-HA,1487,3,3,0,1631,1637,C
4-HA,1488,1636,0,1,0,1637,A
4-HA,1489,1637,0,3,0,1640,A
4-HA,1490,0,1642,0,0,1642,T
4-HA,1491,1,3,0,1635,1639,C
4-HA,1492,1617,0,1,0,1618,A
4-HA,1493,0,0,1626,0,1626,G
4-HA,1494,1632,0,0,0,1632,A
4-HA,1495,1628,0,1,0,1629,A
4-HA,1496,1628,0,0,0,1628,A
4-HA,1497,1,1625,0,1,1627,T
4-HA,1498,0,1,1614,0,1615,G
4-HA,1499,0,4,1608,0,1612,G
4-HA,1500,1613,0,3,0,1616,A
4-HA,1501,1615,0,0,1,1616,A
4-HA,1502,0,0,0,1611,1611,C
4-HA,1503,0,1601,0,4,1605,T
4-HA,1504,0,1608,1,0,1609,T
4-HA,1505,1615,1,0,0,1616,A
4-HA,1506,0,1604,1,1,1606,T
4-HA,1507,0,5,1603,0,1608,G
4-HA,1508,1594,0,2,0,1596,A
4-HA,1509,0,0,0,1595,1595,C
4-HA,1510,2,1,0,1576,1579,C
4-HA,1511,1577,0,2,0,1579,A
4-HA,1512,0,0,0,1608,1608,C
4-HA,1513,1,4,1644,0,1649,G
4-HA,1514,1669,0,1,0,1670,A
4-HA,1515,0,1694,0,0,1694,T
4-HA,1516,0,0,1739,0,1739,G
4-HA,1517,0,1732,0,3,1735,T
4-HA,1518,1761,0,2,0,1763,A
4-HA,1519,1,1765,0,0,1766,T
4-HA,1520,1751,0,3,0,1754,A
4-HA,1521,0,0,0,1772,1772,C
4-HA,1522,1601,0,0,0,1601,A
4-HA,1523,0,2,1602,0,1604,G
4-HA,1524,1499,0,2,0,1501,A
4-HA,1525,1,1,1457,0,1459,G
4-HA,1526,1446,1,0,0,1447,A
4-HA,1527,0,1332,0,0,1332,T
4-HA,1528,0,1,1330,0,1331,G
4-HA,1529,1327,0,0,0,1327,A
4-HA,1530,1322,0,2,0,1324,A
4-HA,1531,0,0,1339,0,1339,G
4-HA,1532,0,0,0,1306,1306,C
4-HA,1533,1301,0,1,0,1302,A
4-HA,1534,0,1287,0,1,1288,T
4-HA,1535,0,1287,0,0,1287,T
4-HA,1536,1286,0,0,0,1286,A
4-HA,1537,1286,0,2,0,1288,A
4-HA,1538,1289,0,1,0,1290,A
4-HA,1539,0,0,0,1283,1283,C
4-HA,1540,1219,0,2,0,1221,A
4-HA,1541,1226,0,1,0,1227,A
4-HA,1542,0,1,0,1219,1220,C
4-HA,1543,2,1,0,1208,1211,C
4-HA,1544,1,2,1216,0,1219,G
4-HA,1545,1,0,1221,0,1222,G
4-HA,1546,0,1219,0,1,1220,T
4-HA,1547,0,1218,0,1,1219,T
4-HA,1548,0,1199,1,0,1200,T
4-HA,1549,2,1,0,1206,1209,C
4-HA,1550,1207,1,1,0,1209,A
4-HA,1551,0,2,1212,0,1214,G
4-HA,1552,1209,0,3,0,1212,A
4-HA,1553,0,1203,0,0,1203,T
4-HA,1554,0,0,0,1176,1176,C
4-HA,1555,1173,0,0,0,1173,A
4-HA,1556,1171,0,0,0,1171,A
4-HA,1557,1,2,1176,0,1179,G
4-HA,1558,0,1,1179,0,1180,G
4-HA,1559,4,0,1169,0,1173,G
4-HA,1560,1135,0,1,0,1136,A
4-HA,1561,0,1,1157,0,1158,G
4-HA,1562,0,1153,0,1,1154,T
4-HA,1563,0,1155,0,0,1155,T
4-HA,1564,1,3,1164,0,1168,G
4-HA,1565,1159,1,2,0,1162,A
4-HA,1566,0,0,1163,0,1163,G
4-HA,1567,0,1,0,1160,1161,C
4-HA,1568,0,1143,0,2,1145,T
4-HA,1569,1,0,1151,0,1152,G
4-HA,1570,1147,0,0,0,1147,A
4-HA,1571,1143,0,5,0,1148,A
4-HA,1572,1,0,1151,0,1152,G
4-HA,1573,0,1118,0,0,1118,T
4-HA,1574,4,0,0,1117,1121,C
4-HA,1575,1093,0,1,0,1094,A
4-HA,1576,0,0,1094,0,1094,G
4-HA,1577,0,1,1094,0,1095,G
4-HA,1578,1,0,1074,0,1075,G
4-HA,1579,0,1112,0,1,1113,T
4-HA,1580,1106,0,0,0,1106,A
4-HA,1581,0,0,0,1113,1113,C
4-HA,1582,1114,0,0,0,1114,A
4-HA,1583,1111,0,0,0,1111,A
4-HA,1584,1108,0,0,0,1108,A
4-HA,1585,0,0,1111,0,1111,G
4-HA,1586,1086,0,0,0,1086,A
4-HA,1587,0,1046,0,0,1046,T
4-HA,1588,0,1030,0,2,1032,T
4-HA,1589,0,1,1032,0,1033,G
4-HA,1590,0,1,1028,0,1029,G
4-HA,1591,1026,0,0,0,1026,A
4-HA,1592,0,1020,0,1,1021,T
4-HA,1593,1,0,0,1012,1013,C
4-HA,1594,0,0,0,997,997,C
4-HA,1595,0,992,0,0,992,T
4-HA,1596,1001,0,0,0,1001,A
4-HA,1597,0,1000,0,4,1004,T
4-HA,1598,0,1,1001,0,1002,G
4-HA,1599,0,0,996,0,996,G
4-HA,1600,975,0,0,0,975,A
4-HA,1601,0,972,0,2,974,T
4-HA,1602,0,964,0,0,964,T
4-HA,1603,0,956,0,1,957,T
4-HA,1604,0,0,0,948,948,C
4-HA,1605,2,1,0,945,948,C
4-HA,1606,0,936,0,2,938,T
4-HA,1607,0,939,0,0,939,T
4-HA,1608,0,934,0,0,934,T
4-HA,1609,1,0,932,0,933,G
4-HA,1610,0,1,0,928,929,C
4-HA,1611,1,0,0,927,928,C
4-HA,1612,918,0,1,0,919,A
4-HA,1613,0,906,0,1,907,T
4-HA,1614,913,0,1,0,914,A
4-HA,1615,0,908,0,0,908,T
4-HA,1616,2,0,0,905,907,C
4-HA,1617,905,1,2,0,908,A
4-HA,1618,0,886,0,1,887,T
4-HA,1619,0,0,892,0,892,G
4-HA,1620,0,881,0,0,881,T
4-HA,1621,0,873,0,0,873,T
4-HA,1622,0,876,0,1,877,T
4-HA,1623,0,851,0,0,851,T
4-HA,1624,0,851,0,1,852,T
4-HA,1625,0,851,0,0,851,T
4-HA,1626,0,0,850,0,850,G
4-HA,1627,0,0,0,839,839,C
4-HA,1628,0,816,0,1,817,T
4-HA,1629,0,818,0,0,818,T
4-HA,1630,0,817,0,0,817,T
4-HA,1631,1,0,825,0,826,G
4-HA,1632,0,822,0,1,823,T
4-HA,1633,0,0,824,0,824,G
4-HA,1634,0,818,0,2,820,T
4-HA,1635,0,810,0,2,812,T
4-HA,1636,0,0,812,0,812,G
4-HA,1637,0,1,0,802,803,C
4-HA,1638,1,799,0,0,800,T
4-HA,1639,0,819,0,0,819,T
4-HA,1640,0,762,0,0,762,T
4-HA,1641,1,0,766,0,767,G
4-HA,1642,0,761,0,1,762,T
4-HA,1643,0,761,0,1,762,T
4-HA,1644,0,0,765,0,765,G
4-HA,1645,0,0,733,0,733,G
4-HA,1646,0,0,736,0,736,G
4-HA,1647,0,0,738,0,738,G
4-HA,1648,0,717,0,1,718,T
4-HA,1649,0,714,0,1,715,T
4-HA,1650,0,0,0,699,699,C
4-HA,1651,690,0,1,0,691,A
4-HA,1652,0,692,0,1,693,T
4-HA,1653,0,1,0,687,688,C
4-HA,1654,674,0,1,0,675,A
4-HA,1655,0,665,0,0,665,T
4-HA,1656,0,0,657,0,657,G
4-HA,1657,0,640,2,1,643,T
4-HA,1658,0,0,638,0,638,G
4-HA,1659,0,0,624,0,624,G
4-HA,1660,0,0,614,0,614,G
4-HA,1661,0,0,0,596,596,C
4-HA,1662,1,0,0,576,577,C
4-HA,1663,0,545,0,0,545,T
4-HA,1664,1,0,548,0,549,G
4-HA,1665,0,1,0,539,540,C
4-HA,1666,0,0,0,548,548,C
4-HA,1667,546,0,0,0,546,A
4-HA,1668,540,0,0,0,540,A
4-HA,1669,538,0,1,0,539,A
4-HA,1670,538,0,0,0,538,A
4-HA,1671,535,0,3,0,538,A
4-HA,1672,0,0,537,0,537,G
4-HA,1673,0,0,516,0,516,G
4-HA,1674,1,0,0,509,510,C
4-HA,1675,503,0,0,0,503,A
4-HA,1676,505,0,0,0,505,A
4-HA,1677,0,0,0,507,507,C
4-HA,1678,507,0,2,0,509,A
4-HA,1679,0,505,0,0,505,T
4-HA,1680,0,499,0,0,499,T
4-HA,1681,486,0,0,0,486,A
4-HA,1682,1,1,478,0,480,G
4-HA,1683,0,0,483,0,483,G
4-HA,1684,0,462,0,0,462,T
4-HA,1685,0,0,431,0,431,G
4-HA,1686,0,0,0,422,422,C
4-HA,1687,416,0,0,0,416,A
4-HA,1688,416,0,0,0,416,A
4-HA,1689,0,0,0,418,418,C
4-HA,1690,410,0,0,0,410,A
4-HA,1691,0,399,0,0,399,T
4-HA,1692,0,377,0,2,379,T
4-HA,1693,0,380,0,0,380,T
4-HA,1694,0,0,377,0,377,G
4-HA,1695,0,0,0,377,377,C
4-HA,1696,372,0,0,0,372,A
4-HA,1697,0,351,0,2,353,T
4-HA,1698,0,338,0,0,338,T
4-HA,1699,0,333,0,0,333,T
4-HA,1700,0,0,332,0,332,G
4-HA,1701,321,0,0,0,321,A
5-NP,1,404,0,0,0,404,A
5-NP,2,0,408,0,0,408,T
5-NP,3,0,0,406,0,406,G
5-NP,4,1,0,399,0,400,G
5-NP,5,0,0,0,405,405,C
5-NP,6,0,0,419,0,419,G
5-NP,7,0,437,0,0,437,T
5-NP,8,0,1,0,446,447,C
5-NP,9,0,0,0,449,449,C
5-NP,10,1,0,0,448,449,C
5-NP,11,453,0,1,0,454,A
5-NP,12,452,0,0,0,452,A
5-NP,13,0,0,454,0,454,G
5-NP,14,0,0,459,0,459,G
5-NP,15,0,1,0,466,467,C
5-NP,16,469,0,0,0,469,A
5-NP,17,0,0,0,473,473,C
5-NP,18,0,0,0,474,474,C
5-NP,19,476,0,0,0,476,A
5-NP,20,473,0,0,0,473,A
5-NP,21,472,0,0,0,472,A
5-NP,22,0,0,0,475,475,C
5-NP,23,0,0,476,0,476,G
5-NP,24,0,0,523,0,523,G
5-NP,25,0,515,0,2,517,T
5-NP,26,1,1,0,569,571,C
5-NP,27,0,572,0,3,575,T
5-NP,28,0,585,0,0,585,T
5-NP,29,584,0,1,0,585,A
5-NP,30,0,583,0,0,583,T
5-NP,31,0,2,587,0,589,G
5-NP,32,586,0,0,0,586,A
5-NP,33,585,0,2,0,587,A
5-NP,34,0,0,0,588,588,C
5-NP,35,581,0,0,0,581,A
5-NP,36,0,0,634,0,634,G
5-NP,37,625,0,0,0,625,A
5-NP,38,0,636,0,0,636,T
5-NP,39,0,2,632,0,634,G
5-NP,40,0,1,637,0,638,G
5-NP,41,629,0,1,0,630,A
5-NP,42,636,0,0,0,636,A
5-NP,43,640,0,1,0,641,A
5-NP,44,0,0,0,662,662,C
5-NP,45,0,661,0,1,662,T
5-NP,46,0,0,670,0,670,G
5-NP,47,656,0,1,0,657,A
5-NP,48,0,671,0,0,671,T
5-NP,49,0,1,670,0,671,G
5-NP,50,0,0,661,0,661,G
5-NP,51,0,1,662,0,663,G
5-NP,52,1,3,662,0,666,G
5-NP,53,662,0,1,0,663,A
5-NP,54,0,665,0,0,665,T
5-NP,55,0,0,0,674,674,C
5-NP,56,1,0,672,0,673,G
5-NP,57,0,0,0,676,676,C
5-NP,58,1,0,0,680,681,C
5-NP,59,682,0,0,0,682,A
5-NP,60,0,0,688,0,688,G
5-NP,61,689,0,0,0,689,A
5-NP,62,705,0,0,0,705,A
5-NP,63,0,708,0,0,708,T
5-NP,64,0,0,709,0,709,G
5-NP,65,0,0,0,716,716,C
5-NP,66,717,0,1,0,718,A
5-NP,67,724,0,1,0,725,A
5-NP,68,0,0,0,731,731,C
5-NP,69,0,728,0,1,729,T
5-NP,70,0,2,731,0,733,G
5-NP,71,742,0,2,0,744,A
5-NP,72,0,0,781,0,781,G
5-NP,73,773,0,0,0,773,A
5-NP,74,0,775,0,0,775,T
5-NP,75,0,774,0,0,774,T
5-NP,76,772,0,0,0,772,A
5-NP,77,0,2,774,0,776,G
5-NP,78,2,0,773,0,775,G
5-NP,79,1,0,772,0,773,G
5-NP,80,0,1,0,773,774,C
5-NP,81,764,0,0,0,764,A
5-NP,82,0,770,0,1,771,T
5-NP,83,0,0,0,772,772,C
5-NP,84,0,0,0,772,772,C
5-NP,85,0,0,784,0,784,G
5-NP,86,0,784,0,1,785,T
5-NP,87,0,0,0,788,788,C
5-NP,88,0,1,788,0,789,G
5-NP,89,0,0,791,0,791,G
5-NP,90,0,2,797,0,799,G
5-NP,91,794,0,1,0,795,A
5-NP,92,802,0,0,0,802,A
5-NP,93,0,0,812,0,812,G
5-NP,94,803,0,0,0,803,A
5-NP,95,0,815,0,0,815,T
5-NP,96,0,1,818,0,819,G
5-NP,97,824,0,0,0,824,A
5-NP,98,0,820,0,3,823,T
5-NP,99,0,825,0,0,825,T
5-NP,100,1,1,825,0,827,G
5-NP,101,818,0,1,0,819,A
5-NP,102,0,822,0,1,823,T
5-NP,103,1,1,822,0,824,G
5-NP,104,0,1,814,0,815,G
5-NP,105,1,0,810,0,811,G
5-NP,106,863,0,0,0,863,A
5-NP,107,0,869,0,0,869,T
5-NP,108,0,867,0,0,867,T
5-NP,109,0,1,882,0,883,G
5-NP,110,0,0,879,0,879,G
5-NP,111,0,0,884,0,884,G
5-NP,112,878,0,0,0,878,A
5-NP,113,0,0,878,0,878,G
5-NP,114,864,0,0,0,864,A
5-NP,115,0,885,0,0,885,T
5-NP,116,0,880,0,0,880,T
5-NP,117,0,1,0,888,889,C
5-NP,118,0,885,0,0,885,T
5-NP,119,886,0,1,0,887,A
5-NP,120,1,1,0,893,895,C
5-NP,121,909,0,0,0,909,A
5-NP,122,0,915,0,0,915,T
5-NP,123,1,0,0,915,916,C
5-NP,124,1,0,0,916,917,C
5-NP,125,920,0,0,0,920,A
5-NP,126,942,0,0,0,942,A
5-NP,127,943,0,0,0,943,A
5-NP,128,0,945,0,0,945,T
5-NP,129,0,0,945,0,945,G
5-NP,130,0,931,0,2,933,T
5-NP,131,0,0,941,0,941,G
5-NP,132,1,0,0,941,942,C
5-NP,133,942,0,1,0,943,A
5-NP,134,0,0,0,939,939,C
5-NP,135,0,932,0,1,933,T
5-NP,136,0,1,967,0,968,G
5-NP,137,983,0,1,0,984,A
5-NP,138,990,0,1,0,991,A
5-NP,139,0,0,0,1010,1010,C
5-NP,140,0,1009,0,1,1010,T
5-NP,141,0,1010,0,0,1010,T
5-NP,142,1011,0,0,0,1011,A
5-NP,143,1012,1,0,0,1013,A
5-NP,144,1014,1,0,0,1015,A
5-NP,145,0,0,0,1015,1015,C
5-NP,146,0,991,0,0,991,T
5-NP,147,1,0,0,995,996,C
5-NP,148,989,0,1,0,990,A
5-NP,149,0,0,1004,0,1004,G
5-NP,150,0,997,0,1,998,T
5-NP,151,0,1,1013,0,1014,G
5-NP,152,1024,0,0,0,1024,A
5-NP,153,0,1025,0,0,1025,T
5-NP,154,1,0,0,1048,1049,C
5-NP,155,1049,0,1,0,1050,A
5-NP,156,0,1049,1,0,1050,T
5-NP,157,0,2,1047,0,1049,G
5-NP,158,1046,0,1,0,1047,A
5-NP,159,1033,0,5,1,1039,A
5-NP,160,0,1,1048,0,1049,G
5-NP,161,0,0,1038,0,1038,G
5-NP,162,0,1,1036,0,1037,G
5-NP,163,0,2,0,1023,1025,C
5-NP,164,0,1,1035,0,1036,G
5-NP,165,0,0,1034,0,1034,G
5-NP,166,0,1028,0,1,1029,T
5-NP,167,0,1033,0,0,1033,T
5-NP,168,0,1,1034,0,1035,G
5-NP,169,1114,0,3,0,1117,A
5-NP,170,1,1118,0,2,1121,T
5-NP,171,1,1,0,1118,1120,C
5-NP,172,1,0,0,1117,1118,C
5-NP,173,1120,0,0,0,1120,A
5-NP,174,0,3,1123,0,1126,G
5-NP,175,1119,1,0,0,1120,A
5-NP,176,1121,0,1,0,1122,A
5-NP,177,0,0,0,1132,1132,C
5-NP,178,1062,0,0,0,1062,A
5-NP,179,1,0,1075,0,1076,G
5-NP,180,0,0,0,1072,1072,C
5-NP,181,0,1070,0,2,1072,T
5-NP,182,0,1086,0,0,1086,T
5-NP,183,0,3,1088,0,1091,G
5-NP,184,1091,0,0,0,1091,A
5-NP,185,0,0,0,1096,1096,C
5-NP,186,1089,0,0,0,1089,A
5-NP,187,1095,0,2,0,1097,A
5-NP,188,0,1094,0,0,1094,T
5-NP,189,1096,0,1,0,1097,A
5-NP,190,0,2,1099,0,1101,G
5-NP,191,1100,0,0,0,1100,A
5-NP,192,0,0,1104,0,1104,G
5-NP,193,1094,1,1,0,1096,A
5-NP,194,1101,0,0,0,1101,A
5-NP,195,1106,0,0,0,1106,A
5-NP,196,1112,0,0,0,1112,A
5-NP,197,0,1120,0,0,1120,T
5-NP,198,0,0,1117,0,1117,G
5-NP,199,0,0,1117,0,1117,G
5-NP,200,0,1101,0,1,1102,T
5-NP,201,1102,0,0,0,1102,A
5-NP,202,0,0,0,1109,1109,C
5-NP,203,0,1099,0,1,1100,T
5-NP,204,2,0,0,1110,1112,C
5-NP,205,0,1093,0,0,1093,T
5-NP,206,0,0,0,1114,1114,C
5-NP,207,1,3,1103,0,1107,G
5-NP,208,0,0,1106,0,1106,G
5-NP,209,0,0,0,1104,1104,C
5-NP,210,0,1110,0,0,1110,T
5-NP,211,0,1110,0,0,1110,T
5-NP,212,0,1109,0,0,1109,T
5-NP,213,0,1110,0,0,1110,T
5-NP,214,0,2,1110,0,1112,G
5-NP,215,1099,1,1,1,1102,A
5-NP,216,0,1107,0,0,1107,T
5-NP,217,0,0,1111,0,1111,G
5-NP,218,1100,0,1,0,1101,A
5-NP,219,1108,0,0,0,1108,A
5-NP,220,1107,0,0,0,1107,A
5-NP,221,0,0,1112,0,1112,G
5-NP,222,1110,0,0,0,1110,A
5-NP,223,1112,0,0,0,1112,A
5-NP,224,0,2,1119,1,1122,G
5-NP,225,0,0,1147,0,1147,G
5-NP,226,1146,0,1,0,1147,A
5-NP,227,1153,0,0,0,1153,A
5-NP,228,0,1149,0,0,1149,T
5-NP,229,1155,0,1,0,1156,A
5-NP,230,1154,0,0,0,1154,A
5-NP,231,1170,0,0,0,1170,A
5-NP,232,0,1165,0,0,1165,T
5-NP,233,1159,0,0,0,1159,A
5-NP,234,0,0,0,1171,1171,C
5-NP,235,0,0,0,1148,1148,C
5-NP,236,0,1146,0,0,1146,T
5-NP,237,1,0,1156,0,1157,G
5-NP,238,0,1,1164,0,1165,G
5-NP,239,1169,0,0,0,1169,A
5-NP,240,1162,0,2,0,1164,A
5-NP,241,0,1,1171,0,1172,G
5-NP,242,1173,0,0,0,1173,A
5-NP,243,1168,0,2,1,1171,A
5-NP,244,0,0,0,1169,1169,C
5-NP,245,1158,0,0,0,1158,A
5-NP,246,0,0,0,1184,1184,C
5-NP,247,1,0,0,1175,1176,C
5-NP,248,0,0,0,1182,1182,C
5-NP,249,2,0,0,1176,1178,C
5-NP,250,1175,0,0,0,1175,A
5-NP,251,0,0,1176,0,1176,G
5-NP,252,0,0,0,1170,1170,C
5-NP,253,2,1,1176,0,1179,G
5-NP,254,0,0,0,1177,1177,C
5-NP,255,0,1,1166,0,1167,G
5-NP,256,0,0,1173,0,1173,G
5-NP,257,1,0,1169,0,1170,G
5-NP,258,0,1,1178,0,1179,G
5-NP,259,1183,0,0,0,1183,A
5-NP,260,1185,0,0,0,1185,A
5-NP,261,1179,0,4,0,1183,A
5-NP,262,0,0,1177,1,1178,G
5-NP,263,1171,0,2,0,1173,A
5-NP,264,0,1150,0,1,1151,T
5-NP,265,1,0,0,1150,1151,C
5-NP,266,1,0,0,1152,1153,C
5-NP,267,0,0,0,1170,1170,C
5-NP,268,1173,0,2,0,1175,A
5-NP,269,1173,0,2,0,1175,A
5-NP,270,0,1,1183,0,1184,G
5-NP,271,1180,0,1,0,1181,A
5-NP,272,1188,0,0,0,1188,A
5-NP,273,1185,0,0,0,1185,A
5-NP,274,1186,0,0,1,1187,A
5-NP,275,0,1,0,1183,1184,C
5-NP,276,0,1172,0,1,1173,T
5-NP,277,0,1,1188,0,1189,G
5-NP,278,0,0,1176,0,1176,G
5-NP,279,0,0,1179,0,1179,G
5-NP,280,0,0,1180,0,1180,G
5-NP,281,1,2,1176,0,1179,G
5-NP,282,0,0,1204,0,1204,G
5-NP,283,1,0,0,1265,1266,C
5-NP,284,0,0,0,1277,1277,C
5-NP,285,2,0,0,1291,1293,C
5-NP,286,1449,0,0,1,1450,A
5-NP,287,0,1459,0,0,1459,T
5-NP,288,1529,0,0,0,1529,A
5-NP,289,0,1533,0,0,1533,T
5-NP,290,1516,0,0,0,1516,A
5-NP,291,0,0,0,1527,1527,C
5-NP,292,1431,0,1,0,1432,A
5-NP,293,4,0,1444,0,1448,G
5-NP,294,0,0,1446,0,1446,G
5-NP,295,1304,0,3,0,1307,A
5-NP,296,0,1,1331,0,1332,G
5-NP,297,1261,0,0,0,1261,A
5-NP,298,1,0,1298,0,1299,G
5-NP,299,0,1272,0,0,1272,T
5-NP,300,1274,0,0,1,1275,A
5-NP,301,1,1,1288,0,1290,G
5-NP,302,1276,0,1,0,1277,A
5-NP,303,0,1266,0,0,1266,T
5-NP,304,2,2,1267,0,1271,G
5-NP,305,0,0,1280,0,1280,G
5-NP,306,1276,0,1,0,1277,A
5-NP,307,1273,0,0,0,1273,A
5-NP,308,1267,0,1,0,1268,A
5-NP,309,1275,0,0,0,1275,A
5-NP,310,0,1272,0,0,1272,T
5-NP,311,1,4,1269,0,1274,G
5-NP,312,0,2,1277,0,1279,G
5-NP,313,1273,0,2,0,1275,A
5-NP,314,0,1272,0,0,1272,T
5-NP,315,0,1,1284,0,1285,G
5-NP,316,1278,0,2,0,1280,A
5-NP,317,0,0,1283,0,1283,G
5-NP,318,0,0,1276,0,1276,G
5-NP,319,1,0,1291,0,1292,G
5-NP,320,1300,0,1,0,1301,A
5-NP,321,1301,0,0,0,1301,A
5-NP,322,1,0,0,1302,1303,C
5-NP,323,0,1294,0,1,1295,T
5-NP,324,1,1,0,1313,1315,C
5-NP,325,1,0,1325,0,1326,G
5-NP,326,0,1323,0,0,1323,T
5-NP,327,0,0,0,1326,1326,C
5-NP,328,1,1,0,1389,1391,C
5-NP,329,0,1390,0,2,1392,T
5-NP,330,0,1401,0,0,1401,T
5-NP,331,0,1399,0,1,1400,T
5-NP,332,1402,0,2,0,1404,A
5-NP,333,0,1399,0,1,1400,T
5-NP,334,0,0,1397,0,1397,G
5-NP,335,1394,1,3,0,1398,A
5-NP,336,0,0,0,1407,1407,C
5-NP,337,1375,0,0,0,1375,A
5-NP,338,1375,0,0,0,1375,A
5-NP,339,1375,0,0,0,1375,A
5-NP,340,0,2,1421,0,1423,G
5-NP,341,1417,0,0,0,1417,A
5-NP,342,1418,0,1,1,1420,A
5-NP,343,0,1,1460,0,1461,G
5-NP,344,1465,0,0,0,1465,A
5-NP,345,1471,0,1,0,1472,A
5-NP,346,1465,0,1,0,1466,A
5-NP,347,0,1468,0,0,1468,T
5-NP,348,1470,0,1,0,1471,A
5-NP,349,1455,0,0,0,1455,A
5-NP,350,0,2,1466,0,1468,G
5-NP,351,2,0,1458,0,1460,G
5-NP,352,0,0,0,1456,1456,C
5-NP,353,0,5,1449,0,1454,G
5-NP,354,1464,0,2,0,1466,A
5-NP,355,1482,0,0,0,1482,A
5-NP,356,0,1477,0,1,1478,T
5-NP,357,1,0,0,1478,1479,C
5-NP,358,0,1480,0,1,1481,T
5-NP,359,0,1,1472,0,1473,G
5-NP,360,1,0,1475,0,1476,G
5-NP,361,0,1,0,1473,1474,C
5-NP,362,1,2,1471,0,1474,G
5-NP,363,0,0,0,1466,1466,C
5-NP,364,1,0,0,1459,1460,C
5-NP,365,1476,0,1,0,1477,A
5-NP,366,1492,0,1,0,1493,A
5-NP,367,0,1,1525,0,1526,G
5-NP,368,1,1,0,1521,1523,C
5-NP,369,0,1,0,1553,1554,C
5-NP,370,1548,0,2,1,1551,A
5-NP,371,1567,1,0,0,1568,A
5-NP,372,0,0,0,1603,1603,C
5-NP,373,1597,0,0,0,1597,A
5-NP,374,1625,0,1,0,1626,A
5-NP,375,0,1611,0,2,1613,T
5-NP,376,0,5,1627,0,1632,G
5-NP,377,0,0,1630,0,1630,G
5-NP,378,0,1621,0,0,1621,T
5-NP,379,0,2,1634,0,1636,G
5-NP,380,1624,0,3,0,1627,A
5-NP,381,0,0,1656,0,1656,G
5-NP,382,0,1,1656,0,1657,G
5-NP,383,1677,0,0,1,1678,A
5-NP,384,0,1813,1,2,1816,T
5-NP,385,2,0,1824,0,1826,G
5-NP,386,0,1,0,1824,1825,C
5-NP,387,0,1836,0,4,1840,T
5-NP,388,1841,0,2,0,1843,A
5-NP,389,0,0,0,1879,1879,C
5-NP,390,1865,0,0,0,1865,A
5-NP,391,0,1861,0,1,1862,T
5-NP,392,3,0,0,1855,1858,C
5-NP,393,0,1791,0,1,1792,T
5-NP,394,0,0,1848,0,1848,G
5-NP,395,0,1,1885,1,1887,G
5-NP,396,0,1874,0,3,1877,T
5-NP,397,5,0,0,1886,1891,C
5-NP,398,0,1876,0,2,1878,T
5-NP,399,1900,0,0,0,1900,A
5-NP,400,1901,1,0,0,1902,A
5-NP,401,1,1,0,1908,1910,C
5-NP,402,0,1902,0,2,1904,T
5-NP,403,2,0,0,1915,1917,C
5-NP,404,1899,0,0,0,1899,A
5-NP,405,0,0,0,1971,1971,C
5-NP,406,1961,0,0,0,1961,A
5-NP,407,0,1965,1,0,1966,T
5-NP,408,1949,0,0,0,1949,A
5-NP,409,1955,0,1,0,1956,A
5-NP,410,0,1974,0,0,1974,T
5-NP,411,1,2,1997,0,2000,G
5-NP,412,1984,1,0,0,1985,A
5-NP,413,0,1968,0,1,1969,T
5-NP,414,0,1948,1,0,1949,T
5-NP,415,1,1953,0,0,1954,T
5-NP,416,1,4,1939,0,1944,G
5-NP,417,0,0,1944,0,1944,G
5-NP,418,0,1,0,1947,1948,C
5-NP,419,1939,0,0,0,1939,A
5-NP,420,0,1945,0,0,1945,T
5-NP,421,0,1937,0,3,1940,T
5-NP,422,3,0,0,1938,1941,C
5-NP,423,1,0,0,1946,1947,C
5-NP,424,1978,0,0,1,1979,A
5-NP,425,1980,0,0,0,1980,A
5-NP,426,0,1978,0,0,1978,T
5-NP,427,0,1978,0,0,1978,T
5-NP,428,0,1981,0,0,1981,T
5-NP,429,0,3,2000,0,2003,G
5-NP,430,1999,0,2,0,2001,A
5-NP,431,2003,1,1,0,2005,A
5-NP,432,0,2012,0,0,2012,T
5-NP,433,0,1,2000,0,2001,G
5-NP,434,2072,0,2,0,2074,A
5-NP,435,0,2078,0,0,2078,T
5-NP,436,0,0,2085,0,2085,G
5-NP,437,2,0,0,2133,2135,C
5-NP,438,2127,0,3,0,2130,A
5-NP,439,2204,0,2,0,2206,A
5-NP,440,0,0,0,2211,2211,C
5-NP,441,2239,0,0,0,2239,A
5-NP,442,0,2280,0,2,2282,T
5-NP,443,2236,1,2,0,2239,A
5-NP,444,0,0,0,2276,2276,C
5-NP,445,3,1,0,2273,2277,C
5-NP,446,2239,0,3,0,2242,A
5-NP,447,0,6,2266,0,2272,G
5-NP,448,2210,0,1,0,2211,A
5-NP,449,0,0,2266,0,2266,G
5-NP,450,0,3,2249,0,2252,G
5-NP,451,2243,0,2,0,2245,A
5-NP,452,0,0,0,2261,2261,C
5-NP,453,2251,0,0,1,2252,A
5-NP,454,2248,0,3,0,2251,A
5-NP,455,0,3,2253,0,2256,G
5-NP,456,2213,0,5,0,2218,A
5-NP,457,1,3,2232,0,2236,G
5-NP,458,0,0,0,2235,2235,C
5-NP,459,1,2206,0,5,2212,T
5-NP,460,2,0,0,2243,2245,C
5-NP,461,0,2232,0,2,2234,T
5-NP,462,0,2240,0,1,2241,T
5-NP,463,0,1,2261,0,2262,G
5-NP,464,1,2252,0,0,2253,T
5-NP,465,0,2247,0,5,2252,T
5-NP,466,5,2,0,2243,2250,C
5-NP,467,3,5,2246,0,2254,G
5-NP,468,2280,0,3,0,2283,A
5-NP,469,2287,1,1,0,2289,A
5-NP,470,0,0,0,2319,2319,C
5-NP,471,0,2314,0,1,2315,T
5-NP,472,0,0,2361,0,2361,G
5-NP,473,1,6,2362,0,2369,G
5-NP,474,2363,2,1,0,2366,A
5-NP,475,2369,0,2,0,2371,A
5-NP,476,1,2365,0,2,2368,T
5-NP,477,0,1,2373,0,2374,G
5-NP,478,0,2,2365,0,2367,G
5-NP,479,2383,0,2,0,2385,A
5-NP,480,1,2398,0,1,2400,T
5-NP,481,3,0,0,2400,2403,C
5-NP,482,1,1,0,2416,2418,C
5-NP,483,2,0,0,2451,2453,C
5-NP,484,2469,2,3,0,2474,A
5-NP,485,1,5,2510,0,2516,G
5-NP,486,2506,0,1,0,2507,A
5-NP,487,2509,0,0,0,2509,A
5-NP,488,1,2497,0,1,2499,T
5-NP,489,0,0,2530,0,2530,G
5-NP,490,0,2510,0,1,2511,T
5-NP,491,0,1,2523,0,2524,G
5-NP,492,1,0,0,2525,2526,C
5-NP,493,0,2515,0,7,2522,T
5-NP,494,1,0,0,2710,2711,C
5-NP,495,0,2705,0,1,2706,T
5-NP,496,1,0,0,2851,2852,C
5-NP,497,0,2851,0,5,2856,T
5-NP,498,1,4,2863,0,2868,G
5-NP,499,2907,0,2,0,2909,A
5-NP,500,0,2903,0,0,2903,T
5-NP,501,1,0,2893,0,2894,G
5-NP,502,0,2,0,2893,2895,C
5-NP,503,2820,2,1,0,2823,A
5-NP,504,1,2,2902,0,2905,G
5-NP,505,1,2,2854,0,2857,G
5-NP,506,1,0,2874,1,2876,G
5-NP,507,0,2,0,2881,2883,C
5-NP,508,0,2869,0,4,2873,T
5-NP,509,3,1,0,2891,2895,C
5-NP,510,2,11,2887,0,2900,G
5-NP,511,2928,1,1,0,2930,A
5-NP,512,0,2,0,2949,2951,C
5-NP,513,0,2906,0,5,2911,T
5-NP,514,2,0,0,3060,3062,C
5-NP,515,1,3043,0,4,3048,T
5-NP,516,3,0,0,3529,3532,C
5-NP,517,3,0,0,3535,3538,C
5-NP,518,0,1,0,3544,3545,C
5-NP,519,1,3558,0,3,3562,T
5-NP,520,3532,0,0,0,3532,A
5-NP,521,0,5,3533,0,3538,G
5-NP,522,3518,0,2,0,3520,A
5-NP,523,3465,0,2,0,3467,A
5-NP,524,0,7,3461,0,3468,G
5-NP,525,0,0,3459,0,3459,G
5-NP,526,0,3405,0,1,3406,T
5-NP,527,5,0,0,3435,3440,C
5-NP,528,3,4,0,3438,3445,C
5-NP,529,3,1,3443,0,3447,G
5-NP,530,0,3,3473,0,3476,G
5-NP,531,3464,0,2,0,3466,A
5-NP,532,1,0,3507,0,3508,G
5-NP,533,1,1,0,3522,3524,C
5-NP,534,1,3472,1,6,3480,T
5-NP,535,1,0,3495,0,3496,G
5-NP,536,0,2,0,3504,3506,C
5-NP,537,3498,2,6,1,3507,A
5-NP,538,1,2,3506,0,3509,G
5-NP,539,1,0,3518,0,3519,G
5-NP,540,1,3468,0,3,3472,T
5-NP,541,0,0,3505,0,3505,G
5-NP,542,0,1,0,3516,3517,C
5-NP,543,0,3521,0,3,3524,T
5-NP,544,4,0,3537,0,3541,G
5-NP,545,1,0,0,3535,3536,C
5-NP,546,3568,0,1,0,3569,A
5-NP,547,0,2,3649,0,3651,G
5-NP,548,0,3619,0,2,3621,T
5-NP,549,5,0,0,3639,3644,C
5-NP,550,3640,0,0,0,3640,A
5-NP,551,3630,1,1,0,3632,A
5-NP,552,3636,0,7,0,3643,A
5-NP,553,0,3,3662,0,3665,G
5-NP,554,0,5,3656,0,3661,G
5-NP,555,3669,0,0,0,3669,A
5-NP,556,3634,0,0,0,3634,A
5-NP,557,0,3647,0,1,3648,T
5-NP,558,6,2,0,3651,3659,C
5-NP,559,2,6,3649,0,3657,G
5-NP,560,0,4,3738,0,3742,G
5-NP,561,1,3,3743,0,3747,G
5-NP,562,3737,1,2,0,3740,A
5-NP,563,1,0,0,3768,3769,C
5-NP,564,3729,0,1,0,3730,A
5-NP,565,3793,0,3,0,3796,A
5-NP,566,0,3838,0,0,3838,T
5-NP,567,2,1,3847,0,3850,G
5-NP,568,1,0,3878,0,3879,G
5-NP,569,2,3781,0,3,3786,T
5-NP,570,2,4,3838,0,3844,G
5-NP,571,3819,0,3,0,3822,A
5-NP,572,0,3810,0,3,3813,T
5-NP,573,0,2,3831,0,3833,G
5-NP,574,2,3,3918,0,3923,G
5-NP,575,3899,0,6,0,3905,A
5-NP,576,3921,0,4,0,3925,A
5-NP,577,1,1,0,3900,3902,C
5-NP,578,0,3884,0,0,3884,T
5-NP,579,3873,0,4,0,3877,A
5-NP,580,4015,2,1,0,4018,A
5-NP,581,0,4029,0,1,4030,T
5-NP,582,6,0,0,4040,4046,C
5-NP,583,3951,1,0,0,3952,A
5-NP,584,0,9,4025,0,4034,G
5-NP,585,3987,0,0,0,3987,A
5-NP,586,4006,0,1,0,4007,A
5-NP,587,0,4027,0,1,4028,T
5-NP,588,1,5,4024,0,4030,G
5-NP,589,1,2,4073,0,4076,G
5-NP,590,0,4047,1,4,4052,T
5-NP,591,11,1,0,4080,4092,C
5-NP,592,4093,0,0,0,4093,A
5-NP,593,4093,0,3,1,4097,A
5-NP,594,4103,0,7,0,4110,A
5-NP,595,2,1,0,4115,4118,C
5-NP,596,0,2,4103,1,4106,G
5-NP,597,0,0,4116,0,4116,G
5-NP,598,1,2,4085,0,4088,G
5-NP,599,3,5,4092,0,4100,G
5-NP,600,2,8,4107,0,4117,G
5-NP,601,4101,0,2,0,4103,A
5-NP,602,1,4096,0,8,4105,T
5-NP,603,5,2,0,4113,4120,C
5-NP,604,4135,0,2,0,4137,A
5-NP,605,4123,1,1,0,4125,A
5-NP,606,0,0,0,4125,4125,C
5-NP,607,2,6,4103,0,4111,G
5-NP,608,4099,0,1,0,4100,A
5-NP,609,0,4079,0,0,4079,T
5-NP,610,13,2,0,4094,4109,C
5-NP,611,1,8,4103,0,4112,G
5-NP,612,4091,0,0,0,4091,A
5-NP,613,4105,0,1,1,4107,A
5-NP,614,4107,0,3,0,4110,A
5-NP,615,0,4154,0,0,4154,T
5-NP,616,0,4162,0,1,4163,T
5-NP,617,0,4162,1,0,4163,T
5-NP,618,0,4168,0,0,4168,T
5-NP,619,1,4177,0,1,4179,T
5-NP,620,1,4,4169,0,4174,G
5-NP,621,0,4,4160,0,4164,G
5-NP,622,4124,1,9,0,4134,A
5-NP,623,0,2,4176,0,4178,G
5-NP,624,4110,0,3,0,4113,A
5-NP,625,0,2,4280,0,4282,G
5-NP,626,2,0,4279,0,4281,G
5-NP,627,0,4219,0,4,4223,T
5-NP,628,2,7,4281,0,4290,G
5-NP,629,4273,1,7,0,4281,A
5-NP,630,0,1,4312,1,4314,G
5-NP,631,4303,0,5,0,4308,A
5-NP,632,4283,0,3,0,4286,A
5-NP,633,1,4299,0,1,4301,T
5-NP,634,1,6,4180,0,4187,G
5-NP,635,0,3,4168,0,4171,G
5-NP,636,4131,1,12,0,4144,A
5-NP,637,1,5,0,4148,4154,C
5-NP,638,1,2,4169,0,4172,G
5-NP,639,3,4,4208,0,4215,G
5-NP,640,4195,0,0,0,4195,A
5-NP,641,4211,0,1,0,4212,A
5-NP,642,4264,0,5,0,4269,A
5-NP,643,4275,2,4,1,4282,A
5-NP,644,0,2,0,4288,4290,C
5-NP,645,4300,0,0,0,4300,A
5-NP,646,4287,0,1,0,4288,A
5-NP,647,0,2,4286,0,4288,G
5-NP,648,4161,0,8,0,4169,A
5-NP,649,4191,1,4,0,4196,A
5-NP,650,0,0,4273,0,4273,G
5-NP,651,0,4215,1,2,4218,T
5-NP,652,1,1,4436,0,4438,G
5-NP,653,2,1,1,4388,4392,C
5-NP,654,0,4405,0,3,4408,T
5-NP,655,0,4426,0,4,4430,T
5-NP,656,4459,0,4,0,4463,A
5-NP,657,1,4467,0,0,4468,T
5-NP,658,2,5,4493,0,4500,G
5-NP,659,4385,1,5,1,4392,A
5-NP,660,0,1,4414,0,4415,G
5-NP,661,4202,0,8,1,4211,A
5-NP,662,1,5,4232,0,4238,G
5-NP,663,4229,0,2,0,4231,A
5-NP,664,4256,1,2,0,4259,A
5-NP,665,0,4233,0,1,4234,T
5-NP,666,0,1,4279,0,4280,G
5-NP,667,1,4234,0,2,4237,T
5-NP,668,4,2,4255,0,4261,G
5-NP,669,0,5,1,4243,4249,C
5-NP,670,4247,0,2,0,4249,A
5-NP,671,4239,0,6,0,4245,A
5-NP,672,0,1,0,4233,4234,C
5-NP,673,4207,1,1,0,4209,A
5-NP,674,0,4215,0,0,4215,T
5-NP,675,0,4147,0,5,4152,T
5-NP,676,4,0,1,4150,4155,C
5-NP,677,0,4136,0,3,4139,T
5-NP,678,0,4147,0,1,4148,T
5-NP,679,4146,0,0,0,4146,A
5-NP,680,4126,0,0,0,4126,A
5-NP,681,4125,0,2,1,4128,A
5-NP,682,0,5,4119,0,4124,G
5-NP,683,0,3,4109,0,4112,G
5-NP,684,4100,0,2,0,4102,A
5-NP,685,4099,1,1,0,4101,A
5-NP,686,4106,0,0,0,4106,A
5-NP,687,4128,0,11,0,4139,A
5-NP,688,0,4128,1,2,4131,T
5-NP,689,0,4129,0,1,4130,T
5-NP,690,0,4141,0,2,4143,T
5-NP,691,10,1,0,4122,4133,C
5-NP,692,4154,0,2,1,4157,A
5-NP,693,4148,0,2,0,4150,A
5-NP,694,4142,0,7,0,4149,A
5-NP,695,1,2,0,4190,4193,C
5-NP,696,4158,0,0,0,4158,A
5-NP,697,0,0,4212,1,4213,G
5-NP,698,0,1,0,4214,4215,C
5-NP,699,1,4201,0,5,4207,T
5-NP,700,2,2,4268,0,4272,G
5-NP,701,0,4,0,4244,4248,C
5-NP,702,4280,0,2,0,4282,A
5-NP,703,2,1,0,4290,4293,C
5-NP,704,4273,1,1,0,4275,A
5-NP,705,4269,0,5,0,4274,A
5-NP,706,4193,0,7,0,4200,A
5-NP,707,1,7,4330,0,4338,G
5-NP,708,4304,1,9,0,4314,A
5-NP,709,1,0,4347,0,4348,G
5-NP,710,1,0,0,4333,4334,C
5-NP,711,4320,0,2,0,4322,A
5-NP,712,4405,0,4,2,4411,A
5-NP,713,1,4422,0,0,4423,T
5-NP,714,1,7,4407,0,4415,G
5-NP,715,5,0,4417,0,4422,G
5-NP,716,0,4291,0,9,4300,T
5-NP,717,3,6,4322,0,4331,G
5-NP,718,1,3,4338,0,4342,G
5-NP,719,4342,0,9,1,4352,A
5-NP,720,1,4319,0,3,4323,T
5-NP,721,13,1,0,4220,4234,C
5-NP,722,4251,0,2,1,4254,A
5-NP,723,4281,1,2,0,4284,A
5-NP,724,0,0,4306,0,4306,G
5-NP,725,0,4256,0,0,4256,T
5-NP,726,0,6,4270,1,4277,G
5-NP,727,4231,1,8,0,4240,A
5-NP,728,4,5,4231,0,4240,G
5-NP,729,4247,0,6,0,4253,A
5-NP,730,0,1,4244,0,4245,G
5-NP,731,4216,1,2,0,4219,A
5-NP,732,4164,0,0,0,4164,A
5-NP,733,4181,0,7,1,4189,A
5-NP,734,0,0,4196,0,4196,G
5-NP,735,0,4146,0,0,4146,T
5-NP,736,9,2,0,4172,4183,C
5-NP,737,4,2,4152,0,4158,G
5-NP,738,0,4,4153,0,4157,G
5-NP,739,4175,1,1,0,4177,A
5-NP,740,4149,0,1,0,4150,A
5-NP,741,0,1,0,4185,4186,C
5-NP,742,5,0,0,4162,4167,C
5-NP,743,9,4,0,4175,4188,C
5-NP,744,4172,0,4,0,4176,A
5-NP,745,1,0,4195,0,4196,G
5-NP,746,0,3,4178,1,4182,G
5-NP,747,4175,0,1,0,4176,A
5-NP,748,4182,0,2,0,4184,A
5-NP,749,4154,0,3,0,4157,A
5-NP,750,0,2,0,4187,4189,C
5-NP,751,0,0,4173,0,4173,G
5-NP,752,0,0,0,4184,4184,C
5-NP,753,0,4165,0,5,4170,T
5-NP,754,1,4,4180,0,4185,G
5-NP,755,4157,1,2,0,4160,A
5-NP,756,0,6,4196,0,4202,G
5-NP,757,4241,1,5,1,4248,A
5-NP,758,0,4218,0,0,4218,T
5-NP,759,10,3,0,4169,4182,C
5-NP,760,5,6,4194,0,4205,G
5-NP,761,4193,0,0,0,4193,A
5-NP,762,4186,0,2,1,4189,A
5-NP,763,0,2,4177,0,4179,G
5-NP,764,4120,1,1,0,4122,A
5-NP,765,1,3,0,4044,4048,C
5-NP,766,8,0,0,4155,4163,C
5-NP,767,2,4174,0,6,4182,T
5-NP,768,6,3,0,4186,4195,C
5-NP,769,4204,0,0,0,4204,A
5-NP,770,0,4214,0,1,4215,T
5-NP,771,4222,0,2,0,4224,A
5-NP,772,0,4224,1,0,4225,T
5-NP,773,0,4202,0,1,4203,T
5-NP,774,0,4137,0,1,4138,T
5-NP,775,0,4100,0,0,4100,T
5-NP,776,0,4094,0,2,4096,T
5-NP,777,4103,0,1,0,4104,A
5-NP,778,3,1,4090,0,4094,G
5-NP,779,0,2,0,4093,4095,C
5-NP,780,4099,0,1,0,4100,A
5-NP,781,4082,0,0,0,4082,A
5-NP,782,0,5,4203,0,4208,G
5-NP,783,4190,0,1,0,4191,A
5-NP,784,0,4196,0,1,4197,T
5-NP,785,4,0,0,4239,4243,C
5-NP,786,0,4210,0,5,4215,T
5-NP,787,2,3,4303,0,4308,G
5-NP,788,0,1,0,4301,4302,C
5-NP,789,4319,1,4,1,4325,A
5-NP,790,0,4366,0,0,4366,T
5-NP,791,0,4216,1,3,4220,T
5-NP,792,0,1,4410,0,4411,G
5-NP,793,4486,0,5,0,4491,A
5-NP,794,0,4483,0,3,4486,T
5-NP,795,4502,0,0,0,4502,A
5-NP,796,0,4429,0,4,4433,T
5-NP,797,0,4387,0,2,4389,T
5-NP,798,0,7,4408,0,4415,G
5-NP,799,4363,0,10,0,4373,A
5-NP,800,0,4,4398,0,4402,G
5-NP,801,4143,0,3,1,4147,A
5-NP,802,0,3,4098,0,4101,G
5-NP,803,0,5,4119,1,4125,G
5-NP,804,4108,0,1,0,4109,A
5-NP,805,0,4061,0,4,4065,T
5-NP,806,4,0,0,4092,4096,C
5-NP,807,4090,0,0,0,4090,A
5-NP,808,1,0,4119,0,4120,G
5-NP,809,0,4101,1,1,4103,T
5-NP,810,0,4078,2,1,4081,T
5-NP,811,0,1,4074,0,4075,G
5-NP,812,0,1,0,4049,4050,C
5-NP,813,0,4019,1,5,4025,T
5-NP,814,12,1,0,4025,4038,C
5-NP,815,4034,0,2,0,4036,A
5-NP,816,0,2,0,4047,4049,C
5-NP,817,4065,0,2,0,4067,A
5-NP,818,4082,0,2,0,4084,A
5-NP,819,4043,0,1,0,4044,A
5-NP,820,0,4043,0,1,4044,T
5-NP,821,3,2,0,4061,4066,C
5-NP,822,0,4054,1,5,4060,T
5-NP,823,0,4044,0,1,4045,T
5-NP,824,0,2,4054,0,4056,G
5-NP,825,0,2,0,4041,4043,C
5-NP,826,2,3,0,4064,4069,C
5-NP,827,1,4085,0,2,4088,T
5-NP,828,4024,0,3,0,4027,A
5-NP,829,1,3,0,4094,4098,C
5-NP,830,3,2,0,4103,4108,C
5-NP,831,0,4086,0,2,4088,T
5-NP,832,3,2,4157,0,4162,G
5-NP,833,1,0,0,4124,4125,C
5-NP,834,5,0,0,4152,4157,C
5-NP,835,1,4112,0,2,4115,T
5-NP,836,4,0,4139,0,4143,G
5-NP,837,1,4103,0,1,4105,T
5-NP,838,0,0,4166,0,4166,G
5-NP,839,1,2,1,4173,4177,C
5-NP,840,4,0,4248,1,4253,G
5-NP,841,0,4201,0,0,4201,T
5-NP,842,4192,0,1,0,4193,A
5-NP,843,0,4191,1,3,4195,T
5-NP,844,1,1,4200,0,4202,G
5-NP,845,0,5,4298,0,4303,G
5-NP,846,4283,0,0,0,4283,A
5-NP,847,0,2,0,4220,4222,C
5-NP,848,2,2,0,4215,4219,C
5-NP,849,0,4152,0,1,4153,T
5-NP,850,2,0,4339,0,4341,G
5-NP,851,1,1,0,4335,4337,C
5-NP,852,4353,0,4,0,4357,A
5-NP,853,1,0,4440,0,4441,G
5-NP,854,0,4263,0,0,4263,T
5-NP,855,4395,0,0,0,4395,A
5-NP,856,0,4384,0,2,4386,T
5-NP,857,2,0,0,4358,4360,C
5-NP,858,1,1,0,4381,4383,C
5-NP,859,4189,0,1,0,4190,A
5-NP,860,4,0,4210,0,4214,G
5-NP,861,0,4200,1,2,4203,T
5-NP,862,2,3,4217,0,4222,G
5-NP,863,2,3,4210,1,4216,G
5-NP,864,1,0,4144,0,4145,G
5-NP,865,0,4124,0,1,4125,T
5-NP,866,4139,0,1,0,4140,A
5-NP,867,2,1,0,4115,4118,C
5-NP,868,5,7,4100,0,4112,G
5-NP,869,4081,0,5,0,4086,A
5-NP,870,2,0,0,4096,4098,C
5-NP,871,0,3976,1,3,3980,T
5-NP,872,2,3982,0,0,3984,T
5-NP,873,3,2,0,3997,4002,C
5-NP,874,1,4,4003,0,4008,G
5-NP,875,3988,0,5,0,3993,A
5-NP,876,4015,0,0,0,4015,A
5-NP,877,4020,0,0,0,4020,A
5-NP,878,4014,0,1,0,4015,A
5-NP,879,3998,1,6,0,4005,A
5-NP,880,0,2,4026,0,4028,G
5-NP,881,4014,0,6,0,4020,A
5-NP,882,0,2,4022,0,4024,G
5-NP,883,0,7,4066,0,4073,G
5-NP,884,0,3,4070,0,4073,G
5-NP,885,4080,0,2,1,4083,A
5-NP,886,0,4084,0,3,4087,T
5-NP,887,4110,0,2,0,4112,A
5-NP,888,0,4099,1,3,4103,T
5-NP,889,1,4101,0,0,4102,T
5-NP,890,8,0,0,4133,4141,C
5-NP,891,2,0,0,4102,4104,C
5-NP,892,0,4069,0,2,4071,T
5-NP,893,0,4083,0,2,4085,T
5-NP,894,0,1,4106,1,4108,G
5-NP,895,0,1,4122,0,4123,G
5-NP,896,0,4068,1,4,4073,T
5-NP,897,3,3,4079,0,4085,G
5-NP,898,0,1,4058,0,4059,G
5-NP,899,0,2,4195,0,4197,G
5-NP,900,4191,0,1,0,4192,A
5-NP,901,4205,0,2,0,4207,A
5-NP,902,0,4199,1,1,4201,T
5-NP,903,4130,0,2,0,4132,A
5-NP,904,2,2,4132,0,4136,G
5-NP,905,4070,0,7,0,4077,A
5-NP,906,0,1,0,4066,4067,C
5-NP,907,2,1,0,4030,4033,C
5-NP,908,4,0,1,3938,3943,C
5-NP,909,0,3988,0,7,3995,T
5-NP,910,0,4010,1,1,4012,T
5-NP,911,1,4009,0,0,4010,T
5-NP,912,6,3,1,4002,4012,C
5-NP,913,4003,0,3,1,4007,A
5-NP,914,4004,0,1,0,4005,A
5-NP,915,3991,1,1,0,3993,A
5-NP,916,1,0,0,3998,3999,C
5-NP,917,0,3908,1,1,3910,T
5-NP,918,3871,2,0,0,3873,A
5-NP,919,0,1,0,3890,3891,C
5-NP,920,0,3883,0,1,3884,T
5-NP,921,0,3861,0,2,3863,T
5-NP,922,1,0,0,3904,3905,C
5-NP,923,3898,0,0,0,3898,A
5-NP,924,3902,0,0,0,3902,A
5-NP,925,3899,0,0,0,3899,A
5-NP,926,3885,2,3,0,3890,A
5-NP,927,0,3858,0,0,3858,T
5-NP,928,3813,0,4,1,3818,A
5-NP,929,0,0,3851,0,3851,G
5-NP,930,2,0,1,3855,3858,C
5-NP,931,3,1,0,3895,3899,C
5-NP,932,3908,1,0,0,3909,A
5-NP,933,3903,0,2,0,3905,A
5-NP,934,3988,0,0,0,3988,A
5-NP,935,0,3987,0,0,3987,T
5-NP,936,4028,0,0,0,4028,A
5-NP,937,0,4017,0,3,4020,T
5-NP,938,3941,1,4,0,3946,A
5-NP,939,2,3,0,3960,3965,C
5-NP,940,3866,0,3,0,3869,A
5-NP,941,0,0,3949,0,3949,G
5-NP,942,0,2,0,3929,3931,C
5-NP,943,0,3817,0,5,3822,T
5-NP,944,0,3860,0,0,3860,T
5-NP,945,3875,0,4,0,3879,A
5-NP,946,3869,0,1,0,3870,A
5-NP,947,0,3857,0,0,3857,T
5-NP,948,4,0,0,3848,3852,C
5-NP,949,3740,0,7,0,3747,A
5-NP,950,0,4,3751,0,3755,G
5-NP,951,3750,0,4,0,3754,A
5-NP,952,1,1,0,3766,3768,C
5-NP,953,5,1,0,3744,3750,C
5-NP,954,0,3708,0,5,3713,T
5-NP,955,3742,0,1,0,3743,A
5-NP,956,3733,0,2,0,3735,A
5-NP,957,0,1,0,3748,3749,C
5-NP,958,0,7,3735,0,3742,G
5-NP,959,3688,1,0,0,3689,A
5-NP,960,1,4,3677,0,3682,G
5-NP,961,3643,0,0,0,3643,A
5-NP,962,3665,0,1,0,3666,A
5-NP,963,0,3650,0,0,3650,T
5-NP,964,4,1,0,3618,3623,C
5-NP,965,1,4,0,3620,3625,C
5-NP,966,3532,1,9,0,3542,A
5-NP,967,1,0,3567,0,3568,G
5-NP,968,1,0,0,3554,3555,C
5-NP,969,3591,0,2,0,3593,A
5-NP,970,0,0,0,3614,3614,C
5-NP,971,3566,0,1,0,3567,A
5-NP,972,1,0,0,3582,3583,C
5-NP,973,3587,0,3,0,3590,A
5-NP,974,3596,0,3,0,3599,A
5-NP,975,0,2,3600,0,3602,G
5-NP,976,3548,0,7,0,3555,A
5-NP,977,0,1,3554,0,3555,G
5-NP,978,0,3461,0,2,3463,T
5-NP,979,8,0,0,3441,3449,C
5-NP,980,3447,0,6,1,3454,A
5-NP,981,0,0,3445,0,3445,G
5-NP,982,1,2,0,3424,3427,C
5-NP,983,0,3396,1,3,3400,T
5-NP,984,0,3,3432,1,3436,G
5-NP,985,0,0,3447,0,3447,G
5-NP,986,0,3421,0,3,3424,T
5-NP,987,1,1,3452,0,3454,G
5-NP,988,0,3399,0,1,3400,T
5-NP,989,2,4,3389,0,3395,G
5-NP,990,0,4,3379,0,3383,G
5-NP,991,3375,0,3,0,3378,A
5-NP,992,0,3373,0,4,3377,T
5-NP,993,1,3,3217,0,3221,G
5-NP,994,2,0,3182,0,3184,G
5-NP,995,1,1,1,3172,3175,C
5-NP,996,3147,0,3,1,3151,A
5-NP,997,1,3144,3,3,3151,T
5-NP,998,1,0,3142,0,3143,G
5-NP,999,0,0,0,3140,3140,C
5-NP,1000,4,2,0,3155,3161,C
5-NP,1001,3151,0,1,0,3152,A
5-NP,1002,1,3129,1,7,3138,T
5-NP,1003,0,3067,0,2,3069,T
5-NP,1004,7,1,0,3087,3095,C
5-NP,1005,0,3039,0,1,3040,T
5-NP,1006,1,0,3032,0,3033,G
5-NP,1007,0,0,0,3038,3038,C
5-NP,1008,1,2952,0,2,2955,T
5-NP,1009,0,0,2970,0,2970,G
5-NP,1010,1,0,0,2921,2922,C
5-NP,1011,2925,0,0,1,2926,A
5-NP,1012,0,2922,0,0,2922,T
5-NP,1013,0,2909,0,0,2909,T
5-NP,1014,0,2909,0,1,2910,T
5-NP,1015,0,1,2907,0,2908,G
5-NP,1016,2898,0,0,0,2898,A
5-NP,1017,2906,0,3,0,2909,A
5-NP,1018,2,4,2927,0,2933,G
5-NP,1019,2915,0,1,0,2916,A
5-NP,1020,0,2910,0,1,2911,T
5-NP,1021,0,2908,0,0,2908,T
5-NP,1022,0,2910,0,1,2911,T
5-NP,1023,2918,0,0,0,2918,A
5-NP,1024,2915,1,1,0,2917,A
5-NP,1025,0,6,2912,0,2918,G
5-NP,1026,2904,0,2,0,2906,A
5-NP,1027,0,2888,0,0,2888,T
5-NP,1028,0,2853,0,1,2854,T
5-NP,1029,0,0,2869,0,2869,G
5-NP,1030,0,2859,0,1,2860,T
5-NP,1031,2,2865,1,2,2870,T
5-NP,1032,2871,0,0,0,2871,A
5-NP,1033,2866,0,5,0,2871,A
5-NP,1034,2,0,2866,0,2868,G
5-NP,1035,0,0,0,2875,2875,C
5-NP,1036,0,2793,0,4,2797,T
5-NP,1037,0,2799,0,6,2805,T
5-NP,1038,2,1,0,2824,2827,C
5-NP,1039,2827,0,2,0,2829,A
5-NP,1040,0,2806,0,3,2809,T
5-NP,1041,1,1,0,2824,2826,C
5-NP,1042,2788,0,1,0,2789,A
5-NP,1043,0,0,2790,0,2790,G
5-NP,1044,2751,0,3,0,2754,A
5-NP,1045,1,3,2753,0,2757,G
5-NP,1046,1,4,2740,0,2745,G
5-NP,1047,1,1,2737,0,2739,G
5-NP,1048,2738,0,3,0,2741,A
5-NP,1049,0,1,0,2754,2755,C
5-NP,1050,2752,1,2,0,2755,A
5-NP,1051,2759,0,0,0,2759,A
5-NP,1052,2753,0,5,0,2758,A
5-NP,1053,2769,0,5,0,2774,A
5-NP,1054,0,1,2779,0,2780,G
5-NP,1055,0,2715,0,0,2715,T
5-NP,1056,2705,0,0,0,2705,A
5-NP,1057,0,2690,0,1,2691,T
5-NP,1058,1,2,0,2688,2691,C
5-NP,1059,0,2644,0,5,2649,T
5-NP,1060,4,1,0,2671,2676,C
5-NP,1061,3,1,0,2670,2674,C
5-NP,1062,0,2638,0,1,2639,T
5-NP,1063,3,1,0,2659,2663,C
5-NP,1064,0,1,2655,0,2656,G
5-NP,1065,0,3,2673,0,2676,G
5-NP,1066,0,2,2671,0,2673,G
5-NP,1067,1,2,2674,0,2677,G
5-NP,1068,1,3,2660,0,2664,G
5-NP,1069,2634,0,0,0,2634,A
5-NP,1070,2637,0,1,0,2638,A
5-NP,1071,2628,1,3,0,2632,A
5-NP,1072,0,0,0,2639,2639,C
5-NP,1073,0,2630,0,1,2631,T
5-NP,1074,0,1,2641,0,2642,G
5-NP,1075,1,2622,0,0,2623,T
5-NP,1076,6,0,0,2625,2631,C
5-NP,1077,2658,0,1,1,2660,A
5-NP,1078,2664,1,1,0,2666,A
5-NP,1079,0,1,0,2682,2683,C
5-NP,1080,0,2671,0,1,2672,T
5-NP,1081,2636,1,0,0,2637,A
5-NP,1082,0,1,2641,0,2642,G
5-NP,1083,2593,0,2,0,2595,A
5-NP,1084,1,4,2600,0,2605,G
5-NP,1085,0,2,2618,0,2620,G
5-NP,1086,2509,2,2,0,2513,A
5-NP,1087,1,1,2573,0,2575,G
5-NP,1088,0,2540,0,2,2542,T
5-NP,1089,2538,0,2,0,2540,A
5-NP,1090,0,0,0,2551,2551,C
5-NP,1091,2532,1,1,0,2534,A
5-NP,1092,2524,0,4,0,2528,A
5-NP,1093,2507,0,0,0,2507,A
5-NP,1094,0,2480,0,0,2480,T
5-NP,1095,0,2472,1,0,2473,T
5-NP,1096,0,0,2417,0,2417,G
5-NP,1097,0,1,0,2390,2391,C
5-NP,1098,1,2370,0,2,2373,T
5-NP,1099,0,2371,1,1,2373,T
5-NP,1100,5,1,0,2377,2383,C
5-NP,1101,2380,2,1,0,2383,A
5-NP,1102,2393,0,0,0,2393,A
5-NP,1103,2396,0,0,0,2396,A
5-NP,1104,1,2396,0,1,2398,T
5-NP,1105,0,2,2399,0,2401,G
5-NP,1106,2349,0,5,0,2354,A
5-NP,1107,0,1,2375,0,2376,G
5-NP,1108,2373,0,2,0,2375,A
5-NP,1109,2370,0,1,0,2371,A
5-NP,1110,0,2,0,2367,2369,C
5-NP,1111,2338,0,2,0,2340,A
5-NP,1112,0,2339,0,0,2339,T
5-NP,1113,1,1,2365,0,2367,G
5-NP,1114,0,2,2380,0,2382,G
5-NP,1115,2378,0,2,0,2380,A
5-NP,1116,0,2352,0,1,2353,T
5-NP,1117,2325,0,1,0,2326,A
5-NP,1118,2457,0,0,0,2457,A
5-NP,1119,0,2413,0,1,2414,T
5-NP,1120,2405,0,0,0,2405,A
5-NP,1121,0,2399,0,1,2400,T
5-NP,1122,2,1,2274,0,2277,G
5-NP,1123,1,6,2236,0,2243,G
5-NP,1124,0,4,2237,0,2241,G
5-NP,1125,2231,0,0,0,2231,A
5-NP,1126,0,2210,0,3,2213,T
5-NP,1127,4,0,0,1860,1864,C
5-NP,1128,2,3,1859,1,1865,G
5-NP,1129,1854,0,1,0,1855,A
5-NP,1130,2,0,1853,0,1855,G
5-NP,1131,0,0,0,1852,1852,C
5-NP,1132,1837,0,0,0,1837,A
5-NP,1133,1,2,0,1917,1920,C
5-NP,1134,0,1900,0,1,1901,T
5-NP,1135,1,0,0,1929,1930,C
5-NP,1136,0,1922,0,3,1925,T
5-NP,1137,0,1901,0,1,1902,T
5-NP,1138,0,3,1901,0,1904,G
5-NP,1139,1902,0,3,0,1905,A
5-NP,1140,1907,0,1,0,1908,A
5-NP,1141,0,0,0,1913,1913,C
5-NP,1142,2,1620,0,1,1623,T
5-NP,1143,0,3,1628,0,1631,G
5-NP,1144,1581,0,2,0,1583,A
5-NP,1145,0,2,1597,0,1599,G
5-NP,1146,1587,0,2,0,1589,A
5-NP,1147,1592,0,0,0,1592,A
5-NP,1148,1,0,1594,0,1595,G
5-NP,1149,0,0,0,1568,1568,C
5-NP,1150,2,2,1569,0,1573,G
5-NP,1151,0,0,1576,0,1576,G
5-NP,1152,2,0,1575,0,1577,G
5-NP,1153,0,1570,0,0,1570,T
5-NP,1154,1547,0,0,0,1547,A
5-NP,1155,1,0,0,1543,1544,C
5-NP,1156,0,1410,0,0,1410,T
5-NP,1157,0,3,1408,0,1411,G
5-NP,1158,0,0,1396,0,1396,G
5-NP,1159,0,0,1390,0,1390,G
5-NP,1160,1,0,0,1379,1380,C
5-NP,1161,0,0,0,1359,1359,C
5-NP,1162,1376,0,0,0,1376,A
5-NP,1163,0,1378,0,0,1378,T
5-NP,1164,1381,0,1,0,1382,A
5-NP,1165,1380,0,1,0,1381,A
5-NP,1166,0,2,1371,0,1373,G
5-NP,1167,0,1,1403,0,1404,G
5-NP,1168,1373,1,0,0,1374,A
5-NP,1169,0,0,0,1376,1376,C
5-NP,1170,1,1,0,1373,1375,C
5-NP,1171,1369,0,1,0,1370,A
5-NP,1172,0,1,1409,0,1410,G
5-NP,1173,0,3,1401,0,1404,G
5-NP,1174,1398,0,0,0,1398,A
5-NP,1175,1,1,1408,0,1410,G
5-NP,1176,0,1337,0,1,1338,T
5-NP,1177,1,0,1347,0,1348,G
5-NP,1178,0,2,1357,0,1359,G
5-NP,1179,1345,0,2,0,1347,A
5-NP,1180,0,0,1358,0,1358,G
5-NP,1181,0,1,1332,0,1333,G
5-NP,1182,1325,0,1,0,1326,A
5-NP,1183,1325,0,0,0,1325,A
5-NP,1184,1322,0,4,0,1326,A
5-NP,1185,0,0,0,1339,1339,C
5-NP,1186,1324,0,1,0,1325,A
5-NP,1187,0,0,0,1349,1349,C
5-NP,1188,0,1328,0,0,1328,T
5-NP,1189,1350,0,0,0,1350,A
5-NP,1190,1341,0,0,0,1341,A
5-NP,1191,0,1350,1,0,1351,T
5-NP,1192,2,0,0,1360,1362,C
5-NP,1193,1353,0,0,0,1353,A
5-NP,1194,1369,0,0,0,1369,A
5-NP,1195,5,1,0,1371,1377,C
5-NP,1196,1336,0,0,0,1336,A
5-NP,1197,0,2,1333,1,1336,G
5-NP,1198,1310,0,2,0,1312,A
5-NP,1199,0,1,1309,0,1310,G
5-NP,1200,0,1,1316,0,1317,G
5-NP,1201,1,0,1314,0,1315,G
5-NP,1202,0,0,1,1296,1297,C
5-NP,1203,0,0,0,1281,1281,C
5-NP,1204,1,1257,0,3,1261,T
5-NP,1205,1,0,1,1285,1287,C
5-NP,1206,2,0,0,1286,1288,C
5-NP,1207,2,1,1284,0,1287,G
5-NP,1208,1,0,0,1282,1283,C
5-NP,1209,1273,0,1,0,1274,A
5-NP,1210,0,0,1307,0,1307,G
5-NP,1211,0,0,1298,0,1298,G
5-NP,1212,0,1,0,1308,1309,C
5-NP,1213,0,1,0,1309,1310,C
5-NP,1214,1297,0,0,0,1297,A
5-NP,1215,1302,0,0,0,1302,A
5-NP,1216,1298,0,1,1,1300,A
5-NP,1217,0,0,0,1300,1300,C
5-NP,1218,0,1,0,1307,1308,C
5-NP,1219,1235,0,0,0,1235,A
5-NP,1220,0,0,1253,0,1253,G
5-NP,1221,0,1235,0,0,1235,T
5-NP,1222,1,0,1255,0,1256,G
5-NP,1223,0,1236,0,0,1236,T
5-NP,1224,0,1,1237,0,1238,G
5-NP,1225,1,0,0,1238,1239,C
5-NP,1226,1238,0,0,0,1238,A
5-NP,1227,1242,0,2,0,1244,A
5-NP,1228,0,0,0,1236,1236,C
5-NP,1229,0,0,0,1246,1246,C
5-NP,1230,0,1233,0,1,1234,T
5-NP,1231,1224,0,1,0,1225,A
5-NP,1232,0,0,0,1220,1220,C
5-NP,1233,0,1,1224,0,1225,G
5-NP,1234,0,1217,0,2,1219,T
5-NP,1235,0,1214,0,0,1214,T
5-NP,1236,0,1202,1,0,1203,T
5-NP,1237,0,1200,0,0,1200,T
5-NP,1238,0,0,0,1197,1197,C
5-NP,1239,0,1179,1,2,1182,T
5-NP,1240,0,1,1210,0,1211,G
5-NP,1241,0,1215,0,0,1215,T
5-NP,1242,1212,0,0,0,1212,A
5-NP,1243,0,0,0,1216,1216,C
5-NP,1244,1205,0,0,0,1205,A
5-NP,1245,1206,0,0,0,1206,A
5-NP,1246,1208,0,0,0,1208,A
5-NP,1247,0,0,1208,0,1208,G
5-NP,1248,1204,0,0,0,1204,A
5-NP,1249,1172,0,2,0,1174,A
5-NP,1250,1173,0,0,0,1173,A
5-NP,1251,0,2,0,1168,1170,C
5-NP,1252,1,0,0,1170,1171,C
5-NP,1253,1,1159,0,1,1161,T
5-NP,1254,0,0,0,1172,1172,C
5-NP,1255,0,0,0,1168,1168,C
5-NP,1256,1,0,0,1164,1165,C
5-NP,1257,1163,0,0,0,1163,A
5-NP,1258,0,1161,0,0,1161,T
5-NP,1259,0,1164,0,0,1164,T
5-NP,1260,0,1166,0,0,1166,T
5-NP,1261,1,1,1169,0,1171,G
5-NP,1262,1169,0,1,0,1170,A
5-NP,1263,1165,0,0,0,1165,A
5-NP,1264,1161,0,0,0,1161,A
5-NP,1265,1163,0,0,0,1163,A
5-NP,1266,1,0,1169,0,1170,G
5-NP,1267,0,1151,0,0,1151,T
5-NP,1268,3,0,0,1155,1158,C
5-NP,1269,1166,0,1,0,1167,A
5-NP,1270,1171,0,1,0,1172,A
5-NP,1271,0,2,0,1172,1174,C
5-NP,1272,2,0,0,1181,1183,C
5-NP,1273,1183,0,0,0,1183,A
5-NP,1274,1,1173,0,1,1175,T
5-NP,1275,0,0,0,1183,1183,C
5-NP,1276,1177,0,1,0,1178,A
5-NP,1277,1,1178,0,1,1180,T
5-NP,1278,0,1,1184,0,1185,G
5-NP,1279,0,0,1184,0,1184,G
5-NP,1280,0,1,1,1183,1185,C
5-NP,1281,1161,0,2,0,1163,A
5-NP,1282,0,0,1159,0,1159,G
5-NP,1283,0,0,0,1152,1152,C
5-NP,1284,1156,0,0,0,1156,A
5-NP,1285,0,1149,0,1,1150,T
5-NP,1286,1,1143,0,1,1145,T
5-NP,1287,1,1,0,1145,1147,C
5-NP,1288,1134,1,0,0,1135,A
5-NP,1289,0,0,1,1147,1148,C
5-NP,1290,0,1139,1,0,1140,T
5-NP,1291,0,0,1141,0,1141,G
5-NP,1292,0,0,1147,0,1147,G
5-NP,1293,1137,0,1,0,1138,A
5-NP,1294,1142,0,0,0,1142,A
5-NP,1295,1140,0,0,0,1140,A
5-NP,1296,0,1124,0,0,1124,T
5-NP,1297,1133,0,0,0,1133,A
5-NP,1298,1,0,0,1133,1134,C
5-NP,1299,1,1,1109,0,1111,G
5-NP,1300,0,1,1107,0,1108,G
5-NP,1301,1079,0,1,0,1080,A
5-NP,1302,0,1,1085,0,1086,G
5-NP,1303,0,3,1081,0,1084,G
5-NP,1304,0,1,1080,0,1081,G
5-NP,1305,1086,0,2,0,1088,A
5-NP,1306,1081,0,0,0,1081,A
5-NP,1307,0,0,1084,0,1084,G
5-NP,1308,1088,0,0,0,1088,A
5-NP,1309,1083,0,1,0,1084,A
5-NP,1310,1,0,0,1090,1091,C
5-NP,1311,1,1068,0,0,1069,T
5-NP,1312,0,1074,0,1,1075,T
5-NP,1313,0,1,0,1081,1082,C
5-NP,1314,1077,0,1,0,1078,A
5-NP,1315,0,1,1079,0,1080,G
5-NP,1316,1075,0,1,0,1076,A
5-NP,1317,0,0,0,1079,1079,C
5-NP,1318,1076,0,0,0,1076,A
5-NP,1319,0,1051,0,0,1051,T
5-NP,1320,0,2,1058,0,1060,G
5-NP,1321,1045,0,0,0,1045,A
5-NP,1322,0,2,1051,0,1053,G
5-NP,1323,0,0,1047,0,1047,G
5-NP,1324,0,0,1045,0,1045,G
5-NP,1325,0,0,0,1045,1045,C
5-NP,1326,1045,0,0,0,1045,A
5-NP,1327,0,0,1046,0,1046,G
5-NP,1328,1047,0,1,0,1048,A
5-NP,1329,1052,0,0,0,1052,A
5-NP,1330,1049,0,1,0,1050,A
5-NP,1331,0,1035,1,3,1039,T
5-NP,1332,3,0,0,1040,1043,C
5-NP,1333,1043,0,1,0,1044,A
5-NP,1334,0,1040,0,0,1040,T
5-NP,1335,1048,0,1,0,1049,A
5-NP,1336,1038,0,0,0,1038,A
5-NP,1337,0,1,1043,0,1044,G
5-NP,1338,1031,0,0,0,1031,A
5-NP,1339,1032,0,0,0,1032,A
5-NP,1340,0,1012,0,0,1012,T
5-NP,1341,0,0,1011,0,1011,G
5-NP,1342,1008,0,1,0,1009,A
5-NP,1343,0,999,0,0,999,T
5-NP,1344,0,4,1008,0,1012,G
5-NP,1345,0,1,1010,0,1011,G
5-NP,1346,998,1,1,0,1000,A
5-NP,1347,997,0,0,0,997,A
5-NP,1348,968,0,0,0,968,A
5-NP,1349,0,0,971,0,971,G
5-NP,1350,0,963,0,1,964,T
5-NP,1351,0,0,971,0,971,G
5-NP,1352,0,1,0,967,968,C
5-NP,1353,964,0,0,0,964,A
5-NP,1354,967,0,0,1,968,A
5-NP,1355,966,0,0,0,966,A
5-NP,1356,959,0,1,0,960,A
5-NP,1357,0,0,0,968,968,C
5-NP,1358,0,0,0,948,948,C
5-NP,1359,940,0,0,0,940,A
5-NP,1360,0,0,944,0,944,G
5-NP,1361,943,1,1,0,945,A
5-NP,1362,937,0,0,0,937,A
5-NP,1363,1,0,938,0,939,G
5-NP,1364,930,0,0,0,930,A
5-NP,1365,899,0,1,0,900,A
5-NP,1366,0,0,914,0,914,G
5-NP,1367,0,895,0,1,896,T
5-NP,1368,0,0,912,0,912,G
5-NP,1369,1,893,0,3,897,T
5-NP,1370,3,0,0,900,903,C
5-NP,1371,907,0,0,0,907,A
5-NP,1372,0,904,0,0,904,T
5-NP,1373,0,896,0,0,896,T
5-NP,1374,2,0,0,911,913,C
5-NP,1375,0,0,0,898,898,C
5-NP,1376,0,0,894,0,894,G
5-NP,1377,0,0,894,0,894,G
5-NP,1378,0,2,890,0,892,G
5-NP,1379,0,1,896,0,897,G
5-NP,1380,0,2,895,0,897,G
5-NP,1381,863,1,1,0,865,A
5-NP,1382,0,0,872,0,872,G
5-NP,1383,0,1,866,0,867,G
5-NP,1384,1,1,863,0,865,G
5-NP,1385,1,1,869,0,871,G
5-NP,1386,852,0,0,0,852,A
5-NP,1387,0,0,853,0,853,G
5-NP,1388,0,839,0,1,840,T
5-NP,1389,2,0,0,825,827,C
5-NP,1390,0,835,0,1,836,T
5-NP,1391,0,825,0,3,828,T
5-NP,1392,1,0,0,837,838,C
5-NP,1393,1,0,836,0,837,G
5-NP,1394,829,0,1,0,830,A
5-NP,1395,1,0,825,0,826,G
5-NP,1396,1,0,0,803,804,C
5-NP,1397,0,799,0,1,800,T
5-NP,1398,0,1,0,798,799,C
5-NP,1399,0,797,1,1,799,T
5-NP,1400,1,0,0,799,800,C
5-NP,1401,802,0,1,0,803,A
5-NP,1402,0,0,804,0,804,G
5-NP,1403,805,0,0,0,805,A
5-NP,1404,0,1,0,796,797,C
5-NP,1405,0,3,790,0,793,G
5-NP,1406,782,0,0,0,782,A
5-NP,1407,0,0,779,0,779,G
5-NP,1408,776,0,2,0,778,A
5-NP,1409,777,0,1,0,778,A
5-NP,1410,0,0,775,0,775,G
5-NP,1411,0,0,765,0,765,G
5-NP,1412,0,2,0,760,762,C
5-NP,1413,764,0,0,0,764,A
5-NP,1414,764,0,0,0,764,A
5-NP,1415,0,0,0,761,761,C
5-NP,1416,0,3,765,0,768,G
5-NP,1417,768,0,0,0,768,A
5-NP,1418,758,0,0,0,758,A
5-NP,1419,0,0,0,752,752,C
5-NP,1420,0,0,0,743,743,C
5-NP,1421,0,0,0,742,742,C
5-NP,1422,0,1,748,0,749,G
5-NP,1423,749,1,0,0,750,A
5-NP,1424,0,745,0,0,745,T
5-NP,1425,1,0,0,736,737,C
5-NP,1426,0,0,733,1,734,G
5-NP,1427,0,733,0,1,734,T
5-NP,1428,0,0,733,0,733,G
5-NP,1429,0,0,0,721,721,C
5-NP,1430,3,0,0,719,722,C
5-NP,1431,2,0,0,718,720,C
5-NP,1432,0,699,0,1,700,T
5-NP,1433,1,0,0,719,720,C
5-NP,1434,0,718,0,0,718,T
5-NP,1435,0,715,2,1,718,T
5-NP,1436,0,721,0,0,721,T
5-NP,1437,0,711,0,1,712,T
5-NP,1438,2,0,713,0,715,G
5-NP,1439,711,0,0,0,711,A
5-NP,1440,0,708,0,0,708,T
5-NP,1441,698,0,0,0,698,A
5-NP,1442,0,588,0,0,588,T
5-NP,1443,0,2,596,0,598,G
5-NP,1444,588,0,0,0,588,A
5-NP,1445,0,0,589,0,589,G
5-NP,1446,0,591,0,1,592,T
5-NP,1447,576,0,0,0,576,A
5-NP,1448,582,0,0,0,582,A
5-NP,1449,0,577,0,0,577,T
5-NP,1450,0,1,573,0,574,G
5-NP,1451,573,0,0,0,573,A
5-NP,1452,508,0,1,0,509,A
5-NP,1453,0,0,508,0,508,G
5-NP,1454,0,1,483,0,484,G
5-NP,1455,483,0,0,0,483,A
5-NP,1456,0,480,0,0,480,T
5-NP,1457,0,0,0,476,476,C
5-NP,1458,0,471,0,1,472,T
5-NP,1459,0,471,0,0,471,T
5-NP,1460,467,0,0,0,467,A
5-NP,1461,0,469,0,0,469,T
5-NP,1462,0,465,0,0,465,T
5-NP,1463,0,460,0,0,460,T
5-NP,1464,0,0,0,451,451,C
5-NP,1465,0,440,0,0,440,T
5-NP,1466,0,434,0,0,434,T
5-NP,1467,0,0,0,437,437,C
5-NP,1468,2,0,434,0,436,G
5-NP,1469,0,0,434,0,434,G
5-NP,1470,435,0,2,0,437,A
5-NP,1471,0,0,435,0,435,G
5-NP,1472,431,0,0,0,431,A
5-NP,1473,0,0,0,432,432,C
5-NP,1474,408,0,1,0,409,A
5-NP,1475,407,0,0,0,407,A
5-NP,1476,0,409,0,0,409,T
5-NP,1477,1,0,404,0,405,G
5-NP,1478,0,0,0,406,406,C
5-NP,1479,389,0,0,0,389,A
5-NP,1480,0,0,389,0,389,G
5-NP,1481,384,0,0,1,385,A
5-NP,1482,358,0,0,0,358,A
5-NP,1483,0,0,357,0,357,G
5-NP,1484,250,0,0,0,250,A
5-NP,1485,0,0,248,0,248,G
5-NP,1486,0,212,0,0,212,T
5-NP,1487,208,0,0,0,208,A
5-NP,1488,1,193,0,0,194,T
5-NP,1489,0,0,192,0,192,G
5-NP,1490,195,0,0,0,195,A
5-NP,1491,0,0,0,195,195,C
5-NP,1492,121,0,0,0,121,A
5-NP,1493,118,0,0,0,118,A
5-NP,1494,0,71,0,0,71,T
5-NP,1495,0,68,0,0,68,T
5-NP,1496,70,0,0,0,70,A
5-NP,1497,70,0,0,0,70,A
6-NA,1,114,0,0,0,114,A
6-NA,2,0,114,0,0,114,T
6-NA,3,0,0,117,0,117,G
6-NA,4,117,0,2,0,119,A
6-NA,5,126,0,0,0,126,A
6-NA,6,0,127,0,0,127,T
6-NA,7,0,0,0,126,126,C
6-NA,8,0,0,0,127,127,C
6-NA,9,128,0,0,0,128,A
6-NA,10,131,0,0,0,131,A
6-NA,11,132,0,0,0,132,A
6-NA,12,0,134,0,0,134,T
6-NA,13,1,0,0,131,132,C
6-NA,14,134,0,0,0,134,A
6-NA,15,137,0,0,0,137,A
6-NA,16,136,0,0,0,136,A
6-NA,17,145,0,0,0,145,A
6-NA,18,0,0,153,0,153,G
6-NA,19,160,0,0,0,160,A
6-NA,20,0,162,0,0,162,T
6-NA,21,162,0,0,0,162,A
6-NA,22,164,0,0,0,164,A
6-NA,23,0,168,0,0,168,T
6-NA,24,169,0,0,0,169,A
6-NA,25,173,0,0,0,173,A
6-NA,26,0,0,0,180,180,C
6-NA,27,0,0,186,0,186,G
6-NA,28,187,0,0,0,187,A
6-NA,29,0,185,0,0,185,T
6-NA,30,0,186,2,0,188,T
6-NA,31,0,0,188,0,188,G
6-NA,32,0,0,199,0,199,G
6-NA,33,0,0,0,201,201,C
6-NA,34,0,200,0,1,201,T
6-NA,35,0,0,0,214,214,C
6-NA,36,0,216,0,0,216,T
6-NA,37,0,0,222,0,222,G
6-NA,38,0,219,0,1,220,T
6-NA,39,0,221,0,0,221,T
6-NA,40,0,228,0,1,229,T
6-NA,41,0,0,0,233,233,C
6-NA,42,0,234,0,0,234,T
6-NA,43,0,0,0,235,235,C
6-NA,44,0,236,0,0,236,T
6-NA,45,1,0,0,236,237,C
6-NA,46,234,0,0,0,234,A
6-NA,47,0,0,0,249,249,C
6-NA,48,0,0,0,250,250,C
6-NA,49,251,0,0,0,251,A
6-NA,50,0,252,0,0,252,T
6-NA,51,0,258,0,0,258,T
6-NA,52,0,260,0,0,260,T
6-NA,53,1,0,0,266,267,C
6-NA,54,0,0,0,265,265,C
6-NA,55,265,0,0,0,265,A
6-NA,56,0,0,0,280,280,C
6-NA,57,279,0,0,0,279,A
6-NA,58,296,0,0,0,296,A
6-NA,59,0,295,0,0,295,T
6-NA,60,305,1,1,0,307,A
6-NA,61,0,311,0,0,311,T
6-NA,62,0,0,309,0,309,G
6-NA,63,0,0,0,312,312,C
6-NA,64,0,309,0,0,309,T
6-NA,65,0,315,0,0,315,T
6-NA,66,0,0,0,317,317,C
6-NA,67,0,317,0,0,317,T
6-NA,68,0,318,0,0,318,T
6-NA,69,0,0,0,317,317,C
6-NA,70,315,0,0,0,315,A
6-NA,71,0,317,0,0,317,T
6-NA,72,0,0,318,0,318,G
6-NA,73,0,0,0,319,319,C
6-NA,74,319,0,1,0,320,A
6-NA,75,319,0,0,0,319,A
6-NA,76,319,0,0,0,319,A
6-NA,77,0,334,0,0,334,T
6-NA,78,0,331,0,0,331,T
6-NA,79,0,0,332,0,332,G
6-NA,80,0,0,0,333,333,C
6-NA,81,0,0,0,337,337,C
6-NA,82,341,0,0,0,341,A
6-NA,83,0,342,0,0,342,T
6-NA,84,0,0,0,361,361,C
6-NA,85,0,361,0,1,362,T
6-NA,86,0,362,0,0,362,T
6-NA,87,1,2,365,0,368,G
6-NA,88,365,0,2,0,367,A
6-NA,89,0,373,0,0,373,T
6-NA,90,373,0,0,0,373,A
6-NA,91,374,0,1,0,375,A
6-NA,92,0,0,0,423,423,C
6-NA,93,0,423,0,0,423,T
6-NA,94,430,1,0,0,431,A
6-NA,95,0,0,0,449,449,C
6-NA,96,0,448,0,0,448,T
6-NA,97,0,0,458,0,458,G
6-NA,98,0,463,0,1,464,T
6-NA,99,461,0,0,0,461,A
6-NA,100,464,0,0,0,464,A
6-NA,101,0,0,0,455,455,C
6-NA,102,454,0,0,0,454,A
6-NA,103,1,457,0,0,458,T
6-NA,104,0,452,0,0,452,T
6-NA,105,0,1,451,0,452,G
6-NA,106,0,0,0,448,448,C
6-NA,107,456,0,0,0,456,A
6-NA,108,0,459,0,0,459,T
6-NA,109,0,457,0,0,457,T
6-NA,110,0,454,0,0,454,T
6-NA,111,0,0,0,453,453,C
6-NA,112,457,0,0,0,457,A
6-NA,113,463,0,0,0,463,A
6-NA,114,0,0,465,0,465,G
6-NA,115,0,0,0,465,465,C
6-NA,116,468,0,0,0,468,A
6-NA,117,493,0,1,0,494,A
6-NA,118,0,498,0,0,498,T
6-NA,119,500,0,0,0,500,A
6-NA,120,0,496,0,1,497,T
6-NA,121,0,1,504,0,505,G
6-NA,122,502,0,1,0,503,A
6-NA,123,507,0,0,0,507,A
6-NA,124,0,511,0,0,511,T
6-NA,125,0,511,0,0,511,T
6-NA,126,0,0,0,509,509,C
6-NA,127,507,0,0,0,507,A
6-NA,128,510,0,0,0,510,A
6-NA,129,0,0,0,512,512,C
6-NA,130,0,508,0,3,511,T
6-NA,131,0,0,0,510,510,C
6-NA,132,0,0,0,512,512,C
6-NA,133,0,0,0,520,520,C
6-NA,134,0,1,0,523,524,C
6-NA,135,1,0,0,526,527,C
6-NA,136,0,0,0,530,530,C
6-NA,137,0,0,0,535,535,C
6-NA,138,532,0,0,0,532,A
6-NA,139,536,0,0,0,536,A
6-NA,140,532,0,0,0,532,A
6-NA,141,0,0,0,538,538,C
6-NA,142,533,0,0,0,533,A
6-NA,143,539,0,0,0,539,A
6-NA,144,0,0,0,539,539,C
6-NA,145,0,0,0,536,536,C
6-NA,146,544,0,0,1,545,A
6-NA,147,549,0,0,0,549,A
6-NA,148,0,1,564,0,565,G
6-NA,149,0,567,0,1,568,T
6-NA,150,0,0,573,0,573,G
6-NA,151,589,0,0,0,589,A
6-NA,152,0,583,0,1,584,T
6-NA,153,0,1,587,0,588,G
6-NA,154,0,1,0,589,590,C
6-NA,155,0,580,0,0,580,T
6-NA,156,0,0,626,0,626,G
6-NA,157,0,628,0,0,628,T
6-NA,158,0,0,627,0,627,G
6-NA,159,0,623,0,0,623,T
6-NA,160,0,1,623,0,624,G
6-NA,161,625,0,0,0,625,A
6-NA,162,631,0,1,0,632,A
6-NA,163,2,0,0,625,627,C
6-NA,164,1,0,0,627,628,C
6-NA,165,633,0,0,0,633,A
6-NA,166,631,2,1,0,634,A
6-NA,167,2,0,0,657,659,C
6-NA,168,659,0,0,0,659,A
6-NA,169,661,0,0,0,661,A
6-NA,170,0,666,0,0,666,T
6-NA,171,667,0,0,0,667,A
6-NA,172,668,0,0,0,668,A
6-NA,173,0,670,0,0,670,T
6-NA,174,670,0,0,0,670,A
6-NA,175,0,0,673,0,673,G
6-NA,176,657,0,0,0,657,A
6-NA,177,664,0,0,0,664,A
6-NA,178,658,0,0,0,658,A
6-NA,179,0,0,666,0,666,G
6-NA,180,674,0,0,0,674,A
6-NA,181,677,0,0,0,677,A
6-NA,182,712,0,0,0,712,A
6-NA,183,0,0,0,714,714,C
6-NA,184,714,0,0,0,714,A
6-NA,185,0,722,0,0,722,T
6-NA,186,731,0,1,0,732,A
6-NA,187,729,0,1,0,730,A
6-NA,188,1,0,0,738,739,C
6-NA,189,729,0,1,0,730,A
6-NA,190,0,1,747,0,748,G
6-NA,191,738,0,2,0,740,A
6-NA,192,1,0,737,0,738,G
6-NA,193,740,0,1,0,741,A
6-NA,194,0,764,0,2,766,T
6-NA,195,765,0,1,0,766,A
6-NA,196,1,0,778,0,779,G
6-NA,197,0,773,0,0,773,T
6-NA,198,1,0,793,0,794,G
6-NA,199,0,791,0,2,793,T
6-NA,200,788,0,1,0,789,A
6-NA,201,0,791,0,0,791,T
6-NA,202,0,0,1,789,790,C
6-NA,203,0,777,0,1,778,T
6-NA,204,1,3,797,0,801,G
6-NA,205,790,0,2,0,792,A
6-NA,206,0,0,0,795,795,C
6-NA,207,0,0,0,785,785,C
6-NA,208,790,0,0,0,790,A
6-NA,209,795,0,0,0,795,A
6-NA,210,0,0,0,804,804,C
6-NA,211,805,0,2,0,807,A
6-NA,212,0,0,0,827,827,C
6-NA,213,1,0,0,815,816,C
6-NA,214,831,0,0,0,831,A
6-NA,215,0,1,0,872,873,C
6-NA,216,0,0,0,862,862,C
6-NA,217,866,0,0,0,866,A
6-NA,218,0,867,0,0,867,T
6-NA,219,858,0,0,0,858,A
6-NA,220,0,1,864,0,865,G
6-NA,221,850,0,2,0,852,A
6-NA,222,2,1,860,0,863,G
6-NA,223,858,0,0,0,858,A
6-NA,224,837,0,2,0,839,A
6-NA,225,0,1,848,0,849,G
6-NA,226,0,2,848,0,850,G
6-NA,227,853,0,0,0,853,A
6-NA,228,859,0,1,0,860,A
6-NA,229,854,0,3,0,857,A
6-NA,230,1,853,0,0,854,T
6-NA,231,849,0,0,0,849,A
6-NA,232,0,849,0,0,849,T
6-NA,233,0,0,841,0,841,G
6-NA,234,0,0,0,852,852,C
6-NA,235,1,0,0,841,842,C
6-NA,236,0,0,0,850,850,C
6-NA,237,1,0,0,854,855,C
6-NA,238,857,0,0,0,857,A
6-NA,239,874,0,0,0,874,A
6-NA,240,882,0,0,0,882,A
6-NA,241,1,0,0,883,884,C
6-NA,242,0,888,0,0,888,T
6-NA,243,888,0,0,0,888,A
6-NA,244,0,0,878,0,878,G
6-NA,245,0,0,0,882,882,C
6-NA,246,885,0,0,0,885,A
6-NA,247,0,1,902,0,903,G
6-NA,248,887,0,0,0,887,A
6-NA,249,904,0,0,0,904,A
6-NA,250,0,905,0,0,905,T
6-NA,251,908,0,1,0,909,A
6-NA,252,0,0,0,913,913,C
6-NA,253,911,0,0,1,912,A
6-NA,254,0,0,912,0,912,G
6-NA,255,913,0,0,0,913,A
6-NA,256,910,0,0,0,910,A
6-NA,257,912,0,1,0,913,A
6-NA,258,0,906,0,0,906,T
6-NA,259,0,905,0,0,905,T
6-NA,260,1,1,904,1,907,G
6-NA,261,0,0,906,1,907,G
6-NA,262,0,904,0,2,906,T
6-NA,263,1,0,0,906,907,C
6-NA,264,904,0,0,1,905,A
6-NA,265,909,0,0,0,909,A
6-NA,266,907,0,0,0,907,A
6-NA,267,0,0,910,0,910,G
6-NA,268,0,1,0,908,909,C
6-NA,269,1,0,0,907,908,C
6-NA,270,0,0,904,0,904,G
6-NA,271,1,0,0,914,915,C
6-NA,272,917,0,1,0,918,A
6-NA,273,923,0,1,0,924,A
6-NA,274,0,924,0,0,924,T
6-NA,275,0,0,921,0,921,G
6-NA,276,0,915,0,2,917,T
6-NA,277,0,3,922,0,925,G
6-NA,278,939,0,2,0,941,A
6-NA,279,1,0,0,958,959,C
6-NA,280,974,0,0,0,974,A
6-NA,281,0,985,0,0,985,T
6-NA,282,0,979,0,1,980,T
6-NA,283,979,0,1,0,980,A
6-NA,284,0,1,0,980,981,C
6-NA,285,977,0,1,0,978,A
6-NA,286,0,3,975,0,978,G
6-NA,287,0,0,960,0,960,G
6-NA,288,1,0,938,0,939,G
6-NA,289,0,952,0,2,954,T
6-NA,290,0,961,0,0,961,T
6-NA,291,0,966,0,0,966,T
6-NA,292,0,0,962,0,962,G
6-NA,293,0,0,0,961,961,C
6-NA,294,962,0,0,0,962,A
6-NA,295,0,0,0,966,966,C
6-NA,296,0,1,0,960,961,C
6-NA,297,1,947,0,0,948,T
6-NA,298,0,952,0,0,952,T
6-NA,299,0,959,0,1,960,T
6-NA,300,0,959,0,0,959,T
6-NA,301,0,970,0,0,970,T
6-NA,302,0,0,0,971,971,C
6-NA,303,0,966,0,0,966,T
6-NA,304,964,0,1,0,965,A
6-NA,305,964,0,0,0,964,A
6-NA,306,1,1,963,0,965,G
6-NA,307,0,0,965,1,966,G
6-NA,308,957,0,3,0,960,A
6-NA,309,0,0,0,966,966,C
6-NA,310,954,0,1,0,955,A
6-NA,311,958,0,0,0,958,A
6-NA,312,0,951,0,0,951,T
6-NA,313,0,951,0,0,951,T
6-NA,314,2,1,0,966,969,C
6-NA,315,0,3,963,0,966,G
6-NA,316,963,0,2,0,965,A
6-NA,317,0,968,0,0,968,T
6-NA,318,0,963,0,0,963,T
6-NA,319,966,0,0,0,966,A
6-NA,320,0,1,959,0,960,G
6-NA,321,0,0,958,0,958,G
6-NA,322,0,0,0,966,966,C
6-NA,323,0,952,0,0,952,T
6-NA,324,0,950,0,1,951,T
6-NA,325,0,953,0,1,954,T
6-NA,326,0,0,0,964,964,C
6-NA,327,0,0,0,970,970,C
6-NA,328,2,0,967,0,969,G
6-NA,329,0,0,0,971,971,C
6-NA,330,0,966,0,1,967,T
6-NA,331,1,0,993,0,994,G
6-NA,332,0,0,992,0,992,G
6-NA,333,1,990,0,0,991,T
6-NA,334,0,1,992,0,993,G
6-NA,335,0,2,985,0,987,G
6-NA,336,0,2,986,0,988,G
6-NA,337,0,0,993,0,993,G
6-NA,338,995,0,1,0,996,A
6-NA,339,0,0,0,1014,1014,C
6-NA,340,997,0,0,0,997,A
6-NA,341,0,989,0,1,990,T
6-NA,342,0,5,0,993,998,C
6-NA,343,0,996,0,0,996,T
6-NA,344,0,2,997,0,999,G
6-NA,345,0,0,1002,0,1002,G
6-NA,346,1,0,1008,0,1009,G
6-NA,347,0,1008,0,0,1008,T
6-NA,348,1,5,990,0,996,G
6-NA,349,1000,0,1,0,1001,A
6-NA,350,0,0,0,1026,1026,C
6-NA,351,1027,0,0,0,1027,A
6-NA,352,1066,0,1,0,1067,A
6-NA,353,0,0,1079,0,1079,G
6-NA,354,1063,0,1,0,1064,A
6-NA,355,0,0,1093,0,1093,G
6-NA,356,1100,7,0,0,1107,A
6-NA,357,1156,0,2,0,1158,A
6-NA,358,1,0,0,1365,1366,C
6-NA,359,1,0,0,1428,1429,C
6-NA,360,1,1431,0,0,1432,T
6-NA,361,0,1441,0,0,1441,T
6-NA,362,1441,0,0,0,1441,A
6-NA,363,0,1437,0,0,1437,T
6-NA,364,0,0,1496,0,1496,G
6-NA,365,0,1494,0,2,1496,T
6-NA,366,0,0,1527,0,1527,G
6-NA,367,0,1490,0,0,1490,T
6-NA,368,4,0,1,1482,1487,C
6-NA,369,1506,2,1,11,1520,A
6-NA,370,0,1519,0,2,1521,T
6-NA,371,0,0,1527,0,1527,G
6-NA,372,0,0,0,1529,1529,C
6-NA,373,2,1,1522,0,1525,G
6-NA,374,1687,0,0,0,1687,A
6-NA,375,0,1717,0,0,1717,T
6-NA,376,0,0,1,1742,1743,C
6-NA,377,0,0,0,1750,1750,C
6-NA,378,0,1773,0,3,1776,T
6-NA,379,1,4,1799,1,1805,G
6-NA,380,1806,0,2,0,1808,A
6-NA,381,0,0,0,1811,1811,C
6-NA,382,1811,0,2,0,1813,A
6-NA,383,1774,0,0,0,1774,A
6-NA,384,0,0,1841,0,1841,G
6-NA,385,0,1830,0,0,1830,T
6-NA,386,0,0,1862,0,1862,G
6-NA,387,0,1852,0,2,1854,T
6-NA,388,0,1864,0,2,1866,T
6-NA,389,1861,0,0,0,1861,A
6-NA,390,0,1854,0,0,1854,T
6-NA,391,1,0,0,1888,1889,C
6-NA,392,1886,0,1,0,1887,A
6-NA,393,1878,0,0,0,1878,A
6-NA,394,0,1875,0,2,1877,T
6-NA,395,0,1861,0,4,1865,T
6-NA,396,0,1866,0,2,1868,T
6-NA,397,1,2,1869,0,1872,G
6-NA,398,0,0,0,1967,1967,C
6-NA,399,0,0,0,1968,1968,C
6-NA,400,2,0,0,1974,1976,C
6-NA,401,0,1976,0,3,1979,T
6-NA,402,1,1976,1,1,1979,T
6-NA,403,0,3,2004,0,2007,G
6-NA,404,0,0,2000,0,2000,G
6-NA,405,2018,1,3,0,2022,A
6-NA,406,1,0,0,2029,2030,C
6-NA,407,1986,0,2,0,1988,A
6-NA,408,1,1,2033,0,2035,G
6-NA,409,0,1,2028,0,2029,G
6-NA,410,3,4,2086,0,2093,G
6-NA,411,2090,0,3,0,2093,A
6-NA,412,2094,0,2,0,2096,A
6-NA,413,0,0,1,2110,2111,C
6-NA,414,2087,0,3,1,2091,A
6-NA,415,2301,0,0,0,2301,A
6-NA,416,0,1,0,2300,2301,C
6-NA,417,2278,1,2,0,2281,A
6-NA,418,0,2,0,2306,2308,C
6-NA,419,0,2286,0,1,2287,T
6-NA,420,2318,0,0,0,2318,A
6-NA,421,2310,1,1,0,2312,A
6-NA,422,2325,0,5,0,2330,A
6-NA,423,1,1,0,2344,2346,C
6-NA,424,2271,0,2,0,2273,A
6-NA,425,2295,0,2,0,2297,A
6-NA,426,0,0,0,2313,2313,C
6-NA,427,0,0,2311,0,2311,G
6-NA,428,0,2291,0,1,2292,T
6-NA,429,2263,2,0,0,2265,A
6-NA,430,0,1,1,2308,2310,C
6-NA,431,2310,1,1,0,2312,A
6-NA,432,0,2323,0,1,2324,T
6-NA,433,0,2319,0,4,2323,T
6-NA,434,6,0,0,2424,2430,C
6-NA,435,2510,0,1,0,2511,A
6-NA,436,2521,0,1,0,2522,A
6-NA,437,2508,0,0,1,2509,A
6-NA,438,0,2519,0,0,2519,T
6-NA,439,2497,0,0,0,2497,A
6-NA,440,2573,0,2,0,2575,A
6-NA,441,0,0,0,2582,2582,C
6-NA,442,2569,0,3,1,2573,A
6-NA,443,0,1,0,2625,2626,C
6-NA,444,2570,0,2,0,2572,A
6-NA,445,0,0,3087,0,3087,G
6-NA,446,0,3086,0,2,3088,T
6-NA,447,3153,0,0,0,3153,A
6-NA,448,1,6,0,3164,3171,C
6-NA,449,3,1,3159,0,3163,G
6-NA,450,0,3250,0,6,3256,T
6-NA,451,0,3,3300,0,3303,G
6-NA,452,3298,0,2,0,3300,A
6-NA,453,0,3325,0,2,3327,T
6-NA,454,3194,0,2,0,3196,A
6-NA,455,1,2,3170,0,3173,G
6-NA,456,2,3,3131,0,3136,G
6-NA,457,3166,1,5,0,3172,A
6-NA,458,0,0,0,3211,3211,C
6-NA,459,1,0,0,3138,3139,C
6-NA,460,3,1,0,3201,3205,C
6-NA,461,3,1,0,3220,3224,C
6-NA,462,1,3228,0,8,3237,T
6-NA,463,0,3303,0,1,3304,T
6-NA,464,3337,0,0,0,3337,A
6-NA,465,0,3322,0,1,3323,T
6-NA,466,1,5,0,3323,3329,C
6-NA,467,2,6,3274,0,3282,G
6-NA,468,0,4,3264,0,3268,G
6-NA,469,3294,0,5,0,3299,A
6-NA,470,0,1,0,3340,3341,C
6-NA,471,1,0,0,3325,3326,C
6-NA,472,2,0,0,3522,3524,C
6-NA,473,0,3524,0,2,3526,T
6-NA,474,3580,1,0,0,3581,A
6-NA,475,0,3577,0,0,3577,T
6-NA,476,0,3588,0,1,3589,T
6-NA,477,2,5,3600,0,3607,G
6-NA,478,3596,1,4,0,3601,A
6-NA,479,0,3603,0,1,3604,T
6-NA,480,2,10,3605,0,3617,G
6-NA,481,3522,1,2,0,3525,A
6-NA,482,3537,0,4,0,3541,A
6-NA,483,1,3544,0,1,3546,T
6-NA,484,2,12,3575,0,3589,G
6-NA,485,3597,0,0,1,3598,A
6-NA,486,5,0,3682,0,3687,G
6-NA,487,0,3663,0,3,3666,T
6-NA,488,0,3692,0,2,3694,T
6-NA,489,3712,0,3,0,3715,A
6-NA,490,1,2,3715,0,3718,G
6-NA,491,0,0,3716,0,3716,G
6-NA,492,1,3683,1,2,3687,T
6-NA,493,1,0,3690,0,3691,G
6-NA,494,0,3672,0,3,3675,T
6-NA,495,0,3669,0,5,3674,T
6-NA,496,5,0,0,3728,3733,C
6-NA,497,3,0,0,3752,3755,C
6-NA,498,0,3749,2,6,3757,T
6-NA,499,0,3760,0,4,3764,T
6-NA,500,0,3751,0,1,3752,T
6-NA,501,0,3747,0,5,3752,T
6-NA,502,6,0,0,3773,3779,C
6-NA,503,3761,0,2,0,3763,A
6-NA,504,0,3841,0,6,3847,T
6-NA,505,1,1,0,3849,3851,C
6-NA,506,0,3813,0,2,3815,T
6-NA,507,1,1,3807,0,3809,G
6-NA,508,1,9,3757,0,3767,G
6-NA,509,0,6,3756,0,3762,G
6-NA,510,0,8,3821,0,3829,G
6-NA,511,3817,0,6,0,3823,A
6-NA,512,1,1,0,3884,3886,C
6-NA,513,3,1,0,3855,3859,C
6-NA,514,3895,0,1,0,3896,A
6-NA,515,3902,0,10,0,3912,A
6-NA,516,1,0,3901,0,3902,G
6-NA,517,0,2,0,3909,3911,C
6-NA,518,3917,0,1,0,3918,A
6-NA,519,3959,0,3,0,3962,A
6-NA,520,0,0,4010,0,4010,G
6-NA,521,0,3968,0,1,3969,T
6-NA,522,4,3,4092,0,4099,G
6-NA,523,0,4080,0,0,4080,T
6-NA,524,1,1,4194,1,4197,G
6-NA,525,3,4,0,4194,4201,C
6-NA,526,4195,0,3,0,4198,A
6-NA,527,1,4236,0,2,4239,T
6-NA,528,4192,0,1,1,4194,A
6-NA,529,1,0,4302,0,4303,G
6-NA,530,1,0,0,4290,4291,C
6-NA,531,4236,1,2,0,4239,A
6-NA,532,0,4243,0,1,4244,T
6-NA,533,1,3,4157,0,4161,G
6-NA,534,3,0,4404,0,4407,G
6-NA,535,1,4407,0,5,4413,T
6-NA,536,3,0,0,4394,4397,C
6-NA,537,3,1,0,4402,4406,C
6-NA,538,4431,1,4,0,4436,A
6-NA,539,2,1,4531,1,4535,G
6-NA,540,1,3,0,4528,4532,C
6-NA,541,1,4535,1,9,4546,T
6-NA,542,11,1,0,4553,4565,C
6-NA,543,4490,0,2,1,4493,A
6-NA,544,4519,0,4,0,4523,A
6-NA,545,1,2,4560,1,4564,G
6-NA,546,0,4614,0,2,4616,T
6-NA,547,0,4602,0,3,4605,T
6-NA,548,1,2,4618,0,4621,G
6-NA,549,0,4611,0,4,4615,T
6-NA,550,8,1,0,4599,4608,C
6-NA,551,4609,0,2,1,4612,A
6-NA,552,0,3,0,4656,4659,C
6-NA,553,3,0,4651,0,4654,G
6-NA,554,4682,0,4,0,4686,A
6-NA,555,0,4708,0,4,4712,T
6-NA,556,0,8,4787,0,4795,G
6-NA,557,3,3,4809,1,4816,G
6-NA,558,4812,0,6,0,4818,A
6-NA,559,4820,0,3,0,4823,A
6-NA,560,4864,1,3,0,4868,A
6-NA,561,4857,0,6,0,4863,A
6-NA,562,0,0,4903,0,4903,G
6-NA,563,1,0,0,4901,4902,C
6-NA,564,4905,0,1,0,4906,A
6-NA,565,0,4893,0,1,4894,T
6-NA,566,2,2,4935,0,4939,G
6-NA,567,0,0,4912,0,4912,G
6-NA,568,0,3,0,4983,4986,C
6-NA,569,2,4953,1,5,4961,T
6-NA,570,4,0,4989,0,4993,G
6-NA,571,0,0,0,4978,4978,C
6-NA,572,4998,0,1,0,4999,A
6-NA,573,0,5176,0,0,5176,T
6-NA,574,1,0,5184,0,5185,G
6-NA,575,0,5208,1,3,5212,T
6-NA,576,0,5323,0,1,5324,T
6-NA,577,2,5311,0,3,5316,T
6-NA,578,4,0,5578,0,5582,G
6-NA,579,1,5534,0,1,5536,T
6-NA,580,5577,0,1,0,5578,A
6-NA,581,0,5583,0,1,5584,T
6-NA,582,5512,0,4,0,5516,A
6-NA,583,5530,0,7,0,5537,A
6-NA,584,2,2,0,5503,5507,C
6-NA,585,1,6,5470,0,5477,G
6-NA,586,1,3,5484,0,5488,G
6-NA,587,0,4,5409,0,5413,G
6-NA,588,2,3,5421,1,5427,G
6-NA,589,3,5,5428,0,5436,G
6-NA,590,5395,2,6,0,5403,A
6-NA,591,2,5426,0,0,5428,T
6-NA,592,0,10,5439,1,5450,G
6-NA,593,5468,0,6,0,5474,A
6-NA,594,1,5492,0,0,5493,T
6-NA,595,5487,0,2,0,5489,A
6-NA,596,5631,0,0,1,5632,A
6-NA,597,5646,0,1,0,5647,A
6-NA,598,5643,0,1,0,5644,A
6-NA,599,5648,0,1,1,5650,A
6-NA,600,0,5641,0,1,5642,T
6-NA,601,0,1,5652,0,5653,G
6-NA,602,2,0,0,5630,5632,C
6-NA,603,5644,0,2,1,5647,A
6-NA,604,5665,0,3,0,5668,A
6-NA,605,1,0,0,5691,5692,C
6-NA,606,0,5666,0,3,5669,T
6-NA,607,3,2,5687,0,5692,G
6-NA,608,0,0,0,5686,5686,C
6-NA,609,1,5696,0,2,5699,T
6-NA,610,5704,0,4,0,5708,A
6-NA,611,2,0,5730,0,5732,G
6-NA,612,0,0,0,5762,5762,C
6-NA,613,0,5744,0,14,5758,T
6-NA,614,1,5737,2,3,5743,T
6-NA,615,3,0,0,5848,5851,C
6-NA,616,5868,1,0,0,5869,A
6-NA,617,0,5885,0,1,5886,T
6-NA,618,1,5896,0,6,5903,T
6-NA,619,0,5938,1,1,5940,T
6-NA,620,5944,1,2,0,5947,A
6-NA,621,2,4,0,5988,5994,C
6-NA,622,5977,0,3,0,5980,A
6-NA,623,6005,1,10,0,6016,A
6-NA,624,1,6004,0,2,6007,T
6-NA,625,0,5,5999,1,6005,G
6-NA,626,4,2,5979,0,5985,G
6-NA,627,3,5,5976,0,5984,G
6-NA,628,5907,1,15,0,5923,A
6-NA,629,3,2,6129,0,6134,G
6-NA,630,3,2,6162,0,6167,G
6-NA,631,2,1,0,6525,6528,C
6-NA,632,0,6562,0,9,6571,T
6-NA,633,1,6652,1,5,6659,T
6-NA,634,1,0,6718,0,6719,G
6-NA,635,0,6665,0,3,6668,T
6-NA,636,6797,1,8,0,6806,A
6-NA,637,3,7,6834,0,6844,G
6-NA,638,6739,2,3,0,6744,A
6-NA,639,0,6757,1,2,6760,T
6-NA,640,6427,0,2,0,6429,A
6-NA,641,0,1,6430,0,6431,G
6-NA,642,2,6312,0,3,6317,T
6-NA,643,0,0,6266,0,6266,G
6-NA,644,0,6485,0,5,6490,T
6-NA,645,0,6506,0,5,6511,T
6-NA,646,3,1,6596,0,6600,G
6-NA,647,1,6559,1,9,6570,T
6-NA,648,0,6604,0,6,6610,T
6-NA,649,0,6600,0,6,6606,T
6-NA,650,6,2,0,6519,6527,C
6-NA,651,6508,0,3,1,6512,A
6-NA,652,1,6473,0,2,6476,T
6-NA,653,4,3,6479,0,6486,G
6-NA,654,3,1,6796,1,6801,G
6-NA,655,0,6782,1,4,6787,T
6-NA,656,18,2,0,6733,6753,C
6-NA,657,6,3,1,6781,6791,C
6-NA,658,6806,0,1,0,6807,A
6-NA,659,6845,1,1,0,6847,A
6-NA,660,6823,0,10,1,6834,A
6-NA,661,2,9,6851,0,6862,G
6-NA,662,6840,0,2,0,6842,A
6-NA,663,6672,0,4,0,6676,A
6-NA,664,6656,1,4,0,6661,A
6-NA,665,0,6648,0,0,6648,T
6-NA,666,10,1,0,6791,6802,C
6-NA,667,8,2,0,6779,6789,C
6-NA,668,0,6791,0,3,6794,T
6-NA,669,2,0,0,6797,6799,C
6-NA,670,6792,0,4,0,6796,A
6-NA,671,15,6,6798,0,6819,G
6-NA,672,2,11,6781,0,6794,G
6-NA,673,6930,0,7,1,6938,A
6-NA,674,1,0,0,6957,6958,C
6-NA,675,9,1,1,6846,6857,C
6-NA,676,8,1,0,6894,6903,C
6-NA,677,6870,2,3,0,6875,A
6-NA,678,1,1,6917,0,6919,G
6-NA,679,2,17,6921,0,6940,G
6-NA,680,6907,2,5,0,6914,A
6-NA,681,2,1,7008,0,7011,G
6-NA,682,0,6889,0,5,6894,T
6-NA,683,13,1,0,6912,6926,C
6-NA,684,6927,0,6,0,6933,A
6-NA,685,3,4,6985,0,6992,G
6-NA,686,6946,0,9,0,6955,A
6-NA,687,6959,0,2,0,6961,A
6-NA,688,0,6953,0,3,6956,T
6-NA,689,3,1,6998,0,7002,G
6-NA,690,0,4,0,6979,6983,C
6-NA,691,4,2,7034,1,7041,G
6-NA,692,1,6974,0,5,6980,T
6-NA,693,0,7023,0,5,7028,T
6-NA,694,0,7011,0,0,7011,T
6-NA,695,8,1,7048,0,7057,G
6-NA,696,0,7052,0,4,7056,T
6-NA,697,7048,0,3,0,7051,A
6-NA,698,3,7010,0,6,7019,T
6-NA,699,16,0,0,7030,7046,C
6-NA,700,7037,0,1,0,7038,A
6-NA,701,7014,0,1,0,7015,A
6-NA,702,1,7030,0,2,7033,T
6-NA,703,2,4,7021,0,7027,G
6-NA,704,1,5,7040,0,7046,G
6-NA,705,7157,0,7,0,7164,A
6-NA,706,7164,0,5,0,7169,A
6-NA,707,1,5,0,7210,7216,C
6-NA,708,1,7243,0,5,7249,T
6-NA,709,0,7239,0,1,7240,T
6-NA,710,1,1,7429,0,7431,G
6-NA,711,0,7420,0,5,7425,T
6-NA,712,7411,0,9,0,7420,A
6-NA,713,0,3,0,7520,7523,C
6-NA,714,7359,1,4,0,7364,A
6-NA,715,3,2,7824,0,7829,G
6-NA,716,1,7781,0,4,7786,T
6-NA,717,8109,0,3,0,8112,A
6-NA,718,3,1,8148,1,8153,G
6-NA,719,2,7992,0,4,7998,T
6-NA,720,8003,3,4,1,8011,A
6-NA,721,7989,2,4,2,7997,A
6-NA,722,1,7967,1,1,7970,T
6-NA,723,7,27,7979,1,8014,G
6-NA,724,7825,0,3,1,7829,A
6-NA,725,1,3,0,7904,7908,C
6-NA,726,1,7721,1,5,7728,T
6-NA,727,2,9,7757,0,7768,G
6-NA,728,7694,0,8,0,7702,A
6-NA,729,1,7783,0,2,7786,T
6-NA,730,1,12,7771,1,7785,G
6-NA,731,3,5,7735,0,7743,G
6-NA,732,0,10,7748,0,7758,G
6-NA,733,7620,0,9,0,7629,A
6-NA,734,1,0,7672,1,7674,G
6-NA,735,0,7641,0,2,7643,T
6-NA,736,2,5,7677,1,7685,G
6-NA,737,1,1,0,7739,7741,C
6-NA,738,0,7722,0,4,7726,T
6-NA,739,1,7734,0,0,7735,T
6-NA,740,12,1,0,7720,7733,C
6-NA,741,7740,0,13,0,7753,A
6-NA,742,4,6,7774,0,7784,G
6-NA,743,0,4,7780,0,7784,G
6-NA,744,7763,0,3,0,7766,A
6-NA,745,7733,0,1,0,7734,A
6-NA,746,7667,0,1,0,7668,A
6-NA,747,7694,3,12,0,7709,A
6-NA,748,1,1,7726,0,7728,G
6-NA,749,2,2,3,7724,7731,C
6-NA,750,0,7715,0,4,7719,T
6-NA,751,1,9,7702,0,7712,G
6-NA,752,7676,3,6,0,7685,A
6-NA,753,0,7782,0,1,7783,T
6-NA,754,7778,1,3,0,7782,A
6-NA,755,0,2,0,8070,8072,C
6-NA,756,0,8047,0,3,8050,T
6-NA,757,8037,0,2,0,8039,A
6-NA,758,8046,0,1,0,8047,A
6-NA,759,8044,0,2,0,8046,A
6-NA,760,8191,3,3,0,8197,A
6-NA,761,0,8211,0,2,8213,T
6-NA,762,8155,0,2,0,8157,A
6-NA,763,0,2,0,8234,8236,C
6-NA,764,0,8023,2,3,8028,T
6-NA,765,8080,0,4,0,8084,A
6-NA,766,1,8019,0,13,8033,T
6-NA,767,2,8325,0,6,8333,T
6-NA,768,22,3,0,8368,8393,C
6-NA,769,8260,0,3,0,8263,A
6-NA,770,1,8239,0,2,8242,T
6-NA,771,1,8242,0,5,8248,T
6-NA,772,1,9,8269,0,8279,G
6-NA,773,8195,0,10,1,8206,A
6-NA,774,2,6,8215,0,8223,G
6-NA,775,1,11,8191,1,8204,G
6-NA,776,7908,1,10,1,7920,A
6-NA,777,1,10,8010,0,8021,G
6-NA,778,3,6,7999,0,8008,G
6-NA,779,0,7,8005,1,8013,G
6-NA,780,1,10,8030,1,8042,G
6-NA,781,7984,2,6,1,7993,A
6-NA,782,8042,0,5,0,8047,A
6-NA,783,8030,0,8,0,8038,A
6-NA,784,8001,0,4,1,8006,A
6-NA,785,0,7992,0,1,7993,T
6-NA,786,11,5,0,7981,7997,C
6-NA,787,1,0,8065,0,8066,G
6-NA,788,0,8021,0,0,8021,T
6-NA,789,0,8005,2,12,8019,T
6-NA,790,20,2,0,8020,8042,C
6-NA,791,8023,0,3,0,8026,A
6-NA,792,0,8463,0,1,8464,T
6-NA,793,8436,2,2,0,8440,A
6-NA,794,1,1,0,8524,8526,C
6-NA,795,0,8487,0,7,8494,T
6-NA,796,8490,0,9,0,8499,A
6-NA,797,3,2,8464,1,8470,G
6-NA,798,0,1,0,8469,8470,C
6-NA,799,8449,0,5,0,8454,A
6-NA,800,1,1,0,8507,8509,C
6-NA,801,8232,0,1,2,8235,A
6-NA,802,0,8525,0,1,8526,T
6-NA,803,0,8497,0,1,8498,T
6-NA,804,1,1,8935,1,8938,G
6-NA,805,1,8882,0,7,8890,T
6-NA,806,12,3,0,8884,8899,C
6-NA,807,8885,1,10,0,8896,A
6-NA,808,1,4,8890,0,8895,G
6-NA,809,3,7,8899,0,8909,G
6-NA,810,8889,1,4,0,8894,A
6-NA,811,8798,1,5,0,8804,A
6-NA,812,5,2,8877,0,8884,G
6-NA,813,0,8516,0,1,8517,T
6-NA,814,5,3,8559,0,8567,G
6-NA,815,2,2,0,8536,8540,C
6-NA,816,0,8543,1,9,8553,T
6-NA,817,21,2,0,8574,8597,C
6-NA,818,8571,0,10,0,8581,A
6-NA,819,1,1,8605,0,8607,G
6-NA,820,2,4,2,8604,8612,C
6-NA,821,8580,1,8,0,8589,A
6-NA,822,0,8586,2,0,8588,T
6-NA,823,3,1,8774,0,8778,G
6-NA,824,2,8736,0,3,8741,T
6-NA,825,17,2,1,8759,8779,C
6-NA,826,2,5,8781,0,8788,G
6-NA,827,8715,0,3,0,8718,A
6-NA,828,3,2,8723,0,8728,G
6-NA,829,1,9,8729,0,8739,G
6-NA,830,8677,1,6,0,8684,A
6-NA,831,3,2,8752,0,8757,G
6-NA,832,0,8557,0,2,8559,T
6-NA,833,2,1,8556,0,8559,G
6-NA,834,3,9,0,8636,8648,C
6-NA,835,1,8635,0,11,8647,T
6-NA,836,15,1,0,8649,8665,C
6-NA,837,4,2,0,8692,8698,C
6-NA,838,0,8712,1,7,8720,T
6-NA,839,2,4,8725,0,8731,G
6-NA,840,2,3,0,8654,8659,C
6-NA,841,1,8651,0,3,8655,T
6-NA,842,8671,4,3,0,8678,A
6-NA,843,0,8527,0,3,8530,T
6-NA,844,7,1,0,8559,8567,C
6-NA,845,8,3,0,8560,8571,C
6-NA,846,0,8526,0,6,8532,T
6-NA,847,9,0,0,8622,8631,C
6-NA,848,1,9,8616,0,8626,G
6-NA,849,8681,1,3,0,8685,A
6-NA,850,0,8680,0,9,8689,T
6-NA,851,8661,1,1,0,8663,A
6-NA,852,0,8638,0,1,8639,T
6-NA,853,5,1,3,8612,8621,C
6-NA,854,6,1,0,8606,8613,C
6-NA,855,0,8590,0,3,8593,T
6-NA,856,2,3,8610,0,8615,G
6-NA,857,2,1,8611,0,8614,G
6-NA,858,0,8713,0,9,8722,T
6-NA,859,3,1,8740,0,8744,G
6-NA,860,1,8692,0,13,8706,T
6-NA,861,15,0,0,8690,8705,C
6-NA,862,8703,0,10,0,8713,A
6-NA,863,1,4,8722,0,8727,G
6-NA,864,8700,3,7,0,8710,A
6-NA,865,1,8647,0,8,8656,T
6-NA,866,3,0,8687,0,8690,G
6-NA,867,0,8544,0,4,8548,T
6-NA,868,0,0,8580,3,8583,G
6-NA,869,3,8530,0,5,8538,T
6-NA,870,14,1,0,8702,8717,C
6-NA,871,0,8796,1,11,8808,T
6-NA,872,1,0,8881,0,8882,G
6-NA,873,2,4,0,8873,8879,C
6-NA,874,8896,2,8,0,8906,A
6-NA,875,1034,5,7866,0,8905,G
6-NA,876,8762,0,8,0,8770,A
6-NA,877,1,9,8785,3,8798,G
6-NA,878,8778,0,8,0,8786,A
6-NA,879,1,4,0,8765,8770,C
6-NA,880,8417,0,2,0,8419,A
6-NA,881,8349,3,67,0,8419,A
6-NA,882,3,2,0,8462,8467,C
6-NA,883,0,8483,0,3,8486,T
6-NA,884,0,5,8502,0,8507,G
6-NA,885,0,9,8465,0,8474,G
6-NA,886,8427,1,5,0,8433,A
6-NA,887,8442,1,8,1,8452,A
6-NA,888,8284,0,11,0,8295,A
6-NA,889,3,8,8279,0,8290,G
6-NA,890,1,3,8179,0,8183,G
6-NA,891,7889,0,6,2,7897,A
6-NA,892,1,8084,0,4,8089,T
6-NA,893,8,4,0,8132,8144,C
6-NA,894,7,2,0,8290,8299,C
6-NA,895,8334,1,3,0,8338,A
6-NA,896,8321,1,4,1,8327,A
6-NA,897,2,8319,0,3,8324,T
6-NA,898,8112,0,8,0,8120,A
6-NA,899,0,5,8064,0,8069,G
6-NA,900,8,2,8042,1,8053,G
6-NA,901,1,2,0,8017,8020,C
6-NA,902,6,1,0,8003,8010,C
6-NA,903,14,2,0,7821,7837,C
6-NA,904,7875,0,2,0,7877,A
6-NA,905,1,7884,2,15,7902,T
6-NA,906,11,0,1,7918,7930,C
6-NA,907,4,2,7949,0,7955,G
6-NA,908,0,7918,0,2,7920,T
6-NA,909,7791,0,4,1,7796,A
6-NA,910,3,3,7942,0,7948,G
6-NA,911,7941,0,13,1,7955,A
6-NA,912,0,7980,0,1,7981,T
6-NA,913,7830,1,2,0,7833,A
6-NA,914,1,7786,1,0,7788,T
6-NA,915,7785,0,2,2,7789,A
6-NA,916,7766,0,4,2,7772,A
6-NA,917,7853,0,4,2,7859,A
6-NA,918,3,0,0,7984,7987,C
6-NA,919,7783,0,3,0,7786,A
6-NA,920,0,7765,1,4,7770,T
6-NA,921,7720,0,6,0,7726,A
6-NA,922,7721,0,7,1,7729,A
6-NA,923,7707,2,11,0,7720,A
6-NA,924,0,8,7786,0,7794,G
6-NA,925,0,10,7832,0,7842,G
6-NA,926,7594,1,7,0,7602,A
6-NA,927,0,7620,0,2,7622,T
6-NA,928,13,2,0,7645,7660,C
6-NA,929,7684,0,13,0,7697,A
6-NA,930,1,7712,0,2,7715,T
6-NA,931,7686,1,10,1,7698,A
6-NA,932,3,1,7711,0,7715,G
6-NA,933,1,1,0,7618,7620,C
6-NA,934,7468,1,3,1,7473,A
6-NA,935,0,7155,3,1,7159,T
6-NA,936,0,7195,0,5,7200,T
6-NA,937,6,1,7170,0,7177,G
6-NA,938,0,7173,0,4,7177,T
6-NA,939,11,8,0,7068,7087,C
6-NA,940,2,7467,0,13,7482,T
6-NA,941,7,0,0,7558,7565,C
6-NA,942,5,1,0,7621,7627,C
6-NA,943,7709,0,7,1,7717,A
6-NA,944,4,1,7792,1,7798,G
6-NA,945,1,7773,1,8,7783,T
6-NA,946,0,7462,1,1,7464,T
6-NA,947,7450,1,3,0,7454,A
6-NA,948,0,7221,2,6,7229,T
6-NA,949,1,0,7259,0,7260,G
6-NA,950,0,7127,0,4,7131,T
6-NA,951,1,2,7158,0,7161,G
6-NA,952,0,6938,0,7,6945,T
6-NA,953,3,1,7044,1,7049,G
6-NA,954,1,7029,1,0,7031,T
6-NA,955,3,6999,2,6,7010,T
6-NA,956,17,3,0,6991,7011,C
6-NA,957,6967,0,8,3,6978,A
6-NA,958,2,5,7010,0,7017,G
6-NA,959,2,14,6952,1,6969,G
6-NA,960,6903,0,5,0,6908,A
6-NA,961,1,0,0,6956,6957,C
6-NA,962,1,6738,3,3,6745,T
6-NA,963,0,6777,0,3,6780,T
6-NA,964,2,3,6925,0,6930,G
6-NA,965,0,6905,0,11,6916,T
6-NA,966,0,6941,0,5,6946,T
6-NA,967,1,7,6876,0,6884,G
6-NA,968,1,7,6849,1,6858,G
6-NA,969,6817,1,17,1,6836,A
6-NA,970,0,8,6872,0,6880,G
6-NA,971,6832,0,15,1,6848,A
6-NA,972,0,2,0,6840,6842,C
6-NA,973,6638,1,4,2,6645,A
6-NA,974,2,3,0,6672,6677,C
6-NA,975,6648,0,5,11,6664,A
6-NA,976,1,7,0,6706,6714,C
6-NA,977,3,3,0,6644,6650,C
6-NA,978,7,2,0,6678,6687,C
6-NA,979,6671,1,8,6,6686,A
6-NA,980,1,2,6711,0,6714,G
6-NA,981,6694,0,1,0,6695,A
6-NA,982,6728,0,1,0,6729,A
6-NA,983,6706,0,1,0,6707,A
6-NA,984,6685,0,3,2,6690,A
6-NA,985,6657,1,6,0,6664,A
6-NA,986,6649,0,4,3,6656,A
6-NA,987,1,3,0,6688,6692,C
6-NA,988,4,18,6640,0,6662,G
6-NA,989,6640,1,2,0,6643,A
6-NA,990,0,3,0,6640,6643,C
6-NA,991,6632,0,6,1,6639,A
6-NA,992,1,2,6669,1,6673,G
6-NA,993,1,3,0,6832,6836,C
6-NA,994,0,6777,0,8,6785,T
6-NA,995,12,0,1,6819,6832,C
6-NA,996,6,20,0,6840,6866,C
6-NA,997,6871,1,7,1,6880,A
6-NA,998,1,1,6917,1,6920,G
6-NA,999,0,0,0,6888,6888,C
6-NA,1000,6875,0,6,0,6881,A
6-NA,1001,1,1,6893,0,6895,G
6-NA,1002,0,6624,0,3,6627,T
6-NA,1003,6623,0,4,0,6627,A
6-NA,1004,2,2,6645,1,6650,G
6-NA,1005,0,1,0,6623,6624,C
6-NA,1006,8,2,0,6668,6678,C
6-NA,1007,6589,0,2,0,6591,A
6-NA,1008,0,6592,0,3,6595,T
6-NA,1009,0,6571,0,0,6571,T
6-NA,1010,1,3,6698,0,6702,G
6-NA,1011,1,6666,0,5,6672,T
6-NA,1012,0,6658,1,0,6659,T
6-NA,1013,3,6648,0,2,6653,T
6-NA,1014,4,8,6590,0,6602,G
6-NA,1015,2,7,6663,1,6673,G
6-NA,1016,6618,1,4,0,6623,A
6-NA,1017,0,6727,1,4,6732,T
6-NA,1018,6,2,2,6727,6737,C
6-NA,1019,5,1,1,6670,6677,C
6-NA,1020,4,6691,1,4,6700,T
6-NA,1021,6636,0,55,0,6691,A
6-NA,1022,6712,3,4,0,6719,A
6-NA,1023,0,6,0,6791,6797,C
6-NA,1024,6670,0,3,0,6673,A
6-NA,1025,6677,0,1,0,6678,A
6-NA,1026,0,6650,0,3,6653,T
6-NA,1027,0,7,6650,0,6657,G
6-NA,1028,6531,11,11,0,6553,A
6-NA,1029,3,2,6368,0,6373,G
6-NA,1030,0,5,6444,0,6449,G
6-NA,1031,6412,1,4,0,6417,A
6-NA,1032,6433,0,6,0,6439,A
6-NA,1033,0,4,6480,1,6485,G
6-NA,1034,0,0,6493,0,6493,G
6-NA,1035,0,6355,1,2,6358,T
6-NA,1036,0,11,6434,0,6445,G
6-NA,1037,1,0,6534,0,6535,G
6-NA,1038,2,6424,0,2,6428,T
6-NA,1039,19,3,0,6431,6453,C
6-NA,1040,6426,0,2,0,6428,A
6-NA,1041,0,6469,1,4,6474,T
6-NA,1042,0,6,6448,0,6454,G
6-NA,1043,2,8,6412,0,6422,G
6-NA,1044,4,2,6213,0,6219,G
6-NA,1045,1,0,6465,0,6466,G
6-NA,1046,0,6432,1,8,6441,T
6-NA,1047,6,9,6448,0,6463,G
6-NA,1048,6420,0,3,0,6423,A
6-NA,1049,6428,0,4,0,6432,A
6-NA,1050,6449,0,18,0,6467,A
6-NA,1051,2,6,6459,0,6467,G
6-NA,1052,2,1,6402,0,6405,G
6-NA,1053,1,2,0,6368,6371,C
6-NA,1054,0,6215,0,4,6219,T
6-NA,1055,4,4,6220,0,6228,G
6-NA,1056,1,3,6213,0,6217,G
6-NA,1057,2,3,6241,2,6248,G
6-NA,1058,1,4,0,6196,6201,C
6-NA,1059,8,1,0,6241,6250,C
6-NA,1060,2,6181,3,8,6194,T
6-NA,1061,1,6208,0,2,6211,T
6-NA,1062,1,6232,0,3,6236,T
6-NA,1063,1,3,6243,0,6247,G
6-NA,1064,6216,0,6,0,6222,A
6-NA,1065,0,6191,0,0,6191,T
6-NA,1066,2,5,6104,0,6111,G
6-NA,1067,6012,2,6,1,6021,A
6-NA,1068,1,6047,0,1,6049,T
6-NA,1069,3,4,6063,0,6070,G
6-NA,1070,2,3,6130,0,6135,G
6-NA,1071,6083,0,8,1,6092,A
6-NA,1072,6104,0,4,0,6108,A
6-NA,1073,6093,0,4,0,6097,A
6-NA,1074,0,6081,0,2,6083,T
6-NA,1075,3,8,6128,0,6139,G
6-NA,1076,6093,0,6,0,6099,A
6-NA,1077,1,3,1,6100,6105,C
6-NA,1078,2,0,6131,0,6133,G
6-NA,1079,0,5995,0,3,5998,T
6-NA,1080,6,3,6041,0,6050,G
6-NA,1081,0,6028,0,1,6029,T
6-NA,1082,0,5,6040,0,6045,G
6-NA,1083,1,2,6063,0,6066,G
6-NA,1084,6001,1,2,0,6004,A
6-NA,1085,0,6014,1,1,6016,T
6-NA,1086,1,6,6015,0,6022,G
6-NA,1087,3,4,5992,0,5999,G
6-NA,1088,2,2,6021,0,6025,G
6-NA,1089,5963,0,5,0,5968,A
6-NA,1090,5956,0,5,0,5961,A
6-NA,1091,1,7,5958,0,5966,G
6-NA,1092,5880,0,1,0,5881,A
6-NA,1093,5870,1,3,0,5874,A
6-NA,1094,2,1,0,5855,5858,C
6-NA,1095,1,14,5832,0,5847,G
6-NA,1096,5822,1,3,0,5826,A
6-NA,1097,0,5709,2,3,5714,T
6-NA,1098,5,1,0,5728,5734,C
6-NA,1099,5710,0,1,0,5711,A
6-NA,1100,1,0,5726,0,5727,G
6-NA,1101,1,3,0,5722,5726,C
6-NA,1102,3,5,5711,0,5719,G
6-NA,1103,5693,1,1,0,5695,A
6-NA,1104,3,5,5710,0,5718,G
6-NA,1105,5710,1,2,1,5714,A
6-NA,1106,5719,1,2,0,5722,A
6-NA,1107,0,0,5755,0,5755,G
6-NA,1108,2,5677,0,6,5685,T
6-NA,1109,16,0,0,5636,5652,C
6-NA,1110,5623,0,4,1,5628,A
6-NA,1111,10,1,0,5709,5720,C
6-NA,1112,2,1,5725,0,5728,G
6-NA,1113,5,4,0,5712,5721,C
6-NA,1114,0,5690,1,6,5697,T
6-NA,1115,0,5729,0,1,5730,T
6-NA,1116,5631,0,7,0,5638,A
6-NA,1117,2,3,5740,0,5745,G
6-NA,1118,0,4,5743,0,5747,G
6-NA,1119,5,1,5801,0,5807,G
6-NA,1120,0,5454,0,7,5461,T
6-NA,1121,5452,0,0,0,5452,A
6-NA,1122,0,5443,0,3,5446,T
6-NA,1123,3,6,5442,0,5451,G
6-NA,1124,5438,0,3,0,5441,A
6-NA,1125,5422,0,0,0,5422,A
6-NA,1126,5123,0,6,2,5131,A
6-NA,1127,0,2,0,5135,5137,C
6-NA,1128,3,1,0,4979,4983,C
6-NA,1129,0,4762,1,5,4768,T
6-NA,1130,1,4736,0,6,4743,T
6-NA,1131,2,0,0,4752,4754,C
6-NA,1132,4764,1,4,0,4769,A
6-NA,1133,4762,0,1,0,4763,A
6-NA,1134,4766,0,2,1,4769,A
6-NA,1135,1,1,4797,0,4799,G
6-NA,1136,1,4662,0,3,4666,T
6-NA,1137,7,4,0,4692,4703,C
6-NA,1138,4776,0,0,0,4776,A
6-NA,1139,0,4763,0,2,4765,T
6-NA,1140,0,4763,0,3,4766,T
6-NA,1141,2,1,4779,0,4782,G
6-NA,1142,4765,0,4,0,4769,A
6-NA,1143,4753,0,6,1,4760,A
6-NA,1144,0,3,4721,0,4724,G
6-NA,1145,1,0,4699,0,4700,G
6-NA,1146,0,0,0,4672,4672,C
6-NA,1147,0,4539,0,3,4542,T
6-NA,1148,1,4,4556,0,4561,G
6-NA,1149,0,1,4636,0,4637,G
6-NA,1150,0,4590,0,7,4597,T
6-NA,1151,10,0,0,4569,4579,C
6-NA,1152,5,1,0,4568,4574,C
6-NA,1153,4565,0,3,2,4570,A
6-NA,1154,4569,0,3,0,4572,A
6-NA,1155,2,2,0,4591,4595,C
6-NA,1156,5,1,0,4558,4564,C
6-NA,1157,6,0,0,4557,4563,C
6-NA,1158,1,4347,0,5,4353,T
6-NA,1159,4350,0,0,0,4350,A
6-NA,1160,4341,0,1,0,4342,A
6-NA,1161,1,0,4364,0,4365,G
6-NA,1162,0,4301,0,2,4303,T
6-NA,1163,11,1,0,4294,4306,C
6-NA,1164,9,0,0,4228,4237,C
6-NA,1165,4234,0,1,0,4235,A
6-NA,1166,4237,2,1,0,4240,A
6-NA,1167,4241,0,0,0,4241,A
6-NA,1168,0,4221,1,0,4222,T
6-NA,1169,0,4225,0,1,4226,T
6-NA,1170,1,0,4224,0,4225,G
6-NA,1171,0,2,0,4189,4191,C
6-NA,1172,4182,0,3,0,4185,A
6-NA,1173,1,3,4195,0,4199,G
6-NA,1174,4201,0,1,0,4202,A
6-NA,1175,1,4252,0,6,4259,T
6-NA,1176,4260,0,3,0,4263,A
6-NA,1177,4237,1,1,0,4239,A
6-NA,1178,4242,0,5,0,4247,A
6-NA,1179,0,4217,1,0,4218,T
6-NA,1180,4201,0,3,0,4204,A
6-NA,1181,1,6,4191,0,4198,G
6-NA,1182,4,1,4145,0,4150,G
6-NA,1183,1,1,0,4140,4142,C
6-NA,1184,4004,0,2,1,4007,A
6-NA,1185,4017,0,5,0,4022,A
6-NA,1186,0,1,4048,1,4050,G
6-NA,1187,1,4024,0,5,4030,T
6-NA,1188,17,1,1,4012,4031,C
6-NA,1189,4025,1,5,0,4031,A
6-NA,1190,0,4027,0,0,4027,T
6-NA,1191,4049,0,1,1,4051,A
6-NA,1192,0,0,4058,0,4058,G
6-NA,1193,0,4054,0,0,4054,T
6-NA,1194,0,3917,0,3,3920,T
6-NA,1195,0,8,3846,1,3855,G
6-NA,1196,3834,0,12,0,3846,A
6-NA,1197,0,2,0,3840,3842,C
6-NA,1198,3776,0,0,0,3776,A
6-NA,1199,1,1,3806,0,3808,G
6-NA,1200,3727,0,6,1,3734,A
6-NA,1201,0,1,3802,0,3803,G
6-NA,1202,4,1,3797,0,3802,G
6-NA,1203,1,3760,0,2,3763,T
6-NA,1204,3762,0,2,0,3764,A
6-NA,1205,3747,1,6,0,3754,A
6-NA,1206,1,3751,0,3,3755,T
6-NA,1207,3719,1,8,0,3728,A
6-NA,1208,0,4,3591,0,3595,G
6-NA,1209,0,0,3506,0,3506,G
6-NA,1210,0,3094,0,1,3095,T
6-NA,1211,6,0,0,3070,3076,C
6-NA,1212,5,0,1,3045,3051,C
6-NA,1213,0,2,3051,1,3054,G
6-NA,1214,1,0,3060,0,3061,G
6-NA,1215,0,3054,0,4,3058,T
6-NA,1216,0,3054,0,1,3055,T
6-NA,1217,3003,0,0,0,3003,A
6-NA,1218,0,2932,1,2,2935,T
6-NA,1219,0,2934,0,3,2937,T
6-NA,1220,3,2,0,2942,2947,C
6-NA,1221,2,2820,0,2,2824,T
6-NA,1222,1,1,2814,1,2817,G
6-NA,1223,2,2,2825,0,2829,G
6-NA,1224,0,2801,0,1,2802,T
6-NA,1225,2801,0,1,0,2802,A
6-NA,1226,0,2736,1,5,2742,T
6-NA,1227,0,2766,0,0,2766,T
6-NA,1228,0,2755,0,3,2758,T
6-NA,1229,0,2759,0,3,2762,T
6-NA,1230,2,1,0,2764,2767,C
6-NA,1231,0,2712,0,1,2713,T
6-NA,1232,6,0,0,2743,2749,C
6-NA,1233,0,2733,0,0,2733,T
6-NA,1234,1,0,2781,0,2782,G
6-NA,1235,0,2782,0,3,2785,T
6-NA,1236,0,2766,0,0,2766,T
6-NA,1237,1,0,2766,0,2767,G
6-NA,1238,2731,1,5,0,2737,A
6-NA,1239,2728,0,6,1,2735,A
6-NA,1240,2,2,2754,0,2758,G
6-NA,1241,0,0,2724,0,2724,G
6-NA,1242,2,0,1,2732,2735,C
6-NA,1243,2690,0,1,1,2692,A
6-NA,1244,2694,0,4,0,2698,A
6-NA,1245,2705,0,3,0,2708,A
6-NA,1246,2702,1,8,0,2711,A
6-NA,1247,0,0,2702,0,2702,G
6-NA,1248,2,0,0,2698,2700,C
6-NA,1249,0,2652,1,3,2656,T
6-NA,1250,0,1,2674,0,2675,G
6-NA,1251,0,0,0,2682,2682,C
6-NA,1252,2686,0,2,0,2688,A
6-NA,1253,0,2658,1,3,2662,T
6-NA,1254,3,1,0,2650,2654,C
6-NA,1255,2644,0,2,0,2646,A
6-NA,1256,2655,0,0,0,2655,A
6-NA,1257,0,2632,0,1,2633,T
6-NA,1258,4,3,0,2642,2649,C
6-NA,1259,2,0,2617,0,2619,G
6-NA,1260,0,0,2657,0,2657,G
6-NA,1261,0,2648,0,1,2649,T
6-NA,1262,2,1,2649,0,2652,G
6-NA,1263,2,0,1,2655,2658,C
6-NA,1264,0,2633,1,14,2648,T
6-NA,1265,0,2672,0,2,2674,T
6-NA,1266,0,2672,0,2,2674,T
6-NA,1267,0,2681,0,0,2681,T
6-NA,1268,2692,0,0,0,2692,A
6-NA,1269,0,2563,0,4,2567,T
6-NA,1270,2,0,2577,0,2579,G
6-NA,1271,1,2532,0,3,2536,T
6-NA,1272,0,1,2514,0,2515,G
6-NA,1273,0,6,2525,0,2531,G
6-NA,1274,2472,0,1,0,2473,A
6-NA,1275,0,0,2497,0,2497,G
6-NA,1276,0,2484,0,1,2485,T
6-NA,1277,0,2451,0,3,2454,T
6-NA,1278,1,5,2459,0,2465,G
6-NA,1279,2461,0,4,0,2465,A
6-NA,1280,0,2456,0,2,2458,T
6-NA,1281,2453,0,2,0,2455,A
6-NA,1282,2372,0,1,0,2373,A
6-NA,1283,0,1,2385,0,2386,G
6-NA,1284,1,3,2352,0,2356,G
6-NA,1285,1,0,2341,0,2342,G
6-NA,1286,0,4,2328,0,2332,G
6-NA,1287,2299,0,3,0,2302,A
6-NA,1288,2296,0,1,0,2297,A
6-NA,1289,1,2,2299,0,2302,G
6-NA,1290,2294,1,0,0,2295,A
6-NA,1291,2294,1,1,0,2296,A
6-NA,1292,2270,0,1,0,2271,A
6-NA,1293,2233,0,10,0,2243,A
6-NA,1294,0,0,2244,0,2244,G
6-NA,1295,2211,0,0,0,2211,A
6-NA,1296,0,2,2210,0,2212,G
6-NA,1297,2,1,2204,0,2207,G
6-NA,1298,2165,0,3,0,2168,A
6-NA,1299,2171,0,0,0,2171,A
6-NA,1300,2165,0,2,0,2167,A
6-NA,1301,0,1,0,2186,2187,C
6-NA,1302,0,2171,0,2,2173,T
6-NA,1303,4,5,2169,0,2178,G
6-NA,1304,2179,0,1,0,2180,A
6-NA,1305,2162,0,4,0,2166,A
6-NA,1306,2,0,2169,0,2171,G
6-NA,1307,0,2138,0,2,2140,T
6-NA,1308,4,1,0,2153,2158,C
6-NA,1309,1,2144,0,3,2148,T
6-NA,1310,0,2139,0,2,2141,T
6-NA,1311,0,0,2138,0,2138,G
6-NA,1312,1,2140,0,1,2142,T
6-NA,1313,0,3,2123,0,2126,G
6-NA,1314,0,2,2117,0,2119,G
6-NA,1315,2091,0,0,0,2091,A
6-NA,1316,1,2,0,2085,2088,C
6-NA,1317,3,2,0,2051,2056,C
6-NA,1318,0,2063,0,1,2064,T
6-NA,1319,2,0,0,2060,2062,C
6-NA,1320,2075,0,1,0,2076,A
6-NA,1321,2072,0,2,0,2074,A
6-NA,1322,2067,0,0,0,2067,A
6-NA,1323,0,0,0,2084,2084,C
6-NA,1324,2020,0,2,0,2022,A
6-NA,1325,0,2,2039,0,2041,G
6-NA,1326,1,2006,0,2,2009,T
6-NA,1327,2007,0,1,0,2008,A
6-NA,1328,0,1997,0,0,1997,T
6-NA,1329,0,1971,0,0,1971,T
6-NA,1330,1,0,1963,1,1965,G
6-NA,1331,0,1957,0,2,1959,T
6-NA,1332,0,1863,0,1,1864,T
6-NA,1333,0,0,1871,0,1871,G
6-NA,1334,0,1747,0,0,1747,T
6-NA,1335,0,0,1750,0,1750,G
6-NA,1336,0,1732,0,0,1732,T
6-NA,1337,0,1698,1,0,1699,T
6-NA,1338,0,1706,0,1,1707,T
6-NA,1339,0,1649,0,1,1650,T
6-NA,1340,1,0,1652,0,1653,G
6-NA,1341,0,1653,0,0,1653,T
6-NA,1342,0,0,1649,0,1649,G
6-NA,1343,2,0,1631,0,1633,G
6-NA,1344,0,0,0,1606,1606,C
6-NA,1345,1583,0,2,0,1585,A
6-NA,1346,0,0,0,1605,1605,C
6-NA,1347,3,1,0,1599,1603,C
6-NA,1348,0,1599,1,1,1601,T
6-NA,1349,2,0,0,1593,1595,C
6-NA,1350,1615,0,2,0,1617,A
6-NA,1351,0,2,1621,0,1623,G
6-NA,1352,0,1,1618,0,1619,G
6-NA,1353,0,1609,0,0,1609,T
6-NA,1354,1602,0,3,0,1605,A
6-NA,1355,0,4,0,1510,1514,C
6-NA,1356,1486,0,1,0,1487,A
6-NA,1357,0,1491,0,0,1491,T
6-NA,1358,1436,0,2,0,1438,A
6-NA,1359,0,1425,0,1,1426,T
6-NA,1360,0,1,1324,0,1325,G
6-NA,1361,0,1,1320,0,1321,G
6-NA,1362,1316,0,0,0,1316,A
6-NA,1363,1300,0,1,0,1301,A
6-NA,1364,0,0,0,1291,1291,C
6-NA,1365,1061,0,1,0,1062,A
6-NA,1366,0,0,1065,0,1065,G
6-NA,1367,1,0,1058,0,1059,G
6-NA,1368,0,1,0,1052,1053,C
6-NA,1369,0,1052,0,2,1054,T
6-NA,1370,2,1,0,995,998,C
6-NA,1371,991,0,0,0,991,A
6-NA,1372,0,991,0,0,991,T
6-NA,1373,1,0,988,0,989,G
6-NA,1374,0,0,980,0,980,G
6-NA,1375,0,0,0,958,958,C
6-NA,1376,2,0,0,954,956,C
6-NA,1377,0,884,0,1,885,T
6-NA,1378,1,1,887,0,889,G
6-NA,1379,877,0,0,0,877,A
6-NA,1380,0,878,0,0,878,T
6-NA,1381,0,1,866,0,867,G
6-NA,1382,0,1,841,0,842,G
6-NA,1383,0,0,800,0,800,G
6-NA,1384,1,0,793,0,794,G
6-NA,1385,0,0,0,769,769,C
6-NA,1386,1,1,775,0,777,G
6-NA,1387,1,1,767,0,769,G
6-NA,1388,757,0,1,0,758,A
6-NA,1389,0,1,0,747,748,C
6-NA,1390,759,1,0,0,760,A
6-NA,1391,0,739,0,1,740,T
6-NA,1392,1,0,0,727,728,C
6-NA,1393,726,0,2,0,728,A
6-NA,1394,729,0,0,0,729,A
6-NA,1395,0,717,0,2,719,T
6-NA,1396,0,0,0,706,706,C
6-NA,1397,0,681,0,1,682,T
6-NA,1398,2,3,0,569,574,C
6-NA,1399,571,0,0,1,572,A
6-NA,1400,0,568,0,0,568,T
6-NA,1401,0,0,567,0,567,G
6-NA,1402,0,1,0,554,555,C
6-NA,1403,0,0,0,527,527,C
6-NA,1404,0,466,0,2,468,T
6-NA,1405,464,0,1,0,465,A
6-NA,1406,0,462,0,0,462,T
6-NA,1407,461,0,0,0,461,A
6-NA,1408,0,457,0,0,457,T
6-NA,1409,422,0,0,0,422,A
6-NA,1410,405,0,0,0,405,A
7-M,1,178,0,0,0,178,A
7-M,2,0,180,0,0,180,T
7-M,3,0,0,179,0,179,G
7-M,4,180,0,0,1,181,A
7-M,5,0,0,199,0,199,G
7-M,6,0,0,0,211,211,C
7-M,7,0,0,0,218,218,C
7-M,8,0,269,0,0,269,T
7-M,9,0,269,0,0,269,T
7-M,10,0,0,0,268,268,C
7-M,11,0,273,0,0,273,T
7-M,12,277,0,0,0,277,A
7-M,13,281,0,0,0,281,A
7-M,14,0,0,0,279,279,C
7-M,15,0,0,0,280,280,C
7-M,16,0,2,276,0,278,G
7-M,17,276,0,0,0,276,A
7-M,18,0,0,288,0,288,G
7-M,19,0,0,296,0,296,G
7-M,20,0,289,0,1,290,T
7-M,21,0,0,0,301,301,C
7-M,22,0,1,298,0,299,G
7-M,23,306,0,2,0,308,A
7-M,24,314,0,0,0,314,A
7-M,25,317,0,0,0,317,A
7-M,26,0,0,0,344,344,C
7-M,27,0,0,348,0,348,G
7-M,28,0,339,0,0,339,T
7-M,29,343,0,0,0,343,A
7-M,30,0,349,0,0,349,T
7-M,31,0,0,350,0,350,G
7-M,32,0,352,0,0,352,T
7-M,33,0,392,0,1,393,T
7-M,34,1,0,0,408,409,C
7-M,35,0,411,0,0,411,T
7-M,36,1,0,0,431,432,C
7-M,37,0,433,0,0,433,T
7-M,38,0,0,0,457,457,C
7-M,39,0,458,0,0,458,T
7-M,40,467,0,0,0,467,A
7-M,41,0,466,0,0,466,T
7-M,42,0,0,0,472,472,C
7-M,43,0,0,480,0,480,G
7-M,44,0,482,0,0,482,T
7-M,45,1,479,0,0,480,T
7-M,46,0,0,0,496,496,C
7-M,47,0,0,0,513,513,C
7-M,48,521,0,0,0,521,A
7-M,49,0,515,0,0,515,T
7-M,50,1,0,0,518,519,C
7-M,51,521,0,1,0,522,A
7-M,52,0,0,522,0,522,G
7-M,53,1,0,514,0,515,G
7-M,54,0,0,0,524,524,C
7-M,55,1,0,0,525,526,C
7-M,56,2,1,0,523,526,C
7-M,57,0,0,0,546,546,C
7-M,58,2,0,0,551,553,C
7-M,59,0,553,0,0,553,T
7-M,60,0,0,0,552,552,C
7-M,61,554,0,1,0,555,A
7-M,62,549,0,0,0,549,A
7-M,63,563,0,2,0,565,A
7-M,64,0,0,573,0,573,G
7-M,65,0,0,0,574,574,C
7-M,66,1,0,0,570,571,C
7-M,67,2,2,569,0,573,G
7-M,68,566,0,3,0,569,A
7-M,69,0,1,575,0,576,G
7-M,70,571,0,1,0,572,A
7-M,71,0,576,0,0,576,T
7-M,72,1,0,0,578,579,C
7-M,73,0,0,579,0,579,G
7-M,74,0,0,0,585,585,C
7-M,75,0,0,584,0,584,G
7-M,76,0,0,0,580,580,C
7-M,77,580,0,0,0,580,A
7-M,78,0,0,583,0,583,G
7-M,79,575,0,0,0,575,A
7-M,80,0,0,636,0,636,G
7-M,81,636,0,1,0,637,A
7-M,82,0,0,0,648,648,C
7-M,83,0,650,0,0,650,T
7-M,84,0,653,0,0,653,T
7-M,85,1,0,650,0,651,G
7-M,86,650,0,0,0,650,A
7-M,87,653,0,4,0,657,A
7-M,88,0,1,653,0,654,G
7-M,89,648,0,0,0,648,A
7-M,90,0,660,0,0,660,T
7-M,91,0,0,670,0,670,G
7-M,92,0,661,0,2,663,T
7-M,93,6,0,0,664,670,C
7-M,94,0,665,0,2,667,T
7-M,95,0,668,0,0,668,T
7-M,96,0,669,0,0,669,T
7-M,97,1,0,672,0,673,G
7-M,98,0,1,0,671,672,C
7-M,99,0,669,0,0,669,T
7-M,100,1,1,663,0,665,G
7-M,101,0,1,664,0,665,G
7-M,102,0,0,680,0,680,G
7-M,103,671,0,0,0,671,A
7-M,104,679,0,0,0,679,A
7-M,105,680,0,1,1,682,A
7-M,106,686,0,0,0,686,A
7-M,107,693,0,4,0,697,A
7-M,108,0,1,0,703,704,C
7-M,109,700,0,0,0,700,A
7-M,110,0,0,0,704,704,C
7-M,111,701,0,0,1,702,A
7-M,112,0,1,721,0,722,G
7-M,113,720,0,0,0,720,A
7-M,114,1,742,0,0,743,T
7-M,115,0,0,0,758,758,C
7-M,116,0,753,0,1,754,T
7-M,117,0,749,0,1,750,T
7-M,118,0,1,752,0,753,G
7-M,119,745,0,3,0,748,A
7-M,120,1,1,754,0,756,G
7-M,121,2,0,746,0,748,G
7-M,122,0,0,0,757,757,C
7-M,123,0,754,0,0,754,T
7-M,124,0,0,0,851,851,C
7-M,125,0,857,0,1,858,T
7-M,126,2,0,0,860,862,C
7-M,127,862,0,0,0,862,A
7-M,128,1,862,0,0,863,T
7-M,129,2,0,860,0,862,G
7-M,130,0,0,866,0,866,G
7-M,131,864,0,0,0,864,A
7-M,132,855,1,1,0,857,A
7-M,133,0,839,1,0,840,T
7-M,134,0,0,886,0,886,G
7-M,135,0,0,928,0,928,G
7-M,136,0,0,0,939,939,C
7-M,137,0,942,0,1,943,T
7-M,138,940,0,1,0,941,A
7-M,139,937,0,0,0,937,A
7-M,140,947,0,0,0,947,A
7-M,141,0,1,957,0,958,G
7-M,142,962,0,0,0,962,A
7-M,143,0,1,0,960,961,C
7-M,144,944,1,1,0,946,A
7-M,145,947,0,0,0,947,A
7-M,146,0,2,963,0,965,G
7-M,147,964,0,2,0,966,A
7-M,148,0,0,0,973,973,C
7-M,149,0,0,0,967,967,C
7-M,150,971,1,0,0,972,A
7-M,151,981,0,0,0,981,A
7-M,152,0,988,1,2,991,T
7-M,153,0,990,0,1,991,T
7-M,154,3,0,0,998,1001,C
7-M,155,0,997,0,0,997,T
7-M,156,0,0,999,0,999,G
7-M,157,0,994,0,1,995,T
7-M,158,2,0,0,995,997,C
7-M,159,998,0,1,0,999,A
7-M,160,0,0,0,1032,1032,C
7-M,161,1,0,0,1034,1035,C
7-M,162,0,1028,0,1,1029,T
7-M,163,0,0,0,1034,1034,C
7-M,164,0,1033,0,0,1033,T
7-M,165,1,2,1052,0,1055,G
7-M,166,1051,0,1,1,1053,A
7-M,167,0,0,0,1057,1057,C
7-M,168,0,1057,0,1,1058,T
7-M,169,1049,0,0,0,1049,A
7-M,170,1046,0,1,0,1047,A
7-M,171,1,0,1057,0,1058,G
7-M,172,0,2,1052,0,1054,G
7-M,173,1,2,1052,0,1055,G
7-M,174,0,1,1055,0,1056,G
7-M,175,1063,0,0,0,1063,A
7-M,176,0,1071,0,0,1071,T
7-M,177,0,1073,0,1,1074,T
7-M,178,0,1078,0,0,1078,T
7-M,179,0,1078,1,0,1079,T
7-M,180,1,0,1074,0,1075,G
7-M,181,0,0,1077,0,1077,G
7-M,182,0,2,1079,0,1081,G
7-M,183,1,2,1078,0,1081,G
7-M,184,0,1058,0,1,1059,T
7-M,185,0,1071,0,3,1074,T
7-M,186,0,1076,0,0,1076,T
7-M,187,0,0,1091,0,1091,G
7-M,188,0,1086,0,1,1087,T
7-M,189,0,1,1097,0,1098,G
7-M,190,0,1096,0,1,1097,T
7-M,191,0,1099,0,3,1102,T
7-M,192,3,0,0,1104,1107,C
7-M,193,1113,0,0,0,1113,A
7-M,194,0,0,0,1131,1131,C
7-M,195,1,0,1128,0,1129,G
7-M,196,0,0,0,1132,1132,C
7-M,197,0,1120,0,0,1120,T
7-M,198,1,0,0,1158,1159,C
7-M,199,1168,0,1,0,1169,A
7-M,200,0,0,0,1190,1190,C
7-M,201,0,0,0,1183,1183,C
7-M,202,1,1,1188,0,1190,G
7-M,203,0,1189,0,0,1189,T
7-M,204,0,1,1197,0,1198,G
7-M,205,1,0,0,1198,1199,C
7-M,206,2,1,0,1198,1201,C
7-M,207,2,0,0,1204,1206,C
7-M,208,1206,0,0,0,1206,A
7-M,209,0,0,1218,0,1218,G
7-M,210,0,1207,0,0,1207,T
7-M,211,0,3,1213,0,1216,G
7-M,212,1227,0,1,0,1228,A
7-M,213,0,0,1234,0,1234,G
7-M,214,0,0,0,1235,1235,C
7-M,215,0,1,1241,0,1242,G
7-M,216,1232,0,2,0,1234,A
7-M,217,1,4,1243,0,1248,G
7-M,218,0,1,1251,0,1252,G
7-M,219,1248,0,2,0,1250,A
7-M,220,0,1,0,1275,1276,C
7-M,221,0,1272,0,0,1272,T
7-M,222,0,0,1273,0,1273,G
7-M,223,0,0,0,1265,1265,C
7-M,224,1278,0,1,0,1279,A
7-M,225,0,1,1301,0,1302,G
7-M,226,0,0,0,1305,1305,C
7-M,227,0,0,1314,0,1314,G
7-M,228,0,1305,0,1,1306,T
7-M,229,1297,0,0,0,1297,A
7-M,230,0,1,1291,0,1292,G
7-M,231,1295,0,2,0,1297,A
7-M,232,0,0,0,1297,1297,C
7-M,233,0,0,1300,0,1300,G
7-M,234,1,0,1,1297,1299,C
7-M,235,0,1290,0,0,1290,T
7-M,236,0,1293,0,1,1294,T
7-M,237,0,1292,0,1,1293,T
7-M,238,0,0,1325,0,1325,G
7-M,239,0,1320,0,1,1321,T
7-M,240,2,0,0,1328,1330,C
7-M,241,2,0,0,1323,1325,C
7-M,242,1323,0,2,0,1325,A
7-M,243,1322,0,0,0,1322,A
7-M,244,1324,0,1,0,1325,A
7-M,245,1318,0,0,0,1318,A
7-M,246,0,1325,0,0,1325,T
7-M,247,0,1,1317,0,1318,G
7-M,248,0,1,1,1301,1303,C
7-M,249,2,0,0,1299,1301,C
7-M,250,0,0,0,1324,1324,C
7-M,251,0,1329,0,0,1329,T
7-M,252,0,1,0,1373,1374,C
7-M,253,1374,0,0,0,1374,A
7-M,254,1382,0,1,0,1383,A
7-M,255,0,1393,0,0,1393,T
7-M,256,1,3,1389,0,1393,G
7-M,257,0,2,1401,0,1403,G
7-M,258,1,2,1413,0,1416,G
7-M,259,1412,0,1,0,1413,A
7-M,260,1406,0,2,0,1408,A
7-M,261,0,1386,0,0,1386,T
7-M,262,0,1,1393,0,1394,G
7-M,263,1,3,1378,0,1382,G
7-M,264,1377,0,3,0,1380,A
7-M,265,1,5,1368,0,1374,G
7-M,266,1364,0,1,0,1365,A
7-M,267,0,0,0,1353,1353,C
7-M,268,0,1,0,1393,1394,C
7-M,269,2,0,0,1402,1404,C
7-M,270,1427,0,1,0,1428,A
7-M,271,1428,0,0,0,1428,A
7-M,272,1424,0,0,0,1424,A
7-M,273,0,1436,0,2,1438,T
7-M,274,1467,0,0,0,1467,A
7-M,275,1462,0,2,0,1464,A
7-M,276,0,0,0,1435,1435,C
7-M,277,1420,0,0,0,1420,A
7-M,278,0,1425,0,0,1425,T
7-M,279,0,3,1438,0,1441,G
7-M,280,0,1,1436,0,1437,G
7-M,281,1435,0,2,0,1437,A
7-M,282,0,1,0,1444,1445,C
7-M,283,1410,0,0,0,1410,A
7-M,284,1415,0,1,0,1416,A
7-M,285,1409,0,1,0,1410,A
7-M,286,0,0,1422,0,1422,G
7-M,287,0,0,0,1446,1446,C
7-M,288,1430,0,0,0,1430,A
7-M,289,0,0,1450,0,1450,G
7-M,290,0,1449,0,1,1450,T
7-M,291,1,1449,0,1,1451,T
7-M,292,1459,0,0,0,1459,A
7-M,293,1449,0,1,0,1450,A
7-M,294,1449,0,1,0,1450,A
7-M,295,0,0,0,1481,1481,C
7-M,296,0,1446,0,1,1447,T
7-M,297,0,0,1575,0,1575,G
7-M,298,0,1556,0,2,1558,T
7-M,299,1564,0,1,0,1565,A
7-M,300,0,1566,0,0,1566,T
7-M,301,1557,0,1,0,1558,A
7-M,302,2,0,1562,0,1564,G
7-M,303,2,2,1549,0,1553,G
7-M,304,1548,0,0,0,1548,A
7-M,305,1549,0,1,0,1550,A
7-M,306,1502,0,1,0,1503,A
7-M,307,0,0,0,1523,1523,C
7-M,308,0,1522,0,0,1522,T
7-M,309,0,1518,0,0,1518,T
7-M,310,1518,0,0,0,1518,A
7-M,311,1516,0,3,1,1520,A
7-M,312,1,4,1515,0,1520,G
7-M,313,1510,0,2,0,1512,A
7-M,314,0,3,1504,0,1507,G
7-M,315,1461,0,5,0,1466,A
7-M,316,0,3,1488,0,1491,G
7-M,317,1497,0,1,0,1498,A
7-M,318,0,2,1511,0,1513,G
7-M,319,1515,0,1,0,1516,A
7-M,320,0,1524,0,0,1524,T
7-M,321,1520,0,2,0,1522,A
7-M,322,1517,0,0,0,1517,A
7-M,323,0,0,0,1528,1528,C
7-M,324,2,0,1527,0,1529,G
7-M,325,0,1522,2,2,1526,T
7-M,326,0,1517,0,4,1521,T
7-M,327,1,1,0,1528,1530,C
7-M,328,0,0,0,1531,1531,C
7-M,329,1530,0,0,0,1530,A
7-M,330,0,1532,0,1,1533,T
7-M,331,0,0,1517,0,1517,G
7-M,332,0,3,1501,0,1504,G
7-M,333,0,1,1506,0,1507,G
7-M,334,1,0,1515,0,1516,G
7-M,335,1,1,0,1500,1502,C
7-M,336,0,1,0,1511,1512,C
7-M,337,1526,0,0,0,1526,A
7-M,338,1530,0,0,0,1530,A
7-M,339,1522,1,5,1,1529,A
7-M,340,2,2,1535,0,1539,G
7-M,341,1530,0,2,0,1532,A
7-M,342,1533,0,1,0,1534,A
7-M,343,1523,0,1,0,1524,A
7-M,344,0,1533,0,0,1533,T
7-M,345,1529,0,1,0,1530,A
7-M,346,0,0,1530,0,1530,G
7-M,347,0,0,0,1521,1521,C
7-M,348,0,1509,0,0,1509,T
7-M,349,0,0,0,1523,1523,C
7-M,350,0,1507,0,0,1507,T
7-M,351,2,0,0,1544,1546,C
7-M,352,1543,0,0,0,1543,A
7-M,353,0,0,1540,0,1540,G
7-M,354,0,1526,0,2,1528,T
7-M,355,0,1555,0,0,1555,T
7-M,356,1551,0,0,0,1551,A
7-M,357,0,1554,0,1,1555,T
7-M,358,0,1540,0,1,1541,T
7-M,359,2,0,0,1556,1558,C
7-M,360,0,1525,0,1,1526,T
7-M,361,0,0,1543,0,1543,G
7-M,362,1,0,0,1547,1548,C
7-M,363,0,1537,0,2,1539,T
7-M,364,1,3,1533,0,1537,G
7-M,365,2,0,1527,0,1529,G
7-M,366,0,1520,0,2,1522,T
7-M,367,0,0,1531,0,1531,G
7-M,368,0,0,0,1526,1526,C
7-M,369,1522,0,2,0,1524,A
7-M,370,0,0,0,1527,1527,C
7-M,371,0,1522,0,1,1523,T
7-M,372,0,1538,0,1,1539,T
7-M,373,0,0,1534,0,1534,G
7-M,374,0,0,0,1532,1532,C
7-M,375,1,1,0,1539,1541,C
7-M,376,1521,0,3,0,1524,A
7-M,377,0,0,1573,0,1573,G
7-M,378,0,1570,0,1,1571,T
7-M,379,0,1566,0,0,1566,T
7-M,380,0,0,1560,0,1560,G
7-M,381,0,1532,0,2,1534,T
7-M,382,1576,0,1,0,1577,A
7-M,383,0,1581,1,0,1582,T
7-M,384,0,1,1569,0,1570,G
7-M,385,0,0,1568,0,1568,G
7-M,386,1,0,1576,0,1577,G
7-M,387,0,1,0,1562,1563,C
7-M,388,1,1,0,1618,1620,C
7-M,389,0,1608,0,2,1610,T
7-M,390,3,0,0,1629,1632,C
7-M,391,1690,0,1,0,1691,A
7-M,392,0,1698,0,0,1698,T
7-M,393,1749,0,0,0,1749,A
7-M,394,0,1739,0,2,1741,T
7-M,395,1716,0,0,0,1716,A
7-M,396,0,2,0,1822,1824,C
7-M,397,1765,0,0,0,1765,A
7-M,398,1773,0,0,0,1773,A
7-M,399,0,1771,0,0,1771,T
7-M,400,1689,0,0,1,1690,A
7-M,401,0,0,1708,0,1708,G
7-M,402,0,2,1682,0,1684,G
7-M,403,1665,0,0,0,1665,A
7-M,404,1,1683,0,0,1684,T
7-M,405,1,1,1603,0,1605,G
7-M,406,0,1,1582,0,1583,G
7-M,407,0,1,1577,0,1578,G
7-M,408,1,1,1582,0,1584,G
7-M,409,0,0,1593,0,1593,G
7-M,410,1,1,0,1594,1596,C
7-M,411,0,1589,0,1,1590,T
7-M,412,0,0,1601,0,1601,G
7-M,413,0,1601,0,1,1602,T
7-M,414,1598,0,0,0,1598,A
7-M,415,1596,2,1,0,1599,A
7-M,416,0,1,0,1597,1598,C
7-M,417,1,0,0,1587,1588,C
7-M,418,1569,0,1,0,1570,A
7-M,419,0,0,0,1580,1580,C
7-M,420,0,1577,0,1,1578,T
7-M,421,2,2,1580,0,1584,G
7-M,422,1568,0,1,0,1569,A
7-M,423,1573,0,1,0,1574,A
7-M,424,0,0,1575,0,1575,G
7-M,425,0,1557,0,2,1559,T
7-M,426,0,3,1558,0,1561,G
7-M,427,0,0,1575,0,1575,G
7-M,428,0,0,0,1580,1580,C
7-M,429,1584,0,0,1,1585,A
7-M,430,0,1578,0,0,1578,T
7-M,431,0,1568,0,0,1568,T
7-M,432,1,1573,0,0,1574,T
7-M,433,0,0,1604,0,1604,G
7-M,434,0,1,1591,0,1592,G
7-M,435,0,0,0,1593,1593,C
7-M,436,4,0,0,1597,1601,C
7-M,437,0,1587,0,1,1588,T
7-M,438,1,2,1654,0,1657,G
7-M,439,0,0,1664,0,1664,G
7-M,440,0,1660,0,1,1661,T
7-M,441,1681,0,3,0,1684,A
7-M,442,0,1614,0,1,1615,T
7-M,443,0,0,1652,0,1652,G
7-M,444,0,1655,0,2,1657,T
7-M,445,0,0,1653,0,1653,G
7-M,446,0,0,0,1648,1648,C
7-M,447,1597,0,1,0,1598,A
7-M,448,1588,1,2,0,1591,A
7-M,449,0,0,0,1608,1608,C
7-M,450,1610,0,0,0,1610,A
7-M,451,0,1613,0,0,1613,T
7-M,452,1,0,1600,0,1601,G
7-M,453,0,1573,0,0,1573,T
7-M,454,0,4,1573,0,1577,G
7-M,455,1566,0,2,0,1568,A
7-M,456,2,0,1570,0,1572,G
7-M,457,1,0,0,1564,1565,C
7-M,458,1560,0,0,0,1560,A
7-M,459,0,2,1557,0,1559,G
7-M,460,1554,1,1,0,1556,A
7-M,461,0,1551,0,2,1553,T
7-M,462,0,1560,0,0,1560,T
7-M,463,0,0,1558,0,1558,G
7-M,464,0,1,0,1558,1559,C
7-M,465,0,1552,0,1,1553,T
7-M,466,0,2,1549,0,1551,G
7-M,467,1549,0,0,0,1549,A
7-M,468,0,0,0,1618,1618,C
7-M,469,0,1622,0,1,1623,T
7-M,470,2,1,0,1618,1621,C
7-M,471,0,0,1,1607,1608,C
7-M,472,0,0,0,1613,1613,C
7-M,473,1616,0,1,1,1618,A
7-M,474,0,0,1621,0,1621,G
7-M,475,2,0,0,1620,1622,C
7-M,476,1620,0,1,0,1621,A
7-M,477,0,1,0,1616,1617,C
7-M,478,1529,0,1,0,1530,A
7-M,479,0,2,1560,0,1562,G
7-M,480,2,0,1557,0,1559,G
7-M,481,0,1545,0,2,1547,T
7-M,482,3,5,0,1572,1580,C
7-M,483,0,1567,0,3,1570,T
7-M,484,1,0,0,1578,1579,C
7-M,485,1576,0,1,0,1577,A
7-M,486,0,1571,0,1,1572,T
7-M,487,1570,0,1,0,1571,A
7-M,488,0,0,1550,0,1550,G
7-M,489,0,0,1549,0,1549,G
7-M,490,1,0,0,1548,1549,C
7-M,491,1503,0,0,0,1503,A
7-M,492,0,0,1492,0,1492,G
7-M,493,1509,0,2,0,1511,A
7-M,494,0,1506,0,0,1506,T
7-M,495,1,0,1518,0,1519,G
7-M,496,0,0,1512,1,1513,G
7-M,497,1,1486,0,6,1493,T
7-M,498,1,3,1508,0,1512,G
7-M,499,3,1,1507,0,1511,G
7-M,500,0,0,0,1518,1518,C
7-M,501,1504,0,3,0,1507,A
7-M,502,1503,1,3,0,1507,A
7-M,503,0,0,0,1520,1520,C
7-M,504,1522,0,1,0,1523,A
7-M,505,1525,0,0,0,1525,A
7-M,506,0,1,0,1533,1534,C
7-M,507,0,1,0,1505,1506,C
7-M,508,1495,0,1,0,1496,A
7-M,509,1497,0,0,0,1497,A
7-M,510,0,1490,0,5,1495,T
7-M,511,2,1,0,1500,1503,C
7-M,512,1,1,0,1476,1478,C
7-M,513,1459,0,0,0,1459,A
7-M,514,0,1455,0,3,1458,T
7-M,515,0,1464,0,1,1465,T
7-M,516,1472,0,0,0,1472,A
7-M,517,1472,0,0,1,1473,A
7-M,518,0,1474,0,0,1474,T
7-M,519,1474,0,0,0,1474,A
7-M,520,1463,0,0,0,1463,A
7-M,521,1452,0,0,0,1452,A
7-M,522,1459,1,4,0,1464,A
7-M,523,0,1,0,1500,1501,C
7-M,524,1502,0,1,0,1503,A
7-M,525,0,1488,0,1,1489,T
7-M,526,1,4,1484,1,1490,G
7-M,527,1480,0,1,1,1482,A
7-M,528,3,4,1499,0,1506,G
7-M,529,1486,0,5,0,1491,A
7-M,530,1503,0,0,0,1503,A
7-M,531,0,1,0,1510,1511,C
7-M,532,1483,0,2,0,1485,A
7-M,533,0,0,1487,0,1487,G
7-M,534,1475,1,0,1,1477,A
7-M,535,1481,0,1,0,1482,A
7-M,536,0,1465,0,1,1466,T
7-M,537,0,1,1462,0,1463,G
7-M,538,0,0,1470,0,1470,G
7-M,539,0,1438,0,2,1440,T
7-M,540,0,1412,0,0,1412,T
7-M,541,0,1442,0,0,1442,T
7-M,542,0,1459,0,0,1459,T
7-M,543,2,3,1461,0,1466,G
7-M,544,0,0,1455,0,1455,G
7-M,545,0,0,0,1450,1450,C
7-M,546,1,0,0,1456,1457,C
7-M,547,1430,0,1,0,1431,A
7-M,548,0,0,1457,0,1457,G
7-M,549,0,1,0,1453,1454,C
7-M,550,1466,0,0,0,1466,A
7-M,551,1,0,0,1481,1482,C
7-M,552,0,1465,0,3,1468,T
7-M,553,1468,0,1,0,1469,A
7-M,554,0,3,0,1482,1485,C
7-M,555,1492,0,0,0,1492,A
7-M,556,0,0,1509,0,1509,G
7-M,557,1,0,0,1456,1457,C
7-M,558,0,1435,0,1,1436,T
7-M,559,1447,0,0,0,1447,A
7-M,560,1400,0,1,0,1401,A
7-M,561,0,2,1420,0,1422,G
7-M,562,0,0,1425,0,1425,G
7-M,563,1,2,0,1413,1416,C
7-M,564,0,1353,0,1,1354,T
7-M,565,1348,0,0,0,1348,A
7-M,566,0,1352,0,0,1352,T
7-M,567,0,2,1351,0,1353,G
7-M,568,0,0,1355,0,1355,G
7-M,569,1333,0,1,0,1334,A
7-M,570,0,0,1334,0,1334,G
7-M,571,0,0,0,1310,1310,C
7-M,572,1305,0,0,0,1305,A
7-M,573,1299,1,0,0,1300,A
7-M,574,1298,0,0,0,1298,A
7-M,575,0,1316,0,0,1316,T
7-M,576,0,1,1322,0,1323,G
7-M,577,1,0,1306,0,1307,G
7-M,578,0,0,0,1311,1311,C
7-M,579,0,1292,0,2,1294,T
7-M,580,0,0,1299,0,1299,G
7-M,581,1,0,1295,0,1296,G
7-M,582,1297,0,1,0,1298,A
7-M,583,0,1293,0,0,1293,T
7-M,584,4,0,0,1268,1272,C
7-M,585,1275,0,1,0,1276,A
7-M,586,1289,1,1,0,1291,A
7-M,587,0,0,1300,0,1300,G
7-M,588,0,1294,0,0,1294,T
7-M,589,0,5,1285,0,1290,G
7-M,590,1277,0,1,0,1278,A
7-M,591,1257,0,3,0,1260,A
7-M,592,0,0,0,1281,1281,C
7-M,593,1277,0,1,0,1278,A
7-M,594,0,2,1282,0,1284,G
7-M,595,0,0,1263,0,1263,G
7-M,596,0,1,0,1266,1267,C
7-M,597,1263,1,1,0,1265,A
7-M,598,0,0,1272,0,1272,G
7-M,599,0,2,0,1265,1267,C
7-M,600,0,2,1274,0,1276,G
7-M,601,0,0,1265,0,1265,G
7-M,602,1261,0,1,0,1262,A
7-M,603,0,1,1266,0,1267,G
7-M,604,0,0,1282,0,1282,G
7-M,605,0,0,0,1271,1271,C
7-M,606,5,0,0,1286,1291,C
7-M,607,1279,0,1,0,1280,A
7-M,608,0,1277,0,2,1279,T
7-M,609,0,0,1304,0,1304,G
7-M,610,0,1,1303,0,1304,G
7-M,611,1278,1,2,0,1281,A
7-M,612,1,0,1294,0,1295,G
7-M,613,1258,0,1,0,1259,A
7-M,614,0,1292,0,0,1292,T
7-M,615,0,1287,0,3,1290,T
7-M,616,0,0,1289,0,1289,G
7-M,617,0,0,0,1285,1285,C
7-M,618,1,1289,0,0,1290,T
7-M,619,1293,0,1,1,1295,A
7-M,620,2,0,1291,0,1293,G
7-M,621,0,1275,0,1,1276,T
7-M,622,4,1,0,1278,1283,C
7-M,623,1260,0,1,0,1261,A
7-M,624,2,0,1277,0,1279,G
7-M,625,0,0,1277,0,1277,G
7-M,626,0,0,0,1264,1264,C
7-M,627,0,0,0,1278,1278,C
7-M,628,1275,0,0,0,1275,A
7-M,629,0,0,1283,0,1283,G
7-M,630,1,0,1278,0,1279,G
7-M,631,0,0,0,1285,1285,C
7-M,632,1296,0,1,0,1297,A
7-M,633,0,0,1294,0,1294,G
7-M,634,1275,0,4,0,1279,A
7-M,635,0,1282,0,1,1283,T
7-M,636,0,1,1295,0,1296,G
7-M,637,0,0,1316,0,1316,G
7-M,638,0,1292,0,0,1292,T
7-M,639,1,0,1298,0,1299,G
7-M,640,1,3,0,1284,1288,C
7-M,641,1287,0,2,0,1289,A
7-M,642,0,1,1309,0,1310,G
7-M,643,1,0,1298,0,1299,G
7-M,644,1,0,0,1308,1309,C
7-M,645,1306,0,0,0,1306,A
7-M,646,1288,0,0,0,1288,A
7-M,647,0,1277,0,0,1277,T
7-M,648,0,1,1276,0,1277,G
7-M,649,1271,0,1,0,1272,A
7-M,650,0,0,1280,0,1280,G
7-M,651,1237,0,1,0,1238,A
7-M,652,0,0,1255,0,1255,G
7-M,653,1,1,0,1255,1257,C
7-M,654,1,2,0,1267,1270,C
7-M,655,1271,0,1,0,1272,A
7-M,656,0,1274,0,1,1275,T
7-M,657,0,1277,0,1,1278,T
7-M,658,0,2,1278,0,1280,G
7-M,659,0,0,1275,0,1275,G
7-M,660,1,2,1282,0,1285,G
7-M,661,1291,0,1,0,1292,A
7-M,662,0,1,0,1274,1275,C
7-M,663,0,1246,1,0,1247,T
7-M,664,4,0,0,1247,1251,C
7-M,665,1254,0,1,0,1255,A
7-M,666,0,1303,0,0,1303,T
7-M,667,1,1,0,1302,1304,C
7-M,668,0,0,0,1299,1299,C
7-M,669,0,1297,0,0,1297,T
7-M,670,1304,0,0,0,1304,A
7-M,671,0,0,1313,0,1313,G
7-M,672,0,1352,0,1,1353,T
7-M,673,0,1332,0,0,1332,T
7-M,674,2,0,0,1337,1339,C
7-M,675,0,0,0,1311,1311,C
7-M,676,1306,0,1,0,1307,A
7-M,677,0,0,1322,0,1322,G
7-M,678,0,1322,0,0,1322,T
7-M,679,1310,2,1,0,1313,A
7-M,680,1,1,0,1306,1308,C
7-M,681,1,1234,0,0,1235,T
7-M,682,0,0,1275,0,1275,G
7-M,683,0,0,1275,0,1275,G
7-M,684,0,1266,0,0,1266,T
7-M,685,1,1250,0,0,1251,T
7-M,686,1,1270,0,0,1271,T
7-M,687,1267,1,0,0,1268,A
7-M,688,1269,0,0,1,1270,A
7-M,689,0,1,1274,1,1276,G
7-M,690,1255,0,1,0,1256,A
7-M,691,0,2,1235,0,1237,G
7-M,692,1194,0,0,0,1194,A
7-M,693,2,1177,0,3,1182,T
7-M,694,1,1,1180,0,1182,G
7-M,695,1185,0,1,2,1188,A
7-M,696,0,1170,0,4,1174,T
7-M,697,0,0,0,1180,1180,C
7-M,698,0,1174,0,2,1176,T
7-M,699,0,1160,0,0,1160,T
7-M,700,1,0,0,1174,1175,C
7-M,701,0,1174,0,0,1174,T
7-M,702,0,1169,0,3,1172,T
7-M,703,1,2,1172,0,1175,G
7-M,704,1176,0,0,0,1176,A
7-M,705,1166,0,0,0,1166,A
7-M,706,1168,0,0,0,1168,A
7-M,707,1174,0,1,0,1175,A
7-M,708,2,1171,0,0,1173,T
7-M,709,0,1177,0,2,1179,T
7-M,710,0,1184,0,1,1185,T
7-M,711,0,0,1180,0,1180,G
7-M,712,0,1,0,1179,1180,C
7-M,713,1184,0,1,0,1185,A
7-M,714,1,2,1179,0,1182,G
7-M,715,1173,0,0,0,1173,A
7-M,716,0,0,0,1203,1203,C
7-M,717,1,0,0,1199,1200,C
7-M,718,0,1194,0,1,1195,T
7-M,719,1220,0,0,0,1220,A
7-M,720,2,1203,1,0,1206,T
7-M,721,1,1,0,1217,1219,C
7-M,722,1219,0,1,0,1220,A
7-M,723,0,2,1224,0,1226,G
7-M,724,1220,0,2,0,1222,A
7-M,725,1194,0,0,0,1194,A
7-M,726,1184,0,0,0,1184,A
7-M,727,0,0,0,1191,1191,C
7-M,728,0,1,1201,0,1202,G
7-M,729,1195,0,0,0,1195,A
7-M,730,1198,0,0,0,1198,A
7-M,731,0,1198,0,0,1198,T
7-M,732,0,0,1191,0,1191,G
7-M,733,0,2,1203,0,1205,G
7-M,734,0,0,1202,0,1202,G
7-M,735,0,1,1201,0,1202,G
7-M,736,0,0,1215,0,1215,G
7-M,737,0,1183,0,1,1184,T
7-M,738,3,0,1177,0,1180,G
7-M,739,1,0,0,1177,1178,C
7-M,740,1177,0,3,0,1180,A
7-M,741,2,0,1183,0,1185,G
7-M,742,1172,0,0,0,1172,A
7-M,743,0,1164,0,1,1165,T
7-M,744,1,0,1158,0,1159,G
7-M,745,0,0,0,1149,1149,C
7-M,746,1145,0,0,0,1145,A
7-M,747,1148,0,3,0,1151,A
7-M,748,0,0,0,1152,1152,C
7-M,749,0,1,1149,0,1150,G
7-M,750,1155,0,0,0,1155,A
7-M,751,0,1143,0,1,1144,T
7-M,752,0,1145,0,0,1145,T
7-M,753,2,0,0,1154,1156,C
7-M,754,1123,0,0,0,1123,A
7-M,755,1116,0,0,0,1116,A
7-M,756,0,0,1116,0,1116,G
7-M,757,0,1103,0,0,1103,T
7-M,758,0,2,1094,0,1096,G
7-M,759,1083,0,0,0,1083,A
7-M,760,0,0,0,1084,1084,C
7-M,761,4,0,0,1074,1078,C
7-M,762,1,0,1,1079,1081,C
7-M,763,0,0,1077,0,1077,G
7-M,764,0,0,0,1076,1076,C
7-M,765,0,1083,0,1,1084,T
7-M,766,0,1087,0,0,1087,T
7-M,767,0,0,1083,0,1083,G
7-M,768,0,1078,0,0,1078,T
7-M,769,0,1078,0,1,1079,T
7-M,770,0,0,1078,0,1078,G
7-M,771,0,1059,0,1,1060,T
7-M,772,0,1048,0,0,1048,T
7-M,773,0,0,1042,0,1042,G
7-M,774,0,2,0,1029,1031,C
7-M,775,1,1,0,1038,1040,C
7-M,776,1,0,1042,0,1043,G
7-M,777,0,0,0,1031,1031,C
7-M,778,1,1,1042,0,1044,G
7-M,779,1043,0,0,0,1043,A
7-M,780,1039,0,0,0,1039,A
7-M,781,0,1049,0,1,1050,T
7-M,782,1043,0,1,0,1044,A
7-M,783,0,1053,0,0,1053,T
7-M,784,2,0,0,1053,1055,C
7-M,785,1052,0,1,0,1053,A
7-M,786,0,1046,0,0,1046,T
7-M,787,0,1043,0,0,1043,T
7-M,788,0,0,1037,0,1037,G
7-M,789,1,1,1034,0,1036,G
7-M,790,0,1,1031,0,1032,G
7-M,791,1025,0,0,0,1025,A
7-M,792,0,1021,0,0,1021,T
7-M,793,0,0,0,979,979,C
7-M,794,0,987,0,0,987,T
7-M,795,0,983,0,0,983,T
7-M,796,0,1,990,0,991,G
7-M,797,1,1,0,987,989,C
7-M,798,985,0,0,0,985,A
7-M,799,0,0,0,992,992,C
7-M,800,0,975,0,0,975,T
7-M,801,0,977,0,0,977,T
7-M,802,1,1,979,0,981,G
7-M,803,988,0,1,0,989,A
7-M,804,0,993,0,0,993,T
7-M,805,971,0,0,0,971,A
7-M,806,0,965,0,0,965,T
7-M,807,0,954,0,0,954,T
7-M,808,0,0,960,0,960,G
7-M,809,0,952,0,0,952,T
7-M,810,1,0,937,0,938,G
7-M,811,0,0,938,0,938,G
7-M,812,912,0,0,0,912,A
7-M,813,0,914,0,0,914,T
7-M,814,0,909,0,2,911,T
7-M,815,2,0,0,904,906,C
7-M,816,0,905,0,0,905,T
7-M,817,0,905,0,0,905,T
7-M,818,0,0,904,0,904,G
7-M,819,897,0,0,0,897,A
7-M,820,0,894,0,1,895,T
7-M,821,1,1,0,890,892,C
7-M,822,0,0,895,0,895,G
7-M,823,0,888,0,2,890,T
7-M,824,2,1,0,880,883,C
7-M,825,0,882,0,2,884,T
7-M,826,0,884,0,0,884,T
7-M,827,0,886,0,0,886,T
7-M,828,0,886,0,0,886,T
7-M,829,0,891,0,0,891,T
7-M,830,0,888,1,0,889,T
7-M,831,0,884,0,1,885,T
7-M,832,1,1,0,884,886,C
7-M,833,886,0,0,0,886,A
7-M,834,885,0,1,0,886,A
7-M,835,885,0,0,0,885,A
7-M,836,0,886,0,1,887,T
7-M,837,0,0,891,0,891,G
7-M,838,0,0,0,886,886,C
7-M,839,13,0,874,0,887,G
7-M,840,0,903,1,1,905,T
7-M,841,2,0,0,901,903,C
7-M,842,0,903,0,0,903,T
7-M,843,903,0,0,1,904,A
7-M,844,0,892,0,3,895,T
7-M,845,4,0,0,893,897,C
7-M,846,0,3,893,0,896,G
7-M,847,887,0,1,0,888,A
7-M,848,0,0,0,894,894,C
7-M,849,0,862,0,0,862,T
7-M,850,0,0,0,876,876,C
7-M,851,0,860,0,3,863,T
7-M,852,1,865,0,1,867,T
7-M,853,1,0,0,864,865,C
7-M,854,865,0,0,0,865,A
7-M,855,862,0,0,0,862,A
7-M,856,865,0,0,0,865,A
7-M,857,1,0,0,859,860,C
7-M,858,851,0,0,0,851,A
7-M,859,0,1,0,823,824,C
7-M,860,0,1,808,0,809,G
7-M,861,0,1,827,0,828,G
7-M,862,0,1,0,824,825,C
7-M,863,2,0,0,831,833,C
7-M,864,0,821,0,4,825,T
7-M,865,0,832,0,0,832,T
7-M,866,837,0,0,0,837,A
7-M,867,839,0,0,0,839,A
7-M,868,840,0,0,0,840,A
7-M,869,831,0,3,0,834,A
7-M,870,0,1,823,0,824,G
7-M,871,713,0,3,0,716,A
7-M,872,0,0,711,0,711,G
7-M,873,0,0,702,0,702,G
7-M,874,0,0,0,700,700,C
7-M,875,0,0,0,693,693,C
7-M,876,1,1,0,701,703,C
7-M,877,0,707,0,2,709,T
7-M,878,0,704,0,0,704,T
7-M,879,1,0,0,704,705,C
7-M,880,0,712,0,2,714,T
7-M,881,714,0,1,0,715,A
7-M,882,0,0,0,713,713,C
7-M,883,0,0,691,0,691,G
7-M,884,0,0,691,0,691,G
7-M,885,668,1,4,0,673,A
7-M,886,666,0,0,0,666,A
7-M,887,0,0,660,0,660,G
7-M,888,0,1,655,0,656,G
7-M,889,647,0,3,0,650,A
7-M,890,0,0,649,0,649,G
7-M,891,0,636,0,5,641,T
7-M,892,634,1,1,0,636,A
7-M,893,1,1,0,630,632,C
7-M,894,1,0,0,629,630,C
7-M,895,0,627,0,1,628,T
7-M,896,1,1,628,0,630,G
7-M,897,599,0,0,0,599,A
7-M,898,0,0,610,0,610,G
7-M,899,0,584,0,0,584,T
7-M,900,1,0,0,577,578,C
7-M,901,0,563,0,1,564,T
7-M,902,563,0,0,0,563,A
7-M,903,0,565,0,0,565,T
7-M,904,0,0,566,0,566,G
7-M,905,553,0,0,0,553,A
7-M,906,0,0,554,0,554,G
7-M,907,0,1,502,0,503,G
7-M,908,0,0,501,0,501,G
7-M,909,498,0,0,0,498,A
7-M,910,492,0,0,0,492,A
7-M,911,0,0,492,0,492,G
7-M,912,491,0,1,0,492,A
7-M,913,490,0,0,0,490,A
7-M,914,0,483,1,0,484,T
7-M,915,476,0,0,0,476,A
7-M,916,0,475,0,0,475,T
7-M,917,0,0,0,471,471,C
7-M,918,0,2,470,0,472,G
7-M,919,466,0,1,0,467,A
7-M,920,461,0,0,0,461,A
7-M,921,461,0,0,0,461,A
7-M,922,0,0,452,0,452,G
7-M,923,0,0,457,0,457,G
7-M,924,449,0,0,0,449,A
7-M,925,449,0,0,0,449,A
7-M,926,0,2,0,449,451,C
7-M,927,439,0,0,0,439,A
7-M,928,1,0,439,0,440,G
7-M,929,0,0,0,436,436,C
7-M,930,435,0,1,0,436,A
7-M,931,0,1,437,0,438,G
7-M,932,398,0,0,0,398,A
7-M,933,401,0,0,0,401,A
7-M,934,0,397,0,0,397,T
7-M,935,0,0,389,0,389,G
7-M,936,0,0,0,386,386,C
7-M,937,0,363,0,1,364,T
7-M,938,0,0,364,0,364,G
7-M,939,0,361,0,0,361,T
7-M,940,0,0,358,0,358,G
7-M,941,0,0,358,0,358,G
7-M,942,346,0,1,0,347,A
7-M,943,0,346,0,0,346,T
7-M,944,0,0,336,1,337,G
7-M,945,0,0,0,332,332,C
7-M,946,0,312,0,0,312,T
7-M,947,0,1,306,0,307,G
7-M,948,305,0,0,0,305,A
7-M,949,0,0,0,303,303,C
7-M,950,0,1,301,0,302,G
7-M,951,296,0,0,0,296,A
7-M,952,0,0,0,296,296,C
7-M,953,285,0,0,0,285,A
7-M,954,0,0,284,0,284,G
7-M,955,0,286,0,0,286,T
7-M,956,2,0,0,280,282,C
7-M,957,279,0,0,0,279,A
7-M,958,0,272,0,0,272,T
7-M,959,0,269,0,1,270,T
7-M,960,0,273,0,0,273,T
7-M,961,0,267,0,0,267,T
7-M,962,0,0,265,0,265,G
7-M,963,0,251,0,0,251,T
7-M,964,0,0,0,251,251,C
7-M,965,240,0,0,0,240,A
7-M,966,0,0,239,0,239,G
7-M,967,0,0,0,237,237,C
7-M,968,238,0,0,0,238,A
7-M,969,0,238,0,0,238,T
7-M,970,222,0,2,0,224,A
7-M,971,0,0,225,0,225,G
7-M,972,218,0,0,0,218,A
7-M,973,0,0,217,0,217,G
7-M,974,0,213,0,0,213,T
7-M,975,0,152,0,0,152,T
7-M,976,0,0,149,0,149,G
7-M,977,0,0,150,0,150,G
7-M,978,149,0,0,0,149,A
7-M,979,0,0,149,0,149,G
7-M,980,0,93,0,0,93,T
7-M,981,90,0,0,0,90,A
7-M,982,90,0,0,0,90,A
8-NS,1,358,0,0,0,358,A
8-NS,2,0,362,0,0,362,T
8-NS,3,0,0,374,0,374,G
8-NS,4,0,1,413,0,414,G
8-NS,5,448,0,0,0,448,A
8-NS,6,0,797,0,0,797,T
8-NS,7,0,807,0,1,808,T
8-NS,8,2,0,0,824,826,C
8-NS,9,0,0,0,827,827,C
8-NS,10,833,0,1,0,834,A
8-NS,11,839,0,1,0,840,A
8-NS,12,0,1,0,836,837,C
8-NS,13,837,0,0,0,837,A
8-NS,14,0,0,0,848,848,C
8-NS,15,0,849,0,0,849,T
8-NS,16,0,0,951,0,951,G
8-NS,17,0,945,0,1,946,T
8-NS,18,0,0,960,0,960,G
8-NS,19,0,963,0,3,966,T
8-NS,20,2,0,0,965,967,C
8-NS,21,964,1,0,0,965,A
8-NS,22,966,0,1,0,967,A
8-NS,23,0,0,983,0,983,G
8-NS,24,0,988,0,0,988,T
8-NS,25,0,992,0,0,992,T
8-NS,26,0,1005,0,0,1005,T
8-NS,27,0,0,0,1000,1000,C
8-NS,28,1,0,0,1004,1005,C
8-NS,29,1006,0,0,0,1006,A
8-NS,30,0,3,1016,0,1019,G
8-NS,31,1,0,1018,0,1019,G
8-NS,32,0,995,0,0,995,T
8-NS,33,1028,0,0,0,1028,A
8-NS,34,0,0,1034,0,1034,G
8-NS,35,1030,0,1,1,1032,A
8-NS,36,0,1037,0,0,1037,T
8-NS,37,0,1042,0,0,1042,T
8-NS,38,0,0,1055,0,1055,G
8-NS,39,0,0,0,1055,1055,C
8-NS,40,0,1058,0,1,1059,T
8-NS,41,0,1070,0,2,1072,T
8-NS,42,0,1075,0,1,1076,T
8-NS,43,0,0,0,1097,1097,C
8-NS,44,0,1097,0,2,1099,T
8-NS,45,0,1100,0,0,1100,T
8-NS,46,0,1101,0,1,1102,T
8-NS,47,0,4,1107,0,1111,G
8-NS,48,1,0,1111,0,1112,G
8-NS,49,0,2,0,1118,1120,C
8-NS,50,1116,0,1,0,1117,A
8-NS,51,0,1122,0,0,1122,T
8-NS,52,1134,0,0,0,1134,A
8-NS,53,0,1210,0,1,1211,T
8-NS,54,0,0,0,1226,1226,C
8-NS,55,0,0,0,1223,1223,C
8-NS,56,0,0,1222,0,1222,G
8-NS,57,0,1222,0,0,1222,T
8-NS,58,1240,0,0,0,1240,A
8-NS,59,1247,0,0,0,1247,A
8-NS,60,1249,0,0,0,1249,A
8-NS,61,0,0,0,1255,1255,C
8-NS,62,1252,0,2,0,1254,A
8-NS,63,1248,0,0,0,1248,A
8-NS,64,0,1,1311,0,1312,G
8-NS,65,0,1311,0,2,1313,T
8-NS,66,0,1315,0,0,1315,T
8-NS,67,0,0,1318,0,1318,G
8-NS,68,0,1318,0,2,1320,T
8-NS,69,1313,0,1,0,1314,A
8-NS,70,0,4,1314,0,1318,G
8-NS,71,1380,0,3,0,1383,A
8-NS,72,0,0,0,1402,1402,C
8-NS,73,5,0,0,1380,1385,C
8-NS,74,1389,0,1,0,1390,A
8-NS,75,1392,0,5,0,1397,A
8-NS,76,0,4,1463,0,1467,G
8-NS,77,1460,0,1,0,1461,A
8-NS,78,1482,0,2,0,1484,A
8-NS,79,0,1,0,1486,1487,C
8-NS,80,0,1470,0,1,1471,T
8-NS,81,2,3,1483,0,1488,G
8-NS,82,1461,0,2,0,1463,A
8-NS,83,1,1,1507,0,1509,G
8-NS,84,0,1513,0,0,1513,T
8-NS,85,1,1,1499,0,1501,G
8-NS,86,1515,2,1,0,1518,A
8-NS,87,0,1511,0,1,1512,T
8-NS,88,1,0,1534,0,1535,G
8-NS,89,1,0,0,1542,1543,C
8-NS,90,0,0,0,1539,1539,C
8-NS,91,2,1,0,1556,1559,C
8-NS,92,3,0,0,1559,1562,C
8-NS,93,1561,0,0,0,1561,A
8-NS,94,0,1593,0,0,1593,T
8-NS,95,0,1614,0,0,1614,T
8-NS,96,1,2,0,1628,1631,C
8-NS,97,1,1,0,1622,1624,C
8-NS,98,0,1621,0,4,1625,T
8-NS,99,0,1617,0,4,1621,T
8-NS,100,0,6,1618,0,1624,G
8-NS,101,1616,1,0,0,1617,A
8-NS,102,0,1622,0,1,1623,T
8-NS,103,4,1,0,1619,1624,C
8-NS,104,0,1,1604,0,1605,G
8-NS,105,0,0,1621,0,1621,G
8-NS,106,1,1,0,1623,1625,C
8-NS,107,0,1616,0,1,1617,T
8-NS,108,0,1631,0,0,1631,T
8-NS,109,2,1,0,1630,1633,C
8-NS,110,1,0,1627,0,1628,G
8-NS,111,0,1,0,1621,1622,C
8-NS,112,2,0,1,1632,1635,C
8-NS,113,0,3,1631,0,1634,G
8-NS,114,1612,0,0,0,1612,A
8-NS,115,2,2,1678,0,1682,G
8-NS,116,1682,0,0,0,1682,A
8-NS,117,0,1694,0,0,1694,T
8-NS,118,0,2,0,1693,1695,C
8-NS,119,1692,0,0,0,1692,A
8-NS,120,0,0,1696,0,1696,G
8-NS,121,1684,0,3,0,1687,A
8-NS,122,1,2,1704,0,1707,G
8-NS,123,2,1,1717,0,1720,G
8-NS,124,0,1731,0,0,1731,T
8-NS,125,4,1,0,1835,1840,C
8-NS,126,0,1,0,1837,1838,C
8-NS,127,2,1,0,1854,1857,C
8-NS,128,0,1861,0,3,1864,T
8-NS,129,1864,1,0,1,1866,A
8-NS,130,1871,1,1,1,1874,A
8-NS,131,0,0,1892,0,1892,G
8-NS,132,0,4,1894,0,1898,G
8-NS,133,0,2,1900,0,1902,G
8-NS,134,0,1,1862,0,1863,G
8-NS,135,1849,0,2,0,1851,A
8-NS,136,1857,0,5,0,1862,A
8-NS,137,2,2,1865,0,1869,G
8-NS,138,1897,0,4,0,1901,A
8-NS,139,1,1,1911,0,1913,G
8-NS,140,0,0,1917,0,1917,G
8-NS,141,0,0,0,1943,1943,C
8-NS,142,1939,1,2,0,1942,A
8-NS,143,1940,3,1,0,1944,A
8-NS,144,0,1960,0,0,1960,T
8-NS,145,1969,0,0,0,1969,A
8-NS,146,1,0,0,2009,2010,C
8-NS,147,0,1972,0,4,1976,T
8-NS,148,3,0,0,1975,1978,C
8-NS,149,0,1968,0,1,1969,T
8-NS,150,4,0,0,1972,1976,C
8-NS,151,0,0,2001,0,2001,G
8-NS,152,1,0,2106,0,2107,G
8-NS,153,0,2096,0,1,2097,T
8-NS,154,2,0,0,2117,2119,C
8-NS,155,0,2112,0,1,2113,T
8-NS,156,2139,0,1,0,2140,A
8-NS,157,0,2,2134,0,2136,G
8-NS,158,2147,0,2,0,2149,A
8-NS,159,0,0,0,2197,2197,C
8-NS,160,2177,0,0,0,2177,A
8-NS,161,0,2141,0,2,2143,T
8-NS,162,2,0,0,2145,2147,C
8-NS,163,2134,0,1,0,2135,A
8-NS,164,2137,1,0,0,2138,A
8-NS,165,2111,0,4,0,2115,A
8-NS,166,0,0,2118,0,2118,G
8-NS,167,0,2,0,2134,2136,C
8-NS,168,2114,0,1,0,2115,A
8-NS,169,1,2,2115,0,2118,G
8-NS,170,0,0,0,2122,2122,C
8-NS,171,4,2,0,2123,2129,C
8-NS,172,2131,0,2,0,2133,A
8-NS,173,2,2,0,2174,2178,C
8-NS,174,3,1,0,2173,2177,C
8-NS,175,3,1,0,2176,2180,C
8-NS,176,2202,1,2,0,2205,A
8-NS,177,0,2218,0,2,2220,T
8-NS,178,0,0,2217,0,2217,G
8-NS,179,0,2206,0,0,2206,T
8-NS,180,0,2214,0,1,2215,T
8-NS,181,1,3,2217,0,2221,G
8-NS,182,0,2,2199,0,2201,G
8-NS,183,2182,0,2,0,2184,A
8-NS,184,2198,0,0,0,2198,A
8-NS,185,2177,0,4,0,2181,A
8-NS,186,0,0,2199,0,2199,G
8-NS,187,1,0,0,2184,2185,C
8-NS,188,2196,0,0,0,2196,A
8-NS,189,2185,0,2,0,2187,A
8-NS,190,2191,0,1,0,2192,A
8-NS,191,0,2220,0,1,2221,T
8-NS,192,0,2219,0,1,2220,T
8-NS,193,0,0,2252,0,2252,G
8-NS,194,0,2242,0,0,2242,T
8-NS,195,2249,0,1,0,2250,A
8-NS,196,1,3,2241,0,2245,G
8-NS,197,2249,0,0,0,2249,A
8-NS,198,2247,0,2,0,2249,A
8-NS,199,2257,0,0,0,2257,A
8-NS,200,2234,0,5,1,2240,A
8-NS,201,1,1,2249,0,2251,G
8-NS,202,2201,0,3,0,2204,A
8-NS,203,1,2205,0,1,2207,T
8-NS,204,0,2204,0,0,2204,T
8-NS,205,3,2,0,2204,2209,C
8-NS,206,0,2210,1,0,2211,T
8-NS,207,0,0,2213,0,2213,G
8-NS,208,2209,0,1,0,2210,A
8-NS,209,2205,0,0,0,2205,A
8-NS,210,2201,0,1,0,2202,A
8-NS,211,0,0,2212,0,2212,G
8-NS,212,2201,0,1,0,2202,A
8-NS,213,2210,0,1,0,2211,A
8-NS,214,0,4,2223,0,2227,G
8-NS,215,2241,0,1,0,2242,A
8-NS,216,2249,0,2,0,2251,A
8-NS,217,0,2260,0,0,2260,T
8-NS,218,2,2,0,2272,2276,C
8-NS,219,0,2265,0,1,2266,T
8-NS,220,2,2,2268,0,2272,G
8-NS,221,2274,0,1,0,2275,A
8-NS,222,0,2276,0,1,2277,T
8-NS,223,0,3,2251,0,2254,G
8-NS,224,2231,0,8,0,2239,A
8-NS,225,0,0,2234,0,2234,G
8-NS,226,2,0,2231,0,2233,G
8-NS,227,1,0,0,2227,2228,C
8-NS,228,2245,0,2,0,2247,A
8-NS,229,0,0,0,2302,2302,C
8-NS,230,0,2311,0,1,2312,T
8-NS,231,0,2306,0,1,2307,T
8-NS,232,2321,0,2,0,2323,A
8-NS,233,2339,0,0,0,2339,A
8-NS,234,2331,0,0,0,2331,A
8-NS,235,2318,0,3,1,2322,A
8-NS,236,0,2316,0,0,2316,T
8-NS,237,0,8,2321,0,2329,G
8-NS,238,2316,0,0,0,2316,A
8-NS,239,1,0,0,2320,2321,C
8-NS,240,3,0,0,2315,2318,C
8-NS,241,2325,0,0,1,2326,A
8-NS,242,0,2302,0,4,2306,T
8-NS,243,0,3,2363,0,2366,G
8-NS,244,0,0,2377,0,2377,G
8-NS,245,0,2384,0,3,2387,T
8-NS,246,8,0,0,2477,2485,C
8-NS,247,0,2483,0,4,2487,T
8-NS,248,0,0,0,2515,2515,C
8-NS,249,0,2,0,2506,2508,C
8-NS,250,2523,0,1,0,2524,A
8-NS,251,0,1,0,2553,2554,C
8-NS,252,2495,0,1,0,2496,A
8-NS,253,0,0,0,2543,2543,C
8-NS,254,0,1,0,2530,2531,C
8-NS,255,0,2426,0,3,2429,T
8-NS,256,0,0,2445,0,2445,G
8-NS,257,1,0,0,2443,2444,C
8-NS,258,0,2434,0,1,2435,T
8-NS,259,0,2443,0,0,2443,T
8-NS,260,1,3,0,2446,2450,C
8-NS,261,2,0,2455,0,2457,G
8-NS,262,0,2,0,2460,2462,C
8-NS,263,0,1,2464,0,2465,G
8-NS,264,2565,0,1,0,2566,A
8-NS,265,0,2560,0,0,2560,T
8-NS,266,2628,0,2,0,2630,A
8-NS,267,1,2,0,2635,2638,C
8-NS,268,2617,0,2,0,2619,A
8-NS,269,0,2691,0,3,2694,T
8-NS,270,2681,0,1,0,2682,A
8-NS,271,2693,0,0,0,2693,A
8-NS,272,1,0,0,2701,2702,C
8-NS,273,1,2637,0,1,2639,T
8-NS,274,0,7,2663,0,2670,G
8-NS,275,2616,2,2,0,2620,A
8-NS,276,0,0,0,2626,2626,C
8-NS,277,2628,0,2,0,2630,A
8-NS,278,0,2604,0,2,2606,T
8-NS,279,1,10,2595,0,2606,G
8-NS,280,2599,0,2,0,2601,A
8-NS,281,0,1,0,2671,2672,C
8-NS,282,0,2664,1,3,2668,T
8-NS,283,2703,0,2,0,2705,A
8-NS,284,0,2687,0,1,2688,T
8-NS,285,0,2685,0,1,2686,T
8-NS,286,0,3,2695,0,2698,G
8-NS,287,2679,0,7,0,2686,A
8-NS,288,2,3,2666,1,2672,G
8-NS,289,0,3,2666,0,2669,G
8-NS,290,2617,0,0,0,2617,A
8-NS,291,2627,0,0,0,2627,A
8-NS,292,1,2585,0,1,2587,T
8-NS,293,0,2596,0,1,2597,T
8-NS,294,1,1,2627,0,2629,G
8-NS,295,2,2617,0,3,2622,T
8-NS,296,9,0,1,2615,2625,C
8-NS,297,2628,0,1,0,2629,A
8-NS,298,2627,0,0,0,2627,A
8-NS,299,2,2,2631,0,2635,G
8-NS,300,2644,0,0,0,2644,A
8-NS,301,2637,0,0,0,2637,A
8-NS,302,2629,0,0,0,2629,A
8-NS,303,0,0,0,2637,2637,C
8-NS,304,0,2612,0,1,2613,T
8-NS,305,0,6,2636,0,2642,G
8-NS,306,1,0,2660,0,2661,G
8-NS,307,0,2657,0,0,2657,T
8-NS,308,0,2662,0,6,2668,T
8-NS,309,4,1,0,2655,2660,C
8-NS,310,2665,0,1,0,2666,A
8-NS,311,0,2682,0,4,2686,T
8-NS,312,1,1,2707,0,2709,G
8-NS,313,0,1,0,2722,2723,C
8-NS,314,0,2700,1,1,2702,T
8-NS,315,2664,0,1,0,2665,A
8-NS,316,2689,0,0,0,2689,A
8-NS,317,0,2701,0,2,2703,T
8-NS,318,0,0,2701,0,2701,G
8-NS,319,0,2,0,2684,2686,C
8-NS,320,2,1,0,2653,2656,C
8-NS,321,5,1,0,2656,2662,C
8-NS,322,2649,0,0,0,2649,A
8-NS,323,2637,0,3,0,2640,A
8-NS,324,2,0,2660,0,2662,G
8-NS,325,0,0,0,2657,2657,C
8-NS,326,2656,0,3,1,2660,A
8-NS,327,0,2,2676,0,2678,G
8-NS,328,2667,0,1,1,2669,A
8-NS,329,2670,0,3,0,2673,A
8-NS,330,2671,0,1,0,2672,A
8-NS,331,2651,0,2,0,2653,A
8-NS,332,1,2670,0,1,2672,T
8-NS,333,1,1,2682,0,2684,G
8-NS,334,1,1,2682,0,2684,G
8-NS,335,2683,0,6,0,2689,A
8-NS,336,2671,0,4,0,2675,A
8-NS,337,1,2,2659,0,2662,G
8-NS,338,0,3,2680,0,2683,G
8-NS,339,2671,0,1,0,2672,A
8-NS,340,0,0,0,2683,2683,C
8-NS,341,5,0,0,2681,2686,C
8-NS,342,0,2681,0,2,2683,T
8-NS,343,3,0,1,2708,2712,C
8-NS,344,0,2715,0,3,2718,T
8-NS,345,0,2730,0,0,2730,T
8-NS,346,1,2727,0,1,2729,T
8-NS,347,1,0,2733,0,2734,G
8-NS,348,0,0,0,2743,2743,C
8-NS,349,2732,0,1,1,2734,A
8-NS,350,1,2720,1,5,2727,T
8-NS,351,4,0,0,2737,2741,C
8-NS,352,2742,1,2,0,2745,A
8-NS,353,1,3,2819,0,2823,G
8-NS,354,2811,1,1,0,2813,A
8-NS,355,2827,0,0,0,2827,A
8-NS,356,0,2816,0,0,2816,T
8-NS,357,0,1,2792,0,2793,G
8-NS,358,7,8,2803,0,2818,G
8-NS,359,2804,0,7,0,2811,A
8-NS,360,1,1,1,2803,2806,C
8-NS,361,1,1,0,2749,2751,C
8-NS,362,2715,0,3,0,2718,A
8-NS,363,1,2,2736,0,2739,G
8-NS,364,2,2,2712,0,2716,G
8-NS,365,1,0,0,2733,2734,C
8-NS,366,2731,0,1,0,2732,A
8-NS,367,2726,0,1,0,2727,A
8-NS,368,0,2715,0,0,2715,T
8-NS,369,2,1,0,2726,2729,C
8-NS,370,2732,0,2,0,2734,A
8-NS,371,0,2710,1,0,2711,T
8-NS,372,1,3,2678,1,2683,G
8-NS,373,0,4,2677,1,2682,G
8-NS,374,2665,1,1,1,2668,A
8-NS,375,0,4,2695,0,2699,G
8-NS,376,2667,0,3,0,2670,A
8-NS,377,2665,0,1,0,2666,A
8-NS,378,2680,0,2,0,2682,A
8-NS,379,2668,0,1,0,2669,A
8-NS,380,2684,0,1,1,2686,A
8-NS,381,1,0,0,2694,2695,C
8-NS,382,2679,0,1,0,2680,A
8-NS,383,0,2652,1,3,2656,T
8-NS,384,3,0,0,2648,2651,C
8-NS,385,2648,0,4,1,2653,A
8-NS,386,0,2643,0,3,2646,T
8-NS,387,0,0,2654,2,2656,G
8-NS,388,0,2643,0,5,2648,T
8-NS,389,0,2633,0,1,2634,T
8-NS,390,0,5,2623,4,2632,G
8-NS,391,2616,0,0,0,2616,A
8-NS,392,2614,0,2,0,2616,A
8-NS,393,2616,0,2,0,2618,A
8-NS,394,0,0,2625,0,2625,G
8-NS,395,1,1,0,2582,2584,C
8-NS,396,0,10,2581,0,2591,G
8-NS,397,2593,1,0,2,2596,A
8-NS,398,2588,3,5,1,2597,A
8-NS,399,0,2581,0,0,2581,T
8-NS,400,0,2576,1,6,2583,T
8-NS,401,0,2593,1,1,2595,T
8-NS,402,3,2,0,2594,2599,C
8-NS,403,2574,1,0,0,2575,A
8-NS,404,0,0,2581,0,2581,G
8-NS,405,0,2570,1,2,2573,T
8-NS,406,0,0,2569,0,2569,G
8-NS,407,0,2564,0,3,2567,T
8-NS,408,0,7,2560,0,2567,G
8-NS,409,2588,0,1,0,2589,A
8-NS,410,0,2574,0,0,2574,T
8-NS,411,0,2576,0,2,2578,T
8-NS,412,0,2575,1,1,2577,T
8-NS,413,1,2563,1,0,2565,T
8-NS,414,0,2570,0,0,2570,T
8-NS,415,1,7,2558,0,2566,G
8-NS,416,2543,0,5,0,2548,A
8-NS,417,1,0,0,2540,2541,C
8-NS,418,4,0,0,2519,2523,C
8-NS,419,2,2,2549,0,2553,G
8-NS,420,2688,1,1,0,2690,A
8-NS,421,1,0,0,2734,2735,C
8-NS,422,0,2735,2,0,2737,T
8-NS,423,2743,0,4,0,2747,A
8-NS,424,0,1,2763,0,2764,G
8-NS,425,2758,1,3,0,2762,A
8-NS,426,2,2,2762,0,2766,G
8-NS,427,2755,0,4,0,2759,A
8-NS,428,0,0,0,2806,2806,C
8-NS,429,4,1,0,2698,2703,C
8-NS,430,2637,0,3,0,2640,A
8-NS,431,0,2784,1,0,2785,T
8-NS,432,2770,0,2,0,2772,A
8-NS,433,1,0,2937,0,2938,G
8-NS,434,0,2901,0,1,2902,T
8-NS,435,2897,0,1,0,2898,A
8-NS,436,1,2885,0,3,2889,T
8-NS,437,0,2822,0,2,2824,T
8-NS,438,2888,2,2,0,2892,A
8-NS,439,0,0,0,2904,2904,C
8-NS,440,0,2784,0,2,2786,T
8-NS,441,2783,0,2,0,2785,A
8-NS,442,2547,1,0,1,2549,A
8-NS,443,2,4,2565,0,2571,G
8-NS,444,0,1,2558,0,2559,G
8-NS,445,0,1,2550,0,2551,G
8-NS,446,0,3,0,2540,2543,C
8-NS,447,0,2497,0,1,2498,T
8-NS,448,0,2490,0,6,2496,T
8-NS,449,0,2533,0,0,2533,T
8-NS,450,1,1,1,2540,2543,C
8-NS,451,2571,0,0,0,2571,A
8-NS,452,0,0,0,2579,2579,C
8-NS,453,5,1,1,2544,2551,C
8-NS,454,0,4,2554,0,2558,G
8-NS,455,2540,0,0,0,2540,A
8-NS,456,2544,0,2,0,2546,A
8-NS,457,0,0,2555,0,2555,G
8-NS,458,2524,0,6,0,2530,A
8-NS,459,1,3,2528,0,2532,G
8-NS,460,1,4,2496,0,2501,G
8-NS,461,2,7,2504,0,2513,G
8-NS,462,2494,0,7,0,2501,A
8-NS,463,0,0,2506,0,2506,G
8-NS,464,1,1,0,2480,2482,C
8-NS,465,2502,0,1,0,2503,A
8-NS,466,2502,1,2,1,2506,A
8-NS,467,0,2499,0,1,2500,T
8-NS,468,0,2496,1,0,2497,T
8-NS,469,0,0,2495,0,2495,G
8-NS,470,0,2473,1,0,2474,T
8-NS,471,1,2467,2,0,2470,T
8-NS,472,1,6,2460,0,2467,G
8-NS,473,3,0,2456,0,2459,G
8-NS,474,3,1,0,2457,2461,C
8-NS,475,2,1,2476,0,2479,G
8-NS,476,2469,0,1,0,2470,A
8-NS,477,2477,1,0,0,2478,A
8-NS,478,2476,0,2,0,2478,A
8-NS,479,0,2481,0,2,2483,T
8-NS,480,1,1,0,2483,2485,C
8-NS,481,0,2473,0,2,2475,T
8-NS,482,3,1,0,2480,2484,C
8-NS,483,2479,0,4,0,2483,A
8-NS,484,2,2,0,2491,2495,C
8-NS,485,2,2,0,2496,2500,C
8-NS,486,2478,0,0,0,2478,A
8-NS,487,0,2467,0,2,2469,T
8-NS,488,0,2438,0,1,2439,T
8-NS,489,0,1,2434,0,2435,G
8-NS,490,0,0,0,2426,2426,C
8-NS,491,6,0,1,2406,2413,C
8-NS,492,1,2424,0,4,2429,T
8-NS,493,0,2417,0,2,2419,T
8-NS,494,1,0,0,2434,2435,C
8-NS,495,0,2422,0,1,2423,T
8-NS,496,0,2425,0,2,2427,T
8-NS,497,0,2462,1,0,2463,T
8-NS,498,0,2440,1,6,2447,T
8-NS,499,1,0,0,2450,2451,C
8-NS,500,2,1,0,2452,2455,C
8-NS,501,2449,0,3,0,2452,A
8-NS,502,0,1,2483,0,2484,G
8-NS,503,0,4,2467,0,2471,G
8-NS,504,2508,0,2,0,2510,A
8-NS,505,0,3,0,2506,2509,C
8-NS,506,2536,0,1,0,2537,A
8-NS,507,1,2526,0,2,2529,T
8-NS,508,2518,3,3,0,2524,A
8-NS,509,3,0,0,2710,2713,C
8-NS,510,0,2697,0,1,2698,T
8-NS,511,2684,0,0,0,2684,A
8-NS,512,0,2665,0,4,2669,T
8-NS,513,0,2604,1,1,2606,T
8-NS,514,1,0,2609,1,2611,G
8-NS,515,2509,0,8,0,2517,A
8-NS,516,0,2,2506,0,2508,G
8-NS,517,1,3,2502,0,2506,G
8-NS,518,2289,0,3,0,2292,A
8-NS,519,0,2296,0,0,2296,T
8-NS,520,1,0,2297,0,2298,G
8-NS,521,0,2294,0,5,2299,T
8-NS,522,7,2,0,2293,2302,C
8-NS,523,2308,0,3,0,2311,A
8-NS,524,2309,0,0,0,2309,A
8-NS,525,2306,1,0,0,2307,A
8-NS,526,2307,0,0,0,2307,A
8-NS,527,2300,0,2,1,2303,A
8-NS,528,0,2292,0,1,2293,T
8-NS,529,0,0,2289,1,2290,G
8-NS,530,1,0,0,2311,2312,C
8-NS,531,2313,0,0,0,2313,A
8-NS,532,2300,0,2,0,2302,A
8-NS,533,0,2316,0,1,2317,T
8-NS,534,0,2329,0,1,2330,T
8-NS,535,0,2,2319,0,2321,G
8-NS,536,2,2,2293,0,2297,G
8-NS,537,2,1,2295,0,2298,G
8-NS,538,0,1,2320,0,2321,G
8-NS,539,0,2272,0,3,2275,T
8-NS,540,4,1,0,2290,2295,C
8-NS,541,0,1,0,2291,2292,C
8-NS,542,0,2285,1,4,2290,T
8-NS,543,4,0,0,2309,2313,C
8-NS,544,2305,0,0,0,2305,A
8-NS,545,0,2312,0,2,2314,T
8-NS,546,2,1,4,2317,2324,C
8-NS,547,1,3,2290,0,2294,G
8-NS,548,1,1,2287,0,2289,G
8-NS,549,2250,0,4,0,2254,A
8-NS,550,0,0,2261,0,2261,G
8-NS,551,0,2,2261,0,2263,G
8-NS,552,2222,0,2,0,2224,A
8-NS,553,0,1,0,2254,2255,C
8-NS,554,0,2253,0,4,2257,T
8-NS,555,0,2265,0,1,2266,T
8-NS,556,0,1,2278,0,2279,G
8-NS,557,2264,0,0,0,2264,A
8-NS,558,2266,1,2,0,2269,A
8-NS,559,0,2264,0,0,2264,T
8-NS,560,2,0,2229,0,2231,G
8-NS,561,0,2,2249,0,2251,G
8-NS,562,2208,0,0,0,2208,A
8-NS,563,2225,0,7,0,2232,A
8-NS,564,0,2313,0,0,2313,T
8-NS,565,0,5,2321,0,2326,G
8-NS,566,2330,0,4,0,2334,A
8-NS,567,0,2336,0,0,2336,T
8-NS,568,2327,0,2,0,2329,A
8-NS,569,2326,0,3,0,2329,A
8-NS,570,0,3,0,2308,2311,C
8-NS,571,2263,0,4,0,2267,A
8-NS,572,0,0,0,2287,2287,C
8-NS,573,2097,0,3,1,2101,A
8-NS,574,1,0,2133,0,2134,G
8-NS,575,0,2118,0,3,2121,T
8-NS,576,0,2106,0,1,2107,T
8-NS,577,8,0,0,2114,2122,C
8-NS,578,0,3,2100,1,2104,G
8-NS,579,2105,0,0,0,2105,A
8-NS,580,2,5,2098,0,2105,G
8-NS,581,0,2077,0,1,2078,T
8-NS,582,5,1,0,2096,2102,C
8-NS,583,1,2050,0,8,2059,T
8-NS,584,4,0,0,2064,2068,C
8-NS,585,0,2086,0,2,2088,T
8-NS,586,2087,0,1,0,2088,A
8-NS,587,2085,0,1,0,2086,A
8-NS,588,2080,0,0,0,2080,A
8-NS,589,2092,0,1,0,2093,A
8-NS,590,2090,2,1,0,2093,A
8-NS,591,0,2062,0,0,2062,T
8-NS,592,2,1,0,2086,2089,C
8-NS,593,0,2066,0,2,2068,T
8-NS,594,2066,2,1,0,2069,A
8-NS,595,0,1,1,2074,2076,C
8-NS,596,2068,0,2,0,2070,A
8-NS,597,0,1,2065,0,2066,G
8-NS,598,2029,0,1,0,2030,A
8-NS,599,0,1,2024,0,2025,G
8-NS,600,2030,0,0,0,2030,A
8-NS,601,1,2011,0,0,2012,T
8-NS,602,0,2002,0,1,2003,T
8-NS,603,6,0,0,2002,2008,C
8-NS,604,1,0,2013,0,2014,G
8-NS,605,1,0,0,2005,2006,C
8-NS,606,0,1996,0,4,2000,T
8-NS,607,0,2013,0,1,2014,T
8-NS,608,0,2,1991,0,1993,G
8-NS,609,0,2,2000,0,2002,G
8-NS,610,2005,0,3,0,2008,A
8-NS,611,0,0,2008,0,2008,G
8-NS,612,1995,0,4,1,2000,A
8-NS,613,1982,0,1,0,1983,A
8-NS,614,0,0,2010,0,2010,G
8-NS,615,1,0,0,2013,2014,C
8-NS,616,2012,0,3,0,2015,A
8-NS,617,2,0,2041,0,2043,G
8-NS,618,0,2021,0,2,2023,T
8-NS,619,2028,1,1,0,2030,A
8-NS,620,2026,0,0,1,2027,A
8-NS,621,1,2017,1,0,2019,T
8-NS,622,1,3,2027,0,2031,G
8-NS,623,1969,0,2,0,1971,A
8-NS,624,0,1,1996,0,1997,G
8-NS,625,1983,0,1,0,1984,A
8-NS,626,1921,0,0,0,1921,A
8-NS,627,0,1913,0,0,1913,T
8-NS,628,2,1,1905,0,1908,G
8-NS,629,0,1,1905,0,1906,G
8-NS,630,0,2,1896,0,1898,G
8-NS,631,2,1,1881,0,1884,G
8-NS,632,2,4,1881,0,1887,G
8-NS,633,1828,0,1,0,1829,A
8-NS,634,1,1736,0,1,1738,T
8-NS,635,0,0,0,1779,1779,C
8-NS,636,0,1770,0,2,1772,T
8-NS,637,2,0,0,1793,1795,C
8-NS,638,0,1,0,1794,1795,C
8-NS,639,1795,0,3,1,1799,A
8-NS,640,0,0,0,1799,1799,C
8-NS,641,0,1765,0,1,1766,T
8-NS,642,0,1770,0,0,1770,T
8-NS,643,1760,0,1,0,1761,A
8-NS,644,0,0,0,1767,1767,C
8-NS,645,0,1746,0,3,1749,T
8-NS,646,3,8,0,1736,1747,C
8-NS,647,0,0,0,1737,1737,C
8-NS,648,1736,0,0,0,1736,A
8-NS,649,1746,0,0,1,1747,A
8-NS,650,1749,0,2,1,1752,A
8-NS,651,1749,1,1,1,1752,A
8-NS,652,0,0,0,1751,1751,C
8-NS,653,1713,0,0,1,1714,A
8-NS,654,0,0,1713,0,1713,G
8-NS,655,1709,0,1,0,1710,A
8-NS,656,1706,0,0,0,1706,A
8-NS,657,1705,0,0,1,1706,A
8-NS,658,0,1,0,1703,1704,C
8-NS,659,4,2,1697,0,1703,G
8-NS,660,0,0,1705,0,1705,G
8-NS,661,0,1,1706,0,1707,G
8-NS,662,1708,2,0,0,1710,A
8-NS,663,1707,0,1,0,1708,A
8-NS,664,1701,0,2,0,1703,A
8-NS,665,0,1692,0,0,1692,T
8-NS,666,1,2,1702,0,1705,G
8-NS,667,1,0,1701,0,1702,G
8-NS,668,0,4,0,1681,1685,C
8-NS,669,2,1,1694,0,1697,G
8-NS,670,1689,0,2,0,1691,A
8-NS,671,1,3,1695,0,1699,G
8-NS,672,1697,0,0,0,1697,A
8-NS,673,1693,0,0,0,1693,A
8-NS,674,0,0,0,1695,1695,C
8-NS,675,1658,0,1,0,1659,A
8-NS,676,0,0,1643,0,1643,G
8-NS,677,2,0,1,1642,1645,C
8-NS,678,0,1653,0,2,1655,T
8-NS,679,1651,0,0,1,1652,A
8-NS,680,1,2,1637,0,1640,G
8-NS,681,0,0,1641,0,1641,G
8-NS,682,1,1620,0,6,1627,T
8-NS,683,2,0,0,1597,1599,C
8-NS,684,1609,0,0,0,1609,A
8-NS,685,1605,0,1,0,1606,A
8-NS,686,1607,0,0,0,1607,A
8-NS,687,1611,0,1,0,1612,A
8-NS,688,0,0,1605,0,1605,G
8-NS,689,0,1580,2,2,1584,T
8-NS,690,0,1578,1,3,1582,T
8-NS,691,0,1585,0,0,1585,T
8-NS,692,0,1,1585,0,1586,G
8-NS,693,1585,0,2,0,1587,A
8-NS,694,1587,0,1,0,1588,A
8-NS,695,0,2,1598,0,1600,G
8-NS,696,1554,0,0,0,1554,A
8-NS,697,1,0,1555,0,1556,G
8-NS,698,1554,0,1,0,1555,A
8-NS,699,0,1555,0,0,1555,T
8-NS,700,1558,0,0,0,1558,A
8-NS,701,1554,0,1,0,1555,A
8-NS,702,0,0,1549,0,1549,G
8-NS,703,1451,0,1,0,1452,A
8-NS,704,0,1438,0,0,1438,T
8-NS,705,1,2,1451,0,1454,G
8-NS,706,0,0,1448,0,1448,G
8-NS,707,0,0,0,1436,1436,C
8-NS,708,0,1440,0,0,1440,T
8-NS,709,1440,0,1,0,1441,A
8-NS,710,1434,0,1,0,1435,A
8-NS,711,0,1433,0,0,1433,T
8-NS,712,0,1435,0,1,1436,T
8-NS,713,0,3,1434,0,1437,G
8-NS,714,1411,0,0,0,1411,A
8-NS,715,1412,0,0,0,1412,A
8-NS,716,0,0,1403,0,1403,G
8-NS,717,1410,0,0,0,1410,A
8-NS,718,1389,0,0,0,1389,A
8-NS,719,0,0,1404,1,1405,G
8-NS,720,0,1370,0,0,1370,T
8-NS,721,0,1,1367,0,1368,G
8-NS,722,1359,0,1,0,1360,A
8-NS,723,1,1,1357,0,1359,G
8-NS,724,1354,1,1,0,1356,A
8-NS,725,0,0,0,1353,1353,C
8-NS,726,1344,0,1,0,1345,A
8-NS,727,0,0,0,1348,1348,C
8-NS,728,1258,0,1,0,1259,A
8-NS,729,0,1,1273,0,1274,G
8-NS,730,1273,0,1,0,1274,A
8-NS,731,1,1256,0,1,1258,T
8-NS,732,0,1258,0,1,1259,T
8-NS,733,1261,0,0,0,1261,A
8-NS,734,1257,0,1,0,1258,A
8-NS,735,1257,0,0,0,1257,A
8-NS,736,1252,0,0,0,1252,A
8-NS,737,1250,0,0,0,1250,A
8-NS,738,0,0,0,1188,1188,C
8-NS,739,1141,0,1,0,1142,A
8-NS,740,1143,0,0,0,1143,A
8-NS,741,2,1,0,1139,1142,C
8-NS,742,0,1127,0,3,1130,T
8-NS,743,0,1,1141,1,1143,G
8-NS,744,1148,0,0,0,1148,A
8-NS,745,1148,0,1,0,1149,A
8-NS,746,1145,0,0,0,1145,A
8-NS,747,1132,1,0,0,1133,A
8-NS,748,0,1122,0,1,1123,T
8-NS,749,1093,0,1,0,1094,A
8-NS,750,0,0,1087,0,1087,G
8-NS,751,0,1,0,1088,1089,C
8-NS,752,0,1069,0,0,1069,T
8-NS,753,0,1064,0,2,1066,T
8-NS,754,0,1058,0,0,1058,T
8-NS,755,0,1,1063,0,1064,G
8-NS,756,1058,0,2,0,1060,A
8-NS,757,1060,0,0,0,1060,A
8-NS,758,0,0,0,1068,1068,C
8-NS,759,1041,0,1,0,1042,A
8-NS,760,1038,1,1,0,1040,A
8-NS,761,1043,0,0,0,1043,A
8-NS,762,0,1035,0,0,1035,T
8-NS,763,1040,0,0,0,1040,A
8-NS,764,1014,0,0,0,1014,A
8-NS,765,1,0,0,1010,1011,C
8-NS,766,1012,0,0,0,1012,A
8-NS,767,0,991,0,0,991,T
8-NS,768,0,968,0,1,969,T
8-NS,769,2,0,0,955,957,C
8-NS,770,952,0,0,0,952,A
8-NS,771,0,943,0,1,944,T
8-NS,772,0,0,948,0,948,G
8-NS,773,0,0,1,927,928,C
8-NS,774,929,0,1,0,930,A
8-NS,775,923,0,1,0,924,A
8-NS,776,0,0,917,0,917,G
8-NS,777,0,0,0,924,924,C
8-NS,778,908,0,0,0,908,A
8-NS,779,0,902,0,2,904,T
8-NS,780,0,901,0,0,901,T
8-NS,781,898,0,1,0,899,A
8-NS,782,0,1,0,899,900,C
8-NS,783,889,0,1,0,890,A
8-NS,784,878,0,1,0,879,A
8-NS,785,0,0,0,874,874,C
8-NS,786,0,741,0,0,741,T
8-NS,787,0,0,736,0,736,G
8-NS,788,0,0,0,722,722,C
8-NS,789,0,685,0,3,688,T
8-NS,790,0,0,690,0,690,G
8-NS,791,0,679,0,0,679,T
8-NS,792,0,679,0,0,679,T
8-NS,793,0,679,0,0,679,T
8-NS,794,0,2,667,0,669,G
8-NS,795,672,0,2,0,674,A
8-NS,796,664,0,1,0,665,A
8-NS,797,1,0,660,0,661,G
8-NS,798,0,654,0,1,655,T
8-NS,799,0,0,618,0,618,G
8-NS,800,0,0,618,0,618,G
8-NS,801,614,1,3,0,618,A
8-NS,802,612,0,2,0,614,A
8-NS,803,0,0,0,616,616,C
8-NS,804,594,0,1,0,595,A
8-NS,805,1,1,594,0,596,G
8-NS,806,0,1,586,0,587,G
8-NS,807,574,0,0,0,574,A
8-NS,808,0,0,571,0,571,G
8-NS,809,472,0,0,0,472,A
8-NS,810,0,471,0,0,471,T
8-NS,811,470,0,0,0,470,A
8-NS,812,467,0,0,0,467,A
8-NS,813,0,1,465,0,466,G
8-NS,814,424,0,0,0,424,A
8-NS,815,419,0,0,0,419,A
8-NS,816,0,0,0,414,414,C
8-NS,817,0,352,0,1,353,T
8-NS,818,0,351,0,1,352,T
8-NS,819,0,349,0,2,351,T
8-NS,820,0,0,2,350,352,C
8-NS,821,0,339,0,0,339,T
8-NS,822,2,0,0,331,333,C
8-NS,823,322,0,0,0,322,A
8-NS,824,0,319,0,0,319,T
8-NS,825,0,310,0,2,312,T
8-NS,826,1,310,0,0,311,T
8-NS,827,0,0,0,311,311,C
8-NS,828,295,1,0,0,296,A
8-NS,829,1,0,292,0,293,G
8-NS,830,0,0,0,295,295,C
8-NS,831,0,271,0,0,271,T
8-NS,832,0,267,0,0,267,T
8-NS,833,257,0,0,0,257,A
8-NS,834,0,257,0,0,257,T
8-NS,835,0,257,0,0,257,T
8-NS,836,0,254,0,0,254,T
8-NS,837,248,0,0,0,248,A
8-NS,838,246,0,0,0,246,A
8-NS,839,0,236,0,0,236,T
8-NS,840,0,0,234,0,234,G
8-NS,841,226,0,0,0,226,A
8-NS,842,0,204,0,0,204,T
8-NS,843,199,0,0,0,199,A
8-NS,844,199,0,0,0,199,A
8-NS,845,197,0,0,0,197,A
8-NS,846,199,0,0,0,199,A
8-NS,847,195,0,0,0,195,A
8-NS,848,194,0,0,0,194,A
8-NS,849,0,0,0,193,193,C
8-NS,850,153,0,0,0,153,A
8-NS,851,0,0,0,162,162,C
8-NS,852,1,0,0,154,155,C
8-NS,853,0,0,0,147,147,C
8-NS,854,0,139,0,0,139,T
8-NS,855,0,139,0,0,139,T
8-NS,856,0,0,138,0,138,G
8-NS,857,0,129,0,0,129,T
8-NS,858,0,129,0,0,129,T
8-NS,859,0,125,0,0,125,T
8-NS,860,0,0,0,60,60,C
8-NS,861,0,46,0,0,46,T
8-NS,862,44,0,0,0,44,A
8-NS,863,0,0,0,42,42,C
