Gene,Position,A,T,G,C,Coverage,Consensus
1-PB2,1,390,0,0,0,390,A
1-PB2,2,0,394,0,0,394,T
1-PB2,3,0,0,402,0,402,G
1-PB2,4,0,0,402,0,402,G
1-PB2,5,400,0,1,0,401,A
1-PB2,6,403,0,0,0,403,A
1-PB2,7,402,0,0,0,402,A
1-PB2,8,0,0,463,0,463,G
1-PB2,9,463,0,1,0,464,A
1-PB2,10,467,0,1,0,468,A
1-PB2,11,0,478,0,0,478,T
1-PB2,12,477,0,0,0,477,A
1-PB2,13,478,0,0,0,478,A
1-PB2,14,476,0,1,0,477,A
1-PB2,15,478,0,1,0,479,A
1-PB2,16,0,1,497,0,498,G
1-PB2,17,496,1,0,0,497,A
1-PB2,18,501,0,0,0,501,A
1-PB2,19,0,0,0,511,511,C
1-PB2,20,0,510,0,0,510,T
1-PB2,21,523,0,0,0,523,A
1-PB2,22,0,2,0,523,525,C
1-PB2,23,0,1,525,0,526,G
1-PB2,24,0,1,529,0,530,G
1-PB2,25,527,0,0,0,527,A
1-PB2,26,552,0,0,0,552,A
1-PB2,27,0,554,0,0,554,T
1-PB2,28,0,0,0,554,554,C
1-PB2,29,0,552,0,1,553,T
1-PB2,30,0,3,554,0,557,G
1-PB2,31,555,0,1,0,556,A
1-PB2,32,0,560,0,0,560,T
1-PB2,33,0,0,556,0,556,G
1-PB2,34,0,563,0,0,563,T
1-PB2,35,2,0,0,554,556,C
1-PB2,36,0,0,554,0,554,G
1-PB2,37,0,1,0,556,557,C
1-PB2,38,554,0,2,0,556,A
1-PB2,39,0,0,585,0,585,G
1-PB2,40,0,587,0,0,587,T
1-PB2,41,4,1,0,588,593,C
1-PB2,42,0,589,0,2,591,T
1-PB2,43,1,0,0,592,593,C
1-PB2,44,0,0,590,0,590,G
1-PB2,45,0,0,0,592,592,C
1-PB2,46,591,0,0,0,591,A
1-PB2,47,0,1,0,598,599,C
1-PB2,48,0,588,0,1,589,T
1-PB2,49,2,0,0,601,603,C
1-PB2,50,0,0,605,0,605,G
1-PB2,51,1,0,0,607,608,C
1-PB2,52,0,4,604,0,608,G
1-PB2,53,609,1,2,0,612,A
1-PB2,54,0,0,618,0,618,G
1-PB2,55,634,0,2,0,636,A
1-PB2,56,0,633,0,0,633,T
1-PB2,57,633,0,1,0,634,A
1-PB2,58,0,0,0,633,633,C
1-PB2,59,0,625,0,0,625,T
1-PB2,60,0,4,642,0,646,G
1-PB2,61,645,0,1,0,646,A
1-PB2,62,0,0,0,649,649,C
1-PB2,63,648,0,0,0,648,A
1-PB2,64,648,0,0,0,648,A
1-PB2,65,666,0,0,0,666,A
1-PB2,66,676,0,0,0,676,A
1-PB2,67,676,0,0,0,676,A
1-PB2,68,0,0,0,688,688,C
1-PB2,69,1,0,0,681,682,C
1-PB2,70,692,0,1,0,693,A
1-PB2,71,1,0,0,708,709,C
1-PB2,72,705,0,0,0,705,A
1-PB2,73,0,0,729,0,729,G
1-PB2,74,0,726,0,0,726,T
1-PB2,75,0,3,749,0,752,G
1-PB2,76,0,2,753,0,755,G
1-PB2,77,754,0,2,0,756,A
1-PB2,78,0,0,0,793,793,C
1-PB2,79,3,1,0,779,783,C
1-PB2,80,790,0,2,0,792,A
1-PB2,81,0,791,0,0,791,T
1-PB2,82,787,0,0,0,787,A
1-PB2,83,0,784,0,0,784,T
1-PB2,84,0,3,781,0,784,G
1-PB2,85,0,0,786,0,786,G
1-PB2,86,0,0,0,787,787,C
1-PB2,87,4,0,0,766,770,C
1-PB2,88,766,0,2,0,768,A
1-PB2,89,0,821,0,0,821,T
1-PB2,90,824,0,1,0,825,A
1-PB2,91,861,0,0,0,861,A
1-PB2,92,0,861,0,0,861,T
1-PB2,93,0,855,0,0,855,T
1-PB2,94,870,0,0,0,870,A
1-PB2,95,869,0,0,0,869,A
1-PB2,96,0,2,895,0,897,G
1-PB2,97,893,0,0,0,893,A
1-PB2,98,869,2,0,0,871,A
1-PB2,99,0,0,920,0,920,G
1-PB2,100,0,897,0,0,897,T
1-PB2,101,897,0,0,0,897,A
1-PB2,102,0,1,0,901,902,C
1-PB2,103,899,0,0,0,899,A
1-PB2,104,0,0,0,940,940,C
1-PB2,105,937,0,0,0,937,A
1-PB2,106,0,937,0,1,938,T
1-PB2,107,1,0,0,943,944,C
1-PB2,108,0,4,933,0,937,G
1-PB2,109,0,3,934,0,937,G
1-PB2,110,1,4,933,0,938,G
1-PB2,111,0,8,928,0,936,G
1-PB2,112,932,0,2,0,934,A
1-PB2,113,0,5,933,0,938,G
1-PB2,114,934,0,2,0,936,A
1-PB2,115,0,0,0,948,948,C
1-PB2,116,945,0,0,0,945,A
1-PB2,117,0,0,958,0,958,G
1-PB2,118,0,3,968,0,971,G
1-PB2,119,972,0,0,0,972,A
1-PB2,120,971,0,2,0,973,A
1-PB2,121,973,0,3,0,976,A
1-PB2,122,966,0,3,0,969,A
1-PB2,123,0,3,971,0,974,G
1-PB2,124,970,0,1,0,971,A
1-PB2,125,978,0,3,0,981,A
1-PB2,126,0,0,0,978,978,C
1-PB2,127,1,0,0,969,970,C
1-PB2,128,2,0,0,967,969,C
1-PB2,129,1,0,966,0,967,G
1-PB2,130,0,962,0,5,967,T
1-PB2,131,3,0,0,970,973,C
1-PB2,132,983,0,0,0,983,A
1-PB2,133,0,0,0,996,996,C
1-PB2,134,0,990,0,1,991,T
1-PB2,135,0,986,0,0,986,T
1-PB2,136,990,0,0,0,990,A
1-PB2,137,0,2,1000,0,1002,G
1-PB2,138,0,1,1002,0,1003,G
1-PB2,139,1003,0,0,0,1003,A
1-PB2,140,0,996,0,0,996,T
1-PB2,141,0,6,1009,0,1015,G
1-PB2,142,1022,0,1,0,1023,A
1-PB2,143,1023,0,1,0,1024,A
1-PB2,144,1024,0,1,0,1025,A
1-PB2,145,1,1024,0,0,1025,T
1-PB2,146,1,3,1022,0,1026,G
1-PB2,147,1,1,1031,0,1033,G
1-PB2,148,1026,0,2,0,1028,A
1-PB2,149,0,1031,0,0,1031,T
1-PB2,150,0,4,1017,0,1021,G
1-PB2,151,1004,0,1,0,1005,A
1-PB2,152,0,1008,0,1,1009,T
1-PB2,153,0,2,1016,0,1018,G
1-PB2,154,0,1,1013,0,1014,G
1-PB2,155,1,0,1,1012,1014,C
1-PB2,156,1000,0,1,0,1001,A
1-PB2,157,1008,0,1,0,1009,A
1-PB2,158,0,1011,0,2,1013,T
1-PB2,159,0,4,1049,0,1053,G
1-PB2,160,1050,1,1,0,1052,A
1-PB2,161,1042,0,2,0,1044,A
1-PB2,162,1047,0,0,0,1047,A
1-PB2,163,0,1054,0,0,1054,T
1-PB2,164,1058,0,0,0,1058,A
1-PB2,165,1,0,0,1091,1092,C
1-PB2,166,3,1,0,1078,1082,C
1-PB2,167,11,1,0,1076,1088,C
1-PB2,168,1073,0,1,0,1074,A
1-PB2,169,1074,0,1,0,1075,A
1-PB2,170,0,1077,0,0,1077,T
1-PB2,171,3,0,0,1078,1081,C
1-PB2,172,1073,0,1,0,1074,A
1-PB2,173,0,0,0,1102,1102,C
1-PB2,174,0,1077,0,0,1077,T
1-PB2,175,6,0,1077,0,1083,G
1-PB2,176,1,0,1,1081,1083,C
1-PB2,177,0,1067,1,4,1072,T
1-PB2,178,0,7,1079,0,1086,G
1-PB2,179,1081,0,2,0,1083,A
1-PB2,180,0,0,0,1096,1096,C
1-PB2,181,1091,0,1,0,1092,A
1-PB2,182,1079,0,2,0,1081,A
1-PB2,183,1083,0,1,0,1084,A
1-PB2,184,1070,0,4,0,1074,A
1-PB2,185,0,1,1093,0,1094,G
1-PB2,186,0,4,1088,0,1092,G
1-PB2,187,1093,0,2,0,1095,A
1-PB2,188,0,1096,0,0,1096,T
1-PB2,189,1086,0,0,0,1086,A
1-PB2,190,1082,0,2,0,1084,A
1-PB2,191,0,1,0,1084,1085,C
1-PB2,192,1,3,1063,1,1068,G
1-PB2,193,0,1,1083,0,1084,G
1-PB2,194,1079,0,1,0,1080,A
1-PB2,195,1083,0,0,0,1083,A
1-PB2,196,1080,1,0,0,1081,A
1-PB2,197,0,1087,0,0,1087,T
1-PB2,198,7,5,1077,0,1089,G
1-PB2,199,0,0,1099,0,1099,G
1-PB2,200,0,1091,0,0,1091,T
1-PB2,201,0,1090,0,1,1091,T
1-PB2,202,4,0,0,1089,1093,C
1-PB2,203,5,1,0,1086,1092,C
1-PB2,204,2,6,1083,0,1091,G
1-PB2,205,0,3,1088,0,1091,G
1-PB2,206,1085,0,2,0,1087,A
1-PB2,207,0,4,1089,0,1093,G
1-PB2,208,1073,0,0,0,1073,A
1-PB2,209,0,2,1096,0,1098,G
1-PB2,210,1100,0,0,0,1100,A
1-PB2,211,1100,0,0,0,1100,A
1-PB2,212,1101,0,0,0,1101,A
1-PB2,213,0,1099,0,0,1099,T
1-PB2,214,0,8,1112,0,1120,G
1-PB2,215,1125,0,0,0,1125,A
1-PB2,216,1123,0,2,0,1125,A
1-PB2,217,0,1,0,1125,1126,C
1-PB2,218,1108,0,0,0,1108,A
1-PB2,219,1106,1,2,0,1109,A
1-PB2,220,0,1,1141,0,1142,G
1-PB2,221,0,2,1156,0,1158,G
1-PB2,222,1160,0,1,0,1161,A
1-PB2,223,0,0,0,1149,1149,C
1-PB2,224,1137,0,0,0,1137,A
1-PB2,225,1137,0,3,0,1140,A
1-PB2,226,1138,0,1,0,1139,A
1-PB2,227,1,0,0,1133,1134,C
1-PB2,228,5,0,0,1079,1084,C
1-PB2,229,9,0,0,1189,1198,C
1-PB2,230,0,1195,0,1,1196,T
1-PB2,231,1202,0,0,0,1202,A
1-PB2,232,0,1199,0,1,1200,T
1-PB2,233,0,4,1207,0,1211,G
1-PB2,234,0,9,1230,0,1239,G
1-PB2,235,1162,0,1,0,1163,A
1-PB2,236,1,0,1168,0,1169,G
1-PB2,237,0,1163,0,1,1164,T
1-PB2,238,1161,0,0,0,1161,A
1-PB2,239,1166,0,0,0,1166,A
1-PB2,240,1158,0,1,0,1159,A
1-PB2,241,1158,0,1,0,1159,A
1-PB2,242,0,1142,0,1,1143,T
1-PB2,243,0,8,1138,0,1146,G
1-PB2,244,1116,0,1,0,1117,A
1-PB2,245,0,0,1121,0,1121,G
1-PB2,246,0,1114,0,1,1115,T
1-PB2,247,0,3,1111,0,1114,G
1-PB2,248,1137,0,0,0,1137,A
1-PB2,249,0,1147,0,0,1147,T
1-PB2,250,0,0,1151,0,1151,G
1-PB2,251,0,0,0,1144,1144,C
1-PB2,252,0,1140,0,0,1140,T
1-PB2,253,0,4,1181,0,1185,G
1-PB2,254,0,4,1181,0,1185,G
1-PB2,255,1200,0,0,0,1200,A
1-PB2,256,0,1188,1,3,1192,T
1-PB2,257,8,1,0,1193,1202,C
1-PB2,258,1206,0,1,0,1207,A
1-PB2,259,0,1,1232,0,1233,G
1-PB2,260,1231,0,0,0,1231,A
1-PB2,261,1,1233,0,0,1234,T
1-PB2,262,1197,0,0,0,1197,A
1-PB2,263,0,7,1224,0,1231,G
1-PB2,264,1217,0,3,0,1220,A
1-PB2,265,0,1,1243,0,1244,G
1-PB2,266,0,1220,0,0,1220,T
1-PB2,267,0,5,1200,0,1205,G
1-PB2,268,1186,0,0,0,1186,A
1-PB2,269,0,1190,0,0,1190,T
1-PB2,270,3,4,1213,0,1220,G
1-PB2,271,0,0,1237,0,1237,G
1-PB2,272,1,1214,0,1,1216,T
1-PB2,273,1220,0,0,0,1220,A
1-PB2,274,0,1200,0,0,1200,T
1-PB2,275,1,0,0,1202,1203,C
1-PB2,276,1226,0,0,0,1226,A
1-PB2,277,0,0,0,1266,1266,C
1-PB2,278,3,0,0,1258,1261,C
1-PB2,279,0,1238,0,0,1238,T
1-PB2,280,0,1226,0,0,1226,T
1-PB2,281,0,1226,0,0,1226,T
1-PB2,282,2,1,1231,0,1234,G
1-PB2,283,0,1,1235,0,1236,G
1-PB2,284,1,0,0,1257,1258,C
1-PB2,285,0,1233,0,2,1235,T
1-PB2,286,0,0,1241,0,1241,G
1-PB2,287,0,1245,0,0,1245,T
1-PB2,288,1248,0,0,0,1248,A
1-PB2,289,1251,0,3,0,1254,A
1-PB2,290,0,0,0,1257,1257,C
1-PB2,291,1232,1,0,0,1233,A
1-PB2,292,0,1234,0,1,1235,T
1-PB2,293,0,4,1217,0,1221,G
1-PB2,294,0,0,1252,0,1252,G
1-PB2,295,0,1245,0,2,1247,T
1-PB2,296,0,4,1244,0,1248,G
1-PB2,297,0,0,1267,0,1267,G
1-PB2,298,1262,0,0,1,1263,A
1-PB2,299,1266,0,1,0,1267,A
1-PB2,300,0,1266,0,0,1266,T
1-PB2,301,1257,0,1,0,1258,A
1-PB2,302,0,3,1287,0,1290,G
1-PB2,303,1270,0,0,0,1270,A
1-PB2,304,1274,0,0,0,1274,A
1-PB2,305,1274,0,0,0,1274,A
1-PB2,306,0,1243,0,1,1244,T
1-PB2,307,0,4,1239,0,1243,G
1-PB2,308,0,6,1234,0,1240,G
1-PB2,309,1240,0,4,0,1244,A
1-PB2,310,0,0,0,1253,1253,C
1-PB2,311,2,0,0,1237,1239,C
1-PB2,312,11,2,0,1218,1231,C
1-PB2,313,1,0,1241,0,1242,G
1-PB2,314,0,1249,0,0,1249,T
1-PB2,315,0,8,1259,0,1267,G
1-PB2,316,1276,0,2,0,1278,A
1-PB2,317,1,1,0,1273,1275,C
1-PB2,318,1277,0,2,0,1279,A
1-PB2,319,1271,0,0,0,1271,A
1-PB2,320,0,0,1307,0,1307,G
1-PB2,321,0,1293,0,2,1295,T
1-PB2,322,1297,0,0,0,1297,A
1-PB2,323,0,3,0,1284,1287,C
1-PB2,324,1,6,1253,0,1260,G
1-PB2,325,0,0,1299,0,1299,G
1-PB2,326,0,1285,0,0,1285,T
1-PB2,327,10,1,0,1293,1304,C
1-PB2,328,11,0,0,1292,1303,C
1-PB2,329,1286,0,1,0,1287,A
1-PB2,330,0,1294,0,2,1296,T
1-PB2,331,0,1295,0,0,1295,T
1-PB2,332,1368,0,1,0,1369,A
1-PB2,333,0,0,0,1366,1366,C
1-PB2,334,3,0,0,1321,1324,C
1-PB2,335,7,0,0,1321,1328,C
1-PB2,336,1310,0,2,0,1312,A
1-PB2,337,1317,0,2,0,1319,A
1-PB2,338,1318,0,0,0,1318,A
1-PB2,339,1316,0,0,1,1317,A
1-PB2,340,1,0,1333,0,1334,G
1-PB2,341,0,1274,2,1,1277,T
1-PB2,342,0,0,1314,0,1314,G
1-PB2,343,0,1309,0,2,1311,T
1-PB2,344,1316,1,0,0,1317,A
1-PB2,345,0,0,0,1317,1317,C
1-PB2,346,1310,0,2,0,1312,A
1-PB2,347,1309,0,2,0,1311,A
1-PB2,348,0,7,1319,0,1326,G
1-PB2,349,1309,0,2,0,1311,A
1-PB2,350,0,0,0,1316,1316,C
1-PB2,351,0,1292,0,1,1293,T
1-PB2,352,1,1301,0,0,1302,T
1-PB2,353,1298,0,0,0,1298,A
1-PB2,354,0,1300,0,0,1300,T
1-PB2,355,0,1298,0,2,1300,T
1-PB2,356,0,1297,0,0,1297,T
1-PB2,357,3,0,0,1277,1280,C
1-PB2,358,1,5,1271,0,1277,G
1-PB2,359,1273,0,2,0,1275,A
1-PB2,360,1,0,0,1275,1276,C
1-PB2,361,1270,0,0,0,1270,A
1-PB2,362,1272,0,0,0,1272,A
1-PB2,363,1271,0,1,0,1272,A
1-PB2,364,0,0,1295,0,1295,G
1-PB2,365,0,1291,0,0,1291,T
1-PB2,366,6,0,0,1285,1291,C
1-PB2,367,0,7,1290,0,1297,G
1-PB2,368,1287,1,0,0,1288,A
1-PB2,369,1290,0,1,0,1291,A
1-PB2,370,1292,0,3,0,1295,A
1-PB2,371,3,3,1339,0,1345,G
1-PB2,372,0,0,1340,0,1340,G
1-PB2,373,0,1333,0,1,1334,T
1-PB2,374,0,1337,0,0,1337,T
1-PB2,375,1336,0,0,0,1336,A
1-PB2,376,1334,1,1,1,1337,A
1-PB2,377,1336,0,1,0,1337,A
1-PB2,378,1353,0,0,0,1353,A
1-PB2,379,0,0,0,1356,1356,C
1-PB2,380,1321,0,0,0,1321,A
1-PB2,381,1,1317,0,0,1318,T
1-PB2,382,1,2,1309,0,1312,G
1-PB2,383,0,1,1318,0,1319,G
1-PB2,384,1323,0,1,0,1324,A
1-PB2,385,1330,0,2,0,1332,A
1-PB2,386,0,0,0,1368,1368,C
1-PB2,387,4,0,0,1389,1393,C
1-PB2,388,0,1379,0,1,1380,T
1-PB2,389,1,1382,0,0,1383,T
1-PB2,390,0,1377,0,1,1378,T
1-PB2,391,1,3,1378,0,1382,G
1-PB2,392,1,1,1382,0,1384,G
1-PB2,393,2,0,0,1389,1391,C
1-PB2,394,2,0,0,1374,1376,C
1-PB2,395,6,0,0,1358,1364,C
1-PB2,396,0,1314,0,0,1314,T
1-PB2,397,0,0,1338,0,1338,G
1-PB2,398,0,1337,0,1,1338,T
1-PB2,399,0,1338,0,0,1338,T
1-PB2,400,15,0,0,1324,1339,C
1-PB2,401,1322,0,0,0,1322,A
1-PB2,402,0,1323,1,1,1325,T
1-PB2,403,0,1321,0,1,1322,T
1-PB2,404,0,1318,0,1,1319,T
1-PB2,405,0,1324,0,1,1325,T
1-PB2,406,1299,0,0,0,1299,A
1-PB2,407,0,3,1301,0,1304,G
1-PB2,408,1295,0,1,0,1296,A
1-PB2,409,1297,0,1,0,1298,A
1-PB2,410,1300,0,1,0,1301,A
1-PB2,411,1,1288,0,1,1290,T
1-PB2,412,8,0,0,1287,1295,C
1-PB2,413,1297,0,0,0,1297,A
1-PB2,414,1310,0,0,0,1310,A
1-PB2,415,0,0,1317,0,1317,G
1-PB2,416,0,1313,0,2,1315,T
1-PB2,417,10,0,0,1312,1322,C
1-PB2,418,1329,0,0,0,1329,A
1-PB2,419,1333,0,3,0,1336,A
1-PB2,420,11,1,1320,0,1332,G
1-PB2,421,1329,0,2,0,1331,A
1-PB2,422,0,1332,0,0,1332,T
1-PB2,423,1347,0,1,0,1348,A
1-PB2,424,0,0,0,1344,1344,C
1-PB2,425,1,1,1343,0,1345,G
1-PB2,426,0,0,0,1376,1376,C
1-PB2,427,1372,0,1,0,1373,A
1-PB2,428,0,3,1385,0,1388,G
1-PB2,429,1385,0,0,0,1385,A
1-PB2,430,1383,0,2,0,1385,A
1-PB2,431,0,3,1415,0,1418,G
1-PB2,432,1377,0,1,0,1378,A
1-PB2,433,0,0,1389,0,1389,G
1-PB2,434,0,1370,0,0,1370,T
1-PB2,435,1362,0,0,0,1362,A
1-PB2,436,0,3,1377,0,1380,G
1-PB2,437,1352,0,1,0,1353,A
1-PB2,438,0,1,0,1417,1418,C
1-PB2,439,1386,1,0,0,1387,A
1-PB2,440,0,1357,0,0,1357,T
1-PB2,441,1340,0,0,0,1340,A
1-PB2,442,1340,1,2,0,1343,A
1-PB2,443,1344,0,6,0,1350,A
1-PB2,444,1,0,0,1361,1362,C
1-PB2,445,4,0,0,1347,1351,C
1-PB2,446,6,0,0,1327,1333,C
1-PB2,447,0,1244,0,2,1246,T
1-PB2,448,0,3,1252,0,1255,G
1-PB2,449,0,0,1291,0,1291,G
1-PB2,450,0,1291,0,2,1293,T
1-PB2,451,10,0,0,1273,1283,C
1-PB2,452,1295,0,0,0,1295,A
1-PB2,453,0,1289,0,0,1289,T
1-PB2,454,0,0,1301,0,1301,G
1-PB2,455,1,0,0,1298,1299,C
1-PB2,456,1287,0,7,0,1294,A
1-PB2,457,0,3,1296,0,1299,G
1-PB2,458,1275,0,0,0,1275,A
1-PB2,459,1,0,0,1290,1291,C
1-PB2,460,5,0,0,1284,1289,C
1-PB2,461,1,1252,0,1,1254,T
1-PB2,462,1,0,0,1256,1257,C
1-PB2,463,1248,0,0,0,1248,A
1-PB2,464,0,0,1272,0,1272,G
1-PB2,465,1,1266,0,0,1267,T
1-PB2,466,2,1,1265,0,1268,G
1-PB2,467,0,0,0,1261,1261,C
1-PB2,468,4,0,0,1241,1245,C
1-PB2,469,1249,0,2,1,1252,A
1-PB2,470,1244,0,2,0,1246,A
1-PB2,471,1243,0,2,0,1245,A
1-PB2,472,0,4,1240,0,1244,G
1-PB2,473,1201,0,0,0,1201,A
1-PB2,474,0,3,1205,0,1208,G
1-PB2,475,0,0,1204,0,1204,G
1-PB2,476,0,0,0,1204,1204,C
1-PB2,477,1201,0,0,0,1201,A
1-PB2,478,0,0,0,1211,1211,C
1-PB2,479,1207,0,1,0,1208,A
1-PB2,480,1256,0,0,0,1256,A
1-PB2,481,0,3,1257,0,1260,G
1-PB2,482,1285,0,3,0,1288,A
1-PB2,483,0,1279,0,1,1280,T
1-PB2,484,0,0,1278,0,1278,G
1-PB2,485,1,1281,0,0,1282,T
1-PB2,486,1287,0,0,0,1287,A
1-PB2,487,1288,0,0,0,1288,A
1-PB2,488,0,1281,0,1,1282,T
1-PB2,489,0,1226,0,0,1226,T
1-PB2,490,1218,0,0,0,1218,A
1-PB2,491,0,1182,0,0,1182,T
1-PB2,492,0,3,1178,0,1181,G
1-PB2,493,0,1,1187,0,1188,G
1-PB2,494,1180,0,0,0,1180,A
1-PB2,495,1174,0,2,0,1176,A
1-PB2,496,0,0,1175,0,1175,G
1-PB2,497,1,1170,0,0,1171,T
1-PB2,498,0,1166,0,0,1166,T
1-PB2,499,0,0,1179,0,1179,G
1-PB2,500,0,1167,0,2,1169,T
1-PB2,501,0,1166,0,1,1167,T
1-PB2,502,0,1166,0,0,1166,T
1-PB2,503,0,1161,0,1,1162,T
1-PB2,504,0,1167,0,1,1168,T
1-PB2,505,3,0,0,1168,1171,C
1-PB2,506,5,0,0,1164,1169,C
1-PB2,507,6,1,0,1168,1175,C
1-PB2,508,1166,0,0,0,1166,A
1-PB2,509,1174,0,0,0,1174,A
1-PB2,510,0,1173,0,2,1175,T
1-PB2,511,0,2,1186,0,1188,G
1-PB2,512,1185,0,0,0,1185,A
1-PB2,513,1178,0,1,0,1179,A
1-PB2,514,0,0,1198,0,1198,G
1-PB2,515,0,1189,0,0,1189,T
1-PB2,516,2,11,1170,0,1183,G
1-PB2,517,0,2,1180,0,1182,G
1-PB2,518,0,6,1176,0,1182,G
1-PB2,519,1181,0,3,0,1184,A
1-PB2,520,2,1,1177,0,1180,G
1-PB2,521,2,1,0,1172,1175,C
1-PB2,522,2,0,0,1182,1184,C
1-PB2,523,1168,0,2,0,1170,A
1-PB2,524,1,4,1188,0,1193,G
1-PB2,525,0,4,1199,0,1203,G
1-PB2,526,1198,1,1,0,1200,A
1-PB2,527,0,1191,0,0,1191,T
1-PB2,528,1197,0,0,0,1197,A
1-PB2,529,0,4,0,1186,1190,C
1-PB2,530,1,1182,0,1,1184,T
1-PB2,531,1184,0,0,0,1184,A
1-PB2,532,1182,0,0,1,1183,A
1-PB2,533,0,5,0,1177,1182,C
1-PB2,534,1158,0,0,0,1158,A
1-PB2,535,0,1143,0,1,1144,T
1-PB2,536,0,0,0,1143,1143,C
1-PB2,537,1134,0,1,0,1135,A
1-PB2,538,0,2,1153,0,1155,G
1-PB2,539,1153,0,0,0,1153,A
1-PB2,540,1157,0,0,0,1157,A
1-PB2,541,0,1145,0,0,1145,T
1-PB2,542,3,0,0,1130,1133,C
1-PB2,543,1133,0,0,0,1133,A
1-PB2,544,0,0,0,1164,1164,C
1-PB2,545,1164,0,0,0,1164,A
1-PB2,546,1174,1,0,0,1175,A
1-PB2,547,0,1145,0,3,1148,T
1-PB2,548,1,1154,1,0,1156,T
1-PB2,549,1165,0,1,0,1166,A
1-PB2,550,1163,0,0,0,1163,A
1-PB2,551,0,0,0,1178,1178,C
1-PB2,552,1170,0,0,0,1170,A
1-PB2,553,1155,0,0,0,1155,A
1-PB2,554,0,1153,0,15,1168,T
1-PB2,555,1165,0,1,0,1166,A
1-PB2,556,1171,0,0,0,1171,A
1-PB2,557,0,0,0,1170,1170,C
1-PB2,558,0,1168,0,0,1168,T
1-PB2,559,1171,1,0,0,1172,A
1-PB2,560,1161,1,0,0,1162,A
1-PB2,561,1168,0,2,0,1170,A
1-PB2,562,0,10,1163,0,1173,G
1-PB2,563,1138,0,2,0,1140,A
1-PB2,564,0,2,1144,0,1146,G
1-PB2,565,1146,0,1,0,1147,A
1-PB2,566,1151,0,2,0,1153,A
1-PB2,567,1151,0,1,0,1152,A
1-PB2,568,1149,0,1,1,1151,A
1-PB2,569,1160,0,0,0,1160,A
1-PB2,570,1153,0,2,0,1155,A
1-PB2,571,0,2,1162,0,1164,G
1-PB2,572,1161,0,1,0,1162,A
1-PB2,573,1149,0,0,0,1149,A
1-PB2,574,0,3,1147,0,1150,G
1-PB2,575,1157,0,0,0,1157,A
1-PB2,576,1156,0,1,0,1157,A
1-PB2,577,0,0,0,1174,1174,C
1-PB2,578,0,1156,0,3,1159,T
1-PB2,579,5,0,0,1164,1169,C
1-PB2,580,5,1,0,1159,1165,C
1-PB2,581,0,3,1164,0,1167,G
1-PB2,582,1163,0,1,0,1164,A
1-PB2,583,0,0,1168,0,1168,G
1-PB2,584,1162,0,0,0,1162,A
1-PB2,585,0,1161,0,0,1161,T
1-PB2,586,0,1143,0,1,1144,T
1-PB2,587,0,1,1143,0,1144,G
1-PB2,588,0,0,0,1138,1138,C
1-PB2,589,1150,0,0,0,1150,A
1-PB2,590,1150,0,0,0,1150,A
1-PB2,591,1148,0,0,0,1148,A
1-PB2,592,1154,0,0,0,1154,A
1-PB2,593,0,1154,0,0,1154,T
1-PB2,594,0,1153,0,0,1153,T
1-PB2,595,1,1147,0,1,1149,T
1-PB2,596,0,0,0,1154,1154,C
1-PB2,597,0,1149,0,1,1150,T
1-PB2,598,9,0,0,1394,1403,C
1-PB2,599,2,0,0,1420,1422,C
1-PB2,600,8,0,0,1710,1718,C
1-PB2,601,0,1715,0,0,1715,T
1-PB2,602,0,1766,0,0,1766,T
1-PB2,603,0,2,1786,0,1788,G
1-PB2,604,1802,0,0,0,1802,A
1-PB2,605,1,1862,0,0,1863,T
1-PB2,606,0,21,1929,0,1950,G
1-PB2,607,0,1,2430,0,2431,G
1-PB2,608,0,2507,0,0,2507,T
1-PB2,609,0,2522,0,0,2522,T
1-PB2,610,0,1,2891,0,2892,G
1-PB2,611,1,0,0,2914,2915,C
1-PB2,612,3024,0,1,0,3025,A
1-PB2,613,0,3028,0,2,3030,T
1-PB2,614,3092,0,1,10,3103,A
1-PB2,615,1,0,0,3347,3348,C
1-PB2,616,4035,1,1,8,4045,A
1-PB2,617,0,4179,0,1,4180,T
1-PB2,618,0,2,4527,0,4529,G
1-PB2,619,0,4507,0,2,4509,T
1-PB2,620,0,4507,0,1,4508,T
1-PB2,621,4522,0,1,1,4524,A
1-PB2,622,1,28,4500,0,4529,G
1-PB2,623,4629,0,6,0,4635,A
1-PB2,624,1,22,4716,0,4739,G
1-PB2,625,4644,1,2,0,4647,A
1-PB2,626,0,19,4654,0,4673,G
1-PB2,627,4635,3,5,0,4643,A
1-PB2,628,0,15,4676,0,4691,G
1-PB2,629,4723,0,6,0,4729,A
1-PB2,630,4733,0,2,0,4735,A
1-PB2,631,0,0,0,4789,4789,C
1-PB2,632,2,4777,0,3,4782,T
1-PB2,633,0,4781,0,0,4781,T
1-PB2,634,2,0,4792,0,4794,G
1-PB2,635,1,4793,0,3,4797,T
1-PB2,636,4793,0,12,0,4805,A
1-PB2,637,0,4,0,4794,4798,C
1-PB2,638,1,21,4765,0,4787,G
1-PB2,639,4792,0,2,0,4794,A
1-PB2,640,4796,0,1,0,4797,A
1-PB2,641,4884,0,2,0,4886,A
1-PB2,642,4894,0,0,1,4895,A
1-PB2,643,4891,0,2,1,4894,A
1-PB2,644,0,1,0,4913,4914,C
1-PB2,645,4815,0,96,0,4911,A
1-PB2,646,4916,0,3,0,4919,A
1-PB2,647,0,14,4967,0,4981,G
1-PB2,648,4996,1,2,0,4999,A
1-PB2,649,1,4998,0,3,5002,T
1-PB2,650,1,4971,0,4,4976,T
1-PB2,651,0,4995,0,4,4999,T
1-PB2,652,18,0,0,4993,5011,C
1-PB2,653,0,5030,0,6,5036,T
1-PB2,654,27,1,0,5017,5045,C
1-PB2,655,15,1,0,5025,5041,C
1-PB2,656,29,1,1,5004,5035,C
1-PB2,657,5038,0,1,0,5039,A
1-PB2,658,0,0,5104,0,5104,G
1-PB2,659,0,5103,0,4,5107,T
1-PB2,660,1,5099,0,1,5101,T
1-PB2,661,25,1,5076,0,5102,G
1-PB2,662,4,4,0,5086,5094,C
1-PB2,663,0,5090,2,6,5098,T
1-PB2,664,4,14,5105,0,5123,G
1-PB2,665,44,1,5073,0,5118,G
1-PB2,666,5,4,0,5111,5120,C
1-PB2,667,1,12,5093,0,5106,G
1-PB2,668,3,20,5165,0,5188,G
1-PB2,669,5205,1,3,0,5209,A
1-PB2,670,5212,2,6,0,5220,A
1-PB2,671,0,3,0,5232,5235,C
1-PB2,672,5268,1,0,0,5269,A
1-PB2,673,5265,0,3,0,5268,A
1-PB2,674,1,1,5568,0,5570,G
1-PB2,675,1,3,0,5701,5705,C
1-PB2,676,5754,0,5,0,5759,A
1-PB2,677,0,0,7418,0,7418,G
1-PB2,678,3,7387,0,0,7390,T
1-PB2,679,7456,0,5,0,7461,A
1-PB2,680,1,7454,0,3,7458,T
1-PB2,681,7492,0,1,1,7494,A
1-PB2,682,0,7487,0,3,7490,T
1-PB2,683,7370,1,2,0,7373,A
1-PB2,684,0,2,0,7486,7488,C
1-PB2,685,7145,0,0,0,7145,A
1-PB2,686,1,6760,0,3,6764,T
1-PB2,687,0,6511,0,0,6511,T
1-PB2,688,0,18,6488,0,6506,G
1-PB2,689,6497,1,1,1,6500,A
1-PB2,690,6478,0,4,0,6482,A
1-PB2,691,0,2,6628,0,6630,G
1-PB2,692,0,6575,0,0,6575,T
1-PB2,693,0,6552,0,1,6553,T
1-PB2,694,0,6554,0,6,6560,T
1-PB2,695,0,6564,0,3,6567,T
1-PB2,696,6648,0,17,0,6665,A
1-PB2,697,0,0,0,6717,6717,C
1-PB2,698,6727,0,1,0,6728,A
1-PB2,699,0,6714,1,3,6718,T
1-PB2,700,0,6654,0,0,6654,T
1-PB2,701,0,6652,1,5,6658,T
1-PB2,702,2,60,6701,0,6763,G
1-PB2,703,6798,1,3,0,6802,A
1-PB2,704,0,2,0,6848,6850,C
1-PB2,705,1,6796,0,7,6804,T
1-PB2,706,17,1,1,6783,6802,C
1-PB2,707,6773,1,11,0,6785,A
1-PB2,708,8,45,6679,0,6732,G
1-PB2,709,1,20,6903,0,6924,G
1-PB2,710,1,35,6916,0,6952,G
1-PB2,711,6952,0,8,0,6960,A
1-PB2,712,6953,0,7,2,6962,A
1-PB2,713,0,5,0,6986,6991,C
1-PB2,714,5,2,7068,0,7075,G
1-PB2,715,2,7058,0,0,7060,T
1-PB2,716,0,1,7116,0,7117,G
1-PB2,717,1,7036,0,3,7040,T
1-PB2,718,0,7030,0,1,7031,T
1-PB2,719,0,32,7034,0,7066,G
1-PB2,720,1,18,7030,0,7049,G
1-PB2,721,73,45,7043,0,7161,G
1-PB2,722,7104,0,5,0,7109,A
1-PB2,723,7080,1,6,0,7087,A
1-PB2,724,1,2,0,7336,7339,C
1-PB2,725,7300,1,1,0,7302,A
1-PB2,726,7599,0,2,0,7601,A
1-PB2,727,7643,0,2,0,7645,A
1-PB2,728,0,7686,0,3,7689,T
1-PB2,729,0,2,7808,0,7810,G
1-PB2,730,1,7745,0,4,7750,T
1-PB2,731,7754,0,4,0,7758,A
1-PB2,732,1,7,1,7784,7793,C
1-PB2,733,7603,0,3,1,7607,A
1-PB2,734,1,0,0,7609,7610,C
1-PB2,735,1,7346,0,8,7355,T
1-PB2,736,21,0,0,8147,8168,C
1-PB2,737,16,2,0,8161,8179,C
1-PB2,738,8350,1,8,0,8359,A
1-PB2,739,1,11,8443,0,8455,G
1-PB2,740,0,2,8688,0,8690,G
1-PB2,741,1,8615,0,3,8619,T
1-PB2,742,7,24,8624,1,8656,G
1-PB2,743,1,24,8371,1,8397,G
1-PB2,744,8289,1,11,0,8301,A
1-PB2,745,2,19,8404,0,8425,G
1-PB2,746,0,51,8384,1,8436,G
1-PB2,747,8308,1,9,0,8318,A
1-PB2,748,0,1,8418,0,8419,G
1-PB2,749,1,8206,1,4,8212,T
1-PB2,750,1,29,8241,0,8271,G
1-PB2,751,8262,0,4,0,8266,A
1-PB2,752,0,22,8282,0,8304,G
1-PB2,753,1,22,8342,0,8365,G
1-PB2,754,8283,0,3,0,8286,A
1-PB2,755,8304,1,7,0,8312,A
1-PB2,756,0,8327,0,1,8328,T
1-PB2,757,1,50,8246,0,8297,G
1-PB2,758,8289,2,9,0,8300,A
1-PB2,759,0,16,0,8262,8278,C
1-PB2,760,3,21,8243,0,8267,G
1-PB2,761,8405,3,4,0,8412,A
1-PB2,762,1,8330,0,3,8334,T
1-PB2,763,0,1,8401,0,8402,G
1-PB2,764,2,8388,0,11,8401,T
1-PB2,765,0,8338,0,4,8342,T
1-PB2,766,0,74,8345,1,8420,G
1-PB2,767,8424,3,12,0,8439,A
1-PB2,768,1,3,0,8444,8448,C
1-PB2,769,36,4,0,8388,8428,C
1-PB2,770,8322,0,2,0,8324,A
1-PB2,771,8334,0,1,0,8335,A
1-PB2,772,8337,1,1,0,8339,A
1-PB2,773,0,2,8591,0,8593,G
1-PB2,774,2,3,0,8594,8599,C
1-PB2,775,18,1,1,8540,8560,C
1-PB2,776,1,8610,0,5,8616,T
1-PB2,777,8635,0,2,0,8637,A
1-PB2,778,8636,0,8,0,8644,A
1-PB2,779,1,8664,0,3,8668,T
1-PB2,780,0,8644,1,0,8645,T
1-PB2,781,8552,0,0,0,8552,A
1-PB2,782,1,8377,0,1,8379,T
1-PB2,783,0,8330,0,4,8334,T
1-PB2,784,0,2,8296,0,8298,G
1-PB2,785,5,7,0,8250,8262,C
1-PB2,786,4,19,8232,2,8257,G
1-PB2,787,1,0,8476,0,8477,G
1-PB2,788,2,1,0,8456,8459,C
1-PB2,789,17,5,0,8505,8527,C
1-PB2,790,8510,0,1,2,8513,A
1-PB2,791,1,24,8643,0,8668,G
1-PB2,792,1,49,8685,1,8736,G
1-PB2,793,8721,3,3,0,8727,A
1-PB2,794,8764,2,7,2,8775,A
1-PB2,795,1,1,1,8828,8831,C
1-PB2,796,8699,0,9,0,8708,A
1-PB2,797,0,8878,0,2,8880,T
1-PB2,798,9028,1,3,0,9032,A
1-PB2,799,3,0,9129,0,9132,G
1-PB2,800,0,9005,1,4,9010,T
1-PB2,801,8959,0,0,0,8959,A
1-PB2,802,8932,0,3,2,8937,A
1-PB2,803,0,20,8931,0,8951,G
1-PB2,804,8903,0,6,0,8909,A
1-PB2,805,8762,1,4,0,8767,A
1-PB2,806,2,22,8720,0,8744,G
1-PB2,807,8449,4,12,1,8466,A
1-PB2,808,1,2,8499,0,8502,G
1-PB2,809,5,1,1,8500,8507,C
1-PB2,810,29,5,0,8454,8488,C
1-PB2,811,10,5,8486,0,8501,G
1-PB2,812,1,3,0,8550,8554,C
1-PB2,813,8572,0,7,0,8579,A
1-PB2,814,1,1,9281,0,9283,G
1-PB2,815,1,9249,0,3,9253,T
1-PB2,816,9295,0,2,1,9298,A
1-PB2,817,1,9217,0,19,9237,T
1-PB2,818,27,2,1,9300,9330,C
1-PB2,819,9315,0,15,1,9331,A
1-PB2,820,1,2,9339,1,9343,G
1-PB2,821,1,0,0,9334,9335,C
1-PB2,822,8937,0,8,0,8945,A
1-PB2,823,0,30,8794,0,8824,G
1-PB2,824,8880,0,4,0,8884,A
1-PB2,825,2,8898,0,3,8903,T
1-PB2,826,31,0,0,8911,8942,C
1-PB2,827,40,3,0,8917,8960,C
1-PB2,828,8961,1,4,1,8967,A
1-PB2,829,1,1,0,9025,9027,C
1-PB2,830,1,8993,1,3,8998,T
1-PB2,831,9019,0,6,0,9025,A
1-PB2,832,0,3,8993,0,8996,G
1-PB2,833,4,0,1,8916,8921,C
1-PB2,834,8904,1,2,0,8907,A
1-PB2,835,0,8961,0,0,8961,T
1-PB2,836,19,1,0,9069,9089,C
1-PB2,837,0,9048,0,4,9052,T
1-PB2,838,0,9328,0,2,9330,T
1-PB2,839,2,9374,0,1,9377,T
1-PB2,840,9369,0,2,0,9371,A
1-PB2,841,0,9388,0,3,9391,T
1-PB2,842,1,9345,0,2,9348,T
1-PB2,843,0,28,9330,0,9358,G
1-PB2,844,1,34,9310,0,9345,G
1-PB2,845,9193,1,13,0,9207,A
1-PB2,846,2,7,9244,0,9253,G
1-PB2,847,9144,1,2,0,9147,A
1-PB2,848,0,9095,0,0,9095,T
1-PB2,849,2,1,9310,2,9315,G
1-PB2,850,0,9319,0,10,9329,T
1-PB2,851,3,5,9316,0,9324,G
1-PB2,852,2,4,0,9339,9345,C
1-PB2,853,39,1,0,9286,9326,C
1-PB2,854,9297,0,9,0,9306,A
1-PB2,855,3,8,0,9291,9302,C
1-PB2,856,9149,1,18,0,9168,A
1-PB2,857,2,3,9323,0,9328,G
1-PB2,858,2,3,0,9065,9070,C
1-PB2,859,9065,2,10,0,9077,A
1-PB2,860,2,1,0,9060,9063,C
1-PB2,861,9007,1,31,0,9039,A
1-PB2,862,0,2,0,9100,9102,C
1-PB2,863,9087,0,0,0,9087,A
1-PB2,864,9107,1,1,1,9110,A
1-PB2,865,9091,0,0,1,9092,A
1-PB2,866,0,8828,0,1,8829,T
1-PB2,867,1,8821,0,0,8822,T
1-PB2,868,3,34,8745,0,8782,G
1-PB2,869,3,5,8754,0,8762,G
1-PB2,870,7,12,0,8749,8768,C
1-PB2,871,8,21,8672,0,8701,G
1-PB2,872,2,36,8653,1,8692,G
1-PB2,873,8665,1,4,0,8670,A
1-PB2,874,8916,1,2,0,8919,A
1-PB2,875,1,3,0,8974,8978,C
1-PB2,876,8975,0,2,0,8977,A
1-PB2,877,8958,1,12,0,8971,A
1-PB2,878,3,25,9008,0,9036,G
1-PB2,879,1,14,9053,0,9068,G
1-PB2,880,9073,1,6,3,9083,A
1-PB2,881,2,8630,1,2,8635,T
1-PB2,882,1,30,8595,1,8627,G
1-PB2,883,9,1,8689,0,8699,G
1-PB2,884,0,8620,0,5,8625,T
1-PB2,885,4,22,8628,0,8654,G
1-PB2,886,2,32,8590,0,8624,G
1-PB2,887,8569,2,8,0,8579,A
1-PB2,888,5,0,0,8563,8568,C
1-PB2,889,8471,0,0,0,8471,A
1-PB2,890,0,9754,0,3,9757,T
1-PB2,891,1,9735,0,4,9740,T
1-PB2,892,32,2,1,9716,9751,C
1-PB2,893,1,9681,1,2,9685,T
1-PB2,894,1,9668,0,1,9670,T
1-PB2,895,9669,1,4,0,9674,A
1-PB2,896,1,22,9723,0,9746,G
1-PB2,897,9709,2,15,1,9727,A
1-PB2,898,0,2,0,9717,9719,C
1-PB2,899,8210,1,37,0,8248,A
1-PB2,900,0,30,8331,0,8361,G
1-PB2,901,8298,0,2,0,8300,A
1-PB2,902,8317,1,1,1,8320,A
1-PB2,903,3,2,0,8314,8319,C
1-PB2,904,29,3,0,8275,8307,C
1-PB2,905,42,6,0,8224,8272,C
1-PB2,906,2,55,8220,0,8277,G
1-PB2,907,8278,0,4,2,8284,A
1-PB2,908,2,1,0,8316,8319,C
1-PB2,909,0,8202,1,4,8207,T
1-PB2,910,0,13,8250,0,8263,G
1-PB2,911,8224,0,9,0,8233,A
1-PB2,912,8243,1,12,1,8257,A
1-PB2,913,1,50,8253,0,8304,G
1-PB2,914,8246,0,2,0,8248,A
1-PB2,915,8248,1,2,0,8251,A
1-PB2,916,1,1,0,8236,8238,C
1-PB2,917,8180,1,8,1,8190,A
1-PB2,918,8232,1,6,0,8239,A
1-PB2,919,1,2,8333,0,8336,G
1-PB2,920,5,1,1,8409,8416,C
1-PB2,921,0,8336,1,4,8341,T
1-PB2,922,2,0,8483,0,8485,G
1-PB2,923,0,8429,0,5,8434,T
1-PB2,924,2,24,8604,0,8630,G
1-PB2,925,1,14,8909,1,8925,G
1-PB2,926,8913,1,2,0,8916,A
1-PB2,927,1,8876,0,1,8878,T
1-PB2,928,8749,0,1,0,8750,A
1-PB2,929,1,8626,0,0,8627,T
1-PB2,930,8938,1,1,0,8940,A
1-PB2,931,0,8787,0,4,8791,T
1-PB2,932,1,3,8769,0,8773,G
1-PB2,933,6,0,0,8675,8681,C
1-PB2,934,8309,0,5,0,8314,A
1-PB2,935,8316,0,10,0,8326,A
1-PB2,936,0,13,8304,1,8318,G
1-PB2,937,4,2,8331,0,8337,G
1-PB2,938,3,2,1,8335,8341,C
1-PB2,939,0,8151,1,8,8160,T
1-PB2,940,2,3,8220,0,8225,G
1-PB2,941,5,1,0,8244,8250,C
1-PB2,942,8272,0,0,0,8272,A
1-PB2,943,8271,2,3,1,8277,A
1-PB2,944,1,8219,0,1,8221,T
1-PB2,945,3,62,8226,1,8292,G
1-PB2,946,1,25,8193,0,8219,G
1-PB2,947,2,22,8197,0,8221,G
1-PB2,948,8202,2,10,0,8214,A
1-PB2,949,0,8190,0,0,8190,T
1-PB2,950,1,8099,0,4,8104,T
1-PB2,951,1,36,8108,1,8146,G
1-PB2,952,8099,3,6,0,8108,A
1-PB2,953,0,24,8194,0,8218,G
1-PB2,954,8151,0,7,0,8158,A
1-PB2,955,8073,3,4,0,8080,A
1-PB2,956,0,8011,1,1,8013,T
1-PB2,957,36,3,1,8002,8042,C
1-PB2,958,8037,0,5,0,8042,A
1-PB2,959,1,2,8103,0,8106,G
1-PB2,960,1,1,0,8085,8087,C
1-PB2,961,0,8023,1,14,8038,T
1-PB2,962,53,2,0,7944,7999,C
1-PB2,963,8004,0,2,0,8006,A
1-PB2,964,1,8225,1,5,8232,T
1-PB2,965,14,0,0,8229,8243,C
1-PB2,966,26,3,0,8262,8291,C
1-PB2,967,0,8246,0,4,8250,T
1-PB2,968,3,8176,0,9,8188,T
1-PB2,969,17,1,1,8181,8200,C
1-PB2,970,8191,1,7,2,8201,A
1-PB2,971,0,2,8323,0,8325,G
1-PB2,972,3,1,0,8297,8301,C
1-PB2,973,0,8131,1,5,8137,T
1-PB2,974,0,8114,0,40,8154,T
1-PB2,975,1,8097,1,2,8101,T
1-PB2,976,3,27,8103,0,8133,G
1-PB2,977,5,1,8124,0,8130,G
1-PB2,978,2,8083,2,4,8091,T
1-PB2,979,9,50,8114,0,8173,G
1-PB2,980,3,23,8106,0,8132,G
1-PB2,981,5,1,8190,0,8196,G
1-PB2,982,0,8140,3,4,8147,T
1-PB2,983,0,8138,0,2,8140,T
1-PB2,984,0,8137,0,0,8137,T
1-PB2,985,8172,2,3,0,8177,A
1-PB2,986,1,2,1,8212,8216,C
1-PB2,987,8218,1,1,0,8220,A
1-PB2,988,1,8183,0,0,8184,T
1-PB2,989,0,7986,0,0,7986,T
1-PB2,990,2,7970,0,0,7972,T
1-PB2,991,7973,0,2,0,7975,A
1-PB2,992,7972,0,2,0,7974,A
1-PB2,993,7962,2,1,0,7965,A
1-PB2,994,7935,0,5,0,7940,A
1-PB2,995,3,40,7964,1,8008,G
1-PB2,996,7962,1,7,0,7970,A
1-PB2,997,7962,2,7,0,7971,A
1-PB2,998,1,5,0,7984,7990,C
1-PB2,999,7951,0,5,0,7956,A
1-PB2,1000,7957,0,5,0,7962,A
1-PB2,1001,0,4,7983,0,7987,G
1-PB2,1002,3,7,1,7984,7995,C
1-PB2,1003,5,58,7926,0,7989,G
1-PB2,1004,0,29,7978,1,8008,G
1-PB2,1005,354,1,7675,0,8030,G
1-PB2,1006,1,7987,0,10,7998,T
1-PB2,1007,60,0,0,7923,7983,C
1-PB2,1008,7999,0,4,0,8003,A
1-PB2,1009,2,7965,0,2,7969,T
1-PB2,1010,20,1,0,7972,7993,C
1-PB2,1011,7976,1,6,1,7984,A
1-PB2,1012,1,0,8170,0,8171,G
1-PB2,1013,1,8026,0,7,8034,T
1-PB2,1014,66,0,0,7983,8049,C
1-PB2,1015,8063,1,4,0,8068,A
1-PB2,1016,8093,0,2,0,8095,A
1-PB2,1017,8088,0,0,0,8088,A
1-PB2,1018,8076,2,6,0,8084,A
1-PB2,1019,8135,0,0,0,8135,A
1-PB2,1020,8124,0,12,0,8136,A
1-PB2,1021,2,15,8173,0,8190,G
1-PB2,1022,8160,1,7,0,8168,A
1-PB2,1023,8171,0,7,0,8178,A
1-PB2,1024,0,17,8152,0,8169,G
1-PB2,1025,8149,0,3,1,8153,A
1-PB2,1026,7934,1,15,0,7950,A
1-PB2,1027,0,31,7924,0,7955,G
1-PB2,1028,7920,0,3,2,7925,A
1-PB2,1029,19,20,7906,1,7946,G
1-PB2,1030,1,1,8105,0,8107,G
1-PB2,1031,0,8093,0,2,8095,T
1-PB2,1032,4,3,8259,1,8267,G
1-PB2,1033,6,1,0,8341,8348,C
1-PB2,1034,3,8286,0,54,8343,T
1-PB2,1035,0,8362,0,2,8364,T
1-PB2,1036,8352,0,0,0,8352,A
1-PB2,1037,1,1,0,8355,8357,C
1-PB2,1038,8277,1,4,0,8282,A
1-PB2,1039,0,13,8313,0,8326,G
1-PB2,1040,6,3,8285,0,8294,G
1-PB2,1041,1,3,0,8135,8139,C
1-PB2,1042,8038,0,2,0,8040,A
1-PB2,1043,8054,0,4,0,8058,A
1-PB2,1044,0,8197,1,3,8201,T
1-PB2,1045,17,1,0,8321,8339,C
1-PB2,1046,1,8289,0,12,8302,T
1-PB2,1047,38,0,0,8302,8340,C
1-PB2,1048,23,1,0,8287,8311,C
1-PB2,1049,8331,0,2,0,8333,A
1-PB2,1050,8317,0,2,0,8319,A
1-PB2,1051,8321,1,1,1,8324,A
1-PB2,1052,1,0,1,8385,8387,C
1-PB2,1053,8167,0,2,0,8169,A
1-PB2,1054,2,8057,2,2,8063,T
1-PB2,1055,1,7938,0,1,7940,T
1-PB2,1056,1,21,7922,2,7946,G
1-PB2,1057,7875,1,8,0,7884,A
1-PB2,1058,0,19,7788,0,7807,G
1-PB2,1059,8219,1,5,0,8225,A
1-PB2,1060,8225,1,2,0,8228,A
1-PB2,1061,0,8276,0,1,8277,T
1-PB2,1062,8295,0,4,0,8299,A
1-PB2,1063,8295,0,5,1,8301,A
1-PB2,1064,0,37,8528,0,8565,G
1-PB2,1065,8406,0,11,0,8417,A
1-PB2,1066,1,1,8726,0,8728,G
1-PB2,1067,0,8413,1,0,8414,T
1-PB2,1068,8459,0,4,0,8463,A
1-PB2,1069,1,1,0,8640,8642,C
1-PB2,1070,8571,1,7,0,8579,A
1-PB2,1071,0,8562,1,3,8566,T
1-PB2,1072,0,28,8518,0,8546,G
1-PB2,1073,8267,0,3,1,8271,A
1-PB2,1074,2,54,8299,0,8355,G
1-PB2,1075,2,66,8275,0,8343,G
1-PB2,1076,1,21,8689,0,8711,G
1-PB2,1077,1,1,8775,0,8777,G
1-PB2,1078,0,8562,0,3,8565,T
1-PB2,1079,8596,0,1,0,8597,A
1-PB2,1080,1,8579,0,4,8584,T
1-PB2,1081,2,26,8585,0,8613,G
1-PB2,1082,8583,1,18,0,8602,A
1-PB2,1083,1,16,8582,0,8599,G
1-PB2,1084,0,34,8532,0,8566,G
1-PB2,1085,7901,0,4,1,7906,A
1-PB2,1086,1,0,8127,0,8128,G
1-PB2,1087,0,8102,0,10,8112,T
1-PB2,1088,0,8374,1,6,8381,T
1-PB2,1089,58,2,0,8359,8419,C
1-PB2,1090,8390,2,4,0,8396,A
1-PB2,1091,0,1,0,8424,8425,C
1-PB2,1092,8405,1,3,0,8409,A
1-PB2,1093,8444,1,9,0,8454,A
1-PB2,1094,2,8445,0,1,8448,T
1-PB2,1095,2,44,8233,0,8279,G
1-PB2,1096,1,1,8336,0,8338,G
1-PB2,1097,1,8085,0,2,8088,T
1-PB2,1098,3,43,8095,0,8141,G
1-PB2,1099,1,35,8119,0,8155,G
1-PB2,1100,0,13,8130,0,8143,G
1-PB2,1101,4,22,8192,0,8218,G
1-PB2,1102,8146,1,3,0,8150,A
1-PB2,1103,8165,0,5,1,8171,A
1-PB2,1104,8132,1,3,0,8136,A
1-PB2,1105,7975,2,13,1,7991,A
1-PB2,1106,2,32,8048,0,8082,G
1-PB2,1107,8001,0,17,0,8018,A
1-PB2,1108,0,2,8046,1,8049,G
1-PB2,1109,6,1,0,8022,8029,C
1-PB2,1110,7984,2,4,0,7990,A
1-PB2,1111,7928,0,61,0,7989,A
1-PB2,1112,4,5,0,8275,8284,C
1-PB2,1113,8285,0,0,0,8285,A
1-PB2,1114,2,0,8428,0,8430,G
1-PB2,1115,3,0,0,8339,8342,C
1-PB2,1116,0,8321,0,3,8324,T
1-PB2,1117,8579,1,2,0,8582,A
1-PB2,1118,0,8568,0,1,8569,T
1-PB2,1119,8593,0,5,0,8598,A
1-PB2,1120,0,2,1,8617,8620,C
1-PB2,1121,0,8110,1,5,8116,T
1-PB2,1122,8155,0,1,0,8156,A
1-PB2,1123,7970,1,3,0,7974,A
1-PB2,1124,1,20,7969,0,7990,G
1-PB2,1125,7984,0,2,0,7986,A
1-PB2,1126,7711,1,2,0,7714,A
1-PB2,1127,7717,0,1,0,7718,A
1-PB2,1128,7636,0,46,0,7682,A
1-PB2,1129,1,2,7692,0,7695,G
1-PB2,1130,3,1,0,7665,7669,C
1-PB2,1131,7640,0,1,0,7641,A
1-PB2,1132,7654,0,6,0,7660,A
1-PB2,1133,0,1,0,7698,7699,C
1-PB2,1134,14,1,0,7683,7698,C
1-PB2,1135,7699,0,2,1,7702,A
1-PB2,1136,0,9,7721,1,7731,G
1-PB2,1137,7721,1,3,0,7725,A
1-PB2,1138,7727,0,7,0,7734,A
1-PB2,1139,0,11,7764,0,7775,G
1-PB2,1140,7734,1,5,1,7741,A
1-PB2,1141,1,7702,0,0,7703,T
1-PB2,1142,0,7611,0,0,7611,T
1-PB2,1143,4,24,7617,0,7645,G
1-PB2,1144,0,2,7799,1,7802,G
1-PB2,1145,0,7722,0,25,7747,T
1-PB2,1146,1,7729,0,9,7739,T
1-PB2,1147,40,1,0,7696,7737,C
1-PB2,1148,7686,1,4,0,7691,A
1-PB2,1149,7650,1,2,0,7653,A
1-PB2,1150,0,1,0,8264,8265,C
1-PB2,1151,2,8248,0,7,8257,T
1-PB2,1152,26,0,0,8275,8301,C
1-PB2,1153,8147,0,1,0,8148,A
1-PB2,1154,0,8144,0,7,8151,T
1-PB2,1155,8153,0,7,1,8161,A
1-PB2,1156,1,0,8228,0,8229,G
1-PB2,1157,1,7856,0,5,7862,T
1-PB2,1158,0,46,7936,0,7982,G
1-PB2,1159,7617,0,3,0,7620,A
1-PB2,1160,2,0,7737,0,7739,G
1-PB2,1161,4,7663,0,4,7671,T
1-PB2,1162,0,25,7626,0,7651,G
1-PB2,1163,0,10,7716,0,7726,G
1-PB2,1164,7705,2,7,0,7714,A
1-PB2,1165,7606,2,66,0,7674,A
1-PB2,1166,0,33,7680,0,7713,G
1-PB2,1167,7556,0,8,0,7564,A
1-PB2,1168,0,15,7616,1,7632,G
1-PB2,1169,7531,0,11,0,7542,A
1-PB2,1170,2,3,1,7531,7537,C
1-PB2,1171,5,59,7489,1,7554,G
1-PB2,1172,7460,3,4,0,7467,A
1-PB2,1173,7503,0,11,0,7514,A
1-PB2,1174,3,4,0,7513,7520,C
1-PB2,1175,7457,0,6,0,7463,A
1-PB2,1176,1,1,7897,0,7899,G
1-PB2,1177,3,7814,0,4,7821,T
1-PB2,1178,54,1,0,7769,7824,C
1-PB2,1179,7840,0,2,1,7843,A
1-PB2,1180,7815,1,8,0,7824,A
1-PB2,1181,2,7806,0,4,7812,T
1-PB2,1182,7806,0,1,0,7807,A
1-PB2,1183,0,2,7802,0,7804,G
1-PB2,1184,0,1,1,7766,7768,C
1-PB2,1185,20,3,0,7441,7464,C
1-PB2,1186,6,22,7376,0,7404,G
1-PB2,1187,7397,1,0,1,7399,A
1-PB2,1188,7427,0,9,2,7438,A
1-PB2,1189,1,2,7499,0,7502,G
1-PB2,1190,2,1,0,7656,7659,C
1-PB2,1191,7655,0,1,0,7656,A
1-PB2,1192,7646,1,2,0,7649,A
1-PB2,1193,0,7653,0,0,7653,T
1-PB2,1194,7674,0,1,1,7676,A
1-PB2,1195,7764,0,1,0,7765,A
1-PB2,1196,2,7744,0,2,7748,T
1-PB2,1197,27,1,0,7677,7705,C
1-PB2,1198,8,0,7672,0,7680,G
1-PB2,1199,0,7433,1,17,7451,T
1-PB2,1200,2,17,7436,1,7456,G
1-PB2,1201,3,2,7549,0,7554,G
1-PB2,1202,4,2,0,7550,7556,C
1-PB2,1203,25,1,0,7533,7559,C
1-PB2,1204,7472,2,0,0,7474,A
1-PB2,1205,0,7448,0,6,7454,T
1-PB2,1206,3,23,7467,0,7493,G
1-PB2,1207,1,0,7619,0,7620,G
1-PB2,1208,0,7454,0,3,7457,T
1-PB2,1209,3,1,7511,0,7515,G
1-PB2,1210,0,7127,2,9,7138,T
1-PB2,1211,0,7132,0,2,7134,T
1-PB2,1212,1,7143,0,1,7145,T
1-PB2,1213,0,7127,0,9,7136,T
1-PB2,1214,20,0,0,7205,7225,C
1-PB2,1215,7191,2,2,0,7195,A
1-PB2,1216,0,0,0,7348,7348,C
1-PB2,1217,7215,0,4,0,7219,A
1-PB2,1218,7184,0,1,0,7185,A
1-PB2,1219,1,12,7180,0,7193,G
1-PB2,1220,7154,2,1,1,7158,A
1-PB2,1221,6940,2,131,0,7073,A
1-PB2,1222,1,11,7178,0,7190,G
1-PB2,1223,7168,0,7,0,7175,A
1-PB2,1224,0,7200,0,2,7202,T
1-PB2,1225,0,7079,0,2,7081,T
1-PB2,1226,1,2,7085,0,7088,G
1-PB2,1227,2,4,0,6949,6955,C
1-PB2,1228,6995,1,0,0,6996,A
1-PB2,1229,0,7043,0,3,7046,T
1-PB2,1230,2,17,7302,0,7321,G
1-PB2,1231,7359,0,6,0,7365,A
1-PB2,1232,0,7394,0,3,7397,T
1-PB2,1233,7363,0,0,0,7363,A
1-PB2,1234,7365,0,1,0,7366,A
1-PB2,1235,7361,0,1,0,7362,A
1-PB2,1236,7384,0,5,1,7390,A
1-PB2,1237,1,1,7386,1,7389,G
1-PB2,1238,5,1,0,7539,7545,C
1-PB2,1239,7602,1,4,0,7607,A
1-PB2,1240,2,0,7836,0,7838,G
1-PB2,1241,1,7799,0,8,7808,T
1-PB2,1242,0,7809,1,3,7813,T
1-PB2,1243,7817,0,6,0,7823,A
1-PB2,1244,0,24,7854,0,7878,G
1-PB2,1245,7814,2,5,0,7821,A
1-PB2,1246,1,17,7812,0,7830,G
1-PB2,1247,2,0,7795,0,7797,G
1-PB2,1248,0,7333,1,21,7355,T
1-PB2,1249,1,54,7336,1,7392,G
1-PB2,1250,7406,1,8,0,7415,A
1-PB2,1251,1,2,0,7475,7478,C
1-PB2,1252,23,72,1,7388,7484,C
1-PB2,1253,1,7396,0,7,7404,T
1-PB2,1254,0,29,7422,0,7451,G
1-PB2,1255,7445,0,2,0,7447,A
1-PB2,1256,7450,2,2,0,7454,A
1-PB2,1257,0,7438,1,1,7440,T
1-PB2,1258,0,7516,0,2,7518,T
1-PB2,1259,0,7527,0,1,7528,T
1-PB2,1260,15,7,1,7498,7521,C
1-PB2,1261,6,0,7516,1,7523,G
1-PB2,1262,0,7505,0,7,7512,T
1-PB2,1263,15,0,0,7506,7521,C
1-PB2,1264,7521,1,5,0,7527,A
1-PB2,1265,7541,2,0,0,7543,A
1-PB2,1266,0,6,0,7535,7541,C
1-PB2,1267,7437,0,1,1,7439,A
1-PB2,1268,0,31,7533,1,7565,G
1-PB2,1269,7492,2,16,1,7511,A
1-PB2,1270,2,2,7552,0,7556,G
1-PB2,1271,3,1,0,7541,7545,C
1-PB2,1272,7520,1,3,0,7524,A
1-PB2,1273,7660,1,8,0,7669,A
1-PB2,1274,7658,0,2,1,7661,A
1-PB2,1275,1,7641,0,0,7642,T
1-PB2,1276,29,2,0,7643,7674,C
1-PB2,1277,7564,0,1,0,7565,A
1-PB2,1278,2,1,7557,0,7560,G
1-PB2,1279,4,16,0,7562,7582,C
1-PB2,1280,4,24,7563,0,7591,G
1-PB2,1281,3,1,8057,0,8061,G
1-PB2,1282,1,7994,0,4,7999,T
1-PB2,1283,2,7975,0,4,7981,T
1-PB2,1284,1,42,7949,0,7992,G
1-PB2,1285,7986,0,7,0,7993,A
1-PB2,1286,8050,0,4,0,8054,A
1-PB2,1287,2,4,0,8128,8134,C
1-PB2,1288,23,1,0,8071,8095,C
1-PB2,1289,45,1,0,8110,8156,C
1-PB2,1290,62,1,1,7716,7780,C
1-PB2,1291,7810,0,1,1,7812,A
1-PB2,1292,1,7850,0,7,7858,T
1-PB2,1293,1,4,7892,0,7897,G
1-PB2,1294,2,2,1,7938,7943,C
1-PB2,1295,7868,0,4,1,7873,A
1-PB2,1296,3,7766,0,14,7783,T
1-PB2,1297,21,4,0,7768,7793,C
1-PB2,1298,7729,0,2,0,7731,A
1-PB2,1299,5,0,7840,1,7846,G
1-PB2,1300,1,0,0,7870,7871,C
1-PB2,1301,0,7837,0,15,7852,T
1-PB2,1302,0,7846,0,6,7852,T
1-PB2,1303,0,7821,1,1,7823,T
1-PB2,1304,0,7825,1,1,7827,T
1-PB2,1305,7827,1,1,0,7829,A
1-PB2,1306,7818,0,3,0,7821,A
1-PB2,1307,2,19,7818,0,7839,G
1-PB2,1308,2,2,7769,0,7773,G
1-PB2,1309,4,0,0,7706,7710,C
1-PB2,1310,7688,0,0,0,7688,A
1-PB2,1311,0,7700,0,4,7704,T
1-PB2,1312,2,7724,1,5,7732,T
1-PB2,1313,0,7738,1,4,7743,T
1-PB2,1314,0,7766,0,3,7769,T
1-PB2,1315,20,1,1,7756,7778,C
1-PB2,1316,7752,2,6,1,7761,A
1-PB2,1317,1,10,7754,1,7766,G
1-PB2,1318,7748,0,5,0,7753,A
1-PB2,1319,7760,1,3,0,7764,A
1-PB2,1320,7733,0,4,0,7737,A
1-PB2,1321,0,10,7745,0,7755,G
1-PB2,1322,7813,0,4,0,7817,A
1-PB2,1323,0,7808,0,3,7811,T
1-PB2,1324,3,3,7821,0,7827,G
1-PB2,1325,1,5,0,7827,7833,C
1-PB2,1326,3,24,7813,2,7842,G
1-PB2,1327,7836,0,4,1,7841,A
1-PB2,1328,7823,0,3,2,7828,A
1-PB2,1329,7827,1,3,0,7831,A
1-PB2,1330,1,0,7842,0,7843,G
1-PB2,1331,1,7732,0,7,7740,T
1-PB2,1332,4,3,7746,0,7753,G
1-PB2,1333,3,2,0,7720,7725,C
1-PB2,1334,1,7714,2,12,7729,T
1-PB2,1335,0,7737,0,3,7740,T
1-PB2,1336,0,7741,3,4,7748,T
1-PB2,1337,1,7754,0,0,7755,T
1-PB2,1338,0,7728,0,4,7732,T
1-PB2,1339,25,1,0,7715,7741,C
1-PB2,1340,7735,0,3,0,7738,A
1-PB2,1341,7772,0,7,0,7779,A
1-PB2,1342,7779,0,1,0,7780,A
1-PB2,1343,7809,0,0,1,7810,A
1-PB2,1344,0,7804,1,2,7807,T
1-PB2,1345,1,7800,0,4,7805,T
1-PB2,1346,1,45,7785,0,7831,G
1-PB2,1347,1,42,7780,0,7823,G
1-PB2,1348,2,18,7788,0,7808,G
1-PB2,1349,1,31,7948,0,7980,G
1-PB2,1350,7897,0,11,1,7909,A
1-PB2,1351,1,1,8072,0,8074,G
1-PB2,1352,1,8056,0,8,8065,T
1-PB2,1353,0,8055,0,4,8059,T
1-PB2,1354,58,64,7962,0,8084,G
1-PB2,1355,8069,2,9,0,8080,A
1-PB2,1356,8079,1,21,2,8103,A
1-PB2,1357,2,2,1,8339,8344,C
1-PB2,1358,8224,2,4,1,8231,A
1-PB2,1359,1,0,0,8473,8474,C
1-PB2,1360,8296,0,4,0,8300,A
1-PB2,1361,0,8303,0,3,8306,T
1-PB2,1362,17,7,0,8332,8356,C
1-PB2,1363,7,44,8310,0,8361,G
1-PB2,1364,8371,1,6,0,8378,A
1-PB2,1365,2,2,0,8360,8364,C
1-PB2,1366,8080,0,3,0,8083,A
1-PB2,1367,1,0,8375,0,8376,G
1-PB2,1368,0,8138,0,5,8143,T
1-PB2,1369,9,0,8242,0,8251,G
1-PB2,1370,0,8183,0,5,8188,T
1-PB2,1371,3,19,8178,0,8200,G
1-PB2,1372,8190,1,11,0,8202,A
1-PB2,1373,0,8133,0,0,8133,T
1-PB2,1374,2,44,8103,0,8149,G
1-PB2,1375,6,20,8108,1,8135,G
1-PB2,1376,1,21,7948,0,7970,G
1-PB2,1377,7898,0,2,1,7901,A
1-PB2,1378,7807,1,2,0,7810,A
1-PB2,1379,1,7829,0,0,7830,T
1-PB2,1380,40,35,7847,0,7922,G
1-PB2,1381,7930,2,4,1,7937,A
1-PB2,1382,0,7914,0,1,7915,T
1-PB2,1383,1,7890,2,4,7897,T
1-PB2,1384,1,21,7858,0,7880,G
1-PB2,1385,3,39,8035,0,8077,G
1-PB2,1386,8029,0,6,1,8036,A
1-PB2,1387,0,3,8170,0,8173,G
1-PB2,1388,0,8060,0,3,8063,T
1-PB2,1389,8033,0,0,0,8033,A
1-PB2,1390,1,8067,0,2,8070,T
1-PB2,1391,0,8172,0,0,8172,T
1-PB2,1392,8245,0,2,1,8248,A
1-PB2,1393,2,1,0,8259,8262,C
1-PB2,1394,17,5,0,8088,8110,C
1-PB2,1395,8036,2,4,0,8042,A
1-PB2,1396,2,7,8099,0,8108,G
1-PB2,1397,8318,0,3,0,8321,A
1-PB2,1398,1,8242,1,14,8258,T
1-PB2,1399,8181,2,4,0,8187,A
1-PB2,1400,0,8098,0,7,8105,T
1-PB2,1401,1,54,7991,1,8047,G
1-PB2,1402,8064,1,4,0,8069,A
1-PB2,1403,2,2,0,8160,8164,C
1-PB2,1404,1,8089,1,11,8102,T
1-PB2,1405,32,0,0,8047,8079,C
1-PB2,1406,20,0,0,7950,7970,C
1-PB2,1407,8016,0,2,1,8019,A
1-PB2,1408,8025,1,25,0,8051,A
1-PB2,1409,0,3,8281,0,8284,G
1-PB2,1410,2,6,0,8241,8249,C
1-PB2,1411,8232,0,2,0,8234,A
1-PB2,1412,1,2,0,8212,8215,C
1-PB2,1413,8147,0,5,0,8152,A
1-PB2,1414,0,17,8170,0,8187,G
1-PB2,1415,8139,0,7,0,8146,A
1-PB2,1416,1,10,8213,0,8224,G
1-PB2,1417,8242,2,4,1,8249,A
1-PB2,1418,2,7978,0,4,7984,T
1-PB2,1419,1,4,8134,0,8139,G
1-PB2,1420,1,8078,0,13,8092,T
1-PB2,1421,31,3,1,8043,8078,C
1-PB2,1422,8101,0,7,0,8108,A
1-PB2,1423,8094,1,2,0,8097,A
1-PB2,1424,1,8092,1,3,8097,T
1-PB2,1425,0,41,8021,0,8062,G
1-PB2,1426,7912,3,6,0,7921,A
1-PB2,1427,0,23,7953,0,7976,G
1-PB2,1428,7824,1,10,0,7835,A
1-PB2,1429,4,24,7860,0,7888,G
1-PB2,1430,2,23,8329,0,8354,G
1-PB2,1431,8330,2,2,0,8334,A
1-PB2,1432,8352,0,2,0,8354,A
1-PB2,1433,1,8341,0,0,8342,T
1-PB2,1434,8334,0,2,0,8336,A
1-PB2,1435,8333,0,6,0,8339,A
1-PB2,1436,0,33,8299,1,8333,G
1-PB2,1437,8293,0,9,0,8302,A
1-PB2,1438,2,0,8320,0,8322,G
1-PB2,1439,0,7751,0,2,7753,T
1-PB2,1440,43,2,0,7742,7787,C
1-PB2,1441,7771,2,9,1,7783,A
1-PB2,1442,50,1,7815,0,7866,G
1-PB2,1443,0,1,0,7895,7896,C
1-PB2,1444,7904,0,0,0,7904,A
1-PB2,1445,7933,0,4,0,7937,A
1-PB2,1446,7896,0,3,0,7899,A
1-PB2,1447,7899,3,2,0,7904,A
1-PB2,1448,0,7899,0,1,7900,T
1-PB2,1449,2,68,7868,0,7938,G
1-PB2,1450,1,19,7923,0,7943,G
1-PB2,1451,1,2,7991,0,7994,G
1-PB2,1452,2,7846,1,7,7856,T
1-PB2,1453,4,1,7880,0,7885,G
1-PB2,1454,0,7844,0,4,7848,T
1-PB2,1455,6,25,7853,0,7884,G
1-PB2,1456,1,10,8020,1,8032,G
1-PB2,1457,8016,1,1,0,8018,A
1-PB2,1458,1,7970,1,3,7975,T
1-PB2,1459,2,35,8015,0,8052,G
1-PB2,1460,7984,1,6,0,7991,A
1-PB2,1461,8029,0,3,0,8032,A
1-PB2,1462,0,8011,0,3,8014,T
1-PB2,1463,7942,1,7,0,7950,A
1-PB2,1464,1,2,0,8593,8596,C
1-PB2,1465,2,8290,0,7,8299,T
1-PB2,1466,42,2,0,8406,8450,C
1-PB2,1467,16,6,0,8438,8460,C
1-PB2,1468,8404,0,4,0,8408,A
1-PB2,1469,0,1,8782,0,8783,G
1-PB2,1470,0,8742,0,5,8747,T
1-PB2,1471,8820,0,1,0,8821,A
1-PB2,1472,0,1,0,8859,8860,C
1-PB2,1473,7985,1,5,0,7991,A
1-PB2,1474,0,24,8006,0,8030,G
1-PB2,1475,7809,1,3,0,7813,A
1-PB2,1476,11,18,7830,0,7859,G
1-PB2,1477,7629,0,1,0,7630,A
1-PB2,1478,1,51,7318,0,7370,G
1-PB2,1479,7,22,7324,0,7353,G
1-PB2,1480,1,0,7389,0,7390,G
1-PB2,1481,0,7291,0,5,7296,T
1-PB2,1482,3,16,7257,0,7276,G
1-PB2,1483,2,2,7289,0,7293,G
1-PB2,1484,2,7214,0,3,7219,T
1-PB2,1485,4,22,7398,0,7424,G
1-PB2,1486,1,3,7415,0,7419,G
1-PB2,1487,0,7233,0,1,7234,T
1-PB2,1488,0,7218,0,5,7223,T
1-PB2,1489,7113,0,4,0,7117,A
1-PB2,1490,1,1,7162,0,7164,G
1-PB2,1491,3,1,0,7149,7153,C
1-PB2,1492,7109,3,3,1,7116,A
1-PB2,1493,1,7101,0,5,7107,T
1-PB2,1494,0,6673,1,1,6675,T
1-PB2,1495,1,21,6652,0,6674,G
1-PB2,1496,6654,2,4,0,6660,A
1-PB2,1497,0,6655,1,5,6661,T
1-PB2,1498,43,4,0,6625,6672,C
1-PB2,1499,11,16,6567,0,6594,G
1-PB2,1500,1,1,6768,0,6770,G
1-PB2,1501,0,6743,1,3,6747,T
1-PB2,1502,0,6736,1,3,6740,T
1-PB2,1503,0,6739,1,1,6741,T
1-PB2,1504,1,6722,1,1,6725,T
1-PB2,1505,0,6731,0,2,6733,T
1-PB2,1506,0,34,6708,2,6744,G
1-PB2,1507,6707,1,7,0,6715,A
1-PB2,1508,0,11,6730,1,6742,G
1-PB2,1509,6448,2,2,0,6452,A
1-PB2,1510,1,0,6517,0,6518,G
1-PB2,1511,0,6512,0,10,6522,T
1-PB2,1512,1,6492,0,5,6498,T
1-PB2,1513,41,2,0,6463,6506,C
1-PB2,1514,3,19,6500,0,6522,G
1-PB2,1515,6532,0,8,0,6540,A
1-PB2,1516,2,22,6519,0,6543,G
1-PB2,1517,6518,0,10,1,6529,A
1-PB2,1518,1,1,0,6531,6533,C
1-PB2,1519,21,0,1,6428,6450,C
1-PB2,1520,6373,0,3,0,6376,A
1-PB2,1521,6444,1,6,0,6451,A
1-PB2,1522,3,0,0,6468,6471,C
1-PB2,1523,5,1,6462,0,6468,G
1-PB2,1524,1,6422,0,4,6427,T
1-PB2,1525,0,31,6391,0,6422,G
1-PB2,1526,2,10,6426,0,6438,G
1-PB2,1527,1,22,6421,0,6444,G
1-PB2,1528,6328,0,29,1,6358,A
1-PB2,1529,6367,0,0,1,6368,A
1-PB2,1530,0,6066,0,1,6067,T
1-PB2,1531,4,1,6319,0,6324,G
1-PB2,1532,1,6286,0,5,6292,T
1-PB2,1533,6310,1,0,0,6311,A
1-PB2,1534,0,6317,0,0,6317,T
1-PB2,1535,0,6221,0,3,6224,T
1-PB2,1536,6293,0,1,0,6294,A
1-PB2,1537,1,6245,0,3,6249,T
1-PB2,1538,0,6177,0,2,6179,T
1-PB2,1539,6156,1,3,0,6160,A
1-PB2,1540,1,5337,0,7,5345,T
1-PB2,1541,14,1,1,5525,5541,C
1-PB2,1542,2,5452,0,6,5460,T
1-PB2,1543,24,0,1,5435,5460,C
1-PB2,1544,11,1,0,5471,5483,C
1-PB2,1545,0,5260,1,22,5283,T
1-PB2,1546,1,15,5288,0,5304,G
1-PB2,1547,5276,0,3,0,5279,A
1-PB2,1548,1,15,5270,0,5286,G
1-PB2,1549,0,8,5272,0,5280,G
1-PB2,1550,4627,1,4,0,4632,A
1-PB2,1551,0,11,4665,0,4676,G
1-PB2,1552,0,0,4627,0,4627,G
1-PB2,1553,1,4438,0,5,4444,T
1-PB2,1554,42,0,0,4417,4459,C
1-PB2,1555,4371,1,5,0,4377,A
1-PB2,1556,0,1,4427,0,4428,G
1-PB2,1557,0,4409,0,3,4412,T
1-PB2,1558,1,12,4405,0,4418,G
1-PB2,1559,4413,0,1,0,4414,A
1-PB2,1560,4181,0,2,0,4183,A
1-PB2,1561,4194,0,7,0,4201,A
1-PB2,1562,0,0,0,4203,4203,C
1-PB2,1563,4161,0,1,0,4162,A
1-PB2,1564,1,1,0,4160,4162,C
1-PB2,1565,3947,0,5,0,3952,A
1-PB2,1566,3,13,3955,0,3971,G
1-PB2,1567,1,7,3949,0,3957,G
1-PB2,1568,0,28,3976,0,4004,G
1-PB2,1569,3974,0,1,0,3975,A
1-PB2,1570,3910,0,8,1,3919,A
1-PB2,1571,1,1,0,3949,3951,C
1-PB2,1572,0,3876,0,0,3876,T
1-PB2,1573,0,16,3866,0,3882,G
1-PB2,1574,3823,1,5,0,3829,A
1-PB2,1575,0,8,3836,0,3844,G
1-PB2,1576,3707,1,2,0,3710,A
1-PB2,1577,1,21,3473,0,3495,G
1-PB2,1578,3478,0,4,0,3482,A
1-PB2,1579,1,0,0,3474,3475,C
1-PB2,1580,0,3301,0,3,3304,T
1-PB2,1581,0,17,3326,0,3343,G
1-PB2,1582,3316,0,8,0,3324,A
1-PB2,1583,1,1,0,3324,3326,C
1-PB2,1584,3292,0,1,0,3293,A
1-PB2,1585,3284,0,0,0,3284,A
1-PB2,1586,0,3268,0,0,3268,T
1-PB2,1587,3248,0,1,0,3249,A
1-PB2,1588,3247,0,2,0,3249,A
1-PB2,1589,1,0,0,3261,3262,C
1-PB2,1590,0,2971,0,2,2973,T
1-PB2,1591,0,2929,0,0,2929,T
1-PB2,1592,2868,0,1,0,2869,A
1-PB2,1593,1,2866,0,1,2868,T
1-PB2,1594,0,2849,0,2,2851,T
1-PB2,1595,12,0,0,2830,2842,C
1-PB2,1596,2563,0,1,0,2564,A
1-PB2,1597,2,2555,0,0,2557,T
1-PB2,1598,4,1,1,2419,2425,C
1-PB2,1599,3,1,2417,0,2421,G
1-PB2,1600,0,2422,0,1,2423,T
1-PB2,1601,13,0,0,2361,2374,C
1-PB2,1602,2,2,2375,0,2379,G
1-PB2,1603,2380,0,1,0,2381,A
1-PB2,1604,0,2371,0,2,2373,T
1-PB2,1605,2,2,2343,0,2347,G
1-PB2,1606,2325,0,2,0,2327,A
1-PB2,1607,0,2311,0,1,2312,T
1-PB2,1608,1,0,2303,0,2304,G
1-PB2,1609,0,2152,0,1,2153,T
1-PB2,1610,4,16,2120,0,2140,G
1-PB2,1611,0,3,2134,0,2137,G
1-PB2,1612,1,2,2125,0,2128,G
1-PB2,1613,2032,0,0,0,2032,A
1-PB2,1614,1,2,1988,0,1991,G
1-PB2,1615,1732,1,0,0,1733,A
1-PB2,1616,1,1645,0,1,1647,T
1-PB2,1617,0,1534,0,0,1534,T
1-PB2,1618,1524,0,0,0,1524,A
1-PB2,1619,1509,0,0,0,1509,A
1-PB2,1620,0,4,0,1475,1479,C
1-PB2,1621,1,4,1304,0,1309,G
1-PB2,1622,1,0,1271,0,1272,G
1-PB2,1623,0,935,0,0,935,T
1-PB2,1624,2,1,0,907,910,C
1-PB2,1625,5,0,0,898,903,C
1-PB2,1626,0,762,0,1,763,T
1-PB2,1627,1,1,775,0,777,G
1-PB2,1628,773,0,0,0,773,A
1-PB2,1629,1,0,775,0,776,G
1-PB2,1630,0,778,0,0,778,T
1-PB2,1631,9,1,0,743,753,C
1-PB2,1632,1,1,747,0,749,G
1-PB2,1633,0,0,754,0,754,G
1-PB2,1634,0,753,0,1,754,T
1-PB2,1635,0,753,0,0,753,T
1-PB2,1636,0,753,0,0,753,T
1-PB2,1637,0,751,0,0,751,T
1-PB2,1638,0,2,785,0,787,G
1-PB2,1639,1,0,793,0,794,G
1-PB2,1640,0,789,0,0,789,T
1-PB2,1641,6,0,0,788,794,C
1-PB2,1642,772,0,1,0,773,A
1-PB2,1643,801,0,0,0,801,A
1-PB2,1644,0,804,0,0,804,T
1-PB2,1645,809,0,0,0,809,A
1-PB2,1646,0,0,0,832,832,C
1-PB2,1647,3,0,0,789,792,C
1-PB2,1648,0,792,1,0,793,T
1-PB2,1649,806,0,1,0,807,A
1-PB2,1650,0,804,0,1,805,T
1-PB2,1651,0,0,0,815,815,C
1-PB2,1652,783,0,0,0,783,A
1-PB2,1653,780,0,0,0,780,A
1-PB2,1654,0,776,0,0,776,T
1-PB2,1655,0,4,747,0,751,G
1-PB2,1656,1,1,743,1,746,G
1-PB2,1657,744,0,1,0,745,A
1-PB2,1658,0,724,0,0,724,T
1-PB2,1659,4,0,0,725,729,C
1-PB2,1660,727,0,0,0,727,A
1-PB2,1661,0,729,0,0,729,T
1-PB2,1662,1,0,0,729,730,C
1-PB2,1663,729,0,0,0,729,A
1-PB2,1664,0,1,731,0,732,G
1-PB2,1665,730,0,0,0,730,A
1-PB2,1666,728,0,0,0,728,A
1-PB2,1667,733,0,0,0,733,A
1-PB2,1668,0,736,0,0,736,T
1-PB2,1669,0,735,0,0,735,T
1-PB2,1670,0,2,732,0,734,G
1-PB2,1671,0,4,723,0,727,G
1-PB2,1672,0,1,731,0,732,G
1-PB2,1673,733,0,0,0,733,A
1-PB2,1674,730,0,1,0,731,A
1-PB2,1675,0,1,728,0,729,G
1-PB2,1676,0,0,0,731,731,C
1-PB2,1677,0,728,0,0,728,T
1-PB2,1678,1,1,733,0,735,G
1-PB2,1679,0,734,0,1,735,T
1-PB2,1680,6,0,0,723,729,C
1-PB2,1681,732,0,1,0,733,A
1-PB2,1682,737,0,0,0,737,A
1-PB2,1683,731,0,0,0,731,A
1-PB2,1684,746,0,1,0,747,A
1-PB2,1685,0,748,0,0,748,T
1-PB2,1686,0,747,0,0,747,T
1-PB2,1687,1,1,0,744,746,C
1-PB2,1688,734,0,3,0,737,A
1-PB2,1689,741,0,0,0,741,A
1-PB2,1690,0,740,0,0,740,T
1-PB2,1691,0,2,735,0,737,G
1-PB2,1692,0,0,750,0,750,G
1-PB2,1693,0,752,0,1,753,T
1-PB2,1694,4,0,0,752,756,C
1-PB2,1695,0,755,0,1,756,T
1-PB2,1696,3,0,0,755,758,C
1-PB2,1697,757,0,1,0,758,A
1-PB2,1698,1,1,762,0,764,G
1-PB2,1699,764,0,1,0,765,A
1-PB2,1700,766,0,1,0,767,A
1-PB2,1701,1,755,0,0,756,T
1-PB2,1702,2,0,0,741,743,C
1-PB2,1703,2,1,0,761,764,C
1-PB2,1704,0,762,0,0,762,T
1-PB2,1705,0,2,762,0,764,G
1-PB2,1706,0,0,0,766,766,C
1-PB2,1707,765,0,1,0,766,A
1-PB2,1708,779,0,0,0,779,A
1-PB2,1709,0,769,0,0,769,T
1-PB2,1710,1,0,786,0,787,G
1-PB2,1711,0,789,0,0,789,T
1-PB2,1712,0,764,0,1,765,T
1-PB2,1713,0,0,775,0,775,G
1-PB2,1714,0,769,0,0,769,T
1-PB2,1715,770,0,2,0,772,A
1-PB2,1716,0,1,0,773,774,C
1-PB2,1717,739,0,0,0,739,A
1-PB2,1718,747,0,0,0,747,A
1-PB2,1719,0,0,0,737,737,C
1-PB2,1720,723,1,0,0,724,A
1-PB2,1721,723,0,0,0,723,A
1-PB2,1722,705,0,0,1,706,A
1-PB2,1723,710,0,0,0,710,A
1-PB2,1724,0,711,0,0,711,T
1-PB2,1725,1,3,699,0,703,G
1-PB2,1726,1,2,701,0,704,G
1-PB2,1727,693,0,0,0,693,A
1-PB2,1728,704,0,1,0,705,A
1-PB2,1729,0,706,0,0,706,T
1-PB2,1730,0,702,0,0,702,T
1-PB2,1731,0,704,0,0,704,T
1-PB2,1732,0,4,696,0,700,G
1-PB2,1733,703,0,0,0,703,A
1-PB2,1734,701,0,2,0,703,A
1-PB2,1735,0,0,0,707,707,C
1-PB2,1736,3,0,0,695,698,C
1-PB2,1737,705,1,0,0,706,A
1-PB2,1738,0,713,0,0,713,T
1-PB2,1739,0,713,0,0,713,T
1-PB2,1740,0,712,0,0,712,T
1-PB2,1741,3,0,0,709,712,C
1-PB2,1742,712,0,0,0,712,A
1-PB2,1743,715,0,0,0,715,A
1-PB2,1744,0,717,0,1,718,T
1-PB2,1745,2,0,0,728,730,C
1-PB2,1746,0,716,0,0,716,T
1-PB2,1747,0,716,0,0,716,T
1-PB2,1748,0,716,0,1,717,T
1-PB2,1749,715,0,0,0,715,A
1-PB2,1750,0,0,717,0,717,G
1-PB2,1751,0,716,0,1,717,T
1-PB2,1752,3,0,0,726,729,C
1-PB2,1753,4,0,0,728,732,C
1-PB2,1754,6,0,0,716,722,C
1-PB2,1755,7,0,0,715,722,C
1-PB2,1756,716,0,0,0,716,A
1-PB2,1757,715,0,0,0,715,A
1-PB2,1758,0,3,727,0,730,G
1-PB2,1759,0,0,729,0,729,G
1-PB2,1760,0,0,0,733,733,C
1-PB2,1761,6,0,0,713,719,C
1-PB2,1762,719,0,0,0,719,A
1-PB2,1763,0,733,0,0,733,T
1-PB2,1764,0,735,0,0,735,T
1-PB2,1765,734,0,1,0,735,A
1-PB2,1766,0,4,729,0,733,G
1-PB2,1767,723,0,0,0,723,A
1-PB2,1768,756,0,3,0,759,A
1-PB2,1769,0,0,770,0,770,G
1-PB2,1770,0,1,0,783,784,C
1-PB2,1771,1,0,0,780,781,C
1-PB2,1772,766,0,0,0,766,A
1-PB2,1773,775,0,0,0,775,A
1-PB2,1774,0,781,0,0,781,T
1-PB2,1775,790,0,0,0,790,A
1-PB2,1776,0,0,0,791,791,C
1-PB2,1777,738,0,0,0,738,A
1-PB2,1778,0,0,742,0,742,G
1-PB2,1779,0,722,0,0,722,T
1-PB2,1780,1,9,715,0,725,G
1-PB2,1781,0,1,724,0,725,G
1-PB2,1782,0,0,725,0,725,G
1-PB2,1783,0,706,0,2,708,T
1-PB2,1784,0,697,0,0,697,T
1-PB2,1785,0,705,0,1,706,T
1-PB2,1786,1,0,712,0,713,G
1-PB2,1787,0,706,0,1,707,T
1-PB2,1788,2,0,0,705,707,C
1-PB2,1789,695,1,0,0,696,A
1-PB2,1790,0,4,698,0,702,G
1-PB2,1791,697,0,0,0,697,A
1-PB2,1792,698,0,0,0,698,A
1-PB2,1793,0,0,0,697,697,C
1-PB2,1794,0,672,0,2,674,T
1-PB2,1795,2,0,0,696,698,C
1-PB2,1796,0,706,0,0,706,T
1-PB2,1797,713,0,0,0,713,A
1-PB2,1798,0,713,0,0,713,T
1-PB2,1799,0,710,0,0,710,T
1-PB2,1800,0,0,0,713,713,C
1-PB2,1801,2,0,0,706,708,C
1-PB2,1802,701,0,2,0,703,A
1-PB2,1803,705,0,0,0,705,A
1-PB2,1804,0,1,0,706,707,C
1-PB2,1805,701,0,0,0,701,A
1-PB2,1806,706,0,0,0,706,A
1-PB2,1807,705,0,0,0,705,A
1-PB2,1808,0,709,0,0,709,T
1-PB2,1809,0,3,707,0,710,G
1-PB2,1810,703,0,1,0,704,A
1-PB2,1811,0,1,709,0,710,G
1-PB2,1812,702,0,1,0,703,A
1-PB2,1813,0,1,707,0,708,G
1-PB2,1814,707,0,0,0,707,A
1-PB2,1815,0,2,0,705,707,C
1-PB2,1816,0,0,717,0,717,G
1-PB2,1817,0,718,0,1,719,T
1-PB2,1818,729,0,0,0,729,A
1-PB2,1819,0,1,0,726,727,C
1-PB2,1820,0,722,0,0,722,T
1-PB2,1821,0,719,0,1,720,T
1-PB2,1822,0,5,713,0,718,G
1-PB2,1823,0,2,716,0,718,G
1-PB2,1824,0,1,718,0,719,G
1-PB2,1825,708,0,2,0,710,A
1-PB2,1826,0,0,0,714,714,C
1-PB2,1827,715,0,1,0,716,A
1-PB2,1828,0,723,0,0,723,T
1-PB2,1829,0,725,0,0,725,T
1-PB2,1830,0,725,1,0,726,T
1-PB2,1831,0,7,719,0,726,G
1-PB2,1832,725,0,1,0,726,A
1-PB2,1833,0,0,0,729,729,C
1-PB2,1834,721,0,0,0,721,A
1-PB2,1835,0,0,0,729,729,C
1-PB2,1836,3,0,0,711,714,C
1-PB2,1837,724,0,0,0,724,A
1-PB2,1838,0,1,0,725,726,C
1-PB2,1839,3,0,0,722,725,C
1-PB2,1840,3,0,0,724,727,C
1-PB2,1841,731,0,0,0,731,A
1-PB2,1842,0,1,739,0,740,G
1-PB2,1843,738,0,0,0,738,A
1-PB2,1844,0,758,0,0,758,T
1-PB2,1845,745,0,0,0,745,A
1-PB2,1846,734,0,0,0,734,A
1-PB2,1847,0,735,0,1,736,T
1-PB2,1848,736,0,0,0,736,A
1-PB2,1849,733,0,0,0,733,A
1-PB2,1850,734,0,1,0,735,A
1-PB2,1851,0,0,738,0,738,G
1-PB2,1852,0,0,0,735,735,C
1-PB2,1853,0,710,0,1,711,T
1-PB2,1854,0,711,0,0,711,T
1-PB2,1855,0,0,0,711,711,C
1-PB2,1856,0,708,0,1,709,T
1-PB2,1857,3,0,0,723,726,C
1-PB2,1858,5,0,0,719,724,C
1-PB2,1859,7,0,0,720,727,C
1-PB2,1860,0,727,0,2,729,T
1-PB2,1861,0,703,27,0,730,T
1-PB2,1862,0,731,0,0,731,T
1-PB2,1863,0,730,0,0,730,T
1-PB2,1864,0,0,735,0,735,G
1-PB2,1865,1,0,0,733,734,C
1-PB2,1866,722,0,2,0,724,A
1-PB2,1867,0,0,724,0,724,G
1-PB2,1868,0,0,0,726,726,C
1-PB2,1869,0,725,0,0,725,T
1-PB2,1870,0,0,728,0,728,G
1-PB2,1871,1,0,0,727,728,C
1-PB2,1872,0,720,0,0,720,T
1-PB2,1873,3,0,0,735,738,C
1-PB2,1874,3,0,0,739,742,C
1-PB2,1875,741,0,1,0,742,A
1-PB2,1876,0,0,0,744,744,C
1-PB2,1877,1,0,0,746,747,C
1-PB2,1878,741,0,0,0,741,A
1-PB2,1879,742,0,0,0,742,A
1-PB2,1880,740,0,0,0,740,A
1-PB2,1881,0,0,742,0,742,G
1-PB2,1882,0,0,0,744,744,C
1-PB2,1883,731,0,0,0,731,A
1-PB2,1884,730,1,1,0,732,A
1-PB2,1885,731,0,0,0,731,A
1-PB2,1886,0,0,733,0,733,G
1-PB2,1887,0,1,0,734,735,C
1-PB2,1888,732,0,0,0,732,A
1-PB2,1889,0,2,726,0,728,G
1-PB2,1890,717,0,1,0,718,A
1-PB2,1891,736,0,0,0,736,A
1-PB2,1892,0,735,0,1,736,T
1-PB2,1893,0,0,739,0,739,G
1-PB2,1894,0,0,0,741,741,C
1-PB2,1895,723,0,1,0,724,A
1-PB2,1896,0,0,740,0,740,G
1-PB2,1897,0,732,0,2,734,T
1-PB2,1898,0,751,0,0,751,T
1-PB2,1899,4,0,0,757,761,C
1-PB2,1900,0,742,0,0,742,T
1-PB2,1901,7,0,0,750,757,C
1-PB2,1902,0,755,0,0,755,T
1-PB2,1903,0,758,0,0,758,T
1-PB2,1904,0,0,0,765,765,C
1-PB2,1905,750,0,0,0,750,A
1-PB2,1906,0,0,0,752,752,C
1-PB2,1907,0,731,0,0,731,T
1-PB2,1908,0,4,735,0,739,G
1-PB2,1909,740,0,0,0,740,A
1-PB2,1910,0,0,0,754,754,C
1-PB2,1911,0,739,0,2,741,T
1-PB2,1912,0,0,749,0,749,G
1-PB2,1913,0,739,0,0,739,T
1-PB2,1914,0,3,746,0,749,G
1-PB2,1915,745,0,2,0,747,A
1-PB2,1916,755,0,1,0,756,A
1-PB2,1917,1,742,0,0,743,T
1-PB2,1918,0,0,742,0,742,G
1-PB2,1919,0,717,0,1,718,T
1-PB2,1920,703,0,0,0,703,A
1-PB2,1921,708,0,0,0,708,A
1-PB2,1922,0,2,709,0,711,G
1-PB2,1923,0,6,706,1,713,G
1-PB2,1924,0,0,712,0,712,G
1-PB2,1925,0,2,718,0,720,G
1-PB2,1926,714,0,0,0,714,A
1-PB2,1927,0,702,1,0,703,T
1-PB2,1928,2,0,0,707,709,C
1-PB2,1929,710,1,0,0,711,A
1-PB2,1930,0,6,716,0,722,G
1-PB2,1931,0,2,721,0,723,G
1-PB2,1932,0,0,721,0,721,G
1-PB2,1933,713,0,0,0,713,A
1-PB2,1934,0,697,0,0,697,T
1-PB2,1935,0,6,696,0,702,G
1-PB2,1936,694,0,0,0,694,A
1-PB2,1937,0,1,717,0,718,G
1-PB2,1938,712,0,0,0,712,A
1-PB2,1939,694,0,1,0,695,A
1-PB2,1940,0,718,0,0,718,T
1-PB2,1941,713,0,0,0,713,A
1-PB2,1942,1,0,0,732,733,C
1-PB2,1943,0,723,0,0,723,T
1-PB2,1944,0,725,0,0,725,T
1-PB2,1945,1,0,725,0,726,G
1-PB2,1946,0,705,0,0,705,T
1-PB2,1947,701,0,0,0,701,A
1-PB2,1948,702,0,0,0,702,A
1-PB2,1949,0,5,686,0,691,G
1-PB2,1950,0,6,693,0,699,G
1-PB2,1951,0,3,684,0,687,G
1-PB2,1952,4,0,681,0,685,G
1-PB2,1953,1,0,0,691,692,C
1-PB2,1954,690,0,0,0,690,A
1-PB2,1955,716,0,0,0,716,A
1-PB2,1956,0,714,0,1,715,T
1-PB2,1957,0,717,0,0,717,T
1-PB2,1958,2,0,0,727,729,C
1-PB2,1959,0,713,0,0,713,T
1-PB2,1960,6,0,0,716,722,C
1-PB2,1961,1,0,0,723,724,C
1-PB2,1962,0,723,0,1,724,T
1-PB2,1963,0,0,745,0,745,G
1-PB2,1964,0,725,0,0,725,T
1-PB2,1965,727,0,0,0,727,A
1-PB2,1966,0,725,0,0,725,T
1-PB2,1967,0,709,0,0,709,T
1-PB2,1968,2,0,0,710,712,C
1-PB2,1969,709,0,0,0,709,A
1-PB2,1970,724,0,0,0,724,A
1-PB2,1971,0,0,0,724,724,C
1-PB2,1972,0,702,1,2,705,T
1-PB2,1973,707,0,0,0,707,A
1-PB2,1974,0,0,1,741,742,C
1-PB2,1975,741,0,0,0,741,A
1-PB2,1976,742,1,0,0,743,A
1-PB2,1977,0,0,0,739,739,C
1-PB2,1978,729,0,0,0,729,A
1-PB2,1979,717,0,0,0,717,A
1-PB2,1980,0,6,714,0,720,G
1-PB2,1981,721,0,1,0,722,A
1-PB2,1982,1,0,0,717,718,C
1-PB2,1983,2,0,0,688,690,C
1-PB2,1984,698,0,0,0,698,A
1-PB2,1985,0,0,0,732,732,C
1-PB2,1986,0,728,0,0,728,T
1-PB2,1987,726,0,0,0,726,A
1-PB2,1988,727,0,0,0,727,A
1-PB2,1989,724,0,0,0,724,A
1-PB2,1990,722,0,1,0,723,A
1-PB2,1991,0,2,729,0,731,G
1-PB2,1992,722,0,0,0,722,A
1-PB2,1993,0,0,0,726,726,C
1-PB2,1994,0,705,0,0,705,T
1-PB2,1995,702,0,0,0,702,A
1-PB2,1996,702,0,0,0,702,A
1-PB2,1997,0,0,0,703,703,C
1-PB2,1998,703,0,0,0,703,A
1-PB2,1999,699,0,0,0,699,A
1-PB2,2000,0,682,0,0,682,T
1-PB2,2001,0,681,0,0,681,T
1-PB2,2002,1,0,0,687,688,C
1-PB2,2003,0,682,0,1,683,T
1-PB2,2004,6,0,0,685,691,C
1-PB2,2005,0,3,686,0,689,G
1-PB2,2006,0,3,691,0,694,G
1-PB2,2007,695,0,0,0,695,A
1-PB2,2008,692,0,0,0,692,A
1-PB2,2009,694,0,0,0,694,A
1-PB2,2010,694,0,1,0,695,A
1-PB2,2011,7,0,686,0,693,G
1-PB2,2012,692,0,0,0,692,A
1-PB2,2013,0,696,0,0,696,T
1-PB2,2014,0,0,699,0,699,G
1-PB2,2015,0,0,0,692,692,C
1-PB2,2016,3,0,0,686,689,C
1-PB2,2017,0,2,685,0,687,G
1-PB2,2018,2,0,686,0,688,G
1-PB2,2019,0,0,0,693,693,C
1-PB2,2020,692,0,0,0,692,A
1-PB2,2021,0,0,0,710,710,C
1-PB2,2022,0,709,0,0,709,T
1-PB2,2023,1,703,0,1,705,T
1-PB2,2024,0,711,0,0,711,T
1-PB2,2025,710,0,0,0,710,A
1-PB2,2026,716,0,0,0,716,A
1-PB2,2027,0,715,0,0,715,T
1-PB2,2028,0,709,0,0,709,T
1-PB2,2029,0,3,708,0,711,G
1-PB2,2030,691,0,0,0,691,A
1-PB2,2031,689,0,1,0,690,A
1-PB2,2032,0,3,692,0,695,G
1-PB2,2033,704,0,0,0,704,A
1-PB2,2034,0,0,0,704,704,C
1-PB2,2035,2,0,0,699,701,C
1-PB2,2036,4,0,0,701,705,C
1-PB2,2037,702,0,2,0,704,A
1-PB2,2038,0,0,722,0,722,G
1-PB2,2039,721,0,0,0,721,A
1-PB2,2040,0,719,0,1,720,T
1-PB2,2041,0,7,711,0,718,G
1-PB2,2042,692,0,0,0,692,A
1-PB2,2043,694,0,0,0,694,A
1-PB2,2044,699,0,0,0,699,A
1-PB2,2045,0,0,698,0,698,G
1-PB2,2046,0,0,0,693,693,C
1-PB2,2047,684,0,0,0,684,A
1-PB2,2048,0,0,0,692,692,C
1-PB2,2049,692,0,1,0,693,A
1-PB2,2050,0,689,0,0,689,T
1-PB2,2051,0,1,0,701,702,C
1-PB2,2052,0,1,0,707,708,C
1-PB2,2053,2,1,714,0,717,G
1-PB2,2054,1,1,713,0,715,G
1-PB2,2055,706,0,0,0,706,A
1-PB2,2056,0,0,713,0,713,G
1-PB2,2057,0,695,1,0,696,T
1-PB2,2058,0,1,700,0,701,G
1-PB2,2059,0,0,705,0,705,G
1-PB2,2060,693,0,2,0,695,A
1-PB2,2061,0,0,694,0,694,G
1-PB2,2062,0,676,0,1,677,T
1-PB2,2063,0,0,0,675,675,C
1-PB2,2064,3,0,0,673,676,C
1-PB2,2065,0,2,674,0,676,G
1-PB2,2066,0,1,0,673,674,C
1-PB2,2067,0,0,0,669,669,C
1-PB2,2068,1,0,681,0,682,G
1-PB2,2069,0,677,0,0,677,T
1-PB2,2070,3,0,0,687,690,C
1-PB2,2071,0,685,0,2,687,T
1-PB2,2072,0,689,0,1,690,T
1-PB2,2073,0,2,693,0,695,G
1-PB2,2074,693,0,0,0,693,A
1-PB2,2075,0,0,694,0,694,G
1-PB2,2076,688,0,2,0,690,A
1-PB2,2077,1,7,660,0,668,G
1-PB2,2078,0,2,667,0,669,G
1-PB2,2079,0,0,666,0,666,G
1-PB2,2080,0,659,0,0,659,T
1-PB2,2081,0,655,0,0,655,T
1-PB2,2082,0,667,0,0,667,T
1-PB2,2083,2,0,0,666,668,C
1-PB2,2084,0,667,0,1,668,T
1-PB2,2085,2,0,0,692,694,C
1-PB2,2086,698,0,0,0,698,A
1-PB2,2087,0,695,0,0,695,T
1-PB2,2088,0,689,0,1,690,T
1-PB2,2089,691,0,0,0,691,A
1-PB2,2090,0,691,0,0,691,T
1-PB2,2091,686,0,0,0,686,A
1-PB2,2092,0,2,687,0,689,G
1-PB2,2093,0,0,695,0,695,G
1-PB2,2094,0,660,0,0,660,T
1-PB2,2095,652,0,0,0,652,A
1-PB2,2096,645,0,0,0,645,A
1-PB2,2097,0,1,649,0,650,G
1-PB2,2098,0,1,656,0,657,G
1-PB2,2099,654,0,0,0,654,A
1-PB2,2100,645,0,0,0,645,A
1-PB2,2101,0,6,639,0,645,G
1-PB2,2102,640,0,1,0,641,A
1-PB2,2103,0,1,0,641,642,C
1-PB2,2104,641,0,1,0,642,A
1-PB2,2105,0,0,641,0,641,G
1-PB2,2106,633,1,0,0,634,A
1-PB2,2107,631,0,0,0,631,A
1-PB2,2108,1,0,629,0,630,G
1-PB2,2109,1,0,613,0,614,G
1-PB2,2110,0,620,0,2,622,T
1-PB2,2111,621,0,0,0,621,A
1-PB2,2112,1,0,0,623,624,C
1-PB2,2113,0,5,614,0,619,G
1-PB2,2114,1,5,633,0,639,G
1-PB2,2115,636,0,0,0,636,A
1-PB2,2116,0,0,0,634,634,C
1-PB2,2117,3,0,0,630,633,C
1-PB2,2118,611,0,0,0,611,A
1-PB2,2119,1,0,626,0,627,G
1-PB2,2120,1,0,0,629,630,C
1-PB2,2121,631,0,0,0,631,A
1-PB2,2122,0,623,0,4,627,T
1-PB2,2123,0,595,0,0,595,T
1-PB2,2124,593,0,0,0,593,A
1-PB2,2125,593,0,0,0,593,A
1-PB2,2126,0,0,596,0,596,G
1-PB2,2127,0,0,0,592,592,C
1-PB2,2128,559,0,1,0,560,A
1-PB2,2129,0,589,0,1,590,T
1-PB2,2130,1,1,0,587,589,C
1-PB2,2131,579,0,14,0,593,A
1-PB2,2132,593,0,0,0,593,A
1-PB2,2133,0,589,0,0,589,T
1-PB2,2134,0,1,592,0,593,G
1-PB2,2135,581,0,1,0,582,A
1-PB2,2136,580,0,1,0,581,A
1-PB2,2137,0,1,0,591,592,C
1-PB2,2138,0,558,1,0,559,T
1-PB2,2139,1,8,569,0,578,G
1-PB2,2140,576,0,1,0,577,A
1-PB2,2141,0,0,580,0,580,G
1-PB2,2142,0,579,0,0,579,T
1-PB2,2143,571,0,1,0,572,A
1-PB2,2144,571,0,1,0,572,A
1-PB2,2145,0,0,0,580,580,C
1-PB2,2146,0,0,0,562,562,C
1-PB2,2147,0,555,0,1,556,T
1-PB2,2148,0,526,0,3,529,T
1-PB2,2149,0,0,532,0,532,G
1-PB2,2150,0,0,0,528,528,C
1-PB2,2151,531,0,1,0,532,A
1-PB2,2152,531,0,0,0,531,A
1-PB2,2153,526,0,1,0,527,A
1-PB2,2154,514,0,1,0,515,A
1-PB2,2155,0,5,510,0,515,G
1-PB2,2156,0,5,511,0,516,G
1-PB2,2157,0,0,513,0,513,G
1-PB2,2158,0,0,514,0,514,G
1-PB2,2159,511,0,0,1,512,A
1-PB2,2160,512,1,0,0,513,A
1-PB2,2161,513,0,1,0,514,A
1-PB2,2162,517,0,0,1,518,A
1-PB2,2163,0,1,521,0,522,G
1-PB2,2164,0,0,516,0,516,G
1-PB2,2165,0,0,0,515,515,C
1-PB2,2166,0,509,0,0,509,T
1-PB2,2167,509,0,0,0,509,A
1-PB2,2168,511,0,0,0,511,A
1-PB2,2169,0,508,0,0,508,T
1-PB2,2170,0,0,527,0,527,G
1-PB2,2171,0,512,0,0,512,T
1-PB2,2172,0,0,504,0,504,G
1-PB2,2173,1,0,0,507,508,C
1-PB2,2174,0,504,0,0,504,T
1-PB2,2175,506,0,0,0,506,A
1-PB2,2176,506,0,0,0,506,A
1-PB2,2177,0,504,0,0,504,T
1-PB2,2178,2,0,0,501,503,C
1-PB2,2179,1,1,484,0,486,G
1-PB2,2180,0,3,485,0,488,G
1-PB2,2181,0,0,492,0,492,G
1-PB2,2182,0,0,0,487,487,C
1-PB2,2183,490,0,0,0,490,A
1-PB2,2184,485,0,0,0,485,A
1-PB2,2185,0,1,486,0,487,G
1-PB2,2186,0,0,488,0,488,G
1-PB2,2187,489,0,0,0,489,A
1-PB2,2188,0,1,486,0,487,G
1-PB2,2189,468,0,2,0,470,A
1-PB2,2190,0,0,0,468,468,C
1-PB2,2191,0,0,467,0,467,G
1-PB2,2192,0,467,0,0,467,T
1-PB2,2193,0,1,467,0,468,G
1-PB2,2194,0,0,474,0,474,G
1-PB2,2195,0,457,0,0,457,T
1-PB2,2196,0,0,461,0,461,G
1-PB2,2197,0,447,0,3,450,T
1-PB2,2198,1,450,0,0,451,T
1-PB2,2199,0,2,448,0,450,G
1-PB2,2200,0,0,450,0,450,G
1-PB2,2201,0,449,0,0,449,T
1-PB2,2202,436,0,0,0,436,A
1-PB2,2203,421,0,0,0,421,A
1-PB2,2204,0,406,0,0,406,T
1-PB2,2205,0,3,395,0,398,G
1-PB2,2206,396,0,0,0,396,A
1-PB2,2207,398,0,0,0,398,A
1-PB2,2208,397,0,1,0,398,A
1-PB2,2209,0,0,0,390,390,C
1-PB2,2210,0,1,387,0,388,G
1-PB2,2211,391,0,0,0,391,A
1-PB2,2212,388,0,0,0,388,A
1-PB2,2213,389,0,0,0,389,A
1-PB2,2214,387,0,0,0,387,A
1-PB2,2215,0,2,0,389,391,C
1-PB2,2216,1,3,383,0,387,G
1-PB2,2217,0,3,388,0,391,G
1-PB2,2218,0,2,390,0,392,G
1-PB2,2219,395,0,0,0,395,A
1-PB2,2220,0,0,0,397,397,C
1-PB2,2221,0,391,0,0,391,T
1-PB2,2222,3,0,0,405,408,C
1-PB2,2223,0,408,0,0,408,T
1-PB2,2224,410,0,0,0,410,A
1-PB2,2225,0,0,415,0,415,G
1-PB2,2226,0,0,0,405,405,C
1-PB2,2227,404,0,0,1,405,A
1-PB2,2228,0,399,0,0,399,T
1-PB2,2229,381,0,0,0,381,A
1-PB2,2230,0,1,0,381,382,C
1-PB2,2231,1,336,0,0,337,T
1-PB2,2232,0,338,0,0,338,T
1-PB2,2233,329,0,0,0,329,A
1-PB2,2234,0,1,0,329,330,C
1-PB2,2235,0,326,0,0,326,T
1-PB2,2236,0,1,326,0,327,G
1-PB2,2237,320,1,2,0,323,A
1-PB2,2238,0,0,0,323,323,C
1-PB2,2239,300,0,1,0,301,A
1-PB2,2240,0,1,301,0,302,G
1-PB2,2241,0,0,0,295,295,C
1-PB2,2242,0,0,0,296,296,C
1-PB2,2243,295,0,0,0,295,A
1-PB2,2244,0,0,292,0,292,G
1-PB2,2245,291,0,0,0,291,A
1-PB2,2246,0,0,0,292,292,C
1-PB2,2247,269,0,0,0,269,A
1-PB2,2248,0,0,268,0,268,G
1-PB2,2249,0,1,0,246,247,C
1-PB2,2250,0,1,251,0,252,G
1-PB2,2251,251,0,0,0,251,A
1-PB2,2252,0,0,0,251,251,C
1-PB2,2253,1,0,0,250,251,C
1-PB2,2254,252,0,0,0,252,A
1-PB2,2255,252,0,0,0,252,A
1-PB2,2256,251,0,0,0,251,A
1-PB2,2257,250,0,0,0,250,A
1-PB2,2258,0,0,248,0,248,G
1-PB2,2259,239,0,0,0,239,A
1-PB2,2260,235,0,0,0,235,A
1-PB2,2261,0,235,0,0,235,T
1-PB2,2262,0,235,0,0,235,T
1-PB2,2263,0,0,0,236,236,C
1-PB2,2264,0,0,231,0,231,G
1-PB2,2265,0,1,230,0,231,G
1-PB2,2266,230,0,1,0,231,A
1-PB2,2267,0,219,0,0,219,T
1-PB2,2268,0,1,216,0,217,G
1-PB2,2269,0,0,217,0,217,G
1-PB2,2270,0,0,0,214,214,C
1-PB2,2271,0,0,0,214,214,C
1-PB2,2272,213,0,0,0,213,A
1-PB2,2273,1,214,0,0,215,T
1-PB2,2274,0,0,0,213,213,C
1-PB2,2275,213,0,0,0,213,A
1-PB2,2276,214,0,0,0,214,A
1-PB2,2277,0,210,0,0,210,T
1-PB2,2278,0,196,0,0,196,T
1-PB2,2279,189,0,0,0,189,A
1-PB2,2280,187,0,0,0,187,A
2-PB1,1,2402,0,0,0,2402,A
2-PB1,2,0,2410,0,0,2410,T
2-PB1,3,0,0,2440,0,2440,G
2-PB1,4,0,6,2633,1,2640,G
2-PB1,5,3001,1,0,0,3002,A
2-PB1,6,0,3232,0,0,3232,T
2-PB1,7,0,0,3259,0,3259,G
2-PB1,8,0,3257,0,8,3265,T
2-PB1,9,13,0,0,3483,3496,C
2-PB1,10,3528,0,1,0,3529,A
2-PB1,11,3741,0,0,0,3741,A
2-PB1,12,0,3746,0,2,3748,T
2-PB1,13,7,0,0,3774,3781,C
2-PB1,14,10,9,0,4042,4061,C
2-PB1,15,2,67,4069,0,4138,G
2-PB1,16,4752,0,1,0,4753,A
2-PB1,17,0,0,0,4823,4823,C
2-PB1,18,1,4808,0,8,4817,T
2-PB1,19,8,0,1,5636,5645,C
2-PB1,20,0,5652,0,3,5655,T
2-PB1,21,5711,0,0,0,5711,A
2-PB1,22,1,0,0,5719,5720,C
2-PB1,23,1,5714,0,2,5717,T
2-PB1,24,2,0,6335,0,6337,G
2-PB1,25,0,6399,0,3,6402,T
2-PB1,26,0,6400,0,1,6401,T
2-PB1,27,24,1,0,6364,6389,C
2-PB1,28,8,1,0,6375,6384,C
2-PB1,29,0,7447,0,2,7449,T
2-PB1,30,7513,0,1,0,7514,A
2-PB1,31,7511,2,2,0,7515,A
2-PB1,32,7575,0,3,0,7578,A
2-PB1,33,1,42,7585,0,7628,G
2-PB1,34,1,0,7678,0,7679,G
2-PB1,35,0,7711,1,7,7719,T
2-PB1,36,0,7718,0,2,7720,T
2-PB1,37,20,2,0,7714,7736,C
2-PB1,38,19,0,0,7720,7739,C
2-PB1,39,7747,0,3,0,7750,A
2-PB1,40,2,5,7821,0,7828,G
2-PB1,41,1,3,0,7819,7823,C
2-PB1,42,1,5,7848,0,7854,G
2-PB1,43,3,2,1,7879,7885,C
2-PB1,44,7884,1,1,0,7886,A
2-PB1,45,7907,0,0,0,7907,A
2-PB1,46,7910,0,1,0,7911,A
2-PB1,47,7973,0,4,0,7977,A
2-PB1,48,0,8028,0,2,8030,T
2-PB1,49,3,6,8375,0,8384,G
2-PB1,50,0,3,0,8428,8431,C
2-PB1,51,32,1,0,8440,8473,C
2-PB1,52,8494,0,5,1,8500,A
2-PB1,53,0,8508,0,1,8509,T
2-PB1,54,9084,0,1,0,9085,A
2-PB1,55,9113,0,5,0,9118,A
2-PB1,56,0,7,9517,0,9524,G
2-PB1,57,3,4,0,9513,9520,C
2-PB1,58,9479,0,4,0,9483,A
2-PB1,59,1,3,0,9853,9857,C
2-PB1,60,9854,1,5,0,9860,A
2-PB1,61,10313,1,12,0,10326,A
2-PB1,62,0,2,0,10367,10369,C
2-PB1,63,10281,0,4,0,10285,A
2-PB1,64,0,10391,0,3,10394,T
2-PB1,65,2,10284,0,5,10291,T
2-PB1,66,28,0,0,12880,12908,C
2-PB1,67,32,1,0,12889,12922,C
2-PB1,68,78,0,1,12890,12969,C
2-PB1,69,2,13023,3,13,13041,T
2-PB1,70,0,12941,0,3,12944,T
2-PB1,71,14095,1,0,0,14096,A
2-PB1,72,2,14181,0,4,14187,T
2-PB1,73,14238,1,4,1,14244,A
2-PB1,74,1,0,0,14377,14378,C
2-PB1,75,1,13635,0,8,13644,T
2-PB1,76,3,29,13805,0,13837,G
2-PB1,77,4,77,13756,0,13837,G
2-PB1,78,13798,2,12,0,13812,A
2-PB1,79,3,31,13819,0,13853,G
2-PB1,80,13658,1,9,2,13670,A
2-PB1,81,2,13670,0,5,13677,T
2-PB1,82,37,3,0,14517,14557,C
2-PB1,83,54,1,1,14549,14605,C
2-PB1,84,3,14627,0,8,14638,T
2-PB1,85,34,2,0,15595,15631,C
2-PB1,86,45,4,1,15558,15608,C
2-PB1,87,15725,0,4,2,15731,A
2-PB1,88,1,15736,0,6,15743,T
2-PB1,89,15698,0,5,1,15704,A
2-PB1,90,0,5,1,15765,15771,C
2-PB1,91,15454,1,10,2,15467,A
2-PB1,92,2,4,16178,0,16184,G
2-PB1,93,2,2,0,16350,16354,C
2-PB1,94,46,2,0,16129,16177,C
2-PB1,95,16217,0,5,0,16222,A
2-PB1,96,0,16177,0,9,16186,T
2-PB1,97,3,69,16140,1,16213,G
2-PB1,98,1,130,16851,1,16983,G
2-PB1,99,17091,0,10,0,17101,A
2-PB1,100,17122,0,14,0,17136,A
2-PB1,101,1,5,0,17098,17104,C
2-PB1,102,16867,4,24,1,16896,A
2-PB1,103,1,65,17301,1,17368,G
2-PB1,104,1,111,17513,0,17625,G
2-PB1,105,17615,2,17,0,17634,A
2-PB1,106,17708,2,12,0,17722,A
2-PB1,107,3,5,0,17740,17748,C
2-PB1,108,17514,0,14,2,17530,A
2-PB1,109,4,120,19336,1,19461,G
2-PB1,110,1,136,19294,1,19432,G
2-PB1,111,3,2,19693,1,19699,G
2-PB1,112,3,19521,0,55,19579,T
2-PB1,113,19489,0,11,0,19500,A
2-PB1,114,2,8,0,19685,19695,C
2-PB1,115,20305,1,19,0,20325,A
2-PB1,116,1,6,0,21188,21195,C
2-PB1,117,69,3,0,20916,20988,C
2-PB1,118,20122,2,16,2,20142,A
2-PB1,119,0,20103,0,0,20103,T
2-PB1,120,2,124,19925,3,20054,G
2-PB1,121,1,120,19984,1,20106,G
2-PB1,122,20093,0,17,1,20111,A
2-PB1,123,3,9,0,20115,20127,C
2-PB1,124,19575,4,17,2,19598,A
2-PB1,125,2,4,0,19883,19889,C
2-PB1,126,19722,2,15,0,19739,A
2-PB1,127,2,1,20149,2,20154,G
2-PB1,128,4,20099,0,9,20112,T
2-PB1,129,114,3,1,20721,20839,C
2-PB1,130,20775,1,16,1,20793,A
2-PB1,131,20976,4,26,0,21006,A
2-PB1,132,2,13,0,20989,21004,C
2-PB1,133,20886,1,8,1,20896,A
2-PB1,134,2,117,21058,1,21178,G
2-PB1,135,20760,6,13,2,20781,A
2-PB1,136,20687,5,15,0,20707,A
2-PB1,137,2,4,0,20705,20711,C
2-PB1,138,20187,1,29,0,20217,A
2-PB1,139,0,4,0,20223,20227,C
2-PB1,140,20084,2,9,0,20095,A
2-PB1,141,4,19785,0,10,19799,T
2-PB1,142,53,2,1,21493,21549,C
2-PB1,143,21627,0,9,1,21637,A
2-PB1,144,21962,3,1,0,21966,A
2-PB1,145,4,22210,1,3,22218,T
2-PB1,146,22786,2,0,1,22789,A
2-PB1,147,1,22824,0,3,22828,T
2-PB1,148,7,22281,1,9,22298,T
2-PB1,149,77,2,2,22211,22292,C
2-PB1,150,21914,0,16,1,21931,A
2-PB1,151,1,93,21871,0,21965,G
2-PB1,152,21763,2,12,0,21777,A
2-PB1,153,1,57,21771,0,21829,G
2-PB1,154,21338,0,28,0,21366,A
2-PB1,155,15,151,20659,0,20825,G
2-PB1,156,4,182,20631,0,20817,G
2-PB1,157,1,136,21630,1,21768,G
2-PB1,158,2,63,21745,0,21810,G
2-PB1,159,8,44,21921,0,21973,G
2-PB1,160,21930,2,23,0,21955,A
2-PB1,161,21960,0,27,1,21988,A
2-PB1,162,3,1,22186,2,22192,G
2-PB1,163,3,22001,0,8,22012,T
2-PB1,164,6,142,21741,2,21891,G
2-PB1,165,1,69,21704,1,21775,G
2-PB1,166,21732,2,39,0,21773,A
2-PB1,167,5,30,1,21844,21880,C
2-PB1,168,6,188,21729,1,21924,G
2-PB1,169,22038,7,22,0,22067,A
2-PB1,170,2,3,0,22270,22275,C
2-PB1,171,22130,3,4,0,22137,A
2-PB1,172,22145,1,3,0,22149,A
2-PB1,173,22244,1,11,2,22258,A
2-PB1,174,0,22624,0,6,22630,T
2-PB1,175,22689,0,12,0,22701,A
2-PB1,176,3,5,1,22737,22746,C
2-PB1,177,22439,2,29,0,22470,A
2-PB1,178,4,39,22537,2,22582,G
2-PB1,179,22399,1,3,1,22404,A
2-PB1,180,22702,1,2,0,22705,A
2-PB1,181,22681,1,7,0,22689,A
2-PB1,182,0,1,0,22721,22722,C
2-PB1,183,1,22370,1,7,22379,T
2-PB1,184,4,121,22291,0,22416,G
2-PB1,185,5,158,22211,1,22375,G
2-PB1,186,11,62,22270,0,22343,G
2-PB1,187,10,14,22314,0,22338,G
2-PB1,188,9,5,1,22303,22318,C
2-PB1,189,22159,4,17,1,22181,A
2-PB1,190,6,3,0,23337,23346,C
2-PB1,191,67,5,1,23190,23263,C
2-PB1,192,178,12,0,23082,23272,C
2-PB1,193,147,3,1,23194,23345,C
2-PB1,194,23361,2,6,2,23371,A
2-PB1,195,23634,1,12,1,23648,A
2-PB1,196,1,1,0,23643,23645,C
2-PB1,197,1,23523,0,26,23550,T
2-PB1,198,120,2,0,23471,23593,C
2-PB1,199,22442,1,11,4,22458,A
2-PB1,200,22885,1,16,1,22903,A
2-PB1,201,2,2,1,22922,22927,C
2-PB1,202,68,6,0,22750,22824,C
2-PB1,203,211,2,0,22631,22844,C
2-PB1,204,22626,1,0,1,22628,A
2-PB1,205,22743,5,5,2,22755,A
2-PB1,206,2,22859,2,2,22865,T
2-PB1,207,3,22806,1,5,22815,T
2-PB1,208,3,59,22811,1,22874,G
2-PB1,209,22138,3,458,0,22599,A
2-PB1,210,2,22560,0,17,22579,T
2-PB1,211,9,109,22432,1,22551,G
2-PB1,212,3,111,22776,1,22891,G
2-PB1,213,23093,2,82,0,23177,A
2-PB1,214,5,3,0,23319,23327,C
2-PB1,215,99,6,0,23087,23192,C
2-PB1,216,23104,0,20,0,23124,A
2-PB1,217,4,2,0,23695,23701,C
2-PB1,218,3,23658,0,4,23665,T
2-PB1,219,24073,2,7,1,24083,A
2-PB1,220,4,1,1,24363,24369,C
2-PB1,221,52,2,1,23948,24003,C
2-PB1,222,2,23362,0,20,23384,T
2-PB1,223,5,55,23428,1,23489,G
2-PB1,224,23377,2,23,2,23404,A
2-PB1,225,2,95,23529,0,23626,G
2-PB1,226,0,41,23431,2,23474,G
2-PB1,227,23459,2,10,2,23473,A
2-PB1,228,1,23217,1,5,23224,T
2-PB1,229,22808,1,2,1,22812,A
2-PB1,230,22823,1,13,3,22840,A
2-PB1,231,2,22844,0,7,22853,T
2-PB1,232,1,197,22594,0,22792,G
2-PB1,233,22770,3,14,1,22788,A
2-PB1,234,22577,1,23,0,22601,A
2-PB1,235,2,2,0,22662,22666,C
2-PB1,236,114,3,0,22116,22233,C
2-PB1,237,22342,0,12,2,22356,A
2-PB1,238,22378,1,9,1,22389,A
2-PB1,239,5,3,22537,0,22545,G
2-PB1,240,1,22499,0,7,22507,T
2-PB1,241,7,108,22368,0,22483,G
2-PB1,242,2,45,22737,0,22784,G
2-PB1,243,22715,5,12,0,22732,A
2-PB1,244,0,22665,0,2,22667,T
2-PB1,245,22664,3,6,2,22675,A
2-PB1,246,5,23027,0,7,23039,T
2-PB1,247,7,15,23134,1,23157,G
2-PB1,248,7,8,0,23136,23151,C
2-PB1,249,22788,4,328,0,23120,A
2-PB1,250,2,6,1,23831,23840,C
2-PB1,251,23361,2,2,0,23365,A
2-PB1,252,23812,1,6,0,23819,A
2-PB1,253,23823,1,10,0,23834,A
2-PB1,254,3,3,0,23864,23870,C
2-PB1,255,23160,1,6,0,23167,A
2-PB1,256,4,136,23354,0,23494,G
2-PB1,257,23356,3,17,2,23378,A
2-PB1,258,1,1,0,23465,23467,C
2-PB1,259,5,22576,1,30,22612,T
2-PB1,260,7,2,23097,0,23106,G
2-PB1,261,0,22705,0,13,22718,T
2-PB1,262,4,5,23890,0,23899,G
2-PB1,263,3,23836,0,19,23858,T
2-PB1,264,116,3,1,23872,23992,C
2-PB1,265,63,5,1,23867,23936,C
2-PB1,266,0,23669,0,20,23689,T
2-PB1,267,7,51,23603,0,23661,G
2-PB1,268,0,24,23625,1,23650,G
2-PB1,269,23134,3,22,2,23161,A
2-PB1,270,1,49,23651,1,23702,G
2-PB1,271,1,4,22771,0,22776,G
2-PB1,272,6,0,0,22828,22834,C
2-PB1,273,2,22629,2,14,22647,T
2-PB1,274,22651,3,15,1,22670,A
2-PB1,275,2,22663,0,17,22682,T
2-PB1,276,6,63,22631,3,22703,G
2-PB1,277,4,5,22684,0,22693,G
2-PB1,278,4,3,0,22638,22645,C
2-PB1,279,69,1,1,22170,22241,C
2-PB1,280,1,21853,1,12,21867,T
2-PB1,281,1,23239,0,3,23243,T
2-PB1,282,43,1,0,23260,23304,C
2-PB1,283,95,0,0,23204,23299,C
2-PB1,284,0,23292,0,11,23303,T
2-PB1,285,2,23241,1,5,23249,T
2-PB1,286,2,64,23294,0,23360,G
2-PB1,287,23355,3,2,0,23360,A
2-PB1,288,23346,2,18,0,23366,A
2-PB1,289,0,86,23318,0,23404,G
2-PB1,290,22229,0,4,0,22233,A
2-PB1,291,22554,2,5,0,22561,A
2-PB1,292,2,22517,1,7,22527,T
2-PB1,293,74,7,2,22478,22561,C
2-PB1,294,91,10,1,22465,22567,C
2-PB1,295,175,6,1,22297,22479,C
2-PB1,296,22586,3,20,0,22609,A
2-PB1,297,3,3,1,22779,22786,C
2-PB1,298,66,2,0,22663,22731,C
2-PB1,299,203,8,0,22552,22763,C
2-PB1,300,22372,2,11,0,22385,A
2-PB1,301,2,44,22554,0,22600,G
2-PB1,302,4,4,22686,2,22696,G
2-PB1,303,1,22596,1,6,22604,T
2-PB1,304,22772,1,4,0,22777,A
2-PB1,305,1,22676,1,1,22679,T
2-PB1,306,31,2,1,22631,22665,C
2-PB1,307,4,22671,2,22,22699,T
2-PB1,308,3,22694,0,3,22700,T
2-PB1,309,4,22600,1,8,22613,T
2-PB1,310,4,101,22410,0,22515,G
2-PB1,311,22229,3,54,1,22287,A
2-PB1,312,4,109,22230,0,22343,G
2-PB1,313,22069,3,13,0,22085,A
2-PB1,314,22162,0,9,2,22173,A
2-PB1,315,3,1,0,22394,22398,C
2-PB1,316,3,22067,0,18,22088,T
2-PB1,317,125,3,0,22010,22138,C
2-PB1,318,22095,1,7,2,22105,A
2-PB1,319,3,22119,1,11,22134,T
2-PB1,320,9,11,22169,2,22191,G
2-PB1,321,10,7,1,22657,22675,C
2-PB1,322,60,3,1,22594,22658,C
2-PB1,323,5,22507,1,17,22530,T
2-PB1,324,3,22251,2,18,22274,T
2-PB1,325,1,91,22291,0,22383,G
2-PB1,326,22528,1,10,2,22541,A
2-PB1,327,22533,0,8,2,22543,A
2-PB1,328,22532,4,19,1,22556,A
2-PB1,329,1,2,0,22731,22734,C
2-PB1,330,22043,2,23,1,22069,A
2-PB1,331,22231,0,1,1,22233,A
2-PB1,332,1,22220,1,9,22231,T
2-PB1,333,4,57,22150,0,22211,G
2-PB1,334,2,21,22156,1,22180,G
2-PB1,335,21845,2,13,2,21862,A
2-PB1,336,21821,1,21,0,21843,A
2-PB1,337,2,11,21834,1,21848,G
2-PB1,338,9,6,0,21884,21899,C
2-PB1,339,76,7,0,21570,21653,C
2-PB1,340,41,3,21863,0,21907,G
2-PB1,341,6,21777,2,24,21809,T
2-PB1,342,4,21816,3,10,21833,T
2-PB1,343,168,1,0,21866,22035,C
2-PB1,344,22023,5,13,1,22042,A
2-PB1,345,22325,1,14,0,22340,A
2-PB1,346,1,6,0,22358,22365,C
2-PB1,347,22276,1,18,0,22295,A
2-PB1,348,3,80,22485,1,22569,G
2-PB1,349,22112,3,34,0,22149,A
2-PB1,350,3,0,0,22175,22178,C
2-PB1,351,22128,1,10,1,22140,A
2-PB1,352,22402,2,14,1,22419,A
2-PB1,353,3,225,22408,0,22636,G
2-PB1,354,4,82,22304,0,22390,G
2-PB1,355,6,0,22437,0,22443,G
2-PB1,356,0,21764,0,13,21777,T
2-PB1,357,10,107,21686,0,21803,G
2-PB1,358,5,92,21736,2,21835,G
2-PB1,359,21809,3,30,0,21842,A
2-PB1,360,1,3,1,21848,21853,C
2-PB1,361,21247,1,2,1,21251,A
2-PB1,362,21570,1,4,1,21576,A
2-PB1,363,21560,4,4,5,21573,A
2-PB1,364,1,2,1,21567,21571,C
2-PB1,365,3,21442,0,5,21450,T
2-PB1,366,21456,1,4,2,21463,A
2-PB1,367,21634,1,8,0,21643,A
2-PB1,368,1,2,0,21700,21703,C
2-PB1,369,50,3,0,21615,21668,C
2-PB1,370,210,4,2,21422,21638,C
2-PB1,371,20945,2,5,1,20953,A
2-PB1,372,20932,3,12,2,20949,A
2-PB1,373,1,87,20875,0,20963,G
2-PB1,374,2,5,21019,0,21026,G
2-PB1,375,4,20921,1,15,20941,T
2-PB1,376,187,13,0,20580,20780,C
2-PB1,377,24,8,20739,0,20771,G
2-PB1,378,9,6,0,20734,20749,C
2-PB1,379,66,1,0,20733,20800,C
2-PB1,380,20779,0,14,1,20794,A
2-PB1,381,2,91,21199,0,21292,G
2-PB1,382,21603,0,16,0,21619,A
2-PB1,383,2,1,0,21687,21690,C
2-PB1,384,0,21485,2,13,21500,T
2-PB1,385,1,21359,2,14,21376,T
2-PB1,386,21404,1,6,2,21413,A
2-PB1,387,1,21564,3,10,21578,T
2-PB1,388,6,73,21533,1,21613,G
2-PB1,389,21538,1,8,2,21549,A
2-PB1,390,1,21053,1,7,21062,T
2-PB1,391,2,20269,1,8,20280,T
2-PB1,392,5,101,20093,1,20200,G
2-PB1,393,2,72,20154,0,20228,G
2-PB1,394,20506,3,27,2,20538,A
2-PB1,395,4,3,0,20520,20527,C
2-PB1,396,20190,2,1,2,20195,A
2-PB1,397,4,20044,0,5,20053,T
2-PB1,398,1,20243,2,0,20246,T
2-PB1,399,20396,5,1,0,20402,A
2-PB1,400,20395,1,2,0,20398,A
2-PB1,401,20440,1,10,2,20453,A
2-PB1,402,3,3,0,20453,20459,C
2-PB1,403,19961,4,6,0,19971,A
2-PB1,404,1,31,20148,1,20181,G
2-PB1,405,20058,0,2,0,20060,A
2-PB1,406,20073,2,5,0,20080,A
2-PB1,407,20118,1,9,0,20128,A
2-PB1,408,2,19865,0,3,19870,T
2-PB1,409,140,1,2,19791,19934,C
2-PB1,410,19889,1,3,2,19895,A
2-PB1,411,19932,0,13,1,19946,A
2-PB1,412,2,7,0,19928,19937,C
2-PB1,413,48,25,0,19675,19748,C
2-PB1,414,24,67,19719,1,19811,G
2-PB1,415,3,3,19785,0,19791,G
2-PB1,416,12,8,0,19817,19837,C
2-PB1,417,19780,3,16,1,19800,A
2-PB1,418,11,4,19820,1,19836,G
2-PB1,419,4,3,1,20013,20021,C
2-PB1,420,20001,1,5,6,20013,A
2-PB1,421,20017,3,14,0,20034,A
2-PB1,422,3,2,0,20077,20082,C
2-PB1,423,1,19922,0,18,19941,T
2-PB1,424,5,7,20953,1,20966,G
2-PB1,425,10,6,2,20903,20921,C
2-PB1,426,20945,5,5,0,20955,A
2-PB1,427,1,20918,1,9,20929,T
2-PB1,428,0,20632,1,2,20635,T
2-PB1,429,22108,1,8,2,22119,A
2-PB1,430,5,4,22174,0,22183,G
2-PB1,431,4,6,0,22056,22066,C
2-PB1,432,75,7,3,21979,22064,C
2-PB1,433,21050,2,4,0,21056,A
2-PB1,434,21184,0,8,2,21194,A
2-PB1,435,2,7,0,21353,21362,C
2-PB1,436,21370,2,10,0,21382,A
2-PB1,437,5,2,0,22263,22270,C
2-PB1,438,94,1,0,20461,20556,C
2-PB1,439,20513,4,6,1,20524,A
2-PB1,440,0,20470,4,25,20499,T
2-PB1,441,20493,3,7,2,20505,A
2-PB1,442,2,35,20509,0,20546,G
2-PB1,443,20342,5,3,1,20351,A
2-PB1,444,20094,1,6,0,20101,A
2-PB1,445,1,0,20254,0,20255,G
2-PB1,446,0,19461,1,1,19463,T
2-PB1,447,0,19459,1,6,19466,T
2-PB1,448,0,19456,0,6,19462,T
2-PB1,449,1,19489,0,3,19493,T
2-PB1,450,0,19528,0,5,19533,T
2-PB1,451,19494,1,2,0,19497,A
2-PB1,452,1,55,19460,0,19516,G
2-PB1,453,19437,2,5,0,19444,A
2-PB1,454,3,19360,1,11,19375,T
2-PB1,455,75,4,2,19030,19111,C
2-PB1,456,132,143,18891,1,19167,G
2-PB1,457,19166,0,6,0,19172,A
2-PB1,458,19146,2,10,0,19158,A
2-PB1,459,0,41,0,19229,19270,C
2-PB1,460,8,74,19232,1,19315,G
2-PB1,461,1,41,20247,1,20290,G
2-PB1,462,20241,1,5,0,20247,A
2-PB1,463,1,20206,2,11,20220,T
2-PB1,464,0,20188,1,5,20194,T
2-PB1,465,20201,3,15,0,20219,A
2-PB1,466,20209,3,17,0,20229,A
2-PB1,467,0,7,0,20332,20339,C
2-PB1,468,20152,0,18,2,20172,A
2-PB1,469,1,4,20441,1,20447,G
2-PB1,470,1,2,0,19438,19441,C
2-PB1,471,1,19384,1,15,19401,T
2-PB1,472,19434,0,3,1,19438,A
2-PB1,473,19459,1,12,2,19474,A
2-PB1,474,0,19475,2,5,19482,T
2-PB1,475,23,127,19570,0,19720,G
2-PB1,476,19539,2,4,1,19546,A
2-PB1,477,18715,0,822,1,19538,A
2-PB1,478,2,19188,0,4,19194,T
2-PB1,479,103,4,0,19185,19292,C
2-PB1,480,19256,1,18,1,19276,A
2-PB1,481,1,57,19223,1,19282,G
2-PB1,482,1,27,19219,0,19247,G
2-PB1,483,19154,1,3,1,19159,A
2-PB1,484,18824,1,11,0,18836,A
2-PB1,485,2,40,19824,0,19866,G
2-PB1,486,5,8,19867,0,19880,G
2-PB1,487,10,6,1,19889,19906,C
2-PB1,488,0,19842,4,11,19857,T
2-PB1,489,19855,0,8,2,19865,A
2-PB1,490,19858,0,4,3,19865,A
2-PB1,491,4,19874,0,4,19882,T
2-PB1,492,19893,1,8,2,19904,A
2-PB1,493,2,60,19925,1,19988,G
2-PB1,494,18520,1,4,1,18526,A
2-PB1,495,2,18372,1,4,18379,T
2-PB1,496,0,18349,2,6,18357,T
2-PB1,497,3,18374,1,8,18386,T
2-PB1,498,52,6,1,19051,19110,C
2-PB1,499,50,4,0,19100,19154,C
2-PB1,500,3,18952,1,123,19079,T
2-PB1,501,52,2,0,19079,19133,C
2-PB1,502,19105,1,8,0,19114,A
2-PB1,503,19159,1,9,0,19169,A
2-PB1,504,3,93,19231,0,19327,G
2-PB1,505,1,39,19492,0,19532,G
2-PB1,506,19486,0,6,0,19492,A
2-PB1,507,2,18652,1,9,18664,T
2-PB1,508,4,0,18868,0,18872,G
2-PB1,509,1,18804,1,17,18823,T
2-PB1,510,2,38,18973,1,19014,G
2-PB1,511,19009,3,20,1,19033,A
2-PB1,512,1,18872,4,10,18887,T
2-PB1,513,7,58,18709,1,18775,G
2-PB1,514,4,67,18611,1,18683,G
2-PB1,515,18651,0,25,0,18676,A
2-PB1,516,18730,2,6,1,18739,A
2-PB1,517,5,18452,2,3,18462,T
2-PB1,518,82,1,1,18415,18499,C
2-PB1,519,18301,4,5,1,18311,A
2-PB1,520,18362,2,5,1,18370,A
2-PB1,521,0,18353,2,7,18362,T
2-PB1,522,4,67,18553,1,18625,G
2-PB1,523,2,31,18664,0,18697,G
2-PB1,524,18607,3,17,3,18630,A
2-PB1,525,0,18567,0,5,18572,T
2-PB1,526,18551,1,8,0,18560,A
2-PB1,527,18523,2,7,4,18536,A
2-PB1,528,18528,0,3,2,18533,A
2-PB1,529,0,46,18743,1,18790,G
2-PB1,530,18640,4,21,0,18665,A
2-PB1,531,0,39,18539,0,18578,G
2-PB1,532,1,59,18470,0,18530,G
2-PB1,533,18439,1,12,0,18452,A
2-PB1,534,18467,0,10,0,18477,A
2-PB1,535,18506,4,11,0,18521,A
2-PB1,536,2,18486,0,3,18491,T
2-PB1,537,2,46,18891,0,18939,G
2-PB1,538,1,80,18842,0,18923,G
2-PB1,539,18593,5,22,0,18620,A
2-PB1,540,1,34,18775,0,18810,G
2-PB1,541,18484,2,10,0,18496,A
2-PB1,542,0,18954,0,8,18962,T
2-PB1,543,18956,0,17,1,18974,A
2-PB1,544,19265,1,16,2,19284,A
2-PB1,545,4,3,0,19372,19379,C
2-PB1,546,19036,1,8,1,19046,A
2-PB1,547,19116,2,12,1,19131,A
2-PB1,548,2,7,0,19094,19103,C
2-PB1,549,18952,3,11,2,18968,A
2-PB1,550,3,2,0,18992,18997,C
2-PB1,551,18512,2,20,0,18534,A
2-PB1,552,2,2,1,18791,18796,C
2-PB1,553,3,18505,1,8,18517,T
2-PB1,554,3,18460,1,6,18470,T
2-PB1,555,2,18435,0,12,18449,T
2-PB1,556,65,2,1,18336,18404,C
2-PB1,557,18438,1,5,0,18444,A
2-PB1,558,18458,1,3,2,18464,A
2-PB1,559,18464,0,15,0,18479,A
2-PB1,560,1,38,18730,0,18769,G
2-PB1,561,18511,1,4,1,18517,A
2-PB1,562,18518,0,3,3,18524,A
2-PB1,563,18540,0,0,1,18541,A
2-PB1,564,18595,1,7,0,18603,A
2-PB1,565,18554,2,19,1,18576,A
2-PB1,566,1,66,18669,1,18737,G
2-PB1,567,2,88,18636,2,18728,G
2-PB1,568,18380,1,36,0,18417,A
2-PB1,569,3,88,18828,0,18919,G
2-PB1,570,18791,3,25,1,18820,A
2-PB1,571,3,4,19600,1,19608,G
2-PB1,572,2,19519,1,5,19527,T
2-PB1,573,19552,1,3,0,19556,A
2-PB1,574,19533,5,29,0,19567,A
2-PB1,575,4,128,19477,1,19610,G
2-PB1,576,4,81,19739,1,19825,G
2-PB1,577,5,99,19718,0,19822,G
2-PB1,578,19324,4,31,0,19359,A
2-PB1,579,1,2,0,19606,19609,C
2-PB1,580,18920,0,13,0,18933,A
2-PB1,581,19032,1,14,1,19048,A
2-PB1,582,1,4,0,18989,18994,C
2-PB1,583,18946,2,17,1,18966,A
2-PB1,584,0,18759,2,2,18763,T
2-PB1,585,5,232,18372,0,18609,G
2-PB1,586,18617,3,29,0,18649,A
2-PB1,587,6,1,0,18623,18630,C
2-PB1,588,97,1,0,18216,18314,C
2-PB1,589,18326,0,4,0,18330,A
2-PB1,590,18368,0,7,0,18375,A
2-PB1,591,0,48,18487,0,18535,G
2-PB1,592,18511,1,3,1,18516,A
2-PB1,593,18484,1,4,0,18489,A
2-PB1,594,18394,0,7,0,18401,A
2-PB1,595,18356,3,18,1,18378,A
2-PB1,596,3,18388,1,7,18399,T
2-PB1,597,5,82,18316,0,18403,G
2-PB1,598,1,2,18495,0,18498,G
2-PB1,599,2,18285,0,34,18321,T
2-PB1,600,179,4,0,17985,18168,C
2-PB1,601,18244,1,15,0,18260,A
2-PB1,602,3,5,1,18829,18838,C
2-PB1,603,18981,5,5,3,18994,A
2-PB1,604,2,2,0,18994,18998,C
2-PB1,605,18874,3,6,0,18883,A
2-PB1,606,19261,1,3,0,19265,A
2-PB1,607,19073,2,10,2,19087,A
2-PB1,608,4,96,19996,0,20096,G
2-PB1,609,20043,0,11,2,20056,A
2-PB1,610,20108,3,15,0,20126,A
2-PB1,611,4,2,0,20378,20384,C
2-PB1,612,19835,1,6,1,19843,A
2-PB1,613,19945,3,11,0,19959,A
2-PB1,614,0,19867,2,4,19873,T
2-PB1,615,19642,0,14,0,19656,A
2-PB1,616,4,163,19523,1,19691,G
2-PB1,617,5,49,18793,1,18848,G
2-PB1,618,1,39,18807,0,18847,G
2-PB1,619,18764,2,7,2,18775,A
2-PB1,620,18352,4,13,0,18369,A
2-PB1,621,1,43,18491,0,18535,G
2-PB1,622,18459,0,3,0,18462,A
2-PB1,623,18480,1,3,1,18485,A
2-PB1,624,18537,2,2,0,18541,A
2-PB1,625,18573,0,12,1,18586,A
2-PB1,626,18808,1,7,2,18818,A
2-PB1,627,18815,0,10,4,18829,A
2-PB1,628,3,4,1,18850,18858,C
2-PB1,629,18813,1,2,0,18816,A
2-PB1,630,18790,2,6,0,18798,A
2-PB1,631,18693,2,20,1,18716,A
2-PB1,632,0,78,18970,0,19048,G
2-PB1,633,19004,1,10,1,19016,A
2-PB1,634,1,0,19630,0,19631,G
2-PB1,635,4,19299,2,8,19313,T
2-PB1,636,6,87,21224,0,21317,G
2-PB1,637,21315,1,26,2,21344,A
2-PB1,638,21374,1,4,0,21379,A
2-PB1,639,3,21582,3,1,21589,T
2-PB1,640,21632,0,4,2,21638,A
2-PB1,641,21460,2,15,1,21478,A
2-PB1,642,2,114,21408,0,21524,G
2-PB1,643,20949,3,28,1,20981,A
2-PB1,644,1,45,21053,0,21099,G
2-PB1,645,19626,4,32,3,19665,A
2-PB1,646,3,42,19719,0,19764,G
2-PB1,647,7,6,19725,0,19738,G
2-PB1,648,16,5,0,19678,19699,C
2-PB1,649,0,19608,0,9,19617,T
2-PB1,650,20038,5,9,0,20052,A
2-PB1,651,4,2,1,20911,20918,C
2-PB1,652,72,2,0,20866,20940,C
2-PB1,653,4,20959,1,15,20979,T
2-PB1,654,21553,0,3,0,21556,A
2-PB1,655,21520,0,4,1,21525,A
2-PB1,656,2,21474,1,5,21482,T
2-PB1,657,21432,1,4,1,21438,A
2-PB1,658,21383,0,7,1,21391,A
2-PB1,659,0,138,21260,0,21398,G
2-PB1,660,20407,0,26,0,20433,A
2-PB1,661,7,6,20644,0,20657,G
2-PB1,662,5,2,0,20680,20687,C
2-PB1,663,0,20268,1,25,20294,T
2-PB1,664,2,20339,0,3,20344,T
2-PB1,665,1,20342,3,7,20353,T
2-PB1,666,0,136,20242,1,20379,G
2-PB1,667,20672,2,17,0,20691,A
2-PB1,668,7,6,0,20761,20774,C
2-PB1,669,20618,0,4,1,20623,A
2-PB1,670,2,20504,2,12,20520,T
2-PB1,671,1,20322,2,7,20332,T
2-PB1,672,6,155,20600,0,20761,G
2-PB1,673,20722,1,15,0,20738,A
2-PB1,674,20740,1,32,3,20776,A
2-PB1,675,1,8,0,20795,20804,C
2-PB1,676,20609,1,8,0,20618,A
2-PB1,677,1,19,1,20635,20656,C
2-PB1,678,4,51,20542,0,20597,G
2-PB1,679,20641,2,15,0,20658,A
2-PB1,680,1,20565,2,12,20580,T
2-PB1,681,8,227,20691,1,20927,G
2-PB1,682,20953,3,33,2,20991,A
2-PB1,683,3,4,0,21045,21052,C
2-PB1,684,128,62,0,20814,21004,C
2-PB1,685,20988,1,8,0,20997,A
2-PB1,686,21226,2,4,0,21232,A
2-PB1,687,21221,0,18,2,21241,A
2-PB1,688,1,33,21756,0,21790,G
2-PB1,689,21943,0,8,1,21952,A
2-PB1,690,4,21445,1,12,21462,T
2-PB1,691,9,7,21476,0,21492,G
2-PB1,692,9,9,0,21400,21418,C
2-PB1,693,21348,5,27,0,21380,A
2-PB1,694,1,59,21491,0,21551,G
2-PB1,695,21227,3,15,2,21247,A
2-PB1,696,2,84,21241,1,21328,G
2-PB1,697,20511,1,11,1,20524,A
2-PB1,698,2,33,20440,0,20475,G
2-PB1,699,20165,4,38,3,20210,A
2-PB1,700,2,52,20196,0,20250,G
2-PB1,701,10,5,20203,1,20219,G
2-PB1,702,13,4,1,20165,20183,C
2-PB1,703,19957,4,9,0,19970,A
2-PB1,704,20030,1,1,0,20032,A
2-PB1,705,20106,1,4,1,20112,A
2-PB1,706,1,20165,4,2,20172,T
2-PB1,707,3,20121,1,1,20126,T
2-PB1,708,20164,10,2,0,20176,A
2-PB1,709,20125,0,0,0,20125,A
2-PB1,710,20151,3,4,0,20158,A
2-PB1,711,20204,1,3,1,20209,A
2-PB1,712,20230,1,1,0,20232,A
2-PB1,713,0,30,20230,0,20260,G
2-PB1,714,20069,3,5,0,20077,A
2-PB1,715,19941,0,19,0,19960,A
2-PB1,716,2,126,20171,1,20300,G
2-PB1,717,4,52,20578,0,20634,G
2-PB1,718,4,10,20668,3,20685,G
2-PB1,719,11,1,0,20758,20770,C
2-PB1,720,3,20684,1,5,20693,T
2-PB1,721,20831,2,5,1,20839,A
2-PB1,722,1,21153,1,16,21171,T
2-PB1,723,3,21178,0,11,21192,T
2-PB1,724,4,14,21284,0,21302,G
2-PB1,725,8,8,0,21045,21061,C
2-PB1,726,20380,0,28,1,20409,A
2-PB1,727,20424,3,11,0,20438,A
2-PB1,728,4,6,0,20432,20442,C
2-PB1,729,20388,0,10,0,20398,A
2-PB1,730,7,4,0,20460,20471,C
2-PB1,731,55,5,0,19923,19983,C
2-PB1,732,136,25,3,19798,19962,C
2-PB1,733,20,166,19666,1,19853,G
2-PB1,734,5,55,19884,0,19944,G
2-PB1,735,4,27,19907,0,19938,G
2-PB1,736,19947,1,8,2,19958,A
2-PB1,737,2,19735,0,15,19752,T
2-PB1,738,6,3,19754,0,19763,G
2-PB1,739,13,6,0,19627,19646,C
2-PB1,740,19961,0,4,1,19966,A
2-PB1,741,20214,0,6,1,20221,A
2-PB1,742,20432,1,3,1,20437,A
2-PB1,743,0,20384,0,1,20385,T
2-PB1,744,0,20401,2,1,20404,T
2-PB1,745,20231,1,4,1,20237,A
2-PB1,746,0,47,20192,0,20239,G
2-PB1,747,20067,4,23,2,20096,A
2-PB1,748,7,162,20050,1,20220,G
2-PB1,749,2,85,19769,0,19856,G
2-PB1,750,4,2,20377,0,20383,G
2-PB1,751,3,20180,0,20,20203,T
2-PB1,752,1,20183,1,10,20195,T
2-PB1,753,161,9,1,20101,20272,C
2-PB1,754,16,1,20484,1,20502,G
2-PB1,755,2,20453,0,25,20480,T
2-PB1,756,16,4,20491,1,20512,G
2-PB1,757,2,20405,1,8,20416,T
2-PB1,758,20249,0,3,0,20252,A
2-PB1,759,2,0,0,20213,20215,C
2-PB1,760,3,18968,1,8,18980,T
2-PB1,761,1,19066,0,6,19073,T
2-PB1,762,54,3,0,18878,18935,C
2-PB1,763,16,3,18755,0,18774,G
2-PB1,764,1,18745,0,5,18751,T
2-PB1,765,1,18696,0,24,18721,T
2-PB1,766,1,73,18651,0,18725,G
2-PB1,767,18690,0,2,0,18692,A
2-PB1,768,18668,0,7,1,18676,A
2-PB1,769,18825,1,7,3,18836,A
2-PB1,770,1,2,0,18905,18908,C
2-PB1,771,2,18719,0,6,18727,T
2-PB1,772,1,18614,2,3,18620,T
2-PB1,773,0,18643,0,6,18649,T
2-PB1,774,18943,0,11,1,18955,A
2-PB1,775,3,5,19020,1,19029,G
2-PB1,776,7,3,1,19068,19079,C
2-PB1,777,0,19047,1,8,19056,T
2-PB1,778,18784,1,5,0,18790,A
2-PB1,779,1,28,18721,1,18751,G
2-PB1,780,18741,2,3,0,18746,A
2-PB1,781,18715,0,25,1,18741,A
2-PB1,782,1,6,18809,0,18816,G
2-PB1,783,7,4,0,18408,18419,C
2-PB1,784,18365,1,9,0,18375,A
2-PB1,785,1,18292,0,4,18297,T
2-PB1,786,2,18268,0,3,18273,T
2-PB1,787,3,18273,0,6,18282,T
2-PB1,788,6,7,18299,0,18312,G
2-PB1,789,4,9,0,18277,18290,C
2-PB1,790,5,63,18252,0,18320,G
2-PB1,791,18244,4,3,1,18252,A
2-PB1,792,18177,0,1,0,18178,A
2-PB1,793,18190,2,2,0,18194,A
2-PB1,794,18681,1,7,1,18690,A
2-PB1,795,2,5,18953,0,18960,G
2-PB1,796,8,1,0,18947,18956,C
2-PB1,797,0,18928,0,14,18942,T
2-PB1,798,1,18938,1,6,18946,T
2-PB1,799,482,134,18359,0,18975,G
2-PB1,800,18941,1,17,1,18960,A
2-PB1,801,18968,2,12,0,18982,A
2-PB1,802,0,2,0,19044,19046,C
2-PB1,803,18126,2,7,0,18135,A
2-PB1,804,1,1,19804,0,19806,G
2-PB1,805,2,19520,1,13,19536,T
2-PB1,806,108,7,1,19440,19556,C
2-PB1,807,4,19553,1,20,19578,T
2-PB1,808,5,50,19557,2,19614,G
2-PB1,809,3,98,19522,0,19623,G
2-PB1,810,19601,2,20,1,19624,A
2-PB1,811,2,0,0,19677,19679,C
2-PB1,812,1,18769,0,13,18783,T
2-PB1,813,0,17220,3,10,17233,T
2-PB1,814,28,2,0,17175,17205,C
2-PB1,815,36,28,0,17150,17214,C
2-PB1,816,36,40,17263,0,17339,G
2-PB1,817,3,0,17390,0,17393,G
2-PB1,818,0,17257,1,8,17266,T
2-PB1,819,2,17220,1,5,17228,T
2-PB1,820,3,76,17041,0,17120,G
2-PB1,821,2,124,17073,0,17199,G
2-PB1,822,3,94,17228,0,17325,G
2-PB1,823,1,40,17266,0,17307,G
2-PB1,824,3,3,17331,0,17337,G
2-PB1,825,0,17125,1,7,17133,T
2-PB1,826,17030,0,3,0,17033,A
2-PB1,827,17174,0,4,1,17179,A
2-PB1,828,1,17180,0,7,17188,T
2-PB1,829,4,73,17158,0,17235,G
2-PB1,830,17002,4,3,1,17010,A
2-PB1,831,16812,1,4,0,16817,A
2-PB1,832,16823,0,6,2,16831,A
2-PB1,833,16711,2,6,2,16721,A
2-PB1,834,2,22,16710,1,16735,G
2-PB1,835,16510,1,8,0,16519,A
2-PB1,836,16360,0,10,2,16372,A
2-PB1,837,3,40,16437,0,16480,G
2-PB1,838,42,6,16363,0,16411,G
2-PB1,839,13,1,0,16384,16398,C
2-PB1,840,70,1,0,16291,16362,C
2-PB1,841,16379,1,4,1,16385,A
2-PB1,842,16408,1,3,0,16412,A
2-PB1,843,16392,0,5,0,16397,A
2-PB1,844,3,1,0,16438,16442,C
2-PB1,845,0,16369,1,7,16377,T
2-PB1,846,5,57,16542,2,16606,G
2-PB1,847,8,1,16582,0,16591,G
2-PB1,848,19,1,1,16584,16605,C
2-PB1,849,16640,0,4,0,16644,A
2-PB1,850,16572,1,6,3,16582,A
2-PB1,851,16624,1,2,0,16627,A
2-PB1,852,2,16638,0,1,16641,T
2-PB1,853,3,1,16684,0,16688,G
2-PB1,854,0,16583,1,8,16592,T
2-PB1,855,0,16031,2,4,16037,T
2-PB1,856,5,0,16052,0,16057,G
2-PB1,857,0,15969,0,10,15979,T
2-PB1,858,1,77,15947,0,16025,G
2-PB1,859,15963,3,25,0,15991,A
2-PB1,860,3,36,16029,1,16069,G
2-PB1,861,16028,3,5,0,16036,A
2-PB1,862,15914,0,2,0,15916,A
2-PB1,863,15926,1,3,2,15932,A
2-PB1,864,15974,1,1,0,15976,A
2-PB1,865,16053,4,7,0,16064,A
2-PB1,866,0,16032,0,5,16037,T
2-PB1,867,1,35,15981,1,16018,G
2-PB1,868,15981,6,8,0,15995,A
2-PB1,869,3,15798,2,3,15806,T
2-PB1,870,4,108,15817,2,15931,G
2-PB1,871,15920,6,11,0,15937,A
2-PB1,872,1,2,0,16142,16145,C
2-PB1,873,1,16047,0,9,16057,T
2-PB1,874,15981,1,0,0,15982,A
2-PB1,875,16144,2,5,1,16152,A
2-PB1,876,1,16108,1,2,16112,T
2-PB1,877,3,16192,1,49,16245,T
2-PB1,878,106,5,0,16258,16369,C
2-PB1,879,16245,4,9,0,16258,A
2-PB1,880,1,3,0,16299,16303,C
2-PB1,881,16001,1,9,1,16012,A
2-PB1,882,16011,0,18,1,16030,A
2-PB1,883,2,64,15970,1,16037,G
2-PB1,884,16218,2,21,0,16241,A
2-PB1,885,0,1,0,16210,16211,C
2-PB1,886,15991,2,8,0,16001,A
2-PB1,887,2,5,0,15995,16002,C
2-PB1,888,15775,1,9,0,15785,A
2-PB1,889,1,54,15852,0,15907,G
2-PB1,890,15754,1,33,2,15790,A
2-PB1,891,4,5,15857,0,15866,G
2-PB1,892,7,1,0,15753,15761,C
2-PB1,893,2,14889,2,285,15178,T
2-PB1,894,0,15331,1,5,15337,T
2-PB1,895,1,15321,1,10,15333,T
2-PB1,896,37,1,0,15359,15397,C
2-PB1,897,1,15345,1,17,15364,T
2-PB1,898,0,15203,0,3,15206,T
2-PB1,899,3,15174,0,11,15188,T
2-PB1,900,62,0,1,15066,15129,C
2-PB1,901,15069,3,6,0,15078,A
2-PB1,902,0,2,0,15165,15167,C
2-PB1,903,14888,0,8,0,14896,A
2-PB1,904,14975,0,1,1,14977,A
2-PB1,905,1,15066,0,11,15078,T
2-PB1,906,70,3,0,15200,15273,C
2-PB1,907,15334,1,2,1,15338,A
2-PB1,908,1,1,0,15450,15452,C
2-PB1,909,2,15271,2,9,15284,T
2-PB1,910,4,59,15321,0,15384,G
2-PB1,911,8,83,15171,0,15262,G
2-PB1,912,4,61,15561,2,15628,G
2-PB1,913,16,51,15530,1,15598,G
2-PB1,914,15105,0,22,1,15128,A
2-PB1,915,1,5,0,14406,14412,C
2-PB1,916,14585,0,7,0,14592,A
2-PB1,917,15418,1,25,0,15444,A
2-PB1,918,2,5,0,15544,15551,C
2-PB1,919,15437,3,8,1,15449,A
2-PB1,920,5,0,0,15438,15443,C
2-PB1,921,0,14447,1,11,14459,T
2-PB1,922,14528,2,3,2,14535,A
2-PB1,923,14480,1,10,1,14492,A
2-PB1,924,0,2,14604,0,14606,G
2-PB1,925,1,14428,0,5,14434,T
2-PB1,926,2,63,12962,0,13027,G
2-PB1,927,2,36,12835,0,12873,G
2-PB1,928,12768,3,11,0,12782,A
2-PB1,929,12784,1,4,2,12791,A
2-PB1,930,0,12761,1,8,12770,T
2-PB1,931,0,48,12677,1,12726,G
2-PB1,932,12716,0,2,0,12718,A
2-PB1,933,12414,2,3,0,12419,A
2-PB1,934,12473,0,4,3,12480,A
2-PB1,935,12522,1,2,0,12525,A
2-PB1,936,0,12415,0,2,12417,T
2-PB1,937,100,1,0,12367,12468,C
2-PB1,938,12436,1,6,0,12443,A
2-PB1,939,12435,0,0,1,12436,A
2-PB1,940,12415,0,5,0,12420,A
2-PB1,941,12408,0,4,0,12412,A
2-PB1,942,1,0,0,12450,12451,C
2-PB1,943,46,2,0,12258,12306,C
2-PB1,944,113,4,0,12097,12214,C
2-PB1,945,1,12175,1,7,12184,T
2-PB1,946,47,3,0,12169,12219,C
2-PB1,947,1,56,12167,1,12225,G
2-PB1,948,12228,0,3,0,12231,A
2-PB1,949,12214,2,2,1,12219,A
2-PB1,950,1,12202,0,4,12207,T
2-PB1,951,0,2,12218,0,12220,G
2-PB1,952,2,12068,1,11,12082,T
2-PB1,953,1,12011,0,1,12013,T
2-PB1,954,0,12010,0,3,12013,T
2-PB1,955,2,12007,0,1,12010,T
2-PB1,956,0,12009,0,5,12014,T
2-PB1,957,3,36,11965,0,12004,G
2-PB1,958,3,2,11977,0,11982,G
2-PB1,959,11,9,1,11892,11913,C
2-PB1,960,6,13,11729,0,11748,G
2-PB1,961,11684,2,3,0,11689,A
2-PB1,962,0,11885,0,5,11890,T
2-PB1,963,1,39,12098,0,12138,G
2-PB1,964,12504,0,2,0,12506,A
2-PB1,965,3,12525,0,6,12534,T
2-PB1,966,1,12498,2,6,12507,T
2-PB1,967,12537,2,6,0,12545,A
2-PB1,968,1,1,1,12532,12535,C
2-PB1,969,12551,1,5,0,12557,A
2-PB1,970,1,12522,0,5,12528,T
2-PB1,971,11493,1,5,0,11499,A
2-PB1,972,0,4,0,11400,11404,C
2-PB1,973,9599,0,2,0,9601,A
2-PB1,974,1,9516,0,7,9524,T
2-PB1,975,22,1,0,9465,9488,C
2-PB1,976,9389,0,4,0,9393,A
2-PB1,977,3,1,1,9358,9363,C
2-PB1,978,9227,0,2,3,9232,A
2-PB1,979,9233,0,0,0,9233,A
2-PB1,980,9189,1,6,0,9196,A
2-PB1,981,3,21,8682,0,8706,G
2-PB1,982,8894,0,3,1,8898,A
2-PB1,983,8890,1,5,0,8896,A
2-PB1,984,1,8877,0,5,8883,T
2-PB1,985,47,2,0,8796,8845,C
2-PB1,986,8740,0,6,0,8746,A
2-PB1,987,8754,2,5,0,8761,A
2-PB1,988,2,0,0,8766,8768,C
2-PB1,989,20,3,0,8744,8767,C
2-PB1,990,1,7764,2,4,7771,T
2-PB1,991,2,25,7784,0,7811,G
2-PB1,992,7720,0,3,4,7727,A
2-PB1,993,1,0,7762,0,7763,G
2-PB1,994,0,7630,0,5,7635,T
2-PB1,995,3,17,7304,0,7324,G
2-PB1,996,1,3,7417,0,7421,G
2-PB1,997,0,7238,0,2,7240,T
2-PB1,998,1,7198,1,11,7211,T
2-PB1,999,46,1,0,7161,7208,C
2-PB1,1000,6914,2,2,0,6918,A
2-PB1,1001,0,14,6990,0,7004,G
2-PB1,1002,6963,0,2,0,6965,A
2-PB1,1003,6953,0,2,0,6955,A
2-PB1,1004,6815,0,3,0,6818,A
2-PB1,1005,2,1,0,5046,5049,C
2-PB1,1006,4875,0,0,0,4875,A
2-PB1,1007,0,4847,0,0,4847,T
2-PB1,1008,8,1,0,4875,4884,C
2-PB1,1009,6,2,2,4878,4888,C
2-PB1,1010,0,4135,0,2,4137,T
2-PB1,1011,0,19,4123,0,4142,G
2-PB1,1012,4038,1,0,0,4039,A
2-PB1,1013,1,1,4057,0,4059,G
2-PB1,1014,2,3,0,3859,3864,C
2-PB1,1015,3469,1,0,0,3470,A
2-PB1,1016,0,3454,0,2,3456,T
2-PB1,1017,3,2,0,3426,3431,C
2-PB1,1018,4,2,3435,0,3441,G
2-PB1,1019,1,0,0,3563,3564,C
2-PB1,1020,3569,1,5,0,3575,A
2-PB1,1021,1,5,0,3654,3660,C
2-PB1,1022,14,1,0,3637,3652,C
2-PB1,1023,3654,0,2,1,3657,A
2-PB1,1024,3694,0,0,0,3694,A
2-PB1,1025,0,3694,0,1,3695,T
2-PB1,1026,3689,0,0,0,3689,A
2-PB1,1027,3687,0,0,0,3687,A
2-PB1,1028,0,3531,0,0,3531,T
2-PB1,1029,0,1,3545,0,3546,G
2-PB1,1030,0,3443,0,2,3445,T
2-PB1,1031,1,3409,1,5,3416,T
2-PB1,1032,15,1,0,3412,3428,C
2-PB1,1033,0,3404,0,1,3405,T
2-PB1,1034,19,0,0,3398,3417,C
2-PB1,1035,3425,0,0,0,3425,A
2-PB1,1036,3416,1,4,0,3421,A
2-PB1,1037,3424,0,1,1,3426,A
2-PB1,1038,0,0,0,3427,3427,C
2-PB1,1039,3416,0,2,0,3418,A
2-PB1,1040,3412,1,0,0,3413,A
2-PB1,1041,3392,0,0,1,3393,A
2-PB1,1042,3402,0,2,0,3404,A
2-PB1,1043,1,3410,0,2,3413,T
2-PB1,1044,0,19,3404,0,3423,G
2-PB1,1045,0,2,3421,0,3423,G
2-PB1,1046,3,0,0,3416,3419,C
2-PB1,1047,3404,1,4,0,3409,A
2-PB1,1048,3425,0,2,0,3427,A
2-PB1,1049,0,8,3418,0,3426,G
2-PB1,1050,3417,1,1,0,3419,A
2-PB1,1051,1,3384,0,3,3388,T
2-PB1,1052,0,3452,0,4,3456,T
2-PB1,1053,0,18,3460,0,3478,G
2-PB1,1054,0,8,3473,1,3482,G
2-PB1,1055,0,10,3499,0,3509,G
2-PB1,1056,3499,0,0,0,3499,A
2-PB1,1057,3488,1,4,1,3494,A
2-PB1,1058,3480,0,1,0,3481,A
2-PB1,1059,3440,0,2,0,3442,A
2-PB1,1060,0,12,3551,0,3563,G
2-PB1,1061,5,8,3551,0,3564,G
2-PB1,1062,3559,0,5,1,3565,A
2-PB1,1063,0,3563,0,1,3564,T
2-PB1,1064,3558,0,0,1,3559,A
2-PB1,1065,0,1,0,3567,3568,C
2-PB1,1066,3606,0,1,0,3607,A
2-PB1,1067,0,3595,0,2,3597,T
2-PB1,1068,1,0,3622,0,3623,G
2-PB1,1069,0,3521,0,7,3528,T
2-PB1,1070,1,3531,0,0,3532,T
2-PB1,1071,24,2,0,3485,3511,C
2-PB1,1072,1,12,3503,1,3517,G
2-PB1,1073,3509,0,2,0,3511,A
2-PB1,1074,0,12,3579,0,3591,G
2-PB1,1075,3536,0,4,0,3540,A
2-PB1,1076,0,0,3585,0,3585,G
2-PB1,1077,0,3516,0,3,3519,T
2-PB1,1078,3518,0,0,0,3518,A
2-PB1,1079,3521,2,4,0,3527,A
2-PB1,1080,0,20,3518,0,3538,G
2-PB1,1081,3520,1,5,0,3526,A
2-PB1,1082,0,13,3570,0,3583,G
2-PB1,1083,3473,0,1,0,3474,A
2-PB1,1084,3506,0,2,0,3508,A
2-PB1,1085,0,3456,0,0,3456,T
2-PB1,1086,0,9,3451,1,3461,G
2-PB1,1087,3450,2,2,0,3454,A
2-PB1,1088,3378,1,51,0,3430,A
2-PB1,1089,0,0,3442,0,3442,G
2-PB1,1090,1,0,0,3433,3434,C
2-PB1,1091,0,3355,0,1,3356,T
2-PB1,1092,9,1,0,3381,3391,C
2-PB1,1093,9,2,0,3374,3385,C
2-PB1,1094,1,5,3380,0,3386,G
2-PB1,1095,0,8,3386,0,3394,G
2-PB1,1096,3401,0,3,0,3404,A
2-PB1,1097,0,1,0,3469,3470,C
2-PB1,1098,3473,0,2,0,3475,A
2-PB1,1099,0,1,0,3511,3512,C
2-PB1,1100,3508,1,1,0,3510,A
2-PB1,1101,3508,0,4,0,3512,A
2-PB1,1102,3505,0,1,0,3506,A
2-PB1,1103,1,3502,0,0,3503,T
2-PB1,1104,3500,0,1,0,3501,A
2-PB1,1105,0,0,0,3509,3509,C
2-PB1,1106,4,0,0,3462,3466,C
2-PB1,1107,1,3417,0,2,3420,T
2-PB1,1108,0,0,3462,0,3462,G
2-PB1,1109,1,1,0,3461,3463,C
2-PB1,1110,3466,0,3,0,3469,A
2-PB1,1111,1,5,3463,0,3469,G
2-PB1,1112,3444,0,0,0,3444,A
2-PB1,1113,3446,0,0,0,3446,A
2-PB1,1114,3447,1,2,0,3450,A
2-PB1,1115,0,3430,0,0,3430,T
2-PB1,1116,1,0,3433,0,3434,G
2-PB1,1117,3,0,0,3428,3431,C
2-PB1,1118,0,3427,0,1,3428,T
2-PB1,1119,3479,0,1,0,3480,A
2-PB1,1120,1,2,3476,0,3479,G
2-PB1,1121,1,0,0,3477,3478,C
2-PB1,1122,3477,0,2,0,3479,A
2-PB1,1123,3462,0,1,0,3463,A
2-PB1,1124,1,0,3450,0,3451,G
2-PB1,1125,0,0,0,3443,3443,C
2-PB1,1126,3394,0,0,0,3394,A
2-PB1,1127,0,3468,0,3,3471,T
2-PB1,1128,1,3485,0,1,3487,T
2-PB1,1129,2,11,3578,0,3591,G
2-PB1,1130,3621,0,3,0,3624,A
2-PB1,1131,2,2,0,3610,3614,C
2-PB1,1132,6,0,1,3617,3624,C
2-PB1,1133,0,3524,0,2,3526,T
2-PB1,1134,0,3,3594,0,3597,G
2-PB1,1135,3613,1,2,0,3616,A
2-PB1,1136,3618,1,2,0,3621,A
2-PB1,1137,0,1,3673,0,3674,G
2-PB1,1138,1,3509,0,1,3511,T
2-PB1,1139,3527,0,0,0,3527,A
2-PB1,1140,0,3512,1,0,3513,T
2-PB1,1141,0,3514,0,2,3516,T
2-PB1,1142,0,3500,0,4,3504,T
2-PB1,1143,7,1,0,3459,3467,C
2-PB1,1144,3456,0,1,0,3457,A
2-PB1,1145,3455,0,1,0,3456,A
2-PB1,1146,0,3403,0,2,3405,T
2-PB1,1147,0,12,3404,0,3416,G
2-PB1,1148,3394,0,0,1,3395,A
2-PB1,1149,3407,1,2,0,3410,A
2-PB1,1150,1,3390,1,1,3393,T
2-PB1,1151,17,0,0,3407,3424,C
2-PB1,1152,3422,0,1,0,3423,A
2-PB1,1153,3429,0,1,1,3431,A
2-PB1,1154,0,0,0,3431,3431,C
2-PB1,1155,3420,0,0,1,3421,A
2-PB1,1156,3407,1,1,0,3409,A
2-PB1,1157,1,9,3405,0,3415,G
2-PB1,1158,0,4,3407,0,3411,G
2-PB1,1159,3410,0,2,0,3412,A
2-PB1,1160,3387,0,10,0,3397,A
2-PB1,1161,1,1,3403,0,3405,G
2-PB1,1162,3385,1,3,0,3389,A
2-PB1,1163,3389,0,1,0,3390,A
2-PB1,1164,3394,0,1,0,3395,A
2-PB1,1165,3391,0,1,0,3392,A
2-PB1,1166,0,3382,1,0,3383,T
2-PB1,1167,0,3362,0,0,3362,T
2-PB1,1168,0,4,3361,0,3365,G
2-PB1,1169,3369,0,1,0,3370,A
2-PB1,1170,3357,0,5,0,3362,A
2-PB1,1171,3373,0,1,0,3374,A
2-PB1,1172,3397,1,1,0,3399,A
2-PB1,1173,3438,1,0,0,3439,A
2-PB1,1174,3438,0,0,0,3438,A
2-PB1,1175,0,3423,0,1,3424,T
2-PB1,1176,3445,0,0,1,3446,A
2-PB1,1177,3435,0,2,1,3438,A
2-PB1,1178,0,9,3438,0,3447,G
2-PB1,1179,0,1,3435,0,3436,G
2-PB1,1180,4,0,0,3415,3419,C
2-PB1,1181,8,0,0,3419,3427,C
2-PB1,1182,0,3399,0,3,3402,T
2-PB1,1183,5,0,0,3814,3819,C
2-PB1,1184,1,3884,0,2,3887,T
2-PB1,1185,0,3901,0,0,3901,T
2-PB1,1186,12,1,0,3961,3974,C
2-PB1,1187,0,3954,0,1,3955,T
2-PB1,1188,3971,0,1,0,3972,A
2-PB1,1189,3967,0,4,0,3971,A
2-PB1,1190,0,3966,0,0,3966,T
2-PB1,1191,3998,0,0,0,3998,A
2-PB1,1192,1,3,3876,0,3880,G
2-PB1,1193,3594,1,2,0,3597,A
2-PB1,1194,1,3593,0,0,3594,T
2-PB1,1195,2,25,3533,0,3560,G
2-PB1,1196,1,0,3603,0,3604,G
2-PB1,1197,1,0,0,3602,3603,C
2-PB1,1198,3600,1,6,0,3607,A
2-PB1,1199,0,2,0,3616,3618,C
2-PB1,1200,3566,0,4,0,3570,A
2-PB1,1201,0,2,3729,0,3731,G
2-PB1,1202,1,3,0,3728,3732,C
2-PB1,1203,3730,0,2,0,3732,A
2-PB1,1204,0,3850,0,2,3852,T
2-PB1,1205,8,0,0,3825,3833,C
2-PB1,1206,3869,0,0,0,3869,A
2-PB1,1207,0,3870,0,1,3871,T
2-PB1,1208,0,3838,0,1,3839,T
2-PB1,1209,1,10,3811,0,3822,G
2-PB1,1210,3708,0,6,0,3714,A
2-PB1,1211,0,1,3831,0,3832,G
2-PB1,1212,0,2,0,3815,3817,C
2-PB1,1213,9,1,0,3727,3737,C
2-PB1,1214,21,3,0,3769,3793,C
2-PB1,1215,0,3730,0,8,3738,T
2-PB1,1216,1,4,4114,0,4119,G
2-PB1,1217,2,6,4255,0,4263,G
2-PB1,1218,4224,0,26,0,4250,A
2-PB1,1219,4527,0,0,0,4527,A
2-PB1,1220,0,4400,0,1,4401,T
2-PB1,1221,1,12,4577,0,4590,G
2-PB1,1222,4697,0,4,0,4701,A
2-PB1,1223,2,4758,0,4,4764,T
2-PB1,1224,1,7,4779,1,4788,G
2-PB1,1225,4730,0,1,0,4731,A
2-PB1,1226,1,4685,0,2,4688,T
2-PB1,1227,1,24,4682,0,4707,G
2-PB1,1228,0,18,4791,1,4810,G
2-PB1,1229,2,3,4832,0,4837,G
2-PB1,1230,1,3,0,4796,4800,C
2-PB1,1231,4820,1,2,0,4823,A
2-PB1,1232,0,4840,0,3,4843,T
2-PB1,1233,0,0,5057,0,5057,G
2-PB1,1234,0,5057,0,3,5060,T
2-PB1,1235,0,5111,1,2,5114,T
2-PB1,1236,32,2,0,5103,5137,C
2-PB1,1237,5088,1,2,0,5091,A
2-PB1,1238,5105,0,5,1,5111,A
2-PB1,1239,2,0,0,5121,5123,C
2-PB1,1240,5158,1,2,0,5161,A
2-PB1,1241,0,5173,0,1,5174,T
2-PB1,1242,1,1,5324,0,5326,G
2-PB1,1243,0,0,0,5328,5328,C
2-PB1,1244,0,5347,0,1,5348,T
2-PB1,1245,5421,1,2,0,5424,A
2-PB1,1246,5397,1,3,0,5401,A
2-PB1,1247,1,0,5591,0,5592,G
2-PB1,1248,0,5571,0,3,5574,T
2-PB1,1249,5560,2,1,0,5563,A
2-PB1,1250,1,12,0,5593,5606,C
2-PB1,1251,124,24,5507,0,5655,G
2-PB1,1252,1,0,6112,0,6113,G
2-PB1,1253,1,6105,2,3,6111,T
2-PB1,1254,0,6074,0,1,6075,T
2-PB1,1255,0,6086,0,2,6088,T
2-PB1,1256,0,6066,0,2,6068,T
2-PB1,1257,6080,0,2,1,6083,A
2-PB1,1258,0,11,6057,0,6068,G
2-PB1,1259,1,18,6044,0,6063,G
2-PB1,1260,5927,0,6,0,5933,A
2-PB1,1261,2,0,5960,0,5962,G
2-PB1,1262,1,5933,0,2,5936,T
2-PB1,1263,24,0,0,5912,5936,C
2-PB1,1264,0,5933,0,15,5948,T
2-PB1,1265,18,1,0,5928,5947,C
2-PB1,1266,1,23,5934,0,5958,G
2-PB1,1267,5916,1,0,0,5917,A
2-PB1,1268,1,5938,0,1,5940,T
2-PB1,1269,14,1,0,5855,5870,C
2-PB1,1270,15,0,0,6178,6193,C
2-PB1,1271,0,6203,0,4,6207,T
2-PB1,1272,1,23,6221,1,6246,G
2-PB1,1273,6252,2,0,0,6254,A
2-PB1,1274,6362,0,0,0,6362,A
2-PB1,1275,0,6358,0,3,6361,T
2-PB1,1276,6,1,0,6232,6239,C
2-PB1,1277,0,6215,0,5,6220,T
2-PB1,1278,0,6197,0,3,6200,T
2-PB1,1279,0,24,6202,0,6226,G
2-PB1,1280,0,25,6197,0,6222,G
2-PB1,1281,6187,0,13,0,6200,A
2-PB1,1282,2,1,0,6252,6255,C
2-PB1,1283,6172,0,1,1,6174,A
2-PB1,1284,6243,2,0,0,6245,A
2-PB1,1285,6271,0,1,0,6272,A
2-PB1,1286,6276,0,14,0,6290,A
2-PB1,1287,1,10,6434,0,6445,G
2-PB1,1288,6447,1,9,1,6458,A
2-PB1,1289,6468,1,3,1,6473,A
2-PB1,1290,6476,0,5,0,6481,A
2-PB1,1291,2,6476,0,1,6479,T
2-PB1,1292,6490,0,2,0,6492,A
2-PB1,1293,1,2,0,6749,6752,C
2-PB1,1294,6694,1,5,1,6701,A
2-PB1,1295,0,4,0,6756,6760,C
2-PB1,1296,22,1,0,6662,6685,C
2-PB1,1297,6659,0,2,1,6662,A
2-PB1,1298,6776,0,0,0,6776,A
2-PB1,1299,1,23,7014,1,7039,G
2-PB1,1300,7150,0,3,0,7153,A
2-PB1,1301,0,1,0,7221,7222,C
2-PB1,1302,7052,0,2,0,7054,A
2-PB1,1303,7300,1,8,1,7310,A
2-PB1,1304,1,0,0,7337,7338,C
2-PB1,1305,7428,1,6,0,7435,A
2-PB1,1306,1,7478,0,2,7481,T
2-PB1,1307,7410,0,3,0,7413,A
2-PB1,1308,0,1,0,7520,7521,C
2-PB1,1309,0,7311,0,5,7316,T
2-PB1,1310,2,22,7409,0,7433,G
2-PB1,1311,0,1,7440,0,7441,G
2-PB1,1312,3,7232,0,4,7239,T
2-PB1,1313,1,48,7244,0,7293,G
2-PB1,1314,0,16,7197,0,7213,G
2-PB1,1315,0,12,7255,1,7268,G
2-PB1,1316,7256,1,7,0,7264,A
2-PB1,1317,0,7191,0,4,7195,T
2-PB1,1318,2,32,7135,0,7169,G
2-PB1,1319,1,22,7073,0,7096,G
2-PB1,1320,7004,0,28,0,7032,A
2-PB1,1321,0,1,0,7370,7371,C
2-PB1,1322,1,7343,5,6,7355,T
2-PB1,1323,23,1,0,7458,7482,C
2-PB1,1324,9,1,0,7465,7475,C
2-PB1,1325,7454,0,4,0,7458,A
2-PB1,1326,7457,0,2,0,7459,A
2-PB1,1327,0,7439,0,6,7445,T
2-PB1,1328,17,0,3,7393,7413,C
2-PB1,1329,20,0,0,7401,7421,C
2-PB1,1330,0,7348,0,5,7353,T
2-PB1,1331,10,0,0,7348,7358,C
2-PB1,1332,15,2,0,7301,7318,C
2-PB1,1333,5,6,7321,0,7332,G
2-PB1,1334,7312,0,1,0,7313,A
2-PB1,1335,1,7266,0,4,7271,T
2-PB1,1336,1,36,7298,0,7335,G
2-PB1,1337,7400,0,5,0,7405,A
2-PB1,1338,0,7411,0,1,7412,T
2-PB1,1339,1,7379,0,2,7382,T
2-PB1,1340,3,7350,1,23,7377,T
2-PB1,1341,2,7379,0,4,7385,T
2-PB1,1342,1,2,7410,1,7414,G
2-PB1,1343,2,1,0,7504,7507,C
2-PB1,1344,20,3,0,7486,7509,C
2-PB1,1345,50,0,0,7735,7785,C
2-PB1,1346,0,7695,1,19,7715,T
2-PB1,1347,20,1,1,8094,8116,C
2-PB1,1348,8168,0,3,0,8171,A
2-PB1,1349,1,8212,0,2,8215,T
2-PB1,1350,8226,0,3,0,8229,A
2-PB1,1351,1,0,8309,0,8310,G
2-PB1,1352,0,8180,0,4,8184,T
2-PB1,1353,1,26,8225,0,8252,G
2-PB1,1354,7986,0,6,0,7992,A
2-PB1,1355,8006,0,2,0,8008,A
2-PB1,1356,1,7676,0,1,7678,T
2-PB1,1357,2,4,7645,0,7651,G
2-PB1,1358,2,1,0,7766,7769,C
2-PB1,1359,7776,1,7,0,7784,A
2-PB1,1360,0,3,1,7810,7814,C
2-PB1,1361,27,1,0,7728,7756,C
2-PB1,1362,7728,0,0,0,7728,A
2-PB1,1363,7718,0,0,0,7718,A
2-PB1,1364,7709,0,2,0,7711,A
2-PB1,1365,0,7507,1,2,7510,T
2-PB1,1366,36,19,0,7782,7837,C
2-PB1,1367,7822,1,4,0,7827,A
2-PB1,1368,0,7837,0,5,7842,T
2-PB1,1369,0,18,7832,0,7850,G
2-PB1,1370,7854,1,17,1,7873,A
2-PB1,1371,2,47,7891,0,7940,G
2-PB1,1372,2,21,7927,0,7950,G
2-PB1,1373,1,23,7949,0,7973,G
2-PB1,1374,7922,1,11,0,7934,A
2-PB1,1375,8075,0,4,0,8079,A
2-PB1,1376,0,8089,0,2,8091,T
2-PB1,1377,8113,0,4,0,8117,A
2-PB1,1378,3,1,0,8118,8122,C
2-PB1,1379,8169,2,6,0,8177,A
2-PB1,1380,8145,0,23,0,8168,A
2-PB1,1381,0,1,8154,0,8155,G
2-PB1,1382,2,1,0,8090,8093,C
2-PB1,1383,8049,0,1,0,8050,A
2-PB1,1384,1,16,8145,0,8162,G
2-PB1,1385,0,31,8142,1,8174,G
2-PB1,1386,8118,1,10,2,8131,A
2-PB1,1387,1,4,8184,0,8189,G
2-PB1,1388,0,8046,0,8,8054,T
2-PB1,1389,2,24,8146,1,8173,G
2-PB1,1390,0,5,8196,0,8201,G
2-PB1,1391,8176,2,7,1,8186,A
2-PB1,1392,0,8186,0,2,8188,T
2-PB1,1393,8052,1,3,0,8056,A
2-PB1,1394,0,14,8129,0,8143,G
2-PB1,1395,8243,1,4,1,8249,A
2-PB1,1396,0,8257,1,3,8261,T
2-PB1,1397,2,8216,0,0,8218,T
2-PB1,1398,21,0,0,8498,8519,C
2-PB1,1399,1,8468,0,3,8472,T
2-PB1,1400,8476,0,0,1,8477,A
2-PB1,1401,2,4,0,8477,8483,C
2-PB1,1402,8312,2,7,1,8322,A
2-PB1,1403,1,19,8323,0,8343,G
2-PB1,1404,2,37,8129,0,8168,G
2-PB1,1405,8286,0,4,0,8290,A
2-PB1,1406,2,69,0,8215,8286,C
2-PB1,1407,15,1,0,8077,8093,C
2-PB1,1408,2,8018,0,20,8040,T
2-PB1,1409,4,1,8082,0,8087,G
2-PB1,1410,2,2,1,8074,8079,C
2-PB1,1411,8071,2,6,1,8080,A
2-PB1,1412,8144,0,9,1,8154,A
2-PB1,1413,1,0,8191,0,8192,G
2-PB1,1414,0,8055,0,4,8059,T
2-PB1,1415,0,8052,1,2,8055,T
2-PB1,1416,7982,0,2,0,7984,A
2-PB1,1417,4,2,8016,0,8022,G
2-PB1,1418,0,7970,0,4,7974,T
2-PB1,1419,0,30,7943,0,7973,G
2-PB1,1420,3,13,7945,0,7961,G
2-PB1,1421,3,27,7989,0,8019,G
2-PB1,1422,7960,0,13,1,7974,A
2-PB1,1423,7993,0,16,0,8009,A
2-PB1,1424,0,7971,1,7,7979,T
2-PB1,1425,38,2,0,7980,8020,C
2-PB1,1426,8022,0,4,0,8026,A
2-PB1,1427,8049,0,6,0,8055,A
2-PB1,1428,0,3,0,8033,8036,C
2-PB1,1429,8019,3,4,0,8026,A
2-PB1,1430,0,7825,1,2,7828,T
2-PB1,1431,3,39,7796,0,7838,G
2-PB1,1432,7838,1,14,1,7854,A
2-PB1,1433,0,3,7917,0,7920,G
2-PB1,1434,2,2,0,7879,7883,C
2-PB1,1435,7868,0,2,0,7870,A
2-PB1,1436,7863,0,4,2,7869,A
2-PB1,1437,7876,1,5,1,7883,A
2-PB1,1438,7943,0,2,0,7945,A
2-PB1,1439,7937,0,5,0,7942,A
2-PB1,1440,0,11,7931,0,7942,G
2-PB1,1441,7849,0,7,1,7857,A
2-PB1,1442,7774,1,14,1,7790,A
2-PB1,1443,0,1,8183,0,8184,G
2-PB1,1444,1,8175,0,4,8180,T
2-PB1,1445,33,1,0,8160,8194,C
2-PB1,1446,30,3,0,8193,8226,C
2-PB1,1447,2,8176,0,2,8180,T
2-PB1,1448,8294,0,5,0,8299,A
2-PB1,1449,0,8279,1,0,8280,T
2-PB1,1450,8287,0,1,0,8288,A
2-PB1,1451,1,8289,0,0,8290,T
2-PB1,1452,8095,0,2,0,8097,A
2-PB1,1453,8114,0,0,0,8114,A
2-PB1,1454,8108,0,1,1,8110,A
2-PB1,1455,1,8101,0,3,8105,T
2-PB1,1456,8024,0,1,0,8025,A
2-PB1,1457,8016,0,24,0,8040,A
2-PB1,1458,8078,0,3,1,8082,A
2-PB1,1459,8078,1,12,0,8091,A
2-PB1,1460,1,3,0,8097,8101,C
2-PB1,1461,7754,1,1,0,7756,A
2-PB1,1462,1,35,7742,0,7778,G
2-PB1,1463,0,23,7750,0,7773,G
2-PB1,1464,0,25,7745,0,7770,G
2-PB1,1465,7748,0,11,0,7759,A
2-PB1,1466,3,5,0,7842,7850,C
2-PB1,1467,7799,0,3,0,7802,A
2-PB1,1468,0,7843,0,2,7845,T
2-PB1,1469,1,7852,0,7,7860,T
2-PB1,1470,0,7870,0,2,7872,T
2-PB1,1471,0,33,7851,0,7884,G
2-PB1,1472,7790,0,11,0,7801,A
2-PB1,1473,7835,0,1,0,7836,A
2-PB1,1474,0,7832,0,7,7839,T
2-PB1,1475,0,7671,0,3,7674,T
2-PB1,1476,32,1,0,7694,7727,C
2-PB1,1477,7645,3,3,0,7651,A
2-PB1,1478,0,1,0,7656,7657,C
2-PB1,1479,0,7670,0,1,7671,T
2-PB1,1480,7681,0,1,0,7682,A
2-PB1,1481,0,0,7674,0,7674,G
2-PB1,1482,1,3,0,7676,7680,C
2-PB1,1483,0,7594,1,8,7603,T
2-PB1,1484,0,7699,1,2,7702,T
2-PB1,1485,0,7675,0,1,7676,T
2-PB1,1486,3,7684,0,0,7687,T
2-PB1,1487,0,7682,0,2,7684,T
2-PB1,1488,0,7685,0,1,7686,T
2-PB1,1489,0,7645,0,0,7645,T
2-PB1,1490,7574,57,0,0,7631,A
2-PB1,1491,1,7608,0,2,7611,T
2-PB1,1492,17,4,0,7617,7638,C
2-PB1,1493,1,14,7692,0,7707,G
2-PB1,1494,7996,0,3,0,7999,A
2-PB1,1495,1,8016,0,1,8018,T
2-PB1,1496,8035,0,1,0,8036,A
2-PB1,1497,0,8071,0,2,8073,T
2-PB1,1498,3,31,8035,0,8069,G
2-PB1,1499,1,17,8114,0,8132,G
2-PB1,1500,8135,0,3,0,8138,A
2-PB1,1501,0,8078,2,6,8086,T
2-PB1,1502,1,8031,0,2,8034,T
2-PB1,1503,1,7660,0,0,7661,T
2-PB1,1504,0,1,7686,0,7687,G
2-PB1,1505,0,7740,0,3,7743,T
2-PB1,1506,3,22,7708,0,7733,G
2-PB1,1507,2,1,7719,0,7722,G
2-PB1,1508,6,0,1,7621,7628,C
2-PB1,1509,1,7631,1,5,7638,T
2-PB1,1510,7661,2,1,0,7664,A
2-PB1,1511,7720,1,1,0,7722,A
2-PB1,1512,1,7813,0,0,7814,T
2-PB1,1513,1,7817,0,2,7820,T
2-PB1,1514,1,7808,0,2,7811,T
2-PB1,1515,0,7812,0,2,7814,T
2-PB1,1516,7818,0,5,0,7823,A
2-PB1,1517,1,2,7906,0,7909,G
2-PB1,1518,1,1,0,7914,7916,C
2-PB1,1519,7873,1,4,0,7878,A
2-PB1,1520,1,7817,0,5,7823,T
2-PB1,1521,0,17,7723,0,7740,G
2-PB1,1522,0,29,7871,2,7902,G
2-PB1,1523,7870,0,5,0,7875,A
2-PB1,1524,1,0,7896,0,7897,G
2-PB1,1525,2,3,0,7840,7845,C
2-PB1,1526,0,7747,0,5,7752,T
2-PB1,1527,2,3,7814,1,7820,G
2-PB1,1528,0,5,0,7806,7811,C
2-PB1,1529,19,1,0,7782,7802,C
2-PB1,1530,33,2,0,7821,7856,C
2-PB1,1531,7649,0,6,0,7655,A
2-PB1,1532,1,1,8199,0,8201,G
2-PB1,1533,1,8181,1,7,8190,T
2-PB1,1534,0,8177,2,3,8182,T
2-PB1,1535,0,8191,0,3,8194,T
2-PB1,1536,0,8095,0,4,8099,T
2-PB1,1537,4,20,8070,0,8094,G
2-PB1,1538,0,34,8055,0,8089,G
2-PB1,1539,8053,3,6,0,8062,A
2-PB1,1540,0,1,8079,0,8080,G
2-PB1,1541,1,7425,0,7,7433,T
2-PB1,1542,4,1,7871,0,7876,G
2-PB1,1543,1,7848,0,1,7850,T
2-PB1,1544,36,2,0,7802,7840,C
2-PB1,1545,0,7843,1,5,7849,T
2-PB1,1546,1,13,7877,0,7891,G
2-PB1,1547,3,19,7986,0,8008,G
2-PB1,1548,8023,0,1,0,8024,A
2-PB1,1549,8043,0,13,1,8057,A
2-PB1,1550,0,8028,1,1,8030,T
2-PB1,1551,7497,0,4,0,7501,A
2-PB1,1552,7494,0,4,1,7499,A
2-PB1,1553,7479,0,10,0,7489,A
2-PB1,1554,1,4,0,7490,7495,C
2-PB1,1555,2,33,7386,1,7422,G
2-PB1,1556,7352,0,4,0,7356,A
2-PB1,1557,1,2,7358,0,7361,G
2-PB1,1558,1,7322,1,3,7327,T
2-PB1,1559,45,0,0,7331,7376,C
2-PB1,1560,7363,0,6,0,7369,A
2-PB1,1561,4,0,7496,0,7500,G
2-PB1,1562,2,3,0,7497,7502,C
2-PB1,1563,0,7497,0,7,7504,T
2-PB1,1564,1,15,7779,0,7795,G
2-PB1,1565,7749,1,4,0,7754,A
2-PB1,1566,1,7763,0,0,7764,T
2-PB1,1567,7768,0,3,0,7771,A
2-PB1,1568,1,7661,0,4,7666,T
2-PB1,1569,2,52,7673,0,7727,G
2-PB1,1570,7462,2,10,0,7474,A
2-PB1,1571,2,1,7599,0,7602,G
2-PB1,1572,5,0,1,7599,7605,C
2-PB1,1573,7227,1,0,0,7228,A
2-PB1,1574,0,7230,0,0,7230,T
2-PB1,1575,0,7210,0,7,7217,T
2-PB1,1576,1,11,7296,0,7308,G
2-PB1,1577,0,22,7608,1,7631,G
2-PB1,1578,7497,1,11,0,7509,A
2-PB1,1579,1,2,7521,0,7524,G
2-PB1,1580,0,7256,1,3,7260,T
2-PB1,1581,7252,0,2,0,7254,A
2-PB1,1582,7245,2,5,0,7252,A
2-PB1,1583,0,2,0,7297,7299,C
2-PB1,1584,7252,2,4,1,7259,A
2-PB1,1585,1,2,7402,0,7405,G
2-PB1,1586,2,6650,0,41,6693,T
2-PB1,1587,1,17,6746,0,6764,G
2-PB1,1588,6851,4,2,0,6857,A
2-PB1,1589,1,6848,2,3,6854,T
2-PB1,1590,6845,0,2,0,6847,A
2-PB1,1591,6825,0,3,0,6828,A
2-PB1,1592,6611,0,23,0,6634,A
2-PB1,1593,1,22,6693,0,6716,G
2-PB1,1594,6441,1,5,0,6447,A
2-PB1,1595,6449,0,5,0,6454,A
2-PB1,1596,0,1,0,6475,6476,C
2-PB1,1597,6280,1,6,0,6287,A
2-PB1,1598,6340,1,14,1,6356,A
2-PB1,1599,3,4,0,6372,6379,C
2-PB1,1600,6468,1,4,0,6473,A
2-PB1,1601,2,6450,7,3,6462,T
2-PB1,1602,1,16,6362,0,6379,G
2-PB1,1603,6363,1,8,0,6372,A
2-PB1,1604,0,6371,0,4,6375,T
2-PB1,1605,6314,0,4,0,6318,A
2-PB1,1606,6367,0,6,0,6373,A
2-PB1,1607,6395,0,7,0,6402,A
2-PB1,1608,0,1,0,6448,6449,C
2-PB1,1609,6246,3,4,0,6253,A
2-PB1,1610,6227,0,3,1,6231,A
2-PB1,1611,1,6112,0,5,6118,T
2-PB1,1612,4,52,6091,0,6147,G
2-PB1,1613,6274,1,8,0,6283,A
2-PB1,1614,0,3,0,6379,6382,C
2-PB1,1615,13,3,0,6281,6297,C
2-PB1,1616,2,6114,0,3,6119,T
2-PB1,1617,3,6021,0,4,6028,T
2-PB1,1618,1,20,6024,0,6045,G
2-PB1,1619,2,24,6065,0,6091,G
2-PB1,1620,6131,0,8,0,6139,A
2-PB1,1621,2,1,0,6154,6157,C
2-PB1,1622,12,4,0,6022,6038,C
2-PB1,1623,5968,1,7,0,5976,A
2-PB1,1624,0,3,6048,0,6051,G
2-PB1,1625,3,1,1,6048,6053,C
2-PB1,1626,6062,0,5,0,6067,A
2-PB1,1627,6024,2,6,1,6033,A
2-PB1,1628,3,3,1,6007,6014,C
2-PB1,1629,5944,0,3,1,5948,A
2-PB1,1630,0,3,6092,1,6096,G
2-PB1,1631,3,1,0,6085,6089,C
2-PB1,1632,12,1,0,6084,6097,C
2-PB1,1633,25,2,0,6062,6089,C
2-PB1,1634,6109,1,0,0,6110,A
2-PB1,1635,6107,1,5,0,6113,A
2-PB1,1636,6113,0,0,0,6113,A
2-PB1,1637,0,6086,1,4,6091,T
2-PB1,1638,2,15,6053,0,6070,G
2-PB1,1639,1,2,5972,0,5975,G
2-PB1,1640,2,0,1,5985,5988,C
2-PB1,1641,0,5938,1,11,5950,T
2-PB1,1642,19,1,0,6098,6118,C
2-PB1,1643,1,6087,0,8,6096,T
2-PB1,1644,17,0,0,6135,6152,C
2-PB1,1645,18,1,0,6161,6180,C
2-PB1,1646,6191,0,2,0,6193,A
2-PB1,1647,6193,0,2,3,6198,A
2-PB1,1648,0,6168,0,3,6171,T
2-PB1,1649,0,6129,1,2,6132,T
2-PB1,1650,1,0,6185,0,6186,G
2-PB1,1651,0,6004,1,11,6016,T
2-PB1,1652,0,5997,0,4,6001,T
2-PB1,1653,34,12,0,5979,6025,C
2-PB1,1654,6015,1,3,0,6019,A
2-PB1,1655,0,6007,0,9,6016,T
2-PB1,1656,14,0,0,6012,6026,C
2-PB1,1657,6041,0,3,0,6044,A
2-PB1,1658,6042,1,1,0,6044,A
2-PB1,1659,6013,0,9,0,6022,A
2-PB1,1660,0,8,6195,0,6203,G
2-PB1,1661,6199,0,1,0,6200,A
2-PB1,1662,1,6191,0,4,6196,T
2-PB1,1663,0,6201,0,2,6203,T
2-PB1,1664,6215,2,6,0,6223,A
2-PB1,1665,0,0,0,6349,6349,C
2-PB1,1666,6339,2,7,1,6349,A
2-PB1,1667,2,10,6404,0,6416,G
2-PB1,1668,6394,0,5,0,6399,A
2-PB1,1669,1,6522,0,1,6524,T
2-PB1,1670,6526,0,5,0,6531,A
2-PB1,1671,1,3,0,6874,6878,C
2-PB1,1672,7004,2,12,1,7019,A
2-PB1,1673,2,2,0,7485,7489,C
2-PB1,1674,7368,1,4,1,7374,A
2-PB1,1675,0,7439,0,3,7442,T
2-PB1,1676,7360,1,2,1,7364,A
2-PB1,1677,1,7340,0,3,7344,T
2-PB1,1678,7177,4,3,1,7185,A
2-PB1,1679,2,12,7166,0,7180,G
2-PB1,1680,1,0,7081,0,7082,G
2-PB1,1681,1,6748,0,7,6756,T
2-PB1,1682,2,1,6683,0,6686,G
2-PB1,1683,1,5,0,6940,6946,C
2-PB1,1684,15,2,0,6921,6938,C
2-PB1,1685,7033,1,5,1,7040,A
2-PB1,1686,0,7042,0,1,7043,T
2-PB1,1687,7053,1,4,0,7058,A
2-PB1,1688,0,19,7055,1,7075,G
2-PB1,1689,6908,0,9,0,6917,A
2-PB1,1690,1,14,6961,0,6976,G
2-PB1,1691,2,16,6940,0,6958,G
2-PB1,1692,6679,1,6,0,6686,A
2-PB1,1693,1,29,6695,0,6725,G
2-PB1,1694,6655,0,10,2,6667,A
2-PB1,1695,0,3,0,6687,6690,C
2-PB1,1696,6657,1,6,0,6664,A
2-PB1,1697,0,20,0,6738,6758,C
2-PB1,1698,6734,2,7,0,6743,A
2-PB1,1699,3,1,0,6759,6763,C
2-PB1,1700,6691,1,5,1,6698,A
2-PB1,1701,6728,0,4,0,6732,A
2-PB1,1702,6781,1,1,1,6784,A
2-PB1,1703,1,6772,1,0,6774,T
2-PB1,1704,18,2,0,6772,6792,C
2-PB1,1705,20,1,0,6783,6804,C
2-PB1,1706,6695,8,29,0,6732,A
2-PB1,1707,0,21,6735,0,6756,G
2-PB1,1708,6734,0,10,0,6744,A
2-PB1,1709,1,5,0,6794,6800,C
2-PB1,1710,4,35,6754,0,6793,G
2-PB1,1711,6727,1,5,1,6734,A
2-PB1,1712,1,10,6745,0,6756,G
2-PB1,1713,6737,1,11,0,6749,A
2-PB1,1714,6759,0,5,1,6765,A
2-PB1,1715,2,12,6792,0,6806,G
2-PB1,1716,6765,1,13,0,6779,A
2-PB1,1717,1,6762,1,6,6770,T
2-PB1,1718,30,1,0,6680,6711,C
2-PB1,1719,6722,0,4,0,6726,A
2-PB1,1720,1,6705,0,1,6707,T
2-PB1,1721,1,6696,0,2,6699,T
2-PB1,1722,16,1,0,6686,6703,C
2-PB1,1723,3,21,6694,0,6718,G
2-PB1,1724,6650,2,12,0,6664,A
2-PB1,1725,1,8,6678,0,6687,G
2-PB1,1726,6623,1,3,0,6627,A
2-PB1,1727,0,6849,0,1,6850,T
2-PB1,1728,6855,0,2,1,6858,A
2-PB1,1729,6859,0,4,0,6863,A
2-PB1,1730,6843,1,16,1,6861,A
2-PB1,1731,2,6,6864,0,6872,G
2-PB1,1732,6853,0,3,1,6857,A
2-PB1,1733,6671,1,3,0,6675,A
2-PB1,1734,1,0,6716,0,6717,G
2-PB1,1735,3,3,0,6719,6725,C
2-PB1,1736,0,6652,0,1,6653,T
2-PB1,1737,1,6,6670,0,6677,G
2-PB1,1738,0,6643,1,4,6648,T
2-PB1,1739,1,38,6608,0,6647,G
2-PB1,1740,0,18,6642,0,6660,G
2-PB1,1741,0,20,6700,2,6722,G
2-PB1,1742,6730,2,16,0,6748,A
2-PB1,1743,1,6685,0,6,6692,T
2-PB1,1744,22,2,0,6635,6659,C
2-PB1,1745,6663,0,2,0,6665,A
2-PB1,1746,6676,0,9,0,6685,A
2-PB1,1747,6710,0,3,0,6713,A
2-PB1,1748,1,0,0,6721,6722,C
2-PB1,1749,18,0,0,6667,6685,C
2-PB1,1750,39,1,0,6587,6627,C
2-PB1,1751,6627,0,3,0,6630,A
2-PB1,1752,6752,0,7,0,6759,A
2-PB1,1753,0,6723,0,1,6724,T
2-PB1,1754,19,1,0,6728,6748,C
2-PB1,1755,6685,0,4,0,6689,A
2-PB1,1756,6598,0,22,0,6620,A
2-PB1,1757,2,39,6679,0,6720,G
2-PB1,1758,0,17,6663,0,6680,G
2-PB1,1759,1,1,6674,0,6676,G
2-PB1,1760,3,4,0,6676,6683,C
2-PB1,1761,6547,2,12,1,6562,A
2-PB1,1762,1,10,6735,0,6746,G
2-PB1,1763,0,13,6780,1,6794,G
2-PB1,1764,6823,1,5,1,6830,A
2-PB1,1765,0,0,1,6915,6916,C
2-PB1,1766,0,6781,0,0,6781,T
2-PB1,1767,6956,2,2,1,6961,A
2-PB1,1768,0,6922,0,3,6925,T
2-PB1,1769,0,6948,0,3,6951,T
2-PB1,1770,2,16,6944,0,6962,G
2-PB1,1771,3,1,6918,0,6922,G
2-PB1,1772,0,6796,0,5,6801,T
2-PB1,1773,6834,0,2,0,6836,A
2-PB1,1774,0,6726,0,9,6735,T
2-PB1,1775,12,1,0,6730,6743,C
2-PB1,1776,6618,0,7,0,6625,A
2-PB1,1777,0,6,6671,1,6678,G
2-PB1,1778,6661,0,12,0,6673,A
2-PB1,1779,0,6620,0,4,6624,T
2-PB1,1780,1,26,6375,0,6402,G
2-PB1,1781,1,32,6364,0,6397,G
2-PB1,1782,1,23,6354,0,6378,G
2-PB1,1783,3,21,6366,0,6390,G
2-PB1,1784,0,30,6374,0,6404,G
2-PB1,1785,6373,1,5,0,6379,A
2-PB1,1786,1,1,0,6361,6363,C
2-PB1,1787,24,5,0,6312,6341,C
2-PB1,1788,6337,0,3,0,6340,A
2-PB1,1789,6751,0,0,1,6752,A
2-PB1,1790,6777,0,8,0,6785,A
2-PB1,1791,0,0,0,6920,6920,C
2-PB1,1792,0,6835,1,5,6841,T
2-PB1,1793,0,6815,0,3,6818,T
2-PB1,1794,6835,0,13,0,6848,A
2-PB1,1795,0,6839,0,2,6841,T
2-PB1,1796,6845,0,8,1,6854,A
2-PB1,1797,0,1,0,6868,6869,C
2-PB1,1798,6338,1,1,0,6340,A
2-PB1,1799,6347,1,3,0,6351,A
2-PB1,1800,0,6194,0,0,6194,T
2-PB1,1801,6287,1,0,0,6288,A
2-PB1,1802,0,6295,0,2,6297,T
2-PB1,1803,5,2,0,6277,6284,C
2-PB1,1804,16,3,0,6268,6287,C
2-PB1,1805,9,17,6271,0,6297,G
2-PB1,1806,3,17,6283,0,6303,G
2-PB1,1807,6290,0,3,0,6293,A
2-PB1,1808,6296,0,1,0,6297,A
2-PB1,1809,0,6280,0,2,6282,T
2-PB1,1810,7,0,0,6326,6333,C
2-PB1,1811,0,6311,0,3,6314,T
2-PB1,1812,1,6332,0,7,6340,T
2-PB1,1813,15,2,0,6315,6332,C
2-PB1,1814,6321,0,6,0,6327,A
2-PB1,1815,0,1,0,6357,6358,C
2-PB1,1816,6327,0,3,0,6330,A
2-PB1,1817,0,6868,0,8,6876,T
2-PB1,1818,8,1,0,6909,6918,C
2-PB1,1819,21,2,1,6920,6944,C
2-PB1,1820,33,2,0,6952,6987,C
2-PB1,1821,0,6949,2,12,6963,T
2-PB1,1822,3,16,6961,0,6980,G
2-PB1,1823,6951,1,4,0,6956,A
2-PB1,1824,6934,3,5,2,6944,A
2-PB1,1825,1,0,6969,0,6970,G
2-PB1,1826,0,6476,0,5,6481,T
2-PB1,1827,27,1,0,6468,6496,C
2-PB1,1828,1,6359,0,1,6361,T
2-PB1,1829,2,0,6516,0,6518,G
2-PB1,1830,1,0,0,6522,6523,C
2-PB1,1831,0,6517,1,5,6523,T
2-PB1,1832,0,6533,0,1,6534,T
2-PB1,1833,6396,0,102,0,6498,A
2-PB1,1834,6478,0,2,1,6481,A
2-PB1,1835,6485,0,1,0,6486,A
2-PB1,1836,6286,1,11,0,6298,A
2-PB1,1837,0,6337,0,0,6337,T
2-PB1,1838,2,32,6317,0,6351,G
2-PB1,1839,2,13,6341,0,6356,G
2-PB1,1840,1,20,6351,1,6373,G
2-PB1,1841,6318,0,10,1,6329,A
2-PB1,1842,2,2,6369,0,6373,G
2-PB1,1843,5,1,0,6344,6350,C
2-PB1,1844,0,6331,0,4,6335,T
2-PB1,1845,2,5,6376,0,6383,G
2-PB1,1846,6354,0,5,0,6359,A
2-PB1,1847,1,6356,0,6,6363,T
2-PB1,1848,3,17,6371,0,6391,G
2-PB1,1849,2,6,6369,0,6377,G
2-PB1,1850,6352,0,11,0,6363,A
2-PB1,1851,0,6351,0,9,6360,T
2-PB1,1852,1,30,6326,0,6357,G
2-PB1,1853,6301,0,10,0,6311,A
2-PB1,1854,0,30,6415,0,6445,G
2-PB1,1855,6438,1,4,0,6443,A
2-PB1,1856,6449,1,1,0,6451,A
2-PB1,1857,0,6419,0,0,6419,T
2-PB1,1858,0,6388,0,0,6388,T
2-PB1,1859,6398,0,1,0,6399,A
2-PB1,1860,2,6375,0,1,6378,T
2-PB1,1861,11,1,0,6380,6392,C
2-PB1,1862,7,15,6401,1,6424,G
2-PB1,1863,1,23,6344,0,6368,G
2-PB1,1864,1,13,6325,1,6340,G
2-PB1,1865,0,6,6343,0,6349,G
2-PB1,1866,6325,1,2,0,6328,A
2-PB1,1867,6331,0,6,1,6338,A
2-PB1,1868,0,22,6360,0,6382,G
2-PB1,1869,6408,1,7,0,6416,A
2-PB1,1870,0,0,0,6466,6466,C
2-PB1,1871,0,6396,0,5,6401,T
2-PB1,1872,0,6530,0,2,6532,T
2-PB1,1873,0,6544,1,3,6548,T
2-PB1,1874,1,3,6612,0,6616,G
2-PB1,1875,0,6618,0,1,6619,T
2-PB1,1876,6581,0,5,0,6586,A
2-PB1,1877,6563,0,4,0,6567,A
2-PB1,1878,0,6419,0,2,6421,T
2-PB1,1879,8,0,0,6486,6494,C
2-PB1,1880,12,2,0,6471,6485,C
2-PB1,1881,27,1,0,6406,6434,C
2-PB1,1882,18,2,0,6463,6483,C
2-PB1,1883,0,6425,0,7,6432,T
2-PB1,1884,2,17,6448,1,6468,G
2-PB1,1885,6448,0,1,1,6450,A
2-PB1,1886,6482,1,2,1,6486,A
2-PB1,1887,0,6488,0,4,6492,T
2-PB1,1888,18,1,0,6447,6466,C
2-PB1,1889,18,0,0,6414,6432,C
2-PB1,1890,37,1,0,6345,6383,C
2-PB1,1891,1,6349,1,20,6371,T
2-PB1,1892,0,6383,0,5,6388,T
2-PB1,1893,0,6361,0,4,6365,T
2-PB1,1894,1,2,6368,0,6371,G
2-PB1,1895,0,6335,0,5,6340,T
2-PB1,1896,27,2,1,6297,6327,C
2-PB1,1897,6246,2,5,3,6256,A
2-PB1,1898,2,1,6358,1,6362,G
2-PB1,1899,2,4,0,6341,6347,C
2-PB1,1900,14,1,0,6344,6359,C
2-PB1,1901,6365,0,3,1,6369,A
2-PB1,1902,0,6375,0,4,6379,T
2-PB1,1903,6345,0,22,0,6367,A
2-PB1,1904,6391,0,5,0,6396,A
2-PB1,1905,6388,1,9,0,6398,A
2-PB1,1906,0,13,6470,1,6484,G
2-PB1,1907,6317,0,2,0,6319,A
2-PB1,1908,6318,0,2,0,6320,A
2-PB1,1909,6330,0,6,1,6337,A
2-PB1,1910,0,6313,0,2,6315,T
2-PB1,1911,0,6301,0,2,6303,T
2-PB1,1912,0,14,6310,0,6324,G
2-PB1,1913,6261,1,5,0,6267,A
2-PB1,1914,3,2,6356,0,6361,G
2-PB1,1915,0,6310,1,7,6318,T
2-PB1,1916,31,1,0,6336,6368,C
2-PB1,1917,1,6331,2,3,6337,T
2-PB1,1918,0,0,6461,0,6461,G
2-PB1,1919,0,6455,1,3,6459,T
2-PB1,1920,6582,0,3,0,6585,A
2-PB1,1921,6550,1,10,0,6561,A
2-PB1,1922,6545,2,7,0,6554,A
2-PB1,1923,0,2,0,6583,6585,C
2-PB1,1924,6393,1,2,1,6397,A
2-PB1,1925,6569,0,0,1,6570,A
2-PB1,1926,0,6536,0,3,6539,T
2-PB1,1927,1,1,6531,0,6533,G
2-PB1,1928,0,2,1,6574,6577,C
2-PB1,1929,0,6499,1,6,6506,T
2-PB1,1930,1,1,6741,0,6743,G
2-PB1,1931,1,6724,0,2,6727,T
2-PB1,1932,6850,0,3,0,6853,A
2-PB1,1933,1,3,6856,0,6860,G
2-PB1,1934,0,6661,0,0,6661,T
2-PB1,1935,6623,0,3,1,6627,A
2-PB1,1936,6572,0,5,0,6577,A
2-PB1,1937,0,6538,0,6,6544,T
2-PB1,1938,1,4,6524,0,6529,G
2-PB1,1939,2,1,0,6423,6426,C
2-PB1,1940,13,1,0,6356,6370,C
2-PB1,1941,6259,1,6,0,6266,A
2-PB1,1942,5,1,6411,0,6417,G
2-PB1,1943,1,1,0,6503,6505,C
2-PB1,1944,12,1,0,6535,6548,C
2-PB1,1945,30,1,0,6525,6556,C
2-PB1,1946,6524,0,0,0,6524,A
2-PB1,1947,0,6525,0,4,6529,T
2-PB1,1948,0,21,6515,0,6536,G
2-PB1,1949,3,2,6614,0,6619,G
2-PB1,1950,0,6568,0,5,6573,T
2-PB1,1951,27,0,0,6391,6418,C
2-PB1,1952,17,1,1,6289,6308,C
2-PB1,1953,1,6251,2,6,6260,T
2-PB1,1954,4,1,6401,0,6406,G
2-PB1,1955,0,1,0,6368,6369,C
2-PB1,1956,24,0,0,6377,6401,C
2-PB1,1957,6391,0,1,0,6392,A
2-PB1,1958,6319,2,1,1,6323,A
2-PB1,1959,6321,0,3,1,6325,A
2-PB1,1960,6349,0,5,0,6354,A
2-PB1,1961,1,1,6469,0,6471,G
2-PB1,1962,0,6333,0,4,6337,T
2-PB1,1963,6330,1,4,0,6335,A
2-PB1,1964,0,6328,0,8,6336,T
2-PB1,1965,3,15,6315,0,6333,G
2-PB1,1966,1,11,6432,0,6444,G
2-PB1,1967,6422,0,3,0,6425,A
2-PB1,1968,6500,1,9,0,6510,A
2-PB1,1969,0,6466,0,1,6467,T
2-PB1,1970,6387,0,0,0,6387,A
2-PB1,1971,0,6369,0,7,6376,T
2-PB1,1972,1,11,6323,0,6335,G
2-PB1,1973,6328,0,12,0,6340,A
2-PB1,1974,0,6303,0,5,6308,T
2-PB1,1975,0,1,6138,0,6139,G
2-PB1,1976,2,2,1,6132,6137,C
2-PB1,1977,23,2,1,6053,6079,C
2-PB1,1978,11,0,6083,0,6094,G
2-PB1,1979,0,6084,0,5,6089,T
2-PB1,1980,1,6084,0,11,6096,T
2-PB1,1981,2,0,6111,1,6114,G
2-PB1,1982,3,1,0,6236,6240,C
2-PB1,1983,6240,0,3,0,6243,A
2-PB1,1984,6308,2,2,0,6312,A
2-PB1,1985,3,0,0,6333,6336,C
2-PB1,1986,1,6288,4,11,6304,T
2-PB1,1987,6313,0,2,0,6315,A
2-PB1,1988,2,0,0,6318,6320,C
2-PB1,1989,6290,1,9,1,6301,A
2-PB1,1990,0,0,0,6319,6319,C
2-PB1,1991,6036,0,10,0,6046,A
2-PB1,1992,1,0,0,6594,6595,C
2-PB1,1993,0,6391,0,45,6436,T
2-PB1,1994,28,0,0,6463,6491,C
2-PB1,1995,16,0,0,6474,6490,C
2-PB1,1996,2,6437,0,8,6447,T
2-PB1,1997,2,21,6446,0,6469,G
2-PB1,1998,0,11,6447,0,6458,G
2-PB1,1999,6446,0,3,1,6450,A
2-PB1,2000,0,6450,0,3,6453,T
2-PB1,2001,0,5797,0,4,5801,T
2-PB1,2002,15,2,0,5872,5889,C
2-PB1,2003,9,2,0,5856,5867,C
2-PB1,2004,23,3,0,5871,5897,C
2-PB1,2005,5925,0,7,1,5933,A
2-PB1,2006,5926,0,2,0,5928,A
2-PB1,2007,1,15,5918,0,5934,G
2-PB1,2008,5904,1,12,0,5917,A
2-PB1,2009,0,6,5911,1,5918,G
2-PB1,2010,1,17,5896,0,5914,G
2-PB1,2011,5824,0,3,0,5827,A
2-PB1,2012,5817,0,11,0,5828,A
2-PB1,2013,1,1,0,5822,5824,C
2-PB1,2014,10,2,1,5777,5790,C
2-PB1,2015,11,3,5877,0,5891,G
2-PB1,2016,3,1,0,5865,5869,C
2-PB1,2017,1,5834,0,8,5843,T
2-PB1,2018,32,0,0,5849,5881,C
2-PB1,2019,1,5840,1,2,5844,T
2-PB1,2020,6265,0,0,0,6265,A
2-PB1,2021,1,6253,0,6,6260,T
2-PB1,2022,0,6269,0,4,6273,T
2-PB1,2023,16,0,1,6289,6306,C
2-PB1,2024,1,6067,0,1,6069,T
2-PB1,2025,6086,1,0,1,6088,A
2-PB1,2026,6077,1,6,0,6084,A
2-PB1,2027,6087,1,2,0,6090,A
2-PB1,2028,2,2,0,6095,6099,C
2-PB1,2029,5563,0,2,0,5565,A
2-PB1,2030,1,0,0,5561,5562,C
2-PB1,2031,5492,0,1,0,5493,A
2-PB1,2032,5545,1,7,0,5553,A
2-PB1,2033,1,0,5570,1,5572,G
2-PB1,2034,0,2,0,5556,5558,C
2-PB1,2035,13,1,0,5559,5573,C
2-PB1,2036,5518,0,3,2,5523,A
2-PB1,2037,5516,1,1,0,5518,A
2-PB1,2038,5506,0,7,0,5513,A
2-PB1,2039,0,32,5539,0,5571,G
2-PB1,2040,1,24,5541,0,5566,G
2-PB1,2041,1,13,5449,0,5463,G
2-PB1,2042,2,15,5463,0,5480,G
2-PB1,2043,5437,0,4,0,5441,A
2-PB1,2044,5476,1,5,0,5482,A
2-PB1,2045,0,5485,0,2,5487,T
2-PB1,2046,1,5499,0,3,5503,T
2-PB1,2047,11,1,0,5520,5532,C
2-PB1,2048,0,5467,0,2,5469,T
2-PB1,2049,0,5457,0,1,5458,T
2-PB1,2050,2,12,5443,0,5457,G
2-PB1,2051,5438,0,8,1,5447,A
2-PB1,2052,1,12,5461,0,5474,G
2-PB1,2053,0,9,5455,0,5464,G
2-PB1,2054,5471,0,1,0,5472,A
2-PB1,2055,1,5422,1,2,5426,T
2-PB1,2056,6,35,5452,0,5493,G
2-PB1,2057,5489,2,2,0,5493,A
2-PB1,2058,5487,1,7,0,5495,A
2-PB1,2059,0,0,0,5543,5543,C
2-PB1,2060,5481,0,1,1,5483,A
2-PB1,2061,0,7,5571,0,5578,G
2-PB1,2062,5547,1,3,1,5552,A
2-PB1,2063,0,5545,0,9,5554,T
2-PB1,2064,2,1,5576,0,5579,G
2-PB1,2065,0,5723,0,4,5727,T
2-PB1,2066,5732,1,6,0,5739,A
2-PB1,2067,0,11,0,5733,5744,C
2-PB1,2068,16,0,0,5678,5694,C
2-PB1,2069,5612,0,4,1,5617,A
2-PB1,2070,1,5,5551,0,5557,G
2-PB1,2071,5489,0,5,1,5495,A
2-PB1,2072,5472,0,1,0,5473,A
2-PB1,2073,0,1,5515,0,5516,G
2-PB1,2074,2,5139,1,21,5163,T
2-PB1,2075,0,2,5172,0,5174,G
2-PB1,2076,3,1,0,5155,5159,C
2-PB1,2077,2,5146,0,11,5159,T
2-PB1,2078,1,2,5155,0,5158,G
2-PB1,2079,1,0,0,5158,5159,C
2-PB1,2080,5163,1,1,0,5165,A
2-PB1,2081,5161,2,12,0,5175,A
2-PB1,2082,1,0,0,5090,5091,C
2-PB1,2083,0,5068,0,5,5073,T
2-PB1,2084,0,5010,0,1,5011,T
2-PB1,2085,1,2,5002,0,5005,G
2-PB1,2086,0,4987,0,0,4987,T
2-PB1,2087,0,4969,0,1,4970,T
2-PB1,2088,25,3,0,4957,4985,C
2-PB1,2089,2,13,4974,0,4989,G
2-PB1,2090,4973,0,5,0,4978,A
2-PB1,2091,0,8,4971,0,4979,G
2-PB1,2092,4982,0,1,0,4983,A
2-PB1,2093,4983,1,0,0,4984,A
2-PB1,2094,4999,0,0,0,4999,A
2-PB1,2095,0,4982,0,1,4983,T
2-PB1,2096,0,4990,0,3,4993,T
2-PB1,2097,0,4965,0,21,4986,T
2-PB1,2098,1,4989,0,1,4991,T
2-PB1,2099,0,4971,0,2,4973,T
2-PB1,2100,13,0,0,4997,5010,C
2-PB1,2101,10,0,0,5012,5022,C
2-PB1,2102,32,2,1,4993,5028,C
2-PB1,2103,2,5016,0,4,5022,T
2-PB1,2104,5021,0,1,0,5022,A
2-PB1,2105,0,0,5051,0,5051,G
2-PB1,2106,0,5038,0,3,5041,T
2-PB1,2107,5081,0,2,1,5084,A
2-PB1,2108,1,1,5117,0,5119,G
2-PB1,2109,0,5053,1,2,5056,T
2-PB1,2110,0,5244,0,2,5246,T
2-PB1,2111,33,1,0,5249,5283,C
2-PB1,2112,5391,0,3,1,5395,A
2-PB1,2113,1,5415,0,2,5418,T
2-PB1,2114,5484,0,3,0,5487,A
2-PB1,2115,0,5487,2,5,5494,T
2-PB1,2116,5300,0,4,0,5304,A
2-PB1,2117,1,9,5269,0,5279,G
2-PB1,2118,2,12,5232,0,5246,G
2-PB1,2119,4760,1,6,1,4768,A
2-PB1,2120,2,28,4736,2,4768,G
2-PB1,2121,4509,0,5,0,4514,A
2-PB1,2122,0,2,0,4506,4508,C
2-PB1,2123,18,3,0,4219,4240,C
2-PB1,2124,4,9,4217,0,4230,G
2-PB1,2125,4214,0,1,0,4215,A
2-PB1,2126,1,4194,0,0,4195,T
2-PB1,2127,24,2,0,4156,4182,C
2-PB1,2128,54,10,4129,0,4193,G
2-PB1,2129,0,14,4206,0,4220,G
2-PB1,2130,4213,0,0,1,4214,A
2-PB1,2131,4212,0,2,0,4214,A
2-PB1,2132,0,4215,1,2,4218,T
2-PB1,2133,0,4236,1,0,4237,T
2-PB1,2134,0,4212,0,1,4213,T
2-PB1,2135,11,0,0,4215,4226,C
2-PB1,2136,0,4233,0,3,4236,T
2-PB1,2137,4223,1,6,0,4230,A
2-PB1,2138,1,0,4236,0,4237,G
2-PB1,2139,1,2,0,4202,4205,C
2-PB1,2140,4199,0,3,0,4202,A
2-PB1,2141,1,4186,0,1,4188,T
2-PB1,2142,0,15,4120,0,4135,G
2-PB1,2143,1,0,4277,0,4278,G
2-PB1,2144,0,4252,1,1,4254,T
2-PB1,2145,1,7,4261,0,4269,G
2-PB1,2146,0,2,4242,0,4244,G
2-PB1,2147,4202,0,19,1,4222,A
2-PB1,2148,1,3,4229,0,4233,G
2-PB1,2149,1,1,4218,0,4220,G
2-PB1,2150,1,0,0,4157,4158,C
2-PB1,2151,7,0,0,4150,4157,C
2-PB1,2152,3901,0,2,1,3904,A
2-PB1,2153,0,3882,1,8,3891,T
2-PB1,2154,3,9,3915,0,3927,G
2-PB1,2155,2,1,3957,0,3960,G
2-PB1,2156,0,3860,0,5,3865,T
2-PB1,2157,1,0,3902,1,3904,G
2-PB1,2158,1,3805,0,3,3809,T
2-PB1,2159,18,0,0,3769,3787,C
2-PB1,2160,0,3792,0,12,3804,T
2-PB1,2161,3751,0,2,0,3753,A
2-PB1,2162,0,4,3741,0,3745,G
2-PB1,2163,2,5,3646,0,3653,G
2-PB1,2164,0,3,3592,0,3595,G
2-PB1,2165,0,0,0,3512,3512,C
2-PB1,2166,7,1,0,3373,3381,C
2-PB1,2167,13,2,0,3309,3324,C
2-PB1,2168,3,9,3316,0,3328,G
2-PB1,2169,0,6,3340,0,3346,G
2-PB1,2170,3351,0,0,0,3351,A
2-PB1,2171,0,3332,0,1,3333,T
2-PB1,2172,1,3211,0,1,3213,T
2-PB1,2173,0,5,3175,0,3180,G
2-PB1,2174,3172,0,3,1,3176,A
2-PB1,2175,0,3192,0,3,3195,T
2-PB1,2176,1,1,3192,1,3195,G
2-PB1,2177,3,0,0,3152,3155,C
2-PB1,2178,10,3,0,3137,3150,C
2-PB1,2179,3138,0,2,0,3140,A
2-PB1,2180,0,15,3133,0,3148,G
2-PB1,2181,3140,0,0,0,3140,A
2-PB1,2182,3134,0,1,0,3135,A
2-PB1,2183,0,3119,0,2,3121,T
2-PB1,2184,0,3055,0,3,3058,T
2-PB1,2185,0,17,3047,0,3064,G
2-PB1,2186,3047,0,0,0,3047,A
2-PB1,2187,1,1,0,3047,3049,C
2-PB1,2188,0,3018,0,6,3024,T
2-PB1,2189,0,2992,0,2,2994,T
2-PB1,2190,3,1,0,2999,3003,C
2-PB1,2191,1,7,2994,1,3003,G
2-PB1,2192,2998,0,3,0,3001,A
2-PB1,2193,0,0,2937,0,2937,G
2-PB1,2194,0,2955,0,2,2957,T
2-PB1,2195,9,0,0,2961,2970,C
2-PB1,2196,0,2969,0,3,2972,T
2-PB1,2197,0,6,2969,0,2975,G
2-PB1,2198,0,2,2976,0,2978,G
2-PB1,2199,2971,0,1,0,2972,A
2-PB1,2200,2758,0,2,0,2760,A
2-PB1,2201,1,11,2756,0,2768,G
2-PB1,2202,1,3,2812,0,2816,G
2-PB1,2203,2814,0,2,0,2816,A
2-PB1,2204,0,2787,0,2,2789,T
2-PB1,2205,0,2796,0,1,2797,T
2-PB1,2206,2787,0,2,0,2789,A
2-PB1,2207,2782,0,6,0,2788,A
2-PB1,2208,1,5,2791,0,2797,G
2-PB1,2209,2786,0,1,0,2787,A
2-PB1,2210,2725,0,0,0,2725,A
2-PB1,2211,2353,0,7,0,2360,A
2-PB1,2212,1,2,2368,0,2371,G
2-PB1,2213,2367,1,3,0,2371,A
2-PB1,2214,2366,1,5,0,2372,A
2-PB1,2215,0,4,2372,0,2376,G
2-PB1,2216,2194,1,0,0,2195,A
2-PB1,2217,0,0,2192,0,2192,G
2-PB1,2218,0,2064,0,1,2065,T
2-PB1,2219,1,2048,0,1,2050,T
2-PB1,2220,11,0,0,2065,2076,C
2-PB1,2221,0,2030,0,3,2033,T
2-PB1,2222,6,0,0,2038,2044,C
2-PB1,2223,1,2027,1,4,2033,T
2-PB1,2224,0,4,2022,0,2026,G
2-PB1,2225,1987,0,3,0,1990,A
2-PB1,2226,0,1,1971,0,1972,G
2-PB1,2227,1951,1,4,0,1956,A
2-PB1,2228,0,1877,0,3,1880,T
2-PB1,2229,10,0,0,1760,1770,C
2-PB1,2230,1775,0,3,0,1778,A
2-PB1,2231,0,1768,0,1,1769,T
2-PB1,2232,1,0,1769,0,1770,G
2-PB1,2233,1761,0,0,0,1761,A
2-PB1,2234,1750,0,4,0,1754,A
2-PB1,2235,0,3,1731,0,1734,G
2-PB1,2236,1688,0,0,0,1688,A
2-PB1,2237,0,1674,0,2,1676,T
2-PB1,2238,3,0,0,1664,1667,C
2-PB1,2239,0,1577,1,0,1578,T
2-PB1,2240,1,0,1592,0,1593,G
2-PB1,2241,0,1582,0,1,1583,T
2-PB1,2242,0,1575,0,1,1576,T
2-PB1,2243,10,0,0,1562,1572,C
2-PB1,2244,4,1,0,1470,1475,C
2-PB1,2245,1464,0,1,0,1465,A
2-PB1,2246,0,0,0,1479,1479,C
2-PB1,2247,1,2,0,1413,1416,C
2-PB1,2248,1384,0,0,0,1384,A
2-PB1,2249,0,1298,0,1,1299,T
2-PB1,2250,0,1261,0,2,1263,T
2-PB1,2251,1,2,1259,0,1262,G
2-PB1,2252,1255,0,0,0,1255,A
2-PB1,2253,1249,0,1,1,1251,A
2-PB1,2254,0,6,1244,0,1250,G
2-PB1,2255,1065,0,3,0,1068,A
2-PB1,2256,1055,0,5,0,1060,A
2-PB1,2257,0,0,0,1043,1043,C
2-PB1,2258,0,998,0,4,1002,T
2-PB1,2259,5,0,0,995,1000,C
2-PB1,2260,958,1,2,0,961,A
2-PB1,2261,0,2,959,0,961,G
2-PB1,2262,954,0,2,0,956,A
2-PB1,2263,0,4,0,919,923,C
2-PB1,2264,0,2,899,0,901,G
2-PB1,2265,0,0,871,0,871,G
2-PB1,2266,0,0,0,871,871,C
2-PB1,2267,867,0,1,0,868,A
2-PB1,2268,866,0,0,0,866,A
2-PB1,2269,860,0,3,0,863,A
2-PB1,2270,863,0,1,0,864,A
2-PB1,2271,854,0,1,0,855,A
2-PB1,2272,0,833,0,0,833,T
2-PB1,2273,811,0,0,0,811,A
2-PB1,2274,807,0,0,0,807,A
3-PA,1,126,0,0,0,126,A
3-PA,2,0,126,0,0,126,T
3-PA,3,0,0,131,0,131,G
3-PA,4,0,0,132,0,132,G
3-PA,5,132,0,0,0,132,A
3-PA,6,133,0,0,0,133,A
3-PA,7,0,1,141,0,142,G
3-PA,8,149,0,0,0,149,A
3-PA,9,0,151,0,0,151,T
3-PA,10,0,150,1,0,151,T
3-PA,11,0,151,0,0,151,T
3-PA,12,0,152,0,0,152,T
3-PA,13,0,0,158,0,158,G
3-PA,14,0,158,0,0,158,T
3-PA,15,0,0,157,0,157,G
3-PA,16,0,0,0,163,163,C
3-PA,17,0,1,163,0,164,G
3-PA,18,178,0,0,0,178,A
3-PA,19,0,0,0,183,183,C
3-PA,20,183,0,0,0,183,A
3-PA,21,186,0,0,0,186,A
3-PA,22,0,193,0,0,193,T
3-PA,23,1,0,230,0,231,G
3-PA,24,0,0,0,234,234,C
3-PA,25,0,233,0,0,233,T
3-PA,26,0,233,0,0,233,T
3-PA,27,1,0,0,234,235,C
3-PA,28,239,0,0,0,239,A
3-PA,29,253,0,0,0,253,A
3-PA,30,0,0,0,266,266,C
3-PA,31,0,0,0,266,266,C
3-PA,32,2,0,0,265,267,C
3-PA,33,0,1,268,0,269,G
3-PA,34,269,0,0,1,270,A
3-PA,35,0,270,0,1,271,T
3-PA,36,0,1,273,0,274,G
3-PA,37,272,0,0,0,272,A
3-PA,38,0,283,0,0,283,T
3-PA,39,0,282,0,0,282,T
3-PA,40,1,0,284,0,285,G
3-PA,41,0,285,0,0,285,T
3-PA,42,3,2,0,279,284,C
3-PA,43,0,5,280,0,285,G
3-PA,44,289,0,0,0,289,A
3-PA,45,289,0,0,0,289,A
3-PA,46,0,0,0,294,294,C
3-PA,47,0,293,0,0,293,T
3-PA,48,0,295,0,0,295,T
3-PA,49,1,0,294,0,295,G
3-PA,50,0,0,0,297,297,C
3-PA,51,296,0,0,0,296,A
3-PA,52,0,0,299,0,299,G
3-PA,53,297,0,0,0,297,A
3-PA,54,299,0,0,0,299,A
3-PA,55,300,0,0,0,300,A
3-PA,56,302,0,0,0,302,A
3-PA,57,302,0,2,0,304,A
3-PA,58,0,0,307,0,307,G
3-PA,59,0,0,0,314,314,C
3-PA,60,315,0,0,0,315,A
3-PA,61,332,1,0,0,333,A
3-PA,62,0,332,0,0,332,T
3-PA,63,0,1,340,0,341,G
3-PA,64,342,0,0,0,342,A
3-PA,65,345,1,0,0,346,A
3-PA,66,348,0,0,0,348,A
3-PA,67,0,0,377,0,377,G
3-PA,68,394,0,0,0,394,A
3-PA,69,0,0,461,0,461,G
3-PA,70,0,461,0,0,461,T
3-PA,71,464,0,1,0,465,A
3-PA,72,0,461,0,0,461,T
3-PA,73,0,5,463,0,468,G
3-PA,74,0,5,470,0,475,G
3-PA,75,0,0,472,0,472,G
3-PA,76,0,0,473,0,473,G
3-PA,77,467,0,0,0,467,A
3-PA,78,0,4,456,0,460,G
3-PA,79,0,1,465,0,466,G
3-PA,80,463,0,1,0,464,A
3-PA,81,0,469,0,1,470,T
3-PA,82,3,1,0,463,467,C
3-PA,83,0,460,0,0,460,T
3-PA,84,0,2,462,0,464,G
3-PA,85,460,0,0,0,460,A
3-PA,86,462,0,0,0,462,A
3-PA,87,463,0,0,0,463,A
3-PA,88,459,0,0,0,459,A
3-PA,89,0,462,0,0,462,T
3-PA,90,0,462,0,1,463,T
3-PA,91,0,4,458,0,462,G
3-PA,92,463,0,1,0,464,A
3-PA,93,463,0,1,0,464,A
3-PA,94,465,0,1,0,466,A
3-PA,95,0,0,0,468,468,C
3-PA,96,467,0,0,0,467,A
3-PA,97,469,0,1,0,470,A
3-PA,98,469,0,1,0,470,A
3-PA,99,0,0,0,472,472,C
3-PA,100,470,0,1,0,471,A
3-PA,101,474,0,1,0,475,A
3-PA,102,475,0,0,0,475,A
3-PA,103,0,477,0,0,477,T
3-PA,104,0,478,0,0,478,T
3-PA,105,0,476,0,1,477,T
3-PA,106,0,0,480,0,480,G
3-PA,107,0,0,0,480,480,C
3-PA,108,480,0,1,0,481,A
3-PA,109,0,0,499,0,499,G
3-PA,110,1,0,0,497,498,C
3-PA,111,531,0,0,0,531,A
3-PA,112,541,0,0,0,541,A
3-PA,113,0,540,0,0,540,T
3-PA,114,551,1,0,0,552,A
3-PA,115,0,555,0,0,555,T
3-PA,116,1,0,563,0,564,G
3-PA,117,0,0,0,567,567,C
3-PA,118,560,0,1,0,561,A
3-PA,119,0,0,0,573,573,C
3-PA,120,0,555,0,0,555,T
3-PA,121,8,0,0,668,676,C
3-PA,122,697,0,0,0,697,A
3-PA,123,0,0,0,707,707,C
3-PA,124,0,705,0,2,707,T
3-PA,125,0,706,0,1,707,T
3-PA,126,0,1,703,0,704,G
3-PA,127,0,4,711,0,715,G
3-PA,128,709,0,2,0,711,A
3-PA,129,0,3,719,0,722,G
3-PA,130,1,0,709,0,710,G
3-PA,131,0,672,0,2,674,T
3-PA,132,0,0,695,0,695,G
3-PA,133,0,698,0,1,699,T
3-PA,134,0,0,709,0,709,G
3-PA,135,0,710,0,0,710,T
3-PA,136,0,707,0,1,708,T
3-PA,137,0,708,0,0,708,T
3-PA,138,1,0,0,714,715,C
3-PA,139,714,0,1,0,715,A
3-PA,140,0,715,0,0,715,T
3-PA,141,0,1,732,0,733,G
3-PA,142,0,725,0,0,725,T
3-PA,143,727,0,0,0,727,A
3-PA,144,0,726,0,0,726,T
3-PA,145,0,726,0,0,726,T
3-PA,146,2,0,0,727,729,C
3-PA,147,723,0,0,0,723,A
3-PA,148,0,1,733,0,734,G
3-PA,149,734,0,0,0,734,A
3-PA,150,0,731,0,0,731,T
3-PA,151,0,731,0,0,731,T
3-PA,152,0,729,0,1,730,T
3-PA,153,3,0,0,722,725,C
3-PA,154,0,0,0,743,743,C
3-PA,155,746,0,0,0,746,A
3-PA,156,0,747,0,2,749,T
3-PA,157,0,740,0,1,741,T
3-PA,158,0,743,0,1,744,T
3-PA,159,3,0,0,741,744,C
3-PA,160,743,0,0,0,743,A
3-PA,161,0,748,0,0,748,T
3-PA,162,1,0,0,750,751,C
3-PA,163,751,0,0,0,751,A
3-PA,164,752,0,0,0,752,A
3-PA,165,0,749,0,2,751,T
3-PA,166,0,5,775,0,780,G
3-PA,167,782,0,0,0,782,A
3-PA,168,780,1,2,0,783,A
3-PA,169,0,0,0,789,789,C
3-PA,170,781,0,1,0,782,A
3-PA,171,786,0,2,0,788,A
3-PA,172,0,2,784,0,786,G
3-PA,173,0,10,777,0,787,G
3-PA,174,768,0,1,0,769,A
3-PA,175,1,8,796,0,805,G
3-PA,176,834,0,3,0,837,A
3-PA,177,842,0,2,0,844,A
3-PA,178,0,842,0,1,843,T
3-PA,179,4,0,0,848,852,C
3-PA,180,849,0,0,0,849,A
3-PA,181,849,1,0,0,850,A
3-PA,182,0,854,0,0,854,T
3-PA,183,847,0,0,1,848,A
3-PA,184,0,0,861,0,861,G
3-PA,185,0,864,0,0,864,T
3-PA,186,0,4,866,0,870,G
3-PA,187,0,1,863,0,864,G
3-PA,188,0,858,0,0,858,T
3-PA,189,854,0,1,0,855,A
3-PA,190,0,3,873,0,876,G
3-PA,191,875,0,1,0,876,A
3-PA,192,878,0,1,0,879,A
3-PA,193,0,0,0,881,881,C
3-PA,194,1,864,0,0,865,T
3-PA,195,0,865,0,0,865,T
3-PA,196,0,3,863,0,866,G
3-PA,197,866,0,2,0,868,A
3-PA,198,0,3,0,864,867,C
3-PA,199,0,5,856,0,861,G
3-PA,200,894,0,2,0,896,A
3-PA,201,0,939,0,1,940,T
3-PA,202,4,0,0,946,950,C
3-PA,203,3,0,0,969,972,C
3-PA,204,977,0,0,0,977,A
3-PA,205,979,0,0,0,979,A
3-PA,206,980,0,0,0,980,A
3-PA,207,0,981,0,0,981,T
3-PA,208,926,0,1,0,927,A
3-PA,209,0,0,0,939,939,C
3-PA,210,939,0,1,0,940,A
3-PA,211,0,2,0,978,980,C
3-PA,212,0,949,0,3,952,T
3-PA,213,0,0,1029,0,1029,G
3-PA,214,0,1026,0,3,1029,T
3-PA,215,1,1027,0,0,1028,T
3-PA,216,1027,0,0,0,1027,A
3-PA,217,1030,0,1,0,1031,A
3-PA,218,1031,0,0,0,1031,A
3-PA,219,0,2,1031,0,1033,G
3-PA,220,0,0,0,1022,1022,C
3-PA,221,1005,0,1,0,1006,A
3-PA,222,0,0,0,1001,1001,C
3-PA,223,948,0,0,0,948,A
3-PA,224,0,5,979,0,984,G
3-PA,225,986,0,0,0,986,A
3-PA,226,1,981,0,0,982,T
3-PA,227,0,985,0,0,985,T
3-PA,228,0,976,0,0,976,T
3-PA,229,0,3,977,0,980,G
3-PA,230,990,0,0,0,990,A
3-PA,231,992,0,0,0,992,A
3-PA,232,989,0,3,0,992,A
3-PA,233,0,981,0,0,981,T
3-PA,234,982,0,0,0,982,A
3-PA,235,980,0,0,0,980,A
3-PA,236,0,979,0,0,979,T
3-PA,237,0,967,1,0,968,T
3-PA,238,0,2,985,0,987,G
3-PA,239,986,0,0,0,986,A
3-PA,240,1,7,994,0,1002,G
3-PA,241,0,8,1006,0,1014,G
3-PA,242,0,4,1010,0,1014,G
3-PA,243,0,6,1007,0,1013,G
3-PA,244,997,0,1,0,998,A
3-PA,245,0,2,1001,0,1003,G
3-PA,246,1037,0,4,0,1041,A
3-PA,247,0,8,1043,0,1051,G
3-PA,248,1047,0,6,0,1053,A
3-PA,249,0,1,0,1051,1052,C
3-PA,250,1037,0,2,0,1039,A
3-PA,251,2,4,1052,0,1058,G
3-PA,252,1059,1,1,0,1061,A
3-PA,253,1072,0,0,0,1072,A
3-PA,254,0,0,0,1071,1071,C
3-PA,255,1032,0,0,0,1032,A
3-PA,256,1031,0,1,0,1032,A
3-PA,257,0,1032,0,0,1032,T
3-PA,258,0,4,1095,0,1099,G
3-PA,259,0,0,1106,0,1106,G
3-PA,260,0,0,0,1095,1095,C
3-PA,261,1,0,0,1097,1098,C
3-PA,262,0,1086,0,0,1086,T
3-PA,263,0,1,1118,0,1119,G
3-PA,264,0,4,1119,0,1123,G
3-PA,265,1119,0,1,0,1120,A
3-PA,266,0,1,0,1127,1128,C
3-PA,267,1080,0,0,0,1080,A
3-PA,268,0,0,1216,0,1216,G
3-PA,269,0,1219,0,2,1221,T
3-PA,270,1237,0,1,0,1238,A
3-PA,271,1,0,1240,0,1241,G
3-PA,272,0,1203,0,0,1203,T
3-PA,273,1204,0,0,0,1204,A
3-PA,274,1202,0,0,0,1202,A
3-PA,275,1202,0,0,0,1202,A
3-PA,276,0,0,0,1214,1214,C
3-PA,277,1099,0,0,0,1099,A
3-PA,278,0,0,1134,0,1134,G
3-PA,279,0,1128,0,0,1128,T
3-PA,280,1157,0,0,0,1157,A
3-PA,281,0,1152,0,1,1153,T
3-PA,282,2,0,0,1162,1164,C
3-PA,283,0,1165,0,1,1166,T
3-PA,284,1,2,1163,0,1166,G
3-PA,285,0,1,0,1167,1168,C
3-PA,286,1145,0,0,0,1145,A
3-PA,287,1133,0,3,0,1136,A
3-PA,288,0,1,0,1148,1149,C
3-PA,289,1130,0,0,0,1130,A
3-PA,290,0,0,0,1200,1200,C
3-PA,291,0,1183,1,2,1186,T
3-PA,292,1188,0,1,0,1189,A
3-PA,293,0,0,0,1189,1189,C
3-PA,294,0,1180,0,1,1181,T
3-PA,295,0,5,1174,0,1179,G
3-PA,296,0,2,1182,0,1184,G
3-PA,297,1170,0,0,0,1170,A
3-PA,298,0,1,1171,0,1172,G
3-PA,299,2,0,0,1122,1124,C
3-PA,300,2,1113,2,1,1118,T
3-PA,301,0,5,1112,0,1117,G
3-PA,302,0,0,1115,0,1115,G
3-PA,303,0,4,1099,0,1103,G
3-PA,304,1108,0,1,0,1109,A
3-PA,305,1112,0,0,0,1112,A
3-PA,306,1113,0,0,0,1113,A
3-PA,307,0,0,0,1111,1111,C
3-PA,308,9,2,0,1099,1110,C
3-PA,309,0,0,1109,0,1109,G
3-PA,310,1110,0,1,0,1111,A
3-PA,311,1109,0,1,0,1110,A
3-PA,312,0,0,1123,0,1123,G
3-PA,313,0,1114,0,1,1115,T
3-PA,314,0,1119,0,0,1119,T
3-PA,315,0,1120,0,0,1120,T
3-PA,316,3,0,0,1122,1125,C
3-PA,317,0,1126,0,0,1126,T
3-PA,318,1128,0,0,0,1128,A
3-PA,319,1,0,0,1127,1128,C
3-PA,320,4,0,0,1123,1127,C
3-PA,321,1114,0,0,0,1114,A
3-PA,322,0,2,1142,0,1144,G
3-PA,323,1145,0,0,0,1145,A
3-PA,324,0,1146,0,0,1146,T
3-PA,325,0,1149,0,0,1149,T
3-PA,326,0,1146,0,0,1146,T
3-PA,327,1,0,1154,0,1155,G
3-PA,328,0,1148,0,0,1148,T
3-PA,329,1150,0,0,0,1150,A
3-PA,330,0,1150,0,1,1151,T
3-PA,331,1,1,1129,0,1131,G
3-PA,332,1213,0,0,0,1213,A
3-PA,333,0,1213,0,1,1214,T
3-PA,334,0,1213,0,1,1214,T
3-PA,335,1216,0,1,0,1217,A
3-PA,336,0,0,0,1217,1217,C
3-PA,337,1218,0,0,0,1218,A
3-PA,338,1217,0,3,0,1220,A
3-PA,339,0,7,1217,0,1224,G
3-PA,340,1,5,1225,0,1231,G
3-PA,341,1153,0,3,0,1156,A
3-PA,342,0,8,1171,0,1179,G
3-PA,343,1176,0,2,0,1178,A
3-PA,344,1180,0,1,0,1181,A
3-PA,345,1,0,0,1178,1179,C
3-PA,346,1162,0,0,0,1162,A
3-PA,347,1,7,1161,0,1169,G
3-PA,348,1157,0,1,0,1158,A
3-PA,349,0,1140,0,0,1140,T
3-PA,350,1,1129,0,1,1131,T
3-PA,351,2,0,0,1119,1121,C
3-PA,352,1123,0,0,0,1123,A
3-PA,353,0,1120,0,1,1121,T
3-PA,354,0,0,1,1121,1122,C
3-PA,355,1,4,1116,0,1121,G
3-PA,356,1141,0,0,0,1141,A
3-PA,357,1138,0,0,0,1138,A
3-PA,358,1140,0,1,0,1141,A
3-PA,359,0,1137,0,1,1138,T
3-PA,360,0,1131,0,0,1131,T
3-PA,361,0,8,1132,0,1140,G
3-PA,362,0,9,1135,0,1144,G
3-PA,363,0,2,1136,0,1138,G
3-PA,364,0,0,1146,0,1146,G
3-PA,365,0,1125,0,0,1125,T
3-PA,366,0,6,1140,0,1146,G
3-PA,367,1149,0,1,0,1150,A
3-PA,368,0,0,0,1161,1161,C
3-PA,369,1159,0,1,0,1160,A
3-PA,370,1151,0,1,0,1152,A
3-PA,371,1,2,1180,0,1183,G
3-PA,372,1,6,1170,0,1177,G
3-PA,373,1167,0,1,0,1168,A
3-PA,374,0,4,1167,0,1171,G
3-PA,375,1149,0,1,1,1151,A
3-PA,376,0,5,1146,0,1151,G
3-PA,377,1131,1,1,0,1133,A
3-PA,378,1126,0,0,0,1126,A
3-PA,379,0,0,1167,0,1167,G
3-PA,380,0,1130,0,1,1131,T
3-PA,381,9,0,0,1149,1158,C
3-PA,382,4,0,0,1144,1148,C
3-PA,383,1164,0,0,0,1164,A
3-PA,384,0,0,0,1187,1187,C
3-PA,385,1219,0,0,0,1219,A
3-PA,386,1,1256,0,0,1257,T
3-PA,387,1271,0,0,0,1271,A
3-PA,388,1,1213,0,0,1214,T
3-PA,389,1203,1,0,0,1204,A
3-PA,390,0,1183,0,1,1184,T
3-PA,391,0,1176,0,1,1177,T
3-PA,392,1209,0,0,0,1209,A
3-PA,393,0,0,0,1205,1205,C
3-PA,394,2,0,0,1149,1151,C
3-PA,395,0,1128,0,1,1129,T
3-PA,396,0,1105,0,1,1106,T
3-PA,397,0,5,1105,0,1110,G
3-PA,398,1116,0,0,0,1116,A
3-PA,399,1114,0,0,0,1114,A
3-PA,400,1111,0,0,0,1111,A
3-PA,401,1074,0,0,0,1074,A
3-PA,402,0,2,1078,0,1080,G
3-PA,403,1,0,1090,0,1091,G
3-PA,404,0,1,0,1089,1090,C
3-PA,405,5,2,0,1076,1083,C
3-PA,406,1083,0,0,0,1083,A
3-PA,407,1082,0,1,0,1083,A
3-PA,408,0,1087,0,0,1087,T
3-PA,409,1087,0,0,0,1087,A
3-PA,410,1085,0,1,1,1087,A
3-PA,411,0,1,1101,0,1102,G
3-PA,412,1091,0,0,0,1091,A
3-PA,413,1,1094,1,0,1096,T
3-PA,414,0,1088,0,0,1088,T
3-PA,415,1089,0,0,0,1089,A
3-PA,416,1090,0,0,0,1090,A
3-PA,417,1093,0,1,0,1094,A
3-PA,418,0,1095,0,2,1097,T
3-PA,419,2,0,0,1101,1103,C
3-PA,420,0,1070,0,0,1070,T
3-PA,421,0,7,1072,0,1079,G
3-PA,422,1074,0,2,0,1076,A
3-PA,423,1,6,1080,0,1087,G
3-PA,424,1083,0,1,0,1084,A
3-PA,425,1089,0,0,0,1089,A
3-PA,426,0,1,0,1087,1088,C
3-PA,427,1079,0,0,0,1079,A
3-PA,428,0,0,0,1090,1090,C
3-PA,429,1086,0,4,0,1090,A
3-PA,430,0,0,0,1102,1102,C
3-PA,431,1099,0,0,0,1099,A
3-PA,432,0,0,0,1130,1130,C
3-PA,433,1125,0,0,0,1125,A
3-PA,434,0,1129,0,0,1129,T
3-PA,435,0,1112,0,2,1114,T
3-PA,436,5,0,0,1112,1117,C
3-PA,437,1112,1,1,0,1114,A
3-PA,438,0,1,0,1125,1126,C
3-PA,439,1119,0,0,0,1119,A
3-PA,440,0,1113,0,1,1114,T
3-PA,441,0,1072,0,1,1073,T
3-PA,442,0,1100,0,0,1100,T
3-PA,443,0,1096,0,0,1096,T
3-PA,444,2,0,0,1101,1103,C
3-PA,445,1,1092,0,1,1094,T
3-PA,446,8,1,0,1094,1103,C
3-PA,447,1101,0,0,0,1101,A
3-PA,448,0,1106,0,0,1106,T
3-PA,449,0,1110,0,0,1110,T
3-PA,450,4,0,0,1115,1119,C
3-PA,451,1101,0,0,0,1101,A
3-PA,452,0,0,0,1123,1123,C
3-PA,453,0,1117,0,0,1117,T
3-PA,454,0,3,1116,0,1119,G
3-PA,455,0,8,1105,0,1113,G
3-PA,456,1081,0,1,0,1082,A
3-PA,457,0,4,1110,0,1114,G
3-PA,458,1109,0,0,1,1110,A
3-PA,459,0,1,1130,0,1131,G
3-PA,460,1,4,1132,0,1137,G
3-PA,461,1124,0,1,1,1126,A
3-PA,462,1122,0,1,0,1123,A
3-PA,463,1099,0,2,0,1101,A
3-PA,464,0,1090,0,1,1091,T
3-PA,465,0,7,1086,0,1093,G
3-PA,466,1,0,1094,0,1095,G
3-PA,467,1,0,0,1097,1098,C
3-PA,468,3,1,0,1086,1090,C
3-PA,469,1085,0,0,0,1085,A
3-PA,470,0,0,0,1087,1087,C
3-PA,471,1088,0,1,0,1089,A
3-PA,472,1097,0,0,0,1097,A
3-PA,473,1098,0,0,0,1098,A
3-PA,474,0,4,1091,0,1095,G
3-PA,475,1,0,1097,0,1098,G
3-PA,476,0,1,0,1100,1101,C
3-PA,477,1116,0,0,0,1116,A
3-PA,478,0,5,1135,0,1140,G
3-PA,479,1133,0,2,0,1135,A
3-PA,480,1,0,0,1157,1158,C
3-PA,481,0,1151,0,1,1152,T
3-PA,482,1157,0,0,0,1157,A
3-PA,483,0,0,0,1149,1149,C
3-PA,484,1139,0,0,0,1139,A
3-PA,485,0,0,0,1153,1153,C
3-PA,486,0,1117,0,0,1117,T
3-PA,487,5,0,0,1116,1121,C
3-PA,488,0,1105,0,0,1105,T
3-PA,489,5,1,0,1074,1080,C
3-PA,490,0,3,1073,0,1076,G
3-PA,491,1079,0,0,0,1079,A
3-PA,492,0,0,0,1073,1073,C
3-PA,493,0,3,1076,0,1079,G
3-PA,494,1064,0,1,0,1065,A
3-PA,495,0,3,1064,0,1067,G
3-PA,496,0,3,1068,0,1071,G
3-PA,497,1065,0,0,0,1065,A
3-PA,498,1078,0,0,0,1078,A
3-PA,499,1075,0,1,0,1076,A
3-PA,500,0,1,1076,0,1077,G
3-PA,501,0,1,0,1073,1074,C
3-PA,502,1054,0,2,0,1056,A
3-PA,503,1,4,1070,0,1075,G
3-PA,504,1,5,1076,0,1082,G
3-PA,505,1,0,1086,0,1087,G
3-PA,506,1,0,0,1084,1085,C
3-PA,507,0,1068,0,0,1068,T
3-PA,508,1070,0,1,0,1071,A
3-PA,509,0,3,1099,0,1102,G
3-PA,510,0,2,1162,0,1164,G
3-PA,511,1169,0,0,0,1169,A
3-PA,512,0,1130,0,0,1130,T
3-PA,513,0,1112,0,0,1112,T
3-PA,514,1110,0,0,0,1110,A
3-PA,515,1117,0,0,0,1117,A
3-PA,516,1,7,1114,0,1122,G
3-PA,517,1118,0,0,0,1118,A
3-PA,518,0,0,0,1116,1116,C
3-PA,519,5,0,0,1024,1029,C
3-PA,520,1008,0,0,0,1008,A
3-PA,521,0,3,1009,1,1013,G
3-PA,522,0,1,1016,0,1017,G
3-PA,523,0,0,0,1022,1022,C
3-PA,524,0,992,1,0,993,T
3-PA,525,1,0,1021,0,1022,G
3-PA,526,0,1013,0,4,1017,T
3-PA,527,0,1017,0,0,1017,T
3-PA,528,0,1020,0,1,1021,T
3-PA,529,1021,1,0,0,1022,A
3-PA,530,0,0,0,1040,1040,C
3-PA,531,8,0,0,1012,1020,C
3-PA,532,1015,0,0,0,1015,A
3-PA,533,0,1014,0,0,1014,T
3-PA,534,964,0,1,0,965,A
3-PA,535,971,0,0,1,972,A
3-PA,536,0,6,986,0,992,G
3-PA,537,987,0,3,0,990,A
3-PA,538,0,0,0,988,988,C
3-PA,539,962,0,1,0,963,A
3-PA,540,961,0,0,0,961,A
3-PA,541,0,2,973,0,975,G
3-PA,542,972,1,1,0,974,A
3-PA,543,972,0,0,0,972,A
3-PA,544,966,0,1,0,967,A
3-PA,545,0,941,0,0,941,T
3-PA,546,0,5,961,0,966,G
3-PA,547,1,0,965,0,966,G
3-PA,548,0,1,0,963,964,C
3-PA,549,0,0,0,963,963,C
3-PA,550,958,0,1,0,959,A
3-PA,551,989,0,1,0,990,A
3-PA,552,0,0,0,991,991,C
3-PA,553,983,1,1,0,985,A
3-PA,554,0,0,985,0,985,G
3-PA,555,954,0,1,0,955,A
3-PA,556,0,3,985,0,988,G
3-PA,557,2,0,996,0,998,G
3-PA,558,0,0,0,995,995,C
3-PA,559,3,0,0,996,999,C
3-PA,560,0,965,0,0,965,T
3-PA,561,961,0,1,0,962,A
3-PA,562,0,975,0,0,975,T
3-PA,563,0,7,970,0,977,G
3-PA,564,0,4,976,0,980,G
3-PA,565,0,3,935,0,938,G
3-PA,566,905,0,1,0,906,A
3-PA,567,0,891,0,1,892,T
3-PA,568,0,878,0,0,878,T
3-PA,569,5,0,0,937,942,C
3-PA,570,1,0,0,930,931,C
3-PA,571,0,929,0,3,932,T
3-PA,572,0,930,0,0,930,T
3-PA,573,0,927,0,0,927,T
3-PA,574,2,0,0,923,925,C
3-PA,575,2,0,924,0,926,G
3-PA,576,0,925,0,0,925,T
3-PA,577,3,0,0,921,924,C
3-PA,578,884,0,1,0,885,A
3-PA,579,0,0,963,0,963,G
3-PA,580,0,960,0,2,962,T
3-PA,581,2,0,0,962,964,C
3-PA,582,8,1,0,949,958,C
3-PA,583,3,2,960,0,965,G
3-PA,584,961,0,1,0,962,A
3-PA,585,963,0,0,0,963,A
3-PA,586,960,0,1,1,962,A
3-PA,587,0,3,980,0,983,G
3-PA,588,922,0,2,0,924,A
3-PA,589,1,1,934,0,936,G
3-PA,590,1,0,941,0,942,G
3-PA,591,1,1,0,936,938,C
3-PA,592,0,0,942,0,942,G
3-PA,593,940,0,0,0,940,A
3-PA,594,942,0,1,0,943,A
3-PA,595,0,3,948,0,951,G
3-PA,596,950,0,1,1,952,A
3-PA,597,952,0,1,0,953,A
3-PA,598,950,0,0,0,950,A
3-PA,599,0,1,0,957,958,C
3-PA,600,960,0,0,0,960,A
3-PA,601,961,0,0,0,961,A
3-PA,602,0,956,0,0,956,T
3-PA,603,0,959,0,0,959,T
3-PA,604,0,1,958,0,959,G
3-PA,605,949,0,2,0,951,A
3-PA,606,949,0,1,0,950,A
3-PA,607,0,2,948,0,950,G
3-PA,608,952,0,0,0,952,A
3-PA,609,949,0,0,0,949,A
3-PA,610,950,0,0,0,950,A
3-PA,611,949,1,0,0,950,A
3-PA,612,956,0,0,0,956,A
3-PA,613,0,952,0,0,952,T
3-PA,614,0,952,0,0,952,T
3-PA,615,0,953,0,1,954,T
3-PA,616,0,3,951,0,954,G
3-PA,617,956,0,0,0,956,A
3-PA,618,952,0,0,0,952,A
3-PA,619,953,0,0,0,953,A
3-PA,620,0,957,0,0,957,T
3-PA,621,7,0,0,1021,1028,C
3-PA,622,1023,0,2,0,1025,A
3-PA,623,0,0,0,1039,1039,C
3-PA,624,1032,0,3,0,1035,A
3-PA,625,0,2,1052,0,1054,G
3-PA,626,0,7,1073,0,1080,G
3-PA,627,1099,1,2,0,1102,A
3-PA,628,1113,0,1,0,1114,A
3-PA,629,0,0,0,1124,1124,C
3-PA,630,0,1073,0,1,1074,T
3-PA,631,1145,0,1,0,1146,A
3-PA,632,0,1156,1,0,1157,T
3-PA,633,0,0,1184,0,1184,G
3-PA,634,3,0,0,1171,1174,C
3-PA,635,0,0,1151,0,1151,G
3-PA,636,0,1140,0,2,1142,T
3-PA,637,1138,0,0,0,1138,A
3-PA,638,0,1,1148,0,1149,G
3-PA,639,0,0,1140,0,1140,G
3-PA,640,0,0,0,1124,1124,C
3-PA,641,1,1090,0,0,1091,T
3-PA,642,0,1073,0,0,1073,T
3-PA,643,1,1,1066,0,1068,G
3-PA,644,0,0,0,1069,1069,C
3-PA,645,4,0,0,1063,1067,C
3-PA,646,2,5,1076,0,1083,G
3-PA,647,1084,0,0,0,1084,A
3-PA,648,0,0,0,1086,1086,C
3-PA,649,5,0,0,1082,1087,C
3-PA,650,1088,0,0,0,1088,A
3-PA,651,1091,0,0,0,1091,A
3-PA,652,1082,0,1,0,1083,A
3-PA,653,0,0,1109,0,1109,G
3-PA,654,0,1110,0,1,1111,T
3-PA,655,4,0,0,1104,1108,C
3-PA,656,0,1101,0,2,1103,T
3-PA,657,4,0,0,1099,1103,C
3-PA,658,2,1,0,1105,1108,C
3-PA,659,8,0,0,1101,1109,C
3-PA,660,1109,1,3,0,1113,A
3-PA,661,0,0,0,1116,1116,C
3-PA,662,4,0,0,1103,1107,C
3-PA,663,1,12,1104,0,1117,G
3-PA,664,1129,0,1,0,1130,A
3-PA,665,1125,1,0,0,1126,A
3-PA,666,0,0,0,1136,1136,C
3-PA,667,0,1113,0,2,1115,T
3-PA,668,1,1142,0,1,1144,T
3-PA,669,2,0,0,1154,1156,C
3-PA,670,2,1143,0,4,1149,T
3-PA,671,6,0,0,1142,1148,C
3-PA,672,0,0,0,1149,1149,C
3-PA,673,0,1127,0,3,1130,T
3-PA,674,0,0,1142,0,1142,G
3-PA,675,1,2,0,1139,1142,C
3-PA,676,2,0,0,1139,1141,C
3-PA,677,1,1129,0,0,1130,T
3-PA,678,0,1112,0,1,1113,T
3-PA,679,0,8,1115,0,1123,G
3-PA,680,1118,1,1,0,1120,A
3-PA,681,0,2,1135,0,1137,G
3-PA,682,1133,0,0,0,1133,A
3-PA,683,1130,0,0,0,1130,A
3-PA,684,0,1147,0,0,1147,T
3-PA,685,0,1141,0,0,1141,T
3-PA,686,0,1139,0,0,1139,T
3-PA,687,0,1144,0,0,1144,T
3-PA,688,1141,0,0,0,1141,A
3-PA,689,1,2,1139,0,1142,G
3-PA,690,1120,0,2,0,1122,A
3-PA,691,1,0,1160,0,1161,G
3-PA,692,2,0,0,1145,1147,C
3-PA,693,6,0,0,1154,1160,C
3-PA,694,0,1172,0,2,1174,T
3-PA,695,1220,0,0,0,1220,A
3-PA,696,0,1224,0,0,1224,T
3-PA,697,1,0,1233,0,1234,G
3-PA,698,1,1226,0,0,1227,T
3-PA,699,0,3,1221,0,1224,G
3-PA,700,0,3,1194,0,1197,G
3-PA,701,1189,0,0,0,1189,A
3-PA,702,0,1173,0,0,1173,T
3-PA,703,0,6,1142,0,1148,G
3-PA,704,0,2,1176,0,1178,G
3-PA,705,1170,0,2,0,1172,A
3-PA,706,0,1164,0,0,1164,T
3-PA,707,0,1164,0,0,1164,T
3-PA,708,8,0,0,1148,1156,C
3-PA,709,1,4,1150,0,1155,G
3-PA,710,1159,0,0,0,1159,A
3-PA,711,1155,0,2,0,1157,A
3-PA,712,0,0,0,1165,1165,C
3-PA,713,6,0,0,1102,1108,C
3-PA,714,0,7,1108,0,1115,G
3-PA,715,1114,1,0,0,1115,A
3-PA,716,1112,0,2,0,1114,A
3-PA,717,0,3,0,1124,1127,C
3-PA,718,0,6,1112,0,1118,G
3-PA,719,0,0,1152,0,1152,G
3-PA,720,0,1,0,1152,1153,C
3-PA,721,0,1141,0,1,1142,T
3-PA,722,0,0,1167,0,1167,G
3-PA,723,0,0,0,1161,1161,C
3-PA,724,1173,0,1,0,1174,A
3-PA,725,0,1173,0,2,1175,T
3-PA,726,0,1156,0,0,1156,T
3-PA,727,0,6,1159,0,1165,G
3-PA,728,1119,0,2,1,1122,A
3-PA,729,0,11,1130,0,1141,G
3-PA,730,0,4,1143,0,1147,G
3-PA,731,0,1,1132,0,1133,G
3-PA,732,2,0,0,1120,1122,C
3-PA,733,1106,0,1,0,1107,A
3-PA,734,1116,0,1,0,1117,A
3-PA,735,0,0,1121,0,1121,G
3-PA,736,0,0,0,1123,1123,C
3-PA,737,0,1119,0,1,1120,T
3-PA,738,0,1113,0,0,1113,T
3-PA,739,0,1118,0,1,1119,T
3-PA,740,0,0,0,1120,1120,C
3-PA,741,0,1114,0,3,1117,T
3-PA,742,6,0,0,1117,1123,C
3-PA,743,1116,0,0,0,1116,A
3-PA,744,1111,0,1,0,1112,A
3-PA,745,1112,0,0,0,1112,A
3-PA,746,0,1106,0,0,1106,T
3-PA,747,0,0,1145,0,1145,G
3-PA,748,0,1137,0,3,1140,T
3-PA,749,6,0,0,1155,1161,C
3-PA,750,5,0,0,1159,1164,C
3-PA,751,1156,0,0,0,1156,A
3-PA,752,1160,0,0,0,1160,A
3-PA,753,1162,0,0,0,1162,A
3-PA,754,0,3,1173,0,1176,G
3-PA,755,1167,0,1,0,1168,A
3-PA,756,1105,1,3,0,1109,A
3-PA,757,0,0,1116,0,1116,G
3-PA,758,0,1090,0,1,1091,T
3-PA,759,0,1,1094,0,1095,G
3-PA,760,1093,0,0,0,1093,A
3-PA,761,1090,0,1,0,1091,A
3-PA,762,0,1088,0,0,1088,T
3-PA,763,0,0,1075,0,1075,G
3-PA,764,0,0,0,1075,1075,C
3-PA,765,1,1,0,1076,1078,C
3-PA,766,10,0,0,1070,1080,C
3-PA,767,1080,0,0,0,1080,A
3-PA,768,1103,0,0,0,1103,A
3-PA,769,1109,0,0,0,1109,A
3-PA,770,0,1106,0,1,1107,T
3-PA,771,0,1100,0,0,1100,T
3-PA,772,2,9,1089,0,1100,G
3-PA,773,1089,0,0,0,1089,A
3-PA,774,1091,0,3,0,1094,A
3-PA,775,0,0,0,1102,1102,C
3-PA,776,6,0,0,1089,1095,C
3-PA,777,0,1072,0,0,1072,T
3-PA,778,0,1093,0,0,1093,T
3-PA,779,0,1100,0,0,1100,T
3-PA,780,0,1100,0,19,1119,T
3-PA,781,2,0,0,1117,1119,C
3-PA,782,0,1119,0,0,1119,T
3-PA,783,0,1,1122,0,1123,G
3-PA,784,1116,0,0,0,1116,A
3-PA,785,1126,0,0,0,1126,A
3-PA,786,0,2,1134,0,1136,G
3-PA,787,1106,0,1,0,1107,A
3-PA,788,1,0,0,1107,1108,C
3-PA,789,1077,0,0,0,1077,A
3-PA,790,1086,0,1,0,1087,A
3-PA,791,0,1,0,1190,1191,C
3-PA,792,1194,0,2,0,1196,A
3-PA,793,0,0,0,1196,1196,C
3-PA,794,8,0,0,1170,1178,C
3-PA,795,1167,0,0,0,1167,A
3-PA,796,1164,0,1,1,1166,A
3-PA,797,0,8,1163,0,1171,G
3-PA,798,1166,0,2,0,1168,A
3-PA,799,1,0,0,1172,1173,C
3-PA,800,4,0,0,1022,1026,C
3-PA,801,1022,0,0,0,1022,A
3-PA,802,1023,1,0,0,1024,A
3-PA,803,0,1025,0,0,1025,T
3-PA,804,7,0,0,1018,1025,C
3-PA,805,1016,0,0,0,1016,A
3-PA,806,1010,0,1,0,1011,A
3-PA,807,1005,0,0,0,1005,A
3-PA,808,0,0,0,1020,1020,C
3-PA,809,0,1009,0,0,1009,T
3-PA,810,0,1012,0,1,1013,T
3-PA,811,3,0,0,1015,1018,C
3-PA,812,3,0,1,1019,1023,C
3-PA,813,0,4,1025,0,1029,G
3-PA,814,1028,0,0,0,1028,A
3-PA,815,1028,0,0,0,1028,A
3-PA,816,0,1030,0,0,1030,T
3-PA,817,0,2,1004,0,1006,G
3-PA,818,0,2,1000,0,1002,G
3-PA,819,995,0,0,0,995,A
3-PA,820,1,0,0,1001,1002,C
3-PA,821,2,1,0,994,997,C
3-PA,822,0,1016,0,1,1017,T
3-PA,823,3,0,0,1038,1041,C
3-PA,824,4,0,0,1038,1042,C
3-PA,825,0,1045,0,0,1045,T
3-PA,826,1,1045,0,0,1046,T
3-PA,827,0,0,1088,0,1088,G
3-PA,828,0,1066,0,2,1068,T
3-PA,829,0,1067,0,0,1067,T
3-PA,830,1069,0,0,0,1069,A
3-PA,831,0,1023,0,0,1023,T
3-PA,832,4,0,0,1011,1015,C
3-PA,833,980,0,1,0,981,A
3-PA,834,0,1,978,0,979,G
3-PA,835,1,0,0,974,975,C
3-PA,836,1,1,936,0,938,G
3-PA,837,1,0,954,0,955,G
3-PA,838,0,944,0,3,947,T
3-PA,839,7,0,0,947,954,C
3-PA,840,3,0,0,954,957,C
3-PA,841,960,0,0,0,960,A
3-PA,842,962,0,0,0,962,A
3-PA,843,964,0,0,0,964,A
3-PA,844,0,966,0,0,966,T
3-PA,845,0,960,0,0,960,T
3-PA,846,4,1,0,941,946,C
3-PA,847,4,3,0,913,920,C
3-PA,848,0,914,0,0,914,T
3-PA,849,1,1,0,919,921,C
3-PA,850,1,0,0,919,920,C
3-PA,851,0,907,0,0,907,T
3-PA,852,1,3,908,0,912,G
3-PA,853,907,1,2,0,910,A
3-PA,854,0,907,0,1,908,T
3-PA,855,0,2,884,0,886,G
3-PA,856,0,3,871,0,874,G
3-PA,857,867,0,0,0,867,A
3-PA,858,0,855,0,2,857,T
3-PA,859,0,0,855,0,855,G
3-PA,860,0,0,0,886,886,C
3-PA,861,0,879,0,0,879,T
3-PA,862,0,876,0,2,878,T
3-PA,863,0,879,0,0,879,T
3-PA,864,878,0,0,0,878,A
3-PA,865,883,0,0,0,883,A
3-PA,866,884,0,0,0,884,A
3-PA,867,886,0,0,0,886,A
3-PA,868,0,886,1,0,887,T
3-PA,869,0,748,0,0,748,T
3-PA,870,0,4,740,0,744,G
3-PA,871,739,0,0,2,741,A
3-PA,872,0,0,750,0,750,G
3-PA,873,2,0,0,748,750,C
3-PA,874,734,1,0,0,735,A
3-PA,875,0,762,0,0,762,T
3-PA,876,0,760,0,0,760,T
3-PA,877,0,4,754,0,758,G
3-PA,878,758,0,1,0,759,A
3-PA,879,740,0,1,0,741,A
3-PA,880,0,1,740,1,742,G
3-PA,881,703,1,0,0,704,A
3-PA,882,0,0,0,706,706,C
3-PA,883,2,0,0,703,705,C
3-PA,884,1,0,0,660,661,C
3-PA,885,650,0,0,0,650,A
3-PA,886,645,0,2,0,647,A
3-PA,887,0,0,656,0,656,G
3-PA,888,0,659,1,0,660,T
3-PA,889,3,0,0,661,664,C
3-PA,890,663,0,0,0,663,A
3-PA,891,0,0,0,668,668,C
3-PA,892,1,1,664,0,666,G
3-PA,893,670,0,2,0,672,A
3-PA,894,674,0,1,0,675,A
3-PA,895,0,0,691,0,691,G
3-PA,896,0,4,686,0,690,G
3-PA,897,689,0,1,0,690,A
3-PA,898,0,0,695,0,695,G
3-PA,899,695,0,1,0,696,A
3-PA,900,697,0,0,0,697,A
3-PA,901,0,1,703,0,704,G
3-PA,902,0,2,684,0,686,G
3-PA,903,0,0,690,0,690,G
3-PA,904,671,0,0,0,671,A
3-PA,905,0,674,0,1,675,T
3-PA,906,1,0,0,674,675,C
3-PA,907,3,0,0,731,734,C
3-PA,908,6,0,0,734,740,C
3-PA,909,747,0,0,0,747,A
3-PA,910,0,752,1,1,754,T
3-PA,911,0,754,0,0,754,T
3-PA,912,770,0,0,0,770,A
3-PA,913,0,772,0,0,772,T
3-PA,914,767,0,1,0,768,A
3-PA,915,0,763,1,1,765,T
3-PA,916,0,2,682,0,684,G
3-PA,917,680,0,1,0,681,A
3-PA,918,0,674,0,0,674,T
3-PA,919,0,0,679,0,679,G
3-PA,920,0,0,0,675,675,C
3-PA,921,12,5,662,0,679,G
3-PA,922,682,0,0,0,682,A
3-PA,923,0,675,1,0,676,T
3-PA,924,4,0,0,681,685,C
3-PA,925,685,0,0,0,685,A
3-PA,926,676,0,0,0,676,A
3-PA,927,0,0,677,0,677,G
3-PA,928,0,675,0,1,676,T
3-PA,929,1,0,681,0,682,G
3-PA,930,0,1,0,680,681,C
3-PA,931,674,0,1,0,675,A
3-PA,932,0,679,0,0,679,T
3-PA,933,680,0,0,0,680,A
3-PA,934,684,0,0,0,684,A
3-PA,935,686,0,0,0,686,A
3-PA,936,679,0,1,0,680,A
3-PA,937,680,0,0,0,680,A
3-PA,938,0,0,1,680,681,C
3-PA,939,671,1,0,0,672,A
3-PA,940,0,680,1,0,681,T
3-PA,941,0,679,0,0,679,T
3-PA,942,1,0,0,687,688,C
3-PA,943,0,678,1,0,679,T
3-PA,944,0,682,0,0,682,T
3-PA,945,0,679,0,0,679,T
3-PA,946,0,4,681,0,685,G
3-PA,947,0,1,683,0,684,G
3-PA,948,682,0,8,0,690,A
3-PA,949,0,684,0,1,685,T
3-PA,950,0,2,687,0,689,G
3-PA,951,0,1,710,0,711,G
3-PA,952,712,0,1,0,713,A
3-PA,953,714,0,1,1,716,A
3-PA,954,712,0,0,0,712,A
3-PA,955,0,2,723,0,725,G
3-PA,956,717,0,2,0,719,A
3-PA,957,791,1,1,0,793,A
3-PA,958,1,0,0,798,799,C
3-PA,959,3,0,0,799,802,C
3-PA,960,0,791,0,0,791,T
3-PA,961,0,802,0,0,802,T
3-PA,962,804,0,1,0,805,A
3-PA,963,0,804,0,0,804,T
3-PA,964,796,0,0,0,796,A
3-PA,965,0,806,1,0,807,T
3-PA,966,757,0,0,0,757,A
3-PA,967,0,0,761,0,761,G
3-PA,968,0,755,1,3,759,T
3-PA,969,2,0,0,758,760,C
3-PA,970,745,0,0,1,746,A
3-PA,971,747,0,1,0,748,A
3-PA,972,748,0,1,0,749,A
3-PA,973,0,0,0,754,754,C
3-PA,974,1,0,0,740,741,C
3-PA,975,740,1,0,0,741,A
3-PA,976,0,0,0,749,749,C
3-PA,977,748,0,2,0,750,A
3-PA,978,0,0,0,758,758,C
3-PA,979,0,4,755,0,759,G
3-PA,980,751,0,0,0,751,A
3-PA,981,760,0,0,0,760,A
3-PA,982,755,0,3,0,758,A
3-PA,983,758,0,0,0,758,A
3-PA,984,0,2,758,0,760,G
3-PA,985,1,1,758,0,760,G
3-PA,986,0,2,764,0,766,G
3-PA,987,764,0,3,0,767,A
3-PA,988,765,0,0,0,765,A
3-PA,989,0,764,0,1,765,T
3-PA,990,764,0,0,0,764,A
3-PA,991,762,0,0,0,762,A
3-PA,992,762,0,0,0,762,A
3-PA,993,0,763,0,0,763,T
3-PA,994,0,762,1,0,763,T
3-PA,995,2,0,0,763,765,C
3-PA,996,764,0,0,0,764,A
3-PA,997,768,0,0,0,768,A
3-PA,998,770,0,0,0,770,A
3-PA,999,0,767,1,0,768,T
3-PA,1000,0,771,0,0,771,T
3-PA,1001,776,0,0,0,776,A
3-PA,1002,1,0,0,773,774,C
3-PA,1003,2,0,0,774,776,C
3-PA,1004,0,740,0,1,741,T
3-PA,1005,2,0,746,0,748,G
3-PA,1006,0,1,0,748,749,C
3-PA,1007,0,748,1,0,749,T
3-PA,1008,0,1,764,0,765,G
3-PA,1009,0,761,0,2,763,T
3-PA,1010,3,1,0,757,761,C
3-PA,1011,762,0,1,0,763,A
3-PA,1012,0,755,0,5,760,T
3-PA,1013,0,1,759,0,760,G
3-PA,1014,0,0,758,1,759,G
3-PA,1015,753,0,0,0,753,A
3-PA,1016,770,0,1,0,771,A
3-PA,1017,0,0,762,0,762,G
3-PA,1018,0,0,0,763,763,C
3-PA,1019,761,0,0,0,761,A
3-PA,1020,765,0,0,0,765,A
3-PA,1021,0,0,769,0,769,G
3-PA,1022,0,768,1,0,769,T
3-PA,1023,764,0,0,0,764,A
3-PA,1024,0,0,0,766,766,C
3-PA,1025,0,749,0,1,750,T
3-PA,1026,0,0,763,0,763,G
3-PA,1027,0,754,1,0,755,T
3-PA,1028,0,0,0,760,760,C
3-PA,1029,756,0,0,0,756,A
3-PA,1030,0,0,769,0,769,G
3-PA,1031,760,0,0,0,760,A
3-PA,1032,762,0,0,1,763,A
3-PA,1033,0,771,0,0,771,T
3-PA,1034,0,767,0,0,767,T
3-PA,1035,0,0,766,0,766,G
3-PA,1036,0,0,0,769,769,C
3-PA,1037,766,1,0,0,767,A
3-PA,1038,0,0,768,0,768,G
3-PA,1039,0,3,753,0,756,G
3-PA,1040,760,0,1,0,761,A
3-PA,1041,0,0,0,759,759,C
3-PA,1042,0,1,747,0,748,G
3-PA,1043,0,756,1,0,757,T
3-PA,1044,0,760,2,0,762,T
3-PA,1045,0,2,768,0,770,G
3-PA,1046,769,0,1,0,770,A
3-PA,1047,772,0,0,0,772,A
3-PA,1048,774,0,0,0,774,A
3-PA,1049,777,0,0,0,777,A
3-PA,1050,0,773,1,0,774,T
3-PA,1051,0,2,778,0,780,G
3-PA,1052,772,0,1,0,773,A
3-PA,1053,0,1,777,0,778,G
3-PA,1054,0,3,778,0,781,G
3-PA,1055,781,0,0,0,781,A
3-PA,1056,0,2,774,0,776,G
3-PA,1057,782,1,0,0,783,A
3-PA,1058,779,0,0,0,779,A
3-PA,1059,0,0,781,0,781,G
3-PA,1060,0,0,768,0,768,G
3-PA,1061,0,801,0,0,801,T
3-PA,1062,0,811,0,1,812,T
3-PA,1063,0,0,1,811,812,C
3-PA,1064,1,0,0,809,810,C
3-PA,1065,813,0,2,0,815,A
3-PA,1066,811,0,1,0,812,A
3-PA,1067,0,2,817,0,819,G
3-PA,1068,0,1,826,0,827,G
3-PA,1069,814,0,0,0,814,A
3-PA,1070,1,0,0,814,815,C
3-PA,1071,0,814,0,0,814,T
3-PA,1072,816,0,0,0,816,A
3-PA,1073,818,0,0,0,818,A
3-PA,1074,818,0,0,0,818,A
3-PA,1075,818,0,1,0,819,A
3-PA,1076,811,0,0,0,811,A
3-PA,1077,0,0,0,805,805,C
3-PA,1078,803,0,0,0,803,A
3-PA,1079,0,795,0,0,795,T
3-PA,1080,0,0,803,0,803,G
3-PA,1081,806,0,0,0,806,A
3-PA,1082,808,0,0,0,808,A
3-PA,1083,0,5,805,0,810,G
3-PA,1084,810,0,0,0,810,A
3-PA,1085,813,0,0,0,813,A
3-PA,1086,806,0,0,0,806,A
3-PA,1087,807,0,2,1,810,A
3-PA,1088,0,0,0,810,810,C
3-PA,1089,0,2,801,0,803,G
3-PA,1090,809,0,0,0,809,A
3-PA,1091,0,0,808,0,808,G
3-PA,1092,0,803,0,0,803,T
3-PA,1093,4,0,0,814,818,C
3-PA,1094,819,0,1,0,820,A
3-PA,1095,839,0,0,0,839,A
3-PA,1096,0,0,0,841,841,C
3-PA,1097,0,835,0,1,836,T
3-PA,1098,0,2,849,0,851,G
3-PA,1099,846,0,0,1,847,A
3-PA,1100,851,0,1,0,852,A
3-PA,1101,0,1,851,0,852,G
3-PA,1102,0,831,0,0,831,T
3-PA,1103,1,0,836,0,837,G
3-PA,1104,0,0,824,0,824,G
3-PA,1105,0,1,833,0,834,G
3-PA,1106,3,0,0,825,828,C
3-PA,1107,0,818,0,2,820,T
3-PA,1108,1,1,0,824,826,C
3-PA,1109,0,817,0,0,817,T
3-PA,1110,0,822,0,0,822,T
3-PA,1111,0,2,844,0,846,G
3-PA,1112,2,1,843,0,846,G
3-PA,1113,0,840,0,0,840,T
3-PA,1114,0,0,842,0,842,G
3-PA,1115,840,0,0,0,840,A
3-PA,1116,841,0,0,0,841,A
3-PA,1117,834,0,0,1,835,A
3-PA,1118,837,0,0,0,837,A
3-PA,1119,0,0,0,849,849,C
3-PA,1120,831,0,0,0,831,A
3-PA,1121,0,830,0,0,830,T
3-PA,1122,0,2,828,0,830,G
3-PA,1123,1,0,844,0,845,G
3-PA,1124,0,1,0,854,855,C
3-PA,1125,848,0,1,0,849,A
3-PA,1126,0,0,0,861,861,C
3-PA,1127,2,0,0,872,874,C
3-PA,1128,892,0,1,0,893,A
3-PA,1129,0,1,908,0,909,G
3-PA,1130,907,0,1,0,908,A
3-PA,1131,9,1,915,0,925,G
3-PA,1132,919,0,0,0,919,A
3-PA,1133,926,0,0,0,926,A
3-PA,1134,0,5,932,0,937,G
3-PA,1135,1,0,934,0,935,G
3-PA,1136,0,923,0,0,923,T
3-PA,1137,922,0,0,0,922,A
3-PA,1138,0,3,918,0,921,G
3-PA,1139,932,0,0,0,932,A
3-PA,1140,0,2,0,940,942,C
3-PA,1141,2,929,0,0,931,T
3-PA,1142,0,934,0,0,934,T
3-PA,1143,0,937,0,0,937,T
3-PA,1144,1,1,935,1,938,G
3-PA,1145,931,0,2,0,933,A
3-PA,1146,941,0,0,0,941,A
3-PA,1147,941,0,0,1,942,A
3-PA,1148,942,0,0,0,942,A
3-PA,1149,0,0,0,972,972,C
3-PA,1150,0,962,0,0,962,T
3-PA,1151,0,0,974,0,974,G
3-PA,1152,0,1,0,977,978,C
3-PA,1153,976,0,0,1,977,A
3-PA,1154,0,1,976,0,977,G
3-PA,1155,972,0,1,0,973,A
3-PA,1156,0,2,1012,0,1014,G
3-PA,1157,1014,0,0,0,1014,A
3-PA,1158,0,0,0,1014,1014,C
3-PA,1159,1008,0,3,0,1011,A
3-PA,1160,0,1008,0,1,1009,T
3-PA,1161,1010,0,0,0,1010,A
3-PA,1162,1012,0,1,0,1013,A
3-PA,1163,0,1,1012,0,1013,G
3-PA,1164,0,1,0,1006,1007,C
3-PA,1165,0,2,992,0,994,G
3-PA,1166,1016,0,0,0,1016,A
3-PA,1167,0,1018,0,0,1018,T
3-PA,1168,0,1016,0,1,1017,T
3-PA,1169,0,1015,0,0,1015,T
3-PA,1170,0,2,1017,0,1019,G
3-PA,1171,1021,0,0,0,1021,A
3-PA,1172,1023,0,0,0,1023,A
3-PA,1173,0,0,1030,0,1030,G
3-PA,1174,0,0,0,1052,1052,C
3-PA,1175,1048,0,0,0,1048,A
3-PA,1176,1126,0,0,0,1126,A
3-PA,1177,0,1123,0,0,1123,T
3-PA,1178,1129,0,1,0,1130,A
3-PA,1179,0,1134,0,0,1134,T
3-PA,1180,0,5,1134,0,1139,G
3-PA,1181,1144,0,0,0,1144,A
3-PA,1182,1,1142,0,0,1143,T
3-PA,1183,1113,0,0,0,1113,A
3-PA,1184,0,0,1117,0,1117,G
3-PA,1185,0,1061,0,1,1062,T
3-PA,1186,0,7,1057,0,1064,G
3-PA,1187,1060,0,2,0,1062,A
3-PA,1188,0,1,0,1059,1060,C
3-PA,1189,0,5,1052,1,1058,G
3-PA,1190,1058,0,0,0,1058,A
3-PA,1191,1063,0,0,0,1063,A
3-PA,1192,0,0,0,1074,1074,C
3-PA,1193,1,0,0,1077,1078,C
3-PA,1194,0,1072,0,1,1073,T
3-PA,1195,0,4,1109,0,1113,G
3-PA,1196,1110,0,0,0,1110,A
3-PA,1197,1109,0,2,0,1111,A
3-PA,1198,1,1110,0,0,1111,T
3-PA,1199,0,1094,0,0,1094,T
3-PA,1200,1091,0,1,0,1092,A
3-PA,1201,1084,2,1,0,1087,A
3-PA,1202,0,4,1083,0,1087,G
3-PA,1203,0,0,1091,0,1091,G
3-PA,1204,0,1072,0,1,1073,T
3-PA,1205,8,0,0,1063,1071,C
3-PA,1206,1073,0,1,0,1074,A
3-PA,1207,0,0,0,1136,1136,C
3-PA,1208,1,1134,0,3,1138,T
3-PA,1209,0,1144,0,0,1144,T
3-PA,1210,0,1140,0,0,1140,T
3-PA,1211,2,0,0,1144,1146,C
3-PA,1212,1149,0,2,0,1151,A
3-PA,1213,1150,0,2,0,1152,A
3-PA,1214,0,0,1172,0,1172,G
3-PA,1215,0,1,0,1171,1172,C
3-PA,1216,0,1144,0,0,1144,T
3-PA,1217,3,1,1180,1,1185,G
3-PA,1218,0,3,1178,0,1181,G
3-PA,1219,1202,0,1,0,1203,A
3-PA,1220,0,1214,0,0,1214,T
3-PA,1221,1214,1,1,1,1217,A
3-PA,1222,3,0,0,1222,1225,C
3-PA,1223,1202,0,0,0,1202,A
3-PA,1224,0,5,1217,0,1222,G
3-PA,1225,1214,0,1,0,1215,A
3-PA,1226,1199,0,0,0,1199,A
3-PA,1227,0,1192,0,0,1192,T
3-PA,1228,0,5,1204,0,1209,G
3-PA,1229,1202,0,2,0,1204,A
3-PA,1230,2,1,1222,0,1225,G
3-PA,1231,0,1215,1,1,1217,T
3-PA,1232,0,1215,0,0,1215,T
3-PA,1233,9,0,0,1221,1230,C
3-PA,1234,1238,0,0,0,1238,A
3-PA,1235,1238,0,1,0,1239,A
3-PA,1236,0,0,0,1242,1242,C
3-PA,1237,1226,0,0,0,1226,A
3-PA,1238,1226,0,0,0,1226,A
3-PA,1239,0,1,1234,0,1235,G
3-PA,1240,1,1,1245,0,1247,G
3-PA,1241,0,0,0,1265,1265,C
3-PA,1242,0,0,0,1255,1255,C
3-PA,1243,0,1249,0,1,1250,T
3-PA,1244,0,0,1267,0,1267,G
3-PA,1245,0,1260,0,0,1260,T
3-PA,1246,0,7,1265,0,1272,G
3-PA,1247,1269,0,1,0,1270,A
3-PA,1248,0,0,1271,0,1271,G
3-PA,1249,0,0,0,1262,1262,C
3-PA,1250,0,1243,0,0,1243,T
3-PA,1251,1275,0,1,0,1276,A
3-PA,1252,1282,0,0,0,1282,A
3-PA,1253,0,0,0,1282,1282,C
3-PA,1254,0,1268,0,0,1268,T
3-PA,1255,0,7,1260,3,1270,G
3-PA,1256,1266,0,1,0,1267,A
3-PA,1257,1,1265,0,0,1266,T
3-PA,1258,0,1265,0,0,1265,T
3-PA,1259,2,0,0,1266,1268,C
3-PA,1260,1307,1,1,0,1309,A
3-PA,1261,0,0,1332,0,1332,G
3-PA,1262,0,1322,0,1,1323,T
3-PA,1263,8,0,0,1312,1320,C
3-PA,1264,0,1320,0,0,1320,T
3-PA,1265,0,7,1399,0,1406,G
3-PA,1266,0,7,1401,0,1408,G
3-PA,1267,1406,0,0,0,1406,A
3-PA,1268,0,1409,0,1,1410,T
3-PA,1269,1334,0,0,0,1334,A
3-PA,1270,1,4,1322,0,1327,G
3-PA,1271,1319,0,0,0,1319,A
3-PA,1272,1,1,1349,0,1351,G
3-PA,1273,1,0,0,1350,1351,C
3-PA,1274,0,1305,0,0,1305,T
3-PA,1275,6,0,0,1313,1319,C
3-PA,1276,0,6,1319,0,1325,G
3-PA,1277,1331,0,0,0,1331,A
3-PA,1278,1,1330,0,0,1331,T
3-PA,1279,0,3,1329,0,1332,G
3-PA,1280,1335,0,0,0,1335,A
3-PA,1281,1338,0,2,1,1341,A
3-PA,1282,1348,0,0,0,1348,A
3-PA,1283,0,1350,0,0,1350,T
3-PA,1284,0,1339,0,1,1340,T
3-PA,1285,0,5,1354,0,1359,G
3-PA,1286,4,3,1350,1,1358,G
3-PA,1287,1359,0,0,0,1359,A
3-PA,1288,0,3,1356,0,1359,G
3-PA,1289,1338,0,1,0,1339,A
3-PA,1290,0,5,1348,0,1353,G
3-PA,1291,0,1,1358,0,1359,G
3-PA,1292,1365,0,0,0,1365,A
3-PA,1293,0,1,0,1370,1371,C
3-PA,1294,0,0,1370,0,1370,G
3-PA,1295,0,1365,0,0,1365,T
3-PA,1296,1369,0,1,0,1370,A
3-PA,1297,0,0,1384,0,1384,G
3-PA,1298,0,0,0,1386,1386,C
3-PA,1299,0,0,0,1376,1376,C
3-PA,1300,9,0,0,1359,1368,C
3-PA,1301,4,0,0,1374,1378,C
3-PA,1302,1375,0,0,0,1375,A
3-PA,1303,1444,0,0,0,1444,A
3-PA,1304,0,1445,0,1,1446,T
3-PA,1305,0,1432,0,1,1433,T
3-PA,1306,0,6,1423,0,1429,G
3-PA,1307,1400,1,2,0,1403,A
3-PA,1308,0,0,1406,0,1406,G
3-PA,1309,1,0,0,1402,1403,C
3-PA,1310,1396,0,1,0,1397,A
3-PA,1311,0,1,0,1431,1432,C
3-PA,1312,1409,0,0,0,1409,A
3-PA,1313,0,1455,0,1,1456,T
3-PA,1314,0,1454,0,0,1454,T
3-PA,1315,1,0,1451,1,1453,G
3-PA,1316,1,0,0,1453,1454,C
3-PA,1317,1447,0,1,0,1448,A
3-PA,1318,1455,0,0,0,1455,A
3-PA,1319,0,0,1451,0,1451,G
3-PA,1320,0,1,0,1431,1432,C
3-PA,1321,1431,0,1,0,1432,A
3-PA,1322,1,1390,0,3,1394,T
3-PA,1323,0,8,1389,0,1397,G
3-PA,1324,1391,0,3,1,1395,A
3-PA,1325,0,1,1407,0,1408,G
3-PA,1326,1401,0,1,0,1402,A
3-PA,1327,1410,0,0,0,1410,A
3-PA,1328,0,6,1402,0,1408,G
3-PA,1329,0,2,1405,0,1407,G
3-PA,1330,1406,0,0,0,1406,A
3-PA,1331,1401,0,2,0,1403,A
3-PA,1332,0,1408,0,1,1409,T
3-PA,1333,0,1401,0,0,1401,T
3-PA,1334,1402,0,0,1,1403,A
3-PA,1335,0,1408,0,0,1408,T
3-PA,1336,0,1404,0,1,1405,T
3-PA,1337,1,1406,0,1,1408,T
3-PA,1338,4,0,0,1397,1401,C
3-PA,1339,1391,0,0,0,1391,A
3-PA,1340,0,0,0,1425,1425,C
3-PA,1341,1421,0,1,0,1422,A
3-PA,1342,0,0,1443,0,1443,G
3-PA,1343,0,0,0,1436,1436,C
3-PA,1344,1428,0,0,1,1429,A
3-PA,1345,0,1,1436,0,1437,G
3-PA,1346,1429,0,0,1,1430,A
3-PA,1347,0,4,1438,0,1442,G
3-PA,1348,0,0,1447,0,1447,G
3-PA,1349,0,1391,0,0,1391,T
3-PA,1350,0,0,1425,0,1425,G
3-PA,1351,0,1412,0,2,1414,T
3-PA,1352,3,0,0,1418,1421,C
3-PA,1353,6,0,0,1430,1436,C
3-PA,1354,5,0,0,1420,1425,C
3-PA,1355,1439,0,1,0,1440,A
3-PA,1356,0,1459,0,2,1461,T
3-PA,1357,0,1450,0,1,1451,T
3-PA,1358,0,0,1467,0,1467,G
3-PA,1359,0,1437,0,0,1437,T
3-PA,1360,1415,0,0,0,1415,A
3-PA,1361,0,2,1411,0,1413,G
3-PA,1362,1380,1,1,0,1382,A
3-PA,1363,1,0,1385,1,1387,G
3-PA,1364,1,1,0,1368,1370,C
3-PA,1365,4,0,0,1347,1351,C
3-PA,1366,1386,0,1,0,1387,A
3-PA,1367,1,0,0,1387,1388,C
3-PA,1368,0,1377,0,0,1377,T
3-PA,1369,0,5,1373,0,1378,G
3-PA,1370,1366,0,1,0,1367,A
3-PA,1371,1352,0,0,0,1352,A
3-PA,1372,0,1386,0,0,1386,T
3-PA,1373,1398,0,0,0,1398,A
3-PA,1374,1,0,0,1415,1416,C
3-PA,1375,1384,0,0,0,1384,A
3-PA,1376,0,1387,0,0,1387,T
3-PA,1377,1378,0,0,0,1378,A
3-PA,1378,1383,0,0,0,1383,A
3-PA,1379,0,1381,0,0,1381,T
3-PA,1380,0,1,1370,0,1371,G
3-PA,1381,1366,0,0,0,1366,A
3-PA,1382,1337,0,1,0,1338,A
3-PA,1383,1,11,1336,0,1348,G
3-PA,1384,0,9,1324,0,1333,G
3-PA,1385,0,3,1353,0,1356,G
3-PA,1386,0,2,1355,0,1357,G
3-PA,1387,0,0,1372,0,1372,G
3-PA,1388,0,1337,0,4,1341,T
3-PA,1389,1349,0,1,0,1350,A
3-PA,1390,0,1353,0,2,1355,T
3-PA,1391,1372,0,1,0,1373,A
3-PA,1392,0,1,0,1490,1491,C
3-PA,1393,1451,0,0,0,1451,A
3-PA,1394,1,1420,0,0,1421,T
3-PA,1395,0,1408,0,0,1408,T
3-PA,1396,1399,0,0,0,1399,A
3-PA,1397,1426,0,0,0,1426,A
3-PA,1398,0,0,0,1429,1429,C
3-PA,1399,1407,1,0,0,1408,A
3-PA,1400,1,0,0,1408,1409,C
3-PA,1401,0,1248,0,2,1250,T
3-PA,1402,0,0,1306,0,1306,G
3-PA,1403,1,0,0,1298,1299,C
3-PA,1404,1,0,0,1298,1299,C
3-PA,1405,5,0,0,1299,1304,C
3-PA,1406,0,1271,0,1,1272,T
3-PA,1407,0,0,1311,0,1311,G
3-PA,1408,0,0,0,1308,1308,C
3-PA,1409,0,1309,0,0,1309,T
3-PA,1410,9,0,0,1333,1342,C
3-PA,1411,1296,0,0,0,1296,A
3-PA,1412,1311,0,1,0,1312,A
3-PA,1413,0,1313,0,0,1313,T
3-PA,1414,0,1,1307,0,1308,G
3-PA,1415,1,0,0,1300,1301,C
3-PA,1416,1277,0,0,0,1277,A
3-PA,1417,0,1271,0,1,1272,T
3-PA,1418,1,0,0,1275,1276,C
3-PA,1419,5,2,0,1269,1276,C
3-PA,1420,0,1207,0,0,1207,T
3-PA,1421,0,0,1238,0,1238,G
3-PA,1422,1,1232,0,1,1234,T
3-PA,1423,0,0,1231,0,1231,G
3-PA,1424,1,4,0,1225,1230,C
3-PA,1425,1216,0,3,0,1219,A
3-PA,1426,1,0,1226,0,1227,G
3-PA,1427,0,0,0,1229,1229,C
3-PA,1428,1213,0,0,0,1213,A
3-PA,1429,1214,0,1,0,1215,A
3-PA,1430,0,1163,0,1,1164,T
3-PA,1431,0,4,1166,0,1170,G
3-PA,1432,0,3,1168,0,1171,G
3-PA,1433,1169,0,1,0,1170,A
3-PA,1434,0,1,0,1164,1165,C
3-PA,1435,1,1,1150,0,1152,G
3-PA,1436,1162,0,0,0,1162,A
3-PA,1437,0,1158,0,3,1161,T
3-PA,1438,0,1160,0,0,1160,T
3-PA,1439,0,1152,0,0,1152,T
3-PA,1440,0,1149,0,0,1149,T
3-PA,1441,2,0,0,1146,1148,C
3-PA,1442,1150,0,0,0,1150,A
3-PA,1443,1157,1,1,0,1159,A
3-PA,1444,1,0,0,1157,1158,C
3-PA,1445,1,1130,0,1,1132,T
3-PA,1446,1133,0,0,0,1133,A
3-PA,1447,1129,0,2,0,1131,A
3-PA,1448,0,1129,0,0,1129,T
3-PA,1449,0,1123,0,3,1126,T
3-PA,1450,3,0,0,1137,1140,C
3-PA,1451,3,1,0,1127,1131,C
3-PA,1452,3,0,0,1117,1120,C
3-PA,1453,1120,0,0,0,1120,A
3-PA,1454,0,1140,0,0,1140,T
3-PA,1455,0,4,1137,0,1141,G
3-PA,1456,1141,1,0,0,1142,A
3-PA,1457,0,1136,0,1,1137,T
3-PA,1458,1128,0,4,0,1132,A
3-PA,1459,1128,0,1,0,1129,A
3-PA,1460,1,0,1130,0,1131,G
3-PA,1461,0,1,0,1131,1132,C
3-PA,1462,1122,0,0,0,1122,A
3-PA,1463,1081,0,0,0,1081,A
3-PA,1464,0,0,1101,0,1101,G
3-PA,1465,0,1103,0,0,1103,T
3-PA,1466,0,0,1103,0,1103,G
3-PA,1467,2,0,0,1093,1095,C
3-PA,1468,1082,0,1,0,1083,A
3-PA,1469,0,4,1104,0,1108,G
3-PA,1470,1101,0,2,0,1103,A
3-PA,1471,1107,0,1,0,1108,A
3-PA,1472,1,1,0,1113,1115,C
3-PA,1473,0,1086,0,0,1086,T
3-PA,1474,1106,0,0,0,1106,A
3-PA,1475,1109,0,0,0,1109,A
3-PA,1476,1109,0,1,0,1110,A
3-PA,1477,0,3,1113,0,1116,G
3-PA,1478,1025,0,23,0,1048,A
3-PA,1479,0,13,1042,0,1055,G
3-PA,1480,0,1,1025,0,1026,G
3-PA,1481,1,2,1025,0,1028,G
3-PA,1482,1009,0,1,0,1010,A
3-PA,1483,990,0,1,0,991,A
3-PA,1484,0,2,979,0,981,G
3-PA,1485,0,0,976,0,976,G
3-PA,1486,0,0,0,975,975,C
3-PA,1487,0,2,976,0,978,G
3-PA,1488,973,1,0,0,974,A
3-PA,1489,977,0,0,0,977,A
3-PA,1490,974,0,0,0,974,A
3-PA,1491,978,0,0,0,978,A
3-PA,1492,981,0,2,0,983,A
3-PA,1493,1,0,0,980,981,C
3-PA,1494,2,0,0,973,975,C
3-PA,1495,976,1,0,0,977,A
3-PA,1496,985,0,0,0,985,A
3-PA,1497,0,986,0,0,986,T
3-PA,1498,0,988,0,0,988,T
3-PA,1499,0,986,0,0,986,T
3-PA,1500,985,0,1,0,986,A
3-PA,1501,0,982,0,0,982,T
3-PA,1502,982,0,0,0,982,A
3-PA,1503,0,976,0,0,976,T
3-PA,1504,1,5,967,0,973,G
3-PA,1505,0,3,958,0,961,G
3-PA,1506,962,0,0,0,962,A
3-PA,1507,0,957,0,0,957,T
3-PA,1508,0,947,0,0,947,T
3-PA,1509,2,1,0,942,945,C
3-PA,1510,939,0,1,0,940,A
3-PA,1511,0,947,0,2,949,T
3-PA,1512,0,0,0,955,955,C
3-PA,1513,950,0,0,0,950,A
3-PA,1514,0,944,0,0,944,T
3-PA,1515,934,0,0,0,934,A
3-PA,1516,935,0,0,0,935,A
3-PA,1517,933,0,0,0,933,A
3-PA,1518,0,6,926,0,932,G
3-PA,1519,0,2,920,0,922,G
3-PA,1520,0,0,913,0,913,G
3-PA,1521,910,0,2,0,912,A
3-PA,1522,896,0,0,0,896,A
3-PA,1523,0,0,901,0,901,G
3-PA,1524,894,0,0,0,894,A
3-PA,1525,0,890,0,0,890,T
3-PA,1526,5,0,0,883,888,C
3-PA,1527,0,872,0,0,872,T
3-PA,1528,7,0,0,887,894,C
3-PA,1529,888,0,0,0,888,A
3-PA,1530,0,890,0,0,890,T
3-PA,1531,0,888,0,1,889,T
3-PA,1532,0,879,0,0,879,T
3-PA,1533,877,0,0,0,877,A
3-PA,1534,874,0,0,0,874,A
3-PA,1535,0,1,879,0,880,G
3-PA,1536,0,3,894,0,897,G
3-PA,1537,841,0,1,0,842,A
3-PA,1538,849,0,0,0,849,A
3-PA,1539,0,844,2,1,847,T
3-PA,1540,0,7,844,0,851,G
3-PA,1541,880,0,2,0,882,A
3-PA,1542,0,1,0,886,887,C
3-PA,1543,878,0,0,0,878,A
3-PA,1544,1,1,0,881,883,C
3-PA,1545,853,0,0,0,853,A
3-PA,1546,0,1,855,0,856,G
3-PA,1547,849,0,1,0,850,A
3-PA,1548,0,0,0,845,845,C
3-PA,1549,0,0,831,0,831,G
3-PA,1550,0,774,1,1,776,T
3-PA,1551,0,2,776,0,778,G
3-PA,1552,0,0,777,0,777,G
3-PA,1553,0,783,0,0,783,T
3-PA,1554,780,0,1,0,781,A
3-PA,1555,764,0,0,0,764,A
3-PA,1556,762,0,0,0,762,A
3-PA,1557,0,761,0,0,761,T
3-PA,1558,0,750,0,0,750,T
3-PA,1559,0,750,0,0,750,T
3-PA,1560,0,738,0,0,738,T
3-PA,1561,0,0,736,0,736,G
3-PA,1562,0,708,0,0,708,T
3-PA,1563,0,9,707,0,716,G
3-PA,1564,713,0,0,0,713,A
3-PA,1565,0,0,715,0,715,G
3-PA,1566,3,0,0,709,712,C
3-PA,1567,711,0,0,0,711,A
3-PA,1568,0,714,0,0,714,T
3-PA,1569,0,0,715,0,715,G
3-PA,1570,0,1,720,0,721,G
3-PA,1571,721,0,0,0,721,A
3-PA,1572,0,0,721,0,721,G
3-PA,1573,0,711,1,1,713,T
3-PA,1574,0,699,0,0,699,T
3-PA,1575,0,704,0,1,705,T
3-PA,1576,0,702,0,0,702,T
3-PA,1577,4,0,0,698,702,C
3-PA,1578,0,700,0,0,700,T
3-PA,1579,3,0,0,698,701,C
3-PA,1580,0,677,0,0,677,T
3-PA,1581,4,0,0,671,675,C
3-PA,1582,670,0,1,0,671,A
3-PA,1583,1,0,0,672,673,C
3-PA,1584,1,651,0,0,652,T
3-PA,1585,15,1,635,0,651,G
3-PA,1586,653,0,0,0,653,A
3-PA,1587,2,0,0,654,656,C
3-PA,1588,0,0,0,655,655,C
3-PA,1589,1,1,0,638,640,C
3-PA,1590,0,3,627,0,630,G
3-PA,1591,629,0,0,0,629,A
3-PA,1592,0,4,627,0,631,G
3-PA,1593,630,0,2,0,632,A
3-PA,1594,0,0,0,617,617,C
3-PA,1595,0,609,0,0,609,T
3-PA,1596,0,570,0,1,571,T
3-PA,1597,0,0,573,0,573,G
3-PA,1598,563,0,0,0,563,A
3-PA,1599,0,1,567,0,568,G
3-PA,1600,0,0,0,569,569,C
3-PA,1601,1,0,0,549,550,C
3-PA,1602,550,1,0,0,551,A
3-PA,1603,1,0,0,552,553,C
3-PA,1604,550,0,0,0,550,A
3-PA,1605,0,550,0,0,550,T
3-PA,1606,544,0,0,0,544,A
3-PA,1607,541,0,0,0,541,A
3-PA,1608,540,0,0,0,540,A
3-PA,1609,1,534,0,0,535,T
3-PA,1610,0,2,528,0,530,G
3-PA,1611,0,1,481,0,482,G
3-PA,1612,0,2,473,0,475,G
3-PA,1613,458,0,0,0,458,A
3-PA,1614,0,1,463,0,464,G
3-PA,1615,450,0,1,0,451,A
3-PA,1616,446,0,0,0,446,A
3-PA,1617,446,0,0,1,447,A
3-PA,1618,0,447,0,0,447,T
3-PA,1619,442,0,0,0,442,A
3-PA,1620,0,0,0,440,440,C
3-PA,1621,0,286,0,0,286,T
3-PA,1622,0,0,288,0,288,G
3-PA,1623,0,213,0,0,213,T
3-PA,1624,0,0,217,0,217,G
3-PA,1625,0,211,0,2,213,T
3-PA,1626,1,1,0,195,197,C
3-PA,1627,0,0,0,192,192,C
3-PA,1628,0,183,0,0,183,T
3-PA,1629,0,185,0,0,185,T
3-PA,1630,0,2,182,0,184,G
3-PA,1631,185,0,1,0,186,A
3-PA,1632,0,0,188,0,188,G
3-PA,1633,185,0,0,0,185,A
3-PA,1634,0,181,0,0,181,T
3-PA,1635,177,0,0,0,177,A
3-PA,1636,0,1,181,0,182,G
3-PA,1637,0,1,183,0,184,G
3-PA,1638,182,0,0,0,182,A
3-PA,1639,0,0,183,0,183,G
3-PA,1640,183,0,0,0,183,A
3-PA,1641,0,183,0,0,183,T
3-PA,1642,186,0,0,1,187,A
3-PA,1643,0,186,0,0,186,T
3-PA,1644,0,0,191,0,191,G
3-PA,1645,0,187,0,0,187,T
3-PA,1646,0,184,0,0,184,T
3-PA,1647,194,0,0,0,194,A
3-PA,1648,0,0,0,194,194,C
3-PA,1649,0,190,0,0,190,T
3-PA,1650,190,0,0,0,190,A
3-PA,1651,187,0,1,0,188,A
3-PA,1652,0,0,190,0,190,G
3-PA,1653,189,0,0,0,189,A
3-PA,1654,185,0,0,0,185,A
3-PA,1655,0,0,182,0,182,G
3-PA,1656,0,185,0,0,185,T
3-PA,1657,0,0,188,0,188,G
3-PA,1658,0,0,0,191,191,C
3-PA,1659,1,0,0,191,192,C
3-PA,1660,191,0,0,0,191,A
3-PA,1661,0,190,0,0,190,T
3-PA,1662,189,0,3,0,192,A
3-PA,1663,0,0,193,0,193,G
3-PA,1664,0,0,195,0,195,G
3-PA,1665,0,0,0,194,194,C
3-PA,1666,3,0,0,189,192,C
3-PA,1667,191,0,0,0,191,A
3-PA,1668,192,0,0,0,192,A
3-PA,1669,193,0,0,0,193,A
3-PA,1670,0,195,0,0,195,T
3-PA,1671,0,194,0,0,194,T
3-PA,1672,0,192,0,0,192,T
3-PA,1673,1,0,0,192,193,C
3-PA,1674,190,0,0,0,190,A
3-PA,1675,193,0,1,0,194,A
3-PA,1676,0,0,195,0,195,G
3-PA,1677,0,0,196,0,196,G
3-PA,1678,0,0,0,190,190,C
3-PA,1679,0,0,0,191,191,C
3-PA,1680,192,0,0,0,192,A
3-PA,1681,207,0,0,0,207,A
3-PA,1682,0,207,0,0,207,T
3-PA,1683,0,0,214,0,214,G
3-PA,1684,0,214,0,0,214,T
3-PA,1685,0,225,0,9,234,T
3-PA,1686,2,0,0,234,236,C
3-PA,1687,0,233,0,0,233,T
3-PA,1688,0,234,0,0,234,T
3-PA,1689,221,0,0,0,221,A
3-PA,1690,0,221,0,0,221,T
3-PA,1691,223,0,0,0,223,A
3-PA,1692,0,223,0,1,224,T
3-PA,1693,0,0,224,0,224,G
3-PA,1694,0,205,0,0,205,T
3-PA,1695,0,1,207,0,208,G
3-PA,1696,204,1,0,0,205,A
3-PA,1697,0,1,203,0,204,G
3-PA,1698,0,3,203,0,206,G
3-PA,1699,206,0,0,0,206,A
3-PA,1700,0,0,0,209,209,C
3-PA,1701,206,0,0,0,206,A
3-PA,1702,205,0,0,0,205,A
3-PA,1703,206,0,0,0,206,A
3-PA,1704,0,0,0,208,208,C
3-PA,1705,0,1,207,0,208,G
3-PA,1706,2,0,206,0,208,G
3-PA,1707,0,0,207,0,207,G
3-PA,1708,209,0,0,0,209,A
3-PA,1709,0,0,0,212,212,C
3-PA,1710,212,0,0,0,212,A
3-PA,1711,0,213,0,0,213,T
3-PA,1712,1,0,0,212,213,C
3-PA,1713,212,0,0,0,212,A
3-PA,1714,212,0,0,0,212,A
3-PA,1715,207,0,0,0,207,A
3-PA,1716,0,1,209,0,210,G
3-PA,1717,0,0,212,0,212,G
3-PA,1718,0,209,0,0,209,T
3-PA,1719,0,0,0,214,214,C
3-PA,1720,214,0,0,0,214,A
3-PA,1721,215,0,0,0,215,A
3-PA,1722,215,0,0,0,215,A
3-PA,1723,215,0,0,0,215,A
3-PA,1724,0,216,0,0,216,T
3-PA,1725,0,2,214,0,216,G
3-PA,1726,215,0,0,0,215,A
3-PA,1727,212,0,1,0,213,A
3-PA,1728,213,0,1,0,214,A
3-PA,1729,0,212,0,0,212,T
3-PA,1730,0,0,212,0,212,G
3-PA,1731,0,2,210,0,212,G
3-PA,1732,0,0,213,0,213,G
3-PA,1733,0,2,211,0,213,G
3-PA,1734,209,0,0,0,209,A
3-PA,1735,209,0,1,0,210,A
3-PA,1736,0,212,0,0,212,T
3-PA,1737,0,0,211,0,211,G
3-PA,1738,0,1,212,0,213,G
3-PA,1739,211,0,0,0,211,A
3-PA,1740,0,0,212,0,212,G
3-PA,1741,212,0,0,0,212,A
3-PA,1742,0,210,0,0,210,T
3-PA,1743,0,1,207,0,208,G
3-PA,1744,207,0,0,0,207,A
3-PA,1745,0,0,215,0,215,G
3-PA,1746,214,0,0,0,214,A
3-PA,1747,0,0,0,216,216,C
3-PA,1748,0,0,216,0,216,G
3-PA,1749,0,213,0,0,213,T
3-PA,1750,0,213,0,0,213,T
3-PA,1751,0,0,215,0,215,G
3-PA,1752,0,0,0,215,215,C
3-PA,1753,0,0,0,216,216,C
3-PA,1754,0,215,0,0,215,T
3-PA,1755,1,0,0,226,227,C
3-PA,1756,0,0,0,227,227,C
3-PA,1757,0,226,0,0,226,T
3-PA,1758,0,227,0,0,227,T
3-PA,1759,0,0,0,227,227,C
3-PA,1760,223,0,1,0,224,A
3-PA,1761,0,0,222,0,222,G
3-PA,1762,0,222,0,1,223,T
3-PA,1763,0,0,0,224,224,C
3-PA,1764,222,0,0,0,222,A
3-PA,1765,0,0,0,230,230,C
3-PA,1766,0,231,0,0,231,T
3-PA,1767,0,0,0,232,232,C
3-PA,1768,1,0,0,229,230,C
3-PA,1769,230,0,0,0,230,A
3-PA,1770,0,0,230,0,230,G
3-PA,1771,0,0,0,229,229,C
3-PA,1772,222,0,0,0,222,A
3-PA,1773,0,1,223,0,224,G
3-PA,1774,215,0,0,0,215,A
3-PA,1775,0,213,0,0,213,T
3-PA,1776,3,0,0,212,215,C
3-PA,1777,0,0,215,0,215,G
3-PA,1778,213,0,0,0,213,A
3-PA,1779,0,1,214,0,215,G
3-PA,1780,215,0,0,0,215,A
3-PA,1781,0,0,217,0,217,G
3-PA,1782,0,0,0,214,214,C
3-PA,1783,214,0,0,0,214,A
3-PA,1784,0,214,0,0,214,T
3-PA,1785,0,1,219,0,220,G
3-PA,1786,222,0,0,0,222,A
3-PA,1787,0,220,0,0,220,T
3-PA,1788,0,221,0,0,221,T
3-PA,1789,0,1,221,0,222,G
3-PA,1790,220,0,0,0,220,A
3-PA,1791,221,0,0,0,221,A
3-PA,1792,0,0,221,0,221,G
3-PA,1793,0,0,0,219,219,C
3-PA,1794,0,1,0,216,217,C
3-PA,1795,0,2,213,0,215,G
3-PA,1796,215,0,0,0,215,A
3-PA,1797,0,0,218,0,218,G
3-PA,1798,0,218,0,0,218,T
3-PA,1799,2,0,0,218,220,C
3-PA,1800,1,0,0,217,218,C
3-PA,1801,0,219,0,0,219,T
3-PA,1802,1,0,0,221,222,C
3-PA,1803,0,0,222,0,222,G
3-PA,1804,0,0,228,0,228,G
3-PA,1805,0,226,0,0,226,T
3-PA,1806,0,224,0,0,224,T
3-PA,1807,224,0,0,0,224,A
3-PA,1808,223,1,0,0,224,A
3-PA,1809,224,0,0,0,224,A
3-PA,1810,1,1,228,0,230,G
3-PA,1811,228,0,0,0,228,A
3-PA,1812,0,0,227,0,227,G
3-PA,1813,220,0,0,0,220,A
3-PA,1814,220,0,0,0,220,A
3-PA,1815,219,0,0,0,219,A
3-PA,1816,0,0,222,0,222,G
3-PA,1817,218,0,0,0,218,A
3-PA,1818,0,0,0,222,222,C
3-PA,1819,217,0,0,0,217,A
3-PA,1820,0,216,0,0,216,T
3-PA,1821,0,1,213,0,214,G
3-PA,1822,218,0,0,0,218,A
3-PA,1823,0,0,0,218,218,C
3-PA,1824,1,0,0,215,216,C
3-PA,1825,215,0,1,0,216,A
3-PA,1826,215,0,1,0,216,A
3-PA,1827,216,0,0,0,216,A
3-PA,1828,0,0,216,0,216,G
3-PA,1829,213,0,0,0,213,A
3-PA,1830,0,0,215,0,215,G
3-PA,1831,0,213,0,0,213,T
3-PA,1832,0,208,0,0,208,T
3-PA,1833,0,206,0,0,206,T
3-PA,1834,0,211,0,0,211,T
3-PA,1835,0,213,0,0,213,T
3-PA,1836,0,212,0,0,212,T
3-PA,1837,0,0,212,0,212,G
3-PA,1838,209,0,1,0,210,A
3-PA,1839,0,2,214,0,216,G
3-PA,1840,217,0,0,0,217,A
3-PA,1841,215,0,0,0,215,A
3-PA,1842,0,216,0,1,217,T
3-PA,1843,213,1,0,0,214,A
3-PA,1844,218,0,0,0,218,A
3-PA,1845,218,0,0,0,218,A
3-PA,1846,0,218,0,0,218,T
3-PA,1847,0,0,0,216,216,C
3-PA,1848,214,0,0,0,214,A
3-PA,1849,0,0,214,0,214,G
3-PA,1850,212,0,0,0,212,A
3-PA,1851,212,0,0,0,212,A
3-PA,1852,0,0,212,0,212,G
3-PA,1853,0,0,0,201,201,C
3-PA,1854,200,0,0,0,200,A
3-PA,1855,0,203,0,0,203,T
3-PA,1856,0,1,201,0,202,G
3-PA,1857,0,0,206,0,206,G
3-PA,1858,0,0,0,207,207,C
3-PA,1859,1,0,0,213,214,C
3-PA,1860,3,0,0,209,212,C
3-PA,1861,216,0,0,0,216,A
3-PA,1862,0,218,0,0,218,T
3-PA,1863,0,217,0,0,217,T
3-PA,1864,0,0,219,0,219,G
3-PA,1865,0,3,215,0,218,G
3-PA,1866,0,1,215,0,216,G
3-PA,1867,0,0,213,0,213,G
3-PA,1868,205,0,0,0,205,A
3-PA,1869,0,0,208,0,208,G
3-PA,1870,0,204,0,0,204,T
3-PA,1871,2,0,0,208,210,C
3-PA,1872,1,0,0,220,221,C
3-PA,1873,1,0,0,223,224,C
3-PA,1874,0,0,0,226,226,C
3-PA,1875,2,0,0,221,223,C
3-PA,1876,222,0,0,0,222,A
3-PA,1877,224,0,0,0,224,A
3-PA,1878,0,0,228,0,228,G
3-PA,1879,0,0,221,0,221,G
3-PA,1880,0,2,224,0,226,G
3-PA,1881,208,0,1,0,209,A
3-PA,1882,0,0,212,0,212,G
3-PA,1883,0,211,0,0,211,T
3-PA,1884,0,0,213,0,213,G
3-PA,1885,0,1,212,0,213,G
3-PA,1886,213,0,0,0,213,A
3-PA,1887,213,0,0,0,213,A
3-PA,1888,0,0,213,0,213,G
3-PA,1889,209,0,0,0,209,A
3-PA,1890,209,0,0,0,209,A
3-PA,1891,0,2,205,0,207,G
3-PA,1892,0,0,208,0,208,G
3-PA,1893,0,207,0,0,207,T
3-PA,1894,0,203,0,0,203,T
3-PA,1895,1,0,0,204,205,C
3-PA,1896,0,0,0,204,204,C
3-PA,1897,206,0,0,0,206,A
3-PA,1898,0,205,0,0,205,T
3-PA,1899,0,205,0,0,205,T
3-PA,1900,0,0,209,0,209,G
3-PA,1901,0,0,209,0,209,G
3-PA,1902,0,1,209,0,210,G
3-PA,1903,210,0,0,0,210,A
3-PA,1904,208,0,0,0,208,A
3-PA,1905,209,0,1,0,210,A
3-PA,1906,0,0,218,0,218,G
3-PA,1907,0,217,0,0,217,T
3-PA,1908,0,0,0,222,222,C
3-PA,1909,0,222,0,0,222,T
3-PA,1910,0,0,224,0,224,G
3-PA,1911,0,223,0,0,223,T
3-PA,1912,223,0,0,0,223,A
3-PA,1913,0,0,222,0,222,G
3-PA,1914,0,0,220,0,220,G
3-PA,1915,209,0,0,0,209,A
3-PA,1916,0,0,0,209,209,C
3-PA,1917,0,204,0,0,204,T
3-PA,1918,1,0,0,218,219,C
3-PA,1919,0,217,0,0,217,T
3-PA,1920,218,0,0,0,218,A
3-PA,1921,0,217,0,0,217,T
3-PA,1922,0,217,0,0,217,T
3-PA,1923,3,1,216,0,220,G
3-PA,1924,0,0,220,0,220,G
3-PA,1925,2,0,0,218,220,C
3-PA,1926,0,220,0,0,220,T
3-PA,1927,208,0,0,0,208,A
3-PA,1928,206,1,0,0,207,A
3-PA,1929,0,0,215,0,215,G
3-PA,1930,0,213,1,0,214,T
3-PA,1931,3,0,0,209,212,C
3-PA,1932,205,0,0,0,205,A
3-PA,1933,0,0,214,0,214,G
3-PA,1934,0,214,0,0,214,T
3-PA,1935,219,0,0,0,219,A
3-PA,1936,0,222,0,0,222,T
3-PA,1937,0,219,0,0,219,T
3-PA,1938,0,0,0,221,221,C
3-PA,1939,220,0,0,0,220,A
3-PA,1940,220,0,1,0,221,A
3-PA,1941,0,221,0,0,221,T
3-PA,1942,208,0,1,0,209,A
3-PA,1943,0,0,208,0,208,G
3-PA,1944,0,0,0,209,209,C
3-PA,1945,0,0,0,214,214,C
3-PA,1946,1,209,0,1,211,T
3-PA,1947,0,0,221,0,221,G
3-PA,1948,0,220,0,0,220,T
3-PA,1949,220,0,0,0,220,A
3-PA,1950,0,221,0,0,221,T
3-PA,1951,0,0,215,0,215,G
3-PA,1952,0,0,0,211,211,C
3-PA,1953,210,0,0,0,210,A
3-PA,1954,0,207,0,0,207,T
3-PA,1955,0,0,0,207,207,C
3-PA,1956,201,0,0,0,201,A
3-PA,1957,0,0,0,203,203,C
3-PA,1958,0,0,0,204,204,C
3-PA,1959,200,0,0,0,200,A
3-PA,1960,0,0,0,203,203,C
3-PA,1961,197,0,0,0,197,A
3-PA,1962,199,0,0,0,199,A
3-PA,1963,0,199,0,0,199,T
3-PA,1964,0,199,0,0,199,T
3-PA,1965,0,1,197,0,198,G
3-PA,1966,0,2,193,0,195,G
3-PA,1967,194,0,0,0,194,A
3-PA,1968,195,0,0,0,195,A
3-PA,1969,0,1,196,0,197,G
3-PA,1970,0,0,198,0,198,G
3-PA,1971,197,0,0,0,197,A
3-PA,1972,0,188,0,0,188,T
3-PA,1973,0,190,0,0,190,T
3-PA,1974,0,191,0,0,191,T
3-PA,1975,0,191,0,0,191,T
3-PA,1976,0,0,0,189,189,C
3-PA,1977,189,0,1,0,190,A
3-PA,1978,0,0,190,0,190,G
3-PA,1979,0,0,0,186,186,C
3-PA,1980,0,0,185,0,185,G
3-PA,1981,0,0,183,0,183,G
3-PA,1982,184,0,0,0,184,A
3-PA,1983,0,0,187,0,187,G
3-PA,1984,0,186,0,0,186,T
3-PA,1985,1,0,0,189,190,C
3-PA,1986,190,0,0,0,190,A
3-PA,1987,190,0,0,0,190,A
3-PA,1988,0,0,190,0,190,G
3-PA,1989,190,0,0,0,190,A
3-PA,1990,189,0,0,0,189,A
3-PA,1991,190,0,0,0,190,A
3-PA,1992,185,0,0,0,185,A
3-PA,1993,0,0,0,186,186,C
3-PA,1994,0,184,0,0,184,T
3-PA,1995,0,0,186,0,186,G
3-PA,1996,0,0,0,185,185,C
3-PA,1997,0,184,0,2,186,T
3-PA,1998,1,0,0,186,187,C
3-PA,1999,0,0,0,187,187,C
3-PA,2000,0,188,0,0,188,T
3-PA,2001,0,190,0,0,190,T
3-PA,2002,0,0,190,0,190,G
3-PA,2003,0,189,0,0,189,T
3-PA,2004,0,187,0,0,187,T
3-PA,2005,0,0,189,0,189,G
3-PA,2006,0,189,0,0,189,T
3-PA,2007,0,190,0,0,190,T
3-PA,2008,0,0,0,190,190,C
3-PA,2009,188,0,0,0,188,A
3-PA,2010,0,0,188,0,188,G
3-PA,2011,0,0,188,0,188,G
3-PA,2012,0,0,0,190,190,C
3-PA,2013,0,189,0,1,190,T
3-PA,2014,0,0,0,198,198,C
3-PA,2015,0,195,0,0,195,T
3-PA,2016,0,194,0,0,194,T
3-PA,2017,194,0,0,0,194,A
3-PA,2018,0,1,194,0,195,G
3-PA,2019,0,0,194,0,194,G
3-PA,2020,0,1,192,0,193,G
3-PA,2021,186,0,0,0,186,A
3-PA,2022,0,0,0,185,185,C
3-PA,2023,169,0,0,0,169,A
3-PA,2024,175,0,0,0,175,A
3-PA,2025,0,0,0,184,184,C
3-PA,2026,2,0,0,180,182,C
3-PA,2027,0,180,0,0,180,T
3-PA,2028,0,0,0,180,180,C
3-PA,2029,0,3,178,0,181,G
3-PA,2030,181,0,0,0,181,A
3-PA,2031,183,0,0,0,183,A
3-PA,2032,0,0,0,186,186,C
3-PA,2033,1,0,0,184,185,C
3-PA,2034,0,179,1,0,180,T
3-PA,2035,1,2,175,0,178,G
3-PA,2036,0,0,179,0,179,G
3-PA,2037,0,0,181,0,181,G
3-PA,2038,181,0,0,0,181,A
3-PA,2039,0,0,0,178,178,C
3-PA,2040,0,0,0,177,177,C
3-PA,2041,0,172,0,1,173,T
3-PA,2042,0,174,0,0,174,T
3-PA,2043,0,172,0,1,173,T
3-PA,2044,0,1,173,0,174,G
3-PA,2045,175,0,1,0,176,A
3-PA,2046,0,174,0,0,174,T
3-PA,2047,0,0,0,174,174,C
3-PA,2048,0,169,0,0,169,T
3-PA,2049,0,168,0,0,168,T
3-PA,2050,0,2,166,0,168,G
3-PA,2051,0,2,165,0,167,G
3-PA,2052,0,1,167,0,168,G
3-PA,2053,0,2,167,0,169,G
3-PA,2054,0,1,161,0,162,G
3-PA,2055,0,0,163,0,163,G
3-PA,2056,1,0,0,162,163,C
3-PA,2057,0,162,0,0,162,T
3-PA,2058,169,0,0,0,169,A
3-PA,2059,0,169,0,0,169,T
3-PA,2060,169,0,0,0,169,A
3-PA,2061,0,169,0,0,169,T
3-PA,2062,0,1,160,0,161,G
3-PA,2063,162,0,0,0,162,A
3-PA,2064,157,0,1,0,158,A
3-PA,2065,0,0,158,0,158,G
3-PA,2066,0,0,0,160,160,C
3-PA,2067,145,0,0,0,145,A
3-PA,2068,152,0,0,0,152,A
3-PA,2069,0,151,0,0,151,T
3-PA,2070,0,152,0,0,152,T
3-PA,2071,0,0,151,0,151,G
3-PA,2072,152,0,0,0,152,A
3-PA,2073,0,0,152,0,152,G
3-PA,2074,0,0,152,0,152,G
3-PA,2075,149,0,0,0,149,A
3-PA,2076,0,0,153,0,153,G
3-PA,2077,0,139,0,0,139,T
3-PA,2078,0,0,139,0,139,G
3-PA,2079,0,0,0,140,140,C
3-PA,2080,0,0,0,139,139,C
3-PA,2081,0,140,0,0,140,T
3-PA,2082,0,1,140,0,141,G
3-PA,2083,141,0,0,0,141,A
3-PA,2084,0,142,0,0,142,T
3-PA,2085,0,135,0,0,135,T
3-PA,2086,134,0,0,0,134,A
3-PA,2087,134,0,0,0,134,A
3-PA,2088,0,133,0,0,133,T
3-PA,2089,0,1,133,0,134,G
3-PA,2090,133,0,0,0,133,A
3-PA,2091,0,125,0,0,125,T
3-PA,2092,0,0,0,126,126,C
3-PA,2093,0,0,0,124,124,C
3-PA,2094,0,0,0,125,125,C
3-PA,2095,0,125,0,0,125,T
3-PA,2096,0,0,124,0,124,G
3-PA,2097,0,0,125,0,125,G
3-PA,2098,0,0,124,0,124,G
3-PA,2099,0,123,0,0,123,T
3-PA,2100,0,112,0,0,112,T
3-PA,2101,0,113,0,0,113,T
3-PA,2102,0,112,0,0,112,T
3-PA,2103,1,0,112,0,113,G
3-PA,2104,0,0,0,112,112,C
3-PA,2105,0,109,0,1,110,T
3-PA,2106,0,0,0,108,108,C
3-PA,2107,103,0,0,0,103,A
3-PA,2108,105,0,0,0,105,A
3-PA,2109,0,104,0,0,104,T
3-PA,2110,0,0,105,0,105,G
3-PA,2111,0,0,0,105,105,C
3-PA,2112,0,0,101,0,101,G
3-PA,2113,0,99,0,0,99,T
3-PA,2114,0,0,0,98,98,C
3-PA,2115,0,97,0,0,97,T
3-PA,2116,0,97,0,0,97,T
3-PA,2117,0,0,92,0,92,G
3-PA,2118,0,0,95,0,95,G
3-PA,2119,0,93,0,0,93,T
3-PA,2120,0,94,0,0,94,T
3-PA,2121,0,0,1,86,87,C
3-PA,2122,85,0,0,0,85,A
3-PA,2123,87,0,0,0,87,A
3-PA,2124,0,0,0,84,84,C
3-PA,2125,0,84,0,0,84,T
3-PA,2126,1,0,0,85,86,C
3-PA,2127,1,0,0,80,81,C
3-PA,2128,0,80,0,0,80,T
3-PA,2129,0,79,0,0,79,T
3-PA,2130,0,0,0,80,80,C
3-PA,2131,2,0,0,78,80,C
3-PA,2132,1,73,0,0,74,T
3-PA,2133,0,2,72,0,74,G
3-PA,2134,73,0,0,0,73,A
3-PA,2135,0,0,0,72,72,C
3-PA,2136,70,0,0,0,70,A
3-PA,2137,0,0,0,68,68,C
3-PA,2138,66,0,0,0,66,A
3-PA,2139,0,65,0,0,65,T
3-PA,2140,0,0,66,0,66,G
3-PA,2141,0,0,0,65,65,C
3-PA,2142,63,0,0,0,63,A
3-PA,2143,0,64,0,0,64,T
3-PA,2144,0,63,0,0,63,T
3-PA,2145,63,0,0,0,63,A
3-PA,2146,61,0,0,0,61,A
3-PA,2147,61,0,0,0,61,A
3-PA,2148,61,0,0,0,61,A
3-PA,2149,0,61,0,0,61,T
3-PA,2150,44,0,0,0,44,A
3-PA,2151,0,0,44,0,44,G
4-HA,1,128,0,0,0,128,A
4-HA,2,0,129,0,0,129,T
4-HA,3,0,0,132,0,132,G
4-HA,4,131,0,1,0,132,A
4-HA,5,136,0,1,0,137,A
4-HA,6,0,1,144,0,145,G
4-HA,7,145,0,1,0,146,A
4-HA,8,0,0,0,162,162,C
4-HA,9,0,164,0,0,164,T
4-HA,10,167,0,0,0,167,A
4-HA,11,0,183,0,0,183,T
4-HA,12,1,0,0,183,184,C
4-HA,13,184,0,0,0,184,A
4-HA,14,0,184,0,0,184,T
4-HA,15,0,185,0,0,185,T
4-HA,16,0,0,203,0,203,G
4-HA,17,0,0,0,205,205,C
4-HA,18,0,205,0,0,205,T
4-HA,19,0,204,0,0,204,T
4-HA,20,0,205,0,0,205,T
4-HA,21,2,1,216,0,219,G
4-HA,22,218,0,0,0,218,A
4-HA,23,0,0,223,0,223,G
4-HA,24,0,0,0,224,224,C
4-HA,25,0,222,0,2,224,T
4-HA,26,247,0,0,0,247,A
4-HA,27,0,0,0,253,253,C
4-HA,28,255,0,0,0,255,A
4-HA,29,0,271,0,0,271,T
4-HA,30,0,266,0,0,266,T
4-HA,31,2,0,0,266,268,C
4-HA,32,0,267,0,0,267,T
4-HA,33,271,0,0,0,271,A
4-HA,34,0,271,0,0,271,T
4-HA,35,0,0,269,0,269,G
4-HA,36,0,268,0,1,269,T
4-HA,37,0,0,0,266,266,C
4-HA,38,0,263,0,1,264,T
4-HA,39,0,2,261,0,263,G
4-HA,40,0,0,266,0,266,G
4-HA,41,0,263,0,1,264,T
4-HA,42,0,266,0,0,266,T
4-HA,43,0,265,0,1,266,T
4-HA,44,0,265,0,0,265,T
4-HA,45,2,0,0,264,266,C
4-HA,46,0,0,266,0,266,G
4-HA,47,0,0,0,271,271,C
4-HA,48,0,260,0,9,269,T
4-HA,49,3,0,0,267,270,C
4-HA,50,271,0,0,0,271,A
4-HA,51,271,0,0,0,271,A
4-HA,52,269,1,0,0,270,A
4-HA,53,270,0,0,0,270,A
4-HA,54,271,0,0,0,271,A
4-HA,55,0,0,0,277,277,C
4-HA,56,0,277,0,0,277,T
4-HA,57,0,277,0,0,277,T
4-HA,58,0,0,0,276,276,C
4-HA,59,0,0,0,278,278,C
4-HA,60,0,277,0,0,277,T
4-HA,61,0,0,284,0,284,G
4-HA,62,0,0,287,0,287,G
4-HA,63,287,0,0,0,287,A
4-HA,64,289,0,0,0,289,A
4-HA,65,290,0,0,0,290,A
4-HA,66,1,289,0,0,290,T
4-HA,67,0,5,285,0,290,G
4-HA,68,291,0,0,0,291,A
4-HA,69,0,0,0,301,301,C
4-HA,70,301,0,0,0,301,A
4-HA,71,300,0,1,0,301,A
4-HA,72,0,0,0,312,312,C
4-HA,73,312,0,0,0,312,A
4-HA,74,0,0,316,0,316,G
4-HA,75,0,0,0,314,314,C
4-HA,76,314,0,0,0,314,A
4-HA,77,0,2,0,323,325,C
4-HA,78,0,3,320,0,323,G
4-HA,79,0,0,328,0,328,G
4-HA,80,0,0,0,328,328,C
4-HA,81,322,0,0,0,322,A
4-HA,82,325,0,0,0,325,A
4-HA,83,0,0,0,330,330,C
4-HA,84,0,0,332,0,332,G
4-HA,85,0,0,0,333,333,C
4-HA,86,1,323,0,0,324,T
4-HA,87,1,0,330,0,331,G
4-HA,88,0,329,0,0,329,T
4-HA,89,0,0,349,0,349,G
4-HA,90,0,0,0,356,356,C
4-HA,91,1,0,0,360,361,C
4-HA,92,0,358,0,0,358,T
4-HA,93,0,358,0,0,358,T
4-HA,94,0,0,359,0,359,G
4-HA,95,0,1,358,0,359,G
4-HA,96,0,0,372,0,372,G
4-HA,97,1,0,0,373,374,C
4-HA,98,372,0,0,0,372,A
4-HA,99,0,0,0,380,380,C
4-HA,100,3,0,0,370,373,C
4-HA,101,407,0,0,0,407,A
4-HA,102,0,408,0,0,408,T
4-HA,103,0,0,406,0,406,G
4-HA,104,1,0,0,408,409,C
4-HA,105,401,0,0,0,401,A
4-HA,106,0,0,441,0,441,G
4-HA,107,0,440,0,0,440,T
4-HA,108,440,0,0,0,440,A
4-HA,109,0,0,0,441,441,C
4-HA,110,1,0,0,416,417,C
4-HA,111,415,0,1,0,416,A
4-HA,112,418,0,0,0,418,A
4-HA,113,419,0,0,0,419,A
4-HA,114,0,1,0,422,423,C
4-HA,115,0,4,408,0,412,G
4-HA,116,0,4,411,0,415,G
4-HA,117,415,0,2,0,417,A
4-HA,118,415,0,0,0,415,A
4-HA,119,0,3,0,415,418,C
4-HA,120,0,2,421,0,423,G
4-HA,121,431,0,0,0,431,A
4-HA,122,0,431,0,0,431,T
4-HA,123,437,0,0,0,437,A
4-HA,124,1,0,439,0,440,G
4-HA,125,0,439,0,0,439,T
4-HA,126,0,2,439,0,441,G
4-HA,127,440,0,0,0,440,A
4-HA,128,438,0,0,0,438,A
4-HA,129,438,0,2,0,440,A
4-HA,130,433,0,0,0,433,A
4-HA,131,0,0,0,439,439,C
4-HA,132,437,0,0,0,437,A
4-HA,133,437,0,0,0,437,A
4-HA,134,0,439,0,0,439,T
4-HA,135,0,0,0,437,437,C
4-HA,136,437,0,1,0,438,A
4-HA,137,0,0,0,439,439,C
4-HA,138,0,0,439,0,439,G
4-HA,139,436,0,1,0,437,A
4-HA,140,435,0,0,0,435,A
4-HA,141,0,437,0,0,437,T
4-HA,142,0,6,434,0,440,G
4-HA,143,442,0,0,0,442,A
4-HA,144,0,0,0,443,443,C
4-HA,145,4,0,0,440,444,C
4-HA,146,448,0,1,0,449,A
4-HA,147,452,1,0,0,453,A
4-HA,148,456,0,1,0,457,A
4-HA,149,0,456,0,0,456,T
4-HA,150,0,455,0,0,455,T
4-HA,151,0,1,455,0,456,G
4-HA,152,452,0,0,0,452,A
4-HA,153,453,0,2,0,455,A
4-HA,154,0,0,458,0,458,G
4-HA,155,0,453,0,1,454,T
4-HA,156,0,471,0,0,471,T
4-HA,157,478,0,0,0,478,A
4-HA,158,0,0,0,479,479,C
4-HA,159,0,481,0,0,481,T
4-HA,160,478,0,0,0,478,A
4-HA,161,489,0,1,0,490,A
4-HA,162,0,491,0,0,491,T
4-HA,163,0,0,492,0,492,G
4-HA,164,0,0,0,510,510,C
4-HA,165,0,509,0,0,509,T
4-HA,166,509,0,0,0,509,A
4-HA,167,0,0,0,508,508,C
4-HA,168,0,504,0,0,504,T
4-HA,169,0,2,512,0,514,G
4-HA,170,505,0,0,0,505,A
4-HA,171,0,0,505,0,505,G
4-HA,172,0,0,0,505,505,C
4-HA,173,0,500,0,0,500,T
4-HA,174,94,1,423,0,518,G
4-HA,175,0,0,534,0,534,G
4-HA,176,0,533,0,0,533,T
4-HA,177,0,535,0,0,535,T
4-HA,178,5,0,0,531,536,C
4-HA,179,536,0,0,0,536,A
4-HA,180,0,0,535,0,535,G
4-HA,181,537,0,1,0,538,A
4-HA,182,0,0,550,0,550,G
4-HA,183,0,542,0,1,543,T
4-HA,184,0,535,0,0,535,T
4-HA,185,2,0,0,538,540,C
4-HA,186,5,0,0,531,536,C
4-HA,187,0,534,0,1,535,T
4-HA,188,5,32,0,502,539,C
4-HA,189,537,0,0,0,537,A
4-HA,190,537,0,1,0,538,A
4-HA,191,0,0,0,540,540,C
4-HA,192,519,0,0,0,519,A
4-HA,193,0,1,529,0,530,G
4-HA,194,0,1,528,0,529,G
4-HA,195,0,526,0,0,526,T
4-HA,196,0,2,524,0,526,G
4-HA,197,526,0,1,0,527,A
4-HA,198,529,0,0,0,529,A
4-HA,199,554,0,0,0,554,A
4-HA,200,0,549,0,0,549,T
4-HA,201,559,0,1,0,560,A
4-HA,202,0,549,1,0,550,T
4-HA,203,0,0,550,0,550,G
4-HA,204,0,0,0,553,553,C
4-HA,205,0,3,549,0,552,G
4-HA,206,554,0,1,0,555,A
4-HA,207,0,0,0,554,554,C
4-HA,208,534,0,2,0,536,A
4-HA,209,0,0,568,0,568,G
4-HA,210,0,559,0,3,562,T
4-HA,211,1,0,0,564,565,C
4-HA,212,3,0,0,564,567,C
4-HA,213,0,561,0,0,561,T
4-HA,214,0,0,0,577,577,C
4-HA,215,579,0,1,0,580,A
4-HA,216,1,581,0,0,582,T
4-HA,217,0,0,0,583,583,C
4-HA,218,546,0,0,1,547,A
4-HA,219,0,1,545,1,547,G
4-HA,220,543,0,1,0,544,A
4-HA,221,0,545,0,2,547,T
4-HA,222,0,0,0,546,546,C
4-HA,223,2,0,0,530,532,C
4-HA,224,0,531,0,0,531,T
4-HA,225,0,528,0,0,528,T
4-HA,226,0,2,527,0,529,G
4-HA,227,528,0,0,0,528,A
4-HA,228,0,530,0,0,530,T
4-HA,229,0,2,530,0,532,G
4-HA,230,0,1,527,0,528,G
4-HA,231,530,0,0,0,530,A
4-HA,232,524,0,0,0,524,A
4-HA,233,531,0,0,0,531,A
4-HA,234,533,0,0,0,533,A
4-HA,235,532,0,0,0,532,A
4-HA,236,529,0,0,0,529,A
4-HA,237,0,0,0,534,534,C
4-HA,238,0,529,0,0,529,T
4-HA,239,1,1,532,0,534,G
4-HA,240,2,0,0,532,534,C
4-HA,241,536,0,0,0,536,A
4-HA,242,0,0,0,559,559,C
4-HA,243,562,0,0,0,562,A
4-HA,244,0,0,0,626,626,C
4-HA,245,0,619,0,6,625,T
4-HA,246,622,0,0,0,622,A
4-HA,247,625,0,0,0,625,A
4-HA,248,0,622,0,0,622,T
4-HA,249,622,0,0,0,622,A
4-HA,250,0,4,619,0,623,G
4-HA,251,604,0,1,0,605,A
4-HA,252,0,594,0,0,594,T
4-HA,253,1,0,557,0,558,G
4-HA,254,0,0,0,561,561,C
4-HA,255,0,556,0,0,556,T
4-HA,256,4,0,0,592,596,C
4-HA,257,0,591,0,0,591,T
4-HA,258,599,0,0,0,599,A
4-HA,259,0,601,0,0,601,T
4-HA,260,0,595,0,0,595,T
4-HA,261,0,6,602,0,608,G
4-HA,262,0,2,599,0,601,G
4-HA,263,0,2,608,0,610,G
4-HA,264,605,0,2,0,607,A
4-HA,265,0,4,595,0,599,G
4-HA,266,584,0,1,0,585,A
4-HA,267,0,0,0,717,717,C
4-HA,268,4,0,0,747,751,C
4-HA,269,5,0,0,752,757,C
4-HA,270,3,749,0,2,754,T
4-HA,271,0,0,0,786,786,C
4-HA,272,783,0,0,0,783,A
4-HA,273,0,0,872,0,872,G
4-HA,274,0,870,0,0,870,T
4-HA,275,0,2,884,0,886,G
4-HA,276,0,849,0,3,852,T
4-HA,277,0,2,847,0,849,G
4-HA,278,844,2,2,0,848,A
4-HA,279,1,845,0,0,846,T
4-HA,280,0,2,839,0,841,G
4-HA,281,0,0,841,0,841,G
4-HA,282,0,0,0,830,830,C
4-HA,283,0,830,0,0,830,T
4-HA,284,0,832,0,0,832,T
4-HA,285,1,0,0,839,840,C
4-HA,286,0,0,0,838,838,C
4-HA,287,842,0,0,0,842,A
4-HA,288,851,0,0,0,851,A
4-HA,289,849,0,0,0,849,A
4-HA,290,854,0,0,0,854,A
4-HA,291,0,856,0,1,857,T
4-HA,292,858,0,0,0,858,A
4-HA,293,858,0,0,0,858,A
4-HA,294,0,0,866,0,866,G
4-HA,295,872,0,1,0,873,A
4-HA,296,880,0,0,0,880,A
4-HA,297,874,0,0,0,874,A
4-HA,298,0,879,0,0,879,T
4-HA,299,1,8,872,0,881,G
4-HA,300,0,1,877,0,878,G
4-HA,301,0,4,881,0,885,G
4-HA,302,879,0,3,0,882,A
4-HA,303,0,0,0,890,890,C
4-HA,304,2,1,0,884,887,C
4-HA,305,1,894,0,2,897,T
4-HA,306,0,896,1,1,898,T
4-HA,307,0,898,0,1,899,T
4-HA,308,0,912,0,1,913,T
4-HA,309,0,911,0,0,911,T
4-HA,310,0,0,919,0,919,G
4-HA,311,0,919,0,1,920,T
4-HA,312,1,910,0,0,911,T
4-HA,313,0,5,910,0,915,G
4-HA,314,906,0,0,0,906,A
4-HA,315,908,1,0,0,909,A
4-HA,316,0,1,0,909,910,C
4-HA,317,0,1,908,0,909,G
4-HA,318,0,0,0,922,922,C
4-HA,319,923,0,0,1,924,A
4-HA,320,0,0,939,0,939,G
4-HA,321,1,0,0,938,939,C
4-HA,322,943,0,0,0,943,A
4-HA,323,941,0,0,0,941,A
4-HA,324,940,0,2,0,942,A
4-HA,325,0,0,973,0,973,G
4-HA,326,1,0,0,976,977,C
4-HA,327,0,0,0,969,969,C
4-HA,328,6,0,0,946,952,C
4-HA,329,964,0,1,0,965,A
4-HA,330,0,0,0,1002,1002,C
4-HA,331,1004,0,0,0,1004,A
4-HA,332,0,1,1005,0,1006,G
4-HA,333,0,0,0,999,999,C
4-HA,334,987,0,0,0,987,A
4-HA,335,1000,0,1,0,1001,A
4-HA,336,0,0,0,1079,1079,C
4-HA,337,0,1076,0,0,1076,T
4-HA,338,0,0,1083,0,1083,G
4-HA,339,0,1075,0,0,1075,T
4-HA,340,0,1079,0,0,1079,T
4-HA,341,1078,0,1,0,1079,A
4-HA,342,0,0,0,1176,1176,C
4-HA,343,4,1,1,1177,1183,C
4-HA,344,12,0,0,1205,1217,C
4-HA,345,0,1178,1,2,1181,T
4-HA,346,0,1180,0,0,1180,T
4-HA,347,1185,0,0,0,1185,A
4-HA,348,0,1187,0,1,1188,T
4-HA,349,0,3,1182,1,1186,G
4-HA,350,1180,0,0,0,1180,A
4-HA,351,0,1094,0,2,1096,T
4-HA,352,0,0,1132,0,1132,G
4-HA,353,0,1103,0,0,1103,T
4-HA,354,1,0,1097,0,1098,G
4-HA,355,0,0,0,1105,1105,C
4-HA,356,5,2,0,1095,1102,C
4-HA,357,1,4,1125,0,1130,G
4-HA,358,1,2,1149,0,1152,G
4-HA,359,1154,0,2,0,1156,A
4-HA,360,0,1160,0,0,1160,T
4-HA,361,0,1147,0,0,1147,T
4-HA,362,1152,0,0,0,1152,A
4-HA,363,0,1150,0,1,1151,T
4-HA,364,0,0,1155,0,1155,G
4-HA,365,0,0,0,1160,1160,C
4-HA,366,4,0,0,1143,1147,C
4-HA,367,0,1164,0,2,1166,T
4-HA,368,2,0,0,1238,1240,C
4-HA,369,0,0,0,1256,1256,C
4-HA,370,8,0,0,1252,1260,C
4-HA,371,0,1246,0,0,1246,T
4-HA,372,0,1251,0,0,1251,T
4-HA,373,1241,0,2,0,1243,A
4-HA,374,0,3,1273,0,1276,G
4-HA,375,0,2,1277,0,1279,G
4-HA,376,0,1260,0,0,1260,T
4-HA,377,6,0,0,1228,1234,C
4-HA,378,1221,0,0,0,1221,A
4-HA,379,0,0,0,1261,1261,C
4-HA,380,0,1260,0,0,1260,T
4-HA,381,1268,0,0,0,1268,A
4-HA,382,0,0,1262,0,1262,G
4-HA,383,0,1241,0,1,1242,T
4-HA,384,0,1239,0,0,1239,T
4-HA,385,1,0,1247,0,1248,G
4-HA,386,0,0,0,1252,1252,C
4-HA,387,1,0,0,1250,1251,C
4-HA,388,0,1237,0,2,1239,T
4-HA,389,2,0,0,1243,1245,C
4-HA,390,1300,0,0,0,1300,A
4-HA,391,0,1306,0,0,1306,T
4-HA,392,2,0,0,1303,1305,C
4-HA,393,6,2,0,1295,1303,C
4-HA,394,1,6,1289,0,1296,G
4-HA,395,0,0,1307,0,1307,G
4-HA,396,0,0,0,1314,1314,C
4-HA,397,1327,0,0,0,1327,A
4-HA,398,0,0,0,1353,1353,C
4-HA,399,1314,0,0,0,1314,A
4-HA,400,0,0,0,1326,1326,C
4-HA,401,0,1325,0,0,1325,T
4-HA,402,0,3,1346,0,1349,G
4-HA,403,0,3,1366,0,1369,G
4-HA,404,1360,0,2,0,1362,A
4-HA,405,0,0,1403,0,1403,G
4-HA,406,0,1381,0,1,1382,T
4-HA,407,0,1367,0,0,1367,T
4-HA,408,0,1357,0,20,1377,T
4-HA,409,1378,0,1,0,1379,A
4-HA,410,1375,2,0,0,1377,A
4-HA,411,0,0,0,1384,1384,C
4-HA,412,1372,0,0,0,1372,A
4-HA,413,1367,0,3,0,1370,A
4-HA,414,0,1370,0,0,1370,T
4-HA,415,0,5,1361,0,1366,G
4-HA,416,1369,0,0,0,1369,A
4-HA,417,1367,1,0,0,1368,A
4-HA,418,1370,0,0,0,1370,A
4-HA,419,0,0,1380,0,1380,G
4-HA,420,1,0,0,1386,1387,C
4-HA,421,0,1379,0,5,1384,T
4-HA,422,0,1384,0,1,1385,T
4-HA,423,2,0,0,1401,1403,C
4-HA,424,1404,0,1,0,1405,A
4-HA,425,1405,0,1,0,1406,A
4-HA,426,0,1408,0,2,1410,T
4-HA,427,0,1407,0,0,1407,T
4-HA,428,0,2,1450,0,1452,G
4-HA,429,0,4,1468,0,1472,G
4-HA,430,1471,0,1,0,1472,A
4-HA,431,0,0,0,1477,1477,C
4-HA,432,0,1463,0,2,1465,T
4-HA,433,0,4,1469,0,1473,G
4-HA,434,0,3,1477,0,1480,G
4-HA,435,1471,0,1,0,1472,A
4-HA,436,0,0,1485,0,1485,G
4-HA,437,0,1440,0,4,1444,T
4-HA,438,7,0,0,1428,1435,C
4-HA,439,1452,0,3,0,1455,A
4-HA,440,1,0,0,1462,1463,C
4-HA,441,0,1457,0,1,1458,T
4-HA,442,2,0,0,1462,1464,C
4-HA,443,1448,0,0,0,1448,A
4-HA,444,1463,0,0,0,1463,A
4-HA,445,1454,0,0,0,1454,A
4-HA,446,1461,0,1,0,1462,A
4-HA,447,0,4,0,1466,1470,C
4-HA,448,3,2,1456,0,1461,G
4-HA,449,0,5,1480,1,1486,G
4-HA,450,1486,1,1,0,1488,A
4-HA,451,1485,1,0,0,1486,A
4-HA,452,0,0,0,1491,1491,C
4-HA,453,1482,0,0,0,1482,A
4-HA,454,1492,1,1,0,1494,A
4-HA,455,0,0,1510,0,1510,G
4-HA,456,0,0,0,1513,1513,C
4-HA,457,0,1505,1,2,1508,T
4-HA,458,2,0,0,1517,1519,C
4-HA,459,0,1511,0,1,1512,T
4-HA,460,1,0,1517,1,1519,G
4-HA,461,0,0,0,1523,1523,C
4-HA,462,0,1517,0,2,1519,T
4-HA,463,0,1571,0,0,1571,T
4-HA,464,1,0,1605,1,1607,G
4-HA,465,1,0,0,1625,1626,C
4-HA,466,1623,0,0,0,1623,A
4-HA,467,0,1613,0,0,1613,T
4-HA,468,1611,0,0,0,1611,A
4-HA,469,1595,0,1,0,1596,A
4-HA,470,0,9,1581,0,1590,G
4-HA,471,0,4,1583,1,1588,G
4-HA,472,1536,0,1,0,1537,A
4-HA,473,0,2,1526,0,1528,G
4-HA,474,1507,0,1,1,1509,A
4-HA,475,0,1555,0,0,1555,T
4-HA,476,2,0,0,1563,1565,C
4-HA,477,0,1565,0,0,1565,T
4-HA,478,1565,0,0,0,1565,A
4-HA,479,1562,0,0,0,1562,A
4-HA,480,1550,0,0,1,1551,A
4-HA,481,1550,1,0,0,1551,A
4-HA,482,1556,0,2,0,1558,A
4-HA,483,0,0,0,1564,1564,C
4-HA,484,1519,0,1,0,1520,A
4-HA,485,0,0,1539,0,1539,G
4-HA,486,0,1530,1,0,1531,T
4-HA,487,0,1564,0,0,1564,T
4-HA,488,0,1560,0,0,1560,T
4-HA,489,4,0,0,1597,1601,C
4-HA,490,0,1599,0,1,1600,T
4-HA,491,0,1607,0,1,1608,T
4-HA,492,0,1608,0,1,1609,T
4-HA,493,1601,1,0,0,1602,A
4-HA,494,1,0,1606,0,1607,G
4-HA,495,0,1595,0,1,1596,T
4-HA,496,1602,0,2,0,1604,A
4-HA,497,0,2,1611,0,1613,G
4-HA,498,1587,0,1,0,1588,A
4-HA,499,0,1593,0,0,1593,T
4-HA,500,0,1579,0,1,1580,T
4-HA,501,0,4,1615,0,1619,G
4-HA,502,1618,0,0,0,1618,A
4-HA,503,1618,1,1,0,1620,A
4-HA,504,0,1619,0,0,1619,T
4-HA,505,0,1602,0,0,1602,T
4-HA,506,0,5,1618,0,1623,G
4-HA,507,0,0,1621,0,1621,G
4-HA,508,0,1619,0,0,1619,T
4-HA,509,0,1616,0,1,1617,T
4-HA,510,0,13,1591,0,1604,G
4-HA,511,1605,0,5,0,1610,A
4-HA,512,0,0,0,1612,1612,C
4-HA,513,4,0,0,1604,1608,C
4-HA,514,10,1,0,1617,1628,C
4-HA,515,1624,0,2,1,1627,A
4-HA,516,0,0,0,1642,1642,C
4-HA,517,0,1633,0,2,1635,T
4-HA,518,0,1633,0,0,1633,T
4-HA,519,1637,1,0,0,1638,A
4-HA,520,1625,1,0,0,1626,A
4-HA,521,1624,1,1,0,1626,A
4-HA,522,1,0,0,1585,1586,C
4-HA,523,0,1632,0,2,1634,T
4-HA,524,0,1634,0,1,1635,T
4-HA,525,5,0,0,1647,1652,C
4-HA,526,1658,0,0,0,1658,A
4-HA,527,1658,0,0,0,1658,A
4-HA,528,1658,1,0,0,1659,A
4-HA,529,0,1658,0,1,1659,T
4-HA,530,1689,0,3,0,1692,A
4-HA,531,0,0,0,1701,1701,C
4-HA,532,5,0,0,1647,1652,C
4-HA,533,10,0,0,1648,1658,C
4-HA,534,1651,0,1,0,1652,A
4-HA,535,1,1,1743,0,1745,G
4-HA,536,0,0,0,1749,1749,C
4-HA,537,1750,0,0,0,1750,A
4-HA,538,0,1747,0,0,1747,T
4-HA,539,0,1716,0,0,1716,T
4-HA,540,0,11,1769,0,1780,G
4-HA,541,1787,1,2,0,1790,A
4-HA,542,1792,0,1,0,1793,A
4-HA,543,1,0,0,1792,1793,C
4-HA,544,3,0,1739,0,1742,G
4-HA,545,0,1749,0,3,1752,T
4-HA,546,0,9,1752,0,1761,G
4-HA,547,1765,0,0,0,1765,A
4-HA,548,1,0,0,1769,1770,C
4-HA,549,1,1714,0,2,1717,T
4-HA,550,1766,0,0,0,1766,A
4-HA,551,0,1759,0,0,1759,T
4-HA,552,0,0,1778,0,1778,G
4-HA,553,0,1,0,1764,1765,C
4-HA,554,6,0,0,1732,1738,C
4-HA,555,1733,0,0,1,1734,A
4-HA,556,1734,0,0,0,1734,A
4-HA,557,1764,1,0,0,1765,A
4-HA,558,1,0,0,1775,1776,C
4-HA,559,1723,0,1,0,1724,A
4-HA,560,1731,1,2,0,1734,A
4-HA,561,1,1701,0,0,1702,T
4-HA,562,0,14,1691,0,1705,G
4-HA,563,1700,1,4,0,1705,A
4-HA,564,1704,0,1,0,1705,A
4-HA,565,0,1,0,1663,1664,C
4-HA,566,1677,0,0,0,1677,A
4-HA,567,1685,0,1,0,1686,A
4-HA,568,0,1691,0,0,1691,T
4-HA,569,0,1691,0,1,1692,T
4-HA,570,0,1694,0,0,1694,T
4-HA,571,0,11,1677,0,1688,G
4-HA,572,1690,0,0,0,1690,A
4-HA,573,0,0,0,1689,1689,C
4-HA,574,1690,0,0,0,1690,A
4-HA,575,1684,0,0,0,1684,A
4-HA,576,1698,0,1,0,1699,A
4-HA,577,0,1713,0,0,1713,T
4-HA,578,0,1700,0,0,1700,T
4-HA,579,2,0,1713,0,1715,G
4-HA,580,0,1708,0,6,1714,T
4-HA,581,1718,0,2,0,1720,A
4-HA,582,0,1,0,1753,1754,C
4-HA,583,1752,0,0,0,1752,A
4-HA,584,0,1778,0,1,1779,T
4-HA,585,0,1747,1,1,1749,T
4-HA,586,0,1748,0,1,1749,T
4-HA,587,0,12,1730,0,1742,G
4-HA,588,0,4,1737,0,1741,G
4-HA,589,0,7,1729,0,1736,G
4-HA,590,1,11,1732,1,1745,G
4-HA,591,0,5,1720,0,1725,G
4-HA,592,0,0,1764,0,1764,G
4-HA,593,0,1754,0,1,1755,T
4-HA,594,0,1753,0,0,1753,T
4-HA,595,5,0,0,1757,1762,C
4-HA,596,1762,0,1,0,1763,A
4-HA,597,0,0,0,1770,1770,C
4-HA,598,1,1,0,1765,1767,C
4-HA,599,1764,0,1,0,1765,A
4-HA,600,0,0,0,1784,1784,C
4-HA,601,2,0,0,1755,1757,C
4-HA,602,14,3,0,1719,1736,C
4-HA,603,1,12,1735,0,1748,G
4-HA,604,0,4,1782,0,1786,G
4-HA,605,0,0,1800,1,1801,G
4-HA,606,0,1779,0,0,1779,T
4-HA,607,1783,0,0,0,1783,A
4-HA,608,1,3,0,1767,1771,C
4-HA,609,0,3,1750,0,1753,G
4-HA,610,1,4,1775,0,1780,G
4-HA,611,1780,1,0,0,1781,A
4-HA,612,0,0,0,1778,1778,C
4-HA,613,1710,0,0,0,1710,A
4-HA,614,1702,0,0,0,1702,A
4-HA,615,1706,0,0,0,1706,A
4-HA,616,0,9,1723,0,1732,G
4-HA,617,1727,0,3,0,1730,A
4-HA,618,0,0,0,1733,1733,C
4-HA,619,6,0,0,1703,1709,C
4-HA,620,1711,0,1,0,1712,A
4-HA,621,1711,0,0,0,1711,A
4-HA,622,1739,0,0,0,1739,A
4-HA,623,0,1735,0,0,1735,T
4-HA,624,2,0,0,1747,1749,C
4-HA,625,0,1674,0,3,1677,T
4-HA,626,0,1664,0,0,1664,T
4-HA,627,3,0,0,1675,1678,C
4-HA,628,2,0,0,1682,1684,C
4-HA,629,0,1667,0,1,1668,T
4-HA,630,0,0,1688,0,1688,G
4-HA,631,0,1659,0,0,1659,T
4-HA,632,1679,0,0,0,1679,A
4-HA,633,0,1662,0,0,1662,T
4-HA,634,0,2,1675,0,1677,G
4-HA,635,1,0,0,1681,1682,C
4-HA,636,1,1661,0,0,1662,T
4-HA,637,5,2,0,1648,1655,C
4-HA,638,1652,0,2,0,1654,A
4-HA,639,1654,0,1,0,1655,A
4-HA,640,0,1,1658,0,1659,G
4-HA,641,0,0,0,1658,1658,C
4-HA,642,1658,0,1,0,1659,A
4-HA,643,0,1634,0,0,1634,T
4-HA,644,3,1,0,1629,1633,C
4-HA,645,1629,0,2,0,1631,A
4-HA,646,0,2,1652,0,1654,G
4-HA,647,1,4,1655,0,1660,G
4-HA,648,1665,0,1,0,1666,A
4-HA,649,1646,0,1,0,1647,A
4-HA,650,0,0,1688,0,1688,G
4-HA,651,1696,1,2,0,1699,A
4-HA,652,1722,0,1,0,1723,A
4-HA,653,0,1737,0,0,1737,T
4-HA,654,8,0,0,1728,1736,C
4-HA,655,1728,0,0,0,1728,A
4-HA,656,0,0,0,1735,1735,C
4-HA,657,1729,0,1,0,1730,A
4-HA,658,0,0,1769,0,1769,G
4-HA,659,1,1744,0,1,1746,T
4-HA,660,11,0,0,1741,1752,C
4-HA,661,0,1718,0,1,1719,T
4-HA,662,2,0,0,1773,1775,C
4-HA,663,0,1780,0,0,1780,T
4-HA,664,1787,0,0,0,1787,A
4-HA,665,1,0,0,1785,1786,C
4-HA,666,4,1,0,1781,1786,C
4-HA,667,1748,0,0,0,1748,A
4-HA,668,1750,0,0,0,1750,A
4-HA,669,1740,0,2,0,1742,A
4-HA,670,1745,0,0,0,1745,A
4-HA,671,0,2,1738,0,1740,G
4-HA,672,1695,0,0,0,1695,A
4-HA,673,1694,0,0,0,1694,A
4-HA,674,2,1,1701,0,1704,G
4-HA,675,0,0,0,1701,1701,C
4-HA,676,7,0,0,1688,1695,C
4-HA,677,1710,0,0,1,1711,A
4-HA,678,1709,7,1,0,1717,A
4-HA,679,0,1,0,1714,1715,C
4-HA,680,1714,0,0,0,1714,A
4-HA,681,1708,0,0,4,1712,A
4-HA,682,1721,0,0,1,1722,A
4-HA,683,1,0,0,1773,1774,C
4-HA,684,0,1770,0,0,1770,T
4-HA,685,0,0,1776,1,1777,G
4-HA,686,0,1769,0,2,1771,T
4-HA,687,1769,0,0,0,1769,A
4-HA,688,1768,0,0,0,1768,A
4-HA,689,0,1764,0,0,1764,T
4-HA,690,2,1,0,1772,1775,C
4-HA,691,7,0,0,1767,1774,C
4-HA,692,6,2,0,1717,1725,C
4-HA,693,1,5,1728,0,1734,G
4-HA,694,1723,0,3,0,1726,A
4-HA,695,1732,0,0,0,1732,A
4-HA,696,0,1737,0,0,1737,T
4-HA,697,1740,0,0,0,1740,A
4-HA,698,1,1731,0,0,1732,T
4-HA,699,5,1,0,1713,1719,C
4-HA,700,0,1,1712,0,1713,G
4-HA,701,0,0,1748,0,1748,G
4-HA,702,1760,0,1,0,1761,A
4-HA,703,0,1779,0,2,1781,T
4-HA,704,4,0,0,1772,1776,C
4-HA,705,0,1764,0,0,1764,T
4-HA,706,1765,0,3,0,1768,A
4-HA,707,0,14,1764,0,1778,G
4-HA,708,1793,0,0,0,1793,A
4-HA,709,0,1,1,1782,1784,C
4-HA,710,5,0,0,1726,1731,C
4-HA,711,11,0,0,1725,1736,C
4-HA,712,1708,0,2,0,1710,A
4-HA,713,1,2,1820,0,1823,G
4-HA,714,1824,1,0,0,1825,A
4-HA,715,0,0,1852,0,1852,G
4-HA,716,0,1832,0,0,1832,T
4-HA,717,1823,0,0,0,1823,A
4-HA,718,1817,0,3,0,1820,A
4-HA,719,0,3,1857,0,1860,G
4-HA,720,1,2,1872,0,1875,G
4-HA,721,1852,0,2,0,1854,A
4-HA,722,1712,0,0,0,1712,A
4-HA,723,0,1697,0,2,1699,T
4-HA,724,1723,0,1,0,1724,A
4-HA,725,0,1722,0,4,1726,T
4-HA,726,4,0,0,1739,1743,C
4-HA,727,5,0,0,1732,1737,C
4-HA,728,11,0,0,1698,1709,C
4-HA,729,0,1687,0,1,1688,T
4-HA,730,1692,0,2,0,1694,A
4-HA,731,0,0,1696,0,1696,G
4-HA,732,0,1,0,1699,1700,C
4-HA,733,1670,0,0,0,1670,A
4-HA,734,0,7,1710,0,1717,G
4-HA,735,1683,0,1,0,1684,A
4-HA,736,1693,0,0,0,1693,A
4-HA,737,0,1700,0,0,1700,T
4-HA,738,1691,0,2,0,1693,A
4-HA,739,1709,0,1,0,1710,A
4-HA,740,0,1,1707,0,1708,G
4-HA,741,36,0,0,1678,1714,C
4-HA,742,1705,0,0,0,1705,A
4-HA,743,1,1670,0,3,1674,T
4-HA,744,1,0,0,1795,1796,C
4-HA,745,0,1792,0,0,1792,T
4-HA,746,1802,0,0,0,1802,A
4-HA,747,1,1802,0,0,1803,T
4-HA,748,0,1787,0,0,1787,T
4-HA,749,0,7,1801,0,1808,G
4-HA,750,0,6,1790,0,1796,G
4-HA,751,1792,1,1,0,1794,A
4-HA,752,0,0,0,1794,1794,C
4-HA,753,1635,0,0,0,1635,A
4-HA,754,1672,0,0,0,1672,A
4-HA,755,0,1760,0,0,1760,T
4-HA,756,1804,0,2,0,1806,A
4-HA,757,0,0,1849,0,1849,G
4-HA,758,0,1827,0,1,1828,T
4-HA,759,1838,0,0,0,1838,A
4-HA,760,1845,0,0,0,1845,A
4-HA,761,1907,1,1,0,1909,A
4-HA,762,1938,0,1,0,1939,A
4-HA,763,0,0,0,1986,1986,C
4-HA,764,2,3,0,1904,1909,C
4-HA,765,5,12,1894,1,1912,G
4-HA,766,0,3,1949,0,1952,G
4-HA,767,0,3,1997,1,2001,G
4-HA,768,2003,0,0,1,2004,A
4-HA,769,0,5,2023,0,2028,G
4-HA,770,2065,0,5,0,2070,A
4-HA,771,0,0,0,2070,2070,C
4-HA,772,2061,0,3,5,2069,A
4-HA,773,0,2075,0,4,2079,T
4-HA,774,2092,0,2,1,2095,A
4-HA,775,0,0,0,2170,2170,C
4-HA,776,0,2160,0,2,2162,T
4-HA,777,1,2191,0,0,2192,T
4-HA,778,0,2207,0,0,2207,T
4-HA,779,1,2204,0,0,2205,T
4-HA,780,0,9,2247,0,2256,G
4-HA,781,2266,0,2,0,2268,A
4-HA,782,0,2262,1,2,2265,T
4-HA,783,1,2370,0,1,2372,T
4-HA,784,2361,0,0,0,2361,A
4-HA,785,2367,0,1,0,2368,A
4-HA,786,0,1,0,2428,2429,C
4-HA,787,2424,0,1,0,2425,A
4-HA,788,0,0,2571,0,2571,G
4-HA,789,0,4,0,2559,2563,C
4-HA,790,2552,0,11,0,2563,A
4-HA,791,1,2,0,2599,2602,C
4-HA,792,2574,0,3,0,2577,A
4-HA,793,0,15,2621,0,2636,G
4-HA,794,1,8,2615,0,2624,G
4-HA,795,0,11,2765,1,2777,G
4-HA,796,2747,1,3,0,2751,A
4-HA,797,2781,0,4,0,2785,A
4-HA,798,1,2780,0,0,2781,T
4-HA,799,5,0,0,2787,2792,C
4-HA,800,1,2817,0,1,2819,T
4-HA,801,2838,0,0,0,2838,A
4-HA,802,2833,0,0,0,2833,A
4-HA,803,0,2831,0,1,2832,T
4-HA,804,0,2764,0,1,2765,T
4-HA,805,1,0,2818,0,2819,G
4-HA,806,0,0,0,2959,2959,C
4-HA,807,1,3071,0,6,3078,T
4-HA,808,23,1,0,3182,3206,C
4-HA,809,3,1,0,3214,3218,C
4-HA,810,0,3208,0,1,3209,T
4-HA,811,3218,0,0,0,3218,A
4-HA,812,0,25,3201,0,3226,G
4-HA,813,1,29,3221,0,3251,G
4-HA,814,7,4,3238,0,3249,G
4-HA,815,1,0,3211,0,3212,G
4-HA,816,0,3138,0,6,3144,T
4-HA,817,0,3125,0,1,3126,T
4-HA,818,3127,0,0,0,3127,A
4-HA,819,0,0,1,3194,3195,C
4-HA,820,1,3188,0,3,3192,T
4-HA,821,2,3220,0,0,3222,T
4-HA,822,10,0,1,3201,3212,C
4-HA,823,3198,0,0,1,3199,A
4-HA,824,3199,0,2,0,3201,A
4-HA,825,3217,0,0,0,3217,A
4-HA,826,3241,0,0,0,3241,A
4-HA,827,0,3238,0,0,3238,T
4-HA,828,3210,0,0,0,3210,A
4-HA,829,0,1,0,3213,3214,C
4-HA,830,0,4,3205,0,3209,G
4-HA,831,3200,1,1,0,3202,A
4-HA,832,3213,0,0,0,3213,A
4-HA,833,0,1,3267,0,3268,G
4-HA,834,0,3252,0,1,3253,T
4-HA,835,1,10,3279,0,3290,G
4-HA,836,0,11,3284,0,3295,G
4-HA,837,0,6,3299,0,3305,G
4-HA,838,3301,0,1,0,3302,A
4-HA,839,3306,0,0,1,3307,A
4-HA,840,3313,0,0,0,3313,A
4-HA,841,3312,0,0,0,3312,A
4-HA,842,0,1,3405,0,3406,G
4-HA,843,0,0,0,3408,3408,C
4-HA,844,0,3394,1,3,3398,T
4-HA,845,19,0,0,3439,3458,C
4-HA,846,3467,0,1,1,3469,A
4-HA,847,3524,0,0,1,3525,A
4-HA,848,0,3532,0,0,3532,T
4-HA,849,3592,0,0,0,3592,A
4-HA,850,3590,0,1,1,3592,A
4-HA,851,0,3498,0,22,3520,T
4-HA,852,1,20,3517,0,3538,G
4-HA,853,3503,0,3,2,3508,A
4-HA,854,0,13,3683,0,3696,G
4-HA,855,3689,1,1,0,3691,A
4-HA,856,0,3666,0,2,3668,T
4-HA,857,18,1,1,3739,3759,C
4-HA,858,3738,0,1,0,3739,A
4-HA,859,0,7,3823,0,3830,G
4-HA,860,3842,0,3,0,3845,A
4-HA,861,1,3836,0,1,3838,T
4-HA,862,1,2,3821,1,3825,G
4-HA,863,0,3,0,3776,3779,C
4-HA,864,3780,0,4,0,3784,A
4-HA,865,0,0,0,3909,3909,C
4-HA,866,15,1,0,3849,3865,C
4-HA,867,22,0,1,3856,3879,C
4-HA,868,3812,0,0,0,3812,A
4-HA,869,0,3809,0,1,3810,T
4-HA,870,1,3799,0,4,3804,T
4-HA,871,3,15,3846,0,3864,G
4-HA,872,0,2,3853,0,3855,G
4-HA,873,3,0,0,3856,3859,C
4-HA,874,3801,0,1,0,3802,A
4-HA,875,3785,0,3,0,3788,A
4-HA,876,3892,1,0,0,3893,A
4-HA,877,0,3900,0,0,3900,T
4-HA,878,0,0,3906,0,3906,G
4-HA,879,2,0,0,3903,3905,C
4-HA,880,3861,0,0,1,3862,A
4-HA,881,4001,0,2,0,4003,A
4-HA,882,0,4009,0,0,4009,T
4-HA,883,0,4038,0,2,4040,T
4-HA,884,13,0,0,4042,4055,C
4-HA,885,0,3987,1,1,3989,T
4-HA,886,0,12,4036,0,4048,G
4-HA,887,4026,0,2,0,4028,A
4-HA,888,4061,0,0,0,4061,A
4-HA,889,0,4057,0,2,4059,T
4-HA,890,1,2,4012,0,4015,G
4-HA,891,1,2,0,4045,4048,C
4-HA,892,4031,0,1,0,4032,A
4-HA,893,0,4030,0,3,4033,T
4-HA,894,11,3,0,4019,4033,C
4-HA,895,4038,0,1,0,4039,A
4-HA,896,0,0,0,4239,4239,C
4-HA,897,0,4201,0,3,4204,T
4-HA,898,11,2,0,4214,4227,C
4-HA,899,7,0,0,4216,4223,C
4-HA,900,4246,1,2,0,4249,A
4-HA,901,4242,0,1,0,4243,A
4-HA,902,4245,0,1,2,4248,A
4-HA,903,0,4063,1,2,4066,T
4-HA,904,1,11,4092,0,4104,G
4-HA,905,0,7,4107,0,4114,G
4-HA,906,4107,0,2,0,4109,A
4-HA,907,4091,0,5,0,4096,A
4-HA,908,0,0,4112,0,4112,G
4-HA,909,4,2,0,4079,4085,C
4-HA,910,4073,1,0,1,4075,A
4-HA,911,0,4082,0,3,4085,T
4-HA,912,1,4078,0,1,4080,T
4-HA,913,10,1,0,4238,4249,C
4-HA,914,8,3,0,4209,4220,C
4-HA,915,19,1,0,4227,4247,C
4-HA,916,4236,1,1,0,4238,A
4-HA,917,4329,0,3,0,4332,A
4-HA,918,0,4393,0,2,4395,T
4-HA,919,0,23,4383,0,4406,G
4-HA,920,4388,1,4,0,4393,A
4-HA,921,2,1,0,4398,4401,C
4-HA,922,4273,0,0,0,4273,A
4-HA,923,4290,0,1,0,4291,A
4-HA,924,4284,0,5,0,4289,A
4-HA,925,0,0,0,4334,4334,C
4-HA,926,14,1,0,4267,4282,C
4-HA,927,4233,0,1,0,4234,A
4-HA,928,0,4234,0,4,4238,T
4-HA,929,0,4234,0,1,4235,T
4-HA,930,12,1,0,4239,4252,C
4-HA,931,10,0,0,4242,4252,C
4-HA,932,4249,0,2,0,4251,A
4-HA,933,4249,0,0,0,4249,A
4-HA,934,4249,0,2,0,4251,A
4-HA,935,4337,0,1,0,4338,A
4-HA,936,0,4315,0,0,4315,T
4-HA,937,0,0,4335,0,4335,G
4-HA,938,0,4324,0,0,4324,T
4-HA,939,4343,1,9,0,4353,A
4-HA,940,4345,2,3,0,4350,A
4-HA,941,4351,0,0,0,4351,A
4-HA,942,0,1,0,4374,4375,C
4-HA,943,4311,0,3,0,4314,A
4-HA,944,0,12,4381,0,4393,G
4-HA,945,1,16,4392,0,4409,G
4-HA,946,4479,1,4,0,4484,A
4-HA,947,0,4495,0,2,4497,T
4-HA,948,16,0,0,4509,4525,C
4-HA,949,4550,0,4,0,4554,A
4-HA,950,0,0,0,4730,4730,C
4-HA,951,4726,0,0,0,4726,A
4-HA,952,0,4896,0,0,4896,T
4-HA,953,4758,0,8,0,4766,A
4-HA,954,0,10,0,4723,4733,C
4-HA,955,2,25,4595,0,4622,G
4-HA,956,2,8,4631,0,4641,G
4-HA,957,2,12,4584,0,4598,G
4-HA,958,2,2,4630,1,4635,G
4-HA,959,5,0,0,4546,4551,C
4-HA,960,7,2,0,4548,4557,C
4-HA,961,0,4438,0,4,4442,T
4-HA,962,0,0,4865,0,4865,G
4-HA,963,0,4822,0,36,4858,T
4-HA,964,11,0,0,4877,4888,C
4-HA,965,11,0,0,4877,4888,C
4-HA,966,26,0,0,4864,4890,C
4-HA,967,4887,0,4,0,4891,A
4-HA,968,0,4,4937,0,4941,G
4-HA,969,4922,0,1,0,4923,A
4-HA,970,0,4916,0,1,4917,T
4-HA,971,4578,0,0,0,4578,A
4-HA,972,0,4508,0,0,4508,T
4-HA,973,0,0,4518,0,4518,G
4-HA,974,0,4510,0,2,4512,T
4-HA,975,0,4449,0,2,4451,T
4-HA,976,4511,0,0,1,4512,A
4-HA,977,4463,0,3,0,4466,A
4-HA,978,42,3,4495,0,4540,G
4-HA,979,2,2,0,4523,4527,C
4-HA,980,4459,0,0,1,4460,A
4-HA,981,4464,0,1,0,4465,A
4-HA,982,4433,0,3,0,4436,A
4-HA,983,4451,1,4,0,4456,A
4-HA,984,2,1,0,4458,4461,C
4-HA,985,4398,0,0,0,4398,A
4-HA,986,0,0,0,4450,4450,C
4-HA,987,2,4313,0,53,4368,T
4-HA,988,17,1,1,4374,4393,C
4-HA,989,0,4400,0,3,4403,T
4-HA,990,4,17,4406,0,4427,G
4-HA,991,4424,0,0,0,4424,A
4-HA,992,4398,0,2,0,4400,A
4-HA,993,4411,0,1,0,4412,A
4-HA,994,0,4372,0,0,4372,T
4-HA,995,0,4313,0,1,4314,T
4-HA,996,0,14,4333,0,4347,G
4-HA,997,4,2,4323,0,4329,G
4-HA,998,2,1,0,4360,4363,C
4-HA,999,4326,0,2,0,4328,A
4-HA,1000,4332,0,1,0,4333,A
4-HA,1001,0,1,0,4344,4345,C
4-HA,1002,4331,0,2,0,4333,A
4-HA,1003,0,21,4374,0,4395,G
4-HA,1004,3,14,4344,0,4361,G
4-HA,1005,0,4,4346,0,4350,G
4-HA,1006,4349,1,4,0,4354,A
4-HA,1007,0,4335,0,1,4336,T
4-HA,1008,1,0,4340,1,4342,G
4-HA,1009,6,3,0,4338,4347,C
4-HA,1010,2,7,4338,0,4347,G
4-HA,1011,4397,1,1,0,4399,A
4-HA,1012,4329,1,0,0,4330,A
4-HA,1013,4380,0,1,0,4381,A
4-HA,1014,0,4320,0,2,4322,T
4-HA,1015,1,1,4398,0,4400,G
4-HA,1016,0,4388,2,2,4392,T
4-HA,1017,4384,1,1,0,4386,A
4-HA,1018,1,2,0,4383,4386,C
4-HA,1019,18,0,0,4344,4362,C
4-HA,1020,4297,0,0,0,4297,A
4-HA,1021,0,13,4297,0,4310,G
4-HA,1022,4198,0,1,0,4199,A
4-HA,1023,0,5,4238,0,4243,G
4-HA,1024,4171,0,2,0,4173,A
4-HA,1025,4160,0,1,0,4161,A
4-HA,1026,4168,0,9,0,4177,A
4-HA,1027,0,1,0,4179,4180,C
4-HA,1028,4165,0,1,0,4166,A
4-HA,1029,4238,0,2,0,4240,A
4-HA,1030,4218,0,6,1,4225,A
4-HA,1031,0,1,0,4270,4271,C
4-HA,1032,0,4236,0,1,4237,T
4-HA,1033,4206,0,1,0,4207,A
4-HA,1034,0,11,4203,0,4214,G
4-HA,1035,4176,2,6,0,4184,A
4-HA,1036,1,10,4262,0,4273,G
4-HA,1037,0,0,4254,0,4254,G
4-HA,1038,3,1,0,4194,4198,C
4-HA,1039,4194,0,2,0,4196,A
4-HA,1040,0,4211,0,0,4211,T
4-HA,1041,4250,0,0,0,4250,A
4-HA,1042,0,4251,0,0,4251,T
4-HA,1043,0,4226,0,1,4227,T
4-HA,1044,1,4240,0,1,4242,T
4-HA,1045,3,15,4094,0,4112,G
4-HA,1046,1,2,4111,0,4114,G
4-HA,1047,1,2,0,4083,4086,C
4-HA,1048,3,0,4099,0,4102,G
4-HA,1049,0,0,0,4072,4072,C
4-HA,1050,4049,0,1,0,4050,A
4-HA,1051,4076,2,1,0,4079,A
4-HA,1052,1,4064,0,1,4066,T
4-HA,1053,16,2,0,4069,4087,C
4-HA,1054,1,1,4089,0,4091,G
4-HA,1055,3,1,0,4058,4062,C
4-HA,1056,3,21,4057,0,4081,G
4-HA,1057,1,2,4098,0,4101,G
4-HA,1058,1,0,4136,0,4137,G
4-HA,1059,1,4112,0,0,4113,T
4-HA,1060,0,4062,0,0,4062,T
4-HA,1061,0,4073,0,2,4075,T
4-HA,1062,14,2,0,4067,4083,C
4-HA,1063,4088,0,3,0,4091,A
4-HA,1064,1,4091,0,0,4092,T
4-HA,1065,4086,0,2,0,4088,A
4-HA,1066,0,4,4118,0,4122,G
4-HA,1067,4051,0,0,0,4051,A
4-HA,1068,4053,1,2,2,4058,A
4-HA,1069,4044,0,0,1,4045,A
4-HA,1070,4047,0,1,0,4048,A
4-HA,1071,0,4055,0,0,4055,T
4-HA,1072,0,9,4094,0,4103,G
4-HA,1073,1,1,4121,0,4123,G
4-HA,1074,0,4094,0,0,4094,T
4-HA,1075,0,4035,0,3,4038,T
4-HA,1076,1,25,4018,0,4044,G
4-HA,1077,0,10,4057,0,4067,G
4-HA,1078,0,9,4079,1,4089,G
4-HA,1079,4037,0,1,0,4038,A
4-HA,1080,0,19,4061,0,4080,G
4-HA,1081,2,11,4021,0,4034,G
4-HA,1082,1,7,4104,0,4112,G
4-HA,1083,4091,0,4,0,4095,A
4-HA,1084,4136,2,2,0,4140,A
4-HA,1085,1,4130,1,0,4132,T
4-HA,1086,0,17,4104,0,4121,G
4-HA,1087,1,1,4219,0,4221,G
4-HA,1088,0,4155,0,1,4156,T
4-HA,1089,2,10,4140,0,4152,G
4-HA,1090,0,5,4129,0,4134,G
4-HA,1091,4032,0,7,0,4039,A
4-HA,1092,0,4056,0,0,4056,T
4-HA,1093,0,20,4097,0,4117,G
4-HA,1094,0,0,4171,0,4171,G
4-HA,1095,0,4112,0,0,4112,T
4-HA,1096,1,3987,1,1,3990,T
4-HA,1097,0,13,4000,1,4014,G
4-HA,1098,0,0,4074,0,4074,G
4-HA,1099,0,4052,0,2,4054,T
4-HA,1100,4060,0,1,0,4061,A
4-HA,1101,1,4,0,3836,3841,C
4-HA,1102,1,9,3860,0,3870,G
4-HA,1103,2,1,4009,0,4012,G
4-HA,1104,1,4001,0,8,4010,T
4-HA,1105,0,4009,0,1,4010,T
4-HA,1106,0,3998,0,1,3999,T
4-HA,1107,12,2,0,3915,3929,C
4-HA,1108,3917,0,12,0,3929,A
4-HA,1109,1,5,3925,0,3931,G
4-HA,1110,0,1,3909,0,3910,G
4-HA,1111,2,1,0,3898,3901,C
4-HA,1112,3745,2,1,0,3748,A
4-HA,1113,2,3778,0,10,3790,T
4-HA,1114,6,0,0,3795,3801,C
4-HA,1115,3813,0,0,0,3813,A
4-HA,1116,3806,0,0,0,3806,A
4-HA,1117,3813,0,1,0,3814,A
4-HA,1118,3832,0,1,0,3833,A
4-HA,1119,0,3824,0,0,3824,T
4-HA,1120,0,3822,0,0,3822,T
4-HA,1121,5,0,0,3823,3828,C
4-HA,1122,0,3800,0,1,3801,T
4-HA,1123,0,5,3806,0,3811,G
4-HA,1124,3787,4,2,0,3793,A
4-HA,1125,1,28,3799,0,3828,G
4-HA,1126,1,12,3817,0,3830,G
4-HA,1127,1,11,3845,0,3857,G
4-HA,1128,3840,0,2,0,3842,A
4-HA,1129,3836,0,5,0,3841,A
4-HA,1130,0,14,3810,0,3824,G
4-HA,1131,3871,0,4,0,3875,A
4-HA,1132,1,11,3899,1,3912,G
4-HA,1133,0,14,3910,0,3924,G
4-HA,1134,3900,0,1,1,3902,A
4-HA,1135,0,1,0,3906,3907,C
4-HA,1136,3866,0,3,0,3869,A
4-HA,1137,3871,0,4,1,3876,A
4-HA,1138,2,0,3877,0,3879,G
4-HA,1139,1,3,0,3883,3887,C
4-HA,1140,3837,0,3,0,3840,A
4-HA,1141,1,0,3832,0,3833,G
4-HA,1142,1,1,0,3805,3807,C
4-HA,1143,3811,0,1,0,3812,A
4-HA,1144,0,5,3862,0,3867,G
4-HA,1145,3819,0,1,0,3820,A
4-HA,1146,0,3920,0,2,3922,T
4-HA,1147,7,0,0,3940,3947,C
4-HA,1148,0,3899,0,3,3902,T
4-HA,1149,16,0,1,3939,3956,C
4-HA,1150,3953,0,0,0,3953,A
4-HA,1151,3954,0,0,0,3954,A
4-HA,1152,3958,0,0,0,3958,A
4-HA,1153,3863,1,3,0,3867,A
4-HA,1154,2,1,3880,0,3883,G
4-HA,1155,2,1,0,3799,3802,C
4-HA,1156,3775,0,2,0,3777,A
4-HA,1157,0,1,0,3855,3856,C
4-HA,1158,0,3815,0,7,3822,T
4-HA,1159,15,1,1,3818,3835,C
4-HA,1160,3844,0,1,0,3845,A
4-HA,1161,3907,0,6,0,3913,A
4-HA,1162,0,2,3909,0,3911,G
4-HA,1163,2,2,0,3899,3903,C
4-HA,1164,3849,1,2,0,3852,A
4-HA,1165,4,1,3868,0,3873,G
4-HA,1166,0,0,0,3813,3813,C
4-HA,1167,3804,1,1,0,3806,A
4-HA,1168,3790,0,1,0,3791,A
4-HA,1169,0,3771,0,1,3772,T
4-HA,1170,6,4,0,3699,3709,C
4-HA,1171,1,23,3701,0,3725,G
4-HA,1172,3711,1,0,0,3712,A
4-HA,1173,0,3700,0,3,3703,T
4-HA,1174,23,1,0,3659,3683,C
4-HA,1175,3670,0,0,1,3671,A
4-HA,1176,3751,0,3,0,3754,A
4-HA,1177,3752,0,0,0,3752,A
4-HA,1178,1,3749,0,0,3750,T
4-HA,1179,12,0,0,3752,3764,C
4-HA,1180,3696,0,0,1,3697,A
4-HA,1181,3736,0,1,0,3737,A
4-HA,1182,0,3744,0,1,3745,T
4-HA,1183,1,28,3725,0,3754,G
4-HA,1184,0,6,3731,0,3737,G
4-HA,1185,0,6,3668,0,3674,G
4-HA,1186,3674,0,0,0,3674,A
4-HA,1187,3680,0,3,0,3683,A
4-HA,1188,0,1,3747,0,3748,G
4-HA,1189,0,3,0,3733,3736,C
4-HA,1190,0,3711,1,3,3715,T
4-HA,1191,0,5,3869,0,3874,G
4-HA,1192,3873,0,2,0,3875,A
4-HA,1193,3875,0,1,0,3876,A
4-HA,1194,0,3876,0,0,3876,T
4-HA,1195,3804,1,0,0,3805,A
4-HA,1196,0,9,3782,0,3791,G
4-HA,1197,3505,0,11,0,3516,A
4-HA,1198,0,3530,0,0,3530,T
4-HA,1199,0,3540,0,0,3540,T
4-HA,1200,0,10,3549,1,3560,G
4-HA,1201,3542,0,0,1,3543,A
4-HA,1202,0,3524,0,1,3525,T
4-HA,1203,15,2,0,3515,3532,C
4-HA,1204,4,18,3519,0,3541,G
4-HA,1205,1,9,3528,0,3538,G
4-HA,1206,0,2,3539,0,3541,G
4-HA,1207,3538,1,0,0,3539,A
4-HA,1208,3542,0,0,0,3542,A
4-HA,1209,3530,0,1,1,3532,A
4-HA,1210,3528,1,3,0,3532,A
4-HA,1211,0,0,0,3529,3529,C
4-HA,1212,15,0,0,3514,3529,C
4-HA,1213,3515,0,0,0,3515,A
4-HA,1214,3507,0,0,0,3507,A
4-HA,1215,0,2,0,3529,3531,C
4-HA,1216,0,11,3531,0,3542,G
4-HA,1217,3535,0,1,0,3536,A
4-HA,1218,1,3,3524,0,3528,G
4-HA,1219,3507,0,0,1,3508,A
4-HA,1220,3504,0,1,0,3505,A
4-HA,1221,3499,0,18,0,3517,A
4-HA,1222,0,3518,0,2,3520,T
4-HA,1223,0,3517,0,8,3525,T
4-HA,1224,9,0,1,3526,3536,C
4-HA,1225,6,2,0,3507,3515,C
4-HA,1226,3519,0,2,0,3521,A
4-HA,1227,2,3502,1,0,3505,T
4-HA,1228,12,0,0,3497,3509,C
4-HA,1229,3483,0,1,0,3484,A
4-HA,1230,0,4,3510,0,3514,G
4-HA,1231,3482,0,0,0,3482,A
4-HA,1232,0,3478,0,3,3481,T
4-HA,1233,1,3441,0,1,3443,T
4-HA,1234,1,12,3457,0,3470,G
4-HA,1235,3466,0,3,0,3469,A
4-HA,1236,3478,0,1,0,3479,A
4-HA,1237,3480,0,1,0,3481,A
4-HA,1238,3482,0,1,0,3483,A
4-HA,1239,3435,0,2,0,3437,A
4-HA,1240,0,12,3421,0,3433,G
4-HA,1241,3420,2,1,0,3423,A
4-HA,1242,3438,0,2,0,3440,A
4-HA,1243,1,3378,0,0,3379,T
4-HA,1244,2,3385,0,1,3388,T
4-HA,1245,12,0,0,3381,3393,C
4-HA,1246,1,3386,0,2,3389,T
4-HA,1247,9,0,0,3384,3393,C
4-HA,1248,3392,0,0,0,3392,A
4-HA,1249,0,4,3395,1,3400,G
4-HA,1250,3384,0,0,0,3384,A
4-HA,1251,3363,0,3,0,3366,A
4-HA,1252,0,0,3410,0,3410,G
4-HA,1253,0,3375,0,0,3375,T
4-HA,1254,19,0,0,3373,3392,C
4-HA,1255,0,7,3399,0,3406,G
4-HA,1256,3392,0,6,0,3398,A
4-HA,1257,3390,1,2,0,3393,A
4-HA,1258,0,17,3371,0,3388,G
4-HA,1259,1,8,3406,1,3416,G
4-HA,1260,0,5,3420,0,3425,G
4-HA,1261,3321,0,4,0,3325,A
4-HA,1262,1,10,3330,2,3343,G
4-HA,1263,3322,0,2,2,3326,A
4-HA,1264,3524,0,2,1,3527,A
4-HA,1265,0,3523,0,2,3525,T
4-HA,1266,0,3521,0,1,3522,T
4-HA,1267,14,1,0,3516,3531,C
4-HA,1268,3458,0,6,0,3464,A
4-HA,1269,0,7,3471,0,3478,G
4-HA,1270,0,13,3463,0,3476,G
4-HA,1271,3466,0,0,0,3466,A
4-HA,1272,1,3,1,3482,3487,C
4-HA,1273,13,0,0,3190,3203,C
4-HA,1274,1,3183,0,3,3187,T
4-HA,1275,0,3115,0,86,3201,T
4-HA,1276,0,9,3205,1,3215,G
4-HA,1277,3205,0,3,0,3208,A
4-HA,1278,0,4,3274,0,3278,G
4-HA,1279,3250,1,3,0,3254,A
4-HA,1280,3091,0,0,0,3091,A
4-HA,1281,3080,0,1,0,3081,A
4-HA,1282,0,3038,0,0,3038,T
4-HA,1283,3104,0,1,1,3106,A
4-HA,1284,1,3090,0,0,3091,T
4-HA,1285,1,2,3102,0,3105,G
4-HA,1286,0,3099,2,3,3104,T
4-HA,1287,0,3006,0,2,3008,T
4-HA,1288,0,5,3020,0,3025,G
4-HA,1289,2982,1,7,1,2991,A
4-HA,1290,3,9,3056,0,3068,G
4-HA,1291,0,11,3056,0,3067,G
4-HA,1292,3012,0,2,0,3014,A
4-HA,1293,0,0,0,3124,3124,C
4-HA,1294,3063,0,1,0,3064,A
4-HA,1295,0,1,0,3058,3059,C
4-HA,1296,0,3039,0,3,3042,T
4-HA,1297,3188,1,0,1,3190,A
4-HA,1298,3231,0,1,1,3233,A
4-HA,1299,3230,1,1,0,3232,A
4-HA,1300,3262,1,1,0,3264,A
4-HA,1301,0,3264,0,1,3265,T
4-HA,1302,3132,0,0,0,3132,A
4-HA,1303,0,9,3150,0,3159,G
4-HA,1304,3073,0,2,0,3075,A
4-HA,1305,0,3117,0,1,3118,T
4-HA,1306,9,0,0,3109,3118,C
4-HA,1307,0,3056,3,3,3062,T
4-HA,1308,7,0,1,3140,3148,C
4-HA,1309,0,3130,0,1,3131,T
4-HA,1310,1,13,3196,1,3211,G
4-HA,1311,0,0,3274,0,3274,G
4-HA,1312,0,3255,0,1,3256,T
4-HA,1313,37,1,0,3235,3273,C
4-HA,1314,3281,0,2,0,3283,A
4-HA,1315,0,3294,0,1,3295,T
4-HA,1316,3284,0,0,0,3284,A
4-HA,1317,0,1,0,3288,3289,C
4-HA,1318,3185,0,0,0,3185,A
4-HA,1319,3208,0,4,0,3212,A
4-HA,1320,0,2,0,3122,3124,C
4-HA,1321,0,0,3123,0,3123,G
4-HA,1322,4,3,0,3114,3121,C
4-HA,1323,3,8,3081,0,3092,G
4-HA,1324,0,12,3096,0,3108,G
4-HA,1325,3079,0,2,0,3081,A
4-HA,1326,1,0,3145,0,3146,G
4-HA,1327,1,0,0,3150,3151,C
4-HA,1328,0,3121,0,1,3122,T
4-HA,1329,1,3136,0,3,3140,T
4-HA,1330,6,0,0,3133,3139,C
4-HA,1331,0,3152,0,9,3161,T
4-HA,1332,0,3155,0,2,3157,T
4-HA,1333,0,0,3151,0,3151,G
4-HA,1334,0,3122,0,3,3125,T
4-HA,1335,1,3054,0,2,3057,T
4-HA,1336,1,5,3124,0,3130,G
4-HA,1337,2,0,0,3126,3128,C
4-HA,1338,10,0,0,3104,3114,C
4-HA,1339,12,0,0,3124,3136,C
4-HA,1340,1,3118,0,1,3120,T
4-HA,1341,4,8,3155,0,3167,G
4-HA,1342,0,13,3148,1,3162,G
4-HA,1343,3161,0,1,0,3162,A
4-HA,1344,0,13,3166,0,3179,G
4-HA,1345,3113,0,3,0,3116,A
4-HA,1346,3130,1,2,0,3133,A
4-HA,1347,1,3,0,3166,3170,C
4-HA,1348,12,0,0,3153,3165,C
4-HA,1349,3164,0,3,0,3167,A
4-HA,1350,3290,0,2,0,3292,A
4-HA,1351,1,1,0,3319,3321,C
4-HA,1352,3326,0,1,0,3327,A
4-HA,1353,0,3312,0,1,3313,T
4-HA,1354,3305,0,2,0,3307,A
4-HA,1355,0,1,0,3361,3362,C
4-HA,1356,3299,0,0,0,3299,A
4-HA,1357,3289,1,0,0,3290,A
4-HA,1358,0,3283,0,1,3284,T
4-HA,1359,0,3139,0,1,3140,T
4-HA,1360,0,8,3192,0,3200,G
4-HA,1361,3224,0,1,0,3225,A
4-HA,1362,0,3216,0,4,3220,T
4-HA,1363,9,0,0,3225,3234,C
4-HA,1364,1,3162,0,3,3166,T
4-HA,1365,3198,0,0,0,3198,A
4-HA,1366,3197,0,1,0,3198,A
4-HA,1367,0,0,0,3197,3197,C
4-HA,1368,0,3164,0,0,3164,T
4-HA,1369,2,22,3130,0,3154,G
4-HA,1370,3147,1,1,0,3149,A
4-HA,1371,0,0,0,3166,3166,C
4-HA,1372,0,3138,0,11,3149,T
4-HA,1373,12,0,0,3153,3165,C
4-HA,1374,3139,0,2,0,3141,A
4-HA,1375,1,5,3224,0,3230,G
4-HA,1376,3209,1,4,0,3214,A
4-HA,1377,3224,0,1,1,3226,A
4-HA,1378,3229,0,0,0,3229,A
4-HA,1379,0,3179,0,13,3192,T
4-HA,1380,0,29,3185,0,3214,G
4-HA,1381,3217,0,3,0,3220,A
4-HA,1382,3218,0,3,0,3221,A
4-HA,1383,0,0,0,3213,3213,C
4-HA,1384,3151,0,0,0,3151,A
4-HA,1385,3151,0,1,0,3152,A
4-HA,1386,3147,0,2,0,3149,A
4-HA,1387,0,0,0,3176,3176,C
4-HA,1388,0,3140,0,0,3140,T
4-HA,1389,2,0,3159,0,3161,G
4-HA,1390,0,3120,0,1,3121,T
4-HA,1391,0,3122,0,1,3123,T
4-HA,1392,0,3123,0,2,3125,T
4-HA,1393,0,6,3128,0,3134,G
4-HA,1394,3123,0,0,0,3123,A
4-HA,1395,3115,0,13,0,3128,A
4-HA,1396,3120,1,2,0,3123,A
4-HA,1397,3121,0,0,0,3121,A
4-HA,1398,3082,0,1,0,3083,A
4-HA,1399,3110,0,0,1,3111,A
4-HA,1400,2,0,0,3111,3113,C
4-HA,1401,3109,0,1,0,3110,A
4-HA,1402,3109,0,1,1,3111,A
4-HA,1403,3104,0,2,0,3106,A
4-HA,1404,1,3,3117,0,3121,G
4-HA,1405,3139,0,1,0,3140,A
4-HA,1406,3128,0,1,0,3129,A
4-HA,1407,0,0,3128,0,3128,G
4-HA,1408,0,0,0,3129,3129,C
4-HA,1409,3120,1,5,0,3126,A
4-HA,1410,3142,1,1,0,3144,A
4-HA,1411,0,0,0,3140,3140,C
4-HA,1412,0,3124,0,1,3125,T
4-HA,1413,0,5,3143,0,3148,G
4-HA,1414,3101,0,9,0,3110,A
4-HA,1415,1,15,3137,0,3153,G
4-HA,1416,0,9,3158,0,3167,G
4-HA,1417,0,6,3161,0,3167,G
4-HA,1418,3165,0,2,0,3167,A
4-HA,1419,3140,1,0,0,3141,A
4-HA,1420,3132,0,5,1,3138,A
4-HA,1421,3135,0,35,0,3170,A
4-HA,1422,0,3143,0,1,3144,T
4-HA,1423,2,0,3161,0,3163,G
4-HA,1424,0,0,0,3158,3158,C
4-HA,1425,0,3114,0,2,3116,T
4-HA,1426,0,5,3118,0,3123,G
4-HA,1427,3123,1,0,0,3124,A
4-HA,1428,1,11,3300,0,3312,G
4-HA,1429,0,4,3348,0,3352,G
4-HA,1430,3324,0,1,0,3325,A
4-HA,1431,0,3316,0,1,3317,T
4-HA,1432,3293,0,3,0,3296,A
4-HA,1433,0,3285,0,0,3285,T
4-HA,1434,1,16,3318,0,3335,G
4-HA,1435,2,8,3354,1,3365,G
4-HA,1436,0,0,3370,0,3370,G
4-HA,1437,3,1,0,3178,3182,C
4-HA,1438,3102,0,1,0,3103,A
4-HA,1439,3109,1,2,0,3112,A
4-HA,1440,0,3108,0,0,3108,T
4-HA,1441,1,12,3106,0,3119,G
4-HA,1442,0,0,3123,0,3123,G
4-HA,1443,1,3056,0,1,3058,T
4-HA,1444,0,2973,1,0,2974,T
4-HA,1445,0,2,2988,0,2990,G
4-HA,1446,0,3020,0,1,3021,T
4-HA,1447,0,3015,0,2,3017,T
4-HA,1448,1,3020,0,0,3021,T
4-HA,1449,9,0,1,3025,3035,C
4-HA,1450,3015,0,24,0,3039,A
4-HA,1451,3047,0,0,0,3047,A
4-HA,1452,3038,0,1,0,3039,A
4-HA,1453,3074,0,0,0,3074,A
4-HA,1454,0,3062,1,0,3063,T
4-HA,1455,3033,0,1,0,3034,A
4-HA,1456,0,3036,0,1,3037,T
4-HA,1457,3034,0,1,2,3037,A
4-HA,1458,1,2,0,3082,3085,C
4-HA,1459,9,0,0,3069,3078,C
4-HA,1460,3066,0,1,1,3068,A
4-HA,1461,2,0,0,3088,3090,C
4-HA,1462,3083,1,0,0,3084,A
4-HA,1463,3089,0,0,0,3089,A
4-HA,1464,3099,0,0,0,3099,A
4-HA,1465,0,3099,0,0,3099,T
4-HA,1466,0,1,3119,0,3120,G
4-HA,1467,0,3071,0,1,3072,T
4-HA,1468,2,12,3093,0,3107,G
4-HA,1469,3106,0,6,0,3112,A
4-HA,1470,0,0,0,3103,3103,C
4-HA,1471,3057,0,2,0,3059,A
4-HA,1472,3055,0,0,0,3055,A
4-HA,1473,0,3103,1,1,3105,T
4-HA,1474,2,1,3113,0,3116,G
4-HA,1475,1,1,0,3102,3104,C
4-HA,1476,2,0,1,3111,3114,C
4-HA,1477,0,3092,0,3,3095,T
4-HA,1478,1,0,3235,0,3236,G
4-HA,1479,0,0,0,3237,3237,C
4-HA,1480,3237,0,2,0,3239,A
4-HA,1481,0,3233,0,0,3233,T
4-HA,1482,3087,0,3,0,3090,A
4-HA,1483,0,8,3102,0,3110,G
4-HA,1484,0,8,3087,0,3095,G
4-HA,1485,3080,1,9,0,3090,A
4-HA,1486,0,3075,0,0,3075,T
4-HA,1487,12,0,0,2905,2917,C
4-HA,1488,2917,0,1,0,2918,A
4-HA,1489,2937,1,1,0,2939,A
4-HA,1490,0,2926,0,1,2927,T
4-HA,1491,5,2,0,2929,2936,C
4-HA,1492,2859,1,0,0,2860,A
4-HA,1493,0,2,2883,0,2885,G
4-HA,1494,2890,0,1,0,2891,A
4-HA,1495,2892,0,1,0,2893,A
4-HA,1496,2892,0,2,0,2894,A
4-HA,1497,2,2884,0,1,2887,T
4-HA,1498,0,7,2873,0,2880,G
4-HA,1499,0,10,2875,1,2886,G
4-HA,1500,2870,0,2,0,2872,A
4-HA,1501,2902,0,2,0,2904,A
4-HA,1502,1,0,0,2896,2897,C
4-HA,1503,0,2857,0,0,2857,T
4-HA,1504,0,2876,0,2,2878,T
4-HA,1505,2875,1,0,0,2876,A
4-HA,1506,0,2862,1,2,2865,T
4-HA,1507,1,22,2843,0,2866,G
4-HA,1508,2858,0,4,0,2862,A
4-HA,1509,1,0,0,2863,2864,C
4-HA,1510,10,0,0,2821,2831,C
4-HA,1511,2823,0,0,0,2823,A
4-HA,1512,0,2,0,2897,2899,C
4-HA,1513,0,2,2983,0,2985,G
4-HA,1514,3042,0,2,0,3044,A
4-HA,1515,0,3075,0,1,3076,T
4-HA,1516,1,1,3205,0,3207,G
4-HA,1517,1,3163,0,0,3164,T
4-HA,1518,3294,0,1,0,3295,A
4-HA,1519,0,3298,0,0,3298,T
4-HA,1520,3292,1,1,0,3294,A
4-HA,1521,0,1,0,3294,3295,C
4-HA,1522,2926,1,2,1,2930,A
4-HA,1523,0,8,2970,0,2978,G
4-HA,1524,2788,0,0,0,2788,A
4-HA,1525,0,2,2714,0,2716,G
4-HA,1526,2701,0,2,0,2703,A
4-HA,1527,0,2513,0,0,2513,T
4-HA,1528,1,4,2503,0,2508,G
4-HA,1529,2506,0,1,1,2508,A
4-HA,1530,2486,0,7,0,2493,A
4-HA,1531,0,0,2537,0,2537,G
4-HA,1532,0,0,0,2458,2458,C
4-HA,1533,2446,0,1,1,2448,A
4-HA,1534,0,2435,0,0,2435,T
4-HA,1535,0,2428,0,1,2429,T
4-HA,1536,2434,0,0,0,2434,A
4-HA,1537,2437,0,0,0,2437,A
4-HA,1538,2431,0,2,0,2433,A
4-HA,1539,0,1,0,2435,2436,C
4-HA,1540,2359,0,0,1,2360,A
4-HA,1541,2373,1,0,1,2375,A
4-HA,1542,0,1,0,2373,2374,C
4-HA,1543,3,2,0,2344,2349,C
4-HA,1544,1,2,2350,0,2353,G
4-HA,1545,2,0,2371,0,2373,G
4-HA,1546,1,2369,0,3,2373,T
4-HA,1547,0,2370,0,0,2370,T
4-HA,1548,0,2337,0,1,2338,T
4-HA,1549,7,1,1,2338,2347,C
4-HA,1550,2347,1,3,0,2351,A
4-HA,1551,0,7,2383,0,2390,G
4-HA,1552,2376,0,10,0,2386,A
4-HA,1553,0,2377,0,1,2378,T
4-HA,1554,11,1,0,2295,2307,C
4-HA,1555,2297,0,1,0,2298,A
4-HA,1556,2309,0,1,1,2311,A
4-HA,1557,0,11,2297,0,2308,G
4-HA,1558,0,5,2292,0,2297,G
4-HA,1559,0,10,2289,0,2299,G
4-HA,1560,2211,0,0,0,2211,A
4-HA,1561,0,0,2243,0,2243,G
4-HA,1562,0,2240,0,0,2240,T
4-HA,1563,0,2240,0,1,2241,T
4-HA,1564,1,11,2257,0,2269,G
4-HA,1565,2238,0,3,0,2241,A
4-HA,1566,0,3,2255,0,2258,G
4-HA,1567,0,1,0,2248,2249,C
4-HA,1568,0,2214,0,3,2217,T
4-HA,1569,0,5,2212,0,2217,G
4-HA,1570,2200,0,0,0,2200,A
4-HA,1571,2209,0,2,1,2212,A
4-HA,1572,0,0,2214,0,2214,G
4-HA,1573,0,2173,0,1,2174,T
4-HA,1574,13,0,0,2155,2168,C
4-HA,1575,2135,0,1,0,2136,A
4-HA,1576,0,16,2120,0,2136,G
4-HA,1577,1,11,2111,0,2123,G
4-HA,1578,0,2,2065,0,2067,G
4-HA,1579,0,2151,0,0,2151,T
4-HA,1580,2148,0,4,0,2152,A
4-HA,1581,0,0,0,2153,2153,C
4-HA,1582,2145,0,0,0,2145,A
4-HA,1583,2145,0,0,0,2145,A
4-HA,1584,2147,0,1,0,2148,A
4-HA,1585,1,1,2168,0,2170,G
4-HA,1586,2117,0,0,0,2117,A
4-HA,1587,0,2038,0,1,2039,T
4-HA,1588,1,2008,1,0,2010,T
4-HA,1589,1,3,2007,1,2012,G
4-HA,1590,0,8,2006,0,2014,G
4-HA,1591,2011,0,2,0,2013,A
4-HA,1592,0,2018,0,1,2019,T
4-HA,1593,4,0,0,2011,2015,C
4-HA,1594,2,1,0,1967,1970,C
4-HA,1595,0,1939,0,1,1940,T
4-HA,1596,1965,0,0,0,1965,A
4-HA,1597,0,1967,0,0,1967,T
4-HA,1598,1,5,1967,0,1973,G
4-HA,1599,0,3,1970,0,1973,G
4-HA,1600,1918,0,0,0,1918,A
4-HA,1601,0,1911,0,2,1913,T
4-HA,1602,0,1887,0,0,1887,T
4-HA,1603,0,1881,0,2,1883,T
4-HA,1604,3,1,0,1886,1890,C
4-HA,1605,3,0,0,1879,1882,C
4-HA,1606,0,1850,2,0,1852,T
4-HA,1607,0,1853,0,0,1853,T
4-HA,1608,0,1842,0,0,1842,T
4-HA,1609,1,0,1865,0,1866,G
4-HA,1610,2,0,0,1856,1858,C
4-HA,1611,7,1,0,1852,1860,C
4-HA,1612,1827,0,0,0,1827,A
4-HA,1613,0,1815,0,0,1815,T
4-HA,1614,1850,0,0,0,1850,A
4-HA,1615,0,1840,0,4,1844,T
4-HA,1616,2,0,0,1837,1839,C
4-HA,1617,1833,0,0,0,1833,A
4-HA,1618,0,1814,0,0,1814,T
4-HA,1619,0,0,1834,0,1834,G
4-HA,1620,0,1823,1,1,1825,T
4-HA,1621,0,1804,0,0,1804,T
4-HA,1622,0,1805,0,1,1806,T
4-HA,1623,0,1752,0,1,1753,T
4-HA,1624,0,1751,0,1,1752,T
4-HA,1625,1,1750,0,0,1751,T
4-HA,1626,0,1,1757,0,1758,G
4-HA,1627,0,1,0,1749,1750,C
4-HA,1628,0,1712,0,0,1712,T
4-HA,1629,0,1709,0,1,1710,T
4-HA,1630,0,1707,0,1,1708,T
4-HA,1631,0,0,1754,0,1754,G
4-HA,1632,0,1748,0,0,1748,T
4-HA,1633,0,0,1749,0,1749,G
4-HA,1634,0,1748,0,2,1750,T
4-HA,1635,0,1719,0,2,1721,T
4-HA,1636,1,1,1735,0,1737,G
4-HA,1637,2,0,0,1733,1735,C
4-HA,1638,0,1714,0,3,1717,T
4-HA,1639,0,1728,0,0,1728,T
4-HA,1640,0,1617,0,0,1617,T
4-HA,1641,1,0,1631,0,1632,G
4-HA,1642,1,1625,0,1,1627,T
4-HA,1643,0,1619,0,2,1621,T
4-HA,1644,0,6,1616,0,1622,G
4-HA,1645,0,7,1577,0,1584,G
4-HA,1646,0,3,1588,0,1591,G
4-HA,1647,0,0,1592,0,1592,G
4-HA,1648,0,1539,0,2,1541,T
4-HA,1649,0,1523,0,1,1524,T
4-HA,1650,9,0,0,1493,1502,C
4-HA,1651,1479,0,1,0,1480,A
4-HA,1652,1,1480,0,1,1482,T
4-HA,1653,8,1,0,1479,1488,C
4-HA,1654,1488,0,0,0,1488,A
4-HA,1655,0,1435,1,4,1440,T
4-HA,1656,0,0,1435,0,1435,G
4-HA,1657,0,1402,0,0,1402,T
4-HA,1658,0,4,1386,0,1390,G
4-HA,1659,0,3,1350,0,1353,G
4-HA,1660,1,0,1340,0,1341,G
4-HA,1661,0,0,0,1302,1302,C
4-HA,1662,3,0,1,1276,1280,C
4-HA,1663,0,1207,0,2,1209,T
4-HA,1664,1,0,1211,0,1212,G
4-HA,1665,0,1,0,1214,1215,C
4-HA,1666,4,0,0,1205,1209,C
4-HA,1667,1211,0,0,0,1211,A
4-HA,1668,1200,0,0,1,1201,A
4-HA,1669,1199,0,0,0,1199,A
4-HA,1670,1197,0,0,0,1197,A
4-HA,1671,1198,0,1,0,1199,A
4-HA,1672,1,1,1193,0,1195,G
4-HA,1673,0,1,1144,0,1145,G
4-HA,1674,1,1,0,1120,1122,C
4-HA,1675,1118,1,1,0,1120,A
4-HA,1676,1122,1,2,0,1125,A
4-HA,1677,0,0,0,1119,1119,C
4-HA,1678,1120,0,1,0,1121,A
4-HA,1679,0,1105,0,5,1110,T
4-HA,1680,0,1094,1,0,1095,T
4-HA,1681,1062,0,0,0,1062,A
4-HA,1682,0,1,1050,0,1051,G
4-HA,1683,1,0,1050,0,1051,G
4-HA,1684,0,1017,0,1,1018,T
4-HA,1685,0,1,943,0,944,G
4-HA,1686,1,0,0,906,907,C
4-HA,1687,893,0,0,0,893,A
4-HA,1688,892,0,2,0,894,A
4-HA,1689,0,0,0,893,893,C
4-HA,1690,883,0,0,0,883,A
4-HA,1691,0,865,0,0,865,T
4-HA,1692,0,802,0,2,804,T
4-HA,1693,0,801,0,0,801,T
4-HA,1694,7,0,792,0,799,G
4-HA,1695,0,0,0,794,794,C
4-HA,1696,783,0,4,0,787,A
4-HA,1697,0,737,0,1,738,T
4-HA,1698,0,710,0,0,710,T
4-HA,1699,0,673,0,0,673,T
4-HA,1700,0,0,670,0,670,G
4-HA,1701,639,0,0,0,639,A
5-NP,1,575,0,0,0,575,A
5-NP,2,0,576,0,0,576,T
5-NP,3,0,0,575,0,575,G
5-NP,4,0,0,580,0,580,G
5-NP,5,0,1,0,581,582,C
5-NP,6,1,0,597,0,598,G
5-NP,7,0,623,0,0,623,T
5-NP,8,0,0,0,637,637,C
5-NP,9,4,0,0,634,638,C
5-NP,10,4,0,0,638,642,C
5-NP,11,642,0,0,0,642,A
5-NP,12,641,0,1,0,642,A
5-NP,13,0,6,644,0,650,G
5-NP,14,0,0,673,0,673,G
5-NP,15,0,0,0,680,680,C
5-NP,16,682,0,0,0,682,A
5-NP,17,0,2,0,684,686,C
5-NP,18,2,0,0,688,690,C
5-NP,19,696,0,0,0,696,A
5-NP,20,695,0,0,0,695,A
5-NP,21,698,0,0,0,698,A
5-NP,22,0,3,0,700,703,C
5-NP,23,1,6,694,0,701,G
5-NP,24,0,0,779,0,779,G
5-NP,25,0,775,0,1,776,T
5-NP,26,2,0,0,832,834,C
5-NP,27,0,832,0,2,834,T
5-NP,28,1,836,0,0,837,T
5-NP,29,836,0,0,0,836,A
5-NP,30,0,836,0,2,838,T
5-NP,31,0,14,830,0,844,G
5-NP,32,840,1,1,0,842,A
5-NP,33,823,0,2,0,825,A
5-NP,34,1,0,0,825,826,C
5-NP,35,792,0,0,0,792,A
5-NP,36,0,2,864,0,866,G
5-NP,37,864,0,0,0,864,A
5-NP,38,0,864,0,2,866,T
5-NP,39,0,2,869,0,871,G
5-NP,40,0,5,861,0,866,G
5-NP,41,868,1,1,0,870,A
5-NP,42,879,0,0,0,879,A
5-NP,43,875,0,0,1,876,A
5-NP,44,0,0,0,922,922,C
5-NP,45,0,894,0,0,894,T
5-NP,46,0,3,909,0,912,G
5-NP,47,904,0,1,0,905,A
5-NP,48,1,906,0,0,907,T
5-NP,49,0,5,907,0,912,G
5-NP,50,0,8,906,0,914,G
5-NP,51,0,6,911,0,917,G
5-NP,52,0,8,911,0,919,G
5-NP,53,900,0,0,0,900,A
5-NP,54,0,899,0,0,899,T
5-NP,55,2,0,0,904,906,C
5-NP,56,1,0,911,0,912,G
5-NP,57,1,0,0,921,922,C
5-NP,58,1,0,0,921,922,C
5-NP,59,916,0,2,0,918,A
5-NP,60,0,1,932,0,933,G
5-NP,61,931,0,1,0,932,A
5-NP,62,956,0,1,0,957,A
5-NP,63,0,957,0,0,957,T
5-NP,64,0,0,955,0,955,G
5-NP,65,1,0,0,968,969,C
5-NP,66,960,1,1,0,962,A
5-NP,67,975,0,0,0,975,A
5-NP,68,0,0,0,973,973,C
5-NP,69,0,964,0,1,965,T
5-NP,70,0,4,970,0,974,G
5-NP,71,981,0,1,0,982,A
5-NP,72,0,3,1040,0,1043,G
5-NP,73,1040,0,0,0,1040,A
5-NP,74,0,1025,0,0,1025,T
5-NP,75,0,1028,0,1,1029,T
5-NP,76,1022,0,1,0,1023,A
5-NP,77,1,11,1018,0,1030,G
5-NP,78,0,9,1024,0,1033,G
5-NP,79,0,0,1031,0,1031,G
5-NP,80,1,1,0,999,1001,C
5-NP,81,979,0,0,0,979,A
5-NP,82,0,985,0,2,987,T
5-NP,83,2,1,0,978,981,C
5-NP,84,1,0,0,979,980,C
5-NP,85,2,0,1002,0,1004,G
5-NP,86,0,1006,0,1,1007,T
5-NP,87,7,0,0,996,1003,C
5-NP,88,0,7,997,0,1004,G
5-NP,89,0,1,1005,1,1007,G
5-NP,90,1,2,1011,0,1014,G
5-NP,91,1013,0,0,0,1013,A
5-NP,92,989,0,20,0,1009,A
5-NP,93,0,2,1027,0,1029,G
5-NP,94,1014,1,0,0,1015,A
5-NP,95,0,1018,0,0,1018,T
5-NP,96,0,2,1016,0,1018,G
5-NP,97,1019,0,0,0,1019,A
5-NP,98,0,1020,0,0,1020,T
5-NP,99,0,1010,0,1,1011,T
5-NP,100,0,4,1011,0,1015,G
5-NP,101,1015,0,1,0,1016,A
5-NP,102,1,1006,0,1,1008,T
5-NP,103,0,3,1015,0,1018,G
5-NP,104,0,3,1039,0,1042,G
5-NP,105,1041,0,1,0,1042,A
5-NP,106,1042,0,0,0,1042,A
5-NP,107,1,1037,0,0,1038,T
5-NP,108,0,1042,0,0,1042,T
5-NP,109,0,9,1033,0,1042,G
5-NP,110,0,1,1046,0,1047,G
5-NP,111,0,5,1040,0,1045,G
5-NP,112,1046,0,1,0,1047,A
5-NP,113,0,1,1040,0,1041,G
5-NP,114,1029,0,0,0,1029,A
5-NP,115,0,1048,0,0,1048,T
5-NP,116,0,1054,0,0,1054,T
5-NP,117,3,1,0,1051,1055,C
5-NP,118,0,1052,0,1,1053,T
5-NP,119,1067,0,0,0,1067,A
5-NP,120,0,0,0,1069,1069,C
5-NP,121,1094,0,0,0,1094,A
5-NP,122,1,1106,0,0,1107,T
5-NP,123,3,0,0,1096,1099,C
5-NP,124,8,0,0,1091,1099,C
5-NP,125,1097,0,0,0,1097,A
5-NP,126,1128,0,0,0,1128,A
5-NP,127,1125,0,2,0,1127,A
5-NP,128,0,1118,0,0,1118,T
5-NP,129,1,0,1120,0,1121,G
5-NP,130,0,1091,0,1,1092,T
5-NP,131,0,0,1094,0,1094,G
5-NP,132,0,1,0,1095,1096,C
5-NP,133,1095,0,0,0,1095,A
5-NP,134,1,0,0,1094,1095,C
5-NP,135,0,1070,0,0,1070,T
5-NP,136,0,4,1124,0,1128,G
5-NP,137,1137,0,0,0,1137,A
5-NP,138,1151,0,1,0,1152,A
5-NP,139,0,0,0,1176,1176,C
5-NP,140,0,1164,0,0,1164,T
5-NP,141,0,1167,0,0,1167,T
5-NP,142,1163,1,1,0,1165,A
5-NP,143,1166,0,0,0,1166,A
5-NP,144,1179,0,0,1,1180,A
5-NP,145,0,1,0,1182,1183,C
5-NP,146,0,1134,0,0,1134,T
5-NP,147,1,0,0,1142,1143,C
5-NP,148,1126,0,0,0,1126,A
5-NP,149,0,0,1146,0,1146,G
5-NP,150,0,1144,0,0,1144,T
5-NP,151,0,7,1147,0,1154,G
5-NP,152,1166,0,1,0,1167,A
5-NP,153,0,1165,0,1,1166,T
5-NP,154,8,1,0,1180,1189,C
5-NP,155,1194,0,0,0,1194,A
5-NP,156,0,1186,0,1,1187,T
5-NP,157,0,2,1187,0,1189,G
5-NP,158,1173,0,1,0,1174,A
5-NP,159,1170,1,2,0,1173,A
5-NP,160,0,14,1163,0,1177,G
5-NP,161,0,4,1163,0,1167,G
5-NP,162,1,0,1169,0,1170,G
5-NP,163,1,5,0,1143,1149,C
5-NP,164,0,1,1159,0,1160,G
5-NP,165,0,0,1165,0,1165,G
5-NP,166,0,1165,0,0,1165,T
5-NP,167,0,1165,0,0,1165,T
5-NP,168,0,16,1154,0,1170,G
5-NP,169,1283,0,2,1,1286,A
5-NP,170,0,1288,0,1,1289,T
5-NP,171,3,0,0,1287,1290,C
5-NP,172,6,0,0,1287,1293,C
5-NP,173,1276,0,1,0,1277,A
5-NP,174,0,4,1278,0,1282,G
5-NP,175,1282,0,1,0,1283,A
5-NP,176,1283,0,1,0,1284,A
5-NP,177,0,0,0,1298,1298,C
5-NP,178,1195,0,1,0,1196,A
5-NP,179,0,0,1219,0,1219,G
5-NP,180,0,0,0,1223,1223,C
5-NP,181,0,1216,0,3,1219,T
5-NP,182,0,1225,0,2,1227,T
5-NP,183,0,7,1219,0,1226,G
5-NP,184,1233,0,3,1,1237,A
5-NP,185,0,0,0,1235,1235,C
5-NP,186,1213,0,1,0,1214,A
5-NP,187,1226,0,0,0,1226,A
5-NP,188,1,1217,0,0,1218,T
5-NP,189,1215,1,0,0,1216,A
5-NP,190,0,6,1215,0,1221,G
5-NP,191,1207,0,1,0,1208,A
5-NP,192,0,3,1212,0,1215,G
5-NP,193,1213,0,0,0,1213,A
5-NP,194,1242,0,0,0,1242,A
5-NP,195,1240,0,1,0,1241,A
5-NP,196,1277,0,0,0,1277,A
5-NP,197,0,1278,0,0,1278,T
5-NP,198,1,3,1278,0,1282,G
5-NP,199,0,0,1276,0,1276,G
5-NP,200,0,1272,0,2,1274,T
5-NP,201,1244,0,0,0,1244,A
5-NP,202,0,0,0,1256,1256,C
5-NP,203,0,1254,0,4,1258,T
5-NP,204,2,0,0,1276,1278,C
5-NP,205,1,1235,0,1,1237,T
5-NP,206,3,0,0,1249,1252,C
5-NP,207,0,1242,0,3,1245,T
5-NP,208,0,0,1255,0,1255,G
5-NP,209,0,0,0,1257,1257,C
5-NP,210,0,1243,0,1,1244,T
5-NP,211,0,1241,0,0,1241,T
5-NP,212,0,1233,0,0,1233,T
5-NP,213,0,1215,0,1,1216,T
5-NP,214,0,1,1215,0,1216,G
5-NP,215,1207,1,1,0,1209,A
5-NP,216,0,1208,0,1,1209,T
5-NP,217,0,5,1199,0,1204,G
5-NP,218,1196,0,1,0,1197,A
5-NP,219,1199,0,1,0,1200,A
5-NP,220,1194,0,4,0,1198,A
5-NP,221,1,4,1193,0,1198,G
5-NP,222,1199,0,1,0,1200,A
5-NP,223,1193,0,1,0,1194,A
5-NP,224,0,3,1201,0,1204,G
5-NP,225,0,6,1244,0,1250,G
5-NP,226,1249,1,1,0,1251,A
5-NP,227,1257,0,0,0,1257,A
5-NP,228,0,1250,0,0,1250,T
5-NP,229,1252,0,0,0,1252,A
5-NP,230,1253,0,0,0,1253,A
5-NP,231,1253,0,0,1,1254,A
5-NP,232,0,1251,0,0,1251,T
5-NP,233,1241,0,1,0,1242,A
5-NP,234,0,0,0,1246,1246,C
5-NP,235,3,0,0,1208,1211,C
5-NP,236,0,1213,0,1,1214,T
5-NP,237,0,2,1219,0,1221,G
5-NP,238,0,1,1236,0,1237,G
5-NP,239,1238,0,0,0,1238,A
5-NP,240,1235,0,0,0,1235,A
5-NP,241,0,5,1250,0,1255,G
5-NP,242,1247,0,0,0,1247,A
5-NP,243,1236,1,0,0,1237,A
5-NP,244,1,0,0,1240,1241,C
5-NP,245,1237,0,0,0,1237,A
5-NP,246,0,0,0,1292,1292,C
5-NP,247,2,0,0,1279,1281,C
5-NP,248,10,1,0,1267,1278,C
5-NP,249,5,0,0,1275,1280,C
5-NP,250,1252,0,1,0,1253,A
5-NP,251,0,1,1265,0,1266,G
5-NP,252,1,0,0,1263,1264,C
5-NP,253,0,1,1261,0,1262,G
5-NP,254,0,1,0,1252,1253,C
5-NP,255,1,5,1229,0,1235,G
5-NP,256,1,7,1244,0,1252,G
5-NP,257,0,1,1254,0,1255,G
5-NP,258,0,2,1254,0,1256,G
5-NP,259,1254,0,3,0,1257,A
5-NP,260,1255,1,0,0,1256,A
5-NP,261,1251,1,1,1,1254,A
5-NP,262,0,3,1252,0,1255,G
5-NP,263,1250,0,0,0,1250,A
5-NP,264,0,1250,0,0,1250,T
5-NP,265,5,1,0,1242,1248,C
5-NP,266,3,1,0,1237,1241,C
5-NP,267,9,0,0,1240,1249,C
5-NP,268,1253,0,0,0,1253,A
5-NP,269,1250,0,0,0,1250,A
5-NP,270,0,4,1251,0,1255,G
5-NP,271,1251,0,0,0,1251,A
5-NP,272,1262,0,0,0,1262,A
5-NP,273,1261,0,0,0,1261,A
5-NP,274,1263,0,1,0,1264,A
5-NP,275,0,1,0,1265,1266,C
5-NP,276,0,1251,0,1,1252,T
5-NP,277,0,6,1252,0,1258,G
5-NP,278,0,5,1251,0,1256,G
5-NP,279,0,5,1244,0,1249,G
5-NP,280,0,4,1247,0,1251,G
5-NP,281,0,4,1253,0,1257,G
5-NP,282,0,0,1279,0,1279,G
5-NP,283,0,0,0,1403,1403,C
5-NP,284,4,0,0,1399,1403,C
5-NP,285,11,1,0,1396,1408,C
5-NP,286,1537,0,0,0,1537,A
5-NP,287,0,1551,1,0,1552,T
5-NP,288,1600,0,0,0,1600,A
5-NP,289,0,1606,0,0,1606,T
5-NP,290,1584,0,1,0,1585,A
5-NP,291,1,0,0,1612,1613,C
5-NP,292,1436,0,0,0,1436,A
5-NP,293,0,1,1468,0,1469,G
5-NP,294,0,5,1465,0,1470,G
5-NP,295,1362,1,1,0,1364,A
5-NP,296,0,6,1363,0,1369,G
5-NP,297,1322,0,0,0,1322,A
5-NP,298,1302,0,0,0,1302,A
5-NP,299,0,1330,0,0,1330,T
5-NP,300,1331,0,1,0,1332,A
5-NP,301,0,2,1339,0,1341,G
5-NP,302,1297,0,1,0,1298,A
5-NP,303,0,1302,0,0,1302,T
5-NP,304,1,4,1292,0,1297,G
5-NP,305,0,1,1313,0,1314,G
5-NP,306,1302,0,2,0,1304,A
5-NP,307,1303,0,2,0,1305,A
5-NP,308,1300,0,2,1,1303,A
5-NP,309,1312,1,1,0,1314,A
5-NP,310,0,1308,0,0,1308,T
5-NP,311,0,4,1318,0,1322,G
5-NP,312,0,1,1328,0,1329,G
5-NP,313,1326,0,1,0,1327,A
5-NP,314,0,1321,0,1,1322,T
5-NP,315,0,5,1322,1,1328,G
5-NP,316,1316,0,1,0,1317,A
5-NP,317,0,9,1319,0,1328,G
5-NP,318,1,5,1317,0,1323,G
5-NP,319,2,6,1327,0,1335,G
5-NP,320,1377,0,0,0,1377,A
5-NP,321,1386,0,1,0,1387,A
5-NP,322,0,0,0,1428,1428,C
5-NP,323,0,1428,0,0,1428,T
5-NP,324,8,1,0,1450,1459,C
5-NP,325,2,0,1489,0,1491,G
5-NP,326,1,1520,0,3,1524,T
5-NP,327,5,0,0,1535,1540,C
5-NP,328,4,0,0,1806,1810,C
5-NP,329,0,1798,0,0,1798,T
5-NP,330,0,1817,0,0,1817,T
5-NP,331,0,1817,0,0,1817,T
5-NP,332,1828,0,0,0,1828,A
5-NP,333,0,1827,0,3,1830,T
5-NP,334,0,18,1819,0,1837,G
5-NP,335,1860,0,4,0,1864,A
5-NP,336,0,0,0,1864,1864,C
5-NP,337,1839,0,0,0,1839,A
5-NP,338,1844,0,0,0,1844,A
5-NP,339,1858,0,0,0,1858,A
5-NP,340,0,5,2018,0,2023,G
5-NP,341,2017,0,1,0,2018,A
5-NP,342,2016,0,2,0,2018,A
5-NP,343,0,4,2218,0,2222,G
5-NP,344,2230,0,1,0,2231,A
5-NP,345,2242,1,0,0,2243,A
5-NP,346,2246,0,0,0,2246,A
5-NP,347,0,2246,0,0,2246,T
5-NP,348,2234,0,2,0,2236,A
5-NP,349,2212,0,2,0,2214,A
5-NP,350,0,0,2260,0,2260,G
5-NP,351,0,2,2245,0,2247,G
5-NP,352,1,1,0,2236,2238,C
5-NP,353,0,9,2233,0,2242,G
5-NP,354,2248,0,1,0,2249,A
5-NP,355,2316,0,1,0,2317,A
5-NP,356,1,2330,0,3,2334,T
5-NP,357,5,0,0,2327,2332,C
5-NP,358,0,2332,0,0,2332,T
5-NP,359,0,8,2320,0,2328,G
5-NP,360,2,1,2325,0,2328,G
5-NP,361,1,0,1,2337,2339,C
5-NP,362,1,0,2331,0,2332,G
5-NP,363,2,0,0,2334,2336,C
5-NP,364,8,0,0,2319,2327,C
5-NP,365,2338,0,2,1,2341,A
5-NP,366,2385,0,6,0,2391,A
5-NP,367,2,0,2472,0,2474,G
5-NP,368,0,0,0,2480,2480,C
5-NP,369,6,1,0,2497,2504,C
5-NP,370,2515,0,1,1,2517,A
5-NP,371,2566,1,4,0,2571,A
5-NP,372,0,0,0,2615,2615,C
5-NP,373,2616,0,0,0,2616,A
5-NP,374,2698,0,0,0,2698,A
5-NP,375,0,2693,0,0,2693,T
5-NP,376,2,10,2771,0,2783,G
5-NP,377,0,0,2778,1,2779,G
5-NP,378,0,2759,0,3,2762,T
5-NP,379,1,5,2768,1,2775,G
5-NP,380,2750,0,2,0,2752,A
5-NP,381,0,5,2837,0,2842,G
5-NP,382,0,4,2840,0,2844,G
5-NP,383,2883,0,0,0,2883,A
5-NP,384,0,3240,0,0,3240,T
5-NP,385,0,2,3297,0,3299,G
5-NP,386,1,0,0,3311,3312,C
5-NP,387,0,3315,0,3,3318,T
5-NP,388,3360,1,1,0,3362,A
5-NP,389,0,0,0,3423,3423,C
5-NP,390,3419,0,0,0,3419,A
5-NP,391,0,3427,0,0,3427,T
5-NP,392,4,0,0,3417,3421,C
5-NP,393,0,3284,0,2,3286,T
5-NP,394,1,8,3441,0,3450,G
5-NP,395,2,2,3535,0,3539,G
5-NP,396,1,3525,0,7,3533,T
5-NP,397,14,0,0,3525,3539,C
5-NP,398,0,3498,0,1,3499,T
5-NP,399,3569,0,2,0,3571,A
5-NP,400,3577,1,1,0,3579,A
5-NP,401,0,1,0,3615,3616,C
5-NP,402,1,3601,0,3,3605,T
5-NP,403,18,1,0,3630,3649,C
5-NP,404,3623,0,1,0,3624,A
5-NP,405,0,2,0,3802,3804,C
5-NP,406,3798,0,0,0,3798,A
5-NP,407,1,3821,0,0,3822,T
5-NP,408,3789,0,0,0,3789,A
5-NP,409,3799,0,3,1,3803,A
5-NP,410,1,3825,0,1,3827,T
5-NP,411,1,18,3880,0,3899,G
5-NP,412,3866,0,0,0,3866,A
5-NP,413,1,3851,1,1,3854,T
5-NP,414,0,3782,0,1,3783,T
5-NP,415,0,3794,1,1,3796,T
5-NP,416,1,24,3754,0,3779,G
5-NP,417,1,3,3776,0,3780,G
5-NP,418,1,1,0,3792,3794,C
5-NP,419,3751,0,26,0,3777,A
5-NP,420,0,3780,0,1,3781,T
5-NP,421,0,3779,0,1,3780,T
5-NP,422,9,0,0,3771,3780,C
5-NP,423,8,0,0,3789,3797,C
5-NP,424,3894,0,0,0,3894,A
5-NP,425,3886,0,1,1,3888,A
5-NP,426,0,3894,0,1,3895,T
5-NP,427,2,3892,1,0,3895,T
5-NP,428,0,3897,0,0,3897,T
5-NP,429,0,17,3925,0,3942,G
5-NP,430,3933,0,2,0,3935,A
5-NP,431,3945,1,0,0,3946,A
5-NP,432,0,3968,0,3,3971,T
5-NP,433,0,12,3943,0,3955,G
5-NP,434,4138,0,10,0,4148,A
5-NP,435,0,4158,0,3,4161,T
5-NP,436,0,3,4176,0,4179,G
5-NP,437,1,3,0,4322,4326,C
5-NP,438,4304,0,3,1,4308,A
5-NP,439,4548,1,4,0,4553,A
5-NP,440,0,0,1,4569,4570,C
5-NP,441,4640,0,0,1,4641,A
5-NP,442,0,4774,0,1,4775,T
5-NP,443,4691,0,1,1,4693,A
5-NP,444,0,1,0,4802,4803,C
5-NP,445,7,0,0,4790,4797,C
5-NP,446,4712,0,5,0,4717,A
5-NP,447,0,10,4766,0,4776,G
5-NP,448,4649,1,10,0,4660,A
5-NP,449,0,11,4794,1,4806,G
5-NP,450,1,17,4769,0,4787,G
5-NP,451,4735,0,4,0,4739,A
5-NP,452,0,1,0,4790,4791,C
5-NP,453,4747,0,1,1,4749,A
5-NP,454,4744,0,3,2,4749,A
5-NP,455,0,18,4752,0,4770,G
5-NP,456,4702,0,5,0,4707,A
5-NP,457,3,0,4754,0,4757,G
5-NP,458,0,0,0,4749,4749,C
5-NP,459,0,4721,0,4,4725,T
5-NP,460,14,0,0,4736,4750,C
5-NP,461,0,4743,0,3,4746,T
5-NP,462,0,4770,0,2,4772,T
5-NP,463,1,1,4775,0,4777,G
5-NP,464,0,4753,0,0,4753,T
5-NP,465,0,4749,0,6,4755,T
5-NP,466,21,0,1,4739,4761,C
5-NP,467,1,24,4741,1,4767,G
5-NP,468,4815,0,0,0,4815,A
5-NP,469,4826,2,0,0,4828,A
5-NP,470,1,0,0,4869,4870,C
5-NP,471,1,4849,0,5,4855,T
5-NP,472,0,5,4999,0,5004,G
5-NP,473,0,7,5017,0,5024,G
5-NP,474,5024,4,2,0,5030,A
5-NP,475,5035,0,5,0,5040,A
5-NP,476,0,5023,0,0,5023,T
5-NP,477,0,12,4970,0,4982,G
5-NP,478,0,14,4944,0,4958,G
5-NP,479,4952,0,8,0,4960,A
5-NP,480,1,157,1,4714,4873,C
5-NP,481,7,1,0,5143,5151,C
5-NP,482,25,0,1,5219,5245,C
5-NP,483,9,0,0,5274,5283,C
5-NP,484,5407,0,1,0,5408,A
5-NP,485,0,13,5519,0,5532,G
5-NP,486,5549,0,1,0,5550,A
5-NP,487,5581,1,1,0,5583,A
5-NP,488,0,5555,0,1,5556,T
5-NP,489,33,0,5592,0,5625,G
5-NP,490,1,5573,0,3,5577,T
5-NP,491,4,4,5632,0,5640,G
5-NP,492,1,0,0,5646,5647,C
5-NP,493,0,5621,0,8,5629,T
5-NP,494,30,0,0,6216,6246,C
5-NP,495,0,6206,0,2,6208,T
5-NP,496,7,0,0,6560,6567,C
5-NP,497,2,6563,0,5,6570,T
5-NP,498,1,18,6595,0,6614,G
5-NP,499,6677,0,3,0,6680,A
5-NP,500,0,6686,1,2,6689,T
5-NP,501,2,1,6675,0,6678,G
5-NP,502,0,1,0,6678,6679,C
5-NP,503,6477,1,6,0,6484,A
5-NP,504,0,20,6743,0,6763,G
5-NP,505,0,18,6635,1,6654,G
5-NP,506,1,0,6743,0,6744,G
5-NP,507,2,0,0,6765,6767,C
5-NP,508,2,6722,0,2,6726,T
5-NP,509,13,4,0,6763,6780,C
5-NP,510,1,44,6736,0,6781,G
5-NP,511,6879,1,6,0,6886,A
5-NP,512,0,1,0,6918,6919,C
5-NP,513,0,6825,1,9,6835,T
5-NP,514,25,1,0,7259,7285,C
5-NP,515,0,7239,0,4,7243,T
5-NP,516,24,0,1,8414,8439,C
5-NP,517,21,1,0,8449,8471,C
5-NP,518,41,1,0,8449,8491,C
5-NP,519,1,8491,0,3,8495,T
5-NP,520,8460,2,3,0,8465,A
5-NP,521,0,7,8440,0,8447,G
5-NP,522,8449,0,0,0,8449,A
5-NP,523,8243,1,5,0,8249,A
5-NP,524,0,24,8255,0,8279,G
5-NP,525,0,3,8258,0,8261,G
5-NP,526,2,8146,0,2,8150,T
5-NP,527,25,0,1,8147,8173,C
5-NP,528,18,9,0,8152,8179,C
5-NP,529,8,23,8163,0,8194,G
5-NP,530,2,22,8245,0,8269,G
5-NP,531,8249,0,3,1,8253,A
5-NP,532,0,1,8380,0,8381,G
5-NP,533,0,0,0,8390,8390,C
5-NP,534,1,8295,0,9,8305,T
5-NP,535,6,0,8348,0,8354,G
5-NP,536,7,5,1,8355,8368,C
5-NP,537,8343,2,15,1,8361,A
5-NP,538,0,11,8393,0,8404,G
5-NP,539,3,7,8445,5,8460,G
5-NP,540,0,8376,0,3,8379,T
5-NP,541,3,6,8430,0,8439,G
5-NP,542,4,3,0,8450,8457,C
5-NP,543,0,8430,0,39,8469,T
5-NP,544,2,1,8513,0,8516,G
5-NP,545,2,3,0,8490,8495,C
5-NP,546,8611,2,1,0,8614,A
5-NP,547,1,2,8747,0,8750,G
5-NP,548,3,8652,0,5,8660,T
5-NP,549,35,2,0,8701,8738,C
5-NP,550,8704,1,3,0,8708,A
5-NP,551,8709,0,2,1,8712,A
5-NP,552,8714,0,12,0,8726,A
5-NP,553,1,15,8770,1,8787,G
5-NP,554,2,31,8778,0,8811,G
5-NP,555,8819,1,3,0,8823,A
5-NP,556,8790,2,8,1,8801,A
5-NP,557,0,8786,0,0,8786,T
5-NP,558,19,5,1,8758,8783,C
5-NP,559,3,41,8733,0,8777,G
5-NP,560,1,22,9031,0,9054,G
5-NP,561,3,29,9047,0,9079,G
5-NP,562,9012,1,8,0,9021,A
5-NP,563,2,1,0,9080,9083,C
5-NP,564,8970,0,5,0,8975,A
5-NP,565,9221,1,4,1,9227,A
5-NP,566,1,9260,0,0,9261,T
5-NP,567,2,24,9304,1,9331,G
5-NP,568,0,5,9442,0,9447,G
5-NP,569,1,9219,0,5,9225,T
5-NP,570,3,16,9301,0,9320,G
5-NP,571,9275,2,12,0,9289,A
5-NP,572,2,9286,0,2,9290,T
5-NP,573,0,28,9275,0,9303,G
5-NP,574,1,40,9484,0,9525,G
5-NP,575,9456,1,7,0,9464,A
5-NP,576,9482,0,4,0,9486,A
5-NP,577,0,0,0,9437,9437,C
5-NP,578,1,9343,0,0,9344,T
5-NP,579,9313,0,4,0,9317,A
5-NP,580,9825,1,1,2,9829,A
5-NP,581,2,9840,0,3,9845,T
5-NP,582,28,3,0,9823,9854,C
5-NP,583,9574,1,2,0,9577,A
5-NP,584,0,22,9728,1,9751,G
5-NP,585,9682,1,3,0,9686,A
5-NP,586,9688,2,4,1,9695,A
5-NP,587,1,9719,0,0,9720,T
5-NP,588,1,29,9648,0,9678,G
5-NP,589,0,4,9852,0,9856,G
5-NP,590,0,9829,0,4,9833,T
5-NP,591,44,3,0,9804,9851,C
5-NP,592,9859,0,2,1,9862,A
5-NP,593,9859,0,4,1,9864,A
5-NP,594,9872,0,6,1,9879,A
5-NP,595,0,15,2,9885,9902,C
5-NP,596,1,37,9842,0,9880,G
5-NP,597,0,40,9899,0,9939,G
5-NP,598,3,58,9770,2,9833,G
5-NP,599,3,20,9849,1,9873,G
5-NP,600,4,34,9875,0,9913,G
5-NP,601,9908,3,9,0,9920,A
5-NP,602,1,9839,1,10,9851,T
5-NP,603,23,1,0,9856,9880,C
5-NP,604,9891,0,10,0,9901,A
5-NP,605,9887,0,11,1,9899,A
5-NP,606,1,8,0,9786,9795,C
5-NP,607,0,24,9745,0,9769,G
5-NP,608,9724,0,7,0,9731,A
5-NP,609,0,9701,1,2,9704,T
5-NP,610,34,1,1,9695,9731,C
5-NP,611,2,22,9726,0,9750,G
5-NP,612,9716,1,0,0,9717,A
5-NP,613,9714,0,0,0,9714,A
5-NP,614,9723,0,3,0,9726,A
5-NP,615,0,9866,0,1,9867,T
5-NP,616,0,9868,0,2,9870,T
5-NP,617,0,9864,0,8,9872,T
5-NP,618,2,9875,0,3,9880,T
5-NP,619,0,9900,0,0,9900,T
5-NP,620,16,33,9852,0,9901,G
5-NP,621,1,20,9879,0,9900,G
5-NP,622,9828,2,11,1,9842,A
5-NP,623,1,20,9890,0,9911,G
5-NP,624,9741,1,11,1,9754,A
5-NP,625,0,15,10209,0,10224,G
5-NP,626,1,1,10251,1,10254,G
5-NP,627,1,10177,0,9,10187,T
5-NP,628,4,43,10208,1,10256,G
5-NP,629,10244,4,13,0,10261,A
5-NP,630,1,28,10339,0,10368,G
5-NP,631,10337,1,10,0,10348,A
5-NP,632,10323,0,5,0,10328,A
5-NP,633,1,10304,0,3,10308,T
5-NP,634,3,43,9882,0,9928,G
5-NP,635,1,15,9850,0,9866,G
5-NP,636,9744,0,23,0,9767,A
5-NP,637,2,16,0,9809,9827,C
5-NP,638,4,24,9810,0,9838,G
5-NP,639,0,16,9949,0,9965,G
5-NP,640,9934,1,4,0,9939,A
5-NP,641,9971,0,5,0,9976,A
5-NP,642,10088,1,7,0,10096,A
5-NP,643,10095,2,22,1,10120,A
5-NP,644,3,3,1,10223,10230,C
5-NP,645,10202,0,1,0,10203,A
5-NP,646,10185,1,9,0,10195,A
5-NP,647,1,19,10167,0,10187,G
5-NP,648,9884,0,3,0,9887,A
5-NP,649,9928,0,5,0,9933,A
5-NP,650,0,0,10198,0,10198,G
5-NP,651,1,10116,0,3,10120,T
5-NP,652,2,2,10682,0,10686,G
5-NP,653,7,0,1,10624,10632,C
5-NP,654,0,10650,1,12,10663,T
5-NP,655,1,10690,1,3,10695,T
5-NP,656,10802,1,4,1,10808,A
5-NP,657,0,10813,0,1,10814,T
5-NP,658,2,46,10817,0,10865,G
5-NP,659,10582,2,15,0,10599,A
5-NP,660,3,35,10617,0,10655,G
5-NP,661,10154,0,6,1,10161,A
5-NP,662,1,23,10213,0,10237,G
5-NP,663,10197,0,11,0,10208,A
5-NP,664,10295,0,4,0,10299,A
5-NP,665,0,10190,0,1,10191,T
5-NP,666,2,5,10346,1,10354,G
5-NP,667,1,10259,0,9,10269,T
5-NP,668,1,5,10323,0,10329,G
5-NP,669,5,4,0,10312,10321,C
5-NP,670,10282,1,5,0,10288,A
5-NP,671,10277,1,10,0,10288,A
5-NP,672,1,7,0,10266,10274,C
5-NP,673,10163,2,0,1,10166,A
5-NP,674,0,10200,0,3,10203,T
5-NP,675,3,10071,0,5,10079,T
5-NP,676,30,0,0,10079,10109,C
5-NP,677,0,10082,0,2,10084,T
5-NP,678,3,10081,0,2,10086,T
5-NP,679,10082,0,2,0,10084,A
5-NP,680,10044,0,1,0,10045,A
5-NP,681,10028,0,13,0,10041,A
5-NP,682,1,15,10044,0,10060,G
5-NP,683,5,29,10005,0,10039,G
5-NP,684,9992,0,5,0,9997,A
5-NP,685,9981,1,6,0,9988,A
5-NP,686,9990,1,3,0,9994,A
5-NP,687,10143,0,2,0,10145,A
5-NP,688,0,10140,0,1,10141,T
5-NP,689,0,10137,1,1,10139,T
5-NP,690,1,10156,0,1,10158,T
5-NP,691,21,4,0,10133,10158,C
5-NP,692,10165,0,8,1,10174,A
5-NP,693,10156,0,2,1,10159,A
5-NP,694,10147,1,12,1,10161,A
5-NP,695,1,3,0,10278,10282,C
5-NP,696,10120,1,3,0,10124,A
5-NP,697,2,2,10345,0,10349,G
5-NP,698,2,1,0,10329,10332,C
5-NP,699,0,10306,0,8,10314,T
5-NP,700,5,3,10491,0,10499,G
5-NP,701,5,7,0,10479,10491,C
5-NP,702,10566,1,9,1,10577,A
5-NP,703,1,1,0,10598,10600,C
5-NP,704,10491,0,4,0,10495,A
5-NP,705,10516,1,5,0,10522,A
5-NP,706,10270,0,5,0,10275,A
5-NP,707,4,40,10616,0,10660,G
5-NP,708,10632,0,8,0,10640,A
5-NP,709,3,3,10625,0,10631,G
5-NP,710,4,5,1,10577,10587,C
5-NP,711,10588,2,3,0,10593,A
5-NP,712,10980,1,2,1,10984,A
5-NP,713,2,10975,0,6,10983,T
5-NP,714,2,26,10993,0,11021,G
5-NP,715,2,2,11065,0,11069,G
5-NP,716,0,10711,0,8,10719,T
5-NP,717,2,52,10694,1,10749,G
5-NP,718,1,18,10805,0,10824,G
5-NP,719,10828,1,6,0,10835,A
5-NP,720,1,10781,0,14,10796,T
5-NP,721,40,1,0,10473,10514,C
5-NP,722,10557,0,3,0,10560,A
5-NP,723,10652,1,4,0,10657,A
5-NP,724,1,0,10718,1,10720,G
5-NP,725,0,10615,1,6,10622,T
5-NP,726,2,45,10612,0,10659,G
5-NP,727,10493,4,24,1,10522,A
5-NP,728,2,39,10533,0,10574,G
5-NP,729,10538,2,14,0,10554,A
5-NP,730,1,15,10547,0,10563,G
5-NP,731,10499,3,7,0,10509,A
5-NP,732,10282,0,4,0,10286,A
5-NP,733,10340,2,7,0,10349,A
5-NP,734,2,1,10409,1,10413,G
5-NP,735,2,10327,0,8,10337,T
5-NP,736,38,8,1,10321,10368,C
5-NP,737,5,26,10303,1,10335,G
5-NP,738,1,29,10320,0,10350,G
5-NP,739,10357,1,9,0,10367,A
5-NP,740,10406,1,8,0,10415,A
5-NP,741,1,1,0,10471,10473,C
5-NP,742,17,2,0,10406,10425,C
5-NP,743,45,3,0,10378,10426,C
5-NP,744,10356,0,10,0,10366,A
5-NP,745,1,12,10389,0,10402,G
5-NP,746,1,22,10397,0,10420,G
5-NP,747,10373,0,4,0,10377,A
5-NP,748,10381,0,3,0,10384,A
5-NP,749,10322,0,5,2,10329,A
5-NP,750,2,4,1,10368,10375,C
5-NP,751,1,4,10327,1,10333,G
5-NP,752,3,4,0,10332,10339,C
5-NP,753,3,10291,0,16,10310,T
5-NP,754,2,28,10316,0,10346,G
5-NP,755,10266,0,5,0,10271,A
5-NP,756,0,21,10443,0,10464,G
5-NP,757,10485,0,8,0,10493,A
5-NP,758,1,10426,0,8,10435,T
5-NP,759,38,5,0,10306,10349,C
5-NP,760,4,15,10348,0,10367,G
5-NP,761,10346,2,4,1,10353,A
5-NP,762,10350,5,4,1,10360,A
5-NP,763,2,3,10369,0,10374,G
5-NP,764,10397,2,4,0,10403,A
5-NP,765,1,10302,1,4,10308,T
5-NP,766,17,1,0,10402,10420,C
5-NP,767,0,10384,0,20,10404,T
5-NP,768,41,2,0,10428,10471,C
5-NP,769,10477,1,6,1,10485,A
5-NP,770,2,10467,1,1,10471,T
5-NP,771,10493,0,1,0,10494,A
5-NP,772,0,10446,0,4,10450,T
5-NP,773,1,10418,1,1,10421,T
5-NP,774,1,10374,0,2,10377,T
5-NP,775,1,10251,0,2,10254,T
5-NP,776,0,10251,0,1,10252,T
5-NP,777,10272,0,2,0,10274,A
5-NP,778,3,2,10256,0,10261,G
5-NP,779,2,4,0,10262,10268,C
5-NP,780,10221,1,1,1,10224,A
5-NP,781,10196,2,1,1,10200,A
5-NP,782,1,24,10534,2,10561,G
5-NP,783,10531,1,3,0,10535,A
5-NP,784,1,10560,0,1,10562,T
5-NP,785,10,2,0,10622,10634,C
5-NP,786,2,10555,1,17,10575,T
5-NP,787,2,2,10860,0,10864,G
5-NP,788,3,0,0,10885,10888,C
5-NP,789,10881,0,8,0,10889,A
5-NP,790,2,11011,0,3,11016,T
5-NP,791,1,10593,0,24,10618,T
5-NP,792,5,15,11276,0,11296,G
5-NP,793,11450,0,10,2,11462,A
5-NP,794,0,11469,1,4,11474,T
5-NP,795,11496,0,5,0,11501,A
5-NP,796,0,11265,2,2,11269,T
5-NP,797,0,11181,1,1,11183,T
5-NP,798,1,48,11205,0,11254,G
5-NP,799,11120,0,3,1,11124,A
5-NP,800,2,23,11201,0,11226,G
5-NP,801,10642,0,10,1,10653,A
5-NP,802,0,32,10480,0,10512,G
5-NP,803,246,32,10375,1,10654,G
5-NP,804,10627,1,6,0,10634,A
5-NP,805,1,10590,1,2,10594,T
5-NP,806,47,3,0,10621,10671,C
5-NP,807,10571,0,3,0,10574,A
5-NP,808,2,1,10630,0,10633,G
5-NP,809,2,10573,0,3,10578,T
5-NP,810,1,10499,0,4,10504,T
5-NP,811,4,9,10497,0,10510,G
5-NP,812,2,4,1,10399,10406,C
5-NP,813,0,10393,0,12,10405,T
5-NP,814,65,5,0,10427,10497,C
5-NP,815,10465,2,5,0,10472,A
5-NP,816,2,1,0,10507,10510,C
5-NP,817,10502,1,2,0,10505,A
5-NP,818,10552,1,3,0,10556,A
5-NP,819,10527,0,2,17,10546,A
5-NP,820,0,10503,0,1,10504,T
5-NP,821,19,0,0,10504,10523,C
5-NP,822,2,10497,0,7,10506,T
5-NP,823,0,10474,0,1,10475,T
5-NP,824,1,7,10540,0,10548,G
5-NP,825,1,2,0,10512,10515,C
5-NP,826,31,0,0,10685,10716,C
5-NP,827,0,10686,0,5,10691,T
5-NP,828,10695,1,3,0,10699,A
5-NP,829,4,69,0,10694,10767,C
5-NP,830,20,3,0,10746,10769,C
5-NP,831,1,10709,3,6,10719,T
5-NP,832,0,1,10896,0,10897,G
5-NP,833,3,2,0,10844,10849,C
5-NP,834,11,0,0,10866,10877,C
5-NP,835,3,10667,2,10,10682,T
5-NP,836,2,0,10828,0,10830,G
5-NP,837,0,10728,1,9,10738,T
5-NP,838,5,5,10882,0,10892,G
5-NP,839,11,7,1,10923,10942,C
5-NP,840,2,2,11162,0,11166,G
5-NP,841,1,10962,0,11,10974,T
5-NP,842,10959,0,2,0,10961,A
5-NP,843,1,10964,1,1,10967,T
5-NP,844,2,44,10921,0,10967,G
5-NP,845,5,41,11371,0,11417,G
5-NP,846,11317,1,14,1,11333,A
5-NP,847,4,3,2,11160,11169,C
5-NP,848,22,2,0,11157,11181,C
5-NP,849,1,10939,34,12,10986,T
5-NP,850,2,1,11498,0,11501,G
5-NP,851,3,3,0,11534,11540,C
5-NP,852,11553,1,8,1,11563,A
5-NP,853,2,1,11780,0,11783,G
5-NP,854,0,11149,1,4,11154,T
5-NP,855,11647,0,2,0,11649,A
5-NP,856,0,11598,1,7,11606,T
5-NP,857,10,1,3,11552,11566,C
5-NP,858,29,3,0,11566,11598,C
5-NP,859,11021,0,1,0,11022,A
5-NP,860,2,3,11084,0,11089,G
5-NP,861,0,11012,1,7,11020,T
5-NP,862,1,57,11118,0,11176,G
5-NP,863,1,31,11087,0,11119,G
5-NP,864,0,2,10937,0,10939,G
5-NP,865,1,10881,0,9,10891,T
5-NP,866,10873,1,5,0,10879,A
5-NP,867,0,7,0,10842,10849,C
5-NP,868,2,70,10723,1,10796,G
5-NP,869,10746,1,3,0,10750,A
5-NP,870,1,0,0,10777,10778,C
5-NP,871,0,10467,0,12,10479,T
5-NP,872,1,10466,2,3,10472,T
5-NP,873,14,4,0,10445,10463,C
5-NP,874,1,23,10475,0,10499,G
5-NP,875,10489,1,4,0,10494,A
5-NP,876,10503,0,1,0,10504,A
5-NP,877,10533,0,2,1,10536,A
5-NP,878,10520,0,2,0,10522,A
5-NP,879,10208,1,274,0,10483,A
5-NP,880,0,23,10500,0,10523,G
5-NP,881,10481,0,16,0,10497,A
5-NP,882,0,57,10538,0,10595,G
5-NP,883,1,32,10635,1,10669,G
5-NP,884,0,17,10676,0,10693,G
5-NP,885,10694,0,8,1,10703,A
5-NP,886,0,10702,0,7,10709,T
5-NP,887,10767,0,3,0,10770,A
5-NP,888,0,10781,0,3,10784,T
5-NP,889,0,10835,0,6,10841,T
5-NP,890,34,2,1,10895,10932,C
5-NP,891,25,1,0,10821,10847,C
5-NP,892,0,10664,0,7,10671,T
5-NP,893,0,10684,0,1,10685,T
5-NP,894,1,23,10794,0,10818,G
5-NP,895,0,1,10907,0,10908,G
5-NP,896,1,10818,0,5,10824,T
5-NP,897,3,47,10742,1,10793,G
5-NP,898,3,21,10691,2,10717,G
5-NP,899,5,32,11252,0,11289,G
5-NP,900,11268,0,4,2,11274,A
5-NP,901,11282,0,9,1,11292,A
5-NP,902,2,11295,1,2,11300,T
5-NP,903,11071,0,3,1,11075,A
5-NP,904,2,37,11018,0,11057,G
5-NP,905,10945,1,8,0,10954,A
5-NP,906,3,1,0,10971,10975,C
5-NP,907,42,0,1,10836,10879,C
5-NP,908,66,0,0,10443,10509,C
5-NP,909,3,10589,1,25,10618,T
5-NP,910,3,10611,0,4,10618,T
5-NP,911,1,10618,0,7,10626,T
5-NP,912,26,2,1,10623,10652,C
5-NP,913,10603,0,4,0,10607,A
5-NP,914,10616,2,3,0,10621,A
5-NP,915,10589,0,5,2,10596,A
5-NP,916,0,2,0,10577,10579,C
5-NP,917,0,10292,0,0,10292,T
5-NP,918,10268,0,1,0,10269,A
5-NP,919,1,2,0,10379,10382,C
5-NP,920,1,10333,0,13,10347,T
5-NP,921,1,10303,0,3,10307,T
5-NP,922,14,1,0,10363,10378,C
5-NP,923,10362,0,1,0,10363,A
5-NP,924,10350,0,0,0,10350,A
5-NP,925,10326,0,1,1,10328,A
5-NP,926,10328,0,1,1,10330,A
5-NP,927,2,10221,0,0,10223,T
5-NP,928,10072,1,4,0,10077,A
5-NP,929,0,2,10283,0,10285,G
5-NP,930,2,4,1,10298,10305,C
5-NP,931,21,0,1,10419,10441,C
5-NP,932,10448,2,2,0,10452,A
5-NP,933,10478,0,2,0,10480,A
5-NP,934,10877,2,1,0,10880,A
5-NP,935,1,10892,0,0,10893,T
5-NP,936,10952,0,1,0,10953,A
5-NP,937,2,10942,0,9,10953,T
5-NP,938,10739,0,8,0,10747,A
5-NP,939,0,2,0,10765,10767,C
5-NP,940,10493,1,13,0,10507,A
5-NP,941,3,2,10808,0,10813,G
5-NP,942,5,4,0,10767,10776,C
5-NP,943,0,10390,0,10,10400,T
5-NP,944,0,10485,0,3,10488,T
5-NP,945,10577,0,1,0,10578,A
5-NP,946,10586,0,5,0,10591,A
5-NP,947,0,10583,0,3,10586,T
5-NP,948,27,0,1,10547,10575,C
5-NP,949,10204,0,5,1,10210,A
5-NP,950,0,47,10279,0,10326,G
5-NP,951,10298,1,9,0,10308,A
5-NP,952,2,3,0,10386,10391,C
5-NP,953,20,4,0,10258,10282,C
5-NP,954,0,10169,0,6,10175,T
5-NP,955,10289,0,3,0,10292,A
5-NP,956,10292,1,6,0,10299,A
5-NP,957,1,6,0,10329,10336,C
5-NP,958,1,45,10299,0,10345,G
5-NP,959,10121,0,3,0,10124,A
5-NP,960,1,26,10107,1,10135,G
5-NP,961,10011,1,12,0,10024,A
5-NP,962,10157,0,5,1,10163,A
5-NP,963,0,10114,1,3,10118,T
5-NP,964,22,1,3,9991,10017,C
5-NP,965,24,4,0,9995,10023,C
5-NP,966,9835,0,13,1,9849,A
5-NP,967,3,2,9927,0,9932,G
5-NP,968,5,2,0,9900,9907,C
5-NP,969,9999,2,6,0,10007,A
5-NP,970,0,2,0,10076,10078,C
5-NP,971,9896,0,8,0,9904,A
5-NP,972,3,2,0,9923,9928,C
5-NP,973,9912,0,5,0,9917,A
5-NP,974,9949,0,17,0,9966,A
5-NP,975,2,44,9954,0,10000,G
5-NP,976,9871,1,11,0,9883,A
5-NP,977,4,1,9938,0,9943,G
5-NP,978,0,9725,0,6,9731,T
5-NP,979,58,2,0,9674,9734,C
5-NP,980,9687,0,15,11,9713,A
5-NP,981,0,2,9717,0,9719,G
5-NP,982,1,1,1,9704,9707,C
5-NP,983,0,9574,2,11,9587,T
5-NP,984,1,18,9756,0,9775,G
5-NP,985,2,6,9829,0,9837,G
5-NP,986,1,9743,0,7,9751,T
5-NP,987,4,4,9838,0,9846,G
5-NP,988,0,9674,0,7,9681,T
5-NP,989,2,41,9654,1,9698,G
5-NP,990,2,8,9648,0,9658,G
5-NP,991,9552,0,17,0,9569,A
5-NP,992,1,9599,2,8,9610,T
5-NP,993,1,23,9125,0,9149,G
5-NP,994,1,5,9104,1,9111,G
5-NP,995,4,1,0,9077,9082,C
5-NP,996,8978,0,5,0,8983,A
5-NP,997,1,8973,3,12,8989,T
5-NP,998,2,1,8965,0,8968,G
5-NP,999,4,6,0,9034,9044,C
5-NP,1000,31,1,0,9019,9051,C
5-NP,1001,9070,0,5,1,9076,A
5-NP,1002,0,9039,0,9,9048,T
5-NP,1003,1,8894,0,6,8901,T
5-NP,1004,21,0,1,8938,8960,C
5-NP,1005,0,8852,1,2,8855,T
5-NP,1006,4,2,8848,0,8854,G
5-NP,1007,1,1,0,8840,8842,C
5-NP,1008,0,8543,1,11,8555,T
5-NP,1009,1,1,8626,0,8628,G
5-NP,1010,4,0,0,8473,8477,C
5-NP,1011,8485,0,2,0,8487,A
5-NP,1012,0,8486,0,7,8493,T
5-NP,1013,0,8411,2,0,8413,T
5-NP,1014,1,8405,1,3,8410,T
5-NP,1015,1,21,8378,0,8400,G
5-NP,1016,8384,1,2,0,8387,A
5-NP,1017,8376,0,10,0,8386,A
5-NP,1018,0,23,8447,0,8470,G
5-NP,1019,8421,2,1,0,8424,A
5-NP,1020,0,8395,0,2,8397,T
5-NP,1021,0,8367,1,1,8369,T
5-NP,1022,1,8378,1,2,8382,T
5-NP,1023,8394,2,1,0,8397,A
5-NP,1024,8387,1,4,0,8392,A
5-NP,1025,1,10,8393,0,8404,G
5-NP,1026,8370,1,12,0,8383,A
5-NP,1027,0,8390,0,2,8392,T
5-NP,1028,0,8206,0,3,8209,T
5-NP,1029,3,0,8259,0,8262,G
5-NP,1030,1,8242,0,9,8252,T
5-NP,1031,1,8241,0,3,8245,T
5-NP,1032,8244,0,3,0,8247,A
5-NP,1033,8258,0,8,0,8266,A
5-NP,1034,1,1,8278,0,8280,G
5-NP,1035,2,1,0,8323,8326,C
5-NP,1036,2,8127,1,12,8142,T
5-NP,1037,1,8184,0,9,8194,T
5-NP,1038,14,2,1,8233,8250,C
5-NP,1039,8246,1,3,0,8250,A
5-NP,1040,0,8218,0,6,8224,T
5-NP,1041,14,2,0,8235,8251,C
5-NP,1042,8129,0,8,1,8138,A
5-NP,1043,0,12,8113,0,8125,G
5-NP,1044,7996,0,9,1,8006,A
5-NP,1045,1,37,7983,0,8021,G
5-NP,1046,0,17,8001,1,8019,G
5-NP,1047,4,24,7946,0,7974,G
5-NP,1048,7962,3,14,0,7979,A
5-NP,1049,0,4,1,7994,7999,C
5-NP,1050,7991,1,2,0,7994,A
5-NP,1051,8032,0,5,0,8037,A
5-NP,1052,8050,0,2,0,8052,A
5-NP,1053,8085,2,2,0,8089,A
5-NP,1054,0,0,8127,0,8127,G
5-NP,1055,1,7864,0,2,7867,T
5-NP,1056,7817,1,4,0,7822,A
5-NP,1057,1,7762,1,9,7773,T
5-NP,1058,11,0,1,7791,7803,C
5-NP,1059,1,7714,0,6,7721,T
5-NP,1060,32,1,1,7791,7825,C
5-NP,1061,21,2,0,7733,7756,C
5-NP,1062,1,7687,1,0,7689,T
5-NP,1063,15,6,0,7684,7705,C
5-NP,1064,2,34,7646,0,7682,G
5-NP,1065,2,32,7718,0,7752,G
5-NP,1066,2,29,7716,1,7748,G
5-NP,1067,6,19,7710,1,7736,G
5-NP,1068,1,15,7719,1,7736,G
5-NP,1069,7572,0,3,0,7575,A
5-NP,1070,7576,1,2,0,7579,A
5-NP,1071,7576,0,6,1,7583,A
5-NP,1072,1,0,0,7679,7680,C
5-NP,1073,0,7625,1,8,7634,T
5-NP,1074,1,0,7727,0,7728,G
5-NP,1075,1,7636,0,11,7648,T
5-NP,1076,53,0,0,7630,7683,C
5-NP,1077,7843,1,10,0,7854,A
5-NP,1078,7914,3,2,0,7919,A
5-NP,1079,2,1,0,7946,7949,C
5-NP,1080,0,7920,0,8,7928,T
5-NP,1081,7757,1,2,0,7760,A
5-NP,1082,0,20,7786,0,7806,G
5-NP,1083,7632,1,4,0,7637,A
5-NP,1084,2,20,7652,0,7674,G
5-NP,1085,1,34,7638,0,7673,G
5-NP,1086,7287,0,10,0,7297,A
5-NP,1087,0,2,7530,0,7532,G
5-NP,1088,2,7417,1,9,7429,T
5-NP,1089,7430,0,2,0,7432,A
5-NP,1090,0,0,0,7431,7431,C
5-NP,1091,7340,1,2,0,7343,A
5-NP,1092,7334,1,5,0,7340,A
5-NP,1093,7276,1,0,0,7277,A
5-NP,1094,1,7202,0,0,7203,T
5-NP,1095,0,7141,0,1,7142,T
5-NP,1096,2,3,6931,0,6936,G
5-NP,1097,0,2,1,6851,6854,C
5-NP,1098,1,6840,3,8,6852,T
5-NP,1099,1,6835,0,3,6839,T
5-NP,1100,24,0,0,6819,6843,C
5-NP,1101,6862,0,0,0,6862,A
5-NP,1102,6892,0,1,0,6893,A
5-NP,1103,6887,0,2,1,6890,A
5-NP,1104,0,6888,0,3,6891,T
5-NP,1105,0,19,6857,0,6876,G
5-NP,1106,6837,1,6,0,6844,A
5-NP,1107,6754,0,63,0,6817,A
5-NP,1108,6857,1,9,2,6869,A
5-NP,1109,6871,0,11,0,6882,A
5-NP,1110,1,0,0,6949,6950,C
5-NP,1111,6877,0,6,0,6883,A
5-NP,1112,0,6869,0,0,6869,T
5-NP,1113,1,26,7016,0,7043,G
5-NP,1114,1,14,7125,0,7140,G
5-NP,1115,7116,1,5,0,7122,A
5-NP,1116,1,7190,0,2,7193,T
5-NP,1117,7130,0,2,0,7132,A
5-NP,1118,7455,0,2,0,7457,A
5-NP,1119,0,7320,0,3,7323,T
5-NP,1120,7324,1,2,0,7327,A
5-NP,1121,0,7281,2,6,7289,T
5-NP,1122,1,52,6943,0,6996,G
5-NP,1123,1,18,6865,0,6884,G
5-NP,1124,1,2,6864,0,6867,G
5-NP,1125,3,6119,0,2,6124,T
5-NP,1126,1,6175,1,3,6180,T
5-NP,1127,30,3,0,6186,6219,C
5-NP,1128,10,37,6188,0,6235,G
5-NP,1129,6213,0,11,0,6224,A
5-NP,1130,2,3,6238,0,6243,G
5-NP,1131,3,0,1,6198,6202,C
5-NP,1132,6109,0,2,0,6111,A
5-NP,1133,4,1,0,6517,6522,C
5-NP,1134,0,6447,0,15,6462,T
5-NP,1135,27,0,0,6510,6537,C
5-NP,1136,1,6528,0,6,6535,T
5-NP,1137,0,6490,0,1,6491,T
5-NP,1138,1,35,6462,1,6499,G
5-NP,1139,6466,1,13,0,6480,A
5-NP,1140,6504,1,5,0,6510,A
5-NP,1141,1,0,1,6527,6529,C
5-NP,1142,0,5600,0,4,5604,T
5-NP,1143,1,29,5607,0,5637,G
5-NP,1144,5519,0,3,1,5523,A
5-NP,1145,0,3,5567,0,5570,G
5-NP,1146,5559,0,7,0,5566,A
5-NP,1147,5619,1,0,0,5620,A
5-NP,1148,0,2,5647,0,5649,G
5-NP,1149,2,2,0,5568,5572,C
5-NP,1150,2396,18,3123,0,5537,G
5-NP,1151,1,14,5591,0,5606,G
5-NP,1152,2,1,5698,0,5701,G
5-NP,1153,0,5701,0,0,5701,T
5-NP,1154,5621,0,3,0,5624,A
5-NP,1155,0,0,0,5625,5625,C
5-NP,1156,1,5130,1,3,5135,T
5-NP,1157,0,20,5153,0,5173,G
5-NP,1158,2,13,5108,0,5123,G
5-NP,1159,2,3,5185,0,5190,G
5-NP,1160,3,2,0,5151,5156,C
5-NP,1161,11,1,0,4953,4965,C
5-NP,1162,5023,1,3,0,5027,A
5-NP,1163,0,5033,0,0,5033,T
5-NP,1164,5026,0,2,0,5028,A
5-NP,1165,5032,2,2,1,5037,A
5-NP,1166,2,20,4949,0,4971,G
5-NP,1167,1,34,5110,0,5145,G
5-NP,1168,5051,2,2,2,5057,A
5-NP,1169,1,0,0,5033,5034,C
5-NP,1170,10,0,0,5030,5040,C
5-NP,1171,5016,0,6,0,5022,A
5-NP,1172,0,16,5115,0,5131,G
5-NP,1173,0,28,5116,0,5144,G
5-NP,1174,5125,0,4,0,5129,A
5-NP,1175,0,1,5164,0,5165,G
5-NP,1176,1,4860,1,4,4866,T
5-NP,1177,1,11,4881,0,4893,G
5-NP,1178,1,19,4940,0,4960,G
5-NP,1179,4954,1,10,0,4965,A
5-NP,1180,0,11,4970,0,4981,G
5-NP,1181,0,14,4864,0,4878,G
5-NP,1182,4857,0,2,0,4859,A
5-NP,1183,4849,1,2,0,4852,A
5-NP,1184,4849,2,9,3,4863,A
5-NP,1185,3,1,0,4896,4900,C
5-NP,1186,4894,0,1,0,4895,A
5-NP,1187,0,1,0,5007,5008,C
5-NP,1188,2,4904,0,0,4906,T
5-NP,1189,5057,0,1,0,5058,A
5-NP,1190,5057,0,5,0,5062,A
5-NP,1191,0,5048,0,7,5055,T
5-NP,1192,14,0,0,5099,5113,C
5-NP,1193,5056,0,1,0,5057,A
5-NP,1194,5146,0,7,0,5153,A
5-NP,1195,2,1,0,5173,5176,C
5-NP,1196,5020,0,2,0,5022,A
5-NP,1197,0,18,4995,0,5013,G
5-NP,1198,4842,0,6,0,4848,A
5-NP,1199,2,15,4893,0,4910,G
5-NP,1200,1,11,4907,0,4919,G
5-NP,1201,2,2,4879,0,4883,G
5-NP,1202,3,3,0,4871,4877,C
5-NP,1203,7,0,0,4848,4855,C
5-NP,1204,1,4795,0,8,4804,T
5-NP,1205,9,0,0,4883,4892,C
5-NP,1206,15,1,0,4874,4890,C
5-NP,1207,6,3,4885,0,4894,G
5-NP,1208,3,2,0,4891,4896,C
5-NP,1209,4773,0,2,1,4776,A
5-NP,1210,0,14,5017,0,5031,G
5-NP,1211,5,1,5019,0,5025,G
5-NP,1212,4,2,0,5052,5058,C
5-NP,1213,16,0,0,5031,5047,C
5-NP,1214,5008,0,0,0,5008,A
5-NP,1215,5032,0,1,0,5033,A
5-NP,1216,5032,3,3,0,5038,A
5-NP,1217,2,0,0,5058,5060,C
5-NP,1218,16,0,0,5050,5066,C
5-NP,1219,4757,0,2,0,4759,A
5-NP,1220,1,1,4881,0,4883,G
5-NP,1221,0,4837,0,3,4840,T
5-NP,1222,0,0,4878,0,4878,G
5-NP,1223,1,4839,0,4,4844,T
5-NP,1224,1,1,4823,0,4825,G
5-NP,1225,3,0,0,4839,4842,C
5-NP,1226,4784,0,1,0,4785,A
5-NP,1227,4860,2,5,0,4867,A
5-NP,1228,0,1,0,4863,4864,C
5-NP,1229,11,1,0,4825,4837,C
5-NP,1230,0,4763,0,3,4766,T
5-NP,1231,4752,0,0,0,4752,A
5-NP,1232,1,2,0,4747,4750,C
5-NP,1233,0,0,4758,0,4758,G
5-NP,1234,0,4726,3,7,4736,T
5-NP,1235,0,4771,0,1,4772,T
5-NP,1236,0,4709,1,2,4712,T
5-NP,1237,0,4674,1,0,4675,T
5-NP,1238,12,0,0,4666,4678,C
5-NP,1239,0,4631,0,2,4633,T
5-NP,1240,0,0,4774,0,4774,G
5-NP,1241,0,4762,0,4,4766,T
5-NP,1242,4779,1,2,0,4782,A
5-NP,1243,0,0,1,4812,4813,C
5-NP,1244,4764,0,2,1,4767,A
5-NP,1245,4763,0,5,0,4768,A
5-NP,1246,4768,0,2,0,4770,A
5-NP,1247,0,8,4788,0,4796,G
5-NP,1248,4779,0,3,0,4782,A
5-NP,1249,4591,0,6,0,4597,A
5-NP,1250,4598,0,6,0,4604,A
5-NP,1251,1,1,0,4618,4620,C
5-NP,1252,12,2,0,4555,4569,C
5-NP,1253,0,4539,1,7,4547,T
5-NP,1254,9,1,0,4551,4561,C
5-NP,1255,18,0,0,4543,4561,C
5-NP,1256,94,0,0,4466,4560,C
5-NP,1257,4557,0,1,0,4558,A
5-NP,1258,0,4590,1,5,4596,T
5-NP,1259,0,4587,0,2,4589,T
5-NP,1260,2,4568,0,0,4570,T
5-NP,1261,0,17,4565,1,4583,G
5-NP,1262,4564,0,2,0,4566,A
5-NP,1263,4568,0,2,0,4570,A
5-NP,1264,4565,1,1,0,4567,A
5-NP,1265,4538,0,4,0,4542,A
5-NP,1266,1,0,4639,0,4640,G
5-NP,1267,0,4592,0,7,4599,T
5-NP,1268,37,1,0,4557,4595,C
5-NP,1269,4599,0,4,0,4603,A
5-NP,1270,4626,0,2,0,4628,A
5-NP,1271,0,0,0,4636,4636,C
5-NP,1272,25,1,0,4693,4719,C
5-NP,1273,4724,0,0,0,4724,A
5-NP,1274,1,4774,0,7,4782,T
5-NP,1275,5,0,0,4739,4744,C
5-NP,1276,4692,0,9,2,4703,A
5-NP,1277,0,4729,0,11,4740,T
5-NP,1278,348,18,4374,0,4740,G
5-NP,1279,1,2,4745,0,4748,G
5-NP,1280,1,3,0,4738,4742,C
5-NP,1281,4605,1,6,0,4612,A
5-NP,1282,3,5,4619,0,4627,G
5-NP,1283,0,0,0,4548,4548,C
5-NP,1284,4562,0,2,0,4564,A
5-NP,1285,0,4559,0,1,4560,T
5-NP,1286,2,4510,0,1,4513,T
5-NP,1287,11,0,0,4521,4532,C
5-NP,1288,4497,0,3,0,4500,A
5-NP,1289,0,1,0,4546,4547,C
5-NP,1290,2,4510,0,3,4515,T
5-NP,1291,2,12,4522,0,4536,G
5-NP,1292,0,11,4525,0,4536,G
5-NP,1293,4536,0,4,0,4540,A
5-NP,1294,4540,0,2,1,4543,A
5-NP,1295,4545,0,3,0,4548,A
5-NP,1296,0,4509,0,1,4510,T
5-NP,1297,4513,0,1,1,4515,A
5-NP,1298,1,5,0,4489,4495,C
5-NP,1299,2,18,4439,0,4459,G
5-NP,1300,0,5,4447,0,4452,G
5-NP,1301,4394,1,1,0,4396,A
5-NP,1302,4338,0,1,0,4339,A
5-NP,1303,1,13,4385,0,4399,G
5-NP,1304,1,10,4417,0,4428,G
5-NP,1305,4439,0,2,0,4441,A
5-NP,1306,4425,0,6,0,4431,A
5-NP,1307,0,32,4408,0,4440,G
5-NP,1308,4426,0,6,0,4432,A
5-NP,1309,4419,0,6,0,4425,A
5-NP,1310,0,0,0,4501,4501,C
5-NP,1311,0,4447,1,4,4452,T
5-NP,1312,0,4498,0,3,4501,T
5-NP,1313,8,2,0,4488,4498,C
5-NP,1314,4489,0,8,0,4497,A
5-NP,1315,0,5,4524,0,4529,G
5-NP,1316,4497,1,5,0,4503,A
5-NP,1317,1,0,0,4522,4523,C
5-NP,1318,4482,0,0,0,4482,A
5-NP,1319,1,4338,0,2,4341,T
5-NP,1320,1,12,4333,0,4346,G
5-NP,1321,4275,0,8,0,4283,A
5-NP,1322,1,38,4303,0,4342,G
5-NP,1323,1,10,4317,0,4328,G
5-NP,1324,1,1,4313,0,4315,G
5-NP,1325,4,3,0,4307,4314,C
5-NP,1326,4248,0,2,0,4250,A
5-NP,1327,1,8,4260,0,4269,G
5-NP,1328,4250,0,4,0,4254,A
5-NP,1329,4290,0,3,0,4293,A
5-NP,1330,4283,0,4,0,4287,A
5-NP,1331,0,4281,0,4,4285,T
5-NP,1332,15,1,0,4299,4315,C
5-NP,1333,4306,0,0,0,4306,A
5-NP,1334,0,4300,0,1,4301,T
5-NP,1335,4299,0,0,3,4302,A
5-NP,1336,4266,0,5,0,4271,A
5-NP,1337,0,6,4347,0,4353,G
5-NP,1338,4275,0,1,0,4276,A
5-NP,1339,4349,0,2,0,4351,A
5-NP,1340,0,4240,0,0,4240,T
5-NP,1341,2,6,4235,0,4243,G
5-NP,1342,4239,0,7,1,4247,A
5-NP,1343,0,4233,1,3,4237,T
5-NP,1344,0,16,4231,0,4247,G
5-NP,1345,1,7,4238,0,4246,G
5-NP,1346,4171,1,2,0,4174,A
5-NP,1347,4167,0,2,0,4169,A
5-NP,1348,4006,1,5,0,4012,A
5-NP,1349,9,0,4115,0,4124,G
5-NP,1350,1,4093,0,20,4114,T
5-NP,1351,4,1,4120,0,4125,G
5-NP,1352,2,2,0,4111,4115,C
5-NP,1353,4109,1,1,0,4111,A
5-NP,1354,4117,1,2,0,4120,A
5-NP,1355,4112,0,9,0,4121,A
5-NP,1356,4190,0,5,0,4195,A
5-NP,1357,0,0,0,4209,4209,C
5-NP,1358,13,1,0,4141,4155,C
5-NP,1359,4103,2,2,1,4108,A
5-NP,1360,1,6,4129,0,4136,G
5-NP,1361,4134,0,1,0,4135,A
5-NP,1362,4134,1,1,0,4136,A
5-NP,1363,0,8,4140,0,4148,G
5-NP,1364,4119,0,3,0,4122,A
5-NP,1365,4014,0,5,0,4019,A
5-NP,1366,0,0,4088,0,4088,G
5-NP,1367,0,4047,1,6,4054,T
5-NP,1368,0,0,4083,0,4083,G
5-NP,1369,0,4029,0,3,4032,T
5-NP,1370,33,1,0,4005,4039,C
5-NP,1371,4041,0,5,0,4046,A
5-NP,1372,0,4109,0,2,4111,T
5-NP,1373,0,4092,0,4,4096,T
5-NP,1374,19,0,1,4089,4109,C
5-NP,1375,8,3,0,3958,3969,C
5-NP,1376,1,6,3972,0,3979,G
5-NP,1377,3929,0,7,1,3937,A
5-NP,1378,2,37,3961,0,4000,G
5-NP,1379,1,13,4038,0,4052,G
5-NP,1380,1,14,4033,0,4048,G
5-NP,1381,3920,1,0,0,3921,A
5-NP,1382,0,27,3914,0,3941,G
5-NP,1383,0,28,3904,0,3932,G
5-NP,1384,2,9,3912,0,3923,G
5-NP,1385,0,11,3905,1,3917,G
5-NP,1386,3866,2,6,0,3874,A
5-NP,1387,0,0,3869,0,3869,G
5-NP,1388,1,3770,0,4,3775,T
5-NP,1389,15,2,0,3733,3750,C
5-NP,1390,0,3822,0,8,3830,T
5-NP,1391,2,3804,1,6,3813,T
5-NP,1392,15,2,0,3816,3833,C
5-NP,1393,0,25,3801,0,3826,G
5-NP,1394,3804,0,3,0,3807,A
5-NP,1395,0,3,3821,0,3824,G
5-NP,1396,0,3,1,3722,3726,C
5-NP,1397,1,3703,0,11,3715,T
5-NP,1398,4,1,1,3713,3719,C
5-NP,1399,0,3714,1,3,3718,T
5-NP,1400,13,4,0,3719,3736,C
5-NP,1401,3736,0,1,1,3738,A
5-NP,1402,0,14,3751,1,3766,G
5-NP,1403,3752,0,3,0,3755,A
5-NP,1404,0,1,0,3735,3736,C
5-NP,1405,2,19,3702,0,3723,G
5-NP,1406,3655,0,2,0,3657,A
5-NP,1407,0,3,3674,0,3677,G
5-NP,1408,3640,0,3,0,3643,A
5-NP,1409,3615,0,4,0,3619,A
5-NP,1410,0,4,3625,0,3629,G
5-NP,1411,0,2,3584,0,3586,G
5-NP,1412,2,4,0,3571,3577,C
5-NP,1413,3564,0,2,0,3566,A
5-NP,1414,3564,0,6,0,3570,A
5-NP,1415,0,2,1,3553,3556,C
5-NP,1416,1,15,3548,0,3564,G
5-NP,1417,3570,0,1,0,3571,A
5-NP,1418,3570,1,6,0,3577,A
5-NP,1419,1,2,0,3560,3563,C
5-NP,1420,8,0,0,3521,3529,C
5-NP,1421,36,1,1,3467,3505,C
5-NP,1422,5,10,3495,0,3510,G
5-NP,1423,3503,0,3,0,3506,A
5-NP,1424,1,3510,0,6,3517,T
5-NP,1425,26,2,0,3402,3430,C
5-NP,1426,2,1,3438,0,3441,G
5-NP,1427,0,3408,0,5,3413,T
5-NP,1428,1,1,3413,0,3415,G
5-NP,1429,4,1,0,3389,3394,C
5-NP,1430,15,8,0,3372,3395,C
5-NP,1431,25,0,0,3375,3400,C
5-NP,1432,0,3333,0,2,3335,T
5-NP,1433,10,0,0,3492,3502,C
5-NP,1434,0,3483,2,8,3493,T
5-NP,1435,0,3486,0,9,3495,T
5-NP,1436,0,3487,1,0,3488,T
5-NP,1437,0,3458,0,2,3460,T
5-NP,1438,0,7,3481,0,3488,G
5-NP,1439,3472,0,1,0,3473,A
5-NP,1440,0,3454,0,1,3455,T
5-NP,1441,3430,0,0,0,3430,A
5-NP,1442,0,2898,0,2,2900,T
5-NP,1443,0,20,2949,0,2969,G
5-NP,1444,2949,2,2,1,2954,A
5-NP,1445,1,0,3020,0,3021,G
5-NP,1446,0,3011,0,2,3013,T
5-NP,1447,2928,0,1,0,2929,A
5-NP,1448,2927,0,4,0,2931,A
5-NP,1449,0,2921,0,1,2922,T
5-NP,1450,0,9,2915,0,2924,G
5-NP,1451,2906,0,1,0,2907,A
5-NP,1452,2586,0,3,0,2589,A
5-NP,1453,0,11,2571,0,2582,G
5-NP,1454,0,9,2407,1,2417,G
5-NP,1455,2391,0,2,1,2394,A
5-NP,1456,0,2391,0,7,2398,T
5-NP,1457,6,0,0,2380,2386,C
5-NP,1458,0,2364,0,2,2366,T
5-NP,1459,0,2354,0,3,2357,T
5-NP,1460,2363,0,0,0,2363,A
5-NP,1461,0,2349,0,4,2353,T
5-NP,1462,1,2312,0,4,2317,T
5-NP,1463,0,2287,0,2,2289,T
5-NP,1464,2,0,0,2238,2240,C
5-NP,1465,0,2144,0,4,2148,T
5-NP,1466,0,2144,0,0,2144,T
5-NP,1467,5,5,0,2143,2153,C
5-NP,1468,4,2,2133,0,2139,G
5-NP,1469,0,9,2133,0,2142,G
5-NP,1470,2130,0,3,0,2133,A
5-NP,1471,0,6,2129,0,2135,G
5-NP,1472,2113,0,3,0,2116,A
5-NP,1473,0,0,0,2088,2088,C
5-NP,1474,1990,1,1,0,1992,A
5-NP,1475,1991,0,2,0,1993,A
5-NP,1476,0,1992,0,1,1993,T
5-NP,1477,2,1,1984,0,1987,G
5-NP,1478,2,1,0,1980,1983,C
5-NP,1479,1935,0,2,0,1937,A
5-NP,1480,0,2,1935,0,1937,G
5-NP,1481,1920,0,0,1,1921,A
5-NP,1482,1799,0,0,0,1799,A
5-NP,1483,0,2,1792,0,1794,G
5-NP,1484,1297,0,3,0,1300,A
5-NP,1485,0,0,1302,0,1302,G
5-NP,1486,0,1176,0,0,1176,T
5-NP,1487,1165,0,0,0,1165,A
5-NP,1488,0,1081,0,2,1083,T
5-NP,1489,0,2,1080,0,1082,G
5-NP,1490,1083,0,2,0,1085,A
5-NP,1491,0,0,0,1077,1077,C
5-NP,1492,687,0,0,0,687,A
5-NP,1493,680,0,0,0,680,A
5-NP,1494,0,473,0,0,473,T
5-NP,1495,0,445,0,0,445,T
5-NP,1496,441,0,0,0,441,A
5-NP,1497,430,0,0,0,430,A
6-NA,1,234,0,0,0,234,A
6-NA,2,0,234,0,0,234,T
6-NA,3,0,0,237,0,237,G
6-NA,4,235,0,4,0,239,A
6-NA,5,251,0,0,0,251,A
6-NA,6,0,252,0,0,252,T
6-NA,7,0,0,0,251,251,C
6-NA,8,2,0,0,253,255,C
6-NA,9,254,0,0,0,254,A
6-NA,10,279,0,0,0,279,A
6-NA,11,283,0,0,0,283,A
6-NA,12,0,286,0,0,286,T
6-NA,13,1,0,0,286,287,C
6-NA,14,287,0,0,0,287,A
6-NA,15,288,0,0,0,288,A
6-NA,16,288,0,0,1,289,A
6-NA,17,309,0,0,0,309,A
6-NA,18,0,2,337,0,339,G
6-NA,19,350,0,0,0,350,A
6-NA,20,0,356,0,0,356,T
6-NA,21,359,0,0,0,359,A
6-NA,22,363,0,1,0,364,A
6-NA,23,0,368,0,0,368,T
6-NA,24,372,0,0,0,372,A
6-NA,25,375,0,0,0,375,A
6-NA,26,0,0,0,391,391,C
6-NA,27,0,0,399,0,399,G
6-NA,28,398,0,0,0,398,A
6-NA,29,0,397,0,0,397,T
6-NA,30,0,397,0,0,397,T
6-NA,31,0,2,400,0,402,G
6-NA,32,0,0,429,0,429,G
6-NA,33,0,0,0,435,435,C
6-NA,34,0,433,0,1,434,T
6-NA,35,0,0,0,455,455,C
6-NA,36,0,454,0,1,455,T
6-NA,37,0,0,478,0,478,G
6-NA,38,1,473,0,2,476,T
6-NA,39,0,477,0,0,477,T
6-NA,40,0,500,0,0,500,T
6-NA,41,1,0,0,508,509,C
6-NA,42,0,508,0,0,508,T
6-NA,43,0,0,0,508,508,C
6-NA,44,0,506,0,3,509,T
6-NA,45,0,0,0,522,522,C
6-NA,46,520,0,0,0,520,A
6-NA,47,0,0,0,557,557,C
6-NA,48,2,0,0,557,559,C
6-NA,49,565,0,0,0,565,A
6-NA,50,0,571,0,1,572,T
6-NA,51,0,585,0,0,585,T
6-NA,52,0,585,0,0,585,T
6-NA,53,0,0,1,601,602,C
6-NA,54,3,0,0,599,602,C
6-NA,55,612,0,1,0,613,A
6-NA,56,0,0,0,636,636,C
6-NA,57,629,0,0,0,629,A
6-NA,58,673,0,0,0,673,A
6-NA,59,0,674,0,0,674,T
6-NA,60,708,0,1,0,709,A
6-NA,61,0,711,0,1,712,T
6-NA,62,1,0,709,0,710,G
6-NA,63,0,0,0,711,711,C
6-NA,64,0,710,0,1,711,T
6-NA,65,0,718,0,1,719,T
6-NA,66,2,0,0,720,722,C
6-NA,67,0,715,0,0,715,T
6-NA,68,0,716,0,0,716,T
6-NA,69,2,0,0,712,714,C
6-NA,70,714,0,1,0,715,A
6-NA,71,0,715,0,0,715,T
6-NA,72,0,0,717,0,717,G
6-NA,73,0,0,0,718,718,C
6-NA,74,720,0,0,0,720,A
6-NA,75,721,0,1,0,722,A
6-NA,76,723,0,0,0,723,A
6-NA,77,0,732,0,0,732,T
6-NA,78,0,734,0,0,734,T
6-NA,79,0,1,733,0,734,G
6-NA,80,0,0,0,732,732,C
6-NA,81,5,0,0,732,737,C
6-NA,82,745,0,0,0,745,A
6-NA,83,0,748,0,1,749,T
6-NA,84,1,0,0,816,817,C
6-NA,85,0,823,0,1,824,T
6-NA,86,0,820,0,1,821,T
6-NA,87,0,3,838,0,841,G
6-NA,88,838,0,0,0,838,A
6-NA,89,0,846,0,0,846,T
6-NA,90,847,0,0,0,847,A
6-NA,91,842,0,5,0,847,A
6-NA,92,0,0,0,950,950,C
6-NA,93,0,939,0,0,939,T
6-NA,94,962,0,0,0,962,A
6-NA,95,0,1,0,1012,1013,C
6-NA,96,0,1003,0,1,1004,T
6-NA,97,0,0,1023,0,1023,G
6-NA,98,0,1020,0,1,1021,T
6-NA,99,1023,0,0,0,1023,A
6-NA,100,1044,0,0,0,1044,A
6-NA,101,0,0,0,1007,1007,C
6-NA,102,978,0,0,0,978,A
6-NA,103,0,978,0,0,978,T
6-NA,104,0,954,0,0,954,T
6-NA,105,0,1,952,0,953,G
6-NA,106,1,0,0,955,956,C
6-NA,107,970,0,0,0,970,A
6-NA,108,0,977,0,1,978,T
6-NA,109,0,975,0,0,975,T
6-NA,110,0,978,0,0,978,T
6-NA,111,3,0,0,974,977,C
6-NA,112,979,0,0,0,979,A
6-NA,113,984,0,0,0,984,A
6-NA,114,0,0,986,0,986,G
6-NA,115,0,0,0,992,992,C
6-NA,116,985,0,0,0,985,A
6-NA,117,1018,0,0,0,1018,A
6-NA,118,0,1033,0,0,1033,T
6-NA,119,1031,0,0,0,1031,A
6-NA,120,0,1029,0,1,1030,T
6-NA,121,0,9,1046,0,1055,G
6-NA,122,1051,0,0,1,1052,A
6-NA,123,1072,0,0,0,1072,A
6-NA,124,0,1073,0,1,1074,T
6-NA,125,0,1071,0,1,1072,T
6-NA,126,4,0,0,1069,1073,C
6-NA,127,1063,0,1,0,1064,A
6-NA,128,1072,0,3,0,1075,A
6-NA,129,0,0,0,1078,1078,C
6-NA,130,0,1057,0,2,1059,T
6-NA,131,5,1,0,1054,1060,C
6-NA,132,1,0,0,1057,1058,C
6-NA,133,10,0,0,1068,1078,C
6-NA,134,4,1,0,1081,1086,C
6-NA,135,1,0,0,1088,1089,C
6-NA,136,7,1,0,1096,1104,C
6-NA,137,8,1,0,1091,1100,C
6-NA,138,1104,0,0,0,1104,A
6-NA,139,1103,0,0,0,1103,A
6-NA,140,1100,0,1,0,1101,A
6-NA,141,0,0,0,1132,1132,C
6-NA,142,1121,0,0,0,1121,A
6-NA,143,1141,0,0,0,1141,A
6-NA,144,0,1,0,1142,1143,C
6-NA,145,3,0,0,1126,1129,C
6-NA,146,1155,0,0,0,1155,A
6-NA,147,1149,0,0,0,1149,A
6-NA,148,1,2,1146,0,1149,G
6-NA,149,1,0,0,1134,1135,C
6-NA,150,0,3,1144,0,1147,G
6-NA,151,1203,0,0,0,1203,A
6-NA,152,0,1208,0,0,1208,T
6-NA,153,0,0,1201,0,1201,G
6-NA,154,1,2,0,1205,1208,C
6-NA,155,0,1178,0,1,1179,T
6-NA,156,2,1,1202,0,1205,G
6-NA,157,0,1207,0,0,1207,T
6-NA,158,0,1,1189,0,1190,G
6-NA,159,2,1,0,1161,1164,C
6-NA,160,0,3,1157,0,1160,G
6-NA,161,1177,1,1,0,1179,A
6-NA,162,1183,1,0,0,1184,A
6-NA,163,1,0,0,1187,1188,C
6-NA,164,11,0,0,1179,1190,C
6-NA,165,1157,1,1,0,1159,A
6-NA,166,1161,0,0,0,1161,A
6-NA,167,1,0,0,1223,1224,C
6-NA,168,1221,0,1,0,1222,A
6-NA,169,1231,1,0,0,1232,A
6-NA,170,0,1226,0,0,1226,T
6-NA,171,1224,0,0,0,1224,A
6-NA,172,1223,0,0,0,1223,A
6-NA,173,0,1222,0,0,1222,T
6-NA,174,1215,0,1,0,1216,A
6-NA,175,0,7,1217,0,1224,G
6-NA,176,1179,0,2,0,1181,A
6-NA,177,1190,0,1,0,1191,A
6-NA,178,1181,0,1,0,1182,A
6-NA,179,0,1,1186,0,1187,G
6-NA,180,1203,0,0,0,1203,A
6-NA,181,1206,0,0,0,1206,A
6-NA,182,1269,0,0,0,1269,A
6-NA,183,0,0,0,1282,1282,C
6-NA,184,1279,0,0,0,1279,A
6-NA,185,0,1294,0,0,1294,T
6-NA,186,1304,0,0,0,1304,A
6-NA,187,1307,0,0,0,1307,A
6-NA,188,0,0,0,1333,1333,C
6-NA,189,1302,0,0,0,1302,A
6-NA,190,1,8,1347,0,1356,G
6-NA,191,1318,0,2,0,1320,A
6-NA,192,0,0,1323,0,1323,G
6-NA,193,1325,1,1,0,1327,A
6-NA,194,0,1388,0,0,1388,T
6-NA,195,1379,0,0,0,1379,A
6-NA,196,1,0,1411,0,1412,G
6-NA,197,0,1392,0,1,1393,T
6-NA,198,0,0,1443,0,1443,G
6-NA,199,0,1419,0,0,1419,T
6-NA,200,1420,0,0,0,1420,A
6-NA,201,0,1413,0,1,1414,T
6-NA,202,2,0,0,1418,1420,C
6-NA,203,0,1379,0,1,1380,T
6-NA,204,1,8,1413,0,1422,G
6-NA,205,1426,0,3,0,1429,A
6-NA,206,1,0,0,1430,1431,C
6-NA,207,9,2,0,1409,1420,C
6-NA,208,1406,0,0,0,1406,A
6-NA,209,1415,0,2,0,1417,A
6-NA,210,0,0,0,1436,1436,C
6-NA,211,1431,0,0,0,1431,A
6-NA,212,1,0,0,1498,1499,C
6-NA,213,2,0,0,1475,1477,C
6-NA,214,1507,0,0,0,1507,A
6-NA,215,0,0,0,1571,1571,C
6-NA,216,5,2,0,1552,1559,C
6-NA,217,1565,0,0,0,1565,A
6-NA,218,0,1555,0,0,1555,T
6-NA,219,1544,0,0,0,1544,A
6-NA,220,0,9,1544,0,1553,G
6-NA,221,1514,2,0,0,1516,A
6-NA,222,1,3,1540,0,1544,G
6-NA,223,1504,0,0,0,1504,A
6-NA,224,1481,0,0,0,1481,A
6-NA,225,0,5,1480,0,1485,G
6-NA,226,0,3,1491,0,1494,G
6-NA,227,1490,0,0,0,1490,A
6-NA,228,1494,0,0,1,1495,A
6-NA,229,1480,1,2,0,1483,A
6-NA,230,0,1484,0,1,1485,T
6-NA,231,1475,0,0,0,1475,A
6-NA,232,0,1476,0,0,1476,T
6-NA,233,2,2,1476,0,1480,G
6-NA,234,1,0,0,1489,1490,C
6-NA,235,3,1,0,1464,1468,C
6-NA,236,8,0,0,1455,1463,C
6-NA,237,5,0,0,1465,1470,C
6-NA,238,1480,0,0,0,1480,A
6-NA,239,1510,0,0,1,1511,A
6-NA,240,1512,0,0,0,1512,A
6-NA,241,0,1,0,1521,1522,C
6-NA,242,0,1516,0,1,1517,T
6-NA,243,1488,0,1,1,1490,A
6-NA,244,0,0,1495,0,1495,G
6-NA,245,1,201,0,1292,1494,C
6-NA,246,1492,0,0,1,1493,A
6-NA,247,0,5,1513,0,1518,G
6-NA,248,1505,0,1,0,1506,A
6-NA,249,1545,0,1,0,1546,A
6-NA,250,0,1542,1,0,1543,T
6-NA,251,1537,0,1,0,1538,A
6-NA,252,0,1,0,1539,1540,C
6-NA,253,1524,0,1,0,1525,A
6-NA,254,0,5,1517,0,1522,G
6-NA,255,1520,0,1,0,1521,A
6-NA,256,1503,1,0,0,1504,A
6-NA,257,1509,0,0,0,1509,A
6-NA,258,0,1448,0,0,1448,T
6-NA,259,0,1446,0,1,1447,T
6-NA,260,0,5,1455,0,1460,G
6-NA,261,0,0,1443,0,1443,G
6-NA,262,1,1454,0,2,1457,T
6-NA,263,9,0,0,1442,1451,C
6-NA,264,1449,0,0,0,1449,A
6-NA,265,1459,1,0,0,1460,A
6-NA,266,1462,0,0,0,1462,A
6-NA,267,1,0,1467,0,1468,G
6-NA,268,2,0,0,1466,1468,C
6-NA,269,3,2,0,1451,1456,C
6-NA,270,3,0,1450,0,1453,G
6-NA,271,0,0,0,1470,1470,C
6-NA,272,1471,0,0,0,1471,A
6-NA,273,1499,0,0,0,1499,A
6-NA,274,0,1491,0,0,1491,T
6-NA,275,0,1,1499,0,1500,G
6-NA,276,0,1489,0,0,1489,T
6-NA,277,2,13,1474,0,1489,G
6-NA,278,1516,1,2,0,1519,A
6-NA,279,0,0,0,1537,1537,C
6-NA,280,1580,0,0,0,1580,A
6-NA,281,0,1595,0,0,1595,T
6-NA,282,0,1577,0,0,1577,T
6-NA,283,1580,0,1,0,1581,A
6-NA,284,0,0,0,1579,1579,C
6-NA,285,1557,0,1,0,1558,A
6-NA,286,0,4,1553,0,1557,G
6-NA,287,0,3,1531,0,1534,G
6-NA,288,0,1,1469,0,1470,G
6-NA,289,0,1541,1,0,1542,T
6-NA,290,0,1539,0,0,1539,T
6-NA,291,0,1545,0,2,1547,T
6-NA,292,0,1,1539,0,1540,G
6-NA,293,0,0,0,1536,1536,C
6-NA,294,1539,0,0,0,1539,A
6-NA,295,0,0,0,1555,1555,C
6-NA,296,1,0,0,1517,1518,C
6-NA,297,1,1499,0,0,1500,T
6-NA,298,1,1504,0,1,1506,T
6-NA,299,0,1511,0,0,1511,T
6-NA,300,0,1514,0,0,1514,T
6-NA,301,0,1534,0,3,1537,T
6-NA,302,2,0,0,1540,1542,C
6-NA,303,0,1537,0,0,1537,T
6-NA,304,1525,0,0,0,1525,A
6-NA,305,1511,0,1,0,1512,A
6-NA,306,0,7,1528,0,1535,G
6-NA,307,1,4,1522,0,1527,G
6-NA,308,1494,1,25,0,1520,A
6-NA,309,0,1,0,1531,1532,C
6-NA,310,1511,0,2,0,1513,A
6-NA,311,1513,0,1,0,1514,A
6-NA,312,0,1506,0,0,1506,T
6-NA,313,1,1513,0,0,1514,T
6-NA,314,5,1,0,1531,1537,C
6-NA,315,0,7,1524,0,1531,G
6-NA,316,1534,0,0,0,1534,A
6-NA,317,0,1537,0,0,1537,T
6-NA,318,0,1523,0,1,1524,T
6-NA,319,1526,0,1,0,1527,A
6-NA,320,1,4,1528,0,1533,G
6-NA,321,2,0,1536,0,1538,G
6-NA,322,0,0,0,1533,1533,C
6-NA,323,0,1510,0,0,1510,T
6-NA,324,0,1524,0,0,1524,T
6-NA,325,1,1521,0,1,1523,T
6-NA,326,2,0,0,1531,1533,C
6-NA,327,3,3,0,1526,1532,C
6-NA,328,2,1,1531,0,1534,G
6-NA,329,0,0,0,1545,1545,C
6-NA,330,0,1531,0,3,1534,T
6-NA,331,0,1,1583,0,1584,G
6-NA,332,0,0,1587,0,1587,G
6-NA,333,0,1581,0,0,1581,T
6-NA,334,1,7,1576,0,1584,G
6-NA,335,0,3,1569,0,1572,G
6-NA,336,2,3,1573,0,1578,G
6-NA,337,0,6,1583,0,1589,G
6-NA,338,1584,0,1,0,1585,A
6-NA,339,0,1,1,1612,1614,C
6-NA,340,1567,0,0,0,1567,A
6-NA,341,1,1566,0,0,1567,T
6-NA,342,0,0,0,1580,1580,C
6-NA,343,0,1568,0,1,1569,T
6-NA,344,0,11,1567,0,1578,G
6-NA,345,0,0,1573,0,1573,G
6-NA,346,0,0,1588,0,1588,G
6-NA,347,0,1570,0,0,1570,T
6-NA,348,2,9,1523,0,1534,G
6-NA,349,1528,1,2,0,1531,A
6-NA,350,0,0,0,1573,1573,C
6-NA,351,1575,0,0,0,1575,A
6-NA,352,1650,0,0,0,1650,A
6-NA,353,1,7,1659,0,1667,G
6-NA,354,1661,0,0,0,1661,A
6-NA,355,0,7,1731,0,1738,G
6-NA,356,1770,0,1,0,1771,A
6-NA,357,1933,0,1,0,1934,A
6-NA,358,2,2,0,2489,2493,C
6-NA,359,7,0,0,2640,2647,C
6-NA,360,3,2637,1,0,2641,T
6-NA,361,2,2660,0,1,2663,T
6-NA,362,2667,0,1,0,2668,A
6-NA,363,1,2681,0,2,2684,T
6-NA,364,0,1,2841,0,2842,G
6-NA,365,0,2847,0,0,2847,T
6-NA,366,1,1,2924,0,2926,G
6-NA,367,1,2866,0,1,2868,T
6-NA,368,19,5,0,2829,2853,C
6-NA,369,2913,0,0,8,2921,A
6-NA,370,0,2928,0,3,2931,T
6-NA,371,0,0,2925,0,2925,G
6-NA,372,2,2,0,2915,2919,C
6-NA,373,0,17,2897,0,2914,G
6-NA,374,3344,0,1,0,3345,A
6-NA,375,0,3344,0,1,3345,T
6-NA,376,8,0,0,3446,3454,C
6-NA,377,11,2,0,3447,3460,C
6-NA,378,0,3557,0,3,3560,T
6-NA,379,3,30,3588,0,3621,G
6-NA,380,3618,1,3,0,3622,A
6-NA,381,1,1,0,3635,3637,C
6-NA,382,3633,0,0,0,3633,A
6-NA,383,3586,0,1,0,3587,A
6-NA,384,3,0,3762,0,3765,G
6-NA,385,0,3759,0,0,3759,T
6-NA,386,2,0,3810,0,3812,G
6-NA,387,0,3781,1,2,3784,T
6-NA,388,0,3787,0,0,3787,T
6-NA,389,3787,0,1,0,3788,A
6-NA,390,0,3783,0,9,3792,T
6-NA,391,7,1,0,3865,3873,C
6-NA,392,3878,0,0,0,3878,A
6-NA,393,3846,0,0,0,3846,A
6-NA,394,1,3836,1,3,3841,T
6-NA,395,0,3810,0,3,3813,T
6-NA,396,0,3806,0,1,3807,T
6-NA,397,1,3,3813,0,3817,G
6-NA,398,0,0,0,4100,4100,C
6-NA,399,11,2,0,4092,4105,C
6-NA,400,25,1,0,4085,4111,C
6-NA,401,0,4106,1,3,4110,T
6-NA,402,1,4111,0,2,4114,T
6-NA,403,1,17,4188,0,4206,G
6-NA,404,2,16,4196,0,4214,G
6-NA,405,4240,1,6,0,4247,A
6-NA,406,0,2,0,4247,4249,C
6-NA,407,4110,2,2,0,4114,A
6-NA,408,0,19,4217,0,4236,G
6-NA,409,1,14,4213,0,4228,G
6-NA,410,1,20,4358,0,4379,G
6-NA,411,4378,0,8,0,4386,A
6-NA,412,4358,1,3,1,4363,A
6-NA,413,0,2,0,4387,4389,C
6-NA,414,4367,0,2,0,4369,A
6-NA,415,4798,0,1,0,4799,A
6-NA,416,0,0,0,4836,4836,C
6-NA,417,4790,0,1,0,4791,A
6-NA,418,1,1,0,4821,4823,C
6-NA,419,0,4722,0,0,4722,T
6-NA,420,4778,0,1,0,4779,A
6-NA,421,4774,1,3,0,4778,A
6-NA,422,4800,0,5,0,4805,A
6-NA,423,0,0,0,4821,4821,C
6-NA,424,4517,0,0,0,4517,A
6-NA,425,4578,0,10,0,4588,A
6-NA,426,0,2,0,4618,4620,C
6-NA,427,1,0,4611,0,4612,G
6-NA,428,0,4602,0,0,4602,T
6-NA,429,4534,0,3,0,4537,A
6-NA,430,0,0,0,4618,4618,C
6-NA,431,4625,0,0,0,4625,A
6-NA,432,0,4637,0,0,4637,T
6-NA,433,0,4637,0,1,4638,T
6-NA,434,24,0,0,4797,4821,C
6-NA,435,4969,0,0,0,4969,A
6-NA,436,5009,0,1,0,5010,A
6-NA,437,4998,1,0,0,4999,A
6-NA,438,0,5005,0,0,5005,T
6-NA,439,4940,0,3,0,4943,A
6-NA,440,5132,0,1,0,5133,A
6-NA,441,0,1,0,5178,5179,C
6-NA,442,5165,1,3,0,5169,A
6-NA,443,0,3,0,5231,5234,C
6-NA,444,5067,0,2,0,5069,A
6-NA,445,3,1,6061,0,6065,G
6-NA,446,0,6046,0,3,6049,T
6-NA,447,6158,0,4,0,6162,A
6-NA,448,3,4,0,6185,6192,C
6-NA,449,3,2,6168,0,6173,G
6-NA,450,0,6445,0,3,6448,T
6-NA,451,1,26,6442,0,6469,G
6-NA,452,6464,0,12,0,6476,A
6-NA,453,0,6521,0,1,6522,T
6-NA,454,6055,0,3,0,6058,A
6-NA,455,2,25,6026,0,6053,G
6-NA,456,0,26,6012,0,6038,G
6-NA,457,6054,0,3,0,6057,A
6-NA,458,2,2,1,6146,6151,C
6-NA,459,20,2,0,6048,6070,C
6-NA,460,37,1,0,6101,6139,C
6-NA,461,44,1,0,6089,6134,C
6-NA,462,0,6161,0,1,6162,T
6-NA,463,0,6265,0,1,6266,T
6-NA,464,6299,2,0,0,6301,A
6-NA,465,0,6296,0,2,6298,T
6-NA,466,14,4,0,6276,6294,C
6-NA,467,4,17,6200,0,6221,G
6-NA,468,1,36,6188,0,6225,G
6-NA,469,6222,0,8,0,6230,A
6-NA,470,0,1,0,6303,6304,C
6-NA,471,20,0,0,6259,6279,C
6-NA,472,31,0,0,6591,6622,C
6-NA,473,2,6619,0,0,6621,T
6-NA,474,6740,0,1,0,6741,A
6-NA,475,0,6743,0,1,6744,T
6-NA,476,0,6739,0,2,6741,T
6-NA,477,2,13,6739,0,6754,G
6-NA,478,6758,0,3,0,6761,A
6-NA,479,2,6723,0,1,6726,T
6-NA,480,1,39,6705,0,6745,G
6-NA,481,6508,0,2,0,6510,A
6-NA,482,6532,1,4,1,6538,A
6-NA,483,0,6496,1,1,6498,T
6-NA,484,2,42,6591,0,6635,G
6-NA,485,6802,1,3,2,6808,A
6-NA,486,0,1,6877,0,6878,G
6-NA,487,0,6845,0,2,6847,T
6-NA,488,0,6851,0,3,6854,T
6-NA,489,6869,3,1,1,6874,A
6-NA,490,1,21,6893,0,6915,G
6-NA,491,2,0,6930,0,6932,G
6-NA,492,2,6895,1,1,6899,T
6-NA,493,4,3,6901,1,6909,G
6-NA,494,1,6721,0,10,6732,T
6-NA,495,0,6712,0,5,6717,T
6-NA,496,38,2,0,6674,6714,C
6-NA,497,30,10,0,6677,6717,C
6-NA,498,48,4,0,6582,6634,C
6-NA,499,1,6817,1,14,6833,T
6-NA,500,1,6835,0,0,6836,T
6-NA,501,0,6836,0,7,6843,T
6-NA,502,25,1,0,6847,6873,C
6-NA,503,6877,0,1,0,6878,A
6-NA,504,1,7031,0,2,7034,T
6-NA,505,8,0,0,7005,7013,C
6-NA,506,2,6886,0,3,6891,T
6-NA,507,2,35,6844,0,6881,G
6-NA,508,4,36,6837,2,6879,G
6-NA,509,2,22,6821,1,6846,G
6-NA,510,1,44,6878,3,6926,G
6-NA,511,6886,1,4,0,6891,A
6-NA,512,2,0,0,6980,6982,C
6-NA,513,26,0,0,6828,6854,C
6-NA,514,6928,2,1,0,6931,A
6-NA,515,6948,3,4,1,6956,A
6-NA,516,1,4,6953,1,6959,G
6-NA,517,4,2,0,6978,6984,C
6-NA,518,6957,0,1,1,6959,A
6-NA,519,7019,0,11,1,7031,A
6-NA,520,1,1,7078,0,7080,G
6-NA,521,0,7024,1,3,7028,T
6-NA,522,16,0,7217,0,7233,G
6-NA,523,0,7142,1,3,7146,T
6-NA,524,4,1,7375,0,7380,G
6-NA,525,4,2,0,7376,7382,C
6-NA,526,7357,2,0,0,7359,A
6-NA,527,1,7430,0,0,7431,T
6-NA,528,7261,0,1,0,7262,A
6-NA,529,6,2,7496,0,7504,G
6-NA,530,3,1,0,7462,7466,C
6-NA,531,7215,0,7,0,7222,A
6-NA,532,1,7175,0,1,7177,T
6-NA,533,2,24,6819,0,6845,G
6-NA,534,3,3,7314,0,7320,G
6-NA,535,0,7327,0,11,7338,T
6-NA,536,46,3,0,7247,7296,C
6-NA,537,17,1,0,7301,7319,C
6-NA,538,7167,0,6,0,7173,A
6-NA,539,1,1,7317,0,7319,G
6-NA,540,2,2,0,7336,7340,C
6-NA,541,2,7297,0,6,7305,T
6-NA,542,39,1,1,7289,7330,C
6-NA,543,7059,0,2,0,7061,A
6-NA,544,7126,0,9,0,7135,A
6-NA,545,0,1,7158,0,7159,G
6-NA,546,0,7163,0,5,7168,T
6-NA,547,0,7140,0,6,7146,T
6-NA,548,1,1,7147,0,7149,G
6-NA,549,0,7127,0,5,7132,T
6-NA,550,35,4,0,7082,7121,C
6-NA,551,7134,0,5,0,7139,A
6-NA,552,2,5,0,7190,7197,C
6-NA,553,2,16,7144,0,7162,G
6-NA,554,7254,0,2,0,7256,A
6-NA,555,1,7269,0,8,7278,T
6-NA,556,2,27,7380,0,7409,G
6-NA,557,1,26,7440,0,7467,G
6-NA,558,7461,1,10,1,7473,A
6-NA,559,7458,0,6,0,7464,A
6-NA,560,7555,0,7,0,7562,A
6-NA,561,7464,1,105,1,7571,A
6-NA,562,4,2,7649,0,7655,G
6-NA,563,0,1,0,7619,7620,C
6-NA,564,7586,0,5,0,7591,A
6-NA,565,0,7566,1,5,7572,T
6-NA,566,1,17,7613,1,7632,G
6-NA,567,2,3,7655,0,7660,G
6-NA,568,1,0,0,7750,7751,C
6-NA,569,1,7698,1,7,7707,T
6-NA,570,3,2,7722,1,7728,G
6-NA,571,1,2,2,7688,7693,C
6-NA,572,7706,0,2,0,7708,A
6-NA,573,0,7984,0,1,7985,T
6-NA,574,4,3,8006,0,8013,G
6-NA,575,0,7978,1,3,7982,T
6-NA,576,1,8128,1,6,8136,T
6-NA,577,2,8084,0,7,8093,T
6-NA,578,2,3,8570,0,8575,G
6-NA,579,1,8537,0,5,8543,T
6-NA,580,8584,0,4,0,8588,A
6-NA,581,1,8600,0,3,8604,T
6-NA,582,8431,1,2,0,8434,A
6-NA,583,8467,0,2,0,8469,A
6-NA,584,2,14,0,8396,8412,C
6-NA,585,3,55,8271,0,8329,G
6-NA,586,0,41,8326,0,8367,G
6-NA,587,1,56,8101,0,8158,G
6-NA,588,1,26,8151,0,8178,G
6-NA,589,1,12,8179,0,8192,G
6-NA,590,8161,2,8,0,8171,A
6-NA,591,0,8174,1,12,8187,T
6-NA,592,1,22,8203,1,8227,G
6-NA,593,8237,1,3,1,8242,A
6-NA,594,0,8283,0,2,8285,T
6-NA,595,8257,0,4,0,8261,A
6-NA,596,8281,0,0,0,8281,A
6-NA,597,8325,0,3,0,8328,A
6-NA,598,8310,0,5,0,8315,A
6-NA,599,8355,0,3,0,8358,A
6-NA,600,0,8326,0,4,8330,T
6-NA,601,3,7,8326,1,8337,G
6-NA,602,3,2,1,8305,8311,C
6-NA,603,8300,2,3,0,8305,A
6-NA,604,8345,0,4,1,8350,A
6-NA,605,0,1,0,8451,8452,C
6-NA,606,0,8432,0,1,8433,T
6-NA,607,1,3,8478,1,8483,G
6-NA,608,1,0,0,8464,8465,C
6-NA,609,1,8469,1,2,8473,T
6-NA,610,8471,0,6,0,8477,A
6-NA,611,0,2,8488,0,8490,G
6-NA,612,4,2,0,8552,8558,C
6-NA,613,1,8531,0,20,8552,T
6-NA,614,0,8509,2,4,8515,T
6-NA,615,23,0,0,8598,8621,C
6-NA,616,8614,0,0,2,8616,A
6-NA,617,1,8631,0,0,8632,T
6-NA,618,1,8638,0,2,8641,T
6-NA,619,1,8634,1,2,8638,T
6-NA,620,8661,0,4,0,8665,A
6-NA,621,0,1,0,8688,8689,C
6-NA,622,8617,2,4,0,8623,A
6-NA,623,8684,1,7,1,8693,A
6-NA,624,1,8617,0,2,8620,T
6-NA,625,2,56,8572,0,8630,G
6-NA,626,2,26,8591,1,8620,G
6-NA,627,3,12,8593,0,8608,G
6-NA,628,8580,1,7,1,8589,A
6-NA,629,8437,0,20,0,8457,A
6-NA,630,0,4,8769,0,8773,G
6-NA,631,3,0,0,9549,9552,C
6-NA,632,1,9573,0,9,9583,T
6-NA,633,1,9690,0,1,9692,T
6-NA,634,1,1,9740,0,9742,G
6-NA,635,0,9725,0,2,9727,T
6-NA,636,9898,1,6,0,9905,A
6-NA,637,0,14,9937,0,9951,G
6-NA,638,9892,1,4,1,9898,A
6-NA,639,1,9879,1,3,9884,T
6-NA,640,8974,1,5,0,8980,A
6-NA,641,1,0,8992,0,8993,G
6-NA,642,2,8891,1,11,8905,T
6-NA,643,2,3,8754,0,8759,G
6-NA,644,0,9220,0,4,9224,T
6-NA,645,1,9211,0,7,9219,T
6-NA,646,5,2,9389,0,9396,G
6-NA,647,0,9345,1,10,9356,T
6-NA,648,0,9376,0,2,9378,T
6-NA,649,0,9375,0,10,9385,T
6-NA,650,36,1,0,9187,9224,C
6-NA,651,9182,0,1,0,9183,A
6-NA,652,0,9144,0,4,9148,T
6-NA,653,2,47,9095,0,9144,G
6-NA,654,2,6,9761,1,9770,G
6-NA,655,2,9634,0,28,9664,T
6-NA,656,52,2,0,9614,9668,C
6-NA,657,48,3,0,9599,9650,C
6-NA,658,9706,4,6,0,9716,A
6-NA,659,9790,0,3,1,9794,A
6-NA,660,9784,0,7,0,9791,A
6-NA,661,1,26,9833,0,9860,G
6-NA,662,9807,1,6,1,9815,A
6-NA,663,9446,0,3,0,9449,A
6-NA,664,9473,1,2,0,9476,A
6-NA,665,1,9457,2,3,9463,T
6-NA,666,24,0,0,9802,9826,C
6-NA,667,26,0,0,9804,9830,C
6-NA,668,3,9702,0,73,9778,T
6-NA,669,38,2,0,9745,9785,C
6-NA,670,9746,1,15,3,9765,A
6-NA,671,2,33,9823,1,9859,G
6-NA,672,1,49,9794,0,9844,G
6-NA,673,10138,1,10,1,10150,A
6-NA,674,4,2,0,10144,10150,C
6-NA,675,29,1,0,9917,9947,C
6-NA,676,68,2,0,9880,9950,C
6-NA,677,9953,1,4,2,9960,A
6-NA,678,2,19,9972,0,9993,G
6-NA,679,1,48,9999,0,10048,G
6-NA,680,9941,2,10,0,9953,A
6-NA,681,1,0,10104,0,10105,G
6-NA,682,0,9855,0,7,9862,T
6-NA,683,52,2,0,9850,9904,C
6-NA,684,9884,0,12,1,9897,A
6-NA,685,1,27,9977,0,10005,G
6-NA,686,9958,2,4,0,9964,A
6-NA,687,9964,0,6,0,9970,A
6-NA,688,0,9910,0,2,9912,T
6-NA,689,0,6,9976,1,9983,G
6-NA,690,3,8,0,9945,9956,C
6-NA,691,9,1,9997,1,10008,G
6-NA,692,0,9965,1,1,9967,T
6-NA,693,0,9963,1,5,9969,T
6-NA,694,0,9914,0,2,9916,T
6-NA,695,2,10,9984,0,9996,G
6-NA,696,0,10018,0,4,10022,T
6-NA,697,10022,1,2,0,10025,A
6-NA,698,0,9975,0,4,9979,T
6-NA,699,44,2,0,9953,9999,C
6-NA,700,9961,0,4,1,9966,A
6-NA,701,9972,0,2,0,9974,A
6-NA,702,0,9970,0,4,9974,T
6-NA,703,5,39,9918,0,9962,G
6-NA,704,1,49,9944,1,9995,G
6-NA,705,10172,1,8,0,10181,A
6-NA,706,10206,1,10,0,10217,A
6-NA,707,1,1,1,10283,10286,C
6-NA,708,0,10330,0,7,10337,T
6-NA,709,2,10338,0,2,10342,T
6-NA,710,2,1,10756,0,10759,G
6-NA,711,1,10748,0,2,10751,T
6-NA,712,10736,4,10,0,10750,A
6-NA,713,0,64,0,10845,10909,C
6-NA,714,10544,2,7,1,10554,A
6-NA,715,2,2,11361,0,11365,G
6-NA,716,2,11265,1,1,11269,T
6-NA,717,11716,1,1,0,11718,A
6-NA,718,2,1,11776,1,11780,G
6-NA,719,0,11466,0,3,11469,T
6-NA,720,11467,0,1,1,11469,A
6-NA,721,11477,1,6,0,11484,A
6-NA,722,0,11401,0,2,11403,T
6-NA,723,3,106,11342,0,11451,G
6-NA,724,11099,1,3,1,11104,A
6-NA,725,1,3,1,11234,11239,C
6-NA,726,0,10827,1,4,10832,T
6-NA,727,3,24,10857,0,10884,G
6-NA,728,10856,0,8,0,10864,A
6-NA,729,0,10910,0,4,10914,T
6-NA,730,1,83,10833,0,10917,G
6-NA,731,2,45,10801,0,10848,G
6-NA,732,5,39,10855,0,10899,G
6-NA,733,10641,0,10,1,10652,A
6-NA,734,2,1,10678,0,10681,G
6-NA,735,2,10607,0,3,10612,T
6-NA,736,5,2,10692,0,10699,G
6-NA,737,6,1,0,10794,10801,C
6-NA,738,0,10761,0,8,10769,T
6-NA,739,2,10757,1,5,10765,T
6-NA,740,14,0,0,10747,10761,C
6-NA,741,10759,1,12,0,10772,A
6-NA,742,1,31,10815,0,10847,G
6-NA,743,1,26,10817,0,10844,G
6-NA,744,10822,1,0,0,10823,A
6-NA,745,10688,1,2,0,10691,A
6-NA,746,10572,0,3,0,10575,A
6-NA,747,10628,1,13,1,10643,A
6-NA,748,0,2,10719,1,10722,G
6-NA,749,1,2,0,10707,10710,C
6-NA,750,1,10631,1,5,10638,T
6-NA,751,3,28,10598,0,10629,G
6-NA,752,10568,1,19,1,10589,A
6-NA,753,0,10742,0,2,10744,T
6-NA,754,10769,1,4,0,10774,A
6-NA,755,3,0,0,11349,11352,C
6-NA,756,1,11239,1,7,11248,T
6-NA,757,11246,0,4,0,11250,A
6-NA,758,11248,0,5,1,11254,A
6-NA,759,11261,1,2,0,11264,A
6-NA,760,11618,1,1,0,11620,A
6-NA,761,0,11605,1,3,11609,T
6-NA,762,11585,0,4,1,11590,A
6-NA,763,1,2,0,11674,11677,C
6-NA,764,2,11083,0,11,11096,T
6-NA,765,11275,1,2,0,11278,A
6-NA,766,1,11215,0,8,11224,T
6-NA,767,2,11747,0,32,11781,T
6-NA,768,67,1,0,11807,11875,C
6-NA,769,11589,0,3,1,11593,A
6-NA,770,1,11559,0,2,11562,T
6-NA,771,1,11518,1,5,11525,T
6-NA,772,6,30,11551,0,11587,G
6-NA,773,11481,1,8,0,11490,A
6-NA,774,2,27,11451,0,11480,G
6-NA,775,0,43,11403,0,11446,G
6-NA,776,10880,1,7,0,10888,A
6-NA,777,0,61,11063,1,11125,G
6-NA,778,2,74,11050,1,11127,G
6-NA,779,3,24,11123,0,11150,G
6-NA,780,3,33,11133,0,11169,G
6-NA,781,11093,0,8,1,11102,A
6-NA,782,11133,0,7,0,11140,A
6-NA,783,11098,0,3,0,11101,A
6-NA,784,11093,1,6,0,11100,A
6-NA,785,1,11093,0,2,11096,T
6-NA,786,62,12,0,10883,10957,C
6-NA,787,12,0,11095,1,11108,G
6-NA,788,1,11077,0,1,11079,T
6-NA,789,0,11067,1,10,11078,T
6-NA,790,76,2,0,11012,11090,C
6-NA,791,11091,2,1,0,11094,A
6-NA,792,2,11873,0,2,11877,T
6-NA,793,11868,1,4,1,11874,A
6-NA,794,1,2,0,11943,11946,C
6-NA,795,0,11887,0,6,11893,T
6-NA,796,11834,1,10,1,11846,A
6-NA,797,4,9,11836,0,11849,G
6-NA,798,4,6,0,11850,11860,C
6-NA,799,11830,3,7,0,11840,A
6-NA,800,1,0,1,11881,11883,C
6-NA,801,11276,0,1,0,11277,A
6-NA,802,3,11538,2,0,11543,T
6-NA,803,0,11464,0,8,11472,T
6-NA,804,2,1,12450,0,12453,G
6-NA,805,2,12361,0,7,12370,T
6-NA,806,77,6,0,12268,12351,C
6-NA,807,12309,3,14,1,12327,A
6-NA,808,1,20,12337,1,12359,G
6-NA,809,2,27,12319,0,12348,G
6-NA,810,12314,0,3,0,12317,A
6-NA,811,12004,0,4,0,12008,A
6-NA,812,2,1,12239,0,12242,G
6-NA,813,1,11341,0,6,11348,T
6-NA,814,6,3,11408,1,11418,G
6-NA,815,4,5,0,11399,11408,C
6-NA,816,1,11374,1,13,11389,T
6-NA,817,61,2,0,11347,11410,C
6-NA,818,11371,1,1,0,11373,A
6-NA,819,11073,0,15,0,11088,A
6-NA,820,0,1,0,11211,11212,C
6-NA,821,11311,0,5,2,11318,A
6-NA,822,1,11339,0,4,11344,T
6-NA,823,2,0,11734,0,11736,G
6-NA,824,4,11704,1,10,11719,T
6-NA,825,63,7,2,11652,11724,C
6-NA,826,6,25,11696,0,11727,G
6-NA,827,11677,0,3,0,11680,A
6-NA,828,0,31,11647,0,11678,G
6-NA,829,2,62,11636,0,11700,G
6-NA,830,11538,1,12,1,11552,A
6-NA,831,1,2,11740,1,11744,G
6-NA,832,1,11341,1,3,11346,T
6-NA,833,8,5,11383,0,11396,G
6-NA,834,5,5,0,11581,11591,C
6-NA,835,2,11540,1,12,11555,T
6-NA,836,56,2,1,11564,11623,C
6-NA,837,37,3,0,11622,11662,C
6-NA,838,1,11643,2,3,11649,T
6-NA,839,4,3,11699,0,11706,G
6-NA,840,1,5,0,11553,11559,C
6-NA,841,1,11462,7,7,11477,T
6-NA,842,11574,0,4,0,11578,A
6-NA,843,1,11347,0,4,11352,T
6-NA,844,12,1,0,11445,11458,C
6-NA,845,45,0,0,11410,11455,C
6-NA,846,3,11399,0,11,11413,T
6-NA,847,31,7,1,11490,11529,C
6-NA,848,1,31,11469,0,11501,G
6-NA,849,11604,3,4,0,11611,A
6-NA,850,2,11623,0,4,11629,T
6-NA,851,11636,1,4,0,11641,A
6-NA,852,2,11617,1,7,11627,T
6-NA,853,19,1,0,11614,11634,C
6-NA,854,31,2,0,11562,11595,C
6-NA,855,1,11498,0,9,11508,T
6-NA,856,4,21,11551,0,11576,G
6-NA,857,1,5,11625,0,11631,G
6-NA,858,2,11686,1,12,11701,T
6-NA,859,4,2,11760,1,11767,G
6-NA,860,1,11627,0,13,11641,T
6-NA,861,74,5,1,11572,11652,C
6-NA,862,11625,1,5,2,11633,A
6-NA,863,1,19,11647,0,11667,G
6-NA,864,11630,3,8,1,11642,A
6-NA,865,1,11516,1,8,11526,T
6-NA,866,1,2,11545,0,11548,G
6-NA,867,0,11321,2,5,11328,T
6-NA,868,1,2,11349,4,11356,G
6-NA,869,2,11329,1,13,11345,T
6-NA,870,51,2,0,11308,11361,C
6-NA,871,1,11317,1,8,11327,T
6-NA,872,8,1,11324,0,11333,G
6-NA,873,4,5,0,11343,11352,C
6-NA,874,11302,1,9,0,11312,A
6-NA,875,1,22,11313,0,11336,G
6-NA,876,10997,1,10,1,11009,A
6-NA,877,0,32,11034,2,11068,G
6-NA,878,11026,1,11,0,11038,A
6-NA,879,1,6,0,11088,11095,C
6-NA,880,11074,1,4,0,11079,A
6-NA,881,11174,3,1,1,11179,A
6-NA,882,2,0,0,11247,11249,C
6-NA,883,3,11217,0,5,11225,T
6-NA,884,3,30,11210,0,11243,G
6-NA,885,2,19,11201,0,11222,G
6-NA,886,11167,0,6,0,11173,A
6-NA,887,11148,1,7,1,11157,A
6-NA,888,10905,2,13,1,10921,A
6-NA,889,1,39,10844,0,10884,G
6-NA,890,0,25,10723,0,10748,G
6-NA,891,10520,2,6,6,10534,A
6-NA,892,4,10849,0,2,10855,T
6-NA,893,46,1,0,10882,10929,C
6-NA,894,35,3,0,11170,11208,C
6-NA,895,11239,0,1,0,11240,A
6-NA,896,11228,0,0,1,11229,A
6-NA,897,1,11224,1,4,11230,T
6-NA,898,10767,0,6,0,10773,A
6-NA,899,0,19,10714,0,10733,G
6-NA,900,0,1,10711,0,10712,G
6-NA,901,6,11,0,10704,10721,C
6-NA,902,19,0,2,10650,10671,C
6-NA,903,53,2,0,10248,10303,C
6-NA,904,10342,3,0,0,10345,A
6-NA,905,1,10443,0,7,10451,T
6-NA,906,33,1,1,10450,10485,C
6-NA,907,13,0,10505,0,10518,G
6-NA,908,0,10443,0,1,10444,T
6-NA,909,10238,0,6,1,10245,A
6-NA,910,1,14,10440,0,10455,G
6-NA,911,10462,2,11,0,10475,A
6-NA,912,3,10490,1,5,10499,T
6-NA,913,10244,0,0,0,10244,A
6-NA,914,0,10091,0,2,10093,T
6-NA,915,10075,0,3,0,10078,A
6-NA,916,10063,1,1,1,10066,A
6-NA,917,10282,2,4,4,10292,A
6-NA,918,2,2,0,10586,10590,C
6-NA,919,10217,0,0,0,10217,A
6-NA,920,1,10200,0,3,10204,T
6-NA,921,10089,0,2,0,10091,A
6-NA,922,10106,1,5,2,10114,A
6-NA,923,10095,3,6,1,10105,A
6-NA,924,0,44,10207,0,10251,G
6-NA,925,1,30,10328,0,10359,G
6-NA,926,9954,2,9,0,9965,A
6-NA,927,2,9854,0,5,9861,T
6-NA,928,37,3,0,9850,9890,C
6-NA,929,9930,1,10,0,9941,A
6-NA,930,3,9966,0,5,9974,T
6-NA,931,9926,0,5,0,9931,A
6-NA,932,2,2,10008,0,10012,G
6-NA,933,2,1,1,9776,9780,C
6-NA,934,9507,2,5,0,9514,A
6-NA,935,0,9149,0,1,9150,T
6-NA,936,0,9185,0,4,9189,T
6-NA,937,6,0,9354,1,9361,G
6-NA,938,2,9370,0,6,9378,T
6-NA,939,2,9418,0,9,9429,T
6-NA,940,0,9407,0,8,9415,T
6-NA,941,26,0,0,9293,9319,C
6-NA,942,14,2,1,9320,9337,C
6-NA,943,9379,0,5,0,9384,A
6-NA,944,1,0,9506,0,9507,G
6-NA,945,0,9484,0,7,9491,T
6-NA,946,1,9299,0,3,9303,T
6-NA,947,9296,1,0,0,9297,A
6-NA,948,0,9197,0,2,9199,T
6-NA,949,0,8968,5,15,8988,T
6-NA,950,0,9065,0,3,9068,T
6-NA,951,1,1,9121,0,9123,G
6-NA,952,1,9120,0,5,9126,T
6-NA,953,3,2,9364,1,9370,G
6-NA,954,3,9317,1,6,9327,T
6-NA,955,0,9271,3,3,9277,T
6-NA,956,62,3,0,9218,9283,C
6-NA,957,9213,3,17,1,9234,A
6-NA,958,2,41,9299,0,9342,G
6-NA,959,0,36,9285,1,9322,G
6-NA,960,9270,0,5,2,9277,A
6-NA,961,1,0,0,9303,9304,C
6-NA,962,0,9050,0,5,9055,T
6-NA,963,1,9089,0,0,9090,T
6-NA,964,2,0,9478,0,9480,G
6-NA,965,1,9461,0,10,9472,T
6-NA,966,0,9455,1,3,9459,T
6-NA,967,3,13,9344,0,9360,G
6-NA,968,2,36,9327,0,9365,G
6-NA,969,9316,0,16,0,9332,A
6-NA,970,1,41,9353,2,9397,G
6-NA,971,9338,0,12,0,9350,A
6-NA,972,2,1,1,9383,9387,C
6-NA,973,9011,1,7,0,9019,A
6-NA,974,98,3,0,8988,9089,C
6-NA,975,9091,0,13,2,9106,A
6-NA,976,4,1,0,9140,9145,C
6-NA,977,15,1,0,9060,9076,C
6-NA,978,50,2,0,9056,9108,C
6-NA,979,9011,3,6,0,9020,A
6-NA,980,0,19,9095,0,9114,G
6-NA,981,8955,0,3,0,8958,A
6-NA,982,9004,1,2,0,9007,A
6-NA,983,9152,0,2,0,9154,A
6-NA,984,9122,1,5,1,9129,A
6-NA,985,9007,0,3,0,9010,A
6-NA,986,9020,1,3,0,9024,A
6-NA,987,1,12,0,9034,9047,C
6-NA,988,1,93,8908,0,9002,G
6-NA,989,8966,3,9,0,8978,A
6-NA,990,1,1,0,8979,8981,C
6-NA,991,8889,6,4,0,8899,A
6-NA,992,0,5,8996,0,9001,G
6-NA,993,3,1,0,9296,9300,C
6-NA,994,1,9248,0,18,9267,T
6-NA,995,41,1,0,9254,9296,C
6-NA,996,22,4,0,9309,9335,C
6-NA,997,9322,1,6,0,9329,A
6-NA,998,2,3,9444,0,9449,G
6-NA,999,3,6,0,9447,9456,C
6-NA,1000,9397,0,4,0,9401,A
6-NA,1001,2,1,9408,0,9411,G
6-NA,1002,0,8936,0,1,8937,T
6-NA,1003,8940,0,20,1,8961,A
6-NA,1004,5,4,8979,0,8988,G
6-NA,1005,0,1,1,8992,8994,C
6-NA,1006,37,4,1,8967,9009,C
6-NA,1007,8890,0,2,0,8892,A
6-NA,1008,0,8888,0,4,8892,T
6-NA,1009,1,8875,1,1,8878,T
6-NA,1010,0,0,9110,0,9110,G
6-NA,1011,1,9044,1,2,9048,T
6-NA,1012,1,9021,0,4,9026,T
6-NA,1013,2,8999,0,3,9004,T
6-NA,1014,3,33,8882,0,8918,G
6-NA,1015,1,31,9005,1,9038,G
6-NA,1016,8989,0,1,0,8990,A
6-NA,1017,1,9105,0,3,9109,T
6-NA,1018,24,2,0,9071,9097,C
6-NA,1019,23,1,0,8948,8972,C
6-NA,1020,2,8968,0,6,8976,T
6-NA,1021,8966,0,19,0,8985,A
6-NA,1022,9008,0,4,0,9012,A
6-NA,1023,1,1,0,9169,9171,C
6-NA,1024,8955,0,2,0,8957,A
6-NA,1025,9081,2,2,1,9086,A
6-NA,1026,0,9037,0,2,9039,T
6-NA,1027,0,20,9015,0,9035,G
6-NA,1028,8931,3,4,0,8938,A
6-NA,1029,159,25,8398,0,8582,G
6-NA,1030,1,10,8759,1,8771,G
6-NA,1031,8744,1,4,1,8750,A
6-NA,1032,8779,1,10,0,8790,A
6-NA,1033,2,18,8818,0,8838,G
6-NA,1034,2,1,8880,1,8884,G
6-NA,1035,0,8701,0,4,8705,T
6-NA,1036,3,27,8667,0,8697,G
6-NA,1037,1,1,8960,0,8962,G
6-NA,1038,0,8879,0,4,8883,T
6-NA,1039,67,2,0,8784,8853,C
6-NA,1040,8854,0,2,0,8856,A
6-NA,1041,2,8827,0,3,8832,T
6-NA,1042,3,77,8702,0,8782,G
6-NA,1043,0,56,8650,1,8707,G
6-NA,1044,3,17,8300,0,8320,G
6-NA,1045,1,2,8777,1,8781,G
6-NA,1046,1,8767,0,5,8773,T
6-NA,1047,2,22,8764,1,8789,G
6-NA,1048,8731,0,30,0,8761,A
6-NA,1049,8767,0,4,0,8771,A
6-NA,1050,8809,0,14,0,8823,A
6-NA,1051,0,14,8937,0,8951,G
6-NA,1052,0,4,8875,0,8879,G
6-NA,1053,2,0,1,8839,8842,C
6-NA,1054,0,8558,0,6,8564,T
6-NA,1055,4,24,8547,1,8576,G
6-NA,1056,227,17,8338,1,8583,G
6-NA,1057,2,3,8682,0,8687,G
6-NA,1058,4,0,0,8683,8687,C
6-NA,1059,19,1,0,8655,8675,C
6-NA,1060,1,8511,2,14,8528,T
6-NA,1061,0,8542,0,2,8544,T
6-NA,1062,2,8556,0,1,8559,T
6-NA,1063,0,20,8566,0,8586,G
6-NA,1064,8567,1,4,0,8572,A
6-NA,1065,1,8497,0,0,8498,T
6-NA,1066,2,19,8349,0,8370,G
6-NA,1067,8269,0,8,0,8277,A
6-NA,1068,1,8309,1,3,8314,T
6-NA,1069,3,9,8338,0,8350,G
6-NA,1070,0,16,8466,0,8482,G
6-NA,1071,8448,0,2,0,8450,A
6-NA,1072,8439,1,3,0,8443,A
6-NA,1073,8436,0,3,0,8439,A
6-NA,1074,0,8446,0,2,8448,T
6-NA,1075,5,30,8425,0,8460,G
6-NA,1076,8445,0,6,2,8453,A
6-NA,1077,0,4,1,8439,8444,C
6-NA,1078,9,0,8480,0,8489,G
6-NA,1079,0,8219,0,6,8225,T
6-NA,1080,4,0,8299,0,8303,G
6-NA,1081,1,8278,1,7,8287,T
6-NA,1082,1,29,8271,0,8301,G
6-NA,1083,1,13,8334,0,8348,G
6-NA,1084,8256,1,8,1,8266,A
6-NA,1085,3,8256,0,1,8260,T
6-NA,1086,21,61,8141,0,8223,G
6-NA,1087,3,16,8202,1,8222,G
6-NA,1088,3,18,8254,0,8275,G
6-NA,1089,8201,0,5,0,8206,A
6-NA,1090,8161,0,7,0,8168,A
6-NA,1091,2,45,8133,0,8180,G
6-NA,1092,8053,2,0,0,8055,A
6-NA,1093,8051,1,4,0,8056,A
6-NA,1094,1,12,0,8020,8033,C
6-NA,1095,4,35,7956,0,7995,G
6-NA,1096,7972,0,4,0,7976,A
6-NA,1097,1,7809,0,2,7812,T
6-NA,1098,26,2,0,7814,7842,C
6-NA,1099,7848,0,1,0,7849,A
6-NA,1100,1,1,7867,1,7870,G
6-NA,1101,2,2,1,7831,7836,C
6-NA,1102,1,26,7817,0,7844,G
6-NA,1103,7796,2,1,1,7800,A
6-NA,1104,3,9,7812,0,7824,G
6-NA,1105,7813,2,3,0,7818,A
6-NA,1106,7801,1,6,0,7808,A
6-NA,1107,1,0,7880,0,7881,G
6-NA,1108,1,7798,0,7,7806,T
6-NA,1109,66,2,0,7674,7742,C
6-NA,1110,7727,0,3,1,7731,A
6-NA,1111,3,0,0,7986,7989,C
6-NA,1112,0,4,7998,0,8002,G
6-NA,1113,7,0,0,8004,8011,C
6-NA,1114,0,7938,0,7,7945,T
6-NA,1115,0,7968,0,0,7968,T
6-NA,1116,7817,0,5,0,7822,A
6-NA,1117,1,51,8272,0,8324,G
6-NA,1118,3,32,8304,0,8339,G
6-NA,1119,1,1,8529,0,8531,G
6-NA,1120,0,7933,0,3,7936,T
6-NA,1121,7910,1,1,0,7912,A
6-NA,1122,1,7871,1,4,7877,T
6-NA,1123,0,22,7852,0,7874,G
6-NA,1124,7863,1,4,1,7869,A
6-NA,1125,7848,0,3,0,7851,A
6-NA,1126,7456,0,7,0,7463,A
6-NA,1127,1,1,0,7498,7500,C
6-NA,1128,21,1,0,7252,7274,C
6-NA,1129,1,7126,0,7,7134,T
6-NA,1130,1,7109,0,6,7116,T
6-NA,1131,9,0,0,7117,7126,C
6-NA,1132,7121,0,4,1,7126,A
6-NA,1133,7131,0,2,0,7133,A
6-NA,1134,7121,3,2,0,7126,A
6-NA,1135,2,1,7167,0,7170,G
6-NA,1136,3,7018,1,3,7025,T
6-NA,1137,62,2,0,7005,7069,C
6-NA,1138,7208,3,1,0,7212,A
6-NA,1139,2,7227,0,4,7233,T
6-NA,1140,1,7229,0,1,7231,T
6-NA,1141,1,15,7216,0,7232,G
6-NA,1142,7216,0,3,0,7219,A
6-NA,1143,7214,5,13,0,7232,A
6-NA,1144,1,14,7711,0,7726,G
6-NA,1145,1,2,7759,0,7762,G
6-NA,1146,3,1,0,7720,7724,C
6-NA,1147,1,7465,0,4,7470,T
6-NA,1148,1,15,7500,0,7516,G
6-NA,1149,2,1,7688,0,7691,G
6-NA,1150,1,7678,0,10,7689,T
6-NA,1151,40,5,0,7610,7655,C
6-NA,1152,22,3,0,7596,7621,C
6-NA,1153,7570,0,2,0,7572,A
6-NA,1154,7598,0,6,0,7604,A
6-NA,1155,1,1,0,7662,7664,C
6-NA,1156,27,0,1,7627,7655,C
6-NA,1157,49,3,0,7586,7638,C
6-NA,1158,0,7248,1,6,7255,T
6-NA,1159,7288,0,0,0,7288,A
6-NA,1160,7281,0,2,0,7283,A
6-NA,1161,0,1,7349,0,7350,G
6-NA,1162,1,7280,1,7,7289,T
6-NA,1163,31,145,0,7085,7261,C
6-NA,1164,43,1,0,7075,7119,C
6-NA,1165,7110,0,4,0,7114,A
6-NA,1166,7096,0,5,0,7101,A
6-NA,1167,7102,1,0,0,7103,A
6-NA,1168,0,7102,0,0,7102,T
6-NA,1169,0,7055,1,1,7057,T
6-NA,1170,3,1,7018,0,7022,G
6-NA,1171,4,3,0,6984,6991,C
6-NA,1172,6986,0,7,0,6993,A
6-NA,1173,1,12,7000,0,7013,G
6-NA,1174,6997,0,3,0,7000,A
6-NA,1175,0,7116,1,2,7119,T
6-NA,1176,7139,1,0,0,7140,A
6-NA,1177,7111,0,4,0,7115,A
6-NA,1178,7125,0,7,1,7133,A
6-NA,1179,1,7090,0,0,7091,T
6-NA,1180,7074,1,2,0,7077,A
6-NA,1181,2,22,7064,0,7088,G
6-NA,1182,1,2,7022,0,7025,G
6-NA,1183,2,2,0,6980,6984,C
6-NA,1184,6751,1,2,0,6754,A
6-NA,1185,6789,0,7,1,6797,A
6-NA,1186,2,0,6860,0,6862,G
6-NA,1187,0,6816,0,11,6827,T
6-NA,1188,79,2,0,6754,6835,C
6-NA,1189,6826,0,6,0,6832,A
6-NA,1190,0,6806,0,3,6809,T
6-NA,1191,6841,0,2,0,6843,A
6-NA,1192,0,0,6865,0,6865,G
6-NA,1193,0,6843,0,6,6849,T
6-NA,1194,0,6546,2,3,6551,T
6-NA,1195,1,33,6382,0,6416,G
6-NA,1196,6369,0,6,1,6376,A
6-NA,1197,3,4,0,6372,6379,C
6-NA,1198,6246,0,2,0,6248,A
6-NA,1199,0,9,6287,0,6296,G
6-NA,1200,6202,0,7,0,6209,A
6-NA,1201,0,8,6383,0,6391,G
6-NA,1202,3,0,6395,0,6398,G
6-NA,1203,1,6326,0,1,6328,T
6-NA,1204,6314,0,0,0,6314,A
6-NA,1205,6293,0,10,1,6304,A
6-NA,1206,1,6301,0,4,6306,T
6-NA,1207,6256,0,8,0,6264,A
6-NA,1208,1,12,6050,0,6063,G
6-NA,1209,0,2,5832,1,5835,G
6-NA,1210,0,4926,1,3,4930,T
6-NA,1211,32,0,0,4842,4874,C
6-NA,1212,23,7,0,4775,4805,C
6-NA,1213,14,13,4792,0,4819,G
6-NA,1214,2,1,4823,0,4826,G
6-NA,1215,0,4790,0,5,4795,T
6-NA,1216,0,4776,0,0,4776,T
6-NA,1217,4643,1,1,0,4645,A
6-NA,1218,1,4501,0,0,4502,T
6-NA,1219,0,4497,1,1,4499,T
6-NA,1220,7,0,1,4497,4505,C
6-NA,1221,0,4195,1,1,4197,T
6-NA,1222,3,6,4194,0,4203,G
6-NA,1223,1,1,4188,0,4190,G
6-NA,1224,0,4167,0,1,4168,T
6-NA,1225,4161,0,0,0,4161,A
6-NA,1226,0,4095,0,3,4098,T
6-NA,1227,0,4097,0,2,4099,T
6-NA,1228,0,4091,0,1,4092,T
6-NA,1229,1,4112,0,2,4115,T
6-NA,1230,12,2,0,4105,4119,C
6-NA,1231,0,4034,0,12,4046,T
6-NA,1232,18,0,0,4053,4071,C
6-NA,1233,1,4045,0,2,4048,T
6-NA,1234,1,0,4155,0,4156,G
6-NA,1235,2,4146,0,4,4152,T
6-NA,1236,0,4096,0,1,4097,T
6-NA,1237,0,4,4092,0,4096,G
6-NA,1238,4050,0,0,0,4050,A
6-NA,1239,4056,0,6,0,4062,A
6-NA,1240,0,10,4097,1,4108,G
6-NA,1241,1,3,4094,2,4100,G
6-NA,1242,3,2,0,4098,4103,C
6-NA,1243,4031,0,1,0,4032,A
6-NA,1244,4035,0,5,0,4040,A
6-NA,1245,4035,1,1,0,4037,A
6-NA,1246,4046,1,1,0,4048,A
6-NA,1247,1,1,4055,1,4058,G
6-NA,1248,2,0,0,4048,4050,C
6-NA,1249,0,3992,1,2,3995,T
6-NA,1250,3,0,4037,1,4041,G
6-NA,1251,0,0,0,4042,4042,C
6-NA,1252,4045,0,1,0,4046,A
6-NA,1253,0,4035,0,4,4039,T
6-NA,1254,14,3,0,3997,4014,C
6-NA,1255,4003,0,0,0,4003,A
6-NA,1256,4011,0,0,0,4011,A
6-NA,1257,2,4006,0,0,4008,T
6-NA,1258,14,2,0,3986,4002,C
6-NA,1259,3,2,3934,0,3939,G
6-NA,1260,3,0,4023,0,4026,G
6-NA,1261,0,4006,0,5,4011,T
6-NA,1262,3,3,4023,0,4029,G
6-NA,1263,0,2,0,4041,4043,C
6-NA,1264,1,4011,1,5,4018,T
6-NA,1265,0,4075,0,1,4076,T
6-NA,1266,0,4075,0,2,4077,T
6-NA,1267,0,4087,0,1,4088,T
6-NA,1268,4117,0,3,0,4120,A
6-NA,1269,0,3963,0,2,3965,T
6-NA,1270,2,0,3963,0,3965,G
6-NA,1271,0,3921,0,1,3922,T
6-NA,1272,1,11,3853,0,3865,G
6-NA,1273,0,13,3937,0,3950,G
6-NA,1274,3851,0,3,0,3854,A
6-NA,1275,0,1,3920,0,3921,G
6-NA,1276,0,3881,0,1,3882,T
6-NA,1277,1,3861,0,1,3863,T
6-NA,1278,1,10,3893,0,3904,G
6-NA,1279,3880,0,18,0,3898,A
6-NA,1280,0,3889,0,0,3889,T
6-NA,1281,3871,0,1,0,3872,A
6-NA,1282,3739,0,1,0,3740,A
6-NA,1283,1,20,3756,0,3777,G
6-NA,1284,0,21,3696,0,3717,G
6-NA,1285,0,3,3678,1,3682,G
6-NA,1286,3,6,3678,0,3687,G
6-NA,1287,3622,0,1,0,3623,A
6-NA,1288,3610,0,8,1,3619,A
6-NA,1289,0,8,3651,0,3659,G
6-NA,1290,3641,2,11,0,3654,A
6-NA,1291,3652,0,4,0,3656,A
6-NA,1292,3596,0,1,0,3597,A
6-NA,1293,3526,0,9,0,3535,A
6-NA,1294,0,6,3542,0,3548,G
6-NA,1295,3490,0,2,0,3492,A
6-NA,1296,2,8,3486,0,3496,G
6-NA,1297,0,4,3486,0,3490,G
6-NA,1298,3437,0,0,0,3437,A
6-NA,1299,3444,0,3,0,3447,A
6-NA,1300,3444,0,3,0,3447,A
6-NA,1301,0,2,0,3470,3472,C
6-NA,1302,1,3459,1,1,3462,T
6-NA,1303,1,5,3466,0,3472,G
6-NA,1304,3459,0,0,0,3459,A
6-NA,1305,3456,0,3,0,3459,A
6-NA,1306,1,0,3488,0,3489,G
6-NA,1307,0,3433,0,16,3449,T
6-NA,1308,9,0,0,3487,3496,C
6-NA,1309,0,3480,2,9,3491,T
6-NA,1310,0,3441,0,5,3446,T
6-NA,1311,1,1,3452,0,3454,G
6-NA,1312,0,3435,0,4,3439,T
6-NA,1313,1,9,3427,0,3437,G
6-NA,1314,0,4,3424,1,3429,G
6-NA,1315,3389,0,1,0,3390,A
6-NA,1316,2,0,0,3415,3417,C
6-NA,1317,15,1,0,3313,3329,C
6-NA,1318,1,3320,0,7,3328,T
6-NA,1319,11,0,0,3334,3345,C
6-NA,1320,3369,1,2,0,3372,A
6-NA,1321,3377,0,1,0,3378,A
6-NA,1322,3372,0,0,0,3372,A
6-NA,1323,0,2,0,3418,3420,C
6-NA,1324,3308,0,1,0,3309,A
6-NA,1325,0,0,3389,0,3389,G
6-NA,1326,0,3341,0,0,3341,T
6-NA,1327,3340,0,1,0,3341,A
6-NA,1328,0,3334,1,1,3336,T
6-NA,1329,0,3285,0,1,3286,T
6-NA,1330,1,0,3317,0,3318,G
6-NA,1331,0,3303,0,4,3307,T
6-NA,1332,0,3164,0,1,3165,T
6-NA,1333,0,0,3164,0,3164,G
6-NA,1334,0,2935,0,2,2937,T
6-NA,1335,0,0,2964,0,2964,G
6-NA,1336,1,2932,0,15,2948,T
6-NA,1337,0,2909,0,2,2911,T
6-NA,1338,0,2913,0,2,2915,T
6-NA,1339,0,2829,0,1,2830,T
6-NA,1340,0,0,2837,0,2837,G
6-NA,1341,0,2824,0,4,2828,T
6-NA,1342,1,6,2803,0,2810,G
6-NA,1343,0,1,2799,1,2801,G
6-NA,1344,4,1,0,2745,2750,C
6-NA,1345,2746,0,2,1,2749,A
6-NA,1346,4,2,0,2780,2786,C
6-NA,1347,4,1,0,2764,2769,C
6-NA,1348,0,2761,1,3,2765,T
6-NA,1349,9,0,0,2758,2767,C
6-NA,1350,2773,2,2,0,2777,A
6-NA,1351,1,3,2798,0,2802,G
6-NA,1352,2,0,2808,0,2810,G
6-NA,1353,0,2781,0,4,2785,T
6-NA,1354,2773,0,1,0,2774,A
6-NA,1355,2,1,0,2654,2657,C
6-NA,1356,2670,0,2,0,2672,A
6-NA,1357,0,2665,0,0,2665,T
6-NA,1358,2600,0,1,0,2601,A
6-NA,1359,0,2585,0,2,2587,T
6-NA,1360,0,3,2404,0,2407,G
6-NA,1361,0,9,2414,0,2423,G
6-NA,1362,2407,0,0,0,2407,A
6-NA,1363,2387,0,1,0,2388,A
6-NA,1364,0,0,0,2355,2355,C
6-NA,1365,2009,0,0,0,2009,A
6-NA,1366,0,6,2012,0,2018,G
6-NA,1367,0,0,2010,0,2010,G
6-NA,1368,0,1,0,2015,2016,C
6-NA,1369,0,1995,0,1,1996,T
6-NA,1370,7,2,0,1884,1893,C
6-NA,1371,1873,0,3,1,1877,A
6-NA,1372,0,1878,0,1,1879,T
6-NA,1373,1,6,1877,0,1884,G
6-NA,1374,1,0,1890,0,1891,G
6-NA,1375,0,0,0,1816,1816,C
6-NA,1376,4,0,0,1803,1807,C
6-NA,1377,0,1690,0,1,1691,T
6-NA,1378,0,4,1689,0,1693,G
6-NA,1379,1689,0,1,0,1690,A
6-NA,1380,0,1688,0,0,1688,T
6-NA,1381,0,5,1659,0,1664,G
6-NA,1382,0,6,1634,0,1640,G
6-NA,1383,0,2,1540,0,1542,G
6-NA,1384,0,0,1549,0,1549,G
6-NA,1385,1,2,0,1506,1509,C
6-NA,1386,0,3,1505,0,1508,G
6-NA,1387,0,3,1492,0,1495,G
6-NA,1388,1477,0,0,0,1477,A
6-NA,1389,0,0,0,1471,1471,C
6-NA,1390,1473,0,0,0,1473,A
6-NA,1391,0,1442,0,1,1443,T
6-NA,1392,5,0,0,1422,1427,C
6-NA,1393,1419,0,3,0,1422,A
6-NA,1394,1417,0,1,0,1418,A
6-NA,1395,0,1414,0,1,1415,T
6-NA,1396,4,0,0,1382,1386,C
6-NA,1397,0,1340,0,2,1342,T
6-NA,1398,5,0,0,1150,1155,C
6-NA,1399,1148,0,0,0,1148,A
6-NA,1400,0,1136,0,0,1136,T
6-NA,1401,0,0,1134,0,1134,G
6-NA,1402,0,1,0,1128,1129,C
6-NA,1403,3,0,0,1098,1101,C
6-NA,1404,0,995,0,2,997,T
6-NA,1405,979,0,0,0,979,A
6-NA,1406,0,977,0,0,977,T
6-NA,1407,970,0,0,0,970,A
6-NA,1408,0,963,0,0,963,T
6-NA,1409,892,0,0,0,892,A
6-NA,1410,852,0,0,0,852,A
7-M,1,47,0,0,0,47,A
7-M,2,0,47,0,0,47,T
7-M,3,0,0,48,0,48,G
7-M,4,48,0,0,0,48,A
7-M,5,0,0,52,0,52,G
7-M,6,0,0,0,55,55,C
7-M,7,0,0,0,61,61,C
7-M,8,0,78,0,0,78,T
7-M,9,0,77,0,0,77,T
7-M,10,0,0,0,78,78,C
7-M,11,0,78,0,0,78,T
7-M,12,84,0,0,0,84,A
7-M,13,84,0,0,0,84,A
7-M,14,0,0,0,84,84,C
7-M,15,0,1,0,83,84,C
7-M,16,0,0,84,0,84,G
7-M,17,83,0,0,0,83,A
7-M,18,0,0,82,0,82,G
7-M,19,0,0,90,0,90,G
7-M,20,0,90,0,0,90,T
7-M,21,0,0,0,90,90,C
7-M,22,0,0,90,0,90,G
7-M,23,92,0,0,0,92,A
7-M,24,93,0,0,0,93,A
7-M,25,93,0,0,0,93,A
7-M,26,0,0,0,104,104,C
7-M,27,0,0,107,0,107,G
7-M,28,0,110,0,0,110,T
7-M,29,111,0,0,0,111,A
7-M,30,0,111,0,0,111,T
7-M,31,0,0,111,0,111,G
7-M,32,0,111,0,0,111,T
7-M,33,0,120,0,0,120,T
7-M,34,0,0,0,124,124,C
7-M,35,0,126,0,0,126,T
7-M,36,0,0,0,135,135,C
7-M,37,0,133,0,0,133,T
7-M,38,0,0,0,145,145,C
7-M,39,0,144,0,0,144,T
7-M,40,148,0,0,0,148,A
7-M,41,0,149,0,0,149,T
7-M,42,0,0,0,152,152,C
7-M,43,0,0,156,0,156,G
7-M,44,0,154,0,0,154,T
7-M,45,0,153,0,0,153,T
7-M,46,1,0,0,154,155,C
7-M,47,0,0,0,164,164,C
7-M,48,165,0,0,0,165,A
7-M,49,0,165,0,0,165,T
7-M,50,1,0,0,164,165,C
7-M,51,163,0,1,0,164,A
7-M,52,0,0,169,0,169,G
7-M,53,0,0,167,0,167,G
7-M,54,0,0,0,170,170,C
7-M,55,0,0,0,167,167,C
7-M,56,0,0,0,169,169,C
7-M,57,1,0,0,185,186,C
7-M,58,2,0,0,186,188,C
7-M,59,0,188,0,0,188,T
7-M,60,1,0,0,189,190,C
7-M,61,191,0,0,0,191,A
7-M,62,188,0,0,0,188,A
7-M,63,192,0,0,0,192,A
7-M,64,0,0,196,0,196,G
7-M,65,0,0,0,198,198,C
7-M,66,0,1,0,195,196,C
7-M,67,0,1,193,0,194,G
7-M,68,196,0,0,0,196,A
7-M,69,0,1,194,0,195,G
7-M,70,193,0,0,0,193,A
7-M,71,0,196,0,0,196,T
7-M,72,1,0,0,189,190,C
7-M,73,0,0,193,0,193,G
7-M,74,0,0,0,195,195,C
7-M,75,0,0,197,0,197,G
7-M,76,1,0,0,196,197,C
7-M,77,196,0,0,0,196,A
7-M,78,1,1,194,0,196,G
7-M,79,194,0,0,0,194,A
7-M,80,0,7,209,0,216,G
7-M,81,218,0,0,0,218,A
7-M,82,0,0,0,223,223,C
7-M,83,0,217,1,0,218,T
7-M,84,0,219,0,0,219,T
7-M,85,0,0,221,0,221,G
7-M,86,218,1,0,0,219,A
7-M,87,218,0,0,0,218,A
7-M,88,0,1,217,0,218,G
7-M,89,208,0,0,0,208,A
7-M,90,0,215,0,0,215,T
7-M,91,0,0,215,0,215,G
7-M,92,0,212,0,0,212,T
7-M,93,1,0,0,211,212,C
7-M,94,0,210,0,0,210,T
7-M,95,0,212,0,0,212,T
7-M,96,0,211,0,0,211,T
7-M,97,0,0,212,0,212,G
7-M,98,0,0,0,212,212,C
7-M,99,0,212,0,0,212,T
7-M,100,0,0,210,0,210,G
7-M,101,0,0,212,0,212,G
7-M,102,208,0,1,0,209,A
7-M,103,217,0,1,0,218,A
7-M,104,219,0,0,0,219,A
7-M,105,220,0,0,0,220,A
7-M,106,221,0,0,0,221,A
7-M,107,223,0,0,0,223,A
7-M,108,0,0,0,224,224,C
7-M,109,224,0,0,0,224,A
7-M,110,0,0,0,224,224,C
7-M,111,224,0,0,0,224,A
7-M,112,0,0,231,0,231,G
7-M,113,234,0,0,1,235,A
7-M,114,0,239,0,0,239,T
7-M,115,0,0,0,243,243,C
7-M,116,0,243,0,0,243,T
7-M,117,0,244,0,0,244,T
7-M,118,0,2,242,0,244,G
7-M,119,241,0,1,0,242,A
7-M,120,0,0,243,0,243,G
7-M,121,0,0,241,0,241,G
7-M,122,0,0,0,241,241,C
7-M,123,0,237,0,1,238,T
7-M,124,2,0,0,249,251,C
7-M,125,0,249,0,0,249,T
7-M,126,2,0,0,249,251,C
7-M,127,249,0,2,0,251,A
7-M,128,0,252,0,1,253,T
7-M,129,0,3,250,0,253,G
7-M,130,0,0,253,0,253,G
7-M,131,251,0,0,0,251,A
7-M,132,251,0,0,0,251,A
7-M,133,0,243,0,1,244,T
7-M,134,0,1,250,0,251,G
7-M,135,0,0,260,0,260,G
7-M,136,0,0,0,261,261,C
7-M,137,0,262,0,0,262,T
7-M,138,262,0,0,0,262,A
7-M,139,262,0,0,0,262,A
7-M,140,268,0,0,0,268,A
7-M,141,0,0,277,0,277,G
7-M,142,276,0,0,0,276,A
7-M,143,0,0,0,275,275,C
7-M,144,262,0,0,0,262,A
7-M,145,261,0,0,0,261,A
7-M,146,0,2,264,0,266,G
7-M,147,266,0,1,0,267,A
7-M,148,0,0,0,268,268,C
7-M,149,0,0,0,267,267,C
7-M,150,261,0,0,0,261,A
7-M,151,267,0,1,0,268,A
7-M,152,0,270,0,0,270,T
7-M,153,0,270,0,0,270,T
7-M,154,0,0,0,272,272,C
7-M,155,0,267,0,0,267,T
7-M,156,0,0,269,0,269,G
7-M,157,0,269,0,0,269,T
7-M,158,2,0,0,267,269,C
7-M,159,269,0,0,0,269,A
7-M,160,0,0,0,278,278,C
7-M,161,0,0,0,277,277,C
7-M,162,0,276,0,0,276,T
7-M,163,0,0,0,276,276,C
7-M,164,0,274,0,0,274,T
7-M,165,0,4,281,0,285,G
7-M,166,283,0,1,0,284,A
7-M,167,0,0,0,286,286,C
7-M,168,0,286,0,0,286,T
7-M,169,279,0,0,0,279,A
7-M,170,279,0,0,0,279,A
7-M,171,275,0,1,0,276,A
7-M,172,0,3,277,0,280,G
7-M,173,0,4,277,0,281,G
7-M,174,0,0,286,0,286,G
7-M,175,286,0,0,0,286,A
7-M,176,0,288,0,0,288,T
7-M,177,0,288,0,0,288,T
7-M,178,0,285,0,0,285,T
7-M,179,0,288,0,0,288,T
7-M,180,0,4,284,0,288,G
7-M,181,0,3,287,0,290,G
7-M,182,0,2,291,0,293,G
7-M,183,1,0,291,0,292,G
7-M,184,0,284,0,0,284,T
7-M,185,0,287,0,0,287,T
7-M,186,0,285,0,0,285,T
7-M,187,0,0,289,0,289,G
7-M,188,0,288,0,0,288,T
7-M,189,0,0,289,0,289,G
7-M,190,0,289,0,0,289,T
7-M,191,0,288,0,0,288,T
7-M,192,1,1,0,289,291,C
7-M,193,291,0,0,0,291,A
7-M,194,0,0,0,303,303,C
7-M,195,0,0,305,0,305,G
7-M,196,0,0,0,302,302,C
7-M,197,0,298,0,0,298,T
7-M,198,0,0,0,311,311,C
7-M,199,310,0,0,0,310,A
7-M,200,0,0,0,314,314,C
7-M,201,0,1,0,313,314,C
7-M,202,2,0,314,0,316,G
7-M,203,0,323,1,0,324,T
7-M,204,0,1,324,0,325,G
7-M,205,0,0,0,327,327,C
7-M,206,2,0,0,322,324,C
7-M,207,1,0,0,321,322,C
7-M,208,318,0,1,0,319,A
7-M,209,0,0,321,0,321,G
7-M,210,0,322,0,0,322,T
7-M,211,0,1,321,0,322,G
7-M,212,318,0,0,0,318,A
7-M,213,0,0,319,0,319,G
7-M,214,0,0,0,318,318,C
7-M,215,0,1,316,0,317,G
7-M,216,312,0,2,0,314,A
7-M,217,0,1,323,0,324,G
7-M,218,0,0,324,0,324,G
7-M,219,325,0,0,0,325,A
7-M,220,0,0,0,331,331,C
7-M,221,0,327,0,1,328,T
7-M,222,0,0,331,0,331,G
7-M,223,1,0,0,329,330,C
7-M,224,327,0,0,0,327,A
7-M,225,0,0,339,0,339,G
7-M,226,2,1,0,331,334,C
7-M,227,13,0,326,0,339,G
7-M,228,0,339,0,0,339,T
7-M,229,335,0,0,0,335,A
7-M,230,0,1,333,0,334,G
7-M,231,332,0,0,0,332,A
7-M,232,0,0,0,331,331,C
7-M,233,0,0,333,0,333,G
7-M,234,0,0,0,329,329,C
7-M,235,0,324,0,0,324,T
7-M,236,0,327,0,0,327,T
7-M,237,0,327,0,0,327,T
7-M,238,0,0,336,0,336,G
7-M,239,0,337,0,0,337,T
7-M,240,3,0,0,334,337,C
7-M,241,2,0,0,335,337,C
7-M,242,327,0,0,0,327,A
7-M,243,337,0,0,0,337,A
7-M,244,334,1,1,0,336,A
7-M,245,337,0,0,0,337,A
7-M,246,0,337,0,0,337,T
7-M,247,0,0,335,0,335,G
7-M,248,0,0,0,334,334,C
7-M,249,1,0,0,338,339,C
7-M,250,4,0,0,334,338,C
7-M,251,0,339,0,0,339,T
7-M,252,1,0,0,350,351,C
7-M,253,350,0,0,0,350,A
7-M,254,357,0,0,0,357,A
7-M,255,0,368,0,0,368,T
7-M,256,0,0,367,0,367,G
7-M,257,0,0,365,0,365,G
7-M,258,0,346,1,0,347,T
7-M,259,365,0,0,0,365,A
7-M,260,365,0,0,0,365,A
7-M,261,0,366,0,0,366,T
7-M,262,0,0,365,0,365,G
7-M,263,0,0,361,0,361,G
7-M,264,348,0,1,0,349,A
7-M,265,0,4,343,0,347,G
7-M,266,337,0,0,0,337,A
7-M,267,0,0,0,340,340,C
7-M,268,1,0,0,348,349,C
7-M,269,3,1,0,349,353,C
7-M,270,354,0,0,0,354,A
7-M,271,352,0,0,0,352,A
7-M,272,355,0,0,0,355,A
7-M,273,0,357,0,0,357,T
7-M,274,365,0,0,0,365,A
7-M,275,366,0,1,0,367,A
7-M,276,0,0,0,360,360,C
7-M,277,350,0,0,0,350,A
7-M,278,0,349,0,0,349,T
7-M,279,0,4,354,0,358,G
7-M,280,0,0,358,0,358,G
7-M,281,358,0,0,0,358,A
7-M,282,0,0,31,325,356,C
7-M,283,348,0,1,0,349,A
7-M,284,351,0,0,0,351,A
7-M,285,350,0,0,0,350,A
7-M,286,0,0,354,0,354,G
7-M,287,0,0,0,358,358,C
7-M,288,356,0,0,0,356,A
7-M,289,0,0,359,0,359,G
7-M,290,0,357,0,0,357,T
7-M,291,0,356,0,0,356,T
7-M,292,360,0,0,0,360,A
7-M,293,358,0,0,0,358,A
7-M,294,355,0,0,0,355,A
7-M,295,0,0,0,364,364,C
7-M,296,0,353,0,0,353,T
7-M,297,0,0,397,0,397,G
7-M,298,0,397,0,0,397,T
7-M,299,399,0,0,0,399,A
7-M,300,0,399,0,0,399,T
7-M,301,394,0,0,0,394,A
7-M,302,0,0,395,0,395,G
7-M,303,1,1,395,0,397,G
7-M,304,392,1,1,0,394,A
7-M,305,393,0,0,0,393,A
7-M,306,371,0,1,0,372,A
7-M,307,0,0,0,378,378,C
7-M,308,0,378,0,0,378,T
7-M,309,0,377,0,0,377,T
7-M,310,377,0,0,0,377,A
7-M,311,373,0,0,0,373,A
7-M,312,0,0,375,0,375,G
7-M,313,371,1,1,0,373,A
7-M,314,0,5,370,0,375,G
7-M,315,0,3,366,0,369,G
7-M,316,0,3,361,0,364,G
7-M,317,368,0,0,0,368,A
7-M,318,0,1,371,0,372,G
7-M,319,371,0,1,0,372,A
7-M,320,0,373,0,0,373,T
7-M,321,374,0,0,0,374,A
7-M,322,375,0,0,0,375,A
7-M,323,0,0,0,379,379,C
7-M,324,0,0,379,0,379,G
7-M,325,0,381,0,0,381,T
7-M,326,0,378,0,1,379,T
7-M,327,0,0,0,383,383,C
7-M,328,2,0,0,380,382,C
7-M,329,382,0,0,0,382,A
7-M,330,0,381,0,1,382,T
7-M,331,0,4,370,0,374,G
7-M,332,0,2,376,0,378,G
7-M,333,0,1,372,0,373,G
7-M,334,0,0,378,0,378,G
7-M,335,0,1,0,369,370,C
7-M,336,1,0,0,373,374,C
7-M,337,374,0,0,0,374,A
7-M,338,376,0,0,0,376,A
7-M,339,374,1,0,0,375,A
7-M,340,0,0,382,0,382,G
7-M,341,383,0,0,0,383,A
7-M,342,379,0,0,0,379,A
7-M,343,378,0,0,0,378,A
7-M,344,0,378,0,0,378,T
7-M,345,377,0,0,0,377,A
7-M,346,0,0,379,0,379,G
7-M,347,1,0,0,375,376,C
7-M,348,0,376,0,0,376,T
7-M,349,3,0,0,374,377,C
7-M,350,0,374,0,0,374,T
7-M,351,1,0,2,386,389,C
7-M,352,387,0,0,0,387,A
7-M,353,0,0,388,0,388,G
7-M,354,0,377,0,0,377,T
7-M,355,0,380,0,0,380,T
7-M,356,382,0,0,0,382,A
7-M,357,0,382,0,0,382,T
7-M,358,0,380,0,1,381,T
7-M,359,1,0,0,382,383,C
7-M,360,0,365,0,0,365,T
7-M,361,0,0,369,0,369,G
7-M,362,0,0,0,369,369,C
7-M,363,0,365,0,0,365,T
7-M,364,0,1,364,0,365,G
7-M,365,0,0,364,0,364,G
7-M,366,0,362,0,2,364,T
7-M,367,0,1,363,0,364,G
7-M,368,0,0,0,362,362,C
7-M,369,362,1,0,0,363,A
7-M,370,0,1,0,363,364,C
7-M,371,0,362,0,0,362,T
7-M,372,0,366,0,0,366,T
7-M,373,0,1,366,0,367,G
7-M,374,0,0,0,368,368,C
7-M,375,0,0,0,371,371,C
7-M,376,368,0,0,0,368,A
7-M,377,0,0,371,0,371,G
7-M,378,0,364,0,7,371,T
7-M,379,0,373,0,0,373,T
7-M,380,0,0,376,0,376,G
7-M,381,2,0,0,367,369,C
7-M,382,367,0,0,2,369,A
7-M,383,0,370,0,0,370,T
7-M,384,0,2,368,0,370,G
7-M,385,1,2,373,0,376,G
7-M,386,0,1,377,0,378,G
7-M,387,1,0,0,374,375,C
7-M,388,2,0,0,387,389,C
7-M,389,0,387,0,1,388,T
7-M,390,0,0,0,393,393,C
7-M,391,415,0,0,0,415,A
7-M,392,0,414,0,0,414,T
7-M,393,431,0,0,0,431,A
7-M,394,0,423,0,0,423,T
7-M,395,416,0,0,0,416,A
7-M,396,0,0,0,436,436,C
7-M,397,423,0,0,0,423,A
7-M,398,426,0,0,0,426,A
7-M,399,0,424,1,0,425,T
7-M,400,400,0,0,0,400,A
7-M,401,0,4,407,0,411,G
7-M,402,0,1,406,0,407,G
7-M,403,404,0,0,0,404,A
7-M,404,0,404,0,0,404,T
7-M,405,0,0,374,0,374,G
7-M,406,0,1,376,0,377,G
7-M,407,0,3,374,0,377,G
7-M,408,0,0,379,0,379,G
7-M,409,0,0,380,0,380,G
7-M,410,0,0,0,379,379,C
7-M,411,0,372,0,0,372,T
7-M,412,0,0,377,0,377,G
7-M,413,0,375,0,0,375,T
7-M,414,374,0,1,0,375,A
7-M,415,376,0,0,0,376,A
7-M,416,0,1,0,377,378,C
7-M,417,1,0,0,377,378,C
7-M,418,373,0,1,0,374,A
7-M,419,0,0,0,373,373,C
7-M,420,0,376,0,0,376,T
7-M,421,0,0,374,0,374,G
7-M,422,370,0,0,0,370,A
7-M,423,371,0,0,0,371,A
7-M,424,0,0,373,0,373,G
7-M,425,0,371,0,0,371,T
7-M,426,0,0,373,0,373,G
7-M,427,0,0,373,0,373,G
7-M,428,1,0,0,377,378,C
7-M,429,378,0,0,0,378,A
7-M,430,0,376,0,0,376,T
7-M,431,0,376,0,0,376,T
7-M,432,0,377,0,0,377,T
7-M,433,1,1,391,0,393,G
7-M,434,0,0,391,0,391,G
7-M,435,0,0,0,392,392,C
7-M,436,1,0,0,388,389,C
7-M,437,0,382,0,1,383,T
7-M,438,0,3,397,0,400,G
7-M,439,1,0,401,0,402,G
7-M,440,0,400,0,0,400,T
7-M,441,405,0,0,0,405,A
7-M,442,0,386,0,0,386,T
7-M,443,0,0,401,0,401,G
7-M,444,0,400,0,0,400,T
7-M,445,0,1,397,0,398,G
7-M,446,1,1,0,398,400,C
7-M,447,378,0,0,0,378,A
7-M,448,375,0,0,0,375,A
7-M,449,0,0,0,378,378,C
7-M,450,377,0,0,0,377,A
7-M,451,0,379,0,0,379,T
7-M,452,0,0,374,0,374,G
7-M,453,0,364,0,0,364,T
7-M,454,1,0,365,0,366,G
7-M,455,364,0,0,0,364,A
7-M,456,0,0,363,0,363,G
7-M,457,0,0,0,363,363,C
7-M,458,349,0,0,0,349,A
7-M,459,0,1,351,0,352,G
7-M,460,347,0,0,0,347,A
7-M,461,0,347,0,0,347,T
7-M,462,0,348,0,1,349,T
7-M,463,0,0,348,0,348,G
7-M,464,0,0,1,347,348,C
7-M,465,0,348,0,1,349,T
7-M,466,0,0,351,0,351,G
7-M,467,349,0,0,0,349,A
7-M,468,0,0,0,373,373,C
7-M,469,0,372,0,0,372,T
7-M,470,1,0,0,371,372,C
7-M,471,2,0,0,368,370,C
7-M,472,2,0,0,369,371,C
7-M,473,374,0,0,0,374,A
7-M,474,0,0,381,0,381,G
7-M,475,0,0,0,380,380,C
7-M,476,379,0,0,0,379,A
7-M,477,1,0,0,379,380,C
7-M,478,342,0,0,0,342,A
7-M,479,0,0,348,0,348,G
7-M,480,0,0,347,0,347,G
7-M,481,0,346,0,0,346,T
7-M,482,2,0,0,351,353,C
7-M,483,0,345,0,2,347,T
7-M,484,1,0,0,350,351,C
7-M,485,349,0,0,0,349,A
7-M,486,0,350,0,0,350,T
7-M,487,351,0,0,0,351,A
7-M,488,0,1,342,0,343,G
7-M,489,0,0,340,0,340,G
7-M,490,0,0,0,338,338,C
7-M,491,321,0,0,0,321,A
7-M,492,0,0,316,0,316,G
7-M,493,319,0,0,0,319,A
7-M,494,0,321,0,0,321,T
7-M,495,0,0,325,0,325,G
7-M,496,0,0,324,0,324,G
7-M,497,0,322,0,0,322,T
7-M,498,0,2,324,0,326,G
7-M,499,0,1,325,0,326,G
7-M,500,0,0,0,328,328,C
7-M,501,324,0,0,0,324,A
7-M,502,325,0,0,0,325,A
7-M,503,0,0,0,330,330,C
7-M,504,332,0,0,0,332,A
7-M,505,333,0,0,0,333,A
7-M,506,0,0,0,332,332,C
7-M,507,0,0,0,324,324,C
7-M,508,322,0,0,0,322,A
7-M,509,319,0,1,0,320,A
7-M,510,0,322,0,0,322,T
7-M,511,1,0,0,322,323,C
7-M,512,0,0,0,315,315,C
7-M,513,309,0,0,0,309,A
7-M,514,1,308,0,0,309,T
7-M,515,0,306,0,0,306,T
7-M,516,306,0,0,1,307,A
7-M,517,308,0,0,0,308,A
7-M,518,1,306,0,0,307,T
7-M,519,304,0,0,0,304,A
7-M,520,306,0,0,0,306,A
7-M,521,298,0,1,0,299,A
7-M,522,298,0,1,0,299,A
7-M,523,0,0,0,311,311,C
7-M,524,312,0,0,0,312,A
7-M,525,0,309,0,0,309,T
7-M,526,0,1,309,0,310,G
7-M,527,307,0,1,0,308,A
7-M,528,0,1,309,0,310,G
7-M,529,309,0,0,0,309,A
7-M,530,308,1,0,0,309,A
7-M,531,0,0,0,312,312,C
7-M,532,298,1,0,0,299,A
7-M,533,0,2,302,0,304,G
7-M,534,302,0,0,0,302,A
7-M,535,302,0,0,0,302,A
7-M,536,0,301,0,0,301,T
7-M,537,0,3,298,0,301,G
7-M,538,0,0,302,0,302,G
7-M,539,0,296,0,0,296,T
7-M,540,0,292,0,0,292,T
7-M,541,0,295,0,0,295,T
7-M,542,0,295,0,1,296,T
7-M,543,0,1,301,0,302,G
7-M,544,0,0,300,0,300,G
7-M,545,0,0,0,300,300,C
7-M,546,0,0,0,299,299,C
7-M,547,295,0,1,0,296,A
7-M,548,0,1,310,0,311,G
7-M,549,0,0,0,311,311,C
7-M,550,315,0,0,0,315,A
7-M,551,1,0,0,325,326,C
7-M,552,0,318,0,0,318,T
7-M,553,318,0,0,0,318,A
7-M,554,0,0,0,323,323,C
7-M,555,328,0,0,0,328,A
7-M,556,0,0,332,0,332,G
7-M,557,0,0,0,319,319,C
7-M,558,0,316,0,0,316,T
7-M,559,316,0,0,0,316,A
7-M,560,316,0,0,0,316,A
7-M,561,0,0,321,0,321,G
7-M,562,0,0,324,0,324,G
7-M,563,0,0,0,324,324,C
7-M,564,0,310,0,0,310,T
7-M,565,312,0,0,0,312,A
7-M,566,0,312,0,0,312,T
7-M,567,0,1,311,0,312,G
7-M,568,0,0,314,0,314,G
7-M,569,303,0,0,0,303,A
7-M,570,0,0,302,0,302,G
7-M,571,0,0,0,296,296,C
7-M,572,297,0,0,0,297,A
7-M,573,296,0,0,0,296,A
7-M,574,293,0,0,0,293,A
7-M,575,0,300,0,0,300,T
7-M,576,0,2,298,0,300,G
7-M,577,1,0,294,0,295,G
7-M,578,0,0,0,296,296,C
7-M,579,0,291,0,0,291,T
7-M,580,0,1,291,0,292,G
7-M,581,0,0,297,0,297,G
7-M,582,297,0,0,0,297,A
7-M,583,0,296,0,0,296,T
7-M,584,0,0,0,299,299,C
7-M,585,300,0,0,0,300,A
7-M,586,302,0,0,0,302,A
7-M,587,0,0,302,0,302,G
7-M,588,0,303,0,0,303,T
7-M,589,0,4,298,0,302,G
7-M,590,301,0,0,0,301,A
7-M,591,297,0,1,0,298,A
7-M,592,0,0,0,303,303,C
7-M,593,304,0,0,0,304,A
7-M,594,0,1,304,0,305,G
7-M,595,0,0,301,0,301,G
7-M,596,0,0,0,301,301,C
7-M,597,296,0,2,0,298,A
7-M,598,0,0,303,0,303,G
7-M,599,0,0,0,299,299,C
7-M,600,1,0,299,0,300,G
7-M,601,0,0,299,0,299,G
7-M,602,297,0,0,0,297,A
7-M,603,0,1,301,0,302,G
7-M,604,0,0,307,0,307,G
7-M,605,0,0,0,310,310,C
7-M,606,1,0,0,309,310,C
7-M,607,310,0,0,0,310,A
7-M,608,0,308,0,0,308,T
7-M,609,0,1,310,0,311,G
7-M,610,0,0,313,0,313,G
7-M,611,308,0,1,0,309,A
7-M,612,0,1,306,0,307,G
7-M,613,303,0,0,0,303,A
7-M,614,0,313,0,0,313,T
7-M,615,0,313,0,0,313,T
7-M,616,0,1,312,0,313,G
7-M,617,0,0,0,314,314,C
7-M,618,0,311,0,0,311,T
7-M,619,320,0,0,0,320,A
7-M,620,0,0,318,0,318,G
7-M,621,0,317,0,0,317,T
7-M,622,1,0,0,316,317,C
7-M,623,309,0,0,0,309,A
7-M,624,0,1,315,0,316,G
7-M,625,0,0,317,0,317,G
7-M,626,0,0,0,318,318,C
7-M,627,2,0,0,316,318,C
7-M,628,315,0,0,0,315,A
7-M,629,0,0,318,0,318,G
7-M,630,0,0,319,0,319,G
7-M,631,1,0,0,318,319,C
7-M,632,317,0,0,0,317,A
7-M,633,0,0,316,0,316,G
7-M,634,319,0,0,0,319,A
7-M,635,0,318,0,0,318,T
7-M,636,0,1,319,0,320,G
7-M,637,0,0,330,0,330,G
7-M,638,0,330,0,0,330,T
7-M,639,0,0,328,0,328,G
7-M,640,0,0,0,327,327,C
7-M,641,327,0,0,0,327,A
7-M,642,0,0,334,0,334,G
7-M,643,0,0,333,0,333,G
7-M,644,0,0,0,335,335,C
7-M,645,332,0,0,0,332,A
7-M,646,327,0,0,0,327,A
7-M,647,0,327,0,0,327,T
7-M,648,0,1,325,0,326,G
7-M,649,322,0,2,0,324,A
7-M,650,0,3,322,0,325,G
7-M,651,318,0,1,0,319,A
7-M,652,0,0,321,0,321,G
7-M,653,0,0,0,325,325,C
7-M,654,0,0,0,324,324,C
7-M,655,325,0,0,0,325,A
7-M,656,1,322,0,0,323,T
7-M,657,0,325,0,0,325,T
7-M,658,0,1,325,0,326,G
7-M,659,0,1,325,0,326,G
7-M,660,0,5,323,0,328,G
7-M,661,326,0,0,0,326,A
7-M,662,0,0,0,325,325,C
7-M,663,0,314,0,0,314,T
7-M,664,2,0,0,316,318,C
7-M,665,320,0,0,0,320,A
7-M,666,0,335,0,0,335,T
7-M,667,0,1,0,338,339,C
7-M,668,0,0,0,338,338,C
7-M,669,0,331,0,0,331,T
7-M,670,329,0,0,0,329,A
7-M,671,0,0,333,0,333,G
7-M,672,0,348,0,0,348,T
7-M,673,0,343,0,1,344,T
7-M,674,2,0,0,340,342,C
7-M,675,1,2,0,325,328,C
7-M,676,325,0,0,0,325,A
7-M,677,0,0,331,0,331,G
7-M,678,15,314,0,0,329,T
7-M,679,329,0,0,0,329,A
7-M,680,0,0,0,327,327,C
7-M,681,0,299,0,0,299,T
7-M,682,0,1,314,0,315,G
7-M,683,0,0,313,0,313,G
7-M,684,0,314,0,0,314,T
7-M,685,0,307,0,0,307,T
7-M,686,0,313,0,0,313,T
7-M,687,313,0,0,0,313,A
7-M,688,310,0,1,0,311,A
7-M,689,0,0,314,0,314,G
7-M,690,306,0,1,0,307,A
7-M,691,0,0,304,0,304,G
7-M,692,291,0,0,0,291,A
7-M,693,0,287,0,0,287,T
7-M,694,1,1,285,0,287,G
7-M,695,287,0,0,0,287,A
7-M,696,0,287,0,0,287,T
7-M,697,3,0,0,283,286,C
7-M,698,0,284,0,0,284,T
7-M,699,0,284,0,0,284,T
7-M,700,1,0,0,285,286,C
7-M,701,1,281,0,0,282,T
7-M,702,0,282,0,1,283,T
7-M,703,0,0,283,0,283,G
7-M,704,281,0,0,0,281,A
7-M,705,282,0,0,0,282,A
7-M,706,279,0,0,0,279,A
7-M,707,283,0,0,0,283,A
7-M,708,0,278,0,0,278,T
7-M,709,0,284,0,0,284,T
7-M,710,0,285,0,0,285,T
7-M,711,0,0,284,0,284,G
7-M,712,0,1,0,284,285,C
7-M,713,284,0,0,0,284,A
7-M,714,0,0,288,0,288,G
7-M,715,287,0,0,0,287,A
7-M,716,0,0,0,303,303,C
7-M,717,2,0,0,300,302,C
7-M,718,0,303,0,0,303,T
7-M,719,304,0,0,0,304,A
7-M,720,0,304,0,0,304,T
7-M,721,1,0,0,302,303,C
7-M,722,306,0,0,0,306,A
7-M,723,0,0,302,0,302,G
7-M,724,300,0,0,0,300,A
7-M,725,292,0,0,0,292,A
7-M,726,294,0,0,0,294,A
7-M,727,0,1,0,297,298,C
7-M,728,0,2,299,0,301,G
7-M,729,300,0,0,0,300,A
7-M,730,298,0,0,0,298,A
7-M,731,0,302,0,0,302,T
7-M,732,0,1,301,0,302,G
7-M,733,0,2,303,0,305,G
7-M,734,1,2,304,0,307,G
7-M,735,1,2,301,0,304,G
7-M,736,0,0,309,0,309,G
7-M,737,0,294,0,1,295,T
7-M,738,0,0,294,0,294,G
7-M,739,0,0,0,297,297,C
7-M,740,297,0,0,0,297,A
7-M,741,0,0,296,0,296,G
7-M,742,291,1,0,0,292,A
7-M,743,0,291,0,0,291,T
7-M,744,0,0,291,0,291,G
7-M,745,0,0,0,284,284,C
7-M,746,286,0,0,0,286,A
7-M,747,285,0,0,0,285,A
7-M,748,0,0,0,286,286,C
7-M,749,0,2,285,0,287,G
7-M,750,285,0,0,0,285,A
7-M,751,0,287,0,0,287,T
7-M,752,0,286,0,0,286,T
7-M,753,5,0,0,287,292,C
7-M,754,285,0,0,0,285,A
7-M,755,283,0,1,0,284,A
7-M,756,0,0,285,0,285,G
7-M,757,0,278,0,0,278,T
7-M,758,0,1,276,0,277,G
7-M,759,271,0,1,0,272,A
7-M,760,0,0,0,272,272,C
7-M,761,2,0,0,271,273,C
7-M,762,1,0,0,270,271,C
7-M,763,0,1,274,0,275,G
7-M,764,1,0,0,270,271,C
7-M,765,0,274,0,0,274,T
7-M,766,0,273,0,0,273,T
7-M,767,0,1,275,0,276,G
7-M,768,0,277,0,0,277,T
7-M,769,0,276,0,0,276,T
7-M,770,0,0,277,0,277,G
7-M,771,0,269,0,1,270,T
7-M,772,0,265,0,0,265,T
7-M,773,0,0,263,0,263,G
7-M,774,0,0,0,265,265,C
7-M,775,1,1,0,260,262,C
7-M,776,0,0,266,0,266,G
7-M,777,0,0,0,264,264,C
7-M,778,0,2,265,0,267,G
7-M,779,265,0,0,0,265,A
7-M,780,270,0,0,0,270,A
7-M,781,0,273,0,0,273,T
7-M,782,269,0,0,0,269,A
7-M,783,0,271,0,0,271,T
7-M,784,1,0,0,279,280,C
7-M,785,277,0,0,0,277,A
7-M,786,0,278,0,0,278,T
7-M,787,0,275,0,0,275,T
7-M,788,0,3,272,0,275,G
7-M,789,0,1,272,0,273,G
7-M,790,0,1,272,0,273,G
7-M,791,277,0,0,0,277,A
7-M,792,0,274,0,0,274,T
7-M,793,1,0,0,264,265,C
7-M,794,0,263,1,0,264,T
7-M,795,0,262,0,1,263,T
7-M,796,0,0,264,0,264,G
7-M,797,0,0,0,263,263,C
7-M,798,262,0,0,0,262,A
7-M,799,0,0,0,265,265,C
7-M,800,0,258,0,0,258,T
7-M,801,0,257,0,0,257,T
7-M,802,0,2,255,0,257,G
7-M,803,260,0,0,0,260,A
7-M,804,0,259,0,1,260,T
7-M,805,255,0,0,0,255,A
7-M,806,0,255,0,0,255,T
7-M,807,0,247,0,0,247,T
7-M,808,0,0,254,0,254,G
7-M,809,0,252,0,0,252,T
7-M,810,0,2,250,0,252,G
7-M,811,0,0,251,0,251,G
7-M,812,245,0,0,0,245,A
7-M,813,1,244,0,0,245,T
7-M,814,0,240,0,0,240,T
7-M,815,0,0,0,241,241,C
7-M,816,0,239,0,1,240,T
7-M,817,0,237,0,0,237,T
7-M,818,0,0,238,0,238,G
7-M,819,233,1,0,0,234,A
7-M,820,0,236,0,0,236,T
7-M,821,2,0,0,230,232,C
7-M,822,0,0,232,0,232,G
7-M,823,0,230,0,1,231,T
7-M,824,0,0,0,231,231,C
7-M,825,0,229,0,0,229,T
7-M,826,0,230,0,0,230,T
7-M,827,0,232,0,0,232,T
7-M,828,0,232,0,0,232,T
7-M,829,0,232,0,0,232,T
7-M,830,0,233,0,0,233,T
7-M,831,0,231,0,1,232,T
7-M,832,0,0,0,231,231,C
7-M,833,230,0,0,0,230,A
7-M,834,232,0,0,0,232,A
7-M,835,231,0,0,0,231,A
7-M,836,0,230,0,0,230,T
7-M,837,0,0,232,0,232,G
7-M,838,1,0,0,230,231,C
7-M,839,0,0,233,0,233,G
7-M,840,0,241,0,0,241,T
7-M,841,1,0,0,242,243,C
7-M,842,0,241,0,0,241,T
7-M,843,243,0,0,0,243,A
7-M,844,0,242,0,0,242,T
7-M,845,2,0,0,240,242,C
7-M,846,1,1,240,0,242,G
7-M,847,237,0,0,0,237,A
7-M,848,0,0,0,237,237,C
7-M,849,0,226,0,0,226,T
7-M,850,2,0,0,233,235,C
7-M,851,0,233,0,0,233,T
7-M,852,0,235,0,0,235,T
7-M,853,1,0,0,233,234,C
7-M,854,235,0,0,0,235,A
7-M,855,236,0,0,0,236,A
7-M,856,236,0,0,0,236,A
7-M,857,0,0,0,236,236,C
7-M,858,225,0,10,0,235,A
7-M,859,0,0,0,221,221,C
7-M,860,0,1,213,0,214,G
7-M,861,0,0,222,0,222,G
7-M,862,0,0,0,224,224,C
7-M,863,1,0,0,224,225,C
7-M,864,0,224,0,0,224,T
7-M,865,0,225,0,0,225,T
7-M,866,226,0,0,0,226,A
7-M,867,225,0,0,0,225,A
7-M,868,227,0,0,0,227,A
7-M,869,225,0,1,0,226,A
7-M,870,0,1,222,0,223,G
7-M,871,194,0,0,0,194,A
7-M,872,0,1,190,0,191,G
7-M,873,0,0,192,0,192,G
7-M,874,0,1,0,191,192,C
7-M,875,0,0,0,190,190,C
7-M,876,1,0,0,192,193,C
7-M,877,0,194,0,0,194,T
7-M,878,0,195,0,0,195,T
7-M,879,0,0,0,195,195,C
7-M,880,0,196,0,0,196,T
7-M,881,194,0,0,0,194,A
7-M,882,0,0,0,193,193,C
7-M,883,0,1,188,0,189,G
7-M,884,0,0,190,0,190,G
7-M,885,181,0,0,0,181,A
7-M,886,181,0,0,0,181,A
7-M,887,0,0,177,0,177,G
7-M,888,0,1,181,0,182,G
7-M,889,182,0,0,0,182,A
7-M,890,0,0,183,0,183,G
7-M,891,0,181,0,0,181,T
7-M,892,183,0,0,0,183,A
7-M,893,0,0,0,183,183,C
7-M,894,1,0,0,181,182,C
7-M,895,0,178,0,1,179,T
7-M,896,0,2,175,0,177,G
7-M,897,168,0,0,0,168,A
7-M,898,0,0,180,0,180,G
7-M,899,0,178,0,0,178,T
7-M,900,1,0,0,177,178,C
7-M,901,0,175,0,0,175,T
7-M,902,176,0,0,0,176,A
7-M,903,0,176,0,0,176,T
7-M,904,0,1,175,0,176,G
7-M,905,166,0,0,0,166,A
7-M,906,0,0,169,0,169,G
7-M,907,0,0,156,0,156,G
7-M,908,0,0,155,0,155,G
7-M,909,154,0,0,0,154,A
7-M,910,154,0,0,0,154,A
7-M,911,0,0,153,0,153,G
7-M,912,152,0,0,0,152,A
7-M,913,152,0,0,0,152,A
7-M,914,0,152,0,0,152,T
7-M,915,150,0,0,0,150,A
7-M,916,0,150,0,0,150,T
7-M,917,2,0,0,147,149,C
7-M,918,1,2,147,0,150,G
7-M,919,148,0,0,0,148,A
7-M,920,144,0,0,0,144,A
7-M,921,145,0,0,0,145,A
7-M,922,5,0,138,0,143,G
7-M,923,0,0,143,0,143,G
7-M,924,138,0,0,0,138,A
7-M,925,139,0,0,0,139,A
7-M,926,0,0,0,139,139,C
7-M,927,138,0,0,0,138,A
7-M,928,0,1,137,0,138,G
7-M,929,0,0,0,138,138,C
7-M,930,137,0,1,0,138,A
7-M,931,0,0,138,0,138,G
7-M,932,133,0,0,0,133,A
7-M,933,138,0,0,0,138,A
7-M,934,0,137,0,0,137,T
7-M,935,0,0,131,0,131,G
7-M,936,0,1,0,131,132,C
7-M,937,0,118,0,0,118,T
7-M,938,0,0,118,0,118,G
7-M,939,0,118,0,0,118,T
7-M,940,0,0,117,0,117,G
7-M,941,1,0,115,0,116,G
7-M,942,112,0,0,0,112,A
7-M,943,0,112,0,0,112,T
7-M,944,0,0,110,0,110,G
7-M,945,0,0,0,108,108,C
7-M,946,0,95,0,0,95,T
7-M,947,0,1,93,0,94,G
7-M,948,94,0,0,0,94,A
7-M,949,0,0,0,93,93,C
7-M,950,0,1,91,0,92,G
7-M,951,87,0,0,0,87,A
7-M,952,0,0,0,88,88,C
7-M,953,82,0,0,0,82,A
7-M,954,0,0,82,0,82,G
7-M,955,0,82,0,0,82,T
7-M,956,2,0,0,79,81,C
7-M,957,82,0,0,0,82,A
7-M,958,0,81,0,0,81,T
7-M,959,0,81,0,0,81,T
7-M,960,0,81,0,0,81,T
7-M,961,0,80,0,0,80,T
7-M,962,0,0,81,0,81,G
7-M,963,0,74,0,0,74,T
7-M,964,2,0,0,71,73,C
7-M,965,73,0,0,0,73,A
7-M,966,0,0,74,0,74,G
7-M,967,0,0,0,74,74,C
7-M,968,74,0,0,0,74,A
7-M,969,0,74,0,0,74,T
7-M,970,63,0,0,0,63,A
7-M,971,0,0,63,0,63,G
7-M,972,61,0,0,0,61,A
7-M,973,0,0,62,0,62,G
7-M,974,0,59,0,0,59,T
7-M,975,0,42,0,0,42,T
7-M,976,0,0,42,0,42,G
7-M,977,0,0,42,0,42,G
7-M,978,41,0,0,0,41,A
7-M,979,0,0,41,0,41,G
7-M,980,0,27,0,0,27,T
7-M,981,25,0,0,0,25,A
7-M,982,25,0,0,0,25,A
8-NS,1,2462,0,0,0,2462,A
8-NS,2,0,2468,0,0,2468,T
8-NS,3,0,0,2659,0,2659,G
8-NS,4,0,8,2900,0,2908,G
8-NS,5,3049,0,1,1,3051,A
8-NS,6,0,5271,0,1,5272,T
8-NS,7,1,5303,1,4,5309,T
8-NS,8,6,0,0,5443,5449,C
8-NS,9,5,4,0,5457,5466,C
8-NS,10,5469,1,0,0,5470,A
8-NS,11,5570,0,6,1,5577,A
8-NS,12,0,3,0,5618,5621,C
8-NS,13,5635,0,2,0,5637,A
8-NS,14,0,1,0,5863,5864,C
8-NS,15,1,5858,0,4,5863,T
8-NS,16,0,1,5868,0,5869,G
8-NS,17,1,5876,0,1,5878,T
8-NS,18,5867,0,1,0,5868,A
8-NS,19,0,7069,0,4,7073,T
8-NS,20,21,0,0,7058,7079,C
8-NS,21,7087,2,2,0,7091,A
8-NS,22,7099,0,4,0,7103,A
8-NS,23,1,1,7205,0,7207,G
8-NS,24,0,7416,0,4,7420,T
8-NS,25,0,7430,1,3,7434,T
8-NS,26,1,7491,0,1,7493,T
8-NS,27,13,1,0,7491,7505,C
8-NS,28,6,1,0,7553,7560,C
8-NS,29,7552,2,1,0,7555,A
8-NS,30,1,26,7606,0,7633,G
8-NS,31,2,2,7697,0,7701,G
8-NS,32,0,7696,0,4,7700,T
8-NS,33,7734,0,2,0,7736,A
8-NS,34,3,18,7807,0,7828,G
8-NS,35,7800,1,13,1,7815,A
8-NS,36,0,7850,0,3,7853,T
8-NS,37,0,7843,1,1,7845,T
8-NS,38,3,4,7928,1,7936,G
8-NS,39,0,0,0,7934,7934,C
8-NS,40,0,7922,0,6,7928,T
8-NS,41,0,8011,0,8,8019,T
8-NS,42,0,8052,0,13,8065,T
8-NS,43,23,1,2,8233,8259,C
8-NS,44,1,8224,0,7,8232,T
8-NS,45,0,8212,1,9,8222,T
8-NS,46,1,8223,0,14,8238,T
8-NS,47,4,42,8248,1,8295,G
8-NS,48,2,1,8298,0,8301,G
8-NS,49,4,12,1,8303,8320,C
8-NS,50,8294,2,6,0,8302,A
8-NS,51,1,8328,0,2,8331,T
8-NS,52,8383,0,3,0,8386,A
8-NS,53,0,8578,1,3,8582,T
8-NS,54,7,5,0,8598,8610,C
8-NS,55,22,18,2,8560,8602,C
8-NS,56,6,14,8582,0,8602,G
8-NS,57,1,33,8631,0,8665,G
8-NS,58,8666,0,2,0,8668,A
8-NS,59,8706,1,5,0,8712,A
8-NS,60,8709,1,11,1,8722,A
8-NS,61,1,6,0,8765,8772,C
8-NS,62,8756,0,6,0,8762,A
8-NS,63,8754,0,10,0,8764,A
8-NS,64,0,3,9205,1,9209,G
8-NS,65,1,9232,1,11,9245,T
8-NS,66,2,9166,1,1,9170,T
8-NS,67,0,3,9232,0,9235,G
8-NS,68,1,9235,0,8,9244,T
8-NS,69,9208,3,10,1,9222,A
8-NS,70,2,74,9240,0,9316,G
8-NS,71,9896,0,10,0,9906,A
8-NS,72,2,3,0,9994,9999,C
8-NS,73,37,1,0,9775,9813,C
8-NS,74,9807,0,4,1,9812,A
8-NS,75,9879,0,3,1,9883,A
8-NS,76,1,57,10278,0,10336,G
8-NS,77,10333,0,22,0,10355,A
8-NS,78,10450,3,3,0,10456,A
8-NS,79,0,2,0,10478,10480,C
8-NS,80,0,10111,1,7,10119,T
8-NS,81,1,57,10219,0,10277,G
8-NS,82,10202,0,8,0,10210,A
8-NS,83,0,2,10542,0,10544,G
8-NS,84,3,10475,2,10,10490,T
8-NS,85,4,31,10236,0,10271,G
8-NS,86,10302,2,9,1,10314,A
8-NS,87,2,10278,0,6,10286,T
8-NS,88,7,4,10458,0,10469,G
8-NS,89,3,4,1,10660,10668,C
8-NS,90,27,2,0,10645,10674,C
8-NS,91,69,2,1,10667,10739,C
8-NS,92,56,5,0,10555,10616,C
8-NS,93,10643,0,2,0,10645,A
8-NS,94,1,10841,0,3,10845,T
8-NS,95,1,10994,0,4,10999,T
8-NS,96,33,1,0,11023,11057,C
8-NS,97,41,2,1,10920,10964,C
8-NS,98,2,10899,0,14,10915,T
8-NS,99,0,10836,0,21,10857,T
8-NS,100,1,76,10780,0,10857,G
8-NS,101,10839,1,0,0,10840,A
8-NS,102,4,10842,0,6,10852,T
8-NS,103,52,6,0,10715,10773,C
8-NS,104,10,30,10655,1,10696,G
8-NS,105,2,8,10766,0,10776,G
8-NS,106,5,2,0,10795,10802,C
8-NS,107,1,10731,0,12,10744,T
8-NS,108,1,10791,1,1,10794,T
8-NS,109,29,4,0,10755,10788,C
8-NS,110,5,6,10849,1,10861,G
8-NS,111,1,3,0,10859,10863,C
8-NS,112,24,9,0,10828,10861,C
8-NS,113,11,41,10831,0,10883,G
8-NS,114,10704,0,3,0,10707,A
8-NS,115,0,57,11176,0,11233,G
8-NS,116,11226,2,6,0,11234,A
8-NS,117,0,11263,1,4,11268,T
8-NS,118,42,9,0,11242,11293,C
8-NS,119,11217,0,7,1,11225,A
8-NS,120,1,22,11265,1,11289,G
8-NS,121,11245,1,11,0,11257,A
8-NS,122,1,24,11309,0,11334,G
8-NS,123,3,2,11444,0,11449,G
8-NS,124,2,11349,0,6,11357,T
8-NS,125,50,2,0,12047,12099,C
8-NS,126,27,1,0,12114,12142,C
8-NS,127,69,2,0,12124,12195,C
8-NS,128,1,12215,0,5,12221,T
8-NS,129,12252,1,1,1,12255,A
8-NS,130,12229,0,8,1,12238,A
8-NS,131,2,118,12262,1,12383,G
8-NS,132,1,88,12272,0,12361,G
8-NS,133,1,34,12170,3,12208,G
8-NS,134,1,26,11849,0,11876,G
8-NS,135,11773,1,16,1,11791,A
8-NS,136,11743,1,30,2,11776,A
8-NS,137,3,27,11836,0,11866,G
8-NS,138,12148,2,13,1,12164,A
8-NS,139,5,28,12312,0,12345,G
8-NS,140,3,6,12275,0,12284,G
8-NS,141,4,3,0,12270,12277,C
8-NS,142,12213,4,11,0,12228,A
8-NS,143,12227,2,9,0,12238,A
8-NS,144,2,12252,0,2,12256,T
8-NS,145,12329,1,4,2,12336,A
8-NS,146,1,0,0,12552,12553,C
8-NS,147,3,12135,0,16,12154,T
8-NS,148,56,1,0,12088,12145,C
8-NS,149,1,11971,1,9,11982,T
8-NS,150,47,7,0,12008,12062,C
8-NS,151,9,45,12162,0,12216,G
8-NS,152,3,2,12920,0,12925,G
8-NS,153,1,12898,0,15,12914,T
8-NS,154,90,2,0,12865,12957,C
8-NS,155,0,12865,0,8,12873,T
8-NS,156,12980,2,8,0,12990,A
8-NS,157,1,47,12940,0,12988,G
8-NS,158,12973,2,12,0,12987,A
8-NS,159,1,2,0,13387,13390,C
8-NS,160,13118,2,2,0,13122,A
8-NS,161,0,12781,1,7,12789,T
8-NS,162,27,1,1,12730,12759,C
8-NS,163,12713,0,9,0,12722,A
8-NS,164,12732,1,11,0,12744,A
8-NS,165,12610,0,20,0,12630,A
8-NS,166,2,5,12654,1,12662,G
8-NS,167,4,6,0,12709,12719,C
8-NS,168,12459,2,6,1,12468,A
8-NS,169,2,3,12546,0,12551,G
8-NS,170,2,1,0,12549,12552,C
8-NS,171,44,9,0,12518,12571,C
8-NS,172,12635,3,10,0,12648,A
8-NS,173,5,0,0,12924,12929,C
8-NS,174,37,2,1,12875,12915,C
8-NS,175,124,2,1,12761,12888,C
8-NS,176,12781,220,3,0,13004,A
8-NS,177,1,13003,1,8,13013,T
8-NS,178,3,3,13032,1,13039,G
8-NS,179,1,13005,1,13,13020,T
8-NS,180,0,12952,0,5,12957,T
8-NS,181,2,34,12693,1,12730,G
8-NS,182,0,32,12563,0,12595,G
8-NS,183,12527,1,9,1,12538,A
8-NS,184,12539,0,9,0,12548,A
8-NS,185,12290,0,16,1,12307,A
8-NS,186,1,1,12404,0,12406,G
8-NS,187,5,2,0,12387,12394,C
8-NS,188,12386,2,5,0,12393,A
8-NS,189,12372,2,8,0,12382,A
8-NS,190,12363,2,5,2,12372,A
8-NS,191,0,12464,1,5,12470,T
8-NS,192,1,12467,1,5,12474,T
8-NS,193,4,1,12754,0,12759,G
8-NS,194,4,12747,0,3,12754,T
8-NS,195,12660,2,12,0,12674,A
8-NS,196,3,29,12646,0,12678,G
8-NS,197,12652,1,2,1,12656,A
8-NS,198,12642,0,8,0,12650,A
8-NS,199,12645,0,1,1,12647,A
8-NS,200,12571,0,8,0,12579,A
8-NS,201,2,16,12637,0,12655,G
8-NS,202,12486,0,6,0,12492,A
8-NS,203,0,12472,1,7,12480,T
8-NS,204,1,12467,1,12,12481,T
8-NS,205,40,1,0,12478,12519,C
8-NS,206,3,12492,0,11,12506,T
8-NS,207,1,21,12518,0,12540,G
8-NS,208,12518,0,10,0,12528,A
8-NS,209,12521,1,1,0,12523,A
8-NS,210,12480,1,14,1,12496,A
8-NS,211,1,19,12537,0,12557,G
8-NS,212,12520,1,11,2,12534,A
8-NS,213,12542,1,15,1,12559,A
8-NS,214,0,54,12621,0,12675,G
8-NS,215,12763,2,22,2,12789,A
8-NS,216,12807,0,9,0,12816,A
8-NS,217,2,12830,0,6,12838,T
8-NS,218,35,1,0,12914,12950,C
8-NS,219,1,12916,0,11,12928,T
8-NS,220,4,33,12947,0,12984,G
8-NS,221,12971,0,12,0,12983,A
8-NS,222,3,12977,0,5,12985,T
8-NS,223,5,30,12863,1,12899,G
8-NS,224,12712,1,14,4,12731,A
8-NS,225,0,46,12684,0,12730,G
8-NS,226,7,2,12718,0,12727,G
8-NS,227,6,1,0,12675,12682,C
8-NS,228,12666,0,15,0,12681,A
8-NS,229,2,0,0,12993,12995,C
8-NS,230,2,12937,1,5,12945,T
8-NS,231,1,13031,1,2,13035,T
8-NS,232,13100,2,1,0,13103,A
8-NS,233,13128,0,3,0,13131,A
8-NS,234,13093,1,6,0,13100,A
8-NS,235,13069,3,10,3,13085,A
8-NS,236,0,13074,0,6,13080,T
8-NS,237,1,128,12997,0,13126,G
8-NS,238,13142,2,8,0,13152,A
8-NS,239,1,3,1,13158,13163,C
8-NS,240,51,4,0,13067,13122,C
8-NS,241,13091,1,3,1,13096,A
8-NS,242,1,13064,1,16,13082,T
8-NS,243,1,52,13404,0,13457,G
8-NS,244,6,3,13590,0,13599,G
8-NS,245,1,13620,0,17,13638,T
8-NS,246,82,1,1,14346,14430,C
8-NS,247,1,14260,0,22,14283,T
8-NS,248,31,2,0,14488,14521,C
8-NS,249,29,2,0,14496,14527,C
8-NS,250,14523,1,10,0,14534,A
8-NS,251,0,3,0,14700,14703,C
8-NS,252,14357,2,9,0,14368,A
8-NS,253,5,3,0,14388,14396,C
8-NS,254,21,11,0,14224,14256,C
8-NS,255,0,13539,1,20,13560,T
8-NS,256,6,9,13598,0,13613,G
8-NS,257,2,4,0,13537,13543,C
8-NS,258,1,13426,1,11,13439,T
8-NS,259,2,13484,0,3,13489,T
8-NS,260,25,3,0,13343,13371,C
8-NS,261,5,5,13406,1,13417,G
8-NS,262,3,17,0,13383,13403,C
8-NS,263,4,45,13363,0,13412,G
8-NS,264,14142,2,9,1,14154,A
8-NS,265,2,14076,0,38,14116,T
8-NS,266,14581,0,6,0,14587,A
8-NS,267,2,3,0,14608,14613,C
8-NS,268,14487,3,10,0,14500,A
8-NS,269,0,14992,0,4,14996,T
8-NS,270,14890,1,6,1,14898,A
8-NS,271,14927,0,17,5,14949,A
8-NS,272,2,1,0,14980,14983,C
8-NS,273,1,14409,1,12,14423,T
8-NS,274,4,89,14514,0,14607,G
8-NS,275,14311,1,22,1,14335,A
8-NS,276,2,3,0,14427,14432,C
8-NS,277,14379,3,17,1,14400,A
8-NS,278,1,14193,0,4,14198,T
8-NS,279,3,85,14139,1,14228,G
8-NS,280,14199,3,18,0,14220,A
8-NS,281,1,3,1,14758,14763,C
8-NS,282,2,14675,0,8,14685,T
8-NS,283,14862,0,2,1,14865,A
8-NS,284,1,14846,0,7,14854,T
8-NS,285,1,14683,0,8,14692,T
8-NS,286,1,58,14658,0,14717,G
8-NS,287,14571,2,26,1,14600,A
8-NS,288,8,41,14548,1,14598,G
8-NS,289,2,61,14499,0,14562,G
8-NS,290,14066,3,4,3,14076,A
8-NS,291,14139,2,11,0,14152,A
8-NS,292,1,13856,1,3,13861,T
8-NS,293,2,13834,0,9,13845,T
8-NS,294,25,2,14086,0,14113,G
8-NS,295,0,14077,0,17,14094,T
8-NS,296,94,2,0,14003,14099,C
8-NS,297,14091,0,13,0,14104,A
8-NS,298,14115,0,9,0,14124,A
8-NS,299,1,34,14091,0,14126,G
8-NS,300,14177,2,9,0,14188,A
8-NS,301,14202,1,2,1,14206,A
8-NS,302,14192,0,13,0,14205,A
8-NS,303,2,0,0,14167,14169,C
8-NS,304,2,13948,2,9,13961,T
8-NS,305,2,54,14161,0,14217,G
8-NS,306,5,3,14410,0,14418,G
8-NS,307,1,14371,0,23,14395,T
8-NS,308,0,14358,4,14,14376,T
8-NS,309,105,1,0,14146,14252,C
8-NS,310,14291,4,16,0,14311,A
8-NS,311,2,14547,0,10,14559,T
8-NS,312,2,9,14680,0,14691,G
8-NS,313,2,3,1,14816,14822,C
8-NS,314,0,14594,0,12,14606,T
8-NS,315,14432,0,11,0,14443,A
8-NS,316,14471,1,155,0,14627,A
8-NS,317,0,14723,1,5,14729,T
8-NS,318,6,8,14747,1,14762,G
8-NS,319,1,4,1,14719,14725,C
8-NS,320,28,4,0,14495,14527,C
8-NS,321,96,1,3,14336,14436,C
8-NS,322,14371,1,4,0,14376,A
8-NS,323,14383,0,9,0,14392,A
8-NS,324,4,4,14491,1,14500,G
8-NS,325,4,6,0,14507,14517,C
8-NS,326,14204,0,193,0,14397,A
8-NS,327,0,19,14558,0,14577,G
8-NS,328,14519,0,12,2,14533,A
8-NS,329,14532,3,5,1,14541,A
8-NS,330,14520,0,4,0,14524,A
8-NS,331,14319,3,16,1,14339,A
8-NS,332,0,14551,1,4,14556,T
8-NS,333,1,60,14561,2,14624,G
8-NS,334,3,19,14626,0,14648,G
8-NS,335,14629,2,9,1,14641,A
8-NS,336,14393,2,30,2,14427,A
8-NS,337,2,57,14355,1,14415,G
8-NS,338,3,69,14405,0,14477,G
8-NS,339,14457,0,16,0,14473,A
8-NS,340,2,3,1,14561,14567,C
8-NS,341,39,3,0,14514,14556,C
8-NS,342,0,14493,2,9,14504,T
8-NS,343,29,1,0,14769,14799,C
8-NS,344,0,14749,1,22,14772,T
8-NS,345,9,14809,0,5,14823,T
8-NS,346,1,14798,1,3,14803,T
8-NS,347,5,5,14712,0,14722,G
8-NS,348,6,8,0,14907,14921,C
8-NS,349,14789,3,16,0,14808,A
8-NS,350,1,14780,0,3,14784,T
8-NS,351,40,2,0,14742,14784,C
8-NS,352,14935,1,6,0,14942,A
8-NS,353,0,32,15548,0,15580,G
8-NS,354,15504,1,15,0,15520,A
8-NS,355,15534,0,6,0,15540,A
8-NS,356,0,15467,0,3,15470,T
8-NS,357,9,77,15279,0,15365,G
8-NS,358,7,103,15400,0,15510,G
8-NS,359,15481,2,25,0,15508,A
8-NS,360,2,7,0,15479,15488,C
8-NS,361,61,6,0,15011,15078,C
8-NS,362,14710,4,9,0,14723,A
8-NS,363,4,39,14888,0,14931,G
8-NS,364,1,3,14928,0,14932,G
8-NS,365,3,4,1,14943,14951,C
8-NS,366,14814,1,8,0,14823,A
8-NS,367,14950,1,6,0,14957,A
8-NS,368,2,14909,0,7,14918,T
8-NS,369,70,1,0,14850,14921,C
8-NS,370,14915,1,8,1,14925,A
8-NS,371,3,14800,0,6,14809,T
8-NS,372,9,51,14587,0,14647,G
8-NS,373,0,51,14668,0,14719,G
8-NS,374,14604,1,22,1,14628,A
8-NS,375,3,38,14774,0,14815,G
8-NS,376,14553,3,10,0,14566,A
8-NS,377,14573,1,4,0,14578,A
8-NS,378,14568,0,12,1,14581,A
8-NS,379,14551,1,13,2,14567,A
8-NS,380,14638,1,18,1,14658,A
8-NS,381,4,4,0,14720,14728,C
8-NS,382,14622,1,9,1,14633,A
8-NS,383,3,14587,0,8,14598,T
8-NS,384,39,4,0,14406,14449,C
8-NS,385,14440,1,10,2,14453,A
8-NS,386,2,14488,0,10,14500,T
8-NS,387,16,1,14542,0,14559,G
8-NS,388,0,14529,0,17,14546,T
8-NS,389,1,14420,0,11,14432,T
8-NS,390,3,41,14362,2,14408,G
8-NS,391,14345,0,14,0,14359,A
8-NS,392,14346,1,9,1,14357,A
8-NS,393,14308,2,20,1,14331,A
8-NS,394,3,3,14413,0,14419,G
8-NS,395,8,7,0,14299,14314,C
8-NS,396,1,79,14226,0,14306,G
8-NS,397,14291,1,6,1,14299,A
8-NS,398,14307,2,28,1,14338,A
8-NS,399,2,14293,1,8,14304,T
8-NS,400,1,14297,0,20,14318,T
8-NS,401,1,14332,2,7,14342,T
8-NS,402,30,1,0,14351,14382,C
8-NS,403,14206,2,14,0,14222,A
8-NS,404,3,3,14292,0,14298,G
8-NS,405,1,14215,0,13,14229,T
8-NS,406,3,2,14239,0,14244,G
8-NS,407,3,14154,0,21,14178,T
8-NS,408,7,60,14195,0,14262,G
8-NS,409,14374,1,6,1,14382,A
8-NS,410,0,14323,1,25,14349,T
8-NS,411,2,14348,1,13,14364,T
8-NS,412,0,14331,1,4,14336,T
8-NS,413,1,14304,1,2,14308,T
8-NS,414,1,14313,0,5,14319,T
8-NS,415,3,142,14139,0,14284,G
8-NS,416,14309,1,19,0,14329,A
8-NS,417,1,6,0,14267,14274,C
8-NS,418,52,8,1,14027,14088,C
8-NS,419,7,73,14098,0,14178,G
8-NS,420,15026,0,10,1,15037,A
8-NS,421,5,1,0,15421,15427,C
8-NS,422,0,15415,0,7,15422,T
8-NS,423,15479,3,11,1,15494,A
8-NS,424,1,26,15461,2,15490,G
8-NS,425,15211,0,273,2,15486,A
8-NS,426,2,88,15542,0,15632,G
8-NS,427,15578,2,31,2,15613,A
8-NS,428,5,0,1,16108,16114,C
8-NS,429,90,6,0,15207,15303,C
8-NS,430,14746,5,10,3,14764,A
8-NS,431,0,15627,2,6,15635,T
8-NS,432,15544,0,9,1,15554,A
8-NS,433,2,1,16771,1,16775,G
8-NS,434,1,16644,0,10,16655,T
8-NS,435,16551,0,1,0,16552,A
8-NS,436,3,16554,2,5,16564,T
8-NS,437,0,16043,0,6,16049,T
8-NS,438,16562,1,5,1,16569,A
8-NS,439,2,2,0,16566,16570,C
8-NS,440,0,15785,0,16,15801,T
8-NS,441,15721,0,8,0,15729,A
8-NS,442,14307,4,11,2,14324,A
8-NS,443,3,112,14331,0,14446,G
8-NS,444,0,33,14453,1,14487,G
8-NS,445,2,6,14481,0,14489,G
8-NS,446,4,2,1,14305,14312,C
8-NS,447,2,14039,3,20,14064,T
8-NS,448,3,14012,0,16,14031,T
8-NS,449,0,14230,1,9,14240,T
8-NS,450,44,2,1,14281,14328,C
8-NS,451,14544,1,10,2,14557,A
8-NS,452,2,2,1,14624,14629,C
8-NS,453,35,10,1,14389,14435,C
8-NS,454,11,37,14403,0,14451,G
8-NS,455,14389,1,3,2,14395,A
8-NS,456,14427,1,14,0,14442,A
8-NS,457,4,42,14461,0,14507,G
8-NS,458,14290,1,20,1,14312,A
8-NS,459,1,112,14265,1,14379,G
8-NS,460,1,46,14108,0,14155,G
8-NS,461,3,76,14211,0,14290,G
8-NS,462,14208,0,42,0,14250,A
8-NS,463,2,5,14263,0,14270,G
8-NS,464,8,3,2,14213,14226,C
8-NS,465,14202,0,11,0,14213,A
8-NS,466,14236,0,8,2,14246,A
8-NS,467,1,14241,0,2,14244,T
8-NS,468,2,14176,0,2,14180,T
8-NS,469,2,1,14220,0,14223,G
8-NS,470,0,14001,0,3,14004,T
8-NS,471,1,13973,0,12,13986,T
8-NS,472,1,42,13952,0,13995,G
8-NS,473,4,5,13972,0,13981,G
8-NS,474,11,5,0,13980,13996,C
8-NS,475,7,49,13936,0,13992,G
8-NS,476,13986,1,2,0,13989,A
8-NS,477,14096,0,2,0,14098,A
8-NS,478,14183,0,4,0,14187,A
8-NS,479,0,14218,0,11,14229,T
8-NS,480,32,10,0,14183,14225,C
8-NS,481,2,14086,0,20,14108,T
8-NS,482,62,1,0,14128,14191,C
8-NS,483,14205,1,10,2,14218,A
8-NS,484,1,5,0,14274,14280,C
8-NS,485,55,6,1,14212,14274,C
8-NS,486,14097,0,7,1,14105,A
8-NS,487,0,14039,0,12,14051,T
8-NS,488,3,13931,2,11,13947,T
8-NS,489,5,8,13959,1,13973,G
8-NS,490,7,3,0,13950,13960,C
8-NS,491,31,13,0,13876,13920,C
8-NS,492,1,13888,1,28,13918,T
8-NS,493,2,13839,1,23,13865,T
8-NS,494,26,1,0,13939,13966,C
8-NS,495,1,13906,0,16,13923,T
8-NS,496,1,13938,0,2,13941,T
8-NS,497,1,14216,1,15,14233,T
8-NS,498,2,14149,0,9,14160,T
8-NS,499,25,1,1,14136,14163,C
8-NS,500,38,1,0,14109,14148,C
8-NS,501,14086,2,23,0,14111,A
8-NS,502,1,41,14286,1,14329,G
8-NS,503,0,44,14202,0,14246,G
8-NS,504,14533,1,12,2,14548,A
8-NS,505,2,6,0,14544,14552,C
8-NS,506,14578,1,18,0,14597,A
8-NS,507,2,14642,0,8,14652,T
8-NS,508,14678,2,10,0,14690,A
8-NS,509,1,6,0,16066,16073,C
8-NS,510,1,16000,1,12,16014,T
8-NS,511,15839,2,4,0,15845,A
8-NS,512,1,15743,2,13,15759,T
8-NS,513,2,15201,1,16,15220,T
8-NS,514,2,37,15169,0,15208,G
8-NS,515,14607,1,14,1,14623,A
8-NS,516,4,48,14589,1,14642,G
8-NS,517,1,25,14547,0,14573,G
8-NS,518,13090,2,5,0,13097,A
8-NS,519,0,13113,0,8,13121,T
8-NS,520,4,2,13051,0,13057,G
8-NS,521,0,13004,1,10,13015,T
8-NS,522,82,1,1,12953,13037,C
8-NS,523,13088,4,3,2,13097,A
8-NS,524,13092,2,3,0,13097,A
8-NS,525,13085,0,1,0,13086,A
8-NS,526,13022,0,0,1,13023,A
8-NS,527,13106,0,2,2,13110,A
8-NS,528,0,13050,0,5,13055,T
8-NS,529,6,6,13056,0,13068,G
8-NS,530,10,0,1,13191,13202,C
8-NS,531,13170,0,8,0,13178,A
8-NS,532,13232,0,8,0,13240,A
8-NS,533,1,13263,0,8,13272,T
8-NS,534,0,13273,0,7,13280,T
8-NS,535,4,92,13176,0,13272,G
8-NS,536,3,81,13107,0,13191,G
8-NS,537,4,51,13143,0,13198,G
8-NS,538,5,1,13308,0,13314,G
8-NS,539,4,13077,0,23,13104,T
8-NS,540,57,1,0,13174,13232,C
8-NS,541,45,2,0,13193,13240,C
8-NS,542,2,13178,2,23,13205,T
8-NS,543,34,7,1,13361,13403,C
8-NS,544,13366,0,2,1,13369,A
8-NS,545,0,13432,0,2,13434,T
8-NS,546,24,17,0,13403,13444,C
8-NS,547,5,26,13257,0,13288,G
8-NS,548,1,23,13276,0,13300,G
8-NS,549,13041,2,19,0,13062,A
8-NS,550,2,54,13037,1,13094,G
8-NS,551,0,59,13130,0,13189,G
8-NS,552,12986,1,14,0,13001,A
8-NS,553,3,3,0,13157,13163,C
8-NS,554,0,13091,1,8,13100,T
8-NS,555,1,13096,1,10,13108,T
8-NS,556,2,46,13163,0,13211,G
8-NS,557,13145,0,12,0,13157,A
8-NS,558,13138,1,15,1,13155,A
8-NS,559,1,13102,3,3,13109,T
8-NS,560,3,48,12740,1,12792,G
8-NS,561,0,48,12949,1,12998,G
8-NS,562,12760,2,11,0,12773,A
8-NS,563,12854,0,20,1,12875,A
8-NS,564,0,13471,1,1,13473,T
8-NS,565,0,29,13546,0,13575,G
8-NS,566,13617,1,7,1,13626,A
8-NS,567,2,13632,0,5,13639,T
8-NS,568,13609,2,10,1,13622,A
8-NS,569,13661,3,12,2,13678,A
8-NS,570,0,5,0,13552,13557,C
8-NS,571,13334,2,9,0,13345,A
8-NS,572,2,5,1,13446,13454,C
8-NS,573,12224,0,8,0,12232,A
8-NS,574,3,4,12533,0,12540,G
8-NS,575,1,12427,0,13,12441,T
8-NS,576,2,12392,4,9,12407,T
8-NS,577,77,10,0,12327,12414,C
8-NS,578,3,47,12302,2,12354,G
8-NS,579,12316,2,8,0,12326,A
8-NS,580,2,1,12353,0,12356,G
8-NS,581,1,12167,1,14,12183,T
8-NS,582,80,2,1,12182,12265,C
8-NS,583,0,11893,0,16,11909,T
8-NS,584,29,2,0,12008,12039,C
8-NS,585,1,12048,0,10,12059,T
8-NS,586,12077,0,2,0,12079,A
8-NS,587,12081,1,4,0,12086,A
8-NS,588,12047,0,0,1,12048,A
8-NS,589,12190,1,9,0,12200,A
8-NS,590,12221,2,1,0,12224,A
8-NS,591,1,12079,0,1,12081,T
8-NS,592,22,0,1,12207,12230,C
8-NS,593,1,12078,0,40,12119,T
8-NS,594,12180,3,9,1,12193,A
8-NS,595,0,3,0,12195,12198,C
8-NS,596,12171,0,10,0,12181,A
8-NS,597,1,34,12179,0,12214,G
8-NS,598,11923,1,13,0,11937,A
8-NS,599,2,26,12020,0,12048,G
8-NS,600,12003,0,3,0,12006,A
8-NS,601,0,11867,0,10,11877,T
8-NS,602,0,11865,1,8,11874,T
8-NS,603,69,2,1,11821,11893,C
8-NS,604,12,3,11912,0,11927,G
8-NS,605,5,2,1,11944,11952,C
8-NS,606,0,11872,0,7,11879,T
8-NS,607,0,11893,4,7,11904,T
8-NS,608,2,28,11804,0,11834,G
8-NS,609,2,51,11911,0,11964,G
8-NS,610,11927,2,15,0,11944,A
8-NS,611,0,14,11935,1,11950,G
8-NS,612,11808,4,4,0,11816,A
8-NS,613,11712,2,18,0,11732,A
8-NS,614,1,2,12008,1,12012,G
8-NS,615,3,15,0,12023,12041,C
8-NS,616,12016,1,18,0,12035,A
8-NS,617,3,2,12342,0,12347,G
8-NS,618,2,12186,0,3,12191,T
8-NS,619,12258,0,6,0,12264,A
8-NS,620,12270,1,9,0,12280,A
8-NS,621,1,12199,0,4,12204,T
8-NS,622,1,64,12226,0,12291,G
8-NS,623,11696,0,23,0,11719,A
8-NS,624,1,38,12013,0,12052,G
8-NS,625,11953,0,9,0,11962,A
8-NS,626,11520,2,6,0,11528,A
8-NS,627,1,11475,0,4,11480,T
8-NS,628,7,63,11311,0,11381,G
8-NS,629,2,74,11351,1,11428,G
8-NS,630,2,69,11309,0,11380,G
8-NS,631,4,41,11268,1,11314,G
8-NS,632,3,23,11252,0,11278,G
8-NS,633,10805,2,6,0,10813,A
8-NS,634,4,10571,1,17,10593,T
8-NS,635,19,2,1,11007,11029,C
8-NS,636,3,10981,1,33,11018,T
8-NS,637,42,3,0,11077,11122,C
8-NS,638,31,2,1,11047,11081,C
8-NS,639,11089,3,6,1,11099,A
8-NS,640,1,0,0,11086,11087,C
8-NS,641,0,10814,0,8,10822,T
8-NS,642,0,10742,0,2,10744,T
8-NS,643,10570,0,5,0,10575,A
8-NS,644,2,1,0,10782,10785,C
8-NS,645,1,10673,1,10,10685,T
8-NS,646,51,3,0,10624,10678,C
8-NS,647,37,2,0,10540,10579,C
8-NS,648,10529,0,2,0,10531,A
8-NS,649,10566,0,0,0,10566,A
8-NS,650,10559,1,3,1,10564,A
8-NS,651,10565,1,5,0,10571,A
8-NS,652,1,3,0,10574,10578,C
8-NS,653,10248,1,12,0,10261,A
8-NS,654,0,14,10291,0,10305,G
8-NS,655,10259,0,3,0,10262,A
8-NS,656,10264,0,11,0,10275,A
8-NS,657,10278,1,7,1,10287,A
8-NS,658,0,7,0,10288,10295,C
8-NS,659,9,68,10241,0,10318,G
8-NS,660,1,20,10299,0,10320,G
8-NS,661,1,22,10307,1,10331,G
8-NS,662,10307,0,12,0,10319,A
8-NS,663,10253,2,3,0,10258,A
8-NS,664,10259,3,8,0,10270,A
8-NS,665,0,10257,0,0,10257,T
8-NS,666,0,32,10363,1,10396,G
8-NS,667,5,3,10365,0,10373,G
8-NS,668,4,8,1,10269,10282,C
8-NS,669,6,34,10258,0,10298,G
8-NS,670,10245,0,6,0,10251,A
8-NS,671,3,63,10282,1,10349,G
8-NS,672,10336,1,2,0,10339,A
8-NS,673,10339,0,6,0,10345,A
8-NS,674,2,5,0,10423,10430,C
8-NS,675,10179,1,10,0,10190,A
8-NS,676,1,2,10194,0,10197,G
8-NS,677,2,1,0,10148,10151,C
8-NS,678,1,10152,0,13,10166,T
8-NS,679,10111,2,4,0,10117,A
8-NS,680,1,40,10043,0,10084,G
8-NS,681,3,1,10097,1,10102,G
8-NS,682,1,10048,0,14,10063,T
8-NS,683,95,5,0,9748,9848,C
8-NS,684,9827,0,4,0,9831,A
8-NS,685,9808,0,11,0,9819,A
8-NS,686,9804,0,2,0,9806,A
8-NS,687,9934,0,6,0,9940,A
8-NS,688,0,1,9976,0,9977,G
8-NS,689,0,9687,1,4,9692,T
8-NS,690,0,9664,0,2,9666,T
8-NS,691,1,9664,1,9,9675,T
8-NS,692,2,33,9660,0,9695,G
8-NS,693,9672,3,13,1,9689,A
8-NS,694,9687,0,8,0,9695,A
8-NS,695,0,34,9768,0,9802,G
8-NS,696,9539,2,7,0,9548,A
8-NS,697,5,16,9618,1,9640,G
8-NS,698,9618,1,6,0,9625,A
8-NS,699,0,9646,0,3,9649,T
8-NS,700,9661,0,6,0,9667,A
8-NS,701,9617,3,5,1,9626,A
8-NS,702,0,8,9607,0,9615,G
8-NS,703,8883,2,20,1,8906,A
8-NS,704,3,8925,0,5,8933,T
8-NS,705,1,33,8992,1,9027,G
8-NS,706,1,2,9028,0,9031,G
8-NS,707,5,3,1,8983,8992,C
8-NS,708,0,8946,0,7,8953,T
8-NS,709,8973,1,1,0,8975,A
8-NS,710,8961,1,4,0,8966,A
8-NS,711,1,9015,0,0,9016,T
8-NS,712,0,8979,0,4,8983,T
8-NS,713,1,26,8996,0,9023,G
8-NS,714,8859,1,11,1,8872,A
8-NS,715,8858,0,6,1,8865,A
8-NS,716,0,20,8860,0,8880,G
8-NS,717,8881,0,1,1,8883,A
8-NS,718,8800,1,6,2,8809,A
8-NS,719,0,3,9020,0,9023,G
8-NS,720,1,8799,1,22,8823,T
8-NS,721,0,42,8804,0,8846,G
8-NS,722,8698,1,17,1,8717,A
8-NS,723,1,43,8707,1,8752,G
8-NS,724,8759,0,16,0,8775,A
8-NS,725,1,5,0,8683,8689,C
8-NS,726,8646,1,3,0,8650,A
8-NS,727,1,2,0,8643,8646,C
8-NS,728,8035,1,6,0,8042,A
8-NS,729,2,17,8324,0,8343,G
8-NS,730,8296,0,7,0,8303,A
8-NS,731,1,8229,2,11,8243,T
8-NS,732,1,8214,0,6,8221,T
8-NS,733,8218,3,1,0,8222,A
8-NS,734,8212,0,5,0,8217,A
8-NS,735,8212,0,2,1,8215,A
8-NS,736,8196,0,4,0,8200,A
8-NS,737,8186,0,8,1,8195,A
8-NS,738,1,1,0,7877,7879,C
8-NS,739,7451,0,4,0,7455,A
8-NS,740,7483,1,33,0,7517,A
8-NS,741,1,0,0,7517,7518,C
8-NS,742,1,7472,0,7,7480,T
8-NS,743,0,25,7532,0,7557,G
8-NS,744,7541,3,2,1,7547,A
8-NS,745,7581,0,2,0,7583,A
8-NS,746,7573,0,3,0,7576,A
8-NS,747,7464,0,1,0,7465,A
8-NS,748,0,7444,0,2,7446,T
8-NS,749,7321,0,7,0,7328,A
8-NS,750,2,4,7405,0,7411,G
8-NS,751,4,1,0,7403,7408,C
8-NS,752,0,7170,0,57,7227,T
8-NS,753,0,7224,1,7,7232,T
8-NS,754,1,7172,0,1,7174,T
8-NS,755,0,61,7161,1,7223,G
8-NS,756,7214,0,9,0,7223,A
8-NS,757,7232,1,7,0,7240,A
8-NS,758,1,2,0,7260,7263,C
8-NS,759,7059,0,2,0,7061,A
8-NS,760,7116,0,2,0,7118,A
8-NS,761,7124,1,1,0,7126,A
8-NS,762,0,7117,1,6,7124,T
8-NS,763,7116,0,3,1,7120,A
8-NS,764,7039,0,8,2,7049,A
8-NS,765,1,3,0,7047,7051,C
8-NS,766,7015,0,2,1,7018,A
8-NS,767,2,6916,0,1,6919,T
8-NS,768,0,6789,0,7,6796,T
8-NS,769,30,3,0,6693,6726,C
8-NS,770,6677,1,3,0,6681,A
8-NS,771,1,6671,0,3,6675,T
8-NS,772,3,0,6667,0,6670,G
8-NS,773,4,2,0,6543,6549,C
8-NS,774,6449,0,3,0,6452,A
8-NS,775,6420,0,17,1,6438,A
8-NS,776,0,3,6428,0,6431,G
8-NS,777,5,0,0,6598,6603,C
8-NS,778,6478,1,2,0,6481,A
8-NS,779,2,6491,1,5,6499,T
8-NS,780,0,6479,0,3,6482,T
8-NS,781,6462,0,20,0,6482,A
8-NS,782,0,3,0,6490,6493,C
8-NS,783,6420,1,5,0,6426,A
8-NS,784,6344,0,22,0,6366,A
8-NS,785,1,0,0,6323,6324,C
8-NS,786,0,5281,0,11,5292,T
8-NS,787,1,2,5304,0,5307,G
8-NS,788,1,0,0,5177,5178,C
8-NS,789,0,5073,1,4,5078,T
8-NS,790,5,0,5110,0,5115,G
8-NS,791,0,4980,0,5,4985,T
8-NS,792,1,4982,2,3,4988,T
8-NS,793,0,4977,0,3,4980,T
8-NS,794,2,17,4914,0,4933,G
8-NS,795,4940,0,5,0,4945,A
8-NS,796,4844,1,6,0,4851,A
8-NS,797,0,0,4868,0,4868,G
8-NS,798,1,4799,0,4,4804,T
8-NS,799,4,15,4580,0,4599,G
8-NS,800,1,22,4648,0,4671,G
8-NS,801,4660,1,2,0,4663,A
8-NS,802,4653,1,8,0,4662,A
8-NS,803,2,3,0,4643,4648,C
8-NS,804,4489,0,4,1,4494,A
8-NS,805,0,6,4518,0,4524,G
8-NS,806,0,8,4431,0,4439,G
8-NS,807,4335,0,5,0,4340,A
8-NS,808,0,4,4376,0,4380,G
8-NS,809,3743,0,5,0,3748,A
8-NS,810,0,3715,0,27,3742,T
8-NS,811,3730,0,1,0,3731,A
8-NS,812,3696,1,7,0,3704,A
8-NS,813,0,13,3687,0,3700,G
8-NS,814,3321,0,4,0,3325,A
8-NS,815,3305,1,0,0,3306,A
8-NS,816,2,0,0,3274,3276,C
8-NS,817,0,2773,0,2,2775,T
8-NS,818,1,2751,0,1,2753,T
8-NS,819,0,2746,0,3,2749,T
8-NS,820,10,0,0,2743,2753,C
8-NS,821,0,2716,0,3,2719,T
8-NS,822,17,0,0,2660,2677,C
8-NS,823,2593,0,2,0,2595,A
8-NS,824,0,2583,1,2,2586,T
8-NS,825,0,2537,0,6,2543,T
8-NS,826,3,2523,0,2,2528,T
8-NS,827,13,0,0,2503,2516,C
8-NS,828,2412,3,0,0,2415,A
8-NS,829,0,1,2413,0,2414,G
8-NS,830,1,0,0,2408,2409,C
8-NS,831,1,2224,0,4,2229,T
8-NS,832,0,2212,0,2,2214,T
8-NS,833,2140,0,0,0,2140,A
8-NS,834,0,2133,0,0,2133,T
8-NS,835,0,2124,0,2,2126,T
8-NS,836,1,2116,0,1,2118,T
8-NS,837,2036,1,0,0,2037,A
8-NS,838,1992,0,2,0,1994,A
8-NS,839,0,1948,0,2,1950,T
8-NS,840,1,9,1925,0,1935,G
8-NS,841,1864,0,3,0,1867,A
8-NS,842,0,1674,0,2,1676,T
8-NS,843,1641,0,1,0,1642,A
8-NS,844,1643,0,1,1,1645,A
8-NS,845,1640,0,3,0,1643,A
8-NS,846,1640,0,3,0,1643,A
8-NS,847,1630,0,1,0,1631,A
8-NS,848,1620,0,2,0,1622,A
8-NS,849,0,0,0,1622,1622,C
8-NS,850,1408,0,0,0,1408,A
8-NS,851,0,0,0,1402,1402,C
8-NS,852,4,0,0,1350,1354,C
8-NS,853,22,1,0,1295,1318,C
8-NS,854,0,1229,0,0,1229,T
8-NS,855,0,1170,0,0,1170,T
8-NS,856,0,0,1169,0,1169,G
8-NS,857,0,1115,0,0,1115,T
8-NS,858,0,1093,0,0,1093,T
8-NS,859,0,1067,0,0,1067,T
8-NS,860,1,0,1,398,400,C
8-NS,861,0,287,0,0,287,T
8-NS,862,250,0,0,0,250,A
8-NS,863,0,0,0,248,248,C
