Gene,Position,A,T,G,C,Coverage,Consensus
1-PB2,1,291,0,0,0,291,A
1-PB2,2,0,292,0,0,292,T
1-PB2,3,0,0,298,0,298,G
1-PB2,4,0,1,299,0,300,G
1-PB2,5,299,0,0,0,299,A
1-PB2,6,297,0,0,0,297,A
1-PB2,7,300,0,0,0,300,A
1-PB2,8,0,0,332,0,332,G
1-PB2,9,332,0,0,0,332,A
1-PB2,10,334,0,0,0,334,A
1-PB2,11,0,345,0,0,345,T
1-PB2,12,343,0,0,0,343,A
1-PB2,13,345,0,0,0,345,A
1-PB2,14,344,0,0,0,344,A
1-PB2,15,344,0,1,0,345,A
1-PB2,16,0,0,353,0,353,G
1-PB2,17,352,0,1,0,353,A
1-PB2,18,357,0,0,0,357,A
1-PB2,19,0,1,0,363,364,C
1-PB2,20,0,363,0,0,363,T
1-PB2,21,370,0,0,0,370,A
1-PB2,22,0,1,0,370,371,C
1-PB2,23,0,0,372,0,372,G
1-PB2,24,0,0,371,0,371,G
1-PB2,25,372,0,0,0,372,A
1-PB2,26,383,0,1,0,384,A
1-PB2,27,0,384,0,0,384,T
1-PB2,28,0,0,0,384,384,C
1-PB2,29,0,387,0,0,387,T
1-PB2,30,0,0,385,0,385,G
1-PB2,31,387,0,0,0,387,A
1-PB2,32,0,390,0,0,390,T
1-PB2,33,1,0,385,0,386,G
1-PB2,34,0,392,0,1,393,T
1-PB2,35,0,1,0,388,389,C
1-PB2,36,1,0,384,0,385,G
1-PB2,37,0,0,0,389,389,C
1-PB2,38,390,0,0,0,390,A
1-PB2,39,4,0,411,0,415,G
1-PB2,40,0,415,0,0,415,T
1-PB2,41,0,0,0,414,414,C
1-PB2,42,0,410,0,0,410,T
1-PB2,43,0,0,0,417,417,C
1-PB2,44,0,0,414,0,414,G
1-PB2,45,0,0,0,419,419,C
1-PB2,46,417,0,0,1,418,A
1-PB2,47,0,0,0,418,418,C
1-PB2,48,0,416,0,1,417,T
1-PB2,49,0,0,0,427,427,C
1-PB2,50,0,0,424,0,424,G
1-PB2,51,0,0,0,424,424,C
1-PB2,52,0,0,426,0,426,G
1-PB2,53,422,0,1,0,423,A
1-PB2,54,0,1,425,0,426,G
1-PB2,55,441,0,1,0,442,A
1-PB2,56,0,440,0,0,440,T
1-PB2,57,438,1,0,0,439,A
1-PB2,58,0,0,0,437,437,C
1-PB2,59,0,434,0,0,434,T
1-PB2,60,0,0,448,0,448,G
1-PB2,61,448,0,2,0,450,A
1-PB2,62,0,0,0,453,453,C
1-PB2,63,453,0,0,0,453,A
1-PB2,64,448,0,0,0,448,A
1-PB2,65,453,0,0,0,453,A
1-PB2,66,464,0,0,0,464,A
1-PB2,67,468,0,0,0,468,A
1-PB2,68,0,0,0,472,472,C
1-PB2,69,0,0,0,474,474,C
1-PB2,70,479,0,0,0,479,A
1-PB2,71,0,0,0,488,488,C
1-PB2,72,484,0,0,0,484,A
1-PB2,73,0,0,503,0,503,G
1-PB2,74,0,502,0,0,502,T
1-PB2,75,0,3,518,0,521,G
1-PB2,76,0,1,516,0,517,G
1-PB2,77,520,0,1,0,521,A
1-PB2,78,0,1,0,533,534,C
1-PB2,79,0,0,0,535,535,C
1-PB2,80,545,0,0,0,545,A
1-PB2,81,0,544,0,0,544,T
1-PB2,82,539,0,0,0,539,A
1-PB2,83,0,538,0,0,538,T
1-PB2,84,0,0,534,0,534,G
1-PB2,85,0,0,541,0,541,G
1-PB2,86,0,0,0,541,541,C
1-PB2,87,1,0,0,529,530,C
1-PB2,88,529,0,0,0,529,A
1-PB2,89,0,564,0,0,564,T
1-PB2,90,567,0,0,0,567,A
1-PB2,91,598,0,0,0,598,A
1-PB2,92,0,599,0,0,599,T
1-PB2,93,0,592,0,1,593,T
1-PB2,94,609,1,0,0,610,A
1-PB2,95,601,0,0,1,602,A
1-PB2,96,0,0,622,0,622,G
1-PB2,97,624,0,0,0,624,A
1-PB2,98,615,0,0,0,615,A
1-PB2,99,0,0,643,0,643,G
1-PB2,100,0,627,0,0,627,T
1-PB2,101,637,0,0,0,637,A
1-PB2,102,0,1,0,634,635,C
1-PB2,103,636,0,0,0,636,A
1-PB2,104,0,0,0,647,647,C
1-PB2,105,643,0,0,0,643,A
1-PB2,106,0,643,0,0,643,T
1-PB2,107,1,0,0,646,647,C
1-PB2,108,0,0,637,0,637,G
1-PB2,109,0,0,638,0,638,G
1-PB2,110,0,1,641,0,642,G
1-PB2,111,0,1,643,0,644,G
1-PB2,112,637,0,1,0,638,A
1-PB2,113,0,2,637,0,639,G
1-PB2,114,636,1,0,0,637,A
1-PB2,115,0,0,0,653,653,C
1-PB2,116,650,1,0,0,651,A
1-PB2,117,1,0,659,0,660,G
1-PB2,118,0,0,674,0,674,G
1-PB2,119,673,0,0,0,673,A
1-PB2,120,675,0,0,0,675,A
1-PB2,121,674,0,0,0,674,A
1-PB2,122,671,0,5,0,676,A
1-PB2,123,0,0,674,0,674,G
1-PB2,124,671,0,0,0,671,A
1-PB2,125,676,0,0,0,676,A
1-PB2,126,0,0,0,676,676,C
1-PB2,127,0,0,0,666,666,C
1-PB2,128,1,0,0,658,659,C
1-PB2,129,0,0,662,0,662,G
1-PB2,130,0,658,0,0,658,T
1-PB2,131,0,0,0,664,664,C
1-PB2,132,671,0,0,0,671,A
1-PB2,133,0,0,0,677,677,C
1-PB2,134,0,673,1,0,674,T
1-PB2,135,0,675,0,0,675,T
1-PB2,136,678,0,1,0,679,A
1-PB2,137,0,0,695,0,695,G
1-PB2,138,0,0,697,0,697,G
1-PB2,139,696,0,0,0,696,A
1-PB2,140,0,692,0,0,692,T
1-PB2,141,0,0,703,0,703,G
1-PB2,142,713,0,0,0,713,A
1-PB2,143,715,0,1,0,716,A
1-PB2,144,722,0,0,0,722,A
1-PB2,145,0,722,0,0,722,T
1-PB2,146,1,0,724,0,725,G
1-PB2,147,0,0,724,0,724,G
1-PB2,148,725,0,0,0,725,A
1-PB2,149,1,730,0,0,731,T
1-PB2,150,0,0,724,0,724,G
1-PB2,151,718,0,0,0,718,A
1-PB2,152,0,722,1,0,723,T
1-PB2,153,0,0,717,0,717,G
1-PB2,154,1,1,722,0,724,G
1-PB2,155,0,0,0,727,727,C
1-PB2,156,719,0,0,0,719,A
1-PB2,157,734,0,1,0,735,A
1-PB2,158,1,731,1,0,733,T
1-PB2,159,0,0,763,0,763,G
1-PB2,160,762,0,0,0,762,A
1-PB2,161,757,0,0,0,757,A
1-PB2,162,761,1,0,0,762,A
1-PB2,163,0,768,0,0,768,T
1-PB2,164,775,0,0,0,775,A
1-PB2,165,0,1,1,795,797,C
1-PB2,166,1,0,0,780,781,C
1-PB2,167,2,0,0,787,789,C
1-PB2,168,781,0,0,0,781,A
1-PB2,169,779,0,0,0,779,A
1-PB2,170,0,774,0,0,774,T
1-PB2,171,1,0,0,781,782,C
1-PB2,172,776,0,0,0,776,A
1-PB2,173,0,0,0,792,792,C
1-PB2,174,1,781,0,0,782,T
1-PB2,175,0,0,785,0,785,G
1-PB2,176,0,0,0,788,788,C
1-PB2,177,0,779,0,0,779,T
1-PB2,178,0,0,794,0,794,G
1-PB2,179,790,0,1,0,791,A
1-PB2,180,0,0,0,799,799,C
1-PB2,181,800,0,2,0,802,A
1-PB2,182,791,0,0,0,791,A
1-PB2,183,800,0,0,0,800,A
1-PB2,184,795,0,0,0,795,A
1-PB2,185,0,0,816,0,816,G
1-PB2,186,0,0,817,0,817,G
1-PB2,187,813,0,0,0,813,A
1-PB2,188,0,814,0,0,814,T
1-PB2,189,806,0,3,0,809,A
1-PB2,190,815,1,1,0,817,A
1-PB2,191,0,0,0,831,831,C
1-PB2,192,822,0,1,0,823,A
1-PB2,193,0,0,821,0,821,G
1-PB2,194,803,0,0,0,803,A
1-PB2,195,804,0,0,0,804,A
1-PB2,196,807,0,0,0,807,A
1-PB2,197,0,810,0,1,811,T
1-PB2,198,2,0,810,0,812,G
1-PB2,199,0,0,824,0,824,G
1-PB2,200,0,816,0,0,816,T
1-PB2,201,0,811,0,0,811,T
1-PB2,202,0,0,1,807,808,C
1-PB2,203,0,0,0,811,811,C
1-PB2,204,0,0,819,0,819,G
1-PB2,205,0,2,815,0,817,G
1-PB2,206,808,0,1,0,809,A
1-PB2,207,0,1,817,0,818,G
1-PB2,208,802,0,2,0,804,A
1-PB2,209,0,0,827,0,827,G
1-PB2,210,825,0,1,0,826,A
1-PB2,211,826,0,0,0,826,A
1-PB2,212,830,0,0,0,830,A
1-PB2,213,1,818,1,0,820,T
1-PB2,214,0,1,836,0,837,G
1-PB2,215,842,0,0,0,842,A
1-PB2,216,843,0,0,0,843,A
1-PB2,217,0,0,0,838,838,C
1-PB2,218,831,0,1,0,832,A
1-PB2,219,836,0,1,0,837,A
1-PB2,220,1,0,856,0,857,G
1-PB2,221,0,1,870,0,871,G
1-PB2,222,868,0,3,0,871,A
1-PB2,223,0,0,0,865,865,C
1-PB2,224,857,0,0,0,857,A
1-PB2,225,860,0,0,0,860,A
1-PB2,226,862,0,0,0,862,A
1-PB2,227,1,1,0,853,855,C
1-PB2,228,1,0,0,826,827,C
1-PB2,229,0,1,0,923,924,C
1-PB2,230,0,921,0,0,921,T
1-PB2,231,932,0,2,0,934,A
1-PB2,232,0,926,0,0,926,T
1-PB2,233,0,1,939,0,940,G
1-PB2,234,0,1,964,0,965,G
1-PB2,235,911,0,1,0,912,A
1-PB2,236,0,0,920,0,920,G
1-PB2,237,0,921,0,0,921,T
1-PB2,238,922,0,0,0,922,A
1-PB2,239,926,0,0,0,926,A
1-PB2,240,923,1,0,0,924,A
1-PB2,241,921,0,0,0,921,A
1-PB2,242,0,921,0,0,921,T
1-PB2,243,0,1,916,0,917,G
1-PB2,244,897,0,0,0,897,A
1-PB2,245,0,0,910,0,910,G
1-PB2,246,0,902,0,1,903,T
1-PB2,247,0,0,910,0,910,G
1-PB2,248,919,0,1,0,920,A
1-PB2,249,1,936,0,0,937,T
1-PB2,250,0,0,935,0,935,G
1-PB2,251,0,0,0,930,930,C
1-PB2,252,0,923,0,0,923,T
1-PB2,253,0,0,960,0,960,G
1-PB2,254,0,1,958,0,959,G
1-PB2,255,966,0,2,1,969,A
1-PB2,256,0,965,0,0,965,T
1-PB2,257,0,0,0,975,975,C
1-PB2,258,978,0,0,0,978,A
1-PB2,259,0,1,1007,0,1008,G
1-PB2,260,1007,0,0,0,1007,A
1-PB2,261,1,990,0,20,1011,T
1-PB2,262,992,0,0,0,992,A
1-PB2,263,0,2,1021,0,1023,G
1-PB2,264,1015,0,0,0,1015,A
1-PB2,265,0,0,1033,0,1033,G
1-PB2,266,0,1012,0,0,1012,T
1-PB2,267,0,1,1005,0,1006,G
1-PB2,268,992,0,1,0,993,A
1-PB2,269,0,1000,0,0,1000,T
1-PB2,270,1,1,1008,0,1010,G
1-PB2,271,0,1,1045,0,1046,G
1-PB2,272,0,1028,0,0,1028,T
1-PB2,273,1027,0,0,0,1027,A
1-PB2,274,0,1014,0,1,1015,T
1-PB2,275,0,0,0,1014,1014,C
1-PB2,276,1023,0,0,0,1023,A
1-PB2,277,0,0,0,1031,1031,C
1-PB2,278,0,0,0,1034,1034,C
1-PB2,279,0,1005,0,2,1007,T
1-PB2,280,0,994,0,1,995,T
1-PB2,281,0,994,0,0,994,T
1-PB2,282,0,1,1001,0,1002,G
1-PB2,283,0,1,1002,0,1003,G
1-PB2,284,0,0,0,1020,1020,C
1-PB2,285,0,1002,0,1,1003,T
1-PB2,286,0,0,1006,0,1006,G
1-PB2,287,0,1013,0,0,1013,T
1-PB2,288,1010,0,0,0,1010,A
1-PB2,289,1015,0,0,0,1015,A
1-PB2,290,0,1,0,1017,1018,C
1-PB2,291,1000,0,0,0,1000,A
1-PB2,292,0,998,0,0,998,T
1-PB2,293,1,0,981,0,982,G
1-PB2,294,0,0,1014,0,1014,G
1-PB2,295,0,1004,0,0,1004,T
1-PB2,296,1,1,1004,0,1006,G
1-PB2,297,0,0,1027,0,1027,G
1-PB2,298,1023,0,0,0,1023,A
1-PB2,299,1026,0,0,0,1026,A
1-PB2,300,0,1028,0,0,1028,T
1-PB2,301,1027,0,0,0,1027,A
1-PB2,302,1,0,1040,0,1041,G
1-PB2,303,1025,0,0,0,1025,A
1-PB2,304,1023,1,0,0,1024,A
1-PB2,305,1027,0,0,0,1027,A
1-PB2,306,0,1016,0,0,1016,T
1-PB2,307,1,0,1018,0,1019,G
1-PB2,308,0,1,1011,0,1012,G
1-PB2,309,1020,0,1,0,1021,A
1-PB2,310,0,0,0,1024,1024,C
1-PB2,311,2,1,0,1001,1004,C
1-PB2,312,0,0,0,1003,1003,C
1-PB2,313,0,1,1007,0,1008,G
1-PB2,314,0,1015,0,0,1015,T
1-PB2,315,0,0,1032,0,1032,G
1-PB2,316,1034,0,1,0,1035,A
1-PB2,317,0,0,0,1038,1038,C
1-PB2,318,1035,0,1,0,1036,A
1-PB2,319,1039,0,1,0,1040,A
1-PB2,320,0,0,1071,0,1071,G
1-PB2,321,1,1068,0,0,1069,T
1-PB2,322,1070,0,0,0,1070,A
1-PB2,323,1,1,0,1060,1062,C
1-PB2,324,0,2,1047,0,1049,G
1-PB2,325,0,0,1074,0,1074,G
1-PB2,326,0,1068,0,1,1069,T
1-PB2,327,1,0,0,1078,1079,C
1-PB2,328,1,0,0,1070,1071,C
1-PB2,329,1059,0,0,0,1059,A
1-PB2,330,0,1060,0,0,1060,T
1-PB2,331,0,1060,0,0,1060,T
1-PB2,332,1112,0,0,0,1112,A
1-PB2,333,0,1,0,1102,1103,C
1-PB2,334,0,0,0,1072,1072,C
1-PB2,335,1,0,0,1079,1080,C
1-PB2,336,1070,0,0,0,1070,A
1-PB2,337,1073,0,0,0,1073,A
1-PB2,338,1073,0,0,0,1073,A
1-PB2,339,1070,1,1,0,1072,A
1-PB2,340,0,0,1085,0,1085,G
1-PB2,341,0,1045,1,0,1046,T
1-PB2,342,0,0,1077,0,1077,G
1-PB2,343,0,1073,0,0,1073,T
1-PB2,344,1079,0,0,0,1079,A
1-PB2,345,0,0,0,1075,1075,C
1-PB2,346,1072,0,0,0,1072,A
1-PB2,347,1070,0,1,0,1071,A
1-PB2,348,1,1,1069,0,1071,G
1-PB2,349,1053,0,4,0,1057,A
1-PB2,350,0,0,0,1060,1060,C
1-PB2,351,0,1040,0,0,1040,T
1-PB2,352,0,1056,0,0,1056,T
1-PB2,353,1050,0,0,0,1050,A
1-PB2,354,0,1055,0,0,1055,T
1-PB2,355,0,1046,0,0,1046,T
1-PB2,356,0,1052,0,0,1052,T
1-PB2,357,0,0,1,1044,1045,C
1-PB2,358,0,1,1046,0,1047,G
1-PB2,359,1042,0,1,0,1043,A
1-PB2,360,0,0,0,1046,1046,C
1-PB2,361,1038,1,0,0,1039,A
1-PB2,362,1030,0,1,0,1031,A
1-PB2,363,1038,0,0,1,1039,A
1-PB2,364,0,0,1053,0,1053,G
1-PB2,365,1,1055,0,0,1056,T
1-PB2,366,0,0,0,1058,1058,C
1-PB2,367,0,2,1055,0,1057,G
1-PB2,368,1057,0,0,0,1057,A
1-PB2,369,1052,0,2,0,1054,A
1-PB2,370,1059,0,0,0,1059,A
1-PB2,371,1,1,1106,0,1108,G
1-PB2,372,0,0,1116,0,1116,G
1-PB2,373,0,1105,0,2,1107,T
1-PB2,374,0,1108,0,0,1108,T
1-PB2,375,1110,0,0,0,1110,A
1-PB2,376,1105,0,1,0,1106,A
1-PB2,377,1105,0,0,0,1105,A
1-PB2,378,1119,0,1,0,1120,A
1-PB2,379,0,1,0,1128,1129,C
1-PB2,380,1094,0,0,0,1094,A
1-PB2,381,0,1093,0,0,1093,T
1-PB2,382,0,2,1089,0,1091,G
1-PB2,383,1,0,1088,0,1089,G
1-PB2,384,1086,0,2,0,1088,A
1-PB2,385,1093,0,2,0,1095,A
1-PB2,386,0,1,0,1135,1136,C
1-PB2,387,1,0,0,1154,1155,C
1-PB2,388,0,1151,0,0,1151,T
1-PB2,389,0,1138,2,0,1140,T
1-PB2,390,0,1149,0,2,1151,T
1-PB2,391,1,0,1139,0,1140,G
1-PB2,392,0,2,1140,0,1142,G
1-PB2,393,0,3,0,1128,1131,C
1-PB2,394,1,0,0,1129,1130,C
1-PB2,395,0,0,0,1136,1136,C
1-PB2,396,1,1101,0,1,1103,T
1-PB2,397,0,0,1128,0,1128,G
1-PB2,398,0,1129,0,0,1129,T
1-PB2,399,0,1131,1,0,1132,T
1-PB2,400,2,1,0,1129,1132,C
1-PB2,401,1127,0,1,0,1128,A
1-PB2,402,0,1131,0,0,1131,T
1-PB2,403,0,1117,0,0,1117,T
1-PB2,404,0,1120,0,1,1121,T
1-PB2,405,0,1128,0,0,1128,T
1-PB2,406,1116,0,0,0,1116,A
1-PB2,407,0,0,1109,0,1109,G
1-PB2,408,1109,0,0,0,1109,A
1-PB2,409,1113,0,0,0,1113,A
1-PB2,410,1119,1,0,0,1120,A
1-PB2,411,0,1109,0,1,1110,T
1-PB2,412,0,0,0,1112,1112,C
1-PB2,413,1111,0,0,0,1111,A
1-PB2,414,1119,0,2,0,1121,A
1-PB2,415,2,0,1125,1,1128,G
1-PB2,416,1,1119,0,0,1120,T
1-PB2,417,1,0,0,1126,1127,C
1-PB2,418,1124,1,1,0,1126,A
1-PB2,419,1126,0,1,1,1128,A
1-PB2,420,0,1,1127,0,1128,G
1-PB2,421,1133,0,0,0,1133,A
1-PB2,422,0,1127,0,1,1128,T
1-PB2,423,1138,1,2,0,1141,A
1-PB2,424,0,0,0,1140,1140,C
1-PB2,425,0,0,1141,0,1141,G
1-PB2,426,0,0,0,1160,1160,C
1-PB2,427,1154,0,0,0,1154,A
1-PB2,428,0,0,1165,0,1165,G
1-PB2,429,1160,0,0,1,1161,A
1-PB2,430,1162,0,2,0,1164,A
1-PB2,431,0,0,1185,0,1185,G
1-PB2,432,1155,0,2,0,1157,A
1-PB2,433,0,0,1158,0,1158,G
1-PB2,434,0,1148,0,0,1148,T
1-PB2,435,1139,0,1,0,1140,A
1-PB2,436,0,0,1146,0,1146,G
1-PB2,437,1125,0,3,0,1128,A
1-PB2,438,0,0,0,1168,1168,C
1-PB2,439,1145,0,0,0,1145,A
1-PB2,440,0,1121,0,0,1121,T
1-PB2,441,1116,0,0,0,1116,A
1-PB2,442,1113,0,1,0,1114,A
1-PB2,443,1123,0,0,1,1124,A
1-PB2,444,0,1,0,1121,1122,C
1-PB2,445,1,0,0,1102,1103,C
1-PB2,446,0,0,0,1096,1096,C
1-PB2,447,0,978,0,1,979,T
1-PB2,448,0,1,983,0,984,G
1-PB2,449,0,0,996,0,996,G
1-PB2,450,0,989,0,2,991,T
1-PB2,451,1,0,0,989,990,C
1-PB2,452,984,0,0,0,984,A
1-PB2,453,0,966,0,0,966,T
1-PB2,454,0,2,962,0,964,G
1-PB2,455,0,0,0,971,971,C
1-PB2,456,935,0,1,0,936,A
1-PB2,457,0,0,937,0,937,G
1-PB2,458,882,1,1,0,884,A
1-PB2,459,0,0,0,898,898,C
1-PB2,460,1,1,1,882,885,C
1-PB2,461,1,839,0,2,842,T
1-PB2,462,0,0,0,847,847,C
1-PB2,463,834,0,0,1,835,A
1-PB2,464,1,1,861,0,863,G
1-PB2,465,0,847,0,2,849,T
1-PB2,466,1,1,847,0,849,G
1-PB2,467,0,0,0,848,848,C
1-PB2,468,0,0,0,834,834,C
1-PB2,469,835,0,0,0,835,A
1-PB2,470,832,0,0,0,832,A
1-PB2,471,829,0,0,0,829,A
1-PB2,472,0,0,833,0,833,G
1-PB2,473,808,0,1,0,809,A
1-PB2,474,0,0,814,0,814,G
1-PB2,475,0,0,809,0,809,G
1-PB2,476,0,0,0,809,809,C
1-PB2,477,813,0,0,0,813,A
1-PB2,478,0,1,0,808,809,C
1-PB2,479,804,0,1,0,805,A
1-PB2,480,826,0,1,0,827,A
1-PB2,481,0,1,840,0,841,G
1-PB2,482,846,0,1,0,847,A
1-PB2,483,0,839,0,0,839,T
1-PB2,484,1,0,834,0,835,G
1-PB2,485,0,833,0,1,834,T
1-PB2,486,830,0,0,0,830,A
1-PB2,487,831,0,0,0,831,A
1-PB2,488,0,826,0,0,826,T
1-PB2,489,4,1,0,752,757,C
1-PB2,490,769,0,0,0,769,A
1-PB2,491,0,764,0,1,765,T
1-PB2,492,0,0,767,0,767,G
1-PB2,493,0,2,763,0,765,G
1-PB2,494,767,1,0,0,768,A
1-PB2,495,762,0,0,0,762,A
1-PB2,496,0,0,767,0,767,G
1-PB2,497,1,756,0,0,757,T
1-PB2,498,0,755,0,0,755,T
1-PB2,499,0,0,758,0,758,G
1-PB2,500,0,753,0,1,754,T
1-PB2,501,0,752,0,0,752,T
1-PB2,502,0,748,1,1,750,T
1-PB2,503,0,751,0,0,751,T
1-PB2,504,0,757,0,0,757,T
1-PB2,505,0,0,0,757,757,C
1-PB2,506,1,0,0,758,759,C
1-PB2,507,0,0,0,757,757,C
1-PB2,508,753,0,1,0,754,A
1-PB2,509,757,0,0,0,757,A
1-PB2,510,0,757,0,0,757,T
1-PB2,511,0,0,769,0,769,G
1-PB2,512,761,0,1,0,762,A
1-PB2,513,764,0,0,0,764,A
1-PB2,514,0,0,772,0,772,G
1-PB2,515,0,757,0,1,758,T
1-PB2,516,0,0,753,0,753,G
1-PB2,517,0,1,749,0,750,G
1-PB2,518,1,0,750,0,751,G
1-PB2,519,755,0,1,0,756,A
1-PB2,520,0,1,753,0,754,G
1-PB2,521,0,0,0,751,751,C
1-PB2,522,0,0,0,749,749,C
1-PB2,523,752,0,0,0,752,A
1-PB2,524,0,0,780,0,780,G
1-PB2,525,0,0,788,0,788,G
1-PB2,526,787,0,1,0,788,A
1-PB2,527,0,782,0,0,782,T
1-PB2,528,791,0,1,0,792,A
1-PB2,529,0,0,0,795,795,C
1-PB2,530,0,789,0,0,789,T
1-PB2,531,783,0,1,0,784,A
1-PB2,532,783,0,0,1,784,A
1-PB2,533,0,0,0,805,805,C
1-PB2,534,785,0,0,0,785,A
1-PB2,535,0,774,0,1,775,T
1-PB2,536,0,0,0,783,783,C
1-PB2,537,767,0,0,0,767,A
1-PB2,538,0,1,777,0,778,G
1-PB2,539,778,0,0,0,778,A
1-PB2,540,777,0,0,0,777,A
1-PB2,541,0,773,0,0,773,T
1-PB2,542,2,1,0,756,759,C
1-PB2,543,759,0,0,0,759,A
1-PB2,544,0,1,0,784,785,C
1-PB2,545,786,0,0,0,786,A
1-PB2,546,789,0,1,0,790,A
1-PB2,547,0,778,0,0,778,T
1-PB2,548,0,775,0,0,775,T
1-PB2,549,780,0,1,0,781,A
1-PB2,550,789,0,1,0,790,A
1-PB2,551,0,0,0,786,786,C
1-PB2,552,781,0,1,0,782,A
1-PB2,553,781,0,0,0,781,A
1-PB2,554,0,796,0,0,796,T
1-PB2,555,790,0,0,0,790,A
1-PB2,556,793,0,1,0,794,A
1-PB2,557,0,0,0,799,799,C
1-PB2,558,0,792,0,1,793,T
1-PB2,559,798,0,0,0,798,A
1-PB2,560,787,0,0,0,787,A
1-PB2,561,790,0,0,0,790,A
1-PB2,562,2,0,790,0,792,G
1-PB2,563,766,0,0,0,766,A
1-PB2,564,0,0,767,0,767,G
1-PB2,565,763,0,0,0,763,A
1-PB2,566,769,0,0,0,769,A
1-PB2,567,765,0,0,1,766,A
1-PB2,568,764,1,0,0,765,A
1-PB2,569,772,0,0,0,772,A
1-PB2,570,774,0,3,0,777,A
1-PB2,571,0,0,776,0,776,G
1-PB2,572,782,0,0,0,782,A
1-PB2,573,766,0,1,0,767,A
1-PB2,574,0,0,769,0,769,G
1-PB2,575,773,0,0,0,773,A
1-PB2,576,774,0,0,0,774,A
1-PB2,577,0,0,0,773,773,C
1-PB2,578,0,751,0,0,751,T
1-PB2,579,0,0,0,768,768,C
1-PB2,580,0,1,0,763,764,C
1-PB2,581,0,0,767,0,767,G
1-PB2,582,756,0,1,0,757,A
1-PB2,583,0,0,769,0,769,G
1-PB2,584,763,0,0,0,763,A
1-PB2,585,1,764,0,0,765,T
1-PB2,586,0,755,0,0,755,T
1-PB2,587,1,1,752,0,754,G
1-PB2,588,0,0,0,757,757,C
1-PB2,589,755,0,0,0,755,A
1-PB2,590,750,0,0,0,750,A
1-PB2,591,756,1,0,0,757,A
1-PB2,592,764,1,0,0,765,A
1-PB2,593,0,764,0,0,764,T
1-PB2,594,1,762,0,0,763,T
1-PB2,595,0,756,0,2,758,T
1-PB2,596,0,0,0,766,766,C
1-PB2,597,1,756,0,1,758,T
1-PB2,598,0,0,0,882,882,C
1-PB2,599,1,0,0,891,892,C
1-PB2,600,3,2,0,1021,1026,C
1-PB2,601,0,1020,0,0,1020,T
1-PB2,602,0,1052,0,1,1053,T
1-PB2,603,0,0,1060,0,1060,G
1-PB2,604,1060,0,0,0,1060,A
1-PB2,605,1,1093,0,2,1096,T
1-PB2,606,0,1,1117,0,1118,G
1-PB2,607,0,1,1328,0,1329,G
1-PB2,608,1,1365,0,1,1367,T
1-PB2,609,0,1360,0,0,1360,T
1-PB2,610,1,0,1524,0,1525,G
1-PB2,611,0,0,0,1539,1539,C
1-PB2,612,1596,0,0,0,1596,A
1-PB2,613,0,1606,0,0,1606,T
1-PB2,614,1636,0,0,5,1641,A
1-PB2,615,0,15,0,1754,1769,C
1-PB2,616,2084,1,0,6,2091,A
1-PB2,617,0,2174,0,2,2176,T
1-PB2,618,1,0,2335,0,2336,G
1-PB2,619,0,2322,1,4,2327,T
1-PB2,620,0,2332,0,1,2333,T
1-PB2,621,2335,1,2,0,2338,A
1-PB2,622,3,1,2330,0,2334,G
1-PB2,623,2374,0,4,0,2378,A
1-PB2,624,1,4,2419,0,2424,G
1-PB2,625,2365,0,3,2,2370,A
1-PB2,626,0,0,2387,0,2387,G
1-PB2,627,2350,0,4,0,2354,A
1-PB2,628,0,1,2379,0,2380,G
1-PB2,629,2391,0,3,0,2394,A
1-PB2,630,2404,0,1,0,2405,A
1-PB2,631,0,0,0,2422,2422,C
1-PB2,632,0,2413,0,1,2414,T
1-PB2,633,0,2409,0,0,2409,T
1-PB2,634,2,1,2410,0,2413,G
1-PB2,635,0,2420,0,1,2421,T
1-PB2,636,2419,0,3,0,2422,A
1-PB2,637,0,1,0,2408,2409,C
1-PB2,638,1,0,2412,0,2413,G
1-PB2,639,2408,1,1,0,2410,A
1-PB2,640,2404,0,0,1,2405,A
1-PB2,641,2441,0,2,0,2443,A
1-PB2,642,2435,0,2,0,2437,A
1-PB2,643,2432,3,1,0,2436,A
1-PB2,644,0,0,0,2458,2458,C
1-PB2,645,2458,0,0,0,2458,A
1-PB2,646,2458,1,0,1,2460,A
1-PB2,647,0,2,2474,0,2476,G
1-PB2,648,2486,0,2,0,2488,A
1-PB2,649,0,2489,1,5,2495,T
1-PB2,650,0,2475,0,1,2476,T
1-PB2,651,0,2482,0,6,2488,T
1-PB2,652,1,0,0,2507,2508,C
1-PB2,653,0,2501,0,1,2502,T
1-PB2,654,2,1,0,2517,2520,C
1-PB2,655,2,1,0,2506,2509,C
1-PB2,656,3,1,2,2519,2525,C
1-PB2,657,2532,0,1,0,2533,A
1-PB2,658,0,0,2551,0,2551,G
1-PB2,659,1,2554,1,1,2557,T
1-PB2,660,0,2542,0,1,2543,T
1-PB2,661,2,8,2540,0,2550,G
1-PB2,662,1,0,0,2547,2548,C
1-PB2,663,0,2536,0,3,2539,T
1-PB2,664,2,0,2556,0,2558,G
1-PB2,665,0,0,2550,0,2550,G
1-PB2,666,2,2,0,2553,2557,C
1-PB2,667,3,2,2550,0,2555,G
1-PB2,668,1,3,2594,0,2598,G
1-PB2,669,2604,0,3,0,2607,A
1-PB2,670,2610,0,5,0,2615,A
1-PB2,671,0,0,0,2619,2619,C
1-PB2,672,2651,0,0,0,2651,A
1-PB2,673,2641,0,3,0,2644,A
1-PB2,674,1,0,2802,0,2803,G
1-PB2,675,1,1,0,2853,2855,C
1-PB2,676,2871,2,1,0,2874,A
1-PB2,677,1,0,3672,0,3673,G
1-PB2,678,1,3658,0,3,3662,T
1-PB2,679,3681,0,2,0,3683,A
1-PB2,680,2,3669,0,3,3674,T
1-PB2,681,3698,0,0,0,3698,A
1-PB2,682,0,3698,0,4,3702,T
1-PB2,683,3600,0,2,0,3602,A
1-PB2,684,0,0,0,3653,3653,C
1-PB2,685,3473,2,1,1,3477,A
1-PB2,686,0,3312,0,0,3312,T
1-PB2,687,0,3196,0,1,3197,T
1-PB2,688,0,0,3203,0,3203,G
1-PB2,689,3196,0,1,0,3197,A
1-PB2,690,3198,0,1,0,3199,A
1-PB2,691,0,0,3254,0,3254,G
1-PB2,692,0,3224,0,4,3228,T
1-PB2,693,0,3195,1,1,3197,T
1-PB2,694,0,3208,0,0,3208,T
1-PB2,695,0,3224,0,0,3224,T
1-PB2,696,3276,1,2,0,3279,A
1-PB2,697,0,1,0,3293,3294,C
1-PB2,698,3299,0,1,0,3300,A
1-PB2,699,0,3282,0,0,3282,T
1-PB2,700,0,3258,0,2,3260,T
1-PB2,701,0,3261,0,1,3262,T
1-PB2,702,0,4,3288,0,3292,G
1-PB2,703,3319,0,1,0,3320,A
1-PB2,704,0,1,0,3328,3329,C
1-PB2,705,1,3290,0,3,3294,T
1-PB2,706,2,0,0,3315,3317,C
1-PB2,707,3309,0,2,0,3311,A
1-PB2,708,13,3,3273,0,3289,G
1-PB2,709,2,2,3356,0,3360,G
1-PB2,710,3,1,3378,0,3382,G
1-PB2,711,3360,1,4,1,3366,A
1-PB2,712,3364,0,9,10,3383,A
1-PB2,713,0,2,0,3389,3391,C
1-PB2,714,2,0,3421,0,3423,G
1-PB2,715,1,3417,0,1,3419,T
1-PB2,716,0,1,3434,0,3435,G
1-PB2,717,0,3398,0,6,3404,T
1-PB2,718,0,3393,0,5,3398,T
1-PB2,719,1,2,3400,1,3404,G
1-PB2,720,1,4,3398,0,3403,G
1-PB2,721,2,2,3451,0,3455,G
1-PB2,722,3406,0,5,0,3411,A
1-PB2,723,3432,1,3,0,3436,A
1-PB2,724,0,1,0,3549,3550,C
1-PB2,725,3534,0,0,0,3534,A
1-PB2,726,3657,0,2,1,3660,A
1-PB2,727,3669,0,2,0,3671,A
1-PB2,728,0,3702,4,1,3707,T
1-PB2,729,0,0,3783,0,3783,G
1-PB2,730,2,3743,0,4,3749,T
1-PB2,731,3746,4,6,0,3756,A
1-PB2,732,0,0,0,3771,3771,C
1-PB2,733,3698,0,2,1,3701,A
1-PB2,734,0,0,0,3679,3679,C
1-PB2,735,0,3565,0,9,3574,T
1-PB2,736,6,2,0,3932,3940,C
1-PB2,737,1,1,0,3930,3932,C
1-PB2,738,3998,1,7,1,4007,A
1-PB2,739,1,2,4051,0,4054,G
1-PB2,740,0,0,4157,0,4157,G
1-PB2,741,0,4123,0,2,4125,T
1-PB2,742,1,0,4130,0,4131,G
1-PB2,743,2,1,4017,0,4020,G
1-PB2,744,3931,4,9,3,3947,A
1-PB2,745,1,3,4019,0,4023,G
1-PB2,746,0,1,4021,0,4022,G
1-PB2,747,3945,0,4,1,3950,A
1-PB2,748,0,0,4015,0,4015,G
1-PB2,749,0,3908,0,5,3913,T
1-PB2,750,0,2,3937,0,3939,G
1-PB2,751,3910,0,10,1,3921,A
1-PB2,752,1,1,3955,0,3957,G
1-PB2,753,3,3,3968,0,3974,G
1-PB2,754,3947,0,4,1,3952,A
1-PB2,755,3966,0,1,0,3967,A
1-PB2,756,0,3957,1,6,3964,T
1-PB2,757,0,4,3954,0,3958,G
1-PB2,758,3950,1,4,0,3955,A
1-PB2,759,0,1,0,3942,3943,C
1-PB2,760,1,3,3945,0,3949,G
1-PB2,761,3973,0,0,0,3973,A
1-PB2,762,1,3956,0,0,3957,T
1-PB2,763,0,0,3975,0,3975,G
1-PB2,764,0,3969,1,2,3972,T
1-PB2,765,0,3938,0,2,3940,T
1-PB2,766,0,4,3954,1,3959,G
1-PB2,767,3964,0,11,0,3975,A
1-PB2,768,0,1,0,3956,3957,C
1-PB2,769,2,1,0,3949,3952,C
1-PB2,770,3910,0,1,0,3911,A
1-PB2,771,3899,0,3,0,3902,A
1-PB2,772,3914,0,0,0,3914,A
1-PB2,773,0,2,4003,0,4005,G
1-PB2,774,0,1,0,4006,4007,C
1-PB2,775,4,0,1,4005,4010,C
1-PB2,776,0,4021,0,3,4024,T
1-PB2,777,4032,0,7,0,4039,A
1-PB2,778,4036,0,1,0,4037,A
1-PB2,779,0,4043,1,3,4047,T
1-PB2,780,0,4037,0,0,4037,T
1-PB2,781,4006,0,0,0,4006,A
1-PB2,782,0,3906,1,4,3911,T
1-PB2,783,0,3891,0,0,3891,T
1-PB2,784,0,0,3845,0,3845,G
1-PB2,785,2,3,0,3855,3860,C
1-PB2,786,5,4,3843,0,3852,G
1-PB2,787,1,2,3921,0,3924,G
1-PB2,788,0,2,0,3926,3928,C
1-PB2,789,0,1,0,3955,3956,C
1-PB2,790,3959,0,1,0,3960,A
1-PB2,791,0,0,4012,0,4012,G
1-PB2,792,3,2,4038,0,4043,G
1-PB2,793,4026,2,1,0,4029,A
1-PB2,794,4057,1,6,0,4064,A
1-PB2,795,1,0,0,4077,4078,C
1-PB2,796,4035,0,3,0,4038,A
1-PB2,797,0,4099,0,2,4101,T
1-PB2,798,4168,0,3,0,4171,A
1-PB2,799,1,3,4214,0,4218,G
1-PB2,800,1,4165,1,0,4167,T
1-PB2,801,4124,0,2,0,4126,A
1-PB2,802,4105,0,5,1,4111,A
1-PB2,803,0,1,4115,0,4116,G
1-PB2,804,4078,0,0,0,4078,A
1-PB2,805,4032,0,0,0,4032,A
1-PB2,806,2,4,4022,0,4028,G
1-PB2,807,3875,0,10,2,3887,A
1-PB2,808,1,0,3889,0,3890,G
1-PB2,809,3,1,0,3865,3869,C
1-PB2,810,2,4,0,3868,3874,C
1-PB2,811,3,0,3879,0,3882,G
1-PB2,812,1,1,0,3892,3894,C
1-PB2,813,3911,0,8,1,3920,A
1-PB2,814,2,1,4195,0,4198,G
1-PB2,815,0,4174,0,1,4175,T
1-PB2,816,4193,0,1,0,4194,A
1-PB2,817,1,4153,0,7,4161,T
1-PB2,818,5,2,0,4202,4209,C
1-PB2,819,4210,0,6,1,4217,A
1-PB2,820,2,1,4213,0,4216,G
1-PB2,821,1,1,0,4205,4207,C
1-PB2,822,4046,0,5,0,4051,A
1-PB2,823,1,2,4007,0,4010,G
1-PB2,824,4013,0,4,1,4018,A
1-PB2,825,0,4018,0,3,4021,T
1-PB2,826,3,2,0,4042,4047,C
1-PB2,827,5,1,0,4062,4068,C
1-PB2,828,4072,1,4,0,4077,A
1-PB2,829,1,0,0,4081,4082,C
1-PB2,830,1,4070,1,1,4073,T
1-PB2,831,4074,0,2,0,4076,A
1-PB2,832,1,1,4061,0,4063,G
1-PB2,833,1,1,0,4029,4031,C
1-PB2,834,4031,0,0,0,4031,A
1-PB2,835,0,4039,0,1,4040,T
1-PB2,836,1,0,0,4104,4105,C
1-PB2,837,0,4065,0,2,4067,T
1-PB2,838,0,4205,0,1,4206,T
1-PB2,839,1,4237,1,0,4239,T
1-PB2,840,4215,2,1,0,4218,A
1-PB2,841,1,4231,1,2,4235,T
1-PB2,842,1,4223,0,1,4225,T
1-PB2,843,0,0,4202,0,4202,G
1-PB2,844,1,4,4210,0,4215,G
1-PB2,845,4122,1,5,0,4128,A
1-PB2,846,0,4,4135,0,4139,G
1-PB2,847,4088,0,1,0,4089,A
1-PB2,848,0,4074,0,2,4076,T
1-PB2,849,0,1,4158,0,4159,G
1-PB2,850,0,4145,1,4,4150,T
1-PB2,851,2,1,4133,0,4136,G
1-PB2,852,1,0,0,4154,4155,C
1-PB2,853,2,2,2,4137,4143,C
1-PB2,854,4145,0,5,0,4150,A
1-PB2,855,0,0,0,4152,4152,C
1-PB2,856,4086,0,5,1,4092,A
1-PB2,857,3,0,4172,0,4175,G
1-PB2,858,1,2,0,4084,4087,C
1-PB2,859,4071,0,3,2,4076,A
1-PB2,860,0,4,0,4073,4077,C
1-PB2,861,4076,0,5,1,4082,A
1-PB2,862,1,0,0,4100,4101,C
1-PB2,863,4089,0,1,1,4091,A
1-PB2,864,4093,0,3,0,4096,A
1-PB2,865,4089,1,2,0,4092,A
1-PB2,866,0,3968,0,1,3969,T
1-PB2,867,0,3977,2,0,3979,T
1-PB2,868,1,1,3954,0,3956,G
1-PB2,869,1,2,3936,1,3940,G
1-PB2,870,20,2,0,3922,3944,C
1-PB2,871,5,1,3891,0,3897,G
1-PB2,872,0,3,3915,0,3918,G
1-PB2,873,3899,0,0,0,3899,A
1-PB2,874,3994,3,10,0,4007,A
1-PB2,875,1,1,0,4010,4012,C
1-PB2,876,4013,1,5,0,4019,A
1-PB2,877,4021,0,3,1,4025,A
1-PB2,878,1,0,4032,0,4033,G
1-PB2,879,1,2,4028,0,4031,G
1-PB2,880,4027,1,6,0,4034,A
1-PB2,881,0,3865,0,3,3868,T
1-PB2,882,1,2,3869,0,3872,G
1-PB2,883,1,0,3894,0,3895,G
1-PB2,884,0,3870,0,1,3871,T
1-PB2,885,1,3,3866,1,3871,G
1-PB2,886,4,0,3869,0,3873,G
1-PB2,887,3846,0,4,1,3851,A
1-PB2,888,0,0,0,3843,3843,C
1-PB2,889,3795,0,2,0,3797,A
1-PB2,890,1,4416,0,1,4418,T
1-PB2,891,1,4416,0,2,4419,T
1-PB2,892,5,0,0,4421,4426,C
1-PB2,893,1,4380,0,5,4386,T
1-PB2,894,0,4385,0,1,4386,T
1-PB2,895,4384,0,3,0,4387,A
1-PB2,896,0,4,4409,0,4413,G
1-PB2,897,4382,1,6,0,4389,A
1-PB2,898,0,0,0,4393,4393,C
1-PB2,899,3576,0,3,1,3580,A
1-PB2,900,0,2,3646,1,3649,G
1-PB2,901,3623,0,6,0,3629,A
1-PB2,902,3639,0,2,1,3642,A
1-PB2,903,1,5,1,3633,3640,C
1-PB2,904,2,0,0,3627,3629,C
1-PB2,905,3,2,0,3606,3611,C
1-PB2,906,0,5,3611,0,3616,G
1-PB2,907,3626,1,1,0,3628,A
1-PB2,908,1,1,1,3621,3624,C
1-PB2,909,0,3594,0,4,3598,T
1-PB2,910,1,1,3621,0,3623,G
1-PB2,911,3600,0,8,1,3609,A
1-PB2,912,3611,0,7,0,3618,A
1-PB2,913,1,3,3650,0,3654,G
1-PB2,914,3635,0,1,0,3636,A
1-PB2,915,3640,0,8,0,3648,A
1-PB2,916,0,0,0,3637,3637,C
1-PB2,917,3603,0,4,0,3607,A
1-PB2,918,3620,1,6,1,3628,A
1-PB2,919,2,0,3671,0,3673,G
1-PB2,920,1,0,0,3707,3708,C
1-PB2,921,0,3673,0,2,3675,T
1-PB2,922,1,0,3758,0,3759,G
1-PB2,923,1,3744,0,4,3749,T
1-PB2,924,1,2,3811,0,3814,G
1-PB2,925,0,1,3972,1,3974,G
1-PB2,926,3954,0,5,3,3962,A
1-PB2,927,2,3953,0,3,3958,T
1-PB2,928,3924,0,3,0,3927,A
1-PB2,929,0,3868,0,3,3871,T
1-PB2,930,3986,0,5,6,3997,A
1-PB2,931,0,3925,1,2,3928,T
1-PB2,932,3,0,3912,3,3918,G
1-PB2,933,1,0,0,3873,3874,C
1-PB2,934,3716,1,6,0,3723,A
1-PB2,935,3707,0,3,0,3710,A
1-PB2,936,0,2,3711,0,3713,G
1-PB2,937,0,0,3724,0,3724,G
1-PB2,938,2,4,0,3738,3744,C
1-PB2,939,0,3633,0,5,3638,T
1-PB2,940,0,0,3658,0,3658,G
1-PB2,941,1,0,0,3666,3667,C
1-PB2,942,3675,0,2,0,3677,A
1-PB2,943,3681,0,1,0,3682,A
1-PB2,944,0,3652,1,2,3655,T
1-PB2,945,0,2,3683,0,3685,G
1-PB2,946,0,2,3624,0,3626,G
1-PB2,947,1,1,3642,1,3645,G
1-PB2,948,3634,0,3,0,3637,A
1-PB2,949,1,3627,2,2,3632,T
1-PB2,950,1,3618,0,1,3620,T
1-PB2,951,2,3,3632,0,3637,G
1-PB2,952,3610,1,3,1,3615,A
1-PB2,953,0,2,3666,0,3668,G
1-PB2,954,3598,0,5,0,3603,A
1-PB2,955,3597,0,2,0,3599,A
1-PB2,956,0,3569,1,0,3570,T
1-PB2,957,1,1,0,3586,3588,C
1-PB2,958,3584,0,4,0,3588,A
1-PB2,959,1,0,3627,0,3628,G
1-PB2,960,1,1,0,3609,3611,C
1-PB2,961,0,3565,0,7,3572,T
1-PB2,962,2,0,0,3569,3571,C
1-PB2,963,3581,0,2,0,3583,A
1-PB2,964,1,3642,3,4,3650,T
1-PB2,965,2,2,0,3661,3665,C
1-PB2,966,1,0,0,3690,3691,C
1-PB2,967,0,3656,3,4,3663,T
1-PB2,968,2,3639,0,9,3650,T
1-PB2,969,0,0,0,3658,3658,C
1-PB2,970,3646,0,3,0,3649,A
1-PB2,971,1,1,3702,0,3704,G
1-PB2,972,0,0,0,3677,3677,C
1-PB2,973,1,3590,0,7,3598,T
1-PB2,974,1,3619,1,1,3622,T
1-PB2,975,0,3594,0,5,3599,T
1-PB2,976,1,3,3603,0,3607,G
1-PB2,977,1,1,3608,0,3610,G
1-PB2,978,1,3605,0,1,3607,T
1-PB2,979,2,5,3612,0,3619,G
1-PB2,980,1,1,3624,2,3628,G
1-PB2,981,3,0,3650,0,3653,G
1-PB2,982,0,3619,1,2,3622,T
1-PB2,983,0,3621,1,2,3624,T
1-PB2,984,0,3620,0,9,3629,T
1-PB2,985,3648,0,0,0,3648,A
1-PB2,986,0,1,0,3657,3658,C
1-PB2,987,3671,0,1,0,3672,A
1-PB2,988,3,3636,0,0,3639,T
1-PB2,989,0,3558,1,1,3560,T
1-PB2,990,1,3559,0,4,3564,T
1-PB2,991,3560,0,1,0,3561,A
1-PB2,992,3546,0,2,0,3548,A
1-PB2,993,3556,0,4,0,3560,A
1-PB2,994,3519,0,11,1,3531,A
1-PB2,995,0,0,3565,0,3565,G
1-PB2,996,3544,1,0,0,3545,A
1-PB2,997,3543,1,3,1,3548,A
1-PB2,998,0,0,0,3553,3553,C
1-PB2,999,3524,0,2,0,3526,A
1-PB2,1000,3523,1,4,0,3528,A
1-PB2,1001,4,1,3531,0,3536,G
1-PB2,1002,0,0,0,3537,3537,C
1-PB2,1003,3,4,3528,0,3535,G
1-PB2,1004,0,1,3534,0,3535,G
1-PB2,1005,4,0,3545,0,3549,G
1-PB2,1006,1,3518,0,5,3524,T
1-PB2,1007,3,0,0,3516,3519,C
1-PB2,1008,3545,1,0,0,3546,A
1-PB2,1009,1,3517,0,5,3523,T
1-PB2,1010,0,2,0,3542,3544,C
1-PB2,1011,3531,0,1,0,3532,A
1-PB2,1012,3,0,3586,0,3589,G
1-PB2,1013,0,3525,1,3,3529,T
1-PB2,1014,6,0,0,3527,3533,C
1-PB2,1015,3554,2,3,0,3559,A
1-PB2,1016,3554,2,1,1,3558,A
1-PB2,1017,3557,0,2,1,3560,A
1-PB2,1018,3550,0,3,1,3554,A
1-PB2,1019,3569,0,0,0,3569,A
1-PB2,1020,3567,1,9,0,3577,A
1-PB2,1021,0,0,3608,0,3608,G
1-PB2,1022,3580,1,1,0,3582,A
1-PB2,1023,3578,0,3,0,3581,A
1-PB2,1024,0,0,3580,0,3580,G
1-PB2,1025,3551,0,2,0,3553,A
1-PB2,1026,3476,0,14,0,3490,A
1-PB2,1027,0,2,3487,0,3489,G
1-PB2,1028,3433,0,8,0,3441,A
1-PB2,1029,2,3,3474,0,3479,G
1-PB2,1030,1,2,3553,0,3556,G
1-PB2,1031,0,3544,0,4,3548,T
1-PB2,1032,1,0,3602,0,3603,G
1-PB2,1033,0,1,0,3606,3607,C
1-PB2,1034,0,3573,1,5,3579,T
1-PB2,1035,0,3621,0,2,3623,T
1-PB2,1036,3633,0,1,0,3634,A
1-PB2,1037,0,2,0,3628,3630,C
1-PB2,1038,3588,1,3,0,3592,A
1-PB2,1039,1,0,3606,0,3607,G
1-PB2,1040,0,0,3588,0,3588,G
1-PB2,1041,0,1,1,3545,3547,C
1-PB2,1042,3498,0,4,0,3502,A
1-PB2,1043,3531,0,1,1,3533,A
1-PB2,1044,0,3583,0,8,3591,T
1-PB2,1045,2,1,0,3638,3641,C
1-PB2,1046,1,3598,0,7,3606,T
1-PB2,1047,4,1,0,3616,3621,C
1-PB2,1048,2,0,0,3634,3636,C
1-PB2,1049,3631,0,6,1,3638,A
1-PB2,1050,3629,0,1,0,3630,A
1-PB2,1051,3632,0,4,0,3636,A
1-PB2,1052,0,1,0,3666,3667,C
1-PB2,1053,3545,1,0,1,3547,A
1-PB2,1054,1,3469,3,2,3475,T
1-PB2,1055,0,3384,0,1,3385,T
1-PB2,1056,0,1,3418,0,3419,G
1-PB2,1057,3379,0,2,1,3382,A
1-PB2,1058,0,2,3362,0,3364,G
1-PB2,1059,3549,1,2,0,3552,A
1-PB2,1060,3541,1,3,0,3545,A
1-PB2,1061,1,3581,2,1,3585,T
1-PB2,1062,3600,0,1,0,3601,A
1-PB2,1063,3584,2,9,0,3595,A
1-PB2,1064,0,2,3735,0,3737,G
1-PB2,1065,3655,1,4,0,3660,A
1-PB2,1066,1,0,3824,0,3825,G
1-PB2,1067,0,3698,1,1,3700,T
1-PB2,1068,3728,0,3,0,3731,A
1-PB2,1069,0,0,0,3794,3794,C
1-PB2,1070,3728,0,2,0,3730,A
1-PB2,1071,0,3727,1,1,3729,T
1-PB2,1072,1,3,3734,0,3738,G
1-PB2,1073,3597,2,7,0,3606,A
1-PB2,1074,0,4,3635,1,3640,G
1-PB2,1075,1,6,3621,0,3628,G
1-PB2,1076,0,4,3805,0,3809,G
1-PB2,1077,2,1,3818,0,3821,G
1-PB2,1078,0,3753,1,2,3756,T
1-PB2,1079,3793,0,4,0,3797,A
1-PB2,1080,1,3765,1,1,3768,T
1-PB2,1081,1,3,3780,0,3784,G
1-PB2,1082,3769,0,8,0,3777,A
1-PB2,1083,1,5,3751,0,3757,G
1-PB2,1084,2,4,3701,0,3707,G
1-PB2,1085,3445,0,1,0,3446,A
1-PB2,1086,1,1,3542,0,3544,G
1-PB2,1087,0,3560,2,7,3569,T
1-PB2,1088,1,3671,0,3,3675,T
1-PB2,1089,4,0,1,3699,3704,C
1-PB2,1090,3708,5,6,0,3719,A
1-PB2,1091,0,1,0,3692,3693,C
1-PB2,1092,3696,1,5,0,3702,A
1-PB2,1093,3718,0,3,0,3721,A
1-PB2,1094,0,3710,0,0,3710,T
1-PB2,1095,0,0,3649,0,3649,G
1-PB2,1096,2,4,3664,0,3670,G
1-PB2,1097,1,3567,0,3,3571,T
1-PB2,1098,1,4,3578,0,3583,G
1-PB2,1099,1,2,3596,0,3599,G
1-PB2,1100,0,3,3603,0,3606,G
1-PB2,1101,1,0,3632,0,3633,G
1-PB2,1102,3590,0,5,1,3596,A
1-PB2,1103,3614,0,4,1,3619,A
1-PB2,1104,3589,0,3,0,3592,A
1-PB2,1105,3532,0,8,0,3540,A
1-PB2,1106,0,2,3564,0,3566,G
1-PB2,1107,3502,0,5,0,3507,A
1-PB2,1108,1,0,3552,0,3553,G
1-PB2,1109,0,5,0,3534,3539,C
1-PB2,1110,3522,0,1,0,3523,A
1-PB2,1111,3521,1,5,1,3528,A
1-PB2,1112,1,2,0,3659,3662,C
1-PB2,1113,3667,1,1,0,3669,A
1-PB2,1114,0,0,3728,0,3728,G
1-PB2,1115,1,1,0,3680,3682,C
1-PB2,1116,0,3670,1,1,3672,T
1-PB2,1117,3790,1,3,0,3794,A
1-PB2,1118,0,3784,0,0,3784,T
1-PB2,1119,3811,0,0,0,3811,A
1-PB2,1120,0,1,0,3804,3805,C
1-PB2,1121,0,3566,1,2,3569,T
1-PB2,1122,3609,0,1,0,3610,A
1-PB2,1123,3529,1,3,0,3533,A
1-PB2,1124,0,2,3543,0,3545,G
1-PB2,1125,3521,1,3,0,3525,A
1-PB2,1126,3426,0,0,0,3426,A
1-PB2,1127,3420,0,0,0,3420,A
1-PB2,1128,3410,0,4,1,3415,A
1-PB2,1129,0,0,3426,0,3426,G
1-PB2,1130,0,2,0,3427,3429,C
1-PB2,1131,3426,0,2,1,3429,A
1-PB2,1132,3442,0,3,1,3446,A
1-PB2,1133,1,0,0,3440,3441,C
1-PB2,1134,0,0,0,3449,3449,C
1-PB2,1135,3453,1,0,0,3454,A
1-PB2,1136,1,2,3459,0,3462,G
1-PB2,1137,3457,1,3,0,3461,A
1-PB2,1138,3448,1,6,0,3455,A
1-PB2,1139,0,2,3473,1,3476,G
1-PB2,1140,3452,0,1,0,3453,A
1-PB2,1141,0,3442,1,1,3444,T
1-PB2,1142,1,3419,0,0,3420,T
1-PB2,1143,0,1,3428,0,3429,G
1-PB2,1144,2,1,3501,0,3504,G
1-PB2,1145,0,3461,1,5,3467,T
1-PB2,1146,0,3450,1,7,3458,T
1-PB2,1147,4,2,0,3455,3461,C
1-PB2,1148,3442,0,2,1,3445,A
1-PB2,1149,3429,0,4,0,3433,A
1-PB2,1150,0,3,0,3689,3692,C
1-PB2,1151,0,3667,1,7,3675,T
1-PB2,1152,4,0,0,3715,3719,C
1-PB2,1153,3653,0,1,0,3654,A
1-PB2,1154,0,3671,0,3,3674,T
1-PB2,1155,3681,1,2,0,3684,A
1-PB2,1156,0,0,3712,0,3712,G
1-PB2,1157,0,3569,1,3,3573,T
1-PB2,1158,0,2,3601,0,3603,G
1-PB2,1159,3418,1,4,0,3423,A
1-PB2,1160,0,1,3496,0,3497,G
1-PB2,1161,0,3469,0,0,3469,T
1-PB2,1162,2,2,3460,0,3464,G
1-PB2,1163,0,0,3513,0,3513,G
1-PB2,1164,3497,1,2,0,3500,A
1-PB2,1165,3475,1,9,0,3485,A
1-PB2,1166,4,1,3495,0,3500,G
1-PB2,1167,3424,0,6,0,3430,A
1-PB2,1168,0,1,3462,0,3463,G
1-PB2,1169,3408,0,7,0,3415,A
1-PB2,1170,0,3,0,3403,3406,C
1-PB2,1171,3,3,3397,0,3403,G
1-PB2,1172,3371,0,2,0,3373,A
1-PB2,1173,3391,0,2,0,3393,A
1-PB2,1174,0,2,0,3387,3389,C
1-PB2,1175,3363,0,1,1,3365,A
1-PB2,1176,0,1,3567,1,3569,G
1-PB2,1177,0,3536,0,3,3539,T
1-PB2,1178,5,1,0,3532,3538,C
1-PB2,1179,3548,0,4,0,3552,A
1-PB2,1180,3537,0,5,0,3542,A
1-PB2,1181,1,3535,2,1,3539,T
1-PB2,1182,3520,0,5,0,3525,A
1-PB2,1183,0,1,3519,1,3521,G
1-PB2,1184,0,0,1,3503,3504,C
1-PB2,1185,1,2,0,3344,3347,C
1-PB2,1186,1,1,3329,0,3331,G
1-PB2,1187,3313,0,6,1,3320,A
1-PB2,1188,3319,0,7,0,3326,A
1-PB2,1189,0,0,3346,0,3346,G
1-PB2,1190,1,4,0,3404,3409,C
1-PB2,1191,3427,0,2,1,3430,A
1-PB2,1192,3422,0,3,1,3426,A
1-PB2,1193,0,3432,0,0,3432,T
1-PB2,1194,3440,0,1,0,3441,A
1-PB2,1195,3462,0,3,0,3465,A
1-PB2,1196,0,3448,1,0,3449,T
1-PB2,1197,3,2,0,3453,3458,C
1-PB2,1198,1,1,3432,0,3434,G
1-PB2,1199,1,3325,1,2,3329,T
1-PB2,1200,0,0,3319,0,3319,G
1-PB2,1201,1,0,3352,0,3353,G
1-PB2,1202,0,1,0,3345,3346,C
1-PB2,1203,4,0,0,3351,3355,C
1-PB2,1204,3334,0,3,0,3337,A
1-PB2,1205,1,3316,0,1,3318,T
1-PB2,1206,8,0,3325,0,3333,G
1-PB2,1207,2,0,3393,0,3395,G
1-PB2,1208,0,3341,0,3,3344,T
1-PB2,1209,4,0,3352,0,3356,G
1-PB2,1210,0,3163,1,3,3167,T
1-PB2,1211,1,3146,0,6,3153,T
1-PB2,1212,0,3142,1,4,3147,T
1-PB2,1213,0,3146,0,6,3152,T
1-PB2,1214,2,1,0,3207,3210,C
1-PB2,1215,3200,0,2,0,3202,A
1-PB2,1216,0,3,0,3402,3405,C
1-PB2,1217,3350,0,2,1,3353,A
1-PB2,1218,3370,0,2,1,3373,A
1-PB2,1219,1,2,3380,1,3384,G
1-PB2,1220,3364,0,2,1,3367,A
1-PB2,1221,3172,0,167,1,3340,A
1-PB2,1222,0,3,3406,0,3409,G
1-PB2,1223,3403,1,1,1,3406,A
1-PB2,1224,0,3396,1,2,3399,T
1-PB2,1225,0,3348,0,0,3348,T
1-PB2,1226,1,0,3351,0,3352,G
1-PB2,1227,0,0,0,3293,3293,C
1-PB2,1228,3330,1,3,4,3338,A
1-PB2,1229,1,3345,0,3,3349,T
1-PB2,1230,1,0,3525,0,3526,G
1-PB2,1231,3542,0,4,0,3546,A
1-PB2,1232,0,3584,0,0,3584,T
1-PB2,1233,3563,0,1,0,3564,A
1-PB2,1234,3568,1,0,0,3569,A
1-PB2,1235,3571,1,2,0,3574,A
1-PB2,1236,3583,0,6,1,3590,A
1-PB2,1237,0,0,3602,0,3602,G
1-PB2,1238,0,2,0,3703,3705,C
1-PB2,1239,3743,0,2,0,3745,A
1-PB2,1240,0,1,3882,1,3884,G
1-PB2,1241,0,3856,0,3,3859,T
1-PB2,1242,0,3872,0,0,3872,T
1-PB2,1243,3862,0,4,0,3866,A
1-PB2,1244,0,3,3900,0,3903,G
1-PB2,1245,3842,0,7,1,3850,A
1-PB2,1246,0,1,3881,0,3882,G
1-PB2,1247,3,0,3851,0,3854,G
1-PB2,1248,0,3707,0,4,3711,T
1-PB2,1249,2,6,3700,0,3708,G
1-PB2,1250,3720,0,11,0,3731,A
1-PB2,1251,0,1,0,3748,3749,C
1-PB2,1252,6,2,0,3733,3741,C
1-PB2,1253,0,3724,0,7,3731,T
1-PB2,1254,1,4,3756,0,3761,G
1-PB2,1255,3760,0,4,0,3764,A
1-PB2,1256,3757,0,1,0,3758,A
1-PB2,1257,1,3752,0,1,3754,T
1-PB2,1258,0,3805,0,2,3807,T
1-PB2,1259,2,3802,0,1,3805,T
1-PB2,1260,3,2,0,3834,3839,C
1-PB2,1261,0,0,3837,1,3838,G
1-PB2,1262,0,3811,0,7,3818,T
1-PB2,1263,1,1,0,3826,3828,C
1-PB2,1264,3841,1,2,1,3845,A
1-PB2,1265,3850,0,1,1,3852,A
1-PB2,1266,0,0,0,3840,3840,C
1-PB2,1267,3800,1,0,0,3801,A
1-PB2,1268,2,2,3864,0,3868,G
1-PB2,1269,3824,0,4,1,3829,A
1-PB2,1270,2,1,3855,0,3858,G
1-PB2,1271,0,2,0,3851,3853,C
1-PB2,1272,3859,1,3,0,3863,A
1-PB2,1273,3907,0,2,0,3909,A
1-PB2,1274,3900,0,2,2,3904,A
1-PB2,1275,0,3884,0,3,3887,T
1-PB2,1276,1,2,1,3915,3919,C
1-PB2,1277,3877,0,4,0,3881,A
1-PB2,1278,16,2,3874,0,3892,G
1-PB2,1279,1,0,0,3898,3899,C
1-PB2,1280,2,2,3893,0,3897,G
1-PB2,1281,1,0,4178,0,4179,G
1-PB2,1282,1,4150,1,5,4157,T
1-PB2,1283,0,4164,0,3,4167,T
1-PB2,1284,1,6,4165,0,4172,G
1-PB2,1285,4154,0,13,0,4167,A
1-PB2,1286,4208,0,8,1,4217,A
1-PB2,1287,1,1,0,4234,4236,C
1-PB2,1288,4,2,0,4205,4211,C
1-PB2,1289,10,0,0,4231,4241,C
1-PB2,1290,4,2,0,4062,4068,C
1-PB2,1291,4107,0,2,0,4109,A
1-PB2,1292,0,4125,1,2,4128,T
1-PB2,1293,2,0,4144,0,4146,G
1-PB2,1294,0,0,0,4171,4171,C
1-PB2,1295,4147,0,1,0,4148,A
1-PB2,1296,0,4103,1,4,4108,T
1-PB2,1297,2,2,0,4095,4099,C
1-PB2,1298,4083,0,3,0,4086,A
1-PB2,1299,2,1,4157,0,4160,G
1-PB2,1300,1,1,0,4159,4161,C
1-PB2,1301,0,4122,0,10,4132,T
1-PB2,1302,0,4139,0,0,4139,T
1-PB2,1303,0,4130,1,1,4132,T
1-PB2,1304,0,4142,0,0,4142,T
1-PB2,1305,4144,0,2,0,4146,A
1-PB2,1306,4136,1,2,0,4139,A
1-PB2,1307,1,2,4144,0,4147,G
1-PB2,1308,3,1,4096,0,4100,G
1-PB2,1309,0,2,0,4093,4095,C
1-PB2,1310,4070,2,1,1,4074,A
1-PB2,1311,1,4068,1,1,4071,T
1-PB2,1312,0,4079,0,4,4083,T
1-PB2,1313,0,4087,1,0,4088,T
1-PB2,1314,1,4100,0,3,4104,T
1-PB2,1315,2,0,0,4115,4117,C
1-PB2,1316,4108,0,3,0,4111,A
1-PB2,1317,1,0,4112,0,4113,G
1-PB2,1318,4097,0,5,0,4102,A
1-PB2,1319,4106,0,1,0,4107,A
1-PB2,1320,4074,0,4,1,4079,A
1-PB2,1321,1,1,4100,0,4102,G
1-PB2,1322,4120,0,5,0,4125,A
1-PB2,1323,0,4130,1,1,4132,T
1-PB2,1324,1,0,4120,0,4121,G
1-PB2,1325,0,2,0,4124,4126,C
1-PB2,1326,0,3,4141,0,4144,G
1-PB2,1327,4138,2,2,0,4142,A
1-PB2,1328,4126,0,2,0,4128,A
1-PB2,1329,4134,0,2,2,4138,A
1-PB2,1330,1,1,4144,0,4146,G
1-PB2,1331,0,4090,0,3,4093,T
1-PB2,1332,0,3,4091,0,4094,G
1-PB2,1333,0,2,0,4087,4089,C
1-PB2,1334,2,4081,0,4,4087,T
1-PB2,1335,0,4091,0,0,4091,T
1-PB2,1336,0,4104,1,3,4108,T
1-PB2,1337,0,4094,1,2,4097,T
1-PB2,1338,0,4098,0,2,4100,T
1-PB2,1339,2,2,0,4087,4091,C
1-PB2,1340,4085,1,4,1,4091,A
1-PB2,1341,4126,0,1,1,4128,A
1-PB2,1342,4112,1,1,0,4114,A
1-PB2,1343,4141,1,1,0,4143,A
1-PB2,1344,1,4133,0,1,4135,T
1-PB2,1345,0,4133,0,0,4133,T
1-PB2,1346,0,2,4149,0,4151,G
1-PB2,1347,1,1,4142,0,4144,G
1-PB2,1348,2,3,4127,1,4133,G
1-PB2,1349,1,3,4225,0,4229,G
1-PB2,1350,4188,2,7,0,4197,A
1-PB2,1351,1,2,4319,0,4322,G
1-PB2,1352,0,4323,0,2,4325,T
1-PB2,1353,0,4313,1,4,4318,T
1-PB2,1354,0,3,4320,1,4324,G
1-PB2,1355,4331,0,9,0,4340,A
1-PB2,1356,4346,0,11,1,4358,A
1-PB2,1357,0,1,0,4490,4491,C
1-PB2,1358,4463,1,4,0,4468,A
1-PB2,1359,0,1,0,4598,4599,C
1-PB2,1360,4541,1,3,0,4545,A
1-PB2,1361,2,4534,1,5,4542,T
1-PB2,1362,2,1,0,4566,4569,C
1-PB2,1363,0,1,4570,0,4571,G
1-PB2,1364,4590,0,2,0,4592,A
1-PB2,1365,0,2,1,4576,4579,C
1-PB2,1366,4447,1,1,2,4451,A
1-PB2,1367,0,0,4643,0,4643,G
1-PB2,1368,0,4501,0,2,4503,T
1-PB2,1369,1,3,4621,0,4625,G
1-PB2,1370,0,4585,0,4,4589,T
1-PB2,1371,0,4,4615,1,4620,G
1-PB2,1372,4594,1,9,1,4605,A
1-PB2,1373,1,4578,2,0,4581,T
1-PB2,1374,5,4,4602,0,4611,G
1-PB2,1375,1,4,4597,1,4603,G
1-PB2,1376,0,1,4554,0,4555,G
1-PB2,1377,4520,4,7,0,4531,A
1-PB2,1378,4501,0,3,1,4505,A
1-PB2,1379,0,4516,0,0,4516,T
1-PB2,1380,1,4,4567,0,4572,G
1-PB2,1381,4568,2,2,0,4572,A
1-PB2,1382,0,4580,1,0,4581,T
1-PB2,1383,1,4559,0,2,4562,T
1-PB2,1384,0,5,4548,0,4553,G
1-PB2,1385,2,2,4714,0,4718,G
1-PB2,1386,4670,0,8,2,4680,A
1-PB2,1387,0,0,4781,0,4781,G
1-PB2,1388,0,4735,0,1,4736,T
1-PB2,1389,4699,0,1,1,4701,A
1-PB2,1390,0,4729,0,1,4730,T
1-PB2,1391,0,4778,0,1,4779,T
1-PB2,1392,4855,1,3,0,4859,A
1-PB2,1393,2,0,0,4847,4849,C
1-PB2,1394,2,5,0,4750,4757,C
1-PB2,1395,4721,1,3,1,4726,A
1-PB2,1396,1,1,4774,0,4776,G
1-PB2,1397,4888,0,5,2,4895,A
1-PB2,1398,1,4723,0,141,4865,T
1-PB2,1399,4844,0,1,0,4845,A
1-PB2,1400,0,4814,1,4,4819,T
1-PB2,1401,1,3,4790,0,4794,G
1-PB2,1402,4794,0,9,1,4804,A
1-PB2,1403,0,0,1,4850,4851,C
1-PB2,1404,1,4794,0,3,4798,T
1-PB2,1405,1,0,0,4813,4814,C
1-PB2,1406,1,1,0,4753,4755,C
1-PB2,1407,4764,1,6,1,4772,A
1-PB2,1408,4795,0,5,0,4800,A
1-PB2,1409,3,2,4902,0,4907,G
1-PB2,1410,2,1,0,4861,4864,C
1-PB2,1411,4893,0,1,1,4895,A
1-PB2,1412,0,2,0,4884,4886,C
1-PB2,1413,4843,0,10,0,4853,A
1-PB2,1414,4,1,4869,0,4874,G
1-PB2,1415,4820,0,4,0,4824,A
1-PB2,1416,0,2,4899,0,4901,G
1-PB2,1417,4888,2,5,0,4895,A
1-PB2,1418,1,4783,0,5,4789,T
1-PB2,1419,2,1,4870,0,4873,G
1-PB2,1420,0,4837,0,3,4840,T
1-PB2,1421,5,1,0,4817,4823,C
1-PB2,1422,4859,0,7,1,4867,A
1-PB2,1423,4860,1,1,2,4864,A
1-PB2,1424,0,4859,0,0,4859,T
1-PB2,1425,2,5,4843,0,4850,G
1-PB2,1426,4759,2,9,0,4770,A
1-PB2,1427,1,1,4804,0,4806,G
1-PB2,1428,4707,0,8,0,4715,A
1-PB2,1429,2,4,4737,0,4743,G
1-PB2,1430,4,4,5035,0,5043,G
1-PB2,1431,5043,1,0,0,5044,A
1-PB2,1432,5059,1,7,0,5067,A
1-PB2,1433,0,5065,0,4,5069,T
1-PB2,1434,5056,0,3,0,5059,A
1-PB2,1435,5047,0,4,1,5052,A
1-PB2,1436,0,3,5051,1,5055,G
1-PB2,1437,4984,1,10,0,4995,A
1-PB2,1438,1,1,5015,0,5017,G
1-PB2,1439,0,4689,0,4,4693,T
1-PB2,1440,5,2,0,4713,4720,C
1-PB2,1441,4716,1,7,0,4724,A
1-PB2,1442,2,0,4777,0,4779,G
1-PB2,1443,0,1,0,4801,4802,C
1-PB2,1444,4813,1,0,0,4814,A
1-PB2,1445,4832,1,4,0,4837,A
1-PB2,1446,4782,0,4,0,4786,A
1-PB2,1447,4853,1,2,0,4856,A
1-PB2,1448,0,4853,1,0,4854,T
1-PB2,1449,0,6,4881,0,4887,G
1-PB2,1450,1,1,4879,0,4881,G
1-PB2,1451,1,1,4910,1,4913,G
1-PB2,1452,2,4845,0,2,4849,T
1-PB2,1453,5,0,4852,0,4857,G
1-PB2,1454,0,4839,1,2,4842,T
1-PB2,1455,0,1,4847,0,4848,G
1-PB2,1456,0,3,4941,0,4944,G
1-PB2,1457,4936,1,4,0,4941,A
1-PB2,1458,0,4930,0,0,4930,T
1-PB2,1459,1,5,4962,1,4969,G
1-PB2,1460,4933,0,3,1,4937,A
1-PB2,1461,4959,1,8,0,4968,A
1-PB2,1462,1,4965,0,2,4968,T
1-PB2,1463,4958,1,1,0,4960,A
1-PB2,1464,1,2,0,5398,5401,C
1-PB2,1465,3,5266,0,8,5277,T
1-PB2,1466,5,2,0,5370,5377,C
1-PB2,1467,3,1,0,5380,5384,C
1-PB2,1468,5381,1,4,1,5387,A
1-PB2,1469,3,0,5606,0,5609,G
1-PB2,1470,1,5575,0,1,5577,T
1-PB2,1471,5625,1,1,0,5627,A
1-PB2,1472,2,0,0,5636,5638,C
1-PB2,1473,5104,0,7,1,5112,A
1-PB2,1474,0,2,5145,0,5147,G
1-PB2,1475,4977,0,2,0,4979,A
1-PB2,1476,0,1,5064,1,5066,G
1-PB2,1477,4928,1,5,0,4934,A
1-PB2,1478,1,5,4802,0,4808,G
1-PB2,1479,1,3,4795,0,4799,G
1-PB2,1480,0,1,4795,0,4796,G
1-PB2,1481,1,4704,0,2,4707,T
1-PB2,1482,1,6,4719,0,4726,G
1-PB2,1483,1,1,4746,0,4748,G
1-PB2,1484,2,4699,0,5,4706,T
1-PB2,1485,1,4,4878,0,4883,G
1-PB2,1486,4,2,4878,0,4884,G
1-PB2,1487,0,4772,0,0,4772,T
1-PB2,1488,0,4765,0,2,4767,T
1-PB2,1489,4717,0,4,0,4721,A
1-PB2,1490,0,0,4756,0,4756,G
1-PB2,1491,0,0,0,4747,4747,C
1-PB2,1492,4734,1,3,0,4738,A
1-PB2,1493,0,4732,0,1,4733,T
1-PB2,1494,1,4474,0,0,4475,T
1-PB2,1495,2,1,4469,2,4474,G
1-PB2,1496,4472,0,0,0,4472,A
1-PB2,1497,0,4476,0,1,4477,T
1-PB2,1498,6,0,0,4484,4490,C
1-PB2,1499,0,0,4451,0,4451,G
1-PB2,1500,1,1,4547,0,4549,G
1-PB2,1501,1,4528,0,1,4530,T
1-PB2,1502,0,4512,1,2,4515,T
1-PB2,1503,0,4523,0,1,4524,T
1-PB2,1504,2,4529,0,0,4531,T
1-PB2,1505,0,4537,1,1,4539,T
1-PB2,1506,4,5,4530,0,4539,G
1-PB2,1507,4468,0,12,0,4480,A
1-PB2,1508,2,4,4536,0,4542,G
1-PB2,1509,4359,0,5,0,4364,A
1-PB2,1510,0,0,4400,0,4400,G
1-PB2,1511,2,4414,1,4,4421,T
1-PB2,1512,0,4393,0,4,4397,T
1-PB2,1513,3,1,0,4400,4404,C
1-PB2,1514,1,3,4414,0,4418,G
1-PB2,1515,4409,1,10,0,4420,A
1-PB2,1516,0,3,4411,0,4414,G
1-PB2,1517,4412,0,8,0,4420,A
1-PB2,1518,0,2,2,4402,4406,C
1-PB2,1519,1,2,0,4361,4364,C
1-PB2,1520,4324,0,3,0,4327,A
1-PB2,1521,4363,1,8,0,4372,A
1-PB2,1522,1,1,0,4371,4373,C
1-PB2,1523,2,0,4396,0,4398,G
1-PB2,1524,3,4367,0,0,4370,T
1-PB2,1525,3,1,4363,0,4367,G
1-PB2,1526,0,4,4362,0,4366,G
1-PB2,1527,70,1,4310,0,4381,G
1-PB2,1528,4341,1,5,0,4347,A
1-PB2,1529,4365,0,0,0,4365,A
1-PB2,1530,1,4268,0,2,4271,T
1-PB2,1531,1,0,4445,0,4446,G
1-PB2,1532,0,4411,0,1,4412,T
1-PB2,1533,4413,0,0,0,4413,A
1-PB2,1534,0,4403,0,2,4405,T
1-PB2,1535,0,4365,0,2,4367,T
1-PB2,1536,4366,0,58,0,4424,A
1-PB2,1537,1,4388,0,2,4391,T
1-PB2,1538,0,4356,0,1,4357,T
1-PB2,1539,4344,0,1,0,4345,A
1-PB2,1540,1,3857,0,5,3863,T
1-PB2,1541,1,1,0,3993,3995,C
1-PB2,1542,0,3889,1,3,3893,T
1-PB2,1543,6,0,0,3922,3928,C
1-PB2,1544,1,2,0,3947,3950,C
1-PB2,1545,1,3823,1,6,3831,T
1-PB2,1546,0,2,3841,0,3843,G
1-PB2,1547,3796,0,4,0,3800,A
1-PB2,1548,1,0,3819,0,3820,G
1-PB2,1549,0,4,3810,0,3814,G
1-PB2,1550,3366,1,8,0,3375,A
1-PB2,1551,1,0,3407,0,3408,G
1-PB2,1552,1,0,3390,0,3391,G
1-PB2,1553,1,3291,0,6,3298,T
1-PB2,1554,5,0,0,3300,3305,C
1-PB2,1555,3271,1,4,1,3277,A
1-PB2,1556,2,0,3313,0,3315,G
1-PB2,1557,2,3285,0,2,3289,T
1-PB2,1558,0,2,3289,0,3291,G
1-PB2,1559,3276,0,4,0,3280,A
1-PB2,1560,3150,0,1,0,3151,A
1-PB2,1561,3172,1,1,0,3174,A
1-PB2,1562,1,0,0,3173,3174,C
1-PB2,1563,3133,0,3,2,3138,A
1-PB2,1564,0,1,0,3143,3144,C
1-PB2,1565,2992,3,5,0,3000,A
1-PB2,1566,1,3,3017,0,3021,G
1-PB2,1567,3,0,2997,1,3001,G
1-PB2,1568,2,2,3011,0,3015,G
1-PB2,1569,3001,0,2,1,3004,A
1-PB2,1570,2972,0,4,0,2976,A
1-PB2,1571,0,1,0,3013,3014,C
1-PB2,1572,0,2969,0,0,2969,T
1-PB2,1573,1,3,2960,0,2964,G
1-PB2,1574,2942,0,8,0,2950,A
1-PB2,1575,0,1,2960,0,2961,G
1-PB2,1576,2879,1,3,0,2883,A
1-PB2,1577,2,1,2761,0,2764,G
1-PB2,1578,2742,1,6,0,2749,A
1-PB2,1579,0,2,0,2743,2745,C
1-PB2,1580,0,2631,0,2,2633,T
1-PB2,1581,0,1,2676,0,2677,G
1-PB2,1582,2663,0,8,0,2671,A
1-PB2,1583,0,0,0,2680,2680,C
1-PB2,1584,2663,0,2,0,2665,A
1-PB2,1585,2666,0,0,0,2666,A
1-PB2,1586,1,2658,0,1,2660,T
1-PB2,1587,2656,0,2,1,2659,A
1-PB2,1588,2660,2,4,0,2666,A
1-PB2,1589,0,0,0,2689,2689,C
1-PB2,1590,0,2494,0,0,2494,T
1-PB2,1591,0,2470,0,0,2470,T
1-PB2,1592,2425,0,3,0,2428,A
1-PB2,1593,0,2419,2,5,2426,T
1-PB2,1594,0,2415,0,1,2416,T
1-PB2,1595,1,2,0,2413,2416,C
1-PB2,1596,2271,2,4,0,2277,A
1-PB2,1597,0,2261,0,2,2263,T
1-PB2,1598,2,0,0,2173,2175,C
1-PB2,1599,2,0,2170,0,2172,G
1-PB2,1600,2,2180,0,2,2184,T
1-PB2,1601,2,1,0,2155,2158,C
1-PB2,1602,2,1,2153,0,2156,G
1-PB2,1603,2153,0,3,0,2156,A
1-PB2,1604,1,2159,0,1,2161,T
1-PB2,1605,0,0,2151,0,2151,G
1-PB2,1606,2153,0,1,1,2155,A
1-PB2,1607,1,2146,0,1,2148,T
1-PB2,1608,0,0,2140,0,2140,G
1-PB2,1609,0,2042,3,1,2046,T
1-PB2,1610,2,2,2026,0,2030,G
1-PB2,1611,0,3,2030,0,2033,G
1-PB2,1612,1,0,2027,0,2028,G
1-PB2,1613,1975,0,3,0,1978,A
1-PB2,1614,1,2,1995,0,1998,G
1-PB2,1615,1861,0,0,0,1861,A
1-PB2,1616,0,1812,0,1,1813,T
1-PB2,1617,1,1764,0,1,1766,T
1-PB2,1618,1763,1,0,0,1764,A
1-PB2,1619,1756,0,1,2,1759,A
1-PB2,1620,1,2,0,1739,1742,C
1-PB2,1621,0,0,1630,0,1630,G
1-PB2,1622,0,0,1679,0,1679,G
1-PB2,1623,0,1499,0,2,1501,T
1-PB2,1624,3,1,0,1476,1480,C
1-PB2,1625,0,0,0,1484,1484,C
1-PB2,1626,0,1417,0,1,1418,T
1-PB2,1627,0,0,1436,0,1436,G
1-PB2,1628,1430,0,3,0,1433,A
1-PB2,1629,0,0,1443,0,1443,G
1-PB2,1630,0,1440,0,0,1440,T
1-PB2,1631,1,0,0,1351,1352,C
1-PB2,1632,2,2,1359,0,1363,G
1-PB2,1633,1,0,1388,0,1389,G
1-PB2,1634,0,1381,0,2,1383,T
1-PB2,1635,0,1384,1,0,1385,T
1-PB2,1636,0,1382,0,2,1384,T
1-PB2,1637,0,1382,0,0,1382,T
1-PB2,1638,1,2,1437,0,1440,G
1-PB2,1639,0,0,1449,0,1449,G
1-PB2,1640,1,1445,1,0,1447,T
1-PB2,1641,0,0,0,1446,1446,C
1-PB2,1642,1418,0,0,0,1418,A
1-PB2,1643,1473,0,1,0,1474,A
1-PB2,1644,0,1471,0,1,1472,T
1-PB2,1645,1477,0,0,0,1477,A
1-PB2,1646,0,0,1,1508,1509,C
1-PB2,1647,0,1,0,1432,1433,C
1-PB2,1648,0,1415,1,2,1418,T
1-PB2,1649,1439,0,1,0,1440,A
1-PB2,1650,1,1435,0,2,1438,T
1-PB2,1651,1,0,0,1444,1445,C
1-PB2,1652,1375,0,1,0,1376,A
1-PB2,1653,1377,0,0,0,1377,A
1-PB2,1654,1,1369,0,0,1370,T
1-PB2,1655,0,2,1320,0,1322,G
1-PB2,1656,0,0,1321,0,1321,G
1-PB2,1657,1308,0,0,0,1308,A
1-PB2,1658,0,1278,0,0,1278,T
1-PB2,1659,3,0,0,1281,1284,C
1-PB2,1660,1290,0,1,0,1291,A
1-PB2,1661,0,1285,1,0,1286,T
1-PB2,1662,0,0,0,1297,1297,C
1-PB2,1663,1297,0,1,0,1298,A
1-PB2,1664,1,0,1295,0,1296,G
1-PB2,1665,1283,0,1,0,1284,A
1-PB2,1666,1283,1,0,0,1284,A
1-PB2,1667,1289,0,0,0,1289,A
1-PB2,1668,0,1287,0,1,1288,T
1-PB2,1669,0,1288,0,0,1288,T
1-PB2,1670,0,1,1275,0,1276,G
1-PB2,1671,0,1,1269,0,1270,G
1-PB2,1672,0,0,1274,0,1274,G
1-PB2,1673,1269,0,2,0,1271,A
1-PB2,1674,1264,0,0,1,1265,A
1-PB2,1675,1,0,1261,0,1262,G
1-PB2,1676,0,2,0,1262,1264,C
1-PB2,1677,0,1262,0,0,1262,T
1-PB2,1678,0,0,1280,0,1280,G
1-PB2,1679,0,1263,0,2,1265,T
1-PB2,1680,1,1,1,1266,1269,C
1-PB2,1681,1273,0,1,0,1274,A
1-PB2,1682,1281,0,0,1,1282,A
1-PB2,1683,1273,0,3,0,1276,A
1-PB2,1684,1293,1,2,0,1296,A
1-PB2,1685,0,1295,0,0,1295,T
1-PB2,1686,1,1288,0,1,1290,T
1-PB2,1687,0,0,0,1274,1274,C
1-PB2,1688,1268,0,1,0,1269,A
1-PB2,1689,1266,0,0,0,1266,A
1-PB2,1690,0,1267,0,0,1267,T
1-PB2,1691,0,1,1270,0,1271,G
1-PB2,1692,0,0,1276,0,1276,G
1-PB2,1693,0,1287,0,2,1289,T
1-PB2,1694,2,0,0,1297,1299,C
1-PB2,1695,1,1285,1,1,1288,T
1-PB2,1696,0,1,0,1293,1294,C
1-PB2,1697,1300,0,1,0,1301,A
1-PB2,1698,1,0,1304,0,1305,G
1-PB2,1699,1296,2,1,0,1299,A
1-PB2,1700,1304,0,0,0,1304,A
1-PB2,1701,0,1296,0,0,1296,T
1-PB2,1702,1,0,0,1259,1260,C
1-PB2,1703,0,0,0,1287,1287,C
1-PB2,1704,0,1273,0,3,1276,T
1-PB2,1705,38,0,1235,1,1274,G
1-PB2,1706,0,2,0,1284,1286,C
1-PB2,1707,1286,1,0,0,1287,A
1-PB2,1708,1302,0,0,0,1302,A
1-PB2,1709,0,1292,0,0,1292,T
1-PB2,1710,5,17,1299,0,1321,G
1-PB2,1711,0,1332,0,1,1333,T
1-PB2,1712,0,1284,0,0,1284,T
1-PB2,1713,1,0,1294,0,1295,G
1-PB2,1714,0,1290,0,2,1292,T
1-PB2,1715,1295,0,0,0,1295,A
1-PB2,1716,0,1,0,1288,1289,C
1-PB2,1717,1249,0,0,0,1249,A
1-PB2,1718,1262,0,1,0,1263,A
1-PB2,1719,0,0,0,1259,1259,C
1-PB2,1720,1230,0,0,0,1230,A
1-PB2,1721,1235,0,0,0,1235,A
1-PB2,1722,1207,1,1,0,1209,A
1-PB2,1723,1208,0,0,0,1208,A
1-PB2,1724,0,1208,0,1,1209,T
1-PB2,1725,1,0,1204,0,1205,G
1-PB2,1726,0,2,1212,0,1214,G
1-PB2,1727,1202,0,0,0,1202,A
1-PB2,1728,1211,0,2,0,1213,A
1-PB2,1729,0,1215,0,0,1215,T
1-PB2,1730,1,1209,0,0,1210,T
1-PB2,1731,0,1213,0,1,1214,T
1-PB2,1732,0,1,1209,0,1210,G
1-PB2,1733,1213,0,1,0,1214,A
1-PB2,1734,1215,1,0,0,1216,A
1-PB2,1735,1,0,0,1213,1214,C
1-PB2,1736,4,0,0,1194,1198,C
1-PB2,1737,1207,0,1,0,1208,A
1-PB2,1738,0,1217,0,2,1219,T
1-PB2,1739,0,1221,0,0,1221,T
1-PB2,1740,0,1222,0,1,1223,T
1-PB2,1741,2,0,0,1217,1219,C
1-PB2,1742,1207,0,2,0,1209,A
1-PB2,1743,1211,0,2,0,1213,A
1-PB2,1744,0,1212,0,1,1213,T
1-PB2,1745,0,0,0,1244,1244,C
1-PB2,1746,0,1210,0,0,1210,T
1-PB2,1747,0,1215,0,1,1216,T
1-PB2,1748,0,1224,0,0,1224,T
1-PB2,1749,1224,1,0,0,1225,A
1-PB2,1750,2,0,1224,0,1226,G
1-PB2,1751,0,1220,0,2,1222,T
1-PB2,1752,2,0,0,1251,1253,C
1-PB2,1753,1,1,0,1250,1252,C
1-PB2,1754,0,0,0,1243,1243,C
1-PB2,1755,0,2,0,1239,1241,C
1-PB2,1756,1238,0,1,0,1239,A
1-PB2,1757,1225,0,4,0,1229,A
1-PB2,1758,5,0,1258,0,1263,G
1-PB2,1759,0,1,1258,0,1259,G
1-PB2,1760,0,0,0,1259,1259,C
1-PB2,1761,2,0,0,1238,1240,C
1-PB2,1762,1241,0,0,0,1241,A
1-PB2,1763,0,1259,1,2,1262,T
1-PB2,1764,0,1264,0,1,1265,T
1-PB2,1765,1265,0,1,0,1266,A
1-PB2,1766,1,0,1266,0,1267,G
1-PB2,1767,1229,0,0,0,1229,A
1-PB2,1768,1293,0,0,0,1293,A
1-PB2,1769,0,0,1310,0,1310,G
1-PB2,1770,1,1,0,1315,1317,C
1-PB2,1771,0,1,0,1316,1317,C
1-PB2,1772,1294,0,1,0,1295,A
1-PB2,1773,1308,0,1,1,1310,A
1-PB2,1774,0,1316,0,1,1317,T
1-PB2,1775,1329,0,0,0,1329,A
1-PB2,1776,1,0,0,1332,1333,C
1-PB2,1777,1210,0,0,0,1210,A
1-PB2,1778,0,0,1217,0,1217,G
1-PB2,1779,1,1192,0,1,1194,T
1-PB2,1780,0,2,1205,0,1207,G
1-PB2,1781,1,1,1208,0,1210,G
1-PB2,1782,0,0,1204,0,1204,G
1-PB2,1783,0,1182,0,3,1185,T
1-PB2,1784,0,1186,0,0,1186,T
1-PB2,1785,0,1212,0,0,1212,T
1-PB2,1786,0,0,1225,0,1225,G
1-PB2,1787,0,1221,0,3,1224,T
1-PB2,1788,3,1,0,1216,1220,C
1-PB2,1789,1206,0,0,0,1206,A
1-PB2,1790,0,1,1209,0,1210,G
1-PB2,1791,1198,0,0,0,1198,A
1-PB2,1792,1202,0,1,0,1203,A
1-PB2,1793,0,0,0,1205,1205,C
1-PB2,1794,0,1154,0,1,1155,T
1-PB2,1795,2,0,0,1197,1199,C
1-PB2,1796,0,1202,0,0,1202,T
1-PB2,1797,1208,0,0,1,1209,A
1-PB2,1798,0,1203,1,1,1205,T
1-PB2,1799,1,1198,0,1,1200,T
1-PB2,1800,0,0,0,1200,1200,C
1-PB2,1801,0,0,0,1181,1181,C
1-PB2,1802,1173,0,1,0,1174,A
1-PB2,1803,1178,0,0,0,1178,A
1-PB2,1804,0,1,0,1182,1183,C
1-PB2,1805,1174,0,0,0,1174,A
1-PB2,1806,1179,0,0,0,1179,A
1-PB2,1807,1175,0,0,0,1175,A
1-PB2,1808,0,1188,0,0,1188,T
1-PB2,1809,0,1,1184,0,1185,G
1-PB2,1810,1176,0,2,0,1178,A
1-PB2,1811,1,0,1194,0,1195,G
1-PB2,1812,1186,0,1,0,1187,A
1-PB2,1813,0,1,1182,0,1183,G
1-PB2,1814,1178,1,1,0,1180,A
1-PB2,1815,0,0,0,1176,1176,C
1-PB2,1816,1,0,1195,0,1196,G
1-PB2,1817,0,1201,0,1,1202,T
1-PB2,1818,1219,1,1,0,1221,A
1-PB2,1819,0,0,0,1219,1219,C
1-PB2,1820,0,1210,0,0,1210,T
1-PB2,1821,0,1212,0,0,1212,T
1-PB2,1822,0,0,1204,0,1204,G
1-PB2,1823,0,0,1192,0,1192,G
1-PB2,1824,0,2,1198,0,1200,G
1-PB2,1825,1194,0,1,0,1195,A
1-PB2,1826,1,0,0,1194,1195,C
1-PB2,1827,1207,0,0,1,1208,A
1-PB2,1828,0,1212,0,0,1212,T
1-PB2,1829,0,1210,0,0,1210,T
1-PB2,1830,0,1214,1,0,1215,T
1-PB2,1831,0,2,1202,0,1204,G
1-PB2,1832,1201,0,1,0,1202,A
1-PB2,1833,1,0,0,1203,1204,C
1-PB2,1834,1197,1,1,0,1199,A
1-PB2,1835,0,0,0,1205,1205,C
1-PB2,1836,1,0,0,1191,1192,C
1-PB2,1837,1207,0,0,0,1207,A
1-PB2,1838,0,0,0,1213,1213,C
1-PB2,1839,3,2,1,1205,1211,C
1-PB2,1840,2,1,0,1209,1212,C
1-PB2,1841,1209,1,1,0,1211,A
1-PB2,1842,0,0,1229,0,1229,G
1-PB2,1843,1217,0,0,0,1217,A
1-PB2,1844,0,1280,0,0,1280,T
1-PB2,1845,1266,0,1,1,1268,A
1-PB2,1846,1268,0,0,0,1268,A
1-PB2,1847,0,1260,0,0,1260,T
1-PB2,1848,1259,0,0,0,1259,A
1-PB2,1849,1256,0,0,0,1256,A
1-PB2,1850,1243,0,1,0,1244,A
1-PB2,1851,0,2,1267,0,1269,G
1-PB2,1852,0,0,0,1273,1273,C
1-PB2,1853,0,1243,0,1,1244,T
1-PB2,1854,0,1238,0,2,1240,T
1-PB2,1855,0,0,0,1241,1241,C
1-PB2,1856,2,1219,0,1,1222,T
1-PB2,1857,0,0,0,1258,1258,C
1-PB2,1858,1,0,0,1251,1252,C
1-PB2,1859,1,0,0,1247,1248,C
1-PB2,1860,1,0,0,1222,1223,C
1-PB2,1861,0,1251,0,0,1251,T
1-PB2,1862,1,1258,0,1,1260,T
1-PB2,1863,0,1256,0,0,1256,T
1-PB2,1864,0,0,1258,0,1258,G
1-PB2,1865,0,0,0,1258,1258,C
1-PB2,1866,1237,0,3,0,1240,A
1-PB2,1867,0,0,1248,0,1248,G
1-PB2,1868,0,0,0,1244,1244,C
1-PB2,1869,0,1221,0,2,1223,T
1-PB2,1870,0,0,1232,0,1232,G
1-PB2,1871,0,0,0,1228,1228,C
1-PB2,1872,0,1211,0,1,1212,T
1-PB2,1873,4,0,0,1233,1237,C
1-PB2,1874,0,0,0,1242,1242,C
1-PB2,1875,1256,0,1,0,1257,A
1-PB2,1876,0,0,0,1254,1254,C
1-PB2,1877,2,0,0,1240,1242,C
1-PB2,1878,1241,0,1,0,1242,A
1-PB2,1879,1250,0,0,0,1250,A
1-PB2,1880,1257,0,1,0,1258,A
1-PB2,1881,0,0,1263,0,1263,G
1-PB2,1882,0,0,0,1260,1260,C
1-PB2,1883,1250,0,0,0,1250,A
1-PB2,1884,1253,0,0,0,1253,A
1-PB2,1885,1249,3,2,0,1254,A
1-PB2,1886,1,0,1265,0,1266,G
1-PB2,1887,0,1,0,1266,1267,C
1-PB2,1888,1253,0,0,0,1253,A
1-PB2,1889,0,0,1258,0,1258,G
1-PB2,1890,1244,1,0,0,1245,A
1-PB2,1891,1262,0,1,0,1263,A
1-PB2,1892,1,1262,0,0,1263,T
1-PB2,1893,0,0,1260,0,1260,G
1-PB2,1894,0,0,0,1270,1270,C
1-PB2,1895,1246,0,1,0,1247,A
1-PB2,1896,0,2,1263,1,1266,G
1-PB2,1897,0,1260,0,3,1263,T
1-PB2,1898,0,1312,0,1,1313,T
1-PB2,1899,3,0,0,1320,1323,C
1-PB2,1900,0,1298,0,1,1299,T
1-PB2,1901,0,0,0,1326,1326,C
1-PB2,1902,0,1324,0,2,1326,T
1-PB2,1903,0,1324,0,0,1324,T
1-PB2,1904,1,1,0,1325,1327,C
1-PB2,1905,1307,0,1,0,1308,A
1-PB2,1906,1,0,0,1308,1309,C
1-PB2,1907,0,1247,0,3,1250,T
1-PB2,1908,0,3,1257,0,1260,G
1-PB2,1909,1248,0,1,0,1249,A
1-PB2,1910,0,0,0,1275,1275,C
1-PB2,1911,0,1256,0,0,1256,T
1-PB2,1912,0,0,1266,0,1266,G
1-PB2,1913,1,1247,1,1,1250,T
1-PB2,1914,1,1,1265,0,1267,G
1-PB2,1915,1263,0,0,0,1263,A
1-PB2,1916,1283,0,0,0,1283,A
1-PB2,1917,0,1258,0,0,1258,T
1-PB2,1918,0,0,1262,0,1262,G
1-PB2,1919,0,1235,0,0,1235,T
1-PB2,1920,1195,0,0,0,1195,A
1-PB2,1921,1199,1,1,0,1201,A
1-PB2,1922,1,0,1209,0,1210,G
1-PB2,1923,0,1,1214,0,1215,G
1-PB2,1924,1,1,1201,1,1204,G
1-PB2,1925,1,0,1219,0,1220,G
1-PB2,1926,1206,0,0,0,1206,A
1-PB2,1927,0,1209,0,0,1209,T
1-PB2,1928,1,0,0,1205,1206,C
1-PB2,1929,1205,0,3,0,1208,A
1-PB2,1930,0,0,1225,0,1225,G
1-PB2,1931,0,3,1226,0,1229,G
1-PB2,1932,0,1,1231,0,1232,G
1-PB2,1933,1227,0,1,0,1228,A
1-PB2,1934,0,1192,0,1,1193,T
1-PB2,1935,0,0,1193,0,1193,G
1-PB2,1936,1184,0,0,0,1184,A
1-PB2,1937,0,1,1218,0,1219,G
1-PB2,1938,1215,0,0,0,1215,A
1-PB2,1939,1180,0,0,0,1180,A
1-PB2,1940,0,1195,1,0,1196,T
1-PB2,1941,1186,0,1,0,1187,A
1-PB2,1942,0,0,0,1208,1208,C
1-PB2,1943,0,1185,1,1,1187,T
1-PB2,1944,0,1184,0,0,1184,T
1-PB2,1945,1,0,1192,0,1193,G
1-PB2,1946,0,1150,0,0,1150,T
1-PB2,1947,1150,0,0,0,1150,A
1-PB2,1948,1145,0,1,0,1146,A
1-PB2,1949,0,1,1135,0,1136,G
1-PB2,1950,0,2,1143,0,1145,G
1-PB2,1951,0,0,1131,0,1131,G
1-PB2,1952,0,0,1131,0,1131,G
1-PB2,1953,0,0,0,1135,1135,C
1-PB2,1954,1135,0,0,0,1135,A
1-PB2,1955,1166,1,0,0,1167,A
1-PB2,1956,0,1170,0,1,1171,T
1-PB2,1957,0,1169,0,0,1169,T
1-PB2,1958,2,2,0,1195,1199,C
1-PB2,1959,0,1174,0,1,1175,T
1-PB2,1960,0,0,0,1197,1197,C
1-PB2,1961,1,0,0,1197,1198,C
1-PB2,1962,0,1188,0,1,1189,T
1-PB2,1963,1,0,1214,0,1215,G
1-PB2,1964,0,1176,1,2,1179,T
1-PB2,1965,1180,0,0,0,1180,A
1-PB2,1966,0,1184,0,2,1186,T
1-PB2,1967,0,1159,0,0,1159,T
1-PB2,1968,1,1,0,1155,1157,C
1-PB2,1969,1147,0,1,0,1148,A
1-PB2,1970,1165,1,2,0,1168,A
1-PB2,1971,0,0,0,1175,1175,C
1-PB2,1972,0,1144,0,0,1144,T
1-PB2,1973,1142,1,0,0,1143,A
1-PB2,1974,1,0,0,1183,1184,C
1-PB2,1975,1182,1,0,0,1183,A
1-PB2,1976,1183,0,0,0,1183,A
1-PB2,1977,0,0,0,1175,1175,C
1-PB2,1978,1166,0,0,0,1166,A
1-PB2,1979,1149,0,0,0,1149,A
1-PB2,1980,2,1,1148,0,1151,G
1-PB2,1981,1147,0,3,0,1150,A
1-PB2,1982,1,2,0,1145,1148,C
1-PB2,1983,0,1,0,1105,1106,C
1-PB2,1984,1110,1,0,0,1111,A
1-PB2,1985,0,1,0,1151,1152,C
1-PB2,1986,0,1138,0,5,1143,T
1-PB2,1987,1143,0,0,0,1143,A
1-PB2,1988,1145,0,0,0,1145,A
1-PB2,1989,1142,0,0,0,1142,A
1-PB2,1990,1145,0,2,0,1147,A
1-PB2,1991,0,0,1156,0,1156,G
1-PB2,1992,1138,0,0,0,1138,A
1-PB2,1993,0,0,0,1148,1148,C
1-PB2,1994,0,1107,0,0,1107,T
1-PB2,1995,1120,0,0,0,1120,A
1-PB2,1996,1122,0,0,0,1122,A
1-PB2,1997,0,1,0,1119,1120,C
1-PB2,1998,1112,0,0,0,1112,A
1-PB2,1999,1122,0,0,0,1122,A
1-PB2,2000,0,1092,0,0,1092,T
1-PB2,2001,1,1087,0,0,1088,T
1-PB2,2002,1,1,0,1095,1097,C
1-PB2,2003,0,1090,0,0,1090,T
1-PB2,2004,0,1,0,1105,1106,C
1-PB2,2005,0,0,1106,0,1106,G
1-PB2,2006,0,0,1110,0,1110,G
1-PB2,2007,1112,0,0,0,1112,A
1-PB2,2008,1105,0,0,0,1105,A
1-PB2,2009,1110,0,0,0,1110,A
1-PB2,2010,1108,0,1,0,1109,A
1-PB2,2011,0,0,1111,0,1111,G
1-PB2,2012,1107,0,1,0,1108,A
1-PB2,2013,0,1111,0,0,1111,T
1-PB2,2014,0,0,1114,0,1114,G
1-PB2,2015,0,0,0,1107,1107,C
1-PB2,2016,0,0,0,1108,1108,C
1-PB2,2017,0,1,1111,0,1112,G
1-PB2,2018,2,0,1103,0,1105,G
1-PB2,2019,0,0,0,1113,1113,C
1-PB2,2020,1120,1,0,0,1121,A
1-PB2,2021,0,0,0,1125,1125,C
1-PB2,2022,0,1127,0,3,1130,T
1-PB2,2023,0,1121,1,1,1123,T
1-PB2,2024,1,1128,0,1,1130,T
1-PB2,2025,1135,0,0,0,1135,A
1-PB2,2026,1141,0,0,0,1141,A
1-PB2,2027,0,1140,0,0,1140,T
1-PB2,2028,0,1133,0,0,1133,T
1-PB2,2029,2,0,1133,0,1135,G
1-PB2,2030,1117,0,0,0,1117,A
1-PB2,2031,1114,0,2,0,1116,A
1-PB2,2032,1,2,1115,0,1118,G
1-PB2,2033,1133,0,0,0,1133,A
1-PB2,2034,0,1,0,1130,1131,C
1-PB2,2035,0,0,0,1120,1120,C
1-PB2,2036,1,0,0,1126,1127,C
1-PB2,2037,1117,1,0,0,1118,A
1-PB2,2038,0,0,1164,0,1164,G
1-PB2,2039,1158,2,0,0,1160,A
1-PB2,2040,1,1157,0,1,1159,T
1-PB2,2041,0,1,1156,0,1157,G
1-PB2,2042,1126,0,1,0,1127,A
1-PB2,2043,1124,0,0,0,1124,A
1-PB2,2044,1126,0,2,0,1128,A
1-PB2,2045,0,0,1130,0,1130,G
1-PB2,2046,0,0,0,1130,1130,C
1-PB2,2047,1104,0,0,0,1104,A
1-PB2,2048,0,1,0,1116,1117,C
1-PB2,2049,1112,0,1,0,1113,A
1-PB2,2050,0,1103,0,0,1103,T
1-PB2,2051,0,0,0,1114,1114,C
1-PB2,2052,0,1,0,1109,1110,C
1-PB2,2053,0,0,1108,0,1108,G
1-PB2,2054,0,2,1116,0,1118,G
1-PB2,2055,1101,0,0,0,1101,A
1-PB2,2056,0,0,1114,0,1114,G
1-PB2,2057,0,1088,0,1,1089,T
1-PB2,2058,1,1,1089,0,1091,G
1-PB2,2059,0,1,1095,0,1096,G
1-PB2,2060,1070,0,0,1,1071,A
1-PB2,2061,0,1,1069,0,1070,G
1-PB2,2062,0,1050,0,2,1052,T
1-PB2,2063,0,1,0,1048,1049,C
1-PB2,2064,0,1,0,1056,1057,C
1-PB2,2065,1,0,1052,0,1053,G
1-PB2,2066,0,0,0,1045,1045,C
1-PB2,2067,0,0,0,1047,1047,C
1-PB2,2068,0,0,1076,1,1077,G
1-PB2,2069,1,1081,0,0,1082,T
1-PB2,2070,0,0,0,1086,1086,C
1-PB2,2071,0,1082,0,0,1082,T
1-PB2,2072,0,1083,0,1,1084,T
1-PB2,2073,0,1,1083,0,1084,G
1-PB2,2074,1069,0,1,0,1070,A
1-PB2,2075,1,0,1074,0,1075,G
1-PB2,2076,1060,1,0,0,1061,A
1-PB2,2077,1,0,1040,0,1041,G
1-PB2,2078,0,0,1043,0,1043,G
1-PB2,2079,1,0,1034,0,1035,G
1-PB2,2080,0,1026,0,2,1028,T
1-PB2,2081,0,1022,0,0,1022,T
1-PB2,2082,0,1026,1,1,1028,T
1-PB2,2083,0,0,0,1027,1027,C
1-PB2,2084,0,1019,0,0,1019,T
1-PB2,2085,0,2,0,1067,1069,C
1-PB2,2086,1064,0,0,0,1064,A
1-PB2,2087,0,1056,0,0,1056,T
1-PB2,2088,0,1053,0,1,1054,T
1-PB2,2089,1062,0,0,0,1062,A
1-PB2,2090,0,1055,0,0,1055,T
1-PB2,2091,1041,0,0,0,1041,A
1-PB2,2092,0,1,1051,0,1052,G
1-PB2,2093,0,0,1059,0,1059,G
1-PB2,2094,0,996,0,0,996,T
1-PB2,2095,987,0,1,0,988,A
1-PB2,2096,988,0,1,0,989,A
1-PB2,2097,0,0,992,0,992,G
1-PB2,2098,0,0,994,0,994,G
1-PB2,2099,994,0,0,0,994,A
1-PB2,2100,976,0,0,0,976,A
1-PB2,2101,1,3,968,0,972,G
1-PB2,2102,953,0,0,0,953,A
1-PB2,2103,0,0,0,961,961,C
1-PB2,2104,948,0,0,0,948,A
1-PB2,2105,1,0,950,0,951,G
1-PB2,2106,944,0,0,0,944,A
1-PB2,2107,938,0,2,0,940,A
1-PB2,2108,0,3,932,0,935,G
1-PB2,2109,0,0,918,0,918,G
1-PB2,2110,0,952,0,0,952,T
1-PB2,2111,951,0,0,0,951,A
1-PB2,2112,0,0,0,949,949,C
1-PB2,2113,3,1,929,0,933,G
1-PB2,2114,0,0,971,0,971,G
1-PB2,2115,969,0,1,0,970,A
1-PB2,2116,0,0,0,964,964,C
1-PB2,2117,1,0,0,954,955,C
1-PB2,2118,918,0,2,0,920,A
1-PB2,2119,0,1,951,0,952,G
1-PB2,2120,0,0,0,948,948,C
1-PB2,2121,952,0,0,0,952,A
1-PB2,2122,0,949,0,0,949,T
1-PB2,2123,0,893,0,0,893,T
1-PB2,2124,899,0,0,0,899,A
1-PB2,2125,897,0,0,0,897,A
1-PB2,2126,0,0,908,0,908,G
1-PB2,2127,0,0,0,910,910,C
1-PB2,2128,856,0,1,0,857,A
1-PB2,2129,0,881,0,0,881,T
1-PB2,2130,1,0,0,876,877,C
1-PB2,2131,876,0,0,0,876,A
1-PB2,2132,880,0,0,0,880,A
1-PB2,2133,0,878,0,0,878,T
1-PB2,2134,0,0,879,2,881,G
1-PB2,2135,876,0,0,0,876,A
1-PB2,2136,874,0,0,0,874,A
1-PB2,2137,0,0,0,883,883,C
1-PB2,2138,0,825,0,0,825,T
1-PB2,2139,0,0,849,0,849,G
1-PB2,2140,844,0,1,0,845,A
1-PB2,2141,0,0,844,0,844,G
1-PB2,2142,1,842,0,1,844,T
1-PB2,2143,835,0,1,0,836,A
1-PB2,2144,835,0,1,0,836,A
1-PB2,2145,0,0,0,845,845,C
1-PB2,2146,1,0,0,822,823,C
1-PB2,2147,1,808,0,0,809,T
1-PB2,2148,1,779,0,0,780,T
1-PB2,2149,1,0,781,0,782,G
1-PB2,2150,0,0,0,779,779,C
1-PB2,2151,785,0,0,0,785,A
1-PB2,2152,785,0,0,0,785,A
1-PB2,2153,771,0,0,0,771,A
1-PB2,2154,758,0,0,0,758,A
1-PB2,2155,0,2,764,0,766,G
1-PB2,2156,0,0,757,0,757,G
1-PB2,2157,2,1,762,0,765,G
1-PB2,2158,0,0,765,0,765,G
1-PB2,2159,765,0,1,0,766,A
1-PB2,2160,764,1,0,0,765,A
1-PB2,2161,759,0,1,0,760,A
1-PB2,2162,771,0,1,0,772,A
1-PB2,2163,1,0,784,0,785,G
1-PB2,2164,0,0,784,0,784,G
1-PB2,2165,0,1,0,779,780,C
1-PB2,2166,0,768,0,0,768,T
1-PB2,2167,765,0,0,0,765,A
1-PB2,2168,772,0,0,0,772,A
1-PB2,2169,0,769,0,0,769,T
1-PB2,2170,0,0,780,0,780,G
1-PB2,2171,0,759,0,0,759,T
1-PB2,2172,0,0,746,0,746,G
1-PB2,2173,0,0,0,746,746,C
1-PB2,2174,0,741,0,0,741,T
1-PB2,2175,744,0,0,0,744,A
1-PB2,2176,743,0,0,0,743,A
1-PB2,2177,0,734,0,0,734,T
1-PB2,2178,0,0,0,741,741,C
1-PB2,2179,0,0,719,0,719,G
1-PB2,2180,0,0,727,0,727,G
1-PB2,2181,0,0,730,0,730,G
1-PB2,2182,1,0,0,719,720,C
1-PB2,2183,737,0,0,0,737,A
1-PB2,2184,729,0,0,0,729,A
1-PB2,2185,0,0,729,0,729,G
1-PB2,2186,0,1,728,0,729,G
1-PB2,2187,731,0,0,0,731,A
1-PB2,2188,1,0,733,0,734,G
1-PB2,2189,716,0,1,0,717,A
1-PB2,2190,0,0,0,717,717,C
1-PB2,2191,0,0,720,0,720,G
1-PB2,2192,0,716,0,0,716,T
1-PB2,2193,0,0,714,0,714,G
1-PB2,2194,0,1,723,1,725,G
1-PB2,2195,0,703,0,0,703,T
1-PB2,2196,0,0,709,0,709,G
1-PB2,2197,0,691,0,0,691,T
1-PB2,2198,0,686,0,1,687,T
1-PB2,2199,1,1,686,0,688,G
1-PB2,2200,0,1,684,0,685,G
1-PB2,2201,0,685,0,0,685,T
1-PB2,2202,661,0,1,0,662,A
1-PB2,2203,646,0,0,0,646,A
1-PB2,2204,0,628,0,0,628,T
1-PB2,2205,0,0,624,0,624,G
1-PB2,2206,614,0,1,0,615,A
1-PB2,2207,615,0,0,0,615,A
1-PB2,2208,614,0,1,0,615,A
1-PB2,2209,0,1,0,610,611,C
1-PB2,2210,0,0,609,0,609,G
1-PB2,2211,607,0,0,0,607,A
1-PB2,2212,603,0,1,0,604,A
1-PB2,2213,607,0,0,0,607,A
1-PB2,2214,603,0,0,0,603,A
1-PB2,2215,0,0,1,608,609,C
1-PB2,2216,0,0,597,0,597,G
1-PB2,2217,0,0,602,0,602,G
1-PB2,2218,0,1,599,0,600,G
1-PB2,2219,603,0,1,0,604,A
1-PB2,2220,0,0,0,605,605,C
1-PB2,2221,0,595,0,1,596,T
1-PB2,2222,0,0,0,617,617,C
1-PB2,2223,0,614,0,1,615,T
1-PB2,2224,615,0,0,0,615,A
1-PB2,2225,2,0,612,0,614,G
1-PB2,2226,0,0,0,610,610,C
1-PB2,2227,607,0,0,0,607,A
1-PB2,2228,0,603,0,1,604,T
1-PB2,2229,589,0,0,0,589,A
1-PB2,2230,0,0,0,595,595,C
1-PB2,2231,0,501,0,0,501,T
1-PB2,2232,0,501,0,0,501,T
1-PB2,2233,489,0,0,0,489,A
1-PB2,2234,0,0,0,490,490,C
1-PB2,2235,0,482,0,0,482,T
1-PB2,2236,0,0,482,0,482,G
1-PB2,2237,474,0,0,0,474,A
1-PB2,2238,0,0,0,478,478,C
1-PB2,2239,444,0,0,0,444,A
1-PB2,2240,0,0,447,0,447,G
1-PB2,2241,0,0,0,443,443,C
1-PB2,2242,0,0,0,446,446,C
1-PB2,2243,438,0,0,0,438,A
1-PB2,2244,0,0,441,0,441,G
1-PB2,2245,438,0,0,0,438,A
1-PB2,2246,0,0,0,435,435,C
1-PB2,2247,409,0,0,0,409,A
1-PB2,2248,0,0,406,0,406,G
1-PB2,2249,0,0,0,381,381,C
1-PB2,2250,0,0,380,0,380,G
1-PB2,2251,381,0,0,0,381,A
1-PB2,2252,0,0,0,376,376,C
1-PB2,2253,0,0,0,376,376,C
1-PB2,2254,373,0,0,0,373,A
1-PB2,2255,374,0,0,0,374,A
1-PB2,2256,374,0,0,0,374,A
1-PB2,2257,375,0,0,0,375,A
1-PB2,2258,0,0,375,0,375,G
1-PB2,2259,358,0,0,0,358,A
1-PB2,2260,354,0,1,0,355,A
1-PB2,2261,0,352,0,1,353,T
1-PB2,2262,0,356,0,0,356,T
1-PB2,2263,0,0,0,360,360,C
1-PB2,2264,0,0,350,0,350,G
1-PB2,2265,0,0,351,0,351,G
1-PB2,2266,349,0,0,1,350,A
1-PB2,2267,0,334,0,0,334,T
1-PB2,2268,0,0,329,0,329,G
1-PB2,2269,0,0,332,0,332,G
1-PB2,2270,0,0,0,330,330,C
1-PB2,2271,0,1,0,328,329,C
1-PB2,2272,331,0,0,0,331,A
1-PB2,2273,0,328,0,0,328,T
1-PB2,2274,0,0,0,328,328,C
1-PB2,2275,331,0,0,0,331,A
1-PB2,2276,328,0,0,0,328,A
1-PB2,2277,0,324,0,0,324,T
1-PB2,2278,0,296,0,0,296,T
1-PB2,2279,277,0,0,0,277,A
1-PB2,2280,273,0,0,0,273,A
2-PB1,1,499,0,0,0,499,A
2-PB1,2,0,502,0,0,502,T
2-PB1,3,0,0,507,0,507,G
2-PB1,4,0,0,547,0,547,G
2-PB1,5,615,0,1,0,616,A
2-PB1,6,0,656,0,0,656,T
2-PB1,7,1,0,655,4,660,G
2-PB1,8,0,660,0,1,661,T
2-PB1,9,0,0,0,709,709,C
2-PB1,10,713,0,0,0,713,A
2-PB1,11,738,0,0,0,738,A
2-PB1,12,0,738,0,1,739,T
2-PB1,13,0,1,0,745,746,C
2-PB1,14,0,0,0,798,798,C
2-PB1,15,0,0,814,0,814,G
2-PB1,16,934,0,0,0,934,A
2-PB1,17,0,0,0,943,943,C
2-PB1,18,0,928,0,3,931,T
2-PB1,19,0,0,0,1113,1113,C
2-PB1,20,0,1109,0,0,1109,T
2-PB1,21,1126,0,1,1,1128,A
2-PB1,22,0,0,0,1126,1126,C
2-PB1,23,0,1129,0,0,1129,T
2-PB1,24,0,1,1243,0,1244,G
2-PB1,25,0,1256,0,1,1257,T
2-PB1,26,0,1254,0,2,1256,T
2-PB1,27,2,0,0,1252,1254,C
2-PB1,28,2,0,0,1247,1249,C
2-PB1,29,0,1434,0,2,1436,T
2-PB1,30,1452,0,0,0,1452,A
2-PB1,31,1450,0,1,0,1451,A
2-PB1,32,1457,0,1,0,1458,A
2-PB1,33,1,1,1473,0,1475,G
2-PB1,34,1,0,1490,0,1491,G
2-PB1,35,0,1493,0,0,1493,T
2-PB1,36,0,1493,1,1,1495,T
2-PB1,37,1,0,0,1498,1499,C
2-PB1,38,0,0,0,1498,1498,C
2-PB1,39,1498,0,2,0,1500,A
2-PB1,40,0,0,1506,0,1506,G
2-PB1,41,0,0,0,1512,1512,C
2-PB1,42,1,0,1521,0,1522,G
2-PB1,43,0,1,0,1518,1519,C
2-PB1,44,1524,0,0,0,1524,A
2-PB1,45,1526,1,0,0,1527,A
2-PB1,46,1528,0,0,0,1528,A
2-PB1,47,1543,0,1,0,1544,A
2-PB1,48,0,1553,0,0,1553,T
2-PB1,49,0,0,1620,0,1620,G
2-PB1,50,0,0,0,1620,1620,C
2-PB1,51,1,2,0,1633,1636,C
2-PB1,52,1635,0,0,0,1635,A
2-PB1,53,0,1638,0,0,1638,T
2-PB1,54,1756,0,0,0,1756,A
2-PB1,55,1753,0,2,0,1755,A
2-PB1,56,0,1,1834,0,1835,G
2-PB1,57,0,0,0,1839,1839,C
2-PB1,58,1843,0,0,0,1843,A
2-PB1,59,0,0,0,1931,1931,C
2-PB1,60,1929,1,1,1,1932,A
2-PB1,61,2058,0,0,0,2058,A
2-PB1,62,0,0,0,2069,2069,C
2-PB1,63,2057,0,0,0,2057,A
2-PB1,64,0,2085,0,1,2086,T
2-PB1,65,1,2063,0,1,2065,T
2-PB1,66,2,1,0,2629,2632,C
2-PB1,67,0,0,0,2636,2636,C
2-PB1,68,1,0,0,2677,2678,C
2-PB1,69,1,2691,1,1,2694,T
2-PB1,70,0,2686,0,1,2687,T
2-PB1,71,2939,0,0,0,2939,A
2-PB1,72,1,2946,0,6,2953,T
2-PB1,73,2966,0,0,0,2966,A
2-PB1,74,0,0,0,2990,2990,C
2-PB1,75,0,2895,0,6,2901,T
2-PB1,76,2,1,2932,0,2935,G
2-PB1,77,1,1,2940,0,2942,G
2-PB1,78,2915,0,1,0,2916,A
2-PB1,79,0,3,2942,0,2945,G
2-PB1,80,2937,0,0,0,2937,A
2-PB1,81,1,2942,0,0,2943,T
2-PB1,82,0,0,0,3140,3140,C
2-PB1,83,1,0,0,3161,3162,C
2-PB1,84,1,3133,0,11,3145,T
2-PB1,85,0,0,0,3333,3333,C
2-PB1,86,0,1,0,3334,3335,C
2-PB1,87,3362,0,2,0,3364,A
2-PB1,88,0,3356,0,1,3357,T
2-PB1,89,3349,0,4,0,3353,A
2-PB1,90,0,1,0,3361,3362,C
2-PB1,91,3301,0,1,1,3303,A
2-PB1,92,0,0,3467,0,3467,G
2-PB1,93,0,0,0,3485,3485,C
2-PB1,94,1,0,0,3467,3468,C
2-PB1,95,3461,1,2,9,3473,A
2-PB1,96,2,3472,0,2,3476,T
2-PB1,97,0,1,3482,0,3483,G
2-PB1,98,0,4,3685,0,3689,G
2-PB1,99,3708,0,1,0,3709,A
2-PB1,100,3722,0,3,0,3725,A
2-PB1,101,1,2,0,3743,3746,C
2-PB1,102,3692,0,4,0,3696,A
2-PB1,103,1,3,3801,0,3805,G
2-PB1,104,2,3,3859,1,3865,G
2-PB1,105,3866,0,2,0,3868,A
2-PB1,106,3895,0,5,0,3900,A
2-PB1,107,0,0,0,3915,3915,C
2-PB1,108,3870,0,0,0,3870,A
2-PB1,109,0,5,4426,1,4432,G
2-PB1,110,0,3,4414,0,4417,G
2-PB1,111,1,2,4505,0,4508,G
2-PB1,112,1,4492,0,2,4495,T
2-PB1,113,4474,0,5,0,4479,A
2-PB1,114,0,1,0,4507,4508,C
2-PB1,115,4659,1,1,0,4661,A
2-PB1,116,0,0,0,4839,4839,C
2-PB1,117,7,0,0,4769,4776,C
2-PB1,118,4628,0,2,1,4631,A
2-PB1,119,0,4641,0,2,4643,T
2-PB1,120,0,2,4629,0,4631,G
2-PB1,121,1,2,4640,0,4643,G
2-PB1,122,4638,0,9,0,4647,A
2-PB1,123,1,2,0,4659,4662,C
2-PB1,124,4576,1,2,5,4584,A
2-PB1,125,0,1,0,4660,4661,C
2-PB1,126,4630,1,2,13,4646,A
2-PB1,127,3,0,4735,0,4738,G
2-PB1,128,2,4714,0,0,4716,T
2-PB1,129,11,0,1,4890,4902,C
2-PB1,130,4894,0,1,0,4895,A
2-PB1,131,4949,0,3,0,4952,A
2-PB1,132,1,2,0,4950,4953,C
2-PB1,133,4938,0,0,0,4938,A
2-PB1,134,0,4,4996,0,5000,G
2-PB1,135,4916,0,2,0,4918,A
2-PB1,136,4915,1,1,1,4918,A
2-PB1,137,5,0,0,4908,4913,C
2-PB1,138,4822,2,2,0,4826,A
2-PB1,139,0,0,0,4833,4833,C
2-PB1,140,4808,0,1,0,4809,A
2-PB1,141,1,4738,0,2,4741,T
2-PB1,142,3,0,0,5124,5127,C
2-PB1,143,5126,4,0,0,5130,A
2-PB1,144,5195,0,0,0,5195,A
2-PB1,145,0,5270,0,0,5270,T
2-PB1,146,5399,0,1,0,5400,A
2-PB1,147,1,5395,0,1,5397,T
2-PB1,148,1,5308,0,0,5309,T
2-PB1,149,2,5,0,5312,5319,C
2-PB1,150,5213,0,5,1,5219,A
2-PB1,151,0,3,5237,0,5240,G
2-PB1,152,5190,0,2,0,5192,A
2-PB1,153,1,1,5219,1,5222,G
2-PB1,154,5089,1,1,0,5091,A
2-PB1,155,4,4,4999,0,5007,G
2-PB1,156,2,8,4988,0,4998,G
2-PB1,157,1,7,5159,0,5167,G
2-PB1,158,2,0,5163,0,5165,G
2-PB1,159,1,2,5199,0,5202,G
2-PB1,160,5187,2,0,0,5189,A
2-PB1,161,5209,0,1,0,5210,A
2-PB1,162,1,0,5246,0,5247,G
2-PB1,163,0,5212,0,2,5214,T
2-PB1,164,1,1,5171,0,5173,G
2-PB1,165,2,3,5162,0,5167,G
2-PB1,166,5158,1,7,0,5166,A
2-PB1,167,1,4,0,5182,5187,C
2-PB1,168,1,2,5188,0,5191,G
2-PB1,169,5222,1,9,0,5232,A
2-PB1,170,2,1,0,5264,5267,C
2-PB1,171,5229,0,0,0,5229,A
2-PB1,172,5241,0,0,0,5241,A
2-PB1,173,5279,0,0,0,5279,A
2-PB1,174,0,5347,0,3,5350,T
2-PB1,175,5373,1,2,0,5376,A
2-PB1,176,0,1,0,5388,5389,C
2-PB1,177,5332,0,3,0,5335,A
2-PB1,178,0,2,5347,0,5349,G
2-PB1,179,5288,0,1,1,5290,A
2-PB1,180,5340,0,3,0,5343,A
2-PB1,181,5366,2,1,0,5369,A
2-PB1,182,1,0,0,5368,5369,C
2-PB1,183,0,5300,0,3,5303,T
2-PB1,184,2,2,5304,0,5308,G
2-PB1,185,5,8,5272,0,5285,G
2-PB1,186,6,8,5262,0,5276,G
2-PB1,187,6,1,5269,0,5276,G
2-PB1,188,2,1,0,5274,5277,C
2-PB1,189,5273,0,6,0,5279,A
2-PB1,190,1,1,0,5467,5469,C
2-PB1,191,5,0,0,5432,5437,C
2-PB1,192,4,6,0,5422,5432,C
2-PB1,193,4,1,1,5464,5470,C
2-PB1,194,5491,0,0,0,5491,A
2-PB1,195,5544,0,2,0,5546,A
2-PB1,196,1,0,0,5536,5537,C
2-PB1,197,0,5496,0,1,5497,T
2-PB1,198,6,1,0,5517,5524,C
2-PB1,199,5306,0,3,0,5309,A
2-PB1,200,5421,0,2,1,5424,A
2-PB1,201,1,0,0,5398,5399,C
2-PB1,202,4,0,0,5364,5368,C
2-PB1,203,5,1,0,5364,5370,C
2-PB1,204,5331,0,3,0,5334,A
2-PB1,205,5365,0,2,0,5367,A
2-PB1,206,2,5360,2,0,5364,T
2-PB1,207,2,5366,0,0,5368,T
2-PB1,208,0,1,5372,0,5373,G
2-PB1,209,5300,1,1,2,5304,A
2-PB1,210,0,5309,1,1,5311,T
2-PB1,211,0,3,5313,0,5316,G
2-PB1,212,0,4,5361,0,5365,G
2-PB1,213,5410,1,6,0,5417,A
2-PB1,214,3,0,0,5454,5457,C
2-PB1,215,1,8,0,5429,5438,C
2-PB1,216,5431,0,6,1,5438,A
2-PB1,217,3,2,1,5529,5535,C
2-PB1,218,0,5510,0,3,5513,T
2-PB1,219,5577,1,3,0,5581,A
2-PB1,220,1,2,0,5608,5611,C
2-PB1,221,3,0,1,5552,5556,C
2-PB1,222,0,5450,1,4,5455,T
2-PB1,223,0,1,5495,0,5496,G
2-PB1,224,5461,0,6,0,5467,A
2-PB1,225,0,19,5501,1,5521,G
2-PB1,226,1,3,5499,0,5503,G
2-PB1,227,5457,2,2,0,5461,A
2-PB1,228,1,5431,0,0,5432,T
2-PB1,229,5336,0,1,0,5337,A
2-PB1,230,5328,1,2,0,5331,A
2-PB1,231,0,5339,0,0,5339,T
2-PB1,232,0,5,5313,1,5319,G
2-PB1,233,5312,0,1,1,5314,A
2-PB1,234,5292,0,3,0,5295,A
2-PB1,235,1,0,0,5281,5282,C
2-PB1,236,6,0,0,5174,5180,C
2-PB1,237,5190,0,8,0,5198,A
2-PB1,238,5199,1,0,0,5200,A
2-PB1,239,0,0,5232,0,5232,G
2-PB1,240,0,5223,1,1,5225,T
2-PB1,241,1,0,5220,0,5221,G
2-PB1,242,4,2,5295,0,5301,G
2-PB1,243,5267,1,6,1,5275,A
2-PB1,244,0,5265,0,0,5265,T
2-PB1,245,5278,0,0,0,5278,A
2-PB1,246,0,5377,1,0,5378,T
2-PB1,247,2,1,5391,0,5394,G
2-PB1,248,1,1,0,5394,5396,C
2-PB1,249,5392,1,3,0,5396,A
2-PB1,250,0,0,0,5548,5548,C
2-PB1,251,5458,0,2,0,5460,A
2-PB1,252,5561,1,0,0,5562,A
2-PB1,253,5564,0,0,0,5564,A
2-PB1,254,0,0,1,5572,5573,C
2-PB1,255,5404,0,2,0,5406,A
2-PB1,256,2,2,5468,0,5472,G
2-PB1,257,5425,1,4,0,5430,A
2-PB1,258,0,1,0,5448,5449,C
2-PB1,259,2,5200,0,4,5206,T
2-PB1,260,1,0,5318,0,5319,G
2-PB1,261,2,5239,0,1,5242,T
2-PB1,262,1,0,5452,0,5453,G
2-PB1,263,1,5442,0,9,5452,T
2-PB1,264,4,2,2,5439,5447,C
2-PB1,265,1,2,0,5438,5441,C
2-PB1,266,0,5380,0,8,5388,T
2-PB1,267,2,1,5360,0,5363,G
2-PB1,268,0,0,5358,0,5358,G
2-PB1,269,5220,0,15,0,5235,A
2-PB1,270,1,3,5325,1,5330,G
2-PB1,271,2,1,5089,0,5092,G
2-PB1,272,2,0,0,5107,5109,C
2-PB1,273,0,5064,0,3,5067,T
2-PB1,274,5079,3,3,1,5086,A
2-PB1,275,2,5076,0,2,5080,T
2-PB1,276,1,5,5076,0,5082,G
2-PB1,277,0,1,5062,0,5063,G
2-PB1,278,1,2,0,5049,5052,C
2-PB1,279,2,1,1,4945,4949,C
2-PB1,280,0,4878,0,2,4880,T
2-PB1,281,0,5140,0,4,5144,T
2-PB1,282,2,1,0,5153,5156,C
2-PB1,283,2,10,0,5154,5166,C
2-PB1,284,1,5159,0,4,5164,T
2-PB1,285,0,5157,0,0,5157,T
2-PB1,286,0,3,5169,0,5172,G
2-PB1,287,5158,1,4,1,5164,A
2-PB1,288,5176,0,3,0,5179,A
2-PB1,289,0,1,5178,0,5179,G
2-PB1,290,4832,0,2,0,4834,A
2-PB1,291,4897,0,2,0,4899,A
2-PB1,292,1,4875,1,0,4877,T
2-PB1,293,1,0,0,4881,4882,C
2-PB1,294,3,3,0,4872,4878,C
2-PB1,295,2,1,0,4870,4873,C
2-PB1,296,4894,0,4,0,4898,A
2-PB1,297,2,1,1,4920,4924,C
2-PB1,298,1,2,0,4912,4915,C
2-PB1,299,8,2,1,4927,4938,C
2-PB1,300,4862,0,3,0,4865,A
2-PB1,301,0,1,4907,0,4908,G
2-PB1,302,1,0,4938,1,4940,G
2-PB1,303,1,4922,0,2,4925,T
2-PB1,304,4949,0,0,0,4949,A
2-PB1,305,1,4911,2,1,4915,T
2-PB1,306,2,2,0,4927,4931,C
2-PB1,307,0,4930,0,2,4932,T
2-PB1,308,1,4938,0,7,4946,T
2-PB1,309,0,4921,0,0,4921,T
2-PB1,310,1,6,4887,1,4895,G
2-PB1,311,4831,0,6,0,4837,A
2-PB1,312,1,9,4845,0,4855,G
2-PB1,313,4793,0,3,0,4796,A
2-PB1,314,4822,1,0,0,4823,A
2-PB1,315,0,2,0,4851,4853,C
2-PB1,316,2,4751,1,4,4758,T
2-PB1,317,4,1,0,4775,4780,C
2-PB1,318,4783,0,1,1,4785,A
2-PB1,319,1,4763,0,3,4767,T
2-PB1,320,0,0,4790,0,4790,G
2-PB1,321,4,1,0,4849,4854,C
2-PB1,322,2,0,0,4871,4873,C
2-PB1,323,0,4832,1,7,4840,T
2-PB1,324,0,4782,0,4,4786,T
2-PB1,325,0,1,4794,1,4796,G
2-PB1,326,4833,0,4,0,4837,A
2-PB1,327,4833,0,2,0,4835,A
2-PB1,328,4842,1,9,0,4852,A
2-PB1,329,1,1,0,4871,4873,C
2-PB1,330,4724,0,1,1,4726,A
2-PB1,331,4746,0,2,0,4748,A
2-PB1,332,0,4741,0,2,4743,T
2-PB1,333,1,3,4739,0,4743,G
2-PB1,334,2,1,4721,1,4725,G
2-PB1,335,4676,1,2,0,4679,A
2-PB1,336,4659,0,11,1,4671,A
2-PB1,337,1,0,4670,0,4671,G
2-PB1,338,0,8,0,4684,4692,C
2-PB1,339,1,3,0,4645,4649,C
2-PB1,340,2,0,4705,0,4707,G
2-PB1,341,0,4668,0,5,4673,T
2-PB1,342,0,4676,1,2,4679,T
2-PB1,343,4,3,0,4706,4713,C
2-PB1,344,4730,0,1,0,4731,A
2-PB1,345,4775,1,6,0,4782,A
2-PB1,346,0,2,0,4783,4785,C
2-PB1,347,4768,1,1,0,4770,A
2-PB1,348,2,3,4801,1,4807,G
2-PB1,349,4693,0,13,0,4706,A
2-PB1,350,0,0,0,4712,4712,C
2-PB1,351,4699,1,6,0,4706,A
2-PB1,352,4701,0,27,1,4729,A
2-PB1,353,1,5,4771,0,4777,G
2-PB1,354,0,3,4716,0,4719,G
2-PB1,355,0,2,4716,0,4718,G
2-PB1,356,0,4621,0,2,4623,T
2-PB1,357,1,0,4600,0,4601,G
2-PB1,358,0,2,4600,0,4602,G
2-PB1,359,4606,1,13,0,4620,A
2-PB1,360,0,1,0,4620,4621,C
2-PB1,361,4517,2,1,0,4520,A
2-PB1,362,4602,0,3,0,4605,A
2-PB1,363,4601,1,4,0,4606,A
2-PB1,364,1,0,0,4611,4612,C
2-PB1,365,0,4558,1,2,4561,T
2-PB1,366,4552,0,8,0,4560,A
2-PB1,367,4592,0,6,1,4599,A
2-PB1,368,1,1,0,4611,4613,C
2-PB1,369,7,3,0,4587,4597,C
2-PB1,370,4,0,0,4599,4603,C
2-PB1,371,4409,0,0,0,4409,A
2-PB1,372,4413,1,1,0,4415,A
2-PB1,373,0,2,4405,0,4407,G
2-PB1,374,1,1,4419,0,4421,G
2-PB1,375,1,4411,0,1,4413,T
2-PB1,376,4,0,0,4384,4388,C
2-PB1,377,1,0,4371,2,4374,G
2-PB1,378,0,0,0,4373,4373,C
2-PB1,379,6,0,0,4379,4385,C
2-PB1,380,4393,1,0,0,4394,A
2-PB1,381,0,2,4465,0,4467,G
2-PB1,382,4530,0,2,0,4532,A
2-PB1,383,0,1,0,4543,4544,C
2-PB1,384,0,4502,2,2,4506,T
2-PB1,385,0,4502,2,0,4504,T
2-PB1,386,4496,1,1,0,4498,A
2-PB1,387,0,4493,1,28,4522,T
2-PB1,388,1,3,4534,0,4538,G
2-PB1,389,4510,1,3,1,4515,A
2-PB1,390,1,4397,2,2,4402,T
2-PB1,391,0,4222,0,3,4225,T
2-PB1,392,3,5,4203,0,4211,G
2-PB1,393,0,0,4203,1,4204,G
2-PB1,394,4264,1,7,0,4272,A
2-PB1,395,1,1,1,4263,4266,C
2-PB1,396,4199,0,1,0,4200,A
2-PB1,397,0,4163,0,2,4165,T
2-PB1,398,0,4209,1,1,4211,T
2-PB1,399,4227,0,0,0,4227,A
2-PB1,400,4211,0,1,0,4212,A
2-PB1,401,4213,0,13,0,4226,A
2-PB1,402,1,4,0,4239,4244,C
2-PB1,403,4124,0,3,0,4127,A
2-PB1,404,0,2,4162,0,4164,G
2-PB1,405,4106,0,2,0,4108,A
2-PB1,406,4113,0,1,0,4114,A
2-PB1,407,4127,0,4,0,4131,A
2-PB1,408,0,4078,0,1,4079,T
2-PB1,409,4,0,0,4101,4105,C
2-PB1,410,4088,1,1,1,4091,A
2-PB1,411,4106,1,1,1,4109,A
2-PB1,412,0,0,0,4093,4093,C
2-PB1,413,2,1,0,4070,4073,C
2-PB1,414,0,1,4065,0,4066,G
2-PB1,415,7,1,4064,0,4072,G
2-PB1,416,0,0,1,4075,4076,C
2-PB1,417,4073,2,2,1,4078,A
2-PB1,418,1,0,4078,0,4079,G
2-PB1,419,0,1,0,4116,4117,C
2-PB1,420,4106,0,1,1,4108,A
2-PB1,421,4116,0,3,1,4120,A
2-PB1,422,0,1,0,4121,4122,C
2-PB1,423,1,4091,2,0,4094,T
2-PB1,424,0,0,4266,0,4266,G
2-PB1,425,1,0,0,4256,4257,C
2-PB1,426,4275,1,0,0,4276,A
2-PB1,427,0,4261,0,0,4261,T
2-PB1,428,0,4192,0,0,4192,T
2-PB1,429,4440,1,1,0,4442,A
2-PB1,430,1,0,4435,0,4436,G
2-PB1,431,2,3,0,4408,4413,C
2-PB1,432,2,0,1,4434,4437,C
2-PB1,433,4223,0,1,0,4224,A
2-PB1,434,4253,0,3,0,4256,A
2-PB1,435,0,1,0,4261,4262,C
2-PB1,436,4261,0,2,0,4263,A
2-PB1,437,2,0,0,4411,4413,C
2-PB1,438,2,1,0,4109,4112,C
2-PB1,439,4098,1,1,0,4100,A
2-PB1,440,1,4090,1,1,4093,T
2-PB1,441,4104,0,3,0,4107,A
2-PB1,442,0,5,4103,0,4108,G
2-PB1,443,4063,1,1,1,4066,A
2-PB1,444,4006,0,0,0,4006,A
2-PB1,445,0,0,4066,0,4066,G
2-PB1,446,0,3822,0,2,3824,T
2-PB1,447,0,3824,0,1,3825,T
2-PB1,448,1,3823,1,1,3826,T
2-PB1,449,0,3832,1,0,3833,T
2-PB1,450,0,3847,0,0,3847,T
2-PB1,451,3852,0,0,0,3852,A
2-PB1,452,0,4,3839,0,3843,G
2-PB1,453,3818,1,1,0,3820,A
2-PB1,454,0,3795,3,1,3799,T
2-PB1,455,2,0,0,3749,3751,C
2-PB1,456,1,0,3768,0,3769,G
2-PB1,457,3758,0,1,0,3759,A
2-PB1,458,3760,1,2,0,3763,A
2-PB1,459,0,3,0,3794,3797,C
2-PB1,460,0,3,3779,0,3782,G
2-PB1,461,0,3,3966,0,3969,G
2-PB1,462,3969,0,2,1,3972,A
2-PB1,463,0,3964,1,1,3966,T
2-PB1,464,0,3939,0,1,3940,T
2-PB1,465,3969,0,1,0,3970,A
2-PB1,466,3966,0,3,0,3969,A
2-PB1,467,1,5,0,3986,3992,C
2-PB1,468,3945,0,4,0,3949,A
2-PB1,469,0,1,3985,0,3986,G
2-PB1,470,0,0,0,3799,3799,C
2-PB1,471,0,3784,0,2,3786,T
2-PB1,472,3810,0,1,0,3811,A
2-PB1,473,3809,0,1,4,3814,A
2-PB1,474,0,3814,0,2,3816,T
2-PB1,475,1,3,3853,1,3858,G
2-PB1,476,3822,1,3,0,3826,A
2-PB1,477,3845,0,0,0,3845,A
2-PB1,478,0,3750,0,0,3750,T
2-PB1,479,1,0,0,3775,3776,C
2-PB1,480,3761,0,4,1,3766,A
2-PB1,481,2,2,3779,0,3783,G
2-PB1,482,0,2,3772,1,3775,G
2-PB1,483,3757,0,3,1,3761,A
2-PB1,484,3710,1,8,0,3719,A
2-PB1,485,0,2,3929,0,3931,G
2-PB1,486,1,1,3946,0,3948,G
2-PB1,487,0,0,0,3938,3938,C
2-PB1,488,0,3935,2,3,3940,T
2-PB1,489,3944,0,2,0,3946,A
2-PB1,490,3943,1,3,0,3947,A
2-PB1,491,0,3951,0,0,3951,T
2-PB1,492,3955,0,1,0,3956,A
2-PB1,493,1,3,3975,0,3979,G
2-PB1,494,3646,0,0,0,3646,A
2-PB1,495,1,3611,0,2,3614,T
2-PB1,496,1,3574,0,5,3580,T
2-PB1,497,1,3576,0,0,3577,T
2-PB1,498,1,0,0,3687,3688,C
2-PB1,499,3,0,0,3697,3700,C
2-PB1,500,0,3656,0,2,3658,T
2-PB1,501,0,1,0,3687,3688,C
2-PB1,502,3687,1,3,0,3691,A
2-PB1,503,3707,0,1,0,3708,A
2-PB1,504,0,2,3727,0,3729,G
2-PB1,505,0,3,3778,0,3781,G
2-PB1,506,3754,0,5,0,3759,A
2-PB1,507,3,3615,0,0,3618,T
2-PB1,508,0,3,3670,0,3673,G
2-PB1,509,1,3649,0,0,3650,T
2-PB1,510,1,1,3683,0,3685,G
2-PB1,511,3660,0,6,1,3667,A
2-PB1,512,0,3651,1,2,3654,T
2-PB1,513,2,4,3651,1,3658,G
2-PB1,514,0,2,3646,1,3649,G
2-PB1,515,3654,0,4,0,3658,A
2-PB1,516,3667,1,1,0,3669,A
2-PB1,517,3,3621,0,1,3625,T
2-PB1,518,1,1,0,3646,3648,C
2-PB1,519,3628,1,1,0,3630,A
2-PB1,520,3632,2,3,1,3638,A
2-PB1,521,0,3627,0,2,3629,T
2-PB1,522,3,4,3667,0,3674,G
2-PB1,523,1,3,3684,0,3688,G
2-PB1,524,3675,0,1,0,3676,A
2-PB1,525,0,3677,2,1,3680,T
2-PB1,526,3684,0,1,0,3685,A
2-PB1,527,3679,0,2,0,3681,A
2-PB1,528,3679,0,7,1,3687,A
2-PB1,529,0,4,3761,0,3765,G
2-PB1,530,3705,1,6,0,3712,A
2-PB1,531,0,1,3726,0,3727,G
2-PB1,532,2,4,3705,0,3711,G
2-PB1,533,3669,1,2,0,3672,A
2-PB1,534,3678,1,1,2,3682,A
2-PB1,535,3699,0,0,0,3699,A
2-PB1,536,0,3701,0,0,3701,T
2-PB1,537,0,2,3788,0,3790,G
2-PB1,538,0,6,3775,0,3781,G
2-PB1,539,3706,0,5,0,3711,A
2-PB1,540,1,1,3760,1,3763,G
2-PB1,541,3691,1,18,0,3710,A
2-PB1,542,0,3781,0,3,3784,T
2-PB1,543,3798,0,2,0,3800,A
2-PB1,544,3846,1,2,0,3849,A
2-PB1,545,3,0,0,3862,3865,C
2-PB1,546,3773,0,1,0,3774,A
2-PB1,547,3788,0,2,0,3790,A
2-PB1,548,0,0,1,3782,3783,C
2-PB1,549,3740,1,4,0,3745,A
2-PB1,550,1,1,0,3759,3761,C
2-PB1,551,3670,0,3,0,3673,A
2-PB1,552,0,0,0,3733,3733,C
2-PB1,553,0,3663,0,0,3663,T
2-PB1,554,0,3630,10,4,3644,T
2-PB1,555,0,3648,0,0,3648,T
2-PB1,556,4,0,0,3652,3656,C
2-PB1,557,3676,0,1,0,3677,A
2-PB1,558,3684,1,1,0,3686,A
2-PB1,559,3670,0,2,0,3672,A
2-PB1,560,0,2,3745,0,3747,G
2-PB1,561,3672,0,0,0,3672,A
2-PB1,562,3692,0,0,0,3692,A
2-PB1,563,3693,0,1,0,3694,A
2-PB1,564,3693,1,4,0,3698,A
2-PB1,565,3688,1,9,0,3698,A
2-PB1,566,1,1,3741,0,3743,G
2-PB1,567,1,3,3737,0,3741,G
2-PB1,568,3651,0,4,0,3655,A
2-PB1,569,10,1,3769,0,3780,G
2-PB1,570,3726,1,19,0,3746,A
2-PB1,571,1,0,3879,0,3880,G
2-PB1,572,0,3840,2,0,3842,T
2-PB1,573,3863,0,2,0,3865,A
2-PB1,574,3854,0,5,1,3860,A
2-PB1,575,1,2,3875,0,3878,G
2-PB1,576,1,4,3907,0,3912,G
2-PB1,577,1,3,3909,0,3913,G
2-PB1,578,3856,2,4,1,3863,A
2-PB1,579,0,0,1,3889,3890,C
2-PB1,580,3768,1,5,0,3774,A
2-PB1,581,3795,0,3,0,3798,A
2-PB1,582,0,2,0,3794,3796,C
2-PB1,583,3786,0,6,0,3792,A
2-PB1,584,0,3747,0,2,3749,T
2-PB1,585,1,6,3715,1,3723,G
2-PB1,586,3728,1,6,0,3735,A
2-PB1,587,4,2,0,3708,3714,C
2-PB1,588,4,0,0,3681,3685,C
2-PB1,589,3701,0,0,0,3701,A
2-PB1,590,3693,0,3,0,3696,A
2-PB1,591,0,1,3712,0,3713,G
2-PB1,592,3715,1,0,0,3716,A
2-PB1,593,3713,0,0,0,3713,A
2-PB1,594,3683,0,0,0,3683,A
2-PB1,595,3685,0,1,0,3686,A
2-PB1,596,1,3707,0,3,3711,T
2-PB1,597,1,5,3713,0,3719,G
2-PB1,598,0,2,3718,0,3720,G
2-PB1,599,0,3693,1,8,3702,T
2-PB1,600,5,1,0,3675,3681,C
2-PB1,601,3729,0,1,1,3731,A
2-PB1,602,1,2,0,3934,3937,C
2-PB1,603,4015,0,0,0,4015,A
2-PB1,604,0,0,0,4034,4034,C
2-PB1,605,3993,2,1,0,3996,A
2-PB1,606,4148,1,4,0,4153,A
2-PB1,607,4103,1,7,0,4111,A
2-PB1,608,0,1,4294,0,4295,G
2-PB1,609,476,3,3625,0,4104,G
2-PB1,610,4259,0,5,1,4265,A
2-PB1,611,2,1,0,4407,4410,C
2-PB1,612,4423,0,1,0,4424,A
2-PB1,613,4445,1,2,0,4448,A
2-PB1,614,1,4412,0,0,4413,T
2-PB1,615,4377,0,4,0,4381,A
2-PB1,616,1,3,4389,0,4393,G
2-PB1,617,2,5,4229,1,4237,G
2-PB1,618,1,4,4241,0,4246,G
2-PB1,619,4231,2,4,0,4237,A
2-PB1,620,4171,1,1,1,4174,A
2-PB1,621,1,2,4226,1,4230,G
2-PB1,622,4190,1,1,0,4192,A
2-PB1,623,4198,0,6,0,4204,A
2-PB1,624,4195,0,0,0,4195,A
2-PB1,625,4219,1,1,1,4222,A
2-PB1,626,4318,0,2,0,4320,A
2-PB1,627,4339,0,1,2,4342,A
2-PB1,628,0,0,0,4356,4356,C
2-PB1,629,4340,1,1,0,4342,A
2-PB1,630,4335,0,0,0,4335,A
2-PB1,631,4321,0,4,1,4326,A
2-PB1,632,0,5,4415,0,4420,G
2-PB1,633,4401,1,0,1,4403,A
2-PB1,634,1,0,4619,1,4621,G
2-PB1,635,0,4564,0,0,4564,T
2-PB1,636,0,5,5276,0,5281,G
2-PB1,637,5271,1,6,1,5279,A
2-PB1,638,5277,1,5,1,5284,A
2-PB1,639,1,5358,2,1,5362,T
2-PB1,640,5381,0,1,1,5383,A
2-PB1,641,5380,0,9,0,5389,A
2-PB1,642,6,5,5396,0,5407,G
2-PB1,643,5251,1,4,0,5256,A
2-PB1,644,0,2,5313,0,5315,G
2-PB1,645,4984,1,8,0,4993,A
2-PB1,646,2,0,5047,0,5049,G
2-PB1,647,2,2,5022,0,5026,G
2-PB1,648,2,1,0,5036,5039,C
2-PB1,649,0,4995,0,4,4999,T
2-PB1,650,5175,0,0,0,5175,A
2-PB1,651,1,0,0,5440,5441,C
2-PB1,652,3,2,1,5458,5464,C
2-PB1,653,0,5466,0,6,5472,T
2-PB1,654,5668,0,1,1,5670,A
2-PB1,655,5660,1,1,0,5662,A
2-PB1,656,0,5661,0,0,5661,T
2-PB1,657,5671,0,1,0,5672,A
2-PB1,658,5646,1,1,0,5648,A
2-PB1,659,1,6,5671,0,5678,G
2-PB1,660,5463,0,2,1,5466,A
2-PB1,661,0,1,5561,0,5562,G
2-PB1,662,1,1,0,5579,5581,C
2-PB1,663,1,5459,2,5,5467,T
2-PB1,664,0,5470,0,3,5473,T
2-PB1,665,0,5483,0,1,5484,T
2-PB1,666,1,4,5476,0,5481,G
2-PB1,667,5599,1,3,0,5603,A
2-PB1,668,1,0,0,5637,5638,C
2-PB1,669,5601,0,3,0,5604,A
2-PB1,670,0,5580,0,5,5585,T
2-PB1,671,1,5524,0,4,5529,T
2-PB1,672,1,8,5631,0,5640,G
2-PB1,673,5616,0,3,2,5621,A
2-PB1,674,5637,0,1,0,5638,A
2-PB1,675,0,2,0,5650,5652,C
2-PB1,676,5619,1,1,0,5621,A
2-PB1,677,0,2,2,5608,5612,C
2-PB1,678,7,8,5588,0,5603,G
2-PB1,679,5617,0,3,0,5620,A
2-PB1,680,1,5619,0,3,5623,T
2-PB1,681,2,14,5743,1,5760,G
2-PB1,682,5763,1,7,1,5772,A
2-PB1,683,2,2,0,5790,5794,C
2-PB1,684,7,0,0,5771,5778,C
2-PB1,685,5792,0,2,0,5794,A
2-PB1,686,5844,0,4,3,5851,A
2-PB1,687,5840,0,11,0,5851,A
2-PB1,688,0,3,5991,1,5995,G
2-PB1,689,6062,1,8,0,6071,A
2-PB1,690,0,5950,0,1,5951,T
2-PB1,691,1,1,5943,0,5945,G
2-PB1,692,2,4,0,5917,5923,C
2-PB1,693,5910,0,6,0,5916,A
2-PB1,694,2,0,5974,0,5976,G
2-PB1,695,5855,1,3,1,5860,A
2-PB1,696,1,3,5898,1,5903,G
2-PB1,697,5721,2,5,0,5728,A
2-PB1,698,0,3,5759,0,5762,G
2-PB1,699,5599,1,7,0,5607,A
2-PB1,700,1,2,5622,0,5625,G
2-PB1,701,2,1,5620,0,5623,G
2-PB1,702,0,0,0,5615,5615,C
2-PB1,703,5584,2,0,0,5586,A
2-PB1,704,5598,1,0,1,5600,A
2-PB1,705,5614,0,2,0,5616,A
2-PB1,706,0,5612,1,1,5614,T
2-PB1,707,0,5591,0,2,5593,T
2-PB1,708,5609,2,2,0,5613,A
2-PB1,709,5593,0,0,1,5594,A
2-PB1,710,5614,0,3,0,5617,A
2-PB1,711,5628,1,0,1,5630,A
2-PB1,712,5630,0,5,1,5636,A
2-PB1,713,1,4,5635,0,5640,G
2-PB1,714,5573,1,5,0,5579,A
2-PB1,715,5567,0,1,1,5569,A
2-PB1,716,0,7,5659,0,5666,G
2-PB1,717,2,1,5736,1,5740,G
2-PB1,718,5,2,5740,0,5747,G
2-PB1,719,0,0,0,5810,5810,C
2-PB1,720,0,5797,0,6,5803,T
2-PB1,721,5839,0,2,1,5842,A
2-PB1,722,1,5932,1,2,5936,T
2-PB1,723,1,5934,0,2,5937,T
2-PB1,724,2,0,5965,0,5967,G
2-PB1,725,0,7,0,5903,5910,C
2-PB1,726,5728,0,14,0,5742,A
2-PB1,727,5745,0,4,0,5749,A
2-PB1,728,0,0,0,5734,5734,C
2-PB1,729,5724,0,3,0,5727,A
2-PB1,730,3,0,0,5732,5735,C
2-PB1,731,2,0,0,5584,5586,C
2-PB1,732,6,4,0,5609,5619,C
2-PB1,733,2,5,5590,2,5599,G
2-PB1,734,2,4,5581,0,5587,G
2-PB1,735,0,2,5613,0,5615,G
2-PB1,736,5611,1,4,0,5616,A
2-PB1,737,1,5588,0,3,5592,T
2-PB1,738,2,0,5622,0,5624,G
2-PB1,739,2,2,0,5583,5587,C
2-PB1,740,5669,1,1,0,5671,A
2-PB1,741,5736,0,2,0,5738,A
2-PB1,742,5804,1,2,0,5807,A
2-PB1,743,0,5787,0,1,5788,T
2-PB1,744,1,5792,0,4,5797,T
2-PB1,745,5751,0,3,0,5754,A
2-PB1,746,0,2,5756,1,5759,G
2-PB1,747,5690,1,15,0,5706,A
2-PB1,748,2,7,5742,1,5752,G
2-PB1,749,0,4,5634,0,5638,G
2-PB1,750,5,3,5783,0,5791,G
2-PB1,751,0,5743,0,3,5746,T
2-PB1,752,2,5747,0,1,5750,T
2-PB1,753,9,9,0,5731,5749,C
2-PB1,754,2,0,5851,0,5853,G
2-PB1,755,0,5820,1,9,5830,T
2-PB1,756,1,0,5833,0,5834,G
2-PB1,757,0,5815,0,2,5817,T
2-PB1,758,5778,0,0,0,5778,A
2-PB1,759,3,1,0,5753,5757,C
2-PB1,760,0,5399,0,1,5400,T
2-PB1,761,1,5432,0,1,5434,T
2-PB1,762,1,1,0,5403,5405,C
2-PB1,763,0,0,5386,0,5386,G
2-PB1,764,0,5366,0,0,5366,T
2-PB1,765,1,5344,1,15,5361,T
2-PB1,766,0,4,5349,0,5353,G
2-PB1,767,5338,0,1,0,5339,A
2-PB1,768,5332,1,8,0,5341,A
2-PB1,769,5396,1,4,0,5401,A
2-PB1,770,0,0,0,5411,5411,C
2-PB1,771,1,5366,0,2,5369,T
2-PB1,772,0,5324,1,10,5335,T
2-PB1,773,0,5354,0,0,5354,T
2-PB1,774,5423,1,7,0,5431,A
2-PB1,775,1,3,5442,1,5447,G
2-PB1,776,0,0,0,5458,5458,C
2-PB1,777,0,5440,1,6,5447,T
2-PB1,778,5372,1,1,0,5374,A
2-PB1,779,0,3,5363,0,5366,G
2-PB1,780,5350,0,0,0,5350,A
2-PB1,781,5359,1,5,1,5366,A
2-PB1,782,1,0,5382,0,5383,G
2-PB1,783,1,0,0,5258,5259,C
2-PB1,784,5264,0,0,1,5265,A
2-PB1,785,1,5231,2,0,5234,T
2-PB1,786,1,5244,0,0,5245,T
2-PB1,787,0,5240,0,2,5242,T
2-PB1,788,1,0,5267,0,5268,G
2-PB1,789,1,2,0,5245,5248,C
2-PB1,790,5,2,5250,1,5258,G
2-PB1,791,5246,2,2,0,5250,A
2-PB1,792,5231,0,2,0,5233,A
2-PB1,793,5237,0,7,0,5244,A
2-PB1,794,5457,0,10,0,5467,A
2-PB1,795,1,1,5565,0,5567,G
2-PB1,796,2,0,0,5571,5573,C
2-PB1,797,0,5568,0,1,5569,T
2-PB1,798,0,5505,2,52,5559,T
2-PB1,799,0,9,5552,0,5561,G
2-PB1,800,5557,0,7,1,5565,A
2-PB1,801,5568,0,2,0,5570,A
2-PB1,802,1,2,0,5580,5583,C
2-PB1,803,5353,0,2,0,5355,A
2-PB1,804,0,0,5855,0,5855,G
2-PB1,805,3,5788,0,0,5791,T
2-PB1,806,12,1,0,5801,5814,C
2-PB1,807,1,5820,0,11,5832,T
2-PB1,808,2,3,5827,0,5832,G
2-PB1,809,3,5,5828,0,5836,G
2-PB1,810,5848,0,2,1,5851,A
2-PB1,811,0,1,0,5861,5862,C
2-PB1,812,0,5617,0,1,5618,T
2-PB1,813,0,5214,0,1,5215,T
2-PB1,814,0,1,0,5203,5204,C
2-PB1,815,2,2,0,5205,5209,C
2-PB1,816,5,3,5244,0,5252,G
2-PB1,817,1,1,5274,0,5276,G
2-PB1,818,1,5197,0,3,5201,T
2-PB1,819,0,5203,1,3,5207,T
2-PB1,820,1,2,5171,1,5175,G
2-PB1,821,1,3,5196,1,5201,G
2-PB1,822,1,5,5241,1,5248,G
2-PB1,823,1,4,5253,0,5258,G
2-PB1,824,0,0,5294,0,5294,G
2-PB1,825,1,5187,0,43,5231,T
2-PB1,826,5201,1,1,0,5203,A
2-PB1,827,5255,0,1,0,5256,A
2-PB1,828,0,5244,1,5,5250,T
2-PB1,829,3,5,5265,0,5273,G
2-PB1,830,5202,1,1,1,5205,A
2-PB1,831,5128,1,3,0,5132,A
2-PB1,832,5147,1,1,0,5149,A
2-PB1,833,5143,0,7,1,5151,A
2-PB1,834,1,0,5142,0,5143,G
2-PB1,835,5084,1,4,0,5089,A
2-PB1,836,5046,1,6,0,5053,A
2-PB1,837,2,1,5079,0,5082,G
2-PB1,838,2,1,5059,1,5063,G
2-PB1,839,6,2,0,5048,5056,C
2-PB1,840,3,3,1,5048,5055,C
2-PB1,841,5069,0,3,1,5073,A
2-PB1,842,5065,1,0,3,5069,A
2-PB1,843,5063,2,1,0,5066,A
2-PB1,844,1,1,0,5086,5088,C
2-PB1,845,0,5067,1,3,5071,T
2-PB1,846,2,2,5123,0,5127,G
2-PB1,847,5,0,5121,0,5126,G
2-PB1,848,1,2,0,5117,5120,C
2-PB1,849,5129,0,3,0,5132,A
2-PB1,850,5121,2,2,1,5126,A
2-PB1,851,5134,0,1,0,5135,A
2-PB1,852,0,5140,0,4,5144,T
2-PB1,853,0,0,5165,0,5165,G
2-PB1,854,1,5128,0,3,5132,T
2-PB1,855,1,5007,0,2,5010,T
2-PB1,856,0,0,5032,0,5032,G
2-PB1,857,0,4997,0,4,5001,T
2-PB1,858,0,2,5018,0,5020,G
2-PB1,859,5014,2,3,1,5020,A
2-PB1,860,1,4,5037,1,5043,G
2-PB1,861,5030,0,1,0,5031,A
2-PB1,862,4997,4,1,1,5003,A
2-PB1,863,5009,0,1,0,5010,A
2-PB1,864,5023,0,2,0,5025,A
2-PB1,865,5042,0,6,0,5048,A
2-PB1,866,1,5029,0,1,5031,T
2-PB1,867,2,2,5022,0,5026,G
2-PB1,868,5005,1,5,1,5012,A
2-PB1,869,2,4950,0,0,4952,T
2-PB1,870,0,3,5001,0,5004,G
2-PB1,871,5005,1,3,0,5009,A
2-PB1,872,0,0,0,5085,5085,C
2-PB1,873,1,5055,1,4,5061,T
2-PB1,874,5027,0,3,1,5031,A
2-PB1,875,5097,1,2,0,5100,A
2-PB1,876,1,5066,0,0,5067,T
2-PB1,877,0,5116,0,1,5117,T
2-PB1,878,4,1,1,5137,5143,C
2-PB1,879,5125,1,1,0,5127,A
2-PB1,880,4,1,0,5134,5139,C
2-PB1,881,5040,2,2,1,5045,A
2-PB1,882,5052,0,8,1,5061,A
2-PB1,883,3,2,5060,0,5065,G
2-PB1,884,5126,0,7,0,5133,A
2-PB1,885,0,5,0,5110,5115,C
2-PB1,886,5062,1,3,0,5066,A
2-PB1,887,0,1,0,5069,5070,C
2-PB1,888,4998,0,3,0,5001,A
2-PB1,889,1,2,5021,1,5025,G
2-PB1,890,4958,1,12,0,4971,A
2-PB1,891,2,0,5024,0,5026,G
2-PB1,892,0,1,0,4999,5000,C
2-PB1,893,2,4844,0,12,4858,T
2-PB1,894,1,4917,0,0,4918,T
2-PB1,895,0,4898,1,1,4900,T
2-PB1,896,3,2,0,4931,4936,C
2-PB1,897,1,4933,1,4,4939,T
2-PB1,898,2,4876,0,4,4882,T
2-PB1,899,1,4872,0,6,4879,T
2-PB1,900,5,3,0,4875,4883,C
2-PB1,901,4879,0,1,0,4880,A
2-PB1,902,2,0,0,4920,4922,C
2-PB1,903,4835,0,0,0,4835,A
2-PB1,904,4870,0,1,1,4872,A
2-PB1,905,0,4944,0,5,4949,T
2-PB1,906,6,0,0,5045,5051,C
2-PB1,907,5052,0,2,0,5054,A
2-PB1,908,0,2,0,5092,5094,C
2-PB1,909,1,5051,0,2,5054,T
2-PB1,910,0,6,5082,0,5088,G
2-PB1,911,4,3,5038,0,5045,G
2-PB1,912,2,7,5210,1,5220,G
2-PB1,913,0,3,5219,0,5222,G
2-PB1,914,5136,0,2,0,5138,A
2-PB1,915,3,5,0,4929,4937,C
2-PB1,916,5005,0,4,0,5009,A
2-PB1,917,5334,0,4,0,5338,A
2-PB1,918,0,0,0,5377,5377,C
2-PB1,919,5366,0,5,0,5371,A
2-PB1,920,1,0,0,5374,5375,C
2-PB1,921,1,5062,2,1,5066,T
2-PB1,922,5098,0,3,0,5101,A
2-PB1,923,5079,0,4,0,5083,A
2-PB1,924,0,1,5144,0,5145,G
2-PB1,925,0,5101,0,3,5104,T
2-PB1,926,1,1,4739,0,4741,G
2-PB1,927,0,1,4692,0,4693,G
2-PB1,928,4674,2,1,0,4677,A
2-PB1,929,4697,0,2,0,4699,A
2-PB1,930,0,4681,0,1,4682,T
2-PB1,931,0,3,4669,0,4672,G
2-PB1,932,4671,1,1,0,4673,A
2-PB1,933,4573,1,0,0,4574,A
2-PB1,934,4602,0,3,0,4605,A
2-PB1,935,4626,0,1,0,4627,A
2-PB1,936,1,4587,0,1,4589,T
2-PB1,937,5,4,0,4598,4607,C
2-PB1,938,4610,1,0,0,4611,A
2-PB1,939,4595,1,1,0,4597,A
2-PB1,940,4599,1,1,0,4601,A
2-PB1,941,4586,1,2,0,4589,A
2-PB1,942,3,0,0,4612,4615,C
2-PB1,943,3,0,0,4574,4577,C
2-PB1,944,6,5,0,4556,4567,C
2-PB1,945,1,4540,1,5,4547,T
2-PB1,946,2,1,0,4565,4568,C
2-PB1,947,1,4,4553,1,4559,G
2-PB1,948,4557,1,6,0,4564,A
2-PB1,949,4570,1,4,0,4575,A
2-PB1,950,0,4570,0,1,4571,T
2-PB1,951,2,1,4600,0,4603,G
2-PB1,952,0,4535,0,6,4541,T
2-PB1,953,0,4546,1,1,4548,T
2-PB1,954,0,4535,0,1,4536,T
2-PB1,955,0,4538,0,4,4542,T
2-PB1,956,1,4545,0,0,4546,T
2-PB1,957,1,3,4534,0,4538,G
2-PB1,958,0,2,4515,0,4517,G
2-PB1,959,0,5,0,4509,4514,C
2-PB1,960,5,1,4476,1,4483,G
2-PB1,961,4485,0,2,1,4488,A
2-PB1,962,0,4687,0,1,4688,T
2-PB1,963,3,5,4813,0,4821,G
2-PB1,964,5034,0,1,0,5035,A
2-PB1,965,0,5068,2,3,5073,T
2-PB1,966,0,4970,0,115,5085,T
2-PB1,967,5113,0,5,2,5120,A
2-PB1,968,0,2,0,5125,5127,C
2-PB1,969,5101,1,24,0,5126,A
2-PB1,970,1,5109,0,1,5111,T
2-PB1,971,4780,1,2,0,4783,A
2-PB1,972,0,1,0,4801,4802,C
2-PB1,973,4278,0,1,0,4279,A
2-PB1,974,1,4242,0,2,4245,T
2-PB1,975,3,0,0,4252,4255,C
2-PB1,976,4231,0,2,0,4233,A
2-PB1,977,1,1,0,4233,4235,C
2-PB1,978,4212,1,2,0,4215,A
2-PB1,979,4187,0,4,0,4191,A
2-PB1,980,4196,0,0,0,4196,A
2-PB1,981,0,8,4030,0,4038,G
2-PB1,982,4253,1,0,1,4255,A
2-PB1,983,4266,1,5,0,4272,A
2-PB1,984,2,4266,1,4,4273,T
2-PB1,985,6,3,0,4261,4270,C
2-PB1,986,4272,1,0,1,4274,A
2-PB1,987,4296,0,4,0,4300,A
2-PB1,988,1,0,0,4300,4301,C
2-PB1,989,3,0,0,4293,4296,C
2-PB1,990,0,4006,0,3,4009,T
2-PB1,991,0,6,4028,0,4034,G
2-PB1,992,3996,0,3,1,4000,A
2-PB1,993,1,1,4023,0,4025,G
2-PB1,994,0,4017,0,0,4017,T
2-PB1,995,0,3,3931,0,3934,G
2-PB1,996,1,1,4165,0,4167,G
2-PB1,997,1,4127,0,3,4131,T
2-PB1,998,0,4117,0,2,4119,T
2-PB1,999,3,1,0,4128,4132,C
2-PB1,1000,4087,0,1,0,4088,A
2-PB1,1001,0,2,4142,0,4144,G
2-PB1,1002,4131,1,2,0,4134,A
2-PB1,1003,4129,0,4,0,4133,A
2-PB1,1004,4099,1,1,0,4101,A
2-PB1,1005,0,1,0,3664,3665,C
2-PB1,1006,3649,0,2,0,3651,A
2-PB1,1007,0,3697,0,1,3698,T
2-PB1,1008,2,0,0,3879,3881,C
2-PB1,1009,1,1,0,3876,3878,C
2-PB1,1010,0,3708,1,2,3711,T
2-PB1,1011,0,3591,110,1,3702,T
2-PB1,1012,3700,0,0,0,3700,A
2-PB1,1013,0,1,3742,0,3743,G
2-PB1,1014,1,3,0,3737,3741,C
2-PB1,1015,3603,1,2,0,3606,A
2-PB1,1016,0,3564,0,2,3566,T
2-PB1,1017,1,0,0,3456,3457,C
2-PB1,1018,0,0,3446,0,3446,G
2-PB1,1019,2,1,0,3558,3561,C
2-PB1,1020,3599,0,1,0,3600,A
2-PB1,1021,4,2,0,3745,3751,C
2-PB1,1022,3,1,0,3739,3743,C
2-PB1,1023,3749,0,3,0,3752,A
2-PB1,1024,3805,0,1,0,3806,A
2-PB1,1025,1,3812,0,0,3813,T
2-PB1,1026,3812,0,1,0,3813,A
2-PB1,1027,3795,1,1,0,3797,A
2-PB1,1028,0,3676,0,3,3679,T
2-PB1,1029,1,0,3697,0,3698,G
2-PB1,1030,0,3609,0,6,3615,T
2-PB1,1031,0,3581,0,5,3586,T
2-PB1,1032,4,1,0,3590,3595,C
2-PB1,1033,0,3556,0,3,3559,T
2-PB1,1034,3,0,0,3567,3570,C
2-PB1,1035,3574,0,1,0,3575,A
2-PB1,1036,3572,0,1,0,3573,A
2-PB1,1037,3589,1,0,0,3590,A
2-PB1,1038,0,3,0,3584,3587,C
2-PB1,1039,3580,1,0,0,3581,A
2-PB1,1040,3576,1,3,1,3581,A
2-PB1,1041,3547,0,1,1,3549,A
2-PB1,1042,3568,0,2,1,3571,A
2-PB1,1043,1,3567,0,0,3568,T
2-PB1,1044,4,6,3575,0,3585,G
2-PB1,1045,2,3,3565,0,3570,G
2-PB1,1046,0,2,0,3568,3570,C
2-PB1,1047,3544,0,8,0,3552,A
2-PB1,1048,3568,0,2,0,3570,A
2-PB1,1049,1,0,3581,0,3582,G
2-PB1,1050,3544,0,2,0,3546,A
2-PB1,1051,0,3522,0,2,3524,T
2-PB1,1052,0,3592,0,2,3594,T
2-PB1,1053,1,2,3657,0,3660,G
2-PB1,1054,0,5,3653,0,3658,G
2-PB1,1055,2,2,3686,0,3690,G
2-PB1,1056,3693,0,1,1,3695,A
2-PB1,1057,3682,0,1,0,3683,A
2-PB1,1058,3724,0,2,0,3726,A
2-PB1,1059,3699,0,4,0,3703,A
2-PB1,1060,3,2,3848,0,3853,G
2-PB1,1061,2,2,3848,0,3852,G
2-PB1,1062,3850,1,6,0,3857,A
2-PB1,1063,0,3850,0,2,3852,T
2-PB1,1064,3844,0,16,1,3861,A
2-PB1,1065,0,1,0,3868,3869,C
2-PB1,1066,3905,0,4,0,3909,A
2-PB1,1067,1,3894,0,1,3896,T
2-PB1,1068,0,0,3919,0,3919,G
2-PB1,1069,1,3838,0,5,3844,T
2-PB1,1070,0,3833,0,2,3835,T
2-PB1,1071,5,4,1,3810,3820,C
2-PB1,1072,0,5,3826,0,3831,G
2-PB1,1073,3821,0,4,0,3825,A
2-PB1,1074,1,3,3934,0,3938,G
2-PB1,1075,3843,0,8,0,3851,A
2-PB1,1076,0,1,3924,0,3925,G
2-PB1,1077,0,3904,0,2,3906,T
2-PB1,1078,3885,0,1,0,3886,A
2-PB1,1079,3887,0,7,0,3894,A
2-PB1,1080,1,5,3912,0,3918,G
2-PB1,1081,3881,0,5,2,3888,A
2-PB1,1082,3,1,3957,0,3961,G
2-PB1,1083,3863,0,3,0,3866,A
2-PB1,1084,3900,0,2,0,3902,A
2-PB1,1085,1,3856,0,1,3858,T
2-PB1,1086,1,1,3856,0,3858,G
2-PB1,1087,3858,0,8,0,3866,A
2-PB1,1088,3824,0,6,0,3830,A
2-PB1,1089,0,0,3850,0,3850,G
2-PB1,1090,1,2,0,3817,3820,C
2-PB1,1091,0,3766,0,4,3770,T
2-PB1,1092,3,1,0,3793,3797,C
2-PB1,1093,2,2,0,3792,3796,C
2-PB1,1094,5,1,3798,0,3804,G
2-PB1,1095,1,3,3792,0,3796,G
2-PB1,1096,3808,0,3,0,3811,A
2-PB1,1097,0,0,0,3877,3877,C
2-PB1,1098,3892,0,1,0,3893,A
2-PB1,1099,1,0,0,3930,3931,C
2-PB1,1100,3929,0,1,0,3930,A
2-PB1,1101,3914,2,13,0,3929,A
2-PB1,1102,3919,1,3,1,3924,A
2-PB1,1103,0,3935,0,0,3935,T
2-PB1,1104,3935,1,2,0,3938,A
2-PB1,1105,3,4,0,3925,3932,C
2-PB1,1106,0,1,0,3894,3895,C
2-PB1,1107,2,3806,1,12,3821,T
2-PB1,1108,2,0,3857,0,3859,G
2-PB1,1109,2,4,0,3857,3863,C
2-PB1,1110,3870,0,0,0,3870,A
2-PB1,1111,1,1,3866,0,3868,G
2-PB1,1112,3841,1,1,0,3843,A
2-PB1,1113,3837,0,0,0,3837,A
2-PB1,1114,3848,0,4,0,3852,A
2-PB1,1115,0,3842,0,1,3843,T
2-PB1,1116,1,1,3842,0,3844,G
2-PB1,1117,1,2,0,3842,3845,C
2-PB1,1118,0,3837,0,2,3839,T
2-PB1,1119,3883,1,3,0,3887,A
2-PB1,1120,0,1,3880,0,3881,G
2-PB1,1121,3,0,0,3872,3875,C
2-PB1,1122,3879,1,1,0,3881,A
2-PB1,1123,3862,1,1,0,3864,A
2-PB1,1124,1,1,3852,0,3854,G
2-PB1,1125,1,0,0,3834,3835,C
2-PB1,1126,3804,1,1,0,3806,A
2-PB1,1127,0,3906,0,1,3907,T
2-PB1,1128,0,3912,0,1,3913,T
2-PB1,1129,2,2,4044,0,4048,G
2-PB1,1130,4097,0,7,0,4104,A
2-PB1,1131,1,1,1,4085,4088,C
2-PB1,1132,0,0,1,4103,4104,C
2-PB1,1133,0,3993,3,4,4000,T
2-PB1,1134,1,2,4090,0,4093,G
2-PB1,1135,4085,0,2,0,4087,A
2-PB1,1136,4097,0,1,0,4098,A
2-PB1,1137,9,0,4159,0,4168,G
2-PB1,1138,0,4031,0,1,4032,T
2-PB1,1139,4037,1,2,0,4040,A
2-PB1,1140,0,4011,1,2,4014,T
2-PB1,1141,2,4006,0,2,4010,T
2-PB1,1142,0,4001,0,1,4002,T
2-PB1,1143,4,0,0,3953,3957,C
2-PB1,1144,3962,2,2,0,3966,A
2-PB1,1145,3964,0,1,0,3965,A
2-PB1,1146,1,3889,0,3,3893,T
2-PB1,1147,0,4,3901,1,3906,G
2-PB1,1148,3883,3,2,0,3888,A
2-PB1,1149,3886,1,2,0,3889,A
2-PB1,1150,1,3845,1,0,3847,T
2-PB1,1151,1,0,0,3905,3906,C
2-PB1,1152,3907,0,2,1,3910,A
2-PB1,1153,3921,0,1,0,3922,A
2-PB1,1154,0,1,0,3902,3903,C
2-PB1,1155,3908,0,0,0,3908,A
2-PB1,1156,3891,0,3,0,3894,A
2-PB1,1157,2,2,3880,0,3884,G
2-PB1,1158,1,1,3925,0,3927,G
2-PB1,1159,3909,0,1,0,3910,A
2-PB1,1160,3905,0,6,0,3911,A
2-PB1,1161,3,3,3914,0,3920,G
2-PB1,1162,3894,0,3,2,3899,A
2-PB1,1163,3908,0,1,5,3914,A
2-PB1,1164,3915,1,0,0,3916,A
2-PB1,1165,3909,0,4,1,3914,A
2-PB1,1166,0,3898,1,1,3900,T
2-PB1,1167,0,3855,1,1,3857,T
2-PB1,1168,0,5,3869,0,3874,G
2-PB1,1169,3843,2,4,0,3849,A
2-PB1,1170,1,1,3863,0,3865,G
2-PB1,1171,3869,1,0,0,3870,A
2-PB1,1172,3892,0,1,1,3894,A
2-PB1,1173,3942,1,2,0,3945,A
2-PB1,1174,3970,1,0,0,3971,A
2-PB1,1175,0,3964,0,0,3964,T
2-PB1,1176,3963,0,1,0,3964,A
2-PB1,1177,3949,0,7,1,3957,A
2-PB1,1178,1,0,3985,0,3986,G
2-PB1,1179,4,1,3974,0,3979,G
2-PB1,1180,2,0,0,3965,3967,C
2-PB1,1181,1,0,0,3943,3944,C
2-PB1,1182,0,3921,1,5,3927,T
2-PB1,1183,2,1,0,4454,4457,C
2-PB1,1184,0,4511,1,3,4515,T
2-PB1,1185,1,4532,0,1,4534,T
2-PB1,1186,23,1,0,4614,4638,C
2-PB1,1187,1,4605,1,4,4611,T
2-PB1,1188,4629,0,1,0,4630,A
2-PB1,1189,4615,1,3,0,4619,A
2-PB1,1190,0,4613,0,0,4613,T
2-PB1,1191,4632,0,1,0,4633,A
2-PB1,1192,0,2,4535,0,4537,G
2-PB1,1193,4098,0,0,0,4098,A
2-PB1,1194,1,4109,1,1,4112,T
2-PB1,1195,0,3,4051,0,4054,G
2-PB1,1196,1,0,4100,0,4101,G
2-PB1,1197,0,1,0,4094,4095,C
2-PB1,1198,4111,0,1,0,4112,A
2-PB1,1199,2,1,0,4111,4114,C
2-PB1,1200,4050,0,8,1,4059,A
2-PB1,1201,2,0,4190,0,4192,G
2-PB1,1202,0,1,1,4169,4171,C
2-PB1,1203,4193,0,2,0,4195,A
2-PB1,1204,0,4307,0,4,4311,T
2-PB1,1205,3,1,0,4267,4271,C
2-PB1,1206,4301,0,1,1,4303,A
2-PB1,1207,0,4282,0,3,4285,T
2-PB1,1208,0,4280,0,2,4282,T
2-PB1,1209,3,4,4249,0,4256,G
2-PB1,1210,4109,0,4,0,4113,A
2-PB1,1211,0,2,4288,0,4290,G
2-PB1,1212,0,3,1,4253,4257,C
2-PB1,1213,4,5,0,4178,4187,C
2-PB1,1214,4,1,0,4252,4257,C
2-PB1,1215,0,4194,1,10,4205,T
2-PB1,1216,1,1,4524,0,4526,G
2-PB1,1217,0,1,4625,0,4626,G
2-PB1,1218,4608,0,9,0,4617,A
2-PB1,1219,4804,1,3,2,4810,A
2-PB1,1220,1,4660,0,0,4661,T
2-PB1,1221,1,3,4820,0,4824,G
2-PB1,1222,4860,0,3,0,4863,A
2-PB1,1223,0,4898,0,2,4900,T
2-PB1,1224,4,4,4920,0,4928,G
2-PB1,1225,4854,0,8,1,4863,A
2-PB1,1226,0,4826,0,0,4826,T
2-PB1,1227,1,4,4824,0,4829,G
2-PB1,1228,2,2,4882,1,4887,G
2-PB1,1229,3,0,4904,0,4907,G
2-PB1,1230,5,3,0,4861,4869,C
2-PB1,1231,4864,3,3,0,4870,A
2-PB1,1232,0,4903,0,1,4904,T
2-PB1,1233,1,0,5074,0,5075,G
2-PB1,1234,0,5077,0,7,5084,T
2-PB1,1235,1,5107,0,2,5110,T
2-PB1,1236,3,1,0,5107,5111,C
2-PB1,1237,5075,1,3,0,5079,A
2-PB1,1238,5112,0,2,0,5114,A
2-PB1,1239,0,2,0,5112,5114,C
2-PB1,1240,5150,0,3,0,5153,A
2-PB1,1241,0,5151,1,1,5153,T
2-PB1,1242,0,0,5224,0,5224,G
2-PB1,1243,3,3,0,5225,5231,C
2-PB1,1244,0,5218,0,4,5222,T
2-PB1,1245,5278,1,0,0,5279,A
2-PB1,1246,5255,0,3,1,5259,A
2-PB1,1247,0,0,5415,0,5415,G
2-PB1,1248,0,5391,0,0,5391,T
2-PB1,1249,5372,0,2,0,5374,A
2-PB1,1250,0,2,0,5428,5430,C
2-PB1,1251,1,2,5426,0,5429,G
2-PB1,1252,4,0,5809,0,5813,G
2-PB1,1253,0,5797,0,4,5801,T
2-PB1,1254,0,5774,0,4,5778,T
2-PB1,1255,0,5781,2,1,5784,T
2-PB1,1256,0,5764,0,1,5765,T
2-PB1,1257,5769,1,14,1,5785,A
2-PB1,1258,2,2,5765,0,5769,G
2-PB1,1259,0,8,5737,1,5746,G
2-PB1,1260,5625,0,6,1,5632,A
2-PB1,1261,0,0,5618,0,5618,G
2-PB1,1262,1,5667,0,9,5677,T
2-PB1,1263,6,0,0,5680,5686,C
2-PB1,1264,1,5678,1,2,5682,T
2-PB1,1265,3,0,1,5699,5703,C
2-PB1,1266,5,3,5706,0,5714,G
2-PB1,1267,5924,0,2,0,5926,A
2-PB1,1268,1,5957,1,1,5960,T
2-PB1,1269,5986,0,0,1,5987,A
2-PB1,1270,0,1,0,5977,5978,C
2-PB1,1271,2,5876,0,11,5889,T
2-PB1,1272,1,7,5884,0,5892,G
2-PB1,1273,5872,1,1,0,5874,A
2-PB1,1274,5975,0,1,2,5978,A
2-PB1,1275,0,5970,0,0,5970,T
2-PB1,1276,3,0,0,5847,5850,C
2-PB1,1277,0,5793,1,10,5804,T
2-PB1,1278,0,5800,0,2,5802,T
2-PB1,1279,2,4,5800,0,5806,G
2-PB1,1280,2,4,5814,0,5820,G
2-PB1,1281,5797,0,10,0,5807,A
2-PB1,1282,0,1,0,5808,5809,C
2-PB1,1283,5718,1,0,0,5719,A
2-PB1,1284,5764,0,0,0,5764,A
2-PB1,1285,5794,0,0,0,5794,A
2-PB1,1286,5801,0,6,0,5807,A
2-PB1,1287,1,2,5937,0,5940,G
2-PB1,1288,5934,0,7,0,5941,A
2-PB1,1289,5951,0,1,0,5952,A
2-PB1,1290,5955,0,7,0,5962,A
2-PB1,1291,0,5945,0,2,5947,T
2-PB1,1292,5963,1,4,0,5968,A
2-PB1,1293,1,2,0,6172,6175,C
2-PB1,1294,6133,0,6,1,6140,A
2-PB1,1295,1,0,0,6176,6177,C
2-PB1,1296,6,0,0,6094,6100,C
2-PB1,1297,6064,2,6,2,6074,A
2-PB1,1298,6151,3,8,0,6162,A
2-PB1,1299,1,3,6379,0,6383,G
2-PB1,1300,6458,0,6,0,6464,A
2-PB1,1301,0,0,0,6520,6520,C
2-PB1,1302,6353,0,5,1,6359,A
2-PB1,1303,6574,0,5,0,6579,A
2-PB1,1304,1,3,0,6617,6621,C
2-PB1,1305,6718,1,3,0,6722,A
2-PB1,1306,0,6739,0,2,6741,T
2-PB1,1307,6697,0,4,0,6701,A
2-PB1,1308,0,2,0,6819,6821,C
2-PB1,1309,0,6602,0,6,6608,T
2-PB1,1310,3,6,6691,2,6702,G
2-PB1,1311,1,2,6716,0,6719,G
2-PB1,1312,2,6557,0,3,6562,T
2-PB1,1313,1,8,6529,0,6538,G
2-PB1,1314,1,4,6467,1,6473,G
2-PB1,1315,1,3,6509,0,6513,G
2-PB1,1316,6479,1,6,0,6486,A
2-PB1,1317,0,6384,1,1,6386,T
2-PB1,1318,4,6,6343,1,6354,G
2-PB1,1319,1,1,6331,1,6334,G
2-PB1,1320,5,2,6368,3,6378,G
2-PB1,1321,0,2,0,6468,6470,C
2-PB1,1322,2,6387,1,11,6401,T
2-PB1,1323,5,1,0,6472,6478,C
2-PB1,1324,4,1,0,6454,6459,C
2-PB1,1325,6463,0,2,0,6465,A
2-PB1,1326,6452,0,1,6,6459,A
2-PB1,1327,1,6409,0,5,6415,T
2-PB1,1328,3,1,0,6406,6410,C
2-PB1,1329,3,1,2,6373,6379,C
2-PB1,1330,1,6321,0,1,6323,T
2-PB1,1331,5,1,0,6286,6292,C
2-PB1,1332,5,1,0,6293,6299,C
2-PB1,1333,3,1,6313,1,6318,G
2-PB1,1334,6313,0,0,0,6313,A
2-PB1,1335,1,5,0,6306,6312,C
2-PB1,1336,2,3,6307,0,6312,G
2-PB1,1337,6340,0,1,0,6341,A
2-PB1,1338,0,6331,1,3,6335,T
2-PB1,1339,1,6326,0,1,6328,T
2-PB1,1340,0,6343,0,1,6344,T
2-PB1,1341,1,6342,1,1,6345,T
2-PB1,1342,1,2,6370,0,6373,G
2-PB1,1343,0,6,0,6386,6392,C
2-PB1,1344,5,4,1,6366,6376,C
2-PB1,1345,6,1,0,6602,6609,C
2-PB1,1346,0,6444,0,18,6462,T
2-PB1,1347,4,1,0,6704,6709,C
2-PB1,1348,6762,0,6,2,6770,A
2-PB1,1349,0,6799,0,4,6803,T
2-PB1,1350,6787,0,2,0,6789,A
2-PB1,1351,2,1,6834,0,6837,G
2-PB1,1352,1,6758,2,4,6765,T
2-PB1,1353,6,6,6787,0,6799,G
2-PB1,1354,6551,1,3,0,6555,A
2-PB1,1355,6539,0,8,1,6548,A
2-PB1,1356,1,6264,0,2,6267,T
2-PB1,1357,1,1,6253,0,6255,G
2-PB1,1358,2,4,1,6289,6296,C
2-PB1,1359,6320,2,4,0,6326,A
2-PB1,1360,2,2,0,6329,6333,C
2-PB1,1361,7,1,0,6263,6271,C
2-PB1,1362,6218,0,1,1,6220,A
2-PB1,1363,6228,1,1,0,6230,A
2-PB1,1364,6211,1,1,0,6213,A
2-PB1,1365,0,6049,0,5,6054,T
2-PB1,1366,6,1,0,6297,6304,C
2-PB1,1367,6299,0,3,0,6302,A
2-PB1,1368,1,6290,0,1,6292,T
2-PB1,1369,8,2,6307,0,6317,G
2-PB1,1370,6294,0,11,1,6306,A
2-PB1,1371,1,11,6371,1,6384,G
2-PB1,1372,2,4,6379,0,6385,G
2-PB1,1373,3,4,6385,0,6392,G
2-PB1,1374,6324,0,8,0,6332,A
2-PB1,1375,6442,0,2,2,6446,A
2-PB1,1376,1,6448,0,3,6452,T
2-PB1,1377,6460,1,6,0,6467,A
2-PB1,1378,1,2,0,6472,6475,C
2-PB1,1379,6491,0,1,0,6492,A
2-PB1,1380,6467,1,12,0,6480,A
2-PB1,1381,2,1,6473,0,6476,G
2-PB1,1382,0,2,0,6422,6424,C
2-PB1,1383,6369,2,5,0,6376,A
2-PB1,1384,1,2,6467,1,6471,G
2-PB1,1385,0,4,6456,2,6462,G
2-PB1,1386,6401,1,6,0,6408,A
2-PB1,1387,4,7,6460,0,6471,G
2-PB1,1388,0,6340,0,1,6341,T
2-PB1,1389,2,5,6439,0,6446,G
2-PB1,1390,1,3,6470,0,6474,G
2-PB1,1391,6452,1,5,1,6459,A
2-PB1,1392,0,6469,0,1,6470,T
2-PB1,1393,6336,0,0,0,6336,A
2-PB1,1394,2,3,6394,0,6399,G
2-PB1,1395,6462,0,2,1,6465,A
2-PB1,1396,0,6472,0,7,6479,T
2-PB1,1397,1,6434,0,1,6436,T
2-PB1,1398,4,0,0,6702,6706,C
2-PB1,1399,0,6658,0,2,6660,T
2-PB1,1400,6668,1,1,1,6671,A
2-PB1,1401,3,6,0,6658,6667,C
2-PB1,1402,6516,1,5,1,6523,A
2-PB1,1403,0,1,6515,0,6516,G
2-PB1,1404,4,9,6366,0,6379,G
2-PB1,1405,6476,0,2,0,6478,A
2-PB1,1406,1,0,0,6467,6468,C
2-PB1,1407,4,0,2,6241,6247,C
2-PB1,1408,2,6206,1,15,6224,T
2-PB1,1409,4,0,6248,1,6253,G
2-PB1,1410,1,0,0,6237,6238,C
2-PB1,1411,6261,0,5,0,6266,A
2-PB1,1412,6318,1,9,0,6328,A
2-PB1,1413,2,0,6349,1,6352,G
2-PB1,1414,0,6219,0,3,6222,T
2-PB1,1415,0,6224,0,0,6224,T
2-PB1,1416,6110,0,25,0,6135,A
2-PB1,1417,1,0,6176,0,6177,G
2-PB1,1418,0,6135,0,8,6143,T
2-PB1,1419,2,4,6122,0,6128,G
2-PB1,1420,1,4,6093,0,6098,G
2-PB1,1421,4,3,6134,2,6143,G
2-PB1,1422,6115,1,8,0,6124,A
2-PB1,1423,6155,0,1,0,6156,A
2-PB1,1424,0,6125,0,3,6128,T
2-PB1,1425,6,3,0,6136,6145,C
2-PB1,1426,6139,3,3,0,6145,A
2-PB1,1427,6170,0,3,1,6174,A
2-PB1,1428,1,1,0,6150,6152,C
2-PB1,1429,6151,1,1,0,6153,A
2-PB1,1430,0,6006,2,2,6010,T
2-PB1,1431,0,9,6009,1,6019,G
2-PB1,1432,5984,3,12,0,5999,A
2-PB1,1433,4,1,6061,0,6066,G
2-PB1,1434,0,1,0,6040,6041,C
2-PB1,1435,6038,1,2,0,6041,A
2-PB1,1436,6037,1,2,0,6040,A
2-PB1,1437,6036,0,0,0,6036,A
2-PB1,1438,6077,0,0,1,6078,A
2-PB1,1439,6054,0,31,0,6085,A
2-PB1,1440,5,0,6080,0,6085,G
2-PB1,1441,5996,0,5,0,6001,A
2-PB1,1442,5927,1,9,0,5937,A
2-PB1,1443,0,0,6194,0,6194,G
2-PB1,1444,1,6160,0,9,6170,T
2-PB1,1445,4,1,0,6170,6175,C
2-PB1,1446,6,4,0,6186,6196,C
2-PB1,1447,1,6154,0,1,6156,T
2-PB1,1448,6291,0,1,0,6292,A
2-PB1,1449,1,6271,0,0,6272,T
2-PB1,1450,6257,7,4,0,6268,A
2-PB1,1451,0,6278,1,1,6280,T
2-PB1,1452,6145,0,1,1,6147,A
2-PB1,1453,6125,1,1,1,6128,A
2-PB1,1454,6123,0,0,0,6123,A
2-PB1,1455,1,6106,1,3,6111,T
2-PB1,1456,6039,0,0,0,6039,A
2-PB1,1457,6046,1,3,0,6050,A
2-PB1,1458,6056,0,3,0,6059,A
2-PB1,1459,6070,0,3,1,6074,A
2-PB1,1460,0,3,2,6082,6087,C
2-PB1,1461,5799,1,0,0,5800,A
2-PB1,1462,0,5,5793,0,5798,G
2-PB1,1463,6,3,5781,0,5790,G
2-PB1,1464,2,2,5802,0,5806,G
2-PB1,1465,5769,0,5,0,5774,A
2-PB1,1466,0,1,0,5855,5856,C
2-PB1,1467,5817,0,1,0,5818,A
2-PB1,1468,0,5860,0,0,5860,T
2-PB1,1469,0,5825,1,5,5831,T
2-PB1,1470,0,5858,1,1,5860,T
2-PB1,1471,2,4,5856,0,5862,G
2-PB1,1472,5796,2,6,1,5805,A
2-PB1,1473,5829,0,3,2,5834,A
2-PB1,1474,0,5841,0,0,5841,T
2-PB1,1475,3,5694,0,6,5703,T
2-PB1,1476,4,0,0,5760,5764,C
2-PB1,1477,5718,0,3,0,5721,A
2-PB1,1478,0,3,0,5725,5728,C
2-PB1,1479,4,5719,1,0,5724,T
2-PB1,1480,5718,0,1,0,5719,A
2-PB1,1481,1,2,5718,0,5721,G
2-PB1,1482,2,1,0,5705,5708,C
2-PB1,1483,0,5644,0,8,5652,T
2-PB1,1484,0,5729,1,1,5731,T
2-PB1,1485,0,5713,0,0,5713,T
2-PB1,1486,3,5709,0,2,5714,T
2-PB1,1487,1,5693,0,9,5703,T
2-PB1,1488,0,5692,1,1,5694,T
2-PB1,1489,0,5677,1,4,5682,T
2-PB1,1490,5674,2,1,0,5677,A
2-PB1,1491,1,5650,0,0,5651,T
2-PB1,1492,1,3,0,5671,5675,C
2-PB1,1493,1,1,5698,0,5700,G
2-PB1,1494,5867,2,2,3,5874,A
2-PB1,1495,0,5908,0,0,5908,T
2-PB1,1496,5892,0,3,0,5895,A
2-PB1,1497,0,5969,0,1,5970,T
2-PB1,1498,1,3,5956,0,5960,G
2-PB1,1499,1,3,6020,0,6024,G
2-PB1,1500,6007,0,5,0,6012,A
2-PB1,1501,0,5944,0,6,5950,T
2-PB1,1502,1,5901,1,0,5903,T
2-PB1,1503,1,5735,0,0,5736,T
2-PB1,1504,3,1,5745,0,5749,G
2-PB1,1505,0,5744,0,1,5745,T
2-PB1,1506,0,2,5692,0,5694,G
2-PB1,1507,2,2,5719,0,5723,G
2-PB1,1508,2,1,0,5660,5663,C
2-PB1,1509,1,5683,0,4,5688,T
2-PB1,1510,5709,0,3,0,5712,A
2-PB1,1511,5761,0,1,0,5762,A
2-PB1,1512,1,5792,1,0,5794,T
2-PB1,1513,0,5789,0,0,5789,T
2-PB1,1514,1,5801,0,0,5802,T
2-PB1,1515,0,5803,0,3,5806,T
2-PB1,1516,5788,0,6,0,5794,A
2-PB1,1517,4,1,5835,0,5840,G
2-PB1,1518,1,4,0,5842,5847,C
2-PB1,1519,5841,0,1,0,5842,A
2-PB1,1520,0,5781,1,1,5783,T
2-PB1,1521,0,5,5717,0,5722,G
2-PB1,1522,0,4,5794,0,5798,G
2-PB1,1523,5751,1,7,0,5759,A
2-PB1,1524,1,3,5789,0,5793,G
2-PB1,1525,1,4,0,5767,5772,C
2-PB1,1526,0,5709,0,8,5717,T
2-PB1,1527,2,1,5771,0,5774,G
2-PB1,1528,0,3,0,5725,5728,C
2-PB1,1529,6,4,0,5727,5737,C
2-PB1,1530,7,2,0,5758,5767,C
2-PB1,1531,5603,1,4,0,5608,A
2-PB1,1532,1,1,6047,0,6049,G
2-PB1,1533,0,6020,1,2,6023,T
2-PB1,1534,0,6026,0,1,6027,T
2-PB1,1535,2,6038,0,1,6041,T
2-PB1,1536,0,5967,0,3,5970,T
2-PB1,1537,3,4,5926,0,5933,G
2-PB1,1538,2,3,5939,0,5944,G
2-PB1,1539,5882,1,12,1,5896,A
2-PB1,1540,0,0,5953,0,5953,G
2-PB1,1541,1,5323,0,3,5327,T
2-PB1,1542,0,1,5562,1,5564,G
2-PB1,1543,1,5534,0,5,5540,T
2-PB1,1544,3,1,0,5534,5538,C
2-PB1,1545,2,5552,0,7,5561,T
2-PB1,1546,4,2,5583,0,5589,G
2-PB1,1547,1,7,5675,1,5684,G
2-PB1,1548,5690,0,2,0,5692,A
2-PB1,1549,5709,2,7,1,5719,A
2-PB1,1550,2,5682,0,0,5684,T
2-PB1,1551,5238,0,0,0,5238,A
2-PB1,1552,5225,1,7,0,5233,A
2-PB1,1553,5234,0,4,1,5239,A
2-PB1,1554,0,15,0,5236,5251,C
2-PB1,1555,0,3,5184,0,5187,G
2-PB1,1556,5098,1,3,1,5103,A
2-PB1,1557,2,0,5111,0,5113,G
2-PB1,1558,0,5088,0,3,5091,T
2-PB1,1559,4,0,0,5139,5143,C
2-PB1,1560,5123,0,6,1,5130,A
2-PB1,1561,0,1,5174,3,5178,G
2-PB1,1562,1,2,0,5182,5185,C
2-PB1,1563,1,5174,1,2,5178,T
2-PB1,1564,2,1,5356,0,5359,G
2-PB1,1565,5298,0,3,0,5301,A
2-PB1,1566,1,5309,0,3,5313,T
2-PB1,1567,5323,1,3,0,5327,A
2-PB1,1568,1,5239,0,2,5242,T
2-PB1,1569,1,3,5253,1,5258,G
2-PB1,1570,5060,0,7,2,5069,A
2-PB1,1571,1,0,5187,0,5188,G
2-PB1,1572,2,1,0,5173,5176,C
2-PB1,1573,4871,0,0,0,4871,A
2-PB1,1574,1,4872,1,1,4875,T
2-PB1,1575,1,4860,0,2,4863,T
2-PB1,1576,1,3,4907,0,4911,G
2-PB1,1577,0,3,5122,0,5125,G
2-PB1,1578,4992,0,5,1,4998,A
2-PB1,1579,1,0,5043,0,5044,G
2-PB1,1580,0,4816,3,1,4820,T
2-PB1,1581,4814,0,2,0,4816,A
2-PB1,1582,4817,1,4,0,4822,A
2-PB1,1583,0,1,0,4861,4862,C
2-PB1,1584,4811,1,3,0,4815,A
2-PB1,1585,1,0,4923,0,4924,G
2-PB1,1586,0,4329,1,3,4333,T
2-PB1,1587,0,4,4371,0,4375,G
2-PB1,1588,4412,0,9,0,4421,A
2-PB1,1589,1,4426,0,1,4428,T
2-PB1,1590,4422,0,5,1,4428,A
2-PB1,1591,4431,0,2,0,4433,A
2-PB1,1592,4285,0,4,1,4290,A
2-PB1,1593,1,3,4345,0,4349,G
2-PB1,1594,4091,0,5,0,4096,A
2-PB1,1595,4095,0,2,0,4097,A
2-PB1,1596,4,3,0,4090,4097,C
2-PB1,1597,3938,0,5,0,3943,A
2-PB1,1598,3998,1,2,0,4001,A
2-PB1,1599,0,2,0,4005,4007,C
2-PB1,1600,4038,0,1,3,4042,A
2-PB1,1601,1,4025,8,1,4035,T
2-PB1,1602,0,1,3941,0,3942,G
2-PB1,1603,3933,1,2,0,3936,A
2-PB1,1604,1,3939,0,0,3940,T
2-PB1,1605,3901,0,2,0,3903,A
2-PB1,1606,3920,0,8,0,3928,A
2-PB1,1607,3890,1,6,0,3897,A
2-PB1,1608,0,2,0,3920,3922,C
2-PB1,1609,3753,0,0,0,3753,A
2-PB1,1610,3759,0,0,0,3759,A
2-PB1,1611,2,3653,0,3,3658,T
2-PB1,1612,0,6,3664,0,3670,G
2-PB1,1613,3760,1,2,1,3764,A
2-PB1,1614,1,3,0,3800,3804,C
2-PB1,1615,3,1,0,3724,3728,C
2-PB1,1616,0,3602,2,2,3606,T
2-PB1,1617,0,3520,1,5,3526,T
2-PB1,1618,2,2,3523,0,3527,G
2-PB1,1619,0,1,3553,1,3555,G
2-PB1,1620,3581,0,4,0,3585,A
2-PB1,1621,1,1,0,3616,3618,C
2-PB1,1622,1,2,0,3559,3562,C
2-PB1,1623,3546,4,2,0,3552,A
2-PB1,1624,2,0,3587,0,3589,G
2-PB1,1625,4,1,0,3597,3602,C
2-PB1,1626,3602,0,0,0,3602,A
2-PB1,1627,3605,0,1,0,3606,A
2-PB1,1628,0,0,0,3595,3595,C
2-PB1,1629,3559,1,7,0,3567,A
2-PB1,1630,0,0,3634,0,3634,G
2-PB1,1631,1,0,0,3621,3622,C
2-PB1,1632,1,0,0,3599,3600,C
2-PB1,1633,3,1,1,3616,3621,C
2-PB1,1634,3632,0,1,1,3634,A
2-PB1,1635,3620,0,4,1,3625,A
2-PB1,1636,3621,0,1,0,3622,A
2-PB1,1637,0,3623,0,1,3624,T
2-PB1,1638,1,6,3597,0,3604,G
2-PB1,1639,4,1,3549,0,3554,G
2-PB1,1640,1,1,0,3565,3567,C
2-PB1,1641,1,3512,0,5,3518,T
2-PB1,1642,1,0,0,3641,3642,C
2-PB1,1643,0,3606,0,5,3611,T
2-PB1,1644,2,3,1,3657,3663,C
2-PB1,1645,0,0,0,3668,3668,C
2-PB1,1646,3678,0,2,0,3680,A
2-PB1,1647,3687,0,0,0,3687,A
2-PB1,1648,1,3662,0,2,3665,T
2-PB1,1649,0,3638,0,0,3638,T
2-PB1,1650,5,1,3657,0,3663,G
2-PB1,1651,0,3584,0,3,3587,T
2-PB1,1652,0,3583,0,0,3583,T
2-PB1,1653,4,2,0,3593,3599,C
2-PB1,1654,3596,1,0,0,3597,A
2-PB1,1655,3,3587,0,2,3592,T
2-PB1,1656,1,0,0,3606,3607,C
2-PB1,1657,3612,0,1,0,3613,A
2-PB1,1658,3616,1,1,0,3618,A
2-PB1,1659,3610,2,1,1,3614,A
2-PB1,1660,1,0,3727,0,3728,G
2-PB1,1661,3717,0,1,1,3719,A
2-PB1,1662,1,3708,1,3,3713,T
2-PB1,1663,0,3711,1,1,3713,T
2-PB1,1664,3740,0,1,0,3741,A
2-PB1,1665,0,2,0,3817,3819,C
2-PB1,1666,3795,1,6,1,3803,A
2-PB1,1667,0,2,3842,0,3844,G
2-PB1,1668,3805,1,2,0,3808,A
2-PB1,1669,0,3882,0,0,3882,T
2-PB1,1670,3903,1,1,0,3905,A
2-PB1,1671,2,5,0,4136,4143,C
2-PB1,1672,4225,0,8,0,4233,A
2-PB1,1673,0,0,0,4524,4524,C
2-PB1,1674,4464,1,2,0,4467,A
2-PB1,1675,0,4510,1,2,4513,T
2-PB1,1676,4471,0,2,0,4473,A
2-PB1,1677,1,4450,0,0,4451,T
2-PB1,1678,4340,0,6,2,4348,A
2-PB1,1679,0,1,4349,0,4350,G
2-PB1,1680,2,1,4265,0,4268,G
2-PB1,1681,0,4039,0,8,4047,T
2-PB1,1682,3,3,3990,1,3997,G
2-PB1,1683,2,1,0,4152,4155,C
2-PB1,1684,0,2,1,4150,4153,C
2-PB1,1685,4214,1,2,0,4217,A
2-PB1,1686,0,4208,1,1,4210,T
2-PB1,1687,4210,2,1,0,4213,A
2-PB1,1688,0,1,4236,0,4237,G
2-PB1,1689,4095,0,9,0,4104,A
2-PB1,1690,1,0,4134,0,4135,G
2-PB1,1691,0,4,4119,1,4124,G
2-PB1,1692,3938,0,17,1,3956,A
2-PB1,1693,0,5,3964,0,3969,G
2-PB1,1694,3936,0,5,0,3941,A
2-PB1,1695,0,1,0,3954,3955,C
2-PB1,1696,3959,0,6,0,3965,A
2-PB1,1697,0,2,0,3994,3996,C
2-PB1,1698,4000,0,3,0,4003,A
2-PB1,1699,0,1,0,4011,4012,C
2-PB1,1700,3973,1,3,0,3977,A
2-PB1,1701,4004,0,2,0,4006,A
2-PB1,1702,4020,2,1,0,4023,A
2-PB1,1703,0,4011,0,2,4013,T
2-PB1,1704,4,3,0,4027,4034,C
2-PB1,1705,3,1,0,4033,4037,C
2-PB1,1706,3990,1,1,2,3994,A
2-PB1,1707,6,0,4002,0,4008,G
2-PB1,1708,4001,1,4,0,4006,A
2-PB1,1709,0,1,0,4034,4035,C
2-PB1,1710,0,6,4012,0,4018,G
2-PB1,1711,3968,0,1,1,3970,A
2-PB1,1712,0,3,3985,0,3988,G
2-PB1,1713,3984,2,2,0,3988,A
2-PB1,1714,3985,0,3,0,3988,A
2-PB1,1715,2,4,3992,0,3998,G
2-PB1,1716,3970,2,4,1,3977,A
2-PB1,1717,0,3946,0,5,3951,T
2-PB1,1718,4,0,0,3955,3959,C
2-PB1,1719,3963,0,2,0,3965,A
2-PB1,1720,1,3930,0,1,3932,T
2-PB1,1721,1,3938,0,2,3941,T
2-PB1,1722,1,3,0,3936,3940,C
2-PB1,1723,0,4,3949,0,3953,G
2-PB1,1724,3898,0,1,0,3899,A
2-PB1,1725,1,2,3924,0,3927,G
2-PB1,1726,3886,2,2,1,3891,A
2-PB1,1727,0,4039,0,1,4040,T
2-PB1,1728,4033,0,1,0,4034,A
2-PB1,1729,4037,0,1,1,4039,A
2-PB1,1730,3967,0,64,1,4032,A
2-PB1,1731,3,0,4047,0,4050,G
2-PB1,1732,4040,1,1,0,4042,A
2-PB1,1733,3944,0,8,0,3952,A
2-PB1,1734,0,0,3963,0,3963,G
2-PB1,1735,0,0,0,3959,3959,C
2-PB1,1736,0,3866,0,1,3867,T
2-PB1,1737,0,0,3895,0,3895,G
2-PB1,1738,3,3875,0,1,3879,T
2-PB1,1739,0,5,3848,0,3853,G
2-PB1,1740,0,4,3873,0,3877,G
2-PB1,1741,4,2,3902,0,3908,G
2-PB1,1742,3921,0,2,1,3924,A
2-PB1,1743,1,3894,0,1,3896,T
2-PB1,1744,0,0,1,3881,3882,C
2-PB1,1745,3896,1,1,0,3898,A
2-PB1,1746,3913,0,3,0,3916,A
2-PB1,1747,3933,1,2,0,3936,A
2-PB1,1748,1,1,0,3900,3902,C
2-PB1,1749,3,1,0,3889,3893,C
2-PB1,1750,5,2,0,3859,3866,C
2-PB1,1751,3857,1,3,0,3861,A
2-PB1,1752,3924,0,5,0,3929,A
2-PB1,1753,0,3903,1,1,3905,T
2-PB1,1754,2,0,0,3938,3940,C
2-PB1,1755,3885,0,2,0,3887,A
2-PB1,1756,3853,1,3,0,3857,A
2-PB1,1757,2,5,3927,0,3934,G
2-PB1,1758,3,3,3893,0,3899,G
2-PB1,1759,3,0,3912,0,3915,G
2-PB1,1760,1,3,0,3906,3910,C
2-PB1,1761,3842,0,5,0,3847,A
2-PB1,1762,2,1,3957,0,3960,G
2-PB1,1763,0,3,3980,2,3985,G
2-PB1,1764,4000,2,5,0,4007,A
2-PB1,1765,1,1,0,4041,4043,C
2-PB1,1766,1,3961,2,0,3964,T
2-PB1,1767,4061,3,1,0,4065,A
2-PB1,1768,0,4035,0,8,4043,T
2-PB1,1769,0,4058,0,1,4059,T
2-PB1,1770,2,2,4040,1,4045,G
2-PB1,1771,1,1,4073,0,4075,G
2-PB1,1772,1,4016,0,3,4020,T
2-PB1,1773,4009,0,3,1,4013,A
2-PB1,1774,0,3945,0,3,3948,T
2-PB1,1775,1,2,0,3968,3971,C
2-PB1,1776,3888,1,0,1,3890,A
2-PB1,1777,1,1,3927,0,3929,G
2-PB1,1778,3936,1,0,1,3938,A
2-PB1,1779,0,3896,0,1,3897,T
2-PB1,1780,0,3,3744,1,3748,G
2-PB1,1781,0,6,3722,0,3728,G
2-PB1,1782,7,6,3712,0,3725,G
2-PB1,1783,1,1,3737,0,3739,G
2-PB1,1784,0,2,3739,1,3742,G
2-PB1,1785,3737,0,7,0,3744,A
2-PB1,1786,1,0,0,3715,3716,C
2-PB1,1787,2,2,0,3702,3706,C
2-PB1,1788,3713,0,1,0,3714,A
2-PB1,1789,4009,0,0,0,4009,A
2-PB1,1790,4020,2,4,1,4027,A
2-PB1,1791,0,0,0,4129,4129,C
2-PB1,1792,0,4064,0,2,4066,T
2-PB1,1793,0,4056,0,0,4056,T
2-PB1,1794,4086,0,1,0,4087,A
2-PB1,1795,0,4084,0,1,4085,T
2-PB1,1796,4091,1,2,0,4094,A
2-PB1,1797,1,0,0,4096,4097,C
2-PB1,1798,3731,1,0,0,3732,A
2-PB1,1799,3737,0,2,0,3739,A
2-PB1,1800,0,3626,0,1,3627,T
2-PB1,1801,3683,0,1,0,3684,A
2-PB1,1802,0,3668,0,0,3668,T
2-PB1,1803,3,1,0,3666,3670,C
2-PB1,1804,3,1,0,3667,3671,C
2-PB1,1805,2,6,3674,0,3682,G
2-PB1,1806,1,2,3673,0,3676,G
2-PB1,1807,3674,0,1,0,3675,A
2-PB1,1808,3691,0,2,1,3694,A
2-PB1,1809,0,3695,0,1,3696,T
2-PB1,1810,0,2,0,3712,3714,C
2-PB1,1811,0,3698,0,5,3703,T
2-PB1,1812,1,3703,0,5,3709,T
2-PB1,1813,0,0,0,3706,3706,C
2-PB1,1814,3694,2,4,0,3700,A
2-PB1,1815,0,1,0,3721,3722,C
2-PB1,1816,3699,0,1,0,3700,A
2-PB1,1817,2,4032,0,0,4034,T
2-PB1,1818,2,1,0,4051,4054,C
2-PB1,1819,4,1,0,4041,4046,C
2-PB1,1820,2,6,0,4068,4076,C
2-PB1,1821,1,4056,0,10,4067,T
2-PB1,1822,0,1,4069,0,4070,G
2-PB1,1823,4053,0,0,0,4053,A
2-PB1,1824,4034,0,3,0,4037,A
2-PB1,1825,1,0,4054,0,4055,G
2-PB1,1826,0,3730,0,1,3731,T
2-PB1,1827,1,0,0,3735,3736,C
2-PB1,1828,0,3655,0,1,3656,T
2-PB1,1829,2,0,3756,0,3758,G
2-PB1,1830,0,1,0,3753,3754,C
2-PB1,1831,0,3751,0,1,3752,T
2-PB1,1832,1,3759,0,1,3761,T
2-PB1,1833,3765,0,0,0,3765,A
2-PB1,1834,3754,0,0,0,3754,A
2-PB1,1835,3744,1,1,0,3746,A
2-PB1,1836,3623,0,5,2,3630,A
2-PB1,1837,0,3669,0,1,3670,T
2-PB1,1838,0,5,3658,0,3663,G
2-PB1,1839,0,1,3672,0,3673,G
2-PB1,1840,3,3,3675,0,3681,G
2-PB1,1841,3646,0,9,0,3655,A
2-PB1,1842,1,2,3692,0,3695,G
2-PB1,1843,3,3,0,3678,3684,C
2-PB1,1844,1,3677,0,2,3680,T
2-PB1,1845,5,1,3694,0,3700,G
2-PB1,1846,3691,1,0,0,3692,A
2-PB1,1847,0,3693,0,0,3693,T
2-PB1,1848,0,1,3723,1,3725,G
2-PB1,1849,0,1,3715,0,3716,G
2-PB1,1850,3692,0,7,0,3699,A
2-PB1,1851,0,3703,0,0,3703,T
2-PB1,1852,2,0,3704,0,3706,G
2-PB1,1853,3665,0,2,0,3667,A
2-PB1,1854,2,1,3737,0,3740,G
2-PB1,1855,3727,1,1,0,3729,A
2-PB1,1856,3730,0,0,0,3730,A
2-PB1,1857,0,3713,1,1,3715,T
2-PB1,1858,0,3677,0,0,3677,T
2-PB1,1859,3697,0,0,0,3697,A
2-PB1,1860,0,3691,0,1,3692,T
2-PB1,1861,1,5,0,3698,3704,C
2-PB1,1862,3,1,3705,0,3709,G
2-PB1,1863,2,2,3671,1,3676,G
2-PB1,1864,0,7,3653,1,3661,G
2-PB1,1865,3,1,3671,0,3675,G
2-PB1,1866,3650,2,1,0,3653,A
2-PB1,1867,3666,0,10,0,3676,A
2-PB1,1868,0,1,3691,0,3692,G
2-PB1,1869,3729,1,2,0,3732,A
2-PB1,1870,0,0,0,3761,3761,C
2-PB1,1871,0,3672,1,4,3677,T
2-PB1,1872,1,3752,0,2,3755,T
2-PB1,1873,1,3754,0,0,3755,T
2-PB1,1874,1,0,3780,0,3781,G
2-PB1,1875,0,3791,2,0,3793,T
2-PB1,1876,3761,0,2,0,3763,A
2-PB1,1877,3748,1,1,0,3750,A
2-PB1,1878,0,3680,1,5,3686,T
2-PB1,1879,3,0,0,3711,3714,C
2-PB1,1880,1,2,1,3679,3683,C
2-PB1,1881,6,1,0,3641,3648,C
2-PB1,1882,2,1,0,3667,3670,C
2-PB1,1883,0,3647,0,5,3652,T
2-PB1,1884,0,2,3669,0,3671,G
2-PB1,1885,3663,0,2,0,3665,A
2-PB1,1886,3683,0,1,0,3684,A
2-PB1,1887,1,3693,0,2,3696,T
2-PB1,1888,4,0,0,3637,3641,C
2-PB1,1889,2,0,0,3622,3624,C
2-PB1,1890,0,3550,1,13,3564,T
2-PB1,1891,0,3593,0,1,3594,T
2-PB1,1892,1,3608,0,0,3609,T
2-PB1,1893,1,3599,0,3,3603,T
2-PB1,1894,1,1,3611,0,3613,G
2-PB1,1895,1,3576,1,1,3579,T
2-PB1,1896,5,1,0,3559,3565,C
2-PB1,1897,3532,0,6,2,3540,A
2-PB1,1898,2,0,3614,0,3616,G
2-PB1,1899,1,3,0,3590,3594,C
2-PB1,1900,1,3,0,3604,3608,C
2-PB1,1901,3631,0,0,0,3631,A
2-PB1,1902,1,3631,1,1,3634,T
2-PB1,1903,3643,0,0,0,3643,A
2-PB1,1904,3649,0,3,0,3652,A
2-PB1,1905,3641,0,14,3,3658,A
2-PB1,1906,0,3,3708,0,3711,G
2-PB1,1907,3630,0,0,0,3630,A
2-PB1,1908,3635,0,1,0,3636,A
2-PB1,1909,3648,0,4,2,3654,A
2-PB1,1910,1,3630,0,0,3631,T
2-PB1,1911,0,3614,0,0,3614,T
2-PB1,1912,0,1,3628,0,3629,G
2-PB1,1913,3588,0,2,0,3590,A
2-PB1,1914,0,1,3679,1,3681,G
2-PB1,1915,1,3631,0,3,3635,T
2-PB1,1916,1,0,1,3677,3679,C
2-PB1,1917,1,3658,0,2,3661,T
2-PB1,1918,0,0,3765,0,3765,G
2-PB1,1919,0,3751,0,3,3754,T
2-PB1,1920,3805,0,2,0,3807,A
2-PB1,1921,3797,0,4,2,3803,A
2-PB1,1922,3812,1,3,0,3816,A
2-PB1,1923,2,5,0,3809,3816,C
2-PB1,1924,3697,0,1,1,3699,A
2-PB1,1925,3809,0,0,0,3809,A
2-PB1,1926,2,3797,0,0,3799,T
2-PB1,1927,0,0,3786,0,3786,G
2-PB1,1928,0,1,0,3815,3816,C
2-PB1,1929,0,3748,4,9,3761,T
2-PB1,1930,10,0,3900,0,3910,G
2-PB1,1931,1,3902,0,0,3903,T
2-PB1,1932,3999,0,4,0,4003,A
2-PB1,1933,0,0,4006,0,4006,G
2-PB1,1934,1,3907,0,2,3910,T
2-PB1,1935,3869,0,0,0,3869,A
2-PB1,1936,3838,0,0,0,3838,A
2-PB1,1937,0,3794,0,0,3794,T
2-PB1,1938,1,1,3764,0,3766,G
2-PB1,1939,2,3,0,3706,3711,C
2-PB1,1940,2,2,0,3666,3670,C
2-PB1,1941,3611,0,3,1,3615,A
2-PB1,1942,1,1,3712,0,3714,G
2-PB1,1943,0,2,1,3750,3753,C
2-PB1,1944,0,1,0,3744,3745,C
2-PB1,1945,5,1,0,3757,3763,C
2-PB1,1946,3751,1,1,0,3753,A
2-PB1,1947,0,3758,0,5,3763,T
2-PB1,1948,1,2,3756,0,3759,G
2-PB1,1949,2,1,3808,0,3811,G
2-PB1,1950,1,3780,0,1,3782,T
2-PB1,1951,2,1,0,3684,3687,C
2-PB1,1952,6,0,0,3631,3637,C
2-PB1,1953,1,3602,0,9,3612,T
2-PB1,1954,4,0,3701,0,3705,G
2-PB1,1955,2,1,0,3681,3684,C
2-PB1,1956,4,1,0,3690,3695,C
2-PB1,1957,3704,0,1,0,3705,A
2-PB1,1958,3653,1,0,1,3655,A
2-PB1,1959,3651,1,3,0,3655,A
2-PB1,1960,3668,0,3,0,3671,A
2-PB1,1961,0,0,3734,0,3734,G
2-PB1,1962,0,3636,0,5,3641,T
2-PB1,1963,3663,0,0,0,3663,A
2-PB1,1964,1,3651,0,1,3653,T
2-PB1,1965,0,4,3663,0,3667,G
2-PB1,1966,1,2,3732,0,3735,G
2-PB1,1967,3705,1,2,0,3708,A
2-PB1,1968,3785,2,1,0,3788,A
2-PB1,1969,1,3755,0,4,3760,T
2-PB1,1970,3709,0,0,0,3709,A
2-PB1,1971,0,3707,1,2,3710,T
2-PB1,1972,2,2,3659,0,3663,G
2-PB1,1973,3662,1,1,0,3664,A
2-PB1,1974,0,3643,0,1,3644,T
2-PB1,1975,0,0,3540,0,3540,G
2-PB1,1976,1,1,1,3546,3549,C
2-PB1,1977,5,1,0,3502,3508,C
2-PB1,1978,1,0,3516,0,3517,G
2-PB1,1979,0,3502,0,4,3506,T
2-PB1,1980,0,3510,0,1,3511,T
2-PB1,1981,1,0,3512,0,3513,G
2-PB1,1982,1,2,0,3571,3574,C
2-PB1,1983,3579,0,0,0,3579,A
2-PB1,1984,3643,0,3,0,3646,A
2-PB1,1985,1,0,0,3654,3655,C
2-PB1,1986,0,3623,0,4,3627,T
2-PB1,1987,3636,0,3,0,3639,A
2-PB1,1988,2,2,0,3637,3641,C
2-PB1,1989,3635,0,5,0,3640,A
2-PB1,1990,0,1,0,3638,3639,C
2-PB1,1991,3501,0,2,0,3503,A
2-PB1,1992,1,2,0,3864,3867,C
2-PB1,1993,1,3755,1,2,3759,T
2-PB1,1994,3,1,0,3803,3807,C
2-PB1,1995,0,0,0,3802,3802,C
2-PB1,1996,1,3775,0,6,3782,T
2-PB1,1997,1,0,3771,1,3773,G
2-PB1,1998,0,2,3769,0,3771,G
2-PB1,1999,3765,0,0,1,3766,A
2-PB1,2000,1,3767,1,0,3769,T
2-PB1,2001,1,3299,0,2,3302,T
2-PB1,2002,3,1,1,3348,3353,C
2-PB1,2003,2,1,1,3322,3326,C
2-PB1,2004,2,0,0,3351,3353,C
2-PB1,2005,3358,0,2,1,3361,A
2-PB1,2006,3355,0,2,1,3358,A
2-PB1,2007,0,3,3360,0,3363,G
2-PB1,2008,3333,0,4,0,3337,A
2-PB1,2009,0,0,3352,0,3352,G
2-PB1,2010,11,2,3344,0,3357,G
2-PB1,2011,3292,1,4,1,3298,A
2-PB1,2012,3292,0,6,0,3298,A
2-PB1,2013,1,0,1,3287,3289,C
2-PB1,2014,0,1,0,3255,3256,C
2-PB1,2015,0,0,3320,0,3320,G
2-PB1,2016,1,2,0,3300,3303,C
2-PB1,2017,0,3276,0,4,3280,T
2-PB1,2018,4,0,0,3313,3317,C
2-PB1,2019,0,3284,1,1,3286,T
2-PB1,2020,3603,0,0,0,3603,A
2-PB1,2021,0,3600,0,1,3601,T
2-PB1,2022,0,3603,0,6,3609,T
2-PB1,2023,2,1,0,3632,3635,C
2-PB1,2024,2,3496,0,1,3499,T
2-PB1,2025,3501,0,3,0,3504,A
2-PB1,2026,3494,0,2,0,3496,A
2-PB1,2027,3510,0,3,0,3513,A
2-PB1,2028,0,0,0,3516,3516,C
2-PB1,2029,3191,0,0,0,3191,A
2-PB1,2030,1,0,0,3189,3190,C
2-PB1,2031,3133,0,5,0,3138,A
2-PB1,2032,3172,0,5,0,3177,A
2-PB1,2033,1,0,3179,0,3180,G
2-PB1,2034,0,1,0,3188,3189,C
2-PB1,2035,3,2,0,3205,3210,C
2-PB1,2036,3164,2,1,0,3167,A
2-PB1,2037,3172,0,0,2,3174,A
2-PB1,2038,3150,1,5,1,3157,A
2-PB1,2039,1,4,3201,0,3206,G
2-PB1,2040,1,3,3190,0,3194,G
2-PB1,2041,2,1,3140,0,3143,G
2-PB1,2042,1,3,3141,1,3146,G
2-PB1,2043,3106,2,1,1,3110,A
2-PB1,2044,3140,0,2,0,3142,A
2-PB1,2045,0,3142,0,1,3143,T
2-PB1,2046,0,3129,0,2,3131,T
2-PB1,2047,4,0,1,3155,3160,C
2-PB1,2048,1,3122,0,3,3126,T
2-PB1,2049,0,3121,0,1,3122,T
2-PB1,2050,0,1,3125,0,3126,G
2-PB1,2051,3101,1,7,0,3109,A
2-PB1,2052,0,0,3124,0,3124,G
2-PB1,2053,0,3,3096,0,3099,G
2-PB1,2054,3096,0,3,0,3099,A
2-PB1,2055,1,3077,0,1,3079,T
2-PB1,2056,0,3,3089,0,3092,G
2-PB1,2057,3069,3,2,0,3074,A
2-PB1,2058,3085,0,4,0,3089,A
2-PB1,2059,0,0,0,3070,3070,C
2-PB1,2060,3072,1,1,0,3074,A
2-PB1,2061,3011,0,1,0,3012,A
2-PB1,2062,3068,0,2,0,3070,A
2-PB1,2063,0,3072,0,0,3072,T
2-PB1,2064,1,0,3088,0,3089,G
2-PB1,2065,0,3122,0,4,3126,T
2-PB1,2066,3124,0,3,0,3127,A
2-PB1,2067,2,2,0,3119,3123,C
2-PB1,2068,5,0,0,3073,3078,C
2-PB1,2069,3068,0,0,0,3068,A
2-PB1,2070,0,0,3073,0,3073,G
2-PB1,2071,3037,0,1,0,3038,A
2-PB1,2072,3031,1,2,0,3034,A
2-PB1,2073,0,1,3047,1,3049,G
2-PB1,2074,1,2926,0,0,2927,T
2-PB1,2075,1,2,2953,0,2956,G
2-PB1,2076,0,0,0,2948,2948,C
2-PB1,2077,2,2944,0,4,2950,T
2-PB1,2078,1,1,2948,0,2950,G
2-PB1,2079,0,1,0,2941,2942,C
2-PB1,2080,2954,0,1,0,2955,A
2-PB1,2081,2961,0,1,0,2962,A
2-PB1,2082,0,1,0,2902,2903,C
2-PB1,2083,0,2890,0,3,2893,T
2-PB1,2084,0,2858,0,1,2859,T
2-PB1,2085,1,0,2853,0,2854,G
2-PB1,2086,0,2859,0,0,2859,T
2-PB1,2087,0,2847,0,0,2847,T
2-PB1,2088,2,0,0,2847,2849,C
2-PB1,2089,0,6,2834,0,2840,G
2-PB1,2090,2839,0,2,0,2841,A
2-PB1,2091,0,4,2840,0,2844,G
2-PB1,2092,2839,0,1,0,2840,A
2-PB1,2093,2836,0,0,2,2838,A
2-PB1,2094,2846,0,3,2,2851,A
2-PB1,2095,1,2833,0,1,2835,T
2-PB1,2096,1,2829,1,0,2831,T
2-PB1,2097,0,2834,0,3,2837,T
2-PB1,2098,0,2841,0,0,2841,T
2-PB1,2099,1,2823,1,0,2825,T
2-PB1,2100,0,2,0,2851,2853,C
2-PB1,2101,3,0,0,2838,2841,C
2-PB1,2102,0,0,0,2850,2850,C
2-PB1,2103,0,2843,0,4,2847,T
2-PB1,2104,2843,1,2,0,2846,A
2-PB1,2105,0,1,2878,0,2879,G
2-PB1,2106,0,2876,0,3,2879,T
2-PB1,2107,2906,0,6,0,2912,A
2-PB1,2108,0,0,2926,0,2926,G
2-PB1,2109,1,2885,0,3,2889,T
2-PB1,2110,0,2988,0,3,2991,T
2-PB1,2111,7,1,0,3014,3022,C
2-PB1,2112,3069,0,4,0,3073,A
2-PB1,2113,1,3074,0,1,3076,T
2-PB1,2114,3098,1,0,1,3100,A
2-PB1,2115,0,3093,0,1,3094,T
2-PB1,2116,2979,2,2,0,2983,A
2-PB1,2117,0,3,2977,0,2980,G
2-PB1,2118,0,2,2972,0,2974,G
2-PB1,2119,2645,2,7,0,2654,A
2-PB1,2120,1,2,2654,0,2657,G
2-PB1,2121,2493,0,2,0,2495,A
2-PB1,2122,1,0,0,2482,2483,C
2-PB1,2123,2,2,0,2412,2416,C
2-PB1,2124,4,0,2412,0,2416,G
2-PB1,2125,2395,1,2,0,2398,A
2-PB1,2126,0,2391,0,0,2391,T
2-PB1,2127,0,2382,0,1,2383,T
2-PB1,2128,1,0,2387,0,2388,G
2-PB1,2129,0,0,2381,0,2381,G
2-PB1,2130,2379,1,2,0,2382,A
2-PB1,2131,2384,0,1,0,2385,A
2-PB1,2132,1,2368,0,1,2370,T
2-PB1,2133,0,2380,0,1,2381,T
2-PB1,2134,1,2376,0,0,2377,T
2-PB1,2135,0,1,0,2369,2370,C
2-PB1,2136,0,2381,0,2,2383,T
2-PB1,2137,2364,0,4,0,2368,A
2-PB1,2138,1,1,2371,0,2373,G
2-PB1,2139,0,3,0,2359,2362,C
2-PB1,2140,2351,0,1,0,2352,A
2-PB1,2141,0,2354,0,0,2354,T
2-PB1,2142,0,0,2320,0,2320,G
2-PB1,2143,0,0,2402,0,2402,G
2-PB1,2144,0,2397,0,1,2398,T
2-PB1,2145,2,0,2388,1,2391,G
2-PB1,2146,0,1,2385,0,2386,G
2-PB1,2147,2350,0,7,0,2357,A
2-PB1,2148,0,1,2379,0,2380,G
2-PB1,2149,2,0,2371,0,2373,G
2-PB1,2150,1,1,0,2344,2346,C
2-PB1,2151,2,0,0,2327,2329,C
2-PB1,2152,2114,0,2,0,2116,A
2-PB1,2153,0,2109,0,2,2111,T
2-PB1,2154,1,0,2121,0,2122,G
2-PB1,2155,0,0,2140,0,2140,G
2-PB1,2156,0,2082,1,1,2084,T
2-PB1,2157,0,0,2115,0,2115,G
2-PB1,2158,1,2061,0,4,2066,T
2-PB1,2159,2,1,0,2043,2046,C
2-PB1,2160,0,2049,0,2,2051,T
2-PB1,2161,2027,0,0,0,2027,A
2-PB1,2162,1,1,2022,0,2024,G
2-PB1,2163,0,0,1969,0,1969,G
2-PB1,2164,1,0,1945,0,1946,G
2-PB1,2165,0,0,0,1904,1904,C
2-PB1,2166,3,1,0,1781,1785,C
2-PB1,2167,3,3,0,1752,1758,C
2-PB1,2168,0,2,1753,0,1755,G
2-PB1,2169,0,0,1763,0,1763,G
2-PB1,2170,1764,0,0,0,1764,A
2-PB1,2171,3,1748,0,1,1752,T
2-PB1,2172,0,1698,0,1,1699,T
2-PB1,2173,0,1,1687,0,1688,G
2-PB1,2174,1682,0,4,0,1686,A
2-PB1,2175,0,1687,0,1,1688,T
2-PB1,2176,1,0,1692,0,1693,G
2-PB1,2177,0,0,1,1662,1663,C
2-PB1,2178,0,0,0,1651,1651,C
2-PB1,2179,1644,0,1,0,1645,A
2-PB1,2180,0,1,1647,0,1648,G
2-PB1,2181,1639,1,0,0,1640,A
2-PB1,2182,1647,0,0,0,1647,A
2-PB1,2183,1,1636,1,2,1640,T
2-PB1,2184,0,1611,0,0,1611,T
2-PB1,2185,1,4,1597,0,1602,G
2-PB1,2186,1605,0,1,0,1606,A
2-PB1,2187,0,0,0,1606,1606,C
2-PB1,2188,0,1589,0,3,1592,T
2-PB1,2189,1,1581,0,0,1582,T
2-PB1,2190,1,0,0,1582,1583,C
2-PB1,2191,0,2,1582,0,1584,G
2-PB1,2192,1580,1,0,0,1581,A
2-PB1,2193,0,0,1555,0,1555,G
2-PB1,2194,0,1568,0,1,1569,T
2-PB1,2195,1,0,0,1573,1574,C
2-PB1,2196,0,1572,0,2,1574,T
2-PB1,2197,0,0,1574,0,1574,G
2-PB1,2198,0,0,1574,0,1574,G
2-PB1,2199,1571,1,0,0,1572,A
2-PB1,2200,1462,0,2,0,1464,A
2-PB1,2201,0,1,1473,0,1474,G
2-PB1,2202,0,1,1480,0,1481,G
2-PB1,2203,1482,0,1,0,1483,A
2-PB1,2204,0,1469,0,0,1469,T
2-PB1,2205,0,1483,0,0,1483,T
2-PB1,2206,1474,0,0,0,1474,A
2-PB1,2207,1472,1,2,0,1475,A
2-PB1,2208,0,0,1478,0,1478,G
2-PB1,2209,1463,0,4,0,1467,A
2-PB1,2210,1393,0,2,0,1395,A
2-PB1,2211,0,1,1295,0,1296,G
2-PB1,2212,0,0,1291,0,1291,G
2-PB1,2213,1294,0,0,0,1294,A
2-PB1,2214,1292,0,0,0,1292,A
2-PB1,2215,0,2,1291,0,1293,G
2-PB1,2216,1224,0,0,0,1224,A
2-PB1,2217,0,0,1226,0,1226,G
2-PB1,2218,0,1170,0,1,1171,T
2-PB1,2219,0,1159,0,0,1159,T
2-PB1,2220,0,2,0,1168,1170,C
2-PB1,2221,0,1122,0,0,1122,T
2-PB1,2222,0,0,0,1131,1131,C
2-PB1,2223,0,1124,0,2,1126,T
2-PB1,2224,0,0,1123,0,1123,G
2-PB1,2225,1094,0,1,0,1095,A
2-PB1,2226,0,1,1085,0,1086,G
2-PB1,2227,1078,0,0,0,1078,A
2-PB1,2228,0,1039,0,0,1039,T
2-PB1,2229,1,0,0,987,988,C
2-PB1,2230,993,0,0,0,993,A
2-PB1,2231,1,984,0,0,985,T
2-PB1,2232,0,0,988,0,988,G
2-PB1,2233,978,0,1,0,979,A
2-PB1,2234,963,1,9,0,973,A
2-PB1,2235,0,0,951,0,951,G
2-PB1,2236,937,0,0,0,937,A
2-PB1,2237,1,931,0,3,935,T
2-PB1,2238,0,0,0,932,932,C
2-PB1,2239,0,870,0,0,870,T
2-PB1,2240,0,0,870,0,870,G
2-PB1,2241,1,864,0,1,866,T
2-PB1,2242,0,852,0,2,854,T
2-PB1,2243,0,0,0,853,853,C
2-PB1,2244,0,0,0,804,804,C
2-PB1,2245,805,0,1,0,806,A
2-PB1,2246,1,0,0,812,813,C
2-PB1,2247,0,0,0,777,777,C
2-PB1,2248,752,0,0,0,752,A
2-PB1,2249,0,708,0,0,708,T
2-PB1,2250,0,691,0,0,691,T
2-PB1,2251,0,0,691,0,691,G
2-PB1,2252,681,0,0,0,681,A
2-PB1,2253,682,0,1,0,683,A
2-PB1,2254,0,0,679,0,679,G
2-PB1,2255,577,0,1,0,578,A
2-PB1,2256,580,0,0,0,580,A
2-PB1,2257,0,0,0,580,580,C
2-PB1,2258,0,553,0,0,553,T
2-PB1,2259,0,0,0,556,556,C
2-PB1,2260,531,0,1,0,532,A
2-PB1,2261,0,0,531,0,531,G
2-PB1,2262,528,0,1,0,529,A
2-PB1,2263,0,0,0,508,508,C
2-PB1,2264,0,0,493,0,493,G
2-PB1,2265,0,0,480,0,480,G
2-PB1,2266,0,0,0,486,486,C
2-PB1,2267,484,0,0,0,484,A
2-PB1,2268,483,0,0,0,483,A
2-PB1,2269,478,0,0,0,478,A
2-PB1,2270,476,0,0,0,476,A
2-PB1,2271,475,0,0,0,475,A
2-PB1,2272,0,464,0,0,464,T
2-PB1,2273,452,0,0,0,452,A
2-PB1,2274,453,0,0,0,453,A
3-PA,1,357,0,0,0,357,A
3-PA,2,0,354,0,0,354,T
3-PA,3,0,0,381,0,381,G
3-PA,4,1,0,384,0,385,G
3-PA,5,391,0,0,0,391,A
3-PA,6,390,0,0,1,391,A
3-PA,7,1,0,399,0,400,G
3-PA,8,421,0,0,0,421,A
3-PA,9,0,424,0,0,424,T
3-PA,10,0,424,0,0,424,T
3-PA,11,0,440,0,0,440,T
3-PA,12,0,443,0,1,444,T
3-PA,13,0,0,457,0,457,G
3-PA,14,0,455,0,0,455,T
3-PA,15,0,0,445,0,445,G
3-PA,16,0,1,0,465,466,C
3-PA,17,0,1,467,0,468,G
3-PA,18,507,0,0,0,507,A
3-PA,19,0,0,0,514,514,C
3-PA,20,515,0,0,0,515,A
3-PA,21,516,0,0,0,516,A
3-PA,22,1,533,0,0,534,T
3-PA,23,0,0,628,0,628,G
3-PA,24,0,1,0,639,640,C
3-PA,25,0,645,0,2,647,T
3-PA,26,0,643,0,0,643,T
3-PA,27,0,0,0,647,647,C
3-PA,28,656,0,0,0,656,A
3-PA,29,677,0,0,0,677,A
3-PA,30,0,0,1,701,702,C
3-PA,31,0,0,0,701,701,C
3-PA,32,1,0,0,699,700,C
3-PA,33,1,2,714,0,717,G
3-PA,34,704,0,0,0,704,A
3-PA,35,0,718,0,0,718,T
3-PA,36,0,0,718,0,718,G
3-PA,37,716,0,0,0,716,A
3-PA,38,0,738,0,0,738,T
3-PA,39,0,740,1,2,743,T
3-PA,40,1,0,748,0,749,G
3-PA,41,0,753,0,0,753,T
3-PA,42,0,0,0,758,758,C
3-PA,43,0,2,748,0,750,G
3-PA,44,755,0,0,0,755,A
3-PA,45,765,0,0,0,765,A
3-PA,46,0,0,0,770,770,C
3-PA,47,1,768,0,0,769,T
3-PA,48,0,770,0,1,771,T
3-PA,49,0,1,770,0,771,G
3-PA,50,0,0,0,772,772,C
3-PA,51,778,0,0,0,778,A
3-PA,52,0,0,781,0,781,G
3-PA,53,778,0,0,0,778,A
3-PA,54,780,0,0,0,780,A
3-PA,55,782,0,0,0,782,A
3-PA,56,789,0,0,0,789,A
3-PA,57,799,0,1,0,800,A
3-PA,58,0,0,816,0,816,G
3-PA,59,1,0,0,848,849,C
3-PA,60,848,0,1,0,849,A
3-PA,61,926,0,1,0,927,A
3-PA,62,0,927,0,0,927,T
3-PA,63,0,0,954,0,954,G
3-PA,64,976,0,0,0,976,A
3-PA,65,971,1,3,0,975,A
3-PA,66,976,0,5,0,981,A
3-PA,67,0,1,1073,0,1074,G
3-PA,68,1139,1,2,0,1142,A
3-PA,69,1,1,1340,0,1342,G
3-PA,70,0,1336,0,1,1337,T
3-PA,71,1337,0,1,0,1338,A
3-PA,72,1,1337,0,0,1338,T
3-PA,73,1,1,1354,0,1356,G
3-PA,74,0,4,1356,0,1360,G
3-PA,75,0,1,1355,0,1356,G
3-PA,76,1,0,1353,0,1354,G
3-PA,77,1346,0,0,0,1346,A
3-PA,78,0,3,1336,1,1340,G
3-PA,79,1,0,1366,0,1367,G
3-PA,80,1356,0,1,0,1357,A
3-PA,81,1,1383,0,0,1384,T
3-PA,82,0,0,0,1392,1392,C
3-PA,83,1,1395,0,0,1396,T
3-PA,84,0,1,1398,0,1399,G
3-PA,85,1395,0,0,0,1395,A
3-PA,86,1398,0,0,0,1398,A
3-PA,87,1406,0,0,0,1406,A
3-PA,88,1398,0,0,0,1398,A
3-PA,89,0,1388,0,5,1393,T
3-PA,90,0,1394,0,1,1395,T
3-PA,91,0,1,1393,0,1394,G
3-PA,92,1397,0,1,1,1399,A
3-PA,93,1388,0,4,1,1393,A
3-PA,94,1395,0,1,1,1397,A
3-PA,95,0,0,0,1403,1403,C
3-PA,96,1406,0,0,0,1406,A
3-PA,97,1414,0,3,1,1418,A
3-PA,98,1415,0,2,1,1418,A
3-PA,99,0,0,0,1427,1427,C
3-PA,100,1429,0,0,1,1430,A
3-PA,101,1437,0,0,0,1437,A
3-PA,102,1441,0,1,0,1442,A
3-PA,103,0,1441,0,1,1442,T
3-PA,104,0,1449,0,0,1449,T
3-PA,105,0,1449,0,1,1450,T
3-PA,106,0,1,1451,0,1452,G
3-PA,107,0,1,0,1456,1457,C
3-PA,108,1464,0,4,0,1468,A
3-PA,109,0,0,1540,0,1540,G
3-PA,110,0,0,0,1550,1550,C
3-PA,111,1646,0,0,0,1646,A
3-PA,112,1669,0,0,0,1669,A
3-PA,113,0,1692,0,1,1693,T
3-PA,114,1709,2,0,0,1711,A
3-PA,115,0,1720,0,1,1721,T
3-PA,116,0,1,1751,0,1752,G
3-PA,117,1,0,0,1749,1750,C
3-PA,118,1739,0,2,0,1741,A
3-PA,119,0,1,0,1776,1777,C
3-PA,120,0,1746,0,3,1749,T
3-PA,121,1,0,0,2204,2205,C
3-PA,122,2256,0,1,0,2257,A
3-PA,123,0,1,0,2328,2329,C
3-PA,124,0,2319,0,1,2320,T
3-PA,125,0,2313,0,1,2314,T
3-PA,126,0,0,2317,0,2317,G
3-PA,127,1,1,2329,0,2331,G
3-PA,128,2299,2,3,0,2304,A
3-PA,129,0,2,2371,0,2373,G
3-PA,130,1,1,2345,0,2347,G
3-PA,131,1,2267,0,1,2269,T
3-PA,132,0,0,2368,0,2368,G
3-PA,133,0,2373,0,5,2378,T
3-PA,134,2,0,2433,0,2435,G
3-PA,135,0,2437,1,3,2441,T
3-PA,136,0,2424,0,1,2425,T
3-PA,137,0,2434,0,2,2436,T
3-PA,138,1,1,1,2460,2463,C
3-PA,139,2456,0,0,1,2457,A
3-PA,140,0,2473,0,0,2473,T
3-PA,141,2,0,2531,0,2533,G
3-PA,142,0,2515,0,1,2516,T
3-PA,143,2527,1,1,0,2529,A
3-PA,144,0,2527,0,0,2527,T
3-PA,145,0,2525,0,0,2525,T
3-PA,146,1,0,0,2531,2532,C
3-PA,147,2530,0,1,0,2531,A
3-PA,148,1,2,2566,0,2569,G
3-PA,149,2555,0,0,0,2555,A
3-PA,150,1,2561,0,1,2563,T
3-PA,151,1,2546,0,2,2549,T
3-PA,152,0,2558,0,3,2561,T
3-PA,153,0,1,0,2554,2555,C
3-PA,154,3,1,0,2585,2589,C
3-PA,155,2596,0,1,0,2597,A
3-PA,156,0,2615,0,0,2615,T
3-PA,157,0,2585,1,0,2586,T
3-PA,158,0,2605,0,0,2605,T
3-PA,159,0,0,0,2610,2610,C
3-PA,160,2620,0,1,0,2621,A
3-PA,161,1,2702,0,2,2705,T
3-PA,162,3,0,0,2705,2708,C
3-PA,163,2701,0,4,0,2705,A
3-PA,164,2713,0,1,0,2714,A
3-PA,165,0,2715,0,3,2718,T
3-PA,166,1,5,2791,0,2797,G
3-PA,167,2806,0,1,1,2808,A
3-PA,168,2800,0,5,0,2805,A
3-PA,169,0,1,0,2800,2801,C
3-PA,170,2774,0,1,0,2775,A
3-PA,171,2801,0,3,0,2804,A
3-PA,172,0,2,2808,1,2811,G
3-PA,173,1,1,2808,0,2810,G
3-PA,174,0,2,0,2815,2817,C
3-PA,175,0,2,2801,0,2803,G
3-PA,176,2986,0,0,0,2986,A
3-PA,177,3002,0,1,0,3003,A
3-PA,178,0,3002,0,1,3003,T
3-PA,179,3,0,0,3040,3043,C
3-PA,180,3052,0,1,1,3054,A
3-PA,181,3054,0,2,0,3056,A
3-PA,182,1,3078,0,1,3080,T
3-PA,183,3067,1,0,2,3070,A
3-PA,184,0,1,3147,0,3148,G
3-PA,185,0,3122,0,0,3122,T
3-PA,186,0,1,3150,0,3151,G
3-PA,187,0,2,3142,0,3144,G
3-PA,188,0,3131,0,2,3133,T
3-PA,189,3133,0,3,0,3136,A
3-PA,190,0,3,3167,0,3170,G
3-PA,191,3141,0,2,0,3143,A
3-PA,192,3170,1,0,0,3171,A
3-PA,193,1,2,0,3163,3166,C
3-PA,194,0,3110,0,2,3112,T
3-PA,195,0,3098,0,0,3098,T
3-PA,196,0,2,3106,0,3108,G
3-PA,197,3095,1,4,0,3100,A
3-PA,198,0,1,0,3101,3102,C
3-PA,199,2,1,3079,0,3082,G
3-PA,200,3161,0,1,0,3162,A
3-PA,201,1,3170,0,2,3173,T
3-PA,202,5,1,0,3207,3213,C
3-PA,203,4,0,1,3239,3244,C
3-PA,204,3253,1,0,0,3254,A
3-PA,205,3260,0,1,0,3261,A
3-PA,206,3270,0,0,1,3271,A
3-PA,207,0,3266,0,1,3267,T
3-PA,208,1,0,3271,0,3272,G
3-PA,209,0,2,0,3237,3239,C
3-PA,210,3215,0,3,0,3218,A
3-PA,211,0,1,0,3300,3301,C
3-PA,212,0,3272,0,2,3274,T
3-PA,213,1,0,4110,0,4111,G
3-PA,214,1,4116,0,1,4118,T
3-PA,215,3,4110,0,0,4113,T
3-PA,216,4121,0,2,0,4123,A
3-PA,217,4106,0,3,1,4110,A
3-PA,218,4103,1,6,1,4111,A
3-PA,219,853,0,3256,0,4109,G
3-PA,220,0,2,0,4088,4090,C
3-PA,221,4067,0,2,0,4069,A
3-PA,222,0,1,0,4055,4056,C
3-PA,223,3642,0,1,0,3643,A
3-PA,224,0,1,3772,0,3773,G
3-PA,225,3760,1,0,0,3761,A
3-PA,226,0,3756,1,1,3758,T
3-PA,227,0,3755,1,1,3757,T
3-PA,228,0,3758,0,4,3762,T
3-PA,229,1,4,3761,0,3766,G
3-PA,230,3781,0,5,0,3786,A
3-PA,231,3786,0,2,0,3788,A
3-PA,232,3797,0,0,0,3797,A
3-PA,233,1,3699,0,4,3704,T
3-PA,234,3706,0,2,0,3708,A
3-PA,235,3753,0,0,0,3753,A
3-PA,236,0,3747,1,0,3748,T
3-PA,237,5,1,0,3754,3760,C
3-PA,238,0,1,3754,0,3755,G
3-PA,239,3710,1,4,0,3715,A
3-PA,240,0,3,3757,0,3760,G
3-PA,241,0,7,3809,0,3816,G
3-PA,242,1,3,3809,0,3813,G
3-PA,243,0,4,3831,0,3835,G
3-PA,244,3778,3,6,1,3788,A
3-PA,245,8,2,3813,1,3824,G
3-PA,246,3895,0,5,0,3900,A
3-PA,247,0,2,3934,0,3936,G
3-PA,248,3936,0,3,0,3939,A
3-PA,249,1,1,0,3952,3954,C
3-PA,250,3901,0,3,0,3904,A
3-PA,251,1,4,3965,0,3970,G
3-PA,252,3951,1,10,1,3963,A
3-PA,253,4029,0,0,1,4030,A
3-PA,254,1,1,0,4030,4032,C
3-PA,255,3899,1,2,0,3902,A
3-PA,256,3895,1,0,0,3896,A
3-PA,257,1,3897,0,2,3900,T
3-PA,258,0,0,4063,0,4063,G
3-PA,259,1,0,4074,0,4075,G
3-PA,260,0,4,0,4027,4031,C
3-PA,261,0,1,0,4041,4042,C
3-PA,262,1,4000,0,2,4003,T
3-PA,263,3,1,4124,0,4128,G
3-PA,264,0,3,4110,0,4113,G
3-PA,265,4118,1,2,0,4121,A
3-PA,266,0,1,0,4142,4143,C
3-PA,267,4003,0,0,0,4003,A
3-PA,268,0,0,4523,0,4523,G
3-PA,269,0,4526,0,1,4527,T
3-PA,270,4607,0,1,0,4608,A
3-PA,271,1,0,4610,0,4611,G
3-PA,272,1,4500,0,1,4502,T
3-PA,273,4518,0,7,0,4525,A
3-PA,274,4530,1,1,1,4533,A
3-PA,275,4509,0,4,0,4513,A
3-PA,276,0,1,0,4549,4550,C
3-PA,277,4168,0,2,1,4171,A
3-PA,278,6,0,4289,0,4295,G
3-PA,279,0,4245,0,0,4245,T
3-PA,280,4302,0,1,0,4303,A
3-PA,281,0,4277,1,2,4280,T
3-PA,282,1,0,0,4346,4347,C
3-PA,283,0,4333,1,1,4335,T
3-PA,284,1,0,4331,1,4333,G
3-PA,285,0,3,0,4320,4323,C
3-PA,286,4301,0,5,0,4306,A
3-PA,287,4298,1,3,0,4302,A
3-PA,288,1,1,0,4313,4315,C
3-PA,289,4269,0,0,0,4269,A
3-PA,290,0,1,1,4482,4484,C
3-PA,291,1,4417,0,3,4421,T
3-PA,292,4441,0,5,1,4447,A
3-PA,293,1,0,0,4445,4446,C
3-PA,294,1,4412,1,3,4417,T
3-PA,295,2,0,4405,0,4407,G
3-PA,296,0,3,4396,0,4399,G
3-PA,297,4356,1,8,0,4365,A
3-PA,298,0,1,4375,0,4376,G
3-PA,299,0,3,0,4223,4226,C
3-PA,300,1,4209,0,4,4214,T
3-PA,301,2,1,4193,0,4196,G
3-PA,302,1,2,4172,1,4176,G
3-PA,303,3,2,4166,0,4171,G
3-PA,304,4180,0,0,0,4180,A
3-PA,305,4188,1,2,1,4192,A
3-PA,306,4212,1,3,0,4216,A
3-PA,307,2,0,0,4201,4203,C
3-PA,308,3,3,0,4207,4213,C
3-PA,309,3,1,4214,1,4219,G
3-PA,310,4210,0,0,0,4210,A
3-PA,311,4188,0,3,1,4192,A
3-PA,312,1,0,4252,0,4253,G
3-PA,313,2,4238,0,1,4241,T
3-PA,314,1,4232,0,1,4234,T
3-PA,315,0,4233,0,0,4233,T
3-PA,316,1,2,0,4251,4254,C
3-PA,317,1,4265,1,1,4268,T
3-PA,318,4272,0,1,0,4273,A
3-PA,319,0,1,0,4234,4235,C
3-PA,320,3,3,2,4252,4260,C
3-PA,321,4227,1,5,0,4233,A
3-PA,322,0,2,4302,0,4304,G
3-PA,323,4301,0,1,0,4302,A
3-PA,324,0,4304,0,2,4306,T
3-PA,325,1,4298,0,1,4300,T
3-PA,326,0,4298,0,5,4303,T
3-PA,327,1,1,4327,0,4329,G
3-PA,328,1,4344,0,1,4346,T
3-PA,329,4336,0,6,1,4343,A
3-PA,330,0,4316,0,1,4317,T
3-PA,331,4,1,4278,0,4283,G
3-PA,332,4462,0,4,0,4466,A
3-PA,333,0,4455,5,1,4461,T
3-PA,334,0,4467,0,0,4467,T
3-PA,335,4474,0,2,0,4476,A
3-PA,336,0,1,0,4487,4488,C
3-PA,337,4474,1,6,4,4485,A
3-PA,338,4478,2,4,0,4484,A
3-PA,339,0,1,4499,0,4500,G
3-PA,340,0,5,4526,0,4531,G
3-PA,341,4293,0,1,1,4295,A
3-PA,342,2,3,4351,1,4357,G
3-PA,343,4345,3,5,0,4353,A
3-PA,344,4353,2,7,0,4362,A
3-PA,345,0,5,0,4366,4371,C
3-PA,346,4307,1,2,0,4310,A
3-PA,347,4,2,4324,0,4330,G
3-PA,348,4277,3,3,0,4283,A
3-PA,349,1,4252,0,0,4253,T
3-PA,350,0,4240,0,1,4241,T
3-PA,351,4,1,0,4212,4217,C
3-PA,352,4212,0,2,1,4215,A
3-PA,353,1,4192,0,0,4193,T
3-PA,354,2,1,0,4202,4205,C
3-PA,355,3,1,4206,0,4210,G
3-PA,356,4220,0,0,0,4220,A
3-PA,357,4211,0,1,0,4212,A
3-PA,358,4227,1,4,0,4232,A
3-PA,359,0,4214,0,1,4215,T
3-PA,360,0,4211,0,2,4213,T
3-PA,361,0,5,4208,0,4213,G
3-PA,362,1,10,4201,0,4212,G
3-PA,363,1,2,4204,0,4207,G
3-PA,364,5,0,4244,0,4249,G
3-PA,365,0,4203,0,2,4205,T
3-PA,366,1,3,4247,0,4251,G
3-PA,367,4271,0,4,0,4275,A
3-PA,368,1,1,0,4302,4304,C
3-PA,369,4319,0,2,0,4321,A
3-PA,370,4317,0,1,0,4318,A
3-PA,371,5,3,4377,1,4386,G
3-PA,372,6,5,4367,0,4378,G
3-PA,373,4326,0,4,0,4330,A
3-PA,374,0,4,4356,1,4361,G
3-PA,375,4285,0,2,0,4287,A
3-PA,376,0,4,4291,0,4295,G
3-PA,377,4226,0,3,1,4230,A
3-PA,378,4239,0,6,0,4245,A
3-PA,379,3,0,4351,0,4354,G
3-PA,380,1,4229,0,2,4232,T
3-PA,381,3,1,0,4264,4268,C
3-PA,382,2,1,2,4269,4274,C
3-PA,383,4284,3,3,1,4291,A
3-PA,384,3,4,0,4349,4356,C
3-PA,385,4448,0,0,0,4448,A
3-PA,386,0,4565,0,0,4565,T
3-PA,387,4695,0,1,0,4696,A
3-PA,388,0,4559,0,2,4561,T
3-PA,389,4520,0,2,0,4522,A
3-PA,390,0,4462,1,6,4469,T
3-PA,391,0,4447,0,5,4452,T
3-PA,392,4668,0,1,0,4669,A
3-PA,393,1,4,0,4622,4627,C
3-PA,394,4,0,0,4441,4445,C
3-PA,395,0,4330,0,3,4333,T
3-PA,396,0,4168,0,0,4168,T
3-PA,397,0,0,4166,0,4166,G
3-PA,398,4142,1,2,1,4146,A
3-PA,399,1,1,3876,0,3878,G
3-PA,400,3894,0,3,1,3898,A
3-PA,401,3901,0,2,0,3903,A
3-PA,402,5,2,3938,0,3945,G
3-PA,403,2,0,3939,0,3941,G
3-PA,404,1,0,0,3948,3949,C
3-PA,405,5,2,0,3950,3957,C
3-PA,406,3948,1,1,1,3951,A
3-PA,407,3951,0,1,1,3953,A
3-PA,408,0,3952,0,0,3952,T
3-PA,409,3952,0,1,0,3953,A
3-PA,410,3948,0,3,2,3953,A
3-PA,411,1,3,3997,0,4001,G
3-PA,412,3939,0,2,0,3941,A
3-PA,413,0,3927,1,0,3928,T
3-PA,414,0,3922,1,0,3923,T
3-PA,415,3935,3,1,0,3939,A
3-PA,416,3934,0,1,0,3935,A
3-PA,417,3947,0,2,0,3949,A
3-PA,418,0,3968,0,0,3968,T
3-PA,419,3,2,1,3975,3981,C
3-PA,420,0,3893,0,0,3893,T
3-PA,421,0,1,3911,0,3912,G
3-PA,422,3901,0,3,0,3904,A
3-PA,423,1,2,3935,0,3938,G
3-PA,424,3929,1,2,0,3932,A
3-PA,425,3941,0,3,0,3944,A
3-PA,426,0,1,0,3949,3950,C
3-PA,427,3942,0,5,0,3947,A
3-PA,428,0,0,0,3960,3960,C
3-PA,429,3953,1,5,1,3960,A
3-PA,430,0,2,0,3979,3981,C
3-PA,431,3955,1,5,0,3961,A
3-PA,432,2,5,0,4045,4052,C
3-PA,433,4034,1,1,0,4036,A
3-PA,434,0,4000,0,2,4002,T
3-PA,435,0,3974,0,6,3980,T
3-PA,436,2,2,1,4014,4019,C
3-PA,437,4003,0,1,0,4004,A
3-PA,438,0,1,0,4042,4043,C
3-PA,439,3985,0,2,0,3987,A
3-PA,440,0,3972,0,1,3973,T
3-PA,441,0,3811,1,1,3813,T
3-PA,442,1,3881,0,0,3882,T
3-PA,443,0,3867,0,8,3875,T
3-PA,444,2,0,0,3896,3898,C
3-PA,445,2,3851,0,8,3861,T
3-PA,446,3,0,0,3886,3889,C
3-PA,447,3879,0,1,1,3881,A
3-PA,448,0,3863,1,1,3865,T
3-PA,449,0,3881,0,3,3884,T
3-PA,450,3,2,1,3900,3906,C
3-PA,451,3858,0,0,0,3858,A
3-PA,452,0,1,0,3895,3896,C
3-PA,453,0,3890,0,1,3891,T
3-PA,454,0,3,3890,0,3893,G
3-PA,455,0,2,3872,1,3875,G
3-PA,456,3725,2,7,0,3734,A
3-PA,457,0,0,3884,0,3884,G
3-PA,458,3862,1,6,0,3869,A
3-PA,459,0,1,3919,1,3921,G
3-PA,460,0,1,3912,0,3913,G
3-PA,461,3886,0,3,1,3890,A
3-PA,462,3871,0,4,0,3875,A
3-PA,463,3841,0,5,1,3847,A
3-PA,464,0,3780,0,0,3780,T
3-PA,465,1,3,3777,1,3782,G
3-PA,466,1,0,3759,0,3760,G
3-PA,467,1,4,0,3760,3765,C
3-PA,468,3,1,0,3753,3757,C
3-PA,469,3756,1,0,0,3757,A
3-PA,470,0,2,0,3763,3765,C
3-PA,471,3763,0,3,0,3766,A
3-PA,472,3773,1,1,1,3776,A
3-PA,473,3777,0,2,0,3779,A
3-PA,474,1,4,3785,0,3790,G
3-PA,475,0,0,3799,0,3799,G
3-PA,476,0,1,1,3794,3796,C
3-PA,477,3806,1,3,0,3810,A
3-PA,478,0,3,3853,0,3856,G
3-PA,479,3851,0,5,0,3856,A
3-PA,480,0,0,1,3882,3883,C
3-PA,481,0,3861,0,1,3862,T
3-PA,482,3887,0,2,0,3889,A
3-PA,483,2,0,0,3863,3865,C
3-PA,484,3826,1,1,0,3828,A
3-PA,485,0,0,0,3861,3861,C
3-PA,486,2,3704,0,2,3708,T
3-PA,487,1,0,0,3735,3736,C
3-PA,488,0,3676,1,2,3679,T
3-PA,489,3,4,0,3660,3667,C
3-PA,490,1,2,3656,0,3659,G
3-PA,491,3658,1,4,0,3663,A
3-PA,492,0,2,1,3643,3646,C
3-PA,493,3,1,3656,0,3660,G
3-PA,494,3622,0,4,0,3626,A
3-PA,495,1,4,3629,0,3634,G
3-PA,496,0,1,3611,1,3613,G
3-PA,497,3603,0,2,0,3605,A
3-PA,498,3614,0,1,0,3615,A
3-PA,499,3624,0,1,1,3626,A
3-PA,500,0,0,3621,0,3621,G
3-PA,501,0,1,0,3603,3604,C
3-PA,502,3555,0,2,0,3557,A
3-PA,503,1,6,3632,0,3639,G
3-PA,504,0,3,3652,0,3655,G
3-PA,505,1,1,3657,0,3659,G
3-PA,506,0,3,0,3648,3651,C
3-PA,507,0,3640,0,1,3641,T
3-PA,508,3638,0,4,0,3642,A
3-PA,509,1,1,3722,0,3724,G
3-PA,510,0,1,3922,1,3924,G
3-PA,511,3956,0,1,0,3957,A
3-PA,512,0,3838,0,0,3838,T
3-PA,513,0,3768,0,1,3769,T
3-PA,514,3787,0,1,1,3789,A
3-PA,515,3793,0,1,0,3794,A
3-PA,516,1,2,3811,0,3814,G
3-PA,517,3793,0,2,1,3796,A
3-PA,518,2,0,0,3774,3776,C
3-PA,519,1,2,0,3436,3439,C
3-PA,520,3396,0,3,0,3399,A
3-PA,521,0,2,3476,0,3478,G
3-PA,522,0,0,3483,0,3483,G
3-PA,523,0,0,0,3486,3486,C
3-PA,524,0,3466,0,7,3473,T
3-PA,525,0,3430,0,3,3433,T
3-PA,526,0,3467,0,0,3467,T
3-PA,527,1,3466,0,0,3467,T
3-PA,528,0,3487,0,0,3487,T
3-PA,529,3492,1,2,0,3495,A
3-PA,530,2,2,1,3508,3513,C
3-PA,531,3,2,0,3385,3390,C
3-PA,532,3379,1,0,0,3380,A
3-PA,533,0,3375,0,2,3377,T
3-PA,534,3347,0,1,2,3350,A
3-PA,535,3356,0,1,1,3358,A
3-PA,536,0,1,3415,1,3417,G
3-PA,537,3424,0,3,0,3427,A
3-PA,538,1,0,0,3403,3404,C
3-PA,539,3340,1,1,0,3342,A
3-PA,540,3347,1,4,0,3352,A
3-PA,541,0,1,3376,0,3377,G
3-PA,542,3351,0,1,0,3352,A
3-PA,543,3353,0,3,0,3356,A
3-PA,544,3331,0,2,0,3333,A
3-PA,545,0,3235,0,1,3236,T
3-PA,546,0,0,3296,1,3297,G
3-PA,547,1,0,3295,0,3296,G
3-PA,548,0,1,0,3274,3275,C
3-PA,549,5,2,0,3296,3303,C
3-PA,550,3300,0,1,1,3302,A
3-PA,551,3371,1,1,0,3373,A
3-PA,552,0,2,1,3370,3373,C
3-PA,553,3362,0,2,0,3364,A
3-PA,554,0,0,3361,0,3361,G
3-PA,555,3242,1,7,1,3251,A
3-PA,556,0,1,3335,0,3336,G
3-PA,557,0,2,3359,0,3361,G
3-PA,558,2,1,0,3339,3342,C
3-PA,559,1,1,0,3359,3361,C
3-PA,560,0,3247,0,1,3248,T
3-PA,561,3236,0,0,0,3236,A
3-PA,562,0,3270,0,3,3273,T
3-PA,563,3,3,3270,0,3276,G
3-PA,564,0,1,3288,0,3289,G
3-PA,565,2,3,3160,0,3165,G
3-PA,566,3040,0,3,0,3043,A
3-PA,567,0,2998,0,2,3000,T
3-PA,568,0,2951,0,1,2952,T
3-PA,569,2,0,0,3160,3162,C
3-PA,570,1,0,1,3051,3053,C
3-PA,571,0,2947,0,2,2949,T
3-PA,572,0,2932,1,0,2933,T
3-PA,573,1,2907,1,1,2910,T
3-PA,574,3,1,0,2918,2922,C
3-PA,575,2,0,2922,0,2924,G
3-PA,576,0,2900,0,4,2904,T
3-PA,577,1,0,0,2897,2898,C
3-PA,578,2763,0,1,0,2764,A
3-PA,579,1,0,3057,0,3058,G
3-PA,580,1,3057,0,3,3061,T
3-PA,581,4,1,0,3041,3046,C
3-PA,582,0,1,0,3067,3068,C
3-PA,583,2,12,3061,3,3078,G
3-PA,584,3062,5,3,0,3070,A
3-PA,585,3081,0,1,1,3083,A
3-PA,586,3076,1,1,3,3081,A
3-PA,587,0,0,3107,0,3107,G
3-PA,588,2963,1,1,0,2965,A
3-PA,589,0,0,2999,0,2999,G
3-PA,590,0,1,3007,0,3008,G
3-PA,591,1,0,0,2997,2998,C
3-PA,592,2,2,2997,0,3001,G
3-PA,593,2999,0,2,0,3001,A
3-PA,594,3010,1,2,0,3013,A
3-PA,595,2,2,3032,0,3036,G
3-PA,596,3042,2,0,1,3045,A
3-PA,597,3039,0,0,0,3039,A
3-PA,598,3028,0,1,0,3029,A
3-PA,599,0,0,0,3035,3035,C
3-PA,600,3033,0,0,1,3034,A
3-PA,601,3045,0,2,0,3047,A
3-PA,602,1,3031,0,1,3033,T
3-PA,603,0,3033,0,1,3034,T
3-PA,604,0,0,3035,0,3035,G
3-PA,605,3011,0,3,0,3014,A
3-PA,606,3024,0,0,0,3024,A
3-PA,607,1,1,3027,0,3029,G
3-PA,608,3005,2,1,0,3008,A
3-PA,609,3007,1,3,0,3011,A
3-PA,610,3009,0,0,0,3009,A
3-PA,611,3014,0,0,0,3014,A
3-PA,612,3023,3,0,0,3026,A
3-PA,613,0,3016,0,0,3016,T
3-PA,614,2,3011,1,0,3014,T
3-PA,615,0,3018,0,3,3021,T
3-PA,616,0,0,3029,0,3029,G
3-PA,617,3016,0,3,0,3019,A
3-PA,618,3019,0,0,0,3019,A
3-PA,619,3026,0,0,0,3026,A
3-PA,620,2,3052,0,0,3054,T
3-PA,621,4,1,0,3341,3346,C
3-PA,622,3347,1,1,0,3349,A
3-PA,623,1,0,0,3389,3390,C
3-PA,624,3374,0,7,0,3381,A
3-PA,625,0,1,3438,1,3440,G
3-PA,626,1,3,3543,0,3547,G
3-PA,627,3585,0,0,0,3585,A
3-PA,628,3639,0,1,0,3640,A
3-PA,629,0,0,0,3675,3675,C
3-PA,630,0,3500,0,2,3502,T
3-PA,631,3737,1,1,0,3739,A
3-PA,632,0,3758,1,1,3760,T
3-PA,633,3,0,3870,0,3873,G
3-PA,634,0,3,0,3850,3853,C
3-PA,635,3,0,3780,0,3783,G
3-PA,636,2,3760,1,2,3765,T
3-PA,637,3726,0,1,0,3727,A
3-PA,638,0,2,3744,0,3746,G
3-PA,639,0,0,3724,1,3725,G
3-PA,640,0,2,0,3652,3654,C
3-PA,641,0,3588,0,1,3589,T
3-PA,642,0,3528,0,0,3528,T
3-PA,643,0,3,3519,0,3522,G
3-PA,644,0,1,0,3510,3511,C
3-PA,645,3,0,0,3516,3519,C
3-PA,646,6,3,3552,0,3561,G
3-PA,647,3549,1,2,0,3552,A
3-PA,648,2,1,0,3546,3549,C
3-PA,649,1,3,0,3551,3555,C
3-PA,650,3567,0,1,0,3568,A
3-PA,651,3571,1,0,0,3572,A
3-PA,652,3568,1,1,0,3570,A
3-PA,653,0,0,3639,0,3639,G
3-PA,654,0,3623,0,2,3625,T
3-PA,655,3,3,0,3617,3623,C
3-PA,656,1,3584,0,4,3589,T
3-PA,657,2,1,0,3614,3617,C
3-PA,658,3,2,0,3626,3631,C
3-PA,659,1,0,0,3636,3637,C
3-PA,660,3642,0,1,1,3644,A
3-PA,661,0,0,0,3654,3654,C
3-PA,662,2,0,0,3598,3600,C
3-PA,663,0,4,3609,0,3613,G
3-PA,664,3639,1,0,0,3640,A
3-PA,665,3654,0,0,0,3654,A
3-PA,666,0,2,0,3686,3688,C
3-PA,667,0,3628,1,3,3632,T
3-PA,668,1,3656,0,4,3661,T
3-PA,669,2,3,0,3700,3705,C
3-PA,670,2,3645,0,4,3651,T
3-PA,671,5,1,0,3701,3707,C
3-PA,672,3,0,0,3690,3693,C
3-PA,673,2,3637,1,2,3642,T
3-PA,674,1,1,3678,0,3680,G
3-PA,675,0,0,0,3668,3668,C
3-PA,676,4,1,0,3677,3682,C
3-PA,677,1,3630,0,2,3633,T
3-PA,678,1,3599,0,3,3603,T
3-PA,679,1,2,3614,0,3617,G
3-PA,680,3600,2,5,0,3607,A
3-PA,681,0,3,3669,0,3672,G
3-PA,682,3643,0,0,1,3644,A
3-PA,683,3662,1,3,0,3666,A
3-PA,684,7,3736,0,0,3743,T
3-PA,685,0,3726,0,1,3727,T
3-PA,686,0,3746,0,1,3747,T
3-PA,687,0,3764,0,0,3764,T
3-PA,688,3742,1,5,0,3748,A
3-PA,689,2,0,3731,1,3734,G
3-PA,690,3653,0,9,0,3662,A
3-PA,691,2,1,3799,0,3802,G
3-PA,692,0,1,0,3784,3785,C
3-PA,693,2,0,0,3812,3814,C
3-PA,694,1,3840,0,5,3846,T
3-PA,695,3985,0,3,0,3988,A
3-PA,696,1,3988,0,1,3990,T
3-PA,697,1,1,4024,0,4026,G
3-PA,698,0,4016,0,3,4019,T
3-PA,699,3,3,4019,0,4025,G
3-PA,700,0,1,3963,0,3964,G
3-PA,701,3935,0,4,0,3939,A
3-PA,702,0,3900,0,1,3901,T
3-PA,703,1,1,3817,0,3819,G
3-PA,704,0,2,3917,0,3919,G
3-PA,705,3930,0,6,0,3936,A
3-PA,706,0,3905,0,0,3905,T
3-PA,707,1,3902,0,0,3903,T
3-PA,708,4,2,1,3877,3884,C
3-PA,709,15,8,3872,0,3895,G
3-PA,710,3912,0,2,0,3914,A
3-PA,711,3905,1,3,0,3909,A
3-PA,712,0,2,0,3915,3917,C
3-PA,713,5,2,0,3754,3761,C
3-PA,714,2,5,3775,0,3782,G
3-PA,715,3772,1,0,0,3773,A
3-PA,716,3770,2,3,0,3775,A
3-PA,717,0,1,0,3829,3830,C
3-PA,718,1,1,3801,0,3803,G
3-PA,719,1,3,3902,0,3906,G
3-PA,720,0,1,2,3904,3907,C
3-PA,721,1,3886,0,8,3895,T
3-PA,722,1,2,3986,0,3989,G
3-PA,723,0,2,1,3994,3997,C
3-PA,724,4024,0,4,0,4028,A
3-PA,725,0,4018,1,1,4020,T
3-PA,726,0,3970,0,0,3970,T
3-PA,727,1,2,3960,0,3963,G
3-PA,728,3810,1,4,0,3815,A
3-PA,729,0,4,3870,0,3874,G
3-PA,730,1,5,3838,0,3844,G
3-PA,731,1,1,3807,0,3809,G
3-PA,732,1,0,0,3778,3779,C
3-PA,733,3759,1,1,0,3761,A
3-PA,734,3775,0,5,0,3780,A
3-PA,735,0,0,3790,0,3790,G
3-PA,736,0,1,0,3804,3805,C
3-PA,737,0,3785,1,6,3792,T
3-PA,738,0,3765,0,1,3766,T
3-PA,739,0,3778,0,4,3782,T
3-PA,740,1,2,0,3789,3792,C
3-PA,741,0,3776,0,2,3778,T
3-PA,742,2,0,0,3803,3805,C
3-PA,743,3785,0,0,0,3785,A
3-PA,744,3771,0,1,0,3772,A
3-PA,745,3766,0,0,0,3766,A
3-PA,746,0,3766,0,0,3766,T
3-PA,747,1,0,3907,0,3908,G
3-PA,748,0,3877,0,2,3879,T
3-PA,749,4,0,0,3904,3908,C
3-PA,750,2,1,0,3911,3914,C
3-PA,751,3914,0,4,0,3918,A
3-PA,752,3921,0,0,0,3921,A
3-PA,753,3915,0,1,0,3916,A
3-PA,754,0,1,3966,0,3967,G
3-PA,755,3931,0,4,0,3935,A
3-PA,756,3807,0,4,1,3812,A
3-PA,757,0,0,3842,0,3842,G
3-PA,758,0,3792,1,2,3795,T
3-PA,759,2,3,3802,0,3807,G
3-PA,760,3777,0,3,0,3780,A
3-PA,761,3778,0,1,0,3779,A
3-PA,762,0,3779,0,2,3781,T
3-PA,763,1,0,3758,0,3759,G
3-PA,764,1,2,1,3755,3759,C
3-PA,765,3,2,0,3761,3766,C
3-PA,766,7,0,0,3766,3773,C
3-PA,767,3789,0,1,0,3790,A
3-PA,768,3829,1,1,0,3831,A
3-PA,769,3852,0,0,0,3852,A
3-PA,770,1,3845,1,0,3847,T
3-PA,771,0,3845,0,0,3845,T
3-PA,772,1,4,3831,0,3836,G
3-PA,773,3802,1,1,1,3805,A
3-PA,774,3788,0,6,1,3795,A
3-PA,775,1,2,0,3813,3816,C
3-PA,776,0,0,0,3798,3798,C
3-PA,777,0,3713,2,0,3715,T
3-PA,778,0,3824,0,2,3826,T
3-PA,779,0,3841,0,0,3841,T
3-PA,780,0,3905,0,1,3906,T
3-PA,781,0,0,0,3933,3933,C
3-PA,782,1,3910,0,3,3914,T
3-PA,783,2,1,3927,0,3930,G
3-PA,784,3912,1,2,0,3915,A
3-PA,785,3956,0,5,0,3961,A
3-PA,786,1,6,3990,0,3997,G
3-PA,787,3901,0,1,0,3902,A
3-PA,788,0,1,0,3913,3914,C
3-PA,789,3840,0,4,0,3844,A
3-PA,790,3867,0,4,1,3872,A
3-PA,791,0,3,0,4263,4266,C
3-PA,792,4285,0,2,1,4288,A
3-PA,793,8,0,0,4271,4279,C
3-PA,794,3,1,1,4221,4226,C
3-PA,795,4208,0,2,0,4210,A
3-PA,796,4202,0,7,1,4210,A
3-PA,797,1,4,4211,0,4216,G
3-PA,798,4194,0,6,0,4200,A
3-PA,799,0,1,0,4181,4182,C
3-PA,800,1,3,0,3730,3734,C
3-PA,801,3701,0,1,0,3702,A
3-PA,802,3707,1,1,0,3709,A
3-PA,803,0,3691,0,3,3694,T
3-PA,804,3,0,0,3714,3717,C
3-PA,805,3691,0,0,0,3691,A
3-PA,806,3675,0,1,0,3676,A
3-PA,807,3671,0,3,0,3674,A
3-PA,808,2,1,0,3713,3716,C
3-PA,809,0,3631,0,2,3633,T
3-PA,810,1,3655,1,1,3658,T
3-PA,811,2,1,0,3684,3687,C
3-PA,812,3,1,0,3681,3685,C
3-PA,813,1,3,3700,1,3705,G
3-PA,814,3675,2,0,0,3677,A
3-PA,815,3696,1,1,0,3698,A
3-PA,816,0,3693,0,3,3696,T
3-PA,817,1,4,3640,0,3645,G
3-PA,818,1,5,3650,0,3656,G
3-PA,819,3650,0,3,0,3653,A
3-PA,820,0,4,0,3663,3667,C
3-PA,821,3,1,0,3656,3660,C
3-PA,822,0,3724,0,3,3727,T
3-PA,823,3,0,0,3830,3833,C
3-PA,824,1,2,0,3831,3834,C
3-PA,825,2,3831,0,1,3834,T
3-PA,826,0,3845,0,0,3845,T
3-PA,827,1,0,3980,0,3981,G
3-PA,828,1,3932,0,1,3934,T
3-PA,829,0,3916,0,0,3916,T
3-PA,830,3905,0,2,0,3907,A
3-PA,831,0,3766,0,2,3768,T
3-PA,832,0,2,0,3722,3724,C
3-PA,833,3623,0,3,0,3626,A
3-PA,834,0,1,3617,0,3618,G
3-PA,835,0,1,0,3591,3592,C
3-PA,836,1,1,3443,0,3445,G
3-PA,837,1,0,3545,0,3546,G
3-PA,838,0,3532,0,6,3538,T
3-PA,839,1,0,0,3536,3537,C
3-PA,840,2,4,0,3552,3558,C
3-PA,841,3562,0,3,0,3565,A
3-PA,842,3579,0,2,1,3582,A
3-PA,843,3569,0,2,0,3571,A
3-PA,844,1,3578,0,0,3579,T
3-PA,845,0,3557,0,1,3558,T
3-PA,846,4,0,0,3509,3513,C
3-PA,847,0,3,0,3429,3432,C
3-PA,848,0,3413,1,1,3415,T
3-PA,849,5,0,0,3435,3440,C
3-PA,850,1,0,0,3470,3471,C
3-PA,851,0,3430,0,9,3439,T
3-PA,852,2,1,3466,0,3469,G
3-PA,853,3459,1,0,0,3460,A
3-PA,854,0,3456,1,1,3458,T
3-PA,855,1,0,3412,1,3414,G
3-PA,856,0,1,3366,0,3367,G
3-PA,857,3337,0,2,0,3339,A
3-PA,858,0,3295,0,0,3295,T
3-PA,859,0,0,3305,0,3305,G
3-PA,860,0,0,0,3507,3507,C
3-PA,861,0,3454,0,6,3460,T
3-PA,862,0,3473,0,1,3474,T
3-PA,863,2,3476,0,1,3479,T
3-PA,864,3491,0,1,0,3492,A
3-PA,865,3502,0,0,1,3503,A
3-PA,866,3508,1,1,0,3510,A
3-PA,867,3508,0,3,0,3511,A
3-PA,868,0,3475,0,1,3476,T
3-PA,869,0,3083,0,1,3084,T
3-PA,870,0,4,3076,0,3080,G
3-PA,871,3057,0,4,0,3061,A
3-PA,872,0,0,3090,0,3090,G
3-PA,873,0,2,0,3093,3095,C
3-PA,874,3064,0,3,0,3067,A
3-PA,875,0,3117,0,0,3117,T
3-PA,876,1,3106,0,1,3108,T
3-PA,877,1,2,3097,0,3100,G
3-PA,878,3115,0,4,1,3120,A
3-PA,879,3064,0,13,2,3079,A
3-PA,880,1,2,3068,0,3071,G
3-PA,881,2965,0,3,0,2968,A
3-PA,882,0,1,0,2984,2985,C
3-PA,883,2,0,0,2956,2958,C
3-PA,884,4,1,0,2873,2878,C
3-PA,885,2842,0,2,0,2844,A
3-PA,886,2856,0,2,3,2861,A
3-PA,887,0,1,2879,0,2880,G
3-PA,888,0,2870,0,3,2873,T
3-PA,889,3,0,1,2887,2891,C
3-PA,890,2902,0,0,0,2902,A
3-PA,891,0,1,0,2892,2893,C
3-PA,892,4,1,2892,0,2897,G
3-PA,893,2939,1,0,0,2940,A
3-PA,894,2949,1,2,0,2952,A
3-PA,895,1,1,3074,0,3076,G
3-PA,896,0,2,3057,0,3059,G
3-PA,897,3032,3,4,0,3039,A
3-PA,898,0,2,3091,0,3093,G
3-PA,899,3072,0,8,0,3080,A
3-PA,900,3074,1,6,0,3081,A
3-PA,901,1,7,3085,0,3093,G
3-PA,902,2,2,3027,0,3031,G
3-PA,903,0,2,3048,0,3050,G
3-PA,904,2952,0,2,0,2954,A
3-PA,905,1,2927,0,1,2929,T
3-PA,906,4,0,0,2951,2955,C
3-PA,907,1,1,0,3237,3239,C
3-PA,908,1,0,0,3294,3295,C
3-PA,909,3345,0,0,2,3347,A
3-PA,910,0,3347,0,3,3350,T
3-PA,911,0,3345,0,2,3347,T
3-PA,912,3446,0,0,0,3446,A
3-PA,913,1,3440,0,0,3441,T
3-PA,914,3422,2,3,0,3427,A
3-PA,915,0,3408,0,1,3409,T
3-PA,916,0,5,3027,0,3032,G
3-PA,917,3017,0,3,0,3020,A
3-PA,918,1,2983,0,0,2984,T
3-PA,919,0,1,2988,0,2989,G
3-PA,920,0,4,0,2964,2968,C
3-PA,921,1,3,2968,0,2972,G
3-PA,922,2993,3,2,0,2998,A
3-PA,923,0,2985,0,1,2986,T
3-PA,924,3,0,0,3006,3009,C
3-PA,925,3016,0,1,0,3017,A
3-PA,926,2986,1,2,0,2989,A
3-PA,927,0,0,3009,0,3009,G
3-PA,928,0,2980,0,1,2981,T
3-PA,929,0,0,3001,0,3001,G
3-PA,930,0,1,0,3009,3010,C
3-PA,931,2997,0,2,0,2999,A
3-PA,932,1,2991,0,11,3003,T
3-PA,933,3002,0,1,0,3003,A
3-PA,934,3048,2,1,0,3051,A
3-PA,935,3037,0,2,0,3039,A
3-PA,936,3019,1,1,0,3021,A
3-PA,937,3024,0,1,0,3025,A
3-PA,938,0,1,0,3035,3036,C
3-PA,939,2992,0,1,0,2993,A
3-PA,940,0,3004,0,1,3005,T
3-PA,941,0,2998,0,4,3002,T
3-PA,942,0,1,0,3009,3010,C
3-PA,943,1,2966,0,2,2969,T
3-PA,944,0,2957,0,1,2958,T
3-PA,945,1,2966,0,1,2968,T
3-PA,946,1,1,2969,0,2971,G
3-PA,947,0,2,2977,0,2979,G
3-PA,948,2974,1,2,0,2977,A
3-PA,949,1,2957,0,1,2959,T
3-PA,950,1,0,2991,0,2992,G
3-PA,951,0,1,3048,0,3049,G
3-PA,952,3057,1,4,0,3062,A
3-PA,953,3061,0,1,0,3062,A
3-PA,954,3052,0,12,0,3064,A
3-PA,955,1,2,3085,0,3088,G
3-PA,956,3069,1,8,1,3079,A
3-PA,957,3399,0,3,0,3402,A
3-PA,958,3,1,0,3462,3466,C
3-PA,959,3,2,0,3471,3476,C
3-PA,960,0,3433,1,2,3436,T
3-PA,961,1,3500,1,0,3502,T
3-PA,962,3516,2,0,0,3518,A
3-PA,963,0,3523,0,0,3523,T
3-PA,964,3479,0,0,0,3479,A
3-PA,965,0,3509,0,0,3509,T
3-PA,966,3142,0,1,0,3143,A
3-PA,967,1,2,3181,0,3184,G
3-PA,968,2,3141,0,6,3149,T
3-PA,969,2,1,0,3138,3141,C
3-PA,970,3098,0,0,0,3098,A
3-PA,971,3113,0,2,0,3115,A
3-PA,972,3101,2,4,0,3107,A
3-PA,973,1,0,0,3112,3113,C
3-PA,974,2,3,0,3058,3063,C
3-PA,975,3023,1,2,0,3026,A
3-PA,976,1,1,1,3047,3050,C
3-PA,977,3053,1,2,2,3058,A
3-PA,978,0,0,0,3070,3070,C
3-PA,979,1,2,3069,0,3072,G
3-PA,980,3062,1,0,0,3063,A
3-PA,981,3065,0,0,0,3065,A
3-PA,982,3031,0,3,0,3034,A
3-PA,983,3030,1,7,0,3038,A
3-PA,984,2,6,3073,0,3081,G
3-PA,985,1,2,3043,0,3046,G
3-PA,986,2,3,3062,0,3067,G
3-PA,987,3064,0,3,0,3067,A
3-PA,988,3073,1,3,0,3077,A
3-PA,989,0,3068,0,0,3068,T
3-PA,990,3074,0,0,0,3074,A
3-PA,991,3080,0,0,0,3080,A
3-PA,992,3084,1,1,0,3086,A
3-PA,993,1,3058,0,0,3059,T
3-PA,994,0,3043,0,1,3044,T
3-PA,995,4,1,0,3082,3087,C
3-PA,996,3081,0,1,0,3082,A
3-PA,997,3095,0,1,0,3096,A
3-PA,998,3096,0,1,0,3097,A
3-PA,999,1,3095,1,1,3098,T
3-PA,1000,0,3098,0,1,3099,T
3-PA,1001,3123,0,0,0,3123,A
3-PA,1002,1,0,0,3116,3117,C
3-PA,1003,0,1,0,3127,3128,C
3-PA,1004,0,3092,0,1,3093,T
3-PA,1005,1,1,3105,0,3107,G
3-PA,1006,0,0,0,3127,3127,C
3-PA,1007,1,3124,2,2,3129,T
3-PA,1008,2,1,3188,0,3191,G
3-PA,1009,3,3163,0,3,3169,T
3-PA,1010,2,0,0,3164,3166,C
3-PA,1011,3173,2,2,2,3179,A
3-PA,1012,0,3177,0,1,3178,T
3-PA,1013,1,2,3166,0,3169,G
3-PA,1014,0,2,3169,0,3171,G
3-PA,1015,3153,0,13,0,3166,A
3-PA,1016,3253,0,2,0,3255,A
3-PA,1017,1,0,3219,0,3220,G
3-PA,1018,0,0,0,3225,3225,C
3-PA,1019,3210,0,0,1,3211,A
3-PA,1020,3219,0,4,0,3223,A
3-PA,1021,1,0,3248,0,3249,G
3-PA,1022,0,3256,0,0,3256,T
3-PA,1023,3239,0,1,0,3240,A
3-PA,1024,0,1,0,3252,3253,C
3-PA,1025,0,3184,0,0,3184,T
3-PA,1026,3,0,3221,0,3224,G
3-PA,1027,0,3203,0,3,3206,T
3-PA,1028,2,1,1,3207,3211,C
3-PA,1029,3204,1,4,0,3209,A
3-PA,1030,1,3,3251,0,3255,G
3-PA,1031,3239,0,1,0,3240,A
3-PA,1032,3251,0,1,0,3252,A
3-PA,1033,1,3286,0,1,3288,T
3-PA,1034,0,3260,0,0,3260,T
3-PA,1035,0,0,3239,0,3239,G
3-PA,1036,0,0,1,3235,3236,C
3-PA,1037,3216,2,2,0,3220,A
3-PA,1038,0,3,3218,0,3221,G
3-PA,1039,1,2,3182,0,3185,G
3-PA,1040,3163,0,6,0,3169,A
3-PA,1041,2,1,0,3163,3166,C
3-PA,1042,3,0,3126,1,3130,G
3-PA,1043,2,3186,0,3,3191,T
3-PA,1044,0,3199,0,7,3206,T
3-PA,1045,0,2,3231,0,3233,G
3-PA,1046,3237,0,0,1,3238,A
3-PA,1047,3236,0,0,0,3236,A
3-PA,1048,3225,0,1,2,3228,A
3-PA,1049,3241,0,5,0,3246,A
3-PA,1050,1,3236,0,0,3237,T
3-PA,1051,0,1,3260,0,3261,G
3-PA,1052,3211,2,4,1,3218,A
3-PA,1053,2,2,3243,1,3248,G
3-PA,1054,0,1,3262,0,3263,G
3-PA,1055,3219,1,1,0,3221,A
3-PA,1056,0,0,3254,0,3254,G
3-PA,1057,3256,0,0,0,3256,A
3-PA,1058,3240,1,5,0,3246,A
3-PA,1059,2,2,3244,0,3248,G
3-PA,1060,4,0,3202,0,3206,G
3-PA,1061,1,3319,0,3,3323,T
3-PA,1062,0,3351,0,2,3353,T
3-PA,1063,1,2,0,3350,3353,C
3-PA,1064,3,0,0,3343,3346,C
3-PA,1065,3350,0,2,0,3352,A
3-PA,1066,3338,0,3,0,3341,A
3-PA,1067,0,2,3392,0,3394,G
3-PA,1068,0,2,3440,0,3442,G
3-PA,1069,3373,1,0,0,3374,A
3-PA,1070,0,1,0,3399,3400,C
3-PA,1071,0,3391,0,0,3391,T
3-PA,1072,3406,0,3,0,3409,A
3-PA,1073,3394,0,1,0,3395,A
3-PA,1074,3388,0,1,0,3389,A
3-PA,1075,3402,0,2,0,3404,A
3-PA,1076,3374,0,1,1,3376,A
3-PA,1077,0,0,0,3335,3335,C
3-PA,1078,3313,0,1,0,3314,A
3-PA,1079,1,3297,0,1,3299,T
3-PA,1080,1,2,3321,0,3324,G
3-PA,1081,3314,1,7,0,3322,A
3-PA,1082,3330,0,3,0,3333,A
3-PA,1083,2,2,3356,0,3360,G
3-PA,1084,3348,0,1,0,3349,A
3-PA,1085,3350,0,1,0,3351,A
3-PA,1086,3332,0,2,0,3334,A
3-PA,1087,3336,0,9,1,3346,A
3-PA,1088,1,1,0,3363,3365,C
3-PA,1089,0,3,3344,0,3347,G
3-PA,1090,3353,1,6,0,3360,A
3-PA,1091,1,0,3372,0,3373,G
3-PA,1092,0,3342,0,3,3345,T
3-PA,1093,3,0,0,3428,3431,C
3-PA,1094,3441,1,2,1,3445,A
3-PA,1095,3510,0,3,2,3515,A
3-PA,1096,1,1,0,3515,3517,C
3-PA,1097,1,3501,0,2,3504,T
3-PA,1098,0,0,3571,0,3571,G
3-PA,1099,3545,1,1,0,3547,A
3-PA,1100,3555,0,4,0,3559,A
3-PA,1101,1,1,3570,1,3573,G
3-PA,1102,0,3488,0,2,3490,T
3-PA,1103,2,5,3487,0,3494,G
3-PA,1104,0,2,3465,0,3467,G
3-PA,1105,0,0,3491,0,3491,G
3-PA,1106,1,2,1,3492,3496,C
3-PA,1107,1,3440,0,5,3446,T
3-PA,1108,2,0,0,3501,3503,C
3-PA,1109,0,3494,1,1,3496,T
3-PA,1110,0,3495,0,2,3497,T
3-PA,1111,0,3,3577,0,3580,G
3-PA,1112,0,0,3588,0,3588,G
3-PA,1113,0,3580,0,1,3581,T
3-PA,1114,0,1,3574,0,3575,G
3-PA,1115,3548,0,0,0,3548,A
3-PA,1116,3567,0,2,0,3569,A
3-PA,1117,3561,0,1,0,3562,A
3-PA,1118,3577,0,10,0,3587,A
3-PA,1119,0,3,0,3609,3612,C
3-PA,1120,3546,0,3,0,3549,A
3-PA,1121,0,3543,0,1,3544,T
3-PA,1122,0,2,3531,0,3533,G
3-PA,1123,3,2,3574,0,3579,G
3-PA,1124,3,0,0,3587,3590,C
3-PA,1125,3598,0,6,1,3605,A
3-PA,1126,1,1,0,3613,3615,C
3-PA,1127,0,3,0,3621,3624,C
3-PA,1128,3646,1,4,1,3652,A
3-PA,1129,0,2,3689,0,3691,G
3-PA,1130,3651,0,3,1,3655,A
3-PA,1131,2,0,3724,0,3726,G
3-PA,1132,3681,0,3,0,3684,A
3-PA,1133,3688,0,0,0,3688,A
3-PA,1134,1,3,3705,0,3709,G
3-PA,1135,5,0,3677,0,3682,G
3-PA,1136,1,3676,0,2,3679,T
3-PA,1137,3634,0,3,0,3637,A
3-PA,1138,0,2,3635,0,3637,G
3-PA,1139,3614,2,1,0,3617,A
3-PA,1140,1,1,0,3663,3665,C
3-PA,1141,1,3603,0,0,3604,T
3-PA,1142,0,3607,0,1,3608,T
3-PA,1143,0,3608,0,2,3610,T
3-PA,1144,0,3,3618,0,3621,G
3-PA,1145,3606,1,5,1,3613,A
3-PA,1146,3601,0,0,0,3601,A
3-PA,1147,3599,0,2,1,3602,A
3-PA,1148,3588,0,0,0,3588,A
3-PA,1149,0,2,4,3685,3691,C
3-PA,1150,3,3640,0,1,3644,T
3-PA,1151,1,0,3687,0,3688,G
3-PA,1152,1,0,0,3684,3685,C
3-PA,1153,3688,1,2,0,3691,A
3-PA,1154,0,2,3688,0,3690,G
3-PA,1155,3652,0,2,0,3654,A
3-PA,1156,0,2,3838,0,3840,G
3-PA,1157,3848,0,4,0,3852,A
3-PA,1158,1,1,0,3823,3825,C
3-PA,1159,3808,1,4,1,3814,A
3-PA,1160,0,3792,0,1,3793,T
3-PA,1161,3785,1,0,0,3786,A
3-PA,1162,3771,0,4,0,3775,A
3-PA,1163,2,0,3797,0,3799,G
3-PA,1164,0,3,0,3783,3786,C
3-PA,1165,5,2,3717,0,3724,G
3-PA,1166,3811,1,2,0,3814,A
3-PA,1167,1,3768,0,0,3769,T
3-PA,1168,0,3767,0,1,3768,T
3-PA,1169,0,3780,1,4,3785,T
3-PA,1170,1,1,3798,0,3800,G
3-PA,1171,3811,0,2,0,3813,A
3-PA,1172,3807,0,1,0,3808,A
3-PA,1173,1,0,3835,0,3836,G
3-PA,1174,1,2,0,3921,3924,C
3-PA,1175,3887,0,1,0,3888,A
3-PA,1176,4204,0,1,0,4205,A
3-PA,1177,0,4205,1,0,4206,T
3-PA,1178,4219,0,6,0,4225,A
3-PA,1179,2,4244,0,1,4247,T
3-PA,1180,0,2,4262,0,4264,G
3-PA,1181,4296,1,6,0,4303,A
3-PA,1182,1,4296,0,1,4298,T
3-PA,1183,4165,1,1,1,4168,A
3-PA,1184,0,0,4172,0,4172,G
3-PA,1185,2,3997,0,1,4000,T
3-PA,1186,0,5,3996,0,4001,G
3-PA,1187,4010,0,2,0,4012,A
3-PA,1188,0,4,0,3972,3976,C
3-PA,1189,2,2,3959,0,3963,G
3-PA,1190,3989,1,2,0,3992,A
3-PA,1191,3994,0,6,0,4000,A
3-PA,1192,2,4,0,4049,4055,C
3-PA,1193,5,1,0,4057,4063,C
3-PA,1194,1,4034,0,3,4038,T
3-PA,1195,1,1,4177,0,4179,G
3-PA,1196,4155,1,3,0,4159,A
3-PA,1197,4186,0,1,0,4187,A
3-PA,1198,1,4192,0,0,4193,T
3-PA,1199,0,4155,0,3,4158,T
3-PA,1200,4147,2,9,0,4158,A
3-PA,1201,4101,1,7,0,4109,A
3-PA,1202,0,2,4135,0,4137,G
3-PA,1203,0,3,4132,0,4135,G
3-PA,1204,0,4048,1,7,4056,T
3-PA,1205,4,2,0,4036,4042,C
3-PA,1206,4050,0,1,0,4051,A
3-PA,1207,2,4,0,4211,4217,C
3-PA,1208,0,4226,0,7,4233,T
3-PA,1209,0,4232,0,1,4233,T
3-PA,1210,0,4241,2,2,4245,T
3-PA,1211,3,0,0,4218,4221,C
3-PA,1212,4218,1,0,0,4219,A
3-PA,1213,4217,0,4,0,4221,A
3-PA,1214,2,2,4289,0,4293,G
3-PA,1215,1,3,1,4276,4281,C
3-PA,1216,0,4206,1,0,4207,T
3-PA,1217,3,2,4313,0,4318,G
3-PA,1218,1,3,4330,0,4334,G
3-PA,1219,4396,1,8,0,4405,A
3-PA,1220,1,4470,0,3,4474,T
3-PA,1221,4466,0,3,0,4469,A
3-PA,1222,0,0,0,4497,4497,C
3-PA,1223,4425,0,7,0,4432,A
3-PA,1224,1,2,4491,0,4494,G
3-PA,1225,4460,0,4,0,4464,A
3-PA,1226,4407,0,0,0,4407,A
3-PA,1227,0,4360,0,0,4360,T
3-PA,1228,0,4,4402,0,4406,G
3-PA,1229,4359,0,6,0,4365,A
3-PA,1230,0,0,4468,0,4468,G
3-PA,1231,0,4428,0,4,4432,T
3-PA,1232,1,4408,0,4,4413,T
3-PA,1233,6,7,0,4502,4515,C
3-PA,1234,4542,0,4,0,4546,A
3-PA,1235,4552,0,5,0,4557,A
3-PA,1236,1,0,0,4549,4550,C
3-PA,1237,4489,2,5,0,4496,A
3-PA,1238,4481,0,4,0,4485,A
3-PA,1239,31,0,4413,0,4444,G
3-PA,1240,1,1,4498,0,4500,G
3-PA,1241,1,3,0,4505,4509,C
3-PA,1242,2,1,0,4507,4510,C
3-PA,1243,1,4469,0,7,4477,T
3-PA,1244,2,0,4506,0,4508,G
3-PA,1245,0,4503,0,1,4504,T
3-PA,1246,3,3,4529,0,4535,G
3-PA,1247,4532,1,7,0,4540,A
3-PA,1248,0,0,4558,1,4559,G
3-PA,1249,0,3,0,4533,4536,C
3-PA,1250,0,4487,0,1,4488,T
3-PA,1251,4638,0,1,0,4639,A
3-PA,1252,4648,0,2,1,4651,A
3-PA,1253,0,0,1,4671,4672,C
3-PA,1254,0,4643,0,2,4645,T
3-PA,1255,1,3,4628,20,4652,G
3-PA,1256,4607,0,4,0,4611,A
3-PA,1257,3,4625,0,2,4630,T
3-PA,1258,2,4618,0,1,4621,T
3-PA,1259,2,2,0,4635,4639,C
3-PA,1260,1,4486,0,1,4488,T
3-PA,1261,0,1,4828,0,4829,G
3-PA,1262,2,4804,2,5,4813,T
3-PA,1263,2,0,0,4833,4835,C
3-PA,1264,2,4809,2,4,4817,T
3-PA,1265,4,2,4929,0,4935,G
3-PA,1266,2,3,4927,0,4932,G
3-PA,1267,4934,0,6,0,4940,A
3-PA,1268,0,4950,0,1,4951,T
3-PA,1269,4766,0,1,0,4767,A
3-PA,1270,2,6,4747,0,4755,G
3-PA,1271,4668,0,4,0,4672,A
3-PA,1272,1,4,4685,0,4690,G
3-PA,1273,1,1,0,4687,4689,C
3-PA,1274,0,4605,0,2,4607,T
3-PA,1275,4,3,0,4630,4637,C
3-PA,1276,2,3,4651,0,4656,G
3-PA,1277,4651,1,1,0,4653,A
3-PA,1278,1,4665,0,1,4667,T
3-PA,1279,0,2,4658,0,4660,G
3-PA,1280,4744,0,0,0,4744,A
3-PA,1281,4726,2,3,1,4732,A
3-PA,1282,4766,0,0,0,4766,A
3-PA,1283,1,4756,1,0,4758,T
3-PA,1284,1,4739,0,3,4743,T
3-PA,1285,1,4,4787,0,4792,G
3-PA,1286,1,5,4773,0,4779,G
3-PA,1287,4753,1,8,0,4762,A
3-PA,1288,1,3,4778,0,4782,G
3-PA,1289,4696,0,5,1,4702,A
3-PA,1290,1,2,4759,0,4762,G
3-PA,1291,2,0,4803,0,4805,G
3-PA,1292,4854,1,1,1,4857,A
3-PA,1293,0,1,0,4861,4862,C
3-PA,1294,4,4,4812,0,4820,G
3-PA,1295,0,4838,0,1,4839,T
3-PA,1296,4859,0,1,0,4860,A
3-PA,1297,2,1,4881,0,4884,G
3-PA,1298,4,1,0,4928,4933,C
3-PA,1299,1,3,0,4852,4856,C
3-PA,1300,5,1,1,4832,4839,C
3-PA,1301,5,3,0,4825,4833,C
3-PA,1302,4879,0,1,0,4880,A
3-PA,1303,5122,0,0,0,5122,A
3-PA,1304,4,5088,0,0,5092,T
3-PA,1305,0,5075,0,1,5076,T
3-PA,1306,1,9,5070,0,5080,G
3-PA,1307,4990,0,2,0,4992,A
3-PA,1308,3,0,4992,0,4995,G
3-PA,1309,1,4,0,4984,4989,C
3-PA,1310,4981,0,1,1,4983,A
3-PA,1311,0,0,0,5090,5090,C
3-PA,1312,4949,0,1,0,4950,A
3-PA,1313,0,5087,0,11,5098,T
3-PA,1314,2,5094,0,2,5098,T
3-PA,1315,1,1,5100,0,5102,G
3-PA,1316,3,3,0,5084,5090,C
3-PA,1317,5076,0,6,0,5082,A
3-PA,1318,5079,0,11,0,5090,A
3-PA,1319,1,1,5102,0,5104,G
3-PA,1320,2,0,0,5064,5066,C
3-PA,1321,5075,0,0,0,5075,A
3-PA,1322,0,4981,2,5,4988,T
3-PA,1323,4,2,4974,0,4980,G
3-PA,1324,4943,0,2,0,4945,A
3-PA,1325,0,1,5000,0,5001,G
3-PA,1326,4979,2,1,0,4982,A
3-PA,1327,4994,1,1,0,4996,A
3-PA,1328,1,4,4976,0,4981,G
3-PA,1329,3,3,4976,0,4982,G
3-PA,1330,4967,0,2,0,4969,A
3-PA,1331,4982,2,3,0,4987,A
3-PA,1332,0,4949,1,2,4952,T
3-PA,1333,0,4995,0,0,4995,T
3-PA,1334,4998,0,1,0,4999,A
3-PA,1335,5,5009,0,3,5017,T
3-PA,1336,1,5005,0,1,5007,T
3-PA,1337,0,5011,1,1,5013,T
3-PA,1338,2,0,0,4994,4996,C
3-PA,1339,4977,1,3,0,4981,A
3-PA,1340,2,1,0,5109,5112,C
3-PA,1341,5079,0,1,0,5080,A
3-PA,1342,3,1,5131,0,5135,G
3-PA,1343,2,0,0,5125,5127,C
3-PA,1344,5107,0,2,0,5109,A
3-PA,1345,0,1,5157,0,5158,G
3-PA,1346,5114,1,7,0,5122,A
3-PA,1347,2,2,5144,0,5148,G
3-PA,1348,1,0,5170,0,5171,G
3-PA,1349,0,5055,0,6,5061,T
3-PA,1350,2,1,5130,1,5134,G
3-PA,1351,1,5075,1,4,5081,T
3-PA,1352,0,1,0,5095,5096,C
3-PA,1353,5,3,0,5148,5156,C
3-PA,1354,8,0,0,5150,5158,C
3-PA,1355,5231,0,3,1,5235,A
3-PA,1356,0,5278,0,7,5285,T
3-PA,1357,0,5245,5,1,5251,T
3-PA,1358,1,0,5281,0,5282,G
3-PA,1359,1,5186,0,7,5194,T
3-PA,1360,5133,0,0,0,5133,A
3-PA,1361,0,4,5140,0,5144,G
3-PA,1362,4997,1,4,0,5002,A
3-PA,1363,3,3,5021,0,5027,G
3-PA,1364,2,0,0,4949,4951,C
3-PA,1365,5,4,0,4875,4884,C
3-PA,1366,4971,0,3,0,4974,A
3-PA,1367,0,1,0,4985,4986,C
3-PA,1368,0,4935,0,0,4935,T
3-PA,1369,4,3,4936,0,4943,G
3-PA,1370,4913,0,0,0,4913,A
3-PA,1371,4843,1,2,0,4846,A
3-PA,1372,0,5002,0,1,5003,T
3-PA,1373,5052,2,1,0,5055,A
3-PA,1374,0,3,1,5101,5105,C
3-PA,1375,4972,0,2,0,4974,A
3-PA,1376,1,4999,1,2,5003,T
3-PA,1377,4978,1,1,0,4980,A
3-PA,1378,5011,0,2,0,5013,A
3-PA,1379,0,5002,0,1,5003,T
3-PA,1380,2,1,4920,0,4923,G
3-PA,1381,4884,1,3,0,4888,A
3-PA,1382,4795,1,5,1,4802,A
3-PA,1383,4,6,4810,0,4820,G
3-PA,1384,0,3,4804,1,4808,G
3-PA,1385,1,5,4891,0,4897,G
3-PA,1386,0,4,4885,0,4889,G
3-PA,1387,2,0,4966,0,4968,G
3-PA,1388,0,4871,1,3,4875,T
3-PA,1389,4904,0,0,0,4904,A
3-PA,1390,0,4931,0,3,4934,T
3-PA,1391,4979,0,5,0,4984,A
3-PA,1392,0,2,0,5433,5435,C
3-PA,1393,5286,0,0,0,5286,A
3-PA,1394,0,5164,0,1,5165,T
3-PA,1395,2,5099,1,1,5103,T
3-PA,1396,5047,0,1,0,5048,A
3-PA,1397,5164,2,1,0,5167,A
3-PA,1398,0,2,1,5150,5153,C
3-PA,1399,5060,0,0,0,5060,A
3-PA,1400,0,0,0,5079,5079,C
3-PA,1401,0,4460,2,2,4464,T
3-PA,1402,2,1,4641,0,4644,G
3-PA,1403,0,1,0,4617,4618,C
3-PA,1404,4,0,0,4607,4611,C
3-PA,1405,2,2,0,4640,4644,C
3-PA,1406,0,4462,0,8,4470,T
3-PA,1407,2,1,4612,0,4615,G
3-PA,1408,0,1,0,4614,4615,C
3-PA,1409,1,4590,0,1,4592,T
3-PA,1410,1,2,0,4694,4697,C
3-PA,1411,4536,0,0,0,4536,A
3-PA,1412,4579,1,0,1,4581,A
3-PA,1413,0,4592,0,1,4593,T
3-PA,1414,0,1,4586,0,4587,G
3-PA,1415,0,4,0,4582,4586,C
3-PA,1416,4474,0,1,0,4475,A
3-PA,1417,1,4460,1,5,4467,T
3-PA,1418,2,1,0,4454,4457,C
3-PA,1419,6,1,1,4473,4481,C
3-PA,1420,2,4293,0,4,4299,T
3-PA,1421,1,1,4422,0,4424,G
3-PA,1422,0,4390,0,3,4393,T
3-PA,1423,1,0,4378,0,4379,G
3-PA,1424,1,2,0,4380,4383,C
3-PA,1425,4317,0,3,0,4320,A
3-PA,1426,3,0,4352,0,4355,G
3-PA,1427,2,1,0,4336,4339,C
3-PA,1428,4269,0,0,1,4270,A
3-PA,1429,4273,0,1,0,4274,A
3-PA,1430,0,4080,0,1,4081,T
3-PA,1431,0,0,4075,0,4075,G
3-PA,1432,1,2,4068,0,4071,G
3-PA,1433,4076,0,5,0,4081,A
3-PA,1434,0,2,0,4068,4070,C
3-PA,1435,0,1,4020,0,4021,G
3-PA,1436,4073,0,2,0,4075,A
3-PA,1437,1,4062,0,1,4064,T
3-PA,1438,0,4056,0,0,4056,T
3-PA,1439,0,4050,0,1,4051,T
3-PA,1440,0,4039,0,0,4039,T
3-PA,1441,5,0,0,4060,4065,C
3-PA,1442,4070,0,0,0,4070,A
3-PA,1443,4085,1,4,0,4090,A
3-PA,1444,0,9,0,4078,4087,C
3-PA,1445,0,3993,0,0,3993,T
3-PA,1446,3986,0,1,0,3987,A
3-PA,1447,3985,1,0,0,3986,A
3-PA,1448,0,3981,0,0,3981,T
3-PA,1449,0,3976,1,1,3978,T
3-PA,1450,4,3,0,3990,3997,C
3-PA,1451,2,8,0,3964,3974,C
3-PA,1452,5,3,0,3955,3963,C
3-PA,1453,3936,0,5,1,3942,A
3-PA,1454,1,4012,0,1,4014,T
3-PA,1455,0,2,4025,0,4027,G
3-PA,1456,4012,0,1,3,4016,A
3-PA,1457,2,4014,0,1,4017,T
3-PA,1458,4016,0,1,0,4017,A
3-PA,1459,4006,0,2,0,4008,A
3-PA,1460,0,1,4011,0,4012,G
3-PA,1461,1,4,0,4003,4008,C
3-PA,1462,3988,0,0,0,3988,A
3-PA,1463,3868,0,0,0,3868,A
3-PA,1464,2,1,3921,0,3924,G
3-PA,1465,0,3899,0,0,3899,T
3-PA,1466,0,0,3889,0,3889,G
3-PA,1467,3,2,0,3880,3885,C
3-PA,1468,3841,1,4,0,3846,A
3-PA,1469,1,1,3896,0,3898,G
3-PA,1470,3880,0,2,0,3882,A
3-PA,1471,3922,1,2,0,3925,A
3-PA,1472,1,0,1,3930,3932,C
3-PA,1473,0,3782,1,2,3785,T
3-PA,1474,3800,0,1,0,3801,A
3-PA,1475,3789,0,1,2,3792,A
3-PA,1476,3778,0,1,0,3779,A
3-PA,1477,0,4,3802,0,3806,G
3-PA,1478,3566,1,1,0,3568,A
3-PA,1479,1,8,3569,0,3578,G
3-PA,1480,1,3,3455,0,3459,G
3-PA,1481,1,1,3443,0,3445,G
3-PA,1482,3401,0,1,0,3402,A
3-PA,1483,3352,0,1,0,3353,A
3-PA,1484,1,0,3335,0,3336,G
3-PA,1485,1,1,3325,0,3327,G
3-PA,1486,0,6,0,3325,3331,C
3-PA,1487,1,8,3328,0,3337,G
3-PA,1488,3327,0,2,0,3329,A
3-PA,1489,3326,0,0,0,3326,A
3-PA,1490,3314,0,2,0,3316,A
3-PA,1491,3336,0,0,0,3336,A
3-PA,1492,3328,0,1,2,3331,A
3-PA,1493,2,2,0,3305,3309,C
3-PA,1494,5,3,0,3279,3287,C
3-PA,1495,3290,2,1,0,3293,A
3-PA,1496,3305,0,1,0,3306,A
3-PA,1497,0,3298,0,2,3300,T
3-PA,1498,0,3297,1,5,3303,T
3-PA,1499,1,3315,1,2,3319,T
3-PA,1500,3330,0,3,0,3333,A
3-PA,1501,1,3321,0,0,3322,T
3-PA,1502,3318,0,5,0,3323,A
3-PA,1503,0,3297,0,1,3298,T
3-PA,1504,0,1,3259,0,3260,G
3-PA,1505,0,4,3219,0,3223,G
3-PA,1506,3193,1,2,0,3196,A
3-PA,1507,1,3175,0,1,3177,T
3-PA,1508,0,3126,0,2,3128,T
3-PA,1509,5,0,0,3112,3117,C
3-PA,1510,3137,0,1,0,3138,A
3-PA,1511,0,3138,1,3,3142,T
3-PA,1512,0,1,0,3165,3166,C
3-PA,1513,3159,0,0,0,3159,A
3-PA,1514,0,3118,0,0,3118,T
3-PA,1515,3087,0,0,0,3087,A
3-PA,1516,3087,0,3,0,3090,A
3-PA,1517,3083,0,5,0,3088,A
3-PA,1518,1,2,3062,0,3065,G
3-PA,1519,1,2,2981,1,2985,G
3-PA,1520,0,3,2962,0,2965,G
3-PA,1521,2940,1,1,0,2942,A
3-PA,1522,2906,1,5,0,2912,A
3-PA,1523,2,0,2917,0,2919,G
3-PA,1524,2895,1,0,0,2896,A
3-PA,1525,0,2889,0,0,2889,T
3-PA,1526,2,0,0,2882,2884,C
3-PA,1527,0,2800,0,2,2802,T
3-PA,1528,5,0,0,2857,2862,C
3-PA,1529,2854,0,2,0,2856,A
3-PA,1530,1,2843,0,2,2846,T
3-PA,1531,0,2842,0,1,2843,T
3-PA,1532,0,2799,0,0,2799,T
3-PA,1533,2786,1,1,0,2788,A
3-PA,1534,2781,0,1,0,2782,A
3-PA,1535,0,0,2781,1,2782,G
3-PA,1536,0,0,2799,0,2799,G
3-PA,1537,2597,0,4,0,2601,A
3-PA,1538,2615,0,2,1,2618,A
3-PA,1539,0,2603,0,0,2603,T
3-PA,1540,1,1,2602,0,2604,G
3-PA,1541,2657,0,6,0,2663,A
3-PA,1542,0,6,0,2647,2653,C
3-PA,1543,2636,0,4,0,2640,A
3-PA,1544,4,0,1,2636,2641,C
3-PA,1545,2529,1,1,1,2532,A
3-PA,1546,0,0,2547,0,2547,G
3-PA,1547,2533,0,0,0,2533,A
3-PA,1548,2,1,0,2491,2494,C
3-PA,1549,4,1,2443,0,2448,G
3-PA,1550,1,2241,1,2,2245,T
3-PA,1551,0,2,2243,0,2245,G
3-PA,1552,0,0,2258,1,2259,G
3-PA,1553,0,2261,0,2,2263,T
3-PA,1554,2256,0,0,0,2256,A
3-PA,1555,2213,0,1,1,2215,A
3-PA,1556,2213,0,3,0,2216,A
3-PA,1557,1,2208,0,0,2209,T
3-PA,1558,0,2155,1,0,2156,T
3-PA,1559,0,2158,0,0,2158,T
3-PA,1560,0,2113,0,1,2114,T
3-PA,1561,0,1,2112,0,2113,G
3-PA,1562,0,2087,1,0,2088,T
3-PA,1563,0,4,2077,0,2081,G
3-PA,1564,2047,1,4,1,2053,A
3-PA,1565,1,0,2062,0,2063,G
3-PA,1566,2,0,0,2038,2040,C
3-PA,1567,2049,1,0,0,2050,A
3-PA,1568,0,2044,0,2,2046,T
3-PA,1569,0,0,2049,0,2049,G
3-PA,1570,0,2,2059,0,2061,G
3-PA,1571,2048,0,1,1,2050,A
3-PA,1572,1,0,2059,0,2060,G
3-PA,1573,0,2014,0,2,2016,T
3-PA,1574,0,1975,0,3,1978,T
3-PA,1575,0,1969,0,1,1970,T
3-PA,1576,0,1963,0,3,1966,T
3-PA,1577,2,0,0,1973,1975,C
3-PA,1578,1,1946,2,5,1954,T
3-PA,1579,2,0,0,1954,1956,C
3-PA,1580,0,1876,0,3,1879,T
3-PA,1581,1,1,1,1880,1883,C
3-PA,1582,1878,0,1,0,1879,A
3-PA,1583,0,1,0,1864,1865,C
3-PA,1584,0,1824,0,1,1825,T
3-PA,1585,0,2,1825,0,1827,G
3-PA,1586,1824,0,1,0,1825,A
3-PA,1587,0,2,1,1814,1817,C
3-PA,1588,4,1,0,1804,1809,C
3-PA,1589,2,0,0,1778,1780,C
3-PA,1590,1,0,1774,0,1775,G
3-PA,1591,1753,0,5,0,1758,A
3-PA,1592,0,1,1765,0,1766,G
3-PA,1593,1762,0,1,0,1763,A
3-PA,1594,1,2,0,1713,1716,C
3-PA,1595,0,1665,0,5,1670,T
3-PA,1596,0,1568,0,2,1570,T
3-PA,1597,0,0,1566,0,1566,G
3-PA,1598,1541,2,2,1,1546,A
3-PA,1599,1,0,1561,0,1562,G
3-PA,1600,1,1,0,1540,1542,C
3-PA,1601,2,0,0,1465,1467,C
3-PA,1602,1464,0,1,0,1465,A
3-PA,1603,0,0,0,1451,1451,C
3-PA,1604,1450,0,1,0,1451,A
3-PA,1605,0,1451,0,0,1451,T
3-PA,1606,1426,0,0,0,1426,A
3-PA,1607,1423,0,0,0,1423,A
3-PA,1608,1418,0,0,0,1418,A
3-PA,1609,0,1409,0,0,1409,T
3-PA,1610,0,0,1402,2,1404,G
3-PA,1611,1,0,1226,0,1227,G
3-PA,1612,0,4,1204,0,1208,G
3-PA,1613,1163,0,0,0,1163,A
3-PA,1614,1,0,1163,0,1164,G
3-PA,1615,1133,0,1,0,1134,A
3-PA,1616,1109,0,0,0,1109,A
3-PA,1617,1100,0,0,0,1100,A
3-PA,1618,0,1107,0,0,1107,T
3-PA,1619,1082,0,0,0,1082,A
3-PA,1620,7,0,0,1066,1073,C
3-PA,1621,0,515,0,0,515,T
3-PA,1622,0,0,519,0,519,G
3-PA,1623,0,270,0,1,271,T
3-PA,1624,0,0,264,0,264,G
3-PA,1625,0,245,0,0,245,T
3-PA,1626,0,0,0,106,106,C
3-PA,1627,0,0,0,95,95,C
3-PA,1628,0,83,0,0,83,T
3-PA,1629,0,83,0,0,83,T
3-PA,1630,0,0,82,0,82,G
3-PA,1631,79,0,1,0,80,A
3-PA,1632,0,0,85,0,85,G
3-PA,1633,81,0,0,0,81,A
3-PA,1634,0,81,0,0,81,T
3-PA,1635,82,0,0,0,82,A
3-PA,1636,0,0,83,0,83,G
3-PA,1637,0,0,84,0,84,G
3-PA,1638,83,0,0,0,83,A
3-PA,1639,0,0,85,0,85,G
3-PA,1640,80,0,0,0,80,A
3-PA,1641,0,82,0,0,82,T
3-PA,1642,84,0,0,0,84,A
3-PA,1643,0,84,0,0,84,T
3-PA,1644,0,0,84,0,84,G
3-PA,1645,0,82,0,1,83,T
3-PA,1646,0,83,0,0,83,T
3-PA,1647,84,0,0,0,84,A
3-PA,1648,0,0,0,86,86,C
3-PA,1649,0,85,0,0,85,T
3-PA,1650,84,0,0,0,84,A
3-PA,1651,85,0,0,0,85,A
3-PA,1652,0,0,85,0,85,G
3-PA,1653,84,0,0,0,84,A
3-PA,1654,83,0,0,0,83,A
3-PA,1655,0,0,81,0,81,G
3-PA,1656,0,81,0,0,81,T
3-PA,1657,0,0,83,0,83,G
3-PA,1658,0,0,0,84,84,C
3-PA,1659,0,0,0,84,84,C
3-PA,1660,84,0,0,0,84,A
3-PA,1661,0,84,0,0,84,T
3-PA,1662,83,0,0,0,83,A
3-PA,1663,0,0,84,0,84,G
3-PA,1664,0,0,86,0,86,G
3-PA,1665,1,0,0,84,85,C
3-PA,1666,0,0,0,86,86,C
3-PA,1667,84,0,0,0,84,A
3-PA,1668,84,0,0,0,84,A
3-PA,1669,83,0,1,0,84,A
3-PA,1670,0,83,0,0,83,T
3-PA,1671,0,84,0,0,84,T
3-PA,1672,0,82,0,0,82,T
3-PA,1673,0,0,0,84,84,C
3-PA,1674,81,0,0,0,81,A
3-PA,1675,85,0,0,0,85,A
3-PA,1676,0,0,84,0,84,G
3-PA,1677,0,0,86,0,86,G
3-PA,1678,0,1,0,83,84,C
3-PA,1679,0,0,0,86,86,C
3-PA,1680,85,0,0,0,85,A
3-PA,1681,88,0,0,0,88,A
3-PA,1682,0,87,0,0,87,T
3-PA,1683,0,0,93,0,93,G
3-PA,1684,0,92,0,0,92,T
3-PA,1685,0,98,0,0,98,T
3-PA,1686,0,0,0,98,98,C
3-PA,1687,0,96,0,0,96,T
3-PA,1688,0,95,0,0,95,T
3-PA,1689,92,0,0,0,92,A
3-PA,1690,0,95,0,0,95,T
3-PA,1691,95,0,0,0,95,A
3-PA,1692,0,96,0,0,96,T
3-PA,1693,0,0,97,0,97,G
3-PA,1694,0,88,0,0,88,T
3-PA,1695,0,0,86,0,86,G
3-PA,1696,83,0,0,0,83,A
3-PA,1697,0,0,83,0,83,G
3-PA,1698,0,0,83,0,83,G
3-PA,1699,83,0,0,0,83,A
3-PA,1700,0,0,0,85,85,C
3-PA,1701,86,0,0,0,86,A
3-PA,1702,85,0,0,1,86,A
3-PA,1703,83,0,1,0,84,A
3-PA,1704,0,0,0,86,86,C
3-PA,1705,0,0,85,0,85,G
3-PA,1706,0,0,86,0,86,G
3-PA,1707,86,0,0,0,86,A
3-PA,1708,87,0,0,0,87,A
3-PA,1709,0,0,0,89,89,C
3-PA,1710,89,0,0,0,89,A
3-PA,1711,0,89,0,0,89,T
3-PA,1712,0,0,0,89,89,C
3-PA,1713,89,0,0,0,89,A
3-PA,1714,89,0,0,0,89,A
3-PA,1715,88,0,0,0,88,A
3-PA,1716,0,0,87,0,87,G
3-PA,1717,0,0,89,0,89,G
3-PA,1718,0,86,0,0,86,T
3-PA,1719,0,0,0,89,89,C
3-PA,1720,89,0,0,0,89,A
3-PA,1721,88,0,0,0,88,A
3-PA,1722,90,0,0,0,90,A
3-PA,1723,89,0,0,0,89,A
3-PA,1724,0,89,0,0,89,T
3-PA,1725,0,0,91,0,91,G
3-PA,1726,88,0,1,0,89,A
3-PA,1727,91,0,0,0,91,A
3-PA,1728,90,0,0,0,90,A
3-PA,1729,0,91,0,0,91,T
3-PA,1730,0,0,96,0,96,G
3-PA,1731,0,0,96,0,96,G
3-PA,1732,0,0,96,0,96,G
3-PA,1733,0,0,98,0,98,G
3-PA,1734,96,0,0,0,96,A
3-PA,1735,97,0,0,0,97,A
3-PA,1736,0,97,0,0,97,T
3-PA,1737,0,0,98,0,98,G
3-PA,1738,0,0,99,0,99,G
3-PA,1739,94,0,0,0,94,A
3-PA,1740,0,0,95,0,95,G
3-PA,1741,94,0,0,0,94,A
3-PA,1742,0,91,0,0,91,T
3-PA,1743,0,0,92,0,92,G
3-PA,1744,91,0,0,0,91,A
3-PA,1745,0,0,93,0,93,G
3-PA,1746,91,0,0,0,91,A
3-PA,1747,0,0,0,90,90,C
3-PA,1748,0,0,92,0,92,G
3-PA,1749,0,89,0,0,89,T
3-PA,1750,0,88,0,1,89,T
3-PA,1751,0,0,90,0,90,G
3-PA,1752,0,0,0,90,90,C
3-PA,1753,0,0,0,88,88,C
3-PA,1754,0,90,0,0,90,T
3-PA,1755,0,0,0,89,89,C
3-PA,1756,0,0,0,90,90,C
3-PA,1757,0,89,0,0,89,T
3-PA,1758,0,90,0,0,90,T
3-PA,1759,0,0,0,91,91,C
3-PA,1760,91,0,0,0,91,A
3-PA,1761,0,0,90,0,90,G
3-PA,1762,0,90,0,0,90,T
3-PA,1763,0,0,0,92,92,C
3-PA,1764,89,0,0,0,89,A
3-PA,1765,0,0,0,90,90,C
3-PA,1766,0,89,0,0,89,T
3-PA,1767,0,0,0,91,91,C
3-PA,1768,0,0,0,89,89,C
3-PA,1769,92,0,0,0,92,A
3-PA,1770,0,0,92,0,92,G
3-PA,1771,0,0,0,92,92,C
3-PA,1772,92,0,0,0,92,A
3-PA,1773,0,0,94,0,94,G
3-PA,1774,92,0,0,0,92,A
3-PA,1775,0,91,0,0,91,T
3-PA,1776,0,0,0,89,89,C
3-PA,1777,0,0,91,0,91,G
3-PA,1778,91,0,0,0,91,A
3-PA,1779,0,0,91,0,91,G
3-PA,1780,89,0,0,0,89,A
3-PA,1781,0,0,89,0,89,G
3-PA,1782,0,0,0,91,91,C
3-PA,1783,91,0,0,0,91,A
3-PA,1784,0,93,0,0,93,T
3-PA,1785,0,0,95,0,95,G
3-PA,1786,96,0,0,0,96,A
3-PA,1787,0,94,0,0,94,T
3-PA,1788,0,93,0,0,93,T
3-PA,1789,0,0,93,0,93,G
3-PA,1790,94,0,0,0,94,A
3-PA,1791,93,0,1,0,94,A
3-PA,1792,0,0,94,0,94,G
3-PA,1793,0,0,0,94,94,C
3-PA,1794,0,0,0,93,93,C
3-PA,1795,0,0,92,0,92,G
3-PA,1796,92,0,0,0,92,A
3-PA,1797,0,0,92,0,92,G
3-PA,1798,0,91,0,0,91,T
3-PA,1799,0,0,0,92,92,C
3-PA,1800,0,0,0,92,92,C
3-PA,1801,0,90,0,0,90,T
3-PA,1802,0,0,0,92,92,C
3-PA,1803,0,0,92,0,92,G
3-PA,1804,0,0,95,0,95,G
3-PA,1805,0,94,0,0,94,T
3-PA,1806,0,92,0,0,92,T
3-PA,1807,92,0,0,0,92,A
3-PA,1808,92,0,0,0,92,A
3-PA,1809,92,0,0,0,92,A
3-PA,1810,0,0,92,0,92,G
3-PA,1811,93,0,0,0,93,A
3-PA,1812,0,0,93,0,93,G
3-PA,1813,87,0,0,0,87,A
3-PA,1814,87,0,0,0,87,A
3-PA,1815,87,0,0,0,87,A
3-PA,1816,0,0,86,0,86,G
3-PA,1817,85,0,0,0,85,A
3-PA,1818,0,0,0,85,85,C
3-PA,1819,83,0,0,0,83,A
3-PA,1820,0,84,0,0,84,T
3-PA,1821,0,0,85,0,85,G
3-PA,1822,85,0,0,0,85,A
3-PA,1823,0,0,0,85,85,C
3-PA,1824,0,1,0,84,85,C
3-PA,1825,85,0,0,0,85,A
3-PA,1826,84,0,0,0,84,A
3-PA,1827,85,0,0,0,85,A
3-PA,1828,0,0,86,0,86,G
3-PA,1829,86,0,0,0,86,A
3-PA,1830,0,0,87,0,87,G
3-PA,1831,0,86,0,0,86,T
3-PA,1832,0,86,0,0,86,T
3-PA,1833,0,86,0,0,86,T
3-PA,1834,0,86,0,0,86,T
3-PA,1835,0,86,0,0,86,T
3-PA,1836,0,86,0,0,86,T
3-PA,1837,0,0,85,0,85,G
3-PA,1838,84,0,0,0,84,A
3-PA,1839,0,0,87,0,87,G
3-PA,1840,87,0,0,0,87,A
3-PA,1841,86,0,0,0,86,A
3-PA,1842,0,87,0,0,87,T
3-PA,1843,87,1,0,0,88,A
3-PA,1844,89,0,0,0,89,A
3-PA,1845,89,0,0,0,89,A
3-PA,1846,0,90,0,0,90,T
3-PA,1847,0,0,0,89,89,C
3-PA,1848,89,0,0,0,89,A
3-PA,1849,0,0,90,0,90,G
3-PA,1850,88,0,0,0,88,A
3-PA,1851,88,0,0,0,88,A
3-PA,1852,0,0,89,0,89,G
3-PA,1853,0,0,0,84,84,C
3-PA,1854,84,0,0,0,84,A
3-PA,1855,0,83,0,0,83,T
3-PA,1856,0,0,82,0,82,G
3-PA,1857,0,0,84,0,84,G
3-PA,1858,0,0,0,85,85,C
3-PA,1859,0,0,0,87,87,C
3-PA,1860,0,0,0,87,87,C
3-PA,1861,88,0,0,0,88,A
3-PA,1862,0,89,0,0,89,T
3-PA,1863,0,87,0,0,87,T
3-PA,1864,0,0,88,0,88,G
3-PA,1865,0,0,87,0,87,G
3-PA,1866,1,0,86,0,87,G
3-PA,1867,0,0,83,0,83,G
3-PA,1868,80,0,0,0,80,A
3-PA,1869,0,0,81,0,81,G
3-PA,1870,0,75,0,0,75,T
3-PA,1871,0,0,0,82,82,C
3-PA,1872,0,0,0,93,93,C
3-PA,1873,0,0,0,92,92,C
3-PA,1874,0,0,0,93,93,C
3-PA,1875,0,0,0,93,93,C
3-PA,1876,92,0,0,0,92,A
3-PA,1877,93,0,0,0,93,A
3-PA,1878,0,0,94,0,94,G
3-PA,1879,0,0,90,0,90,G
3-PA,1880,0,0,89,0,89,G
3-PA,1881,84,0,0,0,84,A
3-PA,1882,0,0,86,0,86,G
3-PA,1883,0,85,0,0,85,T
3-PA,1884,0,0,86,0,86,G
3-PA,1885,0,0,87,0,87,G
3-PA,1886,87,0,0,0,87,A
3-PA,1887,86,0,0,0,86,A
3-PA,1888,0,0,84,0,84,G
3-PA,1889,83,0,0,0,83,A
3-PA,1890,83,0,1,0,84,A
3-PA,1891,0,1,81,0,82,G
3-PA,1892,0,0,84,0,84,G
3-PA,1893,0,83,0,0,83,T
3-PA,1894,0,81,0,0,81,T
3-PA,1895,0,0,1,84,85,C
3-PA,1896,0,0,0,85,85,C
3-PA,1897,85,0,0,0,85,A
3-PA,1898,0,87,0,0,87,T
3-PA,1899,0,87,0,0,87,T
3-PA,1900,0,0,85,0,85,G
3-PA,1901,0,0,87,0,87,G
3-PA,1902,0,0,86,0,86,G
3-PA,1903,86,0,0,0,86,A
3-PA,1904,87,0,0,0,87,A
3-PA,1905,87,0,0,0,87,A
3-PA,1906,0,0,89,0,89,G
3-PA,1907,0,88,0,0,88,T
3-PA,1908,0,0,0,90,90,C
3-PA,1909,0,90,0,0,90,T
3-PA,1910,0,0,89,0,89,G
3-PA,1911,0,90,0,1,91,T
3-PA,1912,90,0,0,0,90,A
3-PA,1913,0,0,91,0,91,G
3-PA,1914,0,0,89,0,89,G
3-PA,1915,88,0,0,0,88,A
3-PA,1916,1,0,0,87,88,C
3-PA,1917,0,85,0,0,85,T
3-PA,1918,0,0,0,97,97,C
3-PA,1919,0,96,0,0,96,T
3-PA,1920,98,0,0,0,98,A
3-PA,1921,0,97,0,0,97,T
3-PA,1922,0,98,0,0,98,T
3-PA,1923,0,0,99,0,99,G
3-PA,1924,0,1,97,0,98,G
3-PA,1925,0,0,0,98,98,C
3-PA,1926,0,97,0,0,97,T
3-PA,1927,90,0,0,0,90,A
3-PA,1928,91,0,0,0,91,A
3-PA,1929,0,0,91,0,91,G
3-PA,1930,0,91,0,0,91,T
3-PA,1931,0,0,0,90,90,C
3-PA,1932,90,0,0,0,90,A
3-PA,1933,0,0,92,0,92,G
3-PA,1934,0,92,0,0,92,T
3-PA,1935,92,0,0,0,92,A
3-PA,1936,0,92,0,0,92,T
3-PA,1937,0,90,0,0,90,T
3-PA,1938,0,0,0,89,89,C
3-PA,1939,91,0,0,0,91,A
3-PA,1940,91,0,0,0,91,A
3-PA,1941,0,91,0,0,91,T
3-PA,1942,86,0,0,0,86,A
3-PA,1943,0,0,86,0,86,G
3-PA,1944,0,0,0,81,81,C
3-PA,1945,0,0,0,82,82,C
3-PA,1946,0,80,0,0,80,T
3-PA,1947,0,0,84,0,84,G
3-PA,1948,0,83,0,1,84,T
3-PA,1949,84,0,0,0,84,A
3-PA,1950,0,84,0,0,84,T
3-PA,1951,0,0,81,0,81,G
3-PA,1952,0,0,0,82,82,C
3-PA,1953,80,0,0,0,80,A
3-PA,1954,0,80,0,0,80,T
3-PA,1955,0,0,0,78,78,C
3-PA,1956,80,0,0,0,80,A
3-PA,1957,0,0,0,81,81,C
3-PA,1958,0,0,0,79,79,C
3-PA,1959,78,0,0,0,78,A
3-PA,1960,0,0,0,78,78,C
3-PA,1961,78,0,0,0,78,A
3-PA,1962,77,0,0,0,77,A
3-PA,1963,0,77,0,0,77,T
3-PA,1964,0,78,0,0,78,T
3-PA,1965,0,0,77,0,77,G
3-PA,1966,1,0,73,0,74,G
3-PA,1967,72,0,0,0,72,A
3-PA,1968,74,0,0,0,74,A
3-PA,1969,0,0,73,0,73,G
3-PA,1970,0,0,73,0,73,G
3-PA,1971,74,0,0,0,74,A
3-PA,1972,0,72,0,0,72,T
3-PA,1973,0,72,0,0,72,T
3-PA,1974,0,73,0,0,73,T
3-PA,1975,0,74,0,0,74,T
3-PA,1976,1,0,0,73,74,C
3-PA,1977,75,0,0,0,75,A
3-PA,1978,0,0,75,0,75,G
3-PA,1979,0,0,0,75,75,C
3-PA,1980,0,0,75,0,75,G
3-PA,1981,0,0,75,0,75,G
3-PA,1982,73,0,0,0,73,A
3-PA,1983,0,0,74,0,74,G
3-PA,1984,0,73,0,0,73,T
3-PA,1985,0,0,0,72,72,C
3-PA,1986,74,0,0,0,74,A
3-PA,1987,73,0,0,0,73,A
3-PA,1988,0,0,74,0,74,G
3-PA,1989,72,0,0,0,72,A
3-PA,1990,73,0,0,0,73,A
3-PA,1991,68,0,0,0,68,A
3-PA,1992,69,0,0,0,69,A
3-PA,1993,0,0,0,70,70,C
3-PA,1994,0,69,0,0,69,T
3-PA,1995,0,0,70,0,70,G
3-PA,1996,0,0,0,70,70,C
3-PA,1997,0,68,0,0,68,T
3-PA,1998,0,0,0,70,70,C
3-PA,1999,0,0,0,68,68,C
3-PA,2000,0,70,0,0,70,T
3-PA,2001,0,70,0,0,70,T
3-PA,2002,0,0,70,0,70,G
3-PA,2003,0,70,0,0,70,T
3-PA,2004,0,70,0,0,70,T
3-PA,2005,0,0,70,0,70,G
3-PA,2006,0,68,0,0,68,T
3-PA,2007,0,69,0,0,69,T
3-PA,2008,0,0,0,68,68,C
3-PA,2009,67,0,0,0,67,A
3-PA,2010,0,0,68,0,68,G
3-PA,2011,0,0,68,0,68,G
3-PA,2012,0,1,0,67,68,C
3-PA,2013,0,67,0,0,67,T
3-PA,2014,0,0,0,67,67,C
3-PA,2015,0,67,0,0,67,T
3-PA,2016,0,67,0,0,67,T
3-PA,2017,68,0,0,0,68,A
3-PA,2018,0,0,68,0,68,G
3-PA,2019,0,0,67,0,67,G
3-PA,2020,0,0,67,0,67,G
3-PA,2021,62,0,0,0,62,A
3-PA,2022,0,0,0,65,65,C
3-PA,2023,60,0,0,0,60,A
3-PA,2024,61,0,0,0,61,A
3-PA,2025,0,0,0,62,62,C
3-PA,2026,0,0,0,62,62,C
3-PA,2027,0,61,0,1,62,T
3-PA,2028,0,0,0,61,61,C
3-PA,2029,0,0,61,0,61,G
3-PA,2030,62,0,0,0,62,A
3-PA,2031,61,0,0,0,61,A
3-PA,2032,0,0,0,60,60,C
3-PA,2033,0,0,0,62,62,C
3-PA,2034,0,59,0,0,59,T
3-PA,2035,0,0,58,0,58,G
3-PA,2036,0,0,57,0,57,G
3-PA,2037,0,0,58,0,58,G
3-PA,2038,57,0,0,0,57,A
3-PA,2039,0,0,0,57,57,C
3-PA,2040,0,0,0,58,58,C
3-PA,2041,0,55,0,0,55,T
3-PA,2042,0,57,0,0,57,T
3-PA,2043,0,57,0,0,57,T
3-PA,2044,0,0,57,0,57,G
3-PA,2045,57,0,0,0,57,A
3-PA,2046,0,57,0,0,57,T
3-PA,2047,0,0,0,57,57,C
3-PA,2048,0,56,0,0,56,T
3-PA,2049,0,55,0,0,55,T
3-PA,2050,0,0,55,0,55,G
3-PA,2051,0,0,54,0,54,G
3-PA,2052,0,0,54,0,54,G
3-PA,2053,0,0,55,0,55,G
3-PA,2054,0,0,52,0,52,G
3-PA,2055,0,0,50,0,50,G
3-PA,2056,0,0,0,52,52,C
3-PA,2057,0,49,0,0,49,T
3-PA,2058,51,0,0,0,51,A
3-PA,2059,0,52,0,0,52,T
3-PA,2060,52,0,0,0,52,A
3-PA,2061,0,52,0,0,52,T
3-PA,2062,0,0,48,0,48,G
3-PA,2063,45,0,0,0,45,A
3-PA,2064,46,0,0,0,46,A
3-PA,2065,0,0,46,0,46,G
3-PA,2066,0,0,0,45,45,C
3-PA,2067,42,0,0,0,42,A
3-PA,2068,44,0,0,0,44,A
3-PA,2069,0,44,0,0,44,T
3-PA,2070,0,44,0,0,44,T
3-PA,2071,1,0,43,0,44,G
3-PA,2072,44,0,0,0,44,A
3-PA,2073,0,0,44,0,44,G
3-PA,2074,0,0,43,0,43,G
3-PA,2075,40,0,0,0,40,A
3-PA,2076,0,0,40,0,40,G
3-PA,2077,0,39,0,0,39,T
3-PA,2078,0,0,38,0,38,G
3-PA,2079,0,0,0,38,38,C
3-PA,2080,0,0,0,39,39,C
3-PA,2081,0,39,0,0,39,T
3-PA,2082,0,0,39,0,39,G
3-PA,2083,39,0,0,0,39,A
3-PA,2084,0,39,0,0,39,T
3-PA,2085,0,37,0,0,37,T
3-PA,2086,37,0,0,0,37,A
3-PA,2087,37,0,0,0,37,A
3-PA,2088,0,37,0,0,37,T
3-PA,2089,0,0,36,0,36,G
3-PA,2090,35,0,0,0,35,A
3-PA,2091,0,34,0,0,34,T
3-PA,2092,0,0,0,33,33,C
3-PA,2093,0,0,0,33,33,C
3-PA,2094,0,0,0,33,33,C
3-PA,2095,0,33,0,0,33,T
3-PA,2096,0,0,33,0,33,G
3-PA,2097,0,0,33,0,33,G
3-PA,2098,0,0,32,0,32,G
3-PA,2099,0,33,0,0,33,T
3-PA,2100,0,32,0,0,32,T
3-PA,2101,0,33,0,0,33,T
3-PA,2102,0,33,0,0,33,T
3-PA,2103,0,0,32,0,32,G
3-PA,2104,0,0,0,32,32,C
3-PA,2105,0,31,0,0,31,T
3-PA,2106,0,0,0,31,31,C
3-PA,2107,29,0,0,0,29,A
3-PA,2108,31,0,0,0,31,A
3-PA,2109,0,31,0,0,31,T
3-PA,2110,0,0,31,0,31,G
3-PA,2111,0,0,0,30,30,C
3-PA,2112,0,0,29,0,29,G
3-PA,2113,0,31,0,0,31,T
3-PA,2114,0,0,0,30,30,C
3-PA,2115,0,31,0,0,31,T
3-PA,2116,0,30,0,0,30,T
3-PA,2117,0,0,29,0,29,G
3-PA,2118,0,0,30,0,30,G
3-PA,2119,0,30,0,0,30,T
3-PA,2120,0,30,0,0,30,T
3-PA,2121,0,0,0,28,28,C
3-PA,2122,29,0,0,0,29,A
3-PA,2123,29,0,0,0,29,A
3-PA,2124,0,0,0,29,29,C
3-PA,2125,0,26,0,0,26,T
3-PA,2126,0,0,0,27,27,C
3-PA,2127,0,0,0,26,26,C
3-PA,2128,0,25,0,0,25,T
3-PA,2129,0,26,0,0,26,T
3-PA,2130,0,0,0,25,25,C
3-PA,2131,0,0,0,26,26,C
3-PA,2132,0,25,0,0,25,T
3-PA,2133,0,0,24,0,24,G
3-PA,2134,24,0,0,0,24,A
3-PA,2135,0,0,0,24,24,C
3-PA,2136,22,0,0,0,22,A
3-PA,2137,0,0,0,20,20,C
3-PA,2138,20,0,0,0,20,A
3-PA,2139,0,20,0,0,20,T
3-PA,2140,0,0,19,0,19,G
3-PA,2141,0,0,0,20,20,C
3-PA,2142,19,0,0,0,19,A
3-PA,2143,0,18,0,0,18,T
3-PA,2144,0,18,0,1,19,T
3-PA,2145,19,0,0,0,19,A
3-PA,2146,19,0,0,0,19,A
3-PA,2147,19,0,0,0,19,A
3-PA,2148,19,0,0,0,19,A
3-PA,2149,0,19,0,0,19,T
3-PA,2150,15,0,0,0,15,A
3-PA,2151,0,0,15,0,15,G
4-HA,1,2256,0,0,0,2256,A
4-HA,2,0,2270,0,0,2270,T
4-HA,3,0,0,2291,0,2291,G
4-HA,4,2281,0,4,0,2285,A
4-HA,5,2329,1,5,0,2335,A
4-HA,6,0,1,2516,0,2517,G
4-HA,7,2518,1,2,0,2521,A
4-HA,8,0,0,0,2730,2730,C
4-HA,9,0,2744,0,3,2747,T
4-HA,10,2833,0,1,0,2834,A
4-HA,11,0,2950,0,1,2951,T
4-HA,12,4,0,0,2969,2973,C
4-HA,13,2964,0,1,3,2968,A
4-HA,14,1,2976,0,0,2977,T
4-HA,15,0,2984,0,1,2985,T
4-HA,16,0,0,3219,0,3219,G
4-HA,17,0,0,0,3245,3245,C
4-HA,18,1,3248,0,1,3250,T
4-HA,19,0,3248,0,1,3249,T
4-HA,20,1,3257,0,1,3259,T
4-HA,21,0,4,3421,0,3425,G
4-HA,22,3454,1,3,0,3458,A
4-HA,23,1,2,3582,0,3585,G
4-HA,24,1,2,0,3611,3614,C
4-HA,25,0,3612,0,0,3612,T
4-HA,26,3884,0,5,1,3890,A
4-HA,27,1,1,1,3944,3947,C
4-HA,28,4030,0,1,0,4031,A
4-HA,29,0,4284,0,1,4285,T
4-HA,30,1,4268,0,0,4269,T
4-HA,31,1,0,0,4351,4352,C
4-HA,32,1,4330,0,1,4332,T
4-HA,33,4400,0,1,1,4402,A
4-HA,34,0,4416,0,1,4417,T
4-HA,35,1,3,4430,0,4434,G
4-HA,36,1,4437,1,10,4449,T
4-HA,37,3,0,0,4414,4417,C
4-HA,38,0,4418,0,4,4422,T
4-HA,39,2,0,4428,0,4430,G
4-HA,40,0,4,4434,0,4438,G
4-HA,41,0,4411,1,1,4413,T
4-HA,42,0,4408,0,5,4413,T
4-HA,43,0,4418,0,4,4422,T
4-HA,44,0,4434,0,1,4435,T
4-HA,45,2,4,0,4423,4429,C
4-HA,46,3,1,4420,0,4424,G
4-HA,47,2,0,0,4488,4490,C
4-HA,48,1,4420,1,8,4430,T
4-HA,49,4,0,0,4521,4525,C
4-HA,50,4514,0,1,1,4516,A
4-HA,51,4519,0,1,0,4520,A
4-HA,52,4510,0,1,0,4511,A
4-HA,53,4507,0,4,0,4511,A
4-HA,54,4521,0,0,2,4523,A
4-HA,55,0,0,0,4560,4560,C
4-HA,56,0,4550,0,0,4550,T
4-HA,57,0,4558,0,3,4561,T
4-HA,58,0,1,0,4556,4557,C
4-HA,59,2,0,0,4565,4567,C
4-HA,60,0,4554,0,2,4556,T
4-HA,61,3,3,4598,0,4604,G
4-HA,62,0,1,4619,1,4621,G
4-HA,63,4610,3,1,0,4614,A
4-HA,64,4705,0,0,1,4706,A
4-HA,65,4713,0,1,0,4714,A
4-HA,66,2,4781,0,3,4786,T
4-HA,67,2,3,4825,0,4830,G
4-HA,68,4826,1,11,0,4838,A
4-HA,69,0,5,0,4907,4912,C
4-HA,70,4900,2,3,0,4905,A
4-HA,71,4896,0,4,0,4900,A
4-HA,72,0,4,1,4996,5001,C
4-HA,73,4972,0,5,0,4977,A
4-HA,74,3,1,5008,0,5012,G
4-HA,75,1,4,0,4985,4990,C
4-HA,76,4998,2,5,0,5005,A
4-HA,77,1,5,0,5182,5188,C
4-HA,78,6,7,5140,1,5154,G
4-HA,79,1,0,5184,0,5185,G
4-HA,80,0,2,0,5219,5221,C
4-HA,81,5189,0,0,0,5189,A
4-HA,82,5264,0,1,0,5265,A
4-HA,83,1,0,0,5314,5315,C
4-HA,84,1,0,5370,0,5371,G
4-HA,85,0,0,0,5398,5398,C
4-HA,86,0,5352,0,4,5356,T
4-HA,87,0,0,5425,0,5425,G
4-HA,88,1,5405,0,0,5406,T
4-HA,89,1,0,5656,0,5657,G
4-HA,90,0,4,0,5750,5754,C
4-HA,91,7,2,0,5868,5877,C
4-HA,92,0,5828,1,4,5833,T
4-HA,93,1,5807,0,0,5808,T
4-HA,94,4,6,5806,0,5816,G
4-HA,95,6,4,5815,0,5825,G
4-HA,96,6,6,5913,0,5925,G
4-HA,97,0,1,0,5934,5935,C
4-HA,98,5856,1,1,0,5858,A
4-HA,99,0,7,0,5932,5939,C
4-HA,100,2,1,0,5863,5866,C
4-HA,101,6524,0,14,0,6538,A
4-HA,102,0,6538,0,1,6539,T
4-HA,103,1,0,6543,0,6544,G
4-HA,104,1,3,1,6558,6563,C
4-HA,105,6471,1,15,0,6487,A
4-HA,106,1,1,6990,0,6992,G
4-HA,107,0,6995,0,2,6997,T
4-HA,108,7072,1,0,0,7073,A
4-HA,109,0,4,0,7037,7041,C
4-HA,110,5,0,0,6802,6807,C
4-HA,111,6846,0,2,1,6849,A
4-HA,112,6842,0,1,0,6843,A
4-HA,113,6848,0,5,1,6854,A
4-HA,114,2,5,0,6881,6888,C
4-HA,115,3,10,6660,0,6673,G
4-HA,116,0,2,6794,0,6796,G
4-HA,117,6760,1,7,0,6768,A
4-HA,118,6813,0,2,0,6815,A
4-HA,119,2,3,0,6813,6818,C
4-HA,120,5,2,6791,0,6798,G
4-HA,121,1,3,6757,0,6761,G
4-HA,122,3,7111,0,0,7114,T
4-HA,123,7213,1,4,0,7218,A
4-HA,124,9,0,7204,0,7213,G
4-HA,125,1,7134,0,5,7140,T
4-HA,126,4,2,7163,0,7169,G
4-HA,127,7159,0,2,0,7161,A
4-HA,128,7174,1,1,0,7176,A
4-HA,129,7164,0,2,0,7166,A
4-HA,130,7045,1,1,0,7047,A
4-HA,131,2,0,1,7114,7117,C
4-HA,132,7089,1,2,0,7092,A
4-HA,133,7095,0,8,0,7103,A
4-HA,134,1,7082,0,3,7086,T
4-HA,135,7,3,0,7084,7094,C
4-HA,136,7100,0,9,0,7109,A
4-HA,137,2,3,1,7133,7139,C
4-HA,138,0,24,7113,0,7137,G
4-HA,139,7108,0,2,0,7110,A
4-HA,140,7088,0,3,1,7092,A
4-HA,141,1,7095,0,1,7097,T
4-HA,142,2,12,7091,0,7105,G
4-HA,143,7141,1,8,0,7150,A
4-HA,144,0,2,0,7154,7156,C
4-HA,145,6,2,0,7141,7149,C
4-HA,146,7223,1,1,0,7225,A
4-HA,147,7251,1,1,1,7254,A
4-HA,148,7241,1,2,0,7244,A
4-HA,149,0,7267,0,3,7270,T
4-HA,150,0,7248,0,0,7248,T
4-HA,151,0,2,7274,0,7276,G
4-HA,152,7234,0,3,0,7237,A
4-HA,153,7271,0,15,1,7287,A
4-HA,154,0,0,7323,0,7323,G
4-HA,155,0,7283,0,1,7284,T
4-HA,156,0,7482,0,1,7483,T
4-HA,157,7560,1,2,0,7563,A
4-HA,158,0,1,1,7577,7579,C
4-HA,159,1,7597,0,0,7598,T
4-HA,160,7579,1,3,0,7583,A
4-HA,161,7717,0,6,1,7724,A
4-HA,162,1,7730,0,0,7731,T
4-HA,163,2,2,7703,0,7707,G
4-HA,164,2,1,0,7986,7989,C
4-HA,165,2,7886,0,6,7894,T
4-HA,166,7911,0,0,0,7911,A
4-HA,167,2,1,0,7904,7907,C
4-HA,168,1,7881,1,1,7884,T
4-HA,169,4,7,7903,0,7914,G
4-HA,170,7784,1,14,0,7799,A
4-HA,171,0,1,7878,0,7879,G
4-HA,172,1,2,0,7875,7878,C
4-HA,173,2,7689,0,2,7693,T
4-HA,174,1,6,7951,0,7958,G
4-HA,175,2,1,8087,0,8090,G
4-HA,176,3,8088,0,2,8093,T
4-HA,177,0,8095,0,1,8096,T
4-HA,178,10,2,0,8058,8070,C
4-HA,179,8049,1,6,1,8057,A
4-HA,180,1,4,8088,0,8093,G
4-HA,181,8059,0,6,1,8066,A
4-HA,182,7,1,8275,1,8284,G
4-HA,183,0,8109,0,5,8114,T
4-HA,184,0,7980,0,3,7983,T
4-HA,185,6,0,0,8018,8024,C
4-HA,186,4,7,1,8045,8057,C
4-HA,187,1,7949,0,10,7960,T
4-HA,188,1,0,1,8077,8079,C
4-HA,189,8064,0,1,0,8065,A
4-HA,190,8082,2,3,0,8087,A
4-HA,191,0,2,0,8116,8118,C
4-HA,192,7893,1,6,0,7900,A
4-HA,193,44,4,8023,0,8071,G
4-HA,194,1,1,8059,0,8061,G
4-HA,195,0,8027,0,2,8029,T
4-HA,196,2,8,8026,0,8036,G
4-HA,197,8031,0,7,1,8039,A
4-HA,198,8057,0,8,1,8066,A
4-HA,199,8302,3,8,1,8314,A
4-HA,200,0,8255,0,1,8256,T
4-HA,201,8345,0,1,0,8346,A
4-HA,202,3,8236,0,4,8243,T
4-HA,203,0,3,8211,0,8214,G
4-HA,204,1,4,0,8263,8268,C
4-HA,205,6,13,8249,0,8268,G
4-HA,206,8273,0,6,0,8279,A
4-HA,207,0,1,1,8274,8276,C
4-HA,208,8073,1,0,0,8074,A
4-HA,209,2,0,8722,0,8724,G
4-HA,210,2,8664,0,5,8671,T
4-HA,211,7,5,0,8736,8748,C
4-HA,212,9,11,0,8727,8747,C
4-HA,213,0,8672,1,12,8685,T
4-HA,214,5,2,0,8870,8877,C
4-HA,215,8864,2,1,0,8867,A
4-HA,216,0,8869,1,2,8872,T
4-HA,217,2,3,0,8889,8894,C
4-HA,218,8399,1,2,0,8402,A
4-HA,219,3,0,8434,0,8437,G
4-HA,220,8331,0,3,0,8334,A
4-HA,221,1,8336,0,0,8337,T
4-HA,222,6,0,0,8348,8354,C
4-HA,223,2,0,0,8231,8233,C
4-HA,224,0,8203,1,2,8206,T
4-HA,225,2,8182,2,0,8186,T
4-HA,226,0,4,8197,1,8202,G
4-HA,227,8195,2,5,0,8202,A
4-HA,228,0,8196,1,2,8199,T
4-HA,229,2,5,8242,0,8249,G
4-HA,230,1,6,8228,0,8235,G
4-HA,231,8190,2,7,0,8199,A
4-HA,232,8191,1,12,0,8204,A
4-HA,233,8232,1,1,0,8234,A
4-HA,234,8262,0,3,0,8265,A
4-HA,235,8266,2,3,0,8271,A
4-HA,236,8254,0,6,1,8261,A
4-HA,237,1,8,0,8335,8344,C
4-HA,238,0,8257,0,3,8260,T
4-HA,239,4,0,8275,0,8279,G
4-HA,240,2,10,0,8279,8291,C
4-HA,241,8291,1,14,1,8307,A
4-HA,242,2,5,1,8574,8582,C
4-HA,243,8559,0,5,0,8564,A
4-HA,244,0,1,0,9834,9835,C
4-HA,245,0,9788,0,9,9797,T
4-HA,246,9950,0,5,1,9956,A
4-HA,247,9947,0,4,1,9952,A
4-HA,248,1,9970,3,2,9976,T
4-HA,249,9898,1,2,1,9902,A
4-HA,250,1,2,9969,0,9972,G
4-HA,251,9658,3,3,1,9665,A
4-HA,252,1,9460,2,1,9464,T
4-HA,253,3,4,8897,0,8904,G
4-HA,254,1,3,0,8960,8964,C
4-HA,255,0,8804,0,16,8820,T
4-HA,256,14,3,0,9667,9684,C
4-HA,257,0,9671,0,1,9672,T
4-HA,258,9932,0,0,1,9933,A
4-HA,259,0,9950,1,2,9953,T
4-HA,260,2,9881,0,3,9886,T
4-HA,261,4,16,9889,1,9910,G
4-HA,262,2,7,9787,0,9796,G
4-HA,263,4,9,9708,0,9721,G
4-HA,264,48,6,9007,1,9062,G
4-HA,265,2,9,9133,1,9145,G
4-HA,266,9147,0,16,1,9164,A
4-HA,267,4,4,0,9502,9510,C
4-HA,268,10,0,0,9456,9466,C
4-HA,269,7,2,1,9515,9525,C
4-HA,270,2,9453,0,10,9465,T
4-HA,271,6,3,0,9592,9601,C
4-HA,272,9546,0,3,1,9550,A
4-HA,273,1,2,9909,0,9912,G
4-HA,274,3,9885,0,9,9897,T
4-HA,275,3,5,9936,0,9944,G
4-HA,276,0,9603,0,4,9607,T
4-HA,277,3,5,9543,0,9551,G
4-HA,278,9485,7,14,0,9506,A
4-HA,279,3,9518,0,7,9528,T
4-HA,280,0,4,9408,2,9414,G
4-HA,281,3,2,9418,1,9424,G
4-HA,282,0,1,0,9176,9177,C
4-HA,283,1,9163,1,6,9171,T
4-HA,284,2,9146,1,7,9156,T
4-HA,285,2,1,1,9137,9141,C
4-HA,286,11,4,0,9125,9140,C
4-HA,287,9189,0,3,0,9192,A
4-HA,288,9185,0,9,0,9194,A
4-HA,289,9181,2,1,1,9185,A
4-HA,290,9219,1,1,0,9221,A
4-HA,291,0,9231,0,1,9232,T
4-HA,292,9217,0,3,0,9220,A
4-HA,293,9214,0,9,1,9224,A
4-HA,294,0,5,9243,0,9248,G
4-HA,295,9247,2,3,0,9252,A
4-HA,296,9289,1,3,0,9293,A
4-HA,297,9292,2,3,2,9299,A
4-HA,298,0,9288,0,1,9289,T
4-HA,299,2,9,9274,0,9285,G
4-HA,300,4,9,9224,1,9238,G
4-HA,301,5,12,9205,1,9223,G
4-HA,302,9205,1,20,0,9226,A
4-HA,303,2,3,0,9302,9307,C
4-HA,304,6,3,1,9240,9250,C
4-HA,305,1,9323,1,11,9336,T
4-HA,306,0,9326,1,3,9330,T
4-HA,307,0,9316,2,4,9322,T
4-HA,308,1,9373,0,2,9376,T
4-HA,309,1,9361,0,10,9372,T
4-HA,310,0,0,9415,0,9415,G
4-HA,311,1,9382,0,7,9390,T
4-HA,312,0,9331,0,4,9335,T
4-HA,313,2,5,9298,2,9307,G
4-HA,314,9238,1,1,0,9240,A
4-HA,315,9246,1,5,1,9253,A
4-HA,316,1,1,0,9267,9269,C
4-HA,317,6,2,9222,0,9230,G
4-HA,318,1,3,0,9356,9360,C
4-HA,319,9335,0,5,1,9341,A
4-HA,320,15,0,9329,0,9344,G
4-HA,321,3,0,0,9363,9366,C
4-HA,322,9361,0,9,1,9371,A
4-HA,323,9364,0,7,0,9371,A
4-HA,324,9369,1,13,0,9383,A
4-HA,325,4,0,9679,1,9684,G
4-HA,326,1,1,1,9660,9663,C
4-HA,327,17,1,0,9612,9630,C
4-HA,328,0,9625,0,5,9630,T
4-HA,329,9591,1,3,0,9595,A
4-HA,330,3,2,0,9662,9667,C
4-HA,331,9654,0,2,0,9656,A
4-HA,332,2,0,9661,0,9663,G
4-HA,333,0,2,0,9603,9605,C
4-HA,334,9310,1,2,0,9313,A
4-HA,335,9361,1,3,0,9365,A
4-HA,336,0,0,0,9682,9682,C
4-HA,337,1,9636,0,2,9639,T
4-HA,338,1,1,9676,2,9680,G
4-HA,339,0,9530,1,12,9543,T
4-HA,340,1,9549,0,2,9552,T
4-HA,341,9546,0,6,0,9552,A
4-HA,342,1,1,0,10052,10054,C
4-HA,343,10,2,0,10087,10099,C
4-HA,344,17,1,0,10244,10262,C
4-HA,345,3,9709,1,7,9720,T
4-HA,346,0,9704,1,4,9709,T
4-HA,347,9728,0,1,0,9729,A
4-HA,348,3,9702,0,1,9706,T
4-HA,349,3,4,9703,0,9710,G
4-HA,350,9613,2,10,1,9626,A
4-HA,351,0,8797,0,1,8798,T
4-HA,352,0,0,8859,0,8859,G
4-HA,353,2,8627,1,3,8633,T
4-HA,354,2,2,8595,0,8599,G
4-HA,355,2,9,0,8598,8609,C
4-HA,356,4,3,1,8595,8603,C
4-HA,357,3,7,8725,1,8736,G
4-HA,358,2,6,8816,0,8824,G
4-HA,359,8802,0,0,2,8804,A
4-HA,360,1,8823,0,0,8824,T
4-HA,361,0,8636,1,4,8641,T
4-HA,362,8704,0,3,0,8707,A
4-HA,363,0,8674,0,4,8678,T
4-HA,364,4,1,8696,0,8701,G
4-HA,365,7,16,0,8664,8687,C
4-HA,366,2,1,0,8615,8618,C
4-HA,367,4,8515,2,10,8531,T
4-HA,368,1,2,1,8948,8952,C
4-HA,369,5,5,0,9024,9034,C
4-HA,370,10,0,0,9067,9077,C
4-HA,371,5,8986,1,9,9001,T
4-HA,372,0,8995,1,2,8998,T
4-HA,373,8958,1,7,0,8966,A
4-HA,374,1,7,9130,0,9138,G
4-HA,375,1,2,9161,0,9164,G
4-HA,376,0,8968,1,5,8974,T
4-HA,377,10,2,1,8699,8712,C
4-HA,378,8577,1,9,1,8588,A
4-HA,379,3,2,0,8760,8765,C
4-HA,380,0,8768,1,5,8774,T
4-HA,381,8781,1,3,0,8785,A
4-HA,382,0,1,8765,0,8766,G
4-HA,383,0,8632,0,1,8633,T
4-HA,384,0,8552,2,2,8556,T
4-HA,385,2,3,8627,1,8633,G
4-HA,386,1,3,0,8623,8627,C
4-HA,387,4,2,1,8619,8626,C
4-HA,388,6,8401,1,17,8425,T
4-HA,389,2,0,0,8468,8470,C
4-HA,390,8728,1,2,0,8731,A
4-HA,391,1,8702,0,3,8706,T
4-HA,392,2,2,0,8742,8746,C
4-HA,393,4,5,0,8746,8755,C
4-HA,394,8,8,8638,0,8654,G
4-HA,395,6,7,8649,1,8663,G
4-HA,396,2,3,1,8692,8698,C
4-HA,397,8778,0,4,1,8783,A
4-HA,398,8,2,0,8857,8867,C
4-HA,399,8634,2,1,0,8637,A
4-HA,400,1,5,1,8626,8633,C
4-HA,401,6,8601,0,11,8618,T
4-HA,402,1,3,8692,0,8696,G
4-HA,403,1,4,8779,0,8784,G
4-HA,404,8675,0,16,0,8691,A
4-HA,405,0,0,8807,0,8807,G
4-HA,406,1,8693,1,2,8697,T
4-HA,407,0,8653,0,0,8653,T
4-HA,408,0,8635,0,8,8643,T
4-HA,409,8636,1,6,0,8643,A
4-HA,410,8649,1,10,0,8660,A
4-HA,411,1,2,0,8706,8709,C
4-HA,412,8517,1,2,0,8520,A
4-HA,413,8495,2,17,0,8514,A
4-HA,414,1,8441,0,0,8442,T
4-HA,415,2,5,8421,1,8429,G
4-HA,416,8422,2,8,0,8432,A
4-HA,417,8393,1,3,0,8397,A
4-HA,418,8414,0,9,0,8423,A
4-HA,419,2,1,8454,0,8457,G
4-HA,420,0,5,1,8493,8499,C
4-HA,421,2,8441,3,7,8453,T
4-HA,422,0,8449,2,3,8454,T
4-HA,423,8,2,2,8538,8550,C
4-HA,424,8560,0,1,1,8562,A
4-HA,425,8593,0,4,0,8597,A
4-HA,426,0,8555,0,30,8585,T
4-HA,427,3,8555,1,4,8563,T
4-HA,428,1,8,8710,0,8719,G
4-HA,429,7,5,8773,0,8785,G
4-HA,430,8791,0,8,1,8800,A
4-HA,431,1,1,0,8810,8812,C
4-HA,432,1,8712,1,12,8726,T
4-HA,433,1,0,8735,0,8736,G
4-HA,434,2,9,8759,1,8771,G
4-HA,435,8707,4,5,1,8717,A
4-HA,436,3,1,8752,0,8756,G
4-HA,437,1,8503,0,5,8509,T
4-HA,438,4,1,1,8381,8387,C
4-HA,439,8478,1,5,0,8484,A
4-HA,440,1,3,1,8492,8497,C
4-HA,441,2,8407,0,16,8425,T
4-HA,442,14,1,1,8454,8470,C
4-HA,443,8371,0,10,1,8382,A
4-HA,444,8446,0,5,0,8451,A
4-HA,445,8398,2,6,2,8408,A
4-HA,446,8427,1,10,0,8438,A
4-HA,447,0,0,1,8480,8481,C
4-HA,448,4,2,8321,0,8327,G
4-HA,449,2,8,8452,1,8463,G
4-HA,450,8452,1,5,1,8459,A
4-HA,451,8460,0,2,2,8464,A
4-HA,452,1,2,0,8480,8483,C
4-HA,453,8405,2,5,0,8412,A
4-HA,454,8490,1,5,1,8497,A
4-HA,455,3,2,8561,0,8566,G
4-HA,456,3,2,0,8571,8576,C
4-HA,457,0,8438,0,20,8458,T
4-HA,458,6,2,0,8507,8515,C
4-HA,459,2,8446,0,0,8448,T
4-HA,460,2,129,8325,1,8457,G
4-HA,461,0,1,0,8470,8471,C
4-HA,462,0,8465,0,8,8473,T
4-HA,463,1,8413,0,4,8418,T
4-HA,464,2,2,8494,0,8498,G
4-HA,465,0,2,1,8455,8458,C
4-HA,466,8461,1,6,0,8468,A
4-HA,467,0,8363,0,3,8366,T
4-HA,468,8318,1,5,1,8325,A
4-HA,469,8308,3,6,2,8319,A
4-HA,470,1,4,8299,0,8304,G
4-HA,471,4,7,8288,2,8301,G
4-HA,472,8237,1,4,1,8243,A
4-HA,473,7957,0,6,0,7963,A
4-HA,474,8007,2,5,2,8016,A
4-HA,475,2,8227,0,3,8232,T
4-HA,476,3,2,2,8275,8282,C
4-HA,477,2,8246,1,0,8249,T
4-HA,478,8246,0,2,0,8248,A
4-HA,479,8240,1,2,0,8243,A
4-HA,480,8198,2,0,0,8200,A
4-HA,481,8188,1,1,1,8191,A
4-HA,482,8223,2,4,1,8230,A
4-HA,483,0,1,0,8300,8301,C
4-HA,484,8037,0,3,0,8040,A
4-HA,485,3,2,8074,0,8079,G
4-HA,486,1,8040,2,5,8048,T
4-HA,487,2,8144,0,0,8146,T
4-HA,488,0,8160,0,0,8160,T
4-HA,489,2,0,1,8405,8408,C
4-HA,490,0,8394,0,8,8402,T
4-HA,491,0,8420,2,4,8426,T
4-HA,492,0,8442,0,0,8442,T
4-HA,493,8433,1,3,0,8437,A
4-HA,494,10,0,8421,1,8432,G
4-HA,495,1,8420,0,3,8424,T
4-HA,496,8404,1,2,0,8407,A
4-HA,497,2,2,8435,0,8439,G
4-HA,498,8248,2,1,0,8251,A
4-HA,499,0,8245,0,2,8247,T
4-HA,500,0,8229,0,2,8231,T
4-HA,501,0,8,8373,1,8382,G
4-HA,502,8367,4,3,1,8375,A
4-HA,503,8379,2,4,0,8385,A
4-HA,504,0,8372,0,2,8374,T
4-HA,505,0,8259,0,2,8261,T
4-HA,506,0,5,8342,1,8348,G
4-HA,507,2,1,8348,1,8352,G
4-HA,508,1,8353,0,9,8363,T
4-HA,509,1,8336,0,4,8341,T
4-HA,510,2,11,8196,0,8209,G
4-HA,511,8229,2,5,0,8236,A
4-HA,512,1,5,0,8218,8224,C
4-HA,513,3,1,0,8167,8171,C
4-HA,514,16,4,1,8291,8312,C
4-HA,515,8271,1,1,0,8273,A
4-HA,516,1,2,0,8303,8306,C
4-HA,517,1,8263,0,5,8269,T
4-HA,518,0,8292,0,4,8296,T
4-HA,519,8291,0,1,0,8292,A
4-HA,520,8216,2,9,1,8228,A
4-HA,521,8230,2,4,0,8236,A
4-HA,522,1,1,0,7994,7996,C
4-HA,523,1,8171,1,3,8176,T
4-HA,524,1,8209,1,5,8216,T
4-HA,525,8,0,0,8287,8295,C
4-HA,526,8295,2,8,1,8306,A
4-HA,527,8304,2,1,0,8307,A
4-HA,528,8320,0,2,0,8322,A
4-HA,529,0,8312,0,0,8312,T
4-HA,530,8457,0,1,0,8458,A
4-HA,531,2,3,0,8426,8431,C
4-HA,532,1,1,0,8201,8203,C
4-HA,533,3,7,0,8198,8208,C
4-HA,534,8150,1,5,0,8156,A
4-HA,535,2,0,8519,0,8521,G
4-HA,536,0,0,0,8550,8550,C
4-HA,537,8534,0,0,0,8534,A
4-HA,538,1,8505,1,5,8512,T
4-HA,539,1,8371,0,2,8374,T
4-HA,540,3,9,8656,0,8668,G
4-HA,541,8678,0,5,0,8683,A
4-HA,542,8679,0,5,0,8684,A
4-HA,543,0,2,0,8686,8688,C
4-HA,544,4,0,8423,0,8427,G
4-HA,545,3,8466,1,5,8475,T
4-HA,546,1,14,8492,0,8507,G
4-HA,547,8500,0,9,0,8509,A
4-HA,548,5,2,0,8512,8519,C
4-HA,549,0,8166,0,6,8172,T
4-HA,550,8413,0,4,0,8417,A
4-HA,551,4,8387,0,0,8391,T
4-HA,552,3,5,8454,0,8462,G
4-HA,553,3,7,2,8442,8454,C
4-HA,554,2,2,0,8286,8290,C
4-HA,555,8250,0,4,7,8261,A
4-HA,556,8250,1,1,0,8252,A
4-HA,557,8386,1,3,0,8390,A
4-HA,558,1,3,0,8404,8408,C
4-HA,559,8174,1,0,0,8175,A
4-HA,560,8210,0,4,0,8214,A
4-HA,561,1,8137,0,2,8140,T
4-HA,562,0,8,8165,0,8173,G
4-HA,563,8145,0,7,0,8152,A
4-HA,564,8146,0,7,0,8153,A
4-HA,565,1,4,0,7921,7926,C
4-HA,566,7971,0,0,1,7972,A
4-HA,567,8024,0,1,0,8025,A
4-HA,568,1,8000,0,2,8003,T
4-HA,569,1,8010,0,1,8012,T
4-HA,570,1,8017,0,1,8019,T
4-HA,571,2,9,7991,1,8003,G
4-HA,572,8015,0,5,3,8023,A
4-HA,573,0,0,1,8034,8035,C
4-HA,574,7993,4,1,1,7999,A
4-HA,575,8021,0,1,1,8023,A
4-HA,576,8145,0,0,1,8146,A
4-HA,577,0,8191,0,0,8191,T
4-HA,578,0,8142,1,1,8144,T
4-HA,579,13,0,8245,0,8258,G
4-HA,580,0,8227,0,9,8236,T
4-HA,581,8272,0,4,1,8277,A
4-HA,582,2,7,0,8426,8435,C
4-HA,583,8396,1,0,0,8397,A
4-HA,584,0,8481,2,3,8486,T
4-HA,585,0,8326,0,8,8334,T
4-HA,586,0,8278,0,2,8280,T
4-HA,587,3,13,8231,0,8247,G
4-HA,588,1,16,8161,0,8178,G
4-HA,589,1,7,8195,0,8203,G
4-HA,590,2,7,8213,0,8222,G
4-HA,591,1,4,8072,0,8077,G
4-HA,592,3,3,8279,0,8285,G
4-HA,593,0,8188,2,9,8199,T
4-HA,594,2,8226,0,2,8230,T
4-HA,595,6,1,0,8201,8208,C
4-HA,596,8242,1,8,1,8252,A
4-HA,597,2,3,0,8284,8289,C
4-HA,598,6,0,0,8255,8261,C
4-HA,599,8282,1,3,1,8287,A
4-HA,600,4,2,0,8356,8362,C
4-HA,601,5,3,0,8233,8241,C
4-HA,602,9,3,0,8170,8182,C
4-HA,603,6,9,8190,0,8205,G
4-HA,604,11,3,8378,0,8392,G
4-HA,605,5,2,8418,1,8426,G
4-HA,606,0,8356,0,1,8357,T
4-HA,607,8372,1,4,0,8377,A
4-HA,608,2,2,0,8313,8317,C
4-HA,609,6,5,8204,0,8215,G
4-HA,610,3,3,8344,0,8350,G
4-HA,611,8388,0,2,0,8390,A
4-HA,612,0,3,0,8353,8356,C
4-HA,613,8105,0,3,0,8108,A
4-HA,614,8091,0,0,0,8091,A
4-HA,615,8068,0,15,0,8083,A
4-HA,616,1,7,8244,0,8252,G
4-HA,617,8230,2,8,0,8240,A
4-HA,618,3,0,0,8243,8246,C
4-HA,619,4,0,0,8095,8099,C
4-HA,620,8126,1,5,1,8133,A
4-HA,621,8137,0,3,0,8140,A
4-HA,622,8241,1,0,0,8242,A
4-HA,623,2,8232,0,2,8236,T
4-HA,624,6,1,1,8310,8318,C
4-HA,625,0,7830,2,9,7841,T
4-HA,626,3,7774,1,5,7783,T
4-HA,627,4,6,0,7853,7863,C
4-HA,628,7,6,1,7875,7889,C
4-HA,629,0,7844,0,6,7850,T
4-HA,630,1,1,7903,0,7905,G
4-HA,631,1,7768,1,5,7775,T
4-HA,632,7859,0,0,1,7860,A
4-HA,633,0,7799,0,5,7804,T
4-HA,634,2,1,7864,0,7867,G
4-HA,635,0,2,0,7871,7873,C
4-HA,636,0,7742,2,9,7753,T
4-HA,637,8,7,0,7788,7803,C
4-HA,638,7799,1,8,0,7808,A
4-HA,639,7776,2,8,1,7787,A
4-HA,640,0,1,7826,0,7827,G
4-HA,641,2,1,0,7844,7847,C
4-HA,642,7866,1,1,0,7868,A
4-HA,643,0,7770,1,0,7771,T
4-HA,644,3,1,0,7763,7767,C
4-HA,645,7744,1,11,0,7756,A
4-HA,646,1,1,7817,1,7820,G
4-HA,647,0,5,7827,0,7832,G
4-HA,648,7803,2,1,1,7807,A
4-HA,649,7746,0,9,0,7755,A
4-HA,650,4,7,7837,0,7848,G
4-HA,651,7816,1,3,2,7822,A
4-HA,652,7963,1,1,0,7965,A
4-HA,653,1,7987,0,6,7994,T
4-HA,654,9,1,0,8008,8018,C
4-HA,655,7933,0,7,0,7940,A
4-HA,656,0,1,1,7952,7954,C
4-HA,657,7884,0,2,0,7886,A
4-HA,658,2,0,8084,0,8086,G
4-HA,659,4,7891,1,4,7900,T
4-HA,660,3,1,0,7948,7952,C
4-HA,661,0,7776,0,2,7778,T
4-HA,662,4,0,0,8037,8041,C
4-HA,663,2,8040,0,15,8057,T
4-HA,664,8162,3,7,0,8172,A
4-HA,665,13,4,0,8114,8131,C
4-HA,666,6,2,0,8121,8129,C
4-HA,667,8001,2,4,0,8007,A
4-HA,668,7980,0,4,0,7984,A
4-HA,669,7947,0,1,0,7948,A
4-HA,670,7936,0,5,0,7941,A
4-HA,671,1,3,7941,0,7945,G
4-HA,672,7740,0,1,0,7741,A
4-HA,673,7697,0,2,1,7700,A
4-HA,674,2,1,7737,0,7740,G
4-HA,675,0,2,1,7724,7727,C
4-HA,676,4,1,1,7756,7762,C
4-HA,677,7779,1,3,0,7783,A
4-HA,678,7786,7,10,0,7803,A
4-HA,679,5,2,0,7792,7799,C
4-HA,680,7765,0,3,0,7768,A
4-HA,681,7760,0,2,5,7767,A
4-HA,682,7758,0,6,1,7765,A
4-HA,683,1,3,0,7971,7975,C
4-HA,684,2,7905,0,2,7909,T
4-HA,685,0,1,7957,1,7959,G
4-HA,686,0,7928,0,6,7934,T
4-HA,687,7939,0,1,0,7940,A
4-HA,688,7954,0,2,1,7957,A
4-HA,689,1,7866,0,4,7871,T
4-HA,690,6,2,0,7967,7975,C
4-HA,691,9,2,0,7930,7941,C
4-HA,692,12,6,0,7788,7806,C
4-HA,693,4,4,7814,0,7822,G
4-HA,694,7766,1,0,0,7767,A
4-HA,695,7787,0,3,1,7791,A
4-HA,696,0,7813,2,1,7816,T
4-HA,697,7829,0,1,0,7830,A
4-HA,698,1,7770,0,0,7771,T
4-HA,699,7,9,0,7730,7746,C
4-HA,700,3,6,7707,0,7716,G
4-HA,701,2,6,7963,0,7971,G
4-HA,702,7942,4,4,0,7950,A
4-HA,703,1,7997,0,3,8001,T
4-HA,704,5,0,0,8032,8037,C
4-HA,705,2,8003,0,7,8012,T
4-HA,706,7998,0,6,0,8004,A
4-HA,707,1,4,8024,0,8029,G
4-HA,708,8087,1,6,0,8094,A
4-HA,709,2,1,0,8042,8045,C
4-HA,710,4,2,1,7763,7770,C
4-HA,711,8,3,0,7781,7792,C
4-HA,712,7733,1,9,0,7743,A
4-HA,713,1,8,8253,0,8262,G
4-HA,714,8211,0,8,1,8220,A
4-HA,715,1,1,8413,0,8415,G
4-HA,716,0,8329,0,2,8331,T
4-HA,717,8283,1,0,0,8284,A
4-HA,718,8274,0,8,0,8282,A
4-HA,719,1,2,8407,0,8410,G
4-HA,720,2,5,8480,0,8487,G
4-HA,721,8355,2,0,0,8357,A
4-HA,722,7720,0,3,0,7723,A
4-HA,723,0,7669,1,3,7673,T
4-HA,724,7715,2,1,0,7718,A
4-HA,725,0,7654,1,7,7662,T
4-HA,726,4,5,1,7767,7777,C
4-HA,727,9,1,0,7756,7766,C
4-HA,728,9,1,1,7623,7634,C
4-HA,729,1,7540,1,12,7554,T
4-HA,730,7602,0,5,0,7607,A
4-HA,731,1,0,7621,0,7622,G
4-HA,732,0,2,1,7640,7643,C
4-HA,733,7432,0,2,0,7434,A
4-HA,734,1,1,7636,0,7638,G
4-HA,735,7499,2,7,0,7508,A
4-HA,736,7533,1,8,1,7543,A
4-HA,737,1,7547,1,2,7551,T
4-HA,738,7540,0,1,0,7541,A
4-HA,739,7569,1,8,0,7578,A
4-HA,740,6,0,7561,1,7568,G
4-HA,741,1,3,0,7589,7593,C
4-HA,742,7593,1,2,0,7596,A
4-HA,743,0,7344,0,11,7355,T
4-HA,744,1,1,0,7777,7779,C
4-HA,745,0,7770,0,0,7770,T
4-HA,746,7809,4,1,1,7815,A
4-HA,747,1,7789,4,3,7797,T
4-HA,748,1,7738,0,1,7740,T
4-HA,749,3,5,7774,1,7783,G
4-HA,750,1,5,7742,0,7748,G
4-HA,751,7744,2,7,0,7753,A
4-HA,752,2,2,0,7710,7714,C
4-HA,753,7034,3,1,1,7039,A
4-HA,754,7226,0,1,0,7227,A
4-HA,755,1,7554,0,5,7560,T
4-HA,756,7587,0,3,0,7590,A
4-HA,757,3,0,7604,0,7607,G
4-HA,758,2,7540,1,0,7543,T
4-HA,759,7536,0,2,0,7538,A
4-HA,760,7514,0,3,0,7517,A
4-HA,761,7510,0,4,2,7516,A
4-HA,762,7553,2,4,1,7560,A
4-HA,763,1,2,0,7591,7594,C
4-HA,764,2,1,0,7162,7165,C
4-HA,765,0,2,7102,0,7104,G
4-HA,766,2,3,7116,0,7121,G
4-HA,767,0,8,7144,0,7152,G
4-HA,768,7108,1,4,0,7113,A
4-HA,769,7,5,7179,0,7191,G
4-HA,770,7222,2,7,0,7231,A
4-HA,771,1,2,1,7211,7215,C
4-HA,772,7200,0,4,2,7206,A
4-HA,773,0,7212,0,6,7218,T
4-HA,774,7239,1,3,0,7243,A
4-HA,775,1,0,0,7332,7333,C
4-HA,776,1,7232,2,7,7242,T
4-HA,777,0,7253,0,3,7256,T
4-HA,778,1,7283,0,2,7286,T
4-HA,779,1,7227,0,2,7230,T
4-HA,780,1,3,7264,1,7269,G
4-HA,781,7269,1,2,0,7272,A
4-HA,782,0,7250,1,9,7260,T
4-HA,783,1,7360,0,1,7362,T
4-HA,784,7299,0,0,0,7299,A
4-HA,785,7318,1,2,0,7321,A
4-HA,786,1,0,0,7384,7385,C
4-HA,787,7329,2,8,1,7340,A
4-HA,788,0,1,7527,0,7528,G
4-HA,789,1,7,1,7452,7461,C
4-HA,790,7475,0,3,2,7480,A
4-HA,791,2,0,1,7508,7511,C
4-HA,792,7414,1,7,0,7422,A
4-HA,793,0,4,7498,0,7502,G
4-HA,794,1,4,7446,0,7451,G
4-HA,795,2,5,7637,0,7644,G
4-HA,796,7580,1,1,0,7582,A
4-HA,797,7563,0,2,0,7565,A
4-HA,798,2,7524,0,3,7529,T
4-HA,799,3,3,0,7550,7556,C
4-HA,800,1,7566,0,2,7569,T
4-HA,801,7572,1,0,0,7573,A
4-HA,802,7528,1,2,1,7532,A
4-HA,803,0,7505,0,1,7506,T
4-HA,804,0,7245,0,0,7245,T
4-HA,805,6,1,7265,0,7272,G
4-HA,806,2,3,0,7367,7372,C
4-HA,807,1,7482,1,10,7494,T
4-HA,808,12,2,0,7643,7657,C
4-HA,809,1,1,0,7663,7665,C
4-HA,810,0,7669,0,3,7672,T
4-HA,811,7682,0,7,0,7689,A
4-HA,812,2,4,7694,0,7700,G
4-HA,813,8,10,7720,0,7738,G
4-HA,814,3,0,7715,0,7718,G
4-HA,815,5,1,7618,0,7624,G
4-HA,816,1,7399,0,1,7401,T
4-HA,817,0,7316,1,2,7319,T
4-HA,818,7318,0,2,1,7321,A
4-HA,819,1,3,0,7386,7390,C
4-HA,820,2,7348,0,8,7358,T
4-HA,821,1,7371,0,2,7374,T
4-HA,822,3,2,1,7346,7352,C
4-HA,823,7284,0,3,0,7287,A
4-HA,824,7298,1,4,0,7303,A
4-HA,825,7294,0,0,0,7294,A
4-HA,826,7346,0,1,0,7347,A
4-HA,827,1,7339,1,1,7342,T
4-HA,828,7245,0,1,0,7246,A
4-HA,829,0,1,0,7254,7255,C
4-HA,830,4,6,7207,1,7218,G
4-HA,831,7186,1,1,0,7188,A
4-HA,832,7174,0,4,1,7179,A
4-HA,833,2,0,7271,0,7273,G
4-HA,834,2,7236,0,2,7240,T
4-HA,835,3,7,7252,1,7263,G
4-HA,836,6,5,7289,0,7300,G
4-HA,837,2,2,7301,0,7305,G
4-HA,838,7285,1,5,0,7291,A
4-HA,839,7287,0,4,0,7291,A
4-HA,840,7291,1,1,0,7293,A
4-HA,841,7263,1,2,0,7266,A
4-HA,842,0,2,7408,0,7410,G
4-HA,843,2,2,0,7354,7358,C
4-HA,844,1,7221,1,13,7236,T
4-HA,845,11,0,0,7351,7362,C
4-HA,846,7368,0,2,0,7370,A
4-HA,847,7432,0,3,0,7435,A
4-HA,848,1,7412,0,2,7415,T
4-HA,849,7477,0,1,0,7478,A
4-HA,850,7477,1,1,0,7479,A
4-HA,851,0,7298,1,0,7299,T
4-HA,852,0,3,7305,0,7308,G
4-HA,853,7189,1,8,0,7198,A
4-HA,854,10,7,7397,1,7415,G
4-HA,855,7407,2,3,0,7412,A
4-HA,856,1,7319,1,8,7329,T
4-HA,857,6,1,1,7454,7462,C
4-HA,858,7402,1,1,0,7404,A
4-HA,859,4,4,7508,0,7516,G
4-HA,860,7509,0,2,0,7511,A
4-HA,861,0,7469,0,20,7489,T
4-HA,862,2,1,7465,0,7468,G
4-HA,863,2,3,0,7290,7295,C
4-HA,864,7321,1,8,0,7330,A
4-HA,865,4,2,0,7368,7374,C
4-HA,866,1,0,0,7256,7257,C
4-HA,867,11,1,0,7293,7305,C
4-HA,868,7150,0,2,0,7152,A
4-HA,869,0,7128,1,2,7131,T
4-HA,870,0,7145,1,3,7149,T
4-HA,871,0,7,7200,0,7207,G
4-HA,872,1,0,7197,0,7198,G
4-HA,873,2,1,0,7186,7189,C
4-HA,874,7028,0,1,0,7029,A
4-HA,875,7000,0,2,0,7002,A
4-HA,876,7087,0,2,0,7089,A
4-HA,877,0,7080,0,5,7085,T
4-HA,878,2,0,7089,0,7091,G
4-HA,879,0,1,0,7068,7069,C
4-HA,880,6982,1,7,0,6990,A
4-HA,881,7150,0,3,0,7153,A
4-HA,882,0,7144,0,2,7146,T
4-HA,883,0,7159,0,2,7161,T
4-HA,884,4,1,0,7189,7194,C
4-HA,885,0,6998,1,4,7003,T
4-HA,886,1,6,7050,1,7058,G
4-HA,887,7052,1,0,0,7053,A
4-HA,888,7093,0,1,0,7094,A
4-HA,889,3,7095,0,0,7098,T
4-HA,890,0,1,6940,0,6941,G
4-HA,891,0,3,0,6938,6941,C
4-HA,892,6925,0,1,0,6926,A
4-HA,893,3,6886,0,6,6895,T
4-HA,894,4,1,0,6891,6896,C
4-HA,895,6878,0,2,0,6880,A
4-HA,896,0,0,0,7105,7105,C
4-HA,897,3,7020,1,10,7034,T
4-HA,898,7,3,0,7053,7063,C
4-HA,899,6,3,1,7024,7034,C
4-HA,900,7084,1,1,0,7086,A
4-HA,901,7076,0,1,0,7077,A
4-HA,902,7051,1,5,1,7058,A
4-HA,903,0,6684,2,2,6688,T
4-HA,904,0,1,6718,0,6719,G
4-HA,905,4,3,6713,0,6720,G
4-HA,906,6733,1,4,0,6738,A
4-HA,907,6704,0,7,1,6712,A
4-HA,908,3,0,6737,0,6740,G
4-HA,909,2,4,1,6607,6614,C
4-HA,910,6586,1,0,0,6587,A
4-HA,911,0,6606,0,2,6608,T
4-HA,912,1,6561,0,5,6567,T
4-HA,913,7,2,0,6748,6757,C
4-HA,914,4,2,1,6721,6728,C
4-HA,915,7,2,0,6731,6740,C
4-HA,916,6748,0,3,0,6751,A
4-HA,917,6792,1,0,17,6810,A
4-HA,918,0,6860,0,2,6862,T
4-HA,919,0,6,6870,0,6876,G
4-HA,920,6853,2,4,0,6859,A
4-HA,921,1,0,0,6847,6848,C
4-HA,922,6575,2,3,0,6580,A
4-HA,923,6577,3,2,0,6582,A
4-HA,924,6558,1,4,2,6565,A
4-HA,925,2,1,0,6592,6595,C
4-HA,926,3,1,0,6505,6509,C
4-HA,927,6309,0,0,0,6309,A
4-HA,928,0,6297,0,4,6301,T
4-HA,929,1,6245,0,3,6249,T
4-HA,930,3,1,0,6326,6330,C
4-HA,931,2,1,0,6333,6336,C
4-HA,932,6334,0,1,0,6335,A
4-HA,933,6318,0,4,0,6322,A
4-HA,934,6266,0,0,0,6266,A
4-HA,935,6348,0,5,0,6353,A
4-HA,936,0,6321,0,1,6322,T
4-HA,937,1,1,6332,0,6334,G
4-HA,938,0,6300,0,3,6303,T
4-HA,939,6321,0,1,1,6323,A
4-HA,940,6314,1,4,0,6319,A
4-HA,941,6328,1,1,0,6330,A
4-HA,942,1,3,0,6335,6339,C
4-HA,943,6173,0,0,1,6174,A
4-HA,944,2,6,6207,0,6215,G
4-HA,945,11,6,6166,0,6183,G
4-HA,946,6224,1,5,0,6230,A
4-HA,947,2,6197,2,6,6207,T
4-HA,948,6,4,0,6232,6242,C
4-HA,949,6279,0,5,0,6284,A
4-HA,950,0,1,0,6395,6396,C
4-HA,951,6368,1,1,0,6370,A
4-HA,952,0,6453,1,1,6455,T
4-HA,953,6177,0,3,0,6180,A
4-HA,954,1,1,0,6095,6097,C
4-HA,955,2,8,5848,0,5858,G
4-HA,956,0,4,5853,0,5857,G
4-HA,957,2,1,5774,0,5777,G
4-HA,958,4,0,5764,4,5772,G
4-HA,959,3,4,0,5543,5550,C
4-HA,960,1,6,0,5510,5517,C
4-HA,961,0,5309,1,6,5316,T
4-HA,962,0,0,5617,0,5617,G
4-HA,963,2,5546,1,7,5556,T
4-HA,964,7,5,0,5599,5611,C
4-HA,965,4,4,0,5574,5582,C
4-HA,966,15,4,0,5500,5519,C
4-HA,967,5470,0,2,0,5472,A
4-HA,968,0,0,5503,0,5503,G
4-HA,969,5455,2,1,0,5458,A
4-HA,970,0,5420,2,1,5423,T
4-HA,971,4568,0,0,0,4568,A
4-HA,972,1,4411,2,5,4419,T
4-HA,973,4,0,4426,0,4430,G
4-HA,974,1,4399,0,3,4403,T
4-HA,975,1,4275,1,1,4278,T
4-HA,976,4286,0,2,0,4288,A
4-HA,977,4201,0,4,0,4205,A
4-HA,978,2,2,4229,0,4233,G
4-HA,979,3,1,0,4209,4213,C
4-HA,980,4078,1,5,0,4084,A
4-HA,981,4082,0,0,0,4082,A
4-HA,982,4017,0,0,0,4017,A
4-HA,983,4019,0,4,0,4023,A
4-HA,984,1,6,1,4019,4027,C
4-HA,985,3902,1,1,0,3904,A
4-HA,986,1,1,0,3927,3929,C
4-HA,987,0,3725,0,6,3731,T
4-HA,988,5,1,0,3783,3789,C
4-HA,989,0,3769,0,4,3773,T
4-HA,990,0,0,3798,0,3798,G
4-HA,991,3792,0,2,0,3794,A
4-HA,992,3778,0,1,1,3780,A
4-HA,993,3779,0,0,0,3779,A
4-HA,994,0,3702,3,2,3707,T
4-HA,995,0,3606,0,0,3606,T
4-HA,996,0,3,3607,0,3610,G
4-HA,997,3,1,3587,0,3591,G
4-HA,998,1,1,0,3589,3591,C
4-HA,999,3544,0,0,0,3544,A
4-HA,1000,3547,1,1,0,3549,A
4-HA,1001,1,1,0,3544,3546,C
4-HA,1002,3522,0,0,0,3522,A
4-HA,1003,0,4,3539,0,3543,G
4-HA,1004,1,4,3486,1,3492,G
4-HA,1005,0,1,3466,0,3467,G
4-HA,1006,3449,0,2,0,3451,A
4-HA,1007,0,3388,0,3,3391,T
4-HA,1008,2,0,3403,0,3405,G
4-HA,1009,3,1,0,3385,3389,C
4-HA,1010,1,1,3384,0,3386,G
4-HA,1011,3401,0,0,0,3401,A
4-HA,1012,3263,2,1,0,3266,A
4-HA,1013,3279,0,1,0,3280,A
4-HA,1014,0,3191,1,0,3192,T
4-HA,1015,4,0,3208,0,3212,G
4-HA,1016,1,3192,0,2,3195,T
4-HA,1017,3183,0,3,0,3186,A
4-HA,1018,1,1,0,3160,3162,C
4-HA,1019,1,1,0,3119,3121,C
4-HA,1020,2984,0,0,0,2984,A
4-HA,1021,0,2,2986,0,2988,G
4-HA,1022,2774,0,1,0,2775,A
4-HA,1023,0,0,2820,0,2820,G
4-HA,1024,2637,0,2,0,2639,A
4-HA,1025,2626,0,2,0,2628,A
4-HA,1026,2628,0,3,0,2631,A
4-HA,1027,0,0,0,2622,2622,C
4-HA,1028,2553,0,2,0,2555,A
4-HA,1029,2557,0,1,0,2558,A
4-HA,1030,2539,0,3,1,2543,A
4-HA,1031,0,1,0,2564,2565,C
4-HA,1032,0,2485,1,1,2487,T
4-HA,1033,2415,0,0,0,2415,A
4-HA,1034,0,0,2431,0,2431,G
4-HA,1035,2381,0,4,0,2385,A
4-HA,1036,2,0,2419,0,2421,G
4-HA,1037,0,0,2401,0,2401,G
4-HA,1038,0,1,0,2266,2267,C
4-HA,1039,2263,0,2,1,2266,A
4-HA,1040,1,2220,0,1,2222,T
4-HA,1041,2224,0,0,0,2224,A
4-HA,1042,0,2201,0,1,2202,T
4-HA,1043,0,2158,0,3,2161,T
4-HA,1044,1,2159,1,0,2161,T
4-HA,1045,0,0,1928,0,1928,G
4-HA,1046,2,1,1927,0,1930,G
4-HA,1047,0,2,0,1914,1916,C
4-HA,1048,1,0,1899,0,1900,G
4-HA,1049,0,1,0,1861,1862,C
4-HA,1050,1806,0,0,0,1806,A
4-HA,1051,1826,0,1,0,1827,A
4-HA,1052,0,1809,0,0,1809,T
4-HA,1053,5,1,0,1805,1811,C
4-HA,1054,1,0,1821,0,1822,G
4-HA,1055,0,0,0,1782,1782,C
4-HA,1056,55,3,1735,0,1793,G
4-HA,1057,1,0,1796,0,1797,G
4-HA,1058,0,0,1796,0,1796,G
4-HA,1059,0,1782,1,0,1783,T
4-HA,1060,0,1654,0,1,1655,T
4-HA,1061,1,1624,0,7,1632,T
4-HA,1062,3,0,0,1613,1616,C
4-HA,1063,1621,0,1,0,1622,A
4-HA,1064,0,1619,0,0,1619,T
4-HA,1065,1603,1,0,0,1604,A
4-HA,1066,0,0,1601,0,1601,G
4-HA,1067,1394,1,0,0,1395,A
4-HA,1068,1381,2,2,0,1385,A
4-HA,1069,1384,0,0,0,1384,A
4-HA,1070,1371,0,2,0,1373,A
4-HA,1071,0,1346,0,0,1346,T
4-HA,1072,0,0,1339,0,1339,G
4-HA,1073,0,0,1342,0,1342,G
4-HA,1074,0,1284,0,2,1286,T
4-HA,1075,0,1087,1,0,1088,T
4-HA,1076,0,1,1081,0,1082,G
4-HA,1077,2,0,967,0,969,G
4-HA,1078,0,0,973,0,973,G
4-HA,1079,891,0,1,0,892,A
4-HA,1080,0,1,881,0,882,G
4-HA,1081,0,0,715,1,716,G
4-HA,1082,0,1,720,0,721,G
4-HA,1083,717,0,0,1,718,A
4-HA,1084,726,0,0,0,726,A
4-HA,1085,0,723,0,0,723,T
4-HA,1086,0,0,728,0,728,G
4-HA,1087,0,0,734,0,734,G
4-HA,1088,0,727,0,0,727,T
4-HA,1089,0,0,723,0,723,G
4-HA,1090,0,0,722,0,722,G
4-HA,1091,689,0,0,0,689,A
4-HA,1092,0,694,0,0,694,T
4-HA,1093,0,2,704,0,706,G
4-HA,1094,0,0,705,1,706,G
4-HA,1095,0,699,0,0,699,T
4-HA,1096,0,679,0,0,679,T
4-HA,1097,0,0,674,0,674,G
4-HA,1098,0,0,689,0,689,G
4-HA,1099,0,692,0,0,692,T
4-HA,1100,694,0,0,0,694,A
4-HA,1101,0,1,0,661,662,C
4-HA,1102,0,0,668,0,668,G
4-HA,1103,0,0,697,0,697,G
4-HA,1104,0,694,0,1,695,T
4-HA,1105,0,695,0,0,695,T
4-HA,1106,0,697,0,0,697,T
4-HA,1107,1,0,0,680,681,C
4-HA,1108,678,1,1,0,680,A
4-HA,1109,0,0,683,0,683,G
4-HA,1110,0,0,679,0,679,G
4-HA,1111,0,0,0,678,678,C
4-HA,1112,653,0,0,0,653,A
4-HA,1113,0,651,1,0,652,T
4-HA,1114,0,0,0,653,653,C
4-HA,1115,654,0,0,0,654,A
4-HA,1116,655,0,0,0,655,A
4-HA,1117,655,0,0,1,656,A
4-HA,1118,662,0,0,0,662,A
4-HA,1119,0,662,0,0,662,T
4-HA,1120,0,653,0,0,653,T
4-HA,1121,3,0,0,657,660,C
4-HA,1122,1,651,0,0,652,T
4-HA,1123,0,1,651,1,653,G
4-HA,1124,653,0,0,0,653,A
4-HA,1125,1,1,654,0,656,G
4-HA,1126,0,0,653,0,653,G
4-HA,1127,0,1,658,0,659,G
4-HA,1128,655,0,0,0,655,A
4-HA,1129,656,0,1,0,657,A
4-HA,1130,0,1,653,0,654,G
4-HA,1131,666,0,0,0,666,A
4-HA,1132,0,0,676,0,676,G
4-HA,1133,0,0,678,0,678,G
4-HA,1134,681,0,1,0,682,A
4-HA,1135,0,0,0,682,682,C
4-HA,1136,678,0,0,0,678,A
4-HA,1137,670,0,1,0,671,A
4-HA,1138,0,1,681,0,682,G
4-HA,1139,0,0,0,676,676,C
4-HA,1140,661,0,0,0,661,A
4-HA,1141,0,0,658,0,658,G
4-HA,1142,0,0,0,650,650,C
4-HA,1143,653,0,0,0,653,A
4-HA,1144,0,1,659,0,660,G
4-HA,1145,654,0,0,0,654,A
4-HA,1146,0,678,0,0,678,T
4-HA,1147,0,0,0,681,681,C
4-HA,1148,0,663,0,2,665,T
4-HA,1149,0,0,0,681,681,C
4-HA,1150,677,0,0,0,677,A
4-HA,1151,677,0,0,0,677,A
4-HA,1152,676,0,0,0,676,A
4-HA,1153,663,0,0,0,663,A
4-HA,1154,0,0,669,0,669,G
4-HA,1155,0,0,0,648,648,C
4-HA,1156,644,0,0,0,644,A
4-HA,1157,0,0,0,660,660,C
4-HA,1158,0,646,0,0,646,T
4-HA,1159,1,1,0,652,654,C
4-HA,1160,654,0,2,0,656,A
4-HA,1161,661,0,1,0,662,A
4-HA,1162,0,0,666,0,666,G
4-HA,1163,0,0,0,662,662,C
4-HA,1164,656,0,0,1,657,A
4-HA,1165,0,0,654,0,654,G
4-HA,1166,0,0,0,651,651,C
4-HA,1167,650,0,0,0,650,A
4-HA,1168,646,0,2,0,648,A
4-HA,1169,0,646,0,0,646,T
4-HA,1170,0,1,0,635,636,C
4-HA,1171,0,0,637,0,637,G
4-HA,1172,636,0,0,0,636,A
4-HA,1173,0,632,0,0,632,T
4-HA,1174,2,0,0,623,625,C
4-HA,1175,627,0,0,0,627,A
4-HA,1176,643,0,0,0,643,A
4-HA,1177,642,0,0,0,642,A
4-HA,1178,0,645,0,0,645,T
4-HA,1179,0,0,0,644,644,C
4-HA,1180,639,0,0,0,639,A
4-HA,1181,643,0,0,0,643,A
4-HA,1182,0,641,1,0,642,T
4-HA,1183,0,2,639,0,641,G
4-HA,1184,0,1,639,0,640,G
4-HA,1185,1,0,631,0,632,G
4-HA,1186,633,0,0,0,633,A
4-HA,1187,633,0,2,1,636,A
4-HA,1188,0,1,650,0,651,G
4-HA,1189,1,0,0,651,652,C
4-HA,1190,0,639,0,1,640,T
4-HA,1191,0,0,671,0,671,G
4-HA,1192,673,0,0,0,673,A
4-HA,1193,672,0,0,0,672,A
4-HA,1194,0,673,0,0,673,T
4-HA,1195,656,0,0,0,656,A
4-HA,1196,0,0,659,0,659,G
4-HA,1197,597,0,0,0,597,A
4-HA,1198,0,603,0,0,603,T
4-HA,1199,0,600,0,1,601,T
4-HA,1200,0,1,607,0,608,G
4-HA,1201,598,0,0,0,598,A
4-HA,1202,0,602,0,0,602,T
4-HA,1203,0,0,0,600,600,C
4-HA,1204,0,0,601,0,601,G
4-HA,1205,1,0,600,0,601,G
4-HA,1206,0,0,600,0,600,G
4-HA,1207,601,0,0,0,601,A
4-HA,1208,604,0,0,0,604,A
4-HA,1209,595,0,0,0,595,A
4-HA,1210,599,0,0,0,599,A
4-HA,1211,0,0,0,597,597,C
4-HA,1212,0,0,0,596,596,C
4-HA,1213,591,1,1,0,593,A
4-HA,1214,596,0,0,0,596,A
4-HA,1215,0,1,0,599,600,C
4-HA,1216,1,0,602,0,603,G
4-HA,1217,602,0,0,0,602,A
4-HA,1218,0,1,599,0,600,G
4-HA,1219,603,0,0,0,603,A
4-HA,1220,597,0,0,0,597,A
4-HA,1221,603,0,0,0,603,A
4-HA,1222,0,606,0,0,606,T
4-HA,1223,0,606,0,1,607,T
4-HA,1224,0,0,0,607,607,C
4-HA,1225,0,0,0,604,604,C
4-HA,1226,602,0,0,0,602,A
4-HA,1227,0,602,1,0,603,T
4-HA,1228,0,0,0,600,600,C
4-HA,1229,600,0,0,0,600,A
4-HA,1230,0,0,603,0,603,G
4-HA,1231,600,0,0,0,600,A
4-HA,1232,0,597,0,0,597,T
4-HA,1233,0,595,0,0,595,T
4-HA,1234,0,0,605,0,605,G
4-HA,1235,604,0,0,0,604,A
4-HA,1236,604,0,0,0,604,A
4-HA,1237,600,0,0,0,600,A
4-HA,1238,603,0,0,0,603,A
4-HA,1239,600,0,0,0,600,A
4-HA,1240,0,0,598,0,598,G
4-HA,1241,600,0,1,0,601,A
4-HA,1242,601,0,0,0,601,A
4-HA,1243,0,598,1,0,599,T
4-HA,1244,0,596,0,0,596,T
4-HA,1245,0,0,0,598,598,C
4-HA,1246,0,596,0,0,596,T
4-HA,1247,0,0,0,595,595,C
4-HA,1248,592,0,0,0,592,A
4-HA,1249,0,0,596,0,596,G
4-HA,1250,590,0,0,0,590,A
4-HA,1251,588,0,0,0,588,A
4-HA,1252,0,0,601,0,601,G
4-HA,1253,0,593,0,0,593,T
4-HA,1254,0,0,0,593,593,C
4-HA,1255,0,0,591,0,591,G
4-HA,1256,589,1,1,0,591,A
4-HA,1257,590,0,2,0,592,A
4-HA,1258,0,1,593,0,594,G
4-HA,1259,0,1,596,0,597,G
4-HA,1260,0,0,593,0,593,G
4-HA,1261,580,0,1,0,581,A
4-HA,1262,0,0,592,0,592,G
4-HA,1263,587,0,0,0,587,A
4-HA,1264,637,0,0,0,637,A
4-HA,1265,0,642,0,0,642,T
4-HA,1266,0,639,0,0,639,T
4-HA,1267,1,0,0,639,640,C
4-HA,1268,628,1,0,0,629,A
4-HA,1269,0,0,628,0,628,G
4-HA,1270,0,0,625,0,625,G
4-HA,1271,627,1,1,0,629,A
4-HA,1272,0,0,0,632,632,C
4-HA,1273,1,0,0,573,574,C
4-HA,1274,0,569,0,0,569,T
4-HA,1275,0,562,0,9,571,T
4-HA,1276,1,0,580,0,581,G
4-HA,1277,576,0,0,0,576,A
4-HA,1278,0,0,596,0,596,G
4-HA,1279,593,1,0,0,594,A
4-HA,1280,564,0,0,0,564,A
4-HA,1281,565,0,1,0,566,A
4-HA,1282,0,563,0,1,564,T
4-HA,1283,590,0,2,0,592,A
4-HA,1284,0,583,0,0,583,T
4-HA,1285,0,0,602,0,602,G
4-HA,1286,0,602,0,0,602,T
4-HA,1287,0,587,0,0,587,T
4-HA,1288,0,0,593,0,593,G
4-HA,1289,579,1,0,0,580,A
4-HA,1290,0,2,600,0,602,G
4-HA,1291,0,0,594,0,594,G
4-HA,1292,587,0,0,0,587,A
4-HA,1293,0,0,0,624,624,C
4-HA,1294,612,0,0,0,612,A
4-HA,1295,0,0,0,613,613,C
4-HA,1296,0,602,0,0,602,T
4-HA,1297,641,0,0,0,641,A
4-HA,1298,648,0,0,0,648,A
4-HA,1299,650,0,0,0,650,A
4-HA,1300,657,0,0,0,657,A
4-HA,1301,0,658,0,0,658,T
4-HA,1302,634,0,0,0,634,A
4-HA,1303,1,0,642,0,643,G
4-HA,1304,624,0,0,0,624,A
4-HA,1305,1,626,0,0,627,T
4-HA,1306,0,0,0,626,626,C
4-HA,1307,0,613,0,0,613,T
4-HA,1308,0,0,0,631,631,C
4-HA,1309,0,632,0,0,632,T
4-HA,1310,0,1,642,0,643,G
4-HA,1311,0,0,654,0,654,G
4-HA,1312,0,656,0,0,656,T
4-HA,1313,2,1,0,655,658,C
4-HA,1314,659,0,0,0,659,A
4-HA,1315,0,662,0,0,662,T
4-HA,1316,663,0,0,0,663,A
4-HA,1317,0,0,0,661,661,C
4-HA,1318,648,0,0,0,648,A
4-HA,1319,655,0,1,0,656,A
4-HA,1320,0,0,0,633,633,C
4-HA,1321,0,0,630,0,630,G
4-HA,1322,0,0,0,634,634,C
4-HA,1323,0,0,631,0,631,G
4-HA,1324,0,0,633,0,633,G
4-HA,1325,631,0,0,0,631,A
4-HA,1326,0,0,647,0,647,G
4-HA,1327,0,0,0,646,646,C
4-HA,1328,0,644,0,1,645,T
4-HA,1329,0,648,0,0,648,T
4-HA,1330,0,0,0,648,648,C
4-HA,1331,0,651,0,0,651,T
4-HA,1332,0,653,0,0,653,T
4-HA,1333,0,0,654,0,654,G
4-HA,1334,0,655,0,0,655,T
4-HA,1335,0,633,0,0,633,T
4-HA,1336,0,1,644,0,645,G
4-HA,1337,0,1,0,651,652,C
4-HA,1338,1,0,0,646,647,C
4-HA,1339,0,0,0,653,653,C
4-HA,1340,1,649,0,0,650,T
4-HA,1341,0,0,653,0,653,G
4-HA,1342,0,0,653,0,653,G
4-HA,1343,649,0,0,0,649,A
4-HA,1344,0,1,649,0,650,G
4-HA,1345,643,0,0,0,643,A
4-HA,1346,650,0,0,0,650,A
4-HA,1347,0,0,0,662,662,C
4-HA,1348,0,0,0,659,659,C
4-HA,1349,653,0,0,0,653,A
4-HA,1350,682,0,0,0,682,A
4-HA,1351,1,0,0,686,687,C
4-HA,1352,692,0,0,0,692,A
4-HA,1353,0,689,0,0,689,T
4-HA,1354,692,0,0,0,692,A
4-HA,1355,0,1,0,704,705,C
4-HA,1356,685,0,0,0,685,A
4-HA,1357,681,0,0,0,681,A
4-HA,1358,0,688,0,0,688,T
4-HA,1359,0,664,0,0,664,T
4-HA,1360,1,1,669,0,671,G
4-HA,1361,671,0,0,0,671,A
4-HA,1362,0,663,1,0,664,T
4-HA,1363,0,0,0,673,673,C
4-HA,1364,0,648,1,1,650,T
4-HA,1365,654,0,0,0,654,A
4-HA,1366,652,0,0,0,652,A
4-HA,1367,0,0,0,651,651,C
4-HA,1368,1,644,0,0,645,T
4-HA,1369,0,3,640,0,643,G
4-HA,1370,633,0,0,0,633,A
4-HA,1371,2,0,0,635,637,C
4-HA,1372,0,632,0,1,633,T
4-HA,1373,0,0,0,638,638,C
4-HA,1374,633,0,1,0,634,A
4-HA,1375,0,0,642,0,642,G
4-HA,1376,637,0,0,0,637,A
4-HA,1377,640,0,0,0,640,A
4-HA,1378,639,0,1,0,640,A
4-HA,1379,0,633,0,0,633,T
4-HA,1380,0,0,651,0,651,G
4-HA,1381,646,0,0,0,646,A
4-HA,1382,650,0,1,0,651,A
4-HA,1383,1,0,0,652,653,C
4-HA,1384,640,0,0,1,641,A
4-HA,1385,641,0,0,0,641,A
4-HA,1386,644,0,0,0,644,A
4-HA,1387,0,0,0,646,646,C
4-HA,1388,0,640,0,0,640,T
4-HA,1389,0,1,641,0,642,G
4-HA,1390,0,632,0,1,633,T
4-HA,1391,0,628,0,2,630,T
4-HA,1392,0,635,0,0,635,T
4-HA,1393,0,0,637,0,637,G
4-HA,1394,639,0,0,0,639,A
4-HA,1395,636,0,0,0,636,A
4-HA,1396,636,0,0,0,636,A
4-HA,1397,638,0,0,1,639,A
4-HA,1398,632,0,0,0,632,A
4-HA,1399,636,0,0,0,636,A
4-HA,1400,0,0,0,640,640,C
4-HA,1401,635,0,0,0,635,A
4-HA,1402,635,0,0,0,635,A
4-HA,1403,634,0,0,0,634,A
4-HA,1404,0,0,638,0,638,G
4-HA,1405,645,0,0,0,645,A
4-HA,1406,638,0,1,0,639,A
4-HA,1407,0,0,636,0,636,G
4-HA,1408,0,0,0,639,639,C
4-HA,1409,640,0,0,0,640,A
4-HA,1410,642,0,0,0,642,A
4-HA,1411,0,0,0,646,646,C
4-HA,1412,0,639,0,0,639,T
4-HA,1413,0,0,646,0,646,G
4-HA,1414,636,0,2,0,638,A
4-HA,1415,0,2,647,0,649,G
4-HA,1416,0,3,643,0,646,G
4-HA,1417,2,1,645,0,648,G
4-HA,1418,645,0,1,0,646,A
4-HA,1419,647,0,0,0,647,A
4-HA,1420,644,0,0,0,644,A
4-HA,1421,663,0,0,0,663,A
4-HA,1422,0,660,0,1,661,T
4-HA,1423,0,0,668,0,668,G
4-HA,1424,1,0,0,667,668,C
4-HA,1425,0,657,0,0,657,T
4-HA,1426,0,0,662,0,662,G
4-HA,1427,661,0,0,0,661,A
4-HA,1428,0,1,713,0,714,G
4-HA,1429,0,0,719,0,719,G
4-HA,1430,703,0,0,0,703,A
4-HA,1431,0,703,0,0,703,T
4-HA,1432,704,0,0,0,704,A
4-HA,1433,0,701,0,0,701,T
4-HA,1434,0,2,705,0,707,G
4-HA,1435,0,0,701,0,701,G
4-HA,1436,1,0,699,0,700,G
4-HA,1437,0,0,0,669,669,C
4-HA,1438,652,2,0,0,654,A
4-HA,1439,654,0,0,0,654,A
4-HA,1440,0,654,0,0,654,T
4-HA,1441,0,0,654,0,654,G
4-HA,1442,0,0,651,0,651,G
4-HA,1443,0,636,0,0,636,T
4-HA,1444,0,623,0,0,623,T
4-HA,1445,0,0,629,0,629,G
4-HA,1446,0,635,0,0,635,T
4-HA,1447,0,632,0,4,636,T
4-HA,1448,0,636,0,0,636,T
4-HA,1449,0,0,0,641,641,C
4-HA,1450,639,0,0,0,639,A
4-HA,1451,640,0,0,0,640,A
4-HA,1452,640,0,0,0,640,A
4-HA,1453,649,1,0,0,650,A
4-HA,1454,0,648,0,0,648,T
4-HA,1455,643,0,2,0,645,A
4-HA,1456,0,648,0,0,648,T
4-HA,1457,645,0,1,0,646,A
4-HA,1458,1,0,0,654,655,C
4-HA,1459,0,0,0,646,646,C
4-HA,1460,646,0,0,0,646,A
4-HA,1461,1,0,0,649,650,C
4-HA,1462,645,0,0,0,645,A
4-HA,1463,648,0,0,0,648,A
4-HA,1464,648,0,1,0,649,A
4-HA,1465,0,649,0,1,650,T
4-HA,1466,0,0,654,0,654,G
4-HA,1467,0,640,0,1,641,T
4-HA,1468,0,2,650,0,652,G
4-HA,1469,653,0,0,0,653,A
4-HA,1470,0,0,0,647,647,C
4-HA,1471,638,0,0,0,638,A
4-HA,1472,641,0,0,0,641,A
4-HA,1473,0,653,0,1,654,T
4-HA,1474,1,0,659,0,660,G
4-HA,1475,0,0,0,654,654,C
4-HA,1476,0,1,0,659,660,C
4-HA,1477,0,656,0,1,657,T
4-HA,1478,0,1,679,0,680,G
4-HA,1479,0,0,0,677,677,C
4-HA,1480,681,0,0,0,681,A
4-HA,1481,1,679,0,0,680,T
4-HA,1482,638,17,0,0,655,A
4-HA,1483,0,0,664,0,664,G
4-HA,1484,1,0,660,0,661,G
4-HA,1485,660,0,0,0,660,A
4-HA,1486,0,657,0,1,658,T
4-HA,1487,0,0,0,620,620,C
4-HA,1488,617,0,2,0,619,A
4-HA,1489,620,0,0,1,621,A
4-HA,1490,0,616,0,0,616,T
4-HA,1491,0,0,0,622,622,C
4-HA,1492,610,0,1,0,611,A
4-HA,1493,0,0,617,0,617,G
4-HA,1494,617,0,0,0,617,A
4-HA,1495,619,0,0,0,619,A
4-HA,1496,618,0,0,0,618,A
4-HA,1497,0,613,0,0,613,T
4-HA,1498,0,0,614,0,614,G
4-HA,1499,1,0,620,0,621,G
4-HA,1500,617,0,0,0,617,A
4-HA,1501,626,0,0,0,626,A
4-HA,1502,0,1,0,627,628,C
4-HA,1503,0,614,0,0,614,T
4-HA,1504,0,620,0,0,620,T
4-HA,1505,617,0,3,0,620,A
4-HA,1506,0,620,0,0,620,T
4-HA,1507,1,3,614,0,618,G
4-HA,1508,617,1,0,0,618,A
4-HA,1509,0,0,0,621,621,C
4-HA,1510,0,0,0,613,613,C
4-HA,1511,603,0,1,0,604,A
4-HA,1512,0,0,1,620,621,C
4-HA,1513,0,0,644,0,644,G
4-HA,1514,659,0,0,0,659,A
4-HA,1515,0,676,0,0,676,T
4-HA,1516,0,0,709,0,709,G
4-HA,1517,0,706,0,0,706,T
4-HA,1518,740,0,0,0,740,A
4-HA,1519,0,737,0,0,737,T
4-HA,1520,739,0,0,0,739,A
4-HA,1521,0,0,0,737,737,C
4-HA,1522,671,0,1,0,672,A
4-HA,1523,0,0,677,0,677,G
4-HA,1524,638,0,0,0,638,A
4-HA,1525,3,0,612,0,615,G
4-HA,1526,613,0,0,0,613,A
4-HA,1527,0,570,0,0,570,T
4-HA,1528,0,0,572,0,572,G
4-HA,1529,572,0,0,0,572,A
4-HA,1530,572,0,0,0,572,A
4-HA,1531,0,0,585,0,585,G
4-HA,1532,0,0,0,573,573,C
4-HA,1533,572,0,0,0,572,A
4-HA,1534,0,564,0,0,564,T
4-HA,1535,0,564,0,0,564,T
4-HA,1536,567,0,0,0,567,A
4-HA,1537,569,0,0,0,569,A
4-HA,1538,567,0,1,0,568,A
4-HA,1539,0,0,0,571,571,C
4-HA,1540,540,0,0,0,540,A
4-HA,1541,545,0,0,0,545,A
4-HA,1542,0,0,0,547,547,C
4-HA,1543,0,0,0,541,541,C
4-HA,1544,0,0,542,0,542,G
4-HA,1545,0,0,542,0,542,G
4-HA,1546,0,544,0,0,544,T
4-HA,1547,0,544,0,0,544,T
4-HA,1548,0,532,0,0,532,T
4-HA,1549,0,0,0,534,534,C
4-HA,1550,535,0,0,0,535,A
4-HA,1551,0,0,549,0,549,G
4-HA,1552,550,0,0,0,550,A
4-HA,1553,0,539,0,2,541,T
4-HA,1554,1,0,0,529,530,C
4-HA,1555,530,0,0,0,530,A
4-HA,1556,532,0,0,0,532,A
4-HA,1557,0,1,530,0,531,G
4-HA,1558,0,0,529,0,529,G
4-HA,1559,0,0,529,0,529,G
4-HA,1560,504,0,0,0,504,A
4-HA,1561,0,0,511,0,511,G
4-HA,1562,0,510,1,0,511,T
4-HA,1563,0,510,0,0,510,T
4-HA,1564,0,1,516,0,517,G
4-HA,1565,509,0,0,0,509,A
4-HA,1566,0,1,519,0,520,G
4-HA,1567,0,0,0,515,515,C
4-HA,1568,0,508,0,1,509,T
4-HA,1569,0,0,511,0,511,G
4-HA,1570,506,0,0,0,506,A
4-HA,1571,508,0,0,0,508,A
4-HA,1572,0,0,508,0,508,G
4-HA,1573,0,503,0,1,504,T
4-HA,1574,0,0,0,503,503,C
4-HA,1575,497,0,0,0,497,A
4-HA,1576,1,0,493,0,494,G
4-HA,1577,0,0,492,0,492,G
4-HA,1578,0,0,478,0,478,G
4-HA,1579,0,498,0,0,498,T
4-HA,1580,500,1,0,0,501,A
4-HA,1581,0,0,0,497,497,C
4-HA,1582,498,0,0,0,498,A
4-HA,1583,498,0,0,0,498,A
4-HA,1584,496,0,0,0,496,A
4-HA,1585,1,0,496,0,497,G
4-HA,1586,478,0,0,0,478,A
4-HA,1587,0,457,0,2,459,T
4-HA,1588,0,458,0,0,458,T
4-HA,1589,0,0,454,0,454,G
4-HA,1590,0,0,459,0,459,G
4-HA,1591,452,0,0,0,452,A
4-HA,1592,0,455,0,0,455,T
4-HA,1593,0,0,0,454,454,C
4-HA,1594,0,0,0,447,447,C
4-HA,1595,0,446,0,1,447,T
4-HA,1596,445,0,0,0,445,A
4-HA,1597,0,449,0,0,449,T
4-HA,1598,0,0,449,0,449,G
4-HA,1599,0,0,450,0,450,G
4-HA,1600,438,0,0,0,438,A
4-HA,1601,0,436,0,0,436,T
4-HA,1602,0,425,0,0,425,T
4-HA,1603,0,426,0,0,426,T
4-HA,1604,0,0,0,426,426,C
4-HA,1605,0,0,0,425,425,C
4-HA,1606,0,424,0,0,424,T
4-HA,1607,0,417,0,0,417,T
4-HA,1608,1,414,1,0,416,T
4-HA,1609,0,0,416,0,416,G
4-HA,1610,0,0,0,417,417,C
4-HA,1611,0,0,0,417,417,C
4-HA,1612,405,0,2,0,407,A
4-HA,1613,0,408,1,0,409,T
4-HA,1614,413,0,0,0,413,A
4-HA,1615,0,412,0,0,412,T
4-HA,1616,0,0,0,409,409,C
4-HA,1617,408,0,0,0,408,A
4-HA,1618,1,397,0,1,399,T
4-HA,1619,0,0,403,0,403,G
4-HA,1620,1,400,1,0,402,T
4-HA,1621,0,394,0,0,394,T
4-HA,1622,0,389,0,0,389,T
4-HA,1623,0,385,0,0,385,T
4-HA,1624,0,382,0,0,382,T
4-HA,1625,0,384,0,0,384,T
4-HA,1626,0,0,385,0,385,G
4-HA,1627,0,0,0,385,385,C
4-HA,1628,0,367,0,0,367,T
4-HA,1629,0,367,0,0,367,T
4-HA,1630,0,360,0,0,360,T
4-HA,1631,0,0,369,0,369,G
4-HA,1632,0,368,0,0,368,T
4-HA,1633,0,0,369,0,369,G
4-HA,1634,0,367,0,0,367,T
4-HA,1635,0,358,0,0,358,T
4-HA,1636,0,0,363,0,363,G
4-HA,1637,0,0,0,362,362,C
4-HA,1638,0,358,0,1,359,T
4-HA,1639,0,359,0,0,359,T
4-HA,1640,0,333,0,2,335,T
4-HA,1641,0,1,334,0,335,G
4-HA,1642,0,334,0,1,335,T
4-HA,1643,0,334,0,0,334,T
4-HA,1644,0,0,331,0,331,G
4-HA,1645,0,1,325,0,326,G
4-HA,1646,1,1,324,0,326,G
4-HA,1647,0,0,328,0,328,G
4-HA,1648,0,317,0,1,318,T
4-HA,1649,0,315,0,0,315,T
4-HA,1650,0,1,0,311,312,C
4-HA,1651,304,0,0,0,304,A
4-HA,1652,0,307,0,0,307,T
4-HA,1653,0,0,0,307,307,C
4-HA,1654,303,0,0,0,303,A
4-HA,1655,0,299,0,0,299,T
4-HA,1656,0,0,294,0,294,G
4-HA,1657,0,289,0,1,290,T
4-HA,1658,0,0,290,0,290,G
4-HA,1659,0,0,278,0,278,G
4-HA,1660,0,0,280,0,280,G
4-HA,1661,0,0,0,269,269,C
4-HA,1662,0,0,0,268,268,C
4-HA,1663,0,254,0,1,255,T
4-HA,1664,0,0,248,0,248,G
4-HA,1665,0,0,0,250,250,C
4-HA,1666,0,0,0,249,249,C
4-HA,1667,250,0,1,0,251,A
4-HA,1668,252,0,0,0,252,A
4-HA,1669,249,0,0,0,249,A
4-HA,1670,251,0,0,0,251,A
4-HA,1671,252,0,0,0,252,A
4-HA,1672,0,0,252,0,252,G
4-HA,1673,1,0,235,0,236,G
4-HA,1674,0,0,0,235,235,C
4-HA,1675,236,0,0,0,236,A
4-HA,1676,238,0,1,0,239,A
4-HA,1677,0,0,0,237,237,C
4-HA,1678,239,0,0,0,239,A
4-HA,1679,0,238,0,0,238,T
4-HA,1680,0,238,0,0,238,T
4-HA,1681,222,0,0,0,222,A
4-HA,1682,0,0,223,0,223,G
4-HA,1683,0,0,225,0,225,G
4-HA,1684,0,217,0,0,217,T
4-HA,1685,0,0,195,0,195,G
4-HA,1686,0,0,0,188,188,C
4-HA,1687,185,0,0,0,185,A
4-HA,1688,187,0,0,0,187,A
4-HA,1689,0,0,0,186,186,C
4-HA,1690,183,0,0,0,183,A
4-HA,1691,1,178,1,0,180,T
4-HA,1692,0,171,0,0,171,T
4-HA,1693,0,171,0,0,171,T
4-HA,1694,0,0,171,0,171,G
4-HA,1695,0,0,0,167,167,C
4-HA,1696,166,0,0,0,166,A
4-HA,1697,0,154,0,0,154,T
4-HA,1698,0,148,0,0,148,T
4-HA,1699,0,144,0,0,144,T
4-HA,1700,0,0,143,0,143,G
4-HA,1701,139,0,0,0,139,A
5-NP,1,2730,0,0,0,2730,A
5-NP,2,0,2746,0,0,2746,T
5-NP,3,0,0,2728,0,2728,G
5-NP,4,0,2,2734,0,2736,G
5-NP,5,1,1,0,2754,2756,C
5-NP,6,1,0,2826,0,2827,G
5-NP,7,0,2966,0,1,2967,T
5-NP,8,2,0,0,2983,2985,C
5-NP,9,1,1,0,2997,2999,C
5-NP,10,12,3,2,2996,3013,C
5-NP,11,3022,0,2,0,3024,A
5-NP,12,3017,0,7,1,3025,A
5-NP,13,2,0,3065,0,3067,G
5-NP,14,0,2,3166,0,3168,G
5-NP,15,1,0,1,3186,3188,C
5-NP,16,3203,0,3,0,3206,A
5-NP,17,0,2,0,3238,3240,C
5-NP,18,1,0,0,3250,3251,C
5-NP,19,3282,0,0,0,3282,A
5-NP,20,3270,1,1,0,3272,A
5-NP,21,3274,0,1,1,3276,A
5-NP,22,0,3,0,3295,3298,C
5-NP,23,0,4,3315,0,3319,G
5-NP,24,1,0,3601,0,3602,G
5-NP,25,1,3589,0,3,3593,T
5-NP,26,2,0,0,3956,3958,C
5-NP,27,1,3932,1,1,3935,T
5-NP,28,0,3989,0,1,3990,T
5-NP,29,4001,0,12,0,4013,A
5-NP,30,0,4012,0,1,4013,T
5-NP,31,2,3,4043,0,4048,G
5-NP,32,4019,0,3,0,4022,A
5-NP,33,3947,0,2,0,3949,A
5-NP,34,0,1,0,3980,3981,C
5-NP,35,3874,0,0,1,3875,A
5-NP,36,1,2,4214,0,4217,G
5-NP,37,4170,1,1,1,4173,A
5-NP,38,1,4186,1,3,4191,T
5-NP,39,0,3,4211,0,4214,G
5-NP,40,1,2,4203,1,4207,G
5-NP,41,4186,3,5,0,4194,A
5-NP,42,4217,0,1,1,4219,A
5-NP,43,4249,1,4,0,4254,A
5-NP,44,1,0,0,4391,4392,C
5-NP,45,1,4277,0,2,4280,T
5-NP,46,1,2,4324,0,4327,G
5-NP,47,4263,2,7,2,4274,A
5-NP,48,0,4307,0,1,4308,T
5-NP,49,1,3,4299,0,4303,G
5-NP,50,0,5,4318,0,4323,G
5-NP,51,1,2,4306,0,4309,G
5-NP,52,0,1,4336,1,4338,G
5-NP,53,4285,3,6,0,4294,A
5-NP,54,0,4297,1,1,4299,T
5-NP,55,3,2,0,4316,4321,C
5-NP,56,2,1,4334,0,4337,G
5-NP,57,1,0,0,4383,4384,C
5-NP,58,1,1,1,4395,4398,C
5-NP,59,4384,1,1,1,4387,A
5-NP,60,1,4,4436,0,4441,G
5-NP,61,4390,3,1,0,4394,A
5-NP,62,4507,1,1,0,4509,A
5-NP,63,0,4501,2,0,4503,T
5-NP,64,0,0,4512,1,4513,G
5-NP,65,1,11,0,4549,4561,C
5-NP,66,4519,0,11,0,4530,A
5-NP,67,4594,1,4,0,4599,A
5-NP,68,0,2,0,4607,4609,C
5-NP,69,1,4564,1,2,4568,T
5-NP,70,0,1,4625,0,4626,G
5-NP,71,4627,1,6,1,4635,A
5-NP,72,4,2,4974,0,4980,G
5-NP,73,4916,1,2,2,4921,A
5-NP,74,0,4904,1,2,4907,T
5-NP,75,1,4914,1,1,4917,T
5-NP,76,4907,1,6,1,4915,A
5-NP,77,0,6,4939,0,4945,G
5-NP,78,2,3,4907,0,4912,G
5-NP,79,1,0,4923,0,4924,G
5-NP,80,1,0,1,4859,4861,C
5-NP,81,4760,0,5,0,4765,A
5-NP,82,0,4770,0,2,4772,T
5-NP,83,2,0,0,4777,4779,C
5-NP,84,3,4,0,4798,4805,C
5-NP,85,0,0,4871,1,4872,G
5-NP,86,0,4862,0,1,4863,T
5-NP,87,8,0,1,4853,4862,C
5-NP,88,16,4,4864,1,4885,G
5-NP,89,1,2,4876,0,4879,G
5-NP,90,2,1,4923,0,4926,G
5-NP,91,4874,0,1,1,4876,A
5-NP,92,4914,1,1,0,4916,A
5-NP,93,1,1,4960,0,4962,G
5-NP,94,4884,1,9,0,4894,A
5-NP,95,0,4958,1,1,4960,T
5-NP,96,0,3,4983,1,4987,G
5-NP,97,5013,1,4,0,5018,A
5-NP,98,2,5034,0,1,5037,T
5-NP,99,0,5000,0,8,5008,T
5-NP,100,2,3,5022,1,5028,G
5-NP,101,4984,0,11,0,4995,A
5-NP,102,0,5005,1,2,5008,T
5-NP,103,2,6,4979,0,4987,G
5-NP,104,0,5,4948,0,4953,G
5-NP,105,2,2,4904,0,4908,G
5-NP,106,5243,0,4,0,5247,A
5-NP,107,0,5280,1,0,5281,T
5-NP,108,0,5280,0,2,5282,T
5-NP,109,2,5,5318,0,5325,G
5-NP,110,0,7,5308,1,5316,G
5-NP,111,3,0,5318,1,5322,G
5-NP,112,5289,0,7,0,5296,A
5-NP,113,0,0,5302,0,5302,G
5-NP,114,5161,0,1,0,5162,A
5-NP,115,0,5275,0,1,5276,T
5-NP,116,1,5269,0,0,5270,T
5-NP,117,0,1,0,5309,5310,C
5-NP,118,0,5272,0,0,5272,T
5-NP,119,5352,1,2,0,5355,A
5-NP,120,0,1,1,5362,5364,C
5-NP,121,5494,0,0,6,5500,A
5-NP,122,0,5518,0,0,5518,T
5-NP,123,2,1,0,5500,5503,C
5-NP,124,3,0,0,5473,5476,C
5-NP,125,5495,1,0,0,5496,A
5-NP,126,5617,0,2,1,5620,A
5-NP,127,5600,0,1,1,5602,A
5-NP,128,0,5585,0,1,5586,T
5-NP,129,1,0,5605,0,5606,G
5-NP,130,2,5494,0,3,5499,T
5-NP,131,1,1,5534,0,5536,G
5-NP,132,6,1,0,5521,5528,C
5-NP,133,5513,1,4,0,5518,A
5-NP,134,2,0,0,5522,5524,C
5-NP,135,0,5423,0,0,5423,T
5-NP,136,0,4,5693,0,5697,G
5-NP,137,5763,0,2,0,5765,A
5-NP,138,5863,0,3,0,5866,A
5-NP,139,0,0,0,5959,5959,C
5-NP,140,1,5906,0,2,5909,T
5-NP,141,0,5919,0,3,5922,T
5-NP,142,5933,1,2,0,5936,A
5-NP,143,5918,0,0,0,5918,A
5-NP,144,5954,0,2,0,5956,A
5-NP,145,0,24,0,5954,5978,C
5-NP,146,1,5724,2,9,5736,T
5-NP,147,4,1,0,5807,5812,C
5-NP,148,5743,1,7,0,5751,A
5-NP,149,0,0,5838,0,5838,G
5-NP,150,1,5821,0,1,5823,T
5-NP,151,0,6,5858,0,5864,G
5-NP,152,5948,0,0,1,5949,A
5-NP,153,2,5941,0,2,5945,T
5-NP,154,6,3,0,6040,6049,C
5-NP,155,6078,0,2,0,6080,A
5-NP,156,1,6054,0,2,6057,T
5-NP,157,2,1,6055,0,6058,G
5-NP,158,6010,0,8,1,6019,A
5-NP,159,5973,2,13,2,5990,A
5-NP,160,0,5,6031,0,6036,G
5-NP,161,0,7,5943,0,5950,G
5-NP,162,2,0,5953,1,5956,G
5-NP,163,2,2,0,5913,5917,C
5-NP,164,4,3,5950,0,5957,G
5-NP,165,2,1,5984,0,5987,G
5-NP,166,0,5963,0,4,5967,T
5-NP,167,1,5973,0,1,5975,T
5-NP,168,1,4,5980,0,5985,G
5-NP,169,6746,1,6,1,6754,A
5-NP,170,0,6752,0,1,6753,T
5-NP,171,8,3,0,6743,6754,C
5-NP,172,5,1,0,6766,6772,C
5-NP,173,6748,0,2,0,6750,A
5-NP,174,0,5,6762,1,6768,G
5-NP,175,6755,0,1,1,6757,A
5-NP,176,6773,0,5,0,6778,A
5-NP,177,0,2,0,6816,6818,C
5-NP,178,6249,0,2,0,6251,A
5-NP,179,0,0,6354,0,6354,G
5-NP,180,1,2,0,6355,6358,C
5-NP,181,1,6330,0,4,6335,T
5-NP,182,0,6395,0,0,6395,T
5-NP,183,4,3,6395,0,6402,G
5-NP,184,6435,1,5,0,6441,A
5-NP,185,1,3,0,6488,6492,C
5-NP,186,6444,0,2,0,6446,A
5-NP,187,6468,1,1,1,6471,A
5-NP,188,0,6455,0,0,6455,T
5-NP,189,6443,1,0,0,6444,A
5-NP,190,0,2,6472,0,6474,G
5-NP,191,6430,0,2,0,6432,A
5-NP,192,0,4,6497,0,6501,G
5-NP,193,6435,0,0,0,6435,A
5-NP,194,6516,0,0,0,6516,A
5-NP,195,6506,1,0,0,6507,A
5-NP,196,6559,1,2,0,6562,A
5-NP,197,1,6565,1,4,6571,T
5-NP,198,1,7,6541,1,6550,G
5-NP,199,0,0,6536,1,6537,G
5-NP,200,0,6504,1,6,6511,T
5-NP,201,6395,0,4,0,6399,A
5-NP,202,0,1,1,6459,6461,C
5-NP,203,1,6422,0,2,6425,T
5-NP,204,3,9,0,6465,6477,C
5-NP,205,0,6365,0,5,6370,T
5-NP,206,3,0,0,6432,6435,C
5-NP,207,4,5,6390,0,6399,G
5-NP,208,3,0,6430,0,6433,G
5-NP,209,1,1,0,6416,6418,C
5-NP,210,0,6392,0,5,6397,T
5-NP,211,0,6362,1,5,6368,T
5-NP,212,0,6394,0,2,6396,T
5-NP,213,1,6385,1,1,6388,T
5-NP,214,0,5,6426,0,6431,G
5-NP,215,6381,2,18,1,6402,A
5-NP,216,0,6414,0,0,6414,T
5-NP,217,0,5,6406,0,6411,G
5-NP,218,6359,1,3,0,6363,A
5-NP,219,6380,0,1,1,6382,A
5-NP,220,6391,0,4,2,6397,A
5-NP,221,0,2,6423,0,6425,G
5-NP,222,6396,0,1,0,6397,A
5-NP,223,6380,0,3,0,6383,A
5-NP,224,0,2,6480,0,6482,G
5-NP,225,1,1,6695,0,6697,G
5-NP,226,6694,0,8,0,6702,A
5-NP,227,6769,0,1,0,6770,A
5-NP,228,0,6731,1,1,6733,T
5-NP,229,6783,0,1,0,6784,A
5-NP,230,6755,0,2,0,6757,A
5-NP,231,6776,0,3,0,6779,A
5-NP,232,0,6766,1,1,6768,T
5-NP,233,6759,1,6,0,6766,A
5-NP,234,1,0,0,6762,6763,C
5-NP,235,3,1,0,6577,6581,C
5-NP,236,1,6535,0,8,6544,T
5-NP,237,1,3,6587,1,6592,G
5-NP,238,0,2,6695,0,6697,G
5-NP,239,6706,0,2,1,6709,A
5-NP,240,6648,3,1,0,6652,A
5-NP,241,1,6,6762,0,6769,G
5-NP,242,6701,1,3,0,6705,A
5-NP,243,6687,0,10,1,6698,A
5-NP,244,1,1,0,6692,6694,C
5-NP,245,6644,0,15,0,6659,A
5-NP,246,1,1,0,6867,6869,C
5-NP,247,5,1,0,6739,6745,C
5-NP,248,5,0,0,6755,6760,C
5-NP,249,6,2,0,6788,6796,C
5-NP,250,6686,1,3,0,6690,A
5-NP,251,0,2,6697,0,6699,G
5-NP,252,4,2,1,6683,6690,C
5-NP,253,223,1,6446,1,6671,G
5-NP,254,3,1,1,6683,6688,C
5-NP,255,3,6,6579,0,6588,G
5-NP,256,1,4,6640,1,6646,G
5-NP,257,4,7,6627,0,6638,G
5-NP,258,0,1,6688,0,6689,G
5-NP,259,6645,2,1,1,6649,A
5-NP,260,6659,1,2,0,6662,A
5-NP,261,6650,0,13,1,6664,A
5-NP,262,1,1,6691,2,6695,G
5-NP,263,6611,3,4,1,6619,A
5-NP,264,4,6610,0,2,6616,T
5-NP,265,0,0,0,6594,6594,C
5-NP,266,6,0,1,6572,6579,C
5-NP,267,7,1,0,6607,6615,C
5-NP,268,6652,0,2,0,6654,A
5-NP,269,6661,0,2,1,6664,A
5-NP,270,0,0,6691,0,6691,G
5-NP,271,6655,1,0,0,6656,A
5-NP,272,6707,2,3,0,6712,A
5-NP,273,6683,2,2,0,6687,A
5-NP,274,6713,0,1,0,6714,A
5-NP,275,1,0,0,6727,6728,C
5-NP,276,2,6642,1,1,6646,T
5-NP,277,2,6,6653,0,6661,G
5-NP,278,2,7,6635,0,6644,G
5-NP,279,3,3,6617,0,6623,G
5-NP,280,5,6,6618,2,6631,G
5-NP,281,2,4,6640,1,6647,G
5-NP,282,4,3,6772,0,6779,G
5-NP,283,1,3,0,7445,7449,C
5-NP,284,5,2,0,7444,7451,C
5-NP,285,9,1,1,7511,7522,C
5-NP,286,8281,1,1,0,8283,A
5-NP,287,2,8312,1,1,8316,T
5-NP,288,8659,0,5,0,8664,A
5-NP,289,1,8671,0,0,8672,T
5-NP,290,8550,0,0,0,8550,A
5-NP,291,1,2,0,8658,8661,C
5-NP,292,7901,3,9,0,7913,A
5-NP,293,3,3,8115,1,8122,G
5-NP,294,13,3,8075,0,8091,G
5-NP,295,7438,0,1,0,7439,A
5-NP,296,1,5,7509,0,7515,G
5-NP,297,7219,0,1,0,7220,A
5-NP,298,7136,1,1,1,7139,A
5-NP,299,1,7218,0,1,7220,T
5-NP,300,7244,0,4,1,7249,A
5-NP,301,29,5,7276,0,7310,G
5-NP,302,7140,2,3,1,7146,A
5-NP,303,1,7136,0,5,7142,T
5-NP,304,1,2,7139,0,7142,G
5-NP,305,19,3,7163,0,7185,G
5-NP,306,7163,0,1,0,7164,A
5-NP,307,7198,1,2,0,7201,A
5-NP,308,7175,0,2,0,7177,A
5-NP,309,7234,2,2,1,7239,A
5-NP,310,0,7217,0,0,7217,T
5-NP,311,3,5,7331,0,7339,G
5-NP,312,1,5,7332,0,7338,G
5-NP,313,7322,1,2,0,7325,A
5-NP,314,2,7286,0,0,7288,T
5-NP,315,3,5,7311,0,7319,G
5-NP,316,7279,1,13,0,7293,A
5-NP,317,2,9,7349,0,7360,G
5-NP,318,4,0,7307,2,7313,G
5-NP,319,1,6,7342,0,7349,G
5-NP,320,7362,2,4,1,7369,A
5-NP,321,7394,2,3,0,7399,A
5-NP,322,1,2,0,7430,7433,C
5-NP,323,0,7387,1,2,7390,T
5-NP,324,8,1,0,7420,7429,C
5-NP,325,6,0,7444,0,7450,G
5-NP,326,0,7460,1,8,7469,T
5-NP,327,3,2,0,7440,7445,C
5-NP,328,5,1,0,7747,7753,C
5-NP,329,0,7710,0,6,7716,T
5-NP,330,0,7731,2,2,7735,T
5-NP,331,0,7714,0,4,7718,T
5-NP,332,7747,1,0,1,7749,A
5-NP,333,3,7682,0,4,7689,T
5-NP,334,1,2,7712,0,7715,G
5-NP,335,7716,0,14,0,7730,A
5-NP,336,0,0,0,7713,7713,C
5-NP,337,7553,0,2,0,7555,A
5-NP,338,7546,0,0,1,7547,A
5-NP,339,7550,2,14,0,7566,A
5-NP,340,0,6,7798,0,7804,G
5-NP,341,7759,1,6,1,7767,A
5-NP,342,7770,1,11,2,7784,A
5-NP,343,2,3,8021,0,8026,G
5-NP,344,8004,0,2,0,8006,A
5-NP,345,8034,0,4,0,8038,A
5-NP,346,8026,0,3,0,8029,A
5-NP,347,2,8014,2,4,8022,T
5-NP,348,7998,0,2,3,8003,A
5-NP,349,7891,1,10,1,7903,A
5-NP,350,1,3,7939,0,7943,G
5-NP,351,0,0,7936,0,7936,G
5-NP,352,3,2,2,7858,7865,C
5-NP,353,2,7,7840,1,7850,G
5-NP,354,7875,0,1,0,7876,A
5-NP,355,7947,0,3,0,7950,A
5-NP,356,1,7939,0,2,7942,T
5-NP,357,7,1,0,7967,7975,C
5-NP,358,1,7943,0,1,7945,T
5-NP,359,3,2,7926,0,7931,G
5-NP,360,1,1,7897,0,7899,G
5-NP,361,3,3,0,7933,7939,C
5-NP,362,3,1,7951,0,7955,G
5-NP,363,1,2,0,7917,7920,C
5-NP,364,4,0,1,7889,7894,C
5-NP,365,7927,0,6,0,7933,A
5-NP,366,8024,0,0,0,8024,A
5-NP,367,1,1,8185,0,8187,G
5-NP,368,1,3,0,8177,8181,C
5-NP,369,8,3,1,8258,8270,C
5-NP,370,8309,0,6,0,8315,A
5-NP,371,8419,0,0,0,8419,A
5-NP,372,0,3,0,8486,8489,C
5-NP,373,8488,2,0,0,8490,A
5-NP,374,8609,2,6,0,8617,A
5-NP,375,0,8574,0,0,8574,T
5-NP,376,1,3,8676,1,8681,G
5-NP,377,1,2,8684,0,8687,G
5-NP,378,0,8613,1,4,8618,T
5-NP,379,0,2,8605,0,8607,G
5-NP,380,8524,0,7,0,8531,A
5-NP,381,1,3,8660,0,8664,G
5-NP,382,1,2,8652,0,8655,G
5-NP,383,8678,1,1,0,8680,A
5-NP,384,1,9258,0,3,9262,T
5-NP,385,2,0,9269,0,9271,G
5-NP,386,0,0,1,9279,9280,C
5-NP,387,2,9281,0,9,9292,T
5-NP,388,9347,0,5,0,9352,A
5-NP,389,1,3,1,9438,9443,C
5-NP,390,9311,2,1,1,9315,A
5-NP,391,1,9303,1,2,9307,T
5-NP,392,5,1,0,9252,9258,C
5-NP,393,1,8786,0,5,8792,T
5-NP,394,3,5,9081,0,9089,G
5-NP,395,4,2,9267,0,9273,G
5-NP,396,1,9235,0,14,9250,T
5-NP,397,11,2,0,9243,9256,C
5-NP,398,1,9155,4,4,9164,T
5-NP,399,9274,1,2,0,9277,A
5-NP,400,9292,2,2,0,9296,A
5-NP,401,1,2,0,9349,9352,C
5-NP,402,1,9292,1,6,9300,T
5-NP,403,15,3,0,9276,9294,C
5-NP,404,9143,0,4,1,9148,A
5-NP,405,0,14,1,9456,9471,C
5-NP,406,9476,0,2,0,9478,A
5-NP,407,0,9509,0,0,9509,T
5-NP,408,9385,0,0,1,9386,A
5-NP,409,9412,0,3,0,9415,A
5-NP,410,1,9419,1,0,9421,T
5-NP,411,0,4,9521,0,9525,G
5-NP,412,9430,0,0,0,9430,A
5-NP,413,0,9365,0,3,9368,T
5-NP,414,0,9116,0,1,9117,T
5-NP,415,2,9108,0,14,9124,T
5-NP,416,5,6,9072,0,9083,G
5-NP,417,4,0,9097,0,9101,G
5-NP,418,1,1,0,9093,9095,C
5-NP,419,9070,1,2,0,9073,A
5-NP,420,0,9056,0,0,9056,T
5-NP,421,0,9022,0,3,9025,T
5-NP,422,6,4,0,9034,9044,C
5-NP,423,2,4,0,9070,9076,C
5-NP,424,9238,1,1,0,9240,A
5-NP,425,9251,0,3,0,9254,A
5-NP,426,1,9229,0,1,9231,T
5-NP,427,2,9244,0,5,9251,T
5-NP,428,0,9239,0,2,9241,T
5-NP,429,0,9,9304,0,9313,G
5-NP,430,9274,2,7,0,9283,A
5-NP,431,9295,1,8,2,9306,A
5-NP,432,0,9337,0,2,9339,T
5-NP,433,2,3,9208,0,9213,G
5-NP,434,9552,0,3,0,9555,A
5-NP,435,3,9583,0,7,9593,T
5-NP,436,4,0,9616,0,9620,G
5-NP,437,0,3,1,9757,9761,C
5-NP,438,9732,1,10,3,9746,A
5-NP,439,10118,1,16,0,10135,A
5-NP,440,2,2,0,10132,10136,C
5-NP,441,10297,1,2,0,10300,A
5-NP,442,0,10377,1,2,10380,T
5-NP,443,10143,1,5,1,10150,A
5-NP,444,2,2,0,10240,10244,C
5-NP,445,4,2,0,10233,10239,C
5-NP,446,10040,1,3,1,10045,A
5-NP,447,2,8,10108,0,10118,G
5-NP,448,9818,0,1,0,9819,A
5-NP,449,3,8,9842,1,9854,G
5-NP,450,9491,0,2,0,9493,A
5-NP,451,9809,1,6,0,9816,A
5-NP,452,1,0,1,9876,9878,C
5-NP,453,9855,1,3,0,9859,A
5-NP,454,9857,2,2,0,9861,A
5-NP,455,0,6,9862,1,9869,G
5-NP,456,9620,0,18,0,9638,A
5-NP,457,0,1,9790,0,9791,G
5-NP,458,2,0,0,9681,9683,C
5-NP,459,1,9510,3,25,9539,T
5-NP,460,4,1,0,9676,9681,C
5-NP,461,2,9622,1,17,9642,T
5-NP,462,0,9694,1,1,9696,T
5-NP,463,0,1,9749,0,9750,G
5-NP,464,0,9671,0,3,9674,T
5-NP,465,3,9656,0,2,9661,T
5-NP,466,8,4,1,9646,9659,C
5-NP,467,2,15,9605,0,9622,G
5-NP,468,9800,1,3,3,9807,A
5-NP,469,9770,2,2,1,9775,A
5-NP,470,2,1,0,9835,9838,C
5-NP,471,0,9790,0,5,9795,T
5-NP,472,0,4,9919,1,9924,G
5-NP,473,0,7,9946,0,9953,G
5-NP,474,9948,1,11,1,9961,A
5-NP,475,9965,1,8,2,9976,A
5-NP,476,2,9955,0,1,9958,T
5-NP,477,1,12,9844,0,9857,G
5-NP,478,1,1,9859,0,9861,G
5-NP,479,9908,0,13,0,9921,A
5-NP,480,1,9985,0,2,9988,T
5-NP,481,2,3,0,9912,9917,C
5-NP,482,9,3,0,9877,9889,C
5-NP,483,7,2,0,9932,9941,C
5-NP,484,10004,1,1,0,10006,A
5-NP,485,1,4,10073,0,10078,G
5-NP,486,10034,1,0,0,10035,A
5-NP,487,10003,3,2,1,10009,A
5-NP,488,2,9883,0,3,9888,T
5-NP,489,2,1,9971,0,9974,G
5-NP,490,3,9897,0,4,9904,T
5-NP,491,14,4,9890,1,9909,G
5-NP,492,1,2,1,9913,9917,C
5-NP,493,2,9760,1,12,9775,T
5-NP,494,10,0,0,10320,10330,C
5-NP,495,2,10224,0,6,10232,T
5-NP,496,7,1,0,10604,10612,C
5-NP,497,2,10593,0,3,10598,T
5-NP,498,3,2,10572,0,10577,G
5-NP,499,10617,3,7,0,10627,A
5-NP,500,1,10561,0,3,10565,T
5-NP,501,2,3,10564,0,10569,G
5-NP,502,3,3,1,10520,10527,C
5-NP,503,10045,1,14,2,10062,A
5-NP,504,4,11,10244,0,10259,G
5-NP,505,4,3,9983,0,9990,G
5-NP,506,3,2,10070,0,10075,G
5-NP,507,3,5,0,10038,10046,C
5-NP,508,1,9995,0,9,10005,T
5-NP,509,8,8,1,10034,10051,C
5-NP,510,4,3,10090,0,10097,G
5-NP,511,10171,6,5,0,10182,A
5-NP,512,2,2,0,10180,10184,C
5-NP,513,2,9914,0,8,9924,T
5-NP,514,5,2,0,10302,10309,C
5-NP,515,1,10144,1,12,10158,T
5-NP,516,7,5,0,11330,11342,C
5-NP,517,3,1,0,11332,11336,C
5-NP,518,15,2,1,11341,11359,C
5-NP,519,0,11329,2,7,11338,T
5-NP,520,11254,1,1,0,11256,A
5-NP,521,0,7,11245,2,11254,G
5-NP,522,11219,0,3,0,11222,A
5-NP,523,10783,4,2,0,10789,A
5-NP,524,1,7,10793,0,10801,G
5-NP,525,3,0,10388,1,10392,G
5-NP,526,0,10167,0,4,10171,T
5-NP,527,5,3,0,10187,10195,C
5-NP,528,4,8,1,10180,10193,C
5-NP,529,5,4,10208,0,10217,G
5-NP,530,0,6,10299,1,10306,G
5-NP,531,10218,2,8,0,10228,A
5-NP,532,0,2,10392,0,10394,G
5-NP,533,2,2,0,10388,10392,C
5-NP,534,5,10161,0,26,10192,T
5-NP,535,3,1,10200,1,10205,G
5-NP,536,1,5,1,10184,10191,C
5-NP,537,10159,5,19,2,10185,A
5-NP,538,4,5,10197,0,10206,G
5-NP,539,1,3,10174,0,10178,G
5-NP,540,2,10164,0,7,10173,T
5-NP,541,4,4,10012,1,10021,G
5-NP,542,1,4,0,10093,10098,C
5-NP,543,4,10079,1,14,10098,T
5-NP,544,2,1,10110,0,10113,G
5-NP,545,3,3,1,10087,10094,C
5-NP,546,10162,2,9,2,10175,A
5-NP,547,1,0,10342,0,10343,G
5-NP,548,1,10163,0,6,10170,T
5-NP,549,17,4,2,10182,10205,C
5-NP,550,10221,2,0,0,10223,A
5-NP,551,10227,3,2,0,10232,A
5-NP,552,10216,1,8,2,10227,A
5-NP,553,0,3,10298,0,10301,G
5-NP,554,2,5,10318,1,10326,G
5-NP,555,10186,1,3,1,10191,A
5-NP,556,10124,0,4,1,10129,A
5-NP,557,3,10103,0,2,10108,T
5-NP,558,9,6,0,10087,10102,C
5-NP,559,3,10,10096,1,10110,G
5-NP,560,2,4,10414,0,10420,G
5-NP,561,2,4,10444,0,10450,G
5-NP,562,10350,2,9,2,10363,A
5-NP,563,2,3,1,10405,10411,C
5-NP,564,10220,4,2,1,10227,A
5-NP,565,10415,1,8,1,10425,A
5-NP,566,0,10442,0,1,10443,T
5-NP,567,3,5,10505,0,10513,G
5-NP,568,1,1,10593,0,10595,G
5-NP,569,0,10246,1,8,10255,T
5-NP,570,6,2,10301,0,10309,G
5-NP,571,10252,3,12,0,10267,A
5-NP,572,0,10238,1,5,10244,T
5-NP,573,3,6,10260,0,10269,G
5-NP,574,3,11,10439,1,10454,G
5-NP,575,10393,4,14,0,10411,A
5-NP,576,10442,1,3,2,10448,A
5-NP,577,0,2,1,10379,10382,C
5-NP,578,0,10236,0,2,10238,T
5-NP,579,10145,0,67,0,10212,A
5-NP,580,10665,0,2,0,10667,A
5-NP,581,2,10640,1,0,10643,T
5-NP,582,8,1,1,10709,10719,C
5-NP,583,10250,3,6,0,10259,A
5-NP,584,0,6,10380,1,10387,G
5-NP,585,10302,2,1,1,10306,A
5-NP,586,10318,0,2,0,10320,A
5-NP,587,0,10338,1,5,10344,T
5-NP,588,2,6,10147,0,10155,G
5-NP,589,4,3,10313,0,10320,G
5-NP,590,0,10268,0,18,10286,T
5-NP,591,9,5,1,10273,10288,C
5-NP,592,10317,2,1,2,10322,A
5-NP,593,10269,4,6,0,10279,A
5-NP,594,10304,1,2,0,10307,A
5-NP,595,0,3,0,10301,10304,C
5-NP,596,6,7,10274,0,10287,G
5-NP,597,3,8,10242,0,10253,G
5-NP,598,1,8,10127,0,10136,G
5-NP,599,3,5,10154,0,10162,G
5-NP,600,2,13,10183,0,10198,G
5-NP,601,10158,0,13,2,10173,A
5-NP,602,2,10073,0,9,10084,T
5-NP,603,10,0,0,10096,10106,C
5-NP,604,10171,1,6,1,10179,A
5-NP,605,10189,1,2,1,10193,A
5-NP,606,2,6,0,10052,10060,C
5-NP,607,0,8,9995,0,10003,G
5-NP,608,9913,1,0,0,9914,A
5-NP,609,3,9922,1,1,9927,T
5-NP,610,4,2,1,9964,9971,C
5-NP,611,3,2,9980,1,9986,G
5-NP,612,9956,2,6,1,9965,A
5-NP,613,9952,2,3,1,9958,A
5-NP,614,9943,0,1,0,9944,A
5-NP,615,1,10080,2,0,10083,T
5-NP,616,1,10059,1,5,10066,T
5-NP,617,1,10032,2,2,10037,T
5-NP,618,1,10078,2,3,10084,T
5-NP,619,1,10125,0,2,10128,T
5-NP,620,3,4,10127,1,10135,G
5-NP,621,0,8,10126,0,10134,G
5-NP,622,9976,5,12,0,9993,A
5-NP,623,1,3,10153,1,10158,G
5-NP,624,9862,3,6,1,9872,A
5-NP,625,0,2,10439,0,10441,G
5-NP,626,0,5,10462,0,10467,G
5-NP,627,1,10454,0,11,10466,T
5-NP,628,1,9,10464,0,10474,G
5-NP,629,10403,2,19,0,10424,A
5-NP,630,1,6,10550,0,10557,G
5-NP,631,10523,0,13,2,10538,A
5-NP,632,10509,1,1,0,10511,A
5-NP,633,1,10513,0,1,10515,T
5-NP,634,3,9,10069,1,10082,G
5-NP,635,1,6,10009,0,10016,G
5-NP,636,9888,2,15,0,9905,A
5-NP,637,3,4,0,9946,9953,C
5-NP,638,8,11,9953,0,9972,G
5-NP,639,2,5,10123,0,10130,G
5-NP,640,10090,1,4,14,10109,A
5-NP,641,10120,0,5,0,10125,A
5-NP,642,10238,1,7,0,10246,A
5-NP,643,10268,2,9,1,10280,A
5-NP,644,2,1,0,10355,10358,C
5-NP,645,10306,0,4,0,10310,A
5-NP,646,10303,1,2,1,10307,A
5-NP,647,0,5,10304,1,10310,G
5-NP,648,9943,2,2,0,9947,A
5-NP,649,10020,0,2,0,10022,A
5-NP,650,3,2,10316,0,10321,G
5-NP,651,4,10265,1,5,10275,T
5-NP,652,1,2,10839,0,10842,G
5-NP,653,0,3,0,10778,10781,C
5-NP,654,4,10767,2,17,10790,T
5-NP,655,1,10830,0,1,10832,T
5-NP,656,10960,0,2,0,10962,A
5-NP,657,1,10943,0,1,10945,T
5-NP,658,5,5,10991,1,11002,G
5-NP,659,10665,2,15,1,10683,A
5-NP,660,1,7,10736,0,10744,G
5-NP,661,10021,0,4,0,10025,A
5-NP,662,0,7,10110,0,10117,G
5-NP,663,10081,1,6,0,10088,A
5-NP,664,10181,0,4,1,10186,A
5-NP,665,0,10092,1,1,10094,T
5-NP,666,3,1,10237,0,10241,G
5-NP,667,3,10172,0,13,10188,T
5-NP,668,4,1,10216,1,10222,G
5-NP,669,0,4,1,10194,10199,C
5-NP,670,10190,3,5,1,10199,A
5-NP,671,10219,1,10,0,10230,A
5-NP,672,1,1,0,10194,10196,C
5-NP,673,10092,3,2,1,10098,A
5-NP,674,0,10110,0,2,10112,T
5-NP,675,1,9964,0,10,9975,T
5-NP,676,2,1,0,9991,9994,C
5-NP,677,3,9951,1,1,9956,T
5-NP,678,0,9951,2,4,9957,T
5-NP,679,9963,1,4,1,9969,A
5-NP,680,9893,1,2,0,9896,A
5-NP,681,9906,0,2,1,9909,A
5-NP,682,1,4,9936,0,9941,G
5-NP,683,0,4,9893,0,9897,G
5-NP,684,9861,2,3,1,9867,A
5-NP,685,9833,0,3,3,9839,A
5-NP,686,9822,0,4,2,9828,A
5-NP,687,10020,1,2,1,10024,A
5-NP,688,0,10019,0,1,10020,T
5-NP,689,1,10011,1,3,10016,T
5-NP,690,3,10033,0,1,10037,T
5-NP,691,7,2,0,10046,10055,C
5-NP,692,10050,2,4,0,10056,A
5-NP,693,10041,0,2,0,10043,A
5-NP,694,10040,0,5,0,10045,A
5-NP,695,2,1,0,10176,10179,C
5-NP,696,9994,0,7,0,10001,A
5-NP,697,0,1,10216,0,10217,G
5-NP,698,2,1,0,10205,10208,C
5-NP,699,1,10164,1,20,10186,T
5-NP,700,5,1,10392,0,10398,G
5-NP,701,1,3,0,10364,10368,C
5-NP,702,10439,4,11,0,10454,A
5-NP,703,0,1,0,10458,10459,C
5-NP,704,10331,0,39,1,10371,A
5-NP,705,10375,1,4,0,10380,A
5-NP,706,10118,2,3,0,10123,A
5-NP,707,1,12,10630,0,10643,G
5-NP,708,10561,0,8,1,10570,A
5-NP,709,11,1,10564,0,10576,G
5-NP,710,1,2,0,10506,10509,C
5-NP,711,10524,0,1,1,10526,A
5-NP,712,10832,0,6,3,10841,A
5-NP,713,2,10843,0,0,10845,T
5-NP,714,4,6,10931,1,10942,G
5-NP,715,2,2,10982,1,10987,G
5-NP,716,1,10570,0,13,10584,T
5-NP,717,58,4,10508,0,10570,G
5-NP,718,4,9,10613,1,10627,G
5-NP,719,10632,2,3,0,10637,A
5-NP,720,0,10588,1,6,10595,T
5-NP,721,9,4,0,10278,10291,C
5-NP,722,10346,1,2,1,10350,A
5-NP,723,10415,1,7,1,10424,A
5-NP,724,2,2,10480,0,10484,G
5-NP,725,0,10375,0,2,10377,T
5-NP,726,1,13,10388,1,10403,G
5-NP,727,10167,3,10,1,10181,A
5-NP,728,1,6,10252,0,10259,G
5-NP,729,10195,1,4,1,10201,A
5-NP,730,3,3,10243,0,10249,G
5-NP,731,10150,2,2,0,10154,A
5-NP,732,9958,0,3,1,9962,A
5-NP,733,10023,0,9,1,10033,A
5-NP,734,1,2,10092,0,10095,G
5-NP,735,1,10046,0,1,10048,T
5-NP,736,9,0,0,10045,10054,C
5-NP,737,5,7,10003,0,10015,G
5-NP,738,2,5,10029,0,10036,G
5-NP,739,10032,2,5,0,10039,A
5-NP,740,10095,0,2,0,10097,A
5-NP,741,1,0,0,10126,10127,C
5-NP,742,8,2,1,10032,10043,C
5-NP,743,7,4,1,10071,10083,C
5-NP,744,10069,2,7,1,10079,A
5-NP,745,1,2,10105,0,10108,G
5-NP,746,1,9,10122,0,10132,G
5-NP,747,10090,1,0,0,10091,A
5-NP,748,10057,4,4,2,10067,A
5-NP,749,10059,2,3,0,10064,A
5-NP,750,2,2,0,10121,10125,C
5-NP,751,8,2,10098,0,10108,G
5-NP,752,3,1,0,10114,10118,C
5-NP,753,1,10068,0,11,10080,T
5-NP,754,4,7,10101,1,10113,G
5-NP,755,10055,1,1,1,10058,A
5-NP,756,2,15,10214,0,10231,G
5-NP,757,10331,1,4,0,10336,A
5-NP,758,1,10330,3,1,10335,T
5-NP,759,6,17,0,10196,10219,C
5-NP,760,2,4,10216,2,10224,G
5-NP,761,10206,1,3,0,10210,A
5-NP,762,10188,1,3,0,10192,A
5-NP,763,0,6,10184,0,10190,G
5-NP,764,10147,2,4,0,10153,A
5-NP,765,0,20,1,9816,9837,C
5-NP,766,6,2,0,10162,10170,C
5-NP,767,5,10149,0,13,10167,T
5-NP,768,11,1,1,10232,10245,C
5-NP,769,10259,0,2,0,10261,A
5-NP,770,2,10259,1,4,10266,T
5-NP,771,10283,2,1,2,10288,A
5-NP,772,0,10262,1,3,10266,T
5-NP,773,1,10192,0,1,10194,T
5-NP,774,0,9972,0,20,9992,T
5-NP,775,0,9901,0,2,9903,T
5-NP,776,0,9905,0,1,9906,T
5-NP,777,9929,0,5,1,9935,A
5-NP,778,2,1,9908,0,9911,G
5-NP,779,2,2,0,9913,9917,C
5-NP,780,9869,0,5,0,9874,A
5-NP,781,9817,4,2,17,9840,A
5-NP,782,0,3,10188,1,10192,G
5-NP,783,10118,1,2,0,10121,A
5-NP,784,1,10159,2,2,10164,T
5-NP,785,4,1,1,10281,10287,C
5-NP,786,3,10225,1,13,10242,T
5-NP,787,1,2,10512,0,10515,G
5-NP,788,2,1,0,10533,10536,C
5-NP,789,10555,2,3,0,10560,A
5-NP,790,1,10668,0,3,10672,T
5-NP,791,1,10282,2,3,10288,T
5-NP,792,1,6,11004,1,11012,G
5-NP,793,11204,1,3,0,11208,A
5-NP,794,1,11190,0,3,11194,T
5-NP,795,11252,1,1,1,11255,A
5-NP,796,0,10985,0,4,10989,T
5-NP,797,1,10898,0,2,10901,T
5-NP,798,2,16,10951,2,10971,G
5-NP,799,10765,1,10,0,10776,A
5-NP,800,2,4,10888,0,10894,G
5-NP,801,10212,2,7,0,10221,A
5-NP,802,0,7,10044,0,10051,G
5-NP,803,6,5,10160,1,10172,G
5-NP,804,10130,3,1,0,10134,A
5-NP,805,5,10130,0,6,10141,T
5-NP,806,10,5,0,10176,10191,C
5-NP,807,10131,0,5,0,10136,A
5-NP,808,13,1,10181,0,10195,G
5-NP,809,1,10145,1,4,10151,T
5-NP,810,1,10055,0,1,10057,T
5-NP,811,0,7,10043,0,10050,G
5-NP,812,0,1,0,9928,9929,C
5-NP,813,4,9884,1,10,9899,T
5-NP,814,12,0,1,9954,9967,C
5-NP,815,10016,2,3,1,10022,A
5-NP,816,0,3,0,9979,9982,C
5-NP,817,9989,2,1,0,9992,A
5-NP,818,10054,1,2,1,10058,A
5-NP,819,10035,1,1,1,10038,A
5-NP,820,1,9999,3,1,10004,T
5-NP,821,3,1,0,10050,10054,C
5-NP,822,2,10005,1,7,10015,T
5-NP,823,2,9982,0,1,9985,T
5-NP,824,4,2,10001,0,10007,G
5-NP,825,3,5,1,9978,9987,C
5-NP,826,7,2,0,10142,10151,C
5-NP,827,1,10113,2,5,10121,T
5-NP,828,10166,1,1,0,10168,A
5-NP,829,3,1,0,10127,10131,C
5-NP,830,8,0,0,10145,10153,C
5-NP,831,2,10085,2,11,10100,T
5-NP,832,1,6,10232,0,10239,G
5-NP,833,4,2,0,10186,10192,C
5-NP,834,4,4,0,10233,10241,C
5-NP,835,1,10046,1,19,10067,T
5-NP,836,2,1,10199,0,10202,G
5-NP,837,0,10096,2,7,10105,T
5-NP,838,4,3,10187,0,10194,G
5-NP,839,2,100,0,10140,10242,C
5-NP,840,19,1,10400,0,10420,G
5-NP,841,1,10195,0,5,10201,T
5-NP,842,10178,3,4,0,10185,A
5-NP,843,2,10200,2,3,10207,T
5-NP,844,2,6,10173,2,10183,G
5-NP,845,0,3,10646,1,10650,G
5-NP,846,10616,1,8,0,10625,A
5-NP,847,2,5,0,10449,10456,C
5-NP,848,8,2,0,10432,10442,C
5-NP,849,3,10222,1,20,10246,T
5-NP,850,1,1,10775,0,10777,G
5-NP,851,1,0,0,10774,10775,C
5-NP,852,10787,2,19,0,10808,A
5-NP,853,3,2,10967,0,10972,G
5-NP,854,1,10271,0,1,10273,T
5-NP,855,10652,2,3,0,10657,A
5-NP,856,1,10562,1,13,10577,T
5-NP,857,3,0,0,10548,10551,C
5-NP,858,7,3,0,10579,10589,C
5-NP,859,9976,0,2,5,9983,A
5-NP,860,20,2,10010,0,10032,G
5-NP,861,1,9944,0,0,9945,T
5-NP,862,2,9,9982,0,9993,G
5-NP,863,2,21,9941,0,9964,G
5-NP,864,2,0,9798,0,9800,G
5-NP,865,1,9790,0,6,9797,T
5-NP,866,9772,0,4,1,9777,A
5-NP,867,0,8,0,9781,9789,C
5-NP,868,2,7,9733,0,9742,G
5-NP,869,9683,3,5,0,9691,A
5-NP,870,432,12,0,9198,9642,C
5-NP,871,2,9298,0,1,9301,T
5-NP,872,2,9294,0,7,9303,T
5-NP,873,5,4,0,9289,9298,C
5-NP,874,1,1,9264,0,9266,G
5-NP,875,9276,1,5,0,9282,A
5-NP,876,9266,0,0,1,9267,A
5-NP,877,9285,1,3,0,9289,A
5-NP,878,9285,1,2,0,9288,A
5-NP,879,9254,0,7,0,9261,A
5-NP,880,1,2,9308,0,9311,G
5-NP,881,9246,1,20,0,9267,A
5-NP,882,1,14,9324,0,9339,G
5-NP,883,1,9,9356,0,9366,G
5-NP,884,2,3,9420,0,9425,G
5-NP,885,9408,0,6,0,9414,A
5-NP,886,1,9424,0,2,9427,T
5-NP,887,9482,0,1,0,9483,A
5-NP,888,2,9449,1,5,9457,T
5-NP,889,2,9431,3,1,9437,T
5-NP,890,11,2,1,9519,9533,C
5-NP,891,8,0,0,9426,9434,C
5-NP,892,1,9257,2,2,9262,T
5-NP,893,0,9267,0,2,9269,T
5-NP,894,2,4,9356,1,9363,G
5-NP,895,0,0,9395,0,9395,G
5-NP,896,0,9314,1,7,9322,T
5-NP,897,1,7,9276,1,9285,G
5-NP,898,4,8,9157,0,9169,G
5-NP,899,3,4,9522,0,9529,G
5-NP,900,9509,0,17,0,9526,A
5-NP,901,9561,0,2,0,9563,A
5-NP,902,0,9554,0,16,9570,T
5-NP,903,9359,0,2,0,9361,A
5-NP,904,1,4,9363,0,9368,G
5-NP,905,9259,1,12,1,9273,A
5-NP,906,4,3,1,9213,9221,C
5-NP,907,4,3,1,9105,9113,C
5-NP,908,22,1,0,8538,8561,C
5-NP,909,1,8628,0,16,8645,T
5-NP,910,0,8653,1,2,8656,T
5-NP,911,2,8649,0,2,8653,T
5-NP,912,4,1,0,8673,8678,C
5-NP,913,8639,0,1,0,8640,A
5-NP,914,8643,0,4,1,8648,A
5-NP,915,8606,1,0,0,8607,A
5-NP,916,0,2,0,8603,8605,C
5-NP,917,1,8272,0,2,8275,T
5-NP,918,8162,0,1,0,8163,A
5-NP,919,0,0,0,8224,8224,C
5-NP,920,0,8159,1,9,8169,T
5-NP,921,4,8143,0,8,8155,T
5-NP,922,7,0,1,8185,8193,C
5-NP,923,8163,1,17,1,8182,A
5-NP,924,8169,1,3,0,8173,A
5-NP,925,8112,0,2,0,8114,A
5-NP,926,8128,1,0,1,8130,A
5-NP,927,0,7988,0,4,7992,T
5-NP,928,7790,0,2,0,7792,A
5-NP,929,1,0,7885,0,7886,G
5-NP,930,1,3,0,7899,7903,C
5-NP,931,5,0,1,7969,7975,C
5-NP,932,7971,1,2,0,7974,A
5-NP,933,7977,0,2,1,7980,A
5-NP,934,8186,0,1,0,8187,A
5-NP,935,0,8200,0,0,8200,T
5-NP,936,8232,1,7,0,8240,A
5-NP,937,1,8219,1,1,8222,T
5-NP,938,8004,1,2,0,8007,A
5-NP,939,1,1,0,8018,8020,C
5-NP,940,7729,0,2,0,7731,A
5-NP,941,1,2,7864,1,7868,G
5-NP,942,1,2,0,7826,7829,C
5-NP,943,0,7441,1,17,7459,T
5-NP,944,0,7510,0,1,7511,T
5-NP,945,7506,0,4,0,7510,A
5-NP,946,7524,0,1,0,7525,A
5-NP,947,1,7494,0,1,7496,T
5-NP,948,24,1,1,7475,7501,C
5-NP,949,7056,0,2,2,7060,A
5-NP,950,1,4,7070,0,7075,G
5-NP,951,7055,0,3,0,7058,A
5-NP,952,1,1,1,7081,7084,C
5-NP,953,6,1,0,6985,6992,C
5-NP,954,1,6835,0,5,6841,T
5-NP,955,6874,0,0,0,6874,A
5-NP,956,6857,1,2,0,6860,A
5-NP,957,2,3,0,6896,6901,C
5-NP,958,0,1,6886,0,6887,G
5-NP,959,6616,0,4,1,6621,A
5-NP,960,2,7,6662,0,6671,G
5-NP,961,6536,1,3,1,6541,A
5-NP,962,6583,0,1,0,6584,A
5-NP,963,1,6538,1,2,6542,T
5-NP,964,4,0,0,6475,6479,C
5-NP,965,4,2,0,6464,6470,C
5-NP,966,6292,0,6,0,6298,A
5-NP,967,3,1,6292,0,6296,G
5-NP,968,1,0,0,6286,6287,C
5-NP,969,6311,2,2,0,6315,A
5-NP,970,0,1,0,6329,6330,C
5-NP,971,6165,1,5,0,6171,A
5-NP,972,2,6,1,6157,6166,C
5-NP,973,6141,0,6,0,6147,A
5-NP,974,6133,0,11,0,6144,A
5-NP,975,0,3,6129,0,6132,G
5-NP,976,5925,1,5,0,5931,A
5-NP,977,0,0,5983,0,5983,G
5-NP,978,0,5734,1,4,5739,T
5-NP,979,3,0,0,5679,5682,C
5-NP,980,5630,0,22,1,5653,A
5-NP,981,1,1,5631,1,5634,G
5-NP,982,2,3,0,5617,5622,C
5-NP,983,0,5517,2,4,5523,T
5-NP,984,0,2,5502,0,5504,G
5-NP,985,1,1,5504,1,5507,G
5-NP,986,0,5429,0,6,5435,T
5-NP,987,2,0,5452,0,5454,G
5-NP,988,0,5318,0,2,5320,T
5-NP,989,3,1,5292,0,5296,G
5-NP,990,1,4,5277,0,5282,G
5-NP,991,5176,0,19,0,5195,A
5-NP,992,1,5204,0,8,5213,T
5-NP,993,2,1,4731,0,4734,G
5-NP,994,4,3,4601,0,4608,G
5-NP,995,2,1,0,4563,4566,C
5-NP,996,4433,1,3,0,4437,A
5-NP,997,0,4422,6,4,4432,T
5-NP,998,0,0,4355,0,4355,G
5-NP,999,2,0,0,4346,4348,C
5-NP,1000,3,1,0,4347,4351,C
5-NP,1001,4314,0,0,0,4314,A
5-NP,1002,0,4272,0,11,4283,T
5-NP,1003,0,4091,0,0,4091,T
5-NP,1004,2,0,1,4101,4104,C
5-NP,1005,0,3928,0,2,3930,T
5-NP,1006,3,1,3903,0,3907,G
5-NP,1007,0,5,0,3891,3896,C
5-NP,1008,1,3393,1,4,3399,T
5-NP,1009,1,1,3404,0,3406,G
5-NP,1010,1,0,0,3125,3126,C
5-NP,1011,3116,0,0,0,3116,A
5-NP,1012,0,3094,0,1,3095,T
5-NP,1013,1,3001,1,1,3004,T
5-NP,1014,0,2994,0,2,2996,T
5-NP,1015,0,2,2991,0,2993,G
5-NP,1016,2990,0,0,0,2990,A
5-NP,1017,2989,0,1,0,2990,A
5-NP,1018,0,2,3011,0,3013,G
5-NP,1019,3010,1,1,0,3012,A
5-NP,1020,0,2993,0,0,2993,T
5-NP,1021,0,2990,0,4,2994,T
5-NP,1022,0,3003,0,1,3004,T
5-NP,1023,3006,0,1,1,3008,A
5-NP,1024,3004,0,0,0,3004,A
5-NP,1025,0,1,3003,0,3004,G
5-NP,1026,2983,0,2,0,2985,A
5-NP,1027,0,2991,0,0,2991,T
5-NP,1028,0,2916,0,0,2916,T
5-NP,1029,0,1,2956,0,2957,G
5-NP,1030,1,2957,0,2,2960,T
5-NP,1031,0,2951,1,1,2953,T
5-NP,1032,2948,0,0,0,2948,A
5-NP,1033,2943,0,1,0,2944,A
5-NP,1034,0,0,2943,0,2943,G
5-NP,1035,1,0,0,2930,2931,C
5-NP,1036,0,2854,2,3,2859,T
5-NP,1037,2,2853,0,1,2856,T
5-NP,1038,2,0,0,2823,2825,C
5-NP,1039,8,0,2789,0,2797,G
5-NP,1040,0,2818,0,0,2818,T
5-NP,1041,4,0,0,2817,2821,C
5-NP,1042,2828,0,1,0,2829,A
5-NP,1043,9,1,2817,0,2827,G
5-NP,1044,2793,1,3,0,2797,A
5-NP,1045,0,2,2806,0,2808,G
5-NP,1046,1,5,2802,0,2808,G
5-NP,1047,2,1,2803,1,2807,G
5-NP,1048,2801,0,4,0,2805,A
5-NP,1049,0,1,0,2805,2806,C
5-NP,1050,2810,0,0,0,2810,A
5-NP,1051,2815,0,0,0,2815,A
5-NP,1052,2807,0,1,4,2812,A
5-NP,1053,2812,0,3,0,2815,A
5-NP,1054,0,0,2839,0,2839,G
5-NP,1055,0,2738,1,3,2742,T
5-NP,1056,2720,0,1,0,2721,A
5-NP,1057,0,2703,0,5,2708,T
5-NP,1058,0,29,0,2684,2713,C
5-NP,1059,1,2672,1,0,2674,T
5-NP,1060,2,0,0,2704,2706,C
5-NP,1061,1,0,0,2688,2689,C
5-NP,1062,0,2649,1,0,2650,T
5-NP,1063,0,0,0,2642,2642,C
5-NP,1064,0,3,2622,0,2625,G
5-NP,1065,2,2,2630,0,2634,G
5-NP,1066,0,1,2625,0,2626,G
5-NP,1067,1,0,2611,0,2612,G
5-NP,1068,2,1,2617,0,2620,G
5-NP,1069,2578,1,0,0,2579,A
5-NP,1070,2586,0,0,0,2586,A
5-NP,1071,2589,1,2,0,2592,A
5-NP,1072,2,1,0,2601,2604,C
5-NP,1073,0,2586,0,1,2587,T
5-NP,1074,0,0,2599,0,2599,G
5-NP,1075,0,2552,0,4,2556,T
5-NP,1076,3,0,0,2549,2552,C
5-NP,1077,2579,1,2,0,2582,A
5-NP,1078,2598,0,0,0,2598,A
5-NP,1079,1,1,0,2586,2588,C
5-NP,1080,0,2588,0,0,2588,T
5-NP,1081,2524,0,1,0,2525,A
5-NP,1082,1,0,2530,0,2531,G
5-NP,1083,2467,0,5,0,2472,A
5-NP,1084,0,0,2467,0,2467,G
5-NP,1085,0,3,2467,0,2470,G
5-NP,1086,2350,0,1,0,2351,A
5-NP,1087,1,1,2378,0,2380,G
5-NP,1088,0,2338,0,3,2341,T
5-NP,1089,2344,1,2,0,2347,A
5-NP,1090,0,1,0,2338,2339,C
5-NP,1091,2292,0,1,0,2293,A
5-NP,1092,2300,0,0,0,2300,A
5-NP,1093,2264,0,0,0,2264,A
5-NP,1094,0,2239,0,1,2240,T
5-NP,1095,1,2204,0,0,2205,T
5-NP,1096,0,1,2141,0,2142,G
5-NP,1097,1,1,0,2115,2117,C
5-NP,1098,0,2089,0,4,2093,T
5-NP,1099,0,2085,0,0,2085,T
5-NP,1100,0,2,0,2100,2102,C
5-NP,1101,2101,1,0,0,2102,A
5-NP,1102,2113,0,0,0,2113,A
5-NP,1103,2109,0,0,0,2109,A
5-NP,1104,0,2111,0,0,2111,T
5-NP,1105,0,1,2108,0,2109,G
5-NP,1106,2050,0,3,0,2053,A
5-NP,1107,1,0,2066,0,2067,G
5-NP,1108,2063,0,3,0,2066,A
5-NP,1109,2063,0,0,0,2063,A
5-NP,1110,1,0,0,2050,2051,C
5-NP,1111,2020,1,1,0,2022,A
5-NP,1112,0,2010,0,2,2012,T
5-NP,1113,0,0,2020,0,2020,G
5-NP,1114,2,2,2015,0,2019,G
5-NP,1115,1998,0,0,0,1998,A
5-NP,1116,0,1954,0,1,1955,T
5-NP,1117,1939,1,0,0,1940,A
5-NP,1118,1961,1,0,0,1962,A
5-NP,1119,0,1885,0,0,1885,T
5-NP,1120,1881,0,0,0,1881,A
5-NP,1121,0,1866,0,2,1868,T
5-NP,1122,0,3,1673,0,1676,G
5-NP,1123,1,0,1600,0,1601,G
5-NP,1124,1,1,1605,0,1607,G
5-NP,1125,1597,0,1,0,1598,A
5-NP,1126,0,1591,0,0,1591,T
5-NP,1127,2,1,0,1047,1050,C
5-NP,1128,0,1,1043,0,1044,G
5-NP,1129,1037,0,0,0,1037,A
5-NP,1130,2,0,1036,0,1038,G
5-NP,1131,0,0,0,1029,1029,C
5-NP,1132,1017,0,0,0,1017,A
5-NP,1133,0,0,0,1022,1022,C
5-NP,1134,0,999,0,0,999,T
5-NP,1135,1,0,0,1003,1004,C
5-NP,1136,0,1002,0,0,1002,T
5-NP,1137,0,983,0,1,984,T
5-NP,1138,0,0,983,0,983,G
5-NP,1139,984,0,0,0,984,A
5-NP,1140,978,0,1,0,979,A
5-NP,1141,0,2,0,974,976,C
5-NP,1142,0,576,0,1,577,T
5-NP,1143,0,0,580,0,580,G
5-NP,1144,527,0,11,0,538,A
5-NP,1145,0,1,540,0,541,G
5-NP,1146,534,0,0,0,534,A
5-NP,1147,513,0,0,0,513,A
5-NP,1148,1,0,514,0,515,G
5-NP,1149,0,1,0,475,476,C
5-NP,1150,76,0,397,0,473,G
5-NP,1151,1,1,468,0,470,G
5-NP,1152,0,0,442,0,442,G
5-NP,1153,0,429,0,1,430,T
5-NP,1154,401,1,0,0,402,A
5-NP,1155,0,0,0,400,400,C
5-NP,1156,0,220,0,0,220,T
5-NP,1157,0,0,209,0,209,G
5-NP,1158,0,1,182,0,183,G
5-NP,1159,0,0,176,0,176,G
5-NP,1160,0,0,0,155,155,C
5-NP,1161,0,0,0,104,104,C
5-NP,1162,106,0,0,0,106,A
5-NP,1163,0,104,0,0,104,T
5-NP,1164,106,0,0,0,106,A
5-NP,1165,106,0,0,0,106,A
5-NP,1166,0,0,105,0,105,G
5-NP,1167,0,0,108,0,108,G
5-NP,1168,104,0,0,0,104,A
5-NP,1169,0,0,0,105,105,C
5-NP,1170,0,0,0,105,105,C
5-NP,1171,106,0,0,0,106,A
5-NP,1172,0,0,106,0,106,G
5-NP,1173,0,0,107,0,107,G
5-NP,1174,104,0,0,0,104,A
5-NP,1175,0,0,108,0,108,G
5-NP,1176,0,99,0,0,99,T
5-NP,1177,0,0,100,0,100,G
5-NP,1178,0,1,98,0,99,G
5-NP,1179,97,0,1,0,98,A
5-NP,1180,0,0,99,0,99,G
5-NP,1181,0,0,95,0,95,G
5-NP,1182,93,0,0,0,93,A
5-NP,1183,95,0,0,0,95,A
5-NP,1184,94,0,0,0,94,A
5-NP,1185,0,0,0,97,97,C
5-NP,1186,95,0,0,0,95,A
5-NP,1187,0,0,0,96,96,C
5-NP,1188,0,95,0,0,95,T
5-NP,1189,96,0,0,0,96,A
5-NP,1190,97,0,0,0,97,A
5-NP,1191,0,96,0,0,96,T
5-NP,1192,0,0,0,94,94,C
5-NP,1193,92,0,0,0,92,A
5-NP,1194,94,0,0,0,94,A
5-NP,1195,0,0,0,93,93,C
5-NP,1196,88,0,0,0,88,A
5-NP,1197,0,0,88,0,88,G
5-NP,1198,85,0,0,0,85,A
5-NP,1199,0,0,85,0,85,G
5-NP,1200,0,0,88,0,88,G
5-NP,1201,0,0,86,0,86,G
5-NP,1202,0,0,0,85,85,C
5-NP,1203,0,0,0,81,81,C
5-NP,1204,0,81,0,0,81,T
5-NP,1205,0,0,0,83,83,C
5-NP,1206,0,0,0,81,81,C
5-NP,1207,0,0,81,0,81,G
5-NP,1208,0,0,0,80,80,C
5-NP,1209,81,0,0,0,81,A
5-NP,1210,0,0,84,0,84,G
5-NP,1211,0,0,84,0,84,G
5-NP,1212,0,0,0,86,86,C
5-NP,1213,0,0,0,86,86,C
5-NP,1214,86,0,0,0,86,A
5-NP,1215,87,0,0,0,87,A
5-NP,1216,86,0,0,0,86,A
5-NP,1217,0,0,0,86,86,C
5-NP,1218,0,0,0,86,86,C
5-NP,1219,79,0,0,0,79,A
5-NP,1220,0,1,81,0,82,G
5-NP,1221,0,82,0,0,82,T
5-NP,1222,0,0,84,0,84,G
5-NP,1223,0,83,0,1,84,T
5-NP,1224,0,0,83,0,83,G
5-NP,1225,0,0,1,83,84,C
5-NP,1226,82,0,0,0,82,A
5-NP,1227,82,0,0,0,82,A
5-NP,1228,0,0,0,83,83,C
5-NP,1229,0,0,0,80,80,C
5-NP,1230,0,78,0,0,78,T
5-NP,1231,78,0,0,0,78,A
5-NP,1232,0,0,0,78,78,C
5-NP,1233,0,0,77,0,77,G
5-NP,1234,0,77,0,0,77,T
5-NP,1235,0,76,0,0,76,T
5-NP,1236,0,71,0,0,71,T
5-NP,1237,0,72,0,0,72,T
5-NP,1238,0,0,0,72,72,C
5-NP,1239,0,65,0,0,65,T
5-NP,1240,0,0,71,0,71,G
5-NP,1241,0,71,0,0,71,T
5-NP,1242,70,0,0,0,70,A
5-NP,1243,0,0,0,71,71,C
5-NP,1244,70,0,0,0,70,A
5-NP,1245,70,0,0,0,70,A
5-NP,1246,70,0,0,0,70,A
5-NP,1247,0,0,71,0,71,G
5-NP,1248,72,0,0,0,72,A
5-NP,1249,65,0,0,0,65,A
5-NP,1250,67,0,0,0,67,A
5-NP,1251,0,0,0,66,66,C
5-NP,1252,0,0,0,63,63,C
5-NP,1253,0,66,0,0,66,T
5-NP,1254,0,0,0,65,65,C
5-NP,1255,0,0,0,65,65,C
5-NP,1256,0,0,0,67,67,C
5-NP,1257,66,0,0,0,66,A
5-NP,1258,0,68,0,0,68,T
5-NP,1259,0,67,0,0,67,T
5-NP,1260,0,67,0,0,67,T
5-NP,1261,0,0,67,0,67,G
5-NP,1262,67,0,0,0,67,A
5-NP,1263,66,0,0,0,66,A
5-NP,1264,68,0,0,0,68,A
5-NP,1265,68,0,0,0,68,A
5-NP,1266,0,0,69,0,69,G
5-NP,1267,0,69,0,0,69,T
5-NP,1268,0,0,0,69,69,C
5-NP,1269,68,0,0,0,68,A
5-NP,1270,72,0,0,0,72,A
5-NP,1271,0,0,0,72,72,C
5-NP,1272,0,0,0,73,73,C
5-NP,1273,74,0,0,0,74,A
5-NP,1274,0,74,0,0,74,T
5-NP,1275,0,0,0,71,71,C
5-NP,1276,74,0,0,0,74,A
5-NP,1277,0,73,0,0,73,T
5-NP,1278,0,0,72,0,72,G
5-NP,1279,0,0,72,0,72,G
5-NP,1280,0,0,0,74,74,C
5-NP,1281,70,0,0,0,70,A
5-NP,1282,0,0,71,0,71,G
5-NP,1283,0,0,0,71,71,C
5-NP,1284,71,0,0,0,71,A
5-NP,1285,0,71,0,0,71,T
5-NP,1286,0,71,0,0,71,T
5-NP,1287,0,0,0,72,72,C
5-NP,1288,72,0,0,0,72,A
5-NP,1289,0,0,0,73,73,C
5-NP,1290,0,71,0,0,71,T
5-NP,1291,0,0,73,0,73,G
5-NP,1292,0,0,74,0,74,G
5-NP,1293,75,0,0,0,75,A
5-NP,1294,74,0,0,0,74,A
5-NP,1295,75,0,0,0,75,A
5-NP,1296,0,75,0,0,75,T
5-NP,1297,75,0,0,0,75,A
5-NP,1298,0,0,0,75,75,C
5-NP,1299,0,0,74,0,74,G
5-NP,1300,0,0,75,0,75,G
5-NP,1301,73,0,0,0,73,A
5-NP,1302,0,0,75,0,75,G
5-NP,1303,0,0,75,0,75,G
5-NP,1304,0,0,76,0,76,G
5-NP,1305,75,0,0,0,75,A
5-NP,1306,76,0,0,0,76,A
5-NP,1307,2,0,74,0,76,G
5-NP,1308,76,0,0,0,76,A
5-NP,1309,75,0,0,0,75,A
5-NP,1310,0,0,0,74,74,C
5-NP,1311,0,75,0,0,75,T
5-NP,1312,0,76,0,0,76,T
5-NP,1313,0,0,0,76,76,C
5-NP,1314,75,0,0,0,75,A
5-NP,1315,0,0,76,0,76,G
5-NP,1316,75,0,0,0,75,A
5-NP,1317,0,0,0,77,77,C
5-NP,1318,77,0,0,0,77,A
5-NP,1319,0,71,0,0,71,T
5-NP,1320,0,0,75,0,75,G
5-NP,1321,75,0,0,0,75,A
5-NP,1322,0,0,76,0,76,G
5-NP,1323,0,1,76,0,77,G
5-NP,1324,0,0,77,0,77,G
5-NP,1325,0,0,0,77,77,C
5-NP,1326,76,0,0,0,76,A
5-NP,1327,0,0,77,0,77,G
5-NP,1328,76,0,0,0,76,A
5-NP,1329,77,0,0,0,77,A
5-NP,1330,75,0,0,0,75,A
5-NP,1331,0,75,0,0,75,T
5-NP,1332,0,0,0,75,75,C
5-NP,1333,74,0,0,0,74,A
5-NP,1334,0,74,0,0,74,T
5-NP,1335,74,0,0,0,74,A
5-NP,1336,73,0,0,0,73,A
5-NP,1337,0,0,72,0,72,G
5-NP,1338,72,0,0,0,72,A
5-NP,1339,75,0,0,0,75,A
5-NP,1340,0,75,0,0,75,T
5-NP,1341,0,0,75,0,75,G
5-NP,1342,74,1,0,0,75,A
5-NP,1343,0,74,0,0,74,T
5-NP,1344,0,0,76,0,76,G
5-NP,1345,0,0,75,0,75,G
5-NP,1346,76,0,0,0,76,A
5-NP,1347,75,0,0,0,75,A
5-NP,1348,74,0,0,0,74,A
5-NP,1349,0,0,74,0,74,G
5-NP,1350,0,73,0,0,73,T
5-NP,1351,9,0,67,0,76,G
5-NP,1352,0,0,0,75,75,C
5-NP,1353,76,0,0,0,76,A
5-NP,1354,76,0,0,0,76,A
5-NP,1355,75,0,0,0,75,A
5-NP,1356,78,0,0,0,78,A
5-NP,1357,0,0,0,76,76,C
5-NP,1358,0,0,0,78,78,C
5-NP,1359,78,0,0,0,78,A
5-NP,1360,0,0,79,0,79,G
5-NP,1361,79,0,0,0,79,A
5-NP,1362,79,0,0,0,79,A
5-NP,1363,0,0,78,0,78,G
5-NP,1364,79,0,0,0,79,A
5-NP,1365,76,1,0,0,77,A
5-NP,1366,0,0,78,0,78,G
5-NP,1367,0,76,0,0,76,T
5-NP,1368,0,0,77,0,77,G
5-NP,1369,0,77,0,0,77,T
5-NP,1370,0,0,0,77,77,C
5-NP,1371,77,0,0,0,77,A
5-NP,1372,0,78,0,0,78,T
5-NP,1373,0,79,0,0,79,T
5-NP,1374,0,0,0,79,79,C
5-NP,1375,0,0,0,76,76,C
5-NP,1376,0,0,76,0,76,G
5-NP,1377,0,0,76,0,76,G
5-NP,1378,0,0,75,0,75,G
5-NP,1379,0,0,78,0,78,G
5-NP,1380,0,0,78,0,78,G
5-NP,1381,77,0,0,0,77,A
5-NP,1382,0,1,76,0,77,G
5-NP,1383,0,0,76,0,76,G
5-NP,1384,0,0,78,0,78,G
5-NP,1385,0,1,76,0,77,G
5-NP,1386,74,0,0,0,74,A
5-NP,1387,0,0,74,0,74,G
5-NP,1388,0,74,0,0,74,T
5-NP,1389,0,0,0,73,73,C
5-NP,1390,0,76,0,0,76,T
5-NP,1391,0,76,0,0,76,T
5-NP,1392,0,0,0,76,76,C
5-NP,1393,0,0,76,0,76,G
5-NP,1394,76,0,0,0,76,A
5-NP,1395,0,0,77,0,77,G
5-NP,1396,0,0,0,76,76,C
5-NP,1397,0,75,0,0,75,T
5-NP,1398,0,0,0,76,76,C
5-NP,1399,0,75,0,0,75,T
5-NP,1400,0,0,0,76,76,C
5-NP,1401,76,0,0,0,76,A
5-NP,1402,0,0,77,0,77,G
5-NP,1403,77,0,0,0,77,A
5-NP,1404,0,0,0,77,77,C
5-NP,1405,0,0,77,0,77,G
5-NP,1406,75,0,0,0,75,A
5-NP,1407,0,0,75,0,75,G
5-NP,1408,75,0,0,0,75,A
5-NP,1409,75,0,0,0,75,A
5-NP,1410,0,0,75,0,75,G
5-NP,1411,0,0,75,0,75,G
5-NP,1412,0,0,0,72,72,C
5-NP,1413,73,0,0,0,73,A
5-NP,1414,74,0,0,0,74,A
5-NP,1415,0,0,0,74,74,C
5-NP,1416,0,1,73,0,74,G
5-NP,1417,73,0,0,0,73,A
5-NP,1418,72,0,1,0,73,A
5-NP,1419,0,0,0,72,72,C
5-NP,1420,0,0,0,73,73,C
5-NP,1421,0,0,0,70,70,C
5-NP,1422,0,0,73,0,73,G
5-NP,1423,71,0,0,0,71,A
5-NP,1424,0,73,0,0,73,T
5-NP,1425,0,0,0,71,71,C
5-NP,1426,0,0,73,0,73,G
5-NP,1427,0,73,0,0,73,T
5-NP,1428,0,0,73,0,73,G
5-NP,1429,0,0,0,73,73,C
5-NP,1430,0,0,0,72,72,C
5-NP,1431,0,0,0,72,72,C
5-NP,1432,0,72,0,0,72,T
5-NP,1433,0,0,0,75,75,C
5-NP,1434,0,75,0,0,75,T
5-NP,1435,0,72,0,0,72,T
5-NP,1436,0,74,0,0,74,T
5-NP,1437,0,72,0,0,72,T
5-NP,1438,0,0,73,0,73,G
5-NP,1439,72,0,0,0,72,A
5-NP,1440,0,72,0,0,72,T
5-NP,1441,70,0,0,0,70,A
5-NP,1442,0,57,0,0,57,T
5-NP,1443,0,0,57,0,57,G
5-NP,1444,56,0,0,0,56,A
5-NP,1445,0,0,57,0,57,G
5-NP,1446,0,57,0,0,57,T
5-NP,1447,52,0,0,0,52,A
5-NP,1448,52,0,0,0,52,A
5-NP,1449,0,52,0,0,52,T
5-NP,1450,0,0,52,0,52,G
5-NP,1451,52,0,0,0,52,A
5-NP,1452,46,0,0,0,46,A
5-NP,1453,0,0,47,0,47,G
5-NP,1454,0,0,44,0,44,G
5-NP,1455,44,0,0,0,44,A
5-NP,1456,0,43,0,0,43,T
5-NP,1457,0,0,0,44,44,C
5-NP,1458,0,42,0,0,42,T
5-NP,1459,0,42,0,0,42,T
5-NP,1460,42,0,0,0,42,A
5-NP,1461,0,42,0,0,42,T
5-NP,1462,0,41,0,0,41,T
5-NP,1463,0,41,0,0,41,T
5-NP,1464,0,0,0,39,39,C
5-NP,1465,0,35,0,0,35,T
5-NP,1466,0,35,0,0,35,T
5-NP,1467,0,0,0,35,35,C
5-NP,1468,0,0,35,0,35,G
5-NP,1469,0,0,35,0,35,G
5-NP,1470,35,0,0,0,35,A
5-NP,1471,0,0,35,0,35,G
5-NP,1472,35,0,0,0,35,A
5-NP,1473,0,0,0,35,35,C
5-NP,1474,33,0,0,0,33,A
5-NP,1475,33,0,0,0,33,A
5-NP,1476,0,33,0,0,33,T
5-NP,1477,0,0,33,0,33,G
5-NP,1478,0,0,0,33,33,C
5-NP,1479,31,0,0,0,31,A
5-NP,1480,0,0,30,0,30,G
5-NP,1481,30,0,0,0,30,A
5-NP,1482,27,0,0,0,27,A
5-NP,1483,0,0,27,0,27,G
5-NP,1484,21,0,0,0,21,A
5-NP,1485,0,0,21,0,21,G
5-NP,1486,0,18,0,0,18,T
5-NP,1487,18,0,0,0,18,A
5-NP,1488,0,15,0,0,15,T
5-NP,1489,0,0,15,0,15,G
5-NP,1490,15,0,0,0,15,A
5-NP,1491,0,0,0,15,15,C
5-NP,1492,11,0,0,0,11,A
5-NP,1493,11,0,0,0,11,A
5-NP,1494,0,9,0,0,9,T
5-NP,1495,0,9,0,0,9,T
5-NP,1496,8,0,0,0,8,A
5-NP,1497,8,0,0,0,8,A
6-NA,1,664,0,0,0,664,A
6-NA,2,0,665,0,0,665,T
6-NA,3,0,0,672,0,672,G
6-NA,4,675,0,6,0,681,A
6-NA,5,732,0,0,0,732,A
6-NA,6,0,726,0,1,727,T
6-NA,7,0,1,0,733,734,C
6-NA,8,0,0,0,733,733,C
6-NA,9,740,0,0,1,741,A
6-NA,10,772,1,1,0,774,A
6-NA,11,775,0,0,0,775,A
6-NA,12,0,790,0,1,791,T
6-NA,13,0,0,0,795,795,C
6-NA,14,793,0,1,0,794,A
6-NA,15,805,0,0,0,805,A
6-NA,16,806,1,0,0,807,A
6-NA,17,864,0,1,0,865,A
6-NA,18,0,0,960,0,960,G
6-NA,19,991,1,0,0,992,A
6-NA,20,1,1005,1,0,1007,T
6-NA,21,1021,0,0,0,1021,A
6-NA,22,1025,0,1,0,1026,A
6-NA,23,0,1037,0,0,1037,T
6-NA,24,1042,0,0,0,1042,A
6-NA,25,1045,0,6,0,1051,A
6-NA,26,0,0,0,1093,1093,C
6-NA,27,1,2,1112,0,1115,G
6-NA,28,1108,0,0,0,1108,A
6-NA,29,0,1110,0,0,1110,T
6-NA,30,0,1114,0,1,1115,T
6-NA,31,0,2,1116,0,1118,G
6-NA,32,1,0,1181,0,1182,G
6-NA,33,1,0,0,1195,1196,C
6-NA,34,0,1180,0,3,1183,T
6-NA,35,0,0,0,1244,1244,C
6-NA,36,0,1249,0,0,1249,T
6-NA,37,0,0,1299,0,1299,G
6-NA,38,1,1296,0,1,1298,T
6-NA,39,0,1297,0,1,1298,T
6-NA,40,0,1336,0,2,1338,T
6-NA,41,1,0,0,1353,1354,C
6-NA,42,0,1344,0,2,1346,T
6-NA,43,0,0,1,1365,1366,C
6-NA,44,0,1351,0,2,1353,T
6-NA,45,0,1,0,1370,1371,C
6-NA,46,1377,0,0,0,1377,A
6-NA,47,1,0,0,1452,1453,C
6-NA,48,3,0,1,1457,1461,C
6-NA,49,1456,0,1,0,1457,A
6-NA,50,0,1482,0,0,1482,T
6-NA,51,0,1510,0,1,1511,T
6-NA,52,0,1511,0,3,1514,T
6-NA,53,0,0,0,1559,1559,C
6-NA,54,0,0,0,1562,1562,C
6-NA,55,1574,0,3,0,1577,A
6-NA,56,0,0,1,1660,1661,C
6-NA,57,1649,0,1,1,1651,A
6-NA,58,1783,0,0,0,1783,A
6-NA,59,0,1780,0,0,1780,T
6-NA,60,1860,1,0,0,1861,A
6-NA,61,0,1871,0,0,1871,T
6-NA,62,1,0,1865,0,1866,G
6-NA,63,0,0,0,1876,1876,C
6-NA,64,0,1861,0,3,1864,T
6-NA,65,0,1897,0,1,1898,T
6-NA,66,1,0,0,1907,1908,C
6-NA,67,0,1898,0,0,1898,T
6-NA,68,0,1904,0,1,1905,T
6-NA,69,1,0,0,1897,1898,C
6-NA,70,1900,0,1,0,1901,A
6-NA,71,0,1903,0,0,1903,T
6-NA,72,0,0,1898,0,1898,G
6-NA,73,1,0,0,1916,1917,C
6-NA,74,1911,0,0,0,1911,A
6-NA,75,1904,0,0,0,1904,A
6-NA,76,1915,1,0,0,1916,A
6-NA,77,1,1952,0,0,1953,T
6-NA,78,0,1945,0,1,1946,T
6-NA,79,0,1,1929,0,1930,G
6-NA,80,0,0,0,1940,1940,C
6-NA,81,4,2,0,1945,1951,C
6-NA,82,1965,0,1,0,1966,A
6-NA,83,1,1967,0,0,1968,T
6-NA,84,0,0,0,2153,2153,C
6-NA,85,0,2153,0,1,2154,T
6-NA,86,0,2153,0,1,2154,T
6-NA,87,0,0,2233,0,2233,G
6-NA,88,2230,0,1,0,2231,A
6-NA,89,0,2261,0,0,2261,T
6-NA,90,2261,0,1,0,2262,A
6-NA,91,2269,1,1,0,2271,A
6-NA,92,1,0,0,2634,2635,C
6-NA,93,0,2617,0,4,2621,T
6-NA,94,2681,0,0,0,2681,A
6-NA,95,0,0,0,2784,2784,C
6-NA,96,0,2752,0,1,2753,T
6-NA,97,3,0,2799,0,2802,G
6-NA,98,0,2815,0,1,2816,T
6-NA,99,2817,0,0,1,2818,A
6-NA,100,2846,0,2,1,2849,A
6-NA,101,0,0,0,2789,2789,C
6-NA,102,2764,1,0,0,2765,A
6-NA,103,0,2764,0,3,2767,T
6-NA,104,0,2703,0,8,2711,T
6-NA,105,0,2,2710,0,2712,G
6-NA,106,0,0,0,2720,2720,C
6-NA,107,2761,0,0,0,2761,A
6-NA,108,0,2771,1,1,2773,T
6-NA,109,0,2766,0,0,2766,T
6-NA,110,0,2757,0,2,2759,T
6-NA,111,2,3,0,2743,2748,C
6-NA,112,2754,0,1,0,2755,A
6-NA,113,2763,0,4,1,2768,A
6-NA,114,0,1,2769,0,2770,G
6-NA,115,0,0,0,2786,2786,C
6-NA,116,2780,0,1,0,2781,A
6-NA,117,2893,0,0,0,2893,A
6-NA,118,0,2943,0,0,2943,T
6-NA,119,2933,1,2,0,2936,A
6-NA,120,1,2939,0,1,2941,T
6-NA,121,0,4,2993,1,2998,G
6-NA,122,2970,0,10,1,2981,A
6-NA,123,3030,0,2,0,3032,A
6-NA,124,1,3039,0,0,3040,T
6-NA,125,0,3031,0,3,3034,T
6-NA,126,2,1,0,3018,3021,C
6-NA,127,2996,0,2,0,2998,A
6-NA,128,3014,0,3,0,3017,A
6-NA,129,0,2,0,3012,3014,C
6-NA,130,1,2951,0,15,2967,T
6-NA,131,0,0,0,2998,2998,C
6-NA,132,1,1,0,2980,2982,C
6-NA,133,6,0,0,3055,3061,C
6-NA,134,1,2,0,3051,3054,C
6-NA,135,2,0,0,3052,3054,C
6-NA,136,3,1,0,3101,3105,C
6-NA,137,4,0,0,3110,3114,C
6-NA,138,3123,0,3,0,3126,A
6-NA,139,3114,0,0,0,3114,A
6-NA,140,3113,1,0,2,3116,A
6-NA,141,0,0,0,3192,3192,C
6-NA,142,3153,1,1,0,3155,A
6-NA,143,3228,0,3,0,3231,A
6-NA,144,0,1,0,3249,3250,C
6-NA,145,2,0,0,3226,3228,C
6-NA,146,3321,0,0,0,3321,A
6-NA,147,3328,0,11,0,3339,A
6-NA,148,1,0,3412,0,3413,G
6-NA,149,0,3405,0,0,3405,T
6-NA,150,2,1,3393,0,3396,G
6-NA,151,3444,0,2,0,3446,A
6-NA,152,0,3442,0,0,3442,T
6-NA,153,0,1,3437,0,3438,G
6-NA,154,1,0,0,3457,3458,C
6-NA,155,0,3396,0,3,3399,T
6-NA,156,1,0,3648,0,3649,G
6-NA,157,1,3612,0,1,3614,T
6-NA,158,0,1,3611,0,3612,G
6-NA,159,0,3600,0,5,3605,T
6-NA,160,0,5,3589,1,3595,G
6-NA,161,3604,0,3,0,3607,A
6-NA,162,3616,0,2,0,3618,A
6-NA,163,3,0,0,3611,3614,C
6-NA,164,2,0,0,3608,3610,C
6-NA,165,3517,2,0,0,3519,A
6-NA,166,3531,0,10,0,3541,A
6-NA,167,0,1,0,3693,3694,C
6-NA,168,3681,0,0,0,3681,A
6-NA,169,3707,0,1,1,3709,A
6-NA,170,0,3715,0,0,3715,T
6-NA,171,3706,0,0,0,3706,A
6-NA,172,3712,0,3,0,3715,A
6-NA,173,0,3712,0,1,3713,T
6-NA,174,3695,0,0,0,3695,A
6-NA,175,0,0,3733,1,3734,G
6-NA,176,3635,0,1,0,3636,A
6-NA,177,3642,0,2,0,3644,A
6-NA,178,3633,1,0,0,3634,A
6-NA,179,1,5,3649,0,3655,G
6-NA,180,3755,0,1,0,3756,A
6-NA,181,3761,0,1,0,3762,A
6-NA,182,3961,1,4,1,3967,A
6-NA,183,0,2,0,4000,4002,C
6-NA,184,3996,0,4,0,4000,A
6-NA,185,0,4048,0,3,4051,T
6-NA,186,4103,0,3,0,4106,A
6-NA,187,4125,2,5,1,4133,A
6-NA,188,0,0,0,4200,4200,C
6-NA,189,4142,0,5,0,4147,A
6-NA,190,0,3,4315,0,4318,G
6-NA,191,4259,1,3,0,4263,A
6-NA,192,1,0,4291,0,4292,G
6-NA,193,4294,0,4,0,4298,A
6-NA,194,2,4412,0,26,4440,T
6-NA,195,4448,0,0,0,4448,A
6-NA,196,1,0,4559,0,4560,G
6-NA,197,0,4530,0,3,4533,T
6-NA,198,1,0,4645,0,4646,G
6-NA,199,0,4623,0,9,4632,T
6-NA,200,4627,0,0,0,4627,A
6-NA,201,1,4606,0,0,4607,T
6-NA,202,0,1,0,4606,4607,C
6-NA,203,0,4537,0,2,4539,T
6-NA,204,0,2,4678,1,4681,G
6-NA,205,4672,1,2,0,4675,A
6-NA,206,0,1,0,4673,4674,C
6-NA,207,3,0,0,4647,4650,C
6-NA,208,4623,1,3,0,4627,A
6-NA,209,4650,1,2,0,4653,A
6-NA,210,0,2,0,4730,4732,C
6-NA,211,4716,0,5,0,4721,A
6-NA,212,0,10,0,4880,4890,C
6-NA,213,1,1,0,4832,4834,C
6-NA,214,4956,1,2,2,4961,A
6-NA,215,9,1,0,5144,5154,C
6-NA,216,0,0,0,5144,5144,C
6-NA,217,5159,0,3,1,5163,A
6-NA,218,0,5140,0,5,5145,T
6-NA,219,5102,0,4,0,5106,A
6-NA,220,0,5,5127,0,5132,G
6-NA,221,4982,0,3,0,4985,A
6-NA,222,0,1,5134,1,5136,G
6-NA,223,5017,1,0,1,5019,A
6-NA,224,4950,0,2,0,4952,A
6-NA,225,1,1,4988,0,4990,G
6-NA,226,3,3,5012,0,5018,G
6-NA,227,4991,3,15,0,5009,A
6-NA,228,5024,0,1,0,5025,A
6-NA,229,5029,3,2,3,5037,A
6-NA,230,0,5031,0,0,5031,T
6-NA,231,4979,0,0,0,4979,A
6-NA,232,0,4944,0,4,4948,T
6-NA,233,0,1,4973,0,4974,G
6-NA,234,1,2,0,5018,5021,C
6-NA,235,3,2,1,4956,4962,C
6-NA,236,4,2,0,4969,4975,C
6-NA,237,2,2,0,5001,5005,C
6-NA,238,5015,2,0,0,5017,A
6-NA,239,5145,0,2,0,5147,A
6-NA,240,5161,0,0,1,5162,A
6-NA,241,0,0,0,5179,5179,C
6-NA,242,0,5160,0,5,5165,T
6-NA,243,5147,1,1,0,5149,A
6-NA,244,1,1,5168,0,5170,G
6-NA,245,1,2,0,5174,5177,C
6-NA,246,5178,0,2,2,5182,A
6-NA,247,0,1,5268,0,5269,G
6-NA,248,5215,2,1,0,5218,A
6-NA,249,5428,2,4,0,5434,A
6-NA,250,0,5436,0,0,5436,T
6-NA,251,5445,1,3,0,5449,A
6-NA,252,0,2,0,5452,5454,C
6-NA,253,5436,0,5,0,5441,A
6-NA,254,2,3,5436,0,5441,G
6-NA,255,5436,2,0,1,5439,A
6-NA,256,5375,2,5,1,5383,A
6-NA,257,5405,1,0,0,5406,A
6-NA,258,1,5299,2,0,5302,T
6-NA,259,1,5270,0,0,5271,T
6-NA,260,0,3,5294,1,5298,G
6-NA,261,1,0,5275,0,5276,G
6-NA,262,0,5303,0,14,5317,T
6-NA,263,2,2,0,5310,5314,C
6-NA,264,5305,2,0,0,5307,A
6-NA,265,5327,0,2,0,5329,A
6-NA,266,5309,1,4,0,5314,A
6-NA,267,0,0,5325,0,5325,G
6-NA,268,2,1,0,5331,5334,C
6-NA,269,7,2,0,5322,5331,C
6-NA,270,3,2,5318,0,5323,G
6-NA,271,2,0,0,5343,5345,C
6-NA,272,5368,2,1,0,5371,A
6-NA,273,5466,0,3,4,5473,A
6-NA,274,1,5462,1,1,5465,T
6-NA,275,4,1,5517,1,5523,G
6-NA,276,1,5487,1,6,5495,T
6-NA,277,1,4,5500,0,5505,G
6-NA,278,5602,2,8,1,5613,A
6-NA,279,0,1,0,5708,5709,C
6-NA,280,5841,0,1,0,5842,A
6-NA,281,0,5885,1,2,5888,T
6-NA,282,0,5852,0,2,5854,T
6-NA,283,5888,0,2,0,5890,A
6-NA,284,1,2,0,5875,5878,C
6-NA,285,5803,1,3,0,5807,A
6-NA,286,2,2,5791,0,5795,G
6-NA,287,0,7,5707,0,5714,G
6-NA,288,2,1,5514,0,5517,G
6-NA,289,0,5755,1,4,5760,T
6-NA,290,0,5754,0,1,5755,T
6-NA,291,2,5754,0,0,5756,T
6-NA,292,2,0,5756,0,5758,G
6-NA,293,0,4,2,5738,5744,C
6-NA,294,5775,0,6,0,5781,A
6-NA,295,0,1,0,5795,5796,C
6-NA,296,1,19,0,5680,5700,C
6-NA,297,0,5653,0,6,5659,T
6-NA,298,1,5659,0,2,5662,T
6-NA,299,0,5697,1,1,5699,T
6-NA,300,1,5702,0,0,5703,T
6-NA,301,0,5797,0,3,5800,T
6-NA,302,1,0,0,5803,5804,C
6-NA,303,0,5797,0,3,5800,T
6-NA,304,5771,0,2,0,5773,A
6-NA,305,5746,1,6,0,5753,A
6-NA,306,2,10,5792,0,5804,G
6-NA,307,0,3,5786,0,5789,G
6-NA,308,5780,2,2,1,5785,A
6-NA,309,0,1,0,5797,5798,C
6-NA,310,5745,0,0,0,5745,A
6-NA,311,5783,2,1,0,5786,A
6-NA,312,1,5761,2,0,5764,T
6-NA,313,0,5777,1,0,5778,T
6-NA,314,5,1,0,5893,5899,C
6-NA,315,1,2,5876,1,5880,G
6-NA,316,5862,0,2,1,5865,A
6-NA,317,0,5858,0,1,5859,T
6-NA,318,0,5838,0,6,5844,T
6-NA,319,5845,0,0,0,5845,A
6-NA,320,1,6,5874,0,5881,G
6-NA,321,4,0,5886,0,5890,G
6-NA,322,0,0,0,5907,5907,C
6-NA,323,0,5814,1,5,5820,T
6-NA,324,0,5850,0,0,5850,T
6-NA,325,0,5854,0,0,5854,T
6-NA,326,3,2,0,5857,5862,C
6-NA,327,1,0,0,5881,5882,C
6-NA,328,3,1,5877,0,5881,G
6-NA,329,1,0,0,5908,5909,C
6-NA,330,0,5863,0,3,5866,T
6-NA,331,1,2,6059,0,6062,G
6-NA,332,1,1,6057,0,6059,G
6-NA,333,2,6054,0,2,6058,T
6-NA,334,2,2,6045,0,6049,G
6-NA,335,1,13,6018,1,6033,G
6-NA,336,2,8,6023,0,6033,G
6-NA,337,2,3,6057,0,6062,G
6-NA,338,6047,0,15,0,6062,A
6-NA,339,0,2,0,6145,6147,C
6-NA,340,6024,1,5,0,6030,A
6-NA,341,2,5998,0,1,6001,T
6-NA,342,2,1,0,6037,6040,C
6-NA,343,0,6010,0,6,6016,T
6-NA,344,2,11,6020,0,6033,G
6-NA,345,1,6,6027,0,6034,G
6-NA,346,4,0,6056,0,6060,G
6-NA,347,1,6058,0,4,6063,T
6-NA,348,0,7,5972,0,5979,G
6-NA,349,5976,1,6,0,5983,A
6-NA,350,4,0,0,6114,6118,C
6-NA,351,6130,1,3,0,6134,A
6-NA,352,6194,0,2,1,6197,A
6-NA,353,1,7,6204,0,6212,G
6-NA,354,6111,0,5,0,6116,A
6-NA,355,0,3,6218,0,6221,G
6-NA,356,6253,1,6,0,6260,A
6-NA,357,6418,1,9,0,6428,A
6-NA,358,2,1,1,7037,7041,C
6-NA,359,2,1,0,7101,7104,C
6-NA,360,0,7077,1,3,7081,T
6-NA,361,2,7081,1,2,7086,T
6-NA,362,7097,2,0,0,7099,A
6-NA,363,0,7113,0,0,7113,T
6-NA,364,2,0,7290,0,7292,G
6-NA,365,0,7239,0,10,7249,T
6-NA,366,3,1,7297,1,7302,G
6-NA,367,2,7127,0,5,7134,T
6-NA,368,7,1,0,7035,7043,C
6-NA,369,7110,8,7,0,7125,A
6-NA,370,0,7114,0,1,7115,T
6-NA,371,0,0,7080,0,7080,G
6-NA,372,1,4,0,7083,7088,C
6-NA,373,3,2,7051,0,7056,G
6-NA,374,7580,0,3,0,7583,A
6-NA,375,2,7549,0,3,7554,T
6-NA,376,7,0,0,7675,7682,C
6-NA,377,6,0,1,7719,7726,C
6-NA,378,0,7754,2,15,7771,T
6-NA,379,21,11,7805,0,7837,G
6-NA,380,7840,1,7,0,7848,A
6-NA,381,1,0,0,7843,7844,C
6-NA,382,7831,2,3,1,7837,A
6-NA,383,7620,0,5,1,7626,A
6-NA,384,2,5,7850,0,7857,G
6-NA,385,1,7816,0,1,7818,T
6-NA,386,1,1,7908,0,7910,G
6-NA,387,0,7824,1,1,7826,T
6-NA,388,0,7811,0,14,7825,T
6-NA,389,7833,1,4,0,7838,A
6-NA,390,0,7807,1,3,7811,T
6-NA,391,7,0,0,7900,7907,C
6-NA,392,7886,0,1,0,7887,A
6-NA,393,7828,1,1,0,7830,A
6-NA,394,2,7766,0,1,7769,T
6-NA,395,2,7718,0,3,7723,T
6-NA,396,1,7733,0,2,7736,T
6-NA,397,1,3,7751,0,7755,G
6-NA,398,0,4,0,8080,8084,C
6-NA,399,3,1,0,8085,8089,C
6-NA,400,9,1,0,8106,8116,C
6-NA,401,0,8082,2,11,8095,T
6-NA,402,2,8100,1,7,8110,T
6-NA,403,2,9,8184,0,8195,G
6-NA,404,1,3,8205,0,8209,G
6-NA,405,8257,2,7,0,8266,A
6-NA,406,3,11,0,8239,8253,C
6-NA,407,7989,2,11,1,8003,A
6-NA,408,3,3,8168,0,8174,G
6-NA,409,2,8,8104,0,8114,G
6-NA,410,1,5,8380,1,8387,G
6-NA,411,8355,1,16,1,8373,A
6-NA,412,8328,0,10,0,8338,A
6-NA,413,0,3,0,8344,8347,C
6-NA,414,8286,2,4,0,8292,A
6-NA,415,8949,0,4,0,8953,A
6-NA,416,1,5,0,8970,8976,C
6-NA,417,8879,1,5,0,8885,A
6-NA,418,0,2,0,8930,8932,C
6-NA,419,1,8755,0,1,8757,T
6-NA,420,8839,0,1,1,8841,A
6-NA,421,8827,0,1,0,8828,A
6-NA,422,8883,0,2,1,8886,A
6-NA,423,0,2,0,8907,8909,C
6-NA,424,8377,0,2,0,8379,A
6-NA,425,8442,1,16,0,8459,A
6-NA,426,1,3,0,8521,8525,C
6-NA,427,18,0,8480,0,8498,G
6-NA,428,1,8473,0,2,8476,T
6-NA,429,8351,2,9,1,8363,A
6-NA,430,4,1,0,8481,8486,C
6-NA,431,8482,1,1,0,8484,A
6-NA,432,0,8485,1,2,8488,T
6-NA,433,1,8480,0,3,8484,T
6-NA,434,4,2,0,8842,8848,C
6-NA,435,9006,0,1,0,9007,A
6-NA,436,9070,0,2,0,9072,A
6-NA,437,9062,1,0,2,9065,A
6-NA,438,0,9072,1,1,9074,T
6-NA,439,8959,1,1,0,8961,A
6-NA,440,9240,1,3,0,9244,A
6-NA,441,0,0,0,9299,9299,C
6-NA,442,9300,0,6,0,9306,A
6-NA,443,2,0,0,9433,9435,C
6-NA,444,9059,0,3,0,9062,A
6-NA,445,2,1,10569,0,10572,G
6-NA,446,0,10570,0,1,10571,T
6-NA,447,10683,0,4,0,10687,A
6-NA,448,1,3,0,10751,10755,C
6-NA,449,5,2,10678,0,10685,G
6-NA,450,1,11087,0,7,11095,T
6-NA,451,1,11,11070,0,11082,G
6-NA,452,11082,5,2,1,11090,A
6-NA,453,0,11171,0,9,11180,T
6-NA,454,10162,2,11,0,10175,A
6-NA,455,1,6,10148,0,10155,G
6-NA,456,2,4,10047,1,10054,G
6-NA,457,10067,2,9,0,10078,A
6-NA,458,0,2,0,10210,10212,C
6-NA,459,5,3,0,9910,9918,C
6-NA,460,9,1,0,10031,10041,C
6-NA,461,11,1,0,10048,10060,C
6-NA,462,2,10106,0,8,10116,T
6-NA,463,2,10280,0,1,10283,T
6-NA,464,10316,1,6,0,10323,A
6-NA,465,1,10273,1,0,10275,T
6-NA,466,3,4,0,10294,10301,C
6-NA,467,7,8,10153,0,10168,G
6-NA,468,0,16,10128,0,10144,G
6-NA,469,10145,2,3,1,10151,A
6-NA,470,6,2,1,10202,10211,C
6-NA,471,9,2,0,10094,10105,C
6-NA,472,7,4,2,10589,10602,C
6-NA,473,0,10579,0,9,10588,T
6-NA,474,10735,0,3,1,10739,A
6-NA,475,1,10726,1,4,10732,T
6-NA,476,2,10741,1,1,10745,T
6-NA,477,1,5,10738,0,10744,G
6-NA,478,10703,1,11,2,10717,A
6-NA,479,2,10662,0,4,10668,T
6-NA,480,2,6,10705,2,10715,G
6-NA,481,10245,0,10,1,10256,A
6-NA,482,10291,1,4,1,10297,A
6-NA,483,2,10281,1,1,10285,T
6-NA,484,1,8,10427,0,10436,G
6-NA,485,10463,1,16,1,10481,A
6-NA,486,0,1,10685,0,10686,G
6-NA,487,1,10603,0,5,10609,T
6-NA,488,0,10608,1,9,10618,T
6-NA,489,10672,1,8,0,10681,A
6-NA,490,1,8,10705,1,10715,G
6-NA,491,9,3,10708,0,10720,G
6-NA,492,2,10690,0,5,10697,T
6-NA,493,14,0,10645,1,10660,G
6-NA,494,0,10550,0,8,10558,T
6-NA,495,1,10467,2,17,10487,T
6-NA,496,8,3,2,10564,10577,C
6-NA,497,7,3,0,10618,10628,C
6-NA,498,0,10599,0,10,10609,T
6-NA,499,1,10583,3,6,10593,T
6-NA,500,1,10524,0,13,10538,T
6-NA,501,0,10548,1,14,10563,T
6-NA,502,10,4,0,10577,10591,C
6-NA,503,10544,2,2,0,10548,A
6-NA,504,2,10744,1,6,10753,T
6-NA,505,1,1,0,10779,10781,C
6-NA,506,1,10667,2,5,10675,T
6-NA,507,4,7,10615,0,10626,G
6-NA,508,1,15,10548,0,10564,G
6-NA,509,3,4,10565,0,10572,G
6-NA,510,3,9,10686,0,10698,G
6-NA,511,10696,3,12,0,10711,A
6-NA,512,5,4,0,10807,10816,C
6-NA,513,9,4,0,10644,10657,C
6-NA,514,10830,2,3,0,10835,A
6-NA,515,10859,3,5,0,10867,A
6-NA,516,1,2,10868,0,10871,G
6-NA,517,1,8,1,10859,10869,C
6-NA,518,10869,0,1,1,10871,A
6-NA,519,10955,0,10,1,10966,A
6-NA,520,2,1,11054,0,11057,G
6-NA,521,4,10967,0,3,10974,T
6-NA,522,5,7,11219,0,11231,G
6-NA,523,0,11153,0,8,11161,T
6-NA,524,32,2,11421,0,11455,G
6-NA,525,3,2,0,11445,11450,C
6-NA,526,11422,2,2,0,11426,A
6-NA,527,0,11495,0,4,11499,T
6-NA,528,11228,1,15,0,11244,A
6-NA,529,2,3,11520,0,11525,G
6-NA,530,3,3,0,11485,11491,C
6-NA,531,11213,1,4,1,11219,A
6-NA,532,2,11169,0,4,11175,T
6-NA,533,2,7,10740,0,10749,G
6-NA,534,3,1,11230,1,11235,G
6-NA,535,2,11257,0,16,11275,T
6-NA,536,15,1,0,11118,11134,C
6-NA,537,9,4,1,11171,11185,C
6-NA,538,10751,1,9,1,10762,A
6-NA,539,0,4,10939,0,10943,G
6-NA,540,2,2,0,10936,10940,C
6-NA,541,2,10831,0,15,10848,T
6-NA,542,10,1,1,10934,10946,C
6-NA,543,10502,0,1,1,10504,A
6-NA,544,10585,1,5,1,10592,A
6-NA,545,2,0,10631,0,10633,G
6-NA,546,1,10603,0,3,10607,T
6-NA,547,0,10494,0,5,10499,T
6-NA,548,1,0,10489,0,10490,G
6-NA,549,2,10461,0,3,10466,T
6-NA,550,11,0,0,10452,10463,C
6-NA,551,10476,1,7,2,10486,A
6-NA,552,1,2,0,10531,10534,C
6-NA,553,10,4,10481,0,10495,G
6-NA,554,10536,4,0,1,10541,A
6-NA,555,1,10614,0,1,10616,T
6-NA,556,2,2,10740,0,10744,G
6-NA,557,2,7,10785,0,10794,G
6-NA,558,10774,1,5,1,10781,A
6-NA,559,10793,1,7,1,10802,A
6-NA,560,10902,0,3,0,10905,A
6-NA,561,10869,0,17,0,10886,A
6-NA,562,3,0,11001,0,11004,G
6-NA,563,1,6,0,10925,10932,C
6-NA,564,10917,3,4,7,10931,A
6-NA,565,4,10882,0,3,10889,T
6-NA,566,0,8,10953,0,10961,G
6-NA,567,2,2,10970,0,10974,G
6-NA,568,2,4,0,11087,11093,C
6-NA,569,2,11046,0,11,11059,T
6-NA,570,10,2,11080,1,11093,G
6-NA,571,1,11,0,11013,11025,C
6-NA,572,11060,0,3,1,11064,A
6-NA,573,2,11387,0,2,11391,T
6-NA,574,10,3,11394,0,11407,G
6-NA,575,1,11363,0,3,11367,T
6-NA,576,1,11540,0,5,11546,T
6-NA,577,0,11503,0,11,11514,T
6-NA,578,4,2,12113,0,12119,G
6-NA,579,0,12071,0,12,12083,T
6-NA,580,12096,0,3,1,12100,A
6-NA,581,0,12104,0,2,12106,T
6-NA,582,11830,0,1,2,11833,A
6-NA,583,11883,0,8,0,11891,A
6-NA,584,0,9,0,11804,11813,C
6-NA,585,4,10,11676,1,11691,G
6-NA,586,5,5,11683,0,11693,G
6-NA,587,1,15,11384,0,11400,G
6-NA,588,1,12,11424,0,11437,G
6-NA,589,2,6,11458,1,11467,G
6-NA,590,11387,2,15,0,11404,A
6-NA,591,3,11457,0,3,11463,T
6-NA,592,3,8,11484,1,11496,G
6-NA,593,11555,0,6,0,11561,A
6-NA,594,3,11581,0,3,11587,T
6-NA,595,11543,1,3,0,11547,A
6-NA,596,12155,1,5,5,12166,A
6-NA,597,12166,0,0,0,12166,A
6-NA,598,12155,1,13,1,12170,A
6-NA,599,12214,2,1,0,12217,A
6-NA,600,0,12202,0,5,12207,T
6-NA,601,2,2,12189,0,12193,G
6-NA,602,2,4,1,12160,12167,C
6-NA,603,12121,0,8,0,12129,A
6-NA,604,12167,3,6,0,12176,A
6-NA,605,3,1,1,12257,12262,C
6-NA,606,1,12235,0,2,12238,T
6-NA,607,0,2,12263,1,12266,G
6-NA,608,1,2,1,12256,12260,C
6-NA,609,3,12251,3,3,12260,T
6-NA,610,12257,0,8,1,12266,A
6-NA,611,2,6,12253,0,12261,G
6-NA,612,2,8,0,12345,12355,C
6-NA,613,2,12320,0,15,12337,T
6-NA,614,3,12261,0,7,12271,T
6-NA,615,5,3,0,12427,12435,C
6-NA,616,12476,0,3,1,12480,A
6-NA,617,0,12479,0,1,12480,T
6-NA,618,0,12510,0,3,12513,T
6-NA,619,1,12566,3,1,12571,T
6-NA,620,12604,0,9,0,12613,A
6-NA,621,1,2,0,12693,12696,C
6-NA,622,12601,2,2,0,12605,A
6-NA,623,12689,2,14,1,12706,A
6-NA,624,2,12629,1,1,12633,T
6-NA,625,3,16,12587,1,12607,G
6-NA,626,1,8,12561,0,12570,G
6-NA,627,3,4,12583,0,12590,G
6-NA,628,12465,1,24,1,12491,A
6-NA,629,1,8,12822,0,12831,G
6-NA,630,2,2,12912,0,12916,G
6-NA,631,1,2,0,13801,13804,C
6-NA,632,2,13774,0,14,13790,T
6-NA,633,1,13907,1,3,13912,T
6-NA,634,6,3,14057,0,14066,G
6-NA,635,0,14058,0,5,14063,T
6-NA,636,14264,0,7,3,14274,A
6-NA,637,6,2,14354,0,14362,G
6-NA,638,14028,1,6,0,14035,A
6-NA,639,5,14065,0,2,14072,T
6-NA,640,12905,1,4,0,12910,A
6-NA,641,0,1,12955,0,12956,G
6-NA,642,1,12809,0,7,12817,T
6-NA,643,3,0,12517,1,12521,G
6-NA,644,2,13014,2,6,13024,T
6-NA,645,3,13019,0,2,13024,T
6-NA,646,2,2,13263,0,13267,G
6-NA,647,0,13212,2,16,13230,T
6-NA,648,0,13210,1,3,13214,T
6-NA,649,3,13249,0,5,13257,T
6-NA,650,8,5,1,12996,13010,C
6-NA,651,12985,0,11,2,12998,A
6-NA,652,2,12962,0,2,12966,T
6-NA,653,5,7,12923,0,12935,G
6-NA,654,2,5,13727,0,13734,G
6-NA,655,3,13586,0,5,13594,T
6-NA,656,14,2,0,13524,13540,C
6-NA,657,7,4,0,13558,13569,C
6-NA,658,13661,1,5,0,13667,A
6-NA,659,13739,1,6,2,13748,A
6-NA,660,13726,2,9,0,13737,A
6-NA,661,3,6,13782,0,13791,G
6-NA,662,13698,2,6,1,13707,A
6-NA,663,13190,3,4,0,13197,A
6-NA,664,13203,0,6,1,13210,A
6-NA,665,0,13182,2,4,13188,T
6-NA,666,5,1,1,13654,13661,C
6-NA,667,12,2,0,13647,13661,C
6-NA,668,5,13574,1,9,13589,T
6-NA,669,6,5,1,13646,13658,C
6-NA,670,13578,4,16,3,13601,A
6-NA,671,1,9,13684,1,13695,G
6-NA,672,1,9,13674,0,13684,G
6-NA,673,14008,2,13,6,14029,A
6-NA,674,5,4,0,14020,14029,C
6-NA,675,5,1,0,13712,13718,C
6-NA,676,16,3,2,13726,13747,C
6-NA,677,13752,2,8,2,13764,A
6-NA,678,3,8,13774,1,13786,G
6-NA,679,1,11,13784,0,13796,G
6-NA,680,13675,4,12,0,13691,A
6-NA,681,5,0,13938,3,13946,G
6-NA,682,1,13650,0,8,13659,T
6-NA,683,11,7,0,13687,13705,C
6-NA,684,13703,2,11,0,13716,A
6-NA,685,4,5,13810,0,13819,G
6-NA,686,13717,3,7,0,13727,A
6-NA,687,13752,2,4,1,13759,A
6-NA,688,1,13717,0,4,13722,T
6-NA,689,4,2,13801,0,13807,G
6-NA,690,5,6,0,13758,13769,C
6-NA,691,5,6,13866,0,13877,G
6-NA,692,1,13768,1,17,13787,T
6-NA,693,3,13818,0,7,13828,T
6-NA,694,1,13746,1,2,13750,T
6-NA,695,2,3,13873,0,13878,G
6-NA,696,1,13896,1,7,13905,T
6-NA,697,13889,1,7,1,13898,A
6-NA,698,5,13811,0,10,13826,T
6-NA,699,13,4,1,13807,13825,C
6-NA,700,13769,1,2,0,13772,A
6-NA,701,13785,1,2,0,13788,A
6-NA,702,1,13797,0,1,13799,T
6-NA,703,4,8,13772,1,13785,G
6-NA,704,0,5,13843,0,13848,G
6-NA,705,14069,0,7,0,14076,A
6-NA,706,14137,0,7,0,14144,A
6-NA,707,7,2,0,14246,14255,C
6-NA,708,1,14276,0,26,14303,T
6-NA,709,0,14323,0,6,14329,T
6-NA,710,3,1,14809,0,14813,G
6-NA,711,5,14828,0,5,14838,T
6-NA,712,14831,1,8,1,14841,A
6-NA,713,2,20,0,15026,15048,C
6-NA,714,14553,1,9,0,14563,A
6-NA,715,5,2,15546,0,15553,G
6-NA,716,0,15443,1,7,15451,T
6-NA,717,16054,1,5,0,16060,A
6-NA,718,3,1,16152,0,16156,G
6-NA,719,1,15792,1,8,15802,T
6-NA,720,15768,0,3,0,15771,A
6-NA,721,15758,0,2,1,15761,A
6-NA,722,3,15657,2,1,15663,T
6-NA,723,1,21,15706,1,15729,G
6-NA,724,15186,3,6,1,15196,A
6-NA,725,0,3,1,15399,15403,C
6-NA,726,1,14831,1,4,14837,T
6-NA,727,3,7,14948,0,14958,G
6-NA,728,14879,2,13,0,14894,A
6-NA,729,0,14973,0,11,14984,T
6-NA,730,7,15,14982,1,15005,G
6-NA,731,2,8,14805,1,14816,G
6-NA,732,4,23,14884,0,14911,G
6-NA,733,14601,2,16,0,14619,A
6-NA,734,1,2,14684,1,14688,G
6-NA,735,2,14605,0,7,14614,T
6-NA,736,14,2,14640,0,14656,G
6-NA,737,2,4,2,14757,14765,C
6-NA,738,2,14731,0,8,14741,T
6-NA,739,1,14724,0,8,14733,T
6-NA,740,8,0,1,14748,14757,C
6-NA,741,14716,0,17,1,14734,A
6-NA,742,2,13,14771,1,14787,G
6-NA,743,2,7,14780,0,14789,G
6-NA,744,14727,7,21,2,14757,A
6-NA,745,14665,2,4,0,14671,A
6-NA,746,14513,2,6,2,14523,A
6-NA,747,14574,1,20,0,14595,A
6-NA,748,2,4,14668,1,14675,G
6-NA,749,1,5,2,14659,14667,C
6-NA,750,0,14590,0,3,14593,T
6-NA,751,5,1,14577,0,14583,G
6-NA,752,14500,2,10,2,14514,A
6-NA,753,4,14714,0,16,14734,T
6-NA,754,14782,3,3,0,14788,A
6-NA,755,1,10,1,15488,15500,C
6-NA,756,0,15384,0,10,15394,T
6-NA,757,15390,1,19,0,15410,A
6-NA,758,15363,3,2,1,15369,A
6-NA,759,15375,2,3,0,15380,A
6-NA,760,15798,3,1,0,15802,A
6-NA,761,1,15823,2,9,15835,T
6-NA,762,15807,2,0,0,15809,A
6-NA,763,0,7,0,15894,15901,C
6-NA,764,2,15232,1,8,15243,T
6-NA,765,15458,1,2,1,15462,A
6-NA,766,3,15336,3,12,15354,T
6-NA,767,3,15957,2,12,15974,T
6-NA,768,12,5,1,16116,16134,C
6-NA,769,15714,9,17,0,15740,A
6-NA,770,3,15728,2,6,15739,T
6-NA,771,2,15705,1,4,15712,T
6-NA,772,1,6,15769,0,15776,G
6-NA,773,15586,3,18,3,15610,A
6-NA,774,2,9,15613,0,15624,G
6-NA,775,1,9,15574,0,15584,G
6-NA,776,14874,3,15,1,14893,A
6-NA,777,4,13,15261,0,15278,G
6-NA,778,4,9,15229,0,15242,G
6-NA,779,2,10,15220,1,15233,G
6-NA,780,14,6,15246,0,15266,G
6-NA,781,15210,4,7,0,15221,A
6-NA,782,15252,2,9,1,15264,A
6-NA,783,15229,1,6,0,15236,A
6-NA,784,15221,0,4,0,15225,A
6-NA,785,1,15239,4,2,15246,T
6-NA,786,7,6,1,15102,15116,C
6-NA,787,9,1,15233,0,15243,G
6-NA,788,0,15217,0,8,15225,T
6-NA,789,5,15106,0,27,15138,T
6-NA,790,17,4,0,15201,15222,C
6-NA,791,15232,2,6,0,15240,A
6-NA,792,1,16198,0,5,16204,T
6-NA,793,16191,3,6,0,16200,A
6-NA,794,4,0,0,16259,16263,C
6-NA,795,0,16213,0,10,16223,T
6-NA,796,16155,2,19,1,16177,A
6-NA,797,5,7,16142,0,16154,G
6-NA,798,2,3,0,16117,16122,C
6-NA,799,16175,0,4,2,16181,A
6-NA,800,3,8,0,16204,16215,C
6-NA,801,15389,0,3,4,15396,A
6-NA,802,0,15576,2,1,15579,T
6-NA,803,1,15531,1,1,15534,T
6-NA,804,5,3,16552,1,16561,G
6-NA,805,3,16464,1,18,16486,T
6-NA,806,11,6,0,16451,16468,C
6-NA,807,16448,3,11,2,16464,A
6-NA,808,3,5,16471,0,16479,G
6-NA,809,4,7,16491,1,16503,G
6-NA,810,16391,5,9,2,16407,A
6-NA,811,16204,1,5,0,16210,A
6-NA,812,6,1,16502,1,16510,G
6-NA,813,0,15501,0,3,15504,T
6-NA,814,3,2,15542,0,15547,G
6-NA,815,4,3,0,15560,15567,C
6-NA,816,4,15187,2,260,15453,T
6-NA,817,10,4,4,15594,15612,C
6-NA,818,15505,0,7,2,15514,A
6-NA,819,3,2,15610,1,15616,G
6-NA,820,4,1,5,15600,15610,C
6-NA,821,15489,0,7,0,15496,A
6-NA,822,2,15492,2,6,15502,T
6-NA,823,9,0,15983,0,15992,G
6-NA,824,0,15951,0,7,15958,T
6-NA,825,11,11,1,15962,15985,C
6-NA,826,4,11,15961,1,15977,G
6-NA,827,15882,1,7,1,15891,A
6-NA,828,2,7,15839,0,15848,G
6-NA,829,2,11,15865,0,15878,G
6-NA,830,15665,5,9,1,15680,A
6-NA,831,10,1,15914,2,15927,G
6-NA,832,4,15245,2,6,15257,T
6-NA,833,10,2,15220,2,15234,G
6-NA,834,1,1,1,15420,15423,C
6-NA,835,1,15335,2,22,15360,T
6-NA,836,21,0,0,15459,15480,C
6-NA,837,5,13,0,15508,15526,C
6-NA,838,0,15541,0,11,15552,T
6-NA,839,5,2,15559,2,15568,G
6-NA,840,1,6,0,15400,15407,C
6-NA,841,2,15324,2,11,15339,T
6-NA,842,15450,1,4,0,15455,A
6-NA,843,2,15127,1,4,15134,T
6-NA,844,10,0,1,15226,15237,C
6-NA,845,6,5,1,15202,15214,C
6-NA,846,0,15092,0,17,15109,T
6-NA,847,11,3,0,15232,15246,C
6-NA,848,4,10,15202,2,15218,G
6-NA,849,15290,0,17,2,15309,A
6-NA,850,2,15311,0,37,15350,T
6-NA,851,15282,1,1,9,15293,A
6-NA,852,1,15233,1,4,15239,T
6-NA,853,9,0,16,15173,15198,C
6-NA,854,3,12,0,15182,15197,C
6-NA,855,2,15036,2,6,15046,T
6-NA,856,7,6,15132,0,15145,G
6-NA,857,1,5,15165,0,15171,G
6-NA,858,3,15330,2,16,15351,T
6-NA,859,10,2,15318,0,15330,G
6-NA,860,0,15201,0,15,15216,T
6-NA,861,10,3,0,15199,15212,C
6-NA,862,15222,2,8,0,15232,A
6-NA,863,2,3,15231,1,15237,G
6-NA,864,15210,7,6,0,15223,A
6-NA,865,2,15031,0,7,15040,T
6-NA,866,3,3,15052,0,15058,G
6-NA,867,3,14697,0,7,14707,T
6-NA,868,6,3,14676,7,14692,G
6-NA,869,5,14620,1,10,14636,T
6-NA,870,8,0,1,14712,14721,C
6-NA,871,7,14630,0,17,14654,T
6-NA,872,3,0,14679,2,14684,G
6-NA,873,2,7,0,14656,14665,C
6-NA,874,14650,1,4,0,14655,A
6-NA,875,1,7,14653,0,14661,G
6-NA,876,14207,2,14,1,14224,A
6-NA,877,2,5,14283,6,14296,G
6-NA,878,14262,2,18,2,14284,A
6-NA,879,3,0,0,14314,14317,C
6-NA,880,14321,2,6,1,14330,A
6-NA,881,14377,10,18,0,14405,A
6-NA,882,1,9,0,14440,14450,C
6-NA,883,2,14440,0,8,14450,T
6-NA,884,11,7,14442,0,14460,G
6-NA,885,3,3,14418,0,14424,G
6-NA,886,14354,2,7,1,14364,A
6-NA,887,14362,0,12,0,14374,A
6-NA,888,14023,1,13,1,14038,A
6-NA,889,2,8,13977,0,13987,G
6-NA,890,4,7,13759,0,13770,G
6-NA,891,13250,2,11,1,13264,A
6-NA,892,1,13552,0,13,13566,T
6-NA,893,5,2,2,13661,13670,C
6-NA,894,8,2,0,13881,13891,C
6-NA,895,13932,2,5,0,13939,A
6-NA,896,13915,0,3,0,13918,A
6-NA,897,2,13919,2,3,13926,T
6-NA,898,13418,1,8,0,13427,A
6-NA,899,2,2,13307,0,13311,G
6-NA,900,8,2,13234,0,13244,G
6-NA,901,2,6,3,13263,13274,C
6-NA,902,5,1,0,13177,13183,C
6-NA,903,19,12,0,12765,12796,C
6-NA,904,12840,2,5,0,12847,A
6-NA,905,5,12894,0,10,12909,T
6-NA,906,9,1,0,12945,12955,C
6-NA,907,4,1,12994,0,12999,G
6-NA,908,1,12893,1,6,12901,T
6-NA,909,12561,2,16,2,12581,A
6-NA,910,1,1,12805,1,12808,G
6-NA,911,12769,2,6,0,12777,A
6-NA,912,1,12833,0,1,12835,T
6-NA,913,12574,1,5,1,12581,A
6-NA,914,2,12415,1,2,12420,T
6-NA,915,12394,0,1,0,12395,A
6-NA,916,12344,0,9,0,12353,A
6-NA,917,12589,4,8,1,12602,A
6-NA,918,3,8,0,12762,12773,C
6-NA,919,12272,2,2,2,12278,A
6-NA,920,1,12202,0,1,12204,T
6-NA,921,12091,0,4,0,12095,A
6-NA,922,12070,3,13,7,12093,A
6-NA,923,12082,2,17,0,12101,A
6-NA,924,6,4,12207,0,12217,G
6-NA,925,2,3,12297,0,12302,G
6-NA,926,11703,3,2,1,11709,A
6-NA,927,1,11504,1,6,11512,T
6-NA,928,8,2,0,11586,11596,C
6-NA,929,11651,1,9,0,11661,A
6-NA,930,1,11636,1,10,11648,T
6-NA,931,11616,1,7,1,11625,A
6-NA,932,4,1,11645,2,11652,G
6-NA,933,0,0,0,11428,11428,C
6-NA,934,11048,0,3,1,11052,A
6-NA,935,0,10342,3,4,10349,T
6-NA,936,1,10381,0,4,10386,T
6-NA,937,3,1,10359,0,10363,G
6-NA,938,7,10349,1,4,10361,T
6-NA,939,4,1,0,10090,10095,C
6-NA,940,2,10617,1,12,10632,T
6-NA,941,4,3,2,10755,10764,C
6-NA,942,1,2,1,10837,10841,C
6-NA,943,10935,1,8,0,10944,A
6-NA,944,5,4,11064,0,11073,G
6-NA,945,7,11026,1,14,11048,T
6-NA,946,1,10202,0,6,10209,T
6-NA,947,10206,2,4,0,10212,A
6-NA,948,0,9636,0,9,9645,T
6-NA,949,6,2,9633,0,9641,G
6-NA,950,0,9440,0,4,9444,T
6-NA,951,1,0,9480,0,9481,G
6-NA,952,0,8998,0,3,9001,T
6-NA,953,1,0,9077,0,9078,G
6-NA,954,1,9065,1,5,9072,T
6-NA,955,2,9012,5,3,9022,T
6-NA,956,10,3,0,9037,9050,C
6-NA,957,8914,1,19,0,8934,A
6-NA,958,9,6,8967,0,8982,G
6-NA,959,1,4,8958,0,8963,G
6-NA,960,8807,1,4,1,8813,A
6-NA,961,7,0,0,8862,8869,C
6-NA,962,1,8259,1,4,8265,T
6-NA,963,0,8268,0,1,8269,T
6-NA,964,0,1,8579,0,8580,G
6-NA,965,1,8569,1,7,8578,T
6-NA,966,0,8556,0,4,8560,T
6-NA,967,2,4,8441,0,8447,G
6-NA,968,3,7,8368,0,8378,G
6-NA,969,8321,1,20,0,8342,A
6-NA,970,0,3,8427,1,8431,G
6-NA,971,8400,0,15,0,8415,A
6-NA,972,1,1,1,8462,8465,C
6-NA,973,8190,0,6,0,8196,A
6-NA,974,0,2,1,8228,8231,C
6-NA,975,8215,2,13,5,8235,A
6-NA,976,2,5,1,8223,8231,C
6-NA,977,2,6,0,8177,8185,C
6-NA,978,10,1,0,8219,8230,C
6-NA,979,8193,0,6,1,8200,A
6-NA,980,0,2,8454,0,8456,G
6-NA,981,8568,1,2,0,8571,A
6-NA,982,8736,0,9,0,8745,A
6-NA,983,8717,1,1,1,8720,A
6-NA,984,8703,0,0,1,8704,A
6-NA,985,8664,0,4,0,8668,A
6-NA,986,8700,0,1,4,8705,A
6-NA,987,1350,4,3,7293,8650,C
6-NA,988,1,8,8624,0,8633,G
6-NA,989,8613,1,6,0,8620,A
6-NA,990,1,5,1,8600,8607,C
6-NA,991,8049,0,4,0,8053,A
6-NA,992,5,1,8147,0,8153,G
6-NA,993,1,1,0,8344,8346,C
6-NA,994,4,8244,0,13,8261,T
6-NA,995,5,0,0,8350,8355,C
6-NA,996,4,79,0,8312,8395,C
6-NA,997,8391,1,7,0,8399,A
6-NA,998,2,0,8464,0,8466,G
6-NA,999,0,4,0,8451,8455,C
6-NA,1000,8390,0,8,2,8400,A
6-NA,1001,3,2,8376,0,8381,G
6-NA,1002,0,7981,0,5,7986,T
6-NA,1003,8010,1,2,0,8013,A
6-NA,1004,1,4,8008,0,8013,G
6-NA,1005,0,1,0,8008,8009,C
6-NA,1006,3,0,0,8019,8022,C
6-NA,1007,7932,0,3,0,7935,A
6-NA,1008,0,7923,0,1,7924,T
6-NA,1009,0,7908,1,0,7909,T
6-NA,1010,0,1,8048,0,8049,G
6-NA,1011,3,7962,0,6,7971,T
6-NA,1012,0,7982,0,4,7986,T
6-NA,1013,4,7970,0,1,7975,T
6-NA,1014,5,5,7887,0,7897,G
6-NA,1015,0,3,7970,1,7974,G
6-NA,1016,7912,2,3,0,7917,A
6-NA,1017,3,7941,0,2,7946,T
6-NA,1018,4,4,0,7968,7976,C
6-NA,1019,2,1,0,7853,7856,C
6-NA,1020,8,7844,0,6,7858,T
6-NA,1021,7860,0,6,1,7867,A
6-NA,1022,7876,0,2,0,7878,A
6-NA,1023,2,2,0,8006,8010,C
6-NA,1024,7880,1,1,1,7883,A
6-NA,1025,7904,0,2,1,7907,A
6-NA,1026,1,7850,2,1,7854,T
6-NA,1027,0,2,7865,0,7867,G
6-NA,1028,7746,0,8,0,7754,A
6-NA,1029,1,2,7513,0,7516,G
6-NA,1030,0,3,7642,0,7645,G
6-NA,1031,7570,1,6,0,7577,A
6-NA,1032,7622,0,3,1,7626,A
6-NA,1033,3,14,7677,0,7694,G
6-NA,1034,1,2,7738,0,7741,G
6-NA,1035,2,7642,0,1,7645,T
6-NA,1036,1,4,7618,0,7623,G
6-NA,1037,1,2,7814,0,7817,G
6-NA,1038,1,7746,1,6,7754,T
6-NA,1039,11,1,1,7690,7703,C
6-NA,1040,7728,1,2,0,7731,A
6-NA,1041,0,7693,0,3,7696,T
6-NA,1042,2,6,7657,0,7665,G
6-NA,1043,1,7,7579,0,7587,G
6-NA,1044,2,7,7260,0,7269,G
6-NA,1045,2,0,7635,0,7637,G
6-NA,1046,0,7655,0,7,7662,T
6-NA,1047,4,3,7642,1,7650,G
6-NA,1048,7610,3,0,0,7613,A
6-NA,1049,7611,3,3,0,7617,A
6-NA,1050,7651,0,11,1,7663,A
6-NA,1051,0,4,7698,0,7702,G
6-NA,1052,4,4,7609,0,7617,G
6-NA,1053,0,3,0,7555,7558,C
6-NA,1054,0,7292,1,10,7303,T
6-NA,1055,3,5,7292,1,7301,G
6-NA,1056,5,3,7281,0,7289,G
6-NA,1057,2,0,7361,0,7363,G
6-NA,1058,2,3,0,7317,7322,C
6-NA,1059,1,1,0,7371,7373,C
6-NA,1060,0,7270,1,15,7286,T
6-NA,1061,0,7286,0,4,7290,T
6-NA,1062,0,7284,1,0,7285,T
6-NA,1063,1,3,7335,0,7339,G
6-NA,1064,7297,0,8,0,7305,A
6-NA,1065,1,7218,0,9,7228,T
6-NA,1066,1,3,7106,1,7111,G
6-NA,1067,6997,1,6,0,7004,A
6-NA,1068,0,7023,0,5,7028,T
6-NA,1069,4,3,7039,0,7046,G
6-NA,1070,0,9,7143,0,7152,G
6-NA,1071,7124,1,4,2,7131,A
6-NA,1072,7109,0,4,1,7114,A
6-NA,1073,7109,3,13,0,7125,A
6-NA,1074,2,7128,1,1,7132,T
6-NA,1075,1,4,7149,0,7154,G
6-NA,1076,7116,0,14,0,7130,A
6-NA,1077,0,2,0,7113,7115,C
6-NA,1078,5,0,7152,0,7157,G
6-NA,1079,2,6948,0,4,6954,T
6-NA,1080,2,2,7014,1,7019,G
6-NA,1081,0,7006,0,4,7010,T
6-NA,1082,2,7,6995,0,7004,G
6-NA,1083,3,2,7036,0,7041,G
6-NA,1084,6950,1,7,0,6958,A
6-NA,1085,3,6959,1,3,6966,T
6-NA,1086,0,11,6950,0,6961,G
6-NA,1087,2,2,6924,0,6928,G
6-NA,1088,3,4,6988,0,6995,G
6-NA,1089,6909,1,1,0,6911,A
6-NA,1090,6922,1,2,1,6926,A
6-NA,1091,1,5,6921,1,6928,G
6-NA,1092,6812,0,7,1,6820,A
6-NA,1093,6822,0,8,0,6830,A
6-NA,1094,0,2,0,6810,6812,C
6-NA,1095,1,5,6765,1,6772,G
6-NA,1096,6742,1,3,0,6746,A
6-NA,1097,1,6627,1,2,6631,T
6-NA,1098,4,2,1,6652,6659,C
6-NA,1099,6661,0,3,0,6664,A
6-NA,1100,0,3,6677,0,6680,G
6-NA,1101,2,7,1,6643,6653,C
6-NA,1102,8,4,6649,1,6662,G
6-NA,1103,6615,1,4,1,6621,A
6-NA,1104,0,3,6656,1,6660,G
6-NA,1105,6630,0,2,1,6633,A
6-NA,1106,6638,1,4,0,6643,A
6-NA,1107,1,0,6724,0,6725,G
6-NA,1108,2,6638,0,4,6644,T
6-NA,1109,5,0,0,6594,6599,C
6-NA,1110,6622,0,3,0,6625,A
6-NA,1111,0,7,0,6812,6819,C
6-NA,1112,1,0,6831,0,6832,G
6-NA,1113,2,0,0,6823,6825,C
6-NA,1114,0,6756,0,7,6763,T
6-NA,1115,0,6803,1,0,6804,T
6-NA,1116,6684,1,2,1,6688,A
6-NA,1117,2,2,6944,0,6948,G
6-NA,1118,2,5,6947,0,6954,G
6-NA,1119,0,2,7087,0,7089,G
6-NA,1120,0,6609,0,5,6614,T
6-NA,1121,6559,0,2,2,6563,A
6-NA,1122,2,6538,0,2,6542,T
6-NA,1123,2,6,6526,0,6534,G
6-NA,1124,6514,1,3,1,6519,A
6-NA,1125,6485,1,4,0,6490,A
6-NA,1126,6216,0,5,0,6221,A
6-NA,1127,1,4,1,6228,6234,C
6-NA,1128,3,0,0,6006,6009,C
6-NA,1129,2,5917,2,4,5925,T
6-NA,1130,2,5912,0,4,5918,T
6-NA,1131,1,1,0,5926,5928,C
6-NA,1132,5927,0,1,0,5928,A
6-NA,1133,5928,0,5,1,5934,A
6-NA,1134,5922,2,4,1,5929,A
6-NA,1135,0,1,5983,0,5984,G
6-NA,1136,1,5806,0,5,5812,T
6-NA,1137,13,0,0,5843,5856,C
6-NA,1138,5962,2,3,0,5967,A
6-NA,1139,1,5960,0,1,5962,T
6-NA,1140,0,5960,0,0,5960,T
6-NA,1141,0,1,5964,0,5965,G
6-NA,1142,5950,0,1,0,5951,A
6-NA,1143,5971,1,9,0,5981,A
6-NA,1144,0,3,6116,0,6119,G
6-NA,1145,1,2,6127,0,6130,G
6-NA,1146,0,1,0,6083,6084,C
6-NA,1147,0,5884,0,6,5890,T
6-NA,1148,1,1,5914,0,5916,G
6-NA,1149,0,0,6057,0,6057,G
6-NA,1150,0,6046,0,7,6053,T
6-NA,1151,7,1,0,6024,6032,C
6-NA,1152,3,10,0,5996,6009,C
6-NA,1153,6011,0,8,0,6019,A
6-NA,1154,6056,2,6,0,6064,A
6-NA,1155,2,0,0,6070,6072,C
6-NA,1156,3,0,0,6045,6048,C
6-NA,1157,3,4,0,6035,6042,C
6-NA,1158,1,5679,0,11,5691,T
6-NA,1159,5710,0,0,0,5710,A
6-NA,1160,5697,0,2,1,5700,A
6-NA,1161,3,7,5735,0,5745,G
6-NA,1162,0,5687,0,6,5693,T
6-NA,1163,4,4,0,5665,5673,C
6-NA,1164,6,2,0,5558,5566,C
6-NA,1165,5542,1,2,0,5545,A
6-NA,1166,5531,0,0,0,5531,A
6-NA,1167,5529,0,0,0,5529,A
6-NA,1168,2,5543,2,0,5547,T
6-NA,1169,0,5499,1,1,5501,T
6-NA,1170,1,0,5483,0,5484,G
6-NA,1171,0,0,0,5442,5442,C
6-NA,1172,5433,2,8,0,5443,A
6-NA,1173,0,0,5473,0,5473,G
6-NA,1174,5439,2,6,1,5448,A
6-NA,1175,0,5569,3,1,5573,T
6-NA,1176,5583,0,2,0,5585,A
6-NA,1177,5561,0,3,0,5564,A
6-NA,1178,5580,0,6,0,5586,A
6-NA,1179,0,5553,1,0,5554,T
6-NA,1180,5507,3,3,0,5513,A
6-NA,1181,1,1,5520,0,5522,G
6-NA,1182,1,2,5470,0,5473,G
6-NA,1183,2,1,0,5457,5460,C
6-NA,1184,5281,0,2,0,5283,A
6-NA,1185,5339,1,3,0,5343,A
6-NA,1186,12,0,5369,0,5381,G
6-NA,1187,0,5352,0,10,5362,T
6-NA,1188,6,1,1,5355,5363,C
6-NA,1189,5395,1,4,0,5400,A
6-NA,1190,0,5377,0,1,5378,T
6-NA,1191,5461,1,3,1,5466,A
6-NA,1192,1,1,5482,0,5484,G
6-NA,1193,0,5476,1,4,5481,T
6-NA,1194,2,5266,0,1,5269,T
6-NA,1195,0,3,5176,0,5179,G
6-NA,1196,5132,1,6,0,5139,A
6-NA,1197,0,0,0,5128,5128,C
6-NA,1198,5051,0,2,0,5053,A
6-NA,1199,0,1,5130,0,5131,G
6-NA,1200,5020,0,5,1,5026,A
6-NA,1201,1,2,5276,1,5280,G
6-NA,1202,0,0,5281,0,5281,G
6-NA,1203,0,5248,0,0,5248,T
6-NA,1204,5220,0,4,0,5224,A
6-NA,1205,5199,0,5,0,5204,A
6-NA,1206,0,5216,0,1,5217,T
6-NA,1207,5194,0,3,0,5197,A
6-NA,1208,0,4,5041,0,5045,G
6-NA,1209,5,0,4886,0,4891,G
6-NA,1210,1,4267,0,4,4272,T
6-NA,1211,3,1,0,4226,4230,C
6-NA,1212,2,4,0,4187,4193,C
6-NA,1213,2,5,4218,1,4226,G
6-NA,1214,1,0,4235,0,4236,G
6-NA,1215,2,4212,0,3,4217,T
6-NA,1216,0,4206,0,0,4206,T
6-NA,1217,4165,0,0,0,4165,A
6-NA,1218,0,4083,0,0,4083,T
6-NA,1219,1,4075,0,1,4077,T
6-NA,1220,2,0,0,4086,4088,C
6-NA,1221,2,3866,1,5,3874,T
6-NA,1222,0,2,3899,0,3901,G
6-NA,1223,0,1,3912,0,3913,G
6-NA,1224,1,3890,0,4,3895,T
6-NA,1225,3883,0,0,0,3883,A
6-NA,1226,0,3828,1,3,3832,T
6-NA,1227,0,3815,1,8,3824,T
6-NA,1228,1,3808,1,5,3815,T
6-NA,1229,0,3830,0,4,3834,T
6-NA,1230,4,0,0,3843,3847,C
6-NA,1231,0,3764,1,8,3773,T
6-NA,1232,3,1,0,3792,3796,C
6-NA,1233,0,3783,0,5,3788,T
6-NA,1234,0,2,3887,0,3889,G
6-NA,1235,0,3881,0,1,3882,T
6-NA,1236,0,3862,0,1,3863,T
6-NA,1237,2,3,3852,0,3857,G
6-NA,1238,3805,2,0,0,3807,A
6-NA,1239,3804,0,5,1,3810,A
6-NA,1240,0,3,3852,0,3855,G
6-NA,1241,2,0,3837,0,3839,G
6-NA,1242,2,0,1,3841,3844,C
6-NA,1243,3770,0,1,0,3771,A
6-NA,1244,3775,1,5,0,3781,A
6-NA,1245,3771,0,1,1,3773,A
6-NA,1246,3775,0,10,0,3785,A
6-NA,1247,10,0,3783,0,3793,G
6-NA,1248,2,1,0,3781,3784,C
6-NA,1249,0,3733,1,3,3737,T
6-NA,1250,1,1,3769,0,3771,G
6-NA,1251,0,0,0,3752,3752,C
6-NA,1252,3778,0,4,0,3782,A
6-NA,1253,0,3761,1,4,3766,T
6-NA,1254,3,0,0,3736,3739,C
6-NA,1255,3742,0,0,0,3742,A
6-NA,1256,3742,0,3,0,3745,A
6-NA,1257,0,3723,0,0,3723,T
6-NA,1258,0,2,0,3744,3746,C
6-NA,1259,0,1,3703,0,3704,G
6-NA,1260,0,0,3814,0,3814,G
6-NA,1261,0,3792,0,1,3793,T
6-NA,1262,0,0,3816,0,3816,G
6-NA,1263,1,1,1,3850,3853,C
6-NA,1264,0,3828,0,6,3834,T
6-NA,1265,0,3888,0,4,3892,T
6-NA,1266,2,3880,1,2,3885,T
6-NA,1267,0,3916,0,1,3917,T
6-NA,1268,3917,14,0,0,3931,A
6-NA,1269,0,3776,0,3,3779,T
6-NA,1270,0,0,3796,0,3796,G
6-NA,1271,0,3745,0,4,3749,T
6-NA,1272,3,1,3697,0,3701,G
6-NA,1273,1,4,3751,0,3756,G
6-NA,1274,3647,0,3,0,3650,A
6-NA,1275,2,0,3725,0,3727,G
6-NA,1276,0,3700,0,0,3700,T
6-NA,1277,0,3676,0,2,3678,T
6-NA,1278,0,2,3725,0,3727,G
6-NA,1279,3710,0,3,0,3713,A
6-NA,1280,0,3727,1,1,3729,T
6-NA,1281,3710,0,1,0,3711,A
6-NA,1282,3584,1,6,2,3593,A
6-NA,1283,0,7,3619,0,3626,G
6-NA,1284,0,3,3575,0,3578,G
6-NA,1285,1,1,3536,0,3538,G
6-NA,1286,0,2,3549,0,3551,G
6-NA,1287,3492,0,3,0,3495,A
6-NA,1288,3486,1,3,0,3490,A
6-NA,1289,1,1,3530,0,3532,G
6-NA,1290,3523,1,0,0,3524,A
6-NA,1291,3514,0,3,0,3517,A
6-NA,1292,3480,0,0,1,3481,A
6-NA,1293,3416,0,2,0,3418,A
6-NA,1294,0,2,3430,0,3432,G
6-NA,1295,3387,0,3,0,3390,A
6-NA,1296,0,3,3392,0,3395,G
6-NA,1297,0,1,3397,0,3398,G
6-NA,1298,3347,1,1,0,3349,A
6-NA,1299,3343,0,5,0,3348,A
6-NA,1300,3368,1,2,0,3371,A
6-NA,1301,0,0,0,3392,3392,C
6-NA,1302,0,3371,0,2,3373,T
6-NA,1303,5,1,3382,0,3388,G
6-NA,1304,3341,0,34,0,3375,A
6-NA,1305,3366,0,2,0,3368,A
6-NA,1306,0,0,3402,0,3402,G
6-NA,1307,0,3361,0,4,3365,T
6-NA,1308,1,1,0,3426,3428,C
6-NA,1309,1,3407,1,5,3414,T
6-NA,1310,0,3383,0,2,3385,T
6-NA,1311,0,0,3387,0,3387,G
6-NA,1312,0,3376,0,1,3377,T
6-NA,1313,0,3,3367,0,3370,G
6-NA,1314,0,3,3361,0,3364,G
6-NA,1315,3342,0,7,0,3349,A
6-NA,1316,0,1,0,3369,3370,C
6-NA,1317,2,0,0,3278,3280,C
6-NA,1318,1,3266,1,8,3276,T
6-NA,1319,2,1,0,3288,3291,C
6-NA,1320,3290,1,1,1,3293,A
6-NA,1321,3302,0,0,1,3303,A
6-NA,1322,3304,0,1,0,3305,A
6-NA,1323,1,0,0,3355,3356,C
6-NA,1324,3246,0,0,0,3246,A
6-NA,1325,1,1,3352,0,3354,G
6-NA,1326,0,3297,1,2,3300,T
6-NA,1327,3311,0,0,0,3311,A
6-NA,1328,0,3300,0,2,3302,T
6-NA,1329,1,3249,0,1,3251,T
6-NA,1330,2,0,3288,0,3290,G
6-NA,1331,0,3271,0,1,3272,T
6-NA,1332,1,3122,0,0,3123,T
6-NA,1333,1,0,3143,0,3144,G
6-NA,1334,1,2919,0,0,2920,T
6-NA,1335,3,0,2942,0,2945,G
6-NA,1336,0,2926,0,3,2929,T
6-NA,1337,0,2889,1,1,2891,T
6-NA,1338,1,2884,0,1,2886,T
6-NA,1339,1,2808,0,0,2809,T
6-NA,1340,0,0,2813,0,2813,G
6-NA,1341,1,2808,1,0,2810,T
6-NA,1342,0,0,2789,0,2789,G
6-NA,1343,2,1,2780,0,2783,G
6-NA,1344,0,0,0,2741,2741,C
6-NA,1345,2747,0,5,0,2752,A
6-NA,1346,1,0,0,2766,2767,C
6-NA,1347,1,4,0,2757,2762,C
6-NA,1348,0,2745,0,6,2751,T
6-NA,1349,2,1,0,2775,2778,C
6-NA,1350,2788,1,3,0,2792,A
6-NA,1351,0,3,2807,0,2810,G
6-NA,1352,0,0,2813,0,2813,G
6-NA,1353,0,2798,0,2,2800,T
6-NA,1354,2805,0,0,0,2805,A
6-NA,1355,0,0,0,2681,2681,C
6-NA,1356,2682,1,0,0,2683,A
6-NA,1357,0,2672,2,1,2675,T
6-NA,1358,2596,0,3,0,2599,A
6-NA,1359,0,2586,0,1,2587,T
6-NA,1360,1,2,2398,0,2401,G
6-NA,1361,0,3,2403,0,2406,G
6-NA,1362,2379,0,0,0,2379,A
6-NA,1363,2365,1,0,0,2366,A
6-NA,1364,0,0,0,2339,2339,C
6-NA,1365,1976,0,1,0,1977,A
6-NA,1366,0,1,1981,0,1982,G
6-NA,1367,1,0,1970,0,1971,G
6-NA,1368,0,0,0,1975,1975,C
6-NA,1369,2,1952,1,2,1957,T
6-NA,1370,4,0,0,1862,1866,C
6-NA,1371,1870,0,1,0,1871,A
6-NA,1372,0,1866,2,3,1871,T
6-NA,1373,4,1,1861,0,1866,G
6-NA,1374,0,0,1860,0,1860,G
6-NA,1375,2,1,0,1791,1794,C
6-NA,1376,0,0,0,1793,1793,C
6-NA,1377,0,1666,1,2,1669,T
6-NA,1378,1,0,1671,0,1672,G
6-NA,1379,1660,0,2,0,1662,A
6-NA,1380,0,1661,0,0,1661,T
6-NA,1381,0,1,1634,0,1635,G
6-NA,1382,0,1,1602,0,1603,G
6-NA,1383,0,0,1505,0,1505,G
6-NA,1384,2,0,1512,0,1514,G
6-NA,1385,0,1,0,1483,1484,C
6-NA,1386,3,2,1481,0,1486,G
6-NA,1387,0,1,1452,0,1453,G
6-NA,1388,1454,2,2,0,1458,A
6-NA,1389,3,0,0,1441,1444,C
6-NA,1390,1453,1,0,0,1454,A
6-NA,1391,0,1424,1,3,1428,T
6-NA,1392,1,0,0,1415,1416,C
6-NA,1393,1399,0,1,0,1400,A
6-NA,1394,1404,0,1,0,1405,A
6-NA,1395,0,1396,0,0,1396,T
6-NA,1396,2,0,0,1364,1366,C
6-NA,1397,0,1315,0,0,1315,T
6-NA,1398,0,0,0,1147,1147,C
6-NA,1399,1136,0,1,0,1137,A
6-NA,1400,0,1124,0,0,1124,T
6-NA,1401,0,0,1127,0,1127,G
6-NA,1402,0,14,0,1095,1109,C
6-NA,1403,1,0,0,1078,1079,C
6-NA,1404,0,965,1,1,967,T
6-NA,1405,960,0,0,0,960,A
6-NA,1406,0,960,0,0,960,T
6-NA,1407,942,0,0,0,942,A
6-NA,1408,0,937,0,0,937,T
6-NA,1409,853,0,0,0,853,A
6-NA,1410,805,0,0,0,805,A
7-M,1,222,0,0,0,222,A
7-M,2,0,228,0,0,228,T
7-M,3,0,0,226,0,226,G
7-M,4,231,0,0,0,231,A
7-M,5,0,0,250,0,250,G
7-M,6,0,1,0,273,274,C
7-M,7,0,0,0,289,289,C
7-M,8,0,367,0,1,368,T
7-M,9,0,375,0,0,375,T
7-M,10,0,0,0,376,376,C
7-M,11,0,372,0,0,372,T
7-M,12,384,0,0,0,384,A
7-M,13,387,0,0,0,387,A
7-M,14,0,0,0,387,387,C
7-M,15,0,0,0,387,387,C
7-M,16,0,1,387,0,388,G
7-M,17,388,0,2,0,390,A
7-M,18,0,1,399,0,400,G
7-M,19,0,0,426,0,426,G
7-M,20,0,427,0,0,427,T
7-M,21,0,0,0,425,425,C
7-M,22,1,0,425,0,426,G
7-M,23,435,0,0,0,435,A
7-M,24,432,0,0,0,432,A
7-M,25,438,1,0,0,439,A
7-M,26,0,1,0,497,498,C
7-M,27,0,0,508,0,508,G
7-M,28,0,507,0,0,507,T
7-M,29,511,0,0,0,511,A
7-M,30,0,510,0,3,513,T
7-M,31,0,0,526,0,526,G
7-M,32,0,525,0,0,525,T
7-M,33,0,573,0,0,573,T
7-M,34,0,0,0,593,593,C
7-M,35,0,589,0,0,589,T
7-M,36,1,0,0,622,623,C
7-M,37,1,622,0,1,624,T
7-M,38,0,1,0,656,657,C
7-M,39,0,651,0,0,651,T
7-M,40,658,0,0,0,658,A
7-M,41,0,657,0,0,657,T
7-M,42,0,0,0,664,664,C
7-M,43,2,0,666,0,668,G
7-M,44,0,671,0,0,671,T
7-M,45,0,669,0,0,669,T
7-M,46,1,0,0,688,689,C
7-M,47,0,1,0,711,712,C
7-M,48,724,0,0,0,724,A
7-M,49,0,726,0,1,727,T
7-M,50,0,1,0,725,726,C
7-M,51,724,0,1,0,725,A
7-M,52,1,1,735,0,737,G
7-M,53,0,1,732,0,733,G
7-M,54,0,0,0,733,733,C
7-M,55,0,1,0,728,729,C
7-M,56,1,0,0,739,740,C
7-M,57,0,0,0,770,770,C
7-M,58,1,0,0,774,775,C
7-M,59,0,768,0,1,769,T
7-M,60,1,0,0,780,781,C
7-M,61,772,0,0,0,772,A
7-M,62,778,0,1,0,779,A
7-M,63,796,1,4,0,801,A
7-M,64,0,0,813,1,814,G
7-M,65,1,0,0,816,817,C
7-M,66,0,0,0,814,814,C
7-M,67,3,3,806,0,812,G
7-M,68,808,1,0,0,809,A
7-M,69,0,2,814,0,816,G
7-M,70,812,0,0,0,812,A
7-M,71,0,819,0,0,819,T
7-M,72,0,0,0,817,817,C
7-M,73,0,0,821,0,821,G
7-M,74,0,0,0,828,828,C
7-M,75,0,0,831,0,831,G
7-M,76,0,0,0,828,828,C
7-M,77,824,0,0,0,824,A
7-M,78,0,0,834,0,834,G
7-M,79,823,0,0,1,824,A
7-M,80,0,0,904,0,904,G
7-M,81,909,0,0,0,909,A
7-M,82,0,0,0,925,925,C
7-M,83,0,922,0,0,922,T
7-M,84,0,921,0,0,921,T
7-M,85,0,1,934,0,935,G
7-M,86,932,0,0,0,932,A
7-M,87,929,0,2,0,931,A
7-M,88,1,0,933,0,934,G
7-M,89,914,0,0,0,914,A
7-M,90,0,927,0,0,927,T
7-M,91,0,0,926,0,926,G
7-M,92,0,921,0,1,922,T
7-M,93,0,0,0,926,926,C
7-M,94,0,924,0,1,925,T
7-M,95,0,922,0,0,922,T
7-M,96,0,930,0,0,930,T
7-M,97,0,0,931,0,931,G
7-M,98,0,3,0,926,929,C
7-M,99,0,924,0,0,924,T
7-M,100,0,1,930,0,931,G
7-M,101,0,1,925,0,926,G
7-M,102,0,0,958,0,958,G
7-M,103,950,1,0,0,951,A
7-M,104,953,0,2,0,955,A
7-M,105,953,1,0,0,954,A
7-M,106,951,0,4,0,955,A
7-M,107,974,0,1,0,975,A
7-M,108,0,0,0,987,987,C
7-M,109,985,0,2,0,987,A
7-M,110,0,0,0,990,990,C
7-M,111,981,0,1,0,982,A
7-M,112,0,0,1014,0,1014,G
7-M,113,1025,0,0,0,1025,A
7-M,114,0,1043,0,0,1043,T
7-M,115,0,0,0,1057,1057,C
7-M,116,0,1054,0,0,1054,T
7-M,117,0,1054,0,2,1056,T
7-M,118,0,0,1054,0,1054,G
7-M,119,1044,1,0,0,1045,A
7-M,120,0,0,1051,1,1052,G
7-M,121,0,0,1042,0,1042,G
7-M,122,0,0,0,1048,1048,C
7-M,123,0,1036,0,2,1038,T
7-M,124,1,0,0,1178,1179,C
7-M,125,0,1177,0,2,1179,T
7-M,126,2,0,0,1186,1188,C
7-M,127,1189,0,1,0,1190,A
7-M,128,0,1191,0,1,1192,T
7-M,129,0,2,1192,0,1194,G
7-M,130,0,1,1195,0,1196,G
7-M,131,1188,0,1,0,1189,A
7-M,132,1190,0,2,0,1192,A
7-M,133,0,1152,0,0,1152,T
7-M,134,0,1,1221,0,1222,G
7-M,135,0,0,1298,0,1298,G
7-M,136,0,0,0,1304,1304,C
7-M,137,0,1294,0,0,1294,T
7-M,138,1293,0,2,0,1295,A
7-M,139,1295,0,1,0,1296,A
7-M,140,1326,0,1,0,1327,A
7-M,141,0,0,1348,0,1348,G
7-M,142,1339,4,2,0,1345,A
7-M,143,0,0,0,1338,1338,C
7-M,144,1281,0,0,0,1281,A
7-M,145,1281,0,6,0,1287,A
7-M,146,0,3,1317,0,1320,G
7-M,147,1316,0,4,0,1320,A
7-M,148,0,0,0,1323,1323,C
7-M,149,0,0,0,1312,1312,C
7-M,150,1312,0,0,0,1312,A
7-M,151,1335,0,0,0,1335,A
7-M,152,0,1340,0,0,1340,T
7-M,153,0,1338,0,1,1339,T
7-M,154,1,1,0,1355,1357,C
7-M,155,0,1345,0,0,1345,T
7-M,156,0,0,1351,0,1351,G
7-M,157,0,1353,0,1,1354,T
7-M,158,0,1,0,1351,1352,C
7-M,159,1347,0,4,0,1351,A
7-M,160,0,1,0,1406,1407,C
7-M,161,0,0,0,1407,1407,C
7-M,162,0,1395,1,0,1396,T
7-M,163,0,2,0,1404,1406,C
7-M,164,0,1398,0,0,1398,T
7-M,165,0,1,1463,0,1464,G
7-M,166,1455,0,2,0,1457,A
7-M,167,0,0,1,1459,1460,C
7-M,168,0,1466,0,0,1466,T
7-M,169,1443,0,0,0,1443,A
7-M,170,1435,0,3,1,1439,A
7-M,171,0,2,1448,1,1451,G
7-M,172,0,0,1443,0,1443,G
7-M,173,1,0,1449,0,1450,G
7-M,174,0,0,1445,1,1446,G
7-M,175,1457,0,0,0,1457,A
7-M,176,0,1465,0,1,1466,T
7-M,177,1,1461,0,0,1462,T
7-M,178,0,1465,0,0,1465,T
7-M,179,2,1474,0,0,1476,T
7-M,180,0,2,1471,0,1473,G
7-M,181,1,1,1474,0,1476,G
7-M,182,1,0,1481,0,1482,G
7-M,183,1,0,1484,0,1485,G
7-M,184,0,1454,0,0,1454,T
7-M,185,0,1458,0,0,1458,T
7-M,186,0,1457,0,0,1457,T
7-M,187,0,0,1492,0,1492,G
7-M,188,0,1500,0,1,1501,T
7-M,189,0,0,1513,0,1513,G
7-M,190,0,1511,0,0,1511,T
7-M,191,0,1511,0,0,1511,T
7-M,192,1,0,0,1514,1515,C
7-M,193,1515,0,1,0,1516,A
7-M,194,0,1,0,1553,1554,C
7-M,195,0,0,1546,0,1546,G
7-M,196,0,2,0,1544,1546,C
7-M,197,0,1520,0,3,1523,T
7-M,198,1,1,0,1573,1575,C
7-M,199,1596,0,1,0,1597,A
7-M,200,0,1,0,1618,1619,C
7-M,201,1,2,0,1614,1617,C
7-M,202,2,0,1623,1,1626,G
7-M,203,0,1618,2,2,1622,T
7-M,204,1,0,1621,0,1622,G
7-M,205,0,1,0,1630,1631,C
7-M,206,1,1,1,1618,1621,C
7-M,207,1,0,0,1632,1633,C
7-M,208,1612,0,2,0,1614,A
7-M,209,0,1,1640,0,1641,G
7-M,210,0,1634,0,1,1635,T
7-M,211,0,4,1641,0,1645,G
7-M,212,1646,0,1,0,1647,A
7-M,213,1,0,1659,0,1660,G
7-M,214,1,1,0,1651,1653,C
7-M,215,4,2,1646,0,1652,G
7-M,216,1641,0,0,0,1641,A
7-M,217,0,1,1666,0,1667,G
7-M,218,0,1,1666,0,1667,G
7-M,219,1647,2,0,0,1649,A
7-M,220,0,3,0,1696,1699,C
7-M,221,0,1668,0,2,1670,T
7-M,222,0,0,1682,0,1682,G
7-M,223,1,2,0,1674,1677,C
7-M,224,1681,0,2,0,1683,A
7-M,225,0,0,1719,0,1719,G
7-M,226,0,0,0,1703,1703,C
7-M,227,0,0,1719,0,1719,G
7-M,228,0,1722,0,0,1722,T
7-M,229,1698,0,0,0,1698,A
7-M,230,1,0,1700,0,1701,G
7-M,231,1700,0,1,0,1701,A
7-M,232,0,0,0,1707,1707,C
7-M,233,2,0,1710,0,1712,G
7-M,234,0,1,0,1692,1693,C
7-M,235,0,1661,1,1,1663,T
7-M,236,0,1661,0,0,1661,T
7-M,237,0,1658,0,0,1658,T
7-M,238,1,0,1704,1,1706,G
7-M,239,2,1702,0,1,1705,T
7-M,240,0,0,1,1701,1702,C
7-M,241,0,0,0,1709,1709,C
7-M,242,1709,0,0,0,1709,A
7-M,243,1708,0,0,0,1708,A
7-M,244,1700,0,0,0,1700,A
7-M,245,1693,0,5,0,1698,A
7-M,246,0,1711,0,0,1711,T
7-M,247,2,1,1680,1,1684,G
7-M,248,0,0,0,1683,1683,C
7-M,249,1,0,0,1685,1686,C
7-M,250,0,0,1,1702,1703,C
7-M,251,1,1687,0,0,1688,T
7-M,252,1,0,0,1775,1776,C
7-M,253,1783,0,0,0,1783,A
7-M,254,1792,0,0,0,1792,A
7-M,255,0,1802,0,0,1802,T
7-M,256,0,4,1806,0,1810,G
7-M,257,1,1,1820,0,1822,G
7-M,258,0,0,1839,0,1839,G
7-M,259,1820,0,2,0,1822,A
7-M,260,1821,0,0,1,1822,A
7-M,261,0,1796,0,0,1796,T
7-M,262,2,0,1793,0,1795,G
7-M,263,0,0,1786,0,1786,G
7-M,264,1759,0,3,0,1762,A
7-M,265,2,0,1760,0,1762,G
7-M,266,1752,0,3,0,1755,A
7-M,267,1,1,0,1720,1722,C
7-M,268,3,0,0,1788,1791,C
7-M,269,2,0,0,1805,1807,C
7-M,270,1834,0,0,0,1834,A
7-M,271,1837,0,1,0,1838,A
7-M,272,1835,0,2,0,1837,A
7-M,273,0,1853,0,1,1854,T
7-M,274,1905,0,0,0,1905,A
7-M,275,1912,0,1,0,1913,A
7-M,276,0,1,0,1867,1868,C
7-M,277,1855,1,2,0,1858,A
7-M,278,1,1849,0,3,1853,T
7-M,279,0,0,1876,0,1876,G
7-M,280,1,1,1876,0,1878,G
7-M,281,1877,1,1,0,1879,A
7-M,282,0,2,0,1869,1871,C
7-M,283,1840,0,0,0,1840,A
7-M,284,1849,0,2,0,1851,A
7-M,285,1828,0,0,10,1838,A
7-M,286,0,0,1857,0,1857,G
7-M,287,0,0,0,1891,1891,C
7-M,288,1868,0,0,0,1868,A
7-M,289,4,0,1900,0,1904,G
7-M,290,0,1897,0,0,1897,T
7-M,291,1,1895,0,0,1896,T
7-M,292,1908,0,1,0,1909,A
7-M,293,1908,0,1,1,1910,A
7-M,294,1913,0,3,0,1916,A
7-M,295,0,0,0,1949,1949,C
7-M,296,0,1900,0,2,1902,T
7-M,297,0,0,2143,0,2143,G
7-M,298,0,2124,0,1,2125,T
7-M,299,2145,0,0,0,2145,A
7-M,300,0,2136,0,0,2136,T
7-M,301,2128,0,3,0,2131,A
7-M,302,0,1,2147,0,2148,G
7-M,303,0,1,2141,0,2142,G
7-M,304,2125,1,1,0,2127,A
7-M,305,2124,0,1,0,2125,A
7-M,306,2048,1,0,0,2049,A
7-M,307,0,0,0,2082,2082,C
7-M,308,0,2066,0,0,2066,T
7-M,309,1,2075,1,0,2077,T
7-M,310,2076,0,0,1,2077,A
7-M,311,2064,1,0,0,2065,A
7-M,312,0,1,2074,0,2075,G
7-M,313,2038,0,5,0,2043,A
7-M,314,0,3,2052,0,2055,G
7-M,315,1930,0,2,0,1932,A
7-M,316,0,1,2000,0,2001,G
7-M,317,2001,2,3,0,2006,A
7-M,318,0,1,2037,0,2038,G
7-M,319,2038,0,6,0,2044,A
7-M,320,0,2052,0,0,2052,T
7-M,321,2045,0,1,0,2046,A
7-M,322,2043,0,3,0,2046,A
7-M,323,0,0,0,2060,2060,C
7-M,324,1,0,2051,0,2052,G
7-M,325,0,2055,0,1,2056,T
7-M,326,0,2041,0,0,2041,T
7-M,327,2,1,0,2053,2056,C
7-M,328,1,1,1,2035,2038,C
7-M,329,2036,0,3,0,2039,A
7-M,330,0,2037,0,0,2037,T
7-M,331,1,5,2013,0,2019,G
7-M,332,1,4,2017,0,2022,G
7-M,333,1,1,1999,0,2001,G
7-M,334,1,2,2019,0,2022,G
7-M,335,0,0,0,2016,2016,C
7-M,336,1,0,0,2009,2010,C
7-M,337,2022,0,1,0,2023,A
7-M,338,2038,1,0,0,2039,A
7-M,339,2033,0,4,0,2037,A
7-M,340,0,1,2056,0,2057,G
7-M,341,2051,0,1,0,2052,A
7-M,342,2032,0,0,0,2032,A
7-M,343,2034,0,1,0,2035,A
7-M,344,0,2041,0,0,2041,T
7-M,345,2034,0,1,0,2035,A
7-M,346,0,0,2041,0,2041,G
7-M,347,1,2,0,2030,2033,C
7-M,348,0,1998,0,2,2000,T
7-M,349,0,0,0,2016,2016,C
7-M,350,1,2000,0,1,2002,T
7-M,351,0,0,0,2092,2092,C
7-M,352,2092,0,0,0,2092,A
7-M,353,0,0,2103,0,2103,G
7-M,354,0,2070,0,4,2074,T
7-M,355,0,2084,0,1,2085,T
7-M,356,2102,0,1,0,2103,A
7-M,357,0,2099,0,0,2099,T
7-M,358,0,2085,1,0,2086,T
7-M,359,1,1,1,2102,2105,C
7-M,360,1,2052,1,0,2054,T
7-M,361,2,0,2075,0,2077,G
7-M,362,0,2,0,2088,2090,C
7-M,363,1,2076,0,3,2080,T
7-M,364,1,0,2071,0,2072,G
7-M,365,1,1,2072,0,2074,G
7-M,366,0,2082,0,3,2085,T
7-M,367,1,1,2075,0,2077,G
7-M,368,0,3,0,2070,2073,C
7-M,369,2082,1,0,0,2083,A
7-M,370,0,0,1,2083,2084,C
7-M,371,0,2053,0,0,2053,T
7-M,372,0,2086,0,1,2087,T
7-M,373,0,1,2075,0,2076,G
7-M,374,0,1,0,2074,2075,C
7-M,375,2,0,0,2089,2091,C
7-M,376,2076,1,0,1,2078,A
7-M,377,0,0,2126,0,2126,G
7-M,378,2,2107,0,2,2111,T
7-M,379,0,2114,0,0,2114,T
7-M,380,0,0,2121,1,2122,G
7-M,381,0,2067,0,2,2069,T
7-M,382,2141,0,3,0,2144,A
7-M,383,0,2140,1,0,2141,T
7-M,384,1,4,2134,0,2139,G
7-M,385,3,1,2139,0,2143,G
7-M,386,2,1,2147,0,2150,G
7-M,387,0,1,0,2167,2168,C
7-M,388,2,0,0,2192,2194,C
7-M,389,0,2163,1,3,2167,T
7-M,390,3,0,0,2202,2205,C
7-M,391,2311,1,0,0,2312,A
7-M,392,1,2327,0,0,2328,T
7-M,393,2411,0,0,0,2411,A
7-M,394,1,2388,1,0,2390,T
7-M,395,2352,1,3,1,2357,A
7-M,396,1,2,0,2485,2488,C
7-M,397,2402,0,0,0,2402,A
7-M,398,2410,0,0,0,2410,A
7-M,399,0,2387,0,2,2389,T
7-M,400,2276,0,3,0,2279,A
7-M,401,0,0,2312,0,2312,G
7-M,402,0,1,2280,0,2281,G
7-M,403,2258,1,1,1,2261,A
7-M,404,0,2265,0,1,2266,T
7-M,405,0,1,2126,0,2127,G
7-M,406,2,3,2119,0,2124,G
7-M,407,1,4,2111,0,2116,G
7-M,408,0,1,2133,0,2134,G
7-M,409,1,1,2128,1,2131,G
7-M,410,0,0,0,2126,2126,C
7-M,411,0,2085,0,2,2087,T
7-M,412,0,0,2093,1,2094,G
7-M,413,0,2097,0,0,2097,T
7-M,414,2100,0,0,0,2100,A
7-M,415,2087,1,0,0,2088,A
7-M,416,0,0,1,2098,2099,C
7-M,417,0,1,0,2077,2078,C
7-M,418,2054,0,0,0,2054,A
7-M,419,1,0,0,2048,2049,C
7-M,420,0,2057,0,0,2057,T
7-M,421,0,0,2062,0,2062,G
7-M,422,2052,0,0,0,2052,A
7-M,423,2047,0,2,0,2049,A
7-M,424,0,0,2062,0,2062,G
7-M,425,0,2024,0,1,2025,T
7-M,426,2,2,2017,0,2021,G
7-M,427,2,0,2030,0,2032,G
7-M,428,2,2,1,2034,2039,C
7-M,429,2043,0,1,0,2044,A
7-M,430,0,2024,0,0,2024,T
7-M,431,0,2028,1,0,2029,T
7-M,432,0,2023,0,2,2025,T
7-M,433,0,1,2080,0,2081,G
7-M,434,1,1,2084,0,2086,G
7-M,435,1,1,0,2082,2084,C
7-M,436,0,0,0,2076,2076,C
7-M,437,0,2049,0,2,2051,T
7-M,438,1,0,2124,0,2125,G
7-M,439,2,1,2148,0,2151,G
7-M,440,1,2157,0,1,2159,T
7-M,441,2157,0,0,0,2157,A
7-M,442,0,2080,0,0,2080,T
7-M,443,2,0,2108,0,2110,G
7-M,444,0,2116,0,5,2121,T
7-M,445,0,0,2106,0,2106,G
7-M,446,1,0,2,2109,2112,C
7-M,447,2040,1,0,0,2041,A
7-M,448,2035,1,2,0,2038,A
7-M,449,0,0,0,2066,2066,C
7-M,450,2067,0,0,0,2067,A
7-M,451,0,2076,0,0,2076,T
7-M,452,1,0,2049,0,2050,G
7-M,453,0,1992,0,1,1993,T
7-M,454,1,5,1991,0,1997,G
7-M,455,1960,0,1,0,1961,A
7-M,456,1,1,1972,0,1974,G
7-M,457,1,0,0,1972,1973,C
7-M,458,1914,0,0,1,1915,A
7-M,459,0,0,1927,1,1928,G
7-M,460,1903,0,0,0,1903,A
7-M,461,0,1903,1,1,1905,T
7-M,462,1,1906,0,2,1909,T
7-M,463,0,0,1905,0,1905,G
7-M,464,0,0,0,1902,1902,C
7-M,465,0,1903,0,1,1904,T
7-M,466,0,0,1896,0,1896,G
7-M,467,1892,1,0,0,1893,A
7-M,468,0,0,0,2013,2013,C
7-M,469,0,1999,0,1,2000,T
7-M,470,1,0,0,2013,2014,C
7-M,471,3,2,0,1994,1999,C
7-M,472,3,2,0,2004,2009,C
7-M,473,2011,0,1,0,2012,A
7-M,474,0,1,2029,0,2030,G
7-M,475,1,1,0,2012,2014,C
7-M,476,2033,0,1,0,2034,A
7-M,477,0,2,0,2025,2027,C
7-M,478,1887,0,1,0,1888,A
7-M,479,1,0,1927,0,1928,G
7-M,480,0,2,1932,0,1934,G
7-M,481,0,1924,0,1,1925,T
7-M,482,0,2,0,1957,1959,C
7-M,483,1,1912,1,6,1920,T
7-M,484,1,0,0,1935,1936,C
7-M,485,1934,0,2,0,1936,A
7-M,486,0,1933,0,1,1934,T
7-M,487,1936,0,1,0,1937,A
7-M,488,1,2,1907,0,1910,G
7-M,489,0,1,1900,0,1901,G
7-M,490,0,0,0,1896,1896,C
7-M,491,1807,0,0,0,1807,A
7-M,492,0,0,1780,0,1780,G
7-M,493,1793,0,1,0,1794,A
7-M,494,0,1795,0,0,1795,T
7-M,495,1,0,1791,1,1793,G
7-M,496,0,0,1785,0,1785,G
7-M,497,0,1772,0,3,1775,T
7-M,498,2,0,1789,1,1792,G
7-M,499,2,0,1787,0,1789,G
7-M,500,1,0,0,1780,1781,C
7-M,501,1774,0,0,0,1774,A
7-M,502,1780,0,0,0,1780,A
7-M,503,0,0,0,1792,1792,C
7-M,504,1792,0,0,0,1792,A
7-M,505,1793,0,0,0,1793,A
7-M,506,0,0,0,1788,1788,C
7-M,507,2,1,0,1768,1771,C
7-M,508,1763,0,0,0,1763,A
7-M,509,1747,0,1,0,1748,A
7-M,510,0,1752,1,1,1754,T
7-M,511,1,1,0,1756,1758,C
7-M,512,3,0,0,1741,1744,C
7-M,513,1726,0,0,0,1726,A
7-M,514,0,1724,0,1,1725,T
7-M,515,0,1712,0,0,1712,T
7-M,516,1724,0,0,0,1724,A
7-M,517,1726,0,0,0,1726,A
7-M,518,0,1728,0,1,1729,T
7-M,519,1721,0,0,0,1721,A
7-M,520,1717,1,0,0,1718,A
7-M,521,1686,0,0,0,1686,A
7-M,522,1711,0,0,0,1711,A
7-M,523,0,0,0,1756,1756,C
7-M,524,1752,0,1,0,1753,A
7-M,525,0,1743,0,0,1743,T
7-M,526,0,3,1741,0,1744,G
7-M,527,1734,0,3,0,1737,A
7-M,528,1,0,1748,0,1749,G
7-M,529,1731,0,1,0,1732,A
7-M,530,1750,0,0,0,1750,A
7-M,531,0,1,0,1758,1759,C
7-M,532,1689,0,0,0,1689,A
7-M,533,2,1,1704,0,1707,G
7-M,534,1673,1,9,0,1683,A
7-M,535,1691,0,0,0,1691,A
7-M,536,0,1686,0,0,1686,T
7-M,537,0,1,1682,0,1683,G
7-M,538,0,0,1691,0,1691,G
7-M,539,1,1674,0,1,1676,T
7-M,540,0,1627,0,1,1628,T
7-M,541,0,1665,2,0,1667,T
7-M,542,0,1671,1,0,1672,T
7-M,543,1,2,1687,0,1690,G
7-M,544,1,0,1685,0,1686,G
7-M,545,0,0,0,1688,1688,C
7-M,546,2,1,0,1679,1682,C
7-M,547,1626,0,1,0,1627,A
7-M,548,1,0,1686,0,1687,G
7-M,549,1,0,0,1679,1680,C
7-M,550,1706,0,0,0,1706,A
7-M,551,1,1,0,1726,1728,C
7-M,552,1,1707,1,1,1710,T
7-M,553,1715,0,0,0,1715,A
7-M,554,0,1,0,1726,1727,C
7-M,555,1741,0,3,0,1744,A
7-M,556,1,1,1761,0,1763,G
7-M,557,0,0,0,1721,1721,C
7-M,558,1,1690,0,2,1693,T
7-M,559,1697,0,2,0,1699,A
7-M,560,1640,0,1,0,1641,A
7-M,561,1,0,1670,0,1671,G
7-M,562,1,0,1679,0,1680,G
7-M,563,1,0,0,1681,1682,C
7-M,564,0,1601,0,1,1602,T
7-M,565,1596,0,0,0,1596,A
7-M,566,0,1603,0,0,1603,T
7-M,567,0,1,1604,0,1605,G
7-M,568,0,0,1609,0,1609,G
7-M,569,1570,0,1,1,1572,A
7-M,570,1,0,1587,0,1588,G
7-M,571,0,0,0,1555,1555,C
7-M,572,1549,0,0,0,1549,A
7-M,573,1550,0,0,0,1550,A
7-M,574,1540,0,0,0,1540,A
7-M,575,0,1560,0,0,1560,T
7-M,576,0,2,1560,1,1563,G
7-M,577,1,0,1543,0,1544,G
7-M,578,1,0,0,1542,1543,C
7-M,579,0,1513,0,2,1515,T
7-M,580,2,1,1524,0,1527,G
7-M,581,1,0,1543,0,1544,G
7-M,582,1542,0,1,0,1543,A
7-M,583,1,1532,0,0,1533,T
7-M,584,2,0,1,1508,1511,C
7-M,585,1513,0,0,0,1513,A
7-M,586,1525,0,1,0,1526,A
7-M,587,0,0,1539,0,1539,G
7-M,588,1,1518,1,1,1521,T
7-M,589,0,0,1517,0,1517,G
7-M,590,1499,0,3,2,1504,A
7-M,591,1483,0,2,0,1485,A
7-M,592,0,0,0,1490,1490,C
7-M,593,1498,0,0,0,1498,A
7-M,594,0,0,1502,0,1502,G
7-M,595,0,0,1487,0,1487,G
7-M,596,1,0,0,1489,1490,C
7-M,597,1467,0,3,0,1470,A
7-M,598,0,0,1485,0,1485,G
7-M,599,1,0,0,1482,1483,C
7-M,600,0,0,1484,0,1484,G
7-M,601,0,1,1476,0,1477,G
7-M,602,1461,0,1,0,1462,A
7-M,603,1,1,1478,0,1480,G
7-M,604,0,1,1512,0,1513,G
7-M,605,0,0,1,1503,1504,C
7-M,606,2,0,0,1511,1513,C
7-M,607,1507,0,0,0,1507,A
7-M,608,0,1503,1,0,1504,T
7-M,609,0,1,1509,0,1510,G
7-M,610,0,1,1516,0,1517,G
7-M,611,1500,0,0,0,1500,A
7-M,612,0,0,1496,0,1496,G
7-M,613,1443,0,0,0,1443,A
7-M,614,2,1476,0,0,1478,T
7-M,615,0,1466,0,0,1466,T
7-M,616,0,0,1478,0,1478,G
7-M,617,0,0,1,1477,1478,C
7-M,618,0,1481,0,0,1481,T
7-M,619,1497,0,0,0,1497,A
7-M,620,2,0,1496,0,1498,G
7-M,621,0,1479,0,2,1481,T
7-M,622,4,0,0,1477,1481,C
7-M,623,1442,0,0,0,1442,A
7-M,624,0,0,1464,0,1464,G
7-M,625,2,1,1453,0,1456,G
7-M,626,0,1,0,1452,1453,C
7-M,627,1,0,0,1454,1455,C
7-M,628,1451,0,3,0,1454,A
7-M,629,2,1,1468,0,1471,G
7-M,630,1,3,1458,0,1462,G
7-M,631,0,1,0,1467,1468,C
7-M,632,1470,0,1,1,1472,A
7-M,633,0,1,1459,0,1460,G
7-M,634,1452,0,0,0,1452,A
7-M,635,0,1449,0,0,1449,T
7-M,636,4,2,1458,0,1464,G
7-M,637,1,1,1497,0,1499,G
7-M,638,0,1470,0,0,1470,T
7-M,639,1,0,1470,0,1471,G
7-M,640,0,0,0,1466,1466,C
7-M,641,1458,0,0,0,1458,A
7-M,642,0,0,1495,0,1495,G
7-M,643,1,0,1482,0,1483,G
7-M,644,0,0,0,1484,1484,C
7-M,645,1490,0,1,0,1491,A
7-M,646,1452,0,1,0,1453,A
7-M,647,0,1437,0,0,1437,T
7-M,648,0,2,1440,0,1442,G
7-M,649,1435,0,1,0,1436,A
7-M,650,0,0,1440,0,1440,G
7-M,651,1383,0,2,0,1385,A
7-M,652,0,0,1403,0,1403,G
7-M,653,0,0,0,1420,1420,C
7-M,654,3,1,0,1452,1456,C
7-M,655,1459,0,2,0,1461,A
7-M,656,1,1451,0,0,1452,T
7-M,657,1,1452,0,1,1454,T
7-M,658,2,2,1450,0,1454,G
7-M,659,0,0,1445,0,1445,G
7-M,660,0,1,1454,0,1455,G
7-M,661,1464,0,1,0,1465,A
7-M,662,1,1,0,1442,1444,C
7-M,663,0,1378,0,2,1380,T
7-M,664,2,0,0,1390,1392,C
7-M,665,1398,1,0,0,1399,A
7-M,666,1,1441,0,4,1446,T
7-M,667,0,0,0,1452,1452,C
7-M,668,0,0,0,1456,1456,C
7-M,669,1,1451,0,2,1454,T
7-M,670,1449,0,0,0,1449,A
7-M,671,0,1,1464,0,1465,G
7-M,672,0,1542,0,3,1545,T
7-M,673,0,1512,0,1,1513,T
7-M,674,0,2,0,1519,1521,C
7-M,675,0,0,0,1468,1468,C
7-M,676,1459,0,1,1,1461,A
7-M,677,2,1,1478,0,1481,G
7-M,678,0,1479,0,1,1480,T
7-M,679,1475,0,0,0,1475,A
7-M,680,1,1,0,1472,1474,C
7-M,681,0,1349,1,0,1350,T
7-M,682,0,0,1414,0,1414,G
7-M,683,0,0,1421,0,1421,G
7-M,684,0,1400,0,1,1401,T
7-M,685,0,1380,0,0,1380,T
7-M,686,0,1405,0,0,1405,T
7-M,687,1408,1,2,0,1411,A
7-M,688,1412,0,1,0,1413,A
7-M,689,0,0,1418,0,1418,G
7-M,690,1374,1,5,0,1380,A
7-M,691,1,1,1370,0,1372,G
7-M,692,1295,0,0,1,1296,A
7-M,693,0,1300,1,0,1301,T
7-M,694,1,0,1291,0,1292,G
7-M,695,1287,1,0,0,1288,A
7-M,696,1,1278,0,4,1283,T
7-M,697,0,0,0,1298,1298,C
7-M,698,0,1280,0,0,1280,T
7-M,699,0,1285,0,0,1285,T
7-M,700,1,0,0,1290,1291,C
7-M,701,0,1286,1,0,1287,T
7-M,702,0,1285,0,0,1285,T
7-M,703,0,0,1292,0,1292,G
7-M,704,1285,0,0,0,1285,A
7-M,705,1284,0,0,0,1284,A
7-M,706,1278,1,1,0,1280,A
7-M,707,1281,0,0,0,1281,A
7-M,708,0,1284,0,0,1284,T
7-M,709,0,1287,2,0,1289,T
7-M,710,0,1293,0,1,1294,T
7-M,711,0,0,1287,0,1287,G
7-M,712,0,1,0,1290,1291,C
7-M,713,1288,0,2,0,1290,A
7-M,714,0,0,1294,0,1294,G
7-M,715,1292,1,0,0,1293,A
7-M,716,0,0,0,1327,1327,C
7-M,717,1,1,0,1317,1319,C
7-M,718,0,1307,0,0,1307,T
7-M,719,1344,0,0,0,1344,A
7-M,720,0,1345,0,0,1345,T
7-M,721,0,1,0,1352,1353,C
7-M,722,1348,0,1,0,1349,A
7-M,723,0,1,1355,0,1356,G
7-M,724,1337,0,0,0,1337,A
7-M,725,1303,0,0,0,1303,A
7-M,726,1299,0,1,1,1301,A
7-M,727,0,0,0,1307,1307,C
7-M,728,0,0,1308,1,1309,G
7-M,729,1284,0,0,0,1284,A
7-M,730,1295,0,1,0,1296,A
7-M,731,0,1292,1,1,1294,T
7-M,732,0,0,1304,1,1305,G
7-M,733,0,0,1306,0,1306,G
7-M,734,0,4,1308,0,1312,G
7-M,735,0,0,1306,0,1306,G
7-M,736,2,0,1321,0,1323,G
7-M,737,0,1294,0,3,1297,T
7-M,738,0,0,1300,0,1300,G
7-M,739,0,0,0,1296,1296,C
7-M,740,1297,1,0,0,1298,A
7-M,741,0,0,1306,0,1306,G
7-M,742,1271,0,2,0,1273,A
7-M,743,0,1273,0,0,1273,T
7-M,744,0,0,1262,0,1262,G
7-M,745,1,0,0,1241,1242,C
7-M,746,1250,1,0,0,1251,A
7-M,747,1248,0,0,0,1248,A
7-M,748,0,1,0,1265,1266,C
7-M,749,0,1,1265,0,1266,G
7-M,750,1282,0,0,0,1282,A
7-M,751,0,1281,0,0,1281,T
7-M,752,0,1278,0,0,1278,T
7-M,753,1,0,0,1295,1296,C
7-M,754,1264,0,2,0,1266,A
7-M,755,1259,0,2,1,1262,A
7-M,756,0,0,1266,0,1266,G
7-M,757,0,1247,0,1,1248,T
7-M,758,0,1,1234,0,1235,G
7-M,759,1223,0,0,0,1223,A
7-M,760,0,2,0,1222,1224,C
7-M,761,0,1,0,1215,1216,C
7-M,762,3,2,1,1222,1228,C
7-M,763,0,0,1231,0,1231,G
7-M,764,0,0,0,1235,1235,C
7-M,765,0,1230,1,0,1231,T
7-M,766,0,1235,2,1,1238,T
7-M,767,0,0,1244,0,1244,G
7-M,768,0,1245,0,0,1245,T
7-M,769,0,1242,0,0,1242,T
7-M,770,1,0,1243,0,1244,G
7-M,771,1,1213,0,0,1214,T
7-M,772,1,1200,0,1,1202,T
7-M,773,0,1,1197,0,1198,G
7-M,774,0,2,0,1181,1183,C
7-M,775,1,0,0,1181,1182,C
7-M,776,2,0,1195,0,1197,G
7-M,777,0,0,0,1185,1185,C
7-M,778,0,2,1203,0,1205,G
7-M,779,1198,0,0,1,1199,A
7-M,780,1204,0,1,1,1206,A
7-M,781,0,1216,0,2,1218,T
7-M,782,1215,0,0,0,1215,A
7-M,783,0,1230,0,0,1230,T
7-M,784,0,1,0,1257,1258,C
7-M,785,1245,0,1,0,1246,A
7-M,786,0,1251,0,0,1251,T
7-M,787,0,1242,0,0,1242,T
7-M,788,1,1,1227,0,1229,G
7-M,789,0,2,1231,0,1233,G
7-M,790,0,0,1235,1,1236,G
7-M,791,1222,0,0,1,1223,A
7-M,792,1,1212,0,1,1214,T
7-M,793,0,0,0,1188,1188,C
7-M,794,0,1177,0,1,1178,T
7-M,795,1,1172,1,5,1179,T
7-M,796,0,0,1188,0,1188,G
7-M,797,0,0,0,1185,1185,C
7-M,798,1203,0,0,0,1203,A
7-M,799,0,0,0,1196,1196,C
7-M,800,0,1166,0,1,1167,T
7-M,801,0,1169,0,0,1169,T
7-M,802,0,0,1175,1,1176,G
7-M,803,1191,0,0,0,1191,A
7-M,804,0,1188,0,0,1188,T
7-M,805,1155,0,0,1,1156,A
7-M,806,0,1154,0,0,1154,T
7-M,807,0,1135,0,2,1137,T
7-M,808,0,0,1137,0,1137,G
7-M,809,0,1134,0,0,1134,T
7-M,810,0,0,1134,0,1134,G
7-M,811,7,0,1124,0,1131,G
7-M,812,1128,0,0,0,1128,A
7-M,813,0,1134,0,0,1134,T
7-M,814,0,1121,0,3,1124,T
7-M,815,1,0,0,1119,1120,C
7-M,816,0,1113,0,6,1119,T
7-M,817,0,1106,0,0,1106,T
7-M,818,0,0,1106,0,1106,G
7-M,819,1099,0,0,0,1099,A
7-M,820,0,1097,0,0,1097,T
7-M,821,0,0,0,1097,1097,C
7-M,822,1,0,1091,0,1092,G
7-M,823,1,1083,0,4,1088,T
7-M,824,0,0,0,1091,1091,C
7-M,825,0,1080,0,2,1082,T
7-M,826,0,1090,0,0,1090,T
7-M,827,0,1094,0,0,1094,T
7-M,828,0,1094,0,1,1095,T
7-M,829,0,1095,0,1,1096,T
7-M,830,0,1094,0,0,1094,T
7-M,831,0,1090,0,1,1091,T
7-M,832,0,0,0,1088,1088,C
7-M,833,1089,0,0,0,1089,A
7-M,834,1085,0,0,0,1085,A
7-M,835,1091,0,0,0,1091,A
7-M,836,0,1091,0,0,1091,T
7-M,837,1,0,1091,0,1092,G
7-M,838,0,0,0,1093,1093,C
7-M,839,1,0,1088,0,1089,G
7-M,840,0,1111,0,0,1111,T
7-M,841,1,0,0,1118,1119,C
7-M,842,0,1121,0,0,1121,T
7-M,843,1118,0,0,1,1119,A
7-M,844,0,1110,0,2,1112,T
7-M,845,1,0,0,1114,1115,C
7-M,846,0,4,1113,0,1117,G
7-M,847,1104,0,0,0,1104,A
7-M,848,0,0,0,1104,1104,C
7-M,849,0,1063,1,0,1064,T
7-M,850,2,0,0,1101,1103,C
7-M,851,0,1093,0,1,1094,T
7-M,852,0,1091,0,0,1091,T
7-M,853,1,0,0,1097,1098,C
7-M,854,1092,0,2,0,1094,A
7-M,855,1099,0,0,0,1099,A
7-M,856,1095,0,1,0,1096,A
7-M,857,1,0,0,1096,1097,C
7-M,858,1090,0,0,0,1090,A
7-M,859,1,0,0,1033,1034,C
7-M,860,0,0,1011,0,1011,G
7-M,861,2,1,1064,0,1067,G
7-M,862,1,0,0,1056,1057,C
7-M,863,1,0,0,1066,1067,C
7-M,864,0,1062,1,1,1064,T
7-M,865,0,1068,0,0,1068,T
7-M,866,1068,0,2,0,1070,A
7-M,867,1071,0,0,0,1071,A
7-M,868,1073,0,0,0,1073,A
7-M,869,1067,1,1,0,1069,A
7-M,870,0,0,1061,0,1061,G
7-M,871,872,0,1,0,873,A
7-M,872,0,0,873,0,873,G
7-M,873,0,0,871,0,871,G
7-M,874,1,1,0,865,867,C
7-M,875,0,0,0,861,861,C
7-M,876,0,1,0,867,868,C
7-M,877,0,877,0,0,877,T
7-M,878,0,878,0,1,879,T
7-M,879,0,0,0,883,883,C
7-M,880,0,884,0,0,884,T
7-M,881,882,0,0,0,882,A
7-M,882,0,4,0,876,880,C
7-M,883,1,0,850,0,851,G
7-M,884,0,0,858,0,858,G
7-M,885,831,0,0,0,831,A
7-M,886,838,0,0,0,838,A
7-M,887,0,0,834,0,834,G
7-M,888,0,1,837,0,838,G
7-M,889,812,2,12,0,826,A
7-M,890,0,0,835,0,835,G
7-M,891,1,832,0,0,833,T
7-M,892,841,0,0,0,841,A
7-M,893,0,1,0,835,836,C
7-M,894,0,1,0,833,834,C
7-M,895,0,822,0,1,823,T
7-M,896,0,0,824,0,824,G
7-M,897,778,0,0,1,779,A
7-M,898,0,0,806,0,806,G
7-M,899,0,782,0,0,782,T
7-M,900,0,1,0,775,776,C
7-M,901,0,758,0,0,758,T
7-M,902,759,0,0,0,759,A
7-M,903,0,753,5,1,759,T
7-M,904,0,1,761,0,762,G
7-M,905,742,0,1,0,743,A
7-M,906,0,0,745,0,745,G
7-M,907,0,0,684,0,684,G
7-M,908,0,1,679,0,680,G
7-M,909,678,0,1,0,679,A
7-M,910,672,0,2,0,674,A
7-M,911,1,0,670,0,671,G
7-M,912,665,0,0,0,665,A
7-M,913,685,0,0,0,685,A
7-M,914,0,682,0,0,682,T
7-M,915,675,0,0,0,675,A
7-M,916,0,672,0,0,672,T
7-M,917,0,29,0,629,658,C
7-M,918,0,0,665,0,665,G
7-M,919,662,0,0,0,662,A
7-M,920,650,0,0,0,650,A
7-M,921,652,0,0,0,652,A
7-M,922,0,0,645,0,645,G
7-M,923,0,0,659,0,659,G
7-M,924,652,0,0,0,652,A
7-M,925,651,0,0,0,651,A
7-M,926,0,0,0,654,654,C
7-M,927,639,0,0,0,639,A
7-M,928,0,0,644,0,644,G
7-M,929,0,1,0,639,640,C
7-M,930,641,0,1,0,642,A
7-M,931,0,0,642,0,642,G
7-M,932,594,0,0,0,594,A
7-M,933,600,0,0,0,600,A
7-M,934,0,598,0,0,598,T
7-M,935,0,0,587,0,587,G
7-M,936,1,0,0,588,589,C
7-M,937,0,561,0,0,561,T
7-M,938,1,0,558,0,559,G
7-M,939,0,557,0,0,557,T
7-M,940,0,0,560,0,560,G
7-M,941,2,0,555,0,557,G
7-M,942,538,0,0,0,538,A
7-M,943,0,535,0,0,535,T
7-M,944,0,0,523,0,523,G
7-M,945,1,1,0,515,517,C
7-M,946,0,486,0,0,486,T
7-M,947,1,0,480,0,481,G
7-M,948,482,0,0,0,482,A
7-M,949,0,2,0,474,476,C
7-M,950,0,1,473,0,474,G
7-M,951,464,0,0,0,464,A
7-M,952,1,1,0,461,463,C
7-M,953,451,0,0,0,451,A
7-M,954,0,0,450,0,450,G
7-M,955,0,451,0,0,451,T
7-M,956,2,0,0,440,442,C
7-M,957,443,0,0,0,443,A
7-M,958,0,434,0,0,434,T
7-M,959,0,431,0,0,431,T
7-M,960,1,428,0,0,429,T
7-M,961,0,420,0,0,420,T
7-M,962,1,0,420,0,421,G
7-M,963,0,405,0,0,405,T
7-M,964,0,0,0,404,404,C
7-M,965,387,0,1,0,388,A
7-M,966,0,0,389,0,389,G
7-M,967,0,0,0,390,390,C
7-M,968,390,0,0,0,390,A
7-M,969,0,389,0,1,390,T
7-M,970,363,0,2,0,365,A
7-M,971,0,0,367,0,367,G
7-M,972,357,0,1,0,358,A
7-M,973,0,0,362,0,362,G
7-M,974,0,0,0,251,251,C
7-M,975,0,251,0,0,251,T
7-M,976,0,1,248,0,249,G
7-M,977,0,0,245,0,245,G
7-M,978,249,0,1,0,250,A
7-M,979,0,0,252,0,252,G
7-M,980,0,183,0,0,183,T
7-M,981,180,0,0,0,180,A
7-M,982,176,0,0,0,176,A
8-NS,1,488,0,0,0,488,A
8-NS,2,0,487,0,0,487,T
8-NS,3,0,0,525,0,525,G
8-NS,4,3,0,549,0,552,G
8-NS,5,605,0,0,0,605,A
8-NS,6,0,1121,0,0,1121,T
8-NS,7,0,1122,0,0,1122,T
8-NS,8,0,0,0,1166,1166,C
8-NS,9,0,0,0,1170,1170,C
8-NS,10,1171,0,3,0,1174,A
8-NS,11,1178,0,1,1,1180,A
8-NS,12,0,2,0,1176,1178,C
8-NS,13,1178,0,1,0,1179,A
8-NS,14,0,0,0,1188,1188,C
8-NS,15,1,1185,1,1,1188,T
8-NS,16,0,0,1321,1,1322,G
8-NS,17,0,1321,0,0,1321,T
8-NS,18,0,0,1336,0,1336,G
8-NS,19,1,1338,0,2,1341,T
8-NS,20,5,0,0,1332,1337,C
8-NS,21,1343,0,0,0,1343,A
8-NS,22,1334,0,2,0,1336,A
8-NS,23,1,2,1347,0,1350,G
8-NS,24,0,1383,0,0,1383,T
8-NS,25,0,1382,0,1,1383,T
8-NS,26,2,1385,0,0,1387,T
8-NS,27,1,0,0,1386,1387,C
8-NS,28,0,2,0,1397,1399,C
8-NS,29,1392,0,0,0,1392,A
8-NS,30,0,2,1409,0,1411,G
8-NS,31,0,0,1422,0,1422,G
8-NS,32,0,1426,0,4,1430,T
8-NS,33,1433,0,0,0,1433,A
8-NS,34,0,0,1447,0,1447,G
8-NS,35,1442,1,2,0,1445,A
8-NS,36,0,1451,0,2,1453,T
8-NS,37,0,1445,0,0,1445,T
8-NS,38,0,0,1460,0,1460,G
8-NS,39,0,1,0,1468,1469,C
8-NS,40,0,1469,0,2,1471,T
8-NS,41,0,1485,0,0,1485,T
8-NS,42,0,1495,0,1,1496,T
8-NS,43,1,2,0,1519,1522,C
8-NS,44,0,1518,0,2,1520,T
8-NS,45,0,1516,0,1,1517,T
8-NS,46,0,1521,0,1,1522,T
8-NS,47,0,0,1517,0,1517,G
8-NS,48,2,0,1520,0,1522,G
8-NS,49,0,0,0,1537,1537,C
8-NS,50,1534,0,0,0,1534,A
8-NS,51,0,1536,0,0,1536,T
8-NS,52,1539,0,0,0,1539,A
8-NS,53,0,1636,0,1,1637,T
8-NS,54,0,0,0,1663,1663,C
8-NS,55,2,0,0,1659,1661,C
8-NS,56,1,0,1655,0,1656,G
8-NS,57,0,1646,0,4,1650,T
8-NS,58,1670,0,0,0,1670,A
8-NS,59,1674,0,1,0,1675,A
8-NS,60,1676,0,3,0,1679,A
8-NS,61,0,0,0,1696,1696,C
8-NS,62,1671,0,1,0,1672,A
8-NS,63,1662,0,2,0,1664,A
8-NS,64,4,1,1739,0,1744,G
8-NS,65,0,1748,0,2,1750,T
8-NS,66,0,1740,0,0,1740,T
8-NS,67,0,0,1747,0,1747,G
8-NS,68,0,1744,0,1,1745,T
8-NS,69,1742,0,2,0,1744,A
8-NS,70,1,0,1763,0,1764,G
8-NS,71,1842,1,1,0,1844,A
8-NS,72,0,0,0,1865,1865,C
8-NS,73,4,0,0,1838,1842,C
8-NS,74,1840,1,1,0,1842,A
8-NS,75,1838,1,3,0,1842,A
8-NS,76,0,3,1908,0,1911,G
8-NS,77,1910,0,3,0,1913,A
8-NS,78,1915,0,0,0,1915,A
8-NS,79,0,1,0,1926,1927,C
8-NS,80,0,1872,1,3,1876,T
8-NS,81,0,0,1895,0,1895,G
8-NS,82,1888,0,2,0,1890,A
8-NS,83,0,0,1935,0,1935,G
8-NS,84,0,1933,0,0,1933,T
8-NS,85,0,2,1886,0,1888,G
8-NS,86,1879,0,0,0,1879,A
8-NS,87,1,1881,0,0,1882,T
8-NS,88,1,0,1898,0,1899,G
8-NS,89,1,10,0,1914,1925,C
8-NS,90,4,2,0,1913,1919,C
8-NS,91,3,0,0,1926,1929,C
8-NS,92,2,0,1,1904,1907,C
8-NS,93,1920,0,0,0,1920,A
8-NS,94,0,1950,0,0,1950,T
8-NS,95,1,1962,0,0,1963,T
8-NS,96,2,0,0,1990,1992,C
8-NS,97,1,1,0,1971,1973,C
8-NS,98,0,1969,0,6,1975,T
8-NS,99,0,1960,0,1,1961,T
8-NS,100,4,1,1947,0,1952,G
8-NS,101,1939,0,0,0,1939,A
8-NS,102,0,1950,0,3,1953,T
8-NS,103,3,0,0,1943,1946,C
8-NS,104,1,1,1935,0,1937,G
8-NS,105,0,0,1957,0,1957,G
8-NS,106,1,0,0,1962,1963,C
8-NS,107,1,1954,0,1,1956,T
8-NS,108,1,1953,0,1,1955,T
8-NS,109,0,4,0,1951,1955,C
8-NS,110,1,0,1968,0,1969,G
8-NS,111,0,0,0,1968,1968,C
8-NS,112,1,1,0,1966,1968,C
8-NS,113,1,0,1974,0,1975,G
8-NS,114,1935,0,0,1,1936,A
8-NS,115,1,0,2019,0,2020,G
8-NS,116,2029,0,2,0,2031,A
8-NS,117,0,2018,0,0,2018,T
8-NS,118,4,3,0,2021,2028,C
8-NS,119,2018,0,2,0,2020,A
8-NS,120,2,0,2031,0,2033,G
8-NS,121,2023,0,4,1,2028,A
8-NS,122,1,1,2042,0,2044,G
8-NS,123,0,0,2061,0,2061,G
8-NS,124,0,2057,0,4,2061,T
8-NS,125,3,1,0,2158,2162,C
8-NS,126,1,1,0,2145,2147,C
8-NS,127,4,1,0,2159,2164,C
8-NS,128,0,2170,0,0,2170,T
8-NS,129,2169,0,0,0,2169,A
8-NS,130,2162,0,2,0,2164,A
8-NS,131,1,5,2202,0,2208,G
8-NS,132,1,3,2197,1,2202,G
8-NS,133,2,1,2151,0,2154,G
8-NS,134,1,0,2084,0,2085,G
8-NS,135,2074,0,0,1,2075,A
8-NS,136,2075,0,1,1,2077,A
8-NS,137,0,2,2095,0,2097,G
8-NS,138,2143,0,3,0,2146,A
8-NS,139,0,1,2178,0,2179,G
8-NS,140,0,0,2155,0,2155,G
8-NS,141,0,1,0,2143,2144,C
8-NS,142,2145,0,2,0,2147,A
8-NS,143,2147,0,1,0,2148,A
8-NS,144,0,2148,0,7,2155,T
8-NS,145,2173,0,2,0,2175,A
8-NS,146,0,1,0,2196,2197,C
8-NS,147,0,2117,0,3,2120,T
8-NS,148,0,1,1,2127,2129,C
8-NS,149,0,2086,0,2,2088,T
8-NS,150,1,2,0,2114,2117,C
8-NS,151,9,1,2131,0,2141,G
8-NS,152,1,0,2250,0,2251,G
8-NS,153,0,2244,0,1,2245,T
8-NS,154,3,7,0,2242,2252,C
8-NS,155,0,2243,0,2,2245,T
8-NS,156,2255,0,0,2,2257,A
8-NS,157,0,3,2250,0,2253,G
8-NS,158,2253,0,0,0,2253,A
8-NS,159,0,2,0,2314,2316,C
8-NS,160,2259,0,1,0,2260,A
8-NS,161,0,2191,0,0,2191,T
8-NS,162,1,0,0,2171,2172,C
8-NS,163,2167,0,1,0,2168,A
8-NS,164,2165,0,2,1,2168,A
8-NS,165,2150,0,2,0,2152,A
8-NS,166,1,0,2156,0,2157,G
8-NS,167,0,0,0,2161,2161,C
8-NS,168,2105,0,0,1,2106,A
8-NS,169,1,0,2129,0,2130,G
8-NS,170,1,1,0,2117,2119,C
8-NS,171,2,0,0,2119,2121,C
8-NS,172,2136,0,0,0,2136,A
8-NS,173,0,0,0,2160,2160,C
8-NS,174,2,1,0,2167,2170,C
8-NS,175,3,1,0,2160,2164,C
8-NS,176,2116,60,0,0,2176,A
8-NS,177,1,2181,0,0,2182,T
8-NS,178,1,0,2184,0,2185,G
8-NS,179,0,2176,0,6,2182,T
8-NS,180,1,2158,0,3,2162,T
8-NS,181,0,1,2108,0,2109,G
8-NS,182,0,1,2087,0,2088,G
8-NS,183,2084,1,2,0,2087,A
8-NS,184,2083,0,0,0,2083,A
8-NS,185,2041,0,3,0,2044,A
8-NS,186,5,0,2066,0,2071,G
8-NS,187,1,0,0,2074,2075,C
8-NS,188,2070,0,0,0,2070,A
8-NS,189,2059,0,0,0,2059,A
8-NS,190,2063,0,0,0,2063,A
8-NS,191,0,2065,0,1,2066,T
8-NS,192,0,2065,0,1,2066,T
8-NS,193,0,0,2105,0,2105,G
8-NS,194,1,2106,0,0,2107,T
8-NS,195,2091,0,1,0,2092,A
8-NS,196,0,1,2086,0,2087,G
8-NS,197,2095,1,0,0,2096,A
8-NS,198,2092,0,2,0,2094,A
8-NS,199,2096,0,0,0,2096,A
8-NS,200,2085,0,2,1,2088,A
8-NS,201,13,0,2081,0,2094,G
8-NS,202,2063,0,0,1,2064,A
8-NS,203,0,2056,1,1,2058,T
8-NS,204,0,2059,0,0,2059,T
8-NS,205,3,0,0,2061,2064,C
8-NS,206,0,2061,0,0,2061,T
8-NS,207,0,0,2068,0,2068,G
8-NS,208,2050,0,2,0,2052,A
8-NS,209,2062,0,1,0,2063,A
8-NS,210,2047,1,0,0,2048,A
8-NS,211,0,1,2060,0,2061,G
8-NS,212,2047,0,0,0,2047,A
8-NS,213,2054,0,0,0,2054,A
8-NS,214,1,0,2073,0,2074,G
8-NS,215,2085,1,1,0,2087,A
8-NS,216,2092,0,1,0,2093,A
8-NS,217,0,2098,0,0,2098,T
8-NS,218,3,0,0,2115,2118,C
8-NS,219,0,2108,0,0,2108,T
8-NS,220,1,2,2112,0,2115,G
8-NS,221,2108,0,6,0,2114,A
8-NS,222,2,2120,0,0,2122,T
8-NS,223,0,1,2103,0,2104,G
8-NS,224,2055,1,1,0,2057,A
8-NS,225,2,0,2072,0,2074,G
8-NS,226,1,1,2070,0,2072,G
8-NS,227,2,0,0,2061,2063,C
8-NS,228,2079,0,0,0,2079,A
8-NS,229,0,0,0,2135,2135,C
8-NS,230,0,2126,1,1,2128,T
8-NS,231,0,2138,1,0,2139,T
8-NS,232,2164,0,0,0,2164,A
8-NS,233,2167,0,2,0,2169,A
8-NS,234,2156,0,3,0,2159,A
8-NS,235,2157,0,2,0,2159,A
8-NS,236,0,2160,0,0,2160,T
8-NS,237,1,1,2166,0,2168,G
8-NS,238,2172,0,0,0,2172,A
8-NS,239,0,2,0,2162,2164,C
8-NS,240,2,1,0,2155,2158,C
8-NS,241,2158,0,0,0,2158,A
8-NS,242,0,2151,0,1,2152,T
8-NS,243,1,0,2200,0,2201,G
8-NS,244,0,0,2221,0,2221,G
8-NS,245,1,2216,0,2,2219,T
8-NS,246,3,5,0,2315,2323,C
8-NS,247,0,2296,0,8,2304,T
8-NS,248,0,0,0,2349,2349,C
8-NS,249,0,0,0,2341,2341,C
8-NS,250,2359,0,1,0,2360,A
8-NS,251,0,1,0,2384,2385,C
8-NS,252,2331,2,2,0,2335,A
8-NS,253,0,0,0,2330,2330,C
8-NS,254,0,1,0,2324,2325,C
8-NS,255,0,2204,1,2,2207,T
8-NS,256,0,1,2213,0,2214,G
8-NS,257,1,0,0,2201,2202,C
8-NS,258,1,2181,0,0,2182,T
8-NS,259,0,2201,0,0,2201,T
8-NS,260,0,1,0,2174,2175,C
8-NS,261,0,10,2179,0,2189,G
8-NS,262,1,1,0,2184,2186,C
8-NS,263,0,3,2184,0,2187,G
8-NS,264,2309,0,0,0,2309,A
8-NS,265,1,2303,0,0,2304,T
8-NS,266,2371,0,2,0,2373,A
8-NS,267,0,0,0,2386,2386,C
8-NS,268,2372,0,2,0,2374,A
8-NS,269,0,2446,0,0,2446,T
8-NS,270,2422,1,0,0,2423,A
8-NS,271,2431,1,2,1,2435,A
8-NS,272,0,0,0,2443,2443,C
8-NS,273,0,2348,0,2,2350,T
8-NS,274,1,2,2387,1,2391,G
8-NS,275,2342,0,2,0,2344,A
8-NS,276,1,1,0,2361,2363,C
8-NS,277,2349,1,4,0,2354,A
8-NS,278,0,2328,0,0,2328,T
8-NS,279,2,4,2312,0,2318,G
8-NS,280,2329,1,2,0,2332,A
8-NS,281,0,0,0,2394,2394,C
8-NS,282,2,2376,0,1,2379,T
8-NS,283,2410,1,0,0,2411,A
8-NS,284,0,2407,0,1,2408,T
8-NS,285,0,2393,0,3,2396,T
8-NS,286,0,2,2376,0,2378,G
8-NS,287,2352,0,5,0,2357,A
8-NS,288,0,1,2367,0,2368,G
8-NS,289,0,3,2359,2,2364,G
8-NS,290,2299,1,1,0,2301,A
8-NS,291,2308,0,0,0,2308,A
8-NS,292,0,2266,0,0,2266,T
8-NS,293,1,2267,0,1,2269,T
8-NS,294,2,1,2314,0,2317,G
8-NS,295,0,2320,0,1,2321,T
8-NS,296,0,1,0,2312,2313,C
8-NS,297,2317,0,0,0,2317,A
8-NS,298,2312,0,2,0,2314,A
8-NS,299,1,1,2317,0,2319,G
8-NS,300,2332,0,0,0,2332,A
8-NS,301,2318,1,0,1,2320,A
8-NS,302,2325,0,2,1,2328,A
8-NS,303,0,0,0,2324,2324,C
8-NS,304,0,2288,0,0,2288,T
8-NS,305,1,0,2335,0,2336,G
8-NS,306,2,0,2370,0,2372,G
8-NS,307,1,2371,1,0,2373,T
8-NS,308,1,2357,0,5,2363,T
8-NS,309,3,0,0,2352,2355,C
8-NS,310,2355,0,8,0,2363,A
8-NS,311,0,2402,0,2,2404,T
8-NS,312,2,0,2413,0,2415,G
8-NS,313,0,1,0,2432,2433,C
8-NS,314,0,2390,0,2,2392,T
8-NS,315,2358,0,2,1,2361,A
8-NS,316,2443,0,0,1,2444,A
8-NS,317,1,2463,0,1,2465,T
8-NS,318,5,2,2461,0,2468,G
8-NS,319,0,1,0,2461,2462,C
8-NS,320,1,1,0,2429,2431,C
8-NS,321,4,2,0,2421,2427,C
8-NS,322,2416,0,0,0,2416,A
8-NS,323,2419,0,0,1,2420,A
8-NS,324,0,0,2444,0,2444,G
8-NS,325,0,1,0,2440,2441,C
8-NS,326,2414,0,5,0,2419,A
8-NS,327,1,2,2446,0,2449,G
8-NS,328,2433,0,2,0,2435,A
8-NS,329,2441,0,0,0,2441,A
8-NS,330,2441,0,0,0,2441,A
8-NS,331,2416,0,0,0,2416,A
8-NS,332,0,2438,0,0,2438,T
8-NS,333,0,4,2444,1,2449,G
8-NS,334,0,1,2443,0,2444,G
8-NS,335,2441,0,3,0,2444,A
8-NS,336,2424,2,2,0,2428,A
8-NS,337,0,2,2430,0,2432,G
8-NS,338,0,0,2439,0,2439,G
8-NS,339,2447,0,1,0,2448,A
8-NS,340,1,0,0,2458,2459,C
8-NS,341,1,0,0,2444,2445,C
8-NS,342,0,2444,0,2,2446,T
8-NS,343,1,0,0,2484,2485,C
8-NS,344,0,2479,0,2,2481,T
8-NS,345,0,2487,0,0,2487,T
8-NS,346,1,2486,0,1,2488,T
8-NS,347,0,0,2466,0,2466,G
8-NS,348,2,1,0,2505,2508,C
8-NS,349,2495,0,1,0,2496,A
8-NS,350,1,2494,0,2,2497,T
8-NS,351,1,0,0,2492,2493,C
8-NS,352,2496,0,1,0,2497,A
8-NS,353,2,5,2581,0,2588,G
8-NS,354,2576,0,0,0,2576,A
8-NS,355,2578,0,0,0,2578,A
8-NS,356,1,2570,0,1,2572,T
8-NS,357,0,2,2545,0,2547,G
8-NS,358,0,1,2557,0,2558,G
8-NS,359,2565,0,2,0,2567,A
8-NS,360,1,0,0,2558,2559,C
8-NS,361,0,1,1,2496,2498,C
8-NS,362,2442,0,5,0,2447,A
8-NS,363,1,1,2473,0,2475,G
8-NS,364,3,0,2466,0,2469,G
8-NS,365,1,0,0,2477,2478,C
8-NS,366,2465,0,0,0,2465,A
8-NS,367,2477,0,2,0,2479,A
8-NS,368,1,2469,0,0,2470,T
8-NS,369,0,0,0,2480,2480,C
8-NS,370,2476,2,1,0,2479,A
8-NS,371,0,2459,0,2,2461,T
8-NS,372,1,0,2416,0,2417,G
8-NS,373,1,1,2432,0,2434,G
8-NS,374,2412,0,3,0,2415,A
8-NS,375,0,0,2450,0,2450,G
8-NS,376,2398,0,0,0,2398,A
8-NS,377,2394,0,1,1,2396,A
8-NS,378,2407,0,1,0,2408,A
8-NS,379,2397,0,2,0,2399,A
8-NS,380,2414,0,5,1,2420,A
8-NS,381,0,1,0,2426,2427,C
8-NS,382,2424,1,0,0,2425,A
8-NS,383,1,2408,0,0,2409,T
8-NS,384,0,0,0,2391,2391,C
8-NS,385,2403,0,2,0,2405,A
8-NS,386,1,2405,0,3,2409,T
8-NS,387,0,0,2422,0,2422,G
8-NS,388,0,2416,0,2,2418,T
8-NS,389,0,2399,0,1,2400,T
8-NS,390,0,1,2385,1,2387,G
8-NS,391,2384,0,0,0,2384,A
8-NS,392,2377,0,1,0,2378,A
8-NS,393,2383,0,1,0,2384,A
8-NS,394,1,1,2387,0,2389,G
8-NS,395,0,1,0,2376,2377,C
8-NS,396,1,2,2379,0,2382,G
8-NS,397,2376,1,1,0,2378,A
8-NS,398,2383,2,0,0,2385,A
8-NS,399,0,2383,0,0,2383,T
8-NS,400,0,2394,0,1,2395,T
8-NS,401,0,2393,0,0,2393,T
8-NS,402,0,0,0,2405,2405,C
8-NS,403,2384,0,2,0,2386,A
8-NS,404,0,0,2396,0,2396,G
8-NS,405,1,2386,0,1,2388,T
8-NS,406,0,0,2391,0,2391,G
8-NS,407,1,2378,1,2,2382,T
8-NS,408,1,3,2387,0,2391,G
8-NS,409,2402,0,1,0,2403,A
8-NS,410,1,2402,0,1,2404,T
8-NS,411,1,2394,1,1,2397,T
8-NS,412,0,2403,0,0,2403,T
8-NS,413,1,2393,0,2,2396,T
8-NS,414,0,2399,0,1,2400,T
8-NS,415,0,1,2396,0,2397,G
8-NS,416,2409,0,2,0,2411,A
8-NS,417,0,2,0,2404,2406,C
8-NS,418,3,1,0,2368,2372,C
8-NS,419,2,0,2394,0,2396,G
8-NS,420,2538,0,0,0,2538,A
8-NS,421,0,0,0,2593,2593,C
8-NS,422,0,2590,0,2,2592,T
8-NS,423,2599,0,0,0,2599,A
8-NS,424,0,3,2601,0,2604,G
8-NS,425,2582,0,6,1,2589,A
8-NS,426,2,3,2626,0,2631,G
8-NS,427,2626,0,3,0,2629,A
8-NS,428,0,0,0,2696,2696,C
8-NS,429,1,1,0,2570,2572,C
8-NS,430,2493,0,2,0,2495,A
8-NS,431,3,2644,1,0,2648,T
8-NS,432,2648,0,0,0,2648,A
8-NS,433,1,1,2896,0,2898,G
8-NS,434,0,2877,0,0,2877,T
8-NS,435,2863,0,1,0,2864,A
8-NS,436,0,2844,0,4,2848,T
8-NS,437,0,2765,0,1,2766,T
8-NS,438,2853,0,2,0,2855,A
8-NS,439,0,0,0,2851,2851,C
8-NS,440,0,2717,0,0,2717,T
8-NS,441,2718,0,0,1,2719,A
8-NS,442,2454,1,2,1,2458,A
8-NS,443,1,0,2473,0,2474,G
8-NS,444,1,3,2470,0,2474,G
8-NS,445,0,1,2474,0,2475,G
8-NS,446,0,0,0,2451,2451,C
8-NS,447,0,2403,0,10,2413,T
8-NS,448,0,2409,1,2,2412,T
8-NS,449,0,2444,0,1,2445,T
8-NS,450,1,1,0,2449,2451,C
8-NS,451,2478,0,2,0,2480,A
8-NS,452,1,2,0,2485,2488,C
8-NS,453,1,2,0,2459,2462,C
8-NS,454,0,0,2467,0,2467,G
8-NS,455,2444,0,0,0,2444,A
8-NS,456,2451,6,0,0,2457,A
8-NS,457,0,2,2468,0,2470,G
8-NS,458,2443,0,1,0,2444,A
8-NS,459,0,3,2448,0,2451,G
8-NS,460,0,1,2403,0,2404,G
8-NS,461,0,3,2406,0,2409,G
8-NS,462,2405,3,2,0,2410,A
8-NS,463,0,1,2414,0,2415,G
8-NS,464,0,1,0,2407,2408,C
8-NS,465,2399,1,1,0,2401,A
8-NS,466,2410,0,1,0,2411,A
8-NS,467,0,2416,0,0,2416,T
8-NS,468,0,2396,1,0,2397,T
8-NS,469,0,0,2412,0,2412,G
8-NS,470,0,2379,0,0,2379,T
8-NS,471,0,2373,0,2,2375,T
8-NS,472,2,2,2359,0,2363,G
8-NS,473,1,1,2366,0,2368,G
8-NS,474,0,0,0,2367,2367,C
8-NS,475,1,1,2372,0,2374,G
8-NS,476,2371,0,1,0,2372,A
8-NS,477,2394,0,1,0,2395,A
8-NS,478,2399,0,0,1,2400,A
8-NS,479,0,2408,0,1,2409,T
8-NS,480,0,0,0,2403,2403,C
8-NS,481,0,2375,0,2,2377,T
8-NS,482,1,1,0,2385,2387,C
8-NS,483,2401,0,4,0,2405,A
8-NS,484,1,1,0,2402,2404,C
8-NS,485,4,1,0,2403,2408,C
8-NS,486,2376,0,2,0,2378,A
8-NS,487,0,2372,0,0,2372,T
8-NS,488,0,2362,0,0,2362,T
8-NS,489,2,2,2354,0,2358,G
8-NS,490,0,0,1,2358,2359,C
8-NS,491,2,0,0,2355,2357,C
8-NS,492,0,2356,0,8,2364,T
8-NS,493,1,2347,0,2,2350,T
8-NS,494,0,0,0,2367,2367,C
8-NS,495,0,2365,0,0,2365,T
8-NS,496,0,2370,0,0,2370,T
8-NS,497,1,2391,1,1,2394,T
8-NS,498,0,2382,0,7,2389,T
8-NS,499,2,1,0,2392,2395,C
8-NS,500,0,2,0,2395,2397,C
8-NS,501,2374,0,9,0,2383,A
8-NS,502,0,1,2427,0,2428,G
8-NS,503,0,2,2415,0,2417,G
8-NS,504,2447,1,0,1,2449,A
8-NS,505,1,2,0,2450,2453,C
8-NS,506,2477,0,2,0,2479,A
8-NS,507,0,2475,0,2,2477,T
8-NS,508,2486,0,1,0,2487,A
8-NS,509,1,2,0,2671,2674,C
8-NS,510,0,2654,0,3,2657,T
8-NS,511,2653,0,0,0,2653,A
8-NS,512,1,2637,0,1,2639,T
8-NS,513,1,2542,0,1,2544,T
8-NS,514,0,0,2543,0,2543,G
8-NS,515,2430,0,3,1,2434,A
8-NS,516,0,0,2445,0,2445,G
8-NS,517,0,0,2431,0,2431,G
8-NS,518,2170,0,0,0,2170,A
8-NS,519,0,2177,1,0,2178,T
8-NS,520,0,0,2166,0,2166,G
8-NS,521,0,2154,0,2,2156,T
8-NS,522,4,0,0,2162,2166,C
8-NS,523,2175,0,3,0,2178,A
8-NS,524,2174,0,2,0,2176,A
8-NS,525,2167,0,0,0,2167,A
8-NS,526,2156,2,0,0,2158,A
8-NS,527,2173,0,0,0,2173,A
8-NS,528,0,2164,0,0,2164,T
8-NS,529,0,0,2165,0,2165,G
8-NS,530,0,3,0,2176,2179,C
8-NS,531,2180,0,1,0,2181,A
8-NS,532,2191,1,0,0,2192,A
8-NS,533,0,2194,0,0,2194,T
8-NS,534,0,2195,0,0,2195,T
8-NS,535,0,3,2188,0,2191,G
8-NS,536,1,3,2172,0,2176,G
8-NS,537,1,1,2173,0,2175,G
8-NS,538,1,0,2199,0,2200,G
8-NS,539,1,2151,0,2,2154,T
8-NS,540,4,0,0,2186,2190,C
8-NS,541,1,0,0,2185,2186,C
8-NS,542,0,2176,0,0,2176,T
8-NS,543,2,1,0,2204,2207,C
8-NS,544,2211,1,1,0,2213,A
8-NS,545,1,2210,0,1,2212,T
8-NS,546,0,0,0,2217,2217,C
8-NS,547,0,1,2197,0,2198,G
8-NS,548,1,0,2198,0,2199,G
8-NS,549,2153,0,2,0,2155,A
8-NS,550,0,2,2159,0,2161,G
8-NS,551,0,1,2165,0,2166,G
8-NS,552,2134,0,0,0,2134,A
8-NS,553,0,1,1,2159,2161,C
8-NS,554,0,2151,0,2,2153,T
8-NS,555,0,2145,1,0,2146,T
8-NS,556,1,0,2159,1,2161,G
8-NS,557,2149,0,1,0,2150,A
8-NS,558,2154,1,1,0,2156,A
8-NS,559,0,2148,0,0,2148,T
8-NS,560,1,2,2079,0,2082,G
8-NS,561,0,1,2101,0,2102,G
8-NS,562,2064,0,1,0,2065,A
8-NS,563,2089,0,2,0,2091,A
8-NS,564,1,2157,0,0,2158,T
8-NS,565,0,0,2166,0,2166,G
8-NS,566,2179,0,1,0,2180,A
8-NS,567,0,2177,0,0,2177,T
8-NS,568,2162,0,5,0,2167,A
8-NS,569,2182,0,3,0,2185,A
8-NS,570,1,1,0,2168,2170,C
8-NS,571,2128,0,1,0,2129,A
8-NS,572,0,0,0,2148,2148,C
8-NS,573,1954,0,3,0,1957,A
8-NS,574,0,0,2002,0,2002,G
8-NS,575,0,1989,0,1,1990,T
8-NS,576,1,1982,1,2,1986,T
8-NS,577,2,1,0,1984,1987,C
8-NS,578,11,1,1963,0,1975,G
8-NS,579,1962,0,3,0,1965,A
8-NS,580,0,1,1973,0,1974,G
8-NS,581,0,1937,0,1,1938,T
8-NS,582,18,0,0,1920,1938,C
8-NS,583,1,1867,0,3,1871,T
8-NS,584,2,1,0,1883,1886,C
8-NS,585,0,1894,0,0,1894,T
8-NS,586,1892,0,4,0,1896,A
8-NS,587,1905,0,0,0,1905,A
8-NS,588,1892,0,1,0,1893,A
8-NS,589,1918,0,0,0,1918,A
8-NS,590,1919,0,0,0,1919,A
8-NS,591,0,1884,0,0,1884,T
8-NS,592,1,2,0,1894,1897,C
8-NS,593,0,1870,0,2,1872,T
8-NS,594,1892,0,0,0,1892,A
8-NS,595,0,0,0,1895,1895,C
8-NS,596,1886,1,1,0,1888,A
8-NS,597,0,1,1885,0,1886,G
8-NS,598,1831,0,1,0,1832,A
8-NS,599,3,0,1844,0,1847,G
8-NS,600,1844,0,4,0,1848,A
8-NS,601,0,1816,0,0,1816,T
8-NS,602,0,1813,0,0,1813,T
8-NS,603,4,5,0,1802,1811,C
8-NS,604,1,1,1809,0,1811,G
8-NS,605,0,0,0,1812,1812,C
8-NS,606,0,1792,0,4,1796,T
8-NS,607,0,1810,0,0,1810,T
8-NS,608,1,2,1786,0,1789,G
8-NS,609,0,0,1800,0,1800,G
8-NS,610,1786,0,2,0,1788,A
8-NS,611,0,0,1798,0,1798,G
8-NS,612,1787,1,1,0,1789,A
8-NS,613,1780,0,0,0,1780,A
8-NS,614,1,0,1816,0,1817,G
8-NS,615,0,2,0,1813,1815,C
8-NS,616,1819,0,0,0,1819,A
8-NS,617,0,0,1851,0,1851,G
8-NS,618,0,1837,0,0,1837,T
8-NS,619,1853,1,0,0,1854,A
8-NS,620,1853,0,0,0,1853,A
8-NS,621,0,1840,0,0,1840,T
8-NS,622,0,3,1852,0,1855,G
8-NS,623,1767,1,8,0,1776,A
8-NS,624,0,1,1824,0,1825,G
8-NS,625,1797,0,0,0,1797,A
8-NS,626,1738,0,0,0,1738,A
8-NS,627,0,1726,0,0,1726,T
8-NS,628,1,0,1704,0,1705,G
8-NS,629,1,1,1714,0,1716,G
8-NS,630,0,1,1705,0,1706,G
8-NS,631,0,1,1693,0,1694,G
8-NS,632,3,2,1688,0,1693,G
8-NS,633,1628,0,0,0,1628,A
8-NS,634,0,1590,0,4,1594,T
8-NS,635,5,0,0,1652,1657,C
8-NS,636,1,1643,0,5,1649,T
8-NS,637,2,0,0,1667,1669,C
8-NS,638,1,0,0,1667,1668,C
8-NS,639,1667,1,1,0,1669,A
8-NS,640,0,0,0,1667,1667,C
8-NS,641,0,1613,0,17,1630,T
8-NS,642,0,1617,0,1,1618,T
8-NS,643,1599,0,0,0,1599,A
8-NS,644,0,1,0,1628,1629,C
8-NS,645,0,1608,0,4,1612,T
8-NS,646,2,1,0,1595,1598,C
8-NS,647,0,0,0,1581,1581,C
8-NS,648,1589,0,0,0,1589,A
8-NS,649,1590,0,1,0,1591,A
8-NS,650,1589,0,0,0,1589,A
8-NS,651,1590,0,2,1,1593,A
8-NS,652,1,0,0,1591,1592,C
8-NS,653,1526,0,0,0,1526,A
8-NS,654,0,1,1531,0,1532,G
8-NS,655,1526,0,0,0,1526,A
8-NS,656,1523,0,2,0,1525,A
8-NS,657,1525,0,2,0,1527,A
8-NS,658,0,0,0,1531,1531,C
8-NS,659,2,0,1526,0,1528,G
8-NS,660,0,0,1524,0,1524,G
8-NS,661,0,1,1521,0,1522,G
8-NS,662,1520,1,2,0,1523,A
8-NS,663,1519,0,0,0,1519,A
8-NS,664,1523,0,2,0,1525,A
8-NS,665,0,1524,0,0,1524,T
8-NS,666,0,2,1534,0,1536,G
8-NS,667,0,0,1531,0,1531,G
8-NS,668,0,1,0,1515,1516,C
8-NS,669,0,1,1525,0,1526,G
8-NS,670,1508,0,1,0,1509,A
8-NS,671,0,4,1516,0,1520,G
8-NS,672,1521,0,0,0,1521,A
8-NS,673,1520,0,0,0,1520,A
8-NS,674,0,0,0,1521,1521,C
8-NS,675,1479,0,1,0,1480,A
8-NS,676,0,0,1489,0,1489,G
8-NS,677,1,0,0,1479,1480,C
8-NS,678,0,1473,0,1,1474,T
8-NS,679,1478,0,1,0,1479,A
8-NS,680,0,1,1460,0,1461,G
8-NS,681,0,0,1469,1,1470,G
8-NS,682,0,1466,0,2,1468,T
8-NS,683,2,0,0,1435,1437,C
8-NS,684,1443,1,0,0,1444,A
8-NS,685,1438,0,2,0,1440,A
8-NS,686,1437,1,1,2,1441,A
8-NS,687,1450,0,3,0,1453,A
8-NS,688,0,0,1456,0,1456,G
8-NS,689,0,1395,0,0,1395,T
8-NS,690,0,1398,0,0,1398,T
8-NS,691,0,1395,0,1,1396,T
8-NS,692,0,0,1396,0,1396,G
8-NS,693,1395,0,2,0,1397,A
8-NS,694,1395,0,2,0,1397,A
8-NS,695,0,0,1411,0,1411,G
8-NS,696,1370,0,0,0,1370,A
8-NS,697,0,0,1388,0,1388,G
8-NS,698,1381,0,2,0,1383,A
8-NS,699,0,1387,0,0,1387,T
8-NS,700,1380,0,0,0,1380,A
8-NS,701,1382,0,3,0,1385,A
8-NS,702,0,0,1386,0,1386,G
8-NS,703,1289,0,2,0,1291,A
8-NS,704,1,1291,0,0,1292,T
8-NS,705,0,0,1292,0,1292,G
8-NS,706,0,0,1290,0,1290,G
8-NS,707,0,1,0,1286,1287,C
8-NS,708,0,1287,0,0,1287,T
8-NS,709,1284,0,2,0,1286,A
8-NS,710,1277,0,0,1,1278,A
8-NS,711,0,1281,0,0,1281,T
8-NS,712,0,1282,0,0,1282,T
8-NS,713,0,1,1276,0,1277,G
8-NS,714,1254,0,5,0,1259,A
8-NS,715,1258,0,0,0,1258,A
8-NS,716,0,0,1262,0,1262,G
8-NS,717,1253,0,0,0,1253,A
8-NS,718,1245,0,0,0,1245,A
8-NS,719,0,0,1264,0,1264,G
8-NS,720,1,1239,0,1,1241,T
8-NS,721,0,0,1249,0,1249,G
8-NS,722,1230,0,2,0,1232,A
8-NS,723,0,1,1243,0,1244,G
8-NS,724,1246,1,1,0,1248,A
8-NS,725,8,0,0,1227,1235,C
8-NS,726,1225,0,0,0,1225,A
8-NS,727,0,0,0,1227,1227,C
8-NS,728,1151,0,1,0,1152,A
8-NS,729,2,2,1177,0,1181,G
8-NS,730,1168,0,1,0,1169,A
8-NS,731,0,1161,0,2,1163,T
8-NS,732,0,1150,0,0,1150,T
8-NS,733,1152,0,2,0,1154,A
8-NS,734,1154,0,0,0,1154,A
8-NS,735,1151,0,0,0,1151,A
8-NS,736,1147,0,0,0,1147,A
8-NS,737,1141,0,0,1,1142,A
8-NS,738,1,0,0,1090,1091,C
8-NS,739,1025,0,0,0,1025,A
8-NS,740,1032,0,0,0,1032,A
8-NS,741,0,0,0,1034,1034,C
8-NS,742,0,1023,0,3,1026,T
8-NS,743,0,0,1029,0,1029,G
8-NS,744,1029,0,0,0,1029,A
8-NS,745,1035,0,0,0,1035,A
8-NS,746,1034,0,0,0,1034,A
8-NS,747,1021,0,0,0,1021,A
8-NS,748,0,1013,0,1,1014,T
8-NS,749,992,0,0,0,992,A
8-NS,750,1,0,1002,0,1003,G
8-NS,751,0,0,0,994,994,C
8-NS,752,2,977,1,0,980,T
8-NS,753,1,983,0,0,984,T
8-NS,754,0,970,0,0,970,T
8-NS,755,0,1,975,0,976,G
8-NS,756,974,0,1,0,975,A
8-NS,757,977,0,0,0,977,A
8-NS,758,0,0,0,976,976,C
8-NS,759,947,1,0,0,948,A
8-NS,760,950,0,0,0,950,A
8-NS,761,954,0,0,0,954,A
8-NS,762,0,949,0,0,949,T
8-NS,763,947,0,1,1,949,A
8-NS,764,938,0,0,0,938,A
8-NS,765,0,0,0,942,942,C
8-NS,766,927,0,0,0,927,A
8-NS,767,0,908,0,0,908,T
8-NS,768,1,894,0,0,895,T
8-NS,769,3,0,0,878,881,C
8-NS,770,877,0,0,0,877,A
8-NS,771,0,877,0,0,877,T
8-NS,772,0,0,880,0,880,G
8-NS,773,0,1,0,849,850,C
8-NS,774,833,0,1,0,834,A
8-NS,775,826,0,0,0,826,A
8-NS,776,0,0,827,0,827,G
8-NS,777,1,0,0,833,834,C
8-NS,778,829,0,1,0,830,A
8-NS,779,1,825,1,0,827,T
8-NS,780,0,828,0,0,828,T
8-NS,781,832,0,0,0,832,A
8-NS,782,0,1,0,819,820,C
8-NS,783,813,0,1,0,814,A
8-NS,784,803,1,0,0,804,A
8-NS,785,0,0,0,798,798,C
8-NS,786,0,663,0,0,663,T
8-NS,787,1,0,663,0,664,G
8-NS,788,1,0,0,645,646,C
8-NS,789,0,623,0,0,623,T
8-NS,790,0,0,628,0,628,G
8-NS,791,0,618,0,0,618,T
8-NS,792,0,617,0,0,617,T
8-NS,793,0,613,0,0,613,T
8-NS,794,0,0,611,0,611,G
8-NS,795,606,0,0,0,606,A
8-NS,796,602,0,1,0,603,A
8-NS,797,0,0,598,0,598,G
8-NS,798,0,593,0,0,593,T
8-NS,799,0,1,565,0,566,G
8-NS,800,0,0,569,0,569,G
8-NS,801,566,0,1,0,567,A
8-NS,802,568,0,0,0,568,A
8-NS,803,0,0,0,562,562,C
8-NS,804,553,0,1,0,554,A
8-NS,805,0,0,553,0,553,G
8-NS,806,0,0,543,0,543,G
8-NS,807,522,0,1,0,523,A
8-NS,808,0,1,529,0,530,G
8-NS,809,448,0,0,0,448,A
8-NS,810,0,448,0,0,448,T
8-NS,811,449,0,0,0,449,A
8-NS,812,447,0,0,0,447,A
8-NS,813,1,0,446,0,447,G
8-NS,814,386,0,0,0,386,A
8-NS,815,389,0,0,0,389,A
8-NS,816,0,0,0,385,385,C
8-NS,817,0,326,1,0,327,T
8-NS,818,0,322,0,0,322,T
8-NS,819,0,318,0,0,318,T
8-NS,820,0,0,0,322,322,C
8-NS,821,0,316,0,1,317,T
8-NS,822,0,0,0,311,311,C
8-NS,823,302,0,0,0,302,A
8-NS,824,0,300,0,0,300,T
8-NS,825,0,287,0,0,287,T
8-NS,826,0,291,0,0,291,T
8-NS,827,0,0,0,288,288,C
8-NS,828,275,0,0,0,275,A
8-NS,829,0,0,274,0,274,G
8-NS,830,0,0,0,275,275,C
8-NS,831,0,257,0,0,257,T
8-NS,832,0,258,0,0,258,T
8-NS,833,251,0,0,0,251,A
8-NS,834,0,252,0,0,252,T
8-NS,835,0,252,0,0,252,T
8-NS,836,0,250,0,0,250,T
8-NS,837,244,0,0,0,244,A
8-NS,838,237,0,1,0,238,A
8-NS,839,0,228,0,0,228,T
8-NS,840,0,1,225,0,226,G
8-NS,841,216,0,0,0,216,A
8-NS,842,0,199,0,0,199,T
8-NS,843,196,0,0,0,196,A
8-NS,844,195,0,0,0,195,A
8-NS,845,194,0,0,0,194,A
8-NS,846,192,0,1,0,193,A
8-NS,847,190,0,0,0,190,A
8-NS,848,190,0,0,0,190,A
8-NS,849,0,0,0,189,189,C
8-NS,850,174,0,0,0,174,A
8-NS,851,0,0,0,171,171,C
8-NS,852,0,0,0,164,164,C
8-NS,853,0,0,0,158,158,C
8-NS,854,0,152,0,0,152,T
8-NS,855,0,140,0,0,140,T
8-NS,856,0,0,140,0,140,G
8-NS,857,0,133,0,0,133,T
8-NS,858,0,132,0,0,132,T
8-NS,859,0,125,1,0,126,T
8-NS,860,1,0,0,47,48,C
8-NS,861,0,29,0,0,29,T
8-NS,862,27,0,0,0,27,A
8-NS,863,0,0,0,28,28,C
