Gene,Position,A,T,G,C,Coverage,Consensus
1-PB2,1,204,0,0,0,204,A
1-PB2,2,0,205,0,0,205,T
1-PB2,3,0,0,206,0,206,G
1-PB2,4,0,1,205,0,206,G
1-PB2,5,207,0,0,0,207,A
1-PB2,6,205,0,0,0,205,A
1-PB2,7,207,0,0,0,207,A
1-PB2,8,0,1,229,0,230,G
1-PB2,9,232,0,0,0,232,A
1-PB2,10,233,0,0,0,233,A
1-PB2,11,0,240,0,0,240,T
1-PB2,12,240,0,0,0,240,A
1-PB2,13,240,0,0,0,240,A
1-PB2,14,238,0,1,0,239,A
1-PB2,15,239,0,1,0,240,A
1-PB2,16,0,0,247,0,247,G
1-PB2,17,248,0,0,0,248,A
1-PB2,18,247,0,1,0,248,A
1-PB2,19,0,0,0,250,250,C
1-PB2,20,0,251,0,0,251,T
1-PB2,21,255,0,0,0,255,A
1-PB2,22,0,0,0,256,256,C
1-PB2,23,0,2,254,0,256,G
1-PB2,24,1,0,262,0,263,G
1-PB2,25,263,0,0,0,263,A
1-PB2,26,272,0,0,0,272,A
1-PB2,27,0,273,0,0,273,T
1-PB2,28,1,0,0,274,275,C
1-PB2,29,0,274,0,1,275,T
1-PB2,30,0,1,276,0,277,G
1-PB2,31,277,1,1,0,279,A
1-PB2,32,0,279,0,0,279,T
1-PB2,33,0,0,280,0,280,G
1-PB2,34,0,280,0,1,281,T
1-PB2,35,1,0,0,280,281,C
1-PB2,36,0,0,280,0,280,G
1-PB2,37,0,0,0,280,280,C
1-PB2,38,281,0,0,0,281,A
1-PB2,39,1,0,294,0,295,G
1-PB2,40,0,296,0,0,296,T
1-PB2,41,0,0,0,299,299,C
1-PB2,42,0,297,0,1,298,T
1-PB2,43,0,0,0,299,299,C
1-PB2,44,1,0,297,0,298,G
1-PB2,45,0,0,0,299,299,C
1-PB2,46,299,0,0,0,299,A
1-PB2,47,0,0,0,308,308,C
1-PB2,48,0,305,0,1,306,T
1-PB2,49,0,0,0,314,314,C
1-PB2,50,0,0,313,0,313,G
1-PB2,51,0,0,0,316,316,C
1-PB2,52,0,1,315,0,316,G
1-PB2,53,318,0,0,0,318,A
1-PB2,54,0,0,319,0,319,G
1-PB2,55,327,0,0,0,327,A
1-PB2,56,0,325,0,0,325,T
1-PB2,57,326,0,1,0,327,A
1-PB2,58,0,0,0,326,326,C
1-PB2,59,0,324,0,1,325,T
1-PB2,60,0,0,336,0,336,G
1-PB2,61,337,0,0,0,337,A
1-PB2,62,0,0,0,340,340,C
1-PB2,63,340,0,0,0,340,A
1-PB2,64,337,0,0,0,337,A
1-PB2,65,347,0,0,0,347,A
1-PB2,66,347,0,1,0,348,A
1-PB2,67,347,0,1,0,348,A
1-PB2,68,0,0,0,348,348,C
1-PB2,69,0,0,0,349,349,C
1-PB2,70,360,0,0,0,360,A
1-PB2,71,0,0,0,368,368,C
1-PB2,72,367,0,1,0,368,A
1-PB2,73,0,0,377,0,377,G
1-PB2,74,0,376,0,0,376,T
1-PB2,75,0,0,386,0,386,G
1-PB2,76,0,0,387,0,387,G
1-PB2,77,388,0,0,0,388,A
1-PB2,78,0,1,0,410,411,C
1-PB2,79,0,0,0,408,408,C
1-PB2,80,409,0,1,0,410,A
1-PB2,81,0,411,0,0,411,T
1-PB2,82,408,0,0,0,408,A
1-PB2,83,0,408,0,0,408,T
1-PB2,84,0,1,411,0,412,G
1-PB2,85,0,0,415,0,415,G
1-PB2,86,0,0,0,415,415,C
1-PB2,87,1,0,0,408,409,C
1-PB2,88,412,0,0,0,412,A
1-PB2,89,0,434,0,0,434,T
1-PB2,90,433,0,0,0,433,A
1-PB2,91,456,0,0,0,456,A
1-PB2,92,0,458,0,0,458,T
1-PB2,93,0,456,0,0,456,T
1-PB2,94,460,0,0,0,460,A
1-PB2,95,460,0,0,0,460,A
1-PB2,96,0,1,464,0,465,G
1-PB2,97,462,0,0,0,462,A
1-PB2,98,453,0,1,0,454,A
1-PB2,99,1,0,463,0,464,G
1-PB2,100,0,461,0,0,461,T
1-PB2,101,464,0,0,0,464,A
1-PB2,102,0,0,0,467,467,C
1-PB2,103,466,0,1,0,467,A
1-PB2,104,0,0,0,474,474,C
1-PB2,105,471,1,0,0,472,A
1-PB2,106,0,474,0,0,474,T
1-PB2,107,0,0,0,474,474,C
1-PB2,108,1,2,467,0,470,G
1-PB2,109,1,1,469,0,471,G
1-PB2,110,0,1,470,0,471,G
1-PB2,111,0,0,471,0,471,G
1-PB2,112,469,0,0,0,469,A
1-PB2,113,0,0,468,0,468,G
1-PB2,114,465,1,2,0,468,A
1-PB2,115,0,0,0,472,472,C
1-PB2,116,473,0,1,0,474,A
1-PB2,117,0,0,480,0,480,G
1-PB2,118,0,0,485,0,485,G
1-PB2,119,484,0,1,0,485,A
1-PB2,120,485,0,1,0,486,A
1-PB2,121,481,0,2,0,483,A
1-PB2,122,483,0,2,0,485,A
1-PB2,123,0,0,489,1,490,G
1-PB2,124,487,0,0,0,487,A
1-PB2,125,487,0,2,0,489,A
1-PB2,126,0,0,0,484,484,C
1-PB2,127,0,0,0,484,484,C
1-PB2,128,1,2,0,482,485,C
1-PB2,129,1,0,483,0,484,G
1-PB2,130,0,486,0,0,486,T
1-PB2,131,0,0,0,490,490,C
1-PB2,132,493,0,0,0,493,A
1-PB2,133,0,0,0,495,495,C
1-PB2,134,0,496,0,0,496,T
1-PB2,135,0,496,0,0,496,T
1-PB2,136,493,0,0,0,493,A
1-PB2,137,0,0,507,0,507,G
1-PB2,138,0,0,507,0,507,G
1-PB2,139,505,0,0,1,506,A
1-PB2,140,0,506,0,0,506,T
1-PB2,141,0,0,512,0,512,G
1-PB2,142,517,0,0,0,517,A
1-PB2,143,517,0,0,0,517,A
1-PB2,144,519,0,0,0,519,A
1-PB2,145,0,519,0,0,519,T
1-PB2,146,0,0,519,0,519,G
1-PB2,147,0,0,524,0,524,G
1-PB2,148,523,0,0,0,523,A
1-PB2,149,1,520,0,0,521,T
1-PB2,150,0,0,519,0,519,G
1-PB2,151,516,1,2,0,519,A
1-PB2,152,1,516,0,0,517,T
1-PB2,153,0,0,518,0,518,G
1-PB2,154,0,1,520,0,521,G
1-PB2,155,0,1,0,524,525,C
1-PB2,156,519,1,1,1,522,A
1-PB2,157,529,0,0,0,529,A
1-PB2,158,0,531,0,0,531,T
1-PB2,159,0,1,550,0,551,G
1-PB2,160,548,1,1,1,551,A
1-PB2,161,546,0,1,0,547,A
1-PB2,162,545,0,4,0,549,A
1-PB2,163,0,551,0,0,551,T
1-PB2,164,554,0,0,0,554,A
1-PB2,165,1,0,0,559,560,C
1-PB2,166,0,1,0,554,555,C
1-PB2,167,0,0,0,558,558,C
1-PB2,168,548,0,0,0,548,A
1-PB2,169,549,0,0,0,549,A
1-PB2,170,0,548,0,2,550,T
1-PB2,171,0,0,0,550,550,C
1-PB2,172,547,1,1,0,549,A
1-PB2,173,1,0,0,552,553,C
1-PB2,174,0,544,0,1,545,T
1-PB2,175,0,0,549,0,549,G
1-PB2,176,0,0,0,549,549,C
1-PB2,177,0,546,0,0,546,T
1-PB2,178,0,1,555,0,556,G
1-PB2,179,556,0,0,0,556,A
1-PB2,180,0,0,0,559,559,C
1-PB2,181,556,0,1,0,557,A
1-PB2,182,553,0,0,0,553,A
1-PB2,183,552,0,2,0,554,A
1-PB2,184,553,0,1,0,554,A
1-PB2,185,1,0,561,0,562,G
1-PB2,186,0,0,567,0,567,G
1-PB2,187,565,0,1,0,566,A
1-PB2,188,0,569,0,0,569,T
1-PB2,189,565,1,1,0,567,A
1-PB2,190,568,0,1,0,569,A
1-PB2,191,0,0,0,578,578,C
1-PB2,192,574,0,1,0,575,A
1-PB2,193,0,0,576,0,576,G
1-PB2,194,567,0,0,0,567,A
1-PB2,195,567,0,0,0,567,A
1-PB2,196,568,0,0,0,568,A
1-PB2,197,0,565,0,0,565,T
1-PB2,198,0,0,566,0,566,G
1-PB2,199,0,0,569,0,569,G
1-PB2,200,0,570,0,0,570,T
1-PB2,201,0,571,0,0,571,T
1-PB2,202,0,0,0,569,569,C
1-PB2,203,1,0,0,568,569,C
1-PB2,204,0,0,574,0,574,G
1-PB2,205,0,2,567,0,569,G
1-PB2,206,572,0,0,0,572,A
1-PB2,207,0,1,573,0,574,G
1-PB2,208,570,0,0,0,570,A
1-PB2,209,0,0,582,0,582,G
1-PB2,210,579,1,0,0,580,A
1-PB2,211,580,0,1,0,581,A
1-PB2,212,583,0,2,0,585,A
1-PB2,213,0,583,0,1,584,T
1-PB2,214,0,2,582,0,584,G
1-PB2,215,590,0,1,0,591,A
1-PB2,216,590,0,0,0,590,A
1-PB2,217,0,0,0,590,590,C
1-PB2,218,586,0,1,0,587,A
1-PB2,219,586,0,0,0,586,A
1-PB2,220,0,0,600,0,600,G
1-PB2,221,0,1,600,0,601,G
1-PB2,222,607,0,0,0,607,A
1-PB2,223,0,1,0,603,604,C
1-PB2,224,598,0,0,0,598,A
1-PB2,225,595,0,2,0,597,A
1-PB2,226,596,0,1,0,597,A
1-PB2,227,0,0,0,594,594,C
1-PB2,228,1,0,0,569,570,C
1-PB2,229,2,0,0,615,617,C
1-PB2,230,0,616,0,0,616,T
1-PB2,231,621,0,0,0,621,A
1-PB2,232,0,618,0,1,619,T
1-PB2,233,0,0,624,0,624,G
1-PB2,234,0,0,636,0,636,G
1-PB2,235,599,0,0,0,599,A
1-PB2,236,0,0,599,0,599,G
1-PB2,237,0,596,0,1,597,T
1-PB2,238,595,0,0,0,595,A
1-PB2,239,599,0,0,0,599,A
1-PB2,240,595,0,1,0,596,A
1-PB2,241,596,0,1,0,597,A
1-PB2,242,0,592,0,2,594,T
1-PB2,243,0,2,585,0,587,G
1-PB2,244,580,1,1,0,582,A
1-PB2,245,0,0,589,0,589,G
1-PB2,246,0,585,0,1,586,T
1-PB2,247,0,2,584,0,586,G
1-PB2,248,592,0,2,0,594,A
1-PB2,249,0,608,0,0,608,T
1-PB2,250,0,0,608,0,608,G
1-PB2,251,0,2,0,606,608,C
1-PB2,252,0,605,0,1,606,T
1-PB2,253,0,2,620,0,622,G
1-PB2,254,1,0,624,0,625,G
1-PB2,255,631,1,2,0,634,A
1-PB2,256,0,633,0,1,634,T
1-PB2,257,2,0,0,638,640,C
1-PB2,258,641,0,0,0,641,A
1-PB2,259,0,1,663,0,664,G
1-PB2,260,662,0,1,0,663,A
1-PB2,261,0,665,0,0,665,T
1-PB2,262,640,0,0,0,640,A
1-PB2,263,0,1,650,0,651,G
1-PB2,264,645,0,2,0,647,A
1-PB2,265,0,0,656,0,656,G
1-PB2,266,0,644,0,0,644,T
1-PB2,267,0,3,635,0,638,G
1-PB2,268,622,0,0,0,622,A
1-PB2,269,0,628,0,0,628,T
1-PB2,270,0,1,642,0,643,G
1-PB2,271,4,0,649,0,653,G
1-PB2,272,0,644,0,2,646,T
1-PB2,273,646,0,0,0,646,A
1-PB2,274,0,639,0,3,642,T
1-PB2,275,1,0,0,643,644,C
1-PB2,276,653,0,0,0,653,A
1-PB2,277,0,0,0,667,667,C
1-PB2,278,0,0,0,664,664,C
1-PB2,279,0,661,0,0,661,T
1-PB2,280,0,660,0,0,660,T
1-PB2,281,0,657,0,0,657,T
1-PB2,282,0,1,666,0,667,G
1-PB2,283,0,0,675,0,675,G
1-PB2,284,0,0,0,677,677,C
1-PB2,285,1,666,0,0,667,T
1-PB2,286,1,0,669,0,670,G
1-PB2,287,0,671,0,0,671,T
1-PB2,288,669,0,1,0,670,A
1-PB2,289,670,0,4,0,674,A
1-PB2,290,0,0,0,674,674,C
1-PB2,291,658,0,0,0,658,A
1-PB2,292,0,658,0,0,658,T
1-PB2,293,0,1,655,0,656,G
1-PB2,294,0,2,669,0,671,G
1-PB2,295,0,667,0,0,667,T
1-PB2,296,0,1,661,0,662,G
1-PB2,297,0,0,670,0,670,G
1-PB2,298,666,0,1,0,667,A
1-PB2,299,667,1,0,0,668,A
1-PB2,300,0,667,0,0,667,T
1-PB2,301,665,0,0,0,665,A
1-PB2,302,0,0,679,0,679,G
1-PB2,303,671,0,0,0,671,A
1-PB2,304,672,0,0,0,672,A
1-PB2,305,673,0,0,0,673,A
1-PB2,306,0,655,0,0,655,T
1-PB2,307,0,0,657,0,657,G
1-PB2,308,0,1,652,0,653,G
1-PB2,309,655,1,2,0,658,A
1-PB2,310,1,0,0,659,660,C
1-PB2,311,0,0,0,658,658,C
1-PB2,312,0,0,0,651,651,C
1-PB2,313,0,0,652,0,652,G
1-PB2,314,0,655,0,1,656,T
1-PB2,315,0,2,667,0,669,G
1-PB2,316,666,0,2,0,668,A
1-PB2,317,0,0,0,669,669,C
1-PB2,318,668,0,2,0,670,A
1-PB2,319,666,1,1,0,668,A
1-PB2,320,0,0,682,1,683,G
1-PB2,321,0,683,0,0,683,T
1-PB2,322,683,0,0,0,683,A
1-PB2,323,0,0,0,675,675,C
1-PB2,324,0,0,671,0,671,G
1-PB2,325,1,0,689,0,690,G
1-PB2,326,0,686,0,0,686,T
1-PB2,327,1,0,0,690,691,C
1-PB2,328,1,0,0,688,689,C
1-PB2,329,675,0,0,0,675,A
1-PB2,330,0,680,0,0,680,T
1-PB2,331,0,679,0,0,679,T
1-PB2,332,708,0,0,1,709,A
1-PB2,333,0,1,0,706,707,C
1-PB2,334,0,1,0,699,700,C
1-PB2,335,1,0,0,697,698,C
1-PB2,336,693,0,0,0,693,A
1-PB2,337,698,0,1,0,699,A
1-PB2,338,698,0,0,2,700,A
1-PB2,339,693,0,2,0,695,A
1-PB2,340,0,0,707,0,707,G
1-PB2,341,0,680,0,0,680,T
1-PB2,342,0,0,691,0,691,G
1-PB2,343,0,694,0,0,694,T
1-PB2,344,694,0,0,0,694,A
1-PB2,345,0,0,0,693,693,C
1-PB2,346,690,1,0,0,691,A
1-PB2,347,691,0,0,0,691,A
1-PB2,348,0,0,697,0,697,G
1-PB2,349,692,0,0,0,692,A
1-PB2,350,0,0,0,690,690,C
1-PB2,351,1,680,0,0,681,T
1-PB2,352,0,690,0,0,690,T
1-PB2,353,690,0,0,0,690,A
1-PB2,354,0,689,0,0,689,T
1-PB2,355,0,692,0,0,692,T
1-PB2,356,0,686,0,0,686,T
1-PB2,357,0,0,0,686,686,C
1-PB2,358,0,1,682,0,683,G
1-PB2,359,681,0,0,0,681,A
1-PB2,360,0,1,0,681,682,C
1-PB2,361,678,0,0,0,678,A
1-PB2,362,679,0,0,0,679,A
1-PB2,363,676,0,2,0,678,A
1-PB2,364,0,0,691,0,691,G
1-PB2,365,0,691,0,1,692,T
1-PB2,366,1,1,1,688,691,C
1-PB2,367,0,0,691,0,691,G
1-PB2,368,690,0,0,0,690,A
1-PB2,369,687,0,1,0,688,A
1-PB2,370,689,0,1,0,690,A
1-PB2,371,0,1,715,0,716,G
1-PB2,372,0,1,716,0,717,G
1-PB2,373,0,711,0,1,712,T
1-PB2,374,0,715,0,0,715,T
1-PB2,375,714,0,1,0,715,A
1-PB2,376,713,0,1,0,714,A
1-PB2,377,712,0,0,1,713,A
1-PB2,378,717,0,1,1,719,A
1-PB2,379,0,0,0,721,721,C
1-PB2,380,712,0,0,0,712,A
1-PB2,381,0,710,0,0,710,T
1-PB2,382,0,1,707,0,708,G
1-PB2,383,0,2,705,1,708,G
1-PB2,384,709,0,0,0,709,A
1-PB2,385,711,0,0,0,711,A
1-PB2,386,0,0,0,725,725,C
1-PB2,387,0,0,0,730,730,C
1-PB2,388,1,720,0,3,724,T
1-PB2,389,0,722,0,2,724,T
1-PB2,390,0,718,0,5,723,T
1-PB2,391,0,1,719,0,720,G
1-PB2,392,0,0,729,0,729,G
1-PB2,393,0,0,0,729,729,C
1-PB2,394,2,1,0,720,723,C
1-PB2,395,2,0,0,712,714,C
1-PB2,396,0,696,0,1,697,T
1-PB2,397,0,0,708,0,708,G
1-PB2,398,0,705,0,2,707,T
1-PB2,399,0,705,0,3,708,T
1-PB2,400,1,0,0,708,709,C
1-PB2,401,702,0,0,0,702,A
1-PB2,402,0,698,0,1,699,T
1-PB2,403,0,700,0,0,700,T
1-PB2,404,0,700,0,0,700,T
1-PB2,405,0,698,0,0,698,T
1-PB2,406,690,0,0,0,690,A
1-PB2,407,0,0,690,0,690,G
1-PB2,408,687,0,1,0,688,A
1-PB2,409,688,0,0,0,688,A
1-PB2,410,687,0,0,0,687,A
1-PB2,411,0,686,0,0,686,T
1-PB2,412,2,0,0,683,685,C
1-PB2,413,682,0,1,0,683,A
1-PB2,414,690,0,0,0,690,A
1-PB2,415,0,0,691,0,691,G
1-PB2,416,0,689,0,1,690,T
1-PB2,417,1,1,0,685,687,C
1-PB2,418,695,0,0,0,695,A
1-PB2,419,694,0,0,0,694,A
1-PB2,420,0,0,697,0,697,G
1-PB2,421,698,0,0,0,698,A
1-PB2,422,0,701,0,0,701,T
1-PB2,423,709,0,1,1,711,A
1-PB2,424,0,0,0,708,708,C
1-PB2,425,0,0,708,0,708,G
1-PB2,426,0,0,0,725,725,C
1-PB2,427,718,1,0,0,719,A
1-PB2,428,0,2,721,0,723,G
1-PB2,429,722,0,0,0,722,A
1-PB2,430,724,0,0,2,726,A
1-PB2,431,0,1,736,1,738,G
1-PB2,432,729,0,0,1,730,A
1-PB2,433,0,0,730,0,730,G
1-PB2,434,0,727,0,2,729,T
1-PB2,435,725,0,1,0,726,A
1-PB2,436,0,0,733,0,733,G
1-PB2,437,704,0,2,0,706,A
1-PB2,438,0,0,0,732,732,C
1-PB2,439,719,0,1,0,720,A
1-PB2,440,0,707,0,0,707,T
1-PB2,441,696,0,2,0,698,A
1-PB2,442,695,0,1,0,696,A
1-PB2,443,703,0,1,1,705,A
1-PB2,444,0,0,0,707,707,C
1-PB2,445,0,0,0,696,696,C
1-PB2,446,0,0,0,688,688,C
1-PB2,447,0,605,0,1,606,T
1-PB2,448,0,0,614,0,614,G
1-PB2,449,0,0,630,0,630,G
1-PB2,450,0,631,0,1,632,T
1-PB2,451,1,0,0,629,630,C
1-PB2,452,630,0,0,0,630,A
1-PB2,453,0,627,0,0,627,T
1-PB2,454,0,0,629,0,629,G
1-PB2,455,0,0,0,629,629,C
1-PB2,456,626,0,0,1,627,A
1-PB2,457,0,1,629,0,630,G
1-PB2,458,620,0,0,1,621,A
1-PB2,459,0,0,0,630,630,C
1-PB2,460,0,0,0,625,625,C
1-PB2,461,0,615,0,1,616,T
1-PB2,462,3,0,0,615,618,C
1-PB2,463,611,0,2,0,613,A
1-PB2,464,0,1,621,0,622,G
1-PB2,465,0,619,0,0,619,T
1-PB2,466,0,0,620,0,620,G
1-PB2,467,0,0,0,623,623,C
1-PB2,468,2,1,0,605,608,C
1-PB2,469,607,0,0,0,607,A
1-PB2,470,606,0,1,0,607,A
1-PB2,471,606,0,2,0,608,A
1-PB2,472,0,1,608,0,609,G
1-PB2,473,597,0,0,0,597,A
1-PB2,474,0,1,599,0,600,G
1-PB2,475,0,1,597,0,598,G
1-PB2,476,0,1,0,600,601,C
1-PB2,477,600,0,2,0,602,A
1-PB2,478,0,1,0,601,602,C
1-PB2,479,600,1,0,1,602,A
1-PB2,480,612,0,0,0,612,A
1-PB2,481,0,1,623,0,624,G
1-PB2,482,633,1,0,0,634,A
1-PB2,483,0,627,0,0,627,T
1-PB2,484,0,1,626,0,627,G
1-PB2,485,0,627,0,0,627,T
1-PB2,486,625,0,0,1,626,A
1-PB2,487,624,1,0,1,626,A
1-PB2,488,0,626,0,0,626,T
1-PB2,489,2,0,0,588,590,C
1-PB2,490,597,0,0,0,597,A
1-PB2,491,0,596,0,0,596,T
1-PB2,492,0,0,596,0,596,G
1-PB2,493,0,2,597,0,599,G
1-PB2,494,597,0,0,0,597,A
1-PB2,495,588,0,2,0,590,A
1-PB2,496,0,0,593,0,593,G
1-PB2,497,0,593,0,0,593,T
1-PB2,498,0,592,0,0,592,T
1-PB2,499,0,0,594,0,594,G
1-PB2,500,0,592,1,2,595,T
1-PB2,501,0,591,0,0,591,T
1-PB2,502,0,590,0,0,590,T
1-PB2,503,0,591,0,0,591,T
1-PB2,504,1,590,0,0,591,T
1-PB2,505,3,0,0,589,592,C
1-PB2,506,1,0,0,596,597,C
1-PB2,507,0,0,0,596,596,C
1-PB2,508,595,0,0,0,595,A
1-PB2,509,599,1,0,0,600,A
1-PB2,510,0,601,0,0,601,T
1-PB2,511,0,1,602,0,603,G
1-PB2,512,602,0,0,0,602,A
1-PB2,513,602,0,0,0,602,A
1-PB2,514,0,0,607,0,607,G
1-PB2,515,0,602,0,0,602,T
1-PB2,516,1,1,595,0,597,G
1-PB2,517,0,0,598,0,598,G
1-PB2,518,0,0,600,0,600,G
1-PB2,519,604,0,0,1,605,A
1-PB2,520,0,0,604,0,604,G
1-PB2,521,0,0,0,601,601,C
1-PB2,522,1,0,0,609,610,C
1-PB2,523,606,0,1,0,607,A
1-PB2,524,0,0,623,0,623,G
1-PB2,525,0,0,629,0,629,G
1-PB2,526,629,0,1,0,630,A
1-PB2,527,0,625,0,0,625,T
1-PB2,528,626,0,0,0,626,A
1-PB2,529,0,0,0,624,624,C
1-PB2,530,0,620,0,0,620,T
1-PB2,531,621,0,1,0,622,A
1-PB2,532,621,0,1,0,622,A
1-PB2,533,0,0,0,626,626,C
1-PB2,534,612,0,2,0,614,A
1-PB2,535,0,604,0,0,604,T
1-PB2,536,0,0,0,606,606,C
1-PB2,537,596,0,1,0,597,A
1-PB2,538,0,1,599,0,600,G
1-PB2,539,598,0,0,0,598,A
1-PB2,540,599,0,0,0,599,A
1-PB2,541,0,594,0,2,596,T
1-PB2,542,2,1,0,583,586,C
1-PB2,543,587,0,1,0,588,A
1-PB2,544,0,0,0,598,598,C
1-PB2,545,597,0,0,0,597,A
1-PB2,546,605,0,0,0,605,A
1-PB2,547,0,584,0,0,584,T
1-PB2,548,0,584,0,0,584,T
1-PB2,549,589,0,0,0,589,A
1-PB2,550,591,0,0,0,591,A
1-PB2,551,0,0,0,594,594,C
1-PB2,552,589,0,1,0,590,A
1-PB2,553,586,0,0,0,586,A
1-PB2,554,0,599,0,1,600,T
1-PB2,555,597,0,1,0,598,A
1-PB2,556,601,0,0,0,601,A
1-PB2,557,0,0,0,599,599,C
1-PB2,558,0,595,0,0,595,T
1-PB2,559,593,0,0,0,593,A
1-PB2,560,591,0,0,0,591,A
1-PB2,561,589,0,0,0,589,A
1-PB2,562,0,0,589,0,589,G
1-PB2,563,580,0,0,0,580,A
1-PB2,564,0,1,582,0,583,G
1-PB2,565,579,0,0,0,579,A
1-PB2,566,581,0,1,0,582,A
1-PB2,567,581,0,0,0,581,A
1-PB2,568,585,0,0,0,585,A
1-PB2,569,593,0,0,0,593,A
1-PB2,570,591,0,1,0,592,A
1-PB2,571,0,0,593,0,593,G
1-PB2,572,594,0,0,0,594,A
1-PB2,573,579,0,2,0,581,A
1-PB2,574,1,1,583,0,585,G
1-PB2,575,586,0,0,0,586,A
1-PB2,576,586,0,0,0,586,A
1-PB2,577,0,0,1,586,587,C
1-PB2,578,0,587,0,0,587,T
1-PB2,579,0,0,0,590,590,C
1-PB2,580,1,0,0,589,590,C
1-PB2,581,1,0,591,0,592,G
1-PB2,582,589,0,0,1,590,A
1-PB2,583,0,0,591,0,591,G
1-PB2,584,587,1,0,0,588,A
1-PB2,585,0,588,0,1,589,T
1-PB2,586,0,585,0,0,585,T
1-PB2,587,0,0,589,0,589,G
1-PB2,588,0,2,0,586,588,C
1-PB2,589,589,0,0,0,589,A
1-PB2,590,589,0,0,0,589,A
1-PB2,591,588,0,1,0,589,A
1-PB2,592,590,0,0,0,590,A
1-PB2,593,1,590,0,0,591,T
1-PB2,594,1,587,0,0,588,T
1-PB2,595,0,585,0,0,585,T
1-PB2,596,0,0,0,584,584,C
1-PB2,597,0,582,0,1,583,T
1-PB2,598,1,0,0,654,655,C
1-PB2,599,1,0,0,658,659,C
1-PB2,600,0,0,0,764,764,C
1-PB2,601,1,760,0,0,761,T
1-PB2,602,1,775,0,2,778,T
1-PB2,603,1,3,779,0,783,G
1-PB2,604,784,0,0,0,784,A
1-PB2,605,1,803,0,0,804,T
1-PB2,606,0,2,822,0,824,G
1-PB2,607,0,1,960,0,961,G
1-PB2,608,0,984,0,2,986,T
1-PB2,609,0,985,0,1,986,T
1-PB2,610,2,0,1093,0,1095,G
1-PB2,611,0,0,0,1099,1099,C
1-PB2,612,1122,0,1,0,1123,A
1-PB2,613,0,1120,0,1,1121,T
1-PB2,614,1124,1,2,4,1131,A
1-PB2,615,0,0,0,1203,1203,C
1-PB2,616,1416,0,1,2,1419,A
1-PB2,617,0,1462,0,0,1462,T
1-PB2,618,0,0,1562,0,1562,G
1-PB2,619,0,1547,0,0,1547,T
1-PB2,620,0,1549,1,0,1550,T
1-PB2,621,1543,0,2,0,1545,A
1-PB2,622,1,0,1548,0,1549,G
1-PB2,623,1573,0,1,0,1574,A
1-PB2,624,0,1,1611,0,1612,G
1-PB2,625,1562,0,2,0,1564,A
1-PB2,626,1,1,1560,0,1562,G
1-PB2,627,1538,0,2,2,1542,A
1-PB2,628,0,2,1553,0,1555,G
1-PB2,629,1559,1,1,0,1561,A
1-PB2,630,1562,1,0,2,1565,A
1-PB2,631,0,2,0,1578,1580,C
1-PB2,632,0,1570,0,1,1571,T
1-PB2,633,0,1569,0,1,1570,T
1-PB2,634,1,0,1572,0,1573,G
1-PB2,635,0,1571,0,0,1571,T
1-PB2,636,1576,1,0,0,1577,A
1-PB2,637,0,0,0,1570,1570,C
1-PB2,638,10,3,1561,0,1574,G
1-PB2,639,1572,1,2,0,1575,A
1-PB2,640,1572,0,1,0,1573,A
1-PB2,641,1595,0,1,0,1596,A
1-PB2,642,1598,0,1,1,1600,A
1-PB2,643,1597,1,1,0,1599,A
1-PB2,644,0,0,0,1606,1606,C
1-PB2,645,1604,0,0,0,1604,A
1-PB2,646,1603,0,3,0,1606,A
1-PB2,647,0,4,1620,0,1624,G
1-PB2,648,1631,1,1,0,1633,A
1-PB2,649,0,1634,0,0,1634,T
1-PB2,650,0,1630,1,0,1631,T
1-PB2,651,2,1636,0,0,1638,T
1-PB2,652,2,0,0,1645,1647,C
1-PB2,653,0,1650,0,1,1651,T
1-PB2,654,3,1,0,1649,1653,C
1-PB2,655,1,0,0,1647,1648,C
1-PB2,656,1,0,0,1654,1655,C
1-PB2,657,1650,0,0,1,1651,A
1-PB2,658,0,0,1664,0,1664,G
1-PB2,659,0,1662,0,2,1664,T
1-PB2,660,0,1654,0,2,1656,T
1-PB2,661,0,1,1658,0,1659,G
1-PB2,662,0,1,0,1660,1661,C
1-PB2,663,0,1655,1,1,1657,T
1-PB2,664,0,0,1666,0,1666,G
1-PB2,665,0,0,1660,0,1660,G
1-PB2,666,1,2,0,1662,1665,C
1-PB2,667,0,3,1664,0,1667,G
1-PB2,668,0,2,1687,0,1689,G
1-PB2,669,1699,0,2,0,1701,A
1-PB2,670,1694,0,5,0,1699,A
1-PB2,671,0,2,0,1701,1703,C
1-PB2,672,1717,0,1,0,1718,A
1-PB2,673,1711,0,5,0,1716,A
1-PB2,674,0,0,1819,0,1819,G
1-PB2,675,0,0,1,1864,1865,C
1-PB2,676,1884,1,1,0,1886,A
1-PB2,677,1,0,2406,0,2407,G
1-PB2,678,0,2415,0,0,2415,T
1-PB2,679,2424,0,3,0,2427,A
1-PB2,680,0,2427,0,4,2431,T
1-PB2,681,2442,0,1,0,2443,A
1-PB2,682,0,2442,0,0,2442,T
1-PB2,683,2416,0,1,0,2417,A
1-PB2,684,0,1,0,2456,2457,C
1-PB2,685,2371,0,0,1,2372,A
1-PB2,686,0,2294,0,0,2294,T
1-PB2,687,0,2230,0,0,2230,T
1-PB2,688,1,3,2234,0,2238,G
1-PB2,689,2227,0,1,1,2229,A
1-PB2,690,2228,0,3,0,2231,A
1-PB2,691,1,0,2266,0,2267,G
1-PB2,692,0,2257,0,0,2257,T
1-PB2,693,1,2250,0,1,2252,T
1-PB2,694,1,2250,0,2,2253,T
1-PB2,695,0,2255,0,0,2255,T
1-PB2,696,2272,1,1,2,2276,A
1-PB2,697,0,1,0,2295,2296,C
1-PB2,698,2295,0,1,1,2297,A
1-PB2,699,0,2292,0,1,2293,T
1-PB2,700,1,2274,0,1,2276,T
1-PB2,701,0,2281,0,0,2281,T
1-PB2,702,0,4,2314,0,2318,G
1-PB2,703,2324,1,2,1,2328,A
1-PB2,704,0,1,0,2338,2339,C
1-PB2,705,0,2322,0,2,2324,T
1-PB2,706,4,0,0,2323,2327,C
1-PB2,707,2322,0,2,0,2324,A
1-PB2,708,1,3,2301,0,2305,G
1-PB2,709,1,1,2359,0,2361,G
1-PB2,710,1,2,2358,1,2362,G
1-PB2,711,2364,0,2,1,2367,A
1-PB2,712,2368,0,4,1,2373,A
1-PB2,713,0,2,0,2371,2373,C
1-PB2,714,0,0,2399,0,2399,G
1-PB2,715,1,2390,0,4,2395,T
1-PB2,716,0,0,2415,1,2416,G
1-PB2,717,0,2404,0,1,2405,T
1-PB2,718,0,2398,0,0,2398,T
1-PB2,719,0,0,2409,0,2409,G
1-PB2,720,1,2,2404,0,2407,G
1-PB2,721,0,1,2426,0,2427,G
1-PB2,722,2413,1,3,0,2417,A
1-PB2,723,2409,0,3,0,2412,A
1-PB2,724,0,1,0,2488,2489,C
1-PB2,725,2475,1,1,0,2477,A
1-PB2,726,2558,0,0,0,2558,A
1-PB2,727,2562,0,3,0,2565,A
1-PB2,728,0,2582,0,0,2582,T
1-PB2,729,13,0,2605,0,2618,G
1-PB2,730,1,2596,1,3,2601,T
1-PB2,731,2604,0,0,1,2605,A
1-PB2,732,2,0,0,2614,2616,C
1-PB2,733,2564,1,2,0,2567,A
1-PB2,734,0,1,0,2564,2565,C
1-PB2,735,1,2492,0,1,2494,T
1-PB2,736,2,0,0,2698,2700,C
1-PB2,737,0,1,0,2701,2702,C
1-PB2,738,2742,0,4,0,2746,A
1-PB2,739,0,1,2762,0,2763,G
1-PB2,740,0,1,2840,0,2841,G
1-PB2,741,0,2837,0,1,2838,T
1-PB2,742,2,4,2829,1,2836,G
1-PB2,743,0,3,2767,0,2770,G
1-PB2,744,2749,1,3,0,2753,A
1-PB2,745,2,2,2757,0,2761,G
1-PB2,746,0,3,2764,0,2767,G
1-PB2,747,2727,1,6,0,2734,A
1-PB2,748,1,0,2755,0,2756,G
1-PB2,749,0,2703,0,0,2703,T
1-PB2,750,1,4,2712,1,2718,G
1-PB2,751,2714,0,3,0,2717,A
1-PB2,752,0,0,2732,1,2733,G
1-PB2,753,0,4,2741,0,2745,G
1-PB2,754,2724,1,1,0,2726,A
1-PB2,755,2725,0,4,1,2730,A
1-PB2,756,0,2740,0,0,2740,T
1-PB2,757,0,3,2737,0,2740,G
1-PB2,758,2741,1,2,0,2744,A
1-PB2,759,1,1,0,2738,2740,C
1-PB2,760,0,3,2735,0,2738,G
1-PB2,761,2762,0,1,0,2763,A
1-PB2,762,2,2747,0,0,2749,T
1-PB2,763,0,0,2770,0,2770,G
1-PB2,764,0,2750,0,12,2762,T
1-PB2,765,0,2739,0,2,2741,T
1-PB2,766,2,6,2754,0,2762,G
1-PB2,767,2765,0,2,0,2767,A
1-PB2,768,0,21,0,2743,2764,C
1-PB2,769,5,0,0,2756,2761,C
1-PB2,770,2733,1,3,0,2737,A
1-PB2,771,2737,0,3,0,2740,A
1-PB2,772,2753,0,5,0,2758,A
1-PB2,773,0,0,2819,0,2819,G
1-PB2,774,0,0,0,2809,2809,C
1-PB2,775,1,1,0,2809,2811,C
1-PB2,776,1,2820,0,2,2823,T
1-PB2,777,2824,1,0,0,2825,A
1-PB2,778,2830,1,0,0,2831,A
1-PB2,779,1,2832,0,0,2833,T
1-PB2,780,0,2829,0,0,2829,T
1-PB2,781,2794,0,1,0,2795,A
1-PB2,782,0,2741,0,3,2744,T
1-PB2,783,1,2727,0,1,2729,T
1-PB2,784,0,0,2710,0,2710,G
1-PB2,785,3,2,0,2708,2713,C
1-PB2,786,0,0,2709,0,2709,G
1-PB2,787,1,0,2757,0,2758,G
1-PB2,788,1,5,0,2750,2756,C
1-PB2,789,1,0,0,2776,2777,C
1-PB2,790,2764,1,12,1,2778,A
1-PB2,791,0,1,2835,0,2836,G
1-PB2,792,1,5,2847,0,2853,G
1-PB2,793,2852,0,2,0,2854,A
1-PB2,794,2862,1,4,0,2867,A
1-PB2,795,2,4,0,2865,2871,C
1-PB2,796,2856,0,4,0,2860,A
1-PB2,797,0,2909,0,1,2910,T
1-PB2,798,2953,0,3,0,2956,A
1-PB2,799,0,1,2978,0,2979,G
1-PB2,800,0,2947,0,1,2948,T
1-PB2,801,2925,0,6,0,2931,A
1-PB2,802,2921,0,3,1,2925,A
1-PB2,803,1,2,2923,0,2926,G
1-PB2,804,2915,0,2,0,2917,A
1-PB2,805,2879,0,3,0,2882,A
1-PB2,806,0,4,2878,0,2882,G
1-PB2,807,2808,0,10,0,2818,A
1-PB2,808,1,0,2816,0,2817,G
1-PB2,809,1,0,0,2816,2817,C
1-PB2,810,5,0,0,2804,2809,C
1-PB2,811,0,0,2823,0,2823,G
1-PB2,812,1,2,0,2829,2832,C
1-PB2,813,2849,0,4,1,2854,A
1-PB2,814,0,1,3052,0,3053,G
1-PB2,815,0,3048,0,1,3049,T
1-PB2,816,3062,0,0,0,3062,A
1-PB2,817,1,3043,1,3,3048,T
1-PB2,818,3,0,1,3062,3066,C
1-PB2,819,3054,1,5,0,3060,A
1-PB2,820,0,0,3070,0,3070,G
1-PB2,821,1,1,1,3069,3072,C
1-PB2,822,2991,0,0,0,2991,A
1-PB2,823,0,0,2970,0,2970,G
1-PB2,824,2976,0,3,0,2979,A
1-PB2,825,1,2971,0,2,2974,T
1-PB2,826,1,1,0,2984,2986,C
1-PB2,827,3,1,0,2987,2991,C
1-PB2,828,2989,0,2,0,2991,A
1-PB2,829,0,1,0,2995,2996,C
1-PB2,830,0,2993,0,1,2994,T
1-PB2,831,3008,0,1,1,3010,A
1-PB2,832,1,2,2999,0,3002,G
1-PB2,833,0,3,0,2983,2986,C
1-PB2,834,2984,1,3,0,2988,A
1-PB2,835,2,3001,0,2,3005,T
1-PB2,836,1,0,1,3048,3050,C
1-PB2,837,1,3040,1,2,3044,T
1-PB2,838,0,3087,1,2,3090,T
1-PB2,839,0,3105,0,1,3106,T
1-PB2,840,3105,0,0,0,3105,A
1-PB2,841,0,3102,0,2,3104,T
1-PB2,842,0,3099,0,0,3099,T
1-PB2,843,0,2,3082,1,3085,G
1-PB2,844,0,2,3096,0,3098,G
1-PB2,845,3030,0,6,1,3037,A
1-PB2,846,0,1,3041,1,3043,G
1-PB2,847,2988,0,3,1,2992,A
1-PB2,848,0,2987,0,1,2988,T
1-PB2,849,1,0,3051,0,3052,G
1-PB2,850,0,3048,0,5,3053,T
1-PB2,851,1,1,3038,1,3041,G
1-PB2,852,0,3,0,3053,3056,C
1-PB2,853,2,0,0,3038,3040,C
1-PB2,854,3034,0,4,1,3039,A
1-PB2,855,0,2,0,3037,3039,C
1-PB2,856,2997,2,0,0,2999,A
1-PB2,857,1,1,3031,0,3033,G
1-PB2,858,1,1,0,2972,2974,C
1-PB2,859,2975,1,3,0,2979,A
1-PB2,860,0,0,0,2974,2974,C
1-PB2,861,2967,0,3,0,2970,A
1-PB2,862,0,1,0,3003,3004,C
1-PB2,863,2998,0,1,0,2999,A
1-PB2,864,2992,0,4,0,2996,A
1-PB2,865,3001,0,7,0,3008,A
1-PB2,866,1,2936,0,1,2938,T
1-PB2,867,1,2940,0,0,2941,T
1-PB2,868,0,4,2924,0,2928,G
1-PB2,869,1,0,2921,0,2922,G
1-PB2,870,0,2,0,2924,2926,C
1-PB2,871,1,3,2907,0,2911,G
1-PB2,872,0,4,2910,0,2914,G
1-PB2,873,2903,0,4,0,2907,A
1-PB2,874,2984,0,1,0,2985,A
1-PB2,875,1,1,0,2989,2991,C
1-PB2,876,2983,0,2,0,2985,A
1-PB2,877,2994,0,2,0,2996,A
1-PB2,878,2,1,3002,0,3005,G
1-PB2,879,2,0,3003,1,3006,G
1-PB2,880,3011,0,1,0,3012,A
1-PB2,881,1,2885,0,0,2886,T
1-PB2,882,1,1,2893,0,2895,G
1-PB2,883,0,0,2913,0,2913,G
1-PB2,884,1,2886,0,0,2887,T
1-PB2,885,1,1,2885,0,2887,G
1-PB2,886,1,3,2881,0,2885,G
1-PB2,887,2867,1,3,0,2871,A
1-PB2,888,0,1,0,2875,2876,C
1-PB2,889,2851,0,1,0,2852,A
1-PB2,890,1,3222,0,0,3223,T
1-PB2,891,0,3210,0,2,3212,T
1-PB2,892,7,0,0,3198,3205,C
1-PB2,893,0,3179,0,2,3181,T
1-PB2,894,0,3173,0,1,3174,T
1-PB2,895,3174,2,5,0,3181,A
1-PB2,896,1,3,3189,0,3193,G
1-PB2,897,3178,1,3,0,3182,A
1-PB2,898,0,1,0,3174,3175,C
1-PB2,899,2730,2,4,0,2736,A
1-PB2,900,1,3,2746,0,2750,G
1-PB2,901,2735,0,5,0,2740,A
1-PB2,902,2744,0,1,0,2745,A
1-PB2,903,0,0,0,2744,2744,C
1-PB2,904,1,1,0,2730,2732,C
1-PB2,905,1,0,0,2728,2729,C
1-PB2,906,0,4,2731,1,2736,G
1-PB2,907,2737,0,0,0,2737,A
1-PB2,908,2,1,0,2742,2745,C
1-PB2,909,1,2713,1,1,2716,T
1-PB2,910,1,2,2730,1,2734,G
1-PB2,911,2724,1,2,0,2727,A
1-PB2,912,2734,0,9,0,2743,A
1-PB2,913,0,3,2745,0,2748,G
1-PB2,914,2737,1,4,2,2744,A
1-PB2,915,2747,0,2,0,2749,A
1-PB2,916,0,0,0,2746,2746,C
1-PB2,917,2719,0,9,0,2728,A
1-PB2,918,2742,0,4,0,2746,A
1-PB2,919,1,2,2769,0,2772,G
1-PB2,920,0,0,0,2774,2774,C
1-PB2,921,1,2745,0,0,2746,T
1-PB2,922,0,2,2786,0,2788,G
1-PB2,923,1,2780,1,1,2783,T
1-PB2,924,1,0,2840,2,2843,G
1-PB2,925,0,2,2959,0,2961,G
1-PB2,926,2960,0,5,0,2965,A
1-PB2,927,0,2960,1,2,2963,T
1-PB2,928,2927,1,0,0,2928,A
1-PB2,929,1,2895,1,1,2898,T
1-PB2,930,2986,1,0,0,2987,A
1-PB2,931,0,2938,0,0,2938,T
1-PB2,932,3,2,2931,0,2936,G
1-PB2,933,1,1,2,2901,2905,C
1-PB2,934,2796,1,1,0,2798,A
1-PB2,935,2801,0,5,0,2806,A
1-PB2,936,0,1,2808,0,2809,G
1-PB2,937,0,0,2806,0,2806,G
1-PB2,938,2,0,0,2803,2805,C
1-PB2,939,0,2731,0,4,2735,T
1-PB2,940,2,0,2753,0,2755,G
1-PB2,941,3,3,0,2750,2756,C
1-PB2,942,2756,0,2,0,2758,A
1-PB2,943,2769,0,3,0,2772,A
1-PB2,944,0,2761,0,0,2761,T
1-PB2,945,1,1,2777,0,2779,G
1-PB2,946,2,3,2755,0,2760,G
1-PB2,947,3,2,2763,0,2768,G
1-PB2,948,2758,2,5,0,2765,A
1-PB2,949,0,2757,0,0,2757,T
1-PB2,950,0,2742,1,1,2744,T
1-PB2,951,2,3,2748,0,2753,G
1-PB2,952,2751,1,1,0,2753,A
1-PB2,953,0,4,2773,0,2777,G
1-PB2,954,2754,1,2,0,2757,A
1-PB2,955,2728,0,2,0,2730,A
1-PB2,956,1,2706,0,1,2708,T
1-PB2,957,6,0,16,2689,2711,C
1-PB2,958,2704,0,1,1,2706,A
1-PB2,959,1,0,2714,0,2715,G
1-PB2,960,0,1,0,2709,2710,C
1-PB2,961,1,2692,1,4,2698,T
1-PB2,962,4,3,0,2679,2686,C
1-PB2,963,2687,0,2,0,2689,A
1-PB2,964,1,2724,0,1,2726,T
1-PB2,965,4,1,0,2734,2739,C
1-PB2,966,2,2,0,2750,2754,C
1-PB2,967,1,2736,1,3,2741,T
1-PB2,968,0,2731,0,2,2733,T
1-PB2,969,1,0,0,2731,2732,C
1-PB2,970,2732,0,2,0,2734,A
1-PB2,971,0,0,2764,1,2765,G
1-PB2,972,0,0,0,2760,2760,C
1-PB2,973,0,2730,0,2,2732,T
1-PB2,974,0,2731,0,0,2731,T
1-PB2,975,0,2710,0,1,2711,T
1-PB2,976,0,4,2709,0,2713,G
1-PB2,977,1,0,2716,0,2717,G
1-PB2,978,0,2714,0,1,2715,T
1-PB2,979,2,1,2724,0,2727,G
1-PB2,980,0,2,2715,0,2717,G
1-PB2,981,1,0,2732,1,2734,G
1-PB2,982,0,2732,1,1,2734,T
1-PB2,983,0,2727,0,0,2727,T
1-PB2,984,0,2727,0,0,2727,T
1-PB2,985,2732,1,3,0,2736,A
1-PB2,986,0,1,0,2748,2749,C
1-PB2,987,2750,0,1,0,2751,A
1-PB2,988,0,2743,0,0,2743,T
1-PB2,989,0,2698,0,0,2698,T
1-PB2,990,1,2681,1,1,2684,T
1-PB2,991,2688,0,1,0,2689,A
1-PB2,992,2685,0,1,0,2686,A
1-PB2,993,2684,0,1,0,2685,A
1-PB2,994,2675,0,4,0,2679,A
1-PB2,995,0,2,2695,0,2697,G
1-PB2,996,2682,0,5,0,2687,A
1-PB2,997,2668,0,5,9,2682,A
1-PB2,998,0,0,0,2687,2687,C
1-PB2,999,2679,0,5,0,2684,A
1-PB2,1000,2677,1,3,0,2681,A
1-PB2,1001,0,0,2685,0,2685,G
1-PB2,1002,0,2,0,2678,2680,C
1-PB2,1003,1,1,2677,0,2679,G
1-PB2,1004,1,2,2675,0,2678,G
1-PB2,1005,0,0,2679,0,2679,G
1-PB2,1006,1,2681,0,1,2683,T
1-PB2,1007,14,1,0,2651,2666,C
1-PB2,1008,2674,0,5,0,2679,A
1-PB2,1009,0,2671,0,2,2673,T
1-PB2,1010,2,2,1,2669,2674,C
1-PB2,1011,2663,1,3,0,2667,A
1-PB2,1012,0,2,2701,0,2703,G
1-PB2,1013,1,2660,0,2,2663,T
1-PB2,1014,7,1,0,2661,2669,C
1-PB2,1015,2672,0,1,0,2673,A
1-PB2,1016,2677,0,2,0,2679,A
1-PB2,1017,2676,1,0,0,2677,A
1-PB2,1018,2677,1,3,0,2681,A
1-PB2,1019,2695,0,1,1,2697,A
1-PB2,1020,2688,2,8,0,2698,A
1-PB2,1021,0,0,2698,0,2698,G
1-PB2,1022,2689,0,0,0,2689,A
1-PB2,1023,2683,2,4,0,2689,A
1-PB2,1024,1,5,2684,0,2690,G
1-PB2,1025,2677,1,4,1,2683,A
1-PB2,1026,2600,1,7,0,2608,A
1-PB2,1027,0,1,2597,0,2598,G
1-PB2,1028,2592,0,5,0,2597,A
1-PB2,1029,0,1,2597,0,2598,G
1-PB2,1030,1,1,2642,1,2645,G
1-PB2,1031,0,2647,0,0,2647,T
1-PB2,1032,0,1,2702,0,2703,G
1-PB2,1033,1,1,1,2712,2715,C
1-PB2,1034,1,2705,0,5,2711,T
1-PB2,1035,0,2721,0,0,2721,T
1-PB2,1036,2716,0,1,0,2717,A
1-PB2,1037,0,0,0,2718,2718,C
1-PB2,1038,2696,0,2,0,2698,A
1-PB2,1039,1,4,2688,0,2693,G
1-PB2,1040,0,0,2688,0,2688,G
1-PB2,1041,0,1,0,2643,2644,C
1-PB2,1042,2630,2,1,0,2633,A
1-PB2,1043,2633,0,1,1,2635,A
1-PB2,1044,2,2671,1,1,2675,T
1-PB2,1045,2,0,0,2708,2710,C
1-PB2,1046,1,2704,0,3,2708,T
1-PB2,1047,2,0,0,2708,2710,C
1-PB2,1048,0,0,0,2711,2711,C
1-PB2,1049,2710,0,1,0,2711,A
1-PB2,1050,2711,0,2,2,2715,A
1-PB2,1051,2714,0,3,0,2717,A
1-PB2,1052,0,0,0,2738,2738,C
1-PB2,1053,2663,1,0,0,2664,A
1-PB2,1054,0,2641,0,2,2643,T
1-PB2,1055,0,2548,1,4,2553,T
1-PB2,1056,0,2,2551,0,2553,G
1-PB2,1057,2540,1,3,0,2544,A
1-PB2,1058,0,3,2507,0,2510,G
1-PB2,1059,2609,0,5,0,2614,A
1-PB2,1060,2616,0,2,0,2618,A
1-PB2,1061,0,2635,1,0,2636,T
1-PB2,1062,2633,0,2,0,2635,A
1-PB2,1063,2630,0,3,0,2633,A
1-PB2,1064,1,0,2717,0,2718,G
1-PB2,1065,2660,0,13,0,2673,A
1-PB2,1066,2,0,2767,0,2769,G
1-PB2,1067,2,2685,0,1,2688,T
1-PB2,1068,2697,0,4,0,2701,A
1-PB2,1069,0,0,0,2767,2767,C
1-PB2,1070,2735,0,3,0,2738,A
1-PB2,1071,0,2737,0,2,2739,T
1-PB2,1072,0,1,2726,0,2727,G
1-PB2,1073,2650,0,4,0,2654,A
1-PB2,1074,0,2,2657,0,2659,G
1-PB2,1075,1,2,2651,0,2654,G
1-PB2,1076,2,1,2751,0,2754,G
1-PB2,1077,1,0,2764,0,2765,G
1-PB2,1078,0,2729,0,3,2732,T
1-PB2,1079,2739,0,0,0,2739,A
1-PB2,1080,1,2720,0,3,2724,T
1-PB2,1081,1,2,2726,0,2729,G
1-PB2,1082,2731,1,2,0,2734,A
1-PB2,1083,1,1,2722,0,2724,G
1-PB2,1084,0,4,2702,0,2706,G
1-PB2,1085,2508,1,1,0,2510,A
1-PB2,1086,0,0,2593,0,2593,G
1-PB2,1087,0,2581,0,2,2583,T
1-PB2,1088,2,2639,0,4,2645,T
1-PB2,1089,4,1,0,2646,2651,C
1-PB2,1090,2649,0,4,0,2653,A
1-PB2,1091,0,1,0,2656,2657,C
1-PB2,1092,2638,0,0,0,2638,A
1-PB2,1093,2641,0,3,0,2644,A
1-PB2,1094,0,2645,0,0,2645,T
1-PB2,1095,2,1,2596,0,2599,G
1-PB2,1096,1,2,2602,0,2605,G
1-PB2,1097,0,2517,3,2,2522,T
1-PB2,1098,1,0,2525,0,2526,G
1-PB2,1099,1,3,2531,1,2536,G
1-PB2,1100,2,1,2527,0,2530,G
1-PB2,1101,0,1,2549,0,2550,G
1-PB2,1102,2528,0,1,0,2529,A
1-PB2,1103,2530,1,2,0,2533,A
1-PB2,1104,2520,1,1,0,2522,A
1-PB2,1105,2474,2,8,0,2484,A
1-PB2,1106,1,5,2503,0,2509,G
1-PB2,1107,2497,0,5,0,2502,A
1-PB2,1108,0,0,2515,0,2515,G
1-PB2,1109,1,1,0,2501,2503,C
1-PB2,1110,2492,1,3,0,2496,A
1-PB2,1111,2494,0,4,0,2498,A
1-PB2,1112,15,1,0,2552,2568,C
1-PB2,1113,2571,0,4,0,2575,A
1-PB2,1114,0,0,2607,0,2607,G
1-PB2,1115,0,1,0,2582,2583,C
1-PB2,1116,1,2565,1,4,2571,T
1-PB2,1117,2638,0,1,0,2639,A
1-PB2,1118,0,2630,1,1,2632,T
1-PB2,1119,2648,0,0,0,2648,A
1-PB2,1120,0,0,0,2648,2648,C
1-PB2,1121,0,2496,0,2,2498,T
1-PB2,1122,2507,0,3,0,2510,A
1-PB2,1123,2461,0,1,0,2462,A
1-PB2,1124,0,2,2469,0,2471,G
1-PB2,1125,2455,2,3,2,2462,A
1-PB2,1126,2391,0,1,1,2393,A
1-PB2,1127,2391,0,1,0,2392,A
1-PB2,1128,2374,0,2,0,2376,A
1-PB2,1129,1,0,2385,0,2386,G
1-PB2,1130,0,3,0,2380,2383,C
1-PB2,1131,2368,1,3,0,2372,A
1-PB2,1132,2376,1,1,0,2378,A
1-PB2,1133,3,0,0,2395,2398,C
1-PB2,1134,3,2,0,2388,2393,C
1-PB2,1135,2395,0,3,0,2398,A
1-PB2,1136,0,3,2399,0,2402,G
1-PB2,1137,2394,0,0,0,2394,A
1-PB2,1138,2393,0,1,0,2394,A
1-PB2,1139,0,1,2413,0,2414,G
1-PB2,1140,2400,0,3,0,2403,A
1-PB2,1141,0,2398,0,1,2399,T
1-PB2,1142,1,2372,0,0,2373,T
1-PB2,1143,1,0,2380,0,2381,G
1-PB2,1144,2,0,2417,0,2419,G
1-PB2,1145,1,2406,0,2,2409,T
1-PB2,1146,0,2398,0,4,2402,T
1-PB2,1147,5,1,0,2404,2410,C
1-PB2,1148,2383,0,0,1,2384,A
1-PB2,1149,2378,0,4,1,2383,A
1-PB2,1150,0,1,0,2582,2583,C
1-PB2,1151,0,2572,0,7,2579,T
1-PB2,1152,4,0,0,2593,2597,C
1-PB2,1153,2552,0,1,2,2555,A
1-PB2,1154,1,2554,1,2,2558,T
1-PB2,1155,2552,0,2,1,2555,A
1-PB2,1156,1,1,2566,0,2568,G
1-PB2,1157,1,2452,0,1,2454,T
1-PB2,1158,0,3,2467,0,2470,G
1-PB2,1159,2365,0,4,0,2369,A
1-PB2,1160,0,0,2404,0,2404,G
1-PB2,1161,0,2379,0,1,2380,T
1-PB2,1162,1,2,2372,0,2375,G
1-PB2,1163,0,3,2386,0,2389,G
1-PB2,1164,2392,0,1,0,2393,A
1-PB2,1165,2360,0,9,0,2369,A
1-PB2,1166,0,1,2383,1,2385,G
1-PB2,1167,2350,0,3,0,2353,A
1-PB2,1168,6,2,2351,0,2359,G
1-PB2,1169,2331,0,5,0,2336,A
1-PB2,1170,0,0,0,2333,2333,C
1-PB2,1171,1,3,2336,0,2340,G
1-PB2,1172,2306,0,5,0,2311,A
1-PB2,1173,2322,0,2,0,2324,A
1-PB2,1174,0,2,1,2320,2323,C
1-PB2,1175,2304,0,5,0,2309,A
1-PB2,1176,0,1,2439,1,2441,G
1-PB2,1177,0,2424,0,5,2429,T
1-PB2,1178,4,2,0,2423,2429,C
1-PB2,1179,2434,0,2,0,2436,A
1-PB2,1180,2432,0,2,0,2434,A
1-PB2,1181,1,2432,0,0,2433,T
1-PB2,1182,2420,0,2,1,2423,A
1-PB2,1183,4,1,2421,0,2426,G
1-PB2,1184,0,3,0,2411,2414,C
1-PB2,1185,1,3,0,2328,2332,C
1-PB2,1186,0,1,2318,0,2319,G
1-PB2,1187,2322,0,0,0,2322,A
1-PB2,1188,2325,0,5,0,2330,A
1-PB2,1189,0,0,2352,0,2352,G
1-PB2,1190,2,0,0,2406,2408,C
1-PB2,1191,2403,0,1,0,2404,A
1-PB2,1192,2412,0,0,0,2412,A
1-PB2,1193,0,2410,0,1,2411,T
1-PB2,1194,2417,0,0,2,2419,A
1-PB2,1195,2444,2,3,1,2450,A
1-PB2,1196,1,2449,0,2,2452,T
1-PB2,1197,2,2,0,2427,2431,C
1-PB2,1198,2,2,2410,0,2414,G
1-PB2,1199,0,2364,0,3,2367,T
1-PB2,1200,1,3,2360,0,2364,G
1-PB2,1201,0,0,2385,0,2385,G
1-PB2,1202,1,0,0,2379,2380,C
1-PB2,1203,1,0,0,2383,2384,C
1-PB2,1204,2345,0,6,0,2351,A
1-PB2,1205,0,2350,0,2,2352,T
1-PB2,1206,0,3,2345,0,2348,G
1-PB2,1207,1,1,2386,0,2388,G
1-PB2,1208,1,2358,0,4,2363,T
1-PB2,1209,1,0,2370,0,2371,G
1-PB2,1210,0,2293,0,1,2294,T
1-PB2,1211,1,2289,0,6,2296,T
1-PB2,1212,0,2303,0,0,2303,T
1-PB2,1213,1,2307,0,3,2311,T
1-PB2,1214,1,1,0,2326,2328,C
1-PB2,1215,2328,0,3,0,2331,A
1-PB2,1216,0,1,0,2398,2399,C
1-PB2,1217,2373,0,2,2,2377,A
1-PB2,1218,2385,0,2,0,2387,A
1-PB2,1219,0,3,2385,0,2388,G
1-PB2,1220,2382,1,2,0,2385,A
1-PB2,1221,2301,0,60,0,2361,A
1-PB2,1222,0,1,2389,0,2390,G
1-PB2,1223,2393,0,0,0,2393,A
1-PB2,1224,0,2403,0,1,2404,T
1-PB2,1225,0,2377,0,0,2377,T
1-PB2,1226,0,1,2368,1,2370,G
1-PB2,1227,1,1,1,2354,2357,C
1-PB2,1228,2363,0,5,1,2369,A
1-PB2,1229,2,2387,0,5,2394,T
1-PB2,1230,1,2,2476,0,2479,G
1-PB2,1231,2486,0,2,0,2488,A
1-PB2,1232,0,2494,0,0,2494,T
1-PB2,1233,2489,0,0,0,2489,A
1-PB2,1234,2485,0,1,0,2486,A
1-PB2,1235,2496,1,2,0,2499,A
1-PB2,1236,2497,0,1,0,2498,A
1-PB2,1237,2,0,2501,0,2503,G
1-PB2,1238,0,0,0,2557,2557,C
1-PB2,1239,2571,2,0,1,2574,A
1-PB2,1240,0,0,2638,0,2638,G
1-PB2,1241,0,2621,0,1,2622,T
1-PB2,1242,0,2630,0,0,2630,T
1-PB2,1243,2623,0,2,1,2626,A
1-PB2,1244,1,2,2634,0,2637,G
1-PB2,1245,2615,0,4,0,2619,A
1-PB2,1246,1,1,2620,0,2622,G
1-PB2,1247,0,0,2611,0,2611,G
1-PB2,1248,0,2498,1,3,2502,T
1-PB2,1249,0,6,2508,0,2514,G
1-PB2,1250,2516,2,4,0,2522,A
1-PB2,1251,0,1,0,2529,2530,C
1-PB2,1252,0,0,0,2532,2532,C
1-PB2,1253,0,2500,0,5,2505,T
1-PB2,1254,0,1,2520,0,2521,G
1-PB2,1255,2520,1,0,0,2521,A
1-PB2,1256,2520,0,1,0,2521,A
1-PB2,1257,0,2512,0,1,2513,T
1-PB2,1258,0,2533,0,0,2533,T
1-PB2,1259,0,2533,0,1,2534,T
1-PB2,1260,1,3,0,2540,2544,C
1-PB2,1261,0,0,2545,0,2545,G
1-PB2,1262,1,2539,0,4,2544,T
1-PB2,1263,2,0,1,2537,2540,C
1-PB2,1264,2546,1,0,0,2547,A
1-PB2,1265,2548,1,0,0,2549,A
1-PB2,1266,0,1,0,2546,2547,C
1-PB2,1267,2511,0,4,0,2515,A
1-PB2,1268,1,2,2541,1,2545,G
1-PB2,1269,2531,0,2,0,2533,A
1-PB2,1270,1,0,2537,0,2538,G
1-PB2,1271,0,1,0,2539,2540,C
1-PB2,1272,2539,0,0,0,2539,A
1-PB2,1273,2566,0,2,0,2568,A
1-PB2,1274,2564,0,4,0,2568,A
1-PB2,1275,1,2560,1,0,2562,T
1-PB2,1276,3,2,0,2561,2566,C
1-PB2,1277,2524,0,1,0,2525,A
1-PB2,1278,0,0,2530,0,2530,G
1-PB2,1279,0,2,0,2532,2534,C
1-PB2,1280,0,2,2544,0,2546,G
1-PB2,1281,3,0,2672,0,2675,G
1-PB2,1282,0,2659,0,1,2660,T
1-PB2,1283,1,2657,0,1,2659,T
1-PB2,1284,1,1,2661,1,2664,G
1-PB2,1285,2664,0,4,0,2668,A
1-PB2,1286,2681,1,4,0,2686,A
1-PB2,1287,0,2,0,2694,2696,C
1-PB2,1288,7,1,0,2681,2689,C
1-PB2,1289,4,2,0,2695,2701,C
1-PB2,1290,2,0,0,2620,2622,C
1-PB2,1291,2639,0,3,0,2642,A
1-PB2,1292,1,2640,0,4,2645,T
1-PB2,1293,0,2,2658,0,2660,G
1-PB2,1294,0,0,0,2655,2655,C
1-PB2,1295,2647,1,2,0,2650,A
1-PB2,1296,1,2627,0,0,2628,T
1-PB2,1297,1,2,0,2618,2621,C
1-PB2,1298,2604,0,1,0,2605,A
1-PB2,1299,10,1,2625,0,2636,G
1-PB2,1300,1,1,0,2639,2641,C
1-PB2,1301,0,2628,0,6,2634,T
1-PB2,1302,0,2634,1,1,2636,T
1-PB2,1303,1,2629,0,1,2631,T
1-PB2,1304,1,2635,1,0,2637,T
1-PB2,1305,2635,1,0,0,2636,A
1-PB2,1306,2625,0,3,1,2629,A
1-PB2,1307,1,2,2632,0,2635,G
1-PB2,1308,1,4,2604,0,2609,G
1-PB2,1309,2,1,0,2594,2597,C
1-PB2,1310,2594,0,0,0,2594,A
1-PB2,1311,0,2597,1,2,2600,T
1-PB2,1312,0,2606,0,3,2609,T
1-PB2,1313,0,2611,1,1,2613,T
1-PB2,1314,1,2414,0,208,2623,T
1-PB2,1315,2,0,0,2623,2625,C
1-PB2,1316,2618,0,5,0,2623,A
1-PB2,1317,5,1,2618,0,2624,G
1-PB2,1318,2617,0,1,0,2618,A
1-PB2,1319,2611,0,0,0,2611,A
1-PB2,1320,2602,0,2,1,2605,A
1-PB2,1321,0,0,2607,0,2607,G
1-PB2,1322,2620,1,5,0,2626,A
1-PB2,1323,1,2622,0,3,2626,T
1-PB2,1324,0,2,2620,0,2622,G
1-PB2,1325,1,1,0,2628,2630,C
1-PB2,1326,1,1,2630,0,2632,G
1-PB2,1327,2636,1,1,0,2638,A
1-PB2,1328,2638,0,0,0,2638,A
1-PB2,1329,2630,0,1,0,2631,A
1-PB2,1330,3,0,2634,0,2637,G
1-PB2,1331,0,2616,0,2,2618,T
1-PB2,1332,0,0,2617,0,2617,G
1-PB2,1333,1,0,0,2599,2600,C
1-PB2,1334,0,2599,0,3,2602,T
1-PB2,1335,0,2602,0,0,2602,T
1-PB2,1336,0,2600,0,1,2601,T
1-PB2,1337,0,2604,1,0,2605,T
1-PB2,1338,1,2607,0,1,2609,T
1-PB2,1339,3,0,0,2599,2602,C
1-PB2,1340,2610,0,0,1,2611,A
1-PB2,1341,2616,0,3,0,2619,A
1-PB2,1342,2615,0,0,0,2615,A
1-PB2,1343,2621,0,0,1,2622,A
1-PB2,1344,0,2621,0,0,2621,T
1-PB2,1345,0,2624,0,1,2625,T
1-PB2,1346,2,3,2624,0,2629,G
1-PB2,1347,0,2,2627,0,2629,G
1-PB2,1348,0,4,2617,0,2621,G
1-PB2,1349,1,5,2649,0,2655,G
1-PB2,1350,2647,0,7,1,2655,A
1-PB2,1351,1,0,2711,0,2712,G
1-PB2,1352,0,2701,0,2,2703,T
1-PB2,1353,0,2702,1,0,2703,T
1-PB2,1354,2,4,2708,0,2714,G
1-PB2,1355,2708,0,2,0,2710,A
1-PB2,1356,2712,0,8,0,2720,A
1-PB2,1357,2,2,0,2798,2802,C
1-PB2,1358,2764,0,2,0,2766,A
1-PB2,1359,0,0,0,2825,2825,C
1-PB2,1360,2785,0,0,0,2785,A
1-PB2,1361,1,2783,1,2,2787,T
1-PB2,1362,4,5,0,2784,2793,C
1-PB2,1363,1,4,2785,0,2790,G
1-PB2,1364,2798,1,3,0,2802,A
1-PB2,1365,1,1,0,2793,2795,C
1-PB2,1366,2708,0,2,0,2710,A
1-PB2,1367,0,0,2800,0,2800,G
1-PB2,1368,2,2726,0,3,2731,T
1-PB2,1369,0,0,2779,0,2779,G
1-PB2,1370,0,2757,0,6,2763,T
1-PB2,1371,0,1,2763,0,2764,G
1-PB2,1372,2765,0,2,0,2767,A
1-PB2,1373,0,2745,0,1,2746,T
1-PB2,1374,1,1,2749,0,2751,G
1-PB2,1375,1,0,2751,0,2752,G
1-PB2,1376,1,4,2718,0,2723,G
1-PB2,1377,2683,0,13,0,2696,A
1-PB2,1378,2685,0,3,0,2688,A
1-PB2,1379,1,2678,0,2,2681,T
1-PB2,1380,1,2,2708,1,2712,G
1-PB2,1381,2727,0,0,0,2727,A
1-PB2,1382,0,2717,0,4,2721,T
1-PB2,1383,0,2724,0,1,2725,T
1-PB2,1384,2,1,2709,0,2712,G
1-PB2,1385,1,5,2758,0,2764,G
1-PB2,1386,2761,1,2,0,2764,A
1-PB2,1387,1,0,2788,0,2789,G
1-PB2,1388,0,2761,1,0,2762,T
1-PB2,1389,2727,0,1,0,2728,A
1-PB2,1390,0,2730,0,1,2731,T
1-PB2,1391,0,2754,1,3,2758,T
1-PB2,1392,2774,0,0,0,2774,A
1-PB2,1393,0,0,0,2765,2765,C
1-PB2,1394,2,0,0,2723,2725,C
1-PB2,1395,2674,0,5,0,2679,A
1-PB2,1396,0,2,2696,0,2698,G
1-PB2,1397,2742,0,1,0,2743,A
1-PB2,1398,0,2722,0,1,2723,T
1-PB2,1399,2702,0,1,0,2703,A
1-PB2,1400,0,2677,0,1,2678,T
1-PB2,1401,0,8,2660,0,2668,G
1-PB2,1402,2665,0,3,0,2668,A
1-PB2,1403,0,1,0,2690,2691,C
1-PB2,1404,1,2671,0,5,2677,T
1-PB2,1405,3,0,0,2667,2670,C
1-PB2,1406,3,0,0,2615,2618,C
1-PB2,1407,2623,0,2,0,2625,A
1-PB2,1408,2630,0,3,2,2635,A
1-PB2,1409,2,0,2672,0,2674,G
1-PB2,1410,0,1,0,2667,2668,C
1-PB2,1411,2658,0,0,0,2658,A
1-PB2,1412,0,1,0,2654,2655,C
1-PB2,1413,2634,1,2,0,2637,A
1-PB2,1414,0,2,2637,0,2639,G
1-PB2,1415,2635,0,4,0,2639,A
1-PB2,1416,1,1,2638,0,2640,G
1-PB2,1417,2639,0,5,1,2645,A
1-PB2,1418,2,2570,1,4,2577,T
1-PB2,1419,1,1,2621,0,2623,G
1-PB2,1420,1,2608,0,3,2612,T
1-PB2,1421,8,0,0,2592,2600,C
1-PB2,1422,2603,1,7,0,2611,A
1-PB2,1423,2598,1,4,1,2604,A
1-PB2,1424,1,2598,0,1,2600,T
1-PB2,1425,0,5,2594,0,2599,G
1-PB2,1426,2558,2,1,0,2561,A
1-PB2,1427,1,0,2575,0,2576,G
1-PB2,1428,2530,0,4,0,2534,A
1-PB2,1429,0,1,2547,0,2548,G
1-PB2,1430,1,4,2664,0,2669,G
1-PB2,1431,2664,0,2,0,2666,A
1-PB2,1432,2672,3,1,0,2676,A
1-PB2,1433,1,2676,0,1,2678,T
1-PB2,1434,2669,0,2,1,2672,A
1-PB2,1435,2668,1,3,0,2672,A
1-PB2,1436,0,0,2671,0,2671,G
1-PB2,1437,2653,0,5,0,2658,A
1-PB2,1438,1,0,2664,0,2665,G
1-PB2,1439,0,2490,0,1,2491,T
1-PB2,1440,2,1,0,2498,2501,C
1-PB2,1441,2479,1,0,14,2494,A
1-PB2,1442,1,0,2501,0,2502,G
1-PB2,1443,1,0,0,2503,2504,C
1-PB2,1444,2505,0,0,0,2505,A
1-PB2,1445,2519,0,1,0,2520,A
1-PB2,1446,2512,0,1,0,2513,A
1-PB2,1447,2516,0,1,0,2517,A
1-PB2,1448,0,2516,0,0,2516,T
1-PB2,1449,0,3,2514,0,2517,G
1-PB2,1450,1,2,2519,0,2522,G
1-PB2,1451,0,4,2522,0,2526,G
1-PB2,1452,0,2488,0,2,2490,T
1-PB2,1453,1,0,2490,0,2491,G
1-PB2,1454,0,2484,0,6,2490,T
1-PB2,1455,1,2,2491,0,2494,G
1-PB2,1456,0,1,2536,0,2537,G
1-PB2,1457,2534,1,3,1,2539,A
1-PB2,1458,0,2526,0,0,2526,T
1-PB2,1459,1,1,2537,0,2539,G
1-PB2,1460,2523,0,0,0,2523,A
1-PB2,1461,2525,0,5,0,2530,A
1-PB2,1462,0,2527,1,1,2529,T
1-PB2,1463,2514,0,1,0,2515,A
1-PB2,1464,0,1,0,2659,2660,C
1-PB2,1465,2,2576,0,4,2582,T
1-PB2,1466,4,1,0,2604,2609,C
1-PB2,1467,0,0,1,2612,2613,C
1-PB2,1468,2603,0,1,0,2604,A
1-PB2,1469,3,0,2694,0,2697,G
1-PB2,1470,0,2684,0,0,2684,T
1-PB2,1471,2698,1,3,0,2702,A
1-PB2,1472,0,1,0,2707,2708,C
1-PB2,1473,2436,0,5,1,2442,A
1-PB2,1474,2,3,2454,0,2459,G
1-PB2,1475,2397,1,4,0,2402,A
1-PB2,1476,1,0,2413,0,2414,G
1-PB2,1477,2354,0,2,0,2356,A
1-PB2,1478,0,6,2264,0,2270,G
1-PB2,1479,1,2,2258,0,2261,G
1-PB2,1480,0,0,2271,0,2271,G
1-PB2,1481,0,2243,0,0,2243,T
1-PB2,1482,0,2,2235,0,2237,G
1-PB2,1483,1,1,2241,0,2243,G
1-PB2,1484,0,2227,0,3,2230,T
1-PB2,1485,0,2,2272,0,2274,G
1-PB2,1486,1,0,2281,0,2282,G
1-PB2,1487,1,2231,0,0,2232,T
1-PB2,1488,0,2226,0,1,2227,T
1-PB2,1489,2185,0,6,0,2191,A
1-PB2,1490,1,0,2190,0,2191,G
1-PB2,1491,2,0,0,2187,2189,C
1-PB2,1492,2175,0,0,0,2175,A
1-PB2,1493,0,2166,0,1,2167,T
1-PB2,1494,0,2043,2,0,2045,T
1-PB2,1495,1,4,2046,0,2051,G
1-PB2,1496,2042,0,1,1,2044,A
1-PB2,1497,0,2043,0,3,2046,T
1-PB2,1498,0,0,0,2046,2046,C
1-PB2,1499,1,7,2023,0,2031,G
1-PB2,1500,2,1,2063,0,2066,G
1-PB2,1501,0,2060,0,1,2061,T
1-PB2,1502,0,2054,0,1,2055,T
1-PB2,1503,1,2050,0,0,2051,T
1-PB2,1504,0,2055,0,1,2056,T
1-PB2,1505,0,2056,0,0,2056,T
1-PB2,1506,1,6,2052,0,2059,G
1-PB2,1507,2048,0,3,0,2051,A
1-PB2,1508,1,3,2050,1,2055,G
1-PB2,1509,1980,1,4,0,1985,A
1-PB2,1510,0,0,1996,0,1996,G
1-PB2,1511,0,1990,0,3,1993,T
1-PB2,1512,0,1983,0,2,1985,T
1-PB2,1513,1,2,1,1989,1993,C
1-PB2,1514,0,2,1990,0,1992,G
1-PB2,1515,1993,1,1,0,1995,A
1-PB2,1516,0,3,1992,0,1995,G
1-PB2,1517,1992,0,4,0,1996,A
1-PB2,1518,0,1,0,1991,1992,C
1-PB2,1519,0,1,0,1976,1977,C
1-PB2,1520,1961,0,6,0,1967,A
1-PB2,1521,1981,1,2,0,1984,A
1-PB2,1522,0,1,0,1982,1983,C
1-PB2,1523,1,1,1984,0,1986,G
1-PB2,1524,0,1970,0,3,1973,T
1-PB2,1525,0,3,1971,0,1974,G
1-PB2,1526,0,2,1977,0,1979,G
1-PB2,1527,0,1,1980,0,1981,G
1-PB2,1528,1961,0,4,0,1965,A
1-PB2,1529,1965,0,0,0,1965,A
1-PB2,1530,0,1887,0,1,1888,T
1-PB2,1531,0,0,1946,0,1946,G
1-PB2,1532,1,1930,0,4,1935,T
1-PB2,1533,1939,0,1,0,1940,A
1-PB2,1534,0,1933,0,2,1935,T
1-PB2,1535,0,1904,0,1,1905,T
1-PB2,1536,1928,1,1,0,1930,A
1-PB2,1537,1,1922,0,1,1924,T
1-PB2,1538,0,1904,0,0,1904,T
1-PB2,1539,1894,1,0,0,1895,A
1-PB2,1540,0,1673,0,4,1677,T
1-PB2,1541,1,0,0,1703,1704,C
1-PB2,1542,0,1675,0,4,1679,T
1-PB2,1543,4,0,0,1679,1683,C
1-PB2,1544,1,0,0,1684,1685,C
1-PB2,1545,0,1630,0,3,1633,T
1-PB2,1546,0,0,1637,0,1637,G
1-PB2,1547,1629,0,0,0,1629,A
1-PB2,1548,0,0,1628,0,1628,G
1-PB2,1549,1,1,1624,0,1626,G
1-PB2,1550,1432,0,1,0,1433,A
1-PB2,1551,0,0,1443,0,1443,G
1-PB2,1552,0,0,1432,0,1432,G
1-PB2,1553,0,1365,0,2,1367,T
1-PB2,1554,3,0,0,1367,1370,C
1-PB2,1555,1355,0,3,0,1358,A
1-PB2,1556,0,0,1375,0,1375,G
1-PB2,1557,0,1368,0,1,1369,T
1-PB2,1558,0,0,1367,0,1367,G
1-PB2,1559,1366,0,1,0,1367,A
1-PB2,1560,1333,1,0,0,1334,A
1-PB2,1561,1338,0,1,0,1339,A
1-PB2,1562,1,1,1,1335,1338,C
1-PB2,1563,1317,1,4,0,1322,A
1-PB2,1564,0,0,0,1323,1323,C
1-PB2,1565,1272,0,0,0,1272,A
1-PB2,1566,0,1,1278,0,1279,G
1-PB2,1567,0,1,1270,1,1272,G
1-PB2,1568,0,0,1273,0,1273,G
1-PB2,1569,1268,0,3,0,1271,A
1-PB2,1570,1257,0,1,0,1258,A
1-PB2,1571,0,0,0,1268,1268,C
1-PB2,1572,0,1242,0,2,1244,T
1-PB2,1573,0,0,1242,0,1242,G
1-PB2,1574,1231,0,1,0,1232,A
1-PB2,1575,0,3,1231,0,1234,G
1-PB2,1576,1215,0,0,0,1215,A
1-PB2,1577,1,2,1154,0,1157,G
1-PB2,1578,1158,0,0,0,1158,A
1-PB2,1579,0,1,1,1149,1151,C
1-PB2,1580,0,1109,0,0,1109,T
1-PB2,1581,1,1,1113,0,1115,G
1-PB2,1582,1114,0,1,0,1115,A
1-PB2,1583,0,0,0,1119,1119,C
1-PB2,1584,1111,0,1,0,1112,A
1-PB2,1585,1110,1,0,1,1112,A
1-PB2,1586,0,1113,0,0,1113,T
1-PB2,1587,1115,0,0,0,1115,A
1-PB2,1588,1115,0,0,0,1115,A
1-PB2,1589,0,0,0,1111,1111,C
1-PB2,1590,0,1009,1,2,1012,T
1-PB2,1591,0,997,0,0,997,T
1-PB2,1592,990,0,0,0,990,A
1-PB2,1593,0,984,0,3,987,T
1-PB2,1594,0,981,0,0,981,T
1-PB2,1595,2,1,0,976,979,C
1-PB2,1596,898,0,0,0,898,A
1-PB2,1597,0,893,0,1,894,T
1-PB2,1598,1,1,0,855,857,C
1-PB2,1599,2,0,852,0,854,G
1-PB2,1600,0,857,0,0,857,T
1-PB2,1601,7,0,0,839,846,C
1-PB2,1602,2,0,847,0,849,G
1-PB2,1603,849,0,0,0,849,A
1-PB2,1604,0,846,0,0,846,T
1-PB2,1605,0,0,845,0,845,G
1-PB2,1606,837,0,1,0,838,A
1-PB2,1607,0,839,0,0,839,T
1-PB2,1608,0,0,832,1,833,G
1-PB2,1609,0,783,0,0,783,T
1-PB2,1610,0,0,775,0,775,G
1-PB2,1611,0,0,780,0,780,G
1-PB2,1612,0,0,773,0,773,G
1-PB2,1613,754,1,0,0,755,A
1-PB2,1614,0,0,751,0,751,G
1-PB2,1615,689,0,1,0,690,A
1-PB2,1616,0,663,0,0,663,T
1-PB2,1617,0,642,0,0,642,T
1-PB2,1618,638,0,1,0,639,A
1-PB2,1619,635,0,0,0,635,A
1-PB2,1620,0,1,0,631,632,C
1-PB2,1621,0,0,572,0,572,G
1-PB2,1622,1,0,566,0,567,G
1-PB2,1623,0,475,0,0,475,T
1-PB2,1624,3,0,0,456,459,C
1-PB2,1625,0,0,0,461,461,C
1-PB2,1626,0,424,0,0,424,T
1-PB2,1627,0,0,440,0,440,G
1-PB2,1628,439,0,2,0,441,A
1-PB2,1629,1,0,445,0,446,G
1-PB2,1630,0,446,0,0,446,T
1-PB2,1631,2,0,0,429,431,C
1-PB2,1632,1,0,428,0,429,G
1-PB2,1633,0,1,431,0,432,G
1-PB2,1634,0,433,0,0,433,T
1-PB2,1635,0,432,0,0,432,T
1-PB2,1636,0,432,0,0,432,T
1-PB2,1637,0,430,0,0,430,T
1-PB2,1638,0,1,442,0,443,G
1-PB2,1639,0,0,446,0,446,G
1-PB2,1640,0,446,0,1,447,T
1-PB2,1641,1,0,0,441,442,C
1-PB2,1642,439,0,0,1,440,A
1-PB2,1643,456,0,0,0,456,A
1-PB2,1644,0,456,0,0,456,T
1-PB2,1645,457,0,0,0,457,A
1-PB2,1646,0,1,0,462,463,C
1-PB2,1647,0,0,0,443,443,C
1-PB2,1648,1,440,1,0,442,T
1-PB2,1649,453,0,0,0,453,A
1-PB2,1650,0,455,0,0,455,T
1-PB2,1651,0,0,0,454,454,C
1-PB2,1652,442,0,0,0,442,A
1-PB2,1653,441,0,0,0,441,A
1-PB2,1654,0,441,0,0,441,T
1-PB2,1655,0,0,433,0,433,G
1-PB2,1656,0,0,430,0,430,G
1-PB2,1657,427,0,0,0,427,A
1-PB2,1658,0,423,0,0,423,T
1-PB2,1659,0,0,0,424,424,C
1-PB2,1660,424,0,0,0,424,A
1-PB2,1661,0,425,0,0,425,T
1-PB2,1662,1,0,0,425,426,C
1-PB2,1663,425,0,0,0,425,A
1-PB2,1664,0,0,425,0,425,G
1-PB2,1665,425,0,0,0,425,A
1-PB2,1666,423,0,0,0,423,A
1-PB2,1667,425,0,0,0,425,A
1-PB2,1668,0,425,0,0,425,T
1-PB2,1669,0,423,0,0,423,T
1-PB2,1670,0,0,421,0,421,G
1-PB2,1671,0,1,420,0,421,G
1-PB2,1672,0,0,419,0,419,G
1-PB2,1673,418,0,0,0,418,A
1-PB2,1674,416,0,0,0,416,A
1-PB2,1675,0,0,416,0,416,G
1-PB2,1676,1,0,0,411,412,C
1-PB2,1677,0,411,0,0,411,T
1-PB2,1678,0,0,416,0,416,G
1-PB2,1679,0,415,0,0,415,T
1-PB2,1680,0,0,0,411,411,C
1-PB2,1681,416,1,0,0,417,A
1-PB2,1682,416,0,0,0,416,A
1-PB2,1683,418,0,0,0,418,A
1-PB2,1684,422,0,0,0,422,A
1-PB2,1685,0,422,0,0,422,T
1-PB2,1686,0,422,0,0,422,T
1-PB2,1687,0,0,0,420,420,C
1-PB2,1688,417,0,1,0,418,A
1-PB2,1689,416,0,0,2,418,A
1-PB2,1690,0,417,0,1,418,T
1-PB2,1691,0,0,419,0,419,G
1-PB2,1692,0,0,424,0,424,G
1-PB2,1693,0,430,0,1,431,T
1-PB2,1694,0,0,0,427,427,C
1-PB2,1695,0,424,0,5,429,T
1-PB2,1696,0,0,0,432,432,C
1-PB2,1697,432,0,0,0,432,A
1-PB2,1698,0,0,434,0,434,G
1-PB2,1699,435,0,0,0,435,A
1-PB2,1700,440,0,0,0,440,A
1-PB2,1701,0,428,0,0,428,T
1-PB2,1702,0,0,0,412,412,C
1-PB2,1703,0,0,0,416,416,C
1-PB2,1704,0,418,0,0,418,T
1-PB2,1705,0,0,418,0,418,G
1-PB2,1706,0,0,1,416,417,C
1-PB2,1707,415,0,0,0,415,A
1-PB2,1708,424,0,2,0,426,A
1-PB2,1709,0,423,0,0,423,T
1-PB2,1710,0,0,435,0,435,G
1-PB2,1711,0,435,0,0,435,T
1-PB2,1712,0,420,0,0,420,T
1-PB2,1713,0,0,425,0,425,G
1-PB2,1714,0,426,0,0,426,T
1-PB2,1715,427,0,0,0,427,A
1-PB2,1716,0,0,0,426,426,C
1-PB2,1717,421,0,1,0,422,A
1-PB2,1718,425,0,0,0,425,A
1-PB2,1719,0,1,0,423,424,C
1-PB2,1720,413,0,1,0,414,A
1-PB2,1721,415,0,0,0,415,A
1-PB2,1722,409,0,0,0,409,A
1-PB2,1723,412,0,0,1,413,A
1-PB2,1724,0,415,0,0,415,T
1-PB2,1725,0,0,410,0,410,G
1-PB2,1726,0,0,409,0,409,G
1-PB2,1727,410,1,0,0,411,A
1-PB2,1728,414,0,0,0,414,A
1-PB2,1729,0,410,0,0,410,T
1-PB2,1730,0,412,0,0,412,T
1-PB2,1731,0,413,0,0,413,T
1-PB2,1732,0,1,412,0,413,G
1-PB2,1733,412,0,0,0,412,A
1-PB2,1734,413,0,0,0,413,A
1-PB2,1735,0,0,0,412,412,C
1-PB2,1736,1,1,0,403,405,C
1-PB2,1737,403,0,0,0,403,A
1-PB2,1738,0,404,0,1,405,T
1-PB2,1739,2,403,0,0,405,T
1-PB2,1740,0,406,0,0,406,T
1-PB2,1741,0,0,0,408,408,C
1-PB2,1742,405,0,1,0,406,A
1-PB2,1743,409,0,0,0,409,A
1-PB2,1744,0,408,0,0,408,T
1-PB2,1745,0,0,0,418,418,C
1-PB2,1746,0,414,0,1,415,T
1-PB2,1747,0,415,0,0,415,T
1-PB2,1748,0,415,0,0,415,T
1-PB2,1749,413,0,1,0,414,A
1-PB2,1750,1,0,416,0,417,G
1-PB2,1751,0,417,0,1,418,T
1-PB2,1752,0,0,0,426,426,C
1-PB2,1753,1,0,0,427,428,C
1-PB2,1754,1,0,2,425,428,C
1-PB2,1755,0,0,0,427,427,C
1-PB2,1756,427,0,0,0,427,A
1-PB2,1757,426,0,2,0,428,A
1-PB2,1758,0,1,432,0,433,G
1-PB2,1759,0,0,435,0,435,G
1-PB2,1760,0,0,0,430,430,C
1-PB2,1761,0,0,0,428,428,C
1-PB2,1762,431,0,0,0,431,A
1-PB2,1763,0,440,0,0,440,T
1-PB2,1764,0,439,0,1,440,T
1-PB2,1765,439,1,0,0,440,A
1-PB2,1766,0,0,438,1,439,G
1-PB2,1767,428,0,0,0,428,A
1-PB2,1768,453,0,1,0,454,A
1-PB2,1769,1,0,454,0,455,G
1-PB2,1770,0,0,0,452,452,C
1-PB2,1771,0,0,0,456,456,C
1-PB2,1772,458,0,1,0,459,A
1-PB2,1773,459,0,0,0,459,A
1-PB2,1774,0,460,0,0,460,T
1-PB2,1775,464,0,0,0,464,A
1-PB2,1776,0,0,0,463,463,C
1-PB2,1777,424,0,0,0,424,A
1-PB2,1778,0,0,427,0,427,G
1-PB2,1779,0,415,0,0,415,T
1-PB2,1780,0,0,412,0,412,G
1-PB2,1781,0,0,413,0,413,G
1-PB2,1782,0,0,415,0,415,G
1-PB2,1783,0,411,0,0,411,T
1-PB2,1784,0,409,0,0,409,T
1-PB2,1785,0,409,0,1,410,T
1-PB2,1786,0,0,416,0,416,G
1-PB2,1787,0,416,0,0,416,T
1-PB2,1788,1,0,0,412,413,C
1-PB2,1789,411,0,0,0,411,A
1-PB2,1790,0,0,408,0,408,G
1-PB2,1791,410,0,0,0,410,A
1-PB2,1792,409,1,0,0,410,A
1-PB2,1793,0,0,0,410,410,C
1-PB2,1794,0,395,0,2,397,T
1-PB2,1795,1,0,0,412,413,C
1-PB2,1796,0,412,0,1,413,T
1-PB2,1797,413,0,0,0,413,A
1-PB2,1798,0,412,0,0,412,T
1-PB2,1799,0,409,0,3,412,T
1-PB2,1800,0,0,0,410,410,C
1-PB2,1801,0,0,0,406,406,C
1-PB2,1802,409,0,0,0,409,A
1-PB2,1803,407,1,0,0,408,A
1-PB2,1804,0,0,0,409,409,C
1-PB2,1805,407,1,0,0,408,A
1-PB2,1806,406,0,0,0,406,A
1-PB2,1807,407,0,0,0,407,A
1-PB2,1808,0,407,0,0,407,T
1-PB2,1809,0,0,408,0,408,G
1-PB2,1810,401,1,0,0,402,A
1-PB2,1811,0,0,405,0,405,G
1-PB2,1812,402,0,1,0,403,A
1-PB2,1813,0,0,404,0,404,G
1-PB2,1814,406,0,0,0,406,A
1-PB2,1815,0,0,0,400,400,C
1-PB2,1816,0,1,405,0,406,G
1-PB2,1817,0,406,0,0,406,T
1-PB2,1818,409,0,0,0,409,A
1-PB2,1819,0,0,0,408,408,C
1-PB2,1820,0,408,0,0,408,T
1-PB2,1821,0,408,0,0,408,T
1-PB2,1822,0,0,404,0,404,G
1-PB2,1823,0,0,405,0,405,G
1-PB2,1824,0,3,405,0,408,G
1-PB2,1825,402,0,1,0,403,A
1-PB2,1826,0,0,0,404,404,C
1-PB2,1827,408,0,1,0,409,A
1-PB2,1828,0,408,0,0,408,T
1-PB2,1829,0,412,0,0,412,T
1-PB2,1830,0,413,0,0,413,T
1-PB2,1831,0,0,411,0,411,G
1-PB2,1832,410,0,1,0,411,A
1-PB2,1833,0,0,0,411,411,C
1-PB2,1834,407,0,3,0,410,A
1-PB2,1835,1,0,0,411,412,C
1-PB2,1836,0,0,0,404,404,C
1-PB2,1837,404,0,1,0,405,A
1-PB2,1838,0,1,0,404,405,C
1-PB2,1839,0,2,1,402,405,C
1-PB2,1840,0,0,0,406,406,C
1-PB2,1841,402,0,0,0,402,A
1-PB2,1842,0,0,407,0,407,G
1-PB2,1843,408,0,0,0,408,A
1-PB2,1844,0,413,0,0,413,T
1-PB2,1845,407,0,1,0,408,A
1-PB2,1846,404,0,1,0,405,A
1-PB2,1847,0,403,0,0,403,T
1-PB2,1848,402,0,0,0,402,A
1-PB2,1849,400,2,0,0,402,A
1-PB2,1850,397,0,1,0,398,A
1-PB2,1851,0,0,405,0,405,G
1-PB2,1852,0,0,0,403,403,C
1-PB2,1853,0,386,0,0,386,T
1-PB2,1854,0,385,0,1,386,T
1-PB2,1855,0,1,0,386,387,C
1-PB2,1856,0,379,0,4,383,T
1-PB2,1857,0,0,0,390,390,C
1-PB2,1858,0,0,0,390,390,C
1-PB2,1859,0,0,0,387,387,C
1-PB2,1860,0,0,0,384,384,C
1-PB2,1861,0,389,0,1,390,T
1-PB2,1862,0,394,0,0,394,T
1-PB2,1863,0,395,0,0,395,T
1-PB2,1864,0,0,394,0,394,G
1-PB2,1865,0,0,0,394,394,C
1-PB2,1866,387,0,0,0,387,A
1-PB2,1867,0,0,387,0,387,G
1-PB2,1868,0,0,0,387,387,C
1-PB2,1869,0,382,0,0,382,T
1-PB2,1870,0,0,381,0,381,G
1-PB2,1871,0,0,0,381,381,C
1-PB2,1872,0,381,0,0,381,T
1-PB2,1873,1,1,0,378,380,C
1-PB2,1874,0,0,0,387,387,C
1-PB2,1875,387,0,1,0,388,A
1-PB2,1876,0,0,0,390,390,C
1-PB2,1877,0,0,0,388,388,C
1-PB2,1878,388,0,0,0,388,A
1-PB2,1879,386,0,0,0,386,A
1-PB2,1880,384,1,0,0,385,A
1-PB2,1881,0,0,386,0,386,G
1-PB2,1882,0,0,0,382,382,C
1-PB2,1883,376,0,0,0,376,A
1-PB2,1884,376,0,0,0,376,A
1-PB2,1885,372,1,1,0,374,A
1-PB2,1886,0,0,382,0,382,G
1-PB2,1887,0,0,0,383,383,C
1-PB2,1888,378,1,0,0,379,A
1-PB2,1889,0,0,380,0,380,G
1-PB2,1890,374,1,0,0,375,A
1-PB2,1891,380,0,0,0,380,A
1-PB2,1892,0,381,0,0,381,T
1-PB2,1893,0,0,380,0,380,G
1-PB2,1894,0,0,0,381,381,C
1-PB2,1895,375,0,0,0,375,A
1-PB2,1896,0,0,378,0,378,G
1-PB2,1897,0,375,0,0,375,T
1-PB2,1898,0,386,0,0,386,T
1-PB2,1899,0,0,0,391,391,C
1-PB2,1900,0,384,0,3,387,T
1-PB2,1901,0,0,0,393,393,C
1-PB2,1902,0,390,0,0,390,T
1-PB2,1903,0,393,0,0,393,T
1-PB2,1904,2,0,0,392,394,C
1-PB2,1905,386,0,1,0,387,A
1-PB2,1906,0,0,0,390,390,C
1-PB2,1907,0,380,0,0,380,T
1-PB2,1908,0,0,389,0,389,G
1-PB2,1909,384,0,0,0,384,A
1-PB2,1910,0,0,0,394,394,C
1-PB2,1911,0,391,0,0,391,T
1-PB2,1912,0,0,392,0,392,G
1-PB2,1913,0,387,0,0,387,T
1-PB2,1914,0,0,389,1,390,G
1-PB2,1915,388,0,1,0,389,A
1-PB2,1916,395,0,1,0,396,A
1-PB2,1917,1,389,0,0,390,T
1-PB2,1918,0,1,388,0,389,G
1-PB2,1919,0,378,0,1,379,T
1-PB2,1920,368,0,0,0,368,A
1-PB2,1921,371,0,0,0,371,A
1-PB2,1922,0,0,371,0,371,G
1-PB2,1923,0,1,368,0,369,G
1-PB2,1924,0,0,369,0,369,G
1-PB2,1925,0,0,366,0,366,G
1-PB2,1926,365,0,0,0,365,A
1-PB2,1927,0,364,0,0,364,T
1-PB2,1928,1,0,0,363,364,C
1-PB2,1929,361,0,1,0,362,A
1-PB2,1930,0,0,370,0,370,G
1-PB2,1931,0,0,368,0,368,G
1-PB2,1932,0,0,370,0,370,G
1-PB2,1933,368,0,0,0,368,A
1-PB2,1934,0,357,0,0,357,T
1-PB2,1935,0,1,358,0,359,G
1-PB2,1936,356,1,1,0,358,A
1-PB2,1937,0,0,365,0,365,G
1-PB2,1938,364,0,0,0,364,A
1-PB2,1939,355,0,0,0,355,A
1-PB2,1940,0,361,0,0,361,T
1-PB2,1941,356,0,0,0,356,A
1-PB2,1942,0,0,0,361,361,C
1-PB2,1943,0,359,0,0,359,T
1-PB2,1944,0,358,0,0,358,T
1-PB2,1945,0,0,357,0,357,G
1-PB2,1946,0,346,0,0,346,T
1-PB2,1947,343,0,0,0,343,A
1-PB2,1948,345,0,0,0,345,A
1-PB2,1949,0,0,342,0,342,G
1-PB2,1950,0,0,341,0,341,G
1-PB2,1951,0,0,337,0,337,G
1-PB2,1952,0,0,337,0,337,G
1-PB2,1953,0,1,0,337,338,C
1-PB2,1954,335,0,0,0,335,A
1-PB2,1955,342,0,0,0,342,A
1-PB2,1956,0,341,0,2,343,T
1-PB2,1957,0,341,0,0,341,T
1-PB2,1958,0,0,0,349,349,C
1-PB2,1959,0,343,0,1,344,T
1-PB2,1960,0,0,0,347,347,C
1-PB2,1961,0,0,0,347,347,C
1-PB2,1962,0,346,0,0,346,T
1-PB2,1963,0,0,353,0,353,G
1-PB2,1964,0,344,0,0,344,T
1-PB2,1965,348,0,1,0,349,A
1-PB2,1966,0,349,0,1,350,T
1-PB2,1967,0,334,0,0,334,T
1-PB2,1968,0,1,0,336,337,C
1-PB2,1969,335,0,0,0,335,A
1-PB2,1970,336,0,1,0,337,A
1-PB2,1971,0,0,0,337,337,C
1-PB2,1972,0,332,0,1,333,T
1-PB2,1973,334,0,0,0,334,A
1-PB2,1974,0,0,0,344,344,C
1-PB2,1975,343,0,0,0,343,A
1-PB2,1976,343,0,0,0,343,A
1-PB2,1977,0,0,0,341,341,C
1-PB2,1978,338,0,0,0,338,A
1-PB2,1979,336,0,0,0,336,A
1-PB2,1980,0,1,338,0,339,G
1-PB2,1981,339,0,0,0,339,A
1-PB2,1982,0,0,0,338,338,C
1-PB2,1983,0,0,0,328,328,C
1-PB2,1984,327,0,0,0,327,A
1-PB2,1985,0,0,0,339,339,C
1-PB2,1986,0,336,0,1,337,T
1-PB2,1987,338,0,0,0,338,A
1-PB2,1988,335,0,1,0,336,A
1-PB2,1989,338,0,0,0,338,A
1-PB2,1990,337,0,0,0,337,A
1-PB2,1991,0,0,340,0,340,G
1-PB2,1992,336,0,1,0,337,A
1-PB2,1993,0,0,0,336,336,C
1-PB2,1994,0,332,0,0,332,T
1-PB2,1995,335,0,0,0,335,A
1-PB2,1996,335,0,0,0,335,A
1-PB2,1997,0,0,0,335,335,C
1-PB2,1998,332,0,0,0,332,A
1-PB2,1999,330,0,1,1,332,A
1-PB2,2000,0,327,0,0,327,T
1-PB2,2001,0,329,0,0,329,T
1-PB2,2002,0,0,0,327,327,C
1-PB2,2003,0,323,0,0,323,T
1-PB2,2004,0,0,0,329,329,C
1-PB2,2005,0,0,327,0,327,G
1-PB2,2006,0,1,328,0,329,G
1-PB2,2007,329,0,0,0,329,A
1-PB2,2008,328,0,0,0,328,A
1-PB2,2009,325,0,1,0,326,A
1-PB2,2010,325,0,1,0,326,A
1-PB2,2011,0,1,326,0,327,G
1-PB2,2012,327,0,1,0,328,A
1-PB2,2013,0,329,0,0,329,T
1-PB2,2014,0,0,329,0,329,G
1-PB2,2015,0,1,0,327,328,C
1-PB2,2016,0,1,0,327,328,C
1-PB2,2017,0,0,328,0,328,G
1-PB2,2018,0,0,329,0,329,G
1-PB2,2019,0,0,0,330,330,C
1-PB2,2020,329,0,0,0,329,A
1-PB2,2021,0,0,0,344,344,C
1-PB2,2022,1,338,0,0,339,T
1-PB2,2023,0,339,0,1,340,T
1-PB2,2024,0,340,0,0,340,T
1-PB2,2025,342,0,0,0,342,A
1-PB2,2026,342,0,0,0,342,A
1-PB2,2027,0,344,0,0,344,T
1-PB2,2028,0,343,0,0,343,T
1-PB2,2029,0,0,345,0,345,G
1-PB2,2030,336,0,0,0,336,A
1-PB2,2031,335,0,0,0,335,A
1-PB2,2032,0,0,336,0,336,G
1-PB2,2033,336,0,0,0,336,A
1-PB2,2034,0,0,0,338,338,C
1-PB2,2035,0,0,0,335,335,C
1-PB2,2036,1,0,0,335,336,C
1-PB2,2037,333,1,0,0,334,A
1-PB2,2038,0,0,342,0,342,G
1-PB2,2039,340,0,0,0,340,A
1-PB2,2040,0,340,0,0,340,T
1-PB2,2041,0,1,340,0,341,G
1-PB2,2042,336,0,0,0,336,A
1-PB2,2043,334,0,0,0,334,A
1-PB2,2044,332,0,3,0,335,A
1-PB2,2045,0,0,335,0,335,G
1-PB2,2046,0,0,0,334,334,C
1-PB2,2047,329,0,0,0,329,A
1-PB2,2048,0,0,0,332,332,C
1-PB2,2049,333,0,1,0,334,A
1-PB2,2050,0,333,0,0,333,T
1-PB2,2051,0,0,0,335,335,C
1-PB2,2052,1,0,0,335,336,C
1-PB2,2053,0,0,342,0,342,G
1-PB2,2054,0,0,343,0,343,G
1-PB2,2055,342,0,0,0,342,A
1-PB2,2056,0,0,343,0,343,G
1-PB2,2057,0,339,0,0,339,T
1-PB2,2058,0,1,337,0,338,G
1-PB2,2059,0,0,339,0,339,G
1-PB2,2060,334,0,0,0,334,A
1-PB2,2061,0,0,334,0,334,G
1-PB2,2062,0,327,0,0,327,T
1-PB2,2063,1,0,0,323,324,C
1-PB2,2064,1,0,0,323,324,C
1-PB2,2065,0,0,328,0,328,G
1-PB2,2066,0,0,0,329,329,C
1-PB2,2067,0,0,0,326,326,C
1-PB2,2068,0,0,332,0,332,G
1-PB2,2069,0,331,0,0,331,T
1-PB2,2070,0,0,0,332,332,C
1-PB2,2071,1,330,0,1,332,T
1-PB2,2072,1,328,0,0,329,T
1-PB2,2073,0,0,330,0,330,G
1-PB2,2074,329,0,0,0,329,A
1-PB2,2075,0,0,329,0,329,G
1-PB2,2076,327,0,0,0,327,A
1-PB2,2077,3,0,311,0,314,G
1-PB2,2078,0,0,314,0,314,G
1-PB2,2079,0,0,314,0,314,G
1-PB2,2080,0,313,0,0,313,T
1-PB2,2081,0,311,0,1,312,T
1-PB2,2082,0,320,0,0,320,T
1-PB2,2083,0,0,0,321,321,C
1-PB2,2084,1,321,0,0,322,T
1-PB2,2085,2,0,0,326,328,C
1-PB2,2086,329,0,0,0,329,A
1-PB2,2087,0,324,0,0,324,T
1-PB2,2088,0,322,0,0,322,T
1-PB2,2089,324,0,0,0,324,A
1-PB2,2090,0,323,1,0,324,T
1-PB2,2091,323,0,0,0,323,A
1-PB2,2092,0,0,326,0,326,G
1-PB2,2093,2,0,324,0,326,G
1-PB2,2094,0,306,0,2,308,T
1-PB2,2095,305,0,0,0,305,A
1-PB2,2096,302,0,0,0,302,A
1-PB2,2097,0,0,302,0,302,G
1-PB2,2098,0,0,302,0,302,G
1-PB2,2099,302,0,1,0,303,A
1-PB2,2100,297,0,1,0,298,A
1-PB2,2101,0,2,301,0,303,G
1-PB2,2102,299,0,1,0,300,A
1-PB2,2103,0,0,0,303,303,C
1-PB2,2104,300,0,1,0,301,A
1-PB2,2105,0,0,301,0,301,G
1-PB2,2106,297,0,0,0,297,A
1-PB2,2107,295,0,0,0,295,A
1-PB2,2108,0,0,296,0,296,G
1-PB2,2109,0,0,286,0,286,G
1-PB2,2110,0,300,0,0,300,T
1-PB2,2111,301,0,0,0,301,A
1-PB2,2112,0,0,0,301,301,C
1-PB2,2113,0,1,298,0,299,G
1-PB2,2114,0,0,305,0,305,G
1-PB2,2115,306,0,0,0,306,A
1-PB2,2116,0,0,0,306,306,C
1-PB2,2117,0,0,0,301,301,C
1-PB2,2118,293,0,1,0,294,A
1-PB2,2119,0,0,302,0,302,G
1-PB2,2120,0,0,0,305,305,C
1-PB2,2121,305,0,0,0,305,A
1-PB2,2122,0,304,0,0,304,T
1-PB2,2123,0,297,0,0,297,T
1-PB2,2124,297,0,0,0,297,A
1-PB2,2125,296,0,0,0,296,A
1-PB2,2126,1,1,297,0,299,G
1-PB2,2127,0,0,0,297,297,C
1-PB2,2128,281,0,0,0,281,A
1-PB2,2129,0,284,0,0,284,T
1-PB2,2130,0,0,0,285,285,C
1-PB2,2131,285,0,0,0,285,A
1-PB2,2132,286,0,0,0,286,A
1-PB2,2133,0,284,0,1,285,T
1-PB2,2134,0,1,286,0,287,G
1-PB2,2135,279,0,0,0,279,A
1-PB2,2136,278,0,1,0,279,A
1-PB2,2137,0,0,0,282,282,C
1-PB2,2138,0,265,0,1,266,T
1-PB2,2139,0,1,272,0,273,G
1-PB2,2140,270,0,0,0,270,A
1-PB2,2141,0,0,270,0,270,G
1-PB2,2142,0,268,0,0,268,T
1-PB2,2143,268,0,0,0,268,A
1-PB2,2144,269,0,0,0,269,A
1-PB2,2145,0,0,0,273,273,C
1-PB2,2146,0,0,0,264,264,C
1-PB2,2147,0,262,0,0,262,T
1-PB2,2148,0,249,0,1,250,T
1-PB2,2149,0,0,251,0,251,G
1-PB2,2150,0,0,0,251,251,C
1-PB2,2151,250,0,0,0,250,A
1-PB2,2152,249,0,0,0,249,A
1-PB2,2153,248,0,0,0,248,A
1-PB2,2154,245,0,0,0,245,A
1-PB2,2155,0,0,246,0,246,G
1-PB2,2156,0,0,247,0,247,G
1-PB2,2157,0,0,249,0,249,G
1-PB2,2158,1,0,248,0,249,G
1-PB2,2159,247,1,0,0,248,A
1-PB2,2160,248,0,1,0,249,A
1-PB2,2161,249,0,0,0,249,A
1-PB2,2162,251,0,0,0,251,A
1-PB2,2163,0,0,250,0,250,G
1-PB2,2164,0,0,249,0,249,G
1-PB2,2165,0,0,0,247,247,C
1-PB2,2166,0,245,0,0,245,T
1-PB2,2167,244,0,0,0,244,A
1-PB2,2168,244,0,0,0,244,A
1-PB2,2169,0,244,0,0,244,T
1-PB2,2170,0,0,246,0,246,G
1-PB2,2171,0,241,0,0,241,T
1-PB2,2172,1,0,239,0,240,G
1-PB2,2173,0,0,0,238,238,C
1-PB2,2174,0,235,0,1,236,T
1-PB2,2175,236,0,0,0,236,A
1-PB2,2176,235,0,0,0,235,A
1-PB2,2177,0,234,0,0,234,T
1-PB2,2178,0,0,0,235,235,C
1-PB2,2179,0,0,226,0,226,G
1-PB2,2180,1,0,229,0,230,G
1-PB2,2181,0,0,230,0,230,G
1-PB2,2182,0,0,0,230,230,C
1-PB2,2183,226,0,1,0,227,A
1-PB2,2184,227,0,0,0,227,A
1-PB2,2185,0,0,228,0,228,G
1-PB2,2186,0,0,228,0,228,G
1-PB2,2187,227,0,0,0,227,A
1-PB2,2188,0,0,224,0,224,G
1-PB2,2189,217,0,0,0,217,A
1-PB2,2190,0,0,0,219,219,C
1-PB2,2191,0,0,219,0,219,G
1-PB2,2192,0,220,0,0,220,T
1-PB2,2193,0,1,217,0,218,G
1-PB2,2194,0,0,223,0,223,G
1-PB2,2195,0,222,0,0,222,T
1-PB2,2196,0,0,222,0,222,G
1-PB2,2197,0,216,0,0,216,T
1-PB2,2198,0,214,0,1,215,T
1-PB2,2199,0,0,214,0,214,G
1-PB2,2200,1,0,212,0,213,G
1-PB2,2201,0,210,0,1,211,T
1-PB2,2202,206,0,0,0,206,A
1-PB2,2203,202,0,0,0,202,A
1-PB2,2204,0,199,0,0,199,T
1-PB2,2205,0,0,196,0,196,G
1-PB2,2206,196,0,1,0,197,A
1-PB2,2207,195,0,0,0,195,A
1-PB2,2208,196,0,0,0,196,A
1-PB2,2209,0,0,0,194,194,C
1-PB2,2210,0,0,192,0,192,G
1-PB2,2211,193,0,0,0,193,A
1-PB2,2212,194,0,0,0,194,A
1-PB2,2213,192,0,0,0,192,A
1-PB2,2214,193,0,1,0,194,A
1-PB2,2215,0,0,0,194,194,C
1-PB2,2216,0,0,192,0,192,G
1-PB2,2217,0,0,193,0,193,G
1-PB2,2218,0,0,194,0,194,G
1-PB2,2219,193,0,0,0,193,A
1-PB2,2220,0,0,0,193,193,C
1-PB2,2221,0,192,0,0,192,T
1-PB2,2222,0,0,0,195,195,C
1-PB2,2223,1,194,0,0,195,T
1-PB2,2224,194,0,0,0,194,A
1-PB2,2225,0,0,194,0,194,G
1-PB2,2226,0,0,0,188,188,C
1-PB2,2227,187,0,0,0,187,A
1-PB2,2228,0,189,0,0,189,T
1-PB2,2229,180,0,0,0,180,A
1-PB2,2230,0,0,0,183,183,C
1-PB2,2231,0,155,0,0,155,T
1-PB2,2232,0,154,0,0,154,T
1-PB2,2233,149,0,0,0,149,A
1-PB2,2234,0,0,0,149,149,C
1-PB2,2235,0,147,0,0,147,T
1-PB2,2236,0,1,146,0,147,G
1-PB2,2237,143,0,0,0,143,A
1-PB2,2238,0,0,0,144,144,C
1-PB2,2239,131,0,0,0,131,A
1-PB2,2240,0,0,131,0,131,G
1-PB2,2241,0,0,0,131,131,C
1-PB2,2242,0,0,0,131,131,C
1-PB2,2243,128,0,1,0,129,A
1-PB2,2244,0,0,129,0,129,G
1-PB2,2245,128,0,1,0,129,A
1-PB2,2246,0,0,0,127,127,C
1-PB2,2247,123,0,0,0,123,A
1-PB2,2248,0,0,123,0,123,G
1-PB2,2249,0,0,0,115,115,C
1-PB2,2250,0,0,115,0,115,G
1-PB2,2251,115,0,0,0,115,A
1-PB2,2252,0,0,0,115,115,C
1-PB2,2253,0,0,0,113,113,C
1-PB2,2254,114,0,0,0,114,A
1-PB2,2255,115,0,0,0,115,A
1-PB2,2256,115,0,0,0,115,A
1-PB2,2257,114,0,0,0,114,A
1-PB2,2258,0,1,113,0,114,G
1-PB2,2259,111,0,0,0,111,A
1-PB2,2260,111,0,0,0,111,A
1-PB2,2261,0,109,0,0,109,T
1-PB2,2262,0,109,0,0,109,T
1-PB2,2263,0,0,0,109,109,C
1-PB2,2264,0,0,104,0,104,G
1-PB2,2265,0,0,104,0,104,G
1-PB2,2266,105,0,0,0,105,A
1-PB2,2267,0,100,0,1,101,T
1-PB2,2268,0,0,100,0,100,G
1-PB2,2269,0,0,99,0,99,G
1-PB2,2270,0,0,0,100,100,C
1-PB2,2271,0,0,0,100,100,C
1-PB2,2272,100,0,0,0,100,A
1-PB2,2273,0,100,0,0,100,T
1-PB2,2274,0,0,0,99,99,C
1-PB2,2275,99,0,0,0,99,A
1-PB2,2276,99,0,0,0,99,A
1-PB2,2277,0,99,0,0,99,T
1-PB2,2278,0,89,0,0,89,T
1-PB2,2279,84,0,0,0,84,A
1-PB2,2280,84,0,0,0,84,A
2-PB1,1,246,0,0,0,246,A
2-PB1,2,0,249,0,0,249,T
2-PB1,3,0,0,255,0,255,G
2-PB1,4,0,0,274,0,274,G
2-PB1,5,314,0,0,0,314,A
2-PB1,6,0,329,0,0,329,T
2-PB1,7,0,0,331,0,331,G
2-PB1,8,0,329,0,3,332,T
2-PB1,9,0,0,0,367,367,C
2-PB1,10,369,0,0,0,369,A
2-PB1,11,379,0,0,0,379,A
2-PB1,12,0,378,0,1,379,T
2-PB1,13,1,0,0,385,386,C
2-PB1,14,2,0,0,414,416,C
2-PB1,15,0,4,415,0,419,G
2-PB1,16,474,0,0,0,474,A
2-PB1,17,0,0,0,485,485,C
2-PB1,18,0,482,0,1,483,T
2-PB1,19,0,0,0,554,554,C
2-PB1,20,0,554,0,0,554,T
2-PB1,21,556,0,0,0,556,A
2-PB1,22,0,0,0,558,558,C
2-PB1,23,1,558,0,0,559,T
2-PB1,24,0,0,632,0,632,G
2-PB1,25,0,634,0,1,635,T
2-PB1,26,0,635,0,1,636,T
2-PB1,27,1,0,0,633,634,C
2-PB1,28,1,0,0,629,630,C
2-PB1,29,0,736,0,1,737,T
2-PB1,30,747,0,0,0,747,A
2-PB1,31,747,0,0,0,747,A
2-PB1,32,748,0,1,0,749,A
2-PB1,33,0,1,752,0,753,G
2-PB1,34,0,0,759,0,759,G
2-PB1,35,0,767,0,0,767,T
2-PB1,36,0,768,0,0,768,T
2-PB1,37,1,0,0,769,770,C
2-PB1,38,0,0,0,766,766,C
2-PB1,39,768,1,1,0,770,A
2-PB1,40,0,0,773,0,773,G
2-PB1,41,0,1,0,776,777,C
2-PB1,42,0,0,780,0,780,G
2-PB1,43,0,1,0,780,781,C
2-PB1,44,784,0,0,0,784,A
2-PB1,45,787,0,0,0,787,A
2-PB1,46,786,0,1,0,787,A
2-PB1,47,791,0,2,0,793,A
2-PB1,48,0,799,0,1,800,T
2-PB1,49,1,0,841,0,842,G
2-PB1,50,0,0,0,848,848,C
2-PB1,51,0,0,0,854,854,C
2-PB1,52,852,0,2,0,854,A
2-PB1,53,0,854,0,0,854,T
2-PB1,54,926,0,0,0,926,A
2-PB1,55,926,0,1,0,927,A
2-PB1,56,0,0,974,0,974,G
2-PB1,57,0,0,0,979,979,C
2-PB1,58,979,1,0,0,980,A
2-PB1,59,0,0,0,1012,1012,C
2-PB1,60,1014,0,1,0,1015,A
2-PB1,61,1067,1,0,0,1068,A
2-PB1,62,0,0,0,1074,1074,C
2-PB1,63,1070,1,0,0,1071,A
2-PB1,64,0,1081,0,0,1081,T
2-PB1,65,0,1077,0,1,1078,T
2-PB1,66,0,0,0,1371,1371,C
2-PB1,67,0,0,0,1374,1374,C
2-PB1,68,0,0,0,1380,1380,C
2-PB1,69,0,1387,0,1,1388,T
2-PB1,70,1,1378,0,0,1379,T
2-PB1,71,1503,0,0,0,1503,A
2-PB1,72,0,1509,0,0,1509,T
2-PB1,73,1520,0,0,0,1520,A
2-PB1,74,0,0,0,1530,1530,C
2-PB1,75,0,1497,0,2,1499,T
2-PB1,76,1,1,1515,0,1517,G
2-PB1,77,0,2,1510,1,1513,G
2-PB1,78,1512,0,1,0,1513,A
2-PB1,79,0,3,1514,0,1517,G
2-PB1,80,1511,1,2,0,1514,A
2-PB1,81,0,1522,0,1,1523,T
2-PB1,82,1,1,0,1618,1620,C
2-PB1,83,0,0,0,1634,1634,C
2-PB1,84,0,1639,0,3,1642,T
2-PB1,85,0,2,0,1762,1764,C
2-PB1,86,1,2,0,1768,1771,C
2-PB1,87,1789,0,0,0,1789,A
2-PB1,88,0,1787,0,1,1788,T
2-PB1,89,1784,0,1,0,1785,A
2-PB1,90,0,1,0,1798,1799,C
2-PB1,91,1785,1,1,0,1787,A
2-PB1,92,0,0,1840,0,1840,G
2-PB1,93,0,0,0,1858,1858,C
2-PB1,94,2,17,0,1824,1843,C
2-PB1,95,1845,0,0,0,1845,A
2-PB1,96,0,1843,0,1,1844,T
2-PB1,97,0,1,1840,0,1841,G
2-PB1,98,1,3,1934,0,1938,G
2-PB1,99,1951,0,1,0,1952,A
2-PB1,100,1953,1,2,0,1956,A
2-PB1,101,1,0,0,1955,1956,C
2-PB1,102,1942,0,1,0,1943,A
2-PB1,103,0,0,1996,0,1996,G
2-PB1,104,0,2,2027,0,2029,G
2-PB1,105,2025,0,2,0,2027,A
2-PB1,106,2037,2,1,0,2040,A
2-PB1,107,0,0,0,2059,2059,C
2-PB1,108,2054,1,4,0,2059,A
2-PB1,109,3,2,2333,0,2338,G
2-PB1,110,1,1,2337,0,2339,G
2-PB1,111,12,0,2375,0,2387,G
2-PB1,112,0,2379,0,3,2382,T
2-PB1,113,2385,0,2,0,2387,A
2-PB1,114,0,0,0,2408,2408,C
2-PB1,115,2501,1,5,0,2507,A
2-PB1,116,0,0,1,2604,2605,C
2-PB1,117,1,0,0,2589,2590,C
2-PB1,118,2554,0,1,0,2555,A
2-PB1,119,0,2556,0,0,2556,T
2-PB1,120,3,3,2551,0,2557,G
2-PB1,121,2,3,2555,0,2560,G
2-PB1,122,2564,0,0,0,2564,A
2-PB1,123,0,0,0,2566,2566,C
2-PB1,124,2532,0,1,0,2533,A
2-PB1,125,0,16,0,2555,2571,C
2-PB1,126,2574,0,2,0,2576,A
2-PB1,127,0,0,2611,0,2611,G
2-PB1,128,0,2604,0,2,2606,T
2-PB1,129,2,0,0,2677,2679,C
2-PB1,130,2680,0,2,1,2683,A
2-PB1,131,2708,1,1,0,2710,A
2-PB1,132,0,1,0,2705,2706,C
2-PB1,133,2701,0,0,0,2701,A
2-PB1,134,0,2,2726,0,2728,G
2-PB1,135,2696,1,5,0,2702,A
2-PB1,136,2704,1,5,0,2710,A
2-PB1,137,0,1,0,2714,2715,C
2-PB1,138,2680,1,3,0,2684,A
2-PB1,139,0,0,0,2683,2683,C
2-PB1,140,2676,0,0,0,2676,A
2-PB1,141,1,2657,0,0,2658,T
2-PB1,142,2,0,0,2849,2851,C
2-PB1,143,2857,0,2,0,2859,A
2-PB1,144,2890,0,1,0,2891,A
2-PB1,145,0,2934,0,0,2934,T
2-PB1,146,3008,1,1,0,3010,A
2-PB1,147,0,3011,0,0,3011,T
2-PB1,148,0,2980,0,2,2982,T
2-PB1,149,6,0,0,2976,2982,C
2-PB1,150,2945,0,2,1,2948,A
2-PB1,151,1,2,2945,0,2948,G
2-PB1,152,2935,0,1,0,2936,A
2-PB1,153,0,2,2940,0,2942,G
2-PB1,154,2899,1,5,0,2905,A
2-PB1,155,4,4,2858,0,2866,G
2-PB1,156,1,8,2858,0,2867,G
2-PB1,157,0,1,2957,0,2958,G
2-PB1,158,0,3,2957,0,2960,G
2-PB1,159,1,4,2981,0,2986,G
2-PB1,160,2976,0,6,0,2982,A
2-PB1,161,2980,0,5,0,2985,A
2-PB1,162,0,0,3015,0,3015,G
2-PB1,163,1,2997,0,1,2999,T
2-PB1,164,2,5,2980,0,2987,G
2-PB1,165,0,3,2979,0,2982,G
2-PB1,166,2973,0,11,0,2984,A
2-PB1,167,0,1,0,2991,2992,C
2-PB1,168,0,2,3000,0,3002,G
2-PB1,169,3020,0,6,0,3026,A
2-PB1,170,0,1,0,3038,3039,C
2-PB1,171,3043,0,1,0,3044,A
2-PB1,172,3042,1,0,0,3043,A
2-PB1,173,3066,0,4,0,3070,A
2-PB1,174,0,3111,0,2,3113,T
2-PB1,175,3118,2,1,0,3121,A
2-PB1,176,0,0,0,3130,3130,C
2-PB1,177,3097,0,4,0,3101,A
2-PB1,178,0,3,3111,0,3114,G
2-PB1,179,3098,0,3,0,3101,A
2-PB1,180,3119,1,5,0,3125,A
2-PB1,181,3121,0,1,0,3122,A
2-PB1,182,0,2,0,3119,3121,C
2-PB1,183,0,3090,0,1,3091,T
2-PB1,184,1,5,3092,0,3098,G
2-PB1,185,2,2,3092,0,3096,G
2-PB1,186,0,3,3075,0,3078,G
2-PB1,187,3,1,3075,0,3079,G
2-PB1,188,1,1,0,3089,3091,C
2-PB1,189,3081,0,4,0,3085,A
2-PB1,190,0,3,0,3166,3169,C
2-PB1,191,1,1,0,3171,3173,C
2-PB1,192,4,1,0,3172,3177,C
2-PB1,193,5,0,0,3170,3175,C
2-PB1,194,3186,0,3,1,3190,A
2-PB1,195,3211,2,1,0,3214,A
2-PB1,196,0,0,0,3213,3213,C
2-PB1,197,0,3199,0,1,3200,T
2-PB1,198,3,1,0,3215,3219,C
2-PB1,199,3113,0,3,0,3116,A
2-PB1,200,3170,0,2,0,3172,A
2-PB1,201,2,1,0,3167,3170,C
2-PB1,202,1,1,0,3159,3161,C
2-PB1,203,7,0,0,3159,3166,C
2-PB1,204,3150,2,1,0,3153,A
2-PB1,205,3159,0,0,0,3159,A
2-PB1,206,0,3172,0,2,3174,T
2-PB1,207,1,3181,0,0,3182,T
2-PB1,208,0,4,3172,0,3176,G
2-PB1,209,3146,1,2,0,3149,A
2-PB1,210,1,3154,0,0,3155,T
2-PB1,211,3,3,3137,0,3143,G
2-PB1,212,2,3,3160,1,3166,G
2-PB1,213,3199,0,6,0,3205,A
2-PB1,214,1,1,0,3223,3225,C
2-PB1,215,2,0,0,3217,3219,C
2-PB1,216,3204,0,7,0,3211,A
2-PB1,217,0,1,1,3290,3292,C
2-PB1,218,0,3287,0,2,3289,T
2-PB1,219,3334,1,1,0,3336,A
2-PB1,220,0,0,0,3369,3369,C
2-PB1,221,3,0,0,3338,3341,C
2-PB1,222,0,3286,0,4,3290,T
2-PB1,223,2,4,3315,1,3322,G
2-PB1,224,3307,1,2,0,3310,A
2-PB1,225,0,2,3326,0,3328,G
2-PB1,226,0,1,3316,0,3317,G
2-PB1,227,3330,0,2,0,3332,A
2-PB1,228,0,3334,0,1,3335,T
2-PB1,229,3312,0,0,0,3312,A
2-PB1,230,3314,0,0,0,3314,A
2-PB1,231,1,3304,0,0,3305,T
2-PB1,232,0,5,3310,0,3315,G
2-PB1,233,3323,0,2,0,3325,A
2-PB1,234,3293,1,5,0,3299,A
2-PB1,235,0,2,0,3301,3303,C
2-PB1,236,4,3,1,3256,3264,C
2-PB1,237,3266,0,2,0,3268,A
2-PB1,238,3271,0,0,0,3271,A
2-PB1,239,0,0,3293,0,3293,G
2-PB1,240,1,3291,0,0,3292,T
2-PB1,241,0,4,3298,0,3302,G
2-PB1,242,0,1,3331,0,3332,G
2-PB1,243,3332,1,1,0,3334,A
2-PB1,244,0,3317,0,0,3317,T
2-PB1,245,3324,1,1,0,3326,A
2-PB1,246,0,3379,1,3,3383,T
2-PB1,247,2,1,3397,0,3400,G
2-PB1,248,2,2,1,3398,3403,C
2-PB1,249,3396,0,7,0,3403,A
2-PB1,250,1,0,0,3480,3481,C
2-PB1,251,3416,1,3,0,3420,A
2-PB1,252,3480,1,0,0,3481,A
2-PB1,253,3473,1,4,1,3479,A
2-PB1,254,0,0,0,3485,3485,C
2-PB1,255,3400,0,2,0,3402,A
2-PB1,256,0,3,3440,0,3443,G
2-PB1,257,3423,1,9,0,3433,A
2-PB1,258,0,0,0,3444,3444,C
2-PB1,259,0,3340,0,1,3341,T
2-PB1,260,0,0,3416,0,3416,G
2-PB1,261,0,3366,0,1,3367,T
2-PB1,262,0,1,3506,0,3507,G
2-PB1,263,1,3496,0,1,3498,T
2-PB1,264,3,0,1,3503,3507,C
2-PB1,265,5,0,0,3493,3498,C
2-PB1,266,0,3485,0,0,3485,T
2-PB1,267,1,1,3485,0,3487,G
2-PB1,268,0,1,3480,0,3481,G
2-PB1,269,3424,0,5,0,3429,A
2-PB1,270,2,0,3470,1,3473,G
2-PB1,271,0,0,3381,0,3381,G
2-PB1,272,1,1,0,3372,3374,C
2-PB1,273,0,3351,1,3,3355,T
2-PB1,274,3347,0,3,0,3350,A
2-PB1,275,0,3350,0,1,3351,T
2-PB1,276,1,1,3354,1,3357,G
2-PB1,277,0,0,3355,0,3355,G
2-PB1,278,2,0,0,3340,3342,C
2-PB1,279,1,1,0,3298,3300,C
2-PB1,280,1,3279,0,0,3280,T
2-PB1,281,0,3438,0,1,3439,T
2-PB1,282,3,0,0,3440,3443,C
2-PB1,283,3,0,0,3449,3452,C
2-PB1,284,0,3451,0,1,3452,T
2-PB1,285,0,3445,0,1,3446,T
2-PB1,286,1,2,3462,0,3465,G
2-PB1,287,3458,0,2,1,3461,A
2-PB1,288,3467,1,0,0,3468,A
2-PB1,289,0,4,3464,0,3468,G
2-PB1,290,3313,1,2,0,3316,A
2-PB1,291,3342,0,3,1,3346,A
2-PB1,292,0,3334,0,0,3334,T
2-PB1,293,3,1,0,3329,3333,C
2-PB1,294,1,0,0,3317,3318,C
2-PB1,295,4,2,0,3307,3313,C
2-PB1,296,3316,1,1,0,3318,A
2-PB1,297,2,1,0,3331,3334,C
2-PB1,298,2,0,0,3320,3322,C
2-PB1,299,3,0,0,3329,3332,C
2-PB1,300,3308,1,0,1,3310,A
2-PB1,301,1,1,3326,0,3328,G
2-PB1,302,2,0,3337,0,3339,G
2-PB1,303,1,3326,2,3,3332,T
2-PB1,304,3358,0,1,0,3359,A
2-PB1,305,1,3353,0,1,3355,T
2-PB1,306,1,1,0,3344,3346,C
2-PB1,307,0,3344,1,3,3348,T
2-PB1,308,1,3351,1,0,3353,T
2-PB1,309,0,3344,1,2,3347,T
2-PB1,310,0,4,3330,1,3335,G
2-PB1,311,3311,2,6,0,3319,A
2-PB1,312,1,6,3328,0,3335,G
2-PB1,313,3297,0,5,0,3302,A
2-PB1,314,3317,1,1,0,3319,A
2-PB1,315,0,0,0,3340,3340,C
2-PB1,316,0,3277,0,3,3280,T
2-PB1,317,5,0,1,3286,3292,C
2-PB1,318,3284,0,3,0,3287,A
2-PB1,319,0,3297,0,2,3299,T
2-PB1,320,0,3,3302,0,3305,G
2-PB1,321,0,0,0,3354,3354,C
2-PB1,322,6,0,0,3357,3363,C
2-PB1,323,0,3348,0,7,3355,T
2-PB1,324,0,3329,1,2,3332,T
2-PB1,325,1,3,3337,0,3341,G
2-PB1,326,3361,1,2,0,3364,A
2-PB1,327,3352,0,8,1,3361,A
2-PB1,328,3362,1,3,0,3366,A
2-PB1,329,1,0,1,3393,3395,C
2-PB1,330,3316,0,1,1,3318,A
2-PB1,331,3329,0,4,0,3333,A
2-PB1,332,0,3330,0,2,3332,T
2-PB1,333,0,1,3321,0,3322,G
2-PB1,334,0,0,3317,1,3318,G
2-PB1,335,3291,0,2,0,3293,A
2-PB1,336,3276,0,4,0,3280,A
2-PB1,337,0,1,3280,1,3282,G
2-PB1,338,0,1,0,3264,3265,C
2-PB1,339,0,1,1,3235,3237,C
2-PB1,340,2,0,3277,0,3279,G
2-PB1,341,2,3260,1,1,3264,T
2-PB1,342,0,3268,0,2,3270,T
2-PB1,343,4,0,0,3281,3285,C
2-PB1,344,3293,0,0,0,3293,A
2-PB1,345,3322,0,2,0,3324,A
2-PB1,346,0,1,0,3325,3326,C
2-PB1,347,3333,0,3,0,3336,A
2-PB1,348,0,5,3359,0,3364,G
2-PB1,349,3300,1,4,0,3305,A
2-PB1,350,1,0,0,3306,3307,C
2-PB1,351,3298,1,1,0,3300,A
2-PB1,352,3327,0,4,2,3333,A
2-PB1,353,1,4,3358,0,3363,G
2-PB1,354,0,6,3306,0,3312,G
2-PB1,355,2,0,3334,0,3336,G
2-PB1,356,0,3265,0,2,3267,T
2-PB1,357,1,3,3255,1,3260,G
2-PB1,358,0,3,3267,0,3270,G
2-PB1,359,3260,1,4,0,3265,A
2-PB1,360,1,2,0,3261,3264,C
2-PB1,361,3207,0,0,0,3207,A
2-PB1,362,3254,0,0,1,3255,A
2-PB1,363,3240,0,1,0,3241,A
2-PB1,364,2,0,0,3241,3243,C
2-PB1,365,1,3224,1,2,3228,T
2-PB1,366,3231,0,0,0,3231,A
2-PB1,367,3243,0,3,0,3246,A
2-PB1,368,2,0,1,3251,3254,C
2-PB1,369,3,0,0,3246,3249,C
2-PB1,370,7,2,0,3238,3247,C
2-PB1,371,3169,0,4,1,3174,A
2-PB1,372,3169,1,3,0,3173,A
2-PB1,373,1,0,3175,0,3176,G
2-PB1,374,0,0,3185,0,3185,G
2-PB1,375,0,3174,0,0,3174,T
2-PB1,376,8,2,0,3147,3157,C
2-PB1,377,1,1,3152,0,3154,G
2-PB1,378,0,1,0,3143,3144,C
2-PB1,379,1,1,0,3153,3155,C
2-PB1,380,3148,1,1,0,3150,A
2-PB1,381,2,1,3224,0,3227,G
2-PB1,382,3274,0,3,0,3277,A
2-PB1,383,0,1,0,3287,3288,C
2-PB1,384,0,3269,0,5,3274,T
2-PB1,385,0,3254,2,1,3257,T
2-PB1,386,3255,0,1,0,3256,A
2-PB1,387,3,3264,0,2,3269,T
2-PB1,388,1,2,3270,0,3273,G
2-PB1,389,3267,0,1,0,3268,A
2-PB1,390,1,3191,0,4,3196,T
2-PB1,391,1,3095,0,2,3098,T
2-PB1,392,0,1,3072,0,3073,G
2-PB1,393,0,3,3078,0,3081,G
2-PB1,394,3101,0,4,0,3105,A
2-PB1,395,0,0,0,3093,3093,C
2-PB1,396,3058,0,0,0,3058,A
2-PB1,397,0,3042,0,2,3044,T
2-PB1,398,0,3067,1,0,3068,T
2-PB1,399,3079,1,1,0,3081,A
2-PB1,400,3075,0,4,1,3080,A
2-PB1,401,3090,2,1,0,3093,A
2-PB1,402,0,1,0,3091,3092,C
2-PB1,403,3026,1,1,0,3028,A
2-PB1,404,0,2,3045,0,3047,G
2-PB1,405,3028,0,2,0,3030,A
2-PB1,406,3028,0,5,0,3033,A
2-PB1,407,3038,0,2,0,3040,A
2-PB1,408,1,3010,1,1,3013,T
2-PB1,409,8,0,0,3018,3026,C
2-PB1,410,3009,0,1,0,3010,A
2-PB1,411,3012,0,1,0,3013,A
2-PB1,412,0,0,0,3012,3012,C
2-PB1,413,2,2,0,2980,2984,C
2-PB1,414,2,4,2992,0,2998,G
2-PB1,415,1,4,2985,0,2990,G
2-PB1,416,0,4,0,3004,3008,C
2-PB1,417,2998,0,6,0,3004,A
2-PB1,418,0,5,3002,0,3007,G
2-PB1,419,0,2,0,3024,3026,C
2-PB1,420,3021,0,0,0,3021,A
2-PB1,421,3028,0,2,0,3030,A
2-PB1,422,1,0,0,3032,3033,C
2-PB1,423,1,3016,0,1,3018,T
2-PB1,424,0,1,3128,0,3129,G
2-PB1,425,1,1,0,3123,3125,C
2-PB1,426,3126,1,2,0,3129,A
2-PB1,427,1,3121,0,1,3123,T
2-PB1,428,0,3085,0,2,3087,T
2-PB1,429,3263,0,0,0,3263,A
2-PB1,430,0,0,3261,0,3261,G
2-PB1,431,0,0,0,3242,3242,C
2-PB1,432,0,2,0,3237,3239,C
2-PB1,433,3106,0,5,0,3111,A
2-PB1,434,3128,1,2,0,3131,A
2-PB1,435,1,1,0,3149,3151,C
2-PB1,436,3157,1,0,0,3158,A
2-PB1,437,1,2,0,3221,3224,C
2-PB1,438,3,0,0,2995,2998,C
2-PB1,439,2997,0,0,1,2998,A
2-PB1,440,1,2988,0,2,2991,T
2-PB1,441,2992,1,1,1,2995,A
2-PB1,442,1,0,2991,0,2992,G
2-PB1,443,2974,1,0,0,2975,A
2-PB1,444,2916,0,8,0,2924,A
2-PB1,445,0,0,2961,0,2961,G
2-PB1,446,0,2857,0,3,2860,T
2-PB1,447,0,2860,1,0,2861,T
2-PB1,448,0,2859,0,1,2860,T
2-PB1,449,0,2866,0,1,2867,T
2-PB1,450,0,2875,1,1,2877,T
2-PB1,451,2870,0,1,1,2872,A
2-PB1,452,0,4,2860,0,2864,G
2-PB1,453,2863,0,3,0,2866,A
2-PB1,454,1,2842,0,0,2843,T
2-PB1,455,6,1,0,2795,2802,C
2-PB1,456,0,5,2805,0,2810,G
2-PB1,457,2814,0,1,0,2815,A
2-PB1,458,2815,1,0,1,2817,A
2-PB1,459,1,3,0,2831,2835,C
2-PB1,460,3,3,2839,0,2845,G
2-PB1,461,0,2,2955,0,2957,G
2-PB1,462,2956,1,1,0,2958,A
2-PB1,463,1,2948,0,3,2952,T
2-PB1,464,0,2961,0,0,2961,T
2-PB1,465,2949,1,6,0,2956,A
2-PB1,466,2949,1,3,0,2953,A
2-PB1,467,0,0,0,2972,2972,C
2-PB1,468,2950,0,0,0,2950,A
2-PB1,469,0,0,2989,0,2989,G
2-PB1,470,0,1,0,2860,2861,C
2-PB1,471,1,2863,0,0,2864,T
2-PB1,472,2864,0,0,0,2864,A
2-PB1,473,2860,0,2,0,2862,A
2-PB1,474,0,2862,0,2,2864,T
2-PB1,475,0,3,2894,0,2897,G
2-PB1,476,2882,0,6,0,2888,A
2-PB1,477,2876,0,22,0,2898,A
2-PB1,478,0,2835,0,0,2835,T
2-PB1,479,6,5,0,2832,2843,C
2-PB1,480,2828,1,3,0,2832,A
2-PB1,481,0,2,2827,0,2829,G
2-PB1,482,1,4,2815,0,2820,G
2-PB1,483,2814,0,0,0,2814,A
2-PB1,484,2764,0,3,0,2767,A
2-PB1,485,0,6,2889,0,2895,G
2-PB1,486,1,1,2914,0,2916,G
2-PB1,487,0,0,0,2915,2915,C
2-PB1,488,0,2911,0,0,2911,T
2-PB1,489,2914,0,2,0,2916,A
2-PB1,490,2910,0,8,1,2919,A
2-PB1,491,1,2916,0,1,2918,T
2-PB1,492,2914,1,2,0,2917,A
2-PB1,493,0,4,2919,0,2923,G
2-PB1,494,2745,0,0,0,2745,A
2-PB1,495,0,2716,0,2,2718,T
2-PB1,496,0,2702,0,2,2704,T
2-PB1,497,0,2702,0,4,2706,T
2-PB1,498,1,1,0,2790,2792,C
2-PB1,499,2,0,0,2800,2802,C
2-PB1,500,0,2789,0,4,2793,T
2-PB1,501,4,1,0,2797,2802,C
2-PB1,502,2789,0,1,0,2790,A
2-PB1,503,2799,0,2,0,2801,A
2-PB1,504,0,3,2810,1,2814,G
2-PB1,505,1,0,2845,0,2846,G
2-PB1,506,2835,0,4,0,2839,A
2-PB1,507,0,2731,0,1,2732,T
2-PB1,508,1,1,2751,0,2753,G
2-PB1,509,0,2744,0,0,2744,T
2-PB1,510,2,2,2770,0,2774,G
2-PB1,511,2769,0,3,0,2772,A
2-PB1,512,0,2764,0,1,2765,T
2-PB1,513,0,2,2751,0,2753,G
2-PB1,514,0,6,2734,0,2740,G
2-PB1,515,2736,1,5,0,2742,A
2-PB1,516,2739,0,2,1,2742,A
2-PB1,517,0,2703,0,1,2704,T
2-PB1,518,2,1,0,2708,2711,C
2-PB1,519,2687,2,2,0,2691,A
2-PB1,520,2698,0,2,0,2700,A
2-PB1,521,0,2703,0,0,2703,T
2-PB1,522,0,2,2715,0,2717,G
2-PB1,523,2,2,2722,0,2726,G
2-PB1,524,2727,0,4,0,2731,A
2-PB1,525,1,2723,0,0,2724,T
2-PB1,526,2723,0,0,0,2723,A
2-PB1,527,2722,0,0,0,2722,A
2-PB1,528,2717,0,5,0,2722,A
2-PB1,529,1,1,2748,0,2750,G
2-PB1,530,2728,0,3,0,2731,A
2-PB1,531,0,1,2705,0,2706,G
2-PB1,532,1,3,2685,0,2689,G
2-PB1,533,2669,0,4,0,2673,A
2-PB1,534,2674,0,2,0,2676,A
2-PB1,535,2678,0,2,0,2680,A
2-PB1,536,0,2678,0,0,2678,T
2-PB1,537,18,3,2698,0,2719,G
2-PB1,538,0,3,2712,0,2715,G
2-PB1,539,2661,1,17,0,2679,A
2-PB1,540,1,0,2694,0,2695,G
2-PB1,541,2658,0,1,0,2659,A
2-PB1,542,0,2690,0,1,2691,T
2-PB1,543,2689,0,2,0,2691,A
2-PB1,544,2712,0,4,0,2716,A
2-PB1,545,0,2,0,2712,2714,C
2-PB1,546,2668,0,2,0,2670,A
2-PB1,547,2674,1,1,0,2676,A
2-PB1,548,0,0,0,2667,2667,C
2-PB1,549,2643,1,5,0,2649,A
2-PB1,550,0,0,1,2641,2642,C
2-PB1,551,2594,0,2,0,2596,A
2-PB1,552,0,0,0,2631,2631,C
2-PB1,553,0,2598,0,1,2599,T
2-PB1,554,0,2594,0,0,2594,T
2-PB1,555,1,2596,0,2,2599,T
2-PB1,556,3,0,0,2586,2589,C
2-PB1,557,2593,1,3,0,2597,A
2-PB1,558,2595,0,2,0,2597,A
2-PB1,559,2592,0,8,0,2600,A
2-PB1,560,0,2,2625,0,2627,G
2-PB1,561,2588,0,1,0,2589,A
2-PB1,562,2595,0,0,0,2595,A
2-PB1,563,2601,0,1,2,2604,A
2-PB1,564,2607,0,1,0,2608,A
2-PB1,565,2606,1,0,0,2607,A
2-PB1,566,0,0,2623,0,2623,G
2-PB1,567,1,1,2622,1,2625,G
2-PB1,568,2589,0,1,1,2591,A
2-PB1,569,1,4,2643,0,2648,G
2-PB1,570,2628,0,8,0,2636,A
2-PB1,571,0,1,2722,0,2723,G
2-PB1,572,0,2720,0,0,2720,T
2-PB1,573,2714,0,0,0,2714,A
2-PB1,574,2715,0,4,0,2719,A
2-PB1,575,0,3,2710,0,2713,G
2-PB1,576,0,7,2728,0,2735,G
2-PB1,577,0,3,2736,1,2740,G
2-PB1,578,2694,1,8,0,2703,A
2-PB1,579,17,1,0,2717,2735,C
2-PB1,580,2648,0,5,0,2653,A
2-PB1,581,2658,0,1,0,2659,A
2-PB1,582,0,0,0,2655,2655,C
2-PB1,583,2647,3,1,0,2651,A
2-PB1,584,1,2612,0,2,2615,T
2-PB1,585,1,4,2589,0,2594,G
2-PB1,586,2598,0,2,0,2600,A
2-PB1,587,1,0,0,2590,2591,C
2-PB1,588,4,2,0,2560,2566,C
2-PB1,589,2565,2,1,0,2568,A
2-PB1,590,2577,0,1,0,2578,A
2-PB1,591,1,1,2586,0,2588,G
2-PB1,592,2586,0,0,1,2587,A
2-PB1,593,2590,0,0,0,2590,A
2-PB1,594,2581,0,2,0,2583,A
2-PB1,595,2580,0,1,1,2582,A
2-PB1,596,0,2591,0,0,2591,T
2-PB1,597,1,4,2588,0,2593,G
2-PB1,598,0,0,2588,0,2588,G
2-PB1,599,0,2547,0,1,2548,T
2-PB1,600,6,2,0,2522,2530,C
2-PB1,601,2560,0,2,0,2562,A
2-PB1,602,0,0,0,2779,2779,C
2-PB1,603,2846,1,0,0,2847,A
2-PB1,604,0,0,0,2876,2876,C
2-PB1,605,2880,0,0,0,2880,A
2-PB1,606,3092,1,0,0,3093,A
2-PB1,607,3079,1,2,0,3082,A
2-PB1,608,0,5,3346,0,3351,G
2-PB1,609,718,3,2496,0,3217,G
2-PB1,610,3340,1,4,0,3345,A
2-PB1,611,3,1,15,3450,3469,C
2-PB1,612,3469,0,4,0,3473,A
2-PB1,613,3498,1,2,0,3501,A
2-PB1,614,0,3496,0,0,3496,T
2-PB1,615,3457,0,7,0,3464,A
2-PB1,616,0,8,3460,0,3468,G
2-PB1,617,3,3,3353,0,3359,G
2-PB1,618,1,4,3360,0,3365,G
2-PB1,619,3369,0,1,0,3370,A
2-PB1,620,3328,0,2,0,3330,A
2-PB1,621,1,2,3357,1,3361,G
2-PB1,622,3362,2,3,0,3367,A
2-PB1,623,3371,1,3,0,3375,A
2-PB1,624,3389,1,1,1,3392,A
2-PB1,625,3403,3,3,1,3410,A
2-PB1,626,3531,0,2,0,3533,A
2-PB1,627,3541,0,4,0,3545,A
2-PB1,628,0,4,1,3549,3554,C
2-PB1,629,3549,2,0,0,3551,A
2-PB1,630,3545,1,1,1,3548,A
2-PB1,631,3539,0,2,0,3541,A
2-PB1,632,0,3,3640,0,3643,G
2-PB1,633,3628,0,4,0,3632,A
2-PB1,634,0,0,3820,0,3820,G
2-PB1,635,1,3782,0,1,3784,T
2-PB1,636,1,9,4516,0,4526,G
2-PB1,637,4524,1,4,0,4529,A
2-PB1,638,4540,0,4,1,4545,A
2-PB1,639,0,4610,1,0,4611,T
2-PB1,640,4629,0,1,0,4630,A
2-PB1,641,4597,0,7,1,4605,A
2-PB1,642,1,5,4604,0,4610,G
2-PB1,643,4518,0,8,1,4527,A
2-PB1,644,1,3,4549,0,4553,G
2-PB1,645,4359,0,2,0,4361,A
2-PB1,646,2,1,4387,0,4390,G
2-PB1,647,0,3,4389,0,4392,G
2-PB1,648,0,1,1,4402,4404,C
2-PB1,649,0,4392,1,0,4393,T
2-PB1,650,4552,0,0,0,4552,A
2-PB1,651,2,0,0,4838,4840,C
2-PB1,652,3,1,1,4849,4854,C
2-PB1,653,0,4888,0,1,4889,T
2-PB1,654,5109,1,1,0,5111,A
2-PB1,655,5092,1,8,1,5102,A
2-PB1,656,1,5110,1,0,5112,T
2-PB1,657,5111,0,0,1,5112,A
2-PB1,658,5096,1,4,1,5102,A
2-PB1,659,1,5,5122,0,5128,G
2-PB1,660,4991,0,8,0,4999,A
2-PB1,661,0,2,5045,0,5047,G
2-PB1,662,0,0,0,5070,5070,C
2-PB1,663,0,5010,0,6,5016,T
2-PB1,664,1,5033,1,3,5038,T
2-PB1,665,2,5037,1,2,5042,T
2-PB1,666,1,7,5042,0,5050,G
2-PB1,667,5134,1,8,0,5143,A
2-PB1,668,0,2,0,5168,5170,C
2-PB1,669,5145,0,0,0,5145,A
2-PB1,670,0,5124,0,2,5126,T
2-PB1,671,1,5113,0,2,5116,T
2-PB1,672,0,7,5213,0,5220,G
2-PB1,673,5200,2,6,0,5208,A
2-PB1,674,5204,1,7,0,5212,A
2-PB1,675,0,2,0,5224,5226,C
2-PB1,676,5189,0,3,0,5192,A
2-PB1,677,0,2,0,5207,5209,C
2-PB1,678,1,5,5197,1,5204,G
2-PB1,679,5218,0,10,0,5228,A
2-PB1,680,1,5221,0,5,5227,T
2-PB1,681,2,16,5295,1,5314,G
2-PB1,682,5317,1,7,0,5325,A
2-PB1,683,0,2,0,5346,5348,C
2-PB1,684,3,3,0,5337,5343,C
2-PB1,685,5348,1,5,0,5354,A
2-PB1,686,5405,0,1,2,5408,A
2-PB1,687,5415,1,2,1,5419,A
2-PB1,688,1,2,5577,0,5580,G
2-PB1,689,5633,0,6,0,5639,A
2-PB1,690,0,5585,0,7,5592,T
2-PB1,691,2,2,5615,0,5619,G
2-PB1,692,1,1,1,5595,5598,C
2-PB1,693,5590,1,6,1,5598,A
2-PB1,694,0,4,5638,0,5642,G
2-PB1,695,5592,0,13,0,5605,A
2-PB1,696,0,4,5619,0,5623,G
2-PB1,697,5516,0,4,0,5520,A
2-PB1,698,4,3,5508,0,5515,G
2-PB1,699,5465,0,11,2,5478,A
2-PB1,700,0,6,5491,1,5498,G
2-PB1,701,14,3,5472,0,5489,G
2-PB1,702,5,1,0,5483,5489,C
2-PB1,703,5466,0,3,0,5469,A
2-PB1,704,5459,2,10,0,5471,A
2-PB1,705,5507,0,3,0,5510,A
2-PB1,706,0,5518,1,0,5519,T
2-PB1,707,1,5517,0,1,5519,T
2-PB1,708,5530,3,2,0,5535,A
2-PB1,709,5508,2,3,1,5514,A
2-PB1,710,5528,0,4,1,5533,A
2-PB1,711,5537,1,3,1,5542,A
2-PB1,712,5542,0,8,0,5550,A
2-PB1,713,1,3,5545,1,5550,G
2-PB1,714,5513,0,1,0,5514,A
2-PB1,715,5491,0,8,1,5500,A
2-PB1,716,12,8,5564,0,5584,G
2-PB1,717,2,2,5700,0,5704,G
2-PB1,718,2,0,5712,0,5714,G
2-PB1,719,0,2,0,5741,5743,C
2-PB1,720,0,5727,0,5,5732,T
2-PB1,721,5760,0,1,0,5761,A
2-PB1,722,0,5840,1,6,5847,T
2-PB1,723,0,5852,0,3,5855,T
2-PB1,724,1,5,5873,0,5879,G
2-PB1,725,1,3,0,5840,5844,C
2-PB1,726,5695,3,9,1,5708,A
2-PB1,727,5708,0,9,0,5717,A
2-PB1,728,0,0,0,5734,5734,C
2-PB1,729,5730,0,9,0,5739,A
2-PB1,730,2,0,0,5753,5755,C
2-PB1,731,6,0,1,5652,5659,C
2-PB1,732,7,8,0,5650,5665,C
2-PB1,733,1,4,5653,0,5658,G
2-PB1,734,1,9,5667,0,5677,G
2-PB1,735,0,3,5684,0,5687,G
2-PB1,736,5709,2,3,1,5715,A
2-PB1,737,0,5674,0,5,5679,T
2-PB1,738,10,2,5685,0,5697,G
2-PB1,739,1,1,0,5674,5676,C
2-PB1,740,5763,1,3,1,5768,A
2-PB1,741,5848,0,4,2,5854,A
2-PB1,742,5921,1,2,1,5925,A
2-PB1,743,0,5933,0,3,5936,T
2-PB1,744,0,5939,1,0,5940,T
2-PB1,745,5897,1,2,0,5900,A
2-PB1,746,0,0,5901,0,5901,G
2-PB1,747,5870,0,10,0,5880,A
2-PB1,748,1,8,5899,0,5908,G
2-PB1,749,2,7,5820,0,5829,G
2-PB1,750,1,3,5982,0,5986,G
2-PB1,751,2,5981,0,11,5994,T
2-PB1,752,1,5981,1,3,5986,T
2-PB1,753,11,1,0,6002,6014,C
2-PB1,754,9,0,6067,0,6076,G
2-PB1,755,1,6059,3,5,6068,T
2-PB1,756,20,1,6065,0,6086,G
2-PB1,757,0,6062,0,6,6068,T
2-PB1,758,6045,2,1,1,6049,A
2-PB1,759,0,3,0,6040,6043,C
2-PB1,760,0,5790,2,7,5799,T
2-PB1,761,0,5823,7,1,5831,T
2-PB1,762,5,2,0,5785,5792,C
2-PB1,763,4,1,5767,0,5772,G
2-PB1,764,1,5760,0,3,5764,T
2-PB1,765,1,5738,0,7,5746,T
2-PB1,766,4,4,5747,0,5755,G
2-PB1,767,5740,1,3,0,5744,A
2-PB1,768,5724,0,14,0,5738,A
2-PB1,769,5778,0,5,1,5784,A
2-PB1,770,3,1,0,5806,5810,C
2-PB1,771,0,5751,0,10,5761,T
2-PB1,772,0,5742,0,3,5745,T
2-PB1,773,0,5760,1,3,5764,T
2-PB1,774,5839,1,4,0,5844,A
2-PB1,775,2,0,5865,0,5867,G
2-PB1,776,1,0,2,5877,5880,C
2-PB1,777,0,5870,0,9,5879,T
2-PB1,778,5823,1,2,0,5826,A
2-PB1,779,0,1,5802,0,5803,G
2-PB1,780,5807,0,2,1,5810,A
2-PB1,781,5799,0,7,0,5806,A
2-PB1,782,0,1,5816,0,5817,G
2-PB1,783,0,2,0,5740,5742,C
2-PB1,784,5742,0,1,0,5743,A
2-PB1,785,0,5714,1,6,5721,T
2-PB1,786,0,5731,1,0,5732,T
2-PB1,787,0,5720,1,1,5722,T
2-PB1,788,2,6,5737,0,5745,G
2-PB1,789,1,2,0,5724,5727,C
2-PB1,790,1,9,5732,0,5742,G
2-PB1,791,5734,1,3,0,5738,A
2-PB1,792,5712,1,1,0,5714,A
2-PB1,793,5715,1,1,2,5719,A
2-PB1,794,5869,0,6,1,5876,A
2-PB1,795,2,2,5933,0,5937,G
2-PB1,796,1,1,0,5948,5950,C
2-PB1,797,0,5916,0,18,5934,T
2-PB1,798,1,5939,0,2,5942,T
2-PB1,799,0,14,5943,0,5957,G
2-PB1,800,5948,1,6,0,5955,A
2-PB1,801,5945,0,10,0,5955,A
2-PB1,802,0,1,0,5975,5976,C
2-PB1,803,5810,0,0,2,5812,A
2-PB1,804,1,2,6285,0,6288,G
2-PB1,805,0,6236,0,2,6238,T
2-PB1,806,10,2,1,6221,6234,C
2-PB1,807,0,6241,1,12,6254,T
2-PB1,808,4,6,6254,1,6265,G
2-PB1,809,0,5,6259,0,6264,G
2-PB1,810,6272,1,6,0,6279,A
2-PB1,811,1,3,0,6279,6283,C
2-PB1,812,0,6087,2,10,6099,T
2-PB1,813,0,5746,0,7,5753,T
2-PB1,814,5,0,0,5739,5744,C
2-PB1,815,5,4,0,5745,5754,C
2-PB1,816,4,3,5787,0,5794,G
2-PB1,817,1,0,5807,0,5808,G
2-PB1,818,1,5777,1,5,5784,T
2-PB1,819,1,5781,3,1,5786,T
2-PB1,820,1,8,5754,0,5763,G
2-PB1,821,0,7,5798,0,5805,G
2-PB1,822,3,10,5821,0,5834,G
2-PB1,823,6,12,5819,0,5837,G
2-PB1,824,5,0,5861,0,5866,G
2-PB1,825,0,5824,0,1,5825,T
2-PB1,826,5827,0,2,1,5830,A
2-PB1,827,5860,0,2,0,5862,A
2-PB1,828,0,5870,1,3,5874,T
2-PB1,829,1,5,5879,0,5885,G
2-PB1,830,5834,5,4,0,5843,A
2-PB1,831,5791,2,4,0,5797,A
2-PB1,832,5809,0,8,0,5817,A
2-PB1,833,5799,3,5,0,5807,A
2-PB1,834,2,2,5817,0,5821,G
2-PB1,835,5749,0,2,0,5751,A
2-PB1,836,5674,2,48,1,5725,A
2-PB1,837,1,3,5752,0,5756,G
2-PB1,838,1,2,5745,0,5748,G
2-PB1,839,4,4,0,5717,5725,C
2-PB1,840,7,0,0,5713,5720,C
2-PB1,841,5736,1,2,0,5739,A
2-PB1,842,5729,1,5,0,5735,A
2-PB1,843,5727,0,7,0,5734,A
2-PB1,844,0,1,0,5735,5736,C
2-PB1,845,0,5744,1,3,5748,T
2-PB1,846,2,3,5823,0,5828,G
2-PB1,847,6,0,5815,0,5821,G
2-PB1,848,4,5,0,5818,5827,C
2-PB1,849,5845,2,2,1,5850,A
2-PB1,850,5838,1,2,0,5841,A
2-PB1,851,5847,1,0,0,5848,A
2-PB1,852,1,5839,1,2,5843,T
2-PB1,853,1,0,5857,0,5858,G
2-PB1,854,1,5833,0,1,5835,T
2-PB1,855,1,5705,1,1,5708,T
2-PB1,856,3,0,5713,0,5716,G
2-PB1,857,1,5693,1,6,5701,T
2-PB1,858,1,8,5710,1,5720,G
2-PB1,859,5720,0,5,0,5725,A
2-PB1,860,1,6,5735,0,5742,G
2-PB1,861,5718,1,9,0,5728,A
2-PB1,862,5701,0,0,1,5702,A
2-PB1,863,5693,0,9,0,5702,A
2-PB1,864,5713,2,3,0,5718,A
2-PB1,865,5727,0,6,2,5735,A
2-PB1,866,1,5720,0,2,5723,T
2-PB1,867,0,3,5725,0,5728,G
2-PB1,868,5711,1,9,0,5721,A
2-PB1,869,2,5662,0,6,5670,T
2-PB1,870,1,14,5714,0,5729,G
2-PB1,871,5724,1,10,0,5735,A
2-PB1,872,0,3,0,5792,5795,C
2-PB1,873,1,5759,1,10,5771,T
2-PB1,874,5751,0,4,0,5755,A
2-PB1,875,5805,0,10,0,5815,A
2-PB1,876,1,5799,1,3,5804,T
2-PB1,877,2,5848,1,4,5855,T
2-PB1,878,12,3,1,5879,5895,C
2-PB1,879,5870,2,6,0,5878,A
2-PB1,880,0,5,0,5869,5874,C
2-PB1,881,5804,1,3,0,5808,A
2-PB1,882,5806,1,11,1,5819,A
2-PB1,883,2,9,5830,0,5841,G
2-PB1,884,5911,2,13,0,5926,A
2-PB1,885,0,1,0,5916,5917,C
2-PB1,886,5843,0,10,0,5853,A
2-PB1,887,1,4,1,5844,5850,C
2-PB1,888,5794,1,7,1,5803,A
2-PB1,889,2,3,5825,1,5831,G
2-PB1,890,5803,0,5,0,5808,A
2-PB1,891,1,0,5852,1,5854,G
2-PB1,892,2,1,0,5831,5834,C
2-PB1,893,1,5696,1,18,5716,T
2-PB1,894,1,5769,0,1,5771,T
2-PB1,895,0,5770,0,0,5770,T
2-PB1,896,6,3,0,5782,5791,C
2-PB1,897,1,5766,0,20,5787,T
2-PB1,898,1,5749,2,7,5759,T
2-PB1,899,2,5741,1,7,5751,T
2-PB1,900,5,2,0,5764,5771,C
2-PB1,901,5744,0,11,1,5756,A
2-PB1,902,1,0,0,5781,5782,C
2-PB1,903,5708,1,2,2,5713,A
2-PB1,904,5735,0,4,0,5739,A
2-PB1,905,2,5776,1,2,5781,T
2-PB1,906,7,2,0,5832,5841,C
2-PB1,907,5868,1,0,1,5870,A
2-PB1,908,0,0,1,5900,5901,C
2-PB1,909,0,5852,2,4,5858,T
2-PB1,910,3,2,5891,1,5897,G
2-PB1,911,0,8,5876,0,5884,G
2-PB1,912,1,5,6024,0,6030,G
2-PB1,913,4,10,6002,0,6016,G
2-PB1,914,5933,1,9,0,5943,A
2-PB1,915,3,3,1,5735,5742,C
2-PB1,916,5812,1,5,0,5818,A
2-PB1,917,6188,0,7,0,6195,A
2-PB1,918,1,2,0,6245,6248,C
2-PB1,919,6215,3,7,0,6225,A
2-PB1,920,1,1,0,6211,6213,C
2-PB1,921,1,5937,1,5,5944,T
2-PB1,922,5986,1,7,0,5994,A
2-PB1,923,5959,1,8,1,5969,A
2-PB1,924,0,0,6022,0,6022,G
2-PB1,925,1,5979,0,2,5982,T
2-PB1,926,4,5,5545,0,5554,G
2-PB1,927,1,5,5520,0,5526,G
2-PB1,928,5500,0,3,1,5504,A
2-PB1,929,5508,2,8,1,5519,A
2-PB1,930,1,5511,0,1,5513,T
2-PB1,931,0,8,5473,2,5483,G
2-PB1,932,5482,2,1,0,5485,A
2-PB1,933,5395,2,8,0,5405,A
2-PB1,934,5431,0,6,0,5437,A
2-PB1,935,5451,2,3,0,5456,A
2-PB1,936,0,5405,0,25,5430,T
2-PB1,937,12,0,0,5430,5442,C
2-PB1,938,5442,1,2,1,5446,A
2-PB1,939,5441,1,4,0,5446,A
2-PB1,940,5429,0,5,1,5435,A
2-PB1,941,5444,3,1,1,5449,A
2-PB1,942,3,39,0,5409,5451,C
2-PB1,943,3,2,1,5394,5400,C
2-PB1,944,11,5,0,5393,5409,C
2-PB1,945,1,5391,0,5,5397,T
2-PB1,946,4,1,0,5421,5426,C
2-PB1,947,0,8,5429,0,5437,G
2-PB1,948,5427,0,3,0,5430,A
2-PB1,949,5430,0,1,0,5431,A
2-PB1,950,1,5429,0,0,5430,T
2-PB1,951,1,2,5461,0,5464,G
2-PB1,952,2,5397,2,9,5410,T
2-PB1,953,0,5389,2,6,5397,T
2-PB1,954,0,5400,2,3,5405,T
2-PB1,955,2,5414,0,2,5418,T
2-PB1,956,1,5413,1,0,5415,T
2-PB1,957,0,2,5417,0,5419,G
2-PB1,958,0,3,5405,0,5408,G
2-PB1,959,1,4,1,5386,5392,C
2-PB1,960,1,3,5327,0,5331,G
2-PB1,961,5328,0,1,0,5329,A
2-PB1,962,1,5497,1,5,5504,T
2-PB1,963,0,3,5700,0,5703,G
2-PB1,964,5976,0,4,0,5980,A
2-PB1,965,4,5999,1,7,6011,T
2-PB1,966,0,6014,0,3,6017,T
2-PB1,967,6037,0,12,0,6049,A
2-PB1,968,0,0,1,6057,6058,C
2-PB1,969,6077,18,4,0,6099,A
2-PB1,970,0,6080,0,2,6082,T
2-PB1,971,5803,1,3,1,5808,A
2-PB1,972,1,3,0,5847,5851,C
2-PB1,973,5331,1,2,0,5334,A
2-PB1,974,2,5331,1,8,5342,T
2-PB1,975,5,3,1,5321,5330,C
2-PB1,976,5309,0,3,0,5312,A
2-PB1,977,2,1,0,5323,5326,C
2-PB1,978,5284,1,0,0,5285,A
2-PB1,979,5284,1,3,0,5288,A
2-PB1,980,5271,0,5,0,5276,A
2-PB1,981,0,3,5135,1,5139,G
2-PB1,982,5349,1,8,1,5359,A
2-PB1,983,5368,1,11,0,5380,A
2-PB1,984,1,5369,1,2,5373,T
2-PB1,985,2,4,0,5361,5367,C
2-PB1,986,5405,1,5,2,5413,A
2-PB1,987,5441,0,4,0,5445,A
2-PB1,988,1,0,1,5455,5457,C
2-PB1,989,5,1,0,5449,5455,C
2-PB1,990,2,5183,2,7,5194,T
2-PB1,991,3,10,5227,1,5241,G
2-PB1,992,5217,2,8,0,5227,A
2-PB1,993,0,0,5228,0,5228,G
2-PB1,994,3,5202,0,5,5210,T
2-PB1,995,0,4,5126,0,5130,G
2-PB1,996,1,1,5447,0,5449,G
2-PB1,997,0,5413,0,5,5418,T
2-PB1,998,1,5412,0,9,5422,T
2-PB1,999,6,1,0,5422,5429,C
2-PB1,1000,5382,0,3,0,5385,A
2-PB1,1001,1,1,5478,1,5481,G
2-PB1,1002,5472,0,3,0,5475,A
2-PB1,1003,5460,0,6,0,5466,A
2-PB1,1004,5446,0,4,0,5450,A
2-PB1,1005,0,1,1,5110,5112,C
2-PB1,1006,5201,0,8,1,5210,A
2-PB1,1007,0,5197,0,3,5200,T
2-PB1,1008,1,3,0,5246,5250,C
2-PB1,1009,5,0,0,5258,5263,C
2-PB1,1010,2,5097,0,7,5106,T
2-PB1,1011,3,12,5095,0,5110,G
2-PB1,1012,5068,2,9,0,5079,A
2-PB1,1013,2,1,5130,0,5133,G
2-PB1,1014,0,0,1,5110,5111,C
2-PB1,1015,4961,0,2,0,4963,A
2-PB1,1016,2,4964,0,4,4970,T
2-PB1,1017,2,1,0,4929,4932,C
2-PB1,1018,3,3,4929,0,4935,G
2-PB1,1019,0,2,1,5093,5096,C
2-PB1,1020,5114,2,3,0,5119,A
2-PB1,1021,2,3,0,5291,5296,C
2-PB1,1022,3,0,0,5286,5289,C
2-PB1,1023,5293,1,3,0,5297,A
2-PB1,1024,5375,2,2,0,5379,A
2-PB1,1025,1,5372,0,3,5376,T
2-PB1,1026,5375,0,1,0,5376,A
2-PB1,1027,5360,0,2,0,5362,A
2-PB1,1028,0,5203,1,2,5206,T
2-PB1,1029,3,1,5213,0,5217,G
2-PB1,1030,2,5089,1,6,5098,T
2-PB1,1031,1,5055,0,8,5064,T
2-PB1,1032,8,0,0,5067,5075,C
2-PB1,1033,0,5043,0,8,5051,T
2-PB1,1034,5,3,0,5055,5063,C
2-PB1,1035,5068,0,3,0,5071,A
2-PB1,1036,5069,0,2,1,5072,A
2-PB1,1037,5066,0,6,1,5073,A
2-PB1,1038,0,0,0,5075,5075,C
2-PB1,1039,5062,1,1,0,5064,A
2-PB1,1040,5053,0,4,0,5057,A
2-PB1,1041,5045,0,2,0,5047,A
2-PB1,1042,5055,1,3,0,5059,A
2-PB1,1043,0,5067,0,3,5070,T
2-PB1,1044,0,6,5066,1,5073,G
2-PB1,1045,3,1,5059,0,5063,G
2-PB1,1046,0,2,0,5056,5058,C
2-PB1,1047,5052,1,2,0,5055,A
2-PB1,1048,5079,1,5,0,5085,A
2-PB1,1049,0,2,5074,0,5076,G
2-PB1,1050,5056,0,2,0,5058,A
2-PB1,1051,0,5018,0,1,5019,T
2-PB1,1052,2,5099,0,2,5103,T
2-PB1,1053,1,4,5143,0,5148,G
2-PB1,1054,2,6,5149,0,5157,G
2-PB1,1055,0,5,5178,0,5183,G
2-PB1,1056,5175,1,4,0,5180,A
2-PB1,1057,5165,0,4,0,5169,A
2-PB1,1058,5144,1,4,0,5149,A
2-PB1,1059,5133,1,10,0,5144,A
2-PB1,1060,2,5,5316,0,5323,G
2-PB1,1061,1,4,5324,0,5329,G
2-PB1,1062,5315,1,13,0,5329,A
2-PB1,1063,2,5303,0,8,5313,T
2-PB1,1064,5292,1,5,5,5303,A
2-PB1,1065,0,0,0,5315,5315,C
2-PB1,1066,5355,0,3,0,5358,A
2-PB1,1067,0,5339,0,1,5340,T
2-PB1,1068,1,0,5375,0,5376,G
2-PB1,1069,3,5260,0,2,5265,T
2-PB1,1070,1,5267,0,3,5271,T
2-PB1,1071,2,4,1,5231,5238,C
2-PB1,1072,4,10,5245,0,5259,G
2-PB1,1073,5255,0,7,1,5263,A
2-PB1,1074,1,3,5366,0,5370,G
2-PB1,1075,5301,2,9,0,5312,A
2-PB1,1076,0,1,5350,0,5351,G
2-PB1,1077,0,5325,0,0,5325,T
2-PB1,1078,5309,0,1,1,5311,A
2-PB1,1079,5319,2,0,0,5321,A
2-PB1,1080,2,2,5335,0,5339,G
2-PB1,1081,5322,1,2,0,5325,A
2-PB1,1082,2,4,5413,0,5419,G
2-PB1,1083,5317,1,6,0,5324,A
2-PB1,1084,5344,1,2,1,5348,A
2-PB1,1085,1,5297,0,4,5302,T
2-PB1,1086,3,5,5289,0,5297,G
2-PB1,1087,5289,2,5,0,5296,A
2-PB1,1088,5267,1,4,1,5273,A
2-PB1,1089,2,0,5284,0,5286,G
2-PB1,1090,0,0,0,5254,5254,C
2-PB1,1091,0,5185,0,1,5186,T
2-PB1,1092,9,0,0,5193,5202,C
2-PB1,1093,4,1,1,5208,5214,C
2-PB1,1094,5,4,5215,0,5224,G
2-PB1,1095,1,6,5232,0,5239,G
2-PB1,1096,5248,0,6,0,5254,A
2-PB1,1097,0,4,0,5322,5326,C
2-PB1,1098,5337,0,6,1,5344,A
2-PB1,1099,2,0,2,5405,5409,C
2-PB1,1100,5401,0,3,0,5404,A
2-PB1,1101,5403,1,8,1,5413,A
2-PB1,1102,5395,2,7,1,5405,A
2-PB1,1103,1,5402,1,2,5406,T
2-PB1,1104,5413,0,2,0,5415,A
2-PB1,1105,3,1,1,5402,5407,C
2-PB1,1106,4,1,1,5369,5375,C
2-PB1,1107,0,5299,0,10,5309,T
2-PB1,1108,3,3,5343,1,5350,G
2-PB1,1109,1,2,0,5353,5356,C
2-PB1,1110,5355,0,5,0,5360,A
2-PB1,1111,0,1,5360,0,5361,G
2-PB1,1112,5348,0,0,0,5348,A
2-PB1,1113,5321,0,3,0,5324,A
2-PB1,1114,5351,0,1,0,5352,A
2-PB1,1115,0,5343,0,3,5346,T
2-PB1,1116,3,1,5351,0,5355,G
2-PB1,1117,2,1,0,5329,5332,C
2-PB1,1118,2,5316,0,6,5324,T
2-PB1,1119,5407,0,3,1,5411,A
2-PB1,1120,0,2,5406,1,5409,G
2-PB1,1121,2,2,0,5396,5400,C
2-PB1,1122,5403,1,1,0,5405,A
2-PB1,1123,5364,1,25,1,5391,A
2-PB1,1124,1,1,5369,0,5371,G
2-PB1,1125,1,2,0,5358,5361,C
2-PB1,1126,5294,0,4,0,5298,A
2-PB1,1127,3,5386,0,3,5392,T
2-PB1,1128,0,5392,0,2,5394,T
2-PB1,1129,1,10,5531,0,5542,G
2-PB1,1130,5577,1,7,2,5587,A
2-PB1,1131,1,1,0,5580,5582,C
2-PB1,1132,0,2,1,5593,5596,C
2-PB1,1133,0,5482,0,9,5491,T
2-PB1,1134,0,5,5595,0,5600,G
2-PB1,1135,5616,0,0,0,5616,A
2-PB1,1136,5619,1,3,1,5624,A
2-PB1,1137,1,0,5703,0,5704,G
2-PB1,1138,0,5535,0,4,5539,T
2-PB1,1139,5557,0,0,0,5557,A
2-PB1,1140,0,5515,0,6,5521,T
2-PB1,1141,1,5524,0,5,5530,T
2-PB1,1142,2,5525,0,3,5530,T
2-PB1,1143,5,2,0,5420,5427,C
2-PB1,1144,5436,1,5,0,5442,A
2-PB1,1145,5439,1,2,0,5442,A
2-PB1,1146,1,5369,1,1,5372,T
2-PB1,1147,2,12,5364,0,5378,G
2-PB1,1148,5347,3,1,0,5351,A
2-PB1,1149,5366,0,4,0,5370,A
2-PB1,1150,2,5334,0,4,5340,T
2-PB1,1151,7,0,0,5372,5379,C
2-PB1,1152,5382,2,8,0,5392,A
2-PB1,1153,5402,0,4,0,5406,A
2-PB1,1154,1,1,0,5397,5399,C
2-PB1,1155,5387,0,6,0,5393,A
2-PB1,1156,5375,1,11,1,5388,A
2-PB1,1157,0,1,5388,0,5389,G
2-PB1,1158,2,4,5417,1,5424,G
2-PB1,1159,5411,3,5,0,5419,A
2-PB1,1160,5404,0,11,0,5415,A
2-PB1,1161,1,4,5411,0,5416,G
2-PB1,1162,5400,0,3,0,5403,A
2-PB1,1163,5400,1,5,0,5406,A
2-PB1,1164,5385,0,12,1,5398,A
2-PB1,1165,5399,0,7,0,5406,A
2-PB1,1166,2,5381,1,1,5385,T
2-PB1,1167,2,5340,0,3,5345,T
2-PB1,1168,1,8,5354,0,5363,G
2-PB1,1169,5275,2,70,0,5347,A
2-PB1,1170,2,0,5359,0,5361,G
2-PB1,1171,5351,2,4,0,5357,A
2-PB1,1172,5407,0,2,1,5410,A
2-PB1,1173,5470,0,0,1,5471,A
2-PB1,1174,5489,4,1,1,5495,A
2-PB1,1175,0,5488,0,1,5489,T
2-PB1,1176,5492,0,1,0,5493,A
2-PB1,1177,5476,1,13,1,5491,A
2-PB1,1178,0,4,5508,0,5512,G
2-PB1,1179,0,1,5512,0,5513,G
2-PB1,1180,2,1,1,5479,5483,C
2-PB1,1181,3,0,0,5469,5472,C
2-PB1,1182,0,5421,2,14,5437,T
2-PB1,1183,4,1,0,6127,6132,C
2-PB1,1184,1,6209,0,12,6222,T
2-PB1,1185,1,6237,0,2,6240,T
2-PB1,1186,2,1,0,6339,6342,C
2-PB1,1187,2,6311,1,4,6318,T
2-PB1,1188,6331,0,0,0,6331,A
2-PB1,1189,6348,1,4,1,6354,A
2-PB1,1190,1,6349,0,0,6350,T
2-PB1,1191,6398,2,1,0,6401,A
2-PB1,1192,1,4,6251,0,6256,G
2-PB1,1193,5716,0,8,0,5724,A
2-PB1,1194,2,5721,0,6,5729,T
2-PB1,1195,4,13,5624,0,5641,G
2-PB1,1196,2,1,5712,0,5715,G
2-PB1,1197,3,2,1,5684,5690,C
2-PB1,1198,5717,1,3,0,5721,A
2-PB1,1199,2,4,1,5739,5746,C
2-PB1,1200,5652,3,9,1,5665,A
2-PB1,1201,1,2,5872,0,5875,G
2-PB1,1202,3,2,0,5855,5860,C
2-PB1,1203,5865,1,2,1,5869,A
2-PB1,1204,1,6003,1,8,6013,T
2-PB1,1205,1,4,0,5948,5953,C
2-PB1,1206,5989,1,6,1,5997,A
2-PB1,1207,0,5991,0,5,5996,T
2-PB1,1208,0,5951,1,2,5954,T
2-PB1,1209,1,6,5939,0,5946,G
2-PB1,1210,5756,0,12,2,5770,A
2-PB1,1211,0,3,5916,0,5919,G
2-PB1,1212,2,1,0,5893,5896,C
2-PB1,1213,6,0,1,5791,5798,C
2-PB1,1214,9,1,0,5856,5866,C
2-PB1,1215,2,5811,0,9,5822,T
2-PB1,1216,2,5,6036,1,6044,G
2-PB1,1217,0,2,6155,1,6158,G
2-PB1,1218,6144,1,5,2,6152,A
2-PB1,1219,6274,0,2,0,6276,A
2-PB1,1220,2,6098,1,7,6108,T
2-PB1,1221,0,7,6238,0,6245,G
2-PB1,1222,6288,0,8,0,6296,A
2-PB1,1223,2,6288,1,7,6298,T
2-PB1,1224,0,6,6314,0,6320,G
2-PB1,1225,6255,1,9,2,6267,A
2-PB1,1226,1,6170,0,1,6172,T
2-PB1,1227,1,12,6157,0,6170,G
2-PB1,1228,3,4,6219,1,6227,G
2-PB1,1229,3,1,6249,0,6253,G
2-PB1,1230,2,1,0,6172,6175,C
2-PB1,1231,6175,0,1,0,6176,A
2-PB1,1232,0,6184,0,3,6187,T
2-PB1,1233,2,0,6359,0,6361,G
2-PB1,1234,1,6349,0,11,6361,T
2-PB1,1235,1,6369,1,5,6376,T
2-PB1,1236,14,3,0,6367,6384,C
2-PB1,1237,6330,0,6,0,6336,A
2-PB1,1238,6344,1,7,0,6352,A
2-PB1,1239,0,0,0,6361,6361,C
2-PB1,1240,6364,2,2,0,6368,A
2-PB1,1241,1,6393,0,2,6396,T
2-PB1,1242,4,0,6455,1,6460,G
2-PB1,1243,1,3,1,6450,6455,C
2-PB1,1244,0,6454,0,4,6458,T
2-PB1,1245,6512,0,3,0,6515,A
2-PB1,1246,6501,1,6,1,6509,A
2-PB1,1247,3,2,6603,0,6608,G
2-PB1,1248,0,6600,0,1,6601,T
2-PB1,1249,6564,1,0,0,6565,A
2-PB1,1250,1,4,0,6588,6593,C
2-PB1,1251,4,8,6561,1,6574,G
2-PB1,1252,4,1,6949,0,6954,G
2-PB1,1253,1,6923,0,5,6929,T
2-PB1,1254,0,6900,1,2,6903,T
2-PB1,1255,1,6901,1,2,6905,T
2-PB1,1256,0,6849,0,2,6851,T
2-PB1,1257,6865,1,6,2,6874,A
2-PB1,1258,1,2,6857,1,6861,G
2-PB1,1259,9,9,6829,1,6848,G
2-PB1,1260,6695,0,6,0,6701,A
2-PB1,1261,0,3,6637,0,6640,G
2-PB1,1262,0,6676,2,5,6683,T
2-PB1,1263,11,1,0,6681,6693,C
2-PB1,1264,2,6695,0,11,6708,T
2-PB1,1265,9,1,1,6699,6710,C
2-PB1,1266,18,3,6693,0,6714,G
2-PB1,1267,6902,2,1,0,6905,A
2-PB1,1268,1,6906,0,6,6913,T
2-PB1,1269,6931,2,4,0,6937,A
2-PB1,1270,2,1,0,6933,6936,C
2-PB1,1271,1,6804,1,15,6821,T
2-PB1,1272,3,9,6823,0,6835,G
2-PB1,1273,6816,1,4,0,6821,A
2-PB1,1274,6911,1,5,0,6917,A
2-PB1,1275,0,6898,0,16,6914,T
2-PB1,1276,4,0,1,6782,6787,C
2-PB1,1277,0,6773,0,14,6787,T
2-PB1,1278,0,6766,1,3,6770,T
2-PB1,1279,3,6,6771,0,6780,G
2-PB1,1280,0,6,6787,0,6793,G
2-PB1,1281,6774,2,12,0,6788,A
2-PB1,1282,0,1,0,6798,6799,C
2-PB1,1283,6709,1,1,1,6712,A
2-PB1,1284,6754,1,3,1,6759,A
2-PB1,1285,6790,0,1,0,6791,A
2-PB1,1286,6790,0,14,0,6804,A
2-PB1,1287,0,2,6930,0,6932,G
2-PB1,1288,6934,1,12,0,6947,A
2-PB1,1289,6935,2,5,0,6942,A
2-PB1,1290,6936,1,17,0,6954,A
2-PB1,1291,0,6941,1,0,6942,T
2-PB1,1292,6940,3,6,0,6949,A
2-PB1,1293,2,1,0,7165,7168,C
2-PB1,1294,7112,0,8,2,7122,A
2-PB1,1295,2,2,0,7139,7143,C
2-PB1,1296,6,2,1,7053,7062,C
2-PB1,1297,7050,1,1,0,7052,A
2-PB1,1298,7130,2,3,0,7135,A
2-PB1,1299,1,4,7360,1,7366,G
2-PB1,1300,7443,2,5,0,7450,A
2-PB1,1301,2,0,0,7496,7498,C
2-PB1,1302,7363,2,3,0,7368,A
2-PB1,1303,7544,0,13,2,7559,A
2-PB1,1304,0,6,1,7572,7579,C
2-PB1,1305,7686,0,6,0,7692,A
2-PB1,1306,1,7699,2,5,7707,T
2-PB1,1307,7650,0,2,1,7653,A
2-PB1,1308,1,3,0,7746,7750,C
2-PB1,1309,1,7525,2,3,7531,T
2-PB1,1310,2,5,7617,1,7625,G
2-PB1,1311,1,1,7598,0,7600,G
2-PB1,1312,2,7452,1,6,7461,T
2-PB1,1313,3,18,7410,0,7431,G
2-PB1,1314,1,4,7362,0,7367,G
2-PB1,1315,1,5,7402,0,7408,G
2-PB1,1316,7398,1,4,0,7403,A
2-PB1,1317,0,7283,0,7,7290,T
2-PB1,1318,2,9,7275,1,7287,G
2-PB1,1319,2,10,7267,0,7279,G
2-PB1,1320,13,5,7294,0,7312,G
2-PB1,1321,0,3,0,7405,7408,C
2-PB1,1322,2,7352,1,12,7367,T
2-PB1,1323,9,1,0,7391,7401,C
2-PB1,1324,10,8,2,7372,7392,C
2-PB1,1325,7389,2,4,1,7396,A
2-PB1,1326,7398,1,2,0,7401,A
2-PB1,1327,1,7379,1,3,7384,T
2-PB1,1328,4,3,0,7331,7338,C
2-PB1,1329,5,1,0,7291,7297,C
2-PB1,1330,1,7233,0,5,7239,T
2-PB1,1331,5,0,0,7235,7240,C
2-PB1,1332,5,1,2,7196,7204,C
2-PB1,1333,5,5,7203,0,7213,G
2-PB1,1334,7208,0,0,0,7208,A
2-PB1,1335,1,2,1,7218,7222,C
2-PB1,1336,1,13,7215,0,7229,G
2-PB1,1337,7263,0,0,0,7263,A
2-PB1,1338,2,7236,0,8,7246,T
2-PB1,1339,0,7248,2,0,7250,T
2-PB1,1340,1,7232,1,11,7245,T
2-PB1,1341,1,7254,0,3,7258,T
2-PB1,1342,2,1,7261,1,7265,G
2-PB1,1343,0,6,0,7313,7319,C
2-PB1,1344,8,3,1,7314,7326,C
2-PB1,1345,9,5,2,7516,7532,C
2-PB1,1346,1,7421,0,13,7435,T
2-PB1,1347,12,0,0,7685,7697,C
2-PB1,1348,7741,0,3,1,7745,A
2-PB1,1349,1,7760,0,5,7766,T
2-PB1,1350,7758,1,4,0,7763,A
2-PB1,1351,2,2,7834,1,7839,G
2-PB1,1352,1,7728,0,7,7736,T
2-PB1,1353,1,9,7777,2,7789,G
2-PB1,1354,7533,1,6,0,7540,A
2-PB1,1355,7544,0,9,0,7553,A
2-PB1,1356,0,7254,0,3,7257,T
2-PB1,1357,1,1,7256,1,7259,G
2-PB1,1358,3,27,0,7272,7302,C
2-PB1,1359,7320,3,2,0,7325,A
2-PB1,1360,1,7,1,7303,7312,C
2-PB1,1361,10,0,0,7264,7274,C
2-PB1,1362,7226,1,4,0,7231,A
2-PB1,1363,7223,0,3,1,7227,A
2-PB1,1364,7207,1,3,0,7211,A
2-PB1,1365,1,7012,2,4,7019,T
2-PB1,1366,9,2,1,7206,7218,C
2-PB1,1367,7223,1,5,0,7229,A
2-PB1,1368,1,7208,0,6,7215,T
2-PB1,1369,1,3,7226,0,7230,G
2-PB1,1370,7225,2,23,1,7251,A
2-PB1,1371,1,7,7311,0,7319,G
2-PB1,1372,1,5,7324,1,7331,G
2-PB1,1373,3,7,7375,0,7385,G
2-PB1,1374,7328,1,7,2,7338,A
2-PB1,1375,7439,2,8,0,7449,A
2-PB1,1376,2,7458,0,1,7461,T
2-PB1,1377,7472,3,5,0,7480,A
2-PB1,1378,2,1,0,7479,7482,C
2-PB1,1379,7493,1,6,0,7500,A
2-PB1,1380,7485,0,13,1,7499,A
2-PB1,1381,2,0,7480,0,7482,G
2-PB1,1382,1,1,0,7439,7441,C
2-PB1,1383,7397,0,4,0,7401,A
2-PB1,1384,1,5,7457,0,7463,G
2-PB1,1385,1,14,7462,2,7479,G
2-PB1,1386,7428,2,14,0,7444,A
2-PB1,1387,0,3,7490,0,7493,G
2-PB1,1388,0,7361,0,6,7367,T
2-PB1,1389,4,2,7438,0,7444,G
2-PB1,1390,4,4,7469,0,7477,G
2-PB1,1391,7455,1,6,0,7462,A
2-PB1,1392,1,7452,0,4,7457,T
2-PB1,1393,7335,1,3,0,7339,A
2-PB1,1394,0,3,7367,0,7370,G
2-PB1,1395,7451,2,3,0,7456,A
2-PB1,1396,0,7446,0,4,7450,T
2-PB1,1397,0,7430,0,1,7431,T
2-PB1,1398,11,1,0,7609,7621,C
2-PB1,1399,0,7595,0,3,7598,T
2-PB1,1400,7605,1,1,0,7607,A
2-PB1,1401,0,1,0,7597,7598,C
2-PB1,1402,7456,3,5,0,7464,A
2-PB1,1403,0,6,7454,2,7462,G
2-PB1,1404,1,12,7333,0,7346,G
2-PB1,1405,7415,3,10,0,7428,A
2-PB1,1406,3,1,0,7380,7384,C
2-PB1,1407,5,3,0,7216,7224,C
2-PB1,1408,2,7176,1,8,7187,T
2-PB1,1409,2,0,7208,0,7210,G
2-PB1,1410,1,5,0,7188,7194,C
2-PB1,1411,7214,1,1,0,7216,A
2-PB1,1412,7249,2,8,1,7260,A
2-PB1,1413,0,1,7280,0,7281,G
2-PB1,1414,1,7151,0,8,7160,T
2-PB1,1415,1,7161,0,2,7164,T
2-PB1,1416,7056,0,8,2,7066,A
2-PB1,1417,1,0,7082,1,7084,G
2-PB1,1418,1,7041,1,7,7050,T
2-PB1,1419,2,8,7027,0,7037,G
2-PB1,1420,3,6,7011,0,7020,G
2-PB1,1421,7,11,7060,0,7078,G
2-PB1,1422,7030,3,8,2,7043,A
2-PB1,1423,7072,1,3,0,7076,A
2-PB1,1424,1,7048,0,9,7058,T
2-PB1,1425,11,3,0,7061,7075,C
2-PB1,1426,7048,1,13,0,7062,A
2-PB1,1427,7072,2,6,1,7081,A
2-PB1,1428,1,3,0,7069,7073,C
2-PB1,1429,7065,1,1,1,7068,A
2-PB1,1430,0,6906,0,4,6910,T
2-PB1,1431,25,23,6875,0,6923,G
2-PB1,1432,6918,1,13,0,6932,A
2-PB1,1433,2,1,6975,1,6979,G
2-PB1,1434,2,1,1,6936,6940,C
2-PB1,1435,6932,0,2,1,6935,A
2-PB1,1436,6924,0,8,0,6932,A
2-PB1,1437,6924,2,6,1,6933,A
2-PB1,1438,6977,0,7,1,6985,A
2-PB1,1439,6981,1,8,1,6991,A
2-PB1,1440,0,4,6989,0,6993,G
2-PB1,1441,6916,1,7,0,6924,A
2-PB1,1442,6854,1,5,1,6861,A
2-PB1,1443,2,1,7088,0,7091,G
2-PB1,1444,0,7060,0,7,7067,T
2-PB1,1445,14,1,0,7064,7079,C
2-PB1,1446,6,2,0,7076,7084,C
2-PB1,1447,0,7044,0,2,7046,T
2-PB1,1448,7123,2,6,0,7131,A
2-PB1,1449,2,7106,0,4,7112,T
2-PB1,1450,7111,1,5,0,7117,A
2-PB1,1451,0,7121,0,2,7123,T
2-PB1,1452,6944,1,2,1,6948,A
2-PB1,1453,6962,1,3,1,6967,A
2-PB1,1454,6931,0,3,0,6934,A
2-PB1,1455,1,6922,2,1,6926,T
2-PB1,1456,6880,0,2,0,6882,A
2-PB1,1457,6819,3,6,0,6828,A
2-PB1,1458,6858,0,3,0,6861,A
2-PB1,1459,6863,0,9,0,6872,A
2-PB1,1460,2,2,0,6874,6878,C
2-PB1,1461,6569,0,6,2,6577,A
2-PB1,1462,5,8,6550,0,6563,G
2-PB1,1463,1,11,6533,0,6545,G
2-PB1,1464,7,8,6545,0,6560,G
2-PB1,1465,6555,2,10,0,6567,A
2-PB1,1466,1,2,0,6607,6610,C
2-PB1,1467,6554,1,2,0,6557,A
2-PB1,1468,4,6603,0,8,6615,T
2-PB1,1469,1,6606,1,5,6613,T
2-PB1,1470,1,6624,0,4,6629,T
2-PB1,1471,1,9,6593,0,6603,G
2-PB1,1472,6564,1,2,0,6567,A
2-PB1,1473,6557,1,7,0,6565,A
2-PB1,1474,0,6554,0,4,6558,T
2-PB1,1475,0,6434,1,5,6440,T
2-PB1,1476,9,0,0,6453,6462,C
2-PB1,1477,6425,1,4,1,6431,A
2-PB1,1478,0,1,0,6422,6423,C
2-PB1,1479,0,6420,0,5,6425,T
2-PB1,1480,6433,1,2,0,6436,A
2-PB1,1481,2,2,6435,0,6439,G
2-PB1,1482,1,1,0,6441,6443,C
2-PB1,1483,1,6366,0,12,6379,T
2-PB1,1484,0,6451,1,5,6457,T
2-PB1,1485,1,6432,0,2,6435,T
2-PB1,1486,2,6433,1,4,6440,T
2-PB1,1487,0,6431,0,4,6435,T
2-PB1,1488,1,6425,0,4,6430,T
2-PB1,1489,0,6407,0,1,6408,T
2-PB1,1490,6397,0,3,0,6400,A
2-PB1,1491,2,6376,0,1,6379,T
2-PB1,1492,10,1,0,6365,6376,C
2-PB1,1493,19,7,6373,0,6399,G
2-PB1,1494,6590,0,2,0,6592,A
2-PB1,1495,2,6588,0,2,6592,T
2-PB1,1496,6588,0,1,0,6589,A
2-PB1,1497,1,6618,0,10,6629,T
2-PB1,1498,3,12,6610,0,6625,G
2-PB1,1499,6,6,6610,1,6623,G
2-PB1,1500,6600,39,4,0,6643,A
2-PB1,1501,3,6600,0,3,6606,T
2-PB1,1502,0,6554,0,3,6557,T
2-PB1,1503,3,6351,0,0,6354,T
2-PB1,1504,2,1,6356,0,6359,G
2-PB1,1505,1,6336,0,5,6342,T
2-PB1,1506,1,2,6314,0,6317,G
2-PB1,1507,1,2,6312,0,6315,G
2-PB1,1508,0,0,1,6271,6272,C
2-PB1,1509,0,6265,0,5,6270,T
2-PB1,1510,6286,1,0,0,6287,A
2-PB1,1511,6327,1,1,0,6329,A
2-PB1,1512,1,6330,0,4,6335,T
2-PB1,1513,0,6347,0,1,6348,T
2-PB1,1514,1,6343,0,4,6348,T
2-PB1,1515,0,6345,1,1,6347,T
2-PB1,1516,6340,0,2,0,6342,A
2-PB1,1517,1,1,6380,0,6382,G
2-PB1,1518,2,0,0,6371,6373,C
2-PB1,1519,6343,0,1,0,6344,A
2-PB1,1520,1,6287,0,8,6296,T
2-PB1,1521,5,5,6213,0,6223,G
2-PB1,1522,1,9,6253,1,6264,G
2-PB1,1523,6242,1,9,0,6252,A
2-PB1,1524,1,0,6267,0,6268,G
2-PB1,1525,0,0,0,6264,6264,C
2-PB1,1526,2,6178,0,7,6187,T
2-PB1,1527,2,1,6233,0,6236,G
2-PB1,1528,0,4,0,6199,6203,C
2-PB1,1529,6,2,0,6181,6189,C
2-PB1,1530,8,3,0,6217,6228,C
2-PB1,1531,6082,0,6,1,6089,A
2-PB1,1532,0,1,6368,0,6369,G
2-PB1,1533,1,6350,1,7,6359,T
2-PB1,1534,0,6353,2,4,6359,T
2-PB1,1535,1,6359,0,2,6362,T
2-PB1,1536,0,6254,1,23,6278,T
2-PB1,1537,48,4,6209,1,6262,G
2-PB1,1538,0,9,6257,0,6266,G
2-PB1,1539,6236,0,8,0,6244,A
2-PB1,1540,2,2,6249,0,6253,G
2-PB1,1541,0,5676,0,3,5679,T
2-PB1,1542,2,0,5875,0,5877,G
2-PB1,1543,1,5842,0,10,5853,T
2-PB1,1544,8,0,0,5842,5850,C
2-PB1,1545,1,5864,0,6,5871,T
2-PB1,1546,0,2,5881,1,5884,G
2-PB1,1547,1,7,5933,1,5942,G
2-PB1,1548,5932,0,2,0,5934,A
2-PB1,1549,5927,2,11,3,5943,A
2-PB1,1550,0,5925,2,0,5927,T
2-PB1,1551,5470,0,3,1,5474,A
2-PB1,1552,5455,3,9,0,5467,A
2-PB1,1553,5465,1,5,1,5472,A
2-PB1,1554,1,4,0,5468,5473,C
2-PB1,1555,0,6,5407,0,5413,G
2-PB1,1556,5309,2,2,1,5314,A
2-PB1,1557,9,0,5300,0,5309,G
2-PB1,1558,2,5287,2,1,5292,T
2-PB1,1559,11,0,0,5311,5322,C
2-PB1,1560,5276,0,10,2,5288,A
2-PB1,1561,2,1,5355,0,5358,G
2-PB1,1562,0,2,0,5352,5354,C
2-PB1,1563,3,5328,2,8,5341,T
2-PB1,1564,2,4,5447,0,5453,G
2-PB1,1565,5419,0,4,0,5423,A
2-PB1,1566,0,5406,0,2,5408,T
2-PB1,1567,5415,0,4,0,5419,A
2-PB1,1568,2,5348,0,2,5352,T
2-PB1,1569,1,9,5363,0,5373,G
2-PB1,1570,5139,1,10,0,5150,A
2-PB1,1571,1,0,5210,0,5211,G
2-PB1,1572,1,4,0,5207,5212,C
2-PB1,1573,4881,2,2,0,4885,A
2-PB1,1574,1,4871,0,1,4873,T
2-PB1,1575,0,4873,0,1,4874,T
2-PB1,1576,2,2,4912,2,4918,G
2-PB1,1577,0,3,5051,1,5055,G
2-PB1,1578,4967,0,7,0,4974,A
2-PB1,1579,0,0,4988,0,4988,G
2-PB1,1580,1,4759,1,3,4764,T
2-PB1,1581,4754,0,3,0,4757,A
2-PB1,1582,4748,0,11,1,4760,A
2-PB1,1583,0,3,0,4779,4782,C
2-PB1,1584,4741,1,4,1,4747,A
2-PB1,1585,0,1,4811,1,4813,G
2-PB1,1586,1,4176,3,4,4184,T
2-PB1,1587,0,5,4219,0,4224,G
2-PB1,1588,4259,0,3,0,4262,A
2-PB1,1589,2,4250,0,1,4253,T
2-PB1,1590,4245,0,1,0,4246,A
2-PB1,1591,4241,1,5,0,4247,A
2-PB1,1592,4073,0,17,0,4090,A
2-PB1,1593,1,6,4121,0,4128,G
2-PB1,1594,3881,0,6,0,3887,A
2-PB1,1595,3872,0,5,2,3879,A
2-PB1,1596,0,1,0,3873,3874,C
2-PB1,1597,3693,0,5,0,3698,A
2-PB1,1598,3716,0,12,0,3728,A
2-PB1,1599,2,0,0,3744,3746,C
2-PB1,1600,3777,0,5,0,3782,A
2-PB1,1601,2,3745,23,1,3771,T
2-PB1,1602,0,5,3666,0,3671,G
2-PB1,1603,3669,1,7,0,3677,A
2-PB1,1604,0,3664,0,2,3666,T
2-PB1,1605,3599,0,5,0,3604,A
2-PB1,1606,3627,1,4,0,3632,A
2-PB1,1607,3566,0,4,0,3570,A
2-PB1,1608,0,0,0,3582,3582,C
2-PB1,1609,3369,1,0,0,3370,A
2-PB1,1610,3354,0,3,0,3357,A
2-PB1,1611,0,3274,0,1,3275,T
2-PB1,1612,1,11,3262,0,3274,G
2-PB1,1613,3339,0,1,1,3341,A
2-PB1,1614,1,0,0,3355,3356,C
2-PB1,1615,3,0,0,3266,3269,C
2-PB1,1616,2,3125,0,1,3128,T
2-PB1,1617,0,3045,0,1,3046,T
2-PB1,1618,0,4,3039,2,3045,G
2-PB1,1619,1,5,3046,0,3052,G
2-PB1,1620,3077,2,6,1,3086,A
2-PB1,1621,0,0,0,3095,3095,C
2-PB1,1622,4,1,0,3046,3051,C
2-PB1,1623,3027,0,1,0,3028,A
2-PB1,1624,0,0,3074,0,3074,G
2-PB1,1625,0,0,0,3077,3077,C
2-PB1,1626,3084,0,0,0,3084,A
2-PB1,1627,3081,0,1,0,3082,A
2-PB1,1628,0,0,0,3068,3068,C
2-PB1,1629,3042,0,2,0,3044,A
2-PB1,1630,3,3,3092,0,3098,G
2-PB1,1631,0,0,0,3080,3080,C
2-PB1,1632,2,0,1,3083,3086,C
2-PB1,1633,5,0,0,3086,3091,C
2-PB1,1634,3097,0,0,0,3097,A
2-PB1,1635,3093,0,4,0,3097,A
2-PB1,1636,3100,0,0,0,3100,A
2-PB1,1637,0,3092,0,2,3094,T
2-PB1,1638,0,0,3087,0,3087,G
2-PB1,1639,0,2,3053,0,3055,G
2-PB1,1640,1,2,0,3048,3051,C
2-PB1,1641,0,3030,0,5,3035,T
2-PB1,1642,2,0,0,3113,3115,C
2-PB1,1643,0,3123,1,4,3128,T
2-PB1,1644,4,1,0,3129,3134,C
2-PB1,1645,3,1,0,3143,3147,C
2-PB1,1646,3148,0,2,0,3150,A
2-PB1,1647,3162,0,1,1,3164,A
2-PB1,1648,0,3157,0,1,3158,T
2-PB1,1649,2,3131,0,1,3134,T
2-PB1,1650,3,0,3145,0,3148,G
2-PB1,1651,1,3088,1,4,3094,T
2-PB1,1652,0,3079,1,5,3085,T
2-PB1,1653,12,11,0,3066,3089,C
2-PB1,1654,3078,0,3,0,3081,A
2-PB1,1655,0,3073,0,5,3078,T
2-PB1,1656,2,0,0,3080,3082,C
2-PB1,1657,3097,1,4,1,3103,A
2-PB1,1658,3101,1,0,0,3102,A
2-PB1,1659,3094,0,3,0,3097,A
2-PB1,1660,0,3,3150,0,3153,G
2-PB1,1661,3144,3,2,1,3150,A
2-PB1,1662,0,3155,0,2,3157,T
2-PB1,1663,0,3150,0,3,3153,T
2-PB1,1664,3160,2,3,0,3165,A
2-PB1,1665,1,0,1,3215,3217,C
2-PB1,1666,3199,2,9,0,3210,A
2-PB1,1667,1,0,3242,0,3243,G
2-PB1,1668,3222,0,5,0,3227,A
2-PB1,1669,0,3275,2,1,3278,T
2-PB1,1670,3273,0,7,0,3280,A
2-PB1,1671,0,3,0,3435,3438,C
2-PB1,1672,3522,0,2,0,3524,A
2-PB1,1673,0,2,1,3769,3772,C
2-PB1,1674,3715,1,3,0,3719,A
2-PB1,1675,0,3735,0,2,3737,T
2-PB1,1676,3706,3,1,0,3710,A
2-PB1,1677,0,3708,0,1,3709,T
2-PB1,1678,3619,0,0,1,3620,A
2-PB1,1679,0,2,3622,0,3624,G
2-PB1,1680,4,2,3575,0,3581,G
2-PB1,1681,1,3394,0,6,3401,T
2-PB1,1682,4,1,3348,0,3353,G
2-PB1,1683,1,0,0,3464,3465,C
2-PB1,1684,1,1,0,3466,3468,C
2-PB1,1685,3499,0,4,0,3503,A
2-PB1,1686,0,3498,0,1,3499,T
2-PB1,1687,3509,1,2,0,3512,A
2-PB1,1688,0,1,3520,0,3521,G
2-PB1,1689,3420,0,3,1,3424,A
2-PB1,1690,1,2,3436,0,3439,G
2-PB1,1691,2,3,3421,0,3426,G
2-PB1,1692,3280,0,5,0,3285,A
2-PB1,1693,0,6,3298,0,3304,G
2-PB1,1694,3279,0,1,0,3280,A
2-PB1,1695,1,0,1,3274,3276,C
2-PB1,1696,3267,0,4,1,3272,A
2-PB1,1697,0,1,0,3303,3304,C
2-PB1,1698,3304,1,1,0,3306,A
2-PB1,1699,0,1,0,3300,3301,C
2-PB1,1700,3279,0,2,0,3281,A
2-PB1,1701,3295,0,2,0,3297,A
2-PB1,1702,3289,1,6,0,3296,A
2-PB1,1703,0,3298,0,1,3299,T
2-PB1,1704,5,0,0,3293,3298,C
2-PB1,1705,1,0,0,3308,3309,C
2-PB1,1706,3275,0,3,0,3278,A
2-PB1,1707,3,2,3284,0,3289,G
2-PB1,1708,3283,1,4,0,3288,A
2-PB1,1709,0,2,0,3312,3314,C
2-PB1,1710,0,5,3300,0,3305,G
2-PB1,1711,3287,0,6,0,3293,A
2-PB1,1712,0,2,3301,1,3304,G
2-PB1,1713,3297,2,5,1,3305,A
2-PB1,1714,3302,0,3,0,3305,A
2-PB1,1715,1,5,3310,0,3316,G
2-PB1,1716,3298,2,6,0,3306,A
2-PB1,1717,1,3291,0,3,3295,T
2-PB1,1718,2,0,0,3285,3287,C
2-PB1,1719,3285,1,1,0,3287,A
2-PB1,1720,1,3283,1,0,3285,T
2-PB1,1721,0,3280,0,0,3280,T
2-PB1,1722,3,2,1,3280,3286,C
2-PB1,1723,3,0,3283,0,3286,G
2-PB1,1724,3254,1,2,1,3258,A
2-PB1,1725,1,2,3262,0,3265,G
2-PB1,1726,3235,0,4,0,3239,A
2-PB1,1727,0,3352,0,0,3352,T
2-PB1,1728,3359,1,0,0,3360,A
2-PB1,1729,3375,1,0,1,3377,A
2-PB1,1730,3364,0,9,0,3373,A
2-PB1,1731,23,3,3357,0,3383,G
2-PB1,1732,3371,0,5,1,3377,A
2-PB1,1733,3283,1,9,0,3293,A
2-PB1,1734,2,2,3309,0,3313,G
2-PB1,1735,1,1,0,3322,3324,C
2-PB1,1736,0,3283,0,3,3286,T
2-PB1,1737,1,0,3302,0,3303,G
2-PB1,1738,1,3290,0,2,3293,T
2-PB1,1739,1,2,3282,1,3286,G
2-PB1,1740,2,6,3284,0,3292,G
2-PB1,1741,3,1,3306,0,3310,G
2-PB1,1742,3312,0,6,0,3318,A
2-PB1,1743,1,3301,0,1,3303,T
2-PB1,1744,2,1,0,3285,3288,C
2-PB1,1745,3283,1,14,0,3298,A
2-PB1,1746,3298,0,4,0,3302,A
2-PB1,1747,3320,1,2,0,3323,A
2-PB1,1748,1,2,0,3318,3321,C
2-PB1,1749,5,5,0,3291,3301,C
2-PB1,1750,1,0,0,3282,3283,C
2-PB1,1751,3285,1,2,0,3288,A
2-PB1,1752,3341,0,4,0,3345,A
2-PB1,1753,0,3331,0,0,3331,T
2-PB1,1754,1,0,0,3337,3338,C
2-PB1,1755,3309,0,2,0,3311,A
2-PB1,1756,3290,0,2,0,3292,A
2-PB1,1757,0,1,3336,0,3337,G
2-PB1,1758,0,3,3332,0,3335,G
2-PB1,1759,1,2,3330,0,3333,G
2-PB1,1760,1,2,0,3330,3333,C
2-PB1,1761,3273,1,2,0,3276,A
2-PB1,1762,0,2,3374,0,3376,G
2-PB1,1763,0,5,3403,1,3409,G
2-PB1,1764,3420,0,2,0,3422,A
2-PB1,1765,0,1,0,3452,3453,C
2-PB1,1766,1,3408,0,2,3411,T
2-PB1,1767,3477,2,0,0,3479,A
2-PB1,1768,0,3466,1,4,3471,T
2-PB1,1769,0,3473,0,2,3475,T
2-PB1,1770,1,3,3474,1,3479,G
2-PB1,1771,0,0,3483,0,3483,G
2-PB1,1772,0,3442,0,5,3447,T
2-PB1,1773,3448,0,2,0,3450,A
2-PB1,1774,1,3394,0,3,3398,T
2-PB1,1775,2,2,0,3411,3415,C
2-PB1,1776,3337,0,2,0,3339,A
2-PB1,1777,1,0,3363,0,3364,G
2-PB1,1778,3361,1,5,1,3368,A
2-PB1,1779,0,3333,1,2,3336,T
2-PB1,1780,0,2,3227,0,3229,G
2-PB1,1781,2,0,3229,0,3231,G
2-PB1,1782,2,2,3213,0,3217,G
2-PB1,1783,0,4,3227,0,3231,G
2-PB1,1784,0,2,3232,0,3234,G
2-PB1,1785,3228,2,5,0,3235,A
2-PB1,1786,1,0,0,3212,3213,C
2-PB1,1787,6,1,0,3195,3202,C
2-PB1,1788,3212,1,0,0,3213,A
2-PB1,1789,3426,1,2,2,3431,A
2-PB1,1790,3440,0,1,0,3441,A
2-PB1,1791,0,0,0,3523,3523,C
2-PB1,1792,1,3488,0,2,3491,T
2-PB1,1793,0,3483,0,0,3483,T
2-PB1,1794,3499,0,1,1,3501,A
2-PB1,1795,0,3502,0,2,3504,T
2-PB1,1796,3505,1,2,0,3508,A
2-PB1,1797,2,3,0,3502,3507,C
2-PB1,1798,3238,1,1,0,3240,A
2-PB1,1799,3249,0,3,0,3252,A
2-PB1,1800,0,3160,0,1,3161,T
2-PB1,1801,3202,1,1,0,3204,A
2-PB1,1802,1,3198,0,2,3201,T
2-PB1,1803,1,1,0,3182,3184,C
2-PB1,1804,4,2,0,3180,3186,C
2-PB1,1805,1,5,3174,1,3181,G
2-PB1,1806,1,7,3181,3,3192,G
2-PB1,1807,3200,1,2,0,3203,A
2-PB1,1808,3192,0,3,1,3196,A
2-PB1,1809,0,3197,0,0,3197,T
2-PB1,1810,3,0,0,3205,3208,C
2-PB1,1811,1,3192,0,5,3198,T
2-PB1,1812,0,3211,0,2,3213,T
2-PB1,1813,0,1,0,3201,3202,C
2-PB1,1814,3204,2,1,0,3207,A
2-PB1,1815,0,2,0,3215,3217,C
2-PB1,1816,3206,0,1,0,3207,A
2-PB1,1817,1,3429,0,4,3434,T
2-PB1,1818,1,0,1,3443,3445,C
2-PB1,1819,4,1,0,3439,3444,C
2-PB1,1820,4,3,0,3446,3453,C
2-PB1,1821,0,3444,0,9,3453,T
2-PB1,1822,1,3,3451,0,3455,G
2-PB1,1823,3444,0,0,0,3444,A
2-PB1,1824,3434,0,3,1,3438,A
2-PB1,1825,1,1,3442,0,3444,G
2-PB1,1826,1,3210,0,11,3222,T
2-PB1,1827,0,0,0,3229,3229,C
2-PB1,1828,0,3162,0,2,3164,T
2-PB1,1829,3,0,3238,0,3241,G
2-PB1,1830,0,0,0,3240,3240,C
2-PB1,1831,0,3231,0,7,3238,T
2-PB1,1832,0,3246,0,1,3247,T
2-PB1,1833,3251,1,0,0,3252,A
2-PB1,1834,3242,0,0,1,3243,A
2-PB1,1835,3235,0,4,1,3240,A
2-PB1,1836,3151,0,2,0,3153,A
2-PB1,1837,0,3175,0,1,3176,T
2-PB1,1838,0,1,3174,1,3176,G
2-PB1,1839,1,5,3163,0,3169,G
2-PB1,1840,1,2,3176,0,3179,G
2-PB1,1841,3163,2,5,0,3170,A
2-PB1,1842,0,0,3192,0,3192,G
2-PB1,1843,4,1,0,3184,3189,C
2-PB1,1844,1,3188,0,4,3193,T
2-PB1,1845,2,1,3199,0,3202,G
2-PB1,1846,3198,0,3,2,3203,A
2-PB1,1847,0,3206,0,1,3207,T
2-PB1,1848,1,0,3223,0,3224,G
2-PB1,1849,0,4,3221,0,3225,G
2-PB1,1850,3204,0,3,0,3207,A
2-PB1,1851,0,3215,0,0,3215,T
2-PB1,1852,0,7,3207,0,3214,G
2-PB1,1853,3197,1,5,1,3204,A
2-PB1,1854,0,8,3247,0,3255,G
2-PB1,1855,3250,0,2,0,3252,A
2-PB1,1856,3249,1,1,0,3251,A
2-PB1,1857,0,3224,0,3,3227,T
2-PB1,1858,0,3209,0,0,3209,T
2-PB1,1859,3218,0,3,0,3221,A
2-PB1,1860,1,3216,0,0,3217,T
2-PB1,1861,2,2,0,3216,3220,C
2-PB1,1862,1,3,3216,0,3220,G
2-PB1,1863,4,4,3169,0,3177,G
2-PB1,1864,2,1,3167,0,3170,G
2-PB1,1865,0,1,3174,1,3176,G
2-PB1,1866,3181,1,0,2,3184,A
2-PB1,1867,3179,1,5,0,3185,A
2-PB1,1868,0,3,3199,0,3202,G
2-PB1,1869,3228,0,2,0,3230,A
2-PB1,1870,0,0,0,3243,3243,C
2-PB1,1871,0,3202,0,4,3206,T
2-PB1,1872,1,3260,0,1,3262,T
2-PB1,1873,0,3266,0,1,3267,T
2-PB1,1874,1,0,3298,0,3299,G
2-PB1,1875,0,3298,0,0,3298,T
2-PB1,1876,3279,0,0,0,3279,A
2-PB1,1877,3257,1,2,0,3260,A
2-PB1,1878,0,3200,0,8,3208,T
2-PB1,1879,3,1,0,3208,3212,C
2-PB1,1880,5,0,1,3196,3202,C
2-PB1,1881,9,0,0,3176,3185,C
2-PB1,1882,0,1,0,3207,3208,C
2-PB1,1883,1,3176,1,6,3184,T
2-PB1,1884,1,4,3185,1,3191,G
2-PB1,1885,3183,1,1,0,3185,A
2-PB1,1886,3198,1,2,0,3201,A
2-PB1,1887,1,3198,1,2,3202,T
2-PB1,1888,3,2,0,3157,3162,C
2-PB1,1889,3,0,0,3148,3151,C
2-PB1,1890,5,0,0,3126,3131,C
2-PB1,1891,1,3116,0,1,3118,T
2-PB1,1892,1,3122,1,4,3128,T
2-PB1,1893,1,3113,0,3,3117,T
2-PB1,1894,1,1,3114,0,3116,G
2-PB1,1895,1,3105,0,1,3107,T
2-PB1,1896,2,4,1,3096,3103,C
2-PB1,1897,3083,2,7,0,3092,A
2-PB1,1898,0,1,3152,0,3153,G
2-PB1,1899,1,0,0,3139,3140,C
2-PB1,1900,2,3,0,3141,3146,C
2-PB1,1901,3150,0,1,1,3152,A
2-PB1,1902,0,3165,0,0,3165,T
2-PB1,1903,3156,0,2,0,3158,A
2-PB1,1904,3174,0,1,0,3175,A
2-PB1,1905,3171,0,4,0,3175,A
2-PB1,1906,0,1,3229,1,3231,G
2-PB1,1907,3158,0,2,0,3160,A
2-PB1,1908,3162,1,1,0,3164,A
2-PB1,1909,3163,0,1,0,3164,A
2-PB1,1910,1,3156,0,1,3158,T
2-PB1,1911,1,3147,0,5,3153,T
2-PB1,1912,2,4,3148,2,3156,G
2-PB1,1913,3133,0,2,0,3135,A
2-PB1,1914,2,1,3182,0,3185,G
2-PB1,1915,1,3192,0,2,3195,T
2-PB1,1916,5,0,0,3215,3220,C
2-PB1,1917,1,3201,0,3,3205,T
2-PB1,1918,2,0,3269,0,3271,G
2-PB1,1919,1,3266,0,1,3268,T
2-PB1,1920,3317,0,2,0,3319,A
2-PB1,1921,3308,0,0,0,3308,A
2-PB1,1922,3303,0,1,2,3306,A
2-PB1,1923,1,0,0,3319,3320,C
2-PB1,1924,3211,0,0,0,3211,A
2-PB1,1925,3274,1,2,0,3277,A
2-PB1,1926,0,3277,0,1,3278,T
2-PB1,1927,2,1,3263,0,3266,G
2-PB1,1928,0,2,0,3293,3295,C
2-PB1,1929,1,3234,0,6,3241,T
2-PB1,1930,2,0,3335,0,3337,G
2-PB1,1931,2,3336,0,2,3340,T
2-PB1,1932,3399,0,3,0,3402,A
2-PB1,1933,2,0,3414,0,3416,G
2-PB1,1934,0,3334,0,2,3336,T
2-PB1,1935,3312,0,2,0,3314,A
2-PB1,1936,3287,0,0,0,3287,A
2-PB1,1937,1,3262,0,0,3263,T
2-PB1,1938,1,1,3256,0,3258,G
2-PB1,1939,2,1,0,3195,3198,C
2-PB1,1940,0,1,1,3173,3175,C
2-PB1,1941,3125,0,3,1,3129,A
2-PB1,1942,2,0,3187,1,3190,G
2-PB1,1943,0,0,0,3246,3246,C
2-PB1,1944,3,1,0,3264,3268,C
2-PB1,1945,1,2,0,3254,3257,C
2-PB1,1946,3241,1,3,0,3245,A
2-PB1,1947,1,3236,0,6,3243,T
2-PB1,1948,0,5,3238,0,3243,G
2-PB1,1949,2,0,3263,0,3265,G
2-PB1,1950,1,3252,0,3,3256,T
2-PB1,1951,3,2,0,3164,3169,C
2-PB1,1952,15,0,0,3107,3122,C
2-PB1,1953,0,3107,1,6,3114,T
2-PB1,1954,0,0,3192,0,3192,G
2-PB1,1955,0,0,0,3173,3173,C
2-PB1,1956,4,3,0,3180,3187,C
2-PB1,1957,3186,0,0,0,3186,A
2-PB1,1958,3155,0,2,1,3158,A
2-PB1,1959,3148,1,0,0,3149,A
2-PB1,1960,3163,0,1,0,3164,A
2-PB1,1961,1,0,3210,0,3211,G
2-PB1,1962,0,3164,0,0,3164,T
2-PB1,1963,3156,0,0,0,3156,A
2-PB1,1964,2,3155,0,2,3159,T
2-PB1,1965,1,1,3163,0,3165,G
2-PB1,1966,1,3,3230,0,3234,G
2-PB1,1967,3227,1,2,0,3230,A
2-PB1,1968,3249,0,3,0,3252,A
2-PB1,1969,0,3244,0,1,3245,T
2-PB1,1970,3181,0,1,0,3182,A
2-PB1,1971,1,3179,0,2,3182,T
2-PB1,1972,0,5,3159,1,3165,G
2-PB1,1973,3166,0,3,0,3169,A
2-PB1,1974,0,3155,1,1,3157,T
2-PB1,1975,0,1,3077,0,3078,G
2-PB1,1976,2,0,0,3082,3084,C
2-PB1,1977,2,3,0,3035,3040,C
2-PB1,1978,1,0,3052,0,3053,G
2-PB1,1979,0,3044,1,2,3047,T
2-PB1,1980,1,3040,0,7,3048,T
2-PB1,1981,1,0,3046,0,3047,G
2-PB1,1982,2,1,0,3110,3113,C
2-PB1,1983,3106,0,1,0,3107,A
2-PB1,1984,3137,1,2,0,3140,A
2-PB1,1985,0,3,0,3147,3150,C
2-PB1,1986,0,3134,0,2,3136,T
2-PB1,1987,3139,0,0,0,3139,A
2-PB1,1988,0,0,0,3128,3128,C
2-PB1,1989,3127,0,3,0,3130,A
2-PB1,1990,1,3,0,3134,3138,C
2-PB1,1991,3031,0,2,0,3033,A
2-PB1,1992,0,0,0,3289,3289,C
2-PB1,1993,1,3224,0,4,3229,T
2-PB1,1994,0,0,0,3254,3254,C
2-PB1,1995,3,2,0,3244,3249,C
2-PB1,1996,1,3236,0,2,3239,T
2-PB1,1997,1,0,3234,0,3235,G
2-PB1,1998,0,1,3233,0,3234,G
2-PB1,1999,3227,0,1,2,3230,A
2-PB1,2000,1,3233,0,2,3236,T
2-PB1,2001,2,2961,1,5,2969,T
2-PB1,2002,3,2,1,3006,3012,C
2-PB1,2003,1,0,0,2991,2992,C
2-PB1,2004,3,1,1,2996,3001,C
2-PB1,2005,3005,0,1,2,3008,A
2-PB1,2006,3009,0,0,0,3009,A
2-PB1,2007,0,3,3007,0,3010,G
2-PB1,2008,2995,0,8,0,3003,A
2-PB1,2009,0,1,2996,0,2997,G
2-PB1,2010,0,6,2998,0,3004,G
2-PB1,2011,2960,0,3,0,2963,A
2-PB1,2012,2963,0,5,0,2968,A
2-PB1,2013,0,1,1,2960,2962,C
2-PB1,2014,3,2,0,2945,2950,C
2-PB1,2015,0,0,2993,0,2993,G
2-PB1,2016,6,1,0,2975,2982,C
2-PB1,2017,1,2976,0,4,2981,T
2-PB1,2018,2,0,0,2994,2996,C
2-PB1,2019,1,2971,0,4,2976,T
2-PB1,2020,3147,0,0,0,3147,A
2-PB1,2021,0,3136,1,8,3145,T
2-PB1,2022,0,3159,1,2,3162,T
2-PB1,2023,4,0,0,3164,3168,C
2-PB1,2024,1,3054,0,2,3057,T
2-PB1,2025,3056,0,6,0,3062,A
2-PB1,2026,3059,0,2,0,3061,A
2-PB1,2027,3058,1,1,0,3060,A
2-PB1,2028,2,0,0,3054,3056,C
2-PB1,2029,2806,0,2,0,2808,A
2-PB1,2030,0,1,0,2797,2798,C
2-PB1,2031,2763,1,4,0,2768,A
2-PB1,2032,2787,1,4,1,2793,A
2-PB1,2033,1,0,2804,0,2805,G
2-PB1,2034,2,0,0,2804,2806,C
2-PB1,2035,2,2,0,2809,2813,C
2-PB1,2036,2789,0,5,0,2794,A
2-PB1,2037,2785,0,4,1,2790,A
2-PB1,2038,2782,0,4,0,2786,A
2-PB1,2039,0,4,2813,0,2817,G
2-PB1,2040,1,2,2819,0,2822,G
2-PB1,2041,0,2,2777,0,2779,G
2-PB1,2042,1,4,2766,0,2771,G
2-PB1,2043,2755,0,2,0,2757,A
2-PB1,2044,2769,0,1,0,2770,A
2-PB1,2045,0,2766,0,0,2766,T
2-PB1,2046,0,2767,0,1,2768,T
2-PB1,2047,3,1,0,2782,2786,C
2-PB1,2048,0,2755,1,2,2758,T
2-PB1,2049,0,2756,0,4,2760,T
2-PB1,2050,1,2,2752,0,2755,G
2-PB1,2051,2751,0,7,0,2758,A
2-PB1,2052,1,0,2766,0,2767,G
2-PB1,2053,12,1,2737,0,2750,G
2-PB1,2054,2741,0,0,0,2741,A
2-PB1,2055,0,2735,0,0,2735,T
2-PB1,2056,1,7,2736,0,2744,G
2-PB1,2057,2741,0,5,0,2746,A
2-PB1,2058,2743,1,4,0,2748,A
2-PB1,2059,0,0,0,2758,2758,C
2-PB1,2060,2730,0,1,0,2731,A
2-PB1,2061,0,0,2776,0,2776,G
2-PB1,2062,2750,1,3,0,2754,A
2-PB1,2063,0,2755,0,1,2756,T
2-PB1,2064,0,0,2761,0,2761,G
2-PB1,2065,0,2769,0,16,2785,T
2-PB1,2066,2797,0,3,0,2800,A
2-PB1,2067,0,0,0,2800,2800,C
2-PB1,2068,5,0,0,2774,2779,C
2-PB1,2069,2750,0,0,0,2750,A
2-PB1,2070,2,1,2710,0,2713,G
2-PB1,2071,2690,0,0,0,2690,A
2-PB1,2072,2678,0,1,1,2680,A
2-PB1,2073,0,0,2688,0,2688,G
2-PB1,2074,0,2551,0,3,2554,T
2-PB1,2075,1,0,2556,0,2557,G
2-PB1,2076,3,0,0,2553,2556,C
2-PB1,2077,0,2552,0,3,2555,T
2-PB1,2078,1,0,2555,0,2556,G
2-PB1,2079,0,0,0,2548,2548,C
2-PB1,2080,2543,0,1,0,2544,A
2-PB1,2081,2553,1,2,0,2556,A
2-PB1,2082,0,1,0,2514,2515,C
2-PB1,2083,0,2507,0,2,2509,T
2-PB1,2084,0,2473,0,2,2475,T
2-PB1,2085,0,0,2477,0,2477,G
2-PB1,2086,1,2474,0,3,2478,T
2-PB1,2087,0,2477,0,0,2477,T
2-PB1,2088,9,0,0,2465,2474,C
2-PB1,2089,0,1,2472,0,2473,G
2-PB1,2090,2474,0,0,0,2474,A
2-PB1,2091,1,2,2467,0,2470,G
2-PB1,2092,2468,1,0,1,2470,A
2-PB1,2093,2467,0,2,0,2469,A
2-PB1,2094,2471,0,1,0,2472,A
2-PB1,2095,0,2471,0,1,2472,T
2-PB1,2096,0,2473,0,0,2473,T
2-PB1,2097,1,2470,0,1,2472,T
2-PB1,2098,0,2469,0,2,2471,T
2-PB1,2099,1,2457,0,7,2465,T
2-PB1,2100,4,1,0,2482,2487,C
2-PB1,2101,1,2,0,2477,2480,C
2-PB1,2102,2,1,0,2487,2490,C
2-PB1,2103,0,2489,1,0,2490,T
2-PB1,2104,2489,0,1,1,2491,A
2-PB1,2105,1,0,2498,2,2501,G
2-PB1,2106,0,2498,0,2,2500,T
2-PB1,2107,2517,0,1,0,2518,A
2-PB1,2108,0,1,2530,0,2531,G
2-PB1,2109,0,2508,0,3,2511,T
2-PB1,2110,1,2575,0,5,2581,T
2-PB1,2111,7,2,0,2584,2593,C
2-PB1,2112,2611,0,3,0,2614,A
2-PB1,2113,0,2606,0,3,2609,T
2-PB1,2114,2617,0,1,0,2618,A
2-PB1,2115,1,2616,0,3,2620,T
2-PB1,2116,2525,0,4,0,2529,A
2-PB1,2117,0,0,2523,0,2523,G
2-PB1,2118,1,1,2502,0,2504,G
2-PB1,2119,2237,0,2,0,2239,A
2-PB1,2120,0,2,2230,0,2232,G
2-PB1,2121,2106,0,3,0,2109,A
2-PB1,2122,0,1,0,2099,2100,C
2-PB1,2123,1,1,0,2028,2030,C
2-PB1,2124,0,2,2024,0,2026,G
2-PB1,2125,2024,1,0,0,2025,A
2-PB1,2126,0,2011,0,1,2012,T
2-PB1,2127,0,2009,0,0,2009,T
2-PB1,2128,0,3,2002,0,2005,G
2-PB1,2129,2,0,2007,0,2009,G
2-PB1,2130,2009,0,2,0,2011,A
2-PB1,2131,2006,0,2,0,2008,A
2-PB1,2132,0,2002,0,1,2003,T
2-PB1,2133,0,2015,0,0,2015,T
2-PB1,2134,1,2009,0,0,2010,T
2-PB1,2135,2,0,0,2012,2014,C
2-PB1,2136,0,2014,0,1,2015,T
2-PB1,2137,2007,0,3,0,2010,A
2-PB1,2138,0,0,2016,0,2016,G
2-PB1,2139,1,1,0,1999,2001,C
2-PB1,2140,2000,0,0,0,2000,A
2-PB1,2141,0,1993,0,1,1994,T
2-PB1,2142,0,0,1960,0,1960,G
2-PB1,2143,0,1,1991,0,1992,G
2-PB1,2144,1,1986,0,2,1989,T
2-PB1,2145,1,2,1984,1,1988,G
2-PB1,2146,0,1,1983,0,1984,G
2-PB1,2147,1967,1,2,1,1971,A
2-PB1,2148,1,1,1984,0,1986,G
2-PB1,2149,1,0,1976,0,1977,G
2-PB1,2150,2,0,0,1967,1969,C
2-PB1,2151,1,0,0,1943,1944,C
2-PB1,2152,1809,0,3,0,1812,A
2-PB1,2153,0,1812,1,0,1813,T
2-PB1,2154,1,2,1814,0,1817,G
2-PB1,2155,1,0,1824,0,1825,G
2-PB1,2156,1,1786,1,0,1788,T
2-PB1,2157,0,0,1793,0,1793,G
2-PB1,2158,0,1764,0,2,1766,T
2-PB1,2159,2,1,0,1748,1751,C
2-PB1,2160,0,1753,0,2,1755,T
2-PB1,2161,1727,1,0,0,1728,A
2-PB1,2162,2,1,1725,0,1728,G
2-PB1,2163,1,0,1700,0,1701,G
2-PB1,2164,1,3,1669,0,1673,G
2-PB1,2165,0,1,1,1634,1636,C
2-PB1,2166,2,1,0,1559,1562,C
2-PB1,2167,0,0,0,1541,1541,C
2-PB1,2168,0,0,1537,0,1537,G
2-PB1,2169,2,0,1543,0,1545,G
2-PB1,2170,1545,0,1,0,1546,A
2-PB1,2171,0,1544,0,1,1545,T
2-PB1,2172,0,1485,0,1,1486,T
2-PB1,2173,0,2,1475,0,1477,G
2-PB1,2174,1470,1,2,0,1473,A
2-PB1,2175,0,1480,0,0,1480,T
2-PB1,2176,1,0,1476,0,1477,G
2-PB1,2177,0,2,0,1469,1471,C
2-PB1,2178,3,1,0,1456,1460,C
2-PB1,2179,1459,0,1,0,1460,A
2-PB1,2180,1,1,1460,0,1462,G
2-PB1,2181,1454,0,1,0,1455,A
2-PB1,2182,1458,1,0,0,1459,A
2-PB1,2183,0,1450,0,2,1452,T
2-PB1,2184,0,1410,0,1,1411,T
2-PB1,2185,0,1,1411,0,1412,G
2-PB1,2186,1410,1,1,0,1412,A
2-PB1,2187,0,0,0,1406,1406,C
2-PB1,2188,0,1397,0,2,1399,T
2-PB1,2189,0,1383,0,0,1383,T
2-PB1,2190,3,0,0,1376,1379,C
2-PB1,2191,1,1,1376,0,1378,G
2-PB1,2192,1377,0,0,0,1377,A
2-PB1,2193,0,1,1357,0,1358,G
2-PB1,2194,0,1361,0,2,1363,T
2-PB1,2195,5,0,0,1361,1366,C
2-PB1,2196,0,1367,0,2,1369,T
2-PB1,2197,0,0,1366,0,1366,G
2-PB1,2198,0,2,1369,0,1371,G
2-PB1,2199,1364,0,2,0,1366,A
2-PB1,2200,1274,0,4,0,1278,A
2-PB1,2201,1,0,1292,0,1293,G
2-PB1,2202,0,1,1302,0,1303,G
2-PB1,2203,1301,0,1,0,1302,A
2-PB1,2204,1,1290,0,1,1292,T
2-PB1,2205,0,1289,0,0,1289,T
2-PB1,2206,1280,0,1,0,1281,A
2-PB1,2207,1282,0,1,0,1283,A
2-PB1,2208,0,0,1287,0,1287,G
2-PB1,2209,1283,0,1,0,1284,A
2-PB1,2210,1219,0,3,0,1222,A
2-PB1,2211,0,0,1135,0,1135,G
2-PB1,2212,0,0,1129,1,1130,G
2-PB1,2213,1130,0,0,0,1130,A
2-PB1,2214,1128,0,1,0,1129,A
2-PB1,2215,0,2,1129,0,1131,G
2-PB1,2216,1063,0,1,1,1065,A
2-PB1,2217,2,0,1059,1,1062,G
2-PB1,2218,0,1009,0,7,1016,T
2-PB1,2219,0,1006,0,0,1006,T
2-PB1,2220,1,0,0,1016,1017,C
2-PB1,2221,0,993,0,0,993,T
2-PB1,2222,1,0,0,993,994,C
2-PB1,2223,0,989,1,0,990,T
2-PB1,2224,2,1,985,0,988,G
2-PB1,2225,952,0,0,0,952,A
2-PB1,2226,0,0,942,0,942,G
2-PB1,2227,920,0,2,0,922,A
2-PB1,2228,0,895,0,1,896,T
2-PB1,2229,0,0,0,851,851,C
2-PB1,2230,858,0,0,0,858,A
2-PB1,2231,0,852,0,1,853,T
2-PB1,2232,0,0,857,0,857,G
2-PB1,2233,852,2,0,1,855,A
2-PB1,2234,846,0,3,0,849,A
2-PB1,2235,0,0,833,0,833,G
2-PB1,2236,819,0,0,0,819,A
2-PB1,2237,1,815,0,1,817,T
2-PB1,2238,1,0,0,801,802,C
2-PB1,2239,0,759,0,1,760,T
2-PB1,2240,0,0,758,0,758,G
2-PB1,2241,1,754,0,2,757,T
2-PB1,2242,1,753,1,0,755,T
2-PB1,2243,1,0,0,749,750,C
2-PB1,2244,0,1,0,721,722,C
2-PB1,2245,723,0,1,0,724,A
2-PB1,2246,1,0,0,722,723,C
2-PB1,2247,1,0,0,687,688,C
2-PB1,2248,680,0,0,0,680,A
2-PB1,2249,0,643,0,0,643,T
2-PB1,2250,0,627,0,1,628,T
2-PB1,2251,0,0,627,0,627,G
2-PB1,2252,628,0,0,0,628,A
2-PB1,2253,620,0,2,0,622,A
2-PB1,2254,0,0,622,1,623,G
2-PB1,2255,539,0,0,0,539,A
2-PB1,2256,537,0,0,0,537,A
2-PB1,2257,0,0,0,526,526,C
2-PB1,2258,0,506,0,0,506,T
2-PB1,2259,0,0,0,506,506,C
2-PB1,2260,483,0,1,0,484,A
2-PB1,2261,0,0,483,0,483,G
2-PB1,2262,480,0,1,0,481,A
2-PB1,2263,0,1,0,468,469,C
2-PB1,2264,0,1,459,0,460,G
2-PB1,2265,1,0,450,0,451,G
2-PB1,2266,0,1,0,449,450,C
2-PB1,2267,450,0,1,0,451,A
2-PB1,2268,448,0,0,0,448,A
2-PB1,2269,440,0,0,0,440,A
2-PB1,2270,442,0,0,0,442,A
2-PB1,2271,437,0,4,0,441,A
2-PB1,2272,0,432,0,0,432,T
2-PB1,2273,421,0,0,0,421,A
2-PB1,2274,418,0,0,0,418,A
3-PA,1,69,0,0,0,69,A
3-PA,2,0,69,0,0,69,T
3-PA,3,0,0,72,0,72,G
3-PA,4,0,0,72,0,72,G
3-PA,5,72,0,0,0,72,A
3-PA,6,71,0,0,0,71,A
3-PA,7,0,0,75,0,75,G
3-PA,8,78,0,0,0,78,A
3-PA,9,0,78,0,0,78,T
3-PA,10,0,78,0,0,78,T
3-PA,11,0,78,0,0,78,T
3-PA,12,0,78,0,0,78,T
3-PA,13,0,0,80,0,80,G
3-PA,14,0,79,0,0,79,T
3-PA,15,0,0,80,0,80,G
3-PA,16,0,0,0,85,85,C
3-PA,17,0,0,85,0,85,G
3-PA,18,91,0,0,0,91,A
3-PA,19,0,0,0,95,95,C
3-PA,20,95,0,0,0,95,A
3-PA,21,95,0,0,0,95,A
3-PA,22,0,98,0,0,98,T
3-PA,23,0,0,119,0,119,G
3-PA,24,0,0,0,123,123,C
3-PA,25,0,123,0,0,123,T
3-PA,26,0,123,0,0,123,T
3-PA,27,1,0,0,122,123,C
3-PA,28,128,0,0,0,128,A
3-PA,29,129,0,0,0,129,A
3-PA,30,0,0,0,134,134,C
3-PA,31,0,0,0,134,134,C
3-PA,32,1,1,0,133,135,C
3-PA,33,0,0,136,0,136,G
3-PA,34,136,0,0,0,136,A
3-PA,35,0,137,0,0,137,T
3-PA,36,0,1,136,0,137,G
3-PA,37,138,0,0,0,138,A
3-PA,38,0,142,0,0,142,T
3-PA,39,0,143,0,0,143,T
3-PA,40,0,0,144,0,144,G
3-PA,41,0,144,0,0,144,T
3-PA,42,0,0,0,143,143,C
3-PA,43,0,0,144,0,144,G
3-PA,44,145,0,0,0,145,A
3-PA,45,144,0,0,0,144,A
3-PA,46,0,0,0,145,145,C
3-PA,47,0,145,0,0,145,T
3-PA,48,0,146,0,0,146,T
3-PA,49,0,0,147,0,147,G
3-PA,50,0,0,0,150,150,C
3-PA,51,149,0,0,0,149,A
3-PA,52,0,0,150,0,150,G
3-PA,53,151,0,0,0,151,A
3-PA,54,151,0,0,0,151,A
3-PA,55,151,0,0,0,151,A
3-PA,56,150,0,0,0,150,A
3-PA,57,151,0,0,0,151,A
3-PA,58,0,0,151,0,151,G
3-PA,59,0,0,0,158,158,C
3-PA,60,159,0,0,0,159,A
3-PA,61,167,1,0,0,168,A
3-PA,62,0,168,0,0,168,T
3-PA,63,0,0,169,0,169,G
3-PA,64,175,0,0,0,175,A
3-PA,65,176,0,0,0,176,A
3-PA,66,176,0,0,0,176,A
3-PA,67,0,2,183,0,185,G
3-PA,68,198,0,1,0,199,A
3-PA,69,0,0,237,0,237,G
3-PA,70,0,238,0,0,238,T
3-PA,71,242,0,0,0,242,A
3-PA,72,0,242,0,0,242,T
3-PA,73,1,1,244,0,246,G
3-PA,74,1,0,246,0,247,G
3-PA,75,0,1,247,0,248,G
3-PA,76,0,0,247,0,247,G
3-PA,77,242,0,0,0,242,A
3-PA,78,0,1,243,0,244,G
3-PA,79,0,0,242,0,242,G
3-PA,80,239,0,1,0,240,A
3-PA,81,0,244,0,1,245,T
3-PA,82,0,0,0,245,245,C
3-PA,83,0,242,0,1,243,T
3-PA,84,0,0,242,0,242,G
3-PA,85,243,0,0,0,243,A
3-PA,86,242,0,0,0,242,A
3-PA,87,242,0,0,0,242,A
3-PA,88,242,0,0,0,242,A
3-PA,89,0,241,0,1,242,T
3-PA,90,0,241,0,0,241,T
3-PA,91,0,0,240,0,240,G
3-PA,92,241,0,0,0,241,A
3-PA,93,241,0,0,0,241,A
3-PA,94,242,0,0,0,242,A
3-PA,95,0,0,0,244,244,C
3-PA,96,243,0,0,0,243,A
3-PA,97,243,0,0,0,243,A
3-PA,98,243,0,0,0,243,A
3-PA,99,0,0,0,244,244,C
3-PA,100,245,0,0,0,245,A
3-PA,101,245,0,0,0,245,A
3-PA,102,250,0,0,0,250,A
3-PA,103,0,251,0,0,251,T
3-PA,104,0,250,0,0,250,T
3-PA,105,0,250,0,0,250,T
3-PA,106,0,0,251,0,251,G
3-PA,107,0,0,0,253,253,C
3-PA,108,253,0,0,0,253,A
3-PA,109,0,0,265,0,265,G
3-PA,110,0,0,0,265,265,C
3-PA,111,280,0,1,0,281,A
3-PA,112,286,0,0,0,286,A
3-PA,113,0,286,0,1,287,T
3-PA,114,292,0,0,0,292,A
3-PA,115,0,292,0,0,292,T
3-PA,116,0,0,294,0,294,G
3-PA,117,1,0,0,293,294,C
3-PA,118,293,0,0,0,293,A
3-PA,119,0,0,0,293,293,C
3-PA,120,0,287,0,0,287,T
3-PA,121,0,0,0,357,357,C
3-PA,122,366,0,0,0,366,A
3-PA,123,0,0,0,379,379,C
3-PA,124,0,374,0,1,375,T
3-PA,125,0,377,0,0,377,T
3-PA,126,0,0,374,0,374,G
3-PA,127,0,0,380,0,380,G
3-PA,128,379,1,0,0,380,A
3-PA,129,0,0,383,0,383,G
3-PA,130,0,0,383,0,383,G
3-PA,131,1,375,0,1,377,T
3-PA,132,0,0,397,0,397,G
3-PA,133,0,399,0,0,399,T
3-PA,134,0,0,405,0,405,G
3-PA,135,0,407,0,0,407,T
3-PA,136,0,406,0,1,407,T
3-PA,137,0,406,0,0,406,T
3-PA,138,2,0,0,410,412,C
3-PA,139,412,0,0,0,412,A
3-PA,140,0,413,0,0,413,T
3-PA,141,0,0,418,0,418,G
3-PA,142,0,410,0,1,411,T
3-PA,143,413,0,0,0,413,A
3-PA,144,0,414,0,0,414,T
3-PA,145,1,414,0,0,415,T
3-PA,146,0,0,0,414,414,C
3-PA,147,413,0,0,0,413,A
3-PA,148,0,0,416,0,416,G
3-PA,149,416,0,0,0,416,A
3-PA,150,0,420,0,0,420,T
3-PA,151,0,416,0,0,416,T
3-PA,152,0,419,0,0,419,T
3-PA,153,0,0,0,418,418,C
3-PA,154,0,0,0,433,433,C
3-PA,155,433,0,0,0,433,A
3-PA,156,0,429,0,1,430,T
3-PA,157,0,431,0,0,431,T
3-PA,158,0,430,0,1,431,T
3-PA,159,0,0,0,435,435,C
3-PA,160,434,1,0,0,435,A
3-PA,161,0,443,0,1,444,T
3-PA,162,0,0,0,446,446,C
3-PA,163,442,0,0,0,442,A
3-PA,164,446,0,0,0,446,A
3-PA,165,0,446,0,0,446,T
3-PA,166,0,2,458,0,460,G
3-PA,167,461,0,0,0,461,A
3-PA,168,462,0,0,1,463,A
3-PA,169,0,0,0,463,463,C
3-PA,170,457,0,0,0,457,A
3-PA,171,461,0,1,0,462,A
3-PA,172,0,0,462,0,462,G
3-PA,173,0,1,460,0,461,G
3-PA,174,0,0,0,464,464,C
3-PA,175,0,1,458,0,459,G
3-PA,176,482,0,1,0,483,A
3-PA,177,485,0,1,0,486,A
3-PA,178,0,485,0,0,485,T
3-PA,179,0,0,0,491,491,C
3-PA,180,492,0,1,0,493,A
3-PA,181,493,0,0,0,493,A
3-PA,182,0,497,0,2,499,T
3-PA,183,499,0,0,0,499,A
3-PA,184,0,0,507,0,507,G
3-PA,185,0,506,0,1,507,T
3-PA,186,0,0,505,0,505,G
3-PA,187,0,0,503,0,503,G
3-PA,188,0,508,0,0,508,T
3-PA,189,508,0,0,0,508,A
3-PA,190,1,1,510,0,512,G
3-PA,191,514,0,0,0,514,A
3-PA,192,516,0,0,0,516,A
3-PA,193,0,0,0,515,515,C
3-PA,194,0,509,0,0,509,T
3-PA,195,0,505,0,0,505,T
3-PA,196,0,2,506,0,508,G
3-PA,197,508,0,0,0,508,A
3-PA,198,0,0,0,507,507,C
3-PA,199,0,2,504,0,506,G
3-PA,200,519,0,1,0,520,A
3-PA,201,0,527,0,0,527,T
3-PA,202,0,0,0,532,532,C
3-PA,203,2,1,0,529,532,C
3-PA,204,535,0,1,0,536,A
3-PA,205,536,1,0,0,537,A
3-PA,206,535,1,0,0,536,A
3-PA,207,0,534,0,0,534,T
3-PA,208,0,0,540,0,540,G
3-PA,209,0,0,0,533,533,C
3-PA,210,536,0,1,0,537,A
3-PA,211,0,0,0,546,546,C
3-PA,212,0,544,0,0,544,T
3-PA,213,0,0,631,0,631,G
3-PA,214,0,631,0,0,631,T
3-PA,215,0,632,0,0,632,T
3-PA,216,631,0,1,0,632,A
3-PA,217,632,0,0,0,632,A
3-PA,218,632,0,0,0,632,A
3-PA,219,0,0,632,0,632,G
3-PA,220,0,1,0,619,620,C
3-PA,221,618,0,1,0,619,A
3-PA,222,0,1,0,618,619,C
3-PA,223,588,0,1,0,589,A
3-PA,224,0,0,610,0,610,G
3-PA,225,607,0,0,0,607,A
3-PA,226,0,610,0,0,610,T
3-PA,227,0,603,0,1,604,T
3-PA,228,0,608,0,1,609,T
3-PA,229,0,1,612,0,613,G
3-PA,230,615,1,0,0,616,A
3-PA,231,616,0,0,0,616,A
3-PA,232,615,0,0,0,615,A
3-PA,233,0,604,0,0,604,T
3-PA,234,606,0,0,0,606,A
3-PA,235,611,0,0,0,611,A
3-PA,236,0,608,0,0,608,T
3-PA,237,0,0,0,611,611,C
3-PA,238,0,2,610,0,612,G
3-PA,239,608,0,1,0,609,A
3-PA,240,0,0,614,0,614,G
3-PA,241,0,1,623,0,624,G
3-PA,242,0,0,624,0,624,G
3-PA,243,0,2,621,0,623,G
3-PA,244,618,0,0,0,618,A
3-PA,245,0,0,622,0,622,G
3-PA,246,636,1,1,0,638,A
3-PA,247,0,2,635,0,637,G
3-PA,248,638,0,0,0,638,A
3-PA,249,0,0,0,634,634,C
3-PA,250,630,0,0,0,630,A
3-PA,251,0,3,641,0,644,G
3-PA,252,644,0,1,0,645,A
3-PA,253,654,0,3,0,657,A
3-PA,254,0,0,0,653,653,C
3-PA,255,643,0,0,0,643,A
3-PA,256,644,0,2,0,646,A
3-PA,257,0,643,0,0,643,T
3-PA,258,0,1,677,0,678,G
3-PA,259,0,0,679,0,679,G
3-PA,260,0,0,0,674,674,C
3-PA,261,0,0,0,679,679,C
3-PA,262,0,672,0,0,672,T
3-PA,263,2,1,690,0,693,G
3-PA,264,0,0,690,0,690,G
3-PA,265,693,0,0,0,693,A
3-PA,266,0,0,0,697,697,C
3-PA,267,684,0,0,0,684,A
3-PA,268,0,0,781,0,781,G
3-PA,269,0,781,0,1,782,T
3-PA,270,799,0,1,0,800,A
3-PA,271,0,0,800,0,800,G
3-PA,272,0,787,0,0,787,T
3-PA,273,791,0,0,0,791,A
3-PA,274,790,1,0,0,791,A
3-PA,275,791,0,0,0,791,A
3-PA,276,0,0,0,793,793,C
3-PA,277,743,0,0,0,743,A
3-PA,278,0,0,761,0,761,G
3-PA,279,0,758,0,0,758,T
3-PA,280,767,0,0,0,767,A
3-PA,281,0,767,0,1,768,T
3-PA,282,0,0,0,779,779,C
3-PA,283,0,777,0,1,778,T
3-PA,284,0,0,775,0,775,G
3-PA,285,0,0,0,781,781,C
3-PA,286,775,0,2,0,777,A
3-PA,287,774,1,0,0,775,A
3-PA,288,0,0,0,783,783,C
3-PA,289,782,0,0,0,782,A
3-PA,290,0,0,0,814,814,C
3-PA,291,0,803,0,1,804,T
3-PA,292,807,0,1,0,808,A
3-PA,293,0,0,0,807,807,C
3-PA,294,0,802,0,2,804,T
3-PA,295,0,0,806,0,806,G
3-PA,296,0,0,805,0,805,G
3-PA,297,799,0,1,0,800,A
3-PA,298,0,0,801,0,801,G
3-PA,299,0,0,0,773,773,C
3-PA,300,0,769,0,1,770,T
3-PA,301,2,2,765,0,769,G
3-PA,302,0,0,767,0,767,G
3-PA,303,0,0,766,0,766,G
3-PA,304,762,0,1,0,763,A
3-PA,305,763,0,0,0,763,A
3-PA,306,767,0,0,0,767,A
3-PA,307,0,0,0,768,768,C
3-PA,308,0,0,0,769,769,C
3-PA,309,2,0,764,0,766,G
3-PA,310,768,1,0,0,769,A
3-PA,311,766,0,1,0,767,A
3-PA,312,0,0,777,0,777,G
3-PA,313,1,773,0,1,775,T
3-PA,314,0,772,1,1,774,T
3-PA,315,0,773,0,1,774,T
3-PA,316,0,0,0,767,767,C
3-PA,317,0,774,0,0,774,T
3-PA,318,771,1,0,0,772,A
3-PA,319,0,0,0,771,771,C
3-PA,320,0,0,0,772,772,C
3-PA,321,769,0,0,0,769,A
3-PA,322,0,0,784,0,784,G
3-PA,323,786,0,0,0,786,A
3-PA,324,1,784,0,1,786,T
3-PA,325,0,786,0,2,788,T
3-PA,326,0,788,0,0,788,T
3-PA,327,0,0,791,0,791,G
3-PA,328,0,790,0,0,790,T
3-PA,329,790,2,0,0,792,A
3-PA,330,0,790,0,0,790,T
3-PA,331,0,1,785,0,786,G
3-PA,332,816,0,0,0,816,A
3-PA,333,0,816,0,0,816,T
3-PA,334,0,818,0,0,818,T
3-PA,335,815,1,0,0,816,A
3-PA,336,0,0,0,817,817,C
3-PA,337,813,0,2,0,815,A
3-PA,338,816,0,0,0,816,A
3-PA,339,0,0,813,0,813,G
3-PA,340,0,1,820,0,821,G
3-PA,341,782,0,1,0,783,A
3-PA,342,0,0,798,0,798,G
3-PA,343,798,0,1,0,799,A
3-PA,344,797,0,0,0,797,A
3-PA,345,0,1,0,797,798,C
3-PA,346,790,0,2,0,792,A
3-PA,347,0,0,795,0,795,G
3-PA,348,791,0,0,0,791,A
3-PA,349,0,784,0,0,784,T
3-PA,350,0,784,0,0,784,T
3-PA,351,3,0,0,775,778,C
3-PA,352,774,0,1,0,775,A
3-PA,353,1,776,0,1,778,T
3-PA,354,0,0,0,778,778,C
3-PA,355,0,1,777,0,778,G
3-PA,356,785,0,0,0,785,A
3-PA,357,788,0,1,0,789,A
3-PA,358,786,0,0,0,786,A
3-PA,359,0,783,0,0,783,T
3-PA,360,0,781,0,0,781,T
3-PA,361,0,4,778,0,782,G
3-PA,362,0,0,784,0,784,G
3-PA,363,1,0,779,1,781,G
3-PA,364,0,0,789,0,789,G
3-PA,365,0,777,0,3,780,T
3-PA,366,0,1,792,0,793,G
3-PA,367,793,0,1,0,794,A
3-PA,368,0,0,0,797,797,C
3-PA,369,797,0,0,0,797,A
3-PA,370,797,0,0,1,798,A
3-PA,371,0,0,809,0,809,G
3-PA,372,0,1,809,0,810,G
3-PA,373,802,0,1,0,803,A
3-PA,374,0,0,803,0,803,G
3-PA,375,787,0,2,0,789,A
3-PA,376,0,0,793,0,793,G
3-PA,377,775,0,5,0,780,A
3-PA,378,783,0,0,0,783,A
3-PA,379,0,0,805,0,805,G
3-PA,380,0,798,0,0,798,T
3-PA,381,2,0,0,803,805,C
3-PA,382,2,0,0,808,810,C
3-PA,383,810,0,2,0,812,A
3-PA,384,0,0,0,821,821,C
3-PA,385,829,0,0,0,829,A
3-PA,386,0,849,0,0,849,T
3-PA,387,868,0,0,0,868,A
3-PA,388,0,830,0,0,830,T
3-PA,389,830,0,0,0,830,A
3-PA,390,0,824,0,1,825,T
3-PA,391,0,815,0,1,816,T
3-PA,392,852,0,0,0,852,A
3-PA,393,0,0,0,848,848,C
3-PA,394,0,0,0,816,816,C
3-PA,395,0,797,0,0,797,T
3-PA,396,0,771,0,0,771,T
3-PA,397,0,0,772,0,772,G
3-PA,398,770,1,0,0,771,A
3-PA,399,0,1,730,0,731,G
3-PA,400,732,0,3,0,735,A
3-PA,401,735,0,1,0,736,A
3-PA,402,0,0,745,0,745,G
3-PA,403,0,0,744,0,744,G
3-PA,404,0,0,0,744,744,C
3-PA,405,0,1,0,745,746,C
3-PA,406,745,0,1,0,746,A
3-PA,407,747,0,0,0,747,A
3-PA,408,0,747,0,0,747,T
3-PA,409,746,0,0,0,746,A
3-PA,410,745,0,1,0,746,A
3-PA,411,0,0,751,0,751,G
3-PA,412,749,0,0,0,749,A
3-PA,413,1,748,0,0,749,T
3-PA,414,0,748,0,0,748,T
3-PA,415,744,0,1,0,745,A
3-PA,416,742,0,0,0,742,A
3-PA,417,748,0,0,0,748,A
3-PA,418,0,754,0,0,754,T
3-PA,419,0,0,0,755,755,C
3-PA,420,0,739,0,1,740,T
3-PA,421,1,0,738,0,739,G
3-PA,422,743,0,0,0,743,A
3-PA,423,0,4,745,0,749,G
3-PA,424,749,0,1,0,750,A
3-PA,425,747,0,3,0,750,A
3-PA,426,0,1,0,749,750,C
3-PA,427,749,0,0,0,749,A
3-PA,428,0,0,0,749,749,C
3-PA,429,749,0,2,0,751,A
3-PA,430,0,0,1,750,751,C
3-PA,431,748,1,0,0,749,A
3-PA,432,0,1,0,756,757,C
3-PA,433,757,0,0,0,757,A
3-PA,434,0,751,0,0,751,T
3-PA,435,0,748,0,3,751,T
3-PA,436,1,2,0,752,755,C
3-PA,437,748,0,2,0,750,A
3-PA,438,0,0,0,754,754,C
3-PA,439,751,0,1,0,752,A
3-PA,440,0,748,0,0,748,T
3-PA,441,0,723,1,2,726,T
3-PA,442,0,739,0,2,741,T
3-PA,443,0,735,0,3,738,T
3-PA,444,0,0,0,740,740,C
3-PA,445,0,734,0,0,734,T
3-PA,446,0,0,0,734,734,C
3-PA,447,733,0,0,0,733,A
3-PA,448,0,727,0,2,729,T
3-PA,449,0,733,1,0,734,T
3-PA,450,2,0,0,735,737,C
3-PA,451,731,0,0,0,731,A
3-PA,452,1,0,0,739,740,C
3-PA,453,0,735,0,2,737,T
3-PA,454,0,0,735,0,735,G
3-PA,455,0,0,734,0,734,G
3-PA,456,722,0,1,0,723,A
3-PA,457,0,0,742,0,742,G
3-PA,458,741,0,0,0,741,A
3-PA,459,0,1,743,0,744,G
3-PA,460,0,0,741,0,741,G
3-PA,461,739,0,0,0,739,A
3-PA,462,740,0,0,0,740,A
3-PA,463,731,0,1,0,732,A
3-PA,464,0,722,0,0,722,T
3-PA,465,0,1,725,0,726,G
3-PA,466,0,0,724,0,724,G
3-PA,467,0,0,0,725,725,C
3-PA,468,0,0,0,723,723,C
3-PA,469,721,0,1,0,722,A
3-PA,470,0,0,0,725,725,C
3-PA,471,723,0,0,0,723,A
3-PA,472,726,0,1,0,727,A
3-PA,473,725,0,1,0,726,A
3-PA,474,0,0,728,0,728,G
3-PA,475,0,0,733,0,733,G
3-PA,476,0,0,0,732,732,C
3-PA,477,735,0,0,0,735,A
3-PA,478,0,0,740,0,740,G
3-PA,479,736,1,2,0,739,A
3-PA,480,0,0,0,753,753,C
3-PA,481,0,746,0,0,746,T
3-PA,482,745,0,1,0,746,A
3-PA,483,0,0,0,742,742,C
3-PA,484,741,0,0,0,741,A
3-PA,485,0,0,0,746,746,C
3-PA,486,0,723,0,0,723,T
3-PA,487,1,0,0,719,720,C
3-PA,488,0,717,0,0,717,T
3-PA,489,1,0,0,710,711,C
3-PA,490,0,1,709,0,710,G
3-PA,491,710,0,1,0,711,A
3-PA,492,0,0,0,710,710,C
3-PA,493,0,0,715,0,715,G
3-PA,494,713,0,0,0,713,A
3-PA,495,0,0,712,0,712,G
3-PA,496,1,0,709,0,710,G
3-PA,497,711,0,2,0,713,A
3-PA,498,711,0,1,0,712,A
3-PA,499,711,0,0,0,711,A
3-PA,500,0,0,713,0,713,G
3-PA,501,0,0,0,710,710,C
3-PA,502,702,0,0,0,702,A
3-PA,503,0,1,702,0,703,G
3-PA,504,0,1,704,0,705,G
3-PA,505,1,0,705,0,706,G
3-PA,506,0,1,0,703,704,C
3-PA,507,0,697,0,1,698,T
3-PA,508,696,1,0,0,697,A
3-PA,509,0,1,704,0,705,G
3-PA,510,0,0,737,0,737,G
3-PA,511,741,0,2,0,743,A
3-PA,512,0,730,0,0,730,T
3-PA,513,0,712,0,0,712,T
3-PA,514,710,0,0,0,710,A
3-PA,515,721,0,0,0,721,A
3-PA,516,0,0,723,0,723,G
3-PA,517,718,0,2,0,720,A
3-PA,518,0,0,0,716,716,C
3-PA,519,0,0,1,659,660,C
3-PA,520,651,0,1,0,652,A
3-PA,521,0,0,649,0,649,G
3-PA,522,0,0,653,0,653,G
3-PA,523,0,0,0,660,660,C
3-PA,524,0,641,0,0,641,T
3-PA,525,0,0,658,0,658,G
3-PA,526,0,654,1,2,657,T
3-PA,527,0,658,0,0,658,T
3-PA,528,0,656,0,1,657,T
3-PA,529,658,0,0,0,658,A
3-PA,530,0,0,0,669,669,C
3-PA,531,0,0,0,657,657,C
3-PA,532,654,0,0,0,654,A
3-PA,533,0,654,0,0,654,T
3-PA,534,630,0,0,0,630,A
3-PA,535,627,1,2,0,630,A
3-PA,536,0,1,637,0,638,G
3-PA,537,637,0,2,0,639,A
3-PA,538,0,1,0,639,640,C
3-PA,539,618,0,0,0,618,A
3-PA,540,620,0,0,0,620,A
3-PA,541,0,2,621,0,623,G
3-PA,542,622,0,0,1,623,A
3-PA,543,624,0,0,0,624,A
3-PA,544,621,0,0,0,621,A
3-PA,545,0,600,0,0,600,T
3-PA,546,0,0,602,0,602,G
3-PA,547,1,0,600,0,601,G
3-PA,548,0,0,0,595,595,C
3-PA,549,0,0,0,599,599,C
3-PA,550,597,0,0,0,597,A
3-PA,551,612,0,2,0,614,A
3-PA,552,0,0,0,611,611,C
3-PA,553,609,0,1,0,610,A
3-PA,554,0,0,607,0,607,G
3-PA,555,597,0,1,0,598,A
3-PA,556,0,0,610,0,610,G
3-PA,557,0,0,620,0,620,G
3-PA,558,1,0,0,615,616,C
3-PA,559,1,0,0,621,622,C
3-PA,560,0,601,0,0,601,T
3-PA,561,599,0,0,0,599,A
3-PA,562,0,608,0,0,608,T
3-PA,563,0,0,605,0,605,G
3-PA,564,1,1,609,0,611,G
3-PA,565,1,1,576,0,578,G
3-PA,566,550,0,0,0,550,A
3-PA,567,0,542,0,0,542,T
3-PA,568,0,530,0,0,530,T
3-PA,569,1,0,0,613,614,C
3-PA,570,1,0,0,604,605,C
3-PA,571,0,599,0,1,600,T
3-PA,572,0,599,0,0,599,T
3-PA,573,0,600,0,0,600,T
3-PA,574,2,0,0,604,606,C
3-PA,575,0,0,611,0,611,G
3-PA,576,0,610,0,1,611,T
3-PA,577,0,0,0,610,610,C
3-PA,578,599,0,2,0,601,A
3-PA,579,0,0,730,0,730,G
3-PA,580,0,729,0,0,729,T
3-PA,581,4,0,0,728,732,C
3-PA,582,0,0,0,743,743,C
3-PA,583,1,0,749,0,750,G
3-PA,584,748,0,1,0,749,A
3-PA,585,748,0,0,0,748,A
3-PA,586,748,0,0,0,748,A
3-PA,587,0,1,767,0,768,G
3-PA,588,743,0,2,0,745,A
3-PA,589,0,0,759,0,759,G
3-PA,590,0,0,769,0,769,G
3-PA,591,0,1,0,765,766,C
3-PA,592,0,1,771,0,772,G
3-PA,593,773,0,3,0,776,A
3-PA,594,774,0,1,0,775,A
3-PA,595,0,1,780,0,781,G
3-PA,596,779,0,0,0,779,A
3-PA,597,780,0,1,0,781,A
3-PA,598,774,1,1,0,776,A
3-PA,599,0,1,0,786,787,C
3-PA,600,782,0,0,2,784,A
3-PA,601,793,0,0,0,793,A
3-PA,602,0,788,1,0,789,T
3-PA,603,0,787,0,0,787,T
3-PA,604,0,1,791,0,792,G
3-PA,605,792,0,0,0,792,A
3-PA,606,790,0,0,0,790,A
3-PA,607,0,1,796,0,797,G
3-PA,608,794,0,0,0,794,A
3-PA,609,788,3,0,0,791,A
3-PA,610,792,0,1,0,793,A
3-PA,611,792,0,1,0,793,A
3-PA,612,795,0,0,0,795,A
3-PA,613,0,797,1,0,798,T
3-PA,614,0,793,0,0,793,T
3-PA,615,0,797,1,0,798,T
3-PA,616,0,2,799,0,801,G
3-PA,617,799,0,2,0,801,A
3-PA,618,800,0,0,0,800,A
3-PA,619,802,0,2,0,804,A
3-PA,620,0,819,0,0,819,T
3-PA,621,0,0,0,920,920,C
3-PA,622,923,0,1,0,924,A
3-PA,623,0,1,0,934,935,C
3-PA,624,931,0,1,0,932,A
3-PA,625,0,1,965,0,966,G
3-PA,626,0,0,1013,0,1013,G
3-PA,627,1035,1,0,0,1036,A
3-PA,628,1047,0,2,0,1049,A
3-PA,629,0,0,0,1060,1060,C
3-PA,630,0,1038,0,0,1038,T
3-PA,631,1147,0,0,0,1147,A
3-PA,632,0,1174,0,1,1175,T
3-PA,633,0,2,1222,0,1224,G
3-PA,634,0,1,1,1218,1220,C
3-PA,635,0,0,1210,0,1210,G
3-PA,636,0,1198,0,1,1199,T
3-PA,637,1189,0,1,0,1190,A
3-PA,638,0,1,1209,0,1210,G
3-PA,639,0,1,1205,0,1206,G
3-PA,640,0,0,0,1202,1202,C
3-PA,641,0,1183,0,0,1183,T
3-PA,642,0,1171,0,0,1171,T
3-PA,643,0,0,1170,0,1170,G
3-PA,644,0,6,0,1163,1169,C
3-PA,645,0,4,0,1170,1174,C
3-PA,646,0,5,1185,0,1190,G
3-PA,647,1193,0,0,0,1193,A
3-PA,648,1,1,0,1204,1206,C
3-PA,649,2,0,0,1200,1202,C
3-PA,650,1206,0,0,0,1206,A
3-PA,651,1215,0,0,0,1215,A
3-PA,652,1215,0,0,0,1215,A
3-PA,653,1,1,1254,0,1256,G
3-PA,654,0,1254,0,2,1256,T
3-PA,655,2,0,0,1262,1264,C
3-PA,656,2,1249,0,3,1254,T
3-PA,657,0,0,0,1270,1270,C
3-PA,658,0,0,0,1268,1268,C
3-PA,659,1,0,0,1277,1278,C
3-PA,660,1276,0,3,1,1280,A
3-PA,661,0,0,0,1286,1286,C
3-PA,662,1,1,0,1275,1277,C
3-PA,663,1,4,1284,0,1289,G
3-PA,664,1311,1,0,0,1312,A
3-PA,665,1315,0,0,0,1315,A
3-PA,666,0,0,0,1326,1326,C
3-PA,667,1,1310,0,1,1312,T
3-PA,668,0,1343,0,2,1345,T
3-PA,669,0,2,0,1367,1369,C
3-PA,670,0,1355,0,4,1359,T
3-PA,671,1,0,1,1369,1371,C
3-PA,672,0,0,1,1365,1366,C
3-PA,673,1,1361,0,0,1362,T
3-PA,674,0,2,1388,0,1390,G
3-PA,675,0,0,0,1384,1384,C
3-PA,676,0,2,0,1386,1388,C
3-PA,677,0,1383,0,1,1384,T
3-PA,678,1,1376,0,0,1377,T
3-PA,679,0,3,1379,0,1382,G
3-PA,680,1383,1,1,0,1385,A
3-PA,681,0,1,1413,0,1414,G
3-PA,682,1410,0,0,0,1410,A
3-PA,683,1434,0,0,0,1434,A
3-PA,684,1,1467,0,0,1468,T
3-PA,685,0,1474,0,2,1476,T
3-PA,686,0,1478,0,0,1478,T
3-PA,687,0,1480,0,1,1481,T
3-PA,688,1471,0,2,0,1473,A
3-PA,689,1,0,1480,0,1481,G
3-PA,690,1466,0,5,0,1471,A
3-PA,691,1,0,1537,0,1538,G
3-PA,692,0,0,0,1536,1536,C
3-PA,693,1,0,0,1535,1536,C
3-PA,694,0,1561,0,3,1564,T
3-PA,695,1634,0,0,0,1634,A
3-PA,696,0,1638,0,0,1638,T
3-PA,697,0,0,1647,0,1647,G
3-PA,698,0,1637,0,1,1638,T
3-PA,699,0,3,1648,0,1651,G
3-PA,700,0,1,1648,0,1649,G
3-PA,701,1642,0,0,0,1642,A
3-PA,702,0,1633,0,1,1634,T
3-PA,703,1,2,1609,0,1612,G
3-PA,704,1,0,1667,0,1668,G
3-PA,705,1672,0,3,0,1675,A
3-PA,706,0,1666,0,0,1666,T
3-PA,707,0,1667,0,1,1668,T
3-PA,708,3,0,1,1661,1665,C
3-PA,709,3,3,1673,0,1679,G
3-PA,710,1678,0,5,0,1683,A
3-PA,711,1687,0,1,0,1688,A
3-PA,712,0,0,0,1699,1699,C
3-PA,713,1,1,0,1659,1661,C
3-PA,714,14,2,1663,0,1679,G
3-PA,715,1677,0,1,1,1679,A
3-PA,716,1677,1,5,1,1684,A
3-PA,717,0,2,0,1707,1709,C
3-PA,718,0,0,1706,0,1706,G
3-PA,719,0,0,1780,0,1780,G
3-PA,720,0,0,0,1783,1783,C
3-PA,721,1,1776,0,5,1782,T
3-PA,722,1,0,1851,0,1852,G
3-PA,723,1,0,0,1854,1855,C
3-PA,724,1876,1,1,0,1878,A
3-PA,725,1,1873,0,0,1874,T
3-PA,726,1,1863,0,0,1864,T
3-PA,727,0,4,1854,0,1858,G
3-PA,728,1812,0,3,0,1815,A
3-PA,729,0,3,1841,0,1844,G
3-PA,730,0,1,1840,0,1841,G
3-PA,731,1,2,1814,0,1817,G
3-PA,732,2,0,0,1810,1812,C
3-PA,733,1808,0,2,0,1810,A
3-PA,734,1820,0,2,0,1822,A
3-PA,735,0,0,1823,0,1823,G
3-PA,736,0,0,0,1828,1828,C
3-PA,737,0,1831,1,2,1834,T
3-PA,738,2,1825,0,0,1827,T
3-PA,739,0,1847,0,1,1848,T
3-PA,740,1,0,0,1859,1860,C
3-PA,741,2,1852,0,1,1855,T
3-PA,742,2,0,0,1866,1868,C
3-PA,743,1866,0,1,0,1867,A
3-PA,744,1856,0,0,0,1856,A
3-PA,745,1856,0,1,0,1857,A
3-PA,746,1,1861,0,0,1862,T
3-PA,747,0,1,1929,0,1930,G
3-PA,748,0,1924,0,0,1924,T
3-PA,749,2,0,0,1957,1959,C
3-PA,750,0,2,0,1963,1965,C
3-PA,751,1968,0,0,0,1968,A
3-PA,752,1962,2,2,0,1966,A
3-PA,753,1960,0,9,0,1969,A
3-PA,754,0,1,2000,0,2001,G
3-PA,755,1988,2,2,0,1992,A
3-PA,756,1956,1,2,0,1959,A
3-PA,757,0,1,1968,0,1969,G
3-PA,758,0,1955,0,1,1956,T
3-PA,759,0,1,1954,0,1955,G
3-PA,760,1950,0,0,0,1950,A
3-PA,761,1947,0,2,0,1949,A
3-PA,762,0,1949,0,0,1949,T
3-PA,763,3,0,1946,0,1949,G
3-PA,764,0,1,0,1956,1957,C
3-PA,765,2,1,0,1951,1954,C
3-PA,766,1,0,0,1957,1958,C
3-PA,767,1979,1,0,0,1980,A
3-PA,768,2003,0,1,0,2004,A
3-PA,769,2010,0,0,0,2010,A
3-PA,770,0,2014,0,0,2014,T
3-PA,771,0,2005,0,0,2005,T
3-PA,772,0,4,2004,0,2008,G
3-PA,773,1998,1,1,0,2000,A
3-PA,774,2004,1,0,0,2005,A
3-PA,775,0,0,0,2016,2016,C
3-PA,776,1,2,0,2006,2009,C
3-PA,777,0,1984,0,5,1989,T
3-PA,778,0,2027,0,1,2028,T
3-PA,779,0,2035,0,3,2038,T
3-PA,780,0,2070,0,0,2070,T
3-PA,781,1,1,0,2079,2081,C
3-PA,782,1,2070,0,3,2074,T
3-PA,783,0,1,2082,0,2083,G
3-PA,784,2079,0,1,0,2080,A
3-PA,785,2101,0,3,0,2104,A
3-PA,786,0,2,2108,0,2110,G
3-PA,787,2079,0,5,0,2084,A
3-PA,788,0,0,0,2092,2092,C
3-PA,789,2059,0,2,0,2061,A
3-PA,790,2084,0,2,0,2086,A
3-PA,791,0,1,0,2318,2319,C
3-PA,792,2332,0,0,0,2332,A
3-PA,793,0,4,0,2331,2335,C
3-PA,794,5,0,0,2312,2317,C
3-PA,795,2309,1,3,0,2313,A
3-PA,796,2314,0,2,1,2317,A
3-PA,797,0,5,2319,0,2324,G
3-PA,798,2320,0,4,0,2324,A
3-PA,799,1,0,0,2322,2323,C
3-PA,800,0,1,0,2175,2176,C
3-PA,801,2171,0,0,0,2171,A
3-PA,802,2172,0,3,1,2176,A
3-PA,803,0,2171,0,0,2171,T
3-PA,804,3,1,0,2173,2177,C
3-PA,805,2174,0,0,0,2174,A
3-PA,806,2162,0,2,0,2164,A
3-PA,807,2161,0,2,0,2163,A
3-PA,808,0,0,0,2192,2192,C
3-PA,809,0,2167,0,0,2167,T
3-PA,810,0,2183,2,0,2185,T
3-PA,811,0,0,0,2192,2192,C
3-PA,812,0,0,0,2195,2195,C
3-PA,813,0,2,2207,0,2209,G
3-PA,814,2206,1,0,0,2207,A
3-PA,815,2210,1,1,0,2212,A
3-PA,816,1,2210,0,1,2212,T
3-PA,817,0,3,2191,0,2194,G
3-PA,818,0,6,2197,0,2203,G
3-PA,819,2210,1,2,0,2213,A
3-PA,820,0,0,0,2221,2221,C
3-PA,821,3,0,0,2211,2214,C
3-PA,822,1,2287,0,4,2292,T
3-PA,823,3,0,1,2367,2371,C
3-PA,824,2,0,0,2372,2374,C
3-PA,825,0,2367,0,1,2368,T
3-PA,826,0,2383,0,0,2383,T
3-PA,827,2,0,2489,0,2491,G
3-PA,828,0,2471,0,4,2475,T
3-PA,829,0,2472,1,3,2476,T
3-PA,830,2472,0,1,0,2473,A
3-PA,831,0,2401,0,0,2401,T
3-PA,832,0,2,0,2383,2385,C
3-PA,833,2342,0,1,1,2344,A
3-PA,834,1,0,2342,0,2343,G
3-PA,835,0,4,0,2332,2336,C
3-PA,836,1,4,2278,0,2283,G
3-PA,837,1,1,2352,0,2354,G
3-PA,838,0,2361,0,1,2362,T
3-PA,839,3,0,0,2358,2361,C
3-PA,840,0,0,0,2365,2365,C
3-PA,841,2376,0,0,0,2376,A
3-PA,842,2383,0,3,0,2386,A
3-PA,843,2389,0,2,0,2391,A
3-PA,844,0,2391,0,2,2393,T
3-PA,845,0,2390,0,0,2390,T
3-PA,846,3,0,0,2384,2387,C
3-PA,847,0,0,1,2379,2380,C
3-PA,848,0,2378,0,4,2382,T
3-PA,849,5,0,0,2384,2389,C
3-PA,850,3,1,0,2393,2397,C
3-PA,851,0,2387,1,1,2389,T
3-PA,852,0,2,2405,0,2407,G
3-PA,853,2405,0,1,0,2406,A
3-PA,854,0,2408,0,0,2408,T
3-PA,855,0,3,2385,0,2388,G
3-PA,856,0,1,2377,0,2378,G
3-PA,857,2365,1,1,0,2367,A
3-PA,858,2,2350,0,0,2352,T
3-PA,859,0,0,2350,0,2350,G
3-PA,860,1,0,0,2485,2486,C
3-PA,861,0,2474,0,3,2477,T
3-PA,862,0,2480,0,3,2483,T
3-PA,863,0,2492,0,0,2492,T
3-PA,864,2483,2,3,0,2488,A
3-PA,865,2497,0,0,1,2498,A
3-PA,866,2501,1,0,0,2502,A
3-PA,867,2501,1,1,0,2503,A
3-PA,868,1,2509,0,0,2510,T
3-PA,869,0,2362,0,0,2362,T
3-PA,870,1,5,2354,0,2360,G
3-PA,871,2344,0,11,0,2355,A
3-PA,872,3,0,2383,0,2386,G
3-PA,873,0,1,0,2383,2384,C
3-PA,874,2378,0,1,0,2379,A
3-PA,875,0,2415,0,1,2416,T
3-PA,876,1,2415,0,3,2419,T
3-PA,877,0,2,2413,0,2415,G
3-PA,878,2421,0,3,0,2424,A
3-PA,879,2411,0,6,0,2417,A
3-PA,880,0,1,2418,0,2419,G
3-PA,881,2399,0,5,0,2404,A
3-PA,882,1,1,0,2415,2417,C
3-PA,883,2,0,0,2406,2408,C
3-PA,884,2,2,0,2372,2376,C
3-PA,885,2375,0,4,0,2379,A
3-PA,886,2391,0,2,0,2393,A
3-PA,887,0,0,2405,0,2405,G
3-PA,888,0,2401,1,0,2402,T
3-PA,889,7,0,0,2399,2406,C
3-PA,890,2411,0,1,0,2412,A
3-PA,891,0,1,0,2399,2400,C
3-PA,892,0,1,2399,0,2400,G
3-PA,893,2437,2,4,0,2443,A
3-PA,894,2436,0,2,0,2438,A
3-PA,895,0,0,2528,0,2528,G
3-PA,896,0,5,2517,1,2523,G
3-PA,897,2509,0,3,0,2512,A
3-PA,898,0,2,2541,0,2543,G
3-PA,899,2535,0,5,0,2540,A
3-PA,900,2531,0,6,0,2537,A
3-PA,901,0,5,2544,0,2549,G
3-PA,902,13,1,2528,0,2542,G
3-PA,903,2,1,2551,0,2554,G
3-PA,904,2487,1,1,0,2489,A
3-PA,905,1,2481,0,2,2484,T
3-PA,906,2,0,0,2495,2497,C
3-PA,907,2,1,0,2717,2720,C
3-PA,908,1,0,0,2771,2772,C
3-PA,909,2795,0,2,0,2797,A
3-PA,910,0,2804,1,3,2808,T
3-PA,911,1,2818,0,0,2819,T
3-PA,912,2880,0,0,0,2880,A
3-PA,913,0,2871,1,0,2872,T
3-PA,914,2869,0,2,0,2871,A
3-PA,915,1,2861,0,0,2862,T
3-PA,916,0,2,2560,0,2562,G
3-PA,917,2540,0,5,0,2545,A
3-PA,918,0,2528,0,1,2529,T
3-PA,919,3,1,2538,0,2542,G
3-PA,920,0,3,0,2519,2522,C
3-PA,921,1,6,2525,0,2532,G
3-PA,922,2542,0,1,0,2543,A
3-PA,923,0,2538,0,0,2538,T
3-PA,924,1,1,0,2540,2542,C
3-PA,925,2537,0,4,0,2541,A
3-PA,926,2526,2,4,1,2533,A
3-PA,927,1,0,2543,0,2544,G
3-PA,928,0,2530,0,1,2531,T
3-PA,929,0,0,2539,0,2539,G
3-PA,930,1,0,0,2543,2544,C
3-PA,931,2545,0,2,0,2547,A
3-PA,932,0,2555,0,1,2556,T
3-PA,933,2555,0,0,0,2555,A
3-PA,934,2581,0,1,0,2582,A
3-PA,935,2577,0,0,0,2577,A
3-PA,936,2559,0,4,0,2563,A
3-PA,937,2569,0,1,0,2570,A
3-PA,938,0,0,0,2575,2575,C
3-PA,939,2549,0,0,0,2549,A
3-PA,940,0,2554,1,2,2557,T
3-PA,941,0,2560,0,1,2561,T
3-PA,942,3,1,0,2572,2576,C
3-PA,943,1,2541,2,0,2544,T
3-PA,944,2,2541,0,0,2543,T
3-PA,945,0,2537,0,0,2537,T
3-PA,946,2,0,2544,0,2546,G
3-PA,947,0,4,2552,0,2556,G
3-PA,948,2543,0,5,0,2548,A
3-PA,949,0,2545,0,2,2547,T
3-PA,950,1,1,2551,0,2553,G
3-PA,951,0,3,2590,0,2593,G
3-PA,952,2584,4,4,0,2592,A
3-PA,953,2594,1,2,0,2597,A
3-PA,954,2592,0,6,0,2598,A
3-PA,955,1,1,2625,0,2627,G
3-PA,956,2617,0,4,0,2621,A
3-PA,957,2858,0,3,0,2861,A
3-PA,958,1,2,0,2895,2898,C
3-PA,959,1,1,0,2900,2902,C
3-PA,960,2,2875,0,2,2879,T
3-PA,961,0,2941,0,1,2942,T
3-PA,962,2947,1,2,0,2950,A
3-PA,963,1,2948,0,0,2949,T
3-PA,964,2917,0,4,0,2921,A
3-PA,965,0,2965,0,0,2965,T
3-PA,966,2719,0,2,1,2722,A
3-PA,967,0,1,2743,0,2744,G
3-PA,968,2,2713,0,4,2719,T
3-PA,969,4,2,0,2713,2719,C
3-PA,970,2690,0,0,0,2690,A
3-PA,971,2698,0,0,0,2698,A
3-PA,972,2697,0,5,0,2702,A
3-PA,973,0,0,0,2705,2705,C
3-PA,974,1,1,0,2672,2674,C
3-PA,975,2640,0,2,0,2642,A
3-PA,976,0,0,0,2668,2668,C
3-PA,977,2673,0,6,0,2679,A
3-PA,978,0,4,0,2686,2690,C
3-PA,979,0,3,2687,1,2691,G
3-PA,980,2676,2,0,0,2678,A
3-PA,981,2683,0,0,0,2683,A
3-PA,982,2666,4,1,0,2671,A
3-PA,983,2671,1,1,0,2673,A
3-PA,984,1,4,2684,0,2689,G
3-PA,985,0,1,2676,0,2677,G
3-PA,986,1,4,2694,0,2699,G
3-PA,987,2690,0,6,0,2696,A
3-PA,988,2695,2,2,0,2699,A
3-PA,989,0,2698,0,0,2698,T
3-PA,990,2700,0,0,0,2700,A
3-PA,991,2694,0,2,0,2696,A
3-PA,992,2707,1,2,0,2710,A
3-PA,993,0,2701,0,1,2702,T
3-PA,994,1,2693,0,1,2695,T
3-PA,995,4,1,1,2706,2712,C
3-PA,996,2711,0,1,0,2712,A
3-PA,997,2716,0,0,0,2716,A
3-PA,998,2718,0,0,2,2720,A
3-PA,999,0,2715,1,1,2717,T
3-PA,1000,0,2719,0,1,2720,T
3-PA,1001,2729,0,1,0,2730,A
3-PA,1002,0,0,0,2722,2722,C
3-PA,1003,1,0,0,2730,2731,C
3-PA,1004,0,2697,0,2,2699,T
3-PA,1005,1,0,2716,0,2717,G
3-PA,1006,0,18,0,2706,2724,C
3-PA,1007,2,2724,1,3,2730,T
3-PA,1008,0,2,2783,0,2785,G
3-PA,1009,1,2771,0,5,2777,T
3-PA,1010,8,0,0,2784,2792,C
3-PA,1011,2789,0,1,1,2791,A
3-PA,1012,0,2792,1,0,2793,T
3-PA,1013,0,3,2787,0,2790,G
3-PA,1014,0,2,2792,1,2795,G
3-PA,1015,2783,1,2,0,2786,A
3-PA,1016,2844,0,1,0,2845,A
3-PA,1017,1,1,2834,0,2836,G
3-PA,1018,2,1,0,2831,2834,C
3-PA,1019,2823,0,3,0,2826,A
3-PA,1020,2820,1,5,0,2826,A
3-PA,1021,0,1,2841,0,2842,G
3-PA,1022,1,2849,0,0,2850,T
3-PA,1023,2835,0,3,0,2838,A
3-PA,1024,1,2,0,2839,2842,C
3-PA,1025,0,2797,1,1,2799,T
3-PA,1026,1,1,2822,0,2824,G
3-PA,1027,1,2812,0,1,2814,T
3-PA,1028,3,0,0,2816,2819,C
3-PA,1029,2818,0,2,0,2820,A
3-PA,1030,0,1,2843,0,2844,G
3-PA,1031,2840,0,2,0,2842,A
3-PA,1032,2851,0,2,0,2853,A
3-PA,1033,0,2897,0,1,2898,T
3-PA,1034,0,2878,0,1,2879,T
3-PA,1035,0,1,2867,0,2868,G
3-PA,1036,1,2,0,2863,2866,C
3-PA,1037,2857,1,7,0,2865,A
3-PA,1038,0,1,2869,0,2870,G
3-PA,1039,0,2,2845,0,2847,G
3-PA,1040,2834,2,6,0,2842,A
3-PA,1041,0,0,0,2829,2829,C
3-PA,1042,1,0,2799,0,2800,G
3-PA,1043,1,2845,0,1,2847,T
3-PA,1044,0,2854,0,2,2856,T
3-PA,1045,0,1,2869,1,2871,G
3-PA,1046,2875,1,2,0,2878,A
3-PA,1047,2876,0,0,1,2877,A
3-PA,1048,2873,0,3,0,2876,A
3-PA,1049,2871,1,2,0,2874,A
3-PA,1050,0,2858,0,0,2858,T
3-PA,1051,1,0,2887,1,2889,G
3-PA,1052,2861,1,6,0,2868,A
3-PA,1053,0,2,2875,0,2877,G
3-PA,1054,0,4,2875,1,2880,G
3-PA,1055,2866,0,0,0,2866,A
3-PA,1056,0,1,2886,0,2887,G
3-PA,1057,2862,0,3,1,2866,A
3-PA,1058,2865,0,1,0,2866,A
3-PA,1059,0,0,2867,0,2867,G
3-PA,1060,0,1,2832,0,2833,G
3-PA,1061,2,2952,0,5,2959,T
3-PA,1062,2,2971,0,0,2973,T
3-PA,1063,4,2,1,2955,2962,C
3-PA,1064,1,1,0,2969,2971,C
3-PA,1065,2974,0,2,0,2976,A
3-PA,1066,2967,1,2,0,2970,A
3-PA,1067,1,7,2991,0,2999,G
3-PA,1068,0,5,3035,0,3040,G
3-PA,1069,2971,0,5,0,2976,A
3-PA,1070,1,9,0,2972,2982,C
3-PA,1071,0,2978,0,3,2981,T
3-PA,1072,2987,0,1,1,2989,A
3-PA,1073,2980,0,1,0,2981,A
3-PA,1074,2982,0,2,0,2984,A
3-PA,1075,2987,0,2,0,2989,A
3-PA,1076,2972,0,2,0,2974,A
3-PA,1077,0,0,0,2957,2957,C
3-PA,1078,2942,1,3,0,2946,A
3-PA,1079,1,2920,0,2,2923,T
3-PA,1080,9,2,2935,0,2946,G
3-PA,1081,2941,0,0,0,2941,A
3-PA,1082,2944,0,3,0,2947,A
3-PA,1083,1,6,2969,0,2976,G
3-PA,1084,2974,0,0,0,2974,A
3-PA,1085,2965,0,1,0,2966,A
3-PA,1086,2947,0,3,1,2951,A
3-PA,1087,2952,0,1,1,2954,A
3-PA,1088,1,2,0,2961,2964,C
3-PA,1089,0,4,2960,0,2964,G
3-PA,1090,2985,1,0,0,2986,A
3-PA,1091,2,2,2986,0,2990,G
3-PA,1092,0,2967,0,2,2969,T
3-PA,1093,4,0,0,3022,3026,C
3-PA,1094,3029,1,2,0,3032,A
3-PA,1095,3081,0,1,1,3083,A
3-PA,1096,0,7,0,3074,3081,C
3-PA,1097,0,3075,0,1,3076,T
3-PA,1098,1,2,3134,0,3137,G
3-PA,1099,3128,0,1,0,3129,A
3-PA,1100,3142,0,5,0,3147,A
3-PA,1101,0,1,3152,0,3153,G
3-PA,1102,0,3084,0,0,3084,T
3-PA,1103,3,4,3082,0,3089,G
3-PA,1104,4,2,3045,1,3052,G
3-PA,1105,1,1,3072,0,3074,G
3-PA,1106,0,0,0,3090,3090,C
3-PA,1107,0,3032,0,2,3034,T
3-PA,1108,6,1,0,3066,3073,C
3-PA,1109,0,3047,0,3,3050,T
3-PA,1110,2,3066,0,0,3068,T
3-PA,1111,0,2,3117,0,3119,G
3-PA,1112,1,0,3130,0,3131,G
3-PA,1113,0,3094,0,23,3117,T
3-PA,1114,0,4,3117,0,3121,G
3-PA,1115,3113,0,0,0,3113,A
3-PA,1116,3117,0,2,0,3119,A
3-PA,1117,3097,0,2,0,3099,A
3-PA,1118,3106,1,1,1,3109,A
3-PA,1119,0,1,0,3126,3127,C
3-PA,1120,3070,3,1,0,3074,A
3-PA,1121,1,3064,1,4,3070,T
3-PA,1122,1,1,3059,0,3061,G
3-PA,1123,0,3,3092,0,3095,G
3-PA,1124,0,0,2,3085,3087,C
3-PA,1125,3108,1,4,1,3114,A
3-PA,1126,2,1,0,3116,3119,C
3-PA,1127,2,2,0,3131,3135,C
3-PA,1128,3185,0,2,0,3187,A
3-PA,1129,0,3,3209,0,3212,G
3-PA,1130,3194,0,6,1,3201,A
3-PA,1131,3,3,3223,0,3229,G
3-PA,1132,3188,1,4,0,3193,A
3-PA,1133,3200,0,6,0,3206,A
3-PA,1134,1,3,3229,1,3234,G
3-PA,1135,0,3,3212,0,3215,G
3-PA,1136,0,3213,0,1,3214,T
3-PA,1137,3175,0,4,0,3179,A
3-PA,1138,0,5,3173,0,3178,G
3-PA,1139,3192,0,1,0,3193,A
3-PA,1140,1,0,2,3204,3207,C
3-PA,1141,2,3166,0,0,3168,T
3-PA,1142,0,3156,1,2,3159,T
3-PA,1143,0,3157,1,4,3162,T
3-PA,1144,1,1,3165,0,3167,G
3-PA,1145,3163,0,3,0,3166,A
3-PA,1146,3170,0,0,0,3170,A
3-PA,1147,3161,0,5,1,3167,A
3-PA,1148,3153,1,1,0,3155,A
3-PA,1149,0,0,0,3218,3218,C
3-PA,1150,0,3189,0,2,3191,T
3-PA,1151,1,0,3229,0,3230,G
3-PA,1152,0,2,0,3221,3223,C
3-PA,1153,3226,0,2,0,3228,A
3-PA,1154,2,1,3229,0,3232,G
3-PA,1155,3211,1,4,1,3217,A
3-PA,1156,4,4,3354,0,3362,G
3-PA,1157,3360,0,6,0,3366,A
3-PA,1158,0,0,0,3353,3353,C
3-PA,1159,3343,0,5,1,3349,A
3-PA,1160,0,3321,0,2,3323,T
3-PA,1161,3324,0,1,0,3325,A
3-PA,1162,3303,0,10,0,3313,A
3-PA,1163,1,1,3312,0,3314,G
3-PA,1164,1,1,0,3299,3301,C
3-PA,1165,1,5,3241,0,3247,G
3-PA,1166,3317,0,4,0,3321,A
3-PA,1167,0,3291,0,2,3293,T
3-PA,1168,0,3292,1,0,3293,T
3-PA,1169,2,3299,0,2,3303,T
3-PA,1170,1,1,3312,0,3314,G
3-PA,1171,3317,0,1,0,3318,A
3-PA,1172,3319,0,5,0,3324,A
3-PA,1173,2,2,3329,1,3334,G
3-PA,1174,4,0,0,3421,3425,C
3-PA,1175,3392,1,2,0,3395,A
3-PA,1176,3627,0,2,0,3629,A
3-PA,1177,0,3633,0,0,3633,T
3-PA,1178,3617,1,31,1,3650,A
3-PA,1179,1,3674,0,1,3676,T
3-PA,1180,1,7,3684,0,3692,G
3-PA,1181,3713,1,3,1,3718,A
3-PA,1182,2,3708,0,1,3711,T
3-PA,1183,3596,0,1,0,3597,A
3-PA,1184,0,0,3609,0,3609,G
3-PA,1185,0,3444,0,2,3446,T
3-PA,1186,0,5,3442,0,3447,G
3-PA,1187,3443,0,5,0,3448,A
3-PA,1188,1,1,0,3434,3436,C
3-PA,1189,3,10,3417,0,3430,G
3-PA,1190,3432,1,2,0,3435,A
3-PA,1191,3439,0,5,0,3444,A
3-PA,1192,3,0,0,3467,3470,C
3-PA,1193,4,0,1,3460,3465,C
3-PA,1194,1,3449,0,5,3455,T
3-PA,1195,0,5,3534,0,3539,G
3-PA,1196,3536,1,1,1,3539,A
3-PA,1197,3557,1,1,0,3559,A
3-PA,1198,0,3549,0,2,3551,T
3-PA,1199,0,3531,0,0,3531,T
3-PA,1200,3531,1,2,0,3534,A
3-PA,1201,3497,1,0,1,3499,A
3-PA,1202,0,2,3505,0,3507,G
3-PA,1203,2,1,3504,0,3507,G
3-PA,1204,1,3439,0,6,3446,T
3-PA,1205,7,0,0,3431,3438,C
3-PA,1206,3446,0,2,0,3448,A
3-PA,1207,1,2,0,3541,3544,C
3-PA,1208,0,3558,0,5,3563,T
3-PA,1209,0,3566,1,1,3568,T
3-PA,1210,0,3563,1,4,3568,T
3-PA,1211,6,0,0,3561,3567,C
3-PA,1212,3556,0,7,0,3563,A
3-PA,1213,3564,0,3,0,3567,A
3-PA,1214,0,1,3605,0,3606,G
3-PA,1215,1,0,0,3603,3604,C
3-PA,1216,1,3534,1,2,3538,T
3-PA,1217,3,3,3621,0,3627,G
3-PA,1218,0,1,3632,1,3634,G
3-PA,1219,3686,1,2,0,3689,A
3-PA,1220,2,3712,0,1,3715,T
3-PA,1221,3714,0,3,1,3718,A
3-PA,1222,1,2,0,3738,3741,C
3-PA,1223,3672,0,5,1,3678,A
3-PA,1224,2,4,3715,0,3721,G
3-PA,1225,3709,0,3,0,3712,A
3-PA,1226,3659,0,5,0,3664,A
3-PA,1227,0,3628,0,0,3628,T
3-PA,1228,1,7,3648,0,3656,G
3-PA,1229,3634,0,6,0,3640,A
3-PA,1230,2,0,3689,0,3691,G
3-PA,1231,0,3664,0,4,3668,T
3-PA,1232,0,3656,0,2,3658,T
3-PA,1233,7,4,0,3688,3699,C
3-PA,1234,3718,3,10,0,3731,A
3-PA,1235,3738,1,0,1,3740,A
3-PA,1236,0,1,0,3736,3737,C
3-PA,1237,3687,2,2,0,3691,A
3-PA,1238,3691,0,0,0,3691,A
3-PA,1239,0,5,3660,1,3666,G
3-PA,1240,2,3,3690,0,3695,G
3-PA,1241,0,0,0,3691,3691,C
3-PA,1242,4,4,0,3679,3687,C
3-PA,1243,1,3661,0,11,3673,T
3-PA,1244,0,1,3698,1,3700,G
3-PA,1245,0,3697,0,1,3698,T
3-PA,1246,2,4,3733,1,3740,G
3-PA,1247,3736,0,8,0,3744,A
3-PA,1248,0,1,3738,0,3739,G
3-PA,1249,1,0,1,3713,3715,C
3-PA,1250,0,3687,0,2,3689,T
3-PA,1251,3756,0,3,0,3759,A
3-PA,1252,3757,0,2,1,3760,A
3-PA,1253,0,0,0,3775,3775,C
3-PA,1254,1,3735,0,3,3739,T
3-PA,1255,2,6,3725,1,3734,G
3-PA,1256,3721,0,1,0,3722,A
3-PA,1257,2,3722,0,0,3724,T
3-PA,1258,1,3707,1,7,3716,T
3-PA,1259,7,0,0,3728,3735,C
3-PA,1260,3823,0,3,1,3827,A
3-PA,1261,0,3,3903,0,3906,G
3-PA,1262,1,3896,0,2,3899,T
3-PA,1263,4,0,0,3903,3907,C
3-PA,1264,0,3868,0,5,3873,T
3-PA,1265,2,3,4056,0,4061,G
3-PA,1266,0,5,4066,0,4071,G
3-PA,1267,4065,0,5,0,4070,A
3-PA,1268,0,4067,0,5,4072,T
3-PA,1269,3880,0,3,1,3884,A
3-PA,1270,1,3,3867,0,3871,G
3-PA,1271,3823,0,4,0,3827,A
3-PA,1272,2,1,3853,0,3856,G
3-PA,1273,0,0,0,3849,3849,C
3-PA,1274,0,3776,0,2,3778,T
3-PA,1275,3,2,0,3785,3790,C
3-PA,1276,3,2,3795,0,3800,G
3-PA,1277,3806,0,4,1,3811,A
3-PA,1278,0,3807,0,1,3808,T
3-PA,1279,0,2,3797,0,3799,G
3-PA,1280,3856,0,3,0,3859,A
3-PA,1281,3854,1,2,1,3858,A
3-PA,1282,3870,0,4,0,3874,A
3-PA,1283,0,3877,0,0,3877,T
3-PA,1284,0,3857,0,2,3859,T
3-PA,1285,1,3,3904,0,3908,G
3-PA,1286,0,2,3900,0,3902,G
3-PA,1287,3889,0,14,0,3903,A
3-PA,1288,1,3,3894,1,3899,G
3-PA,1289,3837,0,4,0,3841,A
3-PA,1290,0,4,3860,0,3864,G
3-PA,1291,1,0,3888,0,3889,G
3-PA,1292,3925,1,3,0,3929,A
3-PA,1293,0,0,0,3933,3933,C
3-PA,1294,1,1,3910,0,3912,G
3-PA,1295,0,3911,0,1,3912,T
3-PA,1296,3936,0,2,1,3939,A
3-PA,1297,1,0,3975,0,3976,G
3-PA,1298,1,4,0,3987,3992,C
3-PA,1299,3,4,1,3946,3954,C
3-PA,1300,7,3,0,3902,3912,C
3-PA,1301,3,2,0,3902,3907,C
3-PA,1302,3917,1,1,0,3919,A
3-PA,1303,4052,0,1,0,4053,A
3-PA,1304,1,4049,0,0,4050,T
3-PA,1305,0,4016,0,2,4018,T
3-PA,1306,1,4,4007,1,4013,G
3-PA,1307,3942,2,5,0,3949,A
3-PA,1308,0,1,3952,0,3953,G
3-PA,1309,1,4,1,3952,3958,C
3-PA,1310,3939,0,1,0,3940,A
3-PA,1311,0,2,0,4015,4017,C
3-PA,1312,3924,1,2,0,3927,A
3-PA,1313,1,4026,0,5,4032,T
3-PA,1314,3,4026,0,3,4032,T
3-PA,1315,1,1,4037,0,4039,G
3-PA,1316,0,1,0,4031,4032,C
3-PA,1317,4026,0,3,0,4029,A
3-PA,1318,4030,1,3,0,4034,A
3-PA,1319,0,3,4031,0,4034,G
3-PA,1320,0,1,0,3979,3980,C
3-PA,1321,3987,1,3,0,3991,A
3-PA,1322,0,3878,0,2,3880,T
3-PA,1323,0,9,3878,1,3888,G
3-PA,1324,3890,4,1,0,3895,A
3-PA,1325,1,0,3899,0,3900,G
3-PA,1326,3886,0,4,1,3891,A
3-PA,1327,3884,1,4,0,3889,A
3-PA,1328,1,1,3881,0,3883,G
3-PA,1329,23,3,3855,1,3882,G
3-PA,1330,3878,1,2,0,3881,A
3-PA,1331,3875,1,2,0,3878,A
3-PA,1332,2,3879,0,1,3882,T
3-PA,1333,0,3880,0,1,3881,T
3-PA,1334,3870,0,2,0,3872,A
3-PA,1335,1,3880,2,1,3884,T
3-PA,1336,0,3874,0,8,3882,T
3-PA,1337,0,3877,0,1,3878,T
3-PA,1338,0,2,0,3849,3851,C
3-PA,1339,3834,0,1,0,3835,A
3-PA,1340,0,1,0,3906,3907,C
3-PA,1341,3884,0,2,0,3886,A
3-PA,1342,0,1,3924,0,3925,G
3-PA,1343,2,1,0,3914,3917,C
3-PA,1344,3901,0,1,0,3902,A
3-PA,1345,1,3,3908,0,3912,G
3-PA,1346,3896,2,5,0,3903,A
3-PA,1347,0,0,3929,0,3929,G
3-PA,1348,1,0,3936,0,3937,G
3-PA,1349,0,3837,0,3,3840,T
3-PA,1350,4,0,3872,0,3876,G
3-PA,1351,0,3843,2,10,3855,T
3-PA,1352,2,6,0,3849,3857,C
3-PA,1353,1,1,0,3894,3896,C
3-PA,1354,6,2,1,3878,3887,C
3-PA,1355,3932,0,2,0,3934,A
3-PA,1356,0,3961,0,4,3965,T
3-PA,1357,0,3933,0,2,3935,T
3-PA,1358,3,0,3952,0,3955,G
3-PA,1359,1,3887,0,1,3889,T
3-PA,1360,3819,1,1,0,3821,A
3-PA,1361,0,4,3823,0,3827,G
3-PA,1362,3736,0,4,1,3741,A
3-PA,1363,2,0,3746,0,3748,G
3-PA,1364,2,2,0,3690,3694,C
3-PA,1365,7,0,0,3648,3655,C
3-PA,1366,3698,1,1,0,3700,A
3-PA,1367,0,1,0,3705,3706,C
3-PA,1368,0,3683,0,1,3684,T
3-PA,1369,0,3,3679,0,3682,G
3-PA,1370,3673,0,0,0,3673,A
3-PA,1371,3608,1,1,0,3610,A
3-PA,1372,0,3687,0,1,3688,T
3-PA,1373,3705,0,5,0,3710,A
3-PA,1374,1,2,1,3744,3748,C
3-PA,1375,3671,1,2,0,3674,A
3-PA,1376,0,3689,0,1,3690,T
3-PA,1377,3673,0,3,0,3676,A
3-PA,1378,3680,0,1,0,3681,A
3-PA,1379,0,3666,0,0,3666,T
3-PA,1380,0,1,3626,0,3627,G
3-PA,1381,3611,1,1,0,3613,A
3-PA,1382,3554,1,1,1,3557,A
3-PA,1383,2,3,3547,0,3552,G
3-PA,1384,0,6,3519,0,3525,G
3-PA,1385,2,6,3552,0,3560,G
3-PA,1386,1,5,3574,0,3580,G
3-PA,1387,2,2,3607,0,3611,G
3-PA,1388,0,3551,0,4,3555,T
3-PA,1389,3572,1,3,0,3576,A
3-PA,1390,0,3591,0,1,3592,T
3-PA,1391,3619,0,3,0,3622,A
3-PA,1392,0,0,0,3911,3911,C
3-PA,1393,3799,0,0,0,3799,A
3-PA,1394,0,3704,1,3,3708,T
3-PA,1395,0,3684,0,0,3684,T
3-PA,1396,3628,1,2,0,3631,A
3-PA,1397,3698,0,0,1,3699,A
3-PA,1398,0,2,0,3694,3696,C
3-PA,1399,3635,0,2,0,3637,A
3-PA,1400,0,0,0,3648,3648,C
3-PA,1401,1,3214,0,1,3216,T
3-PA,1402,1,1,3315,0,3317,G
3-PA,1403,1,0,0,3311,3312,C
3-PA,1404,3,0,0,3293,3296,C
3-PA,1405,2,0,0,3306,3308,C
3-PA,1406,0,3190,0,3,3193,T
3-PA,1407,2,1,3273,0,3276,G
3-PA,1408,1,0,0,3277,3278,C
3-PA,1409,0,3268,0,10,3278,T
3-PA,1410,9,0,0,3349,3358,C
3-PA,1411,3223,1,2,0,3226,A
3-PA,1412,3244,1,1,0,3246,A
3-PA,1413,0,3256,0,2,3258,T
3-PA,1414,1,0,3247,0,3248,G
3-PA,1415,0,0,0,3253,3253,C
3-PA,1416,3158,0,0,0,3158,A
3-PA,1417,1,3142,0,7,3150,T
3-PA,1418,2,0,0,3149,3151,C
3-PA,1419,0,0,0,3170,3170,C
3-PA,1420,1,3053,0,0,3054,T
3-PA,1421,0,0,3105,0,3105,G
3-PA,1422,1,3088,0,2,3091,T
3-PA,1423,0,1,3082,0,3083,G
3-PA,1424,0,2,0,3086,3088,C
3-PA,1425,3028,0,8,1,3037,A
3-PA,1426,0,0,3061,0,3061,G
3-PA,1427,2,1,0,3048,3051,C
3-PA,1428,3017,0,0,0,3017,A
3-PA,1429,3019,2,0,0,3021,A
3-PA,1430,0,2919,0,1,2920,T
3-PA,1431,0,1,2923,0,2924,G
3-PA,1432,0,3,2915,0,2918,G
3-PA,1433,2919,1,2,0,2922,A
3-PA,1434,0,0,0,2919,2919,C
3-PA,1435,0,5,2886,0,2891,G
3-PA,1436,2919,0,2,0,2921,A
3-PA,1437,0,2914,0,1,2915,T
3-PA,1438,1,2914,1,1,2917,T
3-PA,1439,1,2915,0,0,2916,T
3-PA,1440,0,2906,0,2,2908,T
3-PA,1441,3,0,0,2909,2912,C
3-PA,1442,2910,0,3,0,2913,A
3-PA,1443,2914,0,1,0,2915,A
3-PA,1444,0,0,0,2921,2921,C
3-PA,1445,0,2859,0,1,2860,T
3-PA,1446,2857,0,3,0,2860,A
3-PA,1447,2860,1,1,0,2862,A
3-PA,1448,1,2860,0,2,2863,T
3-PA,1449,1,2837,1,3,2842,T
3-PA,1450,2,3,0,2849,2854,C
3-PA,1451,1,0,0,2850,2851,C
3-PA,1452,3,5,0,2825,2833,C
3-PA,1453,2831,0,2,0,2833,A
3-PA,1454,1,2868,0,2,2871,T
3-PA,1455,1,1,2872,0,2874,G
3-PA,1456,2876,1,2,0,2879,A
3-PA,1457,0,2868,0,2,2870,T
3-PA,1458,2853,0,11,0,2864,A
3-PA,1459,2865,1,1,1,2868,A
3-PA,1460,0,0,2873,0,2873,G
3-PA,1461,1,0,0,2866,2867,C
3-PA,1462,2854,1,0,0,2855,A
3-PA,1463,2763,0,5,0,2768,A
3-PA,1464,2,2,2790,1,2795,G
3-PA,1465,1,2776,0,1,2778,T
3-PA,1466,2,2,2768,0,2772,G
3-PA,1467,0,0,0,2768,2768,C
3-PA,1468,2736,0,3,0,2739,A
3-PA,1469,0,2,2777,0,2779,G
3-PA,1470,2772,0,3,0,2775,A
3-PA,1471,2805,0,0,0,2805,A
3-PA,1472,0,0,0,2806,2806,C
3-PA,1473,1,2739,0,0,2740,T
3-PA,1474,2753,0,1,0,2754,A
3-PA,1475,2754,0,0,0,2754,A
3-PA,1476,2745,1,4,1,2751,A
3-PA,1477,0,0,2758,0,2758,G
3-PA,1478,2632,0,7,0,2639,A
3-PA,1479,0,6,2634,0,2640,G
3-PA,1480,1,0,2570,1,2572,G
3-PA,1481,1,2,2558,0,2561,G
3-PA,1482,2530,0,4,1,2535,A
3-PA,1483,2486,0,2,0,2488,A
3-PA,1484,1,4,2483,0,2488,G
3-PA,1485,1,0,2493,0,2494,G
3-PA,1486,0,4,0,2476,2480,C
3-PA,1487,0,2,2482,0,2484,G
3-PA,1488,2475,0,0,0,2475,A
3-PA,1489,2476,0,0,0,2476,A
3-PA,1490,2476,0,2,0,2478,A
3-PA,1491,2476,0,1,0,2477,A
3-PA,1492,2460,1,4,0,2465,A
3-PA,1493,0,0,0,2474,2474,C
3-PA,1494,5,1,0,2446,2452,C
3-PA,1495,2456,1,2,0,2459,A
3-PA,1496,2475,0,2,0,2477,A
3-PA,1497,0,2468,1,0,2469,T
3-PA,1498,0,2472,1,1,2474,T
3-PA,1499,0,2478,0,1,2479,T
3-PA,1500,2481,0,0,0,2481,A
3-PA,1501,0,2473,0,1,2474,T
3-PA,1502,2471,0,3,0,2474,A
3-PA,1503,0,2460,0,1,2461,T
3-PA,1504,1,2,2434,1,2438,G
3-PA,1505,0,2,2405,0,2407,G
3-PA,1506,2410,0,1,0,2411,A
3-PA,1507,0,2385,1,6,2392,T
3-PA,1508,0,2364,0,2,2366,T
3-PA,1509,4,0,0,2349,2353,C
3-PA,1510,2349,0,1,0,2350,A
3-PA,1511,0,2350,0,1,2351,T
3-PA,1512,3,0,0,2362,2365,C
3-PA,1513,2330,0,17,0,2347,A
3-PA,1514,0,2319,0,3,2322,T
3-PA,1515,2307,0,0,0,2307,A
3-PA,1516,2308,1,0,0,2309,A
3-PA,1517,2303,0,3,0,2306,A
3-PA,1518,0,1,2276,0,2277,G
3-PA,1519,2,0,2225,0,2227,G
3-PA,1520,1,3,2194,0,2198,G
3-PA,1521,2183,0,2,0,2185,A
3-PA,1522,2153,0,1,0,2154,A
3-PA,1523,1,1,2159,0,2161,G
3-PA,1524,2145,1,1,0,2147,A
3-PA,1525,0,2135,0,2,2137,T
3-PA,1526,0,0,0,2135,2135,C
3-PA,1527,0,2090,0,3,2093,T
3-PA,1528,1,0,0,2124,2125,C
3-PA,1529,2117,0,0,0,2117,A
3-PA,1530,0,2111,0,0,2111,T
3-PA,1531,0,2111,0,1,2112,T
3-PA,1532,0,2085,0,1,2086,T
3-PA,1533,2070,0,1,0,2071,A
3-PA,1534,2048,0,21,0,2069,A
3-PA,1535,0,0,2068,0,2068,G
3-PA,1536,0,3,2079,0,2082,G
3-PA,1537,1941,1,0,0,1942,A
3-PA,1538,1947,0,0,0,1947,A
3-PA,1539,0,1918,2,2,1922,T
3-PA,1540,0,9,1920,0,1929,G
3-PA,1541,1943,1,3,0,1947,A
3-PA,1542,1,1,0,1948,1950,C
3-PA,1543,1930,1,4,0,1935,A
3-PA,1544,0,2,0,1932,1934,C
3-PA,1545,1861,1,1,0,1863,A
3-PA,1546,0,1,1865,0,1866,G
3-PA,1547,1856,0,0,0,1856,A
3-PA,1548,0,0,0,1828,1828,C
3-PA,1549,0,2,1793,0,1795,G
3-PA,1550,0,1665,1,0,1666,T
3-PA,1551,1,1,1663,0,1665,G
3-PA,1552,0,0,1670,0,1670,G
3-PA,1553,1,1669,0,0,1670,T
3-PA,1554,1666,0,0,0,1666,A
3-PA,1555,1643,0,0,0,1643,A
3-PA,1556,1645,0,0,0,1645,A
3-PA,1557,0,1640,0,0,1640,T
3-PA,1558,0,1604,0,1,1605,T
3-PA,1559,0,1605,0,0,1605,T
3-PA,1560,0,1571,0,0,1571,T
3-PA,1561,0,0,1570,0,1570,G
3-PA,1562,0,1536,0,0,1536,T
3-PA,1563,0,1,1534,0,1535,G
3-PA,1564,1515,0,1,0,1516,A
3-PA,1565,0,0,1518,0,1518,G
3-PA,1566,0,0,0,1509,1509,C
3-PA,1567,1507,0,4,0,1511,A
3-PA,1568,0,1508,1,1,1510,T
3-PA,1569,0,1,1505,1,1507,G
3-PA,1570,0,1,1510,0,1511,G
3-PA,1571,1511,0,0,0,1511,A
3-PA,1572,0,0,1512,0,1512,G
3-PA,1573,0,1480,1,0,1481,T
3-PA,1574,0,1466,0,3,1469,T
3-PA,1575,1,1466,0,0,1467,T
3-PA,1576,0,1461,0,5,1466,T
3-PA,1577,0,0,0,1469,1469,C
3-PA,1578,0,1464,0,0,1464,T
3-PA,1579,3,0,0,1456,1459,C
3-PA,1580,0,1398,0,4,1402,T
3-PA,1581,1,0,0,1390,1391,C
3-PA,1582,1395,0,0,0,1395,A
3-PA,1583,0,1,1,1388,1390,C
3-PA,1584,0,1346,0,1,1347,T
3-PA,1585,0,1,1336,0,1337,G
3-PA,1586,1334,0,1,0,1335,A
3-PA,1587,0,4,1,1328,1333,C
3-PA,1588,1,0,0,1333,1334,C
3-PA,1589,4,2,0,1299,1305,C
3-PA,1590,1,0,1302,0,1303,G
3-PA,1591,1295,0,3,1,1299,A
3-PA,1592,0,1,1300,0,1301,G
3-PA,1593,1297,0,1,0,1298,A
3-PA,1594,0,1,0,1255,1256,C
3-PA,1595,1,1237,1,0,1239,T
3-PA,1596,0,1175,1,0,1176,T
3-PA,1597,0,0,1172,0,1172,G
3-PA,1598,1164,0,2,0,1166,A
3-PA,1599,0,0,1168,0,1168,G
3-PA,1600,1,0,1,1165,1167,C
3-PA,1601,4,4,1,1099,1108,C
3-PA,1602,1108,0,1,0,1109,A
3-PA,1603,0,0,0,1101,1101,C
3-PA,1604,1105,0,0,0,1105,A
3-PA,1605,1,1105,0,0,1106,T
3-PA,1606,1087,0,2,0,1089,A
3-PA,1607,1082,0,0,0,1082,A
3-PA,1608,1074,0,0,0,1074,A
3-PA,1609,1,1059,0,0,1060,T
3-PA,1610,4,1,1053,0,1058,G
3-PA,1611,0,0,939,0,939,G
3-PA,1612,0,0,925,0,925,G
3-PA,1613,902,0,0,0,902,A
3-PA,1614,0,0,895,0,895,G
3-PA,1615,874,0,1,0,875,A
3-PA,1616,866,0,0,0,866,A
3-PA,1617,863,0,0,0,863,A
3-PA,1618,0,858,0,0,858,T
3-PA,1619,843,0,0,0,843,A
3-PA,1620,5,0,0,839,844,C
3-PA,1621,0,379,0,0,379,T
3-PA,1622,0,0,379,0,379,G
3-PA,1623,0,213,0,1,214,T
3-PA,1624,0,0,210,0,210,G
3-PA,1625,0,179,2,1,182,T
3-PA,1626,0,0,0,100,100,C
3-PA,1627,1,0,0,90,91,C
3-PA,1628,0,79,0,0,79,T
3-PA,1629,0,78,0,0,78,T
3-PA,1630,0,0,78,0,78,G
3-PA,1631,80,0,0,0,80,A
3-PA,1632,0,0,78,0,78,G
3-PA,1633,76,0,0,0,76,A
3-PA,1634,0,76,0,0,76,T
3-PA,1635,76,0,0,0,76,A
3-PA,1636,0,0,77,0,77,G
3-PA,1637,0,0,78,0,78,G
3-PA,1638,78,0,0,0,78,A
3-PA,1639,0,0,78,0,78,G
3-PA,1640,78,0,0,0,78,A
3-PA,1641,0,78,0,0,78,T
3-PA,1642,79,0,0,0,79,A
3-PA,1643,0,79,0,0,79,T
3-PA,1644,0,0,79,0,79,G
3-PA,1645,0,77,0,0,77,T
3-PA,1646,0,76,0,0,76,T
3-PA,1647,77,0,0,0,77,A
3-PA,1648,0,0,0,78,78,C
3-PA,1649,0,78,0,0,78,T
3-PA,1650,79,0,0,0,79,A
3-PA,1651,78,0,0,0,78,A
3-PA,1652,0,0,80,0,80,G
3-PA,1653,79,0,1,0,80,A
3-PA,1654,79,0,1,0,80,A
3-PA,1655,0,0,78,0,78,G
3-PA,1656,0,80,0,0,80,T
3-PA,1657,0,0,81,0,81,G
3-PA,1658,0,0,0,81,81,C
3-PA,1659,0,0,0,81,81,C
3-PA,1660,81,0,0,0,81,A
3-PA,1661,0,81,0,0,81,T
3-PA,1662,81,0,0,0,81,A
3-PA,1663,0,0,83,0,83,G
3-PA,1664,0,0,81,0,81,G
3-PA,1665,0,0,0,82,82,C
3-PA,1666,0,0,0,82,82,C
3-PA,1667,82,0,0,0,82,A
3-PA,1668,82,0,0,0,82,A
3-PA,1669,81,0,0,0,81,A
3-PA,1670,0,83,0,0,83,T
3-PA,1671,0,82,0,0,82,T
3-PA,1672,0,81,0,0,81,T
3-PA,1673,0,0,0,79,79,C
3-PA,1674,69,0,1,0,70,A
3-PA,1675,74,0,0,0,74,A
3-PA,1676,0,0,77,0,77,G
3-PA,1677,0,0,76,0,76,G
3-PA,1678,0,0,0,76,76,C
3-PA,1679,0,0,0,75,75,C
3-PA,1680,76,0,0,0,76,A
3-PA,1681,91,0,0,0,91,A
3-PA,1682,0,92,0,0,92,T
3-PA,1683,0,0,92,0,92,G
3-PA,1684,0,93,0,0,93,T
3-PA,1685,0,93,0,0,93,T
3-PA,1686,0,0,0,93,93,C
3-PA,1687,0,90,0,0,90,T
3-PA,1688,0,91,0,0,91,T
3-PA,1689,89,0,0,0,89,A
3-PA,1690,0,92,0,0,92,T
3-PA,1691,92,0,0,0,92,A
3-PA,1692,0,92,0,0,92,T
3-PA,1693,0,0,92,0,92,G
3-PA,1694,0,90,0,0,90,T
3-PA,1695,0,0,88,0,88,G
3-PA,1696,88,0,0,0,88,A
3-PA,1697,0,0,87,0,87,G
3-PA,1698,0,1,87,0,88,G
3-PA,1699,87,0,1,0,88,A
3-PA,1700,0,0,0,87,87,C
3-PA,1701,89,0,0,0,89,A
3-PA,1702,89,0,0,0,89,A
3-PA,1703,88,0,0,0,88,A
3-PA,1704,0,0,0,88,88,C
3-PA,1705,0,0,88,0,88,G
3-PA,1706,0,0,88,0,88,G
3-PA,1707,87,0,0,0,87,A
3-PA,1708,87,0,0,0,87,A
3-PA,1709,0,0,0,87,87,C
3-PA,1710,88,0,0,0,88,A
3-PA,1711,0,88,0,0,88,T
3-PA,1712,0,0,0,87,87,C
3-PA,1713,88,0,0,0,88,A
3-PA,1714,88,0,0,0,88,A
3-PA,1715,88,0,0,0,88,A
3-PA,1716,0,0,88,0,88,G
3-PA,1717,0,0,88,0,88,G
3-PA,1718,0,88,0,0,88,T
3-PA,1719,0,0,0,88,88,C
3-PA,1720,88,0,0,0,88,A
3-PA,1721,87,0,0,0,87,A
3-PA,1722,88,0,0,0,88,A
3-PA,1723,89,0,0,0,89,A
3-PA,1724,0,88,0,0,88,T
3-PA,1725,0,0,88,0,88,G
3-PA,1726,88,0,0,0,88,A
3-PA,1727,87,0,0,0,87,A
3-PA,1728,87,0,0,0,87,A
3-PA,1729,0,86,0,0,86,T
3-PA,1730,0,0,88,0,88,G
3-PA,1731,0,0,88,0,88,G
3-PA,1732,0,0,87,0,87,G
3-PA,1733,0,0,89,0,89,G
3-PA,1734,89,0,0,0,89,A
3-PA,1735,88,0,0,0,88,A
3-PA,1736,0,89,0,0,89,T
3-PA,1737,0,0,89,0,89,G
3-PA,1738,0,0,89,0,89,G
3-PA,1739,87,0,0,0,87,A
3-PA,1740,0,0,88,0,88,G
3-PA,1741,87,0,0,0,87,A
3-PA,1742,0,87,0,0,87,T
3-PA,1743,0,0,87,0,87,G
3-PA,1744,86,0,0,0,86,A
3-PA,1745,0,0,87,0,87,G
3-PA,1746,87,0,1,0,88,A
3-PA,1747,0,1,0,86,87,C
3-PA,1748,0,0,89,0,89,G
3-PA,1749,0,88,0,0,88,T
3-PA,1750,0,88,0,0,88,T
3-PA,1751,0,1,86,0,87,G
3-PA,1752,0,0,0,88,88,C
3-PA,1753,0,0,0,87,87,C
3-PA,1754,0,89,0,0,89,T
3-PA,1755,0,0,0,93,93,C
3-PA,1756,0,0,0,91,91,C
3-PA,1757,0,90,0,0,90,T
3-PA,1758,0,93,0,0,93,T
3-PA,1759,0,0,0,93,93,C
3-PA,1760,93,0,0,0,93,A
3-PA,1761,0,0,93,0,93,G
3-PA,1762,0,92,0,0,92,T
3-PA,1763,0,0,0,91,91,C
3-PA,1764,91,0,0,0,91,A
3-PA,1765,0,0,0,94,94,C
3-PA,1766,0,95,0,0,95,T
3-PA,1767,0,0,0,95,95,C
3-PA,1768,0,0,0,96,96,C
3-PA,1769,95,0,1,0,96,A
3-PA,1770,0,0,95,0,95,G
3-PA,1771,0,0,0,96,96,C
3-PA,1772,94,0,0,0,94,A
3-PA,1773,0,0,96,0,96,G
3-PA,1774,93,0,0,0,93,A
3-PA,1775,0,93,0,0,93,T
3-PA,1776,0,0,0,91,91,C
3-PA,1777,3,0,89,0,92,G
3-PA,1778,92,0,0,0,92,A
3-PA,1779,0,0,92,0,92,G
3-PA,1780,91,0,0,0,91,A
3-PA,1781,0,0,93,0,93,G
3-PA,1782,0,0,0,92,92,C
3-PA,1783,92,0,0,0,92,A
3-PA,1784,0,92,0,0,92,T
3-PA,1785,0,0,93,0,93,G
3-PA,1786,93,0,0,0,93,A
3-PA,1787,0,93,0,0,93,T
3-PA,1788,0,91,0,0,91,T
3-PA,1789,0,0,92,0,92,G
3-PA,1790,90,0,0,0,90,A
3-PA,1791,92,0,0,0,92,A
3-PA,1792,0,0,93,0,93,G
3-PA,1793,0,0,0,93,93,C
3-PA,1794,0,0,0,92,92,C
3-PA,1795,0,0,92,0,92,G
3-PA,1796,92,0,0,0,92,A
3-PA,1797,0,0,92,0,92,G
3-PA,1798,0,92,0,0,92,T
3-PA,1799,0,0,0,91,91,C
3-PA,1800,0,0,0,92,92,C
3-PA,1801,0,92,0,0,92,T
3-PA,1802,0,0,0,93,93,C
3-PA,1803,0,0,92,0,92,G
3-PA,1804,0,0,94,0,94,G
3-PA,1805,0,93,0,0,93,T
3-PA,1806,0,91,0,0,91,T
3-PA,1807,91,0,0,0,91,A
3-PA,1808,91,0,0,0,91,A
3-PA,1809,91,0,0,0,91,A
3-PA,1810,0,0,91,0,91,G
3-PA,1811,88,0,0,0,88,A
3-PA,1812,0,0,88,0,88,G
3-PA,1813,85,0,0,0,85,A
3-PA,1814,85,0,0,0,85,A
3-PA,1815,83,0,0,0,83,A
3-PA,1816,0,1,84,0,85,G
3-PA,1817,85,0,0,0,85,A
3-PA,1818,0,0,0,85,85,C
3-PA,1819,83,0,0,0,83,A
3-PA,1820,0,83,0,0,83,T
3-PA,1821,0,0,83,0,83,G
3-PA,1822,83,0,0,0,83,A
3-PA,1823,0,0,0,82,82,C
3-PA,1824,0,0,0,81,81,C
3-PA,1825,82,0,0,0,82,A
3-PA,1826,81,0,0,0,81,A
3-PA,1827,82,0,0,0,82,A
3-PA,1828,0,0,82,0,82,G
3-PA,1829,79,0,0,0,79,A
3-PA,1830,0,0,80,0,80,G
3-PA,1831,0,78,0,0,78,T
3-PA,1832,0,76,0,0,76,T
3-PA,1833,0,77,0,0,77,T
3-PA,1834,0,75,0,0,75,T
3-PA,1835,0,76,0,0,76,T
3-PA,1836,0,76,0,0,76,T
3-PA,1837,0,0,76,0,76,G
3-PA,1838,73,0,0,0,73,A
3-PA,1839,0,0,74,0,74,G
3-PA,1840,75,0,0,0,75,A
3-PA,1841,74,0,0,0,74,A
3-PA,1842,0,76,0,0,76,T
3-PA,1843,76,0,0,0,76,A
3-PA,1844,78,0,1,0,79,A
3-PA,1845,79,0,0,0,79,A
3-PA,1846,0,80,0,0,80,T
3-PA,1847,0,0,0,80,80,C
3-PA,1848,78,0,0,0,78,A
3-PA,1849,0,0,78,0,78,G
3-PA,1850,78,0,0,0,78,A
3-PA,1851,78,0,0,0,78,A
3-PA,1852,0,0,79,0,79,G
3-PA,1853,0,0,0,78,78,C
3-PA,1854,78,0,0,0,78,A
3-PA,1855,0,79,0,0,79,T
3-PA,1856,0,0,77,0,77,G
3-PA,1857,0,0,79,0,79,G
3-PA,1858,0,0,0,78,78,C
3-PA,1859,0,0,0,80,80,C
3-PA,1860,1,0,0,83,84,C
3-PA,1861,85,0,0,0,85,A
3-PA,1862,0,84,0,0,84,T
3-PA,1863,0,85,0,0,85,T
3-PA,1864,0,0,85,0,85,G
3-PA,1865,0,0,85,0,85,G
3-PA,1866,0,0,83,0,83,G
3-PA,1867,0,0,84,0,84,G
3-PA,1868,78,0,0,0,78,A
3-PA,1869,0,0,79,0,79,G
3-PA,1870,0,76,0,0,76,T
3-PA,1871,0,0,0,78,78,C
3-PA,1872,0,0,0,79,79,C
3-PA,1873,0,0,0,80,80,C
3-PA,1874,0,0,0,79,79,C
3-PA,1875,0,0,0,79,79,C
3-PA,1876,79,0,0,0,79,A
3-PA,1877,82,0,0,0,82,A
3-PA,1878,0,0,82,0,82,G
3-PA,1879,0,0,79,0,79,G
3-PA,1880,0,0,79,0,79,G
3-PA,1881,73,0,0,0,73,A
3-PA,1882,0,0,75,0,75,G
3-PA,1883,0,75,0,0,75,T
3-PA,1884,1,1,72,0,74,G
3-PA,1885,0,0,75,0,75,G
3-PA,1886,75,0,0,0,75,A
3-PA,1887,76,0,0,0,76,A
3-PA,1888,0,0,76,0,76,G
3-PA,1889,75,0,0,0,75,A
3-PA,1890,75,0,0,0,75,A
3-PA,1891,0,1,75,0,76,G
3-PA,1892,0,0,76,0,76,G
3-PA,1893,0,76,0,0,76,T
3-PA,1894,0,75,0,0,75,T
3-PA,1895,0,0,0,76,76,C
3-PA,1896,0,0,0,76,76,C
3-PA,1897,75,0,0,0,75,A
3-PA,1898,0,76,0,0,76,T
3-PA,1899,0,75,0,0,75,T
3-PA,1900,0,0,75,0,75,G
3-PA,1901,1,0,73,0,74,G
3-PA,1902,0,0,74,0,74,G
3-PA,1903,74,0,0,0,74,A
3-PA,1904,74,0,0,0,74,A
3-PA,1905,75,0,0,0,75,A
3-PA,1906,0,0,77,0,77,G
3-PA,1907,0,77,0,0,77,T
3-PA,1908,0,0,0,77,77,C
3-PA,1909,0,74,0,1,75,T
3-PA,1910,0,0,75,0,75,G
3-PA,1911,0,75,0,0,75,T
3-PA,1912,75,0,0,0,75,A
3-PA,1913,0,1,75,0,76,G
3-PA,1914,0,0,76,0,76,G
3-PA,1915,74,0,0,0,74,A
3-PA,1916,0,0,0,74,74,C
3-PA,1917,0,71,0,0,71,T
3-PA,1918,0,0,0,73,73,C
3-PA,1919,0,73,0,0,73,T
3-PA,1920,73,0,0,0,73,A
3-PA,1921,0,73,0,0,73,T
3-PA,1922,0,72,0,0,72,T
3-PA,1923,0,1,72,0,73,G
3-PA,1924,1,0,72,0,73,G
3-PA,1925,0,0,0,73,73,C
3-PA,1926,0,72,0,1,73,T
3-PA,1927,69,0,0,0,69,A
3-PA,1928,68,0,0,0,68,A
3-PA,1929,0,0,69,0,69,G
3-PA,1930,0,69,0,0,69,T
3-PA,1931,0,0,0,69,69,C
3-PA,1932,66,0,0,0,66,A
3-PA,1933,0,0,72,0,72,G
3-PA,1934,0,72,0,0,72,T
3-PA,1935,70,0,2,0,72,A
3-PA,1936,0,71,0,1,72,T
3-PA,1937,0,73,0,0,73,T
3-PA,1938,1,0,0,72,73,C
3-PA,1939,73,0,0,0,73,A
3-PA,1940,73,0,0,0,73,A
3-PA,1941,0,73,0,0,73,T
3-PA,1942,67,0,0,0,67,A
3-PA,1943,0,0,67,0,67,G
3-PA,1944,0,0,0,65,65,C
3-PA,1945,0,0,0,66,66,C
3-PA,1946,0,64,0,0,64,T
3-PA,1947,0,0,65,0,65,G
3-PA,1948,0,64,0,0,64,T
3-PA,1949,64,0,0,0,64,A
3-PA,1950,0,64,0,0,64,T
3-PA,1951,0,0,61,0,61,G
3-PA,1952,0,0,0,60,60,C
3-PA,1953,57,0,0,0,57,A
3-PA,1954,0,58,0,0,58,T
3-PA,1955,0,0,0,58,58,C
3-PA,1956,59,0,0,0,59,A
3-PA,1957,0,0,0,60,60,C
3-PA,1958,0,0,0,60,60,C
3-PA,1959,60,0,0,0,60,A
3-PA,1960,0,0,0,61,61,C
3-PA,1961,60,0,0,0,60,A
3-PA,1962,60,0,0,0,60,A
3-PA,1963,0,60,0,0,60,T
3-PA,1964,0,59,0,0,59,T
3-PA,1965,0,0,59,0,59,G
3-PA,1966,0,0,58,0,58,G
3-PA,1967,57,0,0,0,57,A
3-PA,1968,56,0,1,0,57,A
3-PA,1969,0,0,57,0,57,G
3-PA,1970,0,0,56,0,56,G
3-PA,1971,57,0,0,0,57,A
3-PA,1972,0,57,0,0,57,T
3-PA,1973,0,57,0,0,57,T
3-PA,1974,0,57,0,0,57,T
3-PA,1975,0,57,0,0,57,T
3-PA,1976,0,0,0,57,57,C
3-PA,1977,57,0,0,0,57,A
3-PA,1978,0,0,57,0,57,G
3-PA,1979,0,0,0,57,57,C
3-PA,1980,0,0,57,0,57,G
3-PA,1981,0,0,57,0,57,G
3-PA,1982,57,0,0,0,57,A
3-PA,1983,0,0,57,0,57,G
3-PA,1984,0,57,0,0,57,T
3-PA,1985,0,0,0,57,57,C
3-PA,1986,57,0,0,0,57,A
3-PA,1987,57,0,0,0,57,A
3-PA,1988,0,0,57,0,57,G
3-PA,1989,57,0,0,0,57,A
3-PA,1990,56,0,0,0,56,A
3-PA,1991,56,0,0,0,56,A
3-PA,1992,54,0,1,0,55,A
3-PA,1993,0,0,0,56,56,C
3-PA,1994,0,55,0,0,55,T
3-PA,1995,0,0,55,0,55,G
3-PA,1996,0,0,0,55,55,C
3-PA,1997,0,55,0,0,55,T
3-PA,1998,1,0,0,54,55,C
3-PA,1999,0,0,0,54,54,C
3-PA,2000,0,55,0,0,55,T
3-PA,2001,0,55,0,0,55,T
3-PA,2002,0,0,55,0,55,G
3-PA,2003,0,54,0,0,54,T
3-PA,2004,0,52,0,0,52,T
3-PA,2005,0,0,52,0,52,G
3-PA,2006,0,52,0,0,52,T
3-PA,2007,0,51,0,0,51,T
3-PA,2008,0,0,0,51,51,C
3-PA,2009,49,0,0,0,49,A
3-PA,2010,0,0,49,0,49,G
3-PA,2011,0,0,49,0,49,G
3-PA,2012,0,0,0,48,48,C
3-PA,2013,0,48,0,0,48,T
3-PA,2014,0,0,0,50,50,C
3-PA,2015,0,50,0,0,50,T
3-PA,2016,0,50,0,0,50,T
3-PA,2017,50,0,0,0,50,A
3-PA,2018,0,0,50,0,50,G
3-PA,2019,0,0,50,0,50,G
3-PA,2020,0,0,50,0,50,G
3-PA,2021,50,0,0,0,50,A
3-PA,2022,0,0,0,50,50,C
3-PA,2023,44,0,0,0,44,A
3-PA,2024,44,0,0,0,44,A
3-PA,2025,0,0,0,44,44,C
3-PA,2026,0,0,0,44,44,C
3-PA,2027,0,44,0,0,44,T
3-PA,2028,0,0,0,44,44,C
3-PA,2029,0,0,44,0,44,G
3-PA,2030,44,0,0,0,44,A
3-PA,2031,44,0,0,0,44,A
3-PA,2032,0,0,0,44,44,C
3-PA,2033,1,0,0,42,43,C
3-PA,2034,0,42,0,0,42,T
3-PA,2035,0,0,43,0,43,G
3-PA,2036,0,0,43,0,43,G
3-PA,2037,0,0,43,0,43,G
3-PA,2038,43,0,0,0,43,A
3-PA,2039,0,0,0,44,44,C
3-PA,2040,0,0,0,41,41,C
3-PA,2041,0,40,0,0,40,T
3-PA,2042,0,40,0,0,40,T
3-PA,2043,0,39,0,0,39,T
3-PA,2044,0,0,40,0,40,G
3-PA,2045,40,0,0,0,40,A
3-PA,2046,0,39,0,0,39,T
3-PA,2047,0,0,0,40,40,C
3-PA,2048,0,36,0,0,36,T
3-PA,2049,0,36,0,0,36,T
3-PA,2050,0,1,33,0,34,G
3-PA,2051,0,0,35,0,35,G
3-PA,2052,0,0,35,0,35,G
3-PA,2053,0,0,35,0,35,G
3-PA,2054,0,0,35,0,35,G
3-PA,2055,0,0,35,0,35,G
3-PA,2056,0,0,0,35,35,C
3-PA,2057,0,35,0,0,35,T
3-PA,2058,35,0,0,0,35,A
3-PA,2059,0,35,0,0,35,T
3-PA,2060,35,0,0,0,35,A
3-PA,2061,0,35,0,0,35,T
3-PA,2062,0,0,32,0,32,G
3-PA,2063,31,0,0,0,31,A
3-PA,2064,30,0,0,0,30,A
3-PA,2065,0,0,29,0,29,G
3-PA,2066,0,0,0,30,30,C
3-PA,2067,29,0,0,0,29,A
3-PA,2068,31,0,0,0,31,A
3-PA,2069,0,31,0,0,31,T
3-PA,2070,0,31,0,0,31,T
3-PA,2071,0,0,31,0,31,G
3-PA,2072,31,0,0,0,31,A
3-PA,2073,0,0,31,0,31,G
3-PA,2074,0,0,31,0,31,G
3-PA,2075,29,0,0,0,29,A
3-PA,2076,0,0,29,0,29,G
3-PA,2077,0,27,0,0,27,T
3-PA,2078,0,0,27,0,27,G
3-PA,2079,0,0,0,27,27,C
3-PA,2080,0,0,0,26,26,C
3-PA,2081,0,27,0,0,27,T
3-PA,2082,0,0,27,0,27,G
3-PA,2083,27,0,0,0,27,A
3-PA,2084,0,26,0,0,26,T
3-PA,2085,0,27,0,0,27,T
3-PA,2086,27,0,0,0,27,A
3-PA,2087,27,0,0,0,27,A
3-PA,2088,0,27,0,0,27,T
3-PA,2089,0,0,26,0,26,G
3-PA,2090,26,0,0,0,26,A
3-PA,2091,0,25,0,0,25,T
3-PA,2092,0,0,0,25,25,C
3-PA,2093,0,0,0,25,25,C
3-PA,2094,0,0,0,25,25,C
3-PA,2095,0,23,1,0,24,T
3-PA,2096,0,0,24,0,24,G
3-PA,2097,0,0,24,0,24,G
3-PA,2098,0,0,25,0,25,G
3-PA,2099,0,24,0,0,24,T
3-PA,2100,0,22,0,0,22,T
3-PA,2101,0,22,0,0,22,T
3-PA,2102,0,22,0,0,22,T
3-PA,2103,0,0,22,0,22,G
3-PA,2104,0,0,0,22,22,C
3-PA,2105,0,21,0,0,21,T
3-PA,2106,0,0,0,22,22,C
3-PA,2107,20,0,0,0,20,A
3-PA,2108,20,0,0,0,20,A
3-PA,2109,0,20,0,0,20,T
3-PA,2110,0,0,20,0,20,G
3-PA,2111,0,0,0,20,20,C
3-PA,2112,0,0,20,0,20,G
3-PA,2113,0,20,0,0,20,T
3-PA,2114,0,0,0,20,20,C
3-PA,2115,0,20,0,0,20,T
3-PA,2116,0,20,0,0,20,T
3-PA,2117,0,0,20,0,20,G
3-PA,2118,0,0,20,0,20,G
3-PA,2119,0,20,0,0,20,T
3-PA,2120,0,20,0,0,20,T
3-PA,2121,0,0,0,20,20,C
3-PA,2122,19,0,0,0,19,A
3-PA,2123,19,0,0,0,19,A
3-PA,2124,0,0,0,19,19,C
3-PA,2125,0,19,0,0,19,T
3-PA,2126,0,0,0,19,19,C
3-PA,2127,0,0,0,17,17,C
3-PA,2128,0,18,0,0,18,T
3-PA,2129,0,18,0,0,18,T
3-PA,2130,0,0,0,18,18,C
3-PA,2131,0,0,0,16,16,C
3-PA,2132,0,16,0,0,16,T
3-PA,2133,0,0,16,0,16,G
3-PA,2134,16,0,0,0,16,A
3-PA,2135,0,0,0,15,15,C
3-PA,2136,15,0,0,0,15,A
3-PA,2137,0,0,0,13,13,C
3-PA,2138,13,0,0,0,13,A
3-PA,2139,0,12,0,0,12,T
3-PA,2140,0,0,13,0,13,G
3-PA,2141,0,0,0,13,13,C
3-PA,2142,13,0,0,0,13,A
3-PA,2143,0,13,0,0,13,T
3-PA,2144,0,13,0,0,13,T
3-PA,2145,13,0,0,0,13,A
3-PA,2146,13,0,0,0,13,A
3-PA,2147,13,0,0,0,13,A
3-PA,2148,12,0,0,0,12,A
3-PA,2149,0,12,0,0,12,T
3-PA,2150,8,0,0,0,8,A
3-PA,2151,0,0,8,0,8,G
4-HA,1,173,0,0,0,173,A
4-HA,2,0,173,0,0,173,T
4-HA,3,0,0,176,0,176,G
4-HA,4,176,0,0,0,176,A
4-HA,5,177,0,1,0,178,A
4-HA,6,0,0,198,0,198,G
4-HA,7,197,0,0,0,197,A
4-HA,8,0,0,0,214,214,C
4-HA,9,0,214,0,0,214,T
4-HA,10,221,0,0,0,221,A
4-HA,11,0,229,1,0,230,T
4-HA,12,0,0,0,233,233,C
4-HA,13,232,0,0,0,232,A
4-HA,14,0,233,0,0,233,T
4-HA,15,0,233,0,0,233,T
4-HA,16,0,0,255,0,255,G
4-HA,17,0,0,0,255,255,C
4-HA,18,0,253,0,1,254,T
4-HA,19,0,255,0,0,255,T
4-HA,20,0,255,0,0,255,T
4-HA,21,0,0,271,0,271,G
4-HA,22,272,0,2,0,274,A
4-HA,23,0,0,288,0,288,G
4-HA,24,0,0,0,288,288,C
4-HA,25,0,288,0,0,288,T
4-HA,26,310,0,0,0,310,A
4-HA,27,0,0,0,314,314,C
4-HA,28,324,0,0,0,324,A
4-HA,29,0,346,0,0,346,T
4-HA,30,0,343,0,1,344,T
4-HA,31,0,0,0,349,349,C
4-HA,32,1,347,0,0,348,T
4-HA,33,351,0,1,0,352,A
4-HA,34,0,352,0,0,352,T
4-HA,35,0,0,356,0,356,G
4-HA,36,0,356,0,0,356,T
4-HA,37,1,0,0,354,355,C
4-HA,38,0,354,0,0,354,T
4-HA,39,1,0,354,0,355,G
4-HA,40,0,0,356,0,356,G
4-HA,41,0,356,0,0,356,T
4-HA,42,0,355,0,0,355,T
4-HA,43,0,356,0,0,356,T
4-HA,44,1,355,0,0,356,T
4-HA,45,0,0,0,356,356,C
4-HA,46,2,0,353,0,355,G
4-HA,47,0,0,0,363,363,C
4-HA,48,0,363,0,1,364,T
4-HA,49,0,0,1,366,367,C
4-HA,50,367,0,0,0,367,A
4-HA,51,367,0,0,0,367,A
4-HA,52,367,0,0,0,367,A
4-HA,53,366,0,0,0,366,A
4-HA,54,365,0,0,0,365,A
4-HA,55,0,0,0,368,368,C
4-HA,56,0,364,0,0,364,T
4-HA,57,0,368,0,0,368,T
4-HA,58,0,0,0,366,366,C
4-HA,59,0,0,0,368,368,C
4-HA,60,0,368,0,0,368,T
4-HA,61,0,0,372,0,372,G
4-HA,62,0,0,372,0,372,G
4-HA,63,374,0,0,0,374,A
4-HA,64,378,0,0,0,378,A
4-HA,65,379,0,2,0,381,A
4-HA,66,0,387,0,0,387,T
4-HA,67,0,0,389,0,389,G
4-HA,68,390,0,0,0,390,A
4-HA,69,0,0,0,397,397,C
4-HA,70,396,0,0,0,396,A
4-HA,71,395,0,0,0,395,A
4-HA,72,0,0,0,402,402,C
4-HA,73,401,0,1,0,402,A
4-HA,74,0,0,399,1,400,G
4-HA,75,0,0,0,401,401,C
4-HA,76,402,0,0,0,402,A
4-HA,77,0,0,0,410,410,C
4-HA,78,0,1,410,0,411,G
4-HA,79,0,0,416,0,416,G
4-HA,80,0,0,0,417,417,C
4-HA,81,416,0,0,0,416,A
4-HA,82,417,0,1,0,418,A
4-HA,83,0,0,0,426,426,C
4-HA,84,0,0,435,0,435,G
4-HA,85,0,0,0,437,437,C
4-HA,86,0,430,0,2,432,T
4-HA,87,0,0,435,0,435,G
4-HA,88,0,436,0,1,437,T
4-HA,89,0,0,445,0,445,G
4-HA,90,0,0,0,449,449,C
4-HA,91,2,0,0,452,454,C
4-HA,92,0,454,0,0,454,T
4-HA,93,0,449,0,0,449,T
4-HA,94,0,1,449,0,450,G
4-HA,95,0,0,450,0,450,G
4-HA,96,0,445,1,1,447,T
4-HA,97,1,0,0,461,462,C
4-HA,98,467,0,0,0,467,A
4-HA,99,0,0,0,476,476,C
4-HA,100,0,0,1,474,475,C
4-HA,101,501,1,0,1,503,A
4-HA,102,0,503,0,1,504,T
4-HA,103,0,1,503,0,504,G
4-HA,104,0,0,0,505,505,C
4-HA,105,501,0,1,0,502,A
4-HA,106,0,1,538,0,539,G
4-HA,107,0,536,0,1,537,T
4-HA,108,543,0,0,0,543,A
4-HA,109,1,0,0,542,543,C
4-HA,110,1,0,0,533,534,C
4-HA,111,537,1,0,0,538,A
4-HA,112,536,1,0,0,537,A
4-HA,113,537,0,1,0,538,A
4-HA,114,0,0,0,540,540,C
4-HA,115,0,1,527,0,528,G
4-HA,116,0,1,539,0,540,G
4-HA,117,539,1,0,0,540,A
4-HA,118,541,0,0,0,541,A
4-HA,119,0,1,0,540,541,C
4-HA,120,0,2,535,0,537,G
4-HA,121,0,0,537,0,537,G
4-HA,122,0,560,0,1,561,T
4-HA,123,569,0,0,0,569,A
4-HA,124,0,0,568,0,568,G
4-HA,125,0,561,0,0,561,T
4-HA,126,1,0,564,0,565,G
4-HA,127,560,0,2,0,562,A
4-HA,128,565,0,1,0,566,A
4-HA,129,565,0,2,0,567,A
4-HA,130,566,0,1,0,567,A
4-HA,131,0,0,0,578,578,C
4-HA,132,577,0,0,0,577,A
4-HA,133,576,1,0,0,577,A
4-HA,134,0,576,0,1,577,T
4-HA,135,0,1,0,578,579,C
4-HA,136,580,0,0,0,580,A
4-HA,137,0,0,0,585,585,C
4-HA,138,1,0,584,0,585,G
4-HA,139,585,0,0,0,585,A
4-HA,140,583,0,0,0,583,A
4-HA,141,0,584,0,0,584,T
4-HA,142,0,1,584,0,585,G
4-HA,143,583,0,1,0,584,A
4-HA,144,0,0,0,582,582,C
4-HA,145,1,0,0,582,583,C
4-HA,146,589,0,0,0,589,A
4-HA,147,594,0,0,0,594,A
4-HA,148,595,0,1,0,596,A
4-HA,149,0,593,0,0,593,T
4-HA,150,0,594,0,0,594,T
4-HA,151,0,1,594,0,595,G
4-HA,152,595,0,0,0,595,A
4-HA,153,594,0,2,0,596,A
4-HA,154,0,0,601,0,601,G
4-HA,155,0,604,0,0,604,T
4-HA,156,0,611,0,0,611,T
4-HA,157,618,0,0,0,618,A
4-HA,158,0,0,0,619,619,C
4-HA,159,1,615,0,1,617,T
4-HA,160,618,0,1,0,619,A
4-HA,161,630,0,1,0,631,A
4-HA,162,2,627,0,1,630,T
4-HA,163,0,0,634,0,634,G
4-HA,164,0,0,0,650,650,C
4-HA,165,0,647,0,0,647,T
4-HA,166,648,0,0,0,648,A
4-HA,167,0,1,0,646,647,C
4-HA,168,0,644,0,0,644,T
4-HA,169,0,1,646,1,648,G
4-HA,170,644,0,1,0,645,A
4-HA,171,0,1,645,0,646,G
4-HA,172,0,0,0,648,648,C
4-HA,173,0,633,0,1,634,T
4-HA,174,0,0,644,0,644,G
4-HA,175,0,0,652,0,652,G
4-HA,176,0,654,0,0,654,T
4-HA,177,0,656,0,1,657,T
4-HA,178,1,0,1,652,654,C
4-HA,179,650,0,1,0,651,A
4-HA,180,0,1,659,0,660,G
4-HA,181,656,0,1,0,657,A
4-HA,182,0,0,678,0,678,G
4-HA,183,0,674,0,0,674,T
4-HA,184,0,673,0,1,674,T
4-HA,185,1,0,0,679,680,C
4-HA,186,1,0,0,682,683,C
4-HA,187,0,675,0,0,675,T
4-HA,188,0,0,0,678,678,C
4-HA,189,677,0,0,0,677,A
4-HA,190,680,0,0,0,680,A
4-HA,191,1,0,0,683,684,C
4-HA,192,675,0,0,0,675,A
4-HA,193,0,1,684,0,685,G
4-HA,194,0,0,686,0,686,G
4-HA,195,0,681,0,2,683,T
4-HA,196,0,2,680,0,682,G
4-HA,197,682,0,0,0,682,A
4-HA,198,682,0,1,0,683,A
4-HA,199,705,0,0,0,705,A
4-HA,200,0,696,0,1,697,T
4-HA,201,696,0,3,0,699,A
4-HA,202,1,689,0,0,690,T
4-HA,203,0,1,691,0,692,G
4-HA,204,0,0,0,696,696,C
4-HA,205,0,1,696,0,697,G
4-HA,206,695,0,0,0,695,A
4-HA,207,0,1,0,694,695,C
4-HA,208,689,0,0,0,689,A
4-HA,209,0,0,731,0,731,G
4-HA,210,0,727,0,0,727,T
4-HA,211,1,0,0,732,733,C
4-HA,212,0,0,0,729,729,C
4-HA,213,0,725,0,1,726,T
4-HA,214,1,0,0,736,737,C
4-HA,215,736,0,0,0,736,A
4-HA,216,0,735,0,1,736,T
4-HA,217,0,0,0,738,738,C
4-HA,218,701,1,1,0,703,A
4-HA,219,0,0,706,0,706,G
4-HA,220,699,0,0,0,699,A
4-HA,221,0,699,0,1,700,T
4-HA,222,2,1,0,696,699,C
4-HA,223,1,0,0,686,687,C
4-HA,224,0,688,0,0,688,T
4-HA,225,0,682,0,4,686,T
4-HA,226,1,0,686,0,687,G
4-HA,227,689,0,0,0,689,A
4-HA,228,0,688,0,0,688,T
4-HA,229,1,1,687,0,689,G
4-HA,230,0,1,688,0,689,G
4-HA,231,689,0,0,0,689,A
4-HA,232,685,0,0,1,686,A
4-HA,233,688,0,1,0,689,A
4-HA,234,688,0,0,0,688,A
4-HA,235,690,0,0,0,690,A
4-HA,236,693,0,0,0,693,A
4-HA,237,0,0,0,693,693,C
4-HA,238,0,691,0,0,691,T
4-HA,239,0,0,689,0,689,G
4-HA,240,0,0,0,691,691,C
4-HA,241,691,0,2,0,693,A
4-HA,242,0,0,0,725,725,C
4-HA,243,720,0,1,1,722,A
4-HA,244,0,0,0,833,833,C
4-HA,245,0,833,0,1,834,T
4-HA,246,848,0,0,0,848,A
4-HA,247,850,0,0,0,850,A
4-HA,248,0,851,0,0,851,T
4-HA,249,852,0,0,0,852,A
4-HA,250,0,1,851,0,852,G
4-HA,251,835,0,0,0,835,A
4-HA,252,0,824,0,0,824,T
4-HA,253,0,0,775,1,776,G
4-HA,254,0,0,0,779,779,C
4-HA,255,0,773,0,2,775,T
4-HA,256,2,1,0,831,834,C
4-HA,257,0,833,0,0,833,T
4-HA,258,856,0,1,0,857,A
4-HA,259,0,857,0,0,857,T
4-HA,260,0,860,0,0,860,T
4-HA,261,0,1,873,1,875,G
4-HA,262,0,0,871,0,871,G
4-HA,263,0,1,886,0,887,G
4-HA,264,874,0,1,0,875,A
4-HA,265,0,0,860,1,861,G
4-HA,266,842,0,1,0,843,A
4-HA,267,1,0,0,964,965,C
4-HA,268,1,0,0,989,990,C
4-HA,269,1,0,0,996,997,C
4-HA,270,1,991,0,0,992,T
4-HA,271,0,0,0,1032,1032,C
4-HA,272,1029,0,1,1,1031,A
4-HA,273,0,0,1126,0,1126,G
4-HA,274,0,1126,0,2,1128,T
4-HA,275,0,2,1133,0,1135,G
4-HA,276,0,1106,0,2,1108,T
4-HA,277,4,1,1095,0,1100,G
4-HA,278,1094,3,2,0,1099,A
4-HA,279,0,1097,0,2,1099,T
4-HA,280,2,0,1087,0,1089,G
4-HA,281,1,0,1090,0,1091,G
4-HA,282,1,0,0,1079,1080,C
4-HA,283,2,1073,0,1,1076,T
4-HA,284,0,1073,0,2,1075,T
4-HA,285,0,0,0,1081,1081,C
4-HA,286,1,1,0,1077,1079,C
4-HA,287,1081,1,0,0,1082,A
4-HA,288,1085,0,2,0,1087,A
4-HA,289,1082,0,1,0,1083,A
4-HA,290,1087,0,0,0,1087,A
4-HA,291,0,1091,0,0,1091,T
4-HA,292,1086,0,1,0,1087,A
4-HA,293,1088,1,3,0,1092,A
4-HA,294,0,0,1104,0,1104,G
4-HA,295,1112,1,1,0,1114,A
4-HA,296,1120,0,0,0,1120,A
4-HA,297,1116,0,2,0,1118,A
4-HA,298,0,1118,0,0,1118,T
4-HA,299,0,2,1117,0,1119,G
4-HA,300,1,2,1115,0,1118,G
4-HA,301,0,0,1125,0,1125,G
4-HA,302,1122,0,1,0,1123,A
4-HA,303,0,0,0,1129,1129,C
4-HA,304,2,0,0,1131,1133,C
4-HA,305,0,1157,1,2,1160,T
4-HA,306,0,1158,0,3,1161,T
4-HA,307,4,1153,0,0,1157,T
4-HA,308,1,1163,0,2,1166,T
4-HA,309,0,1166,0,0,1166,T
4-HA,310,6,0,1170,0,1176,G
4-HA,311,0,1177,0,0,1177,T
4-HA,312,1,1171,0,0,1172,T
4-HA,313,1,2,1173,0,1176,G
4-HA,314,1166,1,2,0,1169,A
4-HA,315,1175,0,1,0,1176,A
4-HA,316,0,1,0,1175,1176,C
4-HA,317,1,1,1169,0,1171,G
4-HA,318,0,0,0,1204,1204,C
4-HA,319,1200,0,2,0,1202,A
4-HA,320,1,1,1206,0,1208,G
4-HA,321,0,0,0,1214,1214,C
4-HA,322,1209,0,1,0,1210,A
4-HA,323,1212,0,1,0,1213,A
4-HA,324,1220,0,1,0,1221,A
4-HA,325,1,0,1288,0,1289,G
4-HA,326,0,0,0,1290,1290,C
4-HA,327,0,0,0,1299,1299,C
4-HA,328,0,1301,0,0,1301,T
4-HA,329,1299,0,0,0,1299,A
4-HA,330,0,0,0,1323,1323,C
4-HA,331,1319,0,1,0,1320,A
4-HA,332,1,0,1323,0,1324,G
4-HA,333,1,0,0,1322,1323,C
4-HA,334,1300,0,0,0,1300,A
4-HA,335,1313,1,0,0,1314,A
4-HA,336,0,0,0,1408,1408,C
4-HA,337,0,1404,2,1,1407,T
4-HA,338,1,0,1411,0,1412,G
4-HA,339,0,1396,1,2,1399,T
4-HA,340,0,1399,1,1,1401,T
4-HA,341,1407,0,1,0,1408,A
4-HA,342,1,5,0,1564,1570,C
4-HA,343,0,0,0,1579,1579,C
4-HA,344,1,0,0,1641,1642,C
4-HA,345,0,1607,1,0,1608,T
4-HA,346,1,1609,0,0,1610,T
4-HA,347,1616,0,0,0,1616,A
4-HA,348,0,1616,1,1,1618,T
4-HA,349,0,0,1620,0,1620,G
4-HA,350,1610,0,3,0,1613,A
4-HA,351,0,1547,0,0,1547,T
4-HA,352,1,0,1566,0,1567,G
4-HA,353,2,1551,0,2,1555,T
4-HA,354,0,0,1554,0,1554,G
4-HA,355,1,3,0,1553,1557,C
4-HA,356,0,1,0,1553,1554,C
4-HA,357,0,0,1588,0,1588,G
4-HA,358,1,1,1611,0,1613,G
4-HA,359,1611,0,0,0,1611,A
4-HA,360,1,1615,0,0,1616,T
4-HA,361,0,1592,0,2,1594,T
4-HA,362,1600,0,3,0,1603,A
4-HA,363,0,1601,0,0,1601,T
4-HA,364,0,1,1601,0,1602,G
4-HA,365,0,0,0,1602,1602,C
4-HA,366,0,0,0,1583,1583,C
4-HA,367,0,1590,0,4,1594,T
4-HA,368,7,0,0,1694,1701,C
4-HA,369,3,0,0,1708,1711,C
4-HA,370,1,0,0,1714,1715,C
4-HA,371,0,1707,2,1,1710,T
4-HA,372,0,1710,0,2,1712,T
4-HA,373,1711,0,0,0,1711,A
4-HA,374,2,0,1761,0,1763,G
4-HA,375,8,0,1765,0,1773,G
4-HA,376,2,1753,0,2,1757,T
4-HA,377,1,3,0,1718,1722,C
4-HA,378,1696,0,0,0,1696,A
4-HA,379,0,0,0,1744,1744,C
4-HA,380,0,1740,0,0,1740,T
4-HA,381,1739,1,1,0,1741,A
4-HA,382,1,1,1740,0,1742,G
4-HA,383,0,1732,0,2,1734,T
4-HA,384,0,1724,0,0,1724,T
4-HA,385,0,0,1747,0,1747,G
4-HA,386,0,0,0,1750,1750,C
4-HA,387,2,0,0,1744,1746,C
4-HA,388,0,1730,1,4,1735,T
4-HA,389,3,1,0,1738,1742,C
4-HA,390,1807,0,0,0,1807,A
4-HA,391,0,1813,0,1,1814,T
4-HA,392,0,0,0,1809,1809,C
4-HA,393,1,0,0,1815,1816,C
4-HA,394,0,2,1805,0,1807,G
4-HA,395,3,1,1813,1,1818,G
4-HA,396,0,0,1,1819,1820,C
4-HA,397,1839,0,1,0,1840,A
4-HA,398,0,0,0,1863,1863,C
4-HA,399,1837,1,2,0,1840,A
4-HA,400,0,0,0,1847,1847,C
4-HA,401,1,1842,0,4,1847,T
4-HA,402,0,1,1865,0,1866,G
4-HA,403,1,2,1883,0,1886,G
4-HA,404,1875,0,2,0,1877,A
4-HA,405,0,0,1915,0,1915,G
4-HA,406,0,1908,0,0,1908,T
4-HA,407,0,1898,0,1,1899,T
4-HA,408,0,1904,0,4,1908,T
4-HA,409,1894,0,3,0,1897,A
4-HA,410,1907,0,2,0,1909,A
4-HA,411,0,0,0,1914,1914,C
4-HA,412,1880,1,0,0,1881,A
4-HA,413,1882,0,1,0,1883,A
4-HA,414,0,1866,0,0,1866,T
4-HA,415,1,0,1861,0,1862,G
4-HA,416,1861,0,2,0,1863,A
4-HA,417,1863,0,1,0,1864,A
4-HA,418,1851,2,7,0,1860,A
4-HA,419,0,0,1874,0,1874,G
4-HA,420,1,0,0,1886,1887,C
4-HA,421,0,1879,0,3,1882,T
4-HA,422,0,1877,1,1,1879,T
4-HA,423,3,1,1,1896,1901,C
4-HA,424,1910,0,2,0,1912,A
4-HA,425,1916,0,0,0,1916,A
4-HA,426,1,1914,1,0,1916,T
4-HA,427,0,1914,0,0,1914,T
4-HA,428,1,2,1940,0,1943,G
4-HA,429,0,2,1956,0,1958,G
4-HA,430,1955,1,2,0,1958,A
4-HA,431,0,0,0,1964,1964,C
4-HA,432,1,1946,0,2,1949,T
4-HA,433,1,0,1947,0,1948,G
4-HA,434,0,4,1957,0,1961,G
4-HA,435,1954,2,1,0,1957,A
4-HA,436,0,0,1960,0,1960,G
4-HA,437,0,1935,0,4,1939,T
4-HA,438,6,0,0,1921,1927,C
4-HA,439,1942,0,2,1,1945,A
4-HA,440,1,1,0,1957,1959,C
4-HA,441,1,1953,0,1,1955,T
4-HA,442,4,0,0,1950,1954,C
4-HA,443,1941,0,0,0,1941,A
4-HA,444,1957,0,1,0,1958,A
4-HA,445,1950,0,2,0,1952,A
4-HA,446,1953,0,1,0,1954,A
4-HA,447,0,0,0,1958,1958,C
4-HA,448,1,2,1941,0,1944,G
4-HA,449,0,6,1968,0,1974,G
4-HA,450,1966,0,2,0,1968,A
4-HA,451,1971,0,1,0,1972,A
4-HA,452,0,1,0,1968,1969,C
4-HA,453,1962,0,1,0,1963,A
4-HA,454,1971,1,0,0,1972,A
4-HA,455,2,1,1983,0,1986,G
4-HA,456,1,0,0,1982,1983,C
4-HA,457,1,1961,0,6,1968,T
4-HA,458,1,0,0,1993,1994,C
4-HA,459,0,1982,0,1,1983,T
4-HA,460,2,1,1990,0,1993,G
4-HA,461,0,3,0,1994,1997,C
4-HA,462,0,1993,0,3,1996,T
4-HA,463,0,2049,0,0,2049,T
4-HA,464,0,0,2081,0,2081,G
4-HA,465,0,0,0,2095,2095,C
4-HA,466,2097,0,0,0,2097,A
4-HA,467,1,2079,0,0,2080,T
4-HA,468,2076,0,0,1,2077,A
4-HA,469,2059,1,5,0,2065,A
4-HA,470,0,2,2066,0,2068,G
4-HA,471,0,4,2057,0,2061,G
4-HA,472,2003,1,4,0,2008,A
4-HA,473,0,2,2000,0,2002,G
4-HA,474,1980,2,2,0,1984,A
4-HA,475,0,2038,0,1,2039,T
4-HA,476,1,0,0,2056,2057,C
4-HA,477,1,2058,0,0,2059,T
4-HA,478,2060,0,0,0,2060,A
4-HA,479,2053,0,0,0,2053,A
4-HA,480,2039,0,0,0,2039,A
4-HA,481,2041,1,1,0,2043,A
4-HA,482,2039,0,0,1,2040,A
4-HA,483,0,1,0,2053,2054,C
4-HA,484,2001,0,2,0,2003,A
4-HA,485,2,0,2004,0,2006,G
4-HA,486,0,1999,0,2,2001,T
4-HA,487,0,2021,0,0,2021,T
4-HA,488,2,2009,1,5,2017,T
4-HA,489,4,2,0,2053,2059,C
4-HA,490,0,2063,0,0,2063,T
4-HA,491,0,2066,1,1,2068,T
4-HA,492,0,2072,0,1,2073,T
4-HA,493,2067,0,0,0,2067,A
4-HA,494,0,1,2064,0,2065,G
4-HA,495,0,2056,0,0,2056,T
4-HA,496,2050,0,3,0,2053,A
4-HA,497,0,0,2061,0,2061,G
4-HA,498,2028,0,0,0,2028,A
4-HA,499,1,2037,0,1,2039,T
4-HA,500,0,2027,0,0,2027,T
4-HA,501,0,6,2063,0,2069,G
4-HA,502,2059,1,1,1,2062,A
4-HA,503,2065,0,0,0,2065,A
4-HA,504,0,2062,0,1,2063,T
4-HA,505,0,2042,0,0,2042,T
4-HA,506,1,1,2051,0,2053,G
4-HA,507,1,1,2050,0,2052,G
4-HA,508,1,2064,0,1,2066,T
4-HA,509,0,2059,0,2,2061,T
4-HA,510,0,4,2037,1,2042,G
4-HA,511,2047,1,1,0,2049,A
4-HA,512,0,1,0,2041,2042,C
4-HA,513,3,0,0,2036,2039,C
4-HA,514,3,3,0,2058,2064,C
4-HA,515,2068,1,1,0,2070,A
4-HA,516,0,0,0,2080,2080,C
4-HA,517,0,2083,1,0,2084,T
4-HA,518,0,2083,0,1,2084,T
4-HA,519,2082,0,1,0,2083,A
4-HA,520,2069,0,0,0,2069,A
4-HA,521,2066,0,3,0,2069,A
4-HA,522,0,0,0,2019,2019,C
4-HA,523,0,2066,0,1,2067,T
4-HA,524,1,2077,0,2,2080,T
4-HA,525,2,0,0,2093,2095,C
4-HA,526,2097,0,0,0,2097,A
4-HA,527,2096,0,0,1,2097,A
4-HA,528,2105,0,0,0,2105,A
4-HA,529,1,2101,0,2,2104,T
4-HA,530,2129,0,0,0,2129,A
4-HA,531,0,0,0,2126,2126,C
4-HA,532,2,0,0,2070,2072,C
4-HA,533,3,2,0,2074,2079,C
4-HA,534,2060,1,2,1,2064,A
4-HA,535,2,0,2154,0,2156,G
4-HA,536,2,1,0,2155,2158,C
4-HA,537,2154,0,0,0,2154,A
4-HA,538,0,2143,0,2,2145,T
4-HA,539,0,2127,0,3,2130,T
4-HA,540,0,5,2164,0,2169,G
4-HA,541,2172,0,1,0,2173,A
4-HA,542,2176,0,0,1,2177,A
4-HA,543,0,2,1,2175,2178,C
4-HA,544,1,0,2125,0,2126,G
4-HA,545,1,2132,0,0,2133,T
4-HA,546,0,3,2138,0,2141,G
4-HA,547,2136,0,5,0,2141,A
4-HA,548,0,0,0,2137,2137,C
4-HA,549,0,2071,1,0,2072,T
4-HA,550,2121,1,0,0,2122,A
4-HA,551,1,2120,0,0,2121,T
4-HA,552,0,1,2133,2,2136,G
4-HA,553,1,1,0,2125,2127,C
4-HA,554,2,2,0,2098,2102,C
4-HA,555,2099,0,1,1,2101,A
4-HA,556,2101,2,0,0,2103,A
4-HA,557,2123,0,8,0,2131,A
4-HA,558,1,1,0,2128,2130,C
4-HA,559,2084,0,1,0,2085,A
4-HA,560,2085,1,2,0,2088,A
4-HA,561,1,2065,0,0,2066,T
4-HA,562,0,3,2067,0,2070,G
4-HA,563,2064,1,5,0,2070,A
4-HA,564,2060,0,4,0,2064,A
4-HA,565,0,3,0,2021,2024,C
4-HA,566,2035,1,0,0,2036,A
4-HA,567,2049,0,1,0,2050,A
4-HA,568,2,2046,0,2,2050,T
4-HA,569,1,2051,0,0,2052,T
4-HA,570,0,2057,0,0,2057,T
4-HA,571,1,4,2058,0,2063,G
4-HA,572,2066,0,2,0,2068,A
4-HA,573,0,0,0,2066,2066,C
4-HA,574,2077,0,1,0,2078,A
4-HA,575,2082,0,1,0,2083,A
4-HA,576,2093,0,1,0,2094,A
4-HA,577,0,2103,0,0,2103,T
4-HA,578,0,2090,0,0,2090,T
4-HA,579,1,0,2108,0,2109,G
4-HA,580,0,2100,0,3,2103,T
4-HA,581,2109,0,3,0,2112,A
4-HA,582,0,0,0,2147,2147,C
4-HA,583,2143,0,0,0,2143,A
4-HA,584,0,2169,0,1,2170,T
4-HA,585,1,2131,0,1,2133,T
4-HA,586,0,2129,0,0,2129,T
4-HA,587,1,4,2108,0,2113,G
4-HA,588,0,7,2103,0,2110,G
4-HA,589,0,3,2113,0,2116,G
4-HA,590,0,1,2108,0,2109,G
4-HA,591,4,2,2083,0,2089,G
4-HA,592,2,1,2118,0,2121,G
4-HA,593,1,2095,0,2,2098,T
4-HA,594,0,2105,0,4,2109,T
4-HA,595,3,0,0,2099,2102,C
4-HA,596,2110,0,1,1,2112,A
4-HA,597,0,0,0,2123,2123,C
4-HA,598,4,0,0,2119,2123,C
4-HA,599,2129,0,1,0,2130,A
4-HA,600,0,0,0,2143,2143,C
4-HA,601,2,2,0,2103,2107,C
4-HA,602,3,0,0,2103,2106,C
4-HA,603,3,2,2098,1,2104,G
4-HA,604,3,1,2153,0,2157,G
4-HA,605,0,1,2155,0,2156,G
4-HA,606,0,2140,1,1,2142,T
4-HA,607,2144,0,0,0,2144,A
4-HA,608,1,2,0,2132,2135,C
4-HA,609,2,1,2101,0,2104,G
4-HA,610,1,2,2119,0,2122,G
4-HA,611,2122,2,2,0,2126,A
4-HA,612,0,1,0,2127,2128,C
4-HA,613,2071,1,0,0,2072,A
4-HA,614,2070,0,0,0,2070,A
4-HA,615,2056,0,3,1,2060,A
4-HA,616,1,3,2099,0,2103,G
4-HA,617,2099,0,2,0,2101,A
4-HA,618,2,2,0,2093,2097,C
4-HA,619,2,0,0,2067,2069,C
4-HA,620,2068,1,1,0,2070,A
4-HA,621,2063,0,1,1,2065,A
4-HA,622,2081,2,0,0,2083,A
4-HA,623,0,2075,0,1,2076,T
4-HA,624,1,0,0,2101,2102,C
4-HA,625,1,1979,0,5,1985,T
4-HA,626,0,1980,0,0,1980,T
4-HA,627,0,1,0,2003,2004,C
4-HA,628,2,0,0,2013,2015,C
4-HA,629,1,2004,0,4,2009,T
4-HA,630,0,0,2019,0,2019,G
4-HA,631,1,1990,0,2,1993,T
4-HA,632,2007,0,2,0,2009,A
4-HA,633,0,1994,0,1,1995,T
4-HA,634,1,3,1992,0,1996,G
4-HA,635,0,1,0,2002,2003,C
4-HA,636,1,1989,0,5,1995,T
4-HA,637,2,1,0,1994,1997,C
4-HA,638,1992,1,4,0,1997,A
4-HA,639,1990,0,6,0,1996,A
4-HA,640,0,0,2002,0,2002,G
4-HA,641,2,2,0,2003,2007,C
4-HA,642,2013,0,1,1,2015,A
4-HA,643,0,1996,0,3,1999,T
4-HA,644,5,1,0,1990,1996,C
4-HA,645,1989,1,3,0,1993,A
4-HA,646,3,1,2001,0,2005,G
4-HA,647,1,3,2002,2,2008,G
4-HA,648,2003,0,0,0,2003,A
4-HA,649,1983,0,6,0,1989,A
4-HA,650,1,1,2010,0,2012,G
4-HA,651,2011,0,2,0,2013,A
4-HA,652,2028,1,2,0,2031,A
4-HA,653,0,2040,0,3,2043,T
4-HA,654,0,1,0,2045,2046,C
4-HA,655,2027,0,1,0,2028,A
4-HA,656,0,0,0,2028,2028,C
4-HA,657,2020,0,1,0,2021,A
4-HA,658,0,0,2071,0,2071,G
4-HA,659,0,2040,0,2,2042,T
4-HA,660,1,0,0,2042,2043,C
4-HA,661,0,1993,0,3,1996,T
4-HA,662,0,0,0,2058,2058,C
4-HA,663,3,2052,0,2,2057,T
4-HA,664,2072,0,0,0,2072,A
4-HA,665,0,0,0,2067,2067,C
4-HA,666,4,1,0,2064,2069,C
4-HA,667,2016,1,1,0,2018,A
4-HA,668,2024,0,1,0,2025,A
4-HA,669,2012,0,0,0,2012,A
4-HA,670,2001,0,12,0,2013,A
4-HA,671,1,2,2005,1,2009,G
4-HA,672,1968,0,2,0,1970,A
4-HA,673,1955,0,3,0,1958,A
4-HA,674,1,0,1962,0,1963,G
4-HA,675,1,1,0,1954,1956,C
4-HA,676,0,0,0,1963,1963,C
4-HA,677,1970,0,1,1,1972,A
4-HA,678,1967,4,2,0,1973,A
4-HA,679,1,1,0,1970,1972,C
4-HA,680,1972,0,1,0,1973,A
4-HA,681,1969,2,2,4,1977,A
4-HA,682,1972,0,2,0,1974,A
4-HA,683,1,0,0,2008,2009,C
4-HA,684,0,1990,0,1,1991,T
4-HA,685,1,0,1999,0,2000,G
4-HA,686,0,1994,0,0,1994,T
4-HA,687,1989,0,0,0,1989,A
4-HA,688,1991,0,2,0,1993,A
4-HA,689,1,1978,0,1,1980,T
4-HA,690,3,2,0,1992,1997,C
4-HA,691,0,0,0,1999,1999,C
4-HA,692,3,2,0,1963,1968,C
4-HA,693,2,1,1968,0,1971,G
4-HA,694,1965,0,0,0,1965,A
4-HA,695,1972,1,0,1,1974,A
4-HA,696,0,1980,0,0,1980,T
4-HA,697,1968,2,0,0,1970,A
4-HA,698,0,1969,0,1,1970,T
4-HA,699,4,4,0,1947,1955,C
4-HA,700,4,0,1944,1,1949,G
4-HA,701,1,3,1999,0,2003,G
4-HA,702,1998,0,1,1,2000,A
4-HA,703,1,2008,0,2,2011,T
4-HA,704,5,0,0,2010,2015,C
4-HA,705,0,2013,0,5,2018,T
4-HA,706,2012,0,1,0,2013,A
4-HA,707,0,2,2021,0,2023,G
4-HA,708,2045,1,1,0,2047,A
4-HA,709,1,1,0,2034,2036,C
4-HA,710,0,1,0,1982,1983,C
4-HA,711,2,0,0,1980,1982,C
4-HA,712,1971,0,0,0,1971,A
4-HA,713,0,0,2125,0,2125,G
4-HA,714,2126,0,1,0,2127,A
4-HA,715,0,0,2164,0,2164,G
4-HA,716,0,2140,0,2,2142,T
4-HA,717,2132,0,1,0,2133,A
4-HA,718,2137,0,1,0,2138,A
4-HA,719,0,2,2176,0,2178,G
4-HA,720,0,1,2198,0,2199,G
4-HA,721,2174,1,0,2,2177,A
4-HA,722,1963,0,3,0,1966,A
4-HA,723,1,1959,0,0,1960,T
4-HA,724,1968,1,0,0,1969,A
4-HA,725,0,1966,0,2,1968,T
4-HA,726,1,3,0,1974,1978,C
4-HA,727,2,0,0,1981,1983,C
4-HA,728,4,0,0,1939,1943,C
4-HA,729,0,1930,0,3,1933,T
4-HA,730,1939,0,2,0,1941,A
4-HA,731,0,0,1943,0,1943,G
4-HA,732,0,2,0,1942,1944,C
4-HA,733,1887,0,2,0,1889,A
4-HA,734,1,2,1938,0,1941,G
4-HA,735,1916,0,1,0,1917,A
4-HA,736,1922,0,0,0,1922,A
4-HA,737,0,1922,0,0,1922,T
4-HA,738,1918,0,1,0,1919,A
4-HA,739,1925,0,3,0,1928,A
4-HA,740,0,0,1931,0,1931,G
4-HA,741,1,1,0,1930,1932,C
4-HA,742,1935,0,0,0,1935,A
4-HA,743,0,1874,0,4,1878,T
4-HA,744,0,0,0,2004,2004,C
4-HA,745,0,2002,0,0,2002,T
4-HA,746,2017,1,1,0,2019,A
4-HA,747,0,2020,0,0,2020,T
4-HA,748,1,2002,0,1,2004,T
4-HA,749,2,1,2012,0,2015,G
4-HA,750,2,0,1999,0,2001,G
4-HA,751,2002,0,3,0,2005,A
4-HA,752,2,0,0,2002,2004,C
4-HA,753,1872,0,0,0,1872,A
4-HA,754,1912,0,1,0,1913,A
4-HA,755,0,2015,0,0,2015,T
4-HA,756,2035,0,1,1,2037,A
4-HA,757,0,0,2065,0,2065,G
4-HA,758,0,2045,0,0,2045,T
4-HA,759,2044,0,1,0,2045,A
4-HA,760,2054,2,1,0,2057,A
4-HA,761,2088,0,0,0,2088,A
4-HA,762,2110,0,1,0,2111,A
4-HA,763,1,0,0,2134,2135,C
4-HA,764,1,0,0,2023,2024,C
4-HA,765,3,1,2016,0,2020,G
4-HA,766,0,0,2046,1,2047,G
4-HA,767,1,0,2064,0,2065,G
4-HA,768,2080,0,1,0,2081,A
4-HA,769,1,3,2099,0,2103,G
4-HA,770,2139,1,2,0,2142,A
4-HA,771,2,1,0,2148,2151,C
4-HA,772,2143,0,0,2,2145,A
4-HA,773,0,2146,0,1,2147,T
4-HA,774,2171,0,0,0,2171,A
4-HA,775,0,0,0,2207,2207,C
4-HA,776,0,2196,0,3,2199,T
4-HA,777,0,2228,0,0,2228,T
4-HA,778,0,2229,0,5,2234,T
4-HA,779,0,2228,0,0,2228,T
4-HA,780,1,7,2250,0,2258,G
4-HA,781,2263,0,1,0,2264,A
4-HA,782,1,2265,0,2,2268,T
4-HA,783,2,2348,0,4,2354,T
4-HA,784,2340,0,0,0,2340,A
4-HA,785,2353,0,0,0,2353,A
4-HA,786,1,2,1,2391,2395,C
4-HA,787,2381,0,2,1,2384,A
4-HA,788,0,0,2512,0,2512,G
4-HA,789,0,1,0,2495,2496,C
4-HA,790,2492,0,2,1,2495,A
4-HA,791,0,0,0,2525,2525,C
4-HA,792,2505,0,0,0,2505,A
4-HA,793,1,4,2544,0,2549,G
4-HA,794,3,3,2532,0,2538,G
4-HA,795,0,2,2669,1,2672,G
4-HA,796,2661,1,1,1,2664,A
4-HA,797,2703,1,6,0,2710,A
4-HA,798,1,2715,0,2,2718,T
4-HA,799,2,1,0,2718,2721,C
4-HA,800,0,2740,0,0,2740,T
4-HA,801,2757,1,1,0,2759,A
4-HA,802,2742,0,1,0,2743,A
4-HA,803,0,2735,1,2,2738,T
4-HA,804,1,2683,0,2,2686,T
4-HA,805,13,1,2713,0,2727,G
4-HA,806,0,0,0,2832,2832,C
4-HA,807,0,2945,0,2,2947,T
4-HA,808,5,0,0,3033,3038,C
4-HA,809,1,1,0,3039,3041,C
4-HA,810,0,3004,0,23,3027,T
4-HA,811,3045,0,1,0,3046,A
4-HA,812,0,3,3047,0,3050,G
4-HA,813,4,8,3066,0,3078,G
4-HA,814,0,5,3090,0,3095,G
4-HA,815,1,3,3061,0,3065,G
4-HA,816,0,2987,1,4,2992,T
4-HA,817,0,2982,0,0,2982,T
4-HA,818,2988,0,2,0,2990,A
4-HA,819,0,0,0,3034,3034,C
4-HA,820,2,3021,0,5,3028,T
4-HA,821,0,3046,0,1,3047,T
4-HA,822,5,2,0,3040,3047,C
4-HA,823,3033,0,1,1,3035,A
4-HA,824,3033,0,0,0,3033,A
4-HA,825,3035,0,0,0,3035,A
4-HA,826,3054,0,4,0,3058,A
4-HA,827,0,3054,0,1,3055,T
4-HA,828,3035,1,1,0,3037,A
4-HA,829,1,0,0,3035,3036,C
4-HA,830,1,3,3028,0,3032,G
4-HA,831,3028,2,1,1,3032,A
4-HA,832,3036,0,0,0,3036,A
4-HA,833,0,1,3086,0,3087,G
4-HA,834,0,3089,0,1,3090,T
4-HA,835,3,8,3111,0,3122,G
4-HA,836,1,2,3127,0,3130,G
4-HA,837,1,1,3133,0,3135,G
4-HA,838,3129,0,7,0,3136,A
4-HA,839,3139,0,1,0,3140,A
4-HA,840,3125,0,6,0,3131,A
4-HA,841,3125,1,5,0,3131,A
4-HA,842,0,0,3190,0,3190,G
4-HA,843,1,1,0,3192,3194,C
4-HA,844,0,3162,0,2,3164,T
4-HA,845,3,0,0,3215,3218,C
4-HA,846,3228,1,1,0,3230,A
4-HA,847,3264,0,1,0,3265,A
4-HA,848,1,3262,0,0,3263,T
4-HA,849,3308,0,0,0,3308,A
4-HA,850,3305,1,1,1,3308,A
4-HA,851,1,3240,0,2,3243,T
4-HA,852,0,2,3244,0,3246,G
4-HA,853,3225,0,3,0,3228,A
4-HA,854,2,4,3337,0,3343,G
4-HA,855,3342,0,4,0,3346,A
4-HA,856,0,3315,0,3,3318,T
4-HA,857,6,2,0,3389,3397,C
4-HA,858,3376,1,2,0,3379,A
4-HA,859,0,2,3453,0,3455,G
4-HA,860,3452,0,5,0,3457,A
4-HA,861,0,3452,0,2,3454,T
4-HA,862,1,1,3445,0,3447,G
4-HA,863,0,3,0,3406,3409,C
4-HA,864,3416,0,1,0,3417,A
4-HA,865,1,0,0,3492,3493,C
4-HA,866,6,1,0,3455,3462,C
4-HA,867,3,0,0,3476,3479,C
4-HA,868,3429,0,0,0,3429,A
4-HA,869,0,3429,0,1,3430,T
4-HA,870,1,3423,0,1,3425,T
4-HA,871,0,7,3479,0,3486,G
4-HA,872,1,2,3466,0,3469,G
4-HA,873,0,2,0,3478,3480,C
4-HA,874,3432,1,2,0,3435,A
4-HA,875,3426,2,4,0,3432,A
4-HA,876,3511,0,0,1,3512,A
4-HA,877,1,3519,0,0,3520,T
4-HA,878,1,1,3517,0,3519,G
4-HA,879,1,0,0,3512,3513,C
4-HA,880,3485,0,3,0,3488,A
4-HA,881,3594,0,1,1,3596,A
4-HA,882,0,3592,0,2,3594,T
4-HA,883,0,3630,0,2,3632,T
4-HA,884,3,1,0,3631,3635,C
4-HA,885,0,3588,0,2,3590,T
4-HA,886,0,3,3628,0,3631,G
4-HA,887,3625,0,1,0,3626,A
4-HA,888,3639,1,1,0,3641,A
4-HA,889,0,3638,0,5,3643,T
4-HA,890,0,2,3608,0,3610,G
4-HA,891,1,2,0,3627,3630,C
4-HA,892,3618,1,3,0,3622,A
4-HA,893,2,3615,0,3,3620,T
4-HA,894,5,1,0,3612,3618,C
4-HA,895,3612,1,1,0,3614,A
4-HA,896,0,3,0,3777,3780,C
4-HA,897,1,3758,0,7,3766,T
4-HA,898,6,1,0,3773,3780,C
4-HA,899,3,0,0,3773,3776,C
4-HA,900,3821,0,1,0,3822,A
4-HA,901,3821,0,2,0,3823,A
4-HA,902,3811,0,4,0,3815,A
4-HA,903,0,3688,0,1,3689,T
4-HA,904,2,7,3714,0,3723,G
4-HA,905,1,2,3733,0,3736,G
4-HA,906,3740,0,1,0,3741,A
4-HA,907,3734,0,4,1,3739,A
4-HA,908,0,1,3749,0,3750,G
4-HA,909,1,2,0,3724,3727,C
4-HA,910,3720,0,0,0,3720,A
4-HA,911,1,3719,0,1,3721,T
4-HA,912,1,3710,1,6,3718,T
4-HA,913,2,2,0,3827,3831,C
4-HA,914,2,1,0,3826,3829,C
4-HA,915,4,2,0,3819,3825,C
4-HA,916,3825,0,2,0,3827,A
4-HA,917,3887,1,1,0,3889,A
4-HA,918,1,3938,1,5,3945,T
4-HA,919,1,7,3938,0,3946,G
4-HA,920,3942,1,4,0,3947,A
4-HA,921,1,0,0,3940,3941,C
4-HA,922,3861,0,1,0,3862,A
4-HA,923,3857,2,6,0,3865,A
4-HA,924,3850,0,7,0,3857,A
4-HA,925,0,4,1,3886,3891,C
4-HA,926,9,3,0,3847,3859,C
4-HA,927,3809,0,3,1,3813,A
4-HA,928,1,3814,1,2,3818,T
4-HA,929,0,3816,0,1,3817,T
4-HA,930,3,3,0,3821,3827,C
4-HA,931,5,2,0,3827,3834,C
4-HA,932,3827,0,1,1,3829,A
4-HA,933,3822,0,0,0,3822,A
4-HA,934,3807,1,4,0,3812,A
4-HA,935,3892,2,1,1,3896,A
4-HA,936,0,3881,0,0,3881,T
4-HA,937,0,1,3907,0,3908,G
4-HA,938,0,3895,0,3,3898,T
4-HA,939,3914,0,6,0,3920,A
4-HA,940,3918,0,4,0,3922,A
4-HA,941,3916,0,6,0,3922,A
4-HA,942,0,1,1,3936,3938,C
4-HA,943,3890,0,2,0,3892,A
4-HA,944,1,1,3956,0,3958,G
4-HA,945,2,4,3975,1,3982,G
4-HA,946,4050,1,4,0,4055,A
4-HA,947,0,4051,0,2,4053,T
4-HA,948,5,2,0,4072,4079,C
4-HA,949,4094,2,4,0,4100,A
4-HA,950,3,4,0,4223,4230,C
4-HA,951,4234,0,1,0,4235,A
4-HA,952,1,4364,0,3,4368,T
4-HA,953,4284,0,4,0,4288,A
4-HA,954,1,4,0,4262,4267,C
4-HA,955,1,4,4151,0,4156,G
4-HA,956,2,2,4165,0,4169,G
4-HA,957,0,0,4151,0,4151,G
4-HA,958,1,3,4155,0,4159,G
4-HA,959,1,9,0,4059,4069,C
4-HA,960,3,2,1,4064,4070,C
4-HA,961,2,3968,1,2,3973,T
4-HA,962,0,2,4385,1,4388,G
4-HA,963,0,4389,0,6,4395,T
4-HA,964,7,0,0,4409,4416,C
4-HA,965,2,1,0,4408,4411,C
4-HA,966,4,1,0,4404,4409,C
4-HA,967,4400,0,3,0,4403,A
4-HA,968,0,1,4452,0,4453,G
4-HA,969,4446,0,5,0,4451,A
4-HA,970,1,4439,0,2,4442,T
4-HA,971,4163,0,1,0,4164,A
4-HA,972,0,4099,0,3,4102,T
4-HA,973,0,1,4114,0,4115,G
4-HA,974,2,4100,0,5,4107,T
4-HA,975,1,4052,0,1,4054,T
4-HA,976,4094,0,2,0,4096,A
4-HA,977,4061,0,2,2,4065,A
4-HA,978,0,4,4104,0,4108,G
4-HA,979,2,2,0,4093,4097,C
4-HA,980,4030,0,0,0,4030,A
4-HA,981,4018,2,6,0,4026,A
4-HA,982,4008,1,4,0,4013,A
4-HA,983,4016,0,7,1,4024,A
4-HA,984,0,12,1,4016,4029,C
4-HA,985,3988,2,2,0,3992,A
4-HA,986,0,0,0,4033,4033,C
4-HA,987,1,3961,0,2,3964,T
4-HA,988,6,1,0,3996,4003,C
4-HA,989,1,3995,0,3,3999,T
4-HA,990,1,8,4029,0,4038,G
4-HA,991,4038,0,1,0,4039,A
4-HA,992,4038,0,2,0,4040,A
4-HA,993,4036,0,1,0,4037,A
4-HA,994,0,4022,1,2,4025,T
4-HA,995,0,3985,0,2,3987,T
4-HA,996,1,4,4024,0,4029,G
4-HA,997,1,2,4016,0,4019,G
4-HA,998,1,5,0,4033,4039,C
4-HA,999,4008,0,2,0,4010,A
4-HA,1000,4006,3,3,0,4012,A
4-HA,1001,0,2,0,4022,4024,C
4-HA,1002,4005,0,4,0,4009,A
4-HA,1003,11,2,4054,0,4067,G
4-HA,1004,0,0,4050,1,4051,G
4-HA,1005,0,2,4033,0,4035,G
4-HA,1006,4038,1,2,0,4041,A
4-HA,1007,0,4025,0,5,4030,T
4-HA,1008,2,0,4038,0,4040,G
4-HA,1009,0,1,0,4033,4034,C
4-HA,1010,1,4,4050,0,4055,G
4-HA,1011,4090,1,4,0,4095,A
4-HA,1012,4042,0,2,0,4044,A
4-HA,1013,4102,1,3,0,4106,A
4-HA,1014,0,4060,1,2,4063,T
4-HA,1015,1,1,4121,0,4123,G
4-HA,1016,0,4119,0,5,4124,T
4-HA,1017,4107,2,2,0,4111,A
4-HA,1018,1,1,0,4106,4108,C
4-HA,1019,1,3,0,4078,4082,C
4-HA,1020,4022,0,0,1,4023,A
4-HA,1021,1,4,4040,0,4045,G
4-HA,1022,3964,3,5,0,3972,A
4-HA,1023,0,4,4009,0,4013,G
4-HA,1024,3964,1,8,0,3973,A
4-HA,1025,3969,1,3,1,3974,A
4-HA,1026,3980,0,9,1,3990,A
4-HA,1027,1,2,0,3982,3985,C
4-HA,1028,3967,0,0,0,3967,A
4-HA,1029,4027,1,3,2,4033,A
4-HA,1030,4016,0,3,0,4019,A
4-HA,1031,0,1,0,4057,4058,C
4-HA,1032,0,4018,0,1,4019,T
4-HA,1033,4006,1,1,0,4008,A
4-HA,1034,0,2,4014,0,4016,G
4-HA,1035,3993,1,8,0,4002,A
4-HA,1036,1,4,4072,0,4077,G
4-HA,1037,0,1,4065,0,4066,G
4-HA,1038,2,0,0,3998,4000,C
4-HA,1039,4001,1,2,0,4004,A
4-HA,1040,0,4013,0,2,4015,T
4-HA,1041,4036,1,1,0,4038,A
4-HA,1042,0,4022,1,2,4025,T
4-HA,1043,0,4030,0,1,4031,T
4-HA,1044,1,4031,0,1,4033,T
4-HA,1045,1,4,3894,0,3899,G
4-HA,1046,2,1,3905,0,3908,G
4-HA,1047,3,2,0,3900,3905,C
4-HA,1048,6,1,3894,0,3901,G
4-HA,1049,0,1,1,3891,3893,C
4-HA,1050,3877,1,1,1,3880,A
4-HA,1051,3913,0,1,0,3914,A
4-HA,1052,1,3911,0,2,3914,T
4-HA,1053,4,1,0,3918,3923,C
4-HA,1054,13,2,3914,0,3929,G
4-HA,1055,0,3,0,3919,3922,C
4-HA,1056,4,4,3914,0,3922,G
4-HA,1057,0,5,3944,0,3949,G
4-HA,1058,0,0,3973,0,3973,G
4-HA,1059,1,3945,0,2,3948,T
4-HA,1060,0,3914,0,1,3915,T
4-HA,1061,0,3908,0,5,3913,T
4-HA,1062,5,1,0,3923,3929,C
4-HA,1063,3925,0,3,0,3928,A
4-HA,1064,0,3922,0,1,3923,T
4-HA,1065,3919,1,2,0,3922,A
4-HA,1066,3,1,3959,0,3963,G
4-HA,1067,3880,1,1,0,3882,A
4-HA,1068,3905,0,1,0,3906,A
4-HA,1069,3885,0,3,0,3888,A
4-HA,1070,3889,0,21,0,3910,A
4-HA,1071,0,3910,0,0,3910,T
4-HA,1072,1,2,3944,0,3947,G
4-HA,1073,2,1,3957,0,3960,G
4-HA,1074,1,3925,1,2,3929,T
4-HA,1075,1,3868,0,2,3871,T
4-HA,1076,2,5,3878,0,3885,G
4-HA,1077,1,3,3889,0,3893,G
4-HA,1078,1,3,3907,0,3911,G
4-HA,1079,3870,1,10,1,3882,A
4-HA,1080,1,4,3897,0,3902,G
4-HA,1081,1,3,3864,0,3868,G
4-HA,1082,1,1,3948,2,3952,G
4-HA,1083,3932,1,5,0,3938,A
4-HA,1084,3968,0,1,0,3969,A
4-HA,1085,0,3956,0,1,3957,T
4-HA,1086,1,3,3973,0,3977,G
4-HA,1087,0,0,4056,1,4057,G
4-HA,1088,1,4020,2,1,4024,T
4-HA,1089,1,1,4008,0,4010,G
4-HA,1090,2,4,3988,0,3994,G
4-HA,1091,3895,1,11,0,3907,A
4-HA,1092,0,3920,0,0,3920,T
4-HA,1093,3,4,3979,0,3986,G
4-HA,1094,1,1,4043,0,4045,G
4-HA,1095,0,3985,0,4,3989,T
4-HA,1096,0,3917,0,2,3919,T
4-HA,1097,1,4,3922,0,3927,G
4-HA,1098,0,1,3991,0,3992,G
4-HA,1099,0,3991,0,3,3994,T
4-HA,1100,3997,0,3,0,4000,A
4-HA,1101,1,5,0,3811,3817,C
4-HA,1102,3,3,3846,0,3852,G
4-HA,1103,0,1,3986,0,3987,G
4-HA,1104,2,3981,1,5,3989,T
4-HA,1105,0,3978,0,7,3985,T
4-HA,1106,0,3982,0,1,3983,T
4-HA,1107,4,0,1,3911,3916,C
4-HA,1108,3906,4,8,0,3918,A
4-HA,1109,0,2,3919,0,3921,G
4-HA,1110,2,3,3909,0,3914,G
4-HA,1111,13,1,0,3892,3906,C
4-HA,1112,3795,0,2,0,3797,A
4-HA,1113,0,3843,0,4,3847,T
4-HA,1114,4,0,0,3853,3857,C
4-HA,1115,3865,0,2,0,3867,A
4-HA,1116,3856,1,2,0,3859,A
4-HA,1117,3854,0,1,0,3855,A
4-HA,1118,3882,0,1,0,3883,A
4-HA,1119,0,3873,0,2,3875,T
4-HA,1120,0,3873,0,0,3873,T
4-HA,1121,2,0,0,3879,3881,C
4-HA,1122,2,3840,0,0,3842,T
4-HA,1123,1,2,3847,0,3850,G
4-HA,1124,3840,0,3,0,3843,A
4-HA,1125,2,5,3866,0,3873,G
4-HA,1126,0,3,3867,0,3870,G
4-HA,1127,2,4,3904,0,3910,G
4-HA,1128,3892,0,2,0,3894,A
4-HA,1129,3890,0,2,2,3894,A
4-HA,1130,3,4,3861,0,3868,G
4-HA,1131,3915,0,4,0,3919,A
4-HA,1132,1,1,3934,0,3936,G
4-HA,1133,1,6,3946,0,3953,G
4-HA,1134,3934,0,8,1,3943,A
4-HA,1135,1,0,0,3943,3944,C
4-HA,1136,3917,1,1,0,3919,A
4-HA,1137,3908,1,4,0,3913,A
4-HA,1138,0,0,3920,0,3920,G
4-HA,1139,0,0,0,3918,3918,C
4-HA,1140,3875,0,2,0,3877,A
4-HA,1141,1,1,3878,0,3880,G
4-HA,1142,0,1,0,3870,3871,C
4-HA,1143,3851,2,4,0,3857,A
4-HA,1144,0,2,3898,1,3901,G
4-HA,1145,3872,0,3,0,3875,A
4-HA,1146,0,3953,0,3,3956,T
4-HA,1147,4,0,0,3960,3964,C
4-HA,1148,1,3943,0,5,3949,T
4-HA,1149,5,2,0,3971,3978,C
4-HA,1150,3973,0,2,0,3975,A
4-HA,1151,3966,1,4,2,3973,A
4-HA,1152,3976,1,2,0,3979,A
4-HA,1153,3923,0,7,3,3933,A
4-HA,1154,0,3,3937,0,3940,G
4-HA,1155,2,0,1,3871,3874,C
4-HA,1156,3857,1,4,0,3862,A
4-HA,1157,2,2,0,3927,3931,C
4-HA,1158,2,3897,0,6,3905,T
4-HA,1159,3,2,1,3912,3918,C
4-HA,1160,3915,1,1,0,3917,A
4-HA,1161,3981,0,7,0,3988,A
4-HA,1162,1,0,3989,0,3990,G
4-HA,1163,1,2,0,3977,3980,C
4-HA,1164,3948,1,3,0,3952,A
4-HA,1165,2,0,3966,0,3968,G
4-HA,1166,1,2,0,3898,3901,C
4-HA,1167,3890,0,0,0,3890,A
4-HA,1168,3888,1,0,0,3889,A
4-HA,1169,1,3876,0,0,3877,T
4-HA,1170,3,3,0,3799,3805,C
4-HA,1171,0,7,3831,1,3839,G
4-HA,1172,3847,0,4,0,3851,A
4-HA,1173,0,3829,0,0,3829,T
4-HA,1174,2,1,1,3810,3814,C
4-HA,1175,3802,1,2,1,3806,A
4-HA,1176,3876,1,1,0,3878,A
4-HA,1177,3742,0,2,149,3893,A
4-HA,1178,0,3889,0,2,3891,T
4-HA,1179,5,0,0,3900,3905,C
4-HA,1180,3822,0,0,1,3823,A
4-HA,1181,3845,0,5,0,3850,A
4-HA,1182,2,3829,0,4,3835,T
4-HA,1183,1,3,3834,0,3838,G
4-HA,1184,2,2,3826,0,3830,G
4-HA,1185,0,3,3765,0,3768,G
4-HA,1186,3786,0,6,0,3792,A
4-HA,1187,3789,0,6,0,3795,A
4-HA,1188,0,0,3861,1,3862,G
4-HA,1189,1,0,0,3868,3869,C
4-HA,1190,1,3837,0,4,3842,T
4-HA,1191,2,2,3994,0,3998,G
4-HA,1192,3978,1,3,0,3982,A
4-HA,1193,3984,0,5,0,3989,A
4-HA,1194,0,3985,0,0,3985,T
4-HA,1195,3895,0,2,0,3897,A
4-HA,1196,0,1,3892,1,3894,G
4-HA,1197,3611,3,5,0,3619,A
4-HA,1198,0,3624,0,2,3626,T
4-HA,1199,0,3639,0,1,3640,T
4-HA,1200,1,6,3662,0,3669,G
4-HA,1201,3661,0,0,0,3661,A
4-HA,1202,0,3642,0,2,3644,T
4-HA,1203,4,2,0,3647,3653,C
4-HA,1204,19,8,3628,1,3656,G
4-HA,1205,1,1,3642,1,3645,G
4-HA,1206,1,4,3661,0,3666,G
4-HA,1207,3656,0,2,0,3658,A
4-HA,1208,3668,0,1,0,3669,A
4-HA,1209,3639,0,4,0,3643,A
4-HA,1210,3662,0,3,0,3665,A
4-HA,1211,0,0,0,3664,3664,C
4-HA,1212,6,0,1,3660,3667,C
4-HA,1213,3639,0,2,0,3641,A
4-HA,1214,3639,0,1,0,3640,A
4-HA,1215,0,3,1,3648,3652,C
4-HA,1216,1,2,3653,0,3656,G
4-HA,1217,3651,0,7,0,3658,A
4-HA,1218,1,5,3648,0,3654,G
4-HA,1219,3631,1,7,0,3639,A
4-HA,1220,3638,1,1,1,3641,A
4-HA,1221,3646,0,4,0,3650,A
4-HA,1222,0,3645,0,5,3650,T
4-HA,1223,2,3635,0,4,3641,T
4-HA,1224,2,1,0,3660,3663,C
4-HA,1225,4,1,0,3651,3656,C
4-HA,1226,3657,0,3,1,3661,A
4-HA,1227,1,3625,20,3,3649,T
4-HA,1228,1,1,0,3653,3655,C
4-HA,1229,3630,1,1,1,3633,A
4-HA,1230,0,2,3649,1,3652,G
4-HA,1231,3627,0,1,0,3628,A
4-HA,1232,1,3621,0,3,3625,T
4-HA,1233,0,3608,0,1,3609,T
4-HA,1234,0,2,3635,0,3637,G
4-HA,1235,3635,0,3,0,3638,A
4-HA,1236,3640,1,1,0,3642,A
4-HA,1237,3643,1,3,0,3647,A
4-HA,1238,3637,1,1,0,3639,A
4-HA,1239,3602,0,3,2,3607,A
4-HA,1240,0,6,3603,0,3609,G
4-HA,1241,3587,1,4,0,3592,A
4-HA,1242,3603,0,3,1,3607,A
4-HA,1243,0,3564,1,0,3565,T
4-HA,1244,0,3563,0,3,3566,T
4-HA,1245,4,0,1,3571,3576,C
4-HA,1246,1,3576,0,4,3581,T
4-HA,1247,5,2,0,3570,3577,C
4-HA,1248,3578,0,0,0,3578,A
4-HA,1249,0,0,3575,0,3575,G
4-HA,1250,3572,1,1,0,3574,A
4-HA,1251,3556,0,3,0,3559,A
4-HA,1252,0,0,3600,0,3600,G
4-HA,1253,0,3596,0,0,3596,T
4-HA,1254,6,1,0,3588,3595,C
4-HA,1255,1,4,3591,1,3597,G
4-HA,1256,3590,0,4,0,3594,A
4-HA,1257,3585,0,13,0,3598,A
4-HA,1258,3,9,3589,0,3601,G
4-HA,1259,1,2,3625,0,3628,G
4-HA,1260,0,4,3619,1,3624,G
4-HA,1261,3553,0,3,2,3558,A
4-HA,1262,1,2,3579,0,3582,G
4-HA,1263,3566,1,6,0,3573,A
4-HA,1264,3767,3,2,0,3772,A
4-HA,1265,0,3772,1,1,3774,T
4-HA,1266,1,3762,1,1,3765,T
4-HA,1267,4,1,0,3767,3772,C
4-HA,1268,3707,1,5,0,3713,A
4-HA,1269,2,2,3707,0,3711,G
4-HA,1270,0,6,3709,0,3715,G
4-HA,1271,3691,0,8,0,3699,A
4-HA,1272,1,3,1,3683,3688,C
4-HA,1273,4,0,0,3444,3448,C
4-HA,1274,0,3425,1,2,3428,T
4-HA,1275,1,3367,0,83,3451,T
4-HA,1276,1,4,3464,0,3469,G
4-HA,1277,3457,0,7,0,3464,A
4-HA,1278,0,2,3541,0,3543,G
4-HA,1279,3518,0,3,0,3521,A
4-HA,1280,3298,0,1,1,3300,A
4-HA,1281,3289,1,3,0,3293,A
4-HA,1282,0,3267,1,0,3268,T
4-HA,1283,3325,1,2,0,3328,A
4-HA,1284,0,3307,0,1,3308,T
4-HA,1285,0,0,3332,0,3332,G
4-HA,1286,0,3322,1,1,3324,T
4-HA,1287,0,3239,0,0,3239,T
4-HA,1288,0,0,3249,0,3249,G
4-HA,1289,3210,1,4,0,3215,A
4-HA,1290,1,3,3301,0,3305,G
4-HA,1291,0,4,3285,0,3289,G
4-HA,1292,3231,1,6,0,3238,A
4-HA,1293,0,0,0,3388,3388,C
4-HA,1294,3324,0,2,0,3326,A
4-HA,1295,1,11,0,3298,3310,C
4-HA,1296,0,3300,0,4,3304,T
4-HA,1297,3457,3,0,1,3461,A
4-HA,1298,3498,0,3,0,3501,A
4-HA,1299,3508,0,1,0,3509,A
4-HA,1300,3530,0,4,0,3534,A
4-HA,1301,1,3534,0,0,3535,T
4-HA,1302,3362,2,3,0,3367,A
4-HA,1303,0,0,3388,0,3388,G
4-HA,1304,3307,0,1,0,3308,A
4-HA,1305,1,3326,0,4,3331,T
4-HA,1306,1,0,0,3315,3316,C
4-HA,1307,1,3273,0,4,3278,T
4-HA,1308,2,0,0,3346,3348,C
4-HA,1309,1,3337,3,6,3347,T
4-HA,1310,3,3,3416,0,3422,G
4-HA,1311,1,0,3489,0,3490,G
4-HA,1312,2,3474,0,5,3481,T
4-HA,1313,17,3,0,3476,3496,C
4-HA,1314,3504,0,2,0,3506,A
4-HA,1315,1,3505,0,4,3510,T
4-HA,1316,3511,1,3,0,3515,A
4-HA,1317,0,1,0,3511,3512,C
4-HA,1318,3415,0,2,0,3417,A
4-HA,1319,3439,0,3,0,3442,A
4-HA,1320,0,3,0,3357,3360,C
4-HA,1321,0,1,3355,1,3357,G
4-HA,1322,0,2,0,3353,3355,C
4-HA,1323,2,4,3326,0,3332,G
4-HA,1324,1,3,3345,0,3349,G
4-HA,1325,3349,1,2,0,3352,A
4-HA,1326,2,1,3392,0,3395,G
4-HA,1327,0,0,0,3388,3388,C
4-HA,1328,1,3360,0,7,3368,T
4-HA,1329,0,3385,0,5,3390,T
4-HA,1330,1,1,0,3392,3394,C
4-HA,1331,1,3410,0,1,3412,T
4-HA,1332,0,3414,0,0,3414,T
4-HA,1333,0,0,3409,0,3409,G
4-HA,1334,0,3394,0,4,3398,T
4-HA,1335,0,3342,0,1,3343,T
4-HA,1336,2,0,3392,0,3394,G
4-HA,1337,2,2,0,3376,3380,C
4-HA,1338,5,0,0,3354,3359,C
4-HA,1339,3,2,1,3395,3401,C
4-HA,1340,1,3392,0,5,3398,T
4-HA,1341,1,2,3440,0,3443,G
4-HA,1342,0,4,3435,1,3440,G
4-HA,1343,3432,3,9,0,3444,A
4-HA,1344,1,3,3457,0,3461,G
4-HA,1345,3406,0,3,0,3409,A
4-HA,1346,3413,0,7,0,3420,A
4-HA,1347,0,1,0,3453,3454,C
4-HA,1348,4,2,1,3445,3452,C
4-HA,1349,3446,1,3,0,3450,A
4-HA,1350,3595,0,4,0,3599,A
4-HA,1351,0,0,0,3617,3617,C
4-HA,1352,3640,0,1,0,3641,A
4-HA,1353,1,3635,0,3,3639,T
4-HA,1354,3619,0,3,0,3622,A
4-HA,1355,1,1,0,3690,3692,C
4-HA,1356,3611,0,3,0,3614,A
4-HA,1357,3616,1,3,0,3620,A
4-HA,1358,1,3607,0,0,3608,T
4-HA,1359,0,3466,0,3,3469,T
4-HA,1360,1,6,3496,1,3504,G
4-HA,1361,3529,0,2,0,3531,A
4-HA,1362,0,3521,0,9,3530,T
4-HA,1363,3,0,0,3529,3532,C
4-HA,1364,1,3475,1,3,3480,T
4-HA,1365,3499,0,2,1,3502,A
4-HA,1366,3501,0,1,1,3503,A
4-HA,1367,0,0,0,3504,3504,C
4-HA,1368,0,3468,0,1,3469,T
4-HA,1369,1,6,3427,0,3434,G
4-HA,1370,3451,1,4,0,3456,A
4-HA,1371,0,1,0,3453,3454,C
4-HA,1372,1,3444,0,2,3447,T
4-HA,1373,7,3,0,3444,3454,C
4-HA,1374,3436,0,5,1,3442,A
4-HA,1375,0,2,3495,0,3497,G
4-HA,1376,3486,0,2,0,3488,A
4-HA,1377,3489,0,1,1,3491,A
4-HA,1378,3488,0,1,1,3490,A
4-HA,1379,0,3467,2,0,3469,T
4-HA,1380,1,7,3488,0,3496,G
4-HA,1381,3488,1,5,0,3494,A
4-HA,1382,3487,1,7,0,3495,A
4-HA,1383,0,0,0,3496,3496,C
4-HA,1384,3448,0,0,0,3448,A
4-HA,1385,3447,0,1,0,3448,A
4-HA,1386,3443,0,1,0,3444,A
4-HA,1387,1,1,0,3446,3448,C
4-HA,1388,0,3423,0,2,3425,T
4-HA,1389,0,1,3436,0,3437,G
4-HA,1390,0,3397,0,5,3402,T
4-HA,1391,0,3402,0,2,3404,T
4-HA,1392,1,3404,0,2,3407,T
4-HA,1393,2,6,3402,0,3410,G
4-HA,1394,3417,0,1,0,3418,A
4-HA,1395,3414,1,1,0,3416,A
4-HA,1396,3399,0,3,0,3402,A
4-HA,1397,3396,0,1,0,3397,A
4-HA,1398,3361,0,4,0,3365,A
4-HA,1399,3385,2,1,0,3388,A
4-HA,1400,0,1,0,3391,3392,C
4-HA,1401,3394,0,1,0,3395,A
4-HA,1402,3394,0,2,0,3396,A
4-HA,1403,3391,0,4,1,3396,A
4-HA,1404,1,1,3406,0,3408,G
4-HA,1405,3407,1,3,0,3411,A
4-HA,1406,3400,0,3,0,3403,A
4-HA,1407,3,0,3400,1,3404,G
4-HA,1408,0,2,0,3407,3409,C
4-HA,1409,3402,0,5,0,3407,A
4-HA,1410,3410,0,5,0,3415,A
4-HA,1411,1,0,0,3427,3428,C
4-HA,1412,1,3407,0,1,3409,T
4-HA,1413,0,2,3428,0,3430,G
4-HA,1414,3405,1,4,1,3411,A
4-HA,1415,1,5,3435,0,3441,G
4-HA,1416,2,3,3429,1,3435,G
4-HA,1417,0,1,3446,1,3448,G
4-HA,1418,3444,0,2,0,3446,A
4-HA,1419,3440,0,1,1,3442,A
4-HA,1420,3433,0,2,0,3435,A
4-HA,1421,3475,2,0,0,3477,A
4-HA,1422,1,3468,0,0,3469,T
4-HA,1423,2,0,3482,1,3485,G
4-HA,1424,2,0,1,3478,3481,C
4-HA,1425,0,3429,0,5,3434,T
4-HA,1426,0,3,3449,0,3452,G
4-HA,1427,3445,0,0,0,3445,A
4-HA,1428,0,2,3594,0,3596,G
4-HA,1429,1,2,3627,0,3630,G
4-HA,1430,3591,0,1,0,3592,A
4-HA,1431,0,3580,0,4,3584,T
4-HA,1432,3563,0,2,0,3565,A
4-HA,1433,0,3551,0,0,3551,T
4-HA,1434,1,3,3585,1,3590,G
4-HA,1435,0,2,3620,0,3622,G
4-HA,1436,1,2,3617,0,3620,G
4-HA,1437,4,0,0,3415,3419,C
4-HA,1438,3346,0,0,0,3346,A
4-HA,1439,3337,1,4,2,3344,A
4-HA,1440,0,3344,0,0,3344,T
4-HA,1441,0,1,3370,0,3371,G
4-HA,1442,3,0,3364,0,3367,G
4-HA,1443,1,3323,0,1,3325,T
4-HA,1444,0,3250,0,0,3250,T
4-HA,1445,25,0,3242,0,3267,G
4-HA,1446,0,3286,0,6,3292,T
4-HA,1447,2,3287,0,4,3293,T
4-HA,1448,2,3283,0,0,3285,T
4-HA,1449,2,0,1,3296,3299,C
4-HA,1450,3264,0,0,0,3264,A
4-HA,1451,3295,0,0,0,3295,A
4-HA,1452,3298,1,4,0,3303,A
4-HA,1453,3331,0,1,0,3332,A
4-HA,1454,0,3317,0,1,3318,T
4-HA,1455,3280,0,0,0,3280,A
4-HA,1456,1,3282,0,1,3284,T
4-HA,1457,3282,1,2,0,3285,A
4-HA,1458,0,1,1,3308,3310,C
4-HA,1459,2,1,0,3297,3300,C
4-HA,1460,3286,1,4,0,3291,A
4-HA,1461,0,1,0,3296,3297,C
4-HA,1462,3285,0,1,0,3286,A
4-HA,1463,3293,0,0,0,3293,A
4-HA,1464,3298,0,1,0,3299,A
4-HA,1465,0,3294,0,0,3294,T
4-HA,1466,0,0,3308,0,3308,G
4-HA,1467,3,3248,2,5,3258,T
4-HA,1468,0,7,3272,0,3279,G
4-HA,1469,3284,0,4,0,3288,A
4-HA,1470,0,1,1,3278,3280,C
4-HA,1471,3231,0,0,0,3231,A
4-HA,1472,3231,1,1,0,3233,A
4-HA,1473,1,3264,0,0,3265,T
4-HA,1474,0,2,3280,0,3282,G
4-HA,1475,3,1,0,3270,3274,C
4-HA,1476,4,0,0,3269,3273,C
4-HA,1477,0,3247,0,9,3256,T
4-HA,1478,2,0,3376,0,3378,G
4-HA,1479,1,0,0,3373,3374,C
4-HA,1480,3382,0,0,0,3382,A
4-HA,1481,0,3379,0,0,3379,T
4-HA,1482,3246,1,1,1,3249,A
4-HA,1483,1,5,3264,0,3270,G
4-HA,1484,0,3,3258,0,3261,G
4-HA,1485,3245,0,7,0,3252,A
4-HA,1486,0,3242,0,0,3242,T
4-HA,1487,5,1,0,3094,3100,C
4-HA,1488,3088,1,3,0,3092,A
4-HA,1489,3111,0,1,0,3112,A
4-HA,1490,0,3101,0,1,3102,T
4-HA,1491,1,2,0,3104,3107,C
4-HA,1492,3043,0,0,0,3043,A
4-HA,1493,0,0,3065,0,3065,G
4-HA,1494,3063,0,2,0,3065,A
4-HA,1495,3065,1,1,0,3067,A
4-HA,1496,3066,0,0,0,3066,A
4-HA,1497,1,3046,0,1,3048,T
4-HA,1498,1,2,3032,0,3035,G
4-HA,1499,1,4,3031,0,3036,G
4-HA,1500,3032,0,4,0,3036,A
4-HA,1501,3048,0,1,0,3049,A
4-HA,1502,0,2,0,3021,3023,C
4-HA,1503,0,2993,0,3,2996,T
4-HA,1504,0,3006,2,2,3010,T
4-HA,1505,3005,0,2,0,3007,A
4-HA,1506,1,3004,0,2,3007,T
4-HA,1507,2,6,2995,1,3004,G
4-HA,1508,2999,0,3,0,3002,A
4-HA,1509,2,1,0,2991,2994,C
4-HA,1510,2,1,0,2963,2966,C
4-HA,1511,2954,1,5,0,2960,A
4-HA,1512,0,0,0,3032,3032,C
4-HA,1513,0,1,3115,0,3116,G
4-HA,1514,3182,0,3,0,3185,A
4-HA,1515,0,3223,0,0,3223,T
4-HA,1516,0,0,3315,0,3315,G
4-HA,1517,0,3290,0,3,3293,T
4-HA,1518,3391,1,5,0,3397,A
4-HA,1519,0,3398,0,2,3400,T
4-HA,1520,3391,0,7,0,3398,A
4-HA,1521,0,1,0,3394,3395,C
4-HA,1522,3014,1,1,1,3017,A
4-HA,1523,1,6,3032,0,3039,G
4-HA,1524,2833,0,2,0,2835,A
4-HA,1525,0,1,2738,0,2739,G
4-HA,1526,2721,0,1,0,2722,A
4-HA,1527,0,2517,0,1,2518,T
4-HA,1528,0,1,2512,0,2513,G
4-HA,1529,2511,0,2,0,2513,A
4-HA,1530,2497,0,3,0,2500,A
4-HA,1531,0,1,2542,0,2543,G
4-HA,1532,0,1,0,2487,2488,C
4-HA,1533,2476,0,2,0,2478,A
4-HA,1534,0,2452,0,1,2453,T
4-HA,1535,1,2450,0,0,2451,T
4-HA,1536,2463,1,0,0,2464,A
4-HA,1537,2457,0,3,0,2460,A
4-HA,1538,2456,0,0,0,2456,A
4-HA,1539,0,0,0,2458,2458,C
4-HA,1540,2355,0,2,0,2357,A
4-HA,1541,2360,0,3,0,2363,A
4-HA,1542,0,0,0,2359,2359,C
4-HA,1543,0,2,0,2338,2340,C
4-HA,1544,3,3,2339,0,2345,G
4-HA,1545,0,0,2356,0,2356,G
4-HA,1546,0,2354,0,3,2357,T
4-HA,1547,0,2352,0,3,2355,T
4-HA,1548,1,2332,0,0,2333,T
4-HA,1549,1,1,0,2335,2337,C
4-HA,1550,2336,2,3,0,2341,A
4-HA,1551,0,4,2369,0,2373,G
4-HA,1552,2373,0,2,0,2375,A
4-HA,1553,0,2353,1,1,2355,T
4-HA,1554,3,0,0,2301,2304,C
4-HA,1555,2291,0,2,0,2293,A
4-HA,1556,2285,1,8,0,2294,A
4-HA,1557,0,3,2294,0,2297,G
4-HA,1558,0,1,2289,0,2290,G
4-HA,1559,0,5,2283,0,2288,G
4-HA,1560,2223,0,5,0,2228,A
4-HA,1561,0,0,2248,0,2248,G
4-HA,1562,0,2244,1,4,2249,T
4-HA,1563,0,2247,0,1,2248,T
4-HA,1564,1,4,2263,0,2268,G
4-HA,1565,2244,0,2,0,2246,A
4-HA,1566,0,1,2254,0,2255,G
4-HA,1567,1,2,0,2246,2249,C
4-HA,1568,0,2221,0,4,2225,T
4-HA,1569,1,3,2232,0,2236,G
4-HA,1570,2216,1,1,0,2218,A
4-HA,1571,2223,0,2,0,2225,A
4-HA,1572,0,0,2225,0,2225,G
4-HA,1573,0,2180,0,1,2181,T
4-HA,1574,5,0,0,2178,2183,C
4-HA,1575,2151,0,2,0,2153,A
4-HA,1576,0,1,2150,0,2151,G
4-HA,1577,1,2,2135,0,2138,G
4-HA,1578,0,1,2097,0,2098,G
4-HA,1579,0,2152,0,1,2153,T
4-HA,1580,2160,2,0,0,2162,A
4-HA,1581,0,0,0,2153,2153,C
4-HA,1582,2151,1,2,0,2154,A
4-HA,1583,2150,0,0,0,2150,A
4-HA,1584,2147,0,3,0,2150,A
4-HA,1585,1,2,2155,0,2158,G
4-HA,1586,2098,0,0,0,2098,A
4-HA,1587,0,2029,0,5,2034,T
4-HA,1588,0,1998,0,1,1999,T
4-HA,1589,0,1,1994,0,1995,G
4-HA,1590,1,2,1987,0,1990,G
4-HA,1591,2000,0,0,0,2000,A
4-HA,1592,1,2007,0,1,2009,T
4-HA,1593,1,0,0,1990,1991,C
4-HA,1594,1,0,0,1942,1943,C
4-HA,1595,0,1919,0,3,1922,T
4-HA,1596,1931,0,2,0,1933,A
4-HA,1597,0,1929,1,0,1930,T
4-HA,1598,2,1,1917,0,1920,G
4-HA,1599,0,2,1920,0,1922,G
4-HA,1600,1883,0,0,0,1883,A
4-HA,1601,1,1872,0,2,1875,T
4-HA,1602,0,1844,0,1,1845,T
4-HA,1603,0,1832,0,1,1833,T
4-HA,1604,0,0,0,1832,1832,C
4-HA,1605,1,0,0,1829,1830,C
4-HA,1606,0,1805,0,2,1807,T
4-HA,1607,1,1801,0,0,1802,T
4-HA,1608,0,1790,0,3,1793,T
4-HA,1609,0,0,1805,0,1805,G
4-HA,1610,1,0,0,1799,1800,C
4-HA,1611,4,0,0,1795,1799,C
4-HA,1612,1771,0,0,0,1771,A
4-HA,1613,0,1751,0,1,1752,T
4-HA,1614,1768,0,0,0,1768,A
4-HA,1615,1,1762,0,2,1765,T
4-HA,1616,6,3,0,1748,1757,C
4-HA,1617,1757,0,1,1,1759,A
4-HA,1618,0,1721,1,2,1724,T
4-HA,1619,0,0,1737,0,1737,G
4-HA,1620,0,1728,0,2,1730,T
4-HA,1621,0,1710,0,0,1710,T
4-HA,1622,0,1702,0,3,1705,T
4-HA,1623,1,1670,0,0,1671,T
4-HA,1624,0,1671,0,0,1671,T
4-HA,1625,0,1666,0,4,1670,T
4-HA,1626,1,0,1672,0,1673,G
4-HA,1627,0,0,0,1671,1671,C
4-HA,1628,0,1625,0,2,1627,T
4-HA,1629,0,1627,0,2,1629,T
4-HA,1630,0,1616,0,0,1616,T
4-HA,1631,0,0,1635,0,1635,G
4-HA,1632,0,1635,0,2,1637,T
4-HA,1633,0,0,1640,0,1640,G
4-HA,1634,0,1636,0,1,1637,T
4-HA,1635,0,1597,0,1,1598,T
4-HA,1636,0,0,1613,0,1613,G
4-HA,1637,0,0,0,1608,1608,C
4-HA,1638,0,1596,0,1,1597,T
4-HA,1639,0,1602,1,1,1604,T
4-HA,1640,1,1511,0,0,1512,T
4-HA,1641,0,0,1521,0,1521,G
4-HA,1642,0,1510,0,1,1511,T
4-HA,1643,1,1508,1,0,1510,T
4-HA,1644,0,2,1504,0,1506,G
4-HA,1645,1,1,1458,0,1460,G
4-HA,1646,0,1,1460,0,1461,G
4-HA,1647,0,0,1468,0,1468,G
4-HA,1648,0,1406,0,1,1407,T
4-HA,1649,0,1401,0,1,1402,T
4-HA,1650,2,0,0,1372,1374,C
4-HA,1651,1352,0,2,0,1354,A
4-HA,1652,2,1358,0,1,1361,T
4-HA,1653,3,1,0,1346,1350,C
4-HA,1654,1334,1,0,0,1335,A
4-HA,1655,0,1293,0,4,1297,T
4-HA,1656,0,1,1287,0,1288,G
4-HA,1657,1,1258,0,2,1261,T
4-HA,1658,0,0,1250,0,1250,G
4-HA,1659,0,1,1211,0,1212,G
4-HA,1660,0,0,1214,0,1214,G
4-HA,1661,1,0,0,1179,1180,C
4-HA,1662,2,0,0,1154,1156,C
4-HA,1663,0,1085,0,4,1089,T
4-HA,1664,0,1,1088,0,1089,G
4-HA,1665,0,0,0,1081,1081,C
4-HA,1666,1,0,0,1088,1089,C
4-HA,1667,1082,0,3,0,1085,A
4-HA,1668,1073,0,1,0,1074,A
4-HA,1669,1073,0,0,0,1073,A
4-HA,1670,1071,0,1,0,1072,A
4-HA,1671,1071,0,2,0,1073,A
4-HA,1672,0,1,1065,0,1066,G
4-HA,1673,0,0,1043,1,1044,G
4-HA,1674,0,0,0,1035,1035,C
4-HA,1675,1029,0,1,0,1030,A
4-HA,1676,1035,0,1,0,1036,A
4-HA,1677,0,1,0,1035,1036,C
4-HA,1678,1039,0,0,0,1039,A
4-HA,1679,0,1036,1,0,1037,T
4-HA,1680,0,1013,0,8,1021,T
4-HA,1681,992,0,2,0,994,A
4-HA,1682,0,0,992,0,992,G
4-HA,1683,0,0,991,0,991,G
4-HA,1684,0,950,0,0,950,T
4-HA,1685,0,0,878,0,878,G
4-HA,1686,0,0,0,840,840,C
4-HA,1687,824,0,2,0,826,A
4-HA,1688,825,0,1,0,826,A
4-HA,1689,1,0,0,824,825,C
4-HA,1690,817,0,0,0,817,A
4-HA,1691,0,802,0,0,802,T
4-HA,1692,0,748,0,0,748,T
4-HA,1693,0,745,0,2,747,T
4-HA,1694,0,0,747,0,747,G
4-HA,1695,1,0,0,741,742,C
4-HA,1696,734,0,1,0,735,A
4-HA,1697,0,691,0,0,691,T
4-HA,1698,1,657,1,1,660,T
4-HA,1699,0,636,0,0,636,T
4-HA,1700,0,0,638,0,638,G
4-HA,1701,602,0,0,0,602,A
5-NP,1,359,0,0,0,359,A
5-NP,2,0,361,0,0,361,T
5-NP,3,0,0,358,0,358,G
5-NP,4,0,0,359,0,359,G
5-NP,5,0,0,0,361,361,C
5-NP,6,0,0,373,0,373,G
5-NP,7,0,389,0,1,390,T
5-NP,8,0,0,0,397,397,C
5-NP,9,0,0,0,399,399,C
5-NP,10,0,0,0,398,398,C
5-NP,11,400,0,0,0,400,A
5-NP,12,399,0,0,0,399,A
5-NP,13,0,1,405,0,406,G
5-NP,14,0,0,421,0,421,G
5-NP,15,0,0,0,423,423,C
5-NP,16,425,0,0,0,425,A
5-NP,17,0,0,0,425,425,C
5-NP,18,0,1,0,423,424,C
5-NP,19,430,0,0,0,430,A
5-NP,20,429,0,0,0,429,A
5-NP,21,429,0,0,0,429,A
5-NP,22,0,0,0,431,431,C
5-NP,23,1,0,431,0,432,G
5-NP,24,0,0,486,0,486,G
5-NP,25,0,488,0,0,488,T
5-NP,26,0,0,0,522,522,C
5-NP,27,0,522,0,0,522,T
5-NP,28,0,530,0,0,530,T
5-NP,29,530,0,0,0,530,A
5-NP,30,0,528,0,1,529,T
5-NP,31,0,3,528,0,531,G
5-NP,32,529,0,1,0,530,A
5-NP,33,519,0,0,0,519,A
5-NP,34,0,1,0,524,525,C
5-NP,35,511,0,0,0,511,A
5-NP,36,0,1,557,0,558,G
5-NP,37,553,0,0,0,553,A
5-NP,38,0,557,0,0,557,T
5-NP,39,0,0,554,1,555,G
5-NP,40,0,0,561,0,561,G
5-NP,41,557,0,2,0,559,A
5-NP,42,561,0,0,0,561,A
5-NP,43,565,1,1,0,567,A
5-NP,44,0,0,0,581,581,C
5-NP,45,0,572,0,0,572,T
5-NP,46,0,1,583,0,584,G
5-NP,47,578,0,2,0,580,A
5-NP,48,1,583,0,0,584,T
5-NP,49,0,1,579,0,580,G
5-NP,50,0,0,589,0,589,G
5-NP,51,0,0,585,0,585,G
5-NP,52,1,0,589,0,590,G
5-NP,53,582,0,1,0,583,A
5-NP,54,0,589,0,0,589,T
5-NP,55,1,0,0,594,595,C
5-NP,56,0,0,597,0,597,G
5-NP,57,0,1,0,602,603,C
5-NP,58,0,0,0,608,608,C
5-NP,59,602,0,1,0,603,A
5-NP,60,0,1,618,0,619,G
5-NP,61,613,1,2,0,616,A
5-NP,62,623,0,0,0,623,A
5-NP,63,0,627,0,0,627,T
5-NP,64,0,0,628,0,628,G
5-NP,65,0,0,1,633,634,C
5-NP,66,631,0,1,0,632,A
5-NP,67,637,0,4,0,641,A
5-NP,68,0,0,0,642,642,C
5-NP,69,0,636,0,0,636,T
5-NP,70,0,0,646,0,646,G
5-NP,71,658,0,0,0,658,A
5-NP,72,0,1,686,0,687,G
5-NP,73,681,1,0,0,682,A
5-NP,74,0,686,0,0,686,T
5-NP,75,0,687,0,0,687,T
5-NP,76,685,1,0,0,686,A
5-NP,77,0,0,691,0,691,G
5-NP,78,0,0,693,0,693,G
5-NP,79,0,1,693,0,694,G
5-NP,80,0,1,0,691,692,C
5-NP,81,683,0,1,0,684,A
5-NP,82,0,685,0,0,685,T
5-NP,83,0,1,0,685,686,C
5-NP,84,0,0,0,692,692,C
5-NP,85,2,0,698,0,700,G
5-NP,86,1,695,0,2,698,T
5-NP,87,4,0,0,696,700,C
5-NP,88,0,0,703,0,703,G
5-NP,89,0,0,703,0,703,G
5-NP,90,0,0,707,1,708,G
5-NP,91,707,1,0,0,708,A
5-NP,92,709,0,1,0,710,A
5-NP,93,0,2,714,0,716,G
5-NP,94,715,0,1,0,716,A
5-NP,95,1,715,0,0,716,T
5-NP,96,0,2,717,0,719,G
5-NP,97,724,0,0,0,724,A
5-NP,98,0,724,0,1,725,T
5-NP,99,0,726,0,0,726,T
5-NP,100,0,0,728,0,728,G
5-NP,101,726,0,0,0,726,A
5-NP,102,0,724,0,1,725,T
5-NP,103,0,2,717,0,719,G
5-NP,104,0,0,716,0,716,G
5-NP,105,0,1,714,0,715,G
5-NP,106,768,0,1,0,769,A
5-NP,107,0,768,0,0,768,T
5-NP,108,1,769,0,0,770,T
5-NP,109,0,2,779,0,781,G
5-NP,110,0,0,780,0,780,G
5-NP,111,0,1,783,0,784,G
5-NP,112,773,0,3,0,776,A
5-NP,113,0,1,775,0,776,G
5-NP,114,767,0,1,0,768,A
5-NP,115,0,780,0,0,780,T
5-NP,116,0,779,0,0,779,T
5-NP,117,2,0,1,786,789,C
5-NP,118,0,778,0,6,784,T
5-NP,119,789,0,0,0,789,A
5-NP,120,0,1,0,787,788,C
5-NP,121,808,0,1,0,809,A
5-NP,122,0,809,0,0,809,T
5-NP,123,0,0,0,805,805,C
5-NP,124,3,0,0,801,804,C
5-NP,125,804,0,0,0,804,A
5-NP,126,824,0,0,0,824,A
5-NP,127,822,0,0,0,822,A
5-NP,128,0,814,0,1,815,T
5-NP,129,0,0,816,0,816,G
5-NP,130,0,806,0,0,806,T
5-NP,131,0,0,808,0,808,G
5-NP,132,0,0,0,812,812,C
5-NP,133,807,0,3,0,810,A
5-NP,134,0,0,0,812,812,C
5-NP,135,0,805,0,0,805,T
5-NP,136,0,0,854,0,854,G
5-NP,137,866,0,0,0,866,A
5-NP,138,879,0,0,0,879,A
5-NP,139,0,0,0,883,883,C
5-NP,140,0,874,0,1,875,T
5-NP,141,0,879,0,0,879,T
5-NP,142,876,0,0,0,876,A
5-NP,143,870,0,0,0,870,A
5-NP,144,1,0,840,0,841,G
5-NP,145,0,0,0,856,856,C
5-NP,146,0,853,0,0,853,T
5-NP,147,1,0,0,861,862,C
5-NP,148,857,0,1,0,858,A
5-NP,149,0,0,886,0,886,G
5-NP,150,0,888,0,0,888,T
5-NP,151,0,1,892,0,893,G
5-NP,152,903,1,1,0,905,A
5-NP,153,0,903,0,0,903,T
5-NP,154,2,0,0,915,917,C
5-NP,155,918,0,0,0,918,A
5-NP,156,0,913,0,1,914,T
5-NP,157,0,1,915,0,916,G
5-NP,158,913,0,0,0,913,A
5-NP,159,908,0,3,0,911,A
5-NP,160,0,1,915,0,916,G
5-NP,161,0,0,904,0,904,G
5-NP,162,1,0,904,0,905,G
5-NP,163,0,1,0,901,902,C
5-NP,164,0,0,907,0,907,G
5-NP,165,0,1,909,0,910,G
5-NP,166,0,911,0,1,912,T
5-NP,167,0,909,0,2,911,T
5-NP,168,1,2,907,0,910,G
5-NP,169,984,0,1,0,985,A
5-NP,170,0,983,0,0,983,T
5-NP,171,1,0,0,985,986,C
5-NP,172,0,0,0,990,990,C
5-NP,173,990,0,0,0,990,A
5-NP,174,1,1,992,0,994,G
5-NP,175,990,0,0,0,990,A
5-NP,176,993,0,0,0,993,A
5-NP,177,0,0,0,997,997,C
5-NP,178,943,1,0,0,944,A
5-NP,179,0,0,963,0,963,G
5-NP,180,0,1,0,964,965,C
5-NP,181,0,960,0,2,962,T
5-NP,182,0,967,0,1,968,T
5-NP,183,1,3,964,0,968,G
5-NP,184,972,0,1,0,973,A
5-NP,185,0,2,0,981,983,C
5-NP,186,980,0,0,0,980,A
5-NP,187,984,1,0,0,985,A
5-NP,188,0,975,0,0,975,T
5-NP,189,973,0,0,0,973,A
5-NP,190,0,1,974,0,975,G
5-NP,191,966,0,2,0,968,A
5-NP,192,0,2,976,0,978,G
5-NP,193,968,0,1,0,969,A
5-NP,194,991,0,0,0,991,A
5-NP,195,989,0,0,0,989,A
5-NP,196,1004,0,0,0,1004,A
5-NP,197,0,1004,0,0,1004,T
5-NP,198,1,0,1005,0,1006,G
5-NP,199,3,0,999,0,1002,G
5-NP,200,0,1003,0,0,1003,T
5-NP,201,981,0,1,0,982,A
5-NP,202,0,0,0,996,996,C
5-NP,203,0,994,0,0,994,T
5-NP,204,1,0,0,1003,1004,C
5-NP,205,0,981,0,1,982,T
5-NP,206,2,0,0,990,992,C
5-NP,207,0,990,0,1,991,T
5-NP,208,0,0,1004,0,1004,G
5-NP,209,0,0,0,1003,1003,C
5-NP,210,0,1006,0,1,1007,T
5-NP,211,0,1005,0,0,1005,T
5-NP,212,0,1007,0,0,1007,T
5-NP,213,0,999,0,0,999,T
5-NP,214,0,0,1005,0,1005,G
5-NP,215,994,0,0,5,999,A
5-NP,216,0,1001,0,0,1001,T
5-NP,217,0,2,995,0,997,G
5-NP,218,994,0,0,0,994,A
5-NP,219,994,0,0,1,995,A
5-NP,220,1000,0,0,0,1000,A
5-NP,221,0,0,1001,1,1002,G
5-NP,222,1002,1,1,0,1004,A
5-NP,223,1000,0,1,0,1001,A
5-NP,224,0,0,1013,1,1014,G
5-NP,225,0,1,1032,0,1033,G
5-NP,226,1034,0,0,0,1034,A
5-NP,227,1041,0,0,0,1041,A
5-NP,228,0,1040,0,0,1040,T
5-NP,229,1040,0,1,0,1041,A
5-NP,230,1031,0,2,0,1033,A
5-NP,231,1039,0,1,1,1041,A
5-NP,232,0,1038,0,0,1038,T
5-NP,233,1043,1,3,1,1048,A
5-NP,234,0,0,0,1049,1049,C
5-NP,235,0,0,0,1030,1030,C
5-NP,236,0,1024,1,3,1028,T
5-NP,237,0,1,1026,1,1028,G
5-NP,238,0,0,1044,0,1044,G
5-NP,239,1044,0,1,0,1045,A
5-NP,240,1036,0,1,0,1037,A
5-NP,241,0,1,1049,0,1050,G
5-NP,242,1041,0,0,0,1041,A
5-NP,243,1039,0,2,0,1041,A
5-NP,244,1,0,0,1038,1039,C
5-NP,245,1042,0,1,0,1043,A
5-NP,246,1,0,0,1069,1070,C
5-NP,247,1,0,0,1054,1055,C
5-NP,248,3,1,0,1056,1060,C
5-NP,249,2,0,0,1060,1062,C
5-NP,250,1052,0,1,0,1053,A
5-NP,251,0,0,1059,0,1059,G
5-NP,252,0,0,0,1057,1057,C
5-NP,253,0,0,1057,0,1057,G
5-NP,254,0,0,0,1055,1055,C
5-NP,255,0,2,1041,1,1044,G
5-NP,256,0,0,1050,0,1050,G
5-NP,257,0,0,1051,0,1051,G
5-NP,258,0,0,1055,0,1055,G
5-NP,259,1055,0,1,0,1056,A
5-NP,260,1056,0,0,1,1057,A
5-NP,261,1054,1,1,0,1056,A
5-NP,262,0,1,1058,0,1059,G
5-NP,263,1057,0,2,0,1059,A
5-NP,264,0,1049,1,0,1050,T
5-NP,265,2,0,0,1047,1049,C
5-NP,266,0,1,0,1050,1051,C
5-NP,267,1,0,0,1056,1057,C
5-NP,268,1062,0,0,0,1062,A
5-NP,269,1061,0,0,0,1061,A
5-NP,270,0,0,1065,0,1065,G
5-NP,271,1061,0,0,0,1061,A
5-NP,272,1057,1,0,0,1058,A
5-NP,273,1060,0,1,0,1061,A
5-NP,274,1060,0,3,0,1063,A
5-NP,275,0,1,0,1063,1064,C
5-NP,276,0,1056,0,0,1056,T
5-NP,277,1,3,1049,0,1053,G
5-NP,278,0,0,1057,0,1057,G
5-NP,279,1,1,1052,0,1054,G
5-NP,280,2,1,1041,0,1044,G
5-NP,281,0,1,1063,0,1064,G
5-NP,282,0,2,1083,0,1085,G
5-NP,283,1,1,1,1144,1147,C
5-NP,284,1,0,0,1149,1150,C
5-NP,285,4,0,0,1157,1161,C
5-NP,286,1310,0,0,0,1310,A
5-NP,287,0,1319,0,0,1319,T
5-NP,288,1375,0,1,0,1376,A
5-NP,289,0,1374,0,0,1374,T
5-NP,290,1366,1,2,0,1369,A
5-NP,291,0,0,0,1379,1379,C
5-NP,292,1264,1,0,0,1265,A
5-NP,293,0,0,1289,0,1289,G
5-NP,294,0,3,1286,0,1289,G
5-NP,295,1170,0,0,0,1170,A
5-NP,296,0,1,1180,0,1181,G
5-NP,297,1129,0,0,0,1129,A
5-NP,298,0,0,1142,0,1142,G
5-NP,299,0,1141,0,0,1141,T
5-NP,300,1129,0,1,0,1130,A
5-NP,301,0,0,1133,0,1133,G
5-NP,302,1126,1,1,0,1128,A
5-NP,303,1,1126,0,1,1128,T
5-NP,304,0,0,1126,0,1126,G
5-NP,305,0,0,1128,0,1128,G
5-NP,306,1126,1,1,0,1128,A
5-NP,307,1112,0,0,0,1112,A
5-NP,308,1110,1,2,0,1113,A
5-NP,309,1119,0,0,0,1119,A
5-NP,310,0,1115,0,1,1116,T
5-NP,311,0,0,1124,0,1124,G
5-NP,312,0,0,1124,0,1124,G
5-NP,313,1121,0,3,0,1124,A
5-NP,314,0,1110,0,2,1112,T
5-NP,315,0,2,1115,0,1117,G
5-NP,316,1110,0,4,1,1115,A
5-NP,317,2,3,1115,0,1120,G
5-NP,318,0,0,1113,1,1114,G
5-NP,319,1,3,1118,0,1122,G
5-NP,320,1154,0,0,1,1155,A
5-NP,321,1166,0,1,0,1167,A
5-NP,322,0,0,0,1195,1195,C
5-NP,323,1,1195,0,0,1196,T
5-NP,324,3,0,0,1216,1219,C
5-NP,325,1,0,1236,0,1237,G
5-NP,326,0,1263,0,0,1263,T
5-NP,327,1,0,0,1276,1277,C
5-NP,328,5,0,0,1515,1520,C
5-NP,329,0,1519,1,0,1520,T
5-NP,330,0,1534,0,0,1534,T
5-NP,331,0,1529,0,0,1529,T
5-NP,332,1532,0,0,0,1532,A
5-NP,333,0,1538,0,0,1538,T
5-NP,334,0,5,1532,0,1537,G
5-NP,335,1546,0,5,0,1551,A
5-NP,336,0,0,0,1552,1552,C
5-NP,337,1522,0,0,0,1522,A
5-NP,338,1521,0,0,0,1521,A
5-NP,339,1540,0,1,0,1541,A
5-NP,340,0,0,1670,0,1670,G
5-NP,341,1667,0,0,0,1667,A
5-NP,342,1666,0,4,0,1670,A
5-NP,343,0,3,1786,0,1789,G
5-NP,344,1808,0,1,0,1809,A
5-NP,345,1814,0,1,0,1815,A
5-NP,346,1813,0,1,0,1814,A
5-NP,347,0,1810,0,0,1810,T
5-NP,348,1813,0,0,0,1813,A
5-NP,349,1809,0,2,0,1811,A
5-NP,350,3,1,1839,0,1843,G
5-NP,351,1,0,1839,0,1840,G
5-NP,352,1,0,0,1829,1830,C
5-NP,353,1,2,1822,1,1826,G
5-NP,354,1843,0,0,0,1843,A
5-NP,355,1873,0,0,0,1873,A
5-NP,356,0,1874,0,0,1874,T
5-NP,357,3,0,0,1875,1878,C
5-NP,358,1,1875,0,2,1878,T
5-NP,359,0,1,1872,0,1873,G
5-NP,360,1,1,1877,0,1879,G
5-NP,361,0,3,0,1885,1888,C
5-NP,362,3,1,1882,0,1886,G
5-NP,363,0,1,0,1884,1885,C
5-NP,364,2,1,0,1870,1873,C
5-NP,365,1889,0,3,0,1892,A
5-NP,366,1932,1,3,0,1936,A
5-NP,367,0,0,2011,0,2011,G
5-NP,368,0,2,0,2008,2010,C
5-NP,369,5,0,0,2042,2047,C
5-NP,370,2054,0,1,3,2058,A
5-NP,371,2106,1,2,0,2109,A
5-NP,372,0,0,0,2144,2144,C
5-NP,373,2143,0,0,0,2143,A
5-NP,374,2215,1,3,0,2219,A
5-NP,375,1,2221,0,1,2223,T
5-NP,376,4,3,2307,0,2314,G
5-NP,377,0,0,2319,0,2319,G
5-NP,378,0,2301,0,1,2302,T
5-NP,379,9,1,2306,0,2316,G
5-NP,380,2300,1,2,0,2303,A
5-NP,381,0,2,2418,0,2420,G
5-NP,382,0,2,2422,0,2424,G
5-NP,383,2473,1,2,0,2476,A
5-NP,384,1,2770,0,0,2771,T
5-NP,385,1,0,2814,0,2815,G
5-NP,386,0,1,1,2846,2848,C
5-NP,387,0,2855,0,4,2859,T
5-NP,388,2907,0,2,0,2909,A
5-NP,389,1,0,0,2973,2974,C
5-NP,390,2975,0,2,0,2977,A
5-NP,391,0,2824,1,142,2967,T
5-NP,392,2,3,0,2949,2954,C
5-NP,393,0,2877,0,0,2877,T
5-NP,394,2,2,3025,0,3029,G
5-NP,395,1,0,3120,1,3122,G
5-NP,396,0,3114,0,2,3116,T
5-NP,397,2,0,0,3125,3127,C
5-NP,398,0,3108,0,2,3110,T
5-NP,399,3170,0,0,0,3170,A
5-NP,400,3172,1,0,0,3173,A
5-NP,401,0,0,0,3209,3209,C
5-NP,402,0,3200,0,6,3206,T
5-NP,403,7,2,0,3245,3254,C
5-NP,404,3218,2,4,0,3224,A
5-NP,405,0,0,1,3398,3399,C
5-NP,406,3402,0,1,0,3403,A
5-NP,407,1,3421,0,1,3423,T
5-NP,408,3398,0,2,1,3401,A
5-NP,409,3427,0,0,0,3427,A
5-NP,410,0,3458,0,0,3458,T
5-NP,411,0,8,3502,0,3510,G
5-NP,412,3498,0,0,0,3498,A
5-NP,413,1,3491,0,1,3493,T
5-NP,414,1,3452,0,0,3453,T
5-NP,415,0,3454,0,4,3458,T
5-NP,416,1,4,3440,1,3446,G
5-NP,417,2,1,3458,0,3461,G
5-NP,418,0,1,0,3459,3460,C
5-NP,419,3459,0,2,0,3461,A
5-NP,420,0,3466,0,2,3468,T
5-NP,421,0,3461,0,4,3465,T
5-NP,422,1,1,0,3462,3464,C
5-NP,423,4,1,0,3471,3476,C
5-NP,424,3557,1,0,0,3558,A
5-NP,425,3566,0,0,0,3566,A
5-NP,426,0,3554,1,1,3556,T
5-NP,427,0,3563,0,1,3564,T
5-NP,428,0,3560,0,0,3560,T
5-NP,429,1,7,3590,0,3598,G
5-NP,430,3591,0,2,0,3593,A
5-NP,431,3602,1,1,2,3606,A
5-NP,432,1,3634,0,0,3635,T
5-NP,433,1,3,3599,0,3603,G
5-NP,434,3783,2,1,0,3786,A
5-NP,435,1,3800,0,1,3802,T
5-NP,436,2,2,3817,0,3821,G
5-NP,437,0,5,0,3931,3936,C
5-NP,438,3929,1,3,0,3933,A
5-NP,439,4097,1,4,2,4104,A
5-NP,440,1,1,1,4107,4110,C
5-NP,441,4169,0,1,0,4170,A
5-NP,442,0,4254,0,1,4255,T
5-NP,443,4181,0,1,0,4182,A
5-NP,444,1,0,0,4259,4260,C
5-NP,445,4,2,0,4253,4259,C
5-NP,446,4179,0,1,0,4180,A
5-NP,447,2,3,4261,0,4266,G
5-NP,448,4186,0,5,0,4191,A
5-NP,449,1,1,4333,1,4336,G
5-NP,450,0,1,4348,0,4349,G
5-NP,451,4319,1,9,0,4329,A
5-NP,452,1,2,0,4370,4373,C
5-NP,453,4347,1,2,1,4351,A
5-NP,454,4338,0,10,0,4348,A
5-NP,455,2,8,4364,0,4374,G
5-NP,456,4333,1,6,0,4340,A
5-NP,457,11,1,4362,0,4374,G
5-NP,458,0,1,0,4374,4375,C
5-NP,459,0,4348,0,8,4356,T
5-NP,460,1,1,1,4370,4373,C
5-NP,461,1,4361,0,3,4365,T
5-NP,462,1,4377,0,3,4381,T
5-NP,463,1,0,4406,0,4407,G
5-NP,464,0,4387,0,2,4389,T
5-NP,465,0,4390,0,0,4390,T
5-NP,466,6,1,0,4379,4386,C
5-NP,467,1,9,4376,0,4386,G
5-NP,468,4462,0,3,0,4465,A
5-NP,469,4457,1,1,0,4459,A
5-NP,470,0,0,0,4503,4503,C
5-NP,471,0,4491,0,4,4495,T
5-NP,472,0,4,4565,0,4569,G
5-NP,473,0,6,4581,2,4589,G
5-NP,474,4590,1,6,0,4597,A
5-NP,475,4602,1,3,0,4606,A
5-NP,476,0,4604,0,3,4607,T
5-NP,477,2,5,4606,0,4613,G
5-NP,478,1,4,4630,1,4636,G
5-NP,479,4667,0,7,0,4674,A
5-NP,480,2,4705,0,5,4712,T
5-NP,481,3,4,0,4721,4728,C
5-NP,482,2,7,0,4707,4716,C
5-NP,483,4,0,0,4735,4739,C
5-NP,484,4767,0,3,0,4770,A
5-NP,485,0,5,4801,1,4807,G
5-NP,486,4808,0,0,0,4808,A
5-NP,487,4793,0,3,0,4796,A
5-NP,488,0,4765,0,1,4766,T
5-NP,489,3,0,4799,0,4802,G
5-NP,490,1,4779,0,0,4780,T
5-NP,491,2,0,4802,0,4804,G
5-NP,492,1,1,0,4814,4816,C
5-NP,493,0,4789,1,7,4797,T
5-NP,494,3,1,0,5001,5005,C
5-NP,495,1,4960,0,4,4965,T
5-NP,496,1,1,1,5167,5170,C
5-NP,497,1,5155,0,2,5158,T
5-NP,498,1,1,5155,0,5157,G
5-NP,499,5176,1,13,0,5190,A
5-NP,500,1,5161,1,2,5165,T
5-NP,501,1,2,5161,0,5164,G
5-NP,502,1,2,8,5148,5159,C
5-NP,503,5032,1,3,1,5037,A
5-NP,504,0,5,5155,0,5160,G
5-NP,505,0,3,5051,0,5054,G
5-NP,506,2,1,5103,0,5106,G
5-NP,507,4,1,1,5101,5107,C
5-NP,508,0,5084,1,9,5094,T
5-NP,509,5,3,0,5106,5114,C
5-NP,510,3,7,5108,0,5118,G
5-NP,511,5159,0,4,0,5163,A
5-NP,512,0,0,0,5159,5159,C
5-NP,513,1,5102,0,4,5107,T
5-NP,514,8,0,1,5326,5335,C
5-NP,515,0,5308,0,4,5312,T
5-NP,516,6,3,0,5989,5998,C
5-NP,517,6,1,0,6017,6024,C
5-NP,518,5,1,0,6032,6038,C
5-NP,519,0,6031,0,7,6038,T
5-NP,520,6002,2,0,0,6004,A
5-NP,521,0,1,6007,0,6008,G
5-NP,522,5995,1,2,1,5999,A
5-NP,523,5830,3,5,2,5840,A
5-NP,524,1,6,5851,0,5858,G
5-NP,525,1,0,5745,0,5746,G
5-NP,526,1,5657,0,6,5664,T
5-NP,527,5,0,0,5661,5666,C
5-NP,528,2,6,0,5666,5674,C
5-NP,529,4,4,5661,1,5670,G
5-NP,530,0,5,5712,0,5717,G
5-NP,531,5704,0,7,1,5712,A
5-NP,532,1,2,5770,0,5773,G
5-NP,533,0,2,0,5782,5784,C
5-NP,534,2,5705,0,13,5720,T
5-NP,535,1,5,5715,0,5721,G
5-NP,536,0,0,0,5744,5744,C
5-NP,537,5737,1,4,1,5743,A
5-NP,538,1,4,5751,0,5756,G
5-NP,539,0,1,5773,0,5774,G
5-NP,540,1,5761,1,4,5767,T
5-NP,541,2,3,5725,0,5730,G
5-NP,542,0,7,0,5734,5741,C
5-NP,543,0,5729,2,9,5740,T
5-NP,544,2,0,5740,0,5742,G
5-NP,545,2,1,0,5743,5746,C
5-NP,546,5799,0,4,0,5803,A
5-NP,547,3,0,5914,0,5917,G
5-NP,548,0,5882,0,2,5884,T
5-NP,549,17,0,0,5886,5903,C
5-NP,550,5897,1,2,0,5900,A
5-NP,551,5907,1,1,2,5911,A
5-NP,552,5898,1,12,2,5913,A
5-NP,553,1,3,5947,0,5951,G
5-NP,554,1,10,5967,0,5978,G
5-NP,555,5960,1,3,0,5964,A
5-NP,556,5941,1,3,1,5946,A
5-NP,557,2,5922,0,1,5925,T
5-NP,558,5,3,0,5904,5912,C
5-NP,559,2,5,5909,0,5916,G
5-NP,560,2,4,6118,1,6125,G
5-NP,561,1,3,6125,1,6130,G
5-NP,562,6090,1,13,0,6104,A
5-NP,563,2,1,0,6119,6122,C
5-NP,564,6082,1,2,1,6086,A
5-NP,565,6206,0,8,0,6214,A
5-NP,566,2,6226,0,2,6230,T
5-NP,567,0,6,6254,0,6260,G
5-NP,568,2,1,6321,1,6325,G
5-NP,569,0,6215,0,6,6221,T
5-NP,570,9,5,6238,0,6252,G
5-NP,571,6243,0,6,0,6249,A
5-NP,572,0,6216,0,3,6219,T
5-NP,573,1,2,6230,1,6234,G
5-NP,574,1,8,6335,1,6345,G
5-NP,575,6331,0,6,1,6338,A
5-NP,576,6335,1,3,0,6339,A
5-NP,577,0,0,1,6316,6317,C
5-NP,578,0,6248,0,1,6249,T
5-NP,579,6226,0,4,0,6230,A
5-NP,580,6502,0,2,0,6504,A
5-NP,581,1,6510,2,0,6513,T
5-NP,582,5,0,1,6519,6525,C
5-NP,583,6347,1,4,2,6354,A
5-NP,584,0,3,6433,0,6436,G
5-NP,585,6426,0,3,0,6429,A
5-NP,586,6431,2,5,0,6438,A
5-NP,587,3,6419,0,3,6425,T
5-NP,588,1,5,6359,1,6366,G
5-NP,589,4,2,6445,1,6452,G
5-NP,590,3,6442,0,11,6456,T
5-NP,591,10,2,2,6446,6460,C
5-NP,592,6454,1,2,0,6457,A
5-NP,593,6446,1,1,0,6448,A
5-NP,594,6453,2,4,0,6459,A
5-NP,595,0,4,0,6454,6458,C
5-NP,596,2,6,6432,2,6442,G
5-NP,597,1,6,6454,0,6461,G
5-NP,598,28,15,6349,0,6392,G
5-NP,599,0,11,6410,0,6421,G
5-NP,600,5,6,6404,0,6415,G
5-NP,601,6409,6,11,0,6426,A
5-NP,602,0,6367,2,9,6378,T
5-NP,603,4,2,0,6374,6380,C
5-NP,604,6388,1,1,1,6391,A
5-NP,605,6385,2,8,0,6395,A
5-NP,606,0,0,1,6337,6338,C
5-NP,607,1,11,6301,0,6313,G
5-NP,608,6294,2,2,0,6298,A
5-NP,609,2,6283,0,9,6294,T
5-NP,610,15,0,0,6288,6303,C
5-NP,611,1,4,6301,0,6306,G
5-NP,612,6288,3,1,0,6292,A
5-NP,613,6307,0,0,0,6307,A
5-NP,614,6300,0,1,0,6301,A
5-NP,615,1,6337,1,1,6340,T
5-NP,616,0,6330,2,1,6333,T
5-NP,617,1,6319,0,6,6326,T
5-NP,618,1,6355,2,4,6362,T
5-NP,619,1,6362,1,2,6366,T
5-NP,620,2,4,6374,1,6381,G
5-NP,621,12,4,6359,0,6375,G
5-NP,622,6326,1,11,1,6339,A
5-NP,623,2,6,6378,0,6386,G
5-NP,624,6297,2,6,1,6306,A
5-NP,625,1,4,6562,0,6567,G
5-NP,626,2,1,6574,0,6577,G
5-NP,627,0,6555,0,5,6560,T
5-NP,628,2,7,6564,0,6573,G
5-NP,629,6572,1,20,0,6593,A
5-NP,630,2,3,6620,1,6626,G
5-NP,631,6614,0,13,2,6629,A
5-NP,632,6597,2,7,0,6606,A
5-NP,633,0,6589,1,2,6592,T
5-NP,634,2,14,6402,1,6419,G
5-NP,635,0,7,6389,0,6396,G
5-NP,636,6347,0,6,0,6353,A
5-NP,637,4,3,0,6365,6372,C
5-NP,638,2,7,6378,0,6387,G
5-NP,639,1,1,6461,0,6463,G
5-NP,640,6458,0,2,0,6460,A
5-NP,641,6459,1,4,0,6464,A
5-NP,642,6537,1,4,0,6542,A
5-NP,643,6532,2,11,3,6548,A
5-NP,644,0,0,0,6584,6584,C
5-NP,645,6568,1,6,0,6575,A
5-NP,646,6567,3,5,0,6575,A
5-NP,647,0,5,6572,1,6578,G
5-NP,648,6410,1,2,1,6414,A
5-NP,649,6423,1,5,2,6431,A
5-NP,650,2,0,6585,1,6588,G
5-NP,651,2,6578,2,2,6584,T
5-NP,652,6,0,6873,0,6879,G
5-NP,653,2,2,0,6840,6844,C
5-NP,654,1,6830,0,8,6839,T
5-NP,655,1,6859,1,2,6863,T
5-NP,656,6946,0,1,0,6947,A
5-NP,657,3,6954,0,2,6959,T
5-NP,658,2,15,6958,0,6975,G
5-NP,659,6806,1,13,3,6823,A
5-NP,660,0,7,6849,1,6857,G
5-NP,661,6537,1,7,0,6545,A
5-NP,662,0,4,6569,0,6573,G
5-NP,663,6548,0,4,0,6552,A
5-NP,664,6598,1,4,0,6603,A
5-NP,665,0,6555,0,8,6563,T
5-NP,666,3,0,6634,1,6638,G
5-NP,667,1,6595,1,8,6605,T
5-NP,668,5,2,6613,0,6620,G
5-NP,669,3,3,0,6606,6612,C
5-NP,670,6601,0,8,0,6609,A
5-NP,671,6588,6,9,0,6603,A
5-NP,672,0,0,1,6576,6577,C
5-NP,673,6513,2,2,0,6517,A
5-NP,674,1,6504,2,4,6511,T
5-NP,675,1,6438,1,7,6447,T
5-NP,676,5,1,1,6451,6458,C
5-NP,677,2,6441,0,4,6447,T
5-NP,678,3,6445,0,6,6454,T
5-NP,679,6466,0,1,0,6467,A
5-NP,680,6441,1,4,1,6447,A
5-NP,681,6431,2,6,1,6440,A
5-NP,682,0,6,6431,0,6437,G
5-NP,683,0,7,6413,0,6420,G
5-NP,684,6406,1,4,0,6411,A
5-NP,685,6384,1,4,0,6389,A
5-NP,686,6394,3,2,2,6401,A
5-NP,687,6506,1,1,1,6509,A
5-NP,688,1,6472,2,2,6477,T
5-NP,689,2,6489,1,2,6494,T
5-NP,690,3,6512,1,1,6517,T
5-NP,691,14,30,0,6483,6527,C
5-NP,692,6526,0,4,0,6530,A
5-NP,693,6520,2,2,1,6525,A
5-NP,694,6520,2,6,0,6528,A
5-NP,695,0,1,0,6594,6595,C
5-NP,696,6485,0,3,0,6488,A
5-NP,697,1,2,6581,0,6584,G
5-NP,698,1,0,0,6581,6582,C
5-NP,699,0,6567,0,9,6576,T
5-NP,700,2,1,6691,0,6694,G
5-NP,701,2,3,0,6664,6669,C
5-NP,702,6717,0,13,0,6730,A
5-NP,703,3,2,0,6728,6733,C
5-NP,704,6666,0,2,0,6668,A
5-NP,705,6674,2,3,0,6679,A
5-NP,706,6500,0,1,2,6503,A
5-NP,707,0,13,6744,0,6757,G
5-NP,708,6726,1,13,1,6741,A
5-NP,709,1,3,6743,0,6747,G
5-NP,710,2,4,0,6709,6715,C
5-NP,711,6708,1,0,1,6710,A
5-NP,712,6868,0,10,2,6880,A
5-NP,713,2,6881,0,4,6887,T
5-NP,714,3,6,6886,1,6896,G
5-NP,715,2,0,6924,0,6926,G
5-NP,716,4,6712,0,1,6717,T
5-NP,717,1,4,6713,0,6718,G
5-NP,718,4,9,6749,1,6763,G
5-NP,719,6756,1,8,0,6765,A
5-NP,720,1,6730,0,0,6731,T
5-NP,721,11,0,0,6550,6561,C
5-NP,722,6595,1,1,2,6599,A
5-NP,723,6631,1,2,1,6635,A
5-NP,724,1,0,6644,1,6646,G
5-NP,725,3,6601,0,3,6607,T
5-NP,726,5,9,6609,0,6623,G
5-NP,727,6523,0,9,0,6532,A
5-NP,728,0,5,6563,0,6568,G
5-NP,729,6548,3,5,0,6556,A
5-NP,730,0,7,6554,0,6561,G
5-NP,731,6519,4,1,1,6525,A
5-NP,732,6413,2,3,0,6418,A
5-NP,733,6431,0,8,1,6440,A
5-NP,734,1,2,6473,0,6476,G
5-NP,735,0,6438,0,1,6439,T
5-NP,736,8,3,0,6426,6437,C
5-NP,737,4,2,6410,1,6417,G
5-NP,738,41,10,6370,0,6421,G
5-NP,739,6427,2,5,1,6435,A
5-NP,740,6453,3,4,1,6461,A
5-NP,741,3,2,0,6460,6465,C
5-NP,742,8,2,0,6433,6443,C
5-NP,743,7,1,3,6458,6469,C
5-NP,744,6416,1,4,2,6423,A
5-NP,745,5,2,6439,1,6447,G
5-NP,746,2,6,6427,0,6435,G
5-NP,747,6395,1,14,2,6412,A
5-NP,748,6418,0,2,1,6421,A
5-NP,749,6354,0,49,3,6406,A
5-NP,750,1,1,0,6435,6437,C
5-NP,751,1,0,6433,0,6434,G
5-NP,752,2,3,1,6419,6425,C
5-NP,753,0,6388,0,8,6396,T
5-NP,754,1,8,6411,0,6420,G
5-NP,755,6393,0,6,0,6399,A
5-NP,756,1,7,6472,1,6481,G
5-NP,757,6529,0,6,1,6536,A
5-NP,758,2,6525,0,5,6532,T
5-NP,759,7,1,1,6444,6453,C
5-NP,760,5,4,6443,2,6454,G
5-NP,761,6433,2,7,2,6444,A
5-NP,762,6429,0,13,0,6442,A
5-NP,763,0,4,6425,0,6429,G
5-NP,764,6429,0,5,0,6434,A
5-NP,765,1,1,0,6218,6220,C
5-NP,766,4,0,0,6409,6413,C
5-NP,767,2,6413,2,10,6427,T
5-NP,768,4,4,0,6468,6476,C
5-NP,769,6501,0,1,0,6502,A
5-NP,770,1,6491,1,1,6494,T
5-NP,771,6508,0,2,1,6511,A
5-NP,772,2,6503,0,1,6506,T
5-NP,773,1,6459,0,3,6463,T
5-NP,774,0,6346,1,2,6349,T
5-NP,775,3,6301,1,3,6308,T
5-NP,776,0,6307,0,4,6311,T
5-NP,777,6337,0,4,0,6341,A
5-NP,778,0,1,6334,0,6335,G
5-NP,779,1,0,0,6338,6339,C
5-NP,780,6283,1,0,2,6286,A
5-NP,781,6278,1,1,0,6280,A
5-NP,782,0,5,6447,0,6452,G
5-NP,783,6431,1,1,1,6434,A
5-NP,784,0,6444,1,1,6446,T
5-NP,785,2,5,2,6473,6482,C
5-NP,786,0,6453,0,10,6463,T
5-NP,787,0,2,6595,0,6597,G
5-NP,788,1,0,0,6615,6616,C
5-NP,789,6612,0,6,0,6618,A
5-NP,790,3,6658,1,23,6685,T
5-NP,791,2,6480,0,5,6487,T
5-NP,792,1,6,6848,0,6855,G
5-NP,793,6970,0,1,0,6971,A
5-NP,794,1,6956,1,3,6961,T
5-NP,795,6964,0,4,0,6968,A
5-NP,796,1,6795,1,3,6800,T
5-NP,797,0,6738,0,2,6740,T
5-NP,798,0,16,6761,1,6778,G
5-NP,799,6694,3,7,1,6705,A
5-NP,800,5,3,6754,0,6762,G
5-NP,801,6405,2,5,0,6412,A
5-NP,802,2,5,6299,0,6306,G
5-NP,803,0,7,6368,1,6376,G
5-NP,804,6359,1,1,0,6361,A
5-NP,805,2,6353,1,3,6359,T
5-NP,806,5,0,0,6354,6359,C
5-NP,807,6319,1,4,0,6324,A
5-NP,808,0,0,6341,1,6342,G
5-NP,809,0,6301,0,4,6305,T
5-NP,810,1,6264,1,2,6268,T
5-NP,811,2,2,6279,0,6283,G
5-NP,812,1,1,0,6216,6218,C
5-NP,813,2,6198,2,13,6215,T
5-NP,814,15,2,0,6230,6247,C
5-NP,815,6257,1,6,1,6265,A
5-NP,816,2,2,1,6259,6264,C
5-NP,817,6240,1,1,0,6242,A
5-NP,818,6265,1,2,3,6271,A
5-NP,819,6279,2,0,0,6281,A
5-NP,820,0,6251,0,3,6254,T
5-NP,821,3,0,0,6257,6260,C
5-NP,822,2,6235,2,7,6246,T
5-NP,823,1,6230,0,2,6233,T
5-NP,824,2,3,6229,0,6234,G
5-NP,825,5,4,1,6221,6231,C
5-NP,826,3,2,0,6306,6311,C
5-NP,827,2,6285,0,4,6291,T
5-NP,828,6316,1,6,0,6323,A
5-NP,829,2,2,0,6306,6310,C
5-NP,830,2,1,0,6310,6313,C
5-NP,831,1,6278,2,6,6287,T
5-NP,832,21,2,6352,0,6375,G
5-NP,833,2,1,0,6346,6349,C
5-NP,834,10,3,1,6332,6346,C
5-NP,835,1,6245,1,4,6251,T
5-NP,836,2,2,6317,0,6321,G
5-NP,837,0,6278,0,5,6283,T
5-NP,838,1,5,6343,1,6350,G
5-NP,839,1,5,0,6365,6371,C
5-NP,840,1,1,6462,0,6464,G
5-NP,841,1,6364,0,6,6371,T
5-NP,842,6364,1,1,0,6366,A
5-NP,843,2,6362,0,2,6366,T
5-NP,844,0,5,6353,0,6358,G
5-NP,845,1,8,6561,0,6570,G
5-NP,846,6540,0,7,0,6547,A
5-NP,847,1,4,0,6435,6440,C
5-NP,848,4,0,1,6438,6443,C
5-NP,849,1,6325,1,15,6342,T
5-NP,850,3,0,6647,0,6650,G
5-NP,851,1,5,0,6685,6691,C
5-NP,852,6689,0,12,1,6702,A
5-NP,853,1,0,6816,0,6817,G
5-NP,854,0,6459,0,6,6465,T
5-NP,855,6724,0,0,1,6725,A
5-NP,856,0,6705,1,2,6708,T
5-NP,857,7,0,1,6665,6673,C
5-NP,858,3,1,0,6680,6684,C
5-NP,859,6343,1,0,0,6344,A
5-NP,860,2,2,6378,0,6382,G
5-NP,861,2,6333,1,7,6343,T
5-NP,862,3,9,6366,1,6379,G
5-NP,863,0,4,6377,0,6381,G
5-NP,864,5,1,6259,0,6265,G
5-NP,865,1,6253,0,17,6271,T
5-NP,866,6254,0,6,1,6261,A
5-NP,867,0,5,0,6253,6258,C
5-NP,868,1,6,6232,1,6240,G
5-NP,869,6214,0,4,0,6218,A
5-NP,870,1,0,1,6213,6215,C
5-NP,871,0,6043,1,7,6051,T
5-NP,872,0,6053,1,2,6056,T
5-NP,873,6,4,0,6019,6029,C
5-NP,874,1,5,6033,0,6039,G
5-NP,875,6043,1,1,0,6045,A
5-NP,876,6029,0,3,0,6032,A
5-NP,877,6062,0,0,0,6062,A
5-NP,878,6053,1,0,0,6054,A
5-NP,879,6017,0,10,0,6027,A
5-NP,880,2,5,6044,1,6052,G
5-NP,881,6027,1,12,0,6040,A
5-NP,882,1,12,6063,0,6076,G
5-NP,883,1,6,6104,0,6111,G
5-NP,884,2,3,6121,0,6126,G
5-NP,885,6130,0,10,0,6140,A
5-NP,886,1,6136,0,6,6143,T
5-NP,887,6165,1,3,0,6169,A
5-NP,888,2,6162,0,7,6171,T
5-NP,889,1,6154,1,1,6157,T
5-NP,890,7,1,0,6180,6188,C
5-NP,891,5,0,0,6136,6141,C
5-NP,892,1,6063,0,3,6067,T
5-NP,893,0,6067,0,1,6068,T
5-NP,894,1,3,6128,0,6132,G
5-NP,895,1,2,6158,0,6161,G
5-NP,896,0,6111,1,2,6114,T
5-NP,897,0,5,6083,0,6088,G
5-NP,898,1,2,6061,0,6064,G
5-NP,899,3,5,6312,0,6320,G
5-NP,900,6323,0,1,1,6325,A
5-NP,901,6326,0,4,0,6330,A
5-NP,902,1,6332,1,4,6338,T
5-NP,903,6207,3,5,0,6215,A
5-NP,904,1,4,6216,0,6221,G
5-NP,905,6172,1,17,0,6190,A
5-NP,906,1,6,0,6172,6179,C
5-NP,907,6,2,2,6110,6120,C
5-NP,908,4,0,0,5914,5918,C
5-NP,909,0,5951,0,20,5971,T
5-NP,910,1,5961,0,7,5969,T
5-NP,911,0,5984,1,4,5989,T
5-NP,912,6,2,1,5978,5987,C
5-NP,913,5976,0,1,0,5977,A
5-NP,914,5981,1,3,1,5986,A
5-NP,915,5967,0,3,0,5970,A
5-NP,916,1,0,0,5971,5972,C
5-NP,917,0,5826,0,4,5830,T
5-NP,918,5793,0,0,0,5793,A
5-NP,919,0,1,0,5838,5839,C
5-NP,920,1,5801,0,13,5815,T
5-NP,921,1,5810,1,2,5814,T
5-NP,922,5,1,1,5826,5833,C
5-NP,923,5815,2,2,0,5819,A
5-NP,924,5819,0,2,0,5821,A
5-NP,925,5795,0,2,1,5798,A
5-NP,926,5799,1,3,1,5804,A
5-NP,927,0,5759,0,0,5759,T
5-NP,928,5661,0,7,1,5669,A
5-NP,929,0,0,5727,0,5727,G
5-NP,930,1,2,0,5740,5743,C
5-NP,931,4,3,0,5796,5803,C
5-NP,932,5810,0,0,0,5810,A
5-NP,933,5831,0,1,1,5833,A
5-NP,934,6015,0,0,0,6015,A
5-NP,935,1,6021,0,1,6023,T
5-NP,936,6047,0,1,1,6049,A
5-NP,937,0,6045,0,4,6049,T
5-NP,938,5934,0,4,0,5938,A
5-NP,939,1,0,0,5947,5948,C
5-NP,940,5809,0,4,0,5813,A
5-NP,941,2,1,5969,0,5972,G
5-NP,942,0,2,0,5940,5942,C
5-NP,943,0,5753,1,8,5762,T
5-NP,944,0,5810,1,0,5811,T
5-NP,945,5845,0,2,0,5847,A
5-NP,946,5843,1,1,0,5845,A
5-NP,947,0,5851,0,0,5851,T
5-NP,948,4,3,1,5839,5847,C
5-NP,949,5654,0,4,0,5658,A
5-NP,950,1,9,5667,1,5678,G
5-NP,951,5668,0,10,0,5678,A
5-NP,952,1,0,0,5704,5705,C
5-NP,953,5,0,0,5645,5650,C
5-NP,954,1,5578,0,4,5583,T
5-NP,955,5617,1,1,0,5619,A
5-NP,956,5611,0,4,0,5615,A
5-NP,957,0,1,0,5638,5639,C
5-NP,958,0,11,5622,0,5633,G
5-NP,959,5528,0,5,0,5533,A
5-NP,960,0,5,5529,0,5534,G
5-NP,961,5487,0,4,0,5491,A
5-NP,962,5516,2,3,0,5521,A
5-NP,963,1,5501,2,1,5505,T
5-NP,964,3,1,6,5437,5447,C
5-NP,965,5,3,0,5433,5441,C
5-NP,966,5335,2,9,1,5347,A
5-NP,967,1,2,5366,0,5369,G
5-NP,968,0,0,0,5362,5362,C
5-NP,969,5385,1,5,0,5391,A
5-NP,970,0,1,0,5409,5410,C
5-NP,971,5328,1,4,0,5333,A
5-NP,972,1,1,0,5337,5339,C
5-NP,973,5332,1,2,0,5335,A
5-NP,974,5329,1,7,1,5338,A
5-NP,975,0,4,5358,0,5362,G
5-NP,976,5287,1,7,1,5296,A
5-NP,977,0,0,5309,0,5309,G
5-NP,978,2,5187,0,2,5191,T
5-NP,979,10,3,1,5162,5176,C
5-NP,980,5157,1,8,1,5167,A
5-NP,981,1,0,5172,0,5173,G
5-NP,982,2,1,0,5171,5174,C
5-NP,983,1,5106,0,7,5114,T
5-NP,984,4,4,5172,0,5180,G
5-NP,985,2,0,5187,0,5189,G
5-NP,986,0,5133,0,5,5138,T
5-NP,987,5,1,5152,0,5158,G
5-NP,988,0,5099,1,2,5102,T
5-NP,989,1,4,5086,1,5092,G
5-NP,990,1,2,5083,0,5086,G
5-NP,991,5050,1,6,1,5058,A
5-NP,992,0,5063,1,5,5069,T
5-NP,993,1,5,4860,1,4867,G
5-NP,994,2,0,4834,0,4836,G
5-NP,995,0,0,0,4821,4821,C
5-NP,996,4776,1,2,0,4779,A
5-NP,997,0,4765,1,4,4770,T
5-NP,998,2,2,4723,0,4727,G
5-NP,999,1,4,0,4754,4759,C
5-NP,1000,5,2,0,4758,4765,C
5-NP,1001,4755,0,2,0,4757,A
5-NP,1002,1,4723,0,3,4727,T
5-NP,1003,1,4662,0,1,4664,T
5-NP,1004,1,0,0,4672,4673,C
5-NP,1005,0,4624,0,2,4626,T
5-NP,1006,1,2,4616,0,4619,G
5-NP,1007,1,1,0,4610,4612,C
5-NP,1008,0,4460,0,11,4471,T
5-NP,1009,2,0,4496,0,4498,G
5-NP,1010,0,1,0,4422,4423,C
5-NP,1011,4433,0,0,0,4433,A
5-NP,1012,1,4430,0,1,4432,T
5-NP,1013,3,4371,1,4,4379,T
5-NP,1014,1,4382,0,1,4384,T
5-NP,1015,1,4,4372,1,4378,G
5-NP,1016,4375,0,1,0,4376,A
5-NP,1017,4374,0,5,0,4379,A
5-NP,1018,0,3,4391,0,4394,G
5-NP,1019,4358,1,1,0,4360,A
5-NP,1020,1,4319,1,4,4325,T
5-NP,1021,1,4322,1,4,4328,T
5-NP,1022,0,4335,1,0,4336,T
5-NP,1023,4330,2,3,0,4335,A
5-NP,1024,4324,0,6,1,4331,A
5-NP,1025,1,1,4328,0,4330,G
5-NP,1026,4332,1,0,0,4333,A
5-NP,1027,1,4286,0,1,4288,T
5-NP,1028,0,4202,0,2,4204,T
5-NP,1029,0,0,4233,0,4233,G
5-NP,1030,2,4213,0,5,4220,T
5-NP,1031,0,4217,0,2,4219,T
5-NP,1032,4211,1,3,0,4215,A
5-NP,1033,4185,1,28,0,4214,A
5-NP,1034,0,0,4213,0,4213,G
5-NP,1035,3,1,0,4214,4218,C
5-NP,1036,1,4111,0,3,4115,T
5-NP,1037,2,4102,0,6,4110,T
5-NP,1038,4,0,0,4094,4098,C
5-NP,1039,4098,0,5,0,4103,A
5-NP,1040,1,4093,0,1,4095,T
5-NP,1041,2,0,0,4091,4093,C
5-NP,1042,4007,0,8,0,4015,A
5-NP,1043,0,1,4005,0,4006,G
5-NP,1044,3952,0,4,1,3957,A
5-NP,1045,0,0,3960,0,3960,G
5-NP,1046,1,3,3947,0,3951,G
5-NP,1047,4,3,3911,0,3918,G
5-NP,1048,3905,2,7,0,3914,A
5-NP,1049,0,0,0,3915,3915,C
5-NP,1050,3914,1,0,0,3915,A
5-NP,1051,3915,1,3,0,3919,A
5-NP,1052,3918,1,3,0,3922,A
5-NP,1053,3922,0,2,1,3925,A
5-NP,1054,0,0,3943,0,3943,G
5-NP,1055,1,3822,0,2,3825,T
5-NP,1056,3798,1,1,0,3800,A
5-NP,1057,1,3755,0,8,3764,T
5-NP,1058,4,1,0,3759,3764,C
5-NP,1059,0,3728,0,18,3746,T
5-NP,1060,6,0,0,3755,3761,C
5-NP,1061,1,1,0,3719,3721,C
5-NP,1062,1,3686,0,0,3687,T
5-NP,1063,3,1,0,3670,3674,C
5-NP,1064,2,3,3658,0,3663,G
5-NP,1065,3,5,3665,1,3674,G
5-NP,1066,1,1,3672,0,3674,G
5-NP,1067,4,1,3648,0,3653,G
5-NP,1068,0,6,3634,0,3640,G
5-NP,1069,3574,0,2,0,3576,A
5-NP,1070,3572,1,3,0,3576,A
5-NP,1071,3578,0,2,0,3580,A
5-NP,1072,0,2,0,3587,3589,C
5-NP,1073,1,3562,0,2,3565,T
5-NP,1074,1,0,3572,0,3573,G
5-NP,1075,2,3537,0,4,3543,T
5-NP,1076,6,1,0,3536,3543,C
5-NP,1077,3570,2,4,0,3576,A
5-NP,1078,3587,0,0,0,3587,A
5-NP,1079,0,1,0,3600,3601,C
5-NP,1080,0,3590,0,2,3592,T
5-NP,1081,3507,0,1,0,3508,A
5-NP,1082,1,3,3517,0,3521,G
5-NP,1083,3432,1,3,0,3436,A
5-NP,1084,0,0,3440,0,3440,G
5-NP,1085,0,1,3424,0,3425,G
5-NP,1086,3243,0,4,0,3247,A
5-NP,1087,0,0,3263,0,3263,G
5-NP,1088,0,3211,0,4,3215,T
5-NP,1089,3213,0,3,0,3216,A
5-NP,1090,1,0,0,3213,3214,C
5-NP,1091,3159,2,1,0,3162,A
5-NP,1092,3162,0,1,0,3163,A
5-NP,1093,3125,1,0,0,3126,A
5-NP,1094,0,3092,0,1,3093,T
5-NP,1095,0,3059,0,0,3059,T
5-NP,1096,0,1,2956,0,2957,G
5-NP,1097,1,0,0,2918,2919,C
5-NP,1098,1,2904,0,3,2908,T
5-NP,1099,1,2899,1,2,2903,T
5-NP,1100,1,0,0,2905,2906,C
5-NP,1101,2902,0,2,0,2904,A
5-NP,1102,2899,0,2,0,2901,A
5-NP,1103,2908,0,0,0,2908,A
5-NP,1104,0,2900,0,2,2902,T
5-NP,1105,0,1,2903,0,2904,G
5-NP,1106,2832,0,4,0,2836,A
5-NP,1107,0,2,2833,0,2835,G
5-NP,1108,2833,1,4,0,2838,A
5-NP,1109,2828,1,4,0,2833,A
5-NP,1110,1,2,1,2828,2832,C
5-NP,1111,2787,1,2,0,2790,A
5-NP,1112,1,2786,0,2,2789,T
5-NP,1113,1,2,2778,0,2781,G
5-NP,1114,1,1,2780,0,2782,G
5-NP,1115,2778,0,1,0,2779,A
5-NP,1116,1,2699,1,0,2701,T
5-NP,1117,2652,0,1,1,2654,A
5-NP,1118,2673,1,0,0,2674,A
5-NP,1119,0,2613,0,0,2613,T
5-NP,1120,2587,0,2,0,2589,A
5-NP,1121,1,2576,0,1,2578,T
5-NP,1122,0,1,2306,0,2307,G
5-NP,1123,0,1,2233,0,2234,G
5-NP,1124,0,0,2219,0,2219,G
5-NP,1125,2188,0,0,0,2188,A
5-NP,1126,0,2188,0,0,2188,T
5-NP,1127,1,1,0,1469,1471,C
5-NP,1128,0,4,1469,0,1473,G
5-NP,1129,1466,0,0,0,1466,A
5-NP,1130,0,1,1467,0,1468,G
5-NP,1131,0,0,0,1465,1465,C
5-NP,1132,1433,0,0,0,1433,A
5-NP,1133,0,0,0,1431,1431,C
5-NP,1134,1,1388,0,3,1392,T
5-NP,1135,0,0,0,1394,1394,C
5-NP,1136,0,1384,1,1,1386,T
5-NP,1137,1,1344,0,1,1346,T
5-NP,1138,0,1,1343,0,1344,G
5-NP,1139,1333,0,0,0,1333,A
5-NP,1140,1331,0,2,0,1333,A
5-NP,1141,0,0,0,1332,1332,C
5-NP,1142,0,792,1,1,794,T
5-NP,1143,0,2,791,0,793,G
5-NP,1144,719,1,6,0,726,A
5-NP,1145,0,0,728,0,728,G
5-NP,1146,723,0,0,0,723,A
5-NP,1147,672,0,0,0,672,A
5-NP,1148,0,0,672,0,672,G
5-NP,1149,0,0,0,614,614,C
5-NP,1150,1,0,608,0,609,G
5-NP,1151,0,0,607,0,607,G
5-NP,1152,1,1,554,0,556,G
5-NP,1153,0,543,0,1,544,T
5-NP,1154,511,0,0,0,511,A
5-NP,1155,0,0,0,509,509,C
5-NP,1156,0,197,0,0,197,T
5-NP,1157,0,0,173,0,173,G
5-NP,1158,1,0,139,0,140,G
5-NP,1159,0,0,116,0,116,G
5-NP,1160,0,0,0,95,95,C
5-NP,1161,0,0,0,25,25,C
5-NP,1162,23,0,0,0,23,A
5-NP,1163,0,23,0,0,23,T
5-NP,1164,22,0,0,0,22,A
5-NP,1165,23,0,0,0,23,A
5-NP,1166,0,0,23,0,23,G
5-NP,1167,0,1,22,0,23,G
5-NP,1168,22,0,0,0,22,A
5-NP,1169,0,0,0,22,22,C
5-NP,1170,0,0,0,22,22,C
5-NP,1171,22,0,0,0,22,A
5-NP,1172,0,0,23,0,23,G
5-NP,1173,0,0,23,0,23,G
5-NP,1174,23,0,0,0,23,A
5-NP,1175,0,0,23,0,23,G
5-NP,1176,0,22,0,0,22,T
5-NP,1177,0,0,22,0,22,G
5-NP,1178,0,0,23,0,23,G
5-NP,1179,23,0,0,0,23,A
5-NP,1180,0,0,24,0,24,G
5-NP,1181,0,0,24,0,24,G
5-NP,1182,24,0,0,0,24,A
5-NP,1183,24,0,0,0,24,A
5-NP,1184,24,0,0,0,24,A
5-NP,1185,0,0,0,24,24,C
5-NP,1186,24,0,0,0,24,A
5-NP,1187,0,0,0,24,24,C
5-NP,1188,0,24,0,0,24,T
5-NP,1189,25,0,0,0,25,A
5-NP,1190,25,0,0,0,25,A
5-NP,1191,0,26,0,0,26,T
5-NP,1192,0,0,0,27,27,C
5-NP,1193,27,0,0,0,27,A
5-NP,1194,27,0,0,0,27,A
5-NP,1195,0,0,0,27,27,C
5-NP,1196,27,0,0,0,27,A
5-NP,1197,0,0,27,0,27,G
5-NP,1198,26,0,0,0,26,A
5-NP,1199,0,0,26,0,26,G
5-NP,1200,0,0,26,0,26,G
5-NP,1201,0,0,24,0,24,G
5-NP,1202,0,0,0,23,23,C
5-NP,1203,0,0,0,24,24,C
5-NP,1204,0,23,0,0,23,T
5-NP,1205,0,0,0,23,23,C
5-NP,1206,0,0,0,22,22,C
5-NP,1207,0,0,22,0,22,G
5-NP,1208,0,0,0,22,22,C
5-NP,1209,22,0,0,0,22,A
5-NP,1210,0,0,22,0,22,G
5-NP,1211,0,0,22,0,22,G
5-NP,1212,0,0,0,22,22,C
5-NP,1213,0,0,0,22,22,C
5-NP,1214,22,0,0,0,22,A
5-NP,1215,22,0,0,0,22,A
5-NP,1216,22,0,0,0,22,A
5-NP,1217,0,0,0,23,23,C
5-NP,1218,0,0,0,23,23,C
5-NP,1219,23,0,0,0,23,A
5-NP,1220,0,0,23,0,23,G
5-NP,1221,0,23,0,0,23,T
5-NP,1222,0,0,23,0,23,G
5-NP,1223,0,23,0,0,23,T
5-NP,1224,0,0,23,0,23,G
5-NP,1225,0,0,0,23,23,C
5-NP,1226,22,0,0,0,22,A
5-NP,1227,22,0,0,0,22,A
5-NP,1228,0,0,0,22,22,C
5-NP,1229,0,0,0,22,22,C
5-NP,1230,0,22,0,0,22,T
5-NP,1231,22,0,0,0,22,A
5-NP,1232,0,0,0,22,22,C
5-NP,1233,0,0,22,0,22,G
5-NP,1234,0,21,0,0,21,T
5-NP,1235,0,21,0,0,21,T
5-NP,1236,0,21,0,0,21,T
5-NP,1237,0,21,0,0,21,T
5-NP,1238,0,0,0,21,21,C
5-NP,1239,0,21,0,0,21,T
5-NP,1240,0,0,21,0,21,G
5-NP,1241,0,21,0,0,21,T
5-NP,1242,21,0,0,0,21,A
5-NP,1243,0,0,0,22,22,C
5-NP,1244,22,0,0,0,22,A
5-NP,1245,21,0,0,0,21,A
5-NP,1246,22,0,0,0,22,A
5-NP,1247,0,0,22,0,22,G
5-NP,1248,22,0,0,0,22,A
5-NP,1249,19,0,0,0,19,A
5-NP,1250,19,0,0,0,19,A
5-NP,1251,0,0,0,19,19,C
5-NP,1252,0,0,0,19,19,C
5-NP,1253,0,19,0,0,19,T
5-NP,1254,0,0,0,19,19,C
5-NP,1255,0,0,0,19,19,C
5-NP,1256,0,0,0,19,19,C
5-NP,1257,19,0,0,0,19,A
5-NP,1258,0,19,0,0,19,T
5-NP,1259,0,20,0,0,20,T
5-NP,1260,0,20,0,0,20,T
5-NP,1261,0,0,20,0,20,G
5-NP,1262,20,0,0,0,20,A
5-NP,1263,19,0,0,0,19,A
5-NP,1264,20,0,0,0,20,A
5-NP,1265,20,0,0,0,20,A
5-NP,1266,0,0,21,0,21,G
5-NP,1267,0,20,0,0,20,T
5-NP,1268,0,0,0,20,20,C
5-NP,1269,20,0,0,0,20,A
5-NP,1270,20,0,0,0,20,A
5-NP,1271,0,0,0,20,20,C
5-NP,1272,0,0,0,21,21,C
5-NP,1273,21,0,0,0,21,A
5-NP,1274,0,21,0,0,21,T
5-NP,1275,0,0,0,21,21,C
5-NP,1276,21,0,0,0,21,A
5-NP,1277,0,22,0,0,22,T
5-NP,1278,0,0,22,0,22,G
5-NP,1279,0,0,22,0,22,G
5-NP,1280,0,0,0,22,22,C
5-NP,1281,22,0,0,0,22,A
5-NP,1282,0,0,22,0,22,G
5-NP,1283,0,0,0,22,22,C
5-NP,1284,22,0,0,0,22,A
5-NP,1285,0,22,0,0,22,T
5-NP,1286,0,22,0,0,22,T
5-NP,1287,0,0,0,22,22,C
5-NP,1288,22,0,0,0,22,A
5-NP,1289,0,0,0,21,21,C
5-NP,1290,0,22,0,0,22,T
5-NP,1291,0,0,22,0,22,G
5-NP,1292,0,0,23,0,23,G
5-NP,1293,22,0,0,0,22,A
5-NP,1294,22,0,0,0,22,A
5-NP,1295,22,0,0,0,22,A
5-NP,1296,0,22,0,0,22,T
5-NP,1297,22,0,0,0,22,A
5-NP,1298,0,0,0,22,22,C
5-NP,1299,0,0,22,0,22,G
5-NP,1300,0,0,22,0,22,G
5-NP,1301,22,0,0,0,22,A
5-NP,1302,0,0,22,0,22,G
5-NP,1303,0,0,22,0,22,G
5-NP,1304,0,0,22,0,22,G
5-NP,1305,22,0,0,0,22,A
5-NP,1306,22,0,0,0,22,A
5-NP,1307,0,0,22,0,22,G
5-NP,1308,22,0,0,0,22,A
5-NP,1309,22,0,0,0,22,A
5-NP,1310,0,0,0,22,22,C
5-NP,1311,0,20,0,0,20,T
5-NP,1312,0,20,0,0,20,T
5-NP,1313,0,0,0,19,19,C
5-NP,1314,19,0,0,0,19,A
5-NP,1315,0,0,19,0,19,G
5-NP,1316,19,0,0,0,19,A
5-NP,1317,0,0,0,19,19,C
5-NP,1318,19,0,0,0,19,A
5-NP,1319,0,19,0,0,19,T
5-NP,1320,0,0,19,0,19,G
5-NP,1321,19,0,0,0,19,A
5-NP,1322,0,0,19,0,19,G
5-NP,1323,0,0,19,0,19,G
5-NP,1324,0,0,18,0,18,G
5-NP,1325,0,0,0,18,18,C
5-NP,1326,18,0,0,0,18,A
5-NP,1327,0,0,18,0,18,G
5-NP,1328,18,0,0,0,18,A
5-NP,1329,18,0,0,0,18,A
5-NP,1330,18,0,0,0,18,A
5-NP,1331,0,18,0,0,18,T
5-NP,1332,0,0,0,18,18,C
5-NP,1333,18,0,0,0,18,A
5-NP,1334,0,18,0,0,18,T
5-NP,1335,18,0,0,0,18,A
5-NP,1336,18,0,0,0,18,A
5-NP,1337,0,0,18,0,18,G
5-NP,1338,18,0,0,0,18,A
5-NP,1339,18,0,0,0,18,A
5-NP,1340,0,18,0,0,18,T
5-NP,1341,0,0,17,0,17,G
5-NP,1342,17,0,0,0,17,A
5-NP,1343,0,17,0,0,17,T
5-NP,1344,0,0,17,0,17,G
5-NP,1345,0,0,17,0,17,G
5-NP,1346,17,0,0,0,17,A
5-NP,1347,17,0,0,0,17,A
5-NP,1348,17,0,0,0,17,A
5-NP,1349,0,0,17,0,17,G
5-NP,1350,0,17,0,0,17,T
5-NP,1351,0,0,17,0,17,G
5-NP,1352,0,0,0,17,17,C
5-NP,1353,17,0,0,0,17,A
5-NP,1354,17,0,0,0,17,A
5-NP,1355,17,0,0,0,17,A
5-NP,1356,18,0,0,0,18,A
5-NP,1357,0,0,0,18,18,C
5-NP,1358,0,0,0,18,18,C
5-NP,1359,17,0,0,0,17,A
5-NP,1360,0,0,17,0,17,G
5-NP,1361,17,0,0,0,17,A
5-NP,1362,17,0,0,0,17,A
5-NP,1363,0,0,17,0,17,G
5-NP,1364,17,0,0,0,17,A
5-NP,1365,16,0,0,0,16,A
5-NP,1366,0,0,16,0,16,G
5-NP,1367,0,16,0,0,16,T
5-NP,1368,0,0,16,0,16,G
5-NP,1369,0,16,0,0,16,T
5-NP,1370,0,0,0,16,16,C
5-NP,1371,16,0,0,0,16,A
5-NP,1372,0,16,0,0,16,T
5-NP,1373,0,16,0,0,16,T
5-NP,1374,0,0,0,16,16,C
5-NP,1375,0,0,0,16,16,C
5-NP,1376,0,0,16,0,16,G
5-NP,1377,0,0,15,0,15,G
5-NP,1378,0,0,16,0,16,G
5-NP,1379,0,0,16,0,16,G
5-NP,1380,0,0,16,0,16,G
5-NP,1381,15,0,1,0,16,A
5-NP,1382,0,0,16,0,16,G
5-NP,1383,0,0,16,0,16,G
5-NP,1384,0,0,15,0,15,G
5-NP,1385,0,0,16,0,16,G
5-NP,1386,15,0,1,0,16,A
5-NP,1387,0,0,16,0,16,G
5-NP,1388,0,15,0,0,15,T
5-NP,1389,0,0,0,16,16,C
5-NP,1390,0,16,0,0,16,T
5-NP,1391,0,16,0,0,16,T
5-NP,1392,0,0,0,16,16,C
5-NP,1393,0,0,15,0,15,G
5-NP,1394,16,0,0,0,16,A
5-NP,1395,0,0,16,0,16,G
5-NP,1396,0,0,0,15,15,C
5-NP,1397,0,15,0,0,15,T
5-NP,1398,0,0,0,15,15,C
5-NP,1399,0,15,0,0,15,T
5-NP,1400,1,0,0,14,15,C
5-NP,1401,15,0,0,0,15,A
5-NP,1402,0,0,15,0,15,G
5-NP,1403,15,0,0,0,15,A
5-NP,1404,0,0,0,15,15,C
5-NP,1405,0,0,15,0,15,G
5-NP,1406,14,0,1,0,15,A
5-NP,1407,0,0,14,0,14,G
5-NP,1408,14,0,0,0,14,A
5-NP,1409,14,0,0,0,14,A
5-NP,1410,0,0,14,0,14,G
5-NP,1411,0,0,13,0,13,G
5-NP,1412,0,0,0,12,12,C
5-NP,1413,13,0,0,0,13,A
5-NP,1414,13,0,0,0,13,A
5-NP,1415,0,0,0,13,13,C
5-NP,1416,0,0,13,0,13,G
5-NP,1417,13,0,0,0,13,A
5-NP,1418,13,0,0,0,13,A
5-NP,1419,0,0,0,13,13,C
5-NP,1420,0,0,0,13,13,C
5-NP,1421,0,0,0,13,13,C
5-NP,1422,0,0,13,0,13,G
5-NP,1423,13,0,0,0,13,A
5-NP,1424,0,13,0,0,13,T
5-NP,1425,0,0,0,13,13,C
5-NP,1426,0,0,13,0,13,G
5-NP,1427,0,13,0,0,13,T
5-NP,1428,0,0,13,0,13,G
5-NP,1429,0,0,0,12,12,C
5-NP,1430,0,0,0,13,13,C
5-NP,1431,0,0,0,12,12,C
5-NP,1432,0,12,0,0,12,T
5-NP,1433,0,0,0,13,13,C
5-NP,1434,0,13,0,0,13,T
5-NP,1435,0,13,0,0,13,T
5-NP,1436,0,13,0,0,13,T
5-NP,1437,0,13,0,0,13,T
5-NP,1438,0,0,13,0,13,G
5-NP,1439,13,0,0,0,13,A
5-NP,1440,0,13,0,0,13,T
5-NP,1441,13,0,0,0,13,A
5-NP,1442,0,8,0,0,8,T
5-NP,1443,0,0,9,0,9,G
5-NP,1444,9,0,0,0,9,A
5-NP,1445,0,0,9,0,9,G
5-NP,1446,0,9,0,0,9,T
5-NP,1447,8,0,0,0,8,A
5-NP,1448,8,0,0,0,8,A
5-NP,1449,0,8,0,0,8,T
5-NP,1450,0,0,8,0,8,G
5-NP,1451,8,0,0,0,8,A
5-NP,1452,8,0,0,0,8,A
5-NP,1453,0,0,8,0,8,G
5-NP,1454,0,0,7,0,7,G
5-NP,1455,7,0,0,0,7,A
5-NP,1456,0,7,0,0,7,T
5-NP,1457,0,0,0,7,7,C
5-NP,1458,0,7,0,0,7,T
5-NP,1459,0,7,0,0,7,T
5-NP,1460,7,0,0,0,7,A
5-NP,1461,0,7,0,0,7,T
5-NP,1462,0,6,0,0,6,T
5-NP,1463,0,6,0,0,6,T
5-NP,1464,0,0,0,4,4,C
5-NP,1465,0,5,0,0,5,T
5-NP,1466,0,5,0,0,5,T
5-NP,1467,0,0,0,5,5,C
5-NP,1468,0,0,5,0,5,G
5-NP,1469,0,0,5,0,5,G
5-NP,1470,5,0,0,0,5,A
5-NP,1471,0,0,5,0,5,G
5-NP,1472,5,0,0,0,5,A
5-NP,1473,0,0,0,5,5,C
5-NP,1474,5,0,0,0,5,A
5-NP,1475,5,0,0,0,5,A
5-NP,1476,0,5,0,0,5,T
5-NP,1477,0,0,5,0,5,G
5-NP,1478,0,0,0,5,5,C
5-NP,1479,5,0,0,0,5,A
5-NP,1480,0,0,5,0,5,G
5-NP,1481,5,0,0,0,5,A
5-NP,1482,5,0,0,0,5,A
5-NP,1483,0,0,5,0,5,G
5-NP,1484,1,0,0,0,1,A
5-NP,1485,0,0,1,0,1,G
5-NP,1486,0,1,0,0,1,T
5-NP,1487,1,0,0,0,1,A
5-NP,1488,0,1,0,0,1,T
5-NP,1489,0,0,1,0,1,G
5-NP,1490,1,0,0,0,1,A
5-NP,1491,0,0,0,1,1,C
5-NP,1492,1,0,0,0,1,A
5-NP,1493,1,0,0,0,1,A
5-NP,1494,0,1,0,0,1,T
5-NP,1495,0,1,0,0,1,T
5-NP,1496,1,0,0,0,1,A
5-NP,1497,1,0,0,0,1,A
6-NA,1,33,0,0,0,33,A
6-NA,2,0,33,0,0,33,T
6-NA,3,0,0,34,0,34,G
6-NA,4,34,0,2,0,36,A
6-NA,5,40,0,0,0,40,A
6-NA,6,0,40,0,0,40,T
6-NA,7,0,0,0,39,39,C
6-NA,8,0,0,0,40,40,C
6-NA,9,40,0,0,0,40,A
6-NA,10,41,0,0,0,41,A
6-NA,11,41,0,0,0,41,A
6-NA,12,0,42,0,0,42,T
6-NA,13,0,0,0,43,43,C
6-NA,14,42,0,0,0,42,A
6-NA,15,43,0,0,0,43,A
6-NA,16,43,0,0,0,43,A
6-NA,17,46,0,1,0,47,A
6-NA,18,0,0,53,0,53,G
6-NA,19,54,0,0,0,54,A
6-NA,20,0,56,0,0,56,T
6-NA,21,56,0,0,0,56,A
6-NA,22,57,0,0,0,57,A
6-NA,23,0,57,0,0,57,T
6-NA,24,57,0,0,0,57,A
6-NA,25,57,0,0,0,57,A
6-NA,26,0,0,0,59,59,C
6-NA,27,0,0,59,0,59,G
6-NA,28,59,0,0,0,59,A
6-NA,29,0,59,0,0,59,T
6-NA,30,0,60,0,0,60,T
6-NA,31,0,0,58,0,58,G
6-NA,32,0,0,63,0,63,G
6-NA,33,0,0,0,63,63,C
6-NA,34,0,63,0,0,63,T
6-NA,35,0,0,0,64,64,C
6-NA,36,0,64,0,0,64,T
6-NA,37,0,0,68,0,68,G
6-NA,38,0,68,0,0,68,T
6-NA,39,0,66,0,2,68,T
6-NA,40,0,69,0,0,69,T
6-NA,41,0,0,0,72,72,C
6-NA,42,0,72,0,0,72,T
6-NA,43,0,0,0,74,74,C
6-NA,44,0,74,0,0,74,T
6-NA,45,0,0,0,76,76,C
6-NA,46,74,0,1,0,75,A
6-NA,47,0,0,0,78,78,C
6-NA,48,0,0,0,77,77,C
6-NA,49,78,0,0,0,78,A
6-NA,50,0,80,0,0,80,T
6-NA,51,0,81,0,0,81,T
6-NA,52,0,82,0,0,82,T
6-NA,53,1,0,0,83,84,C
6-NA,54,0,0,0,85,85,C
6-NA,55,85,0,0,0,85,A
6-NA,56,0,0,0,89,89,C
6-NA,57,90,0,0,0,90,A
6-NA,58,95,0,0,1,96,A
6-NA,59,0,97,0,0,97,T
6-NA,60,99,0,1,0,100,A
6-NA,61,0,99,0,0,99,T
6-NA,62,0,0,100,0,100,G
6-NA,63,0,0,0,100,100,C
6-NA,64,0,100,0,0,100,T
6-NA,65,0,105,0,0,105,T
6-NA,66,0,0,0,105,105,C
6-NA,67,0,103,0,0,103,T
6-NA,68,0,103,0,0,103,T
6-NA,69,0,0,0,103,103,C
6-NA,70,102,0,0,0,102,A
6-NA,71,0,103,0,0,103,T
6-NA,72,0,0,103,0,103,G
6-NA,73,0,0,0,103,103,C
6-NA,74,103,0,0,0,103,A
6-NA,75,103,0,0,0,103,A
6-NA,76,103,0,0,0,103,A
6-NA,77,0,108,0,0,108,T
6-NA,78,0,108,0,0,108,T
6-NA,79,0,0,108,0,108,G
6-NA,80,0,0,0,108,108,C
6-NA,81,0,0,0,108,108,C
6-NA,82,108,0,0,0,108,A
6-NA,83,0,108,0,0,108,T
6-NA,84,0,0,0,119,119,C
6-NA,85,0,119,0,0,119,T
6-NA,86,0,119,0,0,119,T
6-NA,87,0,0,123,0,123,G
6-NA,88,124,0,0,0,124,A
6-NA,89,0,124,0,0,124,T
6-NA,90,124,0,0,0,124,A
6-NA,91,123,0,0,0,123,A
6-NA,92,0,0,0,137,137,C
6-NA,93,0,136,0,0,136,T
6-NA,94,137,0,0,0,137,A
6-NA,95,0,0,0,148,148,C
6-NA,96,0,147,0,0,147,T
6-NA,97,0,0,152,0,152,G
6-NA,98,0,152,0,0,152,T
6-NA,99,155,0,0,0,155,A
6-NA,100,155,0,0,0,155,A
6-NA,101,0,0,0,155,155,C
6-NA,102,154,0,0,0,154,A
6-NA,103,0,153,0,0,153,T
6-NA,104,0,149,0,1,150,T
6-NA,105,0,0,153,0,153,G
6-NA,106,0,0,0,153,153,C
6-NA,107,155,0,0,0,155,A
6-NA,108,0,154,0,0,154,T
6-NA,109,0,154,0,0,154,T
6-NA,110,0,155,0,0,155,T
6-NA,111,0,0,0,154,154,C
6-NA,112,154,0,0,0,154,A
6-NA,113,156,0,0,0,156,A
6-NA,114,0,0,157,0,157,G
6-NA,115,0,0,0,158,158,C
6-NA,116,157,0,0,0,157,A
6-NA,117,164,0,0,0,164,A
6-NA,118,0,167,0,0,167,T
6-NA,119,167,0,0,0,167,A
6-NA,120,0,165,0,0,165,T
6-NA,121,1,1,169,0,171,G
6-NA,122,171,1,0,0,172,A
6-NA,123,175,0,0,0,175,A
6-NA,124,0,172,0,0,172,T
6-NA,125,0,174,0,0,174,T
6-NA,126,0,1,0,174,175,C
6-NA,127,174,0,0,0,174,A
6-NA,128,175,0,0,0,175,A
6-NA,129,0,0,1,173,174,C
6-NA,130,0,173,0,0,173,T
6-NA,131,0,0,0,172,172,C
6-NA,132,0,0,0,172,172,C
6-NA,133,0,0,0,173,173,C
6-NA,134,1,0,0,173,174,C
6-NA,135,1,0,0,173,174,C
6-NA,136,0,0,0,175,175,C
6-NA,137,0,0,0,178,178,C
6-NA,138,177,0,1,0,178,A
6-NA,139,179,0,0,0,179,A
6-NA,140,179,0,0,0,179,A
6-NA,141,0,0,0,183,183,C
6-NA,142,181,0,0,0,181,A
6-NA,143,187,0,2,0,189,A
6-NA,144,0,0,0,189,189,C
6-NA,145,0,0,0,189,189,C
6-NA,146,192,0,0,0,192,A
6-NA,147,193,0,0,0,193,A
6-NA,148,0,0,198,0,198,G
6-NA,149,0,198,0,0,198,T
6-NA,150,0,0,196,0,196,G
6-NA,151,198,0,1,0,199,A
6-NA,152,0,199,0,0,199,T
6-NA,153,0,0,200,0,200,G
6-NA,154,0,0,0,201,201,C
6-NA,155,0,199,0,0,199,T
6-NA,156,0,0,214,0,214,G
6-NA,157,0,212,0,0,212,T
6-NA,158,0,0,213,0,213,G
6-NA,159,0,214,0,0,214,T
6-NA,160,0,1,211,0,212,G
6-NA,161,211,0,1,0,212,A
6-NA,162,213,0,0,0,213,A
6-NA,163,0,0,0,212,212,C
6-NA,164,1,0,0,212,213,C
6-NA,165,206,0,0,0,206,A
6-NA,166,206,0,1,0,207,A
6-NA,167,0,0,0,212,212,C
6-NA,168,211,0,0,0,211,A
6-NA,169,210,0,0,0,210,A
6-NA,170,0,209,0,1,210,T
6-NA,171,211,0,0,0,211,A
6-NA,172,210,0,1,0,211,A
6-NA,173,0,209,0,1,210,T
6-NA,174,210,0,0,0,210,A
6-NA,175,0,0,211,0,211,G
6-NA,176,208,0,0,0,208,A
6-NA,177,207,0,1,0,208,A
6-NA,178,207,0,0,0,207,A
6-NA,179,0,0,206,0,206,G
6-NA,180,208,0,0,0,208,A
6-NA,181,208,0,0,0,208,A
6-NA,182,221,0,0,0,221,A
6-NA,183,1,0,0,222,223,C
6-NA,184,221,0,0,0,221,A
6-NA,185,0,226,0,0,226,T
6-NA,186,228,0,0,0,228,A
6-NA,187,228,0,0,0,228,A
6-NA,188,0,0,0,231,231,C
6-NA,189,227,0,0,1,228,A
6-NA,190,0,0,232,0,232,G
6-NA,191,230,0,0,1,231,A
6-NA,192,0,0,236,0,236,G
6-NA,193,238,0,0,0,238,A
6-NA,194,0,245,0,2,247,T
6-NA,195,245,0,0,1,246,A
6-NA,196,0,0,256,0,256,G
6-NA,197,0,254,0,1,255,T
6-NA,198,0,0,260,0,260,G
6-NA,199,0,251,0,4,255,T
6-NA,200,251,0,2,0,253,A
6-NA,201,0,251,0,1,252,T
6-NA,202,0,0,0,251,251,C
6-NA,203,0,246,0,2,248,T
6-NA,204,0,0,253,0,253,G
6-NA,205,252,0,1,0,253,A
6-NA,206,0,0,0,254,254,C
6-NA,207,0,0,0,249,249,C
6-NA,208,250,0,0,0,250,A
6-NA,209,254,0,0,0,254,A
6-NA,210,0,0,0,253,253,C
6-NA,211,252,0,1,0,253,A
6-NA,212,0,0,0,255,255,C
6-NA,213,1,0,0,250,251,C
6-NA,214,260,0,0,0,260,A
6-NA,215,0,0,0,273,273,C
6-NA,216,1,0,0,271,272,C
6-NA,217,271,0,0,0,271,A
6-NA,218,0,269,0,0,269,T
6-NA,219,270,0,0,0,270,A
6-NA,220,0,0,272,0,272,G
6-NA,221,265,0,1,0,266,A
6-NA,222,0,0,275,0,275,G
6-NA,223,273,0,0,0,273,A
6-NA,224,269,0,0,0,269,A
6-NA,225,0,0,274,0,274,G
6-NA,226,0,1,274,0,275,G
6-NA,227,276,0,0,0,276,A
6-NA,228,275,0,0,0,275,A
6-NA,229,273,0,0,0,273,A
6-NA,230,0,275,0,0,275,T
6-NA,231,271,0,0,0,271,A
6-NA,232,0,271,0,0,271,T
6-NA,233,0,0,272,0,272,G
6-NA,234,0,0,0,274,274,C
6-NA,235,0,0,0,269,269,C
6-NA,236,0,0,0,271,271,C
6-NA,237,0,0,0,271,271,C
6-NA,238,272,0,0,0,272,A
6-NA,239,277,0,0,0,277,A
6-NA,240,280,0,0,0,280,A
6-NA,241,0,0,0,281,281,C
6-NA,242,0,279,0,0,279,T
6-NA,243,280,0,0,0,280,A
6-NA,244,0,0,279,0,279,G
6-NA,245,0,0,0,279,279,C
6-NA,246,280,0,0,0,280,A
6-NA,247,0,0,284,0,284,G
6-NA,248,277,0,0,0,277,A
6-NA,249,285,0,0,0,285,A
6-NA,250,0,286,0,0,286,T
6-NA,251,286,0,1,0,287,A
6-NA,252,0,0,0,288,288,C
6-NA,253,289,0,0,0,289,A
6-NA,254,0,0,290,0,290,G
6-NA,255,292,0,0,0,292,A
6-NA,256,289,0,0,0,289,A
6-NA,257,291,0,0,0,291,A
6-NA,258,0,285,0,0,285,T
6-NA,259,0,284,0,0,284,T
6-NA,260,0,0,288,0,288,G
6-NA,261,0,0,287,0,287,G
6-NA,262,0,288,0,0,288,T
6-NA,263,0,0,0,290,290,C
6-NA,264,288,0,0,0,288,A
6-NA,265,288,0,1,1,290,A
6-NA,266,289,0,0,0,289,A
6-NA,267,0,0,289,0,289,G
6-NA,268,0,1,0,290,291,C
6-NA,269,0,0,0,288,288,C
6-NA,270,0,0,289,0,289,G
6-NA,271,0,0,0,292,292,C
6-NA,272,293,0,1,0,294,A
6-NA,273,294,1,0,0,295,A
6-NA,274,0,293,0,0,293,T
6-NA,275,0,0,296,0,296,G
6-NA,276,0,295,0,1,296,T
6-NA,277,0,1,295,0,296,G
6-NA,278,304,0,0,0,304,A
6-NA,279,0,0,1,307,308,C
6-NA,280,312,0,0,0,312,A
6-NA,281,0,318,0,0,318,T
6-NA,282,0,314,0,0,314,T
6-NA,283,314,0,0,0,314,A
6-NA,284,0,0,0,311,311,C
6-NA,285,310,0,0,0,310,A
6-NA,286,0,0,310,0,310,G
6-NA,287,0,0,307,0,307,G
6-NA,288,0,0,301,0,301,G
6-NA,289,0,310,0,0,310,T
6-NA,290,0,309,0,0,309,T
6-NA,291,0,310,0,0,310,T
6-NA,292,0,0,311,0,311,G
6-NA,293,0,0,0,311,311,C
6-NA,294,310,0,1,0,311,A
6-NA,295,0,0,0,311,311,C
6-NA,296,0,0,0,306,306,C
6-NA,297,0,300,0,0,300,T
6-NA,298,0,300,0,1,301,T
6-NA,299,0,299,0,1,300,T
6-NA,300,0,301,0,0,301,T
6-NA,301,0,305,0,1,306,T
6-NA,302,0,0,0,307,307,C
6-NA,303,0,304,0,2,306,T
6-NA,304,303,0,0,0,303,A
6-NA,305,301,0,0,0,301,A
6-NA,306,1,0,302,0,303,G
6-NA,307,0,0,303,0,303,G
6-NA,308,306,0,0,0,306,A
6-NA,309,0,0,0,306,306,C
6-NA,310,301,1,0,0,302,A
6-NA,311,301,0,0,0,301,A
6-NA,312,0,303,0,0,303,T
6-NA,313,0,305,0,0,305,T
6-NA,314,0,0,0,309,309,C
6-NA,315,0,0,307,0,307,G
6-NA,316,308,0,0,0,308,A
6-NA,317,0,308,0,0,308,T
6-NA,318,0,305,1,0,306,T
6-NA,319,307,0,0,0,307,A
6-NA,320,1,0,309,0,310,G
6-NA,321,0,0,311,0,311,G
6-NA,322,0,0,0,311,311,C
6-NA,323,0,309,0,0,309,T
6-NA,324,0,308,0,0,308,T
6-NA,325,0,310,0,0,310,T
6-NA,326,0,0,0,311,311,C
6-NA,327,0,0,0,311,311,C
6-NA,328,0,0,310,0,310,G
6-NA,329,0,0,0,311,311,C
6-NA,330,0,311,0,0,311,T
6-NA,331,0,0,319,0,319,G
6-NA,332,0,0,317,0,317,G
6-NA,333,0,317,0,0,317,T
6-NA,334,0,0,319,0,319,G
6-NA,335,0,0,318,0,318,G
6-NA,336,0,1,319,0,320,G
6-NA,337,0,0,314,0,314,G
6-NA,338,319,0,0,0,319,A
6-NA,339,0,0,1,321,322,C
6-NA,340,316,0,1,0,317,A
6-NA,341,0,314,0,0,314,T
6-NA,342,0,0,0,318,318,C
6-NA,343,0,316,0,1,317,T
6-NA,344,0,0,318,0,318,G
6-NA,345,0,0,312,0,312,G
6-NA,346,0,0,317,0,317,G
6-NA,347,0,313,0,1,314,T
6-NA,348,0,0,314,0,314,G
6-NA,349,315,0,0,0,315,A
6-NA,350,0,1,0,336,337,C
6-NA,351,337,0,2,0,339,A
6-NA,352,433,0,0,0,433,A
6-NA,353,0,0,466,0,466,G
6-NA,354,472,0,0,0,472,A
6-NA,355,0,0,554,0,554,G
6-NA,356,624,0,0,0,624,A
6-NA,357,811,0,0,0,811,A
6-NA,358,0,0,0,1486,1486,C
6-NA,359,0,0,0,1735,1735,C
6-NA,360,0,1738,0,1,1739,T
6-NA,361,1,1767,0,0,1768,T
6-NA,362,1773,0,1,0,1774,A
6-NA,363,0,1789,0,1,1790,T
6-NA,364,0,0,2024,0,2024,G
6-NA,365,0,2041,0,0,2041,T
6-NA,366,0,0,2169,0,2169,G
6-NA,367,0,2159,0,1,2160,T
6-NA,368,3,0,0,2171,2174,C
6-NA,369,2202,10,2,21,2235,A
6-NA,370,0,2237,0,1,2238,T
6-NA,371,1,0,2236,0,2237,G
6-NA,372,0,1,0,2240,2241,C
6-NA,373,2,5,2231,0,2238,G
6-NA,374,2781,0,1,0,2782,A
6-NA,375,1,2792,0,1,2794,T
6-NA,376,4,0,0,2881,2885,C
6-NA,377,3,3,2,2890,2898,C
6-NA,378,0,3017,1,9,3027,T
6-NA,379,3,5,3077,0,3085,G
6-NA,380,3076,2,4,1,3083,A
6-NA,381,0,1,0,3095,3096,C
6-NA,382,3092,0,2,0,3094,A
6-NA,383,3093,0,1,0,3094,A
6-NA,384,3,0,3310,1,3314,G
6-NA,385,0,3317,0,1,3318,T
6-NA,386,0,0,3404,0,3404,G
6-NA,387,0,3406,0,3,3409,T
6-NA,388,1,3409,0,3,3413,T
6-NA,389,3416,1,2,0,3419,A
6-NA,390,0,3415,0,5,3420,T
6-NA,391,5,0,0,3492,3497,C
6-NA,392,3518,0,0,0,3518,A
6-NA,393,3522,1,0,0,3523,A
6-NA,394,0,3517,0,4,3521,T
6-NA,395,0,3512,0,2,3514,T
6-NA,396,0,3515,0,2,3517,T
6-NA,397,0,1,3545,0,3546,G
6-NA,398,1,4,0,3850,3855,C
6-NA,399,3,0,0,3857,3860,C
6-NA,400,3,3,0,3886,3892,C
6-NA,401,2,3885,1,1,3889,T
6-NA,402,0,3888,0,4,3892,T
6-NA,403,4,7,3971,1,3983,G
6-NA,404,1,1,4000,0,4002,G
6-NA,405,4020,1,4,0,4025,A
6-NA,406,1,0,0,4033,4034,C
6-NA,407,3987,0,9,2,3998,A
6-NA,408,1,8,4121,0,4130,G
6-NA,409,2,5,4137,0,4144,G
6-NA,410,2,9,4338,1,4350,G
6-NA,411,4343,1,2,0,4346,A
6-NA,412,4328,2,9,0,4339,A
6-NA,413,0,2,0,4361,4363,C
6-NA,414,4347,1,5,0,4353,A
6-NA,415,4968,0,5,0,4973,A
6-NA,416,0,1,0,5010,5011,C
6-NA,417,5004,0,6,2,5012,A
6-NA,418,1,4,0,5046,5051,C
6-NA,419,1,5009,0,2,5012,T
6-NA,420,5102,0,1,0,5103,A
6-NA,421,5074,0,18,3,5095,A
6-NA,422,5133,0,8,1,5142,A
6-NA,423,0,0,0,5156,5156,C
6-NA,424,5010,0,2,0,5012,A
6-NA,425,5100,0,4,0,5104,A
6-NA,426,0,1,0,5149,5150,C
6-NA,427,2,1,5142,2,5147,G
6-NA,428,1,5134,1,3,5139,T
6-NA,429,5107,0,5,0,5112,A
6-NA,430,1,3,0,5236,5240,C
6-NA,431,5234,0,6,0,5240,A
6-NA,432,2,5269,0,4,5275,T
6-NA,433,4,5278,0,1,5283,T
6-NA,434,5,6,0,5576,5587,C
6-NA,435,5735,1,37,0,5773,A
6-NA,436,5822,0,3,0,5825,A
6-NA,437,5810,0,2,0,5812,A
6-NA,438,0,5828,1,0,5829,T
6-NA,439,5788,0,3,0,5791,A
6-NA,440,6038,2,3,0,6043,A
6-NA,441,0,2,0,6084,6086,C
6-NA,442,6082,0,5,0,6087,A
6-NA,443,0,4,0,6218,6222,C
6-NA,444,6116,1,7,1,6125,A
6-NA,445,0,1,7634,0,7635,G
6-NA,446,0,7636,1,1,7638,T
6-NA,447,7803,0,10,1,7814,A
6-NA,448,0,5,0,7847,7852,C
6-NA,449,5,0,7836,0,7841,G
6-NA,450,0,8280,0,29,8309,T
6-NA,451,0,10,8309,0,8319,G
6-NA,452,8378,0,6,0,8384,A
6-NA,453,0,8415,0,2,8417,T
6-NA,454,8071,0,16,0,8087,A
6-NA,455,0,3,8097,1,8101,G
6-NA,456,4,11,8054,2,8071,G
6-NA,457,8093,0,13,0,8106,A
6-NA,458,2,2,0,8255,8259,C
6-NA,459,8,7,2,8179,8196,C
6-NA,460,5,2,0,8283,8290,C
6-NA,461,11,0,0,8322,8333,C
6-NA,462,0,8409,1,8,8418,T
6-NA,463,0,8557,0,5,8562,T
6-NA,464,8590,2,1,2,8595,A
6-NA,465,3,8624,0,2,8629,T
6-NA,466,5,2,1,8615,8623,C
6-NA,467,7,9,8557,2,8575,G
6-NA,468,4,14,8570,1,8589,G
6-NA,469,8583,3,11,0,8597,A
6-NA,470,1,1,0,8683,8685,C
6-NA,471,8,3,0,8644,8655,C
6-NA,472,7,1,0,9174,9182,C
6-NA,473,2,9172,0,6,9180,T
6-NA,474,9319,1,3,0,9323,A
6-NA,475,1,9328,0,6,9335,T
6-NA,476,1,9341,1,3,9346,T
6-NA,477,5,8,9354,0,9367,G
6-NA,478,9395,1,9,0,9405,A
6-NA,479,1,9381,0,5,9387,T
6-NA,480,5,17,9406,0,9428,G
6-NA,481,9224,3,7,2,9236,A
6-NA,482,9186,2,43,0,9231,A
6-NA,483,2,9251,0,3,9256,T
6-NA,484,5,16,9416,0,9437,G
6-NA,485,9570,3,11,2,9586,A
6-NA,486,2,3,9680,1,9686,G
6-NA,487,1,9651,1,6,9659,T
6-NA,488,0,9664,0,3,9667,T
6-NA,489,9710,1,8,0,9719,A
6-NA,490,2,7,9724,0,9733,G
6-NA,491,5,1,9757,0,9763,G
6-NA,492,2,9729,0,15,9746,T
6-NA,493,5,2,9735,0,9742,G
6-NA,494,2,9673,0,15,9690,T
6-NA,495,2,9651,1,17,9671,T
6-NA,496,21,3,1,9756,9781,C
6-NA,497,4,2,0,9823,9829,C
6-NA,498,0,9806,0,13,9819,T
6-NA,499,3,9806,0,10,9819,T
6-NA,500,0,9797,1,15,9813,T
6-NA,501,2,9808,0,5,9815,T
6-NA,502,7,3,1,9843,9854,C
6-NA,503,9843,1,1,0,9845,A
6-NA,504,1,10059,1,5,10066,T
6-NA,505,3,1,0,10060,10064,C
6-NA,506,2,9992,0,9,10003,T
6-NA,507,1,17,9959,1,9978,G
6-NA,508,3,19,9912,0,9934,G
6-NA,509,2,19,9918,0,9939,G
6-NA,510,2,23,10010,1,10036,G
6-NA,511,10046,1,9,1,10057,A
6-NA,512,1,1,1,10139,10142,C
6-NA,513,5,4,1,10042,10052,C
6-NA,514,10172,1,5,0,10178,A
6-NA,515,10189,2,12,0,10203,A
6-NA,516,5,1,10201,0,10207,G
6-NA,517,2,0,0,10230,10232,C
6-NA,518,10206,3,3,0,10212,A
6-NA,519,10380,1,8,0,10389,A
6-NA,520,1,0,10447,0,10448,G
6-NA,521,1,10395,0,6,10402,T
6-NA,522,5,0,10709,0,10714,G
6-NA,523,5,10655,0,13,10673,T
6-NA,524,3,4,10997,0,11004,G
6-NA,525,2,6,0,10998,11006,C
6-NA,526,10986,1,8,1,10996,A
6-NA,527,0,11119,0,4,11123,T
6-NA,528,10898,1,42,0,10941,A
6-NA,529,2,2,11240,0,11244,G
6-NA,530,5,4,0,11217,11226,C
6-NA,531,11022,1,15,0,11038,A
6-NA,532,1,11021,0,4,11026,T
6-NA,533,7,16,10833,1,10857,G
6-NA,534,3,2,11385,0,11390,G
6-NA,535,4,11375,1,21,11401,T
6-NA,536,17,4,0,11325,11346,C
6-NA,537,64,2,0,11328,11394,C
6-NA,538,11269,1,12,0,11282,A
6-NA,539,6,0,11481,0,11487,G
6-NA,540,5,2,1,11484,11492,C
6-NA,541,3,11458,2,23,11486,T
6-NA,542,10,6,0,11477,11493,C
6-NA,543,11251,1,7,3,11262,A
6-NA,544,11348,1,10,3,11362,A
6-NA,545,3,1,11370,0,11374,G
6-NA,546,0,11374,1,9,11384,T
6-NA,547,1,11334,0,14,11349,T
6-NA,548,7,1,11324,0,11332,G
6-NA,549,3,11331,0,7,11341,T
6-NA,550,26,5,0,11294,11325,C
6-NA,551,11331,1,8,1,11341,A
6-NA,552,2,2,0,11389,11393,C
6-NA,553,6,14,11345,0,11365,G
6-NA,554,11502,2,12,1,11517,A
6-NA,555,3,11541,0,11,11555,T
6-NA,556,6,8,11680,0,11694,G
6-NA,557,0,8,11749,2,11759,G
6-NA,558,11726,3,25,0,11754,A
6-NA,559,11757,1,9,0,11767,A
6-NA,560,11818,5,11,0,11834,A
6-NA,561,11810,0,19,0,11829,A
6-NA,562,4,4,11901,1,11910,G
6-NA,563,3,49,0,11818,11870,C
6-NA,564,11841,3,10,2,11856,A
6-NA,565,2,11835,0,5,11842,T
6-NA,566,3,9,11913,0,11925,G
6-NA,567,5,3,11939,0,11947,G
6-NA,568,2,2,0,12031,12035,C
6-NA,569,4,11996,1,20,12021,T
6-NA,570,7,3,12051,2,12063,G
6-NA,571,4,5,0,11996,12005,C
6-NA,572,12038,1,8,1,12048,A
6-NA,573,4,12352,1,5,12362,T
6-NA,574,6,1,12381,0,12388,G
6-NA,575,3,12365,0,11,12379,T
6-NA,576,1,12446,0,15,12462,T
6-NA,577,1,12415,1,14,12431,T
6-NA,578,7,3,12798,1,12809,G
6-NA,579,3,12800,0,11,12814,T
6-NA,580,12808,2,3,1,12814,A
6-NA,581,1,12837,1,6,12845,T
6-NA,582,12650,0,13,0,12663,A
6-NA,583,12669,1,17,2,12689,A
6-NA,584,1,0,0,12643,12644,C
6-NA,585,6,17,12559,0,12582,G
6-NA,586,3,7,12571,0,12581,G
6-NA,587,4,17,12458,0,12479,G
6-NA,588,12301,1,19,0,12321,A
6-NA,589,2,5,12425,0,12432,G
6-NA,590,12428,2,15,1,12446,A
6-NA,591,1,12513,0,5,12519,T
6-NA,592,4,7,12531,1,12543,G
6-NA,593,12579,2,18,0,12599,A
6-NA,594,2,12611,0,9,12622,T
6-NA,595,12592,0,8,2,12602,A
6-NA,596,12691,3,6,2,12702,A
6-NA,597,12720,4,6,2,12732,A
6-NA,598,12720,2,8,1,12731,A
6-NA,599,12762,1,8,0,12771,A
6-NA,600,0,12727,1,2,12730,T
6-NA,601,12,2,12721,1,12736,G
6-NA,602,3,5,0,12697,12705,C
6-NA,603,12702,0,2,0,12704,A
6-NA,604,12745,3,11,1,12760,A
6-NA,605,2,1,2,12863,12868,C
6-NA,606,3,12851,0,10,12864,T
6-NA,607,3,2,12879,0,12884,G
6-NA,608,0,3,0,12863,12866,C
6-NA,609,1,12871,0,8,12880,T
6-NA,610,12876,3,12,2,12893,A
6-NA,611,4,3,12897,0,12904,G
6-NA,612,1,1,0,12961,12963,C
6-NA,613,2,12947,2,19,12970,T
6-NA,614,0,12924,1,5,12930,T
6-NA,615,21,2,0,13033,13056,C
6-NA,616,13088,2,13,1,13104,A
6-NA,617,1,13102,1,7,13111,T
6-NA,618,1,13084,2,8,13095,T
6-NA,619,0,13165,2,4,13171,T
6-NA,620,13192,2,3,0,13197,A
6-NA,621,3,6,0,13282,13291,C
6-NA,622,13225,1,9,0,13235,A
6-NA,623,13304,1,15,1,13321,A
6-NA,624,2,13230,0,3,13235,T
6-NA,625,4,20,13176,1,13201,G
6-NA,626,5,9,13172,1,13187,G
6-NA,627,4,10,13158,0,13172,G
6-NA,628,13122,4,25,4,13155,A
6-NA,629,3,5,13447,0,13455,G
6-NA,630,3,3,13535,0,13541,G
6-NA,631,4,1,1,14429,14435,C
6-NA,632,3,14412,1,16,14432,T
6-NA,633,2,14544,0,5,14551,T
6-NA,634,7,1,14666,1,14675,G
6-NA,635,3,14673,0,5,14681,T
6-NA,636,14899,1,18,1,14919,A
6-NA,637,3,11,14938,2,14954,G
6-NA,638,14703,1,24,0,14728,A
6-NA,639,6,14707,0,8,14721,T
6-NA,640,13652,2,7,0,13661,A
6-NA,641,3,1,13674,0,13678,G
6-NA,642,0,13543,0,19,13562,T
6-NA,643,9,0,13276,1,13286,G
6-NA,644,1,13783,2,14,13800,T
6-NA,645,2,13784,0,10,13796,T
6-NA,646,1,1,14002,0,14004,G
6-NA,647,1,13965,0,14,13980,T
6-NA,648,1,13964,1,9,13975,T
6-NA,649,1,13973,1,32,14007,T
6-NA,650,12,5,1,13778,13796,C
6-NA,651,13775,4,17,1,13797,A
6-NA,652,2,13724,3,9,13738,T
6-NA,653,3,23,13704,2,13732,G
6-NA,654,6,3,14379,1,14389,G
6-NA,655,6,14269,0,9,14284,T
6-NA,656,21,1,0,14262,14284,C
6-NA,657,13,6,1,14263,14283,C
6-NA,658,14352,2,3,0,14357,A
6-NA,659,14454,2,4,0,14460,A
6-NA,660,14444,0,16,2,14462,A
6-NA,661,2,11,14510,0,14523,G
6-NA,662,14448,3,9,1,14461,A
6-NA,663,13966,3,15,0,13984,A
6-NA,664,13964,0,17,1,13982,A
6-NA,665,4,13942,2,5,13953,T
6-NA,666,10,0,1,14342,14353,C
6-NA,667,13,4,1,14330,14348,C
6-NA,668,4,14287,2,11,14304,T
6-NA,669,6,7,0,14327,14340,C
6-NA,670,14263,6,20,1,14290,A
6-NA,671,5,7,14366,2,14380,G
6-NA,672,3,23,14325,1,14352,G
6-NA,673,14635,4,12,1,14652,A
6-NA,674,5,7,0,14612,14624,C
6-NA,675,18,7,0,14385,14410,C
6-NA,676,16,8,2,14391,14417,C
6-NA,677,14446,3,18,1,14468,A
6-NA,678,4,11,14465,2,14482,G
6-NA,679,3,17,14507,1,14528,G
6-NA,680,14442,2,22,1,14467,A
6-NA,681,4,2,14620,0,14626,G
6-NA,682,3,14331,0,14,14348,T
6-NA,683,20,1,0,14382,14403,C
6-NA,684,14356,4,19,2,14381,A
6-NA,685,2,8,14472,2,14484,G
6-NA,686,14421,2,15,1,14439,A
6-NA,687,14432,2,7,1,14442,A
6-NA,688,2,14360,0,6,14368,T
6-NA,689,5,3,14434,0,14442,G
6-NA,690,4,6,1,14392,14403,C
6-NA,691,8,2,14485,0,14495,G
6-NA,692,3,14408,6,22,14439,T
6-NA,693,0,14454,0,8,14462,T
6-NA,694,4,14382,1,1,14388,T
6-NA,695,5,8,14478,2,14493,G
6-NA,696,2,14514,0,10,14526,T
6-NA,697,14511,1,5,1,14518,A
6-NA,698,3,14447,0,8,14458,T
6-NA,699,19,3,2,14424,14448,C
6-NA,700,14429,6,3,1,14439,A
6-NA,701,14431,0,11,1,14443,A
6-NA,702,0,14433,1,10,14444,T
6-NA,703,1,8,14422,2,14433,G
6-NA,704,3,24,14427,4,14458,G
6-NA,705,14672,1,15,0,14688,A
6-NA,706,14684,2,20,0,14706,A
6-NA,707,5,4,1,14812,14822,C
6-NA,708,1,14876,0,14,14891,T
6-NA,709,1,14863,1,5,14870,T
6-NA,710,7,3,15355,0,15365,G
6-NA,711,1,15365,1,7,15374,T
6-NA,712,15359,5,9,0,15373,A
6-NA,713,3,4,2,15568,15577,C
6-NA,714,15133,2,24,0,15159,A
6-NA,715,94,2,16046,0,16142,G
6-NA,716,0,16033,1,5,16039,T
6-NA,717,16598,0,6,0,16604,A
6-NA,718,1,2,16677,0,16680,G
6-NA,719,3,16310,2,10,16325,T
6-NA,720,16302,0,7,0,16309,A
6-NA,721,16288,2,8,0,16298,A
6-NA,722,2,16178,0,9,16189,T
6-NA,723,1,45,16232,1,16279,G
6-NA,724,15814,0,12,1,15827,A
6-NA,725,1,4,1,15937,15943,C
6-NA,726,2,15447,4,7,15460,T
6-NA,727,77,16,15412,0,15505,G
6-NA,728,15482,4,22,3,15511,A
6-NA,729,4,15540,1,11,15556,T
6-NA,730,4,16,15531,1,15552,G
6-NA,731,2,15,15428,1,15446,G
6-NA,732,44,12,15416,0,15472,G
6-NA,733,15161,6,20,2,15189,A
6-NA,734,58,5,15143,0,15206,G
6-NA,735,1,15097,0,11,15109,T
6-NA,736,31,4,15150,0,15185,G
6-NA,737,2,5,0,15284,15291,C
6-NA,738,2,15215,0,22,15239,T
6-NA,739,3,15234,2,6,15245,T
6-NA,740,12,6,1,15251,15270,C
6-NA,741,15256,4,25,3,15288,A
6-NA,742,3,9,15346,1,15359,G
6-NA,743,2,18,15343,2,15365,G
6-NA,744,15319,2,4,5,15330,A
6-NA,745,15184,2,10,1,15197,A
6-NA,746,15086,0,14,0,15100,A
6-NA,747,15111,2,39,2,15154,A
6-NA,748,2,1,15225,1,15229,G
6-NA,749,1,6,0,15214,15221,C
6-NA,750,3,15162,0,2,15167,T
6-NA,751,5,10,15134,3,15152,G
6-NA,752,15113,1,11,5,15130,A
6-NA,753,3,15286,2,0,15291,T
6-NA,754,15331,2,5,0,15338,A
6-NA,755,4,3,1,16002,16010,C
6-NA,756,5,15925,1,7,15938,T
6-NA,757,15928,1,2,1,15932,A
6-NA,758,15926,3,7,1,15937,A
6-NA,759,15932,4,7,1,15944,A
6-NA,760,16313,4,3,1,16321,A
6-NA,761,0,16330,0,4,16334,T
6-NA,762,16311,4,11,0,16326,A
6-NA,763,1,1,1,16380,16383,C
6-NA,764,2,15728,0,14,15744,T
6-NA,765,15900,4,6,1,15911,A
6-NA,766,0,15789,1,31,15821,T
6-NA,767,2,16426,1,17,16446,T
6-NA,768,31,8,0,16475,16514,C
6-NA,769,16200,4,7,2,16213,A
6-NA,770,2,16188,1,3,16194,T
6-NA,771,0,16144,0,4,16148,T
6-NA,772,2,5,16208,1,16216,G
6-NA,773,16096,10,18,2,16126,A
6-NA,774,1,8,16081,0,16090,G
6-NA,775,0,10,16056,0,16066,G
6-NA,776,15463,2,16,3,15484,A
6-NA,777,3,16,15721,1,15741,G
6-NA,778,4,13,15710,0,15727,G
6-NA,779,2,6,15763,2,15773,G
6-NA,780,4,11,15808,1,15824,G
6-NA,781,15737,1,19,1,15758,A
6-NA,782,15773,2,18,0,15793,A
6-NA,783,15713,2,14,2,15731,A
6-NA,784,15688,4,58,1,15751,A
6-NA,785,4,15754,1,0,15759,T
6-NA,786,26,7,0,15631,15664,C
6-NA,787,6,3,15791,0,15800,G
6-NA,788,2,15731,1,6,15740,T
6-NA,789,3,15710,1,20,15734,T
6-NA,790,27,31,1,15708,15767,C
6-NA,791,15731,5,7,2,15745,A
6-NA,792,4,16762,0,12,16778,T
6-NA,793,16754,3,3,1,16761,A
6-NA,794,4,5,0,16833,16842,C
6-NA,795,3,16766,1,14,16784,T
6-NA,796,16730,2,24,1,16757,A
6-NA,797,6,1,16756,4,16767,G
6-NA,798,2,9,1,16760,16772,C
6-NA,799,16767,0,9,2,16778,A
6-NA,800,1,5,0,16814,16820,C
6-NA,801,16048,3,6,0,16057,A
6-NA,802,3,16296,1,3,16303,T
6-NA,803,5,16240,0,7,16252,T
6-NA,804,7,2,17316,1,17326,G
6-NA,805,3,17227,0,16,17246,T
6-NA,806,33,3,3,17200,17239,C
6-NA,807,17224,1,20,3,17248,A
6-NA,808,11,11,17256,1,17279,G
6-NA,809,1,16,17289,1,17307,G
6-NA,810,17270,4,6,1,17281,A
6-NA,811,16954,1,14,1,16970,A
6-NA,812,2,3,17158,0,17163,G
6-NA,813,5,16344,1,10,16360,T
6-NA,814,11,3,16451,0,16465,G
6-NA,815,1,6,1,16431,16439,C
6-NA,816,5,16419,0,16,16440,T
6-NA,817,18,6,1,16478,16503,C
6-NA,818,16428,1,16,1,16446,A
6-NA,819,2,4,16568,1,16575,G
6-NA,820,4,8,3,16550,16565,C
6-NA,821,16461,0,19,1,16481,A
6-NA,822,2,16483,2,10,16497,T
6-NA,823,10,0,16962,3,16975,G
6-NA,824,4,16962,1,12,16979,T
6-NA,825,29,5,0,16948,16982,C
6-NA,826,13,13,16968,0,16994,G
6-NA,827,16958,0,8,2,16968,A
6-NA,828,0,14,16868,0,16882,G
6-NA,829,11,14,16872,0,16897,G
6-NA,830,16749,1,19,1,16770,A
6-NA,831,49,1,16940,0,16990,G
6-NA,832,2,16438,1,7,16448,T
6-NA,833,6,3,16493,0,16502,G
6-NA,834,5,2,0,16739,16746,C
6-NA,835,3,16684,1,28,16716,T
6-NA,836,25,8,1,16735,16769,C
6-NA,837,7,4,3,16804,16818,C
6-NA,838,3,16805,1,11,16820,T
6-NA,839,11,2,16848,2,16863,G
6-NA,840,3,6,1,16725,16735,C
6-NA,841,2,16612,2,17,16633,T
6-NA,842,16765,0,8,2,16775,A
6-NA,843,3,16487,1,8,16499,T
6-NA,844,19,5,0,16600,16624,C
6-NA,845,8,6,1,16555,16570,C
6-NA,846,4,16564,2,18,16588,T
6-NA,847,10,10,0,16673,16693,C
6-NA,848,7,20,16648,0,16675,G
6-NA,849,16819,2,11,0,16832,A
6-NA,850,3,16794,2,22,16821,T
6-NA,851,16816,3,6,0,16825,A
6-NA,852,2,16801,0,13,16816,T
6-NA,853,11,5,10,16734,16760,C
6-NA,854,8,2,0,16707,16717,C
6-NA,855,1,16615,2,16,16634,T
6-NA,856,6,13,16676,1,16696,G
6-NA,857,4,2,16765,2,16773,G
6-NA,858,3,16926,1,25,16955,T
6-NA,859,10,2,16984,0,16996,G
6-NA,860,2,16885,1,17,16905,T
6-NA,861,36,5,0,16844,16885,C
6-NA,862,16853,6,15,3,16877,A
6-NA,863,4,5,16884,0,16893,G
6-NA,864,16874,3,17,0,16894,A
6-NA,865,1,16747,1,10,16759,T
6-NA,866,9,2,16762,0,16773,G
6-NA,867,8,16550,1,11,16570,T
6-NA,868,6,2,16603,2,16613,G
6-NA,869,1,16571,1,40,16613,T
6-NA,870,25,0,1,16629,16655,C
6-NA,871,2,16593,1,23,16619,T
6-NA,872,13,1,16651,1,16666,G
6-NA,873,1,3,0,16629,16633,C
6-NA,874,16612,5,14,0,16631,A
6-NA,875,1,10,16642,0,16653,G
6-NA,876,16312,2,19,1,16334,A
6-NA,877,3,10,16368,1,16382,G
6-NA,878,16359,6,17,0,16382,A
6-NA,879,2,5,0,16459,16466,C
6-NA,880,16458,2,13,1,16474,A
6-NA,881,16606,2,19,1,16628,A
6-NA,882,2,5,0,16690,16697,C
6-NA,883,2,16681,1,6,16690,T
6-NA,884,5,4,16732,2,16743,G
6-NA,885,2,15,16710,0,16727,G
6-NA,886,16628,4,22,1,16655,A
6-NA,887,16616,3,23,3,16645,A
6-NA,888,16324,1,70,2,16397,A
6-NA,889,7,14,16347,1,16369,G
6-NA,890,3,14,16184,1,16202,G
6-NA,891,16020,5,9,2,16036,A
6-NA,892,6,16393,0,7,16406,T
6-NA,893,16,3,0,16439,16458,C
6-NA,894,16,7,0,16765,16788,C
6-NA,895,16851,4,3,0,16858,A
6-NA,896,16859,3,4,0,16866,A
6-NA,897,2,16838,1,7,16848,T
6-NA,898,16457,2,8,1,16468,A
6-NA,899,5,9,16370,2,16386,G
6-NA,900,7,5,16397,0,16409,G
6-NA,901,5,12,0,16396,16413,C
6-NA,902,9,1,0,16330,16340,C
6-NA,903,17,7,0,15922,15946,C
6-NA,904,16058,3,10,1,16072,A
6-NA,905,2,16160,1,16,16179,T
6-NA,906,19,5,0,16178,16202,C
6-NA,907,7,0,16244,1,16252,G
6-NA,908,3,16193,1,4,16201,T
6-NA,909,15968,1,8,0,15977,A
6-NA,910,1,6,16267,1,16275,G
6-NA,911,16310,3,14,0,16327,A
6-NA,912,2,16349,0,4,16355,T
6-NA,913,16098,1,15,0,16114,A
6-NA,914,0,15968,1,4,15973,T
6-NA,915,15966,0,7,0,15973,A
6-NA,916,15916,4,10,3,15933,A
6-NA,917,16194,4,18,0,16216,A
6-NA,918,2,2,2,16474,16480,C
6-NA,919,16070,4,2,0,16076,A
6-NA,920,4,16040,1,4,16049,T
6-NA,921,15944,0,6,0,15950,A
6-NA,922,15926,1,19,1,15947,A
6-NA,923,15938,0,18,0,15956,A
6-NA,924,1,8,16105,0,16114,G
6-NA,925,6,14,16278,1,16299,G
6-NA,926,15807,3,15,1,15826,A
6-NA,927,7,15824,1,7,15839,T
6-NA,928,12,4,0,15846,15862,C
6-NA,929,15937,0,21,2,15960,A
6-NA,930,2,15951,2,13,15968,T
6-NA,931,15943,2,11,0,15956,A
6-NA,932,1,7,16045,0,16053,G
6-NA,933,5,24,0,15812,15841,C
6-NA,934,15509,0,2,1,15512,A
6-NA,935,1,14984,1,23,15009,T
6-NA,936,2,15062,0,5,15069,T
6-NA,937,3,2,15009,1,15015,G
6-NA,938,5,15009,1,44,15059,T
6-NA,939,22,4,0,14838,14864,C
6-NA,940,1,15743,0,22,15766,T
6-NA,941,14,3,0,15947,15964,C
6-NA,942,4,6,1,16012,16023,C
6-NA,943,16204,3,16,0,16223,A
6-NA,944,50,2,16380,0,16432,G
6-NA,945,2,16346,1,45,16394,T
6-NA,946,0,15729,0,11,15740,T
6-NA,947,15744,1,1,0,15746,A
6-NA,948,1,15361,1,5,15368,T
6-NA,949,6,3,15370,0,15379,G
6-NA,950,2,15122,1,26,15151,T
6-NA,951,2,1,15199,0,15202,G
6-NA,952,0,14791,4,14,14809,T
6-NA,953,2,3,15041,1,15047,G
6-NA,954,1,15022,0,16,15039,T
6-NA,955,4,14967,2,18,14991,T
6-NA,956,14,8,1,14982,15005,C
6-NA,957,14901,3,21,0,14925,A
6-NA,958,4,12,14958,1,14975,G
6-NA,959,1,16,14941,0,14958,G
6-NA,960,14865,2,15,0,14882,A
6-NA,961,1,2,0,14901,14904,C
6-NA,962,4,14443,2,40,14489,T
6-NA,963,1,14524,1,3,14529,T
6-NA,964,0,1,14931,0,14932,G
6-NA,965,2,14914,1,15,14932,T
6-NA,966,0,14917,0,11,14928,T
6-NA,967,11,10,14830,1,14852,G
6-NA,968,5,19,14824,1,14849,G
6-NA,969,14816,6,26,0,14848,A
6-NA,970,0,18,14849,1,14868,G
6-NA,971,14837,1,21,0,14859,A
6-NA,972,3,2,1,14870,14876,C
6-NA,973,14375,0,13,1,14389,A
6-NA,974,2,4,1,14475,14482,C
6-NA,975,14493,2,18,2,14515,A
6-NA,976,7,2,0,14556,14565,C
6-NA,977,11,3,2,14466,14482,C
6-NA,978,20,5,1,14509,14535,C
6-NA,979,14502,4,9,0,14515,A
6-NA,980,1,5,14578,0,14584,G
6-NA,981,14537,2,8,0,14547,A
6-NA,982,14590,1,6,0,14597,A
6-NA,983,14498,2,3,1,14504,A
6-NA,984,14486,1,5,0,14492,A
6-NA,985,14396,2,15,1,14414,A
6-NA,986,14417,0,7,4,14428,A
6-NA,987,3,14,0,14450,14467,C
6-NA,988,3,24,14422,0,14449,G
6-NA,989,14394,1,19,0,14414,A
6-NA,990,3,1,0,14403,14407,C
6-NA,991,14293,3,62,0,14358,A
6-NA,992,5,1,14492,1,14499,G
6-NA,993,1,2,1,15084,15088,C
6-NA,994,3,14994,5,15,15017,T
6-NA,995,13,5,0,15049,15067,C
6-NA,996,6,7,1,15093,15107,C
6-NA,997,15098,2,17,1,15118,A
6-NA,998,1,1,15165,0,15167,G
6-NA,999,2,3,1,15143,15149,C
6-NA,1000,15079,1,7,0,15087,A
6-NA,1001,3,0,15071,0,15074,G
6-NA,1002,1,14021,2,11,14035,T
6-NA,1003,9,12,13949,0,13970,G
6-NA,1004,13,3,14071,1,14088,G
6-NA,1005,3,4,0,14133,14140,C
6-NA,1006,17,9,0,14110,14136,C
6-NA,1007,14055,0,3,0,14058,A
6-NA,1008,2,14057,2,12,14073,T
6-NA,1009,1,14089,1,1,14092,T
6-NA,1010,3,1,14380,0,14384,G
6-NA,1011,2,14283,2,10,14297,T
6-NA,1012,1,14186,0,10,14197,T
6-NA,1013,13,14171,1,6,14191,T
6-NA,1014,3,20,14099,0,14122,G
6-NA,1015,7,9,14218,0,14234,G
6-NA,1016,14199,6,8,0,14213,A
6-NA,1017,2,14244,0,17,14263,T
6-NA,1018,15,4,0,14223,14242,C
6-NA,1019,6,2,0,14006,14014,C
6-NA,1020,13,13956,3,13,13985,T
6-NA,1021,14008,1,15,1,14025,A
6-NA,1022,14031,3,10,0,14044,A
6-NA,1023,2,2,1,14182,14187,C
6-NA,1024,13949,2,6,1,13958,A
6-NA,1025,14061,0,3,0,14064,A
6-NA,1026,1,13893,0,3,13897,T
6-NA,1027,6,12,13871,0,13889,G
6-NA,1028,13734,9,12,0,13755,A
6-NA,1029,8,10,13246,0,13264,G
6-NA,1030,3,10,13457,2,13472,G
6-NA,1031,13450,2,13,0,13465,A
6-NA,1032,13457,4,28,1,13490,A
6-NA,1033,1,10,13520,2,13533,G
6-NA,1034,3,3,13568,0,13574,G
6-NA,1035,4,13422,1,9,13436,T
6-NA,1036,4,13,13384,1,13402,G
6-NA,1037,0,2,13652,0,13654,G
6-NA,1038,0,13516,0,32,13548,T
6-NA,1039,36,2,0,13452,13490,C
6-NA,1040,13507,1,4,0,13512,A
6-NA,1041,0,13445,0,10,13455,T
6-NA,1042,1,16,13389,1,13407,G
6-NA,1043,2,14,13286,0,13302,G
6-NA,1044,2,7,12786,0,12795,G
6-NA,1045,6,3,13292,0,13301,G
6-NA,1046,4,13276,1,12,13293,T
6-NA,1047,1,6,13307,0,13314,G
6-NA,1048,13290,1,5,0,13296,A
6-NA,1049,13273,0,13,1,13287,A
6-NA,1050,13271,2,41,3,13317,A
6-NA,1051,2,6,13364,2,13374,G
6-NA,1052,6,2,13249,0,13257,G
6-NA,1053,2,3,0,13189,13194,C
6-NA,1054,3,12771,1,17,12792,T
6-NA,1055,2,11,12800,1,12814,G
6-NA,1056,0,3,12805,1,12809,G
6-NA,1057,3,2,12907,1,12913,G
6-NA,1058,6,0,0,12872,12878,C
6-NA,1059,15,4,1,12866,12886,C
6-NA,1060,6,12702,1,35,12744,T
6-NA,1061,1,12737,2,7,12747,T
6-NA,1062,2,12715,0,39,12756,T
6-NA,1063,2,7,12798,0,12807,G
6-NA,1064,12767,5,10,2,12784,A
6-NA,1065,1,12668,1,2,12672,T
6-NA,1066,2,8,12432,0,12442,G
6-NA,1067,12279,3,13,1,12296,A
6-NA,1068,0,12322,0,8,12330,T
6-NA,1069,18,11,12305,1,12335,G
6-NA,1070,1,5,12454,0,12460,G
6-NA,1071,12426,1,14,2,12443,A
6-NA,1072,12408,1,13,0,12422,A
6-NA,1073,12426,1,6,0,12433,A
6-NA,1074,0,12425,0,2,12427,T
6-NA,1075,2,20,12438,0,12460,G
6-NA,1076,12426,2,18,0,12446,A
6-NA,1077,2,5,0,12344,12351,C
6-NA,1078,6,2,12368,0,12376,G
6-NA,1079,2,12069,2,14,12087,T
6-NA,1080,5,1,12133,1,12140,G
6-NA,1081,1,12114,0,5,12120,T
6-NA,1082,2,8,12144,2,12156,G
6-NA,1083,1,5,12173,0,12179,G
6-NA,1084,12085,2,12,0,12099,A
6-NA,1085,2,12090,0,4,12096,T
6-NA,1086,55,15,11975,0,12045,G
6-NA,1087,9,3,12010,1,12023,G
6-NA,1088,3,4,12055,0,12062,G
6-NA,1089,11971,0,13,1,11985,A
6-NA,1090,11940,2,18,0,11960,A
6-NA,1091,3,23,11893,3,11922,G
6-NA,1092,11733,4,9,1,11747,A
6-NA,1093,11743,1,10,1,11755,A
6-NA,1094,2,6,0,11664,11672,C
6-NA,1095,1,13,11585,0,11599,G
6-NA,1096,11557,1,16,1,11575,A
6-NA,1097,1,11386,0,1,11388,T
6-NA,1098,10,4,0,11373,11387,C
6-NA,1099,11367,3,7,1,11378,A
6-NA,1100,1,4,11395,0,11400,G
6-NA,1101,21,2,0,11358,11381,C
6-NA,1102,3,13,11379,1,11396,G
6-NA,1103,11349,0,18,2,11369,A
6-NA,1104,2,5,11383,0,11390,G
6-NA,1105,11331,2,13,0,11346,A
6-NA,1106,11338,0,11,1,11350,A
6-NA,1107,1,0,11420,1,11422,G
6-NA,1108,3,11320,1,16,11340,T
6-NA,1109,23,3,1,11224,11251,C
6-NA,1110,11243,1,7,0,11251,A
6-NA,1111,0,5,1,11482,11488,C
6-NA,1112,6,1,11492,0,11499,G
6-NA,1113,2,2,0,11491,11495,C
6-NA,1114,2,11388,2,9,11401,T
6-NA,1115,0,11420,1,3,11424,T
6-NA,1116,11236,0,10,2,11248,A
6-NA,1117,4,17,11490,0,11511,G
6-NA,1118,6,7,11480,0,11493,G
6-NA,1119,4,1,11655,0,11660,G
6-NA,1120,1,10901,1,12,10915,T
6-NA,1121,10879,1,6,0,10886,A
6-NA,1122,1,10834,2,7,10844,T
6-NA,1123,4,8,10831,0,10843,G
6-NA,1124,10811,2,7,2,10822,A
6-NA,1125,10794,1,3,1,10799,A
6-NA,1126,10310,0,8,2,10320,A
6-NA,1127,2,1,0,10266,10269,C
6-NA,1128,7,20,0,9887,9914,C
6-NA,1129,0,9669,0,13,9682,T
6-NA,1130,7,9655,0,10,9672,T
6-NA,1131,6,4,1,9681,9692,C
6-NA,1132,9681,0,4,0,9685,A
6-NA,1133,9691,1,3,0,9695,A
6-NA,1134,9682,1,4,0,9687,A
6-NA,1135,2,2,9737,0,9741,G
6-NA,1136,4,9503,1,10,9518,T
6-NA,1137,23,1,1,9496,9521,C
6-NA,1138,9652,2,8,1,9663,A
6-NA,1139,3,9652,1,8,9664,T
6-NA,1140,0,9664,0,7,9671,T
6-NA,1141,1,5,9670,2,9678,G
6-NA,1142,9643,1,6,1,9651,A
6-NA,1143,9640,3,13,0,9656,A
6-NA,1144,7,6,9734,0,9747,G
6-NA,1145,3,3,9729,1,9736,G
6-NA,1146,2,4,0,9678,9684,C
6-NA,1147,2,9281,0,4,9287,T
6-NA,1148,2,6,9316,0,9324,G
6-NA,1149,4,1,9459,1,9465,G
6-NA,1150,2,9439,1,17,9459,T
6-NA,1151,19,2,1,9412,9434,C
6-NA,1152,11,5,1,9358,9375,C
6-NA,1153,9341,3,5,1,9350,A
6-NA,1154,9381,1,6,0,9388,A
6-NA,1155,1,6,1,9421,9429,C
6-NA,1156,4,3,0,9394,9401,C
6-NA,1157,11,1,0,9329,9341,C
6-NA,1158,1,8818,0,5,8824,T
6-NA,1159,8830,0,2,0,8832,A
6-NA,1160,8820,0,6,0,8826,A
6-NA,1161,3,1,8889,0,8893,G
6-NA,1162,0,8815,0,7,8822,T
6-NA,1163,10,2,1,8761,8774,C
6-NA,1164,13,3,1,8580,8597,C
6-NA,1165,8556,0,1,0,8557,A
6-NA,1166,8536,0,8,0,8544,A
6-NA,1167,8549,0,2,0,8551,A
6-NA,1168,1,8534,0,5,8540,T
6-NA,1169,0,8523,0,2,8525,T
6-NA,1170,2,1,8423,1,8427,G
6-NA,1171,0,6,0,8354,8360,C
6-NA,1172,8331,1,19,0,8351,A
6-NA,1173,0,2,8375,0,8377,G
6-NA,1174,8345,1,5,0,8351,A
6-NA,1175,2,8447,1,4,8454,T
6-NA,1176,8455,0,0,0,8455,A
6-NA,1177,8433,1,2,0,8436,A
6-NA,1178,8426,1,5,0,8432,A
6-NA,1179,3,8394,0,2,8399,T
6-NA,1180,8328,1,13,1,8343,A
6-NA,1181,0,9,8322,0,8331,G
6-NA,1182,5,1,8249,0,8255,G
6-NA,1183,5,1,0,8212,8218,C
6-NA,1184,7841,1,2,0,7844,A
6-NA,1185,7866,0,15,0,7881,A
6-NA,1186,2,2,7924,0,7928,G
6-NA,1187,2,7893,0,15,7910,T
6-NA,1188,24,1,1,7877,7903,C
6-NA,1189,7897,1,12,0,7910,A
6-NA,1190,1,7857,1,3,7862,T
6-NA,1191,7875,0,3,1,7879,A
6-NA,1192,13,0,7885,0,7898,G
6-NA,1193,3,7867,0,4,7874,T
6-NA,1194,1,7485,0,2,7488,T
6-NA,1195,1,12,7308,1,7322,G
6-NA,1196,7236,1,29,1,7267,A
6-NA,1197,0,1,0,7266,7267,C
6-NA,1198,7078,1,4,0,7083,A
6-NA,1199,1,3,7133,0,7137,G
6-NA,1200,6986,0,11,2,6999,A
6-NA,1201,3,3,7116,1,7123,G
6-NA,1202,1,2,7136,0,7139,G
6-NA,1203,0,7025,0,2,7027,T
6-NA,1204,6984,0,1,1,6986,A
6-NA,1205,6976,0,9,0,6985,A
6-NA,1206,0,6984,0,5,6989,T
6-NA,1207,6946,1,8,1,6956,A
6-NA,1208,2,2,6619,1,6624,G
6-NA,1209,3,0,6305,1,6309,G
6-NA,1210,0,5131,0,3,5134,T
6-NA,1211,5,0,2,5054,5061,C
6-NA,1212,4,0,1,4951,4956,C
6-NA,1213,7,2,4951,1,4961,G
6-NA,1214,14,0,4961,0,4975,G
6-NA,1215,1,4946,0,6,4953,T
6-NA,1216,0,4933,0,0,4933,T
6-NA,1217,4788,0,1,0,4789,A
6-NA,1218,1,4642,1,0,4644,T
6-NA,1219,0,4616,1,3,4620,T
6-NA,1220,3,0,1,4617,4621,C
6-NA,1221,1,4182,0,1,4184,T
6-NA,1222,2,3,4157,0,4162,G
6-NA,1223,0,0,4138,0,4138,G
6-NA,1224,1,4092,0,3,4096,T
6-NA,1225,4091,0,3,0,4094,A
6-NA,1226,2,4008,0,6,4016,T
6-NA,1227,0,4006,1,5,4012,T
6-NA,1228,0,4015,0,4,4019,T
6-NA,1229,0,4018,0,6,4024,T
6-NA,1230,4,0,0,4020,4024,C
6-NA,1231,1,3957,0,5,3963,T
6-NA,1232,1,0,0,3976,3977,C
6-NA,1233,0,3949,0,4,3953,T
6-NA,1234,0,1,4002,0,4003,G
6-NA,1235,0,3997,0,5,4002,T
6-NA,1236,1,3970,0,4,3975,T
6-NA,1237,13,0,3969,0,3982,G
6-NA,1238,3938,0,5,0,3943,A
6-NA,1239,3927,0,14,0,3941,A
6-NA,1240,0,2,3964,1,3967,G
6-NA,1241,0,1,3945,0,3946,G
6-NA,1242,1,2,0,3952,3955,C
6-NA,1243,3872,0,4,0,3876,A
6-NA,1244,3875,2,4,0,3881,A
6-NA,1245,3877,0,6,1,3884,A
6-NA,1246,3889,0,7,0,3896,A
6-NA,1247,0,0,3903,0,3903,G
6-NA,1248,1,0,0,3890,3891,C
6-NA,1249,1,3843,1,2,3847,T
6-NA,1250,0,0,3882,0,3882,G
6-NA,1251,0,1,0,3871,3872,C
6-NA,1252,3883,0,4,0,3887,A
6-NA,1253,1,3879,0,6,3886,T
6-NA,1254,6,0,0,3839,3845,C
6-NA,1255,3844,0,0,0,3844,A
6-NA,1256,3849,3,1,0,3853,A
6-NA,1257,0,3851,0,1,3852,T
6-NA,1258,3,2,0,3850,3855,C
6-NA,1259,29,2,3765,0,3796,G
6-NA,1260,2,0,3860,1,3863,G
6-NA,1261,0,3852,0,2,3854,T
6-NA,1262,0,1,3868,0,3869,G
6-NA,1263,2,0,0,3877,3879,C
6-NA,1264,0,3845,1,9,3855,T
6-NA,1265,2,3897,0,5,3904,T
6-NA,1266,0,3907,0,1,3908,T
6-NA,1267,0,3913,0,2,3915,T
6-NA,1268,3885,0,47,0,3932,A
6-NA,1269,0,3782,1,3,3786,T
6-NA,1270,1,0,3792,0,3793,G
6-NA,1271,2,3742,0,3,3747,T
6-NA,1272,2,5,3698,0,3705,G
6-NA,1273,0,2,3749,0,3751,G
6-NA,1274,3659,1,1,0,3661,A
6-NA,1275,0,0,3698,1,3699,G
6-NA,1276,0,3665,1,4,3670,T
6-NA,1277,0,3636,0,2,3638,T
6-NA,1278,1,4,3653,0,3658,G
6-NA,1279,3648,0,6,0,3654,A
6-NA,1280,0,3651,0,0,3651,T
6-NA,1281,3647,0,2,0,3649,A
6-NA,1282,3522,0,4,0,3526,A
6-NA,1283,1,5,3537,0,3543,G
6-NA,1284,0,7,3479,1,3487,G
6-NA,1285,0,4,3460,0,3464,G
6-NA,1286,3,1,3445,0,3449,G
6-NA,1287,3390,0,2,0,3392,A
6-NA,1288,3380,1,3,0,3384,A
6-NA,1289,19,3,3386,0,3408,G
6-NA,1290,3407,0,2,0,3409,A
6-NA,1291,3400,1,1,0,3402,A
6-NA,1292,3369,1,3,0,3373,A
6-NA,1293,3314,2,3,0,3319,A
6-NA,1294,1,0,3328,0,3329,G
6-NA,1295,3276,0,2,0,3278,A
6-NA,1296,0,3,3272,0,3275,G
6-NA,1297,0,5,3260,1,3266,G
6-NA,1298,3243,0,0,0,3243,A
6-NA,1299,3239,1,3,0,3243,A
6-NA,1300,3248,0,4,0,3252,A
6-NA,1301,0,0,0,3261,3261,C
6-NA,1302,2,3249,0,1,3252,T
6-NA,1303,1,5,3239,0,3245,G
6-NA,1304,3248,0,0,0,3248,A
6-NA,1305,3239,0,3,0,3242,A
6-NA,1306,0,1,3263,1,3265,G
6-NA,1307,1,3231,0,7,3239,T
6-NA,1308,7,2,0,3253,3262,C
6-NA,1309,1,3255,2,3,3261,T
6-NA,1310,0,3233,0,3,3236,T
6-NA,1311,2,2,3235,0,3239,G
6-NA,1312,0,3226,1,0,3227,T
6-NA,1313,13,3,3211,0,3227,G
6-NA,1314,0,6,3205,1,3212,G
6-NA,1315,3184,0,5,0,3189,A
6-NA,1316,1,1,0,3191,3193,C
6-NA,1317,3,2,0,3100,3105,C
6-NA,1318,1,3096,0,1,3098,T
6-NA,1319,5,1,0,3104,3110,C
6-NA,1320,3112,0,0,0,3112,A
6-NA,1321,3112,0,2,0,3114,A
6-NA,1322,3115,0,2,0,3117,A
6-NA,1323,0,0,0,3135,3135,C
6-NA,1324,3036,0,1,0,3037,A
6-NA,1325,1,0,3057,0,3058,G
6-NA,1326,0,3015,0,0,3015,T
6-NA,1327,3007,0,0,0,3007,A
6-NA,1328,1,3011,0,0,3012,T
6-NA,1329,0,2960,0,3,2963,T
6-NA,1330,0,0,2981,1,2982,G
6-NA,1331,1,2956,0,6,2963,T
6-NA,1332,0,2827,0,0,2827,T
6-NA,1333,1,0,2837,0,2838,G
6-NA,1334,1,2652,0,3,2656,T
6-NA,1335,2,0,2659,0,2661,G
6-NA,1336,1,2645,3,3,2652,T
6-NA,1337,0,2613,1,0,2614,T
6-NA,1338,0,2610,0,2,2612,T
6-NA,1339,0,2531,0,2,2533,T
6-NA,1340,0,0,2537,0,2537,G
6-NA,1341,3,2529,0,2,2534,T
6-NA,1342,2,2,2509,1,2514,G
6-NA,1343,0,1,2518,0,2519,G
6-NA,1344,0,2,0,2474,2476,C
6-NA,1345,2477,0,2,0,2479,A
6-NA,1346,1,0,0,2495,2496,C
6-NA,1347,0,1,0,2484,2485,C
6-NA,1348,0,2481,2,3,2486,T
6-NA,1349,2,1,0,2485,2488,C
6-NA,1350,2478,1,13,0,2492,A
6-NA,1351,0,0,2505,0,2505,G
6-NA,1352,0,0,2507,0,2507,G
6-NA,1353,1,2484,0,3,2488,T
6-NA,1354,2474,0,0,0,2474,A
6-NA,1355,0,0,2,2338,2340,C
6-NA,1356,2303,1,0,0,2304,A
6-NA,1357,0,2300,0,0,2300,T
6-NA,1358,2238,0,1,0,2239,A
6-NA,1359,1,2234,0,0,2235,T
6-NA,1360,1,1,2087,1,2090,G
6-NA,1361,0,3,2086,1,2090,G
6-NA,1362,2075,1,2,0,2078,A
6-NA,1363,2054,1,0,0,2055,A
6-NA,1364,1,2,0,2030,2033,C
6-NA,1365,1680,0,1,0,1681,A
6-NA,1366,0,0,1681,0,1681,G
6-NA,1367,0,0,1681,1,1682,G
6-NA,1368,2,1,0,1675,1678,C
6-NA,1369,1,1663,0,1,1665,T
6-NA,1370,1,1,0,1578,1580,C
6-NA,1371,1568,0,3,0,1571,A
6-NA,1372,0,1569,0,2,1571,T
6-NA,1373,0,3,1570,0,1573,G
6-NA,1374,0,0,1574,0,1574,G
6-NA,1375,0,0,0,1518,1518,C
6-NA,1376,1,13,0,1493,1507,C
6-NA,1377,0,1417,0,0,1417,T
6-NA,1378,3,0,1412,1,1416,G
6-NA,1379,1414,0,2,0,1416,A
6-NA,1380,1,1412,0,0,1413,T
6-NA,1381,0,1,1383,0,1384,G
6-NA,1382,0,0,1356,0,1356,G
6-NA,1383,0,0,1277,0,1277,G
6-NA,1384,0,0,1277,0,1277,G
6-NA,1385,0,0,0,1250,1250,C
6-NA,1386,2,0,1239,0,1241,G
6-NA,1387,0,2,1231,0,1233,G
6-NA,1388,1215,0,3,0,1218,A
6-NA,1389,0,1,0,1212,1213,C
6-NA,1390,1216,0,1,0,1217,A
6-NA,1391,0,1194,1,1,1196,T
6-NA,1392,2,0,0,1166,1168,C
6-NA,1393,1156,0,0,0,1156,A
6-NA,1394,1151,1,2,0,1154,A
6-NA,1395,0,1152,0,0,1152,T
6-NA,1396,0,0,0,1124,1124,C
6-NA,1397,0,1092,0,2,1094,T
6-NA,1398,2,1,1,941,945,C
6-NA,1399,939,0,2,0,941,A
6-NA,1400,0,935,0,0,935,T
6-NA,1401,0,0,934,0,934,G
6-NA,1402,0,0,0,925,925,C
6-NA,1403,1,0,0,893,894,C
6-NA,1404,0,797,0,2,799,T
6-NA,1405,798,0,1,0,799,A
6-NA,1406,0,796,0,0,796,T
6-NA,1407,792,0,0,0,792,A
6-NA,1408,0,789,0,0,789,T
6-NA,1409,727,0,0,0,727,A
6-NA,1410,699,0,0,0,699,A
7-M,1,28,0,0,0,28,A
7-M,2,0,28,0,0,28,T
7-M,3,0,0,28,0,28,G
7-M,4,28,0,0,0,28,A
7-M,5,0,0,30,0,30,G
7-M,6,0,0,0,33,33,C
7-M,7,0,0,0,36,36,C
7-M,8,0,48,0,0,48,T
7-M,9,0,48,0,0,48,T
7-M,10,0,0,0,48,48,C
7-M,11,0,48,0,0,48,T
7-M,12,49,0,0,0,49,A
7-M,13,50,0,0,0,50,A
7-M,14,0,0,0,50,50,C
7-M,15,0,0,0,50,50,C
7-M,16,0,0,50,0,50,G
7-M,17,51,0,0,0,51,A
7-M,18,0,0,51,0,51,G
7-M,19,0,0,52,0,52,G
7-M,20,0,53,0,0,53,T
7-M,21,0,0,0,53,53,C
7-M,22,0,0,53,0,53,G
7-M,23,54,0,0,0,54,A
7-M,24,54,0,0,0,54,A
7-M,25,53,0,0,0,53,A
7-M,26,0,0,0,58,58,C
7-M,27,0,0,60,0,60,G
7-M,28,0,59,0,0,59,T
7-M,29,60,0,0,0,60,A
7-M,30,0,61,0,0,61,T
7-M,31,0,0,61,0,61,G
7-M,32,0,62,0,0,62,T
7-M,33,0,69,0,0,69,T
7-M,34,0,0,0,73,73,C
7-M,35,0,72,0,0,72,T
7-M,36,1,0,0,79,80,C
7-M,37,0,80,0,0,80,T
7-M,38,0,0,0,86,86,C
7-M,39,0,87,0,0,87,T
7-M,40,87,0,0,0,87,A
7-M,41,0,87,0,0,87,T
7-M,42,0,0,0,89,89,C
7-M,43,0,0,90,0,90,G
7-M,44,0,90,0,0,90,T
7-M,45,0,88,0,1,89,T
7-M,46,0,0,0,90,90,C
7-M,47,0,0,0,93,93,C
7-M,48,93,0,0,0,93,A
7-M,49,0,93,0,0,93,T
7-M,50,0,0,0,93,93,C
7-M,51,94,0,0,0,94,A
7-M,52,0,0,94,0,94,G
7-M,53,0,0,95,0,95,G
7-M,54,0,0,0,95,95,C
7-M,55,0,0,0,95,95,C
7-M,56,0,0,0,95,95,C
7-M,57,1,0,0,95,96,C
7-M,58,0,0,0,98,98,C
7-M,59,0,98,0,0,98,T
7-M,60,0,0,0,98,98,C
7-M,61,98,0,0,0,98,A
7-M,62,98,0,0,0,98,A
7-M,63,101,0,0,0,101,A
7-M,64,0,0,103,0,103,G
7-M,65,0,0,0,103,103,C
7-M,66,0,0,0,103,103,C
7-M,67,0,0,103,0,103,G
7-M,68,104,0,0,0,104,A
7-M,69,0,0,104,0,104,G
7-M,70,104,0,0,0,104,A
7-M,71,0,104,0,0,104,T
7-M,72,0,0,0,101,101,C
7-M,73,0,0,102,0,102,G
7-M,74,0,0,0,104,104,C
7-M,75,0,0,104,0,104,G
7-M,76,0,0,0,104,104,C
7-M,77,102,0,0,0,102,A
7-M,78,0,0,105,0,105,G
7-M,79,103,1,0,0,104,A
7-M,80,0,0,113,0,113,G
7-M,81,112,0,1,0,113,A
7-M,82,0,0,0,115,115,C
7-M,83,0,115,0,0,115,T
7-M,84,0,115,0,0,115,T
7-M,85,0,0,117,0,117,G
7-M,86,115,0,2,0,117,A
7-M,87,116,0,0,0,116,A
7-M,88,0,0,116,0,116,G
7-M,89,112,0,0,0,112,A
7-M,90,0,111,0,1,112,T
7-M,91,0,0,111,0,111,G
7-M,92,0,114,0,0,114,T
7-M,93,0,0,0,114,114,C
7-M,94,0,114,0,0,114,T
7-M,95,0,115,0,0,115,T
7-M,96,0,115,0,0,115,T
7-M,97,0,0,116,0,116,G
7-M,98,0,0,0,115,115,C
7-M,99,0,114,0,0,114,T
7-M,100,0,0,114,0,114,G
7-M,101,0,0,114,0,114,G
7-M,102,0,0,116,0,116,G
7-M,103,115,0,0,0,115,A
7-M,104,116,0,0,0,116,A
7-M,105,116,0,0,0,116,A
7-M,106,116,0,0,0,116,A
7-M,107,121,0,1,0,122,A
7-M,108,0,0,0,122,122,C
7-M,109,122,0,0,0,122,A
7-M,110,0,0,0,121,121,C
7-M,111,122,0,0,0,122,A
7-M,112,0,0,124,0,124,G
7-M,113,126,0,0,0,126,A
7-M,114,0,128,0,0,128,T
7-M,115,0,0,0,126,126,C
7-M,116,0,126,0,0,126,T
7-M,117,0,127,0,0,127,T
7-M,118,0,0,127,0,127,G
7-M,119,126,0,0,0,126,A
7-M,120,0,0,127,0,127,G
7-M,121,0,0,125,0,125,G
7-M,122,0,0,0,126,126,C
7-M,123,0,126,0,0,126,T
7-M,124,0,0,0,142,142,C
7-M,125,0,142,0,0,142,T
7-M,126,0,0,0,144,144,C
7-M,127,144,0,0,0,144,A
7-M,128,0,144,0,0,144,T
7-M,129,0,1,142,0,143,G
7-M,130,0,0,145,0,145,G
7-M,131,145,0,0,0,145,A
7-M,132,144,0,0,0,144,A
7-M,133,0,141,0,0,141,T
7-M,134,0,1,147,0,148,G
7-M,135,0,0,158,0,158,G
7-M,136,1,0,0,158,159,C
7-M,137,0,160,0,0,160,T
7-M,138,160,0,0,0,160,A
7-M,139,159,0,0,0,159,A
7-M,140,167,0,0,0,167,A
7-M,141,0,1,167,0,168,G
7-M,142,167,0,0,0,167,A
7-M,143,0,0,0,166,166,C
7-M,144,165,0,0,0,165,A
7-M,145,166,0,0,0,166,A
7-M,146,0,1,167,0,168,G
7-M,147,166,0,2,0,168,A
7-M,148,0,0,0,167,167,C
7-M,149,0,0,0,166,166,C
7-M,150,165,0,0,0,165,A
7-M,151,169,0,0,0,169,A
7-M,152,0,167,0,0,167,T
7-M,153,0,169,0,0,169,T
7-M,154,1,0,0,170,171,C
7-M,155,0,169,0,0,169,T
7-M,156,0,0,169,0,169,G
7-M,157,0,165,0,5,170,T
7-M,158,0,0,0,170,170,C
7-M,159,170,0,0,0,170,A
7-M,160,0,0,0,177,177,C
7-M,161,0,1,0,175,176,C
7-M,162,0,175,0,0,175,T
7-M,163,0,0,0,176,176,C
7-M,164,0,174,0,1,175,T
7-M,165,0,0,187,0,187,G
7-M,166,186,1,0,0,187,A
7-M,167,0,0,0,189,189,C
7-M,168,0,189,0,0,189,T
7-M,169,187,0,0,0,187,A
7-M,170,185,0,0,0,185,A
7-M,171,0,0,187,0,187,G
7-M,172,0,0,186,0,186,G
7-M,173,0,0,189,0,189,G
7-M,174,0,0,186,0,186,G
7-M,175,188,0,1,0,189,A
7-M,176,0,188,0,0,188,T
7-M,177,0,191,0,0,191,T
7-M,178,0,191,0,0,191,T
7-M,179,0,192,0,0,192,T
7-M,180,0,0,190,0,190,G
7-M,181,0,0,191,0,191,G
7-M,182,0,0,193,0,193,G
7-M,183,1,0,190,0,191,G
7-M,184,0,192,0,0,192,T
7-M,185,0,192,0,0,192,T
7-M,186,0,192,0,0,192,T
7-M,187,0,0,194,0,194,G
7-M,188,0,193,1,0,194,T
7-M,189,0,0,195,0,195,G
7-M,190,0,195,0,0,195,T
7-M,191,0,194,0,1,195,T
7-M,192,1,0,0,195,196,C
7-M,193,195,0,0,0,195,A
7-M,194,0,0,0,201,201,C
7-M,195,0,0,201,0,201,G
7-M,196,0,0,0,201,201,C
7-M,197,0,199,0,0,199,T
7-M,198,0,0,0,205,205,C
7-M,199,204,0,0,0,204,A
7-M,200,0,0,0,206,206,C
7-M,201,0,0,0,206,206,C
7-M,202,0,0,207,0,207,G
7-M,203,0,209,0,0,209,T
7-M,204,0,0,210,0,210,G
7-M,205,0,0,0,210,210,C
7-M,206,0,0,0,210,210,C
7-M,207,0,0,0,214,214,C
7-M,208,211,0,0,0,211,A
7-M,209,1,0,212,0,213,G
7-M,210,0,210,0,0,210,T
7-M,211,0,0,209,0,209,G
7-M,212,212,0,0,0,212,A
7-M,213,0,0,213,0,213,G
7-M,214,0,0,0,213,213,C
7-M,215,0,0,213,0,213,G
7-M,216,213,0,0,0,213,A
7-M,217,0,0,217,0,217,G
7-M,218,0,1,216,0,217,G
7-M,219,214,0,1,0,215,A
7-M,220,0,0,0,222,222,C
7-M,221,0,213,0,0,213,T
7-M,222,0,0,214,0,214,G
7-M,223,0,0,0,214,214,C
7-M,224,214,0,1,0,215,A
7-M,225,0,0,216,0,216,G
7-M,226,0,0,0,217,217,C
7-M,227,0,0,215,0,215,G
7-M,228,0,217,0,0,217,T
7-M,229,213,0,0,0,213,A
7-M,230,0,0,212,0,212,G
7-M,231,211,0,0,0,211,A
7-M,232,0,0,0,212,212,C
7-M,233,0,0,214,0,214,G
7-M,234,0,0,0,213,213,C
7-M,235,0,209,1,0,210,T
7-M,236,0,212,0,0,212,T
7-M,237,0,211,0,0,211,T
7-M,238,0,0,220,0,220,G
7-M,239,0,220,0,0,220,T
7-M,240,0,0,0,219,219,C
7-M,241,0,0,0,220,220,C
7-M,242,221,0,0,0,221,A
7-M,243,223,0,0,0,223,A
7-M,244,223,0,0,0,223,A
7-M,245,221,0,1,0,222,A
7-M,246,0,223,0,0,223,T
7-M,247,0,0,224,0,224,G
7-M,248,0,0,0,223,223,C
7-M,249,0,0,0,223,223,C
7-M,250,0,0,0,226,226,C
7-M,251,0,228,0,0,228,T
7-M,252,2,0,0,232,234,C
7-M,253,235,0,0,0,235,A
7-M,254,239,0,0,0,239,A
7-M,255,0,239,0,0,239,T
7-M,256,0,0,244,0,244,G
7-M,257,0,0,244,0,244,G
7-M,258,1,0,246,0,247,G
7-M,259,243,0,1,0,244,A
7-M,260,247,0,0,0,247,A
7-M,261,0,242,0,0,242,T
7-M,262,0,0,244,0,244,G
7-M,263,1,0,243,0,244,G
7-M,264,244,0,0,0,244,A
7-M,265,0,0,244,0,244,G
7-M,266,239,0,1,0,240,A
7-M,267,0,0,0,236,236,C
7-M,268,0,0,0,243,243,C
7-M,269,0,0,0,247,247,C
7-M,270,248,0,0,0,248,A
7-M,271,247,0,1,0,248,A
7-M,272,247,0,0,0,247,A
7-M,273,0,250,0,0,250,T
7-M,274,257,0,0,0,257,A
7-M,275,257,0,0,0,257,A
7-M,276,0,0,0,252,252,C
7-M,277,252,0,0,0,252,A
7-M,278,0,252,0,0,252,T
7-M,279,1,0,254,0,255,G
7-M,280,0,0,254,0,254,G
7-M,281,255,0,1,0,256,A
7-M,282,0,0,0,255,255,C
7-M,283,253,0,0,0,253,A
7-M,284,257,0,0,0,257,A
7-M,285,257,0,0,0,257,A
7-M,286,1,1,256,0,258,G
7-M,287,0,3,0,262,265,C
7-M,288,263,0,0,0,263,A
7-M,289,0,0,265,0,265,G
7-M,290,0,264,1,0,265,T
7-M,291,0,266,0,0,266,T
7-M,292,266,0,0,0,266,A
7-M,293,265,0,0,0,265,A
7-M,294,267,0,1,0,268,A
7-M,295,0,0,0,273,273,C
7-M,296,0,269,0,0,269,T
7-M,297,0,0,306,0,306,G
7-M,298,0,305,0,0,305,T
7-M,299,307,0,0,0,307,A
7-M,300,0,306,0,0,306,T
7-M,301,305,0,0,1,306,A
7-M,302,0,0,306,0,306,G
7-M,303,0,0,303,0,303,G
7-M,304,299,0,0,0,299,A
7-M,305,298,0,0,0,298,A
7-M,306,294,0,1,0,295,A
7-M,307,0,0,0,301,301,C
7-M,308,0,297,0,1,298,T
7-M,309,0,299,0,0,299,T
7-M,310,299,0,0,0,299,A
7-M,311,300,0,0,0,300,A
7-M,312,0,0,299,0,299,G
7-M,313,299,0,0,0,299,A
7-M,314,0,1,297,0,298,G
7-M,315,282,0,0,0,282,A
7-M,316,0,0,290,0,290,G
7-M,317,295,0,0,0,295,A
7-M,318,0,2,297,0,299,G
7-M,319,299,0,0,0,299,A
7-M,320,0,299,0,0,299,T
7-M,321,298,0,0,0,298,A
7-M,322,299,0,0,0,299,A
7-M,323,0,0,0,302,302,C
7-M,324,0,0,296,0,296,G
7-M,325,0,297,0,1,298,T
7-M,326,0,295,0,0,295,T
7-M,327,2,0,0,298,300,C
7-M,328,0,1,0,296,297,C
7-M,329,298,0,0,0,298,A
7-M,330,0,297,0,0,297,T
7-M,331,0,0,290,0,290,G
7-M,332,0,0,297,0,297,G
7-M,333,0,0,298,0,298,G
7-M,334,0,0,302,0,302,G
7-M,335,0,0,0,301,301,C
7-M,336,1,0,0,299,300,C
7-M,337,304,0,0,0,304,A
7-M,338,306,0,0,0,306,A
7-M,339,304,0,0,0,304,A
7-M,340,0,0,308,0,308,G
7-M,341,307,0,2,0,309,A
7-M,342,310,0,0,0,310,A
7-M,343,307,0,2,0,309,A
7-M,344,0,311,0,0,311,T
7-M,345,311,0,0,0,311,A
7-M,346,0,0,314,0,314,G
7-M,347,0,0,0,315,315,C
7-M,348,0,314,1,0,315,T
7-M,349,2,0,0,311,313,C
7-M,350,0,313,0,0,313,T
7-M,351,0,0,0,317,317,C
7-M,352,317,1,0,0,318,A
7-M,353,0,0,317,0,317,G
7-M,354,0,311,0,0,311,T
7-M,355,0,315,0,0,315,T
7-M,356,315,0,0,0,315,A
7-M,357,0,317,0,0,317,T
7-M,358,0,315,0,0,315,T
7-M,359,0,0,0,317,317,C
7-M,360,0,306,0,0,306,T
7-M,361,0,0,308,0,308,G
7-M,362,0,0,0,307,307,C
7-M,363,0,305,0,1,306,T
7-M,364,0,0,303,0,303,G
7-M,365,0,0,303,0,303,G
7-M,366,0,305,0,0,305,T
7-M,367,0,0,304,0,304,G
7-M,368,1,0,0,305,306,C
7-M,369,305,0,1,0,306,A
7-M,370,0,0,0,308,308,C
7-M,371,0,305,0,1,306,T
7-M,372,0,312,0,0,312,T
7-M,373,0,0,312,0,312,G
7-M,374,0,1,0,308,309,C
7-M,375,0,0,0,310,310,C
7-M,376,308,0,0,0,308,A
7-M,377,0,0,320,0,320,G
7-M,378,0,321,0,0,321,T
7-M,379,0,319,0,0,319,T
7-M,380,0,1,319,0,320,G
7-M,381,0,312,0,0,312,T
7-M,382,318,0,0,0,318,A
7-M,383,0,318,0,0,318,T
7-M,384,0,1,317,0,318,G
7-M,385,0,0,319,0,319,G
7-M,386,0,0,318,0,318,G
7-M,387,0,0,0,320,320,C
7-M,388,1,0,0,329,330,C
7-M,389,0,318,0,3,321,T
7-M,390,0,0,0,330,330,C
7-M,391,350,0,1,0,351,A
7-M,392,0,353,0,0,353,T
7-M,393,359,0,0,3,362,A
7-M,394,0,361,0,0,361,T
7-M,395,355,0,0,0,355,A
7-M,396,0,0,0,370,370,C
7-M,397,353,0,0,0,353,A
7-M,398,354,0,0,0,354,A
7-M,399,0,352,0,0,352,T
7-M,400,341,0,0,0,341,A
7-M,401,2,0,339,0,341,G
7-M,402,0,0,337,0,337,G
7-M,403,338,0,0,0,338,A
7-M,404,0,338,0,0,338,T
7-M,405,0,0,312,0,312,G
7-M,406,0,0,310,0,310,G
7-M,407,0,0,309,0,309,G
7-M,408,1,1,310,0,312,G
7-M,409,0,0,312,0,312,G
7-M,410,0,1,0,309,310,C
7-M,411,0,307,0,0,307,T
7-M,412,0,0,309,0,309,G
7-M,413,0,309,0,0,309,T
7-M,414,310,0,0,0,310,A
7-M,415,308,0,0,0,308,A
7-M,416,0,0,0,314,314,C
7-M,417,0,0,0,310,310,C
7-M,418,307,0,0,0,307,A
7-M,419,0,0,0,306,306,C
7-M,420,0,304,0,0,304,T
7-M,421,1,0,307,0,308,G
7-M,422,307,0,0,0,307,A
7-M,423,306,0,0,0,306,A
7-M,424,0,0,306,0,306,G
7-M,425,0,304,0,1,305,T
7-M,426,0,1,304,0,305,G
7-M,427,0,0,308,0,308,G
7-M,428,0,0,0,310,310,C
7-M,429,309,0,1,0,310,A
7-M,430,0,308,0,0,308,T
7-M,431,1,309,0,0,310,T
7-M,432,0,306,0,1,307,T
7-M,433,0,0,318,0,318,G
7-M,434,1,0,319,0,320,G
7-M,435,0,0,0,318,318,C
7-M,436,0,0,0,318,318,C
7-M,437,0,320,0,0,320,T
7-M,438,0,0,337,0,337,G
7-M,439,0,0,340,0,340,G
7-M,440,0,340,0,0,340,T
7-M,441,342,0,0,0,342,A
7-M,442,0,330,0,0,330,T
7-M,443,0,0,338,0,338,G
7-M,444,0,340,0,0,340,T
7-M,445,0,0,340,0,340,G
7-M,446,0,0,0,340,340,C
7-M,447,326,0,0,1,327,A
7-M,448,325,0,0,0,325,A
7-M,449,0,0,0,330,330,C
7-M,450,326,0,0,0,326,A
7-M,451,0,328,0,0,328,T
7-M,452,0,0,325,0,325,G
7-M,453,0,313,0,1,314,T
7-M,454,0,1,314,0,315,G
7-M,455,313,0,1,0,314,A
7-M,456,0,0,314,0,314,G
7-M,457,0,0,0,313,313,C
7-M,458,304,0,0,1,305,A
7-M,459,0,0,309,0,309,G
7-M,460,302,0,0,0,302,A
7-M,461,0,304,0,0,304,T
7-M,462,0,305,0,0,305,T
7-M,463,0,0,307,0,307,G
7-M,464,0,1,0,306,307,C
7-M,465,0,306,0,0,306,T
7-M,466,0,0,305,0,305,G
7-M,467,306,0,0,0,306,A
7-M,468,1,0,0,314,315,C
7-M,469,0,318,0,0,318,T
7-M,470,0,0,0,319,319,C
7-M,471,0,0,0,318,318,C
7-M,472,0,0,0,318,318,C
7-M,473,318,0,0,0,318,A
7-M,474,0,0,320,0,320,G
7-M,475,0,0,0,321,321,C
7-M,476,321,0,0,0,321,A
7-M,477,0,0,0,320,320,C
7-M,478,296,0,1,0,297,A
7-M,479,1,1,299,0,301,G
7-M,480,0,0,300,0,300,G
7-M,481,0,303,0,0,303,T
7-M,482,0,0,0,312,312,C
7-M,483,0,310,1,1,312,T
7-M,484,0,0,0,320,320,C
7-M,485,319,0,0,0,319,A
7-M,486,0,319,0,0,319,T
7-M,487,319,0,0,0,319,A
7-M,488,0,0,315,0,315,G
7-M,489,0,0,313,0,313,G
7-M,490,0,0,0,312,312,C
7-M,491,305,0,1,0,306,A
7-M,492,0,0,303,0,303,G
7-M,493,305,0,0,0,305,A
7-M,494,0,307,0,0,307,T
7-M,495,0,0,308,0,308,G
7-M,496,0,0,309,0,309,G
7-M,497,0,305,0,0,305,T
7-M,498,0,0,309,0,309,G
7-M,499,0,0,308,0,308,G
7-M,500,0,0,0,311,311,C
7-M,501,307,0,0,0,307,A
7-M,502,305,0,2,0,307,A
7-M,503,0,0,1,305,306,C
7-M,504,306,0,0,0,306,A
7-M,505,306,0,0,0,306,A
7-M,506,0,0,0,305,305,C
7-M,507,0,0,0,305,305,C
7-M,508,304,0,0,0,304,A
7-M,509,304,0,0,0,304,A
7-M,510,0,308,0,0,308,T
7-M,511,0,0,0,310,310,C
7-M,512,1,0,0,302,303,C
7-M,513,301,0,0,0,301,A
7-M,514,0,302,0,0,302,T
7-M,515,0,302,0,0,302,T
7-M,516,303,0,0,0,303,A
7-M,517,302,1,0,0,303,A
7-M,518,0,302,0,0,302,T
7-M,519,301,0,0,0,301,A
7-M,520,299,0,0,1,300,A
7-M,521,290,0,0,0,290,A
7-M,522,293,0,0,0,293,A
7-M,523,0,0,0,294,294,C
7-M,524,293,0,1,0,294,A
7-M,525,0,296,0,0,296,T
7-M,526,0,0,296,0,296,G
7-M,527,295,0,0,0,295,A
7-M,528,0,0,297,0,297,G
7-M,529,294,0,1,0,295,A
7-M,530,297,0,0,0,297,A
7-M,531,0,0,0,299,299,C
7-M,532,285,0,1,0,286,A
7-M,533,0,0,291,0,291,G
7-M,534,288,1,0,0,289,A
7-M,535,289,0,0,0,289,A
7-M,536,0,290,0,0,290,T
7-M,537,0,1,291,0,292,G
7-M,538,0,0,292,0,292,G
7-M,539,0,291,0,0,291,T
7-M,540,0,286,0,0,286,T
7-M,541,0,291,0,0,291,T
7-M,542,0,292,0,1,293,T
7-M,543,0,0,294,0,294,G
7-M,544,1,1,292,0,294,G
7-M,545,0,0,0,295,295,C
7-M,546,0,0,0,296,296,C
7-M,547,291,0,0,0,291,A
7-M,548,0,0,300,0,300,G
7-M,549,0,0,0,300,300,C
7-M,550,301,0,0,0,301,A
7-M,551,0,0,0,300,300,C
7-M,552,0,294,0,0,294,T
7-M,553,295,0,0,0,295,A
7-M,554,2,0,0,294,296,C
7-M,555,295,0,1,0,296,A
7-M,556,0,0,300,0,300,G
7-M,557,0,0,0,288,288,C
7-M,558,0,284,0,0,284,T
7-M,559,285,0,0,0,285,A
7-M,560,282,0,0,0,282,A
7-M,561,0,1,283,0,284,G
7-M,562,0,0,290,0,290,G
7-M,563,0,0,0,290,290,C
7-M,564,0,273,1,1,275,T
7-M,565,270,0,0,0,270,A
7-M,566,0,270,0,0,270,T
7-M,567,0,0,271,0,271,G
7-M,568,0,0,271,0,271,G
7-M,569,269,0,0,0,269,A
7-M,570,0,0,273,0,273,G
7-M,571,0,0,0,267,267,C
7-M,572,263,0,1,0,264,A
7-M,573,264,0,0,0,264,A
7-M,574,263,0,0,0,263,A
7-M,575,0,265,0,0,265,T
7-M,576,0,0,265,0,265,G
7-M,577,0,0,263,0,263,G
7-M,578,0,0,0,260,260,C
7-M,579,0,256,0,0,256,T
7-M,580,0,0,256,0,256,G
7-M,581,0,0,260,0,260,G
7-M,582,258,0,0,0,258,A
7-M,583,0,255,0,1,256,T
7-M,584,0,0,0,257,257,C
7-M,585,257,0,0,0,257,A
7-M,586,259,0,0,0,259,A
7-M,587,0,0,262,0,262,G
7-M,588,0,260,0,0,260,T
7-M,589,0,1,260,0,261,G
7-M,590,259,0,0,0,259,A
7-M,591,255,0,0,0,255,A
7-M,592,0,0,0,257,257,C
7-M,593,259,0,0,0,259,A
7-M,594,0,0,261,0,261,G
7-M,595,0,0,258,0,258,G
7-M,596,0,0,0,258,258,C
7-M,597,251,0,0,0,251,A
7-M,598,0,0,253,0,253,G
7-M,599,0,0,0,253,253,C
7-M,600,0,0,253,0,253,G
7-M,601,0,0,254,0,254,G
7-M,602,250,0,0,0,250,A
7-M,603,0,1,251,0,252,G
7-M,604,0,0,254,0,254,G
7-M,605,0,0,0,254,254,C
7-M,606,0,0,0,255,255,C
7-M,607,252,0,0,0,252,A
7-M,608,1,251,0,0,252,T
7-M,609,1,0,251,0,252,G
7-M,610,0,0,254,0,254,G
7-M,611,253,0,0,0,253,A
7-M,612,0,1,251,0,252,G
7-M,613,248,0,0,0,248,A
7-M,614,0,255,0,0,255,T
7-M,615,0,253,0,0,253,T
7-M,616,0,0,254,0,254,G
7-M,617,0,0,0,253,253,C
7-M,618,0,250,0,0,250,T
7-M,619,250,0,0,0,250,A
7-M,620,0,0,249,0,249,G
7-M,621,0,248,0,0,248,T
7-M,622,0,0,0,247,247,C
7-M,623,244,0,1,0,245,A
7-M,624,0,1,250,0,251,G
7-M,625,0,0,249,0,249,G
7-M,626,0,0,0,245,245,C
7-M,627,0,0,0,247,247,C
7-M,628,252,0,0,0,252,A
7-M,629,0,0,255,0,255,G
7-M,630,0,0,256,0,256,G
7-M,631,0,0,0,256,256,C
7-M,632,253,1,0,0,254,A
7-M,633,0,0,253,0,253,G
7-M,634,249,0,1,0,250,A
7-M,635,0,251,0,0,251,T
7-M,636,0,0,251,0,251,G
7-M,637,1,0,257,0,258,G
7-M,638,0,253,0,0,253,T
7-M,639,1,0,252,0,253,G
7-M,640,0,0,0,253,253,C
7-M,641,252,0,0,0,252,A
7-M,642,0,0,255,0,255,G
7-M,643,0,0,252,0,252,G
7-M,644,0,0,0,254,254,C
7-M,645,252,0,0,0,252,A
7-M,646,248,0,0,0,248,A
7-M,647,0,245,0,0,245,T
7-M,648,0,1,245,0,246,G
7-M,649,245,0,0,0,245,A
7-M,650,0,0,246,0,246,G
7-M,651,238,0,0,0,238,A
7-M,652,0,0,240,0,240,G
7-M,653,1,0,0,241,242,C
7-M,654,0,0,0,247,247,C
7-M,655,248,0,0,0,248,A
7-M,656,0,249,0,0,249,T
7-M,657,0,248,0,0,248,T
7-M,658,0,1,248,0,249,G
7-M,659,0,0,246,0,246,G
7-M,660,0,0,246,0,246,G
7-M,661,244,0,0,0,244,A
7-M,662,0,0,0,244,244,C
7-M,663,0,233,0,0,233,T
7-M,664,1,0,0,232,233,C
7-M,665,231,0,1,0,232,A
7-M,666,0,242,0,0,242,T
7-M,667,0,0,0,242,242,C
7-M,668,1,0,0,240,241,C
7-M,669,0,239,0,1,240,T
7-M,670,240,0,0,0,240,A
7-M,671,0,0,241,0,241,G
7-M,672,0,251,0,0,251,T
7-M,673,0,247,0,0,247,T
7-M,674,0,0,0,244,244,C
7-M,675,1,0,0,235,236,C
7-M,676,235,0,0,0,235,A
7-M,677,0,0,237,0,237,G
7-M,678,0,239,0,0,239,T
7-M,679,237,0,0,0,237,A
7-M,680,0,0,0,236,236,C
7-M,681,0,231,0,0,231,T
7-M,682,0,0,243,0,243,G
7-M,683,0,0,242,0,242,G
7-M,684,0,240,0,0,240,T
7-M,685,0,235,0,0,235,T
7-M,686,0,241,0,0,241,T
7-M,687,241,0,0,0,241,A
7-M,688,241,0,0,0,241,A
7-M,689,0,0,242,0,242,G
7-M,690,236,0,0,0,236,A
7-M,691,0,0,233,0,233,G
7-M,692,227,0,0,0,227,A
7-M,693,0,225,0,0,225,T
7-M,694,0,1,225,0,226,G
7-M,695,228,0,0,0,228,A
7-M,696,0,224,0,0,224,T
7-M,697,0,0,0,225,225,C
7-M,698,0,224,0,0,224,T
7-M,699,0,225,0,0,225,T
7-M,700,1,0,0,224,225,C
7-M,701,0,224,0,0,224,T
7-M,702,0,226,0,0,226,T
7-M,703,0,0,225,0,225,G
7-M,704,226,0,0,0,226,A
7-M,705,226,0,0,0,226,A
7-M,706,223,0,0,0,223,A
7-M,707,224,0,0,0,224,A
7-M,708,0,224,1,0,225,T
7-M,709,0,225,0,0,225,T
7-M,710,0,226,0,0,226,T
7-M,711,0,0,225,0,225,G
7-M,712,0,0,0,225,225,C
7-M,713,224,0,2,0,226,A
7-M,714,1,0,224,1,226,G
7-M,715,224,0,2,0,226,A
7-M,716,0,0,0,230,230,C
7-M,717,1,0,0,228,229,C
7-M,718,0,229,0,0,229,T
7-M,719,229,0,0,1,230,A
7-M,720,0,228,0,0,228,T
7-M,721,0,0,0,229,229,C
7-M,722,229,0,0,0,229,A
7-M,723,0,0,229,0,229,G
7-M,724,229,0,0,0,229,A
7-M,725,224,0,0,0,224,A
7-M,726,224,0,0,0,224,A
7-M,727,0,0,0,224,224,C
7-M,728,0,0,226,0,226,G
7-M,729,224,0,0,0,224,A
7-M,730,224,0,1,0,225,A
7-M,731,0,225,0,0,225,T
7-M,732,0,0,225,0,225,G
7-M,733,0,0,226,0,226,G
7-M,734,0,0,225,0,225,G
7-M,735,0,0,226,0,226,G
7-M,736,0,0,226,0,226,G
7-M,737,0,221,0,0,221,T
7-M,738,0,0,219,0,219,G
7-M,739,0,0,0,218,218,C
7-M,740,220,0,0,0,220,A
7-M,741,0,0,222,0,222,G
7-M,742,215,0,1,0,216,A
7-M,743,0,212,0,0,212,T
7-M,744,0,0,212,0,212,G
7-M,745,0,1,0,209,210,C
7-M,746,209,0,0,0,209,A
7-M,747,210,0,0,0,210,A
7-M,748,0,0,0,210,210,C
7-M,749,0,0,209,0,209,G
7-M,750,208,0,0,0,208,A
7-M,751,0,207,0,0,207,T
7-M,752,0,207,0,0,207,T
7-M,753,0,0,0,210,210,C
7-M,754,203,0,1,0,204,A
7-M,755,204,0,0,0,204,A
7-M,756,0,0,204,0,204,G
7-M,757,0,199,0,0,199,T
7-M,758,0,0,196,0,196,G
7-M,759,195,0,0,0,195,A
7-M,760,0,0,0,196,196,C
7-M,761,0,0,0,196,196,C
7-M,762,0,0,0,200,200,C
7-M,763,0,0,199,0,199,G
7-M,764,0,0,0,201,201,C
7-M,765,0,200,0,0,200,T
7-M,766,0,200,0,0,200,T
7-M,767,0,0,200,0,200,G
7-M,768,0,199,0,0,199,T
7-M,769,0,199,0,1,200,T
7-M,770,0,0,201,0,201,G
7-M,771,0,198,0,0,198,T
7-M,772,0,197,0,0,197,T
7-M,773,0,0,194,0,194,G
7-M,774,0,0,0,194,194,C
7-M,775,0,0,0,195,195,C
7-M,776,0,0,195,0,195,G
7-M,777,0,0,0,194,194,C
7-M,778,0,0,198,0,198,G
7-M,779,201,0,0,0,201,A
7-M,780,200,0,0,0,200,A
7-M,781,0,203,0,0,203,T
7-M,782,202,0,0,0,202,A
7-M,783,0,202,1,0,203,T
7-M,784,0,0,0,204,204,C
7-M,785,204,0,0,0,204,A
7-M,786,0,203,0,0,203,T
7-M,787,0,202,0,0,202,T
7-M,788,0,1,201,0,202,G
7-M,789,0,0,202,0,202,G
7-M,790,0,0,198,0,198,G
7-M,791,200,0,0,0,200,A
7-M,792,0,198,0,1,199,T
7-M,793,0,0,0,194,194,C
7-M,794,0,195,0,1,196,T
7-M,795,0,196,0,0,196,T
7-M,796,0,0,199,0,199,G
7-M,797,0,0,0,200,200,C
7-M,798,198,0,1,0,199,A
7-M,799,0,0,0,200,200,C
7-M,800,0,196,0,0,196,T
7-M,801,0,196,0,0,196,T
7-M,802,0,0,196,0,196,G
7-M,803,195,0,0,0,195,A
7-M,804,0,196,0,0,196,T
7-M,805,189,0,0,0,189,A
7-M,806,0,189,0,0,189,T
7-M,807,0,184,0,0,184,T
7-M,808,0,0,183,0,183,G
7-M,809,0,183,0,0,183,T
7-M,810,0,0,182,0,182,G
7-M,811,0,0,183,0,183,G
7-M,812,169,0,0,0,169,A
7-M,813,0,168,0,0,168,T
7-M,814,0,169,0,0,169,T
7-M,815,0,1,0,167,168,C
7-M,816,0,167,0,0,167,T
7-M,817,0,165,0,0,165,T
7-M,818,0,0,167,0,167,G
7-M,819,167,0,0,0,167,A
7-M,820,0,166,0,0,166,T
7-M,821,0,1,0,162,163,C
7-M,822,0,0,163,0,163,G
7-M,823,0,161,0,1,162,T
7-M,824,0,0,0,161,161,C
7-M,825,0,158,0,0,158,T
7-M,826,0,159,0,0,159,T
7-M,827,0,159,0,0,159,T
7-M,828,0,161,0,0,161,T
7-M,829,0,160,0,1,161,T
7-M,830,0,160,0,0,160,T
7-M,831,0,161,0,0,161,T
7-M,832,2,0,0,159,161,C
7-M,833,159,0,1,0,160,A
7-M,834,160,0,0,0,160,A
7-M,835,159,0,0,0,159,A
7-M,836,0,160,0,0,160,T
7-M,837,0,0,160,0,160,G
7-M,838,0,0,0,159,159,C
7-M,839,0,0,159,0,159,G
7-M,840,0,160,0,0,160,T
7-M,841,1,0,0,158,159,C
7-M,842,0,160,0,1,161,T
7-M,843,161,0,0,0,161,A
7-M,844,0,160,0,0,160,T
7-M,845,0,0,0,161,161,C
7-M,846,0,1,161,0,162,G
7-M,847,161,0,0,0,161,A
7-M,848,0,0,0,160,160,C
7-M,849,0,155,0,2,157,T
7-M,850,0,0,0,156,156,C
7-M,851,0,155,0,0,155,T
7-M,852,0,155,0,0,155,T
7-M,853,0,0,0,155,155,C
7-M,854,155,0,0,0,155,A
7-M,855,154,0,0,0,154,A
7-M,856,155,0,0,0,155,A
7-M,857,0,0,0,155,155,C
7-M,858,154,0,0,0,154,A
7-M,859,0,0,0,145,145,C
7-M,860,1,0,142,0,143,G
7-M,861,0,0,147,0,147,G
7-M,862,1,0,0,147,148,C
7-M,863,0,0,0,148,148,C
7-M,864,0,148,0,0,148,T
7-M,865,0,149,0,0,149,T
7-M,866,149,0,0,0,149,A
7-M,867,149,0,0,0,149,A
7-M,868,149,0,0,0,149,A
7-M,869,149,0,0,0,149,A
7-M,870,1,0,147,0,148,G
7-M,871,128,0,0,0,128,A
7-M,872,0,0,125,0,125,G
7-M,873,0,0,126,0,126,G
7-M,874,0,0,0,125,125,C
7-M,875,0,0,0,127,127,C
7-M,876,0,0,0,127,127,C
7-M,877,0,127,0,0,127,T
7-M,878,0,127,0,0,127,T
7-M,879,0,0,0,128,128,C
7-M,880,0,129,0,0,129,T
7-M,881,128,0,1,0,129,A
7-M,882,0,0,0,130,130,C
7-M,883,0,0,129,0,129,G
7-M,884,0,0,129,0,129,G
7-M,885,127,0,0,0,127,A
7-M,886,128,0,0,0,128,A
7-M,887,1,0,127,0,128,G
7-M,888,0,0,127,0,127,G
7-M,889,125,0,0,0,125,A
7-M,890,0,0,125,0,125,G
7-M,891,0,121,0,0,121,T
7-M,892,0,0,120,0,120,G
7-M,893,0,0,0,120,120,C
7-M,894,0,0,0,119,119,C
7-M,895,0,120,0,0,120,T
7-M,896,0,0,121,0,121,G
7-M,897,118,0,0,0,118,A
7-M,898,0,0,122,0,122,G
7-M,899,0,115,0,0,115,T
7-M,900,1,0,0,114,115,C
7-M,901,0,112,0,0,112,T
7-M,902,112,0,0,0,112,A
7-M,903,0,112,0,0,112,T
7-M,904,0,0,112,0,112,G
7-M,905,110,0,0,0,110,A
7-M,906,0,0,110,0,110,G
7-M,907,0,0,102,0,102,G
7-M,908,0,0,102,0,102,G
7-M,909,101,0,0,0,101,A
7-M,910,101,0,0,0,101,A
7-M,911,0,0,101,0,101,G
7-M,912,99,0,0,0,99,A
7-M,913,99,0,0,0,99,A
7-M,914,0,98,0,0,98,T
7-M,915,97,0,0,0,97,A
7-M,916,0,97,0,0,97,T
7-M,917,1,2,0,93,96,C
7-M,918,0,0,96,0,96,G
7-M,919,96,0,0,0,96,A
7-M,920,96,0,0,0,96,A
7-M,921,96,0,0,0,96,A
7-M,922,0,0,95,0,95,G
7-M,923,0,0,93,0,93,G
7-M,924,92,0,0,0,92,A
7-M,925,92,0,0,0,92,A
7-M,926,0,0,0,92,92,C
7-M,927,87,0,0,0,87,A
7-M,928,0,0,88,0,88,G
7-M,929,0,0,0,88,88,C
7-M,930,88,0,0,0,88,A
7-M,931,0,0,88,0,88,G
7-M,932,79,0,0,0,79,A
7-M,933,78,0,0,0,78,A
7-M,934,0,78,0,0,78,T
7-M,935,0,0,75,0,75,G
7-M,936,0,0,0,75,75,C
7-M,937,0,71,0,0,71,T
7-M,938,0,0,71,0,71,G
7-M,939,0,70,0,0,70,T
7-M,940,0,0,70,0,70,G
7-M,941,0,0,69,0,69,G
7-M,942,62,1,0,0,63,A
7-M,943,0,63,0,0,63,T
7-M,944,0,0,59,0,59,G
7-M,945,0,0,0,58,58,C
7-M,946,0,37,0,0,37,T
7-M,947,0,0,37,0,37,G
7-M,948,36,0,0,0,36,A
7-M,949,0,0,0,37,37,C
7-M,950,0,0,37,0,37,G
7-M,951,36,0,0,0,36,A
7-M,952,0,0,0,36,36,C
7-M,953,36,0,0,0,36,A
7-M,954,0,0,36,0,36,G
7-M,955,0,36,0,0,36,T
7-M,956,0,0,0,35,35,C
7-M,957,35,0,0,0,35,A
7-M,958,0,33,0,0,33,T
7-M,959,0,34,0,0,34,T
7-M,960,0,34,0,0,34,T
7-M,961,0,32,0,0,32,T
7-M,962,0,0,32,0,32,G
7-M,963,0,31,0,0,31,T
7-M,964,0,0,0,30,30,C
7-M,965,28,0,0,0,28,A
7-M,966,0,0,28,0,28,G
7-M,967,0,0,0,28,28,C
7-M,968,28,0,0,0,28,A
7-M,969,0,28,0,0,28,T
7-M,970,27,0,0,0,27,A
7-M,971,0,0,27,0,27,G
7-M,972,27,0,0,0,27,A
7-M,973,0,0,27,0,27,G
7-M,974,0,26,0,0,26,T
7-M,975,0,20,0,0,20,T
7-M,976,0,0,21,0,21,G
7-M,977,0,0,21,0,21,G
7-M,978,21,0,0,0,21,A
7-M,979,0,0,21,0,21,G
7-M,980,0,15,0,0,15,T
7-M,981,14,0,0,0,14,A
7-M,982,14,0,0,0,14,A
8-NS,1,386,0,0,0,386,A
8-NS,2,0,387,0,0,387,T
8-NS,3,0,0,412,0,412,G
8-NS,4,1,0,451,0,452,G
8-NS,5,482,0,1,0,483,A
8-NS,6,0,966,0,0,966,T
8-NS,7,0,966,0,1,967,T
8-NS,8,0,0,0,1000,1000,C
8-NS,9,0,0,0,1001,1001,C
8-NS,10,1002,0,2,0,1004,A
8-NS,11,1014,0,1,0,1015,A
8-NS,12,0,0,0,1014,1014,C
8-NS,13,1014,0,0,0,1014,A
8-NS,14,0,1,0,1025,1026,C
8-NS,15,0,1029,0,0,1029,T
8-NS,16,0,1,1135,0,1136,G
8-NS,17,0,1136,0,1,1137,T
8-NS,18,0,1,1152,0,1153,G
8-NS,19,0,1154,0,1,1155,T
8-NS,20,1,0,0,1153,1154,C
8-NS,21,1154,0,2,0,1156,A
8-NS,22,1156,0,2,0,1158,A
8-NS,23,0,0,1179,0,1179,G
8-NS,24,0,1199,0,0,1199,T
8-NS,25,1,1188,0,3,1192,T
8-NS,26,0,1216,0,0,1216,T
8-NS,27,2,1,0,1211,1214,C
8-NS,28,1,0,0,1219,1220,C
8-NS,29,1222,1,1,0,1224,A
8-NS,30,0,0,1239,0,1239,G
8-NS,31,1,0,1244,0,1245,G
8-NS,32,0,1251,0,0,1251,T
8-NS,33,1245,0,0,1,1246,A
8-NS,34,0,1,1250,0,1251,G
8-NS,35,1251,0,1,0,1252,A
8-NS,36,0,1265,0,0,1265,T
8-NS,37,1,1260,0,0,1261,T
8-NS,38,0,0,1273,0,1273,G
8-NS,39,0,0,0,1274,1274,C
8-NS,40,0,1267,0,5,1272,T
8-NS,41,0,1281,0,0,1281,T
8-NS,42,0,1283,0,0,1283,T
8-NS,43,0,0,0,1301,1301,C
8-NS,44,0,1300,0,1,1301,T
8-NS,45,0,1301,0,0,1301,T
8-NS,46,0,1308,0,1,1309,T
8-NS,47,0,3,1307,0,1310,G
8-NS,48,0,1,1320,0,1321,G
8-NS,49,0,0,0,1323,1323,C
8-NS,50,1318,0,0,1,1319,A
8-NS,51,0,1322,0,0,1322,T
8-NS,52,1324,1,1,0,1326,A
8-NS,53,0,1418,0,1,1419,T
8-NS,54,0,0,0,1431,1431,C
8-NS,55,0,1,0,1431,1432,C
8-NS,56,0,0,1430,0,1430,G
8-NS,57,0,1427,0,1,1428,T
8-NS,58,1443,0,1,0,1444,A
8-NS,59,1450,0,0,0,1450,A
8-NS,60,1448,1,1,0,1450,A
8-NS,61,0,0,0,1454,1454,C
8-NS,62,1438,0,0,0,1438,A
8-NS,63,1439,0,1,0,1440,A
8-NS,64,2,0,1499,0,1501,G
8-NS,65,0,1504,0,0,1504,T
8-NS,66,0,1502,0,2,1504,T
8-NS,67,0,0,1505,0,1505,G
8-NS,68,0,1505,0,0,1505,T
8-NS,69,1506,0,2,0,1508,A
8-NS,70,0,5,1509,0,1514,G
8-NS,71,1582,0,3,0,1585,A
8-NS,72,1,2,0,1610,1613,C
8-NS,73,0,1,0,1590,1591,C
8-NS,74,1587,0,3,0,1590,A
8-NS,75,1595,0,3,1,1599,A
8-NS,76,0,3,1675,0,1678,G
8-NS,77,1679,1,1,1,1682,A
8-NS,78,1694,0,0,1,1695,A
8-NS,79,0,1,0,1691,1692,C
8-NS,80,1,1666,0,1,1668,T
8-NS,81,0,2,1698,0,1700,G
8-NS,82,1700,0,0,1,1701,A
8-NS,83,0,0,1745,0,1745,G
8-NS,84,0,1744,0,1,1745,T
8-NS,85,0,3,1728,0,1731,G
8-NS,86,1733,0,1,0,1734,A
8-NS,87,1,1735,0,0,1736,T
8-NS,88,1,0,1770,0,1771,G
8-NS,89,0,0,0,1795,1795,C
8-NS,90,3,1,0,1808,1812,C
8-NS,91,0,0,0,1819,1819,C
8-NS,92,4,0,0,1802,1806,C
8-NS,93,1812,0,0,0,1812,A
8-NS,94,1,1836,0,0,1837,T
8-NS,95,0,1856,0,1,1857,T
8-NS,96,3,1,0,1867,1871,C
8-NS,97,0,0,0,1868,1868,C
8-NS,98,0,1857,1,4,1862,T
8-NS,99,0,1859,1,2,1862,T
8-NS,100,2,4,1860,0,1866,G
8-NS,101,1859,1,0,0,1860,A
8-NS,102,0,1861,0,1,1862,T
8-NS,103,3,0,1,1853,1857,C
8-NS,104,0,1,1848,0,1849,G
8-NS,105,0,1,1849,0,1850,G
8-NS,106,1,0,0,1853,1854,C
8-NS,107,0,1848,1,2,1851,T
8-NS,108,2,1849,1,0,1852,T
8-NS,109,3,0,0,1849,1852,C
8-NS,110,1,0,1864,0,1865,G
8-NS,111,1,0,0,1863,1864,C
8-NS,112,3,0,0,1859,1862,C
8-NS,113,0,2,1869,0,1871,G
8-NS,114,1856,0,0,0,1856,A
8-NS,115,0,2,1936,1,1939,G
8-NS,116,1933,1,0,0,1934,A
8-NS,117,1,1944,1,0,1946,T
8-NS,118,3,0,0,1940,1943,C
8-NS,119,1938,0,4,0,1942,A
8-NS,120,0,1,1947,0,1948,G
8-NS,121,1936,0,6,0,1942,A
8-NS,122,1,1,1948,0,1950,G
8-NS,123,1,0,1971,0,1972,G
8-NS,124,0,1986,0,1,1987,T
8-NS,125,4,0,0,2097,2101,C
8-NS,126,3,2,0,2096,2101,C
8-NS,127,1,1,1,2120,2123,C
8-NS,128,0,2121,0,2,2123,T
8-NS,129,2127,0,1,0,2128,A
8-NS,130,2117,0,3,0,2120,A
8-NS,131,1,3,2157,0,2161,G
8-NS,132,0,7,2166,0,2173,G
8-NS,133,2,3,2158,0,2163,G
8-NS,134,3,3,2098,2,2106,G
8-NS,135,2099,0,0,0,2099,A
8-NS,136,2100,0,8,0,2108,A
8-NS,137,0,2,2126,0,2128,G
8-NS,138,2184,1,3,0,2188,A
8-NS,139,0,2,2210,0,2212,G
8-NS,140,2,1,2207,0,2210,G
8-NS,141,0,0,0,2214,2214,C
8-NS,142,2211,0,1,0,2212,A
8-NS,143,2214,0,3,0,2217,A
8-NS,144,1,2216,0,0,2217,T
8-NS,145,2235,0,0,0,2235,A
8-NS,146,0,1,0,2268,2269,C
8-NS,147,0,2209,1,4,2214,T
8-NS,148,3,0,0,2212,2215,C
8-NS,149,0,2187,0,4,2191,T
8-NS,150,2,2,0,2199,2203,C
8-NS,151,2,0,2228,0,2230,G
8-NS,152,1,0,2356,0,2357,G
8-NS,153,0,2356,0,2,2358,T
8-NS,154,0,0,0,2363,2363,C
8-NS,155,0,2355,1,1,2357,T
8-NS,156,2371,0,2,0,2373,A
8-NS,157,1,2,2372,0,2375,G
8-NS,158,2370,0,4,1,2375,A
8-NS,159,0,0,0,2446,2446,C
8-NS,160,2409,0,0,0,2409,A
8-NS,161,0,2371,0,1,2372,T
8-NS,162,3,3,0,2369,2375,C
8-NS,163,2372,0,3,0,2375,A
8-NS,164,2373,1,1,1,2376,A
8-NS,165,2354,0,3,0,2357,A
8-NS,166,0,0,2364,0,2364,G
8-NS,167,2,0,0,2375,2377,C
8-NS,168,2347,1,3,0,2351,A
8-NS,169,1,3,2358,0,2362,G
8-NS,170,0,1,0,2364,2365,C
8-NS,171,1,2,0,2358,2361,C
8-NS,172,2373,2,4,0,2379,A
8-NS,173,0,3,0,2410,2413,C
8-NS,174,3,1,0,2409,2413,C
8-NS,175,4,0,0,2407,2411,C
8-NS,176,2451,3,1,0,2455,A
8-NS,177,0,2459,0,3,2462,T
8-NS,178,0,0,2458,1,2459,G
8-NS,179,0,2460,0,1,2461,T
8-NS,180,0,2449,0,2,2451,T
8-NS,181,1,2,2443,0,2446,G
8-NS,182,1,2,2430,0,2433,G
8-NS,183,2427,2,3,0,2432,A
8-NS,184,2429,0,0,0,2429,A
8-NS,185,2403,0,6,1,2410,A
8-NS,186,0,1,2420,0,2421,G
8-NS,187,0,0,0,2425,2425,C
8-NS,188,2421,0,1,0,2422,A
8-NS,189,2400,2,4,0,2406,A
8-NS,190,2412,0,0,0,2412,A
8-NS,191,1,2437,1,0,2439,T
8-NS,192,0,2433,0,0,2433,T
8-NS,193,0,0,2478,0,2478,G
8-NS,194,0,2471,0,3,2474,T
8-NS,195,2464,0,4,0,2468,A
8-NS,196,0,1,2468,0,2469,G
8-NS,197,2469,1,1,0,2471,A
8-NS,198,2468,0,0,0,2468,A
8-NS,199,2469,0,1,0,2470,A
8-NS,200,2446,0,0,0,2446,A
8-NS,201,0,1,2456,0,2457,G
8-NS,202,2430,0,1,0,2431,A
8-NS,203,0,2420,0,0,2420,T
8-NS,204,0,2422,0,0,2422,T
8-NS,205,1,0,0,2436,2437,C
8-NS,206,1,2431,0,2,2434,T
8-NS,207,1,0,2436,0,2437,G
8-NS,208,2441,0,2,0,2443,A
8-NS,209,2437,0,1,0,2438,A
8-NS,210,2426,0,2,0,2428,A
8-NS,211,0,1,2438,0,2439,G
8-NS,212,2432,0,3,0,2435,A
8-NS,213,2435,1,1,0,2437,A
8-NS,214,0,2,2449,0,2451,G
8-NS,215,2463,1,1,0,2465,A
8-NS,216,2468,0,0,0,2468,A
8-NS,217,1,2467,0,0,2468,T
8-NS,218,2,1,1,2482,2486,C
8-NS,219,1,2474,0,2,2477,T
8-NS,220,0,4,2488,1,2493,G
8-NS,221,2492,0,0,1,2493,A
8-NS,222,2,2491,0,1,2494,T
8-NS,223,0,2,2478,0,2480,G
8-NS,224,2458,0,3,0,2461,A
8-NS,225,1,1,2467,0,2469,G
8-NS,226,0,0,2465,0,2465,G
8-NS,227,0,0,0,2464,2464,C
8-NS,228,2473,0,4,0,2477,A
8-NS,229,0,1,0,2530,2531,C
8-NS,230,0,2529,0,2,2531,T
8-NS,231,0,2548,0,0,2548,T
8-NS,232,2563,1,0,1,2565,A
8-NS,233,2564,0,0,0,2564,A
8-NS,234,2552,2,2,0,2556,A
8-NS,235,2551,1,1,1,2554,A
8-NS,236,0,2552,0,3,2555,T
8-NS,237,1,7,2558,0,2566,G
8-NS,238,2586,0,3,0,2589,A
8-NS,239,0,0,0,2588,2588,C
8-NS,240,6,0,0,2567,2573,C
8-NS,241,2581,1,1,1,2584,A
8-NS,242,1,2577,0,2,2580,T
8-NS,243,1,1,2619,1,2622,G
8-NS,244,2,0,2657,0,2659,G
8-NS,245,2,2660,1,1,2664,T
8-NS,246,6,0,0,2776,2782,C
8-NS,247,0,2758,0,5,2763,T
8-NS,248,1,0,0,2791,2792,C
8-NS,249,1,2,0,2778,2781,C
8-NS,250,2792,0,1,1,2794,A
8-NS,251,0,1,0,2805,2806,C
8-NS,252,2757,2,2,0,2761,A
8-NS,253,8,0,0,2741,2749,C
8-NS,254,0,0,0,2729,2729,C
8-NS,255,0,2631,0,3,2634,T
8-NS,256,0,1,2646,0,2647,G
8-NS,257,0,0,1,2629,2630,C
8-NS,258,0,2613,0,1,2614,T
8-NS,259,0,2618,0,0,2618,T
8-NS,260,2,0,0,2604,2606,C
8-NS,261,1,0,2620,0,2621,G
8-NS,262,0,1,0,2621,2622,C
8-NS,263,3,5,2608,1,2617,G
8-NS,264,2733,0,2,0,2735,A
8-NS,265,0,2722,0,1,2723,T
8-NS,266,2805,0,1,0,2806,A
8-NS,267,0,1,0,2817,2818,C
8-NS,268,2807,1,1,1,2810,A
8-NS,269,0,2866,0,1,2867,T
8-NS,270,2856,0,3,0,2859,A
8-NS,271,2866,0,4,0,2870,A
8-NS,272,0,0,0,2873,2873,C
8-NS,273,0,2782,0,3,2785,T
8-NS,274,1,4,2811,0,2816,G
8-NS,275,2773,0,5,0,2778,A
8-NS,276,0,0,0,2796,2796,C
8-NS,277,2792,0,2,0,2794,A
8-NS,278,0,2757,0,1,2758,T
8-NS,279,0,6,2762,0,2768,G
8-NS,280,2764,1,6,0,2771,A
8-NS,281,1,0,0,2846,2847,C
8-NS,282,0,2842,0,2,2844,T
8-NS,283,2874,0,0,0,2874,A
8-NS,284,0,2868,0,1,2869,T
8-NS,285,0,2848,1,2,2851,T
8-NS,286,0,1,2853,0,2854,G
8-NS,287,2824,1,18,0,2843,A
8-NS,288,2,2,2835,0,2839,G
8-NS,289,0,6,2837,0,2843,G
8-NS,290,2776,3,3,0,2782,A
8-NS,291,2774,1,4,0,2779,A
8-NS,292,0,2730,1,1,2732,T
8-NS,293,0,2737,0,0,2737,T
8-NS,294,2,0,2809,0,2811,G
8-NS,295,0,2801,0,2,2803,T
8-NS,296,2,2,0,2801,2805,C
8-NS,297,2808,1,0,0,2809,A
8-NS,298,2809,0,2,0,2811,A
8-NS,299,1,2,2804,0,2807,G
8-NS,300,2809,0,1,0,2810,A
8-NS,301,2809,1,2,0,2812,A
8-NS,302,2812,1,3,0,2816,A
8-NS,303,0,1,0,2804,2805,C
8-NS,304,0,2765,0,3,2768,T
8-NS,305,1,3,2798,0,2802,G
8-NS,306,0,1,2829,0,2830,G
8-NS,307,0,2824,0,3,2827,T
8-NS,308,1,2815,0,4,2820,T
8-NS,309,7,0,1,2809,2817,C
8-NS,310,2826,0,0,1,2827,A
8-NS,311,1,2860,0,5,2866,T
8-NS,312,0,3,2887,0,2890,G
8-NS,313,0,2,26,2866,2894,C
8-NS,314,0,2879,0,2,2881,T
8-NS,315,2844,0,7,0,2851,A
8-NS,316,2927,0,1,0,2928,A
8-NS,317,0,2931,1,1,2933,T
8-NS,318,2,1,2931,0,2934,G
8-NS,319,1,3,0,2915,2919,C
8-NS,320,1,3,0,2883,2887,C
8-NS,321,9,0,0,2861,2870,C
8-NS,322,2864,1,1,0,2866,A
8-NS,323,2868,0,1,0,2869,A
8-NS,324,1,0,2880,0,2881,G
8-NS,325,0,1,1,2879,2881,C
8-NS,326,2875,0,2,0,2877,A
8-NS,327,1,2,2904,0,2907,G
8-NS,328,2900,0,2,0,2902,A
8-NS,329,2892,1,4,0,2897,A
8-NS,330,2892,1,2,0,2895,A
8-NS,331,2864,0,5,0,2869,A
8-NS,332,0,2901,0,0,2901,T
8-NS,333,1,1,2901,1,2904,G
8-NS,334,0,1,2908,0,2909,G
8-NS,335,2903,1,4,0,2908,A
8-NS,336,2868,0,5,0,2873,A
8-NS,337,1,2,2869,1,2873,G
8-NS,338,0,2,2880,1,2883,G
8-NS,339,2887,1,1,0,2889,A
8-NS,340,0,0,0,2896,2896,C
8-NS,341,0,0,0,2892,2892,C
8-NS,342,0,2872,0,4,2876,T
8-NS,343,1,0,1,2925,2927,C
8-NS,344,1,2918,0,1,2920,T
8-NS,345,0,2930,0,0,2930,T
8-NS,346,0,2931,0,1,2932,T
8-NS,347,0,1,2911,0,2912,G
8-NS,348,0,3,0,2953,2956,C
8-NS,349,2935,1,1,1,2938,A
8-NS,350,1,2936,0,2,2939,T
8-NS,351,0,0,0,2936,2936,C
8-NS,352,2944,2,0,0,2946,A
8-NS,353,1,2,3039,0,3042,G
8-NS,354,3032,0,2,0,3034,A
8-NS,355,3039,0,2,0,3041,A
8-NS,356,0,3033,0,1,3034,T
8-NS,357,1,6,2997,0,3004,G
8-NS,358,7,6,3020,0,3033,G
8-NS,359,3028,1,3,1,3033,A
8-NS,360,1,0,0,3028,3029,C
8-NS,361,3,2,1,2956,2962,C
8-NS,362,2922,0,4,0,2926,A
8-NS,363,0,5,2944,0,2949,G
8-NS,364,1,1,2953,0,2955,G
8-NS,365,2,3,1,2953,2959,C
8-NS,366,2943,0,2,0,2945,A
8-NS,367,2996,2,1,0,2999,A
8-NS,368,0,2995,0,2,2997,T
8-NS,369,2,1,0,2992,2995,C
8-NS,370,2988,0,7,1,2996,A
8-NS,371,0,2997,0,1,2998,T
8-NS,372,0,3,2970,1,2974,G
8-NS,373,2,6,2982,0,2990,G
8-NS,374,2977,0,6,0,2983,A
8-NS,375,0,3,2991,0,2994,G
8-NS,376,2912,0,4,0,2916,A
8-NS,377,2912,1,4,0,2917,A
8-NS,378,2909,0,4,0,2913,A
8-NS,379,1,2,2859,0,2862,G
8-NS,380,2889,1,4,0,2894,A
8-NS,381,1,0,1,2907,2909,C
8-NS,382,2924,0,0,0,2924,A
8-NS,383,0,2918,0,2,2920,T
8-NS,384,2,0,0,2900,2902,C
8-NS,385,2897,0,6,0,2903,A
8-NS,386,1,2909,0,0,2910,T
8-NS,387,0,0,2920,0,2920,G
8-NS,388,0,2900,0,4,2904,T
8-NS,389,1,2877,0,0,2878,T
8-NS,390,0,4,2874,3,2881,G
8-NS,391,2866,1,1,0,2868,A
8-NS,392,2869,1,0,0,2870,A
8-NS,393,2859,0,1,1,2861,A
8-NS,394,0,1,2873,0,2874,G
8-NS,395,0,1,0,2864,2865,C
8-NS,396,3,12,2851,0,2866,G
8-NS,397,2859,1,3,0,2863,A
8-NS,398,2858,2,1,0,2861,A
8-NS,399,0,2860,1,0,2861,T
8-NS,400,0,2850,0,4,2854,T
8-NS,401,0,2866,0,1,2867,T
8-NS,402,1,2,0,2867,2870,C
8-NS,403,2844,0,2,1,2847,A
8-NS,404,0,0,2856,0,2856,G
8-NS,405,1,2851,0,2,2854,T
8-NS,406,1,0,2850,1,2852,G
8-NS,407,2,2841,0,4,2847,T
8-NS,408,2,7,2848,0,2857,G
8-NS,409,2881,0,0,0,2881,A
8-NS,410,1,2878,0,1,2880,T
8-NS,411,1,2864,0,2,2867,T
8-NS,412,1,2864,0,2,2867,T
8-NS,413,0,2860,0,0,2860,T
8-NS,414,0,2865,0,1,2866,T
8-NS,415,0,8,2853,0,2861,G
8-NS,416,2859,1,3,0,2863,A
8-NS,417,0,1,0,2860,2861,C
8-NS,418,3,1,0,2825,2829,C
8-NS,419,0,5,2839,0,2844,G
8-NS,420,2973,0,5,0,2978,A
8-NS,421,0,1,0,3029,3030,C
8-NS,422,0,3026,0,0,3026,T
8-NS,423,3031,1,4,0,3036,A
8-NS,424,1,4,3029,0,3034,G
8-NS,425,3027,0,8,0,3035,A
8-NS,426,0,4,3047,1,3052,G
8-NS,427,3040,0,3,0,3043,A
8-NS,428,1,0,0,3138,3139,C
8-NS,429,3,1,1,3011,3016,C
8-NS,430,2925,0,4,1,2930,A
8-NS,431,0,3076,0,3,3079,T
8-NS,432,3057,0,2,0,3059,A
8-NS,433,2,0,3291,0,3293,G
8-NS,434,1,3266,0,0,3267,T
8-NS,435,3244,0,1,0,3245,A
8-NS,436,0,3244,0,2,3246,T
8-NS,437,0,3152,0,2,3154,T
8-NS,438,3230,1,1,0,3232,A
8-NS,439,0,1,0,3224,3225,C
8-NS,440,0,3087,1,2,3090,T
8-NS,441,3083,0,1,0,3084,A
8-NS,442,2787,0,4,0,2791,A
8-NS,443,1,7,2799,0,2807,G
8-NS,444,0,4,2790,0,2794,G
8-NS,445,0,2,2803,0,2805,G
8-NS,446,0,0,0,2769,2769,C
8-NS,447,0,2700,0,4,2704,T
8-NS,448,0,2688,0,1,2689,T
8-NS,449,0,2714,0,2,2716,T
8-NS,450,4,0,1,2722,2727,C
8-NS,451,2755,0,3,0,2758,A
8-NS,452,1,1,0,2752,2754,C
8-NS,453,0,1,0,2735,2736,C
8-NS,454,1,0,2741,0,2742,G
8-NS,455,2732,0,0,1,2733,A
8-NS,456,2724,3,3,0,2730,A
8-NS,457,2,2,2738,0,2742,G
8-NS,458,2709,1,1,0,2711,A
8-NS,459,2,5,2721,0,2728,G
8-NS,460,0,3,2686,0,2689,G
8-NS,461,2,2,2706,0,2710,G
8-NS,462,2695,0,9,0,2704,A
8-NS,463,11,1,2698,0,2710,G
8-NS,464,1,2,1,2696,2700,C
8-NS,465,2699,0,1,0,2700,A
8-NS,466,2712,0,1,0,2713,A
8-NS,467,0,2709,0,0,2709,T
8-NS,468,0,2699,0,0,2699,T
8-NS,469,0,1,2703,0,2704,G
8-NS,470,0,2669,0,1,2670,T
8-NS,471,0,2665,0,3,2668,T
8-NS,472,1,3,2664,1,2669,G
8-NS,473,1,2,2666,0,2669,G
8-NS,474,1,1,0,2675,2677,C
8-NS,475,0,1,2665,1,2667,G
8-NS,476,2669,0,0,0,2669,A
8-NS,477,2679,0,1,0,2680,A
8-NS,478,2699,0,0,0,2699,A
8-NS,479,0,2708,0,0,2708,T
8-NS,480,4,1,1,2706,2712,C
8-NS,481,1,2694,0,0,2695,T
8-NS,482,1,2,0,2706,2709,C
8-NS,483,2704,2,0,0,2706,A
8-NS,484,2,0,0,2744,2746,C
8-NS,485,2,2,1,2735,2740,C
8-NS,486,2722,0,1,0,2723,A
8-NS,487,0,2701,0,5,2706,T
8-NS,488,1,2682,0,1,2684,T
8-NS,489,1,1,2701,0,2703,G
8-NS,490,1,0,0,2697,2698,C
8-NS,491,4,0,1,2678,2683,C
8-NS,492,1,2682,0,6,2689,T
8-NS,493,0,2686,0,3,2689,T
8-NS,494,0,0,0,2704,2704,C
8-NS,495,0,2700,0,2,2702,T
8-NS,496,0,2704,1,3,2708,T
8-NS,497,0,2746,1,2,2749,T
8-NS,498,1,2711,2,27,2741,T
8-NS,499,2,0,0,2739,2741,C
8-NS,500,0,0,0,2742,2742,C
8-NS,501,2728,0,5,0,2733,A
8-NS,502,1,1,2760,0,2762,G
8-NS,503,1,2,2752,0,2755,G
8-NS,504,2815,0,1,0,2816,A
8-NS,505,0,1,0,2811,2812,C
8-NS,506,2839,1,3,0,2843,A
8-NS,507,1,2853,0,1,2855,T
8-NS,508,2863,0,2,0,2865,A
8-NS,509,0,0,0,3064,3064,C
8-NS,510,1,3054,0,0,3055,T
8-NS,511,3050,1,2,0,3053,A
8-NS,512,0,3034,1,3,3038,T
8-NS,513,0,2945,0,2,2947,T
8-NS,514,0,2,2945,0,2947,G
8-NS,515,2839,1,4,0,2844,A
8-NS,516,1,5,2835,1,2842,G
8-NS,517,0,1,2825,0,2826,G
8-NS,518,2536,0,0,0,2536,A
8-NS,519,0,2533,0,0,2533,T
8-NS,520,0,1,2526,0,2527,G
8-NS,521,1,2507,0,7,2515,T
8-NS,522,3,0,1,2527,2531,C
8-NS,523,2537,0,0,0,2537,A
8-NS,524,2534,0,0,0,2534,A
8-NS,525,2536,0,0,0,2536,A
8-NS,526,2520,0,1,1,2522,A
8-NS,527,2538,1,2,0,2541,A
8-NS,528,1,2527,0,0,2528,T
8-NS,529,1,1,2529,1,2532,G
8-NS,530,0,1,1,2545,2547,C
8-NS,531,2542,0,1,0,2543,A
8-NS,532,2550,0,1,1,2552,A
8-NS,533,0,2555,0,1,2556,T
8-NS,534,0,2556,0,1,2557,T
8-NS,535,2,3,2545,0,2550,G
8-NS,536,3,5,2517,0,2525,G
8-NS,537,1,1,2534,0,2536,G
8-NS,538,1,1,2550,0,2552,G
8-NS,539,0,2512,0,4,2516,T
8-NS,540,2,0,1,2535,2538,C
8-NS,541,4,1,0,2531,2536,C
8-NS,542,0,2535,0,3,2538,T
8-NS,543,3,1,0,2557,2561,C
8-NS,544,2567,0,0,0,2567,A
8-NS,545,1,2569,0,2,2572,T
8-NS,546,2,0,0,2575,2577,C
8-NS,547,0,2,2557,0,2559,G
8-NS,548,1,1,2562,2,2566,G
8-NS,549,2525,0,1,0,2526,A
8-NS,550,0,0,2529,0,2529,G
8-NS,551,1,0,2543,0,2544,G
8-NS,552,2517,0,3,0,2520,A
8-NS,553,0,0,1,2556,2557,C
8-NS,554,0,2549,0,6,2555,T
8-NS,555,1,2551,0,1,2553,T
8-NS,556,2,4,2562,0,2568,G
8-NS,557,2559,1,1,0,2561,A
8-NS,558,2562,0,3,0,2565,A
8-NS,559,0,2561,0,0,2561,T
8-NS,560,0,4,2520,0,2524,G
8-NS,561,1,2,2541,0,2544,G
8-NS,562,2524,1,1,0,2526,A
8-NS,563,2540,0,5,0,2545,A
8-NS,564,1,2648,0,3,2652,T
8-NS,565,0,4,2676,0,2680,G
8-NS,566,2693,0,1,0,2694,A
8-NS,567,0,2692,0,0,2692,T
8-NS,568,2684,0,4,1,2689,A
8-NS,569,2700,1,2,1,2704,A
8-NS,570,0,3,0,2676,2679,C
8-NS,571,2627,0,1,0,2628,A
8-NS,572,0,1,0,2638,2639,C
8-NS,573,2423,0,1,0,2424,A
8-NS,574,0,0,2478,0,2478,G
8-NS,575,0,2460,0,4,2464,T
8-NS,576,2,2461,0,2,2465,T
8-NS,577,4,0,0,2464,2468,C
8-NS,578,0,2,2449,0,2451,G
8-NS,579,2443,0,1,0,2444,A
8-NS,580,0,1,2444,0,2445,G
8-NS,581,1,2423,0,3,2427,T
8-NS,582,6,0,0,2436,2442,C
8-NS,583,0,2393,0,3,2396,T
8-NS,584,2,1,0,2417,2420,C
8-NS,585,1,2421,1,1,2424,T
8-NS,586,2421,0,0,0,2421,A
8-NS,587,2417,0,1,0,2418,A
8-NS,588,2411,0,1,0,2412,A
8-NS,589,2425,0,0,0,2425,A
8-NS,590,2427,0,0,0,2427,A
8-NS,591,0,2404,0,0,2404,T
8-NS,592,0,0,0,2418,2418,C
8-NS,593,0,2405,0,1,2406,T
8-NS,594,2411,0,4,0,2415,A
8-NS,595,0,0,0,2415,2415,C
8-NS,596,2411,0,2,0,2413,A
8-NS,597,0,1,2416,0,2417,G
8-NS,598,2374,1,0,0,2375,A
8-NS,599,2,0,2383,0,2385,G
8-NS,600,2377,0,0,0,2377,A
8-NS,601,0,2354,1,3,2358,T
8-NS,602,0,2363,1,0,2364,T
8-NS,603,5,2,0,2357,2364,C
8-NS,604,0,1,2373,0,2374,G
8-NS,605,0,0,0,2373,2373,C
8-NS,606,0,2370,0,3,2373,T
8-NS,607,0,2371,0,3,2374,T
8-NS,608,1,3,2354,0,2358,G
8-NS,609,0,2,2359,0,2361,G
8-NS,610,2365,0,1,0,2366,A
8-NS,611,1,0,2367,0,2368,G
8-NS,612,2355,0,1,0,2356,A
8-NS,613,2345,0,1,0,2346,A
8-NS,614,0,0,2388,0,2388,G
8-NS,615,0,4,1,2392,2397,C
8-NS,616,2390,2,4,0,2396,A
8-NS,617,0,0,2449,0,2449,G
8-NS,618,1,2427,0,0,2428,T
8-NS,619,2440,1,1,0,2442,A
8-NS,620,2436,0,4,0,2440,A
8-NS,621,1,2433,0,0,2434,T
8-NS,622,2,4,2440,0,2446,G
8-NS,623,2333,0,5,0,2338,A
8-NS,624,0,1,2376,0,2377,G
8-NS,625,2362,0,1,0,2363,A
8-NS,626,2286,0,3,0,2289,A
8-NS,627,1,2284,0,0,2285,T
8-NS,628,4,2,2255,0,2261,G
8-NS,629,2,8,2255,0,2265,G
8-NS,630,0,0,2259,0,2259,G
8-NS,631,1,0,2246,0,2247,G
8-NS,632,0,1,2236,0,2237,G
8-NS,633,2167,1,2,0,2170,A
8-NS,634,1,2119,0,3,2123,T
8-NS,635,1,1,0,2173,2175,C
8-NS,636,1,2166,0,4,2171,T
8-NS,637,4,1,0,2177,2182,C
8-NS,638,2,0,0,2181,2183,C
8-NS,639,2194,0,1,0,2195,A
8-NS,640,0,0,0,2189,2189,C
8-NS,641,0,2144,0,2,2146,T
8-NS,642,0,2143,0,0,2143,T
8-NS,643,2117,0,3,0,2120,A
8-NS,644,1,0,0,2123,2124,C
8-NS,645,0,2104,0,4,2108,T
8-NS,646,4,0,1,2097,2102,C
8-NS,647,5,0,0,2081,2086,C
8-NS,648,2085,0,3,0,2088,A
8-NS,649,2089,0,1,0,2090,A
8-NS,650,2089,1,0,0,2090,A
8-NS,651,2086,0,2,0,2088,A
8-NS,652,0,0,0,2089,2089,C
8-NS,653,2015,0,1,0,2016,A
8-NS,654,0,1,2019,0,2020,G
8-NS,655,2006,0,1,0,2007,A
8-NS,656,2002,0,1,0,2003,A
8-NS,657,2009,1,0,0,2010,A
8-NS,658,0,1,0,2000,2001,C
8-NS,659,2,2,2006,0,2010,G
8-NS,660,0,0,2006,0,2006,G
8-NS,661,0,2,2008,0,2010,G
8-NS,662,1999,0,3,1,2003,A
8-NS,663,1992,0,1,1,1994,A
8-NS,664,1994,0,4,0,1998,A
8-NS,665,0,1991,0,0,1991,T
8-NS,666,0,0,2022,0,2022,G
8-NS,667,0,2,2017,0,2019,G
8-NS,668,3,1,0,1997,2001,C
8-NS,669,0,1,1998,0,1999,G
8-NS,670,1994,1,1,0,1996,A
8-NS,671,0,4,1996,1,2001,G
8-NS,672,2002,0,2,0,2004,A
8-NS,673,1998,0,1,0,1999,A
8-NS,674,0,2,0,2010,2012,C
8-NS,675,1964,1,2,0,1967,A
8-NS,676,0,0,1967,0,1967,G
8-NS,677,1,0,0,1955,1956,C
8-NS,678,0,1952,1,2,1955,T
8-NS,679,1956,0,0,0,1956,A
8-NS,680,1,4,1940,0,1945,G
8-NS,681,2,0,1943,0,1945,G
8-NS,682,1,1935,0,3,1939,T
8-NS,683,4,0,0,1892,1896,C
8-NS,684,1899,0,0,1,1900,A
8-NS,685,1898,0,1,2,1901,A
8-NS,686,1898,0,0,0,1898,A
8-NS,687,1897,0,18,1,1916,A
8-NS,688,0,0,1918,0,1918,G
8-NS,689,0,1879,0,1,1880,T
8-NS,690,1,1870,0,1,1872,T
8-NS,691,0,1880,0,1,1881,T
8-NS,692,0,2,1885,1,1888,G
8-NS,693,1886,0,3,0,1889,A
8-NS,694,1885,1,2,1,1889,A
8-NS,695,1,1,1895,0,1897,G
8-NS,696,1856,0,3,0,1859,A
8-NS,697,0,1,1870,0,1871,G
8-NS,698,1868,0,0,0,1868,A
8-NS,699,0,1868,0,0,1868,T
8-NS,700,1862,1,3,0,1866,A
8-NS,701,1858,1,2,0,1861,A
8-NS,702,0,1,1857,0,1858,G
8-NS,703,1746,0,0,0,1746,A
8-NS,704,0,1741,0,3,1744,T
8-NS,705,0,2,1745,0,1747,G
8-NS,706,1,0,1748,0,1749,G
8-NS,707,1,2,0,1740,1743,C
8-NS,708,0,1739,0,0,1739,T
8-NS,709,1737,0,1,0,1738,A
8-NS,710,1724,0,12,0,1736,A
8-NS,711,0,1742,0,0,1742,T
8-NS,712,0,1730,0,2,1732,T
8-NS,713,0,1,1735,0,1736,G
8-NS,714,1701,0,2,0,1703,A
8-NS,715,1695,0,4,0,1699,A
8-NS,716,1,0,1702,0,1703,G
8-NS,717,1699,1,2,0,1702,A
8-NS,718,1677,0,1,0,1678,A
8-NS,719,0,0,1689,0,1689,G
8-NS,720,0,1649,0,4,1653,T
8-NS,721,0,1,1654,1,1656,G
8-NS,722,1641,1,5,0,1647,A
8-NS,723,1,2,1644,0,1647,G
8-NS,724,1643,0,6,0,1649,A
8-NS,725,0,1,1,1627,1629,C
8-NS,726,1616,0,0,0,1616,A
8-NS,727,0,1,0,1612,1613,C
8-NS,728,1521,2,2,0,1525,A
8-NS,729,0,1,1547,0,1548,G
8-NS,730,1543,0,0,0,1543,A
8-NS,731,0,1531,0,2,1533,T
8-NS,732,0,1530,0,0,1530,T
8-NS,733,1530,0,0,0,1530,A
8-NS,734,1530,0,1,0,1531,A
8-NS,735,1529,0,1,0,1530,A
8-NS,736,1527,0,0,0,1527,A
8-NS,737,1524,0,0,0,1524,A
8-NS,738,0,0,0,1465,1465,C
8-NS,739,1391,0,1,0,1392,A
8-NS,740,1395,0,0,0,1395,A
8-NS,741,1,0,1,1389,1391,C
8-NS,742,0,1391,0,0,1391,T
8-NS,743,0,2,1400,0,1402,G
8-NS,744,1395,0,0,0,1395,A
8-NS,745,1396,0,0,0,1396,A
8-NS,746,1388,0,4,0,1392,A
8-NS,747,1378,3,0,0,1381,A
8-NS,748,0,1372,0,0,1372,T
8-NS,749,1339,1,1,2,1343,A
8-NS,750,0,0,1349,0,1349,G
8-NS,751,1,3,0,1333,1337,C
8-NS,752,0,1306,1,1,1308,T
8-NS,753,0,1305,1,0,1306,T
8-NS,754,0,1306,0,0,1306,T
8-NS,755,1,0,1304,3,1308,G
8-NS,756,1310,0,1,0,1311,A
8-NS,757,1310,0,1,0,1311,A
8-NS,758,0,1,0,1315,1316,C
8-NS,759,1278,0,0,0,1278,A
8-NS,760,1280,0,1,0,1281,A
8-NS,761,1280,0,1,0,1281,A
8-NS,762,0,1277,0,2,1279,T
8-NS,763,1275,0,0,1,1276,A
8-NS,764,1262,0,0,0,1262,A
8-NS,765,1,1,0,1251,1253,C
8-NS,766,1254,0,0,1,1255,A
8-NS,767,0,1236,0,0,1236,T
8-NS,768,0,1209,0,1,1210,T
8-NS,769,2,0,1,1193,1196,C
8-NS,770,1193,0,0,0,1193,A
8-NS,771,1,1185,0,0,1186,T
8-NS,772,0,0,1186,0,1186,G
8-NS,773,0,0,0,1155,1155,C
8-NS,774,1145,0,1,0,1146,A
8-NS,775,1140,0,1,0,1141,A
8-NS,776,1,0,1134,0,1135,G
8-NS,777,0,0,0,1146,1146,C
8-NS,778,1128,0,0,0,1128,A
8-NS,779,1,1114,2,0,1117,T
8-NS,780,0,1118,0,0,1118,T
8-NS,781,1118,0,0,0,1118,A
8-NS,782,1,0,0,1115,1116,C
8-NS,783,1101,0,0,0,1101,A
8-NS,784,1093,0,0,0,1093,A
8-NS,785,0,1,0,1082,1083,C
8-NS,786,1,910,0,1,912,T
8-NS,787,0,0,913,0,913,G
8-NS,788,0,0,0,893,893,C
8-NS,789,1,874,0,1,876,T
8-NS,790,1,0,874,0,875,G
8-NS,791,0,860,0,2,862,T
8-NS,792,0,861,0,0,861,T
8-NS,793,0,858,0,1,859,T
8-NS,794,1,0,845,0,846,G
8-NS,795,845,0,1,0,846,A
8-NS,796,829,0,0,0,829,A
8-NS,797,0,2,827,0,829,G
8-NS,798,0,818,0,0,818,T
8-NS,799,0,0,778,0,778,G
8-NS,800,0,0,783,0,783,G
8-NS,801,782,0,1,0,783,A
8-NS,802,781,0,3,0,784,A
8-NS,803,0,0,0,784,784,C
8-NS,804,758,0,1,0,759,A
8-NS,805,0,0,761,0,761,G
8-NS,806,0,0,752,0,752,G
8-NS,807,723,0,1,1,725,A
8-NS,808,0,1,731,0,732,G
8-NS,809,618,0,0,0,618,A
8-NS,810,0,615,0,0,615,T
8-NS,811,616,0,0,0,616,A
8-NS,812,610,0,2,0,612,A
8-NS,813,0,1,611,0,612,G
8-NS,814,557,0,1,0,558,A
8-NS,815,553,0,0,0,553,A
8-NS,816,0,1,0,547,548,C
8-NS,817,0,470,0,0,470,T
8-NS,818,0,465,0,0,465,T
8-NS,819,0,465,1,1,467,T
8-NS,820,0,0,0,467,467,C
8-NS,821,0,459,0,1,460,T
8-NS,822,0,1,0,451,452,C
8-NS,823,440,0,0,0,440,A
8-NS,824,0,438,0,1,439,T
8-NS,825,0,427,0,1,428,T
8-NS,826,0,427,0,0,427,T
8-NS,827,0,0,0,426,426,C
8-NS,828,410,0,0,0,410,A
8-NS,829,0,0,409,0,409,G
8-NS,830,0,0,0,411,411,C
8-NS,831,0,385,0,0,385,T
8-NS,832,0,385,0,0,385,T
8-NS,833,376,0,0,0,376,A
8-NS,834,0,374,0,0,374,T
8-NS,835,0,374,0,0,374,T
8-NS,836,0,370,0,0,370,T
8-NS,837,356,0,0,0,356,A
8-NS,838,343,0,0,0,343,A
8-NS,839,0,338,0,0,338,T
8-NS,840,0,0,330,0,330,G
8-NS,841,327,0,0,0,327,A
8-NS,842,0,294,0,0,294,T
8-NS,843,291,0,0,0,291,A
8-NS,844,292,0,0,0,292,A
8-NS,845,292,0,0,0,292,A
8-NS,846,292,0,0,0,292,A
8-NS,847,286,0,0,0,286,A
8-NS,848,280,0,1,0,281,A
8-NS,849,0,0,1,278,279,C
8-NS,850,235,0,0,0,235,A
8-NS,851,0,0,0,234,234,C
8-NS,852,0,0,0,229,229,C
8-NS,853,1,0,0,219,220,C
8-NS,854,0,200,0,0,200,T
8-NS,855,0,192,0,0,192,T
8-NS,856,0,0,191,0,191,G
8-NS,857,0,180,0,0,180,T
8-NS,858,0,178,0,0,178,T
8-NS,859,0,175,0,0,175,T
8-NS,860,0,0,0,73,73,C
8-NS,861,0,50,0,0,50,T
8-NS,862,46,0,0,0,46,A
8-NS,863,0,0,0,46,46,C
