Gene,Position,A,T,G,C,Coverage,Consensus
1-PB2,1,448,0,0,0,448,A
1-PB2,2,0,455,0,0,455,T
1-PB2,3,0,0,457,0,457,G
1-PB2,4,0,0,458,0,458,G
1-PB2,5,449,1,0,0,450,A
1-PB2,6,454,0,0,0,454,A
1-PB2,7,454,0,0,0,454,A
1-PB2,8,1,0,514,0,515,G
1-PB2,9,510,0,0,0,510,A
1-PB2,10,511,0,1,0,512,A
1-PB2,11,0,533,0,0,533,T
1-PB2,12,534,0,0,0,534,A
1-PB2,13,536,0,1,0,537,A
1-PB2,14,535,0,0,0,535,A
1-PB2,15,535,0,0,0,535,A
1-PB2,16,0,0,552,0,552,G
1-PB2,17,550,0,0,0,550,A
1-PB2,18,550,0,0,0,550,A
1-PB2,19,0,0,0,559,559,C
1-PB2,20,0,563,0,0,563,T
1-PB2,21,579,0,0,0,579,A
1-PB2,22,0,0,0,574,574,C
1-PB2,23,0,1,578,0,579,G
1-PB2,24,0,0,594,0,594,G
1-PB2,25,589,0,0,0,589,A
1-PB2,26,650,0,0,0,650,A
1-PB2,27,0,654,0,0,654,T
1-PB2,28,0,0,0,652,652,C
1-PB2,29,0,657,0,0,657,T
1-PB2,30,655,0,0,0,655,A
1-PB2,31,667,0,0,0,667,A
1-PB2,32,0,667,0,1,668,T
1-PB2,33,0,0,674,0,674,G
1-PB2,34,0,679,0,1,680,T
1-PB2,35,0,0,0,674,674,C
1-PB2,36,1,0,672,0,673,G
1-PB2,37,0,0,0,671,671,C
1-PB2,38,678,0,1,0,679,A
1-PB2,39,0,0,723,0,723,G
1-PB2,40,0,722,0,1,723,T
1-PB2,41,0,0,0,727,727,C
1-PB2,42,0,722,0,1,723,T
1-PB2,43,1,0,0,728,729,C
1-PB2,44,0,0,726,0,726,G
1-PB2,45,1,0,0,730,731,C
1-PB2,46,728,0,0,0,728,A
1-PB2,47,0,0,0,740,740,C
1-PB2,48,0,735,0,2,737,T
1-PB2,49,0,0,0,755,755,C
1-PB2,50,0,0,755,0,755,G
1-PB2,51,1,0,0,762,763,C
1-PB2,52,0,1,763,0,764,G
1-PB2,53,758,0,3,0,761,A
1-PB2,54,0,0,766,0,766,G
1-PB2,55,786,0,0,0,786,A
1-PB2,56,0,785,0,0,785,T
1-PB2,57,790,0,1,0,791,A
1-PB2,58,0,0,0,785,785,C
1-PB2,59,2,784,0,0,786,T
1-PB2,60,0,1,804,0,805,G
1-PB2,61,806,0,0,0,806,A
1-PB2,62,0,0,0,808,808,C
1-PB2,63,810,0,0,0,810,A
1-PB2,64,811,0,0,0,811,A
1-PB2,65,821,0,1,0,822,A
1-PB2,66,834,0,0,0,834,A
1-PB2,67,836,0,0,0,836,A
1-PB2,68,0,0,0,837,837,C
1-PB2,69,1,0,0,840,841,C
1-PB2,70,860,0,1,0,861,A
1-PB2,71,0,0,0,875,875,C
1-PB2,72,875,0,1,0,876,A
1-PB2,73,0,0,905,0,905,G
1-PB2,74,0,893,0,0,893,T
1-PB2,75,1,0,931,0,932,G
1-PB2,76,0,3,932,0,935,G
1-PB2,77,930,1,2,0,933,A
1-PB2,78,0,0,0,967,967,C
1-PB2,79,0,0,0,957,957,C
1-PB2,80,978,0,0,0,978,A
1-PB2,81,0,979,0,0,979,T
1-PB2,82,962,0,1,0,963,A
1-PB2,83,0,957,0,1,958,T
1-PB2,84,0,1,955,0,956,G
1-PB2,85,1,0,961,0,962,G
1-PB2,86,0,0,0,971,971,C
1-PB2,87,0,1,0,966,967,C
1-PB2,88,967,1,0,0,968,A
1-PB2,89,0,1051,0,0,1051,T
1-PB2,90,1053,0,1,0,1054,A
1-PB2,91,1102,0,0,0,1102,A
1-PB2,92,0,1106,0,0,1106,T
1-PB2,93,0,1108,0,0,1108,T
1-PB2,94,1114,0,0,0,1114,A
1-PB2,95,1113,0,0,0,1113,A
1-PB2,96,0,0,1143,0,1143,G
1-PB2,97,1142,0,1,0,1143,A
1-PB2,98,1119,0,0,0,1119,A
1-PB2,99,0,0,1149,0,1149,G
1-PB2,100,0,1131,0,2,1133,T
1-PB2,101,1146,0,1,0,1147,A
1-PB2,102,0,0,0,1149,1149,C
1-PB2,103,1151,0,0,0,1151,A
1-PB2,104,0,0,0,1177,1177,C
1-PB2,105,1173,0,0,0,1173,A
1-PB2,106,0,1179,0,0,1179,T
1-PB2,107,0,1,1,1184,1186,C
1-PB2,108,0,1,1170,0,1171,G
1-PB2,109,0,3,1167,0,1170,G
1-PB2,110,1,0,1171,0,1172,G
1-PB2,111,0,0,1178,0,1178,G
1-PB2,112,1169,0,1,0,1170,A
1-PB2,113,0,3,1176,0,1179,G
1-PB2,114,1179,1,0,0,1180,A
1-PB2,115,1,0,0,1192,1193,C
1-PB2,116,1192,0,1,0,1193,A
1-PB2,117,1,0,1211,0,1212,G
1-PB2,118,0,2,1226,0,1228,G
1-PB2,119,1225,0,3,0,1228,A
1-PB2,120,1225,0,2,0,1227,A
1-PB2,121,1228,0,2,0,1230,A
1-PB2,122,1225,0,3,1,1229,A
1-PB2,123,0,0,1228,0,1228,G
1-PB2,124,1222,0,0,0,1222,A
1-PB2,125,1226,0,0,0,1226,A
1-PB2,126,0,0,0,1221,1221,C
1-PB2,127,0,1,0,1217,1218,C
1-PB2,128,0,0,0,1213,1213,C
1-PB2,129,0,0,1211,0,1211,G
1-PB2,130,0,1213,0,2,1215,T
1-PB2,131,0,0,0,1223,1223,C
1-PB2,132,1225,0,3,0,1228,A
1-PB2,133,0,1,1,1239,1241,C
1-PB2,134,1,1241,0,1,1243,T
1-PB2,135,0,1245,0,0,1245,T
1-PB2,136,1240,0,2,1,1243,A
1-PB2,137,1,0,1266,0,1267,G
1-PB2,138,1,0,1262,0,1263,G
1-PB2,139,1258,0,1,0,1259,A
1-PB2,140,0,1265,0,1,1266,T
1-PB2,141,0,0,1263,0,1263,G
1-PB2,142,1271,0,1,0,1272,A
1-PB2,143,1272,0,2,0,1274,A
1-PB2,144,1271,0,3,0,1274,A
1-PB2,145,0,1271,0,1,1272,T
1-PB2,146,0,0,1276,0,1276,G
1-PB2,147,0,0,1276,0,1276,G
1-PB2,148,1271,3,1,0,1275,A
1-PB2,149,0,1269,0,2,1271,T
1-PB2,150,0,0,1265,0,1265,G
1-PB2,151,1245,0,0,0,1245,A
1-PB2,152,0,1254,0,1,1255,T
1-PB2,153,1,0,1258,0,1259,G
1-PB2,154,0,0,1257,0,1257,G
1-PB2,155,0,0,0,1260,1260,C
1-PB2,156,1256,0,0,1,1257,A
1-PB2,157,1269,0,1,0,1270,A
1-PB2,158,0,1272,0,2,1274,T
1-PB2,159,0,1,1315,0,1316,G
1-PB2,160,1309,0,1,0,1310,A
1-PB2,161,1312,0,1,0,1313,A
1-PB2,162,1314,0,3,0,1317,A
1-PB2,163,0,1330,0,0,1330,T
1-PB2,164,1339,0,0,0,1339,A
1-PB2,165,0,2,0,1365,1367,C
1-PB2,166,2,1,0,1347,1350,C
1-PB2,167,2,1,0,1362,1365,C
1-PB2,168,1359,0,1,0,1360,A
1-PB2,169,1351,0,0,0,1351,A
1-PB2,170,0,1352,0,1,1353,T
1-PB2,171,0,0,0,1356,1356,C
1-PB2,172,1351,0,0,0,1351,A
1-PB2,173,0,0,0,1392,1392,C
1-PB2,174,0,1368,0,0,1368,T
1-PB2,175,0,0,1374,0,1374,G
1-PB2,176,0,0,0,1375,1375,C
1-PB2,177,0,1367,0,2,1369,T
1-PB2,178,0,0,1384,0,1384,G
1-PB2,179,1383,0,0,0,1383,A
1-PB2,180,0,0,0,1395,1395,C
1-PB2,181,1393,0,0,0,1393,A
1-PB2,182,1366,0,0,1,1367,A
1-PB2,183,1377,0,1,0,1378,A
1-PB2,184,1376,0,1,0,1377,A
1-PB2,185,0,4,1399,0,1403,G
1-PB2,186,1,0,1399,0,1400,G
1-PB2,187,1398,0,1,0,1399,A
1-PB2,188,0,1412,0,1,1413,T
1-PB2,189,1396,0,0,0,1396,A
1-PB2,190,1406,1,0,0,1407,A
1-PB2,191,0,0,0,1445,1445,C
1-PB2,192,1431,1,2,0,1434,A
1-PB2,193,0,0,1434,0,1434,G
1-PB2,194,1422,0,1,0,1423,A
1-PB2,195,1419,0,1,0,1420,A
1-PB2,196,1421,0,1,0,1422,A
1-PB2,197,0,1422,0,0,1422,T
1-PB2,198,0,0,1421,0,1421,G
1-PB2,199,0,1,1437,0,1438,G
1-PB2,200,0,1433,0,1,1434,T
1-PB2,201,0,1429,0,1,1430,T
1-PB2,202,3,1,0,1428,1432,C
1-PB2,203,1,3,0,1420,1424,C
1-PB2,204,0,1,1440,0,1441,G
1-PB2,205,0,1,1438,0,1439,G
1-PB2,206,1436,0,1,0,1437,A
1-PB2,207,0,0,1451,0,1451,G
1-PB2,208,1436,0,1,0,1437,A
1-PB2,209,0,0,1465,0,1465,G
1-PB2,210,1460,0,1,0,1461,A
1-PB2,211,1462,0,1,0,1463,A
1-PB2,212,1470,0,1,0,1471,A
1-PB2,213,0,1458,0,0,1458,T
1-PB2,214,0,1,1473,0,1474,G
1-PB2,215,1479,0,1,0,1480,A
1-PB2,216,1475,1,1,0,1477,A
1-PB2,217,0,0,0,1480,1480,C
1-PB2,218,1455,0,2,0,1457,A
1-PB2,219,1457,1,2,0,1460,A
1-PB2,220,0,1,1478,0,1479,G
1-PB2,221,0,0,1500,0,1500,G
1-PB2,222,1493,0,2,1,1496,A
1-PB2,223,0,0,0,1486,1486,C
1-PB2,224,1491,1,0,0,1492,A
1-PB2,225,1489,0,1,0,1490,A
1-PB2,226,1544,0,3,0,1547,A
1-PB2,227,0,0,0,1568,1568,C
1-PB2,228,0,1551,0,1,1552,T
1-PB2,229,0,0,0,1592,1592,C
1-PB2,230,0,1568,1,1,1570,T
1-PB2,231,1564,0,2,0,1566,A
1-PB2,232,0,1567,0,1,1568,T
1-PB2,233,0,0,1570,0,1570,G
1-PB2,234,0,0,1608,0,1608,G
1-PB2,235,1558,0,3,0,1561,A
1-PB2,236,0,0,1572,0,1572,G
1-PB2,237,0,1564,0,1,1565,T
1-PB2,238,1566,0,1,0,1567,A
1-PB2,239,1573,0,1,0,1574,A
1-PB2,240,1565,1,0,0,1566,A
1-PB2,241,1565,0,1,0,1566,A
1-PB2,242,0,1561,0,0,1561,T
1-PB2,243,0,1,1561,0,1562,G
1-PB2,244,1546,0,3,0,1549,A
1-PB2,245,0,0,1542,0,1542,G
1-PB2,246,1,1537,0,1,1539,T
1-PB2,247,1,0,1538,0,1539,G
1-PB2,248,1559,0,1,0,1560,A
1-PB2,249,0,1576,0,0,1576,T
1-PB2,250,0,0,1578,0,1578,G
1-PB2,251,0,1,0,1567,1568,C
1-PB2,252,0,1575,0,0,1575,T
1-PB2,253,0,3,1623,0,1626,G
1-PB2,254,1,0,1626,0,1627,G
1-PB2,255,1622,0,4,0,1626,A
1-PB2,256,0,1625,1,4,1630,T
1-PB2,257,2,0,0,1633,1635,C
1-PB2,258,1631,0,0,0,1631,A
1-PB2,259,0,2,1665,0,1667,G
1-PB2,260,1667,1,2,0,1670,A
1-PB2,261,0,1670,0,1,1671,T
1-PB2,262,1616,0,2,0,1618,A
1-PB2,263,0,0,1657,0,1657,G
1-PB2,264,1636,0,5,0,1641,A
1-PB2,265,0,1,1663,0,1664,G
1-PB2,266,0,1624,0,0,1624,T
1-PB2,267,1,3,1613,0,1617,G
1-PB2,268,1600,0,1,0,1601,A
1-PB2,269,0,1598,0,0,1598,T
1-PB2,270,0,0,1633,0,1633,G
1-PB2,271,1,0,1661,0,1662,G
1-PB2,272,1,1629,0,0,1630,T
1-PB2,273,1632,0,0,0,1632,A
1-PB2,274,0,1620,0,1,1621,T
1-PB2,275,0,0,1,1618,1619,C
1-PB2,276,1627,0,0,0,1627,A
1-PB2,277,0,0,0,1665,1665,C
1-PB2,278,2,0,0,1660,1662,C
1-PB2,279,0,1636,0,3,1639,T
1-PB2,280,0,1625,0,0,1625,T
1-PB2,281,0,1625,0,0,1625,T
1-PB2,282,1,1,1654,0,1656,G
1-PB2,283,0,0,1650,0,1650,G
1-PB2,284,0,0,0,1671,1671,C
1-PB2,285,0,1641,0,6,1647,T
1-PB2,286,0,0,1643,0,1643,G
1-PB2,287,0,1641,0,0,1641,T
1-PB2,288,1650,0,0,0,1650,A
1-PB2,289,1657,1,0,0,1658,A
1-PB2,290,0,0,0,1661,1661,C
1-PB2,291,1649,0,0,0,1649,A
1-PB2,292,0,1645,0,1,1646,T
1-PB2,293,0,1,1629,0,1630,G
1-PB2,294,0,0,1655,0,1655,G
1-PB2,295,0,1629,0,1,1630,T
1-PB2,296,0,0,1646,0,1646,G
1-PB2,297,0,0,1661,0,1661,G
1-PB2,298,1663,0,2,0,1665,A
1-PB2,299,1674,1,1,0,1676,A
1-PB2,300,0,1678,0,0,1678,T
1-PB2,301,1676,0,0,0,1676,A
1-PB2,302,1,0,1709,0,1710,G
1-PB2,303,1704,0,0,0,1704,A
1-PB2,304,1706,0,0,0,1706,A
1-PB2,305,1698,0,0,0,1698,A
1-PB2,306,0,1672,0,0,1672,T
1-PB2,307,0,1,1665,0,1666,G
1-PB2,308,1,1,1661,0,1663,G
1-PB2,309,1659,0,3,0,1662,A
1-PB2,310,0,0,0,1670,1670,C
1-PB2,311,1,1,0,1644,1646,C
1-PB2,312,0,0,0,1652,1652,C
1-PB2,313,2,0,1662,1,1665,G
1-PB2,314,0,1664,0,1,1665,T
1-PB2,315,0,0,1686,0,1686,G
1-PB2,316,1691,0,1,0,1692,A
1-PB2,317,1,0,0,1702,1703,C
1-PB2,318,1703,1,2,0,1706,A
1-PB2,319,1691,0,2,0,1693,A
1-PB2,320,1,0,1745,0,1746,G
1-PB2,321,0,1737,0,1,1738,T
1-PB2,322,1735,0,2,1,1738,A
1-PB2,323,0,4,0,1717,1721,C
1-PB2,324,1,0,1702,0,1703,G
1-PB2,325,0,0,1754,0,1754,G
1-PB2,326,0,1739,0,5,1744,T
1-PB2,327,1,0,0,1756,1757,C
1-PB2,328,0,0,0,1769,1769,C
1-PB2,329,1737,0,1,0,1738,A
1-PB2,330,0,1755,0,1,1756,T
1-PB2,331,0,1749,0,1,1750,T
1-PB2,332,1824,0,0,0,1824,A
1-PB2,333,0,0,0,1822,1822,C
1-PB2,334,0,1,0,1774,1775,C
1-PB2,335,1,0,0,1772,1773,C
1-PB2,336,1761,0,1,0,1762,A
1-PB2,337,1773,0,0,1,1774,A
1-PB2,338,1770,0,0,0,1770,A
1-PB2,339,1771,0,2,0,1773,A
1-PB2,340,0,0,1791,0,1791,G
1-PB2,341,0,1709,0,0,1709,T
1-PB2,342,0,0,1765,0,1765,G
1-PB2,343,0,1767,0,0,1767,T
1-PB2,344,1762,0,0,0,1762,A
1-PB2,345,0,2,0,1768,1770,C
1-PB2,346,1761,0,0,0,1761,A
1-PB2,347,1758,0,0,0,1758,A
1-PB2,348,0,1,1782,0,1783,G
1-PB2,349,1768,0,1,0,1769,A
1-PB2,350,0,0,0,1781,1781,C
1-PB2,351,0,1758,0,0,1758,T
1-PB2,352,0,1778,0,1,1779,T
1-PB2,353,1773,0,2,0,1775,A
1-PB2,354,0,1771,0,0,1771,T
1-PB2,355,0,1771,0,0,1771,T
1-PB2,356,0,1762,0,0,1762,T
1-PB2,357,0,0,0,1763,1763,C
1-PB2,358,1,2,1757,0,1760,G
1-PB2,359,1755,0,0,0,1755,A
1-PB2,360,0,0,0,1752,1752,C
1-PB2,361,1757,0,0,0,1757,A
1-PB2,362,1751,0,0,0,1751,A
1-PB2,363,1747,0,4,0,1751,A
1-PB2,364,0,1,1765,0,1766,G
1-PB2,365,0,1736,0,1,1737,T
1-PB2,366,0,0,1,1765,1766,C
1-PB2,367,1,0,1761,0,1762,G
1-PB2,368,1756,0,3,0,1759,A
1-PB2,369,1758,0,1,0,1759,A
1-PB2,370,1761,0,1,0,1762,A
1-PB2,371,0,0,1834,0,1834,G
1-PB2,372,1,0,1832,0,1833,G
1-PB2,373,0,1823,0,2,1825,T
1-PB2,374,0,1842,0,1,1843,T
1-PB2,375,1836,0,1,0,1837,A
1-PB2,376,1830,0,1,0,1831,A
1-PB2,377,1836,0,0,0,1836,A
1-PB2,378,1851,0,1,0,1852,A
1-PB2,379,0,0,0,1870,1870,C
1-PB2,380,1827,0,1,0,1828,A
1-PB2,381,0,1816,0,1,1817,T
1-PB2,382,3,0,1811,0,1814,G
1-PB2,383,1,1,1813,0,1815,G
1-PB2,384,1816,0,1,0,1817,A
1-PB2,385,1817,0,2,0,1819,A
1-PB2,386,0,1,0,1863,1864,C
1-PB2,387,0,1,0,1904,1905,C
1-PB2,388,0,1898,0,3,1901,T
1-PB2,389,0,1898,0,0,1898,T
1-PB2,390,0,1892,1,2,1895,T
1-PB2,391,2,1,1889,0,1892,G
1-PB2,392,0,9,1876,0,1885,G
1-PB2,393,0,4,0,1880,1884,C
1-PB2,394,1,0,0,1871,1872,C
1-PB2,395,1,9,0,1865,1875,C
1-PB2,396,0,1839,0,0,1839,T
1-PB2,397,0,1,1873,0,1874,G
1-PB2,398,0,1867,0,2,1869,T
1-PB2,399,0,1860,1,3,1864,T
1-PB2,400,0,0,0,1869,1869,C
1-PB2,401,1853,0,0,0,1853,A
1-PB2,402,0,1848,0,2,1850,T
1-PB2,403,0,1852,0,0,1852,T
1-PB2,404,3,1852,0,1,1856,T
1-PB2,405,0,1864,0,0,1864,T
1-PB2,406,1850,0,0,0,1850,A
1-PB2,407,0,2,1848,0,1850,G
1-PB2,408,1837,0,0,0,1837,A
1-PB2,409,1848,0,0,0,1848,A
1-PB2,410,1846,0,1,0,1847,A
1-PB2,411,0,1820,0,0,1820,T
1-PB2,412,1,0,0,1835,1836,C
1-PB2,413,1831,0,0,0,1831,A
1-PB2,414,1836,0,1,0,1837,A
1-PB2,415,0,0,1846,0,1846,G
1-PB2,416,0,1836,0,1,1837,T
1-PB2,417,1,0,0,1853,1854,C
1-PB2,418,1861,0,0,0,1861,A
1-PB2,419,1855,0,4,1,1860,A
1-PB2,420,1,1,1871,0,1873,G
1-PB2,421,1871,0,2,0,1873,A
1-PB2,422,0,1863,0,0,1863,T
1-PB2,423,1883,1,2,0,1886,A
1-PB2,424,0,0,0,1879,1879,C
1-PB2,425,0,0,1888,0,1888,G
1-PB2,426,0,0,0,1893,1893,C
1-PB2,427,1883,0,0,0,1883,A
1-PB2,428,0,1,1907,0,1908,G
1-PB2,429,1898,0,1,0,1899,A
1-PB2,430,1906,0,0,1,1907,A
1-PB2,431,0,2,1948,0,1950,G
1-PB2,432,1915,1,1,0,1917,A
1-PB2,433,0,1,1930,0,1931,G
1-PB2,434,0,1915,0,0,1915,T
1-PB2,435,1909,0,1,0,1910,A
1-PB2,436,0,1,1940,0,1941,G
1-PB2,437,1952,0,2,0,1954,A
1-PB2,438,0,0,0,2018,2018,C
1-PB2,439,1989,0,3,0,1992,A
1-PB2,440,0,1960,0,0,1960,T
1-PB2,441,1950,0,0,0,1950,A
1-PB2,442,1938,0,1,0,1939,A
1-PB2,443,1932,0,0,0,1932,A
1-PB2,444,0,0,0,1957,1957,C
1-PB2,445,1,1,0,1929,1931,C
1-PB2,446,1,0,0,1925,1926,C
1-PB2,447,0,1835,0,2,1837,T
1-PB2,448,1,2,1843,0,1846,G
1-PB2,449,0,0,1877,0,1877,G
1-PB2,450,1,1860,0,3,1864,T
1-PB2,451,0,0,0,1869,1869,C
1-PB2,452,1880,1,0,0,1881,A
1-PB2,453,1,1879,0,0,1880,T
1-PB2,454,0,0,1889,0,1889,G
1-PB2,455,0,0,0,1887,1887,C
1-PB2,456,1877,0,1,0,1878,A
1-PB2,457,1,0,1888,0,1889,G
1-PB2,458,1842,0,1,0,1843,A
1-PB2,459,0,0,0,1879,1879,C
1-PB2,460,2,1,0,1875,1878,C
1-PB2,461,0,1832,0,2,1834,T
1-PB2,462,1,1,0,1845,1847,C
1-PB2,463,1838,0,2,0,1840,A
1-PB2,464,0,0,1855,0,1855,G
1-PB2,465,0,1847,1,0,1848,T
1-PB2,466,2,0,1834,0,1836,G
1-PB2,467,0,1,0,1835,1836,C
1-PB2,468,1,2,0,1825,1828,C
1-PB2,469,1829,0,1,0,1830,A
1-PB2,470,1821,0,0,0,1821,A
1-PB2,471,1812,0,1,0,1813,A
1-PB2,472,0,0,1815,0,1815,G
1-PB2,473,1768,2,1,0,1771,A
1-PB2,474,0,0,1788,0,1788,G
1-PB2,475,1,0,1785,0,1786,G
1-PB2,476,0,0,0,1774,1774,C
1-PB2,477,1780,0,0,0,1780,A
1-PB2,478,0,0,0,1786,1786,C
1-PB2,479,1782,0,0,0,1782,A
1-PB2,480,1792,0,1,0,1793,A
1-PB2,481,0,0,1816,0,1816,G
1-PB2,482,1825,1,2,0,1828,A
1-PB2,483,0,1819,0,1,1820,T
1-PB2,484,0,0,1825,0,1825,G
1-PB2,485,2,1813,0,0,1815,T
1-PB2,486,1825,0,1,0,1826,A
1-PB2,487,1828,0,1,0,1829,A
1-PB2,488,0,1833,0,0,1833,T
1-PB2,489,0,1763,0,0,1763,T
1-PB2,490,1750,0,0,0,1750,A
1-PB2,491,0,1710,0,0,1710,T
1-PB2,492,0,1,1715,0,1716,G
1-PB2,493,0,0,1701,0,1701,G
1-PB2,494,1682,0,1,0,1683,A
1-PB2,495,1674,0,1,0,1675,A
1-PB2,496,1,0,1686,0,1687,G
1-PB2,497,0,1675,0,0,1675,T
1-PB2,498,0,1675,0,1,1676,T
1-PB2,499,1,0,1689,0,1690,G
1-PB2,500,0,1675,2,5,1682,T
1-PB2,501,0,1679,0,0,1679,T
1-PB2,502,0,1683,0,0,1683,T
1-PB2,503,0,1670,0,1,1671,T
1-PB2,504,0,1668,0,1,1669,T
1-PB2,505,2,0,0,1670,1672,C
1-PB2,506,1,0,0,1679,1680,C
1-PB2,507,0,0,0,1688,1688,C
1-PB2,508,1680,0,1,0,1681,A
1-PB2,509,1680,0,0,0,1680,A
1-PB2,510,0,1680,0,1,1681,T
1-PB2,511,0,2,1692,0,1694,G
1-PB2,512,1681,0,0,0,1681,A
1-PB2,513,1679,0,1,0,1680,A
1-PB2,514,0,2,1700,0,1702,G
1-PB2,515,0,1680,0,2,1682,T
1-PB2,516,1,2,1673,0,1676,G
1-PB2,517,0,0,1672,0,1672,G
1-PB2,518,0,0,1683,0,1683,G
1-PB2,519,1679,0,1,0,1680,A
1-PB2,520,1,0,1667,0,1668,G
1-PB2,521,0,1,0,1668,1669,C
1-PB2,522,2,0,0,1685,1687,C
1-PB2,523,1686,0,2,0,1688,A
1-PB2,524,0,0,1728,0,1728,G
1-PB2,525,3,1,1739,0,1743,G
1-PB2,526,1748,0,1,0,1749,A
1-PB2,527,0,1739,0,0,1739,T
1-PB2,528,1729,0,2,0,1731,A
1-PB2,529,0,0,0,1729,1729,C
1-PB2,530,0,1717,0,1,1718,T
1-PB2,531,1719,0,0,0,1719,A
1-PB2,532,1707,0,1,0,1708,A
1-PB2,533,0,0,0,1700,1700,C
1-PB2,534,1666,0,0,0,1666,A
1-PB2,535,0,1638,0,2,1640,T
1-PB2,536,0,1,0,1645,1646,C
1-PB2,537,1635,0,1,0,1636,A
1-PB2,538,0,0,1647,0,1647,G
1-PB2,539,1638,0,2,0,1640,A
1-PB2,540,1637,1,0,0,1638,A
1-PB2,541,0,1630,0,0,1630,T
1-PB2,542,1,1,0,1600,1602,C
1-PB2,543,1605,0,0,0,1605,A
1-PB2,544,0,0,0,1646,1646,C
1-PB2,545,1641,0,0,0,1641,A
1-PB2,546,1649,0,0,0,1649,A
1-PB2,547,0,1614,0,1,1615,T
1-PB2,548,0,1630,0,1,1631,T
1-PB2,549,1636,0,2,0,1638,A
1-PB2,550,1638,0,2,0,1640,A
1-PB2,551,1,1,0,1640,1642,C
1-PB2,552,1636,0,0,0,1636,A
1-PB2,553,1612,0,0,0,1612,A
1-PB2,554,1,1627,0,0,1628,T
1-PB2,555,1627,0,1,0,1628,A
1-PB2,556,1623,0,0,0,1623,A
1-PB2,557,0,1,0,1633,1634,C
1-PB2,558,1,1624,0,0,1625,T
1-PB2,559,1624,0,0,0,1624,A
1-PB2,560,1605,0,0,0,1605,A
1-PB2,561,1599,0,4,0,1603,A
1-PB2,562,0,2,1607,0,1609,G
1-PB2,563,1574,1,2,0,1577,A
1-PB2,564,0,0,1602,0,1602,G
1-PB2,565,1592,0,1,0,1593,A
1-PB2,566,1585,0,0,0,1585,A
1-PB2,567,1588,0,1,0,1589,A
1-PB2,568,1588,0,1,0,1589,A
1-PB2,569,1601,0,0,0,1601,A
1-PB2,570,1596,0,1,0,1597,A
1-PB2,571,0,0,1604,0,1604,G
1-PB2,572,1597,0,1,0,1598,A
1-PB2,573,1588,0,1,0,1589,A
1-PB2,574,0,0,1583,0,1583,G
1-PB2,575,1586,0,4,0,1590,A
1-PB2,576,1588,0,1,0,1589,A
1-PB2,577,0,0,0,1601,1601,C
1-PB2,578,0,1562,0,3,1565,T
1-PB2,579,1,0,0,1583,1584,C
1-PB2,580,0,0,0,1595,1595,C
1-PB2,581,0,0,1601,0,1601,G
1-PB2,582,1593,0,2,0,1595,A
1-PB2,583,0,0,1594,0,1594,G
1-PB2,584,1588,0,1,0,1589,A
1-PB2,585,0,1577,0,2,1579,T
1-PB2,586,0,1571,0,1,1572,T
1-PB2,587,0,0,1577,0,1577,G
1-PB2,588,0,0,1,1571,1572,C
1-PB2,589,1584,0,0,0,1584,A
1-PB2,590,1581,0,1,0,1582,A
1-PB2,591,1585,1,0,0,1586,A
1-PB2,592,1593,0,0,0,1593,A
1-PB2,593,0,1585,0,2,1587,T
1-PB2,594,0,1585,0,2,1587,T
1-PB2,595,0,1575,0,1,1576,T
1-PB2,596,0,1,0,1581,1582,C
1-PB2,597,0,1573,0,2,1575,T
1-PB2,598,1,0,0,1652,1653,C
1-PB2,599,0,1,0,1653,1654,C
1-PB2,600,1,0,0,1738,1739,C
1-PB2,601,0,1744,0,2,1746,T
1-PB2,602,0,1764,0,2,1766,T
1-PB2,603,0,0,1783,0,1783,G
1-PB2,604,1761,0,2,0,1763,A
1-PB2,605,0,1807,0,0,1807,T
1-PB2,606,0,0,1830,0,1830,G
1-PB2,607,1,0,1957,0,1958,G
1-PB2,608,0,1986,0,1,1987,T
1-PB2,609,0,1982,0,1,1983,T
1-PB2,610,0,0,2072,0,2072,G
1-PB2,611,0,0,1,2079,2080,C
1-PB2,612,2109,0,1,0,2110,A
1-PB2,613,0,2108,0,1,2109,T
1-PB2,614,2116,0,0,2,2118,A
1-PB2,615,0,0,0,2205,2205,C
1-PB2,616,2391,1,1,5,2398,A
1-PB2,617,0,2451,1,1,2453,T
1-PB2,618,0,2,2554,0,2556,G
1-PB2,619,1,2518,0,1,2520,T
1-PB2,620,2,2518,0,0,2520,T
1-PB2,621,2511,0,0,0,2511,A
1-PB2,622,1,0,2515,0,2516,G
1-PB2,623,2535,0,3,0,2538,A
1-PB2,624,1,1,2564,0,2566,G
1-PB2,625,2456,0,2,0,2458,A
1-PB2,626,0,1,2465,0,2466,G
1-PB2,627,2411,0,6,0,2417,A
1-PB2,628,0,0,2440,0,2440,G
1-PB2,629,2440,0,3,0,2443,A
1-PB2,630,2435,0,1,0,2436,A
1-PB2,631,1,2,0,2453,2456,C
1-PB2,632,0,2436,0,1,2437,T
1-PB2,633,0,2436,1,1,2438,T
1-PB2,634,0,0,2442,0,2442,G
1-PB2,635,0,2430,0,0,2430,T
1-PB2,636,2441,1,0,0,2442,A
1-PB2,637,1,1,0,2416,2418,C
1-PB2,638,0,1,2426,0,2427,G
1-PB2,639,2428,0,1,0,2429,A
1-PB2,640,2423,0,1,0,2424,A
1-PB2,641,2449,0,0,0,2449,A
1-PB2,642,2456,0,0,0,2456,A
1-PB2,643,2453,1,1,0,2455,A
1-PB2,644,0,0,0,2465,2465,C
1-PB2,645,2465,0,0,0,2465,A
1-PB2,646,2464,0,1,0,2465,A
1-PB2,647,0,1,2478,0,2479,G
1-PB2,648,2484,0,0,1,2485,A
1-PB2,649,0,2477,0,0,2477,T
1-PB2,650,1,2479,0,0,2480,T
1-PB2,651,0,2477,0,2,2479,T
1-PB2,652,0,2,0,2485,2487,C
1-PB2,653,0,2475,0,4,2479,T
1-PB2,654,4,2,0,2471,2477,C
1-PB2,655,1,0,0,2470,2471,C
1-PB2,656,1,1,0,2484,2486,C
1-PB2,657,2491,0,0,0,2491,A
1-PB2,658,0,0,2508,0,2508,G
1-PB2,659,0,2498,0,0,2498,T
1-PB2,660,0,2500,0,0,2500,T
1-PB2,661,0,0,2491,0,2491,G
1-PB2,662,0,0,0,2491,2491,C
1-PB2,663,0,2496,0,4,2500,T
1-PB2,664,0,1,2498,0,2499,G
1-PB2,665,0,2,2495,0,2497,G
1-PB2,666,1,0,1,2482,2484,C
1-PB2,667,3,1,2497,0,2501,G
1-PB2,668,0,4,2529,0,2533,G
1-PB2,669,2537,0,1,0,2538,A
1-PB2,670,2538,0,3,0,2541,A
1-PB2,671,0,1,0,2530,2531,C
1-PB2,672,2540,0,3,0,2543,A
1-PB2,673,2544,1,0,0,2545,A
1-PB2,674,1,1,2647,0,2649,G
1-PB2,675,0,0,0,2704,2704,C
1-PB2,676,2718,0,0,0,2718,A
1-PB2,677,2,0,3303,0,3305,G
1-PB2,678,0,3280,0,1,3281,T
1-PB2,679,3303,0,5,0,3308,A
1-PB2,680,0,3317,0,2,3319,T
1-PB2,681,3331,0,2,0,3333,A
1-PB2,682,0,3325,0,3,3328,T
1-PB2,683,3288,0,0,0,3288,A
1-PB2,684,0,1,0,3314,3315,C
1-PB2,685,3184,0,0,0,3184,A
1-PB2,686,1,2969,0,1,2971,T
1-PB2,687,1,2859,0,2,2862,T
1-PB2,688,0,1,2863,0,2864,G
1-PB2,689,2863,1,0,0,2864,A
1-PB2,690,2848,1,2,0,2851,A
1-PB2,691,0,0,2884,0,2884,G
1-PB2,692,0,2856,1,0,2857,T
1-PB2,693,0,2832,0,0,2832,T
1-PB2,694,0,2836,0,2,2838,T
1-PB2,695,0,2844,0,0,2844,T
1-PB2,696,2858,0,1,0,2859,A
1-PB2,697,0,0,0,2881,2881,C
1-PB2,698,2871,0,0,0,2871,A
1-PB2,699,0,2871,0,0,2871,T
1-PB2,700,0,2846,0,1,2847,T
1-PB2,701,0,2856,0,1,2857,T
1-PB2,702,0,6,2877,0,2883,G
1-PB2,703,2889,0,2,0,2891,A
1-PB2,704,0,1,0,2906,2907,C
1-PB2,705,0,2878,0,3,2881,T
1-PB2,706,3,2,0,2890,2895,C
1-PB2,707,2884,0,1,0,2885,A
1-PB2,708,1,1,2862,0,2864,G
1-PB2,709,0,0,2917,0,2917,G
1-PB2,710,1,1,2931,0,2933,G
1-PB2,711,2921,1,1,0,2923,A
1-PB2,712,2927,1,2,0,2930,A
1-PB2,713,1,0,0,2924,2925,C
1-PB2,714,0,0,2946,0,2946,G
1-PB2,715,0,2917,0,1,2918,T
1-PB2,716,0,0,2963,0,2963,G
1-PB2,717,0,2926,0,3,2929,T
1-PB2,718,0,2935,0,0,2935,T
1-PB2,719,2,0,2930,0,2932,G
1-PB2,720,0,1,2924,0,2925,G
1-PB2,721,0,1,2950,0,2951,G
1-PB2,722,2921,1,4,0,2926,A
1-PB2,723,2922,0,3,0,2925,A
1-PB2,724,0,0,0,2978,2978,C
1-PB2,725,2969,0,0,0,2969,A
1-PB2,726,3041,0,0,0,3041,A
1-PB2,727,3051,0,1,0,3052,A
1-PB2,728,1,3064,0,0,3065,T
1-PB2,729,1,0,3099,0,3100,G
1-PB2,730,1,3065,0,2,3068,T
1-PB2,731,3074,0,0,2,3076,A
1-PB2,732,0,0,0,3074,3074,C
1-PB2,733,2993,0,1,0,2994,A
1-PB2,734,1,1,0,2998,3000,C
1-PB2,735,1,2888,0,0,2889,T
1-PB2,736,0,1,1,3112,3114,C
1-PB2,737,2,0,0,3128,3130,C
1-PB2,738,3165,2,4,1,3172,A
1-PB2,739,0,3,3213,0,3216,G
1-PB2,740,1,1,3287,0,3289,G
1-PB2,741,0,3254,0,0,3254,T
1-PB2,742,0,4,3283,0,3287,G
1-PB2,743,0,3,3195,0,3198,G
1-PB2,744,3145,0,5,0,3150,A
1-PB2,745,0,3,3183,0,3186,G
1-PB2,746,0,0,3185,0,3185,G
1-PB2,747,3122,0,3,0,3125,A
1-PB2,748,0,0,3150,0,3150,G
1-PB2,749,1,3087,0,3,3091,T
1-PB2,750,1,1,3117,0,3119,G
1-PB2,751,3107,1,3,0,3111,A
1-PB2,752,3,3,3123,1,3130,G
1-PB2,753,0,0,3148,0,3148,G
1-PB2,754,3129,0,0,0,3129,A
1-PB2,755,3122,0,1,0,3123,A
1-PB2,756,0,3116,0,1,3117,T
1-PB2,757,0,1,3093,0,3094,G
1-PB2,758,3087,0,4,0,3091,A
1-PB2,759,0,0,0,3089,3089,C
1-PB2,760,2,2,3085,0,3089,G
1-PB2,761,3106,0,0,0,3106,A
1-PB2,762,0,3097,0,1,3098,T
1-PB2,763,0,0,3118,0,3118,G
1-PB2,764,0,3116,0,1,3117,T
1-PB2,765,0,3099,0,3,3102,T
1-PB2,766,2,1,3132,0,3135,G
1-PB2,767,3112,0,2,0,3114,A
1-PB2,768,0,1,0,3118,3119,C
1-PB2,769,4,0,1,3118,3123,C
1-PB2,770,3087,0,0,0,3087,A
1-PB2,771,3089,0,1,0,3090,A
1-PB2,772,3102,0,3,0,3105,A
1-PB2,773,1,0,3198,0,3199,G
1-PB2,774,1,0,0,3201,3202,C
1-PB2,775,2,1,0,3199,3202,C
1-PB2,776,0,3211,0,0,3211,T
1-PB2,777,3213,1,1,0,3215,A
1-PB2,778,3215,0,1,0,3216,A
1-PB2,779,0,3220,0,0,3220,T
1-PB2,780,1,3217,0,1,3219,T
1-PB2,781,3181,0,0,0,3181,A
1-PB2,782,0,3090,0,0,3090,T
1-PB2,783,0,3072,0,1,3073,T
1-PB2,784,0,0,3081,0,3081,G
1-PB2,785,1,2,0,3067,3070,C
1-PB2,786,2,2,3066,0,3070,G
1-PB2,787,1,0,3057,0,3058,G
1-PB2,788,0,0,0,3053,3053,C
1-PB2,789,3049,0,0,0,3049,A
1-PB2,790,3078,1,0,0,3079,A
1-PB2,791,0,1,3122,0,3123,G
1-PB2,792,0,2,3184,0,3186,G
1-PB2,793,3174,0,1,1,3176,A
1-PB2,794,3197,0,7,0,3204,A
1-PB2,795,0,1,0,3212,3213,C
1-PB2,796,3193,1,2,0,3196,A
1-PB2,797,0,3248,1,2,3251,T
1-PB2,798,3310,0,1,0,3311,A
1-PB2,799,0,1,3345,0,3346,G
1-PB2,800,0,3300,0,1,3301,T
1-PB2,801,3242,0,2,0,3244,A
1-PB2,802,3242,0,1,0,3243,A
1-PB2,803,0,1,3248,0,3249,G
1-PB2,804,3226,0,1,0,3227,A
1-PB2,805,3195,0,3,0,3198,A
1-PB2,806,1,2,3183,0,3186,G
1-PB2,807,3054,0,4,0,3058,A
1-PB2,808,0,2,3068,0,3070,G
1-PB2,809,1,2,0,3068,3071,C
1-PB2,810,0,1,1,3080,3082,C
1-PB2,811,2,1,3081,0,3084,G
1-PB2,812,2,0,0,3105,3107,C
1-PB2,813,3101,0,4,0,3105,A
1-PB2,814,1,0,3306,0,3307,G
1-PB2,815,0,3276,1,2,3279,T
1-PB2,816,3295,0,1,0,3296,A
1-PB2,817,1,3277,0,1,3279,T
1-PB2,818,2,0,0,3307,3309,C
1-PB2,819,3300,0,3,0,3303,A
1-PB2,820,0,2,3298,0,3300,G
1-PB2,821,0,0,0,3296,3296,C
1-PB2,822,3168,0,1,0,3169,A
1-PB2,823,0,1,3113,0,3114,G
1-PB2,824,3110,0,0,0,3110,A
1-PB2,825,0,3111,0,0,3111,T
1-PB2,826,1,0,0,3122,3123,C
1-PB2,827,2,1,0,3128,3131,C
1-PB2,828,3126,0,1,0,3127,A
1-PB2,829,0,0,0,3149,3149,C
1-PB2,830,0,3135,0,2,3137,T
1-PB2,831,3146,0,2,0,3148,A
1-PB2,832,2,0,3118,0,3120,G
1-PB2,833,0,0,0,3084,3084,C
1-PB2,834,3079,1,0,1,3081,A
1-PB2,835,0,3098,0,0,3098,T
1-PB2,836,0,2,0,3130,3132,C
1-PB2,837,0,3112,0,4,3116,T
1-PB2,838,0,3179,0,2,3181,T
1-PB2,839,0,3191,0,0,3191,T
1-PB2,840,3190,0,1,0,3191,A
1-PB2,841,0,3193,0,0,3193,T
1-PB2,842,1,3178,1,1,3181,T
1-PB2,843,5,1,3167,0,3173,G
1-PB2,844,0,1,3170,0,3171,G
1-PB2,845,3087,0,2,0,3089,A
1-PB2,846,2,0,3097,0,3099,G
1-PB2,847,3046,0,0,0,3046,A
1-PB2,848,0,3011,0,1,3012,T
1-PB2,849,0,0,3059,0,3059,G
1-PB2,850,0,3041,0,4,3045,T
1-PB2,851,1,1,3054,0,3056,G
1-PB2,852,0,1,0,3053,3054,C
1-PB2,853,1,0,0,3043,3044,C
1-PB2,854,3035,0,2,0,3037,A
1-PB2,855,0,5,0,3046,3051,C
1-PB2,856,3013,0,1,0,3014,A
1-PB2,857,4,0,3037,1,3042,G
1-PB2,858,1,0,0,2968,2969,C
1-PB2,859,2966,0,3,0,2969,A
1-PB2,860,1,1,0,2971,2973,C
1-PB2,861,2957,0,5,0,2962,A
1-PB2,862,0,3,0,2979,2982,C
1-PB2,863,2978,0,0,0,2978,A
1-PB2,864,2965,0,3,0,2968,A
1-PB2,865,2965,1,0,0,2966,A
1-PB2,866,0,2891,0,0,2891,T
1-PB2,867,0,2905,0,1,2906,T
1-PB2,868,0,0,2893,0,2893,G
1-PB2,869,1,1,2867,0,2869,G
1-PB2,870,0,3,0,2878,2881,C
1-PB2,871,4,3,2876,0,2883,G
1-PB2,872,0,1,2876,0,2877,G
1-PB2,873,2864,1,0,0,2865,A
1-PB2,874,2932,0,0,0,2932,A
1-PB2,875,0,0,0,2940,2940,C
1-PB2,876,2945,0,1,0,2946,A
1-PB2,877,2933,1,2,0,2936,A
1-PB2,878,3,1,2955,0,2959,G
1-PB2,879,0,0,2970,0,2970,G
1-PB2,880,2954,0,2,0,2956,A
1-PB2,881,0,2819,0,2,2821,T
1-PB2,882,0,0,2822,0,2822,G
1-PB2,883,0,0,2829,0,2829,G
1-PB2,884,1,2785,0,1,2787,T
1-PB2,885,1,2,2804,0,2807,G
1-PB2,886,0,2,2799,0,2801,G
1-PB2,887,2757,0,2,0,2759,A
1-PB2,888,0,3,0,2761,2764,C
1-PB2,889,2743,0,0,0,2743,A
1-PB2,890,0,3055,0,0,3055,T
1-PB2,891,0,3042,0,0,3042,T
1-PB2,892,2,0,2,3028,3032,C
1-PB2,893,0,2982,0,1,2983,T
1-PB2,894,0,2981,0,0,2981,T
1-PB2,895,2978,0,1,0,2979,A
1-PB2,896,1,0,2981,1,2983,G
1-PB2,897,2967,0,0,0,2967,A
1-PB2,898,1,2,0,2970,2973,C
1-PB2,899,2396,0,1,0,2397,A
1-PB2,900,0,1,2422,0,2423,G
1-PB2,901,2401,1,0,0,2402,A
1-PB2,902,2395,1,0,1,2397,A
1-PB2,903,0,1,0,2406,2407,C
1-PB2,904,1,1,0,2412,2414,C
1-PB2,905,0,2,0,2389,2391,C
1-PB2,906,0,0,2406,0,2406,G
1-PB2,907,2389,0,5,0,2394,A
1-PB2,908,0,2,0,2404,2406,C
1-PB2,909,0,2383,1,1,2385,T
1-PB2,910,1,0,2405,0,2406,G
1-PB2,911,2383,0,1,0,2384,A
1-PB2,912,2407,2,1,1,2411,A
1-PB2,913,2,5,2412,0,2419,G
1-PB2,914,2404,0,0,0,2404,A
1-PB2,915,2407,0,0,0,2407,A
1-PB2,916,0,1,0,2405,2406,C
1-PB2,917,2394,0,1,0,2395,A
1-PB2,918,2403,0,2,0,2405,A
1-PB2,919,1,0,2416,0,2417,G
1-PB2,920,1,0,0,2436,2437,C
1-PB2,921,0,2428,0,1,2429,T
1-PB2,922,1,0,2460,0,2461,G
1-PB2,923,0,2449,0,1,2450,T
1-PB2,924,1,1,2504,0,2506,G
1-PB2,925,0,1,2590,0,2591,G
1-PB2,926,2573,0,1,0,2574,A
1-PB2,927,0,2590,0,1,2591,T
1-PB2,928,2580,0,0,0,2580,A
1-PB2,929,0,2552,1,0,2553,T
1-PB2,930,2618,0,2,0,2620,A
1-PB2,931,0,2564,0,2,2566,T
1-PB2,932,0,1,2555,0,2556,G
1-PB2,933,0,0,0,2530,2530,C
1-PB2,934,2434,0,2,0,2436,A
1-PB2,935,2436,0,6,0,2442,A
1-PB2,936,2,1,2448,0,2451,G
1-PB2,937,0,0,2468,0,2468,G
1-PB2,938,0,0,0,2457,2457,C
1-PB2,939,0,2407,0,1,2408,T
1-PB2,940,0,0,2431,0,2431,G
1-PB2,941,0,1,0,2437,2438,C
1-PB2,942,2440,0,2,0,2442,A
1-PB2,943,2450,0,0,1,2451,A
1-PB2,944,0,2441,0,0,2441,T
1-PB2,945,0,3,2444,0,2447,G
1-PB2,946,0,0,2436,0,2436,G
1-PB2,947,0,0,2440,0,2440,G
1-PB2,948,2416,0,2,0,2418,A
1-PB2,949,0,2424,0,3,2427,T
1-PB2,950,0,2423,1,0,2424,T
1-PB2,951,0,2,2426,0,2428,G
1-PB2,952,2422,0,2,0,2424,A
1-PB2,953,1,2,2443,0,2446,G
1-PB2,954,2436,0,0,0,2436,A
1-PB2,955,2425,1,0,1,2427,A
1-PB2,956,0,2398,0,2,2400,T
1-PB2,957,1,0,0,2424,2425,C
1-PB2,958,2416,0,2,0,2418,A
1-PB2,959,0,0,2416,0,2416,G
1-PB2,960,1,2,0,2414,2417,C
1-PB2,961,0,2403,0,5,2408,T
1-PB2,962,3,0,0,2406,2409,C
1-PB2,963,2409,0,0,0,2409,A
1-PB2,964,0,2441,0,1,2442,T
1-PB2,965,2,0,0,2458,2460,C
1-PB2,966,1,1,0,2488,2490,C
1-PB2,967,0,2466,0,1,2467,T
1-PB2,968,0,2456,0,3,2459,T
1-PB2,969,1,0,0,2462,2463,C
1-PB2,970,2469,0,3,0,2472,A
1-PB2,971,0,0,2498,0,2498,G
1-PB2,972,0,2,0,2475,2477,C
1-PB2,973,0,2461,0,1,2462,T
1-PB2,974,0,2456,0,0,2456,T
1-PB2,975,0,2452,0,0,2452,T
1-PB2,976,0,2,2461,0,2463,G
1-PB2,977,0,0,2463,0,2463,G
1-PB2,978,0,2438,0,1,2439,T
1-PB2,979,0,4,2469,0,2473,G
1-PB2,980,1,2,2470,0,2473,G
1-PB2,981,0,0,2490,0,2490,G
1-PB2,982,0,2477,0,1,2478,T
1-PB2,983,1,2479,1,0,2481,T
1-PB2,984,0,2488,0,1,2489,T
1-PB2,985,2481,0,2,0,2483,A
1-PB2,986,1,0,0,2499,2500,C
1-PB2,987,2499,0,0,0,2499,A
1-PB2,988,0,2479,0,0,2479,T
1-PB2,989,0,2458,0,0,2458,T
1-PB2,990,0,2463,0,3,2466,T
1-PB2,991,2464,1,1,0,2466,A
1-PB2,992,2462,0,1,0,2463,A
1-PB2,993,2462,0,3,0,2465,A
1-PB2,994,2459,0,0,0,2459,A
1-PB2,995,1,1,2479,0,2481,G
1-PB2,996,2472,0,0,0,2472,A
1-PB2,997,2468,0,0,0,2468,A
1-PB2,998,0,0,0,2478,2478,C
1-PB2,999,2467,1,0,1,2469,A
1-PB2,1000,2464,1,2,0,2467,A
1-PB2,1001,0,2,2462,0,2464,G
1-PB2,1002,0,3,0,2467,2470,C
1-PB2,1003,1,5,2464,0,2470,G
1-PB2,1004,0,0,2470,0,2470,G
1-PB2,1005,1,3,2474,0,2478,G
1-PB2,1006,0,2453,0,5,2458,T
1-PB2,1007,3,2,0,2450,2455,C
1-PB2,1008,2464,0,0,0,2464,A
1-PB2,1009,0,2445,1,2,2448,T
1-PB2,1010,0,2,1,2467,2470,C
1-PB2,1011,2467,1,2,0,2470,A
1-PB2,1012,0,0,2494,0,2494,G
1-PB2,1013,0,2464,0,1,2465,T
1-PB2,1014,2,0,0,2471,2473,C
1-PB2,1015,2461,2,1,0,2464,A
1-PB2,1016,2477,0,0,0,2477,A
1-PB2,1017,2480,0,0,0,2480,A
1-PB2,1018,2486,0,0,0,2486,A
1-PB2,1019,2485,1,2,0,2488,A
1-PB2,1020,2487,0,2,0,2489,A
1-PB2,1021,0,0,2505,0,2505,G
1-PB2,1022,2484,0,1,0,2485,A
1-PB2,1023,2484,0,1,0,2485,A
1-PB2,1024,0,2,2483,0,2485,G
1-PB2,1025,2467,0,3,0,2470,A
1-PB2,1026,2403,0,6,0,2409,A
1-PB2,1027,0,2,2410,0,2412,G
1-PB2,1028,2392,0,3,0,2395,A
1-PB2,1029,1,0,2399,0,2400,G
1-PB2,1030,0,0,2445,0,2445,G
1-PB2,1031,1,2433,0,2,2436,T
1-PB2,1032,1,0,2486,0,2487,G
1-PB2,1033,2,0,1,2495,2498,C
1-PB2,1034,0,2490,1,3,2494,T
1-PB2,1035,0,2507,1,1,2509,T
1-PB2,1036,2510,0,1,0,2511,A
1-PB2,1037,1,0,0,2507,2508,C
1-PB2,1038,2504,0,2,0,2506,A
1-PB2,1039,1,0,2496,0,2497,G
1-PB2,1040,1,1,2477,0,2479,G
1-PB2,1041,2,0,0,2430,2432,C
1-PB2,1042,2416,0,1,0,2417,A
1-PB2,1043,2421,0,0,0,2421,A
1-PB2,1044,0,2458,0,0,2458,T
1-PB2,1045,0,2,0,2499,2501,C
1-PB2,1046,0,2477,1,2,2480,T
1-PB2,1047,2,1,1,2495,2499,C
1-PB2,1048,1,1,0,2493,2495,C
1-PB2,1049,2502,0,2,0,2504,A
1-PB2,1050,2502,0,0,0,2502,A
1-PB2,1051,2494,1,1,1,2497,A
1-PB2,1052,0,1,0,2547,2548,C
1-PB2,1053,2485,0,0,0,2485,A
1-PB2,1054,0,2444,0,0,2444,T
1-PB2,1055,0,2367,0,0,2367,T
1-PB2,1056,0,2,2370,1,2373,G
1-PB2,1057,2354,1,1,0,2356,A
1-PB2,1058,1,1,2339,0,2341,G
1-PB2,1059,2431,0,2,0,2433,A
1-PB2,1060,2434,0,1,1,2436,A
1-PB2,1061,0,2450,0,1,2451,T
1-PB2,1062,2450,0,1,0,2451,A
1-PB2,1063,2465,0,3,0,2468,A
1-PB2,1064,1,0,2526,1,2528,G
1-PB2,1065,2487,1,5,1,2494,A
1-PB2,1066,2,1,2572,0,2575,G
1-PB2,1067,0,2465,0,0,2465,T
1-PB2,1068,2491,0,2,0,2493,A
1-PB2,1069,1,1,0,2553,2555,C
1-PB2,1070,2530,0,0,0,2530,A
1-PB2,1071,0,2508,0,2,2510,T
1-PB2,1072,0,1,2515,0,2516,G
1-PB2,1073,2416,1,4,1,2422,A
1-PB2,1074,0,2,2465,0,2467,G
1-PB2,1075,1,2,2454,0,2457,G
1-PB2,1076,0,1,2548,0,2549,G
1-PB2,1077,2,1,2556,0,2559,G
1-PB2,1078,0,2491,0,0,2491,T
1-PB2,1079,2513,0,1,1,2515,A
1-PB2,1080,0,2516,0,0,2516,T
1-PB2,1081,0,1,2532,0,2533,G
1-PB2,1082,2500,0,4,0,2504,A
1-PB2,1083,1,1,2513,0,2515,G
1-PB2,1084,0,1,2491,0,2492,G
1-PB2,1085,2343,0,0,0,2343,A
1-PB2,1086,2,0,2419,0,2421,G
1-PB2,1087,0,2400,0,2,2402,T
1-PB2,1088,0,2479,0,4,2483,T
1-PB2,1089,1,1,0,2494,2496,C
1-PB2,1090,2488,0,0,0,2488,A
1-PB2,1091,0,0,0,2501,2501,C
1-PB2,1092,2481,0,1,0,2482,A
1-PB2,1093,2489,0,1,0,2490,A
1-PB2,1094,0,2502,0,0,2502,T
1-PB2,1095,0,0,2445,0,2445,G
1-PB2,1096,0,1,2460,0,2461,G
1-PB2,1097,0,2373,0,0,2373,T
1-PB2,1098,0,3,2399,0,2402,G
1-PB2,1099,0,1,2392,0,2393,G
1-PB2,1100,1,0,2412,0,2413,G
1-PB2,1101,1,0,2427,0,2428,G
1-PB2,1102,2413,0,0,0,2413,A
1-PB2,1103,2418,0,5,0,2423,A
1-PB2,1104,2406,0,1,0,2407,A
1-PB2,1105,2366,0,5,0,2371,A
1-PB2,1106,0,1,2415,0,2416,G
1-PB2,1107,2386,0,4,0,2390,A
1-PB2,1108,1,1,2390,0,2392,G
1-PB2,1109,1,0,0,2372,2373,C
1-PB2,1110,2381,0,0,0,2381,A
1-PB2,1111,2397,0,0,0,2397,A
1-PB2,1112,0,0,0,2466,2466,C
1-PB2,1113,2462,0,2,0,2464,A
1-PB2,1114,1,0,2493,0,2494,G
1-PB2,1115,1,1,0,2482,2484,C
1-PB2,1116,0,2479,0,0,2479,T
1-PB2,1117,2538,0,0,0,2538,A
1-PB2,1118,0,2545,0,1,2546,T
1-PB2,1119,2552,0,2,0,2554,A
1-PB2,1120,2,0,0,2548,2550,C
1-PB2,1121,0,2447,0,2,2449,T
1-PB2,1122,2457,0,0,1,2458,A
1-PB2,1123,2418,0,1,0,2419,A
1-PB2,1124,0,1,2423,0,2424,G
1-PB2,1125,2410,0,0,0,2410,A
1-PB2,1126,2352,0,1,0,2353,A
1-PB2,1127,2348,0,0,0,2348,A
1-PB2,1128,2324,0,2,0,2326,A
1-PB2,1129,0,0,2350,0,2350,G
1-PB2,1130,1,1,0,2331,2333,C
1-PB2,1131,2345,0,0,0,2345,A
1-PB2,1132,2337,1,2,0,2340,A
1-PB2,1133,0,0,0,2351,2351,C
1-PB2,1134,5,0,0,2344,2349,C
1-PB2,1135,2351,0,0,0,2351,A
1-PB2,1136,0,1,2361,0,2362,G
1-PB2,1137,2348,0,2,0,2350,A
1-PB2,1138,2362,0,0,0,2362,A
1-PB2,1139,1,0,2370,0,2371,G
1-PB2,1140,2356,0,2,0,2358,A
1-PB2,1141,0,2345,0,1,2346,T
1-PB2,1142,0,2340,0,0,2340,T
1-PB2,1143,0,0,2344,0,2344,G
1-PB2,1144,1,0,2381,0,2382,G
1-PB2,1145,0,2360,0,2,2362,T
1-PB2,1146,0,2355,0,0,2355,T
1-PB2,1147,0,0,0,2366,2366,C
1-PB2,1148,2352,0,0,0,2352,A
1-PB2,1149,2338,0,3,0,2341,A
1-PB2,1150,1,0,0,2503,2504,C
1-PB2,1151,0,2501,0,2,2503,T
1-PB2,1152,2,2,0,2515,2519,C
1-PB2,1153,2473,0,1,0,2474,A
1-PB2,1154,0,2468,0,1,2469,T
1-PB2,1155,2480,0,0,0,2480,A
1-PB2,1156,2,0,2485,0,2487,G
1-PB2,1157,0,2382,0,1,2383,T
1-PB2,1158,1,0,2403,0,2404,G
1-PB2,1159,2298,0,1,1,2300,A
1-PB2,1160,1,0,2315,0,2316,G
1-PB2,1161,0,2277,0,1,2278,T
1-PB2,1162,0,1,2305,0,2306,G
1-PB2,1163,0,1,2306,0,2307,G
1-PB2,1164,2302,0,2,0,2304,A
1-PB2,1165,2302,0,2,0,2304,A
1-PB2,1166,0,1,2309,0,2310,G
1-PB2,1167,2276,0,0,0,2276,A
1-PB2,1168,2265,0,4,0,2269,A
1-PB2,1169,2290,0,2,0,2292,A
1-PB2,1170,1,1,0,2282,2284,C
1-PB2,1171,0,3,2295,0,2298,G
1-PB2,1172,2282,0,0,0,2282,A
1-PB2,1173,2288,0,1,0,2289,A
1-PB2,1174,0,2,0,2297,2299,C
1-PB2,1175,2282,0,0,0,2282,A
1-PB2,1176,1,1,2427,0,2429,G
1-PB2,1177,0,2400,0,2,2402,T
1-PB2,1178,0,0,0,2425,2425,C
1-PB2,1179,2438,0,1,0,2439,A
1-PB2,1180,2433,0,0,0,2433,A
1-PB2,1181,0,2440,0,0,2440,T
1-PB2,1182,2446,0,0,0,2446,A
1-PB2,1183,1,0,2442,0,2443,G
1-PB2,1184,0,0,0,2436,2436,C
1-PB2,1185,2274,0,0,2,2276,A
1-PB2,1186,0,2,2285,0,2287,G
1-PB2,1187,2270,0,0,0,2270,A
1-PB2,1188,2302,0,2,0,2304,A
1-PB2,1189,1,0,2322,0,2323,G
1-PB2,1190,0,0,0,2361,2361,C
1-PB2,1191,2357,0,2,0,2359,A
1-PB2,1192,2347,1,0,0,2348,A
1-PB2,1193,0,2361,0,1,2362,T
1-PB2,1194,2366,0,1,0,2367,A
1-PB2,1195,2377,0,2,0,2379,A
1-PB2,1196,1,2377,0,0,2378,T
1-PB2,1197,0,3,0,2329,2332,C
1-PB2,1198,3,0,2330,0,2333,G
1-PB2,1199,0,2271,0,0,2271,T
1-PB2,1200,2,1,2282,0,2285,G
1-PB2,1201,1,0,2281,0,2282,G
1-PB2,1202,0,1,0,2284,2285,C
1-PB2,1203,4,0,0,2293,2297,C
1-PB2,1204,2274,0,2,1,2277,A
1-PB2,1205,0,2279,0,2,2281,T
1-PB2,1206,2,1,2287,0,2290,G
1-PB2,1207,2,0,2317,0,2319,G
1-PB2,1208,0,2253,0,0,2253,T
1-PB2,1209,2,0,2302,0,2304,G
1-PB2,1210,0,2245,1,1,2247,T
1-PB2,1211,0,2240,0,0,2240,T
1-PB2,1212,0,2265,0,1,2266,T
1-PB2,1213,2,2260,0,2,2264,T
1-PB2,1214,1,0,0,2325,2326,C
1-PB2,1215,2327,0,2,0,2329,A
1-PB2,1216,0,0,0,2573,2573,C
1-PB2,1217,2544,0,2,3,2549,A
1-PB2,1218,2613,0,2,0,2615,A
1-PB2,1219,1,0,2635,0,2636,G
1-PB2,1220,2612,0,0,0,2612,A
1-PB2,1221,2453,0,160,0,2613,A
1-PB2,1222,0,1,2686,0,2687,G
1-PB2,1223,2665,0,3,0,2668,A
1-PB2,1224,0,2685,0,0,2685,T
1-PB2,1225,0,2674,0,1,2675,T
1-PB2,1226,1,0,2665,0,2666,G
1-PB2,1227,1,0,0,2637,2638,C
1-PB2,1228,2664,0,1,1,2666,A
1-PB2,1229,0,2700,0,2,2702,T
1-PB2,1230,0,1,2844,0,2845,G
1-PB2,1231,2857,1,1,1,2860,A
1-PB2,1232,1,2875,0,0,2876,T
1-PB2,1233,2877,0,0,0,2877,A
1-PB2,1234,2874,0,0,0,2874,A
1-PB2,1235,2873,0,3,0,2876,A
1-PB2,1236,2882,0,6,0,2888,A
1-PB2,1237,0,1,2877,0,2878,G
1-PB2,1238,0,0,0,2966,2966,C
1-PB2,1239,3032,1,1,0,3034,A
1-PB2,1240,0,1,3139,0,3140,G
1-PB2,1241,0,3136,0,2,3138,T
1-PB2,1242,0,3140,0,1,3141,T
1-PB2,1243,3133,0,3,0,3136,A
1-PB2,1244,3,5,3168,0,3176,G
1-PB2,1245,3146,1,3,1,3151,A
1-PB2,1246,0,3,3151,0,3154,G
1-PB2,1247,0,1,3136,0,3137,G
1-PB2,1248,0,3012,0,2,3014,T
1-PB2,1249,0,4,3042,0,3046,G
1-PB2,1250,3056,0,2,1,3059,A
1-PB2,1251,0,2,0,3073,3075,C
1-PB2,1252,0,0,0,3099,3099,C
1-PB2,1253,0,3074,0,4,3078,T
1-PB2,1254,0,1,3099,0,3100,G
1-PB2,1255,3089,0,1,0,3090,A
1-PB2,1256,3091,0,0,0,3091,A
1-PB2,1257,0,3101,0,2,3103,T
1-PB2,1258,0,3134,0,1,3135,T
1-PB2,1259,0,3140,0,0,3140,T
1-PB2,1260,0,0,0,3142,3142,C
1-PB2,1261,2,0,3148,0,3150,G
1-PB2,1262,1,3127,0,6,3134,T
1-PB2,1263,0,1,0,3152,3153,C
1-PB2,1264,3152,0,0,0,3152,A
1-PB2,1265,3152,0,3,0,3155,A
1-PB2,1266,1,1,0,3155,3157,C
1-PB2,1267,3128,1,1,0,3130,A
1-PB2,1268,1,2,3164,0,3167,G
1-PB2,1269,3132,0,4,0,3136,A
1-PB2,1270,0,0,3160,1,3161,G
1-PB2,1271,0,0,0,3154,3154,C
1-PB2,1272,3168,0,1,0,3169,A
1-PB2,1273,3215,0,2,0,3217,A
1-PB2,1274,3215,0,1,0,3216,A
1-PB2,1275,0,3190,0,2,3192,T
1-PB2,1276,2,1,0,3214,3217,C
1-PB2,1277,3191,1,1,0,3193,A
1-PB2,1278,0,2,3188,0,3190,G
1-PB2,1279,1,1,0,3195,3197,C
1-PB2,1280,0,4,3197,0,3201,G
1-PB2,1281,0,0,3393,0,3393,G
1-PB2,1282,0,3367,0,1,3368,T
1-PB2,1283,0,3365,0,0,3365,T
1-PB2,1284,0,1,3363,0,3364,G
1-PB2,1285,3380,0,5,0,3385,A
1-PB2,1286,3383,0,5,1,3389,A
1-PB2,1287,0,2,0,3415,3417,C
1-PB2,1288,1,0,0,3395,3396,C
1-PB2,1289,4,0,0,3400,3404,C
1-PB2,1290,3,1,0,3317,3321,C
1-PB2,1291,3329,0,1,0,3330,A
1-PB2,1292,0,3337,0,1,3338,T
1-PB2,1293,1,1,3351,0,3353,G
1-PB2,1294,0,0,0,3362,3362,C
1-PB2,1295,3347,0,0,0,3347,A
1-PB2,1296,1,3342,0,3,3346,T
1-PB2,1297,1,0,0,3340,3341,C
1-PB2,1298,3337,0,1,0,3338,A
1-PB2,1299,3286,0,1,0,3287,A
1-PB2,1300,0,0,0,3365,3365,C
1-PB2,1301,0,3379,0,3,3382,T
1-PB2,1302,0,3374,0,0,3374,T
1-PB2,1303,0,3371,0,0,3371,T
1-PB2,1304,0,3377,0,1,3378,T
1-PB2,1305,3381,1,0,0,3382,A
1-PB2,1306,3372,0,2,0,3374,A
1-PB2,1307,0,1,3376,0,3377,G
1-PB2,1308,2,0,3362,0,3364,G
1-PB2,1309,0,1,0,3345,3346,C
1-PB2,1310,3346,0,0,1,3347,A
1-PB2,1311,0,3353,0,1,3354,T
1-PB2,1312,0,3374,0,1,3375,T
1-PB2,1313,0,3375,3,2,3380,T
1-PB2,1314,0,3380,0,0,3380,T
1-PB2,1315,0,0,0,3383,3383,C
1-PB2,1316,3377,0,3,0,3380,A
1-PB2,1317,0,0,3380,0,3380,G
1-PB2,1318,3376,0,3,1,3380,A
1-PB2,1319,3380,0,0,0,3380,A
1-PB2,1320,3368,0,0,0,3368,A
1-PB2,1321,2,0,3376,1,3379,G
1-PB2,1322,3401,0,2,0,3403,A
1-PB2,1323,1,3399,0,2,3402,T
1-PB2,1324,0,0,3407,0,3407,G
1-PB2,1325,1,1,0,3401,3403,C
1-PB2,1326,1,0,3420,1,3422,G
1-PB2,1327,3391,0,1,0,3392,A
1-PB2,1328,3380,1,23,0,3404,A
1-PB2,1329,3414,0,0,0,3414,A
1-PB2,1330,0,0,3423,0,3423,G
1-PB2,1331,0,3368,0,2,3370,T
1-PB2,1332,3,0,3380,0,3383,G
1-PB2,1333,1,4,0,3343,3348,C
1-PB2,1334,0,3383,0,3,3386,T
1-PB2,1335,0,3381,0,1,3382,T
1-PB2,1336,0,3380,0,0,3380,T
1-PB2,1337,0,3391,0,0,3391,T
1-PB2,1338,0,3379,0,0,3379,T
1-PB2,1339,1,1,0,3387,3389,C
1-PB2,1340,3388,0,2,0,3390,A
1-PB2,1341,3396,1,1,0,3398,A
1-PB2,1342,3380,0,0,0,3380,A
1-PB2,1343,3408,0,1,0,3409,A
1-PB2,1344,0,3397,0,0,3397,T
1-PB2,1345,0,3420,0,1,3421,T
1-PB2,1346,1,2,3416,0,3419,G
1-PB2,1347,0,7,3387,0,3394,G
1-PB2,1348,1,0,3405,0,3406,G
1-PB2,1349,0,1,3471,0,3472,G
1-PB2,1350,3446,0,3,0,3449,A
1-PB2,1351,1,0,3531,0,3532,G
1-PB2,1352,0,3523,0,4,3527,T
1-PB2,1353,0,3519,0,1,3520,T
1-PB2,1354,3,1,3537,1,3542,G
1-PB2,1355,3515,1,5,0,3521,A
1-PB2,1356,3536,1,4,0,3541,A
1-PB2,1357,1,1,0,3639,3641,C
1-PB2,1358,3582,0,1,0,3583,A
1-PB2,1359,1,0,0,3686,3687,C
1-PB2,1360,3614,0,1,0,3615,A
1-PB2,1361,0,3635,1,0,3636,T
1-PB2,1362,1,2,1,3664,3668,C
1-PB2,1363,0,3,3654,0,3657,G
1-PB2,1364,3675,0,3,0,3678,A
1-PB2,1365,0,1,0,3667,3668,C
1-PB2,1366,3573,0,1,0,3574,A
1-PB2,1367,1,0,3737,0,3738,G
1-PB2,1368,0,3661,0,4,3665,T
1-PB2,1369,0,0,3719,0,3719,G
1-PB2,1370,1,3684,0,1,3686,T
1-PB2,1371,1,2,3711,0,3714,G
1-PB2,1372,3709,0,3,0,3712,A
1-PB2,1373,0,3685,0,0,3685,T
1-PB2,1374,1,2,3693,0,3696,G
1-PB2,1375,0,0,3697,0,3697,G
1-PB2,1376,1,2,3648,0,3651,G
1-PB2,1377,3621,0,3,0,3624,A
1-PB2,1378,3572,0,4,0,3576,A
1-PB2,1379,0,3588,0,0,3588,T
1-PB2,1380,0,1,3633,0,3634,G
1-PB2,1381,3650,0,2,0,3652,A
1-PB2,1382,0,3639,1,0,3640,T
1-PB2,1383,1,3629,0,1,3631,T
1-PB2,1384,1,0,3621,0,3622,G
1-PB2,1385,0,1,3724,0,3725,G
1-PB2,1386,3693,2,3,0,3698,A
1-PB2,1387,0,0,3752,0,3752,G
1-PB2,1388,0,3698,0,0,3698,T
1-PB2,1389,3708,0,1,0,3709,A
1-PB2,1390,0,3713,0,0,3713,T
1-PB2,1391,0,3735,0,0,3735,T
1-PB2,1392,3774,0,2,0,3776,A
1-PB2,1393,0,1,0,3788,3789,C
1-PB2,1394,5,0,0,3723,3728,C
1-PB2,1395,3716,0,1,0,3717,A
1-PB2,1396,0,1,3727,0,3728,G
1-PB2,1397,3783,0,3,0,3786,A
1-PB2,1398,0,3769,0,0,3769,T
1-PB2,1399,3742,0,2,0,3744,A
1-PB2,1400,0,3703,0,1,3704,T
1-PB2,1401,0,3,3688,1,3692,G
1-PB2,1402,3682,0,2,0,3684,A
1-PB2,1403,0,0,0,3702,3702,C
1-PB2,1404,0,3685,0,3,3688,T
1-PB2,1405,4,0,0,3678,3682,C
1-PB2,1406,1,3,1,3634,3639,C
1-PB2,1407,3658,0,2,0,3660,A
1-PB2,1408,3677,0,4,0,3681,A
1-PB2,1409,2,0,3772,0,3774,G
1-PB2,1410,0,1,0,3759,3760,C
1-PB2,1411,3746,1,0,0,3747,A
1-PB2,1412,0,2,0,3756,3758,C
1-PB2,1413,3730,1,4,0,3735,A
1-PB2,1414,1,1,3743,0,3745,G
1-PB2,1415,3722,0,2,0,3724,A
1-PB2,1416,0,0,3763,0,3763,G
1-PB2,1417,3767,0,2,0,3769,A
1-PB2,1418,1,3679,0,3,3683,T
1-PB2,1419,0,1,3730,0,3731,G
1-PB2,1420,0,3704,0,4,3708,T
1-PB2,1421,3,1,0,3709,3713,C
1-PB2,1422,3719,0,3,0,3722,A
1-PB2,1423,3716,0,1,0,3717,A
1-PB2,1424,0,3702,0,0,3702,T
1-PB2,1425,0,3,3698,0,3701,G
1-PB2,1426,3663,0,1,0,3664,A
1-PB2,1427,1,1,3677,0,3679,G
1-PB2,1428,3644,0,4,0,3648,A
1-PB2,1429,2,1,3651,1,3655,G
1-PB2,1430,1,4,3826,1,3832,G
1-PB2,1431,3834,0,0,0,3834,A
1-PB2,1432,3844,0,2,0,3846,A
1-PB2,1433,0,3834,0,0,3834,T
1-PB2,1434,3826,0,1,0,3827,A
1-PB2,1435,3817,0,3,1,3821,A
1-PB2,1436,0,0,3820,0,3820,G
1-PB2,1437,3792,0,4,0,3796,A
1-PB2,1438,1,0,3792,0,3793,G
1-PB2,1439,0,3606,0,0,3606,T
1-PB2,1440,1,0,0,3625,3626,C
1-PB2,1441,3628,0,2,0,3630,A
1-PB2,1442,1,2,3657,0,3660,G
1-PB2,1443,0,2,0,3668,3670,C
1-PB2,1444,3680,0,1,0,3681,A
1-PB2,1445,3683,0,0,0,3683,A
1-PB2,1446,3665,0,2,1,3668,A
1-PB2,1447,3662,0,1,0,3663,A
1-PB2,1448,0,3665,0,0,3665,T
1-PB2,1449,0,3,3681,0,3684,G
1-PB2,1450,2,1,3679,0,3682,G
1-PB2,1451,0,0,3706,0,3706,G
1-PB2,1452,0,3638,0,1,3639,T
1-PB2,1453,1,0,3674,1,3676,G
1-PB2,1454,0,3675,0,2,3677,T
1-PB2,1455,0,0,3697,0,3697,G
1-PB2,1456,3,2,3757,0,3762,G
1-PB2,1457,3746,0,0,0,3746,A
1-PB2,1458,0,3720,0,0,3720,T
1-PB2,1459,0,2,3754,1,3757,G
1-PB2,1460,3742,0,3,0,3745,A
1-PB2,1461,3766,0,1,0,3767,A
1-PB2,1462,0,3767,0,1,3768,T
1-PB2,1463,3712,0,1,0,3713,A
1-PB2,1464,1,0,0,4036,4037,C
1-PB2,1465,0,3924,1,4,3929,T
1-PB2,1466,2,0,0,3995,3997,C
1-PB2,1467,2,2,0,4016,4020,C
1-PB2,1468,4017,0,0,0,4017,A
1-PB2,1469,1,0,4170,0,4171,G
1-PB2,1470,0,4144,1,1,4146,T
1-PB2,1471,4188,0,0,0,4188,A
1-PB2,1472,0,2,0,4203,4205,C
1-PB2,1473,3884,0,1,0,3885,A
1-PB2,1474,2,1,3919,1,3923,G
1-PB2,1475,3806,0,1,0,3807,A
1-PB2,1476,0,1,3857,0,3858,G
1-PB2,1477,3733,0,6,0,3739,A
1-PB2,1478,1,5,3638,0,3644,G
1-PB2,1479,1,2,3644,0,3647,G
1-PB2,1480,1,0,3648,0,3649,G
1-PB2,1481,0,3558,1,0,3559,T
1-PB2,1482,0,2,3592,1,3595,G
1-PB2,1483,1,1,3613,0,3615,G
1-PB2,1484,0,3547,0,0,3547,T
1-PB2,1485,1,3,3684,0,3688,G
1-PB2,1486,1,0,3682,0,3683,G
1-PB2,1487,0,3604,0,1,3605,T
1-PB2,1488,0,3622,1,0,3623,T
1-PB2,1489,3581,0,5,0,3586,A
1-PB2,1490,1,1,3601,0,3603,G
1-PB2,1491,0,1,0,3603,3604,C
1-PB2,1492,3585,0,2,0,3587,A
1-PB2,1493,0,3588,1,1,3590,T
1-PB2,1494,0,3433,0,1,3434,T
1-PB2,1495,0,0,3426,0,3426,G
1-PB2,1496,3408,0,1,1,3410,A
1-PB2,1497,0,3406,0,3,3409,T
1-PB2,1498,2,0,0,3425,3427,C
1-PB2,1499,2,1,3408,0,3411,G
1-PB2,1500,0,0,3484,0,3484,G
1-PB2,1501,0,3463,1,2,3466,T
1-PB2,1502,0,3470,0,0,3470,T
1-PB2,1503,0,3465,0,0,3465,T
1-PB2,1504,0,3458,0,1,3459,T
1-PB2,1505,0,3469,0,0,3469,T
1-PB2,1506,0,1,3468,0,3469,G
1-PB2,1507,3468,0,4,0,3472,A
1-PB2,1508,1,2,3475,0,3478,G
1-PB2,1509,3378,0,0,0,3378,A
1-PB2,1510,0,0,3413,0,3413,G
1-PB2,1511,0,3408,0,0,3408,T
1-PB2,1512,0,3384,0,0,3384,T
1-PB2,1513,0,1,0,3400,3401,C
1-PB2,1514,1,1,3419,0,3421,G
1-PB2,1515,3423,2,3,0,3428,A
1-PB2,1516,0,1,3431,0,3432,G
1-PB2,1517,3413,0,9,0,3422,A
1-PB2,1518,0,0,0,3425,3425,C
1-PB2,1519,2,0,0,3416,3418,C
1-PB2,1520,3408,0,0,0,3408,A
1-PB2,1521,3431,0,2,0,3433,A
1-PB2,1522,0,1,0,3465,3466,C
1-PB2,1523,1,0,3473,0,3474,G
1-PB2,1524,2,3437,0,3,3442,T
1-PB2,1525,1,3,3454,0,3458,G
1-PB2,1526,1,3,3473,0,3477,G
1-PB2,1527,0,1,3472,0,3473,G
1-PB2,1528,3443,0,2,1,3446,A
1-PB2,1529,3465,0,0,0,3465,A
1-PB2,1530,0,3382,0,1,3383,T
1-PB2,1531,0,0,3563,0,3563,G
1-PB2,1532,0,3526,1,0,3527,T
1-PB2,1533,3563,0,0,0,3563,A
1-PB2,1534,0,3572,0,1,3573,T
1-PB2,1535,0,3512,0,0,3512,T
1-PB2,1536,3570,0,0,0,3570,A
1-PB2,1537,0,3561,0,2,3563,T
1-PB2,1538,0,3539,0,1,3540,T
1-PB2,1539,3533,0,0,0,3533,A
1-PB2,1540,0,3179,0,3,3182,T
1-PB2,1541,0,3,0,3348,3351,C
1-PB2,1542,0,3304,0,3,3307,T
1-PB2,1543,1,0,0,3342,3343,C
1-PB2,1544,0,2,0,3344,3346,C
1-PB2,1545,0,3273,0,4,3277,T
1-PB2,1546,2,6,3282,0,3290,G
1-PB2,1547,3266,0,0,0,3266,A
1-PB2,1548,2,0,3271,1,3274,G
1-PB2,1549,0,0,3274,0,3274,G
1-PB2,1550,3003,0,0,0,3003,A
1-PB2,1551,0,2,3032,0,3034,G
1-PB2,1552,0,1,3021,0,3022,G
1-PB2,1553,0,2935,0,4,2939,T
1-PB2,1554,1,0,0,2964,2965,C
1-PB2,1555,2940,0,1,0,2941,A
1-PB2,1556,0,1,2994,0,2995,G
1-PB2,1557,0,2986,0,0,2986,T
1-PB2,1558,0,1,2989,0,2990,G
1-PB2,1559,2984,1,2,0,2987,A
1-PB2,1560,2912,0,1,0,2913,A
1-PB2,1561,2919,0,6,0,2925,A
1-PB2,1562,1,0,0,2924,2925,C
1-PB2,1563,2905,1,1,0,2907,A
1-PB2,1564,0,1,0,2915,2916,C
1-PB2,1565,2815,3,7,0,2825,A
1-PB2,1566,0,1,2847,0,2848,G
1-PB2,1567,0,1,2833,0,2834,G
1-PB2,1568,2,1,2866,0,2869,G
1-PB2,1569,2854,0,0,0,2854,A
1-PB2,1570,2822,0,4,0,2826,A
1-PB2,1571,1,0,0,2858,2859,C
1-PB2,1572,0,2826,0,2,2828,T
1-PB2,1573,0,0,2834,0,2834,G
1-PB2,1574,2805,0,3,0,2808,A
1-PB2,1575,0,1,2819,0,2820,G
1-PB2,1576,2780,0,3,0,2783,A
1-PB2,1577,1,0,2694,0,2695,G
1-PB2,1578,2689,0,2,0,2691,A
1-PB2,1579,0,1,0,2683,2684,C
1-PB2,1580,0,2623,1,0,2624,T
1-PB2,1581,1,3,2682,0,2686,G
1-PB2,1582,2668,1,1,2,2672,A
1-PB2,1583,1,0,0,2694,2695,C
1-PB2,1584,2674,0,0,0,2674,A
1-PB2,1585,2668,0,0,0,2668,A
1-PB2,1586,0,2677,0,0,2677,T
1-PB2,1587,2718,0,2,0,2720,A
1-PB2,1588,2713,1,1,0,2715,A
1-PB2,1589,1,0,0,2732,2733,C
1-PB2,1590,0,2610,0,0,2610,T
1-PB2,1591,0,2593,0,1,2594,T
1-PB2,1592,2579,0,1,0,2580,A
1-PB2,1593,1,2584,0,4,2589,T
1-PB2,1594,1,2581,0,0,2582,T
1-PB2,1595,2,0,0,2574,2576,C
1-PB2,1596,2481,0,1,0,2482,A
1-PB2,1597,0,2477,0,0,2477,T
1-PB2,1598,1,2,0,2425,2428,C
1-PB2,1599,0,1,2432,0,2433,G
1-PB2,1600,0,2438,0,1,2439,T
1-PB2,1601,1,1,0,2421,2423,C
1-PB2,1602,1,1,2421,0,2423,G
1-PB2,1603,2417,0,1,0,2418,A
1-PB2,1604,0,2412,0,0,2412,T
1-PB2,1605,1,1,2421,0,2423,G
1-PB2,1606,2413,0,3,0,2416,A
1-PB2,1607,0,2407,0,0,2407,T
1-PB2,1608,0,0,2419,0,2419,G
1-PB2,1609,0,2352,0,2,2354,T
1-PB2,1610,3,1,2358,0,2362,G
1-PB2,1611,0,0,2361,0,2361,G
1-PB2,1612,1,0,2356,0,2357,G
1-PB2,1613,2328,0,0,0,2328,A
1-PB2,1614,1916,0,375,0,2291,A
1-PB2,1615,2254,2,1,0,2257,A
1-PB2,1616,0,2244,0,0,2244,T
1-PB2,1617,0,2240,0,0,2240,T
1-PB2,1618,2226,0,1,0,2227,A
1-PB2,1619,2174,0,3,0,2177,A
1-PB2,1620,0,0,0,2166,2166,C
1-PB2,1621,1,4,2066,0,2071,G
1-PB2,1622,0,0,2119,0,2119,G
1-PB2,1623,0,2025,0,0,2025,T
1-PB2,1624,1,0,0,2027,2028,C
1-PB2,1625,1,2,0,2025,2028,C
1-PB2,1626,0,1992,1,3,1996,T
1-PB2,1627,1,0,2010,0,2011,G
1-PB2,1628,2006,0,0,0,2006,A
1-PB2,1629,1,0,2014,0,2015,G
1-PB2,1630,0,1992,0,0,1992,T
1-PB2,1631,1,0,0,1943,1944,C
1-PB2,1632,0,2,1937,0,1939,G
1-PB2,1633,0,3,1949,0,1952,G
1-PB2,1634,0,1939,0,0,1939,T
1-PB2,1635,0,1944,0,1,1945,T
1-PB2,1636,0,1944,0,0,1944,T
1-PB2,1637,0,1942,0,0,1942,T
1-PB2,1638,1,3,1972,0,1976,G
1-PB2,1639,0,0,1996,0,1996,G
1-PB2,1640,0,1971,0,1,1972,T
1-PB2,1641,2,0,0,1993,1995,C
1-PB2,1642,1973,0,1,0,1974,A
1-PB2,1643,1968,0,0,0,1968,A
1-PB2,1644,0,0,0,1905,1905,C
1-PB2,1645,1973,0,1,0,1974,A
1-PB2,1646,0,2,0,2049,2051,C
1-PB2,1647,0,0,0,2062,2062,C
1-PB2,1648,0,2063,1,2,2066,T
1-PB2,1649,2096,0,0,0,2096,A
1-PB2,1650,0,2082,0,4,2086,T
1-PB2,1651,0,0,0,2107,2107,C
1-PB2,1652,2054,0,0,0,2054,A
1-PB2,1653,2046,0,2,0,2048,A
1-PB2,1654,0,2051,0,0,2051,T
1-PB2,1655,2,0,1967,0,1969,G
1-PB2,1656,0,1,1977,0,1978,G
1-PB2,1657,1956,0,2,1,1959,A
1-PB2,1658,0,1911,0,0,1911,T
1-PB2,1659,3,0,0,1903,1906,C
1-PB2,1660,1924,0,0,0,1924,A
1-PB2,1661,0,1920,0,1,1921,T
1-PB2,1662,1,0,0,1931,1932,C
1-PB2,1663,1935,0,0,0,1935,A
1-PB2,1664,0,0,1939,0,1939,G
1-PB2,1665,1929,0,0,0,1929,A
1-PB2,1666,1924,0,1,0,1925,A
1-PB2,1667,1937,0,0,0,1937,A
1-PB2,1668,0,1940,0,0,1940,T
1-PB2,1669,0,1923,0,0,1923,T
1-PB2,1670,0,1,1917,0,1918,G
1-PB2,1671,2,0,1911,0,1913,G
1-PB2,1672,0,0,1908,0,1908,G
1-PB2,1673,1908,2,0,0,1910,A
1-PB2,1674,1911,0,0,1,1912,A
1-PB2,1675,0,0,1895,0,1895,G
1-PB2,1676,0,0,0,1905,1905,C
1-PB2,1677,0,1905,0,1,1906,T
1-PB2,1678,1,0,1911,0,1912,G
1-PB2,1679,0,1904,0,1,1905,T
1-PB2,1680,0,0,1,1917,1918,C
1-PB2,1681,1915,0,1,0,1916,A
1-PB2,1682,1929,0,0,0,1929,A
1-PB2,1683,1926,0,1,0,1927,A
1-PB2,1684,1944,0,0,0,1944,A
1-PB2,1685,0,1938,0,0,1938,T
1-PB2,1686,0,1940,0,0,1940,T
1-PB2,1687,0,1,0,1929,1930,C
1-PB2,1688,1912,1,1,0,1914,A
1-PB2,1689,1917,1,1,1,1920,A
1-PB2,1690,0,1920,0,0,1920,T
1-PB2,1691,0,2,1921,0,1923,G
1-PB2,1692,0,0,1946,0,1946,G
1-PB2,1693,0,1959,0,3,1962,T
1-PB2,1694,0,0,0,1985,1985,C
1-PB2,1695,0,1982,0,1,1983,T
1-PB2,1696,1,0,0,1991,1992,C
1-PB2,1697,1986,0,0,0,1986,A
1-PB2,1698,0,1,1995,0,1996,G
1-PB2,1699,1994,0,1,0,1995,A
1-PB2,1700,2000,0,1,0,2001,A
1-PB2,1701,0,1982,0,0,1982,T
1-PB2,1702,3,0,0,1940,1943,C
1-PB2,1703,0,0,0,1939,1939,C
1-PB2,1704,0,1944,0,3,1947,T
1-PB2,1705,1,0,1935,0,1936,G
1-PB2,1706,0,0,0,1945,1945,C
1-PB2,1707,1938,0,1,0,1939,A
1-PB2,1708,1957,0,0,0,1957,A
1-PB2,1709,0,1943,0,0,1943,T
1-PB2,1710,0,0,1987,0,1987,G
1-PB2,1711,0,1995,1,0,1996,T
1-PB2,1712,0,1937,0,1,1938,T
1-PB2,1713,1,1,1951,0,1953,G
1-PB2,1714,0,1952,0,2,1954,T
1-PB2,1715,1955,0,2,0,1957,A
1-PB2,1716,0,0,0,1959,1959,C
1-PB2,1717,1932,0,1,0,1933,A
1-PB2,1718,1936,0,2,0,1938,A
1-PB2,1719,0,0,0,1921,1921,C
1-PB2,1720,1895,0,0,0,1895,A
1-PB2,1721,1899,0,0,0,1899,A
1-PB2,1722,1866,0,0,0,1866,A
1-PB2,1723,1867,1,0,0,1868,A
1-PB2,1724,0,1862,0,1,1863,T
1-PB2,1725,0,2,1852,0,1854,G
1-PB2,1726,0,1,1849,0,1850,G
1-PB2,1727,1842,0,0,0,1842,A
1-PB2,1728,1847,0,1,0,1848,A
1-PB2,1729,0,1846,0,1,1847,T
1-PB2,1730,0,1849,0,1,1850,T
1-PB2,1731,0,1851,0,0,1851,T
1-PB2,1732,0,0,1834,0,1834,G
1-PB2,1733,1842,1,2,0,1845,A
1-PB2,1734,1838,0,3,0,1841,A
1-PB2,1735,0,2,0,1841,1843,C
1-PB2,1736,2,0,0,1814,1816,C
1-PB2,1737,1831,0,2,0,1833,A
1-PB2,1738,0,1861,0,1,1862,T
1-PB2,1739,0,1861,0,0,1861,T
1-PB2,1740,2,1855,0,0,1857,T
1-PB2,1741,0,1,0,1864,1865,C
1-PB2,1742,1863,0,0,0,1863,A
1-PB2,1743,1863,0,0,0,1863,A
1-PB2,1744,1,1857,0,0,1858,T
1-PB2,1745,0,0,0,1887,1887,C
1-PB2,1746,0,1834,0,1,1835,T
1-PB2,1747,0,1850,0,1,1851,T
1-PB2,1748,0,1862,0,0,1862,T
1-PB2,1749,1866,0,1,0,1867,A
1-PB2,1750,0,0,1869,0,1869,G
1-PB2,1751,0,1866,0,1,1867,T
1-PB2,1752,1,0,0,1910,1911,C
1-PB2,1753,1,0,0,1909,1910,C
1-PB2,1754,3,0,0,1880,1883,C
1-PB2,1755,0,0,0,1891,1891,C
1-PB2,1756,1883,1,0,0,1884,A
1-PB2,1757,1889,0,0,0,1889,A
1-PB2,1758,1,1,1904,0,1906,G
1-PB2,1759,0,0,1891,0,1891,G
1-PB2,1760,0,0,0,1895,1895,C
1-PB2,1761,1,1,0,1869,1871,C
1-PB2,1762,1861,0,1,0,1862,A
1-PB2,1763,0,1885,1,0,1886,T
1-PB2,1764,0,1895,0,0,1895,T
1-PB2,1765,1891,0,0,0,1891,A
1-PB2,1766,0,0,1883,0,1883,G
1-PB2,1767,1847,0,1,0,1848,A
1-PB2,1768,1918,0,3,0,1921,A
1-PB2,1769,1,0,1933,0,1934,G
1-PB2,1770,2,0,0,1949,1951,C
1-PB2,1771,3,0,0,1965,1968,C
1-PB2,1772,1949,0,0,0,1949,A
1-PB2,1773,1970,0,0,0,1970,A
1-PB2,1774,1,1979,0,0,1980,T
1-PB2,1775,1996,0,0,0,1996,A
1-PB2,1776,0,1,0,2003,2004,C
1-PB2,1777,1869,0,0,0,1869,A
1-PB2,1778,1,1,1875,0,1877,G
1-PB2,1779,1,1826,0,0,1827,T
1-PB2,1780,0,0,1848,0,1848,G
1-PB2,1781,0,2,1846,0,1848,G
1-PB2,1782,0,2,1842,0,1844,G
1-PB2,1783,0,1815,0,1,1816,T
1-PB2,1784,0,1805,0,0,1805,T
1-PB2,1785,0,1823,0,1,1824,T
1-PB2,1786,2,0,1843,0,1845,G
1-PB2,1787,0,1844,0,0,1844,T
1-PB2,1788,1,0,0,1844,1845,C
1-PB2,1789,1827,0,0,0,1827,A
1-PB2,1790,1,0,1827,1,1829,G
1-PB2,1791,1816,0,1,0,1817,A
1-PB2,1792,1819,0,1,0,1820,A
1-PB2,1793,1,0,0,1819,1820,C
1-PB2,1794,0,1774,0,0,1774,T
1-PB2,1795,0,0,0,1819,1819,C
1-PB2,1796,0,1825,0,0,1825,T
1-PB2,1797,1840,0,0,0,1840,A
1-PB2,1798,0,1839,0,0,1839,T
1-PB2,1799,0,1827,0,0,1827,T
1-PB2,1800,0,0,0,1823,1823,C
1-PB2,1801,1,0,0,1818,1819,C
1-PB2,1802,1816,0,1,1,1818,A
1-PB2,1803,1823,0,0,0,1823,A
1-PB2,1804,1,0,0,1816,1817,C
1-PB2,1805,1805,0,0,0,1805,A
1-PB2,1806,1802,0,0,0,1802,A
1-PB2,1807,1795,0,0,0,1795,A
1-PB2,1808,0,1807,0,0,1807,T
1-PB2,1809,0,0,1813,0,1813,G
1-PB2,1810,1791,0,3,0,1794,A
1-PB2,1811,0,0,1809,0,1809,G
1-PB2,1812,1804,0,4,0,1808,A
1-PB2,1813,0,0,1799,0,1799,G
1-PB2,1814,1797,0,1,0,1798,A
1-PB2,1815,0,0,0,1790,1790,C
1-PB2,1816,1,0,1805,0,1806,G
1-PB2,1817,0,1812,0,0,1812,T
1-PB2,1818,1831,0,1,0,1832,A
1-PB2,1819,0,0,0,1851,1851,C
1-PB2,1820,0,1836,0,2,1838,T
1-PB2,1821,0,1847,0,0,1847,T
1-PB2,1822,0,5,1826,0,1831,G
1-PB2,1823,0,1,1831,0,1832,G
1-PB2,1824,1,0,1833,0,1834,G
1-PB2,1825,1808,1,0,0,1809,A
1-PB2,1826,0,0,0,1824,1824,C
1-PB2,1827,1825,0,0,0,1825,A
1-PB2,1828,0,1837,0,1,1838,T
1-PB2,1829,0,1839,0,0,1839,T
1-PB2,1830,0,1846,0,0,1846,T
1-PB2,1831,0,0,1842,0,1842,G
1-PB2,1832,1855,0,1,0,1856,A
1-PB2,1833,0,0,0,1855,1855,C
1-PB2,1834,1839,0,1,0,1840,A
1-PB2,1835,0,1,0,1844,1845,C
1-PB2,1836,4,0,0,1797,1801,C
1-PB2,1837,1821,0,0,0,1821,A
1-PB2,1838,1,1,0,1821,1823,C
1-PB2,1839,1,0,0,1827,1828,C
1-PB2,1840,2,2,0,1830,1834,C
1-PB2,1841,1826,0,0,0,1826,A
1-PB2,1842,0,1,1854,0,1855,G
1-PB2,1843,1846,0,0,0,1846,A
1-PB2,1844,0,1921,0,0,1921,T
1-PB2,1845,1904,0,0,0,1904,A
1-PB2,1846,1888,0,1,0,1889,A
1-PB2,1847,0,1879,0,0,1879,T
1-PB2,1848,1876,0,0,0,1876,A
1-PB2,1849,1871,0,0,0,1871,A
1-PB2,1850,1856,0,0,0,1856,A
1-PB2,1851,0,0,1859,0,1859,G
1-PB2,1852,0,0,0,1839,1839,C
1-PB2,1853,0,1770,0,1,1771,T
1-PB2,1854,0,1781,0,1,1782,T
1-PB2,1855,0,2,0,1786,1788,C
1-PB2,1856,0,1774,0,2,1776,T
1-PB2,1857,3,0,0,1813,1816,C
1-PB2,1858,2,1,0,1814,1817,C
1-PB2,1859,1,0,0,1840,1841,C
1-PB2,1860,0,1835,0,3,1838,T
1-PB2,1861,0,1839,2,1,1842,T
1-PB2,1862,0,1847,0,0,1847,T
1-PB2,1863,0,1845,0,0,1845,T
1-PB2,1864,2,0,1835,0,1837,G
1-PB2,1865,0,1,0,1841,1842,C
1-PB2,1866,1817,0,1,0,1818,A
1-PB2,1867,1,0,1814,0,1815,G
1-PB2,1868,0,1,0,1819,1820,C
1-PB2,1869,0,1809,0,2,1811,T
1-PB2,1870,0,0,1811,0,1811,G
1-PB2,1871,0,0,2,1813,1815,C
1-PB2,1872,0,1789,0,2,1791,T
1-PB2,1873,1,0,0,1814,1815,C
1-PB2,1874,1,0,0,1830,1831,C
1-PB2,1875,1823,0,2,0,1825,A
1-PB2,1876,1,0,0,1840,1841,C
1-PB2,1877,0,1,0,1843,1844,C
1-PB2,1878,1836,0,1,0,1837,A
1-PB2,1879,1839,0,2,1,1842,A
1-PB2,1880,1835,2,0,0,1837,A
1-PB2,1881,2,0,1859,0,1861,G
1-PB2,1882,0,0,1,1843,1844,C
1-PB2,1883,1825,0,0,0,1825,A
1-PB2,1884,1832,0,0,0,1832,A
1-PB2,1885,1831,0,1,0,1832,A
1-PB2,1886,1,0,1849,0,1850,G
1-PB2,1887,0,0,0,1859,1859,C
1-PB2,1888,1840,1,1,0,1842,A
1-PB2,1889,1,0,1860,0,1861,G
1-PB2,1890,1834,0,2,0,1836,A
1-PB2,1891,1865,0,0,0,1865,A
1-PB2,1892,0,1864,0,0,1864,T
1-PB2,1893,0,0,1856,0,1856,G
1-PB2,1894,1,0,0,1861,1862,C
1-PB2,1895,1846,0,1,0,1847,A
1-PB2,1896,0,0,1859,0,1859,G
1-PB2,1897,0,1862,0,1,1863,T
1-PB2,1898,0,1910,0,4,1914,T
1-PB2,1899,1,0,0,1926,1927,C
1-PB2,1900,0,1897,0,2,1899,T
1-PB2,1901,1,1,0,1924,1926,C
1-PB2,1902,0,1924,0,1,1925,T
1-PB2,1903,0,1921,0,0,1921,T
1-PB2,1904,1,0,0,1935,1936,C
1-PB2,1905,1916,0,1,0,1917,A
1-PB2,1906,0,0,0,1916,1916,C
1-PB2,1907,0,1861,0,2,1863,T
1-PB2,1908,2,0,1909,0,1911,G
1-PB2,1909,1872,0,0,0,1872,A
1-PB2,1910,1,0,1,1925,1927,C
1-PB2,1911,0,1906,0,1,1907,T
1-PB2,1912,0,0,1925,0,1925,G
1-PB2,1913,0,1914,0,2,1916,T
1-PB2,1914,0,0,1933,0,1933,G
1-PB2,1915,1924,0,1,0,1925,A
1-PB2,1916,1931,0,0,0,1931,A
1-PB2,1917,0,1903,0,0,1903,T
1-PB2,1918,0,0,1908,0,1908,G
1-PB2,1919,0,1846,0,2,1848,T
1-PB2,1920,0,3,1862,0,1865,G
1-PB2,1921,1818,0,2,0,1820,A
1-PB2,1922,0,1,1824,0,1825,G
1-PB2,1923,2,0,1816,0,1818,G
1-PB2,1924,1,0,1812,0,1813,G
1-PB2,1925,0,1,1869,0,1870,G
1-PB2,1926,1857,0,0,0,1857,A
1-PB2,1927,0,1843,0,0,1843,T
1-PB2,1928,1,0,0,1863,1864,C
1-PB2,1929,1853,0,0,0,1853,A
1-PB2,1930,1,1,1893,0,1895,G
1-PB2,1931,1,1,1889,0,1891,G
1-PB2,1932,0,1,1891,0,1892,G
1-PB2,1933,1897,0,0,0,1897,A
1-PB2,1934,0,1812,0,0,1812,T
1-PB2,1935,0,2,1820,0,1822,G
1-PB2,1936,1813,0,1,0,1814,A
1-PB2,1937,0,1,1865,0,1866,G
1-PB2,1938,1866,0,0,0,1866,A
1-PB2,1939,1826,0,0,0,1826,A
1-PB2,1940,0,1845,0,0,1845,T
1-PB2,1941,1830,0,0,0,1830,A
1-PB2,1942,0,0,0,1877,1877,C
1-PB2,1943,0,1862,0,2,1864,T
1-PB2,1944,0,1862,0,0,1862,T
1-PB2,1945,0,0,1875,0,1875,G
1-PB2,1946,0,1824,0,1,1825,T
1-PB2,1947,1826,0,0,0,1826,A
1-PB2,1948,1813,0,0,0,1813,A
1-PB2,1949,0,2,1784,0,1786,G
1-PB2,1950,0,3,1790,0,1793,G
1-PB2,1951,1,1,1756,0,1758,G
1-PB2,1952,1,1,1761,0,1763,G
1-PB2,1953,0,1,0,1778,1779,C
1-PB2,1954,1777,0,1,0,1778,A
1-PB2,1955,1810,0,0,0,1810,A
1-PB2,1956,0,1813,0,0,1813,T
1-PB2,1957,1,1817,0,0,1818,T
1-PB2,1958,2,0,0,1867,1869,C
1-PB2,1959,0,1833,0,2,1835,T
1-PB2,1960,1,0,0,1884,1885,C
1-PB2,1961,2,2,0,1880,1884,C
1-PB2,1962,0,1879,1,1,1881,T
1-PB2,1963,1,0,1920,0,1921,G
1-PB2,1964,0,1876,0,1,1877,T
1-PB2,1965,1880,0,1,0,1881,A
1-PB2,1966,0,1876,1,1,1878,T
1-PB2,1967,0,1852,0,1,1853,T
1-PB2,1968,1,0,0,1868,1869,C
1-PB2,1969,1847,2,0,0,1849,A
1-PB2,1970,1876,0,1,0,1877,A
1-PB2,1971,1,1,0,1876,1878,C
1-PB2,1972,0,1855,0,0,1855,T
1-PB2,1973,1855,0,0,0,1855,A
1-PB2,1974,0,0,0,1893,1893,C
1-PB2,1975,1890,0,1,0,1891,A
1-PB2,1976,1885,0,1,0,1886,A
1-PB2,1977,0,0,0,1894,1894,C
1-PB2,1978,1872,0,1,0,1873,A
1-PB2,1979,1861,0,1,0,1862,A
1-PB2,1980,0,1,1875,0,1876,G
1-PB2,1981,1868,0,1,0,1869,A
1-PB2,1982,0,1,0,1869,1870,C
1-PB2,1983,0,0,0,1849,1849,C
1-PB2,1984,1855,0,0,0,1855,A
1-PB2,1985,0,0,0,1919,1919,C
1-PB2,1986,0,1915,0,0,1915,T
1-PB2,1987,1918,0,0,0,1918,A
1-PB2,1988,0,1,1883,0,1884,G
1-PB2,1989,1881,0,2,0,1883,A
1-PB2,1990,1891,0,0,0,1891,A
1-PB2,1991,0,2,1908,0,1910,G
1-PB2,1992,1875,0,0,0,1875,A
1-PB2,1993,0,1,0,1887,1888,C
1-PB2,1994,0,1834,0,1,1835,T
1-PB2,1995,1832,0,0,0,1832,A
1-PB2,1996,1833,0,0,0,1833,A
1-PB2,1997,0,0,0,1833,1833,C
1-PB2,1998,1832,1,0,0,1833,A
1-PB2,1999,1831,0,0,0,1831,A
1-PB2,2000,0,1800,0,1,1801,T
1-PB2,2001,0,1800,0,0,1800,T
1-PB2,2002,2,0,0,1806,1808,C
1-PB2,2003,2,1789,0,0,1791,T
1-PB2,2004,0,1,0,1808,1809,C
1-PB2,2005,0,1,1811,0,1812,G
1-PB2,2006,0,0,1813,0,1813,G
1-PB2,2007,1812,0,0,0,1812,A
1-PB2,2008,1813,0,0,0,1813,A
1-PB2,2009,1804,0,0,0,1804,A
1-PB2,2010,1807,0,1,0,1808,A
1-PB2,2011,0,0,1813,0,1813,G
1-PB2,2012,1802,0,0,0,1802,A
1-PB2,2013,1,1804,0,0,1805,T
1-PB2,2014,0,0,1812,0,1812,G
1-PB2,2015,0,1,0,1791,1792,C
1-PB2,2016,2,0,0,1802,1804,C
1-PB2,2017,0,0,1805,0,1805,G
1-PB2,2018,1,0,1793,0,1794,G
1-PB2,2019,0,0,0,1813,1813,C
1-PB2,2020,1791,0,0,0,1791,A
1-PB2,2021,0,0,0,1849,1849,C
1-PB2,2022,0,1831,1,1,1833,T
1-PB2,2023,0,1829,0,1,1830,T
1-PB2,2024,1,1840,0,0,1841,T
1-PB2,2025,1845,0,0,0,1845,A
1-PB2,2026,1849,0,0,0,1849,A
1-PB2,2027,0,1839,0,0,1839,T
1-PB2,2028,0,1839,0,0,1839,T
1-PB2,2029,0,0,1841,0,1841,G
1-PB2,2030,1798,0,3,0,1801,A
1-PB2,2031,1796,0,0,0,1796,A
1-PB2,2032,0,0,1802,0,1802,G
1-PB2,2033,1806,0,0,0,1806,A
1-PB2,2034,0,0,0,1811,1811,C
1-PB2,2035,0,0,0,1810,1810,C
1-PB2,2036,1,1,0,1818,1820,C
1-PB2,2037,1817,0,2,0,1819,A
1-PB2,2038,0,1,1856,0,1857,G
1-PB2,2039,1858,0,0,0,1858,A
1-PB2,2040,0,1865,0,0,1865,T
1-PB2,2041,0,1,1860,0,1861,G
1-PB2,2042,1827,0,0,0,1827,A
1-PB2,2043,1825,0,0,0,1825,A
1-PB2,2044,1836,0,1,0,1837,A
1-PB2,2045,0,0,1829,0,1829,G
1-PB2,2046,0,0,0,1834,1834,C
1-PB2,2047,1791,0,0,0,1791,A
1-PB2,2048,0,1,0,1815,1816,C
1-PB2,2049,1823,0,0,0,1823,A
1-PB2,2050,1,1794,0,0,1795,T
1-PB2,2051,1,0,0,1836,1837,C
1-PB2,2052,2,0,0,1832,1834,C
1-PB2,2053,0,0,1840,0,1840,G
1-PB2,2054,0,0,1848,0,1848,G
1-PB2,2055,1829,0,0,0,1829,A
1-PB2,2056,0,0,1846,0,1846,G
1-PB2,2057,0,1814,0,0,1814,T
1-PB2,2058,0,0,1819,0,1819,G
1-PB2,2059,0,0,1823,0,1823,G
1-PB2,2060,1807,0,1,0,1808,A
1-PB2,2061,0,0,1809,0,1809,G
1-PB2,2062,0,1782,0,0,1782,T
1-PB2,2063,1,0,0,1780,1781,C
1-PB2,2064,0,0,0,1772,1772,C
1-PB2,2065,1,0,1772,0,1773,G
1-PB2,2066,0,1,0,1768,1769,C
1-PB2,2067,1,1,0,1771,1773,C
1-PB2,2068,0,0,1799,0,1799,G
1-PB2,2069,0,1778,0,0,1778,T
1-PB2,2070,0,0,0,1800,1800,C
1-PB2,2071,0,1788,0,2,1790,T
1-PB2,2072,0,1803,0,3,1806,T
1-PB2,2073,1,1,1812,0,1814,G
1-PB2,2074,1796,0,0,0,1796,A
1-PB2,2075,0,0,1806,0,1806,G
1-PB2,2076,1798,0,0,0,1798,A
1-PB2,2077,0,3,1748,0,1751,G
1-PB2,2078,1,2,1753,0,1756,G
1-PB2,2079,0,0,1756,0,1756,G
1-PB2,2080,0,1733,0,1,1734,T
1-PB2,2081,0,1736,0,0,1736,T
1-PB2,2082,0,1755,0,2,1757,T
1-PB2,2083,1,1,0,1751,1753,C
1-PB2,2084,0,1764,0,0,1764,T
1-PB2,2085,1,0,0,1814,1815,C
1-PB2,2086,1808,0,0,0,1808,A
1-PB2,2087,0,1790,0,1,1791,T
1-PB2,2088,0,1791,0,0,1791,T
1-PB2,2089,1779,0,0,0,1779,A
1-PB2,2090,0,1784,0,0,1784,T
1-PB2,2091,1759,0,0,0,1759,A
1-PB2,2092,0,2,1764,0,1766,G
1-PB2,2093,0,0,1774,0,1774,G
1-PB2,2094,0,1683,0,0,1683,T
1-PB2,2095,1684,0,0,0,1684,A
1-PB2,2096,1680,0,0,0,1680,A
1-PB2,2097,1,0,1678,0,1679,G
1-PB2,2098,0,0,1687,0,1687,G
1-PB2,2099,1681,0,0,0,1681,A
1-PB2,2100,1663,0,3,0,1666,A
1-PB2,2101,0,3,1652,0,1655,G
1-PB2,2102,1643,1,1,0,1645,A
1-PB2,2103,0,0,0,1646,1646,C
1-PB2,2104,1634,0,0,0,1634,A
1-PB2,2105,0,0,1645,0,1645,G
1-PB2,2106,1633,0,2,0,1635,A
1-PB2,2107,1625,0,0,0,1625,A
1-PB2,2108,0,0,1637,0,1637,G
1-PB2,2109,1635,0,0,0,1635,A
1-PB2,2110,1,1626,0,0,1627,T
1-PB2,2111,1622,0,0,0,1622,A
1-PB2,2112,0,1,0,1619,1620,C
1-PB2,2113,0,1,1617,0,1618,G
1-PB2,2114,1,0,1640,0,1641,G
1-PB2,2115,1623,0,0,0,1623,A
1-PB2,2116,0,0,0,1610,1610,C
1-PB2,2117,2,1,0,1615,1618,C
1-PB2,2118,1589,0,1,0,1590,A
1-PB2,2119,0,0,1627,0,1627,G
1-PB2,2120,0,1,0,1624,1625,C
1-PB2,2121,1625,0,1,0,1626,A
1-PB2,2122,0,1621,0,0,1621,T
1-PB2,2123,0,1562,0,0,1562,T
1-PB2,2124,1568,0,1,0,1569,A
1-PB2,2125,1564,0,0,0,1564,A
1-PB2,2126,0,0,1565,0,1565,G
1-PB2,2127,0,0,0,1553,1553,C
1-PB2,2128,1459,1,0,0,1460,A
1-PB2,2129,0,1480,0,1,1481,T
1-PB2,2130,5,0,0,1472,1477,C
1-PB2,2131,1480,0,0,0,1480,A
1-PB2,2132,1479,0,3,0,1482,A
1-PB2,2133,0,1478,0,1,1479,T
1-PB2,2134,0,1,1486,0,1487,G
1-PB2,2135,1476,0,0,0,1476,A
1-PB2,2136,1471,0,1,0,1472,A
1-PB2,2137,0,0,0,1474,1474,C
1-PB2,2138,0,1391,0,1,1392,T
1-PB2,2139,0,1,1433,0,1434,G
1-PB2,2140,1428,0,0,0,1428,A
1-PB2,2141,1,0,1420,0,1421,G
1-PB2,2142,0,1420,0,1,1421,T
1-PB2,2143,1413,0,0,0,1413,A
1-PB2,2144,1412,0,0,0,1412,A
1-PB2,2145,0,1,0,1409,1410,C
1-PB2,2146,0,1,0,1367,1368,C
1-PB2,2147,0,1365,0,0,1365,T
1-PB2,2148,0,1332,0,2,1334,T
1-PB2,2149,0,0,1333,0,1333,G
1-PB2,2150,0,0,0,1328,1328,C
1-PB2,2151,1325,0,1,0,1326,A
1-PB2,2152,1328,0,0,0,1328,A
1-PB2,2153,1308,0,1,0,1309,A
1-PB2,2154,1291,0,1,0,1292,A
1-PB2,2155,0,0,1293,0,1293,G
1-PB2,2156,0,1,1289,0,1290,G
1-PB2,2157,0,1,1291,0,1292,G
1-PB2,2158,1,1,1293,0,1295,G
1-PB2,2159,1290,0,0,0,1290,A
1-PB2,2160,1294,0,0,0,1294,A
1-PB2,2161,1292,0,0,0,1292,A
1-PB2,2162,1297,0,2,0,1299,A
1-PB2,2163,0,0,1307,0,1307,G
1-PB2,2164,1,0,1292,0,1293,G
1-PB2,2165,0,2,0,1292,1294,C
1-PB2,2166,0,1288,0,0,1288,T
1-PB2,2167,1289,0,1,0,1290,A
1-PB2,2168,1289,0,0,0,1289,A
1-PB2,2169,0,1290,0,0,1290,T
1-PB2,2170,0,0,1304,0,1304,G
1-PB2,2171,1,1257,0,0,1258,T
1-PB2,2172,0,0,1242,0,1242,G
1-PB2,2173,0,0,0,1232,1232,C
1-PB2,2174,0,1226,1,4,1231,T
1-PB2,2175,1238,0,0,0,1238,A
1-PB2,2176,1229,0,0,0,1229,A
1-PB2,2177,0,1221,0,0,1221,T
1-PB2,2178,0,1,0,1219,1220,C
1-PB2,2179,0,2,1170,0,1172,G
1-PB2,2180,0,0,1179,0,1179,G
1-PB2,2181,1,0,1167,0,1168,G
1-PB2,2182,0,2,0,1168,1170,C
1-PB2,2183,1171,0,1,0,1172,A
1-PB2,2184,1165,0,0,0,1165,A
1-PB2,2185,1,0,1161,0,1162,G
1-PB2,2186,0,1,1160,0,1161,G
1-PB2,2187,1152,0,1,0,1153,A
1-PB2,2188,0,1,1147,0,1148,G
1-PB2,2189,1110,0,0,0,1110,A
1-PB2,2190,0,0,0,1111,1111,C
1-PB2,2191,0,0,1109,0,1109,G
1-PB2,2192,0,1094,0,3,1097,T
1-PB2,2193,0,0,1100,0,1100,G
1-PB2,2194,1,0,1104,0,1105,G
1-PB2,2195,0,1071,0,0,1071,T
1-PB2,2196,0,0,1080,1,1081,G
1-PB2,2197,0,1039,0,1,1040,T
1-PB2,2198,0,1043,0,0,1043,T
1-PB2,2199,0,0,1047,0,1047,G
1-PB2,2200,1,0,1040,0,1041,G
1-PB2,2201,1,1034,0,0,1035,T
1-PB2,2202,1015,0,0,0,1015,A
1-PB2,2203,987,0,0,0,987,A
1-PB2,2204,1,965,0,0,966,T
1-PB2,2205,1,2,950,0,953,G
1-PB2,2206,945,0,0,0,945,A
1-PB2,2207,936,0,0,0,936,A
1-PB2,2208,938,0,0,0,938,A
1-PB2,2209,0,0,0,935,935,C
1-PB2,2210,0,0,936,0,936,G
1-PB2,2211,932,0,0,0,932,A
1-PB2,2212,937,0,0,0,937,A
1-PB2,2213,932,0,0,0,932,A
1-PB2,2214,936,0,0,1,937,A
1-PB2,2215,0,0,0,931,931,C
1-PB2,2216,0,0,927,0,927,G
1-PB2,2217,0,1,923,0,924,G
1-PB2,2218,1,0,925,0,926,G
1-PB2,2219,921,0,1,0,922,A
1-PB2,2220,0,0,0,928,928,C
1-PB2,2221,0,919,0,1,920,T
1-PB2,2222,1,0,0,942,943,C
1-PB2,2223,0,946,0,1,947,T
1-PB2,2224,941,0,0,0,941,A
1-PB2,2225,1,0,944,0,945,G
1-PB2,2226,0,0,0,932,932,C
1-PB2,2227,932,0,0,0,932,A
1-PB2,2228,0,920,0,0,920,T
1-PB2,2229,886,0,0,0,886,A
1-PB2,2230,0,1,0,894,895,C
1-PB2,2231,1,772,0,0,773,T
1-PB2,2232,0,780,0,0,780,T
1-PB2,2233,752,0,0,0,752,A
1-PB2,2234,0,0,0,750,750,C
1-PB2,2235,0,740,0,0,740,T
1-PB2,2236,0,0,740,0,740,G
1-PB2,2237,711,0,1,0,712,A
1-PB2,2238,0,0,0,710,710,C
1-PB2,2239,638,0,0,0,638,A
1-PB2,2240,0,0,635,0,635,G
1-PB2,2241,0,0,0,633,633,C
1-PB2,2242,1,0,0,631,632,C
1-PB2,2243,632,0,0,0,632,A
1-PB2,2244,0,0,629,0,629,G
1-PB2,2245,626,0,0,0,626,A
1-PB2,2246,0,0,0,627,627,C
1-PB2,2247,588,0,0,0,588,A
1-PB2,2248,0,0,587,0,587,G
1-PB2,2249,0,0,0,541,541,C
1-PB2,2250,0,0,545,0,545,G
1-PB2,2251,539,0,0,0,539,A
1-PB2,2252,0,0,0,532,532,C
1-PB2,2253,1,2,0,534,537,C
1-PB2,2254,536,0,1,0,537,A
1-PB2,2255,535,0,0,0,535,A
1-PB2,2256,537,0,0,0,537,A
1-PB2,2257,531,0,0,0,531,A
1-PB2,2258,0,0,532,0,532,G
1-PB2,2259,508,0,0,0,508,A
1-PB2,2260,512,0,0,0,512,A
1-PB2,2261,0,500,0,0,500,T
1-PB2,2262,0,501,0,0,501,T
1-PB2,2263,1,0,0,507,508,C
1-PB2,2264,0,0,493,0,493,G
1-PB2,2265,0,0,494,0,494,G
1-PB2,2266,492,0,0,0,492,A
1-PB2,2267,0,461,0,0,461,T
1-PB2,2268,0,0,465,0,465,G
1-PB2,2269,0,0,456,0,456,G
1-PB2,2270,0,0,0,457,457,C
1-PB2,2271,1,0,0,460,461,C
1-PB2,2272,455,0,1,0,456,A
1-PB2,2273,0,456,0,0,456,T
1-PB2,2274,0,0,0,456,456,C
1-PB2,2275,456,0,0,0,456,A
1-PB2,2276,455,0,0,0,455,A
1-PB2,2277,0,450,0,0,450,T
1-PB2,2278,0,401,0,0,401,T
1-PB2,2279,381,0,0,0,381,A
1-PB2,2280,375,0,0,0,375,A
2-PB1,1,189,0,0,0,189,A
2-PB1,2,0,191,0,0,191,T
2-PB1,3,0,0,193,0,193,G
2-PB1,4,0,0,212,0,212,G
2-PB1,5,244,0,0,0,244,A
2-PB1,6,0,257,0,0,257,T
2-PB1,7,0,0,259,0,259,G
2-PB1,8,0,259,0,0,259,T
2-PB1,9,0,0,0,286,286,C
2-PB1,10,285,0,0,0,285,A
2-PB1,11,296,0,0,0,296,A
2-PB1,12,0,298,0,0,298,T
2-PB1,13,0,0,0,305,305,C
2-PB1,14,0,0,0,320,320,C
2-PB1,15,0,0,326,0,326,G
2-PB1,16,364,0,0,0,364,A
2-PB1,17,0,0,0,369,369,C
2-PB1,18,0,369,0,0,369,T
2-PB1,19,0,0,0,419,419,C
2-PB1,20,0,421,0,0,421,T
2-PB1,21,428,0,0,0,428,A
2-PB1,22,0,0,0,431,431,C
2-PB1,23,0,430,0,0,430,T
2-PB1,24,0,0,486,0,486,G
2-PB1,25,0,488,0,0,488,T
2-PB1,26,0,488,0,0,488,T
2-PB1,27,0,0,0,486,486,C
2-PB1,28,0,0,0,484,484,C
2-PB1,29,0,572,0,0,572,T
2-PB1,30,578,0,0,0,578,A
2-PB1,31,579,0,0,0,579,A
2-PB1,32,577,0,0,0,577,A
2-PB1,33,0,0,581,0,581,G
2-PB1,34,0,0,586,0,586,G
2-PB1,35,0,586,0,0,586,T
2-PB1,36,0,591,0,0,591,T
2-PB1,37,0,0,0,594,594,C
2-PB1,38,0,0,0,594,594,C
2-PB1,39,595,0,0,0,595,A
2-PB1,40,0,0,600,0,600,G
2-PB1,41,0,0,0,601,601,C
2-PB1,42,1,0,601,0,602,G
2-PB1,43,0,0,0,605,605,C
2-PB1,44,606,0,1,0,607,A
2-PB1,45,611,0,0,0,611,A
2-PB1,46,610,0,0,0,610,A
2-PB1,47,617,0,0,0,617,A
2-PB1,48,0,620,0,0,620,T
2-PB1,49,0,0,645,0,645,G
2-PB1,50,0,0,0,655,655,C
2-PB1,51,0,0,0,656,656,C
2-PB1,52,658,0,1,0,659,A
2-PB1,53,0,657,0,0,657,T
2-PB1,54,697,0,0,0,697,A
2-PB1,55,700,0,0,0,700,A
2-PB1,56,0,2,725,0,727,G
2-PB1,57,0,0,0,734,734,C
2-PB1,58,730,0,0,0,730,A
2-PB1,59,0,0,0,763,763,C
2-PB1,60,758,0,0,0,758,A
2-PB1,61,804,0,1,0,805,A
2-PB1,62,0,0,0,803,803,C
2-PB1,63,806,0,0,0,806,A
2-PB1,64,0,824,0,0,824,T
2-PB1,65,0,825,0,0,825,T
2-PB1,66,0,0,0,953,953,C
2-PB1,67,0,0,0,952,952,C
2-PB1,68,1,0,0,961,962,C
2-PB1,69,0,962,0,0,962,T
2-PB1,70,0,960,0,0,960,T
2-PB1,71,961,0,0,0,961,A
2-PB1,72,1,0,0,934,935,C
2-PB1,73,1014,0,0,1,1015,A
2-PB1,74,0,0,0,1054,1054,C
2-PB1,75,0,1052,0,0,1052,T
2-PB1,76,0,0,1062,0,1062,G
2-PB1,77,0,1,1057,0,1058,G
2-PB1,78,1063,0,0,0,1063,A
2-PB1,79,0,0,1072,0,1072,G
2-PB1,80,1067,0,0,0,1067,A
2-PB1,81,0,1073,0,0,1073,T
2-PB1,82,0,0,0,1156,1156,C
2-PB1,83,0,0,0,1165,1165,C
2-PB1,84,0,1165,0,0,1165,T
2-PB1,85,1,0,0,1250,1251,C
2-PB1,86,2,0,0,1249,1251,C
2-PB1,87,1262,0,0,0,1262,A
2-PB1,88,0,1264,0,1,1265,T
2-PB1,89,1260,1,1,0,1262,A
2-PB1,90,0,1,0,1270,1271,C
2-PB1,91,1251,0,1,0,1252,A
2-PB1,92,0,0,1311,0,1311,G
2-PB1,93,0,0,0,1322,1322,C
2-PB1,94,0,0,0,1312,1312,C
2-PB1,95,1316,0,0,0,1316,A
2-PB1,96,0,1317,0,0,1317,T
2-PB1,97,0,2,1318,0,1320,G
2-PB1,98,0,0,1394,0,1394,G
2-PB1,99,1410,0,0,0,1410,A
2-PB1,100,1420,0,1,0,1421,A
2-PB1,101,0,0,0,1428,1428,C
2-PB1,102,1415,0,1,0,1416,A
2-PB1,103,0,0,1440,0,1440,G
2-PB1,104,1,0,1470,0,1471,G
2-PB1,105,1465,0,0,0,1465,A
2-PB1,106,1488,0,1,0,1489,A
2-PB1,107,1,0,0,1502,1503,C
2-PB1,108,1493,0,1,0,1494,A
2-PB1,109,0,1,1694,0,1695,G
2-PB1,110,0,0,1690,0,1690,G
2-PB1,111,1,1,1709,0,1711,G
2-PB1,112,0,1705,0,2,1707,T
2-PB1,113,1717,0,0,0,1717,A
2-PB1,114,0,1,0,1730,1731,C
2-PB1,115,1802,0,1,0,1803,A
2-PB1,116,1,0,0,1868,1869,C
2-PB1,117,2,0,0,1854,1856,C
2-PB1,118,1812,0,1,0,1813,A
2-PB1,119,0,1809,0,0,1809,T
2-PB1,120,0,0,1822,0,1822,G
2-PB1,121,1,0,1813,0,1814,G
2-PB1,122,1812,0,1,0,1813,A
2-PB1,123,0,0,0,1818,1818,C
2-PB1,124,1787,1,0,0,1788,A
2-PB1,125,0,0,0,1826,1826,C
2-PB1,126,1826,0,1,0,1827,A
2-PB1,127,0,0,1851,1,1852,G
2-PB1,128,0,1841,0,1,1842,T
2-PB1,129,0,0,0,1904,1904,C
2-PB1,130,1895,0,1,0,1896,A
2-PB1,131,1916,1,0,0,1917,A
2-PB1,132,0,1,0,1914,1915,C
2-PB1,133,1917,0,0,0,1917,A
2-PB1,134,1,1,1934,0,1936,G
2-PB1,135,1904,0,1,0,1905,A
2-PB1,136,1906,0,0,0,1906,A
2-PB1,137,0,1,0,1908,1909,C
2-PB1,138,1880,0,1,1,1882,A
2-PB1,139,0,0,0,1893,1893,C
2-PB1,140,1879,0,1,0,1880,A
2-PB1,141,0,1857,0,1,1858,T
2-PB1,142,1,0,0,1996,1997,C
2-PB1,143,1998,0,0,0,1998,A
2-PB1,144,2021,0,0,1,2022,A
2-PB1,145,0,2060,0,0,2060,T
2-PB1,146,2112,0,0,0,2112,A
2-PB1,147,0,2119,0,0,2119,T
2-PB1,148,0,2074,0,1,2075,T
2-PB1,149,3,0,0,2070,2073,C
2-PB1,150,2039,0,0,0,2039,A
2-PB1,151,0,1,2047,0,2048,G
2-PB1,152,2029,0,0,0,2029,A
2-PB1,153,0,4,2034,0,2038,G
2-PB1,154,2000,0,0,0,2000,A
2-PB1,155,0,1,1958,0,1959,G
2-PB1,156,1,1,1944,0,1946,G
2-PB1,157,2,1,2013,0,2016,G
2-PB1,158,1,1,2020,0,2022,G
2-PB1,159,0,1,2030,0,2031,G
2-PB1,160,2030,0,2,0,2032,A
2-PB1,161,2033,0,5,0,2038,A
2-PB1,162,0,1,2053,0,2054,G
2-PB1,163,0,2018,0,0,2018,T
2-PB1,164,0,0,2037,0,2037,G
2-PB1,165,0,1,2023,0,2024,G
2-PB1,166,2010,0,6,0,2016,A
2-PB1,167,0,2,0,2031,2033,C
2-PB1,168,1,2,2041,0,2044,G
2-PB1,169,2052,0,0,0,2052,A
2-PB1,170,0,0,0,2077,2077,C
2-PB1,171,2065,1,1,0,2067,A
2-PB1,172,2068,0,0,0,2068,A
2-PB1,173,2074,0,1,0,2075,A
2-PB1,174,0,2118,0,1,2119,T
2-PB1,175,2126,0,0,0,2126,A
2-PB1,176,1,0,0,2125,2126,C
2-PB1,177,2113,0,0,0,2113,A
2-PB1,178,0,1,2114,0,2115,G
2-PB1,179,2113,1,0,0,2114,A
2-PB1,180,2146,0,0,0,2146,A
2-PB1,181,2140,0,0,0,2140,A
2-PB1,182,0,0,0,2137,2137,C
2-PB1,183,0,2121,0,2,2123,T
2-PB1,184,0,2,2112,0,2114,G
2-PB1,185,1,1,2090,1,2093,G
2-PB1,186,1,0,2075,0,2076,G
2-PB1,187,2,0,2091,0,2093,G
2-PB1,188,1,1,0,2114,2116,C
2-PB1,189,2115,0,1,0,2116,A
2-PB1,190,1,0,0,2184,2185,C
2-PB1,191,1,0,0,2177,2178,C
2-PB1,192,2,0,0,2182,2184,C
2-PB1,193,1,0,0,2191,2192,C
2-PB1,194,2199,0,0,0,2199,A
2-PB1,195,2222,0,0,0,2222,A
2-PB1,196,0,1,0,2225,2226,C
2-PB1,197,0,2215,0,0,2215,T
2-PB1,198,1,0,0,2228,2229,C
2-PB1,199,2186,0,0,0,2186,A
2-PB1,200,2219,1,2,0,2222,A
2-PB1,201,0,0,1,2214,2215,C
2-PB1,202,1,0,0,2214,2215,C
2-PB1,203,0,1,0,2216,2217,C
2-PB1,204,2209,0,0,0,2209,A
2-PB1,205,2223,0,0,0,2223,A
2-PB1,206,0,2225,0,0,2225,T
2-PB1,207,0,2220,0,0,2220,T
2-PB1,208,0,1,2222,0,2223,G
2-PB1,209,2196,0,0,0,2196,A
2-PB1,210,1,2195,0,0,2196,T
2-PB1,211,0,1,2191,0,2192,G
2-PB1,212,1,1,2208,0,2210,G
2-PB1,213,2226,0,3,0,2229,A
2-PB1,214,0,0,0,2247,2247,C
2-PB1,215,2,1,0,2231,2234,C
2-PB1,216,2239,0,0,0,2239,A
2-PB1,217,0,0,1,2295,2296,C
2-PB1,218,0,2291,0,0,2291,T
2-PB1,219,2315,0,1,0,2316,A
2-PB1,220,0,0,0,2365,2365,C
2-PB1,221,1,0,0,2344,2345,C
2-PB1,222,0,2305,1,0,2306,T
2-PB1,223,0,1,2310,0,2311,G
2-PB1,224,2291,0,2,0,2293,A
2-PB1,225,0,2,2328,0,2330,G
2-PB1,226,0,1,2323,0,2324,G
2-PB1,227,2312,0,0,0,2312,A
2-PB1,228,0,2309,1,0,2310,T
2-PB1,229,2282,0,0,0,2282,A
2-PB1,230,2273,0,3,0,2276,A
2-PB1,231,0,2280,0,0,2280,T
2-PB1,232,0,5,2271,0,2276,G
2-PB1,233,2282,0,1,0,2283,A
2-PB1,234,2260,0,1,0,2261,A
2-PB1,235,0,0,0,2276,2276,C
2-PB1,236,1,0,0,2246,2247,C
2-PB1,237,2259,0,0,0,2259,A
2-PB1,238,2256,0,0,0,2256,A
2-PB1,239,0,0,2264,0,2264,G
2-PB1,240,1,2256,0,0,2257,T
2-PB1,241,0,0,2271,0,2271,G
2-PB1,242,0,0,2311,0,2311,G
2-PB1,243,2302,0,1,0,2303,A
2-PB1,244,0,2290,0,0,2290,T
2-PB1,245,2302,0,0,0,2302,A
2-PB1,246,0,2350,1,2,2353,T
2-PB1,247,0,0,2363,0,2363,G
2-PB1,248,1,0,0,2368,2369,C
2-PB1,249,2359,0,3,0,2362,A
2-PB1,250,0,1,0,2431,2432,C
2-PB1,251,2392,0,0,0,2392,A
2-PB1,252,2413,0,1,0,2414,A
2-PB1,253,2418,0,0,0,2418,A
2-PB1,254,0,0,0,2421,2421,C
2-PB1,255,2369,0,0,0,2369,A
2-PB1,256,1,0,2396,0,2397,G
2-PB1,257,2385,0,0,0,2385,A
2-PB1,258,1,0,0,2404,2405,C
2-PB1,259,0,2333,0,0,2333,T
2-PB1,260,0,0,2384,0,2384,G
2-PB1,261,0,2351,0,2,2353,T
2-PB1,262,0,0,2437,0,2437,G
2-PB1,263,0,2437,0,0,2437,T
2-PB1,264,1,0,0,2455,2456,C
2-PB1,265,2,0,0,2452,2454,C
2-PB1,266,0,2426,1,1,2428,T
2-PB1,267,0,0,2432,0,2432,G
2-PB1,268,0,1,2426,0,2427,G
2-PB1,269,2377,0,0,0,2377,A
2-PB1,270,0,1,2418,0,2419,G
2-PB1,271,0,0,2359,0,2359,G
2-PB1,272,0,0,0,2365,2365,C
2-PB1,273,0,2354,0,1,2355,T
2-PB1,274,2356,0,0,0,2356,A
2-PB1,275,0,2354,0,0,2354,T
2-PB1,276,0,2,2356,0,2358,G
2-PB1,277,2,3,2344,0,2349,G
2-PB1,278,0,0,0,2346,2346,C
2-PB1,279,1,0,0,2315,2316,C
2-PB1,280,0,2300,0,2,2302,T
2-PB1,281,2,2431,0,3,2436,T
2-PB1,282,1,0,0,2448,2449,C
2-PB1,283,0,0,0,2454,2454,C
2-PB1,284,1,2451,0,2,2454,T
2-PB1,285,0,2448,0,0,2448,T
2-PB1,286,0,0,2457,0,2457,G
2-PB1,287,2456,0,0,0,2456,A
2-PB1,288,2462,0,1,0,2463,A
2-PB1,289,0,3,2462,0,2465,G
2-PB1,290,2378,0,0,0,2378,A
2-PB1,291,2387,1,0,0,2388,A
2-PB1,292,0,2372,0,0,2372,T
2-PB1,293,2,0,0,2381,2383,C
2-PB1,294,2,0,0,2383,2385,C
2-PB1,295,4,0,0,2362,2366,C
2-PB1,296,2356,0,1,0,2357,A
2-PB1,297,1,0,0,2390,2391,C
2-PB1,298,1,0,0,2381,2382,C
2-PB1,299,2,0,0,2390,2392,C
2-PB1,300,2370,0,0,0,2370,A
2-PB1,301,0,1,2379,0,2380,G
2-PB1,302,0,0,2378,0,2378,G
2-PB1,303,0,2346,0,0,2346,T
2-PB1,304,2399,0,0,0,2399,A
2-PB1,305,1,2387,0,1,2389,T
2-PB1,306,1,0,0,2393,2394,C
2-PB1,307,1,2396,0,0,2397,T
2-PB1,308,0,2403,0,1,2404,T
2-PB1,309,0,2394,0,0,2394,T
2-PB1,310,0,4,2388,1,2393,G
2-PB1,311,2364,0,3,0,2367,A
2-PB1,312,1,0,2376,0,2377,G
2-PB1,313,2345,0,0,0,2345,A
2-PB1,314,2360,0,1,0,2361,A
2-PB1,315,0,0,0,2378,2378,C
2-PB1,316,0,2345,0,1,2346,T
2-PB1,317,0,0,0,2359,2359,C
2-PB1,318,2357,0,1,0,2358,A
2-PB1,319,0,2360,0,0,2360,T
2-PB1,320,0,0,2367,1,2368,G
2-PB1,321,1,1,0,2389,2391,C
2-PB1,322,0,2,0,2384,2386,C
2-PB1,323,1,2382,0,2,2385,T
2-PB1,324,1,2362,0,2,2365,T
2-PB1,325,0,1,2372,0,2373,G
2-PB1,326,2385,0,1,0,2386,A
2-PB1,327,2382,0,0,0,2382,A
2-PB1,328,2380,0,0,0,2380,A
2-PB1,329,1,0,0,2405,2406,C
2-PB1,330,2359,1,0,0,2360,A
2-PB1,331,2380,0,0,0,2380,A
2-PB1,332,1,2378,0,2,2381,T
2-PB1,333,0,0,2377,0,2377,G
2-PB1,334,0,1,2375,0,2376,G
2-PB1,335,2340,0,1,0,2341,A
2-PB1,336,2341,0,3,1,2345,A
2-PB1,337,0,2,2339,0,2341,G
2-PB1,338,0,0,0,2332,2332,C
2-PB1,339,0,0,0,2321,2321,C
2-PB1,340,0,0,2332,0,2332,G
2-PB1,341,1,2307,0,1,2309,T
2-PB1,342,0,2309,1,1,2311,T
2-PB1,343,0,0,0,2348,2348,C
2-PB1,344,2343,1,1,0,2345,A
2-PB1,345,2373,0,0,0,2373,A
2-PB1,346,0,0,0,2382,2382,C
2-PB1,347,2385,0,1,0,2386,A
2-PB1,348,0,1,2394,0,2395,G
2-PB1,349,2359,0,2,0,2361,A
2-PB1,350,2,0,0,2364,2366,C
2-PB1,351,2371,0,1,0,2372,A
2-PB1,352,2379,0,1,0,2380,A
2-PB1,353,1,4,2405,0,2410,G
2-PB1,354,2,0,2368,1,2371,G
2-PB1,355,1,0,2381,0,2382,G
2-PB1,356,1,2287,0,0,2288,T
2-PB1,357,0,0,2344,0,2344,G
2-PB1,358,0,3,2342,0,2345,G
2-PB1,359,2345,1,1,0,2347,A
2-PB1,360,0,0,0,2364,2364,C
2-PB1,361,2328,0,1,0,2329,A
2-PB1,362,2346,0,0,0,2346,A
2-PB1,363,2351,0,0,0,2351,A
2-PB1,364,0,0,0,2356,2356,C
2-PB1,365,0,2326,0,1,2327,T
2-PB1,366,2335,0,0,0,2335,A
2-PB1,367,2322,0,1,0,2323,A
2-PB1,368,0,1,0,2337,2338,C
2-PB1,369,1,0,0,2341,2342,C
2-PB1,370,1,0,0,2347,2348,C
2-PB1,371,2302,0,2,0,2304,A
2-PB1,372,2292,0,2,0,2294,A
2-PB1,373,0,2,2297,0,2299,G
2-PB1,374,0,0,2287,0,2287,G
2-PB1,375,0,2258,0,1,2259,T
2-PB1,376,0,0,0,2293,2293,C
2-PB1,377,0,0,2286,0,2286,G
2-PB1,378,1,0,0,2282,2283,C
2-PB1,379,0,0,0,2301,2301,C
2-PB1,380,2295,1,0,0,2296,A
2-PB1,381,0,1,2345,0,2346,G
2-PB1,382,2355,0,2,0,2357,A
2-PB1,383,0,0,0,2368,2368,C
2-PB1,384,0,2353,0,1,2354,T
2-PB1,385,0,2349,0,1,2350,T
2-PB1,386,2343,1,1,0,2345,A
2-PB1,387,0,2361,0,0,2361,T
2-PB1,388,1,0,2363,0,2364,G
2-PB1,389,2354,0,0,0,2354,A
2-PB1,390,0,2321,0,2,2323,T
2-PB1,391,0,2262,0,0,2262,T
2-PB1,392,0,2,2247,0,2249,G
2-PB1,393,1,0,2248,0,2249,G
2-PB1,394,2267,0,1,0,2268,A
2-PB1,395,0,0,0,2281,2281,C
2-PB1,396,2256,0,0,0,2256,A
2-PB1,397,0,2242,0,0,2242,T
2-PB1,398,1,2265,1,1,2268,T
2-PB1,399,2279,0,1,0,2280,A
2-PB1,400,2276,1,0,0,2277,A
2-PB1,401,2272,0,2,0,2274,A
2-PB1,402,0,1,0,2272,2273,C
2-PB1,403,2233,0,0,0,2233,A
2-PB1,404,1,0,2238,0,2239,G
2-PB1,405,2228,0,2,0,2230,A
2-PB1,406,2232,0,1,0,2233,A
2-PB1,407,2224,0,0,1,2225,A
2-PB1,408,0,2192,0,0,2192,T
2-PB1,409,1,0,0,2215,2216,C
2-PB1,410,2220,1,1,0,2222,A
2-PB1,411,2210,0,0,0,2210,A
2-PB1,412,0,1,0,2210,2211,C
2-PB1,413,0,1,0,2196,2197,C
2-PB1,414,0,1,2194,0,2195,G
2-PB1,415,1,0,2180,0,2181,G
2-PB1,416,0,0,0,2204,2204,C
2-PB1,417,2208,0,2,0,2210,A
2-PB1,418,0,0,2203,0,2203,G
2-PB1,419,0,0,0,2216,2216,C
2-PB1,420,2218,0,0,0,2218,A
2-PB1,421,2218,1,1,0,2220,A
2-PB1,422,1,0,0,2229,2230,C
2-PB1,423,0,2209,0,2,2211,T
2-PB1,424,0,0,2278,0,2278,G
2-PB1,425,0,1,0,2285,2286,C
2-PB1,426,2265,11,0,0,2276,A
2-PB1,427,0,2281,0,0,2281,T
2-PB1,428,0,2254,0,0,2254,T
2-PB1,429,2351,11,0,0,2362,A
2-PB1,430,0,0,2353,0,2353,G
2-PB1,431,0,1,1,2331,2333,C
2-PB1,432,0,0,0,2343,2343,C
2-PB1,433,2257,0,0,0,2257,A
2-PB1,434,2276,0,0,0,2276,A
2-PB1,435,0,0,0,2296,2296,C
2-PB1,436,2285,1,0,0,2286,A
2-PB1,437,1,0,0,2356,2357,C
2-PB1,438,1,0,0,2232,2233,C
2-PB1,439,2232,0,1,0,2233,A
2-PB1,440,0,2235,0,0,2235,T
2-PB1,441,2239,0,0,0,2239,A
2-PB1,442,0,1,2237,0,2238,G
2-PB1,443,2223,0,0,1,2224,A
2-PB1,444,2201,0,0,0,2201,A
2-PB1,445,0,0,2211,0,2211,G
2-PB1,446,0,2138,0,0,2138,T
2-PB1,447,0,2123,0,0,2123,T
2-PB1,448,0,2141,0,0,2141,T
2-PB1,449,0,2152,0,0,2152,T
2-PB1,450,0,2147,0,0,2147,T
2-PB1,451,2148,0,2,0,2150,A
2-PB1,452,0,1,2139,0,2140,G
2-PB1,453,2141,0,0,0,2141,A
2-PB1,454,0,2116,0,0,2116,T
2-PB1,455,2,0,0,2100,2102,C
2-PB1,456,1,0,2109,0,2110,G
2-PB1,457,2097,0,0,0,2097,A
2-PB1,458,2104,0,2,1,2107,A
2-PB1,459,0,2,0,2132,2134,C
2-PB1,460,1,0,2128,0,2129,G
2-PB1,461,0,0,2199,0,2199,G
2-PB1,462,2198,0,1,0,2199,A
2-PB1,463,0,2195,0,0,2195,T
2-PB1,464,0,2203,0,3,2206,T
2-PB1,465,2182,0,16,0,2198,A
2-PB1,466,2198,0,0,0,2198,A
2-PB1,467,0,1,1,2200,2202,C
2-PB1,468,2188,1,4,0,2193,A
2-PB1,469,0,0,2205,0,2205,G
2-PB1,470,0,1,0,2094,2095,C
2-PB1,471,0,2089,0,0,2089,T
2-PB1,472,2097,0,2,0,2099,A
2-PB1,473,2101,0,0,0,2101,A
2-PB1,474,0,2093,0,0,2093,T
2-PB1,475,1,2,2122,0,2125,G
2-PB1,476,2110,0,1,0,2111,A
2-PB1,477,2105,1,0,1,2107,A
2-PB1,478,0,2081,0,0,2081,T
2-PB1,479,1,0,0,2093,2094,C
2-PB1,480,2083,0,0,0,2083,A
2-PB1,481,0,0,2070,0,2070,G
2-PB1,482,1,0,2064,0,2065,G
2-PB1,483,2058,0,1,0,2059,A
2-PB1,484,2016,0,2,0,2018,A
2-PB1,485,0,2,2100,0,2102,G
2-PB1,486,0,0,2095,0,2095,G
2-PB1,487,0,0,0,2116,2116,C
2-PB1,488,0,2120,0,2,2122,T
2-PB1,489,2115,0,0,0,2115,A
2-PB1,490,2114,0,0,0,2114,A
2-PB1,491,0,2123,0,0,2123,T
2-PB1,492,2123,0,0,0,2123,A
2-PB1,493,1,1,2133,0,2135,G
2-PB1,494,2014,0,0,0,2014,A
2-PB1,495,0,2000,0,0,2000,T
2-PB1,496,0,1992,0,0,1992,T
2-PB1,497,0,1966,0,2,1968,T
2-PB1,498,2,0,0,2015,2017,C
2-PB1,499,0,1,0,2023,2024,C
2-PB1,500,0,2014,0,2,2016,T
2-PB1,501,0,0,0,2048,2048,C
2-PB1,502,2048,0,0,0,2048,A
2-PB1,503,2042,0,0,0,2042,A
2-PB1,504,2,1,2051,0,2054,G
2-PB1,505,0,0,2079,0,2079,G
2-PB1,506,2065,0,0,0,2065,A
2-PB1,507,0,2001,0,0,2001,T
2-PB1,508,0,0,2016,0,2016,G
2-PB1,509,1,2002,0,0,2003,T
2-PB1,510,0,0,2043,0,2043,G
2-PB1,511,2037,0,2,0,2039,A
2-PB1,512,0,2017,0,2,2019,T
2-PB1,513,0,2,2016,0,2018,G
2-PB1,514,0,1,2010,0,2011,G
2-PB1,515,2022,0,1,0,2023,A
2-PB1,516,2020,0,1,0,2021,A
2-PB1,517,0,1976,0,0,1976,T
2-PB1,518,3,0,0,1993,1996,C
2-PB1,519,1981,0,0,0,1981,A
2-PB1,520,1984,0,0,0,1984,A
2-PB1,521,0,1984,0,1,1985,T
2-PB1,522,0,1,2009,0,2010,G
2-PB1,523,0,0,2025,0,2025,G
2-PB1,524,2012,0,0,0,2012,A
2-PB1,525,2,2017,0,0,2019,T
2-PB1,526,2024,0,0,0,2024,A
2-PB1,527,2016,0,0,0,2016,A
2-PB1,528,2015,0,2,0,2017,A
2-PB1,529,1,0,2042,0,2043,G
2-PB1,530,2010,0,0,0,2010,A
2-PB1,531,0,0,2000,1,2001,G
2-PB1,532,2,0,1991,0,1993,G
2-PB1,533,1996,0,0,0,1996,A
2-PB1,534,2000,0,1,0,2001,A
2-PB1,535,2005,0,1,0,2006,A
2-PB1,536,0,1997,0,0,1997,T
2-PB1,537,0,2,2026,0,2028,G
2-PB1,538,0,1,2016,0,2017,G
2-PB1,539,1995,0,0,0,1995,A
2-PB1,540,0,0,2009,0,2009,G
2-PB1,541,1988,1,0,0,1989,A
2-PB1,542,0,2031,0,0,2031,T
2-PB1,543,2040,0,0,0,2040,A
2-PB1,544,2062,0,2,0,2064,A
2-PB1,545,1,0,0,2070,2071,C
2-PB1,546,2031,0,1,0,2032,A
2-PB1,547,2032,0,0,0,2032,A
2-PB1,548,0,1,0,2026,2027,C
2-PB1,549,2007,0,0,0,2007,A
2-PB1,550,0,0,0,2014,2014,C
2-PB1,551,1976,0,0,0,1976,A
2-PB1,552,0,0,0,2006,2006,C
2-PB1,553,0,1985,0,0,1985,T
2-PB1,554,1,1984,0,1,1986,T
2-PB1,555,0,1979,1,0,1980,T
2-PB1,556,1,1,0,1987,1989,C
2-PB1,557,1992,0,0,0,1992,A
2-PB1,558,1991,1,0,0,1992,A
2-PB1,559,1988,0,1,0,1989,A
2-PB1,560,0,2,2004,0,2006,G
2-PB1,561,1979,0,0,0,1979,A
2-PB1,562,1985,0,1,0,1986,A
2-PB1,563,1977,0,2,1,1980,A
2-PB1,564,1981,0,0,0,1981,A
2-PB1,565,1978,0,3,0,1981,A
2-PB1,566,0,0,1990,0,1990,G
2-PB1,567,0,0,1993,0,1993,G
2-PB1,568,1956,0,7,0,1963,A
2-PB1,569,1,2,1995,0,1998,G
2-PB1,570,1991,0,1,0,1992,A
2-PB1,571,3,1,2065,0,2069,G
2-PB1,572,0,2046,0,0,2046,T
2-PB1,573,2060,0,2,0,2062,A
2-PB1,574,2066,0,3,1,2070,A
2-PB1,575,0,3,2065,0,2068,G
2-PB1,576,1,0,2078,0,2079,G
2-PB1,577,2,3,2064,0,2069,G
2-PB1,578,2042,0,3,0,2045,A
2-PB1,579,0,2,0,2054,2056,C
2-PB1,580,2004,0,1,0,2005,A
2-PB1,581,2019,0,1,0,2020,A
2-PB1,582,1,0,0,2006,2007,C
2-PB1,583,2006,0,1,0,2007,A
2-PB1,584,1,1973,0,0,1974,T
2-PB1,585,0,2,1957,0,1959,G
2-PB1,586,1950,0,0,0,1950,A
2-PB1,587,1,0,0,1930,1931,C
2-PB1,588,2,0,0,1938,1940,C
2-PB1,589,1952,0,0,0,1952,A
2-PB1,590,1956,0,0,0,1956,A
2-PB1,591,1,0,1964,0,1965,G
2-PB1,592,1962,0,0,0,1962,A
2-PB1,593,1963,0,0,0,1963,A
2-PB1,594,1932,0,0,0,1932,A
2-PB1,595,1931,1,1,0,1933,A
2-PB1,596,1,1929,0,0,1930,T
2-PB1,597,1,1,1927,0,1929,G
2-PB1,598,0,0,1940,0,1940,G
2-PB1,599,0,1918,1,3,1922,T
2-PB1,600,5,0,0,1902,1907,C
2-PB1,601,1931,0,1,0,1932,A
2-PB1,602,2,0,0,2051,2053,C
2-PB1,603,2082,1,0,0,2083,A
2-PB1,604,0,0,0,2088,2088,C
2-PB1,605,2082,0,1,2,2085,A
2-PB1,606,2120,0,2,0,2122,A
2-PB1,607,2110,0,6,0,2116,A
2-PB1,608,0,4,2238,0,2242,G
2-PB1,609,2227,1,0,0,2228,A
2-PB1,610,2234,0,0,0,2234,A
2-PB1,611,1,0,0,2294,2295,C
2-PB1,612,2247,0,0,0,2247,A
2-PB1,613,2243,0,0,0,2243,A
2-PB1,614,0,2235,0,0,2235,T
2-PB1,615,2214,0,1,0,2215,A
2-PB1,616,0,1,2211,0,2212,G
2-PB1,617,1,2,2164,0,2167,G
2-PB1,618,1,0,2173,0,2174,G
2-PB1,619,2163,1,1,0,2165,A
2-PB1,620,2151,0,1,0,2152,A
2-PB1,621,0,1,2160,0,2161,G
2-PB1,622,2149,0,0,0,2149,A
2-PB1,623,2152,1,1,0,2154,A
2-PB1,624,2164,0,1,0,2165,A
2-PB1,625,2178,0,1,0,2179,A
2-PB1,626,2224,0,1,0,2225,A
2-PB1,627,2228,0,3,0,2231,A
2-PB1,628,0,1,0,2232,2233,C
2-PB1,629,2223,0,0,0,2223,A
2-PB1,630,2227,0,0,0,2227,A
2-PB1,631,2212,0,1,0,2213,A
2-PB1,632,0,0,2260,0,2260,G
2-PB1,633,2259,1,0,0,2260,A
2-PB1,634,0,0,2320,0,2320,G
2-PB1,635,0,2266,0,0,2266,T
2-PB1,636,0,1,2607,0,2608,G
2-PB1,637,2628,0,0,0,2628,A
2-PB1,638,2625,0,1,0,2626,A
2-PB1,639,0,2655,0,0,2655,T
2-PB1,640,2680,0,0,0,2680,A
2-PB1,641,2672,0,5,0,2677,A
2-PB1,642,0,2,2668,0,2670,G
2-PB1,643,2608,0,2,0,2610,A
2-PB1,644,2,0,2609,0,2611,G
2-PB1,645,2460,0,2,0,2462,A
2-PB1,646,1,1,2475,0,2477,G
2-PB1,647,0,1,2461,0,2462,G
2-PB1,648,0,0,0,2461,2461,C
2-PB1,649,0,2455,0,0,2455,T
2-PB1,650,2523,0,1,0,2524,A
2-PB1,651,0,0,0,2659,2659,C
2-PB1,652,0,0,0,2661,2661,C
2-PB1,653,0,2685,0,2,2687,T
2-PB1,654,2792,0,0,0,2792,A
2-PB1,655,2786,0,0,0,2786,A
2-PB1,656,0,2795,0,1,2796,T
2-PB1,657,2789,0,3,0,2792,A
2-PB1,658,2778,0,2,0,2780,A
2-PB1,659,1,1,2777,0,2779,G
2-PB1,660,2682,1,3,0,2686,A
2-PB1,661,1,0,2695,0,2696,G
2-PB1,662,1,1,0,2713,2715,C
2-PB1,663,0,2662,0,2,2664,T
2-PB1,664,0,2683,0,0,2683,T
2-PB1,665,0,2694,0,0,2694,T
2-PB1,666,1,2,2685,0,2688,G
2-PB1,667,2721,0,3,1,2725,A
2-PB1,668,0,0,0,2740,2740,C
2-PB1,669,2734,0,0,0,2734,A
2-PB1,670,0,2721,0,0,2721,T
2-PB1,671,0,2701,0,0,2701,T
2-PB1,672,2,3,2733,0,2738,G
2-PB1,673,2741,1,1,0,2743,A
2-PB1,674,2744,0,3,0,2747,A
2-PB1,675,0,2,0,2757,2759,C
2-PB1,676,2740,0,0,0,2740,A
2-PB1,677,0,1,0,2759,2760,C
2-PB1,678,1,2,2755,0,2758,G
2-PB1,679,2763,0,2,0,2765,A
2-PB1,680,0,2795,0,0,2795,T
2-PB1,681,0,4,2843,0,2847,G
2-PB1,682,2838,0,4,0,2842,A
2-PB1,683,0,2,0,2854,2856,C
2-PB1,684,4,0,0,2853,2857,C
2-PB1,685,2854,0,0,0,2854,A
2-PB1,686,2874,1,0,0,2875,A
2-PB1,687,2865,0,2,0,2867,A
2-PB1,688,1,0,2938,0,2939,G
2-PB1,689,2952,0,0,0,2952,A
2-PB1,690,0,2904,0,3,2907,T
2-PB1,691,0,1,2923,0,2924,G
2-PB1,692,1,0,0,2919,2920,C
2-PB1,693,2916,0,3,0,2919,A
2-PB1,694,0,0,2942,0,2942,G
2-PB1,695,2902,0,2,0,2904,A
2-PB1,696,1,0,2913,0,2914,G
2-PB1,697,2846,0,0,0,2846,A
2-PB1,698,0,1,2829,0,2830,G
2-PB1,699,2805,1,4,0,2810,A
2-PB1,700,0,6,2797,0,2803,G
2-PB1,701,2,0,2800,0,2802,G
2-PB1,702,0,0,0,2808,2808,C
2-PB1,703,2798,0,1,0,2799,A
2-PB1,704,2803,0,1,0,2804,A
2-PB1,705,2819,0,0,0,2819,A
2-PB1,706,0,2820,0,0,2820,T
2-PB1,707,0,2828,0,1,2829,T
2-PB1,708,2825,1,0,0,2826,A
2-PB1,709,2821,0,0,0,2821,A
2-PB1,710,2829,0,0,0,2829,A
2-PB1,711,2837,0,0,0,2837,A
2-PB1,712,2827,0,5,0,2832,A
2-PB1,713,0,0,2832,1,2833,G
2-PB1,714,2806,1,0,0,2807,A
2-PB1,715,2805,0,0,0,2805,A
2-PB1,716,0,6,2830,0,2836,G
2-PB1,717,4,1,2876,0,2881,G
2-PB1,718,0,2,2881,0,2883,G
2-PB1,719,0,2,0,2896,2898,C
2-PB1,720,0,2895,0,2,2897,T
2-PB1,721,2929,0,1,0,2930,A
2-PB1,722,0,2971,0,0,2971,T
2-PB1,723,1,2957,0,2,2960,T
2-PB1,724,1,0,2968,1,2970,G
2-PB1,725,0,1,0,2944,2945,C
2-PB1,726,2878,0,2,0,2880,A
2-PB1,727,2865,0,2,0,2867,A
2-PB1,728,0,0,0,2867,2867,C
2-PB1,729,2839,0,4,0,2843,A
2-PB1,730,1,1,0,2876,2878,C
2-PB1,731,0,0,0,2809,2809,C
2-PB1,732,2,0,0,2816,2818,C
2-PB1,733,1,4,2796,0,2801,G
2-PB1,734,0,1,2812,0,2813,G
2-PB1,735,0,2,2815,0,2817,G
2-PB1,736,2810,0,1,0,2811,A
2-PB1,737,0,2793,0,0,2793,T
2-PB1,738,0,0,2815,0,2815,G
2-PB1,739,1,0,0,2803,2804,C
2-PB1,740,2849,0,4,0,2853,A
2-PB1,741,2905,0,1,0,2906,A
2-PB1,742,2927,0,0,0,2927,A
2-PB1,743,0,2928,0,0,2928,T
2-PB1,744,0,2924,0,0,2924,T
2-PB1,745,2917,0,0,0,2917,A
2-PB1,746,0,0,2920,0,2920,G
2-PB1,747,2883,0,1,0,2884,A
2-PB1,748,3,0,2899,0,2902,G
2-PB1,749,0,2,2864,0,2866,G
2-PB1,750,0,1,2929,0,2930,G
2-PB1,751,0,2907,0,1,2908,T
2-PB1,752,1,2922,0,0,2923,T
2-PB1,753,3,1,0,2928,2932,C
2-PB1,754,1,0,2966,0,2967,G
2-PB1,755,0,2945,0,5,2950,T
2-PB1,756,1,2,2962,0,2965,G
2-PB1,757,0,2952,0,3,2955,T
2-PB1,758,2929,0,0,0,2929,A
2-PB1,759,0,0,0,2929,2929,C
2-PB1,760,0,2753,0,1,2754,T
2-PB1,761,1,2763,0,1,2765,T
2-PB1,762,0,0,0,2744,2744,C
2-PB1,763,2,0,2722,0,2724,G
2-PB1,764,0,2727,0,0,2727,T
2-PB1,765,0,2719,0,2,2721,T
2-PB1,766,0,0,2721,0,2721,G
2-PB1,767,2705,0,1,0,2706,A
2-PB1,768,2714,0,0,0,2714,A
2-PB1,769,2721,0,5,0,2726,A
2-PB1,770,1,1,0,2757,2759,C
2-PB1,771,0,2737,0,0,2737,T
2-PB1,772,0,2714,0,0,2714,T
2-PB1,773,0,2724,0,1,2725,T
2-PB1,774,2741,0,4,0,2745,A
2-PB1,775,0,0,2738,0,2738,G
2-PB1,776,0,1,0,2727,2728,C
2-PB1,777,1,2,2708,0,2711,G
2-PB1,778,2683,0,2,0,2685,A
2-PB1,779,0,2,2719,0,2721,G
2-PB1,780,2714,0,0,0,2714,A
2-PB1,781,2704,0,0,0,2704,A
2-PB1,782,0,1,2726,0,2727,G
2-PB1,783,0,0,0,2699,2699,C
2-PB1,784,2711,0,0,0,2711,A
2-PB1,785,1,2701,0,0,2702,T
2-PB1,786,0,2708,0,1,2709,T
2-PB1,787,1,2697,0,1,2699,T
2-PB1,788,0,0,2705,0,2705,G
2-PB1,789,0,5,0,2698,2703,C
2-PB1,790,0,3,2705,0,2708,G
2-PB1,791,2698,0,2,0,2700,A
2-PB1,792,2695,0,0,0,2695,A
2-PB1,793,2698,0,1,0,2699,A
2-PB1,794,2754,0,0,0,2754,A
2-PB1,795,1,0,2769,0,2770,G
2-PB1,796,0,1,0,2760,2761,C
2-PB1,797,0,2768,0,2,2770,T
2-PB1,798,0,2783,0,1,2784,T
2-PB1,799,0,1,2774,0,2775,G
2-PB1,800,2775,0,1,0,2776,A
2-PB1,801,2769,0,3,0,2772,A
2-PB1,802,1,0,0,2793,2794,C
2-PB1,803,2723,0,1,0,2724,A
2-PB1,804,0,1,2932,0,2933,G
2-PB1,805,0,2897,0,0,2897,T
2-PB1,806,5,1,0,2898,2904,C
2-PB1,807,0,2902,0,1,2903,T
2-PB1,808,1,0,2908,0,2909,G
2-PB1,809,0,1,2908,0,2909,G
2-PB1,810,2902,0,1,0,2903,A
2-PB1,811,0,1,0,2908,2909,C
2-PB1,812,0,2817,0,3,2820,T
2-PB1,813,0,2638,0,1,2639,T
2-PB1,814,1,0,0,2622,2623,C
2-PB1,815,1,0,0,2622,2623,C
2-PB1,816,2,4,2635,0,2641,G
2-PB1,817,0,0,2643,0,2643,G
2-PB1,818,0,2629,0,1,2630,T
2-PB1,819,0,2628,0,2,2630,T
2-PB1,820,0,1,2623,0,2624,G
2-PB1,821,0,1,2626,0,2627,G
2-PB1,822,0,1,2634,0,2635,G
2-PB1,823,0,0,2638,0,2638,G
2-PB1,824,1,0,2656,0,2657,G
2-PB1,825,0,2612,0,1,2613,T
2-PB1,826,2612,0,0,0,2612,A
2-PB1,827,2632,0,0,0,2632,A
2-PB1,828,0,2647,0,0,2647,T
2-PB1,829,0,4,2644,0,2648,G
2-PB1,830,2615,0,0,0,2615,A
2-PB1,831,2597,0,0,0,2597,A
2-PB1,832,2602,1,0,1,2604,A
2-PB1,833,2593,0,1,0,2594,A
2-PB1,834,2,1,2587,0,2590,G
2-PB1,835,2568,0,1,0,2569,A
2-PB1,836,2553,0,0,0,2553,A
2-PB1,837,0,0,2552,0,2552,G
2-PB1,838,0,0,2533,0,2533,G
2-PB1,839,1,0,0,2532,2533,C
2-PB1,840,0,0,1,2535,2536,C
2-PB1,841,2544,0,0,0,2544,A
2-PB1,842,2545,0,0,0,2545,A
2-PB1,843,2537,0,2,0,2539,A
2-PB1,844,0,0,0,2543,2543,C
2-PB1,845,0,2537,0,3,2540,T
2-PB1,846,1,0,2559,0,2560,G
2-PB1,847,1,0,2550,0,2551,G
2-PB1,848,2,0,0,2562,2564,C
2-PB1,849,2568,0,0,0,2568,A
2-PB1,850,2561,0,0,0,2561,A
2-PB1,851,2563,1,0,0,2564,A
2-PB1,852,0,2571,0,0,2571,T
2-PB1,853,0,0,2573,0,2573,G
2-PB1,854,0,2553,0,0,2553,T
2-PB1,855,0,2481,0,1,2482,T
2-PB1,856,0,0,2484,0,2484,G
2-PB1,857,0,2465,0,2,2467,T
2-PB1,858,1,1,2482,0,2484,G
2-PB1,859,2480,0,3,0,2483,A
2-PB1,860,0,3,2489,0,2492,G
2-PB1,861,2487,0,0,0,2487,A
2-PB1,862,2464,1,0,0,2465,A
2-PB1,863,2464,0,1,0,2465,A
2-PB1,864,2472,0,1,0,2473,A
2-PB1,865,2475,0,0,0,2475,A
2-PB1,866,0,2463,0,1,2464,T
2-PB1,867,1,0,2472,0,2473,G
2-PB1,868,2460,0,3,0,2463,A
2-PB1,869,1,2431,0,1,2433,T
2-PB1,870,0,1,2450,0,2451,G
2-PB1,871,2441,1,0,0,2442,A
2-PB1,872,1,0,0,2464,2465,C
2-PB1,873,0,2457,0,0,2457,T
2-PB1,874,2460,0,0,0,2460,A
2-PB1,875,2475,3,0,0,2478,A
2-PB1,876,0,2460,0,0,2460,T
2-PB1,877,1,2481,0,0,2482,T
2-PB1,878,0,0,0,2514,2514,C
2-PB1,879,2502,1,4,0,2507,A
2-PB1,880,0,0,0,2515,2515,C
2-PB1,881,2492,0,0,0,2492,A
2-PB1,882,2486,0,1,0,2487,A
2-PB1,883,0,2,2500,0,2502,G
2-PB1,884,2519,0,3,0,2522,A
2-PB1,885,0,0,0,2529,2529,C
2-PB1,886,2496,0,1,0,2497,A
2-PB1,887,1,0,1,2500,2502,C
2-PB1,888,2478,0,3,1,2482,A
2-PB1,889,0,1,2492,0,2493,G
2-PB1,890,2482,0,0,0,2482,A
2-PB1,891,1,0,2483,0,2484,G
2-PB1,892,1,0,0,2468,2469,C
2-PB1,893,0,2426,1,2,2429,T
2-PB1,894,0,2457,0,1,2458,T
2-PB1,895,0,2439,0,1,2440,T
2-PB1,896,1,0,0,2445,2446,C
2-PB1,897,0,2441,1,1,2443,T
2-PB1,898,0,2435,0,1,2436,T
2-PB1,899,0,2435,1,1,2437,T
2-PB1,900,0,0,0,2437,2437,C
2-PB1,901,2418,0,5,0,2423,A
2-PB1,902,0,1,0,2440,2441,C
2-PB1,903,2400,0,1,0,2401,A
2-PB1,904,2403,0,0,0,2403,A
2-PB1,905,0,2407,0,1,2408,T
2-PB1,906,0,0,0,2452,2452,C
2-PB1,907,2463,0,1,0,2464,A
2-PB1,908,0,1,0,2478,2479,C
2-PB1,909,0,2457,0,1,2458,T
2-PB1,910,1,2,2473,0,2476,G
2-PB1,911,0,2,2445,0,2447,G
2-PB1,912,0,1,2515,0,2516,G
2-PB1,913,1,1,2508,0,2510,G
2-PB1,914,2467,0,0,0,2467,A
2-PB1,915,0,0,0,2384,2384,C
2-PB1,916,2410,0,1,0,2411,A
2-PB1,917,2529,0,0,0,2529,A
2-PB1,918,0,0,0,2553,2553,C
2-PB1,919,2532,0,1,0,2533,A
2-PB1,920,1,1,0,2539,2541,C
2-PB1,921,0,2430,0,0,2430,T
2-PB1,922,2433,0,3,0,2436,A
2-PB1,923,2437,0,0,0,2437,A
2-PB1,924,1,0,2452,0,2453,G
2-PB1,925,0,2432,0,1,2433,T
2-PB1,926,2,1,2268,1,2272,G
2-PB1,927,1,1,2248,0,2250,G
2-PB1,928,2243,1,4,0,2248,A
2-PB1,929,2256,0,0,0,2256,A
2-PB1,930,0,2254,0,0,2254,T
2-PB1,931,0,0,2255,0,2255,G
2-PB1,932,2244,0,2,0,2246,A
2-PB1,933,2215,0,0,0,2215,A
2-PB1,934,2238,0,1,0,2239,A
2-PB1,935,2237,1,1,0,2239,A
2-PB1,936,0,2208,0,1,2209,T
2-PB1,937,2,0,1,2222,2225,C
2-PB1,938,2235,0,0,0,2235,A
2-PB1,939,2240,0,0,0,2240,A
2-PB1,940,2238,0,0,0,2238,A
2-PB1,941,2207,0,1,0,2208,A
2-PB1,942,0,0,0,2241,2241,C
2-PB1,943,1,0,0,2212,2213,C
2-PB1,944,3,2,0,2194,2199,C
2-PB1,945,0,2187,0,1,2188,T
2-PB1,946,0,1,0,2209,2210,C
2-PB1,947,0,4,2205,0,2209,G
2-PB1,948,2206,0,0,0,2206,A
2-PB1,949,2206,0,1,0,2207,A
2-PB1,950,0,2212,0,0,2212,T
2-PB1,951,0,0,2215,0,2215,G
2-PB1,952,0,2192,0,1,2193,T
2-PB1,953,0,2181,0,0,2181,T
2-PB1,954,0,2193,0,1,2194,T
2-PB1,955,0,2198,0,0,2198,T
2-PB1,956,0,2192,0,0,2192,T
2-PB1,957,1,1,2190,0,2192,G
2-PB1,958,1,0,2173,0,2174,G
2-PB1,959,1,1,0,2175,2177,C
2-PB1,960,0,0,2162,0,2162,G
2-PB1,961,2158,0,1,0,2159,A
2-PB1,962,0,2219,0,3,2222,T
2-PB1,963,0,2,2292,0,2294,G
2-PB1,964,2412,0,0,0,2412,A
2-PB1,965,0,2421,0,1,2422,T
2-PB1,966,1,2421,0,0,2422,T
2-PB1,967,2432,0,4,0,2436,A
2-PB1,968,1,4,0,2438,2443,C
2-PB1,969,2450,0,0,0,2450,A
2-PB1,970,0,2431,0,2,2433,T
2-PB1,971,2295,1,1,0,2297,A
2-PB1,972,0,2,0,2322,2324,C
2-PB1,973,2109,0,0,0,2109,A
2-PB1,974,0,2104,0,0,2104,T
2-PB1,975,1,0,0,2098,2099,C
2-PB1,976,2082,0,2,0,2084,A
2-PB1,977,1,1,0,2083,2085,C
2-PB1,978,2078,0,0,0,2078,A
2-PB1,979,2074,0,2,0,2076,A
2-PB1,980,2077,0,1,0,2078,A
2-PB1,981,0,2,1999,0,2001,G
2-PB1,982,2086,0,0,0,2086,A
2-PB1,983,2089,0,2,0,2091,A
2-PB1,984,0,2070,0,0,2070,T
2-PB1,985,0,0,0,2084,2084,C
2-PB1,986,2100,0,1,0,2101,A
2-PB1,987,2098,0,1,0,2099,A
2-PB1,988,1,3,0,2109,2113,C
2-PB1,989,1,0,0,2113,2114,C
2-PB1,990,0,2013,1,1,2015,T
2-PB1,991,0,1,2041,0,2042,G
2-PB1,992,2033,0,0,0,2033,A
2-PB1,993,1,0,2036,0,2037,G
2-PB1,994,0,2012,0,0,2012,T
2-PB1,995,1,1,1970,0,1972,G
2-PB1,996,0,0,2055,0,2055,G
2-PB1,997,0,2029,0,3,2032,T
2-PB1,998,0,2031,0,1,2032,T
2-PB1,999,1,0,0,2042,2043,C
2-PB1,1000,2015,0,2,1,2018,A
2-PB1,1001,0,0,2050,0,2050,G
2-PB1,1002,2041,0,1,0,2042,A
2-PB1,1003,2040,0,0,0,2040,A
2-PB1,1004,2029,0,0,0,2029,A
2-PB1,1005,3,0,0,1835,1838,C
2-PB1,1006,1856,0,0,0,1856,A
2-PB1,1007,0,1830,0,1,1831,T
2-PB1,1008,1,1,0,1861,1863,C
2-PB1,1009,0,0,0,1867,1867,C
2-PB1,1010,0,1787,0,1,1788,T
2-PB1,1011,1,1,1789,0,1791,G
2-PB1,1012,1779,0,2,0,1781,A
2-PB1,1013,1,0,1789,0,1790,G
2-PB1,1014,0,0,0,1787,1787,C
2-PB1,1015,1726,0,0,0,1726,A
2-PB1,1016,0,1707,0,0,1707,T
2-PB1,1017,0,2,0,1705,1707,C
2-PB1,1018,1,2,1699,1,1703,G
2-PB1,1019,0,0,0,1770,1770,C
2-PB1,1020,1780,0,0,0,1780,A
2-PB1,1021,0,1,0,1829,1830,C
2-PB1,1022,0,1,0,1835,1836,C
2-PB1,1023,1836,1,1,0,1838,A
2-PB1,1024,1871,0,1,0,1872,A
2-PB1,1025,1,1868,0,0,1869,T
2-PB1,1026,1876,0,1,0,1877,A
2-PB1,1027,1876,0,0,0,1876,A
2-PB1,1028,0,1820,0,0,1820,T
2-PB1,1029,0,0,1821,0,1821,G
2-PB1,1030,0,1771,0,1,1772,T
2-PB1,1031,0,1747,0,1,1748,T
2-PB1,1032,1,0,0,1766,1767,C
2-PB1,1033,1,1759,0,0,1760,T
2-PB1,1034,1,0,0,1761,1762,C
2-PB1,1035,1772,0,0,1,1773,A
2-PB1,1036,1771,0,0,0,1771,A
2-PB1,1037,1769,0,0,0,1769,A
2-PB1,1038,0,0,0,1780,1780,C
2-PB1,1039,1773,1,0,0,1774,A
2-PB1,1040,1775,0,0,0,1775,A
2-PB1,1041,1763,0,0,0,1763,A
2-PB1,1042,1770,0,1,0,1771,A
2-PB1,1043,0,1767,0,0,1767,T
2-PB1,1044,0,1,1775,0,1776,G
2-PB1,1045,0,2,1756,0,1758,G
2-PB1,1046,0,0,1,1766,1767,C
2-PB1,1047,1758,0,0,0,1758,A
2-PB1,1048,1772,0,0,0,1772,A
2-PB1,1049,0,0,1772,0,1772,G
2-PB1,1050,1757,1,0,0,1758,A
2-PB1,1051,0,1752,0,3,1755,T
2-PB1,1052,0,1792,0,1,1793,T
2-PB1,1053,1,4,1800,0,1805,G
2-PB1,1054,1,0,1805,0,1806,G
2-PB1,1055,0,0,1816,0,1816,G
2-PB1,1056,1818,1,0,0,1819,A
2-PB1,1057,1811,0,0,0,1811,A
2-PB1,1058,1805,0,0,0,1805,A
2-PB1,1059,1801,0,1,0,1802,A
2-PB1,1060,1,2,1850,0,1853,G
2-PB1,1061,0,0,1845,0,1845,G
2-PB1,1062,1845,0,2,0,1847,A
2-PB1,1063,0,1837,0,0,1837,T
2-PB1,1064,1840,0,0,0,1840,A
2-PB1,1065,0,0,0,1846,1846,C
2-PB1,1066,1848,0,0,0,1848,A
2-PB1,1067,0,1832,0,0,1832,T
2-PB1,1068,1,0,1846,0,1847,G
2-PB1,1069,1,1805,0,1,1807,T
2-PB1,1070,0,1796,0,0,1796,T
2-PB1,1071,1,1,0,1799,1801,C
2-PB1,1072,0,2,1803,0,1805,G
2-PB1,1073,1790,1,1,0,1792,A
2-PB1,1074,1,0,1846,0,1847,G
2-PB1,1075,1811,0,3,0,1814,A
2-PB1,1076,0,0,1840,0,1840,G
2-PB1,1077,0,1814,0,1,1815,T
2-PB1,1078,1818,0,0,0,1818,A
2-PB1,1079,1827,0,0,0,1827,A
2-PB1,1080,1,2,1831,0,1834,G
2-PB1,1081,1829,0,3,1,1833,A
2-PB1,1082,1,0,1855,0,1856,G
2-PB1,1083,1819,1,1,0,1821,A
2-PB1,1084,1829,0,1,0,1830,A
2-PB1,1085,0,1823,0,0,1823,T
2-PB1,1086,0,0,1828,0,1828,G
2-PB1,1087,1820,0,3,0,1823,A
2-PB1,1088,1806,0,4,0,1810,A
2-PB1,1089,1,0,1810,0,1811,G
2-PB1,1090,3,0,0,1803,1806,C
2-PB1,1091,0,1765,0,0,1765,T
2-PB1,1092,0,0,1,1785,1786,C
2-PB1,1093,2,1,0,1791,1794,C
2-PB1,1094,1,0,1793,0,1794,G
2-PB1,1095,3,0,1804,0,1807,G
2-PB1,1096,1798,0,3,0,1801,A
2-PB1,1097,1,1,0,1829,1831,C
2-PB1,1098,1818,1,0,0,1819,A
2-PB1,1099,0,0,0,1845,1845,C
2-PB1,1100,1840,0,0,0,1840,A
2-PB1,1101,1837,0,0,0,1837,A
2-PB1,1102,1838,0,0,0,1838,A
2-PB1,1103,0,1842,0,0,1842,T
2-PB1,1104,1835,1,0,1,1837,A
2-PB1,1105,0,0,0,1845,1845,C
2-PB1,1106,0,0,0,1830,1830,C
2-PB1,1107,1,1812,0,2,1815,T
2-PB1,1108,0,0,1822,1,1823,G
2-PB1,1109,0,0,0,1825,1825,C
2-PB1,1110,1826,0,1,0,1827,A
2-PB1,1111,0,1,1831,0,1832,G
2-PB1,1112,1822,0,0,1,1823,A
2-PB1,1113,1824,0,1,0,1825,A
2-PB1,1114,1827,0,0,0,1827,A
2-PB1,1115,0,1826,0,0,1826,T
2-PB1,1116,0,0,1836,0,1836,G
2-PB1,1117,0,1,0,1822,1823,C
2-PB1,1118,0,1822,0,3,1825,T
2-PB1,1119,1849,0,1,0,1850,A
2-PB1,1120,0,0,1837,0,1837,G
2-PB1,1121,0,0,0,1849,1849,C
2-PB1,1122,1852,0,0,1,1853,A
2-PB1,1123,1846,0,2,0,1848,A
2-PB1,1124,2,1,1837,0,1840,G
2-PB1,1125,1,0,0,1838,1839,C
2-PB1,1126,1821,0,2,0,1823,A
2-PB1,1127,0,1844,0,1,1845,T
2-PB1,1128,1,1858,0,0,1859,T
2-PB1,1129,1,1,1906,0,1908,G
2-PB1,1130,1917,0,5,0,1922,A
2-PB1,1131,0,1,0,1917,1918,C
2-PB1,1132,3,2,0,1921,1926,C
2-PB1,1133,0,1906,0,1,1907,T
2-PB1,1134,0,1,1933,0,1934,G
2-PB1,1135,1939,0,0,0,1939,A
2-PB1,1136,1940,1,3,0,1944,A
2-PB1,1137,1,0,1971,0,1972,G
2-PB1,1138,0,1905,0,1,1906,T
2-PB1,1139,1920,0,1,0,1921,A
2-PB1,1140,0,1918,0,0,1918,T
2-PB1,1141,0,1911,0,1,1912,T
2-PB1,1142,0,1912,0,0,1912,T
2-PB1,1143,2,0,0,1910,1912,C
2-PB1,1144,1910,0,0,0,1910,A
2-PB1,1145,1902,0,0,0,1902,A
2-PB1,1146,0,1882,0,1,1883,T
2-PB1,1147,0,1,1889,0,1890,G
2-PB1,1148,1884,0,0,0,1884,A
2-PB1,1149,1885,1,0,0,1886,A
2-PB1,1150,0,1866,0,2,1868,T
2-PB1,1151,2,6,0,1878,1886,C
2-PB1,1152,1889,0,2,0,1891,A
2-PB1,1153,1894,0,1,0,1895,A
2-PB1,1154,0,0,0,1900,1900,C
2-PB1,1155,1893,1,1,0,1895,A
2-PB1,1156,1876,1,1,1,1879,A
2-PB1,1157,3,3,1875,0,1881,G
2-PB1,1158,1,1,1900,0,1902,G
2-PB1,1159,1892,1,2,0,1895,A
2-PB1,1160,1897,0,5,0,1902,A
2-PB1,1161,0,0,1897,0,1897,G
2-PB1,1162,1883,0,1,0,1884,A
2-PB1,1163,1893,0,1,0,1894,A
2-PB1,1164,1889,1,2,0,1892,A
2-PB1,1165,1899,0,0,0,1899,A
2-PB1,1166,0,1882,0,1,1883,T
2-PB1,1167,0,1879,0,0,1879,T
2-PB1,1168,0,0,1879,0,1879,G
2-PB1,1169,1864,0,0,0,1864,A
2-PB1,1170,1,0,1872,0,1873,G
2-PB1,1171,1872,0,0,0,1872,A
2-PB1,1172,1888,0,0,0,1888,A
2-PB1,1173,1911,0,2,0,1913,A
2-PB1,1174,1915,0,1,0,1916,A
2-PB1,1175,0,1909,0,1,1910,T
2-PB1,1176,1914,1,0,1,1916,A
2-PB1,1177,1916,0,1,1,1918,A
2-PB1,1178,0,1,1920,0,1921,G
2-PB1,1179,1,0,1906,0,1907,G
2-PB1,1180,0,0,0,1919,1919,C
2-PB1,1181,3,0,0,1897,1900,C
2-PB1,1182,1,1881,0,5,1887,T
2-PB1,1183,1,1,0,2094,2096,C
2-PB1,1184,0,2123,0,3,2126,T
2-PB1,1185,1,2135,0,0,2136,T
2-PB1,1186,1,3,0,2184,2188,C
2-PB1,1187,0,2183,0,0,2183,T
2-PB1,1188,2188,0,0,0,2188,A
2-PB1,1189,2186,0,0,1,2187,A
2-PB1,1190,0,2186,0,2,2188,T
2-PB1,1191,2198,0,0,0,2198,A
2-PB1,1192,0,0,2143,0,2143,G
2-PB1,1193,1953,0,1,0,1954,A
2-PB1,1194,0,1961,0,0,1961,T
2-PB1,1195,0,1,1936,0,1937,G
2-PB1,1196,2,1,1955,0,1958,G
2-PB1,1197,1,0,0,1958,1959,C
2-PB1,1198,1957,0,0,0,1957,A
2-PB1,1199,0,0,0,1976,1976,C
2-PB1,1200,1934,1,2,0,1937,A
2-PB1,1201,0,0,2007,0,2007,G
2-PB1,1202,0,1,0,1995,1996,C
2-PB1,1203,2005,0,1,0,2006,A
2-PB1,1204,0,2048,0,2,2050,T
2-PB1,1205,1,0,0,2038,2039,C
2-PB1,1206,2060,0,0,0,2060,A
2-PB1,1207,0,2057,0,0,2057,T
2-PB1,1208,0,2048,0,1,2049,T
2-PB1,1209,0,2,2049,0,2051,G
2-PB1,1210,1984,0,1,0,1985,A
2-PB1,1211,0,0,2039,0,2039,G
2-PB1,1212,1,1,1,2026,2029,C
2-PB1,1213,0,0,0,1988,1988,C
2-PB1,1214,1,0,0,2027,2028,C
2-PB1,1215,1,2018,0,2,2021,T
2-PB1,1216,0,1,2217,0,2218,G
2-PB1,1217,0,0,2279,0,2279,G
2-PB1,1218,2243,1,8,0,2252,A
2-PB1,1219,2343,0,0,0,2343,A
2-PB1,1220,0,2299,0,1,2300,T
2-PB1,1221,1,1,2388,0,2390,G
2-PB1,1222,2406,0,3,0,2409,A
2-PB1,1223,0,2454,1,0,2455,T
2-PB1,1224,1,0,2463,0,2464,G
2-PB1,1225,2434,0,2,0,2436,A
2-PB1,1226,1,2417,1,0,2419,T
2-PB1,1227,0,6,2423,0,2429,G
2-PB1,1228,0,1,2451,1,2453,G
2-PB1,1229,2,0,2463,0,2465,G
2-PB1,1230,1,0,1,2458,2460,C
2-PB1,1231,2473,0,2,0,2475,A
2-PB1,1232,0,2502,1,1,2504,T
2-PB1,1233,1,0,2583,0,2584,G
2-PB1,1234,0,2584,2,2,2588,T
2-PB1,1235,0,2597,0,0,2597,T
2-PB1,1236,1,0,0,2610,2611,C
2-PB1,1237,2593,0,1,0,2594,A
2-PB1,1238,2602,1,1,0,2604,A
2-PB1,1239,0,1,0,2612,2613,C
2-PB1,1240,2621,0,0,0,2621,A
2-PB1,1241,0,2611,0,1,2612,T
2-PB1,1242,0,1,2682,1,2684,G
2-PB1,1243,1,4,0,2674,2679,C
2-PB1,1244,0,2693,0,1,2694,T
2-PB1,1245,2726,0,2,0,2728,A
2-PB1,1246,2716,0,0,1,2717,A
2-PB1,1247,0,0,2779,0,2779,G
2-PB1,1248,0,2763,0,2,2765,T
2-PB1,1249,2768,0,1,0,2769,A
2-PB1,1250,0,1,0,2802,2803,C
2-PB1,1251,1,5,2806,1,2813,G
2-PB1,1252,0,1,3012,0,3013,G
2-PB1,1253,0,2985,1,1,2987,T
2-PB1,1254,0,3002,0,1,3003,T
2-PB1,1255,0,2999,0,0,2999,T
2-PB1,1256,0,2989,0,1,2990,T
2-PB1,1257,2988,0,4,0,2992,A
2-PB1,1258,2,2,2980,0,2984,G
2-PB1,1259,1,2,2969,0,2972,G
2-PB1,1260,2921,2,2,1,2926,A
2-PB1,1261,1,1,2906,0,2908,G
2-PB1,1262,0,2942,0,1,2943,T
2-PB1,1263,1,0,0,2964,2965,C
2-PB1,1264,0,2962,0,0,2962,T
2-PB1,1265,2,0,0,2982,2984,C
2-PB1,1266,1,6,2980,2,2989,G
2-PB1,1267,3042,0,0,0,3042,A
2-PB1,1268,0,3064,0,1,3065,T
2-PB1,1269,3071,1,1,0,3073,A
2-PB1,1270,0,0,0,3076,3076,C
2-PB1,1271,0,3042,0,1,3043,T
2-PB1,1272,2,2,3046,0,3050,G
2-PB1,1273,3046,0,1,0,3047,A
2-PB1,1274,3094,0,0,0,3094,A
2-PB1,1275,0,3105,0,0,3105,T
2-PB1,1276,3,2,0,3048,3053,C
2-PB1,1277,1,3046,0,1,3048,T
2-PB1,1278,0,3040,0,0,3040,T
2-PB1,1279,0,3,3052,0,3055,G
2-PB1,1280,1,1,3047,0,3049,G
2-PB1,1281,3028,0,2,0,3030,A
2-PB1,1282,1,0,0,3058,3059,C
2-PB1,1283,3017,0,2,0,3019,A
2-PB1,1284,3041,0,3,0,3044,A
2-PB1,1285,3052,0,0,0,3052,A
2-PB1,1286,3051,1,6,0,3058,A
2-PB1,1287,0,0,3110,0,3110,G
2-PB1,1288,3117,0,1,0,3118,A
2-PB1,1289,3116,0,5,0,3121,A
2-PB1,1290,3119,0,0,1,3120,A
2-PB1,1291,0,3103,0,0,3103,T
2-PB1,1292,3111,0,0,0,3111,A
2-PB1,1293,0,1,0,3233,3234,C
2-PB1,1294,3183,0,5,0,3188,A
2-PB1,1295,0,0,0,3219,3219,C
2-PB1,1296,1,0,0,3190,3191,C
2-PB1,1297,3183,0,1,0,3184,A
2-PB1,1298,3230,0,1,1,3232,A
2-PB1,1299,0,2,3349,0,3351,G
2-PB1,1300,3362,0,3,0,3365,A
2-PB1,1301,1,2,0,3415,3418,C
2-PB1,1302,3356,0,3,0,3359,A
2-PB1,1303,3472,0,3,0,3475,A
2-PB1,1304,0,0,0,3503,3503,C
2-PB1,1305,3551,0,0,0,3551,A
2-PB1,1306,0,3570,0,0,3570,T
2-PB1,1307,3542,0,3,0,3545,A
2-PB1,1308,2,0,0,3614,3616,C
2-PB1,1309,0,3519,0,3,3522,T
2-PB1,1310,1,3,3573,1,3578,G
2-PB1,1311,1,0,3566,0,3567,G
2-PB1,1312,0,3474,1,2,3477,T
2-PB1,1313,3,4,3486,0,3493,G
2-PB1,1314,0,2,3437,1,3440,G
2-PB1,1315,2,0,3457,0,3459,G
2-PB1,1316,3443,0,5,0,3448,A
2-PB1,1317,0,3405,0,0,3405,T
2-PB1,1318,1,2,3412,0,3415,G
2-PB1,1319,0,1,3381,0,3382,G
2-PB1,1320,1,1,3411,0,3413,G
2-PB1,1321,0,28,0,3460,3488,C
2-PB1,1322,0,3459,0,4,3463,T
2-PB1,1323,1,2,0,3500,3503,C
2-PB1,1324,0,1,1,3502,3504,C
2-PB1,1325,3513,0,0,0,3513,A
2-PB1,1326,3505,0,1,1,3507,A
2-PB1,1327,0,3490,0,0,3490,T
2-PB1,1328,0,2,0,3457,3459,C
2-PB1,1329,0,0,0,3451,3451,C
2-PB1,1330,0,3431,0,1,3432,T
2-PB1,1331,2,0,0,3421,3423,C
2-PB1,1332,1,2,0,3428,3431,C
2-PB1,1333,2,0,3432,0,3434,G
2-PB1,1334,3418,0,1,0,3419,A
2-PB1,1335,1,0,0,3438,3439,C
2-PB1,1336,0,0,3448,0,3448,G
2-PB1,1337,3447,0,1,0,3448,A
2-PB1,1338,0,3455,0,0,3455,T
2-PB1,1339,0,3463,0,0,3463,T
2-PB1,1340,0,3466,0,0,3466,T
2-PB1,1341,0,3466,0,1,3467,T
2-PB1,1342,0,3,3475,0,3478,G
2-PB1,1343,1,5,0,3486,3492,C
2-PB1,1344,1,1,0,3477,3479,C
2-PB1,1345,3,2,0,3607,3612,C
2-PB1,1346,0,3576,0,1,3577,T
2-PB1,1347,0,2,0,3734,3736,C
2-PB1,1348,3759,0,0,0,3759,A
2-PB1,1349,0,3774,0,0,3774,T
2-PB1,1350,3777,0,1,0,3778,A
2-PB1,1351,0,0,3822,0,3822,G
2-PB1,1352,0,3747,0,1,3748,T
2-PB1,1353,1,0,3811,0,3812,G
2-PB1,1354,3706,0,0,0,3706,A
2-PB1,1355,3712,0,2,0,3714,A
2-PB1,1356,0,3595,0,0,3595,T
2-PB1,1357,1,0,3602,0,3603,G
2-PB1,1358,0,0,0,3620,3620,C
2-PB1,1359,3608,0,4,0,3612,A
2-PB1,1360,1,0,0,3635,3636,C
2-PB1,1361,2,1,0,3621,3624,C
2-PB1,1362,3609,0,0,0,3609,A
2-PB1,1363,3600,1,0,0,3601,A
2-PB1,1364,3591,0,0,0,3591,A
2-PB1,1365,1,3521,0,3,3525,T
2-PB1,1366,1,0,0,3665,3666,C
2-PB1,1367,3650,0,0,0,3650,A
2-PB1,1368,0,3670,0,0,3670,T
2-PB1,1369,0,1,3671,0,3672,G
2-PB1,1370,3685,1,1,0,3687,A
2-PB1,1371,1,2,3707,0,3710,G
2-PB1,1372,0,0,3710,0,3710,G
2-PB1,1373,2,0,3743,0,3745,G
2-PB1,1374,3728,0,1,0,3729,A
2-PB1,1375,3801,1,2,0,3804,A
2-PB1,1376,0,3827,0,1,3828,T
2-PB1,1377,3818,0,0,0,3818,A
2-PB1,1378,0,0,0,3844,3844,C
2-PB1,1379,3870,0,2,0,3872,A
2-PB1,1380,3847,0,1,1,3849,A
2-PB1,1381,1,2,3835,0,3838,G
2-PB1,1382,2,1,0,3807,3810,C
2-PB1,1383,3780,0,2,0,3782,A
2-PB1,1384,0,2,3857,0,3859,G
2-PB1,1385,0,1,3848,0,3849,G
2-PB1,1386,3817,0,2,0,3819,A
2-PB1,1387,1,3,3844,0,3848,G
2-PB1,1388,0,3763,0,0,3763,T
2-PB1,1389,3,2,3822,0,3827,G
2-PB1,1390,0,0,3842,0,3842,G
2-PB1,1391,3821,0,3,0,3824,A
2-PB1,1392,0,3822,0,1,3823,T
2-PB1,1393,3800,0,0,0,3800,A
2-PB1,1394,0,2,3835,0,3837,G
2-PB1,1395,3876,0,1,0,3877,A
2-PB1,1396,0,3866,0,0,3866,T
2-PB1,1397,0,3859,0,0,3859,T
2-PB1,1398,2,0,0,3958,3960,C
2-PB1,1399,0,3948,0,0,3948,T
2-PB1,1400,3954,2,0,0,3956,A
2-PB1,1401,0,1,0,3958,3959,C
2-PB1,1402,3891,1,5,0,3897,A
2-PB1,1403,2,4,3901,0,3907,G
2-PB1,1404,2,3,3811,0,3816,G
2-PB1,1405,3858,0,4,0,3862,A
2-PB1,1406,1,0,0,3843,3844,C
2-PB1,1407,1,0,0,3796,3797,C
2-PB1,1408,0,3752,1,5,3758,T
2-PB1,1409,1,0,3795,0,3796,G
2-PB1,1410,0,0,0,3779,3779,C
2-PB1,1411,3787,0,1,0,3788,A
2-PB1,1412,3817,0,3,0,3820,A
2-PB1,1413,0,0,3830,0,3830,G
2-PB1,1414,0,3768,0,1,3769,T
2-PB1,1415,0,3786,0,2,3788,T
2-PB1,1416,3743,0,1,0,3744,A
2-PB1,1417,0,0,3759,0,3759,G
2-PB1,1418,0,3723,0,0,3723,T
2-PB1,1419,1,2,3718,0,3721,G
2-PB1,1420,1,0,3719,1,3721,G
2-PB1,1421,2,0,3748,0,3750,G
2-PB1,1422,3742,0,1,0,3743,A
2-PB1,1423,3774,0,0,0,3774,A
2-PB1,1424,0,3755,0,2,3757,T
2-PB1,1425,0,0,0,3771,3771,C
2-PB1,1426,3767,0,5,1,3773,A
2-PB1,1427,3787,0,1,0,3788,A
2-PB1,1428,0,1,0,3763,3764,C
2-PB1,1429,3764,0,1,0,3765,A
2-PB1,1430,0,3690,0,0,3690,T
2-PB1,1431,0,2,3703,0,3705,G
2-PB1,1432,3696,0,4,0,3700,A
2-PB1,1433,2,0,3725,0,3727,G
2-PB1,1434,0,1,0,3707,3708,C
2-PB1,1435,3711,0,1,0,3712,A
2-PB1,1436,3714,0,0,0,3714,A
2-PB1,1437,3720,0,0,0,3720,A
2-PB1,1438,3739,0,0,0,3739,A
2-PB1,1439,3744,0,2,0,3746,A
2-PB1,1440,0,1,3728,0,3729,G
2-PB1,1441,3702,0,2,0,3704,A
2-PB1,1442,3677,0,5,1,3683,A
2-PB1,1443,1,0,3800,0,3801,G
2-PB1,1444,0,3807,0,0,3807,T
2-PB1,1445,1,0,0,3822,3823,C
2-PB1,1446,5,0,0,3832,3837,C
2-PB1,1447,0,3820,0,2,3822,T
2-PB1,1448,3875,0,1,0,3876,A
2-PB1,1449,0,3868,0,2,3870,T
2-PB1,1450,3879,1,0,0,3880,A
2-PB1,1451,0,3878,0,0,3878,T
2-PB1,1452,3788,0,1,0,3789,A
2-PB1,1453,3796,0,0,0,3796,A
2-PB1,1454,3786,0,1,0,3787,A
2-PB1,1455,0,3785,0,0,3785,T
2-PB1,1456,3749,0,0,0,3749,A
2-PB1,1457,3742,0,2,0,3744,A
2-PB1,1458,3756,0,0,0,3756,A
2-PB1,1459,3750,0,2,0,3752,A
2-PB1,1460,0,0,0,3767,3767,C
2-PB1,1461,3593,0,2,0,3595,A
2-PB1,1462,1,5,3596,0,3602,G
2-PB1,1463,0,2,3606,0,3608,G
2-PB1,1464,0,0,3607,0,3607,G
2-PB1,1465,3587,3,6,0,3596,A
2-PB1,1466,2,0,0,3626,3628,C
2-PB1,1467,3610,0,2,0,3612,A
2-PB1,1468,0,3627,0,1,3628,T
2-PB1,1469,0,3627,1,2,3630,T
2-PB1,1470,0,3641,0,0,3641,T
2-PB1,1471,0,0,3632,0,3632,G
2-PB1,1472,3596,0,1,0,3597,A
2-PB1,1473,3624,0,0,0,3624,A
2-PB1,1474,0,3617,0,0,3617,T
2-PB1,1475,1,3564,0,0,3565,T
2-PB1,1476,5,0,0,3583,3588,C
2-PB1,1477,3540,0,0,0,3540,A
2-PB1,1478,0,0,0,3554,3554,C
2-PB1,1479,0,3551,0,0,3551,T
2-PB1,1480,3553,0,0,0,3553,A
2-PB1,1481,0,1,3548,0,3549,G
2-PB1,1482,0,2,0,3551,3553,C
2-PB1,1483,0,3521,0,3,3524,T
2-PB1,1484,0,3572,0,0,3572,T
2-PB1,1485,0,3559,0,0,3559,T
2-PB1,1486,0,3562,0,0,3562,T
2-PB1,1487,0,3565,0,0,3565,T
2-PB1,1488,1,3563,0,0,3564,T
2-PB1,1489,0,3559,0,0,3559,T
2-PB1,1490,3552,3,0,0,3555,A
2-PB1,1491,0,3536,0,0,3536,T
2-PB1,1492,1,0,0,3561,3562,C
2-PB1,1493,0,1,3586,0,3587,G
2-PB1,1494,3684,0,0,0,3684,A
2-PB1,1495,0,3681,0,1,3682,T
2-PB1,1496,3695,0,2,0,3697,A
2-PB1,1497,0,3722,0,5,3727,T
2-PB1,1498,0,0,3719,0,3719,G
2-PB1,1499,0,3,3730,0,3733,G
2-PB1,1500,3751,0,0,0,3751,A
2-PB1,1501,1,3699,0,0,3700,T
2-PB1,1502,0,3702,0,1,3703,T
2-PB1,1503,0,3603,0,1,3604,T
2-PB1,1504,2,1,3614,0,3617,G
2-PB1,1505,0,3584,1,1,3586,T
2-PB1,1506,0,1,3595,1,3597,G
2-PB1,1507,1,1,3568,0,3570,G
2-PB1,1508,1,2,0,3520,3523,C
2-PB1,1509,0,3574,1,3,3578,T
2-PB1,1510,3577,0,0,0,3577,A
2-PB1,1511,3596,0,0,0,3596,A
2-PB1,1512,1,3597,0,2,3600,T
2-PB1,1513,0,3615,0,1,3616,T
2-PB1,1514,0,3608,0,1,3609,T
2-PB1,1515,0,3625,0,0,3625,T
2-PB1,1516,3636,0,4,0,3640,A
2-PB1,1517,0,0,3644,1,3645,G
2-PB1,1518,0,0,0,3658,3658,C
2-PB1,1519,3638,2,1,0,3641,A
2-PB1,1520,0,3609,1,1,3611,T
2-PB1,1521,1,1,3561,0,3563,G
2-PB1,1522,0,1,3600,0,3601,G
2-PB1,1523,3581,0,0,0,3581,A
2-PB1,1524,2,0,3581,0,3583,G
2-PB1,1525,0,0,2,3558,3560,C
2-PB1,1526,0,3549,0,2,3551,T
2-PB1,1527,0,0,3563,0,3563,G
2-PB1,1528,1,0,0,3515,3516,C
2-PB1,1529,3,1,0,3524,3528,C
2-PB1,1530,1,0,0,3576,3577,C
2-PB1,1531,3497,0,1,0,3498,A
2-PB1,1532,2,0,3686,0,3688,G
2-PB1,1533,0,3677,2,0,3679,T
2-PB1,1534,0,3678,1,1,3680,T
2-PB1,1535,0,3679,0,2,3681,T
2-PB1,1536,0,3639,1,2,3642,T
2-PB1,1537,0,2,3631,0,3633,G
2-PB1,1538,0,3,3627,0,3630,G
2-PB1,1539,3610,0,3,0,3613,A
2-PB1,1540,1,2,3627,0,3630,G
2-PB1,1541,1,3379,0,1,3381,T
2-PB1,1542,0,0,3539,0,3539,G
2-PB1,1543,0,3521,0,1,3522,T
2-PB1,1544,2,0,0,3534,3536,C
2-PB1,1545,0,3548,1,0,3549,T
2-PB1,1546,2,0,3564,1,3567,G
2-PB1,1547,0,1,3615,0,3616,G
2-PB1,1548,3619,0,0,0,3619,A
2-PB1,1549,3626,0,0,0,3626,A
2-PB1,1550,0,3608,1,0,3609,T
2-PB1,1551,3395,0,0,0,3395,A
2-PB1,1552,3391,1,2,0,3394,A
2-PB1,1553,3382,0,0,2,3384,A
2-PB1,1554,1,0,0,3386,3387,C
2-PB1,1555,0,2,3353,1,3356,G
2-PB1,1556,3321,1,0,0,3322,A
2-PB1,1557,0,0,3308,1,3309,G
2-PB1,1558,1,3298,1,0,3300,T
2-PB1,1559,2,1,0,3332,3335,C
2-PB1,1560,3319,0,2,0,3321,A
2-PB1,1561,1,0,3363,0,3364,G
2-PB1,1562,1,2,0,3368,3371,C
2-PB1,1563,0,3372,0,0,3372,T
2-PB1,1564,0,1,3485,0,3486,G
2-PB1,1565,3459,0,1,0,3460,A
2-PB1,1566,0,3473,0,0,3473,T
2-PB1,1567,3467,0,6,0,3473,A
2-PB1,1568,0,3423,0,0,3423,T
2-PB1,1569,0,1,3444,0,3445,G
2-PB1,1570,3333,1,1,0,3335,A
2-PB1,1571,0,0,3392,0,3392,G
2-PB1,1572,0,0,3,3388,3391,C
2-PB1,1573,3221,0,0,0,3221,A
2-PB1,1574,1,3233,0,1,3235,T
2-PB1,1575,0,3238,0,2,3240,T
2-PB1,1576,0,1,3278,0,3279,G
2-PB1,1577,0,2,3382,0,3384,G
2-PB1,1578,3342,0,8,0,3350,A
2-PB1,1579,2,0,3345,0,3347,G
2-PB1,1580,0,3249,0,1,3250,T
2-PB1,1581,3247,0,1,0,3248,A
2-PB1,1582,3240,0,2,0,3242,A
2-PB1,1583,0,1,0,3274,3275,C
2-PB1,1584,3253,0,0,1,3254,A
2-PB1,1585,0,1,3303,0,3304,G
2-PB1,1586,0,3003,0,1,3004,T
2-PB1,1587,0,0,3059,0,3059,G
2-PB1,1588,3085,0,2,0,3087,A
2-PB1,1589,0,3090,0,1,3091,T
2-PB1,1590,3085,0,1,0,3086,A
2-PB1,1591,3081,0,0,0,3081,A
2-PB1,1592,3043,0,3,0,3046,A
2-PB1,1593,2,0,3066,0,3068,G
2-PB1,1594,2949,0,1,0,2950,A
2-PB1,1595,2934,0,1,0,2935,A
2-PB1,1596,0,1,0,2960,2961,C
2-PB1,1597,2863,0,5,0,2868,A
2-PB1,1598,2888,0,2,0,2890,A
2-PB1,1599,0,1,0,2906,2907,C
2-PB1,1600,2928,0,1,0,2929,A
2-PB1,1601,0,2925,1,1,2927,T
2-PB1,1602,0,0,2888,0,2888,G
2-PB1,1603,2890,0,3,0,2893,A
2-PB1,1604,0,2881,1,0,2882,T
2-PB1,1605,2879,0,2,0,2881,A
2-PB1,1606,2894,0,1,0,2895,A
2-PB1,1607,2900,1,2,0,2903,A
2-PB1,1608,0,0,0,2927,2927,C
2-PB1,1609,2838,0,0,0,2838,A
2-PB1,1610,2822,0,0,0,2822,A
2-PB1,1611,0,2771,0,1,2772,T
2-PB1,1612,0,2,2776,0,2778,G
2-PB1,1613,2839,0,3,0,2842,A
2-PB1,1614,0,1,0,2845,2846,C
2-PB1,1615,1,1,0,2828,2830,C
2-PB1,1616,0,2765,0,2,2767,T
2-PB1,1617,0,2724,0,0,2724,T
2-PB1,1618,0,3,2728,0,2731,G
2-PB1,1619,0,1,2750,0,2751,G
2-PB1,1620,2766,0,4,0,2770,A
2-PB1,1621,0,2,0,2761,2763,C
2-PB1,1622,1,0,0,2740,2741,C
2-PB1,1623,2717,1,0,0,2718,A
2-PB1,1624,1,0,2747,0,2748,G
2-PB1,1625,1,0,0,2754,2755,C
2-PB1,1626,2761,0,1,0,2762,A
2-PB1,1627,2748,0,0,0,2748,A
2-PB1,1628,0,0,0,2746,2746,C
2-PB1,1629,2724,0,2,1,2727,A
2-PB1,1630,0,0,2771,0,2771,G
2-PB1,1631,0,1,0,2757,2758,C
2-PB1,1632,2,0,0,2763,2765,C
2-PB1,1633,2,0,0,2770,2772,C
2-PB1,1634,2787,0,0,1,2788,A
2-PB1,1635,2785,0,0,1,2786,A
2-PB1,1636,2790,0,0,0,2790,A
2-PB1,1637,0,2778,0,0,2778,T
2-PB1,1638,0,2,2775,0,2777,G
2-PB1,1639,0,1,2709,0,2710,G
2-PB1,1640,0,1,0,2745,2746,C
2-PB1,1641,0,2716,0,5,2721,T
2-PB1,1642,3,0,1,2781,2785,C
2-PB1,1643,1,2767,0,4,2772,T
2-PB1,1644,2,0,0,2803,2805,C
2-PB1,1645,3,0,0,2810,2813,C
2-PB1,1646,2839,0,0,1,2840,A
2-PB1,1647,2839,0,1,0,2840,A
2-PB1,1648,0,2805,0,0,2805,T
2-PB1,1649,0,2804,0,0,2804,T
2-PB1,1650,0,2,2808,0,2810,G
2-PB1,1651,0,2735,0,2,2737,T
2-PB1,1652,0,2735,0,2,2737,T
2-PB1,1653,2,8,0,2731,2741,C
2-PB1,1654,2733,0,0,0,2733,A
2-PB1,1655,0,2721,0,2,2723,T
2-PB1,1656,1,1,1,2735,2738,C
2-PB1,1657,2742,0,0,0,2742,A
2-PB1,1658,2740,0,4,0,2744,A
2-PB1,1659,2746,0,0,0,2746,A
2-PB1,1660,1,2,2795,0,2798,G
2-PB1,1661,2783,1,0,1,2785,A
2-PB1,1662,0,2793,1,0,2794,T
2-PB1,1663,0,2804,0,1,2805,T
2-PB1,1664,2805,0,5,0,2810,A
2-PB1,1665,2,3,0,2888,2893,C
2-PB1,1666,2888,0,1,0,2889,A
2-PB1,1667,0,0,2920,0,2920,G
2-PB1,1668,2907,0,2,0,2909,A
2-PB1,1669,0,2939,0,0,2939,T
2-PB1,1670,2959,1,0,0,2960,A
2-PB1,1671,0,1,0,3147,3148,C
2-PB1,1672,3199,0,1,0,3200,A
2-PB1,1673,0,0,0,3407,3407,C
2-PB1,1674,3381,0,1,1,3383,A
2-PB1,1675,0,3391,0,4,3395,T
2-PB1,1676,3380,0,0,0,3380,A
2-PB1,1677,0,3372,0,0,3372,T
2-PB1,1678,3309,0,2,0,3311,A
2-PB1,1679,1,2,3282,0,3285,G
2-PB1,1680,0,1,3223,1,3225,G
2-PB1,1681,0,3082,0,1,3083,T
2-PB1,1682,0,0,3071,0,3071,G
2-PB1,1683,1,1,0,3176,3178,C
2-PB1,1684,1,1,0,3192,3194,C
2-PB1,1685,3230,0,0,0,3230,A
2-PB1,1686,0,3230,0,7,3237,T
2-PB1,1687,3240,0,3,0,3243,A
2-PB1,1688,1,4,3253,0,3258,G
2-PB1,1689,3191,0,3,1,3195,A
2-PB1,1690,1,0,3221,0,3222,G
2-PB1,1691,0,0,3222,0,3222,G
2-PB1,1692,3094,0,3,0,3097,A
2-PB1,1693,0,3,3110,0,3113,G
2-PB1,1694,3077,0,3,0,3080,A
2-PB1,1695,0,0,0,3082,3082,C
2-PB1,1696,3097,0,1,0,3098,A
2-PB1,1697,1,1,0,3121,3123,C
2-PB1,1698,3119,0,6,0,3125,A
2-PB1,1699,1,0,0,3128,3129,C
2-PB1,1700,3112,0,0,0,3112,A
2-PB1,1701,3129,0,1,0,3130,A
2-PB1,1702,3130,0,0,0,3130,A
2-PB1,1703,1,3121,0,0,3122,T
2-PB1,1704,1,0,0,3129,3130,C
2-PB1,1705,1,1,0,3126,3128,C
2-PB1,1706,3108,2,1,0,3111,A
2-PB1,1707,2,0,3114,0,3116,G
2-PB1,1708,3105,1,0,0,3106,A
2-PB1,1709,1,0,0,3116,3117,C
2-PB1,1710,3087,0,2,0,3089,A
2-PB1,1711,3132,0,1,0,3133,A
2-PB1,1712,0,3,3136,0,3139,G
2-PB1,1713,3114,0,0,0,3114,A
2-PB1,1714,3128,1,1,0,3130,A
2-PB1,1715,0,0,3135,0,3135,G
2-PB1,1716,3121,0,2,0,3123,A
2-PB1,1717,2,3114,0,0,3116,T
2-PB1,1718,1,1,1,3095,3098,C
2-PB1,1719,3112,0,1,0,3113,A
2-PB1,1720,0,3091,0,0,3091,T
2-PB1,1721,0,3087,0,0,3087,T
2-PB1,1722,0,1,1,3103,3105,C
2-PB1,1723,1,1,3109,0,3111,G
2-PB1,1724,3081,0,1,0,3082,A
2-PB1,1725,1,1,3093,0,3095,G
2-PB1,1726,3080,0,0,0,3080,A
2-PB1,1727,0,3160,0,0,3160,T
2-PB1,1728,3174,0,1,0,3175,A
2-PB1,1729,3178,0,0,0,3178,A
2-PB1,1730,3179,0,1,0,3180,A
2-PB1,1731,2,0,3182,0,3184,G
2-PB1,1732,3188,0,1,0,3189,A
2-PB1,1733,3093,0,3,0,3096,A
2-PB1,1734,1,1,3112,0,3114,G
2-PB1,1735,1,0,0,3105,3106,C
2-PB1,1736,0,3075,0,2,3077,T
2-PB1,1737,1,0,3093,0,3094,G
2-PB1,1738,0,3071,0,1,3072,T
2-PB1,1739,3,5,3075,0,3083,G
2-PB1,1740,2,1,3070,0,3073,G
2-PB1,1741,0,2,3086,0,3088,G
2-PB1,1742,3099,0,3,0,3102,A
2-PB1,1743,0,3087,0,0,3087,T
2-PB1,1744,0,2,0,3070,3072,C
2-PB1,1745,3084,0,0,0,3084,A
2-PB1,1746,3098,0,1,0,3099,A
2-PB1,1747,3090,0,1,0,3091,A
2-PB1,1748,0,1,0,3097,3098,C
2-PB1,1749,1,0,0,3085,3086,C
2-PB1,1750,6,1,0,3072,3079,C
2-PB1,1751,3080,0,1,0,3081,A
2-PB1,1752,3128,0,1,1,3130,A
2-PB1,1753,1,3113,0,0,3114,T
2-PB1,1754,1,1,0,3124,3126,C
2-PB1,1755,3098,0,1,0,3099,A
2-PB1,1756,3078,0,1,0,3079,A
2-PB1,1757,1,3,3096,0,3100,G
2-PB1,1758,0,2,3094,0,3096,G
2-PB1,1759,0,0,3074,0,3074,G
2-PB1,1760,3,0,1,3107,3111,C
2-PB1,1761,3054,0,3,0,3057,A
2-PB1,1762,1,2,3134,0,3137,G
2-PB1,1763,0,0,3154,0,3154,G
2-PB1,1764,3165,0,2,0,3167,A
2-PB1,1765,2,0,0,3197,3199,C
2-PB1,1766,0,3168,0,0,3168,T
2-PB1,1767,3250,0,0,0,3250,A
2-PB1,1768,1,3230,0,0,3231,T
2-PB1,1769,0,3231,0,1,3232,T
2-PB1,1770,1,0,3250,0,3251,G
2-PB1,1771,0,0,3233,1,3234,G
2-PB1,1772,0,3184,0,2,3186,T
2-PB1,1773,3204,0,0,0,3204,A
2-PB1,1774,0,3151,1,1,3153,T
2-PB1,1775,1,1,0,3177,3179,C
2-PB1,1776,3110,0,0,1,3111,A
2-PB1,1777,0,0,3133,0,3133,G
2-PB1,1778,3107,0,0,0,3107,A
2-PB1,1779,1,3097,0,0,3098,T
2-PB1,1780,0,2,2967,0,2969,G
2-PB1,1781,0,1,2974,0,2975,G
2-PB1,1782,1,3,2963,0,2967,G
2-PB1,1783,1,2,2972,0,2975,G
2-PB1,1784,4,3,2961,0,2968,G
2-PB1,1785,2955,0,4,0,2959,A
2-PB1,1786,2,0,0,2945,2947,C
2-PB1,1787,1,1,0,2933,2935,C
2-PB1,1788,2953,0,0,0,2953,A
2-PB1,1789,3111,0,1,0,3112,A
2-PB1,1790,3115,0,1,0,3116,A
2-PB1,1791,0,0,0,3191,3191,C
2-PB1,1792,0,3157,0,1,3158,T
2-PB1,1793,0,3156,0,0,3156,T
2-PB1,1794,3167,1,0,0,3168,A
2-PB1,1795,0,3164,0,0,3164,T
2-PB1,1796,3171,0,1,0,3172,A
2-PB1,1797,1,1,0,3184,3186,C
2-PB1,1798,2947,0,0,0,2947,A
2-PB1,1799,2959,0,0,0,2959,A
2-PB1,1800,0,2890,0,0,2890,T
2-PB1,1801,2937,0,0,0,2937,A
2-PB1,1802,0,2932,0,0,2932,T
2-PB1,1803,0,2,0,2925,2927,C
2-PB1,1804,2,1,0,2919,2922,C
2-PB1,1805,1,1,2929,0,2931,G
2-PB1,1806,1,1,2925,0,2927,G
2-PB1,1807,2933,1,0,0,2934,A
2-PB1,1808,2944,0,0,0,2944,A
2-PB1,1809,0,2936,0,0,2936,T
2-PB1,1810,0,1,0,2939,2940,C
2-PB1,1811,1,2930,0,4,2935,T
2-PB1,1812,0,2950,0,0,2950,T
2-PB1,1813,0,0,0,2960,2960,C
2-PB1,1814,2951,0,0,0,2951,A
2-PB1,1815,0,0,0,2971,2971,C
2-PB1,1816,2952,1,0,0,2953,A
2-PB1,1817,0,3127,0,1,3128,T
2-PB1,1818,2,0,0,3154,3156,C
2-PB1,1819,1,0,0,3158,3159,C
2-PB1,1820,2,1,0,3180,3183,C
2-PB1,1821,0,3178,0,6,3184,T
2-PB1,1822,1,2,3190,0,3193,G
2-PB1,1823,3159,0,3,0,3162,A
2-PB1,1824,3153,0,0,0,3153,A
2-PB1,1825,1,0,3179,0,3180,G
2-PB1,1826,0,2959,0,0,2959,T
2-PB1,1827,0,0,0,2981,2981,C
2-PB1,1828,0,2912,0,0,2912,T
2-PB1,1829,2,0,2984,0,2986,G
2-PB1,1830,0,1,0,2983,2984,C
2-PB1,1831,1,2990,0,3,2994,T
2-PB1,1832,0,3002,0,0,3002,T
2-PB1,1833,3001,2,0,0,3003,A
2-PB1,1834,3003,0,1,0,3004,A
2-PB1,1835,3001,0,0,0,3001,A
2-PB1,1836,2937,0,2,0,2939,A
2-PB1,1837,0,2954,0,0,2954,T
2-PB1,1838,1,1,2944,0,2946,G
2-PB1,1839,0,1,2935,0,2936,G
2-PB1,1840,0,2,2951,0,2953,G
2-PB1,1841,2925,0,1,0,2926,A
2-PB1,1842,0,2,2959,0,2961,G
2-PB1,1843,1,1,0,2958,2960,C
2-PB1,1844,0,2964,0,3,2967,T
2-PB1,1845,0,1,2973,0,2974,G
2-PB1,1846,2953,0,1,0,2954,A
2-PB1,1847,0,2972,0,0,2972,T
2-PB1,1848,2,2,2984,1,2989,G
2-PB1,1849,0,0,2978,0,2978,G
2-PB1,1850,2966,0,4,0,2970,A
2-PB1,1851,0,2969,0,1,2970,T
2-PB1,1852,0,0,2969,0,2969,G
2-PB1,1853,2945,0,2,0,2947,A
2-PB1,1854,0,1,2989,0,2990,G
2-PB1,1855,2995,0,1,0,2996,A
2-PB1,1856,2997,0,0,0,2997,A
2-PB1,1857,1,2979,0,0,2980,T
2-PB1,1858,0,2968,0,0,2968,T
2-PB1,1859,2972,1,0,0,2973,A
2-PB1,1860,0,2959,0,2,2961,T
2-PB1,1861,1,3,0,2968,2972,C
2-PB1,1862,0,1,2975,0,2976,G
2-PB1,1863,0,3,2930,0,2933,G
2-PB1,1864,0,2,2930,0,2932,G
2-PB1,1865,0,1,2927,0,2928,G
2-PB1,1866,2917,1,2,0,2920,A
2-PB1,1867,2926,0,2,0,2928,A
2-PB1,1868,0,2,2929,0,2931,G
2-PB1,1869,2921,0,2,0,2923,A
2-PB1,1870,0,1,0,2957,2958,C
2-PB1,1871,1,2941,1,0,2943,T
2-PB1,1872,0,3011,0,0,3011,T
2-PB1,1873,0,3010,1,2,3013,T
2-PB1,1874,0,0,3032,0,3032,G
2-PB1,1875,2,3035,0,0,3037,T
2-PB1,1876,3033,0,0,0,3033,A
2-PB1,1877,3023,0,1,0,3024,A
2-PB1,1878,0,2976,0,1,2977,T
2-PB1,1879,2,2,0,2993,2997,C
2-PB1,1880,2,0,0,2983,2985,C
2-PB1,1881,2,0,0,2949,2951,C
2-PB1,1882,2,1,0,2969,2972,C
2-PB1,1883,1,2947,0,3,2951,T
2-PB1,1884,0,2,2956,0,2958,G
2-PB1,1885,2957,0,1,0,2958,A
2-PB1,1886,2954,0,0,0,2954,A
2-PB1,1887,0,2959,1,3,2963,T
2-PB1,1888,2,0,0,2929,2931,C
2-PB1,1889,2,1,0,2909,2912,C
2-PB1,1890,3,0,1,2888,2892,C
2-PB1,1891,0,2886,0,6,2892,T
2-PB1,1892,0,2915,0,0,2915,T
2-PB1,1893,0,2902,0,1,2903,T
2-PB1,1894,0,0,2909,0,2909,G
2-PB1,1895,0,2895,0,1,2896,T
2-PB1,1896,3,0,0,2888,2891,C
2-PB1,1897,2863,0,2,0,2865,A
2-PB1,1898,2,1,2894,0,2897,G
2-PB1,1899,0,1,0,2878,2879,C
2-PB1,1900,2,0,0,2891,2893,C
2-PB1,1901,2896,0,0,0,2896,A
2-PB1,1902,0,2909,0,0,2909,T
2-PB1,1903,2899,0,0,0,2899,A
2-PB1,1904,2913,0,2,0,2915,A
2-PB1,1905,2916,0,2,0,2918,A
2-PB1,1906,0,0,2943,0,2943,G
2-PB1,1907,2880,0,0,0,2880,A
2-PB1,1908,2894,0,3,0,2897,A
2-PB1,1909,2890,0,3,0,2893,A
2-PB1,1910,0,2873,1,3,2877,T
2-PB1,1911,1,2886,0,0,2887,T
2-PB1,1912,1,2,2894,0,2897,G
2-PB1,1913,2869,0,1,0,2870,A
2-PB1,1914,2,0,2904,0,2906,G
2-PB1,1915,0,2889,0,0,2889,T
2-PB1,1916,2,0,0,2911,2913,C
2-PB1,1917,2,2904,0,2,2908,T
2-PB1,1918,0,1,2964,0,2965,G
2-PB1,1919,0,2962,0,0,2962,T
2-PB1,1920,2988,0,2,0,2990,A
2-PB1,1921,2985,0,2,0,2987,A
2-PB1,1922,2984,0,2,0,2986,A
2-PB1,1923,0,1,0,3003,3004,C
2-PB1,1924,2929,0,0,0,2929,A
2-PB1,1925,2979,1,1,0,2981,A
2-PB1,1926,0,2969,0,0,2969,T
2-PB1,1927,1,0,2950,0,2951,G
2-PB1,1928,0,2,0,2963,2965,C
2-PB1,1929,0,2919,0,0,2919,T
2-PB1,1930,0,0,3008,0,3008,G
2-PB1,1931,0,3008,0,2,3010,T
2-PB1,1932,3053,0,1,0,3054,A
2-PB1,1933,3,0,3059,0,3062,G
2-PB1,1934,0,2983,0,0,2983,T
2-PB1,1935,2964,0,0,0,2964,A
2-PB1,1936,2943,0,0,0,2943,A
2-PB1,1937,0,2916,0,1,2917,T
2-PB1,1938,0,0,2918,0,2918,G
2-PB1,1939,1,3,0,2847,2851,C
2-PB1,1940,0,2,0,2837,2839,C
2-PB1,1941,2781,1,1,0,2783,A
2-PB1,1942,1,1,2794,0,2796,G
2-PB1,1943,1,2,0,2841,2844,C
2-PB1,1944,2,0,0,2845,2847,C
2-PB1,1945,4,1,0,2849,2854,C
2-PB1,1946,2834,0,2,0,2836,A
2-PB1,1947,1,2835,0,1,2837,T
2-PB1,1948,0,2,2851,0,2853,G
2-PB1,1949,1,0,2841,0,2842,G
2-PB1,1950,0,2815,0,2,2817,T
2-PB1,1951,2,0,0,2802,2804,C
2-PB1,1952,2,2,0,2727,2731,C
2-PB1,1953,4,0,2755,0,2759,G
2-PB1,1954,5,1,2761,0,2767,G
2-PB1,1955,2,0,0,2724,2726,C
2-PB1,1956,0,0,1,2756,2757,C
2-PB1,1957,2760,0,1,0,2761,A
2-PB1,1958,2769,0,1,0,2770,A
2-PB1,1959,2774,0,1,0,2775,A
2-PB1,1960,2776,0,0,0,2776,A
2-PB1,1961,2,0,2808,0,2810,G
2-PB1,1962,0,2748,0,0,2748,T
2-PB1,1963,2774,0,0,0,2774,A
2-PB1,1964,1,2762,0,2,2765,T
2-PB1,1965,0,0,2778,0,2778,G
2-PB1,1966,0,0,2808,1,2809,G
2-PB1,1967,2794,0,4,0,2798,A
2-PB1,1968,2828,2,1,0,2831,A
2-PB1,1969,0,2809,0,0,2809,T
2-PB1,1970,2780,0,1,0,2781,A
2-PB1,1971,0,2765,0,0,2765,T
2-PB1,1972,1,0,2752,0,2753,G
2-PB1,1973,2748,0,1,0,2749,A
2-PB1,1974,0,2746,0,1,2747,T
2-PB1,1975,0,0,2653,0,2653,G
2-PB1,1976,0,0,3,2651,2654,C
2-PB1,1977,4,1,0,2630,2635,C
2-PB1,1978,0,0,2642,0,2642,G
2-PB1,1979,0,2640,0,2,2642,T
2-PB1,1980,0,2633,0,3,2636,T
2-PB1,1981,0,0,2650,0,2650,G
2-PB1,1982,1,1,0,2697,2699,C
2-PB1,1983,2705,0,0,0,2705,A
2-PB1,1984,2736,1,0,0,2737,A
2-PB1,1985,0,1,0,2746,2747,C
2-PB1,1986,0,2721,0,0,2721,T
2-PB1,1987,2722,0,0,0,2722,A
2-PB1,1988,0,1,0,2713,2714,C
2-PB1,1989,2717,0,4,0,2721,A
2-PB1,1990,0,1,0,2721,2722,C
2-PB1,1991,2586,0,0,0,2586,A
2-PB1,1992,0,0,0,2778,2778,C
2-PB1,1993,0,2702,0,2,2704,T
2-PB1,1994,6,0,0,2750,2756,C
2-PB1,1995,2,0,0,2751,2753,C
2-PB1,1996,0,2721,0,5,2726,T
2-PB1,1997,2,0,2730,0,2732,G
2-PB1,1998,0,1,2725,0,2726,G
2-PB1,1999,2718,0,0,0,2718,A
2-PB1,2000,0,2718,0,1,2719,T
2-PB1,2001,0,2408,0,0,2408,T
2-PB1,2002,1,0,0,2442,2443,C
2-PB1,2003,0,1,0,2443,2444,C
2-PB1,2004,4,0,0,2451,2455,C
2-PB1,2005,2461,0,0,0,2461,A
2-PB1,2006,2455,0,2,0,2457,A
2-PB1,2007,0,3,2455,0,2458,G
2-PB1,2008,2436,0,2,0,2438,A
2-PB1,2009,0,0,2436,0,2436,G
2-PB1,2010,1,0,2427,0,2428,G
2-PB1,2011,2384,0,0,0,2384,A
2-PB1,2012,2386,0,1,0,2387,A
2-PB1,2013,0,1,0,2386,2387,C
2-PB1,2014,0,1,0,2366,2367,C
2-PB1,2015,0,0,2404,0,2404,G
2-PB1,2016,0,0,0,2389,2389,C
2-PB1,2017,1,2393,0,3,2397,T
2-PB1,2018,2,0,0,2395,2397,C
2-PB1,2019,0,2385,0,0,2385,T
2-PB1,2020,2554,0,0,0,2554,A
2-PB1,2021,0,2541,0,2,2543,T
2-PB1,2022,0,2544,0,1,2545,T
2-PB1,2023,1,0,0,2555,2556,C
2-PB1,2024,0,2461,0,1,2462,T
2-PB1,2025,2456,0,2,0,2458,A
2-PB1,2026,2464,0,0,0,2464,A
2-PB1,2027,2459,0,1,0,2460,A
2-PB1,2028,1,0,0,2468,2469,C
2-PB1,2029,2276,0,0,0,2276,A
2-PB1,2030,1,0,0,2280,2281,C
2-PB1,2031,2250,0,1,0,2251,A
2-PB1,2032,2256,0,1,0,2257,A
2-PB1,2033,0,0,2263,0,2263,G
2-PB1,2034,1,0,0,2253,2254,C
2-PB1,2035,1,3,0,2259,2263,C
2-PB1,2036,2236,0,1,0,2237,A
2-PB1,2037,2232,0,1,0,2233,A
2-PB1,2038,2231,0,1,0,2232,A
2-PB1,2039,0,4,2254,0,2258,G
2-PB1,2040,0,3,2255,0,2258,G
2-PB1,2041,1,0,2227,0,2228,G
2-PB1,2042,1,1,2223,0,2225,G
2-PB1,2043,2211,0,1,0,2212,A
2-PB1,2044,2223,2,0,1,2226,A
2-PB1,2045,0,2233,0,0,2233,T
2-PB1,2046,0,2236,0,0,2236,T
2-PB1,2047,3,0,0,2232,2235,C
2-PB1,2048,1,2201,0,1,2203,T
2-PB1,2049,0,2198,0,2,2200,T
2-PB1,2050,1,2,2205,0,2208,G
2-PB1,2051,2207,0,2,0,2209,A
2-PB1,2052,1,1,2211,0,2213,G
2-PB1,2053,0,1,2200,0,2201,G
2-PB1,2054,2204,0,0,0,2204,A
2-PB1,2055,0,2193,0,0,2193,T
2-PB1,2056,1,0,2191,0,2192,G
2-PB1,2057,2189,0,1,0,2190,A
2-PB1,2058,2185,0,1,0,2186,A
2-PB1,2059,0,1,0,2197,2198,C
2-PB1,2060,2178,0,1,0,2179,A
2-PB1,2061,0,1,2202,0,2203,G
2-PB1,2062,2190,1,1,0,2192,A
2-PB1,2063,0,2193,0,0,2193,T
2-PB1,2064,0,0,2197,0,2197,G
2-PB1,2065,0,2231,0,0,2231,T
2-PB1,2066,2220,0,1,0,2221,A
2-PB1,2067,1,2,0,2216,2219,C
2-PB1,2068,2,1,1,2211,2215,C
2-PB1,2069,2189,0,0,0,2189,A
2-PB1,2070,0,0,2150,0,2150,G
2-PB1,2071,2133,0,2,0,2135,A
2-PB1,2072,2120,0,0,0,2120,A
2-PB1,2073,0,0,2130,0,2130,G
2-PB1,2074,0,2017,0,0,2017,T
2-PB1,2075,0,0,2032,1,2033,G
2-PB1,2076,0,0,0,2025,2025,C
2-PB1,2077,0,2021,0,4,2025,T
2-PB1,2078,0,0,2032,0,2032,G
2-PB1,2079,0,1,0,2014,2015,C
2-PB1,2080,2014,0,1,0,2015,A
2-PB1,2081,2018,0,0,0,2018,A
2-PB1,2082,0,0,0,1994,1994,C
2-PB1,2083,0,1990,0,1,1991,T
2-PB1,2084,0,1980,0,0,1980,T
2-PB1,2085,0,0,1983,0,1983,G
2-PB1,2086,0,1966,0,1,1967,T
2-PB1,2087,0,1962,0,1,1963,T
2-PB1,2088,2,0,0,1972,1974,C
2-PB1,2089,0,3,1974,0,1977,G
2-PB1,2090,1971,0,1,0,1972,A
2-PB1,2091,1,0,1970,0,1971,G
2-PB1,2092,1965,0,1,1,1967,A
2-PB1,2093,1975,0,1,0,1976,A
2-PB1,2094,1975,0,0,0,1975,A
2-PB1,2095,0,1958,0,0,1958,T
2-PB1,2096,0,1962,0,0,1962,T
2-PB1,2097,0,1957,0,0,1957,T
2-PB1,2098,0,1971,0,0,1971,T
2-PB1,2099,0,1959,0,0,1959,T
2-PB1,2100,0,0,0,1965,1965,C
2-PB1,2101,2,0,0,1966,1968,C
2-PB1,2102,1,1,0,1986,1988,C
2-PB1,2103,0,1981,0,1,1982,T
2-PB1,2104,1988,0,0,0,1988,A
2-PB1,2105,0,0,1996,0,1996,G
2-PB1,2106,0,1988,0,2,1990,T
2-PB1,2107,2005,2,0,0,2007,A
2-PB1,2108,0,0,2015,0,2015,G
2-PB1,2109,0,1989,0,1,1990,T
2-PB1,2110,0,2042,1,2,2045,T
2-PB1,2111,3,1,0,2066,2070,C
2-PB1,2112,2083,0,0,0,2083,A
2-PB1,2113,0,2086,0,2,2088,T
2-PB1,2114,2081,0,0,0,2081,A
2-PB1,2115,0,2085,1,0,2086,T
2-PB1,2116,1991,0,2,0,1993,A
2-PB1,2117,0,1,1978,0,1979,G
2-PB1,2118,1,0,1971,0,1972,G
2-PB1,2119,1739,0,0,0,1739,A
2-PB1,2120,0,1,1736,0,1737,G
2-PB1,2121,1621,0,2,0,1623,A
2-PB1,2122,0,0,0,1625,1625,C
2-PB1,2123,1,0,0,1560,1561,C
2-PB1,2124,0,0,1563,0,1563,G
2-PB1,2125,1557,0,0,0,1557,A
2-PB1,2126,0,1551,0,0,1551,T
2-PB1,2127,1,1552,0,0,1553,T
2-PB1,2128,0,0,1548,0,1548,G
2-PB1,2129,0,0,1547,0,1547,G
2-PB1,2130,1550,0,0,0,1550,A
2-PB1,2131,1552,0,0,0,1552,A
2-PB1,2132,0,1548,0,0,1548,T
2-PB1,2133,0,1549,0,0,1549,T
2-PB1,2134,0,1548,0,0,1548,T
2-PB1,2135,0,0,0,1542,1542,C
2-PB1,2136,0,1548,0,1,1549,T
2-PB1,2137,1538,0,5,0,1543,A
2-PB1,2138,0,0,1560,0,1560,G
2-PB1,2139,1,0,0,1552,1553,C
2-PB1,2140,1551,0,1,0,1552,A
2-PB1,2141,0,1545,1,0,1546,T
2-PB1,2142,0,1,1521,0,1522,G
2-PB1,2143,0,1,1551,0,1552,G
2-PB1,2144,0,1539,0,1,1540,T
2-PB1,2145,0,0,1546,0,1546,G
2-PB1,2146,0,0,1536,1,1537,G
2-PB1,2147,1513,0,5,0,1518,A
2-PB1,2148,1,0,1530,0,1531,G
2-PB1,2149,0,0,1522,0,1522,G
2-PB1,2150,1,0,0,1502,1503,C
2-PB1,2151,1,1,0,1491,1493,C
2-PB1,2152,1416,0,1,0,1417,A
2-PB1,2153,0,1421,1,0,1422,T
2-PB1,2154,1,0,1430,0,1431,G
2-PB1,2155,1,0,1436,0,1437,G
2-PB1,2156,0,1401,0,0,1401,T
2-PB1,2157,1,0,1412,0,1413,G
2-PB1,2158,0,1382,0,2,1384,T
2-PB1,2159,0,0,0,1368,1368,C
2-PB1,2160,0,1382,0,1,1383,T
2-PB1,2161,1365,0,0,0,1365,A
2-PB1,2162,0,1,1357,0,1358,G
2-PB1,2163,0,1,1309,0,1310,G
2-PB1,2164,1,1,1292,0,1294,G
2-PB1,2165,0,1,0,1268,1269,C
2-PB1,2166,0,0,0,1210,1210,C
2-PB1,2167,1,0,0,1206,1207,C
2-PB1,2168,2,0,1211,0,1213,G
2-PB1,2169,0,0,1223,0,1223,G
2-PB1,2170,1218,0,2,0,1220,A
2-PB1,2171,0,1214,0,0,1214,T
2-PB1,2172,0,1183,0,0,1183,T
2-PB1,2173,0,0,1171,0,1171,G
2-PB1,2174,1162,0,0,0,1162,A
2-PB1,2175,1,1174,0,0,1175,T
2-PB1,2176,0,0,1173,0,1173,G
2-PB1,2177,1,0,0,1153,1154,C
2-PB1,2178,0,0,0,1151,1151,C
2-PB1,2179,1145,0,1,0,1146,A
2-PB1,2180,0,0,1149,0,1149,G
2-PB1,2181,1146,0,0,0,1146,A
2-PB1,2182,1152,0,0,0,1152,A
2-PB1,2183,0,1143,0,2,1145,T
2-PB1,2184,0,1126,0,0,1126,T
2-PB1,2185,0,0,1127,1,1128,G
2-PB1,2186,1116,0,0,0,1116,A
2-PB1,2187,0,1,0,1122,1123,C
2-PB1,2188,0,1110,0,1,1111,T
2-PB1,2189,0,1100,0,0,1100,T
2-PB1,2190,0,1071,0,0,1071,T
2-PB1,2191,0,1,1075,0,1076,G
2-PB1,2192,1073,1,0,0,1074,A
2-PB1,2193,1,0,1075,0,1076,G
2-PB1,2194,0,1081,0,1,1082,T
2-PB1,2195,0,0,0,1079,1079,C
2-PB1,2196,1,1082,0,0,1083,T
2-PB1,2197,0,0,1082,0,1082,G
2-PB1,2198,1,0,1083,0,1084,G
2-PB1,2199,1080,0,0,0,1080,A
2-PB1,2200,1019,0,1,0,1020,A
2-PB1,2201,0,0,1026,0,1026,G
2-PB1,2202,0,2,1027,0,1029,G
2-PB1,2203,1026,0,0,0,1026,A
2-PB1,2204,0,1022,0,0,1022,T
2-PB1,2205,1,1024,0,1,1026,T
2-PB1,2206,1021,0,0,0,1021,A
2-PB1,2207,1020,0,0,0,1020,A
2-PB1,2208,0,0,1023,0,1023,G
2-PB1,2209,1016,0,0,0,1016,A
2-PB1,2210,962,0,0,0,962,A
2-PB1,2211,0,0,898,0,898,G
2-PB1,2212,0,1,892,0,893,G
2-PB1,2213,891,0,1,0,892,A
2-PB1,2214,890,0,0,0,890,A
2-PB1,2215,0,0,885,0,885,G
2-PB1,2216,833,0,0,0,833,A
2-PB1,2217,0,0,834,0,834,G
2-PB1,2218,0,793,0,0,793,T
2-PB1,2219,0,784,0,0,784,T
2-PB1,2220,1,0,0,788,789,C
2-PB1,2221,0,767,0,1,768,T
2-PB1,2222,0,1,0,769,770,C
2-PB1,2223,1,768,0,0,769,T
2-PB1,2224,0,0,768,0,768,G
2-PB1,2225,743,0,0,0,743,A
2-PB1,2226,0,0,740,0,740,G
2-PB1,2227,727,0,0,0,727,A
2-PB1,2228,1,707,0,0,708,T
2-PB1,2229,1,0,0,669,670,C
2-PB1,2230,676,0,0,0,676,A
2-PB1,2231,0,672,1,1,674,T
2-PB1,2232,2,0,676,0,678,G
2-PB1,2233,671,1,0,0,672,A
2-PB1,2234,664,0,1,0,665,A
2-PB1,2235,0,0,658,0,658,G
2-PB1,2236,650,0,0,0,650,A
2-PB1,2237,0,641,0,1,642,T
2-PB1,2238,0,0,0,638,638,C
2-PB1,2239,0,589,0,0,589,T
2-PB1,2240,0,0,590,0,590,G
2-PB1,2241,0,589,0,0,589,T
2-PB1,2242,0,581,0,0,581,T
2-PB1,2243,0,0,0,576,576,C
2-PB1,2244,1,2,0,538,541,C
2-PB1,2245,541,0,1,0,542,A
2-PB1,2246,0,0,0,539,539,C
2-PB1,2247,1,0,0,518,519,C
2-PB1,2248,508,0,0,0,508,A
2-PB1,2249,0,468,0,0,468,T
2-PB1,2250,0,450,0,0,450,T
2-PB1,2251,0,0,450,0,450,G
2-PB1,2252,449,0,0,0,449,A
2-PB1,2253,447,0,0,0,447,A
2-PB1,2254,1,0,445,0,446,G
2-PB1,2255,396,0,0,0,396,A
2-PB1,2256,395,0,0,0,395,A
2-PB1,2257,0,0,0,394,394,C
2-PB1,2258,0,381,0,0,381,T
2-PB1,2259,0,0,0,380,380,C
2-PB1,2260,359,0,0,0,359,A
2-PB1,2261,0,0,362,0,362,G
2-PB1,2262,355,0,0,0,355,A
2-PB1,2263,0,0,0,346,346,C
2-PB1,2264,0,0,341,0,341,G
2-PB1,2265,0,0,325,0,325,G
2-PB1,2266,0,0,0,322,322,C
2-PB1,2267,324,0,0,0,324,A
2-PB1,2268,322,0,0,0,322,A
2-PB1,2269,317,0,0,0,317,A
2-PB1,2270,314,0,2,0,316,A
2-PB1,2271,313,0,1,0,314,A
2-PB1,2272,0,313,0,0,313,T
2-PB1,2273,296,0,0,0,296,A
2-PB1,2274,294,0,0,0,294,A
3-PA,1,60,0,0,0,60,A
3-PA,2,0,61,0,0,61,T
3-PA,3,0,0,67,0,67,G
3-PA,4,0,0,68,0,68,G
3-PA,5,68,0,0,0,68,A
3-PA,6,68,0,0,0,68,A
3-PA,7,0,0,69,0,69,G
3-PA,8,74,0,0,0,74,A
3-PA,9,0,76,0,0,76,T
3-PA,10,0,77,0,0,77,T
3-PA,11,0,81,0,0,81,T
3-PA,12,0,81,0,0,81,T
3-PA,13,0,0,85,0,85,G
3-PA,14,0,82,0,0,82,T
3-PA,15,0,0,85,0,85,G
3-PA,16,0,0,0,88,88,C
3-PA,17,0,0,87,0,87,G
3-PA,18,94,0,0,0,94,A
3-PA,19,0,0,0,98,98,C
3-PA,20,97,0,0,0,97,A
3-PA,21,98,0,0,0,98,A
3-PA,22,0,104,0,0,104,T
3-PA,23,0,0,113,0,113,G
3-PA,24,0,0,0,116,116,C
3-PA,25,0,114,0,0,114,T
3-PA,26,0,116,0,0,116,T
3-PA,27,0,0,0,117,117,C
3-PA,28,117,0,0,0,117,A
3-PA,29,122,0,0,0,122,A
3-PA,30,0,1,0,123,124,C
3-PA,31,0,0,0,122,122,C
3-PA,32,0,0,0,123,123,C
3-PA,33,0,0,127,0,127,G
3-PA,34,124,0,0,0,124,A
3-PA,35,0,124,0,0,124,T
3-PA,36,0,0,127,0,127,G
3-PA,37,127,0,0,0,127,A
3-PA,38,0,128,0,0,128,T
3-PA,39,0,130,0,0,130,T
3-PA,40,0,0,133,0,133,G
3-PA,41,0,134,0,0,134,T
3-PA,42,0,0,0,134,134,C
3-PA,43,0,0,132,0,132,G
3-PA,44,135,0,0,0,135,A
3-PA,45,134,0,0,0,134,A
3-PA,46,0,0,0,133,133,C
3-PA,47,0,134,0,0,134,T
3-PA,48,0,134,0,0,134,T
3-PA,49,0,0,135,0,135,G
3-PA,50,0,0,0,136,136,C
3-PA,51,138,0,0,0,138,A
3-PA,52,0,0,139,0,139,G
3-PA,53,139,0,0,0,139,A
3-PA,54,138,0,0,0,138,A
3-PA,55,139,0,0,0,139,A
3-PA,56,137,0,0,0,137,A
3-PA,57,142,0,0,0,142,A
3-PA,58,1,0,146,0,147,G
3-PA,59,0,0,0,151,151,C
3-PA,60,151,0,0,0,151,A
3-PA,61,161,0,0,0,161,A
3-PA,62,0,161,0,0,161,T
3-PA,63,0,0,165,0,165,G
3-PA,64,166,0,1,0,167,A
3-PA,65,166,0,0,0,166,A
3-PA,66,169,0,0,0,169,A
3-PA,67,0,0,178,0,178,G
3-PA,68,197,0,0,0,197,A
3-PA,69,0,0,231,0,231,G
3-PA,70,0,234,0,0,234,T
3-PA,71,234,0,0,0,234,A
3-PA,72,0,232,0,0,232,T
3-PA,73,0,1,236,0,237,G
3-PA,74,0,0,233,0,233,G
3-PA,75,0,0,236,0,236,G
3-PA,76,0,0,235,0,235,G
3-PA,77,236,0,0,0,236,A
3-PA,78,0,0,235,0,235,G
3-PA,79,0,0,237,0,237,G
3-PA,80,236,0,0,0,236,A
3-PA,81,0,234,0,0,234,T
3-PA,82,0,0,0,237,237,C
3-PA,83,0,237,0,0,237,T
3-PA,84,0,0,238,0,238,G
3-PA,85,235,0,0,0,235,A
3-PA,86,233,0,0,0,233,A
3-PA,87,237,0,0,0,237,A
3-PA,88,238,0,0,0,238,A
3-PA,89,0,238,0,0,238,T
3-PA,90,0,237,0,0,237,T
3-PA,91,0,0,240,0,240,G
3-PA,92,237,0,0,0,237,A
3-PA,93,240,0,0,0,240,A
3-PA,94,238,0,0,1,239,A
3-PA,95,1,0,0,239,240,C
3-PA,96,241,0,0,0,241,A
3-PA,97,245,0,0,0,245,A
3-PA,98,243,0,0,0,243,A
3-PA,99,0,0,0,249,249,C
3-PA,100,250,0,0,0,250,A
3-PA,101,249,0,0,0,249,A
3-PA,102,250,0,0,0,250,A
3-PA,103,0,249,0,1,250,T
3-PA,104,0,250,0,0,250,T
3-PA,105,0,251,0,0,251,T
3-PA,106,0,0,249,0,249,G
3-PA,107,0,1,0,250,251,C
3-PA,108,252,0,0,0,252,A
3-PA,109,0,0,263,0,263,G
3-PA,110,0,0,0,265,265,C
3-PA,111,287,0,0,0,287,A
3-PA,112,293,0,0,0,293,A
3-PA,113,0,292,0,0,292,T
3-PA,114,296,0,0,0,296,A
3-PA,115,0,295,0,0,295,T
3-PA,116,1,0,300,0,301,G
3-PA,117,0,0,0,302,302,C
3-PA,118,302,0,0,0,302,A
3-PA,119,0,0,0,303,303,C
3-PA,120,0,302,0,0,302,T
3-PA,121,0,0,1,385,386,C
3-PA,122,394,0,0,0,394,A
3-PA,123,0,0,0,403,403,C
3-PA,124,0,403,0,1,404,T
3-PA,125,0,398,0,0,398,T
3-PA,126,0,0,400,0,400,G
3-PA,127,0,0,399,0,399,G
3-PA,128,403,0,0,0,403,A
3-PA,129,0,0,408,0,408,G
3-PA,130,0,0,408,0,408,G
3-PA,131,1,392,0,0,393,T
3-PA,132,0,0,414,0,414,G
3-PA,133,0,413,0,0,413,T
3-PA,134,0,0,426,0,426,G
3-PA,135,0,427,0,1,428,T
3-PA,136,0,419,0,0,419,T
3-PA,137,0,427,0,0,427,T
3-PA,138,1,1,0,428,430,C
3-PA,139,431,0,0,0,431,A
3-PA,140,0,432,0,0,432,T
3-PA,141,0,1,443,0,444,G
3-PA,142,0,439,0,0,439,T
3-PA,143,450,0,0,0,450,A
3-PA,144,0,447,0,0,447,T
3-PA,145,0,449,0,0,449,T
3-PA,146,0,0,0,453,453,C
3-PA,147,451,0,0,0,451,A
3-PA,148,0,0,461,0,461,G
3-PA,149,459,0,0,0,459,A
3-PA,150,0,462,0,0,462,T
3-PA,151,0,463,0,0,463,T
3-PA,152,0,461,0,1,462,T
3-PA,153,0,0,0,460,460,C
3-PA,154,1,0,0,469,470,C
3-PA,155,465,0,0,0,465,A
3-PA,156,0,468,0,0,468,T
3-PA,157,0,466,0,0,466,T
3-PA,158,0,465,0,0,465,T
3-PA,159,1,0,0,468,469,C
3-PA,160,466,0,2,0,468,A
3-PA,161,0,484,0,1,485,T
3-PA,162,0,0,0,488,488,C
3-PA,163,488,0,0,0,488,A
3-PA,164,487,0,0,0,487,A
3-PA,165,0,488,0,0,488,T
3-PA,166,0,0,503,0,503,G
3-PA,167,504,0,0,0,504,A
3-PA,168,499,0,2,0,501,A
3-PA,169,0,0,0,504,504,C
3-PA,170,498,0,1,0,499,A
3-PA,171,495,0,1,0,496,A
3-PA,172,0,0,498,0,498,G
3-PA,173,0,0,498,0,498,G
3-PA,174,0,0,0,499,499,C
3-PA,175,0,1,498,0,499,G
3-PA,176,519,0,0,0,519,A
3-PA,177,517,0,0,0,517,A
3-PA,178,0,518,0,0,518,T
3-PA,179,0,0,0,527,527,C
3-PA,180,526,0,1,0,527,A
3-PA,181,528,0,0,0,528,A
3-PA,182,0,534,0,0,534,T
3-PA,183,533,0,0,0,533,A
3-PA,184,0,0,546,0,546,G
3-PA,185,0,545,0,0,545,T
3-PA,186,0,0,552,0,552,G
3-PA,187,0,0,550,0,550,G
3-PA,188,0,536,0,0,536,T
3-PA,189,543,0,0,0,543,A
3-PA,190,0,0,549,0,549,G
3-PA,191,546,0,1,0,547,A
3-PA,192,545,0,0,0,545,A
3-PA,193,0,0,0,545,545,C
3-PA,194,0,540,0,0,540,T
3-PA,195,0,537,0,0,537,T
3-PA,196,0,0,541,0,541,G
3-PA,197,535,0,0,0,535,A
3-PA,198,0,0,0,536,536,C
3-PA,199,0,1,539,0,540,G
3-PA,200,551,0,0,0,551,A
3-PA,201,0,552,0,1,553,T
3-PA,202,1,0,0,564,565,C
3-PA,203,0,0,0,567,567,C
3-PA,204,573,0,0,0,573,A
3-PA,205,574,0,0,1,575,A
3-PA,206,581,0,0,0,581,A
3-PA,207,0,579,0,1,580,T
3-PA,208,0,0,579,0,579,G
3-PA,209,0,0,0,569,569,C
3-PA,210,571,0,1,0,572,A
3-PA,211,0,0,0,592,592,C
3-PA,212,0,586,0,1,587,T
3-PA,213,1,0,670,0,671,G
3-PA,214,0,666,0,1,667,T
3-PA,215,0,664,0,0,664,T
3-PA,216,665,0,2,0,667,A
3-PA,217,664,0,1,0,665,A
3-PA,218,669,0,0,0,669,A
3-PA,219,0,1,665,0,666,G
3-PA,220,0,0,0,665,665,C
3-PA,221,649,1,0,0,650,A
3-PA,222,0,0,0,652,652,C
3-PA,223,620,0,0,0,620,A
3-PA,224,1,0,648,0,649,G
3-PA,225,644,0,0,0,644,A
3-PA,226,0,646,0,0,646,T
3-PA,227,0,647,0,0,647,T
3-PA,228,0,648,0,0,648,T
3-PA,229,0,0,646,0,646,G
3-PA,230,645,0,1,0,646,A
3-PA,231,650,0,0,0,650,A
3-PA,232,650,0,1,0,651,A
3-PA,233,0,644,0,0,644,T
3-PA,234,643,0,0,0,643,A
3-PA,235,645,0,0,0,645,A
3-PA,236,0,649,0,0,649,T
3-PA,237,0,0,0,650,650,C
3-PA,238,0,1,649,0,650,G
3-PA,239,635,0,0,0,635,A
3-PA,240,0,1,641,0,642,G
3-PA,241,0,0,654,0,654,G
3-PA,242,0,0,651,0,651,G
3-PA,243,0,0,648,0,648,G
3-PA,244,641,0,0,0,641,A
3-PA,245,0,0,644,0,644,G
3-PA,246,654,0,1,0,655,A
3-PA,247,1,0,667,0,668,G
3-PA,248,665,0,0,0,665,A
3-PA,249,0,0,0,665,665,C
3-PA,250,658,0,0,0,658,A
3-PA,251,0,0,677,0,677,G
3-PA,252,678,0,0,0,678,A
3-PA,253,686,0,1,0,687,A
3-PA,254,0,0,0,684,684,C
3-PA,255,663,0,0,0,663,A
3-PA,256,662,0,0,0,662,A
3-PA,257,0,657,0,1,658,T
3-PA,258,0,0,692,0,692,G
3-PA,259,0,0,687,0,687,G
3-PA,260,0,0,0,687,687,C
3-PA,261,0,0,0,696,696,C
3-PA,262,0,683,0,2,685,T
3-PA,263,1,1,707,0,709,G
3-PA,264,0,0,705,0,705,G
3-PA,265,708,0,0,0,708,A
3-PA,266,0,0,0,711,711,C
3-PA,267,681,0,1,0,682,A
3-PA,268,0,1,785,0,786,G
3-PA,269,0,785,0,1,786,T
3-PA,270,804,0,0,0,804,A
3-PA,271,0,0,799,0,799,G
3-PA,272,0,786,0,0,786,T
3-PA,273,788,0,0,0,788,A
3-PA,274,789,0,1,0,790,A
3-PA,275,785,0,0,0,785,A
3-PA,276,0,0,0,793,793,C
3-PA,277,724,0,0,0,724,A
3-PA,278,0,0,736,0,736,G
3-PA,279,0,725,0,0,725,T
3-PA,280,743,0,0,0,743,A
3-PA,281,0,739,0,0,739,T
3-PA,282,0,0,0,758,758,C
3-PA,283,0,752,0,1,753,T
3-PA,284,0,0,757,0,757,G
3-PA,285,0,1,0,754,755,C
3-PA,286,747,1,0,0,748,A
3-PA,287,741,0,1,0,742,A
3-PA,288,0,0,0,741,741,C
3-PA,289,738,0,1,0,739,A
3-PA,290,0,0,0,766,766,C
3-PA,291,0,750,0,1,751,T
3-PA,292,753,0,0,0,753,A
3-PA,293,0,0,0,755,755,C
3-PA,294,0,750,0,1,751,T
3-PA,295,0,0,750,0,750,G
3-PA,296,0,0,751,0,751,G
3-PA,297,741,0,0,0,741,A
3-PA,298,0,0,740,0,740,G
3-PA,299,0,0,0,727,727,C
3-PA,300,0,727,0,3,730,T
3-PA,301,0,0,730,0,730,G
3-PA,302,0,0,732,0,732,G
3-PA,303,724,0,0,0,724,A
3-PA,304,731,0,0,0,731,A
3-PA,305,726,0,0,0,726,A
3-PA,306,726,0,0,0,726,A
3-PA,307,0,0,0,732,732,C
3-PA,308,0,0,0,727,727,C
3-PA,309,0,0,728,0,728,G
3-PA,310,730,0,0,0,730,A
3-PA,311,726,0,1,0,727,A
3-PA,312,0,1,736,0,737,G
3-PA,313,0,735,0,1,736,T
3-PA,314,0,737,0,0,737,T
3-PA,315,0,732,0,0,732,T
3-PA,316,1,0,0,737,738,C
3-PA,317,0,737,0,0,737,T
3-PA,318,737,0,1,0,738,A
3-PA,319,0,1,0,737,738,C
3-PA,320,2,1,0,735,738,C
3-PA,321,733,0,0,0,733,A
3-PA,322,0,0,742,0,742,G
3-PA,323,744,0,0,0,744,A
3-PA,324,0,743,0,0,743,T
3-PA,325,0,740,0,1,741,T
3-PA,326,0,743,0,0,743,T
3-PA,327,0,0,748,0,748,G
3-PA,328,0,744,0,1,745,T
3-PA,329,748,0,0,0,748,A
3-PA,330,0,751,0,0,751,T
3-PA,331,0,1,741,0,742,G
3-PA,332,779,0,0,0,779,A
3-PA,333,0,777,0,0,777,T
3-PA,334,1,776,0,1,778,T
3-PA,335,778,0,0,0,778,A
3-PA,336,0,1,0,783,784,C
3-PA,337,782,0,0,0,782,A
3-PA,338,785,0,0,0,785,A
3-PA,339,0,0,787,0,787,G
3-PA,340,0,2,790,0,792,G
3-PA,341,771,0,0,0,771,A
3-PA,342,0,1,782,0,783,G
3-PA,343,782,0,1,0,783,A
3-PA,344,783,0,0,0,783,A
3-PA,345,0,0,0,786,786,C
3-PA,346,783,0,0,0,783,A
3-PA,347,0,0,787,0,787,G
3-PA,348,780,0,1,0,781,A
3-PA,349,0,777,0,0,777,T
3-PA,350,0,770,0,0,770,T
3-PA,351,0,0,0,773,773,C
3-PA,352,770,0,0,0,770,A
3-PA,353,0,768,0,1,769,T
3-PA,354,0,0,0,771,771,C
3-PA,355,1,1,769,0,771,G
3-PA,356,774,0,0,0,774,A
3-PA,357,772,0,1,0,773,A
3-PA,358,777,0,0,0,777,A
3-PA,359,0,773,0,0,773,T
3-PA,360,0,774,0,0,774,T
3-PA,361,0,1,773,0,774,G
3-PA,362,0,0,771,0,771,G
3-PA,363,0,0,767,0,767,G
3-PA,364,0,0,778,0,778,G
3-PA,365,1,760,0,0,761,T
3-PA,366,0,0,780,0,780,G
3-PA,367,777,0,2,0,779,A
3-PA,368,0,0,0,791,791,C
3-PA,369,792,0,1,0,793,A
3-PA,370,792,0,0,0,792,A
3-PA,371,0,1,797,0,798,G
3-PA,372,0,1,801,0,802,G
3-PA,373,796,0,4,0,800,A
3-PA,374,0,0,802,0,802,G
3-PA,375,779,0,0,0,779,A
3-PA,376,0,0,793,0,793,G
3-PA,377,775,0,2,0,777,A
3-PA,378,775,0,1,0,776,A
3-PA,379,0,1,805,0,806,G
3-PA,380,0,781,0,0,781,T
3-PA,381,0,0,0,796,796,C
3-PA,382,0,0,0,801,801,C
3-PA,383,799,0,2,0,801,A
3-PA,384,0,0,0,827,827,C
3-PA,385,842,0,0,0,842,A
3-PA,386,0,874,0,0,874,T
3-PA,387,893,0,0,0,893,A
3-PA,388,0,869,0,0,869,T
3-PA,389,864,0,0,0,864,A
3-PA,390,1,853,0,0,854,T
3-PA,391,0,851,0,0,851,T
3-PA,392,860,0,0,0,860,A
3-PA,393,0,0,0,867,867,C
3-PA,394,1,0,0,836,837,C
3-PA,395,0,818,0,3,821,T
3-PA,396,0,805,0,1,806,T
3-PA,397,0,0,817,0,817,G
3-PA,398,817,0,0,0,817,A
3-PA,399,819,0,1,0,820,A
3-PA,400,820,0,1,0,821,A
3-PA,401,780,0,0,0,780,A
3-PA,402,0,1,781,0,782,G
3-PA,403,0,0,777,0,777,G
3-PA,404,0,0,0,780,780,C
3-PA,405,0,1,0,788,789,C
3-PA,406,783,0,0,0,783,A
3-PA,407,783,0,0,0,783,A
3-PA,408,0,783,0,0,783,T
3-PA,409,786,0,0,0,786,A
3-PA,410,783,0,0,0,783,A
3-PA,411,0,1,794,0,795,G
3-PA,412,788,0,0,0,788,A
3-PA,413,0,783,0,0,783,T
3-PA,414,0,782,0,1,783,T
3-PA,415,785,0,0,0,785,A
3-PA,416,786,0,0,0,786,A
3-PA,417,783,0,0,0,783,A
3-PA,418,0,786,0,0,786,T
3-PA,419,0,0,0,785,785,C
3-PA,420,0,765,0,0,765,T
3-PA,421,0,0,766,0,766,G
3-PA,422,770,0,0,0,770,A
3-PA,423,0,1,781,0,782,G
3-PA,424,781,0,0,0,781,A
3-PA,425,779,0,1,0,780,A
3-PA,426,0,0,0,780,780,C
3-PA,427,777,0,0,0,777,A
3-PA,428,0,0,0,782,782,C
3-PA,429,781,0,0,0,781,A
3-PA,430,0,0,0,786,786,C
3-PA,431,782,0,1,0,783,A
3-PA,432,0,1,0,793,794,C
3-PA,433,790,0,0,0,790,A
3-PA,434,0,783,0,0,783,T
3-PA,435,0,781,0,0,781,T
3-PA,436,0,0,0,787,787,C
3-PA,437,789,0,0,0,789,A
3-PA,438,0,0,1,793,794,C
3-PA,439,789,0,0,0,789,A
3-PA,440,0,787,0,0,787,T
3-PA,441,0,765,0,0,765,T
3-PA,442,0,771,0,0,771,T
3-PA,443,0,771,0,0,771,T
3-PA,444,1,0,0,782,783,C
3-PA,445,0,774,0,0,774,T
3-PA,446,1,0,0,778,779,C
3-PA,447,779,0,1,0,780,A
3-PA,448,0,782,0,0,782,T
3-PA,449,0,788,0,0,788,T
3-PA,450,0,0,0,789,789,C
3-PA,451,771,0,0,0,771,A
3-PA,452,0,0,0,784,784,C
3-PA,453,0,770,0,0,770,T
3-PA,454,0,0,784,0,784,G
3-PA,455,1,0,780,0,781,G
3-PA,456,1,0,778,0,779,G
3-PA,457,0,1,778,0,779,G
3-PA,458,772,0,3,0,775,A
3-PA,459,1,0,775,0,776,G
3-PA,460,0,0,779,0,779,G
3-PA,461,776,0,0,0,776,A
3-PA,462,782,1,0,0,783,A
3-PA,463,771,0,0,0,771,A
3-PA,464,0,762,0,0,762,T
3-PA,465,1,1,763,0,765,G
3-PA,466,0,0,760,0,760,G
3-PA,467,0,0,0,760,760,C
3-PA,468,0,0,0,758,758,C
3-PA,469,760,0,0,0,760,A
3-PA,470,0,0,0,760,760,C
3-PA,471,760,1,0,0,761,A
3-PA,472,763,0,0,0,763,A
3-PA,473,764,1,3,0,768,A
3-PA,474,0,0,766,0,766,G
3-PA,475,0,0,762,0,762,G
3-PA,476,0,0,0,770,770,C
3-PA,477,766,0,1,0,767,A
3-PA,478,0,0,773,0,773,G
3-PA,479,776,0,1,0,777,A
3-PA,480,0,0,0,788,788,C
3-PA,481,0,785,0,0,785,T
3-PA,482,782,0,0,0,782,A
3-PA,483,0,0,0,772,772,C
3-PA,484,758,0,1,0,759,A
3-PA,485,0,0,0,778,778,C
3-PA,486,1,749,0,1,751,T
3-PA,487,0,0,0,762,762,C
3-PA,488,0,752,0,0,752,T
3-PA,489,0,13,0,741,754,C
3-PA,490,1,0,753,0,754,G
3-PA,491,743,0,0,0,743,A
3-PA,492,0,0,0,747,747,C
3-PA,493,0,0,753,0,753,G
3-PA,494,738,0,0,0,738,A
3-PA,495,0,0,748,0,748,G
3-PA,496,0,0,742,0,742,G
3-PA,497,745,0,0,0,745,A
3-PA,498,744,0,0,0,744,A
3-PA,499,746,0,0,0,746,A
3-PA,500,1,0,741,0,742,G
3-PA,501,0,2,0,746,748,C
3-PA,502,730,0,0,0,730,A
3-PA,503,0,1,755,0,756,G
3-PA,504,0,0,757,0,757,G
3-PA,505,1,0,754,0,755,G
3-PA,506,1,0,0,756,757,C
3-PA,507,0,745,0,0,745,T
3-PA,508,749,0,0,0,749,A
3-PA,509,2,1,764,0,767,G
3-PA,510,0,1,793,0,794,G
3-PA,511,794,0,0,0,794,A
3-PA,512,0,779,0,0,779,T
3-PA,513,0,760,0,0,760,T
3-PA,514,761,0,0,0,761,A
3-PA,515,769,0,1,0,770,A
3-PA,516,0,1,764,0,765,G
3-PA,517,758,0,2,0,760,A
3-PA,518,0,0,0,760,760,C
3-PA,519,0,0,0,705,705,C
3-PA,520,700,0,0,0,700,A
3-PA,521,0,0,703,0,703,G
3-PA,522,0,0,701,0,701,G
3-PA,523,0,0,0,710,710,C
3-PA,524,0,692,0,1,693,T
3-PA,525,0,0,707,0,707,G
3-PA,526,0,702,0,1,703,T
3-PA,527,1,706,0,0,707,T
3-PA,528,1,705,0,0,706,T
3-PA,529,705,0,0,0,705,A
3-PA,530,0,0,0,718,718,C
3-PA,531,1,0,0,707,708,C
3-PA,532,703,0,0,0,703,A
3-PA,533,0,704,0,0,704,T
3-PA,534,679,0,0,0,679,A
3-PA,535,680,0,0,0,680,A
3-PA,536,0,0,686,0,686,G
3-PA,537,684,0,0,0,684,A
3-PA,538,0,0,0,689,689,C
3-PA,539,669,0,0,0,669,A
3-PA,540,669,0,1,0,670,A
3-PA,541,0,0,671,0,671,G
3-PA,542,669,0,1,0,670,A
3-PA,543,672,0,0,0,672,A
3-PA,544,664,0,3,0,667,A
3-PA,545,0,641,0,0,641,T
3-PA,546,0,0,652,0,652,G
3-PA,547,0,0,651,0,651,G
3-PA,548,0,0,0,651,651,C
3-PA,549,0,0,0,649,649,C
3-PA,550,648,0,0,0,648,A
3-PA,551,664,0,0,0,664,A
3-PA,552,0,0,0,663,663,C
3-PA,553,663,0,0,0,663,A
3-PA,554,0,0,656,0,656,G
3-PA,555,645,0,0,0,645,A
3-PA,556,0,0,641,0,641,G
3-PA,557,0,0,643,0,643,G
3-PA,558,0,0,0,639,639,C
3-PA,559,0,0,0,648,648,C
3-PA,560,0,634,0,1,635,T
3-PA,561,0,1,0,633,634,C
3-PA,562,0,635,0,0,635,T
3-PA,563,0,0,641,0,641,G
3-PA,564,0,0,635,0,635,G
3-PA,565,0,1,630,0,631,G
3-PA,566,624,0,2,0,626,A
3-PA,567,0,609,0,0,609,T
3-PA,568,0,591,0,1,592,T
3-PA,569,0,0,0,671,671,C
3-PA,570,0,0,0,663,663,C
3-PA,571,0,649,0,0,649,T
3-PA,572,0,642,0,0,642,T
3-PA,573,0,645,0,0,645,T
3-PA,574,1,0,0,654,655,C
3-PA,575,1,0,653,0,654,G
3-PA,576,0,651,0,1,652,T
3-PA,577,0,0,0,657,657,C
3-PA,578,638,0,0,0,638,A
3-PA,579,0,0,725,0,725,G
3-PA,580,0,730,0,0,730,T
3-PA,581,0,0,0,726,726,C
3-PA,582,0,0,0,738,738,C
3-PA,583,2,2,735,0,739,G
3-PA,584,736,0,1,1,738,A
3-PA,585,734,0,0,0,734,A
3-PA,586,739,0,2,0,741,A
3-PA,587,0,0,769,0,769,G
3-PA,588,746,0,1,0,747,A
3-PA,589,0,0,757,0,757,G
3-PA,590,0,0,758,0,758,G
3-PA,591,0,0,0,762,762,C
3-PA,592,0,1,763,0,764,G
3-PA,593,764,0,0,0,764,A
3-PA,594,767,0,0,0,767,A
3-PA,595,0,0,771,0,771,G
3-PA,596,772,0,0,0,772,A
3-PA,597,774,0,0,0,774,A
3-PA,598,772,0,0,0,772,A
3-PA,599,0,0,0,781,781,C
3-PA,600,781,0,0,0,781,A
3-PA,601,779,0,0,0,779,A
3-PA,602,0,779,0,0,779,T
3-PA,603,0,782,0,0,782,T
3-PA,604,1,1,780,0,782,G
3-PA,605,780,0,0,0,780,A
3-PA,606,780,0,1,0,781,A
3-PA,607,1,0,782,0,783,G
3-PA,608,779,0,1,0,780,A
3-PA,609,779,0,0,0,779,A
3-PA,610,780,0,0,0,780,A
3-PA,611,777,0,1,0,778,A
3-PA,612,783,0,0,0,783,A
3-PA,613,0,785,0,0,785,T
3-PA,614,0,787,0,1,788,T
3-PA,615,0,790,0,0,790,T
3-PA,616,0,0,785,0,785,G
3-PA,617,790,0,0,0,790,A
3-PA,618,788,0,0,0,788,A
3-PA,619,787,0,0,0,787,A
3-PA,620,0,788,0,1,789,T
3-PA,621,0,0,0,890,890,C
3-PA,622,887,0,1,0,888,A
3-PA,623,0,0,0,902,902,C
3-PA,624,894,0,4,0,898,A
3-PA,625,0,0,916,0,916,G
3-PA,626,0,1,950,0,951,G
3-PA,627,965,0,4,0,969,A
3-PA,628,983,0,0,0,983,A
3-PA,629,1,0,0,996,997,C
3-PA,630,1,965,0,1,967,T
3-PA,631,1043,0,0,0,1043,A
3-PA,632,0,1055,0,1,1056,T
3-PA,633,0,0,1107,0,1107,G
3-PA,634,0,0,0,1105,1105,C
3-PA,635,2,0,1090,0,1092,G
3-PA,636,0,1083,0,1,1084,T
3-PA,637,1079,0,0,0,1079,A
3-PA,638,1,1,1094,0,1096,G
3-PA,639,0,1,1086,0,1087,G
3-PA,640,0,1,0,1073,1074,C
3-PA,641,0,1057,0,1,1058,T
3-PA,642,0,1044,0,1,1045,T
3-PA,643,1,0,1037,0,1038,G
3-PA,644,0,1,0,1046,1047,C
3-PA,645,0,2,0,1051,1053,C
3-PA,646,0,1,1053,0,1054,G
3-PA,647,1055,0,0,0,1055,A
3-PA,648,0,0,0,1063,1063,C
3-PA,649,1,0,0,1064,1065,C
3-PA,650,1070,0,1,0,1071,A
3-PA,651,1069,0,0,0,1069,A
3-PA,652,1071,0,2,0,1073,A
3-PA,653,0,0,1095,0,1095,G
3-PA,654,0,1090,0,1,1091,T
3-PA,655,0,0,0,1095,1095,C
3-PA,656,0,1095,0,1,1096,T
3-PA,657,0,1,0,1101,1102,C
3-PA,658,0,0,0,1109,1109,C
3-PA,659,2,0,0,1113,1115,C
3-PA,660,1107,0,1,0,1108,A
3-PA,661,0,0,0,1120,1120,C
3-PA,662,0,0,0,1114,1114,C
3-PA,663,0,2,1116,0,1118,G
3-PA,664,1138,0,0,0,1138,A
3-PA,665,1146,0,1,0,1147,A
3-PA,666,0,1,0,1156,1157,C
3-PA,667,0,1145,0,3,1148,T
3-PA,668,0,1161,0,1,1162,T
3-PA,669,0,0,0,1193,1193,C
3-PA,670,1,1180,0,0,1181,T
3-PA,671,0,0,0,1195,1195,C
3-PA,672,0,0,0,1185,1185,C
3-PA,673,0,1178,0,1,1179,T
3-PA,674,0,0,1191,0,1191,G
3-PA,675,0,1,0,1188,1189,C
3-PA,676,1,0,0,1198,1199,C
3-PA,677,0,1198,0,0,1198,T
3-PA,678,0,1189,0,2,1191,T
3-PA,679,0,0,1194,0,1194,G
3-PA,680,1187,0,0,0,1187,A
3-PA,681,0,0,1210,0,1210,G
3-PA,682,1205,0,0,0,1205,A
3-PA,683,1217,1,0,0,1218,A
3-PA,684,1,1242,0,0,1243,T
3-PA,685,0,1247,0,0,1247,T
3-PA,686,0,1245,0,0,1245,T
3-PA,687,0,1250,0,0,1250,T
3-PA,688,1247,0,1,0,1248,A
3-PA,689,0,1,1245,0,1246,G
3-PA,690,1235,0,1,0,1236,A
3-PA,691,0,0,1285,0,1285,G
3-PA,692,0,0,0,1285,1285,C
3-PA,693,0,0,0,1297,1297,C
3-PA,694,0,1319,0,1,1320,T
3-PA,695,1375,0,0,0,1375,A
3-PA,696,0,1377,0,2,1379,T
3-PA,697,0,0,1387,0,1387,G
3-PA,698,0,1387,0,0,1387,T
3-PA,699,1,2,1400,0,1403,G
3-PA,700,1,0,1387,0,1388,G
3-PA,701,1373,0,1,0,1374,A
3-PA,702,0,1362,0,0,1362,T
3-PA,703,1,0,1334,0,1335,G
3-PA,704,0,1,1377,0,1378,G
3-PA,705,1380,0,0,0,1380,A
3-PA,706,0,1390,0,0,1390,T
3-PA,707,0,1391,0,2,1393,T
3-PA,708,2,1,0,1380,1383,C
3-PA,709,0,1,1389,0,1390,G
3-PA,710,1392,0,1,0,1393,A
3-PA,711,1395,0,0,0,1395,A
3-PA,712,0,0,0,1406,1406,C
3-PA,713,1,0,0,1382,1383,C
3-PA,714,0,0,1389,0,1389,G
3-PA,715,1378,0,0,0,1378,A
3-PA,716,1390,0,2,0,1392,A
3-PA,717,0,1,0,1408,1409,C
3-PA,718,0,0,1397,1,1398,G
3-PA,719,0,0,1445,0,1445,G
3-PA,720,0,0,0,1454,1454,C
3-PA,721,0,1441,0,0,1441,T
3-PA,722,1,0,1486,0,1487,G
3-PA,723,0,1,0,1499,1500,C
3-PA,724,1502,0,0,0,1502,A
3-PA,725,0,1508,0,0,1508,T
3-PA,726,0,1488,0,0,1488,T
3-PA,727,0,1,1486,0,1487,G
3-PA,728,1456,0,1,0,1457,A
3-PA,729,0,1,1482,0,1483,G
3-PA,730,0,0,1481,0,1481,G
3-PA,731,3,0,1461,0,1464,G
3-PA,732,0,0,0,1474,1474,C
3-PA,733,1467,0,1,0,1468,A
3-PA,734,1465,0,1,0,1466,A
3-PA,735,0,0,1479,0,1479,G
3-PA,736,0,0,0,1492,1492,C
3-PA,737,0,1493,0,0,1493,T
3-PA,738,0,1497,0,0,1497,T
3-PA,739,0,1502,0,0,1502,T
3-PA,740,0,0,0,1511,1511,C
3-PA,741,0,1507,0,2,1509,T
3-PA,742,2,1,0,1519,1522,C
3-PA,743,1517,0,0,0,1517,A
3-PA,744,1512,0,0,0,1512,A
3-PA,745,1508,0,0,0,1508,A
3-PA,746,0,1506,0,0,1506,T
3-PA,747,0,0,1559,0,1559,G
3-PA,748,0,1544,0,1,1545,T
3-PA,749,1,0,0,1566,1567,C
3-PA,750,1,0,0,1570,1571,C
3-PA,751,1569,0,0,1,1570,A
3-PA,752,1571,0,0,0,1571,A
3-PA,753,1574,0,1,0,1575,A
3-PA,754,0,1,1584,0,1585,G
3-PA,755,1577,0,0,0,1577,A
3-PA,756,1548,0,1,0,1549,A
3-PA,757,0,0,1563,0,1563,G
3-PA,758,0,1535,0,1,1536,T
3-PA,759,0,0,1546,0,1546,G
3-PA,760,1537,0,0,0,1537,A
3-PA,761,1539,0,0,0,1539,A
3-PA,762,0,1537,0,1,1538,T
3-PA,763,0,0,1541,0,1541,G
3-PA,764,0,0,0,1555,1555,C
3-PA,765,0,0,0,1560,1560,C
3-PA,766,1,0,0,1557,1558,C
3-PA,767,1559,1,0,1,1561,A
3-PA,768,1577,0,1,0,1578,A
3-PA,769,1598,0,0,0,1598,A
3-PA,770,0,1594,0,0,1594,T
3-PA,771,0,1591,0,0,1591,T
3-PA,772,1,1,1581,0,1583,G
3-PA,773,1585,0,0,0,1585,A
3-PA,774,1576,0,2,0,1578,A
3-PA,775,1,0,0,1592,1593,C
3-PA,776,3,1,0,1588,1592,C
3-PA,777,0,1577,0,1,1578,T
3-PA,778,0,1618,0,0,1618,T
3-PA,779,1,1621,0,0,1622,T
3-PA,780,0,1646,0,0,1646,T
3-PA,781,2,0,0,1645,1647,C
3-PA,782,0,1641,0,1,1642,T
3-PA,783,0,0,1642,0,1642,G
3-PA,784,1631,0,0,0,1631,A
3-PA,785,1657,0,1,0,1658,A
3-PA,786,0,1,1661,0,1662,G
3-PA,787,1644,1,1,0,1646,A
3-PA,788,2,0,0,1648,1650,C
3-PA,789,1629,0,1,1,1631,A
3-PA,790,1642,0,2,1,1645,A
3-PA,791,0,1,0,1824,1825,C
3-PA,792,1816,1,2,1,1820,A
3-PA,793,0,1,0,1827,1828,C
3-PA,794,3,0,0,1804,1807,C
3-PA,795,1804,0,0,1,1805,A
3-PA,796,1796,0,3,1,1800,A
3-PA,797,0,0,1811,0,1811,G
3-PA,798,1805,0,3,1,1809,A
3-PA,799,0,0,2,1808,1810,C
3-PA,800,1,0,0,1682,1683,C
3-PA,801,1684,0,1,1,1686,A
3-PA,802,1680,0,1,1,1682,A
3-PA,803,0,1685,0,0,1685,T
3-PA,804,2,0,0,1684,1686,C
3-PA,805,1687,0,0,1,1688,A
3-PA,806,1672,0,0,1,1673,A
3-PA,807,1677,0,1,0,1678,A
3-PA,808,0,0,0,1696,1696,C
3-PA,809,0,1676,0,0,1676,T
3-PA,810,0,1689,0,0,1689,T
3-PA,811,0,1,0,1702,1703,C
3-PA,812,1,1,0,1696,1698,C
3-PA,813,1,2,1710,0,1713,G
3-PA,814,1707,0,0,1,1708,A
3-PA,815,1710,0,0,1,1711,A
3-PA,816,0,1709,0,0,1709,T
3-PA,817,0,2,1692,0,1694,G
3-PA,818,0,0,1700,0,1700,G
3-PA,819,1704,0,1,1,1706,A
3-PA,820,1,0,0,1722,1723,C
3-PA,821,2,1,0,1713,1716,C
3-PA,822,0,1764,0,1,1765,T
3-PA,823,2,0,0,1825,1827,C
3-PA,824,2,0,0,1833,1835,C
3-PA,825,0,1827,0,0,1827,T
3-PA,826,0,1838,0,1,1839,T
3-PA,827,2,1,1915,1,1919,G
3-PA,828,0,1898,0,4,1902,T
3-PA,829,0,1902,0,1,1903,T
3-PA,830,1891,0,1,0,1892,A
3-PA,831,0,1839,0,0,1839,T
3-PA,832,0,0,0,1832,1832,C
3-PA,833,1805,0,0,0,1805,A
3-PA,834,2,1,1796,0,1799,G
3-PA,835,0,0,0,1801,1801,C
3-PA,836,0,1,1748,0,1749,G
3-PA,837,0,1,1815,0,1816,G
3-PA,838,0,1810,0,6,1816,T
3-PA,839,3,0,0,1823,1826,C
3-PA,840,2,0,0,1829,1831,C
3-PA,841,1838,0,0,0,1838,A
3-PA,842,1841,0,2,0,1843,A
3-PA,843,1836,0,0,0,1836,A
3-PA,844,0,1837,0,0,1837,T
3-PA,845,0,1840,0,0,1840,T
3-PA,846,0,0,0,1819,1819,C
3-PA,847,0,1,0,1813,1814,C
3-PA,848,0,1807,0,1,1808,T
3-PA,849,3,0,0,1814,1817,C
3-PA,850,1,0,0,1816,1817,C
3-PA,851,0,1813,1,0,1814,T
3-PA,852,0,1,1824,0,1825,G
3-PA,853,1819,1,0,0,1820,A
3-PA,854,0,1827,0,2,1829,T
3-PA,855,1,1,1799,0,1801,G
3-PA,856,1,0,1781,0,1782,G
3-PA,857,1768,0,2,0,1770,A
3-PA,858,0,1767,0,0,1767,T
3-PA,859,0,1,1773,0,1774,G
3-PA,860,0,0,0,1862,1862,C
3-PA,861,0,1855,0,2,1857,T
3-PA,862,0,1865,0,0,1865,T
3-PA,863,0,1869,0,1,1870,T
3-PA,864,1875,0,0,0,1875,A
3-PA,865,1874,0,0,0,1874,A
3-PA,866,1878,0,0,0,1878,A
3-PA,867,1885,0,0,0,1885,A
3-PA,868,0,1885,0,0,1885,T
3-PA,869,0,1768,0,1,1769,T
3-PA,870,0,3,1762,0,1765,G
3-PA,871,1744,0,3,0,1747,A
3-PA,872,0,3,1768,0,1771,G
3-PA,873,0,0,0,1776,1776,C
3-PA,874,1768,1,2,0,1771,A
3-PA,875,0,1804,0,1,1805,T
3-PA,876,1,1799,0,1,1801,T
3-PA,877,1,0,1795,0,1796,G
3-PA,878,1794,0,2,0,1796,A
3-PA,879,1794,0,2,0,1796,A
3-PA,880,0,0,1789,0,1789,G
3-PA,881,1759,0,1,0,1760,A
3-PA,882,0,0,0,1773,1773,C
3-PA,883,0,1,0,1762,1763,C
3-PA,884,1,0,0,1745,1746,C
3-PA,885,1740,0,0,0,1740,A
3-PA,886,1738,0,3,0,1741,A
3-PA,887,0,0,1740,0,1740,G
3-PA,888,1,1747,0,0,1748,T
3-PA,889,3,1,0,1748,1752,C
3-PA,890,1735,1,0,0,1736,A
3-PA,891,0,2,0,1741,1743,C
3-PA,892,0,0,1747,1,1748,G
3-PA,893,1756,0,2,0,1758,A
3-PA,894,1762,0,1,0,1763,A
3-PA,895,0,0,1835,0,1835,G
3-PA,896,0,1,1828,0,1829,G
3-PA,897,1811,0,1,0,1812,A
3-PA,898,0,0,1842,0,1842,G
3-PA,899,1836,0,0,0,1836,A
3-PA,900,1832,0,4,0,1836,A
3-PA,901,0,1,1835,0,1836,G
3-PA,902,0,0,1823,0,1823,G
3-PA,903,0,0,1833,0,1833,G
3-PA,904,1784,0,0,0,1784,A
3-PA,905,0,1795,0,1,1796,T
3-PA,906,3,0,0,1795,1798,C
3-PA,907,1,0,1,1975,1977,C
3-PA,908,0,1,0,2014,2015,C
3-PA,909,2038,0,0,0,2038,A
3-PA,910,0,2030,0,1,2031,T
3-PA,911,0,2046,0,1,2047,T
3-PA,912,2100,0,1,0,2101,A
3-PA,913,0,2099,0,1,2100,T
3-PA,914,2096,0,0,0,2096,A
3-PA,915,0,2088,0,0,2088,T
3-PA,916,0,0,1879,0,1879,G
3-PA,917,1863,0,1,0,1864,A
3-PA,918,0,1849,0,1,1850,T
3-PA,919,1,0,1863,0,1864,G
3-PA,920,0,0,0,1844,1844,C
3-PA,921,0,1,1852,0,1853,G
3-PA,922,1860,0,1,0,1861,A
3-PA,923,0,1862,0,0,1862,T
3-PA,924,1,1,0,1872,1874,C
3-PA,925,1870,0,1,0,1871,A
3-PA,926,1854,0,1,0,1855,A
3-PA,927,1,0,1872,0,1873,G
3-PA,928,0,1839,0,1,1840,T
3-PA,929,0,0,1875,0,1875,G
3-PA,930,0,2,0,1885,1887,C
3-PA,931,1887,0,1,0,1888,A
3-PA,932,0,1890,0,0,1890,T
3-PA,933,1889,1,0,0,1890,A
3-PA,934,1912,0,0,0,1912,A
3-PA,935,1912,0,0,0,1912,A
3-PA,936,1905,0,1,0,1906,A
3-PA,937,1887,1,0,3,1891,A
3-PA,938,0,0,0,1910,1910,C
3-PA,939,1893,0,0,0,1893,A
3-PA,940,0,1897,0,0,1897,T
3-PA,941,0,1892,0,0,1892,T
3-PA,942,1,0,0,1909,1910,C
3-PA,943,0,1902,0,3,1905,T
3-PA,944,0,1902,0,1,1903,T
3-PA,945,0,1894,1,0,1895,T
3-PA,946,0,0,1900,0,1900,G
3-PA,947,0,1,1905,0,1906,G
3-PA,948,1908,0,0,0,1908,A
3-PA,949,0,1905,0,1,1906,T
3-PA,950,0,0,1924,0,1924,G
3-PA,951,0,0,1944,0,1944,G
3-PA,952,1954,0,0,0,1954,A
3-PA,953,1950,0,1,0,1951,A
3-PA,954,1963,0,2,0,1965,A
3-PA,955,0,0,1974,0,1974,G
3-PA,956,1980,0,0,0,1980,A
3-PA,957,2162,0,2,0,2164,A
3-PA,958,0,0,0,2203,2203,C
3-PA,959,1,0,0,2203,2204,C
3-PA,960,0,2191,0,2,2193,T
3-PA,961,0,2233,0,1,2234,T
3-PA,962,2245,0,0,0,2245,A
3-PA,963,0,2235,0,1,2236,T
3-PA,964,2229,0,0,0,2229,A
3-PA,965,0,2261,0,0,2261,T
3-PA,966,2085,0,0,1,2086,A
3-PA,967,1,0,2098,0,2099,G
3-PA,968,0,2069,0,2,2071,T
3-PA,969,2,0,0,2076,2078,C
3-PA,970,2061,0,1,0,2062,A
3-PA,971,2059,0,0,1,2060,A
3-PA,972,2062,0,0,1,2063,A
3-PA,973,1,0,0,2079,2080,C
3-PA,974,2,0,0,2046,2048,C
3-PA,975,2043,0,1,0,2044,A
3-PA,976,0,1,0,2044,2045,C
3-PA,977,2045,0,2,0,2047,A
3-PA,978,0,1,0,2064,2065,C
3-PA,979,0,0,2069,0,2069,G
3-PA,980,2024,0,0,0,2024,A
3-PA,981,2050,0,0,0,2050,A
3-PA,982,2056,0,1,0,2057,A
3-PA,983,2049,0,2,0,2051,A
3-PA,984,0,0,2062,0,2062,G
3-PA,985,2,1,2052,0,2055,G
3-PA,986,0,0,2069,0,2069,G
3-PA,987,2064,0,1,0,2065,A
3-PA,988,2069,0,2,0,2071,A
3-PA,989,1,2072,1,0,2074,T
3-PA,990,2077,0,2,0,2079,A
3-PA,991,2075,0,1,0,2076,A
3-PA,992,2077,0,1,0,2078,A
3-PA,993,0,2063,1,0,2064,T
3-PA,994,0,2061,1,1,2063,T
3-PA,995,1,0,0,2074,2075,C
3-PA,996,2077,0,0,0,2077,A
3-PA,997,2084,0,0,0,2084,A
3-PA,998,2086,1,1,0,2088,A
3-PA,999,0,2078,3,0,2081,T
3-PA,1000,0,2092,1,0,2093,T
3-PA,1001,2093,0,0,0,2093,A
3-PA,1002,0,0,0,2090,2090,C
3-PA,1003,2,0,0,2091,2093,C
3-PA,1004,0,2064,1,2,2067,T
3-PA,1005,1,0,2081,0,2082,G
3-PA,1006,1,0,0,2084,2085,C
3-PA,1007,0,2101,0,2,2103,T
3-PA,1008,1,0,2131,0,2132,G
3-PA,1009,0,2134,1,1,2136,T
3-PA,1010,0,0,0,2149,2149,C
3-PA,1011,2148,0,1,0,2149,A
3-PA,1012,1,2143,1,2,2147,T
3-PA,1013,0,0,2148,0,2148,G
3-PA,1014,0,0,2118,0,2118,G
3-PA,1015,2126,1,2,1,2130,A
3-PA,1016,2161,0,1,0,2162,A
3-PA,1017,0,0,2153,0,2153,G
3-PA,1018,1,0,0,2163,2164,C
3-PA,1019,2154,0,0,0,2154,A
3-PA,1020,2157,0,2,0,2159,A
3-PA,1021,0,0,2166,0,2166,G
3-PA,1022,0,2157,1,1,2159,T
3-PA,1023,2167,0,1,0,2168,A
3-PA,1024,0,1,0,2164,2165,C
3-PA,1025,0,2119,1,0,2120,T
3-PA,1026,3,0,2139,0,2142,G
3-PA,1027,0,2117,1,2,2120,T
3-PA,1028,2,0,0,2132,2134,C
3-PA,1029,2129,0,1,0,2130,A
3-PA,1030,1,0,2142,0,2143,G
3-PA,1031,2133,0,0,0,2133,A
3-PA,1032,2139,0,1,0,2140,A
3-PA,1033,0,2185,0,0,2185,T
3-PA,1034,0,2171,1,0,2172,T
3-PA,1035,0,0,2159,0,2159,G
3-PA,1036,0,0,0,2169,2169,C
3-PA,1037,2165,0,3,0,2168,A
3-PA,1038,3,0,2173,0,2176,G
3-PA,1039,0,0,2148,0,2148,G
3-PA,1040,2158,0,1,0,2159,A
3-PA,1041,0,0,0,2183,2183,C
3-PA,1042,2138,0,0,0,2138,A
3-PA,1043,0,2156,1,0,2157,T
3-PA,1044,0,2155,0,0,2155,T
3-PA,1045,0,0,2166,0,2166,G
3-PA,1046,2162,0,0,0,2162,A
3-PA,1047,2166,0,0,0,2166,A
3-PA,1048,2162,0,0,0,2162,A
3-PA,1049,2163,0,0,0,2163,A
3-PA,1050,0,2152,1,0,2153,T
3-PA,1051,0,1,2170,1,2172,G
3-PA,1052,2159,0,2,0,2161,A
3-PA,1053,0,1,2178,0,2179,G
3-PA,1054,1,1,2174,0,2176,G
3-PA,1055,2156,0,0,1,2157,A
3-PA,1056,0,0,2173,0,2173,G
3-PA,1057,2175,1,0,0,2176,A
3-PA,1058,2167,0,1,0,2168,A
3-PA,1059,0,0,2170,0,2170,G
3-PA,1060,0,0,2131,0,2131,G
3-PA,1061,0,2206,0,1,2207,T
3-PA,1062,0,2217,0,1,2218,T
3-PA,1063,2,0,0,2220,2222,C
3-PA,1064,2,0,1,2235,2238,C
3-PA,1065,2228,0,2,0,2230,A
3-PA,1066,2217,0,1,0,2218,A
3-PA,1067,0,1,2243,0,2244,G
3-PA,1068,0,2,2270,0,2272,G
3-PA,1069,2225,0,4,0,2229,A
3-PA,1070,0,0,0,2233,2233,C
3-PA,1071,0,2240,0,0,2240,T
3-PA,1072,2236,0,0,0,2236,A
3-PA,1073,2245,0,0,0,2245,A
3-PA,1074,2240,0,0,0,2240,A
3-PA,1075,2242,0,0,0,2242,A
3-PA,1076,2218,0,0,0,2218,A
3-PA,1077,0,2,0,2216,2218,C
3-PA,1078,2204,0,0,0,2204,A
3-PA,1079,0,2199,0,0,2199,T
3-PA,1080,0,0,2220,0,2220,G
3-PA,1081,2207,1,4,0,2212,A
3-PA,1082,2223,0,1,0,2224,A
3-PA,1083,0,0,2234,0,2234,G
3-PA,1084,2228,0,0,0,2228,A
3-PA,1085,2237,0,0,0,2237,A
3-PA,1086,2224,0,1,0,2225,A
3-PA,1087,2218,0,4,0,2222,A
3-PA,1088,1,0,0,2235,2236,C
3-PA,1089,0,0,2223,0,2223,G
3-PA,1090,2236,0,1,0,2237,A
3-PA,1091,0,0,2227,0,2227,G
3-PA,1092,0,2209,0,0,2209,T
3-PA,1093,3,0,0,2256,2259,C
3-PA,1094,2278,0,0,0,2278,A
3-PA,1095,2303,0,1,0,2304,A
3-PA,1096,0,0,0,2304,2304,C
3-PA,1097,0,2307,0,1,2308,T
3-PA,1098,0,1,2335,0,2336,G
3-PA,1099,2330,0,0,0,2330,A
3-PA,1100,2326,0,1,0,2327,A
3-PA,1101,0,1,2338,0,2339,G
3-PA,1102,1,2277,0,2,2280,T
3-PA,1103,0,1,2299,0,2300,G
3-PA,1104,0,2,2284,0,2286,G
3-PA,1105,0,1,2296,0,2297,G
3-PA,1106,0,1,0,2301,2302,C
3-PA,1107,0,2285,0,0,2285,T
3-PA,1108,1,0,0,2314,2315,C
3-PA,1109,1,2286,0,0,2287,T
3-PA,1110,0,2300,0,0,2300,T
3-PA,1111,0,1,2360,0,2361,G
3-PA,1112,0,0,2375,0,2375,G
3-PA,1113,0,2336,1,1,2338,T
3-PA,1114,2,2,2356,0,2360,G
3-PA,1115,2353,0,0,0,2353,A
3-PA,1116,2371,0,2,0,2373,A
3-PA,1117,2367,0,0,0,2367,A
3-PA,1118,2367,0,1,0,2368,A
3-PA,1119,1,0,0,2386,2387,C
3-PA,1120,2349,0,0,0,2349,A
3-PA,1121,0,2339,0,0,2339,T
3-PA,1122,0,4,2338,0,2342,G
3-PA,1123,0,0,2363,0,2363,G
3-PA,1124,0,0,0,2371,2371,C
3-PA,1125,2358,0,3,1,2362,A
3-PA,1126,0,0,0,2384,2384,C
3-PA,1127,0,0,0,2393,2393,C
3-PA,1128,2431,0,0,0,2431,A
3-PA,1129,0,0,2447,0,2447,G
3-PA,1130,2435,0,3,1,2439,A
3-PA,1131,1,2,2481,0,2484,G
3-PA,1132,2466,0,0,0,2466,A
3-PA,1133,2445,1,2,0,2448,A
3-PA,1134,0,2,2467,0,2469,G
3-PA,1135,1,0,2454,0,2455,G
3-PA,1136,0,2396,0,0,2396,T
3-PA,1137,2436,0,0,0,2436,A
3-PA,1138,0,2,2422,1,2425,G
3-PA,1139,2409,0,2,0,2411,A
3-PA,1140,0,0,0,2446,2446,C
3-PA,1141,0,2417,0,1,2418,T
3-PA,1142,0,2407,0,1,2408,T
3-PA,1143,0,2409,0,1,2410,T
3-PA,1144,0,0,2419,0,2419,G
3-PA,1145,2409,0,6,0,2415,A
3-PA,1146,2419,1,0,0,2420,A
3-PA,1147,2414,0,1,0,2415,A
3-PA,1148,2404,0,0,0,2404,A
3-PA,1149,0,1,0,2464,2465,C
3-PA,1150,0,2437,0,0,2437,T
3-PA,1151,0,0,2475,0,2475,G
3-PA,1152,0,0,0,2467,2467,C
3-PA,1153,2477,0,3,1,2481,A
3-PA,1154,0,3,2478,0,2481,G
3-PA,1155,2462,0,1,0,2463,A
3-PA,1156,1,2,2658,0,2661,G
3-PA,1157,2667,0,2,0,2669,A
3-PA,1158,1,1,0,2653,2655,C
3-PA,1159,2663,0,3,0,2666,A
3-PA,1160,0,2420,0,221,2641,T
3-PA,1161,2645,0,1,0,2646,A
3-PA,1162,2645,0,1,0,2646,A
3-PA,1163,1,0,2638,0,2639,G
3-PA,1164,0,0,0,2625,2625,C
3-PA,1165,0,0,2549,0,2549,G
3-PA,1166,2593,1,1,0,2595,A
3-PA,1167,0,2575,0,0,2575,T
3-PA,1168,0,2580,0,0,2580,T
3-PA,1169,0,2588,0,3,2591,T
3-PA,1170,0,1,2592,0,2593,G
3-PA,1171,2590,1,0,0,2591,A
3-PA,1172,2589,0,6,0,2595,A
3-PA,1173,0,0,2606,0,2606,G
3-PA,1174,1,1,0,2681,2683,C
3-PA,1175,2655,0,0,0,2655,A
3-PA,1176,2821,0,0,0,2821,A
3-PA,1177,0,2826,0,1,2827,T
3-PA,1178,2831,0,3,0,2834,A
3-PA,1179,0,2843,0,0,2843,T
3-PA,1180,1,1,2860,0,2862,G
3-PA,1181,2887,0,0,0,2887,A
3-PA,1182,2,2879,0,0,2881,T
3-PA,1183,2811,1,0,0,2812,A
3-PA,1184,0,1,2820,0,2821,G
3-PA,1185,0,2710,0,1,2711,T
3-PA,1186,0,1,2718,0,2719,G
3-PA,1187,2708,0,0,1,2709,A
3-PA,1188,0,2,0,2683,2685,C
3-PA,1189,0,0,2670,0,2670,G
3-PA,1190,2685,0,0,0,2685,A
3-PA,1191,2687,0,3,0,2690,A
3-PA,1192,1,0,1,2712,2714,C
3-PA,1193,1,1,0,2719,2721,C
3-PA,1194,0,2728,0,2,2730,T
3-PA,1195,1,2,2790,0,2793,G
3-PA,1196,2768,0,2,0,2770,A
3-PA,1197,2792,0,2,0,2794,A
3-PA,1198,0,2791,0,0,2791,T
3-PA,1199,0,2769,1,1,2771,T
3-PA,1200,2768,0,2,1,2771,A
3-PA,1201,2745,0,1,1,2747,A
3-PA,1202,1,1,2761,0,2763,G
3-PA,1203,1,0,2756,0,2757,G
3-PA,1204,0,2688,0,6,2694,T
3-PA,1205,2,0,0,2707,2709,C
3-PA,1206,2703,0,1,1,2705,A
3-PA,1207,2,0,0,2800,2802,C
3-PA,1208,0,2800,0,0,2800,T
3-PA,1209,0,2799,0,4,2803,T
3-PA,1210,0,2808,0,1,2809,T
3-PA,1211,1,0,0,2810,2811,C
3-PA,1212,2803,0,4,0,2807,A
3-PA,1213,2811,0,1,0,2812,A
3-PA,1214,0,0,2848,0,2848,G
3-PA,1215,0,0,0,2843,2843,C
3-PA,1216,0,2802,0,0,2802,T
3-PA,1217,0,0,2886,0,2886,G
3-PA,1218,2,1,2875,0,2878,G
3-PA,1219,2924,1,1,0,2926,A
3-PA,1220,0,2937,0,3,2940,T
3-PA,1221,2935,0,1,0,2936,A
3-PA,1222,2,0,0,2956,2958,C
3-PA,1223,2921,0,4,0,2925,A
3-PA,1224,0,0,2961,1,2962,G
3-PA,1225,2949,0,0,0,2949,A
3-PA,1226,2912,0,0,0,2912,A
3-PA,1227,0,2872,0,0,2872,T
3-PA,1228,0,3,2890,0,2893,G
3-PA,1229,2858,0,3,1,2862,A
3-PA,1230,1,0,2905,0,2906,G
3-PA,1231,0,2882,0,3,2885,T
3-PA,1232,1,2861,0,2,2864,T
3-PA,1233,3,0,0,2922,2925,C
3-PA,1234,2939,0,1,0,2940,A
3-PA,1235,2929,0,1,0,2930,A
3-PA,1236,1,1,0,2927,2929,C
3-PA,1237,2912,0,4,0,2916,A
3-PA,1238,2914,1,1,0,2916,A
3-PA,1239,0,2,2916,0,2918,G
3-PA,1240,0,0,2905,0,2905,G
3-PA,1241,1,0,0,2920,2921,C
3-PA,1242,0,0,0,2917,2917,C
3-PA,1243,0,2900,0,3,2903,T
3-PA,1244,0,0,2926,0,2926,G
3-PA,1245,0,2918,0,0,2918,T
3-PA,1246,1,2,2961,0,2964,G
3-PA,1247,2962,1,3,0,2966,A
3-PA,1248,0,1,2960,0,2961,G
3-PA,1249,1,1,0,2948,2950,C
3-PA,1250,0,2919,0,0,2919,T
3-PA,1251,2980,0,0,0,2980,A
3-PA,1252,2978,0,0,0,2978,A
3-PA,1253,0,1,0,2986,2987,C
3-PA,1254,0,2974,0,0,2974,T
3-PA,1255,1,0,2979,0,2980,G
3-PA,1256,2977,1,0,0,2978,A
3-PA,1257,0,2964,0,1,2965,T
3-PA,1258,0,2974,0,0,2974,T
3-PA,1259,3,0,0,2973,2976,C
3-PA,1260,3062,0,3,0,3065,A
3-PA,1261,0,2,3119,0,3121,G
3-PA,1262,1,3087,0,5,3093,T
3-PA,1263,2,0,1,3113,3116,C
3-PA,1264,0,3097,0,2,3099,T
3-PA,1265,1,2,3198,0,3201,G
3-PA,1266,0,1,3193,0,3194,G
3-PA,1267,3203,0,1,0,3204,A
3-PA,1268,0,3207,0,4,3211,T
3-PA,1269,3056,0,0,0,3056,A
3-PA,1270,0,1,3048,0,3049,G
3-PA,1271,3001,0,2,1,3004,A
3-PA,1272,1,0,3024,0,3025,G
3-PA,1273,1,0,0,2999,3000,C
3-PA,1274,0,2940,0,2,2942,T
3-PA,1275,0,4,0,2967,2971,C
3-PA,1276,0,2,2975,0,2977,G
3-PA,1277,2962,0,1,0,2963,A
3-PA,1278,0,2975,0,1,2976,T
3-PA,1279,1,1,2968,0,2970,G
3-PA,1280,2986,0,2,0,2988,A
3-PA,1281,2982,1,1,0,2984,A
3-PA,1282,2997,0,0,0,2997,A
3-PA,1283,0,2978,0,0,2978,T
3-PA,1284,0,2982,0,1,2983,T
3-PA,1285,1,1,3010,1,3013,G
3-PA,1286,3,2,3002,0,3007,G
3-PA,1287,3014,0,3,0,3017,A
3-PA,1288,0,2,3022,0,3024,G
3-PA,1289,2983,0,1,0,2984,A
3-PA,1290,0,0,3005,0,3005,G
3-PA,1291,1,2,3027,0,3030,G
3-PA,1292,3063,1,1,0,3065,A
3-PA,1293,0,1,0,3066,3067,C
3-PA,1294,0,0,3055,0,3055,G
3-PA,1295,0,3048,0,1,3049,T
3-PA,1296,3066,0,2,0,3068,A
3-PA,1297,1,0,3093,0,3094,G
3-PA,1298,0,2,1,3108,3111,C
3-PA,1299,1,0,0,3081,3082,C
3-PA,1300,1,1,0,3063,3065,C
3-PA,1301,3,2,0,3085,3090,C
3-PA,1302,3093,0,0,0,3093,A
3-PA,1303,3182,0,1,0,3183,A
3-PA,1304,0,3166,0,0,3166,T
3-PA,1305,0,3149,0,0,3149,T
3-PA,1306,0,1,3145,0,3146,G
3-PA,1307,3090,0,0,0,3090,A
3-PA,1308,3,0,3100,0,3103,G
3-PA,1309,2,0,0,3099,3101,C
3-PA,1310,3074,1,0,0,3075,A
3-PA,1311,0,1,0,3148,3149,C
3-PA,1312,3070,0,1,0,3071,A
3-PA,1313,0,3134,0,1,3135,T
3-PA,1314,0,3140,0,2,3142,T
3-PA,1315,1,0,3140,0,3141,G
3-PA,1316,1,0,0,3138,3139,C
3-PA,1317,3141,0,1,0,3142,A
3-PA,1318,3141,0,2,0,3143,A
3-PA,1319,0,0,3148,0,3148,G
3-PA,1320,0,1,0,3116,3117,C
3-PA,1321,3112,0,0,0,3112,A
3-PA,1322,0,3030,0,1,3031,T
3-PA,1323,0,1,3031,0,3032,G
3-PA,1324,3016,0,0,0,3016,A
3-PA,1325,0,0,3031,0,3031,G
3-PA,1326,3027,0,3,1,3031,A
3-PA,1327,3032,0,0,0,3032,A
3-PA,1328,0,0,3013,0,3013,G
3-PA,1329,1,3,3023,0,3027,G
3-PA,1330,3031,2,0,0,3033,A
3-PA,1331,3029,0,0,1,3030,A
3-PA,1332,1,3028,0,0,3029,T
3-PA,1333,0,3031,0,1,3032,T
3-PA,1334,3038,0,0,0,3038,A
3-PA,1335,1,3052,0,2,3055,T
3-PA,1336,0,3043,0,1,3044,T
3-PA,1337,0,3053,0,2,3055,T
3-PA,1338,1,0,0,3025,3026,C
3-PA,1339,3033,0,2,0,3035,A
3-PA,1340,0,0,0,3088,3088,C
3-PA,1341,3075,0,2,0,3077,A
3-PA,1342,0,0,3106,0,3106,G
3-PA,1343,0,0,0,3090,3090,C
3-PA,1344,3084,1,1,0,3086,A
3-PA,1345,0,2,3105,0,3107,G
3-PA,1346,3082,0,3,0,3085,A
3-PA,1347,0,1,3097,0,3098,G
3-PA,1348,0,0,3102,0,3102,G
3-PA,1349,0,3009,0,2,3011,T
3-PA,1350,0,1,3077,0,3078,G
3-PA,1351,1,3035,0,6,3042,T
3-PA,1352,2,0,0,3050,3052,C
3-PA,1353,0,0,0,3069,3069,C
3-PA,1354,5,1,0,3071,3077,C
3-PA,1355,3101,0,0,1,3102,A
3-PA,1356,1,3125,0,1,3127,T
3-PA,1357,0,3114,0,1,3115,T
3-PA,1358,0,0,3122,0,3122,G
3-PA,1359,0,3093,0,2,3095,T
3-PA,1360,3050,1,0,0,3051,A
3-PA,1361,1,1,3041,0,3043,G
3-PA,1362,2976,0,0,0,2976,A
3-PA,1363,0,1,2968,0,2969,G
3-PA,1364,1,0,1,2930,2932,C
3-PA,1365,3,0,0,2888,2891,C
3-PA,1366,2921,0,2,0,2923,A
3-PA,1367,1,0,0,2932,2933,C
3-PA,1368,0,2918,0,1,2919,T
3-PA,1369,1,0,2918,0,2919,G
3-PA,1370,2911,0,1,0,2912,A
3-PA,1371,2857,0,3,0,2860,A
3-PA,1372,0,2913,0,0,2913,T
3-PA,1373,2942,0,1,0,2943,A
3-PA,1374,1,1,0,2971,2973,C
3-PA,1375,2910,0,0,0,2910,A
3-PA,1376,0,2912,0,0,2912,T
3-PA,1377,2892,0,1,0,2893,A
3-PA,1378,2886,0,2,0,2888,A
3-PA,1379,0,2883,0,0,2883,T
3-PA,1380,0,2,2838,0,2840,G
3-PA,1381,2817,0,0,0,2817,A
3-PA,1382,2776,0,1,0,2777,A
3-PA,1383,0,4,2773,0,2777,G
3-PA,1384,1,5,2755,0,2761,G
3-PA,1385,0,2,2778,0,2780,G
3-PA,1386,0,3,2771,1,2775,G
3-PA,1387,1,0,2792,0,2793,G
3-PA,1388,0,2747,0,1,2748,T
3-PA,1389,2763,0,2,0,2765,A
3-PA,1390,0,2773,0,0,2773,T
3-PA,1391,2788,0,0,0,2788,A
3-PA,1392,0,0,0,3003,3003,C
3-PA,1393,2906,0,0,0,2906,A
3-PA,1394,0,2823,0,1,2824,T
3-PA,1395,0,2796,0,5,2801,T
3-PA,1396,2749,0,0,1,2750,A
3-PA,1397,2792,0,0,0,2792,A
3-PA,1398,0,0,0,2792,2792,C
3-PA,1399,2742,1,0,0,2743,A
3-PA,1400,1,0,0,2750,2751,C
3-PA,1401,0,2401,0,0,2401,T
3-PA,1402,1,0,2490,0,2491,G
3-PA,1403,0,1,0,2474,2475,C
3-PA,1404,2,1,0,2469,2472,C
3-PA,1405,1,0,0,2485,2486,C
3-PA,1406,1,2420,0,0,2421,T
3-PA,1407,0,0,2491,0,2491,G
3-PA,1408,0,0,0,2484,2484,C
3-PA,1409,0,2481,0,4,2485,T
3-PA,1410,1,1,0,2548,2550,C
3-PA,1411,2467,0,0,1,2468,A
3-PA,1412,2487,0,1,0,2488,A
3-PA,1413,0,2490,0,0,2490,T
3-PA,1414,0,0,2489,0,2489,G
3-PA,1415,0,0,0,2472,2472,C
3-PA,1416,2424,0,0,0,2424,A
3-PA,1417,0,2394,1,1,2396,T
3-PA,1418,2,0,0,2400,2402,C
3-PA,1419,3,1,0,2420,2424,C
3-PA,1420,0,2333,0,1,2334,T
3-PA,1421,1,0,2390,0,2391,G
3-PA,1422,0,2380,0,1,2381,T
3-PA,1423,2,0,2371,0,2373,G
3-PA,1424,1,1,0,2369,2371,C
3-PA,1425,2339,0,1,0,2340,A
3-PA,1426,1,0,2357,0,2358,G
3-PA,1427,0,0,0,2349,2349,C
3-PA,1428,2337,0,0,0,2337,A
3-PA,1429,2333,0,1,1,2335,A
3-PA,1430,0,2245,0,0,2245,T
3-PA,1431,0,0,2249,0,2249,G
3-PA,1432,1,1,2244,0,2246,G
3-PA,1433,2248,0,2,0,2250,A
3-PA,1434,0,2,0,2234,2236,C
3-PA,1435,1,1,2217,0,2219,G
3-PA,1436,2241,0,0,0,2241,A
3-PA,1437,0,2237,0,0,2237,T
3-PA,1438,0,2232,0,1,2233,T
3-PA,1439,0,2221,0,0,2221,T
3-PA,1440,0,2216,0,3,2219,T
3-PA,1441,0,0,0,2227,2227,C
3-PA,1442,2230,0,0,0,2230,A
3-PA,1443,2227,1,1,0,2229,A
3-PA,1444,0,1,0,2234,2235,C
3-PA,1445,0,2191,0,0,2191,T
3-PA,1446,2191,0,2,0,2193,A
3-PA,1447,2187,0,2,1,2190,A
3-PA,1448,0,2188,0,0,2188,T
3-PA,1449,0,2174,0,0,2174,T
3-PA,1450,2,1,0,2186,2189,C
3-PA,1451,4,0,0,2189,2193,C
3-PA,1452,1,0,0,2191,2192,C
3-PA,1453,2187,0,1,0,2188,A
3-PA,1454,0,2213,0,2,2215,T
3-PA,1455,0,1,2218,0,2219,G
3-PA,1456,2212,0,0,0,2212,A
3-PA,1457,0,2201,0,0,2201,T
3-PA,1458,2200,0,1,0,2201,A
3-PA,1459,2204,0,1,0,2205,A
3-PA,1460,0,1,2200,0,2201,G
3-PA,1461,0,0,0,2200,2200,C
3-PA,1462,2188,0,0,0,2188,A
3-PA,1463,2115,0,0,0,2115,A
3-PA,1464,1,0,2145,0,2146,G
3-PA,1465,0,2124,0,1,2125,T
3-PA,1466,1,0,2125,0,2126,G
3-PA,1467,0,1,0,2119,2120,C
3-PA,1468,2100,0,0,1,2101,A
3-PA,1469,0,1,2134,0,2135,G
3-PA,1470,2131,0,0,0,2131,A
3-PA,1471,2158,0,1,0,2159,A
3-PA,1472,0,1,0,2152,2153,C
3-PA,1473,0,2104,0,2,2106,T
3-PA,1474,2123,0,0,0,2123,A
3-PA,1475,2119,0,1,0,2120,A
3-PA,1476,2118,0,0,0,2118,A
3-PA,1477,1,4,2122,0,2127,G
3-PA,1478,2036,0,1,0,2037,A
3-PA,1479,2,2,2026,0,2030,G
3-PA,1480,1,2,1979,0,1982,G
3-PA,1481,1,0,1979,0,1980,G
3-PA,1482,1970,0,2,0,1972,A
3-PA,1483,1929,0,1,0,1930,A
3-PA,1484,1,1,1929,0,1931,G
3-PA,1485,1,0,1925,0,1926,G
3-PA,1486,4,0,0,1908,1912,C
3-PA,1487,1,1,1925,0,1927,G
3-PA,1488,1917,0,0,0,1917,A
3-PA,1489,1917,0,0,1,1918,A
3-PA,1490,1915,0,0,1,1916,A
3-PA,1491,1908,0,1,0,1909,A
3-PA,1492,1914,1,0,1,1916,A
3-PA,1493,0,0,0,1920,1920,C
3-PA,1494,1,1,0,1909,1911,C
3-PA,1495,1917,0,0,0,1917,A
3-PA,1496,1932,0,1,0,1933,A
3-PA,1497,0,1931,0,2,1933,T
3-PA,1498,0,1938,0,0,1938,T
3-PA,1499,0,1936,1,1,1938,T
3-PA,1500,1949,0,1,0,1950,A
3-PA,1501,0,1939,0,0,1939,T
3-PA,1502,1943,0,2,0,1945,A
3-PA,1503,0,1927,0,1,1928,T
3-PA,1504,0,0,1911,0,1911,G
3-PA,1505,0,2,1895,0,1897,G
3-PA,1506,1890,0,0,1,1891,A
3-PA,1507,0,1878,1,0,1879,T
3-PA,1508,0,1865,1,1,1867,T
3-PA,1509,1,1,0,1864,1866,C
3-PA,1510,1861,0,0,0,1861,A
3-PA,1511,0,1886,0,1,1887,T
3-PA,1512,0,0,0,1883,1883,C
3-PA,1513,1879,0,1,0,1880,A
3-PA,1514,0,1866,0,0,1866,T
3-PA,1515,1849,0,1,0,1850,A
3-PA,1516,1853,0,1,0,1854,A
3-PA,1517,1859,0,2,0,1861,A
3-PA,1518,1,0,1852,0,1853,G
3-PA,1519,1,2,1820,0,1823,G
3-PA,1520,0,0,1804,0,1804,G
3-PA,1521,1787,0,0,0,1787,A
3-PA,1522,1767,0,2,0,1769,A
3-PA,1523,2,1,1766,0,1769,G
3-PA,1524,1762,0,1,0,1763,A
3-PA,1525,0,1748,0,1,1749,T
3-PA,1526,0,0,0,1751,1751,C
3-PA,1527,0,1720,0,3,1723,T
3-PA,1528,1,0,0,1761,1762,C
3-PA,1529,1756,0,0,0,1756,A
3-PA,1530,0,1754,1,1,1756,T
3-PA,1531,0,1763,0,0,1763,T
3-PA,1532,1,1732,0,0,1733,T
3-PA,1533,1727,0,0,0,1727,A
3-PA,1534,1728,0,0,0,1728,A
3-PA,1535,0,1,1728,0,1729,G
3-PA,1536,0,0,1734,0,1734,G
3-PA,1537,1603,0,0,0,1603,A
3-PA,1538,1600,0,0,0,1600,A
3-PA,1539,0,1605,0,0,1605,T
3-PA,1540,0,1,1609,0,1610,G
3-PA,1541,1655,0,0,0,1655,A
3-PA,1542,0,0,0,1658,1658,C
3-PA,1543,1631,0,3,2,1636,A
3-PA,1544,0,0,0,1643,1643,C
3-PA,1545,1577,0,1,1,1579,A
3-PA,1546,0,0,1592,0,1592,G
3-PA,1547,1577,0,1,0,1578,A
3-PA,1548,1,2,0,1547,1550,C
3-PA,1549,0,0,1539,0,1539,G
3-PA,1550,0,1421,0,1,1422,T
3-PA,1551,0,3,1426,0,1429,G
3-PA,1552,1,0,1433,0,1434,G
3-PA,1553,0,1436,0,0,1436,T
3-PA,1554,1432,0,0,0,1432,A
3-PA,1555,1412,0,0,0,1412,A
3-PA,1556,1413,0,0,0,1413,A
3-PA,1557,0,1402,0,1,1403,T
3-PA,1558,0,1387,0,0,1387,T
3-PA,1559,0,1388,0,1,1389,T
3-PA,1560,0,1370,0,1,1371,T
3-PA,1561,1,0,1368,0,1369,G
3-PA,1562,0,1334,0,0,1334,T
3-PA,1563,0,0,1340,0,1340,G
3-PA,1564,1331,0,2,0,1333,A
3-PA,1565,1,1,1331,0,1333,G
3-PA,1566,0,0,0,1318,1318,C
3-PA,1567,1317,1,0,0,1318,A
3-PA,1568,0,1316,0,2,1318,T
3-PA,1569,0,0,1325,0,1325,G
3-PA,1570,1,0,1323,0,1324,G
3-PA,1571,1327,0,1,0,1328,A
3-PA,1572,0,0,1329,0,1329,G
3-PA,1573,0,1299,0,0,1299,T
3-PA,1574,0,1280,1,1,1282,T
3-PA,1575,0,1286,0,0,1286,T
3-PA,1576,0,1277,0,1,1278,T
3-PA,1577,0,2,0,1286,1288,C
3-PA,1578,0,1278,0,0,1278,T
3-PA,1579,0,0,0,1271,1271,C
3-PA,1580,1,1228,1,2,1232,T
3-PA,1581,0,1,0,1228,1229,C
3-PA,1582,1228,0,0,0,1228,A
3-PA,1583,0,1,0,1228,1229,C
3-PA,1584,0,1197,0,1,1198,T
3-PA,1585,0,0,1193,0,1193,G
3-PA,1586,1180,0,1,0,1181,A
3-PA,1587,0,0,0,1202,1202,C
3-PA,1588,0,2,0,1184,1186,C
3-PA,1589,1,0,0,1168,1169,C
3-PA,1590,3,0,1161,0,1164,G
3-PA,1591,1160,0,0,0,1160,A
3-PA,1592,0,0,1160,0,1160,G
3-PA,1593,1159,0,1,0,1160,A
3-PA,1594,0,0,0,1128,1128,C
3-PA,1595,0,1103,0,0,1103,T
3-PA,1596,0,1048,0,2,1050,T
3-PA,1597,0,0,1048,0,1048,G
3-PA,1598,1039,0,0,0,1039,A
3-PA,1599,0,1,1046,0,1047,G
3-PA,1600,1,1,0,1033,1035,C
3-PA,1601,0,0,0,997,997,C
3-PA,1602,992,0,2,0,994,A
3-PA,1603,2,0,0,1001,1003,C
3-PA,1604,1005,0,0,0,1005,A
3-PA,1605,0,1003,0,1,1004,T
3-PA,1606,1003,0,0,0,1003,A
3-PA,1607,991,0,1,0,992,A
3-PA,1608,989,0,0,0,989,A
3-PA,1609,0,961,0,0,961,T
3-PA,1610,0,0,970,0,970,G
3-PA,1611,0,0,872,0,872,G
3-PA,1612,0,0,866,0,866,G
3-PA,1613,830,0,1,0,831,A
3-PA,1614,1,1,835,0,837,G
3-PA,1615,820,0,0,0,820,A
3-PA,1616,808,0,0,0,808,A
3-PA,1617,810,1,0,0,811,A
3-PA,1618,0,808,0,0,808,T
3-PA,1619,799,0,0,0,799,A
3-PA,1620,0,0,0,803,803,C
3-PA,1621,0,540,0,0,540,T
3-PA,1622,1,0,543,0,544,G
3-PA,1623,0,408,0,0,408,T
3-PA,1624,0,0,422,0,422,G
3-PA,1625,0,402,0,0,402,T
3-PA,1626,0,0,0,345,345,C
3-PA,1627,0,0,0,343,343,C
3-PA,1628,0,333,0,0,333,T
3-PA,1629,0,332,0,0,332,T
3-PA,1630,0,0,338,0,338,G
3-PA,1631,335,0,1,0,336,A
3-PA,1632,0,0,343,0,343,G
3-PA,1633,313,0,1,0,314,A
3-PA,1634,0,315,0,0,315,T
3-PA,1635,314,0,1,0,315,A
3-PA,1636,0,0,324,0,324,G
3-PA,1637,0,0,322,0,322,G
3-PA,1638,318,0,0,0,318,A
3-PA,1639,0,0,323,0,323,G
3-PA,1640,317,0,0,0,317,A
3-PA,1641,0,313,0,0,313,T
3-PA,1642,319,0,1,0,320,A
3-PA,1643,0,322,0,0,322,T
3-PA,1644,0,0,326,0,326,G
3-PA,1645,0,328,0,0,328,T
3-PA,1646,0,326,0,2,328,T
3-PA,1647,335,0,0,0,335,A
3-PA,1648,1,0,0,332,333,C
3-PA,1649,0,333,0,0,333,T
3-PA,1650,334,0,0,1,335,A
3-PA,1651,331,0,0,0,331,A
3-PA,1652,0,0,335,0,335,G
3-PA,1653,329,0,0,0,329,A
3-PA,1654,324,0,0,0,324,A
3-PA,1655,1,0,315,0,316,G
3-PA,1656,0,313,0,0,313,T
3-PA,1657,0,1,320,0,321,G
3-PA,1658,0,0,0,322,322,C
3-PA,1659,0,0,0,325,325,C
3-PA,1660,327,0,0,0,327,A
3-PA,1661,0,318,0,0,318,T
3-PA,1662,320,0,0,0,320,A
3-PA,1663,0,0,319,0,319,G
3-PA,1664,0,0,310,0,310,G
3-PA,1665,0,0,0,315,315,C
3-PA,1666,1,0,0,313,314,C
3-PA,1667,316,0,0,0,316,A
3-PA,1668,316,0,1,0,317,A
3-PA,1669,315,0,0,0,315,A
3-PA,1670,0,320,0,0,320,T
3-PA,1671,0,316,0,0,316,T
3-PA,1672,0,314,0,0,314,T
3-PA,1673,0,0,0,314,314,C
3-PA,1674,307,0,0,0,307,A
3-PA,1675,313,0,0,0,313,A
3-PA,1676,0,0,316,0,316,G
3-PA,1677,0,0,313,0,313,G
3-PA,1678,0,0,0,318,318,C
3-PA,1679,0,0,0,315,315,C
3-PA,1680,317,0,0,0,317,A
3-PA,1681,329,0,0,0,329,A
3-PA,1682,0,328,0,0,328,T
3-PA,1683,0,0,336,0,336,G
3-PA,1684,0,331,0,0,331,T
3-PA,1685,0,338,0,0,338,T
3-PA,1686,1,0,0,342,343,C
3-PA,1687,1,342,0,0,343,T
3-PA,1688,0,345,0,1,346,T
3-PA,1689,0,0,348,0,348,G
3-PA,1690,0,342,0,0,342,T
3-PA,1691,341,0,0,0,341,A
3-PA,1692,0,334,0,0,334,T
3-PA,1693,0,0,336,0,336,G
3-PA,1694,0,326,0,0,326,T
3-PA,1695,0,0,328,0,328,G
3-PA,1696,329,0,0,0,329,A
3-PA,1697,0,1,326,0,327,G
3-PA,1698,0,0,328,0,328,G
3-PA,1699,326,0,0,0,326,A
3-PA,1700,0,0,0,326,326,C
3-PA,1701,326,0,0,0,326,A
3-PA,1702,328,0,0,0,328,A
3-PA,1703,325,0,0,0,325,A
3-PA,1704,0,1,0,327,328,C
3-PA,1705,0,0,328,0,328,G
3-PA,1706,0,0,329,0,329,G
3-PA,1707,326,0,0,0,326,A
3-PA,1708,328,0,0,0,328,A
3-PA,1709,0,0,0,329,329,C
3-PA,1710,333,0,0,0,333,A
3-PA,1711,0,334,0,0,334,T
3-PA,1712,0,0,0,337,337,C
3-PA,1713,336,0,0,0,336,A
3-PA,1714,333,0,0,0,333,A
3-PA,1715,330,0,0,0,330,A
3-PA,1716,0,0,333,0,333,G
3-PA,1717,0,0,332,0,332,G
3-PA,1718,0,326,0,0,326,T
3-PA,1719,1,0,0,326,327,C
3-PA,1720,330,0,0,0,330,A
3-PA,1721,333,0,0,0,333,A
3-PA,1722,333,0,0,0,333,A
3-PA,1723,334,0,0,0,334,A
3-PA,1724,0,336,0,0,336,T
3-PA,1725,0,0,339,0,339,G
3-PA,1726,337,0,0,0,337,A
3-PA,1727,334,0,0,0,334,A
3-PA,1728,336,0,0,0,336,A
3-PA,1729,0,337,0,0,337,T
3-PA,1730,0,0,330,0,330,G
3-PA,1731,0,1,329,0,330,G
3-PA,1732,0,0,334,0,334,G
3-PA,1733,0,0,340,0,340,G
3-PA,1734,338,0,0,0,338,A
3-PA,1735,337,0,0,0,337,A
3-PA,1736,0,339,0,0,339,T
3-PA,1737,0,0,339,0,339,G
3-PA,1738,0,1,340,0,341,G
3-PA,1739,342,0,0,0,342,A
3-PA,1740,0,0,348,0,348,G
3-PA,1741,342,0,3,0,345,A
3-PA,1742,0,345,0,0,345,T
3-PA,1743,0,0,347,0,347,G
3-PA,1744,346,0,0,0,346,A
3-PA,1745,0,1,344,0,345,G
3-PA,1746,344,0,0,0,344,A
3-PA,1747,0,0,0,348,348,C
3-PA,1748,0,0,347,0,347,G
3-PA,1749,0,345,0,0,345,T
3-PA,1750,0,345,0,0,345,T
3-PA,1751,0,0,345,0,345,G
3-PA,1752,0,0,0,343,343,C
3-PA,1753,0,0,0,342,342,C
3-PA,1754,0,340,0,0,340,T
3-PA,1755,1,0,0,345,346,C
3-PA,1756,0,0,0,349,349,C
3-PA,1757,0,349,0,0,349,T
3-PA,1758,0,352,0,0,352,T
3-PA,1759,0,0,1,352,353,C
3-PA,1760,347,0,0,0,347,A
3-PA,1761,0,0,344,0,344,G
3-PA,1762,0,345,0,0,345,T
3-PA,1763,0,0,0,350,350,C
3-PA,1764,342,0,0,0,342,A
3-PA,1765,0,0,0,356,356,C
3-PA,1766,0,357,0,0,357,T
3-PA,1767,0,0,0,354,354,C
3-PA,1768,0,0,0,361,361,C
3-PA,1769,356,0,1,0,357,A
3-PA,1770,0,0,357,0,357,G
3-PA,1771,0,0,0,356,356,C
3-PA,1772,356,0,0,0,356,A
3-PA,1773,0,0,359,0,359,G
3-PA,1774,345,0,0,0,345,A
3-PA,1775,0,345,0,1,346,T
3-PA,1776,0,0,0,350,350,C
3-PA,1777,0,0,348,0,348,G
3-PA,1778,343,0,0,0,343,A
3-PA,1779,0,0,351,0,351,G
3-PA,1780,349,0,0,0,349,A
3-PA,1781,0,0,350,0,350,G
3-PA,1782,0,0,0,350,350,C
3-PA,1783,351,0,0,0,351,A
3-PA,1784,0,351,0,0,351,T
3-PA,1785,0,0,357,0,357,G
3-PA,1786,356,0,0,0,356,A
3-PA,1787,0,360,0,0,360,T
3-PA,1788,0,358,0,0,358,T
3-PA,1789,0,0,355,0,355,G
3-PA,1790,352,0,0,0,352,A
3-PA,1791,355,0,0,0,355,A
3-PA,1792,0,0,355,0,355,G
3-PA,1793,0,0,0,351,351,C
3-PA,1794,0,0,0,348,348,C
3-PA,1795,0,0,347,0,347,G
3-PA,1796,351,0,0,0,351,A
3-PA,1797,0,0,349,0,349,G
3-PA,1798,0,349,0,0,349,T
3-PA,1799,0,0,0,348,348,C
3-PA,1800,0,0,0,348,348,C
3-PA,1801,0,337,0,0,337,T
3-PA,1802,0,0,0,355,355,C
3-PA,1803,0,0,354,0,354,G
3-PA,1804,0,0,368,0,368,G
3-PA,1805,0,368,0,0,368,T
3-PA,1806,0,362,0,0,362,T
3-PA,1807,364,0,0,0,364,A
3-PA,1808,362,0,0,0,362,A
3-PA,1809,364,0,0,0,364,A
3-PA,1810,0,0,368,0,368,G
3-PA,1811,359,0,0,0,359,A
3-PA,1812,0,0,359,0,359,G
3-PA,1813,349,0,0,0,349,A
3-PA,1814,348,0,0,0,348,A
3-PA,1815,346,0,1,0,347,A
3-PA,1816,0,0,351,0,351,G
3-PA,1817,350,0,1,0,351,A
3-PA,1818,0,1,0,351,352,C
3-PA,1819,344,0,0,0,344,A
3-PA,1820,0,340,0,0,340,T
3-PA,1821,0,0,343,0,343,G
3-PA,1822,340,0,0,0,340,A
3-PA,1823,0,0,0,340,340,C
3-PA,1824,0,0,0,342,342,C
3-PA,1825,341,0,0,0,341,A
3-PA,1826,341,0,1,0,342,A
3-PA,1827,341,0,0,0,341,A
3-PA,1828,0,0,345,0,345,G
3-PA,1829,343,0,0,0,343,A
3-PA,1830,0,0,344,0,344,G
3-PA,1831,0,339,0,0,339,T
3-PA,1832,0,339,0,0,339,T
3-PA,1833,0,340,0,0,340,T
3-PA,1834,0,336,0,0,336,T
3-PA,1835,1,341,0,0,342,T
3-PA,1836,0,342,0,0,342,T
3-PA,1837,0,1,342,0,343,G
3-PA,1838,338,0,0,0,338,A
3-PA,1839,0,0,336,0,336,G
3-PA,1840,337,0,0,0,337,A
3-PA,1841,335,0,0,0,335,A
3-PA,1842,0,335,0,0,335,T
3-PA,1843,337,0,0,0,337,A
3-PA,1844,344,0,0,0,344,A
3-PA,1845,345,0,0,0,345,A
3-PA,1846,0,345,0,0,345,T
3-PA,1847,0,0,0,347,347,C
3-PA,1848,345,0,0,0,345,A
3-PA,1849,0,0,346,0,346,G
3-PA,1850,344,0,0,1,345,A
3-PA,1851,344,0,0,0,344,A
3-PA,1852,0,0,347,0,347,G
3-PA,1853,0,0,0,336,336,C
3-PA,1854,340,0,0,0,340,A
3-PA,1855,0,336,0,0,336,T
3-PA,1856,0,0,338,0,338,G
3-PA,1857,0,0,339,0,339,G
3-PA,1858,0,1,0,331,332,C
3-PA,1859,0,0,0,339,339,C
3-PA,1860,0,0,0,338,338,C
3-PA,1861,347,0,0,0,347,A
3-PA,1862,0,346,0,0,346,T
3-PA,1863,0,348,0,0,348,T
3-PA,1864,1,1,348,0,350,G
3-PA,1865,0,0,347,0,347,G
3-PA,1866,0,0,347,0,347,G
3-PA,1867,0,0,349,0,349,G
3-PA,1868,332,0,0,0,332,A
3-PA,1869,0,0,338,0,338,G
3-PA,1870,0,327,0,0,327,T
3-PA,1871,0,0,0,333,333,C
3-PA,1872,0,0,0,346,346,C
3-PA,1873,1,0,0,347,348,C
3-PA,1874,0,0,0,346,346,C
3-PA,1875,1,0,0,344,345,C
3-PA,1876,344,0,0,0,344,A
3-PA,1877,343,0,0,0,343,A
3-PA,1878,0,0,345,0,345,G
3-PA,1879,1,0,338,0,339,G
3-PA,1880,0,0,342,0,342,G
3-PA,1881,299,0,0,0,299,A
3-PA,1882,0,0,301,0,301,G
3-PA,1883,0,300,0,0,300,T
3-PA,1884,0,0,301,0,301,G
3-PA,1885,0,0,302,0,302,G
3-PA,1886,302,0,0,0,302,A
3-PA,1887,304,0,0,0,304,A
3-PA,1888,0,0,299,0,299,G
3-PA,1889,294,0,0,0,294,A
3-PA,1890,294,0,0,0,294,A
3-PA,1891,0,0,291,0,291,G
3-PA,1892,0,1,290,0,291,G
3-PA,1893,0,295,0,0,295,T
3-PA,1894,0,290,0,0,290,T
3-PA,1895,1,0,0,291,292,C
3-PA,1896,0,0,0,293,293,C
3-PA,1897,296,0,0,0,296,A
3-PA,1898,0,296,0,0,296,T
3-PA,1899,0,294,0,0,294,T
3-PA,1900,0,0,291,0,291,G
3-PA,1901,0,0,293,0,293,G
3-PA,1902,0,0,292,0,292,G
3-PA,1903,292,0,0,0,292,A
3-PA,1904,292,0,0,0,292,A
3-PA,1905,292,0,0,0,292,A
3-PA,1906,0,0,297,0,297,G
3-PA,1907,0,293,0,2,295,T
3-PA,1908,1,0,0,296,297,C
3-PA,1909,0,297,0,0,297,T
3-PA,1910,0,0,299,0,299,G
3-PA,1911,0,296,0,0,296,T
3-PA,1912,297,0,0,0,297,A
3-PA,1913,0,0,298,0,298,G
3-PA,1914,0,0,291,0,291,G
3-PA,1915,279,0,0,0,279,A
3-PA,1916,0,0,0,283,283,C
3-PA,1917,0,273,0,0,273,T
3-PA,1918,0,0,0,288,288,C
3-PA,1919,0,289,0,0,289,T
3-PA,1920,288,0,0,0,288,A
3-PA,1921,0,288,0,0,288,T
3-PA,1922,0,289,0,0,289,T
3-PA,1923,0,0,292,0,292,G
3-PA,1924,0,0,292,0,292,G
3-PA,1925,0,0,0,289,289,C
3-PA,1926,0,291,0,0,291,T
3-PA,1927,271,0,0,0,271,A
3-PA,1928,274,0,1,0,275,A
3-PA,1929,0,0,276,0,276,G
3-PA,1930,0,270,0,1,271,T
3-PA,1931,0,0,0,274,274,C
3-PA,1932,271,0,0,0,271,A
3-PA,1933,0,0,284,0,284,G
3-PA,1934,0,284,0,0,284,T
3-PA,1935,294,0,0,0,294,A
3-PA,1936,0,294,0,0,294,T
3-PA,1937,0,291,0,0,291,T
3-PA,1938,0,0,0,293,293,C
3-PA,1939,292,0,0,0,292,A
3-PA,1940,291,0,0,0,291,A
3-PA,1941,0,290,1,0,291,T
3-PA,1942,273,0,0,0,273,A
3-PA,1943,0,0,275,0,275,G
3-PA,1944,0,0,0,268,268,C
3-PA,1945,0,0,0,272,272,C
3-PA,1946,0,268,0,0,268,T
3-PA,1947,0,0,273,0,273,G
3-PA,1948,0,273,0,0,273,T
3-PA,1949,273,0,0,0,273,A
3-PA,1950,0,274,0,0,274,T
3-PA,1951,0,0,268,0,268,G
3-PA,1952,0,0,0,266,266,C
3-PA,1953,262,1,0,0,263,A
3-PA,1954,0,260,0,0,260,T
3-PA,1955,0,0,0,256,256,C
3-PA,1956,248,0,0,0,248,A
3-PA,1957,0,0,0,252,252,C
3-PA,1958,0,0,0,246,246,C
3-PA,1959,249,0,0,0,249,A
3-PA,1960,0,0,0,252,252,C
3-PA,1961,250,0,0,0,250,A
3-PA,1962,250,0,0,0,250,A
3-PA,1963,0,251,0,0,251,T
3-PA,1964,0,252,0,0,252,T
3-PA,1965,0,0,249,0,249,G
3-PA,1966,0,0,245,0,245,G
3-PA,1967,246,0,0,0,246,A
3-PA,1968,246,0,0,0,246,A
3-PA,1969,0,0,244,0,244,G
3-PA,1970,0,0,246,0,246,G
3-PA,1971,245,0,0,0,245,A
3-PA,1972,0,246,0,0,246,T
3-PA,1973,0,245,0,0,245,T
3-PA,1974,0,246,0,0,246,T
3-PA,1975,0,239,0,0,239,T
3-PA,1976,0,0,0,244,244,C
3-PA,1977,242,0,0,0,242,A
3-PA,1978,0,0,243,0,243,G
3-PA,1979,0,0,0,242,242,C
3-PA,1980,0,0,241,0,241,G
3-PA,1981,0,0,244,0,244,G
3-PA,1982,241,0,0,0,241,A
3-PA,1983,0,0,242,0,242,G
3-PA,1984,0,246,0,0,246,T
3-PA,1985,0,0,0,247,247,C
3-PA,1986,245,0,1,0,246,A
3-PA,1987,248,0,1,0,249,A
3-PA,1988,0,0,248,0,248,G
3-PA,1989,249,0,0,0,249,A
3-PA,1990,246,0,0,0,246,A
3-PA,1991,244,0,0,0,244,A
3-PA,1992,240,0,0,0,240,A
3-PA,1993,0,0,0,243,243,C
3-PA,1994,0,242,0,0,242,T
3-PA,1995,0,0,241,0,241,G
3-PA,1996,0,0,0,236,236,C
3-PA,1997,0,238,0,0,238,T
3-PA,1998,0,0,0,240,240,C
3-PA,1999,0,0,0,238,238,C
3-PA,2000,0,240,0,0,240,T
3-PA,2001,0,240,0,0,240,T
3-PA,2002,0,0,242,0,242,G
3-PA,2003,0,242,0,1,243,T
3-PA,2004,0,240,0,0,240,T
3-PA,2005,0,0,243,0,243,G
3-PA,2006,0,243,0,0,243,T
3-PA,2007,0,241,0,0,241,T
3-PA,2008,0,0,0,240,240,C
3-PA,2009,239,0,1,0,240,A
3-PA,2010,0,0,240,0,240,G
3-PA,2011,0,0,235,0,235,G
3-PA,2012,0,0,0,241,241,C
3-PA,2013,0,238,0,0,238,T
3-PA,2014,0,0,0,237,237,C
3-PA,2015,0,237,0,0,237,T
3-PA,2016,0,240,0,0,240,T
3-PA,2017,239,0,0,1,240,A
3-PA,2018,0,0,237,0,237,G
3-PA,2019,0,0,239,0,239,G
3-PA,2020,0,0,238,0,238,G
3-PA,2021,232,0,0,0,232,A
3-PA,2022,0,1,0,230,231,C
3-PA,2023,217,0,0,0,217,A
3-PA,2024,215,0,0,0,215,A
3-PA,2025,0,0,0,220,220,C
3-PA,2026,0,0,0,218,218,C
3-PA,2027,0,219,0,0,219,T
3-PA,2028,0,0,0,220,220,C
3-PA,2029,0,0,219,0,219,G
3-PA,2030,217,0,0,0,217,A
3-PA,2031,215,0,0,0,215,A
3-PA,2032,0,0,0,221,221,C
3-PA,2033,0,0,0,214,214,C
3-PA,2034,0,209,0,0,209,T
3-PA,2035,0,0,210,0,210,G
3-PA,2036,0,1,210,0,211,G
3-PA,2037,0,0,210,0,210,G
3-PA,2038,205,0,0,0,205,A
3-PA,2039,0,0,0,208,208,C
3-PA,2040,1,0,0,201,202,C
3-PA,2041,0,202,0,0,202,T
3-PA,2042,0,204,0,0,204,T
3-PA,2043,0,204,0,0,204,T
3-PA,2044,0,0,205,0,205,G
3-PA,2045,203,0,0,0,203,A
3-PA,2046,0,205,0,0,205,T
3-PA,2047,0,0,0,207,207,C
3-PA,2048,0,202,0,0,202,T
3-PA,2049,0,201,0,0,201,T
3-PA,2050,0,0,203,0,203,G
3-PA,2051,0,2,199,0,201,G
3-PA,2052,0,0,202,0,202,G
3-PA,2053,0,0,202,0,202,G
3-PA,2054,0,0,200,0,200,G
3-PA,2055,0,0,200,0,200,G
3-PA,2056,0,0,0,197,197,C
3-PA,2057,0,200,0,0,200,T
3-PA,2058,202,0,0,0,202,A
3-PA,2059,0,203,0,0,203,T
3-PA,2060,201,0,0,0,201,A
3-PA,2061,0,201,0,0,201,T
3-PA,2062,0,0,197,0,197,G
3-PA,2063,193,0,0,0,193,A
3-PA,2064,190,0,0,0,190,A
3-PA,2065,0,0,188,0,188,G
3-PA,2066,0,0,0,189,189,C
3-PA,2067,180,0,0,0,180,A
3-PA,2068,183,0,0,0,183,A
3-PA,2069,0,182,0,0,182,T
3-PA,2070,0,183,0,0,183,T
3-PA,2071,0,0,184,0,184,G
3-PA,2072,184,0,0,0,184,A
3-PA,2073,0,0,181,0,181,G
3-PA,2074,0,0,183,0,183,G
3-PA,2075,171,0,0,0,171,A
3-PA,2076,0,0,173,0,173,G
3-PA,2077,0,164,0,0,164,T
3-PA,2078,0,0,164,0,164,G
3-PA,2079,0,1,0,162,163,C
3-PA,2080,0,0,0,165,165,C
3-PA,2081,0,162,0,1,163,T
3-PA,2082,0,0,164,0,164,G
3-PA,2083,162,0,0,0,162,A
3-PA,2084,0,163,0,0,163,T
3-PA,2085,0,160,0,0,160,T
3-PA,2086,157,0,1,0,158,A
3-PA,2087,159,0,0,0,159,A
3-PA,2088,0,157,0,0,157,T
3-PA,2089,0,0,158,0,158,G
3-PA,2090,156,0,0,0,156,A
3-PA,2091,0,139,0,0,139,T
3-PA,2092,0,0,0,144,144,C
3-PA,2093,0,0,0,141,141,C
3-PA,2094,0,0,0,140,140,C
3-PA,2095,0,141,0,0,141,T
3-PA,2096,0,0,142,0,142,G
3-PA,2097,0,0,143,0,143,G
3-PA,2098,0,0,146,0,146,G
3-PA,2099,0,143,1,0,144,T
3-PA,2100,0,136,0,0,136,T
3-PA,2101,0,138,0,0,138,T
3-PA,2102,0,137,0,0,137,T
3-PA,2103,0,0,135,0,135,G
3-PA,2104,0,0,0,138,138,C
3-PA,2105,0,137,0,1,138,T
3-PA,2106,2,0,0,135,137,C
3-PA,2107,132,0,0,0,132,A
3-PA,2108,132,0,0,0,132,A
3-PA,2109,0,132,0,0,132,T
3-PA,2110,0,0,131,0,131,G
3-PA,2111,0,0,0,130,130,C
3-PA,2112,0,0,130,0,130,G
3-PA,2113,0,133,0,0,133,T
3-PA,2114,1,0,0,132,133,C
3-PA,2115,0,131,0,0,131,T
3-PA,2116,0,131,0,0,131,T
3-PA,2117,0,0,130,0,130,G
3-PA,2118,0,0,132,0,132,G
3-PA,2119,0,131,0,0,131,T
3-PA,2120,0,128,0,0,128,T
3-PA,2121,0,0,1,124,125,C
3-PA,2122,122,0,0,0,122,A
3-PA,2123,121,0,0,0,121,A
3-PA,2124,0,0,0,122,122,C
3-PA,2125,0,118,0,0,118,T
3-PA,2126,1,0,0,119,120,C
3-PA,2127,1,0,0,118,119,C
3-PA,2128,0,118,0,0,118,T
3-PA,2129,0,117,0,0,117,T
3-PA,2130,0,0,0,119,119,C
3-PA,2131,0,0,0,120,120,C
3-PA,2132,0,115,0,0,115,T
3-PA,2133,0,0,115,0,115,G
3-PA,2134,115,0,0,0,115,A
3-PA,2135,0,0,0,111,111,C
3-PA,2136,108,0,1,0,109,A
3-PA,2137,0,0,0,99,99,C
3-PA,2138,98,0,0,0,98,A
3-PA,2139,0,99,0,0,99,T
3-PA,2140,0,0,97,0,97,G
3-PA,2141,0,0,0,96,96,C
3-PA,2142,98,0,0,0,98,A
3-PA,2143,0,97,0,0,97,T
3-PA,2144,0,96,0,0,96,T
3-PA,2145,96,0,0,0,96,A
3-PA,2146,96,0,0,0,96,A
3-PA,2147,96,0,0,0,96,A
3-PA,2148,96,0,0,0,96,A
3-PA,2149,0,96,0,0,96,T
3-PA,2150,72,0,0,0,72,A
3-PA,2151,0,0,71,0,71,G
4-HA,1,95,0,0,0,95,A
4-HA,2,0,95,0,0,95,T
4-HA,3,0,0,99,0,99,G
4-HA,4,100,0,0,0,100,A
4-HA,5,99,0,1,0,100,A
4-HA,6,0,0,116,0,116,G
4-HA,7,116,0,0,0,116,A
4-HA,8,0,0,0,127,127,C
4-HA,9,0,127,0,0,127,T
4-HA,10,130,0,0,0,130,A
4-HA,11,0,140,0,0,140,T
4-HA,12,0,1,0,139,140,C
4-HA,13,140,0,0,0,140,A
4-HA,14,0,140,0,0,140,T
4-HA,15,0,140,0,0,140,T
4-HA,16,0,0,153,0,153,G
4-HA,17,0,0,0,153,153,C
4-HA,18,0,153,0,0,153,T
4-HA,19,0,153,0,0,153,T
4-HA,20,0,153,0,0,153,T
4-HA,21,0,0,162,0,162,G
4-HA,22,161,0,0,0,161,A
4-HA,23,0,0,169,0,169,G
4-HA,24,0,0,0,169,169,C
4-HA,25,0,171,0,0,171,T
4-HA,26,181,0,0,0,181,A
4-HA,27,0,0,0,183,183,C
4-HA,28,182,0,0,0,182,A
4-HA,29,0,202,0,0,202,T
4-HA,30,0,201,0,0,201,T
4-HA,31,0,0,0,206,206,C
4-HA,32,0,206,0,0,206,T
4-HA,33,215,0,0,0,215,A
4-HA,34,0,218,0,0,218,T
4-HA,35,0,0,218,0,218,G
4-HA,36,0,217,0,0,217,T
4-HA,37,0,0,0,217,217,C
4-HA,38,0,217,0,1,218,T
4-HA,39,0,0,221,0,221,G
4-HA,40,0,0,221,0,221,G
4-HA,41,0,221,0,0,221,T
4-HA,42,0,218,0,0,218,T
4-HA,43,0,220,0,0,220,T
4-HA,44,0,221,0,0,221,T
4-HA,45,0,0,0,222,222,C
4-HA,46,0,0,222,0,222,G
4-HA,47,0,0,0,220,220,C
4-HA,48,0,221,0,0,221,T
4-HA,49,0,0,0,222,222,C
4-HA,50,222,0,0,0,222,A
4-HA,51,225,0,0,0,225,A
4-HA,52,224,0,0,0,224,A
4-HA,53,221,0,0,0,221,A
4-HA,54,224,0,0,0,224,A
4-HA,55,0,0,0,223,223,C
4-HA,56,0,223,0,0,223,T
4-HA,57,0,226,0,0,226,T
4-HA,58,1,0,0,222,223,C
4-HA,59,0,0,0,226,226,C
4-HA,60,0,225,0,0,225,T
4-HA,61,0,0,231,0,231,G
4-HA,62,0,0,232,0,232,G
4-HA,63,233,0,0,0,233,A
4-HA,64,239,0,0,0,239,A
4-HA,65,235,0,2,0,237,A
4-HA,66,0,240,0,0,240,T
4-HA,67,0,0,243,0,243,G
4-HA,68,244,0,0,0,244,A
4-HA,69,0,0,0,246,246,C
4-HA,70,245,0,0,0,245,A
4-HA,71,244,0,0,0,244,A
4-HA,72,0,0,0,247,247,C
4-HA,73,247,0,0,0,247,A
4-HA,74,0,0,246,0,246,G
4-HA,75,0,0,0,246,246,C
4-HA,76,247,0,0,0,247,A
4-HA,77,0,0,0,251,251,C
4-HA,78,0,0,250,0,250,G
4-HA,79,0,0,254,0,254,G
4-HA,80,0,0,0,254,254,C
4-HA,81,253,0,0,0,253,A
4-HA,82,257,0,0,0,257,A
4-HA,83,0,0,0,260,260,C
4-HA,84,0,0,264,0,264,G
4-HA,85,0,0,0,263,263,C
4-HA,86,0,262,0,0,262,T
4-HA,87,0,0,265,0,265,G
4-HA,88,0,263,0,0,263,T
4-HA,89,0,0,278,0,278,G
4-HA,90,0,0,0,284,284,C
4-HA,91,0,0,0,287,287,C
4-HA,92,0,286,0,0,286,T
4-HA,93,0,284,0,0,284,T
4-HA,94,0,0,290,0,290,G
4-HA,95,0,0,288,0,288,G
4-HA,96,0,0,297,0,297,G
4-HA,97,0,0,0,296,296,C
4-HA,98,296,0,0,0,296,A
4-HA,99,0,0,0,296,296,C
4-HA,100,0,0,0,292,292,C
4-HA,101,327,0,0,0,327,A
4-HA,102,0,329,0,0,329,T
4-HA,103,0,0,328,0,328,G
4-HA,104,0,0,0,329,329,C
4-HA,105,327,0,0,0,327,A
4-HA,106,0,0,350,0,350,G
4-HA,107,0,349,0,0,349,T
4-HA,108,357,0,0,0,357,A
4-HA,109,0,1,0,354,355,C
4-HA,110,0,0,0,343,343,C
4-HA,111,342,0,0,0,342,A
4-HA,112,339,0,0,0,339,A
4-HA,113,343,0,0,0,343,A
4-HA,114,0,0,0,346,346,C
4-HA,115,0,0,336,0,336,G
4-HA,116,0,1,338,0,339,G
4-HA,117,336,0,0,0,336,A
4-HA,118,339,0,0,0,339,A
4-HA,119,0,1,0,339,340,C
4-HA,120,0,0,340,0,340,G
4-HA,121,342,0,0,0,342,A
4-HA,122,0,341,0,0,341,T
4-HA,123,344,0,1,0,345,A
4-HA,124,1,0,345,0,346,G
4-HA,125,0,338,0,0,338,T
4-HA,126,0,0,345,0,345,G
4-HA,127,346,0,0,0,346,A
4-HA,128,348,0,0,0,348,A
4-HA,129,348,0,0,0,348,A
4-HA,130,345,0,0,0,345,A
4-HA,131,0,0,0,346,346,C
4-HA,132,346,0,0,0,346,A
4-HA,133,345,0,0,0,345,A
4-HA,134,0,347,0,0,347,T
4-HA,135,0,1,0,345,346,C
4-HA,136,347,0,0,0,347,A
4-HA,137,0,0,0,345,345,C
4-HA,138,1,1,344,0,346,G
4-HA,139,345,0,0,0,345,A
4-HA,140,343,0,1,0,344,A
4-HA,141,0,347,0,0,347,T
4-HA,142,0,1,348,0,349,G
4-HA,143,349,0,2,0,351,A
4-HA,144,0,0,0,350,350,C
4-HA,145,1,0,0,352,353,C
4-HA,146,356,0,0,0,356,A
4-HA,147,358,0,0,0,358,A
4-HA,148,357,0,0,0,357,A
4-HA,149,0,357,0,0,357,T
4-HA,150,0,356,0,0,356,T
4-HA,151,0,0,358,0,358,G
4-HA,152,355,0,0,0,355,A
4-HA,153,356,0,1,0,357,A
4-HA,154,0,0,357,0,357,G
4-HA,155,0,357,0,0,357,T
4-HA,156,0,363,0,0,363,T
4-HA,157,364,0,0,0,364,A
4-HA,158,0,0,0,364,364,C
4-HA,159,0,363,0,0,363,T
4-HA,160,362,0,0,0,362,A
4-HA,161,373,0,0,1,374,A
4-HA,162,0,369,0,0,369,T
4-HA,163,0,0,372,0,372,G
4-HA,164,0,0,0,389,389,C
4-HA,165,0,385,0,0,385,T
4-HA,166,386,0,0,0,386,A
4-HA,167,0,1,0,387,388,C
4-HA,168,0,386,0,0,386,T
4-HA,169,0,1,388,0,389,G
4-HA,170,388,0,0,0,388,A
4-HA,171,0,0,389,0,389,G
4-HA,172,0,0,0,390,390,C
4-HA,173,0,377,0,0,377,T
4-HA,174,0,0,384,0,384,G
4-HA,175,0,0,389,0,389,G
4-HA,176,0,390,0,0,390,T
4-HA,177,0,394,0,0,394,T
4-HA,178,0,0,0,394,394,C
4-HA,179,389,0,1,0,390,A
4-HA,180,0,0,392,0,392,G
4-HA,181,393,0,0,0,393,A
4-HA,182,0,0,402,0,402,G
4-HA,183,0,399,0,0,399,T
4-HA,184,0,395,0,0,395,T
4-HA,185,0,0,0,395,395,C
4-HA,186,0,0,0,396,396,C
4-HA,187,0,396,0,0,396,T
4-HA,188,0,0,0,397,397,C
4-HA,189,398,0,0,0,398,A
4-HA,190,398,0,0,0,398,A
4-HA,191,0,0,0,400,400,C
4-HA,192,394,0,0,0,394,A
4-HA,193,0,0,399,0,399,G
4-HA,194,0,1,393,0,394,G
4-HA,195,0,391,0,0,391,T
4-HA,196,0,0,395,0,395,G
4-HA,197,394,0,0,0,394,A
4-HA,198,392,0,0,0,392,A
4-HA,199,407,0,1,0,408,A
4-HA,200,0,405,0,0,405,T
4-HA,201,407,0,1,0,408,A
4-HA,202,0,401,0,0,401,T
4-HA,203,0,0,403,0,403,G
4-HA,204,0,0,0,409,409,C
4-HA,205,0,1,405,0,406,G
4-HA,206,404,0,0,0,404,A
4-HA,207,0,0,0,405,405,C
4-HA,208,399,0,0,0,399,A
4-HA,209,0,0,421,0,421,G
4-HA,210,0,418,0,1,419,T
4-HA,211,0,0,0,419,419,C
4-HA,212,0,0,0,422,422,C
4-HA,213,0,418,0,0,418,T
4-HA,214,0,0,0,431,431,C
4-HA,215,430,0,0,0,430,A
4-HA,216,0,429,0,0,429,T
4-HA,217,0,0,0,430,430,C
4-HA,218,409,0,0,0,409,A
4-HA,219,0,0,417,0,417,G
4-HA,220,410,0,0,0,410,A
4-HA,221,0,416,0,0,416,T
4-HA,222,0,0,0,419,419,C
4-HA,223,0,0,0,413,413,C
4-HA,224,0,414,0,0,414,T
4-HA,225,0,415,0,0,415,T
4-HA,226,1,0,414,0,415,G
4-HA,227,415,0,0,0,415,A
4-HA,228,0,416,0,0,416,T
4-HA,229,0,0,422,0,422,G
4-HA,230,0,0,420,0,420,G
4-HA,231,420,0,0,0,420,A
4-HA,232,0,0,421,0,421,G
4-HA,233,417,0,0,0,417,A
4-HA,234,421,0,0,0,421,A
4-HA,235,417,0,1,0,418,A
4-HA,236,418,0,0,0,418,A
4-HA,237,0,0,0,420,420,C
4-HA,238,0,416,0,0,416,T
4-HA,239,0,0,422,0,422,G
4-HA,240,0,1,0,419,420,C
4-HA,241,420,0,0,0,420,A
4-HA,242,0,0,0,429,429,C
4-HA,243,431,0,0,0,431,A
4-HA,244,0,0,0,506,506,C
4-HA,245,0,503,0,0,503,T
4-HA,246,504,0,0,0,504,A
4-HA,247,502,0,0,0,502,A
4-HA,248,0,500,0,0,500,T
4-HA,249,503,0,0,0,503,A
4-HA,250,0,1,502,0,503,G
4-HA,251,496,0,0,0,496,A
4-HA,252,0,482,0,0,482,T
4-HA,253,0,0,460,0,460,G
4-HA,254,0,0,0,458,458,C
4-HA,255,0,461,0,0,461,T
4-HA,256,1,0,0,493,494,C
4-HA,257,0,495,0,0,495,T
4-HA,258,513,0,0,0,513,A
4-HA,259,0,513,0,0,513,T
4-HA,260,0,507,0,0,507,T
4-HA,261,0,0,520,0,520,G
4-HA,262,0,0,519,0,519,G
4-HA,263,0,0,528,0,528,G
4-HA,264,523,0,1,0,524,A
4-HA,265,0,0,528,0,528,G
4-HA,266,521,0,0,0,521,A
4-HA,267,0,1,0,645,646,C
4-HA,268,0,0,0,677,677,C
4-HA,269,0,0,0,678,678,C
4-HA,270,0,677,0,0,677,T
4-HA,271,0,0,0,720,720,C
4-HA,272,718,0,0,0,718,A
4-HA,273,0,0,821,0,821,G
4-HA,274,0,818,0,1,819,T
4-HA,275,0,5,835,0,840,G
4-HA,276,0,809,0,3,812,T
4-HA,277,0,0,811,0,811,G
4-HA,278,806,5,1,0,812,A
4-HA,279,0,810,0,0,810,T
4-HA,280,0,1,812,0,813,G
4-HA,281,1,0,799,0,800,G
4-HA,282,1,0,0,800,801,C
4-HA,283,0,802,0,0,802,T
4-HA,284,0,801,0,1,802,T
4-HA,285,0,0,0,806,806,C
4-HA,286,1,0,0,800,801,C
4-HA,287,805,0,0,0,805,A
4-HA,288,812,0,1,0,813,A
4-HA,289,812,0,0,0,812,A
4-HA,290,818,0,0,0,818,A
4-HA,291,0,824,0,0,824,T
4-HA,292,821,0,0,0,821,A
4-HA,293,820,0,0,0,820,A
4-HA,294,1,1,831,0,833,G
4-HA,295,837,0,1,0,838,A
4-HA,296,844,0,0,0,844,A
4-HA,297,849,0,0,0,849,A
4-HA,298,0,849,0,0,849,T
4-HA,299,0,0,847,0,847,G
4-HA,300,0,0,839,0,839,G
4-HA,301,0,0,841,0,841,G
4-HA,302,827,1,1,0,829,A
4-HA,303,0,0,0,850,850,C
4-HA,304,1,0,0,847,848,C
4-HA,305,0,871,0,0,871,T
4-HA,306,0,873,0,0,873,T
4-HA,307,0,869,0,0,869,T
4-HA,308,0,879,0,0,879,T
4-HA,309,0,877,0,2,879,T
4-HA,310,0,0,884,0,884,G
4-HA,311,0,883,0,0,883,T
4-HA,312,0,880,0,0,880,T
4-HA,313,1,0,874,0,875,G
4-HA,314,870,0,0,0,870,A
4-HA,315,874,0,1,0,875,A
4-HA,316,0,0,0,878,878,C
4-HA,317,0,0,878,0,878,G
4-HA,318,0,0,0,891,891,C
4-HA,319,891,0,0,0,891,A
4-HA,320,0,0,898,0,898,G
4-HA,321,0,0,0,898,898,C
4-HA,322,901,0,0,0,901,A
4-HA,323,901,0,1,0,902,A
4-HA,324,888,0,3,0,891,A
4-HA,325,1,0,953,0,954,G
4-HA,326,0,0,0,952,952,C
4-HA,327,0,0,0,960,960,C
4-HA,328,0,963,0,1,964,T
4-HA,329,967,0,0,0,967,A
4-HA,330,0,0,0,981,981,C
4-HA,331,986,0,0,0,986,A
4-HA,332,0,0,982,0,982,G
4-HA,333,0,1,0,984,985,C
4-HA,334,961,0,0,0,961,A
4-HA,335,971,0,0,0,971,A
4-HA,336,0,1,0,1028,1029,C
4-HA,337,0,1026,0,2,1028,T
4-HA,338,0,0,1040,0,1040,G
4-HA,339,0,1030,0,0,1030,T
4-HA,340,0,1035,0,2,1037,T
4-HA,341,1030,0,0,0,1030,A
4-HA,342,1,0,0,1134,1135,C
4-HA,343,0,0,0,1141,1141,C
4-HA,344,0,0,0,1174,1174,C
4-HA,345,0,1142,0,1,1143,T
4-HA,346,0,1141,0,2,1143,T
4-HA,347,1145,0,0,0,1145,A
4-HA,348,0,1148,0,0,1148,T
4-HA,349,0,0,1148,0,1148,G
4-HA,350,1142,0,0,0,1142,A
4-HA,351,0,1088,0,0,1088,T
4-HA,352,0,0,1109,0,1109,G
4-HA,353,0,1101,0,0,1101,T
4-HA,354,0,0,1098,0,1098,G
4-HA,355,0,0,0,1100,1100,C
4-HA,356,1,1,0,1100,1102,C
4-HA,357,0,0,1121,0,1121,G
4-HA,358,2,0,1130,0,1132,G
4-HA,359,1129,0,1,0,1130,A
4-HA,360,0,1138,0,2,1140,T
4-HA,361,0,1135,0,0,1135,T
4-HA,362,1144,0,0,0,1144,A
4-HA,363,0,1142,0,0,1142,T
4-HA,364,0,1,1143,0,1144,G
4-HA,365,1,0,0,1139,1140,C
4-HA,366,1,0,0,1137,1138,C
4-HA,367,0,1146,0,0,1146,T
4-HA,368,1,0,0,1214,1215,C
4-HA,369,2,0,0,1235,1237,C
4-HA,370,1,0,0,1231,1232,C
4-HA,371,0,1229,0,0,1229,T
4-HA,372,0,1228,0,0,1228,T
4-HA,373,1230,0,0,0,1230,A
4-HA,374,1,0,1254,0,1255,G
4-HA,375,0,0,1259,0,1259,G
4-HA,376,0,1243,0,0,1243,T
4-HA,377,1,0,0,1217,1218,C
4-HA,378,1211,0,0,0,1211,A
4-HA,379,0,0,0,1230,1230,C
4-HA,380,0,1232,0,0,1232,T
4-HA,381,1227,0,1,0,1228,A
4-HA,382,1,0,1230,0,1231,G
4-HA,383,0,1211,0,1,1212,T
4-HA,384,0,1214,0,1,1215,T
4-HA,385,0,0,1231,0,1231,G
4-HA,386,0,0,1,1229,1230,C
4-HA,387,1,0,0,1229,1230,C
4-HA,388,0,1212,0,2,1214,T
4-HA,389,0,0,0,1224,1224,C
4-HA,390,1261,0,1,0,1262,A
4-HA,391,0,1269,0,0,1269,T
4-HA,392,1,0,0,1263,1264,C
4-HA,393,0,5,0,1260,1265,C
4-HA,394,0,1,1256,0,1257,G
4-HA,395,1,0,1261,0,1262,G
4-HA,396,0,0,0,1270,1270,C
4-HA,397,1277,0,0,0,1277,A
4-HA,398,0,2,0,1300,1302,C
4-HA,399,1287,0,0,0,1287,A
4-HA,400,0,0,0,1296,1296,C
4-HA,401,0,1292,0,1,1293,T
4-HA,402,0,0,1302,0,1302,G
4-HA,403,2,2,1309,0,1313,G
4-HA,404,1305,1,0,0,1306,A
4-HA,405,1,0,1322,0,1323,G
4-HA,406,0,1311,0,0,1311,T
4-HA,407,0,1302,0,0,1302,T
4-HA,408,0,1313,0,1,1314,T
4-HA,409,1310,0,0,0,1310,A
4-HA,410,1309,0,1,0,1310,A
4-HA,411,0,0,0,1319,1319,C
4-HA,412,1298,0,1,0,1299,A
4-HA,413,1294,1,0,0,1295,A
4-HA,414,0,1293,0,0,1293,T
4-HA,415,0,2,1294,0,1296,G
4-HA,416,1293,0,0,0,1293,A
4-HA,417,1294,0,0,0,1294,A
4-HA,418,1296,0,0,0,1296,A
4-HA,419,0,0,1304,0,1304,G
4-HA,420,0,0,0,1310,1310,C
4-HA,421,0,1304,0,0,1304,T
4-HA,422,0,1306,0,0,1306,T
4-HA,423,1,0,0,1323,1324,C
4-HA,424,1329,0,0,0,1329,A
4-HA,425,1328,0,1,0,1329,A
4-HA,426,0,1328,0,0,1328,T
4-HA,427,0,1324,0,0,1324,T
4-HA,428,0,2,1330,0,1332,G
4-HA,429,0,2,1338,0,1340,G
4-HA,430,1340,1,1,0,1342,A
4-HA,431,0,0,0,1349,1349,C
4-HA,432,0,4,0,1337,1341,C
4-HA,433,0,0,1341,0,1341,G
4-HA,434,0,0,1348,0,1348,G
4-HA,435,1330,1,0,0,1331,A
4-HA,436,0,0,1356,0,1356,G
4-HA,437,0,1351,0,2,1353,T
4-HA,438,1,0,0,1340,1341,C
4-HA,439,1346,0,3,0,1349,A
4-HA,440,0,1,0,1349,1350,C
4-HA,441,0,1347,0,2,1349,T
4-HA,442,0,0,0,1352,1352,C
4-HA,443,1338,1,0,0,1339,A
4-HA,444,1351,0,1,0,1352,A
4-HA,445,1346,0,0,0,1346,A
4-HA,446,1348,0,1,0,1349,A
4-HA,447,0,0,0,1357,1357,C
4-HA,448,1,2,1345,0,1348,G
4-HA,449,0,0,1364,0,1364,G
4-HA,450,1368,0,0,0,1368,A
4-HA,451,1376,1,0,0,1377,A
4-HA,452,0,1,0,1375,1376,C
4-HA,453,1370,0,0,0,1370,A
4-HA,454,1387,0,2,0,1389,A
4-HA,455,0,0,1396,0,1396,G
4-HA,456,1,0,0,1398,1399,C
4-HA,457,0,1394,0,0,1394,T
4-HA,458,2,0,0,1423,1425,C
4-HA,459,0,1409,0,0,1409,T
4-HA,460,0,0,1420,0,1420,G
4-HA,461,0,0,0,1420,1420,C
4-HA,462,0,1421,0,1,1422,T
4-HA,463,0,1448,0,0,1448,T
4-HA,464,0,0,1473,0,1473,G
4-HA,465,0,1,0,1482,1483,C
4-HA,466,1487,0,0,0,1487,A
4-HA,467,1,1480,0,0,1481,T
4-HA,468,1476,0,0,0,1476,A
4-HA,469,1473,0,0,0,1473,A
4-HA,470,0,0,1472,1,1473,G
4-HA,471,0,0,1476,0,1476,G
4-HA,472,1431,0,0,0,1431,A
4-HA,473,1,0,1444,0,1445,G
4-HA,474,1432,0,2,0,1434,A
4-HA,475,0,1519,0,0,1519,T
4-HA,476,0,0,0,1534,1534,C
4-HA,477,0,1551,0,1,1552,T
4-HA,478,1556,0,0,0,1556,A
4-HA,479,1547,0,0,0,1547,A
4-HA,480,0,1554,0,1,1555,T
4-HA,481,1552,0,0,0,1552,A
4-HA,482,1538,0,0,0,1538,A
4-HA,483,1,1,0,1549,1551,C
4-HA,484,1507,0,0,0,1507,A
4-HA,485,0,0,1516,0,1516,G
4-HA,486,0,1496,0,1,1497,T
4-HA,487,0,1541,0,1,1542,T
4-HA,488,0,1546,0,0,1546,T
4-HA,489,1,0,0,1577,1578,C
4-HA,490,0,1576,0,1,1577,T
4-HA,491,0,1583,0,1,1584,T
4-HA,492,0,1588,0,0,1588,T
4-HA,493,1589,0,0,0,1589,A
4-HA,494,0,0,1589,0,1589,G
4-HA,495,0,1577,0,0,1577,T
4-HA,496,1580,0,0,0,1580,A
4-HA,497,1,2,1579,0,1582,G
4-HA,498,1528,0,2,1,1531,A
4-HA,499,0,1536,0,0,1536,T
4-HA,500,0,1539,0,0,1539,T
4-HA,501,0,0,1568,0,1568,G
4-HA,502,1560,0,0,0,1560,A
4-HA,503,1570,0,1,0,1571,A
4-HA,504,0,1571,0,0,1571,T
4-HA,505,1,1547,0,0,1548,T
4-HA,506,0,0,1555,0,1555,G
4-HA,507,0,0,1555,0,1555,G
4-HA,508,0,1556,0,0,1556,T
4-HA,509,0,1555,0,0,1555,T
4-HA,510,0,2,1539,0,1541,G
4-HA,511,1533,0,0,0,1533,A
4-HA,512,1,0,0,1530,1531,C
4-HA,513,0,1,0,1531,1532,C
4-HA,514,1,0,0,1539,1540,C
4-HA,515,1532,0,1,0,1533,A
4-HA,516,0,0,0,1551,1551,C
4-HA,517,0,1542,0,0,1542,T
4-HA,518,0,1553,0,1,1554,T
4-HA,519,1553,0,0,0,1553,A
4-HA,520,1547,0,0,0,1547,A
4-HA,521,1548,0,0,0,1548,A
4-HA,522,1560,0,0,0,1560,A
4-HA,523,0,1575,0,1,1576,T
4-HA,524,0,1565,0,0,1565,T
4-HA,525,0,1,0,1571,1572,C
4-HA,526,1571,0,0,0,1571,A
4-HA,527,1571,0,1,0,1572,A
4-HA,528,1572,0,0,0,1572,A
4-HA,529,0,1571,0,0,1571,T
4-HA,530,1598,0,1,0,1599,A
4-HA,531,0,1,0,1616,1617,C
4-HA,532,0,0,0,1590,1590,C
4-HA,533,1,0,0,1585,1586,C
4-HA,534,1590,0,1,0,1591,A
4-HA,535,0,0,1621,0,1621,G
4-HA,536,0,0,0,1626,1626,C
4-HA,537,1631,0,0,0,1631,A
4-HA,538,0,1614,0,1,1615,T
4-HA,539,0,1580,0,1,1581,T
4-HA,540,0,0,1636,0,1636,G
4-HA,541,1641,0,0,0,1641,A
4-HA,542,1649,0,0,0,1649,A
4-HA,543,0,1,0,1657,1658,C
4-HA,544,1,0,1628,0,1629,G
4-HA,545,0,1616,0,1,1617,T
4-HA,546,1552,0,2,1,1555,A
4-HA,547,1598,0,2,0,1600,A
4-HA,548,0,0,0,1604,1604,C
4-HA,549,0,1601,0,1,1602,T
4-HA,550,1643,0,1,0,1644,A
4-HA,551,0,1629,0,1,1630,T
4-HA,552,0,1,1637,0,1638,G
4-HA,553,0,1,0,1642,1643,C
4-HA,554,0,2,0,1613,1615,C
4-HA,555,1612,0,0,0,1612,A
4-HA,556,1609,0,0,0,1609,A
4-HA,557,1636,0,0,0,1636,A
4-HA,558,0,0,0,1640,1640,C
4-HA,559,1611,0,0,0,1611,A
4-HA,560,1616,0,0,0,1616,A
4-HA,561,0,1613,0,0,1613,T
4-HA,562,0,2,1611,0,1613,G
4-HA,563,1611,0,1,0,1612,A
4-HA,564,1609,0,1,0,1610,A
4-HA,565,0,0,0,1594,1594,C
4-HA,566,1606,1,0,0,1607,A
4-HA,567,1612,0,2,0,1614,A
4-HA,568,0,1614,0,1,1615,T
4-HA,569,0,1620,0,0,1620,T
4-HA,570,0,1621,0,1,1622,T
4-HA,571,0,0,1615,0,1615,G
4-HA,572,1623,0,2,0,1625,A
4-HA,573,0,0,0,1632,1632,C
4-HA,574,1637,0,0,0,1637,A
4-HA,575,1633,0,0,0,1633,A
4-HA,576,1658,0,0,0,1658,A
4-HA,577,0,1664,0,1,1665,T
4-HA,578,0,1666,0,0,1666,T
4-HA,579,0,1,1675,0,1676,G
4-HA,580,0,1666,0,1,1667,T
4-HA,581,1669,0,1,0,1670,A
4-HA,582,0,0,0,1709,1709,C
4-HA,583,1703,0,0,0,1703,A
4-HA,584,0,1740,0,0,1740,T
4-HA,585,0,1717,0,1,1718,T
4-HA,586,0,1722,0,0,1722,T
4-HA,587,0,2,1710,0,1712,G
4-HA,588,0,2,1692,0,1694,G
4-HA,589,0,2,1688,0,1690,G
4-HA,590,0,0,1688,0,1688,G
4-HA,591,1,5,1658,0,1664,G
4-HA,592,0,0,1719,0,1719,G
4-HA,593,0,1708,0,1,1709,T
4-HA,594,0,1712,0,1,1713,T
4-HA,595,0,0,0,1715,1715,C
4-HA,596,1709,0,1,0,1710,A
4-HA,597,1,0,0,1723,1724,C
4-HA,598,2,0,0,1713,1715,C
4-HA,599,1709,0,1,0,1710,A
4-HA,600,0,0,0,1729,1729,C
4-HA,601,1,0,0,1696,1697,C
4-HA,602,2,1,0,1690,1693,C
4-HA,603,1,0,1697,0,1698,G
4-HA,604,2,1,1764,0,1767,G
4-HA,605,0,1,1776,0,1777,G
4-HA,606,1,1756,0,0,1757,T
4-HA,607,1764,0,1,0,1765,A
4-HA,608,0,2,0,1764,1766,C
4-HA,609,1,0,1736,0,1737,G
4-HA,610,3,0,1750,0,1753,G
4-HA,611,1752,0,2,0,1754,A
4-HA,612,0,0,0,1762,1762,C
4-HA,613,1686,0,0,0,1686,A
4-HA,614,1685,0,0,0,1685,A
4-HA,615,1,1680,0,0,1681,T
4-HA,616,0,2,1701,0,1703,G
4-HA,617,1702,0,0,0,1702,A
4-HA,618,1,0,0,1705,1706,C
4-HA,619,1,0,0,1688,1689,C
4-HA,620,1689,0,0,0,1689,A
4-HA,621,1687,0,0,0,1687,A
4-HA,622,1700,0,0,0,1700,A
4-HA,623,0,1683,0,1,1684,T
4-HA,624,0,0,0,1732,1732,C
4-HA,625,0,1652,0,0,1652,T
4-HA,626,0,1628,0,0,1628,T
4-HA,627,0,2,0,1675,1677,C
4-HA,628,0,1,0,1697,1698,C
4-HA,629,0,1690,0,0,1690,T
4-HA,630,0,1,1706,0,1707,G
4-HA,631,0,1686,0,1,1687,T
4-HA,632,1697,0,1,0,1698,A
4-HA,633,0,1682,0,0,1682,T
4-HA,634,1,0,1686,0,1687,G
4-HA,635,0,0,0,1698,1698,C
4-HA,636,0,1675,0,5,1680,T
4-HA,637,2,2,0,1681,1685,C
4-HA,638,1682,0,1,0,1683,A
4-HA,639,1678,0,1,0,1679,A
4-HA,640,0,0,1689,0,1689,G
4-HA,641,1,0,0,1692,1693,C
4-HA,642,1692,1,1,0,1694,A
4-HA,643,0,1679,0,0,1679,T
4-HA,644,1,1,0,1673,1675,C
4-HA,645,1674,1,4,0,1679,A
4-HA,646,1,1,1696,0,1698,G
4-HA,647,0,3,1689,0,1692,G
4-HA,648,1691,0,0,0,1691,A
4-HA,649,1688,1,1,0,1690,A
4-HA,650,0,1,1697,0,1698,G
4-HA,651,1699,0,0,0,1699,A
4-HA,652,1702,0,2,0,1704,A
4-HA,653,0,1712,0,7,1719,T
4-HA,654,1,0,0,1724,1725,C
4-HA,655,1716,0,0,0,1716,A
4-HA,656,0,1,0,1712,1713,C
4-HA,657,1713,1,0,0,1714,A
4-HA,658,0,0,1747,0,1747,G
4-HA,659,0,1710,0,3,1713,T
4-HA,660,1,0,0,1727,1728,C
4-HA,661,0,1705,0,1,1706,T
4-HA,662,1,0,1,1728,1730,C
4-HA,663,1,1728,1,1,1731,T
4-HA,664,1743,0,1,0,1744,A
4-HA,665,0,0,0,1744,1744,C
4-HA,666,2,1,0,1746,1749,C
4-HA,667,1720,0,1,0,1721,A
4-HA,668,1728,0,3,0,1731,A
4-HA,669,1720,0,0,0,1720,A
4-HA,670,1717,0,3,0,1720,A
4-HA,671,0,0,1715,0,1715,G
4-HA,672,1681,0,0,0,1681,A
4-HA,673,1678,0,0,0,1678,A
4-HA,674,3,0,1672,0,1675,G
4-HA,675,1,2,0,1659,1662,C
4-HA,676,2,0,0,1678,1680,C
4-HA,677,1685,0,0,0,1685,A
4-HA,678,1678,4,2,0,1684,A
4-HA,679,3,0,0,1683,1686,C
4-HA,680,1697,0,0,0,1697,A
4-HA,681,1689,0,0,3,1692,A
4-HA,682,1682,1,2,0,1685,A
4-HA,683,0,0,0,1714,1714,C
4-HA,684,0,1704,0,0,1704,T
4-HA,685,0,0,1709,0,1709,G
4-HA,686,0,1705,0,0,1705,T
4-HA,687,1709,0,0,0,1709,A
4-HA,688,1711,0,0,0,1711,A
4-HA,689,0,1697,0,0,1697,T
4-HA,690,2,0,0,1728,1730,C
4-HA,691,1,0,0,1708,1709,C
4-HA,692,1,1,0,1695,1697,C
4-HA,693,0,0,1697,0,1697,G
4-HA,694,1694,0,0,0,1694,A
4-HA,695,1693,0,0,0,1693,A
4-HA,696,0,1693,1,1,1695,T
4-HA,697,1703,0,0,0,1703,A
4-HA,698,0,1676,2,0,1678,T
4-HA,699,3,1,0,1686,1690,C
4-HA,700,0,0,1681,0,1681,G
4-HA,701,0,1,1721,0,1722,G
4-HA,702,1722,0,0,0,1722,A
4-HA,703,0,1737,0,0,1737,T
4-HA,704,2,0,0,1740,1742,C
4-HA,705,0,1745,1,2,1748,T
4-HA,706,1744,0,0,0,1744,A
4-HA,707,0,1,1750,0,1751,G
4-HA,708,1751,1,1,0,1753,A
4-HA,709,0,0,0,1744,1744,C
4-HA,710,2,0,0,1696,1698,C
4-HA,711,5,0,0,1703,1708,C
4-HA,712,1701,0,0,0,1701,A
4-HA,713,0,0,1799,0,1799,G
4-HA,714,1792,0,1,0,1793,A
4-HA,715,0,0,1815,0,1815,G
4-HA,716,0,1790,2,0,1792,T
4-HA,717,1796,0,0,0,1796,A
4-HA,718,1792,0,2,0,1794,A
4-HA,719,0,1,1831,0,1832,G
4-HA,720,0,1,1848,0,1849,G
4-HA,721,1835,0,0,0,1835,A
4-HA,722,1692,0,0,0,1692,A
4-HA,723,0,1686,0,1,1687,T
4-HA,724,1698,0,1,0,1699,A
4-HA,725,0,1668,0,3,1671,T
4-HA,726,0,0,0,1714,1714,C
4-HA,727,0,0,1,1706,1707,C
4-HA,728,1,0,0,1681,1682,C
4-HA,729,0,1662,0,2,1664,T
4-HA,730,1669,0,0,0,1669,A
4-HA,731,0,0,1666,0,1666,G
4-HA,732,0,0,1,1675,1676,C
4-HA,733,1640,0,0,0,1640,A
4-HA,734,0,0,1696,0,1696,G
4-HA,735,1663,0,1,0,1664,A
4-HA,736,1671,0,0,0,1671,A
4-HA,737,0,1668,0,0,1668,T
4-HA,738,1672,0,0,0,1672,A
4-HA,739,1668,0,2,0,1670,A
4-HA,740,0,3,1656,0,1659,G
4-HA,741,0,0,0,1668,1668,C
4-HA,742,1674,0,0,0,1674,A
4-HA,743,0,1619,0,2,1621,T
4-HA,744,0,0,0,1703,1703,C
4-HA,745,0,1695,1,0,1696,T
4-HA,746,1699,1,0,0,1700,A
4-HA,747,0,1705,0,1,1706,T
4-HA,748,0,1679,0,1,1680,T
4-HA,749,0,1,1694,0,1695,G
4-HA,750,0,1,1694,1,1696,G
4-HA,751,1679,0,2,0,1681,A
4-HA,752,0,0,0,1692,1692,C
4-HA,753,1591,0,0,0,1591,A
4-HA,754,1629,0,1,0,1630,A
4-HA,755,0,1708,0,0,1708,T
4-HA,756,1730,0,1,0,1731,A
4-HA,757,0,0,1751,0,1751,G
4-HA,758,0,1732,0,1,1733,T
4-HA,759,1741,1,1,1,1744,A
4-HA,760,1747,0,0,0,1747,A
4-HA,761,1765,0,0,0,1765,A
4-HA,762,1761,0,0,0,1761,A
4-HA,763,1,0,0,1782,1783,C
4-HA,764,1,1,0,1721,1723,C
4-HA,765,2,2,1710,1,1715,G
4-HA,766,0,0,1723,1,1724,G
4-HA,767,0,1,1733,0,1734,G
4-HA,768,1738,0,2,0,1740,A
4-HA,769,0,1,1749,0,1750,G
4-HA,770,1773,0,4,0,1777,A
4-HA,771,1,0,0,1771,1772,C
4-HA,772,1769,0,0,1,1770,A
4-HA,773,0,1775,0,1,1776,T
4-HA,774,1767,1,1,0,1769,A
4-HA,775,0,0,0,1809,1809,C
4-HA,776,0,1797,0,1,1798,T
4-HA,777,0,1795,0,0,1795,T
4-HA,778,0,1803,0,0,1803,T
4-HA,779,0,1800,0,0,1800,T
4-HA,780,0,1,1821,0,1822,G
4-HA,781,1822,0,0,0,1822,A
4-HA,782,0,1816,1,1,1818,T
4-HA,783,0,1870,0,0,1870,T
4-HA,784,1849,0,1,0,1850,A
4-HA,785,1854,0,0,0,1854,A
4-HA,786,0,1,0,1879,1880,C
4-HA,787,1871,0,1,0,1872,A
4-HA,788,0,1,1934,0,1935,G
4-HA,789,0,0,0,1917,1917,C
4-HA,790,1923,0,1,0,1924,A
4-HA,791,0,0,0,1935,1935,C
4-HA,792,1914,0,3,0,1917,A
4-HA,793,0,1,1943,0,1944,G
4-HA,794,0,1,1937,0,1938,G
4-HA,795,0,1,2003,0,2004,G
4-HA,796,1996,0,2,0,1998,A
4-HA,797,2027,0,0,0,2027,A
4-HA,798,1,2021,0,1,2023,T
4-HA,799,1,1,0,2015,2017,C
4-HA,800,0,2048,0,1,2049,T
4-HA,801,2053,0,1,0,2054,A
4-HA,802,2047,0,0,0,2047,A
4-HA,803,0,2033,0,0,2033,T
4-HA,804,0,1971,0,0,1971,T
4-HA,805,1,0,1997,0,1998,G
4-HA,806,0,0,0,2024,2024,C
4-HA,807,0,2084,0,1,2085,T
4-HA,808,1,1,0,2143,2145,C
4-HA,809,2,0,0,2142,2144,C
4-HA,810,0,2153,0,0,2153,T
4-HA,811,2150,0,1,0,2151,A
4-HA,812,0,3,2163,0,2166,G
4-HA,813,0,0,2172,0,2172,G
4-HA,814,0,0,2168,0,2168,G
4-HA,815,2,1,2147,0,2150,G
4-HA,816,0,2100,0,1,2101,T
4-HA,817,0,2085,0,1,2086,T
4-HA,818,2073,1,0,0,2074,A
4-HA,819,0,0,0,2110,2110,C
4-HA,820,0,2102,0,0,2102,T
4-HA,821,1,2105,0,0,2106,T
4-HA,822,0,0,0,2109,2109,C
4-HA,823,2093,0,1,1,2095,A
4-HA,824,2094,0,0,0,2094,A
4-HA,825,2101,0,0,0,2101,A
4-HA,826,2116,0,0,0,2116,A
4-HA,827,0,2113,0,1,2114,T
4-HA,828,2092,0,1,0,2093,A
4-HA,829,0,1,0,2099,2100,C
4-HA,830,0,0,2111,0,2111,G
4-HA,831,2104,0,2,0,2106,A
4-HA,832,2096,0,0,0,2096,A
4-HA,833,1,0,2135,0,2136,G
4-HA,834,0,2121,0,0,2121,T
4-HA,835,0,2,2140,0,2142,G
4-HA,836,0,1,2132,0,2133,G
4-HA,837,1,0,2138,0,2139,G
4-HA,838,2,0,2109,0,2111,G
4-HA,839,2125,0,1,0,2126,A
4-HA,840,2138,0,1,0,2139,A
4-HA,841,2134,0,2,0,2136,A
4-HA,842,0,1,2197,0,2198,G
4-HA,843,2,0,0,2194,2196,C
4-HA,844,0,2183,0,3,2186,T
4-HA,845,1,0,0,2200,2201,C
4-HA,846,2214,0,0,1,2215,A
4-HA,847,2223,0,0,0,2223,A
4-HA,848,0,2224,0,0,2224,T
4-HA,849,2243,0,0,1,2244,A
4-HA,850,2238,1,1,0,2240,A
4-HA,851,0,2182,0,1,2183,T
4-HA,852,0,0,2196,0,2196,G
4-HA,853,2177,0,0,0,2177,A
4-HA,854,2,1,2252,0,2255,G
4-HA,855,2257,0,0,0,2257,A
4-HA,856,0,2240,0,0,2240,T
4-HA,857,1,0,0,2301,2302,C
4-HA,858,2285,0,2,0,2287,A
4-HA,859,0,0,2330,0,2330,G
4-HA,860,2332,0,0,0,2332,A
4-HA,861,0,2331,0,0,2331,T
4-HA,862,0,0,2326,0,2326,G
4-HA,863,0,1,0,2271,2272,C
4-HA,864,2271,0,4,0,2275,A
4-HA,865,1,1,0,2311,2313,C
4-HA,866,5,0,0,2290,2295,C
4-HA,867,2,0,0,2306,2308,C
4-HA,868,2272,1,0,0,2273,A
4-HA,869,0,2255,0,0,2255,T
4-HA,870,0,2262,0,1,2263,T
4-HA,871,0,0,2296,0,2296,G
4-HA,872,0,0,2289,0,2289,G
4-HA,873,1,0,0,2291,2292,C
4-HA,874,2262,0,0,0,2262,A
4-HA,875,2254,0,1,0,2255,A
4-HA,876,2278,0,0,0,2278,A
4-HA,877,0,2279,0,0,2279,T
4-HA,878,0,0,2282,0,2282,G
4-HA,879,0,0,0,2281,2281,C
4-HA,880,2258,0,3,0,2261,A
4-HA,881,2261,0,0,0,2261,A
4-HA,882,1,1,0,2224,2226,C
4-HA,883,0,2304,0,3,2307,T
4-HA,884,0,0,0,2334,2334,C
4-HA,885,0,2334,0,0,2334,T
4-HA,886,0,1,2379,0,2380,G
4-HA,887,2381,0,0,1,2382,A
4-HA,888,2388,0,1,0,2389,A
4-HA,889,0,2387,0,0,2387,T
4-HA,890,0,0,2355,0,2355,G
4-HA,891,0,1,0,2340,2341,C
4-HA,892,2342,1,2,0,2345,A
4-HA,893,0,2341,0,0,2341,T
4-HA,894,2,0,0,2333,2335,C
4-HA,895,2307,0,1,0,2308,A
4-HA,896,0,1,0,2405,2406,C
4-HA,897,0,2392,0,3,2395,T
4-HA,898,2,0,0,2411,2413,C
4-HA,899,2,0,0,2397,2399,C
4-HA,900,2423,0,1,0,2424,A
4-HA,901,2414,0,1,0,2415,A
4-HA,902,2416,0,1,0,2417,A
4-HA,903,0,2349,0,0,2349,T
4-HA,904,0,2,2368,0,2370,G
4-HA,905,0,0,2373,0,2373,G
4-HA,906,2366,0,0,0,2366,A
4-HA,907,2362,0,3,0,2365,A
4-HA,908,0,0,2372,0,2372,G
4-HA,909,0,0,0,2350,2350,C
4-HA,910,2331,2,0,0,2333,A
4-HA,911,0,2345,0,0,2345,T
4-HA,912,0,2327,0,0,2327,T
4-HA,913,1,0,0,2404,2405,C
4-HA,914,0,1,0,2405,2406,C
4-HA,915,1,0,0,2406,2407,C
4-HA,916,2410,0,0,0,2410,A
4-HA,917,2440,0,0,0,2440,A
4-HA,918,0,2487,0,2,2489,T
4-HA,919,0,2,2492,0,2494,G
4-HA,920,2490,0,3,0,2493,A
4-HA,921,0,1,0,2491,2492,C
4-HA,922,2434,0,0,0,2434,A
4-HA,923,2437,0,1,0,2438,A
4-HA,924,2419,0,0,0,2419,A
4-HA,925,0,0,0,2443,2443,C
4-HA,926,4,2,0,2413,2419,C
4-HA,927,2378,0,0,0,2378,A
4-HA,928,0,2368,0,0,2368,T
4-HA,929,0,2354,1,0,2355,T
4-HA,930,0,0,0,2382,2382,C
4-HA,931,2,0,0,2371,2373,C
4-HA,932,2379,0,1,1,2381,A
4-HA,933,2376,0,0,0,2376,A
4-HA,934,2376,0,0,1,2377,A
4-HA,935,2412,0,1,0,2413,A
4-HA,936,0,2400,0,0,2400,T
4-HA,937,0,1,2413,0,2414,G
4-HA,938,0,2397,0,2,2399,T
4-HA,939,2415,0,0,0,2415,A
4-HA,940,2422,0,0,0,2422,A
4-HA,941,2420,0,1,0,2421,A
4-HA,942,0,1,0,2429,2430,C
4-HA,943,2393,0,0,0,2393,A
4-HA,944,1,1,2416,0,2418,G
4-HA,945,0,2,2429,0,2431,G
4-HA,946,2485,0,1,0,2486,A
4-HA,947,0,2473,0,0,2473,T
4-HA,948,1,1,0,2503,2505,C
4-HA,949,2519,0,0,0,2519,A
4-HA,950,0,1,0,2612,2613,C
4-HA,951,2617,0,0,0,2617,A
4-HA,952,0,2687,0,0,2687,T
4-HA,953,2631,0,0,0,2631,A
4-HA,954,2,3,0,2611,2616,C
4-HA,955,4,2,2544,0,2550,G
4-HA,956,0,0,2530,0,2530,G
4-HA,957,0,0,2515,0,2515,G
4-HA,958,0,5,2508,0,2513,G
4-HA,959,1,3,0,2472,2476,C
4-HA,960,1,0,0,2481,2482,C
4-HA,961,0,2426,0,2,2428,T
4-HA,962,2,0,2614,0,2616,G
4-HA,963,0,2594,0,2,2596,T
4-HA,964,1,0,1,2636,2638,C
4-HA,965,2,0,0,2643,2645,C
4-HA,966,1,2,0,2630,2633,C
4-HA,967,2625,1,0,0,2626,A
4-HA,968,1,3,2654,0,2658,G
4-HA,969,2648,0,0,0,2648,A
4-HA,970,1,2642,0,0,2643,T
4-HA,971,2445,0,0,0,2445,A
4-HA,972,1,2444,0,0,2445,T
4-HA,973,0,0,2456,0,2456,G
4-HA,974,1,2444,0,0,2445,T
4-HA,975,0,2423,0,0,2423,T
4-HA,976,2450,0,1,0,2451,A
4-HA,977,2433,0,0,0,2433,A
4-HA,978,0,15,2432,0,2447,G
4-HA,979,0,0,0,2453,2453,C
4-HA,980,2407,0,1,0,2408,A
4-HA,981,2409,0,0,0,2409,A
4-HA,982,2392,0,1,0,2393,A
4-HA,983,2382,0,0,0,2382,A
4-HA,984,0,0,0,2395,2395,C
4-HA,985,2369,0,1,0,2370,A
4-HA,986,1,0,0,2384,2385,C
4-HA,987,0,2341,0,1,2342,T
4-HA,988,0,0,1,2359,2360,C
4-HA,989,0,2358,0,0,2358,T
4-HA,990,0,1,2376,0,2377,G
4-HA,991,2371,0,1,0,2372,A
4-HA,992,2375,0,2,0,2377,A
4-HA,993,2374,0,3,0,2377,A
4-HA,994,0,2351,0,0,2351,T
4-HA,995,0,2331,0,0,2331,T
4-HA,996,1,3,2333,0,2337,G
4-HA,997,0,0,2326,0,2326,G
4-HA,998,1,0,0,2339,2340,C
4-HA,999,2341,0,0,0,2341,A
4-HA,1000,2331,0,0,0,2331,A
4-HA,1001,0,0,0,2347,2347,C
4-HA,1002,2341,0,2,0,2343,A
4-HA,1003,1,2,2354,0,2357,G
4-HA,1004,1,0,2345,0,2346,G
4-HA,1005,0,0,2345,0,2345,G
4-HA,1006,2320,0,2,1,2323,A
4-HA,1007,1,2313,0,0,2314,T
4-HA,1008,1,0,2322,0,2323,G
4-HA,1009,0,0,0,2320,2320,C
4-HA,1010,2,3,2325,0,2330,G
4-HA,1011,2333,0,2,0,2335,A
4-HA,1012,2297,0,1,1,2299,A
4-HA,1013,2308,0,0,1,2309,A
4-HA,1014,0,2289,0,0,2289,T
4-HA,1015,0,0,2332,0,2332,G
4-HA,1016,1,2322,0,1,2324,T
4-HA,1017,2316,1,2,0,2319,A
4-HA,1018,0,0,0,2322,2322,C
4-HA,1019,2,1,0,2299,2302,C
4-HA,1020,2267,0,0,1,2268,A
4-HA,1021,1,2,2267,0,2270,G
4-HA,1022,2245,0,1,0,2246,A
4-HA,1023,0,0,2269,0,2269,G
4-HA,1024,2236,0,1,0,2237,A
4-HA,1025,2238,0,0,0,2238,A
4-HA,1026,2233,0,1,0,2234,A
4-HA,1027,0,1,0,2238,2239,C
4-HA,1028,2240,0,0,0,2240,A
4-HA,1029,2273,0,0,0,2273,A
4-HA,1030,2276,0,1,0,2277,A
4-HA,1031,0,0,0,2299,2299,C
4-HA,1032,0,2283,0,0,2283,T
4-HA,1033,2259,0,0,0,2259,A
4-HA,1034,0,0,2265,0,2265,G
4-HA,1035,2246,0,1,0,2247,A
4-HA,1036,0,0,2298,0,2298,G
4-HA,1037,1,0,2280,0,2281,G
4-HA,1038,0,0,1,2248,2249,C
4-HA,1039,2251,0,0,0,2251,A
4-HA,1040,0,2267,0,1,2268,T
4-HA,1041,2281,0,0,0,2281,A
4-HA,1042,0,2270,1,0,2271,T
4-HA,1043,0,2267,0,0,2267,T
4-HA,1044,1,2265,0,0,2266,T
4-HA,1045,0,0,2207,0,2207,G
4-HA,1046,0,0,2213,0,2213,G
4-HA,1047,0,4,0,2201,2205,C
4-HA,1048,3,0,2208,0,2211,G
4-HA,1049,0,0,0,2201,2201,C
4-HA,1050,2194,0,1,0,2195,A
4-HA,1051,2204,0,0,0,2204,A
4-HA,1052,0,2195,0,0,2195,T
4-HA,1053,1,2,0,2209,2212,C
4-HA,1054,1,1,2208,0,2210,G
4-HA,1055,1,1,0,2193,2195,C
4-HA,1056,0,3,2211,0,2214,G
4-HA,1057,1,0,2216,0,2217,G
4-HA,1058,0,1,2227,0,2228,G
4-HA,1059,0,2213,0,1,2214,T
4-HA,1060,0,2210,0,1,2211,T
4-HA,1061,0,2212,0,0,2212,T
4-HA,1062,3,0,0,2213,2216,C
4-HA,1063,2216,0,0,0,2216,A
4-HA,1064,0,2222,0,1,2223,T
4-HA,1065,2226,0,2,0,2228,A
4-HA,1066,2,0,2241,0,2243,G
4-HA,1067,2206,0,0,0,2206,A
4-HA,1068,2206,0,2,0,2208,A
4-HA,1069,2203,0,1,0,2204,A
4-HA,1070,2218,0,1,0,2219,A
4-HA,1071,0,2211,0,0,2211,T
4-HA,1072,0,0,2224,0,2224,G
4-HA,1073,0,1,2229,0,2230,G
4-HA,1074,0,2210,0,0,2210,T
4-HA,1075,0,2195,0,0,2195,T
4-HA,1076,1,2,2189,0,2192,G
4-HA,1077,1,0,2202,0,2203,G
4-HA,1078,0,1,2212,0,2213,G
4-HA,1079,2182,0,7,0,2189,A
4-HA,1080,1,2,2209,0,2212,G
4-HA,1081,0,0,2186,0,2186,G
4-HA,1082,0,0,2213,1,2214,G
4-HA,1083,2196,0,0,0,2196,A
4-HA,1084,2214,0,3,0,2217,A
4-HA,1085,0,2212,0,2,2214,T
4-HA,1086,1,0,2218,0,2219,G
4-HA,1087,0,0,2256,0,2256,G
4-HA,1088,1,2213,0,0,2214,T
4-HA,1089,0,2,2238,0,2240,G
4-HA,1090,2,0,2230,0,2232,G
4-HA,1091,2172,0,3,0,2175,A
4-HA,1092,0,2182,0,0,2182,T
4-HA,1093,2,3,2218,0,2223,G
4-HA,1094,0,0,2229,0,2229,G
4-HA,1095,0,2173,0,0,2173,T
4-HA,1096,0,2141,0,0,2141,T
4-HA,1097,0,2,2135,0,2137,G
4-HA,1098,0,0,2181,0,2181,G
4-HA,1099,0,2145,0,2,2147,T
4-HA,1100,2166,0,1,0,2167,A
4-HA,1101,0,1,0,2090,2091,C
4-HA,1102,1,1,2111,0,2113,G
4-HA,1103,2,0,2173,0,2175,G
4-HA,1104,0,2168,0,1,2169,T
4-HA,1105,0,2166,0,1,2167,T
4-HA,1106,0,2165,0,0,2165,T
4-HA,1107,0,1,0,2130,2131,C
4-HA,1108,2124,0,1,1,2126,A
4-HA,1109,0,0,2126,0,2126,G
4-HA,1110,0,2,2117,0,2119,G
4-HA,1111,0,0,1,2114,2115,C
4-HA,1112,2056,1,0,0,2057,A
4-HA,1113,0,2073,0,0,2073,T
4-HA,1114,1,0,0,2095,2096,C
4-HA,1115,2100,0,0,0,2100,A
4-HA,1116,2091,0,0,0,2091,A
4-HA,1117,2097,0,1,0,2098,A
4-HA,1118,2104,0,0,0,2104,A
4-HA,1119,0,2103,0,0,2103,T
4-HA,1120,0,2093,0,0,2093,T
4-HA,1121,0,1,0,2105,2106,C
4-HA,1122,0,2085,0,0,2085,T
4-HA,1123,0,1,2090,0,2091,G
4-HA,1124,2083,0,2,0,2085,A
4-HA,1125,0,3,2092,0,2095,G
4-HA,1126,0,3,2089,0,2092,G
4-HA,1127,2,2,2103,0,2107,G
4-HA,1128,2099,0,0,0,2099,A
4-HA,1129,2101,0,0,0,2101,A
4-HA,1130,0,1,2096,0,2097,G
4-HA,1131,2109,0,2,0,2111,A
4-HA,1132,1,0,2117,0,2118,G
4-HA,1133,0,0,2122,0,2122,G
4-HA,1134,2114,0,5,0,2119,A
4-HA,1135,1,2,0,2115,2118,C
4-HA,1136,2102,0,2,0,2104,A
4-HA,1137,2096,0,3,0,2099,A
4-HA,1138,5,0,2096,0,2101,G
4-HA,1139,0,1,0,2100,2101,C
4-HA,1140,2083,0,0,0,2083,A
4-HA,1141,0,0,2080,0,2080,G
4-HA,1142,0,1,0,2070,2071,C
4-HA,1143,2073,0,1,0,2074,A
4-HA,1144,0,0,2095,0,2095,G
4-HA,1145,2066,0,0,0,2066,A
4-HA,1146,0,2100,0,0,2100,T
4-HA,1147,1,0,0,2131,2132,C
4-HA,1148,1,2114,0,1,2116,T
4-HA,1149,1,0,0,2152,2153,C
4-HA,1150,2154,0,0,0,2154,A
4-HA,1151,2159,0,2,0,2161,A
4-HA,1152,2162,0,0,0,2162,A
4-HA,1153,2116,0,2,0,2118,A
4-HA,1154,0,0,2122,0,2122,G
4-HA,1155,0,0,0,2058,2058,C
4-HA,1156,2036,0,0,0,2036,A
4-HA,1157,0,2,0,2072,2074,C
4-HA,1158,0,2064,0,0,2064,T
4-HA,1159,1,0,0,2070,2071,C
4-HA,1160,2066,0,1,0,2067,A
4-HA,1161,2101,0,2,0,2103,A
4-HA,1162,0,0,2091,0,2091,G
4-HA,1163,1,0,0,2095,2096,C
4-HA,1164,2082,0,1,0,2083,A
4-HA,1165,1,1,2087,0,2089,G
4-HA,1166,1,1,0,2047,2049,C
4-HA,1167,2043,0,0,0,2043,A
4-HA,1168,2043,0,0,0,2043,A
4-HA,1169,0,2005,0,0,2005,T
4-HA,1170,3,0,0,1979,1982,C
4-HA,1171,0,1,1988,0,1989,G
4-HA,1172,1979,0,1,0,1980,A
4-HA,1173,2,1967,0,0,1969,T
4-HA,1174,2,0,1,1970,1973,C
4-HA,1175,1972,0,1,0,1973,A
4-HA,1176,2000,0,0,0,2000,A
4-HA,1177,2006,0,0,0,2006,A
4-HA,1178,0,1987,0,1,1988,T
4-HA,1179,1,0,0,2005,2006,C
4-HA,1180,1979,1,0,1,1981,A
4-HA,1181,1982,0,0,0,1982,A
4-HA,1182,0,1995,0,0,1995,T
4-HA,1183,0,1,2000,0,2001,G
4-HA,1184,2,0,1990,0,1992,G
4-HA,1185,0,1,1967,0,1968,G
4-HA,1186,1969,0,2,0,1971,A
4-HA,1187,1970,0,2,0,1972,A
4-HA,1188,0,0,1986,0,1986,G
4-HA,1189,0,2,0,1989,1991,C
4-HA,1190,0,1931,0,0,1931,T
4-HA,1191,1,0,2002,0,2003,G
4-HA,1192,1997,0,0,0,1997,A
4-HA,1193,1995,0,0,0,1995,A
4-HA,1194,0,1996,0,0,1996,T
4-HA,1195,1953,0,0,0,1953,A
4-HA,1196,0,1,1949,0,1950,G
4-HA,1197,1808,0,2,0,1810,A
4-HA,1198,1,1806,0,0,1807,T
4-HA,1199,0,1818,0,0,1818,T
4-HA,1200,0,0,1819,0,1819,G
4-HA,1201,1815,0,0,0,1815,A
4-HA,1202,0,1801,0,1,1802,T
4-HA,1203,0,1,0,1816,1817,C
4-HA,1204,1,0,1812,0,1813,G
4-HA,1205,1,0,1808,0,1809,G
4-HA,1206,1,0,1811,0,1812,G
4-HA,1207,1802,0,1,0,1803,A
4-HA,1208,1809,0,0,0,1809,A
4-HA,1209,1799,1,0,0,1800,A
4-HA,1210,1789,0,1,0,1790,A
4-HA,1211,0,0,0,1804,1804,C
4-HA,1212,1,1,0,1808,1810,C
4-HA,1213,1800,0,1,0,1801,A
4-HA,1214,1798,0,1,0,1799,A
4-HA,1215,0,2,0,1793,1795,C
4-HA,1216,0,1,1800,0,1801,G
4-HA,1217,1800,1,1,0,1802,A
4-HA,1218,0,0,1808,0,1808,G
4-HA,1219,1797,0,1,0,1798,A
4-HA,1220,1784,0,1,0,1785,A
4-HA,1221,1792,0,0,0,1792,A
4-HA,1222,1,1777,0,0,1778,T
4-HA,1223,0,1776,0,1,1777,T
4-HA,1224,2,1,0,1781,1784,C
4-HA,1225,2,1,0,1774,1777,C
4-HA,1226,1774,0,0,1,1775,A
4-HA,1227,0,1779,1,0,1780,T
4-HA,1228,2,1,0,1773,1776,C
4-HA,1229,1767,0,1,0,1768,A
4-HA,1230,0,0,1770,0,1770,G
4-HA,1231,1755,0,1,0,1756,A
4-HA,1232,0,1752,1,0,1753,T
4-HA,1233,0,1743,0,1,1744,T
4-HA,1234,0,1,1752,0,1753,G
4-HA,1235,1755,0,1,0,1756,A
4-HA,1236,1755,1,0,0,1756,A
4-HA,1237,1758,0,0,0,1758,A
4-HA,1238,1757,0,0,0,1757,A
4-HA,1239,1735,0,2,0,1737,A
4-HA,1240,0,0,1732,0,1732,G
4-HA,1241,1717,0,0,0,1717,A
4-HA,1242,1722,0,0,0,1722,A
4-HA,1243,0,1699,0,0,1699,T
4-HA,1244,0,1697,0,1,1698,T
4-HA,1245,1,1,0,1702,1704,C
4-HA,1246,0,1704,0,0,1704,T
4-HA,1247,0,0,0,1710,1710,C
4-HA,1248,1706,0,1,0,1707,A
4-HA,1249,0,1,1710,0,1711,G
4-HA,1250,1695,0,0,0,1695,A
4-HA,1251,1683,0,0,0,1683,A
4-HA,1252,0,1,1690,0,1691,G
4-HA,1253,0,1669,0,0,1669,T
4-HA,1254,1,0,0,1679,1680,C
4-HA,1255,0,0,1687,0,1687,G
4-HA,1256,1674,0,1,0,1675,A
4-HA,1257,1670,2,2,0,1674,A
4-HA,1258,0,1,1681,0,1682,G
4-HA,1259,1,1,1697,0,1699,G
4-HA,1260,0,2,1688,0,1690,G
4-HA,1261,1647,0,3,0,1650,A
4-HA,1262,1,0,1650,0,1651,G
4-HA,1263,1658,0,0,0,1658,A
4-HA,1264,1714,1,0,0,1715,A
4-HA,1265,0,1702,0,0,1702,T
4-HA,1266,0,1706,0,2,1708,T
4-HA,1267,2,0,0,1716,1718,C
4-HA,1268,1666,0,3,0,1669,A
4-HA,1269,0,1,1669,0,1670,G
4-HA,1270,0,0,1676,0,1676,G
4-HA,1271,1631,0,5,0,1636,A
4-HA,1272,1,0,0,1642,1643,C
4-HA,1273,1,1,0,1521,1523,C
4-HA,1274,0,1516,0,0,1516,T
4-HA,1275,0,1468,1,67,1536,T
4-HA,1276,0,0,1543,0,1543,G
4-HA,1277,1541,0,0,0,1541,A
4-HA,1278,0,1275,254,0,1529,T
4-HA,1279,1549,0,1,0,1550,A
4-HA,1280,1393,0,0,0,1393,A
4-HA,1281,1393,0,0,0,1393,A
4-HA,1282,0,1371,0,1,1372,T
4-HA,1283,1384,0,0,0,1384,A
4-HA,1284,0,1358,0,0,1358,T
4-HA,1285,0,0,1365,0,1365,G
4-HA,1286,0,1358,0,1,1359,T
4-HA,1287,0,1343,0,0,1343,T
4-HA,1288,1,1,1333,0,1335,G
4-HA,1289,1307,1,0,1,1309,A
4-HA,1290,0,0,1314,0,1314,G
4-HA,1291,0,0,1306,0,1306,G
4-HA,1292,1295,0,0,0,1295,A
4-HA,1293,0,0,0,1346,1346,C
4-HA,1294,1317,2,1,1,1321,A
4-HA,1295,0,0,0,1319,1319,C
4-HA,1296,0,1309,1,2,1312,T
4-HA,1297,1387,0,0,0,1387,A
4-HA,1298,1404,0,0,0,1404,A
4-HA,1299,1399,1,0,0,1400,A
4-HA,1300,1417,0,0,0,1417,A
4-HA,1301,0,1411,0,0,1411,T
4-HA,1302,1362,0,0,0,1362,A
4-HA,1303,0,0,1369,0,1369,G
4-HA,1304,1336,0,0,0,1336,A
4-HA,1305,1,1345,0,0,1346,T
4-HA,1306,1,0,0,1345,1346,C
4-HA,1307,0,1308,0,0,1308,T
4-HA,1308,0,0,0,1343,1343,C
4-HA,1309,0,1341,0,0,1341,T
4-HA,1310,2,2,1378,0,1382,G
4-HA,1311,0,0,1412,0,1412,G
4-HA,1312,1,1404,0,1,1406,T
4-HA,1313,6,0,0,1411,1417,C
4-HA,1314,1397,0,0,0,1397,A
4-HA,1315,0,1410,0,0,1410,T
4-HA,1316,1402,0,1,0,1403,A
4-HA,1317,0,0,0,1407,1407,C
4-HA,1318,1374,0,0,0,1374,A
4-HA,1319,1379,0,0,0,1379,A
4-HA,1320,0,0,0,1342,1342,C
4-HA,1321,0,0,1337,0,1337,G
4-HA,1322,0,0,0,1334,1334,C
4-HA,1323,1,1,1327,0,1329,G
4-HA,1324,0,0,1335,0,1335,G
4-HA,1325,1337,0,0,0,1337,A
4-HA,1326,1,0,1346,0,1347,G
4-HA,1327,0,0,0,1349,1349,C
4-HA,1328,0,1334,0,4,1338,T
4-HA,1329,0,1344,0,3,1347,T
4-HA,1330,0,0,0,1350,1350,C
4-HA,1331,0,1349,0,0,1349,T
4-HA,1332,0,1357,0,1,1358,T
4-HA,1333,0,1,1351,0,1352,G
4-HA,1334,0,1340,0,1,1341,T
4-HA,1335,0,1323,0,0,1323,T
4-HA,1336,0,0,1337,0,1337,G
4-HA,1337,0,1,0,1336,1337,C
4-HA,1338,0,0,0,1330,1330,C
4-HA,1339,0,1,0,1336,1337,C
4-HA,1340,0,1342,0,2,1344,T
4-HA,1341,2,1,1349,0,1352,G
4-HA,1342,0,1,1357,0,1358,G
4-HA,1343,1355,0,1,0,1356,A
4-HA,1344,0,1,1365,0,1366,G
4-HA,1345,1352,0,0,0,1352,A
4-HA,1346,1351,0,1,0,1352,A
4-HA,1347,0,2,0,1371,1373,C
4-HA,1348,3,0,0,1373,1376,C
4-HA,1349,1373,0,0,0,1373,A
4-HA,1350,1418,0,1,0,1419,A
4-HA,1351,1,0,0,1424,1425,C
4-HA,1352,1433,0,0,0,1433,A
4-HA,1353,0,1431,0,0,1431,T
4-HA,1354,1422,0,0,0,1422,A
4-HA,1355,0,0,0,1443,1443,C
4-HA,1356,1417,0,0,0,1417,A
4-HA,1357,1413,0,0,0,1413,A
4-HA,1358,0,1404,0,0,1404,T
4-HA,1359,0,1365,0,0,1365,T
4-HA,1360,0,0,1389,0,1389,G
4-HA,1361,1386,0,1,0,1387,A
4-HA,1362,0,1381,0,2,1383,T
4-HA,1363,0,0,1,1393,1394,C
4-HA,1364,0,1375,0,0,1375,T
4-HA,1365,1389,0,1,0,1390,A
4-HA,1366,1384,0,1,0,1385,A
4-HA,1367,0,0,0,1383,1383,C
4-HA,1368,0,1375,0,1,1376,T
4-HA,1369,1,2,1360,0,1363,G
4-HA,1370,1360,0,1,0,1361,A
4-HA,1371,0,0,0,1363,1363,C
4-HA,1372,0,1352,0,1,1353,T
4-HA,1373,0,0,1,1365,1366,C
4-HA,1374,1363,0,0,0,1363,A
4-HA,1375,0,0,1394,1,1395,G
4-HA,1376,1391,0,0,0,1391,A
4-HA,1377,1396,0,0,0,1396,A
4-HA,1378,1389,0,0,0,1389,A
4-HA,1379,0,1376,0,0,1376,T
4-HA,1380,2,0,1386,0,1388,G
4-HA,1381,1394,0,0,0,1394,A
4-HA,1382,1394,0,3,0,1397,A
4-HA,1383,2,0,0,1397,1399,C
4-HA,1384,1373,0,0,0,1373,A
4-HA,1385,1379,0,0,0,1379,A
4-HA,1386,1372,0,1,0,1373,A
4-HA,1387,0,0,0,1382,1382,C
4-HA,1388,0,1369,0,1,1370,T
4-HA,1389,0,0,1381,0,1381,G
4-HA,1390,0,1361,0,0,1361,T
4-HA,1391,0,1366,0,1,1367,T
4-HA,1392,0,1373,0,0,1373,T
4-HA,1393,0,0,1373,0,1373,G
4-HA,1394,1376,0,0,0,1376,A
4-HA,1395,1371,0,0,0,1371,A
4-HA,1396,1363,0,1,0,1364,A
4-HA,1397,1366,0,0,0,1366,A
4-HA,1398,1352,0,0,0,1352,A
4-HA,1399,1365,0,1,0,1366,A
4-HA,1400,0,0,0,1368,1368,C
4-HA,1401,1367,0,0,0,1367,A
4-HA,1402,1368,1,0,0,1369,A
4-HA,1403,1359,0,3,0,1362,A
4-HA,1404,0,0,1362,0,1362,G
4-HA,1405,1366,0,0,0,1366,A
4-HA,1406,1360,0,1,0,1361,A
4-HA,1407,1,1,1357,0,1359,G
4-HA,1408,0,2,0,1353,1355,C
4-HA,1409,1362,0,1,0,1363,A
4-HA,1410,1371,0,1,0,1372,A
4-HA,1411,0,0,0,1371,1371,C
4-HA,1412,0,1358,0,1,1359,T
4-HA,1413,3,0,1371,0,1374,G
4-HA,1414,1359,0,1,0,1360,A
4-HA,1415,0,1,1373,0,1374,G
4-HA,1416,1,1,1367,0,1369,G
4-HA,1417,0,0,1374,0,1374,G
4-HA,1418,1376,0,0,0,1376,A
4-HA,1419,1369,0,0,0,1369,A
4-HA,1420,1364,0,2,0,1366,A
4-HA,1421,1382,0,0,0,1382,A
4-HA,1422,0,1369,0,0,1369,T
4-HA,1423,1,0,1378,0,1379,G
4-HA,1424,1,0,0,1376,1377,C
4-HA,1425,1,1370,0,0,1371,T
4-HA,1426,0,0,1374,0,1374,G
4-HA,1427,1374,0,0,0,1374,A
4-HA,1428,0,2,1444,0,1446,G
4-HA,1429,0,1,1468,0,1469,G
4-HA,1430,1450,0,0,0,1450,A
4-HA,1431,0,1441,0,0,1441,T
4-HA,1432,1431,0,0,0,1431,A
4-HA,1433,0,1429,0,0,1429,T
4-HA,1434,3,3,1433,0,1439,G
4-HA,1435,0,0,1452,0,1452,G
4-HA,1436,0,0,1453,0,1453,G
4-HA,1437,0,1,0,1366,1367,C
4-HA,1438,1334,0,1,0,1335,A
4-HA,1439,1334,0,0,0,1334,A
4-HA,1440,0,1325,0,0,1325,T
4-HA,1441,0,0,1332,0,1332,G
4-HA,1442,0,0,1332,0,1332,G
4-HA,1443,0,1301,2,1,1304,T
4-HA,1444,0,1285,0,0,1285,T
4-HA,1445,0,0,1314,0,1314,G
4-HA,1446,0,1306,1,2,1309,T
4-HA,1447,0,1316,0,0,1316,T
4-HA,1448,0,1318,0,0,1318,T
4-HA,1449,1,1312,0,1,1314,T
4-HA,1450,1324,0,1,0,1325,A
4-HA,1451,1322,0,1,0,1323,A
4-HA,1452,1330,0,0,0,1330,A
4-HA,1453,1336,0,0,0,1336,A
4-HA,1454,0,1320,0,0,1320,T
4-HA,1455,1304,0,0,0,1304,A
4-HA,1456,0,1306,0,1,1307,T
4-HA,1457,1300,0,1,0,1301,A
4-HA,1458,1,0,0,1318,1319,C
4-HA,1459,1,0,0,1303,1304,C
4-HA,1460,1307,0,1,0,1308,A
4-HA,1461,0,0,0,1313,1313,C
4-HA,1462,1299,0,2,0,1301,A
4-HA,1463,1301,0,0,0,1301,A
4-HA,1464,1315,0,0,0,1315,A
4-HA,1465,0,1309,0,1,1310,T
4-HA,1466,0,0,1311,0,1311,G
4-HA,1467,0,1299,0,0,1299,T
4-HA,1468,1,1,1310,0,1312,G
4-HA,1469,1316,0,1,0,1317,A
4-HA,1470,0,1,0,1309,1310,C
4-HA,1471,1295,0,2,0,1297,A
4-HA,1472,1288,0,0,0,1288,A
4-HA,1473,0,1318,0,0,1318,T
4-HA,1474,0,1,1329,0,1330,G
4-HA,1475,0,1,0,1308,1309,C
4-HA,1476,0,0,0,1323,1323,C
4-HA,1477,0,1320,0,2,1322,T
4-HA,1478,0,0,1379,0,1379,G
4-HA,1479,1,0,0,1379,1380,C
4-HA,1480,1382,0,0,0,1382,A
4-HA,1481,0,1385,0,3,1388,T
4-HA,1482,1344,1,1,0,1346,A
4-HA,1483,2,1,1347,0,1350,G
4-HA,1484,0,0,1346,0,1346,G
4-HA,1485,1340,0,1,0,1341,A
4-HA,1486,0,1340,0,0,1340,T
4-HA,1487,1,1,0,1265,1267,C
4-HA,1488,1261,0,0,0,1261,A
4-HA,1489,1265,0,0,0,1265,A
4-HA,1490,0,1267,0,0,1267,T
4-HA,1491,1,0,0,1265,1266,C
4-HA,1492,1256,0,0,0,1256,A
4-HA,1493,1,0,1264,0,1265,G
4-HA,1494,1263,0,0,0,1263,A
4-HA,1495,1264,0,0,0,1264,A
4-HA,1496,1266,0,1,0,1267,A
4-HA,1497,0,1252,0,0,1252,T
4-HA,1498,0,1,1254,0,1255,G
4-HA,1499,0,1,1253,0,1254,G
4-HA,1500,1252,0,0,0,1252,A
4-HA,1501,1257,0,2,0,1259,A
4-HA,1502,0,1,0,1258,1259,C
4-HA,1503,0,1246,0,0,1246,T
4-HA,1504,0,1254,0,0,1254,T
4-HA,1505,1254,0,0,0,1254,A
4-HA,1506,2,1251,0,0,1253,T
4-HA,1507,0,3,1252,0,1255,G
4-HA,1508,1244,0,2,0,1246,A
4-HA,1509,0,0,0,1243,1243,C
4-HA,1510,0,0,1,1232,1233,C
4-HA,1511,1237,0,0,0,1237,A
4-HA,1512,0,0,0,1263,1263,C
4-HA,1513,1,0,1297,0,1298,G
4-HA,1514,1309,0,0,0,1309,A
4-HA,1515,0,1327,0,0,1327,T
4-HA,1516,0,0,1382,0,1382,G
4-HA,1517,0,1369,0,2,1371,T
4-HA,1518,1422,0,0,0,1422,A
4-HA,1519,0,1426,0,1,1427,T
4-HA,1520,1413,0,1,0,1414,A
4-HA,1521,0,0,0,1415,1415,C
4-HA,1522,1248,0,0,0,1248,A
4-HA,1523,0,0,1259,0,1259,G
4-HA,1524,1176,0,0,0,1176,A
4-HA,1525,0,0,1144,0,1144,G
4-HA,1526,1135,0,0,0,1135,A
4-HA,1527,0,1034,0,0,1034,T
4-HA,1528,0,0,1034,0,1034,G
4-HA,1529,1028,0,1,0,1029,A
4-HA,1530,1022,0,3,0,1025,A
4-HA,1531,0,1,1050,0,1051,G
4-HA,1532,0,0,0,1026,1026,C
4-HA,1533,1020,0,0,0,1020,A
4-HA,1534,0,1022,0,0,1022,T
4-HA,1535,0,1019,0,0,1019,T
4-HA,1536,1031,0,0,0,1031,A
4-HA,1537,1029,0,1,0,1030,A
4-HA,1538,1023,0,0,0,1023,A
4-HA,1539,0,0,0,1030,1030,C
4-HA,1540,986,0,0,0,986,A
4-HA,1541,983,0,0,0,983,A
4-HA,1542,0,0,0,988,988,C
4-HA,1543,2,0,0,981,983,C
4-HA,1544,0,2,978,0,980,G
4-HA,1545,0,0,1003,0,1003,G
4-HA,1546,0,999,0,0,999,T
4-HA,1547,0,998,0,0,998,T
4-HA,1548,2,0,0,994,996,C
4-HA,1549,0,0,0,1001,1001,C
4-HA,1550,995,0,0,0,995,A
4-HA,1551,0,0,1015,0,1015,G
4-HA,1552,1016,0,0,0,1016,A
4-HA,1553,0,1009,0,0,1009,T
4-HA,1554,0,0,0,972,972,C
4-HA,1555,962,0,0,0,962,A
4-HA,1556,962,0,0,0,962,A
4-HA,1557,0,0,966,0,966,G
4-HA,1558,0,0,962,0,962,G
4-HA,1559,1,0,961,0,962,G
4-HA,1560,926,0,0,0,926,A
4-HA,1561,0,0,934,0,934,G
4-HA,1562,0,935,0,0,935,T
4-HA,1563,0,935,0,0,935,T
4-HA,1564,0,0,940,0,940,G
4-HA,1565,930,0,0,0,930,A
4-HA,1566,1,0,930,0,931,G
4-HA,1567,0,0,0,933,933,C
4-HA,1568,1,927,0,1,929,T
4-HA,1569,1,0,932,0,933,G
4-HA,1570,924,0,0,0,924,A
4-HA,1571,925,0,0,0,925,A
4-HA,1572,0,0,928,0,928,G
4-HA,1573,0,915,0,0,915,T
4-HA,1574,0,0,0,918,918,C
4-HA,1575,902,0,0,0,902,A
4-HA,1576,0,1,899,0,900,G
4-HA,1577,0,0,899,0,899,G
4-HA,1578,0,0,869,0,869,G
4-HA,1579,0,893,0,0,893,T
4-HA,1580,899,0,0,0,899,A
4-HA,1581,0,0,0,898,898,C
4-HA,1582,901,0,0,0,901,A
4-HA,1583,900,0,0,0,900,A
4-HA,1584,898,0,0,0,898,A
4-HA,1585,0,0,901,0,901,G
4-HA,1586,874,0,0,0,874,A
4-HA,1587,0,854,0,1,855,T
4-HA,1588,0,845,0,0,845,T
4-HA,1589,0,1,841,0,842,G
4-HA,1590,0,0,836,0,836,G
4-HA,1591,835,0,0,1,836,A
4-HA,1592,0,838,0,0,838,T
4-HA,1593,0,0,0,834,834,C
4-HA,1594,0,0,0,835,835,C
4-HA,1595,0,827,0,1,828,T
4-HA,1596,833,0,0,0,833,A
4-HA,1597,0,838,0,0,838,T
4-HA,1598,0,0,837,0,837,G
4-HA,1599,0,0,830,0,830,G
4-HA,1600,815,0,0,0,815,A
4-HA,1601,0,808,0,1,809,T
4-HA,1602,0,804,0,0,804,T
4-HA,1603,0,798,0,0,798,T
4-HA,1604,2,0,0,786,788,C
4-HA,1605,0,1,0,800,801,C
4-HA,1606,0,788,0,0,788,T
4-HA,1607,0,789,0,0,789,T
4-HA,1608,0,783,0,0,783,T
4-HA,1609,0,0,779,0,779,G
4-HA,1610,0,2,0,781,783,C
4-HA,1611,0,0,0,782,782,C
4-HA,1612,762,0,1,0,763,A
4-HA,1613,0,748,0,0,748,T
4-HA,1614,758,0,0,0,758,A
4-HA,1615,1,756,0,0,757,T
4-HA,1616,0,0,0,750,750,C
4-HA,1617,754,0,0,0,754,A
4-HA,1618,0,744,0,0,744,T
4-HA,1619,0,0,746,0,746,G
4-HA,1620,1,744,0,0,745,T
4-HA,1621,0,733,0,0,733,T
4-HA,1622,0,733,0,0,733,T
4-HA,1623,1,712,0,1,714,T
4-HA,1624,0,713,0,0,713,T
4-HA,1625,0,718,0,0,718,T
4-HA,1626,0,0,713,0,713,G
4-HA,1627,1,0,0,704,705,C
4-HA,1628,0,687,0,0,687,T
4-HA,1629,0,691,0,0,691,T
4-HA,1630,0,691,0,0,691,T
4-HA,1631,0,0,705,0,705,G
4-HA,1632,1,697,0,0,698,T
4-HA,1633,0,0,704,0,704,G
4-HA,1634,0,701,0,1,702,T
4-HA,1635,0,690,0,0,690,T
4-HA,1636,0,0,692,0,692,G
4-HA,1637,0,0,0,679,679,C
4-HA,1638,0,688,0,0,688,T
4-HA,1639,0,692,0,0,692,T
4-HA,1640,0,649,0,0,649,T
4-HA,1641,0,0,656,0,656,G
4-HA,1642,0,649,0,1,650,T
4-HA,1643,0,653,0,0,653,T
4-HA,1644,0,0,650,0,650,G
4-HA,1645,0,0,626,0,626,G
4-HA,1646,0,0,624,0,624,G
4-HA,1647,0,3,625,0,628,G
4-HA,1648,0,610,0,2,612,T
4-HA,1649,0,606,0,0,606,T
4-HA,1650,1,0,0,589,590,C
4-HA,1651,591,0,0,0,591,A
4-HA,1652,1,583,0,0,584,T
4-HA,1653,0,0,0,595,595,C
4-HA,1654,592,0,0,0,592,A
4-HA,1655,0,573,1,0,574,T
4-HA,1656,0,0,576,0,576,G
4-HA,1657,0,560,0,0,560,T
4-HA,1658,0,2,555,0,557,G
4-HA,1659,0,0,543,0,543,G
4-HA,1660,0,0,543,0,543,G
4-HA,1661,0,1,0,517,518,C
4-HA,1662,0,0,0,505,505,C
4-HA,1663,0,484,0,1,485,T
4-HA,1664,0,0,488,0,488,G
4-HA,1665,0,0,0,479,479,C
4-HA,1666,0,0,0,478,478,C
4-HA,1667,485,0,1,0,486,A
4-HA,1668,480,0,1,0,481,A
4-HA,1669,481,0,0,0,481,A
4-HA,1670,484,1,0,0,485,A
4-HA,1671,482,0,1,0,483,A
4-HA,1672,0,0,475,0,475,G
4-HA,1673,1,0,457,0,458,G
4-HA,1674,0,0,0,454,454,C
4-HA,1675,449,0,0,0,449,A
4-HA,1676,457,0,0,0,457,A
4-HA,1677,0,0,0,455,455,C
4-HA,1678,454,0,0,0,454,A
4-HA,1679,0,456,0,0,456,T
4-HA,1680,0,451,0,0,451,T
4-HA,1681,439,0,1,0,440,A
4-HA,1682,0,0,434,0,434,G
4-HA,1683,0,0,438,0,438,G
4-HA,1684,0,426,0,1,427,T
4-HA,1685,0,0,397,0,397,G
4-HA,1686,0,0,0,382,382,C
4-HA,1687,374,0,0,0,374,A
4-HA,1688,376,0,0,0,376,A
4-HA,1689,0,0,0,376,376,C
4-HA,1690,374,0,0,0,374,A
4-HA,1691,0,372,0,0,372,T
4-HA,1692,0,350,0,1,351,T
4-HA,1693,0,352,0,0,352,T
4-HA,1694,0,0,352,0,352,G
4-HA,1695,0,0,1,338,339,C
4-HA,1696,336,0,0,0,336,A
4-HA,1697,0,307,1,0,308,T
4-HA,1698,0,293,0,1,294,T
4-HA,1699,0,291,0,0,291,T
4-HA,1700,0,0,289,0,289,G
4-HA,1701,274,0,0,0,274,A
5-NP,1,248,0,0,0,248,A
5-NP,2,0,250,0,0,250,T
5-NP,3,0,0,248,0,248,G
5-NP,4,0,0,243,0,243,G
5-NP,5,0,0,0,250,250,C
5-NP,6,0,0,259,0,259,G
5-NP,7,0,266,0,0,266,T
5-NP,8,0,0,0,266,266,C
5-NP,9,0,0,0,270,270,C
5-NP,10,0,0,0,271,271,C
5-NP,11,271,0,0,0,271,A
5-NP,12,271,0,1,0,272,A
5-NP,13,0,0,272,0,272,G
5-NP,14,0,0,276,0,276,G
5-NP,15,0,0,0,280,280,C
5-NP,16,281,0,1,0,282,A
5-NP,17,0,0,0,283,283,C
5-NP,18,0,0,0,284,284,C
5-NP,19,289,0,0,0,289,A
5-NP,20,287,0,0,0,287,A
5-NP,21,287,0,1,0,288,A
5-NP,22,0,0,0,291,291,C
5-NP,23,0,0,291,0,291,G
5-NP,24,0,0,314,0,314,G
5-NP,25,0,309,0,1,310,T
5-NP,26,1,0,0,342,343,C
5-NP,27,0,340,0,0,340,T
5-NP,28,0,345,0,0,345,T
5-NP,29,345,0,0,0,345,A
5-NP,30,0,344,0,0,344,T
5-NP,31,0,1,353,0,354,G
5-NP,32,353,0,0,0,353,A
5-NP,33,343,0,0,0,343,A
5-NP,34,0,0,0,342,342,C
5-NP,35,335,0,0,0,335,A
5-NP,36,0,0,364,0,364,G
5-NP,37,350,1,1,0,352,A
5-NP,38,0,360,0,0,360,T
5-NP,39,0,0,360,0,360,G
5-NP,40,0,0,365,0,365,G
5-NP,41,365,0,0,0,365,A
5-NP,42,368,0,0,0,368,A
5-NP,43,374,0,0,0,374,A
5-NP,44,0,0,0,388,388,C
5-NP,45,0,385,0,0,385,T
5-NP,46,0,0,392,0,392,G
5-NP,47,379,0,1,0,380,A
5-NP,48,0,387,0,0,387,T
5-NP,49,0,0,389,0,389,G
5-NP,50,0,1,383,0,384,G
5-NP,51,0,0,386,0,386,G
5-NP,52,0,0,386,0,386,G
5-NP,53,381,0,0,0,381,A
5-NP,54,0,383,0,0,383,T
5-NP,55,0,1,0,388,389,C
5-NP,56,1,0,388,0,389,G
5-NP,57,0,1,0,392,393,C
5-NP,58,0,0,0,399,399,C
5-NP,59,395,0,0,0,395,A
5-NP,60,0,0,400,0,400,G
5-NP,61,393,0,0,0,393,A
5-NP,62,405,1,0,0,406,A
5-NP,63,0,407,0,0,407,T
5-NP,64,0,0,403,0,403,G
5-NP,65,0,0,0,412,412,C
5-NP,66,408,0,0,0,408,A
5-NP,67,415,0,1,0,416,A
5-NP,68,0,0,0,419,419,C
5-NP,69,0,417,0,0,417,T
5-NP,70,0,2,416,0,418,G
5-NP,71,417,0,0,0,417,A
5-NP,72,0,0,448,0,448,G
5-NP,73,444,0,0,0,444,A
5-NP,74,0,443,0,0,443,T
5-NP,75,0,445,0,0,445,T
5-NP,76,443,0,1,0,444,A
5-NP,77,0,1,444,0,445,G
5-NP,78,0,0,447,0,447,G
5-NP,79,0,0,446,0,446,G
5-NP,80,0,0,0,441,441,C
5-NP,81,435,0,0,0,435,A
5-NP,82,0,438,0,0,438,T
5-NP,83,0,0,0,438,438,C
5-NP,84,0,0,0,438,438,C
5-NP,85,0,0,442,0,442,G
5-NP,86,0,441,0,0,441,T
5-NP,87,1,1,0,443,445,C
5-NP,88,0,0,445,0,445,G
5-NP,89,0,0,445,0,445,G
5-NP,90,0,0,447,0,447,G
5-NP,91,443,0,0,0,443,A
5-NP,92,447,0,0,0,447,A
5-NP,93,0,0,450,0,450,G
5-NP,94,446,0,0,0,446,A
5-NP,95,0,448,0,0,448,T
5-NP,96,1,0,449,0,450,G
5-NP,97,444,0,0,0,444,A
5-NP,98,0,448,0,0,448,T
5-NP,99,0,452,0,0,452,T
5-NP,100,0,0,452,0,452,G
5-NP,101,445,0,0,0,445,A
5-NP,102,0,450,0,0,450,T
5-NP,103,0,0,455,0,455,G
5-NP,104,0,0,469,0,469,G
5-NP,105,466,0,0,0,466,A
5-NP,106,468,0,0,0,468,A
5-NP,107,0,471,0,0,471,T
5-NP,108,0,472,0,0,472,T
5-NP,109,0,0,473,0,473,G
5-NP,110,0,0,475,0,475,G
5-NP,111,0,0,473,0,473,G
5-NP,112,473,0,1,0,474,A
5-NP,113,0,0,475,0,475,G
5-NP,114,474,0,0,0,474,A
5-NP,115,0,484,0,0,484,T
5-NP,116,0,489,0,0,489,T
5-NP,117,0,0,0,488,488,C
5-NP,118,0,488,0,0,488,T
5-NP,119,492,0,0,0,492,A
5-NP,120,1,0,0,498,499,C
5-NP,121,519,0,0,0,519,A
5-NP,122,0,522,0,0,522,T
5-NP,123,1,0,0,520,521,C
5-NP,124,0,0,0,526,526,C
5-NP,125,526,0,0,0,526,A
5-NP,126,538,0,0,0,538,A
5-NP,127,532,0,0,0,532,A
5-NP,128,0,536,0,0,536,T
5-NP,129,0,0,538,0,538,G
5-NP,130,0,529,0,0,529,T
5-NP,131,1,0,537,0,538,G
5-NP,132,0,0,0,533,533,C
5-NP,133,533,0,1,0,534,A
5-NP,134,0,0,0,537,537,C
5-NP,135,0,528,0,1,529,T
5-NP,136,0,1,550,0,551,G
5-NP,137,552,0,0,0,552,A
5-NP,138,565,0,0,0,565,A
5-NP,139,0,0,0,573,573,C
5-NP,140,0,574,0,0,574,T
5-NP,141,0,575,0,0,575,T
5-NP,142,573,0,0,0,573,A
5-NP,143,571,0,0,0,571,A
5-NP,144,573,0,0,0,573,A
5-NP,145,0,0,0,578,578,C
5-NP,146,0,559,0,0,559,T
5-NP,147,1,0,0,562,563,C
5-NP,148,559,0,0,0,559,A
5-NP,149,1,0,565,0,566,G
5-NP,150,0,565,0,0,565,T
5-NP,151,0,0,572,0,572,G
5-NP,152,580,0,0,0,580,A
5-NP,153,0,581,0,0,581,T
5-NP,154,0,0,0,594,594,C
5-NP,155,590,0,1,0,591,A
5-NP,156,0,591,0,0,591,T
5-NP,157,0,0,594,0,594,G
5-NP,158,587,0,0,0,587,A
5-NP,159,587,1,2,0,590,A
5-NP,160,0,1,588,0,589,G
5-NP,161,0,0,582,0,582,G
5-NP,162,0,0,582,0,582,G
5-NP,163,0,0,0,581,581,C
5-NP,164,0,0,589,0,589,G
5-NP,165,0,0,583,0,583,G
5-NP,166,0,587,0,0,587,T
5-NP,167,0,589,0,0,589,T
5-NP,168,0,1,590,0,591,G
5-NP,169,651,0,0,0,651,A
5-NP,170,0,653,0,0,653,T
5-NP,171,0,0,0,652,652,C
5-NP,172,0,0,0,653,653,C
5-NP,173,648,0,1,0,649,A
5-NP,174,0,0,650,0,650,G
5-NP,175,649,0,0,0,649,A
5-NP,176,649,0,0,0,649,A
5-NP,177,0,0,0,656,656,C
5-NP,178,619,0,0,0,619,A
5-NP,179,1,0,624,0,625,G
5-NP,180,0,0,0,625,625,C
5-NP,181,0,627,0,0,627,T
5-NP,182,0,631,0,0,631,T
5-NP,183,0,0,632,0,632,G
5-NP,184,635,0,2,0,637,A
5-NP,185,0,0,0,635,635,C
5-NP,186,640,0,0,0,640,A
5-NP,187,638,0,0,0,638,A
5-NP,188,0,635,0,0,635,T
5-NP,189,629,0,0,0,629,A
5-NP,190,0,0,637,0,637,G
5-NP,191,628,0,0,0,628,A
5-NP,192,0,0,639,0,639,G
5-NP,193,634,0,0,0,634,A
5-NP,194,638,0,0,0,638,A
5-NP,195,638,0,0,0,638,A
5-NP,196,652,0,0,0,652,A
5-NP,197,0,656,0,0,656,T
5-NP,198,0,0,661,0,661,G
5-NP,199,0,0,653,0,653,G
5-NP,200,0,648,0,0,648,T
5-NP,201,635,0,0,0,635,A
5-NP,202,0,0,0,645,645,C
5-NP,203,0,645,0,0,645,T
5-NP,204,0,0,0,659,659,C
5-NP,205,0,642,0,0,642,T
5-NP,206,1,0,0,646,647,C
5-NP,207,2,649,0,0,651,T
5-NP,208,0,1,657,0,658,G
5-NP,209,0,0,0,652,652,C
5-NP,210,0,649,0,1,650,T
5-NP,211,0,651,0,0,651,T
5-NP,212,0,647,0,0,647,T
5-NP,213,0,642,0,0,642,T
5-NP,214,0,0,647,0,647,G
5-NP,215,633,0,0,1,634,A
5-NP,216,0,641,0,0,641,T
5-NP,217,0,0,639,0,639,G
5-NP,218,640,0,0,0,640,A
5-NP,219,639,0,0,0,639,A
5-NP,220,639,0,0,0,639,A
5-NP,221,0,1,645,0,646,G
5-NP,222,642,0,1,0,643,A
5-NP,223,644,0,0,0,644,A
5-NP,224,0,0,643,0,643,G
5-NP,225,0,0,659,0,659,G
5-NP,226,659,0,1,0,660,A
5-NP,227,670,0,0,0,670,A
5-NP,228,0,668,0,0,668,T
5-NP,229,672,0,0,0,672,A
5-NP,230,669,0,0,0,669,A
5-NP,231,671,0,1,0,672,A
5-NP,232,0,667,0,0,667,T
5-NP,233,658,0,0,0,658,A
5-NP,234,0,0,0,666,666,C
5-NP,235,0,0,0,658,658,C
5-NP,236,0,656,0,0,656,T
5-NP,237,0,0,662,0,662,G
5-NP,238,0,0,669,0,669,G
5-NP,239,666,0,0,0,666,A
5-NP,240,662,0,0,0,662,A
5-NP,241,0,0,672,0,672,G
5-NP,242,667,0,0,0,667,A
5-NP,243,662,0,0,0,662,A
5-NP,244,0,1,0,660,661,C
5-NP,245,650,0,1,0,651,A
5-NP,246,0,0,0,676,676,C
5-NP,247,0,0,0,666,666,C
5-NP,248,0,0,0,662,662,C
5-NP,249,0,0,0,663,663,C
5-NP,250,664,0,0,0,664,A
5-NP,251,0,0,657,0,657,G
5-NP,252,1,0,0,662,663,C
5-NP,253,0,1,662,0,663,G
5-NP,254,0,0,0,660,660,C
5-NP,255,0,0,658,0,658,G
5-NP,256,1,0,664,0,665,G
5-NP,257,0,0,664,0,664,G
5-NP,258,0,1,662,0,663,G
5-NP,259,659,0,1,0,660,A
5-NP,260,664,0,0,0,664,A
5-NP,261,663,0,2,0,665,A
5-NP,262,0,0,667,0,667,G
5-NP,263,669,0,0,0,669,A
5-NP,264,0,663,0,0,663,T
5-NP,265,0,0,0,660,660,C
5-NP,266,1,0,0,659,660,C
5-NP,267,0,0,0,668,668,C
5-NP,268,667,0,0,0,667,A
5-NP,269,666,0,0,0,666,A
5-NP,270,0,0,666,0,666,G
5-NP,271,668,0,0,0,668,A
5-NP,272,671,0,0,0,671,A
5-NP,273,671,0,0,0,671,A
5-NP,274,666,0,1,0,667,A
5-NP,275,0,0,0,668,668,C
5-NP,276,0,662,0,0,662,T
5-NP,277,0,0,664,0,664,G
5-NP,278,0,1,661,0,662,G
5-NP,279,1,0,658,0,659,G
5-NP,280,0,1,661,0,662,G
5-NP,281,0,1,660,0,661,G
5-NP,282,0,0,670,0,670,G
5-NP,283,0,0,1,718,719,C
5-NP,284,0,0,0,720,720,C
5-NP,285,2,0,0,725,727,C
5-NP,286,830,1,0,0,831,A
5-NP,287,0,830,0,0,830,T
5-NP,288,878,0,1,0,879,A
5-NP,289,0,871,0,0,871,T
5-NP,290,864,0,0,0,864,A
5-NP,291,0,0,0,871,871,C
5-NP,292,808,0,0,0,808,A
5-NP,293,0,0,822,0,822,G
5-NP,294,0,1,811,0,812,G
5-NP,295,732,0,0,0,732,A
5-NP,296,0,0,747,0,747,G
5-NP,297,708,0,0,0,708,A
5-NP,298,0,0,730,0,730,G
5-NP,299,0,717,0,0,717,T
5-NP,300,724,0,0,0,724,A
5-NP,301,0,1,727,0,728,G
5-NP,302,713,0,0,0,713,A
5-NP,303,0,713,0,0,713,T
5-NP,304,0,0,717,0,717,G
5-NP,305,0,1,723,0,724,G
5-NP,306,723,0,0,0,723,A
5-NP,307,721,0,1,0,722,A
5-NP,308,721,0,0,0,721,A
5-NP,309,721,0,0,0,721,A
5-NP,310,0,723,0,1,724,T
5-NP,311,0,0,734,0,734,G
5-NP,312,0,0,736,0,736,G
5-NP,313,730,1,0,0,731,A
5-NP,314,0,731,0,1,732,T
5-NP,315,0,0,730,0,730,G
5-NP,316,730,0,1,0,731,A
5-NP,317,0,0,731,0,731,G
5-NP,318,1,0,730,0,731,G
5-NP,319,0,0,742,0,742,G
5-NP,320,742,0,2,0,744,A
5-NP,321,744,0,0,0,744,A
5-NP,322,0,0,0,756,756,C
5-NP,323,0,753,0,1,754,T
5-NP,324,0,0,0,769,769,C
5-NP,325,0,0,776,0,776,G
5-NP,326,0,783,0,0,783,T
5-NP,327,0,0,0,786,786,C
5-NP,328,0,0,0,859,859,C
5-NP,329,0,862,0,0,862,T
5-NP,330,0,868,0,0,868,T
5-NP,331,0,871,0,0,871,T
5-NP,332,876,0,0,0,876,A
5-NP,333,0,878,0,0,878,T
5-NP,334,3,0,873,0,876,G
5-NP,335,877,0,1,0,878,A
5-NP,336,0,0,1,883,884,C
5-NP,337,875,0,1,0,876,A
5-NP,338,877,0,0,0,877,A
5-NP,339,879,0,0,0,879,A
5-NP,340,0,0,931,0,931,G
5-NP,341,930,1,0,0,931,A
5-NP,342,933,0,0,0,933,A
5-NP,343,0,1,992,0,993,G
5-NP,344,997,0,1,0,998,A
5-NP,345,1005,0,1,0,1006,A
5-NP,346,1004,0,1,0,1005,A
5-NP,347,0,1002,0,1,1003,T
5-NP,348,1001,0,0,0,1001,A
5-NP,349,995,0,2,1,998,A
5-NP,350,0,1,1001,0,1002,G
5-NP,351,0,1,998,0,999,G
5-NP,352,0,1,0,997,998,C
5-NP,353,1,1,997,0,999,G
5-NP,354,1002,0,0,0,1002,A
5-NP,355,1018,0,0,0,1018,A
5-NP,356,0,1012,0,0,1012,T
5-NP,357,1,0,0,1021,1022,C
5-NP,358,0,1016,0,0,1016,T
5-NP,359,1,2,1010,0,1013,G
5-NP,360,0,0,1011,0,1011,G
5-NP,361,0,2,0,1014,1016,C
5-NP,362,1,1,1015,0,1017,G
5-NP,363,0,0,0,1016,1016,C
5-NP,364,0,0,0,1013,1013,C
5-NP,365,1018,1,0,0,1019,A
5-NP,366,1026,0,1,0,1027,A
5-NP,367,0,0,1057,0,1057,G
5-NP,368,0,1,0,1054,1055,C
5-NP,369,0,0,0,1077,1077,C
5-NP,370,1075,0,2,0,1077,A
5-NP,371,1097,0,0,0,1097,A
5-NP,372,0,0,0,1111,1111,C
5-NP,373,1118,0,0,0,1118,A
5-NP,374,1136,0,1,0,1137,A
5-NP,375,0,1138,0,0,1138,T
5-NP,376,0,1,1177,0,1178,G
5-NP,377,0,0,1167,0,1167,G
5-NP,378,0,1157,0,0,1157,T
5-NP,379,0,1,1174,0,1175,G
5-NP,380,1163,0,1,0,1164,A
5-NP,381,0,1,1209,0,1210,G
5-NP,382,0,1,1208,0,1209,G
5-NP,383,1228,0,0,0,1228,A
5-NP,384,0,1350,0,0,1350,T
5-NP,385,0,0,1363,0,1363,G
5-NP,386,0,0,0,1364,1364,C
5-NP,387,0,1371,0,1,1372,T
5-NP,388,1376,0,0,0,1376,A
5-NP,389,0,0,0,1406,1406,C
5-NP,390,1403,0,0,0,1403,A
5-NP,391,1,1396,0,1,1398,T
5-NP,392,1,0,0,1386,1387,C
5-NP,393,0,1344,0,0,1344,T
5-NP,394,0,2,1402,0,1404,G
5-NP,395,0,0,1440,0,1440,G
5-NP,396,0,1435,0,3,1438,T
5-NP,397,3,0,0,1432,1435,C
5-NP,398,0,1430,0,0,1430,T
5-NP,399,1441,0,0,0,1441,A
5-NP,400,1444,1,1,0,1446,A
5-NP,401,1,1,0,1456,1458,C
5-NP,402,0,1457,0,1,1458,T
5-NP,403,1,0,0,1471,1472,C
5-NP,404,1469,0,0,0,1469,A
5-NP,405,0,0,0,1534,1534,C
5-NP,406,1541,0,0,0,1541,A
5-NP,407,0,1546,0,0,1546,T
5-NP,408,1533,0,1,0,1534,A
5-NP,409,1542,0,0,0,1542,A
5-NP,410,0,1552,0,0,1552,T
5-NP,411,0,1,1567,0,1568,G
5-NP,412,1562,0,0,1,1563,A
5-NP,413,0,1550,0,1,1551,T
5-NP,414,0,1532,0,0,1532,T
5-NP,415,0,1535,0,2,1537,T
5-NP,416,0,1,1530,0,1531,G
5-NP,417,1,0,1525,0,1526,G
5-NP,418,2,1,0,1536,1539,C
5-NP,419,1535,0,3,0,1538,A
5-NP,420,0,1538,0,0,1538,T
5-NP,421,0,1533,0,2,1535,T
5-NP,422,1,2,0,1532,1535,C
5-NP,423,1,0,0,1541,1542,C
5-NP,424,1569,0,0,0,1569,A
5-NP,425,1563,0,0,0,1563,A
5-NP,426,0,1564,0,0,1564,T
5-NP,427,0,1561,0,0,1561,T
5-NP,428,0,1564,0,0,1564,T
5-NP,429,0,2,1571,0,1573,G
5-NP,430,1569,0,0,0,1569,A
5-NP,431,1581,0,0,0,1581,A
5-NP,432,1,1582,0,1,1584,T
5-NP,433,0,1,1572,0,1573,G
5-NP,434,1630,0,2,0,1632,A
5-NP,435,0,1630,0,1,1631,T
5-NP,436,0,0,1646,0,1646,G
5-NP,437,0,2,0,1683,1685,C
5-NP,438,1676,0,1,0,1677,A
5-NP,439,1752,0,2,0,1754,A
5-NP,440,1,0,0,1761,1762,C
5-NP,441,1784,0,0,0,1784,A
5-NP,442,0,1826,0,1,1827,T
5-NP,443,1790,0,0,0,1790,A
5-NP,444,0,0,0,1819,1819,C
5-NP,445,1,1,0,1816,1818,C
5-NP,446,1783,0,0,0,1783,A
5-NP,447,0,1,1808,0,1809,G
5-NP,448,1762,0,0,0,1762,A
5-NP,449,0,1,1815,0,1816,G
5-NP,450,0,1,1787,0,1788,G
5-NP,451,1778,0,1,0,1779,A
5-NP,452,0,0,0,1798,1798,C
5-NP,453,1770,1,2,0,1773,A
5-NP,454,1765,0,2,0,1767,A
5-NP,455,0,1,1773,0,1774,G
5-NP,456,1758,0,2,0,1760,A
5-NP,457,1,0,1779,0,1780,G
5-NP,458,0,0,0,1770,1770,C
5-NP,459,0,1762,0,3,1765,T
5-NP,460,1,0,0,1771,1772,C
5-NP,461,0,1770,0,0,1770,T
5-NP,462,0,1776,0,1,1777,T
5-NP,463,0,1,1774,0,1775,G
5-NP,464,0,1768,0,1,1769,T
5-NP,465,0,1772,0,1,1773,T
5-NP,466,1,1,0,1760,1762,C
5-NP,467,1,1,1764,0,1766,G
5-NP,468,1792,1,0,0,1793,A
5-NP,469,1796,0,0,0,1796,A
5-NP,470,0,0,0,1811,1811,C
5-NP,471,0,1804,0,1,1805,T
5-NP,472,0,1,1818,0,1819,G
5-NP,473,0,0,1825,0,1825,G
5-NP,474,1828,0,0,0,1828,A
5-NP,475,1831,0,1,0,1832,A
5-NP,476,0,1828,0,0,1828,T
5-NP,477,0,0,1824,0,1824,G
5-NP,478,1,0,1829,0,1830,G
5-NP,479,1832,0,0,0,1832,A
5-NP,480,0,1854,0,0,1854,T
5-NP,481,1,0,0,1874,1875,C
5-NP,482,2,0,0,1879,1881,C
5-NP,483,1,0,0,1892,1893,C
5-NP,484,1927,0,0,0,1927,A
5-NP,485,0,1,1958,0,1959,G
5-NP,486,1959,0,1,0,1960,A
5-NP,487,1950,0,0,0,1950,A
5-NP,488,0,1952,0,0,1952,T
5-NP,489,1,1,1993,0,1995,G
5-NP,490,0,1975,0,2,1977,T
5-NP,491,0,0,2010,0,2010,G
5-NP,492,0,0,0,2007,2007,C
5-NP,493,0,1993,0,2,1995,T
5-NP,494,0,0,0,2174,2174,C
5-NP,495,0,2163,0,0,2163,T
5-NP,496,0,1,1,2281,2283,C
5-NP,497,0,2274,0,5,2279,T
5-NP,498,0,1,2294,0,2295,G
5-NP,499,2315,0,0,0,2315,A
5-NP,500,0,2310,0,0,2310,T
5-NP,501,0,0,2318,0,2318,G
5-NP,502,0,0,0,2309,2309,C
5-NP,503,2242,0,4,0,2246,A
5-NP,504,1,2,2329,0,2332,G
5-NP,505,0,0,2283,0,2283,G
5-NP,506,0,1,2328,0,2329,G
5-NP,507,0,2,0,2334,2336,C
5-NP,508,0,2317,0,3,2320,T
5-NP,509,2,0,0,2340,2342,C
5-NP,510,2,5,2334,0,2341,G
5-NP,511,2369,2,0,0,2371,A
5-NP,512,0,0,0,2374,2374,C
5-NP,513,0,2349,0,0,2349,T
5-NP,514,2,0,0,2484,2486,C
5-NP,515,0,2475,0,0,2475,T
5-NP,516,2,2,0,2892,2896,C
5-NP,517,2,0,0,2892,2894,C
5-NP,518,0,1,0,2910,2911,C
5-NP,519,0,2908,0,3,2911,T
5-NP,520,2894,0,3,0,2897,A
5-NP,521,1,0,2897,0,2898,G
5-NP,522,2889,0,0,0,2889,A
5-NP,523,2824,0,0,0,2824,A
5-NP,524,0,5,2838,0,2843,G
5-NP,525,2,1,2805,0,2808,G
5-NP,526,0,2742,0,1,2743,T
5-NP,527,0,0,0,2788,2788,C
5-NP,528,1,2,0,2777,2780,C
5-NP,529,1,2,2791,0,2794,G
5-NP,530,0,2,2806,0,2808,G
5-NP,531,2798,0,0,0,2798,A
5-NP,532,1,2,2853,0,2856,G
5-NP,533,1,2,0,2843,2846,C
5-NP,534,1,2820,0,2,2823,T
5-NP,535,1,0,2824,0,2825,G
5-NP,536,0,0,0,2833,2833,C
5-NP,537,2820,0,8,0,2828,A
5-NP,538,0,0,2845,0,2845,G
5-NP,539,1,1,2843,0,2845,G
5-NP,540,0,2811,0,1,2812,T
5-NP,541,3,0,2833,0,2836,G
5-NP,542,0,1,0,2831,2832,C
5-NP,543,3,2844,0,2,2849,T
5-NP,544,0,0,2860,1,2861,G
5-NP,545,0,1,0,2851,2852,C
5-NP,546,2887,0,0,0,2887,A
5-NP,547,0,0,2950,0,2950,G
5-NP,548,0,2922,0,0,2922,T
5-NP,549,3,1,0,2942,2946,C
5-NP,550,2938,0,1,0,2939,A
5-NP,551,2939,0,1,0,2940,A
5-NP,552,2940,0,5,0,2945,A
5-NP,553,0,2,2955,0,2957,G
5-NP,554,2,0,2958,0,2960,G
5-NP,555,2962,0,0,0,2962,A
5-NP,556,2943,0,2,0,2945,A
5-NP,557,0,2950,0,0,2950,T
5-NP,558,1,1,0,2947,2949,C
5-NP,559,1,3,2938,0,2942,G
5-NP,560,0,0,3012,0,3012,G
5-NP,561,2,0,3030,0,3032,G
5-NP,562,3001,0,1,0,3002,A
5-NP,563,1,0,0,3047,3048,C
5-NP,564,3019,0,0,0,3019,A
5-NP,565,3073,0,4,0,3077,A
5-NP,566,0,3101,0,0,3101,T
5-NP,567,0,1,3124,0,3125,G
5-NP,568,1,0,3198,0,3199,G
5-NP,569,0,3157,0,0,3157,T
5-NP,570,2,0,3197,0,3199,G
5-NP,571,3185,4,1,0,3190,A
5-NP,572,1,3184,0,0,3185,T
5-NP,573,2,1,3194,0,3197,G
5-NP,574,0,0,3229,0,3229,G
5-NP,575,3213,1,1,0,3215,A
5-NP,576,3232,2,2,0,3236,A
5-NP,577,0,3,0,3222,3225,C
5-NP,578,0,3133,0,0,3133,T
5-NP,579,1,1,3294,0,3296,G
5-NP,580,3260,1,1,0,3262,A
5-NP,581,0,3286,0,0,3286,T
5-NP,582,4,0,0,3295,3299,C
5-NP,583,3260,0,2,0,3262,A
5-NP,584,0,1,3356,0,3357,G
5-NP,585,3326,0,1,0,3327,A
5-NP,586,3341,1,1,0,3343,A
5-NP,587,0,3340,0,0,3340,T
5-NP,588,1,1,3256,0,3258,G
5-NP,589,3229,0,4,0,3233,A
5-NP,590,2,3302,0,0,3304,T
5-NP,591,4,1,0,3317,3322,C
5-NP,592,3331,0,0,0,3331,A
5-NP,593,3301,0,2,0,3303,A
5-NP,594,3311,0,1,0,3312,A
5-NP,595,0,1,0,3320,3321,C
5-NP,596,0,3,3307,1,3311,G
5-NP,597,1,1,3320,1,3323,G
5-NP,598,1,4,3279,0,3284,G
5-NP,599,0,1,3303,0,3304,G
5-NP,600,0,1,3326,0,3327,G
5-NP,601,3318,1,3,0,3322,A
5-NP,602,0,3300,0,1,3301,T
5-NP,603,0,0,0,3325,3325,C
5-NP,604,3325,0,1,0,3326,A
5-NP,605,3319,0,1,0,3320,A
5-NP,606,0,3,0,3308,3311,C
5-NP,607,1,0,3302,0,3303,G
5-NP,608,3278,0,1,0,3279,A
5-NP,609,0,3266,0,3,3269,T
5-NP,610,0,0,0,3279,3279,C
5-NP,611,1,0,3306,0,3307,G
5-NP,612,3282,0,0,0,3282,A
5-NP,613,3294,0,1,0,3295,A
5-NP,614,3282,0,0,0,3282,A
5-NP,615,0,3324,0,1,3325,T
5-NP,616,0,3341,0,1,3342,T
5-NP,617,0,3340,0,2,3342,T
5-NP,618,0,3343,0,2,3345,T
5-NP,619,0,3360,0,0,3360,T
5-NP,620,0,2,3357,0,3359,G
5-NP,621,0,3,3351,0,3354,G
5-NP,622,3321,0,1,0,3322,A
5-NP,623,0,2,3355,0,3357,G
5-NP,624,3293,0,3,0,3296,A
5-NP,625,0,1,3478,0,3479,G
5-NP,626,0,1,3477,0,3478,G
5-NP,627,0,3389,0,7,3396,T
5-NP,628,0,5,3474,0,3479,G
5-NP,629,3453,0,5,0,3458,A
5-NP,630,2,6,3489,0,3497,G
5-NP,631,3488,0,3,0,3491,A
5-NP,632,3481,0,0,0,3481,A
5-NP,633,0,3488,0,0,3488,T
5-NP,634,0,3,3379,0,3382,G
5-NP,635,0,1,3355,0,3356,G
5-NP,636,1,2,3331,0,3334,G
5-NP,637,2,3,0,3337,3342,C
5-NP,638,1,2,3360,0,3363,G
5-NP,639,1,0,3386,0,3387,G
5-NP,640,3361,0,2,0,3363,A
5-NP,641,3370,0,0,0,3370,A
5-NP,642,3435,0,1,0,3436,A
5-NP,643,3439,0,1,1,3441,A
5-NP,644,0,0,0,3472,3472,C
5-NP,645,3461,1,1,0,3463,A
5-NP,646,3451,0,3,0,3454,A
5-NP,647,1,0,3463,0,3464,G
5-NP,648,3337,0,4,0,3341,A
5-NP,649,3355,0,0,1,3356,A
5-NP,650,0,2,3446,0,3448,G
5-NP,651,0,3412,0,0,3412,T
5-NP,652,1,0,3628,0,3629,G
5-NP,653,0,0,0,3608,3608,C
5-NP,654,0,3628,0,2,3630,T
5-NP,655,0,3644,0,2,3646,T
5-NP,656,3678,1,1,0,3680,A
5-NP,657,0,3696,0,1,3697,T
5-NP,658,1,2,3708,0,3711,G
5-NP,659,3618,0,6,0,3624,A
5-NP,660,0,1,3638,0,3639,G
5-NP,661,3488,0,2,0,3490,A
5-NP,662,1,0,3520,0,3521,G
5-NP,663,3523,0,0,0,3523,A
5-NP,664,3553,0,1,0,3554,A
5-NP,665,0,3530,0,2,3532,T
5-NP,666,0,2,3579,0,3581,G
5-NP,667,1,3552,0,0,3553,T
5-NP,668,1,0,3582,0,3583,G
5-NP,669,0,2,0,3568,3570,C
5-NP,670,3564,0,1,0,3565,A
5-NP,671,3581,0,5,0,3586,A
5-NP,672,0,0,0,3585,3585,C
5-NP,673,3544,0,1,0,3545,A
5-NP,674,0,3560,0,3,3563,T
5-NP,675,0,3524,0,2,3526,T
5-NP,676,2,0,0,3531,3533,C
5-NP,677,0,3539,0,0,3539,T
5-NP,678,3,3543,0,0,3546,T
5-NP,679,3537,1,0,0,3538,A
5-NP,680,3523,0,0,0,3523,A
5-NP,681,3531,0,2,0,3533,A
5-NP,682,0,2,3532,0,3534,G
5-NP,683,0,0,3520,0,3520,G
5-NP,684,3519,0,0,0,3519,A
5-NP,685,3512,1,0,0,3513,A
5-NP,686,3507,0,0,0,3507,A
5-NP,687,3553,1,0,0,3554,A
5-NP,688,0,3547,1,2,3550,T
5-NP,689,0,3533,0,2,3535,T
5-NP,690,0,3548,0,1,3549,T
5-NP,691,0,0,0,3570,3570,C
5-NP,692,3573,0,2,0,3575,A
5-NP,693,3571,0,2,0,3573,A
5-NP,694,3560,0,0,0,3560,A
5-NP,695,0,2,0,3614,3616,C
5-NP,696,3588,0,0,0,3588,A
5-NP,697,0,0,3643,0,3643,G
5-NP,698,0,1,0,3658,3659,C
5-NP,699,0,3645,0,2,3647,T
5-NP,700,1,0,3708,0,3709,G
5-NP,701,0,1,0,3706,3707,C
5-NP,702,3725,0,2,0,3727,A
5-NP,703,1,0,0,3733,3734,C
5-NP,704,3712,0,1,0,3713,A
5-NP,705,3721,0,0,0,3721,A
5-NP,706,3635,0,1,0,3636,A
5-NP,707,2,6,3778,0,3786,G
5-NP,708,3752,0,8,0,3760,A
5-NP,709,2,0,3804,0,3806,G
5-NP,710,1,0,0,3823,3824,C
5-NP,711,3816,0,3,1,3820,A
5-NP,712,3938,0,1,1,3940,A
5-NP,713,0,3946,0,0,3946,T
5-NP,714,1,5,3952,0,3958,G
5-NP,715,3,1,3962,0,3966,G
5-NP,716,0,3848,0,5,3853,T
5-NP,717,4,1,3886,0,3891,G
5-NP,718,1,4,3913,0,3918,G
5-NP,719,3919,0,2,0,3921,A
5-NP,720,1,3903,0,2,3906,T
5-NP,721,3,1,0,3831,3835,C
5-NP,722,3844,0,1,0,3845,A
5-NP,723,3903,0,0,0,3903,A
5-NP,724,0,0,3923,0,3923,G
5-NP,725,0,3878,0,0,3878,T
5-NP,726,1,1,3894,0,3896,G
5-NP,727,3850,0,5,0,3855,A
5-NP,728,0,2,3865,0,3867,G
5-NP,729,3874,0,1,0,3875,A
5-NP,730,3,1,3858,0,3862,G
5-NP,731,3846,0,0,0,3846,A
5-NP,732,3799,0,0,0,3799,A
5-NP,733,3818,1,1,1,3821,A
5-NP,734,1,0,3818,0,3819,G
5-NP,735,0,3780,0,0,3780,T
5-NP,736,1,1,1,3812,3815,C
5-NP,737,1,0,3797,0,3798,G
5-NP,738,12,2,3772,0,3786,G
5-NP,739,3812,0,2,0,3814,A
5-NP,740,3809,0,2,0,3811,A
5-NP,741,0,0,0,3838,3838,C
5-NP,742,1,1,1,3817,3820,C
5-NP,743,1,1,0,3827,3829,C
5-NP,744,3833,0,4,0,3837,A
5-NP,745,1,0,3849,0,3850,G
5-NP,746,0,2,3836,0,3838,G
5-NP,747,3823,0,0,0,3823,A
5-NP,748,3824,0,2,0,3826,A
5-NP,749,3804,1,1,0,3806,A
5-NP,750,1,2,0,3826,3829,C
5-NP,751,1,2,3823,0,3826,G
5-NP,752,0,0,0,3822,3822,C
5-NP,753,0,3806,0,4,3810,T
5-NP,754,1,3,3824,0,3828,G
5-NP,755,3809,0,0,0,3809,A
5-NP,756,0,1,3863,0,3864,G
5-NP,757,3868,1,2,0,3871,A
5-NP,758,0,3827,0,0,3827,T
5-NP,759,1,2,0,3820,3823,C
5-NP,760,5,0,3825,0,3830,G
5-NP,761,3810,0,0,0,3810,A
5-NP,762,3824,0,1,0,3825,A
5-NP,763,0,0,3833,0,3833,G
5-NP,764,3848,1,1,0,3850,A
5-NP,765,0,3827,0,1,3828,T
5-NP,766,1,0,0,3862,3863,C
5-NP,767,0,3853,0,2,3855,T
5-NP,768,1,0,0,3915,3916,C
5-NP,769,3915,0,2,0,3917,A
5-NP,770,0,3924,0,0,3924,T
5-NP,771,3929,0,0,0,3929,A
5-NP,772,0,3909,1,1,3911,T
5-NP,773,0,3883,0,1,3884,T
5-NP,774,0,3872,0,0,3872,T
5-NP,775,1,3837,0,0,3838,T
5-NP,776,0,3841,0,1,3842,T
5-NP,777,3874,0,1,0,3875,A
5-NP,778,0,0,3843,0,3843,G
5-NP,779,1,2,0,3857,3860,C
5-NP,780,3858,0,0,0,3858,A
5-NP,781,3842,0,2,0,3844,A
5-NP,782,0,2,3960,0,3962,G
5-NP,783,3965,0,0,0,3965,A
5-NP,784,0,3948,0,0,3948,T
5-NP,785,1,1,0,3996,3998,C
5-NP,786,2,3965,0,1,3968,T
5-NP,787,0,0,4092,0,4092,G
5-NP,788,0,1,0,4103,4104,C
5-NP,789,4107,1,1,0,4109,A
5-NP,790,0,4133,0,2,4135,T
5-NP,791,0,4033,0,0,4033,T
5-NP,792,1,0,4293,1,4295,G
5-NP,793,4371,0,1,0,4372,A
5-NP,794,0,4353,1,1,4355,T
5-NP,795,4376,0,1,0,4377,A
5-NP,796,0,4285,0,1,4286,T
5-NP,797,0,4271,0,1,4272,T
5-NP,798,0,1,4309,0,4310,G
5-NP,799,4246,0,3,0,4249,A
5-NP,800,1,0,4303,1,4305,G
5-NP,801,4127,0,4,0,4131,A
5-NP,802,0,0,4073,0,4073,G
5-NP,803,0,2,4127,0,4129,G
5-NP,804,4109,0,1,0,4110,A
5-NP,805,0,4065,0,6,4071,T
5-NP,806,3,0,0,4124,4127,C
5-NP,807,4110,0,3,0,4113,A
5-NP,808,0,1,4135,0,4136,G
5-NP,809,0,4117,0,1,4118,T
5-NP,810,1,4081,0,0,4082,T
5-NP,811,0,1,4102,0,4103,G
5-NP,812,0,1,0,4053,4054,C
5-NP,813,1,4053,0,2,4056,T
5-NP,814,2,1,0,4087,4090,C
5-NP,815,4078,0,0,0,4078,A
5-NP,816,2,0,0,4110,4112,C
5-NP,817,4111,0,0,0,4111,A
5-NP,818,4140,0,1,0,4141,A
5-NP,819,4147,0,1,0,4148,A
5-NP,820,0,4110,0,1,4111,T
5-NP,821,0,0,0,4146,4146,C
5-NP,822,2,4112,0,3,4117,T
5-NP,823,0,4133,0,0,4133,T
5-NP,824,0,2,4148,0,4150,G
5-NP,825,2,1,1,4138,4142,C
5-NP,826,1,2,0,4179,4182,C
5-NP,827,1,4177,1,0,4179,T
5-NP,828,4148,1,2,0,4151,A
5-NP,829,1,2,0,4196,4199,C
5-NP,830,3,2,0,4198,4203,C
5-NP,831,1,4195,0,6,4202,T
5-NP,832,2,0,4224,0,4226,G
5-NP,833,2,0,0,4175,4177,C
5-NP,834,0,0,0,4207,4207,C
5-NP,835,2,4176,0,4,4182,T
5-NP,836,2,0,4180,0,4182,G
5-NP,837,0,2,0,4148,4150,C
5-NP,838,0,0,4188,0,4188,G
5-NP,839,0,2,0,4274,4276,C
5-NP,840,1,0,4345,0,4346,G
5-NP,841,0,4308,0,0,4308,T
5-NP,842,4321,0,0,0,4321,A
5-NP,843,1,4306,0,1,4308,T
5-NP,844,0,5,4301,1,4307,G
5-NP,845,1,0,4488,0,4489,G
5-NP,846,4478,0,4,0,4482,A
5-NP,847,0,0,0,4484,4484,C
5-NP,848,3,0,0,4463,4466,C
5-NP,849,0,4406,0,7,4413,T
5-NP,850,1,0,4611,0,4612,G
5-NP,851,1,1,0,4620,4622,C
5-NP,852,4624,1,3,0,4628,A
5-NP,853,2,1,4711,0,4714,G
5-NP,854,0,4499,0,0,4499,T
5-NP,855,4658,0,1,0,4659,A
5-NP,856,0,4640,0,3,4643,T
5-NP,857,3,1,0,4644,4648,C
5-NP,858,2,2,0,4667,4671,C
5-NP,859,4477,0,1,0,4478,A
5-NP,860,1,0,4494,0,4495,G
5-NP,861,0,4467,0,1,4468,T
5-NP,862,1,7,4488,0,4496,G
5-NP,863,0,3,4482,0,4485,G
5-NP,864,0,1,4416,0,4417,G
5-NP,865,0,4418,0,0,4418,T
5-NP,866,4421,0,1,0,4422,A
5-NP,867,0,0,0,4414,4414,C
5-NP,868,2,7,4382,0,4391,G
5-NP,869,4357,0,1,0,4358,A
5-NP,870,0,1,0,4381,4382,C
5-NP,871,0,4288,0,0,4288,T
5-NP,872,0,4294,0,0,4294,T
5-NP,873,2,3,0,4304,4309,C
5-NP,874,0,0,4317,0,4317,G
5-NP,875,4295,0,4,0,4299,A
5-NP,876,4323,0,0,0,4323,A
5-NP,877,4327,0,1,0,4328,A
5-NP,878,4328,0,0,0,4328,A
5-NP,879,4311,0,3,0,4314,A
5-NP,880,0,1,4334,0,4335,G
5-NP,881,4309,1,4,0,4314,A
5-NP,882,0,1,4348,0,4349,G
5-NP,883,0,3,4384,0,4387,G
5-NP,884,0,0,4390,0,4390,G
5-NP,885,4400,1,1,0,4402,A
5-NP,886,0,4391,0,0,4391,T
5-NP,887,4419,0,0,0,4419,A
5-NP,888,0,4404,0,1,4405,T
5-NP,889,1,4396,0,1,4398,T
5-NP,890,3,0,0,4451,4454,C
5-NP,891,1,1,0,4433,4435,C
5-NP,892,0,4382,0,0,4382,T
5-NP,893,0,4393,0,0,4393,T
5-NP,894,2,1,4443,0,4446,G
5-NP,895,1,0,4471,1,4473,G
5-NP,896,1,4434,0,0,4435,T
5-NP,897,0,5,4429,0,4434,G
5-NP,898,1,2,4415,0,4418,G
5-NP,899,0,0,4599,0,4599,G
5-NP,900,4590,1,1,0,4592,A
5-NP,901,4605,2,3,0,4610,A
5-NP,902,0,4603,0,0,4603,T
5-NP,903,4528,0,1,0,4529,A
5-NP,904,0,0,4536,0,4536,G
5-NP,905,4465,0,6,1,4472,A
5-NP,906,1,1,0,4455,4457,C
5-NP,907,1,2,0,4417,4420,C
5-NP,908,5,1,0,4330,4336,C
5-NP,909,0,4384,0,6,4390,T
5-NP,910,3,4378,0,2,4383,T
5-NP,911,1,4390,0,0,4391,T
5-NP,912,4,0,0,4399,4403,C
5-NP,913,4390,0,1,0,4391,A
5-NP,914,4395,0,0,0,4395,A
5-NP,915,4371,1,3,0,4375,A
5-NP,916,1,1,0,4377,4379,C
5-NP,917,0,4270,0,0,4270,T
5-NP,918,4256,0,0,0,4256,A
5-NP,919,1,2,0,4301,4304,C
5-NP,920,0,4284,0,5,4289,T
5-NP,921,0,4264,0,5,4269,T
5-NP,922,2,1,0,4316,4319,C
5-NP,923,4307,1,1,0,4309,A
5-NP,924,4302,0,3,0,4305,A
5-NP,925,4290,0,0,0,4290,A
5-NP,926,4291,0,0,0,4291,A
5-NP,927,0,4254,0,0,4254,T
5-NP,928,4211,0,0,0,4211,A
5-NP,929,0,1,4237,0,4238,G
5-NP,930,0,2,0,4258,4260,C
5-NP,931,1,1,0,4301,4303,C
5-NP,932,4317,1,0,0,4318,A
5-NP,933,4324,0,0,0,4324,A
5-NP,934,4458,0,0,0,4458,A
5-NP,935,0,4454,0,2,4456,T
5-NP,936,4478,1,0,0,4479,A
5-NP,937,0,4478,0,0,4478,T
5-NP,938,4400,0,4,0,4404,A
5-NP,939,0,1,0,4416,4417,C
5-NP,940,4349,1,1,0,4351,A
5-NP,941,0,0,4429,0,4429,G
5-NP,942,0,0,0,4416,4416,C
5-NP,943,0,4299,0,2,4301,T
5-NP,944,0,4357,0,0,4357,T
5-NP,945,4370,0,0,0,4370,A
5-NP,946,4366,2,0,0,4368,A
5-NP,947,2,4350,0,2,4354,T
5-NP,948,4,0,0,4354,4358,C
5-NP,949,4209,0,2,0,4211,A
5-NP,950,1,1,4231,0,4233,G
5-NP,951,4196,0,2,0,4198,A
5-NP,952,1,0,0,4246,4247,C
5-NP,953,0,0,0,4218,4218,C
5-NP,954,0,4171,0,3,4174,T
5-NP,955,4225,0,0,0,4225,A
5-NP,956,4214,0,0,0,4214,A
5-NP,957,1,1,0,4235,4237,C
5-NP,958,1,0,4237,0,4238,G
5-NP,959,4167,0,0,0,4167,A
5-NP,960,1,3,4165,0,4169,G
5-NP,961,4155,0,1,0,4156,A
5-NP,962,4193,1,0,0,4194,A
5-NP,963,0,4162,0,1,4163,T
5-NP,964,3,4,0,4120,4127,C
5-NP,965,0,1,0,4134,4135,C
5-NP,966,4071,0,8,0,4079,A
5-NP,967,2,0,4082,0,4084,G
5-NP,968,0,1,0,4081,4082,C
5-NP,969,4109,1,0,0,4110,A
5-NP,970,0,0,0,4148,4148,C
5-NP,971,4090,1,0,0,4091,A
5-NP,972,0,0,0,4105,4105,C
5-NP,973,4087,1,1,0,4089,A
5-NP,974,4119,0,3,0,4122,A
5-NP,975,1,0,4120,0,4121,G
5-NP,976,4090,0,2,0,4092,A
5-NP,977,1,0,4087,0,4088,G
5-NP,978,0,3970,0,1,3971,T
5-NP,979,2,0,0,3975,3977,C
5-NP,980,3986,0,1,0,3987,A
5-NP,981,1,1,3977,0,3979,G
5-NP,982,1,2,0,3967,3970,C
5-NP,983,0,3929,0,3,3932,T
5-NP,984,0,1,3950,0,3951,G
5-NP,985,0,0,3972,0,3972,G
5-NP,986,0,3955,0,1,3956,T
5-NP,987,1,2,3990,0,3993,G
5-NP,988,0,3918,0,0,3918,T
5-NP,989,1,1,3922,0,3924,G
5-NP,990,0,0,3912,0,3912,G
5-NP,991,3884,0,0,0,3884,A
5-NP,992,0,3886,0,1,3887,T
5-NP,993,1,3,3707,0,3711,G
5-NP,994,1,0,3685,0,3686,G
5-NP,995,1,1,0,3684,3686,C
5-NP,996,3652,0,1,1,3654,A
5-NP,997,0,3649,1,3,3653,T
5-NP,998,0,1,3618,0,3619,G
5-NP,999,0,1,0,3636,3637,C
5-NP,1000,1,0,0,3650,3651,C
5-NP,1001,3642,0,0,0,3642,A
5-NP,1002,0,3626,0,0,3626,T
5-NP,1003,0,3560,0,1,3561,T
5-NP,1004,1,0,0,3588,3589,C
5-NP,1005,1,3545,0,0,3546,T
5-NP,1006,0,0,3534,0,3534,G
5-NP,1007,0,1,0,3531,3532,C
5-NP,1008,0,3413,1,5,3419,T
5-NP,1009,0,1,3442,0,3443,G
5-NP,1010,0,0,0,3388,3388,C
5-NP,1011,3393,0,1,0,3394,A
5-NP,1012,0,3398,0,0,3398,T
5-NP,1013,0,3362,0,2,3364,T
5-NP,1014,0,3354,0,0,3354,T
5-NP,1015,0,1,3361,0,3362,G
5-NP,1016,3355,0,2,0,3357,A
5-NP,1017,3353,0,0,1,3354,A
5-NP,1018,0,1,3388,0,3389,G
5-NP,1019,3365,0,0,0,3365,A
5-NP,1020,0,3354,1,0,3355,T
5-NP,1021,0,3339,0,1,3340,T
5-NP,1022,0,3349,0,0,3349,T
5-NP,1023,3346,0,2,0,3348,A
5-NP,1024,3349,0,0,0,3349,A
5-NP,1025,0,1,3360,0,3361,G
5-NP,1026,3354,1,0,0,3355,A
5-NP,1027,0,3294,0,0,3294,T
5-NP,1028,0,3271,0,0,3271,T
5-NP,1029,3270,0,0,0,3270,A
5-NP,1030,0,3341,0,0,3341,T
5-NP,1031,0,3346,0,0,3346,T
5-NP,1032,3356,0,0,0,3356,A
5-NP,1033,3340,0,1,0,3341,A
5-NP,1034,2,0,3351,0,3353,G
5-NP,1035,1,0,0,3351,3352,C
5-NP,1036,1,3249,0,4,3254,T
5-NP,1037,0,3284,0,0,3284,T
5-NP,1038,1,0,0,3311,3312,C
5-NP,1039,3316,0,1,0,3317,A
5-NP,1040,0,3288,0,0,3288,T
5-NP,1041,2,0,0,3305,3307,C
5-NP,1042,3268,0,0,0,3268,A
5-NP,1043,0,2,3258,0,3260,G
5-NP,1044,3213,0,4,0,3217,A
5-NP,1045,0,1,3221,0,3222,G
5-NP,1046,0,2,3212,0,3214,G
5-NP,1047,1,1,3194,0,3196,G
5-NP,1048,3185,0,7,0,3192,A
5-NP,1049,0,1,0,3203,3204,C
5-NP,1050,3212,1,0,0,3213,A
5-NP,1051,3218,1,1,1,3221,A
5-NP,1052,3228,0,1,0,3229,A
5-NP,1053,3238,0,6,0,3244,A
5-NP,1054,0,0,3243,0,3243,G
5-NP,1055,0,3186,0,1,3187,T
5-NP,1056,3172,0,0,0,3172,A
5-NP,1057,0,3149,0,1,3150,T
5-NP,1058,1,0,0,3175,3176,C
5-NP,1059,1,3115,0,2,3118,T
5-NP,1060,0,0,0,3169,3169,C
5-NP,1061,1,0,0,3158,3159,C
5-NP,1062,1,3119,0,0,3120,T
5-NP,1063,1,0,0,3137,3138,C
5-NP,1064,0,4,3134,0,3138,G
5-NP,1065,1,2,3154,0,3157,G
5-NP,1066,3,1,3140,0,3144,G
5-NP,1067,1,1,3139,0,3141,G
5-NP,1068,1,0,3139,0,3140,G
5-NP,1069,3098,1,0,0,3099,A
5-NP,1070,3099,0,0,0,3099,A
5-NP,1071,3103,1,1,1,3106,A
5-NP,1072,0,0,0,3113,3113,C
5-NP,1073,0,3108,0,0,3108,T
5-NP,1074,1,1,3127,0,3129,G
5-NP,1075,0,3105,0,1,3106,T
5-NP,1076,2,1,0,3106,3109,C
5-NP,1077,3165,0,4,0,3169,A
5-NP,1078,3185,0,0,0,3185,A
5-NP,1079,0,1,0,3202,3203,C
5-NP,1080,0,3188,0,0,3188,T
5-NP,1081,3147,0,2,0,3149,A
5-NP,1082,0,4,3162,0,3166,G
5-NP,1083,3101,0,0,0,3101,A
5-NP,1084,1,1,3100,0,3102,G
5-NP,1085,0,4,3109,0,3113,G
5-NP,1086,2997,0,2,0,2999,A
5-NP,1087,0,0,3074,0,3074,G
5-NP,1088,0,3037,0,1,3038,T
5-NP,1089,3040,0,1,0,3041,A
5-NP,1090,0,1,0,3049,3050,C
5-NP,1091,3022,1,2,0,3025,A
5-NP,1092,3013,0,1,0,3014,A
5-NP,1093,2997,0,0,0,2997,A
5-NP,1094,0,2971,0,0,2971,T
5-NP,1095,0,2971,0,0,2971,T
5-NP,1096,1,0,2897,0,2898,G
5-NP,1097,0,1,0,2869,2870,C
5-NP,1098,0,2864,0,1,2865,T
5-NP,1099,1,2861,0,3,2865,T
5-NP,1100,1,0,1,2869,2871,C
5-NP,1101,2875,0,0,0,2875,A
5-NP,1102,2881,0,1,0,2882,A
5-NP,1103,2874,0,2,0,2876,A
5-NP,1104,0,2879,0,0,2879,T
5-NP,1105,0,1,2886,0,2887,G
5-NP,1106,2824,0,3,0,2827,A
5-NP,1107,1,1,2853,0,2855,G
5-NP,1108,2856,0,2,0,2858,A
5-NP,1109,2852,0,0,1,2853,A
5-NP,1110,1,0,0,2861,2862,C
5-NP,1111,2841,0,0,0,2841,A
5-NP,1112,0,2836,0,2,2838,T
5-NP,1113,2,2,2878,0,2882,G
5-NP,1114,1,2,2895,0,2898,G
5-NP,1115,2894,0,1,0,2895,A
5-NP,1116,0,2844,0,0,2844,T
5-NP,1117,2817,0,0,0,2817,A
5-NP,1118,2998,0,0,0,2998,A
5-NP,1119,0,2941,0,1,2942,T
5-NP,1120,2941,0,0,0,2941,A
5-NP,1121,0,2919,0,6,2925,T
5-NP,1122,1,3,2741,0,2745,G
5-NP,1123,1,0,2703,0,2704,G
5-NP,1124,0,2,2691,0,2693,G
5-NP,1125,2663,0,0,0,2663,A
5-NP,1126,0,2658,0,0,2658,T
5-NP,1127,2,1,0,2218,2221,C
5-NP,1128,8,0,2224,0,2232,G
5-NP,1129,2220,0,1,0,2221,A
5-NP,1130,0,0,2211,0,2211,G
5-NP,1131,0,0,0,2211,2211,C
5-NP,1132,2173,0,1,0,2174,A
5-NP,1133,0,0,0,2309,2309,C
5-NP,1134,0,2272,1,2,2275,T
5-NP,1135,2,0,0,2291,2293,C
5-NP,1136,0,2292,0,4,2296,T
5-NP,1137,0,2271,0,1,2272,T
5-NP,1138,0,1,2285,0,2286,G
5-NP,1139,2279,0,0,0,2279,A
5-NP,1140,2278,0,1,0,2279,A
5-NP,1141,0,2,0,2281,2283,C
5-NP,1142,0,1956,0,1,1957,T
5-NP,1143,0,0,1963,0,1963,G
5-NP,1144,1919,0,0,0,1919,A
5-NP,1145,0,1,1931,0,1932,G
5-NP,1146,1928,0,0,0,1928,A
5-NP,1147,1934,0,1,0,1935,A
5-NP,1148,0,0,1931,0,1931,G
5-NP,1149,0,1,0,1906,1907,C
5-NP,1150,2,0,1911,0,1913,G
5-NP,1151,1,2,1909,0,1912,G
5-NP,1152,0,0,1924,0,1924,G
5-NP,1153,0,1909,0,1,1910,T
5-NP,1154,1882,0,1,0,1883,A
5-NP,1155,1,1,0,1884,1886,C
5-NP,1156,0,1704,1,2,1707,T
5-NP,1157,1,1,1714,0,1716,G
5-NP,1158,0,1,1699,0,1700,G
5-NP,1159,0,0,1712,0,1712,G
5-NP,1160,1,1,0,1695,1697,C
5-NP,1161,1,1,0,1641,1643,C
5-NP,1162,1659,0,0,0,1659,A
5-NP,1163,0,1669,0,1,1670,T
5-NP,1164,1669,0,0,0,1669,A
5-NP,1165,1659,0,1,0,1660,A
5-NP,1166,0,3,1648,0,1651,G
5-NP,1167,1,1,1685,0,1687,G
5-NP,1168,1647,1,2,0,1650,A
5-NP,1169,0,1,0,1656,1657,C
5-NP,1170,3,0,0,1662,1665,C
5-NP,1171,1656,0,1,1,1658,A
5-NP,1172,0,0,1702,0,1702,G
5-NP,1173,0,1,1699,0,1700,G
5-NP,1174,1689,0,0,0,1689,A
5-NP,1175,1,0,1706,0,1707,G
5-NP,1176,0,1632,0,0,1632,T
5-NP,1177,1,1,1638,0,1640,G
5-NP,1178,0,2,1662,0,1664,G
5-NP,1179,1660,0,1,0,1661,A
5-NP,1180,0,0,1676,0,1676,G
5-NP,1181,1,0,1645,0,1646,G
5-NP,1182,1627,0,1,0,1628,A
5-NP,1183,1640,0,0,1,1641,A
5-NP,1184,1629,0,2,0,1631,A
5-NP,1185,0,0,0,1637,1637,C
5-NP,1186,1627,0,0,0,1627,A
5-NP,1187,0,1,0,1664,1665,C
5-NP,1188,0,1631,0,0,1631,T
5-NP,1189,1645,0,0,1,1646,A
5-NP,1190,1635,0,0,0,1635,A
5-NP,1191,0,1636,0,0,1636,T
5-NP,1192,0,0,0,1648,1648,C
5-NP,1193,1641,0,0,0,1641,A
5-NP,1194,1661,0,0,0,1661,A
5-NP,1195,0,1,0,1665,1666,C
5-NP,1196,1654,0,0,0,1654,A
5-NP,1197,1611,0,3,0,1614,A
5-NP,1198,1615,0,3,0,1618,A
5-NP,1199,0,0,1616,0,1616,G
5-NP,1200,0,2,1616,0,1618,G
5-NP,1201,0,2,1614,0,1616,G
5-NP,1202,0,0,1,1602,1603,C
5-NP,1203,0,0,0,1596,1596,C
5-NP,1204,0,1573,0,1,1574,T
5-NP,1205,1,0,0,1605,1606,C
5-NP,1206,0,0,0,1617,1617,C
5-NP,1207,0,0,1604,0,1604,G
5-NP,1208,0,0,0,1609,1609,C
5-NP,1209,1594,0,2,0,1596,A
5-NP,1210,0,0,1649,0,1649,G
5-NP,1211,1,0,1637,0,1638,G
5-NP,1212,0,0,0,1654,1654,C
5-NP,1213,0,0,0,1659,1659,C
5-NP,1214,1652,0,0,0,1652,A
5-NP,1215,1658,0,0,0,1658,A
5-NP,1216,1655,0,1,0,1656,A
5-NP,1217,0,0,0,1654,1654,C
5-NP,1218,1,1,0,1667,1669,C
5-NP,1219,1576,0,0,0,1576,A
5-NP,1220,1,0,1588,0,1589,G
5-NP,1221,0,1570,0,0,1570,T
5-NP,1222,1,0,1596,0,1597,G
5-NP,1223,0,1571,0,3,1574,T
5-NP,1224,0,0,1572,0,1572,G
5-NP,1225,0,1,0,1569,1570,C
5-NP,1226,1577,0,1,0,1578,A
5-NP,1227,1592,0,0,0,1592,A
5-NP,1228,0,0,0,1589,1589,C
5-NP,1229,0,0,0,1602,1602,C
5-NP,1230,0,1596,0,0,1596,T
5-NP,1231,1579,0,0,0,1579,A
5-NP,1232,0,0,0,1584,1584,C
5-NP,1233,1,0,1582,0,1583,G
5-NP,1234,1,1576,0,0,1577,T
5-NP,1235,0,1557,0,2,1559,T
5-NP,1236,1,1,0,1447,1449,C
5-NP,1237,1,1482,0,1,1484,T
5-NP,1238,0,0,0,1495,1495,C
5-NP,1239,0,1506,0,0,1506,T
5-NP,1240,0,1,1559,0,1560,G
5-NP,1241,0,1562,0,0,1562,T
5-NP,1242,1560,0,0,0,1560,A
5-NP,1243,0,1,0,1565,1566,C
5-NP,1244,1513,0,0,0,1513,A
5-NP,1245,1512,0,1,0,1513,A
5-NP,1246,1505,0,1,0,1506,A
5-NP,1247,0,0,1500,0,1500,G
5-NP,1248,1479,1,0,0,1480,A
5-NP,1249,1377,0,0,0,1377,A
5-NP,1250,1371,0,1,0,1372,A
5-NP,1251,0,0,0,1369,1369,C
5-NP,1252,0,1,0,1364,1365,C
5-NP,1253,0,1345,0,1,1346,T
5-NP,1254,2,0,0,1355,1357,C
5-NP,1255,1,1,0,1364,1366,C
5-NP,1256,0,0,0,1365,1365,C
5-NP,1257,1368,0,0,0,1368,A
5-NP,1258,0,1362,0,0,1362,T
5-NP,1259,0,1370,0,1,1371,T
5-NP,1260,0,1371,0,0,1371,T
5-NP,1261,0,0,1373,0,1373,G
5-NP,1262,1372,0,0,0,1372,A
5-NP,1263,1368,0,2,0,1370,A
5-NP,1264,1367,0,0,0,1367,A
5-NP,1265,1366,1,0,0,1367,A
5-NP,1266,1,0,1373,0,1374,G
5-NP,1267,0,1352,0,0,1352,T
5-NP,1268,1,1,0,1366,1368,C
5-NP,1269,1373,0,0,0,1373,A
5-NP,1270,1370,0,0,0,1370,A
5-NP,1271,1,0,0,1369,1370,C
5-NP,1272,2,1,0,1390,1393,C
5-NP,1273,1390,1,0,0,1391,A
5-NP,1274,0,1388,0,0,1388,T
5-NP,1275,0,1,0,1391,1392,C
5-NP,1276,1377,0,2,0,1379,A
5-NP,1277,0,1386,0,0,1386,T
5-NP,1278,0,1,1390,0,1391,G
5-NP,1279,1,0,1377,0,1378,G
5-NP,1280,0,0,0,1389,1389,C
5-NP,1281,1359,0,0,0,1359,A
5-NP,1282,0,0,1363,0,1363,G
5-NP,1283,1,0,0,1349,1350,C
5-NP,1284,1353,1,0,0,1354,A
5-NP,1285,0,1343,0,2,1345,T
5-NP,1286,0,1334,0,0,1334,T
5-NP,1287,1,0,0,1341,1342,C
5-NP,1288,1329,0,1,0,1330,A
5-NP,1289,0,0,0,1335,1335,C
5-NP,1290,0,1335,0,1,1336,T
5-NP,1291,0,0,1343,0,1343,G
5-NP,1292,0,0,1344,0,1344,G
5-NP,1293,1346,0,0,0,1346,A
5-NP,1294,1349,0,0,0,1349,A
5-NP,1295,1341,0,0,0,1341,A
5-NP,1296,0,1338,0,1,1339,T
5-NP,1297,1330,0,1,0,1331,A
5-NP,1298,0,3,0,1327,1330,C
5-NP,1299,1,0,1313,0,1314,G
5-NP,1300,0,1,1323,0,1324,G
5-NP,1301,1267,0,2,0,1269,A
5-NP,1302,0,0,1288,0,1288,G
5-NP,1303,0,0,1289,0,1289,G
5-NP,1304,0,0,1293,1,1294,G
5-NP,1305,1297,0,2,0,1299,A
5-NP,1306,1294,0,2,0,1296,A
5-NP,1307,1,2,1299,0,1302,G
5-NP,1308,1297,0,0,0,1297,A
5-NP,1309,1280,0,0,0,1280,A
5-NP,1310,0,1,0,1292,1293,C
5-NP,1311,0,1275,1,0,1276,T
5-NP,1312,0,1278,0,0,1278,T
5-NP,1313,0,1,0,1283,1284,C
5-NP,1314,1284,0,0,0,1284,A
5-NP,1315,0,0,1284,0,1284,G
5-NP,1316,1279,0,0,0,1279,A
5-NP,1317,0,0,0,1281,1281,C
5-NP,1318,1271,0,0,0,1271,A
5-NP,1319,0,1235,0,0,1235,T
5-NP,1320,0,0,1240,0,1240,G
5-NP,1321,1215,0,1,0,1216,A
5-NP,1322,0,0,1225,0,1225,G
5-NP,1323,0,0,1222,0,1222,G
5-NP,1324,1,1,1213,0,1215,G
5-NP,1325,1,0,0,1209,1210,C
5-NP,1326,1208,0,0,0,1208,A
5-NP,1327,0,1,1205,0,1206,G
5-NP,1328,1208,0,1,0,1209,A
5-NP,1329,1214,0,0,0,1214,A
5-NP,1330,1211,0,0,0,1211,A
5-NP,1331,0,1192,0,0,1192,T
5-NP,1332,1,2,0,1195,1198,C
5-NP,1333,1198,0,0,0,1198,A
5-NP,1334,0,1192,0,0,1192,T
5-NP,1335,1198,0,0,0,1198,A
5-NP,1336,1186,0,0,0,1186,A
5-NP,1337,1,0,1208,0,1209,G
5-NP,1338,1179,0,0,0,1179,A
5-NP,1339,1191,0,0,0,1191,A
5-NP,1340,0,1158,0,0,1158,T
5-NP,1341,0,1,1149,0,1150,G
5-NP,1342,1145,0,0,0,1145,A
5-NP,1343,0,1144,0,0,1144,T
5-NP,1344,0,0,1149,0,1149,G
5-NP,1345,0,0,1147,0,1147,G
5-NP,1346,1110,0,0,0,1110,A
5-NP,1347,1099,0,0,0,1099,A
5-NP,1348,0,1,1076,0,1077,G
5-NP,1349,1,0,1086,0,1087,G
5-NP,1350,0,1065,0,1,1066,T
5-NP,1351,0,0,1070,0,1070,G
5-NP,1352,0,0,1,1061,1062,C
5-NP,1353,1072,0,0,0,1072,A
5-NP,1354,1067,0,0,0,1067,A
5-NP,1355,1069,0,0,0,1069,A
5-NP,1356,1065,0,0,1,1066,A
5-NP,1357,0,0,0,1073,1073,C
5-NP,1358,0,0,0,1054,1054,C
5-NP,1359,1026,0,1,0,1027,A
5-NP,1360,0,0,1031,0,1031,G
5-NP,1361,1034,0,0,0,1034,A
5-NP,1362,1031,0,0,0,1031,A
5-NP,1363,0,0,1026,0,1026,G
5-NP,1364,1021,0,0,0,1021,A
5-NP,1365,994,0,0,1,995,A
5-NP,1366,1,0,1009,0,1010,G
5-NP,1367,1,1000,0,1,1002,T
5-NP,1368,1,1,1003,0,1005,G
5-NP,1369,0,987,0,0,987,T
5-NP,1370,0,0,0,997,997,C
5-NP,1371,997,0,1,0,998,A
5-NP,1372,0,1007,0,0,1007,T
5-NP,1373,0,1001,0,0,1001,T
5-NP,1374,2,1,0,1009,1012,C
5-NP,1375,1,1,0,979,981,C
5-NP,1376,3,0,982,0,985,G
5-NP,1377,0,1,984,0,985,G
5-NP,1378,0,0,980,1,981,G
5-NP,1379,0,1,981,0,982,G
5-NP,1380,0,0,986,0,986,G
5-NP,1381,943,0,0,0,943,A
5-NP,1382,0,0,947,0,947,G
5-NP,1383,0,0,948,0,948,G
5-NP,1384,1,0,947,0,948,G
5-NP,1385,0,0,953,0,953,G
5-NP,1386,938,0,0,0,938,A
5-NP,1387,1,1,943,0,945,G
5-NP,1388,0,933,2,0,935,T
5-NP,1389,0,934,0,0,934,T
5-NP,1390,0,937,0,0,937,T
5-NP,1391,0,930,0,0,930,T
5-NP,1392,0,0,0,930,930,C
5-NP,1393,0,3,926,0,929,G
5-NP,1394,917,0,2,0,919,A
5-NP,1395,1,0,935,0,936,G
5-NP,1396,0,1,0,919,920,C
5-NP,1397,0,926,0,2,928,T
5-NP,1398,0,0,0,932,932,C
5-NP,1399,0,925,0,1,926,T
5-NP,1400,0,0,0,930,930,C
5-NP,1401,932,0,1,0,933,A
5-NP,1402,0,0,932,0,932,G
5-NP,1403,932,0,0,0,932,A
5-NP,1404,1,0,0,925,926,C
5-NP,1405,0,0,932,0,932,G
5-NP,1406,919,0,1,0,920,A
5-NP,1407,1,1,922,0,924,G
5-NP,1408,905,0,0,0,905,A
5-NP,1409,904,0,0,0,904,A
5-NP,1410,0,0,903,0,903,G
5-NP,1411,0,0,898,0,898,G
5-NP,1412,0,0,0,892,892,C
5-NP,1413,0,0,887,0,887,G
5-NP,1414,884,0,0,0,884,A
5-NP,1415,0,0,0,887,887,C
5-NP,1416,0,0,889,0,889,G
5-NP,1417,893,0,0,0,893,A
5-NP,1418,889,0,0,0,889,A
5-NP,1419,0,0,0,895,895,C
5-NP,1420,0,0,0,891,891,C
5-NP,1421,0,0,0,887,887,C
5-NP,1422,0,1,888,0,889,G
5-NP,1423,888,0,0,0,888,A
5-NP,1424,0,894,0,0,894,T
5-NP,1425,0,0,0,880,880,C
5-NP,1426,1,0,875,0,876,G
5-NP,1427,0,864,0,0,864,T
5-NP,1428,0,0,863,0,863,G
5-NP,1429,0,0,0,854,854,C
5-NP,1430,0,0,0,852,852,C
5-NP,1431,0,0,0,865,865,C
5-NP,1432,0,846,0,0,846,T
5-NP,1433,0,0,0,880,880,C
5-NP,1434,1,883,0,0,884,T
5-NP,1435,0,869,0,0,869,T
5-NP,1436,0,884,0,0,884,T
5-NP,1437,0,876,0,0,876,T
5-NP,1438,1,2,874,0,877,G
5-NP,1439,871,0,0,0,871,A
5-NP,1440,0,852,0,2,854,T
5-NP,1441,855,0,0,0,855,A
5-NP,1442,0,723,0,0,723,T
5-NP,1443,0,0,739,0,739,G
5-NP,1444,729,0,0,0,729,A
5-NP,1445,0,0,743,0,743,G
5-NP,1446,0,743,0,0,743,T
5-NP,1447,725,0,1,0,726,A
5-NP,1448,724,0,1,0,725,A
5-NP,1449,0,717,0,0,717,T
5-NP,1450,1,0,719,0,720,G
5-NP,1451,719,0,0,0,719,A
5-NP,1452,649,0,1,0,650,A
5-NP,1453,0,2,643,0,645,G
5-NP,1454,0,0,595,0,595,G
5-NP,1455,594,0,0,0,594,A
5-NP,1456,0,590,0,0,590,T
5-NP,1457,0,0,0,590,590,C
5-NP,1458,0,583,0,1,584,T
5-NP,1459,0,586,0,1,587,T
5-NP,1460,583,0,0,0,583,A
5-NP,1461,0,579,0,0,579,T
5-NP,1462,0,569,0,0,569,T
5-NP,1463,0,566,0,0,566,T
5-NP,1464,0,0,0,546,546,C
5-NP,1465,0,528,0,0,528,T
5-NP,1466,0,522,0,0,522,T
5-NP,1467,0,0,0,527,527,C
5-NP,1468,0,0,524,0,524,G
5-NP,1469,0,1,524,0,525,G
5-NP,1470,524,1,0,0,525,A
5-NP,1471,0,0,524,0,524,G
5-NP,1472,521,0,0,0,521,A
5-NP,1473,0,0,0,516,516,C
5-NP,1474,479,0,0,0,479,A
5-NP,1475,484,0,0,0,484,A
5-NP,1476,0,479,0,0,479,T
5-NP,1477,1,0,481,0,482,G
5-NP,1478,0,0,0,480,480,C
5-NP,1479,469,0,0,0,469,A
5-NP,1480,0,1,470,0,471,G
5-NP,1481,467,0,0,0,467,A
5-NP,1482,436,0,0,0,436,A
5-NP,1483,0,0,435,0,435,G
5-NP,1484,316,0,0,0,316,A
5-NP,1485,0,0,315,0,315,G
5-NP,1486,0,289,0,0,289,T
5-NP,1487,287,0,0,0,287,A
5-NP,1488,0,0,0,286,286,C
5-NP,1489,0,1,267,0,268,G
5-NP,1490,263,0,0,0,263,A
5-NP,1491,0,0,0,257,257,C
5-NP,1492,190,0,0,0,190,A
5-NP,1493,191,0,0,0,191,A
5-NP,1494,0,154,0,0,154,T
5-NP,1495,0,152,0,0,152,T
5-NP,1496,152,0,0,0,152,A
5-NP,1497,146,0,0,0,146,A
6-NA,1,19,0,0,0,19,A
6-NA,2,0,19,0,0,19,T
6-NA,3,0,0,20,0,20,G
6-NA,4,21,0,0,0,21,A
6-NA,5,23,0,0,0,23,A
6-NA,6,0,23,0,0,23,T
6-NA,7,0,0,0,23,23,C
6-NA,8,0,0,0,23,23,C
6-NA,9,23,0,0,0,23,A
6-NA,10,25,0,0,0,25,A
6-NA,11,25,0,0,0,25,A
6-NA,12,0,26,0,0,26,T
6-NA,13,0,0,0,26,26,C
6-NA,14,26,0,0,0,26,A
6-NA,15,26,0,0,0,26,A
6-NA,16,26,0,0,0,26,A
6-NA,17,26,0,0,0,26,A
6-NA,18,0,0,27,0,27,G
6-NA,19,28,0,0,0,28,A
6-NA,20,0,28,0,0,28,T
6-NA,21,28,0,0,0,28,A
6-NA,22,29,0,0,0,29,A
6-NA,23,0,29,0,0,29,T
6-NA,24,29,0,0,0,29,A
6-NA,25,30,0,0,0,30,A
6-NA,26,0,0,0,30,30,C
6-NA,27,0,0,30,0,30,G
6-NA,28,30,0,0,0,30,A
6-NA,29,0,29,1,0,30,T
6-NA,30,0,30,0,0,30,T
6-NA,31,0,0,30,0,30,G
6-NA,32,0,0,34,0,34,G
6-NA,33,0,0,0,35,35,C
6-NA,34,0,35,0,0,35,T
6-NA,35,0,0,0,36,36,C
6-NA,36,0,35,0,0,35,T
6-NA,37,0,0,35,0,35,G
6-NA,38,0,35,0,0,35,T
6-NA,39,0,35,0,0,35,T
6-NA,40,0,36,0,0,36,T
6-NA,41,0,0,0,36,36,C
6-NA,42,0,36,0,0,36,T
6-NA,43,0,0,0,37,37,C
6-NA,44,0,36,0,0,36,T
6-NA,45,0,0,0,37,37,C
6-NA,46,37,0,0,0,37,A
6-NA,47,0,0,0,37,37,C
6-NA,48,0,0,0,37,37,C
6-NA,49,37,0,0,0,37,A
6-NA,50,0,37,0,0,37,T
6-NA,51,0,39,0,0,39,T
6-NA,52,0,39,0,0,39,T
6-NA,53,0,0,0,40,40,C
6-NA,54,0,0,0,39,39,C
6-NA,55,39,0,0,0,39,A
6-NA,56,0,0,0,41,41,C
6-NA,57,41,0,0,0,41,A
6-NA,58,42,0,0,0,42,A
6-NA,59,0,42,0,0,42,T
6-NA,60,44,0,0,0,44,A
6-NA,61,0,44,0,0,44,T
6-NA,62,0,0,45,0,45,G
6-NA,63,0,0,0,45,45,C
6-NA,64,0,45,0,0,45,T
6-NA,65,0,47,0,0,47,T
6-NA,66,0,0,0,47,47,C
6-NA,67,0,47,0,0,47,T
6-NA,68,0,47,0,0,47,T
6-NA,69,0,0,0,46,46,C
6-NA,70,46,0,0,0,46,A
6-NA,71,0,46,0,0,46,T
6-NA,72,0,0,46,0,46,G
6-NA,73,0,0,0,46,46,C
6-NA,74,45,0,0,0,45,A
6-NA,75,45,0,0,0,45,A
6-NA,76,45,0,0,0,45,A
6-NA,77,0,45,0,0,45,T
6-NA,78,0,45,0,0,45,T
6-NA,79,0,0,46,0,46,G
6-NA,80,0,0,0,46,46,C
6-NA,81,0,0,0,45,45,C
6-NA,82,47,0,0,0,47,A
6-NA,83,0,47,0,0,47,T
6-NA,84,0,0,0,55,55,C
6-NA,85,0,54,0,0,54,T
6-NA,86,0,56,0,0,56,T
6-NA,87,0,0,59,0,59,G
6-NA,88,59,0,0,0,59,A
6-NA,89,0,59,0,0,59,T
6-NA,90,59,0,0,0,59,A
6-NA,91,59,0,0,0,59,A
6-NA,92,0,0,0,66,66,C
6-NA,93,0,66,0,0,66,T
6-NA,94,67,0,0,0,67,A
6-NA,95,0,0,0,69,69,C
6-NA,96,0,68,0,0,68,T
6-NA,97,0,0,69,0,69,G
6-NA,98,0,69,0,0,69,T
6-NA,99,69,0,0,0,69,A
6-NA,100,69,0,0,0,69,A
6-NA,101,0,0,0,66,66,C
6-NA,102,65,0,0,0,65,A
6-NA,103,0,66,0,0,66,T
6-NA,104,0,66,0,0,66,T
6-NA,105,0,0,67,0,67,G
6-NA,106,0,0,0,67,67,C
6-NA,107,65,0,0,0,65,A
6-NA,108,0,67,0,0,67,T
6-NA,109,0,67,0,0,67,T
6-NA,110,0,67,0,0,67,T
6-NA,111,0,0,0,67,67,C
6-NA,112,66,0,0,0,66,A
6-NA,113,65,0,0,0,65,A
6-NA,114,0,0,67,0,67,G
6-NA,115,0,0,0,69,69,C
6-NA,116,68,0,0,0,68,A
6-NA,117,71,0,0,0,71,A
6-NA,118,0,73,0,0,73,T
6-NA,119,73,0,0,0,73,A
6-NA,120,0,74,0,0,74,T
6-NA,121,0,0,76,0,76,G
6-NA,122,75,0,1,0,76,A
6-NA,123,76,0,0,0,76,A
6-NA,124,0,78,0,0,78,T
6-NA,125,0,78,0,0,78,T
6-NA,126,0,0,0,78,78,C
6-NA,127,77,0,0,0,77,A
6-NA,128,76,1,0,0,77,A
6-NA,129,0,0,0,78,78,C
6-NA,130,0,77,0,0,77,T
6-NA,131,0,0,0,75,75,C
6-NA,132,0,0,0,76,76,C
6-NA,133,0,0,0,79,79,C
6-NA,134,0,0,0,79,79,C
6-NA,135,0,0,0,79,79,C
6-NA,136,0,0,0,81,81,C
6-NA,137,0,0,0,81,81,C
6-NA,138,81,0,0,0,81,A
6-NA,139,81,0,0,0,81,A
6-NA,140,81,0,0,0,81,A
6-NA,141,0,0,0,83,83,C
6-NA,142,83,0,0,0,83,A
6-NA,143,84,0,0,0,84,A
6-NA,144,0,0,0,84,84,C
6-NA,145,0,0,0,85,85,C
6-NA,146,89,0,0,0,89,A
6-NA,147,88,0,0,0,88,A
6-NA,148,0,0,91,0,91,G
6-NA,149,0,91,0,0,91,T
6-NA,150,0,0,91,0,91,G
6-NA,151,92,0,0,0,92,A
6-NA,152,0,95,0,0,95,T
6-NA,153,0,0,97,0,97,G
6-NA,154,0,0,0,96,96,C
6-NA,155,0,95,0,0,95,T
6-NA,156,0,0,99,0,99,G
6-NA,157,0,98,0,0,98,T
6-NA,158,0,0,99,0,99,G
6-NA,159,0,102,0,0,102,T
6-NA,160,0,0,101,0,101,G
6-NA,161,102,0,0,0,102,A
6-NA,162,102,0,0,0,102,A
6-NA,163,1,0,0,99,100,C
6-NA,164,0,0,0,100,100,C
6-NA,165,100,0,0,0,100,A
6-NA,166,100,0,0,0,100,A
6-NA,167,0,0,0,104,104,C
6-NA,168,104,0,0,0,104,A
6-NA,169,103,0,0,0,103,A
6-NA,170,0,104,0,0,104,T
6-NA,171,103,0,0,0,103,A
6-NA,172,103,0,0,0,103,A
6-NA,173,0,102,0,0,102,T
6-NA,174,104,0,0,0,104,A
6-NA,175,0,0,105,0,105,G
6-NA,176,105,0,0,0,105,A
6-NA,177,103,0,0,0,103,A
6-NA,178,104,0,0,0,104,A
6-NA,179,0,0,104,0,104,G
6-NA,180,104,0,0,0,104,A
6-NA,181,107,0,0,0,107,A
6-NA,182,113,0,0,0,113,A
6-NA,183,0,0,0,113,113,C
6-NA,184,114,0,0,0,114,A
6-NA,185,0,115,0,0,115,T
6-NA,186,118,0,0,0,118,A
6-NA,187,118,0,0,0,118,A
6-NA,188,0,0,0,120,120,C
6-NA,189,119,0,0,0,119,A
6-NA,190,0,0,127,0,127,G
6-NA,191,120,0,0,0,120,A
6-NA,192,0,0,118,0,118,G
6-NA,193,118,0,0,0,118,A
6-NA,194,0,125,0,0,125,T
6-NA,195,124,0,0,0,124,A
6-NA,196,0,0,126,0,126,G
6-NA,197,0,127,0,0,127,T
6-NA,198,0,0,129,0,129,G
6-NA,199,0,128,0,0,128,T
6-NA,200,130,0,0,0,130,A
6-NA,201,0,130,0,0,130,T
6-NA,202,0,0,0,129,129,C
6-NA,203,0,124,0,0,124,T
6-NA,204,0,0,127,0,127,G
6-NA,205,127,0,0,0,127,A
6-NA,206,0,0,0,127,127,C
6-NA,207,0,0,0,126,126,C
6-NA,208,126,0,0,0,126,A
6-NA,209,127,0,0,0,127,A
6-NA,210,0,0,0,127,127,C
6-NA,211,128,0,0,0,128,A
6-NA,212,0,0,0,132,132,C
6-NA,213,0,0,0,131,131,C
6-NA,214,133,0,0,0,133,A
6-NA,215,0,0,0,133,133,C
6-NA,216,0,0,0,135,135,C
6-NA,217,133,0,0,0,133,A
6-NA,218,0,132,0,0,132,T
6-NA,219,133,0,0,0,133,A
6-NA,220,0,0,132,0,132,G
6-NA,221,129,0,0,0,129,A
6-NA,222,0,0,133,0,133,G
6-NA,223,130,0,0,0,130,A
6-NA,224,125,0,0,0,125,A
6-NA,225,0,0,128,0,128,G
6-NA,226,0,0,128,0,128,G
6-NA,227,128,0,0,0,128,A
6-NA,228,129,0,0,0,129,A
6-NA,229,129,0,0,0,129,A
6-NA,230,0,127,0,0,127,T
6-NA,231,129,0,0,0,129,A
6-NA,232,0,128,0,0,128,T
6-NA,233,0,0,127,0,127,G
6-NA,234,0,0,0,128,128,C
6-NA,235,0,0,0,127,127,C
6-NA,236,0,0,0,127,127,C
6-NA,237,1,0,0,127,128,C
6-NA,238,129,0,0,0,129,A
6-NA,239,132,0,1,0,133,A
6-NA,240,134,0,0,0,134,A
6-NA,241,0,0,0,135,135,C
6-NA,242,0,134,0,0,134,T
6-NA,243,134,0,0,0,134,A
6-NA,244,0,0,135,0,135,G
6-NA,245,0,0,0,134,134,C
6-NA,246,134,0,0,0,134,A
6-NA,247,0,0,137,0,137,G
6-NA,248,133,0,0,0,133,A
6-NA,249,138,0,0,0,138,A
6-NA,250,0,137,0,0,137,T
6-NA,251,138,0,0,0,138,A
6-NA,252,0,0,0,138,138,C
6-NA,253,134,0,0,0,134,A
6-NA,254,0,0,135,0,135,G
6-NA,255,134,0,0,0,134,A
6-NA,256,129,0,0,0,129,A
6-NA,257,130,0,0,0,130,A
6-NA,258,0,126,0,0,126,T
6-NA,259,0,124,0,0,124,T
6-NA,260,0,0,128,0,128,G
6-NA,261,0,0,128,0,128,G
6-NA,262,0,129,0,0,129,T
6-NA,263,0,0,0,127,127,C
6-NA,264,126,0,0,0,126,A
6-NA,265,126,0,0,0,126,A
6-NA,266,127,0,0,0,127,A
6-NA,267,0,0,126,0,126,G
6-NA,268,0,0,0,125,125,C
6-NA,269,0,0,0,123,123,C
6-NA,270,0,0,124,0,124,G
6-NA,271,0,0,0,126,126,C
6-NA,272,126,0,0,0,126,A
6-NA,273,126,0,0,0,126,A
6-NA,274,0,128,0,0,128,T
6-NA,275,0,0,128,0,128,G
6-NA,276,0,126,0,0,126,T
6-NA,277,0,0,128,0,128,G
6-NA,278,128,0,0,0,128,A
6-NA,279,0,0,0,127,127,C
6-NA,280,128,0,0,0,128,A
6-NA,281,0,129,0,0,129,T
6-NA,282,0,127,0,0,127,T
6-NA,283,126,0,0,0,126,A
6-NA,284,0,0,0,127,127,C
6-NA,285,127,0,0,0,127,A
6-NA,286,0,0,126,0,126,G
6-NA,287,0,0,125,0,125,G
6-NA,288,124,0,0,0,124,A
6-NA,289,0,125,0,0,125,T
6-NA,290,0,121,0,0,121,T
6-NA,291,0,122,0,0,122,T
6-NA,292,0,0,123,0,123,G
6-NA,293,0,0,0,123,123,C
6-NA,294,122,0,0,0,122,A
6-NA,295,0,0,0,124,124,C
6-NA,296,0,0,0,123,123,C
6-NA,297,1,124,0,0,125,T
6-NA,298,0,125,0,0,125,T
6-NA,299,0,125,0,0,125,T
6-NA,300,0,124,0,0,124,T
6-NA,301,0,124,0,0,124,T
6-NA,302,0,0,0,126,126,C
6-NA,303,0,126,0,0,126,T
6-NA,304,125,0,0,0,125,A
6-NA,305,124,0,0,0,124,A
6-NA,306,0,0,128,0,128,G
6-NA,307,0,0,126,0,126,G
6-NA,308,126,0,0,0,126,A
6-NA,309,0,0,0,128,128,C
6-NA,310,128,0,0,0,128,A
6-NA,311,130,0,0,0,130,A
6-NA,312,0,130,0,0,130,T
6-NA,313,0,130,0,0,130,T
6-NA,314,0,0,0,131,131,C
6-NA,315,1,0,127,0,128,G
6-NA,316,129,0,0,0,129,A
6-NA,317,0,128,0,0,128,T
6-NA,318,0,127,0,0,127,T
6-NA,319,127,0,0,0,127,A
6-NA,320,0,0,126,0,126,G
6-NA,321,0,0,128,0,128,G
6-NA,322,0,0,0,129,129,C
6-NA,323,0,129,0,0,129,T
6-NA,324,0,128,0,0,128,T
6-NA,325,0,129,0,0,129,T
6-NA,326,0,0,0,130,130,C
6-NA,327,0,0,0,129,129,C
6-NA,328,0,0,129,0,129,G
6-NA,329,0,0,0,127,127,C
6-NA,330,0,128,0,0,128,T
6-NA,331,1,0,129,0,130,G
6-NA,332,0,0,130,0,130,G
6-NA,333,0,128,0,0,128,T
6-NA,334,0,0,130,0,130,G
6-NA,335,0,0,129,0,129,G
6-NA,336,0,0,131,0,131,G
6-NA,337,0,0,129,0,129,G
6-NA,338,131,0,0,0,131,A
6-NA,339,0,0,0,132,132,C
6-NA,340,126,0,0,0,126,A
6-NA,341,0,130,0,0,130,T
6-NA,342,0,0,0,130,130,C
6-NA,343,0,128,0,0,128,T
6-NA,344,0,0,130,0,130,G
6-NA,345,0,0,130,0,130,G
6-NA,346,0,0,128,0,128,G
6-NA,347,0,129,0,0,129,T
6-NA,348,0,0,130,0,130,G
6-NA,349,128,0,1,0,129,A
6-NA,350,1,0,0,137,138,C
6-NA,351,139,0,0,0,139,A
6-NA,352,170,0,0,0,170,A
6-NA,353,0,0,182,0,182,G
6-NA,354,183,0,0,0,183,A
6-NA,355,0,0,215,1,216,G
6-NA,356,236,0,0,0,236,A
6-NA,357,297,0,0,0,297,A
6-NA,358,0,0,0,501,501,C
6-NA,359,1,0,0,620,621,C
6-NA,360,0,623,0,0,623,T
6-NA,361,1,636,0,1,638,T
6-NA,362,636,0,0,0,636,A
6-NA,363,1,643,0,0,644,T
6-NA,364,0,0,722,0,722,G
6-NA,365,0,727,0,0,727,T
6-NA,366,0,0,767,0,767,G
6-NA,367,0,764,0,2,766,T
6-NA,368,0,0,0,768,768,C
6-NA,369,771,4,0,8,783,A
6-NA,370,0,784,0,1,785,T
6-NA,371,0,0,783,0,783,G
6-NA,372,0,0,0,784,784,C
6-NA,373,0,0,780,0,780,G
6-NA,374,945,0,0,0,945,A
6-NA,375,0,948,0,0,948,T
6-NA,376,0,0,0,981,981,C
6-NA,377,0,0,0,986,986,C
6-NA,378,0,1027,0,1,1028,T
6-NA,379,0,1,1048,0,1049,G
6-NA,380,1048,0,0,0,1048,A
6-NA,381,0,0,0,1051,1051,C
6-NA,382,1051,0,0,0,1051,A
6-NA,383,1057,0,0,0,1057,A
6-NA,384,0,0,1129,0,1129,G
6-NA,385,0,1124,0,0,1124,T
6-NA,386,0,0,1160,0,1160,G
6-NA,387,0,1157,0,0,1157,T
6-NA,388,0,1164,0,2,1166,T
6-NA,389,1163,0,0,0,1163,A
6-NA,390,0,1163,0,0,1163,T
6-NA,391,0,0,0,1219,1219,C
6-NA,392,1225,0,0,0,1225,A
6-NA,393,1220,0,0,0,1220,A
6-NA,394,0,1223,0,1,1224,T
6-NA,395,0,1218,0,3,1221,T
6-NA,396,0,1222,0,0,1222,T
6-NA,397,0,0,1223,1,1224,G
6-NA,398,0,1,0,1334,1335,C
6-NA,399,0,0,0,1335,1335,C
6-NA,400,1,0,0,1341,1342,C
6-NA,401,0,1339,0,0,1339,T
6-NA,402,0,1337,0,0,1337,T
6-NA,403,1,1,1374,0,1376,G
6-NA,404,0,0,1380,0,1380,G
6-NA,405,1395,0,0,0,1395,A
6-NA,406,0,0,0,1398,1398,C
6-NA,407,1384,0,1,1,1386,A
6-NA,408,1,0,1418,0,1419,G
6-NA,409,0,2,1416,0,1418,G
6-NA,410,0,1,1478,0,1479,G
6-NA,411,1472,1,2,0,1475,A
6-NA,412,1490,1,1,1,1493,A
6-NA,413,0,1,0,1502,1503,C
6-NA,414,1497,0,1,0,1498,A
6-NA,415,1715,0,1,0,1716,A
6-NA,416,0,0,0,1746,1746,C
6-NA,417,1727,0,3,0,1730,A
6-NA,418,0,0,0,1753,1753,C
6-NA,419,0,1743,0,0,1743,T
6-NA,420,1776,0,0,0,1776,A
6-NA,421,1769,0,1,0,1770,A
6-NA,422,1775,2,1,0,1778,A
6-NA,423,0,1,0,1780,1781,C
6-NA,424,1750,0,0,0,1750,A
6-NA,425,1737,0,2,0,1739,A
6-NA,426,0,1,0,1742,1743,C
6-NA,427,1,0,1741,0,1742,G
6-NA,428,0,1735,0,0,1735,T
6-NA,429,0,1,1739,0,1740,G
6-NA,430,0,0,0,1753,1753,C
6-NA,431,1757,0,1,0,1758,A
6-NA,432,0,1770,0,2,1772,T
6-NA,433,0,1768,0,3,1771,T
6-NA,434,0,0,0,1900,1900,C
6-NA,435,1976,0,0,0,1976,A
6-NA,436,1991,0,1,0,1992,A
6-NA,437,1988,0,0,0,1988,A
6-NA,438,0,1995,0,0,1995,T
6-NA,439,1980,0,2,0,1982,A
6-NA,440,2055,0,0,0,2055,A
6-NA,441,0,1,0,2062,2063,C
6-NA,442,2044,0,2,1,2047,A
6-NA,443,0,0,0,2095,2095,C
6-NA,444,2043,0,0,0,2043,A
6-NA,445,1,1,2497,0,2499,G
6-NA,446,0,2491,0,0,2491,T
6-NA,447,2557,0,1,0,2558,A
6-NA,448,3,0,0,2586,2589,C
6-NA,449,0,0,2578,0,2578,G
6-NA,450,0,2684,0,7,2691,T
6-NA,451,0,2,2710,0,2712,G
6-NA,452,2725,0,1,0,2726,A
6-NA,453,0,2744,0,2,2746,T
6-NA,454,2615,0,2,0,2617,A
6-NA,455,1,2,2608,0,2611,G
6-NA,456,0,3,2589,0,2592,G
6-NA,457,2614,0,2,0,2616,A
6-NA,458,0,0,0,2673,2673,C
6-NA,459,0,0,0,2644,2644,C
6-NA,460,0,1,0,2681,2682,C
6-NA,461,3,1,0,2682,2686,C
6-NA,462,0,2714,0,1,2715,T
6-NA,463,0,2758,0,0,2758,T
6-NA,464,2783,0,0,0,2783,A
6-NA,465,0,2779,0,1,2780,T
6-NA,466,2,1,0,2782,2785,C
6-NA,467,0,0,2766,0,2766,G
6-NA,468,0,0,2740,0,2740,G
6-NA,469,2768,0,0,0,2768,A
6-NA,470,0,0,0,2808,2808,C
6-NA,471,3,0,0,2789,2792,C
6-NA,472,0,1,0,2977,2978,C
6-NA,473,0,2965,0,1,2966,T
6-NA,474,3025,0,1,0,3026,A
6-NA,475,0,3023,0,0,3023,T
6-NA,476,1,3034,0,2,3037,T
6-NA,477,1,2,3041,0,3044,G
6-NA,478,3040,0,0,0,3040,A
6-NA,479,0,3044,0,1,3045,T
6-NA,480,0,0,3046,0,3046,G
6-NA,481,2957,0,0,1,2958,A
6-NA,482,2975,0,0,0,2975,A
6-NA,483,1,2969,0,0,2970,T
6-NA,484,1,2,3003,0,3006,G
6-NA,485,3008,0,0,2,3010,A
6-NA,486,1,1,3087,0,3089,G
6-NA,487,0,3085,0,1,3086,T
6-NA,488,0,3094,0,1,3095,T
6-NA,489,3094,0,2,0,3096,A
6-NA,490,0,2,3089,0,3091,G
6-NA,491,3,2,3097,0,3102,G
6-NA,492,1,3083,0,2,3086,T
6-NA,493,2,1,3093,0,3096,G
6-NA,494,0,3082,0,0,3082,T
6-NA,495,0,3071,1,1,3073,T
6-NA,496,0,0,0,3100,3100,C
6-NA,497,0,2,0,3126,3128,C
6-NA,498,0,3124,0,5,3129,T
6-NA,499,0,3138,0,2,3140,T
6-NA,500,0,3131,0,1,3132,T
6-NA,501,0,3128,0,1,3129,T
6-NA,502,0,0,0,3144,3144,C
6-NA,503,3125,0,1,1,3127,A
6-NA,504,0,3231,0,0,3231,T
6-NA,505,1,0,0,3232,3233,C
6-NA,506,0,3208,0,1,3209,T
6-NA,507,0,0,3187,1,3188,G
6-NA,508,2,4,3169,0,3175,G
6-NA,509,2,2,3149,1,3154,G
6-NA,510,1,1,3219,0,3221,G
6-NA,511,3219,0,1,0,3220,A
6-NA,512,0,1,0,3260,3261,C
6-NA,513,1,1,0,3220,3222,C
6-NA,514,3262,0,1,0,3263,A
6-NA,515,3271,0,1,0,3272,A
6-NA,516,1,0,3274,0,3275,G
6-NA,517,1,0,0,3299,3300,C
6-NA,518,3289,0,1,0,3290,A
6-NA,519,3343,0,2,0,3345,A
6-NA,520,0,1,3369,0,3370,G
6-NA,521,0,3342,0,3,3345,T
6-NA,522,1,1,3454,0,3456,G
6-NA,523,0,3429,0,1,3430,T
6-NA,524,1,0,3528,0,3529,G
6-NA,525,0,0,1,3541,3542,C
6-NA,526,3527,0,2,0,3529,A
6-NA,527,0,3570,0,1,3571,T
6-NA,528,3517,0,0,0,3517,A
6-NA,529,0,0,3605,0,3605,G
6-NA,530,1,0,0,3608,3609,C
6-NA,531,3552,1,3,0,3556,A
6-NA,532,0,3552,1,0,3553,T
6-NA,533,0,4,3482,0,3486,G
6-NA,534,1,0,3709,0,3710,G
6-NA,535,0,3720,0,4,3724,T
6-NA,536,3,0,0,3714,3717,C
6-NA,537,0,0,0,3727,3727,C
6-NA,538,3726,0,2,1,3729,A
6-NA,539,1,3,3815,0,3819,G
6-NA,540,2,1,0,3826,3829,C
6-NA,541,0,3819,0,3,3822,T
6-NA,542,4,0,0,3827,3831,C
6-NA,543,3756,0,2,0,3758,A
6-NA,544,3783,0,1,0,3784,A
6-NA,545,0,0,3804,0,3804,G
6-NA,546,0,3818,0,0,3818,T
6-NA,547,0,3821,0,1,3822,T
6-NA,548,1,0,3812,0,3813,G
6-NA,549,1,3824,0,0,3825,T
6-NA,550,2,0,0,3810,3812,C
6-NA,551,3823,0,0,0,3823,A
6-NA,552,0,1,0,3850,3851,C
6-NA,553,2,0,3843,0,3845,G
6-NA,554,3876,0,1,0,3877,A
6-NA,555,0,3913,0,1,3914,T
6-NA,556,1,0,3966,0,3967,G
6-NA,557,0,1,3990,0,3991,G
6-NA,558,3982,1,1,0,3984,A
6-NA,559,3989,0,2,0,3991,A
6-NA,560,4026,0,6,0,4032,A
6-NA,561,4047,0,4,1,4052,A
6-NA,562,1,0,4092,0,4093,G
6-NA,563,0,1,0,4074,4075,C
6-NA,564,4055,0,4,0,4059,A
6-NA,565,0,4066,0,0,4066,T
6-NA,566,1,1,4094,0,4096,G
6-NA,567,1,2,4088,0,4091,G
6-NA,568,1,0,0,4153,4154,C
6-NA,569,0,4120,0,10,4130,T
6-NA,570,1,0,4144,0,4145,G
6-NA,571,1,1,1,4141,4144,C
6-NA,572,4156,0,1,0,4157,A
6-NA,573,0,4329,0,1,4330,T
6-NA,574,0,1,4346,0,4347,G
6-NA,575,0,4374,0,0,4374,T
6-NA,576,0,4484,0,2,4486,T
6-NA,577,0,4466,0,2,4468,T
6-NA,578,3,1,4740,0,4744,G
6-NA,579,1,4711,0,5,4717,T
6-NA,580,4766,0,0,0,4766,A
6-NA,581,0,4782,0,2,4784,T
6-NA,582,4699,0,0,0,4699,A
6-NA,583,4720,0,2,0,4722,A
6-NA,584,1,2,0,4691,4694,C
6-NA,585,1,7,4670,0,4678,G
6-NA,586,0,6,4668,0,4674,G
6-NA,587,0,2,4588,0,4590,G
6-NA,588,2,1,4610,0,4613,G
6-NA,589,0,1,4617,0,4618,G
6-NA,590,4571,2,4,1,4578,A
6-NA,591,0,4618,0,0,4618,T
6-NA,592,2,2,4658,0,4662,G
6-NA,593,4658,1,9,0,4668,A
6-NA,594,0,4698,0,0,4698,T
6-NA,595,4677,0,1,0,4678,A
6-NA,596,4774,0,0,0,4774,A
6-NA,597,4785,0,2,0,4787,A
6-NA,598,4783,0,0,0,4783,A
6-NA,599,4789,0,1,0,4790,A
6-NA,600,0,4795,0,2,4797,T
6-NA,601,3,0,4801,0,4804,G
6-NA,602,0,1,0,4810,4811,C
6-NA,603,4794,1,2,0,4797,A
6-NA,604,4809,0,2,0,4811,A
6-NA,605,0,0,0,4843,4843,C
6-NA,606,0,4848,0,1,4849,T
6-NA,607,0,1,4850,1,4852,G
6-NA,608,1,1,0,4856,4858,C
6-NA,609,0,4852,0,2,4854,T
6-NA,610,4860,0,5,0,4865,A
6-NA,611,1,1,4854,0,4856,G
6-NA,612,0,0,0,4893,4893,C
6-NA,613,0,4897,0,2,4899,T
6-NA,614,1,4878,0,3,4882,T
6-NA,615,2,1,0,4946,4949,C
6-NA,616,4967,2,3,0,4972,A
6-NA,617,0,4974,0,0,4974,T
6-NA,618,0,4986,0,0,4986,T
6-NA,619,1,5006,0,3,5010,T
6-NA,620,5021,1,3,0,5025,A
6-NA,621,0,1,0,5059,5060,C
6-NA,622,5032,0,1,0,5033,A
6-NA,623,5068,0,2,0,5070,A
6-NA,624,0,5057,0,4,5061,T
6-NA,625,0,4,5029,0,5033,G
6-NA,626,0,2,5026,0,5028,G
6-NA,627,1,4,5024,0,5029,G
6-NA,628,4995,2,10,0,5007,A
6-NA,629,0,2,5163,0,5165,G
6-NA,630,0,1,5204,0,5205,G
6-NA,631,0,1,0,5623,5624,C
6-NA,632,0,5651,0,3,5654,T
6-NA,633,0,5740,0,1,5741,T
6-NA,634,1,1,5775,0,5777,G
6-NA,635,0,5753,0,0,5753,T
6-NA,636,5852,1,8,0,5861,A
6-NA,637,4,0,5875,0,5879,G
6-NA,638,5793,1,4,0,5798,A
6-NA,639,0,5834,0,0,5834,T
6-NA,640,5461,0,0,1,5462,A
6-NA,641,1,4,5484,0,5489,G
6-NA,642,3,5392,0,3,5398,T
6-NA,643,5,1,5340,0,5346,G
6-NA,644,0,5576,1,1,5578,T
6-NA,645,0,5596,1,1,5598,T
6-NA,646,2,2,5670,1,5675,G
6-NA,647,0,5650,0,5,5655,T
6-NA,648,0,5673,0,1,5674,T
6-NA,649,0,5673,1,4,5678,T
6-NA,650,0,2,0,5616,5618,C
6-NA,651,5610,1,4,0,5615,A
6-NA,652,1,5581,0,2,5584,T
6-NA,653,0,4,5586,0,5590,G
6-NA,654,2,0,5880,0,5882,G
6-NA,655,0,5827,0,8,5835,T
6-NA,656,6,0,1,5825,5832,C
6-NA,657,2,1,0,5844,5847,C
6-NA,658,5864,0,2,0,5866,A
6-NA,659,5902,0,2,1,5905,A
6-NA,660,5897,0,6,0,5903,A
6-NA,661,5,2,5909,0,5916,G
6-NA,662,5909,0,1,0,5910,A
6-NA,663,5752,0,2,0,5754,A
6-NA,664,5749,0,2,0,5751,A
6-NA,665,0,5736,0,0,5736,T
6-NA,666,2,1,0,5877,5880,C
6-NA,667,8,3,0,5868,5879,C
6-NA,668,0,5859,0,6,5865,T
6-NA,669,5,0,0,5876,5881,C
6-NA,670,5854,0,12,2,5868,A
6-NA,671,1,2,5892,0,5895,G
6-NA,672,0,1,5883,0,5884,G
6-NA,673,6028,0,1,0,6029,A
6-NA,674,1,5,0,6029,6035,C
6-NA,675,3,3,1,5951,5958,C
6-NA,676,5,0,1,5976,5982,C
6-NA,677,5971,1,7,0,5979,A
6-NA,678,3,2,5996,0,6001,G
6-NA,679,2,7,6028,2,6039,G
6-NA,680,6001,0,3,1,6005,A
6-NA,681,2,1,6090,0,6093,G
6-NA,682,1,5974,0,2,5977,T
6-NA,683,1,1,0,6024,6026,C
6-NA,684,6020,0,2,0,6022,A
6-NA,685,0,1,6061,0,6062,G
6-NA,686,6027,0,3,1,6031,A
6-NA,687,6027,0,1,0,6028,A
6-NA,688,0,6024,0,0,6024,T
6-NA,689,0,0,6051,0,6051,G
6-NA,690,0,1,2,6027,6030,C
6-NA,691,2,1,6096,0,6099,G
6-NA,692,0,6051,0,0,6051,T
6-NA,693,0,6090,0,2,6092,T
6-NA,694,0,6066,0,1,6067,T
6-NA,695,1,2,6109,1,6113,G
6-NA,696,0,6116,1,3,6120,T
6-NA,697,6118,0,4,0,6122,A
6-NA,698,2,6104,0,0,6106,T
6-NA,699,2,3,1,6105,6111,C
6-NA,700,6100,1,5,0,6106,A
6-NA,701,6092,0,0,1,6093,A
6-NA,702,1,6112,0,1,6114,T
6-NA,703,1,3,6094,0,6098,G
6-NA,704,0,4,6106,0,6110,G
6-NA,705,6240,1,5,0,6246,A
6-NA,706,6238,0,4,0,6242,A
6-NA,707,0,1,0,6315,6316,C
6-NA,708,2,6343,0,3,6348,T
6-NA,709,0,6344,0,0,6344,T
6-NA,710,2,3,6542,0,6547,G
6-NA,711,1,6526,0,1,6528,T
6-NA,712,6519,0,7,1,6527,A
6-NA,713,0,5,0,6628,6633,C
6-NA,714,6517,0,5,1,6523,A
6-NA,715,1,12,7034,0,7047,G
6-NA,716,0,7005,0,1,7006,T
6-NA,717,7272,1,3,0,7276,A
6-NA,718,1,0,7303,2,7306,G
6-NA,719,1,7176,0,0,7177,T
6-NA,720,7176,0,4,0,7180,A
6-NA,721,7164,0,1,0,7165,A
6-NA,722,1,7149,1,1,7152,T
6-NA,723,0,2,7166,1,7169,G
6-NA,724,6952,1,1,1,6955,A
6-NA,725,3,1,0,7057,7061,C
6-NA,726,0,6880,0,0,6880,T
6-NA,727,2,1,6896,0,6899,G
6-NA,728,6826,1,5,0,6832,A
6-NA,729,0,6908,0,2,6910,T
6-NA,730,1,5,6899,0,6905,G
6-NA,731,3,5,6837,0,6845,G
6-NA,732,0,8,6859,0,6867,G
6-NA,733,6781,2,5,0,6788,A
6-NA,734,1,0,6811,0,6812,G
6-NA,735,0,6769,0,1,6770,T
6-NA,736,0,1,6822,0,6823,G
6-NA,737,0,1,0,6881,6882,C
6-NA,738,1,6854,0,1,6856,T
6-NA,739,1,6855,0,1,6857,T
6-NA,740,1,1,0,6875,6877,C
6-NA,741,6864,0,8,1,6873,A
6-NA,742,4,1,6902,0,6907,G
6-NA,743,1,7,6889,0,6897,G
6-NA,744,6889,0,3,0,6892,A
6-NA,745,6829,1,2,1,6833,A
6-NA,746,6775,0,1,1,6777,A
6-NA,747,6819,2,4,0,6825,A
6-NA,748,0,1,6840,0,6841,G
6-NA,749,1,0,0,6857,6858,C
6-NA,750,0,6836,0,1,6837,T
6-NA,751,1,2,6826,1,6830,G
6-NA,752,6796,0,2,0,6798,A
6-NA,753,0,6919,0,0,6919,T
6-NA,754,6932,0,0,1,6933,A
6-NA,755,1,1,0,7250,7252,C
6-NA,756,0,7235,0,2,7237,T
6-NA,757,7242,0,0,0,7242,A
6-NA,758,7231,0,0,1,7232,A
6-NA,759,7233,0,0,0,7233,A
6-NA,760,7416,2,1,0,7419,A
6-NA,761,1,7406,0,4,7411,T
6-NA,762,7370,1,2,1,7374,A
6-NA,763,1,1,0,7474,7476,C
6-NA,764,1,7202,0,4,7207,T
6-NA,765,7272,0,0,1,7273,A
6-NA,766,0,7234,0,4,7238,T
6-NA,767,1,7518,0,2,7521,T
6-NA,768,3,0,0,7566,7569,C
6-NA,769,7440,0,1,0,7441,A
6-NA,770,0,7413,0,1,7414,T
6-NA,771,0,7417,1,1,7419,T
6-NA,772,3,4,7463,0,7470,G
6-NA,773,7378,0,6,1,7385,A
6-NA,774,2,3,7407,0,7412,G
6-NA,775,1,1,7407,0,7409,G
6-NA,776,7092,1,6,1,7100,A
6-NA,777,1,0,7247,0,7248,G
6-NA,778,3,6,7219,0,7228,G
6-NA,779,1,4,7221,0,7226,G
6-NA,780,2,0,7241,0,7243,G
6-NA,781,7186,0,5,1,7192,A
6-NA,782,7235,1,2,0,7238,A
6-NA,783,7225,0,4,1,7230,A
6-NA,784,7207,1,1,0,7209,A
6-NA,785,0,7191,0,1,7192,T
6-NA,786,0,4,0,7179,7183,C
6-NA,787,3,1,7288,0,7292,G
6-NA,788,0,7252,0,1,7253,T
6-NA,789,0,7255,1,4,7260,T
6-NA,790,7,0,0,7274,7281,C
6-NA,791,7224,0,0,0,7224,A
6-NA,792,2,7508,0,1,7511,T
6-NA,793,7477,0,2,0,7479,A
6-NA,794,2,2,1,7495,7500,C
6-NA,795,1,1,0,7399,7401,C
6-NA,796,7448,1,3,0,7452,A
6-NA,797,1,1,7449,1,7452,G
6-NA,798,0,1,0,7466,7467,C
6-NA,799,7458,1,3,0,7462,A
6-NA,800,0,0,0,7479,7479,C
6-NA,801,7254,0,0,0,7254,A
6-NA,802,0,7430,0,1,7431,T
6-NA,803,0,7416,0,0,7416,T
6-NA,804,1,3,7809,0,7813,G
6-NA,805,0,7753,0,6,7759,T
6-NA,806,3,2,0,7758,7763,C
6-NA,807,7741,2,8,2,7753,A
6-NA,808,2,4,7740,0,7746,G
6-NA,809,0,5,7747,0,7752,G
6-NA,810,7704,3,0,0,7707,A
6-NA,811,7644,0,3,0,7647,A
6-NA,812,1,1,7718,0,7720,G
6-NA,813,0,7347,0,1,7348,T
6-NA,814,0,2,7400,0,7402,G
6-NA,815,3,4,0,7378,7385,C
6-NA,816,0,7382,0,5,7387,T
6-NA,817,3,0,0,7411,7414,C
6-NA,818,7390,0,0,0,7390,A
6-NA,819,2,0,7405,0,7407,G
6-NA,820,1,0,0,7420,7421,C
6-NA,821,7381,0,1,0,7382,A
6-NA,822,0,7388,0,2,7390,T
6-NA,823,2,0,7608,0,7610,G
6-NA,824,2,7571,0,1,7574,T
6-NA,825,5,4,0,7594,7603,C
6-NA,826,1,1,7597,0,7599,G
6-NA,827,7532,1,1,0,7534,A
6-NA,828,1,5,7533,0,7539,G
6-NA,829,0,5,7534,0,7539,G
6-NA,830,7444,0,10,1,7455,A
6-NA,831,0,0,7529,0,7529,G
6-NA,832,0,7287,0,3,7290,T
6-NA,833,2,1,7329,0,7332,G
6-NA,834,2,2,0,7420,7424,C
6-NA,835,1,7395,0,9,7405,T
6-NA,836,7,2,0,7447,7456,C
6-NA,837,2,4,0,7488,7494,C
6-NA,838,1,7442,1,6,7450,T
6-NA,839,2,3,7487,0,7492,G
6-NA,840,3,2,0,7413,7418,C
6-NA,841,1,7384,0,4,7389,T
6-NA,842,7420,0,0,0,7420,A
6-NA,843,0,7272,0,2,7274,T
6-NA,844,4,0,0,7329,7333,C
6-NA,845,4,2,0,7333,7339,C
6-NA,846,1,7268,0,4,7273,T
6-NA,847,2,6,0,7354,7362,C
6-NA,848,1,0,7357,0,7358,G
6-NA,849,7396,0,1,0,7397,A
6-NA,850,0,7416,0,4,7420,T
6-NA,851,7403,1,5,0,7409,A
6-NA,852,0,7405,0,0,7405,T
6-NA,853,1,0,1,7398,7400,C
6-NA,854,3,2,0,7371,7376,C
6-NA,855,1,7322,0,5,7328,T
6-NA,856,1,2,7359,1,7363,G
6-NA,857,2,2,7359,0,7363,G
6-NA,858,0,7440,0,6,7446,T
6-NA,859,5,0,7469,0,7474,G
6-NA,860,0,7437,0,6,7443,T
6-NA,861,2,2,0,7435,7439,C
6-NA,862,7445,1,2,0,7448,A
6-NA,863,3,1,7443,0,7447,G
6-NA,864,7446,0,1,0,7447,A
6-NA,865,1,7387,0,2,7390,T
6-NA,866,1,2,7383,0,7386,G
6-NA,867,0,7233,0,0,7233,T
6-NA,868,2,2,7262,0,7266,G
6-NA,869,0,7242,0,5,7247,T
6-NA,870,3,0,0,7272,7275,C
6-NA,871,1,7249,0,9,7259,T
6-NA,872,3,0,7287,0,7290,G
6-NA,873,1,1,0,7297,7299,C
6-NA,874,7282,0,5,0,7287,A
6-NA,875,0,3,7277,0,7280,G
6-NA,876,7120,0,15,2,7137,A
6-NA,877,0,2,7170,1,7173,G
6-NA,878,7132,1,11,0,7144,A
6-NA,879,1,0,0,7221,7222,C
6-NA,880,7189,0,3,0,7192,A
6-NA,881,7221,1,4,0,7226,A
6-NA,882,1,1,0,7287,7289,C
6-NA,883,0,7254,0,3,7257,T
6-NA,884,2,3,7267,0,7272,G
6-NA,885,2,2,7249,0,7253,G
6-NA,886,7214,1,1,0,7216,A
6-NA,887,7216,0,5,0,7221,A
6-NA,888,7095,0,6,0,7101,A
6-NA,889,0,1,7198,1,7200,G
6-NA,890,0,2,7165,0,7167,G
6-NA,891,2,3,0,7146,7151,C
6-NA,892,3,7087,0,6,7096,T
6-NA,893,4,2,0,7268,7274,C
6-NA,894,3,0,0,7342,7345,C
6-NA,895,7373,1,1,0,7375,A
6-NA,896,7333,0,1,0,7334,A
6-NA,897,1,7355,0,0,7356,T
6-NA,898,7112,1,5,0,7118,A
6-NA,899,1,2,7098,0,7101,G
6-NA,900,2,0,7098,1,7101,G
6-NA,901,1,1,0,7046,7048,C
6-NA,902,7,1,0,6932,6940,C
6-NA,903,1,1,0,6859,6861,C
6-NA,904,6924,0,1,0,6925,A
6-NA,905,0,6983,1,4,6988,T
6-NA,906,1,2,0,7049,7052,C
6-NA,907,2,0,7058,0,7060,G
6-NA,908,0,7032,0,0,7032,T
6-NA,909,6899,0,4,0,6903,A
6-NA,910,0,5,7060,0,7065,G
6-NA,911,7047,0,2,0,7049,A
6-NA,912,0,7096,1,1,7098,T
6-NA,913,6992,0,0,0,6992,A
6-NA,914,0,6918,1,0,6919,T
6-NA,915,6918,0,2,1,6921,A
6-NA,916,6892,0,1,0,6893,A
6-NA,917,7036,2,2,4,7044,A
6-NA,918,3,0,0,7151,7154,C
6-NA,919,6963,1,2,0,6966,A
6-NA,920,0,6933,0,0,6933,T
6-NA,921,6889,0,2,0,6891,A
6-NA,922,6892,0,3,0,6895,A
6-NA,923,6891,0,5,0,6896,A
6-NA,924,4,2,6930,0,6936,G
6-NA,925,1,2,7020,0,7023,G
6-NA,926,6765,1,2,0,6768,A
6-NA,927,1,6733,0,2,6736,T
6-NA,928,1,4,0,6776,6781,C
6-NA,929,6830,0,5,0,6835,A
6-NA,930,0,6832,0,0,6832,T
6-NA,931,6813,0,9,1,6823,A
6-NA,932,0,0,6881,0,6881,G
6-NA,933,1,1,1,6776,6779,C
6-NA,934,6663,0,1,2,6666,A
6-NA,935,0,6479,0,5,6484,T
6-NA,936,0,6523,0,1,6524,T
6-NA,937,2,1,6703,0,6706,G
6-NA,938,1,6691,0,1,6693,T
6-NA,939,0,6783,0,1,6784,T
6-NA,940,1,6750,0,3,6754,T
6-NA,941,5,0,0,6759,6764,C
6-NA,942,3,4,1,6791,6799,C
6-NA,943,6880,0,2,0,6882,A
6-NA,944,1,1,6960,0,6962,G
6-NA,945,1,6924,0,4,6929,T
6-NA,946,0,6728,0,5,6733,T
6-NA,947,6750,0,1,1,6752,A
6-NA,948,0,6662,0,3,6665,T
6-NA,949,5,0,6660,0,6665,G
6-NA,950,0,6595,0,6,6601,T
6-NA,951,3,1,6633,0,6637,G
6-NA,952,2,6442,0,7,6451,T
6-NA,953,3,0,6583,0,6586,G
6-NA,954,0,6567,0,4,6571,T
6-NA,955,0,6530,1,2,6533,T
6-NA,956,5,3,0,6539,6547,C
6-NA,957,6497,0,7,0,6504,A
6-NA,958,1,1,6540,0,6542,G
6-NA,959,2,3,6510,0,6515,G
6-NA,960,6435,0,5,0,6440,A
6-NA,961,0,0,0,6499,6499,C
6-NA,962,0,6345,0,0,6345,T
6-NA,963,0,6359,1,2,6362,T
6-NA,964,1,0,6560,0,6561,G
6-NA,965,0,6527,0,5,6532,T
6-NA,966,0,6561,0,4,6565,T
6-NA,967,1,1,6515,0,6517,G
6-NA,968,1,1,6494,0,6496,G
6-NA,969,6470,0,10,0,6480,A
6-NA,970,0,4,6491,0,6495,G
6-NA,971,6467,1,11,0,6479,A
6-NA,972,0,1,0,6433,6434,C
6-NA,973,6229,0,4,0,6233,A
6-NA,974,2,0,0,6240,6242,C
6-NA,975,6211,1,9,0,6221,A
6-NA,976,0,0,0,6244,6244,C
6-NA,977,2,4,0,6168,6174,C
6-NA,978,5,0,0,6212,6217,C
6-NA,979,6221,1,2,0,6224,A
6-NA,980,1,0,6266,0,6267,G
6-NA,981,6231,0,2,0,6233,A
6-NA,982,6290,0,1,0,6291,A
6-NA,983,6256,0,2,0,6258,A
6-NA,984,6245,0,0,0,6245,A
6-NA,985,6209,0,0,0,6209,A
6-NA,986,6211,0,1,2,6214,A
6-NA,987,1,6,0,6223,6230,C
6-NA,988,1,7,6210,0,6218,G
6-NA,989,6185,0,1,0,6186,A
6-NA,990,0,1,0,6190,6191,C
6-NA,991,6194,0,3,0,6197,A
6-NA,992,0,1,6227,0,6228,G
6-NA,993,0,2,0,6395,6397,C
6-NA,994,0,6347,0,9,6356,T
6-NA,995,5,4,0,6395,6404,C
6-NA,996,2,1,0,6429,6432,C
6-NA,997,6443,0,7,0,6450,A
6-NA,998,2,1,6500,0,6503,G
6-NA,999,1,3,0,6494,6498,C
6-NA,1000,6465,0,3,0,6468,A
6-NA,1001,0,3,6502,0,6505,G
6-NA,1002,0,6236,1,2,6239,T
6-NA,1003,6236,1,3,0,6240,A
6-NA,1004,2,3,6254,0,6259,G
6-NA,1005,1,1,0,6222,6224,C
6-NA,1006,0,3,1,6241,6245,C
6-NA,1007,6174,0,0,0,6174,A
6-NA,1008,0,6143,0,1,6144,T
6-NA,1009,0,6179,0,1,6180,T
6-NA,1010,1,0,6317,0,6318,G
6-NA,1011,1,6275,0,2,6278,T
6-NA,1012,0,6257,4,4,6265,T
6-NA,1013,3,6253,0,2,6258,T
6-NA,1014,1,2,6216,0,6219,G
6-NA,1015,1,1,6292,0,6294,G
6-NA,1016,6280,1,0,1,6282,A
6-NA,1017,3,6260,1,0,6264,T
6-NA,1018,1,3,0,6271,6275,C
6-NA,1019,2,2,1,6173,6178,C
6-NA,1020,3,6207,0,3,6213,T
6-NA,1021,6206,0,10,0,6216,A
6-NA,1022,6243,0,1,0,6244,A
6-NA,1023,1,0,1,6313,6315,C
6-NA,1024,6186,0,1,0,6187,A
6-NA,1025,6230,0,0,0,6230,A
6-NA,1026,0,6226,1,1,6228,T
6-NA,1027,2,2,6300,0,6304,G
6-NA,1028,6249,2,6,0,6257,A
6-NA,1029,6238,0,7,0,6245,A
6-NA,1030,1,2,6280,0,6283,G
6-NA,1031,6227,2,7,0,6236,A
6-NA,1032,6079,1,3,0,6083,A
6-NA,1033,2,2,6114,0,6118,G
6-NA,1034,1,1,6108,0,6110,G
6-NA,1035,4,5951,0,3,5958,T
6-NA,1036,1,0,5981,0,5982,G
6-NA,1037,0,0,6131,0,6131,G
6-NA,1038,0,6053,0,1,6054,T
6-NA,1039,5,0,1,6094,6100,C
6-NA,1040,6083,0,0,0,6083,A
6-NA,1041,0,6076,0,3,6079,T
6-NA,1042,0,1,6100,0,6101,G
6-NA,1043,2,2,6151,0,6155,G
6-NA,1044,6095,0,6,0,6101,A
6-NA,1045,0,2,6275,0,6277,G
6-NA,1046,0,5996,0,3,5999,T
6-NA,1047,3,2,6007,0,6012,G
6-NA,1048,5983,0,1,0,5984,A
6-NA,1049,5990,0,3,0,5993,A
6-NA,1050,5983,1,10,0,5994,A
6-NA,1051,0,2,6022,0,6024,G
6-NA,1052,0,2,5962,0,5964,G
6-NA,1053,1,1,0,5925,5927,C
6-NA,1054,0,5787,0,4,5791,T
6-NA,1055,4,4,5775,0,5783,G
6-NA,1056,0,1,5754,0,5755,G
6-NA,1057,1,2,5807,0,5810,G
6-NA,1058,0,2,0,5807,5809,C
6-NA,1059,0,1,0,5820,5821,C
6-NA,1060,1,5746,1,8,5756,T
6-NA,1061,1,5769,0,1,5771,T
6-NA,1062,0,5816,0,2,5818,T
6-NA,1063,0,3,5831,0,5834,G
6-NA,1064,5799,2,5,0,5806,A
6-NA,1065,0,5776,1,1,5778,T
6-NA,1066,0,1,5711,1,5713,G
6-NA,1067,5626,1,1,1,5629,A
6-NA,1068,0,5661,0,2,5663,T
6-NA,1069,0,3,5671,0,5674,G
6-NA,1070,0,2,5730,0,5732,G
6-NA,1071,5701,0,2,1,5704,A
6-NA,1072,5706,1,4,0,5711,A
6-NA,1073,5709,0,1,0,5710,A
6-NA,1074,0,5700,0,1,5701,T
6-NA,1075,1,6,5722,0,5729,G
6-NA,1076,5687,1,6,0,5694,A
6-NA,1077,0,0,0,5686,5686,C
6-NA,1078,3,0,5730,0,5733,G
6-NA,1079,0,5573,0,4,5577,T
6-NA,1080,1,1,5623,0,5625,G
6-NA,1081,0,5603,0,6,5609,T
6-NA,1082,1,3,5619,0,5623,G
6-NA,1083,2,0,5663,0,5665,G
6-NA,1084,5603,0,3,0,5606,A
6-NA,1085,1,5620,0,0,5621,T
6-NA,1086,1,2,5602,0,5605,G
6-NA,1087,1,3,5574,0,5578,G
6-NA,1088,1,0,5602,0,5603,G
6-NA,1089,5553,0,5,0,5558,A
6-NA,1090,5555,0,1,0,5556,A
6-NA,1091,0,3,5556,0,5559,G
6-NA,1092,5482,0,2,0,5484,A
6-NA,1093,5466,0,5,0,5471,A
6-NA,1094,0,2,0,5472,5474,C
6-NA,1095,1,3,5452,0,5456,G
6-NA,1096,5415,1,8,1,5425,A
6-NA,1097,0,5340,1,1,5342,T
6-NA,1098,2,0,0,5366,5368,C
6-NA,1099,5363,1,0,0,5364,A
6-NA,1100,1,0,5369,0,5370,G
6-NA,1101,0,1,0,5361,5362,C
6-NA,1102,5,1,5362,0,5368,G
6-NA,1103,5347,2,1,0,5350,A
6-NA,1104,0,3,5356,0,5359,G
6-NA,1105,5349,0,2,0,5351,A
6-NA,1106,5349,0,2,0,5351,A
6-NA,1107,0,0,5375,0,5375,G
6-NA,1108,0,5304,0,5,5309,T
6-NA,1109,4,2,0,5298,5304,C
6-NA,1110,5270,0,1,0,5271,A
6-NA,1111,0,0,0,5397,5397,C
6-NA,1112,1,0,5415,0,5416,G
6-NA,1113,1,0,0,5399,5400,C
6-NA,1114,0,5357,0,5,5362,T
6-NA,1115,0,5395,0,0,5395,T
6-NA,1116,5316,0,3,0,5319,A
6-NA,1117,1,7,5429,0,5437,G
6-NA,1118,0,2,5435,0,5437,G
6-NA,1119,0,0,5541,0,5541,G
6-NA,1120,0,5197,0,5,5202,T
6-NA,1121,5216,0,3,0,5219,A
6-NA,1122,0,5198,0,2,5200,T
6-NA,1123,0,2,5214,0,5216,G
6-NA,1124,5196,0,2,0,5198,A
6-NA,1125,5178,0,1,0,5179,A
6-NA,1126,4895,0,3,2,4900,A
6-NA,1127,0,0,0,4937,4937,C
6-NA,1128,1,0,0,4805,4806,C
6-NA,1129,0,4643,0,2,4645,T
6-NA,1130,0,4645,0,3,4648,T
6-NA,1131,0,1,0,4659,4660,C
6-NA,1132,4674,0,0,1,4675,A
6-NA,1133,4674,0,2,0,4676,A
6-NA,1134,4663,0,5,1,4669,A
6-NA,1135,0,0,4701,0,4701,G
6-NA,1136,0,4603,0,0,4603,T
6-NA,1137,2,1,0,4610,4613,C
6-NA,1138,4722,1,0,0,4723,A
6-NA,1139,1,4715,0,2,4718,T
6-NA,1140,0,4714,0,0,4714,T
6-NA,1141,1,2,4714,0,4717,G
6-NA,1142,4702,0,2,0,4704,A
6-NA,1143,4701,1,12,0,4714,A
6-NA,1144,1,2,4691,0,4694,G
6-NA,1145,3,0,4674,0,4677,G
6-NA,1146,1,0,0,4636,4637,C
6-NA,1147,0,4488,0,5,4493,T
6-NA,1148,0,2,4522,0,4524,G
6-NA,1149,1,1,4601,0,4603,G
6-NA,1150,0,4552,0,14,4566,T
6-NA,1151,3,1,1,4552,4557,C
6-NA,1152,4,5,0,4546,4555,C
6-NA,1153,4552,0,3,0,4555,A
6-NA,1154,4545,2,3,0,4550,A
6-NA,1155,0,0,0,4598,4598,C
6-NA,1156,1,0,0,4597,4598,C
6-NA,1157,4,0,0,4570,4574,C
6-NA,1158,0,4396,0,1,4397,T
6-NA,1159,4405,0,0,0,4405,A
6-NA,1160,4406,0,0,0,4406,A
6-NA,1161,0,0,4423,0,4423,G
6-NA,1162,1,4356,0,3,4360,T
6-NA,1163,2,0,1,4375,4378,C
6-NA,1164,0,1,0,4287,4288,C
6-NA,1165,4296,0,0,0,4296,A
6-NA,1166,4280,1,1,0,4282,A
6-NA,1167,4295,0,0,1,4296,A
6-NA,1168,0,4274,0,3,4277,T
6-NA,1169,0,4272,0,0,4272,T
6-NA,1170,1,0,4245,0,4246,G
6-NA,1171,0,0,0,4215,4215,C
6-NA,1172,4226,2,4,0,4232,A
6-NA,1173,0,2,4234,0,4236,G
6-NA,1174,4235,0,0,0,4235,A
6-NA,1175,0,4289,1,0,4290,T
6-NA,1176,4295,0,1,0,4296,A
6-NA,1177,4293,0,1,0,4294,A
6-NA,1178,4286,0,6,0,4292,A
6-NA,1179,0,4267,0,1,4268,T
6-NA,1180,4244,0,2,0,4246,A
6-NA,1181,0,2,4232,0,4234,G
6-NA,1182,3,4,4189,0,4196,G
6-NA,1183,2,1,0,4177,4180,C
6-NA,1184,4043,1,0,0,4044,A
6-NA,1185,4062,0,5,1,4068,A
6-NA,1186,3,1,4086,1,4091,G
6-NA,1187,1,4073,1,2,4077,T
6-NA,1188,3,0,0,4084,4087,C
6-NA,1189,4089,0,8,0,4097,A
6-NA,1190,1,4068,0,2,4071,T
6-NA,1191,4087,0,2,0,4089,A
6-NA,1192,0,0,4100,0,4100,G
6-NA,1193,0,4083,0,1,4084,T
6-NA,1194,0,3906,0,1,3907,T
6-NA,1195,5,2,3842,0,3849,G
6-NA,1196,3819,1,3,1,3824,A
6-NA,1197,0,3,0,3809,3812,C
6-NA,1198,3751,0,0,0,3751,A
6-NA,1199,0,1,3800,0,3801,G
6-NA,1200,3732,0,3,0,3735,A
6-NA,1201,1,3,3826,0,3830,G
6-NA,1202,1,0,3827,0,3828,G
6-NA,1203,0,3807,0,0,3807,T
6-NA,1204,3807,0,2,0,3809,A
6-NA,1205,3793,0,9,0,3802,A
6-NA,1206,0,3789,0,0,3789,T
6-NA,1207,3774,0,1,0,3775,A
6-NA,1208,0,7,3654,0,3661,G
6-NA,1209,0,0,3537,0,3537,G
6-NA,1210,0,3095,0,1,3096,T
6-NA,1211,2,2,0,3073,3077,C
6-NA,1212,2,2,0,3061,3065,C
6-NA,1213,2,0,3081,0,3083,G
6-NA,1214,2,2,3081,0,3085,G
6-NA,1215,0,3082,0,3,3085,T
6-NA,1216,0,3078,0,0,3078,T
6-NA,1217,3019,1,0,0,3020,A
6-NA,1218,0,2924,0,0,2924,T
6-NA,1219,0,2934,0,0,2934,T
6-NA,1220,2,0,0,2934,2936,C
6-NA,1221,0,2780,0,2,2782,T
6-NA,1222,1,2,2764,0,2767,G
6-NA,1223,0,0,2778,0,2778,G
6-NA,1224,1,2768,0,2,2771,T
6-NA,1225,2775,0,1,0,2776,A
6-NA,1226,0,2715,0,1,2716,T
6-NA,1227,0,2728,0,2,2730,T
6-NA,1228,0,2719,0,0,2719,T
6-NA,1229,0,2727,0,2,2729,T
6-NA,1230,1,1,0,2743,2745,C
6-NA,1231,0,2703,0,3,2706,T
6-NA,1232,0,0,0,2727,2727,C
6-NA,1233,0,2716,0,0,2716,T
6-NA,1234,0,0,2767,0,2767,G
6-NA,1235,1,2769,0,2,2772,T
6-NA,1236,0,2750,0,1,2751,T
6-NA,1237,1,0,2753,0,2754,G
6-NA,1238,2726,0,3,0,2729,A
6-NA,1239,2722,3,4,1,2730,A
6-NA,1240,0,3,2748,0,2751,G
6-NA,1241,1,0,2738,0,2739,G
6-NA,1242,0,0,1,2741,2742,C
6-NA,1243,2705,0,1,0,2706,A
6-NA,1244,2707,0,2,0,2709,A
6-NA,1245,2722,0,1,1,2724,A
6-NA,1246,2725,0,3,0,2728,A
6-NA,1247,0,0,2718,0,2718,G
6-NA,1248,1,3,0,2705,2709,C
6-NA,1249,0,2677,1,0,2678,T
6-NA,1250,1,0,2696,0,2697,G
6-NA,1251,1,1,1,2694,2697,C
6-NA,1252,2700,0,1,0,2701,A
6-NA,1253,1,2662,0,1,2664,T
6-NA,1254,1,0,0,2673,2674,C
6-NA,1255,2662,0,0,0,2662,A
6-NA,1256,2667,0,0,0,2667,A
6-NA,1257,0,2651,0,0,2651,T
6-NA,1258,0,2,0,2664,2666,C
6-NA,1259,1,1,2632,0,2634,G
6-NA,1260,1,0,2680,0,2681,G
6-NA,1261,0,2675,0,0,2675,T
6-NA,1262,0,0,2680,0,2680,G
6-NA,1263,0,2,0,2688,2690,C
6-NA,1264,0,2689,1,6,2696,T
6-NA,1265,0,2720,0,2,2722,T
6-NA,1266,0,2725,0,1,2726,T
6-NA,1267,0,2735,0,0,2735,T
6-NA,1268,2749,0,0,0,2749,A
6-NA,1269,0,2643,0,0,2643,T
6-NA,1270,0,0,2657,0,2657,G
6-NA,1271,0,2609,0,2,2611,T
6-NA,1272,0,0,2582,0,2582,G
6-NA,1273,0,0,2602,0,2602,G
6-NA,1274,2564,1,1,0,2566,A
6-NA,1275,0,0,2587,0,2587,G
6-NA,1276,0,2569,0,3,2572,T
6-NA,1277,0,2560,0,0,2560,T
6-NA,1278,0,1,2580,0,2581,G
6-NA,1279,2570,0,2,0,2572,A
6-NA,1280,0,2568,0,0,2568,T
6-NA,1281,2564,0,0,0,2564,A
6-NA,1282,2473,0,5,0,2478,A
6-NA,1283,1,0,2508,0,2509,G
6-NA,1284,1,2,2458,0,2461,G
6-NA,1285,0,0,2434,0,2434,G
6-NA,1286,1,1,2442,0,2444,G
6-NA,1287,2410,0,0,1,2411,A
6-NA,1288,2396,0,2,0,2398,A
6-NA,1289,1,1,2422,0,2424,G
6-NA,1290,2417,0,0,0,2417,A
6-NA,1291,2418,0,0,0,2418,A
6-NA,1292,2393,0,0,0,2393,A
6-NA,1293,2345,0,5,0,2350,A
6-NA,1294,0,0,2346,0,2346,G
6-NA,1295,2334,0,1,0,2335,A
6-NA,1296,0,0,2330,0,2330,G
6-NA,1297,1,0,2331,0,2332,G
6-NA,1298,2305,0,0,0,2305,A
6-NA,1299,2308,0,0,0,2308,A
6-NA,1300,2300,0,1,0,2301,A
6-NA,1301,0,0,0,2331,2331,C
6-NA,1302,0,2315,0,0,2315,T
6-NA,1303,0,1,2325,0,2326,G
6-NA,1304,2318,0,1,0,2319,A
6-NA,1305,2306,1,2,0,2309,A
6-NA,1306,0,0,2319,0,2319,G
6-NA,1307,0,2285,0,5,2290,T
6-NA,1308,1,0,0,2319,2320,C
6-NA,1309,0,2303,0,1,2304,T
6-NA,1310,0,2292,0,0,2292,T
6-NA,1311,0,0,2288,0,2288,G
6-NA,1312,0,2284,0,1,2285,T
6-NA,1313,0,2,2276,0,2278,G
6-NA,1314,0,0,2266,0,2266,G
6-NA,1315,2217,0,2,0,2219,A
6-NA,1316,0,0,0,2250,2250,C
6-NA,1317,3,0,0,2200,2203,C
6-NA,1318,1,2200,0,2,2203,T
6-NA,1319,0,0,0,2200,2200,C
6-NA,1320,2223,0,1,0,2224,A
6-NA,1321,2225,0,1,0,2226,A
6-NA,1322,2221,0,0,0,2221,A
6-NA,1323,0,2,0,2254,2256,C
6-NA,1324,2200,0,0,0,2200,A
6-NA,1325,0,0,2235,0,2235,G
6-NA,1326,1,2210,0,0,2211,T
6-NA,1327,2204,0,0,0,2204,A
6-NA,1328,1,2200,0,0,2201,T
6-NA,1329,1,2180,0,0,2181,T
6-NA,1330,0,0,2202,0,2202,G
6-NA,1331,0,2191,0,2,2193,T
6-NA,1332,1,2084,0,2,2087,T
6-NA,1333,0,0,2098,0,2098,G
6-NA,1334,0,1957,0,1,1958,T
6-NA,1335,0,0,1962,0,1962,G
6-NA,1336,0,1955,1,2,1958,T
6-NA,1337,0,1930,0,1,1931,T
6-NA,1338,0,1942,0,0,1942,T
6-NA,1339,0,1888,0,2,1890,T
6-NA,1340,0,0,1891,0,1891,G
6-NA,1341,0,1891,0,1,1892,T
6-NA,1342,0,3,1874,0,1877,G
6-NA,1343,1,0,1871,0,1872,G
6-NA,1344,0,1,0,1834,1835,C
6-NA,1345,1811,0,1,0,1812,A
6-NA,1346,1,0,0,1847,1848,C
6-NA,1347,0,2,0,1845,1847,C
6-NA,1348,0,1841,0,1,1842,T
6-NA,1349,1,0,0,1858,1859,C
6-NA,1350,1851,0,5,0,1856,A
6-NA,1351,2,1,1870,0,1873,G
6-NA,1352,1,0,1880,0,1881,G
6-NA,1353,0,1866,0,3,1869,T
6-NA,1354,1855,1,2,0,1858,A
6-NA,1355,0,0,0,1786,1786,C
6-NA,1356,1780,0,4,0,1784,A
6-NA,1357,0,1785,0,1,1786,T
6-NA,1358,1722,0,1,0,1723,A
6-NA,1359,0,1712,0,0,1712,T
6-NA,1360,0,2,1611,0,1613,G
6-NA,1361,1,1,1614,0,1616,G
6-NA,1362,1604,0,0,0,1604,A
6-NA,1363,1585,0,1,0,1586,A
6-NA,1364,0,1,0,1564,1565,C
6-NA,1365,1280,0,1,0,1281,A
6-NA,1366,0,1,1283,0,1284,G
6-NA,1367,0,0,1270,0,1270,G
6-NA,1368,0,1,0,1269,1270,C
6-NA,1369,0,1273,0,2,1275,T
6-NA,1370,1,0,0,1189,1190,C
6-NA,1371,1178,0,1,0,1179,A
6-NA,1372,0,1183,0,3,1186,T
6-NA,1373,1,0,1185,0,1186,G
6-NA,1374,0,0,1186,0,1186,G
6-NA,1375,0,1,0,1143,1144,C
6-NA,1376,0,0,0,1138,1138,C
6-NA,1377,0,1069,0,1,1070,T
6-NA,1378,0,0,1074,0,1074,G
6-NA,1379,1070,1,0,0,1071,A
6-NA,1380,0,1070,0,0,1070,T
6-NA,1381,0,0,1054,0,1054,G
6-NA,1382,2,1,1032,0,1035,G
6-NA,1383,0,0,970,0,970,G
6-NA,1384,0,0,969,0,969,G
6-NA,1385,0,0,0,949,949,C
6-NA,1386,0,2,949,0,951,G
6-NA,1387,0,2,943,0,945,G
6-NA,1388,933,0,1,0,934,A
6-NA,1389,0,1,0,930,931,C
6-NA,1390,933,0,0,0,933,A
6-NA,1391,0,913,0,0,913,T
6-NA,1392,1,1,0,897,899,C
6-NA,1393,893,0,4,0,897,A
6-NA,1394,894,0,0,0,894,A
6-NA,1395,0,886,0,0,886,T
6-NA,1396,1,2,0,868,871,C
6-NA,1397,0,840,0,0,840,T
6-NA,1398,1,1,0,733,735,C
6-NA,1399,728,0,2,0,730,A
6-NA,1400,0,724,0,0,724,T
6-NA,1401,0,0,725,0,725,G
6-NA,1402,0,0,0,716,716,C
6-NA,1403,0,2,0,695,697,C
6-NA,1404,0,641,0,1,642,T
6-NA,1405,636,0,0,0,636,A
6-NA,1406,0,636,0,0,636,T
6-NA,1407,626,0,0,1,627,A
6-NA,1408,0,626,0,0,626,T
6-NA,1409,584,0,0,0,584,A
6-NA,1410,560,0,0,0,560,A
7-M,1,127,0,0,0,127,A
7-M,2,0,128,0,0,128,T
7-M,3,0,0,130,0,130,G
7-M,4,129,0,0,0,129,A
7-M,5,0,0,143,0,143,G
7-M,6,0,0,0,153,153,C
7-M,7,0,0,0,161,161,C
7-M,8,0,211,0,0,211,T
7-M,9,0,212,0,0,212,T
7-M,10,0,0,0,212,212,C
7-M,11,0,213,0,0,213,T
7-M,12,213,0,0,0,213,A
7-M,13,213,0,0,0,213,A
7-M,14,0,0,0,215,215,C
7-M,15,0,0,0,211,211,C
7-M,16,1,2,212,0,215,G
7-M,17,210,0,1,0,211,A
7-M,18,0,0,219,0,219,G
7-M,19,0,0,226,0,226,G
7-M,20,0,226,0,0,226,T
7-M,21,0,0,0,230,230,C
7-M,22,0,1,230,0,231,G
7-M,23,235,0,0,0,235,A
7-M,24,239,0,0,0,239,A
7-M,25,242,0,0,0,242,A
7-M,26,0,0,0,263,263,C
7-M,27,1,0,264,0,265,G
7-M,28,0,265,0,1,266,T
7-M,29,270,0,0,0,270,A
7-M,30,0,272,0,0,272,T
7-M,31,0,0,273,0,273,G
7-M,32,0,273,0,0,273,T
7-M,33,0,315,0,0,315,T
7-M,34,0,0,0,324,324,C
7-M,35,0,327,0,0,327,T
7-M,36,0,0,0,347,347,C
7-M,37,0,346,0,0,346,T
7-M,38,0,0,0,362,362,C
7-M,39,0,362,0,0,362,T
7-M,40,361,0,0,0,361,A
7-M,41,0,365,0,0,365,T
7-M,42,0,0,0,359,359,C
7-M,43,1,0,360,0,361,G
7-M,44,0,364,0,0,364,T
7-M,45,0,359,0,0,359,T
7-M,46,0,0,0,366,366,C
7-M,47,0,0,0,385,385,C
7-M,48,390,0,0,0,390,A
7-M,49,0,391,0,0,391,T
7-M,50,0,1,0,389,390,C
7-M,51,389,0,0,0,389,A
7-M,52,0,0,392,0,392,G
7-M,53,0,0,386,0,386,G
7-M,54,0,0,0,389,389,C
7-M,55,0,0,0,397,397,C
7-M,56,0,0,0,397,397,C
7-M,57,0,0,0,422,422,C
7-M,58,0,0,0,427,427,C
7-M,59,0,429,0,0,429,T
7-M,60,0,0,0,429,429,C
7-M,61,425,0,0,0,425,A
7-M,62,425,0,0,0,425,A
7-M,63,433,0,0,0,433,A
7-M,64,0,0,444,0,444,G
7-M,65,0,1,0,441,442,C
7-M,66,0,0,0,439,439,C
7-M,67,0,0,440,0,440,G
7-M,68,441,0,2,0,443,A
7-M,69,1,1,440,0,442,G
7-M,70,438,0,0,0,438,A
7-M,71,0,447,0,0,447,T
7-M,72,0,0,0,443,443,C
7-M,73,0,0,440,0,440,G
7-M,74,0,0,0,447,447,C
7-M,75,0,0,448,0,448,G
7-M,76,0,0,0,448,448,C
7-M,77,449,0,0,0,449,A
7-M,78,0,1,448,0,449,G
7-M,79,442,0,0,0,442,A
7-M,80,0,0,473,0,473,G
7-M,81,475,0,0,0,475,A
7-M,82,0,0,0,482,482,C
7-M,83,0,486,0,0,486,T
7-M,84,0,484,0,0,484,T
7-M,85,0,0,490,0,490,G
7-M,86,487,0,0,0,487,A
7-M,87,490,0,0,0,490,A
7-M,88,0,0,487,0,487,G
7-M,89,482,0,1,0,483,A
7-M,90,0,485,0,0,485,T
7-M,91,0,0,486,0,486,G
7-M,92,0,484,0,1,485,T
7-M,93,0,0,0,488,488,C
7-M,94,0,489,0,0,489,T
7-M,95,0,490,0,0,490,T
7-M,96,0,491,0,0,491,T
7-M,97,0,0,486,0,486,G
7-M,98,0,0,0,491,491,C
7-M,99,0,491,0,0,491,T
7-M,100,0,0,487,1,488,G
7-M,101,0,0,487,0,487,G
7-M,102,0,0,499,0,499,G
7-M,103,489,0,0,0,489,A
7-M,104,493,0,0,0,493,A
7-M,105,498,0,0,0,498,A
7-M,106,500,0,0,0,500,A
7-M,107,501,0,0,0,501,A
7-M,108,0,0,0,508,508,C
7-M,109,502,0,0,0,502,A
7-M,110,0,0,0,507,507,C
7-M,111,500,0,0,0,500,A
7-M,112,1,0,519,0,520,G
7-M,113,531,0,0,0,531,A
7-M,114,0,539,0,0,539,T
7-M,115,0,0,0,547,547,C
7-M,116,0,546,0,0,546,T
7-M,117,0,544,0,0,544,T
7-M,118,0,0,540,0,540,G
7-M,119,540,1,0,0,541,A
7-M,120,0,0,546,0,546,G
7-M,121,0,0,540,0,540,G
7-M,122,0,0,0,547,547,C
7-M,123,0,543,0,0,543,T
7-M,124,0,0,0,587,587,C
7-M,125,0,584,0,0,584,T
7-M,126,1,0,0,586,587,C
7-M,127,582,0,0,0,582,A
7-M,128,0,587,0,0,587,T
7-M,129,0,1,590,0,591,G
7-M,130,2,1,585,0,588,G
7-M,131,585,0,0,0,585,A
7-M,132,589,1,0,0,590,A
7-M,133,0,568,0,0,568,T
7-M,134,0,0,599,0,599,G
7-M,135,0,0,620,0,620,G
7-M,136,0,1,0,624,625,C
7-M,137,0,627,0,1,628,T
7-M,138,629,0,0,0,629,A
7-M,139,623,0,0,0,623,A
7-M,140,634,0,0,0,634,A
7-M,141,0,1,638,1,640,G
7-M,142,641,0,0,0,641,A
7-M,143,0,0,0,633,633,C
7-M,144,618,0,0,0,618,A
7-M,145,613,0,0,0,613,A
7-M,146,1,0,618,0,619,G
7-M,147,620,0,0,0,620,A
7-M,148,0,1,0,622,623,C
7-M,149,0,0,0,621,621,C
7-M,150,625,0,0,0,625,A
7-M,151,625,0,0,0,625,A
7-M,152,0,628,0,0,628,T
7-M,153,0,632,0,0,632,T
7-M,154,1,0,0,642,643,C
7-M,155,0,638,0,0,638,T
7-M,156,1,0,638,0,639,G
7-M,157,0,639,0,0,639,T
7-M,158,3,0,0,634,637,C
7-M,159,638,0,1,0,639,A
7-M,160,0,0,0,667,667,C
7-M,161,0,0,0,668,668,C
7-M,162,0,671,0,0,671,T
7-M,163,0,0,0,670,670,C
7-M,164,0,665,0,0,665,T
7-M,165,0,1,685,0,686,G
7-M,166,690,0,0,0,690,A
7-M,167,0,0,0,692,692,C
7-M,168,0,697,0,0,697,T
7-M,169,685,0,0,0,685,A
7-M,170,682,0,0,0,682,A
7-M,171,0,1,682,0,683,G
7-M,172,0,0,683,0,683,G
7-M,173,0,0,684,0,684,G
7-M,174,0,0,685,0,685,G
7-M,175,690,0,0,0,690,A
7-M,176,0,694,0,0,694,T
7-M,177,0,700,0,0,700,T
7-M,178,0,696,0,0,696,T
7-M,179,0,704,0,0,704,T
7-M,180,0,0,699,0,699,G
7-M,181,0,0,701,0,701,G
7-M,182,0,1,701,0,702,G
7-M,183,0,0,705,0,705,G
7-M,184,0,687,0,0,687,T
7-M,185,0,699,0,0,699,T
7-M,186,0,697,0,0,697,T
7-M,187,0,1,709,0,710,G
7-M,188,1,710,0,1,712,T
7-M,189,1,0,719,0,720,G
7-M,190,0,715,0,0,715,T
7-M,191,0,715,0,0,715,T
7-M,192,1,1,0,718,720,C
7-M,193,720,0,0,0,720,A
7-M,194,0,0,0,737,737,C
7-M,195,0,0,733,0,733,G
7-M,196,0,0,0,731,731,C
7-M,197,0,727,0,0,727,T
7-M,198,1,0,0,749,750,C
7-M,199,752,0,0,0,752,A
7-M,200,0,0,0,757,757,C
7-M,201,0,0,0,755,755,C
7-M,202,1,0,753,0,754,G
7-M,203,0,763,0,0,763,T
7-M,204,0,0,768,0,768,G
7-M,205,0,0,0,770,770,C
7-M,206,0,1,0,773,774,C
7-M,207,1,0,0,770,771,C
7-M,208,759,0,0,0,759,A
7-M,209,0,0,772,0,772,G
7-M,210,0,767,0,0,767,T
7-M,211,0,3,773,0,776,G
7-M,212,790,0,1,0,791,A
7-M,213,0,1,789,0,790,G
7-M,214,0,0,0,796,796,C
7-M,215,0,2,795,0,797,G
7-M,216,793,0,0,0,793,A
7-M,217,0,0,800,0,800,G
7-M,218,0,0,796,0,796,G
7-M,219,799,0,0,0,799,A
7-M,220,0,0,0,805,805,C
7-M,221,0,792,0,0,792,T
7-M,222,0,0,795,0,795,G
7-M,223,0,0,0,790,790,C
7-M,224,791,0,0,0,791,A
7-M,225,0,0,808,0,808,G
7-M,226,1,0,0,792,793,C
7-M,227,0,0,804,0,804,G
7-M,228,0,802,0,1,803,T
7-M,229,794,0,0,0,794,A
7-M,230,1,0,795,0,796,G
7-M,231,792,0,0,0,792,A
7-M,232,0,0,0,793,793,C
7-M,233,1,0,790,0,791,G
7-M,234,0,0,0,793,793,C
7-M,235,0,774,0,0,774,T
7-M,236,0,779,0,0,779,T
7-M,237,0,773,0,0,773,T
7-M,238,0,0,788,0,788,G
7-M,239,0,786,0,0,786,T
7-M,240,0,0,0,785,785,C
7-M,241,0,0,0,791,791,C
7-M,242,795,0,0,0,795,A
7-M,243,790,0,0,0,790,A
7-M,244,794,0,0,0,794,A
7-M,245,787,0,0,0,787,A
7-M,246,0,785,0,0,785,T
7-M,247,0,0,783,0,783,G
7-M,248,0,0,0,779,779,C
7-M,249,0,0,0,781,781,C
7-M,250,0,0,0,785,785,C
7-M,251,0,781,0,0,781,T
7-M,252,0,1,0,822,823,C
7-M,253,824,0,0,0,824,A
7-M,254,822,0,0,2,824,A
7-M,255,0,833,0,0,833,T
7-M,256,0,0,843,0,843,G
7-M,257,0,0,844,0,844,G
7-M,258,0,0,856,0,856,G
7-M,259,852,0,1,0,853,A
7-M,260,853,0,0,0,853,A
7-M,261,0,845,0,0,845,T
7-M,262,0,0,844,0,844,G
7-M,263,0,0,839,0,839,G
7-M,264,824,0,0,0,824,A
7-M,265,0,0,832,0,832,G
7-M,266,818,0,2,0,820,A
7-M,267,0,2,0,817,819,C
7-M,268,0,0,0,857,857,C
7-M,269,3,1,0,855,859,C
7-M,270,862,0,0,0,862,A
7-M,271,864,0,0,0,864,A
7-M,272,866,0,0,0,866,A
7-M,273,0,871,0,0,871,T
7-M,274,890,0,0,0,890,A
7-M,275,894,0,0,0,894,A
7-M,276,0,0,0,878,878,C
7-M,277,873,0,0,0,873,A
7-M,278,0,867,0,0,867,T
7-M,279,0,0,877,0,877,G
7-M,280,0,1,878,0,879,G
7-M,281,876,1,1,0,878,A
7-M,282,0,0,0,879,879,C
7-M,283,859,0,0,1,860,A
7-M,284,868,0,2,0,870,A
7-M,285,864,0,0,0,864,A
7-M,286,0,1,871,0,872,G
7-M,287,0,0,0,879,879,C
7-M,288,872,0,3,0,875,A
7-M,289,0,0,889,0,889,G
7-M,290,0,886,0,0,886,T
7-M,291,0,889,0,0,889,T
7-M,292,894,0,0,0,894,A
7-M,293,887,0,0,0,887,A
7-M,294,890,0,0,0,890,A
7-M,295,0,0,0,912,912,C
7-M,296,0,882,0,0,882,T
7-M,297,0,0,976,0,976,G
7-M,298,0,960,0,0,960,T
7-M,299,968,1,0,0,969,A
7-M,300,0,964,0,0,964,T
7-M,301,960,0,0,0,960,A
7-M,302,0,1,962,0,963,G
7-M,303,0,0,958,0,958,G
7-M,304,955,0,0,0,955,A
7-M,305,959,0,1,0,960,A
7-M,306,919,0,3,0,922,A
7-M,307,0,0,0,947,947,C
7-M,308,0,941,0,0,941,T
7-M,309,0,941,0,0,941,T
7-M,310,939,0,0,0,939,A
7-M,311,941,0,1,0,942,A
7-M,312,0,1,940,0,941,G
7-M,313,939,0,2,0,941,A
7-M,314,0,0,935,0,935,G
7-M,315,0,0,933,0,933,G
7-M,316,0,2,940,1,943,G
7-M,317,934,1,1,0,936,A
7-M,318,0,1,948,0,949,G
7-M,319,950,0,0,0,950,A
7-M,320,0,951,0,0,951,T
7-M,321,950,0,1,0,951,A
7-M,322,954,0,1,0,955,A
7-M,323,0,0,0,958,958,C
7-M,324,0,0,957,0,957,G
7-M,325,0,950,0,0,950,T
7-M,326,0,946,0,1,947,T
7-M,327,0,0,0,949,949,C
7-M,328,0,0,0,957,957,C
7-M,329,950,0,0,0,950,A
7-M,330,0,952,0,0,952,T
7-M,331,0,1,945,0,946,G
7-M,332,0,0,949,0,949,G
7-M,333,0,0,943,0,943,G
7-M,334,1,0,946,0,947,G
7-M,335,1,1,0,939,941,C
7-M,336,0,1,0,946,947,C
7-M,337,950,0,0,0,950,A
7-M,338,954,0,0,1,955,A
7-M,339,956,0,1,0,957,A
7-M,340,0,0,965,0,965,G
7-M,341,970,0,1,0,971,A
7-M,342,965,0,0,0,965,A
7-M,343,961,0,0,1,962,A
7-M,344,0,959,0,0,959,T
7-M,345,964,0,0,0,964,A
7-M,346,0,0,965,0,965,G
7-M,347,0,0,0,959,959,C
7-M,348,0,945,0,1,946,T
7-M,349,0,0,0,952,952,C
7-M,350,0,936,0,0,936,T
7-M,351,0,0,0,974,974,C
7-M,352,978,0,1,0,979,A
7-M,353,0,0,974,0,974,G
7-M,354,0,963,0,2,965,T
7-M,355,0,980,0,0,980,T
7-M,356,981,0,0,0,981,A
7-M,357,0,984,0,1,985,T
7-M,358,0,981,0,0,981,T
7-M,359,0,0,0,987,987,C
7-M,360,0,944,0,0,944,T
7-M,361,0,0,959,0,959,G
7-M,362,0,1,0,954,955,C
7-M,363,0,952,0,1,953,T
7-M,364,0,0,954,0,954,G
7-M,365,0,0,955,0,955,G
7-M,366,0,949,0,1,950,T
7-M,367,1,0,951,0,952,G
7-M,368,0,1,0,945,946,C
7-M,369,949,0,0,0,949,A
7-M,370,0,0,0,950,950,C
7-M,371,0,941,0,1,942,T
7-M,372,0,954,0,1,955,T
7-M,373,0,0,951,0,951,G
7-M,374,0,1,0,952,953,C
7-M,375,1,0,0,956,957,C
7-M,376,956,0,0,0,956,A
7-M,377,0,1,959,0,960,G
7-M,378,0,959,0,0,959,T
7-M,379,0,953,0,1,954,T
7-M,380,0,0,963,0,963,G
7-M,381,0,0,0,946,946,C
7-M,382,950,0,1,0,951,A
7-M,383,0,944,0,3,947,T
7-M,384,0,0,951,0,951,G
7-M,385,0,2,958,0,960,G
7-M,386,1,1,971,0,973,G
7-M,387,0,1,0,969,970,C
7-M,388,0,0,0,992,992,C
7-M,389,0,994,0,0,994,T
7-M,390,0,0,0,1011,1011,C
7-M,391,1052,0,0,1,1053,A
7-M,392,0,1059,0,1,1060,T
7-M,393,1081,0,0,0,1081,A
7-M,394,0,1076,0,0,1076,T
7-M,395,1061,0,0,0,1061,A
7-M,396,0,1,0,1115,1116,C
7-M,397,1070,0,0,0,1070,A
7-M,398,1074,0,0,0,1074,A
7-M,399,0,1066,0,0,1066,T
7-M,400,1025,0,0,0,1025,A
7-M,401,0,0,1045,0,1045,G
7-M,402,0,0,1033,0,1033,G
7-M,403,1026,0,1,0,1027,A
7-M,404,0,1031,0,0,1031,T
7-M,405,0,1,979,0,980,G
7-M,406,0,0,981,0,981,G
7-M,407,0,1,972,0,973,G
7-M,408,0,0,982,0,982,G
7-M,409,243,0,730,0,973,G
7-M,410,0,0,0,972,972,C
7-M,411,0,966,0,2,968,T
7-M,412,0,0,973,0,973,G
7-M,413,0,970,0,1,971,T
7-M,414,968,0,0,0,968,A
7-M,415,961,0,0,0,961,A
7-M,416,0,0,0,966,966,C
7-M,417,0,0,0,961,961,C
7-M,418,947,0,1,0,948,A
7-M,419,0,0,0,949,949,C
7-M,420,0,944,0,0,944,T
7-M,421,0,0,952,0,952,G
7-M,422,943,0,2,0,945,A
7-M,423,943,0,0,0,943,A
7-M,424,0,0,956,0,956,G
7-M,425,1,937,0,1,939,T
7-M,426,0,0,941,0,941,G
7-M,427,0,0,940,1,941,G
7-M,428,0,0,0,947,947,C
7-M,429,945,0,0,0,945,A
7-M,430,0,939,0,0,939,T
7-M,431,0,939,0,1,940,T
7-M,432,0,937,0,0,937,T
7-M,433,0,0,950,0,950,G
7-M,434,1,0,943,0,944,G
7-M,435,1,1,0,938,940,C
7-M,436,0,0,0,943,943,C
7-M,437,0,942,0,1,943,T
7-M,438,0,0,966,0,966,G
7-M,439,0,0,975,0,975,G
7-M,440,0,967,0,0,967,T
7-M,441,975,0,0,0,975,A
7-M,442,0,957,0,0,957,T
7-M,443,1,0,966,0,967,G
7-M,444,1,967,0,1,969,T
7-M,445,0,0,967,0,967,G
7-M,446,0,0,0,968,968,C
7-M,447,937,0,1,0,938,A
7-M,448,934,0,1,0,935,A
7-M,449,0,0,0,939,939,C
7-M,450,932,0,1,0,933,A
7-M,451,0,940,0,1,941,T
7-M,452,0,0,929,0,929,G
7-M,453,0,902,0,1,903,T
7-M,454,0,0,906,0,906,G
7-M,455,898,0,0,0,898,A
7-M,456,0,0,901,0,901,G
7-M,457,0,0,0,900,900,C
7-M,458,885,0,0,0,885,A
7-M,459,0,0,883,0,883,G
7-M,460,883,0,0,0,883,A
7-M,461,0,886,0,0,886,T
7-M,462,0,883,0,0,883,T
7-M,463,1,0,885,0,886,G
7-M,464,0,0,1,883,884,C
7-M,465,0,883,1,1,885,T
7-M,466,0,0,885,0,885,G
7-M,467,883,0,0,0,883,A
7-M,468,1,0,0,914,915,C
7-M,469,0,920,0,1,921,T
7-M,470,2,2,0,925,929,C
7-M,471,2,0,0,925,927,C
7-M,472,2,0,0,927,929,C
7-M,473,930,0,0,0,930,A
7-M,474,0,0,931,0,931,G
7-M,475,0,0,0,932,932,C
7-M,476,933,0,1,0,934,A
7-M,477,0,0,0,935,935,C
7-M,478,885,0,2,0,887,A
7-M,479,0,0,903,0,903,G
7-M,480,0,0,902,0,902,G
7-M,481,0,896,0,3,899,T
7-M,482,1,0,0,925,926,C
7-M,483,0,914,0,0,914,T
7-M,484,0,0,0,929,929,C
7-M,485,921,0,0,0,921,A
7-M,486,0,923,0,0,923,T
7-M,487,925,1,0,0,926,A
7-M,488,0,0,900,0,900,G
7-M,489,1,0,894,0,895,G
7-M,490,0,1,0,897,898,C
7-M,491,852,0,1,0,853,A
7-M,492,0,0,847,0,847,G
7-M,493,856,0,1,0,857,A
7-M,494,0,856,0,0,856,T
7-M,495,0,0,857,0,857,G
7-M,496,0,0,859,0,859,G
7-M,497,0,849,0,0,849,T
7-M,498,0,2,847,0,849,G
7-M,499,0,0,844,0,844,G
7-M,500,0,0,0,850,850,C
7-M,501,845,0,0,0,845,A
7-M,502,845,0,1,0,846,A
7-M,503,0,0,0,852,852,C
7-M,504,851,0,0,0,851,A
7-M,505,845,0,0,0,845,A
7-M,506,0,1,0,845,846,C
7-M,507,0,0,0,836,836,C
7-M,508,831,0,0,0,831,A
7-M,509,824,0,0,0,824,A
7-M,510,0,824,0,0,824,T
7-M,511,1,0,0,830,831,C
7-M,512,0,1,0,823,824,C
7-M,513,810,0,1,0,811,A
7-M,514,0,806,0,0,806,T
7-M,515,0,817,0,0,817,T
7-M,516,815,0,0,0,815,A
7-M,517,819,0,0,0,819,A
7-M,518,0,816,0,0,816,T
7-M,519,816,0,0,0,816,A
7-M,520,815,0,0,0,815,A
7-M,521,801,0,0,0,801,A
7-M,522,805,0,0,0,805,A
7-M,523,0,0,0,826,826,C
7-M,524,824,0,0,0,824,A
7-M,525,0,817,0,0,817,T
7-M,526,0,1,820,0,821,G
7-M,527,822,0,1,0,823,A
7-M,528,0,0,826,0,826,G
7-M,529,822,0,0,0,822,A
7-M,530,824,0,0,0,824,A
7-M,531,0,0,0,827,827,C
7-M,532,805,1,0,0,806,A
7-M,533,0,0,812,0,812,G
7-M,534,814,0,0,0,814,A
7-M,535,812,0,0,0,812,A
7-M,536,0,801,0,0,801,T
7-M,537,0,1,799,0,800,G
7-M,538,0,0,802,0,802,G
7-M,539,0,799,0,0,799,T
7-M,540,0,776,0,0,776,T
7-M,541,0,789,0,0,789,T
7-M,542,0,791,0,0,791,T
7-M,543,0,0,796,0,796,G
7-M,544,0,0,793,0,793,G
7-M,545,0,0,0,797,797,C
7-M,546,0,0,0,800,800,C
7-M,547,789,0,0,0,789,A
7-M,548,0,0,808,0,808,G
7-M,549,0,0,0,805,805,C
7-M,550,811,0,0,0,811,A
7-M,551,0,0,0,830,830,C
7-M,552,0,817,0,1,818,T
7-M,553,817,0,0,0,817,A
7-M,554,0,0,0,829,829,C
7-M,555,832,0,0,0,832,A
7-M,556,0,0,842,0,842,G
7-M,557,2,0,0,821,823,C
7-M,558,0,807,0,0,807,T
7-M,559,811,0,0,0,811,A
7-M,560,788,0,0,0,788,A
7-M,561,0,0,799,0,799,G
7-M,562,1,0,794,0,795,G
7-M,563,0,0,0,791,791,C
7-M,564,0,749,0,0,749,T
7-M,565,741,0,1,0,742,A
7-M,566,0,741,0,0,741,T
7-M,567,0,0,747,0,747,G
7-M,568,0,0,744,0,744,G
7-M,569,731,0,0,0,731,A
7-M,570,0,0,739,0,739,G
7-M,571,0,0,0,716,716,C
7-M,572,721,0,0,0,721,A
7-M,573,715,0,0,0,715,A
7-M,574,713,0,0,0,713,A
7-M,575,0,721,0,2,723,T
7-M,576,1,0,723,0,724,G
7-M,577,1,0,715,0,716,G
7-M,578,0,0,0,707,707,C
7-M,579,0,709,0,0,709,T
7-M,580,0,0,707,0,707,G
7-M,581,0,0,709,0,709,G
7-M,582,706,0,0,0,706,A
7-M,583,0,709,0,0,709,T
7-M,584,0,0,0,701,701,C
7-M,585,703,0,1,0,704,A
7-M,586,706,0,0,0,706,A
7-M,587,1,0,715,0,716,G
7-M,588,0,708,0,0,708,T
7-M,589,0,1,710,0,711,G
7-M,590,702,0,0,1,703,A
7-M,591,696,0,0,0,696,A
7-M,592,0,0,0,703,703,C
7-M,593,705,0,1,0,706,A
7-M,594,0,1,711,0,712,G
7-M,595,0,0,704,0,704,G
7-M,596,0,0,0,714,714,C
7-M,597,702,0,0,0,702,A
7-M,598,0,0,713,0,713,G
7-M,599,0,1,0,715,716,C
7-M,600,1,0,716,0,717,G
7-M,601,0,0,710,0,710,G
7-M,602,712,0,0,0,712,A
7-M,603,0,1,715,0,716,G
7-M,604,2,0,725,0,727,G
7-M,605,0,0,0,720,720,C
7-M,606,0,0,0,729,729,C
7-M,607,721,0,0,0,721,A
7-M,608,0,720,0,0,720,T
7-M,609,0,1,724,0,725,G
7-M,610,0,0,731,0,731,G
7-M,611,727,0,1,0,728,A
7-M,612,0,0,730,0,730,G
7-M,613,719,0,0,0,719,A
7-M,614,0,734,0,0,734,T
7-M,615,0,734,0,0,734,T
7-M,616,0,0,728,0,728,G
7-M,617,1,0,1,723,725,C
7-M,618,0,727,0,0,727,T
7-M,619,735,1,0,0,736,A
7-M,620,0,1,734,0,735,G
7-M,621,0,730,0,0,730,T
7-M,622,1,0,0,730,731,C
7-M,623,716,0,0,0,716,A
7-M,624,0,0,723,0,723,G
7-M,625,0,0,718,0,718,G
7-M,626,0,0,0,716,716,C
7-M,627,2,0,0,719,721,C
7-M,628,716,0,0,0,716,A
7-M,629,0,1,729,0,730,G
7-M,630,0,0,725,0,725,G
7-M,631,0,0,0,727,727,C
7-M,632,726,0,0,0,726,A
7-M,633,0,0,729,0,729,G
7-M,634,712,0,1,0,713,A
7-M,635,0,714,0,0,714,T
7-M,636,0,0,724,0,724,G
7-M,637,0,0,738,0,738,G
7-M,638,0,717,0,0,717,T
7-M,639,1,0,722,0,723,G
7-M,640,0,0,0,730,730,C
7-M,641,728,0,1,0,729,A
7-M,642,0,0,736,0,736,G
7-M,643,0,0,725,0,725,G
7-M,644,1,0,0,728,729,C
7-M,645,725,0,0,0,725,A
7-M,646,716,0,0,0,716,A
7-M,647,0,707,0,0,707,T
7-M,648,0,1,713,0,714,G
7-M,649,704,0,0,0,704,A
7-M,650,0,0,709,0,709,G
7-M,651,687,0,1,0,688,A
7-M,652,0,0,694,0,694,G
7-M,653,0,0,1,703,704,C
7-M,654,2,0,0,709,711,C
7-M,655,708,0,0,0,708,A
7-M,656,0,712,0,2,714,T
7-M,657,0,714,0,0,714,T
7-M,658,2,2,714,0,718,G
7-M,659,1,1,709,0,711,G
7-M,660,0,1,719,0,720,G
7-M,661,717,0,0,0,717,A
7-M,662,0,0,0,712,712,C
7-M,663,0,695,0,0,695,T
7-M,664,0,1,0,690,691,C
7-M,665,696,0,1,0,697,A
7-M,666,0,723,0,0,723,T
7-M,667,0,0,0,732,732,C
7-M,668,0,0,0,729,729,C
7-M,669,0,724,0,0,724,T
7-M,670,720,0,1,0,721,A
7-M,671,0,0,733,0,733,G
7-M,672,0,803,0,0,803,T
7-M,673,0,795,0,1,796,T
7-M,674,0,1,0,788,789,C
7-M,675,0,0,0,779,779,C
7-M,676,775,0,0,0,775,A
7-M,677,1,0,780,0,781,G
7-M,678,0,779,0,0,779,T
7-M,679,778,0,0,0,778,A
7-M,680,0,0,0,782,782,C
7-M,681,1,686,1,0,688,T
7-M,682,0,0,719,0,719,G
7-M,683,0,0,734,0,734,G
7-M,684,0,736,0,0,736,T
7-M,685,0,0,0,740,740,C
7-M,686,0,729,0,0,729,T
7-M,687,732,0,0,0,732,A
7-M,688,728,0,0,0,728,A
7-M,689,2,1,734,0,737,G
7-M,690,731,0,0,0,731,A
7-M,691,0,0,719,0,719,G
7-M,692,687,0,0,0,687,A
7-M,693,0,674,0,0,674,T
7-M,694,0,0,677,0,677,G
7-M,695,672,0,0,0,672,A
7-M,696,0,671,0,1,672,T
7-M,697,0,0,0,677,677,C
7-M,698,0,668,0,0,668,T
7-M,699,1,669,0,0,670,T
7-M,700,1,0,0,672,673,C
7-M,701,0,674,0,0,674,T
7-M,702,0,673,0,1,674,T
7-M,703,0,0,674,0,674,G
7-M,704,670,0,0,0,670,A
7-M,705,669,0,0,0,669,A
7-M,706,672,0,0,0,672,A
7-M,707,673,0,0,0,673,A
7-M,708,0,671,0,0,671,T
7-M,709,0,673,0,0,673,T
7-M,710,0,674,0,0,674,T
7-M,711,0,0,668,0,668,G
7-M,712,0,0,0,671,671,C
7-M,713,675,0,0,0,675,A
7-M,714,0,0,672,0,672,G
7-M,715,0,0,664,0,664,G
7-M,716,0,0,0,674,674,C
7-M,717,0,1,0,680,681,C
7-M,718,0,680,0,2,682,T
7-M,719,686,0,0,0,686,A
7-M,720,0,682,0,0,682,T
7-M,721,0,0,0,683,683,C
7-M,722,683,0,0,0,683,A
7-M,723,1,0,675,0,676,G
7-M,724,675,0,0,0,675,A
7-M,725,673,0,0,0,673,A
7-M,726,667,0,0,0,667,A
7-M,727,0,0,0,678,678,C
7-M,728,0,2,677,0,679,G
7-M,729,670,0,1,0,671,A
7-M,730,671,0,0,0,671,A
7-M,731,0,671,0,0,671,T
7-M,732,0,1,673,0,674,G
7-M,733,1,0,676,0,677,G
7-M,734,0,0,674,0,674,G
7-M,735,0,0,674,0,674,G
7-M,736,0,0,674,0,674,G
7-M,737,0,660,0,0,660,T
7-M,738,0,0,659,0,659,G
7-M,739,0,0,0,661,661,C
7-M,740,659,0,0,0,659,A
7-M,741,0,0,670,0,670,G
7-M,742,662,0,0,0,662,A
7-M,743,0,658,0,0,658,T
7-M,744,1,0,654,0,655,G
7-M,745,0,0,0,641,641,C
7-M,746,638,0,0,0,638,A
7-M,747,638,0,1,0,639,A
7-M,748,0,0,0,645,645,C
7-M,749,0,0,648,0,648,G
7-M,750,648,0,0,0,648,A
7-M,751,0,650,0,1,651,T
7-M,752,0,647,0,0,647,T
7-M,753,0,0,0,656,656,C
7-M,754,652,0,0,0,652,A
7-M,755,651,0,1,0,652,A
7-M,756,0,0,651,0,651,G
7-M,757,0,638,0,0,638,T
7-M,758,0,0,632,0,632,G
7-M,759,626,0,0,0,626,A
7-M,760,0,1,0,628,629,C
7-M,761,0,0,0,626,626,C
7-M,762,1,0,0,625,626,C
7-M,763,0,1,627,0,628,G
7-M,764,0,0,0,630,630,C
7-M,765,0,632,0,0,632,T
7-M,766,0,637,0,0,637,T
7-M,767,0,0,636,0,636,G
7-M,768,0,632,0,0,632,T
7-M,769,0,631,0,0,631,T
7-M,770,0,0,633,0,633,G
7-M,771,0,620,1,0,621,T
7-M,772,0,609,0,0,609,T
7-M,773,1,0,613,0,614,G
7-M,774,0,0,0,600,600,C
7-M,775,0,1,0,609,610,C
7-M,776,0,0,613,0,613,G
7-M,777,0,0,0,607,607,C
7-M,778,1,0,612,0,613,G
7-M,779,615,0,0,0,615,A
7-M,780,613,0,2,0,615,A
7-M,781,0,616,0,0,616,T
7-M,782,615,0,0,0,615,A
7-M,783,0,611,0,0,611,T
7-M,784,2,0,0,607,609,C
7-M,785,1,0,605,0,606,G
7-M,786,0,615,0,0,615,T
7-M,787,0,615,0,0,615,T
7-M,788,0,0,613,0,613,G
7-M,789,0,1,612,0,613,G
7-M,790,1,0,611,0,612,G
7-M,791,616,0,0,0,616,A
7-M,792,0,611,0,1,612,T
7-M,793,0,1,0,605,606,C
7-M,794,0,602,1,2,605,T
7-M,795,0,604,0,1,605,T
7-M,796,0,1,608,0,609,G
7-M,797,0,0,0,607,607,C
7-M,798,604,0,0,0,604,A
7-M,799,0,0,0,606,606,C
7-M,800,0,591,0,0,591,T
7-M,801,0,593,0,0,593,T
7-M,802,0,0,594,0,594,G
7-M,803,601,0,0,0,601,A
7-M,804,0,600,0,0,600,T
7-M,805,593,0,0,0,593,A
7-M,806,0,587,0,0,587,T
7-M,807,0,583,0,1,584,T
7-M,808,0,0,586,0,586,G
7-M,809,0,580,0,0,580,T
7-M,810,0,0,576,0,576,G
7-M,811,0,0,575,0,575,G
7-M,812,557,0,0,0,557,A
7-M,813,0,563,0,0,563,T
7-M,814,0,561,0,0,561,T
7-M,815,1,0,0,560,561,C
7-M,816,0,555,0,0,555,T
7-M,817,0,552,0,0,552,T
7-M,818,0,0,557,0,557,G
7-M,819,547,0,0,0,547,A
7-M,820,0,546,0,0,546,T
7-M,821,0,0,0,547,547,C
7-M,822,0,0,544,0,544,G
7-M,823,0,545,0,1,546,T
7-M,824,1,0,0,544,545,C
7-M,825,1,539,0,1,541,T
7-M,826,0,543,0,0,543,T
7-M,827,0,546,0,0,546,T
7-M,828,0,547,0,0,547,T
7-M,829,0,549,0,0,549,T
7-M,830,0,551,0,0,551,T
7-M,831,0,547,0,1,548,T
7-M,832,0,0,0,549,549,C
7-M,833,545,0,0,0,545,A
7-M,834,547,0,0,0,547,A
7-M,835,548,0,0,0,548,A
7-M,836,1,546,0,0,547,T
7-M,837,0,0,547,0,547,G
7-M,838,0,0,0,545,545,C
7-M,839,1,1,544,0,546,G
7-M,840,0,557,0,2,559,T
7-M,841,0,1,0,556,557,C
7-M,842,0,559,0,0,559,T
7-M,843,562,0,0,0,562,A
7-M,844,0,556,0,2,558,T
7-M,845,0,0,0,558,558,C
7-M,846,0,1,559,0,560,G
7-M,847,551,1,0,0,552,A
7-M,848,1,0,0,548,549,C
7-M,849,0,525,0,0,525,T
7-M,850,1,0,0,527,528,C
7-M,851,0,1,0,522,523,C
7-M,852,0,527,0,2,529,T
7-M,853,0,1,0,534,535,C
7-M,854,536,0,0,0,536,A
7-M,855,535,0,0,0,535,A
7-M,856,532,0,1,0,533,A
7-M,857,0,0,0,532,532,C
7-M,858,525,0,0,0,525,A
7-M,859,0,0,0,500,500,C
7-M,860,0,0,489,0,489,G
7-M,861,0,0,512,0,512,G
7-M,862,0,0,0,509,509,C
7-M,863,0,0,0,514,514,C
7-M,864,0,509,0,1,510,T
7-M,865,0,516,0,0,516,T
7-M,866,515,0,0,0,515,A
7-M,867,515,0,0,0,515,A
7-M,868,516,0,0,0,516,A
7-M,869,515,0,2,0,517,A
7-M,870,0,2,506,0,508,G
7-M,871,430,0,0,0,430,A
7-M,872,0,0,432,0,432,G
7-M,873,0,0,429,0,429,G
7-M,874,0,0,0,430,430,C
7-M,875,0,0,0,425,425,C
7-M,876,1,0,0,429,430,C
7-M,877,0,429,0,1,430,T
7-M,878,0,427,0,0,427,T
7-M,879,0,0,0,427,427,C
7-M,880,0,428,0,0,428,T
7-M,881,428,0,0,0,428,A
7-M,882,0,0,0,427,427,C
7-M,883,0,0,418,0,418,G
7-M,884,0,0,422,0,422,G
7-M,885,409,0,1,0,410,A
7-M,886,409,0,1,0,410,A
7-M,887,0,0,406,0,406,G
7-M,888,0,1,407,0,408,G
7-M,889,405,0,0,0,405,A
7-M,890,0,0,403,0,403,G
7-M,891,0,402,0,0,402,T
7-M,892,402,0,0,0,402,A
7-M,893,0,0,0,401,401,C
7-M,894,0,0,0,397,397,C
7-M,895,0,390,0,2,392,T
7-M,896,0,0,398,0,398,G
7-M,897,388,0,0,0,388,A
7-M,898,0,0,396,0,396,G
7-M,899,0,376,0,0,376,T
7-M,900,2,0,0,374,376,C
7-M,901,0,371,0,0,371,T
7-M,902,371,0,0,0,371,A
7-M,903,0,372,0,0,372,T
7-M,904,0,0,372,0,372,G
7-M,905,359,0,0,0,359,A
7-M,906,0,0,358,0,358,G
7-M,907,0,0,337,0,337,G
7-M,908,0,0,337,0,337,G
7-M,909,336,0,0,0,336,A
7-M,910,332,0,2,0,334,A
7-M,911,0,0,336,0,336,G
7-M,912,331,0,0,0,331,A
7-M,913,340,0,0,0,340,A
7-M,914,0,334,0,0,334,T
7-M,915,330,0,0,0,330,A
7-M,916,0,331,0,0,331,T
7-M,917,0,10,0,314,324,C
7-M,918,0,0,331,0,331,G
7-M,919,329,0,0,0,329,A
7-M,920,326,0,0,0,326,A
7-M,921,326,0,0,0,326,A
7-M,922,0,0,321,0,321,G
7-M,923,0,0,324,0,324,G
7-M,924,313,0,0,0,313,A
7-M,925,314,1,1,0,316,A
7-M,926,0,0,0,313,313,C
7-M,927,312,0,0,0,312,A
7-M,928,0,0,316,0,316,G
7-M,929,0,0,0,315,315,C
7-M,930,316,0,0,0,316,A
7-M,931,0,0,315,0,315,G
7-M,932,289,0,0,0,289,A
7-M,933,289,0,0,0,289,A
7-M,934,0,285,0,0,285,T
7-M,935,0,0,281,0,281,G
7-M,936,0,0,0,279,279,C
7-M,937,0,262,0,1,263,T
7-M,938,0,0,263,0,263,G
7-M,939,0,261,0,0,261,T
7-M,940,0,0,257,0,257,G
7-M,941,1,0,257,0,258,G
7-M,942,251,0,0,0,251,A
7-M,943,0,250,0,0,250,T
7-M,944,1,0,233,0,234,G
7-M,945,0,0,0,230,230,C
7-M,946,0,218,0,0,218,T
7-M,947,0,0,216,0,216,G
7-M,948,212,0,0,0,212,A
7-M,949,1,0,0,208,209,C
7-M,950,0,0,207,0,207,G
7-M,951,202,0,2,0,204,A
7-M,952,0,0,0,206,206,C
7-M,953,196,0,0,0,196,A
7-M,954,0,0,196,0,196,G
7-M,955,0,194,0,0,194,T
7-M,956,1,0,0,192,193,C
7-M,957,191,0,0,0,191,A
7-M,958,0,190,0,0,190,T
7-M,959,1,189,0,0,190,T
7-M,960,0,191,0,0,191,T
7-M,961,0,191,0,0,191,T
7-M,962,0,0,190,0,190,G
7-M,963,0,180,0,0,180,T
7-M,964,0,0,0,184,184,C
7-M,965,179,0,0,0,179,A
7-M,966,0,0,177,0,177,G
7-M,967,0,0,0,178,178,C
7-M,968,178,0,0,0,178,A
7-M,969,0,178,0,0,178,T
7-M,970,171,0,0,0,171,A
7-M,971,0,0,172,0,172,G
7-M,972,166,0,0,0,166,A
7-M,973,0,0,166,0,166,G
7-M,974,0,165,0,0,165,T
7-M,975,0,99,0,0,99,T
7-M,976,0,0,99,0,99,G
7-M,977,1,0,96,0,97,G
7-M,978,95,0,0,0,95,A
7-M,979,0,0,94,0,94,G
7-M,980,0,55,0,0,55,T
7-M,981,56,0,0,0,56,A
7-M,982,55,0,0,0,55,A
8-NS,1,327,0,0,0,327,A
8-NS,2,0,332,0,0,332,T
8-NS,3,0,0,359,0,359,G
8-NS,4,0,0,378,0,378,G
8-NS,5,396,0,0,0,396,A
8-NS,6,0,738,0,0,738,T
8-NS,7,0,738,0,1,739,T
8-NS,8,1,0,0,768,769,C
8-NS,9,0,0,0,772,772,C
8-NS,10,766,1,1,0,768,A
8-NS,11,780,0,0,0,780,A
8-NS,12,0,0,0,784,784,C
8-NS,13,786,0,0,0,786,A
8-NS,14,0,0,0,791,791,C
8-NS,15,0,794,0,2,796,T
8-NS,16,0,0,860,0,860,G
8-NS,17,0,857,0,1,858,T
8-NS,18,0,0,869,0,869,G
8-NS,19,0,867,0,2,869,T
8-NS,20,0,0,0,869,869,C
8-NS,21,869,0,0,0,869,A
8-NS,22,868,0,0,0,868,A
8-NS,23,0,0,881,0,881,G
8-NS,24,0,906,0,0,906,T
8-NS,25,0,908,0,0,908,T
8-NS,26,0,909,0,1,910,T
8-NS,27,0,0,0,910,910,C
8-NS,28,1,0,0,910,911,C
8-NS,29,912,0,0,0,912,A
8-NS,30,0,0,927,0,927,G
8-NS,31,0,0,932,0,932,G
8-NS,32,0,918,0,0,918,T
8-NS,33,931,1,0,0,932,A
8-NS,34,0,0,941,0,941,G
8-NS,35,941,0,0,0,941,A
8-NS,36,0,947,0,1,948,T
8-NS,37,0,948,0,0,948,T
8-NS,38,1,0,960,0,961,G
8-NS,39,0,0,0,959,959,C
8-NS,40,0,960,0,2,962,T
8-NS,41,0,968,0,0,968,T
8-NS,42,0,970,0,1,971,T
8-NS,43,0,0,0,986,986,C
8-NS,44,0,983,0,0,983,T
8-NS,45,0,981,0,0,981,T
8-NS,46,0,981,0,1,982,T
8-NS,47,0,1,991,0,992,G
8-NS,48,0,0,985,0,985,G
8-NS,49,1,1,0,989,991,C
8-NS,50,992,0,0,0,992,A
8-NS,51,0,994,0,0,994,T
8-NS,52,1010,0,1,0,1011,A
8-NS,53,1,1025,0,0,1026,T
8-NS,54,0,0,0,1031,1031,C
8-NS,55,1,1,0,1030,1032,C
8-NS,56,0,0,1028,0,1028,G
8-NS,57,0,0,1033,0,1033,G
8-NS,58,1032,0,0,0,1032,A
8-NS,59,1034,0,0,0,1034,A
8-NS,60,1040,0,0,0,1040,A
8-NS,61,0,0,0,1059,1059,C
8-NS,62,1058,0,0,0,1058,A
8-NS,63,1051,0,3,0,1054,A
8-NS,64,0,0,1109,0,1109,G
8-NS,65,1,1109,0,0,1110,T
8-NS,66,0,1115,0,0,1115,T
8-NS,67,1,0,1112,0,1113,G
8-NS,68,0,1111,0,1,1112,T
8-NS,69,1114,0,0,0,1114,A
8-NS,70,1,1,1114,0,1116,G
8-NS,71,1192,0,0,0,1192,A
8-NS,72,0,0,0,1195,1195,C
8-NS,73,2,1,0,1181,1184,C
8-NS,74,1181,0,0,0,1181,A
8-NS,75,1188,0,0,0,1188,A
8-NS,76,1,3,1242,0,1246,G
8-NS,77,1244,0,0,0,1244,A
8-NS,78,1262,0,0,0,1262,A
8-NS,79,0,0,0,1270,1270,C
8-NS,80,0,1243,0,0,1243,T
8-NS,81,0,1,1260,0,1261,G
8-NS,82,1240,0,0,0,1240,A
8-NS,83,0,0,1289,0,1289,G
8-NS,84,0,1285,0,0,1285,T
8-NS,85,0,1,1275,0,1276,G
8-NS,86,1280,0,2,0,1282,A
8-NS,87,0,1284,0,0,1284,T
8-NS,88,0,0,1299,0,1299,G
8-NS,89,0,2,0,1314,1316,C
8-NS,90,0,0,0,1310,1310,C
8-NS,91,1,0,0,1316,1317,C
8-NS,92,0,0,0,1309,1309,C
8-NS,93,1315,0,0,0,1315,A
8-NS,94,0,1334,0,0,1334,T
8-NS,95,0,1353,0,0,1353,T
8-NS,96,0,0,0,1359,1359,C
8-NS,97,0,0,0,1354,1354,C
8-NS,98,0,1343,0,5,1348,T
8-NS,99,0,1348,0,0,1348,T
8-NS,100,1,0,1343,0,1344,G
8-NS,101,1336,0,0,0,1336,A
8-NS,102,0,1338,0,0,1338,T
8-NS,103,2,0,0,1332,1334,C
8-NS,104,0,1,1320,0,1321,G
8-NS,105,0,0,1335,0,1335,G
8-NS,106,0,0,0,1347,1347,C
8-NS,107,0,1335,0,0,1335,T
8-NS,108,0,1346,0,0,1346,T
8-NS,109,0,1,0,1345,1346,C
8-NS,110,0,2,1346,0,1348,G
8-NS,111,0,1,0,1346,1347,C
8-NS,112,0,0,0,1355,1355,C
8-NS,113,0,2,1355,0,1357,G
8-NS,114,1341,0,2,0,1343,A
8-NS,115,1,0,1415,0,1416,G
8-NS,116,1412,0,0,0,1412,A
8-NS,117,0,1424,0,0,1424,T
8-NS,118,1,0,0,1429,1430,C
8-NS,119,1417,0,1,0,1418,A
8-NS,120,0,1,1427,0,1428,G
8-NS,121,1412,0,1,0,1413,A
8-NS,122,2,1,1423,0,1426,G
8-NS,123,0,0,1434,0,1434,G
8-NS,124,0,1442,0,0,1442,T
8-NS,125,1,0,0,1513,1514,C
8-NS,126,0,2,0,1518,1520,C
8-NS,127,2,1,0,1536,1539,C
8-NS,128,0,1537,0,2,1539,T
8-NS,129,1538,0,0,0,1538,A
8-NS,130,1531,1,1,0,1533,A
8-NS,131,4,2,1551,0,1557,G
8-NS,132,0,2,1552,0,1554,G
8-NS,133,2,1,1532,0,1535,G
8-NS,134,0,2,1502,0,1504,G
8-NS,135,1496,0,0,0,1496,A
8-NS,136,1512,0,1,0,1513,A
8-NS,137,0,1,1515,0,1516,G
8-NS,138,1553,0,0,0,1553,A
8-NS,139,0,2,1569,0,1571,G
8-NS,140,1,0,1576,0,1577,G
8-NS,141,0,0,0,1590,1590,C
8-NS,142,1589,0,1,0,1590,A
8-NS,143,1586,0,3,0,1589,A
8-NS,144,1,1590,0,3,1594,T
8-NS,145,1610,0,0,0,1610,A
8-NS,146,0,0,0,1635,1635,C
8-NS,147,0,1594,0,2,1596,T
8-NS,148,1,0,0,1596,1597,C
8-NS,149,0,1578,0,0,1578,T
8-NS,150,1,1,0,1590,1592,C
8-NS,151,0,0,1621,0,1621,G
8-NS,152,0,0,1693,0,1693,G
8-NS,153,0,1691,0,1,1692,T
8-NS,154,1,0,0,1712,1713,C
8-NS,155,0,1707,0,0,1707,T
8-NS,156,1716,1,4,0,1721,A
8-NS,157,3,0,1718,0,1721,G
8-NS,158,1714,1,1,0,1716,A
8-NS,159,1,1,0,1770,1772,C
8-NS,160,1744,0,0,0,1744,A
8-NS,161,2,1725,0,0,1727,T
8-NS,162,0,2,0,1717,1719,C
8-NS,163,1714,0,3,0,1717,A
8-NS,164,1720,0,2,0,1722,A
8-NS,165,1712,0,2,0,1714,A
8-NS,166,3,0,1718,0,1721,G
8-NS,167,0,0,0,1734,1734,C
8-NS,168,1719,1,0,0,1720,A
8-NS,169,0,0,1721,0,1721,G
8-NS,170,0,0,0,1725,1725,C
8-NS,171,1,3,0,1736,1740,C
8-NS,172,1739,0,0,0,1739,A
8-NS,173,0,0,0,1767,1767,C
8-NS,174,0,4,0,1763,1767,C
8-NS,175,0,3,0,1768,1771,C
8-NS,176,1772,8,3,0,1783,A
8-NS,177,0,1786,1,0,1787,T
8-NS,178,0,0,1792,0,1792,G
8-NS,179,0,1780,0,0,1780,T
8-NS,180,0,1789,0,0,1789,T
8-NS,181,0,0,1779,0,1779,G
8-NS,182,1,0,1764,0,1765,G
8-NS,183,1753,0,1,0,1754,A
8-NS,184,1763,0,1,0,1764,A
8-NS,185,1739,0,3,0,1742,A
8-NS,186,0,0,1747,0,1747,G
8-NS,187,0,0,0,1749,1749,C
8-NS,188,1754,0,0,0,1754,A
8-NS,189,1748,0,0,0,1748,A
8-NS,190,1741,0,0,0,1741,A
8-NS,191,0,1771,1,0,1772,T
8-NS,192,3,1766,1,1,1771,T
8-NS,193,0,0,1799,0,1799,G
8-NS,194,0,1789,0,0,1789,T
8-NS,195,1796,0,2,1,1799,A
8-NS,196,0,1,1793,0,1794,G
8-NS,197,1798,0,0,0,1798,A
8-NS,198,1792,0,3,0,1795,A
8-NS,199,1799,0,0,0,1799,A
8-NS,200,1781,0,2,0,1783,A
8-NS,201,0,1,1791,0,1792,G
8-NS,202,1737,0,0,0,1737,A
8-NS,203,0,1734,1,0,1735,T
8-NS,204,0,1734,1,0,1735,T
8-NS,205,1,0,0,1734,1735,C
8-NS,206,0,1737,0,2,1739,T
8-NS,207,0,0,1741,0,1741,G
8-NS,208,1738,0,0,0,1738,A
8-NS,209,1741,0,1,0,1742,A
8-NS,210,1737,0,5,0,1742,A
8-NS,211,0,0,1751,0,1751,G
8-NS,212,1745,0,0,0,1745,A
8-NS,213,1752,0,0,0,1752,A
8-NS,214,0,0,1761,0,1761,G
8-NS,215,1766,0,0,0,1766,A
8-NS,216,1769,0,1,0,1770,A
8-NS,217,0,1774,0,0,1774,T
8-NS,218,0,0,0,1787,1787,C
8-NS,219,0,1784,0,3,1787,T
8-NS,220,0,1,1792,0,1793,G
8-NS,221,1786,0,1,0,1787,A
8-NS,222,0,1786,1,0,1787,T
8-NS,223,0,1,1784,0,1785,G
8-NS,224,1778,1,1,0,1780,A
8-NS,225,0,0,1774,0,1774,G
8-NS,226,3,0,1761,0,1764,G
8-NS,227,1,0,0,1778,1779,C
8-NS,228,1775,0,0,0,1775,A
8-NS,229,0,0,0,1826,1826,C
8-NS,230,0,1821,0,0,1821,T
8-NS,231,0,1827,0,2,1829,T
8-NS,232,1835,0,0,0,1835,A
8-NS,233,1842,0,1,0,1843,A
8-NS,234,1840,1,0,0,1841,A
8-NS,235,1837,0,0,0,1837,A
8-NS,236,0,1832,0,0,1832,T
8-NS,237,0,1,1832,0,1833,G
8-NS,238,1841,0,0,0,1841,A
8-NS,239,0,0,0,1844,1844,C
8-NS,240,2,0,0,1838,1840,C
8-NS,241,1841,0,0,0,1841,A
8-NS,242,0,1836,0,1,1837,T
8-NS,243,0,0,1886,0,1886,G
8-NS,244,1,0,1901,0,1902,G
8-NS,245,0,1907,1,3,1911,T
8-NS,246,2,0,0,1998,2000,C
8-NS,247,0,1993,0,2,1995,T
8-NS,248,0,1,0,2013,2014,C
8-NS,249,2,0,0,2015,2017,C
8-NS,250,2025,0,4,0,2029,A
8-NS,251,1,1,0,2039,2041,C
8-NS,252,1994,0,0,0,1994,A
8-NS,253,0,1,0,2027,2028,C
8-NS,254,0,4,0,1999,2003,C
8-NS,255,0,1932,0,1,1933,T
8-NS,256,1,0,1939,0,1940,G
8-NS,257,0,0,0,1934,1934,C
8-NS,258,0,1919,0,0,1919,T
8-NS,259,1,1938,0,0,1939,T
8-NS,260,0,3,0,1944,1947,C
8-NS,261,0,0,1945,0,1945,G
8-NS,262,0,0,0,1949,1949,C
8-NS,263,3,1,1949,0,1953,G
8-NS,264,2003,0,4,0,2007,A
8-NS,265,0,2015,0,0,2015,T
8-NS,266,2060,0,0,1,2061,A
8-NS,267,0,1,0,2073,2074,C
8-NS,268,2060,0,0,2,2062,A
8-NS,269,0,2116,0,1,2117,T
8-NS,270,2106,0,0,1,2107,A
8-NS,271,2099,0,1,1,2101,A
8-NS,272,0,0,0,2102,2102,C
8-NS,273,1,2052,0,0,2053,T
8-NS,274,0,1,2065,0,2066,G
8-NS,275,2033,0,3,0,2036,A
8-NS,276,0,0,0,2053,2053,C
8-NS,277,2054,0,2,0,2056,A
8-NS,278,0,2043,0,0,2043,T
8-NS,279,0,1,2050,1,2052,G
8-NS,280,2037,0,0,0,2037,A
8-NS,281,0,0,0,2079,2079,C
8-NS,282,0,2076,0,0,2076,T
8-NS,283,2106,0,2,0,2108,A
8-NS,284,0,2092,0,1,2093,T
8-NS,285,0,2092,1,2,2095,T
8-NS,286,0,2,2097,0,2099,G
8-NS,287,2083,1,0,0,2084,A
8-NS,288,2,1,2082,0,2085,G
8-NS,289,0,0,2070,0,2070,G
8-NS,290,2027,0,0,1,2028,A
8-NS,291,2043,0,1,0,2044,A
8-NS,292,1,2000,0,0,2001,T
8-NS,293,0,2009,0,2,2011,T
8-NS,294,0,0,2049,0,2049,G
8-NS,295,0,2044,0,1,2045,T
8-NS,296,0,0,0,2055,2055,C
8-NS,297,2053,0,2,1,2056,A
8-NS,298,2045,0,0,0,2045,A
8-NS,299,1,3,2056,0,2060,G
8-NS,300,2067,0,2,0,2069,A
8-NS,301,2056,0,3,0,2059,A
8-NS,302,2055,0,1,0,2056,A
8-NS,303,0,0,0,2062,2062,C
8-NS,304,0,2041,0,1,2042,T
8-NS,305,0,1,2072,0,2073,G
8-NS,306,0,0,2092,0,2092,G
8-NS,307,0,2091,0,1,2092,T
8-NS,308,0,2095,0,0,2095,T
8-NS,309,2,1,0,2082,2085,C
8-NS,310,2088,0,0,0,2088,A
8-NS,311,0,2098,0,1,2099,T
8-NS,312,0,3,2106,0,2109,G
8-NS,313,0,0,0,2118,2118,C
8-NS,314,0,2102,0,1,2103,T
8-NS,315,2083,0,4,1,2088,A
8-NS,316,2109,0,0,0,2109,A
8-NS,317,0,2118,0,2,2120,T
8-NS,318,0,0,2128,0,2128,G
8-NS,319,0,1,0,2123,2124,C
8-NS,320,0,1,0,2095,2096,C
8-NS,321,0,4,0,2094,2098,C
8-NS,322,2093,0,0,0,2093,A
8-NS,323,2102,0,2,0,2104,A
8-NS,324,0,1,2114,0,2115,G
8-NS,325,0,0,0,2124,2124,C
8-NS,326,2118,0,2,0,2120,A
8-NS,327,1,0,2129,0,2130,G
8-NS,328,2122,0,1,0,2123,A
8-NS,329,2120,0,3,0,2123,A
8-NS,330,2131,1,0,0,2132,A
8-NS,331,0,0,2157,0,2157,G
8-NS,332,0,2121,0,1,2122,T
8-NS,333,1,2,2116,0,2119,G
8-NS,334,1,0,2115,0,2116,G
8-NS,335,2117,1,1,0,2119,A
8-NS,336,2109,1,1,0,2111,A
8-NS,337,0,0,2103,0,2103,G
8-NS,338,0,1,2112,0,2113,G
8-NS,339,2110,0,1,0,2111,A
8-NS,340,0,0,0,2098,2098,C
8-NS,341,0,0,0,2093,2093,C
8-NS,342,0,2087,0,1,2088,T
8-NS,343,1,1,0,2112,2114,C
8-NS,344,0,2115,1,1,2117,T
8-NS,345,0,2123,0,0,2123,T
8-NS,346,1,2125,0,0,2126,T
8-NS,347,0,1,2117,0,2118,G
8-NS,348,0,0,0,2135,2135,C
8-NS,349,2131,0,3,0,2134,A
8-NS,350,0,2129,0,2,2131,T
8-NS,351,2,2,0,2132,2136,C
8-NS,352,2149,0,0,0,2149,A
8-NS,353,0,0,2211,0,2211,G
8-NS,354,2206,0,0,2,2208,A
8-NS,355,2218,0,0,0,2218,A
8-NS,356,1,2204,0,0,2205,T
8-NS,357,0,0,2184,0,2184,G
8-NS,358,14,1,2180,0,2195,G
8-NS,359,2196,0,1,0,2197,A
8-NS,360,0,0,0,2196,2196,C
8-NS,361,3,0,0,2149,2152,C
8-NS,362,2102,0,4,0,2106,A
8-NS,363,0,0,2121,0,2121,G
8-NS,364,2,0,2118,0,2120,G
8-NS,365,1,1,0,2122,2124,C
8-NS,366,2117,2,0,0,2119,A
8-NS,367,2113,0,1,0,2114,A
8-NS,368,0,2103,0,2,2105,T
8-NS,369,0,0,0,2112,2112,C
8-NS,370,2113,0,1,0,2114,A
8-NS,371,0,2093,0,3,2096,T
8-NS,372,1,1,2078,0,2080,G
8-NS,373,0,1,2097,0,2098,G
8-NS,374,2075,0,4,0,2079,A
8-NS,375,0,0,2090,0,2090,G
8-NS,376,2055,0,1,0,2056,A
8-NS,377,2060,0,1,0,2061,A
8-NS,378,2068,0,2,0,2070,A
8-NS,379,2057,0,1,0,2058,A
8-NS,380,2074,1,1,0,2076,A
8-NS,381,1,0,0,2079,2080,C
8-NS,382,2065,0,0,0,2065,A
8-NS,383,1,2039,0,0,2040,T
8-NS,384,1,0,0,2048,2049,C
8-NS,385,2044,0,0,0,2044,A
8-NS,386,0,2057,0,0,2057,T
8-NS,387,1,1,2071,0,2073,G
8-NS,388,0,2064,0,1,2065,T
8-NS,389,0,2056,0,1,2057,T
8-NS,390,0,0,2061,1,2062,G
8-NS,391,2054,0,2,0,2056,A
8-NS,392,2067,1,0,0,2068,A
8-NS,393,2059,0,0,0,2059,A
8-NS,394,1,0,2060,0,2061,G
8-NS,395,0,0,0,2028,2028,C
8-NS,396,0,2,2037,0,2039,G
8-NS,397,2031,0,1,0,2032,A
8-NS,398,2047,0,0,0,2047,A
8-NS,399,0,2033,0,0,2033,T
8-NS,400,0,2020,0,8,2028,T
8-NS,401,0,2026,0,3,2029,T
8-NS,402,0,0,0,2041,2041,C
8-NS,403,2014,0,0,0,2014,A
8-NS,404,0,0,2031,0,2031,G
8-NS,405,0,2031,0,1,2032,T
8-NS,406,0,0,2032,0,2032,G
8-NS,407,0,2030,0,1,2031,T
8-NS,408,1,1,2039,0,2041,G
8-NS,409,2057,1,0,0,2058,A
8-NS,410,0,2040,0,1,2041,T
8-NS,411,0,2046,0,0,2046,T
8-NS,412,0,2042,1,0,2043,T
8-NS,413,0,2035,0,0,2035,T
8-NS,414,0,2042,0,2,2044,T
8-NS,415,2,0,2041,0,2043,G
8-NS,416,2028,1,1,0,2030,A
8-NS,417,0,0,0,2020,2020,C
8-NS,418,0,1,0,2006,2007,C
8-NS,419,0,1,2025,0,2026,G
8-NS,420,2134,0,0,0,2134,A
8-NS,421,0,0,0,2176,2176,C
8-NS,422,0,2179,0,0,2179,T
8-NS,423,2196,0,0,0,2196,A
8-NS,424,0,0,2193,0,2193,G
8-NS,425,2184,0,2,0,2186,A
8-NS,426,0,2,2197,0,2199,G
8-NS,427,2174,0,2,0,2176,A
8-NS,428,0,0,0,2247,2247,C
8-NS,429,0,1,1,2142,2144,C
8-NS,430,2079,0,1,0,2080,A
8-NS,431,0,2225,0,0,2225,T
8-NS,432,2208,0,0,0,2208,A
8-NS,433,0,0,2373,0,2373,G
8-NS,434,0,2344,0,2,2346,T
8-NS,435,2336,0,0,0,2336,A
8-NS,436,0,2331,0,0,2331,T
8-NS,437,0,2287,0,1,2288,T
8-NS,438,2348,0,1,0,2349,A
8-NS,439,1,0,0,2353,2354,C
8-NS,440,0,2254,0,1,2255,T
8-NS,441,2253,0,0,0,2253,A
8-NS,442,2046,0,0,0,2046,A
8-NS,443,0,4,2050,0,2054,G
8-NS,444,0,2,2033,1,2036,G
8-NS,445,0,0,2046,0,2046,G
8-NS,446,1,0,1,2014,2016,C
8-NS,447,0,1988,1,4,1993,T
8-NS,448,1,1993,0,0,1994,T
8-NS,449,0,2011,0,0,2011,T
8-NS,450,2,0,0,2015,2017,C
8-NS,451,2031,0,1,0,2032,A
8-NS,452,0,1,0,2041,2042,C
8-NS,453,0,1,0,2031,2032,C
8-NS,454,0,1,2036,0,2037,G
8-NS,455,2019,0,0,0,2019,A
8-NS,456,2029,2,0,0,2031,A
8-NS,457,0,0,2038,0,2038,G
8-NS,458,2003,0,0,0,2003,A
8-NS,459,0,3,2018,0,2021,G
8-NS,460,0,1,1993,0,1994,G
8-NS,461,1,2,2014,0,2017,G
8-NS,462,2003,0,2,0,2005,A
8-NS,463,0,1,2007,0,2008,G
8-NS,464,0,0,0,2002,2002,C
8-NS,465,2013,0,0,0,2013,A
8-NS,466,1999,1,1,0,2001,A
8-NS,467,0,2006,0,0,2006,T
8-NS,468,0,1996,0,2,1998,T
8-NS,469,0,1,1999,0,2000,G
8-NS,470,0,1971,0,0,1971,T
8-NS,471,0,1982,0,0,1982,T
8-NS,472,0,0,1980,0,1980,G
8-NS,473,0,2,1968,0,1970,G
8-NS,474,0,0,0,1976,1976,C
8-NS,475,0,0,1985,0,1985,G
8-NS,476,1990,0,0,0,1990,A
8-NS,477,1995,0,1,0,1996,A
8-NS,478,1999,0,0,0,1999,A
8-NS,479,0,2002,0,0,2002,T
8-NS,480,0,0,1,2004,2005,C
8-NS,481,0,1979,0,0,1979,T
8-NS,482,0,1,0,1993,1994,C
8-NS,483,1996,0,1,0,1997,A
8-NS,484,1,0,0,2004,2005,C
8-NS,485,5,1,0,2001,2007,C
8-NS,486,1986,0,0,0,1986,A
8-NS,487,0,1980,0,1,1981,T
8-NS,488,0,1948,0,0,1948,T
8-NS,489,0,1,1950,0,1951,G
8-NS,490,0,1,0,1938,1939,C
8-NS,491,2,0,0,1944,1946,C
8-NS,492,1,1955,0,0,1956,T
8-NS,493,0,1951,0,0,1951,T
8-NS,494,0,0,0,1960,1960,C
8-NS,495,0,1955,0,2,1957,T
8-NS,496,0,1956,0,0,1956,T
8-NS,497,0,1986,0,1,1987,T
8-NS,498,0,1965,0,2,1967,T
8-NS,499,0,0,0,1988,1988,C
8-NS,500,1,0,0,1976,1977,C
8-NS,501,1971,0,2,0,1973,A
8-NS,502,0,1,1997,0,1998,G
8-NS,503,0,1,1995,0,1996,G
8-NS,504,2022,0,0,1,2023,A
8-NS,505,0,0,0,2025,2025,C
8-NS,506,2041,0,1,0,2042,A
8-NS,507,2,2040,0,1,2043,T
8-NS,508,2041,0,1,0,2042,A
8-NS,509,0,1,0,2196,2197,C
8-NS,510,0,2199,0,1,2200,T
8-NS,511,2182,0,0,0,2182,A
8-NS,512,1,2172,0,0,2173,T
8-NS,513,0,2092,0,0,2092,T
8-NS,514,0,1,2096,0,2097,G
8-NS,515,2027,1,3,2,2033,A
8-NS,516,0,0,2035,0,2035,G
8-NS,517,0,0,2023,0,2023,G
8-NS,518,1847,0,0,0,1847,A
8-NS,519,0,1857,0,0,1857,T
8-NS,520,1,0,1845,0,1846,G
8-NS,521,0,1825,0,2,1827,T
8-NS,522,0,0,0,1849,1849,C
8-NS,523,1854,0,1,0,1855,A
8-NS,524,1848,0,1,0,1849,A
8-NS,525,1853,0,0,0,1853,A
8-NS,526,1843,0,1,1,1845,A
8-NS,527,1857,0,0,0,1857,A
8-NS,528,0,1848,0,0,1848,T
8-NS,529,3,0,1843,0,1846,G
8-NS,530,1,0,0,1859,1860,C
8-NS,531,1851,0,0,0,1851,A
8-NS,532,1845,0,1,0,1846,A
8-NS,533,0,1853,0,0,1853,T
8-NS,534,0,1860,0,0,1860,T
8-NS,535,0,3,1850,0,1853,G
8-NS,536,0,1,1834,0,1835,G
8-NS,537,1,0,1828,0,1829,G
8-NS,538,0,0,1846,0,1846,G
8-NS,539,0,1822,0,6,1828,T
8-NS,540,0,0,0,1834,1834,C
8-NS,541,0,0,0,1841,1841,C
8-NS,542,0,1839,0,3,1842,T
8-NS,543,1,1,0,1853,1855,C
8-NS,544,1847,0,1,0,1848,A
8-NS,545,0,1840,1,1,1842,T
8-NS,546,0,0,0,1852,1852,C
8-NS,547,0,0,1834,0,1834,G
8-NS,548,0,1,1838,0,1839,G
8-NS,549,1793,0,2,0,1795,A
8-NS,550,0,1,1809,0,1810,G
8-NS,551,0,1,1808,0,1809,G
8-NS,552,1773,0,0,0,1773,A
8-NS,553,0,0,0,1806,1806,C
8-NS,554,0,1807,0,1,1808,T
8-NS,555,0,1806,0,0,1806,T
8-NS,556,0,1,1816,0,1817,G
8-NS,557,1796,1,0,0,1797,A
8-NS,558,1807,0,0,0,1807,A
8-NS,559,0,1801,0,0,1801,T
8-NS,560,0,0,1767,0,1767,G
8-NS,561,0,0,1782,0,1782,G
8-NS,562,1768,0,0,0,1768,A
8-NS,563,1778,0,1,0,1779,A
8-NS,564,0,1866,0,0,1866,T
8-NS,565,2,1,1876,0,1879,G
8-NS,566,1884,1,0,0,1885,A
8-NS,567,0,1889,0,0,1889,T
8-NS,568,1879,0,2,0,1881,A
8-NS,569,1883,0,1,0,1884,A
8-NS,570,1,0,0,1867,1868,C
8-NS,571,1832,0,0,0,1832,A
8-NS,572,0,0,0,1836,1836,C
8-NS,573,1712,0,0,0,1712,A
8-NS,574,0,0,1724,0,1724,G
8-NS,575,0,1713,0,0,1713,T
8-NS,576,0,1689,0,0,1689,T
8-NS,577,2,0,0,1705,1707,C
8-NS,578,0,1,1705,0,1706,G
8-NS,579,1699,1,1,0,1701,A
8-NS,580,0,0,1702,0,1702,G
8-NS,581,0,1687,0,1,1688,T
8-NS,582,1,0,0,1694,1695,C
8-NS,583,0,1664,0,0,1664,T
8-NS,584,1,0,0,1669,1670,C
8-NS,585,0,1679,0,0,1679,T
8-NS,586,1680,0,3,0,1683,A
8-NS,587,1678,0,0,0,1678,A
8-NS,588,1677,0,0,0,1677,A
8-NS,589,1699,0,0,0,1699,A
8-NS,590,1694,1,0,3,1698,A
8-NS,591,0,1681,1,1,1683,T
8-NS,592,0,0,0,1690,1690,C
8-NS,593,0,1675,0,2,1677,T
8-NS,594,1685,0,0,0,1685,A
8-NS,595,1,0,0,1689,1690,C
8-NS,596,1683,0,0,0,1683,A
8-NS,597,0,0,1683,0,1683,G
8-NS,598,1652,0,1,0,1653,A
8-NS,599,0,0,1655,0,1655,G
8-NS,600,1651,0,0,0,1651,A
8-NS,601,0,1638,0,0,1638,T
8-NS,602,0,1634,0,1,1635,T
8-NS,603,0,2,0,1636,1638,C
8-NS,604,1,0,1644,0,1645,G
8-NS,605,1,0,0,1635,1636,C
8-NS,606,0,1635,0,0,1635,T
8-NS,607,0,1642,0,0,1642,T
8-NS,608,0,0,1627,0,1627,G
8-NS,609,0,0,1640,0,1640,G
8-NS,610,1633,0,0,0,1633,A
8-NS,611,0,1,1634,0,1635,G
8-NS,612,1626,0,0,0,1626,A
8-NS,613,1615,0,1,0,1616,A
8-NS,614,2,0,1637,0,1639,G
8-NS,615,0,2,0,1638,1640,C
8-NS,616,1635,0,1,0,1636,A
8-NS,617,1,0,1657,0,1658,G
8-NS,618,0,1643,0,0,1643,T
8-NS,619,1659,1,1,0,1661,A
8-NS,620,1659,0,0,0,1659,A
8-NS,621,0,1659,0,0,1659,T
8-NS,622,2,0,1665,0,1667,G
8-NS,623,1594,0,2,0,1596,A
8-NS,624,0,1,1619,0,1620,G
8-NS,625,1618,0,0,0,1618,A
8-NS,626,1570,0,0,2,1572,A
8-NS,627,0,1559,0,1,1560,T
8-NS,628,0,1,1553,0,1554,G
8-NS,629,0,2,1551,0,1553,G
8-NS,630,2,2,1530,0,1534,G
8-NS,631,0,0,1529,0,1529,G
8-NS,632,1,1,1533,0,1535,G
8-NS,633,1490,0,0,0,1490,A
8-NS,634,0,0,0,1504,1504,C
8-NS,635,0,0,0,1510,1510,C
8-NS,636,0,1456,0,3,1459,T
8-NS,637,1,0,1,1459,1461,C
8-NS,638,0,2,0,1459,1461,C
8-NS,639,1466,1,0,0,1467,A
8-NS,640,0,1,0,1471,1472,C
8-NS,641,0,1439,0,1,1440,T
8-NS,642,0,1433,0,4,1437,T
8-NS,643,1421,1,0,0,1422,A
8-NS,644,0,0,0,1429,1429,C
8-NS,645,0,1417,0,2,1419,T
8-NS,646,1,8,0,1412,1421,C
8-NS,647,1,0,0,1414,1415,C
8-NS,648,1402,1,0,0,1403,A
8-NS,649,1426,0,0,0,1426,A
8-NS,650,1433,1,0,1,1435,A
8-NS,651,1426,0,1,0,1427,A
8-NS,652,0,0,0,1435,1435,C
8-NS,653,1399,0,1,0,1400,A
8-NS,654,0,0,1399,0,1399,G
8-NS,655,1399,0,1,0,1400,A
8-NS,656,1397,0,0,0,1397,A
8-NS,657,1393,1,0,0,1394,A
8-NS,658,0,0,0,1404,1404,C
8-NS,659,1,4,1396,0,1401,G
8-NS,660,0,0,1405,0,1405,G
8-NS,661,1,0,1403,0,1404,G
8-NS,662,1404,0,0,0,1404,A
8-NS,663,1397,0,0,0,1397,A
8-NS,664,1401,0,1,0,1402,A
8-NS,665,0,1400,0,0,1400,T
8-NS,666,0,0,1406,0,1406,G
8-NS,667,0,0,1398,0,1398,G
8-NS,668,1,1,0,1390,1392,C
8-NS,669,2,1,1399,0,1402,G
8-NS,670,1397,0,1,0,1398,A
8-NS,671,3,0,1402,0,1405,G
8-NS,672,1407,0,0,0,1407,A
8-NS,673,1400,0,0,0,1400,A
8-NS,674,0,0,0,1402,1402,C
8-NS,675,1386,0,1,0,1387,A
8-NS,676,0,0,1383,0,1383,G
8-NS,677,0,0,0,1378,1378,C
8-NS,678,0,1378,0,2,1380,T
8-NS,679,1383,0,2,0,1385,A
8-NS,680,0,0,1372,0,1372,G
8-NS,681,0,0,1374,0,1374,G
8-NS,682,0,1359,0,2,1361,T
8-NS,683,1,0,0,1346,1347,C
8-NS,684,1350,0,0,0,1350,A
8-NS,685,1347,0,0,0,1347,A
8-NS,686,1346,1,0,0,1347,A
8-NS,687,1347,0,2,0,1349,A
8-NS,688,0,1,1352,0,1353,G
8-NS,689,0,1323,1,0,1324,T
8-NS,690,1,1314,0,0,1315,T
8-NS,691,0,1320,0,1,1321,T
8-NS,692,0,2,1319,0,1321,G
8-NS,693,1320,0,2,0,1322,A
8-NS,694,1322,0,0,0,1322,A
8-NS,695,0,1,1327,0,1328,G
8-NS,696,1312,0,0,0,1312,A
8-NS,697,1,0,1314,0,1315,G
8-NS,698,1310,0,1,0,1311,A
8-NS,699,0,1314,0,1,1315,T
8-NS,700,1311,0,0,0,1311,A
8-NS,701,1303,0,0,0,1303,A
8-NS,702,0,0,1302,0,1302,G
8-NS,703,1223,0,2,0,1225,A
8-NS,704,0,1220,0,0,1220,T
8-NS,705,0,2,1226,0,1228,G
8-NS,706,0,0,1226,0,1226,G
8-NS,707,0,1,1,1210,1212,C
8-NS,708,0,1215,0,1,1216,T
8-NS,709,1215,0,1,0,1216,A
8-NS,710,1220,0,0,0,1220,A
8-NS,711,0,1224,0,0,1224,T
8-NS,712,0,1225,0,0,1225,T
8-NS,713,0,0,1225,2,1227,G
8-NS,714,1211,0,0,0,1211,A
8-NS,715,1209,0,1,0,1210,A
8-NS,716,0,0,1208,0,1208,G
8-NS,717,1209,0,0,0,1209,A
8-NS,718,1199,0,0,0,1199,A
8-NS,719,0,0,1212,0,1212,G
8-NS,720,0,1184,0,1,1185,T
8-NS,721,0,0,1194,0,1194,G
8-NS,722,1182,0,2,0,1184,A
8-NS,723,0,0,1189,0,1189,G
8-NS,724,1180,1,3,0,1184,A
8-NS,725,0,0,0,1183,1183,C
8-NS,726,1172,0,0,0,1172,A
8-NS,727,0,1,0,1171,1172,C
8-NS,728,1089,0,1,0,1090,A
8-NS,729,0,1,1103,0,1104,G
8-NS,730,1104,0,0,0,1104,A
8-NS,731,0,1096,0,1,1097,T
8-NS,732,0,1095,0,0,1095,T
8-NS,733,1097,0,1,0,1098,A
8-NS,734,1093,0,0,0,1093,A
8-NS,735,1099,0,0,0,1099,A
8-NS,736,1093,0,1,0,1094,A
8-NS,737,1095,0,0,0,1095,A
8-NS,738,1,0,0,1050,1051,C
8-NS,739,995,0,1,0,996,A
8-NS,740,1005,0,0,0,1005,A
8-NS,741,0,0,0,1007,1007,C
8-NS,742,1,994,0,0,995,T
8-NS,743,0,0,1003,0,1003,G
8-NS,744,996,0,1,0,997,A
8-NS,745,1001,0,1,0,1002,A
8-NS,746,1002,0,0,0,1002,A
8-NS,747,985,0,0,0,985,A
8-NS,748,0,981,0,0,981,T
8-NS,749,964,0,1,0,965,A
8-NS,750,0,0,975,0,975,G
8-NS,751,0,1,0,970,971,C
8-NS,752,0,953,0,0,953,T
8-NS,753,0,949,0,0,949,T
8-NS,754,1,944,0,0,945,T
8-NS,755,0,0,949,1,950,G
8-NS,756,950,0,0,0,950,A
8-NS,757,949,0,1,0,950,A
8-NS,758,1,1,0,952,954,C
8-NS,759,933,0,0,0,933,A
8-NS,760,934,0,1,0,935,A
8-NS,761,934,0,0,0,934,A
8-NS,762,0,932,0,0,932,T
8-NS,763,931,0,1,0,932,A
8-NS,764,902,0,1,0,903,A
8-NS,765,1,0,0,900,901,C
8-NS,766,897,1,0,0,898,A
8-NS,767,0,892,0,1,893,T
8-NS,768,0,858,0,0,858,T
8-NS,769,0,2,1,856,859,C
8-NS,770,853,0,1,0,854,A
8-NS,771,0,846,0,2,848,T
8-NS,772,0,0,848,0,848,G
8-NS,773,0,0,0,826,826,C
8-NS,774,821,0,0,0,821,A
8-NS,775,819,0,0,0,819,A
8-NS,776,0,0,816,0,816,G
8-NS,777,0,0,0,830,830,C
8-NS,778,814,0,1,0,815,A
8-NS,779,0,811,0,0,811,T
8-NS,780,0,807,1,1,809,T
8-NS,781,809,0,1,0,810,A
8-NS,782,0,0,0,809,809,C
8-NS,783,805,0,0,0,805,A
8-NS,784,792,0,2,0,794,A
8-NS,785,0,0,0,787,787,C
8-NS,786,0,689,0,1,690,T
8-NS,787,1,0,682,0,683,G
8-NS,788,0,1,0,673,674,C
8-NS,789,0,628,0,0,628,T
8-NS,790,1,0,629,0,630,G
8-NS,791,0,617,0,0,617,T
8-NS,792,0,616,0,0,616,T
8-NS,793,0,616,0,0,616,T
8-NS,794,0,0,614,0,614,G
8-NS,795,613,0,1,0,614,A
8-NS,796,604,0,0,0,604,A
8-NS,797,0,0,601,0,601,G
8-NS,798,1,596,0,0,597,T
8-NS,799,0,0,573,0,573,G
8-NS,800,0,0,575,0,575,G
8-NS,801,574,0,1,0,575,A
8-NS,802,570,1,2,0,573,A
8-NS,803,0,0,0,571,571,C
8-NS,804,549,0,4,0,553,A
8-NS,805,2,1,547,0,550,G
8-NS,806,0,1,541,0,542,G
8-NS,807,531,0,2,0,533,A
8-NS,808,0,0,532,0,532,G
8-NS,809,449,0,2,0,451,A
8-NS,810,0,447,0,0,447,T
8-NS,811,447,2,0,0,449,A
8-NS,812,444,0,2,0,446,A
8-NS,813,0,0,448,0,448,G
8-NS,814,405,0,0,0,405,A
8-NS,815,401,0,0,0,401,A
8-NS,816,0,0,0,396,396,C
8-NS,817,0,334,2,0,336,T
8-NS,818,0,329,0,0,329,T
8-NS,819,0,327,0,0,327,T
8-NS,820,0,3,0,328,331,C
8-NS,821,0,326,0,1,327,T
8-NS,822,0,0,0,325,325,C
8-NS,823,315,0,2,0,317,A
8-NS,824,0,313,0,0,313,T
8-NS,825,0,314,0,1,315,T
8-NS,826,0,310,0,0,310,T
8-NS,827,2,0,0,310,312,C
8-NS,828,306,0,0,0,306,A
8-NS,829,0,0,304,0,304,G
8-NS,830,0,0,0,305,305,C
8-NS,831,0,290,0,0,290,T
8-NS,832,0,290,0,0,290,T
8-NS,833,284,0,0,0,284,A
8-NS,834,0,282,0,0,282,T
8-NS,835,0,281,0,0,281,T
8-NS,836,0,282,0,0,282,T
8-NS,837,264,0,0,0,264,A
8-NS,838,258,0,2,0,260,A
8-NS,839,0,257,0,0,257,T
8-NS,840,0,0,256,0,256,G
8-NS,841,251,0,0,0,251,A
8-NS,842,0,223,0,0,223,T
8-NS,843,222,0,0,0,222,A
8-NS,844,219,0,0,0,219,A
8-NS,845,220,0,0,0,220,A
8-NS,846,218,0,0,0,218,A
8-NS,847,217,0,0,0,217,A
8-NS,848,218,0,0,0,218,A
8-NS,849,0,0,0,218,218,C
8-NS,850,186,0,0,0,186,A
8-NS,851,0,0,0,185,185,C
8-NS,852,0,0,0,179,179,C
8-NS,853,1,0,0,173,174,C
8-NS,854,0,164,0,0,164,T
8-NS,855,0,161,0,0,161,T
8-NS,856,0,0,163,0,163,G
8-NS,857,0,154,1,0,155,T
8-NS,858,0,153,0,0,153,T
8-NS,859,0,149,0,0,149,T
8-NS,860,0,0,0,74,74,C
8-NS,861,0,60,0,0,60,T
8-NS,862,50,0,0,0,50,A
8-NS,863,0,0,0,52,52,C
