Gene,Position,A,T,G,C,Coverage,Consensus
1-PB2,1,270,0,0,0,270,A
1-PB2,2,0,272,0,0,272,T
1-PB2,3,0,0,280,0,280,G
1-PB2,4,0,1,282,0,283,G
1-PB2,5,287,0,0,0,287,A
1-PB2,6,288,0,0,0,288,A
1-PB2,7,288,0,0,0,288,A
1-PB2,8,0,4,314,0,318,G
1-PB2,9,319,0,0,0,319,A
1-PB2,10,320,1,0,0,321,A
1-PB2,11,0,329,0,0,329,T
1-PB2,12,329,0,0,0,329,A
1-PB2,13,330,0,1,0,331,A
1-PB2,14,331,0,1,0,332,A
1-PB2,15,333,0,0,0,333,A
1-PB2,16,0,1,341,0,342,G
1-PB2,17,344,0,0,0,344,A
1-PB2,18,345,0,0,0,345,A
1-PB2,19,0,0,0,355,355,C
1-PB2,20,0,355,0,0,355,T
1-PB2,21,359,1,0,0,360,A
1-PB2,22,0,1,0,359,360,C
1-PB2,23,0,1,358,0,359,G
1-PB2,24,0,1,371,0,372,G
1-PB2,25,371,0,0,0,371,A
1-PB2,26,388,0,0,0,388,A
1-PB2,27,0,387,0,1,388,T
1-PB2,28,1,0,0,390,391,C
1-PB2,29,0,391,0,0,391,T
1-PB2,30,0,0,397,0,397,G
1-PB2,31,398,0,0,0,398,A
1-PB2,32,0,398,0,0,398,T
1-PB2,33,0,0,398,0,398,G
1-PB2,34,0,403,0,0,403,T
1-PB2,35,1,1,0,401,403,C
1-PB2,36,2,0,399,0,401,G
1-PB2,37,0,0,0,404,404,C
1-PB2,38,404,1,0,0,405,A
1-PB2,39,0,0,426,0,426,G
1-PB2,40,0,428,0,0,428,T
1-PB2,41,1,0,0,429,430,C
1-PB2,42,0,426,0,4,430,T
1-PB2,43,1,0,1,425,427,C
1-PB2,44,0,0,430,0,430,G
1-PB2,45,1,1,0,432,434,C
1-PB2,46,432,0,0,0,432,A
1-PB2,47,0,1,0,436,437,C
1-PB2,48,0,435,0,0,435,T
1-PB2,49,3,0,0,445,448,C
1-PB2,50,0,0,450,0,450,G
1-PB2,51,0,0,1,448,449,C
1-PB2,52,0,2,445,0,447,G
1-PB2,53,448,0,1,0,449,A
1-PB2,54,0,3,450,0,453,G
1-PB2,55,458,0,0,0,458,A
1-PB2,56,0,458,0,0,458,T
1-PB2,57,459,0,0,0,459,A
1-PB2,58,0,0,0,457,457,C
1-PB2,59,0,453,0,0,453,T
1-PB2,60,0,6,459,0,465,G
1-PB2,61,465,0,0,0,465,A
1-PB2,62,0,0,0,473,473,C
1-PB2,63,471,0,1,0,472,A
1-PB2,64,468,0,0,0,468,A
1-PB2,65,474,0,0,0,474,A
1-PB2,66,478,0,0,0,478,A
1-PB2,67,477,0,2,0,479,A
1-PB2,68,0,2,0,484,486,C
1-PB2,69,4,0,0,484,488,C
1-PB2,70,500,0,1,0,501,A
1-PB2,71,0,0,0,508,508,C
1-PB2,72,501,0,1,0,502,A
1-PB2,73,0,1,522,0,523,G
1-PB2,74,0,520,1,0,521,T
1-PB2,75,0,1,531,0,532,G
1-PB2,76,1,3,531,0,535,G
1-PB2,77,536,0,0,0,536,A
1-PB2,78,0,0,0,565,565,C
1-PB2,79,1,0,0,560,561,C
1-PB2,80,571,0,2,0,573,A
1-PB2,81,0,573,0,0,573,T
1-PB2,82,568,0,2,0,570,A
1-PB2,83,0,568,0,0,568,T
1-PB2,84,0,6,559,0,565,G
1-PB2,85,1,0,570,0,571,G
1-PB2,86,0,1,0,572,573,C
1-PB2,87,2,0,0,560,562,C
1-PB2,88,562,0,0,0,562,A
1-PB2,89,0,600,0,0,600,T
1-PB2,90,599,0,1,0,600,A
1-PB2,91,618,0,1,0,619,A
1-PB2,92,0,620,0,0,620,T
1-PB2,93,1,613,0,0,614,T
1-PB2,94,624,0,1,0,625,A
1-PB2,95,626,0,0,0,626,A
1-PB2,96,0,0,647,0,647,G
1-PB2,97,642,0,0,0,642,A
1-PB2,98,629,0,1,0,630,A
1-PB2,99,1,0,650,0,651,G
1-PB2,100,0,640,0,0,640,T
1-PB2,101,646,0,1,0,647,A
1-PB2,102,0,0,0,648,648,C
1-PB2,103,650,0,2,0,652,A
1-PB2,104,0,1,0,670,671,C
1-PB2,105,663,0,0,0,663,A
1-PB2,106,0,663,0,0,663,T
1-PB2,107,0,0,0,665,665,C
1-PB2,108,0,1,662,0,663,G
1-PB2,109,0,3,658,0,661,G
1-PB2,110,0,0,662,0,662,G
1-PB2,111,0,1,664,0,665,G
1-PB2,112,657,0,0,0,657,A
1-PB2,113,0,3,659,0,662,G
1-PB2,114,660,0,3,0,663,A
1-PB2,115,1,0,0,674,675,C
1-PB2,116,667,0,1,1,669,A
1-PB2,117,0,1,676,0,677,G
1-PB2,118,0,3,687,0,690,G
1-PB2,119,689,0,2,0,691,A
1-PB2,120,691,0,1,0,692,A
1-PB2,121,694,0,0,0,694,A
1-PB2,122,690,0,1,0,691,A
1-PB2,123,0,2,690,1,693,G
1-PB2,124,692,0,2,0,694,A
1-PB2,125,695,0,2,0,697,A
1-PB2,126,0,0,0,695,695,C
1-PB2,127,2,0,0,685,687,C
1-PB2,128,1,0,0,684,685,C
1-PB2,129,1,1,693,0,695,G
1-PB2,130,0,691,0,3,694,T
1-PB2,131,1,0,0,695,696,C
1-PB2,132,701,0,1,0,702,A
1-PB2,133,0,0,0,706,706,C
1-PB2,134,0,703,0,0,703,T
1-PB2,135,0,705,0,1,706,T
1-PB2,136,708,0,1,0,709,A
1-PB2,137,0,2,724,1,727,G
1-PB2,138,0,1,726,0,727,G
1-PB2,139,727,0,0,0,727,A
1-PB2,140,1,724,0,0,725,T
1-PB2,141,1,2,735,0,738,G
1-PB2,142,742,0,0,0,742,A
1-PB2,143,744,0,0,0,744,A
1-PB2,144,747,0,1,0,748,A
1-PB2,145,0,747,0,1,748,T
1-PB2,146,0,3,740,0,743,G
1-PB2,147,0,2,751,0,753,G
1-PB2,148,749,0,0,0,749,A
1-PB2,149,1,752,0,0,753,T
1-PB2,150,1,2,744,0,747,G
1-PB2,151,740,0,0,0,740,A
1-PB2,152,1,743,0,1,745,T
1-PB2,153,0,2,745,0,747,G
1-PB2,154,0,1,746,1,748,G
1-PB2,155,0,0,1,749,750,C
1-PB2,156,744,0,1,0,745,A
1-PB2,157,754,0,0,0,754,A
1-PB2,158,0,756,0,0,756,T
1-PB2,159,0,2,785,0,787,G
1-PB2,160,788,0,0,0,788,A
1-PB2,161,785,0,0,0,785,A
1-PB2,162,782,1,2,0,785,A
1-PB2,163,0,781,0,2,783,T
1-PB2,164,785,0,0,0,785,A
1-PB2,165,0,0,0,800,800,C
1-PB2,166,1,0,0,792,793,C
1-PB2,167,4,0,0,797,801,C
1-PB2,168,792,0,0,0,792,A
1-PB2,169,793,0,0,0,793,A
1-PB2,170,1,789,0,1,791,T
1-PB2,171,4,0,0,790,794,C
1-PB2,172,792,0,1,0,793,A
1-PB2,173,0,0,0,806,806,C
1-PB2,174,0,793,0,0,793,T
1-PB2,175,0,1,791,0,792,G
1-PB2,176,1,0,0,790,791,C
1-PB2,177,0,788,0,3,791,T
1-PB2,178,0,4,796,0,800,G
1-PB2,179,794,1,1,0,796,A
1-PB2,180,0,1,0,801,802,C
1-PB2,181,801,0,0,0,801,A
1-PB2,182,788,0,0,0,788,A
1-PB2,183,790,0,2,0,792,A
1-PB2,184,788,0,3,0,791,A
1-PB2,185,0,0,807,0,807,G
1-PB2,186,1,1,804,0,806,G
1-PB2,187,799,0,1,0,800,A
1-PB2,188,0,800,1,1,802,T
1-PB2,189,799,0,0,0,799,A
1-PB2,190,806,0,1,1,808,A
1-PB2,191,0,0,0,815,815,C
1-PB2,192,815,0,1,0,816,A
1-PB2,193,0,1,816,0,817,G
1-PB2,194,799,0,0,0,799,A
1-PB2,195,803,0,0,0,803,A
1-PB2,196,803,0,0,0,803,A
1-PB2,197,0,807,0,0,807,T
1-PB2,198,0,4,805,0,809,G
1-PB2,199,0,0,820,0,820,G
1-PB2,200,0,816,1,0,817,T
1-PB2,201,0,812,0,1,813,T
1-PB2,202,2,0,0,807,809,C
1-PB2,203,0,0,0,811,811,C
1-PB2,204,809,0,1,0,810,A
1-PB2,205,0,1,814,0,815,G
1-PB2,206,815,0,0,0,815,A
1-PB2,207,1,1,812,0,814,G
1-PB2,208,803,0,0,0,803,A
1-PB2,209,0,3,816,0,819,G
1-PB2,210,815,1,2,0,818,A
1-PB2,211,820,0,0,0,820,A
1-PB2,212,819,0,1,0,820,A
1-PB2,213,0,819,0,0,819,T
1-PB2,214,0,5,821,0,826,G
1-PB2,215,826,1,1,0,828,A
1-PB2,216,829,0,2,0,831,A
1-PB2,217,0,0,0,829,829,C
1-PB2,218,815,0,0,0,815,A
1-PB2,219,825,0,0,0,825,A
1-PB2,220,0,1,834,0,835,G
1-PB2,221,0,0,836,0,836,G
1-PB2,222,838,0,2,0,840,A
1-PB2,223,0,0,0,835,835,C
1-PB2,224,833,0,1,0,834,A
1-PB2,225,838,0,0,0,838,A
1-PB2,226,881,0,0,0,881,A
1-PB2,227,0,0,0,885,885,C
1-PB2,228,0,880,0,0,880,T
1-PB2,229,5,1,0,891,897,C
1-PB2,230,0,876,1,0,877,T
1-PB2,231,878,1,0,0,879,A
1-PB2,232,0,874,0,1,875,T
1-PB2,233,0,0,883,0,883,G
1-PB2,234,0,2,910,0,912,G
1-PB2,235,864,0,0,0,864,A
1-PB2,236,0,0,870,0,870,G
1-PB2,237,1,866,1,0,868,T
1-PB2,238,859,0,0,1,860,A
1-PB2,239,862,0,1,0,863,A
1-PB2,240,860,0,3,0,863,A
1-PB2,241,862,0,0,0,862,A
1-PB2,242,3,856,0,0,859,T
1-PB2,243,0,10,855,0,865,G
1-PB2,244,857,0,1,0,858,A
1-PB2,245,0,0,861,0,861,G
1-PB2,246,0,855,0,1,856,T
1-PB2,247,0,2,857,0,859,G
1-PB2,248,868,0,0,0,868,A
1-PB2,249,0,870,0,0,870,T
1-PB2,250,0,1,867,0,868,G
1-PB2,251,0,0,0,867,867,C
1-PB2,252,0,866,0,0,866,T
1-PB2,253,0,1,894,0,895,G
1-PB2,254,0,2,896,0,898,G
1-PB2,255,909,0,2,0,911,A
1-PB2,256,0,909,1,1,911,T
1-PB2,257,4,0,0,910,914,C
1-PB2,258,916,0,0,0,916,A
1-PB2,259,1,0,931,0,932,G
1-PB2,260,937,0,0,1,938,A
1-PB2,261,0,936,0,0,936,T
1-PB2,262,914,0,0,0,914,A
1-PB2,263,0,1,944,0,945,G
1-PB2,264,937,1,2,0,940,A
1-PB2,265,0,1,953,0,954,G
1-PB2,266,0,935,0,0,935,T
1-PB2,267,0,2,929,0,931,G
1-PB2,268,921,2,1,0,924,A
1-PB2,269,0,925,0,1,926,T
1-PB2,270,0,3,942,0,945,G
1-PB2,271,1,3,961,0,965,G
1-PB2,272,0,947,0,0,947,T
1-PB2,273,942,0,1,0,943,A
1-PB2,274,0,926,0,3,929,T
1-PB2,275,8,1,0,919,928,C
1-PB2,276,939,0,0,0,939,A
1-PB2,277,2,0,0,952,954,C
1-PB2,278,4,0,0,948,952,C
1-PB2,279,0,930,0,0,930,T
1-PB2,280,0,920,0,0,920,T
1-PB2,281,0,920,1,2,923,T
1-PB2,282,0,3,929,0,932,G
1-PB2,283,0,1,941,0,942,G
1-PB2,284,2,1,0,949,952,C
1-PB2,285,0,929,1,1,931,T
1-PB2,286,0,0,934,0,934,G
1-PB2,287,0,935,1,2,938,T
1-PB2,288,937,0,0,0,937,A
1-PB2,289,938,0,2,0,940,A
1-PB2,290,0,0,0,941,941,C
1-PB2,291,911,1,1,0,913,A
1-PB2,292,0,915,0,0,915,T
1-PB2,293,0,2,895,0,897,G
1-PB2,294,1,0,928,0,929,G
1-PB2,295,1,917,1,1,920,T
1-PB2,296,0,1,917,0,918,G
1-PB2,297,1,0,930,0,931,G
1-PB2,298,931,0,0,0,931,A
1-PB2,299,931,0,1,0,932,A
1-PB2,300,0,934,0,0,934,T
1-PB2,301,931,0,0,0,931,A
1-PB2,302,0,1,946,0,947,G
1-PB2,303,934,0,0,0,934,A
1-PB2,304,933,0,0,0,933,A
1-PB2,305,934,0,1,0,935,A
1-PB2,306,0,915,0,1,916,T
1-PB2,307,1,2,914,0,917,G
1-PB2,308,0,4,911,0,915,G
1-PB2,309,920,0,1,0,921,A
1-PB2,310,0,1,0,923,924,C
1-PB2,311,1,0,0,904,905,C
1-PB2,312,3,0,0,904,907,C
1-PB2,313,0,0,906,0,906,G
1-PB2,314,0,912,0,1,913,T
1-PB2,315,0,3,927,0,930,G
1-PB2,316,930,1,0,0,931,A
1-PB2,317,0,0,0,932,932,C
1-PB2,318,926,1,2,0,929,A
1-PB2,319,928,1,0,0,929,A
1-PB2,320,0,0,953,0,953,G
1-PB2,321,0,948,0,1,949,T
1-PB2,322,945,1,0,0,946,A
1-PB2,323,0,0,0,933,933,C
1-PB2,324,1,2,914,0,917,G
1-PB2,325,0,0,935,0,935,G
1-PB2,326,0,929,0,0,929,T
1-PB2,327,4,0,1,933,938,C
1-PB2,328,5,0,0,932,937,C
1-PB2,329,921,0,0,0,921,A
1-PB2,330,1,927,0,0,928,T
1-PB2,331,0,928,0,0,928,T
1-PB2,332,978,0,0,0,978,A
1-PB2,333,2,1,0,968,971,C
1-PB2,334,3,0,0,952,955,C
1-PB2,335,5,0,0,947,952,C
1-PB2,336,947,0,0,0,947,A
1-PB2,337,952,0,0,0,952,A
1-PB2,338,950,0,0,0,950,A
1-PB2,339,948,0,1,0,949,A
1-PB2,340,1,0,961,0,962,G
1-PB2,341,0,920,0,1,921,T
1-PB2,342,0,0,934,0,934,G
1-PB2,343,1,937,0,0,938,T
1-PB2,344,937,1,0,0,938,A
1-PB2,345,0,0,0,938,938,C
1-PB2,346,935,0,0,0,935,A
1-PB2,347,939,0,1,0,940,A
1-PB2,348,0,6,937,0,943,G
1-PB2,349,932,0,2,0,934,A
1-PB2,350,1,0,0,933,934,C
1-PB2,351,0,917,0,2,919,T
1-PB2,352,0,928,0,0,928,T
1-PB2,353,928,0,0,0,928,A
1-PB2,354,0,926,0,0,926,T
1-PB2,355,0,926,0,0,926,T
1-PB2,356,0,925,0,0,925,T
1-PB2,357,3,1,0,915,919,C
1-PB2,358,0,3,916,0,919,G
1-PB2,359,916,0,1,0,917,A
1-PB2,360,0,0,0,915,915,C
1-PB2,361,909,0,1,0,910,A
1-PB2,362,917,0,0,0,917,A
1-PB2,363,919,0,0,0,919,A
1-PB2,364,0,0,919,0,919,G
1-PB2,365,0,921,0,0,921,T
1-PB2,366,913,0,0,0,913,A
1-PB2,367,0,1,938,0,939,G
1-PB2,368,936,0,0,0,936,A
1-PB2,369,939,1,1,0,941,A
1-PB2,370,938,0,1,0,939,A
1-PB2,371,0,1,956,0,957,G
1-PB2,372,0,0,954,0,954,G
1-PB2,373,0,931,0,0,931,T
1-PB2,374,0,929,1,0,930,T
1-PB2,375,931,0,0,0,931,A
1-PB2,376,931,0,1,0,932,A
1-PB2,377,933,0,0,0,933,A
1-PB2,378,940,0,1,0,941,A
1-PB2,379,0,0,0,956,956,C
1-PB2,380,927,0,0,0,927,A
1-PB2,381,0,922,0,0,922,T
1-PB2,382,0,1,921,0,922,G
1-PB2,383,0,4,916,1,921,G
1-PB2,384,922,0,0,0,922,A
1-PB2,385,932,0,0,0,932,A
1-PB2,386,1,0,0,954,955,C
1-PB2,387,0,0,0,963,963,C
1-PB2,388,0,961,0,0,961,T
1-PB2,389,0,961,0,1,962,T
1-PB2,390,0,961,0,1,962,T
1-PB2,391,1,2,957,0,960,G
1-PB2,392,0,5,956,0,961,G
1-PB2,393,0,1,0,954,955,C
1-PB2,394,4,0,0,953,957,C
1-PB2,395,1,4,0,947,952,C
1-PB2,396,0,919,0,1,920,T
1-PB2,397,0,0,924,0,924,G
1-PB2,398,0,919,0,2,921,T
1-PB2,399,0,921,0,1,922,T
1-PB2,400,8,0,0,920,928,C
1-PB2,401,918,0,0,0,918,A
1-PB2,402,0,920,0,0,920,T
1-PB2,403,0,916,0,1,917,T
1-PB2,404,0,917,0,0,917,T
1-PB2,405,0,919,0,0,919,T
1-PB2,406,902,0,2,0,904,A
1-PB2,407,1,3,905,0,909,G
1-PB2,408,906,0,1,0,907,A
1-PB2,409,907,0,0,0,907,A
1-PB2,410,905,0,2,0,907,A
1-PB2,411,0,906,0,1,907,T
1-PB2,412,2,0,0,904,906,C
1-PB2,413,900,1,1,0,902,A
1-PB2,414,905,0,3,0,908,A
1-PB2,415,0,0,917,0,917,G
1-PB2,416,0,917,0,1,918,T
1-PB2,417,8,0,0,911,919,C
1-PB2,418,922,0,0,0,922,A
1-PB2,419,922,0,2,0,924,A
1-PB2,420,1,0,922,0,923,G
1-PB2,421,930,0,0,0,930,A
1-PB2,422,0,931,0,0,931,T
1-PB2,423,942,0,2,0,944,A
1-PB2,424,0,0,0,943,943,C
1-PB2,425,1,0,946,0,947,G
1-PB2,426,0,1,0,944,945,C
1-PB2,427,937,0,1,0,938,A
1-PB2,428,0,1,946,0,947,G
1-PB2,429,945,1,0,0,946,A
1-PB2,430,951,0,0,0,951,A
1-PB2,431,0,5,969,0,974,G
1-PB2,432,953,0,2,1,956,A
1-PB2,433,1,0,958,0,959,G
1-PB2,434,0,957,0,1,958,T
1-PB2,435,956,0,0,0,956,A
1-PB2,436,0,1,962,0,963,G
1-PB2,437,967,0,0,0,967,A
1-PB2,438,0,1,0,1010,1011,C
1-PB2,439,990,0,1,0,991,A
1-PB2,440,0,972,0,0,972,T
1-PB2,441,969,0,0,0,969,A
1-PB2,442,972,1,1,1,975,A
1-PB2,443,985,0,0,1,986,A
1-PB2,444,0,0,0,982,982,C
1-PB2,445,3,0,0,972,975,C
1-PB2,446,4,1,0,963,968,C
1-PB2,447,0,922,0,2,924,T
1-PB2,448,1,5,932,0,938,G
1-PB2,449,1,1,952,0,954,G
1-PB2,450,1,953,0,1,955,T
1-PB2,451,14,0,0,938,952,C
1-PB2,452,966,0,2,0,968,A
1-PB2,453,0,964,0,2,966,T
1-PB2,454,0,0,974,0,974,G
1-PB2,455,1,0,0,972,973,C
1-PB2,456,970,1,1,0,972,A
1-PB2,457,0,6,973,0,979,G
1-PB2,458,961,0,1,1,963,A
1-PB2,459,3,0,0,975,978,C
1-PB2,460,3,0,0,972,975,C
1-PB2,461,0,955,0,1,956,T
1-PB2,462,2,0,0,960,962,C
1-PB2,463,953,0,1,0,954,A
1-PB2,464,0,0,979,0,979,G
1-PB2,465,0,981,0,0,981,T
1-PB2,466,1,0,973,0,974,G
1-PB2,467,1,0,0,972,973,C
1-PB2,468,6,0,0,965,971,C
1-PB2,469,973,0,1,0,974,A
1-PB2,470,972,0,0,0,972,A
1-PB2,471,965,1,4,0,970,A
1-PB2,472,0,3,973,0,976,G
1-PB2,473,942,0,2,0,944,A
1-PB2,474,0,0,946,0,946,G
1-PB2,475,1,1,943,0,945,G
1-PB2,476,0,1,0,943,944,C
1-PB2,477,943,0,1,0,944,A
1-PB2,478,0,0,0,949,949,C
1-PB2,479,944,0,2,1,947,A
1-PB2,480,964,0,0,0,964,A
1-PB2,481,0,1,966,0,967,G
1-PB2,482,982,0,3,0,985,A
1-PB2,483,0,978,0,1,979,T
1-PB2,484,0,1,977,0,978,G
1-PB2,485,0,980,0,0,980,T
1-PB2,486,980,0,2,0,982,A
1-PB2,487,982,0,0,0,982,A
1-PB2,488,0,981,0,1,982,T
1-PB2,489,0,943,0,0,943,T
1-PB2,490,939,0,0,0,939,A
1-PB2,491,0,909,0,1,910,T
1-PB2,492,0,1,909,0,910,G
1-PB2,493,0,3,907,0,910,G
1-PB2,494,895,1,0,0,896,A
1-PB2,495,894,0,1,0,895,A
1-PB2,496,0,0,895,0,895,G
1-PB2,497,0,886,0,0,886,T
1-PB2,498,0,886,0,2,888,T
1-PB2,499,0,0,899,0,899,G
1-PB2,500,0,896,0,0,896,T
1-PB2,501,1,896,0,1,898,T
1-PB2,502,0,892,0,1,893,T
1-PB2,503,0,894,0,0,894,T
1-PB2,504,1,897,0,0,898,T
1-PB2,505,2,0,0,898,900,C
1-PB2,506,1,1,0,899,901,C
1-PB2,507,6,1,0,897,904,C
1-PB2,508,906,0,0,0,906,A
1-PB2,509,902,1,0,1,904,A
1-PB2,510,0,905,0,0,905,T
1-PB2,511,1,4,914,0,919,G
1-PB2,512,916,0,2,0,918,A
1-PB2,513,913,0,1,0,914,A
1-PB2,514,0,0,921,0,921,G
1-PB2,515,0,911,0,0,911,T
1-PB2,516,0,3,910,0,913,G
1-PB2,517,0,1,903,0,904,G
1-PB2,518,1,1,908,0,910,G
1-PB2,519,908,1,2,0,911,A
1-PB2,520,0,0,913,0,913,G
1-PB2,521,1,1,0,909,911,C
1-PB2,522,5,1,1,907,914,C
1-PB2,523,914,0,0,0,914,A
1-PB2,524,0,1,932,0,933,G
1-PB2,525,6,1,934,0,941,G
1-PB2,526,949,0,0,0,949,A
1-PB2,527,0,946,1,0,947,T
1-PB2,528,945,0,0,0,945,A
1-PB2,529,0,0,0,944,944,C
1-PB2,530,0,933,0,1,934,T
1-PB2,531,932,0,1,0,933,A
1-PB2,532,930,0,1,0,931,A
1-PB2,533,0,0,0,934,934,C
1-PB2,534,915,0,0,1,916,A
1-PB2,535,0,899,0,2,901,T
1-PB2,536,2,0,0,897,899,C
1-PB2,537,888,0,0,0,888,A
1-PB2,538,0,2,897,0,899,G
1-PB2,539,900,0,0,0,900,A
1-PB2,540,892,0,0,0,892,A
1-PB2,541,0,892,0,0,892,T
1-PB2,542,1,0,0,870,871,C
1-PB2,543,878,0,0,0,878,A
1-PB2,544,0,0,0,894,894,C
1-PB2,545,894,0,0,0,894,A
1-PB2,546,905,0,0,0,905,A
1-PB2,547,0,891,0,0,891,T
1-PB2,548,0,890,0,1,891,T
1-PB2,549,894,0,0,0,894,A
1-PB2,550,898,1,1,0,900,A
1-PB2,551,0,0,0,907,907,C
1-PB2,552,899,0,0,0,899,A
1-PB2,553,883,0,0,0,883,A
1-PB2,554,0,899,0,1,900,T
1-PB2,555,895,0,1,0,896,A
1-PB2,556,900,0,1,0,901,A
1-PB2,557,0,0,1,901,902,C
1-PB2,558,0,898,0,1,899,T
1-PB2,559,901,0,0,0,901,A
1-PB2,560,891,0,0,0,891,A
1-PB2,561,893,0,0,0,893,A
1-PB2,562,0,4,891,0,895,G
1-PB2,563,875,0,1,0,876,A
1-PB2,564,0,0,890,0,890,G
1-PB2,565,883,0,1,0,884,A
1-PB2,566,884,0,0,0,884,A
1-PB2,567,884,0,0,0,884,A
1-PB2,568,884,0,0,0,884,A
1-PB2,569,889,0,0,0,889,A
1-PB2,570,886,0,2,0,888,A
1-PB2,571,0,0,890,0,890,G
1-PB2,572,888,0,0,0,888,A
1-PB2,573,877,0,0,0,877,A
1-PB2,574,0,1,880,0,881,G
1-PB2,575,879,0,1,0,880,A
1-PB2,576,879,0,0,1,880,A
1-PB2,577,1,1,0,885,887,C
1-PB2,578,0,872,2,0,874,T
1-PB2,579,3,0,0,878,881,C
1-PB2,580,1,0,0,880,881,C
1-PB2,581,0,2,882,0,884,G
1-PB2,582,883,0,0,0,883,A
1-PB2,583,0,4,877,0,881,G
1-PB2,584,878,0,0,0,878,A
1-PB2,585,0,880,0,1,881,T
1-PB2,586,0,873,1,0,874,T
1-PB2,587,1,0,875,0,876,G
1-PB2,588,0,2,0,875,877,C
1-PB2,589,878,0,0,0,878,A
1-PB2,590,878,0,0,1,879,A
1-PB2,591,879,0,0,0,879,A
1-PB2,592,887,0,0,0,887,A
1-PB2,593,0,888,0,1,889,T
1-PB2,594,1,887,0,0,888,T
1-PB2,595,0,884,0,2,886,T
1-PB2,596,2,1,0,890,893,C
1-PB2,597,0,887,0,2,889,T
1-PB2,598,3,0,0,925,928,C
1-PB2,599,2,0,0,917,919,C
1-PB2,600,4,0,0,966,970,C
1-PB2,601,0,961,0,1,962,T
1-PB2,602,0,966,0,0,966,T
1-PB2,603,0,1,967,0,968,G
1-PB2,604,968,0,1,0,969,A
1-PB2,605,0,989,0,0,989,T
1-PB2,606,0,4,994,0,998,G
1-PB2,607,0,1,1059,0,1060,G
1-PB2,608,0,1077,0,0,1077,T
1-PB2,609,0,1057,0,0,1057,T
1-PB2,610,1,0,1127,0,1128,G
1-PB2,611,0,0,1,1133,1134,C
1-PB2,612,1148,0,0,0,1148,A
1-PB2,613,0,1151,0,0,1151,T
1-PB2,614,1155,0,1,2,1158,A
1-PB2,615,0,0,0,1212,1212,C
1-PB2,616,1302,0,0,1,1303,A
1-PB2,617,0,1319,0,0,1319,T
1-PB2,618,0,3,1369,0,1372,G
1-PB2,619,0,1349,0,0,1349,T
1-PB2,620,1,1341,0,0,1342,T
1-PB2,621,1339,1,1,0,1341,A
1-PB2,622,0,5,1337,0,1342,G
1-PB2,623,1349,0,6,0,1355,A
1-PB2,624,1,4,1361,0,1366,G
1-PB2,625,1292,0,1,0,1293,A
1-PB2,626,0,5,1295,0,1300,G
1-PB2,627,1270,1,1,0,1272,A
1-PB2,628,2,6,1269,0,1277,G
1-PB2,629,1281,0,1,0,1282,A
1-PB2,630,1284,1,1,0,1286,A
1-PB2,631,1,1,0,1286,1288,C
1-PB2,632,0,1276,0,1,1277,T
1-PB2,633,0,1279,0,0,1279,T
1-PB2,634,0,2,1279,0,1281,G
1-PB2,635,0,1281,0,1,1282,T
1-PB2,636,1282,0,2,0,1284,A
1-PB2,637,0,0,0,1276,1276,C
1-PB2,638,0,3,1274,0,1277,G
1-PB2,639,1280,0,1,0,1281,A
1-PB2,640,1276,0,0,1,1277,A
1-PB2,641,1289,0,0,0,1289,A
1-PB2,642,1290,1,0,0,1291,A
1-PB2,643,1291,0,1,1,1293,A
1-PB2,644,0,0,0,1295,1295,C
1-PB2,645,1292,0,2,0,1294,A
1-PB2,646,1294,0,1,0,1295,A
1-PB2,647,0,2,1300,0,1302,G
1-PB2,648,1306,0,0,0,1306,A
1-PB2,649,1,1302,0,1,1304,T
1-PB2,650,0,1301,0,0,1301,T
1-PB2,651,0,1300,1,2,1303,T
1-PB2,652,4,0,0,1304,1308,C
1-PB2,653,0,1302,0,4,1306,T
1-PB2,654,4,0,0,1304,1308,C
1-PB2,655,4,0,0,1308,1312,C
1-PB2,656,2,0,0,1315,1317,C
1-PB2,657,1316,0,0,0,1316,A
1-PB2,658,0,0,1327,0,1327,G
1-PB2,659,0,1331,0,0,1331,T
1-PB2,660,0,1330,0,1,1331,T
1-PB2,661,0,0,1332,0,1332,G
1-PB2,662,0,0,0,1328,1328,C
1-PB2,663,0,1325,1,2,1328,T
1-PB2,664,0,2,1330,0,1332,G
1-PB2,665,2,0,1325,0,1327,G
1-PB2,666,1,1,0,1321,1323,C
1-PB2,667,4,0,1326,0,1330,G
1-PB2,668,0,6,1335,0,1341,G
1-PB2,669,1345,0,1,0,1346,A
1-PB2,670,1344,2,1,0,1347,A
1-PB2,671,0,0,0,1348,1348,C
1-PB2,672,1355,0,0,1,1356,A
1-PB2,673,1353,0,1,0,1354,A
1-PB2,674,1,0,1393,0,1394,G
1-PB2,675,0,0,0,1413,1413,C
1-PB2,676,1417,0,0,0,1417,A
1-PB2,677,0,1,1691,0,1692,G
1-PB2,678,0,1689,0,0,1689,T
1-PB2,679,1691,0,0,0,1691,A
1-PB2,680,0,1689,0,2,1691,T
1-PB2,681,1693,0,2,0,1695,A
1-PB2,682,1,1690,0,0,1691,T
1-PB2,683,1660,1,0,1,1662,A
1-PB2,684,0,0,0,1677,1677,C
1-PB2,685,1585,0,0,0,1585,A
1-PB2,686,0,1485,0,0,1485,T
1-PB2,687,0,1412,0,1,1413,T
1-PB2,688,0,4,1405,1,1410,G
1-PB2,689,1410,0,0,0,1410,A
1-PB2,690,1402,0,1,1,1404,A
1-PB2,691,0,3,1416,0,1419,G
1-PB2,692,0,1415,0,0,1415,T
1-PB2,693,0,1397,0,0,1397,T
1-PB2,694,0,1404,0,0,1404,T
1-PB2,695,0,1404,0,0,1404,T
1-PB2,696,1428,1,0,0,1429,A
1-PB2,697,0,1,0,1435,1436,C
1-PB2,698,1431,1,2,0,1434,A
1-PB2,699,0,1431,0,0,1431,T
1-PB2,700,0,1419,0,0,1419,T
1-PB2,701,1,1424,0,0,1425,T
1-PB2,702,0,5,1429,0,1434,G
1-PB2,703,1448,0,0,0,1448,A
1-PB2,704,0,1,0,1452,1453,C
1-PB2,705,0,1441,0,3,1444,T
1-PB2,706,6,0,0,1435,1441,C
1-PB2,707,1439,0,0,0,1439,A
1-PB2,708,0,7,1419,0,1426,G
1-PB2,709,0,4,1456,0,1460,G
1-PB2,710,1,2,1461,0,1464,G
1-PB2,711,1440,1,25,0,1466,A
1-PB2,712,1464,1,3,0,1468,A
1-PB2,713,0,1,1,1468,1470,C
1-PB2,714,1,0,1483,0,1484,G
1-PB2,715,0,1476,0,1,1477,T
1-PB2,716,1,1,1487,0,1489,G
1-PB2,717,0,1467,0,0,1467,T
1-PB2,718,0,1468,1,0,1469,T
1-PB2,719,1,7,1470,0,1478,G
1-PB2,720,0,4,1470,0,1474,G
1-PB2,721,0,4,1483,0,1487,G
1-PB2,722,1480,0,2,0,1482,A
1-PB2,723,1469,0,1,0,1470,A
1-PB2,724,0,0,0,1504,1504,C
1-PB2,725,1495,0,0,0,1495,A
1-PB2,726,1548,0,1,0,1549,A
1-PB2,727,1549,0,0,0,1549,A
1-PB2,728,2,1548,0,0,1550,T
1-PB2,729,2,0,1577,0,1579,G
1-PB2,730,0,1561,0,0,1561,T
1-PB2,731,1558,0,0,0,1558,A
1-PB2,732,0,2,0,1562,1564,C
1-PB2,733,1541,0,1,0,1542,A
1-PB2,734,0,0,0,1543,1543,C
1-PB2,735,0,1500,0,0,1500,T
1-PB2,736,3,0,0,1603,1606,C
1-PB2,737,1,0,0,1603,1604,C
1-PB2,738,1627,0,2,0,1629,A
1-PB2,739,0,1,1643,0,1644,G
1-PB2,740,2,2,1668,0,1672,G
1-PB2,741,0,1666,0,0,1666,T
1-PB2,742,2,2,1666,0,1670,G
1-PB2,743,0,3,1621,0,1624,G
1-PB2,744,1604,1,2,0,1607,A
1-PB2,745,1,3,1607,0,1611,G
1-PB2,746,1,6,1603,0,1610,G
1-PB2,747,1574,0,2,0,1576,A
1-PB2,748,0,0,1583,0,1583,G
1-PB2,749,0,1543,0,1,1544,T
1-PB2,750,0,2,1551,0,1553,G
1-PB2,751,1552,0,1,0,1553,A
1-PB2,752,0,8,1541,0,1549,G
1-PB2,753,1,7,1552,0,1560,G
1-PB2,754,1545,1,0,0,1546,A
1-PB2,755,1550,0,0,0,1550,A
1-PB2,756,0,1553,0,0,1553,T
1-PB2,757,0,7,1535,0,1542,G
1-PB2,758,1539,0,1,1,1541,A
1-PB2,759,0,0,1,1531,1532,C
1-PB2,760,0,5,1527,0,1532,G
1-PB2,761,1546,0,0,0,1546,A
1-PB2,762,0,1540,0,0,1540,T
1-PB2,763,0,0,1546,0,1546,G
1-PB2,764,0,1541,0,1,1542,T
1-PB2,765,1,1536,0,0,1537,T
1-PB2,766,1,21,1532,0,1554,G
1-PB2,767,1550,0,0,0,1550,A
1-PB2,768,1,0,0,1546,1547,C
1-PB2,769,5,1,0,1541,1547,C
1-PB2,770,1515,0,0,0,1515,A
1-PB2,771,1522,1,1,1,1525,A
1-PB2,772,1523,0,0,0,1523,A
1-PB2,773,0,0,1565,0,1565,G
1-PB2,774,0,1,0,1568,1569,C
1-PB2,775,5,7,0,1547,1559,C
1-PB2,776,0,1565,0,1,1566,T
1-PB2,777,1573,0,2,0,1575,A
1-PB2,778,1574,0,0,0,1574,A
1-PB2,779,0,1576,0,0,1576,T
1-PB2,780,0,1574,0,0,1574,T
1-PB2,781,1553,0,3,0,1556,A
1-PB2,782,1,1519,0,1,1521,T
1-PB2,783,1,1517,0,0,1518,T
1-PB2,784,1,0,1512,0,1513,G
1-PB2,785,0,2,0,1504,1506,C
1-PB2,786,0,5,1510,0,1515,G
1-PB2,787,0,0,1534,0,1534,G
1-PB2,788,0,0,0,1531,1531,C
1-PB2,789,3,0,0,1535,1538,C
1-PB2,790,1538,1,0,1,1540,A
1-PB2,791,0,1,1560,0,1561,G
1-PB2,792,0,8,1562,0,1570,G
1-PB2,793,1573,0,1,0,1574,A
1-PB2,794,1576,0,3,0,1579,A
1-PB2,795,1,0,0,1590,1591,C
1-PB2,796,1578,0,3,0,1581,A
1-PB2,797,0,1607,0,0,1607,T
1-PB2,798,1627,0,1,0,1628,A
1-PB2,799,0,1,1642,0,1643,G
1-PB2,800,0,1619,0,0,1619,T
1-PB2,801,1608,0,0,0,1608,A
1-PB2,802,1607,1,0,0,1608,A
1-PB2,803,0,3,1602,0,1605,G
1-PB2,804,1586,0,0,0,1586,A
1-PB2,805,1560,0,1,0,1561,A
1-PB2,806,0,5,1562,0,1567,G
1-PB2,807,1520,0,1,0,1521,A
1-PB2,808,1,2,1520,0,1523,G
1-PB2,809,1,0,0,1526,1527,C
1-PB2,810,8,1,0,1507,1516,C
1-PB2,811,1,0,1520,0,1521,G
1-PB2,812,1,0,0,1524,1525,C
1-PB2,813,1528,0,1,0,1529,A
1-PB2,814,1,1,1615,0,1617,G
1-PB2,815,0,1613,0,0,1613,T
1-PB2,816,1618,0,0,0,1618,A
1-PB2,817,0,1602,1,2,1605,T
1-PB2,818,5,1,0,1607,1613,C
1-PB2,819,1610,0,2,0,1612,A
1-PB2,820,3,1,1615,0,1619,G
1-PB2,821,0,1,0,1617,1618,C
1-PB2,822,1564,0,0,0,1564,A
1-PB2,823,0,4,1542,0,1546,G
1-PB2,824,1554,0,3,0,1557,A
1-PB2,825,0,1554,0,1,1555,T
1-PB2,826,10,0,0,1550,1560,C
1-PB2,827,3,3,0,1554,1560,C
1-PB2,828,1554,0,2,0,1556,A
1-PB2,829,0,1,0,1561,1562,C
1-PB2,830,0,1554,0,1,1555,T
1-PB2,831,1557,0,1,0,1558,A
1-PB2,832,0,0,1555,0,1555,G
1-PB2,833,3,0,0,1536,1539,C
1-PB2,834,1535,0,0,0,1535,A
1-PB2,835,0,1540,0,0,1540,T
1-PB2,836,1,0,0,1544,1545,C
1-PB2,837,0,1538,0,0,1538,T
1-PB2,838,0,1566,0,3,1569,T
1-PB2,839,0,1574,0,1,1575,T
1-PB2,840,1570,0,1,0,1571,A
1-PB2,841,0,1574,0,0,1574,T
1-PB2,842,0,1567,0,1,1568,T
1-PB2,843,0,7,1562,0,1569,G
1-PB2,844,0,7,1567,0,1574,G
1-PB2,845,1527,0,2,0,1529,A
1-PB2,846,0,3,1528,0,1531,G
1-PB2,847,1512,0,1,0,1513,A
1-PB2,848,0,1499,0,0,1499,T
1-PB2,849,0,0,1529,0,1529,G
1-PB2,850,0,1518,0,3,1521,T
1-PB2,851,0,1,1520,0,1521,G
1-PB2,852,0,1505,0,4,1509,T
1-PB2,853,13,0,0,1509,1522,C
1-PB2,854,1524,0,0,0,1524,A
1-PB2,855,0,0,0,1529,1529,C
1-PB2,856,1493,0,2,0,1495,A
1-PB2,857,0,1,1504,0,1505,G
1-PB2,858,2,0,0,1460,1462,C
1-PB2,859,1459,1,1,0,1461,A
1-PB2,860,0,1,0,1457,1458,C
1-PB2,861,1448,0,2,0,1450,A
1-PB2,862,1,0,0,1460,1461,C
1-PB2,863,1454,0,0,0,1454,A
1-PB2,864,1452,0,1,0,1453,A
1-PB2,865,1450,0,2,0,1452,A
1-PB2,866,0,1423,0,0,1423,T
1-PB2,867,1,1422,0,1,1424,T
1-PB2,868,2,5,1411,0,1418,G
1-PB2,869,0,0,1414,0,1414,G
1-PB2,870,2,3,0,1411,1416,C
1-PB2,871,0,3,1398,0,1401,G
1-PB2,872,0,4,1408,0,1412,G
1-PB2,873,0,5,1415,0,1420,G
1-PB2,874,1423,0,0,0,1423,A
1-PB2,875,1,0,0,1421,1422,C
1-PB2,876,1422,1,2,0,1425,A
1-PB2,877,1426,0,0,0,1426,A
1-PB2,878,0,8,1429,0,1437,G
1-PB2,879,0,5,1432,0,1437,G
1-PB2,880,1442,0,1,0,1443,A
1-PB2,881,1,1357,0,0,1358,T
1-PB2,882,1,1,1332,0,1334,G
1-PB2,883,0,1,1338,0,1339,G
1-PB2,884,2,1326,0,1,1329,T
1-PB2,885,1,5,1320,0,1326,G
1-PB2,886,1,3,1317,0,1321,G
1-PB2,887,1296,0,2,0,1298,A
1-PB2,888,0,0,0,1299,1299,C
1-PB2,889,1265,1,0,0,1266,A
1-PB2,890,0,1452,1,0,1453,T
1-PB2,891,0,1445,0,1,1446,T
1-PB2,892,9,0,0,1442,1451,C
1-PB2,893,0,1415,1,4,1420,T
1-PB2,894,0,1413,0,0,1413,T
1-PB2,895,1416,0,2,0,1418,A
1-PB2,896,0,3,1419,0,1422,G
1-PB2,897,1412,0,2,0,1414,A
1-PB2,898,1,0,0,1415,1416,C
1-PB2,899,1077,0,0,0,1077,A
1-PB2,900,1,1,1081,0,1083,G
1-PB2,901,1082,0,1,0,1083,A
1-PB2,902,1086,0,0,0,1086,A
1-PB2,903,1,0,0,1083,1084,C
1-PB2,904,5,0,0,1074,1079,C
1-PB2,905,2,0,0,1078,1080,C
1-PB2,906,0,2,1078,0,1080,G
1-PB2,907,1078,0,0,0,1078,A
1-PB2,908,2,1,0,1084,1087,C
1-PB2,909,0,1067,0,1,1068,T
1-PB2,910,1,3,1077,0,1081,G
1-PB2,911,1076,1,1,0,1078,A
1-PB2,912,1081,0,2,0,1083,A
1-PB2,913,0,4,1087,0,1091,G
1-PB2,914,1084,0,1,0,1085,A
1-PB2,915,1082,0,0,0,1082,A
1-PB2,916,0,1,0,1076,1077,C
1-PB2,917,1076,0,0,0,1076,A
1-PB2,918,1077,0,3,0,1080,A
1-PB2,919,0,0,1089,0,1089,G
1-PB2,920,0,0,0,1102,1102,C
1-PB2,921,0,1087,0,1,1088,T
1-PB2,922,1,1,1114,0,1116,G
1-PB2,923,0,1115,0,0,1115,T
1-PB2,924,1,4,1130,0,1135,G
1-PB2,925,0,2,1182,0,1184,G
1-PB2,926,1180,0,2,0,1182,A
1-PB2,927,0,1178,0,1,1179,T
1-PB2,928,1165,0,0,0,1165,A
1-PB2,929,0,1146,1,0,1147,T
1-PB2,930,1169,0,0,0,1169,A
1-PB2,931,2,1151,0,0,1153,T
1-PB2,932,0,0,1151,0,1151,G
1-PB2,933,0,0,0,1138,1138,C
1-PB2,934,1096,0,1,0,1097,A
1-PB2,935,1097,0,0,0,1097,A
1-PB2,936,1,0,1092,0,1093,G
1-PB2,937,1,0,1099,0,1100,G
1-PB2,938,0,0,0,1099,1099,C
1-PB2,939,0,1080,0,0,1080,T
1-PB2,940,0,1,1086,0,1087,G
1-PB2,941,0,1,0,1087,1088,C
1-PB2,942,1085,0,0,0,1085,A
1-PB2,943,1086,0,0,0,1086,A
1-PB2,944,0,1082,0,1,1083,T
1-PB2,945,0,3,1084,0,1087,G
1-PB2,946,0,2,1079,0,1081,G
1-PB2,947,0,0,1086,0,1086,G
1-PB2,948,1085,0,1,0,1086,A
1-PB2,949,0,1081,0,1,1082,T
1-PB2,950,0,1074,0,2,1076,T
1-PB2,951,1,10,1067,0,1078,G
1-PB2,952,1082,1,0,0,1083,A
1-PB2,953,0,2,1095,0,1097,G
1-PB2,954,1079,2,0,0,1081,A
1-PB2,955,1077,0,0,0,1077,A
1-PB2,956,0,1074,0,0,1074,T
1-PB2,957,2,0,0,1076,1078,C
1-PB2,958,1060,1,2,0,1063,A
1-PB2,959,0,1,1074,0,1075,G
1-PB2,960,4,0,0,1067,1071,C
1-PB2,961,1,1058,1,3,1063,T
1-PB2,962,5,0,0,1052,1057,C
1-PB2,963,1057,1,0,0,1058,A
1-PB2,964,1,1084,1,1,1087,T
1-PB2,965,1,0,0,1089,1090,C
1-PB2,966,3,0,0,1109,1112,C
1-PB2,967,0,1104,0,1,1105,T
1-PB2,968,0,1099,0,0,1099,T
1-PB2,969,1,1,0,1100,1102,C
1-PB2,970,1104,0,0,0,1104,A
1-PB2,971,1,1,1121,0,1123,G
1-PB2,972,0,0,0,1119,1119,C
1-PB2,973,0,1098,0,1,1099,T
1-PB2,974,0,1099,1,0,1100,T
1-PB2,975,0,1095,0,0,1095,T
1-PB2,976,0,2,1093,0,1095,G
1-PB2,977,0,0,1103,0,1103,G
1-PB2,978,1,1096,0,2,1099,T
1-PB2,979,0,6,1098,0,1104,G
1-PB2,980,1,5,1092,0,1098,G
1-PB2,981,1,0,1109,0,1110,G
1-PB2,982,0,1106,0,2,1108,T
1-PB2,983,0,1106,0,0,1106,T
1-PB2,984,0,1104,0,0,1104,T
1-PB2,985,1108,0,1,0,1109,A
1-PB2,986,1,0,0,1112,1113,C
1-PB2,987,1116,0,0,0,1116,A
1-PB2,988,0,1114,0,0,1114,T
1-PB2,989,0,1093,0,0,1093,T
1-PB2,990,0,1094,0,0,1094,T
1-PB2,991,1092,0,0,0,1092,A
1-PB2,992,1095,0,1,0,1096,A
1-PB2,993,1091,0,0,0,1091,A
1-PB2,994,1090,0,1,0,1091,A
1-PB2,995,89,1,1012,0,1102,G
1-PB2,996,1098,1,0,0,1099,A
1-PB2,997,1100,0,0,0,1100,A
1-PB2,998,0,0,0,1103,1103,C
1-PB2,999,1091,0,0,0,1091,A
1-PB2,1000,1084,0,0,0,1084,A
1-PB2,1001,1,0,1083,0,1084,G
1-PB2,1002,0,1,0,1084,1085,C
1-PB2,1003,1,5,1074,0,1080,G
1-PB2,1004,0,1,1081,0,1082,G
1-PB2,1005,2,0,1085,0,1087,G
1-PB2,1006,0,1080,0,1,1081,T
1-PB2,1007,7,1,0,1066,1074,C
1-PB2,1008,1074,1,1,1,1077,A
1-PB2,1009,0,1076,0,0,1076,T
1-PB2,1010,2,0,0,1072,1074,C
1-PB2,1011,1072,1,2,0,1075,A
1-PB2,1012,0,0,1090,0,1090,G
1-PB2,1013,0,1070,0,2,1072,T
1-PB2,1014,6,0,1,1065,1072,C
1-PB2,1015,1077,0,0,0,1077,A
1-PB2,1016,1081,0,0,0,1081,A
1-PB2,1017,1080,0,0,0,1080,A
1-PB2,1018,1073,0,0,0,1073,A
1-PB2,1019,1083,0,0,0,1083,A
1-PB2,1020,1085,0,0,0,1085,A
1-PB2,1021,0,1,1092,0,1093,G
1-PB2,1022,1088,0,0,0,1088,A
1-PB2,1023,1084,1,1,0,1086,A
1-PB2,1024,0,0,1087,0,1087,G
1-PB2,1025,1077,0,0,0,1077,A
1-PB2,1026,1047,0,2,0,1049,A
1-PB2,1027,0,4,1042,0,1046,G
1-PB2,1028,1044,0,0,0,1044,A
1-PB2,1029,1,0,1047,0,1048,G
1-PB2,1030,0,0,1063,0,1063,G
1-PB2,1031,0,1065,0,0,1065,T
1-PB2,1032,0,0,1086,0,1086,G
1-PB2,1033,0,0,0,1086,1086,C
1-PB2,1034,1,1074,0,2,1077,T
1-PB2,1035,0,1082,0,0,1082,T
1-PB2,1036,1084,0,0,0,1084,A
1-PB2,1037,1,0,0,1083,1084,C
1-PB2,1038,1069,0,2,0,1071,A
1-PB2,1039,1,2,1069,0,1072,G
1-PB2,1040,0,0,1071,0,1071,G
1-PB2,1041,0,0,0,1055,1055,C
1-PB2,1042,1039,0,0,0,1039,A
1-PB2,1043,1058,0,0,0,1058,A
1-PB2,1044,0,1074,0,0,1074,T
1-PB2,1045,2,1,0,1080,1083,C
1-PB2,1046,0,1076,0,1,1077,T
1-PB2,1047,2,0,0,1073,1075,C
1-PB2,1048,0,0,0,1077,1077,C
1-PB2,1049,1076,0,1,0,1077,A
1-PB2,1050,1074,0,2,0,1076,A
1-PB2,1051,1074,0,4,0,1078,A
1-PB2,1052,0,0,0,1085,1085,C
1-PB2,1053,1048,0,0,0,1048,A
1-PB2,1054,0,1032,0,0,1032,T
1-PB2,1055,1,1026,0,1,1028,T
1-PB2,1056,0,3,1033,0,1036,G
1-PB2,1057,1037,0,0,0,1037,A
1-PB2,1058,1050,0,1,0,1051,A
1-PB2,1059,1054,0,0,0,1054,A
1-PB2,1060,1053,0,0,0,1053,A
1-PB2,1061,2,1053,0,0,1055,T
1-PB2,1062,1055,0,1,0,1056,A
1-PB2,1063,1049,0,4,0,1053,A
1-PB2,1064,0,4,1072,0,1076,G
1-PB2,1065,1056,0,0,0,1056,A
1-PB2,1066,0,0,1090,0,1090,G
1-PB2,1067,1,1071,0,0,1072,T
1-PB2,1068,1076,0,2,0,1078,A
1-PB2,1069,0,0,2,1095,1097,C
1-PB2,1070,1085,1,0,0,1086,A
1-PB2,1071,0,1090,0,1,1091,T
1-PB2,1072,0,2,1083,0,1085,G
1-PB2,1073,1078,0,0,0,1078,A
1-PB2,1074,0,2,1079,0,1081,G
1-PB2,1075,0,4,1086,0,1090,G
1-PB2,1076,0,6,1130,0,1136,G
1-PB2,1077,0,1,1141,0,1142,G
1-PB2,1078,2,1114,0,0,1116,T
1-PB2,1079,1116,1,1,0,1118,A
1-PB2,1080,0,1110,0,0,1110,T
1-PB2,1081,0,3,1120,0,1123,G
1-PB2,1082,1114,0,1,0,1115,A
1-PB2,1083,0,5,1106,0,1111,G
1-PB2,1084,1,2,1095,0,1098,G
1-PB2,1085,1036,0,1,0,1037,A
1-PB2,1086,1,1,1066,0,1068,G
1-PB2,1087,0,1064,0,0,1064,T
1-PB2,1088,0,1099,0,0,1099,T
1-PB2,1089,3,0,0,1102,1105,C
1-PB2,1090,1106,0,1,0,1107,A
1-PB2,1091,0,0,0,1102,1102,C
1-PB2,1092,1106,0,0,0,1106,A
1-PB2,1093,1114,0,1,0,1115,A
1-PB2,1094,0,1107,0,1,1108,T
1-PB2,1095,1,5,1077,0,1083,G
1-PB2,1096,0,0,1091,1,1092,G
1-PB2,1097,0,1061,0,0,1061,T
1-PB2,1098,0,5,1058,0,1063,G
1-PB2,1099,1,3,1057,1,1062,G
1-PB2,1100,2,3,1063,0,1068,G
1-PB2,1101,0,2,1067,0,1069,G
1-PB2,1102,1064,0,2,0,1066,A
1-PB2,1103,1070,0,0,0,1070,A
1-PB2,1104,1065,0,2,0,1067,A
1-PB2,1105,1052,1,3,0,1056,A
1-PB2,1106,0,6,1057,1,1064,G
1-PB2,1107,1052,0,1,0,1053,A
1-PB2,1108,0,0,1062,0,1062,G
1-PB2,1109,0,0,0,1056,1056,C
1-PB2,1110,1047,0,0,0,1047,A
1-PB2,1111,1046,0,3,0,1049,A
1-PB2,1112,0,0,0,1079,1079,C
1-PB2,1113,1081,0,1,0,1082,A
1-PB2,1114,0,0,1096,0,1096,G
1-PB2,1115,0,1,0,1077,1078,C
1-PB2,1116,0,1075,0,1,1076,T
1-PB2,1117,1104,0,1,0,1105,A
1-PB2,1118,0,1102,0,2,1104,T
1-PB2,1119,1106,0,1,0,1107,A
1-PB2,1120,0,0,1,1108,1109,C
1-PB2,1121,0,1047,0,0,1047,T
1-PB2,1122,1053,0,1,0,1054,A
1-PB2,1123,1031,0,0,0,1031,A
1-PB2,1124,0,2,1034,0,1036,G
1-PB2,1125,1032,0,1,0,1033,A
1-PB2,1126,1003,0,1,0,1004,A
1-PB2,1127,999,0,0,0,999,A
1-PB2,1128,996,0,2,1,999,A
1-PB2,1129,0,0,1001,0,1001,G
1-PB2,1130,0,1,0,1001,1002,C
1-PB2,1131,1003,0,1,0,1004,A
1-PB2,1132,1006,1,1,0,1008,A
1-PB2,1133,0,0,0,1006,1006,C
1-PB2,1134,0,0,0,1011,1011,C
1-PB2,1135,1010,0,0,0,1010,A
1-PB2,1136,0,0,1015,0,1015,G
1-PB2,1137,1002,1,2,0,1005,A
1-PB2,1138,1001,0,1,0,1002,A
1-PB2,1139,0,1,1030,0,1031,G
1-PB2,1140,1028,0,1,0,1029,A
1-PB2,1141,0,1024,0,0,1024,T
1-PB2,1142,0,1016,0,1,1017,T
1-PB2,1143,0,4,1017,0,1021,G
1-PB2,1144,1,1,1039,0,1041,G
1-PB2,1145,0,1036,0,1,1037,T
1-PB2,1146,0,1034,0,0,1034,T
1-PB2,1147,2,0,0,1029,1031,C
1-PB2,1148,1048,0,1,0,1049,A
1-PB2,1149,1,0,1082,0,1083,G
1-PB2,1150,0,0,1,1091,1092,C
1-PB2,1151,1,1076,0,4,1081,T
1-PB2,1152,3,1,0,1091,1095,C
1-PB2,1153,1079,0,3,0,1082,A
1-PB2,1154,1,1087,0,1,1089,T
1-PB2,1155,1089,1,0,0,1090,A
1-PB2,1156,1,0,1099,0,1100,G
1-PB2,1157,0,1042,0,0,1042,T
1-PB2,1158,0,4,1039,0,1043,G
1-PB2,1159,1014,0,0,0,1014,A
1-PB2,1160,0,1,1029,0,1030,G
1-PB2,1161,1,1025,0,2,1028,T
1-PB2,1162,0,5,1018,0,1023,G
1-PB2,1163,1,3,1028,0,1032,G
1-PB2,1164,1029,0,0,0,1029,A
1-PB2,1165,1026,0,0,0,1026,A
1-PB2,1166,0,4,1022,0,1026,G
1-PB2,1167,1012,1,1,0,1014,A
1-PB2,1168,0,1,1016,0,1017,G
1-PB2,1169,1011,0,2,0,1013,A
1-PB2,1170,0,1,0,1015,1016,C
1-PB2,1171,1,1,1011,0,1013,G
1-PB2,1172,1004,1,0,0,1005,A
1-PB2,1173,1002,0,2,0,1004,A
1-PB2,1174,0,1,0,1004,1005,C
1-PB2,1175,995,0,0,0,995,A
1-PB2,1176,0,1,1042,1,1044,G
1-PB2,1177,0,1036,0,0,1036,T
1-PB2,1178,5,0,0,1031,1036,C
1-PB2,1179,1041,0,0,0,1041,A
1-PB2,1180,1038,0,0,0,1038,A
1-PB2,1181,0,1041,0,0,1041,T
1-PB2,1182,1036,0,0,0,1036,A
1-PB2,1183,0,0,1037,0,1037,G
1-PB2,1184,0,1,0,1031,1032,C
1-PB2,1185,4,0,0,990,994,C
1-PB2,1186,2,3,976,0,981,G
1-PB2,1187,986,0,1,0,987,A
1-PB2,1188,988,0,0,0,988,A
1-PB2,1189,1,1,1002,0,1004,G
1-PB2,1190,1,1,0,1015,1017,C
1-PB2,1191,1021,0,1,0,1022,A
1-PB2,1192,1018,0,0,0,1018,A
1-PB2,1193,0,1022,0,0,1022,T
1-PB2,1194,1029,0,1,0,1030,A
1-PB2,1195,1046,1,1,0,1048,A
1-PB2,1196,0,1040,0,0,1040,T
1-PB2,1197,3,0,0,1031,1034,C
1-PB2,1198,2,0,1031,0,1033,G
1-PB2,1199,0,1011,0,0,1011,T
1-PB2,1200,0,0,1006,0,1006,G
1-PB2,1201,0,1,1023,0,1024,G
1-PB2,1202,0,0,0,1020,1020,C
1-PB2,1203,4,0,1,1012,1017,C
1-PB2,1204,1005,0,0,0,1005,A
1-PB2,1205,1,1002,0,1,1004,T
1-PB2,1206,1,4,1002,0,1007,G
1-PB2,1207,0,0,1023,0,1023,G
1-PB2,1208,0,1021,0,1,1022,T
1-PB2,1209,0,0,1034,0,1034,G
1-PB2,1210,0,1012,0,1,1013,T
1-PB2,1211,0,1027,0,0,1027,T
1-PB2,1212,0,1031,0,0,1031,T
1-PB2,1213,0,1032,0,1,1033,T
1-PB2,1214,1,1,0,1050,1052,C
1-PB2,1215,1050,0,2,0,1052,A
1-PB2,1216,1,0,0,1091,1092,C
1-PB2,1217,1078,0,1,1,1080,A
1-PB2,1218,1085,0,0,0,1085,A
1-PB2,1219,1,2,1086,0,1089,G
1-PB2,1220,1082,0,0,0,1082,A
1-PB2,1221,51,3,1046,0,1100,G
1-PB2,1222,0,2,1101,0,1103,G
1-PB2,1223,1089,0,1,1,1091,A
1-PB2,1224,1,1094,0,0,1095,T
1-PB2,1225,0,1081,0,0,1081,T
1-PB2,1226,0,0,1080,0,1080,G
1-PB2,1227,0,1,0,1053,1054,C
1-PB2,1228,1068,0,0,0,1068,A
1-PB2,1229,1,1081,0,1,1083,T
1-PB2,1230,0,4,1133,0,1137,G
1-PB2,1231,1138,0,0,0,1138,A
1-PB2,1232,1,1146,0,0,1147,T
1-PB2,1233,1139,0,1,0,1140,A
1-PB2,1234,1136,0,0,0,1136,A
1-PB2,1235,1145,0,0,0,1145,A
1-PB2,1236,1147,0,1,0,1148,A
1-PB2,1237,0,0,1154,0,1154,G
1-PB2,1238,0,0,0,1184,1184,C
1-PB2,1239,1193,0,1,0,1194,A
1-PB2,1240,0,0,1226,0,1226,G
1-PB2,1241,0,1221,0,1,1222,T
1-PB2,1242,0,1218,1,0,1219,T
1-PB2,1243,1222,0,1,0,1223,A
1-PB2,1244,0,3,1232,0,1235,G
1-PB2,1245,1227,0,1,0,1228,A
1-PB2,1246,0,2,1234,0,1236,G
1-PB2,1247,1,1,1228,1,1231,G
1-PB2,1248,1,1189,0,2,1192,T
1-PB2,1249,0,13,1185,0,1198,G
1-PB2,1250,1208,0,1,0,1209,A
1-PB2,1251,0,1,0,1208,1209,C
1-PB2,1252,1,0,0,1216,1217,C
1-PB2,1253,0,1172,0,5,1177,T
1-PB2,1254,0,8,1167,0,1175,G
1-PB2,1255,1172,1,0,0,1173,A
1-PB2,1256,1172,0,1,0,1173,A
1-PB2,1257,0,1171,0,2,1173,T
1-PB2,1258,0,1183,0,0,1183,T
1-PB2,1259,0,1184,0,0,1184,T
1-PB2,1260,4,0,0,1176,1180,C
1-PB2,1261,2,0,1179,0,1181,G
1-PB2,1262,0,1174,0,2,1176,T
1-PB2,1263,4,0,0,1177,1181,C
1-PB2,1264,1176,1,0,0,1177,A
1-PB2,1265,1182,0,0,0,1182,A
1-PB2,1266,0,1,0,1184,1185,C
1-PB2,1267,1167,0,1,0,1168,A
1-PB2,1268,0,4,1186,0,1190,G
1-PB2,1269,1178,0,2,0,1180,A
1-PB2,1270,1,0,1184,0,1185,G
1-PB2,1271,0,0,0,1187,1187,C
1-PB2,1272,1187,0,0,0,1187,A
1-PB2,1273,1200,0,0,0,1200,A
1-PB2,1274,1203,0,0,0,1203,A
1-PB2,1275,0,1199,0,0,1199,T
1-PB2,1276,4,0,0,1203,1207,C
1-PB2,1277,1194,0,0,0,1194,A
1-PB2,1278,0,0,1195,0,1195,G
1-PB2,1279,0,1,0,1198,1199,C
1-PB2,1280,3,1,1193,0,1197,G
1-PB2,1281,0,0,1275,0,1275,G
1-PB2,1282,0,1266,1,2,1269,T
1-PB2,1283,0,1263,0,0,1263,T
1-PB2,1284,4,6,1254,0,1264,G
1-PB2,1285,1269,0,0,0,1269,A
1-PB2,1286,1270,0,1,0,1271,A
1-PB2,1287,0,0,0,1282,1282,C
1-PB2,1288,3,1,0,1272,1276,C
1-PB2,1289,3,0,0,1279,1282,C
1-PB2,1290,4,0,0,1232,1236,C
1-PB2,1291,1248,0,1,0,1249,A
1-PB2,1292,0,1254,0,2,1256,T
1-PB2,1293,1,1,1260,0,1262,G
1-PB2,1294,0,0,1,1262,1263,C
1-PB2,1295,1252,0,2,0,1254,A
1-PB2,1296,0,1239,0,2,1241,T
1-PB2,1297,3,2,0,1232,1237,C
1-PB2,1298,1225,0,3,0,1228,A
1-PB2,1299,0,0,1261,0,1261,G
1-PB2,1300,1,0,0,1270,1271,C
1-PB2,1301,0,1252,0,0,1252,T
1-PB2,1302,0,1250,0,0,1250,T
1-PB2,1303,0,1244,0,0,1244,T
1-PB2,1304,0,1247,0,0,1247,T
1-PB2,1305,1246,1,0,0,1247,A
1-PB2,1306,1242,2,1,0,1245,A
1-PB2,1307,1,1,1245,0,1247,G
1-PB2,1308,1,3,1230,0,1234,G
1-PB2,1309,0,0,0,1232,1232,C
1-PB2,1310,1224,1,0,0,1225,A
1-PB2,1311,0,1226,2,0,1228,T
1-PB2,1312,1,1223,0,1,1225,T
1-PB2,1313,0,1229,0,0,1229,T
1-PB2,1314,0,1232,0,0,1232,T
1-PB2,1315,4,1,0,1230,1235,C
1-PB2,1316,1229,0,1,0,1230,A
1-PB2,1317,0,2,1232,0,1234,G
1-PB2,1318,1232,0,0,0,1232,A
1-PB2,1319,1227,0,2,0,1229,A
1-PB2,1320,1230,0,2,0,1232,A
1-PB2,1321,0,0,1234,0,1234,G
1-PB2,1322,1246,0,1,0,1247,A
1-PB2,1323,0,1247,0,1,1248,T
1-PB2,1324,5,0,1243,0,1248,G
1-PB2,1325,0,0,0,1250,1250,C
1-PB2,1326,1,4,1248,0,1253,G
1-PB2,1327,1254,0,0,0,1254,A
1-PB2,1328,1256,0,0,0,1256,A
1-PB2,1329,1252,0,0,0,1252,A
1-PB2,1330,0,1,1253,0,1254,G
1-PB2,1331,0,1245,0,0,1245,T
1-PB2,1332,0,1,1243,0,1244,G
1-PB2,1333,0,0,0,1240,1240,C
1-PB2,1334,0,1243,0,2,1245,T
1-PB2,1335,0,1242,0,0,1242,T
1-PB2,1336,0,1246,0,0,1246,T
1-PB2,1337,0,1246,0,0,1246,T
1-PB2,1338,0,1245,0,1,1246,T
1-PB2,1339,1,1,0,1241,1243,C
1-PB2,1340,1240,0,0,0,1240,A
1-PB2,1341,1253,0,0,0,1253,A
1-PB2,1342,1245,0,0,0,1245,A
1-PB2,1343,1258,0,0,0,1258,A
1-PB2,1344,0,1250,0,0,1250,T
1-PB2,1345,0,1252,0,0,1252,T
1-PB2,1346,1,7,1250,0,1258,G
1-PB2,1347,0,2,1254,0,1256,G
1-PB2,1348,1,3,1253,0,1257,G
1-PB2,1349,0,2,1278,0,1280,G
1-PB2,1350,1267,0,2,0,1269,A
1-PB2,1351,0,0,1275,0,1275,G
1-PB2,1352,0,1264,0,11,1275,T
1-PB2,1353,0,1271,0,2,1273,T
1-PB2,1354,0,9,1267,0,1276,G
1-PB2,1355,1280,0,0,0,1280,A
1-PB2,1356,1281,2,1,0,1284,A
1-PB2,1357,1,0,0,1276,1277,C
1-PB2,1358,1262,0,0,9,1271,A
1-PB2,1359,1258,0,0,0,1258,A
1-PB2,1360,1291,1,1,0,1293,A
1-PB2,1361,1,1293,0,1,1295,T
1-PB2,1362,5,0,1,1299,1305,C
1-PB2,1363,0,7,1294,0,1301,G
1-PB2,1364,1311,0,0,0,1311,A
1-PB2,1365,0,0,0,1307,1307,C
1-PB2,1366,1288,0,2,0,1290,A
1-PB2,1367,4,0,1334,0,1338,G
1-PB2,1368,0,1324,0,1,1325,T
1-PB2,1369,0,0,1349,0,1349,G
1-PB2,1370,0,1343,0,1,1344,T
1-PB2,1371,1,5,1346,0,1352,G
1-PB2,1372,1347,0,4,0,1351,A
1-PB2,1373,1,1347,0,0,1348,T
1-PB2,1374,0,5,1345,0,1350,G
1-PB2,1375,0,3,1344,0,1347,G
1-PB2,1376,2,2,1326,1,1331,G
1-PB2,1377,1323,0,2,0,1325,A
1-PB2,1378,1311,0,0,0,1311,A
1-PB2,1379,0,1303,0,0,1303,T
1-PB2,1380,0,11,1311,0,1322,G
1-PB2,1381,1322,0,0,0,1322,A
1-PB2,1382,1,1321,0,1,1323,T
1-PB2,1383,0,1321,0,1,1322,T
1-PB2,1384,1,3,1309,0,1313,G
1-PB2,1385,0,3,1337,0,1340,G
1-PB2,1386,1335,0,2,0,1337,A
1-PB2,1387,0,0,1360,0,1360,G
1-PB2,1388,0,1339,0,0,1339,T
1-PB2,1389,1325,1,1,0,1327,A
1-PB2,1390,0,1327,0,1,1328,T
1-PB2,1391,0,1331,0,1,1332,T
1-PB2,1392,1344,1,1,0,1346,A
1-PB2,1393,4,0,0,1340,1344,C
1-PB2,1394,7,0,0,1313,1320,C
1-PB2,1395,1319,0,0,0,1319,A
1-PB2,1396,0,0,1329,0,1329,G
1-PB2,1397,1350,0,1,0,1351,A
1-PB2,1398,0,1342,0,0,1342,T
1-PB2,1399,1331,2,0,0,1333,A
1-PB2,1400,0,1321,0,0,1321,T
1-PB2,1401,0,10,1307,1,1318,G
1-PB2,1402,1315,0,2,0,1317,A
1-PB2,1403,0,0,0,1334,1334,C
1-PB2,1404,0,1321,0,2,1323,T
1-PB2,1405,4,0,0,1319,1323,C
1-PB2,1406,5,1,0,1299,1305,C
1-PB2,1407,1310,0,2,0,1312,A
1-PB2,1408,1318,0,0,0,1318,A
1-PB2,1409,0,1,1352,0,1353,G
1-PB2,1410,0,1,0,1346,1347,C
1-PB2,1411,1342,0,1,0,1343,A
1-PB2,1412,0,1,0,1341,1342,C
1-PB2,1413,1323,0,1,0,1324,A
1-PB2,1414,1,3,1322,0,1326,G
1-PB2,1415,1318,1,0,0,1319,A
1-PB2,1416,0,1,1336,0,1337,G
1-PB2,1417,1348,1,0,0,1349,A
1-PB2,1418,0,1312,0,1,1313,T
1-PB2,1419,0,1,1335,0,1336,G
1-PB2,1420,1,1329,1,0,1331,T
1-PB2,1421,5,0,0,1314,1319,C
1-PB2,1422,1325,0,1,0,1326,A
1-PB2,1423,1322,0,0,1,1323,A
1-PB2,1424,0,1319,0,0,1319,T
1-PB2,1425,1,4,1310,0,1315,G
1-PB2,1426,1292,0,0,0,1292,A
1-PB2,1427,1,4,1288,1,1294,G
1-PB2,1428,1272,0,2,0,1274,A
1-PB2,1429,0,4,1281,0,1285,G
1-PB2,1430,1,6,1359,0,1366,G
1-PB2,1431,1364,0,0,0,1364,A
1-PB2,1432,1364,0,1,0,1365,A
1-PB2,1433,0,1364,0,0,1364,T
1-PB2,1434,1362,0,1,0,1363,A
1-PB2,1435,1361,0,1,0,1362,A
1-PB2,1436,1,5,1359,0,1365,G
1-PB2,1437,1358,0,1,0,1359,A
1-PB2,1438,0,0,1363,0,1363,G
1-PB2,1439,1,1284,0,0,1285,T
1-PB2,1440,7,1,0,1275,1283,C
1-PB2,1441,1282,0,5,0,1287,A
1-PB2,1442,0,1,1293,1,1295,G
1-PB2,1443,1,0,0,1302,1303,C
1-PB2,1444,1299,0,1,0,1300,A
1-PB2,1445,1304,2,1,0,1307,A
1-PB2,1446,1295,1,0,0,1296,A
1-PB2,1447,1301,0,0,0,1301,A
1-PB2,1448,0,1300,0,0,1300,T
1-PB2,1449,0,3,1298,0,1301,G
1-PB2,1450,0,3,1302,0,1305,G
1-PB2,1451,1,0,1312,0,1313,G
1-PB2,1452,1,1305,0,1,1307,T
1-PB2,1453,0,1,1305,0,1306,G
1-PB2,1454,0,1305,0,1,1306,T
1-PB2,1455,0,4,1304,0,1308,G
1-PB2,1456,0,1,1316,0,1317,G
1-PB2,1457,1319,0,1,1,1321,A
1-PB2,1458,0,1296,0,3,1299,T
1-PB2,1459,0,6,1303,0,1309,G
1-PB2,1460,1300,0,2,1,1303,A
1-PB2,1461,1309,0,1,0,1310,A
1-PB2,1462,0,1309,0,0,1309,T
1-PB2,1463,1298,0,0,0,1298,A
1-PB2,1464,0,0,0,1381,1381,C
1-PB2,1465,1,1342,0,2,1345,T
1-PB2,1466,3,0,0,1357,1360,C
1-PB2,1467,4,0,0,1353,1357,C
1-PB2,1468,1353,0,0,0,1353,A
1-PB2,1469,1,0,1399,0,1400,G
1-PB2,1470,0,1386,0,1,1387,T
1-PB2,1471,1391,0,1,0,1392,A
1-PB2,1472,0,0,0,1398,1398,C
1-PB2,1473,1264,0,3,0,1267,A
1-PB2,1474,0,3,1269,0,1272,G
1-PB2,1475,1246,0,1,0,1247,A
1-PB2,1476,0,3,1250,0,1253,G
1-PB2,1477,1217,0,2,0,1219,A
1-PB2,1478,1,6,1177,0,1184,G
1-PB2,1479,0,5,1179,0,1184,G
1-PB2,1480,0,1,1182,0,1183,G
1-PB2,1481,1,1158,0,2,1161,T
1-PB2,1482,1,1,1164,1,1167,G
1-PB2,1483,0,1,1170,0,1171,G
1-PB2,1484,0,1164,0,0,1164,T
1-PB2,1485,0,3,1188,0,1191,G
1-PB2,1486,0,0,1195,0,1195,G
1-PB2,1487,0,1163,0,1,1164,T
1-PB2,1488,0,1160,0,0,1160,T
1-PB2,1489,1141,0,1,0,1142,A
1-PB2,1490,0,1,1143,0,1144,G
1-PB2,1491,0,1,0,1140,1141,C
1-PB2,1492,1143,0,1,0,1144,A
1-PB2,1493,1,1140,0,0,1141,T
1-PB2,1494,1,1089,0,0,1090,T
1-PB2,1495,0,6,1085,1,1092,G
1-PB2,1496,1086,1,1,0,1088,A
1-PB2,1497,1,1082,0,1,1084,T
1-PB2,1498,5,2,0,1081,1088,C
1-PB2,1499,2,2,1075,0,1079,G
1-PB2,1500,0,0,1103,0,1103,G
1-PB2,1501,1,1095,0,2,1098,T
1-PB2,1502,0,1094,0,0,1094,T
1-PB2,1503,0,1097,0,0,1097,T
1-PB2,1504,0,1097,0,0,1097,T
1-PB2,1505,0,1099,0,0,1099,T
1-PB2,1506,1,4,1094,0,1099,G
1-PB2,1507,1095,0,2,1,1098,A
1-PB2,1508,0,4,1100,0,1104,G
1-PB2,1509,1062,0,0,0,1062,A
1-PB2,1510,0,1,1068,0,1069,G
1-PB2,1511,0,1072,0,0,1072,T
1-PB2,1512,0,1067,0,0,1067,T
1-PB2,1513,3,1,0,1065,1069,C
1-PB2,1514,1,2,1065,0,1068,G
1-PB2,1515,1067,2,2,0,1071,A
1-PB2,1516,0,6,1066,0,1072,G
1-PB2,1517,1071,0,2,0,1073,A
1-PB2,1518,0,0,0,1071,1071,C
1-PB2,1519,3,1,0,1064,1068,C
1-PB2,1520,1058,1,1,0,1060,A
1-PB2,1521,1069,0,1,0,1070,A
1-PB2,1522,2,2,1,1067,1072,C
1-PB2,1523,0,0,1073,1,1074,G
1-PB2,1524,0,1065,0,0,1065,T
1-PB2,1525,0,4,1059,0,1063,G
1-PB2,1526,5,3,1059,0,1067,G
1-PB2,1527,0,2,1066,0,1068,G
1-PB2,1528,1061,0,0,0,1061,A
1-PB2,1529,1064,0,0,0,1064,A
1-PB2,1530,0,1041,0,0,1041,T
1-PB2,1531,0,0,1076,0,1076,G
1-PB2,1532,0,1070,0,2,1072,T
1-PB2,1533,1066,0,1,0,1067,A
1-PB2,1534,0,1068,0,0,1068,T
1-PB2,1535,0,1049,0,0,1049,T
1-PB2,1536,1061,0,0,0,1061,A
1-PB2,1537,0,1051,0,0,1051,T
1-PB2,1538,0,1039,0,1,1040,T
1-PB2,1539,1038,1,0,0,1039,A
1-PB2,1540,0,922,0,0,922,T
1-PB2,1541,2,0,0,955,957,C
1-PB2,1542,0,943,0,1,944,T
1-PB2,1543,4,0,0,945,949,C
1-PB2,1544,5,1,0,948,954,C
1-PB2,1545,0,927,0,0,927,T
1-PB2,1546,0,3,933,0,936,G
1-PB2,1547,932,0,0,0,932,A
1-PB2,1548,0,1,936,0,937,G
1-PB2,1549,0,0,938,0,938,G
1-PB2,1550,847,0,1,0,848,A
1-PB2,1551,0,1,858,0,859,G
1-PB2,1552,0,0,855,0,855,G
1-PB2,1553,0,823,0,0,823,T
1-PB2,1554,8,0,0,813,821,C
1-PB2,1555,816,0,2,0,818,A
1-PB2,1556,0,0,835,0,835,G
1-PB2,1557,1,828,0,1,830,T
1-PB2,1558,0,0,830,0,830,G
1-PB2,1559,830,0,2,0,832,A
1-PB2,1560,801,0,0,0,801,A
1-PB2,1561,807,0,0,0,807,A
1-PB2,1562,0,0,0,805,805,C
1-PB2,1563,805,0,0,0,805,A
1-PB2,1564,0,0,0,804,804,C
1-PB2,1565,766,0,1,0,767,A
1-PB2,1566,1,0,770,0,771,G
1-PB2,1567,0,0,770,0,770,G
1-PB2,1568,0,2,775,0,777,G
1-PB2,1569,771,0,4,0,775,A
1-PB2,1570,765,0,0,0,765,A
1-PB2,1571,0,0,0,771,771,C
1-PB2,1572,0,759,0,0,759,T
1-PB2,1573,0,2,756,1,759,G
1-PB2,1574,757,0,0,0,757,A
1-PB2,1575,0,2,753,0,755,G
1-PB2,1576,735,0,0,0,735,A
1-PB2,1577,0,2,695,0,697,G
1-PB2,1578,695,0,0,0,695,A
1-PB2,1579,0,1,0,693,694,C
1-PB2,1580,0,667,0,0,667,T
1-PB2,1581,0,2,680,0,682,G
1-PB2,1582,680,0,0,0,680,A
1-PB2,1583,0,0,0,683,683,C
1-PB2,1584,676,0,1,0,677,A
1-PB2,1585,679,0,0,0,679,A
1-PB2,1586,0,678,0,0,678,T
1-PB2,1587,682,0,1,0,683,A
1-PB2,1588,684,0,0,0,684,A
1-PB2,1589,0,0,0,688,688,C
1-PB2,1590,1,655,0,1,657,T
1-PB2,1591,0,649,0,0,649,T
1-PB2,1592,642,0,0,0,642,A
1-PB2,1593,0,641,0,0,641,T
1-PB2,1594,0,643,0,0,643,T
1-PB2,1595,3,0,0,638,641,C
1-PB2,1596,604,0,0,0,604,A
1-PB2,1597,0,604,0,0,604,T
1-PB2,1598,1,0,0,583,584,C
1-PB2,1599,1,0,583,0,584,G
1-PB2,1600,1,589,0,0,590,T
1-PB2,1601,2,0,0,579,581,C
1-PB2,1602,0,0,580,0,580,G
1-PB2,1603,582,0,0,0,582,A
1-PB2,1604,0,579,1,0,580,T
1-PB2,1605,0,1,578,0,579,G
1-PB2,1606,575,0,0,0,575,A
1-PB2,1607,0,575,1,0,576,T
1-PB2,1608,0,0,571,0,571,G
1-PB2,1609,0,548,0,2,550,T
1-PB2,1610,0,2,550,0,552,G
1-PB2,1611,2,2,550,0,554,G
1-PB2,1612,0,3,548,0,551,G
1-PB2,1613,542,0,0,0,542,A
1-PB2,1614,0,2,545,0,547,G
1-PB2,1615,518,0,0,0,518,A
1-PB2,1616,0,512,0,0,512,T
1-PB2,1617,0,498,0,0,498,T
1-PB2,1618,491,0,0,0,491,A
1-PB2,1619,492,0,0,0,492,A
1-PB2,1620,0,0,0,487,487,C
1-PB2,1621,0,2,459,0,461,G
1-PB2,1622,1,1,473,0,475,G
1-PB2,1623,0,438,0,1,439,T
1-PB2,1624,2,0,0,430,432,C
1-PB2,1625,0,0,0,433,433,C
1-PB2,1626,0,391,0,0,391,T
1-PB2,1627,0,0,393,0,393,G
1-PB2,1628,393,0,0,0,393,A
1-PB2,1629,0,0,391,0,391,G
1-PB2,1630,0,394,0,0,394,T
1-PB2,1631,1,1,0,381,383,C
1-PB2,1632,0,1,379,0,380,G
1-PB2,1633,0,2,388,0,390,G
1-PB2,1634,0,388,0,0,388,T
1-PB2,1635,0,390,0,0,390,T
1-PB2,1636,0,390,0,0,390,T
1-PB2,1637,0,386,0,0,386,T
1-PB2,1638,1,2,388,0,391,G
1-PB2,1639,0,1,397,0,398,G
1-PB2,1640,0,397,0,0,397,T
1-PB2,1641,1,0,0,396,397,C
1-PB2,1642,393,0,0,0,393,A
1-PB2,1643,410,0,0,0,410,A
1-PB2,1644,0,409,0,0,409,T
1-PB2,1645,412,0,0,0,412,A
1-PB2,1646,0,0,0,418,418,C
1-PB2,1647,1,0,0,405,406,C
1-PB2,1648,0,406,0,0,406,T
1-PB2,1649,408,0,1,0,409,A
1-PB2,1650,0,410,0,0,410,T
1-PB2,1651,2,0,0,408,410,C
1-PB2,1652,393,0,0,0,393,A
1-PB2,1653,391,0,0,0,391,A
1-PB2,1654,0,387,0,0,387,T
1-PB2,1655,0,2,380,0,382,G
1-PB2,1656,1,0,378,0,379,G
1-PB2,1657,376,0,1,0,377,A
1-PB2,1658,0,369,0,1,370,T
1-PB2,1659,2,0,0,367,369,C
1-PB2,1660,373,0,0,0,373,A
1-PB2,1661,0,374,0,0,374,T
1-PB2,1662,0,0,0,372,372,C
1-PB2,1663,374,0,0,0,374,A
1-PB2,1664,0,3,373,0,376,G
1-PB2,1665,374,0,0,0,374,A
1-PB2,1666,371,0,0,0,371,A
1-PB2,1667,377,0,0,0,377,A
1-PB2,1668,0,378,0,0,378,T
1-PB2,1669,0,374,0,0,374,T
1-PB2,1670,2,2,369,0,373,G
1-PB2,1671,0,2,371,0,373,G
1-PB2,1672,0,0,371,0,371,G
1-PB2,1673,373,0,0,0,373,A
1-PB2,1674,372,0,0,0,372,A
1-PB2,1675,0,0,372,0,372,G
1-PB2,1676,0,0,0,369,369,C
1-PB2,1677,0,369,0,0,369,T
1-PB2,1678,0,0,376,0,376,G
1-PB2,1679,0,377,0,0,377,T
1-PB2,1680,4,0,0,373,377,C
1-PB2,1681,376,0,2,0,378,A
1-PB2,1682,377,0,0,0,377,A
1-PB2,1683,376,0,1,0,377,A
1-PB2,1684,376,0,0,1,377,A
1-PB2,1685,0,378,0,0,378,T
1-PB2,1686,0,378,0,0,378,T
1-PB2,1687,1,0,0,376,377,C
1-PB2,1688,374,0,0,0,374,A
1-PB2,1689,374,0,0,0,374,A
1-PB2,1690,0,373,0,1,374,T
1-PB2,1691,0,0,374,0,374,G
1-PB2,1692,0,0,376,0,376,G
1-PB2,1693,0,377,0,1,378,T
1-PB2,1694,2,0,0,379,381,C
1-PB2,1695,0,381,0,0,381,T
1-PB2,1696,2,0,0,378,380,C
1-PB2,1697,381,0,0,0,381,A
1-PB2,1698,0,0,384,0,384,G
1-PB2,1699,383,0,0,0,383,A
1-PB2,1700,385,1,0,0,386,A
1-PB2,1701,0,385,0,0,385,T
1-PB2,1702,2,0,0,380,382,C
1-PB2,1703,1,0,0,370,371,C
1-PB2,1704,0,370,0,0,370,T
1-PB2,1705,360,0,0,0,360,A
1-PB2,1706,0,0,0,372,372,C
1-PB2,1707,372,0,0,0,372,A
1-PB2,1708,381,0,0,0,381,A
1-PB2,1709,0,376,0,0,376,T
1-PB2,1710,0,1,379,0,380,G
1-PB2,1711,0,378,0,1,379,T
1-PB2,1712,0,374,0,0,374,T
1-PB2,1713,0,0,372,0,372,G
1-PB2,1714,0,371,0,1,372,T
1-PB2,1715,370,0,1,0,371,A
1-PB2,1716,0,0,0,376,376,C
1-PB2,1717,366,0,0,0,366,A
1-PB2,1718,367,0,0,0,367,A
1-PB2,1719,0,1,0,364,365,C
1-PB2,1720,360,0,0,0,360,A
1-PB2,1721,360,0,0,0,360,A
1-PB2,1722,351,0,0,0,351,A
1-PB2,1723,351,1,0,0,352,A
1-PB2,1724,0,353,0,0,353,T
1-PB2,1725,0,3,349,0,352,G
1-PB2,1726,0,1,348,0,349,G
1-PB2,1727,348,0,1,0,349,A
1-PB2,1728,348,0,0,0,348,A
1-PB2,1729,0,348,0,0,348,T
1-PB2,1730,0,348,1,0,349,T
1-PB2,1731,0,349,0,0,349,T
1-PB2,1732,0,3,344,0,347,G
1-PB2,1733,347,0,2,0,349,A
1-PB2,1734,349,0,0,0,349,A
1-PB2,1735,0,0,0,349,349,C
1-PB2,1736,1,0,0,330,331,C
1-PB2,1737,329,0,0,0,329,A
1-PB2,1738,0,331,0,0,331,T
1-PB2,1739,0,330,0,0,330,T
1-PB2,1740,0,331,0,0,331,T
1-PB2,1741,0,0,0,331,331,C
1-PB2,1742,329,0,0,0,329,A
1-PB2,1743,331,0,0,0,331,A
1-PB2,1744,0,331,0,0,331,T
1-PB2,1745,0,1,0,333,334,C
1-PB2,1746,0,329,0,0,329,T
1-PB2,1747,0,326,0,1,327,T
1-PB2,1748,0,329,0,1,330,T
1-PB2,1749,330,0,0,0,330,A
1-PB2,1750,0,0,332,0,332,G
1-PB2,1751,0,331,0,0,331,T
1-PB2,1752,5,1,0,332,338,C
1-PB2,1753,0,0,0,340,340,C
1-PB2,1754,1,0,0,336,337,C
1-PB2,1755,1,0,0,335,336,C
1-PB2,1756,333,0,0,0,333,A
1-PB2,1757,333,0,1,0,334,A
1-PB2,1758,0,0,340,0,340,G
1-PB2,1759,0,0,340,0,340,G
1-PB2,1760,0,0,0,341,341,C
1-PB2,1761,1,0,0,333,334,C
1-PB2,1762,336,0,1,0,337,A
1-PB2,1763,0,337,1,1,339,T
1-PB2,1764,0,339,0,0,339,T
1-PB2,1765,339,0,0,0,339,A
1-PB2,1766,0,0,337,0,337,G
1-PB2,1767,325,0,0,0,325,A
1-PB2,1768,338,0,0,0,338,A
1-PB2,1769,0,0,341,0,341,G
1-PB2,1770,0,0,0,350,350,C
1-PB2,1771,0,0,0,349,349,C
1-PB2,1772,348,0,0,0,348,A
1-PB2,1773,356,0,0,0,356,A
1-PB2,1774,0,356,0,0,356,T
1-PB2,1775,361,0,0,0,361,A
1-PB2,1776,0,0,0,364,364,C
1-PB2,1777,336,0,0,0,336,A
1-PB2,1778,0,0,337,0,337,G
1-PB2,1779,0,325,0,0,325,T
1-PB2,1780,0,0,331,0,331,G
1-PB2,1781,1,0,326,0,327,G
1-PB2,1782,0,0,330,0,330,G
1-PB2,1783,0,316,0,0,316,T
1-PB2,1784,0,318,0,0,318,T
1-PB2,1785,0,319,0,0,319,T
1-PB2,1786,0,0,321,0,321,G
1-PB2,1787,0,319,0,0,319,T
1-PB2,1788,4,0,0,313,317,C
1-PB2,1789,317,0,0,0,317,A
1-PB2,1790,0,0,317,0,317,G
1-PB2,1791,315,0,0,0,315,A
1-PB2,1792,317,0,0,0,317,A
1-PB2,1793,0,3,0,314,317,C
1-PB2,1794,0,311,0,0,311,T
1-PB2,1795,0,0,0,324,324,C
1-PB2,1796,0,325,0,0,325,T
1-PB2,1797,326,0,0,0,326,A
1-PB2,1798,0,328,0,0,328,T
1-PB2,1799,0,325,0,0,325,T
1-PB2,1800,0,0,0,329,329,C
1-PB2,1801,0,0,0,326,326,C
1-PB2,1802,325,0,0,0,325,A
1-PB2,1803,328,0,0,0,328,A
1-PB2,1804,0,0,0,328,328,C
1-PB2,1805,327,0,0,0,327,A
1-PB2,1806,324,0,0,0,324,A
1-PB2,1807,325,0,1,0,326,A
1-PB2,1808,0,327,0,0,327,T
1-PB2,1809,0,2,324,0,326,G
1-PB2,1810,325,0,0,0,325,A
1-PB2,1811,0,0,326,0,326,G
1-PB2,1812,327,0,0,0,327,A
1-PB2,1813,0,1,327,0,328,G
1-PB2,1814,328,0,1,0,329,A
1-PB2,1815,0,0,0,325,325,C
1-PB2,1816,1,0,329,0,330,G
1-PB2,1817,0,333,0,0,333,T
1-PB2,1818,338,0,0,0,338,A
1-PB2,1819,0,0,0,340,340,C
1-PB2,1820,0,337,0,0,337,T
1-PB2,1821,0,338,0,0,338,T
1-PB2,1822,0,0,330,0,330,G
1-PB2,1823,0,0,326,0,326,G
1-PB2,1824,0,0,330,0,330,G
1-PB2,1825,327,0,1,0,328,A
1-PB2,1826,0,0,0,329,329,C
1-PB2,1827,324,0,0,0,324,A
1-PB2,1828,0,325,0,1,326,T
1-PB2,1829,0,327,0,0,327,T
1-PB2,1830,0,326,0,0,326,T
1-PB2,1831,0,2,323,0,325,G
1-PB2,1832,328,0,0,0,328,A
1-PB2,1833,0,1,0,328,329,C
1-PB2,1834,325,0,0,0,325,A
1-PB2,1835,0,1,2,327,330,C
1-PB2,1836,1,0,0,330,331,C
1-PB2,1837,329,0,2,0,331,A
1-PB2,1838,1,0,0,337,338,C
1-PB2,1839,0,0,0,334,334,C
1-PB2,1840,1,0,0,336,337,C
1-PB2,1841,339,0,1,0,340,A
1-PB2,1842,0,1,344,0,345,G
1-PB2,1843,347,0,0,0,347,A
1-PB2,1844,0,359,0,0,359,T
1-PB2,1845,359,0,0,0,359,A
1-PB2,1846,357,0,0,0,357,A
1-PB2,1847,0,354,0,0,354,T
1-PB2,1848,354,0,0,0,354,A
1-PB2,1849,355,0,0,0,355,A
1-PB2,1850,349,0,0,0,349,A
1-PB2,1851,0,0,349,0,349,G
1-PB2,1852,0,0,0,346,346,C
1-PB2,1853,0,331,0,0,331,T
1-PB2,1854,0,331,0,0,331,T
1-PB2,1855,0,0,0,332,332,C
1-PB2,1856,0,332,0,0,332,T
1-PB2,1857,2,0,0,342,344,C
1-PB2,1858,0,0,0,346,346,C
1-PB2,1859,1,1,0,341,343,C
1-PB2,1860,0,342,0,1,343,T
1-PB2,1861,0,342,0,0,342,T
1-PB2,1862,0,341,0,0,341,T
1-PB2,1863,0,341,0,0,341,T
1-PB2,1864,0,0,341,0,341,G
1-PB2,1865,0,0,0,340,340,C
1-PB2,1866,334,0,1,0,335,A
1-PB2,1867,0,0,334,0,334,G
1-PB2,1868,0,0,0,334,334,C
1-PB2,1869,0,333,0,0,333,T
1-PB2,1870,0,0,335,0,335,G
1-PB2,1871,0,0,0,335,335,C
1-PB2,1872,0,333,0,2,335,T
1-PB2,1873,1,0,0,338,339,C
1-PB2,1874,0,0,0,340,340,C
1-PB2,1875,342,0,0,0,342,A
1-PB2,1876,0,0,0,344,344,C
1-PB2,1877,1,0,0,340,341,C
1-PB2,1878,336,1,0,0,337,A
1-PB2,1879,338,1,0,0,339,A
1-PB2,1880,339,0,1,0,340,A
1-PB2,1881,0,0,342,0,342,G
1-PB2,1882,0,0,0,340,340,C
1-PB2,1883,334,0,0,0,334,A
1-PB2,1884,335,0,0,0,335,A
1-PB2,1885,332,1,1,0,334,A
1-PB2,1886,0,0,340,0,340,G
1-PB2,1887,0,1,0,339,340,C
1-PB2,1888,337,0,0,0,337,A
1-PB2,1889,0,0,337,0,337,G
1-PB2,1890,333,0,0,0,333,A
1-PB2,1891,338,0,0,0,338,A
1-PB2,1892,0,339,0,0,339,T
1-PB2,1893,0,0,334,0,334,G
1-PB2,1894,0,1,0,335,336,C
1-PB2,1895,334,0,0,0,334,A
1-PB2,1896,0,0,336,0,336,G
1-PB2,1897,0,335,0,0,335,T
1-PB2,1898,0,341,0,0,341,T
1-PB2,1899,1,0,0,339,340,C
1-PB2,1900,0,332,0,0,332,T
1-PB2,1901,4,0,0,335,339,C
1-PB2,1902,0,341,0,0,341,T
1-PB2,1903,1,340,0,0,341,T
1-PB2,1904,2,0,0,339,341,C
1-PB2,1905,338,0,0,0,338,A
1-PB2,1906,0,0,0,341,341,C
1-PB2,1907,0,327,0,0,327,T
1-PB2,1908,0,0,331,0,331,G
1-PB2,1909,329,0,0,0,329,A
1-PB2,1910,0,0,0,340,340,C
1-PB2,1911,0,334,0,0,334,T
1-PB2,1912,0,0,340,0,340,G
1-PB2,1913,0,338,0,0,338,T
1-PB2,1914,0,3,337,0,340,G
1-PB2,1915,341,0,0,0,341,A
1-PB2,1916,344,0,0,0,344,A
1-PB2,1917,0,338,0,0,338,T
1-PB2,1918,0,0,340,0,340,G
1-PB2,1919,0,330,0,0,330,T
1-PB2,1920,0,0,334,0,334,G
1-PB2,1921,329,0,0,0,329,A
1-PB2,1922,0,2,327,0,329,G
1-PB2,1923,1,0,325,0,326,G
1-PB2,1924,0,2,324,0,326,G
1-PB2,1925,0,0,333,0,333,G
1-PB2,1926,328,0,0,0,328,A
1-PB2,1927,0,329,0,0,329,T
1-PB2,1928,1,0,0,329,330,C
1-PB2,1929,325,0,0,0,325,A
1-PB2,1930,0,0,327,0,327,G
1-PB2,1931,0,0,329,0,329,G
1-PB2,1932,0,0,328,0,328,G
1-PB2,1933,327,0,0,0,327,A
1-PB2,1934,0,317,0,0,317,T
1-PB2,1935,0,2,315,0,317,G
1-PB2,1936,315,0,1,0,316,A
1-PB2,1937,1,1,326,0,328,G
1-PB2,1938,327,0,0,0,327,A
1-PB2,1939,323,0,0,0,323,A
1-PB2,1940,0,327,0,0,327,T
1-PB2,1941,326,0,0,0,326,A
1-PB2,1942,0,0,0,332,332,C
1-PB2,1943,0,323,0,0,323,T
1-PB2,1944,0,321,0,0,321,T
1-PB2,1945,0,0,323,0,323,G
1-PB2,1946,0,310,0,0,310,T
1-PB2,1947,309,0,1,0,310,A
1-PB2,1948,309,0,0,0,309,A
1-PB2,1949,0,2,299,0,301,G
1-PB2,1950,0,0,301,0,301,G
1-PB2,1951,0,2,291,0,293,G
1-PB2,1952,0,0,291,0,291,G
1-PB2,1953,0,0,0,293,293,C
1-PB2,1954,292,0,0,0,292,A
1-PB2,1955,294,0,0,0,294,A
1-PB2,1956,0,296,0,0,296,T
1-PB2,1957,0,297,0,0,297,T
1-PB2,1958,1,0,0,302,303,C
1-PB2,1959,0,297,0,2,299,T
1-PB2,1960,1,1,0,302,304,C
1-PB2,1961,0,0,0,301,301,C
1-PB2,1962,0,296,0,1,297,T
1-PB2,1963,1,0,303,0,304,G
1-PB2,1964,0,289,0,0,289,T
1-PB2,1965,288,1,0,1,290,A
1-PB2,1966,0,287,0,0,287,T
1-PB2,1967,0,283,0,0,283,T
1-PB2,1968,2,0,0,280,282,C
1-PB2,1969,281,0,0,0,281,A
1-PB2,1970,285,0,0,0,285,A
1-PB2,1971,0,1,0,285,286,C
1-PB2,1972,0,278,0,0,278,T
1-PB2,1973,280,0,0,0,280,A
1-PB2,1974,0,0,0,287,287,C
1-PB2,1975,283,0,0,0,283,A
1-PB2,1976,282,0,0,0,282,A
1-PB2,1977,0,0,0,278,278,C
1-PB2,1978,278,0,0,0,278,A
1-PB2,1979,276,0,1,0,277,A
1-PB2,1980,0,1,277,0,278,G
1-PB2,1981,278,0,0,0,278,A
1-PB2,1982,0,0,0,279,279,C
1-PB2,1983,0,0,0,269,269,C
1-PB2,1984,270,0,0,0,270,A
1-PB2,1985,1,0,0,279,280,C
1-PB2,1986,0,279,0,0,279,T
1-PB2,1987,280,0,0,0,280,A
1-PB2,1988,278,0,0,0,278,A
1-PB2,1989,280,0,0,0,280,A
1-PB2,1990,277,0,0,0,277,A
1-PB2,1991,0,0,285,0,285,G
1-PB2,1992,286,0,0,0,286,A
1-PB2,1993,0,1,0,285,286,C
1-PB2,1994,0,272,0,1,273,T
1-PB2,1995,275,0,0,0,275,A
1-PB2,1996,276,0,0,0,276,A
1-PB2,1997,0,0,0,277,277,C
1-PB2,1998,275,0,0,0,275,A
1-PB2,1999,273,0,0,0,273,A
1-PB2,2000,0,271,0,0,271,T
1-PB2,2001,0,269,0,0,269,T
1-PB2,2002,0,0,0,269,269,C
1-PB2,2003,0,268,0,1,269,T
1-PB2,2004,0,0,0,271,271,C
1-PB2,2005,0,1,271,0,272,G
1-PB2,2006,0,0,272,0,272,G
1-PB2,2007,272,0,0,0,272,A
1-PB2,2008,273,0,0,0,273,A
1-PB2,2009,272,0,0,0,272,A
1-PB2,2010,270,0,3,0,273,A
1-PB2,2011,0,0,275,0,275,G
1-PB2,2012,274,0,1,0,275,A
1-PB2,2013,0,274,0,0,274,T
1-PB2,2014,0,0,275,0,275,G
1-PB2,2015,0,0,0,275,275,C
1-PB2,2016,0,0,0,274,274,C
1-PB2,2017,0,1,275,0,276,G
1-PB2,2018,0,0,275,0,275,G
1-PB2,2019,0,0,0,275,275,C
1-PB2,2020,275,0,0,0,275,A
1-PB2,2021,0,0,0,288,288,C
1-PB2,2022,0,285,0,0,285,T
1-PB2,2023,0,285,0,0,285,T
1-PB2,2024,0,287,0,0,287,T
1-PB2,2025,288,0,0,0,288,A
1-PB2,2026,288,0,0,0,288,A
1-PB2,2027,0,288,0,0,288,T
1-PB2,2028,0,288,0,0,288,T
1-PB2,2029,0,0,288,0,288,G
1-PB2,2030,277,0,4,0,281,A
1-PB2,2031,281,0,1,0,282,A
1-PB2,2032,0,0,283,0,283,G
1-PB2,2033,287,0,0,0,287,A
1-PB2,2034,0,0,0,288,288,C
1-PB2,2035,1,0,0,283,284,C
1-PB2,2036,1,0,0,283,284,C
1-PB2,2037,282,1,0,0,283,A
1-PB2,2038,0,0,287,0,287,G
1-PB2,2039,288,0,0,0,288,A
1-PB2,2040,0,289,0,0,289,T
1-PB2,2041,0,0,287,0,287,G
1-PB2,2042,280,0,0,0,280,A
1-PB2,2043,281,0,0,0,281,A
1-PB2,2044,280,0,0,0,280,A
1-PB2,2045,1,0,282,0,283,G
1-PB2,2046,0,0,0,282,282,C
1-PB2,2047,274,0,0,0,274,A
1-PB2,2048,0,0,0,279,279,C
1-PB2,2049,278,0,0,0,278,A
1-PB2,2050,0,282,0,0,282,T
1-PB2,2051,1,0,0,282,283,C
1-PB2,2052,0,0,0,279,279,C
1-PB2,2053,0,0,280,0,280,G
1-PB2,2054,0,0,283,0,283,G
1-PB2,2055,284,0,0,0,284,A
1-PB2,2056,0,1,283,0,284,G
1-PB2,2057,0,275,0,1,276,T
1-PB2,2058,0,0,275,0,275,G
1-PB2,2059,0,1,274,0,275,G
1-PB2,2060,272,0,0,0,272,A
1-PB2,2061,0,0,275,0,275,G
1-PB2,2062,0,271,0,0,271,T
1-PB2,2063,0,0,0,272,272,C
1-PB2,2064,1,0,0,272,273,C
1-PB2,2065,0,0,272,0,272,G
1-PB2,2066,0,0,0,271,271,C
1-PB2,2067,1,3,0,267,271,C
1-PB2,2068,0,0,275,0,275,G
1-PB2,2069,0,278,0,0,278,T
1-PB2,2070,1,0,0,279,280,C
1-PB2,2071,0,280,0,0,280,T
1-PB2,2072,0,280,0,0,280,T
1-PB2,2073,0,0,282,0,282,G
1-PB2,2074,280,0,0,0,280,A
1-PB2,2075,0,0,281,0,281,G
1-PB2,2076,276,0,0,0,276,A
1-PB2,2077,1,1,268,0,270,G
1-PB2,2078,0,0,269,0,269,G
1-PB2,2079,0,0,266,0,266,G
1-PB2,2080,0,260,0,1,261,T
1-PB2,2081,0,260,0,0,260,T
1-PB2,2082,0,263,0,0,263,T
1-PB2,2083,0,0,0,263,263,C
1-PB2,2084,0,263,0,0,263,T
1-PB2,2085,3,0,0,270,273,C
1-PB2,2086,273,0,0,0,273,A
1-PB2,2087,0,271,0,0,271,T
1-PB2,2088,0,271,0,0,271,T
1-PB2,2089,272,0,0,0,272,A
1-PB2,2090,0,272,0,0,272,T
1-PB2,2091,272,0,0,0,272,A
1-PB2,2092,0,0,274,0,274,G
1-PB2,2093,0,0,275,0,275,G
1-PB2,2094,0,260,0,0,260,T
1-PB2,2095,262,0,0,0,262,A
1-PB2,2096,261,0,0,0,261,A
1-PB2,2097,0,0,260,0,260,G
1-PB2,2098,0,0,261,0,261,G
1-PB2,2099,258,0,1,0,259,A
1-PB2,2100,257,0,2,0,259,A
1-PB2,2101,0,2,257,0,259,G
1-PB2,2102,257,0,0,0,257,A
1-PB2,2103,0,0,0,260,260,C
1-PB2,2104,259,0,0,0,259,A
1-PB2,2105,0,2,259,0,261,G
1-PB2,2106,259,0,0,0,259,A
1-PB2,2107,257,0,0,0,257,A
1-PB2,2108,0,0,256,0,256,G
1-PB2,2109,257,0,1,0,258,A
1-PB2,2110,1,255,0,0,256,T
1-PB2,2111,255,0,0,0,255,A
1-PB2,2112,0,0,0,254,254,C
1-PB2,2113,0,0,252,0,252,G
1-PB2,2114,0,1,261,0,262,G
1-PB2,2115,259,0,0,0,259,A
1-PB2,2116,0,1,0,257,258,C
1-PB2,2117,0,0,0,258,258,C
1-PB2,2118,254,0,0,0,254,A
1-PB2,2119,0,0,271,0,271,G
1-PB2,2120,0,0,0,271,271,C
1-PB2,2121,268,0,0,0,268,A
1-PB2,2122,0,267,0,0,267,T
1-PB2,2123,0,255,0,0,255,T
1-PB2,2124,257,0,0,0,257,A
1-PB2,2125,256,0,0,0,256,A
1-PB2,2126,0,0,257,0,257,G
1-PB2,2127,0,0,0,258,258,C
1-PB2,2128,239,0,0,0,239,A
1-PB2,2129,0,241,0,0,241,T
1-PB2,2130,0,0,0,239,239,C
1-PB2,2131,239,1,0,0,240,A
1-PB2,2132,240,0,0,0,240,A
1-PB2,2133,0,239,0,0,239,T
1-PB2,2134,0,0,240,0,240,G
1-PB2,2135,240,0,0,0,240,A
1-PB2,2136,238,0,1,0,239,A
1-PB2,2137,0,0,0,245,245,C
1-PB2,2138,0,234,0,0,234,T
1-PB2,2139,0,1,246,0,247,G
1-PB2,2140,246,0,0,0,246,A
1-PB2,2141,0,0,247,0,247,G
1-PB2,2142,0,244,0,0,244,T
1-PB2,2143,245,0,0,0,245,A
1-PB2,2144,245,0,0,0,245,A
1-PB2,2145,0,0,0,244,244,C
1-PB2,2146,0,0,0,235,235,C
1-PB2,2147,0,236,0,1,237,T
1-PB2,2148,0,232,0,0,232,T
1-PB2,2149,0,0,234,0,234,G
1-PB2,2150,0,0,0,232,232,C
1-PB2,2151,233,0,0,0,233,A
1-PB2,2152,232,0,0,0,232,A
1-PB2,2153,227,0,0,0,227,A
1-PB2,2154,222,0,0,0,222,A
1-PB2,2155,0,1,220,0,221,G
1-PB2,2156,0,1,217,0,218,G
1-PB2,2157,0,0,220,0,220,G
1-PB2,2158,0,1,222,0,223,G
1-PB2,2159,221,0,0,0,221,A
1-PB2,2160,221,0,0,0,221,A
1-PB2,2161,221,0,0,0,221,A
1-PB2,2162,225,0,0,0,225,A
1-PB2,2163,0,3,223,0,226,G
1-PB2,2164,0,0,222,0,222,G
1-PB2,2165,0,0,0,223,223,C
1-PB2,2166,0,221,0,0,221,T
1-PB2,2167,218,0,0,0,218,A
1-PB2,2168,218,0,0,1,219,A
1-PB2,2169,0,216,0,0,216,T
1-PB2,2170,0,0,221,0,221,G
1-PB2,2171,0,211,0,0,211,T
1-PB2,2172,0,0,208,0,208,G
1-PB2,2173,0,0,0,207,207,C
1-PB2,2174,0,207,0,0,207,T
1-PB2,2175,207,0,0,0,207,A
1-PB2,2176,205,0,1,0,206,A
1-PB2,2177,0,206,0,0,206,T
1-PB2,2178,1,0,0,205,206,C
1-PB2,2179,0,0,200,0,200,G
1-PB2,2180,0,0,202,0,202,G
1-PB2,2181,0,0,203,0,203,G
1-PB2,2182,0,0,0,202,202,C
1-PB2,2183,203,0,0,0,203,A
1-PB2,2184,202,0,0,0,202,A
1-PB2,2185,0,0,203,0,203,G
1-PB2,2186,0,1,202,0,203,G
1-PB2,2187,205,0,0,0,205,A
1-PB2,2188,0,0,200,1,201,G
1-PB2,2189,196,0,0,0,196,A
1-PB2,2190,0,1,0,194,195,C
1-PB2,2191,1,0,193,0,194,G
1-PB2,2192,0,192,0,0,192,T
1-PB2,2193,0,1,190,0,191,G
1-PB2,2194,0,0,195,0,195,G
1-PB2,2195,0,187,0,0,187,T
1-PB2,2196,0,0,187,0,187,G
1-PB2,2197,0,174,0,0,174,T
1-PB2,2198,0,173,0,0,173,T
1-PB2,2199,0,0,173,0,173,G
1-PB2,2200,0,0,172,0,172,G
1-PB2,2201,0,172,0,0,172,T
1-PB2,2202,169,0,1,0,170,A
1-PB2,2203,168,0,0,0,168,A
1-PB2,2204,0,163,0,0,163,T
1-PB2,2205,0,0,163,0,163,G
1-PB2,2206,163,0,0,0,163,A
1-PB2,2207,161,0,0,0,161,A
1-PB2,2208,163,0,0,0,163,A
1-PB2,2209,0,0,0,162,162,C
1-PB2,2210,0,0,162,0,162,G
1-PB2,2211,161,0,1,0,162,A
1-PB2,2212,163,0,0,0,163,A
1-PB2,2213,163,0,0,0,163,A
1-PB2,2214,163,0,0,0,163,A
1-PB2,2215,0,0,0,163,163,C
1-PB2,2216,0,0,162,0,162,G
1-PB2,2217,0,0,162,0,162,G
1-PB2,2218,0,1,160,1,162,G
1-PB2,2219,160,0,1,0,161,A
1-PB2,2220,0,0,0,164,164,C
1-PB2,2221,0,164,0,0,164,T
1-PB2,2222,0,1,0,165,166,C
1-PB2,2223,0,166,0,0,166,T
1-PB2,2224,165,0,0,0,165,A
1-PB2,2225,0,0,164,0,164,G
1-PB2,2226,0,0,0,165,165,C
1-PB2,2227,164,0,0,0,164,A
1-PB2,2228,0,162,0,0,162,T
1-PB2,2229,158,0,0,0,158,A
1-PB2,2230,0,0,0,161,161,C
1-PB2,2231,0,126,0,0,126,T
1-PB2,2232,0,126,0,0,126,T
1-PB2,2233,124,0,0,0,124,A
1-PB2,2234,0,0,0,124,124,C
1-PB2,2235,0,122,0,0,122,T
1-PB2,2236,0,1,122,0,123,G
1-PB2,2237,118,0,0,0,118,A
1-PB2,2238,0,0,0,117,117,C
1-PB2,2239,107,0,0,0,107,A
1-PB2,2240,0,0,108,0,108,G
1-PB2,2241,0,0,0,109,109,C
1-PB2,2242,0,0,0,109,109,C
1-PB2,2243,108,0,0,0,108,A
1-PB2,2244,0,0,108,0,108,G
1-PB2,2245,106,0,1,0,107,A
1-PB2,2246,0,0,0,108,108,C
1-PB2,2247,103,0,0,0,103,A
1-PB2,2248,0,0,103,0,103,G
1-PB2,2249,0,0,0,96,96,C
1-PB2,2250,0,2,94,0,96,G
1-PB2,2251,96,0,0,0,96,A
1-PB2,2252,0,0,0,96,96,C
1-PB2,2253,0,0,0,95,95,C
1-PB2,2254,95,0,0,0,95,A
1-PB2,2255,96,0,0,0,96,A
1-PB2,2256,96,0,0,0,96,A
1-PB2,2257,95,0,0,0,95,A
1-PB2,2258,0,0,96,0,96,G
1-PB2,2259,91,0,0,0,91,A
1-PB2,2260,91,0,0,0,91,A
1-PB2,2261,0,90,0,0,90,T
1-PB2,2262,0,91,0,0,91,T
1-PB2,2263,1,0,0,90,91,C
1-PB2,2264,0,0,89,0,89,G
1-PB2,2265,0,0,89,0,89,G
1-PB2,2266,89,0,0,0,89,A
1-PB2,2267,0,85,0,0,85,T
1-PB2,2268,0,0,84,0,84,G
1-PB2,2269,1,0,80,0,81,G
1-PB2,2270,0,0,0,84,84,C
1-PB2,2271,1,0,0,84,85,C
1-PB2,2272,84,0,1,0,85,A
1-PB2,2273,0,84,0,0,84,T
1-PB2,2274,0,0,0,82,82,C
1-PB2,2275,82,0,0,0,82,A
1-PB2,2276,83,0,0,0,83,A
1-PB2,2277,0,81,0,0,81,T
1-PB2,2278,0,77,0,0,77,T
1-PB2,2279,77,0,0,0,77,A
1-PB2,2280,77,0,0,0,77,A
2-PB1,1,142,0,0,0,142,A
2-PB1,2,0,142,0,0,142,T
2-PB1,3,0,0,144,0,144,G
2-PB1,4,0,1,154,0,155,G
2-PB1,5,168,0,0,0,168,A
2-PB1,6,1,186,0,1,188,T
2-PB1,7,0,0,191,0,191,G
2-PB1,8,0,191,0,0,191,T
2-PB1,9,0,1,0,207,208,C
2-PB1,10,209,0,0,0,209,A
2-PB1,11,217,0,0,0,217,A
2-PB1,12,0,219,0,1,220,T
2-PB1,13,0,1,0,221,222,C
2-PB1,14,0,0,0,235,235,C
2-PB1,15,0,1,240,0,241,G
2-PB1,16,269,0,0,0,269,A
2-PB1,17,0,0,0,274,274,C
2-PB1,18,1,273,0,0,274,T
2-PB1,19,1,0,0,307,308,C
2-PB1,20,0,309,0,0,309,T
2-PB1,21,311,0,0,0,311,A
2-PB1,22,0,0,0,312,312,C
2-PB1,23,0,312,0,0,312,T
2-PB1,24,0,0,349,0,349,G
2-PB1,25,0,350,0,0,350,T
2-PB1,26,0,350,0,2,352,T
2-PB1,27,1,0,0,348,349,C
2-PB1,28,0,0,0,348,348,C
2-PB1,29,0,413,0,0,413,T
2-PB1,30,416,0,0,0,416,A
2-PB1,31,418,0,0,0,418,A
2-PB1,32,419,0,0,0,419,A
2-PB1,33,0,0,420,0,420,G
2-PB1,34,0,1,422,0,423,G
2-PB1,35,0,429,0,0,429,T
2-PB1,36,0,428,0,1,429,T
2-PB1,37,0,1,0,428,429,C
2-PB1,38,1,0,0,429,430,C
2-PB1,39,429,0,0,0,429,A
2-PB1,40,0,0,438,0,438,G
2-PB1,41,0,0,0,437,437,C
2-PB1,42,1,0,438,0,439,G
2-PB1,43,0,0,0,439,439,C
2-PB1,44,439,0,0,0,439,A
2-PB1,45,440,0,0,0,440,A
2-PB1,46,439,0,0,0,439,A
2-PB1,47,441,0,0,0,441,A
2-PB1,48,0,445,0,0,445,T
2-PB1,49,1,0,461,0,462,G
2-PB1,50,0,0,0,463,463,C
2-PB1,51,0,0,0,465,465,C
2-PB1,52,465,0,1,0,466,A
2-PB1,53,0,467,0,0,467,T
2-PB1,54,492,0,0,0,492,A
2-PB1,55,494,0,0,0,494,A
2-PB1,56,0,0,513,0,513,G
2-PB1,57,0,0,0,513,513,C
2-PB1,58,511,0,0,0,511,A
2-PB1,59,0,0,0,522,522,C
2-PB1,60,522,0,0,1,523,A
2-PB1,61,550,0,1,0,551,A
2-PB1,62,0,1,0,553,554,C
2-PB1,63,553,0,1,0,554,A
2-PB1,64,0,560,0,0,560,T
2-PB1,65,0,559,0,0,559,T
2-PB1,66,2,0,0,687,689,C
2-PB1,67,1,1,0,685,687,C
2-PB1,68,3,0,0,689,692,C
2-PB1,69,0,698,0,0,698,T
2-PB1,70,0,695,0,0,695,T
2-PB1,71,766,1,0,0,767,A
2-PB1,72,0,772,0,0,772,T
2-PB1,73,776,0,0,0,776,A
2-PB1,74,0,0,0,782,782,C
2-PB1,75,0,759,0,1,760,T
2-PB1,76,0,2,765,1,768,G
2-PB1,77,0,5,762,0,767,G
2-PB1,78,766,0,1,0,767,A
2-PB1,79,0,2,768,0,770,G
2-PB1,80,760,0,1,0,761,A
2-PB1,81,0,761,0,0,761,T
2-PB1,82,2,0,0,799,801,C
2-PB1,83,1,0,0,802,803,C
2-PB1,84,0,807,0,0,807,T
2-PB1,85,1,0,0,841,842,C
2-PB1,86,0,2,1,846,849,C
2-PB1,87,861,0,0,0,861,A
2-PB1,88,0,860,0,1,861,T
2-PB1,89,860,0,0,1,861,A
2-PB1,90,1,0,0,864,865,C
2-PB1,91,847,1,0,0,848,A
2-PB1,92,0,0,882,0,882,G
2-PB1,93,1,0,0,888,889,C
2-PB1,94,1,0,0,880,881,C
2-PB1,95,883,0,0,0,883,A
2-PB1,96,0,879,0,1,880,T
2-PB1,97,0,3,876,0,879,G
2-PB1,98,0,5,916,0,921,G
2-PB1,99,926,0,0,1,927,A
2-PB1,100,928,0,1,0,929,A
2-PB1,101,0,1,0,927,928,C
2-PB1,102,924,0,0,0,924,A
2-PB1,103,0,2,938,0,940,G
2-PB1,104,0,3,951,0,954,G
2-PB1,105,955,0,1,0,956,A
2-PB1,106,960,0,0,0,960,A
2-PB1,107,0,0,0,962,962,C
2-PB1,108,955,0,0,0,955,A
2-PB1,109,1,1,1050,0,1052,G
2-PB1,110,0,6,1044,0,1050,G
2-PB1,111,0,0,1076,0,1076,G
2-PB1,112,0,1069,0,1,1070,T
2-PB1,113,1065,0,1,0,1066,A
2-PB1,114,1,0,0,1071,1072,C
2-PB1,115,1111,0,1,0,1112,A
2-PB1,116,0,0,0,1147,1147,C
2-PB1,117,0,1,1,1137,1139,C
2-PB1,118,1107,0,0,0,1107,A
2-PB1,119,0,1108,0,0,1108,T
2-PB1,120,0,7,1102,0,1109,G
2-PB1,121,0,6,1101,0,1107,G
2-PB1,122,1110,0,1,0,1111,A
2-PB1,123,0,0,0,1115,1115,C
2-PB1,124,1097,0,1,0,1098,A
2-PB1,125,0,1,0,1116,1117,C
2-PB1,126,1123,0,1,0,1124,A
2-PB1,127,1,0,1146,0,1147,G
2-PB1,128,1,1143,0,1,1145,T
2-PB1,129,5,0,0,1174,1179,C
2-PB1,130,1178,0,0,0,1178,A
2-PB1,131,1184,0,3,0,1187,A
2-PB1,132,0,0,0,1191,1191,C
2-PB1,133,1190,0,0,0,1190,A
2-PB1,134,0,4,1209,0,1213,G
2-PB1,135,1196,0,2,0,1198,A
2-PB1,136,1195,0,0,0,1195,A
2-PB1,137,0,0,0,1194,1194,C
2-PB1,138,1177,0,0,0,1177,A
2-PB1,139,0,0,0,1220,1220,C
2-PB1,140,1211,0,2,1,1214,A
2-PB1,141,0,2,0,1264,1266,C
2-PB1,142,3,1,0,1259,1263,C
2-PB1,143,1274,0,0,0,1274,A
2-PB1,144,1280,0,1,0,1281,A
2-PB1,145,0,1308,0,0,1308,T
2-PB1,146,1356,0,2,0,1358,A
2-PB1,147,0,1360,0,0,1360,T
2-PB1,148,0,1343,0,0,1343,T
2-PB1,149,5,0,0,1338,1343,C
2-PB1,150,1302,0,0,1,1303,A
2-PB1,151,0,1,1304,0,1305,G
2-PB1,152,1297,1,0,0,1298,A
2-PB1,153,0,4,1298,0,1302,G
2-PB1,154,1276,0,1,0,1277,A
2-PB1,155,1,4,1261,1,1267,G
2-PB1,156,0,8,1259,0,1267,G
2-PB1,157,0,2,1310,0,1312,G
2-PB1,158,0,1,1306,0,1307,G
2-PB1,159,0,2,1311,0,1313,G
2-PB1,160,1316,0,1,0,1317,A
2-PB1,161,1318,0,1,0,1319,A
2-PB1,162,0,1,1321,0,1322,G
2-PB1,163,0,1315,0,0,1315,T
2-PB1,164,0,6,1301,0,1307,G
2-PB1,165,0,0,1310,0,1310,G
2-PB1,166,1306,0,0,1,1307,A
2-PB1,167,0,0,0,1308,1308,C
2-PB1,168,1,12,1290,0,1303,G
2-PB1,169,1310,0,2,0,1312,A
2-PB1,170,0,0,0,1323,1323,C
2-PB1,171,1314,0,0,0,1314,A
2-PB1,172,1318,1,0,0,1319,A
2-PB1,173,1329,0,2,0,1331,A
2-PB1,174,0,1340,0,0,1340,T
2-PB1,175,1349,0,0,0,1349,A
2-PB1,176,0,0,0,1346,1346,C
2-PB1,177,1335,0,3,1,1339,A
2-PB1,178,0,4,1338,0,1342,G
2-PB1,179,1332,0,0,0,1332,A
2-PB1,180,1345,0,1,0,1346,A
2-PB1,181,1343,0,0,0,1343,A
2-PB1,182,0,0,0,1345,1345,C
2-PB1,183,0,1339,0,0,1339,T
2-PB1,184,1,2,1333,0,1336,G
2-PB1,185,2,9,1320,0,1331,G
2-PB1,186,1315,0,2,0,1317,A
2-PB1,187,1,1,1324,0,1326,G
2-PB1,188,1,1,0,1330,1332,C
2-PB1,189,1336,0,1,0,1337,A
2-PB1,190,2,0,0,1400,1402,C
2-PB1,191,2,1,1,1393,1397,C
2-PB1,192,6,0,0,1392,1398,C
2-PB1,193,6,0,0,1394,1400,C
2-PB1,194,1403,0,0,1,1404,A
2-PB1,195,1417,0,1,0,1418,A
2-PB1,196,0,0,0,1419,1419,C
2-PB1,197,0,1413,0,1,1414,T
2-PB1,198,7,0,0,1411,1418,C
2-PB1,199,1367,0,0,0,1367,A
2-PB1,200,1386,1,0,0,1387,A
2-PB1,201,3,1,0,1385,1389,C
2-PB1,202,3,0,0,1383,1386,C
2-PB1,203,7,0,0,1372,1379,C
2-PB1,204,1372,0,0,0,1372,A
2-PB1,205,1380,0,0,0,1380,A
2-PB1,206,0,1385,0,0,1385,T
2-PB1,207,0,1376,0,0,1376,T
2-PB1,208,0,4,1380,0,1384,G
2-PB1,209,1374,0,1,0,1375,A
2-PB1,210,0,1374,0,0,1374,T
2-PB1,211,1,1,1371,0,1373,G
2-PB1,212,0,11,1373,1,1385,G
2-PB1,213,1391,0,4,0,1395,A
2-PB1,214,1,0,0,1409,1410,C
2-PB1,215,3,0,0,1396,1399,C
2-PB1,216,1394,0,1,0,1395,A
2-PB1,217,2,0,0,1419,1421,C
2-PB1,218,0,1419,0,0,1419,T
2-PB1,219,1440,0,0,0,1440,A
2-PB1,220,1,0,0,1445,1446,C
2-PB1,221,0,0,0,1438,1438,C
2-PB1,222,0,1413,0,2,1415,T
2-PB1,223,1,2,1425,0,1428,G
2-PB1,224,1426,0,2,0,1428,A
2-PB1,225,0,3,1435,0,1438,G
2-PB1,226,3,4,1415,0,1422,G
2-PB1,227,1426,0,0,0,1426,A
2-PB1,228,0,1409,0,0,1409,T
2-PB1,229,1385,0,0,0,1385,A
2-PB1,230,1386,0,1,0,1387,A
2-PB1,231,1,1383,0,0,1384,T
2-PB1,232,1,10,1366,0,1377,G
2-PB1,233,1378,0,1,0,1379,A
2-PB1,234,1371,0,1,0,1372,A
2-PB1,235,0,1,0,1376,1377,C
2-PB1,236,1,0,0,1359,1360,C
2-PB1,237,1351,2,1,0,1354,A
2-PB1,238,1359,1,1,0,1361,A
2-PB1,239,0,1,1373,0,1374,G
2-PB1,240,1,1371,0,0,1372,T
2-PB1,241,0,5,1360,0,1365,G
2-PB1,242,0,0,1384,0,1384,G
2-PB1,243,1383,0,2,0,1385,A
2-PB1,244,0,1380,0,0,1380,T
2-PB1,245,1380,0,0,0,1380,A
2-PB1,246,0,1400,0,0,1400,T
2-PB1,247,2,2,1407,0,1411,G
2-PB1,248,0,1,0,1403,1404,C
2-PB1,249,1399,1,0,0,1400,A
2-PB1,250,0,0,0,1466,1466,C
2-PB1,251,1442,0,0,0,1442,A
2-PB1,252,1470,0,0,0,1470,A
2-PB1,253,1464,0,1,1,1466,A
2-PB1,254,1,0,0,1475,1476,C
2-PB1,255,1438,1,1,0,1440,A
2-PB1,256,1,7,1457,0,1465,G
2-PB1,257,1460,1,0,0,1461,A
2-PB1,258,0,0,0,1464,1464,C
2-PB1,259,0,1424,0,1,1425,T
2-PB1,260,1,1,1456,0,1458,G
2-PB1,261,0,1438,0,2,1440,T
2-PB1,262,0,0,1509,0,1509,G
2-PB1,263,0,1503,0,2,1505,T
2-PB1,264,4,1,0,1499,1504,C
2-PB1,265,3,2,0,1495,1500,C
2-PB1,266,0,1494,0,0,1494,T
2-PB1,267,0,2,1486,0,1488,G
2-PB1,268,1,1,1486,0,1488,G
2-PB1,269,1458,0,0,0,1458,A
2-PB1,270,0,7,1485,0,1492,G
2-PB1,271,0,1,1458,0,1459,G
2-PB1,272,2,0,0,1454,1456,C
2-PB1,273,0,1455,0,0,1455,T
2-PB1,274,1463,0,0,0,1463,A
2-PB1,275,0,1458,0,2,1460,T
2-PB1,276,0,3,1460,0,1463,G
2-PB1,277,0,0,1465,0,1465,G
2-PB1,278,3,0,1,1455,1459,C
2-PB1,279,5,0,0,1433,1438,C
2-PB1,280,0,1422,0,1,1423,T
2-PB1,281,1,1499,0,1,1501,T
2-PB1,282,3,0,0,1499,1502,C
2-PB1,283,1,0,0,1511,1512,C
2-PB1,284,0,1510,0,1,1511,T
2-PB1,285,0,1507,0,1,1508,T
2-PB1,286,0,2,1510,1,1513,G
2-PB1,287,1513,0,0,0,1513,A
2-PB1,288,1511,1,1,0,1513,A
2-PB1,289,0,3,1509,0,1512,G
2-PB1,290,1446,1,0,0,1447,A
2-PB1,291,1466,0,1,0,1467,A
2-PB1,292,0,1465,0,0,1465,T
2-PB1,293,2,0,0,1461,1463,C
2-PB1,294,4,0,0,1465,1469,C
2-PB1,295,7,0,0,1459,1466,C
2-PB1,296,1470,1,2,0,1473,A
2-PB1,297,0,0,0,1483,1483,C
2-PB1,298,5,0,0,1475,1480,C
2-PB1,299,5,1,0,1479,1485,C
2-PB1,300,1462,0,1,0,1463,A
2-PB1,301,0,3,1476,0,1479,G
2-PB1,302,1,2,1478,0,1481,G
2-PB1,303,0,1483,0,2,1485,T
2-PB1,304,1496,0,0,0,1496,A
2-PB1,305,0,1488,0,1,1489,T
2-PB1,306,2,1,0,1487,1490,C
2-PB1,307,2,1488,0,0,1490,T
2-PB1,308,0,1485,0,0,1485,T
2-PB1,309,0,1482,0,0,1482,T
2-PB1,310,2,6,1465,0,1473,G
2-PB1,311,1460,0,0,0,1460,A
2-PB1,312,0,9,1450,0,1459,G
2-PB1,313,1446,0,1,0,1447,A
2-PB1,314,1449,0,0,0,1449,A
2-PB1,315,0,0,0,1462,1462,C
2-PB1,316,0,1443,0,0,1443,T
2-PB1,317,6,0,0,1440,1446,C
2-PB1,318,1441,0,0,0,1441,A
2-PB1,319,0,1448,0,0,1448,T
2-PB1,320,0,0,1451,0,1451,G
2-PB1,321,1,0,0,1478,1479,C
2-PB1,322,3,0,0,1476,1479,C
2-PB1,323,0,1474,0,3,1477,T
2-PB1,324,0,1462,0,2,1464,T
2-PB1,325,0,7,1472,0,1479,G
2-PB1,326,1486,0,2,0,1488,A
2-PB1,327,1484,0,1,0,1485,A
2-PB1,328,1486,0,2,1,1489,A
2-PB1,329,2,0,0,1498,1500,C
2-PB1,330,1469,0,0,0,1469,A
2-PB1,331,1475,0,1,0,1476,A
2-PB1,332,0,1470,0,2,1472,T
2-PB1,333,0,2,1473,0,1475,G
2-PB1,334,0,2,1467,0,1469,G
2-PB1,335,1455,0,0,0,1455,A
2-PB1,336,1454,0,2,0,1456,A
2-PB1,337,1,4,1448,0,1453,G
2-PB1,338,0,2,0,1452,1454,C
2-PB1,339,3,0,0,1441,1444,C
2-PB1,340,2,0,1456,0,1458,G
2-PB1,341,0,1454,0,3,1457,T
2-PB1,342,1,1456,0,0,1457,T
2-PB1,343,11,0,0,1455,1466,C
2-PB1,344,1463,0,0,0,1463,A
2-PB1,345,1483,0,2,0,1485,A
2-PB1,346,0,0,0,1485,1485,C
2-PB1,347,1478,0,1,0,1479,A
2-PB1,348,0,3,1491,0,1494,G
2-PB1,349,1473,0,3,0,1476,A
2-PB1,350,0,1,1,1477,1479,C
2-PB1,351,1473,1,0,0,1474,A
2-PB1,352,1457,0,0,0,1457,A
2-PB1,353,0,4,1459,1,1464,G
2-PB1,354,1378,0,4,0,1382,A
2-PB1,355,1,0,1426,0,1427,G
2-PB1,356,0,1429,0,0,1429,T
2-PB1,357,3,4,1427,0,1434,G
2-PB1,358,0,4,1431,0,1435,G
2-PB1,359,1422,0,2,0,1424,A
2-PB1,360,2,0,0,1425,1427,C
2-PB1,361,1408,0,0,0,1408,A
2-PB1,362,1444,0,0,0,1444,A
2-PB1,363,1445,0,0,0,1445,A
2-PB1,364,0,0,0,1445,1445,C
2-PB1,365,0,1435,0,1,1436,T
2-PB1,366,1450,0,1,0,1451,A
2-PB1,367,1458,0,2,0,1460,A
2-PB1,368,2,0,0,1460,1462,C
2-PB1,369,2,0,1,1459,1462,C
2-PB1,370,6,0,0,1457,1463,C
2-PB1,371,1419,0,0,0,1419,A
2-PB1,372,1414,0,2,1,1417,A
2-PB1,373,0,6,1412,0,1418,G
2-PB1,374,0,0,1417,0,1417,G
2-PB1,375,1,1410,0,1,1412,T
2-PB1,376,3,0,0,1410,1413,C
2-PB1,377,0,0,1414,1,1415,G
2-PB1,378,2,0,1,1413,1416,C
2-PB1,379,6,0,0,1411,1417,C
2-PB1,380,1422,0,0,0,1422,A
2-PB1,381,0,2,1447,0,1449,G
2-PB1,382,1472,1,0,0,1473,A
2-PB1,383,0,0,0,1474,1474,C
2-PB1,384,0,1462,0,0,1462,T
2-PB1,385,0,1454,0,0,1454,T
2-PB1,386,1454,0,1,0,1455,A
2-PB1,387,0,1457,0,0,1457,T
2-PB1,388,1,6,1450,0,1457,G
2-PB1,389,1455,1,0,0,1456,A
2-PB1,390,0,1414,0,2,1416,T
2-PB1,391,0,1376,0,1,1377,T
2-PB1,392,0,5,1363,0,1368,G
2-PB1,393,0,4,1367,0,1371,G
2-PB1,394,1379,1,3,0,1383,A
2-PB1,395,0,0,0,1384,1384,C
2-PB1,396,1375,0,0,0,1375,A
2-PB1,397,0,1365,1,0,1366,T
2-PB1,398,0,1373,0,0,1373,T
2-PB1,399,1379,0,1,0,1380,A
2-PB1,400,1372,1,0,0,1373,A
2-PB1,401,1383,0,0,1,1384,A
2-PB1,402,0,1,0,1380,1381,C
2-PB1,403,1358,1,0,0,1359,A
2-PB1,404,0,2,1365,0,1367,G
2-PB1,405,1370,0,0,0,1370,A
2-PB1,406,1370,0,3,0,1373,A
2-PB1,407,1377,0,1,0,1378,A
2-PB1,408,0,1367,0,3,1370,T
2-PB1,409,10,0,0,1359,1369,C
2-PB1,410,1369,0,0,0,1369,A
2-PB1,411,1370,0,1,0,1371,A
2-PB1,412,0,0,0,1367,1367,C
2-PB1,413,4,0,0,1359,1363,C
2-PB1,414,0,2,1361,0,1363,G
2-PB1,415,0,0,1366,0,1366,G
2-PB1,416,0,2,0,1367,1369,C
2-PB1,417,1366,0,2,0,1368,A
2-PB1,418,1,0,1371,0,1372,G
2-PB1,419,0,0,0,1380,1380,C
2-PB1,420,1374,0,0,0,1374,A
2-PB1,421,1379,0,1,0,1380,A
2-PB1,422,3,1,0,1377,1381,C
2-PB1,423,1,1371,0,0,1372,T
2-PB1,424,0,0,1429,0,1429,G
2-PB1,425,0,1,0,1426,1427,C
2-PB1,426,1429,0,0,0,1429,A
2-PB1,427,0,1426,0,1,1427,T
2-PB1,428,0,1403,0,0,1403,T
2-PB1,429,1479,0,0,0,1479,A
2-PB1,430,0,1,1486,0,1487,G
2-PB1,431,2,0,0,1468,1470,C
2-PB1,432,6,2,0,1465,1473,C
2-PB1,433,1421,1,1,0,1423,A
2-PB1,434,1426,0,0,0,1426,A
2-PB1,435,0,0,0,1431,1431,C
2-PB1,436,1433,3,0,0,1436,A
2-PB1,437,2,1,0,1492,1495,C
2-PB1,438,4,2,0,1383,1389,C
2-PB1,439,1386,0,2,0,1388,A
2-PB1,440,0,1390,0,0,1390,T
2-PB1,441,1388,0,2,0,1390,A
2-PB1,442,0,2,1389,0,1391,G
2-PB1,443,1378,0,0,0,1378,A
2-PB1,444,1354,0,2,0,1356,A
2-PB1,445,0,2,1367,0,1369,G
2-PB1,446,1,1322,0,0,1323,T
2-PB1,447,0,1324,0,1,1325,T
2-PB1,448,1,1322,0,0,1323,T
2-PB1,449,0,1324,0,1,1325,T
2-PB1,450,0,1329,0,0,1329,T
2-PB1,451,1321,1,2,0,1324,A
2-PB1,452,0,3,1323,0,1326,G
2-PB1,453,1317,0,1,0,1318,A
2-PB1,454,0,1313,0,0,1313,T
2-PB1,455,9,2,0,1285,1296,C
2-PB1,456,1,7,1291,0,1299,G
2-PB1,457,1303,0,0,0,1303,A
2-PB1,458,1297,0,1,0,1298,A
2-PB1,459,0,1,0,1309,1310,C
2-PB1,460,0,3,1307,0,1310,G
2-PB1,461,0,3,1349,0,1352,G
2-PB1,462,1351,1,2,0,1354,A
2-PB1,463,0,1347,0,2,1349,T
2-PB1,464,2,1349,0,0,1351,T
2-PB1,465,1345,0,2,0,1347,A
2-PB1,466,1347,0,0,0,1347,A
2-PB1,467,1,1,0,1349,1351,C
2-PB1,468,1345,0,0,0,1345,A
2-PB1,469,1,0,1356,0,1357,G
2-PB1,470,0,1,0,1303,1304,C
2-PB1,471,0,1304,0,0,1304,T
2-PB1,472,1307,0,1,0,1308,A
2-PB1,473,1312,0,0,1,1313,A
2-PB1,474,1,1310,0,0,1311,T
2-PB1,475,0,6,1318,0,1324,G
2-PB1,476,1306,0,0,0,1306,A
2-PB1,477,1307,0,1,0,1308,A
2-PB1,478,0,1286,0,1,1287,T
2-PB1,479,6,0,0,1286,1292,C
2-PB1,480,1289,0,0,0,1289,A
2-PB1,481,0,2,1285,0,1287,G
2-PB1,482,0,1,1284,0,1285,G
2-PB1,483,1281,0,1,0,1282,A
2-PB1,484,1266,0,0,0,1266,A
2-PB1,485,0,0,1319,0,1319,G
2-PB1,486,0,0,1326,0,1326,G
2-PB1,487,0,1,0,1330,1331,C
2-PB1,488,1,1324,0,0,1325,T
2-PB1,489,1330,0,0,0,1330,A
2-PB1,490,1330,0,0,0,1330,A
2-PB1,491,0,1334,0,0,1334,T
2-PB1,492,1334,0,0,0,1334,A
2-PB1,493,0,2,1331,0,1333,G
2-PB1,494,1237,0,0,0,1237,A
2-PB1,495,0,1219,0,0,1219,T
2-PB1,496,0,1215,0,1,1216,T
2-PB1,497,0,1222,0,2,1224,T
2-PB1,498,1,2,0,1272,1275,C
2-PB1,499,2,0,0,1274,1276,C
2-PB1,500,0,1275,0,1,1276,T
2-PB1,501,4,0,0,1277,1281,C
2-PB1,502,1282,0,1,1,1284,A
2-PB1,503,1286,0,0,0,1286,A
2-PB1,504,0,9,1278,2,1289,G
2-PB1,505,0,1,1298,0,1299,G
2-PB1,506,1289,0,0,0,1289,A
2-PB1,507,1,1233,0,0,1234,T
2-PB1,508,0,1,1245,0,1246,G
2-PB1,509,0,1241,0,0,1241,T
2-PB1,510,1,3,1248,0,1252,G
2-PB1,511,1246,1,2,0,1249,A
2-PB1,512,0,1247,0,1,1248,T
2-PB1,513,1,1,1237,1,1240,G
2-PB1,514,0,4,1233,0,1237,G
2-PB1,515,1228,1,1,0,1230,A
2-PB1,516,1229,0,1,0,1230,A
2-PB1,517,0,1223,0,0,1223,T
2-PB1,518,7,0,0,1218,1225,C
2-PB1,519,1210,0,0,0,1210,A
2-PB1,520,1213,0,1,0,1214,A
2-PB1,521,0,1211,0,1,1212,T
2-PB1,522,0,4,1206,0,1210,G
2-PB1,523,1,3,1207,0,1211,G
2-PB1,524,1207,1,0,0,1208,A
2-PB1,525,2,0,0,1183,1185,C
2-PB1,526,1195,1,1,1,1198,A
2-PB1,527,1203,0,0,0,1203,A
2-PB1,528,1201,0,2,0,1203,A
2-PB1,529,0,4,1219,0,1223,G
2-PB1,530,1220,0,0,0,1220,A
2-PB1,531,0,4,1220,0,1224,G
2-PB1,532,0,1,1217,0,1218,G
2-PB1,533,1207,0,1,1,1209,A
2-PB1,534,1217,1,1,0,1219,A
2-PB1,535,1215,0,3,0,1218,A
2-PB1,536,0,1215,0,0,1215,T
2-PB1,537,0,1,1234,0,1235,G
2-PB1,538,0,5,1227,0,1232,G
2-PB1,539,1218,0,0,0,1218,A
2-PB1,540,1,3,1224,0,1228,G
2-PB1,541,1210,0,0,0,1210,A
2-PB1,542,1,1236,1,1,1239,T
2-PB1,543,1242,0,0,0,1242,A
2-PB1,544,1255,1,0,0,1256,A
2-PB1,545,0,0,0,1260,1260,C
2-PB1,546,1232,0,0,0,1232,A
2-PB1,547,1237,0,0,0,1237,A
2-PB1,548,0,0,0,1235,1235,C
2-PB1,549,1229,0,1,0,1230,A
2-PB1,550,1,0,0,1229,1230,C
2-PB1,551,1207,0,2,0,1209,A
2-PB1,552,0,0,0,1224,1224,C
2-PB1,553,0,1205,0,2,1207,T
2-PB1,554,0,1202,0,1,1203,T
2-PB1,555,0,1206,0,0,1206,T
2-PB1,556,3,0,0,1199,1202,C
2-PB1,557,1207,0,1,0,1208,A
2-PB1,558,1209,0,0,0,1209,A
2-PB1,559,1209,0,0,0,1209,A
2-PB1,560,0,1,1224,0,1225,G
2-PB1,561,1211,1,0,0,1212,A
2-PB1,562,1211,1,1,0,1213,A
2-PB1,563,1218,0,1,0,1219,A
2-PB1,564,1222,0,0,0,1222,A
2-PB1,565,1219,0,2,0,1221,A
2-PB1,566,0,4,1222,0,1226,G
2-PB1,567,0,7,1219,0,1226,G
2-PB1,568,1204,0,3,1,1208,A
2-PB1,569,0,4,1228,0,1232,G
2-PB1,570,1222,0,4,0,1226,A
2-PB1,571,1,0,1260,0,1261,G
2-PB1,572,0,1256,0,0,1256,T
2-PB1,573,1256,0,1,0,1257,A
2-PB1,574,1257,0,2,0,1259,A
2-PB1,575,0,4,1253,0,1257,G
2-PB1,576,0,3,1269,0,1272,G
2-PB1,577,0,0,1270,0,1270,G
2-PB1,578,1243,0,0,0,1243,A
2-PB1,579,1,1,0,1252,1254,C
2-PB1,580,1210,0,0,0,1210,A
2-PB1,581,1215,0,0,0,1215,A
2-PB1,582,0,0,0,1210,1210,C
2-PB1,583,1207,0,1,0,1208,A
2-PB1,584,0,1189,0,1,1190,T
2-PB1,585,0,9,1180,0,1189,G
2-PB1,586,1187,0,1,0,1188,A
2-PB1,587,2,0,0,1189,1191,C
2-PB1,588,3,0,0,1168,1171,C
2-PB1,589,1169,0,0,0,1169,A
2-PB1,590,1175,0,1,0,1176,A
2-PB1,591,0,1,1181,0,1182,G
2-PB1,592,1181,0,0,0,1181,A
2-PB1,593,1175,0,1,0,1176,A
2-PB1,594,1167,0,0,0,1167,A
2-PB1,595,1172,0,0,0,1172,A
2-PB1,596,0,1174,0,0,1174,T
2-PB1,597,0,3,1166,0,1169,G
2-PB1,598,3,0,1178,0,1181,G
2-PB1,599,0,1165,0,3,1168,T
2-PB1,600,15,0,0,1140,1155,C
2-PB1,601,1160,0,2,0,1162,A
2-PB1,602,0,2,0,1234,1236,C
2-PB1,603,1256,0,0,0,1256,A
2-PB1,604,0,0,0,1258,1258,C
2-PB1,605,1255,0,0,0,1255,A
2-PB1,606,1302,0,0,0,1302,A
2-PB1,607,1284,0,3,0,1287,A
2-PB1,608,0,5,1400,2,1407,G
2-PB1,609,1404,0,0,1,1405,A
2-PB1,610,1414,1,0,0,1415,A
2-PB1,611,1,1,0,1452,1454,C
2-PB1,612,1411,0,0,0,1411,A
2-PB1,613,1420,0,0,0,1420,A
2-PB1,614,0,1413,0,0,1413,T
2-PB1,615,1401,0,2,0,1403,A
2-PB1,616,0,6,1400,0,1406,G
2-PB1,617,0,2,1357,0,1359,G
2-PB1,618,0,2,1359,0,1361,G
2-PB1,619,1355,1,0,0,1356,A
2-PB1,620,1340,1,0,0,1341,A
2-PB1,621,0,2,1353,0,1355,G
2-PB1,622,1358,0,0,0,1358,A
2-PB1,623,1358,0,0,0,1358,A
2-PB1,624,1364,0,0,0,1364,A
2-PB1,625,1361,0,2,0,1363,A
2-PB1,626,1403,0,0,0,1403,A
2-PB1,627,1400,0,0,1,1401,A
2-PB1,628,0,0,0,1402,1402,C
2-PB1,629,1402,0,0,0,1402,A
2-PB1,630,1404,0,0,0,1404,A
2-PB1,631,1383,1,1,0,1385,A
2-PB1,632,0,9,1415,0,1424,G
2-PB1,633,1421,2,0,0,1423,A
2-PB1,634,1,0,1490,0,1491,G
2-PB1,635,1,1473,0,0,1474,T
2-PB1,636,1,9,1691,0,1701,G
2-PB1,637,1709,0,2,0,1711,A
2-PB1,638,1711,0,3,0,1714,A
2-PB1,639,0,1742,0,1,1743,T
2-PB1,640,1753,0,0,0,1753,A
2-PB1,641,1753,3,3,0,1759,A
2-PB1,642,0,6,1758,1,1765,G
2-PB1,643,1720,0,3,0,1723,A
2-PB1,644,1,8,1722,0,1731,G
2-PB1,645,1639,0,2,0,1641,A
2-PB1,646,0,2,1654,0,1656,G
2-PB1,647,0,0,1651,0,1651,G
2-PB1,648,2,1,0,1658,1661,C
2-PB1,649,0,1659,0,0,1659,T
2-PB1,650,1721,1,0,0,1722,A
2-PB1,651,1,1,0,1811,1813,C
2-PB1,652,2,1,0,1808,1811,C
2-PB1,653,0,1814,0,2,1816,T
2-PB1,654,1884,0,0,0,1884,A
2-PB1,655,1877,1,1,0,1879,A
2-PB1,656,0,1887,0,0,1887,T
2-PB1,657,1887,1,1,0,1889,A
2-PB1,658,1874,0,3,0,1877,A
2-PB1,659,1,8,1883,0,1892,G
2-PB1,660,1839,0,1,0,1840,A
2-PB1,661,0,1,1858,0,1859,G
2-PB1,662,1,1,0,1872,1874,C
2-PB1,663,0,1834,0,1,1835,T
2-PB1,664,0,1838,0,0,1838,T
2-PB1,665,0,1834,1,1,1836,T
2-PB1,666,0,6,1840,0,1846,G
2-PB1,667,1874,1,0,0,1875,A
2-PB1,668,0,1,0,1882,1883,C
2-PB1,669,1870,0,1,0,1871,A
2-PB1,670,0,1867,1,2,1870,T
2-PB1,671,0,1857,1,2,1860,T
2-PB1,672,1,6,1886,0,1893,G
2-PB1,673,1887,2,1,0,1890,A
2-PB1,674,1892,1,1,0,1894,A
2-PB1,675,0,1,0,1895,1896,C
2-PB1,676,1890,0,0,0,1890,A
2-PB1,677,3,1,0,1889,1893,C
2-PB1,678,2,1,1883,0,1886,G
2-PB1,679,1898,0,0,0,1898,A
2-PB1,680,2,1898,0,1,1901,T
2-PB1,681,0,27,1903,0,1930,G
2-PB1,682,1932,0,3,0,1935,A
2-PB1,683,0,1,0,1947,1948,C
2-PB1,684,6,0,0,1932,1938,C
2-PB1,685,1937,1,2,0,1940,A
2-PB1,686,1966,2,0,0,1968,A
2-PB1,687,1965,1,2,0,1968,A
2-PB1,688,1,2,2022,0,2025,G
2-PB1,689,2049,0,0,0,2049,A
2-PB1,690,1,2019,0,2,2022,T
2-PB1,691,1,0,2025,0,2026,G
2-PB1,692,0,0,0,2017,2017,C
2-PB1,693,2009,1,3,0,2013,A
2-PB1,694,0,7,2030,0,2037,G
2-PB1,695,2011,0,1,0,2012,A
2-PB1,696,1,6,2008,0,2015,G
2-PB1,697,1962,1,0,0,1963,A
2-PB1,698,1,3,1956,0,1960,G
2-PB1,699,1939,0,3,0,1942,A
2-PB1,700,1,7,1939,0,1947,G
2-PB1,701,0,0,1944,0,1944,G
2-PB1,702,0,0,0,1948,1948,C
2-PB1,703,1939,0,3,0,1942,A
2-PB1,704,1949,0,0,0,1949,A
2-PB1,705,1942,1,0,0,1943,A
2-PB1,706,0,1940,0,0,1940,T
2-PB1,707,0,1944,0,0,1944,T
2-PB1,708,1949,2,1,0,1952,A
2-PB1,709,1947,0,1,0,1948,A
2-PB1,710,1956,1,0,0,1957,A
2-PB1,711,1962,0,1,0,1963,A
2-PB1,712,1960,0,3,0,1963,A
2-PB1,713,0,1,1976,0,1977,G
2-PB1,714,1951,0,0,0,1951,A
2-PB1,715,1948,0,2,1,1951,A
2-PB1,716,0,16,1973,0,1989,G
2-PB1,717,0,2,2028,0,2030,G
2-PB1,718,0,0,2040,0,2040,G
2-PB1,719,1,0,0,2047,2048,C
2-PB1,720,1,2044,0,4,2049,T
2-PB1,721,2060,0,0,0,2060,A
2-PB1,722,0,2091,0,1,2092,T
2-PB1,723,1,2084,0,2,2087,T
2-PB1,724,0,2,2097,0,2099,G
2-PB1,725,2,1,0,2087,2090,C
2-PB1,726,2051,0,2,1,2054,A
2-PB1,727,2056,0,1,0,2057,A
2-PB1,728,0,0,0,2054,2054,C
2-PB1,729,2054,0,0,0,2054,A
2-PB1,730,3,0,0,2059,2062,C
2-PB1,731,4,1,0,2019,2024,C
2-PB1,732,7,1,0,2019,2027,C
2-PB1,733,1,8,2012,0,2021,G
2-PB1,734,1,3,2024,0,2028,G
2-PB1,735,1,0,2024,0,2025,G
2-PB1,736,2029,0,2,0,2031,A
2-PB1,737,0,2018,0,3,2021,T
2-PB1,738,1,1,2024,0,2026,G
2-PB1,739,3,2,0,2024,2029,C
2-PB1,740,2051,0,1,0,2052,A
2-PB1,741,2084,0,1,0,2085,A
2-PB1,742,2120,0,0,0,2120,A
2-PB1,743,1,2106,0,1,2108,T
2-PB1,744,0,2111,0,0,2111,T
2-PB1,745,2090,0,3,1,2094,A
2-PB1,746,0,4,2096,0,2100,G
2-PB1,747,2081,1,4,0,2086,A
2-PB1,748,0,8,2092,0,2100,G
2-PB1,749,1,8,2065,0,2074,G
2-PB1,750,0,1,2125,0,2126,G
2-PB1,751,1,2121,0,3,2125,T
2-PB1,752,3,2109,1,3,2116,T
2-PB1,753,15,0,0,2108,2123,C
2-PB1,754,3,2,2145,0,2150,G
2-PB1,755,0,2149,0,2,2151,T
2-PB1,756,0,0,2155,0,2155,G
2-PB1,757,0,2155,0,0,2155,T
2-PB1,758,2142,0,0,0,2142,A
2-PB1,759,0,0,0,2139,2139,C
2-PB1,760,1,2045,0,3,2049,T
2-PB1,761,1,2059,0,0,2060,T
2-PB1,762,4,0,0,2047,2051,C
2-PB1,763,1,1,2042,0,2044,G
2-PB1,764,0,2037,0,2,2039,T
2-PB1,765,0,2031,0,4,2035,T
2-PB1,766,0,3,2033,1,2037,G
2-PB1,767,2039,0,1,0,2040,A
2-PB1,768,2038,0,0,0,2038,A
2-PB1,769,2059,0,0,0,2059,A
2-PB1,770,0,0,0,2064,2064,C
2-PB1,771,0,2048,0,3,2051,T
2-PB1,772,0,2035,0,0,2035,T
2-PB1,773,0,2044,1,1,2046,T
2-PB1,774,2077,0,1,0,2078,A
2-PB1,775,1,0,2087,0,2088,G
2-PB1,776,2,1,0,2086,2089,C
2-PB1,777,0,2081,0,2,2083,T
2-PB1,778,2065,0,1,1,2067,A
2-PB1,779,0,3,2060,0,2063,G
2-PB1,780,2059,0,0,0,2059,A
2-PB1,781,2057,0,2,0,2059,A
2-PB1,782,0,2,2066,0,2068,G
2-PB1,783,0,1,0,2030,2031,C
2-PB1,784,2035,0,0,0,2035,A
2-PB1,785,0,2021,0,1,2022,T
2-PB1,786,0,2025,0,0,2025,T
2-PB1,787,1,2022,0,0,2023,T
2-PB1,788,0,0,2028,0,2028,G
2-PB1,789,0,0,0,2025,2025,C
2-PB1,790,2,5,2022,0,2029,G
2-PB1,791,2022,0,1,0,2023,A
2-PB1,792,2018,1,0,0,2019,A
2-PB1,793,2022,0,1,0,2023,A
2-PB1,794,2086,0,0,0,2086,A
2-PB1,795,0,1,2113,0,2114,G
2-PB1,796,1,0,0,2117,2118,C
2-PB1,797,0,2114,0,2,2116,T
2-PB1,798,0,2116,0,0,2116,T
2-PB1,799,0,13,2103,0,2116,G
2-PB1,800,2119,0,1,1,2121,A
2-PB1,801,2117,1,1,0,2119,A
2-PB1,802,0,0,0,2123,2123,C
2-PB1,803,2059,0,1,0,2060,A
2-PB1,804,0,0,2210,0,2210,G
2-PB1,805,2,2196,0,0,2198,T
2-PB1,806,11,0,0,2179,2190,C
2-PB1,807,0,2194,0,3,2197,T
2-PB1,808,3,4,2186,0,2193,G
2-PB1,809,0,4,2188,0,2192,G
2-PB1,810,2196,0,1,0,2197,A
2-PB1,811,0,0,0,2208,2208,C
2-PB1,812,1,2134,0,0,2135,T
2-PB1,813,0,2029,0,1,2030,T
2-PB1,814,5,0,0,2024,2029,C
2-PB1,815,6,2,0,2017,2025,C
2-PB1,816,1,7,2033,0,2041,G
2-PB1,817,1,1,2042,1,2045,G
2-PB1,818,1,2027,0,0,2028,T
2-PB1,819,0,2030,0,1,2031,T
2-PB1,820,0,4,2022,0,2026,G
2-PB1,821,1,6,2014,0,2021,G
2-PB1,822,2,10,2023,0,2035,G
2-PB1,823,0,6,2023,0,2029,G
2-PB1,824,0,1,2052,0,2053,G
2-PB1,825,0,2039,0,0,2039,T
2-PB1,826,2044,0,0,0,2044,A
2-PB1,827,2060,0,0,0,2060,A
2-PB1,828,2,2054,0,0,2056,T
2-PB1,829,2,11,2054,0,2067,G
2-PB1,830,2044,0,5,0,2049,A
2-PB1,831,2029,0,1,0,2030,A
2-PB1,832,2031,0,0,2,2033,A
2-PB1,833,2027,0,0,2,2029,A
2-PB1,834,0,2,2027,0,2029,G
2-PB1,835,2005,0,1,0,2006,A
2-PB1,836,1998,0,1,0,1999,A
2-PB1,837,0,3,2009,1,2013,G
2-PB1,838,1,1,2003,0,2005,G
2-PB1,839,0,0,0,2002,2002,C
2-PB1,840,7,3,0,1994,2004,C
2-PB1,841,1999,0,1,0,2000,A
2-PB1,842,2002,2,2,0,2006,A
2-PB1,843,2006,0,1,0,2007,A
2-PB1,844,1,1,0,2005,2007,C
2-PB1,845,1,2000,1,1,2003,T
2-PB1,846,0,6,2013,0,2019,G
2-PB1,847,1,1,2016,0,2018,G
2-PB1,848,2,0,0,2027,2029,C
2-PB1,849,2028,0,3,0,2031,A
2-PB1,850,2024,0,1,0,2025,A
2-PB1,851,2025,0,0,0,2025,A
2-PB1,852,0,2024,0,0,2024,T
2-PB1,853,0,0,2036,0,2036,G
2-PB1,854,0,2033,0,0,2033,T
2-PB1,855,0,1978,0,0,1978,T
2-PB1,856,2,1,1971,0,1974,G
2-PB1,857,0,1967,0,1,1968,T
2-PB1,858,0,5,1972,0,1977,G
2-PB1,859,1977,0,1,0,1978,A
2-PB1,860,2,2,1985,0,1989,G
2-PB1,861,1977,0,2,0,1979,A
2-PB1,862,1971,0,1,0,1972,A
2-PB1,863,1969,0,1,0,1970,A
2-PB1,864,1975,0,2,0,1977,A
2-PB1,865,1983,0,5,0,1988,A
2-PB1,866,0,1984,0,0,1984,T
2-PB1,867,2,11,1971,0,1984,G
2-PB1,868,1982,0,2,0,1984,A
2-PB1,869,1,1957,0,0,1958,T
2-PB1,870,0,13,1954,0,1967,G
2-PB1,871,1976,1,0,0,1977,A
2-PB1,872,1,0,0,1999,2000,C
2-PB1,873,0,1989,1,0,1990,T
2-PB1,874,1981,0,0,0,1981,A
2-PB1,875,1994,0,1,0,1995,A
2-PB1,876,0,1989,0,0,1989,T
2-PB1,877,0,2005,0,1,2006,T
2-PB1,878,6,0,0,2018,2024,C
2-PB1,879,2017,0,0,0,2017,A
2-PB1,880,1,0,0,2022,2023,C
2-PB1,881,1988,1,3,0,1992,A
2-PB1,882,2004,0,0,0,2004,A
2-PB1,883,0,6,1996,0,2002,G
2-PB1,884,2023,1,7,0,2031,A
2-PB1,885,1,1,0,2032,2034,C
2-PB1,886,2013,0,1,1,2015,A
2-PB1,887,0,0,0,2013,2013,C
2-PB1,888,1972,0,1,1,1974,A
2-PB1,889,1,7,1976,0,1984,G
2-PB1,890,1966,0,3,0,1969,A
2-PB1,891,1,0,1979,0,1980,G
2-PB1,892,0,0,0,1970,1970,C
2-PB1,893,0,1924,0,3,1927,T
2-PB1,894,0,1953,0,2,1955,T
2-PB1,895,0,1945,0,1,1946,T
2-PB1,896,4,2,0,1949,1955,C
2-PB1,897,0,1952,0,1,1953,T
2-PB1,898,0,1939,0,3,1942,T
2-PB1,899,2,1939,0,2,1943,T
2-PB1,900,5,0,0,1931,1936,C
2-PB1,901,1927,0,3,0,1930,A
2-PB1,902,0,0,0,1941,1941,C
2-PB1,903,1919,0,0,0,1919,A
2-PB1,904,1924,0,0,0,1924,A
2-PB1,905,0,1935,0,0,1935,T
2-PB1,906,9,0,0,1947,1956,C
2-PB1,907,1962,0,0,0,1962,A
2-PB1,908,0,0,0,1963,1963,C
2-PB1,909,0,1942,0,2,1944,T
2-PB1,910,3,6,1942,0,1951,G
2-PB1,911,0,6,1937,0,1943,G
2-PB1,912,1,2,1990,0,1993,G
2-PB1,913,1,3,1992,0,1996,G
2-PB1,914,1952,0,2,0,1954,A
2-PB1,915,1,1,0,1867,1869,C
2-PB1,916,1889,0,0,0,1889,A
2-PB1,917,1990,0,4,0,1994,A
2-PB1,918,0,0,0,2010,2010,C
2-PB1,919,2008,0,2,0,2010,A
2-PB1,920,1,0,0,2008,2009,C
2-PB1,921,1,1914,0,3,1918,T
2-PB1,922,1926,0,3,0,1929,A
2-PB1,923,1924,0,0,0,1924,A
2-PB1,924,1,0,1932,0,1933,G
2-PB1,925,0,1921,0,0,1921,T
2-PB1,926,0,3,1775,0,1778,G
2-PB1,927,0,3,1747,0,1750,G
2-PB1,928,1740,1,4,0,1745,A
2-PB1,929,1746,1,3,0,1750,A
2-PB1,930,0,1745,0,0,1745,T
2-PB1,931,1,2,1736,0,1739,G
2-PB1,932,1741,0,2,0,1743,A
2-PB1,933,1717,0,0,0,1717,A
2-PB1,934,1723,1,4,0,1728,A
2-PB1,935,1737,0,0,0,1737,A
2-PB1,936,0,1733,0,2,1735,T
2-PB1,937,14,0,1,1715,1730,C
2-PB1,938,1735,0,0,0,1735,A
2-PB1,939,1731,0,0,0,1731,A
2-PB1,940,1728,0,1,0,1729,A
2-PB1,941,1733,0,1,0,1734,A
2-PB1,942,0,0,0,1741,1741,C
2-PB1,943,3,0,0,1722,1725,C
2-PB1,944,4,2,0,1720,1726,C
2-PB1,945,0,1711,0,0,1711,T
2-PB1,946,3,1,0,1715,1719,C
2-PB1,947,2,2,1720,0,1724,G
2-PB1,948,1730,1,0,1,1732,A
2-PB1,949,1726,0,1,0,1727,A
2-PB1,950,0,1724,0,0,1724,T
2-PB1,951,0,0,1734,0,1734,G
2-PB1,952,1,1713,0,3,1717,T
2-PB1,953,0,1708,1,0,1709,T
2-PB1,954,1,1714,0,0,1715,T
2-PB1,955,1,1711,0,0,1712,T
2-PB1,956,0,1709,0,1,1710,T
2-PB1,957,0,4,1705,0,1709,G
2-PB1,958,0,1,1700,0,1701,G
2-PB1,959,2,1,0,1693,1696,C
2-PB1,960,1,5,1668,0,1674,G
2-PB1,961,1669,0,1,0,1670,A
2-PB1,962,1,1718,0,0,1719,T
2-PB1,963,0,8,1770,0,1778,G
2-PB1,964,1864,0,1,0,1865,A
2-PB1,965,0,1871,0,0,1871,T
2-PB1,966,2,1868,0,1,1871,T
2-PB1,967,1885,0,0,0,1885,A
2-PB1,968,0,0,1,1887,1888,C
2-PB1,969,1892,0,1,0,1893,A
2-PB1,970,1,1888,0,1,1890,T
2-PB1,971,1804,0,0,0,1804,A
2-PB1,972,1,3,0,1815,1819,C
2-PB1,973,1650,0,1,0,1651,A
2-PB1,974,0,1649,0,1,1650,T
2-PB1,975,1,0,0,1643,1644,C
2-PB1,976,1640,0,1,0,1641,A
2-PB1,977,0,1,0,1650,1651,C
2-PB1,978,1634,1,1,0,1636,A
2-PB1,979,1634,0,0,0,1634,A
2-PB1,980,1631,0,1,0,1632,A
2-PB1,981,1,8,1564,0,1573,G
2-PB1,982,1643,0,0,0,1643,A
2-PB1,983,1646,0,4,0,1650,A
2-PB1,984,0,1648,0,0,1648,T
2-PB1,985,9,0,0,1643,1652,C
2-PB1,986,1649,1,1,0,1651,A
2-PB1,987,1661,1,1,0,1663,A
2-PB1,988,1,0,1,1665,1667,C
2-PB1,989,4,0,0,1661,1665,C
2-PB1,990,1,1551,0,0,1552,T
2-PB1,991,0,6,1564,0,1570,G
2-PB1,992,1560,0,0,0,1560,A
2-PB1,993,0,0,1564,0,1564,G
2-PB1,994,0,1552,0,2,1554,T
2-PB1,995,1,8,1510,0,1519,G
2-PB1,996,0,0,1595,0,1595,G
2-PB1,997,0,1579,0,0,1579,T
2-PB1,998,0,1580,0,1,1581,T
2-PB1,999,10,1,1,1570,1582,C
2-PB1,1000,1568,0,0,0,1568,A
2-PB1,1001,0,3,1594,0,1597,G
2-PB1,1002,1596,1,2,0,1599,A
2-PB1,1003,1598,0,2,0,1600,A
2-PB1,1004,1588,0,2,0,1590,A
2-PB1,1005,1,0,0,1479,1480,C
2-PB1,1006,1491,0,0,0,1491,A
2-PB1,1007,0,1489,0,1,1490,T
2-PB1,1008,2,0,0,1496,1498,C
2-PB1,1009,3,0,0,1497,1500,C
2-PB1,1010,0,1435,0,0,1435,T
2-PB1,1011,0,3,1437,0,1440,G
2-PB1,1012,1428,1,2,1,1432,A
2-PB1,1013,0,0,1440,0,1440,G
2-PB1,1014,0,1,0,1425,1426,C
2-PB1,1015,1376,0,1,0,1377,A
2-PB1,1016,0,1375,0,0,1375,T
2-PB1,1017,0,0,0,1357,1357,C
2-PB1,1018,2,0,1356,0,1358,G
2-PB1,1019,0,0,0,1414,1414,C
2-PB1,1020,1415,0,1,0,1416,A
2-PB1,1021,0,2,0,1458,1460,C
2-PB1,1022,5,2,0,1446,1453,C
2-PB1,1023,1452,0,1,0,1453,A
2-PB1,1024,1473,0,1,0,1474,A
2-PB1,1025,0,1472,0,1,1473,T
2-PB1,1026,1467,1,1,0,1469,A
2-PB1,1027,1471,0,0,0,1471,A
2-PB1,1028,0,1409,0,0,1409,T
2-PB1,1029,0,1,1411,0,1412,G
2-PB1,1030,0,1360,2,2,1364,T
2-PB1,1031,0,1353,1,1,1355,T
2-PB1,1032,3,0,0,1357,1360,C
2-PB1,1033,1,1344,0,2,1347,T
2-PB1,1034,4,1,0,1349,1354,C
2-PB1,1035,1353,0,0,0,1353,A
2-PB1,1036,1352,0,1,0,1353,A
2-PB1,1037,1353,0,0,0,1353,A
2-PB1,1038,0,1,0,1363,1364,C
2-PB1,1039,1357,0,0,0,1357,A
2-PB1,1040,1355,1,2,0,1358,A
2-PB1,1041,1358,0,0,0,1358,A
2-PB1,1042,1363,0,0,0,1363,A
2-PB1,1043,0,1379,0,1,1380,T
2-PB1,1044,0,3,1383,1,1387,G
2-PB1,1045,0,2,1378,0,1380,G
2-PB1,1046,1,2,0,1379,1382,C
2-PB1,1047,1381,0,2,0,1383,A
2-PB1,1048,1390,0,0,0,1390,A
2-PB1,1049,1,7,1389,1,1398,G
2-PB1,1050,1402,0,2,0,1404,A
2-PB1,1051,0,0,0,1409,1409,C
2-PB1,1052,0,1375,0,0,1375,T
2-PB1,1053,1,2,1393,0,1396,G
2-PB1,1054,0,7,1388,1,1396,G
2-PB1,1055,0,3,1400,0,1403,G
2-PB1,1056,1404,0,1,0,1405,A
2-PB1,1057,1400,0,0,0,1400,A
2-PB1,1058,1398,1,1,0,1400,A
2-PB1,1059,1392,0,4,0,1396,A
2-PB1,1060,1,2,1440,0,1443,G
2-PB1,1061,0,3,1441,0,1444,G
2-PB1,1062,1435,0,5,0,1440,A
2-PB1,1063,0,1425,0,0,1425,T
2-PB1,1064,1426,0,0,0,1426,A
2-PB1,1065,1,0,0,1428,1429,C
2-PB1,1066,1441,1,0,0,1442,A
2-PB1,1067,0,1433,0,1,1434,T
2-PB1,1068,0,0,1446,0,1446,G
2-PB1,1069,0,1423,0,2,1425,T
2-PB1,1070,0,1423,0,0,1423,T
2-PB1,1071,11,2,1,1410,1424,C
2-PB1,1072,0,10,1411,0,1421,G
2-PB1,1073,1415,0,4,0,1419,A
2-PB1,1074,1,6,1442,1,1450,G
2-PB1,1075,1435,0,1,0,1436,A
2-PB1,1076,1,0,1453,0,1454,G
2-PB1,1077,1,1441,0,1,1443,T
2-PB1,1078,1442,0,0,0,1442,A
2-PB1,1079,1443,0,1,0,1444,A
2-PB1,1080,0,9,1445,0,1454,G
2-PB1,1081,1455,1,0,0,1456,A
2-PB1,1082,1,4,1474,0,1479,G
2-PB1,1083,1440,0,2,0,1442,A
2-PB1,1084,1456,0,0,0,1456,A
2-PB1,1085,0,1443,0,0,1443,T
2-PB1,1086,1,5,1434,0,1440,G
2-PB1,1087,1435,0,4,0,1439,A
2-PB1,1088,1428,0,2,0,1430,A
2-PB1,1089,2,1,1425,0,1428,G
2-PB1,1090,0,0,0,1422,1422,C
2-PB1,1091,1,1405,0,1,1407,T
2-PB1,1092,6,0,0,1408,1414,C
2-PB1,1093,3,1,0,1405,1409,C
2-PB1,1094,5,0,1406,0,1411,G
2-PB1,1095,0,5,1412,0,1417,G
2-PB1,1096,1421,0,3,0,1424,A
2-PB1,1097,1,0,0,1449,1450,C
2-PB1,1098,1446,1,0,0,1447,A
2-PB1,1099,1,1,0,1460,1462,C
2-PB1,1100,1458,0,1,0,1459,A
2-PB1,1101,1461,0,2,0,1463,A
2-PB1,1102,1461,0,1,1,1463,A
2-PB1,1103,1,1459,0,1,1461,T
2-PB1,1104,1459,1,0,0,1460,A
2-PB1,1105,2,2,0,1453,1457,C
2-PB1,1106,3,0,0,1446,1449,C
2-PB1,1107,3,1427,0,0,1430,T
2-PB1,1108,0,0,1453,0,1453,G
2-PB1,1109,0,0,0,1456,1456,C
2-PB1,1110,1457,0,0,0,1457,A
2-PB1,1111,2,2,1454,0,1458,G
2-PB1,1112,1451,0,0,0,1451,A
2-PB1,1113,1453,0,0,0,1453,A
2-PB1,1114,1457,0,0,0,1457,A
2-PB1,1115,0,1442,0,0,1442,T
2-PB1,1116,0,4,1445,0,1449,G
2-PB1,1117,1,0,0,1443,1444,C
2-PB1,1118,0,1438,0,1,1439,T
2-PB1,1119,1454,0,0,0,1454,A
2-PB1,1120,0,0,1455,0,1455,G
2-PB1,1121,3,0,0,1451,1454,C
2-PB1,1122,1454,1,0,0,1455,A
2-PB1,1123,1452,0,1,0,1453,A
2-PB1,1124,1,2,1447,0,1450,G
2-PB1,1125,0,0,0,1446,1446,C
2-PB1,1126,1420,0,0,0,1420,A
2-PB1,1127,0,1450,0,1,1451,T
2-PB1,1128,0,1455,1,1,1457,T
2-PB1,1129,0,5,1495,0,1500,G
2-PB1,1130,1511,0,1,0,1512,A
2-PB1,1131,2,0,0,1506,1508,C
2-PB1,1132,6,0,0,1502,1508,C
2-PB1,1133,0,1475,0,1,1476,T
2-PB1,1134,0,4,1492,0,1496,G
2-PB1,1135,1503,0,1,0,1504,A
2-PB1,1136,1504,0,1,0,1505,A
2-PB1,1137,1,0,1535,0,1536,G
2-PB1,1138,0,1496,0,0,1496,T
2-PB1,1139,1496,0,1,0,1497,A
2-PB1,1140,0,1496,0,1,1497,T
2-PB1,1141,0,1487,1,0,1488,T
2-PB1,1142,0,1492,0,1,1493,T
2-PB1,1143,3,1,0,1483,1487,C
2-PB1,1144,1484,0,0,0,1484,A
2-PB1,1145,1483,0,1,0,1484,A
2-PB1,1146,1,2,0,1448,1451,C
2-PB1,1147,0,5,1449,0,1454,G
2-PB1,1148,1459,0,1,0,1460,A
2-PB1,1149,1462,1,0,0,1463,A
2-PB1,1150,0,1454,1,1,1456,T
2-PB1,1151,10,0,0,1456,1466,C
2-PB1,1152,1461,0,2,0,1463,A
2-PB1,1153,1464,0,0,0,1464,A
2-PB1,1154,0,1,0,1470,1471,C
2-PB1,1155,1463,0,1,0,1464,A
2-PB1,1156,1464,1,0,0,1465,A
2-PB1,1157,0,1,1455,0,1456,G
2-PB1,1158,1,5,1467,0,1473,G
2-PB1,1159,1468,1,1,0,1470,A
2-PB1,1160,1465,0,4,0,1469,A
2-PB1,1161,1,4,1462,0,1467,G
2-PB1,1162,1469,0,2,0,1471,A
2-PB1,1163,1468,0,1,0,1469,A
2-PB1,1164,1467,0,0,0,1467,A
2-PB1,1165,1460,0,0,0,1460,A
2-PB1,1166,0,1455,0,0,1455,T
2-PB1,1167,1,1447,0,0,1448,T
2-PB1,1168,0,4,1450,0,1454,G
2-PB1,1169,1447,0,2,0,1449,A
2-PB1,1170,0,3,1450,0,1453,G
2-PB1,1171,1451,0,1,0,1452,A
2-PB1,1172,1459,1,1,0,1461,A
2-PB1,1173,1476,0,1,1,1478,A
2-PB1,1174,1478,0,0,1,1479,A
2-PB1,1175,0,1479,0,0,1479,T
2-PB1,1176,1472,0,3,1,1476,A
2-PB1,1177,1471,0,2,1,1474,A
2-PB1,1178,0,5,1476,0,1481,G
2-PB1,1179,0,0,1482,0,1482,G
2-PB1,1180,1,0,0,1476,1477,C
2-PB1,1181,3,0,0,1473,1476,C
2-PB1,1182,1,1477,0,1,1479,T
2-PB1,1183,6,0,1,1626,1633,C
2-PB1,1184,0,1657,0,1,1658,T
2-PB1,1185,0,1657,0,1,1658,T
2-PB1,1186,4,0,0,1688,1692,C
2-PB1,1187,0,1685,0,1,1686,T
2-PB1,1188,1689,0,0,0,1689,A
2-PB1,1189,1694,1,0,0,1695,A
2-PB1,1190,0,1694,1,0,1695,T
2-PB1,1191,1726,0,1,0,1727,A
2-PB1,1192,0,1,1687,0,1688,G
2-PB1,1193,1547,0,1,0,1548,A
2-PB1,1194,0,1548,0,0,1548,T
2-PB1,1195,0,6,1517,0,1523,G
2-PB1,1196,0,1,1538,0,1539,G
2-PB1,1197,0,1,0,1532,1533,C
2-PB1,1198,1538,0,1,0,1539,A
2-PB1,1199,0,0,0,1553,1553,C
2-PB1,1200,1527,0,0,0,1527,A
2-PB1,1201,0,0,1590,0,1590,G
2-PB1,1202,1,0,0,1576,1577,C
2-PB1,1203,1580,0,2,0,1582,A
2-PB1,1204,0,1630,0,0,1630,T
2-PB1,1205,5,1,0,1605,1611,C
2-PB1,1206,1623,0,0,1,1624,A
2-PB1,1207,0,1627,0,0,1627,T
2-PB1,1208,0,1618,0,2,1620,T
2-PB1,1209,0,5,1614,0,1619,G
2-PB1,1210,1574,0,2,1,1577,A
2-PB1,1211,1,1,1622,0,1624,G
2-PB1,1212,1,0,1,1626,1628,C
2-PB1,1213,6,2,0,1601,1609,C
2-PB1,1214,10,1,0,1615,1626,C
2-PB1,1215,0,1612,1,0,1613,T
2-PB1,1216,0,3,1728,0,1731,G
2-PB1,1217,3,7,1760,0,1770,G
2-PB1,1218,1763,0,2,1,1766,A
2-PB1,1219,1814,0,0,1,1815,A
2-PB1,1220,0,1765,0,2,1767,T
2-PB1,1221,1,2,1820,0,1823,G
2-PB1,1222,1857,1,3,1,1862,A
2-PB1,1223,2,1860,0,2,1864,T
2-PB1,1224,0,5,1862,0,1867,G
2-PB1,1225,1844,0,4,1,1849,A
2-PB1,1226,0,1824,0,0,1824,T
2-PB1,1227,1,8,1812,1,1822,G
2-PB1,1228,2,5,1851,0,1858,G
2-PB1,1229,0,1,1866,0,1867,G
2-PB1,1230,1,1,0,1846,1848,C
2-PB1,1231,1840,1,1,0,1842,A
2-PB1,1232,1,1849,0,3,1853,T
2-PB1,1233,0,0,1924,0,1924,G
2-PB1,1234,0,1928,0,4,1932,T
2-PB1,1235,1,1956,0,0,1957,T
2-PB1,1236,8,2,2,1969,1981,C
2-PB1,1237,1976,1,1,1,1979,A
2-PB1,1238,1984,0,1,0,1985,A
2-PB1,1239,0,1,0,1985,1986,C
2-PB1,1240,2000,0,0,0,2000,A
2-PB1,1241,0,1993,0,1,1994,T
2-PB1,1242,1,1,1974,0,1976,G
2-PB1,1243,0,0,0,1975,1975,C
2-PB1,1244,0,1961,0,0,1961,T
2-PB1,1245,0,5,1942,0,1947,G
2-PB1,1246,2005,1,2,0,2008,A
2-PB1,1247,0,1,2031,0,2032,G
2-PB1,1248,0,2033,0,1,2034,T
2-PB1,1249,2026,0,0,0,2026,A
2-PB1,1250,1,3,0,2035,2039,C
2-PB1,1251,2,7,2042,0,2051,G
2-PB1,1252,1,1,2173,0,2175,G
2-PB1,1253,1,2169,0,1,2171,T
2-PB1,1254,0,2139,0,1,2140,T
2-PB1,1255,0,2147,2,3,2152,T
2-PB1,1256,0,2130,0,1,2131,T
2-PB1,1257,2133,0,1,0,2134,A
2-PB1,1258,0,5,2127,0,2132,G
2-PB1,1259,3,11,2119,1,2134,G
2-PB1,1260,2070,1,3,0,2074,A
2-PB1,1261,0,1,2052,0,2053,G
2-PB1,1262,1,2056,0,3,2060,T
2-PB1,1263,9,0,0,2057,2066,C
2-PB1,1264,0,2064,0,2,2066,T
2-PB1,1265,2,1,0,2067,2070,C
2-PB1,1266,0,7,2065,0,2072,G
2-PB1,1267,2149,0,0,0,2149,A
2-PB1,1268,0,2149,0,0,2149,T
2-PB1,1269,2157,1,0,0,2158,A
2-PB1,1270,1,1,0,2160,2162,C
2-PB1,1271,1,2126,0,3,2130,T
2-PB1,1272,0,10,2133,0,2143,G
2-PB1,1273,2139,0,4,0,2143,A
2-PB1,1274,2182,0,1,1,2184,A
2-PB1,1275,0,2180,1,2,2183,T
2-PB1,1276,5,0,0,2132,2137,C
2-PB1,1277,0,2133,0,1,2134,T
2-PB1,1278,1,2124,1,1,2127,T
2-PB1,1279,0,7,2121,0,2128,G
2-PB1,1280,0,4,2131,0,2135,G
2-PB1,1281,2128,0,3,0,2131,A
2-PB1,1282,2,2,0,2128,2132,C
2-PB1,1283,2096,1,1,0,2098,A
2-PB1,1284,2107,0,1,0,2108,A
2-PB1,1285,2113,0,1,0,2114,A
2-PB1,1286,2116,0,1,0,2117,A
2-PB1,1287,0,1,2162,0,2163,G
2-PB1,1288,2157,0,0,0,2157,A
2-PB1,1289,2152,1,2,0,2155,A
2-PB1,1290,2153,1,5,0,2159,A
2-PB1,1291,0,2162,0,0,2162,T
2-PB1,1292,2166,0,2,0,2168,A
2-PB1,1293,2,0,0,2248,2250,C
2-PB1,1294,2218,1,3,0,2222,A
2-PB1,1295,0,0,1,2229,2230,C
2-PB1,1296,8,0,0,2195,2203,C
2-PB1,1297,2194,0,1,1,2196,A
2-PB1,1298,2222,0,2,0,2224,A
2-PB1,1299,1,7,2287,0,2295,G
2-PB1,1300,2328,0,0,0,2328,A
2-PB1,1301,1,1,0,2344,2346,C
2-PB1,1302,2303,0,0,0,2303,A
2-PB1,1303,2384,0,3,0,2387,A
2-PB1,1304,0,1,0,2388,2389,C
2-PB1,1305,2434,1,2,0,2437,A
2-PB1,1306,0,2446,0,0,2446,T
2-PB1,1307,2423,0,0,0,2423,A
2-PB1,1308,0,0,0,2470,2470,C
2-PB1,1309,0,2401,0,2,2403,T
2-PB1,1310,3,7,2418,2,2430,G
2-PB1,1311,0,1,2430,0,2431,G
2-PB1,1312,1,2369,0,4,2374,T
2-PB1,1313,2,13,2354,0,2369,G
2-PB1,1314,1,5,2339,0,2345,G
2-PB1,1315,0,5,2351,0,2356,G
2-PB1,1316,2360,0,1,0,2361,A
2-PB1,1317,0,2302,0,3,2305,T
2-PB1,1318,1,5,2297,0,2303,G
2-PB1,1319,0,5,2286,0,2291,G
2-PB1,1320,0,1,2305,0,2306,G
2-PB1,1321,0,1,0,2333,2334,C
2-PB1,1322,0,2323,1,3,2327,T
2-PB1,1323,7,0,0,2326,2333,C
2-PB1,1324,4,1,0,2331,2336,C
2-PB1,1325,2332,1,3,0,2336,A
2-PB1,1326,2336,0,0,1,2337,A
2-PB1,1327,0,2328,0,2,2330,T
2-PB1,1328,4,0,1,2313,2318,C
2-PB1,1329,7,0,0,2297,2304,C
2-PB1,1330,0,2279,0,3,2282,T
2-PB1,1331,9,0,0,2277,2286,C
2-PB1,1332,7,2,0,2263,2272,C
2-PB1,1333,0,3,2277,0,2280,G
2-PB1,1334,2276,0,0,0,2276,A
2-PB1,1335,2,1,0,2273,2276,C
2-PB1,1336,1,8,2268,0,2277,G
2-PB1,1337,2291,0,1,0,2292,A
2-PB1,1338,0,2288,0,2,2290,T
2-PB1,1339,0,2284,0,0,2284,T
2-PB1,1340,1,2286,1,0,2288,T
2-PB1,1341,0,2293,0,2,2295,T
2-PB1,1342,0,1,2295,0,2296,G
2-PB1,1343,1,4,0,2300,2305,C
2-PB1,1344,3,0,0,2305,2308,C
2-PB1,1345,4,0,1,2361,2366,C
2-PB1,1346,0,2336,0,3,2339,T
2-PB1,1347,2,1,0,2408,2411,C
2-PB1,1348,2423,0,2,0,2425,A
2-PB1,1349,1,2428,0,1,2430,T
2-PB1,1350,2423,0,2,0,2425,A
2-PB1,1351,0,0,2454,0,2454,G
2-PB1,1352,0,2417,0,2,2419,T
2-PB1,1353,2,10,2446,0,2458,G
2-PB1,1354,2382,1,0,0,2383,A
2-PB1,1355,2389,1,2,0,2392,A
2-PB1,1356,0,2306,0,0,2306,T
2-PB1,1357,0,1,2316,0,2317,G
2-PB1,1358,2,2,0,2351,2355,C
2-PB1,1359,2352,1,1,0,2354,A
2-PB1,1360,1,3,1,2343,2348,C
2-PB1,1361,3,1,0,2324,2328,C
2-PB1,1362,2290,0,2,0,2292,A
2-PB1,1363,7,3,2199,0,2209,G
2-PB1,1364,2208,0,0,0,2208,A
2-PB1,1365,0,2196,0,3,2199,T
2-PB1,1366,5,0,0,2324,2329,C
2-PB1,1367,2331,0,1,0,2332,A
2-PB1,1368,0,2332,0,0,2332,T
2-PB1,1369,14,6,2319,0,2339,G
2-PB1,1370,2341,0,5,0,2346,A
2-PB1,1371,2,10,2347,1,2360,G
2-PB1,1372,1,5,2307,0,2313,G
2-PB1,1373,1,5,2323,0,2329,G
2-PB1,1374,2314,0,3,2,2319,A
2-PB1,1375,2354,0,2,0,2356,A
2-PB1,1376,0,2359,1,1,2361,T
2-PB1,1377,2354,0,4,0,2358,A
2-PB1,1378,1,1,1,2361,2364,C
2-PB1,1379,2364,0,4,0,2368,A
2-PB1,1380,2369,1,2,0,2372,A
2-PB1,1381,1,0,2359,0,2360,G
2-PB1,1382,1,2,0,2348,2351,C
2-PB1,1383,2331,0,4,0,2335,A
2-PB1,1384,0,3,2347,0,2350,G
2-PB1,1385,0,10,2350,0,2360,G
2-PB1,1386,2347,1,4,0,2352,A
2-PB1,1387,0,1,2358,0,2359,G
2-PB1,1388,0,2316,0,1,2317,T
2-PB1,1389,2,4,2345,0,2351,G
2-PB1,1390,2,3,2356,0,2361,G
2-PB1,1391,2356,0,3,1,2360,A
2-PB1,1392,0,2364,1,2,2367,T
2-PB1,1393,2323,0,1,0,2324,A
2-PB1,1394,2,7,2334,0,2343,G
2-PB1,1395,2350,0,5,1,2356,A
2-PB1,1396,1,2346,0,4,2351,T
2-PB1,1397,2,2345,0,0,2347,T
2-PB1,1398,3,0,1,2425,2429,C
2-PB1,1399,0,2405,0,2,2407,T
2-PB1,1400,2408,0,0,1,2409,A
2-PB1,1401,0,2,0,2404,2406,C
2-PB1,1402,2372,1,5,0,2378,A
2-PB1,1403,2,10,2375,0,2387,G
2-PB1,1404,2,11,2339,0,2352,G
2-PB1,1405,2371,0,1,0,2372,A
2-PB1,1406,0,1,0,2362,2363,C
2-PB1,1407,1,0,0,2308,2309,C
2-PB1,1408,0,2285,0,5,2290,T
2-PB1,1409,3,0,2295,0,2298,G
2-PB1,1410,1,1,0,2293,2295,C
2-PB1,1411,2302,0,2,0,2304,A
2-PB1,1412,2323,0,3,0,2326,A
2-PB1,1413,0,0,2326,0,2326,G
2-PB1,1414,0,2297,1,1,2299,T
2-PB1,1415,0,2300,0,1,2301,T
2-PB1,1416,2268,0,1,0,2269,A
2-PB1,1417,0,0,2271,0,2271,G
2-PB1,1418,0,2265,0,0,2265,T
2-PB1,1419,0,5,2258,0,2263,G
2-PB1,1420,0,1,2259,0,2260,G
2-PB1,1421,2,8,2272,0,2282,G
2-PB1,1422,2274,0,1,1,2276,A
2-PB1,1423,2287,0,0,0,2287,A
2-PB1,1424,0,2281,0,0,2281,T
2-PB1,1425,12,0,0,2272,2284,C
2-PB1,1426,2283,0,1,0,2284,A
2-PB1,1427,2288,2,1,0,2291,A
2-PB1,1428,2,0,0,2287,2289,C
2-PB1,1429,2285,0,0,0,2285,A
2-PB1,1430,0,2247,1,1,2249,T
2-PB1,1431,0,13,2240,0,2253,G
2-PB1,1432,2258,1,2,0,2261,A
2-PB1,1433,0,0,2278,0,2278,G
2-PB1,1434,2,0,0,2265,2267,C
2-PB1,1435,2262,0,0,0,2262,A
2-PB1,1436,2262,1,2,0,2265,A
2-PB1,1437,2268,0,0,0,2268,A
2-PB1,1438,2288,0,0,0,2288,A
2-PB1,1439,2276,2,2,0,2280,A
2-PB1,1440,0,3,2291,0,2294,G
2-PB1,1441,2258,0,1,0,2259,A
2-PB1,1442,2233,1,5,2,2241,A
2-PB1,1443,0,0,2322,0,2322,G
2-PB1,1444,1,2318,0,0,2319,T
2-PB1,1445,8,2,0,2317,2327,C
2-PB1,1446,9,0,1,2312,2322,C
2-PB1,1447,2,2316,0,2,2320,T
2-PB1,1448,2348,0,1,0,2349,A
2-PB1,1449,0,2348,1,0,2349,T
2-PB1,1450,2354,0,0,1,2355,A
2-PB1,1451,0,2356,0,0,2356,T
2-PB1,1452,2296,0,5,0,2301,A
2-PB1,1453,2302,0,1,0,2303,A
2-PB1,1454,2300,0,0,0,2300,A
2-PB1,1455,0,2296,0,1,2297,T
2-PB1,1456,2279,0,0,0,2279,A
2-PB1,1457,2246,0,0,1,2247,A
2-PB1,1458,2264,0,0,1,2265,A
2-PB1,1459,2264,2,0,0,2266,A
2-PB1,1460,0,1,0,2266,2267,C
2-PB1,1461,2157,2,0,0,2159,A
2-PB1,1462,2,5,2147,0,2154,G
2-PB1,1463,2,4,2146,0,2152,G
2-PB1,1464,0,8,2155,0,2163,G
2-PB1,1465,2152,0,2,0,2154,A
2-PB1,1466,1,0,0,2189,2190,C
2-PB1,1467,2173,0,0,0,2173,A
2-PB1,1468,0,2180,0,0,2180,T
2-PB1,1469,0,2176,0,2,2178,T
2-PB1,1470,0,2180,0,2,2182,T
2-PB1,1471,1,7,2176,0,2184,G
2-PB1,1472,2164,0,2,0,2166,A
2-PB1,1473,2160,0,2,0,2162,A
2-PB1,1474,0,2162,0,0,2162,T
2-PB1,1475,0,2125,0,0,2125,T
2-PB1,1476,9,1,0,2132,2142,C
2-PB1,1477,2122,0,0,0,2122,A
2-PB1,1478,0,1,0,2121,2122,C
2-PB1,1479,0,2119,0,1,2120,T
2-PB1,1480,2119,1,1,0,2121,A
2-PB1,1481,2,0,2116,0,2118,G
2-PB1,1482,1,0,0,2115,2116,C
2-PB1,1483,0,2097,1,3,2101,T
2-PB1,1484,0,2125,0,1,2126,T
2-PB1,1485,0,2117,0,1,2118,T
2-PB1,1486,1,2117,0,1,2119,T
2-PB1,1487,0,2119,0,0,2119,T
2-PB1,1488,1,2113,0,0,2114,T
2-PB1,1489,0,2111,0,1,2112,T
2-PB1,1490,2106,1,2,0,2109,A
2-PB1,1491,0,2107,0,0,2107,T
2-PB1,1492,4,1,0,2105,2110,C
2-PB1,1493,1,5,2111,0,2117,G
2-PB1,1494,2174,0,1,0,2175,A
2-PB1,1495,0,2185,0,1,2186,T
2-PB1,1496,2190,0,0,0,2190,A
2-PB1,1497,0,2205,0,0,2205,T
2-PB1,1498,2,7,2200,0,2209,G
2-PB1,1499,1,1,2221,0,2223,G
2-PB1,1500,2215,1,2,0,2218,A
2-PB1,1501,1,2197,0,1,2199,T
2-PB1,1502,0,2171,0,0,2171,T
2-PB1,1503,1,2121,0,1,2123,T
2-PB1,1504,0,0,2126,1,2127,G
2-PB1,1505,0,2122,0,1,2123,T
2-PB1,1506,0,11,2103,0,2114,G
2-PB1,1507,1,0,2115,0,2116,G
2-PB1,1508,0,3,0,2085,2088,C
2-PB1,1509,0,2095,0,0,2095,T
2-PB1,1510,2093,0,0,0,2093,A
2-PB1,1511,2122,0,0,0,2122,A
2-PB1,1512,0,2137,1,0,2138,T
2-PB1,1513,0,2144,0,0,2144,T
2-PB1,1514,0,2142,0,0,2142,T
2-PB1,1515,0,2143,0,0,2143,T
2-PB1,1516,2140,0,1,0,2141,A
2-PB1,1517,0,1,2157,0,2158,G
2-PB1,1518,1,1,0,2154,2156,C
2-PB1,1519,2140,0,4,0,2144,A
2-PB1,1520,0,2124,0,1,2125,T
2-PB1,1521,1,7,2098,1,2107,G
2-PB1,1522,0,6,2130,0,2136,G
2-PB1,1523,2130,0,0,0,2130,A
2-PB1,1524,0,0,2141,0,2141,G
2-PB1,1525,0,1,0,2134,2135,C
2-PB1,1526,0,2098,0,0,2098,T
2-PB1,1527,1,1,2112,1,2115,G
2-PB1,1528,0,0,0,2110,2110,C
2-PB1,1529,9,1,0,2096,2106,C
2-PB1,1530,8,1,0,2108,2117,C
2-PB1,1531,2076,1,1,1,2079,A
2-PB1,1532,1,0,2196,0,2197,G
2-PB1,1533,1,2196,0,1,2198,T
2-PB1,1534,0,2192,0,3,2195,T
2-PB1,1535,0,2201,1,0,2202,T
2-PB1,1536,0,2176,0,1,2177,T
2-PB1,1537,0,3,2161,1,2165,G
2-PB1,1538,0,4,2168,0,2172,G
2-PB1,1539,2159,1,2,0,2162,A
2-PB1,1540,0,0,2167,0,2167,G
2-PB1,1541,0,1974,0,2,1976,T
2-PB1,1542,1,0,2032,0,2033,G
2-PB1,1543,1,2034,0,3,2038,T
2-PB1,1544,9,0,0,2023,2032,C
2-PB1,1545,0,2033,0,2,2035,T
2-PB1,1546,3,1,2038,0,2042,G
2-PB1,1547,0,3,2060,0,2063,G
2-PB1,1548,2058,0,1,1,2060,A
2-PB1,1549,2066,1,2,1,2070,A
2-PB1,1550,1,2067,0,0,2068,T
2-PB1,1551,1899,0,2,0,1901,A
2-PB1,1552,1900,1,0,0,1901,A
2-PB1,1553,1898,0,2,0,1900,A
2-PB1,1554,1,1,0,1904,1906,C
2-PB1,1555,0,6,1882,0,1888,G
2-PB1,1556,1858,0,1,0,1859,A
2-PB1,1557,1,0,1854,0,1855,G
2-PB1,1558,1,1848,0,5,1854,T
2-PB1,1559,11,0,0,1854,1865,C
2-PB1,1560,1851,1,4,0,1856,A
2-PB1,1561,0,0,1881,0,1881,G
2-PB1,1562,0,0,0,1878,1878,C
2-PB1,1563,0,1870,0,3,1873,T
2-PB1,1564,1,5,1914,0,1920,G
2-PB1,1565,1902,1,3,0,1906,A
2-PB1,1566,0,1909,0,0,1909,T
2-PB1,1567,1911,2,0,0,1913,A
2-PB1,1568,1,1882,0,0,1883,T
2-PB1,1569,1,4,1883,0,1888,G
2-PB1,1570,1803,0,1,0,1804,A
2-PB1,1571,0,1,1825,0,1826,G
2-PB1,1572,0,1,1,1832,1834,C
2-PB1,1573,1713,0,0,0,1713,A
2-PB1,1574,0,1724,0,0,1724,T
2-PB1,1575,0,1715,0,1,1716,T
2-PB1,1576,1,3,1728,0,1732,G
2-PB1,1577,1,7,1778,0,1786,G
2-PB1,1578,1761,0,3,0,1764,A
2-PB1,1579,1,0,1767,1,1769,G
2-PB1,1580,1,1691,0,0,1692,T
2-PB1,1581,1686,1,2,0,1689,A
2-PB1,1582,1687,0,1,1,1689,A
2-PB1,1583,1,2,1,1703,1707,C
2-PB1,1584,1685,0,1,0,1686,A
2-PB1,1585,1,0,1729,0,1730,G
2-PB1,1586,0,1541,0,1,1542,T
2-PB1,1587,0,7,1545,1,1553,G
2-PB1,1588,1558,1,1,0,1560,A
2-PB1,1589,2,1552,1,0,1555,T
2-PB1,1590,1548,1,0,0,1549,A
2-PB1,1591,1548,0,0,1,1549,A
2-PB1,1592,1507,0,0,1,1508,A
2-PB1,1593,0,5,1520,0,1525,G
2-PB1,1594,1451,0,1,0,1452,A
2-PB1,1595,1447,0,2,1,1450,A
2-PB1,1596,1,0,0,1449,1450,C
2-PB1,1597,1387,0,0,1,1388,A
2-PB1,1598,1402,1,1,0,1404,A
2-PB1,1599,0,0,0,1414,1414,C
2-PB1,1600,1427,0,1,0,1428,A
2-PB1,1601,0,1419,5,1,1425,T
2-PB1,1602,0,6,1397,0,1403,G
2-PB1,1603,1406,1,0,0,1407,A
2-PB1,1604,0,1397,0,0,1397,T
2-PB1,1605,1379,0,1,0,1380,A
2-PB1,1606,1389,0,1,0,1390,A
2-PB1,1607,1376,1,1,0,1378,A
2-PB1,1608,0,1,0,1376,1377,C
2-PB1,1609,1323,0,1,0,1324,A
2-PB1,1610,1320,0,1,0,1321,A
2-PB1,1611,1,1287,0,1,1289,T
2-PB1,1612,0,8,1283,0,1291,G
2-PB1,1613,1317,0,1,1,1319,A
2-PB1,1614,0,0,0,1337,1337,C
2-PB1,1615,2,2,0,1303,1307,C
2-PB1,1616,0,1259,0,0,1259,T
2-PB1,1617,0,1206,0,3,1209,T
2-PB1,1618,0,3,1210,0,1213,G
2-PB1,1619,1,6,1218,0,1225,G
2-PB1,1620,1228,1,2,0,1231,A
2-PB1,1621,0,2,0,1222,1224,C
2-PB1,1622,3,1,0,1207,1211,C
2-PB1,1623,1200,0,0,0,1200,A
2-PB1,1624,1,0,1206,0,1207,G
2-PB1,1625,0,0,0,1212,1212,C
2-PB1,1626,1210,0,1,0,1211,A
2-PB1,1627,1208,0,1,1,1210,A
2-PB1,1628,2,0,0,1203,1205,C
2-PB1,1629,1196,0,0,1,1197,A
2-PB1,1630,0,1,1218,0,1219,G
2-PB1,1631,1,0,0,1217,1218,C
2-PB1,1632,1,0,1,1220,1222,C
2-PB1,1633,3,1,1,1212,1217,C
2-PB1,1634,1218,1,1,0,1220,A
2-PB1,1635,1214,0,2,0,1216,A
2-PB1,1636,1221,0,0,0,1221,A
2-PB1,1637,0,1214,0,0,1214,T
2-PB1,1638,0,2,1212,0,1214,G
2-PB1,1639,0,1,1181,0,1182,G
2-PB1,1640,0,0,0,1173,1173,C
2-PB1,1641,0,1167,1,3,1171,T
2-PB1,1642,4,0,0,1191,1195,C
2-PB1,1643,1,1189,0,1,1191,T
2-PB1,1644,6,0,0,1197,1203,C
2-PB1,1645,4,0,0,1200,1204,C
2-PB1,1646,1206,1,1,1,1209,A
2-PB1,1647,1211,0,0,2,1213,A
2-PB1,1648,0,1204,0,1,1205,T
2-PB1,1649,0,1186,0,0,1186,T
2-PB1,1650,0,0,1195,0,1195,G
2-PB1,1651,0,1157,0,2,1159,T
2-PB1,1652,0,1155,0,0,1155,T
2-PB1,1653,13,5,0,1138,1156,C
2-PB1,1654,1156,1,0,0,1157,A
2-PB1,1655,0,1155,0,1,1156,T
2-PB1,1656,3,0,0,1151,1154,C
2-PB1,1657,1159,0,1,0,1160,A
2-PB1,1658,1161,0,2,0,1163,A
2-PB1,1659,1165,0,4,0,1169,A
2-PB1,1660,0,2,1187,0,1189,G
2-PB1,1661,1186,0,2,0,1188,A
2-PB1,1662,0,1192,0,0,1192,T
2-PB1,1663,0,1195,1,0,1196,T
2-PB1,1664,1198,0,1,0,1199,A
2-PB1,1665,1,0,0,1228,1229,C
2-PB1,1666,1224,0,3,0,1227,A
2-PB1,1667,2,3,1232,0,1237,G
2-PB1,1668,1233,0,1,0,1234,A
2-PB1,1669,0,1245,0,0,1245,T
2-PB1,1670,1246,1,0,0,1247,A
2-PB1,1671,0,0,0,1330,1330,C
2-PB1,1672,1346,0,1,0,1347,A
2-PB1,1673,0,0,0,1436,1436,C
2-PB1,1674,1413,1,0,0,1414,A
2-PB1,1675,1,1421,0,0,1422,T
2-PB1,1676,1413,1,1,0,1415,A
2-PB1,1677,0,1413,0,1,1414,T
2-PB1,1678,1379,0,0,0,1379,A
2-PB1,1679,0,1,1382,0,1383,G
2-PB1,1680,0,0,1362,0,1362,G
2-PB1,1681,0,1284,0,0,1284,T
2-PB1,1682,1,0,1255,0,1256,G
2-PB1,1683,1,0,0,1281,1282,C
2-PB1,1684,3,0,0,1275,1278,C
2-PB1,1685,1291,0,1,0,1292,A
2-PB1,1686,0,1291,1,0,1292,T
2-PB1,1687,1294,0,1,0,1295,A
2-PB1,1688,1,2,1293,1,1297,G
2-PB1,1689,1270,0,0,0,1270,A
2-PB1,1690,2,1,1268,0,1271,G
2-PB1,1691,0,3,1273,0,1276,G
2-PB1,1692,1226,0,2,1,1229,A
2-PB1,1693,0,6,1227,0,1233,G
2-PB1,1694,1219,0,4,0,1223,A
2-PB1,1695,1,0,0,1223,1224,C
2-PB1,1696,1223,1,0,0,1224,A
2-PB1,1697,1,1,0,1240,1242,C
2-PB1,1698,1239,0,5,0,1244,A
2-PB1,1699,0,0,0,1241,1241,C
2-PB1,1700,1228,1,0,0,1229,A
2-PB1,1701,1238,0,0,0,1238,A
2-PB1,1702,1250,0,0,2,1252,A
2-PB1,1703,0,1248,0,2,1250,T
2-PB1,1704,1,0,0,1245,1246,C
2-PB1,1705,3,1,0,1243,1247,C
2-PB1,1706,1236,0,0,0,1236,A
2-PB1,1707,0,5,1230,0,1235,G
2-PB1,1708,1232,0,1,0,1233,A
2-PB1,1709,0,1,0,1249,1250,C
2-PB1,1710,0,4,1243,0,1247,G
2-PB1,1711,1230,0,2,0,1232,A
2-PB1,1712,0,2,1233,0,1235,G
2-PB1,1713,1241,0,2,0,1243,A
2-PB1,1714,1240,0,1,0,1241,A
2-PB1,1715,4,2,1240,0,1246,G
2-PB1,1716,1242,0,3,0,1245,A
2-PB1,1717,1,1240,0,0,1241,T
2-PB1,1718,5,0,0,1220,1225,C
2-PB1,1719,1232,0,0,0,1232,A
2-PB1,1720,0,1230,1,1,1232,T
2-PB1,1721,0,1220,0,2,1222,T
2-PB1,1722,5,1,0,1224,1230,C
2-PB1,1723,1,8,1220,0,1229,G
2-PB1,1724,1213,0,0,0,1213,A
2-PB1,1725,0,2,1217,0,1219,G
2-PB1,1726,1207,0,0,0,1207,A
2-PB1,1727,0,1260,1,0,1261,T
2-PB1,1728,1259,0,1,0,1260,A
2-PB1,1729,1266,0,0,0,1266,A
2-PB1,1730,1269,0,0,0,1269,A
2-PB1,1731,1,0,1275,0,1276,G
2-PB1,1732,1277,0,0,0,1277,A
2-PB1,1733,1255,0,0,0,1255,A
2-PB1,1734,0,0,1259,0,1259,G
2-PB1,1735,1,0,0,1258,1259,C
2-PB1,1736,0,1241,1,0,1242,T
2-PB1,1737,3,0,1254,0,1257,G
2-PB1,1738,0,1246,1,1,1248,T
2-PB1,1739,0,4,1240,0,1244,G
2-PB1,1740,0,2,1250,0,1252,G
2-PB1,1741,0,2,1261,0,1263,G
2-PB1,1742,1258,0,3,0,1261,A
2-PB1,1743,2,1254,0,0,1256,T
2-PB1,1744,8,0,0,1248,1256,C
2-PB1,1745,1252,0,0,0,1252,A
2-PB1,1746,1258,1,0,0,1259,A
2-PB1,1747,1270,0,0,0,1270,A
2-PB1,1748,1,1,0,1268,1270,C
2-PB1,1749,2,0,0,1260,1262,C
2-PB1,1750,3,1,0,1250,1254,C
2-PB1,1751,1254,0,0,0,1254,A
2-PB1,1752,1283,0,0,0,1283,A
2-PB1,1753,0,1282,0,0,1282,T
2-PB1,1754,5,0,0,1277,1282,C
2-PB1,1755,1266,0,0,0,1266,A
2-PB1,1756,1259,0,1,0,1260,A
2-PB1,1757,0,5,1266,0,1271,G
2-PB1,1758,2,6,1262,0,1270,G
2-PB1,1759,0,0,1268,0,1268,G
2-PB1,1760,1,0,0,1267,1268,C
2-PB1,1761,1242,0,2,0,1244,A
2-PB1,1762,0,3,1293,0,1296,G
2-PB1,1763,0,3,1293,0,1296,G
2-PB1,1764,1298,0,1,0,1299,A
2-PB1,1765,0,0,0,1319,1319,C
2-PB1,1766,0,1296,0,1,1297,T
2-PB1,1767,1326,0,0,0,1326,A
2-PB1,1768,0,1325,0,0,1325,T
2-PB1,1769,0,1322,0,0,1322,T
2-PB1,1770,0,4,1320,0,1324,G
2-PB1,1771,0,0,1321,0,1321,G
2-PB1,1772,1,1293,0,1,1295,T
2-PB1,1773,1295,0,0,0,1295,A
2-PB1,1774,0,1279,0,2,1281,T
2-PB1,1775,5,0,0,1276,1281,C
2-PB1,1776,1242,1,0,0,1243,A
2-PB1,1777,0,1,1255,0,1256,G
2-PB1,1778,1255,1,0,0,1256,A
2-PB1,1779,0,1247,0,0,1247,T
2-PB1,1780,0,6,1198,0,1204,G
2-PB1,1781,0,4,1197,0,1201,G
2-PB1,1782,0,4,1202,0,1206,G
2-PB1,1783,1,3,1213,0,1217,G
2-PB1,1784,1,6,1206,0,1213,G
2-PB1,1785,1205,0,3,0,1208,A
2-PB1,1786,0,0,0,1205,1205,C
2-PB1,1787,3,0,0,1197,1200,C
2-PB1,1788,1202,0,1,0,1203,A
2-PB1,1789,1304,0,0,0,1304,A
2-PB1,1790,1310,1,0,0,1311,A
2-PB1,1791,0,1,0,1352,1353,C
2-PB1,1792,0,1342,0,0,1342,T
2-PB1,1793,0,1339,0,1,1340,T
2-PB1,1794,1347,0,1,0,1348,A
2-PB1,1795,1,1346,0,0,1347,T
2-PB1,1796,1352,0,0,0,1352,A
2-PB1,1797,1,0,0,1351,1352,C
2-PB1,1798,1236,0,0,0,1236,A
2-PB1,1799,1247,0,0,0,1247,A
2-PB1,1800,0,1214,0,0,1214,T
2-PB1,1801,1229,0,0,0,1229,A
2-PB1,1802,0,1230,0,0,1230,T
2-PB1,1803,3,0,0,1225,1228,C
2-PB1,1804,3,1,0,1222,1226,C
2-PB1,1805,0,1,1224,0,1225,G
2-PB1,1806,2,3,1224,0,1229,G
2-PB1,1807,1226,1,0,0,1227,A
2-PB1,1808,1229,0,1,0,1230,A
2-PB1,1809,0,1229,0,0,1229,T
2-PB1,1810,1,0,0,1236,1237,C
2-PB1,1811,0,1229,0,2,1231,T
2-PB1,1812,1,1236,0,1,1238,T
2-PB1,1813,1,0,0,1240,1241,C
2-PB1,1814,1237,0,2,0,1239,A
2-PB1,1815,1,1,0,1237,1239,C
2-PB1,1816,1239,1,0,0,1240,A
2-PB1,1817,0,1361,0,0,1361,T
2-PB1,1818,1,1,0,1364,1366,C
2-PB1,1819,2,0,1,1354,1357,C
2-PB1,1820,8,0,0,1356,1364,C
2-PB1,1821,1,1363,0,0,1364,T
2-PB1,1822,0,1,1362,0,1363,G
2-PB1,1823,1361,0,0,0,1361,A
2-PB1,1824,1364,0,0,0,1364,A
2-PB1,1825,0,0,1361,0,1361,G
2-PB1,1826,0,1272,0,1,1273,T
2-PB1,1827,4,0,0,1269,1273,C
2-PB1,1828,0,1258,0,2,1260,T
2-PB1,1829,0,2,1257,0,1259,G
2-PB1,1830,1,2,0,1248,1251,C
2-PB1,1831,1,2,0,1248,1251,C
2-PB1,1832,0,1308,0,3,1311,T
2-PB1,1833,1311,0,1,0,1312,A
2-PB1,1834,1310,0,0,0,1310,A
2-PB1,1835,1323,0,0,0,1323,A
2-PB1,1836,1,2,1328,0,1331,G
2-PB1,1837,1,1316,0,1,1318,T
2-PB1,1838,2,7,1273,1,1283,G
2-PB1,1839,0,3,1281,0,1284,G
2-PB1,1840,2,6,1289,0,1297,G
2-PB1,1841,1289,1,3,0,1293,A
2-PB1,1842,2,0,1294,0,1296,G
2-PB1,1843,0,3,0,1293,1296,C
2-PB1,1844,0,1279,0,0,1279,T
2-PB1,1845,0,3,1275,0,1278,G
2-PB1,1846,1271,0,2,0,1273,A
2-PB1,1847,0,1271,1,0,1272,T
2-PB1,1848,0,3,1277,0,1280,G
2-PB1,1849,0,0,1288,0,1288,G
2-PB1,1850,1279,0,4,0,1283,A
2-PB1,1851,0,1274,0,1,1275,T
2-PB1,1852,11,6,1261,0,1278,G
2-PB1,1853,1274,0,3,0,1277,A
2-PB1,1854,0,3,1289,1,1293,G
2-PB1,1855,1288,0,0,0,1288,A
2-PB1,1856,1285,1,1,0,1287,A
2-PB1,1857,0,1279,0,0,1279,T
2-PB1,1858,1,1266,0,3,1270,T
2-PB1,1859,1276,0,0,0,1276,A
2-PB1,1860,0,1272,0,0,1272,T
2-PB1,1861,4,0,0,1270,1274,C
2-PB1,1862,0,5,1273,0,1278,G
2-PB1,1863,1,5,1262,0,1268,G
2-PB1,1864,0,1,1266,0,1267,G
2-PB1,1865,0,3,1262,0,1265,G
2-PB1,1866,1259,0,2,1,1262,A
2-PB1,1867,1263,0,0,0,1263,A
2-PB1,1868,0,1,1274,0,1275,G
2-PB1,1869,1294,0,3,0,1297,A
2-PB1,1870,0,0,0,1301,1301,C
2-PB1,1871,0,1281,0,0,1281,T
2-PB1,1872,0,1311,1,0,1312,T
2-PB1,1873,0,1317,0,0,1317,T
2-PB1,1874,1,0,1325,0,1326,G
2-PB1,1875,0,1324,0,0,1324,T
2-PB1,1876,1322,0,1,0,1323,A
2-PB1,1877,1316,0,0,0,1316,A
2-PB1,1878,0,1301,0,1,1302,T
2-PB1,1879,3,0,0,1305,1308,C
2-PB1,1880,2,0,0,1306,1308,C
2-PB1,1881,1,0,0,1302,1303,C
2-PB1,1882,6,0,1,1309,1316,C
2-PB1,1883,0,1308,0,2,1310,T
2-PB1,1884,2,6,1306,0,1314,G
2-PB1,1885,1310,0,0,0,1310,A
2-PB1,1886,1318,0,0,0,1318,A
2-PB1,1887,0,1317,0,2,1319,T
2-PB1,1888,1,1,0,1310,1312,C
2-PB1,1889,3,0,0,1299,1302,C
2-PB1,1890,6,1,0,1291,1298,C
2-PB1,1891,0,1304,0,0,1304,T
2-PB1,1892,0,1310,0,0,1310,T
2-PB1,1893,0,1298,0,1,1299,T
2-PB1,1894,0,0,1307,0,1307,G
2-PB1,1895,1,1296,0,0,1297,T
2-PB1,1896,9,1,0,1290,1300,C
2-PB1,1897,1289,0,2,0,1291,A
2-PB1,1898,1,0,1309,0,1310,G
2-PB1,1899,0,0,0,1310,1310,C
2-PB1,1900,8,0,0,1294,1302,C
2-PB1,1901,1305,0,1,0,1306,A
2-PB1,1902,0,1307,0,0,1307,T
2-PB1,1903,1312,0,1,0,1313,A
2-PB1,1904,1324,0,0,0,1324,A
2-PB1,1905,1325,0,0,0,1325,A
2-PB1,1906,0,3,1341,0,1344,G
2-PB1,1907,1295,1,0,0,1296,A
2-PB1,1908,1296,0,0,0,1296,A
2-PB1,1909,1298,0,1,0,1299,A
2-PB1,1910,0,1302,0,0,1302,T
2-PB1,1911,0,1291,0,1,1292,T
2-PB1,1912,0,1,1297,0,1298,G
2-PB1,1913,1291,0,0,0,1291,A
2-PB1,1914,0,0,1301,0,1301,G
2-PB1,1915,1,1293,0,2,1296,T
2-PB1,1916,2,0,0,1301,1303,C
2-PB1,1917,1,1293,1,0,1295,T
2-PB1,1918,1,0,1324,0,1325,G
2-PB1,1919,0,1324,0,0,1324,T
2-PB1,1920,1341,0,0,0,1341,A
2-PB1,1921,1341,0,0,0,1341,A
2-PB1,1922,1345,0,0,0,1345,A
2-PB1,1923,0,0,0,1349,1349,C
2-PB1,1924,1313,0,1,0,1314,A
2-PB1,1925,1347,0,0,0,1347,A
2-PB1,1926,3,1344,0,0,1347,T
2-PB1,1927,0,0,1348,0,1348,G
2-PB1,1928,0,0,0,1359,1359,C
2-PB1,1929,1,1336,0,1,1338,T
2-PB1,1930,0,0,1391,0,1391,G
2-PB1,1931,0,1403,0,0,1403,T
2-PB1,1932,1416,0,1,0,1417,A
2-PB1,1933,0,0,1421,0,1421,G
2-PB1,1934,0,1386,0,0,1386,T
2-PB1,1935,1373,0,0,0,1373,A
2-PB1,1936,1365,0,0,0,1365,A
2-PB1,1937,0,1358,0,0,1358,T
2-PB1,1938,0,1,1357,0,1358,G
2-PB1,1939,1,0,0,1338,1339,C
2-PB1,1940,3,1,0,1325,1329,C
2-PB1,1941,1315,0,1,0,1316,A
2-PB1,1942,0,1,1326,0,1327,G
2-PB1,1943,0,0,0,1366,1366,C
2-PB1,1944,2,0,0,1360,1362,C
2-PB1,1945,5,0,0,1353,1358,C
2-PB1,1946,1351,1,2,0,1354,A
2-PB1,1947,0,1354,0,0,1354,T
2-PB1,1948,0,3,1348,0,1351,G
2-PB1,1949,0,0,1357,0,1357,G
2-PB1,1950,0,1350,0,1,1351,T
2-PB1,1951,6,1,0,1338,1345,C
2-PB1,1952,2,0,0,1300,1302,C
2-PB1,1953,0,2,1308,0,1310,G
2-PB1,1954,2,1,1306,0,1309,G
2-PB1,1955,0,0,0,1309,1309,C
2-PB1,1956,8,1,0,1303,1312,C
2-PB1,1957,1313,1,0,0,1314,A
2-PB1,1958,1320,0,0,0,1320,A
2-PB1,1959,1317,0,0,0,1317,A
2-PB1,1960,1326,0,0,0,1326,A
2-PB1,1961,0,0,1344,0,1344,G
2-PB1,1962,0,1309,0,0,1309,T
2-PB1,1963,1323,0,0,0,1323,A
2-PB1,1964,1,1319,0,0,1320,T
2-PB1,1965,1,0,1323,0,1324,G
2-PB1,1966,0,4,1342,0,1346,G
2-PB1,1967,1333,0,0,0,1333,A
2-PB1,1968,1347,0,0,0,1347,A
2-PB1,1969,1,1334,0,0,1335,T
2-PB1,1970,1318,0,2,0,1320,A
2-PB1,1971,2,1318,0,0,1320,T
2-PB1,1972,1,2,1301,0,1304,G
2-PB1,1973,1306,1,1,0,1308,A
2-PB1,1974,0,1303,1,1,1305,T
2-PB1,1975,0,0,1279,0,1279,G
2-PB1,1976,1,2,1,1278,1282,C
2-PB1,1977,3,0,0,1263,1266,C
2-PB1,1978,1,0,1264,1,1266,G
2-PB1,1979,1,1263,0,0,1264,T
2-PB1,1980,1,1258,0,0,1259,T
2-PB1,1981,0,1,1259,0,1260,G
2-PB1,1982,1,0,0,1284,1285,C
2-PB1,1983,1290,0,0,0,1290,A
2-PB1,1984,1304,0,1,0,1305,A
2-PB1,1985,0,0,0,1314,1314,C
2-PB1,1986,0,1311,0,1,1312,T
2-PB1,1987,1315,1,0,0,1316,A
2-PB1,1988,0,1,0,1314,1315,C
2-PB1,1989,1309,1,2,0,1312,A
2-PB1,1990,0,1,1,1311,1313,C
2-PB1,1991,1267,1,0,0,1268,A
2-PB1,1992,0,1,0,1367,1368,C
2-PB1,1993,0,1336,0,3,1339,T
2-PB1,1994,7,1,0,1339,1347,C
2-PB1,1995,1,1,0,1350,1352,C
2-PB1,1996,1,1343,0,2,1346,T
2-PB1,1997,0,4,1337,0,1341,G
2-PB1,1998,0,4,1343,0,1347,G
2-PB1,1999,1344,0,1,0,1345,A
2-PB1,2000,0,1347,0,0,1347,T
2-PB1,2001,0,1214,0,0,1214,T
2-PB1,2002,3,0,0,1232,1235,C
2-PB1,2003,2,0,0,1225,1227,C
2-PB1,2004,6,0,0,1225,1231,C
2-PB1,2005,1235,0,0,0,1235,A
2-PB1,2006,1228,0,2,0,1230,A
2-PB1,2007,1,3,1228,0,1232,G
2-PB1,2008,1227,0,0,0,1227,A
2-PB1,2009,0,3,1229,0,1232,G
2-PB1,2010,0,6,1224,0,1230,G
2-PB1,2011,1200,0,0,0,1200,A
2-PB1,2012,1202,0,3,0,1205,A
2-PB1,2013,0,0,0,1211,1211,C
2-PB1,2014,6,0,0,1198,1204,C
2-PB1,2015,3,1,1222,0,1226,G
2-PB1,2016,2,0,0,1221,1223,C
2-PB1,2017,0,1222,0,1,1223,T
2-PB1,2018,7,0,0,1221,1228,C
2-PB1,2019,2,1211,0,0,1213,T
2-PB1,2020,1290,0,1,0,1291,A
2-PB1,2021,0,1290,0,0,1290,T
2-PB1,2022,1,1296,0,0,1297,T
2-PB1,2023,1,0,0,1298,1299,C
2-PB1,2024,1,1250,0,1,1252,T
2-PB1,2025,1254,0,1,0,1255,A
2-PB1,2026,1251,1,1,0,1253,A
2-PB1,2027,1254,0,0,0,1254,A
2-PB1,2028,0,0,0,1257,1257,C
2-PB1,2029,1144,0,0,0,1144,A
2-PB1,2030,0,0,0,1147,1147,C
2-PB1,2031,1131,0,3,0,1134,A
2-PB1,2032,1145,0,0,0,1145,A
2-PB1,2033,1,0,1148,0,1149,G
2-PB1,2034,0,0,0,1144,1144,C
2-PB1,2035,1,0,0,1151,1152,C
2-PB1,2036,1137,0,0,0,1137,A
2-PB1,2037,1134,0,0,0,1134,A
2-PB1,2038,1137,1,1,0,1139,A
2-PB1,2039,0,4,1144,0,1148,G
2-PB1,2040,1,5,1141,0,1147,G
2-PB1,2041,1,1,1125,0,1127,G
2-PB1,2042,0,4,1121,0,1125,G
2-PB1,2043,1117,0,0,0,1117,A
2-PB1,2044,1117,0,1,0,1118,A
2-PB1,2045,0,1115,0,0,1115,T
2-PB1,2046,0,1113,0,0,1113,T
2-PB1,2047,3,0,0,1122,1125,C
2-PB1,2048,0,1116,0,3,1119,T
2-PB1,2049,0,1115,0,0,1115,T
2-PB1,2050,0,3,1110,0,1113,G
2-PB1,2051,1108,2,3,0,1113,A
2-PB1,2052,0,2,1120,0,1122,G
2-PB1,2053,0,1,1118,0,1119,G
2-PB1,2054,1118,0,1,0,1119,A
2-PB1,2055,0,1115,0,0,1115,T
2-PB1,2056,1,4,1122,0,1127,G
2-PB1,2057,1122,0,3,0,1125,A
2-PB1,2058,1127,0,1,0,1128,A
2-PB1,2059,0,1,0,1135,1136,C
2-PB1,2060,1120,0,1,0,1121,A
2-PB1,2061,0,2,1136,0,1138,G
2-PB1,2062,1125,0,1,0,1126,A
2-PB1,2063,0,1129,0,1,1130,T
2-PB1,2064,0,1,1139,0,1140,G
2-PB1,2065,0,1161,0,0,1161,T
2-PB1,2066,1163,0,0,0,1163,A
2-PB1,2067,2,0,0,1158,1160,C
2-PB1,2068,5,1,0,1143,1149,C
2-PB1,2069,1138,0,0,1,1139,A
2-PB1,2070,0,0,1127,0,1127,G
2-PB1,2071,1113,0,0,0,1113,A
2-PB1,2072,1111,0,2,0,1113,A
2-PB1,2073,0,0,1122,0,1122,G
2-PB1,2074,0,1056,0,0,1056,T
2-PB1,2075,0,1,1060,1,1062,G
2-PB1,2076,0,1,0,1064,1065,C
2-PB1,2077,0,1058,0,1,1059,T
2-PB1,2078,3,0,1057,0,1060,G
2-PB1,2079,0,0,0,1059,1059,C
2-PB1,2080,1058,0,1,0,1059,A
2-PB1,2081,1056,0,2,0,1058,A
2-PB1,2082,2,0,0,1044,1046,C
2-PB1,2083,0,1039,0,2,1041,T
2-PB1,2084,0,1028,0,1,1029,T
2-PB1,2085,0,1,1028,0,1029,G
2-PB1,2086,1,1028,0,0,1029,T
2-PB1,2087,0,1026,0,2,1028,T
2-PB1,2088,3,0,0,1022,1025,C
2-PB1,2089,1,2,1021,0,1024,G
2-PB1,2090,1023,0,0,0,1023,A
2-PB1,2091,0,2,1022,0,1024,G
2-PB1,2092,1026,1,0,0,1027,A
2-PB1,2093,1023,0,0,0,1023,A
2-PB1,2094,1029,0,0,0,1029,A
2-PB1,2095,1,1027,0,1,1029,T
2-PB1,2096,0,1034,0,0,1034,T
2-PB1,2097,0,1033,0,0,1033,T
2-PB1,2098,1,1034,0,0,1035,T
2-PB1,2099,0,1031,0,0,1031,T
2-PB1,2100,4,0,0,1032,1036,C
2-PB1,2101,3,0,1,1032,1036,C
2-PB1,2102,3,0,0,1036,1039,C
2-PB1,2103,0,1034,0,1,1035,T
2-PB1,2104,1034,0,0,0,1034,A
2-PB1,2105,0,0,1034,0,1034,G
2-PB1,2106,0,1032,0,1,1033,T
2-PB1,2107,1039,0,1,0,1040,A
2-PB1,2108,0,1,1043,0,1044,G
2-PB1,2109,0,1024,0,1,1025,T
2-PB1,2110,0,1056,0,0,1056,T
2-PB1,2111,5,0,0,1051,1056,C
2-PB1,2112,1072,1,0,0,1073,A
2-PB1,2113,0,1073,0,0,1073,T
2-PB1,2114,1067,0,2,0,1069,A
2-PB1,2115,1,1072,0,0,1073,T
2-PB1,2116,1035,0,1,0,1036,A
2-PB1,2117,2,0,1023,0,1025,G
2-PB1,2118,1,1,1016,0,1018,G
2-PB1,2119,906,0,1,0,907,A
2-PB1,2120,0,0,904,0,904,G
2-PB1,2121,852,0,1,0,853,A
2-PB1,2122,0,0,0,848,848,C
2-PB1,2123,3,0,0,811,814,C
2-PB1,2124,1,2,814,0,817,G
2-PB1,2125,817,0,0,0,817,A
2-PB1,2126,0,812,0,0,812,T
2-PB1,2127,0,814,0,1,815,T
2-PB1,2128,0,3,813,0,816,G
2-PB1,2129,0,2,812,0,814,G
2-PB1,2130,815,0,0,0,815,A
2-PB1,2131,820,0,0,0,820,A
2-PB1,2132,0,814,0,0,814,T
2-PB1,2133,0,819,0,0,819,T
2-PB1,2134,1,812,0,0,813,T
2-PB1,2135,0,0,0,818,818,C
2-PB1,2136,0,814,1,1,816,T
2-PB1,2137,816,0,0,0,816,A
2-PB1,2138,0,0,816,0,816,G
2-PB1,2139,0,0,0,809,809,C
2-PB1,2140,810,0,0,0,810,A
2-PB1,2141,0,803,0,0,803,T
2-PB1,2142,0,2,793,0,795,G
2-PB1,2143,0,0,802,0,802,G
2-PB1,2144,0,802,0,0,802,T
2-PB1,2145,0,2,799,0,801,G
2-PB1,2146,0,0,803,0,803,G
2-PB1,2147,790,0,0,0,790,A
2-PB1,2148,0,0,794,0,794,G
2-PB1,2149,0,0,788,0,788,G
2-PB1,2150,0,0,0,783,783,C
2-PB1,2151,1,0,0,774,775,C
2-PB1,2152,729,0,0,0,729,A
2-PB1,2153,0,728,0,0,728,T
2-PB1,2154,0,2,731,0,733,G
2-PB1,2155,0,0,737,0,737,G
2-PB1,2156,0,719,0,0,719,T
2-PB1,2157,0,0,728,0,728,G
2-PB1,2158,0,708,0,1,709,T
2-PB1,2159,3,1,0,699,703,C
2-PB1,2160,0,704,0,1,705,T
2-PB1,2161,700,0,0,0,700,A
2-PB1,2162,0,2,697,0,699,G
2-PB1,2163,0,4,680,0,684,G
2-PB1,2164,0,0,680,0,680,G
2-PB1,2165,0,0,0,668,668,C
2-PB1,2166,2,0,0,643,645,C
2-PB1,2167,2,0,0,626,628,C
2-PB1,2168,0,0,632,0,632,G
2-PB1,2169,0,3,630,0,633,G
2-PB1,2170,634,0,0,0,634,A
2-PB1,2171,0,633,0,0,633,T
2-PB1,2172,0,612,0,0,612,T
2-PB1,2173,0,2,606,0,608,G
2-PB1,2174,604,0,2,0,606,A
2-PB1,2175,0,608,0,1,609,T
2-PB1,2176,2,0,603,0,605,G
2-PB1,2177,1,0,0,600,601,C
2-PB1,2178,2,0,0,597,599,C
2-PB1,2179,596,0,0,0,596,A
2-PB1,2180,0,0,595,0,595,G
2-PB1,2181,592,0,1,0,593,A
2-PB1,2182,594,0,0,0,594,A
2-PB1,2183,0,591,0,0,591,T
2-PB1,2184,0,583,0,0,583,T
2-PB1,2185,0,2,581,0,583,G
2-PB1,2186,576,0,1,0,577,A
2-PB1,2187,0,0,0,581,581,C
2-PB1,2188,0,569,0,2,571,T
2-PB1,2189,0,569,0,0,569,T
2-PB1,2190,1,0,0,567,568,C
2-PB1,2191,0,1,569,0,570,G
2-PB1,2192,568,0,0,0,568,A
2-PB1,2193,0,0,557,0,557,G
2-PB1,2194,0,565,0,1,566,T
2-PB1,2195,2,0,0,564,566,C
2-PB1,2196,0,567,0,1,568,T
2-PB1,2197,0,0,564,0,564,G
2-PB1,2198,0,1,566,0,567,G
2-PB1,2199,567,0,0,0,567,A
2-PB1,2200,533,0,0,0,533,A
2-PB1,2201,0,0,534,0,534,G
2-PB1,2202,0,1,535,0,536,G
2-PB1,2203,537,0,0,0,537,A
2-PB1,2204,0,524,0,0,524,T
2-PB1,2205,0,529,0,0,529,T
2-PB1,2206,528,0,0,0,528,A
2-PB1,2207,529,0,0,0,529,A
2-PB1,2208,0,1,525,0,526,G
2-PB1,2209,527,0,1,0,528,A
2-PB1,2210,498,0,0,0,498,A
2-PB1,2211,4,0,462,0,466,G
2-PB1,2212,0,0,466,0,466,G
2-PB1,2213,465,0,1,0,466,A
2-PB1,2214,465,0,0,0,465,A
2-PB1,2215,0,0,466,0,466,G
2-PB1,2216,438,0,0,0,438,A
2-PB1,2217,0,0,437,0,437,G
2-PB1,2218,0,420,0,0,420,T
2-PB1,2219,0,420,0,0,420,T
2-PB1,2220,3,0,0,417,420,C
2-PB1,2221,0,402,0,0,402,T
2-PB1,2222,3,0,0,401,404,C
2-PB1,2223,0,404,0,0,404,T
2-PB1,2224,0,1,403,0,404,G
2-PB1,2225,393,0,1,0,394,A
2-PB1,2226,0,0,386,0,386,G
2-PB1,2227,381,0,0,0,381,A
2-PB1,2228,0,373,0,0,373,T
2-PB1,2229,2,0,0,346,348,C
2-PB1,2230,350,0,0,0,350,A
2-PB1,2231,0,348,0,0,348,T
2-PB1,2232,0,0,347,0,347,G
2-PB1,2233,345,1,1,0,347,A
2-PB1,2234,340,0,1,0,341,A
2-PB1,2235,0,1,334,0,335,G
2-PB1,2236,326,0,1,0,327,A
2-PB1,2237,0,322,0,0,322,T
2-PB1,2238,3,0,0,315,318,C
2-PB1,2239,0,307,0,0,307,T
2-PB1,2240,0,0,307,0,307,G
2-PB1,2241,0,307,0,1,308,T
2-PB1,2242,0,305,0,1,306,T
2-PB1,2243,5,0,0,302,307,C
2-PB1,2244,0,0,0,288,288,C
2-PB1,2245,285,0,0,1,286,A
2-PB1,2246,0,0,0,289,289,C
2-PB1,2247,2,0,0,265,267,C
2-PB1,2248,262,0,1,0,263,A
2-PB1,2249,0,242,0,0,242,T
2-PB1,2250,0,235,0,0,235,T
2-PB1,2251,0,0,233,0,233,G
2-PB1,2252,233,0,0,0,233,A
2-PB1,2253,232,0,0,0,232,A
2-PB1,2254,1,1,229,0,231,G
2-PB1,2255,189,0,1,0,190,A
2-PB1,2256,188,0,0,0,188,A
2-PB1,2257,0,0,0,189,189,C
2-PB1,2258,0,177,0,0,177,T
2-PB1,2259,0,0,0,176,176,C
2-PB1,2260,165,0,0,0,165,A
2-PB1,2261,0,2,163,0,165,G
2-PB1,2262,163,0,1,0,164,A
2-PB1,2263,0,0,0,162,162,C
2-PB1,2264,0,0,161,0,161,G
2-PB1,2265,0,0,153,0,153,G
2-PB1,2266,1,0,0,153,154,C
2-PB1,2267,154,0,0,0,154,A
2-PB1,2268,154,0,0,0,154,A
2-PB1,2269,153,0,0,0,153,A
2-PB1,2270,152,0,0,0,152,A
2-PB1,2271,151,0,1,0,152,A
2-PB1,2272,0,149,0,0,149,T
2-PB1,2273,147,0,0,0,147,A
2-PB1,2274,146,0,0,0,146,A
3-PA,1,80,0,0,0,80,A
3-PA,2,0,79,0,0,79,T
3-PA,3,0,0,86,0,86,G
3-PA,4,0,0,86,0,86,G
3-PA,5,87,0,0,0,87,A
3-PA,6,85,0,0,0,85,A
3-PA,7,0,0,89,0,89,G
3-PA,8,95,0,0,0,95,A
3-PA,9,0,94,0,1,95,T
3-PA,10,0,95,0,0,95,T
3-PA,11,0,103,0,0,103,T
3-PA,12,0,103,0,0,103,T
3-PA,13,0,0,105,0,105,G
3-PA,14,0,105,0,0,105,T
3-PA,15,0,1,104,0,105,G
3-PA,16,0,0,0,107,107,C
3-PA,17,0,2,106,0,108,G
3-PA,18,117,0,0,0,117,A
3-PA,19,0,0,0,119,119,C
3-PA,20,119,0,0,0,119,A
3-PA,21,119,0,0,0,119,A
3-PA,22,0,121,0,0,121,T
3-PA,23,0,0,141,0,141,G
3-PA,24,0,0,0,146,146,C
3-PA,25,0,146,0,0,146,T
3-PA,26,0,146,0,0,146,T
3-PA,27,0,0,0,145,145,C
3-PA,28,149,0,1,0,150,A
3-PA,29,154,0,0,0,154,A
3-PA,30,0,0,0,160,160,C
3-PA,31,0,0,0,160,160,C
3-PA,32,0,0,0,159,159,C
3-PA,33,0,0,162,0,162,G
3-PA,34,163,0,0,0,163,A
3-PA,35,0,163,0,0,163,T
3-PA,36,0,0,163,0,163,G
3-PA,37,165,0,0,0,165,A
3-PA,38,0,170,0,0,170,T
3-PA,39,0,171,0,0,171,T
3-PA,40,0,0,173,0,173,G
3-PA,41,0,173,0,0,173,T
3-PA,42,1,0,0,173,174,C
3-PA,43,0,2,172,0,174,G
3-PA,44,176,0,0,0,176,A
3-PA,45,177,0,0,0,177,A
3-PA,46,0,0,0,182,182,C
3-PA,47,0,183,0,0,183,T
3-PA,48,0,183,0,0,183,T
3-PA,49,0,0,183,0,183,G
3-PA,50,0,0,0,183,183,C
3-PA,51,182,0,0,0,182,A
3-PA,52,0,0,186,0,186,G
3-PA,53,185,0,0,0,185,A
3-PA,54,186,0,0,0,186,A
3-PA,55,185,0,0,0,185,A
3-PA,56,182,0,1,0,183,A
3-PA,57,185,0,0,0,185,A
3-PA,58,0,0,183,0,183,G
3-PA,59,0,0,0,192,192,C
3-PA,60,192,0,0,0,192,A
3-PA,61,206,0,0,1,207,A
3-PA,62,0,207,0,0,207,T
3-PA,63,0,1,210,0,211,G
3-PA,64,217,0,0,0,217,A
3-PA,65,215,0,0,0,215,A
3-PA,66,215,0,0,0,215,A
3-PA,67,0,0,225,0,225,G
3-PA,68,238,0,0,0,238,A
3-PA,69,0,0,271,0,271,G
3-PA,70,0,272,0,1,273,T
3-PA,71,273,0,2,0,275,A
3-PA,72,0,275,0,0,275,T
3-PA,73,0,0,276,0,276,G
3-PA,74,0,2,277,0,279,G
3-PA,75,0,1,277,0,278,G
3-PA,76,0,0,279,0,279,G
3-PA,77,277,0,0,0,277,A
3-PA,78,0,1,271,0,272,G
3-PA,79,0,0,276,0,276,G
3-PA,80,277,0,0,0,277,A
3-PA,81,0,278,0,0,278,T
3-PA,82,0,1,0,279,280,C
3-PA,83,1,278,0,0,279,T
3-PA,84,0,1,279,0,280,G
3-PA,85,279,0,0,0,279,A
3-PA,86,278,1,0,0,279,A
3-PA,87,279,0,0,0,279,A
3-PA,88,278,0,0,0,278,A
3-PA,89,0,279,0,0,279,T
3-PA,90,0,278,0,1,279,T
3-PA,91,0,1,277,1,279,G
3-PA,92,277,0,0,0,277,A
3-PA,93,277,0,0,0,277,A
3-PA,94,277,0,0,0,277,A
3-PA,95,0,0,0,280,280,C
3-PA,96,280,0,0,0,280,A
3-PA,97,281,0,1,0,282,A
3-PA,98,280,0,1,1,282,A
3-PA,99,0,0,0,285,285,C
3-PA,100,284,0,0,0,284,A
3-PA,101,287,0,0,0,287,A
3-PA,102,290,0,0,0,290,A
3-PA,103,0,291,0,0,291,T
3-PA,104,0,290,0,0,290,T
3-PA,105,0,291,0,0,291,T
3-PA,106,0,0,292,0,292,G
3-PA,107,0,0,0,293,293,C
3-PA,108,291,0,1,0,292,A
3-PA,109,0,0,303,0,303,G
3-PA,110,0,0,0,306,306,C
3-PA,111,322,0,1,0,323,A
3-PA,112,328,0,1,0,329,A
3-PA,113,0,330,0,0,330,T
3-PA,114,342,0,0,0,342,A
3-PA,115,0,343,0,0,343,T
3-PA,116,0,0,346,0,346,G
3-PA,117,0,0,0,345,345,C
3-PA,118,342,0,0,0,342,A
3-PA,119,0,0,0,347,347,C
3-PA,120,0,344,0,0,344,T
3-PA,121,4,0,0,401,405,C
3-PA,122,416,0,1,0,417,A
3-PA,123,0,0,0,423,423,C
3-PA,124,1,420,0,0,421,T
3-PA,125,0,424,0,0,424,T
3-PA,126,0,0,425,0,425,G
3-PA,127,0,1,430,0,431,G
3-PA,128,427,1,1,0,429,A
3-PA,129,1,1,429,0,431,G
3-PA,130,0,0,425,0,425,G
3-PA,131,0,410,0,0,410,T
3-PA,132,0,0,433,0,433,G
3-PA,133,0,430,1,2,433,T
3-PA,134,0,0,444,0,444,G
3-PA,135,0,447,0,0,447,T
3-PA,136,0,447,0,0,447,T
3-PA,137,0,447,0,0,447,T
3-PA,138,2,0,0,445,447,C
3-PA,139,447,0,1,0,448,A
3-PA,140,0,445,0,1,446,T
3-PA,141,0,0,457,0,457,G
3-PA,142,0,454,0,0,454,T
3-PA,143,453,0,1,0,454,A
3-PA,144,0,451,0,1,452,T
3-PA,145,0,454,0,0,454,T
3-PA,146,2,0,0,455,457,C
3-PA,147,456,0,0,0,456,A
3-PA,148,0,2,459,0,461,G
3-PA,149,461,0,0,0,461,A
3-PA,150,0,459,0,0,459,T
3-PA,151,0,455,0,0,455,T
3-PA,152,0,457,0,1,458,T
3-PA,153,3,0,0,456,459,C
3-PA,154,1,0,0,463,464,C
3-PA,155,469,0,0,0,469,A
3-PA,156,1,467,0,0,468,T
3-PA,157,0,463,0,2,465,T
3-PA,158,0,468,0,0,468,T
3-PA,159,0,1,0,467,468,C
3-PA,160,464,0,6,0,470,A
3-PA,161,0,485,0,0,485,T
3-PA,162,1,0,0,485,486,C
3-PA,163,481,0,0,0,481,A
3-PA,164,483,0,0,0,483,A
3-PA,165,0,483,0,0,483,T
3-PA,166,0,6,495,0,501,G
3-PA,167,502,0,0,0,502,A
3-PA,168,501,0,1,0,502,A
3-PA,169,0,0,0,502,502,C
3-PA,170,497,0,0,0,497,A
3-PA,171,496,0,1,0,497,A
3-PA,172,0,3,498,0,501,G
3-PA,173,0,0,506,0,506,G
3-PA,174,1,0,0,504,505,C
3-PA,175,0,3,503,0,506,G
3-PA,176,538,0,0,0,538,A
3-PA,177,520,0,24,0,544,A
3-PA,178,1,542,0,0,543,T
3-PA,179,2,0,0,547,549,C
3-PA,180,546,0,0,0,546,A
3-PA,181,548,1,0,0,549,A
3-PA,182,0,548,2,1,551,T
3-PA,183,550,0,0,0,550,A
3-PA,184,3,0,564,0,567,G
3-PA,185,0,566,0,1,567,T
3-PA,186,0,1,572,0,573,G
3-PA,187,0,0,571,0,571,G
3-PA,188,0,574,0,0,574,T
3-PA,189,572,0,2,0,574,A
3-PA,190,0,2,579,0,581,G
3-PA,191,579,0,1,0,580,A
3-PA,192,580,0,1,0,581,A
3-PA,193,0,0,0,582,582,C
3-PA,194,0,576,0,0,576,T
3-PA,195,0,572,0,0,572,T
3-PA,196,0,2,568,0,570,G
3-PA,197,571,0,0,0,571,A
3-PA,198,0,1,0,569,570,C
3-PA,199,1,2,562,0,565,G
3-PA,200,576,0,0,0,576,A
3-PA,201,0,581,0,0,581,T
3-PA,202,0,0,0,585,585,C
3-PA,203,1,0,0,583,584,C
3-PA,204,585,0,0,0,585,A
3-PA,205,587,0,1,0,588,A
3-PA,206,588,0,0,0,588,A
3-PA,207,0,591,0,0,591,T
3-PA,208,2,0,590,0,592,G
3-PA,209,0,0,0,586,586,C
3-PA,210,583,0,0,0,583,A
3-PA,211,0,0,0,601,601,C
3-PA,212,0,595,0,0,595,T
3-PA,213,0,0,667,0,667,G
3-PA,214,0,665,0,1,666,T
3-PA,215,0,667,0,0,667,T
3-PA,216,666,0,0,0,666,A
3-PA,217,663,0,0,0,663,A
3-PA,218,665,0,1,0,666,A
3-PA,219,0,0,663,0,663,G
3-PA,220,0,0,0,656,656,C
3-PA,221,651,0,0,0,651,A
3-PA,222,0,0,1,644,645,C
3-PA,223,614,0,1,0,615,A
3-PA,224,0,1,643,0,644,G
3-PA,225,644,0,0,0,644,A
3-PA,226,0,642,0,0,642,T
3-PA,227,0,644,0,0,644,T
3-PA,228,0,640,0,0,640,T
3-PA,229,0,3,640,0,643,G
3-PA,230,643,0,1,0,644,A
3-PA,231,645,0,0,0,645,A
3-PA,232,644,0,1,0,645,A
3-PA,233,0,633,0,0,633,T
3-PA,234,634,0,1,0,635,A
3-PA,235,644,0,0,0,644,A
3-PA,236,0,641,0,0,641,T
3-PA,237,1,1,0,637,639,C
3-PA,238,0,3,641,1,645,G
3-PA,239,639,0,0,0,639,A
3-PA,240,0,5,638,0,643,G
3-PA,241,0,1,649,1,651,G
3-PA,242,0,0,648,0,648,G
3-PA,243,0,8,638,0,646,G
3-PA,244,636,0,2,0,638,A
3-PA,245,0,1,641,0,642,G
3-PA,246,652,0,2,0,654,A
3-PA,247,0,1,655,0,656,G
3-PA,248,663,0,0,0,663,A
3-PA,249,0,1,0,655,656,C
3-PA,250,651,0,0,0,651,A
3-PA,251,0,5,654,0,659,G
3-PA,252,661,0,0,0,661,A
3-PA,253,670,0,0,0,670,A
3-PA,254,0,1,0,668,669,C
3-PA,255,646,0,0,0,646,A
3-PA,256,649,0,0,0,649,A
3-PA,257,0,645,0,0,645,T
3-PA,258,0,2,667,0,669,G
3-PA,259,0,0,664,0,664,G
3-PA,260,2,0,0,666,668,C
3-PA,261,1,0,0,669,670,C
3-PA,262,0,667,0,1,668,T
3-PA,263,0,2,678,0,680,G
3-PA,264,0,2,680,0,682,G
3-PA,265,684,0,1,0,685,A
3-PA,266,0,0,1,686,687,C
3-PA,267,666,0,0,0,666,A
3-PA,268,0,1,732,0,733,G
3-PA,269,0,737,0,0,737,T
3-PA,270,745,0,0,0,745,A
3-PA,271,1,0,742,0,743,G
3-PA,272,0,725,0,0,725,T
3-PA,273,730,0,0,0,730,A
3-PA,274,731,0,0,0,731,A
3-PA,275,729,0,0,0,729,A
3-PA,276,1,0,0,738,739,C
3-PA,277,686,0,1,0,687,A
3-PA,278,0,0,708,0,708,G
3-PA,279,0,695,1,0,696,T
3-PA,280,702,0,1,0,703,A
3-PA,281,0,696,0,1,697,T
3-PA,282,4,0,0,709,713,C
3-PA,283,0,708,0,2,710,T
3-PA,284,0,0,708,0,708,G
3-PA,285,0,0,0,705,705,C
3-PA,286,701,0,2,0,703,A
3-PA,287,706,0,0,0,706,A
3-PA,288,0,0,0,709,709,C
3-PA,289,708,0,1,0,709,A
3-PA,290,1,0,0,731,732,C
3-PA,291,0,723,0,0,723,T
3-PA,292,731,0,0,0,731,A
3-PA,293,0,1,0,727,728,C
3-PA,294,1,728,0,0,729,T
3-PA,295,0,1,727,0,728,G
3-PA,296,1,0,728,0,729,G
3-PA,297,726,0,0,0,726,A
3-PA,298,1,0,724,0,725,G
3-PA,299,1,0,0,703,704,C
3-PA,300,0,704,0,0,704,T
3-PA,301,0,0,703,0,703,G
3-PA,302,0,3,702,0,705,G
3-PA,303,707,0,1,0,708,A
3-PA,304,707,0,1,0,708,A
3-PA,305,706,0,0,0,706,A
3-PA,306,708,0,1,0,709,A
3-PA,307,0,2,0,707,709,C
3-PA,308,2,0,0,706,708,C
3-PA,309,0,1,706,1,708,G
3-PA,310,706,0,0,1,707,A
3-PA,311,704,0,0,0,704,A
3-PA,312,1,1,707,0,709,G
3-PA,313,0,708,0,0,708,T
3-PA,314,0,707,0,0,707,T
3-PA,315,0,710,0,0,710,T
3-PA,316,0,0,1,714,715,C
3-PA,317,0,722,0,0,722,T
3-PA,318,723,0,1,0,724,A
3-PA,319,1,0,0,719,720,C
3-PA,320,1,0,0,720,721,C
3-PA,321,710,0,1,0,711,A
3-PA,322,0,2,706,0,708,G
3-PA,323,711,0,1,0,712,A
3-PA,324,0,0,0,693,693,C
3-PA,325,0,706,0,0,706,T
3-PA,326,0,707,0,1,708,T
3-PA,327,0,0,710,0,710,G
3-PA,328,0,711,0,0,711,T
3-PA,329,711,0,0,0,711,A
3-PA,330,0,708,0,0,708,T
3-PA,331,1,2,698,0,701,G
3-PA,332,737,0,0,0,737,A
3-PA,333,0,722,0,0,722,T
3-PA,334,2,722,0,1,725,T
3-PA,335,724,0,0,0,724,A
3-PA,336,0,0,0,719,719,C
3-PA,337,721,1,0,0,722,A
3-PA,338,722,0,0,0,722,A
3-PA,339,0,1,719,0,720,G
3-PA,340,0,3,721,0,724,G
3-PA,341,686,0,0,0,686,A
3-PA,342,0,2,692,0,694,G
3-PA,343,692,0,1,0,693,A
3-PA,344,693,0,1,0,694,A
3-PA,345,0,0,0,694,694,C
3-PA,346,680,0,0,0,680,A
3-PA,347,0,0,685,0,685,G
3-PA,348,680,0,2,1,683,A
3-PA,349,0,673,0,0,673,T
3-PA,350,0,672,0,0,672,T
3-PA,351,1,1,0,661,663,C
3-PA,352,662,0,0,0,662,A
3-PA,353,0,660,0,0,660,T
3-PA,354,2,0,0,660,662,C
3-PA,355,2,2,657,0,661,G
3-PA,356,667,0,0,0,667,A
3-PA,357,664,1,0,0,665,A
3-PA,358,669,0,0,0,669,A
3-PA,359,0,666,0,0,666,T
3-PA,360,0,663,0,0,663,T
3-PA,361,0,1,661,0,662,G
3-PA,362,0,0,660,0,660,G
3-PA,363,0,1,662,0,663,G
3-PA,364,0,0,667,0,667,G
3-PA,365,0,656,0,1,657,T
3-PA,366,0,4,666,0,670,G
3-PA,367,667,0,0,0,667,A
3-PA,368,0,0,0,670,670,C
3-PA,369,669,1,2,0,672,A
3-PA,370,671,0,2,0,673,A
3-PA,371,0,2,676,0,678,G
3-PA,372,0,2,679,0,681,G
3-PA,373,680,0,1,0,681,A
3-PA,374,0,2,677,0,679,G
3-PA,375,668,0,0,0,668,A
3-PA,376,0,1,665,1,667,G
3-PA,377,653,0,0,0,653,A
3-PA,378,655,0,0,0,655,A
3-PA,379,0,0,668,0,668,G
3-PA,380,0,648,0,0,648,T
3-PA,381,2,0,0,650,652,C
3-PA,382,3,0,0,647,650,C
3-PA,383,654,0,1,0,655,A
3-PA,384,0,0,0,678,678,C
3-PA,385,693,0,0,0,693,A
3-PA,386,0,704,0,0,704,T
3-PA,387,716,0,0,0,716,A
3-PA,388,0,690,0,0,690,T
3-PA,389,690,1,0,0,691,A
3-PA,390,0,682,0,0,682,T
3-PA,391,0,678,0,2,680,T
3-PA,392,698,0,0,0,698,A
3-PA,393,0,0,0,693,693,C
3-PA,394,1,0,1,661,663,C
3-PA,395,0,652,0,0,652,T
3-PA,396,0,635,0,4,639,T
3-PA,397,0,2,640,0,642,G
3-PA,398,645,1,0,0,646,A
3-PA,399,645,0,1,0,646,A
3-PA,400,645,0,0,1,646,A
3-PA,401,619,0,1,0,620,A
3-PA,402,0,2,625,0,627,G
3-PA,403,0,0,630,0,630,G
3-PA,404,0,0,0,627,627,C
3-PA,405,0,0,0,628,628,C
3-PA,406,630,0,0,0,630,A
3-PA,407,631,0,0,0,631,A
3-PA,408,0,632,0,0,632,T
3-PA,409,632,0,0,0,632,A
3-PA,410,630,0,0,0,630,A
3-PA,411,0,1,645,0,646,G
3-PA,412,644,0,2,0,646,A
3-PA,413,0,641,0,0,641,T
3-PA,414,1,640,0,0,641,T
3-PA,415,640,1,0,0,641,A
3-PA,416,642,0,0,0,642,A
3-PA,417,644,0,0,0,644,A
3-PA,418,1,644,0,0,645,T
3-PA,419,2,0,0,646,648,C
3-PA,420,0,624,0,2,626,T
3-PA,421,0,8,623,0,631,G
3-PA,422,631,0,0,0,631,A
3-PA,423,0,2,636,0,638,G
3-PA,424,645,0,0,0,645,A
3-PA,425,644,0,1,0,645,A
3-PA,426,0,0,0,652,652,C
3-PA,427,648,1,0,0,649,A
3-PA,428,0,0,0,649,649,C
3-PA,429,648,1,0,0,649,A
3-PA,430,0,0,0,653,653,C
3-PA,431,649,0,1,0,650,A
3-PA,432,0,0,0,671,671,C
3-PA,433,668,0,0,0,668,A
3-PA,434,0,665,0,0,665,T
3-PA,435,0,661,0,1,662,T
3-PA,436,3,0,0,662,665,C
3-PA,437,660,0,0,0,660,A
3-PA,438,0,0,0,667,667,C
3-PA,439,660,0,0,0,660,A
3-PA,440,0,663,0,0,663,T
3-PA,441,1,637,0,0,638,T
3-PA,442,0,644,0,1,645,T
3-PA,443,1,645,0,0,646,T
3-PA,444,0,0,0,653,653,C
3-PA,445,0,651,0,1,652,T
3-PA,446,2,0,0,654,656,C
3-PA,447,648,0,1,0,649,A
3-PA,448,0,647,0,1,648,T
3-PA,449,0,651,0,0,651,T
3-PA,450,1,0,0,655,656,C
3-PA,451,649,0,0,0,649,A
3-PA,452,0,0,0,655,655,C
3-PA,453,0,648,0,1,649,T
3-PA,454,0,1,658,0,659,G
3-PA,455,0,2,654,0,656,G
3-PA,456,0,1,660,0,661,G
3-PA,457,0,3,658,0,661,G
3-PA,458,655,0,0,0,655,A
3-PA,459,0,1,655,0,656,G
3-PA,460,1,3,656,0,660,G
3-PA,461,658,0,0,0,658,A
3-PA,462,658,0,0,0,658,A
3-PA,463,646,0,0,0,646,A
3-PA,464,1,644,0,1,646,T
3-PA,465,9,1,632,0,642,G
3-PA,466,0,0,638,0,638,G
3-PA,467,0,0,0,644,644,C
3-PA,468,3,0,0,639,642,C
3-PA,469,640,0,0,0,640,A
3-PA,470,0,0,0,646,646,C
3-PA,471,644,0,0,0,644,A
3-PA,472,643,2,0,0,645,A
3-PA,473,646,0,1,0,647,A
3-PA,474,0,2,648,0,650,G
3-PA,475,0,0,652,0,652,G
3-PA,476,0,0,0,653,653,C
3-PA,477,658,0,0,0,658,A
3-PA,478,0,2,668,0,670,G
3-PA,479,666,0,1,0,667,A
3-PA,480,0,0,0,682,682,C
3-PA,481,0,676,0,0,676,T
3-PA,482,681,1,0,0,682,A
3-PA,483,0,0,0,683,683,C
3-PA,484,671,0,0,0,671,A
3-PA,485,0,0,1,677,678,C
3-PA,486,0,660,0,0,660,T
3-PA,487,2,0,0,662,664,C
3-PA,488,1,656,1,0,658,T
3-PA,489,1,0,0,644,645,C
3-PA,490,0,3,644,0,647,G
3-PA,491,646,0,0,0,646,A
3-PA,492,0,1,0,642,643,C
3-PA,493,0,1,644,0,645,G
3-PA,494,636,0,1,0,637,A
3-PA,495,0,2,637,0,639,G
3-PA,496,0,2,637,0,639,G
3-PA,497,636,0,0,0,636,A
3-PA,498,642,0,0,0,642,A
3-PA,499,642,0,1,0,643,A
3-PA,500,0,0,646,0,646,G
3-PA,501,1,0,1,641,643,C
3-PA,502,638,0,0,0,638,A
3-PA,503,0,2,635,0,637,G
3-PA,504,625,0,2,0,627,A
3-PA,505,0,0,645,0,645,G
3-PA,506,0,0,0,643,643,C
3-PA,507,0,643,0,0,643,T
3-PA,508,648,0,0,0,648,A
3-PA,509,0,0,650,0,650,G
3-PA,510,0,4,676,0,680,G
3-PA,511,685,0,0,0,685,A
3-PA,512,0,672,0,0,672,T
3-PA,513,1,669,0,0,670,T
3-PA,514,662,0,1,0,663,A
3-PA,515,666,0,1,0,667,A
3-PA,516,0,8,662,0,670,G
3-PA,517,666,0,2,0,668,A
3-PA,518,1,0,0,665,666,C
3-PA,519,4,0,0,610,614,C
3-PA,520,599,0,0,0,599,A
3-PA,521,0,3,603,0,606,G
3-PA,522,0,1,604,0,605,G
3-PA,523,0,0,0,611,611,C
3-PA,524,0,601,0,0,601,T
3-PA,525,0,1,611,0,612,G
3-PA,526,0,609,0,0,609,T
3-PA,527,0,608,0,0,608,T
3-PA,528,0,610,0,0,610,T
3-PA,529,604,0,1,0,605,A
3-PA,530,0,0,0,617,617,C
3-PA,531,1,0,0,605,606,C
3-PA,532,606,0,0,0,606,A
3-PA,533,0,607,0,0,607,T
3-PA,534,580,0,0,0,580,A
3-PA,535,584,0,0,0,584,A
3-PA,536,0,2,596,0,598,G
3-PA,537,595,0,0,0,595,A
3-PA,538,0,0,0,593,593,C
3-PA,539,569,1,0,0,570,A
3-PA,540,570,0,0,0,570,A
3-PA,541,0,1,573,0,574,G
3-PA,542,574,0,0,0,574,A
3-PA,543,573,0,1,0,574,A
3-PA,544,576,0,0,0,576,A
3-PA,545,0,564,0,0,564,T
3-PA,546,0,3,571,0,574,G
3-PA,547,1,1,572,0,574,G
3-PA,548,0,0,0,574,574,C
3-PA,549,6,0,0,572,578,C
3-PA,550,578,0,1,0,579,A
3-PA,551,593,0,0,0,593,A
3-PA,552,0,0,0,594,594,C
3-PA,553,590,1,0,0,591,A
3-PA,554,0,0,589,0,589,G
3-PA,555,577,0,0,0,577,A
3-PA,556,0,0,582,0,582,G
3-PA,557,1,0,582,0,583,G
3-PA,558,0,0,0,586,586,C
3-PA,559,0,0,0,588,588,C
3-PA,560,0,572,0,0,572,T
3-PA,561,0,0,0,576,576,C
3-PA,562,0,581,0,1,582,T
3-PA,563,1,0,582,0,583,G
3-PA,564,0,5,574,0,579,G
3-PA,565,0,0,582,0,582,G
3-PA,566,578,0,0,0,578,A
3-PA,567,0,565,0,0,565,T
3-PA,568,1,559,0,0,560,T
3-PA,569,1,0,0,615,616,C
3-PA,570,0,0,0,615,615,C
3-PA,571,0,602,0,1,603,T
3-PA,572,0,604,1,0,605,T
3-PA,573,0,603,0,0,603,T
3-PA,574,1,0,0,609,610,C
3-PA,575,1,0,611,0,612,G
3-PA,576,0,609,0,1,610,T
3-PA,577,1,0,0,613,614,C
3-PA,578,599,0,0,0,599,A
3-PA,579,0,0,663,0,663,G
3-PA,580,0,667,0,0,667,T
3-PA,581,5,0,0,659,664,C
3-PA,582,4,0,0,664,668,C
3-PA,583,0,1,667,0,668,G
3-PA,584,665,0,0,1,666,A
3-PA,585,667,0,0,0,667,A
3-PA,586,667,0,0,0,667,A
3-PA,587,0,2,667,0,669,G
3-PA,588,646,0,3,0,649,A
3-PA,589,0,1,650,0,651,G
3-PA,590,0,0,654,0,654,G
3-PA,591,0,0,0,653,653,C
3-PA,592,1,3,653,0,657,G
3-PA,593,656,0,0,0,656,A
3-PA,594,657,0,0,0,657,A
3-PA,595,0,3,662,0,665,G
3-PA,596,668,0,0,0,668,A
3-PA,597,667,0,0,0,667,A
3-PA,598,663,0,3,0,666,A
3-PA,599,2,1,0,667,670,C
3-PA,600,670,0,0,0,670,A
3-PA,601,673,0,0,0,673,A
3-PA,602,0,669,0,0,669,T
3-PA,603,0,670,0,0,670,T
3-PA,604,0,0,670,0,670,G
3-PA,605,662,0,0,0,662,A
3-PA,606,660,0,0,0,660,A
3-PA,607,0,0,664,0,664,G
3-PA,608,659,1,0,0,660,A
3-PA,609,657,0,0,0,657,A
3-PA,610,658,0,0,0,658,A
3-PA,611,657,0,0,0,657,A
3-PA,612,659,0,0,0,659,A
3-PA,613,0,650,0,0,650,T
3-PA,614,0,655,0,0,655,T
3-PA,615,0,659,0,1,660,T
3-PA,616,0,1,659,0,660,G
3-PA,617,654,0,2,0,656,A
3-PA,618,658,0,1,0,659,A
3-PA,619,663,0,0,0,663,A
3-PA,620,0,668,0,0,668,T
3-PA,621,1,0,0,716,717,C
3-PA,622,712,0,0,0,712,A
3-PA,623,0,0,0,722,722,C
3-PA,624,718,0,2,0,720,A
3-PA,625,0,2,733,0,735,G
3-PA,626,0,2,760,0,762,G
3-PA,627,770,0,1,0,771,A
3-PA,628,779,0,1,0,780,A
3-PA,629,0,0,1,789,790,C
3-PA,630,0,752,0,0,752,T
3-PA,631,823,0,0,0,823,A
3-PA,632,0,826,0,0,826,T
3-PA,633,0,0,858,0,858,G
3-PA,634,0,1,0,850,851,C
3-PA,635,0,0,840,0,840,G
3-PA,636,0,832,0,0,832,T
3-PA,637,818,1,0,0,819,A
3-PA,638,0,3,814,0,817,G
3-PA,639,0,1,820,0,821,G
3-PA,640,0,0,0,812,812,C
3-PA,641,0,800,0,0,800,T
3-PA,642,0,789,0,1,790,T
3-PA,643,0,0,792,0,792,G
3-PA,644,1,0,0,790,791,C
3-PA,645,2,0,0,788,790,C
3-PA,646,1,3,791,0,795,G
3-PA,647,791,0,0,0,791,A
3-PA,648,1,0,0,791,792,C
3-PA,649,8,0,0,788,796,C
3-PA,650,798,1,0,0,799,A
3-PA,651,799,0,0,0,799,A
3-PA,652,801,0,0,0,801,A
3-PA,653,0,0,811,0,811,G
3-PA,654,0,807,0,0,807,T
3-PA,655,1,0,0,810,811,C
3-PA,656,0,801,0,1,802,T
3-PA,657,3,0,0,804,807,C
3-PA,658,1,0,0,807,808,C
3-PA,659,8,1,0,805,814,C
3-PA,660,815,0,0,0,815,A
3-PA,661,1,1,0,814,816,C
3-PA,662,0,0,0,808,808,C
3-PA,663,1,4,800,0,805,G
3-PA,664,825,0,0,0,825,A
3-PA,665,819,0,0,0,819,A
3-PA,666,0,0,0,831,831,C
3-PA,667,0,820,0,1,821,T
3-PA,668,0,831,0,0,831,T
3-PA,669,1,0,0,843,844,C
3-PA,670,0,837,0,0,837,T
3-PA,671,3,0,0,839,842,C
3-PA,672,0,0,0,844,844,C
3-PA,673,0,834,0,0,834,T
3-PA,674,0,0,844,0,844,G
3-PA,675,1,1,0,840,842,C
3-PA,676,0,0,0,843,843,C
3-PA,677,0,831,1,1,833,T
3-PA,678,0,830,0,0,830,T
3-PA,679,0,0,833,0,833,G
3-PA,680,834,0,0,0,834,A
3-PA,681,2,1,836,0,839,G
3-PA,682,841,0,0,0,841,A
3-PA,683,837,0,3,0,840,A
3-PA,684,0,856,0,0,856,T
3-PA,685,0,862,0,0,862,T
3-PA,686,0,860,0,0,860,T
3-PA,687,0,863,0,0,863,T
3-PA,688,861,1,0,0,862,A
3-PA,689,1,3,858,0,862,G
3-PA,690,852,0,1,0,853,A
3-PA,691,0,0,880,0,880,G
3-PA,692,2,1,0,873,876,C
3-PA,693,0,0,0,881,881,C
3-PA,694,0,892,1,0,893,T
3-PA,695,921,1,0,0,922,A
3-PA,696,0,921,1,0,922,T
3-PA,697,0,0,925,0,925,G
3-PA,698,0,924,0,0,924,T
3-PA,699,0,1,929,0,930,G
3-PA,700,0,0,918,0,918,G
3-PA,701,909,1,4,0,914,A
3-PA,702,0,905,0,1,906,T
3-PA,703,0,3,893,0,896,G
3-PA,704,2,0,919,0,921,G
3-PA,705,920,1,0,0,921,A
3-PA,706,0,915,2,1,918,T
3-PA,707,0,915,1,0,916,T
3-PA,708,6,0,0,901,907,C
3-PA,709,1,4,904,0,909,G
3-PA,710,912,0,1,0,913,A
3-PA,711,915,0,0,0,915,A
3-PA,712,0,0,0,918,918,C
3-PA,713,2,1,0,883,886,C
3-PA,714,0,8,878,0,886,G
3-PA,715,885,1,0,0,886,A
3-PA,716,885,0,2,0,887,A
3-PA,717,1,1,0,894,896,C
3-PA,718,1,4,885,0,890,G
3-PA,719,0,0,909,0,909,G
3-PA,720,0,1,0,908,909,C
3-PA,721,0,903,1,2,906,T
3-PA,722,1,0,930,0,931,G
3-PA,723,2,0,0,929,931,C
3-PA,724,936,0,1,0,937,A
3-PA,725,0,936,0,2,938,T
3-PA,726,0,920,0,0,920,T
3-PA,727,0,3,921,0,924,G
3-PA,728,903,0,1,0,904,A
3-PA,729,0,1,910,1,912,G
3-PA,730,1,1,911,0,913,G
3-PA,731,2,0,898,0,900,G
3-PA,732,0,0,0,897,897,C
3-PA,733,887,0,2,0,889,A
3-PA,734,892,0,1,0,893,A
3-PA,735,0,0,903,0,903,G
3-PA,736,0,0,0,907,907,C
3-PA,737,1,903,1,0,905,T
3-PA,738,0,898,1,0,899,T
3-PA,739,0,902,0,1,903,T
3-PA,740,5,0,0,901,906,C
3-PA,741,1,904,0,1,906,T
3-PA,742,2,0,0,904,906,C
3-PA,743,899,0,0,0,899,A
3-PA,744,897,0,0,0,897,A
3-PA,745,896,0,1,0,897,A
3-PA,746,0,899,1,0,900,T
3-PA,747,1,0,928,0,929,G
3-PA,748,0,924,1,1,926,T
3-PA,749,2,0,0,945,947,C
3-PA,750,1,0,0,948,949,C
3-PA,751,948,0,0,0,948,A
3-PA,752,950,0,0,0,950,A
3-PA,753,951,0,0,0,951,A
3-PA,754,0,7,955,0,962,G
3-PA,755,954,0,1,0,955,A
3-PA,756,934,0,0,0,934,A
3-PA,757,0,0,940,0,940,G
3-PA,758,0,928,0,0,928,T
3-PA,759,0,3,927,0,930,G
3-PA,760,928,0,0,0,928,A
3-PA,761,923,0,0,0,923,A
3-PA,762,1,928,0,1,930,T
3-PA,763,1,1,923,0,925,G
3-PA,764,2,1,0,917,920,C
3-PA,765,4,0,0,917,921,C
3-PA,766,4,2,0,913,919,C
3-PA,767,920,0,0,0,920,A
3-PA,768,940,0,0,0,940,A
3-PA,769,941,0,0,0,941,A
3-PA,770,0,941,0,0,941,T
3-PA,771,0,935,0,0,935,T
3-PA,772,0,1,935,0,936,G
3-PA,773,934,0,1,0,935,A
3-PA,774,935,0,0,0,935,A
3-PA,775,0,0,0,938,938,C
3-PA,776,3,0,0,929,932,C
3-PA,777,0,920,0,1,921,T
3-PA,778,0,944,0,0,944,T
3-PA,779,0,951,0,0,951,T
3-PA,780,0,965,1,0,966,T
3-PA,781,1,2,0,969,972,C
3-PA,782,0,966,0,4,970,T
3-PA,783,1,1,971,0,973,G
3-PA,784,970,0,0,0,970,A
3-PA,785,980,0,1,0,981,A
3-PA,786,0,1,989,0,990,G
3-PA,787,962,0,3,0,965,A
3-PA,788,0,0,0,971,971,C
3-PA,789,956,0,0,0,956,A
3-PA,790,964,1,0,0,965,A
3-PA,791,0,0,0,1054,1054,C
3-PA,792,1059,0,1,0,1060,A
3-PA,793,2,0,0,1056,1058,C
3-PA,794,3,0,0,1047,1050,C
3-PA,795,1046,1,0,0,1047,A
3-PA,796,1044,0,2,0,1046,A
3-PA,797,1,6,1044,0,1051,G
3-PA,798,1048,1,2,0,1051,A
3-PA,799,0,2,0,1052,1054,C
3-PA,800,4,0,0,980,984,C
3-PA,801,985,0,1,0,986,A
3-PA,802,985,0,1,0,986,A
3-PA,803,0,985,0,0,985,T
3-PA,804,2,1,0,982,985,C
3-PA,805,984,0,0,0,984,A
3-PA,806,979,0,0,0,979,A
3-PA,807,979,0,0,0,979,A
3-PA,808,0,0,0,986,986,C
3-PA,809,1,979,1,0,981,T
3-PA,810,1,978,0,0,979,T
3-PA,811,2,0,0,985,987,C
3-PA,812,2,0,0,977,979,C
3-PA,813,0,4,984,0,988,G
3-PA,814,992,0,0,0,992,A
3-PA,815,987,0,1,0,988,A
3-PA,816,0,991,0,1,992,T
3-PA,817,0,4,970,0,974,G
3-PA,818,0,2,977,0,979,G
3-PA,819,979,0,1,0,980,A
3-PA,820,0,0,0,984,984,C
3-PA,821,4,0,0,976,980,C
3-PA,822,0,1009,0,0,1009,T
3-PA,823,5,0,0,1025,1030,C
3-PA,824,1,0,0,1030,1031,C
3-PA,825,0,1025,0,0,1025,T
3-PA,826,0,1027,0,0,1027,T
3-PA,827,0,1,1060,0,1061,G
3-PA,828,0,1047,0,2,1049,T
3-PA,829,0,1042,0,2,1044,T
3-PA,830,1045,0,0,0,1045,A
3-PA,831,0,1007,0,0,1007,T
3-PA,832,1,0,0,998,999,C
3-PA,833,976,0,0,0,976,A
3-PA,834,0,0,978,0,978,G
3-PA,835,0,1,0,973,974,C
3-PA,836,1,3,943,0,947,G
3-PA,837,2,0,976,0,978,G
3-PA,838,1,979,0,1,981,T
3-PA,839,10,0,0,971,981,C
3-PA,840,3,0,0,984,987,C
3-PA,841,992,0,0,0,992,A
3-PA,842,995,0,0,0,995,A
3-PA,843,995,0,0,0,995,A
3-PA,844,0,999,0,0,999,T
3-PA,845,2,994,0,0,996,T
3-PA,846,3,0,0,988,991,C
3-PA,847,2,1,0,971,974,C
3-PA,848,0,970,0,1,971,T
3-PA,849,7,0,0,974,981,C
3-PA,850,3,1,0,975,979,C
3-PA,851,0,975,0,2,977,T
3-PA,852,0,3,981,0,984,G
3-PA,853,981,0,0,0,981,A
3-PA,854,0,978,0,0,978,T
3-PA,855,0,5,969,1,975,G
3-PA,856,1,0,962,0,963,G
3-PA,857,963,0,0,0,963,A
3-PA,858,0,948,0,0,948,T
3-PA,859,0,0,946,0,946,G
3-PA,860,1,0,0,993,994,C
3-PA,861,0,990,0,0,990,T
3-PA,862,0,998,0,1,999,T
3-PA,863,0,996,0,1,997,T
3-PA,864,1000,0,0,0,1000,A
3-PA,865,1004,1,0,0,1005,A
3-PA,866,1005,0,0,0,1005,A
3-PA,867,1010,0,0,0,1010,A
3-PA,868,0,1009,0,0,1009,T
3-PA,869,1,922,0,0,923,T
3-PA,870,0,3,922,0,925,G
3-PA,871,918,0,3,0,921,A
3-PA,872,0,0,934,0,934,G
3-PA,873,0,0,0,933,933,C
3-PA,874,924,0,0,0,924,A
3-PA,875,0,942,0,0,942,T
3-PA,876,0,939,0,0,939,T
3-PA,877,0,1,934,0,935,G
3-PA,878,938,0,2,0,940,A
3-PA,879,931,0,3,0,934,A
3-PA,880,0,2,933,0,935,G
3-PA,881,904,0,2,0,906,A
3-PA,882,0,0,0,910,910,C
3-PA,883,2,0,0,904,906,C
3-PA,884,5,0,0,879,884,C
3-PA,885,876,0,0,0,876,A
3-PA,886,884,0,0,0,884,A
3-PA,887,0,0,885,0,885,G
3-PA,888,0,887,1,0,888,T
3-PA,889,2,0,0,883,885,C
3-PA,890,883,1,0,0,884,A
3-PA,891,0,1,0,882,883,C
3-PA,892,0,1,879,0,880,G
3-PA,893,894,1,0,0,895,A
3-PA,894,895,0,0,1,896,A
3-PA,895,0,3,926,0,929,G
3-PA,896,1,3,914,0,918,G
3-PA,897,913,1,2,0,916,A
3-PA,898,0,2,915,0,917,G
3-PA,899,915,1,0,0,916,A
3-PA,900,919,0,0,0,919,A
3-PA,901,1,5,914,0,920,G
3-PA,902,0,2,913,0,915,G
3-PA,903,0,3,912,0,915,G
3-PA,904,894,0,1,0,895,A
3-PA,905,0,892,0,0,892,T
3-PA,906,3,0,0,889,892,C
3-PA,907,3,0,0,958,961,C
3-PA,908,4,0,0,973,977,C
3-PA,909,984,0,0,0,984,A
3-PA,910,0,980,0,1,981,T
3-PA,911,0,979,0,0,979,T
3-PA,912,1002,1,1,0,1004,A
3-PA,913,0,1002,0,0,1002,T
3-PA,914,997,1,1,0,999,A
3-PA,915,0,996,0,1,997,T
3-PA,916,0,4,887,0,891,G
3-PA,917,891,0,0,0,891,A
3-PA,918,1,874,0,0,875,T
3-PA,919,0,0,880,0,880,G
3-PA,920,0,0,0,873,873,C
3-PA,921,0,4,869,0,873,G
3-PA,922,879,0,0,0,879,A
3-PA,923,0,875,0,0,875,T
3-PA,924,2,0,0,875,877,C
3-PA,925,875,0,0,0,875,A
3-PA,926,872,0,0,0,872,A
3-PA,927,0,0,875,0,875,G
3-PA,928,0,868,0,0,868,T
3-PA,929,2,0,876,0,878,G
3-PA,930,0,0,0,879,879,C
3-PA,931,873,0,0,0,873,A
3-PA,932,1,877,0,0,878,T
3-PA,933,873,0,0,0,873,A
3-PA,934,883,0,0,0,883,A
3-PA,935,883,2,0,0,885,A
3-PA,936,877,0,0,0,877,A
3-PA,937,882,1,0,1,884,A
3-PA,938,0,1,0,887,888,C
3-PA,939,885,0,0,0,885,A
3-PA,940,0,883,0,0,883,T
3-PA,941,1,885,0,2,888,T
3-PA,942,3,0,1,885,889,C
3-PA,943,0,874,0,0,874,T
3-PA,944,0,873,0,0,873,T
3-PA,945,0,877,0,0,877,T
3-PA,946,1,0,877,0,878,G
3-PA,947,0,2,878,0,880,G
3-PA,948,873,0,2,0,875,A
3-PA,949,1,872,0,0,873,T
3-PA,950,4,1,875,0,880,G
3-PA,951,0,0,908,0,908,G
3-PA,952,912,0,0,0,912,A
3-PA,953,913,0,0,0,913,A
3-PA,954,910,0,1,0,911,A
3-PA,955,0,0,921,1,922,G
3-PA,956,918,0,0,0,918,A
3-PA,957,1017,0,1,0,1018,A
3-PA,958,0,0,0,1032,1032,C
3-PA,959,2,0,0,1027,1029,C
3-PA,960,0,1012,0,1,1013,T
3-PA,961,0,1025,0,1,1026,T
3-PA,962,1032,0,0,0,1032,A
3-PA,963,0,1034,0,0,1034,T
3-PA,964,1022,0,1,0,1023,A
3-PA,965,0,1037,0,0,1037,T
3-PA,966,952,1,0,1,954,A
3-PA,967,0,0,975,0,975,G
3-PA,968,0,966,0,0,966,T
3-PA,969,2,0,0,961,963,C
3-PA,970,948,0,0,0,948,A
3-PA,971,953,0,0,0,953,A
3-PA,972,950,0,2,0,952,A
3-PA,973,1,0,0,957,958,C
3-PA,974,1,0,1,940,942,C
3-PA,975,935,0,0,0,935,A
3-PA,976,0,1,0,940,941,C
3-PA,977,943,0,2,0,945,A
3-PA,978,0,0,0,951,951,C
3-PA,979,0,3,950,0,953,G
3-PA,980,951,0,2,1,954,A
3-PA,981,952,0,1,0,953,A
3-PA,982,947,0,1,0,948,A
3-PA,983,948,0,1,0,949,A
3-PA,984,0,4,951,0,955,G
3-PA,985,1,2,944,0,947,G
3-PA,986,1,2,960,0,963,G
3-PA,987,960,0,0,0,960,A
3-PA,988,958,0,0,1,959,A
3-PA,989,0,959,0,1,960,T
3-PA,990,962,0,0,0,962,A
3-PA,991,963,0,0,0,963,A
3-PA,992,908,0,61,0,969,A
3-PA,993,0,966,0,0,966,T
3-PA,994,0,965,0,1,966,T
3-PA,995,8,0,0,956,964,C
3-PA,996,961,0,0,0,961,A
3-PA,997,961,0,0,1,962,A
3-PA,998,960,1,2,0,963,A
3-PA,999,0,960,0,2,962,T
3-PA,1000,0,970,0,0,970,T
3-PA,1001,969,2,1,0,972,A
3-PA,1002,1,0,0,967,968,C
3-PA,1003,0,0,0,972,972,C
3-PA,1004,0,956,0,0,956,T
3-PA,1005,0,1,968,0,969,G
3-PA,1006,0,0,0,968,968,C
3-PA,1007,1,969,0,0,970,T
3-PA,1008,1,0,988,0,989,G
3-PA,1009,0,983,0,3,986,T
3-PA,1010,5,0,0,991,996,C
3-PA,1011,999,0,0,0,999,A
3-PA,1012,0,991,0,1,992,T
3-PA,1013,0,4,988,0,992,G
3-PA,1014,0,3,990,0,993,G
3-PA,1015,995,1,0,0,996,A
3-PA,1016,1019,0,2,0,1021,A
3-PA,1017,1,1,1014,0,1016,G
3-PA,1018,0,0,0,1022,1022,C
3-PA,1019,1013,0,1,0,1014,A
3-PA,1020,1020,0,0,0,1020,A
3-PA,1021,1,0,1021,0,1022,G
3-PA,1022,0,1025,0,0,1025,T
3-PA,1023,1021,1,1,0,1023,A
3-PA,1024,0,0,0,1023,1023,C
3-PA,1025,0,1009,0,1,1010,T
3-PA,1026,1,0,1015,0,1016,G
3-PA,1027,1,1010,0,1,1012,T
3-PA,1028,6,0,0,1010,1016,C
3-PA,1029,1011,0,0,0,1011,A
3-PA,1030,0,4,1011,0,1015,G
3-PA,1031,1013,0,0,0,1013,A
3-PA,1032,1017,0,0,0,1017,A
3-PA,1033,0,1035,0,1,1036,T
3-PA,1034,1,1030,0,0,1031,T
3-PA,1035,0,0,1024,0,1024,G
3-PA,1036,0,0,1,1018,1019,C
3-PA,1037,1018,0,2,0,1020,A
3-PA,1038,0,1,1026,0,1027,G
3-PA,1039,0,4,1015,0,1019,G
3-PA,1040,1021,0,1,0,1022,A
3-PA,1041,0,0,0,1026,1026,C
3-PA,1042,1008,0,1,0,1009,A
3-PA,1043,0,1018,0,0,1018,T
3-PA,1044,0,1015,0,1,1016,T
3-PA,1045,0,4,1014,0,1018,G
3-PA,1046,1019,0,2,0,1021,A
3-PA,1047,1022,0,0,0,1022,A
3-PA,1048,1020,0,1,0,1021,A
3-PA,1049,1017,1,0,0,1018,A
3-PA,1050,0,1009,0,0,1009,T
3-PA,1051,1,1,1016,0,1018,G
3-PA,1052,1016,0,2,0,1018,A
3-PA,1053,0,3,1020,0,1023,G
3-PA,1054,0,2,1017,0,1019,G
3-PA,1055,1016,0,0,0,1016,A
3-PA,1056,0,2,1020,0,1022,G
3-PA,1057,1017,0,0,0,1017,A
3-PA,1058,1007,1,1,1,1010,A
3-PA,1059,2,1,1011,0,1014,G
3-PA,1060,1,0,1001,0,1002,G
3-PA,1061,0,1038,0,0,1038,T
3-PA,1062,0,1036,0,0,1036,T
3-PA,1063,5,0,0,1036,1041,C
3-PA,1064,0,3,0,1037,1040,C
3-PA,1065,1040,0,0,0,1040,A
3-PA,1066,1040,0,0,0,1040,A
3-PA,1067,0,4,1040,0,1044,G
3-PA,1068,0,4,1046,0,1050,G
3-PA,1069,1032,0,2,0,1034,A
3-PA,1070,0,0,0,1043,1043,C
3-PA,1071,0,1039,0,0,1039,T
3-PA,1072,1038,0,1,0,1039,A
3-PA,1073,1037,0,0,0,1037,A
3-PA,1074,1037,1,0,0,1038,A
3-PA,1075,1036,0,1,0,1037,A
3-PA,1076,1034,0,1,0,1035,A
3-PA,1077,0,0,0,1029,1029,C
3-PA,1078,1024,0,1,0,1025,A
3-PA,1079,0,1017,0,0,1017,T
3-PA,1080,1,1,1027,0,1029,G
3-PA,1081,1026,2,2,0,1030,A
3-PA,1082,1028,0,1,1,1030,A
3-PA,1083,0,2,1034,0,1036,G
3-PA,1084,1034,0,0,0,1034,A
3-PA,1085,1031,0,0,0,1031,A
3-PA,1086,1027,1,0,0,1028,A
3-PA,1087,1028,0,1,0,1029,A
3-PA,1088,0,0,0,1030,1030,C
3-PA,1089,0,5,1018,0,1023,G
3-PA,1090,1019,1,2,0,1022,A
3-PA,1091,0,1,1021,1,1023,G
3-PA,1092,1,1015,0,0,1016,T
3-PA,1093,9,0,0,1026,1035,C
3-PA,1094,1034,2,3,0,1039,A
3-PA,1095,1055,0,1,0,1056,A
3-PA,1096,0,0,0,1060,1060,C
3-PA,1097,1,1055,0,0,1056,T
3-PA,1098,1,3,1062,1,1067,G
3-PA,1099,1059,0,2,1,1062,A
3-PA,1100,1070,0,0,0,1070,A
3-PA,1101,0,0,1071,0,1071,G
3-PA,1102,0,1036,0,1,1037,T
3-PA,1103,0,3,1031,0,1034,G
3-PA,1104,0,5,1023,0,1028,G
3-PA,1105,1,0,1027,0,1028,G
3-PA,1106,0,0,0,1045,1045,C
3-PA,1107,0,1033,0,0,1033,T
3-PA,1108,2,0,0,1044,1046,C
3-PA,1109,0,1039,1,1,1041,T
3-PA,1110,0,1043,0,0,1043,T
3-PA,1111,0,1,1092,0,1093,G
3-PA,1112,0,1,1105,0,1106,G
3-PA,1113,0,1097,0,2,1099,T
3-PA,1114,0,2,1101,0,1103,G
3-PA,1115,1097,0,0,0,1097,A
3-PA,1116,1015,1,0,90,1106,A
3-PA,1117,1099,0,0,1,1100,A
3-PA,1118,1111,1,0,0,1112,A
3-PA,1119,0,1,1,1121,1123,C
3-PA,1120,1088,0,0,0,1088,A
3-PA,1121,0,1078,0,0,1078,T
3-PA,1122,0,2,1067,0,1069,G
3-PA,1123,0,1,1087,0,1088,G
3-PA,1124,0,2,0,1081,1083,C
3-PA,1125,1088,2,0,0,1090,A
3-PA,1126,1,0,0,1105,1106,C
3-PA,1127,3,0,0,1100,1103,C
3-PA,1128,1123,0,0,0,1123,A
3-PA,1129,1,1,1132,0,1134,G
3-PA,1130,1125,0,2,0,1127,A
3-PA,1131,6,0,1132,0,1138,G
3-PA,1132,1137,0,1,0,1138,A
3-PA,1133,1139,0,1,0,1140,A
3-PA,1134,0,2,1147,0,1149,G
3-PA,1135,0,1,1137,0,1138,G
3-PA,1136,0,1137,0,0,1137,T
3-PA,1137,1124,1,0,0,1125,A
3-PA,1138,0,4,1117,0,1121,G
3-PA,1139,1115,0,1,0,1116,A
3-PA,1140,0,0,0,1128,1128,C
3-PA,1141,0,1120,0,0,1120,T
3-PA,1142,0,1117,0,1,1118,T
3-PA,1143,1,1113,0,1,1115,T
3-PA,1144,0,5,1116,0,1121,G
3-PA,1145,1118,0,2,0,1120,A
3-PA,1146,1117,0,0,0,1117,A
3-PA,1147,1120,2,0,0,1122,A
3-PA,1148,1113,0,0,0,1113,A
3-PA,1149,1,0,0,1132,1133,C
3-PA,1150,0,1119,0,1,1120,T
3-PA,1151,1,0,1134,0,1135,G
3-PA,1152,1,0,0,1134,1135,C
3-PA,1153,1133,0,1,0,1134,A
3-PA,1154,0,1,1132,0,1133,G
3-PA,1155,1126,0,3,0,1129,A
3-PA,1156,0,1,1182,0,1183,G
3-PA,1157,1180,0,1,0,1181,A
3-PA,1158,0,1,0,1167,1168,C
3-PA,1159,1162,0,4,0,1166,A
3-PA,1160,0,1163,0,1,1164,T
3-PA,1161,1158,0,0,0,1158,A
3-PA,1162,1159,0,0,0,1159,A
3-PA,1163,0,0,1158,0,1158,G
3-PA,1164,1,1,0,1155,1157,C
3-PA,1165,1,3,1124,0,1128,G
3-PA,1166,1143,0,1,0,1144,A
3-PA,1167,0,1132,0,0,1132,T
3-PA,1168,0,1129,0,1,1130,T
3-PA,1169,0,1133,0,0,1133,T
3-PA,1170,1,3,1139,0,1143,G
3-PA,1171,1136,0,2,0,1138,A
3-PA,1172,1139,0,3,0,1142,A
3-PA,1173,0,2,1146,0,1148,G
3-PA,1174,1,1,0,1162,1164,C
3-PA,1175,1142,0,2,0,1144,A
3-PA,1176,1250,0,0,0,1250,A
3-PA,1177,0,1252,0,0,1252,T
3-PA,1178,1254,0,1,0,1255,A
3-PA,1179,1,1257,0,1,1259,T
3-PA,1180,0,2,1263,0,1265,G
3-PA,1181,1263,1,4,0,1268,A
3-PA,1182,0,1262,0,2,1264,T
3-PA,1183,1230,0,0,0,1230,A
3-PA,1184,0,0,1238,0,1238,G
3-PA,1185,0,1191,0,1,1192,T
3-PA,1186,0,1,1188,0,1189,G
3-PA,1187,1190,0,0,0,1190,A
3-PA,1188,0,1,0,1188,1189,C
3-PA,1189,0,7,1176,0,1183,G
3-PA,1190,1182,0,2,0,1184,A
3-PA,1191,1184,0,1,0,1185,A
3-PA,1192,0,1,0,1199,1200,C
3-PA,1193,4,0,0,1201,1205,C
3-PA,1194,1,1180,0,3,1184,T
3-PA,1195,0,4,1210,0,1214,G
3-PA,1196,1215,1,0,0,1216,A
3-PA,1197,1220,0,0,1,1221,A
3-PA,1198,1,1221,0,0,1222,T
3-PA,1199,0,1203,0,1,1204,T
3-PA,1200,1205,0,0,0,1205,A
3-PA,1201,1198,0,1,0,1199,A
3-PA,1202,1,3,1198,0,1202,G
3-PA,1203,1,2,1200,0,1203,G
3-PA,1204,0,1177,0,2,1179,T
3-PA,1205,6,0,0,1170,1176,C
3-PA,1206,1179,0,0,0,1179,A
3-PA,1207,0,1173,0,1,1174,T
3-PA,1208,0,1199,0,0,1199,T
3-PA,1209,0,1202,0,0,1202,T
3-PA,1210,0,1201,0,0,1201,T
3-PA,1211,3,0,0,1197,1200,C
3-PA,1212,1194,0,1,0,1195,A
3-PA,1213,1197,1,2,0,1200,A
3-PA,1214,1,0,1210,0,1211,G
3-PA,1215,0,2,0,1208,1210,C
3-PA,1216,0,1204,0,0,1204,T
3-PA,1217,0,1,1225,0,1226,G
3-PA,1218,0,2,1229,0,1231,G
3-PA,1219,1251,0,0,0,1251,A
3-PA,1220,0,1262,0,0,1262,T
3-PA,1221,1261,1,0,0,1262,A
3-PA,1222,0,0,0,1275,1275,C
3-PA,1223,1251,1,0,0,1252,A
3-PA,1224,0,1,1261,0,1262,G
3-PA,1225,1256,0,1,0,1257,A
3-PA,1226,1245,0,1,0,1246,A
3-PA,1227,1,1235,0,0,1236,T
3-PA,1228,0,6,1234,0,1240,G
3-PA,1229,1233,1,1,0,1235,A
3-PA,1230,0,0,1257,0,1257,G
3-PA,1231,1,1246,0,2,1249,T
3-PA,1232,0,1239,0,1,1240,T
3-PA,1233,7,1,0,1252,1260,C
3-PA,1234,1271,1,0,0,1272,A
3-PA,1235,1267,0,0,2,1269,A
3-PA,1236,0,0,0,1271,1271,C
3-PA,1237,1253,0,1,0,1254,A
3-PA,1238,1252,0,0,0,1252,A
3-PA,1239,0,1,1254,0,1255,G
3-PA,1240,1,0,1258,0,1259,G
3-PA,1241,1,0,0,1267,1268,C
3-PA,1242,2,1,0,1257,1260,C
3-PA,1243,0,1242,0,2,1244,T
3-PA,1244,0,0,1257,0,1257,G
3-PA,1245,0,1254,1,1,1256,T
3-PA,1246,0,7,1271,0,1278,G
3-PA,1247,1274,0,1,0,1275,A
3-PA,1248,0,0,1273,0,1273,G
3-PA,1249,0,0,0,1265,1265,C
3-PA,1250,0,1244,0,1,1245,T
3-PA,1251,1263,0,0,0,1263,A
3-PA,1252,1265,1,0,0,1266,A
3-PA,1253,0,0,0,1269,1269,C
3-PA,1254,0,1255,0,1,1256,T
3-PA,1255,0,0,1255,1,1256,G
3-PA,1256,1251,0,2,0,1253,A
3-PA,1257,0,1251,1,1,1253,T
3-PA,1258,1,1249,0,1,1251,T
3-PA,1259,9,0,0,1243,1252,C
3-PA,1260,1270,1,2,0,1273,A
3-PA,1261,1,0,1298,0,1299,G
3-PA,1262,1,1297,1,0,1299,T
3-PA,1263,3,0,0,1294,1297,C
3-PA,1264,0,1290,1,0,1291,T
3-PA,1265,0,2,1331,0,1333,G
3-PA,1266,1,1,1329,0,1331,G
3-PA,1267,1331,0,1,0,1332,A
3-PA,1268,0,1333,0,0,1333,T
3-PA,1269,1274,0,0,0,1274,A
3-PA,1270,1,6,1267,0,1274,G
3-PA,1271,1252,0,2,0,1254,A
3-PA,1272,0,1,1256,0,1257,G
3-PA,1273,0,0,0,1249,1249,C
3-PA,1274,0,1231,0,1,1232,T
3-PA,1275,3,2,1,1233,1239,C
3-PA,1276,0,1,1244,0,1245,G
3-PA,1277,1249,1,0,0,1250,A
3-PA,1278,0,1244,0,1,1245,T
3-PA,1279,0,2,1239,0,1241,G
3-PA,1280,1238,0,0,0,1238,A
3-PA,1281,1230,1,4,0,1235,A
3-PA,1282,1,0,1229,0,1230,G
3-PA,1283,1,1253,1,0,1255,T
3-PA,1284,0,1257,0,1,1258,T
3-PA,1285,1,2,1262,0,1265,G
3-PA,1286,0,1,1267,0,1268,G
3-PA,1287,1257,0,4,0,1261,A
3-PA,1288,0,1,1263,0,1264,G
3-PA,1289,1235,0,4,0,1239,A
3-PA,1290,1,4,1237,0,1242,G
3-PA,1291,0,4,1240,0,1244,G
3-PA,1292,1257,0,0,0,1257,A
3-PA,1293,1,0,0,1259,1260,C
3-PA,1294,1,0,1250,0,1251,G
3-PA,1295,0,1245,0,0,1245,T
3-PA,1296,1254,0,0,0,1254,A
3-PA,1297,0,0,1264,0,1264,G
3-PA,1298,0,1,0,1272,1273,C
3-PA,1299,1,0,0,1267,1268,C
3-PA,1300,5,0,0,1267,1272,C
3-PA,1301,5,1,0,1261,1267,C
3-PA,1302,1271,0,0,0,1271,A
3-PA,1303,1320,0,0,0,1320,A
3-PA,1304,0,1322,0,0,1322,T
3-PA,1305,0,1309,0,1,1310,T
3-PA,1306,0,8,1304,0,1312,G
3-PA,1307,1282,1,2,0,1285,A
3-PA,1308,0,1,1283,0,1284,G
3-PA,1309,1,0,0,1285,1286,C
3-PA,1310,1267,1,2,0,1270,A
3-PA,1311,0,3,0,1299,1302,C
3-PA,1312,1264,0,0,0,1264,A
3-PA,1313,0,1281,0,2,1283,T
3-PA,1314,0,1282,0,0,1282,T
3-PA,1315,0,1,1285,0,1286,G
3-PA,1316,0,2,0,1275,1277,C
3-PA,1317,1276,1,1,0,1278,A
3-PA,1318,1278,0,2,1,1281,A
3-PA,1319,0,0,1280,0,1280,G
3-PA,1320,0,0,0,1275,1275,C
3-PA,1321,1267,0,2,0,1269,A
3-PA,1322,0,1231,0,1,1232,T
3-PA,1323,0,12,1224,0,1236,G
3-PA,1324,1228,0,0,0,1228,A
3-PA,1325,1,3,1236,0,1240,G
3-PA,1326,1234,0,3,0,1237,A
3-PA,1327,1239,0,1,0,1240,A
3-PA,1328,0,3,1236,0,1239,G
3-PA,1329,1,1,1240,0,1242,G
3-PA,1330,1235,0,2,0,1237,A
3-PA,1331,1236,0,0,0,1236,A
3-PA,1332,1,1238,1,1,1241,T
3-PA,1333,0,1230,0,1,1231,T
3-PA,1334,1248,0,0,0,1248,A
3-PA,1335,2,1247,0,0,1249,T
3-PA,1336,1,1247,0,0,1248,T
3-PA,1337,0,1246,0,0,1246,T
3-PA,1338,3,1,0,1230,1234,C
3-PA,1339,1236,0,0,0,1236,A
3-PA,1340,0,4,0,1259,1263,C
3-PA,1341,1251,0,0,0,1251,A
3-PA,1342,1,0,1263,0,1264,G
3-PA,1343,1,0,0,1261,1262,C
3-PA,1344,1254,0,0,1,1255,A
3-PA,1345,0,2,1263,0,1265,G
3-PA,1346,1252,0,4,0,1256,A
3-PA,1347,0,2,1253,0,1255,G
3-PA,1348,0,0,1251,0,1251,G
3-PA,1349,1,1203,0,5,1209,T
3-PA,1350,0,1,1223,0,1224,G
3-PA,1351,1,1214,0,1,1216,T
3-PA,1352,4,0,0,1211,1215,C
3-PA,1353,5,0,0,1222,1227,C
3-PA,1354,6,0,1,1216,1223,C
3-PA,1355,1232,0,0,0,1232,A
3-PA,1356,1,1233,0,4,1238,T
3-PA,1357,0,1223,0,0,1223,T
3-PA,1358,0,0,1233,0,1233,G
3-PA,1359,0,1221,0,1,1222,T
3-PA,1360,1207,0,2,0,1209,A
3-PA,1361,0,2,1201,1,1204,G
3-PA,1362,1167,0,2,0,1169,A
3-PA,1363,0,0,1177,0,1177,G
3-PA,1364,0,0,0,1161,1161,C
3-PA,1365,4,0,0,1136,1140,C
3-PA,1366,1163,0,1,0,1164,A
3-PA,1367,0,0,0,1163,1163,C
3-PA,1368,0,1152,0,0,1152,T
3-PA,1369,0,2,1154,0,1156,G
3-PA,1370,1149,0,0,0,1149,A
3-PA,1371,1127,0,1,0,1128,A
3-PA,1372,0,1162,0,0,1162,T
3-PA,1373,1172,1,1,0,1174,A
3-PA,1374,3,0,0,1185,1188,C
3-PA,1375,1152,1,1,0,1154,A
3-PA,1376,0,1166,0,1,1167,T
3-PA,1377,1146,0,0,0,1146,A
3-PA,1378,1150,0,1,0,1151,A
3-PA,1379,0,1143,0,2,1145,T
3-PA,1380,0,3,1125,0,1128,G
3-PA,1381,1121,0,0,0,1121,A
3-PA,1382,1100,0,0,0,1100,A
3-PA,1383,1,1,1098,0,1100,G
3-PA,1384,0,8,1087,0,1095,G
3-PA,1385,1,2,1110,0,1113,G
3-PA,1386,0,4,1107,0,1111,G
3-PA,1387,0,1,1120,0,1121,G
3-PA,1388,0,1098,0,0,1098,T
3-PA,1389,1110,0,0,0,1110,A
3-PA,1390,0,1112,0,1,1113,T
3-PA,1391,1136,0,0,0,1136,A
3-PA,1392,0,0,0,1258,1258,C
3-PA,1393,1221,0,0,0,1221,A
3-PA,1394,0,1192,0,2,1194,T
3-PA,1395,1,1182,0,0,1183,T
3-PA,1396,1174,0,1,0,1175,A
3-PA,1397,1197,0,0,0,1197,A
3-PA,1398,3,0,0,1193,1196,C
3-PA,1399,1179,0,0,0,1179,A
3-PA,1400,2,0,0,1182,1184,C
3-PA,1401,0,1057,0,0,1057,T
3-PA,1402,0,0,1089,0,1089,G
3-PA,1403,1,1,0,1084,1086,C
3-PA,1404,4,0,0,1079,1083,C
3-PA,1405,2,0,0,1087,1089,C
3-PA,1406,0,1060,0,1,1061,T
3-PA,1407,0,2,1097,0,1099,G
3-PA,1408,0,0,0,1099,1099,C
3-PA,1409,0,1098,0,2,1100,T
3-PA,1410,4,0,0,1131,1135,C
3-PA,1411,1094,0,0,0,1094,A
3-PA,1412,1103,1,0,0,1104,A
3-PA,1413,0,1105,0,1,1106,T
3-PA,1414,1,2,1098,0,1101,G
3-PA,1415,1,2,0,1096,1099,C
3-PA,1416,1074,0,2,0,1076,A
3-PA,1417,0,1072,1,4,1077,T
3-PA,1418,2,0,0,1071,1073,C
3-PA,1419,4,0,0,1076,1080,C
3-PA,1420,0,1045,0,0,1045,T
3-PA,1421,0,0,1073,0,1073,G
3-PA,1422,0,1066,0,1,1067,T
3-PA,1423,0,0,1069,0,1069,G
3-PA,1424,1,1,0,1067,1069,C
3-PA,1425,1059,0,1,0,1060,A
3-PA,1426,0,1,1074,0,1075,G
3-PA,1427,2,1,0,1071,1074,C
3-PA,1428,1066,1,1,0,1068,A
3-PA,1429,1067,0,0,0,1067,A
3-PA,1430,0,1035,0,0,1035,T
3-PA,1431,0,1,1037,0,1038,G
3-PA,1432,0,3,1030,0,1033,G
3-PA,1433,1034,0,0,1,1035,A
3-PA,1434,0,3,0,1027,1030,C
3-PA,1435,0,2,1017,0,1019,G
3-PA,1436,1036,0,0,0,1036,A
3-PA,1437,0,1041,0,0,1041,T
3-PA,1438,1,1038,0,0,1039,T
3-PA,1439,0,1036,0,0,1036,T
3-PA,1440,1,1037,0,0,1038,T
3-PA,1441,2,0,1,1033,1036,C
3-PA,1442,1035,0,0,1,1036,A
3-PA,1443,1041,0,0,0,1041,A
3-PA,1444,0,0,0,1038,1038,C
3-PA,1445,1,1018,1,1,1021,T
3-PA,1446,1016,1,0,1,1018,A
3-PA,1447,1013,0,0,0,1013,A
3-PA,1448,0,1023,0,0,1023,T
3-PA,1449,0,1017,0,2,1019,T
3-PA,1450,7,1,0,1014,1022,C
3-PA,1451,2,1,0,1015,1018,C
3-PA,1452,5,0,0,1007,1012,C
3-PA,1453,1013,0,2,0,1015,A
3-PA,1454,0,1027,0,1,1028,T
3-PA,1455,0,2,1027,1,1030,G
3-PA,1456,1029,0,1,0,1030,A
3-PA,1457,0,1026,0,1,1027,T
3-PA,1458,1021,0,2,0,1023,A
3-PA,1459,1017,0,3,1,1021,A
3-PA,1460,1,1,1021,0,1023,G
3-PA,1461,1,0,0,1022,1023,C
3-PA,1462,1018,0,0,1,1019,A
3-PA,1463,979,1,2,1,983,A
3-PA,1464,0,3,996,0,999,G
3-PA,1465,0,990,0,2,992,T
3-PA,1466,0,0,988,0,988,G
3-PA,1467,1,2,1,986,990,C
3-PA,1468,976,2,1,0,979,A
3-PA,1469,2,4,988,0,994,G
3-PA,1470,985,0,1,0,986,A
3-PA,1471,1000,0,0,0,1000,A
3-PA,1472,0,0,0,1003,1003,C
3-PA,1473,0,961,0,2,963,T
3-PA,1474,971,0,1,1,973,A
3-PA,1475,972,0,0,1,973,A
3-PA,1476,972,0,0,1,973,A
3-PA,1477,0,0,973,0,973,G
3-PA,1478,919,0,1,1,921,A
3-PA,1479,0,5,920,0,925,G
3-PA,1480,0,3,906,0,909,G
3-PA,1481,0,0,907,0,907,G
3-PA,1482,899,0,0,0,899,A
3-PA,1483,882,0,1,0,883,A
3-PA,1484,0,0,884,0,884,G
3-PA,1485,0,0,888,0,888,G
3-PA,1486,0,0,0,884,884,C
3-PA,1487,0,4,880,0,884,G
3-PA,1488,874,0,1,1,876,A
3-PA,1489,877,0,0,1,878,A
3-PA,1490,880,0,0,1,881,A
3-PA,1491,880,1,0,1,882,A
3-PA,1492,881,0,0,1,882,A
3-PA,1493,0,0,0,881,881,C
3-PA,1494,4,0,0,876,880,C
3-PA,1495,888,0,1,0,889,A
3-PA,1496,893,0,0,0,893,A
3-PA,1497,0,890,0,0,890,T
3-PA,1498,0,893,0,0,893,T
3-PA,1499,0,885,0,0,885,T
3-PA,1500,894,0,0,0,894,A
3-PA,1501,0,892,0,0,892,T
3-PA,1502,884,0,3,1,888,A
3-PA,1503,0,888,0,0,888,T
3-PA,1504,0,3,872,0,875,G
3-PA,1505,0,2,860,1,863,G
3-PA,1506,861,0,0,1,862,A
3-PA,1507,0,857,1,1,859,T
3-PA,1508,0,851,0,2,853,T
3-PA,1509,3,1,0,846,850,C
3-PA,1510,854,0,1,0,855,A
3-PA,1511,0,860,0,1,861,T
3-PA,1512,2,1,0,861,864,C
3-PA,1513,861,0,0,1,862,A
3-PA,1514,0,852,0,0,852,T
3-PA,1515,851,0,0,0,851,A
3-PA,1516,851,0,0,1,852,A
3-PA,1517,851,0,1,1,853,A
3-PA,1518,0,0,849,0,849,G
3-PA,1519,1,3,825,0,829,G
3-PA,1520,0,1,816,0,817,G
3-PA,1521,810,0,0,1,811,A
3-PA,1522,802,0,0,1,803,A
3-PA,1523,0,3,802,0,805,G
3-PA,1524,802,0,0,0,802,A
3-PA,1525,0,802,0,1,803,T
3-PA,1526,0,0,0,800,800,C
3-PA,1527,0,785,0,0,785,T
3-PA,1528,1,0,0,805,806,C
3-PA,1529,802,0,0,0,802,A
3-PA,1530,0,799,0,1,800,T
3-PA,1531,1,801,0,1,803,T
3-PA,1532,0,800,0,0,800,T
3-PA,1533,794,0,2,0,796,A
3-PA,1534,796,0,0,0,796,A
3-PA,1535,0,2,794,0,796,G
3-PA,1536,0,3,803,0,806,G
3-PA,1537,760,0,1,0,761,A
3-PA,1538,764,0,0,0,764,A
3-PA,1539,0,760,0,0,760,T
3-PA,1540,0,6,760,0,766,G
3-PA,1541,775,1,0,0,776,A
3-PA,1542,0,0,0,773,773,C
3-PA,1543,769,0,0,0,769,A
3-PA,1544,0,0,0,771,771,C
3-PA,1545,747,0,1,0,748,A
3-PA,1546,0,0,753,0,753,G
3-PA,1547,746,0,0,0,746,A
3-PA,1548,0,0,0,733,733,C
3-PA,1549,0,0,728,0,728,G
3-PA,1550,0,669,0,1,670,T
3-PA,1551,0,1,671,0,672,G
3-PA,1552,0,0,670,2,672,G
3-PA,1553,0,671,0,1,672,T
3-PA,1554,671,0,1,0,672,A
3-PA,1555,663,0,0,0,663,A
3-PA,1556,663,0,0,0,663,A
3-PA,1557,0,662,0,1,663,T
3-PA,1558,0,651,0,0,651,T
3-PA,1559,0,650,0,0,650,T
3-PA,1560,0,638,1,0,639,T
3-PA,1561,0,0,639,0,639,G
3-PA,1562,0,626,1,1,628,T
3-PA,1563,2,4,621,0,627,G
3-PA,1564,618,0,1,0,619,A
3-PA,1565,0,1,618,0,619,G
3-PA,1566,0,0,0,613,613,C
3-PA,1567,613,0,1,0,614,A
3-PA,1568,0,616,1,0,617,T
3-PA,1569,0,1,614,0,615,G
3-PA,1570,0,1,616,0,617,G
3-PA,1571,619,0,1,0,620,A
3-PA,1572,0,0,620,0,620,G
3-PA,1573,1,603,1,1,606,T
3-PA,1574,0,597,1,2,600,T
3-PA,1575,0,598,1,0,599,T
3-PA,1576,0,599,1,1,601,T
3-PA,1577,0,0,0,603,603,C
3-PA,1578,0,596,1,0,597,T
3-PA,1579,2,0,0,597,599,C
3-PA,1580,0,579,1,1,581,T
3-PA,1581,0,0,0,581,581,C
3-PA,1582,581,0,0,0,581,A
3-PA,1583,0,0,0,575,575,C
3-PA,1584,0,565,0,0,565,T
3-PA,1585,1,1,566,0,568,G
3-PA,1586,568,0,1,0,569,A
3-PA,1587,0,0,0,566,566,C
3-PA,1588,1,0,0,565,566,C
3-PA,1589,2,1,0,551,554,C
3-PA,1590,0,1,554,0,555,G
3-PA,1591,553,0,0,0,553,A
3-PA,1592,0,1,554,0,555,G
3-PA,1593,555,0,1,0,556,A
3-PA,1594,0,1,0,541,542,C
3-PA,1595,0,523,1,0,524,T
3-PA,1596,0,492,0,0,492,T
3-PA,1597,0,0,492,0,492,G
3-PA,1598,491,0,1,0,492,A
3-PA,1599,0,0,492,0,492,G
3-PA,1600,0,0,0,489,489,C
3-PA,1601,0,0,0,466,466,C
3-PA,1602,472,0,1,0,473,A
3-PA,1603,3,1,0,463,467,C
3-PA,1604,464,0,0,0,464,A
3-PA,1605,0,467,0,0,467,T
3-PA,1606,462,0,1,0,463,A
3-PA,1607,462,0,0,0,462,A
3-PA,1608,458,0,1,0,459,A
3-PA,1609,0,458,0,0,458,T
3-PA,1610,0,2,453,0,455,G
3-PA,1611,0,2,402,0,404,G
3-PA,1612,0,1,397,0,398,G
3-PA,1613,394,0,0,0,394,A
3-PA,1614,0,0,392,0,392,G
3-PA,1615,382,0,0,0,382,A
3-PA,1616,378,0,0,0,378,A
3-PA,1617,377,0,0,0,377,A
3-PA,1618,0,375,0,0,375,T
3-PA,1619,367,0,0,0,367,A
3-PA,1620,0,137,0,223,360,C
3-PA,1621,0,243,0,0,243,T
3-PA,1622,0,0,244,0,244,G
3-PA,1623,0,187,0,1,188,T
3-PA,1624,0,0,187,0,187,G
3-PA,1625,0,178,0,0,178,T
3-PA,1626,1,0,0,145,146,C
3-PA,1627,0,0,0,145,145,C
3-PA,1628,0,135,1,0,136,T
3-PA,1629,0,137,0,0,137,T
3-PA,1630,0,0,136,0,136,G
3-PA,1631,136,0,0,0,136,A
3-PA,1632,0,0,140,0,140,G
3-PA,1633,135,0,0,0,135,A
3-PA,1634,0,135,0,0,135,T
3-PA,1635,132,0,0,0,132,A
3-PA,1636,0,0,136,0,136,G
3-PA,1637,0,2,134,0,136,G
3-PA,1638,135,0,0,0,135,A
3-PA,1639,0,0,134,0,134,G
3-PA,1640,134,0,0,0,134,A
3-PA,1641,0,134,0,0,134,T
3-PA,1642,138,0,0,0,138,A
3-PA,1643,0,138,0,0,138,T
3-PA,1644,0,0,138,0,138,G
3-PA,1645,0,136,0,0,136,T
3-PA,1646,0,135,0,0,135,T
3-PA,1647,137,0,0,0,137,A
3-PA,1648,0,0,0,136,136,C
3-PA,1649,0,130,0,0,130,T
3-PA,1650,131,0,0,0,131,A
3-PA,1651,129,0,0,0,129,A
3-PA,1652,0,0,132,0,132,G
3-PA,1653,131,0,0,0,131,A
3-PA,1654,128,0,0,0,128,A
3-PA,1655,0,0,126,0,126,G
3-PA,1656,0,128,0,0,128,T
3-PA,1657,0,1,127,0,128,G
3-PA,1658,0,0,0,128,128,C
3-PA,1659,0,0,0,125,125,C
3-PA,1660,126,0,0,0,126,A
3-PA,1661,0,125,0,0,125,T
3-PA,1662,124,0,0,0,124,A
3-PA,1663,0,0,126,0,126,G
3-PA,1664,0,0,126,0,126,G
3-PA,1665,0,0,0,126,126,C
3-PA,1666,0,0,0,124,124,C
3-PA,1667,125,0,0,0,125,A
3-PA,1668,125,0,0,0,125,A
3-PA,1669,124,0,0,0,124,A
3-PA,1670,0,125,0,0,125,T
3-PA,1671,0,125,0,0,125,T
3-PA,1672,0,123,0,0,123,T
3-PA,1673,0,0,0,122,122,C
3-PA,1674,118,0,0,0,118,A
3-PA,1675,119,0,0,0,119,A
3-PA,1676,0,0,117,0,117,G
3-PA,1677,0,0,119,0,119,G
3-PA,1678,0,0,0,121,121,C
3-PA,1679,0,0,0,118,118,C
3-PA,1680,0,0,119,0,119,G
3-PA,1681,122,0,0,0,122,A
3-PA,1682,0,122,0,0,122,T
3-PA,1683,0,0,126,0,126,G
3-PA,1684,0,126,0,0,126,T
3-PA,1685,0,129,0,0,129,T
3-PA,1686,1,0,0,127,128,C
3-PA,1687,0,126,0,0,126,T
3-PA,1688,0,126,0,0,126,T
3-PA,1689,0,0,127,0,127,G
3-PA,1690,0,126,0,0,126,T
3-PA,1691,127,0,0,0,127,A
3-PA,1692,0,126,0,0,126,T
3-PA,1693,0,0,125,0,125,G
3-PA,1694,0,120,0,0,120,T
3-PA,1695,0,0,119,0,119,G
3-PA,1696,118,0,2,0,120,A
3-PA,1697,0,1,120,0,121,G
3-PA,1698,0,0,120,0,120,G
3-PA,1699,121,0,0,0,121,A
3-PA,1700,0,0,0,119,119,C
3-PA,1701,118,0,0,0,118,A
3-PA,1702,119,0,0,0,119,A
3-PA,1703,118,0,0,0,118,A
3-PA,1704,0,0,0,119,119,C
3-PA,1705,0,0,118,0,118,G
3-PA,1706,0,0,120,0,120,G
3-PA,1707,117,0,0,0,117,A
3-PA,1708,118,0,0,0,118,A
3-PA,1709,0,0,0,117,117,C
3-PA,1710,117,0,0,0,117,A
3-PA,1711,0,119,0,0,119,T
3-PA,1712,0,0,0,118,118,C
3-PA,1713,119,0,0,0,119,A
3-PA,1714,118,0,0,0,118,A
3-PA,1715,117,0,0,0,117,A
3-PA,1716,0,0,121,0,121,G
3-PA,1717,0,0,121,0,121,G
3-PA,1718,0,119,0,0,119,T
3-PA,1719,118,0,1,0,119,A
3-PA,1720,120,0,0,0,120,A
3-PA,1721,120,0,0,0,120,A
3-PA,1722,120,0,0,0,120,A
3-PA,1723,120,0,0,0,120,A
3-PA,1724,0,119,0,0,119,T
3-PA,1725,0,0,124,0,124,G
3-PA,1726,123,0,0,0,123,A
3-PA,1727,123,0,0,0,123,A
3-PA,1728,123,0,0,0,123,A
3-PA,1729,0,123,0,0,123,T
3-PA,1730,0,0,124,0,124,G
3-PA,1731,0,1,124,0,125,G
3-PA,1732,0,0,125,0,125,G
3-PA,1733,0,0,125,0,125,G
3-PA,1734,124,0,0,0,124,A
3-PA,1735,125,0,0,0,125,A
3-PA,1736,0,125,0,0,125,T
3-PA,1737,0,0,125,0,125,G
3-PA,1738,0,0,126,0,126,G
3-PA,1739,127,0,0,0,127,A
3-PA,1740,0,0,129,0,129,G
3-PA,1741,127,0,0,0,127,A
3-PA,1742,0,123,0,0,123,T
3-PA,1743,0,0,126,0,126,G
3-PA,1744,125,0,0,0,125,A
3-PA,1745,0,0,125,0,125,G
3-PA,1746,123,0,1,0,124,A
3-PA,1747,0,0,0,124,124,C
3-PA,1748,0,0,124,0,124,G
3-PA,1749,0,123,0,0,123,T
3-PA,1750,0,123,0,0,123,T
3-PA,1751,0,0,123,0,123,G
3-PA,1752,0,0,0,123,123,C
3-PA,1753,0,0,0,123,123,C
3-PA,1754,1,120,0,1,122,T
3-PA,1755,1,0,0,125,126,C
3-PA,1756,1,0,0,126,127,C
3-PA,1757,0,126,0,0,126,T
3-PA,1758,0,128,0,0,128,T
3-PA,1759,0,0,0,127,127,C
3-PA,1760,128,0,0,0,128,A
3-PA,1761,0,0,127,0,127,G
3-PA,1762,0,127,1,0,128,T
3-PA,1763,0,1,0,125,126,C
3-PA,1764,123,0,0,0,123,A
3-PA,1765,0,0,0,129,129,C
3-PA,1766,0,130,0,1,131,T
3-PA,1767,0,0,0,131,131,C
3-PA,1768,2,0,0,128,130,C
3-PA,1769,130,1,0,0,131,A
3-PA,1770,0,0,132,0,132,G
3-PA,1771,1,0,0,131,132,C
3-PA,1772,131,0,0,0,131,A
3-PA,1773,0,1,131,0,132,G
3-PA,1774,127,0,0,0,127,A
3-PA,1775,0,128,0,1,129,T
3-PA,1776,0,0,0,130,130,C
3-PA,1777,0,0,129,0,129,G
3-PA,1778,129,0,0,0,129,A
3-PA,1779,0,0,130,0,130,G
3-PA,1780,129,0,0,0,129,A
3-PA,1781,0,0,131,0,131,G
3-PA,1782,0,0,0,132,132,C
3-PA,1783,131,1,0,0,132,A
3-PA,1784,0,132,0,0,132,T
3-PA,1785,0,0,135,0,135,G
3-PA,1786,137,0,0,0,137,A
3-PA,1787,0,137,0,0,137,T
3-PA,1788,0,136,0,0,136,T
3-PA,1789,0,0,135,0,135,G
3-PA,1790,134,0,0,0,134,A
3-PA,1791,135,0,0,0,135,A
3-PA,1792,0,0,134,0,134,G
3-PA,1793,0,0,0,135,135,C
3-PA,1794,0,0,0,134,134,C
3-PA,1795,0,0,133,0,133,G
3-PA,1796,134,0,0,0,134,A
3-PA,1797,1,0,136,0,137,G
3-PA,1798,0,136,0,0,136,T
3-PA,1799,0,0,0,136,136,C
3-PA,1800,0,0,0,136,136,C
3-PA,1801,0,135,0,0,135,T
3-PA,1802,0,0,0,138,138,C
3-PA,1803,0,0,140,0,140,G
3-PA,1804,0,0,149,0,149,G
3-PA,1805,0,149,0,0,149,T
3-PA,1806,0,148,0,0,148,T
3-PA,1807,147,0,0,0,147,A
3-PA,1808,147,0,1,0,148,A
3-PA,1809,148,0,0,0,148,A
3-PA,1810,0,0,151,0,151,G
3-PA,1811,149,0,1,0,150,A
3-PA,1812,6,0,144,0,150,G
3-PA,1813,145,0,0,0,145,A
3-PA,1814,146,0,0,0,146,A
3-PA,1815,146,0,1,0,147,A
3-PA,1816,0,1,147,0,148,G
3-PA,1817,147,0,0,0,147,A
3-PA,1818,0,0,0,147,147,C
3-PA,1819,146,0,0,0,146,A
3-PA,1820,0,145,0,0,145,T
3-PA,1821,0,0,148,0,148,G
3-PA,1822,149,0,0,0,149,A
3-PA,1823,0,0,0,147,147,C
3-PA,1824,0,1,0,147,148,C
3-PA,1825,145,1,0,0,146,A
3-PA,1826,145,0,0,0,145,A
3-PA,1827,146,0,0,0,146,A
3-PA,1828,0,1,145,0,146,G
3-PA,1829,146,0,0,0,146,A
3-PA,1830,0,0,146,0,146,G
3-PA,1831,0,142,0,0,142,T
3-PA,1832,0,144,0,0,144,T
3-PA,1833,0,142,0,0,142,T
3-PA,1834,0,144,0,0,144,T
3-PA,1835,0,144,0,0,144,T
3-PA,1836,0,144,0,0,144,T
3-PA,1837,0,0,144,0,144,G
3-PA,1838,141,0,0,0,141,A
3-PA,1839,0,1,141,0,142,G
3-PA,1840,142,0,0,0,142,A
3-PA,1841,141,0,0,0,141,A
3-PA,1842,0,143,0,0,143,T
3-PA,1843,142,1,0,0,143,A
3-PA,1844,145,0,0,0,145,A
3-PA,1845,145,0,0,0,145,A
3-PA,1846,1,144,0,0,145,T
3-PA,1847,2,0,0,143,145,C
3-PA,1848,140,0,0,0,140,A
3-PA,1849,0,1,140,0,141,G
3-PA,1850,139,0,0,0,139,A
3-PA,1851,143,0,0,0,143,A
3-PA,1852,0,0,142,0,142,G
3-PA,1853,0,0,0,139,139,C
3-PA,1854,139,0,0,0,139,A
3-PA,1855,0,138,0,0,138,T
3-PA,1856,0,0,138,0,138,G
3-PA,1857,0,0,140,0,140,G
3-PA,1858,0,0,0,140,140,C
3-PA,1859,0,0,0,144,144,C
3-PA,1860,0,0,0,142,142,C
3-PA,1861,142,0,0,0,142,A
3-PA,1862,0,143,0,0,143,T
3-PA,1863,0,141,1,0,142,T
3-PA,1864,0,1,142,0,143,G
3-PA,1865,0,1,140,0,141,G
3-PA,1866,0,1,137,0,138,G
3-PA,1867,0,1,138,0,139,G
3-PA,1868,131,0,0,0,131,A
3-PA,1869,0,0,134,0,134,G
3-PA,1870,0,131,0,0,131,T
3-PA,1871,2,0,0,131,133,C
3-PA,1872,0,0,0,134,134,C
3-PA,1873,1,0,0,133,134,C
3-PA,1874,0,0,0,134,134,C
3-PA,1875,0,0,0,133,133,C
3-PA,1876,132,0,0,0,132,A
3-PA,1877,132,0,0,0,132,A
3-PA,1878,0,1,132,0,133,G
3-PA,1879,0,1,129,0,130,G
3-PA,1880,0,0,134,0,134,G
3-PA,1881,126,0,0,0,126,A
3-PA,1882,0,0,125,0,125,G
3-PA,1883,0,125,0,0,125,T
3-PA,1884,1,0,126,0,127,G
3-PA,1885,0,2,125,0,127,G
3-PA,1886,126,0,0,0,126,A
3-PA,1887,123,0,0,0,123,A
3-PA,1888,0,0,125,0,125,G
3-PA,1889,125,0,0,0,125,A
3-PA,1890,124,0,0,0,124,A
3-PA,1891,0,0,121,0,121,G
3-PA,1892,2,0,121,0,123,G
3-PA,1893,0,114,1,0,115,T
3-PA,1894,0,115,1,0,116,T
3-PA,1895,1,0,0,117,118,C
3-PA,1896,1,1,0,115,117,C
3-PA,1897,117,0,0,0,117,A
3-PA,1898,0,114,1,0,115,T
3-PA,1899,0,114,1,0,115,T
3-PA,1900,0,0,116,0,116,G
3-PA,1901,0,0,115,0,115,G
3-PA,1902,0,1,114,0,115,G
3-PA,1903,115,0,0,0,115,A
3-PA,1904,113,0,0,0,113,A
3-PA,1905,113,0,1,0,114,A
3-PA,1906,0,0,115,0,115,G
3-PA,1907,0,114,0,0,114,T
3-PA,1908,2,0,0,113,115,C
3-PA,1909,0,116,0,0,116,T
3-PA,1910,0,0,115,0,115,G
3-PA,1911,0,115,0,0,115,T
3-PA,1912,115,0,0,0,115,A
3-PA,1913,0,0,116,0,116,G
3-PA,1914,0,0,117,0,117,G
3-PA,1915,116,0,0,0,116,A
3-PA,1916,0,0,0,117,117,C
3-PA,1917,0,114,0,0,114,T
3-PA,1918,0,0,0,118,118,C
3-PA,1919,0,117,0,0,117,T
3-PA,1920,118,0,0,0,118,A
3-PA,1921,0,118,0,0,118,T
3-PA,1922,0,116,0,0,116,T
3-PA,1923,0,0,117,0,117,G
3-PA,1924,0,0,116,0,116,G
3-PA,1925,0,0,0,116,116,C
3-PA,1926,0,116,0,0,116,T
3-PA,1927,104,0,1,0,105,A
3-PA,1928,105,0,0,0,105,A
3-PA,1929,0,0,103,0,103,G
3-PA,1930,0,102,0,0,102,T
3-PA,1931,2,0,0,101,103,C
3-PA,1932,99,0,0,0,99,A
3-PA,1933,0,0,102,0,102,G
3-PA,1934,0,102,0,0,102,T
3-PA,1935,104,0,0,0,104,A
3-PA,1936,0,104,0,0,104,T
3-PA,1937,0,106,0,0,106,T
3-PA,1938,1,0,0,105,106,C
3-PA,1939,105,0,0,0,105,A
3-PA,1940,105,0,0,0,105,A
3-PA,1941,0,106,0,0,106,T
3-PA,1942,102,0,0,0,102,A
3-PA,1943,0,0,102,0,102,G
3-PA,1944,0,0,0,102,102,C
3-PA,1945,0,0,0,102,102,C
3-PA,1946,0,97,0,0,97,T
3-PA,1947,1,0,102,0,103,G
3-PA,1948,0,103,0,0,103,T
3-PA,1949,104,0,0,0,104,A
3-PA,1950,0,104,0,0,104,T
3-PA,1951,0,0,103,0,103,G
3-PA,1952,0,1,0,104,105,C
3-PA,1953,103,0,0,0,103,A
3-PA,1954,0,103,0,0,103,T
3-PA,1955,0,0,0,103,103,C
3-PA,1956,99,0,0,0,99,A
3-PA,1957,0,0,0,102,102,C
3-PA,1958,0,0,0,100,100,C
3-PA,1959,101,0,0,0,101,A
3-PA,1960,0,0,0,101,101,C
3-PA,1961,100,0,0,0,100,A
3-PA,1962,100,0,0,0,100,A
3-PA,1963,0,101,0,0,101,T
3-PA,1964,0,100,0,0,100,T
3-PA,1965,0,0,100,0,100,G
3-PA,1966,0,0,100,0,100,G
3-PA,1967,97,0,0,0,97,A
3-PA,1968,98,0,1,0,99,A
3-PA,1969,0,0,99,0,99,G
3-PA,1970,0,0,100,0,100,G
3-PA,1971,100,0,0,0,100,A
3-PA,1972,0,100,0,0,100,T
3-PA,1973,0,100,0,0,100,T
3-PA,1974,0,99,0,0,99,T
3-PA,1975,0,97,0,0,97,T
3-PA,1976,1,0,0,98,99,C
3-PA,1977,99,0,0,0,99,A
3-PA,1978,0,0,99,0,99,G
3-PA,1979,0,0,0,98,98,C
3-PA,1980,0,0,98,0,98,G
3-PA,1981,0,1,97,0,98,G
3-PA,1982,95,0,1,0,96,A
3-PA,1983,95,0,0,0,95,A
3-PA,1984,0,95,0,0,95,T
3-PA,1985,0,0,0,94,94,C
3-PA,1986,0,0,95,0,95,G
3-PA,1987,98,0,0,0,98,A
3-PA,1988,0,0,97,0,97,G
3-PA,1989,97,0,0,0,97,A
3-PA,1990,98,0,0,0,98,A
3-PA,1991,97,0,0,0,97,A
3-PA,1992,98,0,0,0,98,A
3-PA,1993,1,0,0,97,98,C
3-PA,1994,0,93,0,0,93,T
3-PA,1995,0,0,93,0,93,G
3-PA,1996,0,0,0,94,94,C
3-PA,1997,0,92,0,0,92,T
3-PA,1998,0,0,0,92,92,C
3-PA,1999,0,0,0,92,92,C
3-PA,2000,0,94,0,0,94,T
3-PA,2001,0,93,0,1,94,T
3-PA,2002,0,0,94,0,94,G
3-PA,2003,0,94,0,0,94,T
3-PA,2004,0,94,0,0,94,T
3-PA,2005,0,0,95,0,95,G
3-PA,2006,0,95,0,0,95,T
3-PA,2007,0,93,0,0,93,T
3-PA,2008,0,0,0,95,95,C
3-PA,2009,93,0,0,0,93,A
3-PA,2010,0,0,93,0,93,G
3-PA,2011,0,0,93,0,93,G
3-PA,2012,0,0,0,95,95,C
3-PA,2013,0,94,0,0,94,T
3-PA,2014,0,0,0,99,99,C
3-PA,2015,0,97,0,0,97,T
3-PA,2016,0,97,0,0,97,T
3-PA,2017,97,0,0,0,97,A
3-PA,2018,0,0,97,0,97,G
3-PA,2019,0,1,93,0,94,G
3-PA,2020,0,1,94,0,95,G
3-PA,2021,94,0,0,0,94,A
3-PA,2022,0,0,0,94,94,C
3-PA,2023,90,0,0,0,90,A
3-PA,2024,90,0,0,0,90,A
3-PA,2025,0,0,0,89,89,C
3-PA,2026,0,0,0,90,90,C
3-PA,2027,0,90,0,0,90,T
3-PA,2028,0,0,0,89,89,C
3-PA,2029,0,1,89,0,90,G
3-PA,2030,90,0,0,0,90,A
3-PA,2031,90,0,0,0,90,A
3-PA,2032,0,0,0,91,91,C
3-PA,2033,0,0,0,88,88,C
3-PA,2034,0,86,0,0,86,T
3-PA,2035,0,0,85,0,85,G
3-PA,2036,0,0,83,0,83,G
3-PA,2037,83,0,0,0,83,A
3-PA,2038,83,0,0,0,83,A
3-PA,2039,0,0,0,83,83,C
3-PA,2040,0,0,0,83,83,C
3-PA,2041,0,82,0,0,82,T
3-PA,2042,0,82,0,0,82,T
3-PA,2043,0,82,0,0,82,T
3-PA,2044,0,0,82,0,82,G
3-PA,2045,82,0,0,0,82,A
3-PA,2046,0,82,0,0,82,T
3-PA,2047,0,0,0,82,82,C
3-PA,2048,0,76,0,0,76,T
3-PA,2049,1,73,0,0,74,T
3-PA,2050,0,1,73,0,74,G
3-PA,2051,1,1,72,0,74,G
3-PA,2052,0,0,74,0,74,G
3-PA,2053,1,1,73,0,75,G
3-PA,2054,0,0,74,0,74,G
3-PA,2055,0,0,74,0,74,G
3-PA,2056,0,0,0,74,74,C
3-PA,2057,0,72,0,0,72,T
3-PA,2058,76,0,0,0,76,A
3-PA,2059,0,76,0,0,76,T
3-PA,2060,76,0,0,0,76,A
3-PA,2061,0,76,0,0,76,T
3-PA,2062,0,0,74,0,74,G
3-PA,2063,74,0,0,0,74,A
3-PA,2064,71,0,0,0,71,A
3-PA,2065,0,0,71,0,71,G
3-PA,2066,0,0,0,70,70,C
3-PA,2067,67,0,0,0,67,A
3-PA,2068,71,0,0,0,71,A
3-PA,2069,0,71,0,0,71,T
3-PA,2070,0,71,0,0,71,T
3-PA,2071,0,0,70,0,70,G
3-PA,2072,70,0,1,0,71,A
3-PA,2073,0,0,71,0,71,G
3-PA,2074,0,0,71,0,71,G
3-PA,2075,68,0,0,0,68,A
3-PA,2076,0,0,71,0,71,G
3-PA,2077,0,68,0,0,68,T
3-PA,2078,0,0,68,0,68,G
3-PA,2079,0,0,0,68,68,C
3-PA,2080,0,0,0,68,68,C
3-PA,2081,0,67,0,0,67,T
3-PA,2082,0,0,67,0,67,G
3-PA,2083,67,0,0,0,67,A
3-PA,2084,0,67,0,0,67,T
3-PA,2085,0,65,0,0,65,T
3-PA,2086,66,0,0,0,66,A
3-PA,2087,66,0,0,0,66,A
3-PA,2088,0,66,0,0,66,T
3-PA,2089,1,0,65,0,66,G
3-PA,2090,64,0,0,0,64,A
3-PA,2091,0,60,0,0,60,T
3-PA,2092,0,0,0,58,58,C
3-PA,2093,0,0,0,58,58,C
3-PA,2094,0,0,0,58,58,C
3-PA,2095,0,58,0,0,58,T
3-PA,2096,0,0,58,0,58,G
3-PA,2097,0,0,57,0,57,G
3-PA,2098,0,0,58,0,58,G
3-PA,2099,0,57,0,0,57,T
3-PA,2100,0,53,0,0,53,T
3-PA,2101,0,51,0,0,51,T
3-PA,2102,0,52,0,0,52,T
3-PA,2103,0,0,52,0,52,G
3-PA,2104,0,0,0,52,52,C
3-PA,2105,0,52,0,0,52,T
3-PA,2106,0,0,0,52,52,C
3-PA,2107,50,0,0,0,50,A
3-PA,2108,50,0,0,0,50,A
3-PA,2109,0,49,0,0,49,T
3-PA,2110,0,0,50,0,50,G
3-PA,2111,0,0,0,47,47,C
3-PA,2112,0,0,47,0,47,G
3-PA,2113,0,47,0,0,47,T
3-PA,2114,1,0,0,46,47,C
3-PA,2115,0,47,0,0,47,T
3-PA,2116,0,47,0,0,47,T
3-PA,2117,0,0,48,0,48,G
3-PA,2118,0,0,48,0,48,G
3-PA,2119,0,48,0,0,48,T
3-PA,2120,1,47,0,0,48,T
3-PA,2121,0,46,0,0,46,T
3-PA,2122,46,0,0,0,46,A
3-PA,2123,46,0,0,0,46,A
3-PA,2124,0,0,0,46,46,C
3-PA,2125,0,46,0,0,46,T
3-PA,2126,0,0,0,47,47,C
3-PA,2127,0,0,0,45,45,C
3-PA,2128,0,45,0,0,45,T
3-PA,2129,0,45,0,0,45,T
3-PA,2130,0,0,0,45,45,C
3-PA,2131,0,0,0,44,44,C
3-PA,2132,0,43,0,0,43,T
3-PA,2133,0,0,43,0,43,G
3-PA,2134,43,0,0,0,43,A
3-PA,2135,0,0,0,43,43,C
3-PA,2136,42,0,0,0,42,A
3-PA,2137,0,0,0,40,40,C
3-PA,2138,37,0,0,0,37,A
3-PA,2139,0,36,0,0,36,T
3-PA,2140,0,0,36,0,36,G
3-PA,2141,0,0,0,36,36,C
3-PA,2142,36,0,0,0,36,A
3-PA,2143,0,36,0,0,36,T
3-PA,2144,0,35,0,0,35,T
3-PA,2145,34,0,0,0,34,A
3-PA,2146,34,0,0,0,34,A
3-PA,2147,34,0,0,0,34,A
3-PA,2148,34,0,0,0,34,A
3-PA,2149,0,34,0,0,34,T
3-PA,2150,30,0,0,0,30,A
3-PA,2151,0,0,30,0,30,G
4-HA,1,345,0,0,0,345,A
4-HA,2,0,351,0,0,351,T
4-HA,3,0,0,362,0,362,G
4-HA,4,364,0,0,0,364,A
4-HA,5,367,0,1,0,368,A
4-HA,6,0,6,399,0,405,G
4-HA,7,403,0,0,0,403,A
4-HA,8,0,0,0,439,439,C
4-HA,9,0,444,0,0,444,T
4-HA,10,458,2,2,0,462,A
4-HA,11,0,481,0,0,481,T
4-HA,12,0,0,0,480,480,C
4-HA,13,482,0,0,0,482,A
4-HA,14,0,483,0,0,483,T
4-HA,15,0,483,0,0,483,T
4-HA,16,0,0,533,0,533,G
4-HA,17,0,0,0,535,535,C
4-HA,18,0,533,0,0,533,T
4-HA,19,0,537,0,0,537,T
4-HA,20,0,539,0,0,539,T
4-HA,21,0,2,563,0,565,G
4-HA,22,570,0,0,0,570,A
4-HA,23,1,0,595,0,596,G
4-HA,24,2,0,0,600,602,C
4-HA,25,0,600,0,0,600,T
4-HA,26,651,0,1,0,652,A
4-HA,27,0,0,0,659,659,C
4-HA,28,673,0,0,0,673,A
4-HA,29,0,707,0,1,708,T
4-HA,30,0,706,0,0,706,T
4-HA,31,2,0,0,717,719,C
4-HA,32,0,719,0,1,720,T
4-HA,33,732,0,1,0,733,A
4-HA,34,0,737,0,0,737,T
4-HA,35,0,0,742,0,742,G
4-HA,36,0,743,0,0,743,T
4-HA,37,2,1,0,738,741,C
4-HA,38,0,735,0,0,735,T
4-HA,39,0,3,739,0,742,G
4-HA,40,2,0,740,0,742,G
4-HA,41,0,742,0,0,742,T
4-HA,42,0,741,0,0,741,T
4-HA,43,0,738,0,0,738,T
4-HA,44,0,740,0,0,740,T
4-HA,45,4,0,0,738,742,C
4-HA,46,1,0,741,0,742,G
4-HA,47,0,0,0,752,752,C
4-HA,48,0,749,0,1,750,T
4-HA,49,3,0,0,755,758,C
4-HA,50,758,1,0,0,759,A
4-HA,51,762,0,0,0,762,A
4-HA,52,761,0,0,0,761,A
4-HA,53,759,0,1,0,760,A
4-HA,54,763,0,0,0,763,A
4-HA,55,0,0,0,764,764,C
4-HA,56,0,764,0,0,764,T
4-HA,57,0,765,0,0,765,T
4-HA,58,2,0,0,762,764,C
4-HA,59,4,0,0,760,764,C
4-HA,60,1,762,0,0,763,T
4-HA,61,1,2,767,0,770,G
4-HA,62,0,2,769,0,771,G
4-HA,63,772,0,0,0,772,A
4-HA,64,784,0,0,0,784,A
4-HA,65,786,0,1,0,787,A
4-HA,66,0,795,0,0,795,T
4-HA,67,0,7,791,0,798,G
4-HA,68,794,0,1,0,795,A
4-HA,69,0,1,1,803,805,C
4-HA,70,803,0,0,0,803,A
4-HA,71,803,0,0,0,803,A
4-HA,72,0,0,0,813,813,C
4-HA,73,808,0,1,0,809,A
4-HA,74,0,0,813,0,813,G
4-HA,75,2,0,0,812,814,C
4-HA,76,815,0,0,0,815,A
4-HA,77,0,1,0,835,836,C
4-HA,78,1,6,826,0,833,G
4-HA,79,0,0,842,0,842,G
4-HA,80,1,0,0,844,845,C
4-HA,81,836,0,0,0,836,A
4-HA,82,848,0,0,0,848,A
4-HA,83,0,0,0,858,858,C
4-HA,84,1,1,864,0,866,G
4-HA,85,1,0,0,868,869,C
4-HA,86,0,862,0,0,862,T
4-HA,87,0,0,877,0,877,G
4-HA,88,0,869,0,3,872,T
4-HA,89,0,0,919,0,919,G
4-HA,90,0,0,0,925,925,C
4-HA,91,2,0,0,940,942,C
4-HA,92,0,935,0,0,935,T
4-HA,93,0,935,0,0,935,T
4-HA,94,1,3,935,0,939,G
4-HA,95,1,3,932,0,936,G
4-HA,96,0,0,960,0,960,G
4-HA,97,1,0,0,958,959,C
4-HA,98,949,0,1,0,950,A
4-HA,99,1,0,0,966,967,C
4-HA,100,2,0,0,952,954,C
4-HA,101,1050,0,1,0,1051,A
4-HA,102,0,1051,0,0,1051,T
4-HA,103,1,0,1052,0,1053,G
4-HA,104,0,2,0,1051,1053,C
4-HA,105,1038,3,1,0,1042,A
4-HA,106,0,0,1098,1,1099,G
4-HA,107,0,1098,0,0,1098,T
4-HA,108,1096,0,2,0,1098,A
4-HA,109,0,2,0,1097,1099,C
4-HA,110,5,1,0,1063,1069,C
4-HA,111,1079,0,1,0,1080,A
4-HA,112,1072,0,5,0,1077,A
4-HA,113,1078,0,0,0,1078,A
4-HA,114,0,2,0,1087,1089,C
4-HA,115,0,5,1055,0,1060,G
4-HA,116,0,4,1100,0,1104,G
4-HA,117,1102,0,1,0,1103,A
4-HA,118,1100,0,1,0,1101,A
4-HA,119,0,0,0,1103,1103,C
4-HA,120,1088,0,0,0,1088,A
4-HA,121,1113,0,0,0,1113,A
4-HA,122,0,1112,0,1,1113,T
4-HA,123,1123,1,1,0,1125,A
4-HA,124,0,0,1125,0,1125,G
4-HA,125,0,1096,0,1,1097,T
4-HA,126,0,6,1093,0,1099,G
4-HA,127,1097,0,0,0,1097,A
4-HA,128,1100,0,1,0,1101,A
4-HA,129,1101,0,1,0,1102,A
4-HA,130,1098,0,0,1,1099,A
4-HA,131,0,0,0,1112,1112,C
4-HA,132,1111,0,0,0,1111,A
4-HA,133,1112,0,0,0,1112,A
4-HA,134,0,1114,0,0,1114,T
4-HA,135,3,0,0,1107,1110,C
4-HA,136,1111,1,1,0,1113,A
4-HA,137,0,2,0,1111,1113,C
4-HA,138,1,6,1108,0,1115,G
4-HA,139,1116,0,1,0,1117,A
4-HA,140,1109,0,0,0,1109,A
4-HA,141,0,1108,0,1,1109,T
4-HA,142,0,6,1104,0,1110,G
4-HA,143,1116,0,2,0,1118,A
4-HA,144,0,2,0,1114,1116,C
4-HA,145,7,1,0,1107,1115,C
4-HA,146,1130,0,0,0,1130,A
4-HA,147,1129,0,0,0,1129,A
4-HA,148,1132,0,0,0,1132,A
4-HA,149,0,1138,0,0,1138,T
4-HA,150,0,1133,0,1,1134,T
4-HA,151,0,2,1142,0,1144,G
4-HA,152,1147,0,0,0,1147,A
4-HA,153,1146,0,1,0,1147,A
4-HA,154,0,1,1152,0,1153,G
4-HA,155,0,1144,0,0,1144,T
4-HA,156,0,1186,0,0,1186,T
4-HA,157,1192,1,1,0,1194,A
4-HA,158,0,0,0,1196,1196,C
4-HA,159,0,1200,0,0,1200,T
4-HA,160,1197,0,1,0,1198,A
4-HA,161,1214,0,0,0,1214,A
4-HA,162,0,1215,0,0,1215,T
4-HA,163,1,1,1218,0,1220,G
4-HA,164,0,0,0,1270,1270,C
4-HA,165,0,1260,0,1,1261,T
4-HA,166,1270,0,0,0,1270,A
4-HA,167,2,2,0,1265,1269,C
4-HA,168,0,1259,0,0,1259,T
4-HA,169,1,4,1264,0,1269,G
4-HA,170,1258,0,2,0,1260,A
4-HA,171,0,0,1264,0,1264,G
4-HA,172,0,0,0,1264,1264,C
4-HA,173,0,1240,0,1,1241,T
4-HA,174,0,5,1265,0,1270,G
4-HA,175,0,1,1289,0,1290,G
4-HA,176,0,1296,0,1,1297,T
4-HA,177,0,1293,0,3,1296,T
4-HA,178,6,0,0,1287,1293,C
4-HA,179,1287,0,1,0,1288,A
4-HA,180,0,1,1294,0,1295,G
4-HA,181,1292,0,1,0,1293,A
4-HA,182,0,0,1327,0,1327,G
4-HA,183,0,1318,0,2,1320,T
4-HA,184,0,1305,0,1,1306,T
4-HA,185,6,1,0,1305,1312,C
4-HA,186,2,0,0,1316,1318,C
4-HA,187,0,1317,0,0,1317,T
4-HA,188,1,0,0,1325,1326,C
4-HA,189,1318,0,0,0,1318,A
4-HA,190,1319,0,1,0,1320,A
4-HA,191,0,1,0,1328,1329,C
4-HA,192,1293,0,1,0,1294,A
4-HA,193,1,1,1313,0,1315,G
4-HA,194,0,0,1312,0,1312,G
4-HA,195,0,1309,1,1,1311,T
4-HA,196,1,2,1311,0,1314,G
4-HA,197,1314,0,0,0,1314,A
4-HA,198,1312,0,1,0,1313,A
4-HA,199,1350,0,0,0,1350,A
4-HA,200,0,1341,1,0,1342,T
4-HA,201,1356,0,0,0,1356,A
4-HA,202,0,1341,0,2,1343,T
4-HA,203,0,0,1337,0,1337,G
4-HA,204,1,0,0,1342,1343,C
4-HA,205,0,6,1333,0,1339,G
4-HA,206,1340,1,0,0,1341,A
4-HA,207,0,0,1,1340,1341,C
4-HA,208,1315,0,1,0,1316,A
4-HA,209,1,1,1404,0,1406,G
4-HA,210,0,1397,0,2,1399,T
4-HA,211,6,0,1,1410,1417,C
4-HA,212,3,0,0,1408,1411,C
4-HA,213,1,1402,0,4,1407,T
4-HA,214,6,0,0,1420,1426,C
4-HA,215,1426,1,0,0,1427,A
4-HA,216,0,1429,0,0,1429,T
4-HA,217,5,0,0,1424,1429,C
4-HA,218,1352,0,0,0,1352,A
4-HA,219,0,2,1366,0,1368,G
4-HA,220,1358,0,0,0,1358,A
4-HA,221,0,1360,0,0,1360,T
4-HA,222,2,0,0,1366,1368,C
4-HA,223,2,1,0,1350,1353,C
4-HA,224,0,1357,0,1,1358,T
4-HA,225,1,1355,0,0,1356,T
4-HA,226,0,3,1355,0,1358,G
4-HA,227,1361,0,3,0,1364,A
4-HA,228,0,1355,0,2,1357,T
4-HA,229,2,0,1372,0,1374,G
4-HA,230,0,3,1369,0,1372,G
4-HA,231,1357,0,1,0,1358,A
4-HA,232,0,6,1344,0,1350,G
4-HA,233,1343,0,1,0,1344,A
4-HA,234,0,5,1321,0,1326,G
4-HA,235,1344,1,1,0,1346,A
4-HA,236,1353,0,0,0,1353,A
4-HA,237,0,1,0,1365,1366,C
4-HA,238,0,1342,0,0,1342,T
4-HA,239,1,0,1364,0,1365,G
4-HA,240,1,0,0,1356,1357,C
4-HA,241,1360,0,1,0,1361,A
4-HA,242,0,1,0,1398,1399,C
4-HA,243,1380,0,1,0,1381,A
4-HA,244,1,0,0,1541,1542,C
4-HA,245,0,1535,0,0,1535,T
4-HA,246,1545,0,0,0,1545,A
4-HA,247,1540,0,0,0,1540,A
4-HA,248,1,1542,0,0,1543,T
4-HA,249,1536,0,1,0,1537,A
4-HA,250,0,5,1528,0,1533,G
4-HA,251,1496,0,0,0,1496,A
4-HA,252,0,1485,0,1,1486,T
4-HA,253,1,3,1412,0,1416,G
4-HA,254,0,0,0,1433,1433,C
4-HA,255,0,1426,0,0,1426,T
4-HA,256,6,0,0,1529,1535,C
4-HA,257,0,1533,0,0,1533,T
4-HA,258,1565,0,0,0,1565,A
4-HA,259,0,1568,0,0,1568,T
4-HA,260,1,1559,0,2,1562,T
4-HA,261,0,8,1561,0,1569,G
4-HA,262,0,2,1555,0,1557,G
4-HA,263,0,6,1546,1,1553,G
4-HA,264,1523,1,2,0,1526,A
4-HA,265,0,7,1498,0,1505,G
4-HA,266,1464,0,4,0,1468,A
4-HA,267,1,0,1,1604,1606,C
4-HA,268,9,0,0,1613,1622,C
4-HA,269,6,0,0,1641,1647,C
4-HA,270,2,1642,0,1,1645,T
4-HA,271,6,1,0,1651,1658,C
4-HA,272,1663,0,0,0,1663,A
4-HA,273,1442,0,186,0,1628,A
4-HA,274,0,1669,0,0,1669,T
4-HA,275,0,3,1685,0,1688,G
4-HA,276,0,1686,0,1,1687,T
4-HA,277,0,6,1668,0,1674,G
4-HA,278,1671,3,1,0,1675,A
4-HA,279,1,1669,0,1,1671,T
4-HA,280,0,7,1643,0,1650,G
4-HA,281,0,0,1650,0,1650,G
4-HA,282,0,0,0,1637,1637,C
4-HA,283,0,1642,0,2,1644,T
4-HA,284,0,1638,0,1,1639,T
4-HA,285,1,0,1,1639,1641,C
4-HA,286,1,0,0,1637,1638,C
4-HA,287,1643,0,1,0,1644,A
4-HA,288,1648,0,1,0,1649,A
4-HA,289,1647,0,0,1,1648,A
4-HA,290,1650,1,0,0,1651,A
4-HA,291,0,1666,0,0,1666,T
4-HA,292,1658,0,0,0,1658,A
4-HA,293,1661,0,1,0,1662,A
4-HA,294,0,7,1670,0,1677,G
4-HA,295,1685,0,1,0,1686,A
4-HA,296,1689,1,2,0,1692,A
4-HA,297,1694,1,0,0,1695,A
4-HA,298,1,1694,0,0,1695,T
4-HA,299,0,5,1688,0,1693,G
4-HA,300,1,4,1685,0,1690,G
4-HA,301,0,8,1686,1,1695,G
4-HA,302,1689,1,1,0,1691,A
4-HA,303,0,0,0,1702,1702,C
4-HA,304,3,0,0,1702,1705,C
4-HA,305,0,1728,0,6,1734,T
4-HA,306,0,1735,0,0,1735,T
4-HA,307,1,1724,1,0,1726,T
4-HA,308,0,1745,0,0,1745,T
4-HA,309,2,1739,0,1,1742,T
4-HA,310,0,1,1746,0,1747,G
4-HA,311,0,1745,0,1,1746,T
4-HA,312,0,1734,0,0,1734,T
4-HA,313,4,14,1719,2,1739,G
4-HA,314,1718,0,0,0,1718,A
4-HA,315,1717,0,1,0,1718,A
4-HA,316,0,0,0,1719,1719,C
4-HA,317,0,2,1701,1,1704,G
4-HA,318,1,0,0,1736,1737,C
4-HA,319,1737,0,1,0,1738,A
4-HA,320,0,1,1744,0,1745,G
4-HA,321,1,2,0,1744,1747,C
4-HA,322,1747,0,1,0,1748,A
4-HA,323,1748,0,1,1,1750,A
4-HA,324,1745,0,4,0,1749,A
4-HA,325,0,0,1822,0,1822,G
4-HA,326,0,0,0,1823,1823,C
4-HA,327,1,0,1,1806,1808,C
4-HA,328,0,1804,0,2,1806,T
4-HA,329,1805,0,0,0,1805,A
4-HA,330,0,1,0,1817,1818,C
4-HA,331,1810,0,1,0,1811,A
4-HA,332,0,0,1817,0,1817,G
4-HA,333,1,1,0,1814,1816,C
4-HA,334,1773,0,0,1,1774,A
4-HA,335,1790,0,1,0,1791,A
4-HA,336,0,1,0,1870,1871,C
4-HA,337,0,1863,0,1,1864,T
4-HA,338,0,0,1875,0,1875,G
4-HA,339,1,1848,0,0,1849,T
4-HA,340,0,1848,0,2,1850,T
4-HA,341,1856,0,0,0,1856,A
4-HA,342,1,0,0,1981,1982,C
4-HA,343,3,1,0,1987,1991,C
4-HA,344,12,0,0,2013,2025,C
4-HA,345,0,1952,0,2,1954,T
4-HA,346,0,1962,0,0,1962,T
4-HA,347,1959,0,1,0,1960,A
4-HA,348,0,1959,0,0,1959,T
4-HA,349,1,3,1958,0,1962,G
4-HA,350,1958,0,1,0,1959,A
4-HA,351,0,1820,0,0,1820,T
4-HA,352,0,1,1845,0,1846,G
4-HA,353,1,1804,0,2,1807,T
4-HA,354,1,1,1804,0,1806,G
4-HA,355,1,1,1,1805,1808,C
4-HA,356,5,1,0,1800,1806,C
4-HA,357,2,3,1844,0,1849,G
4-HA,358,1,3,1865,0,1869,G
4-HA,359,1864,0,0,0,1864,A
4-HA,360,0,1866,0,0,1866,T
4-HA,361,0,1844,0,0,1844,T
4-HA,362,1861,1,2,0,1864,A
4-HA,363,0,1859,0,0,1859,T
4-HA,364,0,0,1867,0,1867,G
4-HA,365,1,1,0,1861,1863,C
4-HA,366,1,0,0,1850,1851,C
4-HA,367,0,1867,0,1,1868,T
4-HA,368,6,1,0,1939,1946,C
4-HA,369,2,0,0,1965,1967,C
4-HA,370,8,0,0,1963,1971,C
4-HA,371,0,1959,0,4,1963,T
4-HA,372,0,1970,0,0,1970,T
4-HA,373,1965,1,0,0,1966,A
4-HA,374,0,5,2001,0,2006,G
4-HA,375,1,2,2003,0,2006,G
4-HA,376,0,1969,0,2,1971,T
4-HA,377,7,0,0,1928,1935,C
4-HA,378,1912,0,1,0,1913,A
4-HA,379,0,0,0,1968,1968,C
4-HA,380,0,1965,0,0,1965,T
4-HA,381,1962,2,1,0,1965,A
4-HA,382,2,1,1957,0,1960,G
4-HA,383,2,1936,0,0,1938,T
4-HA,384,0,1925,0,1,1926,T
4-HA,385,1,1,1945,0,1947,G
4-HA,386,1,1,0,1947,1949,C
4-HA,387,5,0,0,1943,1948,C
4-HA,388,0,1917,0,1,1918,T
4-HA,389,5,0,0,1922,1927,C
4-HA,390,1973,0,0,0,1973,A
4-HA,391,0,1979,0,0,1979,T
4-HA,392,3,0,0,1974,1977,C
4-HA,393,8,5,0,1965,1978,C
4-HA,394,5,5,1948,0,1958,G
4-HA,395,4,2,1961,1,1968,G
4-HA,396,0,1,0,1974,1975,C
4-HA,397,2000,0,1,0,2001,A
4-HA,398,1,0,0,2015,2016,C
4-HA,399,1971,0,1,0,1972,A
4-HA,400,0,1,0,1978,1979,C
4-HA,401,0,1978,0,2,1980,T
4-HA,402,0,3,1998,0,2001,G
4-HA,403,0,5,2013,1,2019,G
4-HA,404,2007,0,4,0,2011,A
4-HA,405,0,0,2034,0,2034,G
4-HA,406,0,2012,0,3,2015,T
4-HA,407,0,2006,0,0,2006,T
4-HA,408,0,2006,0,1,2007,T
4-HA,409,1993,0,0,0,1993,A
4-HA,410,1999,3,0,0,2002,A
4-HA,411,0,1,1,2019,2021,C
4-HA,412,1986,1,0,0,1987,A
4-HA,413,1986,0,3,0,1989,A
4-HA,414,0,1974,0,0,1974,T
4-HA,415,1,5,1967,0,1973,G
4-HA,416,1964,0,2,0,1966,A
4-HA,417,1955,9,0,0,1964,A
4-HA,418,1969,0,2,1,1972,A
4-HA,419,0,0,1982,0,1982,G
4-HA,420,0,0,0,1980,1980,C
4-HA,421,0,1970,0,2,1972,T
4-HA,422,0,1971,0,0,1971,T
4-HA,423,2,0,0,1990,1992,C
4-HA,424,1995,1,0,0,1996,A
4-HA,425,1998,1,2,0,2001,A
4-HA,426,0,2003,0,2,2005,T
4-HA,427,0,1993,0,0,1993,T
4-HA,428,1,10,2027,0,2038,G
4-HA,429,1,6,2054,0,2061,G
4-HA,430,2054,0,0,0,2054,A
4-HA,431,0,0,0,2056,2056,C
4-HA,432,1,2032,0,2,2035,T
4-HA,433,4,2,2033,0,2039,G
4-HA,434,1,0,2055,0,2056,G
4-HA,435,2049,0,3,0,2052,A
4-HA,436,0,0,2056,0,2056,G
4-HA,437,0,2019,0,3,2022,T
4-HA,438,9,0,0,1985,1994,C
4-HA,439,2021,0,1,0,2022,A
4-HA,440,0,0,0,2037,2037,C
4-HA,441,0,2029,0,0,2029,T
4-HA,442,10,1,0,2020,2031,C
4-HA,443,2018,0,1,1,2020,A
4-HA,444,2032,1,2,0,2035,A
4-HA,445,2021,1,1,0,2023,A
4-HA,446,2027,1,0,1,2029,A
4-HA,447,2,3,0,2031,2036,C
4-HA,448,0,6,2007,1,2014,G
4-HA,449,2,8,2046,0,2056,G
4-HA,450,2052,0,1,0,2053,A
4-HA,451,2053,0,1,0,2054,A
4-HA,452,0,0,0,2058,2058,C
4-HA,453,2042,0,0,1,2043,A
4-HA,454,2059,0,2,0,2061,A
4-HA,455,1,1,2075,0,2077,G
4-HA,456,0,1,0,2081,2082,C
4-HA,457,0,2070,0,2,2072,T
4-HA,458,2,1,0,2085,2088,C
4-HA,459,0,2076,0,1,2077,T
4-HA,460,2,2,2085,0,2089,G
4-HA,461,0,1,0,2094,2095,C
4-HA,462,0,2088,0,5,2093,T
4-HA,463,1,2133,0,1,2135,T
4-HA,464,0,1,2172,2,2175,G
4-HA,465,1,1,0,2198,2200,C
4-HA,466,2200,0,0,0,2200,A
4-HA,467,0,2179,0,0,2179,T
4-HA,468,2177,0,0,0,2177,A
4-HA,469,2174,0,0,0,2174,A
4-HA,470,1,7,2166,0,2174,G
4-HA,471,0,7,2173,0,2180,G
4-HA,472,2105,0,1,0,2106,A
4-HA,473,0,4,2078,0,2082,G
4-HA,474,2083,0,1,0,2084,A
4-HA,475,0,2165,0,0,2165,T
4-HA,476,8,1,0,2175,2184,C
4-HA,477,0,2193,0,0,2193,T
4-HA,478,2197,0,0,0,2197,A
4-HA,479,2194,0,0,0,2194,A
4-HA,480,0,2188,0,1,2189,T
4-HA,481,2181,0,0,0,2181,A
4-HA,482,2155,0,2,0,2157,A
4-HA,483,0,0,0,2170,2170,C
4-HA,484,2097,0,1,0,2098,A
4-HA,485,0,0,2107,0,2107,G
4-HA,486,1,2080,0,1,2082,T
4-HA,487,1,2109,0,1,2111,T
4-HA,488,0,2111,2,2,2115,T
4-HA,489,0,2,0,2164,2166,C
4-HA,490,0,2157,0,3,2160,T
4-HA,491,0,2153,3,2,2158,T
4-HA,492,0,2159,0,4,2163,T
4-HA,493,2138,1,0,0,2139,A
4-HA,494,0,0,2139,0,2139,G
4-HA,495,1,2131,0,0,2132,T
4-HA,496,2114,1,0,0,2115,A
4-HA,497,0,7,2112,0,2119,G
4-HA,498,2081,0,1,0,2082,A
4-HA,499,1,2088,0,0,2089,T
4-HA,500,0,2082,1,2,2085,T
4-HA,501,0,9,2115,0,2124,G
4-HA,502,2120,0,2,0,2122,A
4-HA,503,2125,0,1,0,2126,A
4-HA,504,0,2124,1,0,2125,T
4-HA,505,0,2104,0,0,2104,T
4-HA,506,0,7,2119,2,2128,G
4-HA,507,1,1,2135,0,2137,G
4-HA,508,0,2138,0,3,2141,T
4-HA,509,0,2134,0,1,2135,T
4-HA,510,0,16,2090,2,2108,G
4-HA,511,2107,1,2,0,2110,A
4-HA,512,2,0,0,2097,2099,C
4-HA,513,6,1,0,2086,2093,C
4-HA,514,5,1,0,2089,2095,C
4-HA,515,2088,0,1,1,2090,A
4-HA,516,0,0,0,2108,2108,C
4-HA,517,0,2101,0,0,2101,T
4-HA,518,2,2098,0,0,2100,T
4-HA,519,2102,0,0,0,2102,A
4-HA,520,2087,0,2,0,2089,A
4-HA,521,2095,0,0,0,2095,A
4-HA,522,2111,0,1,0,2112,A
4-HA,523,0,2148,0,1,2149,T
4-HA,524,1,2141,1,2,2145,T
4-HA,525,10,0,0,2139,2149,C
4-HA,526,2139,0,2,0,2141,A
4-HA,527,2144,0,1,0,2145,A
4-HA,528,2144,1,0,0,2145,A
4-HA,529,0,2148,0,0,2148,T
4-HA,530,2183,0,1,0,2184,A
4-HA,531,1,0,0,2182,2183,C
4-HA,532,3,0,0,2139,2142,C
4-HA,533,3,2,0,2144,2149,C
4-HA,534,2136,2,2,1,2141,A
4-HA,535,1,0,2246,0,2247,G
4-HA,536,1,1,0,2251,2253,C
4-HA,537,2249,0,1,0,2250,A
4-HA,538,1,2243,0,0,2244,T
4-HA,539,0,2203,0,1,2204,T
4-HA,540,2,15,2246,0,2263,G
4-HA,541,2265,0,5,0,2270,A
4-HA,542,2264,1,4,1,2270,A
4-HA,543,1,2,0,2269,2272,C
4-HA,544,0,0,2199,0,2199,G
4-HA,545,0,2207,0,1,2208,T
4-HA,546,1,15,2190,0,2206,G
4-HA,547,2202,1,6,0,2209,A
4-HA,548,0,1,0,2206,2207,C
4-HA,549,1,2143,0,1,2145,T
4-HA,550,2209,0,0,0,2209,A
4-HA,551,0,2211,0,2,2213,T
4-HA,552,0,2,2222,0,2224,G
4-HA,553,1,0,0,2213,2214,C
4-HA,554,11,2,0,2174,2187,C
4-HA,555,2178,0,1,0,2179,A
4-HA,556,2172,0,1,0,2173,A
4-HA,557,2209,2,1,0,2212,A
4-HA,558,0,0,0,2215,2215,C
4-HA,559,2161,0,1,0,2162,A
4-HA,560,2157,0,1,1,2159,A
4-HA,561,0,2130,0,1,2131,T
4-HA,562,1,11,2116,0,2128,G
4-HA,563,2126,1,3,0,2130,A
4-HA,564,2129,0,2,0,2131,A
4-HA,565,0,0,0,2094,2094,C
4-HA,566,2106,0,0,0,2106,A
4-HA,567,2121,0,1,0,2122,A
4-HA,568,0,2115,0,0,2115,T
4-HA,569,0,2111,0,1,2112,T
4-HA,570,0,2115,0,1,2116,T
4-HA,571,0,14,2104,0,2118,G
4-HA,572,2112,1,4,0,2117,A
4-HA,573,1,0,0,2117,2118,C
4-HA,574,2113,0,1,0,2114,A
4-HA,575,2121,0,0,0,2121,A
4-HA,576,2152,0,1,1,2154,A
4-HA,577,0,2169,0,0,2169,T
4-HA,578,0,2158,0,0,2158,T
4-HA,579,1,1,2174,0,2176,G
4-HA,580,0,2171,0,1,2172,T
4-HA,581,2169,2,2,1,2174,A
4-HA,582,1,1,0,2212,2214,C
4-HA,583,2205,0,0,0,2205,A
4-HA,584,0,2254,0,1,2255,T
4-HA,585,0,2227,0,0,2227,T
4-HA,586,0,2202,0,0,2202,T
4-HA,587,1,9,2191,0,2201,G
4-HA,588,1,5,2189,0,2195,G
4-HA,589,0,4,2188,0,2192,G
4-HA,590,2,12,2192,0,2206,G
4-HA,591,0,7,2155,1,2163,G
4-HA,592,1,0,2224,0,2225,G
4-HA,593,1,2191,0,3,2195,T
4-HA,594,0,2209,0,2,2211,T
4-HA,595,12,1,0,2194,2207,C
4-HA,596,2214,1,2,1,2218,A
4-HA,597,1,0,0,2225,2226,C
4-HA,598,8,0,0,2217,2225,C
4-HA,599,2226,1,1,0,2228,A
4-HA,600,4,0,0,2246,2250,C
4-HA,601,4,0,0,2212,2216,C
4-HA,602,7,1,0,2189,2197,C
4-HA,603,0,8,2195,0,2203,G
4-HA,604,0,3,2311,0,2314,G
4-HA,605,0,1,2314,0,2315,G
4-HA,606,0,2306,0,0,2306,T
4-HA,607,2300,1,1,0,2302,A
4-HA,608,0,6,0,2288,2294,C
4-HA,609,2,1,2260,0,2263,G
4-HA,610,2,8,2286,0,2296,G
4-HA,611,2291,1,0,0,2292,A
4-HA,612,0,1,0,2296,2297,C
4-HA,613,2167,1,1,0,2169,A
4-HA,614,2175,0,1,0,2176,A
4-HA,615,0,2184,0,0,2184,T
4-HA,616,3,15,2190,0,2208,G
4-HA,617,2207,0,2,0,2209,A
4-HA,618,1,2,0,2206,2209,C
4-HA,619,5,0,0,2184,2189,C
4-HA,620,2182,0,1,0,2183,A
4-HA,621,2177,0,1,0,2178,A
4-HA,622,2216,1,0,0,2217,A
4-HA,623,0,2223,0,2,2225,T
4-HA,624,8,0,0,2230,2238,C
4-HA,625,0,2170,0,1,2171,T
4-HA,626,0,2175,0,1,2176,T
4-HA,627,6,0,0,2186,2192,C
4-HA,628,4,0,0,2195,2199,C
4-HA,629,0,2190,0,2,2192,T
4-HA,630,1,2,2208,1,2212,G
4-HA,631,1,2164,0,2,2167,T
4-HA,632,2194,0,0,0,2194,A
4-HA,633,0,2186,0,1,2187,T
4-HA,634,3,2,2196,0,2201,G
4-HA,635,0,1,0,2202,2203,C
4-HA,636,0,2174,1,8,2183,T
4-HA,637,6,0,0,2182,2188,C
4-HA,638,2184,0,1,0,2185,A
4-HA,639,2174,1,1,0,2176,A
4-HA,640,1,3,2186,0,2190,G
4-HA,641,1,1,0,2179,2181,C
4-HA,642,2185,0,0,0,2185,A
4-HA,643,1,2167,0,0,2168,T
4-HA,644,2,0,0,2160,2162,C
4-HA,645,2164,1,2,0,2167,A
4-HA,646,1,3,2185,0,2189,G
4-HA,647,0,6,2189,0,2195,G
4-HA,648,2192,0,1,0,2193,A
4-HA,649,2170,0,1,0,2171,A
4-HA,650,0,6,2204,0,2210,G
4-HA,651,2209,0,0,0,2209,A
4-HA,652,2232,0,1,0,2233,A
4-HA,653,1,2242,0,3,2246,T
4-HA,654,11,0,0,2234,2245,C
4-HA,655,2223,0,0,0,2223,A
4-HA,656,0,0,0,2224,2224,C
4-HA,657,2218,0,1,0,2219,A
4-HA,658,1,0,2259,0,2260,G
4-HA,659,1,2220,0,1,2222,T
4-HA,660,6,0,0,2224,2230,C
4-HA,661,0,2205,0,0,2205,T
4-HA,662,7,0,1,2224,2232,C
4-HA,663,0,2237,0,3,2240,T
4-HA,664,2264,0,0,0,2264,A
4-HA,665,0,0,1,2257,2258,C
4-HA,666,4,2,0,2259,2265,C
4-HA,667,2195,0,2,1,2198,A
4-HA,668,2206,1,1,0,2208,A
4-HA,669,2197,1,0,0,2198,A
4-HA,670,2190,0,3,0,2193,A
4-HA,671,1,0,2200,0,2201,G
4-HA,672,2142,1,1,0,2144,A
4-HA,673,2133,0,2,0,2135,A
4-HA,674,2,0,2136,0,2138,G
4-HA,675,1,2,0,2141,2144,C
4-HA,676,4,0,0,2144,2148,C
4-HA,677,2149,0,1,0,2150,A
4-HA,678,2153,5,1,0,2159,A
4-HA,679,0,1,0,2159,2160,C
4-HA,680,2152,0,3,0,2155,A
4-HA,681,2152,0,1,5,2158,A
4-HA,682,2153,1,0,0,2154,A
4-HA,683,0,1,0,2201,2202,C
4-HA,684,0,2185,1,2,2188,T
4-HA,685,1,0,2199,0,2200,G
4-HA,686,1,2188,1,2,2192,T
4-HA,687,2187,0,1,0,2188,A
4-HA,688,2189,0,0,1,2190,A
4-HA,689,0,2186,1,1,2188,T
4-HA,690,3,0,0,2199,2202,C
4-HA,691,6,0,0,2203,2209,C
4-HA,692,4,1,0,2158,2163,C
4-HA,693,1,7,2156,0,2164,G
4-HA,694,2161,0,0,0,2161,A
4-HA,695,2167,0,0,0,2167,A
4-HA,696,0,2175,0,0,2175,T
4-HA,697,2172,1,0,0,2173,A
4-HA,698,0,2157,1,2,2160,T
4-HA,699,10,2,0,2136,2148,C
4-HA,700,0,7,2139,0,2146,G
4-HA,701,1,4,2200,0,2205,G
4-HA,702,2209,0,2,0,2211,A
4-HA,703,1,2215,0,1,2217,T
4-HA,704,6,0,0,2211,2217,C
4-HA,705,0,2211,0,3,2214,T
4-HA,706,2202,0,2,0,2204,A
4-HA,707,0,6,2215,0,2221,G
4-HA,708,2228,0,2,0,2230,A
4-HA,709,2,0,0,2219,2221,C
4-HA,710,5,0,1,2162,2168,C
4-HA,711,10,0,0,2161,2171,C
4-HA,712,2145,0,1,0,2146,A
4-HA,713,0,8,2270,0,2278,G
4-HA,714,2276,0,1,0,2277,A
4-HA,715,0,1,2304,0,2305,G
4-HA,716,0,2294,0,0,2294,T
4-HA,717,2280,0,2,0,2282,A
4-HA,718,2275,0,1,0,2276,A
4-HA,719,1,2,2320,0,2323,G
4-HA,720,0,2,2332,0,2334,G
4-HA,721,2305,0,2,0,2307,A
4-HA,722,2134,0,2,0,2136,A
4-HA,723,2,2133,0,1,2136,T
4-HA,724,2127,0,2,0,2129,A
4-HA,725,0,2123,0,2,2125,T
4-HA,726,3,0,1,2144,2148,C
4-HA,727,8,1,0,2139,2148,C
4-HA,728,9,1,0,2087,2097,C
4-HA,729,0,2083,0,4,2087,T
4-HA,730,2086,1,0,0,2087,A
4-HA,731,0,1,2091,0,2092,G
4-HA,732,2,1,1,2090,2094,C
4-HA,733,2054,0,1,0,2055,A
4-HA,734,1,4,2092,0,2097,G
4-HA,735,2066,0,1,0,2067,A
4-HA,736,2073,0,0,0,2073,A
4-HA,737,1,2067,0,1,2069,T
4-HA,738,2070,0,1,0,2071,A
4-HA,739,2077,0,1,1,2079,A
4-HA,740,0,0,2076,0,2076,G
4-HA,741,0,1,0,2079,2080,C
4-HA,742,2080,0,0,0,2080,A
4-HA,743,1,2003,0,1,2005,T
4-HA,744,5,0,0,2089,2094,C
4-HA,745,0,2098,0,0,2098,T
4-HA,746,2104,3,0,0,2107,A
4-HA,747,0,2106,0,2,2108,T
4-HA,748,0,2095,0,0,2095,T
4-HA,749,1,6,2102,0,2109,G
4-HA,750,1,5,2092,0,2098,G
4-HA,751,2094,0,1,0,2095,A
4-HA,752,1,1,0,2085,2087,C
4-HA,753,1976,0,0,0,1976,A
4-HA,754,2004,2,2,0,2008,A
4-HA,755,0,2064,0,0,2064,T
4-HA,756,2088,0,0,0,2088,A
4-HA,757,0,0,2102,0,2102,G
4-HA,758,0,2078,0,1,2079,T
4-HA,759,2080,0,0,0,2080,A
4-HA,760,2092,0,0,0,2092,A
4-HA,761,2130,0,1,0,2131,A
4-HA,762,2140,0,3,0,2143,A
4-HA,763,0,0,0,2133,2133,C
4-HA,764,6,0,1,2060,2067,C
4-HA,765,1937,0,79,0,2016,A
4-HA,766,0,3,2038,0,2041,G
4-HA,767,0,2,2053,0,2055,G
4-HA,768,2058,0,0,0,2058,A
4-HA,769,0,4,2068,0,2072,G
4-HA,770,2050,1,3,0,2054,A
4-HA,771,0,0,0,2059,2059,C
4-HA,772,2047,1,1,0,2049,A
4-HA,773,0,2053,1,0,2054,T
4-HA,774,2057,1,1,0,2059,A
4-HA,775,2,1,1,2095,2099,C
4-HA,776,0,2074,1,1,2076,T
4-HA,777,1,2078,0,2,2081,T
4-HA,778,0,2094,1,1,2096,T
4-HA,779,0,2077,0,1,2078,T
4-HA,780,0,7,2091,0,2098,G
4-HA,781,2098,0,1,2,2101,A
4-HA,782,1,2095,0,1,2097,T
4-HA,783,0,2135,0,0,2135,T
4-HA,784,2116,0,0,0,2116,A
4-HA,785,2119,0,0,0,2119,A
4-HA,786,1,2,0,2140,2143,C
4-HA,787,2119,0,0,0,2119,A
4-HA,788,3,3,2190,0,2196,G
4-HA,789,0,0,2,2176,2178,C
4-HA,790,2183,1,1,0,2185,A
4-HA,791,0,0,0,2194,2194,C
4-HA,792,2169,0,4,0,2173,A
4-HA,793,0,6,2186,0,2192,G
4-HA,794,2,7,2175,0,2184,G
4-HA,795,1,5,2255,0,2261,G
4-HA,796,2247,0,2,0,2249,A
4-HA,797,2223,0,6,0,2229,A
4-HA,798,1,2226,0,0,2227,T
4-HA,799,3,0,0,2230,2233,C
4-HA,800,0,2234,0,0,2234,T
4-HA,801,2235,0,1,0,2236,A
4-HA,802,2217,0,0,0,2217,A
4-HA,803,0,2210,0,0,2210,T
4-HA,804,0,2151,1,2,2154,T
4-HA,805,1,3,2164,0,2168,G
4-HA,806,1,0,0,2227,2228,C
4-HA,807,0,2261,0,2,2263,T
4-HA,808,7,0,0,2299,2306,C
4-HA,809,3,0,0,2300,2303,C
4-HA,810,0,2301,0,2,2303,T
4-HA,811,2308,0,0,0,2308,A
4-HA,812,0,4,2303,0,2307,G
4-HA,813,0,10,2312,0,2322,G
4-HA,814,0,6,2316,0,2322,G
4-HA,815,0,3,2294,0,2297,G
4-HA,816,0,2247,0,0,2247,T
4-HA,817,0,2231,0,0,2231,T
4-HA,818,2227,0,2,1,2230,A
4-HA,819,0,1,0,2259,2260,C
4-HA,820,0,2254,0,2,2256,T
4-HA,821,0,2256,0,1,2257,T
4-HA,822,2,0,0,2249,2251,C
4-HA,823,2245,1,0,0,2246,A
4-HA,824,2248,0,0,0,2248,A
4-HA,825,2264,0,0,1,2265,A
4-HA,826,2276,0,1,1,2278,A
4-HA,827,0,2272,0,2,2274,T
4-HA,828,2255,0,1,0,2256,A
4-HA,829,0,0,0,2255,2255,C
4-HA,830,0,6,2246,2,2254,G
4-HA,831,2251,0,0,0,2251,A
4-HA,832,2253,0,1,0,2254,A
4-HA,833,36,2,2226,0,2264,G
4-HA,834,1,2259,0,2,2262,T
4-HA,835,3,7,2261,0,2271,G
4-HA,836,0,7,2265,0,2272,G
4-HA,837,0,3,2277,0,2280,G
4-HA,838,2274,0,0,1,2275,A
4-HA,839,2274,1,0,0,2275,A
4-HA,840,2273,0,0,2,2275,A
4-HA,841,2262,1,5,0,2268,A
4-HA,842,0,1,2303,0,2304,G
4-HA,843,1,1,0,2300,2302,C
4-HA,844,1,2286,0,3,2290,T
4-HA,845,10,1,0,2307,2318,C
4-HA,846,2322,0,1,0,2323,A
4-HA,847,2342,0,1,0,2343,A
4-HA,848,0,2340,0,2,2342,T
4-HA,849,2344,0,0,0,2344,A
4-HA,850,2348,0,2,0,2350,A
4-HA,851,0,2288,0,0,2288,T
4-HA,852,0,10,2286,0,2296,G
4-HA,853,2274,0,1,0,2275,A
4-HA,854,0,11,2307,0,2318,G
4-HA,855,2320,0,0,0,2320,A
4-HA,856,1,2297,1,2,2301,T
4-HA,857,12,0,0,2331,2343,C
4-HA,858,2315,0,1,0,2316,A
4-HA,859,0,5,2352,0,2357,G
4-HA,860,2359,2,0,0,2361,A
4-HA,861,0,2353,0,2,2355,T
4-HA,862,1,1,2346,0,2348,G
4-HA,863,2,3,0,2297,2302,C
4-HA,864,2301,1,4,0,2306,A
4-HA,865,2,1,0,2346,2349,C
4-HA,866,6,0,0,2307,2313,C
4-HA,867,9,1,0,2310,2320,C
4-HA,868,2282,0,1,1,2284,A
4-HA,869,0,2271,0,1,2272,T
4-HA,870,0,2269,0,1,2270,T
4-HA,871,0,6,2284,0,2290,G
4-HA,872,1,0,2282,1,2284,G
4-HA,873,1,1,0,2284,2286,C
4-HA,874,2247,0,0,0,2247,A
4-HA,875,2239,0,2,0,2241,A
4-HA,876,2275,2,0,0,2277,A
4-HA,877,0,2274,0,3,2277,T
4-HA,878,0,0,2286,0,2286,G
4-HA,879,0,1,0,2275,2276,C
4-HA,880,2241,0,0,0,2241,A
4-HA,881,2293,0,0,0,2293,A
4-HA,882,0,2292,0,2,2294,T
4-HA,883,0,2300,0,1,2301,T
4-HA,884,4,0,0,2313,2317,C
4-HA,885,0,2264,0,0,2264,T
4-HA,886,0,8,2275,0,2283,G
4-HA,887,2279,0,3,0,2282,A
4-HA,888,2297,0,1,0,2298,A
4-HA,889,0,2293,0,0,2293,T
4-HA,890,0,1,2265,1,2267,G
4-HA,891,2,1,0,2273,2276,C
4-HA,892,2269,0,0,0,2269,A
4-HA,893,2,2265,0,4,2271,T
4-HA,894,7,0,0,2262,2269,C
4-HA,895,2258,0,1,0,2259,A
4-HA,896,0,0,0,2351,2351,C
4-HA,897,0,2331,0,2,2333,T
4-HA,898,10,0,0,2329,2339,C
4-HA,899,7,0,1,2325,2333,C
4-HA,900,2363,0,0,0,2363,A
4-HA,901,2359,0,0,0,2359,A
4-HA,902,2349,0,1,0,2350,A
4-HA,903,1,2257,0,0,2258,T
4-HA,904,0,8,2271,1,2280,G
4-HA,905,0,3,2280,0,2283,G
4-HA,906,2286,1,0,1,2288,A
4-HA,907,2272,1,5,0,2278,A
4-HA,908,1,0,2278,1,2280,G
4-HA,909,2,0,1,2250,2253,C
4-HA,910,2224,0,1,0,2225,A
4-HA,911,0,2225,0,0,2225,T
4-HA,912,0,2219,0,1,2220,T
4-HA,913,10,1,0,2260,2271,C
4-HA,914,8,0,0,2262,2270,C
4-HA,915,6,2,1,2265,2274,C
4-HA,916,2267,0,0,0,2267,A
4-HA,917,2296,0,1,1,2298,A
4-HA,918,1,2315,0,1,2317,T
4-HA,919,1,9,2300,1,2311,G
4-HA,920,2307,2,0,0,2309,A
4-HA,921,0,1,0,2301,2302,C
4-HA,922,2235,0,2,0,2237,A
4-HA,923,2229,5,0,0,2234,A
4-HA,924,2243,0,0,0,2243,A
4-HA,925,2,0,0,2245,2247,C
4-HA,926,8,0,0,2214,2222,C
4-HA,927,2178,0,0,0,2178,A
4-HA,928,1,2181,0,3,2185,T
4-HA,929,1,2186,0,0,2187,T
4-HA,930,10,0,0,2194,2204,C
4-HA,931,5,3,0,2194,2202,C
4-HA,932,2192,0,2,0,2194,A
4-HA,933,2188,0,0,1,2189,A
4-HA,934,2168,1,1,0,2170,A
4-HA,935,2191,0,1,0,2192,A
4-HA,936,0,2186,0,1,2187,T
4-HA,937,0,0,2181,0,2181,G
4-HA,938,0,2171,0,0,2171,T
4-HA,939,0,2168,0,0,2168,T
4-HA,940,2193,0,1,0,2194,A
4-HA,941,2195,0,0,0,2195,A
4-HA,942,1,0,0,2201,2202,C
4-HA,943,2168,1,1,0,2170,A
4-HA,944,0,5,2166,0,2171,G
4-HA,945,0,5,2170,0,2175,G
4-HA,946,2210,0,1,0,2211,A
4-HA,947,1,2207,0,4,2212,T
4-HA,948,6,0,0,2237,2243,C
4-HA,949,2250,0,0,0,2250,A
4-HA,950,1,1,0,2316,2318,C
4-HA,951,2274,41,0,1,2316,A
4-HA,952,0,2360,1,0,2361,T
4-HA,953,2302,0,0,0,2302,A
4-HA,954,1,2,0,2265,2268,C
4-HA,955,1,3,2182,0,2186,G
4-HA,956,1,10,2172,0,2183,G
4-HA,957,0,4,2157,0,2161,G
4-HA,958,7,1,2152,1,2161,G
4-HA,959,1,0,0,2093,2094,C
4-HA,960,4,0,0,2077,2081,C
4-HA,961,0,2028,0,1,2029,T
4-HA,962,0,1,2176,0,2177,G
4-HA,963,0,2176,0,2,2178,T
4-HA,964,5,0,0,2183,2188,C
4-HA,965,12,0,0,2175,2187,C
4-HA,966,10,2,0,2171,2183,C
4-HA,967,2156,0,4,0,2160,A
4-HA,968,1,2,2174,0,2177,G
4-HA,969,2168,0,3,1,2172,A
4-HA,970,0,2175,0,0,2175,T
4-HA,971,1992,0,1,0,1993,A
4-HA,972,0,1956,0,1,1957,T
4-HA,973,3,0,1968,0,1971,G
4-HA,974,2,1962,0,1,1965,T
4-HA,975,1,1925,0,1,1927,T
4-HA,976,1945,0,2,0,1947,A
4-HA,977,1919,0,0,0,1919,A
4-HA,978,0,8,1936,0,1944,G
4-HA,979,4,0,0,1939,1943,C
4-HA,980,1887,0,0,0,1887,A
4-HA,981,1885,2,1,0,1888,A
4-HA,982,1875,0,1,0,1876,A
4-HA,983,1882,0,0,1,1883,A
4-HA,984,1,1,0,1885,1887,C
4-HA,985,1865,0,0,0,1865,A
4-HA,986,0,0,0,1885,1885,C
4-HA,987,0,1823,1,1,1825,T
4-HA,988,5,1,1,1842,1849,C
4-HA,989,1,1838,0,2,1841,T
4-HA,990,0,3,1861,0,1864,G
4-HA,991,1859,1,0,0,1860,A
4-HA,992,1855,1,0,0,1856,A
4-HA,993,1861,0,1,0,1862,A
4-HA,994,1,1839,0,0,1840,T
4-HA,995,1,1808,0,4,1813,T
4-HA,996,0,5,1819,0,1824,G
4-HA,997,1,0,1820,0,1821,G
4-HA,998,1,1,0,1816,1818,C
4-HA,999,1797,0,1,1,1799,A
4-HA,1000,1807,0,1,0,1808,A
4-HA,1001,0,1,0,1808,1809,C
4-HA,1002,1805,0,3,0,1808,A
4-HA,1003,0,5,1814,0,1819,G
4-HA,1004,2,2,1808,0,1812,G
4-HA,1005,2,4,1790,1,1797,G
4-HA,1006,1800,0,1,0,1801,A
4-HA,1007,0,1793,0,1,1794,T
4-HA,1008,0,1,1795,0,1796,G
4-HA,1009,0,0,0,1795,1795,C
4-HA,1010,0,9,1780,0,1789,G
4-HA,1011,1809,1,1,0,1811,A
4-HA,1012,1781,0,1,0,1782,A
4-HA,1013,1797,0,1,0,1798,A
4-HA,1014,0,1767,0,0,1767,T
4-HA,1015,0,0,1792,0,1792,G
4-HA,1016,0,1784,0,2,1786,T
4-HA,1017,1774,0,1,0,1775,A
4-HA,1018,1,2,0,1767,1770,C
4-HA,1019,5,1,0,1754,1760,C
4-HA,1020,1723,0,0,0,1723,A
4-HA,1021,0,6,1730,1,1737,G
4-HA,1022,1697,0,0,0,1697,A
4-HA,1023,0,3,1720,0,1723,G
4-HA,1024,1695,0,1,0,1696,A
4-HA,1025,1694,0,2,0,1696,A
4-HA,1026,1695,0,1,0,1696,A
4-HA,1027,0,1,0,1699,1700,C
4-HA,1028,1693,0,0,0,1693,A
4-HA,1029,1721,0,0,0,1721,A
4-HA,1030,1707,1,1,0,1709,A
4-HA,1031,0,0,0,1721,1721,C
4-HA,1032,0,1704,1,0,1705,T
4-HA,1033,1675,1,1,0,1677,A
4-HA,1034,0,0,1678,0,1678,G
4-HA,1035,1673,0,0,0,1673,A
4-HA,1036,0,5,1678,0,1683,G
4-HA,1037,0,0,1689,0,1689,G
4-HA,1038,1,0,1,1640,1642,C
4-HA,1039,1649,0,1,0,1650,A
4-HA,1040,1,1644,0,1,1646,T
4-HA,1041,1645,1,0,0,1646,A
4-HA,1042,0,1637,0,2,1639,T
4-HA,1043,0,1632,0,1,1633,T
4-HA,1044,0,1626,0,2,1628,T
4-HA,1045,1,4,1559,0,1564,G
4-HA,1046,2,1,1560,0,1563,G
4-HA,1047,1,3,0,1546,1550,C
4-HA,1048,1,1,1547,2,1551,G
4-HA,1049,3,0,0,1528,1531,C
4-HA,1050,1508,0,0,1,1509,A
4-HA,1051,1520,0,0,0,1520,A
4-HA,1052,0,1518,0,2,1520,T
4-HA,1053,4,0,0,1515,1519,C
4-HA,1054,1,1,1521,1,1524,G
4-HA,1055,2,3,0,1515,1520,C
4-HA,1056,2,5,1515,0,1522,G
4-HA,1057,0,1,1528,0,1529,G
4-HA,1058,0,0,1534,0,1534,G
4-HA,1059,1,1525,1,2,1529,T
4-HA,1060,1,1504,0,0,1505,T
4-HA,1061,0,1498,0,2,1500,T
4-HA,1062,4,1,0,1504,1509,C
4-HA,1063,1514,0,3,0,1517,A
4-HA,1064,0,1515,0,3,1518,T
4-HA,1065,1516,0,0,0,1516,A
4-HA,1066,0,2,1534,0,1536,G
4-HA,1067,1476,0,0,0,1476,A
4-HA,1068,1480,0,0,0,1480,A
4-HA,1069,1478,0,1,0,1479,A
4-HA,1070,1487,0,0,1,1488,A
4-HA,1071,0,1478,0,1,1479,T
4-HA,1072,1,6,1473,0,1480,G
4-HA,1073,0,0,1481,1,1482,G
4-HA,1074,1,1462,1,1,1465,T
4-HA,1075,1,1397,0,0,1398,T
4-HA,1076,0,7,1384,0,1391,G
4-HA,1077,1,1,1392,0,1394,G
4-HA,1078,0,3,1398,0,1401,G
4-HA,1079,1359,0,1,0,1360,A
4-HA,1080,0,8,1366,0,1374,G
4-HA,1081,0,1,1336,0,1337,G
4-HA,1082,2,2,1350,0,1354,G
4-HA,1083,1337,0,5,0,1342,A
4-HA,1084,1364,0,0,0,1364,A
4-HA,1085,0,1366,0,0,1366,T
4-HA,1086,0,2,1359,0,1361,G
4-HA,1087,0,1,1385,0,1386,G
4-HA,1088,0,1371,0,2,1373,T
4-HA,1089,0,7,1358,0,1365,G
4-HA,1090,0,0,1358,0,1358,G
4-HA,1091,1329,0,1,0,1330,A
4-HA,1092,0,1333,0,1,1334,T
4-HA,1093,0,8,1338,0,1346,G
4-HA,1094,0,0,1361,0,1361,G
4-HA,1095,0,1337,0,0,1337,T
4-HA,1096,0,1307,0,0,1307,T
4-HA,1097,0,4,1309,0,1313,G
4-HA,1098,2,1,1333,0,1336,G
4-HA,1099,0,1334,0,0,1334,T
4-HA,1100,1330,0,2,0,1332,A
4-HA,1101,1,2,0,1258,1261,C
4-HA,1102,1,1,1268,0,1270,G
4-HA,1103,0,1,1321,0,1322,G
4-HA,1104,0,1319,0,3,1322,T
4-HA,1105,1,1318,0,0,1319,T
4-HA,1106,0,1318,1,0,1319,T
4-HA,1107,3,2,0,1294,1299,C
4-HA,1108,1294,0,3,0,1297,A
4-HA,1109,0,2,1293,0,1295,G
4-HA,1110,1,3,1294,0,1298,G
4-HA,1111,0,1,0,1292,1293,C
4-HA,1112,1256,0,1,0,1257,A
4-HA,1113,0,1265,0,3,1268,T
4-HA,1114,1,0,0,1266,1267,C
4-HA,1115,1270,2,0,0,1272,A
4-HA,1116,1272,0,0,0,1272,A
4-HA,1117,1263,0,1,0,1264,A
4-HA,1118,1273,0,1,0,1274,A
4-HA,1119,1,1272,0,0,1273,T
4-HA,1120,1,1268,0,1,1270,T
4-HA,1121,4,0,0,1266,1270,C
4-HA,1122,1,1258,0,1,1260,T
4-HA,1123,0,1,1260,0,1261,G
4-HA,1124,1259,1,2,0,1262,A
4-HA,1125,1245,0,2,0,1247,A
4-HA,1126,0,2,1259,0,1261,G
4-HA,1127,0,0,1276,0,1276,G
4-HA,1128,1270,1,0,0,1271,A
4-HA,1129,1273,0,0,0,1273,A
4-HA,1130,2,2,1258,0,1262,G
4-HA,1131,1275,0,3,0,1278,A
4-HA,1132,0,3,1285,0,1288,G
4-HA,1133,1,2,1286,0,1289,G
4-HA,1134,1290,0,1,0,1291,A
4-HA,1135,0,1,0,1277,1278,C
4-HA,1136,1273,0,1,0,1274,A
4-HA,1137,1273,0,2,0,1275,A
4-HA,1138,1,0,1275,0,1276,G
4-HA,1139,0,0,0,1274,1274,C
4-HA,1140,1267,0,0,0,1267,A
4-HA,1141,2,0,1269,0,1271,G
4-HA,1142,0,0,0,1267,1267,C
4-HA,1143,1256,0,0,0,1256,A
4-HA,1144,0,1,1262,0,1263,G
4-HA,1145,1252,0,1,0,1253,A
4-HA,1146,0,1285,0,0,1285,T
4-HA,1147,3,0,0,1290,1293,C
4-HA,1148,0,1288,0,1,1289,T
4-HA,1149,7,1,0,1300,1308,C
4-HA,1150,1306,1,2,0,1309,A
4-HA,1151,1306,1,0,0,1307,A
4-HA,1152,1306,0,0,0,1306,A
4-HA,1153,1284,0,3,0,1287,A
4-HA,1154,0,0,1288,0,1288,G
4-HA,1155,0,1,0,1244,1245,C
4-HA,1156,1239,0,0,0,1239,A
4-HA,1157,0,0,0,1268,1268,C
4-HA,1158,0,1252,0,1,1253,T
4-HA,1159,3,0,0,1254,1257,C
4-HA,1160,1253,1,0,0,1254,A
4-HA,1161,1276,0,1,0,1277,A
4-HA,1162,0,0,1279,0,1279,G
4-HA,1163,0,0,0,1278,1278,C
4-HA,1164,1273,1,0,0,1274,A
4-HA,1165,1,0,1276,0,1277,G
4-HA,1166,0,0,0,1253,1253,C
4-HA,1167,1248,1,2,1,1252,A
4-HA,1168,1248,0,0,0,1248,A
4-HA,1169,0,1239,1,1,1241,T
4-HA,1170,4,0,0,1228,1232,C
4-HA,1171,0,8,1230,0,1238,G
4-HA,1172,1236,0,1,0,1237,A
4-HA,1173,1,1231,0,0,1232,T
4-HA,1174,7,1,0,1215,1223,C
4-HA,1175,1223,0,1,0,1224,A
4-HA,1176,1243,1,2,0,1246,A
4-HA,1177,1249,0,0,0,1249,A
4-HA,1178,0,1238,0,3,1241,T
4-HA,1179,4,1,0,1244,1249,C
4-HA,1180,1230,0,2,0,1232,A
4-HA,1181,1245,0,0,0,1245,A
4-HA,1182,0,1243,0,1,1244,T
4-HA,1183,0,5,1241,0,1246,G
4-HA,1184,0,4,1245,0,1249,G
4-HA,1185,0,3,1235,0,1238,G
4-HA,1186,1237,1,0,1,1239,A
4-HA,1187,1237,0,1,0,1238,A
4-HA,1188,0,1,1251,0,1252,G
4-HA,1189,0,0,0,1252,1252,C
4-HA,1190,0,1241,0,0,1241,T
4-HA,1191,1,4,1276,1,1282,G
4-HA,1192,1283,0,0,1,1284,A
4-HA,1193,1281,0,1,1,1283,A
4-HA,1194,0,1283,0,0,1283,T
4-HA,1195,1253,0,0,1,1254,A
4-HA,1196,0,2,1253,0,1255,G
4-HA,1197,1159,0,1,1,1161,A
4-HA,1198,0,1164,0,0,1164,T
4-HA,1199,0,1165,1,0,1166,T
4-HA,1200,0,7,1172,0,1179,G
4-HA,1201,1159,0,10,1,1170,A
4-HA,1202,0,1169,0,0,1169,T
4-HA,1203,3,1,0,1166,1170,C
4-HA,1204,1,3,1169,0,1173,G
4-HA,1205,2,1,1165,1,1169,G
4-HA,1206,0,1,1181,0,1182,G
4-HA,1207,1176,0,0,0,1176,A
4-HA,1208,1169,0,1,1,1171,A
4-HA,1209,1156,0,4,1,1161,A
4-HA,1210,1168,0,2,0,1170,A
4-HA,1211,0,0,0,1172,1172,C
4-HA,1212,3,0,0,1168,1171,C
4-HA,1213,1157,0,2,1,1160,A
4-HA,1214,1156,0,0,0,1156,A
4-HA,1215,2,1,0,1159,1162,C
4-HA,1216,0,7,1159,0,1166,G
4-HA,1217,1163,1,0,0,1164,A
4-HA,1218,3,3,1158,0,1164,G
4-HA,1219,1159,1,1,1,1162,A
4-HA,1220,1160,2,1,0,1163,A
4-HA,1221,1165,0,0,1,1166,A
4-HA,1222,0,1170,0,0,1170,T
4-HA,1223,2,1167,0,1,1170,T
4-HA,1224,2,0,0,1165,1167,C
4-HA,1225,2,1,0,1161,1164,C
4-HA,1226,1163,2,0,0,1165,A
4-HA,1227,0,1163,1,0,1164,T
4-HA,1228,2,0,0,1163,1165,C
4-HA,1229,1156,0,0,0,1156,A
4-HA,1230,0,3,1161,0,1164,G
4-HA,1231,1157,0,0,0,1157,A
4-HA,1232,0,1160,0,1,1161,T
4-HA,1233,0,1149,0,0,1149,T
4-HA,1234,2,3,1151,0,1156,G
4-HA,1235,1157,1,0,0,1158,A
4-HA,1236,1160,0,0,0,1160,A
4-HA,1237,1163,0,0,0,1163,A
4-HA,1238,1163,0,0,0,1163,A
4-HA,1239,1149,0,1,0,1150,A
4-HA,1240,0,3,1151,0,1154,G
4-HA,1241,1143,0,0,0,1143,A
4-HA,1242,1148,0,0,0,1148,A
4-HA,1243,0,1129,0,0,1129,T
4-HA,1244,0,1131,0,0,1131,T
4-HA,1245,1,0,0,1134,1135,C
4-HA,1246,0,1136,0,0,1136,T
4-HA,1247,4,0,0,1131,1135,C
4-HA,1248,1131,0,1,0,1132,A
4-HA,1249,0,1,1130,0,1131,G
4-HA,1250,1128,1,0,1,1130,A
4-HA,1251,1119,0,0,0,1119,A
4-HA,1252,0,1,1130,0,1131,G
4-HA,1253,0,1129,0,0,1129,T
4-HA,1254,6,1,0,1122,1129,C
4-HA,1255,2,2,1125,0,1129,G
4-HA,1256,1125,0,2,0,1127,A
4-HA,1257,1126,0,3,0,1129,A
4-HA,1258,6,8,1115,0,1129,G
4-HA,1259,0,2,1132,0,1134,G
4-HA,1260,0,3,1132,0,1135,G
4-HA,1261,1109,0,0,0,1109,A
4-HA,1262,0,1,1115,0,1116,G
4-HA,1263,1112,0,1,0,1113,A
4-HA,1264,1180,0,1,0,1181,A
4-HA,1265,0,1183,0,0,1183,T
4-HA,1266,0,1183,0,0,1183,T
4-HA,1267,4,0,0,1177,1181,C
4-HA,1268,1149,0,2,0,1151,A
4-HA,1269,0,2,1148,0,1150,G
4-HA,1270,0,5,1150,0,1155,G
4-HA,1271,1143,0,1,0,1144,A
4-HA,1272,0,0,0,1147,1147,C
4-HA,1273,3,0,0,1051,1054,C
4-HA,1274,0,1049,0,1,1050,T
4-HA,1275,0,1023,0,30,1053,T
4-HA,1276,0,2,1056,0,1058,G
4-HA,1277,1057,0,0,0,1057,A
4-HA,1278,0,3,1076,0,1079,G
4-HA,1279,1071,0,0,0,1071,A
4-HA,1280,1000,0,1,0,1001,A
4-HA,1281,989,0,0,0,989,A
4-HA,1282,0,969,0,0,969,T
4-HA,1283,987,0,0,1,988,A
4-HA,1284,1,985,0,0,986,T
4-HA,1285,0,0,990,0,990,G
4-HA,1286,0,988,0,0,988,T
4-HA,1287,1,949,0,0,950,T
4-HA,1288,0,0,950,0,950,G
4-HA,1289,934,0,0,0,934,A
4-HA,1290,0,2,935,0,937,G
4-HA,1291,0,2,925,0,927,G
4-HA,1292,916,0,2,0,918,A
4-HA,1293,0,1,0,932,933,C
4-HA,1294,920,1,0,0,921,A
4-HA,1295,0,1,0,947,948,C
4-HA,1296,3,0,0,942,945,C
4-HA,1297,947,1,0,0,948,A
4-HA,1298,969,0,0,0,969,A
4-HA,1299,970,0,1,0,971,A
4-HA,1300,981,0,0,0,981,A
4-HA,1301,0,983,0,0,983,T
4-HA,1302,949,0,0,0,949,A
4-HA,1303,0,5,949,0,954,G
4-HA,1304,932,0,0,0,932,A
4-HA,1305,0,947,0,0,947,T
4-HA,1306,1,0,0,943,944,C
4-HA,1307,0,923,0,2,925,T
4-HA,1308,2,0,1,933,936,C
4-HA,1309,0,931,0,2,933,T
4-HA,1310,0,5,946,0,951,G
4-HA,1311,0,1,981,0,982,G
4-HA,1312,0,978,0,1,979,T
4-HA,1313,6,0,0,971,977,C
4-HA,1314,982,0,0,0,982,A
4-HA,1315,0,981,0,0,981,T
4-HA,1316,982,0,0,0,982,A
4-HA,1317,0,0,0,979,979,C
4-HA,1318,953,0,0,0,953,A
4-HA,1319,960,1,0,0,961,A
4-HA,1320,0,0,0,937,937,C
4-HA,1321,0,0,939,0,939,G
4-HA,1322,0,2,0,934,936,C
4-HA,1323,0,0,931,0,931,G
4-HA,1324,0,1,933,0,934,G
4-HA,1325,936,0,1,0,937,A
4-HA,1326,0,0,953,0,953,G
4-HA,1327,0,0,0,952,952,C
4-HA,1328,0,947,0,0,947,T
4-HA,1329,1,943,0,12,956,T
4-HA,1330,2,1,0,952,955,C
4-HA,1331,0,961,0,1,962,T
4-HA,1332,0,965,0,1,966,T
4-HA,1333,0,0,964,0,964,G
4-HA,1334,0,953,0,2,955,T
4-HA,1335,0,934,0,0,934,T
4-HA,1336,1,0,964,0,965,G
4-HA,1337,0,0,0,959,959,C
4-HA,1338,1,0,0,955,956,C
4-HA,1339,1,0,0,959,960,C
4-HA,1340,0,957,0,1,958,T
4-HA,1341,0,0,960,0,960,G
4-HA,1342,0,2,961,0,963,G
4-HA,1343,958,0,1,0,959,A
4-HA,1344,0,6,959,0,965,G
4-HA,1345,937,1,2,0,940,A
4-HA,1346,937,2,3,0,942,A
4-HA,1347,1,1,0,957,959,C
4-HA,1348,1,0,0,950,951,C
4-HA,1349,947,0,0,0,947,A
4-HA,1350,979,0,0,0,979,A
4-HA,1351,0,1,0,981,982,C
4-HA,1352,992,0,0,0,992,A
4-HA,1353,0,988,0,1,989,T
4-HA,1354,983,0,0,0,983,A
4-HA,1355,0,7,0,994,1001,C
4-HA,1356,982,1,0,0,983,A
4-HA,1357,986,0,0,0,986,A
4-HA,1358,0,985,0,0,985,T
4-HA,1359,2,937,0,0,939,T
4-HA,1360,0,6,942,0,948,G
4-HA,1361,955,0,0,0,955,A
4-HA,1362,0,956,0,0,956,T
4-HA,1363,6,0,0,953,959,C
4-HA,1364,1,947,0,1,949,T
4-HA,1365,956,0,0,0,956,A
4-HA,1366,952,0,0,0,952,A
4-HA,1367,0,0,0,952,952,C
4-HA,1368,0,949,0,0,949,T
4-HA,1369,0,7,932,2,941,G
4-HA,1370,939,0,0,0,939,A
4-HA,1371,0,1,0,935,936,C
4-HA,1372,1,934,1,0,936,T
4-HA,1373,4,1,0,933,938,C
4-HA,1374,931,0,0,1,932,A
4-HA,1375,1,1,953,0,955,G
4-HA,1376,953,0,0,0,953,A
4-HA,1377,954,0,0,0,954,A
4-HA,1378,957,1,0,0,958,A
4-HA,1379,0,956,0,0,956,T
4-HA,1380,0,10,956,0,966,G
4-HA,1381,968,0,2,0,970,A
4-HA,1382,971,0,1,0,972,A
4-HA,1383,0,0,0,968,968,C
4-HA,1384,947,0,0,0,947,A
4-HA,1385,945,0,0,0,945,A
4-HA,1386,944,0,0,0,944,A
4-HA,1387,0,0,0,945,945,C
4-HA,1388,0,937,0,0,937,T
4-HA,1389,2,0,945,0,947,G
4-HA,1390,0,932,0,0,932,T
4-HA,1391,0,933,0,0,933,T
4-HA,1392,0,931,0,1,932,T
4-HA,1393,1,2,932,0,935,G
4-HA,1394,930,0,0,0,930,A
4-HA,1395,935,0,0,0,935,A
4-HA,1396,930,0,0,1,931,A
4-HA,1397,932,0,0,0,932,A
4-HA,1398,923,0,0,0,923,A
4-HA,1399,935,0,1,1,937,A
4-HA,1400,0,0,0,940,940,C
4-HA,1401,941,0,0,0,941,A
4-HA,1402,936,0,1,0,937,A
4-HA,1403,939,0,0,0,939,A
4-HA,1404,0,1,938,0,939,G
4-HA,1405,941,0,0,0,941,A
4-HA,1406,935,0,3,1,939,A
4-HA,1407,0,1,938,0,939,G
4-HA,1408,0,0,0,938,938,C
4-HA,1409,938,0,0,0,938,A
4-HA,1410,940,1,1,1,943,A
4-HA,1411,0,0,0,945,945,C
4-HA,1412,0,932,0,0,932,T
4-HA,1413,0,3,936,0,939,G
4-HA,1414,928,0,2,0,930,A
4-HA,1415,0,4,935,0,939,G
4-HA,1416,0,2,937,0,939,G
4-HA,1417,1,2,935,0,938,G
4-HA,1418,938,0,0,1,939,A
4-HA,1419,934,0,0,0,934,A
4-HA,1420,930,0,0,0,930,A
4-HA,1421,942,0,0,0,942,A
4-HA,1422,0,940,0,0,940,T
4-HA,1423,0,0,945,0,945,G
4-HA,1424,0,0,0,943,943,C
4-HA,1425,0,940,0,0,940,T
4-HA,1426,0,2,946,0,948,G
4-HA,1427,944,0,0,0,944,A
4-HA,1428,2,3,986,0,991,G
4-HA,1429,1,5,1006,0,1012,G
4-HA,1430,999,0,1,0,1000,A
4-HA,1431,0,1000,0,0,1000,T
4-HA,1432,996,0,1,1,998,A
4-HA,1433,1,989,1,0,991,T
4-HA,1434,0,5,1002,0,1007,G
4-HA,1435,1,1,1016,0,1018,G
4-HA,1436,2,2,1011,0,1015,G
4-HA,1437,1,1,0,958,960,C
4-HA,1438,931,0,0,0,931,A
4-HA,1439,932,0,0,1,933,A
4-HA,1440,0,934,0,0,934,T
4-HA,1441,0,5,935,1,941,G
4-HA,1442,0,2,937,0,939,G
4-HA,1443,0,920,0,1,921,T
4-HA,1444,0,908,0,0,908,T
4-HA,1445,1,0,912,0,913,G
4-HA,1446,0,913,0,1,914,T
4-HA,1447,0,910,0,1,911,T
4-HA,1448,0,910,0,1,911,T
4-HA,1449,4,0,0,911,915,C
4-HA,1450,913,0,0,0,913,A
4-HA,1451,913,0,0,1,914,A
4-HA,1452,913,0,1,0,914,A
4-HA,1453,918,0,1,0,919,A
4-HA,1454,0,923,0,0,923,T
4-HA,1455,915,0,0,0,915,A
4-HA,1456,0,916,0,0,916,T
4-HA,1457,914,0,1,0,915,A
4-HA,1458,0,0,0,930,930,C
4-HA,1459,1,0,0,923,924,C
4-HA,1460,916,0,0,0,916,A
4-HA,1461,1,0,0,922,923,C
4-HA,1462,917,0,0,0,917,A
4-HA,1463,918,0,1,0,919,A
4-HA,1464,920,0,0,0,920,A
4-HA,1465,0,920,0,1,921,T
4-HA,1466,1,0,924,0,925,G
4-HA,1467,0,905,0,3,908,T
4-HA,1468,1,6,903,0,910,G
4-HA,1469,913,1,0,0,914,A
4-HA,1470,3,0,0,909,912,C
4-HA,1471,902,0,0,0,902,A
4-HA,1472,905,0,0,0,905,A
4-HA,1473,0,921,0,0,921,T
4-HA,1474,0,0,927,0,927,G
4-HA,1475,0,0,0,925,925,C
4-HA,1476,0,0,0,933,933,C
4-HA,1477,0,925,0,1,926,T
4-HA,1478,0,1,958,0,959,G
4-HA,1479,1,0,0,959,960,C
4-HA,1480,957,0,0,0,957,A
4-HA,1481,0,955,0,1,956,T
4-HA,1482,929,0,0,0,929,A
4-HA,1483,0,6,934,0,940,G
4-HA,1484,1,3,932,0,936,G
4-HA,1485,937,0,0,0,937,A
4-HA,1486,1,932,2,0,935,T
4-HA,1487,5,0,0,880,885,C
4-HA,1488,880,0,0,0,880,A
4-HA,1489,887,0,0,0,887,A
4-HA,1490,0,888,0,0,888,T
4-HA,1491,4,2,0,883,889,C
4-HA,1492,862,0,1,0,863,A
4-HA,1493,0,0,864,0,864,G
4-HA,1494,865,0,0,0,865,A
4-HA,1495,864,0,1,0,865,A
4-HA,1496,865,0,0,0,865,A
4-HA,1497,0,863,0,0,863,T
4-HA,1498,0,2,858,0,860,G
4-HA,1499,0,2,866,0,868,G
4-HA,1500,868,0,0,0,868,A
4-HA,1501,869,1,0,0,870,A
4-HA,1502,1,0,0,861,862,C
4-HA,1503,0,852,0,1,853,T
4-HA,1504,0,855,0,0,855,T
4-HA,1505,853,0,0,0,853,A
4-HA,1506,0,855,0,1,856,T
4-HA,1507,0,7,852,0,859,G
4-HA,1508,852,0,2,0,854,A
4-HA,1509,0,0,0,852,852,C
4-HA,1510,0,1,0,846,847,C
4-HA,1511,841,0,0,0,841,A
4-HA,1512,1,1,0,855,857,C
4-HA,1513,1,2,875,0,878,G
4-HA,1514,900,0,0,0,900,A
4-HA,1515,0,908,0,1,909,T
4-HA,1516,0,0,928,0,928,G
4-HA,1517,0,922,0,0,922,T
4-HA,1518,915,0,32,0,947,A
4-HA,1519,0,947,0,1,948,T
4-HA,1520,946,0,1,0,947,A
4-HA,1521,0,0,0,948,948,C
4-HA,1522,848,0,0,0,848,A
4-HA,1523,1,3,850,0,854,G
4-HA,1524,787,0,0,0,787,A
4-HA,1525,0,1,767,0,768,G
4-HA,1526,762,0,0,0,762,A
4-HA,1527,0,701,0,0,701,T
4-HA,1528,0,2,699,0,701,G
4-HA,1529,698,0,1,0,699,A
4-HA,1530,697,0,1,0,698,A
4-HA,1531,1,0,720,0,721,G
4-HA,1532,0,0,0,701,701,C
4-HA,1533,696,0,0,0,696,A
4-HA,1534,0,694,0,0,694,T
4-HA,1535,0,697,0,0,697,T
4-HA,1536,700,0,0,0,700,A
4-HA,1537,697,0,0,0,697,A
4-HA,1538,698,0,0,0,698,A
4-HA,1539,1,0,0,697,698,C
4-HA,1540,671,0,0,0,671,A
4-HA,1541,670,0,0,0,670,A
4-HA,1542,1,1,0,669,671,C
4-HA,1543,0,0,0,669,669,C
4-HA,1544,0,2,667,0,669,G
4-HA,1545,4,1,674,1,680,G
4-HA,1546,0,679,0,1,680,T
4-HA,1547,0,673,0,0,673,T
4-HA,1548,5,0,0,668,673,C
4-HA,1549,1,1,0,673,675,C
4-HA,1550,675,0,0,0,675,A
4-HA,1551,0,3,679,0,682,G
4-HA,1552,682,1,0,0,683,A
4-HA,1553,0,681,0,0,681,T
4-HA,1554,3,0,0,660,663,C
4-HA,1555,655,0,0,0,655,A
4-HA,1556,656,0,1,0,657,A
4-HA,1557,1,2,652,0,655,G
4-HA,1558,0,2,654,0,656,G
4-HA,1559,0,1,654,0,655,G
4-HA,1560,618,0,0,0,618,A
4-HA,1561,0,0,623,0,623,G
4-HA,1562,0,623,0,0,623,T
4-HA,1563,0,619,0,0,619,T
4-HA,1564,0,2,627,0,629,G
4-HA,1565,624,0,1,0,625,A
4-HA,1566,0,0,629,0,629,G
4-HA,1567,1,0,0,629,630,C
4-HA,1568,0,622,0,0,622,T
4-HA,1569,0,0,621,0,621,G
4-HA,1570,617,0,0,0,617,A
4-HA,1571,616,0,1,0,617,A
4-HA,1572,0,0,618,0,618,G
4-HA,1573,0,603,0,1,604,T
4-HA,1574,3,0,0,598,601,C
4-HA,1575,600,0,0,0,600,A
4-HA,1576,0,0,602,0,602,G
4-HA,1577,0,0,605,0,605,G
4-HA,1578,603,0,0,0,603,A
4-HA,1579,0,608,0,0,608,T
4-HA,1580,597,1,0,0,598,A
4-HA,1581,0,0,0,598,598,C
4-HA,1582,595,0,0,0,595,A
4-HA,1583,593,0,0,0,593,A
4-HA,1584,596,0,1,0,597,A
4-HA,1585,0,0,602,0,602,G
4-HA,1586,581,0,0,0,581,A
4-HA,1587,0,576,0,0,576,T
4-HA,1588,0,573,0,0,573,T
4-HA,1589,0,2,570,0,572,G
4-HA,1590,0,0,572,0,572,G
4-HA,1591,575,0,2,0,577,A
4-HA,1592,0,574,0,2,576,T
4-HA,1593,0,0,0,579,579,C
4-HA,1594,1,0,0,567,568,C
4-HA,1595,0,559,0,0,559,T
4-HA,1596,567,0,0,0,567,A
4-HA,1597,0,564,0,0,564,T
4-HA,1598,0,3,563,0,566,G
4-HA,1599,1,0,561,0,562,G
4-HA,1600,558,0,0,0,558,A
4-HA,1601,0,555,0,1,556,T
4-HA,1602,0,552,0,0,552,T
4-HA,1603,0,556,0,0,556,T
4-HA,1604,5,0,0,555,560,C
4-HA,1605,1,0,0,558,559,C
4-HA,1606,0,552,0,1,553,T
4-HA,1607,0,549,0,0,549,T
4-HA,1608,1,547,0,0,548,T
4-HA,1609,0,0,552,0,552,G
4-HA,1610,1,0,0,550,551,C
4-HA,1611,4,1,0,548,553,C
4-HA,1612,541,0,0,0,541,A
4-HA,1613,0,539,0,0,539,T
4-HA,1614,546,0,0,0,546,A
4-HA,1615,0,548,0,0,548,T
4-HA,1616,2,0,0,541,543,C
4-HA,1617,541,0,2,0,543,A
4-HA,1618,0,534,0,0,534,T
4-HA,1619,0,0,543,0,543,G
4-HA,1620,0,539,0,0,539,T
4-HA,1621,0,535,0,0,535,T
4-HA,1622,0,531,0,0,531,T
4-HA,1623,0,511,0,0,511,T
4-HA,1624,0,508,0,0,508,T
4-HA,1625,0,510,0,0,510,T
4-HA,1626,0,1,509,0,510,G
4-HA,1627,0,0,0,507,507,C
4-HA,1628,0,486,0,0,486,T
4-HA,1629,0,484,0,1,485,T
4-HA,1630,0,484,1,0,485,T
4-HA,1631,0,0,492,0,492,G
4-HA,1632,0,491,0,1,492,T
4-HA,1633,0,0,493,0,493,G
4-HA,1634,0,492,0,1,493,T
4-HA,1635,0,485,0,0,485,T
4-HA,1636,3,0,483,0,486,G
4-HA,1637,0,0,0,484,484,C
4-HA,1638,0,483,0,1,484,T
4-HA,1639,0,488,0,0,488,T
4-HA,1640,0,459,0,0,459,T
4-HA,1641,0,1,457,0,458,G
4-HA,1642,0,455,0,0,455,T
4-HA,1643,0,455,0,0,455,T
4-HA,1644,0,5,449,0,454,G
4-HA,1645,0,1,443,0,444,G
4-HA,1646,0,1,442,0,443,G
4-HA,1647,0,0,448,0,448,G
4-HA,1648,0,437,0,0,437,T
4-HA,1649,0,434,0,1,435,T
4-HA,1650,3,0,0,427,430,C
4-HA,1651,430,0,0,0,430,A
4-HA,1652,0,429,0,1,430,T
4-HA,1653,2,0,0,428,430,C
4-HA,1654,432,0,0,0,432,A
4-HA,1655,0,417,0,0,417,T
4-HA,1656,0,0,415,0,415,G
4-HA,1657,0,412,0,0,412,T
4-HA,1658,0,1,407,0,408,G
4-HA,1659,0,1,398,0,399,G
4-HA,1660,0,0,397,0,397,G
4-HA,1661,1,1,0,387,389,C
4-HA,1662,0,0,0,383,383,C
4-HA,1663,0,365,0,0,365,T
4-HA,1664,0,0,369,0,369,G
4-HA,1665,0,0,0,370,370,C
4-HA,1666,1,0,0,369,370,C
4-HA,1667,368,0,0,0,368,A
4-HA,1668,364,0,0,0,364,A
4-HA,1669,361,0,0,0,361,A
4-HA,1670,361,0,0,0,361,A
4-HA,1671,362,0,0,0,362,A
4-HA,1672,0,2,359,0,361,G
4-HA,1673,0,0,342,0,342,G
4-HA,1674,0,0,0,341,341,C
4-HA,1675,338,0,0,0,338,A
4-HA,1676,341,0,0,0,341,A
4-HA,1677,0,0,0,342,342,C
4-HA,1678,341,0,0,0,341,A
4-HA,1679,0,341,0,0,341,T
4-HA,1680,0,335,0,0,335,T
4-HA,1681,324,0,1,0,325,A
4-HA,1682,0,0,322,0,322,G
4-HA,1683,0,0,321,0,321,G
4-HA,1684,0,316,0,0,316,T
4-HA,1685,1,0,291,0,292,G
4-HA,1686,0,0,0,273,273,C
4-HA,1687,266,0,0,0,266,A
4-HA,1688,266,0,0,0,266,A
4-HA,1689,0,0,0,266,266,C
4-HA,1690,264,0,0,0,264,A
4-HA,1691,0,253,0,0,253,T
4-HA,1692,0,241,0,0,241,T
4-HA,1693,0,239,0,0,239,T
4-HA,1694,0,0,240,0,240,G
4-HA,1695,0,0,0,236,236,C
4-HA,1696,237,0,0,0,237,A
4-HA,1697,0,222,0,0,222,T
4-HA,1698,0,215,0,0,215,T
4-HA,1699,0,210,0,0,210,T
4-HA,1700,0,0,209,0,209,G
4-HA,1701,202,0,0,0,202,A
5-NP,1,310,0,0,0,310,A
5-NP,2,0,311,0,0,311,T
5-NP,3,0,0,314,0,314,G
5-NP,4,0,0,315,0,315,G
5-NP,5,0,0,0,315,315,C
5-NP,6,0,1,320,0,321,G
5-NP,7,0,343,0,0,343,T
5-NP,8,0,0,0,346,346,C
5-NP,9,0,0,0,347,347,C
5-NP,10,0,0,0,346,346,C
5-NP,11,348,0,0,0,348,A
5-NP,12,348,0,0,0,348,A
5-NP,13,0,1,347,0,348,G
5-NP,14,0,1,360,0,361,G
5-NP,15,0,0,0,361,361,C
5-NP,16,361,0,0,0,361,A
5-NP,17,0,0,0,368,368,C
5-NP,18,0,0,0,367,367,C
5-NP,19,368,0,0,1,369,A
5-NP,20,370,0,0,0,370,A
5-NP,21,371,0,0,0,371,A
5-NP,22,0,1,0,371,372,C
5-NP,23,0,1,373,0,374,G
5-NP,24,0,0,412,0,412,G
5-NP,25,0,411,0,0,411,T
5-NP,26,0,0,0,449,449,C
5-NP,27,0,448,0,0,448,T
5-NP,28,0,453,0,1,454,T
5-NP,29,456,0,0,0,456,A
5-NP,30,1,454,0,0,455,T
5-NP,31,0,8,450,0,458,G
5-NP,32,458,0,0,0,458,A
5-NP,33,449,0,1,0,450,A
5-NP,34,0,1,0,449,450,C
5-NP,35,446,0,0,0,446,A
5-NP,36,0,1,476,0,477,G
5-NP,37,478,0,0,0,478,A
5-NP,38,0,478,0,0,478,T
5-NP,39,0,2,477,0,479,G
5-NP,40,0,1,478,0,479,G
5-NP,41,476,0,1,0,477,A
5-NP,42,481,0,1,0,482,A
5-NP,43,480,0,0,0,480,A
5-NP,44,0,0,0,493,493,C
5-NP,45,0,479,0,1,480,T
5-NP,46,0,0,486,0,486,G
5-NP,47,485,0,0,0,485,A
5-NP,48,0,483,0,0,483,T
5-NP,49,0,1,485,0,486,G
5-NP,50,0,3,482,0,485,G
5-NP,51,0,3,484,0,487,G
5-NP,52,1,1,488,0,490,G
5-NP,53,487,0,0,1,488,A
5-NP,54,0,486,0,0,486,T
5-NP,55,1,0,0,489,490,C
5-NP,56,2,0,488,0,490,G
5-NP,57,0,3,0,492,495,C
5-NP,58,0,0,0,496,496,C
5-NP,59,495,0,0,0,495,A
5-NP,60,0,2,505,0,507,G
5-NP,61,504,0,0,1,505,A
5-NP,62,517,0,0,0,517,A
5-NP,63,0,513,0,1,514,T
5-NP,64,1,1,514,0,516,G
5-NP,65,0,0,1,521,522,C
5-NP,66,521,0,1,0,522,A
5-NP,67,527,0,0,0,527,A
5-NP,68,0,0,0,529,529,C
5-NP,69,0,528,1,0,529,T
5-NP,70,0,1,533,0,534,G
5-NP,71,551,0,0,0,551,A
5-NP,72,0,2,567,1,570,G
5-NP,73,571,0,0,0,571,A
5-NP,74,0,565,0,0,565,T
5-NP,75,0,566,0,1,567,T
5-NP,76,561,0,0,0,561,A
5-NP,77,0,3,561,0,564,G
5-NP,78,1,3,565,0,569,G
5-NP,79,1,0,564,0,565,G
5-NP,80,0,1,0,556,557,C
5-NP,81,550,0,0,0,550,A
5-NP,82,0,552,0,0,552,T
5-NP,83,2,0,0,556,558,C
5-NP,84,0,1,0,553,554,C
5-NP,85,1,0,564,0,565,G
5-NP,86,0,566,0,0,566,T
5-NP,87,1,2,0,564,567,C
5-NP,88,0,3,563,0,566,G
5-NP,89,0,1,566,0,567,G
5-NP,90,0,0,571,0,571,G
5-NP,91,566,1,0,1,568,A
5-NP,92,568,0,0,0,568,A
5-NP,93,0,0,572,0,572,G
5-NP,94,566,0,0,0,566,A
5-NP,95,0,573,0,0,573,T
5-NP,96,0,2,577,0,579,G
5-NP,97,583,0,0,0,583,A
5-NP,98,0,586,0,0,586,T
5-NP,99,0,585,0,0,585,T
5-NP,100,0,2,583,0,585,G
5-NP,101,583,0,1,0,584,A
5-NP,102,0,583,0,0,583,T
5-NP,103,0,4,579,0,583,G
5-NP,104,0,0,578,0,578,G
5-NP,105,0,2,573,0,575,G
5-NP,106,617,0,0,0,617,A
5-NP,107,0,619,0,1,620,T
5-NP,108,0,619,0,0,619,T
5-NP,109,0,2,626,0,628,G
5-NP,110,0,2,627,0,629,G
5-NP,111,0,3,627,0,630,G
5-NP,112,628,0,1,2,631,A
5-NP,113,0,3,624,0,627,G
5-NP,114,617,0,0,0,617,A
5-NP,115,0,633,0,0,633,T
5-NP,116,0,632,0,0,632,T
5-NP,117,1,0,0,634,635,C
5-NP,118,0,631,0,0,631,T
5-NP,119,642,0,0,0,642,A
5-NP,120,0,0,0,641,641,C
5-NP,121,650,0,0,0,650,A
5-NP,122,0,651,0,0,651,T
5-NP,123,1,0,0,650,651,C
5-NP,124,1,0,0,651,652,C
5-NP,125,651,0,0,0,651,A
5-NP,126,656,0,0,0,656,A
5-NP,127,657,0,0,0,657,A
5-NP,128,0,653,0,2,655,T
5-NP,129,0,0,656,0,656,G
5-NP,130,1,647,0,0,648,T
5-NP,131,0,0,652,0,652,G
5-NP,132,2,0,0,649,651,C
5-NP,133,647,0,0,0,647,A
5-NP,134,0,0,0,650,650,C
5-NP,135,0,640,0,0,640,T
5-NP,136,0,3,667,0,670,G
5-NP,137,683,0,0,0,683,A
5-NP,138,690,0,0,0,690,A
5-NP,139,0,0,0,703,703,C
5-NP,140,0,697,0,0,697,T
5-NP,141,1,696,0,0,697,T
5-NP,142,696,0,0,0,696,A
5-NP,143,697,0,0,0,697,A
5-NP,144,701,0,1,0,702,A
5-NP,145,0,0,0,702,702,C
5-NP,146,1,682,0,0,683,T
5-NP,147,0,0,0,691,691,C
5-NP,148,684,0,0,1,685,A
5-NP,149,0,0,691,0,691,G
5-NP,150,0,693,0,0,693,T
5-NP,151,0,2,703,0,705,G
5-NP,152,715,0,1,0,716,A
5-NP,153,0,710,0,2,712,T
5-NP,154,7,0,0,714,721,C
5-NP,155,718,0,1,0,719,A
5-NP,156,1,716,0,1,718,T
5-NP,157,0,3,715,0,718,G
5-NP,158,710,1,0,0,711,A
5-NP,159,712,0,1,0,713,A
5-NP,160,0,4,712,0,716,G
5-NP,161,0,4,706,0,710,G
5-NP,162,1,0,711,0,712,G
5-NP,163,1,2,0,699,702,C
5-NP,164,0,0,705,0,705,G
5-NP,165,0,0,709,0,709,G
5-NP,166,0,708,1,0,709,T
5-NP,167,1,706,0,0,707,T
5-NP,168,0,4,706,0,710,G
5-NP,169,777,0,0,0,777,A
5-NP,170,0,774,0,0,774,T
5-NP,171,1,0,0,776,777,C
5-NP,172,1,0,0,779,780,C
5-NP,173,772,0,1,0,773,A
5-NP,174,1,3,776,0,780,G
5-NP,175,779,0,0,0,779,A
5-NP,176,779,0,0,0,779,A
5-NP,177,0,0,0,787,787,C
5-NP,178,738,0,0,0,738,A
5-NP,179,0,0,746,0,746,G
5-NP,180,0,0,1,748,749,C
5-NP,181,0,748,0,0,748,T
5-NP,182,0,750,0,0,750,T
5-NP,183,0,4,745,0,749,G
5-NP,184,754,1,3,0,758,A
5-NP,185,0,0,0,759,759,C
5-NP,186,755,0,0,0,755,A
5-NP,187,755,0,0,0,755,A
5-NP,188,0,752,0,0,752,T
5-NP,189,753,0,1,0,754,A
5-NP,190,1,2,754,0,757,G
5-NP,191,747,0,1,0,748,A
5-NP,192,0,1,756,0,757,G
5-NP,193,747,0,2,0,749,A
5-NP,194,772,0,0,0,772,A
5-NP,195,769,0,0,0,769,A
5-NP,196,775,0,0,0,775,A
5-NP,197,1,775,0,1,777,T
5-NP,198,0,4,775,1,780,G
5-NP,199,0,0,780,0,780,G
5-NP,200,0,774,0,1,775,T
5-NP,201,756,0,0,0,756,A
5-NP,202,0,0,0,760,760,C
5-NP,203,0,763,0,0,763,T
5-NP,204,0,0,0,773,773,C
5-NP,205,0,752,0,4,756,T
5-NP,206,1,0,0,760,761,C
5-NP,207,0,761,0,1,762,T
5-NP,208,0,0,767,0,767,G
5-NP,209,0,0,2,766,768,C
5-NP,210,0,761,0,2,763,T
5-NP,211,0,763,0,0,763,T
5-NP,212,0,765,0,0,765,T
5-NP,213,0,754,0,0,754,T
5-NP,214,0,2,758,0,760,G
5-NP,215,756,0,1,2,759,A
5-NP,216,0,760,0,0,760,T
5-NP,217,0,3,760,0,763,G
5-NP,218,758,1,0,0,759,A
5-NP,219,762,0,0,0,762,A
5-NP,220,762,0,1,0,763,A
5-NP,221,0,3,762,0,765,G
5-NP,222,766,0,0,0,766,A
5-NP,223,760,0,1,0,761,A
5-NP,224,1,2,767,0,770,G
5-NP,225,0,2,794,0,796,G
5-NP,226,796,1,0,0,797,A
5-NP,227,803,0,1,0,804,A
5-NP,228,0,801,0,0,801,T
5-NP,229,805,0,0,0,805,A
5-NP,230,807,0,0,0,807,A
5-NP,231,811,0,0,0,811,A
5-NP,232,0,807,0,0,807,T
5-NP,233,814,1,0,0,815,A
5-NP,234,0,0,0,814,814,C
5-NP,235,2,0,0,792,794,C
5-NP,236,0,790,0,0,790,T
5-NP,237,1,1,791,0,793,G
5-NP,238,1,1,805,0,807,G
5-NP,239,806,0,0,0,806,A
5-NP,240,799,0,1,0,800,A
5-NP,241,0,5,804,0,809,G
5-NP,242,803,0,0,0,803,A
5-NP,243,790,0,0,0,790,A
5-NP,244,0,1,0,790,791,C
5-NP,245,793,0,1,0,794,A
5-NP,246,1,0,0,814,815,C
5-NP,247,0,0,0,804,804,C
5-NP,248,3,1,0,799,803,C
5-NP,249,0,0,0,802,802,C
5-NP,250,792,0,0,0,792,A
5-NP,251,2,0,798,0,800,G
5-NP,252,0,1,0,792,793,C
5-NP,253,0,0,793,0,793,G
5-NP,254,0,2,0,794,796,C
5-NP,255,0,0,787,0,787,G
5-NP,256,0,1,795,0,796,G
5-NP,257,0,0,794,0,794,G
5-NP,258,0,2,798,0,800,G
5-NP,259,799,0,0,0,799,A
5-NP,260,798,0,0,0,798,A
5-NP,261,798,0,0,0,798,A
5-NP,262,1,0,800,0,801,G
5-NP,263,793,0,0,0,793,A
5-NP,264,0,792,0,0,792,T
5-NP,265,0,1,0,790,791,C
5-NP,266,3,1,0,785,789,C
5-NP,267,4,0,0,789,793,C
5-NP,268,795,0,0,0,795,A
5-NP,269,791,1,0,0,792,A
5-NP,270,0,0,794,0,794,G
5-NP,271,788,0,0,0,788,A
5-NP,272,792,0,0,1,793,A
5-NP,273,792,1,1,0,794,A
5-NP,274,794,0,1,0,795,A
5-NP,275,0,0,0,796,796,C
5-NP,276,1,789,0,0,790,T
5-NP,277,0,3,789,0,792,G
5-NP,278,0,2,791,0,793,G
5-NP,279,0,0,789,0,789,G
5-NP,280,0,1,791,0,792,G
5-NP,281,0,2,785,0,787,G
5-NP,282,0,1,800,0,801,G
5-NP,283,1,1,0,868,870,C
5-NP,284,2,1,0,868,871,C
5-NP,285,3,0,0,875,878,C
5-NP,286,985,0,1,0,986,A
5-NP,287,0,994,0,1,995,T
5-NP,288,1056,0,0,0,1056,A
5-NP,289,0,1060,0,0,1060,T
5-NP,290,1050,0,0,0,1050,A
5-NP,291,0,0,0,1057,1057,C
5-NP,292,967,0,1,1,969,A
5-NP,293,0,0,980,0,980,G
5-NP,294,0,3,978,0,981,G
5-NP,295,894,0,1,0,895,A
5-NP,296,0,0,900,0,900,G
5-NP,297,851,0,0,0,851,A
5-NP,298,0,0,863,0,863,G
5-NP,299,0,864,0,0,864,T
5-NP,300,859,0,0,0,859,A
5-NP,301,0,2,858,0,860,G
5-NP,302,849,0,0,1,850,A
5-NP,303,1,854,0,0,855,T
5-NP,304,0,2,853,0,855,G
5-NP,305,0,4,848,1,853,G
5-NP,306,854,0,1,1,856,A
5-NP,307,850,0,0,1,851,A
5-NP,308,850,0,0,1,851,A
5-NP,309,857,0,0,1,858,A
5-NP,310,0,856,0,0,856,T
5-NP,311,2,0,862,0,864,G
5-NP,312,0,0,863,0,863,G
5-NP,313,853,0,6,1,860,A
5-NP,314,0,860,0,0,860,T
5-NP,315,0,0,864,0,864,G
5-NP,316,868,0,0,1,869,A
5-NP,317,0,2,871,0,873,G
5-NP,318,0,2,866,0,868,G
5-NP,319,0,5,873,0,878,G
5-NP,320,887,0,0,0,887,A
5-NP,321,888,1,0,0,889,A
5-NP,322,1,0,0,895,896,C
5-NP,323,0,892,0,1,893,T
5-NP,324,3,2,0,899,904,C
5-NP,325,0,0,908,0,908,G
5-NP,326,0,915,0,2,917,T
5-NP,327,5,0,0,920,925,C
5-NP,328,5,0,0,1031,1036,C
5-NP,329,0,1032,0,1,1033,T
5-NP,330,0,1039,0,0,1039,T
5-NP,331,0,1036,0,0,1036,T
5-NP,332,1044,0,0,0,1044,A
5-NP,333,0,1047,1,1,1049,T
5-NP,334,0,8,1041,0,1049,G
5-NP,335,1059,0,3,0,1062,A
5-NP,336,0,0,0,1062,1062,C
5-NP,337,1041,0,1,0,1042,A
5-NP,338,1040,1,1,0,1042,A
5-NP,339,1055,0,0,0,1055,A
5-NP,340,0,1,1093,0,1094,G
5-NP,341,1090,0,0,0,1090,A
5-NP,342,1092,1,1,0,1094,A
5-NP,343,0,4,1142,0,1146,G
5-NP,344,1147,0,3,0,1150,A
5-NP,345,1155,0,0,0,1155,A
5-NP,346,1153,0,0,0,1153,A
5-NP,347,0,1152,0,0,1152,T
5-NP,348,1156,0,0,0,1156,A
5-NP,349,1140,0,0,0,1140,A
5-NP,350,0,2,1147,0,1149,G
5-NP,351,0,0,1147,0,1147,G
5-NP,352,0,0,0,1141,1141,C
5-NP,353,0,4,1137,0,1141,G
5-NP,354,1150,0,0,0,1150,A
5-NP,355,1166,1,0,0,1167,A
5-NP,356,1,1159,0,0,1160,T
5-NP,357,2,0,0,1163,1165,C
5-NP,358,0,1162,0,0,1162,T
5-NP,359,0,3,1150,0,1153,G
5-NP,360,0,1,1160,0,1161,G
5-NP,361,1,0,0,1163,1164,C
5-NP,362,0,0,1167,0,1167,G
5-NP,363,1,0,0,1161,1162,C
5-NP,364,1,0,0,1157,1158,C
5-NP,365,1158,0,0,0,1158,A
5-NP,366,1174,1,0,0,1175,A
5-NP,367,0,0,1206,0,1206,G
5-NP,368,0,0,0,1211,1211,C
5-NP,369,3,0,0,1230,1233,C
5-NP,370,1234,0,1,0,1235,A
5-NP,371,1251,2,2,0,1255,A
5-NP,372,0,0,0,1272,1272,C
5-NP,373,1272,0,1,0,1273,A
5-NP,374,1309,0,0,0,1309,A
5-NP,375,0,1311,0,1,1312,T
5-NP,376,0,4,1323,0,1327,G
5-NP,377,0,0,1330,0,1330,G
5-NP,378,0,1315,0,1,1316,T
5-NP,379,1,7,1313,0,1321,G
5-NP,380,1319,0,0,0,1319,A
5-NP,381,0,3,1344,0,1347,G
5-NP,382,0,1,1344,0,1345,G
5-NP,383,1354,1,0,0,1355,A
5-NP,384,0,1468,0,0,1468,T
5-NP,385,0,0,1479,0,1479,G
5-NP,386,0,1,0,1482,1483,C
5-NP,387,0,1482,0,3,1485,T
5-NP,388,1500,0,0,0,1500,A
5-NP,389,2,0,0,1525,1527,C
5-NP,390,1522,0,1,0,1523,A
5-NP,391,0,1519,0,0,1519,T
5-NP,392,1,0,0,1512,1513,C
5-NP,393,0,1436,0,0,1436,T
5-NP,394,2,3,1495,0,1500,G
5-NP,395,0,2,1540,0,1542,G
5-NP,396,2,1536,0,0,1538,T
5-NP,397,6,0,0,1532,1538,C
5-NP,398,0,1523,0,3,1526,T
5-NP,399,1547,0,0,0,1547,A
5-NP,400,1550,0,0,0,1550,A
5-NP,401,2,0,0,1564,1566,C
5-NP,402,0,1569,0,2,1571,T
5-NP,403,5,2,0,1574,1581,C
5-NP,404,1567,0,1,0,1568,A
5-NP,405,2,0,0,1644,1646,C
5-NP,406,1645,0,0,0,1645,A
5-NP,407,0,1657,0,0,1657,T
5-NP,408,1646,1,0,0,1647,A
5-NP,409,1651,0,1,0,1652,A
5-NP,410,0,1659,0,0,1659,T
5-NP,411,0,12,1671,0,1683,G
5-NP,412,1671,1,2,0,1674,A
5-NP,413,1,1659,0,0,1660,T
5-NP,414,0,1628,0,1,1629,T
5-NP,415,0,1634,0,0,1634,T
5-NP,416,0,5,1616,0,1621,G
5-NP,417,1,3,1624,1,1629,G
5-NP,418,0,1,0,1626,1627,C
5-NP,419,1622,0,0,0,1622,A
5-NP,420,0,1622,0,0,1622,T
5-NP,421,1,1616,0,1,1618,T
5-NP,422,3,0,0,1618,1621,C
5-NP,423,7,0,0,1616,1623,C
5-NP,424,1659,1,0,0,1660,A
5-NP,425,1660,0,0,0,1660,A
5-NP,426,1,1653,0,1,1655,T
5-NP,427,1,1658,0,0,1659,T
5-NP,428,0,1651,0,0,1651,T
5-NP,429,0,5,1663,0,1668,G
5-NP,430,1668,0,1,0,1669,A
5-NP,431,1674,0,0,0,1674,A
5-NP,432,1,1679,0,0,1680,T
5-NP,433,1,2,1666,1,1670,G
5-NP,434,1734,0,0,0,1734,A
5-NP,435,0,1735,0,0,1735,T
5-NP,436,0,2,1743,0,1745,G
5-NP,437,0,1,0,1809,1810,C
5-NP,438,1798,1,2,0,1801,A
5-NP,439,1885,1,1,0,1887,A
5-NP,440,0,0,0,1887,1887,C
5-NP,441,1923,0,0,0,1923,A
5-NP,442,0,1961,0,1,1962,T
5-NP,443,1929,0,2,0,1931,A
5-NP,444,0,1,0,1960,1961,C
5-NP,445,3,0,0,1955,1958,C
5-NP,446,1926,0,0,1,1927,A
5-NP,447,0,2,1951,0,1953,G
5-NP,448,1906,0,1,0,1907,A
5-NP,449,0,4,1958,0,1962,G
5-NP,450,1,6,1945,0,1952,G
5-NP,451,1937,0,2,0,1939,A
5-NP,452,1,1,0,1955,1957,C
5-NP,453,1927,0,0,0,1927,A
5-NP,454,1929,1,1,0,1931,A
5-NP,455,1,5,1931,0,1937,G
5-NP,456,1916,0,1,0,1917,A
5-NP,457,0,1,1933,0,1934,G
5-NP,458,1,0,0,1917,1918,C
5-NP,459,0,1890,0,6,1896,T
5-NP,460,8,0,0,1908,1916,C
5-NP,461,0,1904,0,2,1906,T
5-NP,462,0,1914,0,0,1914,T
5-NP,463,0,3,1920,0,1923,G
5-NP,464,0,1914,0,0,1914,T
5-NP,465,0,1914,0,3,1917,T
5-NP,466,9,0,0,1901,1910,C
5-NP,467,0,11,1900,0,1911,G
5-NP,468,1934,0,2,0,1936,A
5-NP,469,1940,0,1,0,1941,A
5-NP,470,0,0,0,1950,1950,C
5-NP,471,0,1942,0,0,1942,T
5-NP,472,1,3,1970,0,1974,G
5-NP,473,0,7,1978,0,1985,G
5-NP,474,1987,0,2,0,1989,A
5-NP,475,1991,0,1,0,1992,A
5-NP,476,0,1982,0,1,1983,T
5-NP,477,1,9,1963,2,1975,G
5-NP,478,0,4,1979,0,1983,G
5-NP,479,1998,0,1,0,1999,A
5-NP,480,1,2008,2,0,2011,T
5-NP,481,7,0,0,2009,2016,C
5-NP,482,3,0,0,2012,2015,C
5-NP,483,3,1,0,2024,2028,C
5-NP,484,2045,0,0,0,2045,A
5-NP,485,0,6,2067,0,2073,G
5-NP,486,2069,0,0,0,2069,A
5-NP,487,2069,0,1,0,2070,A
5-NP,488,0,2058,0,2,2060,T
5-NP,489,1,1,2086,0,2088,G
5-NP,490,0,2077,0,0,2077,T
5-NP,491,2,1,2089,0,2092,G
5-NP,492,4,0,0,2096,2100,C
5-NP,493,0,2077,0,5,2082,T
5-NP,494,7,0,0,2222,2229,C
5-NP,495,0,2209,0,1,2210,T
5-NP,496,6,0,0,2313,2319,C
5-NP,497,0,2321,0,0,2321,T
5-NP,498,0,8,2322,0,2330,G
5-NP,499,2346,0,3,1,2350,A
5-NP,500,0,2347,1,0,2348,T
5-NP,501,2,0,2345,0,2347,G
5-NP,502,1,1,0,2342,2344,C
5-NP,503,2266,0,2,1,2269,A
5-NP,504,0,8,2317,1,2326,G
5-NP,505,0,5,2285,0,2290,G
5-NP,506,0,1,2346,0,2347,G
5-NP,507,1,1,1,2344,2347,C
5-NP,508,0,2333,0,2,2335,T
5-NP,509,4,0,0,2325,2329,C
5-NP,510,2293,0,4,0,2297,A
5-NP,511,2333,0,1,0,2334,A
5-NP,512,1,0,0,2329,2330,C
5-NP,513,0,2325,1,2,2328,T
5-NP,514,6,0,0,2419,2425,C
5-NP,515,1,2387,0,2,2390,T
5-NP,516,7,2,0,2616,2625,C
5-NP,517,2,0,0,2628,2630,C
5-NP,518,4,0,0,2623,2627,C
5-NP,519,1,2619,2,3,2625,T
5-NP,520,2609,0,1,0,2610,A
5-NP,521,0,1,2612,0,2613,G
5-NP,522,2608,2,1,1,2612,A
5-NP,523,2565,0,0,0,2565,A
5-NP,524,2,8,2565,0,2575,G
5-NP,525,1,0,2565,0,2566,G
5-NP,526,0,2533,0,1,2534,T
5-NP,527,9,0,0,2527,2536,C
5-NP,528,2,1,0,2537,2540,C
5-NP,529,2,3,2529,0,2534,G
5-NP,530,1,6,2540,0,2547,G
5-NP,531,2540,0,0,0,2540,A
5-NP,532,0,1,2574,0,2575,G
5-NP,533,0,0,0,2586,2586,C
5-NP,534,0,2543,5,1,2549,T
5-NP,535,1,1,2551,0,2553,G
5-NP,536,2,1,0,2553,2556,C
5-NP,537,2556,0,2,0,2558,A
5-NP,538,0,3,2554,0,2557,G
5-NP,539,0,0,2573,0,2573,G
5-NP,540,0,2580,0,0,2580,T
5-NP,541,0,1,2556,0,2557,G
5-NP,542,2,0,0,2566,2568,C
5-NP,543,0,2557,0,2,2559,T
5-NP,544,2,2,2568,0,2572,G
5-NP,545,0,0,0,2572,2572,C
5-NP,546,2584,0,2,0,2586,A
5-NP,547,1,0,2635,0,2636,G
5-NP,548,0,2608,0,4,2612,T
5-NP,549,6,0,1,2611,2618,C
5-NP,550,2615,0,2,0,2617,A
5-NP,551,2617,2,0,1,2620,A
5-NP,552,2611,0,2,0,2613,A
5-NP,553,0,3,2631,0,2634,G
5-NP,554,1,9,2633,0,2643,G
5-NP,555,2631,0,2,0,2633,A
5-NP,556,2616,1,1,0,2618,A
5-NP,557,0,2617,0,1,2618,T
5-NP,558,5,5,0,2605,2615,C
5-NP,559,6,12,2598,0,2616,G
5-NP,560,1,7,2693,0,2701,G
5-NP,561,0,12,2691,0,2703,G
5-NP,562,2704,0,1,0,2705,A
5-NP,563,3,1,0,2702,2706,C
5-NP,564,2679,1,0,3,2683,A
5-NP,565,2751,1,0,0,2752,A
5-NP,566,0,2761,0,0,2761,T
5-NP,567,2,8,2765,0,2775,G
5-NP,568,2,0,2836,0,2838,G
5-NP,569,1,2783,0,1,2785,T
5-NP,570,1,3,2790,0,2794,G
5-NP,571,2797,1,1,0,2799,A
5-NP,572,0,2782,1,1,2784,T
5-NP,573,0,14,2771,1,2786,G
5-NP,574,0,13,2796,0,2809,G
5-NP,575,2800,1,4,0,2805,A
5-NP,576,2804,1,0,0,2805,A
5-NP,577,0,0,0,2795,2795,C
5-NP,578,1,2720,0,0,2721,T
5-NP,579,0,17,2862,0,2879,G
5-NP,580,2876,2,2,0,2880,A
5-NP,581,0,2878,1,2,2881,T
5-NP,582,14,0,1,2875,2890,C
5-NP,583,2838,0,1,2,2841,A
5-NP,584,0,5,2944,0,2949,G
5-NP,585,2936,0,2,0,2938,A
5-NP,586,2936,0,2,0,2938,A
5-NP,587,1,2937,0,1,2939,T
5-NP,588,1,14,2876,0,2891,G
5-NP,589,0,0,2933,0,2933,G
5-NP,590,0,2928,1,3,2932,T
5-NP,591,16,1,1,2919,2937,C
5-NP,592,2932,0,0,0,2932,A
5-NP,593,2927,0,0,1,2928,A
5-NP,594,2933,0,0,0,2933,A
5-NP,595,0,2,0,2930,2932,C
5-NP,596,0,15,2907,1,2923,G
5-NP,597,3,11,2923,1,2938,G
5-NP,598,0,10,2900,1,2911,G
5-NP,599,0,6,2925,0,2931,G
5-NP,600,0,13,2925,0,2938,G
5-NP,601,2926,1,4,2,2933,A
5-NP,602,3,2914,0,3,2920,T
5-NP,603,13,0,0,2912,2925,C
5-NP,604,2924,0,1,2,2927,A
5-NP,605,2917,0,1,1,2919,A
5-NP,606,0,1,0,2907,2908,C
5-NP,607,0,16,2876,0,2892,G
5-NP,608,2890,1,1,0,2892,A
5-NP,609,0,2880,0,4,2884,T
5-NP,610,11,1,0,2877,2889,C
5-NP,611,0,2,2890,0,2892,G
5-NP,612,2887,0,2,0,2889,A
5-NP,613,2882,0,1,0,2883,A
5-NP,614,2888,1,1,2,2892,A
5-NP,615,1,2914,1,0,2916,T
5-NP,616,0,2914,1,0,2915,T
5-NP,617,0,2889,0,3,2892,T
5-NP,618,0,2912,0,1,2913,T
5-NP,619,0,2919,0,1,2920,T
5-NP,620,1,6,2923,0,2930,G
5-NP,621,0,8,2917,0,2925,G
5-NP,622,2904,0,6,0,2910,A
5-NP,623,0,5,2926,0,2931,G
5-NP,624,2874,0,1,1,2876,A
5-NP,625,0,3,3014,0,3017,G
5-NP,626,0,6,3023,0,3029,G
5-NP,627,0,3016,1,3,3020,T
5-NP,628,0,18,3021,0,3039,G
5-NP,629,3038,0,2,2,3042,A
5-NP,630,2,8,3043,1,3054,G
5-NP,631,3045,1,2,0,3048,A
5-NP,632,3040,0,4,0,3044,A
5-NP,633,1,3033,0,1,3035,T
5-NP,634,1,12,2942,0,2955,G
5-NP,635,0,5,2927,0,2932,G
5-NP,636,3,1,2937,0,2941,G
5-NP,637,2,4,1,2922,2929,C
5-NP,638,2,8,2924,0,2934,G
5-NP,639,2,3,2941,1,2947,G
5-NP,640,2935,0,0,1,2936,A
5-NP,641,2943,0,0,0,2943,A
5-NP,642,2979,0,0,0,2979,A
5-NP,643,2984,0,3,0,2987,A
5-NP,644,2,1,0,3011,3014,C
5-NP,645,2997,0,1,0,2998,A
5-NP,646,2997,0,4,0,3001,A
5-NP,647,1,4,2995,0,3000,G
5-NP,648,2935,0,1,0,2936,A
5-NP,649,2940,1,2,0,2943,A
5-NP,650,0,1,3011,0,3012,G
5-NP,651,0,3009,0,0,3009,T
5-NP,652,0,3,3169,0,3172,G
5-NP,653,0,2,0,3159,3161,C
5-NP,654,0,3156,0,6,3162,T
5-NP,655,0,3176,0,2,3178,T
5-NP,656,3225,0,0,1,3226,A
5-NP,657,1,3226,0,1,3228,T
5-NP,658,5,15,3220,0,3240,G
5-NP,659,3155,0,6,2,3163,A
5-NP,660,2,8,3163,0,3173,G
5-NP,661,3036,1,4,0,3041,A
5-NP,662,0,12,3041,0,3053,G
5-NP,663,3037,0,0,0,3037,A
5-NP,664,3065,0,1,0,3066,A
5-NP,665,1,3039,0,1,3041,T
5-NP,666,0,3,3082,0,3085,G
5-NP,667,1,3069,0,2,3072,T
5-NP,668,2,3,3076,0,3081,G
5-NP,669,2,0,0,3072,3074,C
5-NP,670,3058,1,1,0,3060,A
5-NP,671,3064,0,2,0,3066,A
5-NP,672,0,2,0,3058,3060,C
5-NP,673,3024,1,2,0,3027,A
5-NP,674,0,3031,2,0,3033,T
5-NP,675,2,3008,0,4,3014,T
5-NP,676,8,0,0,3020,3028,C
5-NP,677,2,3008,0,1,3011,T
5-NP,678,0,3010,0,2,3012,T
5-NP,679,3014,0,0,0,3014,A
5-NP,680,3008,1,0,0,3009,A
5-NP,681,3005,1,1,0,3007,A
5-NP,682,0,3,3013,0,3016,G
5-NP,683,0,5,3005,0,3010,G
5-NP,684,2991,0,4,0,2995,A
5-NP,685,2988,0,2,0,2990,A
5-NP,686,2986,0,2,0,2988,A
5-NP,687,3027,0,2,1,3030,A
5-NP,688,1,2961,0,67,3029,T
5-NP,689,2,3028,0,0,3030,T
5-NP,690,1,3037,1,1,3040,T
5-NP,691,9,1,0,3032,3042,C
5-NP,692,3040,1,2,0,3043,A
5-NP,693,3043,0,0,0,3043,A
5-NP,694,3040,1,3,0,3044,A
5-NP,695,0,1,0,3070,3071,C
5-NP,696,3032,0,1,1,3034,A
5-NP,697,0,1,3093,0,3094,G
5-NP,698,1,0,0,3096,3097,C
5-NP,699,0,3096,0,1,3097,T
5-NP,700,1,3,3139,1,3144,G
5-NP,701,1,3,0,3138,3142,C
5-NP,702,3165,2,3,0,3170,A
5-NP,703,0,1,0,3174,3175,C
5-NP,704,3151,0,0,0,3151,A
5-NP,705,3165,0,0,0,3165,A
5-NP,706,3085,1,5,1,3092,A
5-NP,707,0,17,3213,0,3230,G
5-NP,708,3208,0,11,0,3219,A
5-NP,709,3,2,3252,0,3257,G
5-NP,710,1,1,0,3246,3248,C
5-NP,711,3241,0,5,0,3246,A
5-NP,712,3324,0,2,1,3327,A
5-NP,713,0,3322,0,2,3324,T
5-NP,714,1,9,3322,2,3334,G
5-NP,715,1,1,3346,0,3348,G
5-NP,716,0,3247,0,2,3249,T
5-NP,717,3,8,3239,0,3250,G
5-NP,718,0,18,3254,1,3273,G
5-NP,719,3269,0,2,0,3271,A
5-NP,720,1,3265,1,1,3268,T
5-NP,721,14,0,0,3170,3184,C
5-NP,722,3199,0,1,0,3200,A
5-NP,723,3215,2,2,0,3219,A
5-NP,724,0,3,3233,0,3236,G
5-NP,725,0,3207,0,1,3208,T
5-NP,726,0,12,3201,0,3213,G
5-NP,727,3154,1,4,0,3159,A
5-NP,728,1,10,3165,0,3176,G
5-NP,729,3161,4,2,0,3167,A
5-NP,730,1,9,3164,0,3174,G
5-NP,731,3146,0,3,0,3149,A
5-NP,732,3090,0,2,1,3093,A
5-NP,733,3101,0,6,0,3107,A
5-NP,734,0,0,3124,0,3124,G
5-NP,735,0,3112,0,0,3112,T
5-NP,736,18,5,0,3095,3118,C
5-NP,737,2,5,3093,1,3101,G
5-NP,738,1,17,3088,1,3107,G
5-NP,739,3109,2,2,0,3113,A
5-NP,740,3121,1,3,1,3126,A
5-NP,741,1,0,0,3133,3134,C
5-NP,742,7,1,0,3090,3098,C
5-NP,743,11,0,0,3114,3125,C
5-NP,744,3118,0,3,1,3122,A
5-NP,745,0,3,3124,0,3127,G
5-NP,746,0,5,3129,0,3134,G
5-NP,747,3124,0,0,1,3125,A
5-NP,748,3130,0,1,0,3131,A
5-NP,749,3114,0,1,1,3116,A
5-NP,750,0,2,0,3119,3121,C
5-NP,751,0,2,3116,0,3118,G
5-NP,752,1,1,0,3106,3108,C
5-NP,753,0,3098,0,1,3099,T
5-NP,754,2,8,3098,1,3109,G
5-NP,755,3096,0,1,0,3097,A
5-NP,756,0,4,3139,0,3143,G
5-NP,757,3145,1,0,0,3146,A
5-NP,758,0,3140,0,1,3141,T
5-NP,759,9,1,0,3099,3109,C
5-NP,760,4,10,3101,0,3115,G
5-NP,761,3109,0,2,1,3112,A
5-NP,762,3109,0,1,0,3110,A
5-NP,763,0,11,3108,1,3120,G
5-NP,764,3112,0,1,0,3113,A
5-NP,765,0,3076,0,0,3076,T
5-NP,766,8,0,0,3112,3120,C
5-NP,767,1,3117,0,2,3120,T
5-NP,768,7,0,1,3155,3163,C
5-NP,769,3162,1,1,0,3164,A
5-NP,770,1,3161,0,0,3162,T
5-NP,771,3168,0,0,0,3168,A
5-NP,772,1,3150,0,1,3152,T
5-NP,773,0,3130,0,0,3130,T
5-NP,774,0,3123,0,1,3124,T
5-NP,775,0,3090,1,0,3091,T
5-NP,776,0,3090,0,2,3092,T
5-NP,777,3110,1,1,0,3112,A
5-NP,778,2,0,3103,0,3105,G
5-NP,779,1,1,0,3109,3111,C
5-NP,780,3098,0,1,0,3099,A
5-NP,781,3091,0,1,0,3092,A
5-NP,782,0,8,3175,0,3183,G
5-NP,783,3177,0,0,0,3177,A
5-NP,784,0,3189,0,0,3189,T
5-NP,785,5,0,0,3197,3202,C
5-NP,786,2,3182,1,1,3186,T
5-NP,787,0,0,3280,0,3280,G
5-NP,788,1,5,0,3279,3285,C
5-NP,789,3283,1,1,0,3285,A
5-NP,790,1,3320,0,1,3322,T
5-NP,791,0,3200,0,1,3201,T
5-NP,792,1,5,3372,0,3378,G
5-NP,793,3434,0,0,1,3435,A
5-NP,794,0,3429,0,0,3429,T
5-NP,795,3433,0,3,0,3436,A
5-NP,796,0,3369,0,1,3370,T
5-NP,797,0,3334,0,1,3335,T
5-NP,798,1,11,3350,0,3362,G
5-NP,799,3324,1,4,0,3329,A
5-NP,800,1,5,3331,0,3337,G
5-NP,801,3170,0,3,1,3174,A
5-NP,802,0,9,3126,0,3135,G
5-NP,803,0,7,3166,0,3173,G
5-NP,804,3169,0,1,0,3170,A
5-NP,805,0,3164,0,0,3164,T
5-NP,806,15,0,0,3155,3170,C
5-NP,807,3145,0,0,0,3145,A
5-NP,808,1,1,3167,0,3169,G
5-NP,809,0,3148,0,1,3149,T
5-NP,810,0,3131,0,1,3132,T
5-NP,811,3,2,3126,0,3131,G
5-NP,812,1,0,0,3105,3106,C
5-NP,813,2,3100,0,6,3108,T
5-NP,814,20,2,0,3103,3125,C
5-NP,815,3126,0,2,0,3128,A
5-NP,816,1,1,1,3132,3135,C
5-NP,817,3122,0,0,0,3122,A
5-NP,818,3144,0,2,0,3146,A
5-NP,819,3149,1,1,0,3151,A
5-NP,820,1,3144,0,1,3146,T
5-NP,821,9,1,0,3147,3157,C
5-NP,822,0,3130,1,6,3137,T
5-NP,823,0,3120,0,2,3122,T
5-NP,824,3,1,3126,0,3130,G
5-NP,825,1,0,0,3129,3130,C
5-NP,826,9,1,0,3168,3178,C
5-NP,827,3,3161,0,1,3165,T
5-NP,828,3186,0,1,0,3187,A
5-NP,829,1,2,0,3178,3181,C
5-NP,830,7,2,0,3170,3179,C
5-NP,831,0,3172,0,3,3175,T
5-NP,832,0,3,3209,0,3212,G
5-NP,833,0,0,0,3215,3215,C
5-NP,834,5,1,0,3215,3221,C
5-NP,835,2,3171,0,1,3174,T
5-NP,836,1,1,3222,0,3224,G
5-NP,837,1,3209,1,2,3213,T
5-NP,838,3,1,3238,0,3242,G
5-NP,839,3,3,0,3242,3248,C
5-NP,840,2,2,3289,0,3293,G
5-NP,841,0,3248,0,1,3249,T
5-NP,842,3244,0,0,0,3244,A
5-NP,843,0,3241,0,2,3243,T
5-NP,844,1,12,3235,0,3248,G
5-NP,845,3,15,3339,0,3357,G
5-NP,846,3335,0,4,0,3339,A
5-NP,847,0,0,0,3279,3279,C
5-NP,848,6,1,0,3267,3274,C
5-NP,849,1,3220,0,5,3226,T
5-NP,850,0,0,3369,0,3369,G
5-NP,851,0,1,0,3376,3377,C
5-NP,852,3383,0,0,0,3383,A
5-NP,853,0,0,3444,0,3444,G
5-NP,854,1,3284,0,3,3288,T
5-NP,855,3377,0,1,0,3378,A
5-NP,856,0,3364,0,2,3366,T
5-NP,857,8,0,0,3351,3359,C
5-NP,858,5,2,0,3351,3358,C
5-NP,859,3206,1,0,0,3207,A
5-NP,860,0,1,3221,0,3222,G
5-NP,861,2,3203,0,0,3205,T
5-NP,862,2,6,3229,2,3239,G
5-NP,863,1,5,3216,0,3222,G
5-NP,864,0,0,3184,0,3184,G
5-NP,865,1,3181,0,1,3183,T
5-NP,866,3170,0,1,0,3171,A
5-NP,867,0,1,0,3167,3168,C
5-NP,868,1,13,3153,0,3167,G
5-NP,869,3147,2,3,0,3152,A
5-NP,870,2,0,1,3151,3154,C
5-NP,871,0,3063,0,0,3063,T
5-NP,872,0,3063,0,1,3064,T
5-NP,873,5,0,0,3062,3067,C
5-NP,874,1,6,3068,0,3075,G
5-NP,875,3075,0,1,0,3076,A
5-NP,876,3068,0,9,0,3077,A
5-NP,877,3084,1,0,0,3085,A
5-NP,878,3080,1,2,0,3083,A
5-NP,879,3072,1,2,0,3075,A
5-NP,880,0,1,3088,0,3089,G
5-NP,881,3074,0,7,0,3081,A
5-NP,882,0,13,3101,0,3114,G
5-NP,883,1,9,3131,0,3141,G
5-NP,884,1,7,3135,0,3143,G
5-NP,885,3148,1,2,0,3151,A
5-NP,886,1,3148,0,2,3151,T
5-NP,887,3160,0,0,0,3160,A
5-NP,888,0,3148,1,3,3152,T
5-NP,889,0,3162,1,0,3163,T
5-NP,890,15,0,0,3173,3188,C
5-NP,891,5,0,0,3145,3150,C
5-NP,892,0,3113,1,1,3115,T
5-NP,893,0,3113,0,0,3113,T
5-NP,894,1,7,3144,1,3153,G
5-NP,895,4,0,3173,0,3177,G
5-NP,896,0,3146,1,3,3150,T
5-NP,897,2,7,3123,0,3132,G
5-NP,898,0,5,3124,0,3129,G
5-NP,899,1,5,3250,0,3256,G
5-NP,900,3248,0,1,0,3249,A
5-NP,901,3253,1,0,0,3254,A
5-NP,902,0,3254,0,0,3254,T
5-NP,903,3206,0,1,0,3207,A
5-NP,904,1,10,3201,0,3212,G
5-NP,905,3181,0,1,0,3182,A
5-NP,906,1,0,0,3172,3173,C
5-NP,907,9,1,0,3117,3127,C
5-NP,908,16,3,0,3018,3037,C
5-NP,909,0,3056,0,1,3057,T
5-NP,910,1,3059,0,2,3062,T
5-NP,911,1,3065,0,1,3067,T
5-NP,912,8,1,0,3061,3070,C
5-NP,913,3057,0,2,0,3059,A
5-NP,914,3064,2,0,0,3066,A
5-NP,915,3052,0,2,1,3055,A
5-NP,916,1,0,0,3068,3069,C
5-NP,917,0,2976,0,1,2977,T
5-NP,918,2961,0,1,0,2962,A
5-NP,919,0,0,0,2993,2993,C
5-NP,920,2,2975,1,1,2979,T
5-NP,921,0,2974,0,4,2978,T
5-NP,922,4,0,0,2988,2992,C
5-NP,923,2977,1,1,0,2979,A
5-NP,924,2987,0,0,1,2988,A
5-NP,925,2971,0,3,0,2974,A
5-NP,926,2979,2,1,0,2982,A
5-NP,927,0,2952,0,0,2952,T
5-NP,928,2900,0,0,0,2900,A
5-NP,929,0,2,2941,0,2943,G
5-NP,930,2,0,0,2959,2961,C
5-NP,931,13,1,0,2969,2983,C
5-NP,932,2988,1,3,0,2992,A
5-NP,933,2999,1,0,0,3000,A
5-NP,934,3097,0,1,0,3098,A
5-NP,935,0,3105,2,1,3108,T
5-NP,936,3128,0,0,1,3129,A
5-NP,937,0,3126,0,1,3127,T
5-NP,938,3061,1,4,0,3066,A
5-NP,939,0,1,1,3077,3079,C
5-NP,940,2991,0,5,0,2996,A
5-NP,941,1,0,3063,1,3065,G
5-NP,942,1,1,0,3050,3052,C
5-NP,943,0,2939,1,4,2944,T
5-NP,944,0,2972,0,1,2973,T
5-NP,945,2978,0,1,0,2979,A
5-NP,946,2988,1,0,0,2989,A
5-NP,947,0,2986,0,0,2986,T
5-NP,948,14,3,0,2962,2979,C
5-NP,949,2862,0,1,0,2863,A
5-NP,950,2,10,2873,0,2885,G
5-NP,951,2882,0,3,0,2885,A
5-NP,952,0,1,0,2894,2895,C
5-NP,953,6,3,0,2856,2865,C
5-NP,954,0,2826,0,2,2828,T
5-NP,955,2836,0,2,1,2839,A
5-NP,956,2840,1,1,0,2842,A
5-NP,957,2,0,0,2861,2863,C
5-NP,958,2,12,2840,0,2854,G
5-NP,959,2796,0,0,0,2796,A
5-NP,960,0,7,2789,0,2796,G
5-NP,961,2768,0,1,1,2770,A
5-NP,962,2805,0,1,1,2807,A
5-NP,963,1,2801,0,0,2802,T
5-NP,964,6,0,1,2763,2770,C
5-NP,965,6,0,0,2764,2770,C
5-NP,966,2729,0,5,0,2734,A
5-NP,967,2,2,2750,0,2754,G
5-NP,968,3,0,0,2751,2754,C
5-NP,969,2792,1,1,0,2794,A
5-NP,970,2,0,0,2804,2806,C
5-NP,971,2762,1,3,2,2768,A
5-NP,972,0,0,0,2776,2776,C
5-NP,973,2770,0,3,0,2773,A
5-NP,974,2775,1,6,0,2782,A
5-NP,975,0,6,2776,0,2782,G
5-NP,976,2746,0,4,0,2750,A
5-NP,977,0,0,2760,0,2760,G
5-NP,978,0,2699,1,1,2701,T
5-NP,979,15,0,0,2678,2693,C
5-NP,980,2686,0,2,0,2688,A
5-NP,981,0,0,2680,0,2680,G
5-NP,982,2,1,0,2682,2685,C
5-NP,983,0,2660,0,2,2662,T
5-NP,984,0,7,2686,0,2693,G
5-NP,985,0,0,2717,0,2717,G
5-NP,986,2,2690,0,1,2693,T
5-NP,987,1,0,2708,0,2709,G
5-NP,988,1,2679,0,0,2680,T
5-NP,989,2,13,2657,0,2672,G
5-NP,990,1,2,2662,1,2666,G
5-NP,991,2650,0,5,0,2655,A
5-NP,992,0,2650,0,4,2654,T
5-NP,993,2,7,2556,0,2565,G
5-NP,994,0,1,2532,0,2533,G
5-NP,995,1,1,1,2520,2523,C
5-NP,996,2503,0,2,0,2505,A
5-NP,997,0,2504,1,1,2506,T
5-NP,998,1,0,2491,0,2492,G
5-NP,999,1,0,0,2506,2507,C
5-NP,1000,16,1,0,2488,2505,C
5-NP,1001,2507,1,0,0,2508,A
5-NP,1002,0,2498,1,2,2501,T
5-NP,1003,1,2461,0,3,2465,T
5-NP,1004,6,0,0,2466,2472,C
5-NP,1005,0,2422,0,1,2423,T
5-NP,1006,0,0,2422,0,2422,G
5-NP,1007,0,1,0,2418,2419,C
5-NP,1008,0,2311,0,1,2312,T
5-NP,1009,2,2,2323,0,2327,G
5-NP,1010,3,0,0,2283,2286,C
5-NP,1011,2287,0,1,0,2288,A
5-NP,1012,0,2286,0,2,2288,T
5-NP,1013,1,2270,0,1,2272,T
5-NP,1014,0,2268,0,1,2269,T
5-NP,1015,1,5,2266,1,2273,G
5-NP,1016,2268,1,2,0,2271,A
5-NP,1017,2268,0,1,0,2269,A
5-NP,1018,0,6,2290,0,2296,G
5-NP,1019,2283,0,1,0,2284,A
5-NP,1020,0,2267,0,1,2268,T
5-NP,1021,0,2264,0,0,2264,T
5-NP,1022,0,2266,0,0,2266,T
5-NP,1023,2263,1,1,0,2265,A
5-NP,1024,2266,1,1,0,2268,A
5-NP,1025,0,5,2267,0,2272,G
5-NP,1026,2268,0,0,0,2268,A
5-NP,1027,0,2270,0,0,2270,T
5-NP,1028,0,2223,0,2,2225,T
5-NP,1029,0,1,2242,0,2243,G
5-NP,1030,1,2240,0,1,2242,T
5-NP,1031,0,2235,0,2,2237,T
5-NP,1032,2239,0,0,0,2239,A
5-NP,1033,2237,0,1,0,2238,A
5-NP,1034,1,2,2238,0,2241,G
5-NP,1035,1,0,0,2248,2249,C
5-NP,1036,0,2199,1,6,2206,T
5-NP,1037,0,2219,0,3,2222,T
5-NP,1038,6,1,0,2221,2228,C
5-NP,1039,2225,1,1,0,2227,A
5-NP,1040,0,2220,0,0,2220,T
5-NP,1041,4,0,0,2222,2226,C
5-NP,1042,2187,0,2,0,2189,A
5-NP,1043,1,4,2179,0,2184,G
5-NP,1044,2163,0,5,0,2168,A
5-NP,1045,1,4,2167,0,2172,G
5-NP,1046,1,3,2168,0,2172,G
5-NP,1047,1,8,2157,0,2166,G
5-NP,1048,2162,0,2,0,2164,A
5-NP,1049,0,1,0,2167,2168,C
5-NP,1050,2169,1,0,0,2170,A
5-NP,1051,2176,0,0,0,2176,A
5-NP,1052,2172,0,0,0,2172,A
5-NP,1053,2175,0,4,1,2180,A
5-NP,1054,1,0,2192,0,2193,G
5-NP,1055,0,2123,0,2,2125,T
5-NP,1056,2109,1,1,0,2111,A
5-NP,1057,0,2095,0,1,2096,T
5-NP,1058,2,1,0,2100,2103,C
5-NP,1059,1,2082,0,1,2084,T
5-NP,1060,4,0,0,2095,2099,C
5-NP,1061,6,0,0,2078,2084,C
5-NP,1062,1,2064,1,0,2066,T
5-NP,1063,4,1,0,2070,2075,C
5-NP,1064,1,4,2063,0,2068,G
5-NP,1065,0,4,2073,0,2077,G
5-NP,1066,0,10,2062,0,2072,G
5-NP,1067,1,5,2059,0,2065,G
5-NP,1068,1,7,2055,1,2064,G
5-NP,1069,2015,0,1,0,2016,A
5-NP,1070,2016,0,1,1,2018,A
5-NP,1071,2019,0,3,3,2025,A
5-NP,1072,2,0,0,2024,2026,C
5-NP,1073,0,2015,0,0,2015,T
5-NP,1074,2,0,2027,0,2029,G
5-NP,1075,0,2008,0,2,2010,T
5-NP,1076,7,0,0,2009,2016,C
5-NP,1077,2042,1,1,1,2045,A
5-NP,1078,2058,0,2,0,2060,A
5-NP,1079,0,0,0,2066,2066,C
5-NP,1080,0,2061,0,0,2061,T
5-NP,1081,2025,0,0,0,2025,A
5-NP,1082,0,0,2025,0,2025,G
5-NP,1083,1993,0,2,0,1995,A
5-NP,1084,0,3,1995,0,1998,G
5-NP,1085,0,4,1992,0,1996,G
5-NP,1086,1879,0,1,0,1880,A
5-NP,1087,0,0,1920,0,1920,G
5-NP,1088,0,1890,0,0,1890,T
5-NP,1089,1896,0,3,0,1899,A
5-NP,1090,1,1,0,1899,1901,C
5-NP,1091,1871,1,2,0,1874,A
5-NP,1092,1877,0,1,1,1879,A
5-NP,1093,1862,0,2,1,1865,A
5-NP,1094,0,1845,0,0,1845,T
5-NP,1095,0,1829,0,1,1830,T
5-NP,1096,0,0,1783,0,1783,G
5-NP,1097,0,1,0,1768,1769,C
5-NP,1098,0,1752,1,2,1755,T
5-NP,1099,1,1747,0,1,1749,T
5-NP,1100,5,1,0,1747,1753,C
5-NP,1101,1754,1,1,0,1756,A
5-NP,1102,1761,0,0,1,1762,A
5-NP,1103,1761,0,2,1,1764,A
5-NP,1104,0,1764,0,1,1765,T
5-NP,1105,0,5,1756,0,1761,G
5-NP,1106,1710,1,3,1,1715,A
5-NP,1107,0,14,1703,0,1717,G
5-NP,1108,1726,0,2,0,1728,A
5-NP,1109,1727,0,0,0,1727,A
5-NP,1110,0,0,0,1728,1728,C
5-NP,1111,1706,1,0,1,1708,A
5-NP,1112,0,1708,0,0,1708,T
5-NP,1113,2,6,1736,0,1744,G
5-NP,1114,0,4,1753,0,1757,G
5-NP,1115,1762,0,0,0,1762,A
5-NP,1116,0,1720,0,0,1720,T
5-NP,1117,1700,0,0,0,1700,A
5-NP,1118,1804,0,1,0,1805,A
5-NP,1119,0,1776,1,0,1777,T
5-NP,1120,1764,1,2,0,1767,A
5-NP,1121,0,1759,0,0,1759,T
5-NP,1122,1,5,1617,0,1623,G
5-NP,1123,0,2,1603,0,1605,G
5-NP,1124,1,6,1584,0,1591,G
5-NP,1125,1581,1,1,1,1584,A
5-NP,1126,2,1582,0,0,1584,T
5-NP,1127,1,1,0,1270,1272,C
5-NP,1128,0,9,1266,0,1275,G
5-NP,1129,1268,0,1,0,1269,A
5-NP,1130,2,0,1266,0,1268,G
5-NP,1131,0,0,0,1259,1259,C
5-NP,1132,1254,0,1,0,1255,A
5-NP,1133,1,1,0,1304,1306,C
5-NP,1134,0,1288,0,0,1288,T
5-NP,1135,7,0,0,1299,1306,C
5-NP,1136,0,1302,0,2,1304,T
5-NP,1137,0,1290,0,0,1290,T
5-NP,1138,2,8,1281,0,1291,G
5-NP,1139,1284,1,1,0,1286,A
5-NP,1140,1285,0,1,0,1286,A
5-NP,1141,1,0,0,1289,1290,C
5-NP,1142,0,1044,0,0,1044,T
5-NP,1143,0,2,1047,0,1049,G
5-NP,1144,1020,0,1,0,1021,A
5-NP,1145,0,1,1025,0,1026,G
5-NP,1146,1026,0,0,0,1026,A
5-NP,1147,1014,1,0,0,1015,A
5-NP,1148,0,0,1018,0,1018,G
5-NP,1149,0,2,0,1005,1007,C
5-NP,1150,4,5,990,0,999,G
5-NP,1151,0,1,1003,0,1004,G
5-NP,1152,0,0,989,1,990,G
5-NP,1153,0,991,0,0,991,T
5-NP,1154,976,0,0,0,976,A
5-NP,1155,0,0,0,973,973,C
5-NP,1156,0,852,0,2,854,T
5-NP,1157,1,1,856,0,858,G
5-NP,1158,0,0,846,0,846,G
5-NP,1159,1,1,836,0,838,G
5-NP,1160,1,0,0,831,832,C
5-NP,1161,0,0,0,797,797,C
5-NP,1162,794,0,1,0,795,A
5-NP,1163,0,796,0,0,796,T
5-NP,1164,795,0,0,0,795,A
5-NP,1165,794,0,0,0,794,A
5-NP,1166,0,4,783,0,787,G
5-NP,1167,0,4,800,1,805,G
5-NP,1168,789,1,0,0,790,A
5-NP,1169,0,1,0,783,784,C
5-NP,1170,1,0,0,786,787,C
5-NP,1171,782,0,0,0,782,A
5-NP,1172,0,3,795,0,798,G
5-NP,1173,0,3,795,0,798,G
5-NP,1174,795,0,0,0,795,A
5-NP,1175,0,0,800,0,800,G
5-NP,1176,0,761,0,1,762,T
5-NP,1177,0,0,765,0,765,G
5-NP,1178,0,2,767,0,769,G
5-NP,1179,769,1,1,0,771,A
5-NP,1180,0,3,766,0,769,G
5-NP,1181,1,1,744,0,746,G
5-NP,1182,739,0,0,0,739,A
5-NP,1183,738,0,0,0,738,A
5-NP,1184,736,0,1,0,737,A
5-NP,1185,0,0,0,743,743,C
5-NP,1186,739,0,1,0,740,A
5-NP,1187,0,1,0,756,757,C
5-NP,1188,0,749,0,1,750,T
5-NP,1189,774,0,0,0,774,A
5-NP,1190,771,0,1,0,772,A
5-NP,1191,1,768,0,0,769,T
5-NP,1192,4,0,0,770,774,C
5-NP,1193,753,0,1,0,754,A
5-NP,1194,762,0,0,0,762,A
5-NP,1195,1,0,0,763,764,C
5-NP,1196,742,0,0,1,743,A
5-NP,1197,0,2,742,0,744,G
5-NP,1198,719,0,1,1,721,A
5-NP,1199,0,5,718,1,724,G
5-NP,1200,0,1,727,0,728,G
5-NP,1201,0,0,721,0,721,G
5-NP,1202,0,0,0,719,719,C
5-NP,1203,0,1,0,715,716,C
5-NP,1204,0,705,1,0,706,T
5-NP,1205,2,0,0,716,718,C
5-NP,1206,1,0,0,716,717,C
5-NP,1207,0,0,718,0,718,G
5-NP,1208,1,0,0,718,719,C
5-NP,1209,708,0,0,0,708,A
5-NP,1210,0,0,730,0,730,G
5-NP,1211,0,0,729,0,729,G
5-NP,1212,0,0,0,730,730,C
5-NP,1213,0,0,0,734,734,C
5-NP,1214,732,0,0,0,732,A
5-NP,1215,736,0,1,0,737,A
5-NP,1216,734,0,1,0,735,A
5-NP,1217,0,2,0,741,743,C
5-NP,1218,1,0,0,744,745,C
5-NP,1219,680,0,0,0,680,A
5-NP,1220,1,0,697,0,698,G
5-NP,1221,0,689,0,0,689,T
5-NP,1222,0,0,699,0,699,G
5-NP,1223,0,698,0,0,698,T
5-NP,1224,0,1,689,0,690,G
5-NP,1225,1,0,0,689,690,C
5-NP,1226,679,0,0,0,679,A
5-NP,1227,691,0,0,0,691,A
5-NP,1228,0,0,0,685,685,C
5-NP,1229,1,0,0,690,691,C
5-NP,1230,0,685,0,0,685,T
5-NP,1231,682,0,0,0,682,A
5-NP,1232,0,0,0,681,681,C
5-NP,1233,0,1,682,0,683,G
5-NP,1234,0,677,1,1,679,T
5-NP,1235,0,680,0,0,680,T
5-NP,1236,0,673,0,0,673,T
5-NP,1237,0,670,0,0,670,T
5-NP,1238,2,0,0,667,669,C
5-NP,1239,0,660,0,1,661,T
5-NP,1240,0,0,685,0,685,G
5-NP,1241,0,683,0,2,685,T
5-NP,1242,686,0,0,0,686,A
5-NP,1243,0,0,0,691,691,C
5-NP,1244,681,0,0,0,681,A
5-NP,1245,681,0,0,1,682,A
5-NP,1246,677,0,0,0,677,A
5-NP,1247,0,1,683,0,684,G
5-NP,1248,680,0,0,0,680,A
5-NP,1249,640,0,0,0,640,A
5-NP,1250,641,0,0,2,643,A
5-NP,1251,1,0,0,647,648,C
5-NP,1252,1,0,0,639,640,C
5-NP,1253,0,631,0,1,632,T
5-NP,1254,4,1,0,629,634,C
5-NP,1255,1,0,0,636,637,C
5-NP,1256,1,0,0,633,634,C
5-NP,1257,0,622,0,0,622,T
5-NP,1258,0,628,0,1,629,T
5-NP,1259,0,626,0,1,627,T
5-NP,1260,0,628,0,1,629,T
5-NP,1261,0,0,627,0,627,G
5-NP,1262,629,0,0,0,629,A
5-NP,1263,624,0,0,0,624,A
5-NP,1264,622,0,0,0,622,A
5-NP,1265,619,0,0,0,619,A
5-NP,1266,0,0,629,0,629,G
5-NP,1267,0,621,0,0,621,T
5-NP,1268,3,1,0,622,626,C
5-NP,1269,628,0,0,0,628,A
5-NP,1270,633,0,0,0,633,A
5-NP,1271,0,0,1,639,640,C
5-NP,1272,1,0,0,647,648,C
5-NP,1273,645,0,0,0,645,A
5-NP,1274,1,649,0,1,651,T
5-NP,1275,1,0,0,642,643,C
5-NP,1276,637,0,0,0,637,A
5-NP,1277,0,637,0,3,640,T
5-NP,1278,0,3,642,0,645,G
5-NP,1279,0,0,640,0,640,G
5-NP,1280,0,0,0,643,643,C
5-NP,1281,628,0,1,0,629,A
5-NP,1282,0,0,632,0,632,G
5-NP,1283,0,0,0,629,629,C
5-NP,1284,631,1,0,0,632,A
5-NP,1285,0,627,0,0,627,T
5-NP,1286,1,627,0,0,628,T
5-NP,1287,0,0,0,632,632,C
5-NP,1288,622,0,2,0,624,A
5-NP,1289,0,1,0,628,629,C
5-NP,1290,0,627,0,2,629,T
5-NP,1291,0,0,637,0,637,G
5-NP,1292,0,1,640,0,641,G
5-NP,1293,632,0,0,0,632,A
5-NP,1294,631,0,1,0,632,A
5-NP,1295,631,0,0,0,631,A
5-NP,1296,0,627,0,0,627,T
5-NP,1297,628,0,1,0,629,A
5-NP,1298,0,0,0,629,629,C
5-NP,1299,1,1,618,1,621,G
5-NP,1300,0,1,621,0,622,G
5-NP,1301,601,1,0,0,602,A
5-NP,1302,0,0,608,0,608,G
5-NP,1303,0,4,601,0,605,G
5-NP,1304,0,1,606,0,607,G
5-NP,1305,606,0,0,0,606,A
5-NP,1306,607,0,0,0,607,A
5-NP,1307,0,1,607,0,608,G
5-NP,1308,608,1,0,0,609,A
5-NP,1309,605,0,0,0,605,A
5-NP,1310,0,0,0,614,614,C
5-NP,1311,0,603,0,1,604,T
5-NP,1312,0,606,0,1,607,T
5-NP,1313,2,0,0,605,607,C
5-NP,1314,604,0,1,0,605,A
5-NP,1315,0,1,604,1,606,G
5-NP,1316,603,0,0,0,603,A
5-NP,1317,0,0,0,605,605,C
5-NP,1318,602,0,0,0,602,A
5-NP,1319,0,585,0,1,586,T
5-NP,1320,0,1,587,0,588,G
5-NP,1321,580,0,0,0,580,A
5-NP,1322,0,2,586,0,588,G
5-NP,1323,0,1,588,0,589,G
5-NP,1324,0,0,583,0,583,G
5-NP,1325,2,1,0,579,582,C
5-NP,1326,575,0,0,0,575,A
5-NP,1327,0,1,573,0,574,G
5-NP,1328,574,0,0,0,574,A
5-NP,1329,577,0,0,0,577,A
5-NP,1330,574,1,0,0,575,A
5-NP,1331,0,571,0,0,571,T
5-NP,1332,2,2,0,573,577,C
5-NP,1333,575,0,0,0,575,A
5-NP,1334,0,575,0,0,575,T
5-NP,1335,575,0,0,0,575,A
5-NP,1336,567,0,0,0,567,A
5-NP,1337,0,0,578,0,578,G
5-NP,1338,564,0,0,0,564,A
5-NP,1339,571,0,0,0,571,A
5-NP,1340,0,560,0,0,560,T
5-NP,1341,0,0,562,0,562,G
5-NP,1342,558,0,1,0,559,A
5-NP,1343,0,558,0,0,558,T
5-NP,1344,0,2,557,0,559,G
5-NP,1345,0,0,557,0,557,G
5-NP,1346,548,0,0,0,548,A
5-NP,1347,547,0,0,0,547,A
5-NP,1348,0,0,534,0,534,G
5-NP,1349,0,0,544,0,544,G
5-NP,1350,0,541,0,0,541,T
5-NP,1351,0,1,539,0,540,G
5-NP,1352,0,0,0,541,541,C
5-NP,1353,540,0,0,0,540,A
5-NP,1354,542,0,0,0,542,A
5-NP,1355,538,1,2,0,541,A
5-NP,1356,546,1,2,0,549,A
5-NP,1357,1,0,0,547,548,C
5-NP,1358,1,0,0,537,538,C
5-NP,1359,525,0,0,0,525,A
5-NP,1360,0,0,528,0,528,G
5-NP,1361,529,0,0,0,529,A
5-NP,1362,527,0,0,0,527,A
5-NP,1363,0,1,527,0,528,G
5-NP,1364,523,1,0,0,524,A
5-NP,1365,513,0,0,0,513,A
5-NP,1366,1,0,522,0,523,G
5-NP,1367,0,523,0,0,523,T
5-NP,1368,0,0,521,0,521,G
5-NP,1369,0,519,0,1,520,T
5-NP,1370,7,0,0,511,518,C
5-NP,1371,520,0,0,0,520,A
5-NP,1372,0,525,0,0,525,T
5-NP,1373,0,526,0,0,526,T
5-NP,1374,0,0,0,528,528,C
5-NP,1375,1,0,0,515,516,C
5-NP,1376,2,2,513,0,517,G
5-NP,1377,1,4,514,0,519,G
5-NP,1378,0,4,515,0,519,G
5-NP,1379,0,1,522,0,523,G
5-NP,1380,0,0,520,0,520,G
5-NP,1381,497,0,1,0,498,A
5-NP,1382,0,3,497,0,500,G
5-NP,1383,0,0,497,0,497,G
5-NP,1384,0,0,497,0,497,G
5-NP,1385,0,4,491,0,495,G
5-NP,1386,490,0,0,0,490,A
5-NP,1387,0,0,496,0,496,G
5-NP,1388,0,487,0,1,488,T
5-NP,1389,0,488,0,0,488,T
5-NP,1390,0,486,0,0,486,T
5-NP,1391,0,482,0,2,484,T
5-NP,1392,2,0,0,484,486,C
5-NP,1393,0,1,486,0,487,G
5-NP,1394,484,0,0,0,484,A
5-NP,1395,0,0,489,0,489,G
5-NP,1396,0,0,0,482,482,C
5-NP,1397,0,480,0,0,480,T
5-NP,1398,0,0,0,482,482,C
5-NP,1399,1,482,0,0,483,T
5-NP,1400,3,2,0,480,485,C
5-NP,1401,485,0,0,0,485,A
5-NP,1402,0,1,487,0,488,G
5-NP,1403,487,0,0,0,487,A
5-NP,1404,0,1,0,484,485,C
5-NP,1405,0,3,484,0,487,G
5-NP,1406,479,0,0,0,479,A
5-NP,1407,0,0,483,0,483,G
5-NP,1408,480,0,0,0,480,A
5-NP,1409,480,0,0,0,480,A
5-NP,1410,0,1,480,0,481,G
5-NP,1411,0,1,475,0,476,G
5-NP,1412,0,0,0,474,474,C
5-NP,1413,473,0,0,0,473,A
5-NP,1414,473,0,0,0,473,A
5-NP,1415,0,0,0,471,471,C
5-NP,1416,0,1,471,0,472,G
5-NP,1417,472,1,0,0,473,A
5-NP,1418,470,0,0,0,470,A
5-NP,1419,0,0,0,470,470,C
5-NP,1420,1,0,0,464,465,C
5-NP,1421,2,0,0,458,460,C
5-NP,1422,0,2,458,0,460,G
5-NP,1423,464,0,1,0,465,A
5-NP,1424,0,465,0,0,465,T
5-NP,1425,5,0,0,450,455,C
5-NP,1426,0,0,453,0,453,G
5-NP,1427,0,446,0,1,447,T
5-NP,1428,0,0,449,0,449,G
5-NP,1429,1,1,0,445,447,C
5-NP,1430,2,0,0,446,448,C
5-NP,1431,0,0,0,449,449,C
5-NP,1432,0,439,0,0,439,T
5-NP,1433,1,0,0,453,454,C
5-NP,1434,0,454,0,0,454,T
5-NP,1435,0,453,2,1,456,T
5-NP,1436,0,453,0,2,455,T
5-NP,1437,0,453,0,0,453,T
5-NP,1438,0,1,453,0,454,G
5-NP,1439,453,0,0,0,453,A
5-NP,1440,0,452,0,0,452,T
5-NP,1441,445,0,0,0,445,A
5-NP,1442,0,357,0,0,357,T
5-NP,1443,0,1,359,0,360,G
5-NP,1444,357,0,0,0,357,A
5-NP,1445,0,0,357,0,357,G
5-NP,1446,0,358,0,1,359,T
5-NP,1447,349,0,0,0,349,A
5-NP,1448,349,0,0,0,349,A
5-NP,1449,0,346,0,0,346,T
5-NP,1450,0,0,348,0,348,G
5-NP,1451,347,0,0,0,347,A
5-NP,1452,308,0,1,0,309,A
5-NP,1453,0,0,309,0,309,G
5-NP,1454,0,1,288,0,289,G
5-NP,1455,291,0,0,0,291,A
5-NP,1456,0,288,0,1,289,T
5-NP,1457,1,0,0,287,288,C
5-NP,1458,0,283,0,0,283,T
5-NP,1459,0,280,0,1,281,T
5-NP,1460,280,0,0,0,280,A
5-NP,1461,0,278,0,1,279,T
5-NP,1462,0,279,0,0,279,T
5-NP,1463,0,276,0,1,277,T
5-NP,1464,0,0,0,265,265,C
5-NP,1465,0,250,0,1,251,T
5-NP,1466,0,251,0,0,251,T
5-NP,1467,0,0,0,252,252,C
5-NP,1468,0,0,249,0,249,G
5-NP,1469,0,1,248,0,249,G
5-NP,1470,248,0,0,0,248,A
5-NP,1471,0,0,248,0,248,G
5-NP,1472,246,0,1,0,247,A
5-NP,1473,1,0,0,242,243,C
5-NP,1474,233,0,1,0,234,A
5-NP,1475,232,0,0,0,232,A
5-NP,1476,0,233,0,0,233,T
5-NP,1477,0,0,234,0,234,G
5-NP,1478,0,0,0,231,231,C
5-NP,1479,224,0,0,0,224,A
5-NP,1480,0,0,223,0,223,G
5-NP,1481,219,0,0,4,223,A
5-NP,1482,209,0,0,0,209,A
5-NP,1483,0,0,208,0,208,G
5-NP,1484,131,0,0,0,131,A
5-NP,1485,0,1,127,0,128,G
5-NP,1486,0,116,0,0,116,T
5-NP,1487,115,0,0,0,115,A
5-NP,1488,0,0,0,115,115,C
5-NP,1489,0,1,105,0,106,G
5-NP,1490,105,0,0,0,105,A
5-NP,1491,2,0,0,102,104,C
5-NP,1492,81,0,0,0,81,A
5-NP,1493,80,0,0,1,81,A
5-NP,1494,0,61,0,0,61,T
5-NP,1495,0,56,0,0,56,T
5-NP,1496,56,0,0,0,56,A
5-NP,1497,55,0,0,0,55,A
6-NA,1,41,0,0,0,41,A
6-NA,2,0,41,0,0,41,T
6-NA,3,0,0,41,0,41,G
6-NA,4,41,0,0,0,41,A
6-NA,5,43,0,0,0,43,A
6-NA,6,0,43,0,0,43,T
6-NA,7,0,0,0,43,43,C
6-NA,8,0,0,0,43,43,C
6-NA,9,43,0,0,0,43,A
6-NA,10,47,0,0,0,47,A
6-NA,11,48,0,0,0,48,A
6-NA,12,0,48,0,0,48,T
6-NA,13,0,0,0,48,48,C
6-NA,14,48,0,0,0,48,A
6-NA,15,48,0,0,0,48,A
6-NA,16,48,0,0,0,48,A
6-NA,17,50,0,0,0,50,A
6-NA,18,0,0,56,0,56,G
6-NA,19,60,0,0,0,60,A
6-NA,20,0,63,0,0,63,T
6-NA,21,63,0,0,0,63,A
6-NA,22,63,0,0,0,63,A
6-NA,23,0,63,0,0,63,T
6-NA,24,63,0,0,0,63,A
6-NA,25,63,0,0,0,63,A
6-NA,26,0,0,0,64,64,C
6-NA,27,0,0,65,0,65,G
6-NA,28,65,0,0,0,65,A
6-NA,29,0,65,0,0,65,T
6-NA,30,0,65,0,0,65,T
6-NA,31,0,1,66,0,67,G
6-NA,32,0,0,70,0,70,G
6-NA,33,0,0,0,71,71,C
6-NA,34,0,70,0,1,71,T
6-NA,35,1,0,0,72,73,C
6-NA,36,0,72,0,0,72,T
6-NA,37,0,0,75,0,75,G
6-NA,38,0,75,0,0,75,T
6-NA,39,0,75,0,0,75,T
6-NA,40,0,78,0,0,78,T
6-NA,41,0,0,0,80,80,C
6-NA,42,0,80,0,0,80,T
6-NA,43,0,0,0,81,81,C
6-NA,44,0,81,0,0,81,T
6-NA,45,1,0,0,81,82,C
6-NA,46,82,0,0,0,82,A
6-NA,47,0,0,0,98,98,C
6-NA,48,0,0,0,98,98,C
6-NA,49,97,0,0,0,97,A
6-NA,50,0,100,0,0,100,T
6-NA,51,0,101,0,0,101,T
6-NA,52,0,100,0,0,100,T
6-NA,53,0,0,0,103,103,C
6-NA,54,0,0,0,103,103,C
6-NA,55,104,0,0,0,104,A
6-NA,56,0,0,0,110,110,C
6-NA,57,109,0,0,0,109,A
6-NA,58,116,0,0,0,116,A
6-NA,59,0,116,0,0,116,T
6-NA,60,119,0,0,0,119,A
6-NA,61,0,119,0,0,119,T
6-NA,62,0,0,120,0,120,G
6-NA,63,0,0,0,120,120,C
6-NA,64,0,120,0,0,120,T
6-NA,65,0,121,0,0,121,T
6-NA,66,1,0,0,119,120,C
6-NA,67,0,121,0,0,121,T
6-NA,68,0,122,0,0,122,T
6-NA,69,0,0,0,123,123,C
6-NA,70,123,0,0,0,123,A
6-NA,71,0,124,0,0,124,T
6-NA,72,0,0,123,0,123,G
6-NA,73,0,0,0,124,124,C
6-NA,74,123,0,0,0,123,A
6-NA,75,123,0,0,0,123,A
6-NA,76,123,0,0,0,123,A
6-NA,77,0,125,0,0,125,T
6-NA,78,0,125,0,0,125,T
6-NA,79,0,0,125,0,125,G
6-NA,80,0,0,0,125,125,C
6-NA,81,1,0,0,123,124,C
6-NA,82,126,0,0,0,126,A
6-NA,83,0,126,0,0,126,T
6-NA,84,0,0,0,132,132,C
6-NA,85,0,132,0,0,132,T
6-NA,86,0,133,0,0,133,T
6-NA,87,0,2,139,0,141,G
6-NA,88,141,0,0,0,141,A
6-NA,89,0,143,0,0,143,T
6-NA,90,143,0,0,0,143,A
6-NA,91,144,0,0,0,144,A
6-NA,92,0,0,0,173,173,C
6-NA,93,0,172,0,0,172,T
6-NA,94,178,0,0,0,178,A
6-NA,95,0,0,0,189,189,C
6-NA,96,0,188,0,0,188,T
6-NA,97,0,0,192,0,192,G
6-NA,98,0,193,0,0,193,T
6-NA,99,193,0,0,0,193,A
6-NA,100,195,0,0,0,195,A
6-NA,101,0,0,0,190,190,C
6-NA,102,189,0,0,0,189,A
6-NA,103,0,191,0,0,191,T
6-NA,104,0,191,0,0,191,T
6-NA,105,0,0,191,0,191,G
6-NA,106,0,0,0,191,191,C
6-NA,107,192,0,1,0,193,A
6-NA,108,0,198,0,0,198,T
6-NA,109,0,198,0,0,198,T
6-NA,110,0,198,0,0,198,T
6-NA,111,0,0,0,197,197,C
6-NA,112,198,1,0,0,199,A
6-NA,113,200,0,0,0,200,A
6-NA,114,0,0,201,0,201,G
6-NA,115,0,0,0,204,204,C
6-NA,116,203,0,0,0,203,A
6-NA,117,212,0,0,0,212,A
6-NA,118,0,215,0,0,215,T
6-NA,119,215,0,1,0,216,A
6-NA,120,0,216,0,0,216,T
6-NA,121,0,3,218,0,221,G
6-NA,122,219,0,0,0,219,A
6-NA,123,224,0,0,0,224,A
6-NA,124,0,223,0,1,224,T
6-NA,125,0,224,0,0,224,T
6-NA,126,3,0,0,222,225,C
6-NA,127,222,0,0,0,222,A
6-NA,128,226,0,1,0,227,A
6-NA,129,0,0,0,225,225,C
6-NA,130,0,224,0,1,225,T
6-NA,131,0,0,0,225,225,C
6-NA,132,0,0,0,225,225,C
6-NA,133,0,0,0,228,228,C
6-NA,134,0,0,0,231,231,C
6-NA,135,1,0,0,232,233,C
6-NA,136,1,0,0,230,231,C
6-NA,137,0,0,0,232,232,C
6-NA,138,234,0,0,0,234,A
6-NA,139,234,0,0,0,234,A
6-NA,140,236,0,0,0,236,A
6-NA,141,0,0,0,237,237,C
6-NA,142,235,0,0,0,235,A
6-NA,143,237,0,0,0,237,A
6-NA,144,1,0,0,235,236,C
6-NA,145,0,0,0,238,238,C
6-NA,146,241,0,0,0,241,A
6-NA,147,241,0,1,0,242,A
6-NA,148,0,0,248,0,248,G
6-NA,149,0,248,0,0,248,T
6-NA,150,0,0,247,0,247,G
6-NA,151,248,0,0,0,248,A
6-NA,152,0,247,0,0,247,T
6-NA,153,0,0,249,0,249,G
6-NA,154,0,0,0,249,249,C
6-NA,155,0,246,0,0,246,T
6-NA,156,0,0,259,0,259,G
6-NA,157,0,257,0,0,257,T
6-NA,158,0,0,255,0,255,G
6-NA,159,0,258,0,0,258,T
6-NA,160,0,1,256,0,257,G
6-NA,161,256,0,1,0,257,A
6-NA,162,259,0,0,0,259,A
6-NA,163,0,0,0,260,260,C
6-NA,164,1,0,0,258,259,C
6-NA,165,248,0,1,0,249,A
6-NA,166,248,0,1,0,249,A
6-NA,167,0,0,0,264,264,C
6-NA,168,262,0,0,0,262,A
6-NA,169,265,0,0,0,265,A
6-NA,170,0,265,0,0,265,T
6-NA,171,264,0,0,0,264,A
6-NA,172,264,0,0,0,264,A
6-NA,173,0,262,0,0,262,T
6-NA,174,262,0,0,0,262,A
6-NA,175,0,0,264,0,264,G
6-NA,176,261,0,0,0,261,A
6-NA,177,263,0,0,0,263,A
6-NA,178,260,0,1,0,261,A
6-NA,179,0,0,264,0,264,G
6-NA,180,271,0,0,0,271,A
6-NA,181,269,0,0,0,269,A
6-NA,182,282,0,1,0,283,A
6-NA,183,1,0,0,283,284,C
6-NA,184,284,0,0,0,284,A
6-NA,185,0,294,0,0,294,T
6-NA,186,293,0,0,0,293,A
6-NA,187,296,0,0,0,296,A
6-NA,188,0,0,0,300,300,C
6-NA,189,292,1,0,0,293,A
6-NA,190,0,1,308,0,309,G
6-NA,191,308,0,1,0,309,A
6-NA,192,0,1,305,0,306,G
6-NA,193,307,1,1,0,309,A
6-NA,194,0,315,0,0,315,T
6-NA,195,311,0,1,0,312,A
6-NA,196,0,0,323,0,323,G
6-NA,197,0,321,0,0,321,T
6-NA,198,0,0,326,0,326,G
6-NA,199,0,330,0,0,330,T
6-NA,200,329,0,0,0,329,A
6-NA,201,0,326,0,0,326,T
6-NA,202,0,0,0,329,329,C
6-NA,203,1,321,0,0,322,T
6-NA,204,0,2,331,0,333,G
6-NA,205,333,0,1,0,334,A
6-NA,206,0,0,0,334,334,C
6-NA,207,0,0,1,334,335,C
6-NA,208,329,0,0,0,329,A
6-NA,209,331,0,0,0,331,A
6-NA,210,0,1,0,341,342,C
6-NA,211,343,0,0,0,343,A
6-NA,212,0,0,0,352,352,C
6-NA,213,1,0,0,347,348,C
6-NA,214,360,0,1,0,361,A
6-NA,215,0,0,1,378,379,C
6-NA,216,1,0,0,374,375,C
6-NA,217,377,0,0,0,377,A
6-NA,218,0,376,0,0,376,T
6-NA,219,377,0,0,0,377,A
6-NA,220,0,1,377,0,378,G
6-NA,221,369,0,0,0,369,A
6-NA,222,0,0,381,0,381,G
6-NA,223,373,0,0,0,373,A
6-NA,224,362,0,0,0,362,A
6-NA,225,0,0,367,0,367,G
6-NA,226,0,2,365,0,367,G
6-NA,227,365,0,0,0,365,A
6-NA,228,367,0,0,0,367,A
6-NA,229,362,0,0,1,363,A
6-NA,230,0,364,0,0,364,T
6-NA,231,365,0,0,0,365,A
6-NA,232,0,361,0,0,361,T
6-NA,233,0,0,360,0,360,G
6-NA,234,0,353,0,1,354,T
6-NA,235,2,0,0,365,367,C
6-NA,236,1,0,0,366,367,C
6-NA,237,2,0,0,366,368,C
6-NA,238,370,0,0,0,370,A
6-NA,239,373,0,0,0,373,A
6-NA,240,374,0,0,0,374,A
6-NA,241,0,0,0,377,377,C
6-NA,242,0,376,0,0,376,T
6-NA,243,373,0,0,0,373,A
6-NA,244,0,0,375,0,375,G
6-NA,245,0,0,0,376,376,C
6-NA,246,377,0,0,0,377,A
6-NA,247,1,1,380,0,382,G
6-NA,248,377,0,0,0,377,A
6-NA,249,390,0,0,0,390,A
6-NA,250,0,389,0,0,389,T
6-NA,251,391,0,0,0,391,A
6-NA,252,1,0,0,388,389,C
6-NA,253,389,0,0,0,389,A
6-NA,254,0,2,389,0,391,G
6-NA,255,391,0,0,0,391,A
6-NA,256,389,0,0,0,389,A
6-NA,257,388,0,0,0,388,A
6-NA,258,0,382,0,0,382,T
6-NA,259,0,378,0,0,378,T
6-NA,260,0,0,383,0,383,G
6-NA,261,0,0,382,0,382,G
6-NA,262,0,382,0,0,382,T
6-NA,263,4,0,0,378,382,C
6-NA,264,382,0,0,0,382,A
6-NA,265,384,0,0,0,384,A
6-NA,266,383,0,1,0,384,A
6-NA,267,0,0,385,0,385,G
6-NA,268,0,1,0,382,383,C
6-NA,269,1,0,0,381,382,C
6-NA,270,0,0,381,0,381,G
6-NA,271,0,0,0,382,382,C
6-NA,272,382,0,0,0,382,A
6-NA,273,381,0,1,0,382,A
6-NA,274,0,382,0,0,382,T
6-NA,275,0,1,380,0,381,G
6-NA,276,0,0,0,377,377,C
6-NA,277,1,0,376,0,377,G
6-NA,278,385,0,0,0,385,A
6-NA,279,0,0,0,387,387,C
6-NA,280,394,0,0,0,394,A
6-NA,281,0,403,0,0,403,T
6-NA,282,0,401,0,0,401,T
6-NA,283,402,0,0,0,402,A
6-NA,284,0,0,0,403,403,C
6-NA,285,403,0,0,0,403,A
6-NA,286,0,1,404,0,405,G
6-NA,287,0,0,397,0,397,G
6-NA,288,393,0,0,0,393,A
6-NA,289,0,395,0,0,395,T
6-NA,290,0,384,0,0,384,T
6-NA,291,0,386,0,0,386,T
6-NA,292,0,0,384,0,384,G
6-NA,293,0,0,0,384,384,C
6-NA,294,386,0,0,0,386,A
6-NA,295,0,0,0,388,388,C
6-NA,296,2,0,0,381,383,C
6-NA,297,0,381,0,0,381,T
6-NA,298,0,383,0,0,383,T
6-NA,299,0,382,0,0,382,T
6-NA,300,0,382,0,0,382,T
6-NA,301,0,392,0,0,392,T
6-NA,302,1,0,0,393,394,C
6-NA,303,0,391,0,0,391,T
6-NA,304,391,0,0,0,391,A
6-NA,305,390,0,1,0,391,A
6-NA,306,0,1,391,0,392,G
6-NA,307,0,3,388,0,391,G
6-NA,308,392,0,0,0,392,A
6-NA,309,0,0,0,390,390,C
6-NA,310,386,0,0,0,386,A
6-NA,311,387,0,0,0,387,A
6-NA,312,0,384,1,0,385,T
6-NA,313,0,388,0,0,388,T
6-NA,314,1,0,0,392,393,C
6-NA,315,1,2,390,0,393,G
6-NA,316,392,0,0,0,392,A
6-NA,317,0,394,0,0,394,T
6-NA,318,0,391,0,0,391,T
6-NA,319,390,0,1,0,391,A
6-NA,320,0,0,394,0,394,G
6-NA,321,1,0,393,0,394,G
6-NA,322,0,0,0,393,393,C
6-NA,323,0,385,0,1,386,T
6-NA,324,0,385,0,0,385,T
6-NA,325,0,386,0,0,386,T
6-NA,326,0,0,0,391,391,C
6-NA,327,0,2,0,391,393,C
6-NA,328,1,1,392,0,394,G
6-NA,329,0,0,0,394,394,C
6-NA,330,1,390,0,0,391,T
6-NA,331,0,0,399,0,399,G
6-NA,332,0,0,398,0,398,G
6-NA,333,0,398,0,0,398,T
6-NA,334,1,0,395,0,396,G
6-NA,335,0,0,398,0,398,G
6-NA,336,0,0,402,0,402,G
6-NA,337,0,0,401,0,401,G
6-NA,338,401,0,1,0,402,A
6-NA,339,0,0,0,413,413,C
6-NA,340,408,0,0,0,408,A
6-NA,341,0,408,0,1,409,T
6-NA,342,0,0,0,410,410,C
6-NA,343,0,412,0,0,412,T
6-NA,344,0,1,408,0,409,G
6-NA,345,0,0,411,0,411,G
6-NA,346,2,1,415,0,418,G
6-NA,347,0,418,0,0,418,T
6-NA,348,0,5,409,0,414,G
6-NA,349,413,0,0,0,413,A
6-NA,350,0,0,0,420,420,C
6-NA,351,416,0,0,0,416,A
6-NA,352,421,0,0,0,421,A
6-NA,353,0,2,424,1,427,G
6-NA,354,420,0,0,0,420,A
6-NA,355,0,0,434,0,434,G
6-NA,356,438,0,0,0,438,A
6-NA,357,466,0,0,0,466,A
6-NA,358,1,0,0,532,533,C
6-NA,359,0,0,0,551,551,C
6-NA,360,0,546,0,0,546,T
6-NA,361,0,549,0,0,549,T
6-NA,362,550,0,0,0,550,A
6-NA,363,0,552,0,0,552,T
6-NA,364,0,0,576,0,576,G
6-NA,365,0,577,0,0,577,T
6-NA,366,0,1,587,0,588,G
6-NA,367,0,574,0,0,574,T
6-NA,368,3,0,0,565,568,C
6-NA,369,576,0,0,5,581,A
6-NA,370,0,584,0,0,584,T
6-NA,371,0,0,584,0,584,G
6-NA,372,0,1,0,582,583,C
6-NA,373,0,3,579,0,582,G
6-NA,374,637,0,0,0,637,A
6-NA,375,0,641,0,1,642,T
6-NA,376,1,0,0,655,656,C
6-NA,377,0,0,0,655,655,C
6-NA,378,0,658,0,0,658,T
6-NA,379,0,2,665,0,667,G
6-NA,380,665,0,1,0,666,A
6-NA,381,0,1,0,666,667,C
6-NA,382,664,1,1,0,666,A
6-NA,383,657,0,1,0,658,A
6-NA,384,1,0,685,0,686,G
6-NA,385,0,681,0,0,681,T
6-NA,386,0,0,691,0,691,G
6-NA,387,0,684,0,1,685,T
6-NA,388,0,681,0,2,683,T
6-NA,389,682,0,1,0,683,A
6-NA,390,0,682,0,1,683,T
6-NA,391,2,0,0,684,686,C
6-NA,392,685,1,1,0,687,A
6-NA,393,684,0,0,0,684,A
6-NA,394,0,675,0,2,677,T
6-NA,395,0,678,0,1,679,T
6-NA,396,0,679,0,0,679,T
6-NA,397,0,2,681,0,683,G
6-NA,398,0,1,0,723,724,C
6-NA,399,3,0,0,718,721,C
6-NA,400,3,0,0,723,726,C
6-NA,401,0,726,0,0,726,T
6-NA,402,0,727,0,0,727,T
6-NA,403,0,2,746,0,748,G
6-NA,404,0,5,743,0,748,G
6-NA,405,755,0,0,0,755,A
6-NA,406,0,0,0,756,756,C
6-NA,407,735,0,0,0,735,A
6-NA,408,0,4,752,0,756,G
6-NA,409,0,1,759,0,760,G
6-NA,410,3,3,783,0,789,G
6-NA,411,790,0,1,0,791,A
6-NA,412,786,0,0,0,786,A
6-NA,413,0,0,0,788,788,C
6-NA,414,775,0,0,0,775,A
6-NA,415,860,0,0,0,860,A
6-NA,416,0,0,0,864,864,C
6-NA,417,859,0,1,0,860,A
6-NA,418,1,0,0,866,867,C
6-NA,419,0,852,0,0,852,T
6-NA,420,871,0,0,0,871,A
6-NA,421,864,0,0,0,864,A
6-NA,422,865,0,1,0,866,A
6-NA,423,1,0,0,867,868,C
6-NA,424,829,0,0,0,829,A
6-NA,425,839,0,1,0,840,A
6-NA,426,0,1,0,846,847,C
6-NA,427,0,0,847,0,847,G
6-NA,428,0,843,0,0,843,T
6-NA,429,828,0,1,0,829,A
6-NA,430,0,0,0,834,834,C
6-NA,431,836,0,0,0,836,A
6-NA,432,0,840,0,0,840,T
6-NA,433,0,842,0,0,842,T
6-NA,434,1,0,0,843,844,C
6-NA,435,855,0,1,0,856,A
6-NA,436,858,0,0,0,858,A
6-NA,437,884,0,0,0,884,A
6-NA,438,0,887,0,0,887,T
6-NA,439,0,13,868,0,881,G
6-NA,440,892,0,4,0,896,A
6-NA,441,0,0,0,902,902,C
6-NA,442,894,1,1,0,896,A
6-NA,443,0,0,0,909,909,C
6-NA,444,902,0,0,1,903,A
6-NA,445,0,0,1109,0,1109,G
6-NA,446,0,1103,0,3,1106,T
6-NA,447,1126,0,1,0,1127,A
6-NA,448,0,1,0,1125,1126,C
6-NA,449,1,2,1127,0,1130,G
6-NA,450,0,1178,0,0,1178,T
6-NA,451,0,2,1182,0,1184,G
6-NA,452,1174,0,2,1,1177,A
6-NA,453,0,1180,0,0,1180,T
6-NA,454,1085,0,0,1,1086,A
6-NA,455,0,3,1089,0,1092,G
6-NA,456,0,3,1080,0,1083,G
6-NA,457,1095,0,0,0,1095,A
6-NA,458,1,1,0,1120,1122,C
6-NA,459,4,0,0,1103,1107,C
6-NA,460,3,0,0,1107,1110,C
6-NA,461,3,0,0,1117,1120,C
6-NA,462,0,1123,0,0,1123,T
6-NA,463,0,1136,0,2,1138,T
6-NA,464,1141,0,0,1,1142,A
6-NA,465,0,1139,0,0,1139,T
6-NA,466,2,1,0,1137,1140,C
6-NA,467,2,1,1123,0,1126,G
6-NA,468,0,7,1117,0,1124,G
6-NA,469,1126,1,0,0,1127,A
6-NA,470,0,1,0,1138,1139,C
6-NA,471,0,0,0,1136,1136,C
6-NA,472,3,0,0,1199,1202,C
6-NA,473,0,1196,0,3,1199,T
6-NA,474,1213,0,0,0,1213,A
6-NA,475,0,1218,0,0,1218,T
6-NA,476,0,1221,0,0,1221,T
6-NA,477,0,3,1218,0,1221,G
6-NA,478,1226,0,0,0,1226,A
6-NA,479,0,1223,0,0,1223,T
6-NA,480,0,7,1223,0,1230,G
6-NA,481,1198,0,0,0,1198,A
6-NA,482,1198,0,0,0,1198,A
6-NA,483,0,1195,0,0,1195,T
6-NA,484,0,2,1210,0,1212,G
6-NA,485,1227,1,0,0,1228,A
6-NA,486,1,0,1233,0,1234,G
6-NA,487,0,1230,0,0,1230,T
6-NA,488,0,1234,0,0,1234,T
6-NA,489,1237,0,0,0,1237,A
6-NA,490,0,1,1237,0,1238,G
6-NA,491,0,1,1245,0,1246,G
6-NA,492,1,1245,0,3,1249,T
6-NA,493,1,1,1243,0,1245,G
6-NA,494,0,1235,0,2,1237,T
6-NA,495,1,1230,0,0,1231,T
6-NA,496,5,0,0,1239,1244,C
6-NA,497,2,0,0,1248,1250,C
6-NA,498,0,1241,0,3,1244,T
6-NA,499,0,1247,0,0,1247,T
6-NA,500,12,1231,0,0,1243,T
6-NA,501,0,1237,0,3,1240,T
6-NA,502,1,1,0,1244,1246,C
6-NA,503,1239,0,0,0,1239,A
6-NA,504,1,1264,0,1,1266,T
6-NA,505,1,0,0,1264,1265,C
6-NA,506,0,1255,0,0,1255,T
6-NA,507,0,5,1248,0,1253,G
6-NA,508,0,3,1235,0,1238,G
6-NA,509,0,2,1242,1,1245,G
6-NA,510,0,8,1246,0,1254,G
6-NA,511,1247,0,0,0,1247,A
6-NA,512,0,0,0,1256,1256,C
6-NA,513,5,0,0,1227,1232,C
6-NA,514,1254,0,0,0,1254,A
6-NA,515,1253,0,0,0,1253,A
6-NA,516,0,0,1256,0,1256,G
6-NA,517,0,0,0,1252,1252,C
6-NA,518,1251,0,1,0,1252,A
6-NA,519,1281,0,1,0,1282,A
6-NA,520,0,0,1286,0,1286,G
6-NA,521,1,1277,1,1,1280,T
6-NA,522,1,0,1314,0,1315,G
6-NA,523,0,1304,0,2,1306,T
6-NA,524,0,1,1357,0,1358,G
6-NA,525,0,0,0,1360,1360,C
6-NA,526,1358,0,1,0,1359,A
6-NA,527,0,1371,0,0,1371,T
6-NA,528,1341,0,0,1,1342,A
6-NA,529,0,1,1387,0,1388,G
6-NA,530,0,2,0,1382,1384,C
6-NA,531,1360,0,0,0,1360,A
6-NA,532,0,1353,0,0,1353,T
6-NA,533,0,5,1325,0,1330,G
6-NA,534,0,0,1427,0,1427,G
6-NA,535,0,1429,0,2,1431,T
6-NA,536,5,1,0,1421,1427,C
6-NA,537,3,0,0,1435,1438,C
6-NA,538,1427,0,0,0,1427,A
6-NA,539,2,0,1477,0,1479,G
6-NA,540,0,0,0,1489,1489,C
6-NA,541,0,1482,0,2,1484,T
6-NA,542,8,0,0,1486,1494,C
6-NA,543,1458,0,0,0,1458,A
6-NA,544,1483,0,1,0,1484,A
6-NA,545,0,2,1487,0,1489,G
6-NA,546,0,1550,0,1,1551,T
6-NA,547,0,1544,0,1,1545,T
6-NA,548,0,0,1549,0,1549,G
6-NA,549,0,1550,0,0,1550,T
6-NA,550,7,1,1,1535,1544,C
6-NA,551,1546,0,1,0,1547,A
6-NA,552,2,3,0,1554,1559,C
6-NA,553,2,8,1545,0,1555,G
6-NA,554,1592,1,1,0,1594,A
6-NA,555,0,1600,0,0,1600,T
6-NA,556,0,3,1629,0,1632,G
6-NA,557,1,3,1642,0,1646,G
6-NA,558,1645,1,1,0,1647,A
6-NA,559,1647,0,0,0,1647,A
6-NA,560,1661,0,1,0,1662,A
6-NA,561,1663,0,4,0,1667,A
6-NA,562,0,0,1686,0,1686,G
6-NA,563,1,0,0,1682,1683,C
6-NA,564,1681,0,0,0,1681,A
6-NA,565,0,1679,0,0,1679,T
6-NA,566,0,4,1686,0,1690,G
6-NA,567,0,0,1708,0,1708,G
6-NA,568,0,0,0,1728,1728,C
6-NA,569,1,1712,0,2,1715,T
6-NA,570,0,1,1724,0,1725,G
6-NA,571,0,0,1,1723,1724,C
6-NA,572,1726,1,0,0,1727,A
6-NA,573,0,1800,0,2,1802,T
6-NA,574,0,1,1804,0,1805,G
6-NA,575,0,1814,1,0,1815,T
6-NA,576,0,1845,0,0,1845,T
6-NA,577,0,1837,1,1,1839,T
6-NA,578,0,1,1979,0,1980,G
6-NA,579,1,1975,0,4,1980,T
6-NA,580,1986,0,0,0,1986,A
6-NA,581,0,1993,0,0,1993,T
6-NA,582,1951,0,1,0,1952,A
6-NA,583,1960,0,2,0,1962,A
6-NA,584,0,1,0,1951,1952,C
6-NA,585,0,7,1924,0,1931,G
6-NA,586,1,5,1937,0,1943,G
6-NA,587,0,8,1901,0,1909,G
6-NA,588,0,10,1919,0,1929,G
6-NA,589,1,4,1915,0,1920,G
6-NA,590,1915,2,1,0,1918,A
6-NA,591,0,1929,0,0,1929,T
6-NA,592,0,7,1922,0,1929,G
6-NA,593,1955,0,1,0,1956,A
6-NA,594,0,1960,0,0,1960,T
6-NA,595,1955,0,0,0,1955,A
6-NA,596,2002,0,0,0,2002,A
6-NA,597,2007,2,0,1,2010,A
6-NA,598,2009,0,0,1,2010,A
6-NA,599,2018,0,0,1,2019,A
6-NA,600,0,2016,0,0,2016,T
6-NA,601,0,2,2021,0,2023,G
6-NA,602,2,1,0,2022,2025,C
6-NA,603,2023,0,0,0,2023,A
6-NA,604,2031,1,0,0,2032,A
6-NA,605,1,0,0,2052,2053,C
6-NA,606,0,2051,0,1,2052,T
6-NA,607,0,2,2067,0,2069,G
6-NA,608,0,0,1,2055,2056,C
6-NA,609,0,2058,0,0,2058,T
6-NA,610,2064,0,1,0,2065,A
6-NA,611,0,0,2062,0,2062,G
6-NA,612,0,1,2,2081,2084,C
6-NA,613,0,2079,0,2,2081,T
6-NA,614,0,2076,0,1,2077,T
6-NA,615,2,1,1,2081,2085,C
6-NA,616,2093,0,0,0,2093,A
6-NA,617,0,2094,1,0,2095,T
6-NA,618,0,2099,0,0,2099,T
6-NA,619,0,2110,0,1,2111,T
6-NA,620,2120,0,0,0,2120,A
6-NA,621,1,1,0,2134,2136,C
6-NA,622,2126,0,1,0,2127,A
6-NA,623,2146,0,0,1,2147,A
6-NA,624,0,2130,0,2,2132,T
6-NA,625,0,9,2123,0,2132,G
6-NA,626,0,6,2119,0,2125,G
6-NA,627,0,3,2118,0,2121,G
6-NA,628,2119,0,3,0,2122,A
6-NA,629,0,4,2170,1,2175,G
6-NA,630,0,1,2190,0,2191,G
6-NA,631,0,0,0,2335,2335,C
6-NA,632,1,2333,0,5,2339,T
6-NA,633,0,2366,1,0,2367,T
6-NA,634,0,1,2386,0,2387,G
6-NA,635,0,2389,1,0,2390,T
6-NA,636,2456,0,1,0,2457,A
6-NA,637,1,3,2459,0,2463,G
6-NA,638,2425,1,4,0,2430,A
6-NA,639,0,2449,0,2,2451,T
6-NA,640,2297,0,2,0,2299,A
6-NA,641,0,1,2295,0,2296,G
6-NA,642,0,2238,0,5,2243,T
6-NA,643,1,0,2208,0,2209,G
6-NA,644,0,2303,1,2,2306,T
6-NA,645,0,2306,0,0,2306,T
6-NA,646,1,1,2336,0,2338,G
6-NA,647,0,2330,0,6,2336,T
6-NA,648,0,2329,1,1,2331,T
6-NA,649,0,2328,0,6,2334,T
6-NA,650,4,0,0,2302,2306,C
6-NA,651,2297,0,2,6,2305,A
6-NA,652,0,2294,0,2,2296,T
6-NA,653,0,8,2278,0,2286,G
6-NA,654,0,0,2418,0,2418,G
6-NA,655,0,2369,1,1,2371,T
6-NA,656,9,0,0,2357,2366,C
6-NA,657,8,0,0,2348,2356,C
6-NA,658,2368,0,0,0,2368,A
6-NA,659,2388,0,0,2,2390,A
6-NA,660,2380,1,5,1,2387,A
6-NA,661,0,5,2396,0,2401,G
6-NA,662,2404,0,1,0,2405,A
6-NA,663,2327,0,1,0,2328,A
6-NA,664,2324,0,0,0,2324,A
6-NA,665,1,2322,0,1,2324,T
6-NA,666,3,1,0,2395,2399,C
6-NA,667,8,1,0,2389,2398,C
6-NA,668,0,2395,0,6,2401,T
6-NA,669,2,1,0,2396,2399,C
6-NA,670,2398,0,0,0,2398,A
6-NA,671,0,4,2421,0,2425,G
6-NA,672,0,5,2423,0,2428,G
6-NA,673,2491,1,0,0,2492,A
6-NA,674,1,1,0,2492,2494,C
6-NA,675,3,0,0,2451,2454,C
6-NA,676,7,0,0,2444,2451,C
6-NA,677,2450,0,3,1,2454,A
6-NA,678,1,1,2453,0,2455,G
6-NA,679,1,6,2457,0,2464,G
6-NA,680,2443,1,3,0,2447,A
6-NA,681,0,1,2485,0,2486,G
6-NA,682,0,2442,0,4,2446,T
6-NA,683,14,2,1,2432,2449,C
6-NA,684,2443,0,2,0,2445,A
6-NA,685,0,5,2461,0,2466,G
6-NA,686,2457,1,3,0,2461,A
6-NA,687,2460,1,1,0,2462,A
6-NA,688,0,2443,0,0,2443,T
6-NA,689,2,0,2461,0,2463,G
6-NA,690,2,0,1,2460,2463,C
6-NA,691,4,0,2480,0,2484,G
6-NA,692,0,2470,0,2,2472,T
6-NA,693,0,2473,0,3,2476,T
6-NA,694,0,2454,0,0,2454,T
6-NA,695,2,4,2476,0,2482,G
6-NA,696,1,2479,0,7,2487,T
6-NA,697,2492,0,2,0,2494,A
6-NA,698,1,2473,0,5,2479,T
6-NA,699,7,2,0,2465,2474,C
6-NA,700,2481,0,1,0,2482,A
6-NA,701,2479,1,0,1,2481,A
6-NA,702,0,2479,0,0,2479,T
6-NA,703,0,0,2483,0,2483,G
6-NA,704,0,11,2462,0,2473,G
6-NA,705,2505,0,3,0,2508,A
6-NA,706,2512,0,4,0,2516,A
6-NA,707,1,0,0,2539,2540,C
6-NA,708,0,2540,0,2,2542,T
6-NA,709,0,2538,0,0,2538,T
6-NA,710,2,1,2624,0,2627,G
6-NA,711,3,2620,1,2,2626,T
6-NA,712,2619,1,1,0,2621,A
6-NA,713,1,0,0,2664,2665,C
6-NA,714,2587,0,3,0,2590,A
6-NA,715,0,1,2736,0,2737,G
6-NA,716,0,2724,0,1,2725,T
6-NA,717,2814,0,3,0,2817,A
6-NA,718,0,1,2834,0,2835,G
6-NA,719,0,2782,0,0,2782,T
6-NA,720,2778,0,0,0,2778,A
6-NA,721,2777,0,2,0,2779,A
6-NA,722,0,2757,0,2,2759,T
6-NA,723,1,16,2745,0,2762,G
6-NA,724,2686,0,1,0,2687,A
6-NA,725,3,0,0,2719,2722,C
6-NA,726,0,2637,0,0,2637,T
6-NA,727,0,5,2646,1,2652,G
6-NA,728,2652,1,0,0,2653,A
6-NA,729,1,2668,0,0,2669,T
6-NA,730,1,12,2655,0,2668,G
6-NA,731,1,3,2640,0,2644,G
6-NA,732,2,9,2635,0,2646,G
6-NA,733,2611,2,3,1,2617,A
6-NA,734,1,1,2611,0,2613,G
6-NA,735,0,2593,0,0,2593,T
6-NA,736,1,3,2595,0,2599,G
6-NA,737,1,0,0,2598,2599,C
6-NA,738,0,2578,0,1,2579,T
6-NA,739,0,2579,0,0,2579,T
6-NA,740,4,0,0,2572,2576,C
6-NA,741,1,7,2565,0,2573,G
6-NA,742,1,5,2590,1,2597,G
6-NA,743,0,8,2586,0,2594,G
6-NA,744,2599,1,2,0,2602,A
6-NA,745,2581,0,0,0,2581,A
6-NA,746,2577,0,0,1,2578,A
6-NA,747,2584,2,0,0,2586,A
6-NA,748,0,1,2601,0,2602,G
6-NA,749,0,1,2,2597,2600,C
6-NA,750,0,2581,0,1,2582,T
6-NA,751,0,9,2574,0,2583,G
6-NA,752,2580,1,4,0,2585,A
6-NA,753,0,2612,0,1,2613,T
6-NA,754,2616,1,1,0,2618,A
6-NA,755,0,3,0,2760,2763,C
6-NA,756,0,2750,1,0,2751,T
6-NA,757,2744,0,0,0,2744,A
6-NA,758,2737,0,0,0,2737,A
6-NA,759,2744,1,1,0,2746,A
6-NA,760,2795,0,1,0,2796,A
6-NA,761,0,2796,1,1,2798,T
6-NA,762,2777,0,0,0,2777,A
6-NA,763,0,1,0,2789,2790,C
6-NA,764,0,2643,0,2,2645,T
6-NA,765,2672,0,0,0,2672,A
6-NA,766,2,2662,0,1,2665,T
6-NA,767,3,2855,0,2,2860,T
6-NA,768,12,1,0,2888,2901,C
6-NA,769,2862,0,1,0,2863,A
6-NA,770,0,2858,0,0,2858,T
6-NA,771,0,2857,0,0,2857,T
6-NA,772,2812,0,1,0,2813,A
6-NA,773,2818,0,1,0,2819,A
6-NA,774,1,4,2820,0,2825,G
6-NA,775,0,5,2832,0,2837,G
6-NA,776,2663,0,1,0,2664,A
6-NA,777,0,11,2667,0,2678,G
6-NA,778,1,11,2663,0,2675,G
6-NA,779,1,8,2670,0,2679,G
6-NA,780,0,5,2673,2,2680,G
6-NA,781,2673,1,3,1,2678,A
6-NA,782,2682,0,1,0,2683,A
6-NA,783,2672,0,1,0,2673,A
6-NA,784,2673,0,2,0,2675,A
6-NA,785,0,2674,0,0,2674,T
6-NA,786,10,1,0,2646,2657,C
6-NA,787,1,0,2687,0,2688,G
6-NA,788,0,2677,0,0,2677,T
6-NA,789,0,2673,0,3,2676,T
6-NA,790,18,1,0,2660,2679,C
6-NA,791,2645,0,2,0,2647,A
6-NA,792,0,2837,0,0,2837,T
6-NA,793,2830,3,0,0,2833,A
6-NA,794,0,0,0,2849,2849,C
6-NA,795,0,2827,0,3,2830,T
6-NA,796,2830,0,3,0,2833,A
6-NA,797,0,2,2827,0,2829,G
6-NA,798,2,2,0,2826,2830,C
6-NA,799,2829,0,0,0,2829,A
6-NA,800,1,0,0,2839,2840,C
6-NA,801,2723,0,2,0,2725,A
6-NA,802,0,3027,0,0,3027,T
6-NA,803,0,3010,0,1,3011,T
6-NA,804,0,0,3195,0,3195,G
6-NA,805,0,3173,0,2,3175,T
6-NA,806,10,4,0,3154,3168,C
6-NA,807,3164,0,3,1,3168,A
6-NA,808,1,9,3158,0,3168,G
6-NA,809,0,5,3174,0,3179,G
6-NA,810,3171,0,1,0,3172,A
6-NA,811,3124,0,2,0,3126,A
6-NA,812,0,1,3153,0,3154,G
6-NA,813,0,2971,1,1,2973,T
6-NA,814,1,0,2987,0,2988,G
6-NA,815,3,0,0,2985,2988,C
6-NA,816,8,2976,0,2,2986,T
6-NA,817,13,2,0,2977,2992,C
6-NA,818,2978,0,2,0,2980,A
6-NA,819,2,2,3010,0,3014,G
6-NA,820,1,0,3,3010,3014,C
6-NA,821,3004,0,1,0,3005,A
6-NA,822,0,3010,0,2,3012,T
6-NA,823,2,0,3109,0,3111,G
6-NA,824,6,3108,0,1,3115,T
6-NA,825,14,0,0,3096,3110,C
6-NA,826,2,6,3110,0,3118,G
6-NA,827,3103,0,1,0,3104,A
6-NA,828,2,6,3079,0,3087,G
6-NA,829,0,11,3084,0,3095,G
6-NA,830,3072,0,3,0,3075,A
6-NA,831,1,0,3113,0,3114,G
6-NA,832,1,3020,1,1,3023,T
6-NA,833,2,2,3028,0,3032,G
6-NA,834,1,0,1,3068,3070,C
6-NA,835,1,3053,0,0,3054,T
6-NA,836,13,0,0,3060,3073,C
6-NA,837,6,2,0,3070,3078,C
6-NA,838,0,3072,0,4,3076,T
6-NA,839,1,1,3082,0,3084,G
6-NA,840,1,0,0,3057,3058,C
6-NA,841,0,3041,0,1,3042,T
6-NA,842,3063,1,0,0,3064,A
6-NA,843,0,3021,0,1,3022,T
6-NA,844,7,1,0,3041,3049,C
6-NA,845,7,0,0,3035,3042,C
6-NA,846,0,3039,1,3,3043,T
6-NA,847,9,3,0,3049,3061,C
6-NA,848,1,10,3041,1,3053,G
6-NA,849,3077,0,1,0,3078,A
6-NA,850,0,3078,4,0,3082,T
6-NA,851,3088,0,0,0,3088,A
6-NA,852,0,3082,1,0,3083,T
6-NA,853,6,1,0,3068,3075,C
6-NA,854,4,0,0,3064,3068,C
6-NA,855,1,3048,0,5,3054,T
6-NA,856,1,5,3063,1,3070,G
6-NA,857,1,1,3083,0,3085,G
6-NA,858,1,3092,0,5,3098,T
6-NA,859,0,0,3100,0,3100,G
6-NA,860,0,3079,1,1,3081,T
6-NA,861,12,2,0,3064,3078,C
6-NA,862,3078,0,2,0,3080,A
6-NA,863,1,3,3079,0,3083,G
6-NA,864,3079,1,0,0,3080,A
6-NA,865,0,3047,0,0,3047,T
6-NA,866,2,0,3054,0,3056,G
6-NA,867,1,3006,1,1,3009,T
6-NA,868,1,0,3013,0,3014,G
6-NA,869,0,3010,0,3,3013,T
6-NA,870,7,0,0,3011,3018,C
6-NA,871,1,3015,0,1,3017,T
6-NA,872,0,1,3027,0,3028,G
6-NA,873,1,2,1,3018,3022,C
6-NA,874,3019,0,5,0,3024,A
6-NA,875,10,3,3015,0,3028,G
6-NA,876,2971,0,1,0,2972,A
6-NA,877,1,9,2971,0,2981,G
6-NA,878,2966,1,3,0,2970,A
6-NA,879,1,1,0,2994,2996,C
6-NA,880,2981,0,0,0,2981,A
6-NA,881,2993,0,0,0,2993,A
6-NA,882,2,0,0,3042,3044,C
6-NA,883,1,3034,0,1,3036,T
6-NA,884,1,6,3032,0,3039,G
6-NA,885,1,12,3019,0,3032,G
6-NA,886,3024,0,2,2,3028,A
6-NA,887,3019,0,3,0,3022,A
6-NA,888,2957,0,3,0,2960,A
6-NA,889,2,5,3002,0,3009,G
6-NA,890,0,2,3008,0,3010,G
6-NA,891,1,3,0,3001,3005,C
6-NA,892,0,2993,2,7,3002,T
6-NA,893,8,0,0,3050,3058,C
6-NA,894,3,0,0,3097,3100,C
6-NA,895,3104,1,0,1,3106,A
6-NA,896,3105,0,1,1,3107,A
6-NA,897,1,3108,0,0,3109,T
6-NA,898,3003,1,0,4,3008,A
6-NA,899,0,4,2999,0,3003,G
6-NA,900,1,1,2996,0,2998,G
6-NA,901,2,3,1,3008,3014,C
6-NA,902,2,0,1,2967,2970,C
6-NA,903,9,0,0,2938,2947,C
6-NA,904,2963,0,0,1,2964,A
6-NA,905,0,2977,4,2,2983,T
6-NA,906,9,0,0,2971,2980,C
6-NA,907,3,0,2991,0,2994,G
6-NA,908,0,2981,0,0,2981,T
6-NA,909,2917,1,2,0,2920,A
6-NA,910,0,1,2977,0,2978,G
6-NA,911,2981,0,4,1,2986,A
6-NA,912,1,2990,0,1,2992,T
6-NA,913,2936,0,1,0,2937,A
6-NA,914,1,2895,0,0,2896,T
6-NA,915,2901,0,0,0,2901,A
6-NA,916,2889,0,2,0,2891,A
6-NA,917,2951,0,2,0,2953,A
6-NA,918,1,0,0,3009,3010,C
6-NA,919,2928,1,2,0,2931,A
6-NA,920,1,2928,1,0,2930,T
6-NA,921,2907,0,0,1,2908,A
6-NA,922,2907,1,2,1,2911,A
6-NA,923,2902,1,4,3,2910,A
6-NA,924,0,5,2941,0,2946,G
6-NA,925,0,4,2966,0,2970,G
6-NA,926,2875,1,0,1,2877,A
6-NA,927,0,2853,0,1,2854,T
6-NA,928,9,0,0,2858,2867,C
6-NA,929,2885,0,3,1,2889,A
6-NA,930,1,2895,0,0,2896,T
6-NA,931,2887,0,1,0,2888,A
6-NA,932,0,3,2915,0,2918,G
6-NA,933,0,1,0,2884,2885,C
6-NA,934,2831,1,2,1,2835,A
6-NA,935,0,2753,0,1,2754,T
6-NA,936,0,2766,0,0,2766,T
6-NA,937,1,1,2846,1,2849,G
6-NA,938,0,2846,0,7,2853,T
6-NA,939,0,2900,0,1,2901,T
6-NA,940,0,2902,0,2,2904,T
6-NA,941,6,0,1,2877,2884,C
6-NA,942,5,1,0,2890,2896,C
6-NA,943,2920,2,3,0,2925,A
6-NA,944,0,2,2979,0,2981,G
6-NA,945,0,2978,0,2,2980,T
6-NA,946,0,2885,0,1,2886,T
6-NA,947,2888,0,1,0,2889,A
6-NA,948,0,2855,0,0,2855,T
6-NA,949,4,0,2849,0,2853,G
6-NA,950,0,2812,0,0,2812,T
6-NA,951,1,0,2829,0,2830,G
6-NA,952,1,2765,0,3,2769,T
6-NA,953,3,1,2827,0,2831,G
6-NA,954,0,2828,0,3,2831,T
6-NA,955,2,2811,0,2,2815,T
6-NA,956,7,0,0,2808,2815,C
6-NA,957,2795,0,2,0,2797,A
6-NA,958,2,4,2810,0,2816,G
6-NA,959,0,8,2805,0,2813,G
6-NA,960,2792,0,2,0,2794,A
6-NA,961,0,0,0,2798,2798,C
6-NA,962,0,2705,0,1,2706,T
6-NA,963,1,2716,0,0,2717,T
6-NA,964,1,0,2815,0,2816,G
6-NA,965,2,2805,1,7,2815,T
6-NA,966,1,2804,0,2,2807,T
6-NA,967,1,2,2792,1,2796,G
6-NA,968,1,8,2795,0,2804,G
6-NA,969,2791,2,7,0,2800,A
6-NA,970,1,14,2791,0,2806,G
6-NA,971,2792,1,5,0,2798,A
6-NA,972,2,1,0,2786,2789,C
6-NA,973,2707,0,0,0,2707,A
6-NA,974,1,2,0,2702,2705,C
6-NA,975,2714,0,4,1,2719,A
6-NA,976,0,0,0,2720,2720,C
6-NA,977,6,0,0,2709,2715,C
6-NA,978,8,3,0,2713,2724,C
6-NA,979,2716,0,1,0,2717,A
6-NA,980,0,10,2723,0,2733,G
6-NA,981,2725,0,0,0,2725,A
6-NA,982,2744,0,2,1,2747,A
6-NA,983,2727,1,1,0,2729,A
6-NA,984,2724,0,1,0,2725,A
6-NA,985,2710,0,0,0,2710,A
6-NA,986,2719,0,2,2,2723,A
6-NA,987,1,3,0,2725,2729,C
6-NA,988,2,12,2708,0,2722,G
6-NA,989,2711,1,1,0,2713,A
6-NA,990,0,2,0,2712,2714,C
6-NA,991,2701,0,2,0,2703,A
6-NA,992,4,0,2730,0,2734,G
6-NA,993,1,1,0,2806,2808,C
6-NA,994,0,2788,0,2,2790,T
6-NA,995,7,0,1,2799,2807,C
6-NA,996,1,0,0,2816,2817,C
6-NA,997,2824,1,1,0,2826,A
6-NA,998,2,0,2848,0,2850,G
6-NA,999,1,2,0,2848,2851,C
6-NA,1000,2840,1,2,1,2844,A
6-NA,1001,0,0,2848,0,2848,G
6-NA,1002,0,2758,0,0,2758,T
6-NA,1003,2749,3,7,1,2760,A
6-NA,1004,0,2,2759,1,2762,G
6-NA,1005,0,4,0,2764,2768,C
6-NA,1006,4,0,1,2768,2773,C
6-NA,1007,2725,0,1,0,2726,A
6-NA,1008,0,2724,0,0,2724,T
6-NA,1009,0,2717,0,1,2718,T
6-NA,1010,1,1,2782,0,2784,G
6-NA,1011,2,2758,1,4,2765,T
6-NA,1012,0,2749,0,4,2753,T
6-NA,1013,2,2756,0,0,2758,T
6-NA,1014,2,7,2727,1,2737,G
6-NA,1015,1,6,2759,0,2766,G
6-NA,1016,2742,2,3,0,2747,A
6-NA,1017,1,2758,1,0,2760,T
6-NA,1018,2,0,0,2767,2769,C
6-NA,1019,4,0,0,2741,2745,C
6-NA,1020,3,2734,1,4,2742,T
6-NA,1021,2737,0,8,0,2745,A
6-NA,1022,2753,0,3,1,2757,A
6-NA,1023,1,0,0,2807,2808,C
6-NA,1024,2768,0,1,0,2769,A
6-NA,1025,2801,1,0,0,2802,A
6-NA,1026,0,2789,1,0,2790,T
6-NA,1027,0,6,2818,0,2824,G
6-NA,1028,2815,0,0,0,2815,A
6-NA,1029,2804,1,3,0,2808,A
6-NA,1030,0,0,2824,0,2824,G
6-NA,1031,2804,0,2,0,2806,A
6-NA,1032,2753,0,3,0,2756,A
6-NA,1033,1,3,2768,0,2772,G
6-NA,1034,0,3,2768,0,2771,G
6-NA,1035,1,2738,0,0,2739,T
6-NA,1036,1,13,2719,0,2733,G
6-NA,1037,0,2,2817,1,2820,G
6-NA,1038,0,2805,1,3,2809,T
6-NA,1039,14,3,1,2778,2796,C
6-NA,1040,2799,0,0,0,2799,A
6-NA,1041,0,2792,0,2,2794,T
6-NA,1042,2,7,2777,2,2788,G
6-NA,1043,1,8,2805,0,2814,G
6-NA,1044,2799,0,4,0,2803,A
6-NA,1045,0,1,2879,0,2880,G
6-NA,1046,0,2791,1,2,2794,T
6-NA,1047,2,8,2790,0,2800,G
6-NA,1048,2797,0,1,0,2798,A
6-NA,1049,2793,0,2,0,2795,A
6-NA,1050,2800,0,2,0,2802,A
6-NA,1051,1,6,2806,0,2813,G
6-NA,1052,1,0,2792,0,2793,G
6-NA,1053,1,3,0,2778,2782,C
6-NA,1054,1,2704,1,2,2708,T
6-NA,1055,4,7,2699,0,2710,G
6-NA,1056,1,5,2708,1,2715,G
6-NA,1057,5,1,2729,0,2735,G
6-NA,1058,1,0,0,2744,2745,C
6-NA,1059,2,0,0,2741,2743,C
6-NA,1060,1,2708,0,4,2713,T
6-NA,1061,0,2718,1,1,2720,T
6-NA,1062,0,2714,1,0,2715,T
6-NA,1063,0,5,2724,0,2729,G
6-NA,1064,2722,0,1,0,2723,A
6-NA,1065,0,2703,0,0,2703,T
6-NA,1066,0,10,2660,0,2670,G
6-NA,1067,2634,0,3,1,2638,A
6-NA,1068,0,2641,1,0,2642,T
6-NA,1069,1,5,2643,0,2649,G
6-NA,1070,0,1,2687,0,2688,G
6-NA,1071,2680,0,1,1,2682,A
6-NA,1072,2680,0,1,0,2681,A
6-NA,1073,2686,0,1,0,2687,A
6-NA,1074,0,2689,1,1,2691,T
6-NA,1075,1,16,2676,0,2693,G
6-NA,1076,2699,0,2,0,2701,A
6-NA,1077,3,3,0,2676,2682,C
6-NA,1078,2,0,2698,0,2700,G
6-NA,1079,0,2641,1,3,2645,T
6-NA,1080,2,1,2663,0,2666,G
6-NA,1081,1,2662,0,1,2664,T
6-NA,1082,3,5,2664,0,2672,G
6-NA,1083,0,3,2678,0,2681,G
6-NA,1084,2668,1,4,0,2673,A
6-NA,1085,0,2709,2,0,2711,T
6-NA,1086,0,13,2697,0,2710,G
6-NA,1087,0,6,2710,0,2716,G
6-NA,1088,4,3,2714,0,2721,G
6-NA,1089,2546,4,152,1,2703,A
6-NA,1090,2703,1,1,0,2705,A
6-NA,1091,1,6,2695,2,2704,G
6-NA,1092,2671,2,0,1,2674,A
6-NA,1093,2680,0,1,0,2681,A
6-NA,1094,1,2,0,2617,2620,C
6-NA,1095,0,15,2579,0,2594,G
6-NA,1096,2587,1,1,0,2589,A
6-NA,1097,0,2556,1,1,2558,T
6-NA,1098,9,0,0,2555,2564,C
6-NA,1099,2562,1,3,0,2566,A
6-NA,1100,1,0,2565,1,2567,G
6-NA,1101,2,2,0,2568,2572,C
6-NA,1102,1,11,2556,0,2568,G
6-NA,1103,2561,0,1,0,2562,A
6-NA,1104,0,5,2560,0,2565,G
6-NA,1105,2568,0,0,0,2568,A
6-NA,1106,2566,0,2,0,2568,A
6-NA,1107,0,1,2580,0,2581,G
6-NA,1108,1,2564,0,1,2566,T
6-NA,1109,17,2,0,2537,2556,C
6-NA,1110,2554,1,2,0,2557,A
6-NA,1111,1,1,0,2636,2638,C
6-NA,1112,1,3,2631,0,2635,G
6-NA,1113,1,0,0,2634,2635,C
6-NA,1114,0,2619,0,0,2619,T
6-NA,1115,0,2617,0,3,2620,T
6-NA,1116,2576,0,0,0,2576,A
6-NA,1117,1,6,2634,0,2641,G
6-NA,1118,1,6,2638,0,2645,G
6-NA,1119,0,0,2706,0,2706,G
6-NA,1120,0,2562,1,3,2566,T
6-NA,1121,2552,0,0,0,2552,A
6-NA,1122,0,2550,1,1,2552,T
6-NA,1123,2,3,2545,1,2551,G
6-NA,1124,2541,0,3,2,2546,A
6-NA,1125,2544,0,1,0,2545,A
6-NA,1126,2437,0,3,0,2440,A
6-NA,1127,2,0,0,2423,2425,C
6-NA,1128,8,0,0,2303,2311,C
6-NA,1129,0,2093,1,6,2100,T
6-NA,1130,0,2099,0,0,2099,T
6-NA,1131,3,0,0,2096,2099,C
6-NA,1132,2100,0,0,0,2100,A
6-NA,1133,2102,0,0,0,2102,A
6-NA,1134,2101,0,0,0,2101,A
6-NA,1135,0,0,2122,0,2122,G
6-NA,1136,1,2074,0,3,2078,T
6-NA,1137,23,0,0,2059,2082,C
6-NA,1138,2107,0,1,0,2108,A
6-NA,1139,1,2111,0,0,2112,T
6-NA,1140,0,2108,0,0,2108,T
6-NA,1141,1,5,2104,0,2110,G
6-NA,1142,2106,1,4,0,2111,A
6-NA,1143,2107,1,4,0,2112,A
6-NA,1144,0,6,2089,0,2095,G
6-NA,1145,1,1,2084,0,2086,G
6-NA,1146,1,1,0,2083,2085,C
6-NA,1147,0,2028,2,4,2034,T
6-NA,1148,0,6,2037,0,2043,G
6-NA,1149,0,0,2095,0,2095,G
6-NA,1150,0,2094,0,2,2096,T
6-NA,1151,9,1,0,2085,2095,C
6-NA,1152,8,0,0,2077,2085,C
6-NA,1153,2084,0,1,0,2085,A
6-NA,1154,2097,0,1,0,2098,A
6-NA,1155,2,1,0,2109,2112,C
6-NA,1156,5,0,0,2077,2082,C
6-NA,1157,9,0,0,2061,2070,C
6-NA,1158,0,1957,0,0,1957,T
6-NA,1159,1957,0,0,0,1957,A
6-NA,1160,1957,0,1,0,1958,A
6-NA,1161,0,0,1975,0,1975,G
6-NA,1162,0,1959,1,3,1963,T
6-NA,1163,10,0,0,1936,1946,C
6-NA,1164,8,2,0,1910,1920,C
6-NA,1165,1912,0,1,0,1913,A
6-NA,1166,1906,0,2,1,1909,A
6-NA,1167,1908,0,0,0,1908,A
6-NA,1168,0,1913,0,0,1913,T
6-NA,1169,0,1903,0,1,1904,T
6-NA,1170,1,1,1883,0,1885,G
6-NA,1171,2,3,0,1869,1874,C
6-NA,1172,1868,1,4,0,1873,A
6-NA,1173,3,1,1876,0,1880,G
6-NA,1174,1876,0,0,0,1876,A
6-NA,1175,0,1915,1,0,1916,T
6-NA,1176,1915,0,1,0,1916,A
6-NA,1177,1910,0,0,0,1910,A
6-NA,1178,1907,0,2,0,1909,A
6-NA,1179,1,1907,0,1,1909,T
6-NA,1180,1895,0,1,0,1896,A
6-NA,1181,0,5,1891,0,1896,G
6-NA,1182,1,1,1877,0,1879,G
6-NA,1183,2,1,0,1872,1875,C
6-NA,1184,1809,0,0,0,1809,A
6-NA,1185,1831,0,0,0,1831,A
6-NA,1186,1,1,1843,0,1845,G
6-NA,1187,0,1837,0,1,1838,T
6-NA,1188,17,0,0,1815,1832,C
6-NA,1189,1832,0,1,0,1833,A
6-NA,1190,0,1834,0,0,1834,T
6-NA,1191,1852,0,2,0,1854,A
6-NA,1192,1,1,1858,0,1860,G
6-NA,1193,0,1852,0,0,1852,T
6-NA,1194,0,1776,0,1,1777,T
6-NA,1195,0,6,1740,0,1746,G
6-NA,1196,1735,0,2,0,1737,A
6-NA,1197,0,0,0,1733,1733,C
6-NA,1198,1712,0,2,0,1714,A
6-NA,1199,0,2,1732,0,1734,G
6-NA,1200,1712,0,2,2,1716,A
6-NA,1201,0,1,1783,0,1784,G
6-NA,1202,0,1,1792,0,1793,G
6-NA,1203,0,1780,0,0,1780,T
6-NA,1204,1779,0,0,0,1779,A
6-NA,1205,1770,1,0,0,1771,A
6-NA,1206,2,1767,0,2,1771,T
6-NA,1207,1769,0,0,0,1769,A
6-NA,1208,1,4,1716,0,1721,G
6-NA,1209,1,0,1667,0,1668,G
6-NA,1210,0,1496,0,4,1500,T
6-NA,1211,10,0,0,1482,1492,C
6-NA,1212,5,0,0,1489,1494,C
6-NA,1213,3,4,1493,0,1500,G
6-NA,1214,0,0,1504,0,1504,G
6-NA,1215,0,1501,1,0,1502,T
6-NA,1216,0,1497,0,1,1498,T
6-NA,1217,1494,0,0,0,1494,A
6-NA,1218,0,1479,0,1,1480,T
6-NA,1219,1,1474,0,0,1475,T
6-NA,1220,0,0,0,1476,1476,C
6-NA,1221,0,1415,0,1,1416,T
6-NA,1222,0,0,1415,1,1416,G
6-NA,1223,2,1,1417,0,1420,G
6-NA,1224,0,1415,0,2,1417,T
6-NA,1225,1415,0,0,0,1415,A
6-NA,1226,0,1392,0,1,1393,T
6-NA,1227,0,1392,0,4,1396,T
6-NA,1228,1,1389,0,3,1393,T
6-NA,1229,0,1404,0,2,1406,T
6-NA,1230,3,0,0,1397,1400,C
6-NA,1231,0,1388,0,1,1389,T
6-NA,1232,2,0,0,1397,1399,C
6-NA,1233,0,1395,0,0,1395,T
6-NA,1234,2,0,1417,0,1419,G
6-NA,1235,0,1418,0,1,1419,T
6-NA,1236,0,1411,0,0,1411,T
6-NA,1237,0,6,1402,0,1408,G
6-NA,1238,1390,0,0,0,1390,A
6-NA,1239,1387,0,3,0,1390,A
6-NA,1240,1,4,1399,0,1404,G
6-NA,1241,1,0,1393,0,1394,G
6-NA,1242,0,0,0,1394,1394,C
6-NA,1243,1352,0,0,0,1352,A
6-NA,1244,1351,1,0,0,1352,A
6-NA,1245,1364,0,0,0,1364,A
6-NA,1246,1360,0,3,1,1364,A
6-NA,1247,2,0,1364,1,1367,G
6-NA,1248,2,1,0,1359,1362,C
6-NA,1249,0,1341,0,3,1344,T
6-NA,1250,0,0,1355,0,1355,G
6-NA,1251,1,2,0,1346,1349,C
6-NA,1252,1351,0,0,0,1351,A
6-NA,1253,0,1347,0,2,1349,T
6-NA,1254,3,0,0,1342,1345,C
6-NA,1255,1343,0,0,1,1344,A
6-NA,1256,1343,0,0,0,1343,A
6-NA,1257,1,1335,0,0,1336,T
6-NA,1258,3,1,0,1338,1342,C
6-NA,1259,1,2,1310,0,1313,G
6-NA,1260,1,1,1327,0,1329,G
6-NA,1261,0,1326,0,1,1327,T
6-NA,1262,0,2,1334,0,1336,G
6-NA,1263,2,0,0,1338,1340,C
6-NA,1264,0,1328,0,3,1331,T
6-NA,1265,0,1347,0,1,1348,T
6-NA,1266,0,1343,0,1,1344,T
6-NA,1267,0,1349,0,1,1350,T
6-NA,1268,1355,0,0,0,1355,A
6-NA,1269,0,1303,0,1,1304,T
6-NA,1270,0,0,1304,0,1304,G
6-NA,1271,0,1282,0,1,1283,T
6-NA,1272,2,1,1266,0,1269,G
6-NA,1273,0,2,1287,1,1290,G
6-NA,1274,1254,0,0,0,1254,A
6-NA,1275,1,1,1273,0,1275,G
6-NA,1276,0,1266,0,2,1268,T
6-NA,1277,0,1258,0,1,1259,T
6-NA,1278,0,4,1265,0,1269,G
6-NA,1279,1263,1,1,0,1265,A
6-NA,1280,0,1268,0,0,1268,T
6-NA,1281,1255,0,1,0,1256,A
6-NA,1282,1221,1,1,0,1223,A
6-NA,1283,0,11,1227,0,1238,G
6-NA,1284,0,8,1198,0,1206,G
6-NA,1285,0,4,1197,0,1201,G
6-NA,1286,0,0,1201,0,1201,G
6-NA,1287,1192,0,0,0,1192,A
6-NA,1288,1183,0,5,0,1188,A
6-NA,1289,1,2,1198,0,1201,G
6-NA,1290,1198,0,0,0,1198,A
6-NA,1291,1194,0,1,0,1195,A
6-NA,1292,1185,0,0,0,1185,A
6-NA,1293,1169,1,1,0,1171,A
6-NA,1294,0,1,1175,0,1176,G
6-NA,1295,1164,0,0,0,1164,A
6-NA,1296,1,0,1163,0,1164,G
6-NA,1297,1,1,1163,0,1165,G
6-NA,1298,1143,0,1,0,1144,A
6-NA,1299,1147,0,2,0,1149,A
6-NA,1300,1149,0,1,0,1150,A
6-NA,1301,0,0,0,1150,1150,C
6-NA,1302,0,1144,0,0,1144,T
6-NA,1303,1,1,1147,0,1149,G
6-NA,1304,1136,0,0,0,1136,A
6-NA,1305,1136,0,3,0,1139,A
6-NA,1306,0,1,1144,0,1145,G
6-NA,1307,1,1132,0,1,1134,T
6-NA,1308,7,0,0,1148,1155,C
6-NA,1309,0,1148,0,0,1148,T
6-NA,1310,0,1142,0,1,1143,T
6-NA,1311,0,1,1145,0,1146,G
6-NA,1312,0,1136,0,0,1136,T
6-NA,1313,1,3,1132,0,1136,G
6-NA,1314,0,9,1125,0,1134,G
6-NA,1315,1129,0,3,0,1132,A
6-NA,1316,2,1,0,1130,1133,C
6-NA,1317,6,1,0,1094,1101,C
6-NA,1318,0,1099,0,1,1100,T
6-NA,1319,2,1,0,1096,1099,C
6-NA,1320,0,8,1089,0,1097,G
6-NA,1321,1109,0,0,0,1109,A
6-NA,1322,1108,0,0,0,1108,A
6-NA,1323,0,0,0,1122,1122,C
6-NA,1324,1091,0,0,0,1091,A
6-NA,1325,0,0,1127,0,1127,G
6-NA,1326,0,1114,0,1,1115,T
6-NA,1327,1120,0,0,0,1120,A
6-NA,1328,0,1121,0,0,1121,T
6-NA,1329,0,1093,0,0,1093,T
6-NA,1330,0,0,1097,0,1097,G
6-NA,1331,0,1092,0,1,1093,T
6-NA,1332,0,1061,0,0,1061,T
6-NA,1333,0,0,1061,0,1061,G
6-NA,1334,0,941,0,1,942,T
6-NA,1335,0,1,946,0,947,G
6-NA,1336,0,941,1,0,942,T
6-NA,1337,0,931,0,0,931,T
6-NA,1338,0,933,0,0,933,T
6-NA,1339,0,905,0,0,905,T
6-NA,1340,1,1,902,0,904,G
6-NA,1341,0,902,0,1,903,T
6-NA,1342,0,1,898,0,899,G
6-NA,1343,0,0,900,0,900,G
6-NA,1344,2,0,0,888,890,C
6-NA,1345,883,0,1,0,884,A
6-NA,1346,0,1,0,889,890,C
6-NA,1347,1,0,0,885,886,C
6-NA,1348,0,882,0,1,883,T
6-NA,1349,3,0,0,884,887,C
6-NA,1350,878,0,3,0,881,A
6-NA,1351,0,2,887,0,889,G
6-NA,1352,1,1,889,0,891,G
6-NA,1353,0,887,0,0,887,T
6-NA,1354,871,0,0,0,871,A
6-NA,1355,1,0,0,835,836,C
6-NA,1356,840,0,2,0,842,A
6-NA,1357,0,842,0,0,842,T
6-NA,1358,824,0,1,0,825,A
6-NA,1359,0,824,0,0,824,T
6-NA,1360,0,1,764,0,765,G
6-NA,1361,0,2,767,0,769,G
6-NA,1362,765,0,0,0,765,A
6-NA,1363,758,1,0,0,759,A
6-NA,1364,1,0,0,750,751,C
6-NA,1365,610,0,0,0,610,A
6-NA,1366,0,0,612,0,612,G
6-NA,1367,1,0,610,0,611,G
6-NA,1368,1,0,0,612,613,C
6-NA,1369,0,606,0,0,606,T
6-NA,1370,2,0,0,582,584,C
6-NA,1371,582,0,0,0,582,A
6-NA,1372,0,580,0,1,581,T
6-NA,1373,0,3,580,0,583,G
6-NA,1374,0,1,585,0,586,G
6-NA,1375,0,1,0,569,570,C
6-NA,1376,3,0,0,564,567,C
6-NA,1377,0,529,0,1,530,T
6-NA,1378,1,0,528,0,529,G
6-NA,1379,529,0,0,0,529,A
6-NA,1380,0,528,0,2,530,T
6-NA,1381,0,2,521,0,523,G
6-NA,1382,1,3,500,0,504,G
6-NA,1383,0,0,466,0,466,G
6-NA,1384,0,0,472,0,472,G
6-NA,1385,0,0,0,461,461,C
6-NA,1386,0,0,460,0,460,G
6-NA,1387,0,2,457,0,459,G
6-NA,1388,451,0,0,0,451,A
6-NA,1389,0,0,0,451,451,C
6-NA,1390,450,0,0,0,450,A
6-NA,1391,0,444,0,1,445,T
6-NA,1392,1,0,0,435,436,C
6-NA,1393,433,0,1,0,434,A
6-NA,1394,434,0,0,0,434,A
6-NA,1395,0,432,0,0,432,T
6-NA,1396,1,0,0,423,424,C
6-NA,1397,0,412,0,1,413,T
6-NA,1398,2,0,0,349,351,C
6-NA,1399,347,0,1,0,348,A
6-NA,1400,0,348,0,0,348,T
6-NA,1401,0,0,346,0,346,G
6-NA,1402,1,0,0,343,344,C
6-NA,1403,2,0,0,326,328,C
6-NA,1404,0,294,0,1,295,T
6-NA,1405,290,0,0,0,290,A
6-NA,1406,0,288,0,1,289,T
6-NA,1407,287,0,0,0,287,A
6-NA,1408,0,288,0,0,288,T
6-NA,1409,255,0,0,0,255,A
6-NA,1410,240,0,0,0,240,A
7-M,1,34,0,0,0,34,A
7-M,2,0,34,0,0,34,T
7-M,3,0,0,34,0,34,G
7-M,4,34,0,0,0,34,A
7-M,5,0,0,34,0,34,G
7-M,6,0,0,0,36,36,C
7-M,7,0,0,0,39,39,C
7-M,8,0,50,0,0,50,T
7-M,9,0,50,0,0,50,T
7-M,10,0,0,0,50,50,C
7-M,11,0,50,0,0,50,T
7-M,12,51,0,0,0,51,A
7-M,13,51,0,0,0,51,A
7-M,14,0,0,0,51,51,C
7-M,15,1,0,0,50,51,C
7-M,16,0,0,50,0,50,G
7-M,17,52,0,0,0,52,A
7-M,18,0,0,54,0,54,G
7-M,19,0,0,55,0,55,G
7-M,20,0,55,0,0,55,T
7-M,21,0,0,0,55,55,C
7-M,22,0,0,55,0,55,G
7-M,23,58,0,0,0,58,A
7-M,24,58,0,0,0,58,A
7-M,25,59,0,0,0,59,A
7-M,26,0,0,0,66,66,C
7-M,27,0,0,69,0,69,G
7-M,28,0,72,0,0,72,T
7-M,29,73,0,0,0,73,A
7-M,30,0,73,0,0,73,T
7-M,31,0,0,75,0,75,G
7-M,32,0,75,0,0,75,T
7-M,33,0,81,0,0,81,T
7-M,34,0,0,0,84,84,C
7-M,35,0,83,0,0,83,T
7-M,36,0,0,0,91,91,C
7-M,37,0,90,0,1,91,T
7-M,38,0,0,0,103,103,C
7-M,39,0,103,0,0,103,T
7-M,40,105,0,0,0,105,A
7-M,41,0,105,0,0,105,T
7-M,42,0,0,0,105,105,C
7-M,43,0,0,105,0,105,G
7-M,44,0,106,0,0,106,T
7-M,45,0,107,0,0,107,T
7-M,46,2,0,0,105,107,C
7-M,47,0,0,0,112,112,C
7-M,48,115,0,0,0,115,A
7-M,49,0,115,0,0,115,T
7-M,50,0,0,0,115,115,C
7-M,51,114,1,0,0,115,A
7-M,52,0,0,114,0,114,G
7-M,53,0,0,113,0,113,G
7-M,54,0,0,0,115,115,C
7-M,55,1,0,0,114,115,C
7-M,56,0,0,0,113,113,C
7-M,57,0,0,0,118,118,C
7-M,58,0,0,0,120,120,C
7-M,59,0,119,0,0,119,T
7-M,60,0,0,0,120,120,C
7-M,61,121,0,0,0,121,A
7-M,62,122,0,0,0,122,A
7-M,63,126,0,0,0,126,A
7-M,64,0,0,130,0,130,G
7-M,65,0,0,0,129,129,C
7-M,66,0,0,0,128,128,C
7-M,67,0,0,128,0,128,G
7-M,68,128,0,0,0,128,A
7-M,69,0,0,128,0,128,G
7-M,70,127,0,0,0,127,A
7-M,71,0,127,0,0,127,T
7-M,72,0,0,0,128,128,C
7-M,73,1,0,128,0,129,G
7-M,74,0,0,0,130,130,C
7-M,75,0,0,131,0,131,G
7-M,76,0,0,0,131,131,C
7-M,77,128,0,1,0,129,A
7-M,78,0,0,132,0,132,G
7-M,79,132,0,0,0,132,A
7-M,80,0,3,141,0,144,G
7-M,81,143,0,0,0,143,A
7-M,82,0,0,0,146,146,C
7-M,83,0,145,0,0,145,T
7-M,84,0,146,0,0,146,T
7-M,85,0,1,145,0,146,G
7-M,86,146,0,0,0,146,A
7-M,87,145,0,1,0,146,A
7-M,88,0,0,147,0,147,G
7-M,89,143,0,0,0,143,A
7-M,90,0,143,0,0,143,T
7-M,91,0,0,142,0,142,G
7-M,92,0,142,0,0,142,T
7-M,93,0,0,0,143,143,C
7-M,94,0,142,0,0,142,T
7-M,95,0,142,0,0,142,T
7-M,96,0,142,0,0,142,T
7-M,97,0,0,142,0,142,G
7-M,98,0,0,0,142,142,C
7-M,99,0,142,0,0,142,T
7-M,100,0,1,139,0,140,G
7-M,101,0,1,140,0,141,G
7-M,102,0,1,142,0,143,G
7-M,103,143,0,0,0,143,A
7-M,104,142,0,0,0,142,A
7-M,105,146,0,0,0,146,A
7-M,106,147,0,0,0,147,A
7-M,107,150,0,0,0,150,A
7-M,108,0,0,0,151,151,C
7-M,109,150,0,1,0,151,A
7-M,110,0,0,0,150,150,C
7-M,111,149,0,0,0,149,A
7-M,112,0,0,154,0,154,G
7-M,113,154,0,0,0,154,A
7-M,114,0,158,0,0,158,T
7-M,115,0,0,0,159,159,C
7-M,116,0,159,0,0,159,T
7-M,117,0,159,0,0,159,T
7-M,118,0,0,159,0,159,G
7-M,119,158,0,0,0,158,A
7-M,120,0,0,160,0,160,G
7-M,121,0,0,160,0,160,G
7-M,122,1,0,0,161,162,C
7-M,123,0,162,0,0,162,T
7-M,124,1,0,0,173,174,C
7-M,125,0,173,0,0,173,T
7-M,126,0,0,0,175,175,C
7-M,127,175,0,0,0,175,A
7-M,128,0,174,0,0,174,T
7-M,129,0,0,176,0,176,G
7-M,130,0,1,175,0,176,G
7-M,131,174,0,0,0,174,A
7-M,132,170,0,0,0,170,A
7-M,133,0,169,0,0,169,T
7-M,134,0,0,177,0,177,G
7-M,135,0,1,188,0,189,G
7-M,136,0,0,0,189,189,C
7-M,137,0,188,0,0,188,T
7-M,138,188,0,1,0,189,A
7-M,139,190,0,0,0,190,A
7-M,140,192,0,0,0,192,A
7-M,141,0,1,192,0,193,G
7-M,142,193,0,0,0,193,A
7-M,143,0,0,0,193,193,C
7-M,144,190,0,0,0,190,A
7-M,145,189,0,0,0,189,A
7-M,146,0,0,201,0,201,G
7-M,147,203,0,0,0,203,A
7-M,148,0,0,0,202,202,C
7-M,149,1,0,0,203,204,C
7-M,150,199,0,0,5,204,A
7-M,151,208,0,0,0,208,A
7-M,152,2,207,0,1,210,T
7-M,153,1,209,0,0,210,T
7-M,154,2,0,0,210,212,C
7-M,155,0,207,0,0,207,T
7-M,156,0,1,208,0,209,G
7-M,157,0,208,0,0,208,T
7-M,158,0,0,0,207,207,C
7-M,159,208,0,1,0,209,A
7-M,160,0,0,0,218,218,C
7-M,161,1,0,0,216,217,C
7-M,162,0,216,0,0,216,T
7-M,163,1,0,0,216,217,C
7-M,164,0,218,0,0,218,T
7-M,165,0,1,226,0,227,G
7-M,166,225,0,1,0,226,A
7-M,167,0,0,0,226,226,C
7-M,168,0,227,0,0,227,T
7-M,169,224,0,0,0,224,A
7-M,170,226,0,0,0,226,A
7-M,171,0,0,226,0,226,G
7-M,172,0,1,222,0,223,G
7-M,173,0,1,223,0,224,G
7-M,174,0,0,223,0,223,G
7-M,175,226,0,0,0,226,A
7-M,176,0,227,0,0,227,T
7-M,177,0,226,0,1,227,T
7-M,178,0,226,0,0,226,T
7-M,179,0,228,0,0,228,T
7-M,180,0,0,227,0,227,G
7-M,181,0,0,226,0,226,G
7-M,182,0,0,227,0,227,G
7-M,183,0,1,226,0,227,G
7-M,184,0,224,0,0,224,T
7-M,185,0,225,0,0,225,T
7-M,186,0,225,0,0,225,T
7-M,187,0,0,227,0,227,G
7-M,188,0,229,0,0,229,T
7-M,189,0,0,231,0,231,G
7-M,190,0,230,0,0,230,T
7-M,191,0,230,0,0,230,T
7-M,192,0,0,0,233,233,C
7-M,193,234,0,0,0,234,A
7-M,194,0,0,0,236,236,C
7-M,195,0,0,236,0,236,G
7-M,196,0,0,0,236,236,C
7-M,197,0,234,0,0,234,T
7-M,198,2,0,1,234,237,C
7-M,199,235,0,0,0,235,A
7-M,200,0,0,0,236,236,C
7-M,201,0,0,0,237,237,C
7-M,202,0,0,236,0,236,G
7-M,203,0,238,0,0,238,T
7-M,204,0,0,240,0,240,G
7-M,205,0,0,0,240,240,C
7-M,206,2,0,0,238,240,C
7-M,207,1,0,0,240,241,C
7-M,208,240,0,0,0,240,A
7-M,209,0,0,241,0,241,G
7-M,210,0,241,0,0,241,T
7-M,211,0,3,238,0,241,G
7-M,212,241,0,1,0,242,A
7-M,213,0,0,243,0,243,G
7-M,214,0,0,0,242,242,C
7-M,215,0,1,241,0,242,G
7-M,216,241,0,0,0,241,A
7-M,217,0,2,238,0,240,G
7-M,218,0,0,242,0,242,G
7-M,219,239,0,0,0,239,A
7-M,220,0,0,0,240,240,C
7-M,221,0,234,0,0,234,T
7-M,222,0,0,234,0,234,G
7-M,223,0,0,0,235,235,C
7-M,224,234,0,0,0,234,A
7-M,225,0,0,239,0,239,G
7-M,226,0,1,0,236,237,C
7-M,227,1,0,238,0,239,G
7-M,228,0,239,0,0,239,T
7-M,229,233,0,0,0,233,A
7-M,230,0,1,232,0,233,G
7-M,231,233,0,0,0,233,A
7-M,232,0,1,0,232,233,C
7-M,233,0,1,235,0,236,G
7-M,234,0,0,0,233,233,C
7-M,235,0,230,0,0,230,T
7-M,236,0,230,0,0,230,T
7-M,237,0,228,0,0,228,T
7-M,238,0,0,243,0,243,G
7-M,239,0,241,0,0,241,T
7-M,240,0,0,0,242,242,C
7-M,241,2,0,0,239,241,C
7-M,242,242,0,0,0,242,A
7-M,243,241,0,2,0,243,A
7-M,244,243,0,0,0,243,A
7-M,245,242,0,1,0,243,A
7-M,246,0,246,0,0,246,T
7-M,247,1,0,241,0,242,G
7-M,248,0,0,0,241,241,C
7-M,249,0,0,0,238,238,C
7-M,250,2,0,0,241,243,C
7-M,251,0,243,0,1,244,T
7-M,252,1,0,0,248,249,C
7-M,253,249,0,0,0,249,A
7-M,254,251,1,0,0,252,A
7-M,255,0,255,0,0,255,T
7-M,256,0,0,255,0,255,G
7-M,257,0,0,256,0,256,G
7-M,258,0,0,256,0,256,G
7-M,259,251,0,0,0,251,A
7-M,260,253,0,1,0,254,A
7-M,261,0,247,0,0,247,T
7-M,262,0,0,247,0,247,G
7-M,263,0,0,248,0,248,G
7-M,264,245,0,0,0,245,A
7-M,265,0,4,240,0,244,G
7-M,266,238,0,0,0,238,A
7-M,267,0,0,0,236,236,C
7-M,268,1,0,0,241,242,C
7-M,269,2,0,0,238,240,C
7-M,270,244,0,0,0,244,A
7-M,271,241,0,1,0,242,A
7-M,272,245,0,0,0,245,A
7-M,273,0,247,0,0,247,T
7-M,274,252,0,0,0,252,A
7-M,275,252,0,0,0,252,A
7-M,276,0,0,0,243,243,C
7-M,277,239,0,0,0,239,A
7-M,278,0,236,0,0,236,T
7-M,279,0,0,239,0,239,G
7-M,280,0,2,239,0,241,G
7-M,281,242,0,0,0,242,A
7-M,282,0,0,0,241,241,C
7-M,283,235,0,0,0,235,A
7-M,284,235,0,0,0,235,A
7-M,285,235,0,1,0,236,A
7-M,286,0,0,237,0,237,G
7-M,287,0,0,0,244,244,C
7-M,288,242,0,0,0,242,A
7-M,289,0,0,249,0,249,G
7-M,290,0,247,1,0,248,T
7-M,291,0,250,0,0,250,T
7-M,292,250,0,0,0,250,A
7-M,293,248,0,0,0,248,A
7-M,294,252,0,0,0,252,A
7-M,295,0,0,0,254,254,C
7-M,296,0,247,0,0,247,T
7-M,297,0,0,274,0,274,G
7-M,298,0,267,0,0,267,T
7-M,299,270,0,0,0,270,A
7-M,300,0,271,0,0,271,T
7-M,301,267,0,0,0,267,A
7-M,302,0,0,266,0,266,G
7-M,303,250,0,0,0,250,A
7-M,304,250,0,0,0,250,A
7-M,305,250,0,0,0,250,A
7-M,306,255,1,0,0,256,A
7-M,307,0,0,0,263,263,C
7-M,308,0,259,0,0,259,T
7-M,309,0,261,0,0,261,T
7-M,310,263,0,0,0,263,A
7-M,311,262,0,0,0,262,A
7-M,312,0,0,265,0,265,G
7-M,313,263,0,0,0,263,A
7-M,314,0,2,260,0,262,G
7-M,315,0,0,259,0,259,G
7-M,316,0,0,260,0,260,G
7-M,317,261,0,0,0,261,A
7-M,318,0,0,264,0,264,G
7-M,319,267,0,0,0,267,A
7-M,320,0,267,0,0,267,T
7-M,321,266,0,0,0,266,A
7-M,322,265,0,0,0,265,A
7-M,323,0,0,0,267,267,C
7-M,324,0,1,263,0,264,G
7-M,325,0,266,0,0,266,T
7-M,326,0,263,0,0,263,T
7-M,327,0,1,0,267,268,C
7-M,328,1,0,0,267,268,C
7-M,329,268,0,0,0,268,A
7-M,330,0,268,0,0,268,T
7-M,331,0,0,264,0,264,G
7-M,332,0,2,265,0,267,G
7-M,333,0,2,264,0,266,G
7-M,334,0,0,267,0,267,G
7-M,335,0,0,0,265,265,C
7-M,336,0,0,0,262,262,C
7-M,337,265,1,0,0,266,A
7-M,338,268,0,0,0,268,A
7-M,339,269,0,0,0,269,A
7-M,340,0,1,273,0,274,G
7-M,341,275,0,0,0,275,A
7-M,342,272,0,0,0,272,A
7-M,343,271,0,0,0,271,A
7-M,344,0,272,0,0,272,T
7-M,345,271,0,1,0,272,A
7-M,346,0,0,273,0,273,G
7-M,347,0,0,0,272,272,C
7-M,348,1,266,0,0,267,T
7-M,349,1,1,0,265,267,C
7-M,350,0,267,0,0,267,T
7-M,351,1,0,0,282,283,C
7-M,352,284,0,0,0,284,A
7-M,353,0,0,284,0,284,G
7-M,354,0,278,0,0,278,T
7-M,355,0,284,0,0,284,T
7-M,356,285,0,0,0,285,A
7-M,357,0,284,0,0,284,T
7-M,358,0,282,0,0,282,T
7-M,359,0,0,0,288,288,C
7-M,360,0,277,0,0,277,T
7-M,361,0,0,282,0,282,G
7-M,362,0,0,0,282,282,C
7-M,363,0,276,0,1,277,T
7-M,364,0,1,277,0,278,G
7-M,365,0,1,276,0,277,G
7-M,366,0,274,0,0,274,T
7-M,367,0,0,276,0,276,G
7-M,368,1,0,0,272,273,C
7-M,369,273,0,1,0,274,A
7-M,370,0,0,0,274,274,C
7-M,371,0,271,0,0,271,T
7-M,372,0,275,0,0,275,T
7-M,373,0,0,273,0,273,G
7-M,374,0,1,0,275,276,C
7-M,375,1,0,0,275,276,C
7-M,376,274,0,1,0,275,A
7-M,377,0,0,279,0,279,G
7-M,378,0,279,0,0,279,T
7-M,379,0,275,0,0,275,T
7-M,380,0,1,278,0,279,G
7-M,381,0,0,0,279,279,C
7-M,382,276,0,1,0,277,A
7-M,383,0,278,0,0,278,T
7-M,384,0,1,276,0,277,G
7-M,385,0,0,283,0,283,G
7-M,386,0,0,284,0,284,G
7-M,387,0,0,0,281,281,C
7-M,388,0,0,0,288,288,C
7-M,389,0,288,0,1,289,T
7-M,390,0,0,0,292,292,C
7-M,391,303,0,0,0,303,A
7-M,392,0,304,0,0,304,T
7-M,393,311,0,0,0,311,A
7-M,394,0,308,0,0,308,T
7-M,395,305,0,1,0,306,A
7-M,396,0,0,0,326,326,C
7-M,397,319,0,0,0,319,A
7-M,398,320,0,0,0,320,A
7-M,399,0,312,0,0,312,T
7-M,400,295,0,0,0,295,A
7-M,401,1,0,297,0,298,G
7-M,402,0,0,296,0,296,G
7-M,403,292,0,1,0,293,A
7-M,404,0,291,0,0,291,T
7-M,405,0,0,277,0,277,G
7-M,406,0,2,274,0,276,G
7-M,407,0,1,276,0,277,G
7-M,408,0,0,279,0,279,G
7-M,409,1,0,278,0,279,G
7-M,410,0,0,0,279,279,C
7-M,411,0,276,0,0,276,T
7-M,412,0,0,278,0,278,G
7-M,413,0,278,0,0,278,T
7-M,414,278,0,0,0,278,A
7-M,415,276,0,1,0,277,A
7-M,416,0,0,0,280,280,C
7-M,417,0,0,0,277,277,C
7-M,418,278,0,0,0,278,A
7-M,419,0,0,0,277,277,C
7-M,420,0,276,0,1,277,T
7-M,421,0,1,279,0,280,G
7-M,422,279,0,0,0,279,A
7-M,423,279,0,0,0,279,A
7-M,424,0,0,279,0,279,G
7-M,425,0,276,0,0,276,T
7-M,426,0,0,274,0,274,G
7-M,427,0,0,275,0,275,G
7-M,428,0,0,0,276,276,C
7-M,429,277,0,0,0,277,A
7-M,430,0,275,0,0,275,T
7-M,431,0,272,0,0,272,T
7-M,432,0,274,0,0,274,T
7-M,433,0,1,281,0,282,G
7-M,434,0,0,282,0,282,G
7-M,435,0,0,0,280,280,C
7-M,436,0,0,0,282,282,C
7-M,437,0,279,0,1,280,T
7-M,438,0,0,288,0,288,G
7-M,439,0,0,289,0,289,G
7-M,440,0,289,0,0,289,T
7-M,441,289,0,0,0,289,A
7-M,442,0,275,0,0,275,T
7-M,443,0,0,281,0,281,G
7-M,444,0,279,0,0,279,T
7-M,445,0,0,279,0,279,G
7-M,446,0,0,0,279,279,C
7-M,447,265,0,0,0,265,A
7-M,448,267,0,0,0,267,A
7-M,449,0,1,0,269,270,C
7-M,450,268,0,0,0,268,A
7-M,451,0,267,0,0,267,T
7-M,452,0,0,262,0,262,G
7-M,453,0,255,0,0,255,T
7-M,454,0,3,251,0,254,G
7-M,455,253,0,0,0,253,A
7-M,456,0,0,254,0,254,G
7-M,457,0,0,0,251,251,C
7-M,458,243,0,0,0,243,A
7-M,459,0,0,245,0,245,G
7-M,460,244,0,0,0,244,A
7-M,461,0,246,1,0,247,T
7-M,462,0,248,0,0,248,T
7-M,463,0,0,249,0,249,G
7-M,464,0,0,0,248,248,C
7-M,465,0,244,0,0,244,T
7-M,466,0,2,242,0,244,G
7-M,467,245,0,1,0,246,A
7-M,468,0,0,1,263,264,C
7-M,469,0,265,1,0,266,T
7-M,470,0,0,0,268,268,C
7-M,471,0,0,0,265,265,C
7-M,472,0,1,0,264,265,C
7-M,473,264,0,1,0,265,A
7-M,474,0,0,268,0,268,G
7-M,475,0,0,0,267,267,C
7-M,476,268,0,0,0,268,A
7-M,477,0,0,1,267,268,C
7-M,478,258,1,0,0,259,A
7-M,479,0,0,267,0,267,G
7-M,480,0,0,268,0,268,G
7-M,481,0,269,0,1,270,T
7-M,482,2,0,0,277,279,C
7-M,483,0,276,0,0,276,T
7-M,484,1,0,0,278,279,C
7-M,485,276,0,0,0,276,A
7-M,486,0,277,0,0,277,T
7-M,487,277,0,0,0,277,A
7-M,488,0,4,269,0,273,G
7-M,489,0,0,271,0,271,G
7-M,490,0,0,0,269,269,C
7-M,491,258,0,0,0,258,A
7-M,492,0,0,256,0,256,G
7-M,493,257,0,1,0,258,A
7-M,494,0,257,0,0,257,T
7-M,495,0,0,258,0,258,G
7-M,496,0,0,258,0,258,G
7-M,497,0,252,0,0,252,T
7-M,498,0,1,254,0,255,G
7-M,499,0,0,256,0,256,G
7-M,500,0,0,0,256,256,C
7-M,501,253,0,1,0,254,A
7-M,502,255,0,0,0,255,A
7-M,503,0,0,0,257,257,C
7-M,504,258,0,0,0,258,A
7-M,505,255,0,1,0,256,A
7-M,506,0,0,0,257,257,C
7-M,507,0,0,0,252,252,C
7-M,508,251,0,0,0,251,A
7-M,509,254,0,0,0,254,A
7-M,510,0,255,0,0,255,T
7-M,511,1,0,0,256,257,C
7-M,512,1,0,0,246,247,C
7-M,513,247,0,0,0,247,A
7-M,514,0,245,0,1,246,T
7-M,515,0,246,0,0,246,T
7-M,516,246,0,0,1,247,A
7-M,517,247,0,0,0,247,A
7-M,518,0,247,0,0,247,T
7-M,519,246,0,0,0,246,A
7-M,520,246,0,0,0,246,A
7-M,521,243,0,0,0,243,A
7-M,522,246,0,0,0,246,A
7-M,523,0,0,0,252,252,C
7-M,524,252,0,0,0,252,A
7-M,525,0,251,0,0,251,T
7-M,526,0,1,249,0,250,G
7-M,527,246,0,1,0,247,A
7-M,528,0,2,244,0,246,G
7-M,529,246,0,0,0,246,A
7-M,530,247,1,0,0,248,A
7-M,531,0,0,0,249,249,C
7-M,532,244,0,0,0,244,A
7-M,533,0,2,244,0,246,G
7-M,534,243,0,0,0,243,A
7-M,535,243,0,0,1,244,A
7-M,536,0,246,0,0,246,T
7-M,537,0,3,239,0,242,G
7-M,538,0,0,239,0,239,G
7-M,539,0,240,0,0,240,T
7-M,540,0,230,0,0,230,T
7-M,541,0,230,1,0,231,T
7-M,542,0,230,0,0,230,T
7-M,543,1,2,230,0,233,G
7-M,544,0,0,237,0,237,G
7-M,545,1,0,0,235,236,C
7-M,546,0,1,0,234,235,C
7-M,547,226,0,0,0,226,A
7-M,548,0,0,238,0,238,G
7-M,549,0,0,0,236,236,C
7-M,550,239,1,0,0,240,A
7-M,551,0,0,0,246,246,C
7-M,552,0,241,0,0,241,T
7-M,553,241,0,0,0,241,A
7-M,554,0,0,0,243,243,C
7-M,555,248,0,0,0,248,A
7-M,556,0,0,258,0,258,G
7-M,557,0,1,0,250,251,C
7-M,558,0,247,0,1,248,T
7-M,559,246,0,1,0,247,A
7-M,560,240,0,0,0,240,A
7-M,561,0,1,241,0,242,G
7-M,562,1,0,242,0,243,G
7-M,563,0,0,0,242,242,C
7-M,564,0,232,0,0,232,T
7-M,565,232,0,0,0,232,A
7-M,566,0,232,0,0,232,T
7-M,567,0,1,232,0,233,G
7-M,568,0,0,232,0,232,G
7-M,569,228,0,0,0,228,A
7-M,570,0,0,232,0,232,G
7-M,571,0,0,0,228,228,C
7-M,572,227,0,0,0,227,A
7-M,573,226,0,0,0,226,A
7-M,574,227,0,0,0,227,A
7-M,575,0,227,0,0,227,T
7-M,576,0,1,228,0,229,G
7-M,577,0,0,223,1,224,G
7-M,578,0,0,0,221,221,C
7-M,579,0,222,0,0,222,T
7-M,580,0,0,224,0,224,G
7-M,581,0,0,225,0,225,G
7-M,582,227,0,0,0,227,A
7-M,583,0,225,0,0,225,T
7-M,584,1,0,0,220,221,C
7-M,585,225,0,0,0,225,A
7-M,586,227,0,0,0,227,A
7-M,587,0,0,227,0,227,G
7-M,588,0,225,0,0,225,T
7-M,589,0,1,225,0,226,G
7-M,590,221,0,0,0,221,A
7-M,591,0,0,222,0,222,G
7-M,592,0,0,0,223,223,C
7-M,593,221,0,1,0,222,A
7-M,594,0,0,224,0,224,G
7-M,595,0,0,215,0,215,G
7-M,596,0,0,0,217,217,C
7-M,597,214,0,0,0,214,A
7-M,598,1,0,216,0,217,G
7-M,599,0,0,0,215,215,C
7-M,600,0,0,215,0,215,G
7-M,601,0,0,216,0,216,G
7-M,602,212,0,0,0,212,A
7-M,603,0,0,212,0,212,G
7-M,604,0,0,217,0,217,G
7-M,605,0,0,0,217,217,C
7-M,606,0,0,0,215,215,C
7-M,607,212,0,1,0,213,A
7-M,608,0,216,0,0,216,T
7-M,609,0,0,217,0,217,G
7-M,610,0,0,216,0,216,G
7-M,611,217,0,1,0,218,A
7-M,612,0,0,219,0,219,G
7-M,613,217,0,0,0,217,A
7-M,614,0,222,0,0,222,T
7-M,615,0,218,0,0,218,T
7-M,616,0,0,220,0,220,G
7-M,617,0,0,0,219,219,C
7-M,618,0,219,0,0,219,T
7-M,619,216,0,0,0,216,A
7-M,620,0,0,216,0,216,G
7-M,621,0,214,0,0,214,T
7-M,622,0,0,0,214,214,C
7-M,623,208,0,0,0,208,A
7-M,624,0,0,211,0,211,G
7-M,625,0,0,211,0,211,G
7-M,626,0,0,0,212,212,C
7-M,627,1,0,0,212,213,C
7-M,628,212,0,0,0,212,A
7-M,629,0,0,212,0,212,G
7-M,630,0,1,212,0,213,G
7-M,631,1,1,0,211,213,C
7-M,632,212,0,0,0,212,A
7-M,633,0,0,211,0,211,G
7-M,634,209,0,0,0,209,A
7-M,635,0,208,0,0,208,T
7-M,636,0,0,208,0,208,G
7-M,637,1,0,209,0,210,G
7-M,638,0,210,0,0,210,T
7-M,639,0,0,209,0,209,G
7-M,640,0,0,0,209,209,C
7-M,641,209,0,0,0,209,A
7-M,642,0,0,216,0,216,G
7-M,643,1,0,213,0,214,G
7-M,644,0,0,0,213,213,C
7-M,645,215,0,0,0,215,A
7-M,646,216,0,0,0,216,A
7-M,647,0,214,0,0,214,T
7-M,648,0,1,214,0,215,G
7-M,649,216,0,0,0,216,A
7-M,650,0,1,215,0,216,G
7-M,651,209,1,1,0,211,A
7-M,652,0,0,213,0,213,G
7-M,653,1,0,0,216,217,C
7-M,654,1,1,0,215,217,C
7-M,655,219,0,0,0,219,A
7-M,656,0,220,0,0,220,T
7-M,657,0,219,0,0,219,T
7-M,658,0,0,218,0,218,G
7-M,659,0,1,214,0,215,G
7-M,660,0,1,216,0,217,G
7-M,661,217,0,0,0,217,A
7-M,662,0,0,0,215,215,C
7-M,663,0,208,0,0,208,T
7-M,664,0,0,0,210,210,C
7-M,665,210,0,0,0,210,A
7-M,666,0,221,0,0,221,T
7-M,667,0,0,0,220,220,C
7-M,668,1,0,0,221,222,C
7-M,669,0,221,0,0,221,T
7-M,670,221,0,0,0,221,A
7-M,671,0,0,225,0,225,G
7-M,672,0,257,0,0,257,T
7-M,673,0,256,0,1,257,T
7-M,674,0,0,0,255,255,C
7-M,675,1,0,0,250,251,C
7-M,676,251,0,0,0,251,A
7-M,677,0,0,253,0,253,G
7-M,678,0,254,0,0,254,T
7-M,679,251,0,1,0,252,A
7-M,680,0,0,0,251,251,C
7-M,681,0,234,0,0,234,T
7-M,682,0,0,238,0,238,G
7-M,683,0,0,249,0,249,G
7-M,684,0,247,0,0,247,T
7-M,685,2,0,0,245,247,C
7-M,686,0,242,0,0,242,T
7-M,687,244,0,0,0,244,A
7-M,688,244,0,0,0,244,A
7-M,689,0,1,244,0,245,G
7-M,690,243,0,0,0,243,A
7-M,691,0,0,241,0,241,G
7-M,692,228,0,0,0,228,A
7-M,693,0,226,0,1,227,T
7-M,694,0,2,224,0,226,G
7-M,695,225,0,0,0,225,A
7-M,696,0,223,0,0,223,T
7-M,697,1,0,0,224,225,C
7-M,698,0,219,0,0,219,T
7-M,699,0,219,0,0,219,T
7-M,700,0,0,0,219,219,C
7-M,701,2,218,0,0,220,T
7-M,702,0,220,0,1,221,T
7-M,703,0,0,221,0,221,G
7-M,704,220,0,0,0,220,A
7-M,705,223,0,0,0,223,A
7-M,706,222,0,0,0,222,A
7-M,707,223,0,0,0,223,A
7-M,708,0,222,0,0,222,T
7-M,709,0,224,0,0,224,T
7-M,710,0,225,0,0,225,T
7-M,711,0,0,224,0,224,G
7-M,712,1,0,0,223,224,C
7-M,713,224,0,0,0,224,A
7-M,714,0,1,224,0,225,G
7-M,715,225,0,0,0,225,A
7-M,716,0,0,0,232,232,C
7-M,717,0,0,0,230,230,C
7-M,718,0,231,0,0,231,T
7-M,719,232,0,0,0,232,A
7-M,720,0,232,0,0,232,T
7-M,721,1,0,0,230,231,C
7-M,722,233,0,0,0,233,A
7-M,723,0,0,234,0,234,G
7-M,724,235,0,0,0,235,A
7-M,725,227,0,0,0,227,A
7-M,726,226,0,1,1,228,A
7-M,727,0,0,0,231,231,C
7-M,728,0,0,230,0,230,G
7-M,729,231,0,0,0,231,A
7-M,730,230,0,0,0,230,A
7-M,731,0,228,0,0,228,T
7-M,732,0,0,230,0,230,G
7-M,733,0,1,230,0,231,G
7-M,734,0,1,230,0,231,G
7-M,735,0,3,226,0,229,G
7-M,736,1,0,230,0,231,G
7-M,737,0,221,0,0,221,T
7-M,738,0,0,222,0,222,G
7-M,739,0,0,0,224,224,C
7-M,740,223,0,1,0,224,A
7-M,741,0,1,222,0,223,G
7-M,742,219,0,0,0,219,A
7-M,743,0,219,0,0,219,T
7-M,744,0,0,221,0,221,G
7-M,745,0,0,0,217,217,C
7-M,746,219,0,0,0,219,A
7-M,747,221,0,0,0,221,A
7-M,748,0,1,0,223,224,C
7-M,749,0,0,226,0,226,G
7-M,750,222,0,0,0,222,A
7-M,751,0,217,0,3,220,T
7-M,752,0,221,0,0,221,T
7-M,753,1,0,0,224,225,C
7-M,754,218,0,0,0,218,A
7-M,755,217,0,0,0,217,A
7-M,756,0,0,217,0,217,G
7-M,757,0,217,0,0,217,T
7-M,758,0,2,214,0,216,G
7-M,759,212,0,0,0,212,A
7-M,760,0,0,0,211,211,C
7-M,761,1,1,0,211,213,C
7-M,762,2,0,0,212,214,C
7-M,763,0,0,215,0,215,G
7-M,764,0,0,0,216,216,C
7-M,765,0,216,0,0,216,T
7-M,766,0,216,0,0,216,T
7-M,767,0,0,217,0,217,G
7-M,768,0,216,0,0,216,T
7-M,769,0,216,0,0,216,T
7-M,770,0,0,216,0,216,G
7-M,771,1,211,0,0,212,T
7-M,772,0,209,0,0,209,T
7-M,773,1,0,211,0,212,G
7-M,774,0,0,0,210,210,C
7-M,775,2,0,0,207,209,C
7-M,776,0,0,211,0,211,G
7-M,777,1,0,0,210,211,C
7-M,778,0,0,212,0,212,G
7-M,779,210,0,0,0,210,A
7-M,780,211,0,0,0,211,A
7-M,781,0,213,0,0,213,T
7-M,782,211,0,0,0,211,A
7-M,783,0,214,0,0,214,T
7-M,784,1,0,1,213,215,C
7-M,785,215,0,0,0,215,A
7-M,786,0,215,0,0,215,T
7-M,787,0,212,0,0,212,T
7-M,788,0,0,212,0,212,G
7-M,789,0,0,209,0,209,G
7-M,790,0,1,211,0,212,G
7-M,791,212,0,0,0,212,A
7-M,792,0,210,0,0,210,T
7-M,793,1,0,0,204,205,C
7-M,794,0,200,0,0,200,T
7-M,795,0,202,0,0,202,T
7-M,796,0,0,204,0,204,G
7-M,797,0,0,0,204,204,C
7-M,798,205,0,0,0,205,A
7-M,799,0,0,0,202,202,C
7-M,800,0,200,0,0,200,T
7-M,801,0,201,0,0,201,T
7-M,802,0,1,199,0,200,G
7-M,803,202,0,1,0,203,A
7-M,804,0,206,0,0,206,T
7-M,805,205,0,0,0,205,A
7-M,806,0,204,0,0,204,T
7-M,807,0,202,0,0,202,T
7-M,808,0,0,200,0,200,G
7-M,809,0,195,0,0,195,T
7-M,810,0,0,195,0,195,G
7-M,811,0,1,193,0,194,G
7-M,812,192,0,0,0,192,A
7-M,813,0,193,0,0,193,T
7-M,814,0,192,0,0,192,T
7-M,815,1,0,0,192,193,C
7-M,816,0,192,0,0,192,T
7-M,817,0,188,0,0,188,T
7-M,818,0,0,185,0,185,G
7-M,819,188,0,0,0,188,A
7-M,820,0,189,0,0,189,T
7-M,821,0,0,0,187,187,C
7-M,822,0,0,186,0,186,G
7-M,823,0,187,0,0,187,T
7-M,824,0,0,0,187,187,C
7-M,825,0,187,0,0,187,T
7-M,826,0,186,0,0,186,T
7-M,827,0,0,0,186,186,C
7-M,828,0,187,0,0,187,T
7-M,829,0,187,0,0,187,T
7-M,830,0,187,0,0,187,T
7-M,831,0,186,0,0,186,T
7-M,832,0,0,0,186,186,C
7-M,833,185,0,0,0,185,A
7-M,834,184,0,0,0,184,A
7-M,835,185,0,0,0,185,A
7-M,836,0,184,0,0,184,T
7-M,837,0,0,185,0,185,G
7-M,838,0,0,0,182,182,C
7-M,839,0,0,181,0,181,G
7-M,840,0,185,0,0,185,T
7-M,841,1,0,0,185,186,C
7-M,842,0,185,0,0,185,T
7-M,843,185,0,0,0,185,A
7-M,844,0,185,0,0,185,T
7-M,845,0,0,0,183,183,C
7-M,846,0,0,185,0,185,G
7-M,847,183,0,1,0,184,A
7-M,848,0,0,0,184,184,C
7-M,849,0,174,0,0,174,T
7-M,850,0,0,0,178,178,C
7-M,851,0,177,0,0,177,T
7-M,852,0,177,0,0,177,T
7-M,853,1,0,0,176,177,C
7-M,854,177,0,0,0,177,A
7-M,855,177,0,0,0,177,A
7-M,856,176,0,0,0,176,A
7-M,857,0,0,0,177,177,C
7-M,858,174,0,1,0,175,A
7-M,859,0,0,0,168,168,C
7-M,860,0,0,164,0,164,G
7-M,861,0,0,172,0,172,G
7-M,862,0,1,0,170,171,C
7-M,863,0,0,0,173,173,C
7-M,864,0,175,0,0,175,T
7-M,865,0,176,0,0,176,T
7-M,866,177,0,0,0,177,A
7-M,867,178,0,0,0,178,A
7-M,868,177,0,0,0,177,A
7-M,869,176,0,0,1,177,A
7-M,870,0,1,175,0,176,G
7-M,871,150,0,0,0,150,A
7-M,872,0,0,151,0,151,G
7-M,873,0,0,150,0,150,G
7-M,874,0,0,0,150,150,C
7-M,875,0,0,0,147,147,C
7-M,876,0,0,0,149,149,C
7-M,877,0,148,0,0,148,T
7-M,878,0,150,0,0,150,T
7-M,879,1,0,0,149,150,C
7-M,880,0,151,0,0,151,T
7-M,881,153,0,0,0,153,A
7-M,882,0,0,0,154,154,C
7-M,883,0,1,151,0,152,G
7-M,884,0,1,151,0,152,G
7-M,885,150,0,0,0,150,A
7-M,886,150,0,0,0,150,A
7-M,887,0,1,149,0,150,G
7-M,888,0,1,145,0,146,G
7-M,889,145,0,0,0,145,A
7-M,890,0,0,145,0,145,G
7-M,891,0,143,0,0,143,T
7-M,892,143,0,1,0,144,A
7-M,893,1,0,0,142,143,C
7-M,894,0,0,0,141,141,C
7-M,895,0,141,0,0,141,T
7-M,896,0,3,138,0,141,G
7-M,897,139,0,0,0,139,A
7-M,898,0,0,140,0,140,G
7-M,899,0,130,0,0,130,T
7-M,900,0,0,0,130,130,C
7-M,901,0,124,0,0,124,T
7-M,902,123,0,0,0,123,A
7-M,903,0,122,0,0,122,T
7-M,904,0,0,121,0,121,G
7-M,905,120,0,0,0,120,A
7-M,906,0,0,120,0,120,G
7-M,907,0,1,109,0,110,G
7-M,908,0,0,110,0,110,G
7-M,909,110,0,0,0,110,A
7-M,910,109,0,0,0,109,A
7-M,911,0,1,108,0,109,G
7-M,912,107,0,0,0,107,A
7-M,913,111,0,0,0,111,A
7-M,914,0,112,0,0,112,T
7-M,915,109,0,0,0,109,A
7-M,916,0,109,0,0,109,T
7-M,917,0,6,0,103,109,C
7-M,918,0,0,113,0,113,G
7-M,919,112,0,0,0,112,A
7-M,920,110,0,0,0,110,A
7-M,921,110,0,0,0,110,A
7-M,922,0,0,108,0,108,G
7-M,923,0,1,110,0,111,G
7-M,924,110,0,0,0,110,A
7-M,925,107,0,2,0,109,A
7-M,926,0,0,0,110,110,C
7-M,927,108,0,0,0,108,A
7-M,928,0,0,108,0,108,G
7-M,929,0,0,0,107,107,C
7-M,930,107,0,0,0,107,A
7-M,931,0,0,106,0,106,G
7-M,932,103,0,0,0,103,A
7-M,933,105,0,0,0,105,A
7-M,934,0,103,0,0,103,T
7-M,935,0,0,103,0,103,G
7-M,936,0,0,0,102,102,C
7-M,937,0,93,0,0,93,T
7-M,938,0,0,94,0,94,G
7-M,939,0,92,0,1,93,T
7-M,940,0,0,93,0,93,G
7-M,941,0,0,93,0,93,G
7-M,942,91,0,0,0,91,A
7-M,943,0,91,0,0,91,T
7-M,944,0,0,85,0,85,G
7-M,945,0,0,0,80,80,C
7-M,946,0,72,0,0,72,T
7-M,947,0,0,70,0,70,G
7-M,948,71,0,0,0,71,A
7-M,949,0,0,0,71,71,C
7-M,950,0,0,71,0,71,G
7-M,951,70,0,0,0,70,A
7-M,952,0,0,0,69,69,C
7-M,953,67,0,0,0,67,A
7-M,954,0,0,67,0,67,G
7-M,955,0,65,0,0,65,T
7-M,956,1,0,0,63,64,C
7-M,957,65,0,0,0,65,A
7-M,958,0,64,0,0,64,T
7-M,959,0,64,0,0,64,T
7-M,960,0,63,0,0,63,T
7-M,961,0,64,0,0,64,T
7-M,962,0,0,64,0,64,G
7-M,963,0,60,0,0,60,T
7-M,964,1,0,0,59,60,C
7-M,965,58,0,0,0,58,A
7-M,966,0,0,58,0,58,G
7-M,967,0,0,0,57,57,C
7-M,968,58,0,0,0,58,A
7-M,969,0,58,0,0,58,T
7-M,970,57,0,0,0,57,A
7-M,971,0,0,57,0,57,G
7-M,972,55,0,0,0,55,A
7-M,973,0,0,55,0,55,G
7-M,974,0,51,0,0,51,T
7-M,975,0,40,0,0,40,T
7-M,976,0,0,40,0,40,G
7-M,977,0,0,39,0,39,G
7-M,978,38,0,1,0,39,A
7-M,979,0,0,38,0,38,G
7-M,980,0,20,0,0,20,T
7-M,981,19,0,0,0,19,A
7-M,982,18,0,0,0,18,A
8-NS,1,128,0,0,0,128,A
8-NS,2,0,128,0,0,128,T
8-NS,3,0,0,137,0,137,G
8-NS,4,0,1,145,0,146,G
8-NS,5,153,0,0,0,153,A
8-NS,6,0,285,0,0,285,T
8-NS,7,0,284,0,0,284,T
8-NS,8,0,0,0,292,292,C
8-NS,9,1,1,0,291,293,C
8-NS,10,294,0,0,0,294,A
8-NS,11,296,0,1,0,297,A
8-NS,12,0,0,0,298,298,C
8-NS,13,298,1,0,0,299,A
8-NS,14,0,0,0,300,300,C
8-NS,15,0,299,0,0,299,T
8-NS,16,0,1,337,0,338,G
8-NS,17,1,337,0,0,338,T
8-NS,18,0,0,340,0,340,G
8-NS,19,0,341,0,1,342,T
8-NS,20,1,0,0,342,343,C
8-NS,21,344,0,0,0,344,A
8-NS,22,343,0,0,0,343,A
8-NS,23,0,0,351,0,351,G
8-NS,24,0,363,0,0,363,T
8-NS,25,0,366,0,0,366,T
8-NS,26,0,373,0,0,373,T
8-NS,27,1,1,0,371,373,C
8-NS,28,2,0,0,371,373,C
8-NS,29,375,0,0,0,375,A
8-NS,30,0,1,376,1,378,G
8-NS,31,0,0,380,0,380,G
8-NS,32,0,379,0,0,379,T
8-NS,33,378,0,1,0,379,A
8-NS,34,0,0,387,0,387,G
8-NS,35,384,1,0,0,385,A
8-NS,36,0,388,0,0,388,T
8-NS,37,1,385,0,1,387,T
8-NS,38,0,0,391,0,391,G
8-NS,39,0,0,0,389,389,C
8-NS,40,0,391,0,1,392,T
8-NS,41,0,391,0,1,392,T
8-NS,42,0,397,0,1,398,T
8-NS,43,1,0,0,403,404,C
8-NS,44,0,404,0,0,404,T
8-NS,45,0,403,1,0,404,T
8-NS,46,0,405,0,0,405,T
8-NS,47,0,2,407,0,409,G
8-NS,48,0,0,409,0,409,G
8-NS,49,0,1,0,405,406,C
8-NS,50,409,0,0,0,409,A
8-NS,51,0,410,0,0,410,T
8-NS,52,411,0,0,0,411,A
8-NS,53,0,418,0,0,418,T
8-NS,54,0,0,0,420,420,C
8-NS,55,3,0,0,418,421,C
8-NS,56,0,0,420,0,420,G
8-NS,57,0,1,422,0,423,G
8-NS,58,423,0,0,0,423,A
8-NS,59,424,0,0,0,424,A
8-NS,60,422,0,1,0,423,A
8-NS,61,0,0,0,429,429,C
8-NS,62,426,0,0,0,426,A
8-NS,63,425,1,0,0,426,A
8-NS,64,0,0,444,0,444,G
8-NS,65,0,442,0,0,442,T
8-NS,66,0,443,0,0,443,T
8-NS,67,0,0,444,0,444,G
8-NS,68,0,445,0,0,445,T
8-NS,69,442,0,0,0,442,A
8-NS,70,0,3,442,0,445,G
8-NS,71,468,1,1,0,470,A
8-NS,72,0,0,0,471,471,C
8-NS,73,0,0,0,459,459,C
8-NS,74,462,0,0,1,463,A
8-NS,75,466,0,0,0,466,A
8-NS,76,0,4,507,0,511,G
8-NS,77,511,1,0,0,512,A
8-NS,78,514,0,1,0,515,A
8-NS,79,0,0,0,516,516,C
8-NS,80,0,510,0,0,510,T
8-NS,81,0,3,515,0,518,G
8-NS,82,517,0,1,1,519,A
8-NS,83,0,0,529,0,529,G
8-NS,84,1,526,0,2,529,T
8-NS,85,0,1,518,0,519,G
8-NS,86,524,0,0,0,524,A
8-NS,87,0,521,0,0,521,T
8-NS,88,0,0,534,0,534,G
8-NS,89,0,0,0,540,540,C
8-NS,90,2,0,0,536,538,C
8-NS,91,2,0,0,538,540,C
8-NS,92,0,0,0,538,538,C
8-NS,93,542,0,0,0,542,A
8-NS,94,0,551,0,0,551,T
8-NS,95,0,560,0,0,560,T
8-NS,96,3,0,0,565,568,C
8-NS,97,0,0,0,566,566,C
8-NS,98,0,567,0,1,568,T
8-NS,99,0,568,0,0,568,T
8-NS,100,0,2,565,0,567,G
8-NS,101,566,1,0,0,567,A
8-NS,102,0,566,0,0,566,T
8-NS,103,2,0,1,562,565,C
8-NS,104,0,2,563,0,565,G
8-NS,105,1,0,571,0,572,G
8-NS,106,0,0,0,575,575,C
8-NS,107,0,571,0,1,572,T
8-NS,108,0,570,0,0,570,T
8-NS,109,1,1,0,571,573,C
8-NS,110,5,1,571,0,577,G
8-NS,111,0,0,0,574,574,C
8-NS,112,1,0,0,574,575,C
8-NS,113,1,0,577,0,578,G
8-NS,114,574,0,1,0,575,A
8-NS,115,0,3,593,0,596,G
8-NS,116,597,0,0,0,597,A
8-NS,117,0,602,0,0,602,T
8-NS,118,3,2,0,597,602,C
8-NS,119,596,0,0,1,597,A
8-NS,120,0,0,599,0,599,G
8-NS,121,597,0,0,0,597,A
8-NS,122,0,0,601,0,601,G
8-NS,123,0,0,608,0,608,G
8-NS,124,0,619,0,0,619,T
8-NS,125,3,0,0,650,653,C
8-NS,126,3,0,0,651,654,C
8-NS,127,3,0,0,656,659,C
8-NS,128,1,656,0,3,660,T
8-NS,129,660,0,0,0,660,A
8-NS,130,661,0,1,0,662,A
8-NS,131,0,2,668,0,670,G
8-NS,132,1,6,663,0,670,G
8-NS,133,0,2,668,0,670,G
8-NS,134,0,2,656,0,658,G
8-NS,135,658,1,0,0,659,A
8-NS,136,661,0,2,0,663,A
8-NS,137,0,2,662,0,664,G
8-NS,138,668,1,1,0,670,A
8-NS,139,0,1,688,0,689,G
8-NS,140,0,1,688,0,689,G
8-NS,141,1,1,0,689,691,C
8-NS,142,688,0,1,0,689,A
8-NS,143,685,0,0,0,685,A
8-NS,144,0,686,0,0,686,T
8-NS,145,693,0,0,0,693,A
8-NS,146,0,0,0,698,698,C
8-NS,147,0,687,0,1,688,T
8-NS,148,3,0,0,684,687,C
8-NS,149,0,682,0,0,682,T
8-NS,150,2,0,0,682,684,C
8-NS,151,0,3,687,0,690,G
8-NS,152,0,0,726,0,726,G
8-NS,153,0,726,0,1,727,T
8-NS,154,6,0,0,723,729,C
8-NS,155,0,726,0,0,726,T
8-NS,156,733,0,0,0,733,A
8-NS,157,1,4,725,0,730,G
8-NS,158,731,0,1,0,732,A
8-NS,159,0,0,0,756,756,C
8-NS,160,740,0,0,0,740,A
8-NS,161,0,728,0,1,729,T
8-NS,162,1,0,0,731,732,C
8-NS,163,731,0,0,0,731,A
8-NS,164,730,0,0,0,730,A
8-NS,165,729,0,2,0,731,A
8-NS,166,0,0,732,0,732,G
8-NS,167,0,0,0,733,733,C
8-NS,168,719,0,1,0,720,A
8-NS,169,0,0,723,0,723,G
8-NS,170,1,0,0,718,719,C
8-NS,171,2,0,0,721,723,C
8-NS,172,730,0,0,0,730,A
8-NS,173,0,1,0,748,749,C
8-NS,174,1,0,0,750,751,C
8-NS,175,1,0,0,749,750,C
8-NS,176,758,1,1,0,760,A
8-NS,177,0,763,0,0,763,T
8-NS,178,0,0,766,0,766,G
8-NS,179,0,762,0,1,763,T
8-NS,180,0,758,0,1,759,T
8-NS,181,1,4,750,0,755,G
8-NS,182,1,0,749,0,750,G
8-NS,183,752,0,1,0,753,A
8-NS,184,751,0,0,0,751,A
8-NS,185,736,0,2,0,738,A
8-NS,186,0,0,746,0,746,G
8-NS,187,0,0,0,744,744,C
8-NS,188,745,0,0,0,745,A
8-NS,189,744,0,0,0,744,A
8-NS,190,741,0,1,0,742,A
8-NS,191,0,753,0,0,753,T
8-NS,192,0,749,0,0,749,T
8-NS,193,0,0,769,0,769,G
8-NS,194,0,766,0,0,766,T
8-NS,195,767,0,0,0,767,A
8-NS,196,0,0,767,0,767,G
8-NS,197,764,1,0,0,765,A
8-NS,198,764,0,0,0,764,A
8-NS,199,763,0,0,0,763,A
8-NS,200,759,0,0,0,759,A
8-NS,201,0,2,763,0,765,G
8-NS,202,747,0,0,0,747,A
8-NS,203,0,749,0,0,749,T
8-NS,204,0,743,0,1,744,T
8-NS,205,2,0,0,749,751,C
8-NS,206,0,751,1,0,752,T
8-NS,207,0,1,753,0,754,G
8-NS,208,754,0,1,0,755,A
8-NS,209,752,0,0,0,752,A
8-NS,210,750,0,0,1,751,A
8-NS,211,0,1,759,0,760,G
8-NS,212,758,0,1,0,759,A
8-NS,213,760,0,1,0,761,A
8-NS,214,0,1,765,0,766,G
8-NS,215,770,0,2,0,772,A
8-NS,216,773,0,1,0,774,A
8-NS,217,0,774,0,0,774,T
8-NS,218,3,0,0,779,782,C
8-NS,219,0,782,0,1,783,T
8-NS,220,1,1,783,0,785,G
8-NS,221,782,0,1,0,783,A
8-NS,222,0,783,0,0,783,T
8-NS,223,0,2,778,0,780,G
8-NS,224,770,0,1,0,771,A
8-NS,225,0,1,769,0,770,G
8-NS,226,1,0,770,0,771,G
8-NS,227,0,0,0,770,770,C
8-NS,228,775,0,0,0,775,A
8-NS,229,0,0,0,793,793,C
8-NS,230,0,789,0,0,789,T
8-NS,231,0,793,0,1,794,T
8-NS,232,797,0,0,0,797,A
8-NS,233,803,0,0,0,803,A
8-NS,234,800,0,2,0,802,A
8-NS,235,798,0,1,0,799,A
8-NS,236,0,802,0,0,802,T
8-NS,237,0,8,801,0,809,G
8-NS,238,802,0,1,0,803,A
8-NS,239,0,1,0,805,806,C
8-NS,240,3,0,0,801,804,C
8-NS,241,802,0,0,0,802,A
8-NS,242,0,800,0,1,801,T
8-NS,243,1,1,816,0,818,G
8-NS,244,1,0,825,0,826,G
8-NS,245,0,830,0,0,830,T
8-NS,246,5,0,0,871,876,C
8-NS,247,0,870,0,1,871,T
8-NS,248,3,0,0,879,882,C
8-NS,249,6,0,0,875,881,C
8-NS,250,883,0,0,0,883,A
8-NS,251,0,0,0,893,893,C
8-NS,252,871,1,0,0,872,A
8-NS,253,1,1,0,894,896,C
8-NS,254,2,1,1,887,891,C
8-NS,255,0,853,0,0,853,T
8-NS,256,0,0,855,0,855,G
8-NS,257,0,0,0,851,851,C
8-NS,258,0,843,0,0,843,T
8-NS,259,0,848,0,0,848,T
8-NS,260,1,8,0,836,845,C
8-NS,261,0,0,845,0,845,G
8-NS,262,1,0,0,843,844,C
8-NS,263,2,4,837,0,843,G
8-NS,264,879,0,0,0,879,A
8-NS,265,0,876,0,0,876,T
8-NS,266,896,0,1,0,897,A
8-NS,267,2,0,0,895,897,C
8-NS,268,893,0,0,0,893,A
8-NS,269,0,910,1,1,912,T
8-NS,270,906,0,0,0,906,A
8-NS,271,907,1,0,0,908,A
8-NS,272,0,0,0,911,911,C
8-NS,273,0,887,0,0,887,T
8-NS,274,2,1,903,0,906,G
8-NS,275,893,0,1,0,894,A
8-NS,276,0,0,0,893,893,C
8-NS,277,891,0,1,0,892,A
8-NS,278,0,871,0,0,871,T
8-NS,279,1,4,870,0,875,G
8-NS,280,867,0,1,0,868,A
8-NS,281,0,1,0,896,897,C
8-NS,282,0,893,0,0,893,T
8-NS,283,903,0,0,0,903,A
8-NS,284,0,902,0,0,902,T
8-NS,285,0,891,0,1,892,T
8-NS,286,1,2,893,0,896,G
8-NS,287,892,1,0,0,893,A
8-NS,288,0,3,890,0,893,G
8-NS,289,0,2,891,0,893,G
8-NS,290,873,0,0,0,873,A
8-NS,291,876,0,0,0,876,A
8-NS,292,0,853,0,0,853,T
8-NS,293,0,855,0,0,855,T
8-NS,294,0,0,868,0,868,G
8-NS,295,1,865,0,2,868,T
8-NS,296,8,1,1,856,866,C
8-NS,297,866,0,0,0,866,A
8-NS,298,869,0,0,0,869,A
8-NS,299,0,3,866,0,869,G
8-NS,300,869,0,0,0,869,A
8-NS,301,866,0,0,1,867,A
8-NS,302,869,0,1,0,870,A
8-NS,303,2,0,0,867,869,C
8-NS,304,0,855,0,0,855,T
8-NS,305,0,3,867,0,870,G
8-NS,306,0,0,877,0,877,G
8-NS,307,1,877,0,0,878,T
8-NS,308,0,875,0,0,875,T
8-NS,309,2,0,0,875,877,C
8-NS,310,876,0,0,0,876,A
8-NS,311,0,887,0,0,887,T
8-NS,312,1,2,890,0,893,G
8-NS,313,0,0,0,896,896,C
8-NS,314,0,883,0,0,883,T
8-NS,315,870,0,1,0,871,A
8-NS,316,890,0,0,0,890,A
8-NS,317,0,895,0,0,895,T
8-NS,318,4,1,902,0,907,G
8-NS,319,0,0,0,904,904,C
8-NS,320,2,0,0,887,889,C
8-NS,321,3,0,0,901,904,C
8-NS,322,893,0,0,1,894,A
8-NS,323,905,1,0,0,906,A
8-NS,324,197,1,709,0,907,G
8-NS,325,0,1,0,914,915,C
8-NS,326,915,0,0,0,915,A
8-NS,327,0,1,915,0,916,G
8-NS,328,901,0,0,0,901,A
8-NS,329,903,0,1,0,904,A
8-NS,330,903,0,0,0,903,A
8-NS,331,0,1,923,0,924,G
8-NS,332,1,920,0,0,921,T
8-NS,333,0,1,920,0,921,G
8-NS,334,1,2,918,0,921,G
8-NS,335,920,0,1,1,922,A
8-NS,336,915,0,2,0,917,A
8-NS,337,0,2,915,0,917,G
8-NS,338,2,2,916,0,920,G
8-NS,339,923,0,1,0,924,A
8-NS,340,0,0,0,930,930,C
8-NS,341,2,0,0,916,918,C
8-NS,342,1,920,0,0,921,T
8-NS,343,1,0,0,939,940,C
8-NS,344,1,941,0,0,942,T
8-NS,345,0,941,0,0,941,T
8-NS,346,0,937,0,1,938,T
8-NS,347,1,0,942,0,943,G
8-NS,348,0,1,0,949,950,C
8-NS,349,948,1,0,0,949,A
8-NS,350,0,948,0,0,948,T
8-NS,351,3,3,0,941,947,C
8-NS,352,948,1,1,0,950,A
8-NS,353,0,3,968,0,971,G
8-NS,354,970,0,0,2,972,A
8-NS,355,968,0,0,0,968,A
8-NS,356,1,967,0,1,969,T
8-NS,357,1,3,962,0,966,G
8-NS,358,4,7,961,0,972,G
8-NS,359,969,0,3,0,972,A
8-NS,360,1,1,0,966,968,C
8-NS,361,3,2,0,947,952,C
8-NS,362,939,0,1,0,940,A
8-NS,363,1,1,945,0,947,G
8-NS,364,0,1,942,0,943,G
8-NS,365,2,0,0,944,946,C
8-NS,366,942,1,0,0,943,A
8-NS,367,947,0,1,0,948,A
8-NS,368,0,942,0,1,943,T
8-NS,369,3,0,0,947,950,C
8-NS,370,948,0,1,0,949,A
8-NS,371,0,945,0,0,945,T
8-NS,372,0,2,931,0,933,G
8-NS,373,0,3,936,0,939,G
8-NS,374,932,0,2,0,934,A
8-NS,375,0,1,944,0,945,G
8-NS,376,934,0,0,0,934,A
8-NS,377,935,1,0,0,936,A
8-NS,378,936,0,0,0,936,A
8-NS,379,937,1,0,0,938,A
8-NS,380,947,0,0,0,947,A
8-NS,381,0,0,0,946,946,C
8-NS,382,934,0,1,2,937,A
8-NS,383,0,935,0,0,935,T
8-NS,384,2,0,0,923,925,C
8-NS,385,925,0,0,0,925,A
8-NS,386,0,926,0,0,926,T
8-NS,387,0,0,936,0,936,G
8-NS,388,0,936,0,1,937,T
8-NS,389,0,930,0,1,931,T
8-NS,390,0,2,924,2,928,G
8-NS,391,925,0,1,0,926,A
8-NS,392,929,0,0,0,929,A
8-NS,393,928,0,1,0,929,A
8-NS,394,0,1,935,0,936,G
8-NS,395,0,0,0,920,920,C
8-NS,396,0,3,923,0,926,G
8-NS,397,923,0,0,0,923,A
8-NS,398,925,0,0,0,925,A
8-NS,399,1,921,1,0,923,T
8-NS,400,0,900,0,26,926,T
8-NS,401,0,929,0,1,930,T
8-NS,402,3,0,0,929,932,C
8-NS,403,893,0,2,0,895,A
8-NS,404,0,0,897,0,897,G
8-NS,405,0,919,0,0,919,T
8-NS,406,1,0,919,0,920,G
8-NS,407,0,918,0,0,918,T
8-NS,408,0,5,921,0,926,G
8-NS,409,934,0,1,0,935,A
8-NS,410,0,935,0,0,935,T
8-NS,411,0,923,1,0,924,T
8-NS,412,0,932,0,0,932,T
8-NS,413,0,930,0,1,931,T
8-NS,414,0,932,0,1,933,T
8-NS,415,0,8,896,0,904,G
8-NS,416,902,0,0,0,902,A
8-NS,417,1,2,0,899,902,C
8-NS,418,2,2,0,894,898,C
8-NS,419,0,3,901,0,904,G
8-NS,420,949,0,0,0,949,A
8-NS,421,0,0,0,963,963,C
8-NS,422,0,962,0,1,963,T
8-NS,423,964,0,0,0,964,A
8-NS,424,0,1,965,0,966,G
8-NS,425,967,0,1,0,968,A
8-NS,426,0,5,973,0,978,G
8-NS,427,977,0,0,0,977,A
8-NS,428,0,0,0,1000,1000,C
8-NS,429,0,1,0,950,951,C
8-NS,430,931,0,0,0,931,A
8-NS,431,0,946,0,1,947,T
8-NS,432,944,0,0,0,944,A
8-NS,433,2,0,944,0,946,G
8-NS,434,0,929,0,0,929,T
8-NS,435,0,0,891,0,891,G
8-NS,436,0,939,0,1,940,T
8-NS,437,0,952,1,0,953,T
8-NS,438,978,0,0,0,978,A
8-NS,439,1,0,0,974,975,C
8-NS,440,0,958,0,0,958,T
8-NS,441,957,0,1,0,958,A
8-NS,442,900,0,1,0,901,A
8-NS,443,0,3,903,0,906,G
8-NS,444,0,2,898,0,900,G
8-NS,445,1,0,908,0,909,G
8-NS,446,1,0,0,896,897,C
8-NS,447,0,882,0,1,883,T
8-NS,448,0,885,0,0,885,T
8-NS,449,0,901,0,0,901,T
8-NS,450,0,0,0,902,902,C
8-NS,451,919,0,1,0,920,A
8-NS,452,0,0,0,921,921,C
8-NS,453,2,0,0,906,908,C
8-NS,454,0,1,907,0,908,G
8-NS,455,912,0,0,0,912,A
8-NS,456,911,3,0,0,914,A
8-NS,457,0,0,918,0,918,G
8-NS,458,908,0,0,0,908,A
8-NS,459,0,4,904,0,908,G
8-NS,460,0,2,886,0,888,G
8-NS,461,1,6,893,0,900,G
8-NS,462,893,0,3,0,896,A
8-NS,463,1,0,891,0,892,G
8-NS,464,0,0,1,889,890,C
8-NS,465,890,0,0,0,890,A
8-NS,466,889,0,0,0,889,A
8-NS,467,0,886,0,0,886,T
8-NS,468,0,883,0,0,883,T
8-NS,469,0,0,884,0,884,G
8-NS,470,0,869,0,0,869,T
8-NS,471,0,867,0,0,867,T
8-NS,472,0,3,866,0,869,G
8-NS,473,0,1,864,0,865,G
8-NS,474,2,0,0,869,871,C
8-NS,475,0,0,868,0,868,G
8-NS,476,868,0,0,0,868,A
8-NS,477,865,0,0,0,865,A
8-NS,478,873,0,0,0,873,A
8-NS,479,0,873,0,0,873,T
8-NS,480,1,0,0,871,872,C
8-NS,481,0,867,1,1,869,T
8-NS,482,3,0,0,873,876,C
8-NS,483,881,0,1,0,882,A
8-NS,484,0,0,0,885,885,C
8-NS,485,5,1,0,877,883,C
8-NS,486,870,0,7,0,877,A
8-NS,487,0,875,0,0,875,T
8-NS,488,1,857,0,0,858,T
8-NS,489,1,0,865,0,866,G
8-NS,490,0,0,0,864,864,C
8-NS,491,4,7,0,846,857,C
8-NS,492,0,856,1,1,858,T
8-NS,493,1,853,0,0,854,T
8-NS,494,1,0,0,861,862,C
8-NS,495,0,859,0,3,862,T
8-NS,496,0,859,0,1,860,T
8-NS,497,1,877,0,0,878,T
8-NS,498,0,869,0,3,872,T
8-NS,499,1,0,0,871,872,C
8-NS,500,1,0,0,873,874,C
8-NS,501,866,0,0,0,866,A
8-NS,502,1,2,879,0,882,G
8-NS,503,0,4,873,0,877,G
8-NS,504,895,0,1,0,896,A
8-NS,505,0,0,0,898,898,C
8-NS,506,910,0,0,0,910,A
8-NS,507,0,914,0,1,915,T
8-NS,508,919,0,0,0,919,A
8-NS,509,0,0,0,986,986,C
8-NS,510,0,983,0,0,983,T
8-NS,511,981,0,0,0,981,A
8-NS,512,0,979,0,1,980,T
8-NS,513,1,946,0,2,949,T
8-NS,514,1,3,941,0,945,G
8-NS,515,911,0,1,0,912,A
8-NS,516,1,1,910,0,912,G
8-NS,517,0,1,908,0,909,G
8-NS,518,830,0,0,0,830,A
8-NS,519,0,829,0,0,829,T
8-NS,520,0,0,822,0,822,G
8-NS,521,0,812,0,2,814,T
8-NS,522,4,0,0,821,825,C
8-NS,523,828,1,0,0,829,A
8-NS,524,830,0,0,0,830,A
8-NS,525,825,1,0,1,827,A
8-NS,526,824,0,0,0,824,A
8-NS,527,834,0,0,0,834,A
8-NS,528,0,827,0,0,827,T
8-NS,529,0,0,826,0,826,G
8-NS,530,0,0,0,836,836,C
8-NS,531,833,0,0,0,833,A
8-NS,532,839,0,1,0,840,A
8-NS,533,0,838,0,1,839,T
8-NS,534,0,840,0,0,840,T
8-NS,535,1,2,841,0,844,G
8-NS,536,0,2,837,0,839,G
8-NS,537,0,4,839,0,843,G
8-NS,538,0,1,846,0,847,G
8-NS,539,0,825,0,0,825,T
8-NS,540,4,0,0,833,837,C
8-NS,541,1,1,1,828,831,C
8-NS,542,0,834,0,1,835,T
8-NS,543,3,0,0,836,839,C
8-NS,544,840,1,0,0,841,A
8-NS,545,0,837,0,1,838,T
8-NS,546,4,1,0,836,841,C
8-NS,547,0,1,836,0,837,G
8-NS,548,0,0,836,0,836,G
8-NS,549,822,0,1,0,823,A
8-NS,550,2,2,822,0,826,G
8-NS,551,0,2,831,0,833,G
8-NS,552,827,0,0,0,827,A
8-NS,553,1,0,0,828,829,C
8-NS,554,0,828,0,2,830,T
8-NS,555,0,827,0,1,828,T
8-NS,556,0,3,831,0,834,G
8-NS,557,829,0,1,0,830,A
8-NS,558,830,0,2,0,832,A
8-NS,559,0,826,0,0,826,T
8-NS,560,0,0,819,0,819,G
8-NS,561,1,4,829,0,834,G
8-NS,562,823,0,1,0,824,A
8-NS,563,831,0,0,0,831,A
8-NS,564,0,869,0,0,869,T
8-NS,565,0,8,861,0,869,G
8-NS,566,873,0,0,0,873,A
8-NS,567,1,871,0,0,872,T
8-NS,568,869,0,2,0,871,A
8-NS,569,871,1,0,0,872,A
8-NS,570,0,2,0,861,863,C
8-NS,571,852,0,0,0,852,A
8-NS,572,0,0,0,861,861,C
8-NS,573,795,0,0,0,795,A
8-NS,574,1,0,802,0,803,G
8-NS,575,0,793,0,0,793,T
8-NS,576,0,795,0,0,795,T
8-NS,577,6,0,0,788,794,C
8-NS,578,0,3,785,0,788,G
8-NS,579,783,0,1,0,784,A
8-NS,580,0,5,784,0,789,G
8-NS,581,0,781,0,0,781,T
8-NS,582,3,0,0,781,784,C
8-NS,583,1,764,0,0,765,T
8-NS,584,2,0,0,766,768,C
8-NS,585,0,770,0,1,771,T
8-NS,586,772,0,0,0,772,A
8-NS,587,771,0,0,0,771,A
8-NS,588,769,0,0,0,769,A
8-NS,589,772,0,0,0,772,A
8-NS,590,775,0,0,0,775,A
8-NS,591,0,767,0,0,767,T
8-NS,592,4,0,0,774,778,C
8-NS,593,0,772,0,1,773,T
8-NS,594,774,0,1,0,775,A
8-NS,595,0,0,0,774,774,C
8-NS,596,771,0,2,0,773,A
8-NS,597,0,2,773,0,775,G
8-NS,598,750,0,0,0,750,A
8-NS,599,2,2,750,0,754,G
8-NS,600,755,0,1,0,756,A
8-NS,601,0,752,0,1,753,T
8-NS,602,0,750,0,0,750,T
8-NS,603,3,1,0,742,746,C
8-NS,604,1,1,746,0,748,G
8-NS,605,0,0,0,748,748,C
8-NS,606,1,744,0,0,745,T
8-NS,607,0,745,0,0,745,T
8-NS,608,1,0,737,0,738,G
8-NS,609,0,1,744,0,745,G
8-NS,610,745,0,1,1,747,A
8-NS,611,0,1,745,0,746,G
8-NS,612,739,0,0,0,739,A
8-NS,613,730,0,0,0,730,A
8-NS,614,0,0,735,0,735,G
8-NS,615,1,0,1,733,735,C
8-NS,616,732,0,0,0,732,A
8-NS,617,0,0,747,0,747,G
8-NS,618,0,737,0,0,737,T
8-NS,619,740,0,0,0,740,A
8-NS,620,739,0,0,0,739,A
8-NS,621,0,740,1,0,741,T
8-NS,622,0,6,737,0,743,G
8-NS,623,714,0,0,1,715,A
8-NS,624,1,1,722,0,724,G
8-NS,625,716,0,2,0,718,A
8-NS,626,686,0,0,0,686,A
8-NS,627,1,686,0,0,687,T
8-NS,628,1,0,678,0,679,G
8-NS,629,0,1,682,0,683,G
8-NS,630,0,1,675,0,676,G
8-NS,631,0,1,675,0,676,G
8-NS,632,0,0,679,0,679,G
8-NS,633,651,0,1,0,652,A
8-NS,634,0,1,0,649,650,C
8-NS,635,2,0,0,651,653,C
8-NS,636,0,641,0,0,641,T
8-NS,637,2,1,0,648,651,C
8-NS,638,2,0,0,648,650,C
8-NS,639,651,0,1,1,653,A
8-NS,640,0,0,0,646,646,C
8-NS,641,0,640,0,0,640,T
8-NS,642,0,642,0,0,642,T
8-NS,643,617,1,0,0,618,A
8-NS,644,0,1,0,616,617,C
8-NS,645,0,619,0,1,620,T
8-NS,646,591,1,0,0,592,A
8-NS,647,0,3,0,605,608,C
8-NS,648,609,0,0,0,609,A
8-NS,649,614,0,0,0,614,A
8-NS,650,612,0,0,0,612,A
8-NS,651,609,0,0,0,609,A
8-NS,652,1,0,0,609,610,C
8-NS,653,593,0,0,0,593,A
8-NS,654,1,0,602,0,603,G
8-NS,655,596,0,0,0,596,A
8-NS,656,598,0,0,0,598,A
8-NS,657,598,0,0,0,598,A
8-NS,658,0,0,0,597,597,C
8-NS,659,0,0,596,1,597,G
8-NS,660,0,0,597,0,597,G
8-NS,661,0,0,598,0,598,G
8-NS,662,598,0,0,0,598,A
8-NS,663,595,0,0,0,595,A
8-NS,664,594,0,0,0,594,A
8-NS,665,0,592,0,0,592,T
8-NS,666,0,1,592,1,594,G
8-NS,667,0,1,591,0,592,G
8-NS,668,0,2,0,582,584,C
8-NS,669,1,1,583,0,585,G
8-NS,670,586,0,0,0,586,A
8-NS,671,0,1,589,0,590,G
8-NS,672,590,0,0,0,590,A
8-NS,673,587,0,1,0,588,A
8-NS,674,1,0,1,587,589,C
8-NS,675,573,0,0,0,573,A
8-NS,676,1,0,570,0,571,G
8-NS,677,1,0,0,572,573,C
8-NS,678,0,571,0,2,573,T
8-NS,679,573,0,0,0,573,A
8-NS,680,0,3,569,0,572,G
8-NS,681,1,0,571,0,572,G
8-NS,682,0,570,0,2,572,T
8-NS,683,4,0,0,562,566,C
8-NS,684,559,1,1,0,561,A
8-NS,685,564,0,0,0,564,A
8-NS,686,564,0,0,0,564,A
8-NS,687,565,0,1,0,566,A
8-NS,688,0,0,566,0,566,G
8-NS,689,0,551,0,0,551,T
8-NS,690,0,552,0,0,552,T
8-NS,691,0,549,0,0,549,T
8-NS,692,0,0,551,0,551,G
8-NS,693,550,0,1,0,551,A
8-NS,694,550,0,1,0,551,A
8-NS,695,0,3,555,1,559,G
8-NS,696,547,0,0,0,547,A
8-NS,697,0,0,547,0,547,G
8-NS,698,545,0,0,0,545,A
8-NS,699,0,544,0,0,544,T
8-NS,700,547,0,0,0,547,A
8-NS,701,542,0,0,0,542,A
8-NS,702,0,0,542,0,542,G
8-NS,703,512,0,0,0,512,A
8-NS,704,0,514,0,0,514,T
8-NS,705,0,1,519,0,520,G
8-NS,706,0,0,517,0,517,G
8-NS,707,1,0,0,516,517,C
8-NS,708,1,513,0,1,515,T
8-NS,709,519,0,1,0,520,A
8-NS,710,519,0,0,0,519,A
8-NS,711,0,515,0,0,515,T
8-NS,712,0,514,0,0,514,T
8-NS,713,0,0,516,0,516,G
8-NS,714,509,0,0,0,509,A
8-NS,715,508,0,0,0,508,A
8-NS,716,0,2,506,0,508,G
8-NS,717,509,0,0,0,509,A
8-NS,718,502,1,0,0,503,A
8-NS,719,0,0,510,0,510,G
8-NS,720,0,502,0,1,503,T
8-NS,721,0,1,503,0,504,G
8-NS,722,496,0,0,0,496,A
8-NS,723,0,4,494,0,498,G
8-NS,724,495,0,0,0,495,A
8-NS,725,0,0,0,489,489,C
8-NS,726,483,0,1,0,484,A
8-NS,727,0,0,0,484,484,C
8-NS,728,455,0,0,0,455,A
8-NS,729,0,0,461,0,461,G
8-NS,730,461,0,0,0,461,A
8-NS,731,0,460,0,0,460,T
8-NS,732,0,457,0,0,457,T
8-NS,733,457,0,0,0,457,A
8-NS,734,455,0,1,0,456,A
8-NS,735,453,0,0,0,453,A
8-NS,736,456,0,0,0,456,A
8-NS,737,452,0,0,0,452,A
8-NS,738,0,0,0,444,444,C
8-NS,739,420,0,0,0,420,A
8-NS,740,422,0,0,0,422,A
8-NS,741,0,0,0,422,422,C
8-NS,742,0,421,0,0,421,T
8-NS,743,0,1,424,0,425,G
8-NS,744,422,0,0,0,422,A
8-NS,745,419,0,0,0,419,A
8-NS,746,419,0,0,0,419,A
8-NS,747,417,0,0,0,417,A
8-NS,748,0,416,0,1,417,T
8-NS,749,406,0,0,0,406,A
8-NS,750,0,0,411,0,411,G
8-NS,751,0,0,1,408,409,C
8-NS,752,0,402,0,0,402,T
8-NS,753,0,403,0,1,404,T
8-NS,754,0,396,0,0,396,T
8-NS,755,0,2,400,0,402,G
8-NS,756,403,0,0,0,403,A
8-NS,757,404,0,1,0,405,A
8-NS,758,1,0,0,404,405,C
8-NS,759,386,0,1,0,387,A
8-NS,760,389,0,0,0,389,A
8-NS,761,391,0,0,0,391,A
8-NS,762,0,390,0,0,390,T
8-NS,763,386,0,4,0,390,A
8-NS,764,380,0,1,0,381,A
8-NS,765,0,0,0,382,382,C
8-NS,766,379,0,0,0,379,A
8-NS,767,0,375,0,0,375,T
8-NS,768,0,370,0,0,370,T
8-NS,769,0,0,0,368,368,C
8-NS,770,364,0,1,0,365,A
8-NS,771,0,363,0,0,363,T
8-NS,772,0,0,363,0,363,G
8-NS,773,0,0,0,359,359,C
8-NS,774,355,0,0,0,355,A
8-NS,775,353,0,0,0,353,A
8-NS,776,0,0,352,0,352,G
8-NS,777,0,0,0,359,359,C
8-NS,778,348,0,0,0,348,A
8-NS,779,1,351,0,1,353,T
8-NS,780,0,350,0,0,350,T
8-NS,781,348,0,1,0,349,A
8-NS,782,0,0,0,350,350,C
8-NS,783,351,0,0,0,351,A
8-NS,784,348,0,0,0,348,A
8-NS,785,0,0,0,345,345,C
8-NS,786,0,298,0,0,298,T
8-NS,787,0,0,297,0,297,G
8-NS,788,1,0,0,295,296,C
8-NS,789,0,285,0,0,285,T
8-NS,790,0,0,286,0,286,G
8-NS,791,0,279,0,2,281,T
8-NS,792,0,279,0,0,279,T
8-NS,793,0,281,0,0,281,T
8-NS,794,0,1,278,0,279,G
8-NS,795,278,1,0,0,279,A
8-NS,796,272,1,1,0,274,A
8-NS,797,0,0,273,0,273,G
8-NS,798,0,268,0,0,268,T
8-NS,799,0,0,251,0,251,G
8-NS,800,0,2,252,0,254,G
8-NS,801,254,0,0,0,254,A
8-NS,802,251,1,1,0,253,A
8-NS,803,0,0,0,252,252,C
8-NS,804,244,0,0,0,244,A
8-NS,805,0,0,246,0,246,G
8-NS,806,1,2,240,0,243,G
8-NS,807,242,0,0,0,242,A
8-NS,808,0,0,243,0,243,G
8-NS,809,212,0,0,0,212,A
8-NS,810,0,212,0,0,212,T
8-NS,811,209,0,0,0,209,A
8-NS,812,206,0,0,0,206,A
8-NS,813,0,0,208,0,208,G
8-NS,814,189,0,0,0,189,A
8-NS,815,189,0,1,0,190,A
8-NS,816,0,0,0,192,192,C
8-NS,817,0,156,0,0,156,T
8-NS,818,0,152,0,0,152,T
8-NS,819,0,153,0,0,153,T
8-NS,820,1,0,0,151,152,C
8-NS,821,0,149,0,0,149,T
8-NS,822,1,0,0,145,146,C
8-NS,823,140,0,0,0,140,A
8-NS,824,0,142,0,0,142,T
8-NS,825,0,138,0,0,138,T
8-NS,826,3,135,0,0,138,T
8-NS,827,0,0,0,136,136,C
8-NS,828,132,3,0,0,135,A
8-NS,829,0,0,135,0,135,G
8-NS,830,1,0,2,131,134,C
8-NS,831,0,129,0,0,129,T
8-NS,832,0,129,0,0,129,T
8-NS,833,124,0,0,0,124,A
8-NS,834,0,122,0,0,122,T
8-NS,835,0,121,0,0,121,T
8-NS,836,0,121,0,0,121,T
8-NS,837,114,0,0,0,114,A
8-NS,838,105,0,0,0,105,A
8-NS,839,0,102,0,0,102,T
8-NS,840,1,0,100,0,101,G
8-NS,841,98,0,0,0,98,A
8-NS,842,0,86,0,0,86,T
8-NS,843,84,0,0,0,84,A
8-NS,844,85,0,0,0,85,A
8-NS,845,84,0,0,0,84,A
8-NS,846,84,0,0,0,84,A
8-NS,847,80,0,1,0,81,A
8-NS,848,81,0,0,0,81,A
8-NS,849,0,0,0,81,81,C
8-NS,850,73,0,0,0,73,A
8-NS,851,0,0,0,72,72,C
8-NS,852,0,0,0,70,70,C
8-NS,853,0,0,0,70,70,C
8-NS,854,0,67,0,0,67,T
8-NS,855,0,64,0,0,64,T
8-NS,856,0,0,63,0,63,G
8-NS,857,0,61,0,0,61,T
8-NS,858,0,59,0,0,59,T
8-NS,859,0,58,0,0,58,T
8-NS,860,0,0,0,23,23,C
8-NS,861,0,18,0,0,18,T
8-NS,862,17,0,0,0,17,A
8-NS,863,0,0,0,16,16,C
