Gene,Position,A,T,G,C,Coverage,Consensus
1-PB2,1,708,0,0,0,708,A
1-PB2,2,0,712,0,0,712,T
1-PB2,3,0,0,731,0,731,G
1-PB2,4,0,1,728,0,729,G
1-PB2,5,729,0,0,0,729,A
1-PB2,6,726,0,1,0,727,A
1-PB2,7,727,0,3,0,730,A
1-PB2,8,0,1,820,0,821,G
1-PB2,9,810,0,0,0,810,A
1-PB2,10,818,1,1,0,820,A
1-PB2,11,0,840,0,0,840,T
1-PB2,12,842,0,0,0,842,A
1-PB2,13,844,0,0,0,844,A
1-PB2,14,846,0,1,0,847,A
1-PB2,15,843,0,4,0,847,A
1-PB2,16,0,0,883,0,883,G
1-PB2,17,879,0,0,0,879,A
1-PB2,18,881,0,0,0,881,A
1-PB2,19,0,0,0,915,915,C
1-PB2,20,0,915,0,0,915,T
1-PB2,21,927,0,1,0,928,A
1-PB2,22,0,0,0,933,933,C
1-PB2,23,0,0,933,0,933,G
1-PB2,24,0,0,940,0,940,G
1-PB2,25,944,0,0,0,944,A
1-PB2,26,991,0,0,0,991,A
1-PB2,27,0,994,0,0,994,T
1-PB2,28,1,0,0,993,994,C
1-PB2,29,0,994,0,2,996,T
1-PB2,30,1,1,1005,0,1007,G
1-PB2,31,1013,0,2,0,1015,A
1-PB2,32,0,1014,0,1,1015,T
1-PB2,33,0,0,1019,0,1019,G
1-PB2,34,0,1032,0,2,1034,T
1-PB2,35,0,0,0,1033,1033,C
1-PB2,36,0,0,1025,0,1025,G
1-PB2,37,0,0,0,1031,1031,C
1-PB2,38,1031,0,1,0,1032,A
1-PB2,39,0,0,1099,0,1099,G
1-PB2,40,0,1100,0,0,1100,T
1-PB2,41,1,0,0,1101,1102,C
1-PB2,42,0,1098,0,3,1101,T
1-PB2,43,1,1,0,1101,1103,C
1-PB2,44,0,0,1098,0,1098,G
1-PB2,45,0,0,0,1111,1111,C
1-PB2,46,1108,0,0,0,1108,A
1-PB2,47,0,0,0,1130,1130,C
1-PB2,48,0,1115,0,0,1115,T
1-PB2,49,1,0,0,1149,1150,C
1-PB2,50,1,0,1145,0,1146,G
1-PB2,51,1,0,0,1140,1141,C
1-PB2,52,0,3,1145,0,1148,G
1-PB2,53,1148,0,0,0,1148,A
1-PB2,54,0,0,1163,0,1163,G
1-PB2,55,1191,0,0,0,1191,A
1-PB2,56,0,1192,0,0,1192,T
1-PB2,57,1195,0,0,0,1195,A
1-PB2,58,0,1,0,1193,1194,C
1-PB2,59,1,1189,0,0,1190,T
1-PB2,60,1,3,1209,0,1213,G
1-PB2,61,1217,0,0,0,1217,A
1-PB2,62,0,0,0,1226,1226,C
1-PB2,63,1226,0,0,0,1226,A
1-PB2,64,1220,0,0,0,1220,A
1-PB2,65,1236,0,4,0,1240,A
1-PB2,66,1258,0,3,0,1261,A
1-PB2,67,1263,0,0,0,1263,A
1-PB2,68,0,0,0,1274,1274,C
1-PB2,69,0,0,0,1269,1269,C
1-PB2,70,1302,0,0,0,1302,A
1-PB2,71,0,0,1,1327,1328,C
1-PB2,72,1323,0,0,0,1323,A
1-PB2,73,0,0,1370,0,1370,G
1-PB2,74,0,1348,0,2,1350,T
1-PB2,75,1,0,1412,0,1413,G
1-PB2,76,0,2,1411,0,1413,G
1-PB2,77,1424,0,2,0,1426,A
1-PB2,78,1,2,0,1507,1510,C
1-PB2,79,1,1,0,1493,1495,C
1-PB2,80,1531,0,1,0,1532,A
1-PB2,81,0,1536,0,1,1537,T
1-PB2,82,1524,0,0,0,1524,A
1-PB2,83,0,1514,0,1,1515,T
1-PB2,84,1,2,1525,0,1528,G
1-PB2,85,0,0,1540,1,1541,G
1-PB2,86,0,1,0,1539,1540,C
1-PB2,87,2,1,0,1510,1513,C
1-PB2,88,1507,0,1,0,1508,A
1-PB2,89,0,1610,0,0,1610,T
1-PB2,90,1609,0,2,0,1611,A
1-PB2,91,1669,0,1,0,1670,A
1-PB2,92,0,1680,0,0,1680,T
1-PB2,93,0,1674,0,0,1674,T
1-PB2,94,1698,0,0,0,1698,A
1-PB2,95,1689,1,2,0,1692,A
1-PB2,96,1,0,1728,0,1729,G
1-PB2,97,1721,0,0,0,1721,A
1-PB2,98,1687,0,2,0,1689,A
1-PB2,99,1,1,1754,0,1756,G
1-PB2,100,0,1732,0,1,1733,T
1-PB2,101,1750,0,0,0,1750,A
1-PB2,102,0,1,0,1760,1761,C
1-PB2,103,1755,0,2,0,1757,A
1-PB2,104,1,1,0,1804,1806,C
1-PB2,105,1799,0,0,0,1799,A
1-PB2,106,0,1802,0,1,1803,T
1-PB2,107,0,3,0,1810,1813,C
1-PB2,108,1,6,1783,0,1790,G
1-PB2,109,0,3,1774,0,1777,G
1-PB2,110,0,0,1787,0,1787,G
1-PB2,111,0,1,1788,0,1789,G
1-PB2,112,1787,1,2,1,1791,A
1-PB2,113,1,2,1794,0,1797,G
1-PB2,114,1789,0,2,0,1791,A
1-PB2,115,2,0,0,1811,1813,C
1-PB2,116,1816,0,4,0,1820,A
1-PB2,117,1,0,1855,0,1856,G
1-PB2,118,0,1,1876,0,1877,G
1-PB2,119,1880,2,4,1,1887,A
1-PB2,120,1889,0,1,0,1890,A
1-PB2,121,1894,0,3,0,1897,A
1-PB2,122,1891,0,2,0,1893,A
1-PB2,123,0,0,1887,0,1887,G
1-PB2,124,1882,0,0,0,1882,A
1-PB2,125,1892,1,4,0,1897,A
1-PB2,126,0,0,0,1893,1893,C
1-PB2,127,1,0,0,1875,1876,C
1-PB2,128,4,2,0,1878,1884,C
1-PB2,129,1,1,1891,0,1893,G
1-PB2,130,1,1891,1,2,1895,T
1-PB2,131,1,0,0,1902,1903,C
1-PB2,132,1926,0,0,0,1926,A
1-PB2,133,0,0,0,1947,1947,C
1-PB2,134,0,1944,0,0,1944,T
1-PB2,135,0,1944,0,2,1946,T
1-PB2,136,1939,0,3,0,1942,A
1-PB2,137,0,5,1967,0,1972,G
1-PB2,138,1,1,1968,0,1970,G
1-PB2,139,1966,0,1,0,1967,A
1-PB2,140,0,1958,0,1,1959,T
1-PB2,141,0,2,1986,0,1988,G
1-PB2,142,2007,0,3,0,2010,A
1-PB2,143,2008,0,2,0,2010,A
1-PB2,144,2011,0,4,0,2015,A
1-PB2,145,0,2010,0,0,2010,T
1-PB2,146,0,2,2022,0,2024,G
1-PB2,147,0,0,2041,0,2041,G
1-PB2,148,2028,0,4,0,2032,A
1-PB2,149,0,2031,0,0,2031,T
1-PB2,150,2,0,2017,0,2019,G
1-PB2,151,1997,0,4,0,2001,A
1-PB2,152,0,1997,0,2,1999,T
1-PB2,153,1,5,2003,0,2009,G
1-PB2,154,1,1,2005,0,2007,G
1-PB2,155,0,1,0,2012,2013,C
1-PB2,156,1996,1,1,0,1998,A
1-PB2,157,2015,0,1,0,2016,A
1-PB2,158,0,2026,0,0,2026,T
1-PB2,159,0,0,2104,0,2104,G
1-PB2,160,2091,0,0,0,2091,A
1-PB2,161,2090,0,2,0,2092,A
1-PB2,162,2096,0,3,0,2099,A
1-PB2,163,0,2108,0,1,2109,T
1-PB2,164,2132,0,1,0,2133,A
1-PB2,165,0,0,0,2164,2164,C
1-PB2,166,0,1,0,2151,2152,C
1-PB2,167,2,1,0,2158,2161,C
1-PB2,168,2141,0,1,0,2142,A
1-PB2,169,2142,0,0,0,2142,A
1-PB2,170,0,2146,0,0,2146,T
1-PB2,171,2,0,0,2145,2147,C
1-PB2,172,2138,0,0,0,2138,A
1-PB2,173,0,1,0,2200,2201,C
1-PB2,174,0,2166,0,1,2167,T
1-PB2,175,1,1,2191,0,2193,G
1-PB2,176,0,1,0,2191,2192,C
1-PB2,177,0,2181,0,0,2181,T
1-PB2,178,0,2,2200,0,2202,G
1-PB2,179,2193,0,1,2,2196,A
1-PB2,180,1,0,0,2211,2212,C
1-PB2,181,2207,0,0,0,2207,A
1-PB2,182,2168,0,0,0,2168,A
1-PB2,183,2182,0,1,0,2183,A
1-PB2,184,2174,0,2,0,2176,A
1-PB2,185,0,0,2216,0,2216,G
1-PB2,186,0,2,2210,0,2212,G
1-PB2,187,2203,0,2,0,2205,A
1-PB2,188,0,2222,0,1,2223,T
1-PB2,189,2212,0,0,0,2212,A
1-PB2,190,2227,1,2,0,2230,A
1-PB2,191,1,0,0,2257,2258,C
1-PB2,192,2251,0,1,0,2252,A
1-PB2,193,0,2,2257,0,2259,G
1-PB2,194,2235,0,1,0,2236,A
1-PB2,195,2241,0,4,0,2245,A
1-PB2,196,2240,0,1,1,2242,A
1-PB2,197,0,2228,0,3,2231,T
1-PB2,198,1,4,2234,0,2239,G
1-PB2,199,0,0,2258,0,2258,G
1-PB2,200,1,2252,0,1,2254,T
1-PB2,201,0,2247,0,3,2250,T
1-PB2,202,2,1,0,2253,2256,C
1-PB2,203,0,0,0,2260,2260,C
1-PB2,204,1,1,2263,0,2265,G
1-PB2,205,0,2,2263,0,2265,G
1-PB2,206,2255,0,5,0,2260,A
1-PB2,207,0,1,2274,0,2275,G
1-PB2,208,2224,0,4,1,2229,A
1-PB2,209,1,0,2277,0,2278,G
1-PB2,210,2277,0,2,0,2279,A
1-PB2,211,2278,0,2,0,2280,A
1-PB2,212,2277,0,5,0,2282,A
1-PB2,213,0,2257,0,1,2258,T
1-PB2,214,1,5,2289,0,2295,G
1-PB2,215,2313,0,4,0,2317,A
1-PB2,216,2310,0,2,0,2312,A
1-PB2,217,1,0,0,2319,2320,C
1-PB2,218,2288,0,3,0,2291,A
1-PB2,219,2290,1,5,0,2296,A
1-PB2,220,3,2,2338,0,2343,G
1-PB2,221,0,6,2366,0,2372,G
1-PB2,222,2368,0,3,0,2371,A
1-PB2,223,1,1,0,2367,2369,C
1-PB2,224,2368,0,2,0,2370,A
1-PB2,225,2364,0,3,0,2367,A
1-PB2,226,2350,0,4,0,2354,A
1-PB2,227,0,0,0,2355,2355,C
1-PB2,228,0,1,0,2286,2287,C
1-PB2,229,5,0,0,2468,2473,C
1-PB2,230,0,2475,0,0,2475,T
1-PB2,231,2488,1,0,0,2489,A
1-PB2,232,0,2477,0,1,2478,T
1-PB2,233,1,3,2492,0,2496,G
1-PB2,234,1,5,2540,0,2546,G
1-PB2,235,2438,0,0,0,2438,A
1-PB2,236,0,0,2462,0,2462,G
1-PB2,237,0,2465,0,0,2465,T
1-PB2,238,2450,0,2,0,2452,A
1-PB2,239,2459,0,0,1,2460,A
1-PB2,240,2455,0,1,0,2456,A
1-PB2,241,2463,0,0,0,2463,A
1-PB2,242,0,2436,0,1,2437,T
1-PB2,243,0,2,2438,0,2440,G
1-PB2,244,2404,0,4,0,2408,A
1-PB2,245,1,0,2420,0,2421,G
1-PB2,246,0,2407,0,3,2410,T
1-PB2,247,2,2,2410,0,2414,G
1-PB2,248,2470,0,3,0,2473,A
1-PB2,249,0,2466,0,3,2469,T
1-PB2,250,1,0,2483,0,2484,G
1-PB2,251,0,0,0,2471,2471,C
1-PB2,252,0,2458,0,2,2460,T
1-PB2,253,0,3,2543,0,2546,G
1-PB2,254,1,5,2543,0,2549,G
1-PB2,255,2569,0,0,0,2569,A
1-PB2,256,0,2564,0,0,2564,T
1-PB2,257,3,2,0,2562,2567,C
1-PB2,258,2576,0,1,1,2578,A
1-PB2,259,0,2,2651,0,2653,G
1-PB2,260,2650,0,0,0,2650,A
1-PB2,261,0,2646,0,3,2649,T
1-PB2,262,2567,0,0,0,2567,A
1-PB2,263,0,1,2630,0,2631,G
1-PB2,264,2611,0,1,0,2612,A
1-PB2,265,0,0,2646,0,2646,G
1-PB2,266,0,2592,0,1,2593,T
1-PB2,267,0,0,2602,0,2602,G
1-PB2,268,2560,1,1,0,2562,A
1-PB2,269,0,2561,0,1,2562,T
1-PB2,270,1,7,2612,0,2620,G
1-PB2,271,1,0,2675,0,2676,G
1-PB2,272,0,2629,0,1,2630,T
1-PB2,273,2629,0,2,0,2631,A
1-PB2,274,0,2584,0,6,2590,T
1-PB2,275,1,1,0,2591,2593,C
1-PB2,276,2610,0,4,0,2614,A
1-PB2,277,0,2,0,2691,2693,C
1-PB2,278,1,2,0,2677,2680,C
1-PB2,279,0,2622,1,3,2626,T
1-PB2,280,0,2598,0,4,2602,T
1-PB2,281,0,2604,0,1,2605,T
1-PB2,282,1,1,2640,1,2643,G
1-PB2,283,2,1,2639,0,2642,G
1-PB2,284,0,2,0,2672,2674,C
1-PB2,285,0,2632,0,3,2635,T
1-PB2,286,1,0,2649,0,2650,G
1-PB2,287,0,2639,0,6,2645,T
1-PB2,288,2655,0,1,0,2656,A
1-PB2,289,2663,0,3,1,2667,A
1-PB2,290,1,1,0,2665,2667,C
1-PB2,291,2628,0,2,0,2630,A
1-PB2,292,0,2625,0,0,2625,T
1-PB2,293,0,2,2597,0,2599,G
1-PB2,294,0,0,2623,1,2624,G
1-PB2,295,0,2591,0,1,2592,T
1-PB2,296,1,0,2605,0,2606,G
1-PB2,297,0,1,2643,0,2644,G
1-PB2,298,2632,1,4,0,2637,A
1-PB2,299,2643,0,3,0,2646,A
1-PB2,300,0,2637,0,1,2638,T
1-PB2,301,2649,0,1,0,2650,A
1-PB2,302,1,0,2684,0,2685,G
1-PB2,303,2648,0,1,0,2649,A
1-PB2,304,2647,0,1,0,2648,A
1-PB2,305,2641,0,3,0,2644,A
1-PB2,306,0,2584,0,0,2584,T
1-PB2,307,0,3,2574,0,2577,G
1-PB2,308,0,3,2562,0,2565,G
1-PB2,309,2558,1,4,0,2563,A
1-PB2,310,2,2,0,2578,2582,C
1-PB2,311,0,1,0,2548,2549,C
1-PB2,312,5,1,0,2555,2561,C
1-PB2,313,3,0,2566,0,2569,G
1-PB2,314,0,2581,0,0,2581,T
1-PB2,315,1,1,2637,0,2639,G
1-PB2,316,2627,0,1,0,2628,A
1-PB2,317,0,0,0,2659,2659,C
1-PB2,318,2663,0,2,0,2665,A
1-PB2,319,2644,0,3,0,2647,A
1-PB2,320,0,0,2716,0,2716,G
1-PB2,321,0,2711,0,0,2711,T
1-PB2,322,2699,1,3,0,2703,A
1-PB2,323,1,0,0,2689,2690,C
1-PB2,324,1,3,2640,0,2644,G
1-PB2,325,1,0,2709,0,2710,G
1-PB2,326,0,2685,0,5,2690,T
1-PB2,327,4,1,0,2738,2743,C
1-PB2,328,2,1,0,2735,2738,C
1-PB2,329,2686,0,1,0,2687,A
1-PB2,330,1,2696,1,2,2700,T
1-PB2,331,0,2700,0,2,2702,T
1-PB2,332,2818,0,5,0,2823,A
1-PB2,333,1,1,0,2803,2805,C
1-PB2,334,0,0,0,2747,2747,C
1-PB2,335,3,1,0,2759,2763,C
1-PB2,336,2733,0,1,0,2734,A
1-PB2,337,2749,0,2,0,2751,A
1-PB2,338,2754,0,0,0,2754,A
1-PB2,339,2744,0,3,0,2747,A
1-PB2,340,0,0,2779,0,2779,G
1-PB2,341,0,2667,0,0,2667,T
1-PB2,342,0,0,2748,0,2748,G
1-PB2,343,0,2730,0,3,2733,T
1-PB2,344,2739,1,2,0,2742,A
1-PB2,345,0,0,0,2746,2746,C
1-PB2,346,2740,0,0,0,2740,A
1-PB2,347,2729,0,4,0,2733,A
1-PB2,348,0,5,2749,0,2754,G
1-PB2,349,2715,1,5,0,2721,A
1-PB2,350,0,1,0,2741,2742,C
1-PB2,351,0,2704,0,5,2709,T
1-PB2,352,0,2723,0,2,2725,T
1-PB2,353,2716,0,0,0,2716,A
1-PB2,354,0,2712,0,1,2713,T
1-PB2,355,0,2719,0,2,2721,T
1-PB2,356,0,2692,0,1,2693,T
1-PB2,357,1,1,0,2691,2693,C
1-PB2,358,2,5,2680,0,2687,G
1-PB2,359,2673,1,1,0,2675,A
1-PB2,360,0,1,0,2687,2688,C
1-PB2,361,2673,0,1,0,2674,A
1-PB2,362,2660,0,2,0,2662,A
1-PB2,363,2657,1,4,0,2662,A
1-PB2,364,1,0,2686,0,2687,G
1-PB2,365,0,2666,0,0,2666,T
1-PB2,366,4,0,0,2696,2700,C
1-PB2,367,0,4,2703,0,2707,G
1-PB2,368,2673,0,3,0,2676,A
1-PB2,369,2688,0,5,0,2693,A
1-PB2,370,2683,0,3,0,2686,A
1-PB2,371,0,0,2766,0,2766,G
1-PB2,372,1,0,2778,0,2779,G
1-PB2,373,0,2740,0,1,2741,T
1-PB2,374,0,2757,0,0,2757,T
1-PB2,375,2757,1,0,0,2758,A
1-PB2,376,2751,0,2,0,2753,A
1-PB2,377,2750,0,4,0,2754,A
1-PB2,378,2774,0,1,0,2775,A
1-PB2,379,0,2,0,2799,2801,C
1-PB2,380,2714,0,3,0,2717,A
1-PB2,381,0,2695,0,0,2695,T
1-PB2,382,1,0,2695,0,2696,G
1-PB2,383,0,1,2697,0,2698,G
1-PB2,384,2694,0,3,0,2697,A
1-PB2,385,2704,0,5,0,2709,A
1-PB2,386,0,0,0,2771,2771,C
1-PB2,387,1,0,0,2800,2801,C
1-PB2,388,0,2776,0,1,2777,T
1-PB2,389,0,2771,0,2,2773,T
1-PB2,390,0,2772,0,1,2773,T
1-PB2,391,0,3,2769,0,2772,G
1-PB2,392,1,1,2767,1,2770,G
1-PB2,393,0,4,0,2758,2762,C
1-PB2,394,1,0,0,2744,2745,C
1-PB2,395,0,0,0,2732,2732,C
1-PB2,396,1,2673,0,3,2677,T
1-PB2,397,0,0,2704,0,2704,G
1-PB2,398,0,2695,0,3,2698,T
1-PB2,399,1,2699,0,1,2701,T
1-PB2,400,5,0,0,2707,2712,C
1-PB2,401,2675,1,0,0,2676,A
1-PB2,402,0,2682,0,0,2682,T
1-PB2,403,0,2682,0,0,2682,T
1-PB2,404,0,2693,0,2,2695,T
1-PB2,405,0,2694,1,1,2696,T
1-PB2,406,2667,0,3,0,2670,A
1-PB2,407,0,3,2662,0,2665,G
1-PB2,408,2659,0,2,0,2661,A
1-PB2,409,2663,0,2,0,2665,A
1-PB2,410,2673,0,1,0,2674,A
1-PB2,411,0,2643,0,1,2644,T
1-PB2,412,2,0,0,2650,2652,C
1-PB2,413,2657,0,0,0,2657,A
1-PB2,414,2673,0,3,0,2676,A
1-PB2,415,0,0,2689,0,2689,G
1-PB2,416,0,2679,0,2,2681,T
1-PB2,417,2,2,0,2688,2692,C
1-PB2,418,2702,0,3,1,2706,A
1-PB2,419,2711,0,4,0,2715,A
1-PB2,420,1,1,2719,0,2721,G
1-PB2,421,2716,1,2,0,2719,A
1-PB2,422,0,2717,0,0,2717,T
1-PB2,423,2742,0,2,0,2744,A
1-PB2,424,0,1,0,2742,2743,C
1-PB2,425,1,1,2733,0,2735,G
1-PB2,426,1,1,0,2731,2733,C
1-PB2,427,2727,0,0,0,2727,A
1-PB2,428,0,3,2751,0,2754,G
1-PB2,429,2745,0,0,0,2745,A
1-PB2,430,2757,0,2,0,2759,A
1-PB2,431,0,3,2808,0,2811,G
1-PB2,432,2725,0,10,0,2735,A
1-PB2,433,0,0,2756,0,2756,G
1-PB2,434,0,2744,0,1,2745,T
1-PB2,435,2736,0,3,0,2739,A
1-PB2,436,0,1,2762,0,2763,G
1-PB2,437,2758,0,6,0,2764,A
1-PB2,438,0,0,0,2894,2894,C
1-PB2,439,2842,1,1,0,2844,A
1-PB2,440,0,2793,0,2,2795,T
1-PB2,441,2782,0,1,0,2783,A
1-PB2,442,2770,0,2,0,2772,A
1-PB2,443,2804,0,0,0,2804,A
1-PB2,444,0,1,0,2813,2814,C
1-PB2,445,1,1,0,2780,2782,C
1-PB2,446,3,0,0,2760,2763,C
1-PB2,447,0,2615,0,0,2615,T
1-PB2,448,1,1,2638,0,2640,G
1-PB2,449,1,1,2668,0,2670,G
1-PB2,450,0,2668,0,2,2670,T
1-PB2,451,9,1,0,2660,2670,C
1-PB2,452,2693,0,1,0,2694,A
1-PB2,453,0,2688,0,2,2690,T
1-PB2,454,0,0,2704,0,2704,G
1-PB2,455,1,1,0,2708,2710,C
1-PB2,456,2688,0,3,1,2692,A
1-PB2,457,0,0,2728,0,2728,G
1-PB2,458,2648,0,6,0,2654,A
1-PB2,459,0,1,1,2705,2707,C
1-PB2,460,2,1,0,2697,2700,C
1-PB2,461,2,2648,0,3,2653,T
1-PB2,462,1,1,0,2659,2661,C
1-PB2,463,2639,0,0,0,2639,A
1-PB2,464,1,0,2713,0,2714,G
1-PB2,465,0,2707,0,0,2707,T
1-PB2,466,0,0,2691,0,2691,G
1-PB2,467,0,0,0,2680,2680,C
1-PB2,468,1,2,0,2667,2670,C
1-PB2,469,2668,1,3,0,2672,A
1-PB2,470,2663,0,0,0,2663,A
1-PB2,471,2655,0,2,0,2657,A
1-PB2,472,1,1,2663,0,2665,G
1-PB2,473,2561,0,3,0,2564,A
1-PB2,474,1,2,2569,0,2572,G
1-PB2,475,1,0,2568,0,2569,G
1-PB2,476,2,0,0,2559,2561,C
1-PB2,477,2565,1,5,0,2571,A
1-PB2,478,0,0,0,2566,2566,C
1-PB2,479,2574,0,4,0,2578,A
1-PB2,480,2618,0,2,0,2620,A
1-PB2,481,0,2,2673,0,2675,G
1-PB2,482,2685,0,3,0,2688,A
1-PB2,483,0,2681,0,0,2681,T
1-PB2,484,0,0,2656,0,2656,G
1-PB2,485,0,2638,0,4,2642,T
1-PB2,486,2642,0,0,0,2642,A
1-PB2,487,2637,0,1,0,2638,A
1-PB2,488,0,2626,0,1,2627,T
1-PB2,489,1,1,0,2461,2463,C
1-PB2,490,2479,1,1,0,2481,A
1-PB2,491,0,2486,0,1,2487,T
1-PB2,492,1,6,2475,1,2483,G
1-PB2,493,0,1,2473,1,2475,G
1-PB2,494,2473,1,0,0,2474,A
1-PB2,495,2448,0,1,0,2449,A
1-PB2,496,1,0,2461,0,2462,G
1-PB2,497,0,2443,0,2,2445,T
1-PB2,498,0,2447,0,1,2448,T
1-PB2,499,2,0,2458,0,2460,G
1-PB2,500,0,2433,2,7,2442,T
1-PB2,501,0,2442,0,2,2444,T
1-PB2,502,0,2433,0,0,2433,T
1-PB2,503,0,2440,0,1,2441,T
1-PB2,504,0,2436,0,1,2437,T
1-PB2,505,0,0,0,2447,2447,C
1-PB2,506,1,4,0,2442,2447,C
1-PB2,507,4,1,0,2448,2453,C
1-PB2,508,2436,0,1,0,2437,A
1-PB2,509,2439,0,0,0,2439,A
1-PB2,510,0,2454,0,0,2454,T
1-PB2,511,0,2,2463,0,2465,G
1-PB2,512,2465,0,1,0,2466,A
1-PB2,513,2460,0,2,0,2462,A
1-PB2,514,1,0,2463,0,2464,G
1-PB2,515,0,2437,0,2,2439,T
1-PB2,516,3,1,2434,0,2438,G
1-PB2,517,0,4,2418,0,2422,G
1-PB2,518,0,1,2426,0,2427,G
1-PB2,519,2473,1,4,0,2478,A
1-PB2,520,1,0,2452,0,2453,G
1-PB2,521,0,0,0,2440,2440,C
1-PB2,522,2,0,0,2456,2458,C
1-PB2,523,2453,1,1,0,2455,A
1-PB2,524,1,2,2504,0,2507,G
1-PB2,525,1,0,2530,0,2531,G
1-PB2,526,2546,0,0,0,2546,A
1-PB2,527,0,2544,0,1,2545,T
1-PB2,528,2526,0,1,0,2527,A
1-PB2,529,0,1,0,2515,2516,C
1-PB2,530,0,2512,0,0,2512,T
1-PB2,531,2506,0,0,0,2506,A
1-PB2,532,2496,0,1,0,2497,A
1-PB2,533,0,0,0,2506,2506,C
1-PB2,534,2449,0,0,0,2449,A
1-PB2,535,0,2415,0,1,2416,T
1-PB2,536,0,1,0,2424,2425,C
1-PB2,537,2395,0,4,0,2399,A
1-PB2,538,2,2,2408,0,2412,G
1-PB2,539,2415,0,1,0,2416,A
1-PB2,540,2406,0,1,0,2407,A
1-PB2,541,0,2389,1,2,2392,T
1-PB2,542,3,1,0,2334,2338,C
1-PB2,543,2343,0,0,0,2343,A
1-PB2,544,0,1,2,2373,2376,C
1-PB2,545,2376,0,1,0,2377,A
1-PB2,546,2390,0,1,0,2391,A
1-PB2,547,0,2358,0,2,2360,T
1-PB2,548,0,2372,0,0,2372,T
1-PB2,549,2390,1,1,0,2392,A
1-PB2,550,2395,0,6,0,2401,A
1-PB2,551,1,0,0,2421,2422,C
1-PB2,552,2399,0,1,0,2400,A
1-PB2,553,2378,1,2,0,2381,A
1-PB2,554,0,2399,0,1,2400,T
1-PB2,555,2384,0,1,0,2385,A
1-PB2,556,2390,0,3,0,2393,A
1-PB2,557,0,0,0,2390,2390,C
1-PB2,558,0,2387,0,0,2387,T
1-PB2,559,2381,0,1,0,2382,A
1-PB2,560,2355,0,3,0,2358,A
1-PB2,561,2359,0,5,0,2364,A
1-PB2,562,1,5,2354,0,2360,G
1-PB2,563,2317,0,4,1,2322,A
1-PB2,564,1,0,2336,0,2337,G
1-PB2,565,2324,0,2,0,2326,A
1-PB2,566,2322,0,4,0,2326,A
1-PB2,567,2330,0,0,0,2330,A
1-PB2,568,2328,0,1,0,2329,A
1-PB2,569,2337,0,0,0,2337,A
1-PB2,570,2330,0,4,0,2334,A
1-PB2,571,0,0,2336,0,2336,G
1-PB2,572,2332,0,4,0,2336,A
1-PB2,573,2328,0,1,0,2329,A
1-PB2,574,0,5,2327,0,2332,G
1-PB2,575,2328,0,2,0,2330,A
1-PB2,576,2327,0,1,0,2328,A
1-PB2,577,0,0,0,2349,2349,C
1-PB2,578,0,2291,0,6,2297,T
1-PB2,579,3,0,0,2323,2326,C
1-PB2,580,1,1,0,2331,2333,C
1-PB2,581,1,0,2347,0,2348,G
1-PB2,582,2340,0,0,0,2340,A
1-PB2,583,1,2,2332,0,2335,G
1-PB2,584,2332,0,0,0,2332,A
1-PB2,585,0,2314,0,2,2316,T
1-PB2,586,0,2293,0,2,2295,T
1-PB2,587,0,0,2291,0,2291,G
1-PB2,588,0,1,0,2302,2303,C
1-PB2,589,2317,0,0,0,2317,A
1-PB2,590,2313,0,1,0,2314,A
1-PB2,591,2310,0,0,0,2310,A
1-PB2,592,2319,0,0,0,2319,A
1-PB2,593,0,2307,0,1,2308,T
1-PB2,594,0,2291,0,0,2291,T
1-PB2,595,0,2300,0,2,2302,T
1-PB2,596,1,0,0,2305,2306,C
1-PB2,597,1,2280,0,4,2285,T
1-PB2,598,5,0,0,2393,2398,C
1-PB2,599,2,1,0,2405,2408,C
1-PB2,600,8,0,0,2530,2538,C
1-PB2,601,0,2532,0,2,2534,T
1-PB2,602,1,2567,0,2,2570,T
1-PB2,603,1,0,2574,0,2575,G
1-PB2,604,2573,0,3,0,2576,A
1-PB2,605,1,2615,0,4,2620,T
1-PB2,606,2,5,2638,1,2646,G
1-PB2,607,0,0,2852,0,2852,G
1-PB2,608,1,2894,0,2,2897,T
1-PB2,609,0,2867,0,3,2870,T
1-PB2,610,1,1,3015,0,3017,G
1-PB2,611,2,2,0,3018,3022,C
1-PB2,612,3080,1,2,2,3085,A
1-PB2,613,0,3083,0,4,3087,T
1-PB2,614,3104,0,3,3,3110,A
1-PB2,615,0,0,0,3218,3218,C
1-PB2,616,3408,1,0,12,3421,A
1-PB2,617,0,3468,0,0,3468,T
1-PB2,618,2,1,3590,0,3593,G
1-PB2,619,0,3532,1,5,3538,T
1-PB2,620,0,3534,0,3,3537,T
1-PB2,621,3539,0,2,0,3541,A
1-PB2,622,2,3,3532,0,3537,G
1-PB2,623,3562,0,6,0,3568,A
1-PB2,624,0,0,3587,0,3587,G
1-PB2,625,3422,0,2,0,3424,A
1-PB2,626,0,2,3419,0,3421,G
1-PB2,627,3372,0,6,0,3378,A
1-PB2,628,0,1,3401,1,3403,G
1-PB2,629,3402,0,1,0,3403,A
1-PB2,630,3413,0,2,0,3415,A
1-PB2,631,1,0,0,3419,3420,C
1-PB2,632,0,3390,0,6,3396,T
1-PB2,633,0,3384,0,1,3385,T
1-PB2,634,4,2,3381,0,3387,G
1-PB2,635,0,3380,0,3,3383,T
1-PB2,636,3394,0,5,0,3399,A
1-PB2,637,2,3,0,3378,3383,C
1-PB2,638,0,2,3372,0,3374,G
1-PB2,639,3374,0,0,0,3374,A
1-PB2,640,3356,0,2,0,3358,A
1-PB2,641,3394,0,2,0,3396,A
1-PB2,642,3396,0,0,0,3396,A
1-PB2,643,3385,0,6,1,3392,A
1-PB2,644,2,0,0,3411,3413,C
1-PB2,645,3412,0,3,0,3415,A
1-PB2,646,3408,0,3,0,3411,A
1-PB2,647,0,2,3420,0,3422,G
1-PB2,648,3425,0,3,0,3428,A
1-PB2,649,0,3412,0,4,3416,T
1-PB2,650,1,3417,0,0,3418,T
1-PB2,651,0,3416,0,2,3418,T
1-PB2,652,5,0,0,3434,3439,C
1-PB2,653,0,3418,0,7,3425,T
1-PB2,654,3,0,0,3430,3433,C
1-PB2,655,0,2,1,3427,3430,C
1-PB2,656,5,0,0,3434,3439,C
1-PB2,657,3441,0,1,0,3442,A
1-PB2,658,0,0,3481,0,3481,G
1-PB2,659,0,3473,0,3,3476,T
1-PB2,660,0,3472,0,0,3472,T
1-PB2,661,1,0,3465,0,3466,G
1-PB2,662,1,1,0,3453,3455,C
1-PB2,663,0,3454,0,2,3456,T
1-PB2,664,2,1,3477,0,3480,G
1-PB2,665,0,0,3463,0,3463,G
1-PB2,666,1,3,1,3470,3475,C
1-PB2,667,1,2,3467,0,3470,G
1-PB2,668,0,4,3504,0,3508,G
1-PB2,669,3501,1,4,1,3507,A
1-PB2,670,3504,0,3,0,3507,A
1-PB2,671,0,1,0,3503,3504,C
1-PB2,672,3526,0,1,0,3527,A
1-PB2,673,3533,0,2,0,3535,A
1-PB2,674,2,0,3662,0,3664,G
1-PB2,675,1,1,0,3723,3725,C
1-PB2,676,3744,0,3,0,3747,A
1-PB2,677,2,0,4512,0,4514,G
1-PB2,678,0,4496,0,2,4498,T
1-PB2,679,4536,1,4,0,4541,A
1-PB2,680,0,4523,0,2,4525,T
1-PB2,681,4545,0,4,0,4549,A
1-PB2,682,1,4534,0,2,4537,T
1-PB2,683,4411,0,3,0,4414,A
1-PB2,684,1,1,0,4462,4464,C
1-PB2,685,4238,0,0,0,4238,A
1-PB2,686,0,3971,0,1,3972,T
1-PB2,687,0,3798,0,3,3801,T
1-PB2,688,2,1,3795,0,3798,G
1-PB2,689,3794,0,1,0,3795,A
1-PB2,690,3782,0,5,1,3788,A
1-PB2,691,0,0,3835,0,3835,G
1-PB2,692,0,3818,0,3,3821,T
1-PB2,693,1,3780,0,2,3783,T
1-PB2,694,0,3787,0,4,3791,T
1-PB2,695,0,3796,0,3,3799,T
1-PB2,696,3814,1,7,0,3822,A
1-PB2,697,0,0,0,3846,3846,C
1-PB2,698,3852,1,1,0,3854,A
1-PB2,699,0,3831,1,2,3834,T
1-PB2,700,1,3803,0,3,3807,T
1-PB2,701,0,3805,0,1,3806,T
1-PB2,702,0,6,3840,0,3846,G
1-PB2,703,3853,0,4,0,3857,A
1-PB2,704,0,1,0,3873,3874,C
1-PB2,705,0,3855,0,2,3857,T
1-PB2,706,0,0,0,3861,3861,C
1-PB2,707,3847,0,4,0,3851,A
1-PB2,708,0,3,3819,0,3822,G
1-PB2,709,0,3,3903,0,3906,G
1-PB2,710,2,5,3911,0,3918,G
1-PB2,711,3909,0,5,0,3914,A
1-PB2,712,3908,0,5,0,3913,A
1-PB2,713,1,0,0,3903,3904,C
1-PB2,714,0,0,3947,0,3947,G
1-PB2,715,0,3915,0,3,3918,T
1-PB2,716,0,0,3955,0,3955,G
1-PB2,717,0,3904,0,0,3904,T
1-PB2,718,0,3914,0,3,3917,T
1-PB2,719,3,2,3923,0,3928,G
1-PB2,720,3,2,3901,0,3906,G
1-PB2,721,1,5,3943,0,3949,G
1-PB2,722,3927,0,5,0,3932,A
1-PB2,723,3906,0,3,0,3909,A
1-PB2,724,0,1,0,3976,3977,C
1-PB2,725,3960,1,0,0,3961,A
1-PB2,726,4072,2,2,0,4076,A
1-PB2,727,4084,1,1,2,4088,A
1-PB2,728,0,4112,0,1,4113,T
1-PB2,729,3,0,4152,0,4155,G
1-PB2,730,1,4125,1,1,4128,T
1-PB2,731,4128,0,0,0,4128,A
1-PB2,732,0,0,0,4147,4147,C
1-PB2,733,4045,0,3,0,4048,A
1-PB2,734,1,0,0,4051,4052,C
1-PB2,735,0,3870,0,8,3878,T
1-PB2,736,4,2,0,4267,4273,C
1-PB2,737,6,0,0,4279,4285,C
1-PB2,738,4344,1,0,0,4345,A
1-PB2,739,2,2,4393,0,4397,G
1-PB2,740,4,2,4494,0,4500,G
1-PB2,741,1,4445,1,5,4452,T
1-PB2,742,1,4,4486,0,4491,G
1-PB2,743,5,4,4310,0,4319,G
1-PB2,744,4246,0,7,0,4253,A
1-PB2,745,0,1,4302,0,4303,G
1-PB2,746,0,6,4301,0,4307,G
1-PB2,747,4213,0,7,0,4220,A
1-PB2,748,0,0,4284,0,4284,G
1-PB2,749,0,4157,1,1,4159,T
1-PB2,750,1,7,4195,0,4203,G
1-PB2,751,4192,0,6,0,4198,A
1-PB2,752,2,1,4209,0,4212,G
1-PB2,753,2,7,4233,0,4242,G
1-PB2,754,4196,0,2,1,4199,A
1-PB2,755,4201,0,6,1,4208,A
1-PB2,756,0,4179,0,1,4180,T
1-PB2,757,1,4,4155,0,4160,G
1-PB2,758,4144,0,3,0,4147,A
1-PB2,759,0,1,0,4130,4131,C
1-PB2,760,3,2,4137,0,4142,G
1-PB2,761,4175,1,0,0,4176,A
1-PB2,762,0,4160,0,2,4162,T
1-PB2,763,2,0,4189,0,4191,G
1-PB2,764,2,4160,0,6,4168,T
1-PB2,765,1,4136,0,2,4139,T
1-PB2,766,1,6,4165,1,4173,G
1-PB2,767,4147,0,10,0,4157,A
1-PB2,768,0,2,0,4164,4166,C
1-PB2,769,4,0,0,4164,4168,C
1-PB2,770,4117,0,0,0,4117,A
1-PB2,771,4122,0,3,0,4125,A
1-PB2,772,4126,0,6,0,4132,A
1-PB2,773,0,1,4201,0,4202,G
1-PB2,774,0,3,0,4218,4221,C
1-PB2,775,1,1,0,4198,4200,C
1-PB2,776,0,4236,0,1,4237,T
1-PB2,777,4235,0,3,0,4238,A
1-PB2,778,4232,0,3,0,4235,A
1-PB2,779,0,4258,0,3,4261,T
1-PB2,780,0,4260,0,2,4262,T
1-PB2,781,4199,0,1,0,4200,A
1-PB2,782,0,4106,0,2,4108,T
1-PB2,783,0,4085,1,0,4086,T
1-PB2,784,0,0,4082,0,4082,G
1-PB2,785,2,1,0,4055,4058,C
1-PB2,786,1,3,4061,0,4065,G
1-PB2,787,0,1,4148,0,4149,G
1-PB2,788,1,2,1,4129,4133,C
1-PB2,789,4,0,0,4174,4178,C
1-PB2,790,4176,0,1,0,4177,A
1-PB2,791,2,1,4227,0,4230,G
1-PB2,792,2,3,4261,0,4266,G
1-PB2,793,4255,1,6,0,4262,A
1-PB2,794,4279,1,1,0,4281,A
1-PB2,795,0,1,0,4299,4300,C
1-PB2,796,4208,0,1,0,4209,A
1-PB2,797,0,4253,0,2,4255,T
1-PB2,798,4315,0,4,0,4319,A
1-PB2,799,0,2,4351,0,4353,G
1-PB2,800,0,4292,0,1,4293,T
1-PB2,801,4255,0,1,0,4256,A
1-PB2,802,4229,1,5,1,4236,A
1-PB2,803,2,2,4233,0,4237,G
1-PB2,804,4217,0,1,0,4218,A
1-PB2,805,4134,0,1,0,4135,A
1-PB2,806,0,9,4090,0,4099,G
1-PB2,807,3993,0,3,0,3996,A
1-PB2,808,2,0,3985,0,3987,G
1-PB2,809,1,4,0,3973,3978,C
1-PB2,810,3,3,0,3982,3988,C
1-PB2,811,2,0,3993,0,3995,G
1-PB2,812,0,0,0,4025,4025,C
1-PB2,813,4044,1,4,0,4049,A
1-PB2,814,0,0,4290,0,4290,G
1-PB2,815,0,4269,0,1,4270,T
1-PB2,816,4289,0,2,0,4291,A
1-PB2,817,0,4243,0,5,4248,T
1-PB2,818,4,1,0,4289,4294,C
1-PB2,819,4282,1,8,0,4291,A
1-PB2,820,2,0,4275,0,4277,G
1-PB2,821,1,0,0,4271,4272,C
1-PB2,822,4117,0,1,0,4118,A
1-PB2,823,1,3,4038,0,4042,G
1-PB2,824,4037,1,2,0,4040,A
1-PB2,825,0,4031,0,3,4034,T
1-PB2,826,2,1,0,4037,4040,C
1-PB2,827,2,0,0,4050,4052,C
1-PB2,828,4042,0,5,0,4047,A
1-PB2,829,0,1,0,4066,4067,C
1-PB2,830,0,4050,1,5,4056,T
1-PB2,831,4067,0,1,0,4068,A
1-PB2,832,1,0,4052,0,4053,G
1-PB2,833,1,0,0,4023,4024,C
1-PB2,834,4010,0,1,0,4011,A
1-PB2,835,0,3998,0,1,3999,T
1-PB2,836,2,1,0,4051,4054,C
1-PB2,837,0,4037,0,4,4041,T
1-PB2,838,1,4140,0,2,4143,T
1-PB2,839,0,4163,0,0,4163,T
1-PB2,840,4140,0,0,0,4140,A
1-PB2,841,0,4137,2,5,4144,T
1-PB2,842,0,4121,0,2,4123,T
1-PB2,843,1,5,4116,0,4122,G
1-PB2,844,0,5,4090,0,4095,G
1-PB2,845,4015,0,4,0,4019,A
1-PB2,846,1,0,4027,0,4028,G
1-PB2,847,3934,0,1,1,3936,A
1-PB2,848,0,3895,0,1,3896,T
1-PB2,849,1,0,3968,0,3969,G
1-PB2,850,0,3952,0,5,3957,T
1-PB2,851,2,1,3972,0,3975,G
1-PB2,852,1,2,1,3955,3959,C
1-PB2,853,7,1,0,3962,3970,C
1-PB2,854,3934,0,6,0,3940,A
1-PB2,855,1,2,0,3957,3960,C
1-PB2,856,3891,0,1,1,3893,A
1-PB2,857,0,1,3933,0,3934,G
1-PB2,858,0,1,0,3802,3803,C
1-PB2,859,3776,0,5,0,3781,A
1-PB2,860,0,1,0,3774,3775,C
1-PB2,861,3765,2,3,0,3770,A
1-PB2,862,1,0,0,3792,3793,C
1-PB2,863,3773,1,0,0,3774,A
1-PB2,864,3781,0,1,0,3782,A
1-PB2,865,3769,1,0,0,3770,A
1-PB2,866,1,3645,0,0,3646,T
1-PB2,867,0,3658,0,1,3659,T
1-PB2,868,1,4,3638,0,3643,G
1-PB2,869,0,1,3623,0,3624,G
1-PB2,870,1,0,0,3630,3631,C
1-PB2,871,0,3,3619,0,3622,G
1-PB2,872,2,3,3611,0,3616,G
1-PB2,873,3600,0,3,0,3603,A
1-PB2,874,3680,0,2,0,3682,A
1-PB2,875,0,0,0,3693,3693,C
1-PB2,876,3696,0,3,0,3699,A
1-PB2,877,3690,0,3,0,3693,A
1-PB2,878,0,4,3704,0,3708,G
1-PB2,879,0,0,3715,0,3715,G
1-PB2,880,3696,0,3,0,3699,A
1-PB2,881,0,3460,0,0,3460,T
1-PB2,882,0,2,3467,0,3469,G
1-PB2,883,0,1,3473,0,3474,G
1-PB2,884,0,3425,0,0,3425,T
1-PB2,885,3,3,3462,0,3468,G
1-PB2,886,1,3,3427,0,3431,G
1-PB2,887,3404,0,3,0,3407,A
1-PB2,888,0,2,0,3409,3411,C
1-PB2,889,3359,0,0,0,3359,A
1-PB2,890,0,3769,0,1,3770,T
1-PB2,891,0,3751,0,3,3754,T
1-PB2,892,4,0,0,3753,3757,C
1-PB2,893,0,3698,0,5,3703,T
1-PB2,894,0,3705,0,0,3705,T
1-PB2,895,3690,0,2,0,3692,A
1-PB2,896,0,4,3703,0,3707,G
1-PB2,897,3682,1,3,0,3686,A
1-PB2,898,2,2,0,3690,3694,C
1-PB2,899,2902,0,2,0,2904,A
1-PB2,900,0,3,2957,0,2960,G
1-PB2,901,2934,0,5,0,2939,A
1-PB2,902,2930,0,5,1,2936,A
1-PB2,903,1,0,0,2934,2935,C
1-PB2,904,2,1,0,2949,2952,C
1-PB2,905,1,0,0,2944,2945,C
1-PB2,906,0,5,2951,0,2956,G
1-PB2,907,2927,0,2,0,2929,A
1-PB2,908,0,1,0,2951,2952,C
1-PB2,909,0,2924,0,3,2927,T
1-PB2,910,0,0,2946,0,2946,G
1-PB2,911,2925,0,2,1,2928,A
1-PB2,912,2945,0,2,1,2948,A
1-PB2,913,1,3,2966,0,2970,G
1-PB2,914,2948,1,1,0,2950,A
1-PB2,915,2952,0,7,0,2959,A
1-PB2,916,0,1,0,2948,2949,C
1-PB2,917,2942,0,1,0,2943,A
1-PB2,918,2944,0,3,1,2948,A
1-PB2,919,0,1,2978,0,2979,G
1-PB2,920,1,1,0,2985,2987,C
1-PB2,921,0,2971,0,4,2975,T
1-PB2,922,1,0,3002,0,3003,G
1-PB2,923,0,2998,0,1,2999,T
1-PB2,924,1,1,3045,0,3047,G
1-PB2,925,0,0,3142,0,3142,G
1-PB2,926,3135,0,3,1,3139,A
1-PB2,927,0,3139,0,1,3140,T
1-PB2,928,3119,0,3,0,3122,A
1-PB2,929,0,3087,0,1,3088,T
1-PB2,930,3197,1,2,0,3200,A
1-PB2,931,0,3146,0,2,3148,T
1-PB2,932,1,0,3134,0,3135,G
1-PB2,933,0,0,0,3097,3097,C
1-PB2,934,2979,0,2,0,2981,A
1-PB2,935,2976,0,1,1,2978,A
1-PB2,936,0,0,2960,0,2960,G
1-PB2,937,0,0,2965,0,2965,G
1-PB2,938,0,0,0,2976,2976,C
1-PB2,939,0,2891,0,7,2898,T
1-PB2,940,0,0,2927,0,2927,G
1-PB2,941,0,0,0,2918,2918,C
1-PB2,942,2930,0,0,0,2930,A
1-PB2,943,2942,0,1,0,2943,A
1-PB2,944,0,2914,0,3,2917,T
1-PB2,945,0,6,2925,0,2931,G
1-PB2,946,2,5,2896,0,2903,G
1-PB2,947,0,2,2922,0,2924,G
1-PB2,948,2909,0,6,0,2915,A
1-PB2,949,0,2901,0,0,2901,T
1-PB2,950,0,2904,0,0,2904,T
1-PB2,951,0,4,2898,0,2902,G
1-PB2,952,2887,0,8,1,2896,A
1-PB2,953,1,2,2923,0,2926,G
1-PB2,954,2921,0,2,0,2923,A
1-PB2,955,2895,0,0,0,2895,A
1-PB2,956,0,2858,0,1,2859,T
1-PB2,957,5,1,0,2875,2881,C
1-PB2,958,2870,0,1,0,2871,A
1-PB2,959,0,0,2889,0,2889,G
1-PB2,960,0,0,0,2888,2888,C
1-PB2,961,2,2859,2,7,2870,T
1-PB2,962,6,1,0,2866,2873,C
1-PB2,963,2857,0,1,0,2858,A
1-PB2,964,0,2918,0,2,2920,T
1-PB2,965,4,2,0,2928,2934,C
1-PB2,966,3,1,0,2953,2957,C
1-PB2,967,1,2929,0,2,2932,T
1-PB2,968,0,2910,0,4,2914,T
1-PB2,969,1,0,0,2916,2917,C
1-PB2,970,2917,0,6,0,2923,A
1-PB2,971,1,0,2954,0,2955,G
1-PB2,972,1,2,0,2929,2932,C
1-PB2,973,0,2898,0,5,2903,T
1-PB2,974,1,2908,0,0,2909,T
1-PB2,975,0,2890,0,2,2892,T
1-PB2,976,1,1,2888,0,2890,G
1-PB2,977,1,0,2891,0,2892,G
1-PB2,978,1,2861,0,0,2862,T
1-PB2,979,2,4,2908,0,2914,G
1-PB2,980,2,3,2910,0,2915,G
1-PB2,981,0,0,2951,0,2951,G
1-PB2,982,0,2915,1,3,2919,T
1-PB2,983,0,2927,0,5,2932,T
1-PB2,984,0,2933,0,1,2934,T
1-PB2,985,2940,0,2,0,2942,A
1-PB2,986,0,0,0,2957,2957,C
1-PB2,987,2951,1,1,0,2953,A
1-PB2,988,0,2939,0,0,2939,T
1-PB2,989,0,2872,1,0,2873,T
1-PB2,990,0,2872,0,4,2876,T
1-PB2,991,2882,0,0,0,2882,A
1-PB2,992,2876,0,1,0,2877,A
1-PB2,993,2878,0,1,0,2879,A
1-PB2,994,2860,1,9,0,2870,A
1-PB2,995,0,6,2870,0,2876,G
1-PB2,996,2846,0,5,0,2851,A
1-PB2,997,2852,0,0,0,2852,A
1-PB2,998,0,1,0,2867,2868,C
1-PB2,999,2864,0,2,0,2866,A
1-PB2,1000,2860,0,5,2,2867,A
1-PB2,1001,0,0,2850,0,2850,G
1-PB2,1002,0,1,1,2863,2865,C
1-PB2,1003,2,2,2858,0,2862,G
1-PB2,1004,3,5,2854,0,2862,G
1-PB2,1005,1,2,2869,0,2872,G
1-PB2,1006,0,2849,1,3,2853,T
1-PB2,1007,1,3,0,2855,2859,C
1-PB2,1008,2864,0,1,0,2865,A
1-PB2,1009,0,2832,0,2,2834,T
1-PB2,1010,2,1,0,2865,2868,C
1-PB2,1011,2863,0,1,0,2864,A
1-PB2,1012,1,1,2899,0,2901,G
1-PB2,1013,0,2866,0,3,2869,T
1-PB2,1014,3,0,0,2868,2871,C
1-PB2,1015,2866,0,3,0,2869,A
1-PB2,1016,2887,0,0,0,2887,A
1-PB2,1017,2879,0,0,0,2879,A
1-PB2,1018,2884,0,1,0,2885,A
1-PB2,1019,2890,0,0,0,2890,A
1-PB2,1020,2879,0,10,0,2889,A
1-PB2,1021,1,2,2897,0,2900,G
1-PB2,1022,2886,1,1,1,2889,A
1-PB2,1023,2893,0,2,0,2895,A
1-PB2,1024,0,3,2898,0,2901,G
1-PB2,1025,2882,1,0,0,2883,A
1-PB2,1026,2797,0,13,2,2812,A
1-PB2,1027,0,3,2801,0,2804,G
1-PB2,1028,2788,0,6,0,2794,A
1-PB2,1029,2,4,2793,0,2799,G
1-PB2,1030,2,0,2852,0,2854,G
1-PB2,1031,0,2841,0,0,2841,T
1-PB2,1032,0,0,2909,0,2909,G
1-PB2,1033,0,1,0,2926,2927,C
1-PB2,1034,2,2923,0,8,2933,T
1-PB2,1035,0,2949,0,0,2949,T
1-PB2,1036,2936,0,2,0,2938,A
1-PB2,1037,0,0,0,2941,2941,C
1-PB2,1038,2909,0,5,1,2915,A
1-PB2,1039,1,3,2907,0,2911,G
1-PB2,1040,0,0,2896,0,2896,G
1-PB2,1041,0,0,1,2808,2809,C
1-PB2,1042,2786,0,2,0,2788,A
1-PB2,1043,2778,0,0,0,2778,A
1-PB2,1044,0,2831,0,5,2836,T
1-PB2,1045,3,1,0,2864,2868,C
1-PB2,1046,0,2854,0,4,2858,T
1-PB2,1047,3,0,0,2864,2867,C
1-PB2,1048,2,1,0,2861,2864,C
1-PB2,1049,2872,0,1,0,2873,A
1-PB2,1050,2877,0,1,0,2878,A
1-PB2,1051,2871,0,4,0,2875,A
1-PB2,1052,0,1,0,2898,2899,C
1-PB2,1053,2817,0,1,0,2818,A
1-PB2,1054,0,2784,0,2,2786,T
1-PB2,1055,0,2740,0,1,2741,T
1-PB2,1056,1,3,2745,0,2749,G
1-PB2,1057,2734,1,4,0,2739,A
1-PB2,1058,1,5,2702,0,2708,G
1-PB2,1059,2839,1,0,0,2840,A
1-PB2,1060,2833,0,1,0,2834,A
1-PB2,1061,0,2863,0,0,2863,T
1-PB2,1062,2870,0,1,0,2871,A
1-PB2,1063,2871,0,2,0,2873,A
1-PB2,1064,1,1,2947,0,2949,G
1-PB2,1065,2900,0,4,0,2904,A
1-PB2,1066,2,0,2989,0,2991,G
1-PB2,1067,0,2903,0,1,2904,T
1-PB2,1068,2929,1,3,0,2933,A
1-PB2,1069,0,1,0,2997,2998,C
1-PB2,1070,2986,0,3,0,2989,A
1-PB2,1071,0,2970,0,1,2971,T
1-PB2,1072,1,6,2976,0,2983,G
1-PB2,1073,2897,0,7,0,2904,A
1-PB2,1074,0,1,2943,0,2944,G
1-PB2,1075,1,4,2931,0,2936,G
1-PB2,1076,1,3,3071,0,3075,G
1-PB2,1077,0,1,3091,0,3092,G
1-PB2,1078,0,2994,0,1,2995,T
1-PB2,1079,3042,0,2,0,3044,A
1-PB2,1080,0,3033,0,3,3036,T
1-PB2,1081,1,1,3059,1,3062,G
1-PB2,1082,3046,0,3,1,3050,A
1-PB2,1083,0,2,3039,1,3042,G
1-PB2,1084,0,3,3029,0,3032,G
1-PB2,1085,2826,0,0,0,2826,A
1-PB2,1086,1,0,2899,0,2900,G
1-PB2,1087,0,2897,1,4,2902,T
1-PB2,1088,0,2981,0,5,2986,T
1-PB2,1089,2,0,0,3004,3006,C
1-PB2,1090,3000,0,4,0,3004,A
1-PB2,1091,0,1,0,3012,3013,C
1-PB2,1092,3006,0,0,0,3006,A
1-PB2,1093,3018,0,1,0,3019,A
1-PB2,1094,0,3013,0,0,3013,T
1-PB2,1095,0,2,2977,0,2979,G
1-PB2,1096,1,1,2989,0,2991,G
1-PB2,1097,0,2890,1,2,2893,T
1-PB2,1098,1,4,2912,1,2918,G
1-PB2,1099,1,6,2892,0,2899,G
1-PB2,1100,1,2,2896,0,2899,G
1-PB2,1101,3,2,2936,0,2941,G
1-PB2,1102,2932,0,0,0,2932,A
1-PB2,1103,2957,0,2,0,2959,A
1-PB2,1104,2945,0,1,0,2946,A
1-PB2,1105,2872,0,10,0,2882,A
1-PB2,1106,1,5,2904,1,2911,G
1-PB2,1107,2887,0,9,0,2896,A
1-PB2,1108,1,0,2910,0,2911,G
1-PB2,1109,2,2,0,2894,2898,C
1-PB2,1110,2891,0,2,0,2893,A
1-PB2,1111,2888,0,5,0,2893,A
1-PB2,1112,0,1,1,2972,2974,C
1-PB2,1113,2973,0,1,0,2974,A
1-PB2,1114,1,1,3022,0,3024,G
1-PB2,1115,2,3,0,2998,3003,C
1-PB2,1116,0,2988,0,3,2991,T
1-PB2,1117,3075,0,1,0,3076,A
1-PB2,1118,2,3071,1,1,3075,T
1-PB2,1119,3091,1,0,0,3092,A
1-PB2,1120,1,1,0,3083,3085,C
1-PB2,1121,0,2940,0,2,2942,T
1-PB2,1122,2957,0,2,0,2959,A
1-PB2,1123,2905,0,0,0,2905,A
1-PB2,1124,0,3,2909,0,2912,G
1-PB2,1125,2901,0,1,0,2902,A
1-PB2,1126,2812,0,0,0,2812,A
1-PB2,1127,2799,1,3,0,2803,A
1-PB2,1128,2773,0,5,0,2778,A
1-PB2,1129,0,0,2785,0,2785,G
1-PB2,1130,0,1,0,2777,2778,C
1-PB2,1131,2786,0,2,0,2788,A
1-PB2,1132,2786,0,1,0,2787,A
1-PB2,1133,2,3,0,2791,2796,C
1-PB2,1134,0,1,0,2803,2804,C
1-PB2,1135,2811,1,0,0,2812,A
1-PB2,1136,1,1,2819,1,2822,G
1-PB2,1137,2811,0,1,0,2812,A
1-PB2,1138,2826,0,1,0,2827,A
1-PB2,1139,0,1,2829,0,2830,G
1-PB2,1140,2806,0,4,0,2810,A
1-PB2,1141,0,2798,0,0,2798,T
1-PB2,1142,0,2787,0,2,2789,T
1-PB2,1143,1,3,2801,0,2805,G
1-PB2,1144,3,0,2851,0,2854,G
1-PB2,1145,0,2816,0,7,2823,T
1-PB2,1146,0,2811,0,2,2813,T
1-PB2,1147,2,0,0,2823,2825,C
1-PB2,1148,2832,0,0,0,2832,A
1-PB2,1149,2806,1,4,0,2811,A
1-PB2,1150,0,0,0,3004,3004,C
1-PB2,1151,0,2987,1,0,2988,T
1-PB2,1152,6,1,0,3016,3023,C
1-PB2,1153,2972,0,2,0,2974,A
1-PB2,1154,0,2967,1,1,2969,T
1-PB2,1155,2968,0,2,0,2970,A
1-PB2,1156,1,1,2982,0,2984,G
1-PB2,1157,0,2846,0,1,2847,T
1-PB2,1158,0,4,2897,0,2901,G
1-PB2,1159,2744,1,5,0,2750,A
1-PB2,1160,1,0,2795,0,2796,G
1-PB2,1161,0,2770,0,2,2772,T
1-PB2,1162,0,4,2781,0,2785,G
1-PB2,1163,2,0,2804,0,2806,G
1-PB2,1164,2800,0,1,0,2801,A
1-PB2,1165,2780,1,7,0,2788,A
1-PB2,1166,0,3,2790,0,2793,G
1-PB2,1167,2760,0,2,0,2762,A
1-PB2,1168,1,4,2768,0,2773,G
1-PB2,1169,2732,0,7,0,2739,A
1-PB2,1170,0,1,0,2750,2751,C
1-PB2,1171,2,4,2745,0,2751,G
1-PB2,1172,2735,0,2,0,2737,A
1-PB2,1173,2737,0,5,0,2742,A
1-PB2,1174,0,1,0,2745,2746,C
1-PB2,1175,2719,0,5,1,2725,A
1-PB2,1176,0,0,2875,0,2875,G
1-PB2,1177,0,2844,0,4,2848,T
1-PB2,1178,4,1,0,2859,2864,C
1-PB2,1179,2870,0,3,0,2873,A
1-PB2,1180,2853,1,1,0,2855,A
1-PB2,1181,0,2861,0,1,2862,T
1-PB2,1182,2860,0,0,0,2860,A
1-PB2,1183,0,0,2836,0,2836,G
1-PB2,1184,0,1,0,2834,2835,C
1-PB2,1185,4,0,0,2737,2741,C
1-PB2,1186,2,2,2716,0,2720,G
1-PB2,1187,2725,0,0,0,2725,A
1-PB2,1188,2720,0,3,0,2723,A
1-PB2,1189,2,0,2739,0,2741,G
1-PB2,1190,1,0,0,2809,2810,C
1-PB2,1191,2819,2,1,0,2822,A
1-PB2,1192,2815,0,3,0,2818,A
1-PB2,1193,0,2818,0,0,2818,T
1-PB2,1194,2830,0,0,0,2830,A
1-PB2,1195,2847,1,1,1,2850,A
1-PB2,1196,0,2844,0,0,2844,T
1-PB2,1197,1,1,0,2840,2842,C
1-PB2,1198,1,0,2824,0,2825,G
1-PB2,1199,0,2756,0,4,2760,T
1-PB2,1200,3,0,2762,0,2765,G
1-PB2,1201,2,0,2768,0,2770,G
1-PB2,1202,0,3,0,2765,2768,C
1-PB2,1203,2,0,0,2782,2784,C
1-PB2,1204,2742,0,2,0,2744,A
1-PB2,1205,0,2757,0,5,2762,T
1-PB2,1206,2,1,2781,0,2784,G
1-PB2,1207,0,0,2816,0,2816,G
1-PB2,1208,0,2717,0,3,2720,T
1-PB2,1209,2,1,2794,0,2797,G
1-PB2,1210,1,2682,2,2,2687,T
1-PB2,1211,0,2707,1,4,2712,T
1-PB2,1212,0,2729,0,4,2733,T
1-PB2,1213,1,2733,1,3,2738,T
1-PB2,1214,3,0,0,2779,2782,C
1-PB2,1215,2776,0,0,0,2776,A
1-PB2,1216,0,1,0,2994,2995,C
1-PB2,1217,2956,0,1,1,2958,A
1-PB2,1218,2985,1,0,0,2986,A
1-PB2,1219,0,2,3005,0,3007,G
1-PB2,1220,2984,0,1,0,2985,A
1-PB2,1221,2833,0,147,0,2980,A
1-PB2,1222,0,2,3032,0,3034,G
1-PB2,1223,3032,0,1,0,3033,A
1-PB2,1224,0,3043,0,2,3045,T
1-PB2,1225,1,3021,0,1,3023,T
1-PB2,1226,0,1,3015,0,3016,G
1-PB2,1227,0,0,2,2976,2978,C
1-PB2,1228,3004,0,4,0,3008,A
1-PB2,1229,0,3031,0,3,3034,T
1-PB2,1230,0,3,3166,0,3169,G
1-PB2,1231,3185,0,4,0,3189,A
1-PB2,1232,0,3221,0,1,3222,T
1-PB2,1233,3214,0,2,0,3216,A
1-PB2,1234,3221,0,0,0,3221,A
1-PB2,1235,3210,1,1,0,3212,A
1-PB2,1236,3220,1,5,0,3226,A
1-PB2,1237,0,1,3220,1,3222,G
1-PB2,1238,0,1,0,3311,3312,C
1-PB2,1239,3387,1,1,0,3389,A
1-PB2,1240,2,1,3495,0,3498,G
1-PB2,1241,0,3495,0,1,3496,T
1-PB2,1242,0,3496,1,0,3497,T
1-PB2,1243,3500,0,1,0,3501,A
1-PB2,1244,0,3,3507,0,3510,G
1-PB2,1245,3486,0,5,1,3492,A
1-PB2,1246,0,1,3495,0,3496,G
1-PB2,1247,0,2,3470,0,3472,G
1-PB2,1248,0,3288,0,6,3294,T
1-PB2,1249,1,6,3340,0,3347,G
1-PB2,1250,3354,0,4,0,3358,A
1-PB2,1251,2,2,0,3363,3367,C
1-PB2,1252,4,0,0,3379,3383,C
1-PB2,1253,1,3377,0,9,3387,T
1-PB2,1254,1,3,3396,0,3400,G
1-PB2,1255,3384,1,2,0,3387,A
1-PB2,1256,3391,1,1,0,3393,A
1-PB2,1257,0,3410,0,1,3411,T
1-PB2,1258,0,3461,0,2,3463,T
1-PB2,1259,0,3465,0,0,3465,T
1-PB2,1260,2,2,0,3463,3467,C
1-PB2,1261,0,0,3461,0,3461,G
1-PB2,1262,0,3451,0,3,3454,T
1-PB2,1263,3,0,0,3461,3464,C
1-PB2,1264,3451,0,1,0,3452,A
1-PB2,1265,3453,2,0,0,3455,A
1-PB2,1266,0,0,0,3454,3454,C
1-PB2,1267,3413,0,1,0,3414,A
1-PB2,1268,1,4,3457,0,3462,G
1-PB2,1269,3426,0,4,0,3430,A
1-PB2,1270,1,0,3455,0,3456,G
1-PB2,1271,2,0,0,3463,3465,C
1-PB2,1272,3468,0,0,0,3468,A
1-PB2,1273,3527,0,1,0,3528,A
1-PB2,1274,3517,0,5,0,3522,A
1-PB2,1275,0,3505,0,1,3506,T
1-PB2,1276,4,1,0,3517,3522,C
1-PB2,1277,3498,0,4,1,3503,A
1-PB2,1278,0,1,3477,0,3478,G
1-PB2,1279,0,2,0,3507,3509,C
1-PB2,1280,2,4,3506,0,3512,G
1-PB2,1281,0,0,3740,0,3740,G
1-PB2,1282,0,3712,0,3,3715,T
1-PB2,1283,1,3722,0,3,3726,T
1-PB2,1284,1,6,3722,0,3729,G
1-PB2,1285,3724,0,7,0,3731,A
1-PB2,1286,3763,0,5,0,3768,A
1-PB2,1287,1,3,0,3779,3783,C
1-PB2,1288,1,1,0,3746,3748,C
1-PB2,1289,4,2,0,3805,3811,C
1-PB2,1290,6,1,0,3671,3678,C
1-PB2,1291,3691,0,4,0,3695,A
1-PB2,1292,0,3710,0,6,3716,T
1-PB2,1293,1,0,3724,1,3726,G
1-PB2,1294,0,1,0,3729,3730,C
1-PB2,1295,3705,0,1,0,3706,A
1-PB2,1296,0,3665,0,5,3670,T
1-PB2,1297,1,2,0,3668,3671,C
1-PB2,1298,3644,1,0,0,3645,A
1-PB2,1299,1,1,3683,0,3685,G
1-PB2,1300,2,0,0,3702,3704,C
1-PB2,1301,0,3707,0,3,3710,T
1-PB2,1302,0,3728,0,2,3730,T
1-PB2,1303,0,3700,0,4,3704,T
1-PB2,1304,0,3717,0,0,3717,T
1-PB2,1305,3717,1,2,1,3721,A
1-PB2,1306,3713,0,2,0,3715,A
1-PB2,1307,0,1,3702,0,3703,G
1-PB2,1308,1,1,3677,0,3679,G
1-PB2,1309,0,0,0,3666,3666,C
1-PB2,1310,3653,0,1,0,3654,A
1-PB2,1311,1,3668,0,1,3670,T
1-PB2,1312,0,3691,1,3,3695,T
1-PB2,1313,0,3704,0,0,3704,T
1-PB2,1314,1,3727,0,3,3731,T
1-PB2,1315,2,1,0,3725,3728,C
1-PB2,1316,3730,0,1,1,3732,A
1-PB2,1317,1,2,3725,0,3728,G
1-PB2,1318,3709,0,2,0,3711,A
1-PB2,1319,3722,0,1,0,3723,A
1-PB2,1320,3706,0,3,1,3710,A
1-PB2,1321,0,1,3702,1,3704,G
1-PB2,1322,3724,0,4,0,3728,A
1-PB2,1323,1,3717,0,3,3721,T
1-PB2,1324,0,1,3723,0,3724,G
1-PB2,1325,2,0,1,3715,3718,C
1-PB2,1326,3,6,3729,0,3738,G
1-PB2,1327,3706,0,1,0,3707,A
1-PB2,1328,3724,1,1,0,3726,A
1-PB2,1329,3722,0,4,0,3726,A
1-PB2,1330,2,0,3731,0,3733,G
1-PB2,1331,0,3676,0,2,3678,T
1-PB2,1332,0,0,3690,0,3690,G
1-PB2,1333,0,2,0,3654,3656,C
1-PB2,1334,0,3680,0,5,3685,T
1-PB2,1335,0,3693,0,0,3693,T
1-PB2,1336,0,3685,0,1,3686,T
1-PB2,1337,0,3685,0,3,3688,T
1-PB2,1338,1,3672,0,3,3676,T
1-PB2,1339,4,3,0,3692,3699,C
1-PB2,1340,3702,0,1,0,3703,A
1-PB2,1341,3711,0,4,0,3715,A
1-PB2,1342,3706,0,0,0,3706,A
1-PB2,1343,3721,0,0,0,3721,A
1-PB2,1344,0,3699,0,0,3699,T
1-PB2,1345,0,3721,0,1,3722,T
1-PB2,1346,1,2,3710,0,3713,G
1-PB2,1347,1,4,3710,0,3715,G
1-PB2,1348,3,1,3706,0,3710,G
1-PB2,1349,1,2,3772,0,3775,G
1-PB2,1350,3742,0,12,1,3755,A
1-PB2,1351,1,0,3830,0,3831,G
1-PB2,1352,0,3816,0,2,3818,T
1-PB2,1353,0,3825,0,2,3827,T
1-PB2,1354,1,4,3839,0,3844,G
1-PB2,1355,3827,1,8,0,3836,A
1-PB2,1356,3832,0,12,0,3844,A
1-PB2,1357,3,2,0,3946,3951,C
1-PB2,1358,3887,1,3,0,3891,A
1-PB2,1359,0,0,0,4020,4020,C
1-PB2,1360,3933,1,1,0,3935,A
1-PB2,1361,1,3937,0,2,3940,T
1-PB2,1362,2,3,2,3976,3983,C
1-PB2,1363,1,6,3966,0,3973,G
1-PB2,1364,3988,0,10,0,3998,A
1-PB2,1365,1,1,1,3990,3993,C
1-PB2,1366,3846,1,0,2,3849,A
1-PB2,1367,0,2,4004,0,4006,G
1-PB2,1368,0,3885,0,6,3891,T
1-PB2,1369,0,1,3960,0,3961,G
1-PB2,1370,1,3925,0,5,3931,T
1-PB2,1371,4,3,3940,0,3947,G
1-PB2,1372,3934,1,6,0,3941,A
1-PB2,1373,0,3924,0,1,3925,T
1-PB2,1374,1,6,3926,0,3933,G
1-PB2,1375,1,4,3929,0,3934,G
1-PB2,1376,0,4,3871,0,3875,G
1-PB2,1377,3863,0,3,0,3866,A
1-PB2,1378,3817,0,5,0,3822,A
1-PB2,1379,0,3836,0,1,3837,T
1-PB2,1380,0,4,3867,0,3871,G
1-PB2,1381,3884,0,2,0,3886,A
1-PB2,1382,0,3881,0,0,3881,T
1-PB2,1383,0,3873,0,1,3874,T
1-PB2,1384,0,1,3850,1,3852,G
1-PB2,1385,0,4,3947,0,3951,G
1-PB2,1386,3939,1,3,0,3943,A
1-PB2,1387,0,0,4002,0,4002,G
1-PB2,1388,0,3957,0,3,3960,T
1-PB2,1389,3968,0,0,0,3968,A
1-PB2,1390,0,3984,0,3,3987,T
1-PB2,1391,0,4043,0,0,4043,T
1-PB2,1392,4078,0,2,0,4080,A
1-PB2,1393,0,1,1,4085,4087,C
1-PB2,1394,3,1,0,4022,4026,C
1-PB2,1395,4011,1,4,0,4016,A
1-PB2,1396,0,2,4041,0,4043,G
1-PB2,1397,4124,0,3,0,4127,A
1-PB2,1398,0,4090,0,1,4091,T
1-PB2,1399,4050,0,2,0,4052,A
1-PB2,1400,1,3996,0,0,3997,T
1-PB2,1401,2,7,3955,0,3964,G
1-PB2,1402,3971,0,4,0,3975,A
1-PB2,1403,0,2,0,3993,3995,C
1-PB2,1404,1,3973,0,8,3982,T
1-PB2,1405,6,0,0,3963,3969,C
1-PB2,1406,4,2,0,3936,3942,C
1-PB2,1407,3957,0,4,0,3961,A
1-PB2,1408,3988,1,5,1,3995,A
1-PB2,1409,2,1,4112,0,4115,G
1-PB2,1410,1,0,0,4103,4104,C
1-PB2,1411,4086,1,5,0,4092,A
1-PB2,1412,0,1,0,4100,4101,C
1-PB2,1413,4071,1,3,0,4075,A
1-PB2,1414,1,6,4076,0,4083,G
1-PB2,1415,4065,0,4,0,4069,A
1-PB2,1416,0,0,4105,0,4105,G
1-PB2,1417,4091,0,7,0,4098,A
1-PB2,1418,0,3995,0,5,4000,T
1-PB2,1419,2,1,4059,0,4062,G
1-PB2,1420,0,4033,1,2,4036,T
1-PB2,1421,6,1,1,4031,4039,C
1-PB2,1422,4045,0,5,0,4050,A
1-PB2,1423,4035,0,2,0,4037,A
1-PB2,1424,0,4027,0,0,4027,T
1-PB2,1425,0,9,4021,0,4030,G
1-PB2,1426,3980,0,4,0,3984,A
1-PB2,1427,1,4,4002,0,4007,G
1-PB2,1428,3943,0,6,0,3949,A
1-PB2,1429,0,1,3965,0,3966,G
1-PB2,1430,3,2,4148,0,4153,G
1-PB2,1431,4140,0,6,0,4146,A
1-PB2,1432,4149,0,4,0,4153,A
1-PB2,1433,0,4147,0,1,4148,T
1-PB2,1434,4139,0,0,0,4139,A
1-PB2,1435,4142,1,3,0,4146,A
1-PB2,1436,0,2,4142,0,4144,G
1-PB2,1437,4118,0,5,0,4123,A
1-PB2,1438,0,0,4132,0,4132,G
1-PB2,1439,0,3878,0,0,3878,T
1-PB2,1440,5,3,0,3895,3903,C
1-PB2,1441,3912,0,7,0,3919,A
1-PB2,1442,1,1,3926,0,3928,G
1-PB2,1443,0,0,0,3946,3946,C
1-PB2,1444,3956,0,1,0,3957,A
1-PB2,1445,3973,0,1,0,3974,A
1-PB2,1446,3948,0,4,0,3952,A
1-PB2,1447,3960,0,4,0,3964,A
1-PB2,1448,0,3944,0,2,3946,T
1-PB2,1449,2,7,3960,0,3969,G
1-PB2,1450,1,4,3959,0,3964,G
1-PB2,1451,2,1,3995,0,3998,G
1-PB2,1452,0,3931,0,3,3934,T
1-PB2,1453,1,0,3963,0,3964,G
1-PB2,1454,1,3937,0,2,3940,T
1-PB2,1455,0,6,3955,1,3962,G
1-PB2,1456,1,0,4025,1,4027,G
1-PB2,1457,4009,0,3,0,4012,A
1-PB2,1458,1,4004,0,2,4007,T
1-PB2,1459,0,3,4050,0,4053,G
1-PB2,1460,4023,1,6,0,4030,A
1-PB2,1461,4044,0,5,0,4049,A
1-PB2,1462,0,4034,0,2,4036,T
1-PB2,1463,3987,0,0,1,3988,A
1-PB2,1464,1,1,0,4285,4287,C
1-PB2,1465,0,4174,0,4,4178,T
1-PB2,1466,6,0,1,4220,4227,C
1-PB2,1467,4,1,0,4251,4256,C
1-PB2,1468,4241,0,6,0,4247,A
1-PB2,1469,3,1,4412,0,4416,G
1-PB2,1470,0,4383,0,1,4384,T
1-PB2,1471,4420,1,0,0,4421,A
1-PB2,1472,0,2,0,4436,4438,C
1-PB2,1473,4040,0,7,0,4047,A
1-PB2,1474,0,4,4061,0,4065,G
1-PB2,1475,3953,0,9,0,3962,A
1-PB2,1476,0,3,3991,0,3994,G
1-PB2,1477,3865,0,4,0,3869,A
1-PB2,1478,1,8,3777,0,3786,G
1-PB2,1479,0,1,3774,0,3775,G
1-PB2,1480,1,3,3782,0,3786,G
1-PB2,1481,0,3685,3,5,3693,T
1-PB2,1482,2,2,3721,0,3725,G
1-PB2,1483,1,0,3743,0,3744,G
1-PB2,1484,0,3695,0,2,3697,T
1-PB2,1485,2,4,3813,0,3819,G
1-PB2,1486,2,0,3799,0,3801,G
1-PB2,1487,1,3725,0,3,3729,T
1-PB2,1488,0,3735,0,4,3739,T
1-PB2,1489,3696,0,4,0,3700,A
1-PB2,1490,0,0,3705,0,3705,G
1-PB2,1491,0,0,0,3711,3711,C
1-PB2,1492,3682,0,5,0,3687,A
1-PB2,1493,0,3698,0,3,3701,T
1-PB2,1494,1,3512,0,0,3513,T
1-PB2,1495,1,7,3507,0,3515,G
1-PB2,1496,3502,3,1,0,3506,A
1-PB2,1497,0,3488,0,4,3492,T
1-PB2,1498,6,0,0,3508,3514,C
1-PB2,1499,0,0,3497,0,3497,G
1-PB2,1500,0,0,3582,0,3582,G
1-PB2,1501,0,3551,1,0,3552,T
1-PB2,1502,0,3554,0,2,3556,T
1-PB2,1503,0,3565,1,0,3566,T
1-PB2,1504,0,3568,0,1,3569,T
1-PB2,1505,0,3573,0,1,3574,T
1-PB2,1506,0,2,3576,0,3578,G
1-PB2,1507,3566,0,3,0,3569,A
1-PB2,1508,0,4,3580,0,3584,G
1-PB2,1509,3458,0,2,2,3462,A
1-PB2,1510,1,1,3489,0,3491,G
1-PB2,1511,0,3486,0,3,3489,T
1-PB2,1512,0,3475,0,1,3476,T
1-PB2,1513,12,0,0,3490,3502,C
1-PB2,1514,2,3,3497,0,3502,G
1-PB2,1515,3496,0,6,0,3502,A
1-PB2,1516,1,9,3498,0,3508,G
1-PB2,1517,3492,0,9,0,3501,A
1-PB2,1518,0,0,0,3499,3499,C
1-PB2,1519,2,2,0,3466,3470,C
1-PB2,1520,3454,0,4,0,3458,A
1-PB2,1521,3501,0,2,1,3504,A
1-PB2,1522,0,7,0,3526,3533,C
1-PB2,1523,1,0,3530,0,3531,G
1-PB2,1524,1,3502,0,3,3506,T
1-PB2,1525,2,4,3506,0,3512,G
1-PB2,1526,1,0,3513,0,3514,G
1-PB2,1527,4,6,3516,0,3526,G
1-PB2,1528,3490,0,4,0,3494,A
1-PB2,1529,3508,1,1,0,3510,A
1-PB2,1530,0,3405,0,3,3408,T
1-PB2,1531,0,1,3520,0,3521,G
1-PB2,1532,0,3500,0,1,3501,T
1-PB2,1533,3514,0,0,1,3515,A
1-PB2,1534,1,3519,0,3,3523,T
1-PB2,1535,0,3476,0,1,3477,T
1-PB2,1536,3547,0,1,0,3548,A
1-PB2,1537,0,3520,0,2,3522,T
1-PB2,1538,0,3488,0,0,3488,T
1-PB2,1539,3489,0,1,0,3490,A
1-PB2,1540,1,3134,0,2,3137,T
1-PB2,1541,3,1,0,3292,3296,C
1-PB2,1542,0,3241,0,5,3246,T
1-PB2,1543,3,1,0,3284,3288,C
1-PB2,1544,4,3,0,3280,3287,C
1-PB2,1545,1,3223,0,2,3226,T
1-PB2,1546,0,1,3238,0,3239,G
1-PB2,1547,3209,0,3,0,3212,A
1-PB2,1548,1,2,3214,0,3217,G
1-PB2,1549,0,4,3208,0,3212,G
1-PB2,1550,2853,1,8,0,2862,A
1-PB2,1551,2,0,2894,0,2896,G
1-PB2,1552,1,0,2868,0,2869,G
1-PB2,1553,0,2789,0,2,2791,T
1-PB2,1554,1,1,0,2817,2819,C
1-PB2,1555,2777,0,3,0,2780,A
1-PB2,1556,1,2,2832,0,2835,G
1-PB2,1557,0,2829,0,1,2830,T
1-PB2,1558,0,0,2836,0,2836,G
1-PB2,1559,2822,0,5,0,2827,A
1-PB2,1560,2733,0,0,0,2733,A
1-PB2,1561,2737,0,5,0,2742,A
1-PB2,1562,0,2,0,2742,2744,C
1-PB2,1563,2727,0,3,0,2730,A
1-PB2,1564,0,0,0,2737,2737,C
1-PB2,1565,2638,0,2,0,2640,A
1-PB2,1566,1,0,2648,0,2649,G
1-PB2,1567,0,3,2634,0,2637,G
1-PB2,1568,0,1,2665,0,2666,G
1-PB2,1569,2648,0,3,0,2651,A
1-PB2,1570,2623,0,2,0,2625,A
1-PB2,1571,0,1,1,2651,2653,C
1-PB2,1572,1,2620,0,3,2624,T
1-PB2,1573,1,4,2625,0,2630,G
1-PB2,1574,2599,0,5,0,2604,A
1-PB2,1575,0,3,2612,0,2615,G
1-PB2,1576,2562,0,2,0,2564,A
1-PB2,1577,0,3,2449,0,2452,G
1-PB2,1578,2438,1,3,0,2442,A
1-PB2,1579,0,1,0,2440,2441,C
1-PB2,1580,0,2386,0,0,2386,T
1-PB2,1581,0,3,2430,0,2433,G
1-PB2,1582,2429,0,5,0,2434,A
1-PB2,1583,1,1,0,2440,2442,C
1-PB2,1584,2425,0,2,0,2427,A
1-PB2,1585,2431,0,2,0,2433,A
1-PB2,1586,0,2425,0,0,2425,T
1-PB2,1587,2431,0,1,0,2432,A
1-PB2,1588,2424,0,2,0,2426,A
1-PB2,1589,0,1,0,2457,2458,C
1-PB2,1590,2,2322,0,2,2326,T
1-PB2,1591,0,2312,0,1,2313,T
1-PB2,1592,2289,0,2,0,2291,A
1-PB2,1593,0,2274,0,8,2282,T
1-PB2,1594,0,2284,0,0,2284,T
1-PB2,1595,0,1,0,2279,2280,C
1-PB2,1596,2151,0,3,1,2155,A
1-PB2,1597,0,2135,0,2,2137,T
1-PB2,1598,3,1,0,2088,2092,C
1-PB2,1599,1,0,2092,0,2093,G
1-PB2,1600,0,2109,0,3,2112,T
1-PB2,1601,2,1,0,2104,2107,C
1-PB2,1602,0,1,2101,0,2102,G
1-PB2,1603,2103,0,1,0,2104,A
1-PB2,1604,0,2096,0,1,2097,T
1-PB2,1605,0,4,2105,0,2109,G
1-PB2,1606,2107,0,1,1,2109,A
1-PB2,1607,0,2111,0,0,2111,T
1-PB2,1608,0,2,2124,0,2126,G
1-PB2,1609,0,2034,2,2,2038,T
1-PB2,1610,3,2,2030,0,2035,G
1-PB2,1611,0,2,2040,0,2042,G
1-PB2,1612,1,2,2036,0,2039,G
1-PB2,1613,2007,1,2,0,2010,A
1-PB2,1614,0,2,2017,0,2019,G
1-PB2,1615,1898,0,1,0,1899,A
1-PB2,1616,1,1864,0,0,1865,T
1-PB2,1617,0,1827,1,1,1829,T
1-PB2,1618,1831,0,0,1,1832,A
1-PB2,1619,1812,0,2,1,1815,A
1-PB2,1620,0,1,0,1818,1819,C
1-PB2,1621,1,1,1753,0,1755,G
1-PB2,1622,0,0,1803,0,1803,G
1-PB2,1623,1,1697,0,1,1699,T
1-PB2,1624,2,0,0,1687,1689,C
1-PB2,1625,1,1,0,1685,1687,C
1-PB2,1626,0,1646,1,1,1648,T
1-PB2,1627,0,1,1662,0,1663,G
1-PB2,1628,1655,0,0,0,1655,A
1-PB2,1629,0,0,1671,0,1671,G
1-PB2,1630,0,1659,1,4,1664,T
1-PB2,1631,5,1,0,1597,1603,C
1-PB2,1632,1,1,1602,0,1604,G
1-PB2,1633,0,0,1620,0,1620,G
1-PB2,1634,0,1611,0,0,1611,T
1-PB2,1635,0,1611,0,1,1612,T
1-PB2,1636,0,1615,1,0,1616,T
1-PB2,1637,0,1616,0,1,1617,T
1-PB2,1638,0,3,1641,0,1644,G
1-PB2,1639,1,0,1657,0,1658,G
1-PB2,1640,0,1642,0,2,1644,T
1-PB2,1641,2,0,1,1663,1666,C
1-PB2,1642,1644,0,1,0,1645,A
1-PB2,1643,1698,0,1,0,1699,A
1-PB2,1644,0,1709,0,0,1709,T
1-PB2,1645,1701,0,0,0,1701,A
1-PB2,1646,0,0,0,1769,1769,C
1-PB2,1647,1,0,0,1695,1696,C
1-PB2,1648,0,1689,0,1,1690,T
1-PB2,1649,1728,0,2,0,1730,A
1-PB2,1650,1,1731,0,2,1734,T
1-PB2,1651,0,2,0,1738,1740,C
1-PB2,1652,1686,0,1,0,1687,A
1-PB2,1653,1687,0,1,0,1688,A
1-PB2,1654,0,1687,0,0,1687,T
1-PB2,1655,0,1,1625,0,1626,G
1-PB2,1656,1,2,1620,0,1623,G
1-PB2,1657,1593,0,2,0,1595,A
1-PB2,1658,0,1577,0,1,1578,T
1-PB2,1659,1,1,0,1567,1569,C
1-PB2,1660,1579,0,1,0,1580,A
1-PB2,1661,0,1583,0,2,1585,T
1-PB2,1662,1,2,0,1589,1592,C
1-PB2,1663,1589,0,3,0,1592,A
1-PB2,1664,0,0,1597,0,1597,G
1-PB2,1665,1585,0,0,0,1585,A
1-PB2,1666,1590,0,1,0,1591,A
1-PB2,1667,1588,0,0,0,1588,A
1-PB2,1668,0,1593,0,1,1594,T
1-PB2,1669,0,1591,0,0,1591,T
1-PB2,1670,1,2,1580,0,1583,G
1-PB2,1671,1,2,1581,0,1584,G
1-PB2,1672,0,2,1565,0,1567,G
1-PB2,1673,1590,0,0,0,1590,A
1-PB2,1674,1576,0,0,0,1576,A
1-PB2,1675,0,0,1568,0,1568,G
1-PB2,1676,1,0,0,1564,1565,C
1-PB2,1677,0,1564,0,0,1564,T
1-PB2,1678,0,0,1591,0,1591,G
1-PB2,1679,0,1580,0,1,1581,T
1-PB2,1680,0,0,0,1585,1585,C
1-PB2,1681,1586,0,2,0,1588,A
1-PB2,1682,1581,0,1,1,1583,A
1-PB2,1683,1587,0,0,1,1588,A
1-PB2,1684,1592,1,0,0,1593,A
1-PB2,1685,0,1597,0,0,1597,T
1-PB2,1686,0,1593,1,1,1595,T
1-PB2,1687,2,0,0,1589,1591,C
1-PB2,1688,1582,0,0,0,1582,A
1-PB2,1689,1579,1,2,0,1582,A
1-PB2,1690,0,1578,0,1,1579,T
1-PB2,1691,1,1,1579,0,1581,G
1-PB2,1692,0,0,1602,0,1602,G
1-PB2,1693,0,1627,0,2,1629,T
1-PB2,1694,1,0,0,1646,1647,C
1-PB2,1695,0,1634,0,4,1638,T
1-PB2,1696,2,2,0,1642,1646,C
1-PB2,1697,1654,0,0,0,1654,A
1-PB2,1698,0,1,1666,0,1667,G
1-PB2,1699,1660,0,0,0,1660,A
1-PB2,1700,1665,0,2,0,1667,A
1-PB2,1701,0,1630,0,0,1630,T
1-PB2,1702,2,1,0,1585,1588,C
1-PB2,1703,0,0,0,1614,1614,C
1-PB2,1704,1,1609,0,3,1613,T
1-PB2,1705,0,0,1606,0,1606,G
1-PB2,1706,0,0,0,1610,1610,C
1-PB2,1707,1609,0,0,0,1609,A
1-PB2,1708,1622,0,2,0,1624,A
1-PB2,1709,0,1607,0,0,1607,T
1-PB2,1710,0,0,1645,0,1645,G
1-PB2,1711,0,1649,0,2,1651,T
1-PB2,1712,0,1614,0,0,1614,T
1-PB2,1713,1,0,1620,0,1621,G
1-PB2,1714,0,1607,0,3,1610,T
1-PB2,1715,1617,0,2,0,1619,A
1-PB2,1716,0,0,0,1622,1622,C
1-PB2,1717,1593,0,0,0,1593,A
1-PB2,1718,1601,0,4,0,1605,A
1-PB2,1719,0,0,0,1579,1579,C
1-PB2,1720,1552,0,1,0,1553,A
1-PB2,1721,1552,0,0,0,1552,A
1-PB2,1722,1535,0,0,0,1535,A
1-PB2,1723,1533,0,2,0,1535,A
1-PB2,1724,0,1517,0,0,1517,T
1-PB2,1725,0,0,1518,0,1518,G
1-PB2,1726,0,2,1518,0,1520,G
1-PB2,1727,1516,0,0,0,1516,A
1-PB2,1728,1527,0,0,0,1527,A
1-PB2,1729,0,1529,0,0,1529,T
1-PB2,1730,1,1529,0,0,1530,T
1-PB2,1731,0,1524,0,1,1525,T
1-PB2,1732,1,1,1507,0,1509,G
1-PB2,1733,1519,0,0,0,1519,A
1-PB2,1734,1520,0,1,0,1521,A
1-PB2,1735,0,0,0,1514,1514,C
1-PB2,1736,3,1,0,1493,1497,C
1-PB2,1737,1512,0,0,0,1512,A
1-PB2,1738,0,1547,0,0,1547,T
1-PB2,1739,0,1541,1,0,1542,T
1-PB2,1740,0,1532,1,0,1533,T
1-PB2,1741,2,0,0,1542,1544,C
1-PB2,1742,1539,0,0,0,1539,A
1-PB2,1743,1549,0,0,0,1549,A
1-PB2,1744,0,1547,0,0,1547,T
1-PB2,1745,0,0,0,1558,1558,C
1-PB2,1746,0,1527,0,1,1528,T
1-PB2,1747,0,1525,0,1,1526,T
1-PB2,1748,0,1538,0,0,1538,T
1-PB2,1749,1532,0,0,1,1533,A
1-PB2,1750,1,1,1533,0,1535,G
1-PB2,1751,0,1535,0,0,1535,T
1-PB2,1752,0,0,0,1565,1565,C
1-PB2,1753,0,1,0,1554,1555,C
1-PB2,1754,4,0,0,1533,1537,C
1-PB2,1755,4,1,0,1534,1539,C
1-PB2,1756,1545,1,0,0,1546,A
1-PB2,1757,1541,0,1,0,1542,A
1-PB2,1758,0,1,1551,0,1552,G
1-PB2,1759,0,0,1546,0,1546,G
1-PB2,1760,1,0,0,1546,1547,C
1-PB2,1761,1,1,0,1534,1536,C
1-PB2,1762,1536,0,0,1,1537,A
1-PB2,1763,0,1545,0,1,1546,T
1-PB2,1764,0,1550,0,1,1551,T
1-PB2,1765,1556,0,2,1,1559,A
1-PB2,1766,0,1,1551,0,1552,G
1-PB2,1767,1530,0,1,0,1531,A
1-PB2,1768,1575,0,6,0,1581,A
1-PB2,1769,1,0,1603,0,1604,G
1-PB2,1770,0,0,0,1595,1595,C
1-PB2,1771,0,1,0,1616,1617,C
1-PB2,1772,1590,0,1,0,1591,A
1-PB2,1773,1608,0,3,0,1611,A
1-PB2,1774,0,1615,0,2,1617,T
1-PB2,1775,1618,0,0,0,1618,A
1-PB2,1776,1,1,0,1630,1632,C
1-PB2,1777,1508,0,0,0,1508,A
1-PB2,1778,0,0,1511,0,1511,G
1-PB2,1779,0,1482,0,0,1482,T
1-PB2,1780,0,4,1493,0,1497,G
1-PB2,1781,0,0,1484,0,1484,G
1-PB2,1782,0,0,1487,0,1487,G
1-PB2,1783,0,1461,0,0,1461,T
1-PB2,1784,0,1459,0,0,1459,T
1-PB2,1785,0,1483,0,0,1483,T
1-PB2,1786,0,0,1489,0,1489,G
1-PB2,1787,0,1500,0,2,1502,T
1-PB2,1788,1,0,0,1498,1499,C
1-PB2,1789,1490,0,0,0,1490,A
1-PB2,1790,0,3,1472,0,1475,G
1-PB2,1791,1486,0,0,0,1486,A
1-PB2,1792,1485,0,0,0,1485,A
1-PB2,1793,0,0,0,1478,1478,C
1-PB2,1794,1,1426,1,5,1433,T
1-PB2,1795,0,0,0,1492,1492,C
1-PB2,1796,0,1494,0,0,1494,T
1-PB2,1797,1503,0,1,0,1504,A
1-PB2,1798,0,1496,0,1,1497,T
1-PB2,1799,0,1485,0,1,1486,T
1-PB2,1800,3,2,0,1475,1480,C
1-PB2,1801,2,1,0,1470,1473,C
1-PB2,1802,1476,1,2,0,1479,A
1-PB2,1803,1476,0,1,0,1477,A
1-PB2,1804,1,1,0,1478,1480,C
1-PB2,1805,1472,0,0,0,1472,A
1-PB2,1806,1477,0,1,0,1478,A
1-PB2,1807,1475,0,1,0,1476,A
1-PB2,1808,0,1478,0,0,1478,T
1-PB2,1809,0,3,1481,0,1484,G
1-PB2,1810,1473,0,2,1,1476,A
1-PB2,1811,0,2,1472,0,1474,G
1-PB2,1812,1470,0,3,0,1473,A
1-PB2,1813,1,1,1472,0,1474,G
1-PB2,1814,1471,0,2,0,1473,A
1-PB2,1815,1,1,0,1473,1475,C
1-PB2,1816,1,0,1497,0,1498,G
1-PB2,1817,0,1498,0,0,1498,T
1-PB2,1818,1518,0,0,0,1518,A
1-PB2,1819,0,0,0,1533,1533,C
1-PB2,1820,1,1527,0,1,1529,T
1-PB2,1821,0,1526,0,0,1526,T
1-PB2,1822,1,0,1531,0,1532,G
1-PB2,1823,0,1,1531,0,1532,G
1-PB2,1824,1,1,1531,0,1533,G
1-PB2,1825,1513,0,2,0,1515,A
1-PB2,1826,1,0,0,1524,1525,C
1-PB2,1827,1527,0,0,0,1527,A
1-PB2,1828,0,1534,0,1,1535,T
1-PB2,1829,0,1541,0,0,1541,T
1-PB2,1830,0,1542,0,0,1542,T
1-PB2,1831,0,1,1530,0,1531,G
1-PB2,1832,1529,0,2,0,1531,A
1-PB2,1833,0,1,0,1531,1532,C
1-PB2,1834,1530,0,0,0,1530,A
1-PB2,1835,0,0,0,1537,1537,C
1-PB2,1836,2,1,0,1521,1524,C
1-PB2,1837,1541,0,2,0,1543,A
1-PB2,1838,1,0,0,1552,1553,C
1-PB2,1839,1,2,0,1542,1545,C
1-PB2,1840,2,0,0,1562,1564,C
1-PB2,1841,1554,0,1,0,1555,A
1-PB2,1842,0,1,1571,0,1572,G
1-PB2,1843,1560,1,0,0,1561,A
1-PB2,1844,0,1610,0,0,1610,T
1-PB2,1845,1597,0,1,0,1598,A
1-PB2,1846,1585,0,3,0,1588,A
1-PB2,1847,0,1575,0,4,1579,T
1-PB2,1848,1577,0,0,0,1577,A
1-PB2,1849,1576,0,1,0,1577,A
1-PB2,1850,1558,1,1,1,1561,A
1-PB2,1851,3,0,1574,0,1577,G
1-PB2,1852,0,0,0,1587,1587,C
1-PB2,1853,0,1511,0,2,1513,T
1-PB2,1854,0,1515,0,1,1516,T
1-PB2,1855,0,0,0,1522,1522,C
1-PB2,1856,0,1506,0,1,1507,T
1-PB2,1857,1,0,0,1538,1539,C
1-PB2,1858,2,1,0,1532,1535,C
1-PB2,1859,2,0,0,1523,1525,C
1-PB2,1860,0,0,0,1499,1499,C
1-PB2,1861,0,1549,0,2,1551,T
1-PB2,1862,0,1555,0,0,1555,T
1-PB2,1863,0,1567,0,1,1568,T
1-PB2,1864,0,1,1564,0,1565,G
1-PB2,1865,1,1,0,1564,1566,C
1-PB2,1866,1547,0,2,0,1549,A
1-PB2,1867,0,0,1549,0,1549,G
1-PB2,1868,0,0,0,1536,1536,C
1-PB2,1869,0,1534,0,0,1534,T
1-PB2,1870,0,0,1535,0,1535,G
1-PB2,1871,0,1,1,1523,1525,C
1-PB2,1872,0,1500,0,1,1501,T
1-PB2,1873,1,0,0,1517,1518,C
1-PB2,1874,1,0,1,1552,1554,C
1-PB2,1875,1549,0,1,0,1550,A
1-PB2,1876,0,1,0,1564,1565,C
1-PB2,1877,1,0,0,1557,1558,C
1-PB2,1878,1553,0,0,0,1553,A
1-PB2,1879,1551,1,0,0,1552,A
1-PB2,1880,1547,1,1,0,1549,A
1-PB2,1881,0,0,1555,0,1555,G
1-PB2,1882,0,0,0,1551,1551,C
1-PB2,1883,1537,0,1,0,1538,A
1-PB2,1884,1537,1,0,0,1538,A
1-PB2,1885,1536,0,2,0,1538,A
1-PB2,1886,0,0,1546,0,1546,G
1-PB2,1887,1,0,0,1558,1559,C
1-PB2,1888,1545,0,1,0,1546,A
1-PB2,1889,0,1,1558,0,1559,G
1-PB2,1890,1529,1,0,0,1530,A
1-PB2,1891,1561,0,1,0,1562,A
1-PB2,1892,0,1560,0,0,1560,T
1-PB2,1893,0,1,1556,0,1557,G
1-PB2,1894,0,2,1,1556,1559,C
1-PB2,1895,1535,0,0,0,1535,A
1-PB2,1896,0,1,1568,0,1569,G
1-PB2,1897,1,1559,0,2,1562,T
1-PB2,1898,1,1595,0,2,1598,T
1-PB2,1899,3,0,0,1612,1615,C
1-PB2,1900,0,1564,0,5,1569,T
1-PB2,1901,1,0,0,1598,1599,C
1-PB2,1902,0,1598,0,2,1600,T
1-PB2,1903,0,1592,0,2,1594,T
1-PB2,1904,0,0,0,1600,1600,C
1-PB2,1905,1572,0,1,0,1573,A
1-PB2,1906,2,0,1,1579,1582,C
1-PB2,1907,0,1511,0,0,1511,T
1-PB2,1908,1,2,1538,0,1541,G
1-PB2,1909,1519,0,0,0,1519,A
1-PB2,1910,2,0,0,1548,1550,C
1-PB2,1911,0,1538,0,0,1538,T
1-PB2,1912,0,0,1543,0,1543,G
1-PB2,1913,0,1528,0,3,1531,T
1-PB2,1914,0,2,1547,0,1549,G
1-PB2,1915,1545,0,5,0,1550,A
1-PB2,1916,1578,0,0,0,1578,A
1-PB2,1917,0,1558,0,0,1558,T
1-PB2,1918,0,0,1558,0,1558,G
1-PB2,1919,0,1504,0,1,1505,T
1-PB2,1920,1491,0,1,0,1492,A
1-PB2,1921,1493,0,2,0,1495,A
1-PB2,1922,1,1,1494,0,1496,G
1-PB2,1923,0,2,1499,0,1501,G
1-PB2,1924,0,1,1493,0,1494,G
1-PB2,1925,0,0,1509,0,1509,G
1-PB2,1926,1511,1,1,0,1513,A
1-PB2,1927,0,1493,0,0,1493,T
1-PB2,1928,2,0,0,1500,1502,C
1-PB2,1929,1499,1,3,0,1503,A
1-PB2,1930,0,1,1531,0,1532,G
1-PB2,1931,0,2,1527,0,1529,G
1-PB2,1932,1,1,1531,0,1533,G
1-PB2,1933,1525,0,0,0,1525,A
1-PB2,1934,0,1481,0,0,1481,T
1-PB2,1935,1,0,1484,0,1485,G
1-PB2,1936,1485,0,1,1,1487,A
1-PB2,1937,0,1,1526,0,1527,G
1-PB2,1938,1526,1,1,0,1528,A
1-PB2,1939,1488,0,0,0,1488,A
1-PB2,1940,0,1503,0,3,1506,T
1-PB2,1941,1494,0,0,0,1494,A
1-PB2,1942,0,0,0,1523,1523,C
1-PB2,1943,0,1505,0,2,1507,T
1-PB2,1944,0,1508,0,1,1509,T
1-PB2,1945,0,0,1517,0,1517,G
1-PB2,1946,0,1469,0,0,1469,T
1-PB2,1947,1473,0,0,0,1473,A
1-PB2,1948,1464,1,2,0,1467,A
1-PB2,1949,0,5,1439,0,1444,G
1-PB2,1950,0,4,1448,0,1452,G
1-PB2,1951,0,2,1422,0,1424,G
1-PB2,1952,0,0,1433,0,1433,G
1-PB2,1953,0,0,0,1448,1448,C
1-PB2,1954,1438,1,1,0,1440,A
1-PB2,1955,1467,0,0,0,1467,A
1-PB2,1956,0,1470,1,4,1475,T
1-PB2,1957,0,1464,0,3,1467,T
1-PB2,1958,0,1,0,1489,1490,C
1-PB2,1959,0,1472,0,0,1472,T
1-PB2,1960,0,0,0,1507,1507,C
1-PB2,1961,0,0,0,1509,1509,C
1-PB2,1962,0,1500,0,0,1500,T
1-PB2,1963,0,0,1548,0,1548,G
1-PB2,1964,0,1510,0,0,1510,T
1-PB2,1965,1523,0,0,0,1523,A
1-PB2,1966,0,1532,0,0,1532,T
1-PB2,1967,0,1491,0,3,1494,T
1-PB2,1968,2,2,0,1510,1514,C
1-PB2,1969,1510,0,3,0,1513,A
1-PB2,1970,1523,0,2,0,1525,A
1-PB2,1971,1,1,0,1528,1530,C
1-PB2,1972,0,1496,0,7,1503,T
1-PB2,1973,1504,0,1,0,1505,A
1-PB2,1974,0,0,0,1546,1546,C
1-PB2,1975,1542,1,2,0,1545,A
1-PB2,1976,1536,1,0,0,1537,A
1-PB2,1977,0,0,0,1536,1536,C
1-PB2,1978,1521,0,0,0,1521,A
1-PB2,1979,1509,0,1,0,1510,A
1-PB2,1980,0,3,1511,0,1514,G
1-PB2,1981,1508,0,3,0,1511,A
1-PB2,1982,0,2,0,1517,1519,C
1-PB2,1983,2,1,0,1461,1464,C
1-PB2,1984,1474,0,4,0,1478,A
1-PB2,1985,0,1,0,1521,1522,C
1-PB2,1986,0,1513,0,4,1517,T
1-PB2,1987,1518,0,0,0,1518,A
1-PB2,1988,1512,0,0,0,1512,A
1-PB2,1989,1513,0,0,0,1513,A
1-PB2,1990,1508,0,0,0,1508,A
1-PB2,1991,0,0,1527,0,1527,G
1-PB2,1992,1507,1,2,0,1510,A
1-PB2,1993,0,0,0,1518,1518,C
1-PB2,1994,0,1478,0,0,1478,T
1-PB2,1995,1479,1,0,0,1480,A
1-PB2,1996,1478,0,2,1,1481,A
1-PB2,1997,0,0,0,1485,1485,C
1-PB2,1998,1484,0,0,0,1484,A
1-PB2,1999,1479,0,0,0,1479,A
1-PB2,2000,0,1450,0,0,1450,T
1-PB2,2001,0,1449,0,1,1450,T
1-PB2,2002,7,0,0,1463,1470,C
1-PB2,2003,0,1447,0,1,1448,T
1-PB2,2004,1,0,0,1466,1467,C
1-PB2,2005,1,0,1468,0,1469,G
1-PB2,2006,0,1,1464,0,1465,G
1-PB2,2007,1470,0,0,0,1470,A
1-PB2,2008,1465,0,0,0,1465,A
1-PB2,2009,1466,0,1,0,1467,A
1-PB2,2010,1465,1,1,0,1467,A
1-PB2,2011,1,0,1466,0,1467,G
1-PB2,2012,1459,0,3,0,1462,A
1-PB2,2013,1,1468,0,0,1469,T
1-PB2,2014,0,0,1474,0,1474,G
1-PB2,2015,0,1,0,1454,1455,C
1-PB2,2016,0,1,0,1471,1472,C
1-PB2,2017,2,1,1465,0,1468,G
1-PB2,2018,0,0,1455,0,1455,G
1-PB2,2019,0,1,0,1465,1466,C
1-PB2,2020,1456,0,0,0,1456,A
1-PB2,2021,0,0,0,1500,1500,C
1-PB2,2022,0,1482,0,3,1485,T
1-PB2,2023,0,1486,0,2,1488,T
1-PB2,2024,0,1497,0,0,1497,T
1-PB2,2025,1498,0,0,0,1498,A
1-PB2,2026,1501,0,0,1,1502,A
1-PB2,2027,0,1501,0,1,1502,T
1-PB2,2028,0,1496,0,0,1496,T
1-PB2,2029,0,0,1493,0,1493,G
1-PB2,2030,1469,1,0,0,1470,A
1-PB2,2031,1468,0,2,0,1470,A
1-PB2,2032,0,1,1462,0,1463,G
1-PB2,2033,1462,1,0,0,1463,A
1-PB2,2034,0,0,0,1480,1480,C
1-PB2,2035,1,0,0,1474,1475,C
1-PB2,2036,0,1,0,1480,1481,C
1-PB2,2037,1479,1,1,0,1481,A
1-PB2,2038,0,2,1512,0,1514,G
1-PB2,2039,1509,0,0,0,1509,A
1-PB2,2040,0,1509,0,1,1510,T
1-PB2,2041,0,2,1505,0,1507,G
1-PB2,2042,1476,0,0,0,1476,A
1-PB2,2043,1475,0,1,0,1476,A
1-PB2,2044,1478,0,1,0,1479,A
1-PB2,2045,0,0,1474,0,1474,G
1-PB2,2046,0,0,0,1478,1478,C
1-PB2,2047,1442,0,0,0,1442,A
1-PB2,2048,0,0,0,1465,1465,C
1-PB2,2049,1466,0,2,0,1468,A
1-PB2,2050,0,1443,0,0,1443,T
1-PB2,2051,0,0,0,1480,1480,C
1-PB2,2052,0,3,0,1476,1479,C
1-PB2,2053,0,0,1493,0,1493,G
1-PB2,2054,1,1,1494,0,1496,G
1-PB2,2055,1478,0,0,0,1478,A
1-PB2,2056,0,0,1503,0,1503,G
1-PB2,2057,0,1463,0,1,1464,T
1-PB2,2058,0,0,1464,0,1464,G
1-PB2,2059,0,1,1470,0,1471,G
1-PB2,2060,1446,0,4,0,1450,A
1-PB2,2061,1,0,1452,0,1453,G
1-PB2,2062,0,1423,0,0,1423,T
1-PB2,2063,2,0,0,1417,1419,C
1-PB2,2064,0,0,0,1421,1421,C
1-PB2,2065,1,0,1424,0,1425,G
1-PB2,2066,0,2,0,1414,1416,C
1-PB2,2067,4,1,0,1412,1417,C
1-PB2,2068,0,0,1439,0,1439,G
1-PB2,2069,0,1411,0,3,1414,T
1-PB2,2070,0,0,0,1444,1444,C
1-PB2,2071,0,1429,1,1,1431,T
1-PB2,2072,0,1438,0,2,1440,T
1-PB2,2073,0,1,1437,0,1438,G
1-PB2,2074,1432,0,1,0,1433,A
1-PB2,2075,0,1,1438,0,1439,G
1-PB2,2076,1428,0,0,0,1428,A
1-PB2,2077,0,1,1373,0,1374,G
1-PB2,2078,1,0,1378,0,1379,G
1-PB2,2079,0,0,1374,0,1374,G
1-PB2,2080,0,1349,0,7,1356,T
1-PB2,2081,1,1361,0,0,1362,T
1-PB2,2082,0,1382,0,5,1387,T
1-PB2,2083,0,0,0,1387,1387,C
1-PB2,2084,0,1391,1,0,1392,T
1-PB2,2085,1,0,0,1433,1434,C
1-PB2,2086,1426,0,1,0,1427,A
1-PB2,2087,0,1407,0,2,1409,T
1-PB2,2088,0,1406,0,2,1408,T
1-PB2,2089,1404,0,1,0,1405,A
1-PB2,2090,0,1403,0,1,1404,T
1-PB2,2091,1370,0,0,0,1370,A
1-PB2,2092,0,0,1374,0,1374,G
1-PB2,2093,0,2,1389,0,1391,G
1-PB2,2094,0,1305,0,1,1306,T
1-PB2,2095,1312,0,1,0,1313,A
1-PB2,2096,1297,0,1,0,1298,A
1-PB2,2097,1,2,1302,0,1305,G
1-PB2,2098,0,0,1302,0,1302,G
1-PB2,2099,1298,0,1,0,1299,A
1-PB2,2100,1289,0,2,1,1292,A
1-PB2,2101,0,0,1285,0,1285,G
1-PB2,2102,1273,0,1,0,1274,A
1-PB2,2103,0,0,0,1280,1280,C
1-PB2,2104,1257,0,1,0,1258,A
1-PB2,2105,1,1,1260,0,1262,G
1-PB2,2106,1258,0,0,0,1258,A
1-PB2,2107,1240,0,2,0,1242,A
1-PB2,2108,0,2,1234,0,1236,G
1-PB2,2109,0,0,1206,0,1206,G
1-PB2,2110,0,1242,0,0,1242,T
1-PB2,2111,1258,0,0,0,1258,A
1-PB2,2112,0,0,0,1251,1251,C
1-PB2,2113,1,4,1239,0,1244,G
1-PB2,2114,1,5,1257,0,1263,G
1-PB2,2115,1255,0,1,0,1256,A
1-PB2,2116,0,1,0,1239,1240,C
1-PB2,2117,1,1,0,1239,1241,C
1-PB2,2118,1197,0,4,0,1201,A
1-PB2,2119,0,0,1247,0,1247,G
1-PB2,2120,1,0,0,1245,1246,C
1-PB2,2121,1245,0,0,0,1245,A
1-PB2,2122,0,1243,0,0,1243,T
1-PB2,2123,0,1172,0,0,1172,T
1-PB2,2124,1172,2,2,0,1176,A
1-PB2,2125,1172,0,2,0,1174,A
1-PB2,2126,0,0,1174,0,1174,G
1-PB2,2127,0,0,0,1172,1172,C
1-PB2,2128,1106,0,1,0,1107,A
1-PB2,2129,0,1128,0,1,1129,T
1-PB2,2130,1,0,0,1123,1124,C
1-PB2,2131,1140,0,0,0,1140,A
1-PB2,2132,1136,0,0,0,1136,A
1-PB2,2133,0,1129,0,1,1130,T
1-PB2,2134,0,4,1133,0,1137,G
1-PB2,2135,1122,0,0,0,1122,A
1-PB2,2136,1120,0,0,0,1120,A
1-PB2,2137,0,0,0,1126,1126,C
1-PB2,2138,0,1057,0,0,1057,T
1-PB2,2139,0,1,1089,0,1090,G
1-PB2,2140,1087,0,1,0,1088,A
1-PB2,2141,1,1,1078,0,1080,G
1-PB2,2142,0,1077,0,1,1078,T
1-PB2,2143,1073,0,0,0,1073,A
1-PB2,2144,1076,0,1,0,1077,A
1-PB2,2145,0,0,0,1077,1077,C
1-PB2,2146,1,0,0,1051,1052,C
1-PB2,2147,0,1040,0,0,1040,T
1-PB2,2148,1,997,0,0,998,T
1-PB2,2149,0,0,996,0,996,G
1-PB2,2150,0,1,0,992,993,C
1-PB2,2151,999,0,0,0,999,A
1-PB2,2152,998,0,0,0,998,A
1-PB2,2153,978,0,0,0,978,A
1-PB2,2154,954,0,0,0,954,A
1-PB2,2155,0,1,958,0,959,G
1-PB2,2156,0,2,956,0,958,G
1-PB2,2157,1,0,958,0,959,G
1-PB2,2158,0,1,959,0,960,G
1-PB2,2159,962,0,1,0,963,A
1-PB2,2160,964,0,0,0,964,A
1-PB2,2161,962,0,1,0,963,A
1-PB2,2162,973,0,0,0,973,A
1-PB2,2163,1,2,975,0,978,G
1-PB2,2164,0,0,974,0,974,G
1-PB2,2165,0,0,0,962,962,C
1-PB2,2166,0,955,0,2,957,T
1-PB2,2167,967,0,0,0,967,A
1-PB2,2168,965,0,0,0,965,A
1-PB2,2169,0,954,0,0,954,T
1-PB2,2170,0,0,979,0,979,G
1-PB2,2171,0,948,0,1,949,T
1-PB2,2172,1,0,936,0,937,G
1-PB2,2173,1,0,0,929,930,C
1-PB2,2174,0,934,0,0,934,T
1-PB2,2175,943,0,0,0,943,A
1-PB2,2176,937,0,1,0,938,A
1-PB2,2177,0,931,0,0,931,T
1-PB2,2178,3,0,0,924,927,C
1-PB2,2179,0,0,894,0,894,G
1-PB2,2180,0,0,900,0,900,G
1-PB2,2181,0,0,904,0,904,G
1-PB2,2182,1,0,0,894,895,C
1-PB2,2183,901,0,0,0,901,A
1-PB2,2184,888,0,3,0,891,A
1-PB2,2185,0,0,894,0,894,G
1-PB2,2186,0,2,894,0,896,G
1-PB2,2187,891,0,1,0,892,A
1-PB2,2188,0,0,893,0,893,G
1-PB2,2189,847,0,3,0,850,A
1-PB2,2190,0,1,0,854,855,C
1-PB2,2191,0,0,861,0,861,G
1-PB2,2192,0,850,0,2,852,T
1-PB2,2193,0,1,856,0,857,G
1-PB2,2194,1,0,868,0,869,G
1-PB2,2195,0,840,0,0,840,T
1-PB2,2196,0,0,843,0,843,G
1-PB2,2197,0,817,0,0,817,T
1-PB2,2198,0,810,0,0,810,T
1-PB2,2199,0,0,804,0,804,G
1-PB2,2200,0,0,808,0,808,G
1-PB2,2201,0,798,0,1,799,T
1-PB2,2202,786,0,0,0,786,A
1-PB2,2203,760,0,0,0,760,A
1-PB2,2204,0,730,0,0,730,T
1-PB2,2205,0,0,720,0,720,G
1-PB2,2206,713,0,0,0,713,A
1-PB2,2207,710,0,2,0,712,A
1-PB2,2208,703,0,1,0,704,A
1-PB2,2209,1,0,0,703,704,C
1-PB2,2210,0,0,705,0,705,G
1-PB2,2211,704,0,1,0,705,A
1-PB2,2212,705,0,0,0,705,A
1-PB2,2213,702,0,1,0,703,A
1-PB2,2214,695,0,3,0,698,A
1-PB2,2215,0,0,0,701,701,C
1-PB2,2216,1,0,698,0,699,G
1-PB2,2217,0,1,698,0,699,G
1-PB2,2218,0,0,696,0,696,G
1-PB2,2219,700,0,0,0,700,A
1-PB2,2220,0,0,0,707,707,C
1-PB2,2221,0,692,0,0,692,T
1-PB2,2222,1,0,0,717,718,C
1-PB2,2223,0,723,0,0,723,T
1-PB2,2224,718,1,1,0,720,A
1-PB2,2225,0,0,720,0,720,G
1-PB2,2226,0,1,0,707,708,C
1-PB2,2227,706,0,1,0,707,A
1-PB2,2228,0,692,0,1,693,T
1-PB2,2229,670,0,0,0,670,A
1-PB2,2230,0,0,0,682,682,C
1-PB2,2231,0,585,0,2,587,T
1-PB2,2232,0,586,0,0,586,T
1-PB2,2233,575,0,0,0,575,A
1-PB2,2234,0,0,0,570,570,C
1-PB2,2235,0,564,0,1,565,T
1-PB2,2236,0,1,565,0,566,G
1-PB2,2237,545,0,2,0,547,A
1-PB2,2238,0,0,0,546,546,C
1-PB2,2239,496,0,0,0,496,A
1-PB2,2240,0,0,498,0,498,G
1-PB2,2241,0,1,0,491,492,C
1-PB2,2242,0,0,0,497,497,C
1-PB2,2243,493,0,0,0,493,A
1-PB2,2244,0,1,488,0,489,G
1-PB2,2245,488,0,0,0,488,A
1-PB2,2246,0,0,0,487,487,C
1-PB2,2247,441,0,1,0,442,A
1-PB2,2248,0,0,445,0,445,G
1-PB2,2249,0,0,0,409,409,C
1-PB2,2250,0,0,410,0,410,G
1-PB2,2251,405,0,0,0,405,A
1-PB2,2252,0,0,0,402,402,C
1-PB2,2253,0,0,0,406,406,C
1-PB2,2254,403,0,0,0,403,A
1-PB2,2255,405,0,1,0,406,A
1-PB2,2256,408,0,0,0,408,A
1-PB2,2257,406,0,0,0,406,A
1-PB2,2258,0,0,405,0,405,G
1-PB2,2259,389,0,0,0,389,A
1-PB2,2260,389,0,0,0,389,A
1-PB2,2261,0,387,0,0,387,T
1-PB2,2262,0,387,0,0,387,T
1-PB2,2263,0,0,0,390,390,C
1-PB2,2264,0,0,384,0,384,G
1-PB2,2265,0,0,385,0,385,G
1-PB2,2266,384,0,0,0,384,A
1-PB2,2267,0,372,0,0,372,T
1-PB2,2268,0,0,372,0,372,G
1-PB2,2269,0,0,368,0,368,G
1-PB2,2270,0,0,0,368,368,C
1-PB2,2271,0,0,0,365,365,C
1-PB2,2272,363,0,2,0,365,A
1-PB2,2273,0,366,0,0,366,T
1-PB2,2274,0,0,0,363,363,C
1-PB2,2275,363,0,0,0,363,A
1-PB2,2276,365,0,0,0,365,A
1-PB2,2277,1,354,0,0,355,T
1-PB2,2278,0,319,0,0,319,T
1-PB2,2279,308,0,0,0,308,A
1-PB2,2280,305,0,0,0,305,A
2-PB1,1,259,0,0,0,259,A
2-PB1,2,0,260,0,0,260,T
2-PB1,3,0,0,270,0,270,G
2-PB1,4,0,0,286,0,286,G
2-PB1,5,316,0,0,0,316,A
2-PB1,6,0,348,0,2,350,T
2-PB1,7,1,0,351,0,352,G
2-PB1,8,0,352,0,1,353,T
2-PB1,9,0,0,0,380,380,C
2-PB1,10,384,0,0,0,384,A
2-PB1,11,406,0,1,0,407,A
2-PB1,12,0,411,0,0,411,T
2-PB1,13,1,0,0,412,413,C
2-PB1,14,0,1,0,439,440,C
2-PB1,15,1,0,447,0,448,G
2-PB1,16,501,0,1,0,502,A
2-PB1,17,0,0,0,509,509,C
2-PB1,18,0,502,0,2,504,T
2-PB1,19,0,0,0,569,569,C
2-PB1,20,0,568,0,1,569,T
2-PB1,21,575,0,0,0,575,A
2-PB1,22,0,0,0,578,578,C
2-PB1,23,0,582,0,0,582,T
2-PB1,24,0,1,633,0,634,G
2-PB1,25,0,649,0,0,649,T
2-PB1,26,0,648,0,1,649,T
2-PB1,27,1,0,0,645,646,C
2-PB1,28,0,0,0,647,647,C
2-PB1,29,0,769,0,0,769,T
2-PB1,30,781,0,0,0,781,A
2-PB1,31,778,0,1,0,779,A
2-PB1,32,783,0,0,0,783,A
2-PB1,33,1,0,789,0,790,G
2-PB1,34,0,0,797,0,797,G
2-PB1,35,0,793,0,0,793,T
2-PB1,36,0,804,0,3,807,T
2-PB1,37,0,0,0,796,796,C
2-PB1,38,0,0,0,801,801,C
2-PB1,39,804,0,0,0,804,A
2-PB1,40,0,0,809,0,809,G
2-PB1,41,0,0,0,808,808,C
2-PB1,42,0,0,806,0,806,G
2-PB1,43,0,0,0,816,816,C
2-PB1,44,817,0,0,0,817,A
2-PB1,45,821,0,2,0,823,A
2-PB1,46,820,0,0,0,820,A
2-PB1,47,824,0,0,0,824,A
2-PB1,48,0,836,0,1,837,T
2-PB1,49,0,0,885,0,885,G
2-PB1,50,0,0,0,885,885,C
2-PB1,51,2,0,0,891,893,C
2-PB1,52,898,0,0,0,898,A
2-PB1,53,0,897,0,0,897,T
2-PB1,54,958,0,2,0,960,A
2-PB1,55,961,1,2,0,964,A
2-PB1,56,0,0,1004,0,1004,G
2-PB1,57,0,0,0,1006,1006,C
2-PB1,58,998,0,0,0,998,A
2-PB1,59,0,1,0,1037,1038,C
2-PB1,60,1033,0,0,0,1033,A
2-PB1,61,1089,0,2,0,1091,A
2-PB1,62,0,0,0,1104,1104,C
2-PB1,63,1098,0,0,0,1098,A
2-PB1,64,0,1112,0,1,1113,T
2-PB1,65,0,1106,0,6,1112,T
2-PB1,66,0,1,0,1384,1385,C
2-PB1,67,0,2,0,1395,1397,C
2-PB1,68,0,0,0,1414,1414,C
2-PB1,69,0,1420,0,8,1428,T
2-PB1,70,0,1421,0,3,1424,T
2-PB1,71,1542,0,0,0,1542,A
2-PB1,72,0,1549,0,1,1550,T
2-PB1,73,1563,0,1,0,1564,A
2-PB1,74,1,0,0,1580,1581,C
2-PB1,75,1,1550,0,3,1554,T
2-PB1,76,0,0,1576,0,1576,G
2-PB1,77,0,2,1562,0,1564,G
2-PB1,78,1554,0,3,0,1557,A
2-PB1,79,0,2,1575,0,1577,G
2-PB1,80,1569,0,2,0,1571,A
2-PB1,81,1,1580,0,1,1582,T
2-PB1,82,0,0,0,1669,1669,C
2-PB1,83,0,1,0,1679,1680,C
2-PB1,84,0,1688,0,1,1689,T
2-PB1,85,0,0,0,1788,1788,C
2-PB1,86,0,0,0,1790,1790,C
2-PB1,87,1812,0,1,0,1813,A
2-PB1,88,0,1811,0,1,1812,T
2-PB1,89,1810,1,1,0,1812,A
2-PB1,90,0,1,0,1817,1818,C
2-PB1,91,1788,0,5,0,1793,A
2-PB1,92,0,0,1861,0,1861,G
2-PB1,93,2,0,0,1872,1874,C
2-PB1,94,2,2,0,1874,1878,C
2-PB1,95,1878,0,0,0,1878,A
2-PB1,96,0,1881,0,1,1882,T
2-PB1,97,1,4,1883,0,1888,G
2-PB1,98,0,2,1967,0,1969,G
2-PB1,99,1992,0,2,0,1994,A
2-PB1,100,1999,0,5,0,2004,A
2-PB1,101,0,0,0,2001,2001,C
2-PB1,102,1976,0,5,1,1982,A
2-PB1,103,1,2,2016,0,2019,G
2-PB1,104,0,0,2044,0,2044,G
2-PB1,105,2038,1,4,0,2043,A
2-PB1,106,2061,0,4,0,2065,A
2-PB1,107,1,0,0,2079,2080,C
2-PB1,108,2063,0,1,0,2064,A
2-PB1,109,0,1,2348,1,2350,G
2-PB1,110,1,6,2322,0,2329,G
2-PB1,111,1,0,2391,0,2392,G
2-PB1,112,0,2366,0,5,2371,T
2-PB1,113,2389,0,3,0,2392,A
2-PB1,114,0,1,0,2425,2426,C
2-PB1,115,2512,0,3,0,2515,A
2-PB1,116,0,0,0,2621,2621,C
2-PB1,117,1,0,0,2598,2599,C
2-PB1,118,2513,0,3,0,2516,A
2-PB1,119,1,2500,0,3,2504,T
2-PB1,120,0,1,2508,0,2509,G
2-PB1,121,0,2,2506,0,2508,G
2-PB1,122,2514,0,7,0,2521,A
2-PB1,123,0,0,0,2522,2522,C
2-PB1,124,2466,0,3,0,2469,A
2-PB1,125,1,0,0,2537,2538,C
2-PB1,126,2533,0,2,1,2536,A
2-PB1,127,0,0,2603,0,2603,G
2-PB1,128,0,2596,0,7,2603,T
2-PB1,129,4,0,0,2675,2679,C
2-PB1,130,2681,0,2,0,2683,A
2-PB1,131,2715,1,1,0,2717,A
2-PB1,132,0,0,0,2715,2715,C
2-PB1,133,2708,0,2,0,2710,A
2-PB1,134,0,4,2726,0,2730,G
2-PB1,135,2697,1,8,0,2706,A
2-PB1,136,2702,1,7,0,2710,A
2-PB1,137,2,0,0,2712,2714,C
2-PB1,138,2660,0,6,1,2667,A
2-PB1,139,0,1,0,2672,2673,C
2-PB1,140,2647,0,2,0,2649,A
2-PB1,141,0,2627,0,6,2633,T
2-PB1,142,3,0,0,2809,2812,C
2-PB1,143,2812,0,1,0,2813,A
2-PB1,144,2861,1,0,0,2862,A
2-PB1,145,0,2909,1,0,2910,T
2-PB1,146,3005,0,1,0,3006,A
2-PB1,147,0,3009,0,0,3009,T
2-PB1,148,0,2979,0,1,2980,T
2-PB1,149,2,1,0,2977,2980,C
2-PB1,150,2947,0,4,0,2951,A
2-PB1,151,0,8,2943,0,2951,G
2-PB1,152,2922,0,1,0,2923,A
2-PB1,153,0,2,2937,0,2939,G
2-PB1,154,2870,0,2,0,2872,A
2-PB1,155,1,2,2824,0,2827,G
2-PB1,156,0,4,2813,0,2817,G
2-PB1,157,2,4,2924,0,2930,G
2-PB1,158,0,2,2923,0,2925,G
2-PB1,159,0,2,2955,0,2957,G
2-PB1,160,2952,0,3,0,2955,A
2-PB1,161,2953,0,4,0,2957,A
2-PB1,162,0,1,2980,1,2982,G
2-PB1,163,0,2919,0,3,2922,T
2-PB1,164,0,4,2940,0,2944,G
2-PB1,165,1,2,2924,0,2927,G
2-PB1,166,2928,0,4,0,2932,A
2-PB1,167,0,2,0,2952,2954,C
2-PB1,168,2,4,2948,0,2954,G
2-PB1,169,2970,1,4,0,2975,A
2-PB1,170,0,0,0,2998,2998,C
2-PB1,171,2988,0,4,0,2992,A
2-PB1,172,2995,0,1,0,2996,A
2-PB1,173,3008,0,3,0,3011,A
2-PB1,174,1,3063,0,1,3065,T
2-PB1,175,3066,0,2,0,3068,A
2-PB1,176,0,0,0,3074,3074,C
2-PB1,177,3048,0,5,0,3053,A
2-PB1,178,0,2,3049,0,3051,G
2-PB1,179,3035,0,3,0,3038,A
2-PB1,180,3067,0,1,0,3068,A
2-PB1,181,3059,0,1,0,3060,A
2-PB1,182,0,0,0,3061,3061,C
2-PB1,183,0,3024,0,1,3025,T
2-PB1,184,1,4,3025,0,3030,G
2-PB1,185,0,6,2984,0,2990,G
2-PB1,186,1,3,2962,0,2966,G
2-PB1,187,0,0,2965,1,2966,G
2-PB1,188,1,1,0,3006,3008,C
2-PB1,189,3008,1,2,0,3011,A
2-PB1,190,0,0,0,3140,3140,C
2-PB1,191,2,3,0,3119,3124,C
2-PB1,192,10,1,0,3123,3134,C
2-PB1,193,3,2,0,3141,3146,C
2-PB1,194,3137,0,4,0,3141,A
2-PB1,195,3164,2,1,0,3167,A
2-PB1,196,1,1,0,3165,3167,C
2-PB1,197,0,3137,0,6,3143,T
2-PB1,198,1,0,0,3165,3166,C
2-PB1,199,3059,0,2,0,3061,A
2-PB1,200,3089,0,3,0,3092,A
2-PB1,201,1,1,0,3109,3111,C
2-PB1,202,3,0,0,3088,3091,C
2-PB1,203,5,1,0,3095,3101,C
2-PB1,204,3089,0,0,1,3090,A
2-PB1,205,3106,0,4,0,3110,A
2-PB1,206,0,3124,0,0,3124,T
2-PB1,207,1,3112,0,6,3119,T
2-PB1,208,0,1,3120,0,3121,G
2-PB1,209,3087,0,5,0,3092,A
2-PB1,210,1,3080,0,6,3087,T
2-PB1,211,3,0,3081,0,3084,G
2-PB1,212,1,5,3108,0,3114,G
2-PB1,213,3158,0,4,0,3162,A
2-PB1,214,0,0,0,3182,3182,C
2-PB1,215,3,1,1,3163,3168,C
2-PB1,216,3164,0,3,0,3167,A
2-PB1,217,0,1,0,3254,3255,C
2-PB1,218,1,3253,0,1,3255,T
2-PB1,219,3300,1,3,0,3304,A
2-PB1,220,1,1,0,3350,3352,C
2-PB1,221,2,0,0,3335,3337,C
2-PB1,222,0,3281,0,4,3285,T
2-PB1,223,0,1,3286,0,3287,G
2-PB1,224,3270,2,3,0,3275,A
2-PB1,225,0,4,3294,0,3298,G
2-PB1,226,0,5,3275,0,3280,G
2-PB1,227,3235,0,4,0,3239,A
2-PB1,228,0,3218,0,2,3220,T
2-PB1,229,3177,0,1,0,3178,A
2-PB1,230,3167,1,4,0,3172,A
2-PB1,231,0,3183,0,1,3184,T
2-PB1,232,0,3,3182,0,3185,G
2-PB1,233,3174,0,4,0,3178,A
2-PB1,234,3144,0,5,0,3149,A
2-PB1,235,1,2,0,3171,3174,C
2-PB1,236,4,0,0,3123,3127,C
2-PB1,237,3146,0,1,0,3147,A
2-PB1,238,3140,0,3,0,3143,A
2-PB1,239,1,0,3179,0,3180,G
2-PB1,240,0,3140,0,1,3141,T
2-PB1,241,2,1,3153,0,3156,G
2-PB1,242,0,1,3200,0,3201,G
2-PB1,243,3191,0,1,0,3192,A
2-PB1,244,1,3179,0,4,3184,T
2-PB1,245,3202,0,2,0,3204,A
2-PB1,246,0,3249,0,2,3251,T
2-PB1,247,3,0,3255,0,3258,G
2-PB1,248,2,1,0,3257,3260,C
2-PB1,249,3259,0,2,1,3262,A
2-PB1,250,0,1,0,3350,3351,C
2-PB1,251,3281,0,0,0,3281,A
2-PB1,252,3338,0,4,0,3342,A
2-PB1,253,3329,0,5,0,3334,A
2-PB1,254,1,1,0,3348,3350,C
2-PB1,255,3255,1,5,0,3261,A
2-PB1,256,1,0,3299,0,3300,G
2-PB1,257,3260,1,7,1,3269,A
2-PB1,258,0,1,0,3286,3287,C
2-PB1,259,1,3187,0,6,3194,T
2-PB1,260,0,1,3264,0,3265,G
2-PB1,261,0,3184,0,2,3186,T
2-PB1,262,0,0,3374,0,3374,G
2-PB1,263,1,3356,0,5,3362,T
2-PB1,264,2,0,0,3373,3375,C
2-PB1,265,1,0,0,3363,3364,C
2-PB1,266,0,3359,0,1,3360,T
2-PB1,267,1,1,3350,0,3352,G
2-PB1,268,1,3,3346,0,3350,G
2-PB1,269,3277,0,5,0,3282,A
2-PB1,270,0,1,3350,0,3351,G
2-PB1,271,1,0,3237,0,3238,G
2-PB1,272,2,0,0,3251,3253,C
2-PB1,273,0,3238,0,4,3242,T
2-PB1,274,3227,0,6,0,3233,A
2-PB1,275,2,3232,0,3,3237,T
2-PB1,276,0,3,3224,1,3228,G
2-PB1,277,3,1,3205,0,3209,G
2-PB1,278,1,0,0,3204,3205,C
2-PB1,279,5,0,0,3170,3175,C
2-PB1,280,0,3131,0,3,3134,T
2-PB1,281,0,3314,0,2,3316,T
2-PB1,282,1,1,0,3319,3321,C
2-PB1,283,0,1,0,3316,3317,C
2-PB1,284,0,3330,0,6,3336,T
2-PB1,285,0,3339,0,1,3340,T
2-PB1,286,0,3,3344,0,3347,G
2-PB1,287,3338,0,1,0,3339,A
2-PB1,288,3351,0,3,0,3354,A
2-PB1,289,0,2,3349,0,3351,G
2-PB1,290,3201,0,1,0,3202,A
2-PB1,291,3235,0,1,0,3236,A
2-PB1,292,0,3216,0,2,3218,T
2-PB1,293,4,1,0,3227,3232,C
2-PB1,294,6,1,0,3207,3214,C
2-PB1,295,3,1,0,3202,3206,C
2-PB1,296,3189,0,6,0,3195,A
2-PB1,297,1,1,0,3220,3222,C
2-PB1,298,4,0,0,3229,3233,C
2-PB1,299,2,0,0,3229,3231,C
2-PB1,300,3194,0,2,1,3197,A
2-PB1,301,0,3,3221,1,3225,G
2-PB1,302,10,2,3210,0,3222,G
2-PB1,303,0,3174,0,1,3175,T
2-PB1,304,3242,0,0,0,3242,A
2-PB1,305,0,3209,0,0,3209,T
2-PB1,306,2,0,0,3230,3232,C
2-PB1,307,0,3228,0,4,3232,T
2-PB1,308,0,3234,1,2,3237,T
2-PB1,309,0,3221,0,0,3221,T
2-PB1,310,1,3,3214,0,3218,G
2-PB1,311,3168,0,5,0,3173,A
2-PB1,312,1,2,3184,0,3187,G
2-PB1,313,3115,0,5,0,3120,A
2-PB1,314,3138,0,0,0,3138,A
2-PB1,315,2,0,0,3160,3162,C
2-PB1,316,0,3138,0,6,3144,T
2-PB1,317,3,3,0,3148,3154,C
2-PB1,318,3140,0,2,0,3142,A
2-PB1,319,2,3153,0,1,3156,T
2-PB1,320,1,4,3157,0,3162,G
2-PB1,321,1,1,0,3200,3202,C
2-PB1,322,3,0,0,3199,3202,C
2-PB1,323,0,3185,0,3,3188,T
2-PB1,324,2,3152,0,3,3157,T
2-PB1,325,0,3,3157,0,3160,G
2-PB1,326,3165,0,4,1,3170,A
2-PB1,327,3175,0,4,0,3179,A
2-PB1,328,3173,0,4,0,3177,A
2-PB1,329,0,0,0,3217,3217,C
2-PB1,330,3144,0,2,0,3146,A
2-PB1,331,3162,0,3,0,3165,A
2-PB1,332,1,3167,0,4,3172,T
2-PB1,333,4,1,3164,0,3169,G
2-PB1,334,3,3,3146,0,3152,G
2-PB1,335,3116,0,7,0,3123,A
2-PB1,336,3106,0,8,0,3114,A
2-PB1,337,0,0,3111,0,3111,G
2-PB1,338,2,1,0,3090,3093,C
2-PB1,339,0,0,0,3093,3093,C
2-PB1,340,1,1,3116,0,3118,G
2-PB1,341,0,3086,0,2,3088,T
2-PB1,342,1,3087,0,1,3089,T
2-PB1,343,3,0,0,3133,3136,C
2-PB1,344,3127,1,5,0,3133,A
2-PB1,345,3159,0,6,0,3165,A
2-PB1,346,1,3,0,3167,3171,C
2-PB1,347,3173,0,6,0,3179,A
2-PB1,348,0,1,3194,0,3195,G
2-PB1,349,3128,2,5,0,3135,A
2-PB1,350,0,2,0,3165,3167,C
2-PB1,351,3161,0,2,1,3164,A
2-PB1,352,3169,0,3,0,3172,A
2-PB1,353,1,4,3182,0,3187,G
2-PB1,354,3,2,3151,0,3156,G
2-PB1,355,1,2,3148,0,3151,G
2-PB1,356,0,3034,2,3,3039,T
2-PB1,357,2,2,3058,0,3062,G
2-PB1,358,2,4,3062,0,3068,G
2-PB1,359,3072,0,7,0,3079,A
2-PB1,360,1,1,0,3097,3099,C
2-PB1,361,3052,0,1,0,3053,A
2-PB1,362,3086,0,1,1,3088,A
2-PB1,363,3075,0,1,2,3078,A
2-PB1,364,0,1,0,3069,3070,C
2-PB1,365,0,3056,0,10,3066,T
2-PB1,366,3069,0,1,0,3070,A
2-PB1,367,3069,1,0,1,3071,A
2-PB1,368,1,0,0,3100,3101,C
2-PB1,369,0,2,0,3091,3093,C
2-PB1,370,4,1,0,3092,3097,C
2-PB1,371,3013,0,2,0,3015,A
2-PB1,372,2999,0,1,0,3000,A
2-PB1,373,0,2,3005,0,3007,G
2-PB1,374,0,0,3011,0,3011,G
2-PB1,375,0,2956,0,3,2959,T
2-PB1,376,4,0,0,2989,2993,C
2-PB1,377,1,0,2974,0,2975,G
2-PB1,378,1,3,0,2983,2987,C
2-PB1,379,3,2,0,2997,3002,C
2-PB1,380,2999,0,5,0,3004,A
2-PB1,381,2,6,3034,0,3042,G
2-PB1,382,3083,0,7,0,3090,A
2-PB1,383,1,0,0,3115,3116,C
2-PB1,384,0,3090,0,2,3092,T
2-PB1,385,0,3086,1,3,3090,T
2-PB1,386,3091,0,5,0,3096,A
2-PB1,387,0,3101,0,4,3105,T
2-PB1,388,1,1,3095,0,3097,G
2-PB1,389,3084,0,2,0,3086,A
2-PB1,390,1,3032,0,4,3037,T
2-PB1,391,2,2942,0,3,2947,T
2-PB1,392,1,5,2919,0,2925,G
2-PB1,393,1,4,2916,0,2921,G
2-PB1,394,2954,0,1,0,2955,A
2-PB1,395,0,0,0,2966,2966,C
2-PB1,396,2943,0,3,0,2946,A
2-PB1,397,0,2907,0,0,2907,T
2-PB1,398,0,2927,0,0,2927,T
2-PB1,399,2961,0,2,0,2963,A
2-PB1,400,2952,0,1,0,2953,A
2-PB1,401,2951,0,4,0,2955,A
2-PB1,402,0,0,0,2959,2959,C
2-PB1,403,2898,0,3,0,2901,A
2-PB1,404,0,2,2924,0,2926,G
2-PB1,405,2901,0,3,0,2904,A
2-PB1,406,2909,0,3,0,2912,A
2-PB1,407,2917,0,2,0,2919,A
2-PB1,408,0,2870,0,4,2874,T
2-PB1,409,4,1,0,2898,2903,C
2-PB1,410,2904,0,0,0,2904,A
2-PB1,411,2894,0,2,0,2896,A
2-PB1,412,2,3,0,2895,2900,C
2-PB1,413,1,2,0,2878,2881,C
2-PB1,414,3,0,2872,0,2875,G
2-PB1,415,3,1,2861,0,2865,G
2-PB1,416,1,1,0,2893,2895,C
2-PB1,417,2896,0,3,0,2899,A
2-PB1,418,1,0,2895,0,2896,G
2-PB1,419,0,1,0,2923,2924,C
2-PB1,420,2930,0,3,0,2933,A
2-PB1,421,2917,1,5,0,2923,A
2-PB1,422,1,2,0,2938,2941,C
2-PB1,423,0,2899,0,2,2901,T
2-PB1,424,1,2,3018,0,3021,G
2-PB1,425,0,0,0,3024,3024,C
2-PB1,426,3022,4,2,0,3028,A
2-PB1,427,0,3026,0,2,3028,T
2-PB1,428,0,2989,0,3,2992,T
2-PB1,429,3182,2,3,2,3189,A
2-PB1,430,1,0,3162,0,3163,G
2-PB1,431,1,2,0,3146,3149,C
2-PB1,432,1,0,0,3193,3194,C
2-PB1,433,3062,0,4,1,3067,A
2-PB1,434,3066,0,3,0,3069,A
2-PB1,435,0,0,0,3096,3096,C
2-PB1,436,3082,1,1,0,3084,A
2-PB1,437,0,0,0,3173,3173,C
2-PB1,438,7,0,0,2959,2966,C
2-PB1,439,2963,0,3,0,2966,A
2-PB1,440,0,2954,0,1,2955,T
2-PB1,441,2967,0,3,0,2970,A
2-PB1,442,1,1,2966,0,2968,G
2-PB1,443,2950,0,1,0,2951,A
2-PB1,444,2902,0,2,0,2904,A
2-PB1,445,0,0,2923,0,2923,G
2-PB1,446,0,2815,2,4,2821,T
2-PB1,447,0,2812,0,3,2815,T
2-PB1,448,0,2836,0,2,2838,T
2-PB1,449,0,2847,0,2,2849,T
2-PB1,450,0,2849,0,0,2849,T
2-PB1,451,2845,0,3,0,2848,A
2-PB1,452,0,4,2843,0,2847,G
2-PB1,453,2835,1,0,0,2836,A
2-PB1,454,0,2813,0,2,2815,T
2-PB1,455,3,1,0,2775,2779,C
2-PB1,456,1,3,2792,0,2796,G
2-PB1,457,2780,0,3,0,2783,A
2-PB1,458,2783,0,4,0,2787,A
2-PB1,459,1,2,0,2810,2813,C
2-PB1,460,2,0,2808,0,2810,G
2-PB1,461,0,1,2931,0,2932,G
2-PB1,462,2914,0,10,1,2925,A
2-PB1,463,2,2934,1,4,2941,T
2-PB1,464,0,2939,0,1,2940,T
2-PB1,465,2923,1,6,0,2930,A
2-PB1,466,2929,0,5,0,2934,A
2-PB1,467,0,0,0,2938,2938,C
2-PB1,468,2917,0,4,0,2921,A
2-PB1,469,1,0,2937,0,2938,G
2-PB1,470,1,1,1,2795,2798,C
2-PB1,471,0,2785,0,5,2790,T
2-PB1,472,2814,0,0,0,2814,A
2-PB1,473,2795,1,4,0,2800,A
2-PB1,474,0,2800,0,0,2800,T
2-PB1,475,1,4,2829,0,2834,G
2-PB1,476,2842,0,3,0,2845,A
2-PB1,477,2841,0,1,0,2842,A
2-PB1,478,0,2780,0,2,2782,T
2-PB1,479,0,1,1,2809,2811,C
2-PB1,480,2800,0,4,0,2804,A
2-PB1,481,0,3,2799,0,2802,G
2-PB1,482,0,0,2799,0,2799,G
2-PB1,483,2785,0,7,0,2792,A
2-PB1,484,2753,0,2,0,2755,A
2-PB1,485,0,2,2841,0,2843,G
2-PB1,486,0,0,2825,0,2825,G
2-PB1,487,0,1,0,2837,2838,C
2-PB1,488,0,2856,0,2,2858,T
2-PB1,489,2851,0,3,0,2854,A
2-PB1,490,2852,0,3,0,2855,A
2-PB1,491,0,2861,0,0,2861,T
2-PB1,492,2864,1,1,0,2866,A
2-PB1,493,1,2,2878,0,2881,G
2-PB1,494,2682,0,0,0,2682,A
2-PB1,495,1,2666,0,0,2667,T
2-PB1,496,0,2668,0,3,2671,T
2-PB1,497,0,2631,0,4,2635,T
2-PB1,498,2,0,0,2716,2718,C
2-PB1,499,1,1,0,2735,2737,C
2-PB1,500,1,2709,0,5,2715,T
2-PB1,501,2,0,0,2756,2758,C
2-PB1,502,2750,1,2,1,2754,A
2-PB1,503,2755,0,0,0,2755,A
2-PB1,504,1,5,2761,0,2767,G
2-PB1,505,1,0,2799,0,2800,G
2-PB1,506,2788,0,0,0,2788,A
2-PB1,507,0,2689,0,7,2696,T
2-PB1,508,0,2,2732,0,2734,G
2-PB1,509,0,2710,1,3,2714,T
2-PB1,510,0,1,2745,0,2746,G
2-PB1,511,2749,0,2,0,2751,A
2-PB1,512,1,2733,0,0,2734,T
2-PB1,513,0,3,2737,0,2740,G
2-PB1,514,0,3,2705,1,2709,G
2-PB1,515,2704,1,6,0,2711,A
2-PB1,516,2706,0,5,0,2711,A
2-PB1,517,0,2656,0,0,2656,T
2-PB1,518,2,0,0,2686,2688,C
2-PB1,519,2670,0,1,0,2671,A
2-PB1,520,2658,0,2,0,2660,A
2-PB1,521,1,2675,0,0,2676,T
2-PB1,522,1,2,2702,0,2705,G
2-PB1,523,2,1,2712,0,2715,G
2-PB1,524,2695,0,0,0,2695,A
2-PB1,525,0,2699,0,1,2700,T
2-PB1,526,2700,0,5,0,2705,A
2-PB1,527,2693,2,1,0,2696,A
2-PB1,528,2689,0,4,0,2693,A
2-PB1,529,1,4,2727,0,2732,G
2-PB1,530,2692,1,6,0,2699,A
2-PB1,531,0,1,2683,0,2684,G
2-PB1,532,1,4,2688,0,2693,G
2-PB1,533,2671,0,3,0,2674,A
2-PB1,534,2682,0,5,0,2687,A
2-PB1,535,2681,0,8,1,2690,A
2-PB1,536,0,2681,0,1,2682,T
2-PB1,537,0,1,2740,0,2741,G
2-PB1,538,0,0,2725,0,2725,G
2-PB1,539,2697,0,7,0,2704,A
2-PB1,540,0,1,2711,0,2712,G
2-PB1,541,2684,1,3,0,2688,A
2-PB1,542,0,2759,0,0,2759,T
2-PB1,543,2752,0,2,0,2754,A
2-PB1,544,2778,0,3,0,2781,A
2-PB1,545,0,1,0,2795,2796,C
2-PB1,546,2743,0,1,0,2744,A
2-PB1,547,2742,0,5,0,2747,A
2-PB1,548,0,0,0,2747,2747,C
2-PB1,549,2715,0,5,0,2720,A
2-PB1,550,1,0,0,2713,2714,C
2-PB1,551,2674,1,3,0,2678,A
2-PB1,552,6,0,0,2689,2695,C
2-PB1,553,0,2655,1,8,2664,T
2-PB1,554,0,2662,0,0,2662,T
2-PB1,555,0,2650,0,4,2654,T
2-PB1,556,0,1,0,2681,2682,C
2-PB1,557,2682,0,2,0,2684,A
2-PB1,558,2681,0,1,0,2682,A
2-PB1,559,2668,0,2,0,2670,A
2-PB1,560,1,2,2698,0,2701,G
2-PB1,561,2679,0,2,0,2681,A
2-PB1,562,2686,0,1,0,2687,A
2-PB1,563,2691,0,0,0,2691,A
2-PB1,564,2694,1,2,0,2697,A
2-PB1,565,2679,0,8,1,2688,A
2-PB1,566,1,0,2698,0,2699,G
2-PB1,567,0,5,2698,0,2703,G
2-PB1,568,2674,0,9,0,2683,A
2-PB1,569,0,5,2719,1,2725,G
2-PB1,570,2717,0,8,0,2725,A
2-PB1,571,0,0,2811,0,2811,G
2-PB1,572,1,2796,0,0,2797,T
2-PB1,573,2818,0,2,0,2820,A
2-PB1,574,2814,0,4,1,2819,A
2-PB1,575,0,2,2811,0,2813,G
2-PB1,576,1,2,2828,0,2831,G
2-PB1,577,0,3,2823,0,2826,G
2-PB1,578,2775,0,7,0,2782,A
2-PB1,579,0,1,0,2824,2825,C
2-PB1,580,2746,0,3,0,2749,A
2-PB1,581,2756,0,3,0,2759,A
2-PB1,582,0,0,1,2747,2748,C
2-PB1,583,2742,0,6,0,2748,A
2-PB1,584,0,2707,0,0,2707,T
2-PB1,585,0,5,2679,0,2684,G
2-PB1,586,2677,0,4,0,2681,A
2-PB1,587,0,0,0,2656,2656,C
2-PB1,588,2,3,0,2654,2659,C
2-PB1,589,2662,0,1,0,2663,A
2-PB1,590,2656,0,5,0,2661,A
2-PB1,591,0,0,2679,0,2679,G
2-PB1,592,2680,0,2,0,2682,A
2-PB1,593,2682,0,0,0,2682,A
2-PB1,594,2671,0,0,0,2671,A
2-PB1,595,2657,0,0,0,2657,A
2-PB1,596,0,2655,0,0,2655,T
2-PB1,597,3,1,2667,0,2671,G
2-PB1,598,0,0,2672,0,2672,G
2-PB1,599,0,2645,0,5,2650,T
2-PB1,600,6,2,0,2625,2633,C
2-PB1,601,2667,0,3,0,2670,A
2-PB1,602,0,0,0,2850,2850,C
2-PB1,603,2908,0,0,0,2908,A
2-PB1,604,1,2,0,2929,2932,C
2-PB1,605,2933,0,0,2,2935,A
2-PB1,606,3172,0,2,0,3174,A
2-PB1,607,3156,0,3,0,3159,A
2-PB1,608,1,3,3309,0,3313,G
2-PB1,609,582,1,2603,0,3186,G
2-PB1,610,3284,0,2,0,3286,A
2-PB1,611,1,0,0,3365,3366,C
2-PB1,612,3371,0,3,0,3374,A
2-PB1,613,3392,0,1,0,3393,A
2-PB1,614,0,3395,0,3,3398,T
2-PB1,615,3353,0,3,0,3356,A
2-PB1,616,1,6,3351,0,3358,G
2-PB1,617,0,4,3259,0,3263,G
2-PB1,618,0,4,3257,1,3262,G
2-PB1,619,3262,0,3,0,3265,A
2-PB1,620,3231,0,5,1,3237,A
2-PB1,621,0,3,3247,0,3250,G
2-PB1,622,3251,0,2,0,3253,A
2-PB1,623,3257,0,2,0,3259,A
2-PB1,624,3258,0,3,0,3261,A
2-PB1,625,3286,0,4,0,3290,A
2-PB1,626,3333,0,1,0,3334,A
2-PB1,627,3333,1,4,1,3339,A
2-PB1,628,0,0,0,3347,3347,C
2-PB1,629,3334,0,1,1,3336,A
2-PB1,630,3326,1,0,0,3327,A
2-PB1,631,3315,0,5,0,3320,A
2-PB1,632,0,5,3358,0,3363,G
2-PB1,633,3374,0,2,0,3376,A
2-PB1,634,0,1,3496,0,3497,G
2-PB1,635,0,3428,0,4,3432,T
2-PB1,636,2,6,3937,0,3945,G
2-PB1,637,3968,1,8,0,3977,A
2-PB1,638,3982,0,3,1,3986,A
2-PB1,639,0,4018,0,1,4019,T
2-PB1,640,4047,0,2,0,4049,A
2-PB1,641,4023,1,16,0,4040,A
2-PB1,642,1,3,4041,0,4045,G
2-PB1,643,3970,1,8,0,3979,A
2-PB1,644,0,5,3987,0,3992,G
2-PB1,645,3750,1,12,0,3763,A
2-PB1,646,1,2,3780,0,3783,G
2-PB1,647,0,0,3746,0,3746,G
2-PB1,648,1,0,1,3788,3790,C
2-PB1,649,0,3752,0,3,3755,T
2-PB1,650,3871,0,4,1,3876,A
2-PB1,651,2,1,0,4074,4077,C
2-PB1,652,3,0,0,4078,4081,C
2-PB1,653,0,4126,0,2,4128,T
2-PB1,654,4238,0,1,1,4240,A
2-PB1,655,4230,0,4,1,4235,A
2-PB1,656,0,4234,0,0,4234,T
2-PB1,657,4233,0,0,0,4233,A
2-PB1,658,4213,1,2,0,4216,A
2-PB1,659,0,5,4221,0,4226,G
2-PB1,660,4085,0,6,0,4091,A
2-PB1,661,1,0,4104,0,4105,G
2-PB1,662,0,0,0,4115,4115,C
2-PB1,663,0,4051,0,9,4060,T
2-PB1,664,1,4093,0,1,4095,T
2-PB1,665,0,4101,0,3,4104,T
2-PB1,666,1,5,4082,2,4090,G
2-PB1,667,4156,0,8,0,4164,A
2-PB1,668,0,2,0,4174,4176,C
2-PB1,669,4177,1,3,1,4182,A
2-PB1,670,0,4147,0,4,4151,T
2-PB1,671,0,4119,0,5,4124,T
2-PB1,672,2,5,4193,1,4201,G
2-PB1,673,4201,1,7,0,4209,A
2-PB1,674,4211,0,6,1,4218,A
2-PB1,675,0,2,0,4218,4220,C
2-PB1,676,4186,0,5,0,4191,A
2-PB1,677,3,2,0,4184,4189,C
2-PB1,678,2,3,4190,0,4195,G
2-PB1,679,4193,0,2,1,4196,A
2-PB1,680,0,4187,0,6,4193,T
2-PB1,681,2,16,4223,0,4241,G
2-PB1,682,4228,1,3,1,4233,A
2-PB1,683,1,0,0,4258,4259,C
2-PB1,684,3,0,0,4274,4277,C
2-PB1,685,4269,0,8,0,4277,A
2-PB1,686,4319,0,2,1,4322,A
2-PB1,687,4309,0,10,1,4320,A
2-PB1,688,1,1,4429,0,4431,G
2-PB1,689,4427,0,12,1,4440,A
2-PB1,690,0,4377,0,2,4379,T
2-PB1,691,0,1,4421,0,4422,G
2-PB1,692,0,5,0,4371,4376,C
2-PB1,693,4383,3,6,0,4392,A
2-PB1,694,0,6,4425,0,4431,G
2-PB1,695,4371,0,5,1,4377,A
2-PB1,696,1,6,4385,0,4392,G
2-PB1,697,4288,0,4,0,4292,A
2-PB1,698,1,0,4245,0,4246,G
2-PB1,699,4205,0,9,1,4215,A
2-PB1,700,2,4,4196,0,4202,G
2-PB1,701,1,1,4208,0,4210,G
2-PB1,702,3,0,0,4194,4197,C
2-PB1,703,4193,0,1,0,4194,A
2-PB1,704,4197,0,3,1,4201,A
2-PB1,705,4220,0,3,0,4223,A
2-PB1,706,1,4226,0,2,4229,T
2-PB1,707,1,4244,0,1,4246,T
2-PB1,708,4240,0,2,0,4242,A
2-PB1,709,4234,1,3,0,4238,A
2-PB1,710,4247,0,2,0,4249,A
2-PB1,711,4256,1,4,0,4261,A
2-PB1,712,4253,1,4,0,4258,A
2-PB1,713,2,4,4267,0,4273,G
2-PB1,714,4247,0,3,1,4251,A
2-PB1,715,4227,0,5,1,4233,A
2-PB1,716,1,12,4260,0,4273,G
2-PB1,717,0,3,4333,0,4336,G
2-PB1,718,3,1,4334,0,4338,G
2-PB1,719,1,1,0,4362,4364,C
2-PB1,720,1,4363,1,1,4366,T
2-PB1,721,4400,1,3,0,4404,A
2-PB1,722,0,4452,1,6,4459,T
2-PB1,723,0,4457,0,4,4461,T
2-PB1,724,0,1,4471,0,4472,G
2-PB1,725,0,0,0,4439,4439,C
2-PB1,726,4337,0,7,0,4344,A
2-PB1,727,4329,0,11,0,4340,A
2-PB1,728,1,1,0,4324,4326,C
2-PB1,729,4313,0,2,0,4315,A
2-PB1,730,0,0,0,4333,4333,C
2-PB1,731,2,0,0,4265,4267,C
2-PB1,732,8,1,0,4246,4255,C
2-PB1,733,3,6,4243,0,4252,G
2-PB1,734,0,4,4274,0,4278,G
2-PB1,735,2,5,4267,0,4274,G
2-PB1,736,4260,1,7,0,4268,A
2-PB1,737,0,4242,0,3,4245,T
2-PB1,738,1,0,4259,0,4260,G
2-PB1,739,1,2,0,4231,4234,C
2-PB1,740,4295,0,3,0,4298,A
2-PB1,741,4339,0,3,0,4342,A
2-PB1,742,4378,0,0,0,4378,A
2-PB1,743,0,4368,1,1,4370,T
2-PB1,744,0,4358,0,1,4359,T
2-PB1,745,4340,0,4,0,4344,A
2-PB1,746,0,1,4325,0,4326,G
2-PB1,747,4296,0,12,1,4309,A
2-PB1,748,0,8,4327,0,4335,G
2-PB1,749,1,6,4296,1,4304,G
2-PB1,750,0,0,4382,0,4382,G
2-PB1,751,0,4318,1,3,4322,T
2-PB1,752,0,4354,0,7,4361,T
2-PB1,753,9,3,0,4366,4378,C
2-PB1,754,1,1,4424,0,4426,G
2-PB1,755,1,4406,0,6,4413,T
2-PB1,756,7,2,4412,0,4421,G
2-PB1,757,1,4390,1,3,4395,T
2-PB1,758,4365,0,1,1,4367,A
2-PB1,759,2,0,0,4349,4351,C
2-PB1,760,0,4113,0,6,4119,T
2-PB1,761,0,4117,0,1,4118,T
2-PB1,762,3,2,0,4119,4124,C
2-PB1,763,1,1,4100,0,4102,G
2-PB1,764,0,4094,0,2,4096,T
2-PB1,765,1,4082,0,11,4094,T
2-PB1,766,0,1,4089,1,4091,G
2-PB1,767,4117,0,2,0,4119,A
2-PB1,768,4177,0,6,0,4183,A
2-PB1,769,4294,0,0,0,4294,A
2-PB1,770,1,0,0,4305,4306,C
2-PB1,771,0,3565,711,1,4277,T
2-PB1,772,0,4277,0,2,4279,T
2-PB1,773,0,4278,0,3,4281,T
2-PB1,774,4375,0,3,0,4378,A
2-PB1,775,2,3,4379,0,4384,G
2-PB1,776,1,4,0,4344,4349,C
2-PB1,777,0,4314,0,8,4322,T
2-PB1,778,4153,0,4,0,4157,A
2-PB1,779,0,2,4152,0,4154,G
2-PB1,780,4132,0,12,0,4144,A
2-PB1,781,4132,0,6,0,4138,A
2-PB1,782,2,1,4148,0,4151,G
2-PB1,783,1,0,0,4043,4044,C
2-PB1,784,4041,0,2,0,4043,A
2-PB1,785,0,4010,0,2,4012,T
2-PB1,786,1,4013,0,4,4018,T
2-PB1,787,1,4012,0,1,4014,T
2-PB1,788,0,0,4007,0,4007,G
2-PB1,789,0,4,2,3985,3991,C
2-PB1,790,1,1,4015,0,4017,G
2-PB1,791,4002,0,1,0,4003,A
2-PB1,792,3999,2,1,1,4003,A
2-PB1,793,4012,1,2,0,4015,A
2-PB1,794,4094,0,7,0,4101,A
2-PB1,795,1,0,4146,0,4147,G
2-PB1,796,0,0,0,4155,4155,C
2-PB1,797,0,4157,0,11,4168,T
2-PB1,798,0,4166,0,3,4169,T
2-PB1,799,0,5,4165,1,4171,G
2-PB1,800,4154,1,5,1,4161,A
2-PB1,801,4160,0,6,0,4166,A
2-PB1,802,0,1,0,4180,4181,C
2-PB1,803,4065,0,2,0,4067,A
2-PB1,804,0,0,4466,0,4466,G
2-PB1,805,0,4427,0,4,4431,T
2-PB1,806,4,1,0,4427,4432,C
2-PB1,807,0,4435,0,3,4438,T
2-PB1,808,4,3,4438,0,4445,G
2-PB1,809,0,8,4427,0,4435,G
2-PB1,810,4428,0,4,0,4432,A
2-PB1,811,0,1,0,4437,4438,C
2-PB1,812,0,4267,0,8,4275,T
2-PB1,813,0,3916,1,5,3922,T
2-PB1,814,2,1,0,3922,3925,C
2-PB1,815,2,2,0,3919,3923,C
2-PB1,816,6,7,3934,0,3947,G
2-PB1,817,0,0,3951,0,3951,G
2-PB1,818,0,3912,1,10,3923,T
2-PB1,819,0,3947,0,1,3948,T
2-PB1,820,3,1,3919,0,3923,G
2-PB1,821,3,6,3927,0,3936,G
2-PB1,822,0,6,3958,0,3964,G
2-PB1,823,2,3,3946,0,3951,G
2-PB1,824,1,2,3967,0,3970,G
2-PB1,825,0,3941,1,2,3944,T
2-PB1,826,3948,0,1,0,3949,A
2-PB1,827,3972,0,4,0,3976,A
2-PB1,828,0,3986,0,1,3987,T
2-PB1,829,0,2,4007,0,4009,G
2-PB1,830,3958,0,4,0,3962,A
2-PB1,831,3907,0,5,1,3913,A
2-PB1,832,3922,0,3,0,3925,A
2-PB1,833,3909,0,5,1,3915,A
2-PB1,834,0,2,3911,0,3913,G
2-PB1,835,3867,1,2,1,3871,A
2-PB1,836,3840,0,4,0,3844,A
2-PB1,837,1,5,3848,0,3854,G
2-PB1,838,3,0,3818,1,3822,G
2-PB1,839,2,4,0,3807,3813,C
2-PB1,840,4,0,0,3822,3826,C
2-PB1,841,3846,0,3,0,3849,A
2-PB1,842,3844,0,1,0,3845,A
2-PB1,843,3840,0,1,0,3841,A
2-PB1,844,1,0,0,3859,3860,C
2-PB1,845,1,3841,0,5,3847,T
2-PB1,846,1,4,3863,0,3868,G
2-PB1,847,2,0,3855,0,3857,G
2-PB1,848,0,3,0,3871,3874,C
2-PB1,849,3885,0,4,0,3889,A
2-PB1,850,3867,0,3,0,3870,A
2-PB1,851,3870,0,3,0,3873,A
2-PB1,852,0,3869,0,4,3873,T
2-PB1,853,0,1,3888,0,3889,G
2-PB1,854,1,3855,0,0,3856,T
2-PB1,855,0,3784,0,0,3784,T
2-PB1,856,1,0,3780,0,3781,G
2-PB1,857,1,3751,0,5,3757,T
2-PB1,858,3,2,3779,0,3784,G
2-PB1,859,3777,0,5,0,3782,A
2-PB1,860,0,3,3789,1,3793,G
2-PB1,861,3785,0,3,0,3788,A
2-PB1,862,3763,5,0,0,3768,A
2-PB1,863,3761,0,7,0,3768,A
2-PB1,864,3768,0,3,0,3771,A
2-PB1,865,3770,0,4,0,3774,A
2-PB1,866,0,3735,0,5,3740,T
2-PB1,867,3,2,3731,0,3736,G
2-PB1,868,3733,0,3,0,3736,A
2-PB1,869,0,3699,0,4,3703,T
2-PB1,870,0,5,3731,0,3736,G
2-PB1,871,3708,1,9,0,3718,A
2-PB1,872,1,1,0,3733,3735,C
2-PB1,873,0,3724,0,3,3727,T
2-PB1,874,3734,0,1,0,3735,A
2-PB1,875,3758,0,6,0,3764,A
2-PB1,876,0,3737,2,0,3739,T
2-PB1,877,1,3787,0,3,3791,T
2-PB1,878,3,1,0,3843,3847,C
2-PB1,879,3807,0,6,0,3813,A
2-PB1,880,0,1,0,3818,3819,C
2-PB1,881,3775,0,6,0,3781,A
2-PB1,882,3778,0,10,0,3788,A
2-PB1,883,0,2,3788,0,3790,G
2-PB1,884,3806,0,7,0,3813,A
2-PB1,885,0,1,0,3817,3818,C
2-PB1,886,3772,1,2,1,3776,A
2-PB1,887,0,2,0,3779,3781,C
2-PB1,888,3720,0,3,1,3724,A
2-PB1,889,0,5,3729,0,3734,G
2-PB1,890,3719,0,9,0,3728,A
2-PB1,891,1,2,3720,0,3723,G
2-PB1,892,2,2,0,3686,3690,C
2-PB1,893,0,3615,2,8,3625,T
2-PB1,894,1,3672,0,0,3673,T
2-PB1,895,0,3649,0,2,3651,T
2-PB1,896,1,0,0,3689,3690,C
2-PB1,897,0,3682,1,3,3686,T
2-PB1,898,0,3651,0,4,3655,T
2-PB1,899,1,3663,0,3,3667,T
2-PB1,900,3,1,1,3651,3656,C
2-PB1,901,3639,0,2,0,3641,A
2-PB1,902,0,3,0,3664,3667,C
2-PB1,903,3616,1,2,0,3619,A
2-PB1,904,3627,0,4,0,3631,A
2-PB1,905,0,3655,1,7,3663,T
2-PB1,906,1,0,0,3735,3736,C
2-PB1,907,3718,1,2,0,3721,A
2-PB1,908,1,0,0,3775,3776,C
2-PB1,909,0,3735,1,4,3740,T
2-PB1,910,3,1,3763,0,3767,G
2-PB1,911,0,2,3725,0,3727,G
2-PB1,912,0,4,3846,0,3850,G
2-PB1,913,0,4,3832,0,3836,G
2-PB1,914,3740,0,8,0,3748,A
2-PB1,915,0,0,1,3603,3604,C
2-PB1,916,3647,1,6,0,3654,A
2-PB1,917,3880,1,5,0,3886,A
2-PB1,918,0,3,0,3933,3936,C
2-PB1,919,3896,2,9,1,3908,A
2-PB1,920,0,0,0,3924,3924,C
2-PB1,921,0,3744,0,4,3748,T
2-PB1,922,3768,0,5,0,3773,A
2-PB1,923,3760,0,1,0,3761,A
2-PB1,924,0,1,3777,0,3778,G
2-PB1,925,0,3740,0,0,3740,T
2-PB1,926,0,4,3477,0,3481,G
2-PB1,927,1,0,3456,0,3457,G
2-PB1,928,3441,1,4,0,3446,A
2-PB1,929,3451,0,7,0,3458,A
2-PB1,930,0,3445,1,4,3450,T
2-PB1,931,1,3,3431,0,3435,G
2-PB1,932,3435,0,2,0,3437,A
2-PB1,933,3397,0,3,0,3400,A
2-PB1,934,3418,0,4,0,3422,A
2-PB1,935,3425,0,4,0,3429,A
2-PB1,936,0,3383,0,1,3384,T
2-PB1,937,6,2,0,3415,3423,C
2-PB1,938,3420,0,0,0,3420,A
2-PB1,939,3404,1,4,1,3410,A
2-PB1,940,3388,0,4,0,3392,A
2-PB1,941,3365,0,3,1,3369,A
2-PB1,942,1,1,0,3402,3404,C
2-PB1,943,6,1,0,3379,3386,C
2-PB1,944,3,0,0,3368,3371,C
2-PB1,945,0,3357,0,3,3360,T
2-PB1,946,7,0,0,3374,3381,C
2-PB1,947,0,2,3372,0,3374,G
2-PB1,948,3374,0,3,0,3377,A
2-PB1,949,3365,0,0,0,3365,A
2-PB1,950,0,3375,0,1,3376,T
2-PB1,951,0,0,3390,0,3390,G
2-PB1,952,0,3346,5,4,3355,T
2-PB1,953,0,3342,0,4,3346,T
2-PB1,954,0,3358,1,1,3360,T
2-PB1,955,0,3364,0,1,3365,T
2-PB1,956,0,3357,0,2,3359,T
2-PB1,957,1,4,3344,0,3349,G
2-PB1,958,0,1,3323,0,3324,G
2-PB1,959,0,2,0,3319,3321,C
2-PB1,960,1,1,3271,1,3274,G
2-PB1,961,3268,0,0,0,3268,A
2-PB1,962,0,3344,0,2,3346,T
2-PB1,963,0,5,3458,0,3463,G
2-PB1,964,3627,0,1,0,3628,A
2-PB1,965,0,3646,0,4,3650,T
2-PB1,966,1,3644,0,2,3647,T
2-PB1,967,3666,0,4,0,3670,A
2-PB1,968,0,3,2,3672,3677,C
2-PB1,969,3688,0,6,0,3694,A
2-PB1,970,0,3666,0,1,3667,T
2-PB1,971,3486,0,5,1,3492,A
2-PB1,972,0,2,0,3491,3493,C
2-PB1,973,3086,0,3,0,3089,A
2-PB1,974,0,3077,0,7,3084,T
2-PB1,975,1,0,0,3066,3067,C
2-PB1,976,3062,0,4,0,3066,A
2-PB1,977,1,2,0,3065,3068,C
2-PB1,978,3050,0,1,0,3051,A
2-PB1,979,3050,0,2,0,3052,A
2-PB1,980,3045,0,0,0,3045,A
2-PB1,981,1,3,2931,0,2935,G
2-PB1,982,3056,0,0,0,3056,A
2-PB1,983,3060,0,6,0,3066,A
2-PB1,984,1,3032,0,1,3034,T
2-PB1,985,1,2,0,3050,3053,C
2-PB1,986,3056,0,1,0,3057,A
2-PB1,987,3073,0,2,0,3075,A
2-PB1,988,0,0,0,3086,3086,C
2-PB1,989,3,0,0,3092,3095,C
2-PB1,990,0,2915,0,3,2918,T
2-PB1,991,0,3,2937,0,2940,G
2-PB1,992,2925,1,2,0,2928,A
2-PB1,993,0,0,2928,0,2928,G
2-PB1,994,0,2908,0,2,2910,T
2-PB1,995,1,1,2850,0,2852,G
2-PB1,996,0,0,3015,0,3015,G
2-PB1,997,0,2996,0,6,3002,T
2-PB1,998,2,2995,0,3,3000,T
2-PB1,999,3,1,0,3005,3009,C
2-PB1,1000,2966,0,3,0,2969,A
2-PB1,1001,0,4,3007,0,3011,G
2-PB1,1002,3001,0,4,1,3006,A
2-PB1,1003,3010,0,5,0,3015,A
2-PB1,1004,2977,0,5,1,2983,A
2-PB1,1005,1,1,0,2601,2603,C
2-PB1,1006,2623,0,1,0,2624,A
2-PB1,1007,0,2603,0,3,2606,T
2-PB1,1008,1,1,0,2634,2636,C
2-PB1,1009,6,3,0,2621,2630,C
2-PB1,1010,0,2508,1,4,2513,T
2-PB1,1011,0,6,2512,0,2518,G
2-PB1,1012,2501,1,4,0,2506,A
2-PB1,1013,0,0,2533,0,2533,G
2-PB1,1014,0,2,0,2503,2505,C
2-PB1,1015,2422,0,0,0,2422,A
2-PB1,1016,0,2409,0,3,2412,T
2-PB1,1017,1,0,0,2379,2380,C
2-PB1,1018,0,0,2395,2,2397,G
2-PB1,1019,0,0,0,2459,2459,C
2-PB1,1020,2468,0,4,0,2472,A
2-PB1,1021,1,0,0,2515,2516,C
2-PB1,1022,4,1,0,2525,2530,C
2-PB1,1023,2534,0,2,1,2537,A
2-PB1,1024,2579,0,1,1,2581,A
2-PB1,1025,1,2569,0,3,2573,T
2-PB1,1026,2568,1,1,0,2570,A
2-PB1,1027,2560,0,0,0,2560,A
2-PB1,1028,0,2475,0,0,2475,T
2-PB1,1029,0,0,2496,0,2496,G
2-PB1,1030,1,2439,0,4,2444,T
2-PB1,1031,1,2412,0,4,2417,T
2-PB1,1032,5,1,0,2433,2439,C
2-PB1,1033,0,2414,1,2,2417,T
2-PB1,1034,4,0,0,2427,2431,C
2-PB1,1035,2427,0,1,0,2428,A
2-PB1,1036,2427,0,4,0,2431,A
2-PB1,1037,2420,0,3,1,2424,A
2-PB1,1038,2,1,0,2438,2441,C
2-PB1,1039,2433,0,0,0,2433,A
2-PB1,1040,2424,0,0,0,2424,A
2-PB1,1041,2412,0,2,0,2414,A
2-PB1,1042,2428,0,1,1,2430,A
2-PB1,1043,0,2424,1,3,2428,T
2-PB1,1044,1,2,2427,0,2430,G
2-PB1,1045,0,0,2424,1,2425,G
2-PB1,1046,0,1,0,2419,2420,C
2-PB1,1047,2416,1,3,0,2420,A
2-PB1,1048,2434,0,4,0,2438,A
2-PB1,1049,0,4,2434,0,2438,G
2-PB1,1050,2409,0,3,0,2412,A
2-PB1,1051,0,2399,0,2,2401,T
2-PB1,1052,0,2445,0,0,2445,T
2-PB1,1053,0,5,2463,0,2468,G
2-PB1,1054,3,4,2446,0,2453,G
2-PB1,1055,3,2,2464,0,2469,G
2-PB1,1056,2473,0,2,0,2475,A
2-PB1,1057,2459,0,4,0,2463,A
2-PB1,1058,2456,1,0,0,2457,A
2-PB1,1059,2439,0,2,0,2441,A
2-PB1,1060,0,3,2494,0,2497,G
2-PB1,1061,1,2,2499,0,2502,G
2-PB1,1062,2507,0,5,1,2513,A
2-PB1,1063,0,2520,0,0,2520,T
2-PB1,1064,2512,0,2,0,2514,A
2-PB1,1065,0,1,0,2521,2522,C
2-PB1,1066,2554,0,3,0,2557,A
2-PB1,1067,0,2535,0,0,2535,T
2-PB1,1068,2,0,2561,0,2563,G
2-PB1,1069,0,2497,0,5,2502,T
2-PB1,1070,0,2504,0,4,2508,T
2-PB1,1071,7,1,0,2494,2502,C
2-PB1,1072,1,2,2490,0,2493,G
2-PB1,1073,2473,1,4,0,2478,A
2-PB1,1074,0,2,2546,0,2548,G
2-PB1,1075,2508,0,2,0,2510,A
2-PB1,1076,0,1,2540,0,2541,G
2-PB1,1077,0,2507,0,3,2510,T
2-PB1,1078,2508,0,2,0,2510,A
2-PB1,1079,2520,0,1,0,2521,A
2-PB1,1080,0,4,2529,0,2533,G
2-PB1,1081,2520,0,7,1,2528,A
2-PB1,1082,1,0,2556,0,2557,G
2-PB1,1083,2499,0,3,0,2502,A
2-PB1,1084,2527,0,2,0,2529,A
2-PB1,1085,1,2486,1,5,2493,T
2-PB1,1086,1,3,2489,0,2493,G
2-PB1,1087,2489,0,5,0,2494,A
2-PB1,1088,2456,0,12,0,2468,A
2-PB1,1089,0,0,2476,0,2476,G
2-PB1,1090,1,1,0,2472,2474,C
2-PB1,1091,0,2433,0,3,2436,T
2-PB1,1092,2,1,2,2450,2455,C
2-PB1,1093,1,3,0,2454,2458,C
2-PB1,1094,1,3,2465,0,2469,G
2-PB1,1095,0,4,2463,0,2467,G
2-PB1,1096,2460,0,3,0,2463,A
2-PB1,1097,0,2,0,2497,2499,C
2-PB1,1098,2488,0,2,0,2490,A
2-PB1,1099,0,2,0,2520,2522,C
2-PB1,1100,2517,0,5,0,2522,A
2-PB1,1101,2520,0,3,0,2523,A
2-PB1,1102,2516,0,3,0,2519,A
2-PB1,1103,0,2522,0,0,2522,T
2-PB1,1104,2505,0,1,0,2506,A
2-PB1,1105,2,0,0,2513,2515,C
2-PB1,1106,1,2,0,2503,2506,C
2-PB1,1107,0,2472,0,3,2475,T
2-PB1,1108,3,1,2494,0,2498,G
2-PB1,1109,0,0,0,2504,2504,C
2-PB1,1110,2506,0,2,0,2508,A
2-PB1,1111,1,1,2507,0,2509,G
2-PB1,1112,2491,0,0,0,2491,A
2-PB1,1113,2488,0,0,0,2488,A
2-PB1,1114,2496,0,3,0,2499,A
2-PB1,1115,0,2486,0,3,2489,T
2-PB1,1116,2,0,2498,0,2500,G
2-PB1,1117,1,0,0,2478,2479,C
2-PB1,1118,0,2481,0,0,2481,T
2-PB1,1119,2514,1,3,1,2519,A
2-PB1,1120,0,0,2503,0,2503,G
2-PB1,1121,0,2,0,2501,2503,C
2-PB1,1122,2513,0,2,1,2516,A
2-PB1,1123,2509,0,1,1,2511,A
2-PB1,1124,1,0,2490,0,2491,G
2-PB1,1125,1,0,0,2489,2490,C
2-PB1,1126,2455,0,2,0,2457,A
2-PB1,1127,1,2491,0,2,2494,T
2-PB1,1128,0,2505,1,0,2506,T
2-PB1,1129,0,2,2583,0,2585,G
2-PB1,1130,2613,0,3,0,2616,A
2-PB1,1131,1,1,0,2593,2595,C
2-PB1,1132,1,2,0,2625,2628,C
2-PB1,1133,0,2579,0,3,2582,T
2-PB1,1134,0,1,2639,0,2640,G
2-PB1,1135,2638,0,5,0,2643,A
2-PB1,1136,2644,0,6,0,2650,A
2-PB1,1137,0,1,2669,0,2670,G
2-PB1,1138,0,2574,0,1,2575,T
2-PB1,1139,2585,0,0,0,2585,A
2-PB1,1140,0,2571,0,2,2573,T
2-PB1,1141,0,2573,0,2,2575,T
2-PB1,1142,0,2571,0,4,2575,T
2-PB1,1143,1,3,0,2558,2562,C
2-PB1,1144,2549,0,0,0,2549,A
2-PB1,1145,2544,0,1,0,2545,A
2-PB1,1146,0,2509,0,2,2511,T
2-PB1,1147,1,6,2535,0,2542,G
2-PB1,1148,2531,0,2,0,2533,A
2-PB1,1149,2534,0,3,0,2537,A
2-PB1,1150,0,2517,1,4,2522,T
2-PB1,1151,1,0,0,2546,2547,C
2-PB1,1152,2549,0,3,0,2552,A
2-PB1,1153,2549,0,2,0,2551,A
2-PB1,1154,0,1,0,2546,2547,C
2-PB1,1155,2541,0,3,0,2544,A
2-PB1,1156,2526,0,3,0,2529,A
2-PB1,1157,0,1,2529,0,2530,G
2-PB1,1158,0,0,2546,0,2546,G
2-PB1,1159,2533,1,1,0,2535,A
2-PB1,1160,2524,0,2,0,2526,A
2-PB1,1161,0,0,2537,0,2537,G
2-PB1,1162,2523,0,3,0,2526,A
2-PB1,1163,2530,0,0,0,2530,A
2-PB1,1164,2527,1,3,0,2531,A
2-PB1,1165,2525,1,3,0,2529,A
2-PB1,1166,0,2523,0,0,2523,T
2-PB1,1167,0,2501,0,0,2501,T
2-PB1,1168,1,3,2505,0,2509,G
2-PB1,1169,2503,0,0,0,2503,A
2-PB1,1170,0,2,2501,1,2504,G
2-PB1,1171,2503,0,2,0,2505,A
2-PB1,1172,2500,0,4,0,2504,A
2-PB1,1173,2544,0,1,0,2545,A
2-PB1,1174,2540,1,0,0,2541,A
2-PB1,1175,0,2537,0,0,2537,T
2-PB1,1176,2544,0,0,0,2544,A
2-PB1,1177,2546,0,1,1,2548,A
2-PB1,1178,1,4,2543,0,2548,G
2-PB1,1179,0,2,2541,0,2543,G
2-PB1,1180,1,1,0,2540,2542,C
2-PB1,1181,1,0,0,2536,2537,C
2-PB1,1182,0,2509,0,2,2511,T
2-PB1,1183,2,0,0,2814,2816,C
2-PB1,1184,0,2848,0,2,2850,T
2-PB1,1185,0,2853,0,3,2856,T
2-PB1,1186,0,1,0,2911,2912,C
2-PB1,1187,0,2897,0,3,2900,T
2-PB1,1188,2907,0,3,0,2910,A
2-PB1,1189,2908,0,3,0,2911,A
2-PB1,1190,0,2900,0,0,2900,T
2-PB1,1191,2941,0,0,0,2941,A
2-PB1,1192,0,2,2875,0,2877,G
2-PB1,1193,2633,0,7,0,2640,A
2-PB1,1194,0,2638,0,3,2641,T
2-PB1,1195,0,2,2593,0,2595,G
2-PB1,1196,0,0,2614,0,2614,G
2-PB1,1197,2,1,0,2624,2627,C
2-PB1,1198,2612,1,3,0,2616,A
2-PB1,1199,0,0,0,2621,2621,C
2-PB1,1200,2586,0,1,1,2588,A
2-PB1,1201,0,1,2661,0,2662,G
2-PB1,1202,1,0,0,2657,2658,C
2-PB1,1203,2668,0,4,0,2672,A
2-PB1,1204,0,2726,0,4,2730,T
2-PB1,1205,1,0,0,2704,2705,C
2-PB1,1206,2738,0,0,0,2738,A
2-PB1,1207,0,2731,0,1,2732,T
2-PB1,1208,0,2719,0,0,2719,T
2-PB1,1209,1,1,2717,0,2719,G
2-PB1,1210,2623,0,8,0,2631,A
2-PB1,1211,0,0,2714,0,2714,G
2-PB1,1212,1,0,0,2697,2698,C
2-PB1,1213,1,1,0,2677,2679,C
2-PB1,1214,3,2,0,2705,2710,C
2-PB1,1215,1,2689,0,2,2692,T
2-PB1,1216,2,4,2942,0,2948,G
2-PB1,1217,1,5,2998,0,3004,G
2-PB1,1218,2990,0,7,0,2997,A
2-PB1,1219,3119,0,1,0,3120,A
2-PB1,1220,0,3034,0,3,3037,T
2-PB1,1221,0,1,3151,0,3152,G
2-PB1,1222,3192,1,3,0,3196,A
2-PB1,1223,0,3213,0,4,3217,T
2-PB1,1224,1,2,3225,0,3228,G
2-PB1,1225,3193,1,6,0,3200,A
2-PB1,1226,0,3161,0,2,3163,T
2-PB1,1227,0,3,3170,0,3173,G
2-PB1,1228,1,1,3199,0,3201,G
2-PB1,1229,1,0,3213,0,3214,G
2-PB1,1230,2,0,0,3181,3183,C
2-PB1,1231,3214,0,2,1,3217,A
2-PB1,1232,0,3222,0,4,3226,T
2-PB1,1233,0,0,3340,0,3340,G
2-PB1,1234,0,3346,0,2,3348,T
2-PB1,1235,0,3353,1,3,3357,T
2-PB1,1236,9,0,0,3368,3377,C
2-PB1,1237,3358,1,3,0,3362,A
2-PB1,1238,3357,0,9,0,3366,A
2-PB1,1239,1,1,0,3365,3367,C
2-PB1,1240,3389,0,3,0,3392,A
2-PB1,1241,0,3382,1,5,3388,T
2-PB1,1242,0,0,3398,0,3398,G
2-PB1,1243,0,1,0,3385,3386,C
2-PB1,1244,0,3409,0,2,3411,T
2-PB1,1245,3453,0,0,0,3453,A
2-PB1,1246,3439,0,2,1,3442,A
2-PB1,1247,1,0,3518,0,3519,G
2-PB1,1248,0,3497,0,1,3498,T
2-PB1,1249,3490,0,1,0,3491,A
2-PB1,1250,0,5,0,3521,3526,C
2-PB1,1251,2,2,3523,0,3527,G
2-PB1,1252,1,0,3751,0,3752,G
2-PB1,1253,0,3725,0,3,3728,T
2-PB1,1254,0,3744,0,1,3745,T
2-PB1,1255,0,3736,0,5,3741,T
2-PB1,1256,0,3735,0,1,3736,T
2-PB1,1257,3743,1,3,0,3747,A
2-PB1,1258,3,3,3729,0,3735,G
2-PB1,1259,1,9,3704,0,3714,G
2-PB1,1260,3633,1,7,1,3642,A
2-PB1,1261,0,1,3621,0,3622,G
2-PB1,1262,0,3668,0,2,3670,T
2-PB1,1263,7,0,0,3678,3685,C
2-PB1,1264,0,3685,0,2,3687,T
2-PB1,1265,2,0,0,3696,3698,C
2-PB1,1266,0,3,3706,0,3709,G
2-PB1,1267,3789,1,3,0,3793,A
2-PB1,1268,0,3823,0,1,3824,T
2-PB1,1269,3831,0,3,0,3834,A
2-PB1,1270,1,3,0,3825,3829,C
2-PB1,1271,1,3777,0,8,3786,T
2-PB1,1272,0,5,3778,0,3783,G
2-PB1,1273,3767,0,3,1,3771,A
2-PB1,1274,3833,0,1,0,3834,A
2-PB1,1275,0,3837,0,3,3840,T
2-PB1,1276,1,1,0,3771,3773,C
2-PB1,1277,0,3768,0,1,3769,T
2-PB1,1278,1,3752,0,3,3756,T
2-PB1,1279,2,4,3760,0,3766,G
2-PB1,1280,2,3,3746,2,3753,G
2-PB1,1281,3742,0,2,0,3744,A
2-PB1,1282,1,1,0,3774,3776,C
2-PB1,1283,3726,0,1,0,3727,A
2-PB1,1284,3737,0,2,0,3739,A
2-PB1,1285,3749,1,2,0,3752,A
2-PB1,1286,3770,0,2,0,3772,A
2-PB1,1287,2,0,3819,0,3821,G
2-PB1,1288,3827,0,10,1,3838,A
2-PB1,1289,3836,0,3,2,3841,A
2-PB1,1290,3850,0,2,1,3853,A
2-PB1,1291,0,3829,0,0,3829,T
2-PB1,1292,3831,0,0,0,3831,A
2-PB1,1293,0,2,0,3980,3982,C
2-PB1,1294,3930,0,2,0,3932,A
2-PB1,1295,0,1,0,3971,3972,C
2-PB1,1296,2,0,0,3934,3936,C
2-PB1,1297,3931,0,1,1,3933,A
2-PB1,1298,3957,1,1,0,3959,A
2-PB1,1299,0,1,4071,0,4072,G
2-PB1,1300,4113,0,3,0,4116,A
2-PB1,1301,1,0,0,4170,4171,C
2-PB1,1302,4066,0,5,1,4072,A
2-PB1,1303,4187,3,3,0,4193,A
2-PB1,1304,0,1,0,4215,4216,C
2-PB1,1305,4286,0,3,0,4289,A
2-PB1,1306,0,4303,0,2,4305,T
2-PB1,1307,4264,0,5,0,4269,A
2-PB1,1308,0,1,0,4346,4347,C
2-PB1,1309,1,4237,0,6,4244,T
2-PB1,1310,0,5,4312,0,4317,G
2-PB1,1311,2,0,4304,0,4306,G
2-PB1,1312,0,4221,0,5,4226,T
2-PB1,1313,1,9,4228,0,4238,G
2-PB1,1314,0,0,4181,0,4181,G
2-PB1,1315,0,1,4204,0,4205,G
2-PB1,1316,4186,0,4,0,4190,A
2-PB1,1317,0,4102,0,4,4106,T
2-PB1,1318,5,1,4120,0,4126,G
2-PB1,1319,1,1,4102,0,4104,G
2-PB1,1320,0,0,4131,0,4131,G
2-PB1,1321,1,1,0,4171,4173,C
2-PB1,1322,0,4155,0,9,4164,T
2-PB1,1323,2,0,0,4200,4202,C
2-PB1,1324,4,0,0,4182,4186,C
2-PB1,1325,4188,0,7,1,4196,A
2-PB1,1326,4180,0,1,2,4183,A
2-PB1,1327,0,4159,0,4,4163,T
2-PB1,1328,4,0,0,4139,4143,C
2-PB1,1329,4,1,0,4119,4124,C
2-PB1,1330,0,4070,0,5,4075,T
2-PB1,1331,3,0,0,4071,4074,C
2-PB1,1332,5,3,0,4056,4064,C
2-PB1,1333,3,0,4074,0,4077,G
2-PB1,1334,4061,0,2,0,4063,A
2-PB1,1335,0,2,0,4054,4056,C
2-PB1,1336,0,7,4066,0,4073,G
2-PB1,1337,4085,0,0,0,4085,A
2-PB1,1338,0,4075,0,4,4079,T
2-PB1,1339,0,4073,0,6,4079,T
2-PB1,1340,0,4072,0,3,4075,T
2-PB1,1341,0,4084,0,2,4086,T
2-PB1,1342,2,1,4090,0,4093,G
2-PB1,1343,0,4,0,4108,4112,C
2-PB1,1344,8,1,0,4109,4118,C
2-PB1,1345,5,1,0,4265,4271,C
2-PB1,1346,0,4248,1,12,4261,T
2-PB1,1347,2,1,1,4449,4453,C
2-PB1,1348,4484,1,1,0,4486,A
2-PB1,1349,0,4515,0,2,4517,T
2-PB1,1350,4508,0,2,0,4510,A
2-PB1,1351,2,2,4562,0,4566,G
2-PB1,1352,0,4467,1,3,4471,T
2-PB1,1353,2,3,4522,0,4527,G
2-PB1,1354,4374,0,2,0,4376,A
2-PB1,1355,4374,0,4,0,4378,A
2-PB1,1356,0,4130,0,7,4137,T
2-PB1,1357,0,0,4138,0,4138,G
2-PB1,1358,2,3,0,4161,4166,C
2-PB1,1359,4145,1,6,0,4152,A
2-PB1,1360,1,2,0,4175,4178,C
2-PB1,1361,3,3,0,4141,4147,C
2-PB1,1362,4128,1,1,0,4130,A
2-PB1,1363,4116,0,3,0,4119,A
2-PB1,1364,4104,0,1,0,4105,A
2-PB1,1365,0,4013,0,5,4018,T
2-PB1,1366,3,0,0,4124,4127,C
2-PB1,1367,4119,0,0,1,4120,A
2-PB1,1368,1,4128,0,1,4130,T
2-PB1,1369,0,4,4132,0,4136,G
2-PB1,1370,4132,1,7,0,4140,A
2-PB1,1371,2,5,4174,0,4181,G
2-PB1,1372,0,3,4154,0,4157,G
2-PB1,1373,1,3,4182,1,4187,G
2-PB1,1374,4150,0,7,0,4157,A
2-PB1,1375,4219,1,6,0,4226,A
2-PB1,1376,0,4242,0,1,4243,T
2-PB1,1377,4231,1,3,0,4235,A
2-PB1,1378,2,2,0,4252,4256,C
2-PB1,1379,4265,0,5,0,4270,A
2-PB1,1380,4242,0,9,1,4252,A
2-PB1,1381,0,0,4237,2,4239,G
2-PB1,1382,0,1,0,4200,4201,C
2-PB1,1383,4169,1,5,0,4175,A
2-PB1,1384,2,3,4192,0,4197,G
2-PB1,1385,0,8,4193,0,4201,G
2-PB1,1386,4161,0,3,0,4164,A
2-PB1,1387,0,0,4202,0,4202,G
2-PB1,1388,1,4114,0,4,4119,T
2-PB1,1389,2,7,4168,0,4177,G
2-PB1,1390,0,3,4180,0,4183,G
2-PB1,1391,4161,1,8,1,4171,A
2-PB1,1392,0,4169,0,4,4173,T
2-PB1,1393,4111,0,1,0,4112,A
2-PB1,1394,1,0,4142,0,4143,G
2-PB1,1395,4168,0,4,1,4173,A
2-PB1,1396,0,4158,0,3,4161,T
2-PB1,1397,0,4161,1,1,4163,T
2-PB1,1398,2,1,0,4302,4305,C
2-PB1,1399,1,4282,0,4,4287,T
2-PB1,1400,4275,0,5,2,4282,A
2-PB1,1401,0,2,0,4285,4287,C
2-PB1,1402,4196,2,9,1,4208,A
2-PB1,1403,2,3,4187,0,4192,G
2-PB1,1404,0,4,4111,0,4115,G
2-PB1,1405,4147,0,5,0,4152,A
2-PB1,1406,1,1,0,4145,4147,C
2-PB1,1407,4,1,0,4065,4070,C
2-PB1,1408,1,4039,2,7,4049,T
2-PB1,1409,0,1,4051,0,4052,G
2-PB1,1410,1,1,0,4053,4055,C
2-PB1,1411,4046,1,8,2,4057,A
2-PB1,1412,4069,0,10,0,4079,A
2-PB1,1413,1,0,4092,0,4093,G
2-PB1,1414,0,3998,0,5,4003,T
2-PB1,1415,0,4022,0,1,4023,T
2-PB1,1416,3958,0,5,1,3964,A
2-PB1,1417,2,1,3972,0,3975,G
2-PB1,1418,0,3941,1,2,3944,T
2-PB1,1419,0,4,3938,0,3942,G
2-PB1,1420,2,5,3930,0,3937,G
2-PB1,1421,1,3,3949,0,3953,G
2-PB1,1422,3933,0,5,0,3938,A
2-PB1,1423,3945,0,4,1,3950,A
2-PB1,1424,0,3940,0,1,3941,T
2-PB1,1425,9,1,0,3945,3955,C
2-PB1,1426,3941,0,6,0,3947,A
2-PB1,1427,3952,0,5,0,3957,A
2-PB1,1428,1,3,0,3935,3939,C
2-PB1,1429,3945,0,1,0,3946,A
2-PB1,1430,0,3823,0,3,3826,T
2-PB1,1431,0,9,3833,0,3842,G
2-PB1,1432,3822,0,10,0,3832,A
2-PB1,1433,0,2,3860,0,3862,G
2-PB1,1434,2,1,0,3852,3855,C
2-PB1,1435,3858,1,2,0,3861,A
2-PB1,1436,3859,0,3,1,3863,A
2-PB1,1437,3858,1,5,0,3864,A
2-PB1,1438,3886,0,7,0,3893,A
2-PB1,1439,3891,1,3,0,3895,A
2-PB1,1440,2,3,3875,0,3880,G
2-PB1,1441,3850,0,6,0,3856,A
2-PB1,1442,3806,0,11,1,3818,A
2-PB1,1443,1,1,3967,0,3969,G
2-PB1,1444,0,3952,0,3,3955,T
2-PB1,1445,4,0,0,3959,3963,C
2-PB1,1446,3,2,0,3977,3982,C
2-PB1,1447,0,3973,1,4,3978,T
2-PB1,1448,4045,0,3,0,4048,A
2-PB1,1449,0,4037,0,1,4038,T
2-PB1,1450,4033,0,0,0,4033,A
2-PB1,1451,0,4030,0,2,4032,T
2-PB1,1452,3947,0,1,0,3948,A
2-PB1,1453,3949,1,6,0,3956,A
2-PB1,1454,3938,0,1,0,3939,A
2-PB1,1455,0,3932,2,2,3936,T
2-PB1,1456,3907,0,0,0,3907,A
2-PB1,1457,3889,0,6,0,3895,A
2-PB1,1458,3898,0,2,0,3900,A
2-PB1,1459,3888,0,7,0,3895,A
2-PB1,1460,1,0,0,3897,3898,C
2-PB1,1461,3734,0,3,0,3737,A
2-PB1,1462,0,3,3751,0,3754,G
2-PB1,1463,1,6,3733,0,3740,G
2-PB1,1464,1,3,3742,0,3746,G
2-PB1,1465,3714,1,4,1,3720,A
2-PB1,1466,0,1,0,3754,3755,C
2-PB1,1467,3718,0,2,0,3720,A
2-PB1,1468,0,3753,0,2,3755,T
2-PB1,1469,0,3753,0,2,3755,T
2-PB1,1470,0,3755,0,5,3760,T
2-PB1,1471,1,5,3749,0,3755,G
2-PB1,1472,3732,0,3,0,3735,A
2-PB1,1473,3735,0,2,0,3737,A
2-PB1,1474,0,3733,0,2,3735,T
2-PB1,1475,0,3676,0,0,3676,T
2-PB1,1476,9,2,0,3686,3697,C
2-PB1,1477,3637,0,3,0,3640,A
2-PB1,1478,1,1,0,3658,3660,C
2-PB1,1479,0,3664,0,2,3666,T
2-PB1,1480,3658,1,3,0,3662,A
2-PB1,1481,0,0,3652,0,3652,G
2-PB1,1482,1,0,0,3654,3655,C
2-PB1,1483,0,3621,0,3,3624,T
2-PB1,1484,0,3665,0,2,3667,T
2-PB1,1485,0,3650,0,3,3653,T
2-PB1,1486,1,3665,0,1,3667,T
2-PB1,1487,0,3663,0,2,3665,T
2-PB1,1488,0,3660,0,1,3661,T
2-PB1,1489,0,3647,0,0,3647,T
2-PB1,1490,3636,0,0,0,3636,A
2-PB1,1491,0,3619,0,1,3620,T
2-PB1,1492,2,0,0,3632,3634,C
2-PB1,1493,0,2,3661,0,3663,G
2-PB1,1494,3792,0,0,0,3792,A
2-PB1,1495,0,3786,1,2,3789,T
2-PB1,1496,3796,0,1,0,3797,A
2-PB1,1497,0,3820,0,4,3824,T
2-PB1,1498,1,4,3809,0,3814,G
2-PB1,1499,2,2,3821,0,3825,G
2-PB1,1500,3827,0,3,0,3830,A
2-PB1,1501,0,3804,1,0,3805,T
2-PB1,1502,0,3780,0,1,3781,T
2-PB1,1503,0,3664,0,1,3665,T
2-PB1,1504,0,0,3682,0,3682,G
2-PB1,1505,0,3637,0,2,3639,T
2-PB1,1506,1,2,3644,0,3647,G
2-PB1,1507,3,0,3619,0,3622,G
2-PB1,1508,0,2,0,3577,3579,C
2-PB1,1509,0,3626,0,2,3628,T
2-PB1,1510,3640,0,0,0,3640,A
2-PB1,1511,3642,0,1,0,3643,A
2-PB1,1512,0,3661,0,0,3661,T
2-PB1,1513,0,3678,0,1,3679,T
2-PB1,1514,0,3661,0,1,3662,T
2-PB1,1515,0,3668,0,0,3668,T
2-PB1,1516,3677,0,3,0,3680,A
2-PB1,1517,1,0,3701,0,3702,G
2-PB1,1518,1,2,0,3700,3703,C
2-PB1,1519,3712,0,0,0,3712,A
2-PB1,1520,1,3660,0,7,3668,T
2-PB1,1521,2,3,3623,0,3628,G
2-PB1,1522,0,2,3674,0,3676,G
2-PB1,1523,3667,0,5,0,3672,A
2-PB1,1524,0,1,3668,0,3669,G
2-PB1,1525,1,1,0,3646,3648,C
2-PB1,1526,0,3621,0,3,3624,T
2-PB1,1527,0,2,3651,0,3653,G
2-PB1,1528,0,1,0,3595,3596,C
2-PB1,1529,6,1,1,3579,3587,C
2-PB1,1530,3,0,0,3653,3656,C
2-PB1,1531,3571,0,3,0,3574,A
2-PB1,1532,0,1,3798,0,3799,G
2-PB1,1533,1,3793,0,2,3796,T
2-PB1,1534,0,3795,0,3,3798,T
2-PB1,1535,0,3781,1,1,3783,T
2-PB1,1536,0,3750,0,0,3750,T
2-PB1,1537,0,3,3745,0,3748,G
2-PB1,1538,2,5,3731,0,3738,G
2-PB1,1539,3727,0,5,0,3732,A
2-PB1,1540,0,0,3746,0,3746,G
2-PB1,1541,0,3427,0,3,3430,T
2-PB1,1542,1,0,3644,0,3645,G
2-PB1,1543,0,3620,0,3,3623,T
2-PB1,1544,9,3,0,3622,3634,C
2-PB1,1545,1,3635,0,5,3641,T
2-PB1,1546,4,1,3640,0,3645,G
2-PB1,1547,3,1,3683,0,3687,G
2-PB1,1548,3697,0,2,0,3699,A
2-PB1,1549,3704,0,3,1,3708,A
2-PB1,1550,0,3684,0,2,3686,T
2-PB1,1551,3349,0,2,0,3351,A
2-PB1,1552,3342,0,5,0,3347,A
2-PB1,1553,3335,0,2,2,3339,A
2-PB1,1554,0,2,1,3346,3349,C
2-PB1,1555,0,2,3319,0,3321,G
2-PB1,1556,3281,0,1,0,3282,A
2-PB1,1557,1,1,3266,0,3268,G
2-PB1,1558,0,3265,0,3,3268,T
2-PB1,1559,3,2,1,3286,3292,C
2-PB1,1560,3292,0,7,0,3299,A
2-PB1,1561,0,2,3340,0,3342,G
2-PB1,1562,0,2,1,3339,3342,C
2-PB1,1563,1,3333,0,4,3338,T
2-PB1,1564,0,3,3441,0,3444,G
2-PB1,1565,3424,0,5,0,3429,A
2-PB1,1566,0,3436,0,0,3436,T
2-PB1,1567,3437,1,3,0,3441,A
2-PB1,1568,0,3388,0,2,3390,T
2-PB1,1569,0,6,3423,0,3429,G
2-PB1,1570,3284,2,7,0,3293,A
2-PB1,1571,1,0,3348,0,3349,G
2-PB1,1572,0,1,0,3349,3350,C
2-PB1,1573,3193,0,2,0,3195,A
2-PB1,1574,0,3193,0,1,3194,T
2-PB1,1575,0,3194,0,4,3198,T
2-PB1,1576,2,4,3233,0,3239,G
2-PB1,1577,0,2,3362,1,3365,G
2-PB1,1578,3301,0,11,0,3312,A
2-PB1,1579,0,0,3315,0,3315,G
2-PB1,1580,0,3196,1,1,3198,T
2-PB1,1581,3202,0,2,0,3204,A
2-PB1,1582,3207,0,0,0,3207,A
2-PB1,1583,0,0,0,3221,3221,C
2-PB1,1584,3191,0,1,0,3192,A
2-PB1,1585,0,1,3252,0,3253,G
2-PB1,1586,1,2902,0,2,2905,T
2-PB1,1587,3,1,2931,0,2935,G
2-PB1,1588,2967,0,4,1,2972,A
2-PB1,1589,0,2966,0,1,2967,T
2-PB1,1590,2970,0,3,0,2973,A
2-PB1,1591,2969,0,1,0,2970,A
2-PB1,1592,2883,0,12,0,2895,A
2-PB1,1593,1,0,2932,0,2933,G
2-PB1,1594,2785,0,4,0,2789,A
2-PB1,1595,2788,1,5,0,2794,A
2-PB1,1596,0,0,0,2797,2797,C
2-PB1,1597,2683,0,1,0,2684,A
2-PB1,1598,2696,0,4,0,2700,A
2-PB1,1599,0,0,0,2712,2712,C
2-PB1,1600,2737,0,5,0,2742,A
2-PB1,1601,1,2733,14,0,2748,T
2-PB1,1602,0,1,2713,0,2714,G
2-PB1,1603,2711,1,1,0,2713,A
2-PB1,1604,0,2715,0,1,2716,T
2-PB1,1605,2689,0,0,0,2689,A
2-PB1,1606,2719,0,4,0,2723,A
2-PB1,1607,2680,0,3,0,2683,A
2-PB1,1608,0,0,0,2700,2700,C
2-PB1,1609,2601,0,0,0,2601,A
2-PB1,1610,2599,0,1,0,2600,A
2-PB1,1611,1,2523,0,2,2526,T
2-PB1,1612,0,6,2537,0,2543,G
2-PB1,1613,2590,0,3,0,2593,A
2-PB1,1614,1,0,0,2628,2629,C
2-PB1,1615,3,1,0,2592,2596,C
2-PB1,1616,0,2521,0,2,2523,T
2-PB1,1617,0,2478,0,2,2480,T
2-PB1,1618,0,2,2482,0,2484,G
2-PB1,1619,0,4,2509,0,2513,G
2-PB1,1620,2528,0,2,0,2530,A
2-PB1,1621,0,1,0,2523,2524,C
2-PB1,1622,3,0,0,2490,2493,C
2-PB1,1623,2468,0,2,0,2470,A
2-PB1,1624,0,0,2474,0,2474,G
2-PB1,1625,1,0,0,2471,2472,C
2-PB1,1626,2481,0,2,0,2483,A
2-PB1,1627,2472,0,1,0,2473,A
2-PB1,1628,0,2,0,2470,2472,C
2-PB1,1629,2446,0,2,0,2448,A
2-PB1,1630,0,1,2494,0,2495,G
2-PB1,1631,0,0,0,2485,2485,C
2-PB1,1632,2,0,0,2492,2494,C
2-PB1,1633,1,1,0,2495,2497,C
2-PB1,1634,2512,0,1,0,2513,A
2-PB1,1635,2507,3,3,0,2513,A
2-PB1,1636,2508,0,0,0,2508,A
2-PB1,1637,0,2499,0,0,2499,T
2-PB1,1638,0,1,2495,0,2496,G
2-PB1,1639,3,0,2455,0,2458,G
2-PB1,1640,0,2,0,2455,2457,C
2-PB1,1641,0,2454,0,5,2459,T
2-PB1,1642,4,0,0,2531,2535,C
2-PB1,1643,0,2523,0,6,2529,T
2-PB1,1644,1,0,0,2548,2549,C
2-PB1,1645,0,2,0,2586,2588,C
2-PB1,1646,2585,0,2,0,2587,A
2-PB1,1647,2581,0,1,0,2582,A
2-PB1,1648,0,2558,1,1,2560,T
2-PB1,1649,1,2553,0,0,2554,T
2-PB1,1650,0,0,2554,0,2554,G
2-PB1,1651,0,2510,0,3,2513,T
2-PB1,1652,0,2500,0,3,2503,T
2-PB1,1653,2,1,0,2511,2514,C
2-PB1,1654,2514,0,0,0,2514,A
2-PB1,1655,0,2501,1,2,2504,T
2-PB1,1656,2,1,0,2513,2516,C
2-PB1,1657,2531,1,1,0,2533,A
2-PB1,1658,2520,0,1,0,2521,A
2-PB1,1659,2514,0,2,1,2517,A
2-PB1,1660,0,4,2571,0,2575,G
2-PB1,1661,2572,0,3,0,2575,A
2-PB1,1662,0,2577,0,1,2578,T
2-PB1,1663,0,2587,2,0,2589,T
2-PB1,1664,2580,0,4,1,2585,A
2-PB1,1665,0,2,0,2637,2639,C
2-PB1,1666,2636,0,4,0,2640,A
2-PB1,1667,1,0,2667,0,2668,G
2-PB1,1668,2653,1,4,0,2658,A
2-PB1,1669,0,2709,0,0,2709,T
2-PB1,1670,2709,0,1,0,2710,A
2-PB1,1671,0,1,0,2863,2864,C
2-PB1,1672,2905,0,3,0,2908,A
2-PB1,1673,0,1,0,3125,3126,C
2-PB1,1674,3080,0,1,0,3081,A
2-PB1,1675,1,3114,0,1,3116,T
2-PB1,1676,3095,0,0,0,3095,A
2-PB1,1677,0,3078,1,2,3081,T
2-PB1,1678,2990,0,2,1,2993,A
2-PB1,1679,0,0,2984,0,2984,G
2-PB1,1680,1,2,2941,0,2944,G
2-PB1,1681,1,2783,1,2,2787,T
2-PB1,1682,1,0,2781,1,2783,G
2-PB1,1683,0,1,0,2861,2862,C
2-PB1,1684,2,2,0,2889,2893,C
2-PB1,1685,2949,0,2,1,2952,A
2-PB1,1686,0,2959,0,0,2959,T
2-PB1,1687,2966,0,0,0,2966,A
2-PB1,1688,0,2,2972,1,2975,G
2-PB1,1689,2893,0,2,0,2895,A
2-PB1,1690,0,1,2906,0,2907,G
2-PB1,1691,1,2,2898,0,2901,G
2-PB1,1692,2808,1,3,0,2812,A
2-PB1,1693,4,2,2815,0,2821,G
2-PB1,1694,2787,0,6,0,2793,A
2-PB1,1695,2,3,0,2803,2808,C
2-PB1,1696,2792,1,3,0,2796,A
2-PB1,1697,0,0,0,2831,2831,C
2-PB1,1698,2820,0,7,0,2827,A
2-PB1,1699,0,1,0,2841,2842,C
2-PB1,1700,2819,0,3,0,2822,A
2-PB1,1701,2838,1,2,0,2841,A
2-PB1,1702,2861,0,3,0,2864,A
2-PB1,1703,1,2845,0,1,2847,T
2-PB1,1704,1,0,0,2847,2848,C
2-PB1,1705,4,1,0,2845,2850,C
2-PB1,1706,2833,1,0,0,2834,A
2-PB1,1707,1,3,2846,0,2850,G
2-PB1,1708,2836,0,3,0,2839,A
2-PB1,1709,0,0,1,2854,2855,C
2-PB1,1710,2,4,2843,0,2849,G
2-PB1,1711,2821,0,0,0,2821,A
2-PB1,1712,0,4,2829,0,2833,G
2-PB1,1713,2821,0,3,0,2824,A
2-PB1,1714,2836,0,1,0,2837,A
2-PB1,1715,0,3,2840,0,2843,G
2-PB1,1716,2830,0,0,0,2830,A
2-PB1,1717,0,2831,0,1,2832,T
2-PB1,1718,1,1,0,2801,2803,C
2-PB1,1719,2812,0,1,0,2813,A
2-PB1,1720,0,2793,0,2,2795,T
2-PB1,1721,0,2789,0,0,2789,T
2-PB1,1722,1,3,0,2800,2804,C
2-PB1,1723,0,4,2804,0,2808,G
2-PB1,1724,2789,1,1,0,2791,A
2-PB1,1725,1,0,2794,0,2795,G
2-PB1,1726,2778,0,3,0,2781,A
2-PB1,1727,0,2867,0,0,2867,T
2-PB1,1728,2868,0,4,0,2872,A
2-PB1,1729,2887,0,1,0,2888,A
2-PB1,1730,2874,1,4,1,2880,A
2-PB1,1731,0,0,2886,0,2886,G
2-PB1,1732,2886,0,0,0,2886,A
2-PB1,1733,2780,0,3,0,2783,A
2-PB1,1734,0,1,2801,0,2802,G
2-PB1,1735,0,1,0,2794,2795,C
2-PB1,1736,0,2775,0,1,2776,T
2-PB1,1737,1,0,2798,0,2799,G
2-PB1,1738,0,2767,0,1,2768,T
2-PB1,1739,1,1,2779,0,2781,G
2-PB1,1740,1,0,2776,0,2777,G
2-PB1,1741,1,1,2805,0,2807,G
2-PB1,1742,2806,0,3,0,2809,A
2-PB1,1743,0,2784,0,1,2785,T
2-PB1,1744,2,0,0,2778,2780,C
2-PB1,1745,2782,0,2,0,2784,A
2-PB1,1746,2802,1,4,0,2807,A
2-PB1,1747,2810,0,2,0,2812,A
2-PB1,1748,3,0,0,2808,2811,C
2-PB1,1749,0,1,0,2787,2788,C
2-PB1,1750,9,0,0,2795,2804,C
2-PB1,1751,2813,0,1,0,2814,A
2-PB1,1752,2865,0,4,0,2869,A
2-PB1,1753,0,2842,0,1,2843,T
2-PB1,1754,3,0,0,2862,2865,C
2-PB1,1755,2834,0,2,0,2836,A
2-PB1,1756,2812,0,4,0,2816,A
2-PB1,1757,1,2,2850,0,2853,G
2-PB1,1758,2,3,2828,0,2833,G
2-PB1,1759,1,0,2812,0,2813,G
2-PB1,1760,0,0,0,2836,2836,C
2-PB1,1761,2771,0,7,0,2778,A
2-PB1,1762,1,3,2846,0,2850,G
2-PB1,1763,2,2,2871,0,2875,G
2-PB1,1764,2893,0,2,0,2895,A
2-PB1,1765,0,0,0,2927,2927,C
2-PB1,1766,0,2848,0,1,2849,T
2-PB1,1767,2925,0,3,0,2928,A
2-PB1,1768,0,2913,0,2,2915,T
2-PB1,1769,0,2934,0,1,2935,T
2-PB1,1770,0,2,2937,0,2939,G
2-PB1,1771,1,0,2946,0,2947,G
2-PB1,1772,0,2902,0,5,2907,T
2-PB1,1773,2915,1,4,0,2920,A
2-PB1,1774,0,2860,0,2,2862,T
2-PB1,1775,2,1,0,2872,2875,C
2-PB1,1776,2808,0,0,0,2808,A
2-PB1,1777,1,0,2844,0,2845,G
2-PB1,1778,2830,0,4,0,2834,A
2-PB1,1779,0,2818,0,1,2819,T
2-PB1,1780,0,0,2716,0,2716,G
2-PB1,1781,0,4,2716,0,2720,G
2-PB1,1782,0,1,2714,0,2715,G
2-PB1,1783,1,4,2714,0,2719,G
2-PB1,1784,1,4,2705,0,2710,G
2-PB1,1785,2699,0,4,0,2703,A
2-PB1,1786,0,0,1,2705,2706,C
2-PB1,1787,3,0,0,2685,2688,C
2-PB1,1788,2702,0,0,0,2702,A
2-PB1,1789,2875,0,2,0,2877,A
2-PB1,1790,2873,0,4,0,2877,A
2-PB1,1791,0,0,0,2957,2957,C
2-PB1,1792,0,2929,0,1,2930,T
2-PB1,1793,0,2932,1,0,2933,T
2-PB1,1794,2948,0,1,0,2949,A
2-PB1,1795,0,2943,0,2,2945,T
2-PB1,1796,2934,0,3,0,2937,A
2-PB1,1797,0,0,0,2957,2957,C
2-PB1,1798,2735,0,0,0,2735,A
2-PB1,1799,2756,0,1,0,2757,A
2-PB1,1800,0,2675,0,1,2676,T
2-PB1,1801,2700,0,1,1,2702,A
2-PB1,1802,0,2694,0,0,2694,T
2-PB1,1803,2,2,0,2682,2686,C
2-PB1,1804,2,2,0,2680,2684,C
2-PB1,1805,0,3,2686,0,2689,G
2-PB1,1806,1,2,2696,0,2699,G
2-PB1,1807,2683,0,2,0,2685,A
2-PB1,1808,2692,0,2,0,2694,A
2-PB1,1809,0,2692,0,1,2693,T
2-PB1,1810,0,0,0,2708,2708,C
2-PB1,1811,0,2698,0,1,2699,T
2-PB1,1812,0,2703,0,1,2704,T
2-PB1,1813,1,1,0,2703,2705,C
2-PB1,1814,2697,1,3,0,2701,A
2-PB1,1815,0,1,1,2715,2717,C
2-PB1,1816,2717,0,0,0,2717,A
2-PB1,1817,0,2918,0,3,2921,T
2-PB1,1818,0,0,0,2926,2926,C
2-PB1,1819,4,0,0,2929,2933,C
2-PB1,1820,6,1,0,2953,2960,C
2-PB1,1821,0,2956,0,4,2960,T
2-PB1,1822,0,0,2976,0,2976,G
2-PB1,1823,2963,1,0,0,2964,A
2-PB1,1824,2952,0,3,1,2956,A
2-PB1,1825,0,0,2969,0,2969,G
2-PB1,1826,0,2785,0,3,2788,T
2-PB1,1827,2,3,0,2801,2806,C
2-PB1,1828,1,2740,0,1,2742,T
2-PB1,1829,1,1,2799,0,2801,G
2-PB1,1830,0,0,0,2801,2801,C
2-PB1,1831,0,2809,0,2,2811,T
2-PB1,1832,0,2819,1,1,2821,T
2-PB1,1833,2826,1,0,0,2827,A
2-PB1,1834,2816,0,0,0,2816,A
2-PB1,1835,2816,0,0,0,2816,A
2-PB1,1836,2749,0,3,0,2752,A
2-PB1,1837,0,2773,0,2,2775,T
2-PB1,1838,1,5,2763,0,2769,G
2-PB1,1839,1,2,2762,0,2765,G
2-PB1,1840,0,2,2767,0,2769,G
2-PB1,1841,2738,0,5,0,2743,A
2-PB1,1842,1,0,2775,0,2776,G
2-PB1,1843,7,0,0,2760,2767,C
2-PB1,1844,0,2771,0,5,2776,T
2-PB1,1845,1,0,2792,0,2793,G
2-PB1,1846,2776,2,1,0,2779,A
2-PB1,1847,0,2790,0,0,2790,T
2-PB1,1848,3,3,2803,0,2809,G
2-PB1,1849,0,1,2817,0,2818,G
2-PB1,1850,2803,0,4,1,2808,A
2-PB1,1851,0,2800,0,3,2803,T
2-PB1,1852,0,4,2802,0,2806,G
2-PB1,1853,2790,0,1,0,2791,A
2-PB1,1854,0,4,2804,0,2808,G
2-PB1,1855,2821,0,4,0,2825,A
2-PB1,1856,2809,0,2,0,2811,A
2-PB1,1857,1,2799,0,0,2800,T
2-PB1,1858,0,2793,0,0,2793,T
2-PB1,1859,2805,0,0,0,2805,A
2-PB1,1860,0,2798,0,1,2799,T
2-PB1,1861,0,0,0,2809,2809,C
2-PB1,1862,1,5,2797,0,2803,G
2-PB1,1863,2,4,2764,0,2770,G
2-PB1,1864,1,3,2777,0,2781,G
2-PB1,1865,0,2,2774,0,2776,G
2-PB1,1866,2778,0,2,0,2780,A
2-PB1,1867,2773,0,5,0,2778,A
2-PB1,1868,0,2,2788,0,2790,G
2-PB1,1869,2801,0,2,0,2803,A
2-PB1,1870,0,1,0,2824,2825,C
2-PB1,1871,0,2814,0,3,2817,T
2-PB1,1872,0,2869,1,2,2872,T
2-PB1,1873,0,2889,0,0,2889,T
2-PB1,1874,0,0,2907,0,2907,G
2-PB1,1875,0,2906,0,0,2906,T
2-PB1,1876,2894,0,1,0,2895,A
2-PB1,1877,2868,0,2,0,2870,A
2-PB1,1878,1,2800,0,1,2802,T
2-PB1,1879,3,0,0,2817,2820,C
2-PB1,1880,2,2,0,2821,2825,C
2-PB1,1881,4,0,0,2801,2805,C
2-PB1,1882,5,1,0,2820,2826,C
2-PB1,1883,0,2816,0,3,2819,T
2-PB1,1884,0,4,2829,0,2833,G
2-PB1,1885,2817,1,0,0,2818,A
2-PB1,1886,2828,0,0,0,2828,A
2-PB1,1887,0,2830,0,7,2837,T
2-PB1,1888,0,1,0,2828,2829,C
2-PB1,1889,2,1,0,2805,2808,C
2-PB1,1890,2,2,0,2787,2791,C
2-PB1,1891,0,2798,1,4,2803,T
2-PB1,1892,1,2813,0,1,2815,T
2-PB1,1893,0,2788,0,1,2789,T
2-PB1,1894,0,0,2798,0,2798,G
2-PB1,1895,1,2774,0,3,2778,T
2-PB1,1896,5,1,0,2775,2781,C
2-PB1,1897,2746,0,2,1,2749,A
2-PB1,1898,1,0,2787,0,2788,G
2-PB1,1899,0,0,0,2770,2770,C
2-PB1,1900,3,0,0,2796,2799,C
2-PB1,1901,2807,0,2,1,2810,A
2-PB1,1902,0,2812,0,0,2812,T
2-PB1,1903,2808,0,0,0,2808,A
2-PB1,1904,2816,0,0,0,2816,A
2-PB1,1905,2809,1,4,0,2814,A
2-PB1,1906,0,2,2849,0,2851,G
2-PB1,1907,2804,0,0,0,2804,A
2-PB1,1908,2803,0,2,0,2805,A
2-PB1,1909,2798,0,2,0,2800,A
2-PB1,1910,0,2776,0,1,2777,T
2-PB1,1911,0,2780,0,2,2782,T
2-PB1,1912,0,11,2775,1,2787,G
2-PB1,1913,2765,0,0,0,2765,A
2-PB1,1914,0,0,2815,0,2815,G
2-PB1,1915,0,2791,0,2,2793,T
2-PB1,1916,1,1,0,2803,2805,C
2-PB1,1917,0,2795,1,3,2799,T
2-PB1,1918,1,0,2856,0,2857,G
2-PB1,1919,0,2850,1,1,2852,T
2-PB1,1920,2892,0,1,0,2893,A
2-PB1,1921,2885,0,1,2,2888,A
2-PB1,1922,2889,0,1,0,2890,A
2-PB1,1923,0,1,0,2896,2897,C
2-PB1,1924,2823,0,0,0,2823,A
2-PB1,1925,2864,0,1,0,2865,A
2-PB1,1926,0,2856,0,1,2857,T
2-PB1,1927,0,1,2843,0,2844,G
2-PB1,1928,0,1,0,2859,2860,C
2-PB1,1929,0,2836,1,3,2840,T
2-PB1,1930,1,1,2931,0,2933,G
2-PB1,1931,0,2930,0,2,2932,T
2-PB1,1932,2993,0,1,0,2994,A
2-PB1,1933,2,0,3003,0,3005,G
2-PB1,1934,0,2926,1,2,2929,T
2-PB1,1935,2919,0,2,0,2921,A
2-PB1,1936,2890,0,1,0,2891,A
2-PB1,1937,0,2851,0,2,2853,T
2-PB1,1938,1,1,2840,0,2842,G
2-PB1,1939,0,2,0,2789,2791,C
2-PB1,1940,1,0,0,2777,2778,C
2-PB1,1941,2728,0,5,0,2733,A
2-PB1,1942,0,0,2780,0,2780,G
2-PB1,1943,0,2,0,2808,2810,C
2-PB1,1944,1,1,0,2804,2806,C
2-PB1,1945,3,1,0,2833,2837,C
2-PB1,1946,2799,0,3,0,2802,A
2-PB1,1947,1,2797,0,1,2799,T
2-PB1,1948,0,0,2805,1,2806,G
2-PB1,1949,0,0,2828,0,2828,G
2-PB1,1950,0,2804,0,1,2805,T
2-PB1,1951,5,0,0,2731,2736,C
2-PB1,1952,2,0,0,2692,2694,C
2-PB1,1953,1,2681,0,4,2686,T
2-PB1,1954,0,2,2737,0,2739,G
2-PB1,1955,1,0,0,2721,2722,C
2-PB1,1956,1,2,1,2737,2741,C
2-PB1,1957,2746,0,1,1,2748,A
2-PB1,1958,2691,0,1,0,2692,A
2-PB1,1959,2702,0,0,1,2703,A
2-PB1,1960,2697,0,1,0,2698,A
2-PB1,1961,1,2,2736,0,2739,G
2-PB1,1962,0,2680,0,0,2680,T
2-PB1,1963,2694,0,0,0,2694,A
2-PB1,1964,1,2682,1,0,2684,T
2-PB1,1965,0,3,2685,0,2688,G
2-PB1,1966,0,4,2734,0,2738,G
2-PB1,1967,2735,0,1,0,2736,A
2-PB1,1968,2773,0,1,0,2774,A
2-PB1,1969,0,2753,0,1,2754,T
2-PB1,1970,2706,0,1,0,2707,A
2-PB1,1971,0,2703,0,2,2705,T
2-PB1,1972,1,4,2687,0,2692,G
2-PB1,1973,2686,0,2,0,2688,A
2-PB1,1974,0,2674,0,0,2674,T
2-PB1,1975,1,0,2599,0,2600,G
2-PB1,1976,2,0,0,2585,2587,C
2-PB1,1977,1,0,0,2569,2570,C
2-PB1,1978,1,0,2587,0,2588,G
2-PB1,1979,1,2583,0,1,2585,T
2-PB1,1980,0,2589,0,0,2589,T
2-PB1,1981,0,3,2593,0,2596,G
2-PB1,1982,1,1,0,2639,2641,C
2-PB1,1983,2642,0,2,0,2644,A
2-PB1,1984,2677,0,2,0,2679,A
2-PB1,1985,0,0,0,2690,2690,C
2-PB1,1986,0,2671,0,1,2672,T
2-PB1,1987,2683,0,1,0,2684,A
2-PB1,1988,0,2,0,2682,2684,C
2-PB1,1989,2673,0,4,0,2677,A
2-PB1,1990,0,0,0,2676,2676,C
2-PB1,1991,2552,0,3,0,2555,A
2-PB1,1992,2,0,0,2783,2785,C
2-PB1,1993,0,2707,0,1,2708,T
2-PB1,1994,2,0,0,2732,2734,C
2-PB1,1995,1,2,0,2722,2725,C
2-PB1,1996,1,2706,1,3,2711,T
2-PB1,1997,1,1,2711,0,2713,G
2-PB1,1998,1,0,2716,0,2717,G
2-PB1,1999,2707,0,1,0,2708,A
2-PB1,2000,0,2699,0,2,2701,T
2-PB1,2001,1,2417,0,1,2419,T
2-PB1,2002,1,0,0,2434,2435,C
2-PB1,2003,4,0,0,2429,2433,C
2-PB1,2004,3,0,0,2441,2444,C
2-PB1,2005,2456,0,2,0,2458,A
2-PB1,2006,2456,0,1,0,2457,A
2-PB1,2007,0,1,2459,0,2460,G
2-PB1,2008,2442,0,3,0,2445,A
2-PB1,2009,0,0,2445,0,2445,G
2-PB1,2010,1,2,2435,0,2438,G
2-PB1,2011,2398,0,3,0,2401,A
2-PB1,2012,2399,0,5,0,2404,A
2-PB1,2013,1,0,0,2395,2396,C
2-PB1,2014,3,2,0,2372,2377,C
2-PB1,2015,1,0,2411,0,2412,G
2-PB1,2016,0,1,0,2404,2405,C
2-PB1,2017,0,2406,0,3,2409,T
2-PB1,2018,1,0,0,2420,2421,C
2-PB1,2019,0,2407,0,0,2407,T
2-PB1,2020,2565,0,0,0,2565,A
2-PB1,2021,1,2551,0,9,2561,T
2-PB1,2022,0,2572,0,1,2573,T
2-PB1,2023,2,1,0,2576,2579,C
2-PB1,2024,0,2483,0,3,2486,T
2-PB1,2025,2491,0,1,0,2492,A
2-PB1,2026,2492,0,1,0,2493,A
2-PB1,2027,2485,0,1,0,2486,A
2-PB1,2028,1,0,0,2482,2483,C
2-PB1,2029,2290,0,1,0,2291,A
2-PB1,2030,0,1,0,2302,2303,C
2-PB1,2031,2261,0,1,0,2262,A
2-PB1,2032,2280,0,1,0,2281,A
2-PB1,2033,0,0,2285,0,2285,G
2-PB1,2034,0,0,0,2277,2277,C
2-PB1,2035,3,0,0,2290,2293,C
2-PB1,2036,2273,0,1,0,2274,A
2-PB1,2037,2268,1,3,0,2272,A
2-PB1,2038,2274,0,2,0,2276,A
2-PB1,2039,1,5,2285,0,2291,G
2-PB1,2040,1,2,2285,0,2288,G
2-PB1,2041,0,4,2245,0,2249,G
2-PB1,2042,0,4,2244,0,2248,G
2-PB1,2043,2238,0,3,0,2241,A
2-PB1,2044,2245,0,1,0,2246,A
2-PB1,2045,0,2247,0,1,2248,T
2-PB1,2046,0,2238,0,2,2240,T
2-PB1,2047,3,1,0,2237,2241,C
2-PB1,2048,0,2231,0,1,2232,T
2-PB1,2049,0,2234,0,0,2234,T
2-PB1,2050,0,0,2233,0,2233,G
2-PB1,2051,2232,0,4,0,2236,A
2-PB1,2052,0,2,2234,0,2236,G
2-PB1,2053,0,3,2234,0,2237,G
2-PB1,2054,2235,0,0,0,2235,A
2-PB1,2055,0,2219,0,1,2220,T
2-PB1,2056,0,3,2224,0,2227,G
2-PB1,2057,2233,0,0,0,2233,A
2-PB1,2058,2221,0,4,0,2225,A
2-PB1,2059,0,1,0,2249,2250,C
2-PB1,2060,2217,0,4,0,2221,A
2-PB1,2061,2,0,2256,0,2258,G
2-PB1,2062,2259,0,3,0,2262,A
2-PB1,2063,0,2248,0,1,2249,T
2-PB1,2064,1,2,2258,0,2261,G
2-PB1,2065,0,2303,0,0,2303,T
2-PB1,2066,2290,0,1,0,2291,A
2-PB1,2067,0,0,0,2296,2296,C
2-PB1,2068,2,1,0,2281,2284,C
2-PB1,2069,2273,0,0,0,2273,A
2-PB1,2070,0,0,2247,0,2247,G
2-PB1,2071,2222,0,0,0,2222,A
2-PB1,2072,2214,0,0,0,2214,A
2-PB1,2073,0,1,2216,0,2217,G
2-PB1,2074,0,2055,0,0,2055,T
2-PB1,2075,1,0,2067,0,2068,G
2-PB1,2076,1,1,0,2055,2057,C
2-PB1,2077,1,2061,0,3,2065,T
2-PB1,2078,0,0,2070,0,2070,G
2-PB1,2079,1,1,0,2053,2055,C
2-PB1,2080,2059,0,2,0,2061,A
2-PB1,2081,2054,0,1,0,2055,A
2-PB1,2082,0,0,0,2026,2026,C
2-PB1,2083,0,2023,0,0,2023,T
2-PB1,2084,0,2000,0,0,2000,T
2-PB1,2085,0,0,2002,0,2002,G
2-PB1,2086,0,1992,0,2,1994,T
2-PB1,2087,0,1992,0,1,1993,T
2-PB1,2088,4,0,1,1987,1992,C
2-PB1,2089,0,1,1994,0,1995,G
2-PB1,2090,1999,0,1,0,2000,A
2-PB1,2091,0,0,1995,0,1995,G
2-PB1,2092,1993,0,0,0,1993,A
2-PB1,2093,1997,0,0,0,1997,A
2-PB1,2094,2002,0,0,0,2002,A
2-PB1,2095,1,1984,0,0,1985,T
2-PB1,2096,1,1992,0,0,1993,T
2-PB1,2097,0,1996,0,1,1997,T
2-PB1,2098,0,1995,0,1,1996,T
2-PB1,2099,0,1985,0,1,1986,T
2-PB1,2100,2,0,0,1980,1982,C
2-PB1,2101,1,1,0,1988,1990,C
2-PB1,2102,2,0,0,1996,1998,C
2-PB1,2103,0,1988,0,3,1991,T
2-PB1,2104,1994,0,0,0,1994,A
2-PB1,2105,0,0,2009,0,2009,G
2-PB1,2106,0,1998,0,0,1998,T
2-PB1,2107,2030,0,0,0,2030,A
2-PB1,2108,0,0,2034,1,2035,G
2-PB1,2109,0,2013,0,2,2015,T
2-PB1,2110,0,2094,0,2,2096,T
2-PB1,2111,1,0,0,2113,2114,C
2-PB1,2112,2134,0,4,0,2138,A
2-PB1,2113,0,2150,0,0,2150,T
2-PB1,2114,2156,0,1,0,2157,A
2-PB1,2115,0,2158,0,2,2160,T
2-PB1,2116,2070,0,3,0,2073,A
2-PB1,2117,0,0,2061,0,2061,G
2-PB1,2118,1,3,2040,0,2044,G
2-PB1,2119,1815,1,8,0,1824,A
2-PB1,2120,0,3,1827,0,1830,G
2-PB1,2121,1730,0,1,0,1731,A
2-PB1,2122,1,0,0,1726,1727,C
2-PB1,2123,4,0,0,1659,1663,C
2-PB1,2124,0,1,1661,0,1662,G
2-PB1,2125,1659,0,1,0,1660,A
2-PB1,2126,0,1648,0,0,1648,T
2-PB1,2127,0,1650,0,0,1650,T
2-PB1,2128,2,5,1641,0,1648,G
2-PB1,2129,1,1,1652,0,1654,G
2-PB1,2130,1656,0,2,0,1658,A
2-PB1,2131,1662,0,0,0,1662,A
2-PB1,2132,0,1646,0,2,1648,T
2-PB1,2133,0,1657,0,0,1657,T
2-PB1,2134,0,1654,0,2,1656,T
2-PB1,2135,3,0,0,1660,1663,C
2-PB1,2136,0,1661,0,1,1662,T
2-PB1,2137,1659,0,0,0,1659,A
2-PB1,2138,1,0,1658,0,1659,G
2-PB1,2139,0,0,0,1656,1656,C
2-PB1,2140,1649,0,1,0,1650,A
2-PB1,2141,0,1647,0,0,1647,T
2-PB1,2142,0,0,1608,0,1608,G
2-PB1,2143,0,0,1653,0,1653,G
2-PB1,2144,0,1647,0,0,1647,T
2-PB1,2145,2,0,1636,0,1638,G
2-PB1,2146,2,0,1637,0,1639,G
2-PB1,2147,1610,0,2,0,1612,A
2-PB1,2148,0,0,1609,0,1609,G
2-PB1,2149,1,0,1606,0,1607,G
2-PB1,2150,0,0,0,1560,1560,C
2-PB1,2151,1,1,0,1583,1585,C
2-PB1,2152,1466,1,2,0,1469,A
2-PB1,2153,0,1471,0,0,1471,T
2-PB1,2154,0,2,1491,0,1493,G
2-PB1,2155,0,0,1502,0,1502,G
2-PB1,2156,0,1453,0,2,1455,T
2-PB1,2157,0,0,1479,1,1480,G
2-PB1,2158,0,1434,0,4,1438,T
2-PB1,2159,1,0,0,1422,1423,C
2-PB1,2160,0,1419,0,2,1421,T
2-PB1,2161,1411,0,1,0,1412,A
2-PB1,2162,0,1,1406,0,1407,G
2-PB1,2163,0,0,1368,0,1368,G
2-PB1,2164,0,0,1343,0,1343,G
2-PB1,2165,0,0,0,1308,1308,C
2-PB1,2166,0,0,0,1233,1233,C
2-PB1,2167,2,3,0,1217,1222,C
2-PB1,2168,1,0,1219,0,1220,G
2-PB1,2169,0,2,1228,0,1230,G
2-PB1,2170,1227,0,2,0,1229,A
2-PB1,2171,1,1225,0,0,1226,T
2-PB1,2172,0,1174,0,0,1174,T
2-PB1,2173,0,1,1159,0,1160,G
2-PB1,2174,1156,0,2,0,1158,A
2-PB1,2175,0,1162,0,0,1162,T
2-PB1,2176,1,1,1165,0,1167,G
2-PB1,2177,0,0,0,1144,1144,C
2-PB1,2178,1,0,0,1147,1148,C
2-PB1,2179,1142,0,0,0,1142,A
2-PB1,2180,1,0,1146,0,1147,G
2-PB1,2181,1144,0,0,0,1144,A
2-PB1,2182,1146,0,0,0,1146,A
2-PB1,2183,0,1141,0,0,1141,T
2-PB1,2184,0,1111,0,1,1112,T
2-PB1,2185,0,0,1118,0,1118,G
2-PB1,2186,1111,0,0,0,1111,A
2-PB1,2187,0,0,0,1106,1106,C
2-PB1,2188,0,1106,0,3,1109,T
2-PB1,2189,0,1090,0,1,1091,T
2-PB1,2190,2,0,0,1104,1106,C
2-PB1,2191,1,0,1104,0,1105,G
2-PB1,2192,1101,0,0,0,1101,A
2-PB1,2193,0,0,1077,0,1077,G
2-PB1,2194,0,1082,0,1,1083,T
2-PB1,2195,0,1,0,1090,1091,C
2-PB1,2196,1,1089,0,4,1094,T
2-PB1,2197,1,0,1098,0,1099,G
2-PB1,2198,0,0,1095,0,1095,G
2-PB1,2199,1089,0,0,0,1089,A
2-PB1,2200,1001,0,1,0,1002,A
2-PB1,2201,0,2,1000,0,1002,G
2-PB1,2202,2,0,1008,0,1010,G
2-PB1,2203,1010,0,0,0,1010,A
2-PB1,2204,0,1006,0,1,1007,T
2-PB1,2205,0,1004,0,0,1004,T
2-PB1,2206,1000,0,2,1,1003,A
2-PB1,2207,993,0,1,0,994,A
2-PB1,2208,0,0,1003,0,1003,G
2-PB1,2209,1001,0,1,0,1002,A
2-PB1,2210,959,0,0,0,959,A
2-PB1,2211,0,0,874,0,874,G
2-PB1,2212,2,1,872,0,875,G
2-PB1,2213,876,0,1,0,877,A
2-PB1,2214,871,0,1,0,872,A
2-PB1,2215,0,0,872,0,872,G
2-PB1,2216,830,0,0,0,830,A
2-PB1,2217,1,0,832,0,833,G
2-PB1,2218,0,799,0,0,799,T
2-PB1,2219,0,787,0,0,787,T
2-PB1,2220,1,1,0,795,797,C
2-PB1,2221,0,767,0,0,767,T
2-PB1,2222,1,0,0,770,771,C
2-PB1,2223,0,769,0,0,769,T
2-PB1,2224,0,0,763,0,763,G
2-PB1,2225,752,0,0,0,752,A
2-PB1,2226,0,0,746,0,746,G
2-PB1,2227,741,0,0,0,741,A
2-PB1,2228,0,714,0,2,716,T
2-PB1,2229,0,0,0,675,675,C
2-PB1,2230,673,1,0,0,674,A
2-PB1,2231,0,671,0,1,672,T
2-PB1,2232,0,2,664,0,666,G
2-PB1,2233,666,0,0,0,666,A
2-PB1,2234,660,0,2,0,662,A
2-PB1,2235,0,0,652,0,652,G
2-PB1,2236,639,0,0,0,639,A
2-PB1,2237,0,624,0,2,626,T
2-PB1,2238,0,1,0,625,626,C
2-PB1,2239,0,585,1,0,586,T
2-PB1,2240,0,0,592,0,592,G
2-PB1,2241,0,587,0,0,587,T
2-PB1,2242,0,584,0,2,586,T
2-PB1,2243,1,0,0,577,578,C
2-PB1,2244,1,1,0,544,546,C
2-PB1,2245,546,0,1,0,547,A
2-PB1,2246,1,0,0,546,547,C
2-PB1,2247,0,0,0,518,518,C
2-PB1,2248,507,0,0,0,507,A
2-PB1,2249,0,475,0,0,475,T
2-PB1,2250,0,459,0,0,459,T
2-PB1,2251,0,0,457,0,457,G
2-PB1,2252,452,0,0,0,452,A
2-PB1,2253,455,0,0,0,455,A
2-PB1,2254,0,0,453,0,453,G
2-PB1,2255,391,0,0,0,391,A
2-PB1,2256,387,0,0,0,387,A
2-PB1,2257,0,0,0,382,382,C
2-PB1,2258,0,366,0,1,367,T
2-PB1,2259,1,1,0,364,366,C
2-PB1,2260,345,0,0,0,345,A
2-PB1,2261,0,0,347,0,347,G
2-PB1,2262,346,0,0,0,346,A
2-PB1,2263,0,0,0,334,334,C
2-PB1,2264,0,1,330,0,331,G
2-PB1,2265,1,0,326,0,327,G
2-PB1,2266,0,0,0,324,324,C
2-PB1,2267,323,0,0,0,323,A
2-PB1,2268,318,0,2,0,320,A
2-PB1,2269,320,0,0,0,320,A
2-PB1,2270,321,0,0,0,321,A
2-PB1,2271,318,0,0,0,318,A
2-PB1,2272,0,315,0,0,315,T
2-PB1,2273,300,0,0,0,300,A
2-PB1,2274,301,0,0,0,301,A
3-PA,1,161,0,0,0,161,A
3-PA,2,0,164,0,0,164,T
3-PA,3,0,0,179,0,179,G
3-PA,4,0,0,179,0,179,G
3-PA,5,179,0,0,0,179,A
3-PA,6,178,0,0,0,178,A
3-PA,7,0,2,180,0,182,G
3-PA,8,186,0,0,0,186,A
3-PA,9,0,190,0,0,190,T
3-PA,10,0,190,0,0,190,T
3-PA,11,0,193,0,1,194,T
3-PA,12,0,195,0,1,196,T
3-PA,13,0,0,197,0,197,G
3-PA,14,0,194,0,0,194,T
3-PA,15,1,0,197,0,198,G
3-PA,16,0,1,0,203,204,C
3-PA,17,0,1,203,0,204,G
3-PA,18,226,0,0,0,226,A
3-PA,19,0,0,0,227,227,C
3-PA,20,229,0,0,0,229,A
3-PA,21,230,0,0,0,230,A
3-PA,22,0,241,0,0,241,T
3-PA,23,0,0,284,0,284,G
3-PA,24,0,0,0,286,286,C
3-PA,25,0,286,0,1,287,T
3-PA,26,0,292,0,0,292,T
3-PA,27,0,0,0,290,290,C
3-PA,28,297,0,0,0,297,A
3-PA,29,302,0,0,0,302,A
3-PA,30,0,0,0,304,304,C
3-PA,31,0,0,0,305,305,C
3-PA,32,2,0,0,303,305,C
3-PA,33,0,0,304,0,304,G
3-PA,34,303,0,0,0,303,A
3-PA,35,0,308,0,0,308,T
3-PA,36,0,0,308,0,308,G
3-PA,37,306,0,1,0,307,A
3-PA,38,0,318,0,0,318,T
3-PA,39,0,318,0,1,319,T
3-PA,40,0,0,322,0,322,G
3-PA,41,0,324,0,1,325,T
3-PA,42,2,0,0,322,324,C
3-PA,43,0,0,322,0,322,G
3-PA,44,323,0,0,0,323,A
3-PA,45,320,0,1,0,321,A
3-PA,46,0,0,0,327,327,C
3-PA,47,0,322,0,1,323,T
3-PA,48,0,328,0,0,328,T
3-PA,49,0,0,331,0,331,G
3-PA,50,0,0,0,335,335,C
3-PA,51,334,0,1,0,335,A
3-PA,52,0,0,340,0,340,G
3-PA,53,341,0,0,0,341,A
3-PA,54,340,0,0,0,340,A
3-PA,55,338,0,1,0,339,A
3-PA,56,341,0,0,0,341,A
3-PA,57,342,0,0,0,342,A
3-PA,58,1,0,346,0,347,G
3-PA,59,0,0,0,361,361,C
3-PA,60,358,0,0,0,358,A
3-PA,61,373,0,0,0,373,A
3-PA,62,0,378,0,0,378,T
3-PA,63,0,0,388,0,388,G
3-PA,64,393,0,0,0,393,A
3-PA,65,390,0,0,0,390,A
3-PA,66,390,0,0,0,390,A
3-PA,67,0,4,411,0,415,G
3-PA,68,444,0,1,0,445,A
3-PA,69,0,0,516,0,516,G
3-PA,70,0,508,0,0,508,T
3-PA,71,515,0,0,0,515,A
3-PA,72,0,509,0,0,509,T
3-PA,73,0,4,505,0,509,G
3-PA,74,0,0,513,0,513,G
3-PA,75,0,1,514,0,515,G
3-PA,76,0,0,518,0,518,G
3-PA,77,509,0,0,0,509,A
3-PA,78,0,2,499,0,501,G
3-PA,79,1,0,507,0,508,G
3-PA,80,500,0,0,0,500,A
3-PA,81,0,511,0,1,512,T
3-PA,82,1,0,0,510,511,C
3-PA,83,0,513,0,1,514,T
3-PA,84,0,0,515,0,515,G
3-PA,85,515,0,0,0,515,A
3-PA,86,514,0,0,0,514,A
3-PA,87,521,0,0,0,521,A
3-PA,88,515,0,0,0,515,A
3-PA,89,0,519,0,0,519,T
3-PA,90,0,514,0,0,514,T
3-PA,91,0,0,518,0,518,G
3-PA,92,515,0,0,0,515,A
3-PA,93,516,0,0,0,516,A
3-PA,94,513,0,1,0,514,A
3-PA,95,0,0,0,515,515,C
3-PA,96,518,0,0,0,518,A
3-PA,97,521,0,0,0,521,A
3-PA,98,523,0,1,0,524,A
3-PA,99,0,0,0,523,523,C
3-PA,100,525,0,0,0,525,A
3-PA,101,527,0,0,0,527,A
3-PA,102,526,1,0,0,527,A
3-PA,103,0,526,0,0,526,T
3-PA,104,0,526,0,0,526,T
3-PA,105,0,527,0,0,527,T
3-PA,106,0,0,526,0,526,G
3-PA,107,0,0,0,526,526,C
3-PA,108,529,0,0,0,529,A
3-PA,109,0,0,555,0,555,G
3-PA,110,0,0,0,557,557,C
3-PA,111,604,0,0,0,604,A
3-PA,112,622,0,0,0,622,A
3-PA,113,0,625,0,0,625,T
3-PA,114,632,0,1,0,633,A
3-PA,115,0,637,0,0,637,T
3-PA,116,2,0,649,0,651,G
3-PA,117,1,0,0,649,650,C
3-PA,118,654,0,0,0,654,A
3-PA,119,0,0,0,659,659,C
3-PA,120,0,647,0,2,649,T
3-PA,121,0,0,0,781,781,C
3-PA,122,795,0,0,0,795,A
3-PA,123,0,0,0,816,816,C
3-PA,124,0,818,0,0,818,T
3-PA,125,1,815,0,0,816,T
3-PA,126,0,0,817,0,817,G
3-PA,127,0,1,823,0,824,G
3-PA,128,818,0,2,0,820,A
3-PA,129,1,0,839,0,840,G
3-PA,130,1,1,820,0,822,G
3-PA,131,0,784,1,1,786,T
3-PA,132,0,0,814,0,814,G
3-PA,133,0,819,0,0,819,T
3-PA,134,0,0,846,0,846,G
3-PA,135,0,846,0,1,847,T
3-PA,136,0,849,0,0,849,T
3-PA,137,0,845,0,1,846,T
3-PA,138,0,0,0,848,848,C
3-PA,139,848,0,0,0,848,A
3-PA,140,0,851,0,0,851,T
3-PA,141,0,0,864,0,864,G
3-PA,142,0,847,0,0,847,T
3-PA,143,848,1,0,0,849,A
3-PA,144,0,848,0,0,848,T
3-PA,145,1,842,0,0,843,T
3-PA,146,1,0,0,848,849,C
3-PA,147,843,0,1,0,844,A
3-PA,148,0,1,854,0,855,G
3-PA,149,848,0,0,0,848,A
3-PA,150,1,853,0,0,854,T
3-PA,151,0,856,0,0,856,T
3-PA,152,0,850,0,0,850,T
3-PA,153,0,1,0,850,851,C
3-PA,154,1,0,0,858,859,C
3-PA,155,861,0,0,0,861,A
3-PA,156,0,860,0,1,861,T
3-PA,157,0,858,0,0,858,T
3-PA,158,0,854,0,1,855,T
3-PA,159,1,0,0,858,859,C
3-PA,160,864,0,2,0,866,A
3-PA,161,0,907,0,0,907,T
3-PA,162,1,0,0,909,910,C
3-PA,163,905,0,1,0,906,A
3-PA,164,903,0,0,0,903,A
3-PA,165,0,908,0,0,908,T
3-PA,166,0,4,943,0,947,G
3-PA,167,947,0,1,0,948,A
3-PA,168,948,0,0,0,948,A
3-PA,169,0,0,0,948,948,C
3-PA,170,938,0,1,0,939,A
3-PA,171,951,0,0,0,951,A
3-PA,172,0,1,957,0,958,G
3-PA,173,0,0,950,0,950,G
3-PA,174,0,0,0,958,958,C
3-PA,175,0,1,954,0,955,G
3-PA,176,997,0,0,0,997,A
3-PA,177,1000,0,0,0,1000,A
3-PA,178,0,1003,0,0,1003,T
3-PA,179,1,1,0,1017,1019,C
3-PA,180,1015,0,0,0,1015,A
3-PA,181,1017,0,0,0,1017,A
3-PA,182,0,1027,0,0,1027,T
3-PA,183,1027,0,0,0,1027,A
3-PA,184,0,0,1047,0,1047,G
3-PA,185,0,1040,1,1,1042,T
3-PA,186,0,0,1050,0,1050,G
3-PA,187,0,0,1042,0,1042,G
3-PA,188,0,1045,0,1,1046,T
3-PA,189,1050,0,2,0,1052,A
3-PA,190,0,3,1059,0,1062,G
3-PA,191,1060,0,0,0,1060,A
3-PA,192,1061,0,1,0,1062,A
3-PA,193,0,0,0,1068,1068,C
3-PA,194,0,1045,0,0,1045,T
3-PA,195,0,1044,0,0,1044,T
3-PA,196,0,0,1045,0,1045,G
3-PA,197,1041,0,1,0,1042,A
3-PA,198,1,1,0,1038,1040,C
3-PA,199,1,1,1038,0,1040,G
3-PA,200,1065,1,1,0,1067,A
3-PA,201,0,1080,0,0,1080,T
3-PA,202,0,0,0,1089,1089,C
3-PA,203,2,0,0,1108,1110,C
3-PA,204,1108,0,0,0,1108,A
3-PA,205,1109,0,0,0,1109,A
3-PA,206,1110,0,1,0,1111,A
3-PA,207,0,1116,0,0,1116,T
3-PA,208,0,0,1115,0,1115,G
3-PA,209,0,0,0,1114,1114,C
3-PA,210,1108,0,0,0,1108,A
3-PA,211,0,0,0,1154,1154,C
3-PA,212,0,1144,0,0,1144,T
3-PA,213,0,1,1336,0,1337,G
3-PA,214,0,1340,0,1,1341,T
3-PA,215,0,1340,0,0,1340,T
3-PA,216,1336,0,0,0,1336,A
3-PA,217,1337,0,1,0,1338,A
3-PA,218,1342,0,0,0,1342,A
3-PA,219,0,0,1337,0,1337,G
3-PA,220,0,0,0,1323,1323,C
3-PA,221,1297,0,1,0,1298,A
3-PA,222,0,0,0,1292,1292,C
3-PA,223,1231,0,1,0,1232,A
3-PA,224,0,0,1275,0,1275,G
3-PA,225,1270,0,1,0,1271,A
3-PA,226,0,1270,0,0,1270,T
3-PA,227,0,1271,0,0,1271,T
3-PA,228,0,1270,0,0,1270,T
3-PA,229,0,1,1276,0,1277,G
3-PA,230,1268,0,1,0,1269,A
3-PA,231,1274,0,1,0,1275,A
3-PA,232,1276,0,1,0,1277,A
3-PA,233,0,1252,0,0,1252,T
3-PA,234,1256,0,0,0,1256,A
3-PA,235,1266,0,0,0,1266,A
3-PA,236,0,1263,0,1,1264,T
3-PA,237,3,0,0,1265,1268,C
3-PA,238,0,0,1265,0,1265,G
3-PA,239,1256,0,1,0,1257,A
3-PA,240,0,2,1274,0,1276,G
3-PA,241,0,2,1281,0,1283,G
3-PA,242,1,1,1285,0,1287,G
3-PA,243,0,3,1276,0,1279,G
3-PA,244,1268,0,1,0,1269,A
3-PA,245,1,1,1270,0,1272,G
3-PA,246,1300,0,0,0,1300,A
3-PA,247,0,0,1301,0,1301,G
3-PA,248,1303,0,1,0,1304,A
3-PA,249,0,0,0,1312,1312,C
3-PA,250,1293,0,4,1,1298,A
3-PA,251,0,4,1309,0,1313,G
3-PA,252,1312,0,2,0,1314,A
3-PA,253,1332,0,1,0,1333,A
3-PA,254,0,0,0,1336,1336,C
3-PA,255,1295,0,0,0,1295,A
3-PA,256,1292,0,1,0,1293,A
3-PA,257,0,1290,0,0,1290,T
3-PA,258,0,4,1339,0,1343,G
3-PA,259,0,0,1342,0,1342,G
3-PA,260,1,0,0,1332,1333,C
3-PA,261,0,1,0,1334,1335,C
3-PA,262,1,1332,0,1,1334,T
3-PA,263,0,0,1372,0,1372,G
3-PA,264,0,0,1367,0,1367,G
3-PA,265,1371,0,0,0,1371,A
3-PA,266,0,0,0,1378,1378,C
3-PA,267,1330,0,1,0,1331,A
3-PA,268,1,0,1525,0,1526,G
3-PA,269,0,1518,0,0,1518,T
3-PA,270,1540,0,0,0,1540,A
3-PA,271,2,0,1541,0,1543,G
3-PA,272,0,1509,0,0,1509,T
3-PA,273,1528,0,0,0,1528,A
3-PA,274,1529,0,0,0,1529,A
3-PA,275,1523,0,1,0,1524,A
3-PA,276,0,0,0,1548,1548,C
3-PA,277,1430,0,0,0,1430,A
3-PA,278,0,0,1473,0,1473,G
3-PA,279,0,1457,0,0,1457,T
3-PA,280,1488,0,0,0,1488,A
3-PA,281,0,1487,0,0,1487,T
3-PA,282,0,2,0,1516,1518,C
3-PA,283,1,1510,0,3,1514,T
3-PA,284,0,0,1511,0,1511,G
3-PA,285,0,1,0,1511,1512,C
3-PA,286,1513,0,0,0,1513,A
3-PA,287,1493,0,3,0,1496,A
3-PA,288,0,1,0,1511,1512,C
3-PA,289,1507,0,0,0,1507,A
3-PA,290,0,1,0,1586,1587,C
3-PA,291,0,1565,0,0,1565,T
3-PA,292,1570,0,0,0,1570,A
3-PA,293,1,0,0,1572,1573,C
3-PA,294,0,1570,0,2,1572,T
3-PA,295,1,0,1572,0,1573,G
3-PA,296,0,1,1559,0,1560,G
3-PA,297,1538,0,2,0,1540,A
3-PA,298,1,0,1548,0,1549,G
3-PA,299,0,1,0,1477,1478,C
3-PA,300,0,1503,0,0,1503,T
3-PA,301,1,3,1490,0,1494,G
3-PA,302,0,1,1488,0,1489,G
3-PA,303,1,0,1477,0,1478,G
3-PA,304,1481,0,3,0,1484,A
3-PA,305,1484,0,1,0,1485,A
3-PA,306,1487,0,2,0,1489,A
3-PA,307,1,2,0,1480,1483,C
3-PA,308,1,1,0,1490,1492,C
3-PA,309,0,2,1495,0,1497,G
3-PA,310,1486,0,2,0,1488,A
3-PA,311,1490,0,1,0,1491,A
3-PA,312,0,1,1504,0,1505,G
3-PA,313,0,1493,0,1,1494,T
3-PA,314,0,1499,1,0,1500,T
3-PA,315,0,1499,0,1,1500,T
3-PA,316,1,0,1,1490,1492,C
3-PA,317,0,1511,0,0,1511,T
3-PA,318,1519,0,1,0,1520,A
3-PA,319,0,0,0,1508,1508,C
3-PA,320,0,2,0,1515,1517,C
3-PA,321,1514,0,0,0,1514,A
3-PA,322,1,0,1537,0,1538,G
3-PA,323,1527,0,0,0,1527,A
3-PA,324,0,1527,0,0,1527,T
3-PA,325,0,1536,0,0,1536,T
3-PA,326,0,1532,0,0,1532,T
3-PA,327,0,0,1536,1,1537,G
3-PA,328,0,1538,0,1,1539,T
3-PA,329,1543,0,0,0,1543,A
3-PA,330,0,1544,0,0,1544,T
3-PA,331,1,1,1513,0,1515,G
3-PA,332,1590,0,0,0,1590,A
3-PA,333,0,1589,0,2,1591,T
3-PA,334,1,1587,0,0,1588,T
3-PA,335,1592,0,1,0,1593,A
3-PA,336,0,1,0,1585,1586,C
3-PA,337,1602,0,1,0,1603,A
3-PA,338,1599,0,2,0,1601,A
3-PA,339,0,0,1607,0,1607,G
3-PA,340,0,0,1615,0,1615,G
3-PA,341,1548,0,2,0,1550,A
3-PA,342,1,1,1566,0,1568,G
3-PA,343,1557,0,2,0,1559,A
3-PA,344,1558,0,2,1,1561,A
3-PA,345,0,0,0,1563,1563,C
3-PA,346,1538,0,0,0,1538,A
3-PA,347,0,1,1546,0,1547,G
3-PA,348,1538,0,1,0,1539,A
3-PA,349,0,1522,0,0,1522,T
3-PA,350,0,1515,0,1,1516,T
3-PA,351,0,0,0,1503,1503,C
3-PA,352,1496,0,3,0,1499,A
3-PA,353,0,1489,0,2,1491,T
3-PA,354,0,1,0,1493,1494,C
3-PA,355,1,2,1496,0,1499,G
3-PA,356,1505,0,0,0,1505,A
3-PA,357,1507,0,0,0,1507,A
3-PA,358,1500,0,0,0,1500,A
3-PA,359,0,1502,0,0,1502,T
3-PA,360,0,1501,0,0,1501,T
3-PA,361,0,1,1497,0,1498,G
3-PA,362,0,5,1491,0,1496,G
3-PA,363,0,1,1498,0,1499,G
3-PA,364,1,0,1501,0,1502,G
3-PA,365,0,1475,0,0,1475,T
3-PA,366,0,0,1502,0,1502,G
3-PA,367,1498,0,2,0,1500,A
3-PA,368,1,0,0,1529,1530,C
3-PA,369,1530,0,1,0,1531,A
3-PA,370,1532,0,0,0,1532,A
3-PA,371,1,3,1539,0,1543,G
3-PA,372,1,2,1541,0,1544,G
3-PA,373,1535,1,2,0,1538,A
3-PA,374,0,1,1549,0,1550,G
3-PA,375,1530,0,5,0,1535,A
3-PA,376,0,0,1531,0,1531,G
3-PA,377,1510,0,2,0,1512,A
3-PA,378,1501,0,4,0,1505,A
3-PA,379,0,0,1554,0,1554,G
3-PA,380,0,1518,0,1,1519,T
3-PA,381,1,1,0,1519,1521,C
3-PA,382,4,1,0,1531,1536,C
3-PA,383,1534,0,2,1,1537,A
3-PA,384,1,1,0,1563,1565,C
3-PA,385,1586,0,0,0,1586,A
3-PA,386,0,1627,0,0,1627,T
3-PA,387,1682,1,0,0,1683,A
3-PA,388,0,1628,0,1,1629,T
3-PA,389,1623,0,0,0,1623,A
3-PA,390,0,1599,0,2,1601,T
3-PA,391,0,1602,0,0,1602,T
3-PA,392,1672,0,0,0,1672,A
3-PA,393,0,0,0,1677,1677,C
3-PA,394,3,1,0,1636,1640,C
3-PA,395,0,1601,0,3,1604,T
3-PA,396,0,1565,0,2,1567,T
3-PA,397,0,2,1570,0,1572,G
3-PA,398,1559,0,2,0,1561,A
3-PA,399,0,0,1460,0,1460,G
3-PA,400,1479,0,2,0,1481,A
3-PA,401,1479,0,2,0,1481,A
3-PA,402,0,0,1489,0,1489,G
3-PA,403,0,0,1493,0,1493,G
3-PA,404,0,0,0,1496,1496,C
3-PA,405,0,1,0,1494,1495,C
3-PA,406,1483,1,4,0,1488,A
3-PA,407,1490,0,0,1,1491,A
3-PA,408,0,1489,0,0,1489,T
3-PA,409,1493,0,0,0,1493,A
3-PA,410,1488,0,1,0,1489,A
3-PA,411,1,1,1506,0,1508,G
3-PA,412,1492,0,1,0,1493,A
3-PA,413,0,1494,0,0,1494,T
3-PA,414,0,1483,0,0,1483,T
3-PA,415,1487,0,0,0,1487,A
3-PA,416,1490,0,1,0,1491,A
3-PA,417,1492,0,0,0,1492,A
3-PA,418,0,1493,0,0,1493,T
3-PA,419,1,0,0,1508,1509,C
3-PA,420,0,1472,0,1,1473,T
3-PA,421,0,0,1481,0,1481,G
3-PA,422,1476,0,4,2,1482,A
3-PA,423,0,1,1499,0,1500,G
3-PA,424,1495,0,3,0,1498,A
3-PA,425,1497,0,1,0,1498,A
3-PA,426,0,0,0,1500,1500,C
3-PA,427,1488,1,0,0,1489,A
3-PA,428,1,1,0,1506,1508,C
3-PA,429,1504,0,3,0,1507,A
3-PA,430,1,0,0,1508,1509,C
3-PA,431,1490,0,2,0,1492,A
3-PA,432,0,0,0,1537,1537,C
3-PA,433,1526,0,0,0,1526,A
3-PA,434,0,1520,0,0,1520,T
3-PA,435,0,1511,0,1,1512,T
3-PA,436,3,1,0,1512,1516,C
3-PA,437,1513,0,2,0,1515,A
3-PA,438,0,0,0,1529,1529,C
3-PA,439,1513,0,0,0,1513,A
3-PA,440,0,1505,0,1,1506,T
3-PA,441,0,1468,0,0,1468,T
3-PA,442,0,1488,1,2,1491,T
3-PA,443,0,1487,0,1,1488,T
3-PA,444,1,1,0,1499,1501,C
3-PA,445,0,1493,0,3,1496,T
3-PA,446,1,0,0,1503,1504,C
3-PA,447,1497,0,0,0,1497,A
3-PA,448,0,1495,0,0,1495,T
3-PA,449,0,1502,0,0,1502,T
3-PA,450,1,0,0,1507,1508,C
3-PA,451,1499,0,1,0,1500,A
3-PA,452,0,0,0,1507,1507,C
3-PA,453,0,1501,0,1,1502,T
3-PA,454,0,1,1499,0,1500,G
3-PA,455,0,3,1489,1,1493,G
3-PA,456,1460,0,4,0,1464,A
3-PA,457,1,0,1499,0,1500,G
3-PA,458,1496,0,2,0,1498,A
3-PA,459,0,0,1522,0,1522,G
3-PA,460,0,0,1517,0,1517,G
3-PA,461,1507,0,0,0,1507,A
3-PA,462,1504,0,0,0,1504,A
3-PA,463,1471,0,1,0,1472,A
3-PA,464,0,1465,0,1,1466,T
3-PA,465,1,0,1468,0,1469,G
3-PA,466,1,0,1456,0,1457,G
3-PA,467,0,0,0,1454,1454,C
3-PA,468,0,2,0,1459,1461,C
3-PA,469,1467,0,1,0,1468,A
3-PA,470,0,4,0,1474,1478,C
3-PA,471,1474,0,0,0,1474,A
3-PA,472,1479,0,0,0,1479,A
3-PA,473,1474,0,2,0,1476,A
3-PA,474,0,0,1481,0,1481,G
3-PA,475,0,0,1471,0,1471,G
3-PA,476,0,1,0,1488,1489,C
3-PA,477,1497,0,1,0,1498,A
3-PA,478,1,0,1525,0,1526,G
3-PA,479,1519,0,1,0,1520,A
3-PA,480,1,0,0,1534,1535,C
3-PA,481,0,1529,0,1,1530,T
3-PA,482,1534,0,0,0,1534,A
3-PA,483,1,1,0,1522,1524,C
3-PA,484,1501,0,0,0,1501,A
3-PA,485,0,0,0,1524,1524,C
3-PA,486,0,1468,0,1,1469,T
3-PA,487,2,0,0,1467,1469,C
3-PA,488,0,1446,0,0,1446,T
3-PA,489,0,1,0,1432,1433,C
3-PA,490,0,1,1438,0,1439,G
3-PA,491,1429,1,0,0,1430,A
3-PA,492,1,0,0,1439,1440,C
3-PA,493,0,1,1447,0,1448,G
3-PA,494,1431,0,2,0,1433,A
3-PA,495,0,1,1449,0,1450,G
3-PA,496,0,1,1447,0,1448,G
3-PA,497,1441,0,1,0,1442,A
3-PA,498,1453,0,0,0,1453,A
3-PA,499,1453,0,0,0,1453,A
3-PA,500,1,0,1441,0,1442,G
3-PA,501,1,0,0,1444,1445,C
3-PA,502,1437,0,3,0,1440,A
3-PA,503,0,0,1467,0,1467,G
3-PA,504,0,1,1481,0,1482,G
3-PA,505,0,0,1476,0,1476,G
3-PA,506,0,1,0,1478,1479,C
3-PA,507,0,1468,0,3,1471,T
3-PA,508,1477,1,1,0,1479,A
3-PA,509,0,1,1505,0,1506,G
3-PA,510,0,1,1556,0,1557,G
3-PA,511,1564,0,0,0,1564,A
3-PA,512,0,1517,0,1,1518,T
3-PA,513,0,1493,0,0,1493,T
3-PA,514,1484,0,1,0,1485,A
3-PA,515,1491,1,0,0,1492,A
3-PA,516,0,2,1493,0,1495,G
3-PA,517,1482,0,0,1,1483,A
3-PA,518,0,0,0,1487,1487,C
3-PA,519,0,1,0,1381,1382,C
3-PA,520,1365,0,1,0,1366,A
3-PA,521,0,0,1394,0,1394,G
3-PA,522,0,0,1390,0,1390,G
3-PA,523,0,0,0,1386,1386,C
3-PA,524,0,1383,0,3,1386,T
3-PA,525,0,1380,0,1,1381,T
3-PA,526,0,1394,0,1,1395,T
3-PA,527,0,1395,0,0,1395,T
3-PA,528,0,1395,0,0,1395,T
3-PA,529,1397,0,0,0,1397,A
3-PA,530,0,0,0,1408,1408,C
3-PA,531,1,0,0,1356,1357,C
3-PA,532,1362,0,1,0,1363,A
3-PA,533,0,1365,1,0,1366,T
3-PA,534,1353,0,0,0,1353,A
3-PA,535,1362,0,0,0,1362,A
3-PA,536,0,0,1375,0,1375,G
3-PA,537,1374,0,1,0,1375,A
3-PA,538,0,0,0,1370,1370,C
3-PA,539,1363,0,0,0,1363,A
3-PA,540,1361,0,0,0,1361,A
3-PA,541,0,1,1371,0,1372,G
3-PA,542,1369,0,0,0,1369,A
3-PA,543,1368,0,1,0,1369,A
3-PA,544,1357,0,0,0,1357,A
3-PA,545,0,1302,0,0,1302,T
3-PA,546,1,1,1326,0,1328,G
3-PA,547,0,0,1325,0,1325,G
3-PA,548,0,0,0,1318,1318,C
3-PA,549,0,0,0,1336,1336,C
3-PA,550,1323,0,1,0,1324,A
3-PA,551,1352,0,2,0,1354,A
3-PA,552,1,0,0,1354,1355,C
3-PA,553,1356,0,0,0,1356,A
3-PA,554,0,0,1344,0,1344,G
3-PA,555,1310,1,6,0,1317,A
3-PA,556,1,1,1350,0,1352,G
3-PA,557,0,0,1371,0,1371,G
3-PA,558,0,1,0,1351,1352,C
3-PA,559,0,0,0,1358,1358,C
3-PA,560,0,1330,0,0,1330,T
3-PA,561,1318,0,2,0,1320,A
3-PA,562,0,1346,0,1,1347,T
3-PA,563,0,1,1344,0,1345,G
3-PA,564,0,2,1346,0,1348,G
3-PA,565,1,1,1307,0,1309,G
3-PA,566,1244,0,1,0,1245,A
3-PA,567,0,1233,0,1,1234,T
3-PA,568,0,1202,0,0,1202,T
3-PA,569,0,1,0,1317,1318,C
3-PA,570,1,0,0,1304,1305,C
3-PA,571,0,1310,0,0,1310,T
3-PA,572,0,1306,0,0,1306,T
3-PA,573,0,1306,0,0,1306,T
3-PA,574,2,1,0,1313,1316,C
3-PA,575,1,0,1314,0,1315,G
3-PA,576,0,1309,0,3,1312,T
3-PA,577,0,0,0,1318,1318,C
3-PA,578,1276,0,2,0,1278,A
3-PA,579,1,0,1410,0,1411,G
3-PA,580,2,1409,0,0,1411,T
3-PA,581,1,0,0,1419,1420,C
3-PA,582,3,2,0,1412,1417,C
3-PA,583,0,5,1431,0,1436,G
3-PA,584,1430,0,2,0,1432,A
3-PA,585,1435,0,0,0,1435,A
3-PA,586,1431,0,1,1,1433,A
3-PA,587,0,2,1443,0,1445,G
3-PA,588,1369,0,3,0,1372,A
3-PA,589,1,3,1388,0,1392,G
3-PA,590,1,1,1386,0,1388,G
3-PA,591,0,0,0,1396,1396,C
3-PA,592,1,4,1397,0,1402,G
3-PA,593,1397,0,1,0,1398,A
3-PA,594,1400,0,2,0,1402,A
3-PA,595,0,2,1402,0,1404,G
3-PA,596,1409,0,0,0,1409,A
3-PA,597,1411,0,0,0,1411,A
3-PA,598,1395,0,1,0,1396,A
3-PA,599,0,0,0,1421,1421,C
3-PA,600,1412,0,0,0,1412,A
3-PA,601,1417,0,0,0,1417,A
3-PA,602,0,1420,0,1,1421,T
3-PA,603,0,1423,0,0,1423,T
3-PA,604,0,1,1420,0,1421,G
3-PA,605,1414,0,0,0,1414,A
3-PA,606,1420,0,1,0,1421,A
3-PA,607,1,1,1419,0,1421,G
3-PA,608,1418,0,0,0,1418,A
3-PA,609,1419,0,0,0,1419,A
3-PA,610,1418,0,1,0,1419,A
3-PA,611,1420,0,0,0,1420,A
3-PA,612,1426,0,0,0,1426,A
3-PA,613,0,1426,0,0,1426,T
3-PA,614,0,1427,0,1,1428,T
3-PA,615,0,1426,0,1,1427,T
3-PA,616,1,1,1426,0,1428,G
3-PA,617,1422,0,2,0,1424,A
3-PA,618,1425,0,0,0,1425,A
3-PA,619,1430,0,0,0,1430,A
3-PA,620,0,1444,2,1,1447,T
3-PA,621,1,0,0,1584,1585,C
3-PA,622,1575,0,0,0,1575,A
3-PA,623,0,0,0,1605,1605,C
3-PA,624,1597,1,5,0,1603,A
3-PA,625,0,0,1625,0,1625,G
3-PA,626,0,5,1666,0,1671,G
3-PA,627,1685,0,3,0,1688,A
3-PA,628,1707,0,4,0,1711,A
3-PA,629,1,1,0,1726,1728,C
3-PA,630,0,1657,0,1,1658,T
3-PA,631,1771,0,1,0,1772,A
3-PA,632,0,1783,0,1,1784,T
3-PA,633,1,1,1854,0,1856,G
3-PA,634,0,0,0,1838,1838,C
3-PA,635,2,1,1814,0,1817,G
3-PA,636,0,1794,0,2,1796,T
3-PA,637,1779,0,1,1,1781,A
3-PA,638,0,0,1791,0,1791,G
3-PA,639,0,0,1777,0,1777,G
3-PA,640,0,0,0,1743,1743,C
3-PA,641,0,1711,0,0,1711,T
3-PA,642,0,1684,0,1,1685,T
3-PA,643,0,0,1673,0,1673,G
3-PA,644,0,0,0,1674,1674,C
3-PA,645,0,3,0,1686,1689,C
3-PA,646,1,1,1702,0,1704,G
3-PA,647,1694,0,0,0,1694,A
3-PA,648,1,0,0,1700,1701,C
3-PA,649,0,0,0,1698,1698,C
3-PA,650,1709,0,0,1,1710,A
3-PA,651,1714,0,1,0,1715,A
3-PA,652,1710,0,0,0,1710,A
3-PA,653,0,0,1748,0,1748,G
3-PA,654,0,1733,0,3,1736,T
3-PA,655,0,0,0,1739,1739,C
3-PA,656,0,1729,0,4,1733,T
3-PA,657,1,2,0,1744,1747,C
3-PA,658,1,0,0,1758,1759,C
3-PA,659,2,0,0,1771,1773,C
3-PA,660,1767,0,0,0,1767,A
3-PA,661,0,0,0,1779,1779,C
3-PA,662,4,1,0,1759,1764,C
3-PA,663,1,3,1765,0,1769,G
3-PA,664,1780,0,0,0,1780,A
3-PA,665,1776,0,0,0,1776,A
3-PA,666,0,0,0,1806,1806,C
3-PA,667,0,1781,0,2,1783,T
3-PA,668,0,1807,1,4,1812,T
3-PA,669,3,0,0,1867,1870,C
3-PA,670,0,1851,0,3,1854,T
3-PA,671,0,0,0,1867,1867,C
3-PA,672,2,1,0,1860,1863,C
3-PA,673,0,1840,0,3,1843,T
3-PA,674,1,0,1859,0,1860,G
3-PA,675,0,0,0,1856,1856,C
3-PA,676,1,0,0,1859,1860,C
3-PA,677,2,1839,0,1,1842,T
3-PA,678,0,1836,0,0,1836,T
3-PA,679,0,1,1845,0,1846,G
3-PA,680,1835,0,4,0,1839,A
3-PA,681,0,1,1866,0,1867,G
3-PA,682,1852,0,1,0,1853,A
3-PA,683,1858,0,0,0,1858,A
3-PA,684,0,1887,1,0,1888,T
3-PA,685,0,1892,0,0,1892,T
3-PA,686,0,1892,0,0,1892,T
3-PA,687,0,1904,0,0,1904,T
3-PA,688,1904,0,1,0,1905,A
3-PA,689,0,1,1902,0,1903,G
3-PA,690,1880,0,3,0,1883,A
3-PA,691,1,1,1962,0,1964,G
3-PA,692,1,0,0,1965,1966,C
3-PA,693,0,0,0,1989,1989,C
3-PA,694,0,2023,0,1,2024,T
3-PA,695,2105,0,2,0,2107,A
3-PA,696,1,2102,0,2,2105,T
3-PA,697,0,1,2126,0,2127,G
3-PA,698,0,2120,0,1,2121,T
3-PA,699,1,10,2125,0,2136,G
3-PA,700,0,2,2114,0,2116,G
3-PA,701,2095,1,0,0,2096,A
3-PA,702,0,2077,0,0,2077,T
3-PA,703,0,4,2033,0,2037,G
3-PA,704,1,1,2077,0,2079,G
3-PA,705,2071,0,3,0,2074,A
3-PA,706,1,2066,0,1,2068,T
3-PA,707,0,2072,0,0,2072,T
3-PA,708,1,1,0,2061,2063,C
3-PA,709,5,5,2056,0,2066,G
3-PA,710,2066,0,0,0,2066,A
3-PA,711,2061,0,0,0,2061,A
3-PA,712,1,0,0,2070,2071,C
3-PA,713,3,1,0,2014,2018,C
3-PA,714,1,5,2011,0,2017,G
3-PA,715,2008,0,1,0,2009,A
3-PA,716,2007,0,3,0,2010,A
3-PA,717,0,1,0,2036,2037,C
3-PA,718,0,0,2029,0,2029,G
3-PA,719,0,1,2085,0,2086,G
3-PA,720,0,0,0,2097,2097,C
3-PA,721,1,2080,0,2,2083,T
3-PA,722,1,0,2146,0,2147,G
3-PA,723,0,0,0,2154,2154,C
3-PA,724,2154,0,4,0,2158,A
3-PA,725,0,2162,0,2,2164,T
3-PA,726,0,2146,0,2,2148,T
3-PA,727,0,2,2139,0,2141,G
3-PA,728,2063,0,3,0,2066,A
3-PA,729,2,2,2086,0,2090,G
3-PA,730,1,2,2068,0,2071,G
3-PA,731,1,0,2062,0,2063,G
3-PA,732,1,1,0,2049,2051,C
3-PA,733,2041,0,0,0,2041,A
3-PA,734,2037,0,4,0,2041,A
3-PA,735,2,0,2061,0,2063,G
3-PA,736,0,0,0,2065,2065,C
3-PA,737,0,2083,0,1,2084,T
3-PA,738,0,2068,0,1,2069,T
3-PA,739,0,2070,0,4,2074,T
3-PA,740,1,1,0,2073,2075,C
3-PA,741,0,2071,0,5,2076,T
3-PA,742,1,0,0,2081,2082,C
3-PA,743,2079,0,1,0,2080,A
3-PA,744,2063,1,1,0,2065,A
3-PA,745,2055,0,0,0,2055,A
3-PA,746,0,2036,0,0,2036,T
3-PA,747,1,0,2102,0,2103,G
3-PA,748,0,2087,0,0,2087,T
3-PA,749,3,0,0,2103,2106,C
3-PA,750,2,1,0,2118,2121,C
3-PA,751,2113,0,1,0,2114,A
3-PA,752,2116,0,2,0,2118,A
3-PA,753,2118,0,2,0,2120,A
3-PA,754,1,0,2137,0,2138,G
3-PA,755,2119,0,2,0,2121,A
3-PA,756,2066,0,2,0,2068,A
3-PA,757,0,0,2082,0,2082,G
3-PA,758,0,2041,0,2,2043,T
3-PA,759,0,5,2038,0,2043,G
3-PA,760,2036,0,2,0,2038,A
3-PA,761,2038,0,0,0,2038,A
3-PA,762,0,2034,0,0,2034,T
3-PA,763,1,0,2033,0,2034,G
3-PA,764,0,2,0,2031,2033,C
3-PA,765,1,1,0,2043,2045,C
3-PA,766,1,6,0,2037,2044,C
3-PA,767,2051,0,0,0,2051,A
3-PA,768,2068,0,1,0,2069,A
3-PA,769,2071,0,0,0,2071,A
3-PA,770,0,2075,0,0,2075,T
3-PA,771,0,2065,0,0,2065,T
3-PA,772,0,2,2062,0,2064,G
3-PA,773,2044,0,1,0,2045,A
3-PA,774,2038,0,1,0,2039,A
3-PA,775,0,0,0,2062,2062,C
3-PA,776,1,1,0,2044,2046,C
3-PA,777,0,2018,0,8,2026,T
3-PA,778,0,2070,0,1,2071,T
3-PA,779,0,2077,0,0,2077,T
3-PA,780,0,2139,0,2,2141,T
3-PA,781,1,1,0,2146,2148,C
3-PA,782,0,2133,0,2,2135,T
3-PA,783,1,2,2151,0,2154,G
3-PA,784,2139,0,1,0,2140,A
3-PA,785,2161,0,4,0,2165,A
3-PA,786,0,1,2164,0,2165,G
3-PA,787,2130,0,3,0,2133,A
3-PA,788,1,1,0,2139,2141,C
3-PA,789,2095,0,5,0,2100,A
3-PA,790,2110,0,1,0,2111,A
3-PA,791,0,0,0,2344,2344,C
3-PA,792,2329,0,3,0,2332,A
3-PA,793,0,0,0,2335,2335,C
3-PA,794,3,3,0,2316,2322,C
3-PA,795,2318,0,1,0,2319,A
3-PA,796,2311,1,3,0,2315,A
3-PA,797,0,3,2309,0,2312,G
3-PA,798,2310,0,2,0,2312,A
3-PA,799,1,0,0,2305,2306,C
3-PA,800,3,1,0,2048,2052,C
3-PA,801,2045,0,0,0,2045,A
3-PA,802,2044,0,2,0,2046,A
3-PA,803,0,2045,0,1,2046,T
3-PA,804,0,0,0,2050,2050,C
3-PA,805,2041,0,0,0,2041,A
3-PA,806,2035,0,1,0,2036,A
3-PA,807,2021,0,0,1,2022,A
3-PA,808,0,1,0,2054,2055,C
3-PA,809,0,2026,0,1,2027,T
3-PA,810,0,2047,0,0,2047,T
3-PA,811,1,0,0,2056,2057,C
3-PA,812,1,0,0,2058,2059,C
3-PA,813,0,5,2070,0,2075,G
3-PA,814,2069,0,0,0,2069,A
3-PA,815,2074,0,1,0,2075,A
3-PA,816,0,2070,0,0,2070,T
3-PA,817,0,1,2037,1,2039,G
3-PA,818,0,2,2041,0,2043,G
3-PA,819,2029,0,2,0,2031,A
3-PA,820,0,0,0,2050,2050,C
3-PA,821,2,0,1,2039,2042,C
3-PA,822,0,2078,0,2,2080,T
3-PA,823,1,0,0,2158,2159,C
3-PA,824,1,0,0,2172,2173,C
3-PA,825,0,2158,0,3,2161,T
3-PA,826,0,2182,0,0,2182,T
3-PA,827,0,1,2266,0,2267,G
3-PA,828,0,2246,1,1,2248,T
3-PA,829,0,2234,0,1,2235,T
3-PA,830,2228,0,1,0,2229,A
3-PA,831,0,2145,0,1,2146,T
3-PA,832,0,1,0,2134,2135,C
3-PA,833,2082,0,0,0,2082,A
3-PA,834,2,0,2068,0,2070,G
3-PA,835,0,0,0,2064,2064,C
3-PA,836,0,1,1976,0,1977,G
3-PA,837,0,1,2047,0,2048,G
3-PA,838,1,2029,0,3,2033,T
3-PA,839,5,0,0,2044,2049,C
3-PA,840,3,1,0,2048,2052,C
3-PA,841,2063,0,1,0,2064,A
3-PA,842,2078,0,1,0,2079,A
3-PA,843,2081,0,0,0,2081,A
3-PA,844,0,2073,0,1,2074,T
3-PA,845,0,2064,0,0,2064,T
3-PA,846,2,0,0,2044,2046,C
3-PA,847,4,1,0,2007,2012,C
3-PA,848,0,2007,0,1,2008,T
3-PA,849,1,0,0,2023,2024,C
3-PA,850,3,1,0,2025,2029,C
3-PA,851,1,1996,1,7,2005,T
3-PA,852,0,0,2026,0,2026,G
3-PA,853,2011,0,2,0,2013,A
3-PA,854,0,2017,0,0,2017,T
3-PA,855,0,0,2004,0,2004,G
3-PA,856,0,0,1970,0,1970,G
3-PA,857,1954,0,3,0,1957,A
3-PA,858,0,1934,0,1,1935,T
3-PA,859,0,0,1938,0,1938,G
3-PA,860,0,1,0,2017,2018,C
3-PA,861,1,2017,0,1,2019,T
3-PA,862,0,2029,0,0,2029,T
3-PA,863,0,2034,0,0,2034,T
3-PA,864,2026,0,1,0,2027,A
3-PA,865,2040,0,0,0,2040,A
3-PA,866,2037,0,0,0,2037,A
3-PA,867,2042,0,0,0,2042,A
3-PA,868,0,2038,0,0,2038,T
3-PA,869,0,1838,1,0,1839,T
3-PA,870,0,1,1848,0,1849,G
3-PA,871,1830,1,2,0,1833,A
3-PA,872,1,0,1847,0,1848,G
3-PA,873,1,1,0,1849,1851,C
3-PA,874,1843,0,0,0,1843,A
3-PA,875,1,1879,0,0,1880,T
3-PA,876,0,1880,0,2,1882,T
3-PA,877,0,0,1872,0,1872,G
3-PA,878,1880,0,0,0,1880,A
3-PA,879,1874,0,3,0,1877,A
3-PA,880,1,2,1866,0,1869,G
3-PA,881,1801,1,1,0,1803,A
3-PA,882,0,0,0,1832,1832,C
3-PA,883,0,0,0,1805,1805,C
3-PA,884,3,0,1,1782,1786,C
3-PA,885,1767,0,2,0,1769,A
3-PA,886,1783,0,2,0,1785,A
3-PA,887,2,0,1764,0,1766,G
3-PA,888,0,1781,0,2,1783,T
3-PA,889,5,0,0,1786,1791,C
3-PA,890,1779,0,1,0,1780,A
3-PA,891,0,0,0,1787,1787,C
3-PA,892,1,1,1792,0,1794,G
3-PA,893,1802,0,0,0,1802,A
3-PA,894,1803,0,1,0,1804,A
3-PA,895,0,1,1864,0,1865,G
3-PA,896,2,1,1856,0,1859,G
3-PA,897,1841,0,7,0,1848,A
3-PA,898,0,1,1868,0,1869,G
3-PA,899,1861,0,2,0,1863,A
3-PA,900,1856,0,6,0,1862,A
3-PA,901,1,3,1856,0,1860,G
3-PA,902,0,1,1833,0,1834,G
3-PA,903,0,1,1843,0,1844,G
3-PA,904,1801,0,1,0,1802,A
3-PA,905,0,1792,0,1,1793,T
3-PA,906,1,0,0,1803,1804,C
3-PA,907,0,0,0,1929,1929,C
3-PA,908,4,2,0,1957,1963,C
3-PA,909,1980,0,0,0,1980,A
3-PA,910,0,1995,0,2,1997,T
3-PA,911,0,2007,1,0,2008,T
3-PA,912,2079,0,1,0,2080,A
3-PA,913,0,2078,0,0,2078,T
3-PA,914,2069,0,3,0,2072,A
3-PA,915,1,2054,1,0,2056,T
3-PA,916,2,1,1866,0,1869,G
3-PA,917,1866,0,1,0,1867,A
3-PA,918,0,1841,0,1,1842,T
3-PA,919,1,0,1855,0,1856,G
3-PA,920,0,1,0,1832,1833,C
3-PA,921,1,2,1824,0,1827,G
3-PA,922,1834,1,0,0,1835,A
3-PA,923,1,1827,0,5,1833,T
3-PA,924,1,1,0,1840,1842,C
3-PA,925,1845,0,0,0,1845,A
3-PA,926,1825,0,3,0,1828,A
3-PA,927,0,0,1837,0,1837,G
3-PA,928,0,1815,0,0,1815,T
3-PA,929,0,1,1837,0,1838,G
3-PA,930,0,1,0,1836,1837,C
3-PA,931,1836,0,0,0,1836,A
3-PA,932,0,1847,0,0,1847,T
3-PA,933,1848,0,0,0,1848,A
3-PA,934,1867,0,0,0,1867,A
3-PA,935,1875,0,1,0,1876,A
3-PA,936,1856,0,4,0,1860,A
3-PA,937,1852,1,4,0,1857,A
3-PA,938,1,0,0,1856,1857,C
3-PA,939,1839,0,1,0,1840,A
3-PA,940,0,1848,0,1,1849,T
3-PA,941,0,1843,0,0,1843,T
3-PA,942,1,0,0,1854,1855,C
3-PA,943,0,1849,0,0,1849,T
3-PA,944,0,1849,0,1,1850,T
3-PA,945,0,1848,0,0,1848,T
3-PA,946,3,1,1843,0,1847,G
3-PA,947,0,1,1844,0,1845,G
3-PA,948,1840,0,2,1,1843,A
3-PA,949,0,1850,0,0,1850,T
3-PA,950,1,2,1863,0,1866,G
3-PA,951,0,3,1883,0,1886,G
3-PA,952,1903,0,1,1,1905,A
3-PA,953,1909,0,0,0,1909,A
3-PA,954,1910,0,4,0,1914,A
3-PA,955,0,3,1918,0,1921,G
3-PA,956,1909,0,1,0,1910,A
3-PA,957,2102,0,4,0,2106,A
3-PA,958,0,0,0,2132,2132,C
3-PA,959,0,0,0,2148,2148,C
3-PA,960,0,2133,0,1,2134,T
3-PA,961,0,2178,0,2,2180,T
3-PA,962,2188,1,1,0,2190,A
3-PA,963,0,2195,0,0,2195,T
3-PA,964,2192,0,2,0,2194,A
3-PA,965,0,2218,0,0,2218,T
3-PA,966,2041,0,0,0,2041,A
3-PA,967,0,0,2062,0,2062,G
3-PA,968,0,2038,0,5,2043,T
3-PA,969,1,0,0,2044,2045,C
3-PA,970,2020,0,0,0,2020,A
3-PA,971,2020,0,0,0,2020,A
3-PA,972,2026,0,1,0,2027,A
3-PA,973,0,0,0,2019,2019,C
3-PA,974,1,0,0,1998,1999,C
3-PA,975,1984,1,0,1,1986,A
3-PA,976,0,1,0,1990,1991,C
3-PA,977,1988,0,1,0,1989,A
3-PA,978,0,1,0,2001,2002,C
3-PA,979,1,3,2001,0,2005,G
3-PA,980,1982,0,2,0,1984,A
3-PA,981,1995,0,2,0,1997,A
3-PA,982,1989,0,2,1,1992,A
3-PA,983,1988,0,1,0,1989,A
3-PA,984,1,3,2010,0,2014,G
3-PA,985,1,1,1985,0,1987,G
3-PA,986,0,2,1996,0,1998,G
3-PA,987,1996,0,2,0,1998,A
3-PA,988,2016,0,1,0,2017,A
3-PA,989,0,2013,0,0,2013,T
3-PA,990,2022,0,0,0,2022,A
3-PA,991,2023,0,3,0,2026,A
3-PA,992,2027,0,0,0,2027,A
3-PA,993,0,2005,0,0,2005,T
3-PA,994,0,1996,0,0,1996,T
3-PA,995,3,0,0,1998,2001,C
3-PA,996,2007,0,0,0,2007,A
3-PA,997,2013,0,0,0,2013,A
3-PA,998,2011,0,0,0,2011,A
3-PA,999,0,2004,0,0,2004,T
3-PA,1000,0,2013,0,2,2015,T
3-PA,1001,2014,0,0,0,2014,A
3-PA,1002,1,1,0,2016,2018,C
3-PA,1003,2,0,0,2008,2010,C
3-PA,1004,0,2005,0,2,2007,T
3-PA,1005,1,0,2031,0,2032,G
3-PA,1006,0,2,0,2024,2026,C
3-PA,1007,0,2033,0,2,2035,T
3-PA,1008,1,1,2079,0,2081,G
3-PA,1009,0,2064,0,4,2068,T
3-PA,1010,1,0,0,2072,2073,C
3-PA,1011,2084,0,1,0,2085,A
3-PA,1012,0,2086,0,0,2086,T
3-PA,1013,3,2,2081,1,2087,G
3-PA,1014,0,0,2072,0,2072,G
3-PA,1015,2068,0,1,0,2069,A
3-PA,1016,2124,0,1,0,2125,A
3-PA,1017,0,0,2095,0,2095,G
3-PA,1018,0,0,0,2092,2092,C
3-PA,1019,2092,1,0,0,2093,A
3-PA,1020,2096,1,0,0,2097,A
3-PA,1021,0,0,2110,0,2110,G
3-PA,1022,1,2100,0,0,2101,T
3-PA,1023,2113,0,0,0,2113,A
3-PA,1024,0,1,0,2107,2108,C
3-PA,1025,0,2066,0,0,2066,T
3-PA,1026,0,1,2094,0,2095,G
3-PA,1027,0,2073,1,2,2076,T
3-PA,1028,3,1,0,2081,2085,C
3-PA,1029,2083,0,1,0,2084,A
3-PA,1030,0,0,2100,0,2100,G
3-PA,1031,2089,0,0,0,2089,A
3-PA,1032,2096,0,0,0,2096,A
3-PA,1033,0,2108,1,0,2109,T
3-PA,1034,0,2088,0,1,2089,T
3-PA,1035,0,0,2078,0,2078,G
3-PA,1036,2,0,0,2071,2073,C
3-PA,1037,2073,0,5,0,2078,A
3-PA,1038,0,0,2090,0,2090,G
3-PA,1039,0,0,2062,0,2062,G
3-PA,1040,2067,0,2,0,2069,A
3-PA,1041,0,2,0,2069,2071,C
3-PA,1042,1,0,2043,0,2044,G
3-PA,1043,0,2080,0,0,2080,T
3-PA,1044,0,2094,0,3,2097,T
3-PA,1045,1,2,2107,0,2110,G
3-PA,1046,2098,0,3,0,2101,A
3-PA,1047,2109,0,1,0,2110,A
3-PA,1048,2109,0,0,0,2109,A
3-PA,1049,2101,0,0,0,2101,A
3-PA,1050,0,2090,0,0,2090,T
3-PA,1051,0,1,2095,0,2096,G
3-PA,1052,2080,0,3,0,2083,A
3-PA,1053,0,1,2093,0,2094,G
3-PA,1054,0,4,2098,0,2102,G
3-PA,1055,2086,0,0,0,2086,A
3-PA,1056,1,0,2104,0,2105,G
3-PA,1057,2098,1,1,0,2100,A
3-PA,1058,2094,0,3,0,2097,A
3-PA,1059,0,2,2085,0,2087,G
3-PA,1060,1,0,2072,0,2073,G
3-PA,1061,0,2137,0,3,2140,T
3-PA,1062,0,2147,0,1,2148,T
3-PA,1063,2,0,0,2161,2163,C
3-PA,1064,7,1,0,2152,2160,C
3-PA,1065,2166,0,1,0,2167,A
3-PA,1066,2152,0,1,0,2153,A
3-PA,1067,1,4,2175,0,2180,G
3-PA,1068,1,2,2205,0,2208,G
3-PA,1069,2153,0,1,0,2154,A
3-PA,1070,0,1,0,2178,2179,C
3-PA,1071,1,2178,0,1,2180,T
3-PA,1072,2184,0,2,0,2186,A
3-PA,1073,2186,0,1,0,2187,A
3-PA,1074,2184,0,1,0,2185,A
3-PA,1075,2191,0,0,0,2191,A
3-PA,1076,2173,0,0,0,2173,A
3-PA,1077,0,1,0,2149,2150,C
3-PA,1078,2139,0,0,0,2139,A
3-PA,1079,0,2129,0,2,2131,T
3-PA,1080,1,2,2150,0,2153,G
3-PA,1081,2149,0,1,0,2150,A
3-PA,1082,2147,0,4,0,2151,A
3-PA,1083,0,1,2166,0,2167,G
3-PA,1084,2167,0,1,0,2168,A
3-PA,1085,2174,0,0,0,2174,A
3-PA,1086,2148,0,2,0,2150,A
3-PA,1087,2148,0,2,2,2152,A
3-PA,1088,0,0,0,2158,2158,C
3-PA,1089,1,6,2140,0,2147,G
3-PA,1090,2159,0,2,0,2161,A
3-PA,1091,0,0,2152,0,2152,G
3-PA,1092,0,2136,0,2,2138,T
3-PA,1093,1,0,0,2200,2201,C
3-PA,1094,2208,0,2,0,2210,A
3-PA,1095,2244,0,0,0,2244,A
3-PA,1096,0,0,0,2244,2244,C
3-PA,1097,0,2238,0,0,2238,T
3-PA,1098,1,1,2284,0,2286,G
3-PA,1099,2265,0,2,0,2267,A
3-PA,1100,2288,0,1,0,2289,A
3-PA,1101,1,0,2287,0,2288,G
3-PA,1102,0,2223,0,5,2228,T
3-PA,1103,1,4,2237,0,2242,G
3-PA,1104,0,1,2236,0,2237,G
3-PA,1105,0,1,2236,0,2237,G
3-PA,1106,0,0,0,2241,2241,C
3-PA,1107,0,2222,0,2,2224,T
3-PA,1108,2,3,0,2248,2253,C
3-PA,1109,0,2241,0,0,2241,T
3-PA,1110,0,2245,0,0,2245,T
3-PA,1111,0,2,2316,0,2318,G
3-PA,1112,0,0,2321,0,2321,G
3-PA,1113,0,2297,0,0,2297,T
3-PA,1114,0,4,2295,0,2299,G
3-PA,1115,2302,0,2,0,2304,A
3-PA,1116,2314,0,2,0,2316,A
3-PA,1117,2319,0,0,1,2320,A
3-PA,1118,2326,0,1,0,2327,A
3-PA,1119,0,1,0,2335,2336,C
3-PA,1120,2289,0,1,0,2290,A
3-PA,1121,0,2278,2,3,2283,T
3-PA,1122,0,3,2284,0,2287,G
3-PA,1123,0,2,2314,0,2316,G
3-PA,1124,0,2,0,2331,2333,C
3-PA,1125,2338,1,1,2,2342,A
3-PA,1126,0,1,0,2357,2358,C
3-PA,1127,1,1,0,2356,2358,C
3-PA,1128,2408,0,1,0,2409,A
3-PA,1129,0,6,2451,0,2457,G
3-PA,1130,2451,0,1,1,2453,A
3-PA,1131,1,3,2480,0,2484,G
3-PA,1132,2483,0,2,0,2485,A
3-PA,1133,2468,0,7,0,2475,A
3-PA,1134,1,1,2493,0,2495,G
3-PA,1135,1,0,2489,0,2490,G
3-PA,1136,0,2426,0,7,2433,T
3-PA,1137,2453,0,2,0,2455,A
3-PA,1138,0,1,2452,0,2453,G
3-PA,1139,2431,0,2,1,2434,A
3-PA,1140,0,1,0,2459,2460,C
3-PA,1141,0,2428,0,1,2429,T
3-PA,1142,0,2425,0,1,2426,T
3-PA,1143,0,2418,0,1,2419,T
3-PA,1144,0,1,2432,1,2434,G
3-PA,1145,2428,0,4,0,2432,A
3-PA,1146,2442,0,0,0,2442,A
3-PA,1147,2434,0,3,0,2437,A
3-PA,1148,2431,0,3,0,2434,A
3-PA,1149,0,1,0,2485,2486,C
3-PA,1150,0,2467,0,2,2469,T
3-PA,1151,1,0,2485,0,2486,G
3-PA,1152,1,1,0,2478,2480,C
3-PA,1153,2488,0,3,1,2492,A
3-PA,1154,1,1,2484,0,2486,G
3-PA,1155,2470,0,8,0,2478,A
3-PA,1156,0,3,2585,0,2588,G
3-PA,1157,2591,0,4,0,2595,A
3-PA,1158,4,1,1,2574,2580,C
3-PA,1159,2571,0,3,0,2574,A
3-PA,1160,0,2554,0,3,2557,T
3-PA,1161,2564,1,1,0,2566,A
3-PA,1162,2560,0,3,1,2564,A
3-PA,1163,1,0,2566,0,2567,G
3-PA,1164,0,0,0,2550,2550,C
3-PA,1165,0,5,2517,0,2522,G
3-PA,1166,2567,0,0,0,2567,A
3-PA,1167,0,2560,1,1,2562,T
3-PA,1168,0,2570,0,0,2570,T
3-PA,1169,0,2561,0,2,2563,T
3-PA,1170,0,1,2582,0,2583,G
3-PA,1171,2589,0,3,0,2592,A
3-PA,1172,2587,0,5,0,2592,A
3-PA,1173,0,2,2597,0,2599,G
3-PA,1174,0,0,0,2653,2653,C
3-PA,1175,2627,0,1,0,2628,A
3-PA,1176,2828,0,2,0,2830,A
3-PA,1177,0,2836,0,0,2836,T
3-PA,1178,2845,0,2,0,2847,A
3-PA,1179,2,2865,0,1,2868,T
3-PA,1180,2,1,2886,0,2889,G
3-PA,1181,2918,0,1,0,2919,A
3-PA,1182,1,2908,0,0,2909,T
3-PA,1183,2834,0,1,0,2835,A
3-PA,1184,1,1,2838,0,2840,G
3-PA,1185,1,2724,0,1,2726,T
3-PA,1186,0,5,2731,0,2736,G
3-PA,1187,2727,0,3,0,2730,A
3-PA,1188,0,0,0,2707,2707,C
3-PA,1189,0,6,2690,0,2696,G
3-PA,1190,2716,0,0,0,2716,A
3-PA,1191,2721,0,1,0,2722,A
3-PA,1192,0,1,0,2761,2762,C
3-PA,1193,1,1,0,2762,2764,C
3-PA,1194,2,2763,0,2,2767,T
3-PA,1195,0,4,2841,0,2845,G
3-PA,1196,2820,0,4,0,2824,A
3-PA,1197,2836,0,2,0,2838,A
3-PA,1198,1,2848,0,0,2849,T
3-PA,1199,0,2830,0,1,2831,T
3-PA,1200,2828,0,2,0,2830,A
3-PA,1201,2795,0,3,0,2798,A
3-PA,1202,0,2,2810,0,2812,G
3-PA,1203,0,1,2802,0,2803,G
3-PA,1204,0,2753,0,2,2755,T
3-PA,1205,5,0,0,2762,2767,C
3-PA,1206,2753,0,2,0,2755,A
3-PA,1207,2,0,0,2856,2858,C
3-PA,1208,0,2857,0,4,2861,T
3-PA,1209,0,2851,0,0,2851,T
3-PA,1210,0,2848,0,2,2850,T
3-PA,1211,2,1,0,2857,2860,C
3-PA,1212,2859,0,0,0,2859,A
3-PA,1213,2857,0,0,1,2858,A
3-PA,1214,0,1,2896,0,2897,G
3-PA,1215,0,1,0,2886,2887,C
3-PA,1216,0,2854,0,2,2856,T
3-PA,1217,0,1,2937,0,2938,G
3-PA,1218,0,2,2933,0,2935,G
3-PA,1219,2977,0,2,0,2979,A
3-PA,1220,0,3013,0,2,3015,T
3-PA,1221,3009,0,2,0,3011,A
3-PA,1222,0,0,0,3036,3036,C
3-PA,1223,2999,0,3,0,3002,A
3-PA,1224,0,2,3031,0,3033,G
3-PA,1225,3019,0,4,0,3023,A
3-PA,1226,2965,0,1,0,2966,A
3-PA,1227,1,2927,0,1,2929,T
3-PA,1228,0,4,2945,0,2949,G
3-PA,1229,2907,0,4,0,2911,A
3-PA,1230,1,0,2952,0,2953,G
3-PA,1231,0,2941,0,2,2943,T
3-PA,1232,0,2926,0,1,2927,T
3-PA,1233,2,0,0,2978,2980,C
3-PA,1234,3001,1,1,0,3003,A
3-PA,1235,3008,0,0,0,3008,A
3-PA,1236,1,0,0,2995,2996,C
3-PA,1237,2972,1,2,0,2975,A
3-PA,1238,2986,0,2,0,2988,A
3-PA,1239,0,1,2966,0,2967,G
3-PA,1240,0,3,2970,0,2973,G
3-PA,1241,3,1,0,2974,2978,C
3-PA,1242,2,0,0,2970,2972,C
3-PA,1243,1,2956,0,5,2962,T
3-PA,1244,0,0,3004,0,3004,G
3-PA,1245,0,2995,0,1,2996,T
3-PA,1246,0,4,3027,0,3031,G
3-PA,1247,3017,2,4,0,3023,A
3-PA,1248,2,0,3016,0,3018,G
3-PA,1249,0,0,1,2991,2992,C
3-PA,1250,1,2986,0,5,2992,T
3-PA,1251,3061,0,0,0,3061,A
3-PA,1252,3055,1,3,0,3059,A
3-PA,1253,0,0,0,3065,3065,C
3-PA,1254,0,3046,0,3,3049,T
3-PA,1255,1,7,3050,0,3058,G
3-PA,1256,3046,0,1,0,3047,A
3-PA,1257,0,3042,0,1,3043,T
3-PA,1258,0,3049,0,1,3050,T
3-PA,1259,3,2,0,3069,3074,C
3-PA,1260,3156,0,0,0,3156,A
3-PA,1261,0,0,3232,0,3232,G
3-PA,1262,0,3218,0,4,3222,T
3-PA,1263,4,0,0,3233,3237,C
3-PA,1264,0,3215,0,5,3220,T
3-PA,1265,3,5,3355,0,3363,G
3-PA,1266,2,2,3354,0,3358,G
3-PA,1267,3360,0,2,0,3362,A
3-PA,1268,0,3364,0,5,3369,T
3-PA,1269,3177,0,4,0,3181,A
3-PA,1270,2,1,3171,0,3174,G
3-PA,1271,3113,0,9,1,3123,A
3-PA,1272,0,0,3133,0,3133,G
3-PA,1273,0,0,0,3120,3120,C
3-PA,1274,0,3050,0,1,3051,T
3-PA,1275,3,0,0,3068,3071,C
3-PA,1276,1,0,3076,0,3077,G
3-PA,1277,3081,0,0,0,3081,A
3-PA,1278,0,3083,0,2,3085,T
3-PA,1279,0,2,3076,0,3078,G
3-PA,1280,3121,0,1,0,3122,A
3-PA,1281,3105,0,4,0,3109,A
3-PA,1282,3125,0,1,1,3127,A
3-PA,1283,0,3103,0,0,3103,T
3-PA,1284,0,3121,0,0,3121,T
3-PA,1285,0,2,3152,0,3154,G
3-PA,1286,0,2,3136,0,3138,G
3-PA,1287,3131,0,5,0,3136,A
3-PA,1288,1,2,3141,0,3144,G
3-PA,1289,3099,0,3,0,3102,A
3-PA,1290,0,0,3129,0,3129,G
3-PA,1291,0,2,3130,0,3132,G
3-PA,1292,3160,1,1,0,3162,A
3-PA,1293,2,1,0,3175,3178,C
3-PA,1294,0,0,3146,0,3146,G
3-PA,1295,0,3146,0,1,3147,T
3-PA,1296,3167,0,3,0,3170,A
3-PA,1297,0,1,3192,0,3193,G
3-PA,1298,0,1,0,3219,3220,C
3-PA,1299,1,2,0,3152,3155,C
3-PA,1300,6,0,0,3144,3150,C
3-PA,1301,5,0,0,3184,3189,C
3-PA,1302,3202,0,0,0,3202,A
3-PA,1303,3320,0,1,0,3321,A
3-PA,1304,0,3304,0,1,3305,T
3-PA,1305,0,3301,0,0,3301,T
3-PA,1306,1,2,3299,0,3302,G
3-PA,1307,3252,0,9,0,3261,A
3-PA,1308,0,0,3264,0,3264,G
3-PA,1309,0,0,0,3254,3254,C
3-PA,1310,3248,1,1,0,3250,A
3-PA,1311,1,0,1,3314,3316,C
3-PA,1312,3233,0,1,0,3234,A
3-PA,1313,0,3356,0,2,3358,T
3-PA,1314,0,3351,0,3,3354,T
3-PA,1315,4,1,3358,0,3363,G
3-PA,1316,0,0,0,3352,3352,C
3-PA,1317,3346,0,1,0,3347,A
3-PA,1318,3336,0,7,1,3344,A
3-PA,1319,0,0,3357,0,3357,G
3-PA,1320,1,1,1,3291,3294,C
3-PA,1321,3297,0,0,0,3297,A
3-PA,1322,1,3186,0,1,3188,T
3-PA,1323,0,8,3186,0,3194,G
3-PA,1324,3176,1,4,0,3181,A
3-PA,1325,0,2,3199,0,3201,G
3-PA,1326,3198,0,4,0,3202,A
3-PA,1327,3196,0,2,0,3198,A
3-PA,1328,1,0,3194,0,3195,G
3-PA,1329,0,5,3188,0,3193,G
3-PA,1330,3190,0,4,0,3194,A
3-PA,1331,3196,0,1,0,3197,A
3-PA,1332,0,3198,0,2,3200,T
3-PA,1333,0,3204,0,0,3204,T
3-PA,1334,3219,0,0,0,3219,A
3-PA,1335,1,3228,0,1,3230,T
3-PA,1336,1,3221,0,2,3224,T
3-PA,1337,0,3229,0,0,3229,T
3-PA,1338,1,1,0,3216,3218,C
3-PA,1339,3205,0,4,0,3209,A
3-PA,1340,1,1,0,3291,3293,C
3-PA,1341,3272,0,1,0,3273,A
3-PA,1342,0,1,3299,0,3300,G
3-PA,1343,1,0,0,3299,3300,C
3-PA,1344,3291,0,0,0,3291,A
3-PA,1345,1,1,3303,0,3305,G
3-PA,1346,3278,0,1,0,3279,A
3-PA,1347,2,3,3285,0,3290,G
3-PA,1348,1,0,3300,0,3301,G
3-PA,1349,1,3197,0,5,3203,T
3-PA,1350,1,0,3265,0,3266,G
3-PA,1351,2,3226,0,6,3234,T
3-PA,1352,0,2,0,3240,3242,C
3-PA,1353,2,3,1,3270,3276,C
3-PA,1354,6,0,0,3264,3270,C
3-PA,1355,3308,0,2,0,3310,A
3-PA,1356,0,3340,0,3,3343,T
3-PA,1357,0,3336,0,2,3338,T
3-PA,1358,2,0,3358,0,3360,G
3-PA,1359,0,3301,0,1,3302,T
3-PA,1360,3245,0,2,0,3247,A
3-PA,1361,0,4,3223,1,3228,G
3-PA,1362,3145,1,7,0,3153,A
3-PA,1363,1,0,3154,0,3155,G
3-PA,1364,0,0,0,3124,3124,C
3-PA,1365,3,1,0,3078,3082,C
3-PA,1366,3118,0,5,0,3123,A
3-PA,1367,0,2,0,3118,3120,C
3-PA,1368,0,3114,0,0,3114,T
3-PA,1369,0,0,3113,0,3113,G
3-PA,1370,3109,0,2,0,3111,A
3-PA,1371,3046,0,3,0,3049,A
3-PA,1372,0,3120,0,1,3121,T
3-PA,1373,3154,0,1,0,3155,A
3-PA,1374,0,1,0,3189,3190,C
3-PA,1375,3104,1,0,1,3106,A
3-PA,1376,1,3097,0,3,3101,T
3-PA,1377,3090,0,0,0,3090,A
3-PA,1378,3090,0,2,0,3092,A
3-PA,1379,1,3071,1,1,3074,T
3-PA,1380,0,3,3034,0,3037,G
3-PA,1381,3019,0,0,0,3019,A
3-PA,1382,2961,0,4,0,2965,A
3-PA,1383,1,6,2957,0,2964,G
3-PA,1384,1,0,2958,0,2959,G
3-PA,1385,1,4,2977,0,2982,G
3-PA,1386,2,3,2993,0,2998,G
3-PA,1387,1,0,3012,0,3013,G
3-PA,1388,2,2969,0,1,2972,T
3-PA,1389,2992,1,0,0,2993,A
3-PA,1390,0,3014,0,1,3015,T
3-PA,1391,3038,2,1,0,3041,A
3-PA,1392,0,0,0,3284,3284,C
3-PA,1393,3181,0,0,0,3181,A
3-PA,1394,0,3133,0,2,3135,T
3-PA,1395,0,3102,0,0,3102,T
3-PA,1396,3052,0,0,0,3052,A
3-PA,1397,3110,0,2,0,3112,A
3-PA,1398,1,0,0,3109,3110,C
3-PA,1399,3039,0,3,0,3042,A
3-PA,1400,1,1,0,3053,3055,C
3-PA,1401,0,2668,0,0,2668,T
3-PA,1402,0,0,2775,0,2775,G
3-PA,1403,1,1,0,2754,2756,C
3-PA,1404,2,1,0,2748,2751,C
3-PA,1405,2,1,0,2771,2774,C
3-PA,1406,0,2670,0,3,2673,T
3-PA,1407,1,0,2754,0,2755,G
3-PA,1408,0,0,0,2746,2746,C
3-PA,1409,0,2736,0,3,2739,T
3-PA,1410,2,1,0,2839,2842,C
3-PA,1411,2750,0,2,0,2752,A
3-PA,1412,2770,0,0,0,2770,A
3-PA,1413,0,2763,0,1,2764,T
3-PA,1414,2,0,2752,0,2754,G
3-PA,1415,0,2,0,2747,2749,C
3-PA,1416,2657,0,1,0,2658,A
3-PA,1417,0,2651,0,4,2655,T
3-PA,1418,2,0,0,2646,2648,C
3-PA,1419,2,0,0,2677,2679,C
3-PA,1420,0,2579,0,0,2579,T
3-PA,1421,2,0,2643,0,2645,G
3-PA,1422,0,2640,0,0,2640,T
3-PA,1423,0,1,2632,1,2634,G
3-PA,1424,0,1,0,2639,2640,C
3-PA,1425,2591,0,1,0,2592,A
3-PA,1426,0,0,2613,0,2613,G
3-PA,1427,0,0,0,2606,2606,C
3-PA,1428,2572,0,0,0,2572,A
3-PA,1429,2572,0,0,0,2572,A
3-PA,1430,0,2462,0,0,2462,T
3-PA,1431,1,2,2465,0,2468,G
3-PA,1432,0,2,2452,0,2454,G
3-PA,1433,2456,0,2,0,2458,A
3-PA,1434,0,1,0,2451,2452,C
3-PA,1435,0,2,2434,0,2436,G
3-PA,1436,2468,0,4,0,2472,A
3-PA,1437,0,2477,0,0,2477,T
3-PA,1438,0,2480,2,0,2482,T
3-PA,1439,0,2478,0,0,2478,T
3-PA,1440,0,2461,0,1,2462,T
3-PA,1441,2,0,0,2478,2480,C
3-PA,1442,2485,0,2,0,2487,A
3-PA,1443,2490,0,0,0,2490,A
3-PA,1444,0,0,0,2494,2494,C
3-PA,1445,0,2444,0,1,2445,T
3-PA,1446,2455,0,1,0,2456,A
3-PA,1447,2449,0,1,0,2450,A
3-PA,1448,0,2441,0,0,2441,T
3-PA,1449,0,2440,0,0,2440,T
3-PA,1450,1,1,0,2455,2457,C
3-PA,1451,1,0,0,2445,2446,C
3-PA,1452,3,1,0,2443,2447,C
3-PA,1453,2450,0,3,0,2453,A
3-PA,1454,0,2472,0,1,2473,T
3-PA,1455,0,3,2479,0,2482,G
3-PA,1456,2475,0,3,0,2478,A
3-PA,1457,0,2462,0,0,2462,T
3-PA,1458,2453,0,2,0,2455,A
3-PA,1459,2446,0,5,0,2451,A
3-PA,1460,0,0,2451,0,2451,G
3-PA,1461,0,0,0,2446,2446,C
3-PA,1462,2439,0,0,0,2439,A
3-PA,1463,2382,0,3,0,2385,A
3-PA,1464,1,0,2409,0,2410,G
3-PA,1465,0,2396,0,1,2397,T
3-PA,1466,0,0,2393,0,2393,G
3-PA,1467,1,0,0,2388,2389,C
3-PA,1468,2352,1,3,0,2356,A
3-PA,1469,0,2,2388,0,2390,G
3-PA,1470,2392,0,1,0,2393,A
3-PA,1471,2424,0,2,0,2426,A
3-PA,1472,1,0,0,2425,2426,C
3-PA,1473,0,2352,0,1,2353,T
3-PA,1474,2370,0,2,0,2372,A
3-PA,1475,2365,0,0,0,2365,A
3-PA,1476,2355,0,1,0,2356,A
3-PA,1477,0,2,2370,0,2372,G
3-PA,1478,2290,0,4,0,2294,A
3-PA,1479,0,6,2281,0,2287,G
3-PA,1480,1,0,2209,0,2210,G
3-PA,1481,0,1,2210,1,2212,G
3-PA,1482,2201,0,0,0,2201,A
3-PA,1483,2144,0,0,0,2144,A
3-PA,1484,2,1,2150,0,2153,G
3-PA,1485,1,0,2138,0,2139,G
3-PA,1486,0,1,0,2139,2140,C
3-PA,1487,1,2,2153,0,2156,G
3-PA,1488,2138,0,0,0,2138,A
3-PA,1489,2149,0,2,0,2151,A
3-PA,1490,2144,0,0,0,2144,A
3-PA,1491,2146,0,0,0,2146,A
3-PA,1492,2146,0,1,0,2147,A
3-PA,1493,0,1,0,2150,2151,C
3-PA,1494,1,2,0,2138,2141,C
3-PA,1495,2147,0,0,0,2147,A
3-PA,1496,2163,0,0,0,2163,A
3-PA,1497,0,2156,0,0,2156,T
3-PA,1498,0,2151,1,0,2152,T
3-PA,1499,0,2166,0,0,2166,T
3-PA,1500,2179,0,0,0,2179,A
3-PA,1501,0,2170,0,0,2170,T
3-PA,1502,2169,0,0,0,2169,A
3-PA,1503,1,2151,0,0,2152,T
3-PA,1504,0,3,2142,0,2145,G
3-PA,1505,0,1,2127,0,2128,G
3-PA,1506,2126,0,0,0,2126,A
3-PA,1507,0,2110,0,3,2113,T
3-PA,1508,1,2078,0,4,2083,T
3-PA,1509,3,1,0,2075,2079,C
3-PA,1510,2080,0,2,0,2082,A
3-PA,1511,0,2089,0,3,2092,T
3-PA,1512,2,0,0,2101,2103,C
3-PA,1513,2100,0,1,0,2101,A
3-PA,1514,0,2082,0,0,2082,T
3-PA,1515,2065,0,0,0,2065,A
3-PA,1516,2069,0,0,0,2069,A
3-PA,1517,2063,0,6,0,2069,A
3-PA,1518,0,1,2051,0,2052,G
3-PA,1519,0,4,2014,0,2018,G
3-PA,1520,1,0,1995,0,1996,G
3-PA,1521,1984,0,0,0,1984,A
3-PA,1522,1948,0,6,0,1954,A
3-PA,1523,0,2,1968,0,1970,G
3-PA,1524,1952,0,2,0,1954,A
3-PA,1525,0,1951,1,4,1956,T
3-PA,1526,1,0,0,1941,1942,C
3-PA,1527,0,1903,0,3,1906,T
3-PA,1528,2,0,0,1948,1950,C
3-PA,1529,1948,0,1,0,1949,A
3-PA,1530,0,1945,0,1,1946,T
3-PA,1531,0,1947,0,2,1949,T
3-PA,1532,0,1921,1,0,1922,T
3-PA,1533,1912,0,1,0,1913,A
3-PA,1534,1911,0,0,0,1911,A
3-PA,1535,0,0,1911,0,1911,G
3-PA,1536,0,0,1930,0,1930,G
3-PA,1537,1837,0,0,0,1837,A
3-PA,1538,1832,0,0,0,1832,A
3-PA,1539,0,1837,0,0,1837,T
3-PA,1540,0,5,1835,0,1840,G
3-PA,1541,1896,0,3,0,1899,A
3-PA,1542,0,2,0,1901,1903,C
3-PA,1543,1884,0,2,0,1886,A
3-PA,1544,1,0,0,1883,1884,C
3-PA,1545,1820,0,2,0,1822,A
3-PA,1546,0,2,1831,0,1833,G
3-PA,1547,1813,0,2,0,1815,A
3-PA,1548,0,0,0,1772,1772,C
3-PA,1549,0,1,1746,0,1747,G
3-PA,1550,0,1623,0,1,1624,T
3-PA,1551,0,3,1623,0,1626,G
3-PA,1552,0,1,1636,0,1637,G
3-PA,1553,0,1628,0,0,1628,T
3-PA,1554,1631,0,1,0,1632,A
3-PA,1555,1610,0,1,0,1611,A
3-PA,1556,1602,0,2,0,1604,A
3-PA,1557,0,1599,0,0,1599,T
3-PA,1558,0,1584,0,0,1584,T
3-PA,1559,0,1576,1,1,1578,T
3-PA,1560,0,1569,0,0,1569,T
3-PA,1561,0,0,1568,0,1568,G
3-PA,1562,0,1546,0,2,1548,T
3-PA,1563,1,1,1549,0,1551,G
3-PA,1564,1547,0,0,0,1547,A
3-PA,1565,0,0,1557,0,1557,G
3-PA,1566,0,0,0,1544,1544,C
3-PA,1567,1555,0,0,0,1555,A
3-PA,1568,0,1555,0,1,1556,T
3-PA,1569,2,0,1556,0,1558,G
3-PA,1570,0,0,1561,0,1561,G
3-PA,1571,1559,0,6,0,1565,A
3-PA,1572,0,1,1565,0,1566,G
3-PA,1573,0,1547,1,3,1551,T
3-PA,1574,0,1528,0,1,1529,T
3-PA,1575,0,1551,0,1,1552,T
3-PA,1576,0,1537,0,5,1542,T
3-PA,1577,0,2,0,1543,1545,C
3-PA,1578,0,1537,0,4,1541,T
3-PA,1579,1,0,0,1537,1538,C
3-PA,1580,0,1486,1,5,1492,T
3-PA,1581,1,0,0,1489,1490,C
3-PA,1582,1484,0,0,0,1484,A
3-PA,1583,1,0,0,1486,1487,C
3-PA,1584,0,1434,0,2,1436,T
3-PA,1585,0,2,1433,0,1435,G
3-PA,1586,1423,0,0,0,1423,A
3-PA,1587,0,0,0,1438,1438,C
3-PA,1588,0,1,0,1434,1435,C
3-PA,1589,3,1,0,1411,1415,C
3-PA,1590,0,4,1414,0,1418,G
3-PA,1591,1404,0,7,0,1411,A
3-PA,1592,1,1,1419,0,1421,G
3-PA,1593,1412,0,1,0,1413,A
3-PA,1594,0,2,0,1388,1390,C
3-PA,1595,0,1371,0,0,1371,T
3-PA,1596,0,1301,0,1,1302,T
3-PA,1597,0,0,1314,0,1314,G
3-PA,1598,1297,0,4,0,1301,A
3-PA,1599,1,0,1299,0,1300,G
3-PA,1600,2,0,0,1290,1292,C
3-PA,1601,1,0,0,1246,1247,C
3-PA,1602,1241,0,3,0,1244,A
3-PA,1603,1,0,0,1246,1247,C
3-PA,1604,1242,0,3,0,1245,A
3-PA,1605,0,1246,0,0,1246,T
3-PA,1606,1237,0,0,0,1237,A
3-PA,1607,1226,0,0,1,1227,A
3-PA,1608,1219,0,0,0,1219,A
3-PA,1609,0,1214,0,0,1214,T
3-PA,1610,0,4,1204,0,1208,G
3-PA,1611,0,1,1115,0,1116,G
3-PA,1612,0,1,1107,0,1108,G
3-PA,1613,1087,0,0,0,1087,A
3-PA,1614,0,0,1090,0,1090,G
3-PA,1615,1078,0,2,0,1080,A
3-PA,1616,1053,0,0,0,1053,A
3-PA,1617,1059,0,0,0,1059,A
3-PA,1618,0,1054,0,0,1054,T
3-PA,1619,1053,0,0,0,1053,A
3-PA,1620,3,0,1,1044,1048,C
3-PA,1621,0,787,0,1,788,T
3-PA,1622,0,1,798,0,799,G
3-PA,1623,0,673,0,1,674,T
3-PA,1624,0,0,693,0,693,G
3-PA,1625,0,670,0,0,670,T
3-PA,1626,1,1,0,599,601,C
3-PA,1627,0,0,0,589,589,C
3-PA,1628,0,586,0,0,586,T
3-PA,1629,0,584,1,2,587,T
3-PA,1630,0,0,592,0,592,G
3-PA,1631,587,0,1,0,588,A
3-PA,1632,0,0,593,0,593,G
3-PA,1633,550,0,0,0,550,A
3-PA,1634,0,550,0,0,550,T
3-PA,1635,541,1,0,0,542,A
3-PA,1636,0,0,558,0,558,G
3-PA,1637,0,1,552,0,553,G
3-PA,1638,553,0,0,0,553,A
3-PA,1639,0,1,554,1,556,G
3-PA,1640,546,0,1,0,547,A
3-PA,1641,0,543,0,0,543,T
3-PA,1642,552,0,1,0,553,A
3-PA,1643,0,550,0,0,550,T
3-PA,1644,0,0,563,0,563,G
3-PA,1645,0,566,0,1,567,T
3-PA,1646,0,564,0,2,566,T
3-PA,1647,583,0,0,0,583,A
3-PA,1648,2,0,0,584,586,C
3-PA,1649,0,578,0,0,578,T
3-PA,1650,575,0,0,0,575,A
3-PA,1651,571,0,1,0,572,A
3-PA,1652,0,0,581,0,581,G
3-PA,1653,570,0,1,0,571,A
3-PA,1654,565,0,0,0,565,A
3-PA,1655,0,0,553,0,553,G
3-PA,1656,0,553,0,1,554,T
3-PA,1657,0,0,558,0,558,G
3-PA,1658,0,0,0,559,559,C
3-PA,1659,1,0,0,553,554,C
3-PA,1660,560,0,0,0,560,A
3-PA,1661,0,548,0,0,548,T
3-PA,1662,545,0,0,0,545,A
3-PA,1663,0,0,553,0,553,G
3-PA,1664,1,0,553,0,554,G
3-PA,1665,0,1,0,551,552,C
3-PA,1666,0,0,0,547,547,C
3-PA,1667,547,0,0,0,547,A
3-PA,1668,548,0,1,0,549,A
3-PA,1669,545,0,0,0,545,A
3-PA,1670,0,549,0,0,549,T
3-PA,1671,0,547,0,0,547,T
3-PA,1672,0,542,0,0,542,T
3-PA,1673,0,0,0,545,545,C
3-PA,1674,543,0,2,0,545,A
3-PA,1675,542,1,1,0,544,A
3-PA,1676,0,1,544,0,545,G
3-PA,1677,0,1,543,0,544,G
3-PA,1678,1,0,0,540,541,C
3-PA,1679,2,0,0,543,545,C
3-PA,1680,546,0,1,0,547,A
3-PA,1681,562,0,0,0,562,A
3-PA,1682,0,557,0,2,559,T
3-PA,1683,0,0,582,0,582,G
3-PA,1684,0,582,0,2,584,T
3-PA,1685,0,615,0,0,615,T
3-PA,1686,0,0,0,617,617,C
3-PA,1687,0,618,0,0,618,T
3-PA,1688,0,615,0,0,615,T
3-PA,1689,579,0,0,0,579,A
3-PA,1690,0,585,0,0,585,T
3-PA,1691,591,0,0,0,591,A
3-PA,1692,0,596,0,1,597,T
3-PA,1693,0,0,594,0,594,G
3-PA,1694,0,564,0,2,566,T
3-PA,1695,0,1,564,0,565,G
3-PA,1696,565,0,1,0,566,A
3-PA,1697,0,0,567,0,567,G
3-PA,1698,0,1,567,0,568,G
3-PA,1699,569,0,1,0,570,A
3-PA,1700,0,0,0,570,570,C
3-PA,1701,562,0,0,0,562,A
3-PA,1702,560,0,3,0,563,A
3-PA,1703,564,0,0,1,565,A
3-PA,1704,0,0,0,564,564,C
3-PA,1705,2,1,565,0,568,G
3-PA,1706,0,1,573,0,574,G
3-PA,1707,567,0,1,0,568,A
3-PA,1708,571,0,2,0,573,A
3-PA,1709,0,0,0,574,574,C
3-PA,1710,568,0,1,0,569,A
3-PA,1711,0,571,0,0,571,T
3-PA,1712,0,0,0,573,573,C
3-PA,1713,567,0,2,0,569,A
3-PA,1714,564,0,0,1,565,A
3-PA,1715,562,0,1,0,563,A
3-PA,1716,0,0,566,0,566,G
3-PA,1717,0,0,572,0,572,G
3-PA,1718,0,558,0,0,558,T
3-PA,1719,0,0,0,563,563,C
3-PA,1720,563,0,1,0,564,A
3-PA,1721,570,0,0,0,570,A
3-PA,1722,570,0,0,0,570,A
3-PA,1723,569,0,1,0,570,A
3-PA,1724,0,570,0,1,571,T
3-PA,1725,0,0,574,0,574,G
3-PA,1726,568,0,2,0,570,A
3-PA,1727,571,0,0,0,571,A
3-PA,1728,570,0,0,0,570,A
3-PA,1729,0,572,0,1,573,T
3-PA,1730,0,1,575,0,576,G
3-PA,1731,0,1,574,0,575,G
3-PA,1732,0,1,578,0,579,G
3-PA,1733,0,0,584,0,584,G
3-PA,1734,577,0,0,0,577,A
3-PA,1735,579,0,1,0,580,A
3-PA,1736,1,580,0,0,581,T
3-PA,1737,0,0,586,0,586,G
3-PA,1738,0,0,593,0,593,G
3-PA,1739,586,0,0,0,586,A
3-PA,1740,0,0,590,0,590,G
3-PA,1741,585,1,1,0,587,A
3-PA,1742,0,580,0,0,580,T
3-PA,1743,0,1,587,0,588,G
3-PA,1744,580,0,0,0,580,A
3-PA,1745,0,1,583,0,584,G
3-PA,1746,582,0,1,0,583,A
3-PA,1747,0,0,0,567,567,C
3-PA,1748,0,0,564,0,564,G
3-PA,1749,0,557,0,0,557,T
3-PA,1750,0,556,0,0,556,T
3-PA,1751,0,1,557,0,558,G
3-PA,1752,0,0,0,556,556,C
3-PA,1753,0,1,0,559,560,C
3-PA,1754,1,556,0,1,558,T
3-PA,1755,1,0,0,567,568,C
3-PA,1756,0,0,0,570,570,C
3-PA,1757,0,573,1,1,575,T
3-PA,1758,0,575,0,1,576,T
3-PA,1759,0,0,0,578,578,C
3-PA,1760,580,0,0,0,580,A
3-PA,1761,0,0,577,0,577,G
3-PA,1762,0,572,0,2,574,T
3-PA,1763,1,0,0,572,573,C
3-PA,1764,562,0,0,0,562,A
3-PA,1765,0,0,0,589,589,C
3-PA,1766,0,580,0,3,583,T
3-PA,1767,0,0,0,592,592,C
3-PA,1768,1,0,0,595,596,C
3-PA,1769,599,0,0,0,599,A
3-PA,1770,0,0,599,0,599,G
3-PA,1771,0,1,0,594,595,C
3-PA,1772,591,0,0,0,591,A
3-PA,1773,0,0,599,0,599,G
3-PA,1774,579,0,1,0,580,A
3-PA,1775,0,573,0,0,573,T
3-PA,1776,0,0,0,572,572,C
3-PA,1777,0,2,573,0,575,G
3-PA,1778,568,0,0,0,568,A
3-PA,1779,0,1,574,0,575,G
3-PA,1780,570,0,1,0,571,A
3-PA,1781,0,0,573,0,573,G
3-PA,1782,0,0,0,568,568,C
3-PA,1783,568,0,0,0,568,A
3-PA,1784,0,566,0,0,566,T
3-PA,1785,0,1,583,0,584,G
3-PA,1786,586,0,0,0,586,A
3-PA,1787,0,579,0,0,579,T
3-PA,1788,0,579,0,0,579,T
3-PA,1789,0,1,578,0,579,G
3-PA,1790,564,0,2,0,566,A
3-PA,1791,569,0,0,0,569,A
3-PA,1792,0,0,573,0,573,G
3-PA,1793,0,0,0,568,568,C
3-PA,1794,0,0,0,555,555,C
3-PA,1795,1,2,558,0,561,G
3-PA,1796,555,0,1,0,556,A
3-PA,1797,0,0,565,0,565,G
3-PA,1798,0,559,0,0,559,T
3-PA,1799,2,0,0,557,559,C
3-PA,1800,0,0,0,557,557,C
3-PA,1801,0,556,0,1,557,T
3-PA,1802,1,0,0,568,569,C
3-PA,1803,1,0,567,0,568,G
3-PA,1804,1,0,586,0,587,G
3-PA,1805,0,587,0,0,587,T
3-PA,1806,0,582,0,0,582,T
3-PA,1807,584,0,0,0,584,A
3-PA,1808,582,0,0,0,582,A
3-PA,1809,580,0,2,0,582,A
3-PA,1810,0,2,587,0,589,G
3-PA,1811,588,0,1,0,589,A
3-PA,1812,0,0,591,0,591,G
3-PA,1813,572,0,0,0,572,A
3-PA,1814,572,0,0,1,573,A
3-PA,1815,568,0,1,1,570,A
3-PA,1816,0,1,575,0,576,G
3-PA,1817,572,1,1,1,575,A
3-PA,1818,0,0,0,577,577,C
3-PA,1819,560,0,0,0,560,A
3-PA,1820,0,555,0,0,555,T
3-PA,1821,0,1,555,0,556,G
3-PA,1822,556,0,0,0,556,A
3-PA,1823,0,1,0,551,552,C
3-PA,1824,0,0,0,556,556,C
3-PA,1825,555,0,0,0,555,A
3-PA,1826,558,0,0,0,558,A
3-PA,1827,551,0,0,0,551,A
3-PA,1828,0,2,556,0,558,G
3-PA,1829,549,0,1,0,550,A
3-PA,1830,0,0,556,0,556,G
3-PA,1831,0,543,0,0,543,T
3-PA,1832,0,539,0,0,539,T
3-PA,1833,0,538,0,0,538,T
3-PA,1834,0,542,0,0,542,T
3-PA,1835,0,542,0,0,542,T
3-PA,1836,0,546,0,0,546,T
3-PA,1837,0,0,546,0,546,G
3-PA,1838,545,0,0,0,545,A
3-PA,1839,0,0,548,0,548,G
3-PA,1840,548,0,0,0,548,A
3-PA,1841,547,0,0,0,547,A
3-PA,1842,0,549,0,0,549,T
3-PA,1843,550,0,0,0,550,A
3-PA,1844,564,0,2,0,566,A
3-PA,1845,568,0,0,0,568,A
3-PA,1846,0,564,1,0,565,T
3-PA,1847,0,0,0,570,570,C
3-PA,1848,571,0,1,0,572,A
3-PA,1849,0,0,572,0,572,G
3-PA,1850,568,0,1,0,569,A
3-PA,1851,570,0,3,0,573,A
3-PA,1852,0,0,575,0,575,G
3-PA,1853,0,0,0,555,555,C
3-PA,1854,554,1,0,0,555,A
3-PA,1855,0,555,0,0,555,T
3-PA,1856,0,1,555,0,556,G
3-PA,1857,0,0,565,0,565,G
3-PA,1858,0,1,0,555,556,C
3-PA,1859,0,1,0,567,568,C
3-PA,1860,0,0,0,578,578,C
3-PA,1861,586,0,0,0,586,A
3-PA,1862,0,580,0,0,580,T
3-PA,1863,0,585,0,0,585,T
3-PA,1864,0,2,584,0,586,G
3-PA,1865,0,1,582,0,583,G
3-PA,1866,0,0,568,0,568,G
3-PA,1867,0,0,571,0,571,G
3-PA,1868,544,0,1,0,545,A
3-PA,1869,0,0,552,0,552,G
3-PA,1870,0,531,0,1,532,T
3-PA,1871,0,0,0,536,536,C
3-PA,1872,1,0,0,562,563,C
3-PA,1873,1,0,0,559,560,C
3-PA,1874,0,0,0,559,559,C
3-PA,1875,1,0,0,562,563,C
3-PA,1876,566,0,0,0,566,A
3-PA,1877,570,0,0,0,570,A
3-PA,1878,0,1,568,0,569,G
3-PA,1879,0,0,557,0,557,G
3-PA,1880,1,1,555,0,557,G
3-PA,1881,510,0,0,0,510,A
3-PA,1882,0,0,521,0,521,G
3-PA,1883,0,513,0,0,513,T
3-PA,1884,1,0,516,0,517,G
3-PA,1885,0,1,519,0,520,G
3-PA,1886,517,0,0,0,517,A
3-PA,1887,512,0,2,0,514,A
3-PA,1888,0,0,512,0,512,G
3-PA,1889,500,0,0,0,500,A
3-PA,1890,504,0,1,0,505,A
3-PA,1891,0,0,501,0,501,G
3-PA,1892,0,0,497,0,497,G
3-PA,1893,0,494,0,0,494,T
3-PA,1894,0,492,0,0,492,T
3-PA,1895,1,0,0,492,493,C
3-PA,1896,1,0,0,493,494,C
3-PA,1897,496,0,1,0,497,A
3-PA,1898,0,498,0,0,498,T
3-PA,1899,0,499,0,0,499,T
3-PA,1900,0,2,490,0,492,G
3-PA,1901,0,0,492,0,492,G
3-PA,1902,0,0,492,0,492,G
3-PA,1903,490,0,1,0,491,A
3-PA,1904,486,0,0,0,486,A
3-PA,1905,487,0,1,0,488,A
3-PA,1906,1,0,501,0,502,G
3-PA,1907,0,492,0,0,492,T
3-PA,1908,0,1,0,502,503,C
3-PA,1909,0,494,0,0,494,T
3-PA,1910,0,0,505,0,505,G
3-PA,1911,0,505,0,0,505,T
3-PA,1912,505,0,0,0,505,A
3-PA,1913,0,1,501,0,502,G
3-PA,1914,0,0,498,0,498,G
3-PA,1915,458,0,16,0,474,A
3-PA,1916,0,0,0,479,479,C
3-PA,1917,0,466,0,1,467,T
3-PA,1918,0,0,0,488,488,C
3-PA,1919,0,484,0,0,484,T
3-PA,1920,483,0,0,0,483,A
3-PA,1921,0,483,0,0,483,T
3-PA,1922,0,476,0,0,476,T
3-PA,1923,1,1,484,0,486,G
3-PA,1924,0,0,483,0,483,G
3-PA,1925,0,0,0,481,481,C
3-PA,1926,0,484,0,0,484,T
3-PA,1927,456,0,0,0,456,A
3-PA,1928,458,0,0,1,459,A
3-PA,1929,0,0,464,0,464,G
3-PA,1930,0,460,0,0,460,T
3-PA,1931,0,0,0,460,460,C
3-PA,1932,444,0,1,0,445,A
3-PA,1933,0,0,467,0,467,G
3-PA,1934,0,465,0,1,466,T
3-PA,1935,480,0,0,0,480,A
3-PA,1936,0,478,0,0,478,T
3-PA,1937,0,487,1,0,488,T
3-PA,1938,2,0,0,489,491,C
3-PA,1939,485,0,1,0,486,A
3-PA,1940,485,0,0,0,485,A
3-PA,1941,1,479,0,0,480,T
3-PA,1942,459,0,0,0,459,A
3-PA,1943,0,0,468,0,468,G
3-PA,1944,0,0,0,462,462,C
3-PA,1945,0,0,0,462,462,C
3-PA,1946,0,446,0,0,446,T
3-PA,1947,0,0,459,0,459,G
3-PA,1948,0,458,0,1,459,T
3-PA,1949,463,0,0,0,463,A
3-PA,1950,0,459,0,0,459,T
3-PA,1951,0,0,447,0,447,G
3-PA,1952,0,0,0,449,449,C
3-PA,1953,433,0,0,0,433,A
3-PA,1954,0,435,0,0,435,T
3-PA,1955,0,0,0,432,432,C
3-PA,1956,422,0,0,0,422,A
3-PA,1957,0,0,0,429,429,C
3-PA,1958,1,0,0,424,425,C
3-PA,1959,423,0,0,1,424,A
3-PA,1960,0,0,0,429,429,C
3-PA,1961,420,0,0,0,420,A
3-PA,1962,418,0,0,0,418,A
3-PA,1963,0,420,0,0,420,T
3-PA,1964,0,422,0,0,422,T
3-PA,1965,0,0,423,0,423,G
3-PA,1966,0,0,423,0,423,G
3-PA,1967,422,0,0,0,422,A
3-PA,1968,421,0,1,0,422,A
3-PA,1969,0,1,421,0,422,G
3-PA,1970,0,0,422,0,422,G
3-PA,1971,419,0,0,0,419,A
3-PA,1972,0,421,0,0,421,T
3-PA,1973,0,424,0,0,424,T
3-PA,1974,0,424,0,0,424,T
3-PA,1975,0,420,0,0,420,T
3-PA,1976,1,0,0,422,423,C
3-PA,1977,422,0,1,0,423,A
3-PA,1978,0,0,423,0,423,G
3-PA,1979,0,1,0,415,416,C
3-PA,1980,0,0,415,0,415,G
3-PA,1981,0,0,419,0,419,G
3-PA,1982,414,0,0,0,414,A
3-PA,1983,0,0,417,0,417,G
3-PA,1984,0,415,0,1,416,T
3-PA,1985,0,0,0,423,423,C
3-PA,1986,423,0,0,0,423,A
3-PA,1987,422,0,2,0,424,A
3-PA,1988,0,0,424,0,424,G
3-PA,1989,424,0,1,0,425,A
3-PA,1990,418,0,1,0,419,A
3-PA,1991,420,0,0,0,420,A
3-PA,1992,408,0,0,0,408,A
3-PA,1993,0,0,0,409,409,C
3-PA,1994,0,401,0,2,403,T
3-PA,1995,0,0,400,0,400,G
3-PA,1996,0,0,0,399,399,C
3-PA,1997,0,402,0,0,402,T
3-PA,1998,2,0,0,396,398,C
3-PA,1999,1,0,0,399,400,C
3-PA,2000,0,407,0,0,407,T
3-PA,2001,0,407,0,1,408,T
3-PA,2002,0,0,411,0,411,G
3-PA,2003,0,410,0,0,410,T
3-PA,2004,1,404,0,0,405,T
3-PA,2005,0,0,408,0,408,G
3-PA,2006,0,405,0,0,405,T
3-PA,2007,0,401,0,1,402,T
3-PA,2008,0,0,0,403,403,C
3-PA,2009,401,0,0,0,401,A
3-PA,2010,0,0,402,0,402,G
3-PA,2011,0,0,402,0,402,G
3-PA,2012,0,0,0,410,410,C
3-PA,2013,0,404,0,1,405,T
3-PA,2014,0,0,0,425,425,C
3-PA,2015,0,420,0,0,420,T
3-PA,2016,0,418,0,0,418,T
3-PA,2017,422,0,0,0,422,A
3-PA,2018,0,1,420,0,421,G
3-PA,2019,0,0,413,0,413,G
3-PA,2020,0,1,415,0,416,G
3-PA,2021,401,0,0,0,401,A
3-PA,2022,0,0,0,397,397,C
3-PA,2023,368,0,0,0,368,A
3-PA,2024,372,0,0,0,372,A
3-PA,2025,0,0,0,377,377,C
3-PA,2026,0,0,0,372,372,C
3-PA,2027,0,372,0,1,373,T
3-PA,2028,0,1,0,373,374,C
3-PA,2029,0,0,372,0,372,G
3-PA,2030,375,0,0,0,375,A
3-PA,2031,369,1,0,0,370,A
3-PA,2032,0,0,0,370,370,C
3-PA,2033,2,0,0,357,359,C
3-PA,2034,0,349,0,0,349,T
3-PA,2035,1,1,345,0,347,G
3-PA,2036,0,0,345,0,345,G
3-PA,2037,0,1,347,0,348,G
3-PA,2038,346,0,0,0,346,A
3-PA,2039,0,0,0,341,341,C
3-PA,2040,0,0,0,346,346,C
3-PA,2041,0,345,0,1,346,T
3-PA,2042,0,345,0,0,345,T
3-PA,2043,0,345,0,2,347,T
3-PA,2044,0,1,344,0,345,G
3-PA,2045,342,0,1,0,343,A
3-PA,2046,0,345,0,0,345,T
3-PA,2047,0,0,0,342,342,C
3-PA,2048,0,332,0,0,332,T
3-PA,2049,0,330,0,0,330,T
3-PA,2050,0,2,323,1,326,G
3-PA,2051,0,0,326,0,326,G
3-PA,2052,0,0,328,0,328,G
3-PA,2053,0,0,331,0,331,G
3-PA,2054,0,0,330,0,330,G
3-PA,2055,0,0,329,0,329,G
3-PA,2056,1,0,1,318,320,C
3-PA,2057,0,324,0,0,324,T
3-PA,2058,341,0,0,0,341,A
3-PA,2059,0,342,0,0,342,T
3-PA,2060,342,0,0,0,342,A
3-PA,2061,0,340,0,0,340,T
3-PA,2062,0,0,329,0,329,G
3-PA,2063,322,0,0,0,322,A
3-PA,2064,311,0,1,0,312,A
3-PA,2065,0,0,311,0,311,G
3-PA,2066,0,0,0,314,314,C
3-PA,2067,295,0,0,0,295,A
3-PA,2068,307,0,0,0,307,A
3-PA,2069,0,309,0,0,309,T
3-PA,2070,0,307,0,0,307,T
3-PA,2071,0,0,312,0,312,G
3-PA,2072,306,0,1,0,307,A
3-PA,2073,0,0,310,0,310,G
3-PA,2074,0,0,307,0,307,G
3-PA,2075,297,0,1,0,298,A
3-PA,2076,0,0,307,0,307,G
3-PA,2077,0,291,0,0,291,T
3-PA,2078,0,0,288,0,288,G
3-PA,2079,1,1,0,285,287,C
3-PA,2080,0,0,0,288,288,C
3-PA,2081,0,289,0,1,290,T
3-PA,2082,0,0,297,0,297,G
3-PA,2083,294,0,0,0,294,A
3-PA,2084,0,297,0,0,297,T
3-PA,2085,0,286,0,0,286,T
3-PA,2086,281,0,0,0,281,A
3-PA,2087,281,0,0,0,281,A
3-PA,2088,0,279,0,0,279,T
3-PA,2089,1,0,278,0,279,G
3-PA,2090,274,0,0,0,274,A
3-PA,2091,0,270,0,0,270,T
3-PA,2092,0,0,0,269,269,C
3-PA,2093,1,0,0,259,260,C
3-PA,2094,0,0,0,262,262,C
3-PA,2095,0,258,0,0,258,T
3-PA,2096,0,0,259,0,259,G
3-PA,2097,0,0,262,0,262,G
3-PA,2098,0,0,260,0,260,G
3-PA,2099,0,259,0,0,259,T
3-PA,2100,0,248,0,0,248,T
3-PA,2101,0,247,0,0,247,T
3-PA,2102,0,244,0,0,244,T
3-PA,2103,0,0,244,0,244,G
3-PA,2104,0,0,0,240,240,C
3-PA,2105,0,242,0,0,242,T
3-PA,2106,1,0,0,240,241,C
3-PA,2107,239,0,1,0,240,A
3-PA,2108,237,0,1,0,238,A
3-PA,2109,0,235,0,1,236,T
3-PA,2110,0,0,240,0,240,G
3-PA,2111,0,0,0,237,237,C
3-PA,2112,0,0,233,0,233,G
3-PA,2113,0,235,0,0,235,T
3-PA,2114,0,0,0,232,232,C
3-PA,2115,0,235,0,0,235,T
3-PA,2116,0,235,0,0,235,T
3-PA,2117,0,0,233,0,233,G
3-PA,2118,0,0,237,0,237,G
3-PA,2119,0,236,0,1,237,T
3-PA,2120,0,232,0,3,235,T
3-PA,2121,1,0,0,233,234,C
3-PA,2122,231,0,0,0,231,A
3-PA,2123,233,0,0,0,233,A
3-PA,2124,0,0,0,232,232,C
3-PA,2125,0,229,0,0,229,T
3-PA,2126,0,0,0,228,228,C
3-PA,2127,0,0,0,215,215,C
3-PA,2128,0,212,0,0,212,T
3-PA,2129,0,211,0,0,211,T
3-PA,2130,1,0,0,214,215,C
3-PA,2131,0,0,0,213,213,C
3-PA,2132,0,208,1,0,209,T
3-PA,2133,0,0,209,0,209,G
3-PA,2134,206,0,1,0,207,A
3-PA,2135,0,1,0,202,203,C
3-PA,2136,192,0,0,0,192,A
3-PA,2137,0,1,0,174,175,C
3-PA,2138,175,0,0,0,175,A
3-PA,2139,0,169,0,0,169,T
3-PA,2140,0,0,171,0,171,G
3-PA,2141,0,0,0,171,171,C
3-PA,2142,169,0,0,0,169,A
3-PA,2143,0,168,0,0,168,T
3-PA,2144,0,167,0,0,167,T
3-PA,2145,167,0,0,0,167,A
3-PA,2146,166,0,0,0,166,A
3-PA,2147,166,0,0,0,166,A
3-PA,2148,166,0,0,0,166,A
3-PA,2149,0,162,0,0,162,T
3-PA,2150,137,0,0,0,137,A
3-PA,2151,0,0,136,0,136,G
4-HA,1,301,0,0,0,301,A
4-HA,2,0,302,0,0,302,T
4-HA,3,0,0,304,0,304,G
4-HA,4,309,0,0,0,309,A
4-HA,5,308,0,1,0,309,A
4-HA,6,0,0,343,0,343,G
4-HA,7,342,0,1,0,343,A
4-HA,8,0,0,0,380,380,C
4-HA,9,0,381,0,1,382,T
4-HA,10,396,0,0,0,396,A
4-HA,11,0,418,0,0,418,T
4-HA,12,0,0,0,422,422,C
4-HA,13,418,0,0,0,418,A
4-HA,14,0,418,0,0,418,T
4-HA,15,0,419,0,0,419,T
4-HA,16,0,0,450,0,450,G
4-HA,17,0,0,0,451,451,C
4-HA,18,0,451,0,0,451,T
4-HA,19,0,457,0,0,457,T
4-HA,20,0,458,0,0,458,T
4-HA,21,0,1,486,0,487,G
4-HA,22,490,0,1,0,491,A
4-HA,23,1,0,505,0,506,G
4-HA,24,0,0,0,512,512,C
4-HA,25,0,510,0,0,510,T
4-HA,26,549,0,1,1,551,A
4-HA,27,0,0,0,559,559,C
4-HA,28,564,0,0,0,564,A
4-HA,29,0,600,0,1,601,T
4-HA,30,0,601,0,1,602,T
4-HA,31,0,0,0,610,610,C
4-HA,32,0,610,0,0,610,T
4-HA,33,609,0,1,0,610,A
4-HA,34,0,615,0,1,616,T
4-HA,35,0,0,620,0,620,G
4-HA,36,0,618,0,0,618,T
4-HA,37,0,0,0,615,615,C
4-HA,38,0,615,0,0,615,T
4-HA,39,1,0,616,0,617,G
4-HA,40,0,0,618,0,618,G
4-HA,41,0,619,0,0,619,T
4-HA,42,0,616,0,0,616,T
4-HA,43,0,616,0,0,616,T
4-HA,44,0,619,0,0,619,T
4-HA,45,1,0,0,616,617,C
4-HA,46,1,0,612,0,613,G
4-HA,47,0,0,0,628,628,C
4-HA,48,1,620,0,2,623,T
4-HA,49,1,0,0,628,629,C
4-HA,50,628,0,0,0,628,A
4-HA,51,628,0,0,0,628,A
4-HA,52,632,0,0,0,632,A
4-HA,53,636,0,0,0,636,A
4-HA,54,628,0,0,0,628,A
4-HA,55,0,0,0,643,643,C
4-HA,56,0,637,1,0,638,T
4-HA,57,0,642,0,1,643,T
4-HA,58,0,0,0,638,638,C
4-HA,59,0,0,0,637,637,C
4-HA,60,0,643,0,0,643,T
4-HA,61,1,0,643,0,644,G
4-HA,62,0,2,637,0,639,G
4-HA,63,644,0,0,0,644,A
4-HA,64,662,0,0,0,662,A
4-HA,65,665,0,0,0,665,A
4-HA,66,0,670,0,0,670,T
4-HA,67,0,1,671,0,672,G
4-HA,68,675,0,2,0,677,A
4-HA,69,0,0,0,686,686,C
4-HA,70,686,0,1,0,687,A
4-HA,71,685,0,0,0,685,A
4-HA,72,0,0,0,705,705,C
4-HA,73,702,0,1,0,703,A
4-HA,74,0,0,708,0,708,G
4-HA,75,0,0,0,706,706,C
4-HA,76,704,0,1,0,705,A
4-HA,77,0,0,0,729,729,C
4-HA,78,0,2,717,0,719,G
4-HA,79,2,0,715,0,717,G
4-HA,80,0,0,0,721,721,C
4-HA,81,723,0,0,0,723,A
4-HA,82,729,0,1,0,730,A
4-HA,83,0,0,0,737,737,C
4-HA,84,0,0,736,0,736,G
4-HA,85,0,0,0,745,745,C
4-HA,86,0,738,0,2,740,T
4-HA,87,1,0,746,0,747,G
4-HA,88,0,741,0,1,742,T
4-HA,89,0,0,775,0,775,G
4-HA,90,1,0,0,787,788,C
4-HA,91,0,0,0,810,810,C
4-HA,92,0,805,0,0,805,T
4-HA,93,0,794,0,0,794,T
4-HA,94,1,3,802,0,806,G
4-HA,95,1,0,801,0,802,G
4-HA,96,1,0,818,0,819,G
4-HA,97,0,0,0,818,818,C
4-HA,98,809,0,0,0,809,A
4-HA,99,0,1,0,826,827,C
4-HA,100,0,0,0,803,803,C
4-HA,101,866,0,0,0,866,A
4-HA,102,0,867,0,0,867,T
4-HA,103,0,0,868,0,868,G
4-HA,104,0,0,0,874,874,C
4-HA,105,859,0,0,0,859,A
4-HA,106,0,0,947,0,947,G
4-HA,107,0,944,0,0,944,T
4-HA,108,965,0,0,0,965,A
4-HA,109,0,0,0,966,966,C
4-HA,110,0,1,0,936,937,C
4-HA,111,944,0,0,0,944,A
4-HA,112,939,0,1,0,940,A
4-HA,113,938,0,1,0,939,A
4-HA,114,0,909,0,0,909,T
4-HA,115,0,2,912,0,914,G
4-HA,116,0,1,929,0,930,G
4-HA,117,922,0,1,0,923,A
4-HA,118,932,0,2,0,934,A
4-HA,119,1,2,0,929,932,C
4-HA,120,0,0,927,0,927,G
4-HA,121,0,0,922,0,922,G
4-HA,122,0,976,0,0,976,T
4-HA,123,1002,0,1,0,1003,A
4-HA,124,0,0,1005,0,1005,G
4-HA,125,0,994,0,0,994,T
4-HA,126,0,1,1003,0,1004,G
4-HA,127,994,0,0,0,994,A
4-HA,128,999,0,0,0,999,A
4-HA,129,1003,0,2,0,1005,A
4-HA,130,978,0,0,0,978,A
4-HA,131,1,1,0,986,988,C
4-HA,132,982,0,0,0,982,A
4-HA,133,988,0,1,0,989,A
4-HA,134,0,988,0,2,990,T
4-HA,135,2,0,0,988,990,C
4-HA,136,988,0,1,0,989,A
4-HA,137,0,0,0,1000,1000,C
4-HA,138,0,0,999,0,999,G
4-HA,139,988,0,0,0,988,A
4-HA,140,992,0,0,0,992,A
4-HA,141,0,996,0,0,996,T
4-HA,142,0,0,990,0,990,G
4-HA,143,1001,0,2,0,1003,A
4-HA,144,0,0,0,1003,1003,C
4-HA,145,4,0,0,1003,1007,C
4-HA,146,1005,0,0,0,1005,A
4-HA,147,1013,0,0,0,1013,A
4-HA,148,1006,0,1,0,1007,A
4-HA,149,0,1016,0,0,1016,T
4-HA,150,0,1017,0,0,1017,T
4-HA,151,0,0,1021,0,1021,G
4-HA,152,1015,1,0,0,1016,A
4-HA,153,1023,0,1,0,1024,A
4-HA,154,0,0,1030,0,1030,G
4-HA,155,0,1027,0,0,1027,T
4-HA,156,0,1069,0,0,1069,T
4-HA,157,1072,0,0,0,1072,A
4-HA,158,0,2,0,1082,1084,C
4-HA,159,0,1085,0,0,1085,T
4-HA,160,1083,0,0,0,1083,A
4-HA,161,1106,0,0,0,1106,A
4-HA,162,0,1102,0,0,1102,T
4-HA,163,0,1,1104,0,1105,G
4-HA,164,0,1,0,1163,1164,C
4-HA,165,0,1155,0,1,1156,T
4-HA,166,1153,1,1,0,1155,A
4-HA,167,0,0,0,1157,1157,C
4-HA,168,0,1153,0,0,1153,T
4-HA,169,0,0,1155,0,1155,G
4-HA,170,1142,0,1,0,1143,A
4-HA,171,0,1,1144,0,1145,G
4-HA,172,0,0,0,1151,1151,C
4-HA,173,0,1130,0,0,1130,T
4-HA,174,0,0,1169,0,1169,G
4-HA,175,1,1,1196,0,1198,G
4-HA,176,0,1193,0,1,1194,T
4-HA,177,0,1199,0,2,1201,T
4-HA,178,0,0,0,1196,1196,C
4-HA,179,1187,0,3,0,1190,A
4-HA,180,2,0,1199,0,1201,G
4-HA,181,1194,0,0,0,1194,A
4-HA,182,0,0,1226,0,1226,G
4-HA,183,0,1221,0,0,1221,T
4-HA,184,0,1201,0,3,1204,T
4-HA,185,2,0,0,1208,1210,C
4-HA,186,2,0,0,1208,1210,C
4-HA,187,0,1212,0,2,1214,T
4-HA,188,1,0,0,1217,1218,C
4-HA,189,1214,0,0,0,1214,A
4-HA,190,1217,0,0,0,1217,A
4-HA,191,0,1,0,1225,1226,C
4-HA,192,1208,0,0,0,1208,A
4-HA,193,0,0,1230,0,1230,G
4-HA,194,0,0,1223,0,1223,G
4-HA,195,0,1218,0,1,1219,T
4-HA,196,0,1,1226,0,1227,G
4-HA,197,1227,0,1,0,1228,A
4-HA,198,1230,0,0,0,1230,A
4-HA,199,1258,0,2,0,1260,A
4-HA,200,0,1250,0,0,1250,T
4-HA,201,1265,0,0,0,1265,A
4-HA,202,0,1256,0,2,1258,T
4-HA,203,0,0,1251,0,1251,G
4-HA,204,0,2,0,1257,1259,C
4-HA,205,0,2,1257,0,1259,G
4-HA,206,1258,0,1,0,1259,A
4-HA,207,0,0,0,1264,1264,C
4-HA,208,1245,0,1,0,1246,A
4-HA,209,0,0,1325,0,1325,G
4-HA,210,0,1315,0,1,1316,T
4-HA,211,1,0,0,1326,1327,C
4-HA,212,2,0,0,1325,1327,C
4-HA,213,0,1330,0,1,1331,T
4-HA,214,1,0,0,1356,1357,C
4-HA,215,1354,0,0,0,1354,A
4-HA,216,0,1351,0,3,1354,T
4-HA,217,1,0,0,1360,1361,C
4-HA,218,1285,0,0,0,1285,A
4-HA,219,1,1,1284,0,1286,G
4-HA,220,1270,0,1,0,1271,A
4-HA,221,0,1276,0,1,1277,T
4-HA,222,1,0,0,1274,1275,C
4-HA,223,1,0,0,1269,1270,C
4-HA,224,0,1274,0,0,1274,T
4-HA,225,0,1275,0,0,1275,T
4-HA,226,0,1,1277,0,1278,G
4-HA,227,1265,1,1,0,1267,A
4-HA,228,0,1272,0,0,1272,T
4-HA,229,1,0,1282,0,1283,G
4-HA,230,1,2,1275,0,1278,G
4-HA,231,1273,0,1,0,1274,A
4-HA,232,1267,0,1,0,1268,A
4-HA,233,1280,0,0,0,1280,A
4-HA,234,1285,0,2,0,1287,A
4-HA,235,1288,0,0,0,1288,A
4-HA,236,1285,0,2,0,1287,A
4-HA,237,1,1,0,1291,1293,C
4-HA,238,0,1278,0,1,1279,T
4-HA,239,0,0,1290,0,1290,G
4-HA,240,1,0,0,1291,1292,C
4-HA,241,1286,0,0,0,1286,A
4-HA,242,0,1,0,1330,1331,C
4-HA,243,1323,0,1,0,1324,A
4-HA,244,0,0,0,1497,1497,C
4-HA,245,0,1490,0,2,1492,T
4-HA,246,1524,0,2,0,1526,A
4-HA,247,1522,0,0,0,1522,A
4-HA,248,0,1524,0,0,1524,T
4-HA,249,1517,1,1,0,1519,A
4-HA,250,0,2,1520,0,1522,G
4-HA,251,1496,0,0,0,1496,A
4-HA,252,0,1447,0,3,1450,T
4-HA,253,0,0,1380,0,1380,G
4-HA,254,0,1,0,1381,1382,C
4-HA,255,0,1374,0,0,1374,T
4-HA,256,0,0,0,1471,1471,C
4-HA,257,0,1470,0,0,1470,T
4-HA,258,1520,0,0,0,1520,A
4-HA,259,0,1518,0,0,1518,T
4-HA,260,0,1511,0,2,1513,T
4-HA,261,1,3,1530,0,1534,G
4-HA,262,1,2,1521,0,1524,G
4-HA,263,0,1,1540,0,1541,G
4-HA,264,1507,0,2,0,1509,A
4-HA,265,0,2,1503,0,1505,G
4-HA,266,1476,0,2,0,1478,A
4-HA,267,1,0,0,1717,1718,C
4-HA,268,2,0,0,1786,1788,C
4-HA,269,4,1,0,1798,1803,C
4-HA,270,0,1796,0,2,1798,T
4-HA,271,0,0,0,1861,1861,C
4-HA,272,1855,0,0,0,1855,A
4-HA,273,0,0,2035,0,2035,G
4-HA,274,0,2022,0,4,2026,T
4-HA,275,2,0,2066,0,2068,G
4-HA,276,0,2010,1,2,2013,T
4-HA,277,0,1,2014,1,2016,G
4-HA,278,2014,0,4,0,2018,A
4-HA,279,0,2008,0,5,2013,T
4-HA,280,0,2,2008,0,2010,G
4-HA,281,2,0,2001,0,2003,G
4-HA,282,1,0,0,1994,1995,C
4-HA,283,0,1985,0,3,1988,T
4-HA,284,0,1978,0,3,1981,T
4-HA,285,1,0,0,1984,1985,C
4-HA,286,0,0,0,1997,1997,C
4-HA,287,2001,0,2,0,2003,A
4-HA,288,2012,0,0,0,2012,A
4-HA,289,2010,0,0,1,2011,A
4-HA,290,2023,0,0,0,2023,A
4-HA,291,0,2034,0,0,2034,T
4-HA,292,2015,0,0,0,2015,A
4-HA,293,2022,0,4,0,2026,A
4-HA,294,0,0,2043,0,2043,G
4-HA,295,2055,0,2,0,2057,A
4-HA,296,2061,0,2,0,2063,A
4-HA,297,2053,0,1,1,2055,A
4-HA,298,0,2061,0,1,2062,T
4-HA,299,2,3,2054,0,2059,G
4-HA,300,1,0,2044,0,2045,G
4-HA,301,2,2,2043,0,2047,G
4-HA,302,2026,0,6,0,2032,A
4-HA,303,0,0,0,2065,2065,C
4-HA,304,1,0,0,2075,2076,C
4-HA,305,0,2098,0,7,2105,T
4-HA,306,0,2109,0,1,2110,T
4-HA,307,0,2101,0,0,2101,T
4-HA,308,1,2122,0,2,2125,T
4-HA,309,1,2133,0,0,2134,T
4-HA,310,0,0,2139,0,2139,G
4-HA,311,0,2128,0,8,2136,T
4-HA,312,0,2129,0,2,2131,T
4-HA,313,1,5,2122,0,2128,G
4-HA,314,2121,0,3,0,2124,A
4-HA,315,2122,1,0,0,2123,A
4-HA,316,0,0,0,2127,2127,C
4-HA,317,1,0,2115,0,2116,G
4-HA,318,0,0,0,2168,2168,C
4-HA,319,2165,0,3,0,2168,A
4-HA,320,1,0,2179,0,2180,G
4-HA,321,0,0,0,2181,2181,C
4-HA,322,2192,0,1,0,2193,A
4-HA,323,2184,0,1,0,2185,A
4-HA,324,2182,0,2,0,2184,A
4-HA,325,1,0,2287,0,2288,G
4-HA,326,0,2,0,2281,2283,C
4-HA,327,2,1,0,2291,2294,C
4-HA,328,0,2289,0,5,2294,T
4-HA,329,2286,1,0,0,2287,A
4-HA,330,0,1,0,2324,2325,C
4-HA,331,2321,1,0,0,2322,A
4-HA,332,2,0,2321,0,2323,G
4-HA,333,0,0,0,2313,2313,C
4-HA,334,2268,1,1,0,2270,A
4-HA,335,2285,0,3,0,2288,A
4-HA,336,0,2,0,2394,2396,C
4-HA,337,0,2388,0,2,2390,T
4-HA,338,0,0,2400,0,2400,G
4-HA,339,0,2367,0,6,2373,T
4-HA,340,0,2379,0,2,2381,T
4-HA,341,2369,0,2,0,2371,A
4-HA,342,0,0,0,2579,2579,C
4-HA,343,4,2,0,2584,2590,C
4-HA,344,3,0,0,2685,2688,C
4-HA,345,0,2599,0,2,2601,T
4-HA,346,0,2602,0,1,2603,T
4-HA,347,2602,0,2,0,2604,A
4-HA,348,0,2598,1,2,2601,T
4-HA,349,1,4,2595,0,2600,G
4-HA,350,2579,0,2,0,2581,A
4-HA,351,0,2437,0,2,2439,T
4-HA,352,1,0,2496,0,2497,G
4-HA,353,0,2447,0,1,2448,T
4-HA,354,0,0,2442,0,2442,G
4-HA,355,1,3,0,2448,2452,C
4-HA,356,3,1,0,2432,2436,C
4-HA,357,0,4,2472,1,2477,G
4-HA,358,0,2,2501,0,2503,G
4-HA,359,2504,0,1,0,2505,A
4-HA,360,0,2511,0,2,2513,T
4-HA,361,0,2503,0,1,2504,T
4-HA,362,2523,0,3,0,2526,A
4-HA,363,0,2521,0,0,2521,T
4-HA,364,2,1,2511,0,2514,G
4-HA,365,1,1,0,2520,2522,C
4-HA,366,2,0,0,2512,2514,C
4-HA,367,0,2526,0,4,2530,T
4-HA,368,1,1,0,2695,2697,C
4-HA,369,1,1,0,2712,2714,C
4-HA,370,4,0,0,2716,2720,C
4-HA,371,0,2711,0,1,2712,T
4-HA,372,0,2724,0,0,2724,T
4-HA,373,2709,0,2,1,2712,A
4-HA,374,0,4,2768,0,2772,G
4-HA,375,0,1,2778,0,2779,G
4-HA,376,0,2742,0,3,2745,T
4-HA,377,9,0,0,2700,2709,C
4-HA,378,2677,0,0,0,2677,A
4-HA,379,0,0,0,2753,2753,C
4-HA,380,0,2750,0,0,2750,T
4-HA,381,2754,1,1,1,2757,A
4-HA,382,0,0,2758,0,2758,G
4-HA,383,1,2706,0,1,2708,T
4-HA,384,0,2703,0,4,2707,T
4-HA,385,1,0,2743,0,2744,G
4-HA,386,0,1,0,2729,2730,C
4-HA,387,3,0,0,2737,2740,C
4-HA,388,0,2715,0,4,2719,T
4-HA,389,0,0,0,2737,2737,C
4-HA,390,2851,0,0,0,2851,A
4-HA,391,0,2848,0,4,2852,T
4-HA,392,1,1,0,2865,2867,C
4-HA,393,1,4,0,2854,2859,C
4-HA,394,1,1,2841,0,2843,G
4-HA,395,4,3,2848,0,2855,G
4-HA,396,1,2,0,2874,2877,C
4-HA,397,2899,0,5,0,2904,A
4-HA,398,0,3,0,2949,2952,C
4-HA,399,2875,0,4,0,2879,A
4-HA,400,0,1,0,2898,2899,C
4-HA,401,0,2891,0,2,2893,T
4-HA,402,2,2,2918,0,2922,G
4-HA,403,2,2,2939,0,2943,G
4-HA,404,2928,0,4,0,2932,A
4-HA,405,1,1,2970,0,2972,G
4-HA,406,0,2950,0,1,2951,T
4-HA,407,0,2930,0,1,2931,T
4-HA,408,0,2943,0,0,2943,T
4-HA,409,2938,0,2,0,2940,A
4-HA,410,2940,0,4,0,2944,A
4-HA,411,0,2,0,2953,2955,C
4-HA,412,2897,1,1,0,2899,A
4-HA,413,2893,0,0,0,2893,A
4-HA,414,0,2886,0,0,2886,T
4-HA,415,1,2,2876,1,2880,G
4-HA,416,2879,0,1,0,2880,A
4-HA,417,2882,0,2,0,2884,A
4-HA,418,2883,0,6,0,2889,A
4-HA,419,0,0,2903,0,2903,G
4-HA,420,1,1,0,2914,2916,C
4-HA,421,0,2914,0,5,2919,T
4-HA,422,0,2920,0,1,2921,T
4-HA,423,2,2,0,2942,2946,C
4-HA,424,2944,0,0,1,2945,A
4-HA,425,2948,0,0,0,2948,A
4-HA,426,0,2936,0,1,2937,T
4-HA,427,0,2941,0,0,2941,T
4-HA,428,2,3,3027,0,3032,G
4-HA,429,1,7,3087,0,3095,G
4-HA,430,3085,0,3,0,3088,A
4-HA,431,1,1,0,3106,3108,C
4-HA,432,2,3064,0,4,3070,T
4-HA,433,0,0,3080,0,3080,G
4-HA,434,1,1,3091,0,3093,G
4-HA,435,3080,0,5,0,3085,A
4-HA,436,2,0,3101,0,3103,G
4-HA,437,1,3043,0,7,3051,T
4-HA,438,9,1,0,3008,3018,C
4-HA,439,3044,0,4,0,3048,A
4-HA,440,0,0,0,3072,3072,C
4-HA,441,0,3054,0,6,3060,T
4-HA,442,2,1,0,3064,3067,C
4-HA,443,3044,0,0,0,3044,A
4-HA,444,3063,0,1,0,3064,A
4-HA,445,3046,0,4,0,3050,A
4-HA,446,3060,0,0,0,3060,A
4-HA,447,0,1,0,3069,3070,C
4-HA,448,2,3,3029,0,3034,G
4-HA,449,0,7,3057,0,3064,G
4-HA,450,3061,0,2,0,3063,A
4-HA,451,3064,0,4,0,3068,A
4-HA,452,0,1,0,3073,3074,C
4-HA,453,3064,0,2,0,3066,A
4-HA,454,3091,0,1,0,3092,A
4-HA,455,2,1,3092,0,3095,G
4-HA,456,2,0,0,3096,3098,C
4-HA,457,0,3084,0,4,3088,T
4-HA,458,3,0,0,3091,3094,C
4-HA,459,0,3081,0,0,3081,T
4-HA,460,0,1,3105,0,3106,G
4-HA,461,0,0,0,3114,3114,C
4-HA,462,0,3112,0,1,3113,T
4-HA,463,0,3198,0,2,3200,T
4-HA,464,2,0,3259,0,3261,G
4-HA,465,1,1,0,3276,3278,C
4-HA,466,3281,0,0,0,3281,A
4-HA,467,0,3254,0,1,3255,T
4-HA,468,3264,0,0,0,3264,A
4-HA,469,3224,0,5,1,3230,A
4-HA,470,0,4,3221,0,3225,G
4-HA,471,0,3,3205,0,3208,G
4-HA,472,3105,0,1,1,3107,A
4-HA,473,0,1,3067,0,3068,G
4-HA,474,3045,1,5,0,3051,A
4-HA,475,0,3120,0,1,3121,T
4-HA,476,2,1,0,3147,3150,C
4-HA,477,0,3149,0,3,3152,T
4-HA,478,3149,1,0,0,3150,A
4-HA,479,3143,0,0,0,3143,A
4-HA,480,3118,1,3,0,3122,A
4-HA,481,3114,1,2,0,3117,A
4-HA,482,3120,0,1,0,3121,A
4-HA,483,0,0,0,3135,3135,C
4-HA,484,3077,0,0,0,3077,A
4-HA,485,0,0,3083,0,3083,G
4-HA,486,2,3058,0,2,3062,T
4-HA,487,1,3107,0,0,3108,T
4-HA,488,0,3132,1,0,3133,T
4-HA,489,2,0,1,3202,3205,C
4-HA,490,0,3197,0,1,3198,T
4-HA,491,0,3204,0,0,3204,T
4-HA,492,2,3209,0,2,3213,T
4-HA,493,3202,1,3,0,3206,A
4-HA,494,1,0,3210,1,3212,G
4-HA,495,0,3192,0,2,3194,T
4-HA,496,3222,0,0,0,3222,A
4-HA,497,2,0,3220,0,3222,G
4-HA,498,3159,0,2,1,3162,A
4-HA,499,0,3170,0,1,3171,T
4-HA,500,0,3160,1,0,3161,T
4-HA,501,2,4,3203,0,3209,G
4-HA,502,3205,0,1,0,3206,A
4-HA,503,3201,0,1,0,3202,A
4-HA,504,0,3191,0,2,3193,T
4-HA,505,0,3171,0,1,3172,T
4-HA,506,1,1,3235,0,3237,G
4-HA,507,0,0,3220,0,3220,G
4-HA,508,0,3212,0,2,3214,T
4-HA,509,0,3218,0,3,3221,T
4-HA,510,0,10,3186,0,3196,G
4-HA,511,3194,0,3,0,3197,A
4-HA,512,3,2,0,3198,3203,C
4-HA,513,2,0,0,3194,3196,C
4-HA,514,4,0,0,3179,3183,C
4-HA,515,3150,0,1,0,3151,A
4-HA,516,0,0,0,3145,3145,C
4-HA,517,1,3126,0,3,3130,T
4-HA,518,2,1,0,3122,3125,C
4-HA,519,3151,1,1,0,3153,A
4-HA,520,3154,0,0,0,3154,A
4-HA,521,3148,1,1,0,3150,A
4-HA,522,1,0,0,3107,3108,C
4-HA,523,0,3180,0,0,3180,T
4-HA,524,0,3186,0,3,3189,T
4-HA,525,4,0,0,3206,3210,C
4-HA,526,3219,0,0,0,3219,A
4-HA,527,3215,0,0,0,3215,A
4-HA,528,3218,0,2,0,3220,A
4-HA,529,0,3200,0,0,3200,T
4-HA,530,3240,0,0,0,3240,A
4-HA,531,1,1,0,3238,3240,C
4-HA,532,1,2,0,3173,3176,C
4-HA,533,5,4,0,3168,3177,C
4-HA,534,3172,0,4,0,3176,A
4-HA,535,1,0,3281,0,3282,G
4-HA,536,1,0,0,3298,3299,C
4-HA,537,3291,0,0,0,3291,A
4-HA,538,0,3288,0,4,3292,T
4-HA,539,0,3249,0,2,3251,T
4-HA,540,1,5,3354,0,3360,G
4-HA,541,3361,0,4,0,3365,A
4-HA,542,3370,0,3,0,3373,A
4-HA,543,1,0,0,3388,3389,C
4-HA,544,3,2,3256,0,3261,G
4-HA,545,0,3273,0,5,3278,T
4-HA,546,1,7,3298,0,3306,G
4-HA,547,3284,1,4,0,3289,A
4-HA,548,0,0,1,3318,3319,C
4-HA,549,1,3197,1,6,3205,T
4-HA,550,3468,0,0,0,3468,A
4-HA,551,0,3463,0,5,3468,T
4-HA,552,1,0,3471,0,3472,G
4-HA,553,0,2252,0,1140,3392,T
4-HA,554,3,0,0,3411,3414,C
4-HA,555,3409,0,4,1,3414,A
4-HA,556,3400,1,1,0,3402,A
4-HA,557,3439,0,3,2,3444,A
4-HA,558,0,0,0,3458,3458,C
4-HA,559,3233,0,0,0,3233,A
4-HA,560,3233,0,2,0,3235,A
4-HA,561,0,3188,0,2,3190,T
4-HA,562,3,6,3188,0,3197,G
4-HA,563,3200,1,2,0,3203,A
4-HA,564,3182,1,8,1,3192,A
4-HA,565,2,2,0,3150,3154,C
4-HA,566,3176,0,0,0,3176,A
4-HA,567,3188,0,2,0,3190,A
4-HA,568,0,3194,0,0,3194,T
4-HA,569,2,3179,0,1,3182,T
4-HA,570,0,3190,0,1,3191,T
4-HA,571,0,4,3174,0,3178,G
4-HA,572,3184,2,3,0,3189,A
4-HA,573,0,0,0,3191,3191,C
4-HA,574,3190,0,1,0,3191,A
4-HA,575,3187,0,0,0,3187,A
4-HA,576,3223,0,0,0,3223,A
4-HA,577,0,3250,0,1,3251,T
4-HA,578,0,3248,0,0,3248,T
4-HA,579,2,2,3269,1,3274,G
4-HA,580,0,3268,1,1,3270,T
4-HA,581,3277,1,0,0,3278,A
4-HA,582,2,2,0,3340,3344,C
4-HA,583,3327,0,1,0,3328,A
4-HA,584,2,3391,0,1,3394,T
4-HA,585,0,3351,0,1,3352,T
4-HA,586,0,3346,0,1,3347,T
4-HA,587,1,5,3333,0,3339,G
4-HA,588,4,5,3325,0,3334,G
4-HA,589,1,7,3324,0,3332,G
4-HA,590,2,4,3325,0,3331,G
4-HA,591,0,3,3280,0,3283,G
4-HA,592,0,0,3377,0,3377,G
4-HA,593,1,3324,1,6,3332,T
4-HA,594,0,3358,0,3,3361,T
4-HA,595,5,0,0,3361,3366,C
4-HA,596,3356,0,4,0,3360,A
4-HA,597,0,1,0,3379,3380,C
4-HA,598,1,1,0,3379,3381,C
4-HA,599,3370,0,2,0,3372,A
4-HA,600,0,0,0,3439,3439,C
4-HA,601,1,0,0,3376,3377,C
4-HA,602,6,2,0,3347,3355,C
4-HA,603,0,0,3361,0,3361,G
4-HA,604,1,4,3442,0,3447,G
4-HA,605,1,3,3444,0,3448,G
4-HA,606,0,3401,0,0,3401,T
4-HA,607,3438,0,2,0,3440,A
4-HA,608,1,4,0,3407,3412,C
4-HA,609,1,2,3370,0,3373,G
4-HA,610,1,4,3422,1,3428,G
4-HA,611,3434,1,3,0,3438,A
4-HA,612,0,1,0,3435,3436,C
4-HA,613,3340,0,1,0,3341,A
4-HA,614,3325,0,2,0,3327,A
4-HA,615,3303,0,9,0,3312,A
4-HA,616,3,6,3366,0,3375,G
4-HA,617,3370,1,0,0,3371,A
4-HA,618,0,0,0,3381,3381,C
4-HA,619,3,1,0,3328,3332,C
4-HA,620,3336,0,1,0,3337,A
4-HA,621,3341,0,1,0,3342,A
4-HA,622,3387,0,2,0,3389,A
4-HA,623,0,3371,0,1,3372,T
4-HA,624,1,0,0,3410,3411,C
4-HA,625,0,3310,0,3,3313,T
4-HA,626,0,3310,0,1,3311,T
4-HA,627,3,0,0,3357,3360,C
4-HA,628,4,1,0,3380,3385,C
4-HA,629,0,3383,0,3,3386,T
4-HA,630,2,0,3398,0,3400,G
4-HA,631,0,3354,1,1,3356,T
4-HA,632,3400,0,1,0,3401,A
4-HA,633,1,3382,0,3,3386,T
4-HA,634,4,1,3399,0,3404,G
4-HA,635,1,1,0,3383,3385,C
4-HA,636,1,3367,1,4,3373,T
4-HA,637,6,2,0,3374,3382,C
4-HA,638,3388,0,4,0,3392,A
4-HA,639,3362,0,2,0,3364,A
4-HA,640,2,0,3380,0,3382,G
4-HA,641,0,0,0,3394,3394,C
4-HA,642,3396,1,1,0,3398,A
4-HA,643,0,3369,0,1,3370,T
4-HA,644,4,0,0,3376,3380,C
4-HA,645,3368,0,4,1,3373,A
4-HA,646,0,0,3397,0,3397,G
4-HA,647,1,1,3383,0,3385,G
4-HA,648,3389,0,1,0,3390,A
4-HA,649,3372,0,7,0,3379,A
4-HA,650,0,4,3399,0,3403,G
4-HA,651,3401,0,2,0,3403,A
4-HA,652,3437,0,2,0,3439,A
4-HA,653,0,3453,0,4,3457,T
4-HA,654,2,2,0,3458,3462,C
4-HA,655,3422,1,6,0,3429,A
4-HA,656,2,1,0,3439,3442,C
4-HA,657,3437,0,0,0,3437,A
4-HA,658,0,2,3505,0,3507,G
4-HA,659,1,3436,0,2,3439,T
4-HA,660,5,0,0,3466,3471,C
4-HA,661,1,3400,1,5,3407,T
4-HA,662,1,0,0,3502,3503,C
4-HA,663,2,3502,1,4,3509,T
4-HA,664,3522,0,1,0,3523,A
4-HA,665,0,0,0,3527,3527,C
4-HA,666,3,3,0,3524,3530,C
4-HA,667,3461,1,0,0,3462,A
4-HA,668,3464,0,0,0,3464,A
4-HA,669,3439,0,1,1,3441,A
4-HA,670,3438,0,5,0,3443,A
4-HA,671,0,0,3431,0,3431,G
4-HA,672,3344,0,5,0,3349,A
4-HA,673,3334,0,3,0,3337,A
4-HA,674,0,1,3339,0,3340,G
4-HA,675,0,3,0,3328,3331,C
4-HA,676,4,3,0,3353,3360,C
4-HA,677,3353,0,4,0,3357,A
4-HA,678,3352,3,2,1,3358,A
4-HA,679,0,1,0,3366,3367,C
4-HA,680,3378,0,0,1,3379,A
4-HA,681,3372,0,1,1,3374,A
4-HA,682,3371,0,1,0,3372,A
4-HA,683,1,0,0,3422,3423,C
4-HA,684,1,3405,0,2,3408,T
4-HA,685,0,0,3403,0,3403,G
4-HA,686,0,3387,0,1,3388,T
4-HA,687,3406,0,1,0,3407,A
4-HA,688,3414,1,1,0,3416,A
4-HA,689,1,3380,0,0,3381,T
4-HA,690,1,1,0,3406,3408,C
4-HA,691,4,0,0,3377,3381,C
4-HA,692,2,0,0,3357,3359,C
4-HA,693,3,1,3365,0,3369,G
4-HA,694,3362,0,1,0,3363,A
4-HA,695,3369,0,0,0,3369,A
4-HA,696,0,3378,0,1,3379,T
4-HA,697,3379,0,1,0,3380,A
4-HA,698,0,3353,0,2,3355,T
4-HA,699,6,1,0,3348,3355,C
4-HA,700,1,0,3338,0,3339,G
4-HA,701,1,2,3423,0,3426,G
4-HA,702,3434,0,2,0,3436,A
4-HA,703,0,3473,0,2,3475,T
4-HA,704,1,0,0,3482,3483,C
4-HA,705,0,3481,0,2,3483,T
4-HA,706,3469,1,1,0,3471,A
4-HA,707,0,4,3479,0,3483,G
4-HA,708,3491,1,4,0,3496,A
4-HA,709,1,2,0,3491,3494,C
4-HA,710,6,0,1,3361,3368,C
4-HA,711,3,1,0,3381,3385,C
4-HA,712,3377,0,4,1,3382,A
4-HA,713,1,1,3578,0,3580,G
4-HA,714,3563,0,4,1,3568,A
4-HA,715,1,1,3621,0,3623,G
4-HA,716,0,3574,0,0,3574,T
4-HA,717,3579,0,0,0,3579,A
4-HA,718,3569,0,4,0,3573,A
4-HA,719,0,6,3626,0,3632,G
4-HA,720,3,5,3661,0,3669,G
4-HA,721,3613,1,0,0,3614,A
4-HA,722,3356,0,5,0,3361,A
4-HA,723,0,3326,0,5,3331,T
4-HA,724,3355,0,1,0,3356,A
4-HA,725,0,3326,1,5,3332,T
4-HA,726,3,0,0,3385,3388,C
4-HA,727,1,1,0,3396,3398,C
4-HA,728,8,0,0,3309,3317,C
4-HA,729,0,3286,0,3,3289,T
4-HA,730,3308,0,0,0,3308,A
4-HA,731,0,1,3301,0,3302,G
4-HA,732,1,0,0,3310,3311,C
4-HA,733,3234,0,4,0,3238,A
4-HA,734,0,2,3333,0,3335,G
4-HA,735,3290,0,3,0,3293,A
4-HA,736,3298,0,1,0,3299,A
4-HA,737,0,3290,1,0,3291,T
4-HA,738,3287,0,1,0,3288,A
4-HA,739,3287,0,7,1,3295,A
4-HA,740,0,1,3282,0,3283,G
4-HA,741,1,1,1,3291,3294,C
4-HA,742,3289,0,1,0,3290,A
4-HA,743,0,3216,1,3,3220,T
4-HA,744,2,0,0,3392,3394,C
4-HA,745,0,3381,1,0,3382,T
4-HA,746,3416,3,0,0,3419,A
4-HA,747,0,3412,0,5,3417,T
4-HA,748,0,3399,0,2,3401,T
4-HA,749,0,4,3419,0,3423,G
4-HA,750,2,3,3383,0,3388,G
4-HA,751,3385,0,5,0,3390,A
4-HA,752,0,2,0,3419,3421,C
4-HA,753,3228,0,2,0,3230,A
4-HA,754,3290,0,2,0,3292,A
4-HA,755,0,3413,0,2,3415,T
4-HA,756,3328,0,110,1,3439,A
4-HA,757,0,2,3475,0,3477,G
4-HA,758,0,3456,2,0,3458,T
4-HA,759,3462,0,0,0,3462,A
4-HA,760,3450,0,1,0,3451,A
4-HA,761,3445,0,1,0,3446,A
4-HA,762,3445,0,2,0,3447,A
4-HA,763,2,0,0,3480,3482,C
4-HA,764,3,1,0,3327,3331,C
4-HA,765,3,4,3321,0,3328,G
4-HA,766,1,1,3333,0,3335,G
4-HA,767,0,3,3362,0,3365,G
4-HA,768,3358,0,1,0,3359,A
4-HA,769,0,1,3389,0,3390,G
4-HA,770,3405,1,7,0,3413,A
4-HA,771,0,2,0,3424,3426,C
4-HA,772,3402,0,5,3,3410,A
4-HA,773,0,3420,1,1,3422,T
4-HA,774,3405,0,3,0,3408,A
4-HA,775,0,0,0,3482,3482,C
4-HA,776,2,3458,0,6,3466,T
4-HA,777,0,3494,0,1,3495,T
4-HA,778,0,3495,0,4,3499,T
4-HA,779,0,3502,0,2,3504,T
4-HA,780,0,5,3521,0,3526,G
4-HA,781,3514,0,1,2,3517,A
4-HA,782,0,3513,0,1,3514,T
4-HA,783,0,3600,0,1,3601,T
4-HA,784,3566,0,1,0,3567,A
4-HA,785,3585,1,0,0,3586,A
4-HA,786,2,1,0,3620,3623,C
4-HA,787,3600,1,1,0,3602,A
4-HA,788,3,0,3719,0,3722,G
4-HA,789,1,1,0,3706,3708,C
4-HA,790,3704,0,1,0,3705,A
4-HA,791,1,3,0,3725,3729,C
4-HA,792,3690,0,7,1,3698,A
4-HA,793,0,4,3734,0,3738,G
4-HA,794,0,3,3706,0,3709,G
4-HA,795,1,5,3833,0,3839,G
4-HA,796,3792,1,6,0,3799,A
4-HA,797,3767,1,1,1,3770,A
4-HA,798,0,3775,0,2,3777,T
4-HA,799,2,2,0,3780,3784,C
4-HA,800,1,3796,0,0,3797,T
4-HA,801,3793,0,3,0,3796,A
4-HA,802,3782,0,3,0,3785,A
4-HA,803,0,3771,0,0,3771,T
4-HA,804,0,3651,0,0,3651,T
4-HA,805,0,1,3678,0,3679,G
4-HA,806,1,2,0,3790,3793,C
4-HA,807,1,3898,0,6,3905,T
4-HA,808,2,0,0,4003,4005,C
4-HA,809,6,1,0,3985,3992,C
4-HA,810,0,4006,0,3,4009,T
4-HA,811,3993,0,4,0,3997,A
4-HA,812,2,0,4014,0,4016,G
4-HA,813,2,11,4030,0,4043,G
4-HA,814,1,1,4014,0,4016,G
4-HA,815,0,1,3971,0,3972,G
4-HA,816,0,3879,0,5,3884,T
4-HA,817,0,3858,0,3,3861,T
4-HA,818,3850,1,1,0,3852,A
4-HA,819,0,0,0,3909,3909,C
4-HA,820,0,3881,0,2,3883,T
4-HA,821,0,3894,0,2,3896,T
4-HA,822,3,1,0,3882,3886,C
4-HA,823,3865,0,3,0,3868,A
4-HA,824,3869,0,0,0,3869,A
4-HA,825,3868,0,1,0,3869,A
4-HA,826,3881,0,2,0,3883,A
4-HA,827,0,3881,0,0,3881,T
4-HA,828,3834,0,3,0,3837,A
4-HA,829,0,2,0,3841,3843,C
4-HA,830,1,2,3835,0,3838,G
4-HA,831,3830,1,3,0,3834,A
4-HA,832,3843,0,1,0,3844,A
4-HA,833,0,1,3895,0,3896,G
4-HA,834,0,3860,0,2,3862,T
4-HA,835,3,8,3915,0,3926,G
4-HA,836,2,3,3924,0,3929,G
4-HA,837,0,1,3933,0,3934,G
4-HA,838,3931,0,7,0,3938,A
4-HA,839,3938,1,3,0,3942,A
4-HA,840,3940,0,3,0,3943,A
4-HA,841,3905,0,12,0,3917,A
4-HA,842,1,0,3983,0,3984,G
4-HA,843,1,0,0,3954,3955,C
4-HA,844,0,3925,0,7,3932,T
4-HA,845,3,2,0,4006,4011,C
4-HA,846,4007,1,1,0,4009,A
4-HA,847,4038,0,1,1,4040,A
4-HA,848,0,4034,0,0,4034,T
4-HA,849,4082,0,0,0,4082,A
4-HA,850,4069,0,0,0,4069,A
4-HA,851,0,4012,1,1,4014,T
4-HA,852,1,6,4011,0,4018,G
4-HA,853,3996,0,3,1,4000,A
4-HA,854,0,5,4102,0,4107,G
4-HA,855,4091,1,8,0,4100,A
4-HA,856,0,4057,0,7,4064,T
4-HA,857,5,1,0,4150,4156,C
4-HA,858,4117,0,2,0,4119,A
4-HA,859,3,3,4190,0,4196,G
4-HA,860,4198,0,4,0,4202,A
4-HA,861,0,4181,0,2,4183,T
4-HA,862,2,2,4189,0,4193,G
4-HA,863,0,3,0,4083,4086,C
4-HA,864,4077,1,7,0,4085,A
4-HA,865,2,2,0,4167,4171,C
4-HA,866,4,2,0,4116,4122,C
4-HA,867,3,0,0,4133,4136,C
4-HA,868,4060,1,0,0,4061,A
4-HA,869,0,4045,0,1,4046,T
4-HA,870,0,4047,0,3,4050,T
4-HA,871,0,3,4083,0,4086,G
4-HA,872,2,2,4061,0,4065,G
4-HA,873,1,1,0,4080,4082,C
4-HA,874,4023,0,2,0,4025,A
4-HA,875,4000,0,2,1,4003,A
4-HA,876,4075,0,1,0,4076,A
4-HA,877,0,4077,0,5,4082,T
4-HA,878,0,0,4098,0,4098,G
4-HA,879,0,2,0,4099,4101,C
4-HA,880,4048,0,2,0,4050,A
4-HA,881,4176,1,1,0,4178,A
4-HA,882,1,4181,0,1,4183,T
4-HA,883,0,4199,0,3,4202,T
4-HA,884,0,0,0,4226,4226,C
4-HA,885,0,4155,0,4,4159,T
4-HA,886,1,1,4196,0,4198,G
4-HA,887,4188,0,3,0,4191,A
4-HA,888,4205,0,1,1,4207,A
4-HA,889,0,4217,0,2,4219,T
4-HA,890,1,0,4132,0,4133,G
4-HA,891,1,0,0,4151,4152,C
4-HA,892,4134,0,4,1,4139,A
4-HA,893,1,4133,0,4,4138,T
4-HA,894,6,1,0,4133,4140,C
4-HA,895,4113,1,4,0,4118,A
4-HA,896,0,0,0,4271,4271,C
4-HA,897,0,4196,0,9,4205,T
4-HA,898,7,0,0,4229,4236,C
4-HA,899,5,1,0,4215,4221,C
4-HA,900,4279,1,0,0,4280,A
4-HA,901,4262,1,1,1,4265,A
4-HA,902,4260,0,1,0,4261,A
4-HA,903,0,4134,0,3,4137,T
4-HA,904,2,3,4149,0,4154,G
4-HA,905,0,3,4143,0,4146,G
4-HA,906,4144,0,5,0,4149,A
4-HA,907,4145,1,4,0,4150,A
4-HA,908,0,0,4160,0,4160,G
4-HA,909,0,2,0,4113,4115,C
4-HA,910,4075,0,1,0,4076,A
4-HA,911,0,4081,0,2,4083,T
4-HA,912,0,4066,0,1,4067,T
4-HA,913,4,1,0,4177,4182,C
4-HA,914,3,1,0,4169,4173,C
4-HA,915,3,1,0,4186,4190,C
4-HA,916,4185,0,2,1,4188,A
4-HA,917,4227,0,0,7,4234,A
4-HA,918,1,4294,0,3,4298,T
4-HA,919,1,7,4297,0,4305,G
4-HA,920,4298,1,2,0,4301,A
4-HA,921,2,2,0,4296,4300,C
4-HA,922,4194,0,1,0,4195,A
4-HA,923,4200,1,5,0,4206,A
4-HA,924,4172,0,3,0,4175,A
4-HA,925,1,1,0,4210,4212,C
4-HA,926,8,1,0,4136,4145,C
4-HA,927,4075,0,2,0,4077,A
4-HA,928,0,4068,0,3,4071,T
4-HA,929,0,4042,0,4,4046,T
4-HA,930,3,0,0,4076,4079,C
4-HA,931,2,0,0,4090,4092,C
4-HA,932,4086,0,4,0,4090,A
4-HA,933,4088,0,0,0,4088,A
4-HA,934,4079,0,1,0,4080,A
4-HA,935,4116,0,1,0,4117,A
4-HA,936,0,4094,0,0,4094,T
4-HA,937,0,2,4123,0,4125,G
4-HA,938,1,4092,0,3,4096,T
4-HA,939,4121,1,1,0,4123,A
4-HA,940,4119,0,5,0,4124,A
4-HA,941,4098,0,3,0,4101,A
4-HA,942,0,1,0,4134,4135,C
4-HA,943,4086,0,2,0,4088,A
4-HA,944,1,0,4125,0,4126,G
4-HA,945,1,6,4140,0,4147,G
4-HA,946,4226,0,7,0,4233,A
4-HA,947,1,4211,0,3,4215,T
4-HA,948,9,4,0,4260,4273,C
4-HA,949,4267,1,10,0,4278,A
4-HA,950,1,3,0,4435,4439,C
4-HA,951,4437,0,0,0,4437,A
4-HA,952,0,4575,0,2,4577,T
4-HA,953,4459,0,3,2,4464,A
4-HA,954,2,4,0,4411,4417,C
4-HA,955,0,4,4283,0,4287,G
4-HA,956,0,2,4268,0,4270,G
4-HA,957,1,1,4206,0,4208,G
4-HA,958,4,0,4215,1,4220,G
4-HA,959,1,0,1,4143,4145,C
4-HA,960,2,2,0,4129,4133,C
4-HA,961,0,4052,0,0,4052,T
4-HA,962,2,1,4468,0,4471,G
4-HA,963,0,4451,2,7,4460,T
4-HA,964,3,0,0,4494,4497,C
4-HA,965,1,1,0,4488,4490,C
4-HA,966,5,0,0,4495,4500,C
4-HA,967,4481,0,4,0,4485,A
4-HA,968,1,1,4513,0,4515,G
4-HA,969,4496,0,3,0,4499,A
4-HA,970,1,4480,0,2,4483,T
4-HA,971,4046,0,6,0,4052,A
4-HA,972,0,3957,0,2,3959,T
4-HA,973,0,0,3969,0,3969,G
4-HA,974,0,3967,0,4,3971,T
4-HA,975,0,3916,1,2,3919,T
4-HA,976,3961,2,1,0,3964,A
4-HA,977,3897,0,5,0,3902,A
4-HA,978,1,3,3923,0,3927,G
4-HA,979,2,1,0,3926,3929,C
4-HA,980,3874,0,0,0,3874,A
4-HA,981,3867,0,0,0,3867,A
4-HA,982,3830,0,1,0,3831,A
4-HA,983,3823,0,5,1,3829,A
4-HA,984,3,1,0,3825,3829,C
4-HA,985,3759,2,2,0,3763,A
4-HA,986,1,0,0,3830,3831,C
4-HA,987,0,3746,0,3,3749,T
4-HA,988,7,1,0,3768,3776,C
4-HA,989,0,3777,0,8,3785,T
4-HA,990,1,3,3808,0,3812,G
4-HA,991,3806,1,2,0,3809,A
4-HA,992,3782,0,1,0,3783,A
4-HA,993,3790,1,5,1,3797,A
4-HA,994,1,3769,0,0,3770,T
4-HA,995,0,3720,1,4,3725,T
4-HA,996,2,2,3747,0,3751,G
4-HA,997,3,2,3724,0,3729,G
4-HA,998,0,3,0,3755,3758,C
4-HA,999,3735,0,3,0,3738,A
4-HA,1000,3738,0,3,1,3742,A
4-HA,1001,0,0,0,3743,3743,C
4-HA,1002,3733,0,5,0,3738,A
4-HA,1003,0,3,3778,0,3781,G
4-HA,1004,1,6,3755,0,3762,G
4-HA,1005,0,0,3746,0,3746,G
4-HA,1006,3721,0,8,0,3729,A
4-HA,1007,0,3700,1,2,3703,T
4-HA,1008,1,1,3736,0,3738,G
4-HA,1009,0,0,1,3729,3730,C
4-HA,1010,0,3,3763,0,3766,G
4-HA,1011,3785,0,2,1,3788,A
4-HA,1012,3717,0,4,0,3721,A
4-HA,1013,3755,0,5,0,3760,A
4-HA,1014,0,3705,0,1,3706,T
4-HA,1015,2,1,3768,0,3771,G
4-HA,1016,1,3751,0,3,3755,T
4-HA,1017,3735,1,6,0,3742,A
4-HA,1018,2,2,0,3746,3750,C
4-HA,1019,2,2,0,3728,3732,C
4-HA,1020,3669,0,2,0,3671,A
4-HA,1021,1,9,3655,0,3665,G
4-HA,1022,3613,0,5,0,3618,A
4-HA,1023,0,3,3638,0,3641,G
4-HA,1024,3588,1,2,0,3591,A
4-HA,1025,3588,0,4,0,3592,A
4-HA,1026,3581,0,7,0,3588,A
4-HA,1027,1,0,0,3594,3595,C
4-HA,1028,3594,0,1,0,3595,A
4-HA,1029,3657,0,2,0,3659,A
4-HA,1030,3638,0,1,0,3639,A
4-HA,1031,2,1,0,3659,3662,C
4-HA,1032,0,3629,0,1,3630,T
4-HA,1033,3619,0,1,0,3620,A
4-HA,1034,0,2,3616,0,3618,G
4-HA,1035,3590,1,6,1,3598,A
4-HA,1036,0,1,3646,0,3647,G
4-HA,1037,2,0,3632,1,3635,G
4-HA,1038,1,1,0,3561,3563,C
4-HA,1039,3575,0,2,0,3577,A
4-HA,1040,0,3605,0,1,3606,T
4-HA,1041,3635,0,0,0,3635,A
4-HA,1042,0,3615,0,1,3616,T
4-HA,1043,0,3608,0,1,3609,T
4-HA,1044,0,3618,0,2,3620,T
4-HA,1045,1,3,3525,0,3529,G
4-HA,1046,0,0,3539,0,3539,G
4-HA,1047,1,2,1,3506,3510,C
4-HA,1048,0,1,3523,0,3524,G
4-HA,1049,0,1,0,3515,3516,C
4-HA,1050,3485,0,0,0,3485,A
4-HA,1051,3506,0,1,0,3507,A
4-HA,1052,0,3496,0,2,3498,T
4-HA,1053,4,2,0,3520,3526,C
4-HA,1054,3,0,3521,0,3524,G
4-HA,1055,0,1,1,3498,3500,C
4-HA,1056,2,5,3514,0,3521,G
4-HA,1057,3,3,3535,0,3541,G
4-HA,1058,1,1,3562,0,3564,G
4-HA,1059,2,3514,0,4,3520,T
4-HA,1060,0,3493,0,2,3495,T
4-HA,1061,0,3497,0,5,3502,T
4-HA,1062,0,0,0,3509,3509,C
4-HA,1063,3512,0,2,0,3514,A
4-HA,1064,0,3516,0,2,3518,T
4-HA,1065,3518,1,4,0,3523,A
4-HA,1066,1,8,3554,0,3563,G
4-HA,1067,3460,0,0,0,3460,A
4-HA,1068,3473,0,1,1,3475,A
4-HA,1069,3463,0,2,0,3465,A
4-HA,1070,3463,0,3,0,3466,A
4-HA,1071,0,3455,0,0,3455,T
4-HA,1072,0,1,3485,0,3486,G
4-HA,1073,0,0,3486,0,3486,G
4-HA,1074,0,3451,0,1,3452,T
4-HA,1075,0,3418,0,1,3419,T
4-HA,1076,3,5,3408,0,3416,G
4-HA,1077,2,1,3415,0,3418,G
4-HA,1078,1,2,3445,0,3448,G
4-HA,1079,3393,2,5,0,3400,A
4-HA,1080,0,6,3422,0,3428,G
4-HA,1081,2,5,3390,0,3397,G
4-HA,1082,0,2,3449,0,3451,G
4-HA,1083,3430,0,3,0,3433,A
4-HA,1084,3461,0,6,0,3467,A
4-HA,1085,0,3461,0,1,3462,T
4-HA,1086,1,3,3480,0,3484,G
4-HA,1087,1,0,3555,0,3556,G
4-HA,1088,0,3507,0,2,3509,T
4-HA,1089,3,4,3527,0,3534,G
4-HA,1090,0,1,3518,0,3519,G
4-HA,1091,3405,0,7,0,3412,A
4-HA,1092,1,3429,0,3,3433,T
4-HA,1093,0,2,3465,0,3467,G
4-HA,1094,2,1,3515,0,3518,G
4-HA,1095,0,3442,0,1,3443,T
4-HA,1096,1,3370,0,5,3376,T
4-HA,1097,0,2,3379,0,3381,G
4-HA,1098,1,1,3425,0,3427,G
4-HA,1099,0,3386,0,1,3387,T
4-HA,1100,3416,1,2,0,3419,A
4-HA,1101,1,1,0,3227,3229,C
4-HA,1102,0,2,3260,0,3262,G
4-HA,1103,0,1,3391,0,3392,G
4-HA,1104,0,3383,2,6,3391,T
4-HA,1105,0,3379,0,0,3379,T
4-HA,1106,0,3371,0,5,3376,T
4-HA,1107,3,0,0,3335,3338,C
4-HA,1108,3322,2,8,1,3333,A
4-HA,1109,1,3,3329,0,3333,G
4-HA,1110,1,0,3312,0,3313,G
4-HA,1111,1,1,0,3298,3300,C
4-HA,1112,3176,0,0,0,3176,A
4-HA,1113,0,3201,0,2,3203,T
4-HA,1114,4,1,0,3207,3212,C
4-HA,1115,3218,0,1,1,3220,A
4-HA,1116,3222,0,2,0,3224,A
4-HA,1117,3221,0,3,0,3224,A
4-HA,1118,3237,0,0,1,3238,A
4-HA,1119,0,3220,0,1,3221,T
4-HA,1120,0,3217,0,2,3219,T
4-HA,1121,4,1,0,3224,3229,C
4-HA,1122,0,3209,0,3,3212,T
4-HA,1123,0,1,3208,0,3209,G
4-HA,1124,3199,0,4,0,3203,A
4-HA,1125,1,5,3216,0,3222,G
4-HA,1126,3,4,3207,0,3214,G
4-HA,1127,1,2,3234,0,3237,G
4-HA,1128,3222,0,2,1,3225,A
4-HA,1129,3216,2,3,0,3221,A
4-HA,1130,1,2,3196,0,3199,G
4-HA,1131,3225,1,4,0,3230,A
4-HA,1132,1,4,3256,0,3261,G
4-HA,1133,0,2,3263,0,3265,G
4-HA,1134,3243,0,4,0,3247,A
4-HA,1135,1,2,0,3244,3247,C
4-HA,1136,3210,0,6,0,3216,A
4-HA,1137,3220,0,3,0,3223,A
4-HA,1138,0,0,3213,0,3213,G
4-HA,1139,0,0,0,3221,3221,C
4-HA,1140,3173,0,3,0,3176,A
4-HA,1141,0,0,3171,0,3171,G
4-HA,1142,1,1,0,3156,3158,C
4-HA,1143,3144,0,2,0,3146,A
4-HA,1144,0,0,3193,0,3193,G
4-HA,1145,3151,1,3,0,3155,A
4-HA,1146,0,3200,0,4,3204,T
4-HA,1147,3,1,0,3223,3227,C
4-HA,1148,0,3197,0,7,3204,T
4-HA,1149,2,1,0,3240,3243,C
4-HA,1150,3236,0,1,0,3237,A
4-HA,1151,3238,1,1,0,3240,A
4-HA,1152,3226,0,1,0,3227,A
4-HA,1153,3152,0,6,0,3158,A
4-HA,1154,0,0,3170,0,3170,G
4-HA,1155,1,0,0,3066,3067,C
4-HA,1156,3058,0,6,0,3064,A
4-HA,1157,1,1,0,3117,3119,C
4-HA,1158,0,3082,0,5,3087,T
4-HA,1159,7,1,0,3093,3101,C
4-HA,1160,3110,0,1,0,3111,A
4-HA,1161,3159,0,5,0,3164,A
4-HA,1162,1,0,3167,0,3168,G
4-HA,1163,3,0,0,3168,3171,C
4-HA,1164,3150,0,3,0,3153,A
4-HA,1165,1,0,3142,0,3143,G
4-HA,1166,1,2,0,3089,3092,C
4-HA,1167,3084,0,0,0,3084,A
4-HA,1168,3086,1,0,0,3087,A
4-HA,1169,0,3050,0,0,3050,T
4-HA,1170,4,1,0,2981,2986,C
4-HA,1171,0,6,2998,0,3004,G
4-HA,1172,2980,2,1,0,2983,A
4-HA,1173,0,2968,0,6,2974,T
4-HA,1174,4,1,0,2952,2957,C
4-HA,1175,2969,0,2,0,2971,A
4-HA,1176,3036,0,1,0,3037,A
4-HA,1177,3027,1,2,0,3030,A
4-HA,1178,0,3012,0,1,3013,T
4-HA,1179,2,1,0,3036,3039,C
4-HA,1180,3010,0,3,0,3013,A
4-HA,1181,3015,0,1,0,3016,A
4-HA,1182,0,3021,0,4,3025,T
4-HA,1183,0,6,3026,0,3032,G
4-HA,1184,1,2,3026,0,3029,G
4-HA,1185,1,2,2980,0,2983,G
4-HA,1186,2992,0,4,0,2996,A
4-HA,1187,2992,0,4,0,2996,A
4-HA,1188,1,0,3031,0,3032,G
4-HA,1189,2,3,0,3012,3017,C
4-HA,1190,0,2994,0,5,2999,T
4-HA,1191,1,3,3131,0,3135,G
4-HA,1192,3120,0,9,0,3129,A
4-HA,1193,3134,0,6,0,3140,A
4-HA,1194,0,3131,0,2,3133,T
4-HA,1195,3067,0,0,0,3067,A
4-HA,1196,0,1,3058,0,3059,G
4-HA,1197,2819,0,5,0,2824,A
4-HA,1198,0,2832,0,1,2833,T
4-HA,1199,0,2847,0,0,2847,T
4-HA,1200,0,5,2850,0,2855,G
4-HA,1201,2846,0,0,0,2846,A
4-HA,1202,0,2837,0,0,2837,T
4-HA,1203,3,3,0,2838,2844,C
4-HA,1204,2,3,2838,0,2843,G
4-HA,1205,1,1,2819,0,2821,G
4-HA,1206,0,3,2829,0,2832,G
4-HA,1207,2824,1,4,0,2829,A
4-HA,1208,2832,0,0,0,2832,A
4-HA,1209,2812,0,3,0,2815,A
4-HA,1210,2797,1,0,2,2800,A
4-HA,1211,1,0,0,2807,2808,C
4-HA,1212,4,1,0,2803,2808,C
4-HA,1213,2786,0,1,0,2787,A
4-HA,1214,2788,0,0,0,2788,A
4-HA,1215,1,4,0,2785,2790,C
4-HA,1216,2,2,2799,0,2803,G
4-HA,1217,2802,0,3,0,2805,A
4-HA,1218,0,1,2796,0,2797,G
4-HA,1219,2789,0,5,1,2795,A
4-HA,1220,2799,0,1,0,2800,A
4-HA,1221,2805,0,2,0,2807,A
4-HA,1222,0,2787,1,5,2793,T
4-HA,1223,0,2776,0,9,2785,T
4-HA,1224,1,1,0,2802,2804,C
4-HA,1225,0,1,0,2804,2805,C
4-HA,1226,2807,0,2,0,2809,A
4-HA,1227,0,2790,0,0,2790,T
4-HA,1228,1,0,0,2806,2807,C
4-HA,1229,2790,0,0,0,2790,A
4-HA,1230,0,3,2807,0,2810,G
4-HA,1231,2777,0,2,0,2779,A
4-HA,1232,1,2777,0,1,2779,T
4-HA,1233,2,2773,0,0,2775,T
4-HA,1234,2,5,2778,0,2785,G
4-HA,1235,2785,0,1,1,2787,A
4-HA,1236,2793,0,0,0,2793,A
4-HA,1237,2793,0,6,0,2799,A
4-HA,1238,2800,0,0,0,2800,A
4-HA,1239,2751,0,5,0,2756,A
4-HA,1240,1,6,2740,0,2747,G
4-HA,1241,2732,0,4,0,2736,A
4-HA,1242,2740,0,5,0,2745,A
4-HA,1243,0,2717,0,1,2718,T
4-HA,1244,1,2715,0,2,2718,T
4-HA,1245,1,0,0,2736,2737,C
4-HA,1246,0,2734,0,7,2741,T
4-HA,1247,0,0,0,2735,2735,C
4-HA,1248,2737,0,1,0,2738,A
4-HA,1249,0,0,2725,0,2725,G
4-HA,1250,2711,0,1,0,2712,A
4-HA,1251,2691,0,5,0,2696,A
4-HA,1252,0,0,2718,0,2718,G
4-HA,1253,0,2678,0,2,2680,T
4-HA,1254,3,1,0,2704,2708,C
4-HA,1255,3,2,2706,0,2711,G
4-HA,1256,2710,0,3,0,2713,A
4-HA,1257,2696,0,7,0,2703,A
4-HA,1258,1,3,2708,0,2712,G
4-HA,1259,2,0,2713,0,2715,G
4-HA,1260,0,4,2707,0,2711,G
4-HA,1261,2677,0,2,1,2680,A
4-HA,1262,0,4,2684,0,2688,G
4-HA,1263,2682,0,2,0,2684,A
4-HA,1264,2813,0,0,0,2813,A
4-HA,1265,0,2807,0,1,2808,T
4-HA,1266,0,2809,0,3,2812,T
4-HA,1267,2,2,0,2806,2810,C
4-HA,1268,2770,1,9,0,2780,A
4-HA,1269,0,2,2795,0,2797,G
4-HA,1270,0,4,2772,0,2776,G
4-HA,1271,2762,1,1,0,2764,A
4-HA,1272,0,0,0,2775,2775,C
4-HA,1273,1,1,0,2523,2525,C
4-HA,1274,0,2505,0,5,2510,T
4-HA,1275,0,2415,0,107,2522,T
4-HA,1276,0,2,2527,1,2530,G
4-HA,1277,2527,0,6,0,2533,A
4-HA,1278,1,1,2578,0,2580,G
4-HA,1279,2550,0,2,0,2552,A
4-HA,1280,2194,0,0,0,2194,A
4-HA,1281,2163,0,2,0,2165,A
4-HA,1282,1,2126,0,0,2127,T
4-HA,1283,2165,0,4,0,2169,A
4-HA,1284,0,2146,0,0,2146,T
4-HA,1285,0,3,2161,0,2164,G
4-HA,1286,1,2145,0,2,2148,T
4-HA,1287,0,2081,0,1,2082,T
4-HA,1288,1,2,2080,0,2083,G
4-HA,1289,2045,0,4,0,2049,A
4-HA,1290,0,2,2061,0,2063,G
4-HA,1291,0,0,2048,0,2048,G
4-HA,1292,2013,1,4,0,2018,A
4-HA,1293,1,1,0,2088,2090,C
4-HA,1294,2047,0,1,0,2048,A
4-HA,1295,0,0,0,2049,2049,C
4-HA,1296,0,2015,0,3,2018,T
4-HA,1297,2103,0,0,0,2103,A
4-HA,1298,2121,0,1,0,2122,A
4-HA,1299,2127,0,2,0,2129,A
4-HA,1300,2132,0,3,1,2136,A
4-HA,1301,0,2134,0,0,2134,T
4-HA,1302,2040,0,0,0,2040,A
4-HA,1303,0,2,2041,0,2043,G
4-HA,1304,1988,0,4,1,1993,A
4-HA,1305,0,1996,0,3,1999,T
4-HA,1306,2,0,0,1997,1999,C
4-HA,1307,0,1956,0,2,1958,T
4-HA,1308,0,0,1,2018,2019,C
4-HA,1309,0,2023,0,2,2025,T
4-HA,1310,0,1,2075,0,2076,G
4-HA,1311,2,1,2116,0,2119,G
4-HA,1312,1,2114,0,4,2119,T
4-HA,1313,10,4,0,2102,2116,C
4-HA,1314,2128,0,1,0,2129,A
4-HA,1315,0,2131,0,2,2133,T
4-HA,1316,2127,0,4,0,2131,A
4-HA,1317,2,1,0,2125,2128,C
4-HA,1318,2058,0,0,0,2058,A
4-HA,1319,2086,0,2,0,2088,A
4-HA,1320,0,1,0,2013,2014,C
4-HA,1321,0,0,2003,0,2003,G
4-HA,1322,0,3,0,1998,2001,C
4-HA,1323,1,2,1994,0,1997,G
4-HA,1324,0,4,1998,0,2002,G
4-HA,1325,1987,0,2,0,1989,A
4-HA,1326,1,0,2026,0,2027,G
4-HA,1327,0,2,1,2027,2030,C
4-HA,1328,1,2017,0,5,2023,T
4-HA,1329,0,2036,0,3,2039,T
4-HA,1330,0,0,0,2047,2047,C
4-HA,1331,0,2056,0,3,2059,T
4-HA,1332,0,2058,0,3,2061,T
4-HA,1333,2,0,2054,0,2056,G
4-HA,1334,0,2034,0,5,2039,T
4-HA,1335,0,2006,0,1,2007,T
4-HA,1336,1,1,2042,0,2044,G
4-HA,1337,0,2,0,2038,2040,C
4-HA,1338,3,0,0,2031,2034,C
4-HA,1339,0,1,0,2036,2037,C
4-HA,1340,1,2041,0,3,2045,T
4-HA,1341,2,1,2059,0,2062,G
4-HA,1342,0,2,2054,0,2056,G
4-HA,1343,2044,0,3,0,2047,A
4-HA,1344,1,4,2053,0,2058,G
4-HA,1345,2022,0,2,0,2024,A
4-HA,1346,2018,0,5,0,2023,A
4-HA,1347,0,2,0,2059,2061,C
4-HA,1348,1,1,0,2050,2052,C
4-HA,1349,2046,0,3,0,2049,A
4-HA,1350,2151,0,4,0,2155,A
4-HA,1351,1,1,0,2165,2167,C
4-HA,1352,2175,0,4,0,2179,A
4-HA,1353,0,2167,0,2,2169,T
4-HA,1354,2155,0,3,1,2159,A
4-HA,1355,0,1,0,2189,2190,C
4-HA,1356,2144,1,2,0,2147,A
4-HA,1357,2144,0,1,0,2145,A
4-HA,1358,0,2121,0,1,2122,T
4-HA,1359,0,2036,0,3,2039,T
4-HA,1360,2,5,2057,0,2064,G
4-HA,1361,2058,0,2,0,2060,A
4-HA,1362,0,2057,0,3,2060,T
4-HA,1363,2,0,0,2077,2079,C
4-HA,1364,0,2050,0,1,2051,T
4-HA,1365,2075,0,0,0,2075,A
4-HA,1366,2072,0,1,0,2073,A
4-HA,1367,0,0,0,2068,2068,C
4-HA,1368,0,2052,0,0,2052,T
4-HA,1369,0,5,2034,0,2039,G
4-HA,1370,2031,0,3,0,2034,A
4-HA,1371,0,0,0,2031,2031,C
4-HA,1372,0,2027,1,4,2032,T
4-HA,1373,1,0,0,2035,2036,C
4-HA,1374,2032,0,0,0,2032,A
4-HA,1375,0,0,2067,0,2067,G
4-HA,1376,2066,0,1,0,2067,A
4-HA,1377,2060,0,4,0,2064,A
4-HA,1378,2064,0,1,0,2065,A
4-HA,1379,0,2026,0,0,2026,T
4-HA,1380,0,2,2041,0,2043,G
4-HA,1381,2035,0,2,0,2037,A
4-HA,1382,2045,0,2,0,2047,A
4-HA,1383,0,0,0,2046,2046,C
4-HA,1384,2014,0,1,0,2015,A
4-HA,1385,2011,0,1,0,2012,A
4-HA,1386,2007,0,4,0,2011,A
4-HA,1387,0,1,0,2026,2027,C
4-HA,1388,0,2000,0,1,2001,T
4-HA,1389,0,0,2007,0,2007,G
4-HA,1390,0,1990,0,3,1993,T
4-HA,1391,0,1986,0,1,1987,T
4-HA,1392,0,1999,0,1,2000,T
4-HA,1393,1,0,1998,0,1999,G
4-HA,1394,1991,0,1,0,1992,A
4-HA,1395,1993,0,1,0,1994,A
4-HA,1396,1981,0,0,0,1981,A
4-HA,1397,1992,0,0,0,1992,A
4-HA,1398,1973,0,0,0,1973,A
4-HA,1399,1988,0,1,3,1992,A
4-HA,1400,1,1,0,1996,1998,C
4-HA,1401,1999,0,0,0,1999,A
4-HA,1402,2000,1,0,0,2001,A
4-HA,1403,1996,0,0,0,1996,A
4-HA,1404,1,2,1997,0,2000,G
4-HA,1405,2012,0,3,0,2015,A
4-HA,1406,2007,0,2,0,2009,A
4-HA,1407,0,0,2004,0,2004,G
4-HA,1408,0,1,0,2004,2005,C
4-HA,1409,2004,1,1,0,2006,A
4-HA,1410,2024,0,1,0,2025,A
4-HA,1411,0,0,0,2019,2019,C
4-HA,1412,0,2012,0,1,2013,T
4-HA,1413,2,0,2031,0,2033,G
4-HA,1414,2023,0,4,0,2027,A
4-HA,1415,0,4,2041,0,2045,G
4-HA,1416,1,1,2034,0,2036,G
4-HA,1417,0,1,2051,0,2052,G
4-HA,1418,2057,1,2,0,2060,A
4-HA,1419,2049,0,2,0,2051,A
4-HA,1420,2045,0,2,0,2047,A
4-HA,1421,2069,0,0,0,2069,A
4-HA,1422,0,2057,0,2,2059,T
4-HA,1423,0,0,2053,0,2053,G
4-HA,1424,0,0,0,2061,2061,C
4-HA,1425,1,2042,0,1,2044,T
4-HA,1426,0,0,2047,0,2047,G
4-HA,1427,2049,0,4,0,2053,A
4-HA,1428,0,2,2156,0,2158,G
4-HA,1429,0,1,2198,0,2199,G
4-HA,1430,2168,0,3,0,2171,A
4-HA,1431,0,2168,0,0,2168,T
4-HA,1432,2147,0,1,0,2148,A
4-HA,1433,0,2144,0,1,2145,T
4-HA,1434,0,5,2152,0,2157,G
4-HA,1435,3,2,2179,0,2184,G
4-HA,1436,0,0,2175,0,2175,G
4-HA,1437,0,0,0,2088,2088,C
4-HA,1438,2039,0,0,0,2039,A
4-HA,1439,2031,0,2,0,2033,A
4-HA,1440,0,2025,0,0,2025,T
4-HA,1441,1,1,2040,0,2042,G
4-HA,1442,0,2,2034,0,2036,G
4-HA,1443,1,1995,0,1,1997,T
4-HA,1444,0,1967,0,1,1968,T
4-HA,1445,0,0,1973,0,1973,G
4-HA,1446,0,1975,0,3,1978,T
4-HA,1447,0,1985,0,2,1987,T
4-HA,1448,0,1986,0,0,1986,T
4-HA,1449,3,1,0,1996,2000,C
4-HA,1450,2004,0,1,0,2005,A
4-HA,1451,2003,0,0,0,2003,A
4-HA,1452,2006,0,0,0,2006,A
4-HA,1453,2027,0,1,0,2028,A
4-HA,1454,0,2019,0,2,2021,T
4-HA,1455,1999,0,0,0,1999,A
4-HA,1456,0,2007,0,1,2008,T
4-HA,1457,1988,0,1,0,1989,A
4-HA,1458,1,1,0,2009,2011,C
4-HA,1459,5,0,1,2006,2012,C
4-HA,1460,2005,0,2,1,2008,A
4-HA,1461,0,0,0,2021,2021,C
4-HA,1462,2013,0,0,1,2014,A
4-HA,1463,2040,0,0,0,2040,A
4-HA,1464,2021,0,1,0,2022,A
4-HA,1465,0,2022,0,0,2022,T
4-HA,1466,0,0,2025,0,2025,G
4-HA,1467,0,2001,0,2,2003,T
4-HA,1468,0,4,2022,1,2027,G
4-HA,1469,2017,0,6,0,2023,A
4-HA,1470,0,1,0,2011,2012,C
4-HA,1471,1999,0,1,0,2000,A
4-HA,1472,1981,0,1,0,1982,A
4-HA,1473,0,2023,0,1,2024,T
4-HA,1474,0,0,2033,1,2034,G
4-HA,1475,1,2,1,1997,2001,C
4-HA,1476,1,0,0,2009,2010,C
4-HA,1477,1,2016,0,3,2020,T
4-HA,1478,4,0,2110,0,2114,G
4-HA,1479,1,1,0,2103,2105,C
4-HA,1480,2109,0,2,0,2111,A
4-HA,1481,0,2106,0,0,2106,T
4-HA,1482,2010,0,3,0,2013,A
4-HA,1483,1,3,2015,0,2019,G
4-HA,1484,2,1,2005,0,2008,G
4-HA,1485,1999,0,0,0,1999,A
4-HA,1486,0,1978,0,3,1981,T
4-HA,1487,1,0,0,1879,1880,C
4-HA,1488,1877,0,0,0,1877,A
4-HA,1489,1883,2,0,0,1885,A
4-HA,1490,0,1880,0,0,1880,T
4-HA,1491,0,0,0,1887,1887,C
4-HA,1492,1848,0,3,0,1851,A
4-HA,1493,0,0,1863,0,1863,G
4-HA,1494,1860,0,1,0,1861,A
4-HA,1495,1866,0,0,0,1866,A
4-HA,1496,1859,0,1,0,1860,A
4-HA,1497,0,1847,1,0,1848,T
4-HA,1498,2,2,1846,0,1850,G
4-HA,1499,1,6,1851,0,1858,G
4-HA,1500,1848,0,3,0,1851,A
4-HA,1501,1846,0,3,0,1849,A
4-HA,1502,1,0,0,1840,1841,C
4-HA,1503,0,1829,0,1,1830,T
4-HA,1504,0,1842,0,1,1843,T
4-HA,1505,1844,0,0,0,1844,A
4-HA,1506,0,1847,0,0,1847,T
4-HA,1507,0,4,1843,0,1847,G
4-HA,1508,1857,0,3,0,1860,A
4-HA,1509,0,1,0,1851,1852,C
4-HA,1510,2,1,0,1827,1830,C
4-HA,1511,1830,0,0,0,1830,A
4-HA,1512,0,2,0,1876,1878,C
4-HA,1513,0,0,1931,0,1931,G
4-HA,1514,1963,0,0,0,1963,A
4-HA,1515,0,1983,0,0,1983,T
4-HA,1516,1,0,2063,0,2064,G
4-HA,1517,0,2037,0,3,2040,T
4-HA,1518,2129,0,3,0,2132,A
4-HA,1519,0,2135,0,0,2135,T
4-HA,1520,2119,1,3,0,2123,A
4-HA,1521,0,1,0,2122,2123,C
4-HA,1522,1912,0,0,0,1912,A
4-HA,1523,0,0,1918,0,1918,G
4-HA,1524,1808,0,0,0,1808,A
4-HA,1525,0,0,1744,0,1744,G
4-HA,1526,1728,0,1,0,1729,A
4-HA,1527,0,1579,0,0,1579,T
4-HA,1528,0,2,1571,0,1573,G
4-HA,1529,1569,0,1,0,1570,A
4-HA,1530,1566,0,5,0,1571,A
4-HA,1531,0,0,1590,0,1590,G
4-HA,1532,0,2,0,1537,1539,C
4-HA,1533,1544,0,0,0,1544,A
4-HA,1534,1,1525,0,2,1528,T
4-HA,1535,0,1525,0,0,1525,T
4-HA,1536,1524,0,0,0,1524,A
4-HA,1537,1524,0,0,0,1524,A
4-HA,1538,1529,0,0,0,1529,A
4-HA,1539,0,0,0,1530,1530,C
4-HA,1540,1474,0,1,0,1475,A
4-HA,1541,1474,0,0,0,1474,A
4-HA,1542,0,0,0,1470,1470,C
4-HA,1543,0,1,0,1463,1464,C
4-HA,1544,0,2,1460,0,1462,G
4-HA,1545,1,0,1484,0,1485,G
4-HA,1546,0,1473,0,2,1475,T
4-HA,1547,0,1476,0,0,1476,T
4-HA,1548,0,1452,0,3,1455,T
4-HA,1549,1,0,0,1466,1467,C
4-HA,1550,1467,0,4,0,1471,A
4-HA,1551,0,0,1480,0,1480,G
4-HA,1552,1479,0,1,0,1480,A
4-HA,1553,0,1475,0,2,1477,T
4-HA,1554,1,1,0,1427,1429,C
4-HA,1555,1422,0,1,0,1423,A
4-HA,1556,1423,0,0,0,1423,A
4-HA,1557,0,1,1421,0,1422,G
4-HA,1558,0,1,1412,0,1413,G
4-HA,1559,0,2,1412,0,1414,G
4-HA,1560,1366,0,1,0,1367,A
4-HA,1561,0,0,1381,0,1381,G
4-HA,1562,0,1380,0,1,1381,T
4-HA,1563,1,1381,0,2,1384,T
4-HA,1564,0,1,1395,0,1396,G
4-HA,1565,1378,0,1,0,1379,A
4-HA,1566,0,0,1385,0,1385,G
4-HA,1567,0,1,0,1376,1377,C
4-HA,1568,0,1364,0,0,1364,T
4-HA,1569,0,1,1368,0,1369,G
4-HA,1570,1357,0,3,0,1360,A
4-HA,1571,1363,0,2,0,1365,A
4-HA,1572,0,0,1370,0,1370,G
4-HA,1573,0,1334,0,1,1335,T
4-HA,1574,3,1,0,1329,1333,C
4-HA,1575,1309,0,2,0,1311,A
4-HA,1576,0,0,1313,0,1313,G
4-HA,1577,1,1,1300,0,1302,G
4-HA,1578,1,1,1259,0,1261,G
4-HA,1579,0,1325,0,0,1325,T
4-HA,1580,1324,0,0,0,1324,A
4-HA,1581,0,2,0,1324,1326,C
4-HA,1582,1322,0,0,0,1322,A
4-HA,1583,1326,0,0,0,1326,A
4-HA,1584,1324,0,2,0,1326,A
4-HA,1585,0,0,1331,0,1331,G
4-HA,1586,1279,0,0,0,1279,A
4-HA,1587,0,1209,0,0,1209,T
4-HA,1588,0,1197,0,2,1199,T
4-HA,1589,0,1,1200,0,1201,G
4-HA,1590,2,0,1191,0,1193,G
4-HA,1591,1188,0,0,0,1188,A
4-HA,1592,0,1197,0,1,1198,T
4-HA,1593,2,0,0,1181,1183,C
4-HA,1594,0,0,0,1160,1160,C
4-HA,1595,0,1162,0,0,1162,T
4-HA,1596,1163,0,0,0,1163,A
4-HA,1597,0,1163,0,1,1164,T
4-HA,1598,0,2,1163,0,1165,G
4-HA,1599,0,0,1167,0,1167,G
4-HA,1600,1127,0,2,0,1129,A
4-HA,1601,0,1124,0,1,1125,T
4-HA,1602,0,1104,0,2,1106,T
4-HA,1603,0,1103,0,3,1106,T
4-HA,1604,0,0,0,1102,1102,C
4-HA,1605,0,0,0,1103,1103,C
4-HA,1606,0,1093,0,1,1094,T
4-HA,1607,0,1087,0,1,1088,T
4-HA,1608,0,1086,0,0,1086,T
4-HA,1609,0,1,1086,0,1087,G
4-HA,1610,0,1,0,1077,1078,C
4-HA,1611,0,1,0,1078,1079,C
4-HA,1612,1064,0,2,0,1066,A
4-HA,1613,0,1061,0,1,1062,T
4-HA,1614,1076,0,0,0,1076,A
4-HA,1615,0,1066,0,4,1070,T
4-HA,1616,0,0,0,1070,1070,C
4-HA,1617,1072,0,0,0,1072,A
4-HA,1618,0,1056,0,2,1058,T
4-HA,1619,0,0,1062,0,1062,G
4-HA,1620,0,1056,0,0,1056,T
4-HA,1621,0,1043,0,1,1044,T
4-HA,1622,0,1039,0,0,1039,T
4-HA,1623,0,1013,0,2,1015,T
4-HA,1624,0,1011,0,1,1012,T
4-HA,1625,0,1010,0,1,1011,T
4-HA,1626,1,0,999,0,1000,G
4-HA,1627,0,0,0,993,993,C
4-HA,1628,0,978,0,1,979,T
4-HA,1629,0,983,0,0,983,T
4-HA,1630,0,976,0,0,976,T
4-HA,1631,0,0,991,0,991,G
4-HA,1632,0,985,0,2,987,T
4-HA,1633,1,0,986,0,987,G
4-HA,1634,0,988,0,1,989,T
4-HA,1635,0,956,0,0,956,T
4-HA,1636,0,0,956,0,956,G
4-HA,1637,1,0,0,953,954,C
4-HA,1638,0,949,0,0,949,T
4-HA,1639,0,965,0,0,965,T
4-HA,1640,0,910,0,0,910,T
4-HA,1641,0,0,925,0,925,G
4-HA,1642,0,915,0,0,915,T
4-HA,1643,0,912,0,2,914,T
4-HA,1644,0,1,916,0,917,G
4-HA,1645,1,1,898,0,900,G
4-HA,1646,1,0,904,1,906,G
4-HA,1647,0,0,911,0,911,G
4-HA,1648,0,868,0,5,873,T
4-HA,1649,0,862,0,0,862,T
4-HA,1650,2,0,0,838,840,C
4-HA,1651,827,0,1,0,828,A
4-HA,1652,0,824,0,2,826,T
4-HA,1653,1,1,0,831,833,C
4-HA,1654,836,0,1,0,837,A
4-HA,1655,0,810,0,0,810,T
4-HA,1656,0,0,798,0,798,G
4-HA,1657,0,767,0,2,769,T
4-HA,1658,0,0,758,0,758,G
4-HA,1659,0,0,726,0,726,G
4-HA,1660,0,0,718,0,718,G
4-HA,1661,0,0,0,696,696,C
4-HA,1662,1,0,0,687,688,C
4-HA,1663,1,643,0,0,644,T
4-HA,1664,0,0,651,0,651,G
4-HA,1665,0,1,0,641,642,C
4-HA,1666,0,0,0,648,648,C
4-HA,1667,646,0,0,0,646,A
4-HA,1668,640,0,0,0,640,A
4-HA,1669,641,0,0,0,641,A
4-HA,1670,637,0,0,0,637,A
4-HA,1671,629,0,9,0,638,A
4-HA,1672,0,0,634,0,634,G
4-HA,1673,1,0,617,1,619,G
4-HA,1674,2,0,0,601,603,C
4-HA,1675,605,0,0,0,605,A
4-HA,1676,611,0,0,0,611,A
4-HA,1677,0,0,0,610,610,C
4-HA,1678,612,0,0,0,612,A
4-HA,1679,0,608,0,0,608,T
4-HA,1680,0,602,0,0,602,T
4-HA,1681,590,0,1,0,591,A
4-HA,1682,0,0,591,0,591,G
4-HA,1683,0,0,592,0,592,G
4-HA,1684,0,563,0,1,564,T
4-HA,1685,0,0,535,0,535,G
4-HA,1686,0,0,0,510,510,C
4-HA,1687,503,0,0,0,503,A
4-HA,1688,503,0,0,0,503,A
4-HA,1689,0,0,0,501,501,C
4-HA,1690,496,0,0,0,496,A
4-HA,1691,0,482,0,0,482,T
4-HA,1692,0,457,0,2,459,T
4-HA,1693,0,458,0,0,458,T
4-HA,1694,1,0,459,0,460,G
4-HA,1695,0,0,0,455,455,C
4-HA,1696,451,1,1,0,453,A
4-HA,1697,0,427,0,2,429,T
4-HA,1698,0,416,0,0,416,T
4-HA,1699,0,402,0,0,402,T
4-HA,1700,0,0,402,0,402,G
4-HA,1701,381,0,0,0,381,A
5-NP,1,834,0,0,0,834,A
5-NP,2,0,845,0,0,845,T
5-NP,3,0,0,845,0,845,G
5-NP,4,1,0,835,0,836,G
5-NP,5,0,0,0,854,854,C
5-NP,6,1,0,868,0,869,G
5-NP,7,0,927,0,2,929,T
5-NP,8,1,2,0,932,935,C
5-NP,9,0,0,0,941,941,C
5-NP,10,1,0,0,941,942,C
5-NP,11,940,0,1,0,941,A
5-NP,12,944,0,1,0,945,A
5-NP,13,0,1,951,0,952,G
5-NP,14,1,0,972,0,973,G
5-NP,15,0,0,0,986,986,C
5-NP,16,983,0,1,0,984,A
5-NP,17,1,2,0,980,983,C
5-NP,18,2,0,0,986,988,C
5-NP,19,995,0,0,0,995,A
5-NP,20,988,0,1,0,989,A
5-NP,21,994,0,0,0,994,A
5-NP,22,0,0,0,1000,1000,C
5-NP,23,0,1,1006,0,1007,G
5-NP,24,0,0,1115,0,1115,G
5-NP,25,0,1092,0,7,1099,T
5-NP,26,1,0,0,1199,1200,C
5-NP,27,0,1194,0,2,1196,T
5-NP,28,0,1212,0,0,1212,T
5-NP,29,1215,0,0,0,1215,A
5-NP,30,0,1214,0,3,1217,T
5-NP,31,1,0,1229,0,1230,G
5-NP,32,1221,0,1,1,1223,A
5-NP,33,1187,0,2,0,1189,A
5-NP,34,0,0,0,1190,1190,C
5-NP,35,1165,0,1,1,1167,A
5-NP,36,1,1,1257,0,1259,G
5-NP,37,1231,0,3,0,1234,A
5-NP,38,0,1250,1,2,1253,T
5-NP,39,0,0,1261,0,1261,G
5-NP,40,0,0,1251,0,1251,G
5-NP,41,1253,0,0,0,1253,A
5-NP,42,1260,0,1,1,1262,A
5-NP,43,1272,0,2,0,1274,A
5-NP,44,1,0,0,1304,1305,C
5-NP,45,0,1289,0,3,1292,T
5-NP,46,1,2,1304,0,1307,G
5-NP,47,1281,0,4,0,1285,A
5-NP,48,0,1308,1,2,1311,T
5-NP,49,0,2,1308,0,1310,G
5-NP,50,1,1,1296,0,1298,G
5-NP,51,0,0,1302,0,1302,G
5-NP,52,0,1,1310,0,1311,G
5-NP,53,1294,0,3,0,1297,A
5-NP,54,0,1295,0,3,1298,T
5-NP,55,1,0,0,1307,1308,C
5-NP,56,0,0,1306,0,1306,G
5-NP,57,0,0,0,1323,1323,C
5-NP,58,0,0,0,1335,1335,C
5-NP,59,1331,0,1,0,1332,A
5-NP,60,0,0,1349,1,1350,G
5-NP,61,1346,1,3,0,1350,A
5-NP,62,1372,0,1,0,1373,A
5-NP,63,1,1367,0,1,1369,T
5-NP,64,0,0,1367,0,1367,G
5-NP,65,0,0,0,1384,1384,C
5-NP,66,1374,0,1,0,1375,A
5-NP,67,1398,0,4,0,1402,A
5-NP,68,0,0,0,1406,1406,C
5-NP,69,0,1408,0,0,1408,T
5-NP,70,0,0,1416,0,1416,G
5-NP,71,1417,0,4,0,1421,A
5-NP,72,0,0,1503,0,1503,G
5-NP,73,1495,0,3,0,1498,A
5-NP,74,0,1500,0,0,1500,T
5-NP,75,0,1505,0,0,1505,T
5-NP,76,1500,0,0,0,1500,A
5-NP,77,0,1,1494,0,1495,G
5-NP,78,0,1,1489,0,1490,G
5-NP,79,0,1,1481,0,1482,G
5-NP,80,0,0,0,1474,1474,C
5-NP,81,1463,0,0,0,1463,A
5-NP,82,0,1461,0,4,1465,T
5-NP,83,1,3,0,1467,1471,C
5-NP,84,0,1,0,1467,1468,C
5-NP,85,2,0,1492,0,1494,G
5-NP,86,0,1485,0,3,1488,T
5-NP,87,2,3,0,1486,1491,C
5-NP,88,0,0,1504,0,1504,G
5-NP,89,2,0,1500,0,1502,G
5-NP,90,0,2,1508,0,1510,G
5-NP,91,1495,0,2,0,1497,A
5-NP,92,1508,0,3,0,1511,A
5-NP,93,1,0,1526,0,1527,G
5-NP,94,1499,0,4,0,1503,A
5-NP,95,0,1529,0,4,1533,T
5-NP,96,0,4,1539,0,1543,G
5-NP,97,1539,0,0,0,1539,A
5-NP,98,0,1546,0,2,1548,T
5-NP,99,0,1547,0,0,1547,T
5-NP,100,1,1,1545,1,1548,G
5-NP,101,1530,0,1,0,1531,A
5-NP,102,0,1542,0,1,1543,T
5-NP,103,0,3,1540,0,1543,G
5-NP,104,1,2,1521,0,1524,G
5-NP,105,0,0,1513,0,1513,G
5-NP,106,1619,0,0,0,1619,A
5-NP,107,0,1624,0,3,1627,T
5-NP,108,0,1635,0,1,1636,T
5-NP,109,0,2,1650,0,1652,G
5-NP,110,1,1,1647,0,1649,G
5-NP,111,1,1,1647,0,1649,G
5-NP,112,1637,0,3,0,1640,A
5-NP,113,1,0,1637,0,1638,G
5-NP,114,1594,0,3,1,1598,A
5-NP,115,0,1627,0,2,1629,T
5-NP,116,0,1629,0,3,1632,T
5-NP,117,0,0,0,1649,1649,C
5-NP,118,0,1638,0,3,1641,T
5-NP,119,1665,0,1,0,1666,A
5-NP,120,0,1,0,1662,1663,C
5-NP,121,1691,0,1,0,1692,A
5-NP,122,0,1707,0,1,1708,T
5-NP,123,1,1,0,1683,1685,C
5-NP,124,0,0,0,1695,1695,C
5-NP,125,1707,0,1,0,1708,A
5-NP,126,1733,0,3,0,1736,A
5-NP,127,1731,0,0,0,1731,A
5-NP,128,1,1724,0,1,1726,T
5-NP,129,0,0,1738,0,1738,G
5-NP,130,0,1698,1,3,1702,T
5-NP,131,2,0,1725,0,1727,G
5-NP,132,0,1,0,1724,1725,C
5-NP,133,1723,0,2,0,1725,A
5-NP,134,0,1,0,1729,1730,C
5-NP,135,0,1701,0,2,1703,T
5-NP,136,1,2,1786,0,1789,G
5-NP,137,1811,0,3,0,1814,A
5-NP,138,1839,0,1,0,1840,A
5-NP,139,0,1,0,1869,1870,C
5-NP,140,0,1854,0,5,1859,T
5-NP,141,0,1865,0,2,1867,T
5-NP,142,1869,0,0,0,1869,A
5-NP,143,1862,0,5,0,1867,A
5-NP,144,1868,0,2,1,1871,A
5-NP,145,0,0,0,1879,1879,C
5-NP,146,0,1818,0,3,1821,T
5-NP,147,1,0,0,1830,1831,C
5-NP,148,1803,0,1,0,1804,A
5-NP,149,0,0,1820,0,1820,G
5-NP,150,1,1803,0,4,1808,T
5-NP,151,1,4,1835,0,1840,G
5-NP,152,1872,0,3,0,1875,A
5-NP,153,0,1877,0,1,1878,T
5-NP,154,5,0,0,1910,1915,C
5-NP,155,1919,0,6,0,1925,A
5-NP,156,0,1919,0,9,1928,T
5-NP,157,1,0,1925,0,1926,G
5-NP,158,1918,0,8,0,1926,A
5-NP,159,1912,1,5,0,1918,A
5-NP,160,0,3,1914,0,1917,G
5-NP,161,0,1,1886,0,1887,G
5-NP,162,0,0,1887,0,1887,G
5-NP,163,1,1,0,1872,1874,C
5-NP,164,1,2,1878,0,1881,G
5-NP,165,0,0,1884,0,1884,G
5-NP,166,0,1874,1,4,1879,T
5-NP,167,0,1883,0,3,1886,T
5-NP,168,2,2,1878,0,1882,G
5-NP,169,2084,0,7,0,2091,A
5-NP,170,0,2095,0,0,2095,T
5-NP,171,3,0,0,2089,2092,C
5-NP,172,2,2,0,2093,2097,C
5-NP,173,2092,0,5,0,2097,A
5-NP,174,1,3,2102,0,2106,G
5-NP,175,2106,0,1,0,2107,A
5-NP,176,2110,0,3,0,2113,A
5-NP,177,1,0,0,2131,2132,C
5-NP,178,1984,0,3,0,1987,A
5-NP,179,1,0,2010,0,2011,G
5-NP,180,0,0,0,2016,2016,C
5-NP,181,1,2011,0,5,2017,T
5-NP,182,0,2027,0,1,2028,T
5-NP,183,1,0,2037,0,2038,G
5-NP,184,2034,0,5,0,2039,A
5-NP,185,1,0,0,2056,2057,C
5-NP,186,2038,0,2,0,2040,A
5-NP,187,2043,0,5,0,2048,A
5-NP,188,0,2058,0,0,2058,T
5-NP,189,2051,0,1,0,2052,A
5-NP,190,0,4,2056,0,2060,G
5-NP,191,2039,0,7,0,2046,A
5-NP,192,0,1,2056,0,2057,G
5-NP,193,2039,0,2,0,2041,A
5-NP,194,2065,0,0,0,2065,A
5-NP,195,2065,0,3,0,2068,A
5-NP,196,2060,0,1,0,2061,A
5-NP,197,0,2069,0,2,2071,T
5-NP,198,1,0,2073,0,2074,G
5-NP,199,2,0,2071,0,2073,G
5-NP,200,0,2037,0,3,2040,T
5-NP,201,2013,0,2,0,2015,A
5-NP,202,1,1,0,2036,2038,C
5-NP,203,0,2029,0,7,2036,T
5-NP,204,2,0,0,2054,2056,C
5-NP,205,0,2016,0,4,2020,T
5-NP,206,1,0,0,2032,2033,C
5-NP,207,4,2,2024,0,2030,G
5-NP,208,1,0,2046,0,2047,G
5-NP,209,1,3,0,2040,2044,C
5-NP,210,0,2042,0,5,2047,T
5-NP,211,1,2042,0,3,2046,T
5-NP,212,0,2043,0,3,2046,T
5-NP,213,0,2053,0,2,2055,T
5-NP,214,0,1,2063,0,2064,G
5-NP,215,2035,0,1,0,2036,A
5-NP,216,0,2055,0,2,2057,T
5-NP,217,1,1,2052,0,2054,G
5-NP,218,2034,0,3,0,2037,A
5-NP,219,2042,0,2,0,2044,A
5-NP,220,2041,1,7,0,2049,A
5-NP,221,0,0,2056,0,2056,G
5-NP,222,2059,0,4,0,2063,A
5-NP,223,2049,0,0,0,2049,A
5-NP,224,0,2,2074,0,2076,G
5-NP,225,1,2,2131,0,2134,G
5-NP,226,2146,0,0,0,2146,A
5-NP,227,2157,0,4,0,2161,A
5-NP,228,0,2166,0,0,2166,T
5-NP,229,2169,1,0,0,2170,A
5-NP,230,2166,0,1,0,2167,A
5-NP,231,2178,2,4,0,2184,A
5-NP,232,0,2170,0,2,2172,T
5-NP,233,2147,0,1,0,2148,A
5-NP,234,0,0,0,2175,2175,C
5-NP,235,0,1,0,2145,2146,C
5-NP,236,0,2132,0,2,2134,T
5-NP,237,0,0,2162,0,2162,G
5-NP,238,0,0,2193,0,2193,G
5-NP,239,2190,0,1,0,2191,A
5-NP,240,2178,0,9,0,2187,A
5-NP,241,0,3,2222,0,2225,G
5-NP,242,2200,0,5,0,2205,A
5-NP,243,2195,0,4,0,2199,A
5-NP,244,0,0,0,2210,2210,C
5-NP,245,2179,0,5,0,2184,A
5-NP,246,1,1,0,2256,2258,C
5-NP,247,3,0,0,2238,2241,C
5-NP,248,4,1,0,2230,2235,C
5-NP,249,2,0,0,2242,2244,C
5-NP,250,2207,0,5,0,2212,A
5-NP,251,0,1,2211,0,2212,G
5-NP,252,1,0,0,2215,2216,C
5-NP,253,1,0,2215,0,2216,G
5-NP,254,0,1,0,2214,2215,C
5-NP,255,3,1,2184,0,2188,G
5-NP,256,0,4,2199,0,2203,G
5-NP,257,0,2,2205,0,2207,G
5-NP,258,0,2,2217,0,2219,G
5-NP,259,2219,0,0,0,2219,A
5-NP,260,2216,0,3,0,2219,A
5-NP,261,2213,0,8,0,2221,A
5-NP,262,1,4,2211,0,2216,G
5-NP,263,2200,0,3,0,2203,A
5-NP,264,0,2169,0,0,2169,T
5-NP,265,3,2,0,2170,2175,C
5-NP,266,5,1,0,2170,2176,C
5-NP,267,6,2,0,2207,2215,C
5-NP,268,2216,1,2,0,2219,A
5-NP,269,2219,0,2,1,2222,A
5-NP,270,0,2,2224,0,2226,G
5-NP,271,2220,0,3,0,2223,A
5-NP,272,2228,1,3,0,2232,A
5-NP,273,2226,0,4,0,2230,A
5-NP,274,2223,0,5,0,2228,A
5-NP,275,0,0,0,2236,2236,C
5-NP,276,0,2208,0,2,2210,T
5-NP,277,0,3,2222,0,2225,G
5-NP,278,0,1,2220,0,2221,G
5-NP,279,0,3,2225,0,2228,G
5-NP,280,3,1,2217,0,2221,G
5-NP,281,0,2,2241,0,2243,G
5-NP,282,1,1,2265,0,2267,G
5-NP,283,0,0,0,2386,2386,C
5-NP,284,2,0,0,2395,2397,C
5-NP,285,6,0,0,2419,2425,C
5-NP,286,2703,1,6,0,2710,A
5-NP,287,0,2722,0,0,2722,T
5-NP,288,2867,0,3,0,2870,A
5-NP,289,0,2869,0,4,2873,T
5-NP,290,2829,1,5,0,2835,A
5-NP,291,0,0,0,2850,2850,C
5-NP,292,2624,0,6,0,2630,A
5-NP,293,1,1,2655,0,2657,G
5-NP,294,1,2,2646,0,2649,G
5-NP,295,2374,0,2,0,2376,A
5-NP,296,0,1,2405,0,2406,G
5-NP,297,2262,0,4,1,2267,A
5-NP,298,0,0,2311,0,2311,G
5-NP,299,0,2287,0,2,2289,T
5-NP,300,2288,0,0,0,2288,A
5-NP,301,1,0,2303,0,2304,G
5-NP,302,2273,0,3,0,2276,A
5-NP,303,0,2266,0,2,2268,T
5-NP,304,0,1,2272,1,2274,G
5-NP,305,0,1,2297,0,2298,G
5-NP,306,2291,0,6,0,2297,A
5-NP,307,2290,0,2,0,2292,A
5-NP,308,2277,0,3,0,2280,A
5-NP,309,2274,0,6,0,2280,A
5-NP,310,0,2283,0,1,2284,T
5-NP,311,0,3,2291,0,2294,G
5-NP,312,1,1,2296,0,2298,G
5-NP,313,2280,0,2,0,2282,A
5-NP,314,1,2272,0,1,2274,T
5-NP,315,0,3,2282,0,2285,G
5-NP,316,2278,0,9,0,2287,A
5-NP,317,4,1,2293,0,2298,G
5-NP,318,0,1,2280,0,2281,G
5-NP,319,3,4,2301,0,2308,G
5-NP,320,2313,0,3,0,2316,A
5-NP,321,2310,0,4,0,2314,A
5-NP,322,0,0,0,2333,2333,C
5-NP,323,0,2300,0,5,2305,T
5-NP,324,4,1,0,2339,2344,C
5-NP,325,4,0,2361,0,2365,G
5-NP,326,0,2361,1,5,2367,T
5-NP,327,0,1,0,2368,2369,C
5-NP,328,3,2,0,2473,2478,C
5-NP,329,0,2465,0,5,2470,T
5-NP,330,1,2479,0,3,2483,T
5-NP,331,0,2481,0,3,2484,T
5-NP,332,2494,0,2,0,2496,A
5-NP,333,0,2485,0,1,2486,T
5-NP,334,0,4,2480,1,2485,G
5-NP,335,2484,0,9,0,2493,A
5-NP,336,0,1,0,2493,2494,C
5-NP,337,2460,0,4,1,2465,A
5-NP,338,2478,0,0,0,2478,A
5-NP,339,2472,0,5,0,2477,A
5-NP,340,0,3,2562,0,2565,G
5-NP,341,2548,0,7,0,2555,A
5-NP,342,2555,0,4,0,2559,A
5-NP,343,1,3,2618,0,2622,G
5-NP,344,2623,0,6,0,2629,A
5-NP,345,2636,0,2,0,2638,A
5-NP,346,2630,1,3,1,2635,A
5-NP,347,0,2619,0,1,2620,T
5-NP,348,2622,0,2,0,2624,A
5-NP,349,2597,0,5,0,2602,A
5-NP,350,1,0,2617,0,2618,G
5-NP,351,0,0,2611,0,2611,G
5-NP,352,0,0,0,2585,2585,C
5-NP,353,1,2,2589,0,2592,G
5-NP,354,2600,0,1,0,2601,A
5-NP,355,2626,0,2,0,2628,A
5-NP,356,0,2617,0,3,2620,T
5-NP,357,0,0,0,2629,2629,C
5-NP,358,0,2625,0,3,2628,T
5-NP,359,1,1,2623,1,2626,G
5-NP,360,1,0,2616,1,2618,G
5-NP,361,2,0,0,2626,2628,C
5-NP,362,1,1,2614,0,2616,G
5-NP,363,0,1,0,2606,2607,C
5-NP,364,5,0,0,2616,2621,C
5-NP,365,2632,0,0,0,2632,A
5-NP,366,2665,0,1,0,2666,A
5-NP,367,0,0,2740,0,2740,G
5-NP,368,0,0,0,2720,2720,C
5-NP,369,0,1,0,2747,2748,C
5-NP,370,2762,0,5,0,2767,A
5-NP,371,2807,0,2,0,2809,A
5-NP,372,0,2,0,2835,2837,C
5-NP,373,2835,0,5,0,2840,A
5-NP,374,2874,1,5,0,2880,A
5-NP,375,0,2871,0,3,2874,T
5-NP,376,0,0,2915,0,2915,G
5-NP,377,0,0,2907,0,2907,G
5-NP,378,0,2878,0,3,2881,T
5-NP,379,0,2,2902,0,2904,G
5-NP,380,2877,0,5,0,2882,A
5-NP,381,1,3,2927,0,2931,G
5-NP,382,0,0,2940,0,2940,G
5-NP,383,2969,0,2,0,2971,A
5-NP,384,0,3222,0,1,3223,T
5-NP,385,2,0,3244,0,3246,G
5-NP,386,2,1,0,3236,3239,C
5-NP,387,1,3248,0,7,3256,T
5-NP,388,3265,1,6,0,3272,A
5-NP,389,1,1,0,3321,3323,C
5-NP,390,3305,0,1,1,3307,A
5-NP,391,0,3274,0,3,3277,T
5-NP,392,1,0,0,3271,3272,C
5-NP,393,1,3101,0,3,3105,T
5-NP,394,0,7,3180,0,3187,G
5-NP,395,0,1,3230,0,3231,G
5-NP,396,1,3223,0,7,3231,T
5-NP,397,6,0,0,3240,3246,C
5-NP,398,1,3219,0,9,3229,T
5-NP,399,3270,0,0,0,3270,A
5-NP,400,3270,0,3,0,3273,A
5-NP,401,0,2,0,3289,3291,C
5-NP,402,1,3275,0,5,3281,T
5-NP,403,4,2,0,3295,3301,C
5-NP,404,3270,0,3,0,3273,A
5-NP,405,1,0,0,3378,3379,C
5-NP,406,3381,0,3,0,3384,A
5-NP,407,0,3388,0,2,3390,T
5-NP,408,3372,0,0,0,3372,A
5-NP,409,3377,0,7,0,3384,A
5-NP,410,0,3399,0,4,3403,T
5-NP,411,1,4,3440,0,3445,G
5-NP,412,3434,0,4,0,3438,A
5-NP,413,0,3403,0,1,3404,T
5-NP,414,0,3349,0,0,3349,T
5-NP,415,0,3341,0,5,3346,T
5-NP,416,1,5,3342,0,3348,G
5-NP,417,0,0,3346,1,3347,G
5-NP,418,0,1,0,3346,3347,C
5-NP,419,3348,0,2,0,3350,A
5-NP,420,0,3337,0,5,3342,T
5-NP,421,0,3321,0,10,3331,T
5-NP,422,2,0,0,3329,3331,C
5-NP,423,1,1,0,3340,3342,C
5-NP,424,3393,0,1,0,3394,A
5-NP,425,3394,0,2,0,3396,A
5-NP,426,0,3391,0,2,3393,T
5-NP,427,0,3383,1,3,3387,T
5-NP,428,0,3399,0,3,3402,T
5-NP,429,0,4,3402,0,3406,G
5-NP,430,3396,0,3,0,3399,A
5-NP,431,3397,0,1,0,3398,A
5-NP,432,0,3423,0,0,3423,T
5-NP,433,1,1,3389,0,3391,G
5-NP,434,3534,0,5,0,3539,A
5-NP,435,0,3542,0,5,3547,T
5-NP,436,2,0,3569,0,3571,G
5-NP,437,0,0,0,3627,3627,C
5-NP,438,3600,0,8,0,3608,A
5-NP,439,3748,0,12,0,3760,A
5-NP,440,1,2,1,3757,3761,C
5-NP,441,3804,0,4,1,3809,A
5-NP,442,0,3870,0,2,3872,T
5-NP,443,3752,0,4,0,3756,A
5-NP,444,2,0,0,3811,3813,C
5-NP,445,5,4,0,3799,3808,C
5-NP,446,3751,0,2,0,3753,A
5-NP,447,1,2,3763,0,3766,G
5-NP,448,3691,0,2,0,3693,A
5-NP,449,0,4,3683,0,3687,G
5-NP,450,3562,0,6,0,3568,A
5-NP,451,3681,0,6,0,3687,A
5-NP,452,0,2,0,3716,3718,C
5-NP,453,3710,0,2,0,3712,A
5-NP,454,3707,0,7,2,3716,A
5-NP,455,1,5,3705,0,3711,G
5-NP,456,3665,0,4,0,3669,A
5-NP,457,1,0,3697,0,3698,G
5-NP,458,1,1,0,3671,3673,C
5-NP,459,0,3648,0,14,3662,T
5-NP,460,2,0,0,3686,3688,C
5-NP,461,1,3674,0,9,3684,T
5-NP,462,0,3696,0,2,3698,T
5-NP,463,1,0,3715,1,3717,G
5-NP,464,0,3688,0,3,3691,T
5-NP,465,0,3684,0,7,3691,T
5-NP,466,5,3,1,3684,3693,C
5-NP,467,0,7,3672,0,3679,G
5-NP,468,3725,0,8,0,3733,A
5-NP,469,3730,0,6,0,3736,A
5-NP,470,1,2,0,3767,3770,C
5-NP,471,0,3767,0,4,3771,T
5-NP,472,1,2,3825,0,3828,G
5-NP,473,2,6,3820,0,3828,G
5-NP,474,3827,0,5,0,3832,A
5-NP,475,3833,0,11,0,3844,A
5-NP,476,1,3816,1,3,3821,T
5-NP,477,2,5,3795,0,3802,G
5-NP,478,0,3,3816,0,3819,G
5-NP,479,3843,0,3,0,3846,A
5-NP,480,0,3876,0,4,3880,T
5-NP,481,4,0,0,3867,3871,C
5-NP,482,2,0,1,3884,3887,C
5-NP,483,5,2,0,3915,3922,C
5-NP,484,3947,1,5,1,3954,A
5-NP,485,2,3,3994,0,3999,G
5-NP,486,3983,0,3,0,3986,A
5-NP,487,3969,1,1,0,3971,A
5-NP,488,0,3925,0,4,3929,T
5-NP,489,3,0,3981,0,3984,G
5-NP,490,1,3935,0,1,3937,T
5-NP,491,1,1,3969,0,3971,G
5-NP,492,0,0,0,3979,3979,C
5-NP,493,0,3949,0,7,3956,T
5-NP,494,6,0,0,4244,4250,C
5-NP,495,0,4219,0,5,4224,T
5-NP,496,4,0,0,4407,4411,C
5-NP,497,0,4399,1,6,4406,T
5-NP,498,0,2,4425,0,4427,G
5-NP,499,4434,0,11,0,4445,A
5-NP,500,2,4426,0,6,4434,T
5-NP,501,0,2,4421,1,4424,G
5-NP,502,0,1,1,4414,4416,C
5-NP,503,4277,2,7,0,4286,A
5-NP,504,1,3,4422,0,4426,G
5-NP,505,0,4,4322,0,4326,G
5-NP,506,0,0,4365,0,4365,G
5-NP,507,0,0,0,4350,4350,C
5-NP,508,1,4305,0,8,4314,T
5-NP,509,4,4,0,4336,4344,C
5-NP,510,2,8,4340,1,4351,G
5-NP,511,4384,1,12,0,4397,A
5-NP,512,1,0,0,4412,4413,C
5-NP,513,0,4340,0,5,4345,T
5-NP,514,2,1,0,4597,4600,C
5-NP,515,0,4535,1,15,4551,T
5-NP,516,5,1,1,5200,5207,C
5-NP,517,4,1,0,5202,5207,C
5-NP,518,3,0,1,5234,5238,C
5-NP,519,0,5240,0,11,5251,T
5-NP,520,5186,0,4,0,5190,A
5-NP,521,1,2,5199,0,5202,G
5-NP,522,5173,0,1,0,5174,A
5-NP,523,5027,0,6,0,5033,A
5-NP,524,0,6,5021,0,5027,G
5-NP,525,0,0,4912,0,4912,G
5-NP,526,1,4813,0,3,4817,T
5-NP,527,10,0,1,4866,4877,C
5-NP,528,3,6,0,4855,4864,C
5-NP,529,4,3,4861,1,4869,G
5-NP,530,1,2,4900,0,4903,G
5-NP,531,4884,0,6,0,4890,A
5-NP,532,2,0,4940,0,4942,G
5-NP,533,0,2,0,4948,4950,C
5-NP,534,1,4894,0,10,4905,T
5-NP,535,1,0,4914,1,4916,G
5-NP,536,3,1,0,4920,4924,C
5-NP,537,4920,2,10,0,4932,A
5-NP,538,2,2,4957,0,4961,G
5-NP,539,1,2,4958,0,4961,G
5-NP,540,1,4899,0,8,4908,T
5-NP,541,0,0,4939,0,4939,G
5-NP,542,2,3,0,4930,4935,C
5-NP,543,0,4947,0,3,4950,T
5-NP,544,4,0,4968,0,4972,G
5-NP,545,0,2,0,4976,4978,C
5-NP,546,5014,2,2,0,5018,A
5-NP,547,1,2,5133,0,5136,G
5-NP,548,0,5070,1,7,5078,T
5-NP,549,5,2,0,5084,5091,C
5-NP,550,5095,0,2,0,5097,A
5-NP,551,5085,0,5,0,5090,A
5-NP,552,5099,1,11,0,5111,A
5-NP,553,2,1,5127,0,5130,G
5-NP,554,0,4,5128,1,5133,G
5-NP,555,5087,0,9,0,5096,A
5-NP,556,5071,0,3,0,5074,A
5-NP,557,1,5063,0,4,5068,T
5-NP,558,5,3,1,5070,5079,C
5-NP,559,4,9,5068,0,5081,G
5-NP,560,1,2,5179,0,5182,G
5-NP,561,0,4,5203,0,5207,G
5-NP,562,5145,0,12,0,5157,A
5-NP,563,2,2,0,5219,5223,C
5-NP,564,5172,0,2,0,5174,A
5-NP,565,5292,1,6,0,5299,A
5-NP,566,1,5341,0,3,5345,T
5-NP,567,2,1,5369,0,5372,G
5-NP,568,0,0,5435,0,5435,G
5-NP,569,0,5262,0,8,5270,T
5-NP,570,3,4,5349,0,5356,G
5-NP,571,5338,0,11,0,5349,A
5-NP,572,0,5330,0,6,5336,T
5-NP,573,2,7,5335,0,5344,G
5-NP,574,1,6,5387,0,5394,G
5-NP,575,5352,3,15,0,5370,A
5-NP,576,5394,0,3,0,5397,A
5-NP,577,2,0,0,5336,5338,C
5-NP,578,0,5287,0,4,5291,T
5-NP,579,5265,0,5,0,5270,A
5-NP,580,5493,0,2,0,5495,A
5-NP,581,1,5513,1,2,5517,T
5-NP,582,5,1,0,5524,5530,C
5-NP,583,5368,0,3,0,5371,A
5-NP,584,3,9,5472,1,5485,G
5-NP,585,5430,3,5,0,5438,A
5-NP,586,5447,0,7,1,5455,A
5-NP,587,0,5443,0,3,5446,T
5-NP,588,2,5,5394,0,5401,G
5-NP,589,1,2,5449,0,5452,G
5-NP,590,1,5434,0,11,5446,T
5-NP,591,12,2,1,5457,5472,C
5-NP,592,5481,1,1,1,5484,A
5-NP,593,5482,0,7,1,5490,A
5-NP,594,5490,1,4,0,5495,A
5-NP,595,2,1,2,5490,5495,C
5-NP,596,2,8,5471,0,5481,G
5-NP,597,2,10,5470,0,5482,G
5-NP,598,0,6,5420,0,5426,G
5-NP,599,4,3,5454,0,5461,G
5-NP,600,0,5,5476,0,5481,G
5-NP,601,5479,1,5,0,5485,A
5-NP,602,0,5429,0,10,5439,T
5-NP,603,4,1,0,5456,5461,C
5-NP,604,5465,0,4,0,5469,A
5-NP,605,5442,1,7,0,5450,A
5-NP,606,0,2,0,5430,5432,C
5-NP,607,0,4,5390,0,5394,G
5-NP,608,5353,0,3,0,5356,A
5-NP,609,0,5345,0,2,5347,T
5-NP,610,7,3,0,5358,5368,C
5-NP,611,2,4,5380,0,5386,G
5-NP,612,5340,0,2,0,5342,A
5-NP,613,5363,0,1,0,5364,A
5-NP,614,5368,0,0,0,5368,A
5-NP,615,0,5412,0,3,5415,T
5-NP,616,0,5429,0,3,5432,T
5-NP,617,0,5432,0,3,5435,T
5-NP,618,0,5445,0,4,5449,T
5-NP,619,0,5470,0,3,5473,T
5-NP,620,1,3,5457,0,5461,G
5-NP,621,1,6,5455,0,5462,G
5-NP,622,5411,0,6,0,5417,A
5-NP,623,2,4,5466,0,5472,G
5-NP,624,5371,0,8,0,5379,A
5-NP,625,0,4,5622,0,5626,G
5-NP,626,1,0,5634,0,5635,G
5-NP,627,1,5554,0,6,5561,T
5-NP,628,0,7,5660,0,5667,G
5-NP,629,5617,0,12,1,5630,A
5-NP,630,0,5,5699,0,5704,G
5-NP,631,5668,0,11,0,5679,A
5-NP,632,5662,0,7,0,5669,A
5-NP,633,0,5668,0,3,5671,T
5-NP,634,1,10,5456,1,5468,G
5-NP,635,1,6,5415,0,5422,G
5-NP,636,5364,0,9,0,5373,A
5-NP,637,1,3,0,5386,5390,C
5-NP,638,1,3,5413,0,5417,G
5-NP,639,1,1,5479,0,5481,G
5-NP,640,5449,0,2,0,5451,A
5-NP,641,5481,0,6,0,5487,A
5-NP,642,5540,1,4,0,5545,A
5-NP,643,5541,1,11,2,5555,A
5-NP,644,0,1,0,5591,5592,C
5-NP,645,5560,0,6,1,5567,A
5-NP,646,5538,0,6,0,5544,A
5-NP,647,3,3,5554,0,5560,G
5-NP,648,5370,0,7,0,5377,A
5-NP,649,5385,0,6,1,5392,A
5-NP,650,1,0,5522,0,5523,G
5-NP,651,0,5481,1,3,5485,T
5-NP,652,1,0,5729,0,5730,G
5-NP,653,2,2,0,5707,5711,C
5-NP,654,0,5723,1,9,5733,T
5-NP,655,0,5766,1,2,5769,T
5-NP,656,5825,0,3,0,5828,A
5-NP,657,1,5834,0,7,5842,T
5-NP,658,1,5,5850,0,5856,G
5-NP,659,5736,0,9,0,5745,A
5-NP,660,0,6,5779,0,5785,G
5-NP,661,5469,0,3,0,5472,A
5-NP,662,1,7,5498,0,5506,G
5-NP,663,5458,3,10,0,5471,A
5-NP,664,5519,1,5,1,5526,A
5-NP,665,0,5444,0,5,5449,T
5-NP,666,0,0,5540,0,5540,G
5-NP,667,3,5466,0,8,5477,T
5-NP,668,4,1,5521,0,5526,G
5-NP,669,2,2,0,5502,5506,C
5-NP,670,5495,0,4,0,5499,A
5-NP,671,5506,0,6,0,5512,A
5-NP,672,0,2,0,5486,5488,C
5-NP,673,5437,0,2,0,5439,A
5-NP,674,0,5431,0,4,5435,T
5-NP,675,1,5379,0,12,5392,T
5-NP,676,5,1,0,5393,5399,C
5-NP,677,0,5377,0,4,5381,T
5-NP,678,0,5390,0,5,5395,T
5-NP,679,5390,1,0,0,5391,A
5-NP,680,5340,0,1,1,5342,A
5-NP,681,5347,0,2,0,5349,A
5-NP,682,0,5,5341,0,5346,G
5-NP,683,1,5,5313,0,5319,G
5-NP,684,5309,0,8,0,5317,A
5-NP,685,5311,0,4,0,5315,A
5-NP,686,5323,0,2,0,5325,A
5-NP,687,5366,1,4,0,5371,A
5-NP,688,0,5358,0,8,5366,T
5-NP,689,0,5361,0,2,5363,T
5-NP,690,1,5359,0,4,5364,T
5-NP,691,8,3,0,5372,5383,C
5-NP,692,5397,0,3,0,5400,A
5-NP,693,5363,0,2,0,5365,A
5-NP,694,5378,0,6,2,5386,A
5-NP,695,0,1,0,5443,5444,C
5-NP,696,5377,0,3,0,5380,A
5-NP,697,3,0,5468,0,5471,G
5-NP,698,1,0,0,5456,5457,C
5-NP,699,0,5453,0,5,5458,T
5-NP,700,3,0,5553,0,5556,G
5-NP,701,0,4,0,5533,5537,C
5-NP,702,5570,1,9,0,5580,A
5-NP,703,1,3,0,5573,5577,C
5-NP,704,5550,0,4,0,5554,A
5-NP,705,5559,0,2,1,5562,A
5-NP,706,5418,0,8,0,5426,A
5-NP,707,1,10,5588,0,5599,G
5-NP,708,5549,0,13,0,5562,A
5-NP,709,0,0,5595,0,5595,G
5-NP,710,4,2,0,5561,5567,C
5-NP,711,5561,0,4,0,5565,A
5-NP,712,5738,0,9,0,5747,A
5-NP,713,1,5758,0,3,5762,T
5-NP,714,1,12,5760,0,5773,G
5-NP,715,1,1,5788,0,5790,G
5-NP,716,0,5623,2,9,5634,T
5-NP,717,5,6,5656,0,5667,G
5-NP,718,4,2,5674,0,5680,G
5-NP,719,5679,1,7,0,5687,A
5-NP,720,2,5638,2,5,5647,T
5-NP,721,9,0,0,5496,5505,C
5-NP,722,5541,0,4,0,5545,A
5-NP,723,5596,0,4,0,5600,A
5-NP,724,1,1,5627,0,5629,G
5-NP,725,0,5566,0,1,5567,T
5-NP,726,0,7,5585,0,5592,G
5-NP,727,5538,0,17,0,5555,A
5-NP,728,2,10,5542,0,5554,G
5-NP,729,5546,1,13,0,5560,A
5-NP,730,1,3,5539,0,5543,G
5-NP,731,5501,0,11,0,5512,A
5-NP,732,5384,0,2,0,5386,A
5-NP,733,5401,0,10,1,5412,A
5-NP,734,0,0,5421,1,5422,G
5-NP,735,1,5356,0,6,5363,T
5-NP,736,6,1,0,5393,5400,C
5-NP,737,1,4,5389,0,5394,G
5-NP,738,3,1,5395,0,5399,G
5-NP,739,5424,0,5,0,5429,A
5-NP,740,5423,0,7,0,5430,A
5-NP,741,0,0,0,5456,5456,C
5-NP,742,4,1,0,5431,5436,C
5-NP,743,7,5,0,5449,5461,C
5-NP,744,5454,1,5,0,5460,A
5-NP,745,0,1,5498,0,5499,G
5-NP,746,0,4,5456,0,5460,G
5-NP,747,5470,0,5,0,5475,A
5-NP,748,5473,0,5,0,5478,A
5-NP,749,5442,0,5,1,5448,A
5-NP,750,0,3,0,5446,5449,C
5-NP,751,3,1,5438,0,5442,G
5-NP,752,0,3,1,5427,5431,C
5-NP,753,3,5398,1,9,5411,T
5-NP,754,1,4,5415,1,5421,G
5-NP,755,5398,1,4,0,5403,A
5-NP,756,3,2,5479,0,5484,G
5-NP,757,5561,0,5,0,5566,A
5-NP,758,0,5531,0,3,5534,T
5-NP,759,8,0,0,5468,5476,C
5-NP,760,0,3,5499,0,5502,G
5-NP,761,5483,0,4,0,5487,A
5-NP,762,5463,0,7,0,5470,A
5-NP,763,3,3,5453,0,5459,G
5-NP,764,5385,2,3,0,5390,A
5-NP,765,0,3,0,5300,5303,C
5-NP,766,2,3,0,5454,5459,C
5-NP,767,1,5471,0,7,5479,T
5-NP,768,4,1,0,5493,5498,C
5-NP,769,5503,0,2,0,5505,A
5-NP,770,0,5516,0,1,5517,T
5-NP,771,5535,2,1,0,5538,A
5-NP,772,0,5532,0,5,5537,T
5-NP,773,0,5511,1,3,5515,T
5-NP,774,0,5423,0,5,5428,T
5-NP,775,0,5381,0,5,5386,T
5-NP,776,0,5375,0,4,5379,T
5-NP,777,5408,0,3,0,5411,A
5-NP,778,2,3,5379,0,5384,G
5-NP,779,0,1,0,5392,5393,C
5-NP,780,5377,0,2,0,5379,A
5-NP,781,5339,0,8,0,5347,A
5-NP,782,2,3,5513,0,5518,G
5-NP,783,5515,0,3,1,5519,A
5-NP,784,0,5493,0,1,5494,T
5-NP,785,0,1,1,5562,5564,C
5-NP,786,3,5523,1,8,5535,T
5-NP,787,3,1,5671,0,5675,G
5-NP,788,3,0,1,5680,5684,C
5-NP,789,5674,0,9,0,5683,A
5-NP,790,0,5735,0,2,5737,T
5-NP,791,0,5560,0,3,5563,T
5-NP,792,1,3,5862,0,5866,G
5-NP,793,5975,0,7,0,5982,A
5-NP,794,0,5983,0,2,5985,T
5-NP,795,5999,0,4,0,6003,A
5-NP,796,0,5867,0,1,5868,T
5-NP,797,0,5831,1,2,5834,T
5-NP,798,4,1,5878,0,5883,G
5-NP,799,5803,0,12,0,5815,A
5-NP,800,0,1,5874,0,5875,G
5-NP,801,5582,0,8,0,5590,A
5-NP,802,0,8,5477,0,5485,G
5-NP,803,2,6,5561,0,5569,G
5-NP,804,5518,0,6,0,5524,A
5-NP,805,0,5478,0,10,5488,T
5-NP,806,6,0,0,5526,5532,C
5-NP,807,5521,0,4,1,5526,A
5-NP,808,1,1,5552,0,5554,G
5-NP,809,1,5509,0,3,5513,T
5-NP,810,0,5469,0,1,5470,T
5-NP,811,2,0,5468,0,5470,G
5-NP,812,2,1,0,5404,5407,C
5-NP,813,0,5388,0,13,5401,T
5-NP,814,13,2,0,5408,5423,C
5-NP,815,5426,0,8,0,5434,A
5-NP,816,3,0,0,5461,5464,C
5-NP,817,5470,1,1,0,5472,A
5-NP,818,5477,0,4,0,5481,A
5-NP,819,5459,0,1,0,5460,A
5-NP,820,0,5416,0,3,5419,T
5-NP,821,1,2,0,5461,5464,C
5-NP,822,0,5471,0,4,5475,T
5-NP,823,0,5443,0,2,5445,T
5-NP,824,0,1,5451,0,5452,G
5-NP,825,0,2,0,5431,5433,C
5-NP,826,3,3,0,5485,5491,C
5-NP,827,2,5483,0,4,5489,T
5-NP,828,5453,0,5,0,5458,A
5-NP,829,2,1,0,5527,5530,C
5-NP,830,5,3,0,5528,5536,C
5-NP,831,2,5497,0,5,5504,T
5-NP,832,3,1,5579,0,5583,G
5-NP,833,1,1,0,5524,5526,C
5-NP,834,4,1,0,5560,5565,C
5-NP,835,0,5485,0,13,5498,T
5-NP,836,2,0,5570,0,5572,G
5-NP,837,0,5510,0,4,5514,T
5-NP,838,5,0,5606,0,5611,G
5-NP,839,1,3,0,5618,5622,C
5-NP,840,4,0,5704,0,5708,G
5-NP,841,1,5607,1,3,5612,T
5-NP,842,5602,0,2,0,5604,A
5-NP,843,0,5579,0,6,5585,T
5-NP,844,1,5,5601,0,5607,G
5-NP,845,1,11,5769,0,5781,G
5-NP,846,5720,4,6,0,5730,A
5-NP,847,0,1,0,5647,5648,C
5-NP,848,6,0,0,5649,5655,C
5-NP,849,6,5568,0,7,5581,T
5-NP,850,5,1,5837,0,5843,G
5-NP,851,2,1,0,5845,5848,C
5-NP,852,5857,2,6,0,5865,A
5-NP,853,5,1,5955,0,5961,G
5-NP,854,1,5639,0,5,5645,T
5-NP,855,5837,0,1,0,5838,A
5-NP,856,0,5800,0,13,5813,T
5-NP,857,4,1,0,5761,5766,C
5-NP,858,4,1,0,5787,5792,C
5-NP,859,5529,1,0,0,5530,A
5-NP,860,2,1,5533,1,5537,G
5-NP,861,1,5487,0,3,5491,T
5-NP,862,4,6,5557,0,5567,G
5-NP,863,2,6,5521,0,5529,G
5-NP,864,1,1,5424,0,5426,G
5-NP,865,0,5400,0,6,5406,T
5-NP,866,5402,1,3,0,5406,A
5-NP,867,1,3,0,5378,5382,C
5-NP,868,5,7,5367,0,5379,G
5-NP,869,5329,1,5,0,5335,A
5-NP,870,0,1,0,5347,5348,C
5-NP,871,0,5175,1,5,5181,T
5-NP,872,0,5180,0,1,5181,T
5-NP,873,1,3,0,5189,5193,C
5-NP,874,0,4,5190,0,5194,G
5-NP,875,5158,0,3,0,5161,A
5-NP,876,5195,0,1,0,5196,A
5-NP,877,5217,0,1,0,5218,A
5-NP,878,5205,0,0,0,5205,A
5-NP,879,5164,2,13,0,5179,A
5-NP,880,0,6,5183,0,5189,G
5-NP,881,5176,1,9,0,5186,A
5-NP,882,0,2,5208,0,5210,G
5-NP,883,2,3,5233,0,5238,G
5-NP,884,3,5,5232,0,5240,G
5-NP,885,5246,0,10,0,5256,A
5-NP,886,0,5241,0,4,5245,T
5-NP,887,5290,0,3,0,5293,A
5-NP,888,0,5279,0,6,5285,T
5-NP,889,0,5275,0,5,5280,T
5-NP,890,6,1,0,5336,5343,C
5-NP,891,1,0,1,5302,5304,C
5-NP,892,0,5235,2,6,5243,T
5-NP,893,0,5255,0,1,5256,T
5-NP,894,5,5,5295,0,5305,G
5-NP,895,0,0,5323,1,5324,G
5-NP,896,2,5252,0,4,5258,T
5-NP,897,2,10,5249,0,5261,G
5-NP,898,2,0,5223,0,5225,G
5-NP,899,2,5,5470,0,5477,G
5-NP,900,5449,1,5,0,5455,A
5-NP,901,5472,0,4,0,5476,A
5-NP,902,0,5475,0,2,5477,T
5-NP,903,5354,0,4,3,5361,A
5-NP,904,3,7,5334,0,5344,G
5-NP,905,5258,0,7,1,5266,A
5-NP,906,1,0,0,5273,5274,C
5-NP,907,5,2,1,5204,5212,C
5-NP,908,8,1,0,5039,5048,C
5-NP,909,0,5111,1,11,5123,T
5-NP,910,0,5130,1,1,5132,T
5-NP,911,0,5108,0,7,5115,T
5-NP,912,3,1,0,5136,5140,C
5-NP,913,5119,0,1,0,5120,A
5-NP,914,5121,0,4,0,5125,A
5-NP,915,5091,0,3,0,5094,A
5-NP,916,1,0,0,5096,5097,C
5-NP,917,0,4960,0,2,4962,T
5-NP,918,4907,1,8,0,4916,A
5-NP,919,0,1,0,4971,4972,C
5-NP,920,1,4941,0,4,4946,T
5-NP,921,0,4932,0,2,4934,T
5-NP,922,3,1,0,4962,4966,C
5-NP,923,4963,0,2,0,4965,A
5-NP,924,4974,1,2,1,4978,A
5-NP,925,4952,0,3,0,4955,A
5-NP,926,4940,0,6,0,4946,A
5-NP,927,1,4894,0,2,4897,T
5-NP,928,4830,0,3,0,4833,A
5-NP,929,1,1,4871,0,4873,G
5-NP,930,1,3,0,4877,4881,C
5-NP,931,11,2,0,4927,4940,C
5-NP,932,4942,0,3,0,4945,A
5-NP,933,4943,0,1,0,4944,A
5-NP,934,5088,0,6,0,5094,A
5-NP,935,2,5084,0,3,5089,T
5-NP,936,5132,0,1,0,5133,A
5-NP,937,0,5122,0,3,5125,T
5-NP,938,5018,1,5,0,5024,A
5-NP,939,0,3,0,5043,5046,C
5-NP,940,4905,0,7,2,4914,A
5-NP,941,3,1,5011,0,5015,G
5-NP,942,1,1,0,4985,4987,C
5-NP,943,0,4845,1,6,4852,T
5-NP,944,0,4899,0,0,4899,T
5-NP,945,4918,0,2,0,4920,A
5-NP,946,4921,0,3,0,4924,A
5-NP,947,0,4899,0,3,4902,T
5-NP,948,4,1,0,4900,4905,C
5-NP,949,4716,0,7,0,4723,A
5-NP,950,0,5,4747,0,4752,G
5-NP,951,4715,0,5,0,4720,A
5-NP,952,1,2,0,4761,4764,C
5-NP,953,4,3,0,4721,4728,C
5-NP,954,0,4660,0,4,4664,T
5-NP,955,4724,0,3,0,4727,A
5-NP,956,4709,1,3,0,4713,A
5-NP,957,1,3,0,4733,4737,C
5-NP,958,1,3,4741,0,4745,G
5-NP,959,4627,0,3,0,4630,A
5-NP,960,1,5,4644,0,4650,G
5-NP,961,4583,0,12,0,4595,A
5-NP,962,4644,0,3,0,4647,A
5-NP,963,0,4621,0,2,4623,T
5-NP,964,4,3,0,4562,4569,C
5-NP,965,2,3,0,4572,4577,C
5-NP,966,4433,1,11,1,4446,A
5-NP,967,0,1,4508,0,4509,G
5-NP,968,0,3,0,4479,4482,C
5-NP,969,4493,0,5,0,4498,A
5-NP,970,1,0,0,4556,4557,C
5-NP,971,4461,0,5,0,4466,A
5-NP,972,1,0,0,4486,4487,C
5-NP,973,4476,1,7,0,4484,A
5-NP,974,4486,0,10,0,4496,A
5-NP,975,1,2,4492,0,4495,G
5-NP,976,4419,0,5,0,4424,A
5-NP,977,0,0,4422,0,4422,G
5-NP,978,1,4318,0,5,4324,T
5-NP,979,7,1,0,4296,4304,C
5-NP,980,4299,0,5,0,4304,A
5-NP,981,1,1,4304,0,4306,G
5-NP,982,1,2,0,4290,4293,C
5-NP,983,1,4248,0,7,4256,T
5-NP,984,2,6,4282,0,4290,G
5-NP,985,0,1,4289,1,4291,G
5-NP,986,1,4214,0,2,4217,T
5-NP,987,0,0,4253,0,4253,G
5-NP,988,1,4189,0,4,4194,T
5-NP,989,0,6,4184,0,4190,G
5-NP,990,0,2,4157,0,4159,G
5-NP,991,4148,0,4,1,4153,A
5-NP,992,0,4154,0,1,4155,T
5-NP,993,0,8,3921,0,3929,G
5-NP,994,1,0,3880,0,3881,G
5-NP,995,0,1,0,3864,3865,C
5-NP,996,3796,0,2,0,3798,A
5-NP,997,1,3782,15,4,3802,T
5-NP,998,2,1,3767,0,3770,G
5-NP,999,1,1,0,3777,3779,C
5-NP,1000,4,0,0,3795,3799,C
5-NP,1001,3802,0,2,0,3804,A
5-NP,1002,0,3775,1,4,3780,T
5-NP,1003,0,3693,0,5,3698,T
5-NP,1004,2,2,2,3703,3709,C
5-NP,1005,0,3637,0,2,3639,T
5-NP,1006,0,0,3620,0,3620,G
5-NP,1007,1,1,0,3607,3609,C
5-NP,1008,3,3421,1,8,3433,T
5-NP,1009,2,3,3436,0,3441,G
5-NP,1010,0,1,0,3339,3340,C
5-NP,1011,3328,0,0,0,3328,A
5-NP,1012,0,3325,0,1,3326,T
5-NP,1013,0,3286,0,0,3286,T
5-NP,1014,0,3289,1,1,3291,T
5-NP,1015,0,3,3281,0,3284,G
5-NP,1016,3280,0,0,0,3280,A
5-NP,1017,3280,0,2,0,3282,A
5-NP,1018,0,2,3300,0,3302,G
5-NP,1019,3287,0,0,0,3287,A
5-NP,1020,0,3277,0,1,3278,T
5-NP,1021,0,3269,0,0,3269,T
5-NP,1022,1,3272,0,0,3273,T
5-NP,1023,3273,1,3,0,3277,A
5-NP,1024,3270,0,2,0,3272,A
5-NP,1025,0,1,3272,0,3273,G
5-NP,1026,3262,0,1,0,3263,A
5-NP,1027,0,3259,0,0,3259,T
5-NP,1028,0,3204,0,0,3204,T
5-NP,1029,0,0,3218,0,3218,G
5-NP,1030,1,3207,1,3,3212,T
5-NP,1031,0,3209,0,0,3209,T
5-NP,1032,3212,0,1,1,3214,A
5-NP,1033,3215,0,2,0,3217,A
5-NP,1034,0,0,3226,0,3226,G
5-NP,1035,1,1,0,3237,3239,C
5-NP,1036,1,3169,1,10,3181,T
5-NP,1037,2,3195,0,2,3199,T
5-NP,1038,2,0,0,3219,3221,C
5-NP,1039,3207,1,4,0,3212,A
5-NP,1040,0,3195,0,1,3196,T
5-NP,1041,1,0,0,3216,3217,C
5-NP,1042,3156,0,1,0,3157,A
5-NP,1043,1,2,3140,0,3143,G
5-NP,1044,3102,2,4,0,3108,A
5-NP,1045,0,5,3113,0,3118,G
5-NP,1046,2,5,3089,0,3096,G
5-NP,1047,1,2,3082,0,3085,G
5-NP,1048,3083,2,9,0,3094,A
5-NP,1049,0,0,0,3098,3098,C
5-NP,1050,3105,1,1,0,3107,A
5-NP,1051,3114,0,1,1,3116,A
5-NP,1052,3123,0,2,0,3125,A
5-NP,1053,3121,0,10,0,3131,A
5-NP,1054,0,0,3139,0,3139,G
5-NP,1055,2,3057,0,1,3060,T
5-NP,1056,3052,0,2,0,3054,A
5-NP,1057,0,3032,0,7,3039,T
5-NP,1058,1,1,0,3030,3032,C
5-NP,1059,1,2995,0,1,2997,T
5-NP,1060,3,0,0,3000,3003,C
5-NP,1061,2,0,0,3008,3010,C
5-NP,1062,0,2979,0,0,2979,T
5-NP,1063,5,1,0,2972,2978,C
5-NP,1064,1,5,2973,0,2979,G
5-NP,1065,0,2,2998,0,3000,G
5-NP,1066,1,4,2991,0,2996,G
5-NP,1067,0,1,2987,0,2988,G
5-NP,1068,0,3,2984,0,2987,G
5-NP,1069,2952,0,3,1,2956,A
5-NP,1070,2953,0,0,0,2953,A
5-NP,1071,2944,0,2,0,2946,A
5-NP,1072,0,0,0,2964,2964,C
5-NP,1073,0,2947,0,2,2949,T
5-NP,1074,2,0,2969,0,2971,G
5-NP,1075,0,2935,0,4,2939,T
5-NP,1076,5,0,0,2947,2952,C
5-NP,1077,2987,0,7,1,2995,A
5-NP,1078,3011,1,1,0,3013,A
5-NP,1079,1,0,0,3031,3032,C
5-NP,1080,0,3025,0,1,3026,T
5-NP,1081,2979,1,3,0,2983,A
5-NP,1082,0,0,2998,0,2998,G
5-NP,1083,2935,0,2,0,2937,A
5-NP,1084,1,4,2940,0,2945,G
5-NP,1085,1,4,2957,0,2962,G
5-NP,1086,2815,0,4,0,2819,A
5-NP,1087,0,2,2870,0,2872,G
5-NP,1088,0,2827,0,1,2828,T
5-NP,1089,2830,0,1,0,2831,A
5-NP,1090,0,1,0,2832,2833,C
5-NP,1091,2810,0,2,0,2812,A
5-NP,1092,2807,1,2,0,2810,A
5-NP,1093,2790,0,0,0,2790,A
5-NP,1094,1,2749,1,0,2751,T
5-NP,1095,1,2734,0,0,2735,T
5-NP,1096,0,1,2664,0,2665,G
5-NP,1097,0,1,0,2620,2621,C
5-NP,1098,0,2611,1,5,2617,T
5-NP,1099,1,2611,1,5,2618,T
5-NP,1100,3,0,0,2629,2632,C
5-NP,1101,2634,0,0,0,2634,A
5-NP,1102,2640,0,1,0,2641,A
5-NP,1103,2642,0,0,0,2642,A
5-NP,1104,0,2651,0,0,2651,T
5-NP,1105,0,1,2649,0,2650,G
5-NP,1106,2599,0,3,0,2602,A
5-NP,1107,0,1,2630,0,2631,G
5-NP,1108,2620,0,5,0,2625,A
5-NP,1109,2627,0,3,0,2630,A
5-NP,1110,0,1,0,2645,2646,C
5-NP,1111,2620,0,0,0,2620,A
5-NP,1112,0,2608,0,3,2611,T
5-NP,1113,1,0,2647,0,2648,G
5-NP,1114,1,2,2661,0,2664,G
5-NP,1115,2649,0,3,1,2653,A
5-NP,1116,0,2619,0,0,2619,T
5-NP,1117,2602,0,0,0,2602,A
5-NP,1118,2759,0,1,0,2760,A
5-NP,1119,0,2701,0,0,2701,T
5-NP,1120,2704,0,0,0,2704,A
5-NP,1121,0,2672,0,2,2674,T
5-NP,1122,0,4,2522,0,2526,G
5-NP,1123,0,3,2480,0,2483,G
5-NP,1124,0,3,2471,0,2474,G
5-NP,1125,2464,0,1,0,2465,A
5-NP,1126,0,2456,0,1,2457,T
5-NP,1127,4,0,0,2020,2024,C
5-NP,1128,1,3,2018,0,2022,G
5-NP,1129,2013,0,6,0,2019,A
5-NP,1130,0,0,2022,0,2022,G
5-NP,1131,1,2,1,2010,2014,C
5-NP,1132,1993,1,0,1,1995,A
5-NP,1133,0,0,0,2123,2123,C
5-NP,1134,0,2109,0,2,2111,T
5-NP,1135,5,0,0,2112,2117,C
5-NP,1136,1,2113,0,2,2116,T
5-NP,1137,1,2090,0,1,2092,T
5-NP,1138,0,6,2100,0,2106,G
5-NP,1139,2102,0,0,0,2102,A
5-NP,1140,2098,0,2,0,2100,A
5-NP,1141,0,1,0,2097,2098,C
5-NP,1142,0,1746,0,0,1746,T
5-NP,1143,0,1,1762,0,1763,G
5-NP,1144,1702,1,1,1,1705,A
5-NP,1145,0,0,1717,0,1717,G
5-NP,1146,1714,0,0,0,1714,A
5-NP,1147,1709,0,0,0,1709,A
5-NP,1148,2,0,1706,0,1708,G
5-NP,1149,0,1,0,1685,1686,C
5-NP,1150,0,0,1685,0,1685,G
5-NP,1151,0,3,1678,0,1681,G
5-NP,1152,2,0,1666,0,1668,G
5-NP,1153,2,1641,0,0,1643,T
5-NP,1154,1638,0,0,0,1638,A
5-NP,1155,0,1,0,1635,1636,C
5-NP,1156,0,1442,0,0,1442,T
5-NP,1157,0,1,1450,0,1451,G
5-NP,1158,2,0,1427,0,1429,G
5-NP,1159,2,0,1428,0,1430,G
5-NP,1160,0,0,0,1412,1412,C
5-NP,1161,1,0,0,1364,1365,C
5-NP,1162,1387,0,0,0,1387,A
5-NP,1163,0,1386,0,1,1387,T
5-NP,1164,1393,0,0,0,1393,A
5-NP,1165,1387,1,1,0,1389,A
5-NP,1166,0,2,1374,0,1376,G
5-NP,1167,0,4,1397,0,1401,G
5-NP,1168,1372,0,0,0,1372,A
5-NP,1169,1,0,0,1375,1376,C
5-NP,1170,2,0,0,1376,1378,C
5-NP,1171,1374,0,3,1,1378,A
5-NP,1172,0,2,1394,0,1396,G
5-NP,1173,0,3,1397,0,1400,G
5-NP,1174,1386,0,0,0,1386,A
5-NP,1175,0,0,1409,0,1409,G
5-NP,1176,0,1325,0,0,1325,T
5-NP,1177,1,3,1338,0,1342,G
5-NP,1178,0,1,1343,0,1344,G
5-NP,1179,1337,1,2,0,1340,A
5-NP,1180,0,0,1360,0,1360,G
5-NP,1181,1,0,1332,0,1333,G
5-NP,1182,1315,0,0,0,1315,A
5-NP,1183,1321,0,0,0,1321,A
5-NP,1184,1314,0,0,1,1315,A
5-NP,1185,1,0,0,1303,1304,C
5-NP,1186,1294,0,0,0,1294,A
5-NP,1187,0,0,1,1331,1332,C
5-NP,1188,0,1296,0,0,1296,T
5-NP,1189,1330,1,0,0,1331,A
5-NP,1190,1324,0,1,0,1325,A
5-NP,1191,0,1325,0,0,1325,T
5-NP,1192,3,1,0,1329,1333,C
5-NP,1193,1326,0,1,0,1327,A
5-NP,1194,1345,0,0,0,1345,A
5-NP,1195,0,0,0,1345,1345,C
5-NP,1196,1308,0,0,0,1308,A
5-NP,1197,0,1,1301,0,1302,G
5-NP,1198,1271,1,1,0,1273,A
5-NP,1199,2,2,1277,0,1281,G
5-NP,1200,3,0,1279,0,1282,G
5-NP,1201,0,0,1276,0,1276,G
5-NP,1202,1,1,0,1269,1271,C
5-NP,1203,1,0,0,1257,1258,C
5-NP,1204,0,1245,0,1,1246,T
5-NP,1205,1,0,0,1269,1270,C
5-NP,1206,0,0,0,1280,1280,C
5-NP,1207,1,0,1281,0,1282,G
5-NP,1208,1,0,0,1273,1274,C
5-NP,1209,1256,0,1,0,1257,A
5-NP,1210,0,0,1311,0,1311,G
5-NP,1211,1,2,1290,0,1293,G
5-NP,1212,1,0,0,1316,1317,C
5-NP,1213,0,0,0,1323,1323,C
5-NP,1214,1300,0,0,0,1300,A
5-NP,1215,1317,0,0,0,1317,A
5-NP,1216,1313,0,0,0,1313,A
5-NP,1217,2,1,0,1320,1323,C
5-NP,1218,0,1,0,1323,1324,C
5-NP,1219,1242,0,0,0,1242,A
5-NP,1220,0,0,1261,0,1261,G
5-NP,1221,0,1242,0,1,1243,T
5-NP,1222,0,0,1254,0,1254,G
5-NP,1223,0,1234,0,2,1236,T
5-NP,1224,1,0,1249,0,1250,G
5-NP,1225,1,1,0,1244,1246,C
5-NP,1226,1244,0,1,0,1245,A
5-NP,1227,1269,0,1,0,1270,A
5-NP,1228,0,0,0,1259,1259,C
5-NP,1229,0,3,0,1266,1269,C
5-NP,1230,0,1253,0,1,1254,T
5-NP,1231,1253,0,1,0,1254,A
5-NP,1232,0,0,0,1250,1250,C
5-NP,1233,1,2,1257,0,1260,G
5-NP,1234,0,1242,1,0,1243,T
5-NP,1235,0,1254,0,0,1254,T
5-NP,1236,0,1245,0,1,1246,T
5-NP,1237,1,1234,0,1,1236,T
5-NP,1238,2,0,0,1237,1239,C
5-NP,1239,0,1221,0,1,1222,T
5-NP,1240,0,0,1241,0,1241,G
5-NP,1241,0,1229,0,1,1230,T
5-NP,1242,1236,0,0,0,1236,A
5-NP,1243,0,0,0,1252,1252,C
5-NP,1244,1242,0,0,0,1242,A
5-NP,1245,1237,0,0,0,1237,A
5-NP,1246,1238,0,0,1,1239,A
5-NP,1247,0,0,1238,0,1238,G
5-NP,1248,1234,0,0,0,1234,A
5-NP,1249,1197,0,0,0,1197,A
5-NP,1250,1194,0,0,1,1195,A
5-NP,1251,1,0,0,1206,1207,C
5-NP,1252,3,0,0,1184,1187,C
5-NP,1253,0,1179,0,2,1181,T
5-NP,1254,0,2,0,1186,1188,C
5-NP,1255,0,1,0,1189,1190,C
5-NP,1256,2,1,0,1184,1187,C
5-NP,1257,1182,0,0,0,1182,A
5-NP,1258,0,1188,0,0,1188,T
5-NP,1259,0,1194,0,0,1194,T
5-NP,1260,0,1187,0,0,1187,T
5-NP,1261,0,2,1183,0,1185,G
5-NP,1262,1187,0,1,0,1188,A
5-NP,1263,1181,0,1,0,1182,A
5-NP,1264,1181,0,0,0,1181,A
5-NP,1265,1172,0,1,0,1173,A
5-NP,1266,0,0,1193,0,1193,G
5-NP,1267,0,1170,0,1,1171,T
5-NP,1268,2,0,0,1173,1175,C
5-NP,1269,1177,0,1,0,1178,A
5-NP,1270,1181,0,4,0,1185,A
5-NP,1271,1,0,0,1191,1192,C
5-NP,1272,1,0,1,1208,1210,C
5-NP,1273,1212,0,0,0,1212,A
5-NP,1274,0,1206,0,1,1207,T
5-NP,1275,1,1,0,1211,1213,C
5-NP,1276,1206,0,0,0,1206,A
5-NP,1277,0,1203,0,0,1203,T
5-NP,1278,0,1,1210,0,1211,G
5-NP,1279,0,0,1207,0,1207,G
5-NP,1280,0,0,0,1210,1210,C
5-NP,1281,1190,0,1,0,1191,A
5-NP,1282,0,0,1193,0,1193,G
5-NP,1283,0,0,0,1181,1181,C
5-NP,1284,1189,0,0,0,1189,A
5-NP,1285,0,1186,0,0,1186,T
5-NP,1286,0,1175,0,1,1176,T
5-NP,1287,1,1,0,1174,1176,C
5-NP,1288,1173,0,0,0,1173,A
5-NP,1289,0,0,0,1186,1186,C
5-NP,1290,0,1180,0,0,1180,T
5-NP,1291,0,0,1190,0,1190,G
5-NP,1292,1,0,1203,0,1204,G
5-NP,1293,1190,0,1,0,1191,A
5-NP,1294,1193,0,0,0,1193,A
5-NP,1295,1195,0,0,0,1195,A
5-NP,1296,0,1182,0,0,1182,T
5-NP,1297,1183,0,0,0,1183,A
5-NP,1298,0,0,0,1176,1176,C
5-NP,1299,1,0,1165,1,1167,G
5-NP,1300,0,2,1162,0,1164,G
5-NP,1301,1125,0,0,0,1125,A
5-NP,1302,0,2,1143,0,1145,G
5-NP,1303,0,1,1139,0,1140,G
5-NP,1304,0,0,1136,0,1136,G
5-NP,1305,1137,0,1,0,1138,A
5-NP,1306,1135,0,0,0,1135,A
5-NP,1307,0,2,1133,0,1135,G
5-NP,1308,1139,0,1,0,1140,A
5-NP,1309,1136,0,0,0,1136,A
5-NP,1310,0,0,0,1141,1141,C
5-NP,1311,0,1124,0,0,1124,T
5-NP,1312,0,1121,0,0,1121,T
5-NP,1313,0,0,0,1131,1131,C
5-NP,1314,1132,0,3,0,1135,A
5-NP,1315,1,0,1131,0,1132,G
5-NP,1316,1123,0,2,0,1125,A
5-NP,1317,0,0,0,1131,1131,C
5-NP,1318,1126,0,0,0,1126,A
5-NP,1319,0,1093,0,0,1093,T
5-NP,1320,0,0,1101,0,1101,G
5-NP,1321,1078,0,1,0,1079,A
5-NP,1322,0,2,1098,0,1100,G
5-NP,1323,0,0,1102,0,1102,G
5-NP,1324,0,0,1101,0,1101,G
5-NP,1325,1,1,0,1102,1104,C
5-NP,1326,1101,0,2,0,1103,A
5-NP,1327,0,0,1102,0,1102,G
5-NP,1328,1101,0,0,0,1101,A
5-NP,1329,1105,0,0,0,1105,A
5-NP,1330,1104,0,0,0,1104,A
5-NP,1331,0,1089,1,1,1091,T
5-NP,1332,0,0,0,1102,1102,C
5-NP,1333,1102,0,0,0,1102,A
5-NP,1334,0,1104,0,0,1104,T
5-NP,1335,1108,0,0,0,1108,A
5-NP,1336,1102,0,0,0,1102,A
5-NP,1337,1,1,1107,0,1109,G
5-NP,1338,1086,0,1,0,1087,A
5-NP,1339,1090,0,0,0,1090,A
5-NP,1340,0,1066,0,0,1066,T
5-NP,1341,0,2,1073,0,1075,G
5-NP,1342,1069,0,3,0,1072,A
5-NP,1343,0,1062,0,1,1063,T
5-NP,1344,0,0,1068,0,1068,G
5-NP,1345,0,0,1070,0,1070,G
5-NP,1346,1055,0,0,0,1055,A
5-NP,1347,1055,0,0,0,1055,A
5-NP,1348,1011,0,1,0,1012,A
5-NP,1349,0,0,1026,0,1026,G
5-NP,1350,0,1018,0,0,1018,T
5-NP,1351,0,0,1024,0,1024,G
5-NP,1352,0,1,0,1018,1019,C
5-NP,1353,1025,0,0,0,1025,A
5-NP,1354,1022,0,0,0,1022,A
5-NP,1355,1023,0,0,0,1023,A
5-NP,1356,1023,0,0,0,1023,A
5-NP,1357,1,0,0,1028,1029,C
5-NP,1358,1,0,1,1015,1017,C
5-NP,1359,1004,0,0,0,1004,A
5-NP,1360,1,0,1004,0,1005,G
5-NP,1361,1007,0,0,0,1007,A
5-NP,1362,1003,0,0,0,1003,A
5-NP,1363,0,1,1002,0,1003,G
5-NP,1364,995,0,2,0,997,A
5-NP,1365,959,0,1,0,960,A
5-NP,1366,0,0,973,0,973,G
5-NP,1367,1,957,0,1,959,T
5-NP,1368,0,0,974,0,974,G
5-NP,1369,0,948,0,0,948,T
5-NP,1370,2,0,0,949,951,C
5-NP,1371,959,1,3,0,963,A
5-NP,1372,0,969,0,1,970,T
5-NP,1373,0,960,0,0,960,T
5-NP,1374,1,0,0,967,968,C
5-NP,1375,3,0,0,947,950,C
5-NP,1376,0,1,948,0,949,G
5-NP,1377,1,0,951,0,952,G
5-NP,1378,1,0,954,0,955,G
5-NP,1379,0,0,954,0,954,G
5-NP,1380,0,0,956,0,956,G
5-NP,1381,906,0,0,0,906,A
5-NP,1382,1,1,908,0,910,G
5-NP,1383,0,0,899,0,899,G
5-NP,1384,1,0,899,0,900,G
5-NP,1385,0,4,901,0,905,G
5-NP,1386,889,0,2,0,891,A
5-NP,1387,0,1,886,0,887,G
5-NP,1388,1,857,0,1,859,T
5-NP,1389,1,0,0,864,865,C
5-NP,1390,0,867,0,1,868,T
5-NP,1391,0,866,0,0,866,T
5-NP,1392,1,0,0,876,877,C
5-NP,1393,1,3,868,0,872,G
5-NP,1394,868,0,0,0,868,A
5-NP,1395,0,0,880,0,880,G
5-NP,1396,1,0,0,863,864,C
5-NP,1397,0,853,0,2,855,T
5-NP,1398,2,0,0,855,857,C
5-NP,1399,0,842,0,3,845,T
5-NP,1400,2,0,0,850,852,C
5-NP,1401,854,0,0,0,854,A
5-NP,1402,0,1,850,0,851,G
5-NP,1403,855,0,1,0,856,A
5-NP,1404,0,1,0,848,849,C
5-NP,1405,0,1,848,0,849,G
5-NP,1406,822,0,0,0,822,A
5-NP,1407,0,0,827,0,827,G
5-NP,1408,819,0,1,0,820,A
5-NP,1409,817,1,0,0,818,A
5-NP,1410,0,0,819,0,819,G
5-NP,1411,0,0,809,0,809,G
5-NP,1412,0,0,0,805,805,C
5-NP,1413,804,0,0,1,805,A
5-NP,1414,807,0,2,0,809,A
5-NP,1415,0,0,0,802,802,C
5-NP,1416,0,0,803,0,803,G
5-NP,1417,800,0,0,0,800,A
5-NP,1418,803,0,0,0,803,A
5-NP,1419,0,0,0,802,802,C
5-NP,1420,0,0,0,795,795,C
5-NP,1421,2,3,0,782,787,C
5-NP,1422,0,0,793,0,793,G
5-NP,1423,792,0,0,0,792,A
5-NP,1424,0,788,0,1,789,T
5-NP,1425,1,1,0,774,776,C
5-NP,1426,2,0,774,0,776,G
5-NP,1427,0,760,0,2,762,T
5-NP,1428,0,1,765,0,766,G
5-NP,1429,0,1,0,752,753,C
5-NP,1430,3,1,0,752,756,C
5-NP,1431,3,0,0,757,760,C
5-NP,1432,0,750,0,0,750,T
5-NP,1433,0,0,0,775,775,C
5-NP,1434,0,777,0,2,779,T
5-NP,1435,0,777,2,0,779,T
5-NP,1436,0,784,0,1,785,T
5-NP,1437,0,773,0,1,774,T
5-NP,1438,0,0,786,0,786,G
5-NP,1439,785,0,0,1,786,A
5-NP,1440,0,777,0,0,777,T
5-NP,1441,776,0,0,0,776,A
5-NP,1442,0,653,0,0,653,T
5-NP,1443,0,0,672,0,672,G
5-NP,1444,667,0,0,0,667,A
5-NP,1445,2,1,676,0,679,G
5-NP,1446,0,676,0,0,676,T
5-NP,1447,668,0,0,0,668,A
5-NP,1448,668,0,1,0,669,A
5-NP,1449,0,656,0,1,657,T
5-NP,1450,0,0,663,0,663,G
5-NP,1451,657,0,1,0,658,A
5-NP,1452,593,0,2,0,595,A
5-NP,1453,0,1,585,0,586,G
5-NP,1454,1,2,544,0,547,G
5-NP,1455,546,0,0,0,546,A
5-NP,1456,0,533,1,1,535,T
5-NP,1457,1,0,0,532,533,C
5-NP,1458,0,531,0,0,531,T
5-NP,1459,0,534,0,0,534,T
5-NP,1460,533,0,1,0,534,A
5-NP,1461,0,530,0,0,530,T
5-NP,1462,0,524,0,0,524,T
5-NP,1463,0,516,0,0,516,T
5-NP,1464,0,0,0,513,513,C
5-NP,1465,0,494,0,2,496,T
5-NP,1466,0,490,0,0,490,T
5-NP,1467,0,0,0,495,495,C
5-NP,1468,0,1,494,0,495,G
5-NP,1469,0,0,491,0,491,G
5-NP,1470,491,0,1,0,492,A
5-NP,1471,0,0,491,0,491,G
5-NP,1472,485,0,0,0,485,A
5-NP,1473,0,0,0,473,473,C
5-NP,1474,456,0,1,0,457,A
5-NP,1475,458,0,1,0,459,A
5-NP,1476,0,457,0,0,457,T
5-NP,1477,0,0,455,0,455,G
5-NP,1478,0,0,0,455,455,C
5-NP,1479,431,0,1,0,432,A
5-NP,1480,0,0,435,0,435,G
5-NP,1481,434,0,0,0,434,A
5-NP,1482,402,0,0,0,402,A
5-NP,1483,0,1,394,0,395,G
5-NP,1484,293,0,1,0,294,A
5-NP,1485,0,0,288,0,288,G
5-NP,1486,0,258,0,0,258,T
5-NP,1487,255,0,0,0,255,A
5-NP,1488,0,233,0,0,233,T
5-NP,1489,0,1,232,0,233,G
5-NP,1490,232,0,0,0,232,A
5-NP,1491,0,0,0,229,229,C
5-NP,1492,145,0,0,0,145,A
5-NP,1493,142,0,0,0,142,A
5-NP,1494,0,77,1,0,78,T
5-NP,1495,0,76,0,0,76,T
5-NP,1496,76,0,0,0,76,A
5-NP,1497,71,0,0,0,71,A
6-NA,1,167,0,0,0,167,A
6-NA,2,0,167,0,0,167,T
6-NA,3,0,0,167,0,167,G
6-NA,4,162,0,4,0,166,A
6-NA,5,177,0,0,0,177,A
6-NA,6,0,175,0,1,176,T
6-NA,7,0,0,0,177,177,C
6-NA,8,0,0,0,179,179,C
6-NA,9,178,0,0,0,178,A
6-NA,10,185,0,0,0,185,A
6-NA,11,189,0,0,0,189,A
6-NA,12,0,194,0,1,195,T
6-NA,13,1,0,0,198,199,C
6-NA,14,198,0,0,0,198,A
6-NA,15,199,0,0,0,199,A
6-NA,16,199,0,0,0,199,A
6-NA,17,207,0,2,0,209,A
6-NA,18,0,0,227,0,227,G
6-NA,19,234,0,0,0,234,A
6-NA,20,0,241,0,0,241,T
6-NA,21,243,0,0,0,243,A
6-NA,22,245,0,1,0,246,A
6-NA,23,0,248,0,0,248,T
6-NA,24,246,0,1,0,247,A
6-NA,25,248,0,0,0,248,A
6-NA,26,0,1,0,259,260,C
6-NA,27,0,0,266,0,266,G
6-NA,28,263,0,0,0,263,A
6-NA,29,0,270,0,0,270,T
6-NA,30,0,266,0,0,266,T
6-NA,31,0,0,264,0,264,G
6-NA,32,0,0,291,0,291,G
6-NA,33,1,0,0,293,294,C
6-NA,34,0,294,0,0,294,T
6-NA,35,1,0,0,308,309,C
6-NA,36,0,308,0,0,308,T
6-NA,37,0,0,315,0,315,G
6-NA,38,1,319,0,2,322,T
6-NA,39,0,320,0,1,321,T
6-NA,40,0,328,0,3,331,T
6-NA,41,1,0,0,335,336,C
6-NA,42,0,339,0,0,339,T
6-NA,43,0,0,0,340,340,C
6-NA,44,0,342,0,0,342,T
6-NA,45,0,0,0,349,349,C
6-NA,46,349,0,1,0,350,A
6-NA,47,0,0,0,372,372,C
6-NA,48,0,0,0,374,374,C
6-NA,49,374,0,0,0,374,A
6-NA,50,0,380,0,0,380,T
6-NA,51,0,391,0,0,391,T
6-NA,52,0,390,0,0,390,T
6-NA,53,0,1,0,400,401,C
6-NA,54,1,1,0,401,403,C
6-NA,55,408,0,0,0,408,A
6-NA,56,0,0,0,437,437,C
6-NA,57,432,0,0,1,433,A
6-NA,58,462,0,0,0,462,A
6-NA,59,0,464,0,0,464,T
6-NA,60,481,0,0,0,481,A
6-NA,61,0,483,0,0,483,T
6-NA,62,0,0,479,0,479,G
6-NA,63,0,0,0,481,481,C
6-NA,64,0,479,0,2,481,T
6-NA,65,0,489,0,0,489,T
6-NA,66,0,0,0,488,488,C
6-NA,67,0,488,0,0,488,T
6-NA,68,0,487,0,1,488,T
6-NA,69,0,0,0,481,481,C
6-NA,70,479,0,1,0,480,A
6-NA,71,0,479,0,1,480,T
6-NA,72,0,0,482,0,482,G
6-NA,73,0,0,0,488,488,C
6-NA,74,486,0,0,0,486,A
6-NA,75,485,0,0,0,485,A
6-NA,76,485,0,0,0,485,A
6-NA,77,0,493,0,0,493,T
6-NA,78,0,489,0,1,490,T
6-NA,79,0,0,491,0,491,G
6-NA,80,0,0,0,492,492,C
6-NA,81,0,0,0,490,490,C
6-NA,82,496,0,1,0,497,A
6-NA,83,0,496,0,0,496,T
6-NA,84,0,0,0,532,532,C
6-NA,85,0,533,1,1,535,T
6-NA,86,0,537,0,0,537,T
6-NA,87,0,0,556,0,556,G
6-NA,88,545,1,0,0,546,A
6-NA,89,0,552,0,2,554,T
6-NA,90,551,1,0,0,552,A
6-NA,91,557,0,0,0,557,A
6-NA,92,0,0,0,623,623,C
6-NA,93,0,614,0,0,614,T
6-NA,94,627,1,0,0,628,A
6-NA,95,0,1,0,660,661,C
6-NA,96,0,658,0,0,658,T
6-NA,97,0,0,666,0,666,G
6-NA,98,0,668,0,3,671,T
6-NA,99,670,0,0,0,670,A
6-NA,100,676,0,2,0,678,A
6-NA,101,0,0,0,662,662,C
6-NA,102,656,0,0,0,656,A
6-NA,103,0,655,0,1,656,T
6-NA,104,0,646,0,3,649,T
6-NA,105,0,1,647,0,648,G
6-NA,106,0,0,0,649,649,C
6-NA,107,647,0,1,0,648,A
6-NA,108,0,652,0,3,655,T
6-NA,109,0,654,0,0,654,T
6-NA,110,0,652,0,1,653,T
6-NA,111,1,0,0,648,649,C
6-NA,112,654,0,0,0,654,A
6-NA,113,654,0,0,0,654,A
6-NA,114,0,0,655,1,656,G
6-NA,115,0,0,0,655,655,C
6-NA,116,663,0,0,0,663,A
6-NA,117,685,1,0,0,686,A
6-NA,118,0,690,0,0,690,T
6-NA,119,689,0,0,0,689,A
6-NA,120,0,690,0,0,690,T
6-NA,121,0,0,715,0,715,G
6-NA,122,712,0,1,0,713,A
6-NA,123,733,0,0,0,733,A
6-NA,124,0,737,0,1,738,T
6-NA,125,0,738,0,0,738,T
6-NA,126,0,0,0,736,736,C
6-NA,127,731,0,2,0,733,A
6-NA,128,739,0,0,0,739,A
6-NA,129,0,1,0,739,740,C
6-NA,130,0,730,0,2,732,T
6-NA,131,0,0,0,740,740,C
6-NA,132,0,2,0,741,743,C
6-NA,133,0,0,0,763,763,C
6-NA,134,0,0,0,765,765,C
6-NA,135,0,0,0,762,762,C
6-NA,136,1,0,0,770,771,C
6-NA,137,0,0,0,772,772,C
6-NA,138,774,0,1,0,775,A
6-NA,139,776,0,1,0,777,A
6-NA,140,774,0,0,0,774,A
6-NA,141,0,0,0,790,790,C
6-NA,142,778,0,0,0,778,A
6-NA,143,795,0,2,1,798,A
6-NA,144,0,1,0,797,798,C
6-NA,145,1,0,0,799,800,C
6-NA,146,824,0,0,0,824,A
6-NA,147,828,0,1,0,829,A
6-NA,148,0,0,849,0,849,G
6-NA,149,0,844,0,2,846,T
6-NA,150,0,0,847,0,847,G
6-NA,151,869,0,1,0,870,A
6-NA,152,0,864,0,1,865,T
6-NA,153,0,0,870,0,870,G
6-NA,154,0,0,0,871,871,C
6-NA,155,0,860,0,2,862,T
6-NA,156,0,1,943,0,944,G
6-NA,157,0,937,0,1,938,T
6-NA,158,0,0,941,0,941,G
6-NA,159,0,940,0,1,941,T
6-NA,160,1,1,933,0,935,G
6-NA,161,933,0,1,0,934,A
6-NA,162,944,0,0,0,944,A
6-NA,163,0,0,0,946,946,C
6-NA,164,0,0,0,939,939,C
6-NA,165,919,0,1,0,920,A
6-NA,166,926,0,0,0,926,A
6-NA,167,0,0,0,959,959,C
6-NA,168,962,0,0,0,962,A
6-NA,169,968,0,0,0,968,A
6-NA,170,0,972,0,1,973,T
6-NA,171,968,0,1,0,969,A
6-NA,172,966,0,2,0,968,A
6-NA,173,0,977,0,0,977,T
6-NA,174,966,0,3,0,969,A
6-NA,175,0,1,980,0,981,G
6-NA,176,969,0,1,0,970,A
6-NA,177,978,0,0,0,978,A
6-NA,178,963,0,2,0,965,A
6-NA,179,0,2,958,0,960,G
6-NA,180,971,0,1,0,972,A
6-NA,181,977,0,0,0,977,A
6-NA,182,1014,1,0,0,1015,A
6-NA,183,0,0,0,1026,1026,C
6-NA,184,1021,0,1,0,1022,A
6-NA,185,0,1046,0,0,1046,T
6-NA,186,1054,0,1,0,1055,A
6-NA,187,1053,0,3,0,1056,A
6-NA,188,0,0,0,1075,1075,C
6-NA,189,1061,0,0,0,1061,A
6-NA,190,0,0,1096,0,1096,G
6-NA,191,1072,0,3,0,1075,A
6-NA,192,0,0,1084,0,1084,G
6-NA,193,1084,0,0,0,1084,A
6-NA,194,0,1119,0,0,1119,T
6-NA,195,1122,0,0,0,1122,A
6-NA,196,0,1,1150,0,1151,G
6-NA,197,0,1130,0,1,1131,T
6-NA,198,1,0,1159,0,1160,G
6-NA,199,0,1165,0,0,1165,T
6-NA,200,1169,0,0,0,1169,A
6-NA,201,0,1164,0,1,1165,T
6-NA,202,0,0,0,1166,1166,C
6-NA,203,0,1137,1,1,1139,T
6-NA,204,2,2,1175,0,1179,G
6-NA,205,1174,1,5,0,1180,A
6-NA,206,0,0,0,1183,1183,C
6-NA,207,0,1,1,1178,1180,C
6-NA,208,1175,0,1,0,1176,A
6-NA,209,1180,0,0,0,1180,A
6-NA,210,0,16,0,1183,1199,C
6-NA,211,1193,0,0,0,1193,A
6-NA,212,0,1,0,1238,1239,C
6-NA,213,0,1,0,1227,1228,C
6-NA,214,1256,0,0,0,1256,A
6-NA,215,0,0,0,1310,1310,C
6-NA,216,1,0,0,1300,1301,C
6-NA,217,1310,0,1,0,1311,A
6-NA,218,0,1312,0,1,1313,T
6-NA,219,1300,0,0,0,1300,A
6-NA,220,0,3,1309,0,1312,G
6-NA,221,1277,0,2,0,1279,A
6-NA,222,0,1,1310,0,1311,G
6-NA,223,1291,0,0,0,1291,A
6-NA,224,1267,0,2,0,1269,A
6-NA,225,0,0,1275,0,1275,G
6-NA,226,0,0,1279,0,1279,G
6-NA,227,1285,0,1,0,1286,A
6-NA,228,1291,0,1,0,1292,A
6-NA,229,1294,0,2,0,1296,A
6-NA,230,0,1280,0,0,1280,T
6-NA,231,1277,0,2,0,1279,A
6-NA,232,0,1273,0,0,1273,T
6-NA,233,0,0,1271,0,1271,G
6-NA,234,0,0,0,1283,1283,C
6-NA,235,1,1,0,1270,1272,C
6-NA,236,0,0,0,1282,1282,C
6-NA,237,2,0,0,1279,1281,C
6-NA,238,1290,0,0,0,1290,A
6-NA,239,1340,0,1,0,1341,A
6-NA,240,1335,0,0,0,1335,A
6-NA,241,0,0,0,1338,1338,C
6-NA,242,0,1334,0,6,1340,T
6-NA,243,1332,0,2,0,1334,A
6-NA,244,0,0,1328,0,1328,G
6-NA,245,0,0,0,1337,1337,C
6-NA,246,1332,0,0,0,1332,A
6-NA,247,0,1,1357,0,1358,G
6-NA,248,1331,0,1,0,1332,A
6-NA,249,1376,0,1,0,1377,A
6-NA,250,0,1373,0,0,1373,T
6-NA,251,1379,0,1,0,1380,A
6-NA,252,0,0,0,1382,1382,C
6-NA,253,1380,0,1,0,1381,A
6-NA,254,0,1,1380,0,1381,G
6-NA,255,1381,0,0,0,1381,A
6-NA,256,1361,0,0,0,1361,A
6-NA,257,1360,0,0,0,1360,A
6-NA,258,0,1324,0,0,1324,T
6-NA,259,0,1316,0,1,1317,T
6-NA,260,0,2,1319,0,1321,G
6-NA,261,0,0,1322,0,1322,G
6-NA,262,0,1331,0,2,1333,T
6-NA,263,2,1,0,1326,1329,C
6-NA,264,1326,0,0,0,1326,A
6-NA,265,1336,0,1,0,1337,A
6-NA,266,1335,0,1,0,1336,A
6-NA,267,0,0,1336,0,1336,G
6-NA,268,0,0,0,1337,1337,C
6-NA,269,0,0,0,1339,1339,C
6-NA,270,2,1,1335,0,1338,G
6-NA,271,0,1,0,1341,1342,C
6-NA,272,1350,0,1,0,1351,A
6-NA,273,1381,0,0,0,1381,A
6-NA,274,1,1373,0,0,1374,T
6-NA,275,0,1,1374,0,1375,G
6-NA,276,1,1368,1,1,1371,T
6-NA,277,0,1,1372,1,1374,G
6-NA,278,1402,0,1,0,1403,A
6-NA,279,0,1,0,1427,1428,C
6-NA,280,1464,0,2,0,1466,A
6-NA,281,0,1471,0,1,1472,T
6-NA,282,0,1458,0,1,1459,T
6-NA,283,1462,0,1,0,1463,A
6-NA,284,0,2,0,1459,1461,C
6-NA,285,1448,0,2,0,1450,A
6-NA,286,0,3,1451,0,1454,G
6-NA,287,0,1,1424,0,1425,G
6-NA,288,0,0,1369,0,1369,G
6-NA,289,0,1425,0,1,1426,T
6-NA,290,0,1432,0,2,1434,T
6-NA,291,0,1441,0,0,1441,T
6-NA,292,0,1,1433,0,1434,G
6-NA,293,0,0,0,1430,1430,C
6-NA,294,1432,0,2,0,1434,A
6-NA,295,0,0,0,1435,1435,C
6-NA,296,0,0,0,1420,1420,C
6-NA,297,1,1406,0,2,1409,T
6-NA,298,1,1410,0,2,1413,T
6-NA,299,0,1425,0,1,1426,T
6-NA,300,0,1423,0,1,1424,T
6-NA,301,0,1454,0,1,1455,T
6-NA,302,0,0,0,1457,1457,C
6-NA,303,0,1446,0,0,1446,T
6-NA,304,1442,0,1,0,1443,A
6-NA,305,1440,0,1,0,1441,A
6-NA,306,1,3,1445,0,1449,G
6-NA,307,0,1,1442,1,1444,G
6-NA,308,1439,0,1,0,1440,A
6-NA,309,2,0,0,1442,1444,C
6-NA,310,1437,0,0,1,1438,A
6-NA,311,1429,0,1,0,1430,A
6-NA,312,0,1428,0,1,1429,T
6-NA,313,0,1424,0,0,1424,T
6-NA,314,1,0,0,1459,1460,C
6-NA,315,1,1,1450,0,1452,G
6-NA,316,1448,0,2,0,1450,A
6-NA,317,0,1455,0,0,1455,T
6-NA,318,0,1453,0,1,1454,T
6-NA,319,1448,0,1,0,1449,A
6-NA,320,1,0,1455,0,1456,G
6-NA,321,0,0,1457,0,1457,G
6-NA,322,0,0,0,1455,1455,C
6-NA,323,0,1437,0,1,1438,T
6-NA,324,0,1446,0,0,1446,T
6-NA,325,0,1442,1,1,1444,T
6-NA,326,0,0,0,1448,1448,C
6-NA,327,4,0,0,1447,1451,C
6-NA,328,0,0,1449,0,1449,G
6-NA,329,0,0,0,1455,1455,C
6-NA,330,0,1445,0,0,1445,T
6-NA,331,1,0,1491,0,1492,G
6-NA,332,0,0,1497,0,1497,G
6-NA,333,0,1487,0,1,1488,T
6-NA,334,1,1,1497,0,1499,G
6-NA,335,0,2,1480,0,1482,G
6-NA,336,2,2,1485,0,1489,G
6-NA,337,1,4,1495,0,1500,G
6-NA,338,1493,0,5,0,1498,A
6-NA,339,0,0,0,1520,1520,C
6-NA,340,1489,0,3,0,1492,A
6-NA,341,0,1483,0,1,1484,T
6-NA,342,0,0,0,1493,1493,C
6-NA,343,0,1486,0,1,1487,T
6-NA,344,0,3,1485,0,1488,G
6-NA,345,1,0,1481,0,1482,G
6-NA,346,0,0,1489,0,1489,G
6-NA,347,0,1475,0,1,1476,T
6-NA,348,0,4,1467,0,1471,G
6-NA,349,1464,1,2,0,1467,A
6-NA,350,0,1,0,1486,1487,C
6-NA,351,1478,0,1,0,1479,A
6-NA,352,1490,0,0,0,1490,A
6-NA,353,1,0,1491,0,1492,G
6-NA,354,1475,0,2,0,1477,A
6-NA,355,0,3,1486,0,1489,G
6-NA,356,1479,0,1,0,1480,A
6-NA,357,1505,0,1,0,1506,A
6-NA,358,0,0,0,1571,1571,C
6-NA,359,1,0,0,1569,1570,C
6-NA,360,0,1569,0,1,1570,T
6-NA,361,0,1567,0,1,1568,T
6-NA,362,1566,0,0,0,1566,A
6-NA,363,0,1572,0,1,1573,T
6-NA,364,0,0,1593,0,1593,G
6-NA,365,1,1573,0,6,1580,T
6-NA,366,1,0,1583,0,1584,G
6-NA,367,0,1546,0,2,1548,T
6-NA,368,3,0,0,1528,1531,C
6-NA,369,1541,1,2,0,1544,A
6-NA,370,0,1535,0,3,1538,T
6-NA,371,1,1,1526,0,1528,G
6-NA,372,0,0,0,1529,1529,C
6-NA,373,1,2,1525,0,1528,G
6-NA,374,1597,0,1,0,1598,A
6-NA,375,1,1594,0,2,1597,T
6-NA,376,2,0,0,1618,1620,C
6-NA,377,1,2,0,1615,1618,C
6-NA,378,1,1624,1,1,1627,T
6-NA,379,0,2,1620,0,1622,G
6-NA,380,1627,0,1,0,1628,A
6-NA,381,1,2,0,1628,1631,C
6-NA,382,1628,0,0,0,1628,A
6-NA,383,1542,0,5,0,1547,A
6-NA,384,0,0,1571,0,1571,G
6-NA,385,0,1550,0,0,1550,T
6-NA,386,1,0,1572,0,1573,G
6-NA,387,0,1559,0,0,1559,T
6-NA,388,0,1548,0,3,1551,T
6-NA,389,1554,0,2,0,1556,A
6-NA,390,0,1554,1,2,1557,T
6-NA,391,2,0,0,1562,1564,C
6-NA,392,1555,0,0,0,1555,A
6-NA,393,1531,0,0,0,1531,A
6-NA,394,0,1523,1,1,1525,T
6-NA,395,0,1521,0,3,1524,T
6-NA,396,0,1516,0,2,1518,T
6-NA,397,1,1,1524,0,1526,G
6-NA,398,1,1,0,1560,1562,C
6-NA,399,0,1,0,1559,1560,C
6-NA,400,1,1,0,1561,1563,C
6-NA,401,0,1553,0,1,1554,T
6-NA,402,0,1557,0,1,1558,T
6-NA,403,2,3,1573,0,1578,G
6-NA,404,0,1,1566,0,1567,G
6-NA,405,1574,0,3,0,1577,A
6-NA,406,0,2,0,1579,1581,C
6-NA,407,1531,0,3,0,1534,A
6-NA,408,1,1,1552,0,1554,G
6-NA,409,1,0,1538,0,1539,G
6-NA,410,2,2,1569,0,1573,G
6-NA,411,1560,1,3,0,1564,A
6-NA,412,1554,0,2,0,1556,A
6-NA,413,0,0,1,1552,1553,C
6-NA,414,1532,0,3,0,1535,A
6-NA,415,1606,0,0,0,1606,A
6-NA,416,1,0,0,1608,1609,C
6-NA,417,1572,0,6,1,1579,A
6-NA,418,0,0,0,1593,1593,C
6-NA,419,0,1558,0,0,1558,T
6-NA,420,1562,0,0,0,1562,A
6-NA,421,1558,0,2,0,1560,A
6-NA,422,1561,0,2,0,1563,A
6-NA,423,0,1,0,1568,1569,C
6-NA,424,1470,0,0,0,1470,A
6-NA,425,1479,0,1,0,1480,A
6-NA,426,0,0,0,1489,1489,C
6-NA,427,0,0,1472,0,1472,G
6-NA,428,0,1469,0,1,1470,T
6-NA,429,1441,0,0,0,1441,A
6-NA,430,0,0,0,1464,1464,C
6-NA,431,1464,0,1,0,1465,A
6-NA,432,0,1467,0,1,1468,T
6-NA,433,0,1463,1,0,1464,T
6-NA,434,1,0,0,1517,1518,C
6-NA,435,1534,0,1,0,1535,A
6-NA,436,1538,0,1,0,1539,A
6-NA,437,1537,0,0,0,1537,A
6-NA,438,0,1533,0,1,1534,T
6-NA,439,1520,0,0,0,1520,A
6-NA,440,1546,0,2,0,1548,A
6-NA,441,0,0,0,1554,1554,C
6-NA,442,1532,0,2,0,1534,A
6-NA,443,0,0,0,1568,1568,C
6-NA,444,1521,0,1,0,1522,A
6-NA,445,1,0,1731,0,1732,G
6-NA,446,0,1729,0,0,1729,T
6-NA,447,1757,0,0,0,1757,A
6-NA,448,0,2,0,1770,1772,C
6-NA,449,2,0,1755,0,1757,G
6-NA,450,0,1793,1,2,1796,T
6-NA,451,2,1,1808,1,1812,G
6-NA,452,1809,1,1,0,1811,A
6-NA,453,0,1817,0,0,1817,T
6-NA,454,1642,0,1,0,1643,A
6-NA,455,1,0,1646,0,1647,G
6-NA,456,2,0,1606,0,1608,G
6-NA,457,1612,0,3,0,1615,A
6-NA,458,0,0,0,1645,1645,C
6-NA,459,0,0,0,1604,1604,C
6-NA,460,4,0,0,1620,1624,C
6-NA,461,1,0,1,1629,1631,C
6-NA,462,0,1634,0,1,1635,T
6-NA,463,0,1654,0,0,1654,T
6-NA,464,1652,0,2,0,1654,A
6-NA,465,0,1644,1,1,1646,T
6-NA,466,1,1,0,1647,1649,C
6-NA,467,3,0,1627,0,1630,G
6-NA,468,1,4,1618,0,1623,G
6-NA,469,1606,0,3,0,1609,A
6-NA,470,2,0,0,1617,1619,C
6-NA,471,1,0,0,1602,1603,C
6-NA,472,2,0,0,1665,1667,C
6-NA,473,0,1664,0,1,1665,T
6-NA,474,1678,0,1,0,1679,A
6-NA,475,0,1674,0,1,1675,T
6-NA,476,0,1684,0,2,1686,T
6-NA,477,0,2,1681,0,1683,G
6-NA,478,1685,0,1,0,1686,A
6-NA,479,0,1678,0,1,1679,T
6-NA,480,1,2,1684,0,1687,G
6-NA,481,1637,0,2,1,1640,A
6-NA,482,1634,0,1,0,1635,A
6-NA,483,0,1638,0,0,1638,T
6-NA,484,1,1,1645,0,1647,G
6-NA,485,1642,0,0,1,1643,A
6-NA,486,0,0,1682,0,1682,G
6-NA,487,1,1682,1,0,1684,T
6-NA,488,0,1686,1,0,1687,T
6-NA,489,1686,0,1,0,1687,A
6-NA,490,0,1,1690,0,1691,G
6-NA,491,0,0,1696,0,1696,G
6-NA,492,0,1669,0,2,1671,T
6-NA,493,0,0,1663,0,1663,G
6-NA,494,0,1640,0,1,1641,T
6-NA,495,1,1633,0,4,1638,T
6-NA,496,3,2,0,1648,1653,C
6-NA,497,0,0,0,1666,1666,C
6-NA,498,0,1657,0,5,1662,T
6-NA,499,0,1657,0,5,1662,T
6-NA,500,0,1653,0,6,1659,T
6-NA,501,0,1654,0,2,1656,T
6-NA,502,0,1,0,1669,1670,C
6-NA,503,1660,0,0,0,1660,A
6-NA,504,0,1682,0,4,1686,T
6-NA,505,1,0,0,1689,1690,C
6-NA,506,0,1671,0,0,1671,T
6-NA,507,0,2,1661,0,1663,G
6-NA,508,0,3,1648,0,1651,G
6-NA,509,0,3,1648,0,1651,G
6-NA,510,1,2,1661,0,1664,G
6-NA,511,1666,0,4,0,1670,A
6-NA,512,0,0,0,1682,1682,C
6-NA,513,2,0,0,1657,1659,C
6-NA,514,1673,0,0,0,1673,A
6-NA,515,1674,0,2,0,1676,A
6-NA,516,0,1,1673,0,1674,G
6-NA,517,1,1,0,1688,1690,C
6-NA,518,1686,0,0,0,1686,A
6-NA,519,1673,0,0,0,1673,A
6-NA,520,0,0,1693,0,1693,G
6-NA,521,0,1668,0,2,1670,T
6-NA,522,1,0,1705,0,1706,G
6-NA,523,0,1670,0,3,1673,T
6-NA,524,1,0,1712,0,1713,G
6-NA,525,0,2,0,1712,1714,C
6-NA,526,1709,1,3,0,1713,A
6-NA,527,0,1731,0,0,1731,T
6-NA,528,1680,2,0,0,1682,A
6-NA,529,1,0,1721,0,1722,G
6-NA,530,0,0,0,1712,1712,C
6-NA,531,1664,0,1,0,1665,A
6-NA,532,0,1666,0,1,1667,T
6-NA,533,1,4,1612,0,1617,G
6-NA,534,0,2,1771,0,1773,G
6-NA,535,0,1777,0,1,1778,T
6-NA,536,2,1,0,1748,1751,C
6-NA,537,1,2,0,1777,1780,C
6-NA,538,1786,0,2,0,1788,A
6-NA,539,1,0,1876,0,1877,G
6-NA,540,1,0,0,1875,1876,C
6-NA,541,1,1881,0,3,1885,T
6-NA,542,3,1,0,1899,1903,C
6-NA,543,1839,0,1,0,1840,A
6-NA,544,1882,0,1,0,1883,A
6-NA,545,0,0,1911,0,1911,G
6-NA,546,0,1902,0,0,1902,T
6-NA,547,0,1897,1,3,1901,T
6-NA,548,0,1,1905,0,1906,G
6-NA,549,0,1889,0,7,1896,T
6-NA,550,4,0,0,1907,1911,C
6-NA,551,1910,0,2,0,1912,A
6-NA,552,0,0,0,1917,1917,C
6-NA,553,0,0,1916,0,1916,G
6-NA,554,1943,1,4,0,1948,A
6-NA,555,0,1973,0,2,1975,T
6-NA,556,0,2,2011,0,2013,G
6-NA,557,0,3,2013,0,2016,G
6-NA,558,2017,0,3,0,2020,A
6-NA,559,2028,0,1,0,2029,A
6-NA,560,2046,0,4,0,2050,A
6-NA,561,2059,0,5,0,2064,A
6-NA,562,0,0,2086,0,2086,G
6-NA,563,0,1,0,2083,2084,C
6-NA,564,2079,1,2,2,2084,A
6-NA,565,0,2083,0,1,2084,T
6-NA,566,1,1,2102,0,2104,G
6-NA,567,0,2,2112,0,2114,G
6-NA,568,0,0,0,2150,2150,C
6-NA,569,0,2151,0,4,2155,T
6-NA,570,0,0,2162,1,2163,G
6-NA,571,0,1,0,2164,2165,C
6-NA,572,2170,0,1,1,2172,A
6-NA,573,0,2283,0,1,2284,T
6-NA,574,3,0,2281,0,2284,G
6-NA,575,1,2322,0,0,2323,T
6-NA,576,0,2386,0,4,2390,T
6-NA,577,0,2380,0,4,2384,T
6-NA,578,0,0,2534,0,2534,G
6-NA,579,2,2513,0,2,2517,T
6-NA,580,2541,0,0,0,2541,A
6-NA,581,0,2554,0,1,2555,T
6-NA,582,2539,0,1,0,2540,A
6-NA,583,2544,0,2,0,2546,A
6-NA,584,0,2,0,2528,2530,C
6-NA,585,3,2,2506,1,2512,G
6-NA,586,0,5,2509,0,2514,G
6-NA,587,1,5,2480,0,2486,G
6-NA,588,0,1,2494,0,2495,G
6-NA,589,1,3,2500,0,2504,G
6-NA,590,2480,0,3,0,2483,A
6-NA,591,0,2491,0,2,2493,T
6-NA,592,2,4,2504,0,2510,G
6-NA,593,2518,0,1,0,2519,A
6-NA,594,0,2546,0,0,2546,T
6-NA,595,2540,0,1,0,2541,A
6-NA,596,2543,0,0,1,2544,A
6-NA,597,2556,0,0,1,2557,A
6-NA,598,2555,0,1,0,2556,A
6-NA,599,2567,0,0,0,2567,A
6-NA,600,0,2575,0,1,2576,T
6-NA,601,1,0,2564,0,2565,G
6-NA,602,0,0,0,2566,2566,C
6-NA,603,2569,0,1,0,2570,A
6-NA,604,2577,0,2,0,2579,A
6-NA,605,1,0,0,2616,2617,C
6-NA,606,0,2607,0,1,2608,T
6-NA,607,2,0,2613,0,2615,G
6-NA,608,0,0,0,2601,2601,C
6-NA,609,0,2618,0,1,2619,T
6-NA,610,2612,1,4,0,2617,A
6-NA,611,0,0,2618,0,2618,G
6-NA,612,0,1,0,2664,2665,C
6-NA,613,0,2653,0,6,2659,T
6-NA,614,0,2648,1,3,2652,T
6-NA,615,5,1,0,2676,2682,C
6-NA,616,2694,0,2,0,2696,A
6-NA,617,0,2699,0,2,2701,T
6-NA,618,0,2707,0,2,2709,T
6-NA,619,0,2730,0,3,2733,T
6-NA,620,2744,0,0,0,2744,A
6-NA,621,1,0,1,2777,2779,C
6-NA,622,2754,0,0,0,2754,A
6-NA,623,2770,0,9,0,2779,A
6-NA,624,0,2771,0,0,2771,T
6-NA,625,2,3,2771,0,2776,G
6-NA,626,0,4,2753,0,2757,G
6-NA,627,5,1,2753,0,2759,G
6-NA,628,2727,1,3,0,2731,A
6-NA,629,0,2,2853,0,2855,G
6-NA,630,3,0,2885,0,2888,G
6-NA,631,0,0,0,3141,3141,C
6-NA,632,0,3153,0,3,3156,T
6-NA,633,0,3200,0,2,3202,T
6-NA,634,1,1,3221,0,3223,G
6-NA,635,0,3208,0,0,3208,T
6-NA,636,3283,0,4,0,3287,A
6-NA,637,1,0,3301,0,3302,G
6-NA,638,3239,0,3,0,3242,A
6-NA,639,0,3251,0,0,3251,T
6-NA,640,3030,0,2,0,3032,A
6-NA,641,0,1,3039,0,3040,G
6-NA,642,0,2991,0,3,2994,T
6-NA,643,0,0,2956,0,2956,G
6-NA,644,0,3144,0,3,3147,T
6-NA,645,0,3157,0,3,3160,T
6-NA,646,0,0,3205,0,3205,G
6-NA,647,0,3190,0,2,3192,T
6-NA,648,0,3188,0,3,3191,T
6-NA,649,0,3206,0,2,3208,T
6-NA,650,1,1,0,3166,3168,C
6-NA,651,3166,0,3,0,3169,A
6-NA,652,0,3153,0,1,3154,T
6-NA,653,1,3,3159,0,3163,G
6-NA,654,0,0,3398,0,3398,G
6-NA,655,0,3394,0,2,3396,T
6-NA,656,3,1,0,3392,3396,C
6-NA,657,4,1,0,3398,3403,C
6-NA,658,3407,0,0,0,3407,A
6-NA,659,3436,0,2,0,3438,A
6-NA,660,3447,0,3,0,3450,A
6-NA,661,0,1,3463,0,3464,G
6-NA,662,3452,0,3,0,3455,A
6-NA,663,3352,0,4,0,3356,A
6-NA,664,3354,0,2,0,3356,A
6-NA,665,1,3354,0,1,3356,T
6-NA,666,2,0,0,3490,3492,C
6-NA,667,0,1,0,3478,3479,C
6-NA,668,0,3474,0,6,3480,T
6-NA,669,2,1,0,3481,3484,C
6-NA,670,3470,0,5,1,3476,A
6-NA,671,0,0,3494,0,3494,G
6-NA,672,0,4,3458,0,3462,G
6-NA,673,3596,0,5,0,3601,A
6-NA,674,4,1,0,3601,3606,C
6-NA,675,2,1,0,3536,3539,C
6-NA,676,4,1,1,3558,3564,C
6-NA,677,3539,0,1,1,3541,A
6-NA,678,1,3,3566,0,3570,G
6-NA,679,0,6,3587,0,3593,G
6-NA,680,3570,0,7,0,3577,A
6-NA,681,0,0,3634,0,3634,G
6-NA,682,0,3556,0,6,3562,T
6-NA,683,5,1,0,3579,3585,C
6-NA,684,3571,0,10,0,3581,A
6-NA,685,0,4,3601,0,3605,G
6-NA,686,3594,0,0,0,3594,A
6-NA,687,3585,0,1,0,3586,A
6-NA,688,0,3592,0,1,3593,T
6-NA,689,1,2,3606,0,3609,G
6-NA,690,0,0,0,3611,3611,C
6-NA,691,2,0,3641,0,3643,G
6-NA,692,2,3608,1,3,3614,T
6-NA,693,0,3629,0,4,3633,T
6-NA,694,0,3615,0,3,3618,T
6-NA,695,2,1,3641,0,3644,G
6-NA,696,2,3663,0,1,3666,T
6-NA,697,3667,0,1,0,3668,A
6-NA,698,0,3644,0,3,3647,T
6-NA,699,2,0,0,3656,3658,C
6-NA,700,3664,1,1,0,3666,A
6-NA,701,3649,1,1,0,3651,A
6-NA,702,1,3658,0,2,3661,T
6-NA,703,0,2,3658,0,3660,G
6-NA,704,2,9,3659,0,3670,G
6-NA,705,3748,0,3,0,3751,A
6-NA,706,3752,0,5,0,3757,A
6-NA,707,0,0,0,3801,3801,C
6-NA,708,1,3820,0,6,3827,T
6-NA,709,0,3825,0,0,3825,T
6-NA,710,1,1,3939,0,3941,G
6-NA,711,0,3935,0,0,3935,T
6-NA,712,3930,0,4,0,3934,A
6-NA,713,0,1,0,4007,4008,C
6-NA,714,3897,0,5,0,3902,A
6-NA,715,3,0,4186,0,4189,G
6-NA,716,0,4144,0,0,4144,T
6-NA,717,4343,0,1,0,4344,A
6-NA,718,1,0,4356,0,4357,G
6-NA,719,1,4284,0,0,4285,T
6-NA,720,4288,1,2,0,4291,A
6-NA,721,4288,0,0,0,4288,A
6-NA,722,1,4271,0,0,4272,T
6-NA,723,0,14,4279,0,4293,G
6-NA,724,4191,0,1,1,4193,A
6-NA,725,0,1,0,4251,4252,C
6-NA,726,0,4167,0,1,4168,T
6-NA,727,2,1,4186,0,4189,G
6-NA,728,4170,1,4,0,4175,A
6-NA,729,0,4199,0,6,4205,T
6-NA,730,5,9,4189,0,4203,G
6-NA,731,1,2,4185,0,4188,G
6-NA,732,3,4,4201,0,4208,G
6-NA,733,4128,0,5,0,4133,A
6-NA,734,3,0,4144,0,4147,G
6-NA,735,0,4105,0,6,4111,T
6-NA,736,1,0,4145,0,4146,G
6-NA,737,0,2,0,4206,4208,C
6-NA,738,0,4207,0,6,4213,T
6-NA,739,0,4208,0,0,4208,T
6-NA,740,1,1,0,4221,4223,C
6-NA,741,4226,0,6,0,4232,A
6-NA,742,0,3,4259,0,4262,G
6-NA,743,1,4,4259,0,4264,G
6-NA,744,4261,0,2,0,4263,A
6-NA,745,4219,1,4,0,4224,A
6-NA,746,4171,1,3,0,4175,A
6-NA,747,4173,2,4,0,4179,A
6-NA,748,0,1,4200,0,4201,G
6-NA,749,1,1,1,4190,4193,C
6-NA,750,0,4194,0,3,4197,T
6-NA,751,1,1,4193,0,4195,G
6-NA,752,4172,1,3,0,4176,A
6-NA,753,0,4227,0,3,4230,T
6-NA,754,4241,1,1,0,4243,A
6-NA,755,2,2,0,4472,4476,C
6-NA,756,1,4462,0,2,4465,T
6-NA,757,4470,0,0,0,4470,A
6-NA,758,4473,0,7,0,4480,A
6-NA,759,4472,0,2,0,4474,A
6-NA,760,4566,1,1,0,4568,A
6-NA,761,0,4568,0,4,4572,T
6-NA,762,4564,0,3,1,4568,A
6-NA,763,1,1,0,4589,4591,C
6-NA,764,1,4487,0,3,4491,T
6-NA,765,4545,0,0,0,4545,A
6-NA,766,0,4514,0,4,4518,T
6-NA,767,1,4710,0,3,4714,T
6-NA,768,3,0,0,4744,4747,C
6-NA,769,4662,0,2,0,4664,A
6-NA,770,0,4660,1,1,4662,T
6-NA,771,0,4660,0,0,4660,T
6-NA,772,4,4,4676,0,4684,G
6-NA,773,4638,1,3,0,4642,A
6-NA,774,1,3,4632,0,4636,G
6-NA,775,0,4,4623,0,4627,G
6-NA,776,4440,0,4,0,4444,A
6-NA,777,1,4,4512,0,4517,G
6-NA,778,1,3,4509,0,4513,G
6-NA,779,0,5,4502,0,4507,G
6-NA,780,3,3,4508,0,4514,G
6-NA,781,4493,1,5,0,4499,A
6-NA,782,4513,0,2,0,4515,A
6-NA,783,4498,0,3,0,4501,A
6-NA,784,4480,0,7,0,4487,A
6-NA,785,0,4485,0,0,4485,T
6-NA,786,1,2,0,4466,4469,C
6-NA,787,0,0,4502,0,4502,G
6-NA,788,0,4477,0,2,4479,T
6-NA,789,0,4470,0,6,4476,T
6-NA,790,4,0,0,4488,4492,C
6-NA,791,4479,1,2,0,4482,A
6-NA,792,0,4810,0,0,4810,T
6-NA,793,4794,2,1,0,4797,A
6-NA,794,0,4,0,4836,4840,C
6-NA,795,0,4820,0,6,4826,T
6-NA,796,4839,0,5,0,4844,A
6-NA,797,0,1,4835,0,4836,G
6-NA,798,1,1,0,4831,4833,C
6-NA,799,4821,0,5,0,4826,A
6-NA,800,0,3,0,4838,4841,C
6-NA,801,4650,0,3,0,4653,A
6-NA,802,0,4708,0,2,4710,T
6-NA,803,0,4694,0,0,4694,T
6-NA,804,1,1,4979,0,4981,G
6-NA,805,0,4972,0,1,4973,T
6-NA,806,11,2,0,4959,4972,C
6-NA,807,4967,2,3,1,4973,A
6-NA,808,1,5,4959,0,4965,G
6-NA,809,0,3,4945,0,4948,G
6-NA,810,4930,0,0,0,4930,A
6-NA,811,4864,0,5,0,4869,A
6-NA,812,0,1,4902,1,4904,G
6-NA,813,0,4635,0,3,4638,T
6-NA,814,0,2,4671,0,4673,G
6-NA,815,2,0,0,4641,4643,C
6-NA,816,1,4655,0,4,4660,T
6-NA,817,3,1,0,4690,4694,C
6-NA,818,4671,0,7,0,4678,A
6-NA,819,1,1,4710,0,4712,G
6-NA,820,0,3,1,4703,4707,C
6-NA,821,4694,0,3,0,4697,A
6-NA,822,0,4699,0,2,4701,T
6-NA,823,2,1,4870,0,4873,G
6-NA,824,0,4822,0,3,4825,T
6-NA,825,8,1,0,4856,4865,C
6-NA,826,3,8,4851,1,4863,G
6-NA,827,4823,0,7,0,4830,A
6-NA,828,0,1,4818,0,4819,G
6-NA,829,0,7,4813,0,4820,G
6-NA,830,4778,1,5,0,4784,A
6-NA,831,1,0,4841,0,4842,G
6-NA,832,1,4693,0,3,4697,T
6-NA,833,5,1,4724,0,4730,G
6-NA,834,1,2,0,4803,4806,C
6-NA,835,0,4796,0,7,4803,T
6-NA,836,5,2,0,4805,4812,C
6-NA,837,1,3,0,4849,4853,C
6-NA,838,0,4857,0,9,4866,T
6-NA,839,1,0,4865,0,4866,G
6-NA,840,0,0,1,4802,4803,C
6-NA,841,0,4799,0,1,4800,T
6-NA,842,4834,1,1,0,4836,A
6-NA,843,1,4732,1,3,4737,T
6-NA,844,1,1,0,4760,4762,C
6-NA,845,0,0,0,4766,4766,C
6-NA,846,0,4758,0,5,4763,T
6-NA,847,3,3,0,4790,4796,C
6-NA,848,5,1,4782,1,4789,G
6-NA,849,4813,0,0,1,4814,A
6-NA,850,0,4823,0,4,4827,T
6-NA,851,4810,0,1,0,4811,A
6-NA,852,0,4807,0,2,4809,T
6-NA,853,7,2,0,4807,4816,C
6-NA,854,4,0,0,4804,4808,C
6-NA,855,0,4785,0,6,4791,T
6-NA,856,2,3,4803,0,4808,G
6-NA,857,1,0,4814,1,4816,G
6-NA,858,1,4864,0,8,4873,T
6-NA,859,1,0,4892,0,4893,G
6-NA,860,0,4853,0,6,4859,T
6-NA,861,9,0,0,4845,4854,C
6-NA,862,4858,0,3,0,4861,A
6-NA,863,0,2,4853,0,4855,G
6-NA,864,4845,3,4,0,4852,A
6-NA,865,0,4789,0,5,4794,T
6-NA,866,2,0,4805,0,4807,G
6-NA,867,1,4712,0,1,4714,T
6-NA,868,2,1,4724,2,4729,G
6-NA,869,1,4722,0,0,4723,T
6-NA,870,9,1,0,4740,4750,C
6-NA,871,4,4737,0,3,4744,T
6-NA,872,3,0,4736,0,4739,G
6-NA,873,0,4,0,4745,4749,C
6-NA,874,4749,0,6,0,4755,A
6-NA,875,1,4,4749,0,4754,G
6-NA,876,4620,1,5,0,4626,A
6-NA,877,0,5,4629,3,4637,G
6-NA,878,4612,1,2,0,4615,A
6-NA,879,1,1,0,4617,4619,C
6-NA,880,4618,0,6,1,4625,A
6-NA,881,4613,2,8,0,4623,A
6-NA,882,2,0,0,4638,4640,C
6-NA,883,0,4644,1,4,4649,T
6-NA,884,2,3,4640,0,4645,G
6-NA,885,0,3,4631,0,4634,G
6-NA,886,4606,1,3,0,4610,A
6-NA,887,4599,0,5,0,4604,A
6-NA,888,4500,0,4,1,4505,A
6-NA,889,0,2,4479,0,4481,G
6-NA,890,1,1,4431,0,4433,G
6-NA,891,4349,1,4,0,4354,A
6-NA,892,1,4437,0,1,4439,T
6-NA,893,3,1,0,4483,4487,C
6-NA,894,6,2,0,4558,4566,C
6-NA,895,4570,3,3,1,4577,A
6-NA,896,4563,0,0,0,4563,A
6-NA,897,0,4562,0,0,4562,T
6-NA,898,4447,0,3,0,4450,A
6-NA,899,3,2,4407,0,4412,G
6-NA,900,1,0,4386,1,4388,G
6-NA,901,0,1,0,4395,4396,C
6-NA,902,4,1,0,4358,4363,C
6-NA,903,6,1,0,4265,4272,C
6-NA,904,4285,0,3,0,4288,A
6-NA,905,0,4319,0,5,4324,T
6-NA,906,2,2,0,4342,4346,C
6-NA,907,2,1,4358,0,4361,G
6-NA,908,0,4321,0,2,4323,T
6-NA,909,4208,0,4,0,4212,A
6-NA,910,0,1,4300,0,4301,G
6-NA,911,4287,0,4,0,4291,A
6-NA,912,0,4307,0,2,4309,T
6-NA,913,4214,0,0,0,4214,A
6-NA,914,0,4174,0,1,4175,T
6-NA,915,4168,0,2,2,4172,A
6-NA,916,4150,2,1,0,4153,A
6-NA,917,4202,0,5,1,4208,A
6-NA,918,2,2,1,4270,4275,C
6-NA,919,4172,0,1,0,4173,A
6-NA,920,0,4149,1,1,4151,T
6-NA,921,4109,0,4,1,4114,A
6-NA,922,4109,0,4,1,4114,A
6-NA,923,4106,0,9,0,4115,A
6-NA,924,1,3,4126,0,4130,G
6-NA,925,0,5,4184,0,4189,G
6-NA,926,4042,0,4,0,4046,A
6-NA,927,1,4029,0,6,4036,T
6-NA,928,3,1,0,4045,4049,C
6-NA,929,4059,1,3,0,4063,A
6-NA,930,0,4069,0,2,4071,T
6-NA,931,4068,0,2,0,4070,A
6-NA,932,1,0,4090,0,4091,G
6-NA,933,0,2,0,4038,4040,C
6-NA,934,3923,0,1,0,3924,A
6-NA,935,0,3748,0,5,3753,T
6-NA,936,0,3766,0,1,3767,T
6-NA,937,0,1,3751,0,3752,G
6-NA,938,0,3748,0,5,3753,T
6-NA,939,4,1,0,3691,3696,C
6-NA,940,0,3959,0,11,3970,T
6-NA,941,7,0,0,3999,4006,C
6-NA,942,2,1,0,4027,4030,C
6-NA,943,4064,0,2,0,4066,A
6-NA,944,2,0,4126,0,4128,G
6-NA,945,0,4106,1,4,4111,T
6-NA,946,1,3817,1,0,3819,T
6-NA,947,3820,0,1,0,3821,A
6-NA,948,0,3678,0,1,3679,T
6-NA,949,1,0,3699,0,3700,G
6-NA,950,0,3631,0,3,3634,T
6-NA,951,0,0,3654,0,3654,G
6-NA,952,0,3501,0,1,3502,T
6-NA,953,1,1,3535,0,3537,G
6-NA,954,0,3514,0,6,3520,T
6-NA,955,0,3493,21,3,3517,T
6-NA,956,7,0,0,3515,3522,C
6-NA,957,3483,0,2,0,3485,A
6-NA,958,2,4,3497,0,3503,G
6-NA,959,0,2,3488,0,3490,G
6-NA,960,3407,2,0,0,3409,A
6-NA,961,0,1,0,3439,3440,C
6-NA,962,0,3302,0,4,3306,T
6-NA,963,0,3325,0,1,3326,T
6-NA,964,1,0,3439,0,3440,G
6-NA,965,1,3432,0,2,3435,T
6-NA,966,0,3444,0,3,3447,T
6-NA,967,1,3,3398,0,3402,G
6-NA,968,1,4,3399,0,3404,G
6-NA,969,3375,2,8,0,3385,A
6-NA,970,0,4,3388,0,3392,G
6-NA,971,3369,0,5,0,3374,A
6-NA,972,0,0,0,3382,3382,C
6-NA,973,3248,0,0,0,3248,A
6-NA,974,1,0,0,3276,3277,C
6-NA,975,3259,0,5,1,3265,A
6-NA,976,1,2,0,3279,3282,C
6-NA,977,1,1,1,3270,3273,C
6-NA,978,1,0,0,3283,3284,C
6-NA,979,3269,0,2,0,3271,A
6-NA,980,0,3,3284,0,3287,G
6-NA,981,3263,0,2,1,3266,A
6-NA,982,3297,0,0,0,3297,A
6-NA,983,3276,2,1,0,3279,A
6-NA,984,3262,0,4,0,3266,A
6-NA,985,3225,1,5,0,3231,A
6-NA,986,3232,0,1,2,3235,A
6-NA,987,0,1,0,3253,3254,C
6-NA,988,0,6,3235,0,3241,G
6-NA,989,3229,0,4,0,3233,A
6-NA,990,0,0,0,3239,3239,C
6-NA,991,3223,0,3,1,3227,A
6-NA,992,0,1,3254,0,3255,G
6-NA,993,2,2,0,3369,3373,C
6-NA,994,0,3319,0,3,3322,T
6-NA,995,5,0,0,3353,3358,C
6-NA,996,2,1,0,3370,3373,C
6-NA,997,3376,0,5,0,3381,A
6-NA,998,1,1,3413,0,3415,G
6-NA,999,3,2,0,3415,3420,C
6-NA,1000,3386,0,0,0,3386,A
6-NA,1001,0,0,3407,0,3407,G
6-NA,1002,1,3257,0,1,3259,T
6-NA,1003,3266,0,3,0,3269,A
6-NA,1004,2,0,3265,0,3267,G
6-NA,1005,0,1,0,3281,3282,C
6-NA,1006,3,0,0,3291,3294,C
6-NA,1007,3260,0,2,0,3262,A
6-NA,1008,0,3263,1,2,3266,T
6-NA,1009,0,3266,0,1,3267,T
6-NA,1010,1,0,3339,0,3340,G
6-NA,1011,0,3315,0,6,3321,T
6-NA,1012,0,3316,0,2,3318,T
6-NA,1013,0,3312,0,1,3313,T
6-NA,1014,1,3,3281,0,3285,G
6-NA,1015,0,1,3312,0,3313,G
6-NA,1016,3275,0,0,0,3275,A
6-NA,1017,0,3330,1,2,3333,T
6-NA,1018,5,0,0,3341,3346,C
6-NA,1019,0,0,0,3295,3295,C
6-NA,1020,1,3310,1,2,3314,T
6-NA,1021,3310,0,3,0,3313,A
6-NA,1022,3311,0,5,0,3316,A
6-NA,1023,2,2,0,3359,3363,C
6-NA,1024,3299,0,1,0,3300,A
6-NA,1025,3315,0,1,0,3316,A
6-NA,1026,0,3284,0,0,3284,T
6-NA,1027,0,3,3286,0,3289,G
6-NA,1028,3246,1,4,0,3251,A
6-NA,1029,1,3,3145,0,3149,G
6-NA,1030,0,0,3217,0,3217,G
6-NA,1031,3203,0,0,0,3203,A
6-NA,1032,3208,1,7,0,3216,A
6-NA,1033,1,0,3235,0,3236,G
6-NA,1034,0,0,3242,0,3242,G
6-NA,1035,0,3167,0,1,3168,T
6-NA,1036,0,0,3205,1,3206,G
6-NA,1037,1,1,3279,0,3281,G
6-NA,1038,0,3216,0,4,3220,T
6-NA,1039,17,1,0,3230,3248,C
6-NA,1040,3227,0,1,0,3228,A
6-NA,1041,0,3244,0,2,3246,T
6-NA,1042,1,12,3230,0,3243,G
6-NA,1043,1,3,3218,0,3222,G
6-NA,1044,1,2,3096,0,3099,G
6-NA,1045,0,1,3266,0,3267,G
6-NA,1046,0,3266,0,3,3269,T
6-NA,1047,1,3,3275,0,3279,G
6-NA,1048,3231,0,2,0,3233,A
6-NA,1049,3264,0,2,0,3266,A
6-NA,1050,3273,0,4,0,3277,A
6-NA,1051,1,3,3294,0,3298,G
6-NA,1052,0,0,3283,0,3283,G
6-NA,1053,1,0,0,3264,3265,C
6-NA,1054,0,3175,0,4,3179,T
6-NA,1055,1,1,3183,0,3185,G
6-NA,1056,2,3,3180,0,3185,G
6-NA,1057,1,0,3209,0,3210,G
6-NA,1058,0,1,1,3205,3207,C
6-NA,1059,2,0,0,3206,3208,C
6-NA,1060,0,3176,0,6,3182,T
6-NA,1061,0,3189,0,0,3189,T
6-NA,1062,0,3202,0,2,3204,T
6-NA,1063,1,2,3211,0,3214,G
6-NA,1064,3194,0,3,1,3198,A
6-NA,1065,1,3191,0,0,3192,T
6-NA,1066,0,1,3169,0,3170,G
6-NA,1067,3115,0,2,1,3118,A
6-NA,1068,0,3150,0,1,3151,T
6-NA,1069,1,2,3149,0,3152,G
6-NA,1070,3,4,3188,0,3195,G
6-NA,1071,3165,1,7,0,3173,A
6-NA,1072,3162,0,5,0,3167,A
6-NA,1073,3172,0,1,1,3174,A
6-NA,1074,0,3173,0,1,3174,T
6-NA,1075,0,4,3202,0,3206,G
6-NA,1076,3166,1,3,0,3170,A
6-NA,1077,1,1,0,3160,3162,C
6-NA,1078,0,0,3191,0,3191,G
6-NA,1079,0,3115,0,3,3118,T
6-NA,1080,2,0,3154,1,3157,G
6-NA,1081,0,3148,1,3,3152,T
6-NA,1082,0,0,3152,1,3153,G
6-NA,1083,0,1,3183,0,3184,G
6-NA,1084,3136,0,3,0,3139,A
6-NA,1085,0,3135,0,4,3139,T
6-NA,1086,0,7,3146,0,3153,G
6-NA,1087,0,1,3149,0,3150,G
6-NA,1088,0,1,3181,0,3182,G
6-NA,1089,3159,1,1,0,3161,A
6-NA,1090,3149,0,3,0,3152,A
6-NA,1091,2,2,3158,0,3162,G
6-NA,1092,3120,0,7,0,3127,A
6-NA,1093,3128,0,2,0,3130,A
6-NA,1094,0,1,0,3119,3120,C
6-NA,1095,1,2,3102,0,3105,G
6-NA,1096,3084,0,1,0,3085,A
6-NA,1097,1,3042,0,0,3043,T
6-NA,1098,3,1,0,3058,3062,C
6-NA,1099,3060,0,3,0,3063,A
6-NA,1100,1,0,3073,0,3074,G
6-NA,1101,0,0,0,3060,3060,C
6-NA,1102,0,4,3073,0,3077,G
6-NA,1103,3045,1,2,0,3048,A
6-NA,1104,1,1,3065,0,3067,G
6-NA,1105,3059,0,1,0,3060,A
6-NA,1106,3070,0,2,0,3072,A
6-NA,1107,0,1,3092,0,3093,G
6-NA,1108,0,3052,1,1,3054,T
6-NA,1109,5,1,0,3040,3046,C
6-NA,1110,3042,0,1,0,3043,A
6-NA,1111,2,2,1,3129,3134,C
6-NA,1112,1,1,3144,0,3146,G
6-NA,1113,0,1,0,3138,3139,C
6-NA,1114,0,3123,0,4,3127,T
6-NA,1115,0,3140,0,0,3140,T
6-NA,1116,3086,0,0,0,3086,A
6-NA,1117,1,3,3168,0,3172,G
6-NA,1118,1,2,3171,0,3174,G
6-NA,1119,3,0,3251,1,3255,G
6-NA,1120,0,3071,0,1,3072,T
6-NA,1121,3098,1,0,0,3099,A
6-NA,1122,0,3081,0,3,3084,T
6-NA,1123,1,1,3084,0,3086,G
6-NA,1124,3089,1,1,0,3091,A
6-NA,1125,3086,1,1,0,3088,A
6-NA,1126,2922,0,5,0,2927,A
6-NA,1127,0,0,0,2942,2942,C
6-NA,1128,2,1,0,2887,2890,C
6-NA,1129,0,2875,0,1,2876,T
6-NA,1130,0,2871,0,4,2875,T
6-NA,1131,1,1,0,2881,2883,C
6-NA,1132,2877,0,3,0,2880,A
6-NA,1133,2881,1,1,0,2883,A
6-NA,1134,2881,2,0,0,2883,A
6-NA,1135,0,1,2897,0,2898,G
6-NA,1136,3,2844,0,1,2848,T
6-NA,1137,8,1,0,2871,2880,C
6-NA,1138,2947,1,1,0,2949,A
6-NA,1139,0,2945,0,1,2946,T
6-NA,1140,0,2947,0,3,2950,T
6-NA,1141,1,1,2957,0,2959,G
6-NA,1142,2941,0,2,0,2943,A
6-NA,1143,2958,0,8,0,2966,A
6-NA,1144,1,3,3018,1,3023,G
6-NA,1145,1,0,3014,0,3015,G
6-NA,1146,2,1,0,3013,3016,C
6-NA,1147,0,2927,1,3,2931,T
6-NA,1148,2,0,2946,0,2948,G
6-NA,1149,0,0,3018,0,3018,G
6-NA,1150,0,3001,0,5,3006,T
6-NA,1151,4,2,0,3002,3008,C
6-NA,1152,3,0,0,2992,2995,C
6-NA,1153,2991,0,5,0,2996,A
6-NA,1154,3007,0,1,0,3008,A
6-NA,1155,1,0,0,3033,3034,C
6-NA,1156,0,0,0,3023,3023,C
6-NA,1157,4,0,0,3024,3028,C
6-NA,1158,2,2905,0,2,2909,T
6-NA,1159,2912,0,0,0,2912,A
6-NA,1160,2909,0,1,0,2910,A
6-NA,1161,2,0,2926,0,2928,G
6-NA,1162,0,2895,0,6,2901,T
6-NA,1163,8,0,0,2891,2899,C
6-NA,1164,2,1,0,2854,2857,C
6-NA,1165,2868,0,2,0,2870,A
6-NA,1166,2861,0,0,0,2861,A
6-NA,1167,2880,0,0,0,2880,A
6-NA,1168,0,2857,0,1,2858,T
6-NA,1169,0,2880,0,0,2880,T
6-NA,1170,0,2,2873,0,2875,G
6-NA,1171,1,1,0,2858,2860,C
6-NA,1172,2853,1,3,0,2857,A
6-NA,1173,1,0,2877,0,2878,G
6-NA,1174,2872,0,0,0,2872,A
6-NA,1175,0,2919,0,0,2919,T
6-NA,1176,2923,0,0,0,2923,A
6-NA,1177,2919,0,2,0,2921,A
6-NA,1178,2917,0,3,0,2920,A
6-NA,1179,0,2907,0,0,2907,T
6-NA,1180,2901,0,4,0,2905,A
6-NA,1181,0,1,2898,0,2899,G
6-NA,1182,2,0,2880,0,2882,G
6-NA,1183,1,1,0,2871,2873,C
6-NA,1184,2820,0,1,0,2821,A
6-NA,1185,2853,0,3,0,2856,A
6-NA,1186,2,0,2878,0,2880,G
6-NA,1187,0,2868,0,5,2873,T
6-NA,1188,1,0,0,2881,2882,C
6-NA,1189,2887,0,0,0,2887,A
6-NA,1190,0,2897,0,0,2897,T
6-NA,1191,2913,0,1,0,2914,A
6-NA,1192,2,0,2916,0,2918,G
6-NA,1193,0,2917,0,0,2917,T
6-NA,1194,0,2835,0,3,2838,T
6-NA,1195,0,1,2826,0,2827,G
6-NA,1196,2818,0,4,0,2822,A
6-NA,1197,0,0,0,2812,2812,C
6-NA,1198,2765,0,1,0,2766,A
6-NA,1199,0,1,2823,0,2824,G
6-NA,1200,2796,0,4,0,2800,A
6-NA,1201,1,0,2896,0,2897,G
6-NA,1202,0,1,2907,0,2908,G
6-NA,1203,0,2886,0,1,2887,T
6-NA,1204,2887,1,1,0,2889,A
6-NA,1205,2884,0,6,0,2890,A
6-NA,1206,0,2879,0,1,2880,T
6-NA,1207,2877,1,2,0,2880,A
6-NA,1208,1,0,2836,1,2838,G
6-NA,1209,0,1,2790,0,2791,G
6-NA,1210,0,2630,0,2,2632,T
6-NA,1211,2,2,0,2626,2630,C
6-NA,1212,2,1,0,2620,2623,C
6-NA,1213,1,5,2635,0,2641,G
6-NA,1214,1,0,2648,0,2649,G
6-NA,1215,0,2649,0,1,2650,T
6-NA,1216,0,2650,1,0,2651,T
6-NA,1217,2634,0,0,0,2634,A
6-NA,1218,1,2596,0,0,2597,T
6-NA,1219,0,2613,0,2,2615,T
6-NA,1220,4,0,0,2609,2613,C
6-NA,1221,0,2577,0,4,2581,T
6-NA,1222,0,2,2580,0,2582,G
6-NA,1223,1,0,2598,0,2599,G
6-NA,1224,0,2589,0,2,2591,T
6-NA,1225,2603,0,0,0,2603,A
6-NA,1226,0,2550,0,5,2555,T
6-NA,1227,0,2572,1,4,2577,T
6-NA,1228,1,2571,1,2,2575,T
6-NA,1229,0,2562,0,1,2563,T
6-NA,1230,1,1,0,2583,2585,C
6-NA,1231,0,2529,0,2,2531,T
6-NA,1232,2,0,0,2551,2553,C
6-NA,1233,0,2542,0,1,2543,T
6-NA,1234,0,0,2594,0,2594,G
6-NA,1235,1,2584,0,5,2590,T
6-NA,1236,0,2568,0,1,2569,T
6-NA,1237,0,1,2576,0,2577,G
6-NA,1238,2545,0,2,0,2547,A
6-NA,1239,2543,0,9,0,2552,A
6-NA,1240,1,2,2561,0,2564,G
6-NA,1241,2,0,2556,0,2558,G
6-NA,1242,2,0,1,2558,2561,C
6-NA,1243,2534,0,0,0,2534,A
6-NA,1244,2527,0,3,0,2530,A
6-NA,1245,2533,0,6,0,2539,A
6-NA,1246,2548,0,3,0,2551,A
6-NA,1247,0,0,2543,0,2543,G
6-NA,1248,0,1,1,2536,2538,C
6-NA,1249,0,2492,0,2,2494,T
6-NA,1250,2,0,2516,0,2518,G
6-NA,1251,0,0,0,2522,2522,C
6-NA,1252,2523,0,1,0,2524,A
6-NA,1253,0,2503,0,2,2505,T
6-NA,1254,2,0,0,2492,2494,C
6-NA,1255,2504,0,0,0,2504,A
6-NA,1256,2502,0,1,0,2503,A
6-NA,1257,0,2489,0,0,2489,T
6-NA,1258,4,0,0,2503,2507,C
6-NA,1259,1,0,2479,0,2480,G
6-NA,1260,0,0,2512,0,2512,G
6-NA,1261,0,2505,0,0,2505,T
6-NA,1262,0,1,2505,0,2506,G
6-NA,1263,2,1,0,2511,2514,C
6-NA,1264,0,2496,0,3,2499,T
6-NA,1265,0,2521,0,2,2523,T
6-NA,1266,0,2527,0,2,2529,T
6-NA,1267,0,2541,0,0,2541,T
6-NA,1268,2555,0,0,0,2555,A
6-NA,1269,0,2449,0,3,2452,T
6-NA,1270,1,0,2465,0,2466,G
6-NA,1271,0,2434,0,4,2438,T
6-NA,1272,0,4,2407,0,2411,G
6-NA,1273,1,0,2451,0,2452,G
6-NA,1274,2400,1,2,0,2403,A
6-NA,1275,0,0,2428,0,2428,G
6-NA,1276,0,2411,1,1,2413,T
6-NA,1277,0,2396,0,3,2399,T
6-NA,1278,0,1,2422,0,2423,G
6-NA,1279,2412,0,5,0,2417,A
6-NA,1280,0,2418,0,0,2418,T
6-NA,1281,2405,0,4,0,2409,A
6-NA,1282,2318,0,5,0,2323,A
6-NA,1283,1,3,2347,0,2351,G
6-NA,1284,0,0,2305,0,2305,G
6-NA,1285,0,0,2286,0,2286,G
6-NA,1286,2,2,2273,0,2277,G
6-NA,1287,2224,0,1,0,2225,A
6-NA,1288,2218,0,1,1,2220,A
6-NA,1289,0,1,2232,0,2233,G
6-NA,1290,2232,0,1,0,2233,A
6-NA,1291,2230,0,1,0,2231,A
6-NA,1292,2202,0,0,0,2202,A
6-NA,1293,2151,0,5,0,2156,A
6-NA,1294,0,2,2164,0,2166,G
6-NA,1295,2143,0,1,0,2144,A
6-NA,1296,0,2,2147,0,2149,G
6-NA,1297,0,3,2144,0,2147,G
6-NA,1298,2110,0,2,0,2112,A
6-NA,1299,2114,0,3,0,2117,A
6-NA,1300,2103,0,2,0,2105,A
6-NA,1301,0,3,0,2122,2125,C
6-NA,1302,0,2120,0,1,2121,T
6-NA,1303,0,1,2122,0,2123,G
6-NA,1304,2107,0,3,0,2110,A
6-NA,1305,2102,0,9,0,2111,A
6-NA,1306,0,0,2116,0,2116,G
6-NA,1307,0,2070,0,0,2070,T
6-NA,1308,3,0,0,2114,2117,C
6-NA,1309,0,2108,0,3,2111,T
6-NA,1310,0,2087,0,2,2089,T
6-NA,1311,1,0,2098,0,2099,G
6-NA,1312,0,2082,0,1,2083,T
6-NA,1313,0,0,2083,0,2083,G
6-NA,1314,1,3,2066,0,2070,G
6-NA,1315,2016,0,4,0,2020,A
6-NA,1316,0,2,0,2031,2033,C
6-NA,1317,1,0,0,1982,1983,C
6-NA,1318,0,1980,0,5,1985,T
6-NA,1319,8,0,0,1982,1990,C
6-NA,1320,2007,0,1,0,2008,A
6-NA,1321,2008,0,0,0,2008,A
6-NA,1322,2000,0,0,0,2000,A
6-NA,1323,1,2,0,2022,2025,C
6-NA,1324,1960,1,0,0,1961,A
6-NA,1325,1,0,2000,0,2001,G
6-NA,1326,0,1975,0,0,1975,T
6-NA,1327,1973,0,1,0,1974,A
6-NA,1328,0,1958,0,1,1959,T
6-NA,1329,0,1943,0,1,1944,T
6-NA,1330,0,1,1947,1,1949,G
6-NA,1331,0,1933,0,5,1938,T
6-NA,1332,0,1867,0,2,1869,T
6-NA,1333,1,0,1877,0,1878,G
6-NA,1334,0,1745,0,1,1746,T
6-NA,1335,0,0,1762,0,1762,G
6-NA,1336,0,1740,0,3,1743,T
6-NA,1337,0,1717,0,2,1719,T
6-NA,1338,0,1717,1,1,1719,T
6-NA,1339,0,1677,0,0,1677,T
6-NA,1340,0,0,1681,0,1681,G
6-NA,1341,0,1672,0,3,1675,T
6-NA,1342,0,1,1668,0,1669,G
6-NA,1343,0,1,1655,0,1656,G
6-NA,1344,0,0,0,1640,1640,C
6-NA,1345,1635,0,3,0,1638,A
6-NA,1346,1,2,0,1644,1647,C
6-NA,1347,3,4,0,1641,1648,C
6-NA,1348,0,1641,0,3,1644,T
6-NA,1349,2,0,0,1649,1651,C
6-NA,1350,1650,0,1,0,1651,A
6-NA,1351,1,1,1664,0,1666,G
6-NA,1352,0,0,1662,0,1662,G
6-NA,1353,1,1651,1,1,1654,T
6-NA,1354,1645,0,1,0,1646,A
6-NA,1355,1,0,1,1525,1527,C
6-NA,1356,1501,0,1,0,1502,A
6-NA,1357,0,1502,1,1,1504,T
6-NA,1358,1456,0,7,0,1463,A
6-NA,1359,0,1462,0,0,1462,T
6-NA,1360,0,1,1350,0,1351,G
6-NA,1361,0,2,1362,0,1364,G
6-NA,1362,1350,0,1,0,1351,A
6-NA,1363,1327,0,0,0,1327,A
6-NA,1364,0,0,0,1305,1305,C
6-NA,1365,1078,0,0,0,1078,A
6-NA,1366,1,0,1069,0,1070,G
6-NA,1367,0,0,1068,0,1068,G
6-NA,1368,0,0,0,1065,1065,C
6-NA,1369,0,1068,0,0,1068,T
6-NA,1370,2,1,0,1009,1012,C
6-NA,1371,1011,0,0,0,1011,A
6-NA,1372,0,1006,0,1,1007,T
6-NA,1373,0,0,1009,0,1009,G
6-NA,1374,1,0,1011,0,1012,G
6-NA,1375,0,0,0,975,975,C
6-NA,1376,2,0,0,959,961,C
6-NA,1377,0,904,0,1,905,T
6-NA,1378,0,1,911,0,912,G
6-NA,1379,902,0,1,0,903,A
6-NA,1380,0,910,0,0,910,T
6-NA,1381,0,0,893,0,893,G
6-NA,1382,0,2,872,0,874,G
6-NA,1383,0,0,831,0,831,G
6-NA,1384,0,0,833,0,833,G
6-NA,1385,0,0,0,803,803,C
6-NA,1386,0,0,817,0,817,G
6-NA,1387,0,2,809,0,811,G
6-NA,1388,793,0,1,0,794,A
6-NA,1389,0,0,0,792,792,C
6-NA,1390,791,0,0,0,791,A
6-NA,1391,0,773,0,0,773,T
6-NA,1392,0,0,0,759,759,C
6-NA,1393,756,0,1,0,757,A
6-NA,1394,755,0,1,0,756,A
6-NA,1395,1,747,0,1,749,T
6-NA,1396,0,0,0,731,731,C
6-NA,1397,0,706,0,1,707,T
6-NA,1398,2,0,0,615,617,C
6-NA,1399,609,0,0,0,609,A
6-NA,1400,0,603,0,1,604,T
6-NA,1401,1,0,602,0,603,G
6-NA,1402,0,1,0,599,600,C
6-NA,1403,1,1,0,583,585,C
6-NA,1404,0,529,0,0,529,T
6-NA,1405,527,0,0,0,527,A
6-NA,1406,0,527,0,0,527,T
6-NA,1407,523,0,0,0,523,A
6-NA,1408,0,522,0,0,522,T
6-NA,1409,483,0,0,0,483,A
6-NA,1410,453,0,0,0,453,A
7-M,1,201,0,0,0,201,A
7-M,2,0,208,0,0,208,T
7-M,3,0,0,206,0,206,G
7-M,4,211,0,0,0,211,A
7-M,5,0,0,227,0,227,G
7-M,6,0,0,0,236,236,C
7-M,7,0,0,0,253,253,C
7-M,8,0,350,0,2,352,T
7-M,9,0,356,0,1,357,T
7-M,10,0,0,0,360,360,C
7-M,11,0,361,0,0,361,T
7-M,12,367,0,0,0,367,A
7-M,13,365,0,2,0,367,A
7-M,14,0,0,0,367,367,C
7-M,15,0,0,0,367,367,C
7-M,16,0,0,367,0,367,G
7-M,17,365,0,0,0,365,A
7-M,18,0,0,378,0,378,G
7-M,19,0,0,377,0,377,G
7-M,20,0,379,0,0,379,T
7-M,21,0,0,0,386,386,C
7-M,22,0,0,383,0,383,G
7-M,23,391,0,1,0,392,A
7-M,24,396,0,0,0,396,A
7-M,25,401,0,0,0,401,A
7-M,26,0,0,0,436,436,C
7-M,27,0,0,440,0,440,G
7-M,28,0,446,0,0,446,T
7-M,29,448,0,0,0,448,A
7-M,30,0,449,0,0,449,T
7-M,31,0,0,459,0,459,G
7-M,32,0,459,0,0,459,T
7-M,33,0,517,0,0,517,T
7-M,34,0,0,0,533,533,C
7-M,35,0,534,0,0,534,T
7-M,36,0,0,0,564,564,C
7-M,37,0,564,0,0,564,T
7-M,38,0,0,0,586,586,C
7-M,39,0,591,0,1,592,T
7-M,40,597,0,0,0,597,A
7-M,41,1,601,0,0,602,T
7-M,42,0,0,0,604,604,C
7-M,43,0,0,605,0,605,G
7-M,44,0,619,0,0,619,T
7-M,45,0,610,0,3,613,T
7-M,46,0,0,0,629,629,C
7-M,47,0,0,0,675,675,C
7-M,48,681,0,0,0,681,A
7-M,49,0,682,0,1,683,T
7-M,50,0,1,0,681,682,C
7-M,51,675,0,0,0,675,A
7-M,52,0,2,685,0,687,G
7-M,53,0,0,681,0,681,G
7-M,54,0,0,0,683,683,C
7-M,55,1,0,0,689,690,C
7-M,56,1,0,0,699,700,C
7-M,57,0,0,0,732,732,C
7-M,58,0,0,0,738,738,C
7-M,59,0,734,0,3,737,T
7-M,60,0,0,0,745,745,C
7-M,61,742,0,0,0,742,A
7-M,62,743,0,0,0,743,A
7-M,63,753,1,1,0,755,A
7-M,64,0,0,764,0,764,G
7-M,65,0,0,0,763,763,C
7-M,66,0,0,0,766,766,C
7-M,67,0,0,766,0,766,G
7-M,68,754,0,0,0,754,A
7-M,69,0,0,768,0,768,G
7-M,70,773,0,0,0,773,A
7-M,71,0,775,0,0,775,T
7-M,72,0,0,0,779,779,C
7-M,73,0,0,778,0,778,G
7-M,74,0,1,0,786,787,C
7-M,75,2,0,781,0,783,G
7-M,76,0,0,0,787,787,C
7-M,77,785,0,0,0,785,A
7-M,78,0,0,790,0,790,G
7-M,79,779,0,1,0,780,A
7-M,80,0,1,844,0,845,G
7-M,81,840,0,0,0,840,A
7-M,82,0,0,0,867,867,C
7-M,83,0,868,0,0,868,T
7-M,84,0,863,0,0,863,T
7-M,85,0,0,874,0,874,G
7-M,86,870,0,0,0,870,A
7-M,87,871,0,2,0,873,A
7-M,88,0,0,874,0,874,G
7-M,89,858,0,0,0,858,A
7-M,90,0,866,0,2,868,T
7-M,91,0,0,878,0,878,G
7-M,92,0,873,0,0,873,T
7-M,93,1,0,0,876,877,C
7-M,94,0,874,0,1,875,T
7-M,95,0,874,0,1,875,T
7-M,96,0,873,0,1,874,T
7-M,97,0,2,872,0,874,G
7-M,98,0,1,0,872,873,C
7-M,99,0,869,0,0,869,T
7-M,100,0,1,871,0,872,G
7-M,101,2,1,863,0,866,G
7-M,102,0,3,875,0,878,G
7-M,103,877,0,0,0,877,A
7-M,104,878,0,0,0,878,A
7-M,105,888,0,0,0,888,A
7-M,106,882,0,0,0,882,A
7-M,107,890,0,1,0,891,A
7-M,108,0,0,0,898,898,C
7-M,109,898,0,0,0,898,A
7-M,110,0,0,0,901,901,C
7-M,111,887,0,2,0,889,A
7-M,112,0,1,910,0,911,G
7-M,113,919,0,0,0,919,A
7-M,114,0,941,0,0,941,T
7-M,115,2,0,0,946,948,C
7-M,116,0,951,0,0,951,T
7-M,117,0,941,0,0,941,T
7-M,118,0,1,944,0,945,G
7-M,119,940,0,2,0,942,A
7-M,120,0,1,946,0,947,G
7-M,121,1,0,937,0,938,G
7-M,122,0,0,0,941,941,C
7-M,123,0,932,0,2,934,T
7-M,124,1,0,0,1027,1028,C
7-M,125,0,1026,0,3,1029,T
7-M,126,1,0,0,1033,1034,C
7-M,127,1034,0,1,0,1035,A
7-M,128,0,1040,0,0,1040,T
7-M,129,1,1,1039,0,1041,G
7-M,130,0,0,1038,0,1038,G
7-M,131,1030,0,1,0,1031,A
7-M,132,1025,0,3,0,1028,A
7-M,133,0,996,0,0,996,T
7-M,134,0,2,1040,0,1042,G
7-M,135,0,0,1077,0,1077,G
7-M,136,0,0,0,1088,1088,C
7-M,137,0,1087,0,2,1089,T
7-M,138,1094,0,0,1,1095,A
7-M,139,1086,0,0,1,1087,A
7-M,140,1108,0,3,0,1111,A
7-M,141,0,3,1123,0,1126,G
7-M,142,1118,1,1,0,1120,A
7-M,143,0,0,0,1122,1122,C
7-M,144,1073,0,1,0,1074,A
7-M,145,1086,0,1,0,1087,A
7-M,146,1,3,1109,0,1113,G
7-M,147,1113,0,0,0,1113,A
7-M,148,0,1,0,1119,1120,C
7-M,149,1,0,0,1105,1106,C
7-M,150,1114,0,0,0,1114,A
7-M,151,1119,0,1,0,1120,A
7-M,152,0,1120,0,2,1122,T
7-M,153,0,1128,0,0,1128,T
7-M,154,1,0,0,1139,1140,C
7-M,155,0,1134,0,0,1134,T
7-M,156,0,0,1139,0,1139,G
7-M,157,0,1130,0,1,1131,T
7-M,158,1,2,0,1132,1135,C
7-M,159,1134,0,2,0,1136,A
7-M,160,0,0,0,1181,1181,C
7-M,161,1,0,0,1180,1181,C
7-M,162,1,1176,0,0,1177,T
7-M,163,0,0,0,1186,1186,C
7-M,164,1,1184,0,0,1185,T
7-M,165,1,2,1203,0,1206,G
7-M,166,1203,0,0,1,1204,A
7-M,167,0,0,0,1213,1213,C
7-M,168,0,1214,0,0,1214,T
7-M,169,1198,0,0,0,1198,A
7-M,170,1182,0,1,0,1183,A
7-M,171,0,1,1191,0,1192,G
7-M,172,0,1,1192,0,1193,G
7-M,173,0,0,1195,0,1195,G
7-M,174,1,0,1200,0,1201,G
7-M,175,1202,0,0,0,1202,A
7-M,176,0,1211,0,0,1211,T
7-M,177,0,1222,0,0,1222,T
7-M,178,0,1220,0,0,1220,T
7-M,179,0,1221,0,1,1222,T
7-M,180,1,1,1217,0,1219,G
7-M,181,0,3,1214,0,1217,G
7-M,182,1,3,1209,0,1213,G
7-M,183,0,0,1220,0,1220,G
7-M,184,0,1190,0,2,1192,T
7-M,185,0,1198,0,0,1198,T
7-M,186,0,1202,0,1,1203,T
7-M,187,0,0,1223,0,1223,G
7-M,188,0,1222,0,0,1222,T
7-M,189,0,0,1238,0,1238,G
7-M,190,0,1245,0,1,1246,T
7-M,191,0,1245,0,1,1246,T
7-M,192,3,0,0,1253,1256,C
7-M,193,1257,0,0,0,1257,A
7-M,194,0,0,0,1295,1295,C
7-M,195,2,1,1281,0,1284,G
7-M,196,0,1,0,1273,1274,C
7-M,197,0,1214,0,3,1217,T
7-M,198,0,0,0,1260,1260,C
7-M,199,1256,1,1,0,1258,A
7-M,200,0,0,0,1281,1281,C
7-M,201,0,1,0,1275,1276,C
7-M,202,0,0,1279,0,1279,G
7-M,203,0,1284,1,2,1287,T
7-M,204,1,0,1289,0,1290,G
7-M,205,0,0,0,1297,1297,C
7-M,206,1,0,0,1286,1287,C
7-M,207,1,0,0,1288,1289,C
7-M,208,1274,0,2,0,1276,A
7-M,209,1,0,1291,0,1292,G
7-M,210,0,1273,0,1,1274,T
7-M,211,0,5,1273,0,1278,G
7-M,212,1290,0,1,0,1291,A
7-M,213,1,0,1290,0,1291,G
7-M,214,0,1,0,1282,1283,C
7-M,215,2,0,1289,0,1291,G
7-M,216,1276,0,2,0,1278,A
7-M,217,0,1,1301,0,1302,G
7-M,218,0,5,1294,0,1299,G
7-M,219,1288,0,2,0,1290,A
7-M,220,0,0,0,1329,1329,C
7-M,221,0,1318,0,1,1319,T
7-M,222,0,0,1318,0,1318,G
7-M,223,0,0,0,1315,1315,C
7-M,224,1321,0,2,0,1323,A
7-M,225,0,0,1358,0,1358,G
7-M,226,0,0,0,1360,1360,C
7-M,227,1,0,1372,0,1373,G
7-M,228,0,1369,0,0,1369,T
7-M,229,1367,0,0,0,1367,A
7-M,230,0,3,1359,0,1362,G
7-M,231,1356,0,1,0,1357,A
7-M,232,1,0,0,1362,1363,C
7-M,233,0,0,1362,0,1362,G
7-M,234,0,0,0,1354,1354,C
7-M,235,0,1326,1,1,1328,T
7-M,236,0,1323,0,1,1324,T
7-M,237,0,1326,0,0,1326,T
7-M,238,2,0,1356,0,1358,G
7-M,239,0,1352,0,0,1352,T
7-M,240,1,0,0,1350,1351,C
7-M,241,1,0,0,1352,1353,C
7-M,242,1364,0,1,0,1365,A
7-M,243,1358,0,0,1,1359,A
7-M,244,1363,0,1,0,1364,A
7-M,245,1355,0,0,0,1355,A
7-M,246,0,1360,0,1,1361,T
7-M,247,0,0,1354,1,1355,G
7-M,248,0,0,0,1342,1342,C
7-M,249,0,0,0,1346,1346,C
7-M,250,0,1,0,1352,1353,C
7-M,251,0,1354,0,2,1356,T
7-M,252,1,0,0,1397,1398,C
7-M,253,1404,0,0,0,1404,A
7-M,254,1409,0,0,1,1410,A
7-M,255,0,1424,0,0,1424,T
7-M,256,2,0,1426,0,1428,G
7-M,257,2,1,1433,0,1436,G
7-M,258,0,1,1455,0,1456,G
7-M,259,1459,0,2,0,1461,A
7-M,260,1454,0,1,0,1455,A
7-M,261,0,1423,0,0,1423,T
7-M,262,0,1,1420,0,1421,G
7-M,263,0,0,1424,0,1424,G
7-M,264,1401,0,2,0,1403,A
7-M,265,0,2,1403,0,1405,G
7-M,266,1394,0,0,0,1394,A
7-M,267,1,1,0,1366,1368,C
7-M,268,2,0,0,1424,1426,C
7-M,269,2,0,0,1440,1442,C
7-M,270,1450,0,1,0,1451,A
7-M,271,1447,0,1,0,1448,A
7-M,272,1451,0,1,0,1452,A
7-M,273,0,1460,0,1,1461,T
7-M,274,1495,0,1,0,1496,A
7-M,275,1499,1,1,0,1501,A
7-M,276,0,0,0,1471,1471,C
7-M,277,1460,0,1,0,1461,A
7-M,278,1,1452,0,1,1454,T
7-M,279,0,1,1478,0,1479,G
7-M,280,0,1,1483,0,1484,G
7-M,281,1477,0,4,0,1481,A
7-M,282,0,0,0,1489,1489,C
7-M,283,1454,0,0,0,1454,A
7-M,284,1462,0,0,1,1463,A
7-M,285,1453,0,6,0,1459,A
7-M,286,0,0,1470,0,1470,G
7-M,287,0,0,0,1501,1501,C
7-M,288,1467,0,1,0,1468,A
7-M,289,0,0,1494,0,1494,G
7-M,290,0,1490,0,2,1492,T
7-M,291,0,1488,0,0,1488,T
7-M,292,1500,0,0,0,1500,A
7-M,293,1487,0,0,0,1487,A
7-M,294,1493,0,0,0,1493,A
7-M,295,0,0,0,1500,1500,C
7-M,296,0,1474,0,0,1474,T
7-M,297,1,0,1647,0,1648,G
7-M,298,0,1634,0,0,1634,T
7-M,299,1644,0,2,0,1646,A
7-M,300,0,1648,0,1,1649,T
7-M,301,1635,0,1,0,1636,A
7-M,302,0,0,1629,0,1629,G
7-M,303,1,1,1618,0,1620,G
7-M,304,1610,0,0,0,1610,A
7-M,305,1607,0,0,0,1607,A
7-M,306,1542,0,1,0,1543,A
7-M,307,0,1,0,1560,1561,C
7-M,308,0,1558,0,2,1560,T
7-M,309,0,1568,0,0,1568,T
7-M,310,1561,0,1,0,1562,A
7-M,311,1562,0,1,0,1563,A
7-M,312,0,3,1560,0,1563,G
7-M,313,1558,0,0,1,1559,A
7-M,314,0,0,1560,0,1560,G
7-M,315,1506,0,2,0,1508,A
7-M,316,0,0,1547,0,1547,G
7-M,317,1554,0,1,0,1555,A
7-M,318,0,1,1583,0,1584,G
7-M,319,1577,0,4,0,1581,A
7-M,320,0,1577,0,2,1579,T
7-M,321,1583,0,1,0,1584,A
7-M,322,1583,2,0,1,1586,A
7-M,323,0,0,0,1595,1595,C
7-M,324,0,0,1595,0,1595,G
7-M,325,0,1597,0,0,1597,T
7-M,326,0,1593,0,2,1595,T
7-M,327,3,0,0,1599,1602,C
7-M,328,1,0,0,1605,1606,C
7-M,329,1610,0,0,0,1610,A
7-M,330,0,1603,0,2,1605,T
7-M,331,0,2,1599,0,1601,G
7-M,332,0,4,1584,1,1589,G
7-M,333,0,0,1588,0,1588,G
7-M,334,1,1,1587,0,1589,G
7-M,335,0,2,0,1590,1592,C
7-M,336,1,1,0,1593,1595,C
7-M,337,1598,0,0,1,1599,A
7-M,338,1604,0,0,0,1604,A
7-M,339,1608,1,0,0,1609,A
7-M,340,0,0,1620,0,1620,G
7-M,341,1617,0,1,0,1618,A
7-M,342,1597,0,3,0,1600,A
7-M,343,1595,0,1,0,1596,A
7-M,344,0,1593,0,1,1594,T
7-M,345,1588,0,1,0,1589,A
7-M,346,2,0,1588,0,1590,G
7-M,347,0,0,0,1581,1581,C
7-M,348,0,1575,0,2,1577,T
7-M,349,3,1,0,1573,1577,C
7-M,350,0,1571,0,1,1572,T
7-M,351,3,0,0,1614,1617,C
7-M,352,1621,0,0,0,1621,A
7-M,353,0,0,1614,0,1614,G
7-M,354,1,1601,0,0,1602,T
7-M,355,0,1638,0,0,1638,T
7-M,356,1644,0,0,0,1644,A
7-M,357,0,1643,0,1,1644,T
7-M,358,0,1629,0,2,1631,T
7-M,359,1,2,0,1650,1653,C
7-M,360,0,1614,0,1,1615,T
7-M,361,1,0,1620,1,1622,G
7-M,362,0,1,1,1623,1625,C
7-M,363,0,1625,0,1,1626,T
7-M,364,0,2,1626,0,1628,G
7-M,365,0,0,1619,0,1619,G
7-M,366,0,1613,0,0,1613,T
7-M,367,0,1,1613,0,1614,G
7-M,368,0,2,0,1610,1612,C
7-M,369,1612,0,1,0,1613,A
7-M,370,0,1,0,1605,1606,C
7-M,371,0,1604,0,0,1604,T
7-M,372,0,1631,0,0,1631,T
7-M,373,0,1,1630,0,1631,G
7-M,374,0,0,0,1623,1623,C
7-M,375,0,1,0,1631,1632,C
7-M,376,1617,0,2,0,1619,A
7-M,377,0,0,1666,0,1666,G
7-M,378,0,1666,0,2,1668,T
7-M,379,0,1662,0,0,1662,T
7-M,380,0,0,1663,0,1663,G
7-M,381,0,1625,1,1,1627,T
7-M,382,1673,0,2,0,1675,A
7-M,383,0,1664,0,1,1665,T
7-M,384,1,3,1662,0,1666,G
7-M,385,0,3,1664,0,1667,G
7-M,386,0,1,1648,0,1649,G
7-M,387,0,0,0,1672,1672,C
7-M,388,2,0,0,1708,1710,C
7-M,389,0,1674,0,3,1677,T
7-M,390,3,1,0,1700,1704,C
7-M,391,1785,0,1,0,1786,A
7-M,392,0,1792,0,0,1792,T
7-M,393,1820,1,0,0,1821,A
7-M,394,0,1813,0,1,1814,T
7-M,395,1781,0,1,0,1782,A
7-M,396,0,1,0,1891,1892,C
7-M,397,1827,1,0,0,1828,A
7-M,398,1828,0,0,0,1828,A
7-M,399,0,1813,0,1,1814,T
7-M,400,1719,0,2,0,1721,A
7-M,401,0,2,1740,0,1742,G
7-M,402,1,2,1718,0,1721,G
7-M,403,1718,1,0,0,1719,A
7-M,404,0,1722,0,0,1722,T
7-M,405,0,0,1624,0,1624,G
7-M,406,0,1,1622,0,1623,G
7-M,407,1,2,1613,0,1616,G
7-M,408,0,2,1644,0,1646,G
7-M,409,1,0,1650,0,1651,G
7-M,410,1,0,0,1637,1638,C
7-M,411,0,1631,0,1,1632,T
7-M,412,1,0,1635,0,1636,G
7-M,413,0,1631,0,0,1631,T
7-M,414,1634,0,3,0,1637,A
7-M,415,1634,0,1,0,1635,A
7-M,416,0,0,0,1630,1630,C
7-M,417,2,1,0,1611,1614,C
7-M,418,1597,0,1,0,1598,A
7-M,419,0,1,0,1604,1605,C
7-M,420,0,1600,0,0,1600,T
7-M,421,1,0,1602,0,1603,G
7-M,422,1599,0,0,0,1599,A
7-M,423,1592,1,2,1,1596,A
7-M,424,0,0,1600,0,1600,G
7-M,425,0,1580,0,1,1581,T
7-M,426,0,1,1581,0,1582,G
7-M,427,1,0,1580,0,1581,G
7-M,428,0,1,0,1584,1585,C
7-M,429,1586,0,0,0,1586,A
7-M,430,0,1572,1,2,1575,T
7-M,431,0,1583,0,0,1583,T
7-M,432,0,1578,0,0,1578,T
7-M,433,2,3,1614,0,1619,G
7-M,434,2,0,1609,0,1611,G
7-M,435,0,0,0,1612,1612,C
7-M,436,3,0,0,1610,1613,C
7-M,437,0,1597,0,2,1599,T
7-M,438,1,3,1659,0,1663,G
7-M,439,0,0,1679,0,1679,G
7-M,440,0,1670,0,0,1670,T
7-M,441,1694,0,0,0,1694,A
7-M,442,0,1623,0,1,1624,T
7-M,443,0,0,1658,0,1658,G
7-M,444,0,1671,0,3,1674,T
7-M,445,1,0,1669,0,1670,G
7-M,446,0,0,0,1671,1671,C
7-M,447,1616,0,0,0,1616,A
7-M,448,1604,0,0,0,1604,A
7-M,449,0,1,0,1619,1620,C
7-M,450,1607,0,2,0,1609,A
7-M,451,0,1615,0,3,1618,T
7-M,452,1,0,1601,0,1602,G
7-M,453,0,1558,0,0,1558,T
7-M,454,1,3,1553,0,1557,G
7-M,455,1541,0,5,0,1546,A
7-M,456,0,1,1548,0,1549,G
7-M,457,1,0,0,1541,1542,C
7-M,458,1510,0,0,0,1510,A
7-M,459,0,1,1524,0,1525,G
7-M,460,1511,0,0,1,1512,A
7-M,461,0,1511,0,0,1511,T
7-M,462,0,1523,0,0,1523,T
7-M,463,0,0,1526,0,1526,G
7-M,464,0,0,0,1525,1525,C
7-M,465,0,1525,0,3,1528,T
7-M,466,0,3,1526,0,1529,G
7-M,467,1522,0,1,0,1523,A
7-M,468,1,1,0,1591,1593,C
7-M,469,0,1590,0,2,1592,T
7-M,470,1,0,0,1593,1594,C
7-M,471,1,1,0,1580,1582,C
7-M,472,2,0,0,1591,1593,C
7-M,473,1597,0,0,0,1597,A
7-M,474,0,0,1600,0,1600,G
7-M,475,0,0,0,1605,1605,C
7-M,476,1615,0,1,0,1616,A
7-M,477,1,0,1,1604,1606,C
7-M,478,1469,0,2,0,1471,A
7-M,479,0,0,1499,0,1499,G
7-M,480,0,0,1490,0,1490,G
7-M,481,0,1491,1,2,1494,T
7-M,482,1,0,0,1531,1532,C
7-M,483,0,1508,1,2,1511,T
7-M,484,2,0,0,1523,1525,C
7-M,485,1521,1,1,1,1524,A
7-M,486,0,1521,1,0,1522,T
7-M,487,1524,0,3,0,1527,A
7-M,488,0,2,1497,0,1499,G
7-M,489,0,1,1496,0,1497,G
7-M,490,0,0,0,1489,1489,C
7-M,491,1436,0,0,0,1436,A
7-M,492,0,0,1418,0,1418,G
7-M,493,1418,0,1,0,1419,A
7-M,494,1,1437,0,0,1438,T
7-M,495,0,1,1438,0,1439,G
7-M,496,0,0,1432,0,1432,G
7-M,497,0,1408,0,1,1409,T
7-M,498,0,2,1429,0,1431,G
7-M,499,1,0,1422,0,1423,G
7-M,500,0,0,0,1432,1432,C
7-M,501,1420,1,1,0,1422,A
7-M,502,1424,0,1,0,1425,A
7-M,503,1,0,0,1439,1440,C
7-M,504,1437,1,0,0,1438,A
7-M,505,1440,0,0,0,1440,A
7-M,506,0,0,0,1441,1441,C
7-M,507,3,0,0,1429,1432,C
7-M,508,1422,0,1,0,1423,A
7-M,509,1422,0,1,0,1423,A
7-M,510,0,1425,0,1,1426,T
7-M,511,1,0,0,1427,1428,C
7-M,512,0,0,0,1420,1420,C
7-M,513,1415,0,1,0,1416,A
7-M,514,0,1414,0,1,1415,T
7-M,515,0,1420,0,0,1420,T
7-M,516,1422,0,0,0,1422,A
7-M,517,1425,0,0,0,1425,A
7-M,518,0,1417,0,1,1418,T
7-M,519,1416,0,1,0,1417,A
7-M,520,1414,0,0,0,1414,A
7-M,521,1401,0,0,0,1401,A
7-M,522,1402,0,1,1,1404,A
7-M,523,0,1,0,1437,1438,C
7-M,524,1438,0,0,0,1438,A
7-M,525,0,1433,0,0,1433,T
7-M,526,0,1,1433,0,1434,G
7-M,527,1423,0,0,0,1423,A
7-M,528,0,1,1427,0,1428,G
7-M,529,1415,0,3,0,1418,A
7-M,530,1421,0,0,0,1421,A
7-M,531,0,0,0,1428,1428,C
7-M,532,1386,0,2,0,1388,A
7-M,533,0,2,1400,0,1402,G
7-M,534,1386,0,1,0,1387,A
7-M,535,1387,0,1,0,1388,A
7-M,536,0,1374,0,1,1375,T
7-M,537,0,3,1370,0,1373,G
7-M,538,0,1,1367,0,1368,G
7-M,539,0,1362,0,1,1363,T
7-M,540,0,1336,0,1,1337,T
7-M,541,0,1358,0,1,1359,T
7-M,542,0,1363,0,0,1363,T
7-M,543,1,2,1378,0,1381,G
7-M,544,0,0,1368,0,1368,G
7-M,545,0,3,0,1364,1367,C
7-M,546,0,0,0,1374,1374,C
7-M,547,1339,0,3,0,1342,A
7-M,548,0,0,1377,0,1377,G
7-M,549,0,1,0,1388,1389,C
7-M,550,1393,0,1,0,1394,A
7-M,551,2,1,0,1409,1412,C
7-M,552,0,1403,0,1,1404,T
7-M,553,1403,0,1,0,1404,A
7-M,554,0,2,0,1419,1421,C
7-M,555,1443,0,2,0,1445,A
7-M,556,1,0,1457,0,1458,G
7-M,557,1,0,0,1390,1391,C
7-M,558,0,1383,0,2,1385,T
7-M,559,1377,0,1,0,1378,A
7-M,560,1345,0,0,1,1346,A
7-M,561,1,0,1357,0,1358,G
7-M,562,0,0,1369,0,1369,G
7-M,563,1,0,0,1365,1366,C
7-M,564,0,1284,0,0,1284,T
7-M,565,1273,0,1,0,1274,A
7-M,566,0,1276,0,2,1278,T
7-M,567,0,0,1282,0,1282,G
7-M,568,0,0,1293,0,1293,G
7-M,569,1259,0,2,0,1261,A
7-M,570,0,0,1260,0,1260,G
7-M,571,1,0,0,1238,1239,C
7-M,572,1239,0,0,0,1239,A
7-M,573,1232,0,0,0,1232,A
7-M,574,1227,0,0,0,1227,A
7-M,575,0,1249,0,0,1249,T
7-M,576,0,1,1240,0,1241,G
7-M,577,0,0,1235,0,1235,G
7-M,578,0,3,0,1225,1228,C
7-M,579,0,1230,0,3,1233,T
7-M,580,0,0,1232,0,1232,G
7-M,581,0,2,1244,0,1246,G
7-M,582,1233,1,1,0,1235,A
7-M,583,0,1229,0,2,1231,T
7-M,584,0,1,0,1222,1223,C
7-M,585,1221,0,0,0,1221,A
7-M,586,1230,1,1,0,1232,A
7-M,587,0,0,1231,0,1231,G
7-M,588,0,1228,0,1,1229,T
7-M,589,0,6,1221,0,1227,G
7-M,590,1214,0,0,0,1214,A
7-M,591,1190,0,2,1,1193,A
7-M,592,1,0,0,1188,1189,C
7-M,593,1197,0,3,0,1200,A
7-M,594,0,1,1201,0,1202,G
7-M,595,0,0,1191,1,1192,G
7-M,596,0,0,0,1189,1189,C
7-M,597,1186,0,1,0,1187,A
7-M,598,0,0,1199,0,1199,G
7-M,599,0,0,0,1186,1186,C
7-M,600,0,0,1193,0,1193,G
7-M,601,0,1,1190,0,1191,G
7-M,602,1188,0,2,0,1190,A
7-M,603,0,2,1200,0,1202,G
7-M,604,0,1,1221,0,1222,G
7-M,605,0,0,0,1226,1226,C
7-M,606,0,3,0,1224,1227,C
7-M,607,1228,0,2,0,1230,A
7-M,608,0,1219,0,3,1222,T
7-M,609,2,0,1240,0,1242,G
7-M,610,1,0,1243,0,1244,G
7-M,611,1234,0,0,0,1234,A
7-M,612,1,0,1236,0,1237,G
7-M,613,1187,0,0,0,1187,A
7-M,614,0,1234,0,0,1234,T
7-M,615,0,1231,0,0,1231,T
7-M,616,0,0,1235,0,1235,G
7-M,617,0,0,0,1228,1228,C
7-M,618,0,1240,0,0,1240,T
7-M,619,1242,0,0,0,1242,A
7-M,620,0,1,1243,0,1244,G
7-M,621,0,1229,0,1,1230,T
7-M,622,3,0,0,1238,1241,C
7-M,623,1199,0,1,0,1200,A
7-M,624,1,1,1214,0,1216,G
7-M,625,0,1,1206,0,1207,G
7-M,626,0,1,0,1216,1217,C
7-M,627,0,3,0,1221,1224,C
7-M,628,1218,0,0,0,1218,A
7-M,629,0,0,1238,0,1238,G
7-M,630,0,0,1228,0,1228,G
7-M,631,0,0,0,1235,1235,C
7-M,632,1233,0,1,0,1234,A
7-M,633,0,0,1222,0,1222,G
7-M,634,1202,0,3,0,1205,A
7-M,635,0,1206,1,0,1207,T
7-M,636,0,1,1223,0,1224,G
7-M,637,1,0,1267,0,1268,G
7-M,638,0,1226,0,1,1227,T
7-M,639,1,0,1233,0,1234,G
7-M,640,0,1,0,1228,1229,C
7-M,641,1238,0,1,0,1239,A
7-M,642,3,0,1254,0,1257,G
7-M,643,1,1,1257,0,1259,G
7-M,644,0,0,0,1265,1265,C
7-M,645,1250,1,0,0,1251,A
7-M,646,1201,0,1,0,1202,A
7-M,647,0,1194,0,0,1194,T
7-M,648,0,0,1198,0,1198,G
7-M,649,1185,0,1,0,1186,A
7-M,650,1,3,1187,0,1191,G
7-M,651,1149,0,1,0,1150,A
7-M,652,1,1,1162,0,1164,G
7-M,653,0,0,0,1170,1170,C
7-M,654,0,0,0,1203,1203,C
7-M,655,1202,0,1,0,1203,A
7-M,656,0,1201,0,2,1203,T
7-M,657,0,1212,0,1,1213,T
7-M,658,0,1,1207,0,1208,G
7-M,659,0,1,1192,0,1193,G
7-M,660,0,2,1195,0,1197,G
7-M,661,1200,0,1,0,1201,A
7-M,662,0,1,0,1190,1191,C
7-M,663,1,1156,0,3,1160,T
7-M,664,0,0,0,1156,1156,C
7-M,665,1160,0,0,0,1160,A
7-M,666,0,1210,0,2,1212,T
7-M,667,0,0,0,1218,1218,C
7-M,668,0,0,0,1222,1222,C
7-M,669,0,1218,0,1,1219,T
7-M,670,1212,0,1,1,1214,A
7-M,671,0,0,1225,0,1225,G
7-M,672,0,1274,0,1,1275,T
7-M,673,1,1248,0,2,1251,T
7-M,674,3,0,0,1249,1252,C
7-M,675,3,0,0,1232,1235,C
7-M,676,1229,0,0,0,1229,A
7-M,677,0,0,1244,0,1244,G
7-M,678,0,1242,0,0,1242,T
7-M,679,1238,0,0,0,1238,A
7-M,680,0,0,0,1236,1236,C
7-M,681,0,1159,0,2,1161,T
7-M,682,0,1,1215,0,1216,G
7-M,683,0,0,1210,0,1210,G
7-M,684,0,1201,1,0,1202,T
7-M,685,0,1176,1,2,1179,T
7-M,686,0,1207,0,0,1207,T
7-M,687,1209,0,0,0,1209,A
7-M,688,1205,0,0,0,1205,A
7-M,689,0,2,1211,0,1213,G
7-M,690,1191,0,2,0,1193,A
7-M,691,1,2,1166,0,1169,G
7-M,692,1137,0,0,0,1137,A
7-M,693,0,1126,1,3,1130,T
7-M,694,0,0,1128,0,1128,G
7-M,695,1119,0,0,0,1119,A
7-M,696,0,1121,0,0,1121,T
7-M,697,3,1,0,1134,1138,C
7-M,698,0,1116,1,2,1119,T
7-M,699,0,1128,1,0,1129,T
7-M,700,1,0,0,1134,1135,C
7-M,701,0,1133,0,0,1133,T
7-M,702,0,1134,0,0,1134,T
7-M,703,0,1,1136,0,1137,G
7-M,704,1129,0,0,0,1129,A
7-M,705,1125,0,0,0,1125,A
7-M,706,1126,0,0,0,1126,A
7-M,707,1133,0,0,0,1133,A
7-M,708,0,1120,0,0,1120,T
7-M,709,0,1132,1,1,1134,T
7-M,710,0,1133,1,0,1134,T
7-M,711,0,0,1132,0,1132,G
7-M,712,0,0,0,1130,1130,C
7-M,713,1127,0,2,0,1129,A
7-M,714,0,0,1139,0,1139,G
7-M,715,1128,1,1,0,1130,A
7-M,716,0,0,0,1167,1167,C
7-M,717,0,0,0,1155,1155,C
7-M,718,0,1159,0,0,1159,T
7-M,719,1170,0,2,0,1172,A
7-M,720,0,1173,1,0,1174,T
7-M,721,1,1,0,1177,1179,C
7-M,722,1179,0,1,0,1180,A
7-M,723,1,1,1178,0,1180,G
7-M,724,1173,0,0,0,1173,A
7-M,725,1134,0,0,0,1134,A
7-M,726,1129,0,2,0,1131,A
7-M,727,0,0,0,1131,1131,C
7-M,728,0,0,1122,0,1122,G
7-M,729,1112,0,1,0,1113,A
7-M,730,1113,0,1,0,1114,A
7-M,731,0,1113,0,0,1113,T
7-M,732,1,0,1117,0,1118,G
7-M,733,0,4,1129,0,1133,G
7-M,734,1,2,1127,0,1130,G
7-M,735,1,0,1132,0,1133,G
7-M,736,0,0,1152,0,1152,G
7-M,737,0,1109,1,0,1110,T
7-M,738,1,0,1114,0,1115,G
7-M,739,0,0,0,1107,1107,C
7-M,740,1115,0,0,0,1115,A
7-M,741,0,0,1129,0,1129,G
7-M,742,1095,0,1,0,1096,A
7-M,743,0,1093,0,0,1093,T
7-M,744,0,0,1079,0,1079,G
7-M,745,0,0,0,1073,1073,C
7-M,746,1078,0,2,0,1080,A
7-M,747,1078,1,0,0,1079,A
7-M,748,0,1,0,1078,1079,C
7-M,749,0,1,1079,0,1080,G
7-M,750,1077,0,0,0,1077,A
7-M,751,0,1067,1,3,1071,T
7-M,752,0,1073,1,2,1076,T
7-M,753,1,0,0,1076,1077,C
7-M,754,1069,0,3,0,1072,A
7-M,755,1070,0,1,1,1072,A
7-M,756,0,1,1070,0,1071,G
7-M,757,1,1055,0,1,1057,T
7-M,758,0,0,1055,0,1055,G
7-M,759,1038,0,1,0,1039,A
7-M,760,0,0,0,1038,1038,C
7-M,761,0,0,0,1033,1033,C
7-M,762,1,0,0,1039,1040,C
7-M,763,0,1,1043,0,1044,G
7-M,764,0,0,0,1043,1043,C
7-M,765,0,1050,0,1,1051,T
7-M,766,0,1051,0,0,1051,T
7-M,767,0,0,1047,0,1047,G
7-M,768,0,1049,0,0,1049,T
7-M,769,0,1041,0,2,1043,T
7-M,770,0,0,1047,0,1047,G
7-M,771,1,1028,0,0,1029,T
7-M,772,0,1014,0,0,1014,T
7-M,773,0,0,1019,0,1019,G
7-M,774,0,0,0,1001,1001,C
7-M,775,1,1,0,1000,1002,C
7-M,776,0,0,1016,0,1016,G
7-M,777,1,0,0,1002,1003,C
7-M,778,0,0,1018,0,1018,G
7-M,779,1012,0,1,0,1013,A
7-M,780,1014,1,0,0,1015,A
7-M,781,0,1027,0,3,1030,T
7-M,782,1026,0,0,0,1026,A
7-M,783,0,1038,0,0,1038,T
7-M,784,0,0,0,1040,1040,C
7-M,785,1045,0,0,0,1045,A
7-M,786,0,1046,0,0,1046,T
7-M,787,0,1042,0,1,1043,T
7-M,788,0,0,1039,0,1039,G
7-M,789,0,1,1037,0,1038,G
7-M,790,0,2,1032,0,1034,G
7-M,791,1025,0,2,0,1027,A
7-M,792,0,1018,0,1,1019,T
7-M,793,0,0,0,974,974,C
7-M,794,1,973,0,1,975,T
7-M,795,0,969,0,1,970,T
7-M,796,0,0,982,0,982,G
7-M,797,0,0,0,983,983,C
7-M,798,977,0,0,0,977,A
7-M,799,0,0,0,989,989,C
7-M,800,0,966,0,0,966,T
7-M,801,0,968,0,1,969,T
7-M,802,0,0,970,0,970,G
7-M,803,975,0,1,0,976,A
7-M,804,0,979,0,1,980,T
7-M,805,954,0,0,0,954,A
7-M,806,0,955,0,0,955,T
7-M,807,0,945,0,0,945,T
7-M,808,0,0,942,0,942,G
7-M,809,0,935,0,1,936,T
7-M,810,0,0,933,0,933,G
7-M,811,0,0,925,0,925,G
7-M,812,911,1,0,0,912,A
7-M,813,0,909,0,0,909,T
7-M,814,0,910,0,0,910,T
7-M,815,0,0,0,903,903,C
7-M,816,0,912,0,0,912,T
7-M,817,0,905,0,1,906,T
7-M,818,0,0,908,0,908,G
7-M,819,893,0,0,0,893,A
7-M,820,0,895,0,0,895,T
7-M,821,2,1,0,884,887,C
7-M,822,0,0,889,0,889,G
7-M,823,1,881,0,2,884,T
7-M,824,0,0,0,876,876,C
7-M,825,0,877,0,1,878,T
7-M,826,0,882,0,0,882,T
7-M,827,0,884,0,1,885,T
7-M,828,0,888,0,0,888,T
7-M,829,0,893,0,0,893,T
7-M,830,0,891,0,1,892,T
7-M,831,0,890,0,0,890,T
7-M,832,1,1,0,890,892,C
7-M,833,888,1,0,0,889,A
7-M,834,891,0,0,0,891,A
7-M,835,887,0,1,0,888,A
7-M,836,0,890,0,0,890,T
7-M,837,0,0,894,0,894,G
7-M,838,0,1,0,886,887,C
7-M,839,0,1,890,0,891,G
7-M,840,0,892,0,4,896,T
7-M,841,0,0,0,898,898,C
7-M,842,0,899,0,0,899,T
7-M,843,902,0,0,0,902,A
7-M,844,0,899,0,0,899,T
7-M,845,0,0,0,896,896,C
7-M,846,1,2,894,0,897,G
7-M,847,888,0,0,1,889,A
7-M,848,0,0,0,886,886,C
7-M,849,0,859,0,0,859,T
7-M,850,2,0,0,880,882,C
7-M,851,1,866,0,2,869,T
7-M,852,0,874,0,0,874,T
7-M,853,3,0,0,868,871,C
7-M,854,869,0,0,0,869,A
7-M,855,870,0,1,0,871,A
7-M,856,869,0,0,0,869,A
7-M,857,0,0,0,870,870,C
7-M,858,866,0,0,0,866,A
7-M,859,0,0,0,819,819,C
7-M,860,1,1,808,0,810,G
7-M,861,0,0,840,0,840,G
7-M,862,0,0,0,837,837,C
7-M,863,0,0,0,849,849,C
7-M,864,0,845,1,3,849,T
7-M,865,0,848,0,1,849,T
7-M,866,851,0,1,0,852,A
7-M,867,857,0,1,0,858,A
7-M,868,854,0,0,0,854,A
7-M,869,847,0,0,0,847,A
7-M,870,0,0,829,0,829,G
7-M,871,726,0,1,0,727,A
7-M,872,0,0,722,0,722,G
7-M,873,0,0,715,1,716,G
7-M,874,0,0,0,712,712,C
7-M,875,0,0,0,701,701,C
7-M,876,0,1,0,713,714,C
7-M,877,0,724,0,0,724,T
7-M,878,0,724,0,0,724,T
7-M,879,0,1,0,725,726,C
7-M,880,0,728,0,0,728,T
7-M,881,728,0,1,0,729,A
7-M,882,0,1,0,722,723,C
7-M,883,0,0,700,1,701,G
7-M,884,0,0,707,0,707,G
7-M,885,674,1,2,0,677,A
7-M,886,673,0,0,0,673,A
7-M,887,0,0,662,0,662,G
7-M,888,0,2,666,0,668,G
7-M,889,652,0,1,0,653,A
7-M,890,0,0,662,0,662,G
7-M,891,0,658,0,0,658,T
7-M,892,657,0,0,0,657,A
7-M,893,0,1,0,656,657,C
7-M,894,0,0,0,657,657,C
7-M,895,0,640,0,0,640,T
7-M,896,0,0,650,0,650,G
7-M,897,618,0,1,0,619,A
7-M,898,0,0,634,0,634,G
7-M,899,0,602,0,0,602,T
7-M,900,0,0,0,600,600,C
7-M,901,0,586,0,0,586,T
7-M,902,581,0,0,0,581,A
7-M,903,0,578,0,0,578,T
7-M,904,0,0,578,0,578,G
7-M,905,567,0,0,1,568,A
7-M,906,1,3,567,0,571,G
7-M,907,0,0,529,0,529,G
7-M,908,1,1,528,0,530,G
7-M,909,527,0,0,0,527,A
7-M,910,524,0,1,0,525,A
7-M,911,0,0,524,0,524,G
7-M,912,518,0,0,0,518,A
7-M,913,520,0,2,0,522,A
7-M,914,0,513,0,0,513,T
7-M,915,507,0,0,0,507,A
7-M,916,0,503,0,0,503,T
7-M,917,0,8,0,488,496,C
7-M,918,0,1,497,0,498,G
7-M,919,493,0,0,0,493,A
7-M,920,493,0,0,0,493,A
7-M,921,493,0,1,0,494,A
7-M,922,0,0,489,0,489,G
7-M,923,0,0,498,0,498,G
7-M,924,494,0,0,0,494,A
7-M,925,491,1,2,0,494,A
7-M,926,0,0,0,493,493,C
7-M,927,486,0,0,0,486,A
7-M,928,0,0,492,0,492,G
7-M,929,0,0,0,490,490,C
7-M,930,492,0,0,0,492,A
7-M,931,0,0,496,0,496,G
7-M,932,449,0,0,0,449,A
7-M,933,451,0,0,0,451,A
7-M,934,0,450,0,0,450,T
7-M,935,0,0,434,0,434,G
7-M,936,0,0,0,431,431,C
7-M,937,0,403,0,3,406,T
7-M,938,0,0,408,0,408,G
7-M,939,0,406,0,0,406,T
7-M,940,1,0,402,0,403,G
7-M,941,0,1,402,0,403,G
7-M,942,383,0,0,0,383,A
7-M,943,0,379,0,0,379,T
7-M,944,1,0,354,0,355,G
7-M,945,0,0,0,349,349,C
7-M,946,0,336,0,0,336,T
7-M,947,0,0,337,0,337,G
7-M,948,335,0,0,1,336,A
7-M,949,0,0,0,337,337,C
7-M,950,0,0,331,0,331,G
7-M,951,325,0,0,0,325,A
7-M,952,0,318,0,1,319,T
7-M,953,319,0,0,0,319,A
7-M,954,0,0,318,0,318,G
7-M,955,0,318,0,0,318,T
7-M,956,0,0,0,307,307,C
7-M,957,306,0,0,0,306,A
7-M,958,0,299,0,0,299,T
7-M,959,0,297,0,0,297,T
7-M,960,0,297,0,0,297,T
7-M,961,0,296,0,0,296,T
7-M,962,0,0,295,0,295,G
7-M,963,1,278,0,0,279,T
7-M,964,1,2,0,278,281,C
7-M,965,277,0,1,0,278,A
7-M,966,0,0,278,0,278,G
7-M,967,0,0,0,276,276,C
7-M,968,275,0,1,0,276,A
7-M,969,0,277,0,0,277,T
7-M,970,259,0,1,0,260,A
7-M,971,0,0,262,0,262,G
7-M,972,258,0,2,0,260,A
7-M,973,0,0,259,0,259,G
7-M,974,0,253,0,0,253,T
7-M,975,0,177,0,0,177,T
7-M,976,0,0,174,0,174,G
7-M,977,0,0,171,0,171,G
7-M,978,171,0,0,0,171,A
7-M,979,0,0,171,0,171,G
7-M,980,0,114,0,0,114,T
7-M,981,112,0,0,0,112,A
7-M,982,112,0,0,0,112,A
8-NS,1,377,0,0,0,377,A
8-NS,2,0,380,0,0,380,T
8-NS,3,0,0,399,0,399,G
8-NS,4,0,1,433,0,434,G
8-NS,5,475,0,0,0,475,A
8-NS,6,0,1013,0,0,1013,T
8-NS,7,0,1026,0,0,1026,T
8-NS,8,0,0,0,1053,1053,C
8-NS,9,0,1,0,1058,1059,C
8-NS,10,1064,0,0,0,1064,A
8-NS,11,1073,0,0,0,1073,A
8-NS,12,0,0,0,1070,1070,C
8-NS,13,1072,0,0,0,1072,A
8-NS,14,0,0,0,1087,1087,C
8-NS,15,0,1082,0,0,1082,T
8-NS,16,2,0,1195,0,1197,G
8-NS,17,0,1195,0,2,1197,T
8-NS,18,1,0,1212,0,1213,G
8-NS,19,1,1208,0,3,1212,T
8-NS,20,4,0,0,1209,1213,C
8-NS,21,1216,0,1,0,1217,A
8-NS,22,1216,0,0,0,1216,A
8-NS,23,0,0,1238,0,1238,G
8-NS,24,0,1264,0,1,1265,T
8-NS,25,0,1266,0,2,1268,T
8-NS,26,0,1276,0,0,1276,T
8-NS,27,0,0,0,1269,1269,C
8-NS,28,0,0,0,1277,1277,C
8-NS,29,1264,0,3,0,1267,A
8-NS,30,0,0,1287,0,1287,G
8-NS,31,0,0,1284,0,1284,G
8-NS,32,0,1267,0,0,1267,T
8-NS,33,1302,0,1,0,1303,A
8-NS,34,0,1,1301,0,1302,G
8-NS,35,1305,0,0,0,1305,A
8-NS,36,0,1310,0,1,1311,T
8-NS,37,0,1312,0,0,1312,T
8-NS,38,1,2,1311,0,1314,G
8-NS,39,0,0,0,1314,1314,C
8-NS,40,0,1321,0,2,1323,T
8-NS,41,0,1341,1,0,1342,T
8-NS,42,0,1351,0,2,1353,T
8-NS,43,0,0,0,1377,1377,C
8-NS,44,0,1376,0,0,1376,T
8-NS,45,1,1376,0,0,1377,T
8-NS,46,0,1384,0,1,1385,T
8-NS,47,1,1,1398,0,1400,G
8-NS,48,0,1,1395,0,1396,G
8-NS,49,0,1,0,1411,1412,C
8-NS,50,1405,0,1,0,1406,A
8-NS,51,0,1409,0,1,1410,T
8-NS,52,1424,0,0,0,1424,A
8-NS,53,0,1567,0,0,1567,T
8-NS,54,0,1,0,1572,1573,C
8-NS,55,1,0,0,1582,1583,C
8-NS,56,0,0,1574,0,1574,G
8-NS,57,0,1578,0,1,1579,T
8-NS,58,1595,0,0,0,1595,A
8-NS,59,1593,0,1,0,1594,A
8-NS,60,1602,0,0,0,1602,A
8-NS,61,0,1,0,1612,1613,C
8-NS,62,1577,0,1,0,1578,A
8-NS,63,1575,0,2,0,1577,A
8-NS,64,1,1,1638,0,1640,G
8-NS,65,0,1646,0,1,1647,T
8-NS,66,0,1649,0,0,1649,T
8-NS,67,2,0,1644,0,1646,G
8-NS,68,1,1645,0,2,1648,T
8-NS,69,1639,1,1,0,1641,A
8-NS,70,0,2,1639,0,1641,G
8-NS,71,1749,0,1,0,1750,A
8-NS,72,0,4,0,1769,1773,C
8-NS,73,1,1,0,1732,1734,C
8-NS,74,1741,0,1,0,1742,A
8-NS,75,1736,0,4,0,1740,A
8-NS,76,0,0,1819,0,1819,G
8-NS,77,1812,1,2,0,1815,A
8-NS,78,1843,0,0,0,1843,A
8-NS,79,1,3,0,1848,1852,C
8-NS,80,0,1815,0,1,1816,T
8-NS,81,0,3,1836,0,1839,G
8-NS,82,1822,0,2,1,1825,A
8-NS,83,0,0,1866,0,1866,G
8-NS,84,0,1857,0,4,1861,T
8-NS,85,0,1,1841,0,1842,G
8-NS,86,1865,0,1,0,1866,A
8-NS,87,0,1859,0,4,1863,T
8-NS,88,0,0,1892,0,1892,G
8-NS,89,0,2,0,1901,1903,C
8-NS,90,1,0,0,1896,1897,C
8-NS,91,2,1,0,1920,1923,C
8-NS,92,0,0,0,1907,1907,C
8-NS,93,1911,0,0,0,1911,A
8-NS,94,0,1941,1,1,1943,T
8-NS,95,0,1971,0,2,1973,T
8-NS,96,1,2,0,1971,1974,C
8-NS,97,2,0,0,1971,1973,C
8-NS,98,0,1960,3,4,1967,T
8-NS,99,0,1960,0,0,1960,T
8-NS,100,1,5,1956,0,1962,G
8-NS,101,1934,0,0,0,1934,A
8-NS,102,0,1958,0,0,1958,T
8-NS,103,0,1,0,1936,1937,C
8-NS,104,0,3,1916,1,1920,G
8-NS,105,0,0,1927,0,1927,G
8-NS,106,0,0,0,1946,1946,C
8-NS,107,0,1945,0,1,1946,T
8-NS,108,0,1950,0,0,1950,T
8-NS,109,0,0,0,1950,1950,C
8-NS,110,0,0,1957,0,1957,G
8-NS,111,0,0,0,1954,1954,C
8-NS,112,2,0,0,1966,1968,C
8-NS,113,1,3,1961,0,1965,G
8-NS,114,1942,0,2,1,1945,A
8-NS,115,0,2,2041,0,2043,G
8-NS,116,2047,0,2,0,2049,A
8-NS,117,0,2064,0,0,2064,T
8-NS,118,1,1,0,2063,2065,C
8-NS,119,2046,0,1,1,2048,A
8-NS,120,0,2,2057,0,2059,G
8-NS,121,2039,0,1,0,2040,A
8-NS,122,0,1,2054,0,2055,G
8-NS,123,0,2,2083,0,2085,G
8-NS,124,1,2081,0,2,2084,T
8-NS,125,3,0,0,2200,2203,C
8-NS,126,2,0,0,2203,2205,C
8-NS,127,3,0,0,2222,2225,C
8-NS,128,0,2236,0,1,2237,T
8-NS,129,2224,0,1,0,2225,A
8-NS,130,2232,0,0,0,2232,A
8-NS,131,2,4,2245,0,2251,G
8-NS,132,1,3,2259,0,2263,G
8-NS,133,1,2,2237,0,2240,G
8-NS,134,0,1,2184,0,2185,G
8-NS,135,2169,0,1,0,2170,A
8-NS,136,2184,0,1,1,2186,A
8-NS,137,0,1,2202,0,2203,G
8-NS,138,2213,0,3,0,2216,A
8-NS,139,0,1,2243,0,2244,G
8-NS,140,2,0,2242,0,2244,G
8-NS,141,1,1,0,2262,2264,C
8-NS,142,2252,0,2,1,2255,A
8-NS,143,2250,1,3,0,2254,A
8-NS,144,0,2268,0,2,2270,T
8-NS,145,2284,0,2,0,2286,A
8-NS,146,0,0,0,2311,2311,C
8-NS,147,0,2265,0,4,2269,T
8-NS,148,3,0,0,2266,2269,C
8-NS,149,0,2231,0,6,2237,T
8-NS,150,0,1,0,2258,2259,C
8-NS,151,1,4,2272,0,2277,G
8-NS,152,2,0,2435,0,2437,G
8-NS,153,0,2415,0,2,2417,T
8-NS,154,7,0,0,2437,2444,C
8-NS,155,0,2433,0,3,2436,T
8-NS,156,2449,0,2,1,2452,A
8-NS,157,0,2,2449,2,2453,G
8-NS,158,2455,0,3,0,2458,A
8-NS,159,0,2,0,2511,2513,C
8-NS,160,2463,0,1,0,2464,A
8-NS,161,0,2424,0,0,2424,T
8-NS,162,0,0,1,2424,2425,C
8-NS,163,2422,0,0,0,2422,A
8-NS,164,2425,0,1,0,2426,A
8-NS,165,2413,0,3,0,2416,A
8-NS,166,1,1,2407,0,2409,G
8-NS,167,0,1,0,2428,2429,C
8-NS,168,2393,0,1,0,2394,A
8-NS,169,3,0,2390,1,2394,G
8-NS,170,0,1,0,2401,2402,C
8-NS,171,4,3,0,2406,2413,C
8-NS,172,2411,0,3,1,2415,A
8-NS,173,1,0,0,2451,2452,C
8-NS,174,2,0,0,2444,2446,C
8-NS,175,2,1,0,2455,2458,C
8-NS,176,2470,5,5,0,2480,A
8-NS,177,0,2497,0,0,2497,T
8-NS,178,0,0,2494,0,2494,G
8-NS,179,1,2483,0,4,2488,T
8-NS,180,0,2484,0,5,2489,T
8-NS,181,1,2,2481,0,2484,G
8-NS,182,0,2,2467,1,2470,G
8-NS,183,2446,0,2,1,2449,A
8-NS,184,2460,0,2,0,2462,A
8-NS,185,2424,0,3,0,2427,A
8-NS,186,2,1,2435,0,2438,G
8-NS,187,2,0,0,2430,2432,C
8-NS,188,2422,0,1,0,2423,A
8-NS,189,2424,0,1,0,2425,A
8-NS,190,2419,0,2,0,2421,A
8-NS,191,0,2448,0,1,2449,T
8-NS,192,0,2445,0,0,2445,T
8-NS,193,0,0,2475,1,2476,G
8-NS,194,0,2464,1,2,2467,T
8-NS,195,2469,0,4,0,2473,A
8-NS,196,1,1,2463,0,2465,G
8-NS,197,2462,0,1,0,2463,A
8-NS,198,2460,0,2,0,2462,A
8-NS,199,2464,0,0,0,2464,A
8-NS,200,2443,0,2,2,2447,A
8-NS,201,0,3,2456,0,2459,G
8-NS,202,2429,0,1,0,2430,A
8-NS,203,0,2443,1,0,2444,T
8-NS,204,0,2441,0,0,2441,T
8-NS,205,2,1,0,2440,2443,C
8-NS,206,1,2442,0,4,2447,T
8-NS,207,2,1,2444,0,2447,G
8-NS,208,2441,0,0,0,2441,A
8-NS,209,2450,0,0,0,2450,A
8-NS,210,2434,0,2,0,2436,A
8-NS,211,1,0,2442,0,2443,G
8-NS,212,2431,0,3,0,2434,A
8-NS,213,2439,0,3,0,2442,A
8-NS,214,0,1,2456,0,2457,G
8-NS,215,2484,0,1,0,2485,A
8-NS,216,2491,0,1,0,2492,A
8-NS,217,0,2488,0,2,2490,T
8-NS,218,2,3,0,2510,2515,C
8-NS,219,0,2518,0,4,2522,T
8-NS,220,0,5,2520,0,2525,G
8-NS,221,2515,0,6,0,2521,A
8-NS,222,0,2520,1,0,2521,T
8-NS,223,1,0,2517,0,2518,G
8-NS,224,2472,0,2,0,2474,A
8-NS,225,2,7,2462,0,2471,G
8-NS,226,2,0,2469,0,2471,G
8-NS,227,0,2,0,2457,2459,C
8-NS,228,2474,0,0,0,2474,A
8-NS,229,0,0,0,2522,2522,C
8-NS,230,0,2517,0,1,2518,T
8-NS,231,0,2532,0,0,2532,T
8-NS,232,2545,0,1,0,2546,A
8-NS,233,2557,0,1,0,2558,A
8-NS,234,2552,0,4,0,2556,A
8-NS,235,2544,1,1,0,2546,A
8-NS,236,0,2537,1,0,2538,T
8-NS,237,0,4,2532,0,2536,G
8-NS,238,2535,1,4,0,2540,A
8-NS,239,2,0,1,2538,2541,C
8-NS,240,0,1,0,2533,2534,C
8-NS,241,2528,0,3,0,2531,A
8-NS,242,0,2527,0,4,2531,T
8-NS,243,0,4,2603,0,2607,G
8-NS,244,0,0,2628,0,2628,G
8-NS,245,1,2640,0,1,2642,T
8-NS,246,3,2,1,2782,2788,C
8-NS,247,0,2760,0,4,2764,T
8-NS,248,3,0,0,2809,2812,C
8-NS,249,3,1,0,2815,2819,C
8-NS,250,2820,0,2,0,2822,A
8-NS,251,1,0,0,2854,2855,C
8-NS,252,2788,1,2,0,2791,A
8-NS,253,1,0,0,2806,2807,C
8-NS,254,1,1,0,2788,2790,C
8-NS,255,1,2611,0,6,2618,T
8-NS,256,0,0,2637,0,2637,G
8-NS,257,0,1,0,2630,2631,C
8-NS,258,0,2606,0,5,2611,T
8-NS,259,0,2626,0,0,2626,T
8-NS,260,3,2,0,2609,2614,C
8-NS,261,0,0,2617,0,2617,G
8-NS,262,0,0,0,2628,2628,C
8-NS,263,4,1,2623,0,2628,G
8-NS,264,2731,0,0,0,2731,A
8-NS,265,0,2744,0,0,2744,T
8-NS,266,2806,0,2,0,2808,A
8-NS,267,0,0,0,2827,2827,C
8-NS,268,2820,0,2,0,2822,A
8-NS,269,0,2896,1,2,2899,T
8-NS,270,2894,0,1,0,2895,A
8-NS,271,2898,2,1,0,2901,A
8-NS,272,1,1,0,2906,2908,C
8-NS,273,0,2813,0,3,2816,T
8-NS,274,1,3,2854,1,2859,G
8-NS,275,2800,1,2,0,2803,A
8-NS,276,0,2,0,2833,2835,C
8-NS,277,2824,0,3,0,2827,A
8-NS,278,0,2795,0,1,2796,T
8-NS,279,0,10,2795,0,2805,G
8-NS,280,2790,1,5,0,2796,A
8-NS,281,1,2,0,2887,2890,C
8-NS,282,0,2873,0,4,2877,T
8-NS,283,2913,0,4,0,2917,A
8-NS,284,0,2894,0,1,2895,T
8-NS,285,0,2892,0,1,2893,T
8-NS,286,0,3,2882,0,2885,G
8-NS,287,2863,0,2,0,2865,A
8-NS,288,2,2,2858,0,2862,G
8-NS,289,0,3,2851,0,2854,G
8-NS,290,2788,0,0,0,2788,A
8-NS,291,2792,0,0,0,2792,A
8-NS,292,1,2746,0,0,2747,T
8-NS,293,0,2745,0,3,2748,T
8-NS,294,0,0,2798,0,2798,G
8-NS,295,1,2785,0,5,2791,T
8-NS,296,3,1,0,2796,2800,C
8-NS,297,2799,0,1,1,2801,A
8-NS,298,2802,0,3,0,2805,A
8-NS,299,1,0,2789,0,2790,G
8-NS,300,2809,0,2,0,2811,A
8-NS,301,2813,0,0,0,2813,A
8-NS,302,2806,0,4,0,2810,A
8-NS,303,0,0,0,2817,2817,C
8-NS,304,0,2779,0,0,2779,T
8-NS,305,0,2,2810,0,2812,G
8-NS,306,2,0,2850,0,2852,G
8-NS,307,0,2844,0,4,2848,T
8-NS,308,0,2834,0,3,2837,T
8-NS,309,4,0,0,2836,2840,C
8-NS,310,2844,0,4,0,2848,A
8-NS,311,1,2897,0,5,2903,T
8-NS,312,0,1,2918,0,2919,G
8-NS,313,0,0,0,2926,2926,C
8-NS,314,0,2906,0,2,2908,T
8-NS,315,2874,0,3,0,2877,A
8-NS,316,2890,0,1,0,2891,A
8-NS,317,0,2917,0,0,2917,T
8-NS,318,2,0,2910,0,2912,G
8-NS,319,1,1,0,2904,2906,C
8-NS,320,6,2,0,2852,2860,C
8-NS,321,6,0,1,2872,2879,C
8-NS,322,2865,0,2,0,2867,A
8-NS,323,2867,0,3,0,2870,A
8-NS,324,1,0,2876,0,2877,G
8-NS,325,0,0,0,2875,2875,C
8-NS,326,2860,0,4,0,2864,A
8-NS,327,1,2,2879,0,2882,G
8-NS,328,2877,0,2,0,2879,A
8-NS,329,2880,0,0,0,2880,A
8-NS,330,2876,0,0,0,2876,A
8-NS,331,2830,0,4,1,2835,A
8-NS,332,0,2863,1,1,2865,T
8-NS,333,0,1,2885,0,2886,G
8-NS,334,0,1,2881,0,2882,G
8-NS,335,2888,0,0,0,2888,A
8-NS,336,2853,1,4,0,2858,A
8-NS,337,0,4,2854,0,2858,G
8-NS,338,0,1,2863,0,2864,G
8-NS,339,2863,0,3,0,2866,A
8-NS,340,0,0,1,2887,2888,C
8-NS,341,3,0,0,2876,2879,C
8-NS,342,0,2873,0,2,2875,T
8-NS,343,2,1,0,2912,2915,C
8-NS,344,1,2912,1,4,2918,T
8-NS,345,0,2929,0,2,2931,T
8-NS,346,0,2933,0,2,2935,T
8-NS,347,1,1,2907,0,2909,G
8-NS,348,0,1,0,2944,2945,C
8-NS,349,2933,0,1,0,2934,A
8-NS,350,1,2923,0,1,2925,T
8-NS,351,2,0,0,2932,2934,C
8-NS,352,2970,1,0,0,2971,A
8-NS,353,1,2,3052,0,3055,G
8-NS,354,3047,0,1,0,3048,A
8-NS,355,3049,0,1,0,3050,A
8-NS,356,1,3040,0,0,3041,T
8-NS,357,3,5,3014,0,3022,G
8-NS,358,2,7,3047,0,3056,G
8-NS,359,3047,0,2,0,3049,A
8-NS,360,1,1,0,3031,3033,C
8-NS,361,4,1,0,2973,2978,C
8-NS,362,2918,0,5,0,2923,A
8-NS,363,1,0,2956,0,2957,G
8-NS,364,1,2,2950,0,2953,G
8-NS,365,0,2,0,2950,2952,C
8-NS,366,2952,0,2,0,2954,A
8-NS,367,2942,1,3,0,2946,A
8-NS,368,0,2925,0,4,2929,T
8-NS,369,1,0,0,2936,2937,C
8-NS,370,2939,0,2,0,2941,A
8-NS,371,0,2913,0,1,2914,T
8-NS,372,0,2,2893,0,2895,G
8-NS,373,0,6,2905,0,2911,G
8-NS,374,2891,0,5,0,2896,A
8-NS,375,0,3,2917,0,2920,G
8-NS,376,2882,0,0,0,2882,A
8-NS,377,2884,0,1,1,2886,A
8-NS,378,2880,0,1,0,2881,A
8-NS,379,2877,0,3,0,2880,A
8-NS,380,2885,0,3,1,2889,A
8-NS,381,0,0,0,2899,2899,C
8-NS,382,2888,0,2,0,2890,A
8-NS,383,0,2873,0,1,2874,T
8-NS,384,3,0,0,2863,2866,C
8-NS,385,2864,0,4,0,2868,A
8-NS,386,0,2875,0,0,2875,T
8-NS,387,0,0,2872,0,2872,G
8-NS,388,0,2861,0,2,2863,T
8-NS,389,0,2845,0,5,2850,T
8-NS,390,0,4,2842,0,2846,G
8-NS,391,2839,0,1,0,2840,A
8-NS,392,2823,0,3,0,2826,A
8-NS,393,2834,0,3,0,2837,A
8-NS,394,0,0,2832,0,2832,G
8-NS,395,0,3,0,2818,2821,C
8-NS,396,2,3,2835,0,2840,G
8-NS,397,2838,0,3,0,2841,A
8-NS,398,2840,0,0,0,2840,A
8-NS,399,0,2820,0,4,2824,T
8-NS,400,0,2825,0,0,2825,T
8-NS,401,0,2827,0,2,2829,T
8-NS,402,5,2,0,2829,2836,C
8-NS,403,2824,1,1,1,2827,A
8-NS,404,0,0,2826,0,2826,G
8-NS,405,0,2824,0,1,2825,T
8-NS,406,1,0,2814,0,2815,G
8-NS,407,0,2799,0,2,2801,T
8-NS,408,0,2,2831,0,2833,G
8-NS,409,2859,0,0,0,2859,A
8-NS,410,0,2840,0,2,2842,T
8-NS,411,0,2847,0,0,2847,T
8-NS,412,0,2834,0,2,2836,T
8-NS,413,0,2837,1,0,2838,T
8-NS,414,0,2848,0,1,2849,T
8-NS,415,0,8,2843,0,2851,G
8-NS,416,2831,1,3,0,2835,A
8-NS,417,0,2,0,2828,2830,C
8-NS,418,3,1,0,2809,2813,C
8-NS,419,4,3,2828,0,2835,G
8-NS,420,3023,0,1,2,3026,A
8-NS,421,1,1,0,3076,3078,C
8-NS,422,0,3082,0,1,3083,T
8-NS,423,3082,1,7,0,3090,A
8-NS,424,0,1,3082,0,3083,G
8-NS,425,3077,0,10,0,3087,A
8-NS,426,3,0,3104,0,3107,G
8-NS,427,3076,0,9,0,3085,A
8-NS,428,2,1,0,3155,3158,C
8-NS,429,1,1,0,3014,3016,C
8-NS,430,2916,0,3,0,2919,A
8-NS,431,0,3053,0,4,3057,T
8-NS,432,3047,1,4,0,3052,A
8-NS,433,0,0,3271,0,3271,G
8-NS,434,0,3222,0,3,3225,T
8-NS,435,3222,0,0,0,3222,A
8-NS,436,0,3231,0,2,3233,T
8-NS,437,0,3138,0,2,3140,T
8-NS,438,3210,0,1,0,3211,A
8-NS,439,3,1,0,3206,3210,C
8-NS,440,0,3067,0,4,3071,T
8-NS,441,3059,0,2,0,3061,A
8-NS,442,2795,0,5,2,2802,A
8-NS,443,0,6,2791,0,2797,G
8-NS,444,1,1,2779,0,2781,G
8-NS,445,1,0,2773,0,2774,G
8-NS,446,0,0,0,2746,2746,C
8-NS,447,0,2689,0,1,2690,T
8-NS,448,0,2691,0,3,2694,T
8-NS,449,0,2723,0,5,2728,T
8-NS,450,4,0,0,2742,2746,C
8-NS,451,2765,1,3,0,2769,A
8-NS,452,1,1,0,2782,2784,C
8-NS,453,1,3,0,2749,2753,C
8-NS,454,2,2,2756,0,2760,G
8-NS,455,2726,0,0,0,2726,A
8-NS,456,2721,2,1,1,2725,A
8-NS,457,0,2,2752,0,2754,G
8-NS,458,2721,1,7,0,2729,A
8-NS,459,0,3,2730,0,2733,G
8-NS,460,0,2,2670,0,2672,G
8-NS,461,0,3,2677,0,2680,G
8-NS,462,2678,0,2,0,2680,A
8-NS,463,1,0,2684,0,2685,G
8-NS,464,0,1,0,2683,2684,C
8-NS,465,2684,0,1,0,2685,A
8-NS,466,2678,0,4,0,2682,A
8-NS,467,0,2680,0,0,2680,T
8-NS,468,0,2686,0,0,2686,T
8-NS,469,0,0,2688,0,2688,G
8-NS,470,0,2641,0,1,2642,T
8-NS,471,0,2649,0,1,2650,T
8-NS,472,2,3,2644,0,2649,G
8-NS,473,1,0,2635,0,2636,G
8-NS,474,0,1,0,2632,2633,C
8-NS,475,0,4,2640,0,2644,G
8-NS,476,2648,0,0,0,2648,A
8-NS,477,2667,0,1,0,2668,A
8-NS,478,2678,0,1,0,2679,A
8-NS,479,0,2672,0,0,2672,T
8-NS,480,3,1,0,2675,2679,C
8-NS,481,0,2670,1,0,2671,T
8-NS,482,5,3,0,2667,2675,C
8-NS,483,2673,0,1,0,2674,A
8-NS,484,2,1,0,2673,2676,C
8-NS,485,2,0,0,2677,2679,C
8-NS,486,2655,0,1,0,2656,A
8-NS,487,0,2641,0,3,2644,T
8-NS,488,0,2628,0,4,2632,T
8-NS,489,1,0,2628,0,2629,G
8-NS,490,1,0,0,2618,2619,C
8-NS,491,1,0,0,2620,2621,C
8-NS,492,0,2627,0,3,2630,T
8-NS,493,1,2600,0,5,2606,T
8-NS,494,2,0,0,2631,2633,C
8-NS,495,0,2622,1,3,2626,T
8-NS,496,0,2636,0,1,2637,T
8-NS,497,1,2675,0,5,2681,T
8-NS,498,0,2665,0,2,2667,T
8-NS,499,4,0,0,2669,2673,C
8-NS,500,2,1,0,2671,2674,C
8-NS,501,2662,0,4,0,2666,A
8-NS,502,1,2,2702,0,2705,G
8-NS,503,1,3,2684,0,2688,G
8-NS,504,2736,0,3,0,2739,A
8-NS,505,1,1,0,2723,2725,C
8-NS,506,2712,0,1,0,2713,A
8-NS,507,0,2725,0,0,2725,T
8-NS,508,2719,0,2,0,2721,A
8-NS,509,3,2,0,2940,2945,C
8-NS,510,0,2948,0,0,2948,T
8-NS,511,2928,0,2,0,2930,A
8-NS,512,0,2917,0,3,2920,T
8-NS,513,0,2816,1,2,2819,T
8-NS,514,0,0,2823,0,2823,G
8-NS,515,2718,1,4,0,2723,A
8-NS,516,0,3,2724,0,2727,G
8-NS,517,0,1,2712,0,2713,G
8-NS,518,2469,0,0,0,2469,A
8-NS,519,0,2467,0,1,2468,T
8-NS,520,0,1,2428,0,2429,G
8-NS,521,0,2410,0,3,2413,T
8-NS,522,3,0,0,2415,2418,C
8-NS,523,2428,0,1,0,2429,A
8-NS,524,2435,0,0,0,2435,A
8-NS,525,2432,0,0,0,2432,A
8-NS,526,2417,0,0,0,2417,A
8-NS,527,2426,0,1,0,2427,A
8-NS,528,0,2430,0,0,2430,T
8-NS,529,0,0,2427,0,2427,G
8-NS,530,2,2,0,2435,2439,C
8-NS,531,2432,0,2,0,2434,A
8-NS,532,2438,0,2,0,2440,A
8-NS,533,0,2451,0,1,2452,T
8-NS,534,0,2464,0,0,2464,T
8-NS,535,1,2,2451,0,2454,G
8-NS,536,0,5,2407,0,2412,G
8-NS,537,0,2,2410,0,2412,G
8-NS,538,1,0,2438,0,2439,G
8-NS,539,0,2394,0,3,2397,T
8-NS,540,5,3,0,2411,2419,C
8-NS,541,2,1,0,2413,2416,C
8-NS,542,0,2413,0,4,2417,T
8-NS,543,5,0,0,2450,2455,C
8-NS,544,2444,0,0,0,2444,A
8-NS,545,0,2442,0,1,2443,T
8-NS,546,1,0,0,2459,2460,C
8-NS,547,1,2,2439,0,2442,G
8-NS,548,1,1,2446,0,2448,G
8-NS,549,2395,1,3,0,2399,A
8-NS,550,2,4,2397,0,2403,G
8-NS,551,0,3,2396,0,2399,G
8-NS,552,2354,0,0,0,2354,A
8-NS,553,0,0,0,2398,2398,C
8-NS,554,0,2373,0,6,2379,T
8-NS,555,0,2387,0,2,2389,T
8-NS,556,0,1,2398,0,2399,G
8-NS,557,2381,0,0,0,2381,A
8-NS,558,2380,0,1,0,2381,A
8-NS,559,0,2380,0,1,2381,T
8-NS,560,0,1,2335,0,2336,G
8-NS,561,0,1,2364,0,2365,G
8-NS,562,2329,1,3,0,2333,A
8-NS,563,2358,0,3,0,2361,A
8-NS,564,0,2484,0,1,2485,T
8-NS,565,1,2,2491,0,2494,G
8-NS,566,2500,0,1,0,2501,A
8-NS,567,0,2501,0,2,2503,T
8-NS,568,2496,0,3,0,2499,A
8-NS,569,2502,0,4,0,2506,A
8-NS,570,2,0,0,2472,2474,C
8-NS,571,2431,0,2,0,2433,A
8-NS,572,0,0,0,2441,2441,C
8-NS,573,2192,0,0,0,2192,A
8-NS,574,1,0,2233,0,2234,G
8-NS,575,0,2213,0,3,2216,T
8-NS,576,0,2202,0,0,2202,T
8-NS,577,2,2,0,2207,2211,C
8-NS,578,1,3,2191,0,2195,G
8-NS,579,2196,0,0,0,2196,A
8-NS,580,2,0,2198,0,2200,G
8-NS,581,1,2168,1,1,2171,T
8-NS,582,2,0,0,2184,2186,C
8-NS,583,0,2134,1,4,2139,T
8-NS,584,3,0,0,2149,2152,C
8-NS,585,0,2163,0,1,2164,T
8-NS,586,2164,0,2,0,2166,A
8-NS,587,2166,0,1,0,2167,A
8-NS,588,2159,0,1,0,2160,A
8-NS,589,2184,0,0,0,2184,A
8-NS,590,2188,0,0,0,2188,A
8-NS,591,0,2162,0,0,2162,T
8-NS,592,2,1,0,2186,2189,C
8-NS,593,0,2167,0,1,2168,T
8-NS,594,2169,0,3,0,2172,A
8-NS,595,0,0,1,2178,2179,C
8-NS,596,2166,0,0,0,2166,A
8-NS,597,0,1,2180,0,2181,G
8-NS,598,2145,1,2,0,2148,A
8-NS,599,0,1,2137,0,2138,G
8-NS,600,2134,0,0,0,2134,A
8-NS,601,0,2111,0,0,2111,T
8-NS,602,0,2108,0,0,2108,T
8-NS,603,2,0,0,2109,2111,C
8-NS,604,1,1,2111,0,2113,G
8-NS,605,2,0,0,2097,2099,C
8-NS,606,0,2102,0,1,2103,T
8-NS,607,0,2105,0,5,2110,T
8-NS,608,0,0,2108,0,2108,G
8-NS,609,0,1,2119,0,2120,G
8-NS,610,2110,1,3,0,2114,A
8-NS,611,0,0,2110,0,2110,G
8-NS,612,2086,1,4,0,2091,A
8-NS,613,2063,0,4,0,2067,A
8-NS,614,0,0,2095,0,2095,G
8-NS,615,1,0,0,2099,2100,C
8-NS,616,2093,0,3,0,2096,A
8-NS,617,0,0,2138,0,2138,G
8-NS,618,0,2111,0,1,2112,T
8-NS,619,2128,0,1,0,2129,A
8-NS,620,2126,0,0,0,2126,A
8-NS,621,1,2115,0,0,2116,T
8-NS,622,0,5,2123,0,2128,G
8-NS,623,2055,0,1,0,2056,A
8-NS,624,0,1,2090,0,2091,G
8-NS,625,2070,1,2,0,2073,A
8-NS,626,1969,0,1,0,1970,A
8-NS,627,0,1961,1,1,1963,T
8-NS,628,0,2,1935,0,1937,G
8-NS,629,1,2,1943,0,1946,G
8-NS,630,0,3,1927,0,1930,G
8-NS,631,0,0,1913,0,1913,G
8-NS,632,0,1,1901,0,1902,G
8-NS,633,1840,0,0,0,1840,A
8-NS,634,0,1779,0,4,1783,T
8-NS,635,1,0,0,1846,1847,C
8-NS,636,0,1850,0,3,1853,T
8-NS,637,3,1,0,1858,1862,C
8-NS,638,0,1,0,1859,1860,C
8-NS,639,1860,1,0,0,1861,A
8-NS,640,0,1,0,1864,1865,C
8-NS,641,0,1818,1,5,1824,T
8-NS,642,0,1813,0,1,1814,T
8-NS,643,1787,0,0,0,1787,A
8-NS,644,0,0,0,1809,1809,C
8-NS,645,0,1770,0,7,1777,T
8-NS,646,2,1,0,1779,1782,C
8-NS,647,1,0,0,1777,1778,C
8-NS,648,1765,0,3,1,1769,A
8-NS,649,1771,0,0,0,1771,A
8-NS,650,1770,0,0,0,1770,A
8-NS,651,1771,0,1,0,1772,A
8-NS,652,0,0,0,1773,1773,C
8-NS,653,1710,0,0,0,1710,A
8-NS,654,0,1,1711,0,1712,G
8-NS,655,1706,0,1,0,1707,A
8-NS,656,1704,0,1,0,1705,A
8-NS,657,1704,0,0,0,1704,A
8-NS,658,0,0,0,1712,1712,C
8-NS,659,0,1,1703,0,1704,G
8-NS,660,2,1,1700,0,1703,G
8-NS,661,1,0,1705,0,1706,G
8-NS,662,1705,0,1,0,1706,A
8-NS,663,1694,0,1,0,1695,A
8-NS,664,1695,0,3,0,1698,A
8-NS,665,0,1685,1,1,1687,T
8-NS,666,0,1,1705,0,1706,G
8-NS,667,0,0,1700,0,1700,G
8-NS,668,1,2,0,1681,1684,C
8-NS,669,0,1,1702,0,1703,G
8-NS,670,1702,0,0,0,1702,A
8-NS,671,0,3,1707,0,1710,G
8-NS,672,1708,0,0,0,1708,A
8-NS,673,1710,1,0,0,1711,A
8-NS,674,1,0,0,1710,1711,C
8-NS,675,1673,0,4,0,1677,A
8-NS,676,1,0,1673,0,1674,G
8-NS,677,0,0,0,1657,1657,C
8-NS,678,0,1662,0,3,1665,T
8-NS,679,1663,0,0,0,1663,A
8-NS,680,0,0,1644,0,1644,G
8-NS,681,1,0,1649,0,1650,G
8-NS,682,0,1634,0,1,1635,T
8-NS,683,2,0,0,1609,1611,C
8-NS,684,1622,0,2,0,1624,A
8-NS,685,1614,0,3,0,1617,A
8-NS,686,1621,0,0,0,1621,A
8-NS,687,1629,0,2,0,1631,A
8-NS,688,0,0,1628,0,1628,G
8-NS,689,0,1593,1,0,1594,T
8-NS,690,0,1592,0,1,1593,T
8-NS,691,0,1594,2,1,1597,T
8-NS,692,0,1,1596,0,1597,G
8-NS,693,1598,0,1,0,1599,A
8-NS,694,1605,0,0,0,1605,A
8-NS,695,0,1,1615,0,1616,G
8-NS,696,1573,0,1,0,1574,A
8-NS,697,1,2,1581,0,1584,G
8-NS,698,1581,0,2,1,1584,A
8-NS,699,0,1579,0,0,1579,T
8-NS,700,1581,0,2,0,1583,A
8-NS,701,1576,0,1,0,1577,A
8-NS,702,0,0,1569,0,1569,G
8-NS,703,1463,0,1,0,1464,A
8-NS,704,0,1454,0,0,1454,T
8-NS,705,0,1,1457,0,1458,G
8-NS,706,1,0,1461,0,1462,G
8-NS,707,1,1,0,1447,1449,C
8-NS,708,0,1454,0,1,1455,T
8-NS,709,1456,0,1,0,1457,A
8-NS,710,1459,0,0,0,1459,A
8-NS,711,1,1471,0,0,1472,T
8-NS,712,0,1464,0,1,1465,T
8-NS,713,0,2,1468,0,1470,G
8-NS,714,1441,0,2,0,1443,A
8-NS,715,1440,0,2,0,1442,A
8-NS,716,1,0,1439,0,1440,G
8-NS,717,1449,0,0,0,1449,A
8-NS,718,1426,0,1,0,1427,A
8-NS,719,0,0,1444,0,1444,G
8-NS,720,0,1396,0,3,1399,T
8-NS,721,0,0,1404,2,1406,G
8-NS,722,1391,1,4,0,1396,A
8-NS,723,0,5,1387,0,1392,G
8-NS,724,1381,1,11,0,1393,A
8-NS,725,0,1,0,1384,1385,C
8-NS,726,1360,0,0,0,1360,A
8-NS,727,0,1,0,1367,1368,C
8-NS,728,1217,1,2,0,1220,A
8-NS,729,1,3,1245,0,1249,G
8-NS,730,1240,0,1,0,1241,A
8-NS,731,0,1226,0,1,1227,T
8-NS,732,0,1236,0,0,1236,T
8-NS,733,1235,0,0,0,1235,A
8-NS,734,1232,0,0,0,1232,A
8-NS,735,1235,0,0,0,1235,A
8-NS,736,1222,0,1,0,1223,A
8-NS,737,1230,0,2,0,1232,A
8-NS,738,0,0,0,1177,1177,C
8-NS,739,1130,0,1,0,1131,A
8-NS,740,1137,0,0,0,1137,A
8-NS,741,0,0,0,1136,1136,C
8-NS,742,0,1123,0,0,1123,T
8-NS,743,1,1,1132,0,1134,G
8-NS,744,1126,0,0,0,1126,A
8-NS,745,1133,0,0,0,1133,A
8-NS,746,1130,0,0,0,1130,A
8-NS,747,1120,0,0,0,1120,A
8-NS,748,1,1116,0,0,1117,T
8-NS,749,1091,0,2,0,1093,A
8-NS,750,0,0,1092,0,1092,G
8-NS,751,0,0,0,1096,1096,C
8-NS,752,0,1078,0,0,1078,T
8-NS,753,0,1078,0,2,1080,T
8-NS,754,0,1068,0,1,1069,T
8-NS,755,0,2,1070,0,1072,G
8-NS,756,1074,0,0,0,1074,A
8-NS,757,1072,0,0,0,1072,A
8-NS,758,0,0,0,1075,1075,C
8-NS,759,1052,0,0,0,1052,A
8-NS,760,1058,0,1,0,1059,A
8-NS,761,1059,0,0,0,1059,A
8-NS,762,0,1049,0,1,1050,T
8-NS,763,1057,0,1,0,1058,A
8-NS,764,1047,0,2,0,1049,A
8-NS,765,0,1,0,1046,1047,C
8-NS,766,1050,0,0,0,1050,A
8-NS,767,0,1028,0,0,1028,T
8-NS,768,0,1003,0,2,1005,T
8-NS,769,1,0,0,996,997,C
8-NS,770,987,0,0,0,987,A
8-NS,771,1,978,0,0,979,T
8-NS,772,0,1,981,0,982,G
8-NS,773,0,0,0,974,974,C
8-NS,774,963,0,0,0,963,A
8-NS,775,956,0,2,0,958,A
8-NS,776,0,0,956,0,956,G
8-NS,777,0,2,0,972,974,C
8-NS,778,952,0,0,0,952,A
8-NS,779,0,959,0,0,959,T
8-NS,780,0,950,0,1,951,T
8-NS,781,952,0,1,0,953,A
8-NS,782,1,0,0,951,952,C
8-NS,783,951,0,0,0,951,A
8-NS,784,921,1,1,0,923,A
8-NS,785,0,0,0,912,912,C
8-NS,786,0,771,1,0,772,T
8-NS,787,0,2,775,0,777,G
8-NS,788,0,1,0,757,758,C
8-NS,789,0,744,0,0,744,T
8-NS,790,0,0,752,0,752,G
8-NS,791,0,736,0,0,736,T
8-NS,792,0,737,0,0,737,T
8-NS,793,0,735,0,0,735,T
8-NS,794,0,1,732,0,733,G
8-NS,795,730,0,2,0,732,A
8-NS,796,720,0,0,0,720,A
8-NS,797,0,1,716,0,717,G
8-NS,798,0,708,0,0,708,T
8-NS,799,0,1,675,0,676,G
8-NS,800,0,0,679,0,679,G
8-NS,801,679,0,4,0,683,A
8-NS,802,682,0,2,0,684,A
8-NS,803,2,0,0,676,678,C
8-NS,804,651,0,4,0,655,A
8-NS,805,3,0,653,0,656,G
8-NS,806,0,0,638,0,638,G
8-NS,807,626,0,3,0,629,A
8-NS,808,0,0,629,0,629,G
8-NS,809,514,0,1,0,515,A
8-NS,810,0,512,0,0,512,T
8-NS,811,510,0,0,0,510,A
8-NS,812,508,0,0,0,508,A
8-NS,813,0,1,504,0,505,G
8-NS,814,443,0,2,0,445,A
8-NS,815,441,0,0,0,441,A
8-NS,816,0,0,0,439,439,C
8-NS,817,0,387,0,0,387,T
8-NS,818,0,387,0,0,387,T
8-NS,819,0,383,0,0,383,T
8-NS,820,1,0,0,384,385,C
8-NS,821,0,371,0,2,373,T
8-NS,822,0,0,0,371,371,C
8-NS,823,360,0,0,0,360,A
8-NS,824,0,359,0,0,359,T
8-NS,825,0,353,0,1,354,T
8-NS,826,0,348,0,0,348,T
8-NS,827,0,0,0,349,349,C
8-NS,828,334,0,0,0,334,A
8-NS,829,0,0,330,0,330,G
8-NS,830,0,0,0,332,332,C
8-NS,831,0,313,0,0,313,T
8-NS,832,0,313,0,0,313,T
8-NS,833,301,0,1,0,302,A
8-NS,834,0,300,0,0,300,T
8-NS,835,0,299,0,0,299,T
8-NS,836,0,297,0,0,297,T
8-NS,837,286,0,0,0,286,A
8-NS,838,275,0,0,0,275,A
8-NS,839,0,270,0,0,270,T
8-NS,840,0,0,268,0,268,G
8-NS,841,258,0,0,0,258,A
8-NS,842,0,231,0,0,231,T
8-NS,843,226,0,0,0,226,A
8-NS,844,225,0,0,0,225,A
8-NS,845,224,0,0,0,224,A
8-NS,846,226,0,0,0,226,A
8-NS,847,222,0,0,0,222,A
8-NS,848,218,0,0,0,218,A
8-NS,849,0,0,0,218,218,C
8-NS,850,185,0,0,0,185,A
8-NS,851,0,0,0,186,186,C
8-NS,852,0,0,0,177,177,C
8-NS,853,1,0,0,171,172,C
8-NS,854,0,161,0,0,161,T
8-NS,855,0,158,0,0,158,T
8-NS,856,0,0,163,0,163,G
8-NS,857,0,156,0,0,156,T
8-NS,858,0,153,0,0,153,T
8-NS,859,0,146,0,1,147,T
8-NS,860,0,0,0,53,53,C
8-NS,861,0,36,0,0,36,T
8-NS,862,28,0,0,0,28,A
8-NS,863,0,0,0,28,28,C
