Gene,Position,A,T,G,C,Coverage,Consensus
1-PB2,1,563,0,0,0,563,A
1-PB2,2,0,567,0,0,567,T
1-PB2,3,0,0,582,0,582,G
1-PB2,4,0,1,574,0,575,G
1-PB2,5,575,0,0,0,575,A
1-PB2,6,571,0,0,0,571,A
1-PB2,7,580,0,0,0,580,A
1-PB2,8,0,3,660,0,663,G
1-PB2,9,656,0,2,0,658,A
1-PB2,10,662,0,2,0,664,A
1-PB2,11,0,683,0,0,683,T
1-PB2,12,681,0,0,0,681,A
1-PB2,13,683,0,0,0,683,A
1-PB2,14,679,0,0,1,680,A
1-PB2,15,684,0,1,0,685,A
1-PB2,16,0,5,702,0,707,G
1-PB2,17,709,0,0,0,709,A
1-PB2,18,713,0,0,0,713,A
1-PB2,19,0,1,0,722,723,C
1-PB2,20,0,726,0,0,726,T
1-PB2,21,736,0,1,0,737,A
1-PB2,22,0,1,0,738,739,C
1-PB2,23,2,2,730,0,734,G
1-PB2,24,0,4,732,0,736,G
1-PB2,25,740,0,0,0,740,A
1-PB2,26,768,0,0,0,768,A
1-PB2,27,0,778,0,0,778,T
1-PB2,28,4,0,0,773,777,C
1-PB2,29,0,780,0,1,781,T
1-PB2,30,1,1,787,0,789,G
1-PB2,31,790,0,0,0,790,A
1-PB2,32,0,799,0,0,799,T
1-PB2,33,0,0,797,0,797,G
1-PB2,34,1,801,0,1,803,T
1-PB2,35,3,0,0,798,801,C
1-PB2,36,1,0,795,0,796,G
1-PB2,37,0,1,0,799,800,C
1-PB2,38,800,0,2,0,802,A
1-PB2,39,0,0,852,0,852,G
1-PB2,40,0,863,0,1,864,T
1-PB2,41,3,0,0,855,858,C
1-PB2,42,0,858,0,1,859,T
1-PB2,43,3,0,0,864,867,C
1-PB2,44,1,1,854,0,856,G
1-PB2,45,0,0,0,867,867,C
1-PB2,46,860,0,0,0,860,A
1-PB2,47,1,0,0,880,881,C
1-PB2,48,0,880,0,0,880,T
1-PB2,49,4,0,0,897,901,C
1-PB2,50,0,1,898,0,899,G
1-PB2,51,0,0,0,897,897,C
1-PB2,52,0,4,895,0,899,G
1-PB2,53,894,0,0,0,894,A
1-PB2,54,0,1,905,0,906,G
1-PB2,55,941,0,0,0,941,A
1-PB2,56,0,940,0,0,940,T
1-PB2,57,950,0,0,0,950,A
1-PB2,58,0,0,0,954,954,C
1-PB2,59,0,955,0,0,955,T
1-PB2,60,4,3,959,0,966,G
1-PB2,61,974,0,2,0,976,A
1-PB2,62,1,0,0,986,987,C
1-PB2,63,992,0,0,0,992,A
1-PB2,64,985,0,0,0,985,A
1-PB2,65,1002,0,1,0,1003,A
1-PB2,66,1024,0,0,0,1024,A
1-PB2,67,1022,0,0,0,1022,A
1-PB2,68,0,0,0,1027,1027,C
1-PB2,69,3,0,0,1033,1036,C
1-PB2,70,1062,0,0,0,1062,A
1-PB2,71,0,0,0,1084,1084,C
1-PB2,72,1079,0,0,0,1079,A
1-PB2,73,1,0,1105,0,1106,G
1-PB2,74,0,1097,0,0,1097,T
1-PB2,75,0,2,1149,0,1151,G
1-PB2,76,0,6,1146,0,1152,G
1-PB2,77,1155,0,0,0,1155,A
1-PB2,78,0,0,0,1239,1239,C
1-PB2,79,5,0,0,1234,1239,C
1-PB2,80,1236,0,1,0,1237,A
1-PB2,81,0,1233,0,0,1233,T
1-PB2,82,1234,0,1,0,1235,A
1-PB2,83,0,1233,0,0,1233,T
1-PB2,84,0,5,1235,0,1240,G
1-PB2,85,0,1,1239,0,1240,G
1-PB2,86,1,1,0,1250,1252,C
1-PB2,87,3,1,0,1229,1233,C
1-PB2,88,1240,0,2,0,1242,A
1-PB2,89,1,1335,0,0,1336,T
1-PB2,90,1337,0,0,0,1337,A
1-PB2,91,1385,0,0,0,1385,A
1-PB2,92,0,1397,0,0,1397,T
1-PB2,93,0,1396,0,0,1396,T
1-PB2,94,1407,0,0,0,1407,A
1-PB2,95,1403,0,1,0,1404,A
1-PB2,96,0,4,1430,0,1434,G
1-PB2,97,1436,0,1,0,1437,A
1-PB2,98,1423,0,0,0,1423,A
1-PB2,99,1,0,1481,0,1482,G
1-PB2,100,0,1470,0,0,1470,T
1-PB2,101,1480,0,1,0,1481,A
1-PB2,102,0,1,0,1495,1496,C
1-PB2,103,1492,0,2,0,1494,A
1-PB2,104,0,1,0,1543,1544,C
1-PB2,105,1530,0,0,0,1530,A
1-PB2,106,0,1544,0,0,1544,T
1-PB2,107,4,1,0,1547,1552,C
1-PB2,108,0,5,1524,0,1529,G
1-PB2,109,0,8,1519,1,1528,G
1-PB2,110,0,2,1515,0,1517,G
1-PB2,111,2,2,1520,0,1524,G
1-PB2,112,1520,0,3,0,1523,A
1-PB2,113,0,3,1537,0,1540,G
1-PB2,114,1534,0,4,0,1538,A
1-PB2,115,0,0,0,1556,1556,C
1-PB2,116,1544,0,4,0,1548,A
1-PB2,117,1,1,1577,0,1579,G
1-PB2,118,0,4,1593,0,1597,G
1-PB2,119,1583,0,0,0,1583,A
1-PB2,120,1601,0,0,1,1602,A
1-PB2,121,1593,0,0,1,1594,A
1-PB2,122,1596,2,2,0,1600,A
1-PB2,123,2,10,1579,0,1591,G
1-PB2,124,1598,0,0,0,1598,A
1-PB2,125,1606,0,1,0,1607,A
1-PB2,126,0,0,0,1607,1607,C
1-PB2,127,3,0,0,1611,1614,C
1-PB2,128,4,0,0,1608,1612,C
1-PB2,129,1,0,1608,0,1609,G
1-PB2,130,0,1607,0,1,1608,T
1-PB2,131,5,0,0,1615,1620,C
1-PB2,132,1629,0,0,1,1630,A
1-PB2,133,0,0,0,1641,1641,C
1-PB2,134,0,1645,1,0,1646,T
1-PB2,135,0,1655,0,0,1655,T
1-PB2,136,1650,0,1,0,1651,A
1-PB2,137,0,4,1673,0,1677,G
1-PB2,138,0,3,1671,0,1674,G
1-PB2,139,1663,0,2,0,1665,A
1-PB2,140,0,1669,0,1,1670,T
1-PB2,141,1,8,1684,0,1693,G
1-PB2,142,1710,0,0,0,1710,A
1-PB2,143,1711,0,1,0,1712,A
1-PB2,144,1712,0,2,0,1714,A
1-PB2,145,0,1713,0,0,1713,T
1-PB2,146,0,2,1702,0,1704,G
1-PB2,147,0,3,1714,1,1718,G
1-PB2,148,1711,0,2,0,1713,A
1-PB2,149,0,1727,0,0,1727,T
1-PB2,150,1,2,1710,0,1713,G
1-PB2,151,1706,0,2,0,1708,A
1-PB2,152,0,1719,0,1,1720,T
1-PB2,153,1,0,1717,0,1718,G
1-PB2,154,0,2,1720,0,1722,G
1-PB2,155,0,0,0,1727,1727,C
1-PB2,156,1717,0,0,0,1717,A
1-PB2,157,1724,0,0,0,1724,A
1-PB2,158,0,1733,0,1,1734,T
1-PB2,159,1,5,1784,0,1790,G
1-PB2,160,1791,0,0,0,1791,A
1-PB2,161,1790,0,0,0,1790,A
1-PB2,162,1795,0,0,0,1795,A
1-PB2,163,0,1806,0,0,1806,T
1-PB2,164,1822,1,1,0,1824,A
1-PB2,165,1,1,0,1846,1848,C
1-PB2,166,6,0,0,1827,1833,C
1-PB2,167,7,0,0,1842,1849,C
1-PB2,168,1843,0,1,0,1844,A
1-PB2,169,1839,0,1,0,1840,A
1-PB2,170,0,1842,0,0,1842,T
1-PB2,171,8,0,0,1839,1847,C
1-PB2,172,1844,0,1,0,1845,A
1-PB2,173,0,3,0,1889,1892,C
1-PB2,174,0,1863,0,0,1863,T
1-PB2,175,2,1,1864,0,1867,G
1-PB2,176,0,0,0,1861,1861,C
1-PB2,177,0,1870,0,1,1871,T
1-PB2,178,2,6,1879,0,1887,G
1-PB2,179,1884,0,0,0,1884,A
1-PB2,180,0,0,0,1901,1901,C
1-PB2,181,1904,0,0,0,1904,A
1-PB2,182,1884,1,0,0,1885,A
1-PB2,183,1885,0,3,0,1888,A
1-PB2,184,1890,0,2,0,1892,A
1-PB2,185,0,5,1911,0,1916,G
1-PB2,186,0,6,1915,0,1921,G
1-PB2,187,1911,0,0,0,1911,A
1-PB2,188,0,1910,1,3,1914,T
1-PB2,189,1912,0,2,0,1914,A
1-PB2,190,1920,1,2,0,1923,A
1-PB2,191,0,0,0,1944,1944,C
1-PB2,192,1945,0,0,0,1945,A
1-PB2,193,1,3,1945,0,1949,G
1-PB2,194,1928,0,0,0,1928,A
1-PB2,195,1924,0,2,0,1926,A
1-PB2,196,1934,1,0,0,1935,A
1-PB2,197,0,1933,0,0,1933,T
1-PB2,198,2,5,1924,0,1931,G
1-PB2,199,0,0,1949,0,1949,G
1-PB2,200,0,1937,0,0,1937,T
1-PB2,201,0,1937,0,1,1938,T
1-PB2,202,7,1,0,1931,1939,C
1-PB2,203,0,3,0,1933,1936,C
1-PB2,204,1,2,1940,0,1943,G
1-PB2,205,0,5,1942,0,1947,G
1-PB2,206,1942,0,0,0,1942,A
1-PB2,207,0,2,1951,0,1953,G
1-PB2,208,1931,0,0,0,1931,A
1-PB2,209,1,6,1961,0,1968,G
1-PB2,210,1962,0,1,0,1963,A
1-PB2,211,1967,0,0,0,1967,A
1-PB2,212,1965,0,0,0,1965,A
1-PB2,213,0,1968,0,1,1969,T
1-PB2,214,0,8,1984,0,1992,G
1-PB2,215,1993,0,2,0,1995,A
1-PB2,216,1997,0,1,0,1998,A
1-PB2,217,0,0,0,1997,1997,C
1-PB2,218,1979,0,1,0,1980,A
1-PB2,219,1976,0,1,0,1977,A
1-PB2,220,0,4,1993,0,1997,G
1-PB2,221,1,11,2014,0,2026,G
1-PB2,222,2023,0,3,0,2026,A
1-PB2,223,0,0,0,2033,2033,C
1-PB2,224,2032,1,1,0,2034,A
1-PB2,225,2031,0,1,0,2032,A
1-PB2,226,2015,0,0,1,2016,A
1-PB2,227,1,0,0,2024,2025,C
1-PB2,228,2,0,0,1968,1970,C
1-PB2,229,13,0,0,2086,2099,C
1-PB2,230,1,2104,1,0,2106,T
1-PB2,231,2100,0,1,0,2101,A
1-PB2,232,1,2108,0,0,2109,T
1-PB2,233,0,6,2127,0,2133,G
1-PB2,234,0,15,2150,0,2165,G
1-PB2,235,2079,0,0,0,2079,A
1-PB2,236,2,1,2100,0,2103,G
1-PB2,237,0,2098,0,1,2099,T
1-PB2,238,2097,0,0,0,2097,A
1-PB2,239,2109,0,0,0,2109,A
1-PB2,240,2096,0,0,0,2096,A
1-PB2,241,2105,0,1,0,2106,A
1-PB2,242,0,2095,0,0,2095,T
1-PB2,243,0,6,2078,0,2084,G
1-PB2,244,2061,0,3,0,2064,A
1-PB2,245,0,0,2077,0,2077,G
1-PB2,246,0,2048,0,2,2050,T
1-PB2,247,0,6,2046,0,2052,G
1-PB2,248,2090,0,1,0,2091,A
1-PB2,249,0,2103,0,0,2103,T
1-PB2,250,0,1,2115,0,2116,G
1-PB2,251,0,1,0,2097,2098,C
1-PB2,252,0,2102,0,0,2102,T
1-PB2,253,0,3,2148,0,2151,G
1-PB2,254,0,8,2151,0,2159,G
1-PB2,255,2164,1,3,0,2168,A
1-PB2,256,0,2170,0,2,2172,T
1-PB2,257,8,0,0,2152,2160,C
1-PB2,258,2174,0,1,0,2175,A
1-PB2,259,0,3,2225,0,2228,G
1-PB2,260,2223,0,1,0,2224,A
1-PB2,261,0,2235,0,0,2235,T
1-PB2,262,2176,0,2,0,2178,A
1-PB2,263,0,5,2215,1,2221,G
1-PB2,264,2204,2,0,0,2206,A
1-PB2,265,0,0,2233,0,2233,G
1-PB2,266,0,2185,0,0,2185,T
1-PB2,267,1,5,2197,0,2203,G
1-PB2,268,2173,0,2,0,2175,A
1-PB2,269,0,2172,0,1,2173,T
1-PB2,270,1,9,2208,0,2218,G
1-PB2,271,1,0,2249,0,2250,G
1-PB2,272,0,2224,0,0,2224,T
1-PB2,273,2228,0,2,0,2230,A
1-PB2,274,0,2208,0,1,2209,T
1-PB2,275,7,0,0,2196,2203,C
1-PB2,276,2225,0,1,0,2226,A
1-PB2,277,1,0,0,2260,2261,C
1-PB2,278,2,0,0,2263,2265,C
1-PB2,279,0,2231,0,1,2232,T
1-PB2,280,0,2235,0,0,2235,T
1-PB2,281,1,2233,0,1,2235,T
1-PB2,282,0,3,2266,0,2269,G
1-PB2,283,0,1,2253,0,2254,G
1-PB2,284,0,2,0,2281,2283,C
1-PB2,285,1,2259,0,3,2263,T
1-PB2,286,1,1,2276,0,2278,G
1-PB2,287,0,2284,0,0,2284,T
1-PB2,288,2291,0,1,0,2292,A
1-PB2,289,2288,0,2,0,2290,A
1-PB2,290,0,1,0,2291,2292,C
1-PB2,291,2263,0,1,0,2264,A
1-PB2,292,0,2259,0,0,2259,T
1-PB2,293,1,8,2232,0,2241,G
1-PB2,294,0,0,2262,0,2262,G
1-PB2,295,0,2243,0,0,2243,T
1-PB2,296,0,4,2245,0,2249,G
1-PB2,297,0,5,2266,0,2271,G
1-PB2,298,2274,0,2,0,2276,A
1-PB2,299,2295,0,0,0,2295,A
1-PB2,300,0,2302,0,2,2304,T
1-PB2,301,2292,0,1,0,2293,A
1-PB2,302,0,1,2329,0,2330,G
1-PB2,303,2324,0,0,0,2324,A
1-PB2,304,2329,0,0,0,2329,A
1-PB2,305,2329,0,2,0,2331,A
1-PB2,306,0,2291,0,0,2291,T
1-PB2,307,0,9,2282,0,2291,G
1-PB2,308,0,6,2279,0,2285,G
1-PB2,309,2287,0,2,1,2290,A
1-PB2,310,0,0,0,2302,2302,C
1-PB2,311,8,0,1,2263,2272,C
1-PB2,312,10,1,0,2260,2271,C
1-PB2,313,0,2,2290,0,2292,G
1-PB2,314,1,2291,0,0,2292,T
1-PB2,315,0,7,2318,0,2325,G
1-PB2,316,2322,0,1,0,2323,A
1-PB2,317,0,1,0,2349,2350,C
1-PB2,318,2355,0,0,0,2355,A
1-PB2,319,2338,1,1,0,2340,A
1-PB2,320,3,0,2387,0,2390,G
1-PB2,321,0,2374,0,2,2376,T
1-PB2,322,2375,0,0,0,2375,A
1-PB2,323,1,3,0,2358,2362,C
1-PB2,324,0,5,2327,0,2332,G
1-PB2,325,0,0,2392,0,2392,G
1-PB2,326,1,2377,0,3,2381,T
1-PB2,327,5,0,0,2393,2398,C
1-PB2,328,6,0,0,2390,2396,C
1-PB2,329,2379,0,1,0,2380,A
1-PB2,330,0,2387,0,3,2390,T
1-PB2,331,0,2399,0,0,2399,T
1-PB2,332,2481,0,1,0,2482,A
1-PB2,333,0,0,0,2470,2470,C
1-PB2,334,6,0,0,2425,2431,C
1-PB2,335,9,1,0,2435,2445,C
1-PB2,336,2441,0,0,0,2441,A
1-PB2,337,2439,0,0,0,2439,A
1-PB2,338,2454,0,0,1,2455,A
1-PB2,339,2437,0,2,1,2440,A
1-PB2,340,0,0,2477,0,2477,G
1-PB2,341,0,2388,0,0,2388,T
1-PB2,342,0,0,2441,0,2441,G
1-PB2,343,0,2428,0,2,2430,T
1-PB2,344,2440,0,1,0,2441,A
1-PB2,345,1,0,0,2436,2437,C
1-PB2,346,2444,0,0,0,2444,A
1-PB2,347,2444,0,1,0,2445,A
1-PB2,348,0,7,2461,0,2468,G
1-PB2,349,2432,1,4,0,2437,A
1-PB2,350,1,1,0,2454,2456,C
1-PB2,351,0,2406,1,0,2407,T
1-PB2,352,0,2432,1,2,2435,T
1-PB2,353,2432,0,0,0,2432,A
1-PB2,354,0,2433,1,0,2434,T
1-PB2,355,0,2434,1,1,2436,T
1-PB2,356,0,2404,2,0,2406,T
1-PB2,357,8,0,0,2398,2406,C
1-PB2,358,1,19,2385,0,2405,G
1-PB2,359,2389,1,1,0,2391,A
1-PB2,360,0,0,0,2402,2402,C
1-PB2,361,2412,0,0,0,2412,A
1-PB2,362,2403,0,0,0,2403,A
1-PB2,363,2395,0,2,0,2397,A
1-PB2,364,0,0,2409,0,2409,G
1-PB2,365,0,2383,1,1,2385,T
1-PB2,366,11,0,0,2404,2415,C
1-PB2,367,0,1,2433,0,2434,G
1-PB2,368,2413,1,2,0,2416,A
1-PB2,369,2414,0,1,0,2415,A
1-PB2,370,2412,0,2,0,2414,A
1-PB2,371,0,5,2493,0,2498,G
1-PB2,372,0,0,2503,0,2503,G
1-PB2,373,0,2482,1,0,2483,T
1-PB2,374,0,2494,1,2,2497,T
1-PB2,375,2506,0,1,0,2507,A
1-PB2,376,2496,0,1,0,2497,A
1-PB2,377,2497,0,1,0,2498,A
1-PB2,378,2519,0,0,0,2519,A
1-PB2,379,1,0,0,2541,2542,C
1-PB2,380,2504,0,1,0,2505,A
1-PB2,381,0,2486,1,1,2488,T
1-PB2,382,1,6,2468,0,2475,G
1-PB2,383,0,10,2476,0,2486,G
1-PB2,384,2475,0,2,0,2477,A
1-PB2,385,2481,0,2,0,2483,A
1-PB2,386,0,0,0,2536,2536,C
1-PB2,387,7,0,0,2548,2555,C
1-PB2,388,0,2539,1,1,2541,T
1-PB2,389,0,2547,1,1,2549,T
1-PB2,390,0,2556,0,0,2556,T
1-PB2,391,0,9,2537,0,2546,G
1-PB2,392,1,3,2532,0,2536,G
1-PB2,393,1,2,1,2533,2537,C
1-PB2,394,8,0,0,2518,2526,C
1-PB2,395,5,3,0,2517,2525,C
1-PB2,396,0,2481,1,0,2482,T
1-PB2,397,2,0,2514,0,2516,G
1-PB2,398,0,2512,1,2,2515,T
1-PB2,399,0,2509,1,0,2510,T
1-PB2,400,14,3,0,2501,2518,C
1-PB2,401,2498,0,0,0,2498,A
1-PB2,402,0,2499,1,0,2500,T
1-PB2,403,0,2502,0,0,2502,T
1-PB2,404,0,2503,0,0,2503,T
1-PB2,405,0,2498,0,0,2498,T
1-PB2,406,2480,0,1,0,2481,A
1-PB2,407,0,6,2468,0,2474,G
1-PB2,408,2462,0,0,0,2462,A
1-PB2,409,2480,0,1,0,2481,A
1-PB2,410,2480,0,0,0,2480,A
1-PB2,411,0,2456,3,0,2459,T
1-PB2,412,11,0,0,2455,2466,C
1-PB2,413,2472,0,1,0,2473,A
1-PB2,414,2490,0,0,0,2490,A
1-PB2,415,0,0,2503,0,2503,G
1-PB2,416,0,2491,0,0,2491,T
1-PB2,417,19,0,0,2485,2504,C
1-PB2,418,2517,0,1,0,2518,A
1-PB2,419,2516,0,0,0,2516,A
1-PB2,420,2,0,2509,0,2511,G
1-PB2,421,2527,0,0,0,2527,A
1-PB2,422,0,2513,0,0,2513,T
1-PB2,423,2544,0,2,1,2547,A
1-PB2,424,1,3,0,2524,2528,C
1-PB2,425,0,2,2538,0,2540,G
1-PB2,426,3,0,0,2541,2544,C
1-PB2,427,2540,0,1,0,2541,A
1-PB2,428,2,4,2557,0,2563,G
1-PB2,429,2544,0,0,0,2544,A
1-PB2,430,2570,0,2,0,2572,A
1-PB2,431,0,8,2612,1,2621,G
1-PB2,432,2552,0,2,0,2554,A
1-PB2,433,0,0,2589,0,2589,G
1-PB2,434,0,2576,1,0,2577,T
1-PB2,435,2564,0,0,0,2564,A
1-PB2,436,0,14,2585,0,2599,G
1-PB2,437,2602,1,2,0,2605,A
1-PB2,438,0,0,0,2663,2663,C
1-PB2,439,2623,1,0,0,2624,A
1-PB2,440,0,2573,1,0,2574,T
1-PB2,441,2566,0,1,0,2567,A
1-PB2,442,2569,0,0,0,2569,A
1-PB2,443,2568,0,0,0,2568,A
1-PB2,444,1,1,0,2591,2593,C
1-PB2,445,8,2,0,2556,2566,C
1-PB2,446,8,0,0,2551,2559,C
1-PB2,447,0,2426,0,1,2427,T
1-PB2,448,2,4,2437,0,2443,G
1-PB2,449,0,0,2480,0,2480,G
1-PB2,450,0,2478,0,3,2481,T
1-PB2,451,15,0,0,2463,2478,C
1-PB2,452,2503,0,0,0,2503,A
1-PB2,453,0,2496,0,0,2496,T
1-PB2,454,0,1,2508,0,2509,G
1-PB2,455,0,2,0,2503,2505,C
1-PB2,456,2493,0,1,0,2494,A
1-PB2,457,1,9,2503,0,2513,G
1-PB2,458,2441,0,1,0,2442,A
1-PB2,459,0,0,0,2485,2485,C
1-PB2,460,3,0,0,2480,2483,C
1-PB2,461,0,2439,0,1,2440,T
1-PB2,462,6,1,0,2435,2442,C
1-PB2,463,2422,0,1,0,2423,A
1-PB2,464,0,0,2461,0,2461,G
1-PB2,465,0,2457,0,0,2457,T
1-PB2,466,1,0,2448,0,2449,G
1-PB2,467,0,2,0,2439,2441,C
1-PB2,468,12,0,1,2428,2441,C
1-PB2,469,2432,1,0,0,2433,A
1-PB2,470,2425,0,1,0,2426,A
1-PB2,471,2414,0,1,0,2415,A
1-PB2,472,0,0,2432,0,2432,G
1-PB2,473,2362,0,1,0,2363,A
1-PB2,474,0,8,2353,0,2361,G
1-PB2,475,0,0,2342,0,2342,G
1-PB2,476,0,2,0,2343,2345,C
1-PB2,477,2352,0,1,0,2353,A
1-PB2,478,2,1,0,2354,2357,C
1-PB2,479,2362,0,1,0,2363,A
1-PB2,480,2368,0,0,0,2368,A
1-PB2,481,0,7,2396,0,2403,G
1-PB2,482,2399,1,0,0,2400,A
1-PB2,483,0,2394,0,1,2395,T
1-PB2,484,0,0,2396,0,2396,G
1-PB2,485,0,2392,0,0,2392,T
1-PB2,486,2390,0,0,0,2390,A
1-PB2,487,2396,0,1,0,2397,A
1-PB2,488,0,2404,0,0,2404,T
1-PB2,489,0,2339,0,0,2339,T
1-PB2,490,2322,0,0,0,2322,A
1-PB2,491,0,2280,0,0,2280,T
1-PB2,492,2,6,2269,0,2277,G
1-PB2,493,0,4,2270,0,2274,G
1-PB2,494,2272,0,0,0,2272,A
1-PB2,495,2239,0,0,0,2239,A
1-PB2,496,0,1,2257,0,2258,G
1-PB2,497,0,2240,0,0,2240,T
1-PB2,498,0,2242,0,0,2242,T
1-PB2,499,1,0,2259,0,2260,G
1-PB2,500,0,2229,0,4,2233,T
1-PB2,501,0,2226,0,0,2226,T
1-PB2,502,0,2237,0,0,2237,T
1-PB2,503,0,2246,0,0,2246,T
1-PB2,504,0,2237,0,0,2237,T
1-PB2,505,8,0,0,2243,2251,C
1-PB2,506,7,2,0,2237,2246,C
1-PB2,507,6,2,1,2262,2271,C
1-PB2,508,2252,0,1,0,2253,A
1-PB2,509,2252,0,0,0,2252,A
1-PB2,510,0,2260,0,0,2260,T
1-PB2,511,0,8,2270,0,2278,G
1-PB2,512,2275,1,0,0,2276,A
1-PB2,513,2262,0,1,0,2263,A
1-PB2,514,0,0,2277,0,2277,G
1-PB2,515,0,2250,0,2,2252,T
1-PB2,516,0,8,2243,0,2251,G
1-PB2,517,1,5,2246,0,2252,G
1-PB2,518,0,8,2236,1,2245,G
1-PB2,519,2259,0,7,0,2266,A
1-PB2,520,0,1,2254,0,2255,G
1-PB2,521,0,0,0,2197,2197,C
1-PB2,522,4,1,0,2241,2246,C
1-PB2,523,2252,0,5,0,2257,A
1-PB2,524,0,5,2286,0,2291,G
1-PB2,525,1,8,2290,0,2299,G
1-PB2,526,2303,0,1,0,2304,A
1-PB2,527,0,2301,0,1,2302,T
1-PB2,528,2307,0,0,0,2307,A
1-PB2,529,1,0,0,2298,2299,C
1-PB2,530,0,2280,0,1,2281,T
1-PB2,531,2290,0,0,0,2290,A
1-PB2,532,2287,0,1,0,2288,A
1-PB2,533,1,0,0,2282,2283,C
1-PB2,534,2234,0,0,0,2234,A
1-PB2,535,0,2213,0,0,2213,T
1-PB2,536,1,2,0,2235,2238,C
1-PB2,537,2212,0,0,0,2212,A
1-PB2,538,0,15,2209,0,2224,G
1-PB2,539,2216,0,1,0,2217,A
1-PB2,540,2210,0,0,0,2210,A
1-PB2,541,0,2197,0,0,2197,T
1-PB2,542,7,1,0,2158,2166,C
1-PB2,543,2160,0,4,0,2164,A
1-PB2,544,1,0,0,2203,2204,C
1-PB2,545,2207,0,0,0,2207,A
1-PB2,546,2218,0,0,0,2218,A
1-PB2,547,1,2176,0,0,2177,T
1-PB2,548,0,2195,0,0,2195,T
1-PB2,549,2200,0,1,0,2201,A
1-PB2,550,2212,0,1,0,2213,A
1-PB2,551,0,2,0,2223,2225,C
1-PB2,552,2205,0,0,0,2205,A
1-PB2,553,2181,0,0,0,2181,A
1-PB2,554,0,2217,0,0,2217,T
1-PB2,555,2205,1,0,0,2206,A
1-PB2,556,2202,0,0,0,2202,A
1-PB2,557,1,2,0,2203,2206,C
1-PB2,558,0,2206,0,0,2206,T
1-PB2,559,2195,0,0,0,2195,A
1-PB2,560,2187,0,0,0,2187,A
1-PB2,561,2185,0,1,0,2186,A
1-PB2,562,0,6,2187,0,2193,G
1-PB2,563,2147,0,0,0,2147,A
1-PB2,564,0,5,2159,0,2164,G
1-PB2,565,2148,0,0,0,2148,A
1-PB2,566,2155,0,2,0,2157,A
1-PB2,567,2155,1,1,0,2157,A
1-PB2,568,2154,0,0,0,2154,A
1-PB2,569,2166,0,0,0,2166,A
1-PB2,570,2165,0,2,0,2167,A
1-PB2,571,0,4,2160,0,2164,G
1-PB2,572,2168,0,0,0,2168,A
1-PB2,573,2146,0,1,0,2147,A
1-PB2,574,1,12,2138,0,2151,G
1-PB2,575,2153,1,1,0,2155,A
1-PB2,576,2149,0,0,0,2149,A
1-PB2,577,0,0,0,2163,2163,C
1-PB2,578,1,2128,0,0,2129,T
1-PB2,579,11,0,0,2137,2148,C
1-PB2,580,4,0,0,2152,2156,C
1-PB2,581,1,9,2153,0,2163,G
1-PB2,582,2155,0,0,0,2155,A
1-PB2,583,0,2,2157,0,2159,G
1-PB2,584,2149,0,1,0,2150,A
1-PB2,585,0,2136,0,0,2136,T
1-PB2,586,0,2104,0,0,2104,T
1-PB2,587,1,3,2095,0,2099,G
1-PB2,588,0,0,0,2101,2101,C
1-PB2,589,2111,0,2,0,2113,A
1-PB2,590,2115,0,0,0,2115,A
1-PB2,591,2110,0,0,0,2110,A
1-PB2,592,2119,0,1,0,2120,A
1-PB2,593,0,2109,0,0,2109,T
1-PB2,594,0,2101,0,0,2101,T
1-PB2,595,0,2104,0,1,2105,T
1-PB2,596,5,1,0,2102,2108,C
1-PB2,597,0,2075,0,4,2079,T
1-PB2,598,11,0,0,2150,2161,C
1-PB2,599,3,1,0,2153,2157,C
1-PB2,600,10,0,0,2280,2290,C
1-PB2,601,1,2285,0,2,2288,T
1-PB2,602,0,2335,0,0,2335,T
1-PB2,603,1,1,2346,0,2348,G
1-PB2,604,2344,0,0,0,2344,A
1-PB2,605,0,2372,0,1,2373,T
1-PB2,606,1,9,2391,0,2401,G
1-PB2,607,1,1,2552,0,2554,G
1-PB2,608,0,2580,1,1,2582,T
1-PB2,609,1,2578,0,0,2579,T
1-PB2,610,0,2,2704,1,2707,G
1-PB2,611,1,1,0,2705,2707,C
1-PB2,612,2760,0,1,0,2761,A
1-PB2,613,0,2761,0,1,2762,T
1-PB2,614,2779,0,1,2,2782,A
1-PB2,615,1,1,0,2860,2862,C
1-PB2,616,3021,0,1,6,3028,A
1-PB2,617,0,3080,0,1,3081,T
1-PB2,618,1,2,3181,0,3184,G
1-PB2,619,0,3152,0,1,3153,T
1-PB2,620,0,3153,0,1,3154,T
1-PB2,621,3146,0,0,0,3146,A
1-PB2,622,0,11,3130,0,3141,G
1-PB2,623,3182,1,1,0,3184,A
1-PB2,624,0,9,3194,0,3203,G
1-PB2,625,3071,0,1,1,3073,A
1-PB2,626,0,7,3085,0,3092,G
1-PB2,627,3016,0,4,0,3020,A
1-PB2,628,0,17,3031,0,3048,G
1-PB2,629,3050,0,5,0,3055,A
1-PB2,630,3060,0,0,0,3060,A
1-PB2,631,0,0,0,3068,3068,C
1-PB2,632,0,3044,0,0,3044,T
1-PB2,633,0,3046,0,1,3047,T
1-PB2,634,0,0,3055,0,3055,G
1-PB2,635,1,3044,0,0,3045,T
1-PB2,636,3058,0,1,0,3059,A
1-PB2,637,3,3,0,3023,3029,C
1-PB2,638,0,9,3028,0,3037,G
1-PB2,639,3042,0,3,0,3045,A
1-PB2,640,3033,0,1,0,3034,A
1-PB2,641,3080,0,0,0,3080,A
1-PB2,642,3077,0,0,0,3077,A
1-PB2,643,3075,0,2,2,3079,A
1-PB2,644,0,0,0,3094,3094,C
1-PB2,645,3098,0,0,0,3098,A
1-PB2,646,3103,0,0,0,3103,A
1-PB2,647,0,9,3110,1,3120,G
1-PB2,648,3117,0,2,0,3119,A
1-PB2,649,0,3115,0,0,3115,T
1-PB2,650,0,3112,0,0,3112,T
1-PB2,651,0,3119,0,0,3119,T
1-PB2,652,4,2,0,3118,3124,C
1-PB2,653,0,3120,0,5,3125,T
1-PB2,654,7,0,0,3138,3145,C
1-PB2,655,8,1,0,3124,3133,C
1-PB2,656,11,1,0,3132,3144,C
1-PB2,657,3133,0,0,0,3133,A
1-PB2,658,0,0,3184,0,3184,G
1-PB2,659,0,3181,0,1,3182,T
1-PB2,660,0,3173,0,2,3175,T
1-PB2,661,1,1,3183,0,3185,G
1-PB2,662,2,0,0,3160,3162,C
1-PB2,663,0,3166,0,2,3168,T
1-PB2,664,1,4,3186,0,3191,G
1-PB2,665,2,0,3167,0,3169,G
1-PB2,666,0,5,0,3151,3156,C
1-PB2,667,1,6,3175,0,3182,G
1-PB2,668,1,12,3200,0,3213,G
1-PB2,669,3212,0,2,0,3214,A
1-PB2,670,3218,0,1,0,3219,A
1-PB2,671,1,0,0,3228,3229,C
1-PB2,672,3245,0,0,0,3245,A
1-PB2,673,3249,0,4,0,3253,A
1-PB2,674,0,4,3372,0,3376,G
1-PB2,675,2,5,0,3424,3431,C
1-PB2,676,3447,0,1,0,3448,A
1-PB2,677,3,3,4141,0,4147,G
1-PB2,678,0,4126,0,0,4126,T
1-PB2,679,4160,0,0,0,4160,A
1-PB2,680,0,4170,1,0,4171,T
1-PB2,681,4182,0,2,0,4184,A
1-PB2,682,0,4178,0,1,4179,T
1-PB2,683,4116,0,3,0,4119,A
1-PB2,684,1,2,0,4155,4158,C
1-PB2,685,3997,0,1,0,3998,A
1-PB2,686,0,3805,0,1,3806,T
1-PB2,687,0,3690,0,1,3691,T
1-PB2,688,1,8,3674,1,3684,G
1-PB2,689,3685,0,0,0,3685,A
1-PB2,690,3685,0,0,0,3685,A
1-PB2,691,1,0,3733,0,3734,G
1-PB2,692,0,3716,1,0,3717,T
1-PB2,693,0,3691,0,0,3691,T
1-PB2,694,0,3702,0,2,3704,T
1-PB2,695,0,3704,0,0,3704,T
1-PB2,696,3737,0,3,0,3740,A
1-PB2,697,0,1,0,3749,3750,C
1-PB2,698,3745,0,0,0,3745,A
1-PB2,699,0,3733,0,1,3734,T
1-PB2,700,2,3713,0,0,3715,T
1-PB2,701,0,3729,0,0,3729,T
1-PB2,702,0,31,3723,0,3754,G
1-PB2,703,3762,0,3,0,3765,A
1-PB2,704,1,1,0,3781,3783,C
1-PB2,705,0,3767,0,2,3769,T
1-PB2,706,16,0,0,3758,3774,C
1-PB2,707,3766,0,0,0,3766,A
1-PB2,708,3,8,3747,5,3763,G
1-PB2,709,1,9,3805,0,3815,G
1-PB2,710,0,23,3805,0,3828,G
1-PB2,711,3825,0,3,0,3828,A
1-PB2,712,3833,0,2,0,3835,A
1-PB2,713,1,0,0,3836,3837,C
1-PB2,714,2,2,3869,0,3873,G
1-PB2,715,0,3856,0,0,3856,T
1-PB2,716,3,1,3889,0,3893,G
1-PB2,717,0,3852,1,2,3855,T
1-PB2,718,0,3853,0,1,3854,T
1-PB2,719,0,14,3846,0,3860,G
1-PB2,720,0,8,3844,0,3852,G
1-PB2,721,0,23,3877,0,3900,G
1-PB2,722,3891,0,1,0,3892,A
1-PB2,723,3871,0,3,0,3874,A
1-PB2,724,0,1,0,3959,3960,C
1-PB2,725,3946,0,0,0,3946,A
1-PB2,726,4063,1,1,0,4065,A
1-PB2,727,4076,0,0,0,4076,A
1-PB2,728,2,4087,0,0,4089,T
1-PB2,729,0,2,4151,0,4153,G
1-PB2,730,0,4121,0,2,4123,T
1-PB2,731,4121,0,0,0,4121,A
1-PB2,732,0,2,0,4143,4145,C
1-PB2,733,4044,0,0,1,4045,A
1-PB2,734,0,0,0,4053,4053,C
1-PB2,735,0,3938,1,2,3941,T
1-PB2,736,11,0,0,4205,4216,C
1-PB2,737,10,0,0,4225,4235,C
1-PB2,738,4277,1,3,0,4281,A
1-PB2,739,2,8,4309,1,4320,G
1-PB2,740,0,1,4374,1,4376,G
1-PB2,741,0,4357,0,4,4361,T
1-PB2,742,0,9,4361,0,4370,G
1-PB2,743,0,9,4247,2,4258,G
1-PB2,744,4168,1,1,1,4171,A
1-PB2,745,2,5,4251,0,4258,G
1-PB2,746,1,15,4231,1,4248,G
1-PB2,747,4154,0,1,0,4155,A
1-PB2,748,1,0,4232,0,4233,G
1-PB2,749,0,4123,0,3,4126,T
1-PB2,750,0,13,4163,0,4176,G
1-PB2,751,4176,1,3,0,4180,A
1-PB2,752,0,11,4181,0,4192,G
1-PB2,753,1,16,4189,1,4207,G
1-PB2,754,4181,0,0,0,4181,A
1-PB2,755,4180,0,0,1,4181,A
1-PB2,756,0,4187,0,0,4187,T
1-PB2,757,1,21,4149,1,4172,G
1-PB2,758,4176,0,2,0,4178,A
1-PB2,759,1,6,0,4152,4159,C
1-PB2,760,3,4,4162,0,4169,G
1-PB2,761,4164,0,0,0,4164,A
1-PB2,762,0,4166,0,0,4166,T
1-PB2,763,3,0,4190,0,4193,G
1-PB2,764,0,4175,0,1,4176,T
1-PB2,765,0,4146,0,1,4147,T
1-PB2,766,1,27,4154,0,4182,G
1-PB2,767,4178,0,3,0,4181,A
1-PB2,768,1,2,0,4189,4192,C
1-PB2,769,21,0,0,4150,4171,C
1-PB2,770,4137,0,0,0,4137,A
1-PB2,771,4119,0,0,0,4119,A
1-PB2,772,4134,0,1,0,4135,A
1-PB2,773,1,1,4187,0,4189,G
1-PB2,774,4,0,0,4200,4204,C
1-PB2,775,7,1,0,4179,4187,C
1-PB2,776,0,4224,0,2,4226,T
1-PB2,777,4224,0,0,0,4224,A
1-PB2,778,4229,0,0,0,4229,A
1-PB2,779,0,4240,0,0,4240,T
1-PB2,780,0,4238,0,0,4238,T
1-PB2,781,4199,0,2,0,4201,A
1-PB2,782,0,4096,0,1,4097,T
1-PB2,783,0,4078,0,0,4078,T
1-PB2,784,1,2,4082,0,4085,G
1-PB2,785,4,4,0,4046,4054,C
1-PB2,786,3,11,4042,1,4057,G
1-PB2,787,2,0,4101,0,4103,G
1-PB2,788,0,1,0,4091,4092,C
1-PB2,789,9,3,0,4108,4120,C
1-PB2,790,4119,0,3,0,4122,A
1-PB2,791,0,9,4175,1,4185,G
1-PB2,792,2,19,4190,0,4211,G
1-PB2,793,4188,1,6,0,4195,A
1-PB2,794,4218,0,1,0,4219,A
1-PB2,795,1,0,0,4236,4237,C
1-PB2,796,4209,1,2,1,4213,A
1-PB2,797,0,4272,0,0,4272,T
1-PB2,798,4325,0,2,0,4327,A
1-PB2,799,2,0,4367,0,4369,G
1-PB2,800,0,4306,0,1,4307,T
1-PB2,801,4278,1,2,0,4281,A
1-PB2,802,4248,0,1,0,4249,A
1-PB2,803,0,6,4267,0,4273,G
1-PB2,804,4244,1,2,0,4247,A
1-PB2,805,4203,0,2,0,4205,A
1-PB2,806,1,18,4157,0,4176,G
1-PB2,807,4086,0,5,0,4091,A
1-PB2,808,1,0,4093,1,4095,G
1-PB2,809,4,0,0,4079,4083,C
1-PB2,810,7,0,0,4097,4104,C
1-PB2,811,2,1,4112,0,4115,G
1-PB2,812,1,0,0,4142,4143,C
1-PB2,813,4157,0,1,0,4158,A
1-PB2,814,2,1,4351,0,4354,G
1-PB2,815,0,4324,0,0,4324,T
1-PB2,816,4360,0,0,0,4360,A
1-PB2,817,0,4328,0,0,4328,T
1-PB2,818,18,0,0,4361,4379,C
1-PB2,819,4370,0,2,0,4372,A
1-PB2,820,2,1,4363,0,4366,G
1-PB2,821,0,0,0,4364,4364,C
1-PB2,822,4246,0,3,1,4250,A
1-PB2,823,0,7,4193,0,4200,G
1-PB2,824,4203,0,1,1,4205,A
1-PB2,825,0,4196,0,2,4198,T
1-PB2,826,18,0,1,4183,4202,C
1-PB2,827,17,3,0,4200,4220,C
1-PB2,828,4208,1,1,0,4210,A
1-PB2,829,0,0,0,4236,4236,C
1-PB2,830,1,4209,1,1,4212,T
1-PB2,831,4227,0,3,0,4230,A
1-PB2,832,1,0,4213,0,4214,G
1-PB2,833,6,0,0,4173,4179,C
1-PB2,834,4166,0,2,0,4168,A
1-PB2,835,0,4167,0,2,4169,T
1-PB2,836,6,0,0,4206,4212,C
1-PB2,837,0,4200,0,0,4200,T
1-PB2,838,0,4262,1,0,4263,T
1-PB2,839,0,4288,0,0,4288,T
1-PB2,840,4281,0,0,0,4281,A
1-PB2,841,0,4266,0,3,4269,T
1-PB2,842,0,4261,1,1,4263,T
1-PB2,843,2,5,4258,0,4265,G
1-PB2,844,1,14,4232,0,4247,G
1-PB2,845,4179,0,6,0,4185,A
1-PB2,846,0,9,4178,0,4187,G
1-PB2,847,4124,0,0,0,4124,A
1-PB2,848,0,4080,0,2,4082,T
1-PB2,849,0,1,4151,0,4152,G
1-PB2,850,1,4130,0,2,4133,T
1-PB2,851,1,2,4146,1,4150,G
1-PB2,852,1,2,0,4150,4153,C
1-PB2,853,11,2,1,4142,4156,C
1-PB2,854,4113,2,7,0,4122,A
1-PB2,855,1,2,0,4130,4133,C
1-PB2,856,4068,0,1,0,4069,A
1-PB2,857,2,2,4113,0,4117,G
1-PB2,858,2,2,0,4005,4009,C
1-PB2,859,3985,0,6,0,3991,A
1-PB2,860,1,4,0,4001,4006,C
1-PB2,861,3989,1,1,0,3991,A
1-PB2,862,0,0,0,4021,4021,C
1-PB2,863,4010,0,0,0,4010,A
1-PB2,864,4010,0,2,0,4012,A
1-PB2,865,3996,0,0,1,3997,A
1-PB2,866,0,3889,0,1,3890,T
1-PB2,867,0,3896,0,0,3896,T
1-PB2,868,0,7,3884,0,3891,G
1-PB2,869,0,1,3862,0,3863,G
1-PB2,870,0,1,0,3870,3871,C
1-PB2,871,3,10,3846,0,3859,G
1-PB2,872,2,20,3835,0,3857,G
1-PB2,873,3838,0,1,1,3840,A
1-PB2,874,3936,0,3,0,3939,A
1-PB2,875,1,2,0,3943,3946,C
1-PB2,876,3947,0,0,0,3947,A
1-PB2,877,3932,0,6,0,3938,A
1-PB2,878,2,12,3948,0,3962,G
1-PB2,879,1,7,3950,0,3958,G
1-PB2,880,3947,0,2,0,3949,A
1-PB2,881,1,3773,0,0,3774,T
1-PB2,882,1,9,3754,0,3764,G
1-PB2,883,0,0,3778,0,3778,G
1-PB2,884,0,3726,1,0,3727,T
1-PB2,885,2,10,3726,0,3738,G
1-PB2,886,1,13,3715,1,3730,G
1-PB2,887,3676,0,3,0,3679,A
1-PB2,888,1,2,0,3663,3666,C
1-PB2,889,3621,0,2,0,3623,A
1-PB2,890,0,4020,0,0,4020,T
1-PB2,891,0,3993,0,4,3997,T
1-PB2,892,18,0,0,3978,3996,C
1-PB2,893,0,3948,0,1,3949,T
1-PB2,894,0,3939,0,0,3939,T
1-PB2,895,3935,1,1,0,3937,A
1-PB2,896,1,16,3927,1,3945,G
1-PB2,897,3917,0,2,0,3919,A
1-PB2,898,1,1,0,3934,3936,C
1-PB2,899,3218,0,2,0,3220,A
1-PB2,900,1,21,3233,0,3255,G
1-PB2,901,3222,0,0,0,3222,A
1-PB2,902,3231,0,0,0,3231,A
1-PB2,903,0,0,0,3239,3239,C
1-PB2,904,7,0,0,3230,3237,C
1-PB2,905,10,0,1,3230,3241,C
1-PB2,906,4,11,3244,0,3259,G
1-PB2,907,3227,1,4,0,3232,A
1-PB2,908,2,1,1,3247,3251,C
1-PB2,909,0,3239,0,1,3240,T
1-PB2,910,1,6,3241,0,3248,G
1-PB2,911,3216,0,3,0,3219,A
1-PB2,912,3238,0,2,0,3240,A
1-PB2,913,0,19,3249,0,3268,G
1-PB2,914,3243,0,1,0,3244,A
1-PB2,915,3252,1,0,0,3253,A
1-PB2,916,0,1,0,3241,3242,C
1-PB2,917,3231,1,0,0,3232,A
1-PB2,918,3253,0,3,0,3256,A
1-PB2,919,0,1,3274,0,3275,G
1-PB2,920,1,0,1,3299,3301,C
1-PB2,921,0,3302,1,1,3304,T
1-PB2,922,1,0,3349,0,3350,G
1-PB2,923,0,3328,0,2,3330,T
1-PB2,924,1,13,3379,0,3393,G
1-PB2,925,0,10,3468,0,3478,G
1-PB2,926,3464,0,2,0,3466,A
1-PB2,927,0,3453,0,0,3453,T
1-PB2,928,3433,0,0,0,3433,A
1-PB2,929,0,3399,0,1,3400,T
1-PB2,930,3465,0,0,0,3465,A
1-PB2,931,0,3417,0,0,3417,T
1-PB2,932,0,0,3415,0,3415,G
1-PB2,933,1,1,0,3380,3382,C
1-PB2,934,3266,0,6,0,3272,A
1-PB2,935,3267,0,3,0,3270,A
1-PB2,936,0,8,3261,0,3269,G
1-PB2,937,3,2,3273,0,3278,G
1-PB2,938,1,0,0,3285,3286,C
1-PB2,939,0,3224,0,3,3227,T
1-PB2,940,0,0,3238,0,3238,G
1-PB2,941,1,1,0,3251,3253,C
1-PB2,942,3261,0,9,1,3271,A
1-PB2,943,3260,0,2,0,3262,A
1-PB2,944,0,3256,0,1,3257,T
1-PB2,945,0,12,3236,0,3248,G
1-PB2,946,0,6,3227,0,3233,G
1-PB2,947,0,7,3240,0,3247,G
1-PB2,948,3216,0,3,0,3219,A
1-PB2,949,0,3198,0,2,3200,T
1-PB2,950,0,3221,0,0,3221,T
1-PB2,951,0,7,3222,0,3229,G
1-PB2,952,3207,1,1,0,3209,A
1-PB2,953,0,9,3241,0,3250,G
1-PB2,954,3238,0,1,0,3239,A
1-PB2,955,3209,0,0,0,3209,A
1-PB2,956,0,3181,0,0,3181,T
1-PB2,957,12,1,0,3186,3199,C
1-PB2,958,3215,0,0,0,3215,A
1-PB2,959,2,1,3219,0,3222,G
1-PB2,960,0,1,0,3219,3220,C
1-PB2,961,0,3183,0,4,3187,T
1-PB2,962,9,2,0,3194,3205,C
1-PB2,963,3207,1,0,0,3208,A
1-PB2,964,2,3251,0,2,3255,T
1-PB2,965,5,0,0,3262,3267,C
1-PB2,966,7,0,0,3296,3303,C
1-PB2,967,0,3278,0,5,3283,T
1-PB2,968,0,3253,0,1,3254,T
1-PB2,969,3,1,0,3262,3266,C
1-PB2,970,3272,0,0,1,3273,A
1-PB2,971,1,2,3306,0,3309,G
1-PB2,972,2,1,0,3278,3281,C
1-PB2,973,0,3224,1,2,3227,T
1-PB2,974,0,3257,0,1,3258,T
1-PB2,975,0,3242,0,3,3245,T
1-PB2,976,1,7,3248,0,3256,G
1-PB2,977,0,1,3248,0,3249,G
1-PB2,978,0,3203,0,1,3204,T
1-PB2,979,5,9,3237,0,3251,G
1-PB2,980,2,4,3226,0,3232,G
1-PB2,981,1,1,3257,0,3259,G
1-PB2,982,0,3214,0,4,3218,T
1-PB2,983,0,3253,0,2,3255,T
1-PB2,984,0,3261,0,0,3261,T
1-PB2,985,3280,0,1,0,3281,A
1-PB2,986,0,0,0,3290,3290,C
1-PB2,987,3295,0,0,0,3295,A
1-PB2,988,0,3274,0,0,3274,T
1-PB2,989,0,3220,0,0,3220,T
1-PB2,990,0,3229,0,2,3231,T
1-PB2,991,3230,0,1,0,3231,A
1-PB2,992,3234,0,1,0,3235,A
1-PB2,993,3232,0,1,0,3233,A
1-PB2,994,3219,0,2,0,3221,A
1-PB2,995,0,10,3239,0,3249,G
1-PB2,996,3239,0,1,0,3240,A
1-PB2,997,3226,1,1,0,3228,A
1-PB2,998,0,2,0,3248,3250,C
1-PB2,999,3242,0,0,0,3242,A
1-PB2,1000,3242,0,2,0,3244,A
1-PB2,1001,0,0,3231,0,3231,G
1-PB2,1002,0,1,0,3227,3228,C
1-PB2,1003,2,11,3225,0,3238,G
1-PB2,1004,0,6,3234,1,3241,G
1-PB2,1005,3,3,3229,0,3235,G
1-PB2,1006,1,3216,0,5,3222,T
1-PB2,1007,16,0,0,3204,3220,C
1-PB2,1008,3257,0,3,0,3260,A
1-PB2,1009,0,3197,0,1,3198,T
1-PB2,1010,9,1,0,3237,3247,C
1-PB2,1011,3246,0,2,0,3248,A
1-PB2,1012,0,1,3292,0,3293,G
1-PB2,1013,0,3216,0,1,3217,T
1-PB2,1014,22,1,0,3219,3242,C
1-PB2,1015,3260,0,0,0,3260,A
1-PB2,1016,3265,1,0,0,3266,A
1-PB2,1017,3262,0,2,0,3264,A
1-PB2,1018,3260,0,1,0,3261,A
1-PB2,1019,3271,1,0,1,3273,A
1-PB2,1020,3274,0,0,0,3274,A
1-PB2,1021,1,5,3286,0,3292,G
1-PB2,1022,3259,0,3,0,3262,A
1-PB2,1023,3265,0,1,0,3266,A
1-PB2,1024,0,5,3266,0,3271,G
1-PB2,1025,3259,0,1,0,3260,A
1-PB2,1026,3165,0,6,1,3172,A
1-PB2,1027,0,5,3173,0,3178,G
1-PB2,1028,3170,1,2,0,3173,A
1-PB2,1029,3,3,3169,0,3175,G
1-PB2,1030,0,1,3211,0,3212,G
1-PB2,1031,0,3188,0,3,3191,T
1-PB2,1032,1,0,3246,0,3247,G
1-PB2,1033,0,0,0,3266,3266,C
1-PB2,1034,1,3257,2,4,3264,T
1-PB2,1035,0,3288,0,0,3288,T
1-PB2,1036,3281,0,0,0,3281,A
1-PB2,1037,1,1,0,3272,3274,C
1-PB2,1038,3267,1,0,0,3268,A
1-PB2,1039,0,1,3247,0,3248,G
1-PB2,1040,2,2,3232,0,3236,G
1-PB2,1041,0,1,0,3181,3182,C
1-PB2,1042,3197,0,2,0,3199,A
1-PB2,1043,3187,1,1,0,3189,A
1-PB2,1044,0,3234,0,0,3234,T
1-PB2,1045,9,1,0,3285,3295,C
1-PB2,1046,0,3262,1,5,3268,T
1-PB2,1047,11,0,0,3295,3306,C
1-PB2,1048,10,0,0,3278,3288,C
1-PB2,1049,3303,1,2,0,3306,A
1-PB2,1050,3311,1,0,0,3312,A
1-PB2,1051,3300,0,2,0,3302,A
1-PB2,1052,0,1,0,3332,3333,C
1-PB2,1053,3300,1,0,0,3301,A
1-PB2,1054,0,3227,1,0,3228,T
1-PB2,1055,0,3202,0,0,3202,T
1-PB2,1056,0,11,3202,0,3213,G
1-PB2,1057,3184,0,5,0,3189,A
1-PB2,1058,0,14,3128,0,3142,G
1-PB2,1059,3262,0,4,0,3266,A
1-PB2,1060,3273,0,0,0,3273,A
1-PB2,1061,0,3279,1,0,3280,T
1-PB2,1062,3299,0,0,0,3299,A
1-PB2,1063,3303,0,4,0,3307,A
1-PB2,1064,0,16,3370,0,3386,G
1-PB2,1065,3330,0,4,0,3334,A
1-PB2,1066,2,1,3418,0,3421,G
1-PB2,1067,0,3325,0,2,3327,T
1-PB2,1068,3339,0,2,0,3341,A
1-PB2,1069,1,0,1,3389,3391,C
1-PB2,1070,3374,0,0,0,3374,A
1-PB2,1071,0,3369,0,1,3370,T
1-PB2,1072,0,9,3369,0,3378,G
1-PB2,1073,3264,0,2,1,3267,A
1-PB2,1074,1,7,3307,0,3315,G
1-PB2,1075,0,14,3280,0,3294,G
1-PB2,1076,0,9,3405,0,3414,G
1-PB2,1077,5,1,3436,0,3442,G
1-PB2,1078,0,3334,0,20,3354,T
1-PB2,1079,3402,0,4,0,3406,A
1-PB2,1080,0,3377,0,1,3378,T
1-PB2,1081,0,6,3389,0,3395,G
1-PB2,1082,3374,0,2,0,3376,A
1-PB2,1083,1,4,3346,0,3351,G
1-PB2,1084,0,14,3316,0,3330,G
1-PB2,1085,3085,0,0,0,3085,A
1-PB2,1086,1,0,3194,0,3195,G
1-PB2,1087,0,3181,1,1,3183,T
1-PB2,1088,0,3233,0,2,3235,T
1-PB2,1089,19,3,0,3244,3266,C
1-PB2,1090,3260,0,2,0,3262,A
1-PB2,1091,1,2,0,3268,3271,C
1-PB2,1092,3256,0,1,0,3257,A
1-PB2,1093,3261,0,1,0,3262,A
1-PB2,1094,0,3265,0,1,3266,T
1-PB2,1095,0,14,3173,0,3187,G
1-PB2,1096,0,1,3202,0,3203,G
1-PB2,1097,1,3074,0,1,3076,T
1-PB2,1098,4,11,3108,0,3123,G
1-PB2,1099,0,11,3095,0,3106,G
1-PB2,1100,2,5,3098,1,3106,G
1-PB2,1101,0,9,3119,0,3128,G
1-PB2,1102,3104,0,1,0,3105,A
1-PB2,1103,3111,0,5,0,3116,A
1-PB2,1104,3097,0,2,0,3099,A
1-PB2,1105,3048,0,3,0,3051,A
1-PB2,1106,0,15,3065,0,3080,G
1-PB2,1107,3055,1,4,0,3060,A
1-PB2,1108,0,1,3070,0,3071,G
1-PB2,1109,2,1,0,3050,3053,C
1-PB2,1110,3051,0,0,0,3051,A
1-PB2,1111,3050,0,2,0,3052,A
1-PB2,1112,0,1,0,3116,3117,C
1-PB2,1113,3110,0,2,0,3112,A
1-PB2,1114,0,1,3154,0,3155,G
1-PB2,1115,3,1,1,3111,3116,C
1-PB2,1116,0,3122,0,1,3123,T
1-PB2,1117,3204,0,0,0,3204,A
1-PB2,1118,0,3195,0,0,3195,T
1-PB2,1119,3203,0,1,0,3204,A
1-PB2,1120,0,1,0,3199,3200,C
1-PB2,1121,0,3051,0,1,3052,T
1-PB2,1122,3077,0,0,0,3077,A
1-PB2,1123,3007,0,2,0,3009,A
1-PB2,1124,0,12,3011,0,3023,G
1-PB2,1125,3013,0,0,0,3013,A
1-PB2,1126,2952,0,1,0,2953,A
1-PB2,1127,2951,0,3,1,2955,A
1-PB2,1128,2924,0,8,0,2932,A
1-PB2,1129,0,0,2941,0,2941,G
1-PB2,1130,0,2,0,2908,2910,C
1-PB2,1131,2924,0,1,0,2925,A
1-PB2,1132,2933,1,0,0,2934,A
1-PB2,1133,0,0,0,2923,2923,C
1-PB2,1134,7,0,0,2934,2941,C
1-PB2,1135,2945,0,0,0,2945,A
1-PB2,1136,2,2,2950,0,2954,G
1-PB2,1137,2952,0,0,0,2952,A
1-PB2,1138,2949,0,4,1,2954,A
1-PB2,1139,1,8,2962,0,2971,G
1-PB2,1140,2955,0,0,0,2955,A
1-PB2,1141,1,2933,0,0,2934,T
1-PB2,1142,0,2908,0,1,2909,T
1-PB2,1143,0,7,2918,0,2925,G
1-PB2,1144,0,1,2988,0,2989,G
1-PB2,1145,0,2937,0,4,2941,T
1-PB2,1146,0,2930,0,4,2934,T
1-PB2,1147,19,1,0,2934,2954,C
1-PB2,1148,2936,0,1,0,2937,A
1-PB2,1149,2922,0,1,0,2923,A
1-PB2,1150,0,2,0,3099,3101,C
1-PB2,1151,0,3095,0,2,3097,T
1-PB2,1152,11,0,0,3120,3131,C
1-PB2,1153,3103,0,0,0,3103,A
1-PB2,1154,0,3113,0,0,3113,T
1-PB2,1155,3109,0,3,0,3112,A
1-PB2,1156,0,1,3132,0,3133,G
1-PB2,1157,1,3018,0,1,3020,T
1-PB2,1158,1,12,3067,0,3080,G
1-PB2,1159,2946,0,1,0,2947,A
1-PB2,1160,0,0,2996,1,2997,G
1-PB2,1161,0,2958,0,2,2960,T
1-PB2,1162,0,5,2959,0,2964,G
1-PB2,1163,4,8,2977,0,2989,G
1-PB2,1164,2990,1,1,0,2992,A
1-PB2,1165,2988,0,5,0,2993,A
1-PB2,1166,0,4,3002,0,3006,G
1-PB2,1167,2955,0,3,0,2958,A
1-PB2,1168,0,5,2977,0,2982,G
1-PB2,1169,2953,0,4,0,2957,A
1-PB2,1170,2,3,0,2939,2944,C
1-PB2,1171,1,13,2944,0,2958,G
1-PB2,1172,2928,0,0,0,2928,A
1-PB2,1173,2939,0,4,0,2943,A
1-PB2,1174,2,1,0,2939,2942,C
1-PB2,1175,2922,0,1,0,2923,A
1-PB2,1176,2,0,3053,0,3055,G
1-PB2,1177,1,3021,0,2,3024,T
1-PB2,1178,11,1,0,3025,3037,C
1-PB2,1179,3044,0,2,0,3046,A
1-PB2,1180,3037,0,0,0,3037,A
1-PB2,1181,0,3025,0,0,3025,T
1-PB2,1182,3033,0,0,0,3033,A
1-PB2,1183,1,1,3026,0,3028,G
1-PB2,1184,1,1,0,2993,2995,C
1-PB2,1185,4,1,1,2921,2927,C
1-PB2,1186,0,2,2903,1,2906,G
1-PB2,1187,2895,1,0,0,2896,A
1-PB2,1188,2887,0,4,0,2891,A
1-PB2,1189,0,3,2920,0,2923,G
1-PB2,1190,2,2,0,2962,2966,C
1-PB2,1191,2981,0,0,0,2981,A
1-PB2,1192,2974,1,0,0,2975,A
1-PB2,1193,0,2986,0,0,2986,T
1-PB2,1194,2998,0,0,0,2998,A
1-PB2,1195,3057,0,1,1,3059,A
1-PB2,1196,1,3067,0,1,3069,T
1-PB2,1197,11,0,0,3054,3065,C
1-PB2,1198,1,1,3041,0,3043,G
1-PB2,1199,1,2977,0,1,2979,T
1-PB2,1200,2939,0,1,0,2940,A
1-PB2,1201,0,1,2976,0,2977,G
1-PB2,1202,2,0,0,2962,2964,C
1-PB2,1203,8,1,0,2984,2993,C
1-PB2,1204,2937,0,1,0,2938,A
1-PB2,1205,0,2942,0,1,2943,T
1-PB2,1206,0,3,2958,0,2961,G
1-PB2,1207,0,1,2989,1,2991,G
1-PB2,1208,0,2880,0,1,2881,T
1-PB2,1209,1,0,2963,0,2964,G
1-PB2,1210,0,2863,2,0,2865,T
1-PB2,1211,0,2880,0,6,2886,T
1-PB2,1212,0,2891,0,2,2893,T
1-PB2,1213,0,2899,0,2,2901,T
1-PB2,1214,7,0,0,2955,2962,C
1-PB2,1215,2960,0,2,0,2962,A
1-PB2,1216,1,0,0,3150,3151,C
1-PB2,1217,3130,0,1,0,3131,A
1-PB2,1218,3162,0,0,0,3162,A
1-PB2,1219,0,3,3183,0,3186,G
1-PB2,1220,3159,0,0,0,3159,A
1-PB2,1221,3005,1,148,0,3154,A
1-PB2,1222,0,10,3219,0,3229,G
1-PB2,1223,3230,0,2,0,3232,A
1-PB2,1224,0,3231,0,1,3232,T
1-PB2,1225,0,3206,0,0,3206,T
1-PB2,1226,0,2,3211,0,3213,G
1-PB2,1227,2,1,0,3184,3187,C
1-PB2,1228,3204,0,1,0,3205,A
1-PB2,1229,0,3237,0,2,3239,T
1-PB2,1230,1,10,3361,0,3372,G
1-PB2,1231,3389,0,3,0,3392,A
1-PB2,1232,0,3414,0,1,3415,T
1-PB2,1233,3411,0,0,0,3411,A
1-PB2,1234,3409,1,0,1,3411,A
1-PB2,1235,3405,0,1,0,3406,A
1-PB2,1236,3412,0,1,0,3413,A
1-PB2,1237,0,0,3428,0,3428,G
1-PB2,1238,2,2,0,3470,3474,C
1-PB2,1239,3517,0,1,0,3518,A
1-PB2,1240,3,1,3636,1,3641,G
1-PB2,1241,0,3625,2,2,3629,T
1-PB2,1242,0,3632,0,0,3632,T
1-PB2,1243,3639,0,1,0,3640,A
1-PB2,1244,0,5,3651,1,3657,G
1-PB2,1245,3630,0,4,1,3635,A
1-PB2,1246,0,10,3629,1,3640,G
1-PB2,1247,4,0,3616,0,3620,G
1-PB2,1248,1,3469,1,1,3472,T
1-PB2,1249,0,26,3489,1,3516,G
1-PB2,1250,3531,0,5,0,3536,A
1-PB2,1251,2,0,0,3566,3568,C
1-PB2,1252,5,1,0,3568,3574,C
1-PB2,1253,1,3564,0,7,3572,T
1-PB2,1254,0,19,3582,1,3602,G
1-PB2,1255,3572,0,0,0,3572,A
1-PB2,1256,3585,0,0,0,3585,A
1-PB2,1257,1,3603,0,0,3604,T
1-PB2,1258,0,3616,0,1,3617,T
1-PB2,1259,0,3614,0,1,3615,T
1-PB2,1260,17,3,0,3614,3634,C
1-PB2,1261,1,0,3627,0,3628,G
1-PB2,1262,0,3598,0,4,3602,T
1-PB2,1263,15,1,0,3593,3609,C
1-PB2,1264,3619,1,1,0,3621,A
1-PB2,1265,3617,1,1,0,3619,A
1-PB2,1266,1,3,0,3622,3626,C
1-PB2,1267,3601,0,1,0,3602,A
1-PB2,1268,0,18,3637,0,3655,G
1-PB2,1269,3596,0,7,0,3603,A
1-PB2,1270,0,1,3630,0,3631,G
1-PB2,1271,1,1,0,3628,3630,C
1-PB2,1272,3640,0,0,0,3640,A
1-PB2,1273,3695,0,1,0,3696,A
1-PB2,1274,3681,1,2,3,3687,A
1-PB2,1275,0,3639,0,0,3639,T
1-PB2,1276,16,0,0,3670,3686,C
1-PB2,1277,3661,0,1,0,3662,A
1-PB2,1278,1,1,3635,0,3637,G
1-PB2,1279,0,2,0,3642,3644,C
1-PB2,1280,1,7,3662,0,3670,G
1-PB2,1281,1,0,3844,0,3845,G
1-PB2,1282,0,3824,0,3,3827,T
1-PB2,1283,1,3843,0,1,3845,T
1-PB2,1284,0,17,3830,0,3847,G
1-PB2,1285,3826,1,0,0,3827,A
1-PB2,1286,3871,0,7,0,3878,A
1-PB2,1287,2,1,0,3905,3908,C
1-PB2,1288,6,0,0,3869,3875,C
1-PB2,1289,11,2,0,3898,3911,C
1-PB2,1290,15,2,1,3812,3830,C
1-PB2,1291,3846,0,1,0,3847,A
1-PB2,1292,0,3846,0,1,3847,T
1-PB2,1293,1,3,3868,0,3872,G
1-PB2,1294,0,1,0,3892,3893,C
1-PB2,1295,3865,1,0,0,3866,A
1-PB2,1296,0,3843,0,2,3845,T
1-PB2,1297,6,0,0,3841,3847,C
1-PB2,1298,3825,0,2,0,3827,A
1-PB2,1299,1,1,3865,0,3867,G
1-PB2,1300,1,0,1,3884,3886,C
1-PB2,1301,0,3891,0,2,3893,T
1-PB2,1302,0,3908,0,0,3908,T
1-PB2,1303,0,3900,0,0,3900,T
1-PB2,1304,0,3902,0,0,3902,T
1-PB2,1305,3895,0,1,0,3896,A
1-PB2,1306,3893,1,1,0,3895,A
1-PB2,1307,0,12,3899,0,3911,G
1-PB2,1308,2,0,3862,0,3864,G
1-PB2,1309,2,1,0,3864,3867,C
1-PB2,1310,3866,0,0,0,3866,A
1-PB2,1311,0,3875,0,0,3875,T
1-PB2,1312,0,3887,0,1,3888,T
1-PB2,1313,1,3881,0,1,3883,T
1-PB2,1314,1,3893,0,1,3895,T
1-PB2,1315,14,0,0,3898,3912,C
1-PB2,1316,3909,0,1,0,3910,A
1-PB2,1317,1,7,3899,0,3907,G
1-PB2,1318,3898,1,2,0,3901,A
1-PB2,1319,3892,0,2,0,3894,A
1-PB2,1320,3889,0,0,0,3889,A
1-PB2,1321,0,9,3885,0,3894,G
1-PB2,1322,3905,0,4,1,3910,A
1-PB2,1323,0,3908,0,0,3908,T
1-PB2,1324,0,0,3915,0,3915,G
1-PB2,1325,1,0,0,3902,3903,C
1-PB2,1326,1,8,3924,0,3933,G
1-PB2,1327,3891,0,3,1,3895,A
1-PB2,1328,3907,0,0,0,3907,A
1-PB2,1329,3914,2,1,0,3917,A
1-PB2,1330,1,1,3922,0,3924,G
1-PB2,1331,0,3872,0,2,3874,T
1-PB2,1332,2,2,3886,0,3890,G
1-PB2,1333,2,4,0,3851,3857,C
1-PB2,1334,0,3878,0,5,3883,T
1-PB2,1335,0,3888,0,1,3889,T
1-PB2,1336,0,3890,0,0,3890,T
1-PB2,1337,0,3903,0,0,3903,T
1-PB2,1338,0,3886,0,2,3888,T
1-PB2,1339,15,1,2,3894,3912,C
1-PB2,1340,3907,1,4,0,3912,A
1-PB2,1341,3911,0,2,0,3913,A
1-PB2,1342,3896,1,0,1,3898,A
1-PB2,1343,3904,0,0,0,3904,A
1-PB2,1344,0,3915,0,0,3915,T
1-PB2,1345,0,3918,0,0,3918,T
1-PB2,1346,2,10,3921,0,3933,G
1-PB2,1347,1,13,3893,0,3907,G
1-PB2,1348,1,10,3905,1,3917,G
1-PB2,1349,2,15,3954,1,3972,G
1-PB2,1350,3956,0,1,0,3957,A
1-PB2,1351,0,1,4047,0,4048,G
1-PB2,1352,0,4036,0,0,4036,T
1-PB2,1353,0,4043,0,1,4044,T
1-PB2,1354,1,21,4027,0,4049,G
1-PB2,1355,4039,1,6,0,4046,A
1-PB2,1356,4049,0,5,0,4054,A
1-PB2,1357,1,0,0,4160,4161,C
1-PB2,1358,4121,0,2,0,4123,A
1-PB2,1359,1,2,0,4206,4209,C
1-PB2,1360,4143,0,3,0,4146,A
1-PB2,1361,0,4138,1,0,4139,T
1-PB2,1362,3,1,1,4168,4173,C
1-PB2,1363,0,21,4140,0,4161,G
1-PB2,1364,4166,1,1,0,4168,A
1-PB2,1365,0,1,0,4171,4172,C
1-PB2,1366,4072,0,0,0,4072,A
1-PB2,1367,0,0,4201,0,4201,G
1-PB2,1368,0,4096,0,1,4097,T
1-PB2,1369,3,0,4171,0,4174,G
1-PB2,1370,1,4135,0,3,4139,T
1-PB2,1371,1,10,4143,0,4154,G
1-PB2,1372,4147,0,5,0,4152,A
1-PB2,1373,0,4128,0,0,4128,T
1-PB2,1374,0,6,4146,0,4152,G
1-PB2,1375,1,4,4144,0,4149,G
1-PB2,1376,1,15,4071,0,4087,G
1-PB2,1377,4051,0,3,0,4054,A
1-PB2,1378,4024,0,2,0,4026,A
1-PB2,1379,0,4042,0,1,4043,T
1-PB2,1380,1,14,4055,0,4070,G
1-PB2,1381,4074,0,0,0,4074,A
1-PB2,1382,1,4067,0,0,4068,T
1-PB2,1383,0,4053,0,0,4053,T
1-PB2,1384,0,5,4043,0,4048,G
1-PB2,1385,1,11,4125,0,4137,G
1-PB2,1386,4132,0,3,0,4135,A
1-PB2,1387,1,1,4190,0,4192,G
1-PB2,1388,1,4143,0,0,4144,T
1-PB2,1389,4156,0,0,0,4156,A
1-PB2,1390,0,4168,0,2,4170,T
1-PB2,1391,0,4222,0,2,4224,T
1-PB2,1392,4260,1,3,0,4264,A
1-PB2,1393,1,1,0,4266,4268,C
1-PB2,1394,15,0,0,4198,4213,C
1-PB2,1395,4193,0,0,0,4193,A
1-PB2,1396,2,11,4209,0,4222,G
1-PB2,1397,4301,0,1,0,4302,A
1-PB2,1398,0,4249,0,2,4251,T
1-PB2,1399,4242,0,1,0,4243,A
1-PB2,1400,2,4208,0,1,4211,T
1-PB2,1401,0,30,4169,0,4199,G
1-PB2,1402,4209,0,3,0,4212,A
1-PB2,1403,0,2,0,4188,4190,C
1-PB2,1404,0,4158,0,3,4161,T
1-PB2,1405,13,0,0,4157,4170,C
1-PB2,1406,18,0,0,4112,4130,C
1-PB2,1407,4161,0,1,0,4162,A
1-PB2,1408,4172,0,4,0,4176,A
1-PB2,1409,1,0,4249,0,4250,G
1-PB2,1410,1,3,0,4231,4235,C
1-PB2,1411,4222,2,0,0,4224,A
1-PB2,1412,1,3,0,4230,4234,C
1-PB2,1413,4207,0,0,0,4207,A
1-PB2,1414,2,9,4202,0,4213,G
1-PB2,1415,4188,1,2,1,4192,A
1-PB2,1416,0,7,4239,0,4246,G
1-PB2,1417,4260,0,2,0,4262,A
1-PB2,1418,0,4172,0,2,4174,T
1-PB2,1419,0,0,4226,0,4226,G
1-PB2,1420,1,4184,0,3,4188,T
1-PB2,1421,11,2,0,4183,4196,C
1-PB2,1422,4209,0,8,1,4218,A
1-PB2,1423,4197,0,0,0,4197,A
1-PB2,1424,0,4190,0,0,4190,T
1-PB2,1425,0,15,4183,0,4198,G
1-PB2,1426,4155,0,4,0,4159,A
1-PB2,1427,0,6,4169,0,4175,G
1-PB2,1428,4101,1,1,0,4103,A
1-PB2,1429,0,4,4128,0,4132,G
1-PB2,1430,5,13,4248,0,4266,G
1-PB2,1431,4255,0,1,0,4256,A
1-PB2,1432,4279,1,1,0,4281,A
1-PB2,1433,0,4275,0,0,4275,T
1-PB2,1434,4259,0,1,0,4260,A
1-PB2,1435,4262,0,1,0,4263,A
1-PB2,1436,1,13,4246,0,4260,G
1-PB2,1437,4231,0,5,0,4236,A
1-PB2,1438,2,0,4249,0,4251,G
1-PB2,1439,0,4043,0,2,4045,T
1-PB2,1440,26,4,0,4048,4078,C
1-PB2,1441,4082,0,6,0,4088,A
1-PB2,1442,1,1,4102,0,4104,G
1-PB2,1443,3,1,0,4107,4111,C
1-PB2,1444,4114,0,0,0,4114,A
1-PB2,1445,4124,0,2,0,4126,A
1-PB2,1446,4099,0,1,0,4100,A
1-PB2,1447,4107,1,2,0,4110,A
1-PB2,1448,0,4112,0,0,4112,T
1-PB2,1449,0,9,4126,0,4135,G
1-PB2,1450,0,11,4116,0,4127,G
1-PB2,1451,1,0,4146,0,4147,G
1-PB2,1452,0,4074,1,2,4077,T
1-PB2,1453,3,1,4128,0,4132,G
1-PB2,1454,0,4088,0,2,4090,T
1-PB2,1455,4,12,4087,0,4103,G
1-PB2,1456,0,4,4148,0,4152,G
1-PB2,1457,4149,0,0,0,4149,A
1-PB2,1458,1,4127,0,0,4128,T
1-PB2,1459,1,16,4101,0,4118,G
1-PB2,1460,4060,0,4,0,4064,A
1-PB2,1461,3,0,4016,0,4019,G
1-PB2,1462,0,4102,0,0,4102,T
1-PB2,1463,4102,0,0,0,4102,A
1-PB2,1464,1,0,0,4335,4336,C
1-PB2,1465,1,4218,0,2,4221,T
1-PB2,1466,16,1,1,4285,4303,C
1-PB2,1467,7,4,0,4320,4331,C
1-PB2,1468,4284,1,1,0,4286,A
1-PB2,1469,0,0,4431,0,4431,G
1-PB2,1470,0,4360,0,1,4361,T
1-PB2,1471,4392,0,1,0,4393,A
1-PB2,1472,1,2,0,4409,4412,C
1-PB2,1473,4089,0,3,0,4092,A
1-PB2,1474,0,7,4110,0,4117,G
1-PB2,1475,3971,0,1,1,3973,A
1-PB2,1476,1,1,4014,0,4016,G
1-PB2,1477,3880,0,2,0,3882,A
1-PB2,1478,0,9,3804,0,3813,G
1-PB2,1479,2,5,3805,0,3812,G
1-PB2,1480,1,0,3825,0,3826,G
1-PB2,1481,0,3738,0,1,3739,T
1-PB2,1482,2,9,3763,0,3774,G
1-PB2,1483,1,1,3784,0,3786,G
1-PB2,1484,0,3730,0,1,3731,T
1-PB2,1485,8,7,3837,0,3852,G
1-PB2,1486,0,1,3845,0,3846,G
1-PB2,1487,0,3767,0,2,3769,T
1-PB2,1488,0,3780,0,4,3784,T
1-PB2,1489,3729,0,3,0,3732,A
1-PB2,1490,1,3,3747,0,3751,G
1-PB2,1491,1,2,0,3736,3739,C
1-PB2,1492,3725,0,0,0,3725,A
1-PB2,1493,0,3714,0,1,3715,T
1-PB2,1494,0,3571,0,1,3572,T
1-PB2,1495,0,17,3547,0,3564,G
1-PB2,1496,3533,0,1,0,3534,A
1-PB2,1497,0,3539,1,1,3541,T
1-PB2,1498,20,0,1,3550,3571,C
1-PB2,1499,2,7,3535,0,3544,G
1-PB2,1500,0,2,3600,0,3602,G
1-PB2,1501,0,3553,1,3,3557,T
1-PB2,1502,0,3570,1,0,3571,T
1-PB2,1503,0,3585,2,0,3587,T
1-PB2,1504,0,3579,0,1,3580,T
1-PB2,1505,0,3578,0,0,3578,T
1-PB2,1506,0,6,3588,1,3595,G
1-PB2,1507,3575,0,4,0,3579,A
1-PB2,1508,1,10,3584,0,3595,G
1-PB2,1509,3488,0,0,0,3488,A
1-PB2,1510,1,2,3523,0,3526,G
1-PB2,1511,0,3509,0,1,3510,T
1-PB2,1512,0,3488,0,0,3488,T
1-PB2,1513,26,1,0,3477,3504,C
1-PB2,1514,5,12,3517,0,3534,G
1-PB2,1515,3513,0,3,0,3516,A
1-PB2,1516,0,13,3512,0,3525,G
1-PB2,1517,3502,1,5,0,3508,A
1-PB2,1518,3,1,0,3507,3511,C
1-PB2,1519,7,0,0,3490,3497,C
1-PB2,1520,3473,0,1,0,3474,A
1-PB2,1521,3490,0,2,0,3492,A
1-PB2,1522,1,0,0,3515,3516,C
1-PB2,1523,3,0,3530,0,3533,G
1-PB2,1524,0,3486,0,2,3488,T
1-PB2,1525,2,5,3502,0,3509,G
1-PB2,1526,1,5,3516,0,3522,G
1-PB2,1527,1,10,3516,0,3527,G
1-PB2,1528,3484,1,3,0,3488,A
1-PB2,1529,3500,1,0,0,3501,A
1-PB2,1530,0,3402,0,0,3402,T
1-PB2,1531,2,1,3532,0,3535,G
1-PB2,1532,1,3502,0,1,3504,T
1-PB2,1533,3526,1,2,0,3529,A
1-PB2,1534,0,3530,0,0,3530,T
1-PB2,1535,0,3489,0,1,3490,T
1-PB2,1536,3536,0,0,0,3536,A
1-PB2,1537,0,3502,0,1,3503,T
1-PB2,1538,0,3467,0,3,3470,T
1-PB2,1539,3470,0,0,0,3470,A
1-PB2,1540,0,3165,0,2,3167,T
1-PB2,1541,7,2,0,3296,3305,C
1-PB2,1542,0,3249,0,1,3250,T
1-PB2,1543,13,0,0,3256,3269,C
1-PB2,1544,1,0,0,3283,3284,C
1-PB2,1545,0,3207,0,1,3208,T
1-PB2,1546,1,8,3208,1,3218,G
1-PB2,1547,3198,0,2,0,3200,A
1-PB2,1548,0,3,3203,0,3206,G
1-PB2,1549,0,6,3196,1,3203,G
1-PB2,1550,2937,1,2,0,2940,A
1-PB2,1551,2,12,2952,0,2966,G
1-PB2,1552,2,1,2961,0,2964,G
1-PB2,1553,0,2857,0,0,2857,T
1-PB2,1554,18,1,1,2874,2894,C
1-PB2,1555,2866,0,3,0,2869,A
1-PB2,1556,0,1,2908,0,2909,G
1-PB2,1557,0,2899,0,0,2899,T
1-PB2,1558,1,6,2895,0,2902,G
1-PB2,1559,2891,0,1,1,2893,A
1-PB2,1560,2798,0,1,0,2799,A
1-PB2,1561,2809,1,1,0,2811,A
1-PB2,1562,0,2,0,2801,2803,C
1-PB2,1563,2784,0,2,0,2786,A
1-PB2,1564,1,0,0,2787,2788,C
1-PB2,1565,2699,0,4,0,2703,A
1-PB2,1566,0,2,2724,0,2726,G
1-PB2,1567,0,4,2701,0,2705,G
1-PB2,1568,2,10,2733,0,2745,G
1-PB2,1569,2734,0,0,0,2734,A
1-PB2,1570,2710,0,1,0,2711,A
1-PB2,1571,1,0,0,2728,2729,C
1-PB2,1572,0,2682,0,1,2683,T
1-PB2,1573,0,6,2670,0,2676,G
1-PB2,1574,2655,2,3,0,2660,A
1-PB2,1575,1,4,2667,0,2672,G
1-PB2,1576,2620,0,1,0,2621,A
1-PB2,1577,0,6,2502,0,2508,G
1-PB2,1578,2500,0,0,0,2500,A
1-PB2,1579,0,2,0,2493,2495,C
1-PB2,1580,0,2427,1,0,2428,T
1-PB2,1581,1,9,2455,0,2465,G
1-PB2,1582,2440,0,4,0,2444,A
1-PB2,1583,1,0,0,2464,2465,C
1-PB2,1584,2453,0,0,0,2453,A
1-PB2,1585,2446,0,0,0,2446,A
1-PB2,1586,0,2440,0,0,2440,T
1-PB2,1587,2458,0,1,0,2459,A
1-PB2,1588,2451,0,0,0,2451,A
1-PB2,1589,1,0,0,2483,2484,C
1-PB2,1590,0,2387,0,1,2388,T
1-PB2,1591,0,2381,2,0,2383,T
1-PB2,1592,2362,0,0,0,2362,A
1-PB2,1593,0,2361,0,0,2361,T
1-PB2,1594,1,2352,0,1,2354,T
1-PB2,1595,12,0,0,2333,2345,C
1-PB2,1596,2271,0,1,0,2272,A
1-PB2,1597,0,2262,0,2,2264,T
1-PB2,1598,8,1,0,2187,2196,C
1-PB2,1599,2,0,2201,0,2203,G
1-PB2,1600,0,2217,0,2,2219,T
1-PB2,1601,8,0,0,2207,2215,C
1-PB2,1602,4,1,2208,0,2213,G
1-PB2,1603,2219,0,0,1,2220,A
1-PB2,1604,0,2209,0,0,2209,T
1-PB2,1605,2,7,2199,0,2208,G
1-PB2,1606,2214,0,1,0,2215,A
1-PB2,1607,0,2214,0,0,2214,T
1-PB2,1608,2,0,2228,0,2230,G
1-PB2,1609,0,2159,1,0,2160,T
1-PB2,1610,2,1,2162,0,2165,G
1-PB2,1611,0,1,2162,0,2163,G
1-PB2,1612,0,6,2157,0,2163,G
1-PB2,1613,2115,0,1,0,2116,A
1-PB2,1614,1,4,2121,0,2126,G
1-PB2,1615,2021,0,0,0,2021,A
1-PB2,1616,0,1992,0,0,1992,T
1-PB2,1617,0,1966,0,0,1966,T
1-PB2,1618,1973,0,2,0,1975,A
1-PB2,1619,1955,0,0,0,1955,A
1-PB2,1620,0,4,0,1947,1951,C
1-PB2,1621,1,4,1871,0,1876,G
1-PB2,1622,0,0,1885,0,1885,G
1-PB2,1623,0,1766,0,1,1767,T
1-PB2,1624,5,0,0,1752,1757,C
1-PB2,1625,2,0,0,1760,1762,C
1-PB2,1626,0,1718,0,2,1720,T
1-PB2,1627,0,9,1733,0,1742,G
1-PB2,1628,1739,0,0,0,1739,A
1-PB2,1629,1,0,1752,0,1753,G
1-PB2,1630,0,1728,0,0,1728,T
1-PB2,1631,7,4,0,1672,1683,C
1-PB2,1632,3,4,1678,0,1685,G
1-PB2,1633,0,0,1710,0,1710,G
1-PB2,1634,0,1700,0,2,1702,T
1-PB2,1635,1,1716,0,0,1717,T
1-PB2,1636,0,1705,0,1,1706,T
1-PB2,1637,0,1706,0,0,1706,T
1-PB2,1638,0,4,1738,0,1742,G
1-PB2,1639,1,1,1756,0,1758,G
1-PB2,1640,1,1741,0,0,1742,T
1-PB2,1641,5,2,0,1745,1752,C
1-PB2,1642,1748,0,0,0,1748,A
1-PB2,1643,1808,0,0,0,1808,A
1-PB2,1644,0,1815,0,0,1815,T
1-PB2,1645,1820,0,0,0,1820,A
1-PB2,1646,0,0,0,1825,1825,C
1-PB2,1647,6,0,0,1779,1785,C
1-PB2,1648,1,1781,0,2,1784,T
1-PB2,1649,1811,0,0,0,1811,A
1-PB2,1650,0,1808,0,1,1809,T
1-PB2,1651,4,0,0,1816,1820,C
1-PB2,1652,1776,0,0,0,1776,A
1-PB2,1653,1773,0,0,0,1773,A
1-PB2,1654,0,1779,0,0,1779,T
1-PB2,1655,1,6,1715,0,1722,G
1-PB2,1656,0,4,1722,0,1726,G
1-PB2,1657,1701,0,0,0,1701,A
1-PB2,1658,0,1672,0,0,1672,T
1-PB2,1659,4,0,0,1677,1681,C
1-PB2,1660,1687,0,1,0,1688,A
1-PB2,1661,0,1678,0,0,1678,T
1-PB2,1662,8,0,0,1668,1676,C
1-PB2,1663,1683,0,0,0,1683,A
1-PB2,1664,0,5,1691,0,1696,G
1-PB2,1665,1686,0,0,0,1686,A
1-PB2,1666,1677,0,0,1,1678,A
1-PB2,1667,1681,0,0,0,1681,A
1-PB2,1668,0,1683,0,0,1683,T
1-PB2,1669,1,1680,0,1,1682,T
1-PB2,1670,0,5,1667,0,1672,G
1-PB2,1671,0,2,1664,0,1666,G
1-PB2,1672,0,6,1651,0,1657,G
1-PB2,1673,1664,0,1,0,1665,A
1-PB2,1674,1652,0,0,0,1652,A
1-PB2,1675,0,0,1648,0,1648,G
1-PB2,1676,0,0,0,1647,1647,C
1-PB2,1677,1,1645,0,0,1646,T
1-PB2,1678,0,0,1662,0,1662,G
1-PB2,1679,0,1646,0,3,1649,T
1-PB2,1680,10,0,0,1647,1657,C
1-PB2,1681,1675,0,0,0,1675,A
1-PB2,1682,1671,0,0,0,1671,A
1-PB2,1683,1666,0,0,0,1666,A
1-PB2,1684,1676,0,0,0,1676,A
1-PB2,1685,0,1672,0,0,1672,T
1-PB2,1686,0,1670,0,0,1670,T
1-PB2,1687,8,0,0,1659,1667,C
1-PB2,1688,1660,0,0,0,1660,A
1-PB2,1689,1664,0,0,0,1664,A
1-PB2,1690,0,1662,0,1,1663,T
1-PB2,1691,0,2,1663,0,1665,G
1-PB2,1692,0,0,1673,0,1673,G
1-PB2,1693,0,1685,0,2,1687,T
1-PB2,1694,9,0,0,1695,1704,C
1-PB2,1695,0,1697,0,2,1699,T
1-PB2,1696,3,1,0,1704,1708,C
1-PB2,1697,1712,0,1,0,1713,A
1-PB2,1698,0,4,1708,0,1712,G
1-PB2,1699,1715,0,0,0,1715,A
1-PB2,1700,1730,1,0,0,1731,A
1-PB2,1701,0,1702,0,0,1702,T
1-PB2,1702,5,0,0,1675,1680,C
1-PB2,1703,1,1,0,1686,1688,C
1-PB2,1704,0,1678,0,3,1681,T
1-PB2,1705,1,1,1673,0,1675,G
1-PB2,1706,0,1,0,1683,1684,C
1-PB2,1707,1683,0,0,0,1683,A
1-PB2,1708,1710,0,2,0,1712,A
1-PB2,1709,0,1687,0,0,1687,T
1-PB2,1710,0,0,1710,0,1710,G
1-PB2,1711,2,1719,0,0,1721,T
1-PB2,1712,0,1674,0,0,1674,T
1-PB2,1713,1,0,1693,0,1694,G
1-PB2,1714,0,1680,0,0,1680,T
1-PB2,1715,1679,0,2,0,1681,A
1-PB2,1716,0,0,0,1689,1689,C
1-PB2,1717,1665,0,2,0,1667,A
1-PB2,1718,1672,0,0,0,1672,A
1-PB2,1719,1,0,0,1665,1666,C
1-PB2,1720,1641,0,0,0,1641,A
1-PB2,1721,1640,0,0,0,1640,A
1-PB2,1722,1612,0,1,0,1613,A
1-PB2,1723,1620,0,0,0,1620,A
1-PB2,1724,0,1617,0,0,1617,T
1-PB2,1725,0,4,1615,0,1619,G
1-PB2,1726,0,12,1609,0,1621,G
1-PB2,1727,1614,0,1,0,1615,A
1-PB2,1728,1628,0,1,0,1629,A
1-PB2,1729,0,1621,0,0,1621,T
1-PB2,1730,0,1616,0,1,1617,T
1-PB2,1731,0,1618,0,0,1618,T
1-PB2,1732,0,7,1598,0,1605,G
1-PB2,1733,1624,0,1,0,1625,A
1-PB2,1734,1607,0,0,0,1607,A
1-PB2,1735,0,0,0,1613,1613,C
1-PB2,1736,6,0,0,1591,1597,C
1-PB2,1737,1601,0,1,0,1602,A
1-PB2,1738,0,1617,0,0,1617,T
1-PB2,1739,1,1618,0,0,1619,T
1-PB2,1740,0,1614,0,0,1614,T
1-PB2,1741,9,1,2,1606,1618,C
1-PB2,1742,1628,0,0,0,1628,A
1-PB2,1743,1621,0,0,0,1621,A
1-PB2,1744,0,1626,0,0,1626,T
1-PB2,1745,3,0,0,1644,1647,C
1-PB2,1746,0,1625,0,0,1625,T
1-PB2,1747,0,1628,0,0,1628,T
1-PB2,1748,0,1630,0,0,1630,T
1-PB2,1749,1638,0,0,0,1638,A
1-PB2,1750,0,0,1630,0,1630,G
1-PB2,1751,0,1630,1,0,1631,T
1-PB2,1752,4,0,1,1649,1654,C
1-PB2,1753,4,1,0,1644,1649,C
1-PB2,1754,5,0,0,1630,1635,C
1-PB2,1755,3,0,0,1634,1637,C
1-PB2,1756,1637,0,0,0,1637,A
1-PB2,1757,1640,0,0,0,1640,A
1-PB2,1758,0,2,1651,0,1653,G
1-PB2,1759,0,0,1641,0,1641,G
1-PB2,1760,1,0,0,1644,1645,C
1-PB2,1761,5,0,0,1625,1630,C
1-PB2,1762,1625,1,2,0,1628,A
1-PB2,1763,0,1637,0,2,1639,T
1-PB2,1764,0,1642,0,0,1642,T
1-PB2,1765,1650,0,0,0,1650,A
1-PB2,1766,0,2,1645,0,1647,G
1-PB2,1767,1621,0,0,0,1621,A
1-PB2,1768,1659,0,2,0,1661,A
1-PB2,1769,2,1,1671,0,1674,G
1-PB2,1770,0,1,0,1680,1681,C
1-PB2,1771,4,0,0,1670,1674,C
1-PB2,1772,1667,0,0,0,1667,A
1-PB2,1773,1690,0,1,0,1691,A
1-PB2,1774,0,1700,0,0,1700,T
1-PB2,1775,1696,0,0,0,1696,A
1-PB2,1776,0,2,0,1706,1708,C
1-PB2,1777,1605,0,0,0,1605,A
1-PB2,1778,0,1,1616,0,1617,G
1-PB2,1779,0,1565,0,0,1565,T
1-PB2,1780,0,5,1593,0,1598,G
1-PB2,1781,0,2,1583,0,1585,G
1-PB2,1782,0,0,1588,0,1588,G
1-PB2,1783,0,1560,0,0,1560,T
1-PB2,1784,0,1561,0,0,1561,T
1-PB2,1785,0,1578,0,0,1578,T
1-PB2,1786,0,0,1590,1,1591,G
1-PB2,1787,0,1586,0,1,1587,T
1-PB2,1788,14,1,0,1574,1589,C
1-PB2,1789,1570,0,0,0,1570,A
1-PB2,1790,1,6,1556,0,1563,G
1-PB2,1791,1568,0,1,0,1569,A
1-PB2,1792,1571,0,0,0,1571,A
1-PB2,1793,0,0,0,1568,1568,C
1-PB2,1794,0,1527,0,2,1529,T
1-PB2,1795,2,0,0,1559,1561,C
1-PB2,1796,0,1567,0,1,1568,T
1-PB2,1797,1571,0,0,0,1571,A
1-PB2,1798,0,1571,0,0,1571,T
1-PB2,1799,0,1559,0,1,1560,T
1-PB2,1800,10,0,0,1555,1565,C
1-PB2,1801,3,1,0,1556,1560,C
1-PB2,1802,1551,0,1,0,1552,A
1-PB2,1803,1551,1,1,0,1553,A
1-PB2,1804,0,0,0,1562,1562,C
1-PB2,1805,1550,0,0,0,1550,A
1-PB2,1806,1547,0,0,0,1547,A
1-PB2,1807,1552,0,0,0,1552,A
1-PB2,1808,0,1557,0,0,1557,T
1-PB2,1809,1,10,1555,0,1566,G
1-PB2,1810,1554,0,1,0,1555,A
1-PB2,1811,0,3,1562,0,1565,G
1-PB2,1812,1553,0,3,0,1556,A
1-PB2,1813,0,3,1541,0,1544,G
1-PB2,1814,1554,0,0,0,1554,A
1-PB2,1815,1,0,0,1554,1555,C
1-PB2,1816,0,0,1564,0,1564,G
1-PB2,1817,0,1571,0,0,1571,T
1-PB2,1818,1586,1,0,0,1587,A
1-PB2,1819,0,0,0,1597,1597,C
1-PB2,1820,0,1583,0,0,1583,T
1-PB2,1821,0,1586,0,1,1587,T
1-PB2,1822,1,5,1577,0,1583,G
1-PB2,1823,2,4,1572,0,1578,G
1-PB2,1824,0,8,1578,0,1586,G
1-PB2,1825,1566,0,1,0,1567,A
1-PB2,1826,0,0,0,1573,1573,C
1-PB2,1827,1582,0,0,0,1582,A
1-PB2,1828,0,1572,1,0,1573,T
1-PB2,1829,0,1575,0,1,1576,T
1-PB2,1830,0,1586,0,0,1586,T
1-PB2,1831,2,6,1572,0,1580,G
1-PB2,1832,1576,0,1,0,1577,A
1-PB2,1833,0,1,0,1575,1576,C
1-PB2,1834,1567,0,0,0,1567,A
1-PB2,1835,0,0,0,1577,1577,C
1-PB2,1836,3,1,0,1545,1549,C
1-PB2,1837,1565,0,0,0,1565,A
1-PB2,1838,1,0,0,1569,1570,C
1-PB2,1839,4,0,0,1574,1578,C
1-PB2,1840,1,1,0,1574,1576,C
1-PB2,1841,1571,0,0,0,1571,A
1-PB2,1842,0,2,1601,0,1603,G
1-PB2,1843,1589,0,1,0,1590,A
1-PB2,1844,0,1651,0,0,1651,T
1-PB2,1845,1634,0,0,0,1634,A
1-PB2,1846,1612,0,1,0,1613,A
1-PB2,1847,0,1606,0,0,1606,T
1-PB2,1848,1609,0,0,0,1609,A
1-PB2,1849,1606,0,0,0,1606,A
1-PB2,1850,1581,0,0,0,1581,A
1-PB2,1851,0,0,1589,0,1589,G
1-PB2,1852,0,0,0,1570,1570,C
1-PB2,1853,0,1515,0,0,1515,T
1-PB2,1854,0,1527,0,0,1527,T
1-PB2,1855,5,1,0,1529,1535,C
1-PB2,1856,0,1524,0,1,1525,T
1-PB2,1857,6,0,0,1553,1559,C
1-PB2,1858,7,2,0,1545,1554,C
1-PB2,1859,3,0,0,1561,1564,C
1-PB2,1860,1,1563,0,2,1566,T
1-PB2,1861,0,1574,0,1,1575,T
1-PB2,1862,0,1572,0,0,1572,T
1-PB2,1863,0,1578,0,0,1578,T
1-PB2,1864,0,0,1573,0,1573,G
1-PB2,1865,1,4,0,1570,1575,C
1-PB2,1866,1563,0,1,0,1564,A
1-PB2,1867,0,0,1568,0,1568,G
1-PB2,1868,0,0,0,1562,1562,C
1-PB2,1869,0,1557,0,2,1559,T
1-PB2,1870,0,2,1562,0,1564,G
1-PB2,1871,1,1,1,1562,1565,C
1-PB2,1872,0,1541,0,0,1541,T
1-PB2,1873,7,0,0,1548,1555,C
1-PB2,1874,4,2,0,1564,1570,C
1-PB2,1875,1565,1,0,0,1566,A
1-PB2,1876,2,0,1,1580,1583,C
1-PB2,1877,2,1,0,1587,1590,C
1-PB2,1878,1585,0,0,0,1585,A
1-PB2,1879,1586,0,0,0,1586,A
1-PB2,1880,1583,0,1,0,1584,A
1-PB2,1881,0,0,1606,0,1606,G
1-PB2,1882,1,0,1,1592,1594,C
1-PB2,1883,1583,0,0,0,1583,A
1-PB2,1884,1585,1,0,0,1586,A
1-PB2,1885,1583,0,2,0,1585,A
1-PB2,1886,1,0,1593,0,1594,G
1-PB2,1887,0,0,0,1596,1596,C
1-PB2,1888,1590,0,1,0,1591,A
1-PB2,1889,0,5,1589,0,1594,G
1-PB2,1890,1568,0,5,0,1573,A
1-PB2,1891,1594,0,0,0,1594,A
1-PB2,1892,0,1595,0,0,1595,T
1-PB2,1893,0,0,1587,0,1587,G
1-PB2,1894,1,0,0,1587,1588,C
1-PB2,1895,1557,0,0,0,1557,A
1-PB2,1896,0,1,1575,0,1576,G
1-PB2,1897,0,1573,0,2,1575,T
1-PB2,1898,0,1608,0,0,1608,T
1-PB2,1899,8,0,0,1606,1614,C
1-PB2,1900,0,1592,0,0,1592,T
1-PB2,1901,4,0,0,1613,1617,C
1-PB2,1902,0,1608,0,6,1614,T
1-PB2,1903,0,1597,0,2,1599,T
1-PB2,1904,4,1,0,1614,1619,C
1-PB2,1905,1601,0,4,0,1605,A
1-PB2,1906,0,1,0,1606,1607,C
1-PB2,1907,0,1543,0,0,1543,T
1-PB2,1908,0,6,1568,1,1575,G
1-PB2,1909,1552,0,0,0,1552,A
1-PB2,1910,0,0,0,1599,1599,C
1-PB2,1911,0,1577,0,0,1577,T
1-PB2,1912,1,0,1589,0,1590,G
1-PB2,1913,0,1576,0,2,1578,T
1-PB2,1914,0,1,1591,0,1592,G
1-PB2,1915,1591,1,0,0,1592,A
1-PB2,1916,1607,0,1,0,1608,A
1-PB2,1917,0,1597,0,0,1597,T
1-PB2,1918,1,0,1594,0,1595,G
1-PB2,1919,0,1534,0,1,1535,T
1-PB2,1920,1512,1,1,0,1514,A
1-PB2,1921,1527,0,0,0,1527,A
1-PB2,1922,0,9,1529,0,1538,G
1-PB2,1923,0,7,1526,0,1533,G
1-PB2,1924,0,1,1525,0,1526,G
1-PB2,1925,0,5,1530,0,1535,G
1-PB2,1926,1526,0,1,0,1527,A
1-PB2,1927,0,1506,0,0,1506,T
1-PB2,1928,4,0,0,1510,1514,C
1-PB2,1929,1522,0,0,0,1522,A
1-PB2,1930,0,5,1534,0,1539,G
1-PB2,1931,1,5,1520,0,1526,G
1-PB2,1932,0,2,1540,0,1542,G
1-PB2,1933,1539,2,0,0,1541,A
1-PB2,1934,0,1483,0,0,1483,T
1-PB2,1935,0,3,1494,0,1497,G
1-PB2,1936,1480,0,1,0,1481,A
1-PB2,1937,0,4,1508,0,1512,G
1-PB2,1938,1504,0,1,0,1505,A
1-PB2,1939,1477,0,1,0,1478,A
1-PB2,1940,0,1488,0,0,1488,T
1-PB2,1941,1478,0,0,0,1478,A
1-PB2,1942,0,0,0,1499,1499,C
1-PB2,1943,0,1495,0,0,1495,T
1-PB2,1944,0,1503,0,0,1503,T
1-PB2,1945,0,0,1500,0,1500,G
1-PB2,1946,0,1461,0,0,1461,T
1-PB2,1947,1462,0,0,0,1462,A
1-PB2,1948,1447,0,0,0,1447,A
1-PB2,1949,0,3,1431,0,1434,G
1-PB2,1950,0,4,1436,0,1440,G
1-PB2,1951,1,7,1404,0,1412,G
1-PB2,1952,0,1,1414,0,1415,G
1-PB2,1953,4,0,0,1423,1427,C
1-PB2,1954,1421,0,1,0,1422,A
1-PB2,1955,1441,0,0,0,1441,A
1-PB2,1956,0,1440,0,1,1441,T
1-PB2,1957,0,1442,0,0,1442,T
1-PB2,1958,6,0,0,1455,1461,C
1-PB2,1959,0,1447,0,0,1447,T
1-PB2,1960,2,0,0,1464,1466,C
1-PB2,1961,3,0,0,1468,1471,C
1-PB2,1962,0,1455,0,1,1456,T
1-PB2,1963,0,1,1500,0,1501,G
1-PB2,1964,0,1474,0,0,1474,T
1-PB2,1965,1483,0,0,0,1483,A
1-PB2,1966,0,1470,0,0,1470,T
1-PB2,1967,0,1440,0,2,1442,T
1-PB2,1968,7,0,0,1446,1453,C
1-PB2,1969,1449,0,1,1,1451,A
1-PB2,1970,1465,0,0,0,1465,A
1-PB2,1971,1,0,0,1471,1472,C
1-PB2,1972,0,1448,0,1,1449,T
1-PB2,1973,1457,0,0,0,1457,A
1-PB2,1974,0,0,0,1482,1482,C
1-PB2,1975,1477,0,0,0,1477,A
1-PB2,1976,1475,0,0,0,1475,A
1-PB2,1977,0,0,0,1475,1475,C
1-PB2,1978,1463,0,0,0,1463,A
1-PB2,1979,1452,0,0,0,1452,A
1-PB2,1980,0,3,1442,0,1445,G
1-PB2,1981,1441,0,2,0,1443,A
1-PB2,1982,1,0,0,1441,1442,C
1-PB2,1983,9,0,0,1414,1423,C
1-PB2,1984,1416,0,1,0,1417,A
1-PB2,1985,0,0,0,1460,1460,C
1-PB2,1986,0,1457,0,2,1459,T
1-PB2,1987,1453,0,0,0,1453,A
1-PB2,1988,1457,0,1,0,1458,A
1-PB2,1989,1453,0,0,0,1453,A
1-PB2,1990,1450,0,0,0,1450,A
1-PB2,1991,0,3,1464,0,1467,G
1-PB2,1992,1445,0,1,0,1446,A
1-PB2,1993,0,0,0,1465,1465,C
1-PB2,1994,0,1419,0,0,1419,T
1-PB2,1995,1422,0,0,0,1422,A
1-PB2,1996,1418,2,0,0,1420,A
1-PB2,1997,0,0,0,1425,1425,C
1-PB2,1998,1428,0,0,0,1428,A
1-PB2,1999,1420,0,1,0,1421,A
1-PB2,2000,0,1394,0,0,1394,T
1-PB2,2001,0,1378,0,0,1378,T
1-PB2,2002,5,0,0,1402,1407,C
1-PB2,2003,0,1367,0,1,1368,T
1-PB2,2004,3,0,0,1407,1410,C
1-PB2,2005,0,4,1404,0,1408,G
1-PB2,2006,1,5,1403,0,1409,G
1-PB2,2007,1409,0,3,0,1412,A
1-PB2,2008,1411,0,0,0,1411,A
1-PB2,2009,1409,0,0,0,1409,A
1-PB2,2010,1406,0,2,1,1409,A
1-PB2,2011,1,4,1410,0,1415,G
1-PB2,2012,1410,0,0,0,1410,A
1-PB2,2013,0,1409,0,0,1409,T
1-PB2,2014,2,0,1414,0,1416,G
1-PB2,2015,0,3,0,1391,1394,C
1-PB2,2016,2,3,0,1397,1402,C
1-PB2,2017,2,4,1400,1,1407,G
1-PB2,2018,1,1,1400,0,1402,G
1-PB2,2019,0,0,0,1407,1407,C
1-PB2,2020,1393,1,0,1,1395,A
1-PB2,2021,0,1,0,1429,1430,C
1-PB2,2022,0,1418,0,0,1418,T
1-PB2,2023,0,1419,1,1,1421,T
1-PB2,2024,0,1436,0,1,1437,T
1-PB2,2025,1437,0,0,1,1438,A
1-PB2,2026,1442,0,0,1,1443,A
1-PB2,2027,0,1433,0,0,1433,T
1-PB2,2028,0,1438,0,0,1438,T
1-PB2,2029,0,2,1435,0,1437,G
1-PB2,2030,1412,0,1,1,1414,A
1-PB2,2031,1407,0,0,1,1408,A
1-PB2,2032,0,8,1395,0,1403,G
1-PB2,2033,1406,0,0,1,1407,A
1-PB2,2034,0,1,0,1417,1418,C
1-PB2,2035,1,0,0,1398,1399,C
1-PB2,2036,3,1,0,1409,1413,C
1-PB2,2037,1419,0,0,0,1419,A
1-PB2,2038,0,0,1428,0,1428,G
1-PB2,2039,1431,0,0,0,1431,A
1-PB2,2040,0,1425,0,0,1425,T
1-PB2,2041,0,3,1427,0,1430,G
1-PB2,2042,1401,1,0,0,1402,A
1-PB2,2043,1402,0,0,0,1402,A
1-PB2,2044,1404,0,0,0,1404,A
1-PB2,2045,0,0,1402,0,1402,G
1-PB2,2046,0,0,0,1401,1401,C
1-PB2,2047,1372,0,0,0,1372,A
1-PB2,2048,0,0,0,1388,1388,C
1-PB2,2049,1389,0,0,1,1390,A
1-PB2,2050,0,1365,0,0,1365,T
1-PB2,2051,2,0,0,1388,1390,C
1-PB2,2052,2,1,0,1385,1388,C
1-PB2,2053,3,0,1399,0,1402,G
1-PB2,2054,0,5,1400,0,1405,G
1-PB2,2055,1391,1,0,0,1392,A
1-PB2,2056,0,0,1417,0,1417,G
1-PB2,2057,0,1390,0,0,1390,T
1-PB2,2058,1,0,1389,0,1390,G
1-PB2,2059,1,2,1394,1,1398,G
1-PB2,2060,1369,0,1,0,1370,A
1-PB2,2061,0,1,1375,0,1376,G
1-PB2,2062,0,1331,1,0,1332,T
1-PB2,2063,7,0,0,1320,1327,C
1-PB2,2064,2,1,0,1334,1337,C
1-PB2,2065,1,0,1333,0,1334,G
1-PB2,2066,2,1,0,1313,1316,C
1-PB2,2067,3,1,0,1314,1318,C
1-PB2,2068,4,0,1361,0,1365,G
1-PB2,2069,0,1332,0,0,1332,T
1-PB2,2070,3,0,0,1358,1361,C
1-PB2,2071,0,1342,2,1,1345,T
1-PB2,2072,0,1359,0,0,1359,T
1-PB2,2073,0,6,1351,0,1357,G
1-PB2,2074,1344,1,0,1,1346,A
1-PB2,2075,0,3,1349,0,1352,G
1-PB2,2076,1339,0,0,0,1339,A
1-PB2,2077,0,4,1316,0,1320,G
1-PB2,2078,0,3,1315,0,1318,G
1-PB2,2079,0,0,1312,0,1312,G
1-PB2,2080,0,1314,0,0,1314,T
1-PB2,2081,1,1313,0,1,1315,T
1-PB2,2082,0,1323,0,1,1324,T
1-PB2,2083,7,0,0,1311,1318,C
1-PB2,2084,0,1320,1,0,1321,T
1-PB2,2085,8,1,0,1354,1363,C
1-PB2,2086,1357,0,0,0,1357,A
1-PB2,2087,0,1342,0,0,1342,T
1-PB2,2088,0,1335,0,0,1335,T
1-PB2,2089,1331,0,0,0,1331,A
1-PB2,2090,0,1333,0,0,1333,T
1-PB2,2091,1317,0,0,0,1317,A
1-PB2,2092,0,1,1328,0,1329,G
1-PB2,2093,0,0,1333,0,1333,G
1-PB2,2094,0,1284,0,0,1284,T
1-PB2,2095,1288,0,0,0,1288,A
1-PB2,2096,1271,0,0,0,1271,A
1-PB2,2097,0,2,1274,0,1276,G
1-PB2,2098,0,5,1270,0,1275,G
1-PB2,2099,1268,0,0,0,1268,A
1-PB2,2100,1242,0,1,0,1243,A
1-PB2,2101,0,3,1246,0,1249,G
1-PB2,2102,1233,0,0,0,1233,A
1-PB2,2103,0,0,0,1235,1235,C
1-PB2,2104,1218,0,0,0,1218,A
1-PB2,2105,1,6,1219,0,1226,G
1-PB2,2106,1209,0,0,0,1209,A
1-PB2,2107,1203,0,0,0,1203,A
1-PB2,2108,0,5,1198,0,1203,G
1-PB2,2109,1,2,1174,0,1177,G
1-PB2,2110,0,1191,0,0,1191,T
1-PB2,2111,1202,0,2,0,1204,A
1-PB2,2112,0,1,0,1200,1201,C
1-PB2,2113,0,3,1192,0,1195,G
1-PB2,2114,0,6,1218,0,1224,G
1-PB2,2115,1217,0,0,0,1217,A
1-PB2,2116,0,1,0,1197,1198,C
1-PB2,2117,2,1,0,1194,1197,C
1-PB2,2118,1171,0,1,0,1172,A
1-PB2,2119,0,0,1186,0,1186,G
1-PB2,2120,0,0,0,1186,1186,C
1-PB2,2121,1192,0,0,0,1192,A
1-PB2,2122,1,1180,0,0,1181,T
1-PB2,2123,0,1143,0,0,1143,T
1-PB2,2124,1148,0,0,0,1148,A
1-PB2,2125,1145,0,1,0,1146,A
1-PB2,2126,0,0,1140,0,1140,G
1-PB2,2127,0,1,0,1139,1140,C
1-PB2,2128,1085,0,0,0,1085,A
1-PB2,2129,0,1097,0,0,1097,T
1-PB2,2130,2,0,0,1102,1104,C
1-PB2,2131,1103,0,0,0,1103,A
1-PB2,2132,1111,0,0,0,1111,A
1-PB2,2133,0,1098,0,0,1098,T
1-PB2,2134,0,4,1104,0,1108,G
1-PB2,2135,1095,0,0,0,1095,A
1-PB2,2136,1088,0,0,0,1088,A
1-PB2,2137,2,0,0,1093,1095,C
1-PB2,2138,0,1036,0,0,1036,T
1-PB2,2139,0,3,1072,1,1076,G
1-PB2,2140,1066,0,0,0,1066,A
1-PB2,2141,0,0,1063,0,1063,G
1-PB2,2142,0,1057,0,0,1057,T
1-PB2,2143,1054,0,0,0,1054,A
1-PB2,2144,1050,0,0,0,1050,A
1-PB2,2145,0,0,0,1049,1049,C
1-PB2,2146,5,0,0,1016,1021,C
1-PB2,2147,0,1009,1,3,1013,T
1-PB2,2148,1,971,0,2,974,T
1-PB2,2149,2,1,974,0,977,G
1-PB2,2150,0,1,0,975,976,C
1-PB2,2151,973,0,0,0,973,A
1-PB2,2152,975,0,0,0,975,A
1-PB2,2153,960,0,0,0,960,A
1-PB2,2154,940,0,1,0,941,A
1-PB2,2155,0,0,942,0,942,G
1-PB2,2156,0,3,942,0,945,G
1-PB2,2157,1,2,944,0,947,G
1-PB2,2158,0,1,948,0,949,G
1-PB2,2159,950,0,0,0,950,A
1-PB2,2160,952,0,0,0,952,A
1-PB2,2161,949,0,0,0,949,A
1-PB2,2162,952,0,0,0,952,A
1-PB2,2163,0,0,960,0,960,G
1-PB2,2164,0,0,948,0,948,G
1-PB2,2165,0,0,0,942,942,C
1-PB2,2166,0,950,0,0,950,T
1-PB2,2167,943,0,0,0,943,A
1-PB2,2168,942,0,0,0,942,A
1-PB2,2169,0,939,0,0,939,T
1-PB2,2170,0,0,951,0,951,G
1-PB2,2171,0,924,0,0,924,T
1-PB2,2172,0,0,911,0,911,G
1-PB2,2173,0,0,0,901,901,C
1-PB2,2174,0,900,0,1,901,T
1-PB2,2175,907,0,0,0,907,A
1-PB2,2176,902,0,0,0,902,A
1-PB2,2177,0,895,0,0,895,T
1-PB2,2178,4,0,0,898,902,C
1-PB2,2179,1,1,875,0,877,G
1-PB2,2180,0,3,872,0,875,G
1-PB2,2181,0,0,878,0,878,G
1-PB2,2182,0,0,0,878,878,C
1-PB2,2183,879,0,0,0,879,A
1-PB2,2184,873,0,0,0,873,A
1-PB2,2185,0,3,873,0,876,G
1-PB2,2186,0,2,877,0,879,G
1-PB2,2187,868,0,3,0,871,A
1-PB2,2188,0,3,870,0,873,G
1-PB2,2189,847,0,0,0,847,A
1-PB2,2190,0,3,0,854,857,C
1-PB2,2191,1,0,859,0,860,G
1-PB2,2192,0,858,0,1,859,T
1-PB2,2193,1,4,851,0,856,G
1-PB2,2194,0,0,861,0,861,G
1-PB2,2195,0,824,0,0,824,T
1-PB2,2196,0,1,834,0,835,G
1-PB2,2197,0,809,0,0,809,T
1-PB2,2198,0,801,0,1,802,T
1-PB2,2199,0,0,804,1,805,G
1-PB2,2200,0,0,804,0,804,G
1-PB2,2201,0,800,0,0,800,T
1-PB2,2202,785,0,0,0,785,A
1-PB2,2203,767,0,0,0,767,A
1-PB2,2204,0,750,0,0,750,T
1-PB2,2205,0,3,738,0,741,G
1-PB2,2206,733,0,0,0,733,A
1-PB2,2207,728,0,0,0,728,A
1-PB2,2208,727,0,0,0,727,A
1-PB2,2209,0,0,0,721,721,C
1-PB2,2210,0,4,719,0,723,G
1-PB2,2211,720,0,0,0,720,A
1-PB2,2212,721,0,0,0,721,A
1-PB2,2213,723,0,0,0,723,A
1-PB2,2214,719,0,0,0,719,A
1-PB2,2215,0,1,0,717,718,C
1-PB2,2216,0,4,713,0,717,G
1-PB2,2217,0,2,711,0,713,G
1-PB2,2218,2,2,709,0,713,G
1-PB2,2219,708,1,0,0,709,A
1-PB2,2220,1,0,0,717,718,C
1-PB2,2221,0,699,1,1,701,T
1-PB2,2222,4,1,0,713,718,C
1-PB2,2223,0,716,2,0,718,T
1-PB2,2224,721,0,0,0,721,A
1-PB2,2225,0,0,721,0,721,G
1-PB2,2226,0,0,0,705,705,C
1-PB2,2227,708,0,1,0,709,A
1-PB2,2228,0,698,1,0,699,T
1-PB2,2229,675,0,0,0,675,A
1-PB2,2230,1,1,0,677,679,C
1-PB2,2231,0,614,1,1,616,T
1-PB2,2232,0,609,1,0,610,T
1-PB2,2233,602,0,0,0,602,A
1-PB2,2234,1,0,0,597,598,C
1-PB2,2235,0,594,1,0,595,T
1-PB2,2236,0,2,591,0,593,G
1-PB2,2237,575,0,0,0,575,A
1-PB2,2238,0,0,0,576,576,C
1-PB2,2239,522,0,0,0,522,A
1-PB2,2240,0,0,527,0,527,G
1-PB2,2241,0,0,0,522,522,C
1-PB2,2242,2,0,0,520,522,C
1-PB2,2243,520,0,1,0,521,A
1-PB2,2244,0,0,515,0,515,G
1-PB2,2245,518,0,0,0,518,A
1-PB2,2246,0,0,0,513,513,C
1-PB2,2247,484,0,0,0,484,A
1-PB2,2248,0,0,481,0,481,G
1-PB2,2249,0,0,0,452,452,C
1-PB2,2250,0,1,450,0,451,G
1-PB2,2251,451,0,0,0,451,A
1-PB2,2252,1,0,0,445,446,C
1-PB2,2253,2,0,0,443,445,C
1-PB2,2254,448,0,0,0,448,A
1-PB2,2255,449,0,0,0,449,A
1-PB2,2256,447,0,0,0,447,A
1-PB2,2257,448,0,0,0,448,A
1-PB2,2258,0,1,443,0,444,G
1-PB2,2259,431,0,0,0,431,A
1-PB2,2260,433,0,0,0,433,A
1-PB2,2261,0,421,1,0,422,T
1-PB2,2262,0,427,1,0,428,T
1-PB2,2263,3,1,1,422,427,C
1-PB2,2264,0,0,419,0,419,G
1-PB2,2265,0,1,415,0,416,G
1-PB2,2266,420,0,0,0,420,A
1-PB2,2267,0,400,1,0,401,T
1-PB2,2268,0,0,402,0,402,G
1-PB2,2269,0,0,397,0,397,G
1-PB2,2270,0,0,0,390,390,C
1-PB2,2271,2,0,0,392,394,C
1-PB2,2272,397,0,0,0,397,A
1-PB2,2273,0,390,1,1,392,T
1-PB2,2274,0,0,0,389,389,C
1-PB2,2275,392,0,0,0,392,A
1-PB2,2276,395,0,0,0,395,A
1-PB2,2277,0,388,0,0,388,T
1-PB2,2278,0,353,0,0,353,T
1-PB2,2279,336,0,0,0,336,A
1-PB2,2280,328,0,0,0,328,A
2-PB1,1,194,0,0,0,194,A
2-PB1,2,0,195,0,0,195,T
2-PB1,3,0,0,196,0,196,G
2-PB1,4,0,1,214,0,215,G
2-PB1,5,247,0,0,0,247,A
2-PB1,6,0,262,0,0,262,T
2-PB1,7,0,1,263,0,264,G
2-PB1,8,0,264,0,1,265,T
2-PB1,9,0,0,0,285,285,C
2-PB1,10,285,0,0,0,285,A
2-PB1,11,302,1,0,0,303,A
2-PB1,12,0,305,0,0,305,T
2-PB1,13,0,0,0,311,311,C
2-PB1,14,2,0,0,329,331,C
2-PB1,15,0,2,333,0,335,G
2-PB1,16,381,0,0,0,381,A
2-PB1,17,0,0,0,391,391,C
2-PB1,18,0,391,0,0,391,T
2-PB1,19,0,0,0,452,452,C
2-PB1,20,0,454,0,0,454,T
2-PB1,21,454,0,0,0,454,A
2-PB1,22,0,0,0,456,456,C
2-PB1,23,0,457,0,0,457,T
2-PB1,24,0,0,508,0,508,G
2-PB1,25,0,516,0,1,517,T
2-PB1,26,0,516,0,0,516,T
2-PB1,27,1,0,0,515,516,C
2-PB1,28,1,1,0,516,518,C
2-PB1,29,0,595,0,0,595,T
2-PB1,30,605,0,0,0,605,A
2-PB1,31,605,0,0,0,605,A
2-PB1,32,603,0,1,0,604,A
2-PB1,33,0,2,610,0,612,G
2-PB1,34,0,1,620,0,621,G
2-PB1,35,0,629,0,0,629,T
2-PB1,36,0,621,0,0,621,T
2-PB1,37,3,0,0,623,626,C
2-PB1,38,1,0,0,627,628,C
2-PB1,39,631,0,0,0,631,A
2-PB1,40,0,0,636,0,636,G
2-PB1,41,0,0,0,639,639,C
2-PB1,42,1,2,633,0,636,G
2-PB1,43,1,0,0,643,644,C
2-PB1,44,642,0,0,0,642,A
2-PB1,45,641,0,1,0,642,A
2-PB1,46,643,0,1,0,644,A
2-PB1,47,652,1,0,0,653,A
2-PB1,48,0,663,0,0,663,T
2-PB1,49,0,0,708,0,708,G
2-PB1,50,0,0,0,713,713,C
2-PB1,51,3,0,0,711,714,C
2-PB1,52,694,0,22,0,716,A
2-PB1,53,0,717,0,0,717,T
2-PB1,54,779,0,0,0,779,A
2-PB1,55,780,1,0,0,781,A
2-PB1,56,0,1,812,0,813,G
2-PB1,57,1,0,0,817,818,C
2-PB1,58,820,0,0,0,820,A
2-PB1,59,0,0,0,863,863,C
2-PB1,60,862,0,0,0,862,A
2-PB1,61,900,0,0,0,900,A
2-PB1,62,0,0,0,905,905,C
2-PB1,63,906,0,0,0,906,A
2-PB1,64,0,920,0,0,920,T
2-PB1,65,1,914,0,1,916,T
2-PB1,66,3,0,0,1088,1091,C
2-PB1,67,1,0,0,1100,1101,C
2-PB1,68,4,0,0,1105,1109,C
2-PB1,69,1,1115,0,0,1116,T
2-PB1,70,0,1115,0,0,1115,T
2-PB1,71,1209,0,0,0,1209,A
2-PB1,72,0,1223,0,2,1225,T
2-PB1,73,1231,0,0,0,1231,A
2-PB1,74,0,0,0,1247,1247,C
2-PB1,75,0,1219,0,1,1220,T
2-PB1,76,0,2,1236,0,1238,G
2-PB1,77,1,3,1231,0,1235,G
2-PB1,78,1233,0,0,0,1233,A
2-PB1,79,0,14,1228,0,1242,G
2-PB1,80,1243,0,0,0,1243,A
2-PB1,81,0,1248,0,1,1249,T
2-PB1,82,4,0,0,1322,1326,C
2-PB1,83,1,0,0,1337,1338,C
2-PB1,84,0,1347,0,1,1348,T
2-PB1,85,0,0,0,1417,1417,C
2-PB1,86,0,0,0,1426,1426,C
2-PB1,87,1439,0,0,0,1439,A
2-PB1,88,0,1435,0,0,1435,T
2-PB1,89,1438,0,0,0,1438,A
2-PB1,90,0,0,0,1444,1444,C
2-PB1,91,1436,0,1,0,1437,A
2-PB1,92,0,1,1474,0,1475,G
2-PB1,93,0,0,0,1490,1490,C
2-PB1,94,4,3,0,1489,1496,C
2-PB1,95,1485,0,1,0,1486,A
2-PB1,96,0,1497,0,0,1497,T
2-PB1,97,2,5,1493,0,1500,G
2-PB1,98,0,9,1557,0,1566,G
2-PB1,99,1577,0,0,0,1577,A
2-PB1,100,1596,0,1,0,1597,A
2-PB1,101,0,0,0,1600,1600,C
2-PB1,102,1591,0,1,0,1592,A
2-PB1,103,0,6,1623,0,1629,G
2-PB1,104,0,18,1627,0,1645,G
2-PB1,105,1651,0,0,0,1651,A
2-PB1,106,1664,0,0,0,1664,A
2-PB1,107,0,1,0,1684,1685,C
2-PB1,108,1668,0,1,0,1669,A
2-PB1,109,1,3,1865,0,1869,G
2-PB1,110,0,7,1847,0,1854,G
2-PB1,111,2,0,1883,0,1885,G
2-PB1,112,0,1886,0,2,1888,T
2-PB1,113,1902,0,1,0,1903,A
2-PB1,114,0,0,0,1925,1925,C
2-PB1,115,2007,0,1,0,2008,A
2-PB1,116,1,0,0,2071,2072,C
2-PB1,117,7,0,0,2055,2062,C
2-PB1,118,2028,0,1,0,2029,A
2-PB1,119,0,2023,0,1,2024,T
2-PB1,120,0,7,2035,0,2042,G
2-PB1,121,0,4,2032,0,2036,G
2-PB1,122,2049,0,2,0,2051,A
2-PB1,123,0,0,0,2059,2059,C
2-PB1,124,2019,0,1,0,2020,A
2-PB1,125,0,0,0,2069,2069,C
2-PB1,126,2063,0,1,0,2064,A
2-PB1,127,0,0,2096,0,2096,G
2-PB1,128,0,2095,0,0,2095,T
2-PB1,129,11,1,0,2148,2160,C
2-PB1,130,2154,0,0,0,2154,A
2-PB1,131,2184,0,0,0,2184,A
2-PB1,132,1,0,0,2186,2187,C
2-PB1,133,2180,0,1,0,2181,A
2-PB1,134,0,12,2193,0,2205,G
2-PB1,135,2193,0,0,0,2193,A
2-PB1,136,2188,0,1,0,2189,A
2-PB1,137,1,1,0,2194,2196,C
2-PB1,138,2163,0,1,0,2164,A
2-PB1,139,0,0,0,2175,2175,C
2-PB1,140,2158,0,1,0,2159,A
2-PB1,141,0,2148,0,0,2148,T
2-PB1,142,5,0,0,2294,2299,C
2-PB1,143,2305,0,0,0,2305,A
2-PB1,144,2315,0,1,0,2316,A
2-PB1,145,0,2369,0,1,2370,T
2-PB1,146,2420,0,0,0,2420,A
2-PB1,147,0,2430,0,0,2430,T
2-PB1,148,0,2394,0,1,2395,T
2-PB1,149,18,2,0,2381,2401,C
2-PB1,150,2373,0,0,0,2373,A
2-PB1,151,0,6,2372,0,2378,G
2-PB1,152,2358,0,0,0,2358,A
2-PB1,153,0,5,2358,0,2363,G
2-PB1,154,2322,0,0,0,2322,A
2-PB1,155,3,8,2282,0,2293,G
2-PB1,156,0,3,2280,0,2283,G
2-PB1,157,0,4,2361,0,2365,G
2-PB1,158,0,3,2372,0,2375,G
2-PB1,159,0,4,2380,0,2384,G
2-PB1,160,2372,0,0,0,2372,A
2-PB1,161,2384,0,2,0,2386,A
2-PB1,162,0,0,2420,0,2420,G
2-PB1,163,0,2377,0,1,2378,T
2-PB1,164,2,7,2383,0,2392,G
2-PB1,165,0,4,2375,0,2379,G
2-PB1,166,2379,0,2,0,2381,A
2-PB1,167,1,2,0,2404,2407,C
2-PB1,168,1,13,2401,0,2415,G
2-PB1,169,2422,0,2,0,2424,A
2-PB1,170,0,0,0,2443,2443,C
2-PB1,171,2435,0,1,0,2436,A
2-PB1,172,2445,0,0,0,2445,A
2-PB1,173,2450,1,0,0,2451,A
2-PB1,174,0,2489,0,0,2489,T
2-PB1,175,2490,1,1,0,2492,A
2-PB1,176,0,1,0,2496,2497,C
2-PB1,177,2472,0,1,0,2473,A
2-PB1,178,0,9,2473,0,2482,G
2-PB1,179,2474,0,0,0,2474,A
2-PB1,180,2511,0,0,0,2511,A
2-PB1,181,2518,0,0,0,2518,A
2-PB1,182,0,0,0,2524,2524,C
2-PB1,183,0,2497,0,0,2497,T
2-PB1,184,0,10,2484,0,2494,G
2-PB1,185,2,3,2461,0,2466,G
2-PB1,186,0,8,2446,0,2454,G
2-PB1,187,0,2,2456,0,2458,G
2-PB1,188,1,3,0,2482,2486,C
2-PB1,189,2493,0,2,0,2495,A
2-PB1,190,1,1,0,2581,2583,C
2-PB1,191,7,0,0,2571,2578,C
2-PB1,192,11,0,0,2572,2583,C
2-PB1,193,4,0,0,2584,2588,C
2-PB1,194,2601,0,0,0,2601,A
2-PB1,195,2616,0,0,0,2616,A
2-PB1,196,1,0,0,2621,2622,C
2-PB1,197,0,2604,0,1,2605,T
2-PB1,198,7,0,0,2624,2631,C
2-PB1,199,2559,0,1,0,2560,A
2-PB1,200,2592,1,0,0,2593,A
2-PB1,201,1,2,0,2599,2602,C
2-PB1,202,6,0,0,2595,2601,C
2-PB1,203,10,0,0,2591,2601,C
2-PB1,204,2595,0,1,0,2596,A
2-PB1,205,2596,0,1,0,2597,A
2-PB1,206,0,2596,0,0,2596,T
2-PB1,207,0,2615,0,0,2615,T
2-PB1,208,2,10,2606,0,2618,G
2-PB1,209,2599,0,0,0,2599,A
2-PB1,210,0,2592,0,0,2592,T
2-PB1,211,2,11,2581,0,2594,G
2-PB1,212,0,17,2592,2,2611,G
2-PB1,213,2642,0,3,1,2646,A
2-PB1,214,0,4,0,2665,2669,C
2-PB1,215,11,1,0,2638,2650,C
2-PB1,216,2654,0,0,0,2654,A
2-PB1,217,0,0,0,2712,2712,C
2-PB1,218,0,2712,0,1,2713,T
2-PB1,219,2746,2,1,0,2749,A
2-PB1,220,1,0,0,2780,2781,C
2-PB1,221,7,0,0,2763,2770,C
2-PB1,222,0,2736,0,0,2736,T
2-PB1,223,1,5,2736,0,2742,G
2-PB1,224,2728,0,2,0,2730,A
2-PB1,225,0,8,2750,0,2758,G
2-PB1,226,0,8,2738,0,2746,G
2-PB1,227,2724,0,0,0,2724,A
2-PB1,228,0,2716,1,0,2717,T
2-PB1,229,2699,0,0,0,2699,A
2-PB1,230,2685,1,3,0,2689,A
2-PB1,231,0,2704,0,0,2704,T
2-PB1,232,0,20,2683,0,2703,G
2-PB1,233,2691,0,4,0,2695,A
2-PB1,234,2686,0,1,0,2687,A
2-PB1,235,1,0,0,2697,2698,C
2-PB1,236,12,2,0,2658,2672,C
2-PB1,237,2676,0,0,0,2676,A
2-PB1,238,2657,0,1,0,2658,A
2-PB1,239,0,1,2678,0,2679,G
2-PB1,240,0,2662,0,1,2663,T
2-PB1,241,2,6,2658,0,2666,G
2-PB1,242,0,5,2705,0,2710,G
2-PB1,243,2708,2,0,0,2710,A
2-PB1,244,0,2715,0,0,2715,T
2-PB1,245,2726,0,1,0,2727,A
2-PB1,246,0,2769,0,2,2771,T
2-PB1,247,0,2,2781,0,2783,G
2-PB1,248,1,1,0,2775,2777,C
2-PB1,249,2771,0,2,0,2773,A
2-PB1,250,0,0,0,2837,2837,C
2-PB1,251,2806,0,1,0,2807,A
2-PB1,252,2854,0,1,0,2855,A
2-PB1,253,2848,0,0,0,2848,A
2-PB1,254,2,2,0,2842,2846,C
2-PB1,255,2796,0,1,0,2797,A
2-PB1,256,1,7,2812,0,2820,G
2-PB1,257,2807,0,1,0,2808,A
2-PB1,258,1,0,0,2815,2816,C
2-PB1,259,0,2740,0,0,2740,T
2-PB1,260,0,0,2806,0,2806,G
2-PB1,261,0,2752,0,1,2753,T
2-PB1,262,0,0,2878,0,2878,G
2-PB1,263,0,2882,0,0,2882,T
2-PB1,264,9,1,0,2877,2887,C
2-PB1,265,6,2,0,2885,2893,C
2-PB1,266,0,2872,0,3,2875,T
2-PB1,267,1,5,2870,0,2876,G
2-PB1,268,0,5,2864,0,2869,G
2-PB1,269,2823,0,0,0,2823,A
2-PB1,270,0,5,2877,0,2882,G
2-PB1,271,0,2,2800,0,2802,G
2-PB1,272,2,0,0,2796,2798,C
2-PB1,273,0,2811,0,2,2813,T
2-PB1,274,2829,0,0,0,2829,A
2-PB1,275,0,2831,0,1,2832,T
2-PB1,276,0,8,2818,0,2826,G
2-PB1,277,2,2,2805,0,2809,G
2-PB1,278,1,2,0,2816,2819,C
2-PB1,279,7,156,0,2615,2778,C
2-PB1,280,0,2763,0,0,2763,T
2-PB1,281,0,2892,1,1,2894,T
2-PB1,282,5,0,0,2898,2903,C
2-PB1,283,10,0,0,2881,2891,C
2-PB1,284,1,2880,1,1,2883,T
2-PB1,285,0,2880,0,0,2880,T
2-PB1,286,0,6,2881,0,2887,G
2-PB1,287,2875,0,1,1,2877,A
2-PB1,288,2893,0,0,0,2893,A
2-PB1,289,2,10,2879,0,2891,G
2-PB1,290,2792,0,2,0,2794,A
2-PB1,291,2816,0,0,0,2816,A
2-PB1,292,0,2806,0,1,2807,T
2-PB1,293,5,1,0,2816,2822,C
2-PB1,294,8,0,0,2804,2812,C
2-PB1,295,13,1,2,2791,2807,C
2-PB1,296,2796,0,1,1,2798,A
2-PB1,297,0,1,0,2824,2825,C
2-PB1,298,7,1,0,2801,2809,C
2-PB1,299,8,0,0,2797,2805,C
2-PB1,300,2796,0,0,0,2796,A
2-PB1,301,1,3,2809,0,2813,G
2-PB1,302,0,2,2812,0,2814,G
2-PB1,303,1,2759,0,0,2760,T
2-PB1,304,2840,0,0,0,2840,A
2-PB1,305,0,2827,1,0,2828,T
2-PB1,306,1,2,0,2831,2834,C
2-PB1,307,0,2828,1,0,2829,T
2-PB1,308,0,2842,1,0,2843,T
2-PB1,309,0,2830,1,0,2831,T
2-PB1,310,1,10,2818,0,2829,G
2-PB1,311,2800,0,1,1,2802,A
2-PB1,312,3,14,2794,0,2811,G
2-PB1,313,2781,0,0,0,2781,A
2-PB1,314,2790,0,0,0,2790,A
2-PB1,315,0,0,0,2805,2805,C
2-PB1,316,0,2757,1,2,2760,T
2-PB1,317,16,0,0,2763,2779,C
2-PB1,318,2775,0,0,0,2775,A
2-PB1,319,0,2770,2,0,2772,T
2-PB1,320,0,2,2780,0,2782,G
2-PB1,321,1,0,0,2815,2816,C
2-PB1,322,5,1,0,2812,2818,C
2-PB1,323,0,2817,1,1,2819,T
2-PB1,324,0,2784,0,5,2789,T
2-PB1,325,0,13,2789,0,2802,G
2-PB1,326,2795,0,0,1,2796,A
2-PB1,327,2807,0,1,0,2808,A
2-PB1,328,2817,0,1,0,2818,A
2-PB1,329,2,0,0,2843,2845,C
2-PB1,330,2804,0,0,0,2804,A
2-PB1,331,2791,0,1,0,2792,A
2-PB1,332,0,2796,1,1,2798,T
2-PB1,333,0,6,2791,0,2797,G
2-PB1,334,1,2,2784,0,2787,G
2-PB1,335,2760,0,0,0,2760,A
2-PB1,336,2757,0,2,0,2759,A
2-PB1,337,0,0,2757,0,2757,G
2-PB1,338,3,0,0,2752,2755,C
2-PB1,339,7,2,0,2745,2754,C
2-PB1,340,1,0,2777,0,2778,G
2-PB1,341,0,2743,1,1,2745,T
2-PB1,342,1,2752,3,0,2756,T
2-PB1,343,17,0,0,2777,2794,C
2-PB1,344,2801,0,0,0,2801,A
2-PB1,345,2814,0,0,0,2814,A
2-PB1,346,0,1,1,2823,2825,C
2-PB1,347,2823,0,5,0,2828,A
2-PB1,348,0,8,2833,0,2841,G
2-PB1,349,2779,0,3,1,2783,A
2-PB1,350,0,0,0,2798,2798,C
2-PB1,351,2809,0,2,0,2811,A
2-PB1,352,2839,0,2,1,2842,A
2-PB1,353,2,15,2841,0,2858,G
2-PB1,354,2,3,2811,0,2816,G
2-PB1,355,3,1,2814,0,2818,G
2-PB1,356,1,2708,1,1,2711,T
2-PB1,357,0,8,2759,0,2767,G
2-PB1,358,0,12,2749,0,2761,G
2-PB1,359,2789,0,1,0,2790,A
2-PB1,360,3,0,0,2799,2802,C
2-PB1,361,2761,0,0,0,2761,A
2-PB1,362,2826,0,2,0,2828,A
2-PB1,363,2814,1,0,0,2815,A
2-PB1,364,1,0,0,2814,2815,C
2-PB1,365,0,2804,1,0,2805,T
2-PB1,366,2816,0,0,1,2817,A
2-PB1,367,2789,0,1,0,2790,A
2-PB1,368,1,0,0,2802,2803,C
2-PB1,369,5,0,0,2810,2815,C
2-PB1,370,16,0,0,2810,2826,C
2-PB1,371,2761,0,0,0,2761,A
2-PB1,372,2752,0,2,0,2754,A
2-PB1,373,0,7,2749,0,2756,G
2-PB1,374,0,1,2751,0,2752,G
2-PB1,375,0,2716,1,0,2717,T
2-PB1,376,10,1,0,2729,2740,C
2-PB1,377,7,0,2729,0,2736,G
2-PB1,378,1,1,0,2715,2717,C
2-PB1,379,1,2,0,2742,2745,C
2-PB1,380,2751,0,0,0,2751,A
2-PB1,381,0,10,2782,0,2792,G
2-PB1,382,2808,0,1,0,2809,A
2-PB1,383,1,0,0,2827,2828,C
2-PB1,384,0,2799,1,1,2801,T
2-PB1,385,0,2803,1,1,2805,T
2-PB1,386,2806,0,0,0,2806,A
2-PB1,387,0,2796,0,0,2796,T
2-PB1,388,0,8,2804,0,2812,G
2-PB1,389,2789,1,2,0,2792,A
2-PB1,390,0,2741,0,0,2741,T
2-PB1,391,0,2670,1,1,2672,T
2-PB1,392,0,10,2650,0,2660,G
2-PB1,393,1,4,2653,0,2658,G
2-PB1,394,2688,0,1,0,2689,A
2-PB1,395,1,0,0,2701,2702,C
2-PB1,396,2671,0,0,0,2671,A
2-PB1,397,0,2651,1,1,2653,T
2-PB1,398,0,2680,1,0,2681,T
2-PB1,399,2693,0,0,0,2693,A
2-PB1,400,2697,0,0,0,2697,A
2-PB1,401,2692,0,0,0,2692,A
2-PB1,402,1,2,0,2690,2693,C
2-PB1,403,2653,0,3,1,2657,A
2-PB1,404,0,6,2661,0,2667,G
2-PB1,405,2655,0,1,0,2656,A
2-PB1,406,2654,0,0,0,2654,A
2-PB1,407,2655,0,1,0,2656,A
2-PB1,408,0,2606,2,0,2608,T
2-PB1,409,13,1,0,2629,2643,C
2-PB1,410,2636,0,0,0,2636,A
2-PB1,411,2633,0,0,0,2633,A
2-PB1,412,2,0,0,2633,2635,C
2-PB1,413,4,0,0,2619,2623,C
2-PB1,414,2,9,2605,0,2616,G
2-PB1,415,2,0,2600,0,2602,G
2-PB1,416,2,0,0,2627,2629,C
2-PB1,417,2644,0,0,0,2644,A
2-PB1,418,0,0,2628,0,2628,G
2-PB1,419,3,0,0,2639,2642,C
2-PB1,420,2660,0,0,0,2660,A
2-PB1,421,2652,1,1,0,2654,A
2-PB1,422,3,1,0,2646,2650,C
2-PB1,423,0,2628,2,0,2630,T
2-PB1,424,0,1,2719,0,2720,G
2-PB1,425,3,1,0,2720,2724,C
2-PB1,426,2723,1,0,0,2724,A
2-PB1,427,0,2723,1,0,2724,T
2-PB1,428,0,2686,0,0,2686,T
2-PB1,429,2798,0,1,0,2799,A
2-PB1,430,1,2,2786,1,2790,G
2-PB1,431,4,1,1,2764,2770,C
2-PB1,432,5,0,0,2788,2793,C
2-PB1,433,2703,0,0,0,2703,A
2-PB1,434,2714,0,1,0,2715,A
2-PB1,435,2,0,0,2720,2722,C
2-PB1,436,2699,1,2,0,2702,A
2-PB1,437,2,0,0,2776,2778,C
2-PB1,438,10,8,0,2617,2635,C
2-PB1,439,2627,1,1,0,2629,A
2-PB1,440,0,2611,1,0,2612,T
2-PB1,441,2642,0,1,0,2643,A
2-PB1,442,0,3,2632,0,2635,G
2-PB1,443,2606,0,0,0,2606,A
2-PB1,444,2592,0,0,1,2593,A
2-PB1,445,2,1,2602,0,2605,G
2-PB1,446,0,2519,2,1,2522,T
2-PB1,447,0,2512,2,1,2515,T
2-PB1,448,0,2534,1,0,2535,T
2-PB1,449,0,2545,1,0,2546,T
2-PB1,450,0,2559,1,0,2560,T
2-PB1,451,2554,0,1,0,2555,A
2-PB1,452,0,6,2532,0,2538,G
2-PB1,453,2538,0,0,0,2538,A
2-PB1,454,0,2513,0,0,2513,T
2-PB1,455,4,0,0,2489,2493,C
2-PB1,456,1,13,2484,0,2498,G
2-PB1,457,2494,0,0,0,2494,A
2-PB1,458,2498,0,0,0,2498,A
2-PB1,459,1,5,0,2503,2509,C
2-PB1,460,1,9,2493,1,2504,G
2-PB1,461,0,2,2580,0,2582,G
2-PB1,462,2581,0,0,0,2581,A
2-PB1,463,0,2587,1,0,2588,T
2-PB1,464,1,2581,1,0,2583,T
2-PB1,465,2588,0,3,0,2591,A
2-PB1,466,2588,1,1,0,2590,A
2-PB1,467,1,0,0,2594,2595,C
2-PB1,468,2577,0,1,0,2578,A
2-PB1,469,0,0,2593,0,2593,G
2-PB1,470,1,0,0,2504,2505,C
2-PB1,471,0,2505,1,1,2507,T
2-PB1,472,2521,1,0,0,2522,A
2-PB1,473,2514,0,0,0,2514,A
2-PB1,474,0,2516,1,0,2517,T
2-PB1,475,0,13,2535,1,2549,G
2-PB1,476,2538,0,0,0,2538,A
2-PB1,477,2525,0,0,0,2525,A
2-PB1,478,0,2473,1,0,2474,T
2-PB1,479,9,1,0,2482,2492,C
2-PB1,480,2475,0,2,1,2478,A
2-PB1,481,0,1,2472,0,2473,G
2-PB1,482,0,3,2456,0,2459,G
2-PB1,483,2466,1,1,0,2468,A
2-PB1,484,2439,0,1,0,2440,A
2-PB1,485,0,5,2518,0,2523,G
2-PB1,486,0,1,2507,0,2508,G
2-PB1,487,1,0,1,2496,2498,C
2-PB1,488,0,2525,1,1,2527,T
2-PB1,489,2536,0,0,0,2536,A
2-PB1,490,2533,0,1,0,2534,A
2-PB1,491,0,2534,0,0,2534,T
2-PB1,492,2542,0,0,0,2542,A
2-PB1,493,3,11,2536,0,2550,G
2-PB1,494,2406,1,2,0,2409,A
2-PB1,495,0,2381,2,0,2383,T
2-PB1,496,0,2362,1,0,2363,T
2-PB1,497,1,2335,0,1,2337,T
2-PB1,498,12,0,0,2375,2387,C
2-PB1,499,4,0,0,2389,2393,C
2-PB1,500,0,2397,0,1,2398,T
2-PB1,501,5,0,0,2429,2434,C
2-PB1,502,2433,0,0,0,2433,A
2-PB1,503,2427,0,0,0,2427,A
2-PB1,504,3,8,2413,0,2424,G
2-PB1,505,0,5,2456,0,2461,G
2-PB1,506,2459,0,0,0,2459,A
2-PB1,507,0,2380,0,0,2380,T
2-PB1,508,1,0,2423,0,2424,G
2-PB1,509,0,2390,1,0,2391,T
2-PB1,510,1,10,2423,0,2434,G
2-PB1,511,2417,0,3,0,2420,A
2-PB1,512,1,2420,1,0,2422,T
2-PB1,513,4,12,2386,0,2402,G
2-PB1,514,0,8,2388,0,2396,G
2-PB1,515,2392,0,0,0,2392,A
2-PB1,516,2402,0,0,0,2402,A
2-PB1,517,1,2330,0,1,2332,T
2-PB1,518,14,1,0,2360,2375,C
2-PB1,519,2347,0,1,0,2348,A
2-PB1,520,2347,0,0,0,2347,A
2-PB1,521,0,2340,0,3,2343,T
2-PB1,522,1,8,2360,0,2369,G
2-PB1,523,0,5,2382,1,2388,G
2-PB1,524,2361,0,1,0,2362,A
2-PB1,525,1,2374,0,0,2375,T
2-PB1,526,2377,0,0,0,2377,A
2-PB1,527,2367,0,0,0,2367,A
2-PB1,528,2366,0,0,0,2366,A
2-PB1,529,5,5,2387,0,2397,G
2-PB1,530,2368,0,3,0,2371,A
2-PB1,531,0,3,2350,0,2353,G
2-PB1,532,0,7,2354,0,2361,G
2-PB1,533,2357,1,0,0,2358,A
2-PB1,534,2363,0,1,0,2364,A
2-PB1,535,2365,1,0,0,2366,A
2-PB1,536,1,2363,0,0,2364,T
2-PB1,537,0,5,2403,0,2408,G
2-PB1,538,0,4,2395,0,2399,G
2-PB1,539,2364,0,3,0,2367,A
2-PB1,540,2,1,2402,0,2405,G
2-PB1,541,2380,0,0,0,2380,A
2-PB1,542,0,2418,0,0,2418,T
2-PB1,543,2413,0,1,0,2414,A
2-PB1,544,2434,0,1,0,2435,A
2-PB1,545,0,1,0,2432,2433,C
2-PB1,546,2405,0,0,0,2405,A
2-PB1,547,2404,0,0,0,2404,A
2-PB1,548,3,1,0,2390,2394,C
2-PB1,549,2362,3,0,0,2365,A
2-PB1,550,0,1,0,2387,2388,C
2-PB1,551,2358,1,0,1,2360,A
2-PB1,552,0,1,0,2354,2355,C
2-PB1,553,0,2309,0,2,2311,T
2-PB1,554,1,2317,1,0,2319,T
2-PB1,555,0,2312,0,0,2312,T
2-PB1,556,6,0,1,2322,2329,C
2-PB1,557,2334,0,0,1,2335,A
2-PB1,558,2339,0,0,0,2339,A
2-PB1,559,2332,0,2,0,2334,A
2-PB1,560,0,9,2343,0,2352,G
2-PB1,561,2326,0,0,1,2327,A
2-PB1,562,2327,0,1,0,2328,A
2-PB1,563,2336,0,0,0,2336,A
2-PB1,564,2339,1,0,0,2340,A
2-PB1,565,2328,0,1,0,2329,A
2-PB1,566,0,4,2337,0,2341,G
2-PB1,567,0,3,2348,0,2351,G
2-PB1,568,2311,0,3,0,2314,A
2-PB1,569,0,9,2350,0,2359,G
2-PB1,570,2333,0,6,0,2339,A
2-PB1,571,1,2,2404,0,2407,G
2-PB1,572,0,2382,0,0,2382,T
2-PB1,573,2411,0,1,0,2412,A
2-PB1,574,2407,0,4,0,2411,A
2-PB1,575,0,5,2394,0,2399,G
2-PB1,576,0,5,2398,0,2403,G
2-PB1,577,0,9,2397,0,2406,G
2-PB1,578,2400,0,1,0,2401,A
2-PB1,579,1,0,0,2393,2394,C
2-PB1,580,2355,0,1,0,2356,A
2-PB1,581,2366,1,1,0,2368,A
2-PB1,582,2,0,0,2352,2354,C
2-PB1,583,2357,0,0,0,2357,A
2-PB1,584,0,2310,0,0,2310,T
2-PB1,585,0,20,2288,0,2308,G
2-PB1,586,2307,0,2,0,2309,A
2-PB1,587,1,0,0,2282,2283,C
2-PB1,588,11,0,0,2273,2284,C
2-PB1,589,2299,1,0,0,2300,A
2-PB1,590,2304,0,1,0,2305,A
2-PB1,591,0,10,2309,0,2319,G
2-PB1,592,2317,0,0,0,2317,A
2-PB1,593,2327,0,1,0,2328,A
2-PB1,594,2305,0,2,0,2307,A
2-PB1,595,2304,0,0,0,2304,A
2-PB1,596,0,2291,0,0,2291,T
2-PB1,597,1,6,2297,0,2304,G
2-PB1,598,0,2,2297,0,2299,G
2-PB1,599,0,2270,0,1,2271,T
2-PB1,600,13,1,0,2263,2277,C
2-PB1,601,2286,0,1,1,2288,A
2-PB1,602,1,0,0,2366,2367,C
2-PB1,603,2410,0,1,0,2411,A
2-PB1,604,0,0,0,2404,2404,C
2-PB1,605,2405,0,0,0,2405,A
2-PB1,606,2451,0,0,0,2451,A
2-PB1,607,2435,0,1,1,2437,A
2-PB1,608,0,10,2563,0,2573,G
2-PB1,609,2567,0,1,0,2568,A
2-PB1,610,2586,0,1,0,2587,A
2-PB1,611,1,0,0,2651,2652,C
2-PB1,612,2595,0,0,0,2595,A
2-PB1,613,2593,0,1,0,2594,A
2-PB1,614,0,2576,0,0,2576,T
2-PB1,615,2567,0,3,0,2570,A
2-PB1,616,1,9,2551,0,2561,G
2-PB1,617,0,6,2467,1,2474,G
2-PB1,618,0,5,2485,0,2490,G
2-PB1,619,2483,1,0,0,2484,A
2-PB1,620,2472,0,1,0,2473,A
2-PB1,621,0,9,2477,0,2486,G
2-PB1,622,2492,0,1,0,2493,A
2-PB1,623,2503,0,0,0,2503,A
2-PB1,624,2516,0,0,0,2516,A
2-PB1,625,2519,0,0,0,2519,A
2-PB1,626,2558,0,1,1,2560,A
2-PB1,627,2566,0,0,0,2566,A
2-PB1,628,1,0,0,2565,2566,C
2-PB1,629,2568,0,0,0,2568,A
2-PB1,630,2562,0,1,0,2563,A
2-PB1,631,2553,0,1,0,2554,A
2-PB1,632,0,12,2565,0,2577,G
2-PB1,633,2591,0,1,0,2592,A
2-PB1,634,0,1,2657,0,2658,G
2-PB1,635,0,2586,1,1,2588,T
2-PB1,636,0,21,2957,0,2978,G
2-PB1,637,2983,0,2,0,2985,A
2-PB1,638,3003,0,0,0,3003,A
2-PB1,639,0,3022,0,0,3022,T
2-PB1,640,3053,0,0,0,3053,A
2-PB1,641,3043,0,1,0,3044,A
2-PB1,642,0,13,3033,0,3046,G
2-PB1,643,2973,0,13,0,2986,A
2-PB1,644,0,5,3006,0,3011,G
2-PB1,645,2849,0,2,0,2851,A
2-PB1,646,0,5,2854,0,2859,G
2-PB1,647,1,1,2815,0,2817,G
2-PB1,648,1,1,0,2819,2821,C
2-PB1,649,0,2809,1,4,2814,T
2-PB1,650,2871,1,0,0,2872,A
2-PB1,651,1,0,0,2891,2892,C
2-PB1,652,5,0,0,2884,2889,C
2-PB1,653,1,2923,0,2,2926,T
2-PB1,654,3022,0,0,0,3022,A
2-PB1,655,3028,0,0,0,3028,A
2-PB1,656,0,3022,0,2,3024,T
2-PB1,657,3031,0,1,0,3032,A
2-PB1,658,3027,1,0,0,3028,A
2-PB1,659,2968,0,0,0,2968,A
2-PB1,660,2987,0,5,0,2992,A
2-PB1,661,0,1,2991,0,2992,G
2-PB1,662,0,0,0,2992,2992,C
2-PB1,663,0,2953,0,0,2953,T
2-PB1,664,1,2975,0,0,2976,T
2-PB1,665,0,2981,0,1,2982,T
2-PB1,666,2,14,2960,0,2976,G
2-PB1,667,3031,0,0,0,3031,A
2-PB1,668,0,0,0,3040,3040,C
2-PB1,669,3060,0,0,0,3060,A
2-PB1,670,1,3017,0,2,3020,T
2-PB1,671,0,3025,0,1,3026,T
2-PB1,672,0,22,3054,0,3076,G
2-PB1,673,3074,0,1,0,3075,A
2-PB1,674,3066,0,5,1,3072,A
2-PB1,675,0,0,0,3068,3068,C
2-PB1,676,3065,0,0,0,3065,A
2-PB1,677,0,2,0,3066,3068,C
2-PB1,678,0,8,3043,0,3051,G
2-PB1,679,3051,0,1,0,3052,A
2-PB1,680,0,3066,0,1,3067,T
2-PB1,681,0,26,3088,0,3114,G
2-PB1,682,3080,1,2,0,3083,A
2-PB1,683,1,0,0,3086,3087,C
2-PB1,684,14,1,0,3080,3095,C
2-PB1,685,3110,0,0,0,3110,A
2-PB1,686,3118,2,0,0,3120,A
2-PB1,687,3128,1,2,0,3131,A
2-PB1,688,0,8,3180,0,3188,G
2-PB1,689,3191,0,1,1,3193,A
2-PB1,690,0,3148,0,1,3149,T
2-PB1,691,1,0,3167,0,3168,G
2-PB1,692,2,0,0,3146,3148,C
2-PB1,693,3152,1,3,0,3156,A
2-PB1,694,0,6,3160,0,3166,G
2-PB1,695,3130,0,1,0,3131,A
2-PB1,696,0,10,3130,1,3141,G
2-PB1,697,3071,0,0,0,3071,A
2-PB1,698,0,4,3057,0,3061,G
2-PB1,699,3041,0,1,0,3042,A
2-PB1,700,1,9,3030,0,3040,G
2-PB1,701,0,4,3017,0,3021,G
2-PB1,702,2,1,0,3036,3039,C
2-PB1,703,3046,0,0,0,3046,A
2-PB1,704,3045,0,0,0,3045,A
2-PB1,705,3052,0,0,0,3052,A
2-PB1,706,0,3044,0,0,3044,T
2-PB1,707,0,3049,0,0,3049,T
2-PB1,708,3058,2,0,0,3060,A
2-PB1,709,3053,0,0,0,3053,A
2-PB1,710,3061,0,1,0,3062,A
2-PB1,711,3069,0,1,0,3070,A
2-PB1,712,3057,0,0,0,3057,A
2-PB1,713,0,7,3044,0,3051,G
2-PB1,714,3023,0,1,0,3024,A
2-PB1,715,3027,0,0,0,3027,A
2-PB1,716,1,5,3044,0,3050,G
2-PB1,717,0,8,3081,0,3089,G
2-PB1,718,0,2,3071,1,3074,G
2-PB1,719,1,1,0,3106,3108,C
2-PB1,720,0,3111,0,0,3111,T
2-PB1,721,3132,0,0,0,3132,A
2-PB1,722,0,3143,0,0,3143,T
2-PB1,723,0,3147,0,0,3147,T
2-PB1,724,2,0,3145,0,3147,G
2-PB1,725,3,2,0,3127,3132,C
2-PB1,726,3090,0,1,0,3091,A
2-PB1,727,3085,0,1,0,3086,A
2-PB1,728,2,0,0,3072,3074,C
2-PB1,729,3047,0,0,0,3047,A
2-PB1,730,3,0,0,3072,3075,C
2-PB1,731,5,1,0,3007,3013,C
2-PB1,732,8,0,0,3024,3032,C
2-PB1,733,1,6,3023,1,3031,G
2-PB1,734,1,7,3032,0,3040,G
2-PB1,735,0,3,3028,0,3031,G
2-PB1,736,3050,0,1,0,3051,A
2-PB1,737,0,3037,0,1,3038,T
2-PB1,738,1,0,3052,0,3053,G
2-PB1,739,1,0,0,3040,3041,C
2-PB1,740,3091,1,0,0,3092,A
2-PB1,741,3138,0,0,0,3138,A
2-PB1,742,3170,0,0,0,3170,A
2-PB1,743,1,3162,0,1,3164,T
2-PB1,744,0,3156,0,1,3157,T
2-PB1,745,3142,0,0,0,3142,A
2-PB1,746,1,4,3137,0,3142,G
2-PB1,747,3120,0,4,0,3124,A
2-PB1,748,1,6,3143,0,3150,G
2-PB1,749,0,7,3075,0,3082,G
2-PB1,750,0,1,3138,0,3139,G
2-PB1,751,0,3101,0,1,3102,T
2-PB1,752,0,3128,0,0,3128,T
2-PB1,753,16,1,0,3113,3130,C
2-PB1,754,1,0,3164,0,3165,G
2-PB1,755,0,3156,0,2,3158,T
2-PB1,756,3,0,3159,0,3162,G
2-PB1,757,0,3151,0,2,3153,T
2-PB1,758,3128,0,1,0,3129,A
2-PB1,759,0,1,0,3120,3121,C
2-PB1,760,0,2990,0,1,2991,T
2-PB1,761,0,3010,0,1,3011,T
2-PB1,762,5,0,0,3017,3022,C
2-PB1,763,1,0,3015,0,3016,G
2-PB1,764,0,3014,0,2,3016,T
2-PB1,765,0,3016,0,1,3017,T
2-PB1,766,0,12,3011,0,3023,G
2-PB1,767,3003,0,0,0,3003,A
2-PB1,768,3008,0,2,0,3010,A
2-PB1,769,2998,0,2,0,3000,A
2-PB1,770,0,0,0,2989,2989,C
2-PB1,771,5,1,2949,0,2955,G
2-PB1,772,0,2981,1,0,2982,T
2-PB1,773,0,2991,0,0,2991,T
2-PB1,774,3043,0,0,0,3043,A
2-PB1,775,0,1,3053,1,3055,G
2-PB1,776,1,0,0,3066,3067,C
2-PB1,777,0,3060,0,2,3062,T
2-PB1,778,3044,0,2,0,3046,A
2-PB1,779,0,4,3035,0,3039,G
2-PB1,780,3032,0,2,0,3034,A
2-PB1,781,3015,0,0,0,3015,A
2-PB1,782,0,0,3031,0,3031,G
2-PB1,783,1,0,0,2944,2945,C
2-PB1,784,2952,0,0,0,2952,A
2-PB1,785,0,2902,1,0,2903,T
2-PB1,786,0,2913,0,0,2913,T
2-PB1,787,0,2920,0,0,2920,T
2-PB1,788,0,1,2926,0,2927,G
2-PB1,789,0,4,0,2897,2901,C
2-PB1,790,0,7,2925,0,2932,G
2-PB1,791,2917,0,1,0,2918,A
2-PB1,792,2903,0,0,0,2903,A
2-PB1,793,2911,0,0,0,2911,A
2-PB1,794,2961,0,0,0,2961,A
2-PB1,795,0,0,2973,0,2973,G
2-PB1,796,2,0,0,2980,2982,C
2-PB1,797,0,2999,1,1,3001,T
2-PB1,798,0,3002,0,0,3002,T
2-PB1,799,1,18,2989,0,3008,G
2-PB1,800,2997,0,2,0,2999,A
2-PB1,801,3002,0,0,0,3002,A
2-PB1,802,0,0,0,3012,3012,C
2-PB1,803,2948,0,1,0,2949,A
2-PB1,804,0,0,3146,0,3146,G
2-PB1,805,0,3102,0,0,3102,T
2-PB1,806,12,1,0,3102,3115,C
2-PB1,807,0,3113,0,3,3116,T
2-PB1,808,1,8,3116,0,3125,G
2-PB1,809,0,11,3100,0,3111,G
2-PB1,810,3103,1,4,0,3108,A
2-PB1,811,0,0,0,3131,3131,C
2-PB1,812,0,3016,0,0,3016,T
2-PB1,813,0,2851,0,2,2853,T
2-PB1,814,4,0,0,2845,2849,C
2-PB1,815,3,2,0,2852,2857,C
2-PB1,816,1,1,2880,0,2882,G
2-PB1,817,0,1,2881,0,2882,G
2-PB1,818,0,2855,0,0,2855,T
2-PB1,819,0,2868,0,0,2868,T
2-PB1,820,0,7,2859,1,2867,G
2-PB1,821,0,5,2854,0,2859,G
2-PB1,822,0,10,2865,0,2875,G
2-PB1,823,0,8,2873,0,2881,G
2-PB1,824,4,2,2889,0,2895,G
2-PB1,825,1,2847,0,1,2849,T
2-PB1,826,2864,1,0,0,2865,A
2-PB1,827,2875,0,0,0,2875,A
2-PB1,828,0,2883,0,1,2884,T
2-PB1,829,0,11,2874,0,2885,G
2-PB1,830,2845,1,0,0,2846,A
2-PB1,831,2827,0,0,0,2827,A
2-PB1,832,2829,0,0,0,2829,A
2-PB1,833,2811,0,0,0,2811,A
2-PB1,834,2,6,2804,0,2812,G
2-PB1,835,2801,0,1,0,2802,A
2-PB1,836,2777,1,3,1,2782,A
2-PB1,837,0,4,2783,0,2787,G
2-PB1,838,1,2,2768,0,2771,G
2-PB1,839,0,0,0,2756,2756,C
2-PB1,840,13,1,0,2756,2770,C
2-PB1,841,2781,0,1,2,2784,A
2-PB1,842,2790,0,1,0,2791,A
2-PB1,843,2781,0,0,0,2781,A
2-PB1,844,1,1,0,2794,2796,C
2-PB1,845,0,2785,0,1,2786,T
2-PB1,846,1,6,2798,0,2805,G
2-PB1,847,4,2,2786,0,2792,G
2-PB1,848,2,0,0,2800,2802,C
2-PB1,849,2811,0,1,0,2812,A
2-PB1,850,2805,0,3,0,2808,A
2-PB1,851,2804,0,1,0,2805,A
2-PB1,852,0,2813,0,1,2814,T
2-PB1,853,2,1,2818,0,2821,G
2-PB1,854,0,2804,0,0,2804,T
2-PB1,855,0,2745,0,2,2747,T
2-PB1,856,0,0,2744,0,2744,G
2-PB1,857,0,2731,1,0,2732,T
2-PB1,858,0,10,2734,0,2744,G
2-PB1,859,2737,0,0,0,2737,A
2-PB1,860,0,5,2748,0,2753,G
2-PB1,861,2753,0,2,0,2755,A
2-PB1,862,2729,0,1,0,2730,A
2-PB1,863,2729,0,0,0,2729,A
2-PB1,864,2737,0,1,0,2738,A
2-PB1,865,2741,0,0,0,2741,A
2-PB1,866,1,2721,0,0,2722,T
2-PB1,867,2,11,2729,0,2742,G
2-PB1,868,2737,0,2,0,2739,A
2-PB1,869,0,2698,0,0,2698,T
2-PB1,870,0,13,2706,0,2719,G
2-PB1,871,2694,0,2,1,2697,A
2-PB1,872,0,0,0,2711,2711,C
2-PB1,873,1,2703,0,0,2704,T
2-PB1,874,2709,0,0,0,2709,A
2-PB1,875,2726,0,0,0,2726,A
2-PB1,876,0,2712,0,0,2712,T
2-PB1,877,0,2712,1,1,2714,T
2-PB1,878,17,1,0,2728,2746,C
2-PB1,879,2730,0,1,0,2731,A
2-PB1,880,1,2,0,2738,2741,C
2-PB1,881,2718,1,1,0,2720,A
2-PB1,882,2703,0,4,0,2707,A
2-PB1,883,1,9,2720,0,2730,G
2-PB1,884,2748,1,4,0,2753,A
2-PB1,885,1,10,0,2728,2739,C
2-PB1,886,2718,1,2,0,2721,A
2-PB1,887,0,0,0,2717,2717,C
2-PB1,888,2689,0,0,0,2689,A
2-PB1,889,0,10,2694,0,2704,G
2-PB1,890,2686,0,3,0,2689,A
2-PB1,891,0,0,2695,0,2695,G
2-PB1,892,1,1,0,2647,2649,C
2-PB1,893,0,2607,0,5,2612,T
2-PB1,894,0,2656,0,0,2656,T
2-PB1,895,0,2635,0,0,2635,T
2-PB1,896,3,0,0,2643,2646,C
2-PB1,897,0,2651,0,0,2651,T
2-PB1,898,0,2623,0,0,2623,T
2-PB1,899,0,2631,0,1,2632,T
2-PB1,900,8,1,0,2624,2633,C
2-PB1,901,2610,0,2,1,2613,A
2-PB1,902,3,1,0,2636,2640,C
2-PB1,903,2609,0,1,0,2610,A
2-PB1,904,2612,0,0,0,2612,A
2-PB1,905,0,2619,0,0,2619,T
2-PB1,906,12,2,0,2647,2661,C
2-PB1,907,2661,2,0,0,2663,A
2-PB1,908,1,3,0,2686,2690,C
2-PB1,909,0,2659,0,0,2659,T
2-PB1,910,0,4,2679,0,2683,G
2-PB1,911,0,8,2648,1,2657,G
2-PB1,912,0,5,2730,1,2736,G
2-PB1,913,1,8,2706,1,2716,G
2-PB1,914,2670,0,2,0,2672,A
2-PB1,915,0,1,0,2575,2576,C
2-PB1,916,2616,0,1,0,2617,A
2-PB1,917,2742,0,1,0,2743,A
2-PB1,918,2,0,0,2770,2772,C
2-PB1,919,2730,0,1,0,2731,A
2-PB1,920,1,0,0,2747,2748,C
2-PB1,921,1,2616,0,0,2617,T
2-PB1,922,2630,0,0,0,2630,A
2-PB1,923,2618,0,2,0,2620,A
2-PB1,924,1,1,2629,0,2631,G
2-PB1,925,0,2594,0,0,2594,T
2-PB1,926,0,9,2436,0,2445,G
2-PB1,927,0,7,2401,1,2409,G
2-PB1,928,2403,1,0,1,2405,A
2-PB1,929,2411,0,1,0,2412,A
2-PB1,930,0,2410,0,1,2411,T
2-PB1,931,2,11,2400,0,2413,G
2-PB1,932,2402,0,0,0,2402,A
2-PB1,933,2374,0,0,0,2374,A
2-PB1,934,2384,0,0,0,2384,A
2-PB1,935,2402,0,0,0,2402,A
2-PB1,936,0,2348,0,0,2348,T
2-PB1,937,18,1,0,2367,2386,C
2-PB1,938,2386,1,1,0,2388,A
2-PB1,939,2380,0,0,0,2380,A
2-PB1,940,2368,0,1,0,2369,A
2-PB1,941,2353,0,1,0,2354,A
2-PB1,942,2,0,0,2366,2368,C
2-PB1,943,9,0,0,2336,2345,C
2-PB1,944,4,0,0,2337,2341,C
2-PB1,945,0,2327,0,3,2330,T
2-PB1,946,6,1,0,2341,2348,C
2-PB1,947,1,10,2347,0,2358,G
2-PB1,948,2342,0,0,0,2342,A
2-PB1,949,2340,0,1,0,2341,A
2-PB1,950,0,2343,0,0,2343,T
2-PB1,951,0,1,2357,0,2358,G
2-PB1,952,0,2329,1,1,2331,T
2-PB1,953,0,2321,0,2,2323,T
2-PB1,954,0,2325,0,1,2326,T
2-PB1,955,0,2324,0,0,2324,T
2-PB1,956,0,2330,0,0,2330,T
2-PB1,957,1,4,2321,0,2326,G
2-PB1,958,0,2,2317,0,2319,G
2-PB1,959,3,0,0,2299,2302,C
2-PB1,960,2,4,2276,0,2282,G
2-PB1,961,2282,0,1,0,2283,A
2-PB1,962,0,2315,0,1,2316,T
2-PB1,963,0,8,2361,0,2369,G
2-PB1,964,2454,0,1,0,2455,A
2-PB1,965,0,2448,0,1,2449,T
2-PB1,966,0,2450,0,1,2451,T
2-PB1,967,2469,0,0,0,2469,A
2-PB1,968,0,4,0,2471,2475,C
2-PB1,969,2491,0,1,0,2492,A
2-PB1,970,1,2475,0,1,2477,T
2-PB1,971,2336,0,2,0,2338,A
2-PB1,972,1,1,0,2351,2353,C
2-PB1,973,2119,0,0,0,2119,A
2-PB1,974,1,2106,0,0,2107,T
2-PB1,975,5,0,0,2108,2113,C
2-PB1,976,2095,0,0,0,2095,A
2-PB1,977,0,0,0,2099,2099,C
2-PB1,978,2089,0,0,0,2089,A
2-PB1,979,2094,0,0,0,2094,A
2-PB1,980,2088,0,0,0,2088,A
2-PB1,981,0,2,1994,0,1996,G
2-PB1,982,2080,0,0,0,2080,A
2-PB1,983,2076,0,2,0,2078,A
2-PB1,984,0,2070,0,0,2070,T
2-PB1,985,9,0,0,2076,2085,C
2-PB1,986,2085,1,2,0,2088,A
2-PB1,987,2085,0,0,0,2085,A
2-PB1,988,0,0,0,2093,2093,C
2-PB1,989,3,0,0,2088,2091,C
2-PB1,990,0,1971,0,0,1971,T
2-PB1,991,1,5,1991,0,1997,G
2-PB1,992,1971,0,1,0,1972,A
2-PB1,993,0,0,1977,0,1977,G
2-PB1,994,0,1956,1,0,1957,T
2-PB1,995,0,8,1914,0,1922,G
2-PB1,996,0,1,1992,1,1994,G
2-PB1,997,0,1979,0,0,1979,T
2-PB1,998,0,1974,0,4,1978,T
2-PB1,999,10,1,0,1974,1985,C
2-PB1,1000,1955,0,1,0,1956,A
2-PB1,1001,1,4,1982,0,1987,G
2-PB1,1002,1977,0,0,0,1977,A
2-PB1,1003,1987,0,1,0,1988,A
2-PB1,1004,1970,0,2,0,1972,A
2-PB1,1005,0,1,0,1773,1774,C
2-PB1,1006,1778,0,1,0,1779,A
2-PB1,1007,0,1747,0,0,1747,T
2-PB1,1008,2,0,0,1786,1788,C
2-PB1,1009,4,0,0,1797,1801,C
2-PB1,1010,1,1744,0,2,1747,T
2-PB1,1011,0,7,1729,1,1737,G
2-PB1,1012,1730,1,0,0,1731,A
2-PB1,1013,0,2,1747,0,1749,G
2-PB1,1014,1,0,0,1727,1728,C
2-PB1,1015,1675,0,0,0,1675,A
2-PB1,1016,0,1662,0,0,1662,T
2-PB1,1017,7,2,0,1655,1664,C
2-PB1,1018,0,0,1670,0,1670,G
2-PB1,1019,0,1,0,1703,1704,C
2-PB1,1020,1728,0,0,0,1728,A
2-PB1,1021,0,1,0,1745,1746,C
2-PB1,1022,5,1,0,1754,1760,C
2-PB1,1023,1759,0,0,1,1760,A
2-PB1,1024,1781,0,1,0,1782,A
2-PB1,1025,0,1773,0,0,1773,T
2-PB1,1026,1785,0,0,0,1785,A
2-PB1,1027,1776,0,0,0,1776,A
2-PB1,1028,0,1721,0,1,1722,T
2-PB1,1029,0,1,1726,0,1727,G
2-PB1,1030,0,1685,0,0,1685,T
2-PB1,1031,0,1667,0,0,1667,T
2-PB1,1032,14,0,0,1670,1684,C
2-PB1,1033,0,1668,0,1,1669,T
2-PB1,1034,6,0,0,1687,1693,C
2-PB1,1035,1693,0,2,0,1695,A
2-PB1,1036,1696,0,0,0,1696,A
2-PB1,1037,1699,0,0,0,1699,A
2-PB1,1038,0,1,0,1691,1692,C
2-PB1,1039,1700,0,0,0,1700,A
2-PB1,1040,1695,0,0,0,1695,A
2-PB1,1041,1686,0,1,0,1687,A
2-PB1,1042,1687,0,0,0,1687,A
2-PB1,1043,0,1695,0,0,1695,T
2-PB1,1044,1,7,1689,0,1697,G
2-PB1,1045,0,1,1683,0,1684,G
2-PB1,1046,0,0,0,1689,1689,C
2-PB1,1047,1684,0,2,0,1686,A
2-PB1,1048,1690,0,0,0,1690,A
2-PB1,1049,0,3,1687,0,1690,G
2-PB1,1050,1679,0,0,0,1679,A
2-PB1,1051,0,1666,0,0,1666,T
2-PB1,1052,0,1711,0,1,1712,T
2-PB1,1053,0,3,1721,0,1724,G
2-PB1,1054,0,1,1712,0,1713,G
2-PB1,1055,0,8,1712,0,1720,G
2-PB1,1056,1732,0,0,0,1732,A
2-PB1,1057,1726,0,0,0,1726,A
2-PB1,1058,1726,0,0,0,1726,A
2-PB1,1059,1701,1,2,1,1705,A
2-PB1,1060,0,5,1751,0,1756,G
2-PB1,1061,0,6,1759,0,1765,G
2-PB1,1062,1764,0,2,0,1766,A
2-PB1,1063,0,1765,0,0,1765,T
2-PB1,1064,1768,0,0,0,1768,A
2-PB1,1065,0,0,0,1764,1764,C
2-PB1,1066,1780,0,0,0,1780,A
2-PB1,1067,0,1779,0,0,1779,T
2-PB1,1068,2,0,1783,0,1785,G
2-PB1,1069,1,1739,0,0,1740,T
2-PB1,1070,0,1750,0,2,1752,T
2-PB1,1071,10,0,0,1737,1747,C
2-PB1,1072,0,4,1754,0,1758,G
2-PB1,1073,1742,0,0,0,1742,A
2-PB1,1074,0,8,1780,0,1788,G
2-PB1,1075,1756,0,0,0,1756,A
2-PB1,1076,0,0,1781,0,1781,G
2-PB1,1077,0,1763,0,0,1763,T
2-PB1,1078,1773,0,0,0,1773,A
2-PB1,1079,1782,0,0,0,1782,A
2-PB1,1080,0,8,1780,0,1788,G
2-PB1,1081,1788,0,0,0,1788,A
2-PB1,1082,0,3,1800,0,1803,G
2-PB1,1083,1758,0,1,0,1759,A
2-PB1,1084,1783,0,0,1,1784,A
2-PB1,1085,0,1762,0,1,1763,T
2-PB1,1086,0,3,1756,0,1759,G
2-PB1,1087,1757,0,2,0,1759,A
2-PB1,1088,1741,0,1,0,1742,A
2-PB1,1089,1,3,1743,0,1747,G
2-PB1,1090,2,0,0,1743,1745,C
2-PB1,1091,0,1696,0,1,1697,T
2-PB1,1092,4,0,0,1716,1720,C
2-PB1,1093,4,0,1,1717,1722,C
2-PB1,1094,1,3,1721,0,1725,G
2-PB1,1095,1,5,1725,0,1731,G
2-PB1,1096,1739,0,1,0,1740,A
2-PB1,1097,1,1,0,1758,1760,C
2-PB1,1098,1747,0,1,0,1748,A
2-PB1,1099,0,2,0,1781,1783,C
2-PB1,1100,1786,0,1,0,1787,A
2-PB1,1101,1779,0,0,0,1779,A
2-PB1,1102,1773,0,1,0,1774,A
2-PB1,1103,0,1773,0,0,1773,T
2-PB1,1104,1773,1,0,0,1774,A
2-PB1,1105,1,1,0,1780,1782,C
2-PB1,1106,3,1,0,1774,1778,C
2-PB1,1107,0,1765,0,1,1766,T
2-PB1,1108,0,0,1782,0,1782,G
2-PB1,1109,0,1,0,1785,1786,C
2-PB1,1110,1788,0,0,0,1788,A
2-PB1,1111,0,2,1788,0,1790,G
2-PB1,1112,1779,0,0,0,1779,A
2-PB1,1113,1787,0,0,0,1787,A
2-PB1,1114,1789,0,1,0,1790,A
2-PB1,1115,0,1781,0,0,1781,T
2-PB1,1116,0,2,1780,1,1783,G
2-PB1,1117,1,0,0,1771,1772,C
2-PB1,1118,0,1774,0,1,1775,T
2-PB1,1119,1788,0,0,1,1789,A
2-PB1,1120,0,1,1784,0,1785,G
2-PB1,1121,0,0,0,1787,1787,C
2-PB1,1122,1795,0,0,0,1795,A
2-PB1,1123,1780,0,1,1,1782,A
2-PB1,1124,0,0,1763,0,1763,G
2-PB1,1125,0,0,0,1760,1760,C
2-PB1,1126,1750,0,0,0,1750,A
2-PB1,1127,0,1767,0,1,1768,T
2-PB1,1128,0,1777,0,0,1777,T
2-PB1,1129,0,6,1822,0,1828,G
2-PB1,1130,1839,0,1,0,1840,A
2-PB1,1131,0,0,0,1834,1834,C
2-PB1,1132,5,0,0,1849,1854,C
2-PB1,1133,1,1809,2,2,1814,T
2-PB1,1134,1,2,1849,0,1852,G
2-PB1,1135,1854,1,0,1,1856,A
2-PB1,1136,1851,0,1,0,1852,A
2-PB1,1137,0,1,1875,0,1876,G
2-PB1,1138,0,1801,0,2,1803,T
2-PB1,1139,1823,0,2,0,1825,A
2-PB1,1140,0,1810,0,0,1810,T
2-PB1,1141,0,1808,0,2,1810,T
2-PB1,1142,0,1806,0,1,1807,T
2-PB1,1143,5,1,0,1784,1790,C
2-PB1,1144,1781,0,0,0,1781,A
2-PB1,1145,1783,0,1,0,1784,A
2-PB1,1146,0,1760,0,0,1760,T
2-PB1,1147,2,7,1759,0,1768,G
2-PB1,1148,1756,0,0,0,1756,A
2-PB1,1149,1763,0,0,0,1763,A
2-PB1,1150,0,1730,0,0,1730,T
2-PB1,1151,7,0,0,1745,1752,C
2-PB1,1152,1764,0,0,0,1764,A
2-PB1,1153,1763,0,1,0,1764,A
2-PB1,1154,0,0,0,1761,1761,C
2-PB1,1155,1752,0,1,0,1753,A
2-PB1,1156,1743,0,0,0,1743,A
2-PB1,1157,0,4,1740,0,1744,G
2-PB1,1158,1,9,1728,0,1738,G
2-PB1,1159,1741,0,0,0,1741,A
2-PB1,1160,1738,0,0,1,1739,A
2-PB1,1161,0,6,1736,1,1743,G
2-PB1,1162,1739,0,1,0,1740,A
2-PB1,1163,1739,0,0,0,1739,A
2-PB1,1164,1741,0,0,0,1741,A
2-PB1,1165,1738,0,1,0,1739,A
2-PB1,1166,0,1731,0,1,1732,T
2-PB1,1167,0,1728,0,0,1728,T
2-PB1,1168,1,11,1710,1,1723,G
2-PB1,1169,1720,0,0,0,1720,A
2-PB1,1170,1728,0,1,0,1729,A
2-PB1,1171,1729,0,0,0,1729,A
2-PB1,1172,1746,0,1,0,1747,A
2-PB1,1173,1765,0,0,0,1765,A
2-PB1,1174,1772,0,1,0,1773,A
2-PB1,1175,0,1755,0,0,1755,T
2-PB1,1176,1767,0,0,0,1767,A
2-PB1,1177,1767,0,1,0,1768,A
2-PB1,1178,0,5,1768,0,1773,G
2-PB1,1179,0,0,1773,0,1773,G
2-PB1,1180,0,0,0,1754,1754,C
2-PB1,1181,4,0,0,1748,1752,C
2-PB1,1182,0,1732,0,1,1733,T
2-PB1,1183,2,0,0,1912,1914,C
2-PB1,1184,1,1944,0,0,1945,T
2-PB1,1185,0,1954,0,0,1954,T
2-PB1,1186,0,0,0,1990,1990,C
2-PB1,1187,0,1979,0,0,1979,T
2-PB1,1188,1996,0,0,0,1996,A
2-PB1,1189,1988,0,0,0,1988,A
2-PB1,1190,1,1986,0,0,1987,T
2-PB1,1191,2007,0,1,0,2008,A
2-PB1,1192,2,2,1963,0,1967,G
2-PB1,1193,1845,0,0,0,1845,A
2-PB1,1194,0,1839,0,0,1839,T
2-PB1,1195,0,11,1782,0,1793,G
2-PB1,1196,0,2,1813,0,1815,G
2-PB1,1197,0,1,0,1830,1831,C
2-PB1,1198,1838,0,1,0,1839,A
2-PB1,1199,0,0,0,1836,1836,C
2-PB1,1200,1816,0,1,0,1817,A
2-PB1,1201,0,1,1873,0,1874,G
2-PB1,1202,2,0,0,1864,1866,C
2-PB1,1203,1877,0,0,0,1877,A
2-PB1,1204,0,1904,0,0,1904,T
2-PB1,1205,6,0,0,1887,1893,C
2-PB1,1206,1908,0,0,0,1908,A
2-PB1,1207,0,1903,0,1,1904,T
2-PB1,1208,0,1892,0,3,1895,T
2-PB1,1209,2,10,1881,0,1893,G
2-PB1,1210,1836,0,0,1,1837,A
2-PB1,1211,0,1,1882,0,1883,G
2-PB1,1212,0,0,0,1884,1884,C
2-PB1,1213,5,0,1,1856,1862,C
2-PB1,1214,2,0,0,1908,1910,C
2-PB1,1215,1,1894,0,2,1897,T
2-PB1,1216,0,3,2068,0,2071,G
2-PB1,1217,0,4,2099,0,2103,G
2-PB1,1218,2087,0,2,0,2089,A
2-PB1,1219,2170,0,0,0,2170,A
2-PB1,1220,0,2132,0,0,2132,T
2-PB1,1221,0,5,2193,0,2198,G
2-PB1,1222,2224,0,2,0,2226,A
2-PB1,1223,0,2232,0,0,2232,T
2-PB1,1224,1,3,2244,0,2248,G
2-PB1,1225,2212,0,0,0,2212,A
2-PB1,1226,0,2207,0,0,2207,T
2-PB1,1227,1,7,2190,0,2198,G
2-PB1,1228,1,3,2215,0,2219,G
2-PB1,1229,0,0,2224,0,2224,G
2-PB1,1230,0,1,0,2221,2222,C
2-PB1,1231,2231,0,0,0,2231,A
2-PB1,1232,0,2245,0,2,2247,T
2-PB1,1233,0,2,2321,0,2323,G
2-PB1,1234,0,2314,0,2,2316,T
2-PB1,1235,0,2322,0,1,2323,T
2-PB1,1236,14,1,1,2335,2351,C
2-PB1,1237,2337,0,0,0,2337,A
2-PB1,1238,2341,0,1,0,2342,A
2-PB1,1239,0,0,0,2343,2343,C
2-PB1,1240,2366,0,0,0,2366,A
2-PB1,1241,0,2373,0,0,2373,T
2-PB1,1242,0,0,2406,0,2406,G
2-PB1,1243,0,0,0,2400,2400,C
2-PB1,1244,0,2420,0,1,2421,T
2-PB1,1245,2451,0,0,0,2451,A
2-PB1,1246,2444,0,1,0,2445,A
2-PB1,1247,0,2,2498,0,2500,G
2-PB1,1248,0,2484,0,0,2484,T
2-PB1,1249,2489,1,0,0,2490,A
2-PB1,1250,0,2,0,2504,2506,C
2-PB1,1251,1,11,2512,0,2524,G
2-PB1,1252,0,0,2689,0,2689,G
2-PB1,1253,0,2653,0,0,2653,T
2-PB1,1254,0,2665,0,0,2665,T
2-PB1,1255,0,2668,0,0,2668,T
2-PB1,1256,0,2658,0,0,2658,T
2-PB1,1257,2674,1,1,0,2676,A
2-PB1,1258,0,3,2650,0,2653,G
2-PB1,1259,1,7,2638,0,2646,G
2-PB1,1260,2620,0,1,0,2621,A
2-PB1,1261,1,0,2618,0,2619,G
2-PB1,1262,0,2619,0,3,2622,T
2-PB1,1263,8,2,0,2609,2619,C
2-PB1,1264,0,2627,1,1,2629,T
2-PB1,1265,10,1,0,2626,2637,C
2-PB1,1266,2,10,2621,0,2633,G
2-PB1,1267,2607,0,0,0,2607,A
2-PB1,1268,0,2609,0,4,2613,T
2-PB1,1269,10,1,0,2582,2593,C
2-PB1,1270,7,3,0,2697,2707,C
2-PB1,1271,1,2710,0,3,2714,T
2-PB1,1272,0,10,2711,0,2721,G
2-PB1,1273,2711,0,0,0,2711,A
2-PB1,1274,2751,1,0,0,2752,A
2-PB1,1275,0,2757,0,0,2757,T
2-PB1,1276,6,1,1,2709,2717,C
2-PB1,1277,0,2712,0,0,2712,T
2-PB1,1278,0,2706,0,3,2709,T
2-PB1,1279,4,6,2700,0,2710,G
2-PB1,1280,0,8,2687,0,2695,G
2-PB1,1281,2685,0,5,0,2690,A
2-PB1,1282,2,1,0,2705,2708,C
2-PB1,1283,2689,0,1,0,2690,A
2-PB1,1284,2703,1,2,0,2706,A
2-PB1,1285,2719,0,0,0,2719,A
2-PB1,1286,2728,0,5,1,2734,A
2-PB1,1287,0,2,2779,0,2781,G
2-PB1,1288,2792,0,1,0,2793,A
2-PB1,1289,2798,0,0,0,2798,A
2-PB1,1290,2798,0,2,0,2800,A
2-PB1,1291,0,2792,0,1,2793,T
2-PB1,1292,2805,0,1,0,2806,A
2-PB1,1293,0,0,0,2888,2888,C
2-PB1,1294,2841,0,1,0,2842,A
2-PB1,1295,1,0,1,2883,2885,C
2-PB1,1296,3,0,0,2835,2838,C
2-PB1,1297,2840,0,1,0,2841,A
2-PB1,1298,2868,0,1,0,2869,A
2-PB1,1299,2,8,2932,1,2943,G
2-PB1,1300,2945,0,3,0,2948,A
2-PB1,1301,1,3,0,3013,3017,C
2-PB1,1302,2970,0,0,0,2970,A
2-PB1,1303,3042,0,2,0,3044,A
2-PB1,1304,1,2,0,3056,3059,C
2-PB1,1305,3099,0,1,0,3100,A
2-PB1,1306,0,3107,0,1,3108,T
2-PB1,1307,3079,0,3,0,3082,A
2-PB1,1308,0,0,0,3116,3116,C
2-PB1,1309,0,3071,0,1,3072,T
2-PB1,1310,1,3,3113,0,3117,G
2-PB1,1311,1,0,3104,0,3105,G
2-PB1,1312,1,3046,0,1,3048,T
2-PB1,1313,1,15,3047,0,3063,G
2-PB1,1314,0,8,3037,0,3045,G
2-PB1,1315,1,7,3061,0,3069,G
2-PB1,1316,3054,0,1,0,3055,A
2-PB1,1317,0,3029,0,0,3029,T
2-PB1,1318,0,6,3009,0,3015,G
2-PB1,1319,0,9,2969,0,2978,G
2-PB1,1320,2954,1,3,0,2958,A
2-PB1,1321,1,0,0,3044,3045,C
2-PB1,1322,0,3058,0,0,3058,T
2-PB1,1323,6,1,0,3093,3100,C
2-PB1,1324,5,0,0,3091,3096,C
2-PB1,1325,3096,0,0,0,3096,A
2-PB1,1326,3092,0,0,0,3092,A
2-PB1,1327,0,3077,0,0,3077,T
2-PB1,1328,13,0,1,3047,3061,C
2-PB1,1329,6,0,0,3061,3067,C
2-PB1,1330,0,3049,0,2,3051,T
2-PB1,1331,4,0,0,3049,3053,C
2-PB1,1332,4,3,0,3049,3056,C
2-PB1,1333,1,5,3063,0,3069,G
2-PB1,1334,3053,0,0,0,3053,A
2-PB1,1335,0,3038,0,1,3039,T
2-PB1,1336,1,9,3048,0,3058,G
2-PB1,1337,3064,0,1,0,3065,A
2-PB1,1338,0,3076,0,1,3077,T
2-PB1,1339,0,3056,0,0,3056,T
2-PB1,1340,1,3052,0,0,3053,T
2-PB1,1341,0,3045,0,1,3046,T
2-PB1,1342,3,0,3069,0,3072,G
2-PB1,1343,1,0,0,3067,3068,C
2-PB1,1344,13,0,0,3049,3062,C
2-PB1,1345,14,1,0,3164,3179,C
2-PB1,1346,0,3126,0,5,3131,T
2-PB1,1347,10,0,0,3259,3269,C
2-PB1,1348,3290,0,0,0,3290,A
2-PB1,1349,0,3304,0,1,3305,T
2-PB1,1350,3309,0,0,0,3309,A
2-PB1,1351,0,1,3341,0,3342,G
2-PB1,1352,0,3312,0,1,3313,T
2-PB1,1353,1,11,3321,0,3333,G
2-PB1,1354,3250,0,2,0,3252,A
2-PB1,1355,3245,0,2,0,3247,A
2-PB1,1356,0,3135,0,1,3136,T
2-PB1,1357,1,2,3132,0,3135,G
2-PB1,1358,1,2,0,3169,3172,C
2-PB1,1359,3155,0,2,0,3157,A
2-PB1,1360,1,0,0,3189,3190,C
2-PB1,1361,15,2,0,3162,3179,C
2-PB1,1362,3157,1,2,1,3161,A
2-PB1,1363,3157,0,2,0,3159,A
2-PB1,1364,3147,0,0,0,3147,A
2-PB1,1365,0,3087,0,0,3087,T
2-PB1,1366,21,1,0,3185,3207,C
2-PB1,1367,3201,0,0,0,3201,A
2-PB1,1368,0,3217,0,0,3217,T
2-PB1,1369,2,7,3208,0,3217,G
2-PB1,1370,3222,0,3,1,3226,A
2-PB1,1371,2,11,3234,0,3247,G
2-PB1,1372,2,4,3219,1,3226,G
2-PB1,1373,3,6,3246,0,3255,G
2-PB1,1374,3237,0,5,0,3242,A
2-PB1,1375,3278,0,2,0,3280,A
2-PB1,1376,0,3293,0,0,3293,T
2-PB1,1377,3298,0,2,0,3300,A
2-PB1,1378,1,2,0,3301,3304,C
2-PB1,1379,3331,0,2,0,3333,A
2-PB1,1380,3315,1,6,0,3322,A
2-PB1,1381,0,0,3305,0,3305,G
2-PB1,1382,2,0,0,3287,3289,C
2-PB1,1383,3279,0,0,0,3279,A
2-PB1,1384,0,3,3321,0,3324,G
2-PB1,1385,1,8,3302,0,3311,G
2-PB1,1386,3281,0,1,0,3282,A
2-PB1,1387,0,1,3330,0,3331,G
2-PB1,1388,0,3295,0,0,3295,T
2-PB1,1389,1,10,3319,0,3330,G
2-PB1,1390,9,7,3334,0,3350,G
2-PB1,1391,3338,0,3,0,3341,A
2-PB1,1392,0,3344,0,0,3344,T
2-PB1,1393,3296,0,0,0,3296,A
2-PB1,1394,0,6,3317,0,3323,G
2-PB1,1395,3345,0,0,0,3345,A
2-PB1,1396,0,3335,0,0,3335,T
2-PB1,1397,0,3330,0,1,3331,T
2-PB1,1398,10,0,1,3435,3446,C
2-PB1,1399,0,3435,0,1,3436,T
2-PB1,1400,3441,0,0,0,3441,A
2-PB1,1401,2,2,0,3438,3442,C
2-PB1,1402,3399,0,3,0,3402,A
2-PB1,1403,0,9,3374,0,3383,G
2-PB1,1404,0,17,3329,0,3346,G
2-PB1,1405,3406,0,1,0,3407,A
2-PB1,1406,1,2,0,3404,3407,C
2-PB1,1407,7,1,1,3343,3352,C
2-PB1,1408,2,3330,0,1,3333,T
2-PB1,1409,0,1,3340,0,3341,G
2-PB1,1410,1,0,0,3340,3341,C
2-PB1,1411,3352,0,3,0,3355,A
2-PB1,1412,3367,0,1,1,3369,A
2-PB1,1413,1,1,3375,0,3377,G
2-PB1,1414,0,3351,0,1,3352,T
2-PB1,1415,0,3353,0,0,3353,T
2-PB1,1416,3309,0,1,0,3310,A
2-PB1,1417,1,1,3313,0,3315,G
2-PB1,1418,1,3281,0,1,3283,T
2-PB1,1419,0,12,3270,0,3282,G
2-PB1,1420,0,11,3271,0,3282,G
2-PB1,1421,2,12,3302,0,3316,G
2-PB1,1422,3279,0,2,0,3281,A
2-PB1,1423,3306,0,0,0,3306,A
2-PB1,1424,0,3279,0,3,3282,T
2-PB1,1425,15,3,0,3284,3302,C
2-PB1,1426,3306,0,1,0,3307,A
2-PB1,1427,3324,0,1,0,3325,A
2-PB1,1428,2,0,0,3303,3305,C
2-PB1,1429,3298,1,0,0,3299,A
2-PB1,1430,0,3260,0,0,3260,T
2-PB1,1431,0,19,3243,0,3262,G
2-PB1,1432,3246,0,5,0,3251,A
2-PB1,1433,0,1,3277,0,3278,G
2-PB1,1434,0,1,0,3257,3258,C
2-PB1,1435,3266,0,1,0,3267,A
2-PB1,1436,3258,0,2,0,3260,A
2-PB1,1437,3270,0,1,0,3271,A
2-PB1,1438,3297,0,0,0,3297,A
2-PB1,1439,3296,0,1,0,3297,A
2-PB1,1440,0,5,3277,0,3282,G
2-PB1,1441,3261,0,1,0,3262,A
2-PB1,1442,3225,0,1,0,3226,A
2-PB1,1443,2,1,3338,0,3341,G
2-PB1,1444,1,3318,0,2,3321,T
2-PB1,1445,16,1,0,3318,3335,C
2-PB1,1446,6,1,2,3356,3365,C
2-PB1,1447,0,3351,0,1,3352,T
2-PB1,1448,3398,0,1,1,3400,A
2-PB1,1449,0,3393,0,5,3398,T
2-PB1,1450,3400,0,0,0,3400,A
2-PB1,1451,0,3391,0,3,3394,T
2-PB1,1452,3321,0,0,0,3321,A
2-PB1,1453,3326,0,0,0,3326,A
2-PB1,1454,3321,0,1,0,3322,A
2-PB1,1455,0,3317,0,2,3319,T
2-PB1,1456,3281,0,2,0,3283,A
2-PB1,1457,3269,1,0,0,3270,A
2-PB1,1458,3298,0,0,0,3298,A
2-PB1,1459,3279,0,0,3,3282,A
2-PB1,1460,0,1,0,3289,3290,C
2-PB1,1461,3178,0,0,1,3179,A
2-PB1,1462,1,8,3173,0,3182,G
2-PB1,1463,0,12,3169,0,3181,G
2-PB1,1464,0,10,3162,2,3174,G
2-PB1,1465,3157,0,3,0,3160,A
2-PB1,1466,1,0,0,3201,3202,C
2-PB1,1467,3184,1,0,0,3185,A
2-PB1,1468,0,3204,0,0,3204,T
2-PB1,1469,0,3200,0,4,3204,T
2-PB1,1470,0,3210,0,2,3212,T
2-PB1,1471,0,17,3181,0,3198,G
2-PB1,1472,3161,2,1,0,3164,A
2-PB1,1473,3167,0,3,0,3170,A
2-PB1,1474,0,3176,0,0,3176,T
2-PB1,1475,1,3138,0,0,3139,T
2-PB1,1476,9,2,0,3146,3157,C
2-PB1,1477,3116,1,0,0,3117,A
2-PB1,1478,0,0,0,3123,3123,C
2-PB1,1479,0,3133,0,2,3135,T
2-PB1,1480,3131,1,0,0,3132,A
2-PB1,1481,1,1,3109,0,3111,G
2-PB1,1482,0,1,0,3112,3113,C
2-PB1,1483,0,3088,0,2,3090,T
2-PB1,1484,0,3137,0,1,3138,T
2-PB1,1485,0,3123,0,0,3123,T
2-PB1,1486,0,3131,0,0,3131,T
2-PB1,1487,1,3138,0,0,3139,T
2-PB1,1488,0,3133,0,1,3134,T
2-PB1,1489,0,3123,0,0,3123,T
2-PB1,1490,3100,1,0,0,3101,A
2-PB1,1491,0,3088,0,1,3089,T
2-PB1,1492,13,0,0,3089,3102,C
2-PB1,1493,0,4,3114,0,3118,G
2-PB1,1494,3194,2,0,0,3196,A
2-PB1,1495,1,3194,0,1,3196,T
2-PB1,1496,3212,0,1,0,3213,A
2-PB1,1497,0,3244,0,0,3244,T
2-PB1,1498,1,6,3206,0,3213,G
2-PB1,1499,0,17,3221,0,3238,G
2-PB1,1500,3245,0,2,0,3247,A
2-PB1,1501,0,3207,1,0,3208,T
2-PB1,1502,0,3197,0,2,3199,T
2-PB1,1503,0,3117,0,0,3117,T
2-PB1,1504,0,1,3122,0,3123,G
2-PB1,1505,0,3101,0,1,3102,T
2-PB1,1506,0,7,3075,0,3082,G
2-PB1,1507,0,1,3075,0,3076,G
2-PB1,1508,2,1,0,3055,3058,C
2-PB1,1509,0,3089,0,0,3089,T
2-PB1,1510,3097,0,0,0,3097,A
2-PB1,1511,3113,0,0,0,3113,A
2-PB1,1512,0,3121,0,0,3121,T
2-PB1,1513,0,3118,0,0,3118,T
2-PB1,1514,0,3125,1,0,3126,T
2-PB1,1515,0,3130,0,0,3130,T
2-PB1,1516,3128,0,4,0,3132,A
2-PB1,1517,0,4,3134,0,3138,G
2-PB1,1518,0,1,0,3146,3147,C
2-PB1,1519,3136,1,2,0,3139,A
2-PB1,1520,0,3110,0,3,3113,T
2-PB1,1521,3,10,3063,0,3076,G
2-PB1,1522,0,14,3101,0,3115,G
2-PB1,1523,3099,0,1,0,3100,A
2-PB1,1524,0,0,3085,0,3085,G
2-PB1,1525,0,0,0,3078,3078,C
2-PB1,1526,0,3066,0,1,3067,T
2-PB1,1527,2,0,3070,0,3072,G
2-PB1,1528,0,0,0,3048,3048,C
2-PB1,1529,9,1,0,3029,3039,C
2-PB1,1530,4,2,2,3074,3082,C
2-PB1,1531,3038,0,1,0,3039,A
2-PB1,1532,0,0,3206,0,3206,G
2-PB1,1533,0,3191,0,3,3194,T
2-PB1,1534,0,3208,0,0,3208,T
2-PB1,1535,0,3202,0,0,3202,T
2-PB1,1536,0,3189,0,0,3189,T
2-PB1,1537,1,5,3176,1,3183,G
2-PB1,1538,0,10,3168,1,3179,G
2-PB1,1539,3151,0,3,0,3154,A
2-PB1,1540,1,0,3172,0,3173,G
2-PB1,1541,1,2977,0,0,2978,T
2-PB1,1542,3,2,3080,0,3085,G
2-PB1,1543,0,3057,0,0,3057,T
2-PB1,1544,18,0,1,3082,3101,C
2-PB1,1545,0,3118,4,0,3122,T
2-PB1,1546,1,5,3126,1,3133,G
2-PB1,1547,0,11,3158,1,3170,G
2-PB1,1548,3177,0,2,1,3180,A
2-PB1,1549,3188,1,3,1,3193,A
2-PB1,1550,0,3171,1,0,3172,T
2-PB1,1551,2988,0,0,1,2989,A
2-PB1,1552,2981,0,1,0,2982,A
2-PB1,1553,2981,0,1,0,2982,A
2-PB1,1554,0,0,0,2981,2981,C
2-PB1,1555,1,10,2933,0,2944,G
2-PB1,1556,2916,0,0,0,2916,A
2-PB1,1557,0,0,2902,0,2902,G
2-PB1,1558,0,2901,0,1,2902,T
2-PB1,1559,26,0,0,2893,2919,C
2-PB1,1560,2920,0,0,2,2922,A
2-PB1,1561,4,1,2950,0,2955,G
2-PB1,1562,2,0,0,2967,2969,C
2-PB1,1563,1,2968,0,0,2969,T
2-PB1,1564,0,7,3050,0,3057,G
2-PB1,1565,3017,0,0,1,3018,A
2-PB1,1566,1,3031,0,1,3033,T
2-PB1,1567,3036,1,1,0,3038,A
2-PB1,1568,0,3005,0,1,3006,T
2-PB1,1569,0,16,3004,1,3021,G
2-PB1,1570,2904,1,0,0,2905,A
2-PB1,1571,0,2,2943,0,2945,G
2-PB1,1572,2,1,0,2933,2936,C
2-PB1,1573,2821,0,0,1,2822,A
2-PB1,1574,0,2820,0,0,2820,T
2-PB1,1575,0,2829,0,0,2829,T
2-PB1,1576,2,5,2853,0,2860,G
2-PB1,1577,1,14,2926,0,2941,G
2-PB1,1578,2892,0,1,1,2894,A
2-PB1,1579,0,0,2910,0,2910,G
2-PB1,1580,0,2802,0,3,2805,T
2-PB1,1581,2805,0,3,0,2808,A
2-PB1,1582,2812,0,0,1,2813,A
2-PB1,1583,1,2,0,2826,2829,C
2-PB1,1584,2816,0,0,0,2816,A
2-PB1,1585,0,0,2879,0,2879,G
2-PB1,1586,0,2623,0,0,2623,T
2-PB1,1587,0,8,2653,0,2661,G
2-PB1,1588,2681,0,4,0,2685,A
2-PB1,1589,0,2693,0,1,2694,T
2-PB1,1590,2692,0,0,0,2692,A
2-PB1,1591,2685,0,0,1,2686,A
2-PB1,1592,2620,1,0,1,2622,A
2-PB1,1593,1,15,2627,0,2643,G
2-PB1,1594,2559,0,0,0,2559,A
2-PB1,1595,2558,0,1,0,2559,A
2-PB1,1596,2,0,0,2576,2578,C
2-PB1,1597,2521,0,1,0,2522,A
2-PB1,1598,2546,0,2,0,2548,A
2-PB1,1599,1,1,0,2552,2554,C
2-PB1,1600,2572,0,2,0,2574,A
2-PB1,1601,0,2562,1,0,2563,T
2-PB1,1602,1,14,2534,0,2549,G
2-PB1,1603,2550,0,2,0,2552,A
2-PB1,1604,0,2546,0,1,2547,T
2-PB1,1605,2541,0,0,1,2542,A
2-PB1,1606,2553,0,1,1,2555,A
2-PB1,1607,2552,0,2,0,2554,A
2-PB1,1608,0,1,0,2582,2583,C
2-PB1,1609,2498,0,0,0,2498,A
2-PB1,1610,2491,0,0,0,2491,A
2-PB1,1611,0,2450,0,1,2451,T
2-PB1,1612,0,28,2425,0,2453,G
2-PB1,1613,2493,0,2,0,2495,A
2-PB1,1614,0,0,0,2528,2528,C
2-PB1,1615,5,1,0,2493,2499,C
2-PB1,1616,0,2441,0,0,2441,T
2-PB1,1617,0,2417,1,0,2418,T
2-PB1,1618,0,4,2416,0,2420,G
2-PB1,1619,1,11,2426,1,2439,G
2-PB1,1620,2448,0,6,0,2454,A
2-PB1,1621,0,0,0,2447,2447,C
2-PB1,1622,2,1,0,2424,2427,C
2-PB1,1623,2419,0,1,0,2420,A
2-PB1,1624,0,2,2427,0,2429,G
2-PB1,1625,0,2,0,2427,2429,C
2-PB1,1626,2445,0,0,0,2445,A
2-PB1,1627,2433,0,1,0,2434,A
2-PB1,1628,2,1,0,2428,2431,C
2-PB1,1629,2413,0,1,0,2414,A
2-PB1,1630,0,0,2458,0,2458,G
2-PB1,1631,0,2,0,2447,2449,C
2-PB1,1632,6,1,0,2452,2459,C
2-PB1,1633,7,0,0,2465,2472,C
2-PB1,1634,2481,0,1,0,2482,A
2-PB1,1635,2481,0,0,0,2481,A
2-PB1,1636,2476,0,0,0,2476,A
2-PB1,1637,0,2455,0,1,2456,T
2-PB1,1638,0,13,2450,0,2463,G
2-PB1,1639,1,0,2415,0,2416,G
2-PB1,1640,0,0,0,2442,2442,C
2-PB1,1641,0,2427,0,2,2429,T
2-PB1,1642,9,0,1,2477,2487,C
2-PB1,1643,0,2490,0,0,2490,T
2-PB1,1644,6,0,0,2511,2517,C
2-PB1,1645,9,0,0,2521,2530,C
2-PB1,1646,2546,0,1,0,2547,A
2-PB1,1647,2545,0,0,0,2545,A
2-PB1,1648,0,2526,0,0,2526,T
2-PB1,1649,0,2513,0,0,2513,T
2-PB1,1650,0,4,2528,0,2532,G
2-PB1,1651,0,2481,0,2,2483,T
2-PB1,1652,0,2469,0,2,2471,T
2-PB1,1653,17,4,0,2459,2480,C
2-PB1,1654,2477,0,0,0,2477,A
2-PB1,1655,0,2471,0,1,2472,T
2-PB1,1656,9,0,0,2472,2481,C
2-PB1,1657,2491,0,0,0,2491,A
2-PB1,1658,2482,0,0,0,2482,A
2-PB1,1659,2483,0,1,0,2484,A
2-PB1,1660,0,5,2530,0,2535,G
2-PB1,1661,2516,1,0,0,2517,A
2-PB1,1662,0,2525,0,1,2526,T
2-PB1,1663,0,2543,0,1,2544,T
2-PB1,1664,2552,0,0,0,2552,A
2-PB1,1665,0,1,0,2612,2613,C
2-PB1,1666,2605,0,2,0,2607,A
2-PB1,1667,0,3,2646,0,2649,G
2-PB1,1668,2633,0,1,0,2634,A
2-PB1,1669,0,2671,1,0,2672,T
2-PB1,1670,2673,0,0,0,2673,A
2-PB1,1671,0,0,0,2808,2808,C
2-PB1,1672,2849,0,4,1,2854,A
2-PB1,1673,0,0,2,3017,3019,C
2-PB1,1674,2988,0,0,0,2988,A
2-PB1,1675,0,3010,0,0,3010,T
2-PB1,1676,2986,0,0,0,2986,A
2-PB1,1677,1,2969,1,2,2973,T
2-PB1,1678,2912,0,5,0,2917,A
2-PB1,1679,0,11,2893,0,2904,G
2-PB1,1680,1,1,2839,0,2841,G
2-PB1,1681,0,2715,1,1,2717,T
2-PB1,1682,2,4,2720,0,2726,G
2-PB1,1683,3,1,0,2813,2817,C
2-PB1,1684,9,0,1,2815,2825,C
2-PB1,1685,2874,0,2,0,2876,A
2-PB1,1686,0,2871,0,3,2874,T
2-PB1,1687,2875,0,0,0,2875,A
2-PB1,1688,0,3,2888,1,2892,G
2-PB1,1689,2847,0,0,0,2847,A
2-PB1,1690,0,6,2855,0,2861,G
2-PB1,1691,0,5,2850,0,2855,G
2-PB1,1692,2754,0,3,1,2758,A
2-PB1,1693,1,22,2745,0,2768,G
2-PB1,1694,2738,1,4,0,2743,A
2-PB1,1695,1,1,1,2758,2761,C
2-PB1,1696,2761,0,1,1,2763,A
2-PB1,1697,1,0,0,2779,2780,C
2-PB1,1698,2776,0,5,0,2781,A
2-PB1,1699,1,2,0,2789,2792,C
2-PB1,1700,2779,0,0,0,2779,A
2-PB1,1701,2776,0,1,0,2777,A
2-PB1,1702,2773,0,22,0,2795,A
2-PB1,1703,0,2775,0,2,2777,T
2-PB1,1704,5,0,0,2784,2789,C
2-PB1,1705,10,0,0,2779,2789,C
2-PB1,1706,2759,0,0,0,2759,A
2-PB1,1707,3,10,2751,0,2764,G
2-PB1,1708,2750,0,2,0,2752,A
2-PB1,1709,0,1,0,2772,2773,C
2-PB1,1710,1,13,2763,0,2777,G
2-PB1,1711,2726,0,1,0,2727,A
2-PB1,1712,0,2,2750,0,2752,G
2-PB1,1713,2760,0,2,0,2762,A
2-PB1,1714,2768,0,0,0,2768,A
2-PB1,1715,1,6,2766,0,2773,G
2-PB1,1716,2750,0,4,0,2754,A
2-PB1,1717,0,2756,0,1,2757,T
2-PB1,1718,6,4,0,2736,2746,C
2-PB1,1719,2754,0,0,0,2754,A
2-PB1,1720,1,2728,0,0,2729,T
2-PB1,1721,0,2746,0,0,2746,T
2-PB1,1722,9,0,0,2734,2743,C
2-PB1,1723,2,8,2736,0,2746,G
2-PB1,1724,2728,0,0,0,2728,A
2-PB1,1725,0,3,2740,0,2743,G
2-PB1,1726,2717,0,0,0,2717,A
2-PB1,1727,0,2797,0,1,2798,T
2-PB1,1728,2800,0,0,0,2800,A
2-PB1,1729,2791,0,1,0,2792,A
2-PB1,1730,2794,0,1,0,2795,A
2-PB1,1731,0,4,2787,0,2791,G
2-PB1,1732,2796,0,1,0,2797,A
2-PB1,1733,2739,0,0,1,2740,A
2-PB1,1734,0,0,2745,0,2745,G
2-PB1,1735,2,1,0,2744,2747,C
2-PB1,1736,0,2725,0,0,2725,T
2-PB1,1737,0,0,2741,0,2741,G
2-PB1,1738,0,2716,1,1,2718,T
2-PB1,1739,1,10,2720,0,2731,G
2-PB1,1740,1,6,2718,0,2725,G
2-PB1,1741,1,14,2721,0,2736,G
2-PB1,1742,2756,0,2,1,2759,A
2-PB1,1743,0,2733,0,2,2735,T
2-PB1,1744,8,1,0,2733,2742,C
2-PB1,1745,2740,0,2,0,2742,A
2-PB1,1746,2752,0,0,0,2752,A
2-PB1,1747,2755,0,1,0,2756,A
2-PB1,1748,0,0,0,2755,2755,C
2-PB1,1749,5,0,0,2732,2737,C
2-PB1,1750,12,0,1,2737,2750,C
2-PB1,1751,2763,0,0,0,2763,A
2-PB1,1752,2796,0,1,0,2797,A
2-PB1,1753,0,2774,0,0,2774,T
2-PB1,1754,13,0,0,2785,2798,C
2-PB1,1755,2778,0,1,0,2779,A
2-PB1,1756,2754,0,1,0,2755,A
2-PB1,1757,1,11,2777,0,2789,G
2-PB1,1758,0,8,2770,0,2778,G
2-PB1,1759,1,0,2780,0,2781,G
2-PB1,1760,1,0,0,2800,2801,C
2-PB1,1761,2753,0,5,0,2758,A
2-PB1,1762,0,2,2819,1,2822,G
2-PB1,1763,0,9,2830,1,2840,G
2-PB1,1764,2856,0,1,0,2857,A
2-PB1,1765,0,0,0,2877,2877,C
2-PB1,1766,0,2838,0,0,2838,T
2-PB1,1767,2887,1,0,0,2888,A
2-PB1,1768,0,2879,0,1,2880,T
2-PB1,1769,0,2888,0,0,2888,T
2-PB1,1770,0,8,2888,0,2896,G
2-PB1,1771,1,1,2890,0,2892,G
2-PB1,1772,0,2849,0,0,2849,T
2-PB1,1773,2876,0,0,0,2876,A
2-PB1,1774,0,2836,0,0,2836,T
2-PB1,1775,10,0,0,2838,2848,C
2-PB1,1776,2812,1,1,0,2814,A
2-PB1,1777,0,5,2837,0,2842,G
2-PB1,1778,2824,0,4,0,2828,A
2-PB1,1779,0,2817,1,1,2819,T
2-PB1,1780,0,8,2725,0,2733,G
2-PB1,1781,2,3,2727,0,2732,G
2-PB1,1782,1,5,2717,0,2723,G
2-PB1,1783,0,12,2709,0,2721,G
2-PB1,1784,0,15,2708,0,2723,G
2-PB1,1785,2717,0,1,0,2718,A
2-PB1,1786,3,0,0,2706,2709,C
2-PB1,1787,9,0,0,2691,2700,C
2-PB1,1788,2711,0,1,0,2712,A
2-PB1,1789,2874,0,0,0,2874,A
2-PB1,1790,2871,0,2,1,2874,A
2-PB1,1791,1,0,0,2936,2937,C
2-PB1,1792,0,2904,0,0,2904,T
2-PB1,1793,0,2902,0,0,2902,T
2-PB1,1794,2917,0,6,0,2923,A
2-PB1,1795,0,2917,0,0,2917,T
2-PB1,1796,2910,0,2,0,2912,A
2-PB1,1797,1,0,0,2928,2929,C
2-PB1,1798,2745,0,1,0,2746,A
2-PB1,1799,2761,0,1,0,2762,A
2-PB1,1800,0,2688,0,1,2689,T
2-PB1,1801,2726,0,0,0,2726,A
2-PB1,1802,1,2710,0,0,2711,T
2-PB1,1803,6,0,0,2711,2717,C
2-PB1,1804,5,3,0,2696,2704,C
2-PB1,1805,4,5,2709,0,2718,G
2-PB1,1806,2,10,2703,0,2715,G
2-PB1,1807,2709,0,0,0,2709,A
2-PB1,1808,2690,0,1,0,2691,A
2-PB1,1809,0,2691,0,1,2692,T
2-PB1,1810,4,0,0,2656,2660,C
2-PB1,1811,0,2639,0,1,2640,T
2-PB1,1812,11,1,1,2636,2649,C
2-PB1,1813,3,2,0,2709,2714,C
2-PB1,1814,2710,0,1,0,2711,A
2-PB1,1815,2,0,0,2726,2728,C
2-PB1,1816,2722,0,0,0,2722,A
2-PB1,1817,0,2871,0,1,2872,T
2-PB1,1818,6,2,0,2888,2896,C
2-PB1,1819,5,0,0,2864,2869,C
2-PB1,1820,8,0,0,2886,2894,C
2-PB1,1821,0,2881,0,5,2886,T
2-PB1,1822,0,4,2892,0,2896,G
2-PB1,1823,2873,0,1,0,2874,A
2-PB1,1824,2882,0,1,0,2883,A
2-PB1,1825,0,2,2894,0,2896,G
2-PB1,1826,0,2710,0,1,2711,T
2-PB1,1827,8,0,0,2708,2716,C
2-PB1,1828,0,2686,0,0,2686,T
2-PB1,1829,0,2,2722,0,2724,G
2-PB1,1830,1,0,0,2721,2722,C
2-PB1,1831,0,2728,0,0,2728,T
2-PB1,1832,0,2736,0,1,2737,T
2-PB1,1833,2744,0,0,0,2744,A
2-PB1,1834,2735,0,0,0,2735,A
2-PB1,1835,2738,0,0,0,2738,A
2-PB1,1836,2680,0,0,0,2680,A
2-PB1,1837,0,2691,0,0,2691,T
2-PB1,1838,2,8,2657,0,2667,G
2-PB1,1839,1,2,2675,0,2678,G
2-PB1,1840,1,7,2671,0,2679,G
2-PB1,1841,2671,0,3,0,2674,A
2-PB1,1842,0,1,2696,0,2697,G
2-PB1,1843,3,1,0,2685,2689,C
2-PB1,1844,0,2700,0,2,2702,T
2-PB1,1845,0,3,2701,0,2704,G
2-PB1,1846,2675,0,0,0,2675,A
2-PB1,1847,0,2697,0,0,2697,T
2-PB1,1848,1,7,2718,0,2726,G
2-PB1,1849,1,6,2701,0,2708,G
2-PB1,1850,2698,1,0,1,2700,A
2-PB1,1851,0,2715,1,1,2717,T
2-PB1,1852,1,15,2692,0,2708,G
2-PB1,1853,2691,1,1,3,2696,A
2-PB1,1854,0,14,2714,0,2728,G
2-PB1,1855,2731,1,1,0,2733,A
2-PB1,1856,2729,0,1,0,2730,A
2-PB1,1857,1,2711,0,1,2713,T
2-PB1,1858,0,2722,0,0,2722,T
2-PB1,1859,2728,0,0,0,2728,A
2-PB1,1860,0,2699,0,0,2699,T
2-PB1,1861,6,0,0,2707,2713,C
2-PB1,1862,1,4,2725,0,2730,G
2-PB1,1863,1,7,2682,0,2690,G
2-PB1,1864,0,6,2693,0,2699,G
2-PB1,1865,0,1,2694,0,2695,G
2-PB1,1866,2673,0,2,0,2675,A
2-PB1,1867,2688,0,1,0,2689,A
2-PB1,1868,0,10,2705,0,2715,G
2-PB1,1869,2722,0,1,0,2723,A
2-PB1,1870,2,0,0,2728,2730,C
2-PB1,1871,0,2707,0,0,2707,T
2-PB1,1872,0,2768,0,1,2769,T
2-PB1,1873,0,2780,0,0,2780,T
2-PB1,1874,2,0,2785,0,2787,G
2-PB1,1875,0,2791,0,2,2793,T
2-PB1,1876,2792,0,1,0,2793,A
2-PB1,1877,2780,0,0,0,2780,A
2-PB1,1878,1,2723,0,0,2724,T
2-PB1,1879,9,1,0,2724,2734,C
2-PB1,1880,10,0,0,2726,2736,C
2-PB1,1881,10,1,0,2715,2726,C
2-PB1,1882,9,1,0,2734,2744,C
2-PB1,1883,0,2729,1,1,2731,T
2-PB1,1884,1,11,2731,0,2743,G
2-PB1,1885,2716,1,2,0,2719,A
2-PB1,1886,2734,0,1,0,2735,A
2-PB1,1887,0,2720,0,10,2730,T
2-PB1,1888,8,0,0,2694,2702,C
2-PB1,1889,5,1,0,2695,2701,C
2-PB1,1890,7,0,0,2690,2697,C
2-PB1,1891,0,2692,0,2,2694,T
2-PB1,1892,0,2716,0,0,2716,T
2-PB1,1893,0,2702,0,1,2703,T
2-PB1,1894,0,1,2709,0,2710,G
2-PB1,1895,0,2679,1,5,2685,T
2-PB1,1896,9,0,0,2678,2687,C
2-PB1,1897,2663,0,4,1,2668,A
2-PB1,1898,0,4,2692,0,2696,G
2-PB1,1899,0,0,0,2685,2685,C
2-PB1,1900,12,2,0,2684,2698,C
2-PB1,1901,2704,0,0,0,2704,A
2-PB1,1902,0,2724,0,0,2724,T
2-PB1,1903,2715,0,0,0,2715,A
2-PB1,1904,2722,0,0,0,2722,A
2-PB1,1905,2715,0,1,0,2716,A
2-PB1,1906,0,2,2754,0,2756,G
2-PB1,1907,2689,0,2,0,2691,A
2-PB1,1908,2690,0,0,0,2690,A
2-PB1,1909,2697,0,1,0,2698,A
2-PB1,1910,0,2680,1,1,2682,T
2-PB1,1911,1,2673,0,0,2674,T
2-PB1,1912,0,8,2673,0,2681,G
2-PB1,1913,2654,0,3,0,2657,A
2-PB1,1914,0,1,2690,0,2691,G
2-PB1,1915,1,2673,0,4,2678,T
2-PB1,1916,8,0,0,2690,2698,C
2-PB1,1917,0,2706,0,1,2707,T
2-PB1,1918,2,1,2748,0,2751,G
2-PB1,1919,1,2760,0,0,2761,T
2-PB1,1920,2781,0,0,0,2781,A
2-PB1,1921,2773,0,1,1,2775,A
2-PB1,1922,2770,0,1,0,2771,A
2-PB1,1923,0,0,0,2773,2773,C
2-PB1,1924,2721,0,2,0,2723,A
2-PB1,1925,2781,0,0,0,2781,A
2-PB1,1926,0,2759,0,2,2761,T
2-PB1,1927,0,0,2766,0,2766,G
2-PB1,1928,0,0,0,2784,2784,C
2-PB1,1929,0,2764,0,2,2766,T
2-PB1,1930,1,0,2833,0,2834,G
2-PB1,1931,1,2824,0,0,2825,T
2-PB1,1932,2872,0,0,0,2872,A
2-PB1,1933,1,0,2868,0,2869,G
2-PB1,1934,0,2821,0,0,2821,T
2-PB1,1935,2819,0,0,0,2819,A
2-PB1,1936,2786,1,0,0,2787,A
2-PB1,1937,1,2765,0,1,2767,T
2-PB1,1938,1,2,2760,1,2764,G
2-PB1,1939,0,0,0,2717,2717,C
2-PB1,1940,3,1,0,2694,2698,C
2-PB1,1941,2649,0,2,0,2651,A
2-PB1,1942,0,2,2680,0,2682,G
2-PB1,1943,2,1,0,2704,2707,C
2-PB1,1944,7,0,0,2696,2703,C
2-PB1,1945,9,0,0,2719,2728,C
2-PB1,1946,2709,0,2,0,2711,A
2-PB1,1947,0,2705,0,2,2707,T
2-PB1,1948,0,8,2717,0,2725,G
2-PB1,1949,1,1,2746,0,2748,G
2-PB1,1950,0,2729,0,0,2729,T
2-PB1,1951,18,0,0,2655,2673,C
2-PB1,1952,5,2,0,2635,2642,C
2-PB1,1953,0,2638,0,3,2641,T
2-PB1,1954,2,0,2669,0,2671,G
2-PB1,1955,2,0,0,2647,2649,C
2-PB1,1956,15,0,0,2651,2666,C
2-PB1,1957,2684,0,1,0,2685,A
2-PB1,1958,2648,0,0,0,2648,A
2-PB1,1959,2653,0,0,0,2653,A
2-PB1,1960,2661,0,0,0,2661,A
2-PB1,1961,0,1,2688,0,2689,G
2-PB1,1962,0,2631,0,1,2632,T
2-PB1,1963,2664,0,0,0,2664,A
2-PB1,1964,0,2649,1,1,2651,T
2-PB1,1965,0,9,2646,0,2655,G
2-PB1,1966,2,7,2687,0,2696,G
2-PB1,1967,2686,2,1,0,2689,A
2-PB1,1968,2706,1,0,0,2707,A
2-PB1,1969,0,2694,0,1,2695,T
2-PB1,1970,2664,0,0,0,2664,A
2-PB1,1971,0,2658,1,1,2660,T
2-PB1,1972,1,8,2634,0,2643,G
2-PB1,1973,2633,0,0,0,2633,A
2-PB1,1974,0,2632,0,0,2632,T
2-PB1,1975,2,0,2560,0,2562,G
2-PB1,1976,2,1,0,2550,2553,C
2-PB1,1977,10,2,1,2522,2535,C
2-PB1,1978,4,1,2535,0,2540,G
2-PB1,1979,0,2537,0,1,2538,T
2-PB1,1980,0,2548,0,3,2551,T
2-PB1,1981,2,1,2551,0,2554,G
2-PB1,1982,2,0,0,2579,2581,C
2-PB1,1983,2592,0,0,0,2592,A
2-PB1,1984,2625,0,1,1,2627,A
2-PB1,1985,0,0,0,2635,2635,C
2-PB1,1986,0,2595,0,1,2596,T
2-PB1,1987,2602,1,1,0,2604,A
2-PB1,1988,1,1,1,2602,2605,C
2-PB1,1989,2600,0,0,0,2600,A
2-PB1,1990,0,0,0,2599,2599,C
2-PB1,1991,2500,0,1,0,2501,A
2-PB1,1992,0,0,0,2685,2685,C
2-PB1,1993,0,2576,0,4,2580,T
2-PB1,1994,10,0,0,2621,2631,C
2-PB1,1995,4,3,0,2627,2634,C
2-PB1,1996,0,2615,0,3,2618,T
2-PB1,1997,0,8,2623,0,2631,G
2-PB1,1998,1,7,2625,0,2633,G
2-PB1,1999,2628,1,1,0,2630,A
2-PB1,2000,0,2625,0,1,2626,T
2-PB1,2001,0,2373,0,1,2374,T
2-PB1,2002,9,0,0,2416,2425,C
2-PB1,2003,6,0,0,2399,2405,C
2-PB1,2004,5,0,0,2420,2425,C
2-PB1,2005,2446,0,0,0,2446,A
2-PB1,2006,2438,0,0,0,2438,A
2-PB1,2007,0,8,2439,0,2447,G
2-PB1,2008,2435,0,2,0,2437,A
2-PB1,2009,0,7,2434,0,2441,G
2-PB1,2010,11,11,2406,0,2428,G
2-PB1,2011,2403,1,1,0,2405,A
2-PB1,2012,2404,0,4,0,2408,A
2-PB1,2013,0,1,0,2389,2390,C
2-PB1,2014,8,1,0,2371,2380,C
2-PB1,2015,4,1,2386,0,2391,G
2-PB1,2016,2,1,0,2388,2391,C
2-PB1,2017,0,2392,0,0,2392,T
2-PB1,2018,9,1,0,2393,2403,C
2-PB1,2019,0,2390,0,0,2390,T
2-PB1,2020,2538,0,0,0,2538,A
2-PB1,2021,0,2536,0,3,2539,T
2-PB1,2022,0,2520,0,1,2521,T
2-PB1,2023,10,0,0,2541,2551,C
2-PB1,2024,1,2447,0,1,2449,T
2-PB1,2025,2457,0,1,0,2458,A
2-PB1,2026,2456,0,0,0,2456,A
2-PB1,2027,2443,0,0,0,2443,A
2-PB1,2028,0,1,0,2447,2448,C
2-PB1,2029,2284,0,1,0,2285,A
2-PB1,2030,0,0,0,2289,2289,C
2-PB1,2031,2254,0,5,0,2259,A
2-PB1,2032,2274,0,2,0,2276,A
2-PB1,2033,0,0,2290,0,2290,G
2-PB1,2034,0,2,1,2279,2282,C
2-PB1,2035,4,0,0,2290,2294,C
2-PB1,2036,2269,0,0,0,2269,A
2-PB1,2037,2263,0,0,0,2263,A
2-PB1,2038,2262,0,1,0,2263,A
2-PB1,2039,0,4,2276,0,2280,G
2-PB1,2040,0,9,2256,0,2265,G
2-PB1,2041,0,2,2232,0,2234,G
2-PB1,2042,0,10,2237,0,2247,G
2-PB1,2043,2231,0,1,0,2232,A
2-PB1,2044,2242,0,0,0,2242,A
2-PB1,2045,0,2247,0,0,2247,T
2-PB1,2046,0,2245,0,0,2245,T
2-PB1,2047,10,1,0,2236,2247,C
2-PB1,2048,1,2239,0,2,2242,T
2-PB1,2049,0,2242,0,1,2243,T
2-PB1,2050,0,4,2247,0,2251,G
2-PB1,2051,2250,0,2,0,2252,A
2-PB1,2052,1,6,2238,0,2245,G
2-PB1,2053,0,7,2234,0,2241,G
2-PB1,2054,2238,1,0,0,2239,A
2-PB1,2055,0,2228,0,0,2228,T
2-PB1,2056,1,16,2209,0,2226,G
2-PB1,2057,2219,0,1,0,2220,A
2-PB1,2058,2224,0,2,0,2226,A
2-PB1,2059,0,3,0,2229,2232,C
2-PB1,2060,2207,1,0,0,2208,A
2-PB1,2061,1,2,2234,0,2237,G
2-PB1,2062,2227,1,0,0,2228,A
2-PB1,2063,0,2210,0,4,2214,T
2-PB1,2064,1,1,2224,0,2226,G
2-PB1,2065,0,2246,0,0,2246,T
2-PB1,2066,2246,0,0,0,2246,A
2-PB1,2067,1,1,0,2227,2229,C
2-PB1,2068,8,0,0,2228,2236,C
2-PB1,2069,2222,0,0,0,2222,A
2-PB1,2070,1,5,2184,0,2190,G
2-PB1,2071,2166,0,1,0,2167,A
2-PB1,2072,2160,0,1,0,2161,A
2-PB1,2073,1,1,2166,0,2168,G
2-PB1,2074,0,2054,0,0,2054,T
2-PB1,2075,0,2,2061,0,2063,G
2-PB1,2076,0,2,0,2048,2050,C
2-PB1,2077,0,2062,0,2,2064,T
2-PB1,2078,1,0,2062,0,2063,G
2-PB1,2079,0,0,0,2053,2053,C
2-PB1,2080,2057,0,0,0,2057,A
2-PB1,2081,2042,0,2,0,2044,A
2-PB1,2082,1,0,0,2031,2032,C
2-PB1,2083,0,2016,0,5,2021,T
2-PB1,2084,0,2002,0,0,2002,T
2-PB1,2085,1,0,1999,0,2000,G
2-PB1,2086,0,1993,0,0,1993,T
2-PB1,2087,0,1983,0,1,1984,T
2-PB1,2088,7,2,0,1983,1992,C
2-PB1,2089,0,8,1985,0,1993,G
2-PB1,2090,1989,0,0,0,1989,A
2-PB1,2091,0,10,1973,0,1983,G
2-PB1,2092,1988,1,1,0,1990,A
2-PB1,2093,1991,0,1,0,1992,A
2-PB1,2094,1981,0,1,0,1982,A
2-PB1,2095,1,1964,0,0,1965,T
2-PB1,2096,0,1973,0,0,1973,T
2-PB1,2097,0,1978,0,0,1978,T
2-PB1,2098,0,1983,0,0,1983,T
2-PB1,2099,0,1969,0,1,1970,T
2-PB1,2100,4,0,0,1959,1963,C
2-PB1,2101,3,1,0,1959,1963,C
2-PB1,2102,7,0,0,1968,1975,C
2-PB1,2103,0,1976,0,0,1976,T
2-PB1,2104,1983,0,0,0,1983,A
2-PB1,2105,0,0,1987,0,1987,G
2-PB1,2106,0,1982,0,0,1982,T
2-PB1,2107,1991,1,1,0,1993,A
2-PB1,2108,0,0,2001,0,2001,G
2-PB1,2109,0,1993,0,1,1994,T
2-PB1,2110,0,2021,0,2,2023,T
2-PB1,2111,22,2,0,2008,2032,C
2-PB1,2112,2051,0,1,0,2052,A
2-PB1,2113,0,2055,0,0,2055,T
2-PB1,2114,2058,0,1,0,2059,A
2-PB1,2115,0,2051,0,0,2051,T
2-PB1,2116,1983,0,0,0,1983,A
2-PB1,2117,0,5,1971,0,1976,G
2-PB1,2118,0,3,1961,0,1964,G
2-PB1,2119,1750,0,1,0,1751,A
2-PB1,2120,0,6,1763,0,1769,G
2-PB1,2121,1655,0,1,0,1656,A
2-PB1,2122,0,0,0,1642,1642,C
2-PB1,2123,6,0,0,1585,1591,C
2-PB1,2124,1,4,1594,0,1599,G
2-PB1,2125,1587,0,0,0,1587,A
2-PB1,2126,0,1575,0,0,1575,T
2-PB1,2127,0,1590,0,0,1590,T
2-PB1,2128,0,0,1586,0,1586,G
2-PB1,2129,0,1,1577,0,1578,G
2-PB1,2130,1588,0,0,0,1588,A
2-PB1,2131,1589,0,0,0,1589,A
2-PB1,2132,0,1568,0,0,1568,T
2-PB1,2133,0,1571,0,0,1571,T
2-PB1,2134,0,1562,0,0,1562,T
2-PB1,2135,8,2,0,1554,1564,C
2-PB1,2136,1,1570,0,0,1571,T
2-PB1,2137,1559,0,1,0,1560,A
2-PB1,2138,0,0,1565,0,1565,G
2-PB1,2139,0,0,0,1553,1553,C
2-PB1,2140,1565,0,0,0,1565,A
2-PB1,2141,0,1552,0,0,1552,T
2-PB1,2142,1,3,1520,0,1524,G
2-PB1,2143,0,1,1548,0,1549,G
2-PB1,2144,0,1540,0,1,1541,T
2-PB1,2145,0,0,1543,0,1543,G
2-PB1,2146,1,4,1540,0,1545,G
2-PB1,2147,1529,0,3,0,1532,A
2-PB1,2148,0,1,1534,0,1535,G
2-PB1,2149,0,1,1521,0,1522,G
2-PB1,2150,1,1,0,1466,1468,C
2-PB1,2151,2,0,0,1490,1492,C
2-PB1,2152,1396,0,1,1,1398,A
2-PB1,2153,0,1395,0,1,1396,T
2-PB1,2154,0,4,1400,0,1404,G
2-PB1,2155,0,2,1409,0,1411,G
2-PB1,2156,0,1372,0,2,1374,T
2-PB1,2157,2,2,1385,0,1389,G
2-PB1,2158,0,1343,0,2,1345,T
2-PB1,2159,13,1,0,1314,1328,C
2-PB1,2160,1,1340,0,0,1341,T
2-PB1,2161,1329,0,0,0,1329,A
2-PB1,2162,0,2,1321,0,1323,G
2-PB1,2163,0,3,1274,0,1277,G
2-PB1,2164,0,1,1256,0,1257,G
2-PB1,2165,0,0,0,1210,1210,C
2-PB1,2166,1,0,0,1163,1164,C
2-PB1,2167,2,1,0,1155,1158,C
2-PB1,2168,0,1,1174,0,1175,G
2-PB1,2169,0,1,1182,0,1183,G
2-PB1,2170,1187,0,0,0,1187,A
2-PB1,2171,0,1179,0,0,1179,T
2-PB1,2172,0,1136,0,0,1136,T
2-PB1,2173,0,0,1131,0,1131,G
2-PB1,2174,1127,0,0,0,1127,A
2-PB1,2175,1,1129,0,0,1130,T
2-PB1,2176,1,2,1125,0,1128,G
2-PB1,2177,0,0,0,1117,1117,C
2-PB1,2178,5,0,0,1105,1110,C
2-PB1,2179,1106,0,0,0,1106,A
2-PB1,2180,0,4,1104,0,1108,G
2-PB1,2181,1110,0,0,0,1110,A
2-PB1,2182,1109,0,0,0,1109,A
2-PB1,2183,0,1103,0,0,1103,T
2-PB1,2184,0,1077,0,0,1077,T
2-PB1,2185,0,6,1073,0,1079,G
2-PB1,2186,1060,0,1,0,1061,A
2-PB1,2187,0,0,0,1065,1065,C
2-PB1,2188,0,1061,0,1,1062,T
2-PB1,2189,1,1041,0,0,1042,T
2-PB1,2190,1,0,0,1043,1044,C
2-PB1,2191,0,2,1048,0,1050,G
2-PB1,2192,1050,0,0,0,1050,A
2-PB1,2193,0,0,1025,0,1025,G
2-PB1,2194,0,1031,0,2,1033,T
2-PB1,2195,7,0,0,1027,1034,C
2-PB1,2196,0,1034,0,0,1034,T
2-PB1,2197,0,4,1031,0,1035,G
2-PB1,2198,0,1,1037,0,1038,G
2-PB1,2199,1033,0,1,0,1034,A
2-PB1,2200,952,0,1,0,953,A
2-PB1,2201,0,3,947,0,950,G
2-PB1,2202,0,2,956,0,958,G
2-PB1,2203,962,0,0,0,962,A
2-PB1,2204,0,949,0,0,949,T
2-PB1,2205,1,959,0,0,960,T
2-PB1,2206,949,0,1,0,950,A
2-PB1,2207,950,0,2,1,953,A
2-PB1,2208,0,2,947,0,949,G
2-PB1,2209,951,0,0,0,951,A
2-PB1,2210,940,0,0,0,940,A
2-PB1,2211,821,0,0,0,821,A
2-PB1,2212,0,0,822,0,822,G
2-PB1,2213,822,0,0,0,822,A
2-PB1,2214,822,0,0,0,822,A
2-PB1,2215,0,2,816,0,818,G
2-PB1,2216,753,0,1,0,754,A
2-PB1,2217,1,0,748,0,749,G
2-PB1,2218,0,716,0,0,716,T
2-PB1,2219,0,710,0,0,710,T
2-PB1,2220,5,0,0,715,720,C
2-PB1,2221,0,701,0,0,701,T
2-PB1,2222,1,0,0,705,706,C
2-PB1,2223,0,699,0,1,700,T
2-PB1,2224,0,6,695,0,701,G
2-PB1,2225,687,0,0,0,687,A
2-PB1,2226,0,2,674,0,676,G
2-PB1,2227,669,0,0,0,669,A
2-PB1,2228,0,641,0,1,642,T
2-PB1,2229,1,1,0,609,611,C
2-PB1,2230,615,0,0,0,615,A
2-PB1,2231,0,610,0,0,610,T
2-PB1,2232,0,2,609,0,611,G
2-PB1,2233,609,0,0,0,609,A
2-PB1,2234,601,0,2,0,603,A
2-PB1,2235,1,1,591,0,593,G
2-PB1,2236,586,0,0,0,586,A
2-PB1,2237,0,572,0,1,573,T
2-PB1,2238,1,0,0,569,570,C
2-PB1,2239,0,533,0,0,533,T
2-PB1,2240,0,0,539,0,539,G
2-PB1,2241,0,532,0,0,532,T
2-PB1,2242,0,534,0,0,534,T
2-PB1,2243,2,0,0,529,531,C
2-PB1,2244,2,0,0,501,503,C
2-PB1,2245,504,1,0,0,505,A
2-PB1,2246,1,0,0,509,510,C
2-PB1,2247,1,0,0,488,489,C
2-PB1,2248,475,0,0,0,475,A
2-PB1,2249,0,443,0,0,443,T
2-PB1,2250,0,426,0,0,426,T
2-PB1,2251,0,0,426,0,426,G
2-PB1,2252,425,0,0,0,425,A
2-PB1,2253,421,0,1,0,422,A
2-PB1,2254,0,0,420,0,420,G
2-PB1,2255,353,0,0,0,353,A
2-PB1,2256,351,0,0,0,351,A
2-PB1,2257,1,0,0,344,345,C
2-PB1,2258,0,325,0,0,325,T
2-PB1,2259,0,0,0,326,326,C
2-PB1,2260,305,0,0,0,305,A
2-PB1,2261,0,1,306,0,307,G
2-PB1,2262,302,0,0,0,302,A
2-PB1,2263,0,0,0,288,288,C
2-PB1,2264,1,1,281,0,283,G
2-PB1,2265,0,0,276,0,276,G
2-PB1,2266,0,0,0,272,272,C
2-PB1,2267,277,0,0,0,277,A
2-PB1,2268,276,0,0,0,276,A
2-PB1,2269,277,0,0,0,277,A
2-PB1,2270,275,0,1,0,276,A
2-PB1,2271,276,0,0,0,276,A
2-PB1,2272,0,267,0,0,267,T
2-PB1,2273,259,0,0,0,259,A
2-PB1,2274,259,0,0,0,259,A
3-PA,1,87,0,0,0,87,A
3-PA,2,0,88,0,0,88,T
3-PA,3,0,0,98,0,98,G
3-PA,4,0,0,101,0,101,G
3-PA,5,99,0,0,0,99,A
3-PA,6,97,0,0,0,97,A
3-PA,7,0,0,102,0,102,G
3-PA,8,104,0,0,0,104,A
3-PA,9,0,107,0,0,107,T
3-PA,10,0,107,0,0,107,T
3-PA,11,0,109,0,0,109,T
3-PA,12,0,111,0,0,111,T
3-PA,13,0,0,119,0,119,G
3-PA,14,0,117,0,0,117,T
3-PA,15,0,0,119,0,119,G
3-PA,16,0,0,0,122,122,C
3-PA,17,2,1,119,0,122,G
3-PA,18,139,0,0,0,139,A
3-PA,19,0,0,0,142,142,C
3-PA,20,142,0,0,0,142,A
3-PA,21,142,0,0,0,142,A
3-PA,22,0,146,0,0,146,T
3-PA,23,0,0,160,0,160,G
3-PA,24,0,0,0,164,164,C
3-PA,25,0,166,0,0,166,T
3-PA,26,0,166,0,0,166,T
3-PA,27,0,0,0,166,166,C
3-PA,28,170,0,0,0,170,A
3-PA,29,175,0,0,0,175,A
3-PA,30,0,0,0,180,180,C
3-PA,31,0,0,0,183,183,C
3-PA,32,1,0,0,179,180,C
3-PA,33,0,0,182,0,182,G
3-PA,34,180,0,0,0,180,A
3-PA,35,0,184,0,0,184,T
3-PA,36,0,0,181,0,181,G
3-PA,37,184,0,0,0,184,A
3-PA,38,0,188,0,0,188,T
3-PA,39,0,194,0,0,194,T
3-PA,40,0,0,191,0,191,G
3-PA,41,0,192,0,0,192,T
3-PA,42,1,0,0,192,193,C
3-PA,43,0,1,189,0,190,G
3-PA,44,192,0,0,0,192,A
3-PA,45,194,0,0,0,194,A
3-PA,46,0,0,0,195,195,C
3-PA,47,0,195,0,0,195,T
3-PA,48,0,199,0,0,199,T
3-PA,49,0,0,194,0,194,G
3-PA,50,1,0,0,198,199,C
3-PA,51,198,0,0,0,198,A
3-PA,52,0,0,201,0,201,G
3-PA,53,201,0,0,0,201,A
3-PA,54,207,0,0,0,207,A
3-PA,55,203,0,0,0,203,A
3-PA,56,206,0,0,0,206,A
3-PA,57,205,0,2,0,207,A
3-PA,58,0,0,208,0,208,G
3-PA,59,0,0,0,221,221,C
3-PA,60,223,0,1,0,224,A
3-PA,61,229,0,0,0,229,A
3-PA,62,0,234,0,0,234,T
3-PA,63,0,3,229,1,233,G
3-PA,64,242,0,0,0,242,A
3-PA,65,243,0,0,0,243,A
3-PA,66,245,0,0,0,245,A
3-PA,67,0,2,264,0,266,G
3-PA,68,274,0,0,0,274,A
3-PA,69,0,0,332,0,332,G
3-PA,70,0,330,0,0,330,T
3-PA,71,339,0,0,0,339,A
3-PA,72,0,336,0,0,336,T
3-PA,73,0,1,340,0,341,G
3-PA,74,0,2,341,0,343,G
3-PA,75,0,0,343,0,343,G
3-PA,76,1,1,338,0,340,G
3-PA,77,336,0,0,0,336,A
3-PA,78,0,1,332,0,333,G
3-PA,79,0,3,340,0,343,G
3-PA,80,334,0,0,0,334,A
3-PA,81,0,348,0,0,348,T
3-PA,82,1,0,0,348,349,C
3-PA,83,0,347,0,0,347,T
3-PA,84,0,1,349,0,350,G
3-PA,85,347,0,0,0,347,A
3-PA,86,347,0,1,0,348,A
3-PA,87,353,0,0,0,353,A
3-PA,88,351,0,0,0,351,A
3-PA,89,0,351,0,0,351,T
3-PA,90,0,351,0,0,351,T
3-PA,91,0,1,353,0,354,G
3-PA,92,354,0,0,0,354,A
3-PA,93,352,0,0,0,352,A
3-PA,94,352,0,0,0,352,A
3-PA,95,0,0,0,357,357,C
3-PA,96,360,0,0,0,360,A
3-PA,97,359,0,0,0,359,A
3-PA,98,358,0,0,0,358,A
3-PA,99,0,0,0,361,361,C
3-PA,100,362,0,0,1,363,A
3-PA,101,364,0,0,0,364,A
3-PA,102,365,0,0,0,365,A
3-PA,103,0,365,0,0,365,T
3-PA,104,0,368,0,0,368,T
3-PA,105,0,367,0,0,367,T
3-PA,106,0,0,366,0,366,G
3-PA,107,0,0,0,369,369,C
3-PA,108,371,1,0,0,372,A
3-PA,109,0,1,385,0,386,G
3-PA,110,0,0,0,394,394,C
3-PA,111,425,0,0,0,425,A
3-PA,112,435,0,0,0,435,A
3-PA,113,0,440,0,0,440,T
3-PA,114,442,0,0,0,442,A
3-PA,115,0,445,0,0,445,T
3-PA,116,0,2,447,0,449,G
3-PA,117,0,1,0,450,451,C
3-PA,118,448,0,0,0,448,A
3-PA,119,0,0,0,458,458,C
3-PA,120,0,455,0,0,455,T
3-PA,121,1,0,0,532,533,C
3-PA,122,544,0,0,0,544,A
3-PA,123,0,0,0,554,554,C
3-PA,124,0,555,0,1,556,T
3-PA,125,0,556,0,0,556,T
3-PA,126,0,0,559,0,559,G
3-PA,127,0,4,558,0,562,G
3-PA,128,555,0,1,0,556,A
3-PA,129,0,1,566,0,567,G
3-PA,130,0,0,565,0,565,G
3-PA,131,0,546,0,0,546,T
3-PA,132,0,0,576,0,576,G
3-PA,133,0,574,0,0,574,T
3-PA,134,0,0,598,0,598,G
3-PA,135,0,599,0,0,599,T
3-PA,136,1,596,0,0,597,T
3-PA,137,0,599,0,0,599,T
3-PA,138,1,0,0,606,607,C
3-PA,139,606,0,0,0,606,A
3-PA,140,0,607,0,0,607,T
3-PA,141,0,0,619,0,619,G
3-PA,142,0,611,0,1,612,T
3-PA,143,617,0,0,0,617,A
3-PA,144,0,619,0,0,619,T
3-PA,145,0,616,0,0,616,T
3-PA,146,3,0,0,616,619,C
3-PA,147,618,0,0,0,618,A
3-PA,148,0,1,620,0,621,G
3-PA,149,620,0,0,0,620,A
3-PA,150,0,619,0,0,619,T
3-PA,151,0,622,0,0,622,T
3-PA,152,0,624,0,0,624,T
3-PA,153,3,1,0,616,620,C
3-PA,154,2,0,0,629,631,C
3-PA,155,633,0,0,0,633,A
3-PA,156,0,634,0,0,634,T
3-PA,157,0,629,0,0,629,T
3-PA,158,0,636,0,0,636,T
3-PA,159,3,0,0,634,637,C
3-PA,160,633,0,1,0,634,A
3-PA,161,0,642,0,0,642,T
3-PA,162,0,0,0,643,643,C
3-PA,163,641,0,0,0,641,A
3-PA,164,644,0,0,0,644,A
3-PA,165,0,647,0,0,647,T
3-PA,166,1,4,652,0,657,G
3-PA,167,659,0,0,0,659,A
3-PA,168,658,0,2,0,660,A
3-PA,169,0,1,0,662,663,C
3-PA,170,660,0,0,0,660,A
3-PA,171,658,0,1,0,659,A
3-PA,172,0,2,661,0,663,G
3-PA,173,0,3,657,0,660,G
3-PA,174,647,0,0,0,647,A
3-PA,175,0,0,683,0,683,G
3-PA,176,699,0,1,0,700,A
3-PA,177,714,0,0,0,714,A
3-PA,178,0,715,0,0,715,T
3-PA,179,3,1,0,718,722,C
3-PA,180,724,0,0,0,724,A
3-PA,181,722,0,0,0,722,A
3-PA,182,0,728,0,0,728,T
3-PA,183,725,0,0,0,725,A
3-PA,184,0,1,746,0,747,G
3-PA,185,0,742,0,1,743,T
3-PA,186,0,2,745,0,747,G
3-PA,187,0,1,740,0,741,G
3-PA,188,0,745,0,0,745,T
3-PA,189,749,0,0,0,749,A
3-PA,190,0,2,756,0,758,G
3-PA,191,759,0,0,0,759,A
3-PA,192,762,0,0,0,762,A
3-PA,193,1,0,0,759,760,C
3-PA,194,0,759,0,0,759,T
3-PA,195,0,753,0,0,753,T
3-PA,196,0,2,748,0,750,G
3-PA,197,748,0,1,0,749,A
3-PA,198,1,1,0,745,747,C
3-PA,199,0,6,744,0,750,G
3-PA,200,764,0,0,0,764,A
3-PA,201,0,778,0,1,779,T
3-PA,202,0,0,0,788,788,C
3-PA,203,5,0,0,783,788,C
3-PA,204,791,1,1,0,793,A
3-PA,205,793,0,0,0,793,A
3-PA,206,802,0,0,0,802,A
3-PA,207,0,799,0,1,800,T
3-PA,208,1,0,801,0,802,G
3-PA,209,1,1,0,788,790,C
3-PA,210,787,0,2,0,789,A
3-PA,211,1,0,0,813,814,C
3-PA,212,0,813,0,1,814,T
3-PA,213,0,0,909,0,909,G
3-PA,214,0,908,0,1,909,T
3-PA,215,0,911,0,1,912,T
3-PA,216,904,0,0,0,904,A
3-PA,217,908,0,1,0,909,A
3-PA,218,904,0,2,0,906,A
3-PA,219,0,1,905,0,906,G
3-PA,220,0,0,0,900,900,C
3-PA,221,894,0,1,0,895,A
3-PA,222,0,0,0,891,891,C
3-PA,223,856,0,0,0,856,A
3-PA,224,0,1,878,0,879,G
3-PA,225,870,0,0,0,870,A
3-PA,226,1,872,0,0,873,T
3-PA,227,0,879,0,0,879,T
3-PA,228,0,873,0,1,874,T
3-PA,229,0,0,879,0,879,G
3-PA,230,873,0,0,1,874,A
3-PA,231,880,0,0,0,880,A
3-PA,232,881,0,0,0,881,A
3-PA,233,0,869,0,0,869,T
3-PA,234,870,0,0,0,870,A
3-PA,235,871,0,0,0,871,A
3-PA,236,0,873,0,0,873,T
3-PA,237,0,869,0,0,869,T
3-PA,238,0,1,880,0,881,G
3-PA,239,870,0,2,0,872,A
3-PA,240,0,2,887,0,889,G
3-PA,241,0,9,879,0,888,G
3-PA,242,0,2,887,0,889,G
3-PA,243,0,2,880,0,882,G
3-PA,244,880,0,0,0,880,A
3-PA,245,0,0,888,0,888,G
3-PA,246,907,0,0,0,907,A
3-PA,247,0,4,905,0,909,G
3-PA,248,918,0,1,0,919,A
3-PA,249,0,0,0,923,923,C
3-PA,250,912,0,1,0,913,A
3-PA,251,0,7,921,0,928,G
3-PA,252,926,0,0,0,926,A
3-PA,253,940,0,1,0,941,A
3-PA,254,1,0,0,946,947,C
3-PA,255,934,0,0,0,934,A
3-PA,256,926,0,0,0,926,A
3-PA,257,0,929,0,0,929,T
3-PA,258,0,2,971,0,973,G
3-PA,259,0,0,969,0,969,G
3-PA,260,0,0,0,963,963,C
3-PA,261,0,0,0,966,966,C
3-PA,262,0,968,0,2,970,T
3-PA,263,0,2,995,0,997,G
3-PA,264,0,1,988,0,989,G
3-PA,265,998,0,0,0,998,A
3-PA,266,0,0,0,1003,1003,C
3-PA,267,978,0,0,0,978,A
3-PA,268,0,0,1096,0,1096,G
3-PA,269,0,1101,0,0,1101,T
3-PA,270,1115,0,0,0,1115,A
3-PA,271,0,0,1112,0,1112,G
3-PA,272,0,1095,0,0,1095,T
3-PA,273,1106,0,0,0,1106,A
3-PA,274,1103,0,0,0,1103,A
3-PA,275,1097,0,2,0,1099,A
3-PA,276,1,0,0,1119,1120,C
3-PA,277,1059,0,6,0,1065,A
3-PA,278,0,0,1081,0,1081,G
3-PA,279,1,1074,0,0,1075,T
3-PA,280,1092,0,0,0,1092,A
3-PA,281,1,1080,0,0,1081,T
3-PA,282,2,0,0,1110,1112,C
3-PA,283,1,1110,1,3,1115,T
3-PA,284,0,2,1105,0,1107,G
3-PA,285,0,0,0,1109,1109,C
3-PA,286,1105,0,1,0,1106,A
3-PA,287,1098,1,0,1,1100,A
3-PA,288,0,0,0,1103,1103,C
3-PA,289,1095,1,0,0,1096,A
3-PA,290,0,0,0,1142,1142,C
3-PA,291,0,1133,0,0,1133,T
3-PA,292,1134,0,0,0,1134,A
3-PA,293,0,0,0,1133,1133,C
3-PA,294,0,1121,0,0,1121,T
3-PA,295,0,1,1127,0,1128,G
3-PA,296,0,5,1119,0,1124,G
3-PA,297,1116,0,1,0,1117,A
3-PA,298,0,0,1122,0,1122,G
3-PA,299,0,0,0,1080,1080,C
3-PA,300,0,1101,0,1,1102,T
3-PA,301,0,2,1099,0,1101,G
3-PA,302,0,0,1087,0,1087,G
3-PA,303,0,3,1087,0,1090,G
3-PA,304,1096,0,0,0,1096,A
3-PA,305,1108,0,0,0,1108,A
3-PA,306,1108,0,1,0,1109,A
3-PA,307,0,0,0,1105,1105,C
3-PA,308,1,0,0,1109,1110,C
3-PA,309,3,3,1106,0,1112,G
3-PA,310,1103,1,0,0,1104,A
3-PA,311,1105,1,0,0,1106,A
3-PA,312,0,0,1117,0,1117,G
3-PA,313,0,1106,0,0,1106,T
3-PA,314,0,1113,0,1,1114,T
3-PA,315,0,1110,0,0,1110,T
3-PA,316,3,0,0,1102,1105,C
3-PA,317,0,1120,0,0,1120,T
3-PA,318,1111,1,0,0,1112,A
3-PA,319,0,0,0,1097,1097,C
3-PA,320,2,0,0,1114,1116,C
3-PA,321,1116,0,0,0,1116,A
3-PA,322,0,3,1133,0,1136,G
3-PA,323,1132,0,0,0,1132,A
3-PA,324,0,1130,0,0,1130,T
3-PA,325,0,1135,0,0,1135,T
3-PA,326,0,1134,0,0,1134,T
3-PA,327,0,0,1141,0,1141,G
3-PA,328,0,1140,0,0,1140,T
3-PA,329,1138,0,1,0,1139,A
3-PA,330,0,1132,0,3,1135,T
3-PA,331,0,5,1126,0,1131,G
3-PA,332,1182,0,0,0,1182,A
3-PA,333,0,1176,0,0,1176,T
3-PA,334,0,1182,0,0,1182,T
3-PA,335,1185,0,0,0,1185,A
3-PA,336,0,1,0,1180,1181,C
3-PA,337,1188,0,0,0,1188,A
3-PA,338,1188,0,0,0,1188,A
3-PA,339,1,3,1185,0,1189,G
3-PA,340,1,4,1195,0,1200,G
3-PA,341,1158,0,0,0,1158,A
3-PA,342,0,5,1176,0,1181,G
3-PA,343,1175,0,1,0,1176,A
3-PA,344,1176,0,0,1,1177,A
3-PA,345,1,0,0,1177,1178,C
3-PA,346,1171,0,0,1,1172,A
3-PA,347,0,3,1166,0,1169,G
3-PA,348,1159,0,1,0,1160,A
3-PA,349,0,1156,0,0,1156,T
3-PA,350,0,1154,0,0,1154,T
3-PA,351,8,0,0,1146,1154,C
3-PA,352,1149,0,1,0,1150,A
3-PA,353,0,1136,0,0,1136,T
3-PA,354,2,0,0,1149,1151,C
3-PA,355,0,0,1152,0,1152,G
3-PA,356,1157,0,0,0,1157,A
3-PA,357,1158,0,0,0,1158,A
3-PA,358,1164,0,0,0,1164,A
3-PA,359,0,1156,0,0,1156,T
3-PA,360,0,1151,0,0,1151,T
3-PA,361,0,2,1154,0,1156,G
3-PA,362,0,3,1148,0,1151,G
3-PA,363,1,3,1145,0,1149,G
3-PA,364,0,0,1151,1,1152,G
3-PA,365,1,1123,0,1,1125,T
3-PA,366,0,8,1144,0,1152,G
3-PA,367,1145,0,0,0,1145,A
3-PA,368,0,0,0,1158,1158,C
3-PA,369,1172,0,0,0,1172,A
3-PA,370,1164,0,0,0,1164,A
3-PA,371,0,2,1182,0,1184,G
3-PA,372,0,7,1175,0,1182,G
3-PA,373,1183,0,2,0,1185,A
3-PA,374,0,6,1183,0,1189,G
3-PA,375,1164,0,4,0,1168,A
3-PA,376,0,1,1172,0,1173,G
3-PA,377,1164,0,1,0,1165,A
3-PA,378,1165,0,2,0,1167,A
3-PA,379,0,0,1190,0,1190,G
3-PA,380,0,1153,0,1,1154,T
3-PA,381,7,0,0,1171,1178,C
3-PA,382,11,2,0,1170,1183,C
3-PA,383,1194,0,2,0,1196,A
3-PA,384,1,0,0,1214,1215,C
3-PA,385,1253,1,0,0,1254,A
3-PA,386,0,1271,0,0,1271,T
3-PA,387,1297,0,0,0,1297,A
3-PA,388,0,1260,0,0,1260,T
3-PA,389,1252,0,0,0,1252,A
3-PA,390,0,1235,0,0,1235,T
3-PA,391,0,1233,0,0,1233,T
3-PA,392,1263,0,1,0,1264,A
3-PA,393,0,0,0,1267,1267,C
3-PA,394,4,0,0,1232,1236,C
3-PA,395,1,1205,0,4,1210,T
3-PA,396,0,1197,0,1,1198,T
3-PA,397,0,5,1197,0,1202,G
3-PA,398,1203,0,0,0,1203,A
3-PA,399,1205,0,0,0,1205,A
3-PA,400,1207,0,0,0,1207,A
3-PA,401,1168,0,0,0,1168,A
3-PA,402,0,2,1160,0,1162,G
3-PA,403,0,0,1168,0,1168,G
3-PA,404,0,0,0,1176,1176,C
3-PA,405,0,0,0,1182,1182,C
3-PA,406,1186,0,1,0,1187,A
3-PA,407,1186,0,0,0,1186,A
3-PA,408,0,1185,0,0,1185,T
3-PA,409,1186,0,0,0,1186,A
3-PA,410,1188,0,0,0,1188,A
3-PA,411,0,5,1203,0,1208,G
3-PA,412,1206,0,0,0,1206,A
3-PA,413,0,1195,0,0,1195,T
3-PA,414,0,1199,0,0,1199,T
3-PA,415,1201,0,0,0,1201,A
3-PA,416,1205,0,0,0,1205,A
3-PA,417,1206,0,0,0,1206,A
3-PA,418,0,1203,0,0,1203,T
3-PA,419,3,0,0,1206,1209,C
3-PA,420,0,1189,0,0,1189,T
3-PA,421,0,4,1191,0,1195,G
3-PA,422,1192,0,2,0,1194,A
3-PA,423,0,6,1210,0,1216,G
3-PA,424,1214,0,1,0,1215,A
3-PA,425,1211,0,1,0,1212,A
3-PA,426,0,0,0,1214,1214,C
3-PA,427,1211,0,2,0,1213,A
3-PA,428,1,0,0,1210,1211,C
3-PA,429,1217,0,1,0,1218,A
3-PA,430,1,0,0,1221,1222,C
3-PA,431,1222,0,0,0,1222,A
3-PA,432,3,1,0,1236,1240,C
3-PA,433,1236,0,0,0,1236,A
3-PA,434,0,1237,0,0,1237,T
3-PA,435,0,1229,0,0,1229,T
3-PA,436,7,1,0,1236,1244,C
3-PA,437,1226,0,2,0,1228,A
3-PA,438,0,0,0,1245,1245,C
3-PA,439,1233,0,0,0,1233,A
3-PA,440,0,1232,0,0,1232,T
3-PA,441,0,1196,0,0,1196,T
3-PA,442,0,1203,0,1,1204,T
3-PA,443,0,1206,0,0,1206,T
3-PA,444,1,0,0,1217,1218,C
3-PA,445,0,1202,0,1,1203,T
3-PA,446,11,1,1,1202,1215,C
3-PA,447,1215,0,1,0,1216,A
3-PA,448,0,1217,0,0,1217,T
3-PA,449,1,1213,0,1,1215,T
3-PA,450,9,0,0,1217,1226,C
3-PA,451,1208,0,2,0,1210,A
3-PA,452,0,0,1,1220,1221,C
3-PA,453,0,1210,1,0,1211,T
3-PA,454,1,0,1222,0,1223,G
3-PA,455,0,3,1209,0,1212,G
3-PA,456,1189,0,0,0,1189,A
3-PA,457,0,3,1218,0,1221,G
3-PA,458,1222,0,1,0,1223,A
3-PA,459,0,1,1237,0,1238,G
3-PA,460,1,1,1234,0,1236,G
3-PA,461,1227,0,1,0,1228,A
3-PA,462,1234,0,1,0,1235,A
3-PA,463,1223,0,1,0,1224,A
3-PA,464,0,1204,0,0,1204,T
3-PA,465,1,5,1199,0,1205,G
3-PA,466,0,0,1194,0,1194,G
3-PA,467,2,0,0,1193,1195,C
3-PA,468,7,0,0,1197,1204,C
3-PA,469,1202,0,0,0,1202,A
3-PA,470,3,0,0,1204,1207,C
3-PA,471,1206,0,0,0,1206,A
3-PA,472,1217,0,0,0,1217,A
3-PA,473,1210,0,0,0,1210,A
3-PA,474,0,3,1206,0,1209,G
3-PA,475,0,2,1192,0,1194,G
3-PA,476,0,1,0,1207,1208,C
3-PA,477,1212,0,1,0,1213,A
3-PA,478,0,1,1230,0,1231,G
3-PA,479,1222,1,1,0,1224,A
3-PA,480,0,1,0,1250,1251,C
3-PA,481,0,1246,0,0,1246,T
3-PA,482,1252,0,0,0,1252,A
3-PA,483,0,1,0,1250,1251,C
3-PA,484,1229,0,1,0,1230,A
3-PA,485,0,0,0,1239,1239,C
3-PA,486,0,1217,0,0,1217,T
3-PA,487,5,0,0,1221,1226,C
3-PA,488,0,1200,0,0,1200,T
3-PA,489,2,2,0,1200,1204,C
3-PA,490,0,6,1197,0,1203,G
3-PA,491,1196,0,1,0,1197,A
3-PA,492,0,1,0,1190,1191,C
3-PA,493,0,1,1202,0,1203,G
3-PA,494,1188,0,0,0,1188,A
3-PA,495,0,4,1193,0,1197,G
3-PA,496,0,7,1190,0,1197,G
3-PA,497,1200,0,1,0,1201,A
3-PA,498,1203,0,0,0,1203,A
3-PA,499,1199,0,0,0,1199,A
3-PA,500,0,2,1197,0,1199,G
3-PA,501,0,1,0,1196,1197,C
3-PA,502,1190,0,0,0,1190,A
3-PA,503,0,2,1211,0,1213,G
3-PA,504,0,5,1191,0,1196,G
3-PA,505,0,0,1204,0,1204,G
3-PA,506,0,0,0,1203,1203,C
3-PA,507,1,1201,1,0,1203,T
3-PA,508,1194,0,2,0,1196,A
3-PA,509,0,5,1211,0,1216,G
3-PA,510,0,6,1257,0,1263,G
3-PA,511,1276,0,0,0,1276,A
3-PA,512,0,1244,0,0,1244,T
3-PA,513,0,1231,1,0,1232,T
3-PA,514,1221,0,0,0,1221,A
3-PA,515,1228,0,0,0,1228,A
3-PA,516,0,6,1231,0,1237,G
3-PA,517,1222,0,1,0,1223,A
3-PA,518,1,0,0,1224,1225,C
3-PA,519,2,0,0,1133,1135,C
3-PA,520,1126,0,0,0,1126,A
3-PA,521,0,1,1134,0,1135,G
3-PA,522,0,0,1133,0,1133,G
3-PA,523,0,0,0,1138,1138,C
3-PA,524,0,1121,0,1,1122,T
3-PA,525,0,0,1145,0,1145,G
3-PA,526,1,1133,1,0,1135,T
3-PA,527,0,1143,0,0,1143,T
3-PA,528,0,1146,0,0,1146,T
3-PA,529,1140,0,1,0,1141,A
3-PA,530,0,0,0,1157,1157,C
3-PA,531,10,1,0,1131,1142,C
3-PA,532,1134,0,1,0,1135,A
3-PA,533,0,1131,0,0,1131,T
3-PA,534,1097,0,0,0,1097,A
3-PA,535,1098,0,0,0,1098,A
3-PA,536,0,4,1111,0,1115,G
3-PA,537,1112,0,0,0,1112,A
3-PA,538,0,0,0,1107,1107,C
3-PA,539,1081,0,1,0,1082,A
3-PA,540,1082,0,0,0,1082,A
3-PA,541,0,3,1085,0,1088,G
3-PA,542,1084,0,0,0,1084,A
3-PA,543,1085,0,0,0,1085,A
3-PA,544,1077,0,0,0,1077,A
3-PA,545,0,1051,0,0,1051,T
3-PA,546,0,2,1071,0,1073,G
3-PA,547,1,0,1074,0,1075,G
3-PA,548,1,0,0,1067,1068,C
3-PA,549,2,0,0,1071,1073,C
3-PA,550,1075,0,0,0,1075,A
3-PA,551,1083,0,0,1,1084,A
3-PA,552,0,0,0,1091,1091,C
3-PA,553,1092,0,1,0,1093,A
3-PA,554,0,0,1091,0,1091,G
3-PA,555,1062,1,2,0,1065,A
3-PA,556,0,1,1072,0,1073,G
3-PA,557,0,1,1084,0,1085,G
3-PA,558,2,0,0,1069,1071,C
3-PA,559,3,0,0,1079,1082,C
3-PA,560,0,1061,0,0,1061,T
3-PA,561,1049,0,0,0,1049,A
3-PA,562,0,1068,0,0,1068,T
3-PA,563,0,3,1061,0,1064,G
3-PA,564,0,3,1067,0,1070,G
3-PA,565,0,4,1022,0,1026,G
3-PA,566,999,0,0,0,999,A
3-PA,567,0,995,0,0,995,T
3-PA,568,0,970,0,1,971,T
3-PA,569,2,0,0,1050,1052,C
3-PA,570,0,0,0,1044,1044,C
3-PA,571,0,1039,0,0,1039,T
3-PA,572,0,1038,0,1,1039,T
3-PA,573,0,1031,0,1,1032,T
3-PA,574,5,0,0,1031,1036,C
3-PA,575,0,0,1035,0,1035,G
3-PA,576,0,1021,0,0,1021,T
3-PA,577,0,0,0,1030,1030,C
3-PA,578,993,0,0,0,993,A
3-PA,579,1,0,1103,0,1104,G
3-PA,580,0,1098,0,0,1098,T
3-PA,581,2,1,0,1097,1100,C
3-PA,582,1,0,0,1103,1104,C
3-PA,583,4,4,1108,0,1116,G
3-PA,584,1108,0,1,0,1109,A
3-PA,585,1112,0,0,0,1112,A
3-PA,586,1112,0,1,0,1113,A
3-PA,587,0,1,1133,0,1134,G
3-PA,588,1108,0,3,0,1111,A
3-PA,589,0,4,1120,0,1124,G
3-PA,590,0,2,1121,0,1123,G
3-PA,591,0,1,0,1125,1126,C
3-PA,592,0,0,1135,0,1135,G
3-PA,593,1187,0,0,0,1187,A
3-PA,594,1191,0,1,0,1192,A
3-PA,595,0,4,1215,0,1219,G
3-PA,596,1216,0,1,0,1217,A
3-PA,597,893,1,319,0,1213,A
3-PA,598,1214,0,4,1,1219,A
3-PA,599,1,0,0,1220,1221,C
3-PA,600,1217,0,0,0,1217,A
3-PA,601,1222,0,0,0,1222,A
3-PA,602,0,1196,0,0,1196,T
3-PA,603,0,1190,0,0,1190,T
3-PA,604,0,3,1190,0,1193,G
3-PA,605,1191,0,1,0,1192,A
3-PA,606,1187,0,1,0,1188,A
3-PA,607,0,5,1192,0,1197,G
3-PA,608,1195,0,0,0,1195,A
3-PA,609,1193,0,0,0,1193,A
3-PA,610,1197,0,0,0,1197,A
3-PA,611,1198,0,0,0,1198,A
3-PA,612,1199,0,0,0,1199,A
3-PA,613,0,1198,0,0,1198,T
3-PA,614,0,1207,0,0,1207,T
3-PA,615,0,1204,0,0,1204,T
3-PA,616,0,2,1198,0,1200,G
3-PA,617,1211,0,0,0,1211,A
3-PA,618,1209,0,1,0,1210,A
3-PA,619,1213,0,1,0,1214,A
3-PA,620,0,1235,0,0,1235,T
3-PA,621,2,0,0,1331,1333,C
3-PA,622,1333,0,0,0,1333,A
3-PA,623,2,0,0,1350,1352,C
3-PA,624,1344,0,4,0,1348,A
3-PA,625,0,1,1375,0,1376,G
3-PA,626,0,5,1403,0,1408,G
3-PA,627,1431,0,1,0,1432,A
3-PA,628,1444,0,0,0,1444,A
3-PA,629,0,0,0,1465,1465,C
3-PA,630,1,1411,0,0,1412,T
3-PA,631,1528,0,0,0,1528,A
3-PA,632,0,1528,0,3,1531,T
3-PA,633,2,1,1586,0,1589,G
3-PA,634,0,1,0,1585,1586,C
3-PA,635,0,0,1580,0,1580,G
3-PA,636,0,1571,0,0,1571,T
3-PA,637,1554,0,1,0,1555,A
3-PA,638,0,4,1572,0,1576,G
3-PA,639,0,0,1562,0,1562,G
3-PA,640,0,0,0,1547,1547,C
3-PA,641,0,1533,0,0,1533,T
3-PA,642,0,1515,0,1,1516,T
3-PA,643,0,1,1516,0,1517,G
3-PA,644,0,3,0,1517,1520,C
3-PA,645,9,1,0,1512,1522,C
3-PA,646,1,14,1523,0,1538,G
3-PA,647,1531,0,0,0,1531,A
3-PA,648,1,0,0,1552,1553,C
3-PA,649,5,1,0,1543,1549,C
3-PA,650,1562,0,1,0,1563,A
3-PA,651,1564,0,0,0,1564,A
3-PA,652,1561,0,0,0,1561,A
3-PA,653,0,1,1585,0,1586,G
3-PA,654,0,1573,0,1,1574,T
3-PA,655,7,1,0,1580,1588,C
3-PA,656,0,1591,0,0,1591,T
3-PA,657,5,1,0,1597,1603,C
3-PA,658,1,0,0,1604,1605,C
3-PA,659,5,2,1,1603,1611,C
3-PA,660,1602,0,2,0,1604,A
3-PA,661,0,0,0,1620,1620,C
3-PA,662,2,1,0,1604,1607,C
3-PA,663,1,9,1610,0,1620,G
3-PA,664,1635,0,0,0,1635,A
3-PA,665,1640,0,1,0,1641,A
3-PA,666,0,0,0,1647,1647,C
3-PA,667,0,1619,0,2,1621,T
3-PA,668,0,1649,0,1,1650,T
3-PA,669,4,0,0,1681,1685,C
3-PA,670,0,1659,0,1,1660,T
3-PA,671,7,1,0,1671,1679,C
3-PA,672,4,0,0,1677,1681,C
3-PA,673,1,1668,0,0,1669,T
3-PA,674,0,1,1688,0,1689,G
3-PA,675,0,0,0,1672,1672,C
3-PA,676,5,0,0,1676,1681,C
3-PA,677,0,1674,1,0,1675,T
3-PA,678,0,1661,1,0,1662,T
3-PA,679,0,3,1664,0,1667,G
3-PA,680,1659,0,0,1,1660,A
3-PA,681,0,8,1666,0,1674,G
3-PA,682,1674,0,0,1,1675,A
3-PA,683,1674,0,1,1,1676,A
3-PA,684,1,1711,0,0,1712,T
3-PA,685,0,1704,0,0,1704,T
3-PA,686,0,1714,0,1,1715,T
3-PA,687,0,1719,0,0,1719,T
3-PA,688,1709,0,0,0,1709,A
3-PA,689,1,1,1706,0,1708,G
3-PA,690,1684,1,1,0,1686,A
3-PA,691,1,0,1734,0,1735,G
3-PA,692,1,0,2,1725,1728,C
3-PA,693,1,0,0,1733,1734,C
3-PA,694,0,1775,0,2,1777,T
3-PA,695,1836,0,0,0,1836,A
3-PA,696,0,1836,0,1,1837,T
3-PA,697,0,1,1847,0,1848,G
3-PA,698,0,1843,0,0,1843,T
3-PA,699,0,2,1784,0,1786,G
3-PA,700,0,4,1746,0,1750,G
3-PA,701,1737,0,2,0,1739,A
3-PA,702,0,1731,0,0,1731,T
3-PA,703,1,7,1709,0,1717,G
3-PA,704,0,6,1740,0,1746,G
3-PA,705,1739,0,2,0,1741,A
3-PA,706,0,1743,0,0,1743,T
3-PA,707,0,1735,0,0,1735,T
3-PA,708,6,1,0,1733,1740,C
3-PA,709,16,11,1717,0,1744,G
3-PA,710,1749,0,0,0,1749,A
3-PA,711,1745,0,2,0,1747,A
3-PA,712,0,1,0,1753,1754,C
3-PA,713,5,2,0,1706,1713,C
3-PA,714,2,11,1711,0,1724,G
3-PA,715,1712,0,1,0,1713,A
3-PA,716,1713,0,0,0,1713,A
3-PA,717,3,4,0,1724,1731,C
3-PA,718,0,6,1727,0,1733,G
3-PA,719,0,0,1752,0,1752,G
3-PA,720,1,0,0,1764,1765,C
3-PA,721,0,1762,0,1,1763,T
3-PA,722,0,0,1795,0,1795,G
3-PA,723,1,0,0,1800,1801,C
3-PA,724,1799,1,1,0,1801,A
3-PA,725,0,1809,0,1,1810,T
3-PA,726,0,1800,0,0,1800,T
3-PA,727,2,7,1790,0,1799,G
3-PA,728,1743,0,1,0,1744,A
3-PA,729,0,4,1772,0,1776,G
3-PA,730,0,8,1767,0,1775,G
3-PA,731,0,1,1759,0,1760,G
3-PA,732,1,1,0,1747,1749,C
3-PA,733,1749,0,0,0,1749,A
3-PA,734,1748,0,2,0,1750,A
3-PA,735,1,0,1760,0,1761,G
3-PA,736,0,2,0,1760,1762,C
3-PA,737,0,1768,0,2,1770,T
3-PA,738,0,1761,0,0,1761,T
3-PA,739,0,1760,0,1,1761,T
3-PA,740,6,0,0,1762,1768,C
3-PA,741,0,1763,0,0,1763,T
3-PA,742,6,0,0,1771,1777,C
3-PA,743,1778,0,0,0,1778,A
3-PA,744,1767,0,0,0,1767,A
3-PA,745,1758,0,0,0,1758,A
3-PA,746,0,1767,0,0,1767,T
3-PA,747,1,0,1812,0,1813,G
3-PA,748,0,1811,0,3,1814,T
3-PA,749,6,0,0,1818,1824,C
3-PA,750,3,0,0,1826,1829,C
3-PA,751,1835,0,0,0,1835,A
3-PA,752,1832,0,0,0,1832,A
3-PA,753,1833,0,0,0,1833,A
3-PA,754,1,0,1862,0,1863,G
3-PA,755,1845,0,0,1,1846,A
3-PA,756,1821,0,0,0,1821,A
3-PA,757,1,0,1832,0,1833,G
3-PA,758,1,1809,1,2,1813,T
3-PA,759,0,8,1805,0,1813,G
3-PA,760,1813,0,1,0,1814,A
3-PA,761,1809,0,1,0,1810,A
3-PA,762,0,1820,1,0,1821,T
3-PA,763,1,2,1813,0,1816,G
3-PA,764,1,1,0,1807,1809,C
3-PA,765,3,0,0,1828,1831,C
3-PA,766,9,0,0,1809,1818,C
3-PA,767,1821,0,0,0,1821,A
3-PA,768,1831,0,0,0,1831,A
3-PA,769,1837,0,0,0,1837,A
3-PA,770,0,1838,0,1,1839,T
3-PA,771,0,1832,0,1,1833,T
3-PA,772,0,8,1831,0,1839,G
3-PA,773,1820,1,0,0,1821,A
3-PA,774,1803,1,3,0,1807,A
3-PA,775,1,0,0,1827,1828,C
3-PA,776,5,0,0,1809,1814,C
3-PA,777,0,1792,0,2,1794,T
3-PA,778,0,1828,0,0,1828,T
3-PA,779,0,1830,0,0,1830,T
3-PA,780,0,1855,0,1,1856,T
3-PA,781,4,0,0,1867,1871,C
3-PA,782,0,1870,0,0,1870,T
3-PA,783,0,5,1868,0,1873,G
3-PA,784,1865,0,2,0,1867,A
3-PA,785,1876,0,2,0,1878,A
3-PA,786,0,8,1879,1,1888,G
3-PA,787,1862,0,0,0,1862,A
3-PA,788,1,1,0,1875,1877,C
3-PA,789,1836,0,3,0,1839,A
3-PA,790,1856,0,1,0,1857,A
3-PA,791,0,0,0,2010,2010,C
3-PA,792,2002,0,1,0,2003,A
3-PA,793,0,0,0,2005,2005,C
3-PA,794,7,1,1,1974,1983,C
3-PA,795,1984,0,2,0,1986,A
3-PA,796,1983,1,0,0,1984,A
3-PA,797,0,9,1979,0,1988,G
3-PA,798,1983,0,2,0,1985,A
3-PA,799,0,0,2,1980,1982,C
3-PA,800,5,0,0,1851,1856,C
3-PA,801,1846,0,1,0,1847,A
3-PA,802,1846,0,1,0,1847,A
3-PA,803,0,1840,0,0,1840,T
3-PA,804,14,0,0,1837,1851,C
3-PA,805,1855,0,0,0,1855,A
3-PA,806,1832,0,0,0,1832,A
3-PA,807,1831,0,0,0,1831,A
3-PA,808,3,0,1,1839,1843,C
3-PA,809,0,1809,0,0,1809,T
3-PA,810,0,1806,1,1,1808,T
3-PA,811,4,0,0,1833,1837,C
3-PA,812,5,2,0,1829,1836,C
3-PA,813,1,4,1839,0,1844,G
3-PA,814,1834,0,2,0,1836,A
3-PA,815,1839,0,0,0,1839,A
3-PA,816,0,1838,1,0,1839,T
3-PA,817,0,3,1814,0,1817,G
3-PA,818,0,6,1819,0,1825,G
3-PA,819,1822,0,1,0,1823,A
3-PA,820,0,0,1,1840,1841,C
3-PA,821,4,0,0,1832,1836,C
3-PA,822,0,1870,0,0,1870,T
3-PA,823,4,0,0,1915,1919,C
3-PA,824,5,1,0,1923,1929,C
3-PA,825,0,1933,0,0,1933,T
3-PA,826,0,1932,0,0,1932,T
3-PA,827,1,0,2010,0,2011,G
3-PA,828,0,1995,0,0,1995,T
3-PA,829,0,1993,1,0,1994,T
3-PA,830,1990,0,0,0,1990,A
3-PA,831,0,1910,0,0,1910,T
3-PA,832,7,0,0,1888,1895,C
3-PA,833,1856,0,1,2,1859,A
3-PA,834,1,0,1852,0,1853,G
3-PA,835,3,0,0,1847,1850,C
3-PA,836,0,5,1778,0,1783,G
3-PA,837,0,0,1829,0,1829,G
3-PA,838,0,1807,0,0,1807,T
3-PA,839,10,0,0,1824,1834,C
3-PA,840,7,0,1,1828,1836,C
3-PA,841,1853,0,0,0,1853,A
3-PA,842,1850,0,2,0,1852,A
3-PA,843,1857,0,0,0,1857,A
3-PA,844,0,1851,0,0,1851,T
3-PA,845,0,1843,0,0,1843,T
3-PA,846,12,0,0,1829,1841,C
3-PA,847,5,0,0,1815,1820,C
3-PA,848,0,1808,0,0,1808,T
3-PA,849,3,0,0,1815,1818,C
3-PA,850,2,1,0,1822,1825,C
3-PA,851,0,1816,0,1,1817,T
3-PA,852,1,5,1828,0,1834,G
3-PA,853,1824,0,0,0,1824,A
3-PA,854,0,1831,0,1,1832,T
3-PA,855,1,5,1803,0,1809,G
3-PA,856,2,5,1769,0,1776,G
3-PA,857,1772,0,1,0,1773,A
3-PA,858,0,1761,0,1,1762,T
3-PA,859,2,1,1758,0,1761,G
3-PA,860,2,0,0,1810,1812,C
3-PA,861,0,1797,1,0,1798,T
3-PA,862,0,1804,0,0,1804,T
3-PA,863,0,1810,0,0,1810,T
3-PA,864,1804,0,0,0,1804,A
3-PA,865,1812,1,0,0,1813,A
3-PA,866,1813,0,1,0,1814,A
3-PA,867,1822,0,0,0,1822,A
3-PA,868,0,1823,0,0,1823,T
3-PA,869,0,1676,0,0,1676,T
3-PA,870,1,12,1669,0,1682,G
3-PA,871,1656,0,2,0,1658,A
3-PA,872,0,0,1680,0,1680,G
3-PA,873,1,0,0,1677,1678,C
3-PA,874,1685,0,0,0,1685,A
3-PA,875,0,1714,0,0,1714,T
3-PA,876,0,1722,0,2,1724,T
3-PA,877,0,4,1713,0,1717,G
3-PA,878,1723,0,1,0,1724,A
3-PA,879,1709,1,2,0,1712,A
3-PA,880,0,4,1708,0,1712,G
3-PA,881,1663,1,1,0,1665,A
3-PA,882,1,1,0,1681,1683,C
3-PA,883,8,0,0,1661,1669,C
3-PA,884,7,2,0,1647,1656,C
3-PA,885,1640,0,3,0,1643,A
3-PA,886,1638,0,3,0,1641,A
3-PA,887,0,0,1660,0,1660,G
3-PA,888,0,1648,0,0,1648,T
3-PA,889,11,1,0,1656,1668,C
3-PA,890,1661,1,4,0,1666,A
3-PA,891,0,5,0,1656,1661,C
3-PA,892,3,1,1660,0,1664,G
3-PA,893,1677,0,0,0,1677,A
3-PA,894,1685,0,2,0,1687,A
3-PA,895,1,2,1738,0,1741,G
3-PA,896,0,6,1728,0,1734,G
3-PA,897,1726,0,1,0,1727,A
3-PA,898,1,3,1753,0,1757,G
3-PA,899,1744,0,0,0,1744,A
3-PA,900,1740,0,5,1,1746,A
3-PA,901,0,9,1744,0,1753,G
3-PA,902,1,2,1727,0,1730,G
3-PA,903,0,3,1725,0,1728,G
3-PA,904,1685,0,0,0,1685,A
3-PA,905,0,1690,0,0,1690,T
3-PA,906,6,0,0,1703,1709,C
3-PA,907,5,1,1,1831,1838,C
3-PA,908,10,0,0,1850,1860,C
3-PA,909,1892,0,1,0,1893,A
3-PA,910,0,1894,0,0,1894,T
3-PA,911,0,1899,1,1,1901,T
3-PA,912,1948,0,0,0,1948,A
3-PA,913,0,1938,0,0,1938,T
3-PA,914,1943,0,0,0,1943,A
3-PA,915,1,1929,0,0,1930,T
3-PA,916,1,5,1780,0,1786,G
3-PA,917,1784,0,1,0,1785,A
3-PA,918,0,1761,0,0,1761,T
3-PA,919,0,0,1769,0,1769,G
3-PA,920,2,2,1,1740,1745,C
3-PA,921,1,6,1744,0,1751,G
3-PA,922,1763,0,0,0,1763,A
3-PA,923,0,1771,0,0,1771,T
3-PA,924,13,1,0,1757,1771,C
3-PA,925,1768,0,0,0,1768,A
3-PA,926,1755,0,1,0,1756,A
3-PA,927,1,0,1763,0,1764,G
3-PA,928,0,1736,0,0,1736,T
3-PA,929,1,0,1769,0,1770,G
3-PA,930,2,0,0,1769,1771,C
3-PA,931,1772,0,1,0,1773,A
3-PA,932,0,1779,0,0,1779,T
3-PA,933,1776,0,0,0,1776,A
3-PA,934,1790,0,1,0,1791,A
3-PA,935,1794,0,0,0,1794,A
3-PA,936,1789,0,1,0,1790,A
3-PA,937,1788,0,1,0,1789,A
3-PA,938,0,0,0,1793,1793,C
3-PA,939,1765,1,0,0,1766,A
3-PA,940,0,1766,0,0,1766,T
3-PA,941,0,1756,0,0,1756,T
3-PA,942,5,0,0,1759,1764,C
3-PA,943,0,1765,0,0,1765,T
3-PA,944,0,1760,0,0,1760,T
3-PA,945,0,1763,2,1,1766,T
3-PA,946,2,5,1757,0,1764,G
3-PA,947,0,2,1769,0,1771,G
3-PA,948,1761,0,0,0,1761,A
3-PA,949,0,1766,0,0,1766,T
3-PA,950,0,7,1773,0,1780,G
3-PA,951,0,5,1791,1,1797,G
3-PA,952,1804,0,2,0,1806,A
3-PA,953,1806,1,0,0,1807,A
3-PA,954,1820,0,0,0,1820,A
3-PA,955,0,3,1812,0,1815,G
3-PA,956,1818,0,1,0,1819,A
3-PA,957,1952,0,2,12,1966,A
3-PA,958,1,1,0,2015,2017,C
3-PA,959,4,0,0,2030,2034,C
3-PA,960,0,2014,0,1,2015,T
3-PA,961,0,2061,0,0,2061,T
3-PA,962,2065,0,0,0,2065,A
3-PA,963,0,2066,0,0,2066,T
3-PA,964,2058,0,0,0,2058,A
3-PA,965,0,2087,0,0,2087,T
3-PA,966,1981,0,3,0,1984,A
3-PA,967,0,1,1973,0,1974,G
3-PA,968,1,1958,0,1,1960,T
3-PA,969,11,1,0,1955,1967,C
3-PA,970,1955,0,0,0,1955,A
3-PA,971,1948,0,1,0,1949,A
3-PA,972,1942,0,0,0,1942,A
3-PA,973,1,0,0,1961,1962,C
3-PA,974,4,0,0,1939,1943,C
3-PA,975,1925,0,1,0,1926,A
3-PA,976,0,0,0,1935,1935,C
3-PA,977,1929,1,3,0,1933,A
3-PA,978,0,0,0,1942,1942,C
3-PA,979,1,7,1946,0,1954,G
3-PA,980,1916,0,0,0,1916,A
3-PA,981,1935,0,0,0,1935,A
3-PA,982,1945,0,0,0,1945,A
3-PA,983,1926,0,2,0,1928,A
3-PA,984,2,3,1960,0,1965,G
3-PA,985,0,2,1946,0,1948,G
3-PA,986,0,4,1953,0,1957,G
3-PA,987,1971,0,3,0,1974,A
3-PA,988,1969,0,1,0,1970,A
3-PA,989,1,1965,0,0,1966,T
3-PA,990,1967,1,1,0,1969,A
3-PA,991,1981,0,0,0,1981,A
3-PA,992,1982,0,0,0,1982,A
3-PA,993,1,1969,0,1,1971,T
3-PA,994,0,1962,0,0,1962,T
3-PA,995,14,1,0,1959,1974,C
3-PA,996,1983,0,0,0,1983,A
3-PA,997,1986,0,0,0,1986,A
3-PA,998,1982,0,0,0,1982,A
3-PA,999,0,1982,0,0,1982,T
3-PA,1000,0,1993,0,0,1993,T
3-PA,1001,1984,0,0,0,1984,A
3-PA,1002,0,0,0,1982,1982,C
3-PA,1003,2,0,0,1977,1979,C
3-PA,1004,0,1949,0,2,1951,T
3-PA,1005,1,0,1962,0,1963,G
3-PA,1006,2,1,0,1969,1972,C
3-PA,1007,0,1980,0,2,1982,T
3-PA,1008,0,1,2028,0,2029,G
3-PA,1009,1,2022,0,0,2023,T
3-PA,1010,7,0,0,2032,2039,C
3-PA,1011,2038,0,4,0,2042,A
3-PA,1012,1,2042,0,1,2044,T
3-PA,1013,2,6,2037,0,2045,G
3-PA,1014,1,4,2032,0,2037,G
3-PA,1015,2042,1,2,0,2045,A
3-PA,1016,2090,0,0,0,2090,A
3-PA,1017,1,1,2085,0,2087,G
3-PA,1018,0,0,0,2077,2077,C
3-PA,1019,2084,0,1,0,2085,A
3-PA,1020,2098,0,2,0,2100,A
3-PA,1021,1,0,2110,0,2111,G
3-PA,1022,1,2097,0,0,2098,T
3-PA,1023,2098,0,0,0,2098,A
3-PA,1024,1,0,0,2103,2104,C
3-PA,1025,2,2055,0,0,2057,T
3-PA,1026,0,0,2080,0,2080,G
3-PA,1027,0,2071,1,1,2073,T
3-PA,1028,7,1,0,2069,2077,C
3-PA,1029,2077,0,2,0,2079,A
3-PA,1030,0,8,2099,0,2107,G
3-PA,1031,2100,0,0,0,2100,A
3-PA,1032,2098,0,0,0,2098,A
3-PA,1033,0,2121,0,0,2121,T
3-PA,1034,0,2112,0,0,2112,T
3-PA,1035,0,0,2110,0,2110,G
3-PA,1036,1,0,0,2100,2101,C
3-PA,1037,2106,0,0,0,2106,A
3-PA,1038,0,3,2106,0,2109,G
3-PA,1039,0,4,2075,0,2079,G
3-PA,1040,2086,0,2,0,2088,A
3-PA,1041,0,0,0,2088,2088,C
3-PA,1042,1,0,2059,0,2060,G
3-PA,1043,0,2091,0,3,2094,T
3-PA,1044,0,2112,0,3,2115,T
3-PA,1045,0,4,2112,0,2116,G
3-PA,1046,2114,0,0,0,2114,A
3-PA,1047,2133,0,0,0,2133,A
3-PA,1048,2123,1,0,0,2124,A
3-PA,1049,2118,0,0,1,2119,A
3-PA,1050,0,2123,0,0,2123,T
3-PA,1051,0,6,2129,0,2135,G
3-PA,1052,2099,0,2,0,2101,A
3-PA,1053,0,1,2121,0,2122,G
3-PA,1054,1,9,2110,0,2120,G
3-PA,1055,2112,1,0,0,2113,A
3-PA,1056,0,4,2129,0,2133,G
3-PA,1057,2129,0,0,0,2129,A
3-PA,1058,2131,0,1,0,2132,A
3-PA,1059,1,3,2123,0,2127,G
3-PA,1060,0,0,2107,0,2107,G
3-PA,1061,0,2154,0,2,2156,T
3-PA,1062,0,2172,0,1,2173,T
3-PA,1063,11,0,0,2166,2177,C
3-PA,1064,5,0,0,2187,2192,C
3-PA,1065,2193,0,3,0,2196,A
3-PA,1066,2185,0,2,0,2187,A
3-PA,1067,1,5,2197,0,2203,G
3-PA,1068,0,7,2212,0,2219,G
3-PA,1069,2188,0,0,0,2188,A
3-PA,1070,1,0,0,2193,2194,C
3-PA,1071,0,2197,0,1,2198,T
3-PA,1072,2201,1,2,0,2204,A
3-PA,1073,2201,0,0,0,2201,A
3-PA,1074,2211,0,1,0,2212,A
3-PA,1075,2208,0,2,0,2210,A
3-PA,1076,2185,0,0,0,2185,A
3-PA,1077,0,0,0,2167,2167,C
3-PA,1078,2165,0,0,0,2165,A
3-PA,1079,0,2151,0,0,2151,T
3-PA,1080,0,5,2174,0,2179,G
3-PA,1081,2160,0,1,0,2161,A
3-PA,1082,2177,0,0,0,2177,A
3-PA,1083,0,7,2191,0,2198,G
3-PA,1084,2186,0,0,0,2186,A
3-PA,1085,2188,0,0,0,2188,A
3-PA,1086,2181,0,0,0,2181,A
3-PA,1087,2165,0,2,1,2168,A
3-PA,1088,0,0,0,2181,2181,C
3-PA,1089,3,6,2168,0,2177,G
3-PA,1090,2189,0,0,0,2189,A
3-PA,1091,0,1,2176,0,2177,G
3-PA,1092,0,2162,1,0,2163,T
3-PA,1093,18,1,0,2182,2201,C
3-PA,1094,2223,0,1,0,2224,A
3-PA,1095,2243,1,0,0,2244,A
3-PA,1096,0,0,0,2244,2244,C
3-PA,1097,0,2239,0,2,2241,T
3-PA,1098,0,6,2284,0,2290,G
3-PA,1099,2282,0,2,0,2284,A
3-PA,1100,2276,1,3,0,2280,A
3-PA,1101,0,0,2293,0,2293,G
3-PA,1102,0,2224,0,1,2225,T
3-PA,1103,0,7,2229,0,2236,G
3-PA,1104,0,2,2221,0,2223,G
3-PA,1105,0,0,2237,0,2237,G
3-PA,1106,2,0,0,2227,2229,C
3-PA,1107,1,2213,0,0,2214,T
3-PA,1108,2,0,0,2242,2244,C
3-PA,1109,0,2230,0,0,2230,T
3-PA,1110,1,2248,0,0,2249,T
3-PA,1111,0,8,2275,0,2283,G
3-PA,1112,0,1,2280,0,2281,G
3-PA,1113,1,2270,0,1,2272,T
3-PA,1114,0,9,2268,0,2277,G
3-PA,1115,2264,0,1,1,2266,A
3-PA,1116,2286,0,1,0,2287,A
3-PA,1117,2280,0,1,0,2281,A
3-PA,1118,2291,0,0,0,2291,A
3-PA,1119,0,0,0,2295,2295,C
3-PA,1120,2274,0,2,0,2276,A
3-PA,1121,0,2261,0,1,2262,T
3-PA,1122,1,10,2240,0,2251,G
3-PA,1123,0,0,2272,0,2272,G
3-PA,1124,0,2,0,2281,2283,C
3-PA,1125,2273,1,2,0,2276,A
3-PA,1126,1,0,0,2287,2288,C
3-PA,1127,2,0,0,2301,2303,C
3-PA,1128,2327,0,0,0,2327,A
3-PA,1129,0,10,2354,0,2364,G
3-PA,1130,2339,0,1,0,2340,A
3-PA,1131,3,2,2368,0,2373,G
3-PA,1132,2370,0,1,0,2371,A
3-PA,1133,2371,0,1,0,2372,A
3-PA,1134,0,10,2382,0,2392,G
3-PA,1135,0,1,2380,0,2381,G
3-PA,1136,1,2292,0,2,2295,T
3-PA,1137,2363,0,0,0,2363,A
3-PA,1138,0,9,2353,0,2362,G
3-PA,1139,2366,0,3,0,2369,A
3-PA,1140,0,0,0,2372,2372,C
3-PA,1141,0,2354,0,0,2354,T
3-PA,1142,1,2346,0,2,2349,T
3-PA,1143,0,2352,0,2,2354,T
3-PA,1144,0,8,2346,0,2354,G
3-PA,1145,2352,0,1,0,2353,A
3-PA,1146,2359,0,1,0,2360,A
3-PA,1147,2358,0,0,0,2358,A
3-PA,1148,2352,0,0,0,2352,A
3-PA,1149,0,0,0,2396,2396,C
3-PA,1150,0,2378,0,2,2380,T
3-PA,1151,0,1,2407,0,2408,G
3-PA,1152,0,0,1,2407,2408,C
3-PA,1153,2409,0,2,1,2412,A
3-PA,1154,2,6,2408,0,2416,G
3-PA,1155,2400,0,2,0,2402,A
3-PA,1156,0,3,2489,0,2492,G
3-PA,1157,2488,0,1,0,2489,A
3-PA,1158,1,1,0,2468,2470,C
3-PA,1159,2475,0,3,0,2478,A
3-PA,1160,1,2454,0,0,2455,T
3-PA,1161,2460,0,2,1,2463,A
3-PA,1162,2453,0,3,0,2456,A
3-PA,1163,1,0,2460,0,2461,G
3-PA,1164,1,2,0,2449,2452,C
3-PA,1165,2,6,2423,0,2431,G
3-PA,1166,2473,0,0,0,2473,A
3-PA,1167,0,2460,0,1,2461,T
3-PA,1168,0,2455,0,1,2456,T
3-PA,1169,0,2475,0,0,2475,T
3-PA,1170,0,9,2470,0,2479,G
3-PA,1171,2478,0,2,0,2480,A
3-PA,1172,2477,0,1,0,2478,A
3-PA,1173,0,0,2492,0,2492,G
3-PA,1174,1,0,0,2531,2532,C
3-PA,1175,2517,0,0,0,2517,A
3-PA,1176,2683,0,0,0,2683,A
3-PA,1177,0,2686,0,0,2686,T
3-PA,1178,2700,0,2,0,2702,A
3-PA,1179,0,2702,0,1,2703,T
3-PA,1180,2,6,2705,0,2713,G
3-PA,1181,2740,0,0,0,2740,A
3-PA,1182,1,2731,0,0,2732,T
3-PA,1183,2660,0,0,0,2660,A
3-PA,1184,1,0,2665,0,2666,G
3-PA,1185,0,2556,0,0,2556,T
3-PA,1186,0,4,2556,0,2560,G
3-PA,1187,2557,0,1,1,2559,A
3-PA,1188,0,1,0,2539,2540,C
3-PA,1189,0,14,2522,0,2536,G
3-PA,1190,2555,0,0,0,2555,A
3-PA,1191,2556,0,1,1,2558,A
3-PA,1192,0,0,0,2557,2557,C
3-PA,1193,3,0,0,2570,2573,C
3-PA,1194,0,2557,1,4,2562,T
3-PA,1195,3,11,2614,0,2628,G
3-PA,1196,2607,0,0,0,2607,A
3-PA,1197,2616,0,1,0,2617,A
3-PA,1198,0,2617,0,0,2617,T
3-PA,1199,0,2605,0,1,2606,T
3-PA,1200,2611,0,0,0,2611,A
3-PA,1201,2591,0,0,0,2591,A
3-PA,1202,0,8,2575,0,2583,G
3-PA,1203,0,0,2588,0,2588,G
3-PA,1204,0,2489,0,1,2490,T
3-PA,1205,18,0,0,2492,2510,C
3-PA,1206,2498,0,1,0,2499,A
3-PA,1207,0,0,0,2580,2580,C
3-PA,1208,0,2582,0,1,2583,T
3-PA,1209,0,2579,0,0,2579,T
3-PA,1210,0,2583,0,1,2584,T
3-PA,1211,7,0,0,2578,2585,C
3-PA,1212,2580,1,8,2,2591,A
3-PA,1213,2590,0,2,0,2592,A
3-PA,1214,0,0,2614,0,2614,G
3-PA,1215,1,0,0,2601,2602,C
3-PA,1216,0,2559,0,2,2561,T
3-PA,1217,1,6,2624,0,2631,G
3-PA,1218,0,7,2629,0,2636,G
3-PA,1219,2640,0,3,0,2643,A
3-PA,1220,1,2674,0,0,2675,T
3-PA,1221,2670,1,0,0,2671,A
3-PA,1222,0,0,0,2685,2685,C
3-PA,1223,2656,0,1,0,2657,A
3-PA,1224,1,9,2669,0,2679,G
3-PA,1225,2684,0,0,0,2684,A
3-PA,1226,2637,0,0,0,2637,A
3-PA,1227,0,2622,0,1,2623,T
3-PA,1228,0,14,2637,0,2651,G
3-PA,1229,2631,1,0,0,2632,A
3-PA,1230,3,0,2649,0,2652,G
3-PA,1231,0,2631,0,2,2633,T
3-PA,1232,0,2626,0,0,2626,T
3-PA,1233,18,0,1,2641,2660,C
3-PA,1234,2674,0,2,0,2676,A
3-PA,1235,2673,0,0,0,2673,A
3-PA,1236,0,0,0,2669,2669,C
3-PA,1237,2638,0,1,0,2639,A
3-PA,1238,2644,0,2,0,2646,A
3-PA,1239,0,6,2623,0,2629,G
3-PA,1240,0,2,2630,0,2632,G
3-PA,1241,0,0,0,2631,2631,C
3-PA,1242,3,2,0,2636,2641,C
3-PA,1243,0,2633,0,1,2634,T
3-PA,1244,0,3,2661,0,2664,G
3-PA,1245,0,2643,0,1,2644,T
3-PA,1246,0,17,2679,0,2696,G
3-PA,1247,2694,0,6,1,2701,A
3-PA,1248,0,1,2685,0,2686,G
3-PA,1249,0,2,0,2650,2652,C
3-PA,1250,0,2654,0,1,2655,T
3-PA,1251,2703,0,2,0,2705,A
3-PA,1252,2698,0,1,0,2699,A
3-PA,1253,0,1,0,2709,2710,C
3-PA,1254,0,2700,0,1,2701,T
3-PA,1255,1,15,2697,2,2715,G
3-PA,1256,2690,0,0,0,2690,A
3-PA,1257,0,2685,0,0,2685,T
3-PA,1258,0,2697,0,1,2698,T
3-PA,1259,11,1,0,2692,2704,C
3-PA,1260,2770,0,2,0,2772,A
3-PA,1261,1,2,2812,0,2815,G
3-PA,1262,1,2792,0,2,2795,T
3-PA,1263,5,0,0,2794,2799,C
3-PA,1264,0,2798,3,1,2802,T
3-PA,1265,1,6,2890,0,2897,G
3-PA,1266,0,8,2883,0,2891,G
3-PA,1267,2892,0,1,0,2893,A
3-PA,1268,0,2899,0,1,2900,T
3-PA,1269,2771,0,0,0,2771,A
3-PA,1270,0,4,2761,0,2765,G
3-PA,1271,2739,0,0,0,2739,A
3-PA,1272,4,1,2747,0,2752,G
3-PA,1273,1,0,1,2729,2731,C
3-PA,1274,0,2680,0,2,2682,T
3-PA,1275,8,1,0,2689,2698,C
3-PA,1276,0,5,2702,0,2707,G
3-PA,1277,2703,0,3,0,2706,A
3-PA,1278,0,2710,0,0,2710,T
3-PA,1279,0,15,2694,0,2709,G
3-PA,1280,2746,0,0,0,2746,A
3-PA,1281,2743,0,1,0,2744,A
3-PA,1282,2741,0,0,0,2741,A
3-PA,1283,0,2706,0,0,2706,T
3-PA,1284,0,2728,0,2,2730,T
3-PA,1285,0,6,2742,1,2749,G
3-PA,1286,0,4,2743,0,2747,G
3-PA,1287,2740,0,6,0,2746,A
3-PA,1288,0,4,2742,0,2746,G
3-PA,1289,2720,0,2,0,2722,A
3-PA,1290,3,6,2719,0,2728,G
3-PA,1291,1,7,2734,0,2742,G
3-PA,1292,2767,0,1,0,2768,A
3-PA,1293,0,1,0,2770,2771,C
3-PA,1294,0,1,2766,0,2767,G
3-PA,1295,0,2751,0,2,2753,T
3-PA,1296,2764,1,2,0,2767,A
3-PA,1297,0,0,2777,0,2777,G
3-PA,1298,1,1,0,2777,2779,C
3-PA,1299,7,0,0,2731,2738,C
3-PA,1300,6,0,0,2727,2733,C
3-PA,1301,2,1,0,2750,2753,C
3-PA,1302,2764,0,0,0,2764,A
3-PA,1303,2855,0,0,0,2855,A
3-PA,1304,0,2830,0,2,2832,T
3-PA,1305,0,2846,0,1,2847,T
3-PA,1306,1,13,2825,0,2839,G
3-PA,1307,2791,0,3,0,2794,A
3-PA,1308,2,2,2793,0,2797,G
3-PA,1309,1,3,0,2788,2792,C
3-PA,1310,2786,1,2,0,2789,A
3-PA,1311,0,0,0,2837,2837,C
3-PA,1312,2787,0,0,0,2787,A
3-PA,1313,0,2843,0,1,2844,T
3-PA,1314,0,2836,0,2,2838,T
3-PA,1315,0,1,2848,0,2849,G
3-PA,1316,1,1,0,2828,2830,C
3-PA,1317,2833,0,2,0,2835,A
3-PA,1318,2834,0,2,0,2836,A
3-PA,1319,1,1,2846,0,2848,G
3-PA,1320,0,1,1,2815,2817,C
3-PA,1321,2813,0,0,0,2813,A
3-PA,1322,0,2769,0,0,2769,T
3-PA,1323,0,14,2752,0,2766,G
3-PA,1324,2750,0,0,0,2750,A
3-PA,1325,0,7,2766,0,2773,G
3-PA,1326,2765,0,0,0,2765,A
3-PA,1327,2775,0,1,0,2776,A
3-PA,1328,1,3,2752,0,2756,G
3-PA,1329,0,11,2746,0,2757,G
3-PA,1330,2765,0,0,0,2765,A
3-PA,1331,2769,0,2,0,2771,A
3-PA,1332,0,2763,0,1,2764,T
3-PA,1333,0,2770,0,0,2770,T
3-PA,1334,2783,0,0,0,2783,A
3-PA,1335,0,2788,0,0,2788,T
3-PA,1336,0,2777,0,3,2780,T
3-PA,1337,0,2781,0,0,2781,T
3-PA,1338,7,4,0,2757,2768,C
3-PA,1339,2768,0,0,0,2768,A
3-PA,1340,0,0,0,2824,2824,C
3-PA,1341,2812,0,1,0,2813,A
3-PA,1342,0,1,2825,0,2826,G
3-PA,1343,0,1,0,2821,2822,C
3-PA,1344,2812,0,0,0,2812,A
3-PA,1345,0,5,2818,0,2823,G
3-PA,1346,2806,0,6,0,2812,A
3-PA,1347,0,4,2813,0,2817,G
3-PA,1348,0,1,2818,0,2819,G
3-PA,1349,1,2728,0,2,2731,T
3-PA,1350,0,2,2778,0,2780,G
3-PA,1351,0,2777,0,1,2778,T
3-PA,1352,13,1,0,2752,2766,C
3-PA,1353,7,1,0,2806,2814,C
3-PA,1354,6,1,0,2791,2798,C
3-PA,1355,2838,0,0,0,2838,A
3-PA,1356,1,2846,0,1,2848,T
3-PA,1357,0,2831,0,1,2832,T
3-PA,1358,2,1,2834,1,2838,G
3-PA,1359,0,2796,0,1,2797,T
3-PA,1360,2753,0,1,0,2754,A
3-PA,1361,0,2,2738,0,2740,G
3-PA,1362,2684,0,2,0,2686,A
3-PA,1363,0,0,2694,0,2694,G
3-PA,1364,0,0,0,2662,2662,C
3-PA,1365,10,0,0,2632,2642,C
3-PA,1366,2671,0,1,0,2672,A
3-PA,1367,1,0,0,2683,2684,C
3-PA,1368,0,2665,0,1,2666,T
3-PA,1369,1,11,2661,0,2673,G
3-PA,1370,2663,0,0,0,2663,A
3-PA,1371,2615,0,3,0,2618,A
3-PA,1372,0,2687,0,1,2688,T
3-PA,1373,2718,0,1,0,2719,A
3-PA,1374,1,0,0,2753,2754,C
3-PA,1375,2706,0,0,0,2706,A
3-PA,1376,0,2720,0,0,2720,T
3-PA,1377,2699,0,1,0,2700,A
3-PA,1378,2700,1,0,0,2701,A
3-PA,1379,0,2698,0,0,2698,T
3-PA,1380,1,4,2671,0,2676,G
3-PA,1381,2660,0,0,0,2660,A
3-PA,1382,2625,0,0,0,2625,A
3-PA,1383,2,10,2617,0,2629,G
3-PA,1384,0,8,2619,1,2628,G
3-PA,1385,0,8,2645,0,2653,G
3-PA,1386,0,6,2645,0,2651,G
3-PA,1387,1,1,2676,0,2678,G
3-PA,1388,0,2628,0,0,2628,T
3-PA,1389,2649,0,0,0,2649,A
3-PA,1390,0,2662,0,0,2662,T
3-PA,1391,2707,0,1,0,2708,A
3-PA,1392,1,0,0,2905,2906,C
3-PA,1393,2843,0,0,0,2843,A
3-PA,1394,0,2786,0,0,2786,T
3-PA,1395,0,2772,0,0,2772,T
3-PA,1396,2740,1,0,0,2741,A
3-PA,1397,2770,0,0,0,2770,A
3-PA,1398,0,2,0,2768,2770,C
3-PA,1399,2724,0,1,0,2725,A
3-PA,1400,0,0,0,2719,2719,C
3-PA,1401,0,2460,0,2,2462,T
3-PA,1402,0,2,2529,0,2531,G
3-PA,1403,1,2,0,2507,2510,C
3-PA,1404,6,0,0,2489,2495,C
3-PA,1405,3,12,0,2499,2514,C
3-PA,1406,1,2455,0,2,2458,T
3-PA,1407,0,2,2531,0,2533,G
3-PA,1408,0,2,0,2530,2532,C
3-PA,1409,0,2526,0,1,2527,T
3-PA,1410,8,2,0,2585,2595,C
3-PA,1411,2499,0,1,1,2501,A
3-PA,1412,2514,0,0,0,2514,A
3-PA,1413,0,2505,0,3,2508,T
3-PA,1414,0,0,2512,0,2512,G
3-PA,1415,0,1,0,2505,2506,C
3-PA,1416,2438,1,0,0,2439,A
3-PA,1417,0,2416,1,2,2419,T
3-PA,1418,4,0,0,2419,2423,C
3-PA,1419,9,0,0,2429,2438,C
3-PA,1420,1,2359,0,1,2361,T
3-PA,1421,0,0,2408,0,2408,G
3-PA,1422,1,2398,1,2,2402,T
3-PA,1423,3,0,2393,0,2396,G
3-PA,1424,1,0,0,2393,2394,C
3-PA,1425,2365,0,0,0,2365,A
3-PA,1426,0,0,2376,0,2376,G
3-PA,1427,0,1,0,2368,2369,C
3-PA,1428,2341,0,0,0,2341,A
3-PA,1429,2342,0,0,0,2342,A
3-PA,1430,0,2248,0,1,2249,T
3-PA,1431,1,9,2244,1,2255,G
3-PA,1432,0,4,2250,0,2254,G
3-PA,1433,2263,0,0,0,2263,A
3-PA,1434,1,2,0,2237,2240,C
3-PA,1435,0,14,2223,2,2239,G
3-PA,1436,2259,0,2,0,2261,A
3-PA,1437,0,2263,0,0,2263,T
3-PA,1438,0,2257,0,1,2258,T
3-PA,1439,0,2258,0,1,2259,T
3-PA,1440,1,2245,0,0,2246,T
3-PA,1441,12,0,0,2243,2255,C
3-PA,1442,2259,0,0,0,2259,A
3-PA,1443,2389,0,0,0,2389,A
3-PA,1444,1,0,0,2386,2387,C
3-PA,1445,0,2348,0,1,2349,T
3-PA,1446,2366,0,0,0,2366,A
3-PA,1447,2355,0,0,0,2355,A
3-PA,1448,0,2355,0,0,2355,T
3-PA,1449,0,2345,0,0,2345,T
3-PA,1450,10,0,0,2354,2364,C
3-PA,1451,6,2,0,2340,2348,C
3-PA,1452,8,0,0,2328,2336,C
3-PA,1453,2339,0,1,0,2340,A
3-PA,1454,0,2363,1,4,2368,T
3-PA,1455,1,7,2356,0,2364,G
3-PA,1456,2376,0,0,0,2376,A
3-PA,1457,1,2352,0,1,2354,T
3-PA,1458,2347,0,4,0,2351,A
3-PA,1459,2355,0,1,0,2356,A
3-PA,1460,0,0,2346,1,2347,G
3-PA,1461,1,0,0,2342,2343,C
3-PA,1462,2341,1,0,0,2342,A
3-PA,1463,2283,0,2,0,2285,A
3-PA,1464,0,0,2314,0,2314,G
3-PA,1465,0,2298,0,1,2299,T
3-PA,1466,0,1,2296,0,2297,G
3-PA,1467,2,1,0,2295,2298,C
3-PA,1468,2267,1,2,0,2270,A
3-PA,1469,0,3,2295,0,2298,G
3-PA,1470,2296,0,0,0,2296,A
3-PA,1471,2314,0,1,0,2315,A
3-PA,1472,0,1,0,2317,2318,C
3-PA,1473,0,2277,0,0,2277,T
3-PA,1474,2287,0,1,0,2288,A
3-PA,1475,2283,0,2,0,2285,A
3-PA,1476,2279,0,1,0,2280,A
3-PA,1477,0,2,2283,0,2285,G
3-PA,1478,2204,0,1,0,2205,A
3-PA,1479,0,3,2194,0,2197,G
3-PA,1480,0,9,2154,0,2163,G
3-PA,1481,0,4,2150,1,2155,G
3-PA,1482,2144,0,1,0,2145,A
3-PA,1483,2100,0,2,0,2102,A
3-PA,1484,1,0,2100,0,2101,G
3-PA,1485,0,1,2089,0,2090,G
3-PA,1486,0,1,0,2094,2095,C
3-PA,1487,1,8,2090,0,2099,G
3-PA,1488,2088,0,3,0,2091,A
3-PA,1489,2101,0,0,0,2101,A
3-PA,1490,2097,0,0,1,2098,A
3-PA,1491,2105,0,0,0,2105,A
3-PA,1492,2102,0,0,1,2103,A
3-PA,1493,0,0,0,2094,2094,C
3-PA,1494,6,0,0,2087,2093,C
3-PA,1495,2085,0,0,0,2085,A
3-PA,1496,2110,0,0,0,2110,A
3-PA,1497,0,2093,0,0,2093,T
3-PA,1498,0,2100,0,1,2101,T
3-PA,1499,0,2112,0,0,2112,T
3-PA,1500,2124,0,0,0,2124,A
3-PA,1501,0,2115,0,1,2116,T
3-PA,1502,2111,0,0,0,2111,A
3-PA,1503,0,2086,0,1,2087,T
3-PA,1504,0,5,2079,0,2084,G
3-PA,1505,1,5,2062,0,2068,G
3-PA,1506,2056,0,0,0,2056,A
3-PA,1507,0,2036,0,3,2039,T
3-PA,1508,0,2016,0,0,2016,T
3-PA,1509,7,0,0,1999,2006,C
3-PA,1510,2017,1,0,0,2018,A
3-PA,1511,0,2020,1,0,2021,T
3-PA,1512,10,0,0,2015,2025,C
3-PA,1513,2021,0,0,0,2021,A
3-PA,1514,0,2009,0,1,2010,T
3-PA,1515,1999,0,0,0,1999,A
3-PA,1516,2001,0,0,0,2001,A
3-PA,1517,1998,0,1,0,1999,A
3-PA,1518,0,9,1983,0,1992,G
3-PA,1519,0,4,1953,0,1957,G
3-PA,1520,0,3,1951,0,1954,G
3-PA,1521,1925,0,0,1,1926,A
3-PA,1522,1911,0,1,0,1912,A
3-PA,1523,0,4,1916,0,1920,G
3-PA,1524,1908,0,0,0,1908,A
3-PA,1525,1,1900,0,0,1901,T
3-PA,1526,6,0,0,1893,1899,C
3-PA,1527,0,1877,0,0,1877,T
3-PA,1528,12,0,0,1890,1902,C
3-PA,1529,1902,0,0,0,1902,A
3-PA,1530,0,1900,0,0,1900,T
3-PA,1531,0,1905,0,0,1905,T
3-PA,1532,0,1873,0,0,1873,T
3-PA,1533,1871,0,0,0,1871,A
3-PA,1534,1867,0,1,0,1868,A
3-PA,1535,0,5,1860,0,1865,G
3-PA,1536,0,6,1871,0,1877,G
3-PA,1537,1793,0,1,0,1794,A
3-PA,1538,1797,0,1,0,1798,A
3-PA,1539,0,1800,2,2,1804,T
3-PA,1540,0,7,1799,0,1806,G
3-PA,1541,1829,1,1,0,1831,A
3-PA,1542,0,1,0,1826,1827,C
3-PA,1543,1806,0,1,0,1807,A
3-PA,1544,0,0,0,1812,1812,C
3-PA,1545,1766,0,3,0,1769,A
3-PA,1546,0,3,1782,0,1785,G
3-PA,1547,1769,0,0,0,1769,A
3-PA,1548,1,0,0,1742,1743,C
3-PA,1549,0,0,1718,0,1718,G
3-PA,1550,0,1591,0,0,1591,T
3-PA,1551,0,3,1590,0,1593,G
3-PA,1552,2,1,1590,0,1593,G
3-PA,1553,0,1592,0,2,1594,T
3-PA,1554,1594,0,0,0,1594,A
3-PA,1555,1554,0,0,0,1554,A
3-PA,1556,1551,0,0,0,1551,A
3-PA,1557,0,1542,0,0,1542,T
3-PA,1558,0,1527,2,0,1529,T
3-PA,1559,4,1516,0,0,1520,T
3-PA,1560,0,1508,0,0,1508,T
3-PA,1561,1,0,1508,0,1509,G
3-PA,1562,0,1481,0,0,1481,T
3-PA,1563,1,5,1485,0,1491,G
3-PA,1564,1466,0,3,0,1469,A
3-PA,1565,0,2,1459,0,1461,G
3-PA,1566,2,1,0,1440,1443,C
3-PA,1567,1454,0,0,0,1454,A
3-PA,1568,0,1448,1,1,1450,T
3-PA,1569,0,4,1452,0,1456,G
3-PA,1570,0,3,1456,0,1459,G
3-PA,1571,1451,0,2,0,1453,A
3-PA,1572,0,1,1458,0,1459,G
3-PA,1573,0,1436,0,0,1436,T
3-PA,1574,0,1408,0,1,1409,T
3-PA,1575,0,1414,0,0,1414,T
3-PA,1576,0,1413,0,1,1414,T
3-PA,1577,4,0,0,1417,1421,C
3-PA,1578,0,1406,0,1,1407,T
3-PA,1579,6,0,0,1383,1389,C
3-PA,1580,0,1349,1,2,1352,T
3-PA,1581,1,0,0,1344,1345,C
3-PA,1582,1336,0,0,0,1336,A
3-PA,1583,0,1,0,1338,1339,C
3-PA,1584,0,1300,0,1,1301,T
3-PA,1585,0,7,1292,0,1299,G
3-PA,1586,1293,0,0,0,1293,A
3-PA,1587,0,0,0,1288,1288,C
3-PA,1588,1,0,0,1290,1291,C
3-PA,1589,8,2,0,1258,1268,C
3-PA,1590,0,2,1263,0,1265,G
3-PA,1591,1263,0,0,0,1263,A
3-PA,1592,0,4,1258,0,1262,G
3-PA,1593,1254,0,0,0,1254,A
3-PA,1594,0,1,0,1230,1231,C
3-PA,1595,0,1200,0,0,1200,T
3-PA,1596,0,1135,0,1,1136,T
3-PA,1597,0,4,1130,0,1134,G
3-PA,1598,1120,0,2,0,1122,A
3-PA,1599,0,0,1121,0,1121,G
3-PA,1600,0,0,0,1120,1120,C
3-PA,1601,4,0,0,1083,1087,C
3-PA,1602,1089,0,0,0,1089,A
3-PA,1603,0,1,0,1094,1095,C
3-PA,1604,1091,0,2,0,1093,A
3-PA,1605,0,1096,0,1,1097,T
3-PA,1606,1085,0,0,0,1085,A
3-PA,1607,1075,0,1,0,1076,A
3-PA,1608,1072,0,0,0,1072,A
3-PA,1609,0,1051,0,0,1051,T
3-PA,1610,1,3,1049,0,1053,G
3-PA,1611,1,2,932,0,935,G
3-PA,1612,0,5,917,0,922,G
3-PA,1613,895,0,0,0,895,A
3-PA,1614,2,1,885,0,888,G
3-PA,1615,863,0,0,0,863,A
3-PA,1616,850,0,0,0,850,A
3-PA,1617,847,0,0,0,847,A
3-PA,1618,0,840,1,0,841,T
3-PA,1619,820,0,0,0,820,A
3-PA,1620,4,0,0,812,816,C
3-PA,1621,0,499,0,0,499,T
3-PA,1622,2,0,496,0,498,G
3-PA,1623,0,362,0,0,362,T
3-PA,1624,0,0,365,0,365,G
3-PA,1625,0,335,0,0,335,T
3-PA,1626,2,0,0,269,271,C
3-PA,1627,1,0,0,261,262,C
3-PA,1628,0,255,0,2,257,T
3-PA,1629,0,260,0,0,260,T
3-PA,1630,0,0,260,0,260,G
3-PA,1631,256,0,0,0,256,A
3-PA,1632,0,0,263,0,263,G
3-PA,1633,259,0,0,0,259,A
3-PA,1634,0,261,0,0,261,T
3-PA,1635,257,0,0,0,257,A
3-PA,1636,0,0,260,0,260,G
3-PA,1637,0,0,262,0,262,G
3-PA,1638,260,0,0,0,260,A
3-PA,1639,0,0,259,0,259,G
3-PA,1640,257,0,0,0,257,A
3-PA,1641,0,253,0,0,253,T
3-PA,1642,258,0,0,0,258,A
3-PA,1643,0,256,0,0,256,T
3-PA,1644,0,0,264,0,264,G
3-PA,1645,0,262,0,0,262,T
3-PA,1646,0,260,0,0,260,T
3-PA,1647,264,0,0,0,264,A
3-PA,1648,0,0,0,267,267,C
3-PA,1649,0,265,0,0,265,T
3-PA,1650,267,0,0,0,267,A
3-PA,1651,263,0,0,0,263,A
3-PA,1652,0,1,265,0,266,G
3-PA,1653,262,0,0,0,262,A
3-PA,1654,261,0,0,0,261,A
3-PA,1655,0,0,256,0,256,G
3-PA,1656,0,250,0,0,250,T
3-PA,1657,0,0,256,0,256,G
3-PA,1658,0,0,0,255,255,C
3-PA,1659,0,0,0,258,258,C
3-PA,1660,257,0,0,0,257,A
3-PA,1661,0,254,0,0,254,T
3-PA,1662,256,0,0,0,256,A
3-PA,1663,0,0,254,0,254,G
3-PA,1664,0,0,256,0,256,G
3-PA,1665,0,0,0,253,253,C
3-PA,1666,0,0,0,252,252,C
3-PA,1667,252,0,0,0,252,A
3-PA,1668,254,0,0,0,254,A
3-PA,1669,250,0,0,0,250,A
3-PA,1670,0,245,0,8,253,T
3-PA,1671,0,248,0,0,248,T
3-PA,1672,0,249,0,0,249,T
3-PA,1673,1,0,0,251,252,C
3-PA,1674,243,0,0,0,243,A
3-PA,1675,243,0,2,0,245,A
3-PA,1676,0,2,245,0,247,G
3-PA,1677,0,0,246,0,246,G
3-PA,1678,0,0,0,237,237,C
3-PA,1679,0,0,0,243,243,C
3-PA,1680,246,0,0,0,246,A
3-PA,1681,255,0,0,0,255,A
3-PA,1682,0,258,0,0,258,T
3-PA,1683,0,0,267,0,267,G
3-PA,1684,0,260,0,1,261,T
3-PA,1685,0,275,0,0,275,T
3-PA,1686,3,0,0,275,278,C
3-PA,1687,0,276,0,0,276,T
3-PA,1688,0,278,0,0,278,T
3-PA,1689,266,0,0,0,266,A
3-PA,1690,0,268,0,0,268,T
3-PA,1691,270,0,0,0,270,A
3-PA,1692,0,269,0,0,269,T
3-PA,1693,0,0,272,0,272,G
3-PA,1694,0,254,0,0,254,T
3-PA,1695,0,0,253,0,253,G
3-PA,1696,245,0,0,0,245,A
3-PA,1697,0,1,247,0,248,G
3-PA,1698,0,1,247,0,248,G
3-PA,1699,248,0,0,0,248,A
3-PA,1700,0,0,0,249,249,C
3-PA,1701,248,0,0,0,248,A
3-PA,1702,247,0,0,0,247,A
3-PA,1703,248,0,1,0,249,A
3-PA,1704,0,0,0,249,249,C
3-PA,1705,0,0,250,0,250,G
3-PA,1706,0,0,249,0,249,G
3-PA,1707,245,0,0,0,245,A
3-PA,1708,243,0,0,0,243,A
3-PA,1709,0,0,0,244,244,C
3-PA,1710,245,0,0,0,245,A
3-PA,1711,0,244,0,0,244,T
3-PA,1712,0,0,0,247,247,C
3-PA,1713,247,0,0,0,247,A
3-PA,1714,245,0,0,0,245,A
3-PA,1715,238,0,0,0,238,A
3-PA,1716,0,0,243,0,243,G
3-PA,1717,0,0,242,0,242,G
3-PA,1718,0,237,0,0,237,T
3-PA,1719,1,0,0,236,237,C
3-PA,1720,239,0,0,0,239,A
3-PA,1721,237,0,0,0,237,A
3-PA,1722,241,0,0,0,241,A
3-PA,1723,240,0,0,0,240,A
3-PA,1724,0,240,0,0,240,T
3-PA,1725,0,0,242,0,242,G
3-PA,1726,239,0,0,0,239,A
3-PA,1727,237,0,0,0,237,A
3-PA,1728,238,0,1,0,239,A
3-PA,1729,0,239,0,0,239,T
3-PA,1730,0,0,242,0,242,G
3-PA,1731,0,0,243,0,243,G
3-PA,1732,0,0,237,0,237,G
3-PA,1733,0,1,240,0,241,G
3-PA,1734,242,0,0,0,242,A
3-PA,1735,241,0,0,0,241,A
3-PA,1736,0,240,0,0,240,T
3-PA,1737,0,0,243,0,243,G
3-PA,1738,0,0,246,0,246,G
3-PA,1739,242,0,0,0,242,A
3-PA,1740,0,1,242,0,243,G
3-PA,1741,242,0,0,0,242,A
3-PA,1742,0,238,0,0,238,T
3-PA,1743,0,0,239,0,239,G
3-PA,1744,233,0,1,0,234,A
3-PA,1745,0,1,238,1,240,G
3-PA,1746,240,0,0,0,240,A
3-PA,1747,0,0,0,237,237,C
3-PA,1748,0,0,236,0,236,G
3-PA,1749,0,233,0,0,233,T
3-PA,1750,0,233,0,0,233,T
3-PA,1751,0,0,236,0,236,G
3-PA,1752,0,0,0,234,234,C
3-PA,1753,1,0,0,237,238,C
3-PA,1754,0,235,0,0,235,T
3-PA,1755,0,0,0,239,239,C
3-PA,1756,0,0,0,240,240,C
3-PA,1757,0,242,0,0,242,T
3-PA,1758,0,243,0,0,243,T
3-PA,1759,0,0,0,245,245,C
3-PA,1760,241,0,0,0,241,A
3-PA,1761,0,0,240,0,240,G
3-PA,1762,0,239,0,0,239,T
3-PA,1763,3,0,0,243,246,C
3-PA,1764,241,0,0,0,241,A
3-PA,1765,0,1,0,241,242,C
3-PA,1766,0,239,0,0,239,T
3-PA,1767,0,0,0,246,246,C
3-PA,1768,0,0,0,248,248,C
3-PA,1769,246,0,0,0,246,A
3-PA,1770,0,1,241,0,242,G
3-PA,1771,0,0,0,246,246,C
3-PA,1772,245,0,0,0,245,A
3-PA,1773,0,3,247,0,250,G
3-PA,1774,240,0,0,0,240,A
3-PA,1775,0,241,0,0,241,T
3-PA,1776,0,0,0,240,240,C
3-PA,1777,1,0,240,0,241,G
3-PA,1778,238,0,0,0,238,A
3-PA,1779,0,1,240,0,241,G
3-PA,1780,238,0,0,0,238,A
3-PA,1781,0,0,242,0,242,G
3-PA,1782,1,0,0,238,239,C
3-PA,1783,240,0,0,0,240,A
3-PA,1784,0,240,0,0,240,T
3-PA,1785,0,2,247,0,249,G
3-PA,1786,249,0,0,0,249,A
3-PA,1787,0,250,0,0,250,T
3-PA,1788,0,246,0,0,246,T
3-PA,1789,0,1,246,0,247,G
3-PA,1790,248,0,0,0,248,A
3-PA,1791,248,0,0,0,248,A
3-PA,1792,0,0,242,0,242,G
3-PA,1793,0,0,0,241,241,C
3-PA,1794,0,0,0,242,242,C
3-PA,1795,0,1,237,0,238,G
3-PA,1796,235,0,0,0,235,A
3-PA,1797,0,0,238,0,238,G
3-PA,1798,0,240,0,0,240,T
3-PA,1799,1,0,0,236,237,C
3-PA,1800,3,0,0,235,238,C
3-PA,1801,0,235,0,0,235,T
3-PA,1802,1,0,0,237,238,C
3-PA,1803,0,0,239,0,239,G
3-PA,1804,0,0,248,0,248,G
3-PA,1805,0,246,0,0,246,T
3-PA,1806,0,248,0,0,248,T
3-PA,1807,250,0,0,0,250,A
3-PA,1808,246,0,0,0,246,A
3-PA,1809,248,0,0,0,248,A
3-PA,1810,0,0,251,0,251,G
3-PA,1811,248,0,0,0,248,A
3-PA,1812,0,2,246,0,248,G
3-PA,1813,246,0,0,0,246,A
3-PA,1814,246,0,0,0,246,A
3-PA,1815,243,0,2,0,245,A
3-PA,1816,0,0,250,0,250,G
3-PA,1817,251,0,0,0,251,A
3-PA,1818,0,0,0,252,252,C
3-PA,1819,246,0,0,1,247,A
3-PA,1820,0,248,0,0,248,T
3-PA,1821,0,0,248,0,248,G
3-PA,1822,248,0,0,0,248,A
3-PA,1823,0,0,0,251,251,C
3-PA,1824,0,1,0,248,249,C
3-PA,1825,252,0,0,0,252,A
3-PA,1826,251,0,0,0,251,A
3-PA,1827,252,0,0,0,252,A
3-PA,1828,0,3,249,0,252,G
3-PA,1829,246,0,0,0,246,A
3-PA,1830,0,0,255,0,255,G
3-PA,1831,0,246,0,0,246,T
3-PA,1832,0,250,0,0,250,T
3-PA,1833,0,247,0,0,247,T
3-PA,1834,0,249,0,0,249,T
3-PA,1835,0,250,0,0,250,T
3-PA,1836,0,249,0,0,249,T
3-PA,1837,0,1,252,0,253,G
3-PA,1838,249,0,0,0,249,A
3-PA,1839,0,2,248,0,250,G
3-PA,1840,252,0,0,0,252,A
3-PA,1841,251,0,0,0,251,A
3-PA,1842,0,245,0,3,248,T
3-PA,1843,250,0,0,0,250,A
3-PA,1844,259,0,0,0,259,A
3-PA,1845,261,0,0,0,261,A
3-PA,1846,0,260,0,0,260,T
3-PA,1847,0,0,0,263,263,C
3-PA,1848,259,0,0,0,259,A
3-PA,1849,0,0,259,0,259,G
3-PA,1850,261,0,0,0,261,A
3-PA,1851,260,0,0,0,260,A
3-PA,1852,0,0,261,0,261,G
3-PA,1853,0,0,0,254,254,C
3-PA,1854,251,0,0,0,251,A
3-PA,1855,0,251,0,0,251,T
3-PA,1856,0,1,251,0,252,G
3-PA,1857,0,0,254,0,254,G
3-PA,1858,0,0,0,246,246,C
3-PA,1859,0,0,0,250,250,C
3-PA,1860,1,0,0,258,259,C
3-PA,1861,259,0,0,0,259,A
3-PA,1862,0,262,0,0,262,T
3-PA,1863,0,262,0,0,262,T
3-PA,1864,0,2,260,0,262,G
3-PA,1865,0,0,259,0,259,G
3-PA,1866,0,0,259,0,259,G
3-PA,1867,0,0,256,0,256,G
3-PA,1868,237,0,0,0,237,A
3-PA,1869,0,0,238,0,238,G
3-PA,1870,0,239,0,0,239,T
3-PA,1871,0,0,0,237,237,C
3-PA,1872,0,0,0,245,245,C
3-PA,1873,0,0,0,248,248,C
3-PA,1874,0,0,0,249,249,C
3-PA,1875,0,0,0,246,246,C
3-PA,1876,249,0,0,0,249,A
3-PA,1877,251,0,0,1,252,A
3-PA,1878,0,1,248,0,249,G
3-PA,1879,0,0,252,0,252,G
3-PA,1880,0,0,251,0,251,G
3-PA,1881,230,0,1,0,231,A
3-PA,1882,0,0,229,0,229,G
3-PA,1883,0,229,0,1,230,T
3-PA,1884,0,0,231,0,231,G
3-PA,1885,0,2,231,0,233,G
3-PA,1886,233,0,0,0,233,A
3-PA,1887,230,1,0,0,231,A
3-PA,1888,0,0,228,0,228,G
3-PA,1889,229,0,1,0,230,A
3-PA,1890,225,0,0,0,225,A
3-PA,1891,0,0,224,0,224,G
3-PA,1892,1,0,223,0,224,G
3-PA,1893,0,218,0,1,219,T
3-PA,1894,0,222,0,0,222,T
3-PA,1895,1,0,0,223,224,C
3-PA,1896,0,1,0,222,223,C
3-PA,1897,224,0,0,0,224,A
3-PA,1898,0,224,0,0,224,T
3-PA,1899,0,223,0,0,223,T
3-PA,1900,0,0,223,0,223,G
3-PA,1901,0,0,224,0,224,G
3-PA,1902,0,1,221,1,223,G
3-PA,1903,220,1,0,0,221,A
3-PA,1904,220,0,0,0,220,A
3-PA,1905,224,0,0,0,224,A
3-PA,1906,0,0,227,0,227,G
3-PA,1907,0,224,0,0,224,T
3-PA,1908,0,0,0,227,227,C
3-PA,1909,1,224,0,0,225,T
3-PA,1910,0,0,225,0,225,G
3-PA,1911,0,227,0,0,227,T
3-PA,1912,227,0,0,0,227,A
3-PA,1913,0,2,224,0,226,G
3-PA,1914,0,1,222,0,223,G
3-PA,1915,214,0,1,0,215,A
3-PA,1916,0,0,0,218,218,C
3-PA,1917,0,209,0,0,209,T
3-PA,1918,3,0,0,221,224,C
3-PA,1919,0,220,0,0,220,T
3-PA,1920,218,0,0,0,218,A
3-PA,1921,0,220,0,0,220,T
3-PA,1922,0,217,0,0,217,T
3-PA,1923,0,0,219,0,219,G
3-PA,1924,0,0,216,0,216,G
3-PA,1925,0,0,0,216,216,C
3-PA,1926,0,216,0,0,216,T
3-PA,1927,202,0,0,0,202,A
3-PA,1928,204,0,0,0,204,A
3-PA,1929,0,0,202,0,202,G
3-PA,1930,0,205,0,0,205,T
3-PA,1931,1,0,0,200,201,C
3-PA,1932,195,0,0,0,195,A
3-PA,1933,0,0,206,0,206,G
3-PA,1934,0,202,0,0,202,T
3-PA,1935,215,0,0,0,215,A
3-PA,1936,0,214,0,0,214,T
3-PA,1937,0,219,1,0,220,T
3-PA,1938,0,0,0,221,221,C
3-PA,1939,219,0,0,0,219,A
3-PA,1940,217,0,1,0,218,A
3-PA,1941,0,219,0,0,219,T
3-PA,1942,216,0,0,0,216,A
3-PA,1943,0,0,219,0,219,G
3-PA,1944,0,0,0,212,212,C
3-PA,1945,0,0,0,213,213,C
3-PA,1946,0,203,0,0,203,T
3-PA,1947,0,0,212,0,212,G
3-PA,1948,0,211,0,0,211,T
3-PA,1949,214,0,0,0,214,A
3-PA,1950,0,211,0,0,211,T
3-PA,1951,0,0,210,0,210,G
3-PA,1952,0,0,0,208,208,C
3-PA,1953,202,0,0,0,202,A
3-PA,1954,0,198,0,0,198,T
3-PA,1955,0,0,0,198,198,C
3-PA,1956,193,0,0,0,193,A
3-PA,1957,0,0,0,194,194,C
3-PA,1958,0,0,0,191,191,C
3-PA,1959,190,0,0,0,190,A
3-PA,1960,0,0,0,191,191,C
3-PA,1961,190,0,0,0,190,A
3-PA,1962,190,0,0,0,190,A
3-PA,1963,0,188,0,0,188,T
3-PA,1964,0,191,0,0,191,T
3-PA,1965,0,2,189,0,191,G
3-PA,1966,0,0,187,0,187,G
3-PA,1967,188,0,0,0,188,A
3-PA,1968,188,0,0,0,188,A
3-PA,1969,0,1,188,0,189,G
3-PA,1970,0,2,185,0,187,G
3-PA,1971,183,0,0,0,183,A
3-PA,1972,0,186,0,0,186,T
3-PA,1973,0,188,0,0,188,T
3-PA,1974,0,188,0,0,188,T
3-PA,1975,0,184,0,0,184,T
3-PA,1976,2,0,0,186,188,C
3-PA,1977,188,0,0,0,188,A
3-PA,1978,0,0,188,0,188,G
3-PA,1979,0,0,0,186,186,C
3-PA,1980,0,0,186,0,186,G
3-PA,1981,0,0,186,0,186,G
3-PA,1982,187,0,0,0,187,A
3-PA,1983,0,0,189,0,189,G
3-PA,1984,0,188,0,0,188,T
3-PA,1985,1,0,0,189,190,C
3-PA,1986,189,0,0,0,189,A
3-PA,1987,191,0,0,0,191,A
3-PA,1988,0,0,191,0,191,G
3-PA,1989,190,0,0,0,190,A
3-PA,1990,191,0,0,0,191,A
3-PA,1991,191,0,0,0,191,A
3-PA,1992,187,0,0,0,187,A
3-PA,1993,0,0,0,189,189,C
3-PA,1994,0,184,0,0,184,T
3-PA,1995,0,0,184,0,184,G
3-PA,1996,0,0,0,183,183,C
3-PA,1997,0,183,0,0,183,T
3-PA,1998,3,0,0,181,184,C
3-PA,1999,0,0,0,180,180,C
3-PA,2000,0,184,0,0,184,T
3-PA,2001,0,186,0,0,186,T
3-PA,2002,0,0,187,0,187,G
3-PA,2003,0,185,0,0,185,T
3-PA,2004,0,183,0,0,183,T
3-PA,2005,0,0,184,0,184,G
3-PA,2006,0,182,0,0,182,T
3-PA,2007,0,182,0,0,182,T
3-PA,2008,0,0,0,180,180,C
3-PA,2009,180,0,0,0,180,A
3-PA,2010,0,1,179,0,180,G
3-PA,2011,0,0,178,0,178,G
3-PA,2012,0,0,0,177,177,C
3-PA,2013,0,176,0,0,176,T
3-PA,2014,0,0,0,180,180,C
3-PA,2015,0,179,0,0,179,T
3-PA,2016,0,178,0,0,178,T
3-PA,2017,179,0,0,0,179,A
3-PA,2018,1,0,179,0,180,G
3-PA,2019,0,0,176,0,176,G
3-PA,2020,0,1,176,0,177,G
3-PA,2021,174,0,0,0,174,A
3-PA,2022,0,0,0,174,174,C
3-PA,2023,164,0,0,0,164,A
3-PA,2024,166,0,0,0,166,A
3-PA,2025,0,0,0,166,166,C
3-PA,2026,1,0,0,163,164,C
3-PA,2027,0,163,0,0,163,T
3-PA,2028,1,0,0,164,165,C
3-PA,2029,0,2,162,0,164,G
3-PA,2030,165,0,0,0,165,A
3-PA,2031,162,0,0,0,162,A
3-PA,2032,0,0,0,166,166,C
3-PA,2033,0,0,0,161,161,C
3-PA,2034,0,160,0,0,160,T
3-PA,2035,0,1,160,0,161,G
3-PA,2036,0,0,161,0,161,G
3-PA,2037,0,2,158,0,160,G
3-PA,2038,157,1,0,0,158,A
3-PA,2039,0,0,0,160,160,C
3-PA,2040,1,0,0,155,156,C
3-PA,2041,0,154,0,0,154,T
3-PA,2042,0,155,0,0,155,T
3-PA,2043,0,154,0,0,154,T
3-PA,2044,0,1,154,0,155,G
3-PA,2045,156,0,0,0,156,A
3-PA,2046,0,156,0,0,156,T
3-PA,2047,0,0,0,156,156,C
3-PA,2048,0,154,0,0,154,T
3-PA,2049,0,150,0,0,150,T
3-PA,2050,0,0,154,0,154,G
3-PA,2051,0,1,151,0,152,G
3-PA,2052,0,0,153,0,153,G
3-PA,2053,0,0,154,0,154,G
3-PA,2054,0,0,150,0,150,G
3-PA,2055,1,0,150,0,151,G
3-PA,2056,0,0,2,146,148,C
3-PA,2057,0,150,0,0,150,T
3-PA,2058,157,0,0,0,157,A
3-PA,2059,0,157,0,0,157,T
3-PA,2060,155,0,0,0,155,A
3-PA,2061,0,154,0,0,154,T
3-PA,2062,0,0,148,0,148,G
3-PA,2063,149,0,0,0,149,A
3-PA,2064,148,0,0,0,148,A
3-PA,2065,0,0,149,0,149,G
3-PA,2066,0,0,0,149,149,C
3-PA,2067,145,0,0,0,145,A
3-PA,2068,146,0,0,0,146,A
3-PA,2069,0,145,0,0,145,T
3-PA,2070,0,146,0,0,146,T
3-PA,2071,0,0,146,0,146,G
3-PA,2072,143,0,1,0,144,A
3-PA,2073,0,0,144,0,144,G
3-PA,2074,0,1,142,0,143,G
3-PA,2075,142,0,0,0,142,A
3-PA,2076,0,0,145,0,145,G
3-PA,2077,0,133,0,0,133,T
3-PA,2078,0,0,132,0,132,G
3-PA,2079,1,0,0,131,132,C
3-PA,2080,0,0,0,131,131,C
3-PA,2081,0,131,0,0,131,T
3-PA,2082,0,0,134,0,134,G
3-PA,2083,135,0,0,0,135,A
3-PA,2084,0,134,0,0,134,T
3-PA,2085,0,125,0,0,125,T
3-PA,2086,124,0,0,0,124,A
3-PA,2087,124,0,0,0,124,A
3-PA,2088,0,120,0,0,120,T
3-PA,2089,0,1,119,0,120,G
3-PA,2090,121,0,0,0,121,A
3-PA,2091,0,114,0,0,114,T
3-PA,2092,0,0,0,115,115,C
3-PA,2093,1,0,0,113,114,C
3-PA,2094,0,0,0,113,113,C
3-PA,2095,0,112,0,0,112,T
3-PA,2096,0,0,113,0,113,G
3-PA,2097,0,0,113,0,113,G
3-PA,2098,0,0,112,0,112,G
3-PA,2099,0,109,0,0,109,T
3-PA,2100,0,99,0,0,99,T
3-PA,2101,0,100,0,0,100,T
3-PA,2102,0,99,0,0,99,T
3-PA,2103,0,0,99,0,99,G
3-PA,2104,0,0,0,98,98,C
3-PA,2105,0,99,0,0,99,T
3-PA,2106,0,0,0,99,99,C
3-PA,2107,96,0,0,0,96,A
3-PA,2108,96,0,0,0,96,A
3-PA,2109,0,96,0,0,96,T
3-PA,2110,0,0,96,0,96,G
3-PA,2111,0,0,0,95,95,C
3-PA,2112,0,0,94,0,94,G
3-PA,2113,0,94,0,0,94,T
3-PA,2114,0,0,0,94,94,C
3-PA,2115,0,93,0,0,93,T
3-PA,2116,0,94,0,0,94,T
3-PA,2117,0,2,90,0,92,G
3-PA,2118,0,0,92,0,92,G
3-PA,2119,0,90,0,0,90,T
3-PA,2120,0,90,0,0,90,T
3-PA,2121,0,0,0,87,87,C
3-PA,2122,85,0,0,0,85,A
3-PA,2123,85,0,0,0,85,A
3-PA,2124,0,0,0,84,84,C
3-PA,2125,0,85,0,0,85,T
3-PA,2126,0,0,0,85,85,C
3-PA,2127,0,0,0,83,83,C
3-PA,2128,0,81,0,0,81,T
3-PA,2129,0,79,0,0,79,T
3-PA,2130,0,0,0,82,82,C
3-PA,2131,1,0,0,82,83,C
3-PA,2132,0,82,0,0,82,T
3-PA,2133,0,0,82,0,82,G
3-PA,2134,82,0,0,0,82,A
3-PA,2135,0,0,0,79,79,C
3-PA,2136,72,0,0,0,72,A
3-PA,2137,0,0,0,69,69,C
3-PA,2138,67,0,0,0,67,A
3-PA,2139,0,67,0,0,67,T
3-PA,2140,0,0,66,0,66,G
3-PA,2141,0,0,0,67,67,C
3-PA,2142,64,0,0,0,64,A
3-PA,2143,0,63,0,0,63,T
3-PA,2144,0,63,0,0,63,T
3-PA,2145,64,0,0,0,64,A
3-PA,2146,63,0,0,0,63,A
3-PA,2147,64,0,0,0,64,A
3-PA,2148,63,0,0,0,63,A
3-PA,2149,0,62,0,0,62,T
3-PA,2150,50,0,0,0,50,A
3-PA,2151,0,0,50,0,50,G
4-HA,1,252,0,0,0,252,A
4-HA,2,0,254,0,0,254,T
4-HA,3,0,0,264,0,264,G
4-HA,4,259,0,0,0,259,A
4-HA,5,263,0,0,0,263,A
4-HA,6,0,2,285,0,287,G
4-HA,7,289,0,0,0,289,A
4-HA,8,0,2,0,311,313,C
4-HA,9,0,317,0,0,317,T
4-HA,10,329,0,0,0,329,A
4-HA,11,0,342,0,0,342,T
4-HA,12,1,0,0,343,344,C
4-HA,13,343,0,0,0,343,A
4-HA,14,0,345,0,0,345,T
4-HA,15,0,345,0,0,345,T
4-HA,16,0,1,378,0,379,G
4-HA,17,0,0,0,381,381,C
4-HA,18,0,383,0,0,383,T
4-HA,19,0,383,0,0,383,T
4-HA,20,0,384,0,0,384,T
4-HA,21,0,2,412,0,414,G
4-HA,22,415,0,0,0,415,A
4-HA,23,0,0,432,0,432,G
4-HA,24,0,0,0,438,438,C
4-HA,25,0,438,0,2,440,T
4-HA,26,463,0,0,0,463,A
4-HA,27,0,1,0,469,470,C
4-HA,28,476,0,0,0,476,A
4-HA,29,0,518,0,0,518,T
4-HA,30,0,517,0,1,518,T
4-HA,31,2,0,0,525,527,C
4-HA,32,0,526,0,0,526,T
4-HA,33,532,0,0,0,532,A
4-HA,34,0,532,0,1,533,T
4-HA,35,0,0,538,0,538,G
4-HA,36,0,538,0,0,538,T
4-HA,37,1,0,0,537,538,C
4-HA,38,0,534,0,0,534,T
4-HA,39,0,1,534,1,536,G
4-HA,40,1,0,532,0,533,G
4-HA,41,0,534,0,0,534,T
4-HA,42,0,532,0,0,532,T
4-HA,43,0,536,0,0,536,T
4-HA,44,0,533,0,0,533,T
4-HA,45,1,0,0,532,533,C
4-HA,46,0,0,531,0,531,G
4-HA,47,0,0,0,531,531,C
4-HA,48,1,530,0,0,531,T
4-HA,49,2,0,0,534,536,C
4-HA,50,537,0,0,0,537,A
4-HA,51,538,0,0,0,538,A
4-HA,52,542,0,0,0,542,A
4-HA,53,537,0,0,0,537,A
4-HA,54,538,0,0,0,538,A
4-HA,55,537,0,0,0,537,A
4-HA,56,0,544,0,0,544,T
4-HA,57,0,545,0,0,545,T
4-HA,58,2,0,0,542,544,C
4-HA,59,0,0,0,544,544,C
4-HA,60,0,546,0,0,546,T
4-HA,61,1,1,549,0,551,G
4-HA,62,0,0,553,0,553,G
4-HA,63,555,0,0,0,555,A
4-HA,64,562,0,0,0,562,A
4-HA,65,568,0,1,0,569,A
4-HA,66,0,572,0,0,572,T
4-HA,67,1,5,569,0,575,G
4-HA,68,577,0,1,0,578,A
4-HA,69,0,0,0,582,582,C
4-HA,70,585,0,0,0,585,A
4-HA,71,587,0,0,0,587,A
4-HA,72,0,0,0,597,597,C
4-HA,73,592,0,0,0,592,A
4-HA,74,1,0,595,0,596,G
4-HA,75,0,0,0,595,595,C
4-HA,76,595,0,1,0,596,A
4-HA,77,0,2,0,612,614,C
4-HA,78,1,2,608,0,611,G
4-HA,79,0,1,608,0,609,G
4-HA,80,0,0,0,620,620,C
4-HA,81,615,0,0,0,615,A
4-HA,82,625,0,0,0,625,A
4-HA,83,0,2,0,626,628,C
4-HA,84,0,0,627,0,627,G
4-HA,85,0,0,0,634,634,C
4-HA,86,0,633,0,1,634,T
4-HA,87,1,0,639,0,640,G
4-HA,88,0,641,0,0,641,T
4-HA,89,0,0,669,0,669,G
4-HA,90,0,0,0,686,686,C
4-HA,91,2,0,0,701,703,C
4-HA,92,0,699,0,0,699,T
4-HA,93,0,695,0,1,696,T
4-HA,94,0,1,704,0,705,G
4-HA,95,0,1,697,0,698,G
4-HA,96,0,0,706,0,706,G
4-HA,97,1,0,0,710,711,C
4-HA,98,707,0,0,0,707,A
4-HA,99,0,2,0,711,713,C
4-HA,100,2,0,1,704,707,C
4-HA,101,760,0,0,0,760,A
4-HA,102,1,764,0,1,766,T
4-HA,103,1,0,766,0,767,G
4-HA,104,0,0,0,770,770,C
4-HA,105,761,0,0,0,761,A
4-HA,106,2,0,799,0,801,G
4-HA,107,0,804,0,0,804,T
4-HA,108,810,0,0,0,810,A
4-HA,109,1,0,0,811,812,C
4-HA,110,3,0,0,784,787,C
4-HA,111,791,0,0,0,791,A
4-HA,112,792,0,0,0,792,A
4-HA,113,792,0,0,1,793,A
4-HA,114,0,1,0,796,797,C
4-HA,115,0,2,771,0,773,G
4-HA,116,0,2,783,0,785,G
4-HA,117,783,0,0,0,783,A
4-HA,118,788,0,0,0,788,A
4-HA,119,0,1,0,790,791,C
4-HA,120,0,2,783,0,785,G
4-HA,121,804,0,1,0,805,A
4-HA,122,0,802,0,0,802,T
4-HA,123,817,0,1,0,818,A
4-HA,124,0,1,821,0,822,G
4-HA,125,0,806,0,1,807,T
4-HA,126,0,2,817,0,819,G
4-HA,127,816,0,0,0,816,A
4-HA,128,823,0,0,0,823,A
4-HA,129,815,0,2,0,817,A
4-HA,130,821,1,0,0,822,A
4-HA,131,0,0,0,830,830,C
4-HA,132,827,0,0,0,827,A
4-HA,133,830,0,0,0,830,A
4-HA,134,0,833,0,0,833,T
4-HA,135,1,1,0,827,829,C
4-HA,136,828,0,0,0,828,A
4-HA,137,0,0,0,840,840,C
4-HA,138,1,2,831,0,834,G
4-HA,139,830,0,1,0,831,A
4-HA,140,831,0,0,0,831,A
4-HA,141,0,834,0,0,834,T
4-HA,142,0,6,828,0,834,G
4-HA,143,836,0,1,0,837,A
4-HA,144,0,0,0,835,835,C
4-HA,145,2,0,0,838,840,C
4-HA,146,850,0,0,0,850,A
4-HA,147,856,0,0,0,856,A
4-HA,148,855,0,0,0,855,A
4-HA,149,0,859,0,0,859,T
4-HA,150,0,857,0,0,857,T
4-HA,151,0,1,863,0,864,G
4-HA,152,858,0,0,0,858,A
4-HA,153,855,0,0,0,855,A
4-HA,154,0,1,864,0,865,G
4-HA,155,0,860,0,0,860,T
4-HA,156,0,888,0,0,888,T
4-HA,157,889,0,0,1,890,A
4-HA,158,1,0,0,890,891,C
4-HA,159,0,891,0,0,891,T
4-HA,160,896,0,0,0,896,A
4-HA,161,908,0,0,0,908,A
4-HA,162,0,909,0,0,909,T
4-HA,163,0,3,905,0,908,G
4-HA,164,0,0,0,944,944,C
4-HA,165,0,939,0,0,939,T
4-HA,166,936,0,1,0,937,A
4-HA,167,0,0,0,944,944,C
4-HA,168,0,942,0,0,942,T
4-HA,169,0,4,944,0,948,G
4-HA,170,939,0,1,0,940,A
4-HA,171,0,1,939,0,940,G
4-HA,172,0,0,0,942,942,C
4-HA,173,0,926,0,0,926,T
4-HA,174,0,1,956,0,957,G
4-HA,175,0,0,983,0,983,G
4-HA,176,0,983,0,0,983,T
4-HA,177,0,983,0,0,983,T
4-HA,178,6,1,0,982,989,C
4-HA,179,987,0,0,0,987,A
4-HA,180,0,4,985,0,989,G
4-HA,181,983,0,0,0,983,A
4-HA,182,1,0,1009,0,1010,G
4-HA,183,0,996,0,1,997,T
4-HA,184,0,981,0,0,981,T
4-HA,185,4,1,0,993,998,C
4-HA,186,1,0,0,998,999,C
4-HA,187,0,995,0,0,995,T
4-HA,188,0,0,0,997,997,C
4-HA,189,995,0,0,0,995,A
4-HA,190,1000,0,0,0,1000,A
4-HA,191,0,0,0,1008,1008,C
4-HA,192,995,1,1,1,998,A
4-HA,193,0,0,997,0,997,G
4-HA,194,986,0,1,0,987,A
4-HA,195,0,1000,0,0,1000,T
4-HA,196,1,4,997,0,1002,G
4-HA,197,1009,0,0,0,1009,A
4-HA,198,1008,0,0,0,1008,A
4-HA,199,1041,0,0,0,1041,A
4-HA,200,0,1034,0,0,1034,T
4-HA,201,1039,0,0,0,1039,A
4-HA,202,0,1033,0,0,1033,T
4-HA,203,0,1,1036,0,1037,G
4-HA,204,0,1,0,1044,1045,C
4-HA,205,0,8,1036,0,1044,G
4-HA,206,1044,0,0,0,1044,A
4-HA,207,0,0,0,1046,1046,C
4-HA,208,1026,0,1,0,1027,A
4-HA,209,0,0,1088,0,1088,G
4-HA,210,0,1090,0,0,1090,T
4-HA,211,7,0,0,1089,1096,C
4-HA,212,1,0,0,1099,1100,C
4-HA,213,0,1089,0,0,1089,T
4-HA,214,3,0,0,1115,1118,C
4-HA,215,1117,0,0,0,1117,A
4-HA,216,0,1114,0,0,1114,T
4-HA,217,2,1,0,1114,1117,C
4-HA,218,1073,0,0,0,1073,A
4-HA,219,0,0,1073,0,1073,G
4-HA,220,1061,0,1,0,1062,A
4-HA,221,0,1068,0,0,1068,T
4-HA,222,2,0,0,1072,1074,C
4-HA,223,2,0,0,1057,1059,C
4-HA,224,0,1052,0,0,1052,T
4-HA,225,0,1052,0,2,1054,T
4-HA,226,0,6,1046,0,1052,G
4-HA,227,1055,0,0,0,1055,A
4-HA,228,0,1046,0,0,1046,T
4-HA,229,0,3,1055,0,1058,G
4-HA,230,0,3,1050,0,1053,G
4-HA,231,1051,0,1,0,1052,A
4-HA,232,1052,0,0,0,1052,A
4-HA,233,1052,0,0,0,1052,A
4-HA,234,1059,0,0,0,1059,A
4-HA,235,1063,0,0,0,1063,A
4-HA,236,1069,0,0,0,1069,A
4-HA,237,1,0,0,1065,1066,C
4-HA,238,0,1054,0,0,1054,T
4-HA,239,0,1,1055,0,1056,G
4-HA,240,0,0,0,1056,1056,C
4-HA,241,1056,0,0,0,1056,A
4-HA,242,0,0,0,1081,1081,C
4-HA,243,1077,0,1,0,1078,A
4-HA,244,0,0,0,1121,1121,C
4-HA,245,0,1111,0,0,1111,T
4-HA,246,1128,0,0,0,1128,A
4-HA,247,1127,0,0,0,1127,A
4-HA,248,0,1117,0,0,1117,T
4-HA,249,0,1102,0,0,1102,T
4-HA,250,0,3,1104,0,1107,G
4-HA,251,1116,0,0,0,1116,A
4-HA,252,0,1117,0,0,1117,T
4-HA,253,0,0,1110,0,1110,G
4-HA,254,0,1,0,1117,1118,C
4-HA,255,0,1108,0,2,1110,T
4-HA,256,9,0,0,1197,1206,C
4-HA,257,0,1204,0,0,1204,T
4-HA,258,1226,0,0,0,1226,A
4-HA,259,0,1231,1,0,1232,T
4-HA,260,0,1233,0,0,1233,T
4-HA,261,0,8,1242,0,1250,G
4-HA,262,0,2,1243,0,1245,G
4-HA,263,0,3,1255,0,1258,G
4-HA,264,1243,0,1,0,1244,A
4-HA,265,0,4,1229,0,1233,G
4-HA,266,1196,0,2,0,1198,A
4-HA,267,0,0,1,1380,1381,C
4-HA,268,0,0,0,1421,1421,C
4-HA,269,4,0,0,1429,1433,C
4-HA,270,0,1432,0,0,1432,T
4-HA,271,3,0,0,1469,1472,C
4-HA,272,1465,0,1,0,1466,A
4-HA,273,0,1,1585,0,1586,G
4-HA,274,0,1572,0,1,1573,T
4-HA,275,0,0,1603,0,1603,G
4-HA,276,2,1556,0,3,1561,T
4-HA,277,0,6,1557,0,1563,G
4-HA,278,1561,1,0,0,1562,A
4-HA,279,0,1560,0,0,1560,T
4-HA,280,0,8,1541,0,1549,G
4-HA,281,0,0,1546,0,1546,G
4-HA,282,0,1,0,1540,1541,C
4-HA,283,0,1545,0,0,1545,T
4-HA,284,0,1538,0,1,1539,T
4-HA,285,3,1,0,1538,1542,C
4-HA,286,2,1,0,1543,1546,C
4-HA,287,1545,0,0,0,1545,A
4-HA,288,1546,0,0,0,1546,A
4-HA,289,1554,1,0,0,1555,A
4-HA,290,1569,0,0,0,1569,A
4-HA,291,0,1574,0,0,1574,T
4-HA,292,1565,0,0,0,1565,A
4-HA,293,1569,0,0,0,1569,A
4-HA,294,0,6,1573,0,1579,G
4-HA,295,1590,0,0,0,1590,A
4-HA,296,1600,0,0,0,1600,A
4-HA,297,1589,0,0,0,1589,A
4-HA,298,0,1597,0,1,1598,T
4-HA,299,0,7,1583,0,1590,G
4-HA,300,0,5,1573,0,1578,G
4-HA,301,0,9,1563,0,1572,G
4-HA,302,1572,0,5,0,1577,A
4-HA,303,3,1,0,1599,1603,C
4-HA,304,3,0,0,1598,1601,C
4-HA,305,0,1632,0,1,1633,T
4-HA,306,0,1635,0,1,1636,T
4-HA,307,0,1637,0,0,1637,T
4-HA,308,0,1647,0,0,1647,T
4-HA,309,0,1646,0,0,1646,T
4-HA,310,0,1,1666,0,1667,G
4-HA,311,0,1651,0,1,1652,T
4-HA,312,0,1652,0,2,1654,T
4-HA,313,0,6,1640,0,1646,G
4-HA,314,1641,0,0,0,1641,A
4-HA,315,1659,0,0,0,1659,A
4-HA,316,0,1,0,1658,1659,C
4-HA,317,1,1,1645,0,1647,G
4-HA,318,2,0,0,1694,1696,C
4-HA,319,1688,1,2,0,1691,A
4-HA,320,0,0,1691,10,1701,G
4-HA,321,0,0,1,1706,1707,C
4-HA,322,1657,0,1,54,1712,A
4-HA,323,1706,0,0,0,1706,A
4-HA,324,1707,0,3,0,1710,A
4-HA,325,0,0,1750,0,1750,G
4-HA,326,1,1,0,1748,1750,C
4-HA,327,3,0,0,1750,1753,C
4-HA,328,3,0,0,1731,1734,C
4-HA,329,1744,0,2,1,1747,A
4-HA,330,0,1,0,1800,1801,C
4-HA,331,1803,0,0,0,1803,A
4-HA,332,1,0,1809,0,1810,G
4-HA,333,1,1,0,1808,1810,C
4-HA,334,1796,0,2,0,1798,A
4-HA,335,1811,0,0,0,1811,A
4-HA,336,1,0,0,1897,1898,C
4-HA,337,0,1893,0,0,1893,T
4-HA,338,1,1,1904,0,1906,G
4-HA,339,0,1881,0,3,1884,T
4-HA,340,0,1884,0,2,1886,T
4-HA,341,1885,0,2,0,1887,A
4-HA,342,2,0,0,2043,2045,C
4-HA,343,3,0,0,2039,2042,C
4-HA,344,6,0,0,2094,2100,C
4-HA,345,0,2045,0,1,2046,T
4-HA,346,0,2048,0,1,2049,T
4-HA,347,2049,0,0,0,2049,A
4-HA,348,1,2051,0,0,2052,T
4-HA,349,0,6,2050,1,2057,G
4-HA,350,2037,0,0,0,2037,A
4-HA,351,0,1948,0,1,1949,T
4-HA,352,1,1,1992,0,1994,G
4-HA,353,0,1958,0,0,1958,T
4-HA,354,0,1,1967,0,1968,G
4-HA,355,2,2,0,1953,1957,C
4-HA,356,2,2,0,1966,1970,C
4-HA,357,0,7,2003,0,2010,G
4-HA,358,3,2,2032,0,2037,G
4-HA,359,2026,0,1,0,2027,A
4-HA,360,0,2038,0,0,2038,T
4-HA,361,0,2019,0,0,2019,T
4-HA,362,2029,1,0,0,2030,A
4-HA,363,0,2028,0,0,2028,T
4-HA,364,0,2,2017,0,2019,G
4-HA,365,0,1,0,2019,2020,C
4-HA,366,7,1,0,2001,2009,C
4-HA,367,0,2032,0,3,2035,T
4-HA,368,7,1,0,2129,2137,C
4-HA,369,0,0,0,2180,2180,C
4-HA,370,6,0,0,2176,2182,C
4-HA,371,0,2171,0,1,2172,T
4-HA,372,0,2175,0,0,2175,T
4-HA,373,2172,0,1,0,2173,A
4-HA,374,0,3,2213,0,2216,G
4-HA,375,3,1,2213,0,2217,G
4-HA,376,0,2204,0,1,2205,T
4-HA,377,16,1,0,2171,2188,C
4-HA,378,2164,0,1,0,2165,A
4-HA,379,0,2,0,2236,2238,C
4-HA,380,0,2237,0,0,2237,T
4-HA,381,2227,0,0,0,2227,A
4-HA,382,0,3,2214,0,2217,G
4-HA,383,0,2205,0,0,2205,T
4-HA,384,0,2207,0,3,2210,T
4-HA,385,0,2,2218,0,2220,G
4-HA,386,1,0,0,2218,2219,C
4-HA,387,9,0,0,2210,2219,C
4-HA,388,0,2211,0,6,2217,T
4-HA,389,3,0,0,2240,2243,C
4-HA,390,2300,1,0,1,2302,A
4-HA,391,0,2293,0,0,2293,T
4-HA,392,7,0,0,2300,2307,C
4-HA,393,1,2,0,2300,2303,C
4-HA,394,2,7,2286,0,2295,G
4-HA,395,1,1,2305,0,2307,G
4-HA,396,0,1,1,2311,2313,C
4-HA,397,2339,0,0,0,2339,A
4-HA,398,0,0,0,2362,2362,C
4-HA,399,2330,0,1,0,2331,A
4-HA,400,2,1,0,2365,2368,C
4-HA,401,0,2359,0,1,2360,T
4-HA,402,1,3,2380,0,2384,G
4-HA,403,0,5,2402,0,2407,G
4-HA,404,2386,0,3,0,2389,A
4-HA,405,0,1,2423,0,2424,G
4-HA,406,0,2404,0,0,2404,T
4-HA,407,0,2400,0,0,2400,T
4-HA,408,1,2411,0,1,2413,T
4-HA,409,2407,0,2,0,2409,A
4-HA,410,2409,0,2,1,2412,A
4-HA,411,1,0,0,2422,2423,C
4-HA,412,2380,0,1,0,2381,A
4-HA,413,2379,0,1,0,2380,A
4-HA,414,0,2386,0,1,2387,T
4-HA,415,0,9,2368,0,2377,G
4-HA,416,2376,0,0,0,2376,A
4-HA,417,2382,0,0,1,2383,A
4-HA,418,2374,0,1,0,2375,A
4-HA,419,2,3,2385,0,2390,G
4-HA,420,2,1,0,2398,2401,C
4-HA,421,0,2408,0,1,2409,T
4-HA,422,0,2407,0,1,2408,T
4-HA,423,7,1,0,2433,2441,C
4-HA,424,2441,0,2,0,2443,A
4-HA,425,2448,0,0,0,2448,A
4-HA,426,1,2441,0,0,2442,T
4-HA,427,0,2446,0,1,2447,T
4-HA,428,0,7,2491,0,2498,G
4-HA,429,2,4,2532,0,2538,G
4-HA,430,2525,0,0,0,2525,A
4-HA,431,0,0,0,2546,2546,C
4-HA,432,0,2526,0,1,2527,T
4-HA,433,1,8,2524,0,2533,G
4-HA,434,0,8,2535,0,2543,G
4-HA,435,2526,0,1,0,2527,A
4-HA,436,1,0,2554,0,2555,G
4-HA,437,1,2513,0,0,2514,T
4-HA,438,16,1,0,2496,2513,C
4-HA,439,2533,0,0,0,2533,A
4-HA,440,2,0,0,2537,2539,C
4-HA,441,0,2541,0,3,2544,T
4-HA,442,12,0,0,2542,2554,C
4-HA,443,2529,0,0,0,2529,A
4-HA,444,2548,0,1,0,2549,A
4-HA,445,2532,0,2,0,2534,A
4-HA,446,2542,1,5,0,2548,A
4-HA,447,0,3,0,2556,2559,C
4-HA,448,1,11,2524,0,2536,G
4-HA,449,1,20,2559,0,2580,G
4-HA,450,2569,1,2,0,2572,A
4-HA,451,2581,0,1,0,2582,A
4-HA,452,0,2,0,2593,2595,C
4-HA,453,2580,0,1,0,2581,A
4-HA,454,2612,1,4,0,2617,A
4-HA,455,1,1,2611,0,2613,G
4-HA,456,2,0,0,2616,2618,C
4-HA,457,0,2585,0,0,2585,T
4-HA,458,8,0,0,2608,2616,C
4-HA,459,0,2617,0,0,2617,T
4-HA,460,0,2,2601,0,2603,G
4-HA,461,1,1,0,2597,2599,C
4-HA,462,3,1,0,2576,2580,C
4-HA,463,2,2614,0,2,2618,T
4-HA,464,1,1,2755,0,2757,G
4-HA,465,1,1,0,2777,2779,C
4-HA,466,2781,0,0,0,2781,A
4-HA,467,0,2769,0,2,2771,T
4-HA,468,2767,0,4,0,2771,A
4-HA,469,2748,0,2,0,2750,A
4-HA,470,0,8,2746,0,2754,G
4-HA,471,0,13,2732,0,2745,G
4-HA,472,2693,0,2,0,2695,A
4-HA,473,0,5,2625,0,2630,G
4-HA,474,2616,0,0,0,2616,A
4-HA,475,0,2686,0,1,2687,T
4-HA,476,3,0,0,2709,2712,C
4-HA,477,0,2711,0,0,2711,T
4-HA,478,2714,0,2,0,2716,A
4-HA,479,2707,0,2,0,2709,A
4-HA,480,2695,0,0,0,2695,A
4-HA,481,2684,0,0,0,2684,A
4-HA,482,2688,0,0,0,2688,A
4-HA,483,1,1,1,2709,2712,C
4-HA,484,2628,0,2,0,2630,A
4-HA,485,0,1,2634,0,2635,G
4-HA,486,0,2621,0,2,2623,T
4-HA,487,2,2648,0,1,2651,T
4-HA,488,0,2663,0,0,2663,T
4-HA,489,10,1,0,2695,2706,C
4-HA,490,0,2696,0,2,2698,T
4-HA,491,0,2711,0,1,2712,T
4-HA,492,0,2715,0,1,2716,T
4-HA,493,2722,0,0,0,2722,A
4-HA,494,0,1,2721,0,2722,G
4-HA,495,0,2704,0,1,2705,T
4-HA,496,2728,0,1,0,2729,A
4-HA,497,1,6,2729,0,2736,G
4-HA,498,2689,0,0,0,2689,A
4-HA,499,0,2698,0,1,2699,T
4-HA,500,0,2695,0,0,2695,T
4-HA,501,0,14,2729,0,2743,G
4-HA,502,2732,0,4,0,2736,A
4-HA,503,2747,0,1,0,2748,A
4-HA,504,0,2666,0,59,2725,T
4-HA,505,0,2707,0,1,2708,T
4-HA,506,1,7,2720,1,2729,G
4-HA,507,2,0,2722,0,2724,G
4-HA,508,1,2719,0,1,2721,T
4-HA,509,1,2724,0,0,2725,T
4-HA,510,2,18,2657,1,2678,G
4-HA,511,2682,0,1,0,2683,A
4-HA,512,0,3,0,2678,2681,C
4-HA,513,6,0,0,2667,2673,C
4-HA,514,8,1,0,2710,2719,C
4-HA,515,2717,0,1,0,2718,A
4-HA,516,3,0,0,2731,2734,C
4-HA,517,0,2724,1,0,2725,T
4-HA,518,1,2732,1,0,2734,T
4-HA,519,2747,0,0,0,2747,A
4-HA,520,2724,0,0,0,2724,A
4-HA,521,2714,0,0,0,2714,A
4-HA,522,0,0,0,2675,2675,C
4-HA,523,0,2739,0,1,2740,T
4-HA,524,1,2741,0,3,2745,T
4-HA,525,9,1,0,2772,2782,C
4-HA,526,2775,0,1,0,2776,A
4-HA,527,2767,1,0,0,2768,A
4-HA,528,2770,0,0,0,2770,A
4-HA,529,0,2772,0,1,2773,T
4-HA,530,2802,0,1,0,2803,A
4-HA,531,0,0,0,2830,2830,C
4-HA,532,6,0,1,2761,2768,C
4-HA,533,13,3,0,2766,2782,C
4-HA,534,2766,0,1,0,2767,A
4-HA,535,0,4,2862,0,2866,G
4-HA,536,1,1,0,2883,2885,C
4-HA,537,2878,0,1,0,2879,A
4-HA,538,0,2873,0,1,2874,T
4-HA,539,0,2854,0,0,2854,T
4-HA,540,1,17,2948,0,2966,G
4-HA,541,2970,0,2,0,2972,A
4-HA,542,2987,1,5,0,2993,A
4-HA,543,1,2,0,2998,3001,C
4-HA,544,19,0,2907,0,2926,G
4-HA,545,1,2880,0,2,2883,T
4-HA,546,0,32,2859,0,2891,G
4-HA,547,2895,0,2,1,2898,A
4-HA,548,0,0,0,2908,2908,C
4-HA,549,11,3,0,2795,2809,C
4-HA,550,2848,0,2,0,2850,A
4-HA,551,0,2851,0,3,2854,T
4-HA,552,1,1,2867,0,2869,G
4-HA,553,2,2,0,2865,2869,C
4-HA,554,11,0,0,2849,2860,C
4-HA,555,2862,1,0,0,2863,A
4-HA,556,2857,0,1,0,2858,A
4-HA,557,2920,0,0,0,2920,A
4-HA,558,2,0,0,2920,2922,C
4-HA,559,2878,0,0,0,2878,A
4-HA,560,2881,0,1,0,2882,A
4-HA,561,1,2845,0,1,2847,T
4-HA,562,0,24,2840,0,2864,G
4-HA,563,2861,0,1,0,2862,A
4-HA,564,2855,0,0,0,2855,A
4-HA,565,0,1,0,2822,2823,C
4-HA,566,2835,0,0,0,2835,A
4-HA,567,2840,0,0,0,2840,A
4-HA,568,1,2842,0,1,2844,T
4-HA,569,0,2845,0,0,2845,T
4-HA,570,0,2848,0,2,2850,T
4-HA,571,0,23,2828,0,2851,G
4-HA,572,2859,1,3,0,2863,A
4-HA,573,0,1,0,2865,2866,C
4-HA,574,2851,0,0,0,2851,A
4-HA,575,2849,0,0,0,2849,A
4-HA,576,2871,0,0,0,2871,A
4-HA,577,0,2873,2,0,2875,T
4-HA,578,0,2865,1,0,2866,T
4-HA,579,0,1,2874,0,2875,G
4-HA,580,0,2873,1,0,2874,T
4-HA,581,2883,1,1,2,2887,A
4-HA,582,1,0,0,2947,2948,C
4-HA,583,2948,0,1,0,2949,A
4-HA,584,0,2976,1,1,2978,T
4-HA,585,0,2949,1,0,2950,T
4-HA,586,0,2940,1,1,2942,T
4-HA,587,1,9,2938,0,2948,G
4-HA,588,0,6,2926,0,2932,G
4-HA,589,1,6,2910,0,2917,G
4-HA,590,1,6,2912,0,2919,G
4-HA,591,3,5,2866,0,2874,G
4-HA,592,0,0,2941,0,2941,G
4-HA,593,0,2895,1,0,2896,T
4-HA,594,0,2923,1,4,2928,T
4-HA,595,8,1,0,2912,2921,C
4-HA,596,2895,1,2,0,2898,A
4-HA,597,2,0,1,2933,2936,C
4-HA,598,7,0,0,2933,2940,C
4-HA,599,2939,1,1,0,2941,A
4-HA,600,2,1,0,2956,2959,C
4-HA,601,4,0,0,2937,2941,C
4-HA,602,4,0,1,2922,2927,C
4-HA,603,4,9,2920,0,2933,G
4-HA,604,1,6,2982,0,2989,G
4-HA,605,1,3,2992,0,2996,G
4-HA,606,1,2931,0,1,2933,T
4-HA,607,2979,0,0,0,2979,A
4-HA,608,1,5,0,2953,2959,C
4-HA,609,3,6,2919,0,2928,G
4-HA,610,3,9,2957,0,2969,G
4-HA,611,2989,0,1,0,2990,A
4-HA,612,0,1,0,2985,2986,C
4-HA,613,2928,0,3,0,2931,A
4-HA,614,2930,0,0,0,2930,A
4-HA,615,2928,0,0,0,2928,A
4-HA,616,0,7,2977,0,2984,G
4-HA,617,2972,0,3,0,2975,A
4-HA,618,1,0,0,2992,2993,C
4-HA,619,9,1,0,2929,2939,C
4-HA,620,2961,2,0,0,2963,A
4-HA,621,2953,0,1,0,2954,A
4-HA,622,2983,0,0,0,2983,A
4-HA,623,0,2941,0,1,2942,T
4-HA,624,10,1,0,2981,2992,C
4-HA,625,0,2793,1,2,2796,T
4-HA,626,1,2777,0,1,2779,T
4-HA,627,2,2,0,2840,2844,C
4-HA,628,2,0,0,2854,2856,C
4-HA,629,0,2840,1,3,2844,T
4-HA,630,1,1,2858,0,2860,G
4-HA,631,0,2828,0,5,2833,T
4-HA,632,2856,0,1,0,2857,A
4-HA,633,0,2834,0,2,2836,T
4-HA,634,1,2,2847,0,2850,G
4-HA,635,2,0,0,2831,2833,C
4-HA,636,0,2830,0,3,2833,T
4-HA,637,10,1,0,2834,2845,C
4-HA,638,2851,0,1,0,2852,A
4-HA,639,2839,0,0,0,2839,A
4-HA,640,0,0,2834,0,2834,G
4-HA,641,3,0,0,2849,2852,C
4-HA,642,2846,0,0,0,2846,A
4-HA,643,1,2801,0,1,2803,T
4-HA,644,7,2,0,2818,2827,C
4-HA,645,2819,0,1,0,2820,A
4-HA,646,0,6,2821,0,2827,G
4-HA,647,0,8,2823,0,2831,G
4-HA,648,2826,0,0,0,2826,A
4-HA,649,2809,0,1,0,2810,A
4-HA,650,0,12,2838,0,2850,G
4-HA,651,2848,0,1,0,2849,A
4-HA,652,2870,0,1,0,2871,A
4-HA,653,0,2890,1,0,2891,T
4-HA,654,12,0,0,2875,2887,C
4-HA,655,2849,0,1,0,2850,A
4-HA,656,0,0,1,2857,2858,C
4-HA,657,2849,0,2,1,2852,A
4-HA,658,0,0,2904,0,2904,G
4-HA,659,0,2822,1,0,2823,T
4-HA,660,17,0,0,2842,2859,C
4-HA,661,0,2816,1,1,2818,T
4-HA,662,10,0,0,2869,2879,C
4-HA,663,1,2879,2,2,2884,T
4-HA,664,2910,0,2,1,2913,A
4-HA,665,1,0,0,2898,2899,C
4-HA,666,13,5,0,2886,2904,C
4-HA,667,2874,0,2,0,2876,A
4-HA,668,2872,0,0,0,2872,A
4-HA,669,2851,0,1,0,2852,A
4-HA,670,2849,0,3,0,2852,A
4-HA,671,0,4,2832,0,2836,G
4-HA,672,2787,0,1,0,2788,A
4-HA,673,2771,0,3,1,2775,A
4-HA,674,1,1,2779,0,2781,G
4-HA,675,3,0,0,2776,2779,C
4-HA,676,5,2,0,2794,2801,C
4-HA,677,2806,0,1,0,2807,A
4-HA,678,2804,1,0,0,2805,A
4-HA,679,1,0,0,2824,2825,C
4-HA,680,2821,0,0,0,2821,A
4-HA,681,2820,0,3,1,2824,A
4-HA,682,2805,0,1,0,2806,A
4-HA,683,2,0,0,2871,2873,C
4-HA,684,0,2842,1,0,2843,T
4-HA,685,1,1,2868,0,2870,G
4-HA,686,1,2841,1,2,2845,T
4-HA,687,2860,0,0,0,2860,A
4-HA,688,2871,0,1,0,2872,A
4-HA,689,0,2818,0,2,2820,T
4-HA,690,9,0,0,2857,2866,C
4-HA,691,6,0,0,2842,2848,C
4-HA,692,4,1,0,2810,2815,C
4-HA,693,1,9,2815,0,2825,G
4-HA,694,2828,0,0,0,2828,A
4-HA,695,2832,0,0,0,2832,A
4-HA,696,0,2835,0,1,2836,T
4-HA,697,2850,1,0,0,2851,A
4-HA,698,0,2808,0,0,2808,T
4-HA,699,5,2,0,2836,2843,C
4-HA,700,4,9,2811,0,2824,G
4-HA,701,1,6,2876,1,2884,G
4-HA,702,2888,1,0,0,2889,A
4-HA,703,0,2901,0,0,2901,T
4-HA,704,7,1,0,2896,2904,C
4-HA,705,1,2905,0,1,2907,T
4-HA,706,2898,0,0,0,2898,A
4-HA,707,0,12,2903,0,2915,G
4-HA,708,2902,0,4,0,2906,A
4-HA,709,0,2,0,2899,2901,C
4-HA,710,7,0,0,2835,2842,C
4-HA,711,12,1,0,2845,2858,C
4-HA,712,2858,0,2,2,2862,A
4-HA,713,2,6,2995,0,3003,G
4-HA,714,2985,1,2,0,2988,A
4-HA,715,105,0,2932,0,3037,G
4-HA,716,0,3014,0,0,3014,T
4-HA,717,3005,0,2,0,3007,A
4-HA,718,2998,0,2,1,3001,A
4-HA,719,0,7,3050,0,3057,G
4-HA,720,0,8,3060,0,3068,G
4-HA,721,2996,0,0,1,2997,A
4-HA,722,2814,0,0,0,2814,A
4-HA,723,0,2790,0,0,2790,T
4-HA,724,2802,0,1,0,2803,A
4-HA,725,0,2789,0,0,2789,T
4-HA,726,5,0,0,2819,2824,C
4-HA,727,8,0,0,2802,2810,C
4-HA,728,10,0,0,2776,2786,C
4-HA,729,0,2782,0,0,2782,T
4-HA,730,2795,0,0,0,2795,A
4-HA,731,1,1,2805,0,2807,G
4-HA,732,0,1,1,2820,2822,C
4-HA,733,2763,0,1,0,2764,A
4-HA,734,0,13,2806,1,2820,G
4-HA,735,2702,0,76,0,2778,A
4-HA,736,2787,0,0,0,2787,A
4-HA,737,0,2782,0,1,2783,T
4-HA,738,2789,0,0,0,2789,A
4-HA,739,2789,0,1,0,2790,A
4-HA,740,0,0,2769,0,2769,G
4-HA,741,3,0,0,2761,2764,C
4-HA,742,2781,0,0,0,2781,A
4-HA,743,0,2689,0,1,2690,T
4-HA,744,4,0,1,2824,2829,C
4-HA,745,1,2818,0,0,2819,T
4-HA,746,2834,0,1,0,2835,A
4-HA,747,0,2823,0,0,2823,T
4-HA,748,1,2796,0,0,2797,T
4-HA,749,1,9,2815,0,2825,G
4-HA,750,1,10,2798,0,2809,G
4-HA,751,2805,0,2,0,2807,A
4-HA,752,0,0,0,2814,2814,C
4-HA,753,2664,0,0,0,2664,A
4-HA,754,2721,0,0,1,2722,A
4-HA,755,0,2825,0,1,2826,T
4-HA,756,2849,1,1,0,2851,A
4-HA,757,0,1,2857,0,2858,G
4-HA,758,1,2839,0,2,2842,T
4-HA,759,2849,0,0,0,2849,A
4-HA,760,2857,0,0,0,2857,A
4-HA,761,2894,0,0,0,2894,A
4-HA,762,2891,0,3,0,2894,A
4-HA,763,0,0,0,2920,2920,C
4-HA,764,8,3,0,2815,2826,C
4-HA,765,3,11,2790,1,2805,G
4-HA,766,0,2,2809,0,2811,G
4-HA,767,1,9,2833,0,2843,G
4-HA,768,2826,0,2,0,2828,A
4-HA,769,0,6,2860,0,2866,G
4-HA,770,2874,1,3,0,2878,A
4-HA,771,0,0,0,2893,2893,C
4-HA,772,2904,0,0,4,2908,A
4-HA,773,0,2906,0,2,2908,T
4-HA,774,2890,0,0,0,2890,A
4-HA,775,0,0,0,2960,2960,C
4-HA,776,0,2934,0,2,2936,T
4-HA,777,0,2949,0,0,2949,T
4-HA,778,0,2946,0,0,2946,T
4-HA,779,0,2958,0,1,2959,T
4-HA,780,1,10,2964,0,2975,G
4-HA,781,2975,1,1,0,2977,A
4-HA,782,0,2953,1,3,2957,T
4-HA,783,0,3030,0,0,3030,T
4-HA,784,3007,1,1,0,3009,A
4-HA,785,3022,0,1,0,3023,A
4-HA,786,0,2,0,3057,3059,C
4-HA,787,3034,0,1,0,3035,A
4-HA,788,0,2,3125,0,3127,G
4-HA,789,1,2,0,3122,3125,C
4-HA,790,3120,0,0,1,3121,A
4-HA,791,0,2,0,3139,3141,C
4-HA,792,3109,0,2,0,3111,A
4-HA,793,3,9,3136,0,3148,G
4-HA,794,0,4,3122,0,3126,G
4-HA,795,0,14,3197,1,3212,G
4-HA,796,3197,0,3,0,3200,A
4-HA,797,3201,1,1,0,3203,A
4-HA,798,1,3204,0,1,3206,T
4-HA,799,2,0,0,3215,3217,C
4-HA,800,0,3238,0,0,3238,T
4-HA,801,3249,0,0,0,3249,A
4-HA,802,3235,0,0,0,3235,A
4-HA,803,1,3212,0,0,3213,T
4-HA,804,0,3129,0,1,3130,T
4-HA,805,1,3,3146,0,3150,G
4-HA,806,2,0,0,3215,3217,C
4-HA,807,0,3273,0,2,3275,T
4-HA,808,18,1,0,3339,3358,C
4-HA,809,3,0,0,3360,3363,C
4-HA,810,0,3362,0,1,3363,T
4-HA,811,3357,0,0,0,3357,A
4-HA,812,1,8,3363,0,3372,G
4-HA,813,0,10,3373,0,3383,G
4-HA,814,0,6,3379,0,3385,G
4-HA,815,0,0,3369,0,3369,G
4-HA,816,0,3284,0,0,3284,T
4-HA,817,0,3274,0,0,3274,T
4-HA,818,3267,2,0,0,3269,A
4-HA,819,0,0,0,3326,3326,C
4-HA,820,0,3310,0,3,3313,T
4-HA,821,1,3312,0,2,3315,T
4-HA,822,3,0,0,3322,3325,C
4-HA,823,3318,0,0,0,3318,A
4-HA,824,3318,0,0,0,3318,A
4-HA,825,3315,0,0,0,3315,A
4-HA,826,3340,0,0,0,3340,A
4-HA,827,0,3339,0,0,3339,T
4-HA,828,3308,0,3,0,3311,A
4-HA,829,0,3,0,3323,3326,C
4-HA,830,0,6,3321,1,3328,G
4-HA,831,3308,3,1,0,3312,A
4-HA,832,3303,1,2,0,3306,A
4-HA,833,0,1,3339,0,3340,G
4-HA,834,0,3316,1,2,3319,T
4-HA,835,0,7,3342,0,3349,G
4-HA,836,0,8,3349,0,3357,G
4-HA,837,6,12,3358,0,3376,G
4-HA,838,3392,0,1,0,3393,A
4-HA,839,3383,0,0,0,3383,A
4-HA,840,3389,0,1,0,3390,A
4-HA,841,3371,0,3,0,3374,A
4-HA,842,0,1,3452,0,3453,G
4-HA,843,4,1,0,3414,3419,C
4-HA,844,1,3406,1,0,3408,T
4-HA,845,15,2,0,3432,3449,C
4-HA,846,3456,1,0,0,3457,A
4-HA,847,3473,0,0,0,3473,A
4-HA,848,0,3478,0,0,3478,T
4-HA,849,3515,0,0,0,3515,A
4-HA,850,3509,0,2,0,3511,A
4-HA,851,1,3467,0,0,3468,T
4-HA,852,1,10,3473,0,3484,G
4-HA,853,3463,0,2,0,3465,A
4-HA,854,27,11,3525,0,3563,G
4-HA,855,3555,0,0,0,3555,A
4-HA,856,0,3532,0,2,3534,T
4-HA,857,13,3,0,3581,3597,C
4-HA,858,3579,0,1,0,3580,A
4-HA,859,0,6,3633,0,3639,G
4-HA,860,3628,0,0,0,3628,A
4-HA,861,0,3598,0,0,3598,T
4-HA,862,3,4,3595,0,3602,G
4-HA,863,0,2,0,3528,3530,C
4-HA,864,3504,0,5,0,3509,A
4-HA,865,2,1,0,3590,3593,C
4-HA,866,12,2,0,3548,3562,C
4-HA,867,10,1,0,3569,3580,C
4-HA,868,3537,0,0,0,3537,A
4-HA,869,0,3517,0,1,3518,T
4-HA,870,0,3523,0,2,3525,T
4-HA,871,1,11,3555,0,3567,G
4-HA,872,2,1,3555,0,3558,G
4-HA,873,2,1,0,3559,3562,C
4-HA,874,3501,0,0,0,3501,A
4-HA,875,3475,0,2,0,3477,A
4-HA,876,3535,0,2,0,3537,A
4-HA,877,0,3550,0,0,3550,T
4-HA,878,0,2,3537,0,3539,G
4-HA,879,2,0,0,3539,3541,C
4-HA,880,3523,0,0,0,3523,A
4-HA,881,3597,0,0,0,3597,A
4-HA,882,0,3588,0,0,3588,T
4-HA,883,0,3599,0,0,3599,T
4-HA,884,10,1,0,3603,3614,C
4-HA,885,0,3561,1,1,3563,T
4-HA,886,1,7,3598,0,3606,G
4-HA,887,3595,0,0,0,3595,A
4-HA,888,3614,0,1,1,3616,A
4-HA,889,0,3600,0,0,3600,T
4-HA,890,1,2,3545,0,3548,G
4-HA,891,3,0,0,3563,3566,C
4-HA,892,3562,1,2,0,3565,A
4-HA,893,0,3538,0,23,3561,T
4-HA,894,9,1,0,3550,3560,C
4-HA,895,3567,0,2,0,3569,A
4-HA,896,4,1,0,3684,3689,C
4-HA,897,0,3655,0,1,3656,T
4-HA,898,11,0,1,3687,3699,C
4-HA,899,5,3,0,3664,3672,C
4-HA,900,3712,0,1,0,3713,A
4-HA,901,3690,0,0,0,3690,A
4-HA,902,3697,1,1,1,3700,A
4-HA,903,1,3589,0,0,3590,T
4-HA,904,1,5,3616,0,3622,G
4-HA,905,0,5,3606,0,3611,G
4-HA,906,3598,1,2,0,3601,A
4-HA,907,3592,0,5,0,3597,A
4-HA,908,1,1,3612,0,3614,G
4-HA,909,0,0,0,3574,3574,C
4-HA,910,3568,0,1,0,3569,A
4-HA,911,0,3571,1,1,3573,T
4-HA,912,0,3540,0,1,3541,T
4-HA,913,5,0,0,3656,3661,C
4-HA,914,5,2,0,3640,3647,C
4-HA,915,8,1,0,3663,3672,C
4-HA,916,3667,0,0,0,3667,A
4-HA,917,3715,0,1,1,3717,A
4-HA,918,0,3761,0,0,3761,T
4-HA,919,0,22,3741,0,3763,G
4-HA,920,3762,1,2,0,3765,A
4-HA,921,0,0,0,3770,3770,C
4-HA,922,3704,1,1,0,3706,A
4-HA,923,3705,0,2,0,3707,A
4-HA,924,3689,0,0,1,3690,A
4-HA,925,1,1,0,3732,3734,C
4-HA,926,11,0,0,3681,3692,C
4-HA,927,3639,0,0,1,3640,A
4-HA,928,0,3635,0,1,3636,T
4-HA,929,0,3598,0,1,3599,T
4-HA,930,15,0,0,3615,3630,C
4-HA,931,9,0,0,3635,3644,C
4-HA,932,3642,0,2,0,3644,A
4-HA,933,3639,0,0,1,3640,A
4-HA,934,3629,0,0,0,3629,A
4-HA,935,3635,1,35,0,3671,A
4-HA,936,0,3647,0,0,3647,T
4-HA,937,1,0,3672,0,3673,G
4-HA,938,0,3638,0,2,3640,T
4-HA,939,3693,1,0,0,3694,A
4-HA,940,3690,0,0,0,3690,A
4-HA,941,3679,0,0,0,3679,A
4-HA,942,0,0,0,3699,3699,C
4-HA,943,3640,1,1,0,3642,A
4-HA,944,0,9,3683,0,3692,G
4-HA,945,1,14,3673,0,3688,G
4-HA,946,3771,0,1,0,3772,A
4-HA,947,0,3739,1,0,3740,T
4-HA,948,14,0,1,3774,3789,C
4-HA,949,3794,0,7,0,3801,A
4-HA,950,2,3,0,3910,3915,C
4-HA,951,3930,0,0,0,3930,A
4-HA,952,0,4031,0,0,4031,T
4-HA,953,3925,0,0,0,3925,A
4-HA,954,0,4,0,3916,3920,C
4-HA,955,6,3,3794,0,3803,G
4-HA,956,0,6,3773,0,3779,G
4-HA,957,0,7,3724,0,3731,G
4-HA,958,0,1,3750,0,3751,G
4-HA,959,4,0,0,3691,3695,C
4-HA,960,5,1,0,3704,3710,C
4-HA,961,0,3653,0,5,3658,T
4-HA,962,1,1,3915,0,3917,G
4-HA,963,1,3859,0,9,3869,T
4-HA,964,19,0,0,3900,3919,C
4-HA,965,11,0,0,3913,3924,C
4-HA,966,7,3,0,3914,3924,C
4-HA,967,3914,0,2,0,3916,A
4-HA,968,0,3,3946,0,3949,G
4-HA,969,3925,1,0,0,3926,A
4-HA,970,0,3923,0,1,3924,T
4-HA,971,3635,0,1,0,3636,A
4-HA,972,2,3602,0,1,3605,T
4-HA,973,1,3,3607,0,3611,G
4-HA,974,0,3582,0,1,3583,T
4-HA,975,1,3551,0,0,3552,T
4-HA,976,3565,0,2,0,3567,A
4-HA,977,3529,2,0,0,3531,A
4-HA,978,2,6,3542,0,3550,G
4-HA,979,3,3,0,3539,3545,C
4-HA,980,3505,0,1,0,3506,A
4-HA,981,3516,0,0,0,3516,A
4-HA,982,3488,0,0,0,3488,A
4-HA,983,3480,0,2,0,3482,A
4-HA,984,1,1,0,3491,3493,C
4-HA,985,3462,0,0,1,3463,A
4-HA,986,0,0,0,3487,3487,C
4-HA,987,1,3416,0,1,3418,T
4-HA,988,8,1,0,3446,3455,C
4-HA,989,0,3450,0,2,3452,T
4-HA,990,2,7,3466,0,3475,G
4-HA,991,3467,1,0,0,3468,A
4-HA,992,3468,0,3,0,3471,A
4-HA,993,3470,0,0,0,3470,A
4-HA,994,0,3428,0,1,3429,T
4-HA,995,0,3417,0,0,3417,T
4-HA,996,0,9,3439,0,3448,G
4-HA,997,2,4,3425,0,3431,G
4-HA,998,3,1,0,3448,3452,C
4-HA,999,3435,0,0,0,3435,A
4-HA,1000,3429,0,0,0,3429,A
4-HA,1001,2,0,0,3442,3444,C
4-HA,1002,3436,0,0,0,3436,A
4-HA,1003,0,5,3455,0,3460,G
4-HA,1004,1,6,3431,0,3438,G
4-HA,1005,1,13,3412,1,3427,G
4-HA,1006,3408,0,2,0,3410,A
4-HA,1007,1,3391,0,2,3394,T
4-HA,1008,3,1,3413,0,3417,G
4-HA,1009,1,0,0,3427,3428,C
4-HA,1010,2,15,3435,0,3452,G
4-HA,1011,3477,1,2,0,3480,A
4-HA,1012,3440,0,0,0,3440,A
4-HA,1013,3469,0,0,0,3469,A
4-HA,1014,0,3428,0,0,3428,T
4-HA,1015,2,1,3479,0,3482,G
4-HA,1016,1,3454,0,3,3458,T
4-HA,1017,3445,0,2,0,3447,A
4-HA,1018,0,2,0,3447,3449,C
4-HA,1019,10,0,1,3424,3435,C
4-HA,1020,3389,0,0,0,3389,A
4-HA,1021,0,6,3378,0,3384,G
4-HA,1022,3351,1,0,0,3352,A
4-HA,1023,2,6,3364,0,3372,G
4-HA,1024,3359,0,1,0,3360,A
4-HA,1025,3357,0,0,0,3357,A
4-HA,1026,3347,0,4,0,3351,A
4-HA,1027,2,2,0,3335,3339,C
4-HA,1028,3357,0,1,0,3358,A
4-HA,1029,3394,0,1,0,3395,A
4-HA,1030,3361,1,2,0,3364,A
4-HA,1031,11,2,0,3385,3398,C
4-HA,1032,0,3359,0,2,3361,T
4-HA,1033,3343,0,1,0,3344,A
4-HA,1034,0,3,3353,0,3356,G
4-HA,1035,3315,0,4,2,3321,A
4-HA,1036,0,7,3388,0,3395,G
4-HA,1037,0,0,3366,0,3366,G
4-HA,1038,3,1,0,3315,3319,C
4-HA,1039,3340,0,1,0,3341,A
4-HA,1040,0,3339,0,0,3339,T
4-HA,1041,3365,0,0,0,3365,A
4-HA,1042,0,3343,0,0,3343,T
4-HA,1043,0,3330,0,2,3332,T
4-HA,1044,0,3329,0,4,3333,T
4-HA,1045,1,14,3240,0,3255,G
4-HA,1046,1,0,3253,0,3254,G
4-HA,1047,2,1,0,3220,3223,C
4-HA,1048,1,1,3237,0,3239,G
4-HA,1049,2,1,0,3216,3219,C
4-HA,1050,3188,0,1,0,3189,A
4-HA,1051,3192,0,0,0,3192,A
4-HA,1052,1,3175,0,0,3176,T
4-HA,1053,12,1,0,3198,3211,C
4-HA,1054,4,1,3215,0,3220,G
4-HA,1055,3,1,1,3177,3182,C
4-HA,1056,3,12,3194,1,3210,G
4-HA,1057,1,6,3226,0,3233,G
4-HA,1058,0,0,3248,0,3248,G
4-HA,1059,0,3206,0,2,3208,T
4-HA,1060,0,3200,0,1,3201,T
4-HA,1061,1,3209,0,1,3211,T
4-HA,1062,8,1,1,3207,3217,C
4-HA,1063,3223,0,1,0,3224,A
4-HA,1064,0,3235,0,3,3238,T
4-HA,1065,3234,0,2,0,3236,A
4-HA,1066,0,12,3239,0,3251,G
4-HA,1067,3179,0,0,0,3179,A
4-HA,1068,3203,0,1,0,3204,A
4-HA,1069,3191,0,0,0,3191,A
4-HA,1070,3193,0,0,0,3193,A
4-HA,1071,0,3197,0,0,3197,T
4-HA,1072,1,7,3216,0,3224,G
4-HA,1073,0,3,3215,0,3218,G
4-HA,1074,1,3181,0,0,3182,T
4-HA,1075,0,3143,0,2,3145,T
4-HA,1076,0,10,3134,0,3144,G
4-HA,1077,1,6,3143,0,3150,G
4-HA,1078,0,9,3145,0,3154,G
4-HA,1079,3110,0,8,0,3118,A
4-HA,1080,1,5,3150,0,3156,G
4-HA,1081,5,10,3101,0,3116,G
4-HA,1082,1,6,3133,0,3140,G
4-HA,1083,3108,0,1,0,3109,A
4-HA,1084,3122,0,3,0,3125,A
4-HA,1085,0,3139,0,2,3141,T
4-HA,1086,1,6,3155,0,3162,G
4-HA,1087,0,1,3221,0,3222,G
4-HA,1088,0,3166,0,0,3166,T
4-HA,1089,1,8,3184,0,3193,G
4-HA,1090,0,7,3166,0,3173,G
4-HA,1091,3083,0,5,0,3088,A
4-HA,1092,1,3123,0,1,3125,T
4-HA,1093,2,9,3131,0,3142,G
4-HA,1094,1,0,3187,0,3188,G
4-HA,1095,0,3125,0,0,3125,T
4-HA,1096,0,3082,0,0,3082,T
4-HA,1097,2,11,3063,0,3076,G
4-HA,1098,2,2,3104,0,3108,G
4-HA,1099,0,3083,0,2,3085,T
4-HA,1100,3099,0,0,0,3099,A
4-HA,1101,1,7,0,2964,2972,C
4-HA,1102,0,7,2991,0,2998,G
4-HA,1103,0,0,3069,0,3069,G
4-HA,1104,0,3054,0,3,3057,T
4-HA,1105,0,3060,0,1,3061,T
4-HA,1106,0,3054,0,0,3054,T
4-HA,1107,9,1,0,3010,3020,C
4-HA,1108,3020,0,4,0,3024,A
4-HA,1109,0,4,3012,0,3016,G
4-HA,1110,1,3,3004,0,3008,G
4-HA,1111,2,1,0,2998,3001,C
4-HA,1112,2935,0,1,0,2936,A
4-HA,1113,0,2947,0,2,2949,T
4-HA,1114,8,0,0,2963,2971,C
4-HA,1115,2981,0,1,0,2982,A
4-HA,1116,2981,0,0,0,2981,A
4-HA,1117,2977,0,1,0,2978,A
4-HA,1118,2990,0,0,0,2990,A
4-HA,1119,0,2971,0,0,2971,T
4-HA,1120,0,2953,1,0,2954,T
4-HA,1121,9,0,0,2978,2987,C
4-HA,1122,0,2970,0,1,2971,T
4-HA,1123,0,2,2986,0,2988,G
4-HA,1124,2953,2,7,0,2962,A
4-HA,1125,2,13,2959,0,2974,G
4-HA,1126,0,4,2962,1,2967,G
4-HA,1127,2,3,2978,0,2983,G
4-HA,1128,2981,0,1,1,2983,A
4-HA,1129,2972,0,1,2,2975,A
4-HA,1130,0,6,2957,0,2963,G
4-HA,1131,2974,0,2,0,2976,A
4-HA,1132,0,7,2991,0,2998,G
4-HA,1133,0,12,2990,0,3002,G
4-HA,1134,2994,1,6,0,3001,A
4-HA,1135,0,1,0,2995,2996,C
4-HA,1136,3000,0,2,1,3003,A
4-HA,1137,3002,0,0,0,3002,A
4-HA,1138,1,0,3006,0,3007,G
4-HA,1139,0,2922,0,1,2923,T
4-HA,1140,2956,0,2,0,2958,A
4-HA,1141,1,0,2957,0,2958,G
4-HA,1142,1,1,0,2965,2967,C
4-HA,1143,2949,0,0,0,2949,A
4-HA,1144,0,6,2964,0,2970,G
4-HA,1145,2925,0,0,0,2925,A
4-HA,1146,0,2974,0,0,2974,T
4-HA,1147,8,2,0,2979,2989,C
4-HA,1148,1,2964,0,10,2975,T
4-HA,1149,15,0,0,3003,3018,C
4-HA,1150,3008,0,0,0,3008,A
4-HA,1151,3002,2,1,0,3005,A
4-HA,1152,3011,0,1,1,3013,A
4-HA,1153,2982,0,2,0,2984,A
4-HA,1154,1,0,2983,0,2984,G
4-HA,1155,1,1,0,2917,2919,C
4-HA,1156,2890,0,0,0,2890,A
4-HA,1157,1,1,0,2943,2945,C
4-HA,1158,0,2906,0,2,2908,T
4-HA,1159,9,0,0,2922,2931,C
4-HA,1160,2940,0,0,0,2940,A
4-HA,1161,2978,0,4,0,2982,A
4-HA,1162,1,0,2969,0,2970,G
4-HA,1163,0,4,0,2973,2977,C
4-HA,1164,2962,0,0,2,2964,A
4-HA,1165,0,1,2967,0,2968,G
4-HA,1166,0,1,0,2936,2937,C
4-HA,1167,2946,1,0,0,2947,A
4-HA,1168,2933,0,0,1,2934,A
4-HA,1169,0,2871,0,1,2872,T
4-HA,1170,11,4,0,2842,2857,C
4-HA,1171,0,15,2847,0,2862,G
4-HA,1172,2841,0,0,1,2842,A
4-HA,1173,1,2817,0,4,2822,T
4-HA,1174,16,1,0,2816,2833,C
4-HA,1175,2841,0,0,0,2841,A
4-HA,1176,2869,1,1,0,2871,A
4-HA,1177,2864,0,0,0,2864,A
4-HA,1178,2,2852,0,0,2854,T
4-HA,1179,12,1,0,2866,2879,C
4-HA,1180,2860,0,0,0,2860,A
4-HA,1181,2869,0,1,0,2870,A
4-HA,1182,0,2869,0,0,2869,T
4-HA,1183,1,3,2881,1,2886,G
4-HA,1184,0,5,2862,0,2867,G
4-HA,1185,2,4,2835,1,2842,G
4-HA,1186,2821,1,1,0,2823,A
4-HA,1187,2841,0,3,0,2844,A
4-HA,1188,2,1,2871,0,2874,G
4-HA,1189,3,1,0,2871,2875,C
4-HA,1190,1,2864,0,1,2866,T
4-HA,1191,1,16,2934,0,2951,G
4-HA,1192,2956,0,0,0,2956,A
4-HA,1193,2951,0,1,0,2952,A
4-HA,1194,0,2952,0,0,2952,T
4-HA,1195,2910,0,0,1,2911,A
4-HA,1196,0,3,2900,0,2903,G
4-HA,1197,2735,0,0,0,2735,A
4-HA,1198,0,2725,0,3,2728,T
4-HA,1199,0,2752,0,0,2752,T
4-HA,1200,2,6,2758,0,2766,G
4-HA,1201,2737,0,0,0,2737,A
4-HA,1202,0,2744,0,0,2744,T
4-HA,1203,10,2,0,2746,2758,C
4-HA,1204,1,9,2742,1,2753,G
4-HA,1205,3,3,2727,0,2733,G
4-HA,1206,1,10,2722,0,2733,G
4-HA,1207,2737,0,1,1,2739,A
4-HA,1208,2741,0,0,1,2742,A
4-HA,1209,2724,0,0,1,2725,A
4-HA,1210,2695,0,3,0,2698,A
4-HA,1211,1,1,0,2721,2723,C
4-HA,1212,10,0,0,2725,2735,C
4-HA,1213,2715,0,1,0,2716,A
4-HA,1214,2698,1,1,1,2701,A
4-HA,1215,2,1,0,2710,2713,C
4-HA,1216,1,12,2702,0,2715,G
4-HA,1217,2706,1,1,0,2708,A
4-HA,1218,0,3,2705,0,2708,G
4-HA,1219,2709,1,3,0,2713,A
4-HA,1220,2696,0,2,0,2698,A
4-HA,1221,2694,0,0,1,2695,A
4-HA,1222,0,2673,1,2,2676,T
4-HA,1223,0,2659,0,0,2659,T
4-HA,1224,10,0,0,2682,2692,C
4-HA,1225,3,1,0,2689,2693,C
4-HA,1226,2698,0,2,1,2701,A
4-HA,1227,0,2685,1,0,2686,T
4-HA,1228,7,0,0,2680,2687,C
4-HA,1229,2675,0,2,0,2677,A
4-HA,1230,0,2,2700,0,2702,G
4-HA,1231,2671,0,1,0,2672,A
4-HA,1232,0,2665,0,1,2666,T
4-HA,1233,1,2668,1,0,2670,T
4-HA,1234,1,7,2677,0,2685,G
4-HA,1235,2681,1,0,0,2682,A
4-HA,1236,2686,0,0,0,2686,A
4-HA,1237,2687,0,0,1,2688,A
4-HA,1238,2689,0,0,1,2690,A
4-HA,1239,2660,0,4,1,2665,A
4-HA,1240,0,11,2644,0,2655,G
4-HA,1241,2649,0,2,1,2652,A
4-HA,1242,2655,0,0,2,2657,A
4-HA,1243,0,2606,0,0,2606,T
4-HA,1244,0,2630,0,2,2632,T
4-HA,1245,7,0,1,2644,2652,C
4-HA,1246,0,2645,0,0,2645,T
4-HA,1247,4,1,1,2638,2644,C
4-HA,1248,2640,0,1,0,2641,A
4-HA,1249,4,3,2633,0,2640,G
4-HA,1250,2630,0,0,1,2631,A
4-HA,1251,2618,0,0,1,2619,A
4-HA,1252,2,1,2650,0,2653,G
4-HA,1253,1,2597,0,0,2598,T
4-HA,1254,14,4,0,2606,2624,C
4-HA,1255,0,5,2618,0,2623,G
4-HA,1256,2618,0,3,2,2623,A
4-HA,1257,2618,0,7,0,2625,A
4-HA,1258,0,9,2614,1,2624,G
4-HA,1259,0,2,2627,0,2629,G
4-HA,1260,1,6,2621,0,2628,G
4-HA,1261,2564,0,1,0,2565,A
4-HA,1262,0,10,2568,0,2578,G
4-HA,1263,2571,0,0,0,2571,A
4-HA,1264,2672,0,0,0,2672,A
4-HA,1265,0,2651,0,0,2651,T
4-HA,1266,0,2661,0,0,2661,T
4-HA,1267,10,0,0,2658,2668,C
4-HA,1268,2608,0,3,1,2612,A
4-HA,1269,1,5,2605,0,2611,G
4-HA,1270,2,11,2593,0,2606,G
4-HA,1271,2567,0,1,1,2569,A
4-HA,1272,1,0,0,2586,2587,C
4-HA,1273,9,1,0,2402,2412,C
4-HA,1274,0,2393,0,3,2396,T
4-HA,1275,1,2329,0,88,2418,T
4-HA,1276,1,8,2436,0,2445,G
4-HA,1277,2437,0,2,0,2439,A
4-HA,1278,0,6,2465,0,2471,G
4-HA,1279,2432,0,0,0,2432,A
4-HA,1280,2166,0,0,0,2166,A
4-HA,1281,2135,0,7,0,2142,A
4-HA,1282,0,2094,0,0,2094,T
4-HA,1283,2129,0,0,0,2129,A
4-HA,1284,0,2117,0,0,2117,T
4-HA,1285,6,0,2118,0,2124,G
4-HA,1286,0,2108,1,2,2111,T
4-HA,1287,0,2065,0,0,2065,T
4-HA,1288,0,5,2057,0,2062,G
4-HA,1289,2051,0,0,0,2051,A
4-HA,1290,0,5,2065,1,2071,G
4-HA,1291,1,10,2056,0,2067,G
4-HA,1292,2027,0,1,0,2028,A
4-HA,1293,0,0,0,2088,2088,C
4-HA,1294,2049,0,1,0,2050,A
4-HA,1295,0,1,0,2039,2040,C
4-HA,1296,0,2038,0,0,2038,T
4-HA,1297,2125,0,1,0,2126,A
4-HA,1298,2158,0,0,0,2158,A
4-HA,1299,2158,0,1,0,2159,A
4-HA,1300,2175,1,0,0,2176,A
4-HA,1301,0,2167,0,0,2167,T
4-HA,1302,2098,0,0,0,2098,A
4-HA,1303,0,2,2109,0,2111,G
4-HA,1304,2061,0,0,0,2061,A
4-HA,1305,0,2067,0,1,2068,T
4-HA,1306,2,1,0,2066,2069,C
4-HA,1307,0,2027,0,0,2027,T
4-HA,1308,14,0,0,2072,2086,C
4-HA,1309,0,2069,0,1,2070,T
4-HA,1310,0,5,2100,0,2105,G
4-HA,1311,0,1,2147,0,2148,G
4-HA,1312,0,2141,0,1,2142,T
4-HA,1313,13,0,0,2127,2140,C
4-HA,1314,2157,0,0,0,2157,A
4-HA,1315,0,2161,0,3,2164,T
4-HA,1316,2168,0,0,0,2168,A
4-HA,1317,0,0,1,2162,2163,C
4-HA,1318,2106,0,3,0,2109,A
4-HA,1319,2111,0,1,0,2112,A
4-HA,1320,0,1,0,2069,2070,C
4-HA,1321,0,0,2059,0,2059,G
4-HA,1322,1,2,0,2056,2059,C
4-HA,1323,1,4,2041,0,2046,G
4-HA,1324,1,6,2039,0,2046,G
4-HA,1325,2037,0,2,0,2039,A
4-HA,1326,0,0,2070,0,2070,G
4-HA,1327,1,1,0,2045,2047,C
4-HA,1328,0,2044,0,4,2048,T
4-HA,1329,0,2057,0,1,2058,T
4-HA,1330,3,0,0,2053,2056,C
4-HA,1331,0,2073,0,1,2074,T
4-HA,1332,0,2071,0,0,2071,T
4-HA,1333,0,1,2075,0,2076,G
4-HA,1334,0,2057,0,1,2058,T
4-HA,1335,0,2037,0,0,2037,T
4-HA,1336,2,1,2054,0,2057,G
4-HA,1337,0,0,0,2038,2038,C
4-HA,1338,6,0,0,2031,2037,C
4-HA,1339,5,1,0,2052,2058,C
4-HA,1340,1,2054,1,1,2057,T
4-HA,1341,0,3,2079,0,2082,G
4-HA,1342,1,11,2081,0,2093,G
4-HA,1343,2082,0,0,0,2082,A
4-HA,1344,1,11,2081,0,2093,G
4-HA,1345,2052,0,1,0,2053,A
4-HA,1346,2057,0,1,0,2058,A
4-HA,1347,0,1,0,2069,2070,C
4-HA,1348,7,0,0,2076,2083,C
4-HA,1349,2078,0,1,0,2079,A
4-HA,1350,2128,0,0,0,2128,A
4-HA,1351,1,3,0,2121,2125,C
4-HA,1352,2144,0,0,0,2144,A
4-HA,1353,0,2123,0,1,2124,T
4-HA,1354,2126,0,1,0,2127,A
4-HA,1355,1,0,0,2165,2166,C
4-HA,1356,2137,0,0,0,2137,A
4-HA,1357,2138,0,0,0,2138,A
4-HA,1358,0,2116,0,3,2119,T
4-HA,1359,2,2049,0,0,2051,T
4-HA,1360,1,12,2079,0,2092,G
4-HA,1361,2100,0,0,0,2100,A
4-HA,1362,0,2089,0,1,2090,T
4-HA,1363,8,1,1,2094,2104,C
4-HA,1364,0,2065,0,2,2067,T
4-HA,1365,2076,1,0,0,2077,A
4-HA,1366,2074,0,0,0,2074,A
4-HA,1367,0,0,0,2070,2070,C
4-HA,1368,0,2058,0,1,2059,T
4-HA,1369,2,12,2040,0,2054,G
4-HA,1370,2034,0,1,0,2035,A
4-HA,1371,0,0,0,2039,2039,C
4-HA,1372,0,2036,0,0,2036,T
4-HA,1373,8,0,0,2038,2046,C
4-HA,1374,2043,0,2,0,2045,A
4-HA,1375,0,2,2089,0,2091,G
4-HA,1376,2093,0,0,0,2093,A
4-HA,1377,2096,0,0,0,2096,A
4-HA,1378,2098,0,0,0,2098,A
4-HA,1379,0,2073,1,0,2074,T
4-HA,1380,1,21,2087,1,2110,G
4-HA,1381,2108,0,1,0,2109,A
4-HA,1382,2113,0,1,1,2115,A
4-HA,1383,0,0,0,2115,2115,C
4-HA,1384,2090,0,1,0,2091,A
4-HA,1385,2069,0,21,0,2090,A
4-HA,1386,2073,0,0,0,2073,A
4-HA,1387,0,1,0,2097,2098,C
4-HA,1388,0,2063,0,1,2064,T
4-HA,1389,0,0,2083,0,2083,G
4-HA,1390,0,2057,2,3,2062,T
4-HA,1391,1,2062,0,1,2064,T
4-HA,1392,0,2061,1,1,2063,T
4-HA,1393,1,8,2062,0,2071,G
4-HA,1394,2066,0,0,0,2066,A
4-HA,1395,2069,0,0,1,2070,A
4-HA,1396,2058,0,0,0,2058,A
4-HA,1397,2060,0,0,0,2060,A
4-HA,1398,2025,2,0,1,2028,A
4-HA,1399,2034,1,0,0,2035,A
4-HA,1400,2,0,0,2055,2057,C
4-HA,1401,2053,0,2,0,2055,A
4-HA,1402,2053,1,1,0,2055,A
4-HA,1403,2054,0,1,0,2055,A
4-HA,1404,0,3,2056,0,2059,G
4-HA,1405,2069,0,0,0,2069,A
4-HA,1406,2059,0,0,0,2059,A
4-HA,1407,1,1,2061,0,2063,G
4-HA,1408,0,0,0,2050,2050,C
4-HA,1409,2069,0,1,0,2070,A
4-HA,1410,2062,0,0,0,2062,A
4-HA,1411,0,0,0,2048,2048,C
4-HA,1412,0,2038,0,0,2038,T
4-HA,1413,1,4,2058,0,2063,G
4-HA,1414,2049,0,1,0,2050,A
4-HA,1415,1,7,2055,0,2063,G
4-HA,1416,1,8,2062,0,2071,G
4-HA,1417,1,1,2068,0,2070,G
4-HA,1418,2085,0,0,0,2085,A
4-HA,1419,2075,0,0,0,2075,A
4-HA,1420,2068,0,0,0,2068,A
4-HA,1421,2076,0,0,0,2076,A
4-HA,1422,0,2064,0,0,2064,T
4-HA,1423,0,0,2084,0,2084,G
4-HA,1424,0,1,0,2074,2075,C
4-HA,1425,0,2064,0,1,2065,T
4-HA,1426,0,5,2073,0,2078,G
4-HA,1427,2079,0,0,0,2079,A
4-HA,1428,0,4,2154,0,2158,G
4-HA,1429,1,2,2178,0,2181,G
4-HA,1430,2158,0,0,0,2158,A
4-HA,1431,0,2154,0,1,2155,T
4-HA,1432,2129,12,0,0,2141,A
4-HA,1433,1,2124,0,0,2125,T
4-HA,1434,1,8,2146,0,2155,G
4-HA,1435,1,6,2151,0,2158,G
4-HA,1436,0,0,2163,0,2163,G
4-HA,1437,0,0,1,2071,2072,C
4-HA,1438,2032,0,0,0,2032,A
4-HA,1439,2032,0,0,0,2032,A
4-HA,1440,0,2021,0,0,2021,T
4-HA,1441,1,2,2033,0,2036,G
4-HA,1442,0,0,2027,0,2027,G
4-HA,1443,0,1974,0,0,1974,T
4-HA,1444,0,1937,0,1,1938,T
4-HA,1445,2,0,1946,0,1948,G
4-HA,1446,0,1946,1,0,1947,T
4-HA,1447,0,1949,1,2,1952,T
4-HA,1448,0,1948,0,1,1949,T
4-HA,1449,8,0,0,1950,1958,C
4-HA,1450,1961,0,0,0,1961,A
4-HA,1451,1968,0,0,0,1968,A
4-HA,1452,1971,0,0,0,1971,A
4-HA,1453,1983,0,0,0,1983,A
4-HA,1454,0,1960,0,0,1960,T
4-HA,1455,1959,0,0,0,1959,A
4-HA,1456,0,1960,0,0,1960,T
4-HA,1457,1936,0,1,0,1937,A
4-HA,1458,0,0,0,1970,1970,C
4-HA,1459,6,1,1,1955,1963,C
4-HA,1460,1950,0,1,0,1951,A
4-HA,1461,0,0,0,1971,1971,C
4-HA,1462,1959,0,1,1,1961,A
4-HA,1463,1972,0,0,0,1972,A
4-HA,1464,1974,0,0,0,1974,A
4-HA,1465,0,1966,0,0,1966,T
4-HA,1466,0,0,1982,0,1982,G
4-HA,1467,0,1945,0,1,1946,T
4-HA,1468,0,8,1957,0,1965,G
4-HA,1469,1965,0,2,0,1967,A
4-HA,1470,2,0,0,1957,1959,C
4-HA,1471,1940,0,1,0,1941,A
4-HA,1472,1930,0,0,0,1930,A
4-HA,1473,0,1940,0,0,1940,T
4-HA,1474,0,3,1951,0,1954,G
4-HA,1475,1,1,0,1921,1923,C
4-HA,1476,3,0,0,1941,1944,C
4-HA,1477,0,1927,0,2,1929,T
4-HA,1478,0,0,2012,0,2012,G
4-HA,1479,2,0,0,2007,2009,C
4-HA,1480,2014,0,0,0,2014,A
4-HA,1481,0,2013,0,0,2013,T
4-HA,1482,1944,0,3,0,1947,A
4-HA,1483,1,4,1939,0,1944,G
4-HA,1484,1,8,1935,0,1944,G
4-HA,1485,1936,0,0,0,1936,A
4-HA,1486,0,1914,1,0,1915,T
4-HA,1487,16,1,0,1797,1814,C
4-HA,1488,1813,0,0,0,1813,A
4-HA,1489,1844,0,0,0,1844,A
4-HA,1490,0,1834,0,3,1837,T
4-HA,1491,11,0,0,1826,1837,C
4-HA,1492,1817,0,0,0,1817,A
4-HA,1493,0,1795,0,0,1795,T
4-HA,1494,1815,0,0,0,1815,A
4-HA,1495,1815,0,1,0,1816,A
4-HA,1496,1817,0,0,0,1817,A
4-HA,1497,0,1808,0,0,1808,T
4-HA,1498,2,8,1759,0,1769,G
4-HA,1499,0,6,1755,0,1761,G
4-HA,1500,1769,0,1,0,1770,A
4-HA,1501,1769,0,0,0,1769,A
4-HA,1502,1,0,0,1791,1792,C
4-HA,1503,0,1762,0,0,1762,T
4-HA,1504,0,1778,0,1,1779,T
4-HA,1505,1784,0,0,0,1784,A
4-HA,1506,0,1775,0,0,1775,T
4-HA,1507,1,23,1753,0,1777,G
4-HA,1508,1758,0,2,0,1760,A
4-HA,1509,0,0,0,1756,1756,C
4-HA,1510,6,0,0,1725,1731,C
4-HA,1511,1725,0,1,0,1726,A
4-HA,1512,1,0,0,1780,1781,C
4-HA,1513,1,3,1812,0,1816,G
4-HA,1514,1843,0,1,0,1844,A
4-HA,1515,0,1865,1,0,1866,T
4-HA,1516,1,3,1923,0,1927,G
4-HA,1517,0,1899,0,2,1901,T
4-HA,1518,1966,0,3,0,1969,A
4-HA,1519,0,1963,0,0,1963,T
4-HA,1520,1946,0,1,0,1947,A
4-HA,1521,0,0,0,1951,1951,C
4-HA,1522,1774,0,2,0,1776,A
4-HA,1523,0,2,1791,0,1793,G
4-HA,1524,1687,0,0,0,1687,A
4-HA,1525,0,3,1647,0,1650,G
4-HA,1526,1645,0,1,0,1646,A
4-HA,1527,0,1499,0,1,1500,T
4-HA,1528,1,4,1495,0,1500,G
4-HA,1529,1497,0,0,0,1497,A
4-HA,1530,1479,2,1,0,1482,A
4-HA,1531,1,1,1505,0,1507,G
4-HA,1532,0,1,0,1475,1476,C
4-HA,1533,1479,0,1,0,1480,A
4-HA,1534,0,1473,1,0,1474,T
4-HA,1535,0,1465,0,0,1465,T
4-HA,1536,1462,0,0,0,1462,A
4-HA,1537,1461,0,0,0,1461,A
4-HA,1538,1464,0,0,1,1465,A
4-HA,1539,0,1,0,1464,1465,C
4-HA,1540,1406,0,0,0,1406,A
4-HA,1541,1401,0,1,0,1402,A
4-HA,1542,1,0,0,1403,1404,C
4-HA,1543,4,1,0,1394,1399,C
4-HA,1544,1,0,1393,0,1394,G
4-HA,1545,0,1,1404,0,1405,G
4-HA,1546,0,1403,0,0,1403,T
4-HA,1547,0,1399,0,0,1399,T
4-HA,1548,0,1375,0,2,1377,T
4-HA,1549,6,0,1,1377,1384,C
4-HA,1550,1388,0,1,0,1389,A
4-HA,1551,0,3,1400,0,1403,G
4-HA,1552,1407,0,0,0,1407,A
4-HA,1553,0,1396,0,0,1396,T
4-HA,1554,6,0,0,1365,1371,C
4-HA,1555,1368,0,0,0,1368,A
4-HA,1556,1376,0,0,0,1376,A
4-HA,1557,0,1,1376,0,1377,G
4-HA,1558,0,1,1370,0,1371,G
4-HA,1559,0,3,1360,1,1364,G
4-HA,1560,1312,0,1,0,1313,A
4-HA,1561,0,0,1328,0,1328,G
4-HA,1562,0,1323,0,1,1324,T
4-HA,1563,0,1320,0,0,1320,T
4-HA,1564,0,3,1333,0,1336,G
4-HA,1565,1327,0,1,1,1329,A
4-HA,1566,0,0,1329,0,1329,G
4-HA,1567,0,0,0,1319,1319,C
4-HA,1568,0,1312,0,3,1315,T
4-HA,1569,0,3,1318,0,1321,G
4-HA,1570,1319,0,0,0,1319,A
4-HA,1571,1322,0,1,0,1323,A
4-HA,1572,0,2,1319,0,1321,G
4-HA,1573,0,1285,0,0,1285,T
4-HA,1574,6,0,0,1286,1292,C
4-HA,1575,1267,0,2,0,1269,A
4-HA,1576,0,5,1256,0,1261,G
4-HA,1577,0,4,1257,0,1261,G
4-HA,1578,0,0,1228,0,1228,G
4-HA,1579,0,1269,0,0,1269,T
4-HA,1580,1268,0,1,0,1269,A
4-HA,1581,0,1,0,1264,1265,C
4-HA,1582,1269,0,0,0,1269,A
4-HA,1583,1263,0,0,0,1263,A
4-HA,1584,1260,0,0,0,1260,A
4-HA,1585,0,4,1266,0,1270,G
4-HA,1586,1230,0,0,0,1230,A
4-HA,1587,0,1180,0,1,1181,T
4-HA,1588,0,1165,0,0,1165,T
4-HA,1589,1,4,1161,0,1166,G
4-HA,1590,0,2,1168,0,1170,G
4-HA,1591,1167,0,1,0,1168,A
4-HA,1592,0,1162,0,1,1163,T
4-HA,1593,4,1,0,1154,1159,C
4-HA,1594,3,0,0,1158,1161,C
4-HA,1595,0,1146,0,2,1148,T
4-HA,1596,1156,0,0,0,1156,A
4-HA,1597,0,1153,0,0,1153,T
4-HA,1598,0,5,1145,0,1150,G
4-HA,1599,0,2,1142,0,1144,G
4-HA,1600,1115,1,0,0,1116,A
4-HA,1601,0,1111,0,1,1112,T
4-HA,1602,0,1101,0,0,1101,T
4-HA,1603,0,1089,0,0,1089,T
4-HA,1604,3,0,0,1075,1078,C
4-HA,1605,2,0,0,1086,1088,C
4-HA,1606,0,1077,0,1,1078,T
4-HA,1607,0,1072,0,0,1072,T
4-HA,1608,0,1071,0,0,1071,T
4-HA,1609,0,0,1075,0,1075,G
4-HA,1610,1,0,0,1071,1072,C
4-HA,1611,4,0,0,1076,1080,C
4-HA,1612,1064,0,0,0,1064,A
4-HA,1613,0,1059,0,0,1059,T
4-HA,1614,1052,0,1,0,1053,A
4-HA,1615,0,1055,0,0,1055,T
4-HA,1616,5,0,0,1042,1047,C
4-HA,1617,1045,0,1,0,1046,A
4-HA,1618,0,1041,0,1,1042,T
4-HA,1619,0,0,1046,0,1046,G
4-HA,1620,0,1033,0,0,1033,T
4-HA,1621,0,1023,0,0,1023,T
4-HA,1622,0,1016,0,2,1018,T
4-HA,1623,0,994,0,0,994,T
4-HA,1624,0,992,0,0,992,T
4-HA,1625,0,989,0,0,989,T
4-HA,1626,0,0,988,0,988,G
4-HA,1627,0,1,1,974,976,C
4-HA,1628,0,939,0,1,940,T
4-HA,1629,0,950,0,0,950,T
4-HA,1630,0,948,0,0,948,T
4-HA,1631,0,0,958,0,958,G
4-HA,1632,0,956,0,0,956,T
4-HA,1633,0,0,962,0,962,G
4-HA,1634,0,959,0,1,960,T
4-HA,1635,0,937,0,1,938,T
4-HA,1636,0,1,939,0,940,G
4-HA,1637,1,1,0,929,931,C
4-HA,1638,0,928,0,2,930,T
4-HA,1639,0,943,0,1,944,T
4-HA,1640,0,904,0,0,904,T
4-HA,1641,0,1,902,0,903,G
4-HA,1642,0,898,0,0,898,T
4-HA,1643,0,898,0,0,898,T
4-HA,1644,0,2,900,0,902,G
4-HA,1645,0,3,874,0,877,G
4-HA,1646,0,2,880,0,882,G
4-HA,1647,0,0,883,0,883,G
4-HA,1648,0,855,0,0,855,T
4-HA,1649,0,853,0,0,853,T
4-HA,1650,5,0,0,837,842,C
4-HA,1651,828,0,0,0,828,A
4-HA,1652,0,818,0,2,820,T
4-HA,1653,4,1,0,823,828,C
4-HA,1654,818,0,0,1,819,A
4-HA,1655,0,795,0,0,795,T
4-HA,1656,0,1,785,0,786,G
4-HA,1657,0,769,0,1,770,T
4-HA,1658,2,1,755,0,758,G
4-HA,1659,0,0,738,0,738,G
4-HA,1660,0,0,731,0,731,G
4-HA,1661,0,0,0,711,711,C
4-HA,1662,2,0,0,685,687,C
4-HA,1663,0,658,0,1,659,T
4-HA,1664,0,0,661,0,661,G
4-HA,1665,0,0,0,653,653,C
4-HA,1666,2,0,0,657,659,C
4-HA,1667,660,0,1,0,661,A
4-HA,1668,660,0,0,0,660,A
4-HA,1669,660,0,0,0,660,A
4-HA,1670,664,0,0,0,664,A
4-HA,1671,659,0,0,0,659,A
4-HA,1672,0,1,655,0,656,G
4-HA,1673,0,1,632,0,633,G
4-HA,1674,0,0,0,625,625,C
4-HA,1675,627,0,0,0,627,A
4-HA,1676,625,0,0,0,625,A
4-HA,1677,0,0,0,625,625,C
4-HA,1678,626,0,0,0,626,A
4-HA,1679,1,615,0,0,616,T
4-HA,1680,0,616,0,0,616,T
4-HA,1681,593,0,0,0,593,A
4-HA,1682,0,2,584,0,586,G
4-HA,1683,0,0,585,0,585,G
4-HA,1684,0,560,0,2,562,T
4-HA,1685,0,0,527,0,527,G
4-HA,1686,0,1,0,501,502,C
4-HA,1687,493,0,1,0,494,A
4-HA,1688,492,0,0,0,492,A
4-HA,1689,1,1,0,491,493,C
4-HA,1690,484,0,0,0,484,A
4-HA,1691,0,472,0,0,472,T
4-HA,1692,0,447,0,0,447,T
4-HA,1693,0,448,0,1,449,T
4-HA,1694,1,0,444,0,445,G
4-HA,1695,0,0,0,439,439,C
4-HA,1696,439,0,1,0,440,A
4-HA,1697,0,411,0,0,411,T
4-HA,1698,0,390,0,1,391,T
4-HA,1699,0,378,0,0,378,T
4-HA,1700,0,0,379,0,379,G
4-HA,1701,351,0,0,0,351,A
5-NP,1,317,0,0,0,317,A
5-NP,2,0,319,0,0,319,T
5-NP,3,0,0,315,0,315,G
5-NP,4,0,0,319,0,319,G
5-NP,5,0,0,0,322,322,C
5-NP,6,0,0,339,0,339,G
5-NP,7,0,349,0,1,350,T
5-NP,8,1,0,0,359,360,C
5-NP,9,1,0,0,361,362,C
5-NP,10,0,0,0,367,367,C
5-NP,11,362,0,1,0,363,A
5-NP,12,363,0,0,0,363,A
5-NP,13,0,2,366,0,368,G
5-NP,14,0,0,374,0,374,G
5-NP,15,1,1,0,371,373,C
5-NP,16,371,0,0,0,371,A
5-NP,17,2,0,0,385,387,C
5-NP,18,1,0,0,387,388,C
5-NP,19,387,0,0,0,387,A
5-NP,20,388,0,0,0,388,A
5-NP,21,390,0,0,0,390,A
5-NP,22,0,0,0,391,391,C
5-NP,23,0,3,389,0,392,G
5-NP,24,0,0,440,0,440,G
5-NP,25,0,434,0,0,434,T
5-NP,26,1,0,0,477,478,C
5-NP,27,0,479,0,0,479,T
5-NP,28,0,491,0,0,491,T
5-NP,29,489,0,0,0,489,A
5-NP,30,0,491,0,0,491,T
5-NP,31,0,3,492,0,495,G
5-NP,32,489,0,1,0,490,A
5-NP,33,483,0,2,0,485,A
5-NP,34,0,0,0,488,488,C
5-NP,35,479,0,0,0,479,A
5-NP,36,0,0,506,0,506,G
5-NP,37,497,0,0,0,497,A
5-NP,38,0,507,0,0,507,T
5-NP,39,0,2,503,0,505,G
5-NP,40,0,1,500,0,501,G
5-NP,41,502,0,0,0,502,A
5-NP,42,511,0,0,0,511,A
5-NP,43,517,0,0,0,517,A
5-NP,44,1,0,0,534,535,C
5-NP,45,0,535,1,0,536,T
5-NP,46,0,1,546,0,547,G
5-NP,47,529,0,0,0,529,A
5-NP,48,0,546,0,0,546,T
5-NP,49,0,0,546,0,546,G
5-NP,50,0,1,542,0,543,G
5-NP,51,534,0,0,0,534,A
5-NP,52,0,2,548,0,550,G
5-NP,53,544,0,1,0,545,A
5-NP,54,0,551,0,0,551,T
5-NP,55,1,0,0,554,555,C
5-NP,56,0,0,547,1,548,G
5-NP,57,0,0,0,561,561,C
5-NP,58,0,0,0,565,565,C
5-NP,59,565,0,0,0,565,A
5-NP,60,1,2,567,0,570,G
5-NP,61,564,0,0,0,564,A
5-NP,62,576,1,0,0,577,A
5-NP,63,0,576,0,0,576,T
5-NP,64,1,0,578,0,579,G
5-NP,65,0,0,0,589,589,C
5-NP,66,586,0,0,0,586,A
5-NP,67,600,0,1,0,601,A
5-NP,68,0,0,0,601,601,C
5-NP,69,0,600,0,0,600,T
5-NP,70,0,1,601,0,602,G
5-NP,71,606,0,0,0,606,A
5-NP,72,1,2,640,0,643,G
5-NP,73,636,0,0,0,636,A
5-NP,74,0,642,0,0,642,T
5-NP,75,0,645,0,1,646,T
5-NP,76,640,0,0,0,640,A
5-NP,77,0,2,635,0,637,G
5-NP,78,0,1,638,0,639,G
5-NP,79,0,0,633,0,633,G
5-NP,80,0,0,0,632,632,C
5-NP,81,633,0,0,0,633,A
5-NP,82,0,634,0,0,634,T
5-NP,83,1,0,0,638,639,C
5-NP,84,1,0,0,637,638,C
5-NP,85,1,0,643,0,644,G
5-NP,86,0,641,0,1,642,T
5-NP,87,3,0,0,646,649,C
5-NP,88,0,2,647,0,649,G
5-NP,89,0,1,653,0,654,G
5-NP,90,0,2,657,0,659,G
5-NP,91,657,0,0,0,657,A
5-NP,92,655,0,0,0,655,A
5-NP,93,0,0,665,0,665,G
5-NP,94,661,0,0,0,661,A
5-NP,95,0,665,0,0,665,T
5-NP,96,0,4,663,0,667,G
5-NP,97,665,0,1,0,666,A
5-NP,98,0,670,0,0,670,T
5-NP,99,0,665,0,0,665,T
5-NP,100,0,1,666,0,667,G
5-NP,101,661,0,0,0,661,A
5-NP,102,0,662,0,0,662,T
5-NP,103,0,1,662,0,663,G
5-NP,104,0,8,671,0,679,G
5-NP,105,676,0,0,0,676,A
5-NP,106,677,0,0,0,677,A
5-NP,107,0,672,0,1,673,T
5-NP,108,0,677,0,0,677,T
5-NP,109,0,3,673,0,676,G
5-NP,110,0,0,679,0,679,G
5-NP,111,0,5,674,0,679,G
5-NP,112,678,0,0,0,678,A
5-NP,113,0,4,670,0,674,G
5-NP,114,674,0,1,0,675,A
5-NP,115,0,690,0,0,690,T
5-NP,116,0,698,0,0,698,T
5-NP,117,3,0,0,695,698,C
5-NP,118,0,697,0,0,697,T
5-NP,119,699,0,0,0,699,A
5-NP,120,0,0,0,700,700,C
5-NP,121,708,0,0,0,708,A
5-NP,122,0,715,0,0,715,T
5-NP,123,1,0,0,712,713,C
5-NP,124,3,0,0,709,712,C
5-NP,125,710,0,0,0,710,A
5-NP,126,725,0,1,0,726,A
5-NP,127,724,0,0,0,724,A
5-NP,128,0,727,0,0,727,T
5-NP,129,0,0,726,0,726,G
5-NP,130,0,716,0,1,717,T
5-NP,131,2,0,727,0,729,G
5-NP,132,1,0,0,727,728,C
5-NP,133,730,0,0,0,730,A
5-NP,134,0,0,0,732,732,C
5-NP,135,0,723,0,0,723,T
5-NP,136,0,4,745,0,749,G
5-NP,137,753,0,0,0,753,A
5-NP,138,770,0,1,0,771,A
5-NP,139,0,0,0,783,783,C
5-NP,140,0,783,0,0,783,T
5-NP,141,0,789,0,0,789,T
5-NP,142,790,0,0,0,790,A
5-NP,143,789,0,0,0,789,A
5-NP,144,787,0,0,0,787,A
5-NP,145,0,0,0,793,793,C
5-NP,146,0,770,0,0,770,T
5-NP,147,0,0,0,779,779,C
5-NP,148,777,0,0,0,777,A
5-NP,149,0,0,793,0,793,G
5-NP,150,0,790,0,1,791,T
5-NP,151,0,7,789,0,796,G
5-NP,152,808,0,1,0,809,A
5-NP,153,0,813,0,0,813,T
5-NP,154,3,0,0,824,827,C
5-NP,155,829,0,1,0,830,A
5-NP,156,0,829,0,0,829,T
5-NP,157,0,2,824,0,826,G
5-NP,158,820,0,0,0,820,A
5-NP,159,818,0,1,0,819,A
5-NP,160,0,4,814,0,818,G
5-NP,161,0,1,810,0,811,G
5-NP,162,0,0,808,0,808,G
5-NP,163,0,1,0,799,800,C
5-NP,164,0,1,806,1,808,G
5-NP,165,0,0,809,0,809,G
5-NP,166,0,804,0,0,804,T
5-NP,167,0,809,0,0,809,T
5-NP,168,0,3,806,0,809,G
5-NP,169,862,0,0,1,863,A
5-NP,170,0,866,0,0,866,T
5-NP,171,2,0,0,859,861,C
5-NP,172,2,0,0,866,868,C
5-NP,173,861,0,0,0,861,A
5-NP,174,0,2,864,0,866,G
5-NP,175,863,0,0,0,863,A
5-NP,176,866,0,0,0,866,A
5-NP,177,0,1,0,875,876,C
5-NP,178,832,0,0,0,832,A
5-NP,179,1,1,832,0,834,G
5-NP,180,0,0,0,838,838,C
5-NP,181,0,837,0,1,838,T
5-NP,182,0,849,0,0,849,T
5-NP,183,1,4,843,0,848,G
5-NP,184,853,0,2,0,855,A
5-NP,185,0,0,0,861,861,C
5-NP,186,853,0,1,0,854,A
5-NP,187,856,0,0,0,856,A
5-NP,188,0,856,0,0,856,T
5-NP,189,856,1,0,0,857,A
5-NP,190,0,2,859,0,861,G
5-NP,191,851,0,0,0,851,A
5-NP,192,0,1,861,0,862,G
5-NP,193,852,0,0,0,852,A
5-NP,194,874,0,0,0,874,A
5-NP,195,874,0,0,0,874,A
5-NP,196,890,0,0,0,890,A
5-NP,197,0,885,0,1,886,T
5-NP,198,0,6,878,0,884,G
5-NP,199,0,0,884,0,884,G
5-NP,200,0,874,0,0,874,T
5-NP,201,867,0,0,0,867,A
5-NP,202,0,0,0,874,874,C
5-NP,203,0,882,0,0,882,T
5-NP,204,1,0,0,889,890,C
5-NP,205,0,885,0,0,885,T
5-NP,206,2,0,0,891,893,C
5-NP,207,0,890,0,1,891,T
5-NP,208,0,0,894,0,894,G
5-NP,209,1,0,0,889,890,C
5-NP,210,0,885,1,1,887,T
5-NP,211,0,890,0,1,891,T
5-NP,212,0,886,0,0,886,T
5-NP,213,0,877,0,0,877,T
5-NP,214,0,1,879,0,880,G
5-NP,215,871,0,1,1,873,A
5-NP,216,0,872,0,1,873,T
5-NP,217,0,4,873,0,877,G
5-NP,218,878,0,0,0,878,A
5-NP,219,877,0,0,0,877,A
5-NP,220,881,0,0,0,881,A
5-NP,221,0,0,883,0,883,G
5-NP,222,877,0,0,0,877,A
5-NP,223,870,1,1,0,872,A
5-NP,224,2,0,881,0,883,G
5-NP,225,0,2,901,0,903,G
5-NP,226,908,0,0,0,908,A
5-NP,227,918,0,0,0,918,A
5-NP,228,0,917,0,0,917,T
5-NP,229,918,0,0,0,918,A
5-NP,230,914,0,0,0,914,A
5-NP,231,911,0,7,0,918,A
5-NP,232,0,911,0,0,911,T
5-NP,233,915,0,0,0,915,A
5-NP,234,0,0,0,911,911,C
5-NP,235,1,0,0,901,902,C
5-NP,236,0,902,0,0,902,T
5-NP,237,1,1,908,0,910,G
5-NP,238,0,1,914,0,915,G
5-NP,239,913,0,1,1,915,A
5-NP,240,911,0,0,0,911,A
5-NP,241,0,5,922,0,927,G
5-NP,242,920,0,0,0,920,A
5-NP,243,925,0,0,0,925,A
5-NP,244,0,1,0,919,920,C
5-NP,245,912,0,1,0,913,A
5-NP,246,0,0,0,931,931,C
5-NP,247,2,1,0,926,929,C
5-NP,248,3,1,0,920,924,C
5-NP,249,1,0,0,929,930,C
5-NP,250,929,0,0,0,929,A
5-NP,251,0,0,922,0,922,G
5-NP,252,0,0,0,927,927,C
5-NP,253,0,1,922,0,923,G
5-NP,254,1,1,0,916,918,C
5-NP,255,1,4,915,0,920,G
5-NP,256,1,1,917,0,919,G
5-NP,257,0,2,930,0,932,G
5-NP,258,0,1,935,0,936,G
5-NP,259,930,0,1,0,931,A
5-NP,260,930,0,0,1,931,A
5-NP,261,926,0,1,0,927,A
5-NP,262,0,0,930,0,930,G
5-NP,263,935,0,0,0,935,A
5-NP,264,0,919,0,0,919,T
5-NP,265,1,0,0,912,913,C
5-NP,266,1,0,0,919,920,C
5-NP,267,4,1,0,917,922,C
5-NP,268,927,0,0,0,927,A
5-NP,269,930,0,0,0,930,A
5-NP,270,0,4,928,0,932,G
5-NP,271,939,0,0,0,939,A
5-NP,272,947,0,0,0,947,A
5-NP,273,941,0,0,0,941,A
5-NP,274,943,0,2,0,945,A
5-NP,275,0,0,0,943,943,C
5-NP,276,0,931,0,0,931,T
5-NP,277,1,1,933,0,935,G
5-NP,278,0,1,925,0,926,G
5-NP,279,0,4,931,0,935,G
5-NP,280,0,1,926,0,927,G
5-NP,281,2,2,934,0,938,G
5-NP,282,0,1,950,0,951,G
5-NP,283,0,1,0,1014,1015,C
5-NP,284,3,0,0,1003,1006,C
5-NP,285,2,1,0,1017,1020,C
5-NP,286,1093,0,0,0,1093,A
5-NP,287,0,1095,0,0,1095,T
5-NP,288,1120,0,0,0,1120,A
5-NP,289,0,1115,1,0,1116,T
5-NP,290,1107,0,0,0,1107,A
5-NP,291,0,0,0,1126,1126,C
5-NP,292,1044,0,0,0,1044,A
5-NP,293,0,1,1057,0,1058,G
5-NP,294,0,5,1050,0,1055,G
5-NP,295,993,0,0,0,993,A
5-NP,296,0,2,1005,0,1007,G
5-NP,297,980,0,0,0,980,A
5-NP,298,954,0,0,0,954,A
5-NP,299,0,975,0,0,975,T
5-NP,300,970,0,1,0,971,A
5-NP,301,0,0,977,0,977,G
5-NP,302,953,0,1,0,954,A
5-NP,303,0,961,0,0,961,T
5-NP,304,0,1,958,0,959,G
5-NP,305,0,2,961,0,963,G
5-NP,306,960,0,0,0,960,A
5-NP,307,963,0,0,0,963,A
5-NP,308,961,0,0,0,961,A
5-NP,309,957,0,3,0,960,A
5-NP,310,0,965,0,0,965,T
5-NP,311,0,2,985,0,987,G
5-NP,312,0,2,983,0,985,G
5-NP,313,977,0,0,0,977,A
5-NP,314,0,975,0,0,975,T
5-NP,315,1,3,977,0,981,G
5-NP,316,974,0,2,0,976,A
5-NP,317,0,2,972,0,974,G
5-NP,318,0,4,968,0,972,G
5-NP,319,2,6,963,0,971,G
5-NP,320,977,0,1,0,978,A
5-NP,321,975,0,0,0,975,A
5-NP,322,0,0,0,989,989,C
5-NP,323,0,980,0,0,980,T
5-NP,324,2,0,0,996,998,C
5-NP,325,1,0,1009,0,1010,G
5-NP,326,0,1005,0,1,1006,T
5-NP,327,2,0,0,1014,1016,C
5-NP,328,6,1,0,1073,1080,C
5-NP,329,0,1080,1,0,1081,T
5-NP,330,0,1087,0,0,1087,T
5-NP,331,0,1089,0,0,1089,T
5-NP,332,1096,0,0,0,1096,A
5-NP,333,0,1094,0,0,1094,T
5-NP,334,0,5,1085,1,1091,G
5-NP,335,1125,0,0,0,1125,A
5-NP,336,0,0,0,1129,1129,C
5-NP,337,1119,0,1,0,1120,A
5-NP,338,1124,0,0,0,1124,A
5-NP,339,1126,0,0,0,1126,A
5-NP,340,0,1,1184,0,1185,G
5-NP,341,1184,0,0,0,1184,A
5-NP,342,1179,0,2,1,1182,A
5-NP,343,1,2,1180,0,1183,G
5-NP,344,1172,0,1,0,1173,A
5-NP,345,0,2,1163,0,1165,G
5-NP,346,1238,0,0,0,1238,A
5-NP,347,0,1239,0,0,1239,T
5-NP,348,1245,0,1,0,1246,A
5-NP,349,1235,1,0,0,1236,A
5-NP,350,0,2,1252,0,1254,G
5-NP,351,0,1,1245,0,1246,G
5-NP,352,0,0,0,1240,1240,C
5-NP,353,0,5,1245,0,1250,G
5-NP,354,1250,1,0,0,1251,A
5-NP,355,1260,0,0,0,1260,A
5-NP,356,0,1268,0,0,1268,T
5-NP,357,1,0,0,1268,1269,C
5-NP,358,0,1269,0,0,1269,T
5-NP,359,1,3,1254,0,1258,G
5-NP,360,2,0,1250,0,1252,G
5-NP,361,0,0,0,1257,1257,C
5-NP,362,3,0,1256,0,1259,G
5-NP,363,0,0,0,1263,1263,C
5-NP,364,2,0,0,1251,1253,C
5-NP,365,1264,0,0,0,1264,A
5-NP,366,1274,0,0,0,1274,A
5-NP,367,1,3,1300,1,1305,G
5-NP,368,1,0,0,1295,1296,C
5-NP,369,4,0,0,1313,1317,C
5-NP,370,1319,0,0,0,1319,A
5-NP,371,1329,0,0,0,1329,A
5-NP,372,0,0,0,1346,1346,C
5-NP,373,1345,0,2,0,1347,A
5-NP,374,1367,0,0,0,1367,A
5-NP,375,0,1362,0,0,1362,T
5-NP,376,0,3,1385,0,1388,G
5-NP,377,0,1,1387,0,1388,G
5-NP,378,0,1376,0,1,1377,T
5-NP,379,0,4,1371,0,1375,G
5-NP,380,1363,0,0,0,1363,A
5-NP,381,0,3,1385,0,1388,G
5-NP,382,1,2,1391,0,1394,G
5-NP,383,1405,1,0,0,1406,A
5-NP,384,0,1521,0,0,1521,T
5-NP,385,0,0,1535,0,1535,G
5-NP,386,0,1,0,1534,1535,C
5-NP,387,0,1539,0,0,1539,T
5-NP,388,1554,1,0,0,1555,A
5-NP,389,1,0,0,1575,1576,C
5-NP,390,1567,0,0,0,1567,A
5-NP,391,0,1563,0,0,1563,T
5-NP,392,2,0,0,1556,1558,C
5-NP,393,0,1489,0,1,1490,T
5-NP,394,0,9,1530,0,1539,G
5-NP,395,0,1,1562,0,1563,G
5-NP,396,0,1554,0,0,1554,T
5-NP,397,12,0,0,1552,1564,C
5-NP,398,0,1555,0,0,1555,T
5-NP,399,1575,0,0,0,1575,A
5-NP,400,1576,1,0,0,1577,A
5-NP,401,0,0,0,1586,1586,C
5-NP,402,0,1587,0,1,1588,T
5-NP,403,3,0,0,1603,1606,C
5-NP,404,1593,0,0,0,1593,A
5-NP,405,1,0,0,1645,1646,C
5-NP,406,1644,0,0,0,1644,A
5-NP,407,0,1647,1,0,1648,T
5-NP,408,1633,0,0,0,1633,A
5-NP,409,1636,0,0,1,1637,A
5-NP,410,0,1638,0,1,1639,T
5-NP,411,0,8,1655,0,1663,G
5-NP,412,1654,0,0,0,1654,A
5-NP,413,0,1642,0,0,1642,T
5-NP,414,0,1630,0,0,1630,T
5-NP,415,0,1626,0,0,1626,T
5-NP,416,0,7,1609,0,1616,G
5-NP,417,0,0,1618,0,1618,G
5-NP,418,3,0,0,1623,1626,C
5-NP,419,1614,0,0,0,1614,A
5-NP,420,0,1611,0,0,1611,T
5-NP,421,0,1610,0,1,1611,T
5-NP,422,2,0,0,1616,1618,C
5-NP,423,3,0,1,1611,1615,C
5-NP,424,1642,0,0,0,1642,A
5-NP,425,1640,0,0,0,1640,A
5-NP,426,0,1643,0,0,1643,T
5-NP,427,0,1639,0,0,1639,T
5-NP,428,0,1643,0,0,1643,T
5-NP,429,1,10,1658,0,1669,G
5-NP,430,1661,0,0,1,1662,A
5-NP,431,1667,0,1,0,1668,A
5-NP,432,0,1672,0,0,1672,T
5-NP,433,0,4,1663,0,1667,G
5-NP,434,1715,0,0,0,1715,A
5-NP,435,1,1725,0,0,1726,T
5-NP,436,0,1,1741,0,1742,G
5-NP,437,1,0,0,1791,1792,C
5-NP,438,1786,0,0,0,1786,A
5-NP,439,1849,0,1,0,1850,A
5-NP,440,1,0,0,1862,1863,C
5-NP,441,1888,0,0,0,1888,A
5-NP,442,0,1912,0,0,1912,T
5-NP,443,1879,0,0,0,1879,A
5-NP,444,0,0,0,1926,1926,C
5-NP,445,4,1,0,1919,1924,C
5-NP,446,1879,1,0,0,1880,A
5-NP,447,0,4,1907,0,1911,G
5-NP,448,1864,0,0,0,1864,A
5-NP,449,0,5,1896,0,1901,G
5-NP,450,0,5,1884,0,1889,G
5-NP,451,1878,0,1,0,1879,A
5-NP,452,0,0,0,1893,1893,C
5-NP,453,1873,0,1,0,1874,A
5-NP,454,1864,0,1,0,1865,A
5-NP,455,0,2,1867,0,1869,G
5-NP,456,1850,0,5,0,1855,A
5-NP,457,0,0,1863,0,1863,G
5-NP,458,1,0,1,1851,1853,C
5-NP,459,0,1843,0,4,1847,T
5-NP,460,5,3,0,1850,1858,C
5-NP,461,0,1850,0,0,1850,T
5-NP,462,0,1853,0,0,1853,T
5-NP,463,0,2,1856,0,1858,G
5-NP,464,1,1848,0,0,1849,T
5-NP,465,0,1855,0,1,1856,T
5-NP,466,9,2,0,1841,1852,C
5-NP,467,0,17,1835,0,1852,G
5-NP,468,1859,0,1,0,1860,A
5-NP,469,1877,0,0,0,1877,A
5-NP,470,0,0,0,1892,1892,C
5-NP,471,0,1890,0,2,1892,T
5-NP,472,0,6,1914,0,1920,G
5-NP,473,1,7,1921,0,1929,G
5-NP,474,1921,0,0,0,1921,A
5-NP,475,1933,0,0,1,1934,A
5-NP,476,0,1930,0,0,1930,T
5-NP,477,1,3,1925,0,1929,G
5-NP,478,0,6,1936,0,1942,G
5-NP,479,1961,0,0,0,1961,A
5-NP,480,0,1975,0,0,1975,T
5-NP,481,6,1,0,1980,1987,C
5-NP,482,5,1,0,2001,2007,C
5-NP,483,6,1,0,2018,2025,C
5-NP,484,2070,0,0,0,2070,A
5-NP,485,0,9,2106,1,2116,G
5-NP,486,2116,0,1,0,2117,A
5-NP,487,2106,0,3,0,2109,A
5-NP,488,1,2112,0,0,2113,T
5-NP,489,1,0,2148,0,2149,G
5-NP,490,1,2118,0,1,2120,T
5-NP,491,0,1,2149,0,2150,G
5-NP,492,0,0,0,2148,2148,C
5-NP,493,0,2148,0,4,2152,T
5-NP,494,11,0,0,2350,2361,C
5-NP,495,0,2335,0,0,2335,T
5-NP,496,4,0,0,2455,2459,C
5-NP,497,0,2452,0,6,2458,T
5-NP,498,0,3,2484,1,2488,G
5-NP,499,2511,0,1,0,2512,A
5-NP,500,0,2513,0,0,2513,T
5-NP,501,0,3,2504,0,2507,G
5-NP,502,2,1,0,2497,2500,C
5-NP,503,2443,0,2,0,2445,A
5-NP,504,1,4,2539,0,2544,G
5-NP,505,0,7,2480,0,2487,G
5-NP,506,0,1,2513,0,2514,G
5-NP,507,0,0,0,2517,2517,C
5-NP,508,0,2512,0,2,2514,T
5-NP,509,6,0,0,2519,2525,C
5-NP,510,0,13,2526,1,2540,G
5-NP,511,2563,0,1,0,2564,A
5-NP,512,0,2,0,2582,2584,C
5-NP,513,0,2555,0,2,2557,T
5-NP,514,10,0,0,2717,2727,C
5-NP,515,0,2711,0,1,2712,T
5-NP,516,12,0,0,3125,3137,C
5-NP,517,2,0,0,3125,3127,C
5-NP,518,10,0,1,3141,3152,C
5-NP,519,0,3152,0,1,3153,T
5-NP,520,3140,0,1,0,3141,A
5-NP,521,2,7,3128,0,3137,G
5-NP,522,3122,0,1,0,3123,A
5-NP,523,3065,0,0,0,3065,A
5-NP,524,0,9,3065,0,3074,G
5-NP,525,0,1,3080,0,3081,G
5-NP,526,1,3031,0,1,3033,T
5-NP,527,7,0,0,3060,3067,C
5-NP,528,5,4,0,3059,3068,C
5-NP,529,1,3,3070,0,3074,G
5-NP,530,1,15,3061,0,3077,G
5-NP,531,3073,0,2,0,3075,A
5-NP,532,0,1,3134,0,3135,G
5-NP,533,0,0,0,3142,3142,C
5-NP,534,0,3112,0,2,3114,T
5-NP,535,0,0,3132,0,3132,G
5-NP,536,0,2,0,3142,3144,C
5-NP,537,3141,0,5,0,3146,A
5-NP,538,0,1,3152,0,3153,G
5-NP,539,1,1,3154,1,3157,G
5-NP,540,0,3110,0,1,3111,T
5-NP,541,1,1,3141,0,3143,G
5-NP,542,1,0,0,3161,3162,C
5-NP,543,0,3166,1,1,3168,T
5-NP,544,1,1,3181,0,3183,G
5-NP,545,0,0,1,3189,3190,C
5-NP,546,3226,0,0,0,3226,A
5-NP,547,0,0,3314,0,3314,G
5-NP,548,0,3293,0,0,3293,T
5-NP,549,17,2,0,3291,3310,C
5-NP,550,3312,0,0,0,3312,A
5-NP,551,3303,0,0,0,3303,A
5-NP,552,3299,3,2,0,3304,A
5-NP,553,1,4,3331,0,3336,G
5-NP,554,0,11,3322,0,3333,G
5-NP,555,3317,0,0,0,3317,A
5-NP,556,3310,0,0,0,3310,A
5-NP,557,0,3323,0,0,3323,T
5-NP,558,15,3,0,3318,3336,C
5-NP,559,0,10,3314,0,3324,G
5-NP,560,1,9,3387,0,3397,G
5-NP,561,0,20,3396,0,3416,G
5-NP,562,3395,0,2,0,3397,A
5-NP,563,1,1,0,3434,3436,C
5-NP,564,3399,0,1,2,3402,A
5-NP,565,3476,0,2,0,3478,A
5-NP,566,2,3529,0,0,3531,T
5-NP,567,20,10,3516,0,3546,G
5-NP,568,1,0,3566,0,3567,G
5-NP,569,0,3461,0,1,3462,T
5-NP,570,0,12,3505,1,3518,G
5-NP,571,3497,0,0,0,3497,A
5-NP,572,0,3511,0,0,3511,T
5-NP,573,1,7,3507,0,3515,G
5-NP,574,1,19,3567,0,3587,G
5-NP,575,3559,0,1,0,3560,A
5-NP,576,3607,0,0,0,3607,A
5-NP,577,1,0,0,3575,3576,C
5-NP,578,0,3563,0,0,3563,T
5-NP,579,3533,0,0,0,3533,A
5-NP,580,3736,1,0,0,3737,A
5-NP,581,0,3758,0,1,3759,T
5-NP,582,15,0,0,3755,3770,C
5-NP,583,3708,0,2,0,3710,A
5-NP,584,0,13,3755,0,3768,G
5-NP,585,3733,0,1,0,3734,A
5-NP,586,3745,0,0,0,3745,A
5-NP,587,0,3760,0,0,3760,T
5-NP,588,4,19,3751,0,3774,G
5-NP,589,0,0,3805,0,3805,G
5-NP,590,0,3801,0,4,3805,T
5-NP,591,19,0,1,3823,3843,C
5-NP,592,3836,1,2,0,3839,A
5-NP,593,3828,0,1,0,3829,A
5-NP,594,3841,0,1,0,3842,A
5-NP,595,1,6,0,3824,3831,C
5-NP,596,0,20,3817,0,3837,G
5-NP,597,0,9,3826,0,3835,G
5-NP,598,0,13,3793,1,3807,G
5-NP,599,1,9,3813,0,3823,G
5-NP,600,2,14,3830,0,3846,G
5-NP,601,3849,0,4,0,3853,A
5-NP,602,0,3827,0,1,3828,T
5-NP,603,16,0,2,3822,3840,C
5-NP,604,3856,0,1,0,3857,A
5-NP,605,3843,0,1,0,3844,A
5-NP,606,0,2,0,3841,3843,C
5-NP,607,1,16,3807,0,3824,G
5-NP,608,3798,1,0,0,3799,A
5-NP,609,0,3788,0,0,3788,T
5-NP,610,10,0,0,3799,3809,C
5-NP,611,0,9,3809,0,3818,G
5-NP,612,3779,0,0,0,3779,A
5-NP,613,3799,0,0,0,3799,A
5-NP,614,3801,0,1,1,3803,A
5-NP,615,0,3840,0,0,3840,T
5-NP,616,0,3843,0,1,3844,T
5-NP,617,0,3854,1,0,3855,T
5-NP,618,0,3860,0,0,3860,T
5-NP,619,0,3874,1,0,3875,T
5-NP,620,1,10,3850,0,3861,G
5-NP,621,0,14,3845,0,3859,G
5-NP,622,3828,0,4,0,3832,A
5-NP,623,0,4,3856,0,3860,G
5-NP,624,3802,1,2,0,3805,A
5-NP,625,0,12,3983,0,3995,G
5-NP,626,1,2,3999,0,4002,G
5-NP,627,0,3935,0,3,3938,T
5-NP,628,0,25,3974,1,4000,G
5-NP,629,3994,0,2,0,3996,A
5-NP,630,0,16,4033,0,4049,G
5-NP,631,4030,0,0,0,4030,A
5-NP,632,4026,0,0,0,4026,A
5-NP,633,0,4022,0,2,4024,T
5-NP,634,1,14,3904,0,3919,G
5-NP,635,0,6,3885,0,3891,G
5-NP,636,3860,1,3,1,3865,A
5-NP,637,0,1,0,3888,3889,C
5-NP,638,5,9,3875,0,3889,G
5-NP,639,3,11,3947,0,3961,G
5-NP,640,3945,0,1,0,3946,A
5-NP,641,3963,0,0,0,3963,A
5-NP,642,4003,0,0,0,4003,A
5-NP,643,3995,0,5,0,4000,A
5-NP,644,2,0,0,4039,4041,C
5-NP,645,4032,0,0,0,4032,A
5-NP,646,4018,0,1,0,4019,A
5-NP,647,0,14,4001,0,4015,G
5-NP,648,3892,0,2,0,3894,A
5-NP,649,3908,0,1,0,3909,A
5-NP,650,1,2,3988,0,3991,G
5-NP,651,0,3957,0,0,3957,T
5-NP,652,1,0,4167,0,4168,G
5-NP,653,1,1,0,4142,4144,C
5-NP,654,0,4151,0,0,4151,T
5-NP,655,0,4185,0,2,4187,T
5-NP,656,4199,1,0,0,4200,A
5-NP,657,2,4201,0,3,4206,T
5-NP,658,0,17,4189,0,4206,G
5-NP,659,4132,1,4,0,4137,A
5-NP,660,0,16,4140,0,4156,G
5-NP,661,3988,1,5,0,3994,A
5-NP,662,1,9,4018,0,4028,G
5-NP,663,4015,0,1,0,4016,A
5-NP,664,4078,1,1,0,4080,A
5-NP,665,0,4056,0,2,4058,T
5-NP,666,2,0,4106,0,4108,G
5-NP,667,0,4063,0,1,4064,T
5-NP,668,1,1,4079,0,4081,G
5-NP,669,3,1,0,4092,4096,C
5-NP,670,4079,1,4,0,4084,A
5-NP,671,4097,0,1,0,4098,A
5-NP,672,0,1,1,4077,4079,C
5-NP,673,4058,0,0,0,4058,A
5-NP,674,1,4044,0,0,4045,T
5-NP,675,0,4030,0,1,4031,T
5-NP,676,10,0,0,4009,4019,C
5-NP,677,0,4007,0,1,4008,T
5-NP,678,9,2,0,3978,3989,C
5-NP,679,4030,0,0,1,4031,A
5-NP,680,4028,0,1,0,4029,A
5-NP,681,4037,0,1,0,4038,A
5-NP,682,2,9,4033,0,4044,G
5-NP,683,0,10,4028,0,4038,G
5-NP,684,4030,0,2,0,4032,A
5-NP,685,4033,0,0,0,4033,A
5-NP,686,4041,0,0,0,4041,A
5-NP,687,4080,0,2,0,4082,A
5-NP,688,0,4087,0,0,4087,T
5-NP,689,0,4077,0,0,4077,T
5-NP,690,0,4083,0,0,4083,T
5-NP,691,15,0,0,4067,4082,C
5-NP,692,4098,0,2,0,4100,A
5-NP,693,4085,0,0,0,4085,A
5-NP,694,4087,0,0,0,4087,A
5-NP,695,2,2,0,4127,4131,C
5-NP,696,4089,0,2,0,4091,A
5-NP,697,0,1,4156,0,4157,G
5-NP,698,0,1,0,4149,4150,C
5-NP,699,2,4156,0,0,4158,T
5-NP,700,2,3,4211,0,4216,G
5-NP,701,0,0,0,4224,4224,C
5-NP,702,4240,0,3,0,4243,A
5-NP,703,0,0,1,4243,4244,C
5-NP,704,4226,0,2,0,4228,A
5-NP,705,4242,0,1,0,4243,A
5-NP,706,4182,0,1,0,4183,A
5-NP,707,0,18,4343,0,4361,G
5-NP,708,4322,0,11,0,4333,A
5-NP,709,0,0,4408,0,4408,G
5-NP,710,0,2,1,4400,4403,C
5-NP,711,4399,0,1,0,4400,A
5-NP,712,4525,0,4,0,4529,A
5-NP,713,2,4546,0,0,4548,T
5-NP,714,1,15,4540,0,4556,G
5-NP,715,1,0,4568,0,4569,G
5-NP,716,0,4439,1,1,4441,T
5-NP,717,1,24,4456,0,4481,G
5-NP,718,0,16,4453,0,4469,G
5-NP,719,4488,0,0,0,4488,A
5-NP,720,0,4471,0,2,4473,T
5-NP,721,20,0,0,4370,4390,C
5-NP,722,4406,0,0,0,4406,A
5-NP,723,4438,1,0,0,4439,A
5-NP,724,1,2,4466,0,4469,G
5-NP,725,0,4421,0,1,4422,T
5-NP,726,0,12,4427,0,4439,G
5-NP,727,4392,0,5,0,4397,A
5-NP,728,0,14,4384,0,4398,G
5-NP,729,4410,1,2,0,4413,A
5-NP,730,1,7,4399,0,4407,G
5-NP,731,4361,1,0,0,4362,A
5-NP,732,4299,0,1,0,4300,A
5-NP,733,4320,0,4,0,4324,A
5-NP,734,0,2,4334,0,4336,G
5-NP,735,0,4281,0,2,4283,T
5-NP,736,22,4,1,4287,4314,C
5-NP,737,1,11,4285,0,4297,G
5-NP,738,1,10,4278,0,4289,G
5-NP,739,4322,0,0,0,4322,A
5-NP,740,4315,1,0,0,4316,A
5-NP,741,1,0,0,4345,4346,C
5-NP,742,7,1,0,4300,4308,C
5-NP,743,13,2,0,4331,4346,C
5-NP,744,4330,0,3,0,4333,A
5-NP,745,0,11,4334,0,4345,G
5-NP,746,3,9,4318,0,4330,G
5-NP,747,4343,0,0,0,4343,A
5-NP,748,4336,0,1,0,4337,A
5-NP,749,4320,0,1,0,4321,A
5-NP,750,1,3,0,4332,4336,C
5-NP,751,0,1,4333,0,4334,G
5-NP,752,1,1,0,4341,4343,C
5-NP,753,0,4304,0,2,4306,T
5-NP,754,0,8,4333,0,4341,G
5-NP,755,4323,0,2,0,4325,A
5-NP,756,0,5,4391,0,4396,G
5-NP,757,4405,0,2,0,4407,A
5-NP,758,0,4359,0,0,4359,T
5-NP,759,18,0,0,4343,4361,C
5-NP,760,3,10,4373,0,4386,G
5-NP,761,4367,2,0,0,4369,A
5-NP,762,4364,0,2,0,4366,A
5-NP,763,0,8,4370,0,4378,G
5-NP,764,4376,0,2,0,4378,A
5-NP,765,0,4350,0,0,4350,T
5-NP,766,12,0,0,4356,4368,C
5-NP,767,0,4366,0,2,4368,T
5-NP,768,17,1,0,4417,4435,C
5-NP,769,4445,1,0,0,4446,A
5-NP,770,0,4431,0,3,4434,T
5-NP,771,4436,1,0,0,4437,A
5-NP,772,0,4437,0,0,4437,T
5-NP,773,0,4413,0,1,4414,T
5-NP,774,0,4416,0,0,4416,T
5-NP,775,0,4361,0,0,4361,T
5-NP,776,0,4359,1,3,4363,T
5-NP,777,4398,0,1,1,4400,A
5-NP,778,1,2,4371,0,4374,G
5-NP,779,3,3,0,4386,4392,C
5-NP,780,4382,1,3,0,4386,A
5-NP,781,4364,0,1,0,4365,A
5-NP,782,0,11,4492,0,4503,G
5-NP,783,4478,0,0,0,4478,A
5-NP,784,1,4478,0,2,4481,T
5-NP,785,9,0,0,4527,4536,C
5-NP,786,0,4500,0,2,4502,T
5-NP,787,3,1,4634,0,4638,G
5-NP,788,0,0,0,4642,4642,C
5-NP,789,4662,2,2,0,4666,A
5-NP,790,0,4696,0,0,4696,T
5-NP,791,0,4569,0,0,4569,T
5-NP,792,0,9,4811,0,4820,G
5-NP,793,4883,0,0,0,4883,A
5-NP,794,0,4882,0,0,4882,T
5-NP,795,4900,0,1,0,4901,A
5-NP,796,1,4833,0,0,4834,T
5-NP,797,0,4802,0,0,4802,T
5-NP,798,1,23,4820,0,4844,G
5-NP,799,4787,1,4,0,4792,A
5-NP,800,1,12,4805,1,4819,G
5-NP,801,4595,0,3,0,4598,A
5-NP,802,0,15,4562,0,4577,G
5-NP,803,0,17,4599,0,4616,G
5-NP,804,4580,0,2,0,4582,A
5-NP,805,0,4547,0,0,4547,T
5-NP,806,15,1,0,4589,4605,C
5-NP,807,4586,0,0,0,4586,A
5-NP,808,0,2,4591,0,4593,G
5-NP,809,0,4600,0,0,4600,T
5-NP,810,0,4573,0,0,4573,T
5-NP,811,1,1,4559,0,4561,G
5-NP,812,1,2,0,4535,4538,C
5-NP,813,0,4535,0,1,4536,T
5-NP,814,27,0,1,4525,4553,C
5-NP,815,4553,2,0,0,4555,A
5-NP,816,1,0,0,4571,4572,C
5-NP,817,4574,0,1,0,4575,A
5-NP,818,4596,0,0,0,4596,A
5-NP,819,4567,1,2,0,4570,A
5-NP,820,0,4529,0,0,4529,T
5-NP,821,13,0,0,4581,4594,C
5-NP,822,1,4554,0,0,4555,T
5-NP,823,0,4533,0,2,4535,T
5-NP,824,1,8,4544,0,4553,G
5-NP,825,3,2,0,4542,4547,C
5-NP,826,14,0,0,4568,4582,C
5-NP,827,0,4604,0,2,4606,T
5-NP,828,4551,0,0,1,4552,A
5-NP,829,1,1,0,4604,4606,C
5-NP,830,6,2,0,4609,4617,C
5-NP,831,0,4608,0,0,4608,T
5-NP,832,0,1,4668,0,4669,G
5-NP,833,1,0,1,4607,4609,C
5-NP,834,12,0,1,4639,4652,C
5-NP,835,2,4595,0,5,4602,T
5-NP,836,1,0,4677,0,4678,G
5-NP,837,0,4626,0,1,4627,T
5-NP,838,14,2,4699,0,4715,G
5-NP,839,6,3,1,4715,4725,C
5-NP,840,2,3,4810,1,4816,G
5-NP,841,1,4740,0,3,4744,T
5-NP,842,4743,0,1,0,4744,A
5-NP,843,4,4733,0,1,4738,T
5-NP,844,1,18,4731,2,4752,G
5-NP,845,0,18,4876,0,4894,G
5-NP,846,4875,0,0,1,4876,A
5-NP,847,3,2,0,4795,4800,C
5-NP,848,9,1,0,4802,4812,C
5-NP,849,0,4745,0,1,4746,T
5-NP,850,0,0,4967,0,4967,G
5-NP,851,1,2,0,4970,4973,C
5-NP,852,5004,0,1,0,5005,A
5-NP,853,1,0,5073,0,5074,G
5-NP,854,1,4900,0,3,4904,T
5-NP,855,5055,0,1,0,5056,A
5-NP,856,0,5021,0,0,5021,T
5-NP,857,7,3,0,4997,5007,C
5-NP,858,10,1,0,5030,5041,C
5-NP,859,4816,0,1,0,4817,A
5-NP,860,0,2,4836,0,4838,G
5-NP,861,1,4794,0,0,4795,T
5-NP,862,1,17,4815,0,4833,G
5-NP,863,2,7,4785,0,4794,G
5-NP,864,1,4,4725,0,4730,G
5-NP,865,1,4719,0,0,4720,T
5-NP,866,4738,0,1,0,4739,A
5-NP,867,2,3,0,4722,4727,C
5-NP,868,8,20,4683,0,4711,G
5-NP,869,4678,0,2,0,4680,A
5-NP,870,0,0,0,4699,4699,C
5-NP,871,0,4584,1,0,4585,T
5-NP,872,0,4572,0,1,4573,T
5-NP,873,19,0,0,4575,4594,C
5-NP,874,1,13,4589,0,4603,G
5-NP,875,4568,1,1,0,4570,A
5-NP,876,4603,0,1,0,4604,A
5-NP,877,4613,1,0,0,4614,A
5-NP,878,4591,0,0,0,4591,A
5-NP,879,4596,1,1,0,4598,A
5-NP,880,1,7,4610,0,4618,G
5-NP,881,4588,0,9,0,4597,A
5-NP,882,0,16,4613,0,4629,G
5-NP,883,1,22,4630,0,4653,G
5-NP,884,0,11,4645,0,4656,G
5-NP,885,4661,1,1,0,4663,A
5-NP,886,0,4657,0,1,4658,T
5-NP,887,4686,2,1,0,4689,A
5-NP,888,0,4692,0,0,4692,T
5-NP,889,0,4677,0,3,4680,T
5-NP,890,19,0,0,4706,4725,C
5-NP,891,16,1,0,4691,4708,C
5-NP,892,0,4673,0,0,4673,T
5-NP,893,0,4677,0,1,4678,T
5-NP,894,1,9,4730,0,4740,G
5-NP,895,1,3,4748,0,4752,G
5-NP,896,0,4705,1,0,4706,T
5-NP,897,1,16,4692,0,4709,G
5-NP,898,2,7,4666,0,4675,G
5-NP,899,1,12,4828,0,4841,G
5-NP,900,4835,1,2,0,4838,A
5-NP,901,4850,0,3,0,4853,A
5-NP,902,0,4840,0,1,4841,T
5-NP,903,4762,0,5,0,4767,A
5-NP,904,2,12,4754,0,4768,G
5-NP,905,4721,2,0,0,4723,A
5-NP,906,1,2,0,4712,4715,C
5-NP,907,15,0,0,4658,4673,C
5-NP,908,11,2,0,4638,4651,C
5-NP,909,0,4691,0,6,4697,T
5-NP,910,0,4703,0,2,4705,T
5-NP,911,0,4716,0,0,4716,T
5-NP,912,15,2,0,4704,4721,C
5-NP,913,4701,0,2,0,4703,A
5-NP,914,4709,0,0,0,4709,A
5-NP,915,4694,0,1,0,4695,A
5-NP,916,3,0,0,4698,4701,C
5-NP,917,0,4592,2,1,4595,T
5-NP,918,4562,0,0,0,4562,A
5-NP,919,0,0,0,4608,4608,C
5-NP,920,0,4568,1,2,4571,T
5-NP,921,0,4554,0,0,4554,T
5-NP,922,19,2,0,4578,4599,C
5-NP,923,4595,0,3,0,4598,A
5-NP,924,4588,0,2,0,4590,A
5-NP,925,4578,0,0,0,4578,A
5-NP,926,4563,0,2,0,4565,A
5-NP,927,0,4545,0,2,4547,T
5-NP,928,4487,0,1,0,4488,A
5-NP,929,0,0,4532,0,4532,G
5-NP,930,2,1,0,4541,4544,C
5-NP,931,6,1,1,4598,4606,C
5-NP,932,4622,0,1,0,4623,A
5-NP,933,4621,0,0,0,4621,A
5-NP,934,4743,0,0,0,4743,A
5-NP,935,0,4762,0,0,4762,T
5-NP,936,4783,0,0,0,4783,A
5-NP,937,0,4769,0,1,4770,T
5-NP,938,4718,0,1,0,4719,A
5-NP,939,1,0,0,4730,4731,C
5-NP,940,4649,0,8,1,4658,A
5-NP,941,0,0,4739,0,4739,G
5-NP,942,4,2,0,4715,4721,C
5-NP,943,0,4585,0,1,4586,T
5-NP,944,1,4632,0,2,4635,T
5-NP,945,4659,0,0,0,4659,A
5-NP,946,4649,0,1,0,4650,A
5-NP,947,0,4626,0,0,4626,T
5-NP,948,17,2,0,4626,4645,C
5-NP,949,4498,0,2,0,4500,A
5-NP,950,0,17,4518,0,4535,G
5-NP,951,4513,1,2,0,4516,A
5-NP,952,3,2,0,4536,4541,C
5-NP,953,13,0,0,4504,4517,C
5-NP,954,0,4449,0,3,4452,T
5-NP,955,4487,0,0,0,4487,A
5-NP,956,4477,0,1,0,4478,A
5-NP,957,2,3,0,4497,4502,C
5-NP,958,1,16,4490,0,4507,G
5-NP,959,4417,1,1,0,4419,A
5-NP,960,0,15,4398,0,4413,G
5-NP,961,4381,1,2,0,4384,A
5-NP,962,4425,0,1,0,4426,A
5-NP,963,0,4402,0,2,4404,T
5-NP,964,9,0,1,4355,4365,C
5-NP,965,9,0,0,4373,4382,C
5-NP,966,4291,0,6,0,4297,A
5-NP,967,5,2,4318,0,4325,G
5-NP,968,2,1,0,4308,4311,C
5-NP,969,4348,2,0,0,4350,A
5-NP,970,4,2,1,4358,4365,C
5-NP,971,4312,1,3,0,4316,A
5-NP,972,0,0,0,4333,4333,C
5-NP,973,4329,0,0,0,4329,A
5-NP,974,4343,0,2,0,4345,A
5-NP,975,0,22,4316,0,4338,G
5-NP,976,4312,0,3,0,4315,A
5-NP,977,1,0,4316,0,4317,G
5-NP,978,0,4222,0,1,4223,T
5-NP,979,13,1,0,4214,4228,C
5-NP,980,4224,0,5,0,4229,A
5-NP,981,0,0,4221,0,4221,G
5-NP,982,4,0,1,4214,4219,C
5-NP,983,0,4182,0,2,4184,T
5-NP,984,4,6,4201,0,4211,G
5-NP,985,1,1,4228,0,4230,G
5-NP,986,0,4186,0,1,4187,T
5-NP,987,2,1,4227,0,4230,G
5-NP,988,2,4177,0,3,4182,T
5-NP,989,1,8,4176,0,4185,G
5-NP,990,0,7,4170,0,4177,G
5-NP,991,4143,0,1,0,4144,A
5-NP,992,0,4144,0,2,4146,T
5-NP,993,1,11,3988,0,4000,G
5-NP,994,0,1,3977,0,3978,G
5-NP,995,0,1,1,3977,3979,C
5-NP,996,3948,0,0,0,3948,A
5-NP,997,1,3939,1,2,3943,T
5-NP,998,1,2,3913,0,3916,G
5-NP,999,3,1,0,3938,3942,C
5-NP,1000,14,1,0,3936,3951,C
5-NP,1001,3952,0,1,1,3954,A
5-NP,1002,0,3928,0,1,3929,T
5-NP,1003,0,3874,0,0,3874,T
5-NP,1004,12,1,1,3875,3889,C
5-NP,1005,0,3844,0,0,3844,T
5-NP,1006,2,2,3832,0,3836,G
5-NP,1007,2,0,0,3824,3826,C
5-NP,1008,1,3689,0,6,3696,T
5-NP,1009,1,1,3737,0,3739,G
5-NP,1010,1,1,0,3679,3681,C
5-NP,1011,3685,0,2,0,3687,A
5-NP,1012,0,3680,0,0,3680,T
5-NP,1013,1,3643,0,0,3644,T
5-NP,1014,1,3639,0,1,3641,T
5-NP,1015,0,9,3624,1,3634,G
5-NP,1016,3632,0,1,0,3633,A
5-NP,1017,3636,0,1,0,3637,A
5-NP,1018,0,11,3670,0,3681,G
5-NP,1019,3658,0,0,0,3658,A
5-NP,1020,0,3656,0,0,3656,T
5-NP,1021,0,3660,0,0,3660,T
5-NP,1022,0,3654,0,3,3657,T
5-NP,1023,3653,1,0,0,3654,A
5-NP,1024,3656,0,0,0,3656,A
5-NP,1025,0,5,3659,0,3664,G
5-NP,1026,3642,0,2,0,3644,A
5-NP,1027,0,3652,0,1,3653,T
5-NP,1028,0,3612,0,1,3613,T
5-NP,1029,0,0,3650,1,3651,G
5-NP,1030,0,3643,0,2,3645,T
5-NP,1031,0,3641,0,2,3643,T
5-NP,1032,3649,0,2,0,3651,A
5-NP,1033,3644,0,0,0,3644,A
5-NP,1034,0,1,3658,0,3659,G
5-NP,1035,3,0,0,3648,3651,C
5-NP,1036,1,3602,0,4,3607,T
5-NP,1037,0,3622,0,0,3622,T
5-NP,1038,7,1,0,3635,3643,C
5-NP,1039,3639,1,1,0,3641,A
5-NP,1040,1,3620,0,1,3622,T
5-NP,1041,7,1,0,3630,3638,C
5-NP,1042,3596,0,1,0,3597,A
5-NP,1043,0,3,3594,0,3597,G
5-NP,1044,3556,1,2,0,3559,A
5-NP,1045,0,12,3546,0,3558,G
5-NP,1046,0,5,3551,0,3556,G
5-NP,1047,0,12,3530,0,3542,G
5-NP,1048,3530,1,1,0,3532,A
5-NP,1049,0,1,0,3540,3541,C
5-NP,1050,3563,0,1,0,3564,A
5-NP,1051,3562,0,0,0,3562,A
5-NP,1052,3568,0,0,0,3568,A
5-NP,1053,3567,0,5,0,3572,A
5-NP,1054,0,1,3584,0,3585,G
5-NP,1055,0,3495,0,0,3495,T
5-NP,1056,3486,0,0,0,3486,A
5-NP,1057,0,3459,0,3,3462,T
5-NP,1058,10,0,0,3468,3478,C
5-NP,1059,1,3422,0,1,3424,T
5-NP,1060,9,0,0,3458,3467,C
5-NP,1061,5,0,0,3467,3472,C
5-NP,1062,2,3419,0,1,3422,T
5-NP,1063,7,1,1,3444,3453,C
5-NP,1064,2,10,3439,1,3452,G
5-NP,1065,2,7,3453,0,3462,G
5-NP,1066,0,8,3449,2,3459,G
5-NP,1067,0,9,3454,0,3463,G
5-NP,1068,0,9,3447,1,3457,G
5-NP,1069,3405,0,0,0,3405,A
5-NP,1070,3389,1,2,0,3392,A
5-NP,1071,3393,1,5,0,3399,A
5-NP,1072,0,2,0,3418,3420,C
5-NP,1073,0,3402,1,1,3404,T
5-NP,1074,4,1,3418,0,3423,G
5-NP,1075,1,3389,0,3,3393,T
5-NP,1076,22,0,0,3385,3407,C
5-NP,1077,3459,0,3,0,3462,A
5-NP,1078,3481,0,2,0,3483,A
5-NP,1079,2,0,0,3488,3490,C
5-NP,1080,0,3482,0,0,3482,T
5-NP,1081,3429,0,1,0,3430,A
5-NP,1082,0,9,3433,1,3443,G
5-NP,1083,3378,0,2,0,3380,A
5-NP,1084,0,2,3397,0,3399,G
5-NP,1085,0,12,3394,0,3406,G
5-NP,1086,3262,0,3,0,3265,A
5-NP,1087,1,0,3339,0,3340,G
5-NP,1088,0,3287,0,1,3288,T
5-NP,1089,3290,0,1,0,3291,A
5-NP,1090,0,2,0,3294,3296,C
5-NP,1091,3269,0,1,0,3270,A
5-NP,1092,3266,0,0,0,3266,A
5-NP,1093,3247,1,1,0,3249,A
5-NP,1094,0,3197,0,0,3197,T
5-NP,1095,0,3211,0,1,3212,T
5-NP,1096,0,1,3133,0,3134,G
5-NP,1097,2,0,0,3079,3081,C
5-NP,1098,0,3075,1,3,3079,T
5-NP,1099,2,3079,0,0,3081,T
5-NP,1100,8,0,0,3080,3088,C
5-NP,1101,3106,1,1,0,3108,A
5-NP,1102,3106,0,0,0,3106,A
5-NP,1103,3108,2,1,0,3111,A
5-NP,1104,1,3105,0,0,3106,T
5-NP,1105,0,19,3095,0,3114,G
5-NP,1106,3052,0,2,0,3054,A
5-NP,1107,0,8,3082,0,3090,G
5-NP,1108,3086,0,5,1,3092,A
5-NP,1109,3090,0,0,1,3091,A
5-NP,1110,0,0,0,3103,3103,C
5-NP,1111,3075,1,0,1,3077,A
5-NP,1112,0,3063,0,2,3065,T
5-NP,1113,1,12,3126,0,3139,G
5-NP,1114,0,3,3161,0,3164,G
5-NP,1115,3150,0,2,1,3153,A
5-NP,1116,0,3104,0,1,3105,T
5-NP,1117,3095,0,0,1,3096,A
5-NP,1118,3287,0,0,1,3288,A
5-NP,1119,0,3230,0,0,3230,T
5-NP,1120,3232,0,0,1,3233,A
5-NP,1121,0,3207,0,1,3208,T
5-NP,1122,2,4,3044,2,3052,G
5-NP,1123,0,9,3006,0,3015,G
5-NP,1124,0,6,2984,1,2991,G
5-NP,1125,2995,0,0,1,2996,A
5-NP,1126,0,2969,0,1,2970,T
5-NP,1127,6,0,0,2576,2582,C
5-NP,1128,1,15,2586,0,2602,G
5-NP,1129,2582,0,2,0,2584,A
5-NP,1130,0,2,2592,0,2594,G
5-NP,1131,1,0,0,2579,2580,C
5-NP,1132,2573,0,0,1,2574,A
5-NP,1133,0,0,0,2716,2716,C
5-NP,1134,0,2672,0,2,2674,T
5-NP,1135,2,0,0,2706,2708,C
5-NP,1136,0,2704,0,0,2704,T
5-NP,1137,0,2673,0,2,2675,T
5-NP,1138,1,14,2673,0,2688,G
5-NP,1139,2675,0,1,1,2677,A
5-NP,1140,2677,0,0,1,2678,A
5-NP,1141,1,0,1,2681,2683,C
5-NP,1142,0,2376,0,1,2377,T
5-NP,1143,0,6,2380,0,2386,G
5-NP,1144,2336,0,1,0,2337,A
5-NP,1145,1,1,2349,0,2351,G
5-NP,1146,2347,0,0,0,2347,A
5-NP,1147,2357,0,2,0,2359,A
5-NP,1148,0,1,2363,0,2364,G
5-NP,1149,2,1,0,2331,2334,C
5-NP,1150,2,7,2323,0,2332,G
5-NP,1151,0,4,2334,0,2338,G
5-NP,1152,0,1,2348,0,2349,G
5-NP,1153,0,2337,0,1,2338,T
5-NP,1154,2310,0,0,0,2310,A
5-NP,1155,1,0,0,2315,2316,C
5-NP,1156,0,2176,0,0,2176,T
5-NP,1157,1,4,2178,0,2183,G
5-NP,1158,0,3,2161,0,2164,G
5-NP,1159,4,0,2160,0,2164,G
5-NP,1160,0,1,0,2156,2157,C
5-NP,1161,4,0,0,2118,2122,C
5-NP,1162,2133,0,0,0,2133,A
5-NP,1163,0,2140,0,1,2141,T
5-NP,1164,2140,0,1,0,2141,A
5-NP,1165,2135,1,0,0,2136,A
5-NP,1166,0,2,2113,0,2115,G
5-NP,1167,0,11,2129,0,2140,G
5-NP,1168,2077,0,1,0,2078,A
5-NP,1169,2,0,0,2092,2094,C
5-NP,1170,6,0,0,2093,2099,C
5-NP,1171,2086,0,0,0,2086,A
5-NP,1172,1,1,2123,0,2125,G
5-NP,1173,2,5,2117,0,2124,G
5-NP,1174,2111,0,0,0,2111,A
5-NP,1175,0,1,2124,0,2125,G
5-NP,1176,1,2018,0,1,2020,T
5-NP,1177,0,3,2039,0,2042,G
5-NP,1178,0,1,2054,0,2055,G
5-NP,1179,2050,1,1,0,2052,A
5-NP,1180,0,1,2061,0,2062,G
5-NP,1181,0,5,2029,0,2034,G
5-NP,1182,2013,0,2,0,2015,A
5-NP,1183,2029,0,0,0,2029,A
5-NP,1184,2015,0,1,0,2016,A
5-NP,1185,2,0,0,2021,2023,C
5-NP,1186,2007,0,1,0,2008,A
5-NP,1187,0,0,0,2038,2038,C
5-NP,1188,0,2020,0,0,2020,T
5-NP,1189,2060,0,0,1,2061,A
5-NP,1190,2047,0,0,0,2047,A
5-NP,1191,0,2048,0,0,2048,T
5-NP,1192,10,0,0,2052,2062,C
5-NP,1193,2045,0,0,0,2045,A
5-NP,1194,2060,0,0,0,2060,A
5-NP,1195,0,0,0,2076,2076,C
5-NP,1196,2034,0,0,0,2034,A
5-NP,1197,0,3,2022,0,2025,G
5-NP,1198,1970,0,1,2,1973,A
5-NP,1199,1,2,1986,0,1989,G
5-NP,1200,0,4,1989,0,1993,G
5-NP,1201,0,1,1981,0,1982,G
5-NP,1202,1,1,0,1966,1968,C
5-NP,1203,4,0,0,1969,1973,C
5-NP,1204,0,1937,0,3,1940,T
5-NP,1205,2,0,0,1973,1975,C
5-NP,1206,4,1,0,1981,1986,C
5-NP,1207,1,0,1977,1,1979,G
5-NP,1208,0,0,0,1981,1981,C
5-NP,1209,1959,0,0,0,1959,A
5-NP,1210,0,2,2027,0,2029,G
5-NP,1211,1,0,2014,0,2015,G
5-NP,1212,3,1,0,2032,2036,C
5-NP,1213,7,1,0,2034,2042,C
5-NP,1214,2024,0,0,0,2024,A
5-NP,1215,2031,0,2,0,2033,A
5-NP,1216,2033,0,1,1,2035,A
5-NP,1217,0,0,0,2049,2049,C
5-NP,1218,7,0,0,2051,2058,C
5-NP,1219,1942,0,0,0,1942,A
5-NP,1220,0,2,1975,0,1977,G
5-NP,1221,0,1948,0,0,1948,T
5-NP,1222,2,1,1965,0,1968,G
5-NP,1223,1,1939,0,0,1940,T
5-NP,1224,1,1,1953,0,1955,G
5-NP,1225,4,2,0,1932,1938,C
5-NP,1226,1949,0,2,0,1951,A
5-NP,1227,1982,0,0,0,1982,A
5-NP,1228,0,2,0,1965,1967,C
5-NP,1229,5,0,0,1961,1966,C
5-NP,1230,0,1960,0,2,1962,T
5-NP,1231,1955,0,1,0,1956,A
5-NP,1232,0,2,0,1946,1948,C
5-NP,1233,1,0,1950,0,1951,G
5-NP,1234,0,1934,0,0,1934,T
5-NP,1235,0,1952,0,1,1953,T
5-NP,1236,0,1934,0,1,1935,T
5-NP,1237,0,1922,0,0,1922,T
5-NP,1238,2,0,0,1921,1923,C
5-NP,1239,0,1905,0,0,1905,T
5-NP,1240,0,0,1938,0,1938,G
5-NP,1241,1,1931,0,0,1932,T
5-NP,1242,1938,1,0,0,1939,A
5-NP,1243,1,0,0,1948,1949,C
5-NP,1244,1925,0,0,0,1925,A
5-NP,1245,1925,0,0,0,1925,A
5-NP,1246,1933,1,0,0,1934,A
5-NP,1247,0,1,1929,0,1930,G
5-NP,1248,1927,1,1,0,1929,A
5-NP,1249,1875,0,1,0,1876,A
5-NP,1250,1874,0,3,0,1877,A
5-NP,1251,1,0,0,1877,1878,C
5-NP,1252,4,0,0,1839,1843,C
5-NP,1253,0,1804,0,0,1804,T
5-NP,1254,1,0,0,1828,1829,C
5-NP,1255,3,0,0,1833,1836,C
5-NP,1256,4,0,0,1828,1832,C
5-NP,1257,1831,0,1,0,1832,A
5-NP,1258,0,1835,0,0,1835,T
5-NP,1259,0,1834,0,0,1834,T
5-NP,1260,0,1836,1,0,1837,T
5-NP,1261,0,4,1836,0,1840,G
5-NP,1262,1838,0,0,0,1838,A
5-NP,1263,1840,0,0,0,1840,A
5-NP,1264,1845,0,0,0,1845,A
5-NP,1265,1834,0,2,0,1836,A
5-NP,1266,1,0,1855,0,1856,G
5-NP,1267,0,1831,0,1,1832,T
5-NP,1268,18,1,0,1827,1846,C
5-NP,1269,1856,0,0,0,1856,A
5-NP,1270,1860,0,1,0,1861,A
5-NP,1271,2,0,0,1854,1856,C
5-NP,1272,9,0,0,1878,1887,C
5-NP,1273,1879,0,0,0,1879,A
5-NP,1274,0,1865,0,0,1865,T
5-NP,1275,4,0,0,1868,1872,C
5-NP,1276,1850,0,1,0,1851,A
5-NP,1277,0,1865,0,0,1865,T
5-NP,1278,3,6,1859,0,1868,G
5-NP,1279,0,1,1865,0,1866,G
5-NP,1280,0,0,0,1871,1871,C
5-NP,1281,1838,0,1,0,1839,A
5-NP,1282,2,0,1831,0,1833,G
5-NP,1283,0,0,0,1820,1820,C
5-NP,1284,1827,0,1,0,1828,A
5-NP,1285,0,1824,1,1,1826,T
5-NP,1286,0,1805,1,0,1806,T
5-NP,1287,6,1,0,1806,1813,C
5-NP,1288,1805,0,0,0,1805,A
5-NP,1289,1,0,0,1808,1809,C
5-NP,1290,0,1799,0,1,1800,T
5-NP,1291,2,1,1797,0,1800,G
5-NP,1292,0,1,1798,0,1799,G
5-NP,1293,1785,0,1,0,1786,A
5-NP,1294,1789,0,0,0,1789,A
5-NP,1295,1795,0,0,0,1795,A
5-NP,1296,0,1772,1,0,1773,T
5-NP,1297,1780,0,0,0,1780,A
5-NP,1298,0,3,0,1768,1771,C
5-NP,1299,1,2,1755,0,1758,G
5-NP,1300,1,1,1753,0,1755,G
5-NP,1301,1741,0,0,0,1741,A
5-NP,1302,1724,0,1,0,1725,A
5-NP,1303,0,1,1728,0,1729,G
5-NP,1304,0,3,1742,0,1745,G
5-NP,1305,1749,0,0,0,1749,A
5-NP,1306,1754,0,0,0,1754,A
5-NP,1307,0,12,1738,0,1750,G
5-NP,1308,1746,0,0,0,1746,A
5-NP,1309,1738,0,0,0,1738,A
5-NP,1310,1,0,0,1751,1752,C
5-NP,1311,0,1729,2,0,1731,T
5-NP,1312,0,1751,1,0,1752,T
5-NP,1313,6,1,0,1757,1764,C
5-NP,1314,1758,0,1,0,1759,A
5-NP,1315,0,5,1756,0,1761,G
5-NP,1316,1755,0,0,0,1755,A
5-NP,1317,0,0,0,1757,1757,C
5-NP,1318,1743,0,0,0,1743,A
5-NP,1319,0,1707,1,0,1708,T
5-NP,1320,0,8,1706,0,1714,G
5-NP,1321,1692,0,4,0,1696,A
5-NP,1322,0,6,1712,0,1718,G
5-NP,1323,0,1,1717,0,1718,G
5-NP,1324,2,0,1695,0,1697,G
5-NP,1325,0,0,0,1701,1701,C
5-NP,1326,1693,0,1,0,1694,A
5-NP,1327,0,10,1681,0,1691,G
5-NP,1328,1695,0,1,0,1696,A
5-NP,1329,1703,0,0,0,1703,A
5-NP,1330,1709,0,1,0,1710,A
5-NP,1331,0,1679,0,0,1679,T
5-NP,1332,13,0,0,1677,1690,C
5-NP,1333,1693,0,0,0,1693,A
5-NP,1334,1,1676,0,0,1677,T
5-NP,1335,1687,0,1,0,1688,A
5-NP,1336,1676,0,0,0,1676,A
5-NP,1337,0,4,1698,0,1702,G
5-NP,1338,1683,0,0,0,1683,A
5-NP,1339,1697,0,0,0,1697,A
5-NP,1340,0,1654,0,0,1654,T
5-NP,1341,0,4,1666,0,1670,G
5-NP,1342,1665,0,2,0,1667,A
5-NP,1343,1,1663,0,3,1667,T
5-NP,1344,0,3,1663,0,1666,G
5-NP,1345,1,4,1660,0,1665,G
5-NP,1346,1626,0,3,0,1629,A
5-NP,1347,1629,0,0,0,1629,A
5-NP,1348,1561,0,1,1,1563,A
5-NP,1349,0,0,1590,0,1590,G
5-NP,1350,0,1574,1,0,1575,T
5-NP,1351,3,0,1576,0,1579,G
5-NP,1352,2,1,0,1573,1576,C
5-NP,1353,1585,0,0,0,1585,A
5-NP,1354,1588,0,0,0,1588,A
5-NP,1355,1591,0,0,0,1591,A
5-NP,1356,1582,0,0,0,1582,A
5-NP,1357,1,0,0,1580,1581,C
5-NP,1358,5,0,0,1579,1584,C
5-NP,1359,1549,2,0,0,1551,A
5-NP,1360,0,3,1557,0,1560,G
5-NP,1361,1562,0,0,0,1562,A
5-NP,1362,1557,0,0,0,1557,A
5-NP,1363,0,4,1558,0,1562,G
5-NP,1364,1556,0,0,0,1556,A
5-NP,1365,1499,0,1,0,1500,A
5-NP,1366,0,0,1525,0,1525,G
5-NP,1367,0,1498,1,0,1499,T
5-NP,1368,0,1,1505,0,1506,G
5-NP,1369,0,1482,0,0,1482,T
5-NP,1370,7,0,0,1480,1487,C
5-NP,1371,1507,0,1,0,1508,A
5-NP,1372,0,1516,0,0,1516,T
5-NP,1373,1,1505,0,0,1506,T
5-NP,1374,5,0,0,1514,1519,C
5-NP,1375,1,2,74,1428,1505,C
5-NP,1376,5,4,1491,1,1501,G
5-NP,1377,0,2,1496,0,1498,G
5-NP,1378,0,4,1490,1,1495,G
5-NP,1379,0,2,1508,0,1510,G
5-NP,1380,2,1,1492,0,1495,G
5-NP,1381,1421,0,0,0,1421,A
5-NP,1382,0,2,1423,0,1425,G
5-NP,1383,0,2,1422,0,1424,G
5-NP,1384,0,2,1417,0,1419,G
5-NP,1385,1,7,1411,0,1419,G
5-NP,1386,1385,0,0,0,1385,A
5-NP,1387,0,0,1388,0,1388,G
5-NP,1388,1,1364,0,0,1365,T
5-NP,1389,6,1,0,1351,1358,C
5-NP,1390,0,1361,0,1,1362,T
5-NP,1391,0,1352,0,0,1352,T
5-NP,1392,2,0,0,1363,1365,C
5-NP,1393,0,5,1367,0,1372,G
5-NP,1394,1358,0,0,0,1358,A
5-NP,1395,0,2,1366,0,1368,G
5-NP,1396,1,0,0,1331,1332,C
5-NP,1397,0,1323,0,1,1324,T
5-NP,1398,2,0,0,1331,1333,C
5-NP,1399,0,1312,0,4,1316,T
5-NP,1400,4,1,0,1321,1326,C
5-NP,1401,1332,0,0,0,1332,A
5-NP,1402,0,5,1328,0,1333,G
5-NP,1403,1331,0,1,0,1332,A
5-NP,1404,0,2,0,1314,1316,C
5-NP,1405,0,1,1311,0,1312,G
5-NP,1406,1303,0,1,0,1304,A
5-NP,1407,0,3,1296,0,1299,G
5-NP,1408,1287,0,0,0,1287,A
5-NP,1409,1280,0,1,0,1281,A
5-NP,1410,0,3,1274,0,1277,G
5-NP,1411,0,0,1269,0,1269,G
5-NP,1412,0,0,0,1266,1266,C
5-NP,1413,1264,0,1,0,1265,A
5-NP,1414,1257,0,1,0,1258,A
5-NP,1415,0,0,0,1253,1253,C
5-NP,1416,0,2,1258,0,1260,G
5-NP,1417,1259,0,0,0,1259,A
5-NP,1418,1244,0,0,0,1244,A
5-NP,1419,0,0,0,1236,1236,C
5-NP,1420,1,1,0,1227,1229,C
5-NP,1421,4,1,0,1220,1225,C
5-NP,1422,0,8,1224,0,1232,G
5-NP,1423,1243,1,0,0,1244,A
5-NP,1424,0,1229,0,0,1229,T
5-NP,1425,6,0,0,1212,1218,C
5-NP,1426,0,0,1223,0,1223,G
5-NP,1427,0,1205,0,0,1205,T
5-NP,1428,0,1,1206,0,1207,G
5-NP,1429,1,2,0,1176,1179,C
5-NP,1430,5,1,0,1185,1191,C
5-NP,1431,7,1,0,1197,1205,C
5-NP,1432,1,1179,0,2,1182,T
5-NP,1433,4,0,0,1218,1222,C
5-NP,1434,0,1218,0,1,1219,T
5-NP,1435,0,1221,1,0,1222,T
5-NP,1436,0,1219,0,0,1219,T
5-NP,1437,0,1212,0,0,1212,T
5-NP,1438,0,3,1220,0,1223,G
5-NP,1439,1224,0,0,0,1224,A
5-NP,1440,0,1201,0,0,1201,T
5-NP,1441,1194,0,0,0,1194,A
5-NP,1442,0,1043,0,0,1043,T
5-NP,1443,0,5,1053,0,1058,G
5-NP,1444,1034,1,0,0,1035,A
5-NP,1445,0,0,1042,0,1042,G
5-NP,1446,0,1040,0,0,1040,T
5-NP,1447,1021,0,0,0,1021,A
5-NP,1448,1018,0,0,0,1018,A
5-NP,1449,0,1010,0,0,1010,T
5-NP,1450,0,2,1015,0,1017,G
5-NP,1451,1010,0,0,0,1010,A
5-NP,1452,891,0,1,0,892,A
5-NP,1453,2,0,881,0,883,G
5-NP,1454,0,2,839,0,841,G
5-NP,1455,834,0,0,0,834,A
5-NP,1456,0,833,0,0,833,T
5-NP,1457,2,1,0,826,829,C
5-NP,1458,0,826,0,0,826,T
5-NP,1459,0,825,0,0,825,T
5-NP,1460,822,0,0,0,822,A
5-NP,1461,0,818,0,0,818,T
5-NP,1462,0,799,0,0,799,T
5-NP,1463,0,791,0,0,791,T
5-NP,1464,1,0,0,778,779,C
5-NP,1465,0,741,0,0,741,T
5-NP,1466,0,733,0,0,733,T
5-NP,1467,2,0,0,743,745,C
5-NP,1468,0,1,734,0,735,G
5-NP,1469,0,2,733,0,735,G
5-NP,1470,736,0,0,0,736,A
5-NP,1471,0,1,737,0,738,G
5-NP,1472,728,0,1,0,729,A
5-NP,1473,0,0,0,715,715,C
5-NP,1474,686,0,1,0,687,A
5-NP,1475,687,0,0,0,687,A
5-NP,1476,1,688,0,0,689,T
5-NP,1477,1,0,688,0,689,G
5-NP,1478,0,0,0,683,683,C
5-NP,1479,666,0,0,0,666,A
5-NP,1480,0,2,663,0,665,G
5-NP,1481,659,0,0,2,661,A
5-NP,1482,622,0,1,0,623,A
5-NP,1483,0,1,620,0,621,G
5-NP,1484,453,0,1,0,454,A
5-NP,1485,0,0,456,0,456,G
5-NP,1486,0,401,0,0,401,T
5-NP,1487,398,0,0,0,398,A
5-NP,1488,0,366,0,0,366,T
5-NP,1489,0,2,366,0,368,G
5-NP,1490,365,0,0,0,365,A
5-NP,1491,0,1,0,361,362,C
5-NP,1492,235,0,0,0,235,A
5-NP,1493,228,0,0,0,228,A
5-NP,1494,0,164,0,0,164,T
5-NP,1495,0,152,0,0,152,T
5-NP,1496,154,0,0,0,154,A
5-NP,1497,151,0,0,0,151,A
6-NA,1,134,0,0,0,134,A
6-NA,2,0,133,0,0,133,T
6-NA,3,0,0,132,0,132,G
6-NA,4,133,0,1,0,134,A
6-NA,5,144,0,0,0,144,A
6-NA,6,0,145,0,0,145,T
6-NA,7,0,0,0,144,144,C
6-NA,8,1,0,0,144,145,C
6-NA,9,148,0,0,0,148,A
6-NA,10,153,0,0,0,153,A
6-NA,11,154,0,0,0,154,A
6-NA,12,0,158,0,0,158,T
6-NA,13,0,0,0,159,159,C
6-NA,14,159,0,0,0,159,A
6-NA,15,160,0,0,0,160,A
6-NA,16,159,0,0,0,159,A
6-NA,17,170,0,0,0,170,A
6-NA,18,0,0,193,0,193,G
6-NA,19,194,0,0,0,194,A
6-NA,20,0,198,0,0,198,T
6-NA,21,200,0,0,0,200,A
6-NA,22,199,0,1,0,200,A
6-NA,23,0,201,0,0,201,T
6-NA,24,202,0,0,0,202,A
6-NA,25,204,0,0,0,204,A
6-NA,26,0,0,0,218,218,C
6-NA,27,0,1,219,0,220,G
6-NA,28,221,0,0,0,221,A
6-NA,29,0,221,0,0,221,T
6-NA,30,0,221,0,1,222,T
6-NA,31,0,2,219,0,221,G
6-NA,32,0,0,240,0,240,G
6-NA,33,0,0,0,244,244,C
6-NA,34,0,242,0,1,243,T
6-NA,35,0,0,0,253,253,C
6-NA,36,0,258,0,0,258,T
6-NA,37,0,0,272,0,272,G
6-NA,38,0,273,0,0,273,T
6-NA,39,0,274,0,0,274,T
6-NA,40,0,279,0,0,279,T
6-NA,41,1,0,0,288,289,C
6-NA,42,0,290,0,0,290,T
6-NA,43,1,0,0,292,293,C
6-NA,44,0,293,0,0,293,T
6-NA,45,5,0,0,291,296,C
6-NA,46,291,0,0,0,291,A
6-NA,47,0,0,0,316,316,C
6-NA,48,1,1,0,311,313,C
6-NA,49,314,0,0,0,314,A
6-NA,50,0,321,0,0,321,T
6-NA,51,0,331,0,0,331,T
6-NA,52,0,332,0,0,332,T
6-NA,53,2,0,0,341,343,C
6-NA,54,0,1,0,340,341,C
6-NA,55,344,0,0,0,344,A
6-NA,56,0,0,0,360,360,C
6-NA,57,356,0,0,0,356,A
6-NA,58,388,0,0,0,388,A
6-NA,59,0,389,0,0,389,T
6-NA,60,405,0,0,0,405,A
6-NA,61,0,409,0,0,409,T
6-NA,62,0,0,408,0,408,G
6-NA,63,0,0,0,412,412,C
6-NA,64,0,412,0,0,412,T
6-NA,65,0,420,0,0,420,T
6-NA,66,0,0,0,423,423,C
6-NA,67,0,420,0,0,420,T
6-NA,68,0,420,0,0,420,T
6-NA,69,1,0,0,416,417,C
6-NA,70,419,0,0,0,419,A
6-NA,71,0,420,0,0,420,T
6-NA,72,0,0,421,0,421,G
6-NA,73,0,0,0,425,425,C
6-NA,74,424,0,0,0,424,A
6-NA,75,426,0,0,0,426,A
6-NA,76,425,0,0,0,425,A
6-NA,77,0,437,0,0,437,T
6-NA,78,0,438,0,0,438,T
6-NA,79,0,0,440,0,440,G
6-NA,80,2,0,0,437,439,C
6-NA,81,1,0,0,440,441,C
6-NA,82,442,0,0,0,442,A
6-NA,83,0,446,0,0,446,T
6-NA,84,0,0,0,487,487,C
6-NA,85,0,487,0,0,487,T
6-NA,86,0,487,0,0,487,T
6-NA,87,0,5,495,0,500,G
6-NA,88,499,0,0,0,499,A
6-NA,89,0,506,0,1,507,T
6-NA,90,510,0,0,0,510,A
6-NA,91,513,0,0,0,513,A
6-NA,92,0,0,0,568,568,C
6-NA,93,0,565,0,0,565,T
6-NA,94,575,0,1,0,576,A
6-NA,95,0,0,0,603,603,C
6-NA,96,0,603,0,0,603,T
6-NA,97,0,0,617,0,617,G
6-NA,98,0,615,0,1,616,T
6-NA,99,618,0,0,0,618,A
6-NA,100,625,1,0,0,626,A
6-NA,101,0,0,0,620,620,C
6-NA,102,611,0,0,0,611,A
6-NA,103,0,616,0,2,618,T
6-NA,104,0,612,0,0,612,T
6-NA,105,2,0,607,0,609,G
6-NA,106,0,0,0,609,609,C
6-NA,107,616,0,0,0,616,A
6-NA,108,0,622,0,0,622,T
6-NA,109,0,623,0,0,623,T
6-NA,110,0,624,0,0,624,T
6-NA,111,3,0,0,621,624,C
6-NA,112,621,0,0,0,621,A
6-NA,113,626,0,1,0,627,A
6-NA,114,0,0,626,0,626,G
6-NA,115,0,1,0,631,632,C
6-NA,116,631,0,0,1,632,A
6-NA,117,651,0,0,0,651,A
6-NA,118,0,664,0,0,664,T
6-NA,119,664,0,0,0,664,A
6-NA,120,0,665,0,0,665,T
6-NA,121,0,0,685,0,685,G
6-NA,122,686,0,1,0,687,A
6-NA,123,704,0,0,0,704,A
6-NA,124,0,707,0,0,707,T
6-NA,125,0,709,0,0,709,T
6-NA,126,2,0,0,699,701,C
6-NA,127,695,0,0,1,696,A
6-NA,128,704,0,0,0,704,A
6-NA,129,0,0,0,709,709,C
6-NA,130,0,701,0,0,701,T
6-NA,131,2,0,0,700,702,C
6-NA,132,1,0,0,706,707,C
6-NA,133,1,0,0,704,705,C
6-NA,134,1,1,0,717,719,C
6-NA,135,1,1,0,712,714,C
6-NA,136,0,0,0,727,727,C
6-NA,137,1,4,0,728,733,C
6-NA,138,733,0,0,1,734,A
6-NA,139,735,0,0,0,735,A
6-NA,140,730,0,0,0,730,A
6-NA,141,0,0,0,741,741,C
6-NA,142,742,0,1,0,743,A
6-NA,143,770,0,0,0,770,A
6-NA,144,0,0,0,767,767,C
6-NA,145,4,0,0,756,760,C
6-NA,146,778,0,0,1,779,A
6-NA,147,781,0,1,1,783,A
6-NA,148,0,0,808,0,808,G
6-NA,149,0,799,0,1,800,T
6-NA,150,0,1,807,0,808,G
6-NA,151,814,0,0,1,815,A
6-NA,152,0,812,0,0,812,T
6-NA,153,0,1,807,0,808,G
6-NA,154,0,0,0,812,812,C
6-NA,155,0,813,0,0,813,T
6-NA,156,1,0,871,0,872,G
6-NA,157,0,861,0,0,861,T
6-NA,158,0,0,863,0,863,G
6-NA,159,0,868,0,0,868,T
6-NA,160,2,4,852,0,858,G
6-NA,161,870,0,0,1,871,A
6-NA,162,870,0,2,0,872,A
6-NA,163,0,0,0,879,879,C
6-NA,164,4,0,0,872,876,C
6-NA,165,857,0,0,0,857,A
6-NA,166,859,0,0,0,859,A
6-NA,167,0,0,0,882,882,C
6-NA,168,879,1,1,0,881,A
6-NA,169,888,0,0,0,888,A
6-NA,170,0,890,0,0,890,T
6-NA,171,890,0,0,0,890,A
6-NA,172,883,0,0,0,883,A
6-NA,173,0,892,0,0,892,T
6-NA,174,880,0,0,0,880,A
6-NA,175,2,2,884,0,888,G
6-NA,176,874,0,0,0,874,A
6-NA,177,877,0,0,0,877,A
6-NA,178,870,0,0,0,870,A
6-NA,179,0,4,869,0,873,G
6-NA,180,888,1,0,0,889,A
6-NA,181,893,0,1,0,894,A
6-NA,182,938,0,1,0,939,A
6-NA,183,0,0,0,944,944,C
6-NA,184,947,0,1,0,948,A
6-NA,185,0,961,0,1,962,T
6-NA,186,973,0,0,0,973,A
6-NA,187,974,0,2,0,976,A
6-NA,188,1,1,0,983,985,C
6-NA,189,978,0,0,0,978,A
6-NA,190,4,1,1010,0,1015,G
6-NA,191,997,0,0,0,997,A
6-NA,192,0,4,1003,0,1007,G
6-NA,193,981,0,21,0,1002,A
6-NA,194,0,1038,1,0,1039,T
6-NA,195,1032,0,0,0,1032,A
6-NA,196,1,0,1058,0,1059,G
6-NA,197,0,1047,0,0,1047,T
6-NA,198,0,0,1066,0,1066,G
6-NA,199,0,1067,0,2,1069,T
6-NA,200,1069,0,0,0,1069,A
6-NA,201,0,1074,0,0,1074,T
6-NA,202,6,0,0,1067,1073,C
6-NA,203,0,1060,0,0,1060,T
6-NA,204,0,7,1089,0,1096,G
6-NA,205,1098,0,0,0,1098,A
6-NA,206,0,0,0,1095,1095,C
6-NA,207,3,0,0,1098,1101,C
6-NA,208,1100,0,0,0,1100,A
6-NA,209,1106,0,0,0,1106,A
6-NA,210,1,2,0,1122,1125,C
6-NA,211,1125,0,0,0,1125,A
6-NA,212,0,0,0,1145,1145,C
6-NA,213,3,0,1,1140,1144,C
6-NA,214,1164,0,1,0,1165,A
6-NA,215,0,0,0,1212,1212,C
6-NA,216,3,2,0,1213,1218,C
6-NA,217,1214,0,2,0,1216,A
6-NA,218,0,1219,0,2,1221,T
6-NA,219,1215,0,2,0,1217,A
6-NA,220,0,6,1213,0,1219,G
6-NA,221,1197,0,0,0,1197,A
6-NA,222,0,1,1229,0,1230,G
6-NA,223,1214,0,0,0,1214,A
6-NA,224,1201,0,0,0,1201,A
6-NA,225,0,2,1201,1,1204,G
6-NA,226,0,3,1207,0,1210,G
6-NA,227,1213,0,0,0,1213,A
6-NA,228,1220,0,0,0,1220,A
6-NA,229,1214,0,1,0,1215,A
6-NA,230,1,1211,0,0,1212,T
6-NA,231,1210,0,0,0,1210,A
6-NA,232,0,1212,0,0,1212,T
6-NA,233,0,0,1202,0,1202,G
6-NA,234,0,1,0,1209,1210,C
6-NA,235,3,0,0,1193,1196,C
6-NA,236,3,0,0,1203,1206,C
6-NA,237,4,0,0,1197,1201,C
6-NA,238,1213,0,0,1,1214,A
6-NA,239,1237,0,0,0,1237,A
6-NA,240,1238,0,1,0,1239,A
6-NA,241,0,0,0,1245,1245,C
6-NA,242,0,1247,0,0,1247,T
6-NA,243,1231,0,1,0,1232,A
6-NA,244,0,0,1235,0,1235,G
6-NA,245,1,0,0,1236,1237,C
6-NA,246,1237,0,1,0,1238,A
6-NA,247,0,5,1250,0,1255,G
6-NA,248,1250,0,0,0,1250,A
6-NA,249,1274,0,1,0,1275,A
6-NA,250,0,1277,0,0,1277,T
6-NA,251,1283,0,2,0,1285,A
6-NA,252,2,0,0,1285,1287,C
6-NA,253,1281,0,1,0,1282,A
6-NA,254,0,2,1288,0,1290,G
6-NA,255,1278,0,1,0,1279,A
6-NA,256,1279,0,0,0,1279,A
6-NA,257,1274,0,0,0,1274,A
6-NA,258,0,1250,0,0,1250,T
6-NA,259,0,1247,0,0,1247,T
6-NA,260,0,3,1260,0,1263,G
6-NA,261,1,0,1253,0,1254,G
6-NA,262,0,1258,0,0,1258,T
6-NA,263,6,0,0,1258,1264,C
6-NA,264,1266,0,1,0,1267,A
6-NA,265,1271,0,0,0,1271,A
6-NA,266,1274,0,1,0,1275,A
6-NA,267,1,0,1281,0,1282,G
6-NA,268,0,0,0,1276,1276,C
6-NA,269,2,0,0,1273,1275,C
6-NA,270,0,0,1274,0,1274,G
6-NA,271,0,0,0,1273,1273,C
6-NA,272,1281,0,0,0,1281,A
6-NA,273,1291,0,0,0,1291,A
6-NA,274,0,1296,0,0,1296,T
6-NA,275,0,0,1307,0,1307,G
6-NA,276,0,1297,0,0,1297,T
6-NA,277,1,7,1292,1,1301,G
6-NA,278,1312,0,3,0,1315,A
6-NA,279,0,0,0,1332,1332,C
6-NA,280,1362,0,0,0,1362,A
6-NA,281,0,1365,0,0,1365,T
6-NA,282,0,1365,0,0,1365,T
6-NA,283,1372,0,1,0,1373,A
6-NA,284,0,0,0,1370,1370,C
6-NA,285,1359,0,1,0,1360,A
6-NA,286,0,13,1343,0,1356,G
6-NA,287,0,7,1333,0,1340,G
6-NA,288,1,0,1283,0,1284,G
6-NA,289,0,1312,1,0,1313,T
6-NA,290,0,1333,0,0,1333,T
6-NA,291,0,1334,0,0,1334,T
6-NA,292,0,1,1325,1,1327,G
6-NA,293,1,2,0,1322,1325,C
6-NA,294,1322,0,2,0,1324,A
6-NA,295,0,0,0,1341,1341,C
6-NA,296,5,0,0,1322,1327,C
6-NA,297,0,1322,0,1,1323,T
6-NA,298,1,1328,0,0,1329,T
6-NA,299,0,1335,0,0,1335,T
6-NA,300,0,1329,0,3,1332,T
6-NA,301,0,1354,0,0,1354,T
6-NA,302,1,0,0,1350,1351,C
6-NA,303,0,1349,0,1,1350,T
6-NA,304,1343,0,0,0,1343,A
6-NA,305,1338,0,0,0,1338,A
6-NA,306,0,2,1350,0,1352,G
6-NA,307,0,1,1346,0,1347,G
6-NA,308,1342,0,1,0,1343,A
6-NA,309,0,1,0,1346,1347,C
6-NA,310,1343,0,0,0,1343,A
6-NA,311,1341,1,0,0,1342,A
6-NA,312,0,1341,0,0,1341,T
6-NA,313,0,1338,0,0,1338,T
6-NA,314,3,0,0,1367,1370,C
6-NA,315,1,9,1349,1,1360,G
6-NA,316,1356,0,0,0,1356,A
6-NA,317,0,1364,0,0,1364,T
6-NA,318,0,1362,0,0,1362,T
6-NA,319,1356,0,0,0,1356,A
6-NA,320,0,1,1355,1,1357,G
6-NA,321,0,1,1360,0,1361,G
6-NA,322,1,0,0,1357,1358,C
6-NA,323,0,1346,0,1,1347,T
6-NA,324,0,1362,0,0,1362,T
6-NA,325,0,1351,0,0,1351,T
6-NA,326,1,0,0,1364,1365,C
6-NA,327,3,0,0,1358,1361,C
6-NA,328,3,1,1357,0,1361,G
6-NA,329,0,0,0,1361,1361,C
6-NA,330,0,1361,0,0,1361,T
6-NA,331,1,2,1403,0,1406,G
6-NA,332,0,1,1403,0,1404,G
6-NA,333,0,1395,0,0,1395,T
6-NA,334,0,3,1402,0,1405,G
6-NA,335,0,3,1384,0,1387,G
6-NA,336,1,6,1398,0,1405,G
6-NA,337,0,3,1406,0,1409,G
6-NA,338,1402,0,0,0,1402,A
6-NA,339,1,0,0,1422,1423,C
6-NA,340,1389,0,0,0,1389,A
6-NA,341,0,1389,0,0,1389,T
6-NA,342,1,0,0,1403,1404,C
6-NA,343,0,1398,0,0,1398,T
6-NA,344,0,1,1388,0,1389,G
6-NA,345,0,3,1378,0,1381,G
6-NA,346,1,0,1395,0,1396,G
6-NA,347,1,1399,0,0,1400,T
6-NA,348,0,6,1386,0,1392,G
6-NA,349,1387,0,2,0,1389,A
6-NA,350,0,0,0,1419,1419,C
6-NA,351,1417,0,0,0,1417,A
6-NA,352,1445,0,3,0,1448,A
6-NA,353,1,3,1451,1,1456,G
6-NA,354,1453,0,1,0,1454,A
6-NA,355,1,4,1501,0,1506,G
6-NA,356,1525,0,1,0,1526,A
6-NA,357,1581,0,0,0,1581,A
6-NA,358,1,0,0,1817,1818,C
6-NA,359,7,1,0,1885,1893,C
6-NA,360,0,1890,0,0,1890,T
6-NA,361,0,1903,0,0,1903,T
6-NA,362,1913,0,0,0,1913,A
6-NA,363,0,1910,0,0,1910,T
6-NA,364,0,0,2010,0,2010,G
6-NA,365,1,1983,2,1,1987,T
6-NA,366,2,1,2049,0,2052,G
6-NA,367,0,2018,0,2,2020,T
6-NA,368,10,0,0,2004,2014,C
6-NA,369,2013,4,0,6,2023,A
6-NA,370,0,2037,0,1,2038,T
6-NA,371,1,2,2032,0,2035,G
6-NA,372,0,3,0,2020,2023,C
6-NA,373,3,11,2013,0,2027,G
6-NA,374,2232,1,1,0,2234,A
6-NA,375,0,2253,0,0,2253,T
6-NA,376,5,0,0,2293,2298,C
6-NA,377,4,0,0,2300,2304,C
6-NA,378,1,2345,1,5,2352,T
6-NA,379,0,14,2355,0,2369,G
6-NA,380,2365,0,3,1,2369,A
6-NA,381,2,1,0,2370,2373,C
6-NA,382,2358,0,3,0,2361,A
6-NA,383,2322,0,1,5,2328,A
6-NA,384,0,0,2412,0,2412,G
6-NA,385,1,2417,0,0,2418,T
6-NA,386,0,2,2451,0,2453,G
6-NA,387,0,2439,0,1,2440,T
6-NA,388,0,2453,0,1,2454,T
6-NA,389,2451,1,0,0,2452,A
6-NA,390,0,2452,0,0,2452,T
6-NA,391,12,0,0,2482,2494,C
6-NA,392,2483,0,0,0,2483,A
6-NA,393,2466,0,0,0,2466,A
6-NA,394,0,2449,0,0,2449,T
6-NA,395,0,2452,0,0,2452,T
6-NA,396,1,2450,0,1,2452,T
6-NA,397,1,1,2450,1,2453,G
6-NA,398,1,0,0,2579,2580,C
6-NA,399,13,0,0,2570,2583,C
6-NA,400,9,0,1,2571,2581,C
6-NA,401,1,2578,2,2,2583,T
6-NA,402,0,2590,0,0,2590,T
6-NA,403,1,9,2609,0,2619,G
6-NA,404,0,6,2613,1,2620,G
6-NA,405,2641,0,5,0,2646,A
6-NA,406,1,1,0,2647,2649,C
6-NA,407,2590,0,4,0,2594,A
6-NA,408,0,11,2663,0,2674,G
6-NA,409,0,4,2646,0,2650,G
6-NA,410,0,7,2743,0,2750,G
6-NA,411,2749,0,1,0,2750,A
6-NA,412,2760,0,0,0,2760,A
6-NA,413,0,0,0,2767,2767,C
6-NA,414,2760,0,2,1,2763,A
6-NA,415,2976,0,0,0,2976,A
6-NA,416,0,2,0,2996,2998,C
6-NA,417,2968,0,1,0,2969,A
6-NA,418,3,1,0,2994,2998,C
6-NA,419,0,2966,0,2,2968,T
6-NA,420,2983,0,1,0,2984,A
6-NA,421,2988,0,0,0,2988,A
6-NA,422,3002,0,0,0,3002,A
6-NA,423,0,2,0,3014,3016,C
6-NA,424,2908,0,0,0,2908,A
6-NA,425,2932,0,1,0,2933,A
6-NA,426,2,5,0,2952,2959,C
6-NA,427,2,0,2950,0,2952,G
6-NA,428,1,2923,0,0,2924,T
6-NA,429,2906,0,1,0,2907,A
6-NA,430,1,2,0,2963,2966,C
6-NA,431,2960,0,0,0,2960,A
6-NA,432,0,2983,1,2,2986,T
6-NA,433,0,2975,0,0,2975,T
6-NA,434,10,1,0,3123,3134,C
6-NA,435,3223,0,0,0,3223,A
6-NA,436,3240,0,2,0,3242,A
6-NA,437,3227,1,0,0,3228,A
6-NA,438,2,3240,0,0,3242,T
6-NA,439,3207,0,0,0,3207,A
6-NA,440,3309,0,2,0,3311,A
6-NA,441,2,1,0,3346,3349,C
6-NA,442,3323,1,3,0,3327,A
6-NA,443,2,1,0,3382,3385,C
6-NA,444,3314,0,2,0,3316,A
6-NA,445,1,0,3881,0,3882,G
6-NA,446,0,3846,0,1,3847,T
6-NA,447,3952,0,0,0,3952,A
6-NA,448,1,2,0,3958,3961,C
6-NA,449,1,1,3947,1,3950,G
6-NA,450,0,4084,0,0,4084,T
6-NA,451,1,13,4096,1,4111,G
6-NA,452,4107,0,1,0,4108,A
6-NA,453,0,4125,0,0,4125,T
6-NA,454,3934,0,6,0,3940,A
6-NA,455,3,8,3912,0,3923,G
6-NA,456,1,22,3871,1,3895,G
6-NA,457,3913,0,5,0,3918,A
6-NA,458,3,1,1,4006,4011,C
6-NA,459,11,0,1,3937,3949,C
6-NA,460,6,0,0,4008,4014,C
6-NA,461,7,0,0,4030,4037,C
6-NA,462,0,4054,0,1,4055,T
6-NA,463,0,4110,0,0,4110,T
6-NA,464,4141,0,3,0,4144,A
6-NA,465,0,4112,0,0,4112,T
6-NA,466,11,2,0,4127,4140,C
6-NA,467,2,5,4073,1,4081,G
6-NA,468,1,14,4054,1,4070,G
6-NA,469,4097,0,0,1,4098,A
6-NA,470,2,0,0,4139,4141,C
6-NA,471,19,0,0,4077,4096,C
6-NA,472,13,0,0,4302,4315,C
6-NA,473,0,4290,0,3,4293,T
6-NA,474,4366,0,2,0,4368,A
6-NA,475,0,4355,0,0,4355,T
6-NA,476,1,4384,0,0,4385,T
6-NA,477,1,13,4383,1,4398,G
6-NA,478,4375,0,1,1,4377,A
6-NA,479,0,4378,0,3,4381,T
6-NA,480,1,13,4392,0,4406,G
6-NA,481,4255,1,3,1,4260,A
6-NA,482,4287,0,1,0,4288,A
6-NA,483,0,4286,0,0,4286,T
6-NA,484,0,20,4341,1,4362,G
6-NA,485,4343,1,3,1,4348,A
6-NA,486,1,0,4461,0,4462,G
6-NA,487,0,4459,0,0,4459,T
6-NA,488,0,4478,0,0,4478,T
6-NA,489,4486,0,1,1,4488,A
6-NA,490,1,8,4479,0,4488,G
6-NA,491,0,2,4517,0,4519,G
6-NA,492,1,4490,0,3,4494,T
6-NA,493,1,1,4524,0,4526,G
6-NA,494,0,4470,0,2,4472,T
6-NA,495,0,4450,0,5,4455,T
6-NA,496,23,1,0,4442,4466,C
6-NA,497,10,1,0,4439,4450,C
6-NA,498,8,1,0,4439,4448,C
6-NA,499,0,4580,0,3,4583,T
6-NA,500,1,4586,0,1,4588,T
6-NA,501,0,4583,0,1,4584,T
6-NA,502,12,2,0,4628,4642,C
6-NA,503,4618,1,0,0,4619,A
6-NA,504,0,4737,0,1,4738,T
6-NA,505,6,1,0,4750,4757,C
6-NA,506,0,4693,0,0,4693,T
6-NA,507,0,17,4630,0,4647,G
6-NA,508,3,13,4588,0,4604,G
6-NA,509,4,15,4566,0,4585,G
6-NA,510,1,24,4665,0,4690,G
6-NA,511,4696,0,5,0,4701,A
6-NA,512,1,0,0,4746,4747,C
6-NA,513,8,2,0,4689,4699,C
6-NA,514,4749,1,0,0,4750,A
6-NA,515,4762,1,2,0,4765,A
6-NA,516,0,1,4751,0,4752,G
6-NA,517,2,1,0,4792,4795,C
6-NA,518,4797,0,2,0,4799,A
6-NA,519,4828,1,4,0,4833,A
6-NA,520,1,2,4866,0,4869,G
6-NA,521,0,4835,0,0,4835,T
6-NA,522,0,0,4967,0,4967,G
6-NA,523,0,4937,0,5,4942,T
6-NA,524,2,3,5043,0,5048,G
6-NA,525,3,2,0,5049,5054,C
6-NA,526,5039,0,8,0,5047,A
6-NA,527,0,5113,0,1,5114,T
6-NA,528,5039,1,1,0,5041,A
6-NA,529,1,3,5135,0,5139,G
6-NA,530,1,2,0,5127,5130,C
6-NA,531,5052,1,4,0,5057,A
6-NA,532,0,5045,0,1,5046,T
6-NA,533,1,21,4925,0,4947,G
6-NA,534,0,0,5154,0,5154,G
6-NA,535,0,5151,0,5,5156,T
6-NA,536,18,0,0,5122,5140,C
6-NA,537,12,0,0,5147,5159,C
6-NA,538,5165,0,1,0,5166,A
6-NA,539,0,3,5248,0,5251,G
6-NA,540,0,1,0,5275,5276,C
6-NA,541,0,5273,0,9,5282,T
6-NA,542,25,1,0,5270,5296,C
6-NA,543,5192,1,1,0,5194,A
6-NA,544,5231,0,1,0,5232,A
6-NA,545,2,2,5255,1,5260,G
6-NA,546,0,5272,0,1,5273,T
6-NA,547,1,5272,0,6,5279,T
6-NA,548,0,3,5254,0,5257,G
6-NA,549,0,5254,0,1,5255,T
6-NA,550,35,2,1,5213,5251,C
6-NA,551,5264,0,4,0,5268,A
6-NA,552,4,3,0,5307,5314,C
6-NA,553,2,11,5291,0,5304,G
6-NA,554,5272,0,0,0,5272,A
6-NA,555,0,5332,0,5,5337,T
6-NA,556,0,12,5393,1,5406,G
6-NA,557,1,19,5403,0,5423,G
6-NA,558,5406,0,0,0,5406,A
6-NA,559,5416,0,1,0,5417,A
6-NA,560,5478,0,0,0,5478,A
6-NA,561,5464,0,5,0,5469,A
6-NA,562,0,1,5508,0,5509,G
6-NA,563,1,4,0,5507,5512,C
6-NA,564,5500,0,3,0,5503,A
6-NA,565,0,5501,0,0,5501,T
6-NA,566,2,13,5518,0,5533,G
6-NA,567,1,2,5530,0,5533,G
6-NA,568,1,1,0,5584,5586,C
6-NA,569,3,5551,1,11,5566,T
6-NA,570,3,2,5589,0,5594,G
6-NA,571,3,2,0,5557,5562,C
6-NA,572,5583,2,3,1,5589,A
6-NA,573,0,5754,0,3,5757,T
6-NA,574,0,0,5784,0,5784,G
6-NA,575,0,5774,0,0,5774,T
6-NA,576,1,5893,0,3,5897,T
6-NA,577,0,5889,0,1,5890,T
6-NA,578,2,2,6140,0,6144,G
6-NA,579,0,6100,0,1,6101,T
6-NA,580,6161,0,0,1,6162,A
6-NA,581,1,6180,0,1,6182,T
6-NA,582,6068,0,3,3,6074,A
6-NA,583,6092,0,1,1,6094,A
6-NA,584,1,5,0,6058,6064,C
6-NA,585,2,12,6000,1,6015,G
6-NA,586,0,6,6036,0,6042,G
6-NA,587,0,22,5917,0,5939,G
6-NA,588,0,14,5947,0,5961,G
6-NA,589,2,7,5973,0,5982,G
6-NA,590,5911,0,6,0,5917,A
6-NA,591,0,5980,0,0,5980,T
6-NA,592,1,18,5971,0,5990,G
6-NA,593,6024,1,3,0,6028,A
6-NA,594,0,6068,0,0,6068,T
6-NA,595,6044,0,4,0,6048,A
6-NA,596,6058,0,0,2,6060,A
6-NA,597,6080,0,1,0,6081,A
6-NA,598,6062,0,1,0,6063,A
6-NA,599,6076,0,0,0,6076,A
6-NA,600,1,6092,0,2,6095,T
6-NA,601,1,3,6082,2,6088,G
6-NA,602,2,3,0,6070,6075,C
6-NA,603,6063,2,1,0,6066,A
6-NA,604,6076,0,7,0,6083,A
6-NA,605,0,0,0,6148,6148,C
6-NA,606,0,6127,0,2,6129,T
6-NA,607,1,1,6146,0,6148,G
6-NA,608,3,1,0,6133,6137,C
6-NA,609,0,6155,0,0,6155,T
6-NA,610,6148,0,2,0,6150,A
6-NA,611,0,2,6167,0,6169,G
6-NA,612,2,2,0,6212,6216,C
6-NA,613,0,6206,0,6,6212,T
6-NA,614,0,6189,0,2,6191,T
6-NA,615,17,0,0,6257,6274,C
6-NA,616,6275,2,0,0,6277,A
6-NA,617,0,6273,0,3,6276,T
6-NA,618,0,6291,0,1,6292,T
6-NA,619,0,6306,0,2,6308,T
6-NA,620,6327,1,1,0,6329,A
6-NA,621,2,3,0,6329,6334,C
6-NA,622,6295,0,3,0,6298,A
6-NA,623,6301,1,9,0,6311,A
6-NA,624,1,6296,0,0,6297,T
6-NA,625,0,23,6273,0,6296,G
6-NA,626,0,14,6255,0,6269,G
6-NA,627,0,18,6261,0,6279,G
6-NA,628,6249,0,3,1,6253,A
6-NA,629,6170,0,8,0,6178,A
6-NA,630,0,3,6387,0,6390,G
6-NA,631,4,3,0,6796,6803,C
6-NA,632,0,6826,1,2,6829,T
6-NA,633,0,6937,0,0,6937,T
6-NA,634,1,3,6967,0,6971,G
6-NA,635,1,6946,0,1,6948,T
6-NA,636,7043,0,2,0,7045,A
6-NA,637,2,7,7090,0,7099,G
6-NA,638,7055,0,5,0,7060,A
6-NA,639,1,7085,1,1,7088,T
6-NA,640,6639,0,1,0,6640,A
6-NA,641,1,2,6637,0,6640,G
6-NA,642,1,6573,0,2,6576,T
6-NA,643,1,3,6501,0,6505,G
6-NA,644,1,6738,0,3,6742,T
6-NA,645,0,6752,0,1,6753,T
6-NA,646,5,2,6830,0,6837,G
6-NA,647,1,6811,1,5,6818,T
6-NA,648,0,6846,0,0,6846,T
6-NA,649,1,6843,0,0,6844,T
6-NA,650,31,2,1,6728,6762,C
6-NA,651,6743,0,2,1,6746,A
6-NA,652,0,6709,0,0,6709,T
6-NA,653,1,21,6691,0,6713,G
6-NA,654,0,0,7021,0,7021,G
6-NA,655,0,6917,0,5,6922,T
6-NA,656,42,0,0,6867,6909,C
6-NA,657,24,0,0,6920,6944,C
6-NA,658,6965,1,3,0,6969,A
6-NA,659,7020,1,6,0,7027,A
6-NA,660,7035,0,0,1,7036,A
6-NA,661,0,16,7045,0,7061,G
6-NA,662,7033,0,1,0,7034,A
6-NA,663,6853,0,1,1,6855,A
6-NA,664,6843,0,2,1,6846,A
6-NA,665,0,6807,0,0,6807,T
6-NA,666,22,2,0,6970,6994,C
6-NA,667,13,2,0,6986,7001,C
6-NA,668,2,6941,0,7,6950,T
6-NA,669,8,4,0,6975,6987,C
6-NA,670,6966,1,10,0,6977,A
6-NA,671,1,14,6995,0,7010,G
6-NA,672,1,22,6966,1,6990,G
6-NA,673,7111,0,4,0,7115,A
6-NA,674,5,2,0,7126,7133,C
6-NA,675,19,5,0,6994,7018,C
6-NA,676,16,0,0,7047,7063,C
6-NA,677,7054,0,4,0,7058,A
6-NA,678,2,16,7079,0,7097,G
6-NA,679,0,22,7108,0,7130,G
6-NA,680,7071,1,2,1,7075,A
6-NA,681,0,0,7180,0,7180,G
6-NA,682,1,7039,0,5,7045,T
6-NA,683,39,0,0,7040,7079,C
6-NA,684,7070,0,5,3,7078,A
6-NA,685,0,20,7121,1,7142,G
6-NA,686,7079,0,2,0,7081,A
6-NA,687,7080,0,2,1,7083,A
6-NA,688,0,7064,0,2,7066,T
6-NA,689,1,4,7105,0,7110,G
6-NA,690,2,4,0,7046,7052,C
6-NA,691,5,2,7108,0,7115,G
6-NA,692,0,7063,1,1,7065,T
6-NA,693,0,7092,0,3,7095,T
6-NA,694,1,7070,0,0,7071,T
6-NA,695,1,1,7097,0,7099,G
6-NA,696,0,7109,0,0,7109,T
6-NA,697,7109,0,1,0,7110,A
6-NA,698,0,7049,0,1,7050,T
6-NA,699,32,4,1,7036,7073,C
6-NA,700,7071,0,0,0,7071,A
6-NA,701,7053,0,0,1,7054,A
6-NA,702,1,7051,0,2,7054,T
6-NA,703,6,23,7033,0,7062,G
6-NA,704,0,36,7034,0,7070,G
6-NA,705,7159,0,2,0,7161,A
6-NA,706,7150,0,8,0,7158,A
6-NA,707,2,8,0,7229,7239,C
6-NA,708,0,7262,0,4,7266,T
6-NA,709,2,7247,1,0,7250,T
6-NA,710,1,3,7410,0,7414,G
6-NA,711,0,7404,0,2,7406,T
6-NA,712,7387,0,5,0,7392,A
6-NA,713,1,6,1,7469,7477,C
6-NA,714,7316,1,1,0,7318,A
6-NA,715,5,4,7770,0,7779,G
6-NA,716,0,7717,0,0,7717,T
6-NA,717,8012,0,1,0,8013,A
6-NA,718,1,2,8029,0,8032,G
6-NA,719,1,7882,1,3,7887,T
6-NA,720,7879,1,5,1,7886,A
6-NA,721,7871,0,0,2,7873,A
6-NA,722,0,7821,0,3,7824,T
6-NA,723,1,63,7799,1,7864,G
6-NA,724,7641,1,3,1,7646,A
6-NA,725,1,2,0,7730,7733,C
6-NA,726,0,7566,1,3,7570,T
6-NA,727,2,16,7590,1,7609,G
6-NA,728,7529,0,6,0,7535,A
6-NA,729,1,7607,0,3,7611,T
6-NA,730,3,36,7583,0,7622,G
6-NA,731,5,15,7530,1,7551,G
6-NA,732,2,27,7550,1,7580,G
6-NA,733,7411,1,7,0,7419,A
6-NA,734,1,2,7448,0,7451,G
6-NA,735,0,7414,0,3,7417,T
6-NA,736,0,1,7448,1,7450,G
6-NA,737,4,1,0,7481,7486,C
6-NA,738,0,7496,0,0,7496,T
6-NA,739,1,7498,0,1,7500,T
6-NA,740,20,1,0,7493,7514,C
6-NA,741,7493,9,4,1,7507,A
6-NA,742,5,11,7535,0,7551,G
6-NA,743,1,14,7529,0,7544,G
6-NA,744,7520,0,1,0,7521,A
6-NA,745,7475,2,5,0,7482,A
6-NA,746,7404,0,2,0,7406,A
6-NA,747,7419,0,16,0,7435,A
6-NA,748,0,2,7467,0,7469,G
6-NA,749,2,1,0,7457,7460,C
6-NA,750,0,7465,0,1,7466,T
6-NA,751,1,21,7432,0,7454,G
6-NA,752,7412,0,2,0,7414,A
6-NA,753,1,7515,0,0,7516,T
6-NA,754,7517,1,1,0,7519,A
6-NA,755,5,1,0,7761,7767,C
6-NA,756,2,7718,0,5,7725,T
6-NA,757,7750,0,2,0,7752,A
6-NA,758,7737,0,1,1,7739,A
6-NA,759,7735,0,0,0,7735,A
6-NA,760,7887,1,1,0,7889,A
6-NA,761,0,7907,0,3,7910,T
6-NA,762,7842,0,7,1,7850,A
6-NA,763,1,6,0,7911,7918,C
6-NA,764,0,7697,0,1,7698,T
6-NA,765,7752,0,1,1,7754,A
6-NA,766,0,7701,0,1,7702,T
6-NA,767,2,7978,0,1,7981,T
6-NA,768,39,3,1,8018,8061,C
6-NA,769,7912,0,1,0,7913,A
6-NA,770,0,7866,1,1,7868,T
6-NA,771,0,7893,0,7,7900,T
6-NA,772,6,22,7890,2,7920,G
6-NA,773,7828,1,3,0,7832,A
6-NA,774,1,20,7823,0,7844,G
6-NA,775,10,13,7809,0,7832,G
6-NA,776,7564,0,5,0,7569,A
6-NA,777,3,14,7724,1,7742,G
6-NA,778,1,23,7685,1,7710,G
6-NA,779,3,18,7693,2,7716,G
6-NA,780,3,22,7682,1,7708,G
6-NA,781,7692,0,3,0,7695,A
6-NA,782,7737,0,2,0,7739,A
6-NA,783,7702,0,1,0,7703,A
6-NA,784,7660,0,3,0,7663,A
6-NA,785,1,7624,0,1,7626,T
6-NA,786,28,3,0,7614,7645,C
6-NA,787,7,1,7687,1,7696,G
6-NA,788,0,7646,0,1,7647,T
6-NA,789,1,7642,0,4,7647,T
6-NA,790,59,0,1,7635,7695,C
6-NA,791,7686,0,0,0,7686,A
6-NA,792,0,8105,0,1,8106,T
6-NA,793,8084,1,0,0,8085,A
6-NA,794,1,2,0,8165,8168,C
6-NA,795,0,8132,0,5,8137,T
6-NA,796,8092,0,2,0,8094,A
6-NA,797,2,3,8088,0,8093,G
6-NA,798,1,3,0,8075,8079,C
6-NA,799,8070,0,3,0,8073,A
6-NA,800,0,2,0,8095,8097,C
6-NA,801,7846,0,2,1,7849,A
6-NA,802,1,7954,0,1,7956,T
6-NA,803,0,7940,1,2,7943,T
6-NA,804,1,3,8382,0,8386,G
6-NA,805,1,8333,1,6,8341,T
6-NA,806,69,3,0,8287,8359,C
6-NA,807,8357,1,5,0,8363,A
6-NA,808,2,13,8325,0,8340,G
6-NA,809,2,17,8305,0,8324,G
6-NA,810,8295,0,0,0,8295,A
6-NA,811,8180,0,1,1,8182,A
6-NA,812,1,1,8277,0,8279,G
6-NA,813,0,7749,0,1,7750,T
6-NA,814,2,7,7791,1,7801,G
6-NA,815,2,2,0,7763,7767,C
6-NA,816,1,7786,0,8,7795,T
6-NA,817,37,3,0,7751,7791,C
6-NA,818,7792,0,0,0,7792,A
6-NA,819,7641,1,1,0,7643,A
6-NA,820,2,2,0,7707,7711,C
6-NA,821,7768,0,0,1,7769,A
6-NA,822,0,7792,0,2,7794,T
6-NA,823,2,0,7944,0,7946,G
6-NA,824,0,7917,0,2,7919,T
6-NA,825,40,4,0,7885,7929,C
6-NA,826,8,11,7913,0,7932,G
6-NA,827,7865,0,1,1,7867,A
6-NA,828,2,10,7891,0,7903,G
6-NA,829,3,21,7888,1,7913,G
6-NA,830,7807,1,5,1,7814,A
6-NA,831,2,2,7875,0,7879,G
6-NA,832,1,7669,0,4,7674,T
6-NA,833,4,6,7704,0,7714,G
6-NA,834,5,2,0,7769,7776,C
6-NA,835,0,7765,0,4,7769,T
6-NA,836,39,1,2,7770,7812,C
6-NA,837,13,2,0,7827,7842,C
6-NA,838,1,7853,1,5,7860,T
6-NA,839,2,1,7890,1,7894,G
6-NA,840,3,1,0,7812,7816,C
6-NA,841,1,7791,0,6,7798,T
6-NA,842,7825,0,5,1,7831,A
6-NA,843,0,7592,0,88,7680,T
6-NA,844,9,1,0,7711,7721,C
6-NA,845,25,2,1,7684,7712,C
6-NA,846,1,7670,0,3,7674,T
6-NA,847,5,2,0,7748,7755,C
6-NA,848,6,20,7707,0,7733,G
6-NA,849,7768,0,2,1,7771,A
6-NA,850,0,7792,0,3,7795,T
6-NA,851,7784,0,2,1,7787,A
6-NA,852,0,7757,0,0,7757,T
6-NA,853,14,1,0,7750,7765,C
6-NA,854,14,1,2,7728,7745,C
6-NA,855,1,7695,1,4,7701,T
6-NA,856,1,12,7697,0,7710,G
6-NA,857,0,3,7700,0,7703,G
6-NA,858,0,7752,1,6,7759,T
6-NA,859,1,2,7785,0,7788,G
6-NA,860,0,7754,1,8,7763,T
6-NA,861,50,4,2,7724,7780,C
6-NA,862,7762,1,4,1,7768,A
6-NA,863,3,5,7775,0,7783,G
6-NA,864,7765,1,2,1,7769,A
6-NA,865,0,7670,2,1,7673,T
6-NA,866,4,2,7690,0,7696,G
6-NA,867,1,7570,2,2,7575,T
6-NA,868,4,2,7582,1,7589,G
6-NA,869,1,7542,1,5,7549,T
6-NA,870,20,2,0,7567,7589,C
6-NA,871,0,7560,1,7,7568,T
6-NA,872,5,1,7563,0,7569,G
6-NA,873,3,3,0,7552,7558,C
6-NA,874,7562,1,8,1,7572,A
6-NA,875,0,19,7550,2,7571,G
6-NA,876,7384,0,4,1,7389,A
6-NA,877,0,19,7416,1,7436,G
6-NA,878,7366,2,2,1,7371,A
6-NA,879,2,0,0,7454,7456,C
6-NA,880,7421,1,1,2,7425,A
6-NA,881,7432,2,2,1,7437,A
6-NA,882,2,1,0,7477,7480,C
6-NA,883,1,7461,0,1,7463,T
6-NA,884,1,16,7453,0,7470,G
6-NA,885,0,15,7432,0,7447,G
6-NA,886,7413,0,0,1,7414,A
6-NA,887,7413,1,3,1,7418,A
6-NA,888,7249,0,8,1,7258,A
6-NA,889,1,18,7201,0,7220,G
6-NA,890,2,21,7101,0,7124,G
6-NA,891,7006,0,3,1,7010,A
6-NA,892,1,7165,1,6,7173,T
6-NA,893,26,3,0,7191,7220,C
6-NA,894,33,4,0,7333,7370,C
6-NA,895,7390,0,3,1,7394,A
6-NA,896,7346,2,4,1,7353,A
6-NA,897,0,7391,2,2,7395,T
6-NA,898,7147,0,3,1,7151,A
6-NA,899,1,6,7114,0,7121,G
6-NA,900,0,3,7087,1,7091,G
6-NA,901,1,1,0,7069,7071,C
6-NA,902,7,0,0,7068,7075,C
6-NA,903,24,0,2,6864,6890,C
6-NA,904,6943,0,0,1,6944,A
6-NA,905,0,6951,1,3,6955,T
6-NA,906,7,23,1,6985,7016,C
6-NA,907,4,0,7042,0,7046,G
6-NA,908,0,7012,1,1,7014,T
6-NA,909,6841,0,2,0,6843,A
6-NA,910,0,7,7021,1,7029,G
6-NA,911,6978,1,0,0,6979,A
6-NA,912,0,7006,1,3,7010,T
6-NA,913,6857,0,1,1,6859,A
6-NA,914,0,6771,1,2,6774,T
6-NA,915,6783,0,1,0,6784,A
6-NA,916,6751,0,1,0,6752,A
6-NA,917,6895,0,2,0,6897,A
6-NA,918,2,1,0,7031,7034,C
6-NA,919,6850,1,0,0,6851,A
6-NA,920,0,6826,1,0,6827,T
6-NA,921,6787,0,2,0,6789,A
6-NA,922,6803,1,2,0,6806,A
6-NA,923,6786,1,3,0,6790,A
6-NA,924,0,10,6838,0,6848,G
6-NA,925,4,18,6850,0,6872,G
6-NA,926,6624,0,1,0,6625,A
6-NA,927,1,6617,1,1,6620,T
6-NA,928,28,1,0,6643,6672,C
6-NA,929,6695,0,5,0,6700,A
6-NA,930,0,6715,1,1,6717,T
6-NA,931,6710,1,3,0,6714,A
6-NA,932,1,2,6738,0,6741,G
6-NA,933,3,1,0,6615,6619,C
6-NA,934,6509,0,2,0,6511,A
6-NA,935,0,6293,0,2,6295,T
6-NA,936,0,6330,1,1,6332,T
6-NA,937,15,2,6423,0,6440,G
6-NA,938,0,6409,0,3,6412,T
6-NA,939,0,6441,0,0,6441,T
6-NA,940,0,6414,0,4,6418,T
6-NA,941,19,3,0,6345,6367,C
6-NA,942,12,4,0,6365,6381,C
6-NA,943,6403,0,2,0,6405,A
6-NA,944,0,0,6479,0,6479,G
6-NA,945,0,6439,1,1,6441,T
6-NA,946,0,6379,0,0,6379,T
6-NA,947,6367,0,0,0,6367,A
6-NA,948,0,6298,0,1,6299,T
6-NA,949,0,6198,1,1,6200,T
6-NA,950,0,6243,1,0,6244,T
6-NA,951,3,0,6262,0,6265,G
6-NA,952,0,6238,0,5,6243,T
6-NA,953,3,0,6349,0,6352,G
6-NA,954,0,6323,0,3,6326,T
6-NA,955,0,6291,0,3,6294,T
6-NA,956,39,1,0,6248,6288,C
6-NA,957,6259,1,5,0,6265,A
6-NA,958,2,23,6278,0,6303,G
6-NA,959,3,24,6257,0,6284,G
6-NA,960,6244,0,2,0,6246,A
6-NA,961,2,0,0,6258,6260,C
6-NA,962,0,6143,0,1,6144,T
6-NA,963,1,6168,0,2,6171,T
6-NA,964,0,0,6331,0,6331,G
6-NA,965,0,6305,0,3,6308,T
6-NA,966,0,6305,0,4,6309,T
6-NA,967,5,15,6235,0,6255,G
6-NA,968,3,21,6227,0,6251,G
6-NA,969,6222,1,17,0,6240,A
6-NA,970,0,23,6236,0,6259,G
6-NA,971,6220,0,8,0,6228,A
6-NA,972,2,3,0,6219,6224,C
6-NA,973,6031,0,4,0,6035,A
6-NA,974,1,3,0,6060,6064,C
6-NA,975,6035,0,5,3,6043,A
6-NA,976,4,2,0,6074,6080,C
6-NA,977,24,5,0,6000,6029,C
6-NA,978,12,1,0,6048,6061,C
6-NA,979,6059,0,5,0,6064,A
6-NA,980,0,15,6076,0,6091,G
6-NA,981,6084,0,1,0,6085,A
6-NA,982,6114,0,1,0,6115,A
6-NA,983,6083,0,0,0,6083,A
6-NA,984,6066,0,0,0,6066,A
6-NA,985,6022,0,3,0,6025,A
6-NA,986,6031,0,1,4,6036,A
6-NA,987,1,9,0,6053,6063,C
6-NA,988,1,41,6006,0,6048,G
6-NA,989,6063,0,0,0,6063,A
6-NA,990,2,1,0,6056,6059,C
6-NA,991,6036,1,7,1,6045,A
6-NA,992,3,2,6081,0,6086,G
6-NA,993,1,1,0,6225,6227,C
6-NA,994,1,6154,0,4,6159,T
6-NA,995,16,1,0,6204,6221,C
6-NA,996,8,2,0,6238,6248,C
6-NA,997,6260,0,2,0,6262,A
6-NA,998,3,0,6293,0,6296,G
6-NA,999,4,2,0,6272,6278,C
6-NA,1000,6258,0,1,0,6259,A
6-NA,1001,0,1,6292,1,6294,G
6-NA,1002,0,6050,0,10,6060,T
6-NA,1003,6038,0,1,0,6039,A
6-NA,1004,0,5,6087,1,6093,G
6-NA,1005,2,5,0,6016,6023,C
6-NA,1006,15,2,0,6053,6070,C
6-NA,1007,5995,0,1,0,5996,A
6-NA,1008,0,5977,0,1,5978,T
6-NA,1009,1,5985,0,2,5988,T
6-NA,1010,2,1,6098,0,6101,G
6-NA,1011,0,6056,1,1,6058,T
6-NA,1012,0,6044,0,0,6044,T
6-NA,1013,5,6024,0,0,6029,T
6-NA,1014,2,21,5968,0,5991,G
6-NA,1015,3,10,6032,0,6045,G
6-NA,1016,5977,0,4,0,5981,A
6-NA,1017,1,6023,0,2,6026,T
6-NA,1018,14,2,0,6018,6034,C
6-NA,1019,11,0,0,5954,5965,C
6-NA,1020,7,5927,1,13,5948,T
6-NA,1021,5967,0,6,0,5973,A
6-NA,1022,5981,0,1,1,5983,A
6-NA,1023,2,2,1,6051,6056,C
6-NA,1024,5983,0,1,0,5984,A
6-NA,1025,5989,0,0,0,5989,A
6-NA,1026,0,5955,1,2,5958,T
6-NA,1027,0,14,5958,0,5972,G
6-NA,1028,5891,0,5,0,5896,A
6-NA,1029,1,10,5741,0,5752,G
6-NA,1030,1,9,5814,0,5824,G
6-NA,1031,5815,1,3,1,5820,A
6-NA,1032,5839,1,5,0,5845,A
6-NA,1033,5,7,5889,0,5901,G
6-NA,1034,0,1,5928,0,5929,G
6-NA,1035,0,5806,1,2,5809,T
6-NA,1036,2,22,5824,0,5848,G
6-NA,1037,5727,0,5,0,5732,A
6-NA,1038,1,5772,1,0,5774,T
6-NA,1039,32,0,0,5773,5805,C
6-NA,1040,5815,0,0,0,5815,A
6-NA,1041,0,5799,1,0,5800,T
6-NA,1042,0,11,5752,0,5763,G
6-NA,1043,0,11,5704,1,5716,G
6-NA,1044,6,9,5567,0,5582,G
6-NA,1045,2,2,5791,0,5795,G
6-NA,1046,1,5781,1,4,5787,T
6-NA,1047,2,14,5794,0,5810,G
6-NA,1048,5768,0,0,0,5768,A
6-NA,1049,5775,1,4,0,5780,A
6-NA,1050,5805,0,10,0,5815,A
6-NA,1051,0,11,5810,0,5821,G
6-NA,1052,1,1,5755,0,5757,G
6-NA,1053,2,0,0,5724,5726,C
6-NA,1054,1,5586,1,3,5591,T
6-NA,1055,1,7,5593,0,5601,G
6-NA,1056,2,14,5591,0,5607,G
6-NA,1057,2,2,5628,0,5632,G
6-NA,1058,3,2,2,5602,5609,C
6-NA,1059,6,0,0,5654,5660,C
6-NA,1060,0,5542,2,6,5550,T
6-NA,1061,2,5584,1,1,5588,T
6-NA,1062,1,5617,2,2,5622,T
6-NA,1063,0,14,5631,0,5645,G
6-NA,1064,5629,0,0,0,5629,A
6-NA,1065,0,5594,1,1,5596,T
6-NA,1066,1,12,5517,0,5530,G
6-NA,1067,5460,0,4,0,5464,A
6-NA,1068,0,5488,1,0,5489,T
6-NA,1069,2,9,5504,0,5515,G
6-NA,1070,2,13,5533,0,5548,G
6-NA,1071,5529,1,4,0,5534,A
6-NA,1072,5516,0,2,0,5518,A
6-NA,1073,5541,0,1,0,5542,A
6-NA,1074,0,5502,0,1,5503,T
6-NA,1075,2,20,5522,0,5544,G
6-NA,1076,5488,0,6,0,5494,A
6-NA,1077,0,3,0,5510,5513,C
6-NA,1078,4,1,5532,0,5537,G
6-NA,1079,0,5403,1,3,5407,T
6-NA,1080,2,0,5449,0,5451,G
6-NA,1081,0,5440,2,1,5443,T
6-NA,1082,5,18,5421,0,5444,G
6-NA,1083,2,10,5460,0,5472,G
6-NA,1084,5410,0,6,0,5416,A
6-NA,1085,0,5404,2,4,5410,T
6-NA,1086,3,14,5396,2,5415,G
6-NA,1087,1,7,5383,0,5391,G
6-NA,1088,0,5,5414,1,5420,G
6-NA,1089,5378,0,2,0,5380,A
6-NA,1090,5361,0,2,0,5363,A
6-NA,1091,0,24,5345,0,5369,G
6-NA,1092,5300,0,1,0,5301,A
6-NA,1093,5294,0,7,0,5301,A
6-NA,1094,1,2,0,5303,5306,C
6-NA,1095,3,25,5263,0,5291,G
6-NA,1096,5253,1,0,0,5254,A
6-NA,1097,0,5153,1,0,5154,T
6-NA,1098,22,0,0,5174,5196,C
6-NA,1099,5185,0,2,0,5187,A
6-NA,1100,0,1,5195,0,5196,G
6-NA,1101,2,15,0,5152,5169,C
6-NA,1102,4,9,5181,0,5194,G
6-NA,1103,5169,0,3,0,5172,A
6-NA,1104,1,11,5163,0,5175,G
6-NA,1105,5172,0,0,1,5173,A
6-NA,1106,5167,0,1,1,5169,A
6-NA,1107,0,1,5184,0,5185,G
6-NA,1108,0,5121,0,2,5123,T
6-NA,1109,31,0,0,5084,5115,C
6-NA,1110,5103,0,3,0,5106,A
6-NA,1111,4,1,0,5206,5211,C
6-NA,1112,1,0,5216,0,5217,G
6-NA,1113,2,1,0,5199,5202,C
6-NA,1114,0,5174,1,2,5177,T
6-NA,1115,0,5199,0,0,5199,T
6-NA,1116,5125,0,2,0,5127,A
6-NA,1117,2,13,5189,0,5204,G
6-NA,1118,1,14,5165,0,5180,G
6-NA,1119,0,0,5287,0,5287,G
6-NA,1120,0,4944,0,4,4948,T
6-NA,1121,4969,0,1,0,4970,A
6-NA,1122,0,4941,0,1,4942,T
6-NA,1123,3,17,4945,0,4965,G
6-NA,1124,4959,0,4,0,4963,A
6-NA,1125,4933,0,1,0,4934,A
6-NA,1126,4680,0,3,0,4683,A
6-NA,1127,1,0,1,4655,4657,C
6-NA,1128,10,1,0,4465,4476,C
6-NA,1129,0,4352,0,2,4354,T
6-NA,1130,1,4345,0,1,4347,T
6-NA,1131,9,1,1,4351,4362,C
6-NA,1132,4380,1,1,0,4382,A
6-NA,1133,4382,0,0,0,4382,A
6-NA,1134,4370,1,2,0,4373,A
6-NA,1135,1,1,4400,0,4402,G
6-NA,1136,1,4293,0,4,4298,T
6-NA,1137,32,0,2,4297,4331,C
6-NA,1138,4358,1,0,0,4359,A
6-NA,1139,0,4359,0,1,4360,T
6-NA,1140,0,4370,0,0,4370,T
6-NA,1141,1,6,4370,1,4378,G
6-NA,1142,4348,0,2,0,4350,A
6-NA,1143,4354,0,3,0,4357,A
6-NA,1144,0,9,4350,0,4359,G
6-NA,1145,1,1,4350,0,4352,G
6-NA,1146,2,0,0,4342,4344,C
6-NA,1147,0,4238,0,2,4240,T
6-NA,1148,0,8,4291,0,4299,G
6-NA,1149,1,2,4391,1,4395,G
6-NA,1150,0,4380,0,5,4385,T
6-NA,1151,25,2,0,4338,4365,C
6-NA,1152,0,4336,0,2,4338,T
6-NA,1153,4356,1,1,0,4358,A
6-NA,1154,4339,0,0,1,4340,A
6-NA,1155,2,2,0,4373,4377,C
6-NA,1156,16,0,0,4341,4357,C
6-NA,1157,21,0,0,4295,4316,C
6-NA,1158,0,4038,0,7,4045,T
6-NA,1159,4052,0,4,0,4056,A
6-NA,1160,4025,0,1,0,4026,A
6-NA,1161,0,2,4060,0,4062,G
6-NA,1162,0,3964,0,8,3972,T
6-NA,1163,13,1,0,3980,3994,C
6-NA,1164,16,0,0,3932,3948,C
6-NA,1165,3959,0,2,0,3961,A
6-NA,1166,3945,0,1,0,3946,A
6-NA,1167,3951,0,0,0,3951,A
6-NA,1168,0,3928,0,2,3930,T
6-NA,1169,0,3933,0,1,3934,T
6-NA,1170,1,0,3903,0,3904,G
6-NA,1171,1,1,0,3884,3886,C
6-NA,1172,3878,2,1,0,3881,A
6-NA,1173,0,11,3884,0,3895,G
6-NA,1174,3882,1,0,0,3883,A
6-NA,1175,0,3928,0,0,3928,T
6-NA,1176,3946,0,0,1,3947,A
6-NA,1177,3931,0,1,0,3932,A
6-NA,1178,3942,0,0,0,3942,A
6-NA,1179,0,3905,0,1,3906,T
6-NA,1180,3897,0,1,1,3899,A
6-NA,1181,1,12,3872,0,3885,G
6-NA,1182,0,3,3854,0,3857,G
6-NA,1183,0,1,0,3826,3827,C
6-NA,1184,3726,0,4,0,3730,A
6-NA,1185,3743,0,3,0,3746,A
6-NA,1186,1,0,3767,2,3770,G
6-NA,1187,0,3752,0,8,3760,T
6-NA,1188,40,0,1,3708,3749,C
6-NA,1189,3760,0,3,0,3763,A
6-NA,1190,0,3749,0,1,3750,T
6-NA,1191,3785,0,2,0,3787,A
6-NA,1192,1,0,3796,0,3797,G
6-NA,1193,0,3778,0,2,3780,T
6-NA,1194,0,3617,0,2,3619,T
6-NA,1195,0,14,3554,1,3569,G
6-NA,1196,3527,0,3,0,3530,A
6-NA,1197,5,0,0,3528,3533,C
6-NA,1198,3469,0,0,0,3469,A
6-NA,1199,1,4,3506,0,3511,G
6-NA,1200,3452,0,4,0,3456,A
6-NA,1201,1,4,3554,0,3559,G
6-NA,1202,6,1,3549,0,3556,G
6-NA,1203,0,3518,0,2,3520,T
6-NA,1204,3524,0,1,0,3525,A
6-NA,1205,3505,0,3,0,3508,A
6-NA,1206,0,3504,0,0,3504,T
6-NA,1207,3487,0,1,0,3488,A
6-NA,1208,0,6,3375,0,3381,G
6-NA,1209,1,1,3268,0,3270,G
6-NA,1210,1,2866,0,0,2867,T
6-NA,1211,18,0,0,2835,2853,C
6-NA,1212,10,0,0,2812,2822,C
6-NA,1213,2,4,2825,0,2831,G
6-NA,1214,0,1,2843,0,2844,G
6-NA,1215,0,2830,0,1,2831,T
6-NA,1216,0,2832,0,0,2832,T
6-NA,1217,2790,0,0,0,2790,A
6-NA,1218,0,2713,0,0,2713,T
6-NA,1219,0,2713,0,0,2713,T
6-NA,1220,11,0,0,2699,2710,C
6-NA,1221,0,2587,0,1,2588,T
6-NA,1222,0,7,2582,0,2589,G
6-NA,1223,0,0,2588,0,2588,G
6-NA,1224,0,2575,0,3,2578,T
6-NA,1225,2583,0,0,0,2583,A
6-NA,1226,0,2542,0,1,2543,T
6-NA,1227,0,2529,0,2,2531,T
6-NA,1228,1,2527,0,0,2528,T
6-NA,1229,0,2532,0,1,2533,T
6-NA,1230,4,2,0,2536,2542,C
6-NA,1231,0,2483,0,3,2486,T
6-NA,1232,12,1,0,2505,2518,C
6-NA,1233,2,2500,0,0,2502,T
6-NA,1234,0,0,2550,0,2550,G
6-NA,1235,0,2537,0,2,2539,T
6-NA,1236,0,2522,0,1,2523,T
6-NA,1237,1,5,2529,0,2535,G
6-NA,1238,2519,0,0,0,2519,A
6-NA,1239,2518,1,1,0,2520,A
6-NA,1240,0,8,2529,0,2537,G
6-NA,1241,0,0,2519,0,2519,G
6-NA,1242,2,3,0,2519,2524,C
6-NA,1243,2490,0,1,0,2491,A
6-NA,1244,2497,0,2,0,2499,A
6-NA,1245,2514,0,1,0,2515,A
6-NA,1246,2520,0,4,0,2524,A
6-NA,1247,1,0,2517,0,2518,G
6-NA,1248,2,0,0,2506,2508,C
6-NA,1249,0,2476,0,2,2478,T
6-NA,1250,1,1,2506,0,2508,G
6-NA,1251,3,1,0,2502,2506,C
6-NA,1252,2508,0,1,0,2509,A
6-NA,1253,0,2486,0,1,2487,T
6-NA,1254,6,1,0,2475,2482,C
6-NA,1255,2476,0,0,0,2476,A
6-NA,1256,2482,0,0,0,2482,A
6-NA,1257,0,2470,0,0,2470,T
6-NA,1258,9,2,0,2474,2485,C
6-NA,1259,2,2,2451,0,2455,G
6-NA,1260,1,1,2488,0,2490,G
6-NA,1261,0,2485,1,1,2487,T
6-NA,1262,1,1,2488,0,2490,G
6-NA,1263,1,0,0,2490,2491,C
6-NA,1264,0,2475,0,8,2483,T
6-NA,1265,0,2507,1,0,2508,T
6-NA,1266,0,2510,0,1,2511,T
6-NA,1267,0,2507,0,0,2507,T
6-NA,1268,2532,0,0,0,2532,A
6-NA,1269,0,2431,0,1,2432,T
6-NA,1270,0,0,2438,0,2438,G
6-NA,1271,0,2398,0,3,2401,T
6-NA,1272,0,10,2364,0,2374,G
6-NA,1273,0,7,2401,0,2408,G
6-NA,1274,2343,0,1,0,2344,A
6-NA,1275,1,0,2382,0,2383,G
6-NA,1276,0,2374,1,0,2375,T
6-NA,1277,0,2356,0,2,2358,T
6-NA,1278,0,7,2379,0,2386,G
6-NA,1279,2378,0,1,0,2379,A
6-NA,1280,0,2378,1,0,2379,T
6-NA,1281,2365,0,0,0,2365,A
6-NA,1282,2291,0,2,0,2293,A
6-NA,1283,0,2,2309,0,2311,G
6-NA,1284,0,14,2251,0,2265,G
6-NA,1285,1,3,2246,0,2250,G
6-NA,1286,0,1,2244,0,2245,G
6-NA,1287,2205,0,1,0,2206,A
6-NA,1288,2203,0,4,0,2207,A
6-NA,1289,0,10,2218,0,2228,G
6-NA,1290,2227,0,0,0,2227,A
6-NA,1291,2221,0,0,0,2221,A
6-NA,1292,2189,0,0,0,2189,A
6-NA,1293,2150,0,3,1,2154,A
6-NA,1294,0,6,2151,0,2157,G
6-NA,1295,2121,0,2,0,2123,A
6-NA,1296,0,3,2126,0,2129,G
6-NA,1297,0,4,2122,0,2126,G
6-NA,1298,2104,0,1,0,2105,A
6-NA,1299,2103,0,1,2,2106,A
6-NA,1300,2090,0,2,0,2092,A
6-NA,1301,0,0,0,2105,2105,C
6-NA,1302,0,2092,0,1,2093,T
6-NA,1303,1,4,2104,0,2109,G
6-NA,1304,2098,0,0,0,2098,A
6-NA,1305,2092,0,3,0,2095,A
6-NA,1306,0,0,2104,0,2104,G
6-NA,1307,0,2061,0,2,2063,T
6-NA,1308,12,0,0,2073,2085,C
6-NA,1309,1,2070,0,3,2074,T
6-NA,1310,1,2078,0,0,2079,T
6-NA,1311,0,0,2085,0,2085,G
6-NA,1312,0,2063,0,5,2068,T
6-NA,1313,3,6,2064,0,2073,G
6-NA,1314,1,9,2054,0,2064,G
6-NA,1315,2016,0,1,0,2017,A
6-NA,1316,1,0,0,2026,2027,C
6-NA,1317,6,1,0,1974,1981,C
6-NA,1318,1,1984,0,2,1987,T
6-NA,1319,8,1,0,1985,1994,C
6-NA,1320,2011,0,2,1,2014,A
6-NA,1321,2009,0,0,0,2009,A
6-NA,1322,1999,0,0,0,1999,A
6-NA,1323,1,0,0,2024,2025,C
6-NA,1324,1971,0,0,0,1971,A
6-NA,1325,0,0,1991,0,1991,G
6-NA,1326,1,1953,0,0,1954,T
6-NA,1327,1956,0,2,0,1958,A
6-NA,1328,0,1953,0,0,1953,T
6-NA,1329,0,1935,0,1,1936,T
6-NA,1330,2,1,1947,0,1950,G
6-NA,1331,0,1934,0,3,1937,T
6-NA,1332,0,1842,0,0,1842,T
6-NA,1333,3,0,1849,0,1852,G
6-NA,1334,0,1736,0,1,1737,T
6-NA,1335,0,0,1741,0,1741,G
6-NA,1336,0,1726,0,1,1727,T
6-NA,1337,0,1707,0,0,1707,T
6-NA,1338,0,1702,0,0,1702,T
6-NA,1339,0,1651,0,0,1651,T
6-NA,1340,0,0,1662,0,1662,G
6-NA,1341,0,1655,0,1,1656,T
6-NA,1342,0,4,1643,0,1647,G
6-NA,1343,0,1,1643,0,1644,G
6-NA,1344,2,2,0,1598,1602,C
6-NA,1345,1586,0,1,0,1587,A
6-NA,1346,0,0,0,1606,1606,C
6-NA,1347,5,0,0,1600,1605,C
6-NA,1348,0,1600,0,0,1600,T
6-NA,1349,8,0,0,1599,1607,C
6-NA,1350,1621,0,1,0,1622,A
6-NA,1351,1,5,1616,0,1622,G
6-NA,1352,0,1,1619,0,1620,G
6-NA,1353,0,1614,0,0,1614,T
6-NA,1354,1600,0,0,0,1600,A
6-NA,1355,1,0,0,1534,1535,C
6-NA,1356,1517,1,0,0,1518,A
6-NA,1357,0,1509,0,1,1510,T
6-NA,1358,1470,0,2,0,1472,A
6-NA,1359,0,1463,0,2,1465,T
6-NA,1360,0,0,1362,0,1362,G
6-NA,1361,0,6,1361,0,1367,G
6-NA,1362,1357,0,0,0,1357,A
6-NA,1363,1335,0,1,0,1336,A
6-NA,1364,0,0,0,1325,1325,C
6-NA,1365,1138,0,0,0,1138,A
6-NA,1366,0,2,1141,0,1143,G
6-NA,1367,0,0,1125,0,1125,G
6-NA,1368,0,0,0,1110,1110,C
6-NA,1369,0,1126,0,0,1126,T
6-NA,1370,2,2,1,1082,1087,C
6-NA,1371,1079,0,0,0,1079,A
6-NA,1372,0,1077,0,2,1079,T
6-NA,1373,0,2,1076,0,1078,G
6-NA,1374,0,0,1076,0,1076,G
6-NA,1375,1,0,0,1021,1022,C
6-NA,1376,2,1,0,1005,1008,C
6-NA,1377,0,952,0,1,953,T
6-NA,1378,0,3,949,0,952,G
6-NA,1379,947,0,0,0,947,A
6-NA,1380,0,951,0,0,951,T
6-NA,1381,1,1,923,0,925,G
6-NA,1382,0,0,910,0,910,G
6-NA,1383,1,3,860,0,864,G
6-NA,1384,0,0,864,0,864,G
6-NA,1385,0,0,0,830,830,C
6-NA,1386,0,2,844,0,846,G
6-NA,1387,0,1,828,0,829,G
6-NA,1388,814,0,2,0,816,A
6-NA,1389,0,1,0,810,811,C
6-NA,1390,812,0,0,0,812,A
6-NA,1391,0,787,0,1,788,T
6-NA,1392,4,0,0,760,764,C
6-NA,1393,763,0,0,0,763,A
6-NA,1394,764,0,0,0,764,A
6-NA,1395,0,750,0,1,751,T
6-NA,1396,1,0,0,739,740,C
6-NA,1397,0,710,0,0,710,T
6-NA,1398,2,0,0,596,598,C
6-NA,1399,598,0,0,0,598,A
6-NA,1400,0,590,0,0,590,T
6-NA,1401,0,0,588,0,588,G
6-NA,1402,0,0,0,577,577,C
6-NA,1403,4,0,0,564,568,C
6-NA,1404,0,508,0,1,509,T
6-NA,1405,500,0,1,0,501,A
6-NA,1406,0,503,0,1,504,T
6-NA,1407,494,0,0,0,494,A
6-NA,1408,0,490,0,0,490,T
6-NA,1409,454,0,0,0,454,A
6-NA,1410,439,0,0,0,439,A
7-M,1,86,0,0,0,86,A
7-M,2,0,85,0,0,85,T
7-M,3,0,0,86,0,86,G
7-M,4,91,0,0,0,91,A
7-M,5,0,0,97,0,97,G
7-M,6,0,0,0,99,99,C
7-M,7,0,0,0,103,103,C
7-M,8,0,129,0,1,130,T
7-M,9,0,129,0,0,129,T
7-M,10,0,0,0,131,131,C
7-M,11,0,130,0,0,130,T
7-M,12,132,0,0,0,132,A
7-M,13,134,0,0,0,134,A
7-M,14,0,0,0,131,131,C
7-M,15,0,0,0,134,134,C
7-M,16,0,0,133,0,133,G
7-M,17,129,0,0,0,129,A
7-M,18,0,1,134,0,135,G
7-M,19,0,0,139,0,139,G
7-M,20,0,141,0,0,141,T
7-M,21,1,0,0,143,144,C
7-M,22,0,0,142,0,142,G
7-M,23,148,0,0,0,148,A
7-M,24,151,0,0,0,151,A
7-M,25,150,0,0,0,150,A
7-M,26,0,0,0,169,169,C
7-M,27,0,0,168,0,168,G
7-M,28,0,167,0,0,167,T
7-M,29,176,0,0,0,176,A
7-M,30,0,176,0,0,176,T
7-M,31,0,0,184,0,184,G
7-M,32,0,188,0,0,188,T
7-M,33,0,207,0,0,207,T
7-M,34,1,0,0,211,212,C
7-M,35,0,217,0,0,217,T
7-M,36,0,0,0,236,236,C
7-M,37,0,237,0,0,237,T
7-M,38,0,0,0,252,252,C
7-M,39,0,252,0,0,252,T
7-M,40,255,0,0,0,255,A
7-M,41,1,254,0,0,255,T
7-M,42,0,0,0,261,261,C
7-M,43,1,1,258,0,260,G
7-M,44,0,268,0,0,268,T
7-M,45,0,266,0,1,267,T
7-M,46,0,0,0,276,276,C
7-M,47,1,0,0,284,285,C
7-M,48,288,0,1,0,289,A
7-M,49,0,288,0,0,288,T
7-M,50,0,0,0,290,290,C
7-M,51,288,0,0,0,288,A
7-M,52,0,0,284,0,284,G
7-M,53,0,1,284,0,285,G
7-M,54,0,0,0,292,292,C
7-M,55,0,0,0,289,289,C
7-M,56,0,0,0,299,299,C
7-M,57,0,0,0,307,307,C
7-M,58,0,0,0,313,313,C
7-M,59,0,312,0,0,312,T
7-M,60,1,0,0,311,312,C
7-M,61,313,0,0,0,313,A
7-M,62,312,0,0,0,312,A
7-M,63,319,0,0,0,319,A
7-M,64,0,0,326,0,326,G
7-M,65,0,0,0,325,325,C
7-M,66,1,0,0,323,324,C
7-M,67,0,1,323,0,324,G
7-M,68,325,0,1,0,326,A
7-M,69,1,1,326,0,328,G
7-M,70,329,0,0,0,329,A
7-M,71,0,327,0,0,327,T
7-M,72,0,0,0,333,333,C
7-M,73,0,0,334,0,334,G
7-M,74,0,0,0,340,340,C
7-M,75,0,0,342,0,342,G
7-M,76,0,0,0,340,340,C
7-M,77,339,0,0,0,339,A
7-M,78,0,1,343,0,344,G
7-M,79,335,0,0,0,335,A
7-M,80,0,1,361,0,362,G
7-M,81,357,0,0,0,357,A
7-M,82,0,0,0,375,375,C
7-M,83,0,377,0,0,377,T
7-M,84,0,377,0,0,377,T
7-M,85,0,2,377,0,379,G
7-M,86,382,0,0,0,382,A
7-M,87,381,0,0,0,381,A
7-M,88,0,0,385,0,385,G
7-M,89,377,0,0,0,377,A
7-M,90,0,378,0,0,378,T
7-M,91,0,0,385,0,385,G
7-M,92,0,385,0,0,385,T
7-M,93,0,1,0,388,389,C
7-M,94,0,387,0,0,387,T
7-M,95,0,387,0,0,387,T
7-M,96,0,387,0,0,387,T
7-M,97,0,0,383,0,383,G
7-M,98,0,0,0,385,385,C
7-M,99,0,383,0,0,383,T
7-M,100,0,1,383,0,384,G
7-M,101,0,1,376,0,377,G
7-M,102,377,0,1,0,378,A
7-M,103,397,0,0,0,397,A
7-M,104,398,0,0,0,398,A
7-M,105,396,0,0,0,396,A
7-M,106,398,0,0,0,398,A
7-M,107,401,0,0,0,401,A
7-M,108,0,0,0,413,413,C
7-M,109,410,0,0,0,410,A
7-M,110,0,0,0,413,413,C
7-M,111,405,0,1,0,406,A
7-M,112,0,0,417,0,417,G
7-M,113,420,0,0,0,420,A
7-M,114,0,430,0,0,430,T
7-M,115,0,0,0,436,436,C
7-M,116,0,436,0,0,436,T
7-M,117,0,434,0,0,434,T
7-M,118,0,0,436,0,436,G
7-M,119,435,0,0,0,435,A
7-M,120,0,0,434,0,434,G
7-M,121,0,0,434,0,434,G
7-M,122,0,0,0,441,441,C
7-M,123,0,436,0,0,436,T
7-M,124,1,0,0,475,476,C
7-M,125,0,477,0,0,477,T
7-M,126,2,1,0,475,478,C
7-M,127,479,0,1,0,480,A
7-M,128,1,479,0,0,480,T
7-M,129,0,2,480,0,482,G
7-M,130,0,1,481,0,482,G
7-M,131,487,0,0,0,487,A
7-M,132,485,0,0,0,485,A
7-M,133,0,469,0,0,469,T
7-M,134,1,3,487,0,491,G
7-M,135,0,0,508,0,508,G
7-M,136,0,0,0,506,506,C
7-M,137,0,510,0,0,510,T
7-M,138,509,0,1,0,510,A
7-M,139,507,0,0,0,507,A
7-M,140,522,0,0,0,522,A
7-M,141,0,2,528,1,531,G
7-M,142,537,0,0,0,537,A
7-M,143,0,0,0,535,535,C
7-M,144,521,0,0,0,521,A
7-M,145,524,0,0,0,524,A
7-M,146,0,2,536,0,538,G
7-M,147,537,0,0,0,537,A
7-M,148,0,0,0,538,538,C
7-M,149,2,1,1,535,539,C
7-M,150,541,0,0,0,541,A
7-M,151,546,0,0,0,546,A
7-M,152,0,546,0,0,546,T
7-M,153,0,551,0,0,551,T
7-M,154,1,0,0,553,554,C
7-M,155,0,551,0,0,551,T
7-M,156,0,0,557,0,557,G
7-M,157,0,553,0,1,554,T
7-M,158,3,0,0,555,558,C
7-M,159,553,0,0,0,553,A
7-M,160,0,0,0,559,559,C
7-M,161,3,1,0,555,559,C
7-M,162,0,558,0,0,558,T
7-M,163,0,0,0,560,560,C
7-M,164,0,557,0,0,557,T
7-M,165,0,2,574,0,576,G
7-M,166,580,1,0,0,581,A
7-M,167,0,0,0,585,585,C
7-M,168,0,585,0,0,585,T
7-M,169,581,0,0,0,581,A
7-M,170,576,0,0,0,576,A
7-M,171,573,0,0,0,573,A
7-M,172,1,1,572,0,574,G
7-M,173,0,1,574,0,575,G
7-M,174,0,5,579,0,584,G
7-M,175,583,0,0,0,583,A
7-M,176,0,591,0,0,591,T
7-M,177,0,592,0,0,592,T
7-M,178,0,594,0,0,594,T
7-M,179,0,594,0,0,594,T
7-M,180,0,0,594,0,594,G
7-M,181,0,1,588,0,589,G
7-M,182,0,0,592,0,592,G
7-M,183,0,1,595,0,596,G
7-M,184,0,585,0,0,585,T
7-M,185,0,585,0,0,585,T
7-M,186,0,590,0,0,590,T
7-M,187,0,0,595,0,595,G
7-M,188,0,598,0,0,598,T
7-M,189,0,0,605,0,605,G
7-M,190,0,602,0,0,602,T
7-M,191,0,601,0,0,601,T
7-M,192,6,0,0,602,608,C
7-M,193,610,0,0,0,610,A
7-M,194,0,0,0,624,624,C
7-M,195,0,0,613,0,613,G
7-M,196,0,2,0,620,622,C
7-M,197,0,617,0,0,617,T
7-M,198,4,0,0,636,640,C
7-M,199,641,0,0,0,641,A
7-M,200,0,0,0,649,649,C
7-M,201,0,0,0,648,648,C
7-M,202,0,0,649,0,649,G
7-M,203,0,655,0,0,655,T
7-M,204,0,0,652,0,652,G
7-M,205,1,0,0,653,654,C
7-M,206,4,0,0,645,649,C
7-M,207,3,0,0,659,662,C
7-M,208,658,0,0,0,658,A
7-M,209,0,0,666,0,666,G
7-M,210,0,659,0,0,659,T
7-M,211,0,3,665,0,668,G
7-M,212,677,0,0,0,677,A
7-M,213,0,1,680,0,681,G
7-M,214,0,2,0,678,680,C
7-M,215,1,1,675,0,677,G
7-M,216,679,1,0,0,680,A
7-M,217,0,0,682,0,682,G
7-M,218,0,1,673,0,674,G
7-M,219,671,1,1,1,674,A
7-M,220,0,0,0,676,676,C
7-M,221,0,666,0,0,666,T
7-M,222,1,0,677,0,678,G
7-M,223,0,0,1,673,674,C
7-M,224,676,0,0,0,676,A
7-M,225,1,0,690,0,691,G
7-M,226,0,0,0,687,687,C
7-M,227,2,0,694,0,696,G
7-M,228,0,697,0,0,697,T
7-M,229,695,0,0,0,695,A
7-M,230,0,2,690,0,692,G
7-M,231,690,0,0,0,690,A
7-M,232,0,1,0,695,696,C
7-M,233,0,0,694,0,694,G
7-M,234,0,0,0,692,692,C
7-M,235,0,683,0,1,684,T
7-M,236,0,685,0,0,685,T
7-M,237,0,682,0,0,682,T
7-M,238,0,0,704,0,704,G
7-M,239,0,703,0,0,703,T
7-M,240,2,0,0,699,701,C
7-M,241,3,0,0,701,704,C
7-M,242,701,0,0,0,701,A
7-M,243,704,0,0,0,704,A
7-M,244,701,0,0,0,701,A
7-M,245,698,0,0,0,698,A
7-M,246,0,699,0,0,699,T
7-M,247,0,0,695,0,695,G
7-M,248,0,0,0,689,689,C
7-M,249,1,0,0,685,686,C
7-M,250,1,0,0,695,696,C
7-M,251,2,693,0,1,696,T
7-M,252,2,3,0,709,714,C
7-M,253,719,0,0,0,719,A
7-M,254,726,0,0,1,727,A
7-M,255,0,747,0,0,747,T
7-M,256,0,3,740,0,743,G
7-M,257,0,0,743,0,743,G
7-M,258,0,730,0,1,731,T
7-M,259,766,0,1,0,767,A
7-M,260,764,0,0,0,764,A
7-M,261,0,766,0,0,766,T
7-M,262,0,3,767,0,770,G
7-M,263,1,3,765,0,769,G
7-M,264,746,0,0,0,746,A
7-M,265,0,2,744,0,746,G
7-M,266,741,0,1,0,742,A
7-M,267,0,1,0,738,739,C
7-M,268,3,0,0,767,770,C
7-M,269,6,0,0,768,774,C
7-M,270,785,0,0,0,785,A
7-M,271,785,0,1,0,786,A
7-M,272,787,0,0,0,787,A
7-M,273,0,786,0,0,786,T
7-M,274,806,0,0,0,806,A
7-M,275,807,0,0,0,807,A
7-M,276,0,2,0,798,800,C
7-M,277,790,1,1,0,792,A
7-M,278,0,790,0,0,790,T
7-M,279,0,5,793,0,798,G
7-M,280,0,4,789,0,793,G
7-M,281,792,0,0,0,792,A
7-M,282,0,0,0,797,797,C
7-M,283,785,0,0,0,785,A
7-M,284,788,0,1,0,789,A
7-M,285,789,0,2,0,791,A
7-M,286,0,0,799,0,799,G
7-M,287,0,0,0,804,804,C
7-M,288,797,0,0,0,797,A
7-M,289,0,0,807,0,807,G
7-M,290,0,805,0,1,806,T
7-M,291,0,808,0,1,809,T
7-M,292,813,0,0,0,813,A
7-M,293,812,0,1,0,813,A
7-M,294,811,0,0,1,812,A
7-M,295,0,0,0,819,819,C
7-M,296,0,810,0,0,810,T
7-M,297,0,0,876,0,876,G
7-M,298,0,864,0,0,864,T
7-M,299,870,0,1,0,871,A
7-M,300,0,874,0,0,874,T
7-M,301,869,0,0,0,869,A
7-M,302,0,0,867,0,867,G
7-M,303,0,2,859,0,861,G
7-M,304,864,0,0,0,864,A
7-M,305,869,0,0,0,869,A
7-M,306,830,0,0,0,830,A
7-M,307,0,0,0,849,849,C
7-M,308,0,849,0,0,849,T
7-M,309,0,853,0,1,854,T
7-M,310,851,0,1,0,852,A
7-M,311,847,0,1,0,848,A
7-M,312,0,1,850,0,851,G
7-M,313,839,0,2,0,841,A
7-M,314,0,4,842,0,846,G
7-M,315,0,1,845,0,846,G
7-M,316,0,1,844,0,845,G
7-M,317,842,0,1,0,843,A
7-M,318,0,2,844,0,846,G
7-M,319,853,0,0,0,853,A
7-M,320,0,854,0,1,855,T
7-M,321,855,0,0,0,855,A
7-M,322,862,0,0,0,862,A
7-M,323,0,0,0,861,861,C
7-M,324,0,1,862,0,863,G
7-M,325,0,860,0,0,860,T
7-M,326,0,859,0,1,860,T
7-M,327,3,0,0,865,868,C
7-M,328,5,0,0,862,867,C
7-M,329,862,0,1,0,863,A
7-M,330,0,863,0,0,863,T
7-M,331,0,3,856,0,859,G
7-M,332,0,2,848,0,850,G
7-M,333,0,0,847,0,847,G
7-M,334,0,0,847,0,847,G
7-M,335,0,1,0,844,845,C
7-M,336,2,0,0,850,852,C
7-M,337,854,0,0,0,854,A
7-M,338,861,0,0,0,861,A
7-M,339,857,0,0,0,857,A
7-M,340,0,4,861,0,865,G
7-M,341,866,1,0,0,867,A
7-M,342,861,0,1,0,862,A
7-M,343,860,0,0,0,860,A
7-M,344,0,857,0,0,857,T
7-M,345,855,0,2,0,857,A
7-M,346,0,0,853,0,853,G
7-M,347,0,0,0,855,855,C
7-M,348,1,850,0,1,852,T
7-M,349,5,0,0,849,854,C
7-M,350,0,838,0,0,838,T
7-M,351,3,0,0,863,866,C
7-M,352,870,0,0,0,870,A
7-M,353,0,1,869,0,870,G
7-M,354,0,861,0,0,861,T
7-M,355,0,876,0,0,876,T
7-M,356,878,0,0,0,878,A
7-M,357,0,877,0,0,877,T
7-M,358,1,874,0,0,875,T
7-M,359,4,0,0,880,884,C
7-M,360,0,862,0,0,862,T
7-M,361,0,0,863,0,863,G
7-M,362,0,0,0,870,870,C
7-M,363,0,863,0,0,863,T
7-M,364,1,0,863,0,864,G
7-M,365,0,1,861,0,862,G
7-M,366,0,862,0,1,863,T
7-M,367,2,1,868,0,871,G
7-M,368,0,0,0,861,861,C
7-M,369,864,0,0,0,864,A
7-M,370,1,0,0,869,870,C
7-M,371,0,864,0,0,864,T
7-M,372,0,874,0,1,875,T
7-M,373,0,0,874,0,874,G
7-M,374,1,0,0,861,862,C
7-M,375,2,0,0,870,872,C
7-M,376,871,0,0,0,871,A
7-M,377,0,0,878,0,878,G
7-M,378,0,870,0,0,870,T
7-M,379,0,874,0,0,874,T
7-M,380,1,0,874,0,875,G
7-M,381,0,0,0,869,869,C
7-M,382,867,0,1,0,868,A
7-M,383,0,872,0,0,872,T
7-M,384,0,2,867,0,869,G
7-M,385,0,0,872,0,872,G
7-M,386,0,0,875,0,875,G
7-M,387,0,0,0,870,870,C
7-M,388,1,0,0,890,891,C
7-M,389,0,887,0,1,888,T
7-M,390,1,0,0,895,896,C
7-M,391,953,0,0,0,953,A
7-M,392,0,951,0,1,952,T
7-M,393,965,0,0,0,965,A
7-M,394,0,954,0,0,954,T
7-M,395,935,0,1,0,936,A
7-M,396,0,0,0,982,982,C
7-M,397,939,0,0,0,939,A
7-M,398,950,0,0,0,950,A
7-M,399,0,950,0,0,950,T
7-M,400,904,0,0,0,904,A
7-M,401,0,2,905,0,907,G
7-M,402,834,0,0,0,834,A
7-M,403,860,0,0,0,860,A
7-M,404,0,864,0,0,864,T
7-M,405,0,0,866,0,866,G
7-M,406,0,2,862,0,864,G
7-M,407,0,4,845,0,849,G
7-M,408,0,2,853,0,855,G
7-M,409,0,0,855,0,855,G
7-M,410,0,0,0,855,855,C
7-M,411,0,844,0,0,844,T
7-M,412,0,0,848,0,848,G
7-M,413,0,853,0,0,853,T
7-M,414,854,0,0,0,854,A
7-M,415,843,0,0,0,843,A
7-M,416,0,0,0,856,856,C
7-M,417,3,0,0,846,849,C
7-M,418,840,0,0,0,840,A
7-M,419,0,0,0,839,839,C
7-M,420,0,835,0,0,835,T
7-M,421,0,1,839,0,840,G
7-M,422,833,0,0,0,833,A
7-M,423,833,0,0,0,833,A
7-M,424,0,0,842,0,842,G
7-M,425,0,830,0,0,830,T
7-M,426,0,2,832,0,834,G
7-M,427,0,0,841,0,841,G
7-M,428,0,0,0,849,849,C
7-M,429,843,0,0,0,843,A
7-M,430,0,837,0,0,837,T
7-M,431,0,840,0,0,840,T
7-M,432,0,844,0,0,844,T
7-M,433,0,3,859,0,862,G
7-M,434,0,0,856,0,856,G
7-M,435,0,0,0,848,848,C
7-M,436,2,0,0,850,852,C
7-M,437,0,849,0,0,849,T
7-M,438,0,1,877,0,878,G
7-M,439,2,0,889,0,891,G
7-M,440,0,886,0,1,887,T
7-M,441,894,0,0,0,894,A
7-M,442,0,855,0,0,855,T
7-M,443,0,0,876,0,876,G
7-M,444,0,878,0,0,878,T
7-M,445,0,0,875,0,875,G
7-M,446,0,0,0,877,877,C
7-M,447,846,0,1,0,847,A
7-M,448,841,0,0,0,841,A
7-M,449,0,0,0,852,852,C
7-M,450,855,0,0,0,855,A
7-M,451,0,855,0,0,855,T
7-M,452,0,0,850,0,850,G
7-M,453,0,831,0,0,831,T
7-M,454,0,6,828,0,834,G
7-M,455,829,0,0,0,829,A
7-M,456,0,0,836,0,836,G
7-M,457,0,1,0,828,829,C
7-M,458,816,0,0,0,816,A
7-M,459,0,0,820,0,820,G
7-M,460,814,0,0,0,814,A
7-M,461,0,818,0,0,818,T
7-M,462,0,818,0,0,818,T
7-M,463,0,1,822,0,823,G
7-M,464,1,0,0,821,822,C
7-M,465,0,823,0,0,823,T
7-M,466,0,3,822,0,825,G
7-M,467,818,0,0,0,818,A
7-M,468,1,0,0,861,862,C
7-M,469,0,853,0,0,853,T
7-M,470,2,0,0,864,866,C
7-M,471,1,0,0,866,867,C
7-M,472,2,0,0,866,868,C
7-M,473,858,0,2,1,861,A
7-M,474,0,0,863,0,863,G
7-M,475,0,0,0,863,863,C
7-M,476,868,0,0,0,868,A
7-M,477,0,0,0,869,869,C
7-M,478,823,0,1,0,824,A
7-M,479,0,0,835,0,835,G
7-M,480,0,1,838,0,839,G
7-M,481,0,828,0,0,828,T
7-M,482,3,0,0,849,852,C
7-M,483,0,832,0,2,834,T
7-M,484,2,0,0,832,834,C
7-M,485,831,0,0,0,831,A
7-M,486,0,834,0,0,834,T
7-M,487,838,0,0,0,838,A
7-M,488,0,0,830,0,830,G
7-M,489,0,0,823,0,823,G
7-M,490,0,0,0,819,819,C
7-M,491,790,0,0,0,790,A
7-M,492,0,3,786,0,789,G
7-M,493,795,0,0,0,795,A
7-M,494,0,799,0,0,799,T
7-M,495,0,2,800,0,802,G
7-M,496,0,0,805,0,805,G
7-M,497,0,785,0,0,785,T
7-M,498,0,3,793,0,796,G
7-M,499,0,0,787,0,787,G
7-M,500,0,0,0,796,796,C
7-M,501,792,0,0,0,792,A
7-M,502,788,0,0,0,788,A
7-M,503,0,1,1,798,800,C
7-M,504,800,0,0,0,800,A
7-M,505,802,0,0,0,802,A
7-M,506,0,0,0,801,801,C
7-M,507,1,0,0,793,794,C
7-M,508,786,0,0,0,786,A
7-M,509,787,0,0,0,787,A
7-M,510,0,785,0,0,785,T
7-M,511,1,1,0,789,791,C
7-M,512,5,0,0,772,777,C
7-M,513,766,0,0,0,766,A
7-M,514,0,764,1,0,765,T
7-M,515,0,772,0,0,772,T
7-M,516,777,0,0,0,777,A
7-M,517,774,0,0,0,774,A
7-M,518,0,779,0,0,779,T
7-M,519,774,0,0,0,774,A
7-M,520,772,0,0,0,772,A
7-M,521,761,0,0,0,761,A
7-M,522,762,0,0,0,762,A
7-M,523,1,0,0,779,780,C
7-M,524,780,0,0,0,780,A
7-M,525,0,773,0,1,774,T
7-M,526,0,3,773,1,777,G
7-M,527,774,0,0,1,775,A
7-M,528,0,3,783,0,786,G
7-M,529,790,0,0,0,790,A
7-M,530,786,0,0,0,786,A
7-M,531,0,0,0,789,789,C
7-M,532,761,0,0,0,761,A
7-M,533,0,5,760,0,765,G
7-M,534,759,0,0,0,759,A
7-M,535,762,0,0,0,762,A
7-M,536,0,753,0,0,753,T
7-M,537,0,2,750,0,752,G
7-M,538,0,0,749,0,749,G
7-M,539,0,746,0,0,746,T
7-M,540,0,739,0,0,739,T
7-M,541,1,747,0,0,748,T
7-M,542,0,751,0,0,751,T
7-M,543,0,4,753,0,757,G
7-M,544,0,0,759,0,759,G
7-M,545,0,0,0,755,755,C
7-M,546,1,1,0,757,759,C
7-M,547,737,0,0,0,737,A
7-M,548,2,2,753,0,757,G
7-M,549,0,0,0,748,748,C
7-M,550,764,0,0,0,764,A
7-M,551,0,1,0,775,776,C
7-M,552,0,767,0,0,767,T
7-M,553,762,0,1,0,763,A
7-M,554,0,0,0,772,772,C
7-M,555,780,0,0,0,780,A
7-M,556,0,1,783,0,784,G
7-M,557,1,0,0,753,754,C
7-M,558,0,738,0,1,739,T
7-M,559,746,0,0,0,746,A
7-M,560,734,0,0,0,734,A
7-M,561,0,0,738,0,738,G
7-M,562,0,1,743,0,744,G
7-M,563,0,0,0,743,743,C
7-M,564,0,704,0,0,704,T
7-M,565,707,0,0,0,707,A
7-M,566,0,704,0,0,704,T
7-M,567,0,3,704,0,707,G
7-M,568,1,2,710,0,713,G
7-M,569,697,0,0,0,697,A
7-M,570,0,0,699,0,699,G
7-M,571,1,0,0,685,686,C
7-M,572,683,0,0,0,683,A
7-M,573,680,0,0,0,680,A
7-M,574,675,0,0,0,675,A
7-M,575,0,679,0,0,679,T
7-M,576,0,4,679,0,683,G
7-M,577,1,0,671,0,672,G
7-M,578,0,0,0,680,680,C
7-M,579,1,663,0,10,674,T
7-M,580,2,2,667,0,671,G
7-M,581,0,1,678,0,679,G
7-M,582,675,0,0,0,675,A
7-M,583,0,674,0,0,674,T
7-M,584,1,0,0,669,670,C
7-M,585,665,1,0,0,666,A
7-M,586,676,0,0,0,676,A
7-M,587,0,0,677,0,677,G
7-M,588,0,672,0,0,672,T
7-M,589,1,5,671,0,677,G
7-M,590,670,0,0,0,670,A
7-M,591,653,1,1,0,655,A
7-M,592,0,0,0,658,658,C
7-M,593,659,0,0,0,659,A
7-M,594,0,2,658,0,660,G
7-M,595,0,1,652,0,653,G
7-M,596,0,0,0,653,653,C
7-M,597,650,0,0,0,650,A
7-M,598,0,1,656,0,657,G
7-M,599,0,1,0,648,649,C
7-M,600,0,0,659,0,659,G
7-M,601,0,0,653,0,653,G
7-M,602,649,0,0,0,649,A
7-M,603,0,0,656,0,656,G
7-M,604,1,0,660,0,661,G
7-M,605,1,0,0,659,660,C
7-M,606,1,0,0,664,665,C
7-M,607,662,0,1,0,663,A
7-M,608,0,671,0,0,671,T
7-M,609,0,2,661,0,663,G
7-M,610,0,3,671,0,674,G
7-M,611,666,0,1,0,667,A
7-M,612,1,1,669,0,671,G
7-M,613,653,0,0,0,653,A
7-M,614,0,668,0,0,668,T
7-M,615,0,662,0,0,662,T
7-M,616,1,0,657,0,658,G
7-M,617,1,0,0,662,663,C
7-M,618,0,663,0,0,663,T
7-M,619,669,0,0,0,669,A
7-M,620,0,0,668,0,668,G
7-M,621,0,661,0,0,661,T
7-M,622,3,0,0,661,664,C
7-M,623,648,0,0,0,648,A
7-M,624,0,1,659,0,660,G
7-M,625,0,1,647,0,648,G
7-M,626,1,0,0,638,639,C
7-M,627,1,0,0,644,645,C
7-M,628,644,0,0,0,644,A
7-M,629,0,2,655,0,657,G
7-M,630,1,0,659,0,660,G
7-M,631,1,1,0,656,658,C
7-M,632,660,0,0,0,660,A
7-M,633,0,1,656,0,657,G
7-M,634,649,0,0,0,649,A
7-M,635,0,648,0,0,648,T
7-M,636,0,1,655,0,656,G
7-M,637,0,0,672,0,672,G
7-M,638,0,657,0,0,657,T
7-M,639,0,0,660,0,660,G
7-M,640,1,0,0,656,657,C
7-M,641,657,0,1,0,658,A
7-M,642,0,1,665,0,666,G
7-M,643,0,1,664,0,665,G
7-M,644,0,0,0,666,666,C
7-M,645,659,0,0,0,659,A
7-M,646,645,0,0,0,645,A
7-M,647,0,638,0,0,638,T
7-M,648,0,2,635,0,637,G
7-M,649,635,0,0,0,635,A
7-M,650,0,1,638,0,639,G
7-M,651,623,0,0,0,623,A
7-M,652,0,0,627,0,627,G
7-M,653,2,0,0,626,628,C
7-M,654,0,0,0,634,634,C
7-M,655,632,0,0,0,632,A
7-M,656,0,631,0,0,631,T
7-M,657,0,635,0,0,635,T
7-M,658,0,1,634,0,635,G
7-M,659,0,1,633,0,634,G
7-M,660,0,1,636,0,637,G
7-M,661,641,0,0,0,641,A
7-M,662,0,0,0,638,638,C
7-M,663,0,615,0,2,617,T
7-M,664,2,0,0,619,621,C
7-M,665,629,0,0,0,629,A
7-M,666,1,645,0,0,646,T
7-M,667,1,0,0,646,647,C
7-M,668,2,0,0,649,651,C
7-M,669,0,648,0,0,648,T
7-M,670,648,0,0,0,648,A
7-M,671,0,0,657,0,657,G
7-M,672,0,672,0,0,672,T
7-M,673,0,670,0,0,670,T
7-M,674,3,0,0,665,668,C
7-M,675,0,0,0,661,661,C
7-M,676,654,0,0,0,654,A
7-M,677,0,0,669,0,669,G
7-M,678,0,658,0,0,658,T
7-M,679,660,0,0,0,660,A
7-M,680,0,0,0,657,657,C
7-M,681,0,628,0,0,628,T
7-M,682,0,1,651,0,652,G
7-M,683,0,0,648,0,648,G
7-M,684,0,636,0,0,636,T
7-M,685,0,633,0,0,633,T
7-M,686,0,644,0,0,644,T
7-M,687,644,0,0,0,644,A
7-M,688,648,0,0,0,648,A
7-M,689,0,2,649,0,651,G
7-M,690,639,0,0,0,639,A
7-M,691,0,1,636,0,637,G
7-M,692,618,0,0,0,618,A
7-M,693,0,608,0,0,608,T
7-M,694,0,3,607,0,610,G
7-M,695,608,0,0,0,608,A
7-M,696,0,600,0,0,600,T
7-M,697,0,0,0,610,610,C
7-M,698,0,600,0,0,600,T
7-M,699,0,599,0,0,599,T
7-M,700,2,0,0,606,608,C
7-M,701,0,606,0,0,606,T
7-M,702,0,606,0,0,606,T
7-M,703,0,0,605,0,605,G
7-M,704,601,0,0,0,601,A
7-M,705,603,0,0,0,603,A
7-M,706,603,0,0,0,603,A
7-M,707,607,0,0,0,607,A
7-M,708,0,602,0,0,602,T
7-M,709,0,612,0,0,612,T
7-M,710,0,613,0,0,613,T
7-M,711,0,0,613,0,613,G
7-M,712,1,0,0,610,611,C
7-M,713,610,0,1,0,611,A
7-M,714,0,3,609,0,612,G
7-M,715,603,0,0,0,603,A
7-M,716,0,0,0,622,622,C
7-M,717,0,0,0,618,618,C
7-M,718,0,615,0,0,615,T
7-M,719,624,0,0,0,624,A
7-M,720,0,621,0,0,621,T
7-M,721,0,0,0,626,626,C
7-M,722,628,0,0,0,628,A
7-M,723,0,3,622,0,625,G
7-M,724,618,0,1,0,619,A
7-M,725,603,0,0,0,603,A
7-M,726,600,0,2,0,602,A
7-M,727,0,0,0,605,605,C
7-M,728,0,0,600,0,600,G
7-M,729,593,0,0,0,593,A
7-M,730,600,0,0,0,600,A
7-M,731,0,593,0,0,593,T
7-M,732,0,0,597,0,597,G
7-M,733,0,1,602,0,603,G
7-M,734,0,0,597,0,597,G
7-M,735,0,2,597,0,599,G
7-M,736,0,1,600,0,601,G
7-M,737,0,583,0,1,584,T
7-M,738,0,1,584,0,585,G
7-M,739,1,0,0,585,586,C
7-M,740,584,0,1,0,585,A
7-M,741,0,0,587,0,587,G
7-M,742,575,0,1,0,576,A
7-M,743,0,565,0,1,566,T
7-M,744,0,0,560,0,560,G
7-M,745,0,0,0,554,554,C
7-M,746,559,0,0,0,559,A
7-M,747,561,0,0,0,561,A
7-M,748,0,0,0,563,563,C
7-M,749,0,0,561,0,561,G
7-M,750,560,0,0,0,560,A
7-M,751,0,560,0,0,560,T
7-M,752,0,563,0,0,563,T
7-M,753,3,0,0,561,564,C
7-M,754,558,0,0,0,558,A
7-M,755,556,0,1,0,557,A
7-M,756,2,0,554,0,556,G
7-M,757,0,549,0,0,549,T
7-M,758,1,1,546,0,548,G
7-M,759,544,0,0,0,544,A
7-M,760,0,1,0,544,545,C
7-M,761,0,0,0,540,540,C
7-M,762,2,0,0,542,544,C
7-M,763,0,1,544,0,545,G
7-M,764,0,0,0,543,543,C
7-M,765,0,547,0,0,547,T
7-M,766,0,550,0,0,550,T
7-M,767,0,0,553,0,553,G
7-M,768,0,550,0,0,550,T
7-M,769,0,541,0,0,541,T
7-M,770,0,0,544,0,544,G
7-M,771,0,528,0,0,528,T
7-M,772,0,527,0,1,528,T
7-M,773,0,0,526,0,526,G
7-M,774,0,0,0,513,513,C
7-M,775,2,0,0,514,516,C
7-M,776,1,0,524,0,525,G
7-M,777,0,0,0,514,514,C
7-M,778,0,4,522,0,526,G
7-M,779,520,0,0,0,520,A
7-M,780,527,0,0,0,527,A
7-M,781,0,532,0,0,532,T
7-M,782,528,0,0,0,528,A
7-M,783,1,534,0,0,535,T
7-M,784,4,0,0,531,535,C
7-M,785,538,0,0,0,538,A
7-M,786,0,532,0,0,532,T
7-M,787,0,531,0,1,532,T
7-M,788,0,2,529,0,531,G
7-M,789,0,3,523,0,526,G
7-M,790,1,4,521,0,526,G
7-M,791,524,0,0,0,524,A
7-M,792,0,514,0,0,514,T
7-M,793,2,0,0,506,508,C
7-M,794,0,508,0,0,508,T
7-M,795,0,507,0,0,507,T
7-M,796,0,0,509,0,509,G
7-M,797,0,0,0,509,509,C
7-M,798,506,0,0,0,506,A
7-M,799,0,0,0,506,506,C
7-M,800,0,504,0,0,504,T
7-M,801,0,502,1,0,503,T
7-M,802,0,3,499,0,502,G
7-M,803,506,0,0,0,506,A
7-M,804,0,508,0,0,508,T
7-M,805,494,0,0,0,494,A
7-M,806,0,496,0,0,496,T
7-M,807,0,489,0,0,489,T
7-M,808,0,1,489,0,490,G
7-M,809,0,482,0,0,482,T
7-M,810,0,0,480,0,480,G
7-M,811,0,2,475,0,477,G
7-M,812,465,0,0,0,465,A
7-M,813,0,466,0,0,466,T
7-M,814,0,468,0,0,468,T
7-M,815,3,0,0,464,467,C
7-M,816,0,464,0,0,464,T
7-M,817,0,460,0,1,461,T
7-M,818,0,4,457,0,461,G
7-M,819,452,0,0,0,452,A
7-M,820,0,457,0,0,457,T
7-M,821,3,0,0,447,450,C
7-M,822,2,0,450,0,452,G
7-M,823,0,448,0,1,449,T
7-M,824,1,0,0,446,447,C
7-M,825,0,449,0,2,451,T
7-M,826,0,448,0,0,448,T
7-M,827,0,453,0,0,453,T
7-M,828,0,451,0,0,451,T
7-M,829,0,454,0,0,454,T
7-M,830,0,453,0,0,453,T
7-M,831,0,453,0,0,453,T
7-M,832,1,0,0,454,455,C
7-M,833,453,0,0,0,453,A
7-M,834,452,0,1,0,453,A
7-M,835,455,0,1,0,456,A
7-M,836,0,452,0,0,452,T
7-M,837,0,0,452,0,452,G
7-M,838,0,1,0,447,448,C
7-M,839,1,1,448,0,450,G
7-M,840,0,449,0,0,449,T
7-M,841,2,0,0,447,449,C
7-M,842,0,453,0,0,453,T
7-M,843,448,0,1,0,449,A
7-M,844,0,443,0,0,443,T
7-M,845,1,0,0,446,447,C
7-M,846,0,1,448,0,449,G
7-M,847,449,0,0,0,449,A
7-M,848,0,0,0,447,447,C
7-M,849,0,435,0,0,435,T
7-M,850,1,0,0,441,442,C
7-M,851,0,436,0,0,436,T
7-M,852,0,437,0,2,439,T
7-M,853,4,0,0,435,439,C
7-M,854,441,0,0,0,441,A
7-M,855,439,0,1,0,440,A
7-M,856,439,0,0,0,439,A
7-M,857,0,0,0,436,436,C
7-M,858,434,0,0,0,434,A
7-M,859,0,1,0,413,414,C
7-M,860,1,1,408,0,410,G
7-M,861,0,0,417,0,417,G
7-M,862,0,0,0,412,412,C
7-M,863,0,0,0,424,424,C
7-M,864,0,423,0,0,423,T
7-M,865,0,423,0,0,423,T
7-M,866,429,0,0,0,429,A
7-M,867,433,0,0,0,433,A
7-M,868,430,0,0,0,430,A
7-M,869,427,0,0,0,427,A
7-M,870,0,1,416,0,417,G
7-M,871,357,0,0,0,357,A
7-M,872,0,0,358,0,358,G
7-M,873,0,0,352,0,352,G
7-M,874,0,0,0,348,348,C
7-M,875,1,0,0,340,341,C
7-M,876,0,1,0,350,351,C
7-M,877,0,351,0,0,351,T
7-M,878,0,351,0,1,352,T
7-M,879,1,0,0,350,351,C
7-M,880,0,357,0,0,357,T
7-M,881,357,0,0,0,357,A
7-M,882,0,0,0,357,357,C
7-M,883,0,0,355,0,355,G
7-M,884,0,1,355,0,356,G
7-M,885,343,0,0,0,343,A
7-M,886,339,0,0,0,339,A
7-M,887,0,1,336,0,337,G
7-M,888,0,1,333,0,334,G
7-M,889,325,0,0,0,325,A
7-M,890,0,0,324,0,324,G
7-M,891,0,318,0,0,318,T
7-M,892,316,0,0,0,316,A
7-M,893,0,0,0,317,317,C
7-M,894,1,0,0,313,314,C
7-M,895,0,315,0,1,316,T
7-M,896,0,0,314,0,314,G
7-M,897,303,0,1,0,304,A
7-M,898,0,0,307,0,307,G
7-M,899,0,300,0,0,300,T
7-M,900,1,0,0,296,297,C
7-M,901,0,295,0,0,295,T
7-M,902,297,0,0,0,297,A
7-M,903,1,293,0,0,294,T
7-M,904,0,0,299,0,299,G
7-M,905,286,0,2,0,288,A
7-M,906,1,0,287,0,288,G
7-M,907,0,0,269,0,269,G
7-M,908,0,1,267,0,268,G
7-M,909,264,0,0,0,264,A
7-M,910,259,0,0,0,259,A
7-M,911,0,2,259,0,261,G
7-M,912,257,0,0,0,257,A
7-M,913,265,0,0,0,265,A
7-M,914,0,257,0,0,257,T
7-M,915,254,0,0,0,254,A
7-M,916,0,252,0,0,252,T
7-M,917,1,10,0,237,248,C
7-M,918,0,1,249,0,250,G
7-M,919,251,0,0,0,251,A
7-M,920,247,0,0,0,247,A
7-M,921,249,0,0,0,249,A
7-M,922,0,2,245,0,247,G
7-M,923,0,2,249,0,251,G
7-M,924,247,0,0,0,247,A
7-M,925,244,0,0,0,244,A
7-M,926,0,0,0,246,246,C
7-M,927,241,0,0,0,241,A
7-M,928,0,0,244,0,244,G
7-M,929,0,0,0,244,244,C
7-M,930,244,0,0,0,244,A
7-M,931,0,0,244,0,244,G
7-M,932,229,0,0,0,229,A
7-M,933,233,0,0,0,233,A
7-M,934,0,232,0,0,232,T
7-M,935,0,1,222,0,223,G
7-M,936,0,0,0,226,226,C
7-M,937,0,215,0,0,215,T
7-M,938,1,0,215,0,216,G
7-M,939,0,216,0,0,216,T
7-M,940,0,0,213,0,213,G
7-M,941,0,0,216,0,216,G
7-M,942,208,0,0,0,208,A
7-M,943,0,208,0,0,208,T
7-M,944,0,0,200,0,200,G
7-M,945,0,0,0,196,196,C
7-M,946,0,188,0,0,188,T
7-M,947,0,1,188,0,189,G
7-M,948,187,0,0,0,187,A
7-M,949,0,0,0,186,186,C
7-M,950,0,0,186,0,186,G
7-M,951,180,0,0,0,180,A
7-M,952,0,0,0,183,183,C
7-M,953,174,0,0,0,174,A
7-M,954,0,0,175,0,175,G
7-M,955,0,173,0,0,173,T
7-M,956,1,0,0,167,168,C
7-M,957,171,0,0,0,171,A
7-M,958,1,168,0,0,169,T
7-M,959,0,168,0,0,168,T
7-M,960,0,166,0,0,166,T
7-M,961,0,166,0,0,166,T
7-M,962,0,0,165,0,165,G
7-M,963,0,159,0,0,159,T
7-M,964,0,0,0,161,161,C
7-M,965,157,0,0,0,157,A
7-M,966,0,0,155,0,155,G
7-M,967,0,0,0,156,156,C
7-M,968,157,0,0,0,157,A
7-M,969,0,155,0,0,155,T
7-M,970,149,0,0,0,149,A
7-M,971,0,0,149,0,149,G
7-M,972,145,0,0,0,145,A
7-M,973,0,0,145,0,145,G
7-M,974,0,140,0,0,140,T
7-M,975,0,78,0,0,78,T
7-M,976,0,0,75,0,75,G
7-M,977,0,0,75,0,75,G
7-M,978,75,0,0,0,75,A
7-M,979,0,1,74,0,75,G
7-M,980,0,49,0,0,49,T
7-M,981,47,0,0,0,47,A
7-M,982,46,0,0,0,46,A
8-NS,1,420,0,0,0,420,A
8-NS,2,0,421,0,0,421,T
8-NS,3,0,0,442,0,442,G
8-NS,4,0,1,467,0,468,G
8-NS,5,490,0,0,0,490,A
8-NS,6,0,846,0,0,846,T
8-NS,7,0,855,0,0,855,T
8-NS,8,3,0,0,874,877,C
8-NS,9,1,0,0,880,881,C
8-NS,10,877,0,1,0,878,A
8-NS,11,902,0,2,1,905,A
8-NS,12,0,0,0,905,905,C
8-NS,13,906,0,0,0,906,A
8-NS,14,0,0,0,939,939,C
8-NS,15,0,942,0,0,942,T
8-NS,16,0,0,945,0,945,G
8-NS,17,0,943,0,0,943,T
8-NS,18,936,0,3,1,940,A
8-NS,19,0,1135,0,0,1135,T
8-NS,20,4,1,0,1131,1136,C
8-NS,21,1131,0,0,1,1132,A
8-NS,22,1135,0,1,1,1137,A
8-NS,23,0,1,1152,0,1153,G
8-NS,24,0,1171,0,0,1171,T
8-NS,25,0,1178,0,0,1178,T
8-NS,26,0,1186,0,0,1186,T
8-NS,27,1,0,0,1186,1187,C
8-NS,28,2,0,0,1192,1194,C
8-NS,29,1191,1,1,0,1193,A
8-NS,30,0,3,1207,0,1210,G
8-NS,31,0,1,1222,0,1223,G
8-NS,32,0,1203,0,0,1203,T
8-NS,33,1232,0,0,1,1233,A
8-NS,34,0,4,1235,0,1239,G
8-NS,35,1235,0,1,1,1237,A
8-NS,36,0,1252,0,0,1252,T
8-NS,37,0,1249,0,0,1249,T
8-NS,38,0,0,1264,0,1264,G
8-NS,39,0,1,0,1258,1259,C
8-NS,40,0,1265,0,1,1266,T
8-NS,41,0,1273,0,1,1274,T
8-NS,42,0,1287,0,1,1288,T
8-NS,43,0,0,0,1305,1305,C
8-NS,44,0,1311,0,0,1311,T
8-NS,45,0,1308,0,1,1309,T
8-NS,46,0,1302,0,1,1303,T
8-NS,47,0,7,1321,0,1328,G
8-NS,48,0,0,1313,0,1313,G
8-NS,49,1,0,0,1318,1319,C
8-NS,50,1320,1,1,0,1322,A
8-NS,51,0,1325,0,0,1325,T
8-NS,52,1347,0,0,0,1347,A
8-NS,53,0,1374,0,0,1374,T
8-NS,54,3,0,0,1379,1382,C
8-NS,55,4,1,0,1373,1378,C
8-NS,56,0,2,1383,1,1386,G
8-NS,57,0,5,1387,0,1392,G
8-NS,58,1388,0,1,0,1389,A
8-NS,59,1399,0,0,0,1399,A
8-NS,60,1404,0,0,1,1405,A
8-NS,61,0,0,0,1439,1439,C
8-NS,62,1433,0,0,0,1433,A
8-NS,63,1426,0,2,2,1430,A
8-NS,64,0,0,1494,0,1494,G
8-NS,65,0,1494,0,0,1494,T
8-NS,66,0,1498,0,1,1499,T
8-NS,67,0,0,1500,1,1501,G
8-NS,68,0,1500,0,0,1500,T
8-NS,69,1496,0,0,0,1496,A
8-NS,70,2,5,1499,0,1506,G
8-NS,71,1586,1,1,0,1588,A
8-NS,72,1,0,0,1623,1624,C
8-NS,73,1,0,0,1605,1606,C
8-NS,74,1605,0,0,0,1605,A
8-NS,75,1612,0,2,0,1614,A
8-NS,76,0,9,1675,0,1684,G
8-NS,77,1683,1,0,0,1684,A
8-NS,78,1700,0,0,0,1700,A
8-NS,79,0,0,0,1707,1707,C
8-NS,80,0,1685,0,0,1685,T
8-NS,81,1,10,1693,0,1704,G
8-NS,82,1670,0,5,0,1675,A
8-NS,83,0,0,1733,0,1733,G
8-NS,84,0,1733,0,0,1733,T
8-NS,85,0,2,1712,0,1714,G
8-NS,86,1723,0,5,0,1728,A
8-NS,87,0,1737,0,0,1737,T
8-NS,88,1,0,1761,0,1762,G
8-NS,89,0,1,0,1796,1797,C
8-NS,90,3,0,0,1801,1804,C
8-NS,91,6,0,0,1818,1824,C
8-NS,92,3,1,0,1805,1809,C
8-NS,93,1826,0,0,0,1826,A
8-NS,94,0,1860,0,0,1860,T
8-NS,95,0,1890,0,0,1890,T
8-NS,96,4,0,0,1893,1897,C
8-NS,97,5,0,0,1894,1899,C
8-NS,98,0,1883,0,6,1889,T
8-NS,99,0,1893,0,0,1893,T
8-NS,100,0,9,1882,0,1891,G
8-NS,101,1869,0,0,0,1869,A
8-NS,102,0,1884,0,0,1884,T
8-NS,103,11,1,0,1872,1884,C
8-NS,104,0,3,1860,0,1863,G
8-NS,105,0,0,1890,0,1890,G
8-NS,106,0,0,0,1903,1903,C
8-NS,107,0,1905,0,0,1905,T
8-NS,108,0,1927,0,0,1927,T
8-NS,109,7,9,0,1910,1926,C
8-NS,110,0,1,1922,0,1923,G
8-NS,111,0,1,0,1937,1938,C
8-NS,112,33,2,0,1906,1941,C
8-NS,113,1,3,1941,0,1945,G
8-NS,114,1900,0,1,0,1901,A
8-NS,115,0,8,1986,0,1994,G
8-NS,116,2000,0,0,0,2000,A
8-NS,117,0,2019,0,0,2019,T
8-NS,118,7,2,0,2016,2025,C
8-NS,119,2013,0,3,0,2016,A
8-NS,120,0,1,2019,0,2020,G
8-NS,121,1992,0,4,0,1996,A
8-NS,122,0,6,2010,0,2016,G
8-NS,123,0,2,2051,0,2053,G
8-NS,124,0,2075,0,0,2075,T
8-NS,125,5,0,0,2169,2174,C
8-NS,126,3,0,0,2177,2180,C
8-NS,127,4,2,0,2199,2205,C
8-NS,128,0,2206,0,0,2206,T
8-NS,129,2211,0,0,0,2211,A
8-NS,130,2213,0,0,0,2213,A
8-NS,131,0,6,2234,0,2240,G
8-NS,132,0,2,2226,0,2228,G
8-NS,133,0,5,2212,0,2217,G
8-NS,134,1,5,2185,0,2191,G
8-NS,135,2173,1,2,0,2176,A
8-NS,136,2196,0,0,0,2196,A
8-NS,137,0,1,2201,0,2202,G
8-NS,138,2237,0,1,0,2238,A
8-NS,139,0,7,2263,0,2270,G
8-NS,140,1,1,2254,0,2256,G
8-NS,141,1,1,0,2279,2281,C
8-NS,142,2278,0,1,0,2279,A
8-NS,143,2284,0,0,0,2284,A
8-NS,144,1,2292,1,0,2294,T
8-NS,145,2309,0,0,0,2309,A
8-NS,146,1,0,0,2331,2332,C
8-NS,147,0,2297,0,1,2298,T
8-NS,148,7,0,0,2307,2314,C
8-NS,149,0,2298,0,0,2298,T
8-NS,150,9,3,0,2299,2311,C
8-NS,151,0,4,2326,0,2330,G
8-NS,152,1,1,2411,0,2413,G
8-NS,153,0,2406,0,1,2407,T
8-NS,154,8,1,0,2430,2439,C
8-NS,155,0,2418,0,0,2418,T
8-NS,156,2445,1,1,0,2447,A
8-NS,157,0,9,2434,0,2443,G
8-NS,158,2437,0,0,0,2437,A
8-NS,159,0,1,0,2517,2518,C
8-NS,160,2496,0,0,0,2496,A
8-NS,161,1,2472,0,1,2474,T
8-NS,162,2,1,0,2474,2477,C
8-NS,163,2474,0,0,0,2474,A
8-NS,164,2473,0,0,0,2473,A
8-NS,165,2455,0,1,0,2456,A
8-NS,166,0,0,2474,0,2474,G
8-NS,167,0,2,0,2479,2481,C
8-NS,168,2453,0,2,0,2455,A
8-NS,169,0,1,2454,0,2455,G
8-NS,170,0,0,0,2455,2455,C
8-NS,171,4,1,0,2466,2471,C
8-NS,172,2493,0,0,1,2494,A
8-NS,173,3,1,0,2518,2522,C
8-NS,174,2,0,0,2511,2513,C
8-NS,175,8,0,1,2519,2528,C
8-NS,176,2540,1,1,0,2542,A
8-NS,177,0,2544,0,0,2544,T
8-NS,178,2,1,2549,0,2552,G
8-NS,179,0,2540,0,0,2540,T
8-NS,180,0,2550,0,1,2551,T
8-NS,181,0,7,2546,0,2553,G
8-NS,182,0,3,2538,0,2541,G
8-NS,183,2504,0,2,0,2506,A
8-NS,184,2532,0,0,0,2532,A
8-NS,185,2494,0,3,0,2497,A
8-NS,186,0,0,2515,0,2515,G
8-NS,187,0,3,0,2509,2512,C
8-NS,188,2515,0,1,0,2516,A
8-NS,189,2512,0,0,0,2512,A
8-NS,190,2501,0,0,0,2501,A
8-NS,191,0,2535,0,0,2535,T
8-NS,192,0,2535,0,0,2535,T
8-NS,193,0,0,2577,0,2577,G
8-NS,194,0,2555,0,0,2555,T
8-NS,195,2567,0,0,2,2569,A
8-NS,196,1,7,2561,0,2569,G
8-NS,197,2568,0,2,0,2570,A
8-NS,198,2579,0,0,0,2579,A
8-NS,199,2577,0,0,0,2577,A
8-NS,200,2564,0,0,0,2564,A
8-NS,201,0,8,2567,0,2575,G
8-NS,202,2537,0,0,0,2537,A
8-NS,203,0,2537,0,1,2538,T
8-NS,204,0,2542,0,0,2542,T
8-NS,205,4,0,0,2541,2545,C
8-NS,206,0,2546,1,1,2548,T
8-NS,207,0,6,2550,0,2556,G
8-NS,208,2548,0,0,0,2548,A
8-NS,209,2549,0,0,1,2550,A
8-NS,210,2529,0,6,0,2535,A
8-NS,211,0,7,2536,0,2543,G
8-NS,212,2534,0,0,0,2534,A
8-NS,213,2537,0,1,0,2538,A
8-NS,214,1,5,2557,0,2563,G
8-NS,215,2576,0,0,0,2576,A
8-NS,216,2574,0,0,0,2574,A
8-NS,217,0,2583,1,1,2585,T
8-NS,218,8,0,0,2592,2600,C
8-NS,219,0,2602,1,2,2605,T
8-NS,220,0,10,2600,0,2610,G
8-NS,221,2596,0,0,0,2596,A
8-NS,222,0,2610,2,0,2612,T
8-NS,223,1,8,2586,0,2595,G
8-NS,224,2577,0,2,0,2579,A
8-NS,225,1,5,2571,0,2577,G
8-NS,226,1,2,2556,0,2559,G
8-NS,227,3,1,0,2568,2572,C
8-NS,228,2557,0,2,1,2560,A
8-NS,229,0,0,0,2646,2646,C
8-NS,230,0,2634,1,0,2635,T
8-NS,231,0,2654,1,0,2655,T
8-NS,232,2666,0,2,0,2668,A
8-NS,233,2677,0,0,0,2677,A
8-NS,234,2671,0,2,0,2673,A
8-NS,235,2664,2,1,0,2667,A
8-NS,236,0,2666,1,0,2667,T
8-NS,237,0,17,2654,0,2671,G
8-NS,238,2672,0,1,0,2673,A
8-NS,239,1,0,0,2678,2679,C
8-NS,240,7,2,1,2660,2670,C
8-NS,241,2673,0,1,0,2674,A
8-NS,242,0,2653,0,0,2653,T
8-NS,243,0,5,2722,1,2728,G
8-NS,244,0,0,2751,0,2751,G
8-NS,245,0,2753,1,1,2755,T
8-NS,246,20,0,0,2856,2876,C
8-NS,247,0,2852,1,5,2858,T
8-NS,248,8,0,1,2884,2893,C
8-NS,249,5,1,0,2882,2888,C
8-NS,250,2898,0,0,0,2898,A
8-NS,251,0,2,0,2927,2929,C
8-NS,252,2872,0,1,0,2873,A
8-NS,253,1,0,1,2894,2896,C
8-NS,254,7,1,0,2878,2886,C
8-NS,255,0,2776,1,3,2780,T
8-NS,256,0,2,2793,0,2795,G
8-NS,257,1,0,0,2780,2781,C
8-NS,258,0,2738,0,3,2741,T
8-NS,259,0,2776,0,0,2776,T
8-NS,260,5,6,0,2779,2790,C
8-NS,261,1,1,2792,0,2794,G
8-NS,262,1,1,0,2795,2797,C
8-NS,263,1,13,2778,0,2792,G
8-NS,264,2924,0,1,1,2926,A
8-NS,265,0,2921,0,0,2921,T
8-NS,266,2995,0,0,0,2995,A
8-NS,267,0,66,0,2946,3012,C
8-NS,268,3012,0,0,0,3012,A
8-NS,269,0,3103,0,1,3104,T
8-NS,270,3087,0,2,0,3089,A
8-NS,271,3096,0,1,0,3097,A
8-NS,272,0,1,0,3101,3102,C
8-NS,273,10,3017,0,1,3028,T
8-NS,274,0,12,3067,0,3079,G
8-NS,275,3013,1,4,0,3018,A
8-NS,276,2,0,0,3043,3045,C
8-NS,277,3042,0,2,0,3044,A
8-NS,278,0,3022,0,0,3022,T
8-NS,279,2,16,3008,0,3026,G
8-NS,280,3030,0,1,0,3031,A
8-NS,281,0,0,1,3108,3109,C
8-NS,282,0,3097,0,0,3097,T
8-NS,283,3125,0,0,0,3125,A
8-NS,284,0,3103,0,0,3103,T
8-NS,285,0,3110,0,0,3110,T
8-NS,286,1,7,3100,0,3108,G
8-NS,287,3092,0,5,1,3098,A
8-NS,288,0,9,3065,0,3074,G
8-NS,289,0,22,3061,0,3083,G
8-NS,290,3027,0,0,0,3027,A
8-NS,291,3034,0,3,0,3037,A
8-NS,292,0,2986,0,0,2986,T
8-NS,293,0,2997,0,0,2997,T
8-NS,294,2,1,3038,0,3041,G
8-NS,295,1,3036,0,2,3039,T
8-NS,296,19,0,0,3018,3037,C
8-NS,297,3035,0,1,0,3036,A
8-NS,298,3038,1,0,0,3039,A
8-NS,299,0,5,3031,0,3036,G
8-NS,300,3047,0,0,0,3047,A
8-NS,301,3030,0,1,0,3031,A
8-NS,302,3039,0,1,0,3040,A
8-NS,303,0,0,0,3055,3055,C
8-NS,304,0,3018,0,0,3018,T
8-NS,305,0,9,3056,0,3065,G
8-NS,306,2,3,3104,0,3109,G
8-NS,307,0,3107,0,0,3107,T
8-NS,308,0,3112,0,3,3115,T
8-NS,309,23,0,0,3100,3123,C
8-NS,310,3116,0,1,2,3119,A
8-NS,311,0,3157,0,1,3158,T
8-NS,312,22,3,3144,0,3169,G
8-NS,313,0,1,0,3186,3187,C
8-NS,314,0,3185,0,1,3186,T
8-NS,315,3139,0,2,0,3141,A
8-NS,316,3169,0,1,0,3170,A
8-NS,317,0,3190,0,1,3191,T
8-NS,318,0,0,3192,0,3192,G
8-NS,319,1,0,0,3171,3172,C
8-NS,320,6,0,0,3135,3141,C
8-NS,321,13,0,1,3141,3155,C
8-NS,322,3147,1,2,0,3150,A
8-NS,323,3144,0,2,0,3146,A
8-NS,324,0,1,3172,0,3173,G
8-NS,325,1,0,0,3164,3165,C
8-NS,326,3164,0,3,0,3167,A
8-NS,327,0,3,3184,0,3187,G
8-NS,328,3182,0,1,1,3184,A
8-NS,329,3186,1,0,1,3188,A
8-NS,330,3189,0,0,0,3189,A
8-NS,331,3158,0,2,0,3160,A
8-NS,332,1,3190,0,0,3191,T
8-NS,333,0,4,3198,0,3202,G
8-NS,334,0,7,3186,0,3193,G
8-NS,335,3194,0,2,0,3196,A
8-NS,336,3157,1,2,0,3160,A
8-NS,337,0,9,3135,0,3144,G
8-NS,338,0,9,3147,0,3156,G
8-NS,339,3151,0,2,0,3153,A
8-NS,340,1,0,0,3161,3162,C
8-NS,341,6,0,0,3165,3171,C
8-NS,342,2,3168,0,2,3172,T
8-NS,343,8,0,0,3196,3204,C
8-NS,344,1,3219,0,0,3220,T
8-NS,345,0,3219,0,2,3221,T
8-NS,346,1,3229,0,1,3231,T
8-NS,347,0,3,3208,0,3211,G
8-NS,348,6,2,0,3232,3240,C
8-NS,349,3224,0,1,0,3225,A
8-NS,350,0,3209,0,1,3210,T
8-NS,351,7,2,0,3226,3235,C
8-NS,352,3247,0,1,0,3248,A
8-NS,353,0,7,3316,1,3324,G
8-NS,354,3322,0,0,2,3324,A
8-NS,355,3316,0,1,1,3318,A
8-NS,356,0,3303,0,0,3303,T
8-NS,357,0,10,3274,0,3284,G
8-NS,358,5,20,3272,0,3297,G
8-NS,359,3290,0,3,0,3293,A
8-NS,360,0,0,0,3287,3287,C
8-NS,361,8,0,0,3228,3236,C
8-NS,362,3194,0,3,0,3197,A
8-NS,363,1,6,3227,0,3234,G
8-NS,364,0,2,3218,0,3220,G
8-NS,365,0,0,0,3243,3243,C
8-NS,366,3228,0,3,0,3231,A
8-NS,367,3248,0,1,0,3249,A
8-NS,368,0,3226,0,1,3227,T
8-NS,369,14,0,0,3229,3243,C
8-NS,370,3250,0,0,0,3250,A
8-NS,371,1,3238,0,1,3240,T
8-NS,372,1,7,3200,0,3208,G
8-NS,373,1,2,3222,0,3225,G
8-NS,374,3197,0,3,0,3200,A
8-NS,375,1,4,3231,0,3236,G
8-NS,376,3200,0,2,0,3202,A
8-NS,377,3205,0,0,0,3205,A
8-NS,378,3207,1,1,0,3209,A
8-NS,379,3211,0,0,0,3211,A
8-NS,380,3207,0,5,0,3212,A
8-NS,381,1,0,0,3230,3231,C
8-NS,382,3214,0,0,0,3214,A
8-NS,383,0,3175,0,1,3176,T
8-NS,384,7,0,0,3168,3175,C
8-NS,385,3176,0,2,0,3178,A
8-NS,386,1,3190,0,1,3192,T
8-NS,387,0,1,3200,0,3201,G
8-NS,388,0,3186,1,4,3191,T
8-NS,389,0,3168,0,2,3170,T
8-NS,390,1,5,3162,0,3168,G
8-NS,391,3151,0,1,0,3152,A
8-NS,392,3151,0,0,0,3151,A
8-NS,393,3148,0,3,1,3152,A
8-NS,394,0,0,3157,0,3157,G
8-NS,395,0,2,0,3134,3136,C
8-NS,396,2,11,3131,0,3144,G
8-NS,397,3143,0,0,0,3143,A
8-NS,398,3136,0,2,0,3138,A
8-NS,399,0,3132,0,0,3132,T
8-NS,400,0,3133,0,4,3137,T
8-NS,401,0,3143,0,0,3143,T
8-NS,402,7,2,0,3152,3161,C
8-NS,403,3128,1,2,0,3131,A
8-NS,404,1,1,3134,0,3136,G
8-NS,405,0,3122,0,1,3123,T
8-NS,406,0,0,3124,0,3124,G
8-NS,407,0,3106,0,3,3109,T
8-NS,408,0,13,3090,0,3103,G
8-NS,409,3132,0,0,0,3132,A
8-NS,410,0,3126,0,0,3126,T
8-NS,411,0,3123,0,3,3126,T
8-NS,412,0,3116,1,0,3117,T
8-NS,413,1,3110,0,0,3111,T
8-NS,414,0,3129,0,0,3129,T
8-NS,415,1,23,3096,0,3120,G
8-NS,416,3112,1,2,0,3115,A
8-NS,417,2,0,0,3094,3096,C
8-NS,418,7,0,0,3067,3074,C
8-NS,419,2,14,3085,0,3101,G
8-NS,420,3235,0,0,0,3235,A
8-NS,421,1,0,0,3296,3297,C
8-NS,422,0,3304,0,1,3305,T
8-NS,423,3326,1,1,0,3328,A
8-NS,424,0,3,3315,0,3318,G
8-NS,425,3308,0,4,0,3312,A
8-NS,426,1,12,3327,0,3340,G
8-NS,427,3306,2,5,0,3313,A
8-NS,428,3,0,0,3392,3395,C
8-NS,429,14,1,0,3260,3275,C
8-NS,430,3213,0,1,0,3214,A
8-NS,431,0,3347,1,0,3348,T
8-NS,432,3338,0,1,0,3339,A
8-NS,433,1,2,3523,0,3526,G
8-NS,434,1,3498,0,0,3499,T
8-NS,435,3498,0,0,0,3498,A
8-NS,436,0,3488,0,0,3488,T
8-NS,437,0,3400,0,1,3401,T
8-NS,438,3473,0,1,0,3474,A
8-NS,439,0,2,0,3487,3489,C
8-NS,440,2,3355,0,3,3360,T
8-NS,441,3358,0,0,0,3358,A
8-NS,442,3080,0,0,0,3080,A
8-NS,443,5,13,3081,0,3099,G
8-NS,444,0,5,3078,0,3083,G
8-NS,445,1,1,3062,0,3064,G
8-NS,446,2,0,0,3035,3037,C
8-NS,447,0,2996,0,9,3005,T
8-NS,448,0,3001,0,0,3001,T
8-NS,449,0,3026,0,0,3026,T
8-NS,450,4,0,0,3040,3044,C
8-NS,451,3061,0,1,0,3062,A
8-NS,452,0,1,0,3087,3088,C
8-NS,453,2,4,0,3052,3058,C
8-NS,454,2,7,3048,0,3057,G
8-NS,455,2984,0,24,0,3008,A
8-NS,456,3029,4,0,0,3033,A
8-NS,457,2,1,3066,0,3069,G
8-NS,458,3013,0,3,0,3016,A
8-NS,459,0,9,3028,0,3037,G
8-NS,460,0,6,2970,0,2976,G
8-NS,461,0,17,2979,0,2996,G
8-NS,462,2965,0,4,0,2969,A
8-NS,463,0,1,2983,0,2984,G
8-NS,464,2,4,0,2980,2986,C
8-NS,465,2986,0,0,0,2986,A
8-NS,466,2987,0,1,0,2988,A
8-NS,467,0,2989,1,0,2990,T
8-NS,468,0,2984,1,0,2985,T
8-NS,469,1,0,2993,0,2994,G
8-NS,470,1,2955,0,0,2956,T
8-NS,471,0,2962,0,0,2962,T
8-NS,472,2,7,2939,0,2948,G
8-NS,473,0,0,2927,0,2927,G
8-NS,474,1,0,0,2942,2943,C
8-NS,475,1,8,2955,0,2964,G
8-NS,476,2965,0,0,0,2965,A
8-NS,477,2972,0,0,0,2972,A
8-NS,478,2972,1,1,0,2974,A
8-NS,479,0,2992,0,0,2992,T
8-NS,480,9,0,0,2976,2985,C
8-NS,481,0,2959,0,2,2961,T
8-NS,482,12,2,0,2957,2971,C
8-NS,483,2978,0,1,0,2979,A
8-NS,484,1,1,0,2982,2984,C
8-NS,485,8,0,0,2977,2985,C
8-NS,486,2963,0,1,0,2964,A
8-NS,487,0,2956,0,1,2957,T
8-NS,488,1,2937,0,1,2939,T
8-NS,489,1,0,2940,0,2941,G
8-NS,490,2,0,0,2907,2909,C
8-NS,491,8,1,0,2913,2922,C
8-NS,492,0,2932,0,5,2937,T
8-NS,493,0,2923,0,0,2923,T
8-NS,494,4,0,0,2932,2936,C
8-NS,495,1,2923,0,0,2924,T
8-NS,496,1,2939,0,0,2940,T
8-NS,497,0,2988,0,1,2989,T
8-NS,498,0,2956,0,3,2959,T
8-NS,499,6,0,0,2969,2975,C
8-NS,500,4,0,0,2972,2976,C
8-NS,501,2969,0,5,0,2974,A
8-NS,502,0,6,2996,0,3002,G
8-NS,503,0,9,2980,0,2989,G
8-NS,504,3030,1,1,0,3032,A
8-NS,505,1,3,0,3038,3042,C
8-NS,506,3042,1,1,0,3044,A
8-NS,507,0,3054,0,2,3056,T
8-NS,508,3044,0,1,0,3045,A
8-NS,509,1,0,0,3233,3234,C
8-NS,510,0,3229,1,0,3230,T
8-NS,511,3202,0,0,0,3202,A
8-NS,512,0,3184,0,3,3187,T
8-NS,513,0,3075,40,0,3115,T
8-NS,514,0,4,3110,0,3114,G
8-NS,515,2998,0,2,0,3000,A
8-NS,516,0,6,3002,0,3008,G
8-NS,517,0,3,2988,0,2991,G
8-NS,518,2747,0,0,0,2747,A
8-NS,519,0,2754,0,0,2754,T
8-NS,520,0,1,2740,0,2741,G
8-NS,521,0,2708,0,2,2710,T
8-NS,522,10,0,0,2719,2729,C
8-NS,523,2741,0,2,0,2743,A
8-NS,524,2744,0,0,0,2744,A
8-NS,525,2733,0,0,0,2733,A
8-NS,526,2728,0,2,0,2730,A
8-NS,527,2726,0,1,0,2727,A
8-NS,528,1,2727,0,0,2728,T
8-NS,529,0,4,2720,0,2724,G
8-NS,530,1,0,1,2740,2742,C
8-NS,531,2731,0,16,0,2747,A
8-NS,532,2746,0,0,0,2746,A
8-NS,533,0,2741,0,1,2742,T
8-NS,534,0,2769,0,2,2771,T
8-NS,535,1,11,2749,0,2761,G
8-NS,536,1,6,2725,0,2732,G
8-NS,537,2,6,2721,0,2729,G
8-NS,538,0,0,2741,0,2741,G
8-NS,539,1,2701,0,6,2708,T
8-NS,540,7,0,0,2725,2732,C
8-NS,541,4,2,0,2724,2730,C
8-NS,542,0,2738,0,3,2741,T
8-NS,543,8,0,0,2755,2763,C
8-NS,544,2766,1,0,0,2767,A
8-NS,545,0,2753,0,0,2753,T
8-NS,546,3,5,0,2767,2775,C
8-NS,547,8,4,2748,0,2760,G
8-NS,548,0,3,2759,0,2762,G
8-NS,549,2719,0,5,0,2724,A
8-NS,550,1,7,2719,0,2727,G
8-NS,551,0,9,2729,1,2739,G
8-NS,552,2705,0,0,0,2705,A
8-NS,553,0,0,0,2736,2736,C
8-NS,554,0,2732,0,2,2734,T
8-NS,555,0,2738,0,2,2740,T
8-NS,556,0,13,2736,0,2749,G
8-NS,557,2728,0,0,1,2729,A
8-NS,558,2723,0,1,0,2724,A
8-NS,559,0,2725,0,1,2726,T
8-NS,560,0,9,2677,0,2686,G
8-NS,561,0,5,2720,0,2725,G
8-NS,562,2689,0,3,0,2692,A
8-NS,563,2725,0,0,0,2725,A
8-NS,564,0,2797,0,0,2797,T
8-NS,565,0,4,2809,0,2813,G
8-NS,566,2812,0,1,0,2813,A
8-NS,567,0,2820,0,0,2820,T
8-NS,568,2803,0,2,0,2805,A
8-NS,569,2825,0,1,0,2826,A
8-NS,570,1,1,0,2802,2804,C
8-NS,571,2759,0,0,0,2759,A
8-NS,572,1,0,0,2791,2792,C
8-NS,573,2576,0,2,0,2578,A
8-NS,574,0,0,2618,0,2618,G
8-NS,575,0,2584,0,1,2585,T
8-NS,576,1,2570,0,0,2571,T
8-NS,577,12,1,0,2577,2590,C
8-NS,578,1,4,2569,0,2574,G
8-NS,579,2551,0,2,0,2553,A
8-NS,580,0,0,2567,0,2567,G
8-NS,581,0,2508,1,1,2510,T
8-NS,582,13,0,0,2506,2519,C
8-NS,583,0,2484,0,2,2486,T
8-NS,584,9,0,0,2487,2496,C
8-NS,585,0,2512,0,1,2513,T
8-NS,586,2516,0,0,0,2516,A
8-NS,587,2511,0,0,0,2511,A
8-NS,588,2504,0,0,0,2504,A
8-NS,589,2519,0,1,0,2520,A
8-NS,590,2522,0,1,0,2523,A
8-NS,591,0,2500,1,0,2501,T
8-NS,592,4,0,0,2529,2533,C
8-NS,593,0,2512,0,1,2513,T
8-NS,594,2506,0,0,0,2506,A
8-NS,595,0,0,0,2515,2515,C
8-NS,596,2509,0,1,0,2510,A
8-NS,597,1,5,2502,0,2508,G
8-NS,598,2466,0,1,0,2467,A
8-NS,599,0,2,2465,0,2467,G
8-NS,600,2467,0,0,0,2467,A
8-NS,601,0,2426,1,0,2427,T
8-NS,602,0,2417,0,0,2417,T
8-NS,603,12,6,0,2408,2426,C
8-NS,604,2,3,2425,0,2430,G
8-NS,605,2,0,0,2424,2426,C
8-NS,606,0,2398,0,1,2399,T
8-NS,607,0,2424,0,1,2425,T
8-NS,608,0,5,2414,0,2419,G
8-NS,609,0,11,2415,0,2426,G
8-NS,610,2426,0,1,0,2427,A
8-NS,611,0,1,2431,0,2432,G
8-NS,612,2413,0,0,0,2413,A
8-NS,613,2402,0,3,0,2405,A
8-NS,614,0,0,2426,0,2426,G
8-NS,615,2,1,0,2435,2438,C
8-NS,616,2434,0,2,0,2436,A
8-NS,617,1,0,2475,0,2476,G
8-NS,618,0,2456,1,0,2457,T
8-NS,619,2469,0,0,0,2469,A
8-NS,620,2468,0,0,0,2468,A
8-NS,621,0,2457,0,0,2457,T
8-NS,622,0,11,2457,0,2468,G
8-NS,623,2386,0,4,0,2390,A
8-NS,624,1,6,2431,0,2438,G
8-NS,625,2422,0,0,0,2422,A
8-NS,626,2334,1,0,0,2335,A
8-NS,627,0,2332,0,0,2332,T
8-NS,628,1,4,2303,0,2308,G
8-NS,629,0,4,2305,0,2309,G
8-NS,630,0,4,2283,0,2287,G
8-NS,631,1,1,2263,0,2265,G
8-NS,632,0,1,2267,0,2268,G
8-NS,633,2218,0,0,0,2218,A
8-NS,634,0,2128,0,2,2130,T
8-NS,635,10,0,0,2175,2185,C
8-NS,636,1,2167,0,2,2170,T
8-NS,637,1,0,0,2175,2176,C
8-NS,638,1,2,0,2182,2185,C
8-NS,639,2190,0,0,0,2190,A
8-NS,640,1,0,0,2179,2180,C
8-NS,641,1,2143,0,4,2148,T
8-NS,642,0,2144,0,0,2144,T
8-NS,643,2116,0,0,0,2116,A
8-NS,644,0,0,0,2126,2126,C
8-NS,645,0,2078,0,3,2081,T
8-NS,646,9,0,0,2091,2100,C
8-NS,647,1,1,0,2100,2102,C
8-NS,648,2092,0,0,0,2092,A
8-NS,649,2098,0,0,0,2098,A
8-NS,650,2101,0,0,0,2101,A
8-NS,651,2099,0,0,0,2099,A
8-NS,652,0,0,0,2092,2092,C
8-NS,653,2058,1,0,0,2059,A
8-NS,654,1,4,2060,0,2065,G
8-NS,655,2059,0,0,0,2059,A
8-NS,656,2057,0,1,0,2058,A
8-NS,657,2049,0,0,0,2049,A
8-NS,658,2,0,0,2048,2050,C
8-NS,659,1,4,2047,0,2052,G
8-NS,660,1,2,2056,0,2059,G
8-NS,661,1,7,2046,0,2054,G
8-NS,662,2055,0,1,0,2056,A
8-NS,663,2046,0,0,0,2046,A
8-NS,664,2048,0,3,0,2051,A
8-NS,665,0,2031,0,0,2031,T
8-NS,666,0,5,2038,0,2043,G
8-NS,667,1,4,2028,0,2033,G
8-NS,668,0,2,0,2019,2021,C
8-NS,669,0,2,2030,0,2032,G
8-NS,670,2023,0,0,0,2023,A
8-NS,671,0,10,2022,0,2032,G
8-NS,672,2034,1,1,0,2036,A
8-NS,673,2035,0,2,0,2037,A
8-NS,674,0,4,0,2036,2040,C
8-NS,675,1997,0,2,0,1999,A
8-NS,676,0,2,1987,0,1989,G
8-NS,677,0,0,1,1971,1972,C
8-NS,678,0,1988,0,0,1988,T
8-NS,679,1984,0,0,0,1984,A
8-NS,680,1,8,1957,0,1966,G
8-NS,681,0,0,1968,0,1968,G
8-NS,682,0,1939,0,0,1939,T
8-NS,683,18,0,0,1928,1946,C
8-NS,684,1949,0,0,0,1949,A
8-NS,685,1952,0,0,0,1952,A
8-NS,686,1952,0,0,0,1952,A
8-NS,687,1963,0,0,0,1963,A
8-NS,688,0,0,1955,0,1955,G
8-NS,689,1,1920,0,0,1921,T
8-NS,690,0,1904,0,0,1904,T
8-NS,691,0,1913,0,0,1913,T
8-NS,692,0,5,1913,0,1918,G
8-NS,693,1921,0,2,0,1923,A
8-NS,694,1920,0,1,0,1921,A
8-NS,695,0,5,1915,0,1920,G
8-NS,696,1867,0,0,0,1867,A
8-NS,697,0,3,1875,0,1878,G
8-NS,698,1872,0,0,0,1872,A
8-NS,699,0,1876,0,0,1876,T
8-NS,700,1879,0,0,0,1879,A
8-NS,701,1868,0,1,0,1869,A
8-NS,702,1,1,1865,0,1867,G
8-NS,703,1729,0,1,0,1730,A
8-NS,704,0,1710,0,1,1711,T
8-NS,705,0,1,1733,0,1734,G
8-NS,706,1,0,1714,0,1715,G
8-NS,707,0,0,0,1702,1702,C
8-NS,708,0,1724,0,0,1724,T
8-NS,709,1721,0,2,0,1723,A
8-NS,710,1715,0,0,0,1715,A
8-NS,711,0,1726,0,0,1726,T
8-NS,712,0,1723,0,0,1723,T
8-NS,713,1,3,1722,0,1726,G
8-NS,714,1695,0,3,0,1698,A
8-NS,715,1689,1,0,0,1690,A
8-NS,716,0,7,1675,0,1682,G
8-NS,717,1687,0,0,0,1687,A
8-NS,718,1669,0,0,0,1669,A
8-NS,719,0,0,1673,0,1673,G
8-NS,720,0,1634,0,2,1636,T
8-NS,721,0,6,1638,0,1644,G
8-NS,722,1631,0,1,0,1632,A
8-NS,723,1,5,1622,0,1628,G
8-NS,724,1623,0,5,0,1628,A
8-NS,725,0,1,0,1622,1623,C
8-NS,726,1613,1,0,1,1615,A
8-NS,727,0,0,0,1610,1610,C
8-NS,728,1491,0,0,1,1492,A
8-NS,729,1,4,1518,0,1523,G
8-NS,730,1512,0,1,0,1513,A
8-NS,731,0,1500,0,0,1500,T
8-NS,732,1,1497,0,0,1498,T
8-NS,733,1503,0,0,0,1503,A
8-NS,734,1494,2,0,0,1496,A
8-NS,735,1497,0,0,0,1497,A
8-NS,736,1492,0,0,0,1492,A
8-NS,737,1499,0,0,0,1499,A
8-NS,738,1,0,0,1427,1428,C
8-NS,739,1381,0,0,0,1381,A
8-NS,740,1386,0,0,0,1386,A
8-NS,741,0,0,0,1387,1387,C
8-NS,742,1,1372,0,1,1374,T
8-NS,743,0,4,1388,0,1392,G
8-NS,744,1387,0,0,0,1387,A
8-NS,745,1392,0,0,0,1392,A
8-NS,746,1392,0,0,0,1392,A
8-NS,747,1364,0,0,0,1364,A
8-NS,748,0,1354,0,0,1354,T
8-NS,749,1328,0,0,0,1328,A
8-NS,750,0,0,1324,0,1324,G
8-NS,751,1,0,0,1331,1332,C
8-NS,752,0,1298,2,0,1300,T
8-NS,753,0,1302,0,0,1302,T
8-NS,754,1,1285,0,0,1286,T
8-NS,755,0,9,1284,2,1295,G
8-NS,756,1294,0,0,0,1294,A
8-NS,757,1296,0,1,0,1297,A
8-NS,758,1,0,0,1298,1299,C
8-NS,759,1265,0,0,1,1266,A
8-NS,760,1267,0,0,0,1267,A
8-NS,761,1265,0,1,0,1266,A
8-NS,762,0,1251,1,0,1252,T
8-NS,763,1259,1,0,0,1260,A
8-NS,764,1227,0,0,0,1227,A
8-NS,765,0,0,0,1235,1235,C
8-NS,766,1227,0,0,0,1227,A
8-NS,767,0,1201,0,1,1202,T
8-NS,768,0,1157,0,0,1157,T
8-NS,769,5,0,0,1159,1164,C
8-NS,770,1153,0,0,0,1153,A
8-NS,771,0,1136,0,0,1136,T
8-NS,772,0,1,1136,0,1137,G
8-NS,773,0,0,0,1128,1128,C
8-NS,774,1126,0,0,0,1126,A
8-NS,775,1117,0,1,0,1118,A
8-NS,776,0,0,1110,0,1110,G
8-NS,777,0,0,0,1118,1118,C
8-NS,778,1096,0,0,0,1096,A
8-NS,779,0,1092,0,0,1092,T
8-NS,780,0,1086,0,0,1086,T
8-NS,781,1086,0,1,0,1087,A
8-NS,782,0,0,0,1085,1085,C
8-NS,783,1082,0,0,0,1082,A
8-NS,784,1060,0,0,0,1060,A
8-NS,785,0,0,0,1055,1055,C
8-NS,786,0,900,0,0,900,T
8-NS,787,0,1,898,0,899,G
8-NS,788,0,0,0,877,877,C
8-NS,789,0,863,0,0,863,T
8-NS,790,3,0,862,0,865,G
8-NS,791,1,845,0,1,847,T
8-NS,792,0,853,0,0,853,T
8-NS,793,0,852,0,0,852,T
8-NS,794,1,2,835,0,838,G
8-NS,795,839,0,1,0,840,A
8-NS,796,817,0,1,0,818,A
8-NS,797,0,0,815,0,815,G
8-NS,798,0,808,0,0,808,T
8-NS,799,0,0,768,0,768,G
8-NS,800,1,5,765,0,771,G
8-NS,801,768,0,0,0,768,A
8-NS,802,769,0,1,0,770,A
8-NS,803,0,1,0,763,764,C
8-NS,804,742,0,2,0,744,A
8-NS,805,1,2,736,0,739,G
8-NS,806,0,2,718,0,720,G
8-NS,807,706,0,1,0,707,A
8-NS,808,0,1,701,0,702,G
8-NS,809,590,0,2,0,592,A
8-NS,810,0,586,0,0,586,T
8-NS,811,582,0,0,0,582,A
8-NS,812,573,0,0,0,573,A
8-NS,813,0,1,574,0,575,G
8-NS,814,497,0,0,0,497,A
8-NS,815,487,0,0,0,487,A
8-NS,816,0,0,0,490,490,C
8-NS,817,0,411,0,0,411,T
8-NS,818,0,397,0,0,397,T
8-NS,819,0,393,0,1,394,T
8-NS,820,2,0,0,394,396,C
8-NS,821,0,376,0,1,377,T
8-NS,822,2,0,0,367,369,C
8-NS,823,358,0,0,0,358,A
8-NS,824,0,357,0,1,358,T
8-NS,825,0,345,0,0,345,T
8-NS,826,1,344,0,0,345,T
8-NS,827,2,0,0,340,342,C
8-NS,828,329,1,0,0,330,A
8-NS,829,0,0,332,0,332,G
8-NS,830,0,0,0,328,328,C
8-NS,831,0,306,0,0,306,T
8-NS,832,0,309,0,0,309,T
8-NS,833,292,0,0,0,292,A
8-NS,834,0,292,0,0,292,T
8-NS,835,0,291,0,0,291,T
8-NS,836,0,288,0,0,288,T
8-NS,837,282,0,0,0,282,A
8-NS,838,273,0,1,0,274,A
8-NS,839,0,268,0,0,268,T
8-NS,840,0,0,264,0,264,G
8-NS,841,257,0,0,0,257,A
8-NS,842,0,222,0,0,222,T
8-NS,843,220,0,1,0,221,A
8-NS,844,222,0,0,0,222,A
8-NS,845,223,0,0,0,223,A
8-NS,846,220,0,0,0,220,A
8-NS,847,220,0,0,0,220,A
8-NS,848,218,0,0,0,218,A
8-NS,849,0,0,0,216,216,C
8-NS,850,179,0,0,0,179,A
8-NS,851,0,0,0,184,184,C
8-NS,852,2,0,1,170,173,C
8-NS,853,1,0,0,171,172,C
8-NS,854,0,159,0,0,159,T
8-NS,855,0,156,0,0,156,T
8-NS,856,0,1,159,0,160,G
8-NS,857,0,150,0,0,150,T
8-NS,858,0,149,0,0,149,T
8-NS,859,0,144,0,0,144,T
8-NS,860,1,0,0,56,57,C
8-NS,861,0,41,0,0,41,T
8-NS,862,32,0,0,0,32,A
8-NS,863,0,0,0,35,35,C
