Gene,Position,A,T,G,C,Coverage,Consensus
1-PB2,1,347,0,0,0,347,A
1-PB2,2,0,346,0,0,346,T
1-PB2,3,0,0,357,0,357,G
1-PB2,4,0,0,357,0,357,G
1-PB2,5,353,0,5,0,358,A
1-PB2,6,358,0,0,0,358,A
1-PB2,7,356,0,0,0,356,A
1-PB2,8,0,0,410,0,410,G
1-PB2,9,407,0,0,0,407,A
1-PB2,10,409,0,1,0,410,A
1-PB2,11,0,418,0,0,418,T
1-PB2,12,419,0,0,0,419,A
1-PB2,13,419,0,0,0,419,A
1-PB2,14,420,0,0,0,420,A
1-PB2,15,419,0,2,0,421,A
1-PB2,16,1,1,428,1,431,G
1-PB2,17,434,0,1,0,435,A
1-PB2,18,436,0,1,0,437,A
1-PB2,19,0,0,0,445,445,C
1-PB2,20,0,447,0,0,447,T
1-PB2,21,456,0,0,0,456,A
1-PB2,22,0,0,0,455,455,C
1-PB2,23,0,0,456,0,456,G
1-PB2,24,0,2,462,0,464,G
1-PB2,25,465,0,0,0,465,A
1-PB2,26,518,0,1,0,519,A
1-PB2,27,0,521,0,0,521,T
1-PB2,28,1,0,0,519,520,C
1-PB2,29,0,518,0,0,518,T
1-PB2,30,520,0,0,0,520,A
1-PB2,31,538,0,0,0,538,A
1-PB2,32,0,541,0,0,541,T
1-PB2,33,0,0,542,0,542,G
1-PB2,34,0,550,0,0,550,T
1-PB2,35,1,0,0,543,544,C
1-PB2,36,0,0,543,0,543,G
1-PB2,37,0,0,0,541,541,C
1-PB2,38,541,0,0,0,541,A
1-PB2,39,0,0,571,0,571,G
1-PB2,40,0,570,0,1,571,T
1-PB2,41,0,0,0,573,573,C
1-PB2,42,0,566,0,2,568,T
1-PB2,43,1,0,0,572,573,C
1-PB2,44,1,0,570,0,571,G
1-PB2,45,0,0,0,571,571,C
1-PB2,46,575,0,1,0,576,A
1-PB2,47,0,0,0,584,584,C
1-PB2,48,0,579,0,0,579,T
1-PB2,49,1,0,0,595,596,C
1-PB2,50,0,0,596,0,596,G
1-PB2,51,0,0,0,596,596,C
1-PB2,52,0,4,595,0,599,G
1-PB2,53,596,0,1,0,597,A
1-PB2,54,0,1,600,0,601,G
1-PB2,55,604,0,0,0,604,A
1-PB2,56,0,603,0,0,603,T
1-PB2,57,602,0,1,0,603,A
1-PB2,58,0,0,0,600,600,C
1-PB2,59,0,595,0,0,595,T
1-PB2,60,0,2,603,0,605,G
1-PB2,61,604,0,1,0,605,A
1-PB2,62,0,1,0,607,608,C
1-PB2,63,608,0,0,0,608,A
1-PB2,64,601,0,0,0,601,A
1-PB2,65,611,0,0,0,611,A
1-PB2,66,619,0,1,0,620,A
1-PB2,67,617,0,1,0,618,A
1-PB2,68,0,0,0,620,620,C
1-PB2,69,1,0,0,621,622,C
1-PB2,70,626,0,0,0,626,A
1-PB2,71,0,1,0,639,640,C
1-PB2,72,638,1,0,0,639,A
1-PB2,73,0,2,654,0,656,G
1-PB2,74,0,647,0,1,648,T
1-PB2,75,0,2,662,0,664,G
1-PB2,76,0,1,665,0,666,G
1-PB2,77,666,0,0,1,667,A
1-PB2,78,0,0,0,699,699,C
1-PB2,79,1,0,0,689,690,C
1-PB2,80,696,0,0,0,696,A
1-PB2,81,0,697,0,1,698,T
1-PB2,82,690,0,0,0,690,A
1-PB2,83,0,689,0,0,689,T
1-PB2,84,0,0,690,0,690,G
1-PB2,85,0,0,693,0,693,G
1-PB2,86,0,0,0,688,688,C
1-PB2,87,1,0,0,679,680,C
1-PB2,88,679,0,1,0,680,A
1-PB2,89,0,723,0,0,723,T
1-PB2,90,716,0,1,0,717,A
1-PB2,91,739,0,0,0,739,A
1-PB2,92,0,744,0,0,744,T
1-PB2,93,0,745,0,0,745,T
1-PB2,94,750,0,0,0,750,A
1-PB2,95,748,0,1,1,750,A
1-PB2,96,1,3,777,0,781,G
1-PB2,97,774,0,2,0,776,A
1-PB2,98,756,0,0,0,756,A
1-PB2,99,0,0,785,0,785,G
1-PB2,100,0,778,0,0,778,T
1-PB2,101,785,0,1,0,786,A
1-PB2,102,0,0,0,786,786,C
1-PB2,103,787,0,1,0,788,A
1-PB2,104,0,0,0,810,810,C
1-PB2,105,789,0,0,0,789,A
1-PB2,106,0,789,0,0,789,T
1-PB2,107,2,0,0,792,794,C
1-PB2,108,0,0,785,0,785,G
1-PB2,109,0,3,779,0,782,G
1-PB2,110,0,1,772,0,773,G
1-PB2,111,0,1,776,0,777,G
1-PB2,112,775,0,0,0,775,A
1-PB2,113,0,0,779,0,779,G
1-PB2,114,778,0,0,0,778,A
1-PB2,115,0,0,0,789,789,C
1-PB2,116,787,0,0,0,787,A
1-PB2,117,0,1,796,0,797,G
1-PB2,118,0,2,818,0,820,G
1-PB2,119,819,0,0,0,819,A
1-PB2,120,821,0,0,0,821,A
1-PB2,121,821,0,1,0,822,A
1-PB2,122,817,0,1,0,818,A
1-PB2,123,0,1,819,0,820,G
1-PB2,124,814,0,0,0,814,A
1-PB2,125,817,0,3,0,820,A
1-PB2,126,0,1,0,816,817,C
1-PB2,127,2,0,0,800,802,C
1-PB2,128,4,0,0,799,803,C
1-PB2,129,0,0,806,0,806,G
1-PB2,130,0,805,0,1,806,T
1-PB2,131,1,0,0,813,814,C
1-PB2,132,819,0,0,0,819,A
1-PB2,133,0,0,0,827,827,C
1-PB2,134,0,823,0,0,823,T
1-PB2,135,0,823,0,0,823,T
1-PB2,136,822,0,1,0,823,A
1-PB2,137,0,2,841,0,843,G
1-PB2,138,0,0,844,0,844,G
1-PB2,139,840,0,2,0,842,A
1-PB2,140,0,833,0,1,834,T
1-PB2,141,0,1,845,0,846,G
1-PB2,142,858,0,0,0,858,A
1-PB2,143,857,0,0,0,857,A
1-PB2,144,863,1,0,0,864,A
1-PB2,145,0,859,0,0,859,T
1-PB2,146,1,4,847,0,852,G
1-PB2,147,1,0,867,0,868,G
1-PB2,148,869,0,0,0,869,A
1-PB2,149,0,868,0,0,868,T
1-PB2,150,0,1,860,0,861,G
1-PB2,151,854,1,1,0,856,A
1-PB2,152,0,857,0,1,858,T
1-PB2,153,0,2,854,0,856,G
1-PB2,154,0,0,859,0,859,G
1-PB2,155,0,0,0,859,859,C
1-PB2,156,850,0,1,0,851,A
1-PB2,157,856,0,0,0,856,A
1-PB2,158,0,856,0,0,856,T
1-PB2,159,0,3,876,0,879,G
1-PB2,160,881,0,0,0,881,A
1-PB2,161,874,0,1,0,875,A
1-PB2,162,878,0,0,0,878,A
1-PB2,163,0,884,0,0,884,T
1-PB2,164,890,0,0,0,890,A
1-PB2,165,0,0,0,922,922,C
1-PB2,166,3,1,0,906,910,C
1-PB2,167,2,0,0,915,917,C
1-PB2,168,914,0,0,0,914,A
1-PB2,169,916,0,0,0,916,A
1-PB2,170,1,919,0,0,920,T
1-PB2,171,1,0,0,922,923,C
1-PB2,172,920,0,1,0,921,A
1-PB2,173,0,0,0,940,940,C
1-PB2,174,0,935,0,0,935,T
1-PB2,175,0,2,933,0,935,G
1-PB2,176,0,0,0,932,932,C
1-PB2,177,0,939,0,0,939,T
1-PB2,178,0,9,937,0,946,G
1-PB2,179,946,0,4,0,950,A
1-PB2,180,0,0,0,955,955,C
1-PB2,181,957,0,0,0,957,A
1-PB2,182,938,1,0,0,939,A
1-PB2,183,940,0,1,0,941,A
1-PB2,184,936,0,0,0,936,A
1-PB2,185,0,2,975,0,977,G
1-PB2,186,0,0,983,0,983,G
1-PB2,187,978,0,1,0,979,A
1-PB2,188,0,982,0,0,982,T
1-PB2,189,975,0,1,0,976,A
1-PB2,190,987,0,1,0,988,A
1-PB2,191,0,0,0,999,999,C
1-PB2,192,998,0,0,0,998,A
1-PB2,193,0,2,1000,0,1002,G
1-PB2,194,992,1,0,0,993,A
1-PB2,195,993,0,1,0,994,A
1-PB2,196,991,1,0,0,992,A
1-PB2,197,0,988,0,1,989,T
1-PB2,198,0,4,986,0,990,G
1-PB2,199,0,0,1003,0,1003,G
1-PB2,200,0,996,0,1,997,T
1-PB2,201,0,994,0,0,994,T
1-PB2,202,0,0,0,997,997,C
1-PB2,203,2,1,0,997,1000,C
1-PB2,204,0,0,1005,0,1005,G
1-PB2,205,1,3,1003,0,1007,G
1-PB2,206,996,0,5,0,1001,A
1-PB2,207,0,1,1003,0,1004,G
1-PB2,208,986,0,2,0,988,A
1-PB2,209,0,0,1018,0,1018,G
1-PB2,210,1017,0,0,0,1017,A
1-PB2,211,1017,0,0,0,1017,A
1-PB2,212,1019,0,1,0,1020,A
1-PB2,213,0,1014,0,0,1014,T
1-PB2,214,1,2,1024,0,1027,G
1-PB2,215,1025,0,2,0,1027,A
1-PB2,216,1027,0,0,0,1027,A
1-PB2,217,0,1,0,1024,1025,C
1-PB2,218,1018,0,1,0,1019,A
1-PB2,219,1023,0,0,0,1023,A
1-PB2,220,0,2,1049,0,1051,G
1-PB2,221,0,1,1057,0,1058,G
1-PB2,222,1060,0,1,0,1061,A
1-PB2,223,0,0,0,1055,1055,C
1-PB2,224,1036,1,16,0,1053,A
1-PB2,225,961,0,93,0,1054,A
1-PB2,226,1110,0,2,0,1112,A
1-PB2,227,0,1,0,1113,1114,C
1-PB2,228,1,1097,0,3,1101,T
1-PB2,229,1,0,0,1122,1123,C
1-PB2,230,0,1105,0,0,1105,T
1-PB2,231,1113,0,1,0,1114,A
1-PB2,232,0,1113,0,1,1114,T
1-PB2,233,0,1,1108,0,1109,G
1-PB2,234,0,1,1136,0,1137,G
1-PB2,235,1083,0,3,0,1086,A
1-PB2,236,1,0,1094,0,1095,G
1-PB2,237,1,1088,0,0,1089,T
1-PB2,238,1080,0,0,0,1080,A
1-PB2,239,1082,0,0,0,1082,A
1-PB2,240,1084,0,0,0,1084,A
1-PB2,241,1079,0,1,0,1080,A
1-PB2,242,0,1073,0,1,1074,T
1-PB2,243,0,8,1063,0,1071,G
1-PB2,244,1051,1,2,0,1054,A
1-PB2,245,0,0,1069,0,1069,G
1-PB2,246,0,1061,0,0,1061,T
1-PB2,247,1,1,1062,0,1064,G
1-PB2,248,1089,0,1,0,1090,A
1-PB2,249,0,1096,0,2,1098,T
1-PB2,250,1,0,1099,0,1100,G
1-PB2,251,0,0,0,1094,1094,C
1-PB2,252,0,1098,0,1,1099,T
1-PB2,253,0,2,1135,0,1137,G
1-PB2,254,0,3,1135,0,1138,G
1-PB2,255,1141,0,1,0,1142,A
1-PB2,256,0,1146,0,0,1146,T
1-PB2,257,3,1,1,1128,1133,C
1-PB2,258,1146,0,0,0,1146,A
1-PB2,259,0,1,1178,0,1179,G
1-PB2,260,1175,0,1,1,1177,A
1-PB2,261,0,1178,0,0,1178,T
1-PB2,262,1139,0,3,0,1142,A
1-PB2,263,0,2,1178,0,1180,G
1-PB2,264,1173,0,0,0,1173,A
1-PB2,265,0,0,1193,0,1193,G
1-PB2,266,0,1171,0,1,1172,T
1-PB2,267,0,0,1161,0,1161,G
1-PB2,268,1136,0,2,0,1138,A
1-PB2,269,0,1152,0,0,1152,T
1-PB2,270,2,4,1166,0,1172,G
1-PB2,271,0,1,1195,0,1196,G
1-PB2,272,0,1174,0,1,1175,T
1-PB2,273,1176,0,0,0,1176,A
1-PB2,274,0,1163,0,1,1164,T
1-PB2,275,2,1,0,1160,1163,C
1-PB2,276,1182,0,0,0,1182,A
1-PB2,277,0,0,0,1210,1210,C
1-PB2,278,2,0,0,1197,1199,C
1-PB2,279,0,1173,0,3,1176,T
1-PB2,280,0,1168,0,1,1169,T
1-PB2,281,0,1172,0,0,1172,T
1-PB2,282,1,3,1185,0,1189,G
1-PB2,283,0,0,1188,0,1188,G
1-PB2,284,0,0,0,1198,1198,C
1-PB2,285,0,1181,0,1,1182,T
1-PB2,286,0,0,1190,0,1190,G
1-PB2,287,0,1190,0,0,1190,T
1-PB2,288,1196,0,0,0,1196,A
1-PB2,289,1195,0,1,0,1196,A
1-PB2,290,0,0,0,1196,1196,C
1-PB2,291,1183,0,2,0,1185,A
1-PB2,292,0,1182,0,2,1184,T
1-PB2,293,0,3,1160,0,1163,G
1-PB2,294,0,0,1177,0,1177,G
1-PB2,295,0,1158,0,0,1158,T
1-PB2,296,0,2,1159,0,1161,G
1-PB2,297,0,4,1172,0,1176,G
1-PB2,298,1171,0,0,0,1171,A
1-PB2,299,1177,0,0,0,1177,A
1-PB2,300,0,1172,0,0,1172,T
1-PB2,301,1169,0,1,0,1170,A
1-PB2,302,0,1,1198,0,1199,G
1-PB2,303,1187,1,0,0,1188,A
1-PB2,304,1193,1,0,0,1194,A
1-PB2,305,1195,0,0,0,1195,A
1-PB2,306,0,1170,0,0,1170,T
1-PB2,307,0,4,1167,0,1171,G
1-PB2,308,0,2,1163,0,1165,G
1-PB2,309,1161,0,5,0,1166,A
1-PB2,310,0,0,0,1167,1167,C
1-PB2,311,0,0,0,1152,1152,C
1-PB2,312,2,2,0,1143,1147,C
1-PB2,313,1,0,1158,0,1159,G
1-PB2,314,0,1162,0,1,1163,T
1-PB2,315,0,6,1176,0,1182,G
1-PB2,316,1183,0,0,0,1183,A
1-PB2,317,0,0,0,1181,1181,C
1-PB2,318,1186,0,1,0,1187,A
1-PB2,319,1175,0,1,0,1176,A
1-PB2,320,0,0,1217,0,1217,G
1-PB2,321,0,1214,0,1,1215,T
1-PB2,322,1212,0,0,0,1212,A
1-PB2,323,0,2,0,1207,1209,C
1-PB2,324,0,3,1184,0,1187,G
1-PB2,325,0,0,1218,0,1218,G
1-PB2,326,1,1209,0,1,1211,T
1-PB2,327,6,1,0,1218,1225,C
1-PB2,328,2,0,0,1220,1222,C
1-PB2,329,1196,1,1,0,1198,A
1-PB2,330,0,1202,0,0,1202,T
1-PB2,331,1,1203,0,1,1205,T
1-PB2,332,1248,0,0,0,1248,A
1-PB2,333,1,0,0,1245,1246,C
1-PB2,334,1,0,0,1215,1216,C
1-PB2,335,6,0,1,1215,1222,C
1-PB2,336,1217,0,0,0,1217,A
1-PB2,337,1218,0,0,0,1218,A
1-PB2,338,1222,0,0,0,1222,A
1-PB2,339,1212,0,1,0,1213,A
1-PB2,340,1,0,1235,0,1236,G
1-PB2,341,1,1187,0,0,1188,T
1-PB2,342,2,0,1201,0,1203,G
1-PB2,343,0,1199,0,1,1200,T
1-PB2,344,1204,1,1,0,1206,A
1-PB2,345,0,0,0,1204,1204,C
1-PB2,346,1196,0,0,0,1196,A
1-PB2,347,1194,0,1,0,1195,A
1-PB2,348,32,4,1162,0,1198,G
1-PB2,349,1181,0,1,0,1182,A
1-PB2,350,0,0,0,1184,1184,C
1-PB2,351,0,1154,0,3,1157,T
1-PB2,352,0,1168,1,1,1170,T
1-PB2,353,1171,0,0,0,1171,A
1-PB2,354,0,1167,0,1,1168,T
1-PB2,355,0,1166,0,0,1166,T
1-PB2,356,0,1166,0,0,1166,T
1-PB2,357,0,0,0,1162,1162,C
1-PB2,358,0,3,1157,0,1160,G
1-PB2,359,1161,0,0,0,1161,A
1-PB2,360,0,0,0,1160,1160,C
1-PB2,361,1146,0,1,0,1147,A
1-PB2,362,1146,0,0,0,1146,A
1-PB2,363,1147,0,0,0,1147,A
1-PB2,364,0,0,1164,0,1164,G
1-PB2,365,0,1158,0,0,1158,T
1-PB2,366,3,0,0,1158,1161,C
1-PB2,367,1,2,1158,0,1161,G
1-PB2,368,1159,0,2,0,1161,A
1-PB2,369,1155,1,0,0,1156,A
1-PB2,370,1160,0,0,0,1160,A
1-PB2,371,0,4,1185,0,1189,G
1-PB2,372,1,0,1187,0,1188,G
1-PB2,373,0,1180,0,0,1180,T
1-PB2,374,0,1179,0,0,1179,T
1-PB2,375,1179,1,0,0,1180,A
1-PB2,376,1181,0,0,0,1181,A
1-PB2,377,1181,0,0,0,1181,A
1-PB2,378,1195,0,1,1,1197,A
1-PB2,379,0,0,0,1208,1208,C
1-PB2,380,1173,0,0,0,1173,A
1-PB2,381,0,1169,0,0,1169,T
1-PB2,382,0,3,1166,0,1169,G
1-PB2,383,1,2,1164,0,1167,G
1-PB2,384,1166,0,0,0,1166,A
1-PB2,385,1169,0,1,0,1170,A
1-PB2,386,0,0,0,1198,1198,C
1-PB2,387,0,0,0,1214,1214,C
1-PB2,388,0,1193,0,2,1195,T
1-PB2,389,0,1198,1,0,1199,T
1-PB2,390,1,1198,0,0,1199,T
1-PB2,391,0,1,1191,0,1192,G
1-PB2,392,0,0,1195,0,1195,G
1-PB2,393,2,1,0,1194,1197,C
1-PB2,394,1,0,0,1191,1192,C
1-PB2,395,3,0,0,1178,1181,C
1-PB2,396,0,1150,0,0,1150,T
1-PB2,397,0,1,1171,0,1172,G
1-PB2,398,0,1171,0,0,1171,T
1-PB2,399,0,1170,0,1,1171,T
1-PB2,400,3,1,0,1169,1173,C
1-PB2,401,1159,0,0,0,1159,A
1-PB2,402,0,1161,0,0,1161,T
1-PB2,403,0,1161,0,0,1161,T
1-PB2,404,0,1157,0,0,1157,T
1-PB2,405,0,1160,0,0,1160,T
1-PB2,406,1143,0,0,0,1143,A
1-PB2,407,0,3,1145,0,1148,G
1-PB2,408,1137,0,0,0,1137,A
1-PB2,409,1145,0,0,0,1145,A
1-PB2,410,1147,1,0,0,1148,A
1-PB2,411,0,1125,0,10,1135,T
1-PB2,412,3,0,0,1137,1140,C
1-PB2,413,1139,0,0,0,1139,A
1-PB2,414,1130,0,14,0,1144,A
1-PB2,415,1,0,1148,0,1149,G
1-PB2,416,0,1147,0,0,1147,T
1-PB2,417,1,0,0,1152,1153,C
1-PB2,418,1155,0,3,0,1158,A
1-PB2,419,1155,0,2,0,1157,A
1-PB2,420,0,1,1158,0,1159,G
1-PB2,421,1157,0,0,0,1157,A
1-PB2,422,0,1162,0,0,1162,T
1-PB2,423,1166,0,1,0,1167,A
1-PB2,424,0,2,0,1155,1157,C
1-PB2,425,2,1,1143,0,1146,G
1-PB2,426,0,1,0,1261,1262,C
1-PB2,427,1230,0,0,0,1230,A
1-PB2,428,0,0,1249,0,1249,G
1-PB2,429,1239,0,0,0,1239,A
1-PB2,430,1243,0,0,0,1243,A
1-PB2,431,0,1,1271,0,1272,G
1-PB2,432,1223,1,1,0,1225,A
1-PB2,433,0,0,1238,0,1238,G
1-PB2,434,0,1228,0,0,1228,T
1-PB2,435,1211,1,8,0,1220,A
1-PB2,436,0,3,1231,0,1234,G
1-PB2,437,1202,0,2,0,1204,A
1-PB2,438,0,1,0,1253,1254,C
1-PB2,439,1227,0,0,0,1227,A
1-PB2,440,0,1214,0,0,1214,T
1-PB2,441,1201,0,1,0,1202,A
1-PB2,442,1202,0,1,0,1203,A
1-PB2,443,1206,1,0,0,1207,A
1-PB2,444,0,0,0,1212,1212,C
1-PB2,445,2,0,0,1191,1193,C
1-PB2,446,4,0,0,1182,1186,C
1-PB2,447,0,1134,0,0,1134,T
1-PB2,448,0,1,1144,0,1145,G
1-PB2,449,0,0,1163,0,1163,G
1-PB2,450,0,1159,0,1,1160,T
1-PB2,451,6,0,0,1154,1160,C
1-PB2,452,1169,0,0,0,1169,A
1-PB2,453,0,1154,0,10,1164,T
1-PB2,454,0,0,1179,0,1179,G
1-PB2,455,0,0,0,1178,1178,C
1-PB2,456,1170,0,2,0,1172,A
1-PB2,457,0,5,1185,0,1190,G
1-PB2,458,1165,0,2,0,1167,A
1-PB2,459,0,1,0,1184,1185,C
1-PB2,460,1,0,0,1181,1182,C
1-PB2,461,0,1150,0,3,1153,T
1-PB2,462,0,0,0,1157,1157,C
1-PB2,463,1151,0,1,0,1152,A
1-PB2,464,0,0,1185,0,1185,G
1-PB2,465,0,1181,0,1,1182,T
1-PB2,466,0,0,1189,0,1189,G
1-PB2,467,0,0,0,1191,1191,C
1-PB2,468,4,1,0,1159,1164,C
1-PB2,469,1161,0,1,1,1163,A
1-PB2,470,1158,0,0,0,1158,A
1-PB2,471,1166,0,0,0,1166,A
1-PB2,472,0,2,1162,0,1164,G
1-PB2,473,1131,0,1,0,1132,A
1-PB2,474,0,1,1137,0,1138,G
1-PB2,475,0,0,1141,0,1141,G
1-PB2,476,0,1,0,1134,1135,C
1-PB2,477,1143,0,0,0,1143,A
1-PB2,478,0,0,0,1136,1136,C
1-PB2,479,1138,0,1,0,1139,A
1-PB2,480,1169,0,1,0,1170,A
1-PB2,481,0,0,1179,0,1179,G
1-PB2,482,1196,0,1,0,1197,A
1-PB2,483,0,1184,0,0,1184,T
1-PB2,484,0,0,1189,0,1189,G
1-PB2,485,0,1177,0,4,1181,T
1-PB2,486,1187,0,1,0,1188,A
1-PB2,487,1196,0,0,0,1196,A
1-PB2,488,0,1191,0,0,1191,T
1-PB2,489,0,1146,0,0,1146,T
1-PB2,490,1144,0,0,0,1144,A
1-PB2,491,0,1108,0,1,1109,T
1-PB2,492,0,1,1110,0,1111,G
1-PB2,493,0,3,1114,0,1117,G
1-PB2,494,1109,0,0,0,1109,A
1-PB2,495,1094,0,0,0,1094,A
1-PB2,496,0,0,1093,0,1093,G
1-PB2,497,0,1091,1,0,1092,T
1-PB2,498,0,1092,0,0,1092,T
1-PB2,499,0,0,1099,0,1099,G
1-PB2,500,0,1097,0,1,1098,T
1-PB2,501,0,1085,0,1,1086,T
1-PB2,502,0,1097,0,0,1097,T
1-PB2,503,0,1094,0,0,1094,T
1-PB2,504,0,1102,0,1,1103,T
1-PB2,505,2,0,0,1101,1103,C
1-PB2,506,0,0,0,1107,1107,C
1-PB2,507,7,0,1,1096,1104,C
1-PB2,508,1099,0,0,0,1099,A
1-PB2,509,1105,1,0,0,1106,A
1-PB2,510,0,1101,0,0,1101,T
1-PB2,511,0,0,1115,0,1115,G
1-PB2,512,1111,0,1,0,1112,A
1-PB2,513,1117,0,1,0,1118,A
1-PB2,514,0,0,1125,0,1125,G
1-PB2,515,0,1113,0,0,1113,T
1-PB2,516,0,4,1109,0,1113,G
1-PB2,517,1,1,1108,0,1110,G
1-PB2,518,0,2,1109,0,1111,G
1-PB2,519,1125,0,0,0,1125,A
1-PB2,520,0,0,1119,0,1119,G
1-PB2,521,0,1,0,1111,1112,C
1-PB2,522,1,0,0,1118,1119,C
1-PB2,523,1115,1,2,0,1118,A
1-PB2,524,1,3,1148,0,1152,G
1-PB2,525,1,1,1158,0,1160,G
1-PB2,526,1167,0,1,0,1168,A
1-PB2,527,0,1154,0,0,1154,T
1-PB2,528,1158,0,1,0,1159,A
1-PB2,529,0,0,0,1160,1160,C
1-PB2,530,0,1149,0,0,1149,T
1-PB2,531,1153,0,1,0,1154,A
1-PB2,532,1147,0,0,0,1147,A
1-PB2,533,0,0,0,1152,1152,C
1-PB2,534,1117,0,0,0,1117,A
1-PB2,535,0,1103,0,2,1105,T
1-PB2,536,0,1,0,1102,1103,C
1-PB2,537,1089,0,0,0,1089,A
1-PB2,538,0,1,1107,0,1108,G
1-PB2,539,1104,0,1,0,1105,A
1-PB2,540,1105,0,0,0,1105,A
1-PB2,541,0,1098,0,0,1098,T
1-PB2,542,1,0,0,1093,1094,C
1-PB2,543,1096,0,0,0,1096,A
1-PB2,544,0,0,0,1112,1112,C
1-PB2,545,1121,0,0,0,1121,A
1-PB2,546,1136,0,0,0,1136,A
1-PB2,547,0,1120,0,1,1121,T
1-PB2,548,0,1123,0,1,1124,T
1-PB2,549,1128,0,1,0,1129,A
1-PB2,550,1131,0,2,0,1133,A
1-PB2,551,0,0,0,1137,1137,C
1-PB2,552,1130,0,0,0,1130,A
1-PB2,553,1117,0,0,0,1117,A
1-PB2,554,0,1139,0,1,1140,T
1-PB2,555,1133,0,1,0,1134,A
1-PB2,556,1142,0,0,0,1142,A
1-PB2,557,0,0,0,1140,1140,C
1-PB2,558,0,1138,0,0,1138,T
1-PB2,559,1136,0,1,0,1137,A
1-PB2,560,1120,1,1,0,1122,A
1-PB2,561,1127,0,0,0,1127,A
1-PB2,562,0,6,1122,0,1128,G
1-PB2,563,1104,0,2,0,1106,A
1-PB2,564,0,1,1114,0,1115,G
1-PB2,565,1117,0,0,0,1117,A
1-PB2,566,1114,0,1,0,1115,A
1-PB2,567,1115,0,0,0,1115,A
1-PB2,568,1112,0,0,0,1112,A
1-PB2,569,1116,0,2,0,1118,A
1-PB2,570,1117,0,1,0,1118,A
1-PB2,571,2,1,1124,1,1128,G
1-PB2,572,1129,0,0,0,1129,A
1-PB2,573,1124,0,1,0,1125,A
1-PB2,574,0,1,1121,0,1122,G
1-PB2,575,1123,0,0,0,1123,A
1-PB2,576,1120,0,1,0,1121,A
1-PB2,577,0,0,0,1135,1135,C
1-PB2,578,0,1117,0,0,1117,T
1-PB2,579,2,0,0,1126,1128,C
1-PB2,580,4,1,0,1122,1127,C
1-PB2,581,1,4,1124,0,1129,G
1-PB2,582,1130,0,0,0,1130,A
1-PB2,583,0,0,1132,0,1132,G
1-PB2,584,1124,0,0,0,1124,A
1-PB2,585,0,1124,0,0,1124,T
1-PB2,586,0,1111,0,0,1111,T
1-PB2,587,0,0,1115,0,1115,G
1-PB2,588,0,0,0,1114,1114,C
1-PB2,589,1115,0,0,0,1115,A
1-PB2,590,1120,0,0,0,1120,A
1-PB2,591,1118,0,0,0,1118,A
1-PB2,592,1127,0,0,0,1127,A
1-PB2,593,0,1127,1,0,1128,T
1-PB2,594,0,1123,0,0,1123,T
1-PB2,595,0,1113,0,2,1115,T
1-PB2,596,2,0,0,1119,1121,C
1-PB2,597,0,1115,0,0,1115,T
1-PB2,598,4,0,0,1210,1214,C
1-PB2,599,1,0,0,1233,1234,C
1-PB2,600,4,0,0,1363,1367,C
1-PB2,601,0,1354,0,1,1355,T
1-PB2,602,0,1371,1,0,1372,T
1-PB2,603,1,0,1385,0,1386,G
1-PB2,604,1385,0,2,0,1387,A
1-PB2,605,0,1429,0,2,1431,T
1-PB2,606,1,2,1451,0,1454,G
1-PB2,607,0,2,1628,0,1630,G
1-PB2,608,0,1665,0,1,1666,T
1-PB2,609,0,1659,0,1,1660,T
1-PB2,610,0,2,1801,0,1803,G
1-PB2,611,1,0,0,1811,1812,C
1-PB2,612,1868,0,0,0,1868,A
1-PB2,613,0,1863,0,1,1864,T
1-PB2,614,1884,0,1,3,1888,A
1-PB2,615,2,1,0,1969,1972,C
1-PB2,616,2204,1,0,3,2208,A
1-PB2,617,1,2265,0,2,2268,T
1-PB2,618,0,0,2383,0,2383,G
1-PB2,619,0,2351,0,3,2354,T
1-PB2,620,0,2361,0,0,2361,T
1-PB2,621,2368,0,0,0,2368,A
1-PB2,622,0,5,2366,0,2371,G
1-PB2,623,2386,1,6,0,2393,A
1-PB2,624,0,14,2424,0,2438,G
1-PB2,625,2334,0,2,1,2337,A
1-PB2,626,0,6,2351,0,2357,G
1-PB2,627,2337,0,3,0,2340,A
1-PB2,628,1,9,2351,0,2361,G
1-PB2,629,2359,0,8,0,2367,A
1-PB2,630,2368,0,1,0,2369,A
1-PB2,631,1,0,0,2391,2392,C
1-PB2,632,0,2375,0,2,2377,T
1-PB2,633,0,2367,1,0,2368,T
1-PB2,634,0,0,2378,0,2378,G
1-PB2,635,0,2376,0,1,2377,T
1-PB2,636,2373,0,1,2,2376,A
1-PB2,637,0,0,0,2367,2367,C
1-PB2,638,0,4,2352,0,2356,G
1-PB2,639,2346,1,2,2,2351,A
1-PB2,640,2354,1,0,0,2355,A
1-PB2,641,2378,0,0,0,2378,A
1-PB2,642,2382,0,1,0,2383,A
1-PB2,643,2387,0,3,0,2390,A
1-PB2,644,0,0,0,2393,2393,C
1-PB2,645,2388,0,0,0,2388,A
1-PB2,646,2399,0,2,2,2403,A
1-PB2,647,0,4,2408,0,2412,G
1-PB2,648,2409,0,2,0,2411,A
1-PB2,649,0,2404,0,2,2406,T
1-PB2,650,0,2396,0,0,2396,T
1-PB2,651,0,2407,0,1,2408,T
1-PB2,652,2,0,0,2421,2423,C
1-PB2,653,0,2422,0,5,2427,T
1-PB2,654,7,1,0,2415,2423,C
1-PB2,655,5,0,0,2418,2423,C
1-PB2,656,7,1,0,2425,2433,C
1-PB2,657,2424,0,2,0,2426,A
1-PB2,658,0,0,2457,0,2457,G
1-PB2,659,0,2458,0,2,2460,T
1-PB2,660,0,2453,0,1,2454,T
1-PB2,661,2,1,2452,0,2455,G
1-PB2,662,1,0,0,2453,2454,C
1-PB2,663,3,2447,0,2,2452,T
1-PB2,664,1,1,2460,0,2462,G
1-PB2,665,0,1,2459,0,2460,G
1-PB2,666,0,4,0,2456,2460,C
1-PB2,667,1,4,2447,1,2453,G
1-PB2,668,0,6,2479,0,2485,G
1-PB2,669,2487,0,3,0,2490,A
1-PB2,670,2434,0,51,0,2485,A
1-PB2,671,0,1,0,2492,2493,C
1-PB2,672,2505,1,3,0,2509,A
1-PB2,673,2506,0,2,0,2508,A
1-PB2,674,0,0,2621,0,2621,G
1-PB2,675,1,6,0,2639,2646,C
1-PB2,676,2662,0,3,0,2665,A
1-PB2,677,0,0,3311,0,3311,G
1-PB2,678,0,3294,0,1,3295,T
1-PB2,679,3322,0,3,0,3325,A
1-PB2,680,0,3322,0,1,3323,T
1-PB2,681,3328,0,2,0,3330,A
1-PB2,682,0,3320,1,3,3324,T
1-PB2,683,3261,0,1,0,3262,A
1-PB2,684,1,2,1,3295,3299,C
1-PB2,685,3151,0,1,0,3152,A
1-PB2,686,0,2965,1,2,2968,T
1-PB2,687,0,2861,0,2,2863,T
1-PB2,688,0,4,2864,0,2868,G
1-PB2,689,2870,0,0,0,2870,A
1-PB2,690,2860,0,1,0,2861,A
1-PB2,691,0,0,2901,0,2901,G
1-PB2,692,0,2872,2,1,2875,T
1-PB2,693,0,2854,0,1,2855,T
1-PB2,694,0,2855,0,0,2855,T
1-PB2,695,0,2862,0,0,2862,T
1-PB2,696,2907,0,2,0,2909,A
1-PB2,697,0,0,0,2917,2917,C
1-PB2,698,2912,0,1,0,2913,A
1-PB2,699,0,2903,0,0,2903,T
1-PB2,700,0,2875,0,0,2875,T
1-PB2,701,0,2873,0,0,2873,T
1-PB2,702,2,11,2911,0,2924,G
1-PB2,703,2922,1,3,0,2926,A
1-PB2,704,0,0,0,2949,2949,C
1-PB2,705,2,2923,0,2,2927,T
1-PB2,706,2,0,0,2930,2932,C
1-PB2,707,2916,0,10,0,2926,A
1-PB2,708,2,6,2901,0,2909,G
1-PB2,709,1,4,2988,0,2993,G
1-PB2,710,0,9,2995,0,3004,G
1-PB2,711,3005,0,5,0,3010,A
1-PB2,712,3001,0,2,1,3004,A
1-PB2,713,0,0,0,3006,3006,C
1-PB2,714,3,3,3021,1,3028,G
1-PB2,715,0,3027,0,1,3028,T
1-PB2,716,0,0,3053,0,3053,G
1-PB2,717,0,3012,0,2,3014,T
1-PB2,718,1,3005,0,1,3007,T
1-PB2,719,0,4,3017,1,3022,G
1-PB2,720,1,11,2998,0,3010,G
1-PB2,721,0,17,3021,0,3038,G
1-PB2,722,3022,0,1,0,3023,A
1-PB2,723,3001,0,7,0,3008,A
1-PB2,724,0,0,1,3106,3107,C
1-PB2,725,3095,0,1,0,3096,A
1-PB2,726,3191,0,3,0,3194,A
1-PB2,727,3201,1,0,0,3202,A
1-PB2,728,0,3228,0,1,3229,T
1-PB2,729,0,1,3270,0,3271,G
1-PB2,730,1,3246,0,4,3251,T
1-PB2,731,3253,0,1,0,3254,A
1-PB2,732,0,2,0,3266,3268,C
1-PB2,733,3201,0,1,0,3202,A
1-PB2,734,0,0,0,3198,3198,C
1-PB2,735,0,3086,0,4,3090,T
1-PB2,736,9,0,0,3376,3385,C
1-PB2,737,3,0,1,3379,3383,C
1-PB2,738,3435,1,2,0,3438,A
1-PB2,739,2,1,3462,0,3465,G
1-PB2,740,0,0,3551,0,3551,G
1-PB2,741,1,3529,0,1,3531,T
1-PB2,742,0,3,3535,0,3538,G
1-PB2,743,2,5,3410,0,3417,G
1-PB2,744,3387,0,8,0,3395,A
1-PB2,745,2,4,3432,0,3438,G
1-PB2,746,0,10,3437,0,3447,G
1-PB2,747,3358,1,3,0,3362,A
1-PB2,748,0,0,3392,0,3392,G
1-PB2,749,0,3289,0,3,3292,T
1-PB2,750,2,7,3297,0,3306,G
1-PB2,751,3298,0,8,0,3306,A
1-PB2,752,0,5,3310,0,3315,G
1-PB2,753,1,3,3332,0,3336,G
1-PB2,754,3297,0,3,0,3300,A
1-PB2,755,3306,0,1,0,3307,A
1-PB2,756,0,3308,0,1,3309,T
1-PB2,757,0,6,3298,0,3304,G
1-PB2,758,3299,0,6,1,3306,A
1-PB2,759,0,5,0,3296,3301,C
1-PB2,760,1,3,3296,0,3300,G
1-PB2,761,3343,1,1,0,3345,A
1-PB2,762,0,3322,0,1,3323,T
1-PB2,763,0,0,3356,0,3356,G
1-PB2,764,0,3335,0,13,3348,T
1-PB2,765,0,3328,0,3,3331,T
1-PB2,766,0,14,3352,0,3366,G
1-PB2,767,3372,1,5,0,3378,A
1-PB2,768,0,5,0,3369,3374,C
1-PB2,769,12,0,0,3361,3373,C
1-PB2,770,3322,0,0,0,3322,A
1-PB2,771,3316,0,1,0,3317,A
1-PB2,772,3314,2,8,0,3324,A
1-PB2,773,1,1,3387,0,3389,G
1-PB2,774,1,0,0,3402,3403,C
1-PB2,775,7,0,0,3381,3388,C
1-PB2,776,1,3373,0,1,3375,T
1-PB2,777,3373,0,3,1,3377,A
1-PB2,778,3377,0,1,1,3379,A
1-PB2,779,0,3396,0,0,3396,T
1-PB2,780,0,3379,0,1,3380,T
1-PB2,781,3350,0,0,0,3350,A
1-PB2,782,0,3286,0,1,3287,T
1-PB2,783,0,3261,0,2,3263,T
1-PB2,784,3,0,3258,0,3261,G
1-PB2,785,3,1,0,3257,3261,C
1-PB2,786,2,11,3246,0,3259,G
1-PB2,787,0,0,3262,0,3262,G
1-PB2,788,0,0,0,3241,3241,C
1-PB2,789,3231,3,2,5,3241,A
1-PB2,790,3302,0,1,0,3303,A
1-PB2,791,0,8,3322,0,3330,G
1-PB2,792,1,7,3417,0,3425,G
1-PB2,793,3419,1,1,0,3421,A
1-PB2,794,3431,0,3,0,3434,A
1-PB2,795,0,0,1,3439,3440,C
1-PB2,796,3439,1,1,0,3441,A
1-PB2,797,0,3509,0,3,3512,T
1-PB2,798,3545,0,0,0,3545,A
1-PB2,799,0,1,3580,0,3581,G
1-PB2,800,0,3539,1,1,3541,T
1-PB2,801,3468,0,4,1,3473,A
1-PB2,802,3462,0,2,1,3465,A
1-PB2,803,0,6,3466,0,3472,G
1-PB2,804,3458,0,1,0,3459,A
1-PB2,805,3411,1,2,0,3414,A
1-PB2,806,0,3,3398,0,3401,G
1-PB2,807,3291,0,3,2,3296,A
1-PB2,808,2,1,3306,0,3309,G
1-PB2,809,1,0,0,3314,3315,C
1-PB2,810,10,5,0,3293,3308,C
1-PB2,811,3,2,3313,0,3318,G
1-PB2,812,1,1,0,3335,3337,C
1-PB2,813,3350,0,2,0,3352,A
1-PB2,814,0,0,3548,0,3548,G
1-PB2,815,0,3533,0,2,3535,T
1-PB2,816,3539,0,1,0,3540,A
1-PB2,817,0,3530,0,0,3530,T
1-PB2,818,7,0,0,3556,3563,C
1-PB2,819,3559,0,4,0,3563,A
1-PB2,820,1,0,3564,1,3566,G
1-PB2,821,2,0,0,3558,3560,C
1-PB2,822,3430,0,2,0,3432,A
1-PB2,823,0,7,3378,0,3385,G
1-PB2,824,3397,0,2,0,3399,A
1-PB2,825,0,3393,1,2,3396,T
1-PB2,826,5,0,0,3398,3403,C
1-PB2,827,4,2,0,3391,3397,C
1-PB2,828,3395,1,0,1,3397,A
1-PB2,829,3,1,0,3407,3411,C
1-PB2,830,0,3399,0,0,3399,T
1-PB2,831,3411,0,1,0,3412,A
1-PB2,832,1,0,3387,0,3388,G
1-PB2,833,3,0,0,3348,3351,C
1-PB2,834,3343,0,3,1,3347,A
1-PB2,835,0,3343,1,3,3347,T
1-PB2,836,0,0,0,3368,3368,C
1-PB2,837,0,3345,0,2,3347,T
1-PB2,838,0,3425,0,1,3426,T
1-PB2,839,2,3445,0,0,3447,T
1-PB2,840,3448,0,0,0,3448,A
1-PB2,841,1,3448,0,2,3451,T
1-PB2,842,0,3438,0,1,3439,T
1-PB2,843,4,6,3426,0,3436,G
1-PB2,844,0,7,3411,0,3418,G
1-PB2,845,3300,0,37,0,3337,A
1-PB2,846,4,3,3343,0,3350,G
1-PB2,847,3286,0,5,0,3291,A
1-PB2,848,0,3279,0,1,3280,T
1-PB2,849,0,0,3345,0,3345,G
1-PB2,850,1,3326,0,0,3327,T
1-PB2,851,4,0,3329,0,3333,G
1-PB2,852,0,0,0,3341,3341,C
1-PB2,853,3,2,0,3320,3325,C
1-PB2,854,3316,0,4,0,3320,A
1-PB2,855,0,5,0,3313,3318,C
1-PB2,856,3269,0,3,0,3272,A
1-PB2,857,1,0,3312,0,3313,G
1-PB2,858,2,3,0,3211,3216,C
1-PB2,859,3207,0,3,0,3210,A
1-PB2,860,0,0,0,3209,3209,C
1-PB2,861,3207,0,0,0,3207,A
1-PB2,862,1,0,0,3225,3226,C
1-PB2,863,3218,1,0,0,3219,A
1-PB2,864,3214,0,9,0,3223,A
1-PB2,865,3213,0,1,1,3215,A
1-PB2,866,1,3145,0,0,3146,T
1-PB2,867,0,3146,0,0,3146,T
1-PB2,868,0,6,3122,0,3128,G
1-PB2,869,0,0,3119,0,3119,G
1-PB2,870,1,4,0,3113,3118,C
1-PB2,871,1,4,3091,0,3096,G
1-PB2,872,1,4,3095,0,3100,G
1-PB2,873,3077,0,5,0,3082,A
1-PB2,874,3178,2,1,0,3181,A
1-PB2,875,1,1,0,3182,3184,C
1-PB2,876,3185,1,1,0,3187,A
1-PB2,877,3183,1,3,0,3187,A
1-PB2,878,0,4,3204,0,3208,G
1-PB2,879,0,3,3209,0,3212,G
1-PB2,880,3209,0,0,0,3209,A
1-PB2,881,0,3058,0,0,3058,T
1-PB2,882,0,4,3048,0,3052,G
1-PB2,883,0,0,3071,0,3071,G
1-PB2,884,0,3034,0,6,3040,T
1-PB2,885,1,5,3034,0,3040,G
1-PB2,886,0,5,3015,0,3020,G
1-PB2,887,2971,0,2,0,2973,A
1-PB2,888,23,4,0,2944,2971,C
1-PB2,889,2938,0,0,0,2938,A
1-PB2,890,1,3320,0,1,3322,T
1-PB2,891,0,3307,0,1,3308,T
1-PB2,892,9,1,0,3288,3298,C
1-PB2,893,0,3241,0,1,3242,T
1-PB2,894,0,3230,0,3,3233,T
1-PB2,895,3236,0,1,0,3237,A
1-PB2,896,0,8,3250,0,3258,G
1-PB2,897,3238,3,6,1,3248,A
1-PB2,898,0,2,0,3242,3244,C
1-PB2,899,2645,0,0,4,2649,A
1-PB2,900,2,5,2678,0,2685,G
1-PB2,901,2661,0,3,1,2665,A
1-PB2,902,2672,0,2,0,2674,A
1-PB2,903,0,2,0,2671,2673,C
1-PB2,904,3,0,0,2668,2671,C
1-PB2,905,6,31,0,2626,2663,C
1-PB2,906,6,11,2640,0,2657,G
1-PB2,907,2650,0,1,0,2651,A
1-PB2,908,1,1,0,2669,2671,C
1-PB2,909,2,2580,25,1,2608,T
1-PB2,910,0,4,2621,0,2625,G
1-PB2,911,2612,0,4,0,2616,A
1-PB2,912,2614,1,2,1,2618,A
1-PB2,913,0,9,2625,0,2634,G
1-PB2,914,2619,1,1,0,2621,A
1-PB2,915,2627,0,1,0,2628,A
1-PB2,916,0,0,0,2625,2625,C
1-PB2,917,2609,0,1,0,2610,A
1-PB2,918,2608,1,2,2,2613,A
1-PB2,919,1,1,2648,0,2650,G
1-PB2,920,1,2,0,2665,2668,C
1-PB2,921,0,2643,0,1,2644,T
1-PB2,922,0,0,2681,0,2681,G
1-PB2,923,0,2630,0,49,2679,T
1-PB2,924,2,7,2713,1,2723,G
1-PB2,925,0,1,2793,0,2794,G
1-PB2,926,2800,0,4,0,2804,A
1-PB2,927,0,2779,0,2,2781,T
1-PB2,928,2741,0,7,0,2748,A
1-PB2,929,0,2711,0,1,2712,T
1-PB2,930,2813,0,0,0,2813,A
1-PB2,931,0,2766,0,0,2766,T
1-PB2,932,1,0,2753,0,2754,G
1-PB2,933,0,2,0,2722,2724,C
1-PB2,934,2628,0,1,0,2629,A
1-PB2,935,2625,0,3,1,2629,A
1-PB2,936,2,2,2620,0,2624,G
1-PB2,937,2,0,2631,0,2633,G
1-PB2,938,1,0,0,2634,2635,C
1-PB2,939,3,2551,0,3,2557,T
1-PB2,940,3,0,2578,0,2581,G
1-PB2,941,0,0,2,2574,2576,C
1-PB2,942,2582,1,0,0,2583,A
1-PB2,943,2585,1,3,0,2589,A
1-PB2,944,0,2579,0,0,2579,T
1-PB2,945,0,8,2585,0,2593,G
1-PB2,946,1,4,2555,0,2560,G
1-PB2,947,0,2,2566,0,2568,G
1-PB2,948,2561,0,3,0,2564,A
1-PB2,949,1,2549,0,2,2552,T
1-PB2,950,0,2515,0,1,2516,T
1-PB2,951,0,7,2515,0,2522,G
1-PB2,952,2522,0,3,0,2525,A
1-PB2,953,1,5,2541,0,2547,G
1-PB2,954,2519,0,2,0,2521,A
1-PB2,955,2496,0,0,0,2496,A
1-PB2,956,1,2462,0,0,2463,T
1-PB2,957,6,0,0,2466,2472,C
1-PB2,958,2453,0,2,0,2455,A
1-PB2,959,1,2,2474,0,2477,G
1-PB2,960,0,4,0,2460,2464,C
1-PB2,961,0,2449,0,6,2455,T
1-PB2,962,12,2,0,2426,2440,C
1-PB2,963,2442,0,0,0,2442,A
1-PB2,964,0,2482,0,4,2486,T
1-PB2,965,3,1,0,2504,2508,C
1-PB2,966,2,0,0,2530,2532,C
1-PB2,967,0,2516,0,3,2519,T
1-PB2,968,0,2491,0,0,2491,T
1-PB2,969,0,0,0,2498,2498,C
1-PB2,970,2495,0,1,0,2496,A
1-PB2,971,0,0,2538,0,2538,G
1-PB2,972,0,3,1,2515,2519,C
1-PB2,973,0,2480,0,0,2480,T
1-PB2,974,0,2478,0,1,2479,T
1-PB2,975,0,2471,0,0,2471,T
1-PB2,976,1,1,2469,0,2471,G
1-PB2,977,0,0,2473,0,2473,G
1-PB2,978,0,2465,0,4,2469,T
1-PB2,979,1,14,2468,1,2484,G
1-PB2,980,1,5,2456,0,2462,G
1-PB2,981,3,0,2493,0,2496,G
1-PB2,982,0,2465,0,6,2471,T
1-PB2,983,0,2474,0,0,2474,T
1-PB2,984,0,2471,0,3,2474,T
1-PB2,985,2491,0,1,0,2492,A
1-PB2,986,0,2,0,2501,2503,C
1-PB2,987,2507,0,0,0,2507,A
1-PB2,988,0,2496,0,0,2496,T
1-PB2,989,0,2443,0,0,2443,T
1-PB2,990,1,2434,0,2,2437,T
1-PB2,991,2433,0,0,0,2433,A
1-PB2,992,2430,0,1,0,2431,A
1-PB2,993,2436,0,2,0,2438,A
1-PB2,994,2426,0,1,0,2427,A
1-PB2,995,0,7,2441,0,2448,G
1-PB2,996,2430,1,2,0,2433,A
1-PB2,997,2434,0,3,0,2437,A
1-PB2,998,0,0,0,2447,2447,C
1-PB2,999,2432,0,4,0,2436,A
1-PB2,1000,2437,0,3,0,2440,A
1-PB2,1001,0,0,2443,0,2443,G
1-PB2,1002,2,7,0,2439,2448,C
1-PB2,1003,3,10,2428,0,2441,G
1-PB2,1004,0,4,2448,0,2452,G
1-PB2,1005,2,0,2451,0,2453,G
1-PB2,1006,0,2450,0,3,2453,T
1-PB2,1007,6,0,0,2430,2436,C
1-PB2,1008,2442,1,3,0,2446,A
1-PB2,1009,0,2436,0,2,2438,T
1-PB2,1010,0,0,0,2444,2444,C
1-PB2,1011,2431,0,3,0,2434,A
1-PB2,1012,2,0,2465,0,2467,G
1-PB2,1013,1,2415,1,4,2421,T
1-PB2,1014,9,1,0,2413,2423,C
1-PB2,1015,2428,0,0,0,2428,A
1-PB2,1016,2425,0,1,0,2426,A
1-PB2,1017,2431,0,0,0,2431,A
1-PB2,1018,2428,0,0,0,2428,A
1-PB2,1019,2436,0,3,0,2439,A
1-PB2,1020,2430,0,5,0,2435,A
1-PB2,1021,1,2,2447,0,2450,G
1-PB2,1022,2434,2,4,0,2440,A
1-PB2,1023,2431,0,3,0,2434,A
1-PB2,1024,0,2,2431,1,2434,G
1-PB2,1025,2436,0,0,0,2436,A
1-PB2,1026,2364,0,1,0,2365,A
1-PB2,1027,0,2,2369,0,2371,G
1-PB2,1028,2351,1,1,0,2353,A
1-PB2,1029,2,4,2362,0,2368,G
1-PB2,1030,0,0,2395,0,2395,G
1-PB2,1031,0,2396,0,1,2397,T
1-PB2,1032,1,0,2434,0,2435,G
1-PB2,1033,0,0,0,2442,2442,C
1-PB2,1034,0,2431,0,1,2432,T
1-PB2,1035,0,2444,0,2,2446,T
1-PB2,1036,2441,0,0,0,2441,A
1-PB2,1037,0,0,0,2445,2445,C
1-PB2,1038,2342,0,76,1,2419,A
1-PB2,1039,0,6,2420,0,2426,G
1-PB2,1040,0,1,2418,0,2419,G
1-PB2,1041,0,0,0,2364,2364,C
1-PB2,1042,2342,0,0,0,2342,A
1-PB2,1043,2353,0,1,0,2354,A
1-PB2,1044,0,2380,0,0,2380,T
1-PB2,1045,1,0,1,2425,2427,C
1-PB2,1046,0,2412,0,2,2414,T
1-PB2,1047,6,1,1,2418,2426,C
1-PB2,1048,1,0,0,2419,2420,C
1-PB2,1049,2418,0,0,0,2418,A
1-PB2,1050,2417,0,1,0,2418,A
1-PB2,1051,2420,1,0,0,2421,A
1-PB2,1052,0,0,0,2438,2438,C
1-PB2,1053,2369,0,0,0,2369,A
1-PB2,1054,0,2327,0,0,2327,T
1-PB2,1055,0,2305,1,1,2307,T
1-PB2,1056,1,6,2300,0,2307,G
1-PB2,1057,2285,0,4,0,2289,A
1-PB2,1058,5,3,2263,0,2271,G
1-PB2,1059,2381,0,3,0,2384,A
1-PB2,1060,2389,0,0,1,2390,A
1-PB2,1061,0,2416,0,0,2416,T
1-PB2,1062,2413,0,2,0,2415,A
1-PB2,1063,2424,0,2,0,2426,A
1-PB2,1064,0,9,2492,0,2501,G
1-PB2,1065,2444,0,5,0,2449,A
1-PB2,1066,1,0,2552,0,2553,G
1-PB2,1067,0,2442,0,1,2443,T
1-PB2,1068,2465,0,1,0,2466,A
1-PB2,1069,0,0,0,2498,2498,C
1-PB2,1070,2485,0,0,0,2485,A
1-PB2,1071,0,2474,0,1,2475,T
1-PB2,1072,0,5,2476,0,2481,G
1-PB2,1073,2397,0,6,0,2403,A
1-PB2,1074,0,8,2410,0,2418,G
1-PB2,1075,0,18,2387,0,2405,G
1-PB2,1076,3,7,2530,0,2540,G
1-PB2,1077,2,1,2542,1,2546,G
1-PB2,1078,1,2475,0,1,2477,T
1-PB2,1079,2482,0,2,0,2484,A
1-PB2,1080,1,2476,0,0,2477,T
1-PB2,1081,0,7,2479,0,2486,G
1-PB2,1082,2481,0,3,0,2484,A
1-PB2,1083,1,5,2477,0,2483,G
1-PB2,1084,1,3,2462,1,2467,G
1-PB2,1085,2295,0,0,0,2295,A
1-PB2,1086,2,0,2375,0,2377,G
1-PB2,1087,1,2356,0,3,2360,T
1-PB2,1088,0,2435,0,2,2437,T
1-PB2,1089,8,1,1,2445,2455,C
1-PB2,1090,2446,1,1,0,2448,A
1-PB2,1091,0,1,0,2449,2450,C
1-PB2,1092,2438,0,1,0,2439,A
1-PB2,1093,2461,0,2,0,2463,A
1-PB2,1094,1,2467,1,0,2469,T
1-PB2,1095,0,4,2400,0,2404,G
1-PB2,1096,0,1,2420,0,2421,G
1-PB2,1097,0,2357,0,1,2358,T
1-PB2,1098,1,3,2361,0,2365,G
1-PB2,1099,1,8,2364,0,2373,G
1-PB2,1100,0,2,2373,0,2375,G
1-PB2,1101,0,3,2390,0,2393,G
1-PB2,1102,2372,1,2,0,2375,A
1-PB2,1103,2375,0,4,0,2379,A
1-PB2,1104,2366,0,0,0,2366,A
1-PB2,1105,2303,1,5,0,2309,A
1-PB2,1106,0,6,2332,0,2338,G
1-PB2,1107,2329,1,3,0,2333,A
1-PB2,1108,1,2,2337,0,2340,G
1-PB2,1109,0,1,0,2337,2338,C
1-PB2,1110,2325,0,0,0,2325,A
1-PB2,1111,2329,0,1,0,2330,A
1-PB2,1112,1,0,0,2425,2426,C
1-PB2,1113,2430,0,1,0,2431,A
1-PB2,1114,0,1,2471,0,2472,G
1-PB2,1115,0,0,0,2443,2443,C
1-PB2,1116,0,2424,0,1,2425,T
1-PB2,1117,2500,0,0,0,2500,A
1-PB2,1118,0,2495,0,1,2496,T
1-PB2,1119,2503,0,1,0,2504,A
1-PB2,1120,0,0,0,2507,2507,C
1-PB2,1121,0,2382,0,0,2382,T
1-PB2,1122,2387,0,1,1,2389,A
1-PB2,1123,2337,0,1,0,2338,A
1-PB2,1124,0,3,2345,1,2349,G
1-PB2,1125,2342,0,1,0,2343,A
1-PB2,1126,2292,0,1,1,2294,A
1-PB2,1127,2288,0,0,1,2289,A
1-PB2,1128,2280,0,1,0,2281,A
1-PB2,1129,0,1,2287,1,2289,G
1-PB2,1130,1,1,0,2281,2283,C
1-PB2,1131,2272,1,1,0,2274,A
1-PB2,1132,2280,0,1,0,2281,A
1-PB2,1133,0,0,0,2297,2297,C
1-PB2,1134,50,2,0,2246,2298,C
1-PB2,1135,2306,0,0,0,2306,A
1-PB2,1136,0,3,2320,0,2323,G
1-PB2,1137,2319,0,3,1,2323,A
1-PB2,1138,2317,1,2,0,2320,A
1-PB2,1139,1,2,2337,0,2340,G
1-PB2,1140,2323,0,2,0,2325,A
1-PB2,1141,0,2318,0,1,2319,T
1-PB2,1142,0,2298,0,1,2299,T
1-PB2,1143,0,12,2293,0,2305,G
1-PB2,1144,1,1,2366,0,2368,G
1-PB2,1145,0,2349,0,3,2352,T
1-PB2,1146,0,2352,0,2,2354,T
1-PB2,1147,11,0,0,2337,2348,C
1-PB2,1148,2332,0,1,0,2333,A
1-PB2,1149,2321,0,4,0,2325,A
1-PB2,1150,0,1,1,2464,2466,C
1-PB2,1151,1,2452,0,4,2457,T
1-PB2,1152,7,0,0,2477,2484,C
1-PB2,1153,2452,0,1,0,2453,A
1-PB2,1154,0,2442,0,1,2443,T
1-PB2,1155,2447,0,2,0,2449,A
1-PB2,1156,0,0,2461,0,2461,G
1-PB2,1157,0,2383,0,1,2384,T
1-PB2,1158,1,12,2391,0,2404,G
1-PB2,1159,2296,0,3,0,2299,A
1-PB2,1160,0,0,2310,0,2310,G
1-PB2,1161,0,2290,0,1,2291,T
1-PB2,1162,0,5,2287,0,2292,G
1-PB2,1163,0,3,2295,0,2298,G
1-PB2,1164,2288,1,1,0,2290,A
1-PB2,1165,2291,1,4,0,2296,A
1-PB2,1166,0,6,2291,0,2297,G
1-PB2,1167,2260,0,0,0,2260,A
1-PB2,1168,2248,0,4,0,2252,A
1-PB2,1169,2270,0,2,0,2272,A
1-PB2,1170,2,1,0,2271,2274,C
1-PB2,1171,0,15,2267,0,2282,G
1-PB2,1172,2261,0,0,0,2261,A
1-PB2,1173,2269,0,0,0,2269,A
1-PB2,1174,0,0,0,2267,2267,C
1-PB2,1175,2257,0,2,1,2260,A
1-PB2,1176,1,0,2456,0,2457,G
1-PB2,1177,0,2435,0,3,2438,T
1-PB2,1178,7,1,0,2452,2460,C
1-PB2,1179,2468,1,1,1,2471,A
1-PB2,1180,2476,0,1,1,2478,A
1-PB2,1181,0,2481,0,1,2482,T
1-PB2,1182,2488,0,0,0,2488,A
1-PB2,1183,0,1,2485,0,2486,G
1-PB2,1184,1,2,0,2478,2481,C
1-PB2,1185,2268,1,0,4,2273,A
1-PB2,1186,0,5,2286,0,2291,G
1-PB2,1187,2287,1,0,0,2288,A
1-PB2,1188,2311,0,2,0,2313,A
1-PB2,1189,1,1,2328,0,2330,G
1-PB2,1190,0,0,0,2373,2373,C
1-PB2,1191,2372,0,0,0,2372,A
1-PB2,1192,2379,0,0,1,2380,A
1-PB2,1193,1,2374,0,0,2375,T
1-PB2,1194,2389,0,0,0,2389,A
1-PB2,1195,2413,0,1,0,2414,A
1-PB2,1196,0,2405,0,1,2406,T
1-PB2,1197,3,2,0,2375,2380,C
1-PB2,1198,0,0,2375,0,2375,G
1-PB2,1199,1,2318,1,2,2322,T
1-PB2,1200,2,2,2318,1,2323,G
1-PB2,1201,0,3,2338,0,2341,G
1-PB2,1202,1,0,0,2353,2354,C
1-PB2,1203,2,2,1,2358,2363,C
1-PB2,1204,2336,0,0,0,2336,A
1-PB2,1205,0,2334,0,2,2336,T
1-PB2,1206,0,3,2344,0,2347,G
1-PB2,1207,0,0,2377,0,2377,G
1-PB2,1208,0,2340,2,1,2343,T
1-PB2,1209,2,0,2363,0,2365,G
1-PB2,1210,0,2314,0,1,2315,T
1-PB2,1211,0,2316,1,1,2318,T
1-PB2,1212,0,2321,0,3,2324,T
1-PB2,1213,0,2321,0,1,2322,T
1-PB2,1214,6,0,0,2345,2351,C
1-PB2,1215,2349,0,3,0,2352,A
1-PB2,1216,0,1,0,2425,2426,C
1-PB2,1217,2396,0,0,0,2396,A
1-PB2,1218,2396,1,0,0,2397,A
1-PB2,1219,1,1,2400,0,2402,G
1-PB2,1220,2394,0,0,0,2394,A
1-PB2,1221,2319,0,60,0,2379,A
1-PB2,1222,0,3,2417,0,2420,G
1-PB2,1223,2414,0,0,0,2414,A
1-PB2,1224,0,2428,0,1,2429,T
1-PB2,1225,0,2389,0,1,2390,T
1-PB2,1226,0,1,2392,1,2394,G
1-PB2,1227,1,0,0,2365,2366,C
1-PB2,1228,2372,0,1,1,2374,A
1-PB2,1229,0,2389,0,2,2391,T
1-PB2,1230,0,7,2457,0,2464,G
1-PB2,1231,2474,0,1,0,2475,A
1-PB2,1232,0,2478,0,0,2478,T
1-PB2,1233,2457,0,1,0,2458,A
1-PB2,1234,2467,0,0,0,2467,A
1-PB2,1235,2463,0,1,0,2464,A
1-PB2,1236,2472,1,0,1,2474,A
1-PB2,1237,1,0,2477,0,2478,G
1-PB2,1238,1,0,0,2523,2524,C
1-PB2,1239,2555,0,2,0,2557,A
1-PB2,1240,0,0,2645,0,2645,G
1-PB2,1241,1,2625,0,0,2626,T
1-PB2,1242,0,2631,0,2,2633,T
1-PB2,1243,2633,0,1,0,2634,A
1-PB2,1244,0,2,2648,1,2651,G
1-PB2,1245,2625,1,4,1,2631,A
1-PB2,1246,1,2,2632,0,2635,G
1-PB2,1247,0,0,2621,0,2621,G
1-PB2,1248,1,2485,0,1,2487,T
1-PB2,1249,0,13,2474,0,2487,G
1-PB2,1250,2503,0,2,0,2505,A
1-PB2,1251,0,3,0,2522,2525,C
1-PB2,1252,2,0,0,2520,2522,C
1-PB2,1253,1,2481,0,5,2487,T
1-PB2,1254,0,8,2482,0,2490,G
1-PB2,1255,2491,0,0,0,2491,A
1-PB2,1256,2488,0,1,0,2489,A
1-PB2,1257,0,2493,0,0,2493,T
1-PB2,1258,0,2513,0,0,2513,T
1-PB2,1259,0,2511,0,1,2512,T
1-PB2,1260,9,2,0,2499,2510,C
1-PB2,1261,0,0,2504,0,2504,G
1-PB2,1262,0,2506,0,2,2508,T
1-PB2,1263,5,3,0,2503,2511,C
1-PB2,1264,2515,0,0,0,2515,A
1-PB2,1265,2517,1,2,0,2520,A
1-PB2,1266,1,4,0,2512,2517,C
1-PB2,1267,2483,0,0,0,2483,A
1-PB2,1268,0,6,2518,0,2524,G
1-PB2,1269,2489,0,7,0,2496,A
1-PB2,1270,0,0,2515,0,2515,G
1-PB2,1271,2,0,0,2518,2520,C
1-PB2,1272,2510,0,4,0,2514,A
1-PB2,1273,2546,0,3,0,2549,A
1-PB2,1274,2545,0,4,0,2549,A
1-PB2,1275,2,2543,1,0,2546,T
1-PB2,1276,5,0,0,2548,2553,C
1-PB2,1277,2509,0,2,0,2511,A
1-PB2,1278,0,0,2521,0,2521,G
1-PB2,1279,0,3,0,2515,2518,C
1-PB2,1280,2,6,2517,0,2525,G
1-PB2,1281,0,0,2700,0,2700,G
1-PB2,1282,1,2673,0,1,2675,T
1-PB2,1283,0,2677,0,2,2679,T
1-PB2,1284,0,8,2675,0,2683,G
1-PB2,1285,2687,0,3,0,2690,A
1-PB2,1286,2710,0,1,0,2711,A
1-PB2,1287,0,3,0,2718,2721,C
1-PB2,1288,3,2,0,2698,2703,C
1-PB2,1289,4,2,0,2710,2716,C
1-PB2,1290,10,1,0,2577,2588,C
1-PB2,1291,2599,0,0,1,2600,A
1-PB2,1292,1,2612,0,1,2614,T
1-PB2,1293,0,0,2611,0,2611,G
1-PB2,1294,0,1,0,2626,2627,C
1-PB2,1295,2605,0,1,0,2606,A
1-PB2,1296,1,2590,2,3,2596,T
1-PB2,1297,10,0,0,2569,2579,C
1-PB2,1298,2571,0,1,0,2572,A
1-PB2,1299,2538,0,2,0,2540,A
1-PB2,1300,0,0,0,2594,2594,C
1-PB2,1301,0,2599,1,3,2603,T
1-PB2,1302,2,2602,0,1,2605,T
1-PB2,1303,0,2598,0,1,2599,T
1-PB2,1304,0,2602,0,0,2602,T
1-PB2,1305,2594,1,2,0,2597,A
1-PB2,1306,2593,1,3,0,2597,A
1-PB2,1307,0,3,2602,0,2605,G
1-PB2,1308,4,0,2590,0,2594,G
1-PB2,1309,0,0,0,2571,2571,C
1-PB2,1310,2560,0,1,0,2561,A
1-PB2,1311,0,2561,0,0,2561,T
1-PB2,1312,1,2576,0,2,2579,T
1-PB2,1313,0,2587,1,0,2588,T
1-PB2,1314,0,2590,0,0,2590,T
1-PB2,1315,6,1,0,2574,2581,C
1-PB2,1316,2582,0,2,0,2584,A
1-PB2,1317,0,5,2574,0,2579,G
1-PB2,1318,2577,0,0,0,2577,A
1-PB2,1319,2578,1,0,1,2580,A
1-PB2,1320,2567,0,3,0,2570,A
1-PB2,1321,0,3,2573,0,2576,G
1-PB2,1322,2591,0,3,1,2595,A
1-PB2,1323,2,2590,0,1,2593,T
1-PB2,1324,1,0,2596,0,2597,G
1-PB2,1325,2,2,0,2602,2606,C
1-PB2,1326,0,3,2602,0,2605,G
1-PB2,1327,2601,0,0,0,2601,A
1-PB2,1328,2595,1,11,0,2607,A
1-PB2,1329,2600,0,1,1,2602,A
1-PB2,1330,0,1,2611,0,2612,G
1-PB2,1331,0,2586,0,1,2587,T
1-PB2,1332,1,2,2590,0,2593,G
1-PB2,1333,0,2,0,2585,2587,C
1-PB2,1334,0,2586,0,3,2589,T
1-PB2,1335,0,2584,0,0,2584,T
1-PB2,1336,1,2583,1,1,2586,T
1-PB2,1337,0,2584,0,0,2584,T
1-PB2,1338,0,2575,0,4,2579,T
1-PB2,1339,2,3,0,2578,2583,C
1-PB2,1340,2581,1,1,0,2583,A
1-PB2,1341,2598,0,2,0,2600,A
1-PB2,1342,2596,0,0,0,2596,A
1-PB2,1343,2608,1,1,0,2610,A
1-PB2,1344,0,2604,0,0,2604,T
1-PB2,1345,1,2598,0,1,2600,T
1-PB2,1346,0,11,2602,0,2613,G
1-PB2,1347,0,3,2606,0,2609,G
1-PB2,1348,0,3,2605,0,2608,G
1-PB2,1349,0,3,2666,0,2669,G
1-PB2,1350,2635,0,4,0,2639,A
1-PB2,1351,1,0,2700,0,2701,G
1-PB2,1352,1,2686,1,2,2690,T
1-PB2,1353,0,2685,0,2,2687,T
1-PB2,1354,1,4,2702,0,2707,G
1-PB2,1355,2694,1,2,0,2697,A
1-PB2,1356,2697,0,6,1,2704,A
1-PB2,1357,0,2,0,2760,2762,C
1-PB2,1358,2733,0,2,1,2736,A
1-PB2,1359,0,1,0,2801,2802,C
1-PB2,1360,2749,1,1,0,2751,A
1-PB2,1361,0,2764,1,2,2767,T
1-PB2,1362,4,3,1,2780,2788,C
1-PB2,1363,2,7,2768,0,2777,G
1-PB2,1364,2782,1,4,0,2787,A
1-PB2,1365,0,1,0,2794,2795,C
1-PB2,1366,2695,0,2,0,2697,A
1-PB2,1367,1,0,2796,0,2797,G
1-PB2,1368,1,2707,0,4,2712,T
1-PB2,1369,0,0,2750,0,2750,G
1-PB2,1370,0,2719,0,6,2725,T
1-PB2,1371,0,4,2734,0,2738,G
1-PB2,1372,2731,1,3,0,2735,A
1-PB2,1373,0,2729,1,0,2730,T
1-PB2,1374,2,11,2713,1,2727,G
1-PB2,1375,1,8,2709,0,2718,G
1-PB2,1376,1,5,2676,0,2682,G
1-PB2,1377,2659,0,3,0,2662,A
1-PB2,1378,2637,0,2,0,2639,A
1-PB2,1379,0,2647,0,0,2647,T
1-PB2,1380,3,10,2684,0,2697,G
1-PB2,1381,2701,0,1,0,2702,A
1-PB2,1382,1,2690,0,0,2691,T
1-PB2,1383,0,2687,0,0,2687,T
1-PB2,1384,0,4,2665,0,2669,G
1-PB2,1385,1,4,2750,0,2755,G
1-PB2,1386,2717,0,3,0,2720,A
1-PB2,1387,1,0,2776,0,2777,G
1-PB2,1388,0,2744,0,1,2745,T
1-PB2,1389,2728,0,1,0,2729,A
1-PB2,1390,0,2727,0,1,2728,T
1-PB2,1391,0,2758,0,0,2758,T
1-PB2,1392,2787,0,2,0,2789,A
1-PB2,1393,0,1,0,2798,2799,C
1-PB2,1394,4,1,0,2749,2754,C
1-PB2,1395,2741,1,1,0,2743,A
1-PB2,1396,0,3,2762,0,2765,G
1-PB2,1397,2835,0,0,0,2835,A
1-PB2,1398,0,2816,1,0,2817,T
1-PB2,1399,2794,0,2,0,2796,A
1-PB2,1400,0,2756,0,1,2757,T
1-PB2,1401,0,12,2737,0,2749,G
1-PB2,1402,2761,0,4,0,2765,A
1-PB2,1403,0,0,0,2797,2797,C
1-PB2,1404,1,2775,0,1,2777,T
1-PB2,1405,6,0,0,2772,2778,C
1-PB2,1406,1,0,0,2723,2724,C
1-PB2,1407,2733,0,4,0,2737,A
1-PB2,1408,2745,0,2,1,2748,A
1-PB2,1409,0,0,2829,0,2829,G
1-PB2,1410,0,2,0,2813,2815,C
1-PB2,1411,2804,0,1,0,2805,A
1-PB2,1412,2,2,0,2803,2807,C
1-PB2,1413,2775,0,7,1,2783,A
1-PB2,1414,0,3,2790,0,2793,G
1-PB2,1415,2779,0,1,0,2780,A
1-PB2,1416,0,4,2792,0,2796,G
1-PB2,1417,2801,1,1,0,2803,A
1-PB2,1418,0,2723,0,3,2726,T
1-PB2,1419,0,1,2772,0,2773,G
1-PB2,1420,0,2750,0,1,2751,T
1-PB2,1421,5,0,0,2750,2755,C
1-PB2,1422,2758,0,11,0,2769,A
1-PB2,1423,2762,0,0,0,2762,A
1-PB2,1424,0,2754,0,0,2754,T
1-PB2,1425,1,5,2747,0,2753,G
1-PB2,1426,2712,1,3,1,2717,A
1-PB2,1427,1,5,2734,0,2740,G
1-PB2,1428,2689,0,7,0,2696,A
1-PB2,1429,1,7,2712,0,2720,G
1-PB2,1430,1,8,2883,0,2892,G
1-PB2,1431,2878,0,0,0,2878,A
1-PB2,1432,2890,0,3,0,2893,A
1-PB2,1433,0,2891,0,1,2892,T
1-PB2,1434,2891,0,2,0,2893,A
1-PB2,1435,2892,0,2,0,2894,A
1-PB2,1436,0,7,2885,0,2892,G
1-PB2,1437,2873,0,2,0,2875,A
1-PB2,1438,2,0,2882,0,2884,G
1-PB2,1439,0,2691,0,1,2692,T
1-PB2,1440,7,0,1,2702,2710,C
1-PB2,1441,2704,0,5,0,2709,A
1-PB2,1442,0,0,2725,0,2725,G
1-PB2,1443,1,2,0,2726,2729,C
1-PB2,1444,2727,1,0,0,2728,A
1-PB2,1445,2735,0,0,0,2735,A
1-PB2,1446,2723,0,1,0,2724,A
1-PB2,1447,2721,0,2,0,2723,A
1-PB2,1448,0,2732,0,0,2732,T
1-PB2,1449,2,10,2732,0,2744,G
1-PB2,1450,1,1,2741,0,2743,G
1-PB2,1451,0,0,2759,0,2759,G
1-PB2,1452,2,2726,0,2,2730,T
1-PB2,1453,2,0,2745,0,2747,G
1-PB2,1454,0,2723,0,3,2726,T
1-PB2,1455,1,3,2733,0,2737,G
1-PB2,1456,0,2,2788,0,2790,G
1-PB2,1457,2790,0,0,0,2790,A
1-PB2,1458,0,2764,0,0,2764,T
1-PB2,1459,0,6,2781,0,2787,G
1-PB2,1460,2767,1,3,0,2771,A
1-PB2,1461,2786,0,2,0,2788,A
1-PB2,1462,1,2778,0,0,2779,T
1-PB2,1463,2764,0,0,0,2764,A
1-PB2,1464,2,1,0,2978,2981,C
1-PB2,1465,0,2873,1,26,2900,T
1-PB2,1466,8,0,0,2922,2930,C
1-PB2,1467,4,6,0,2938,2948,C
1-PB2,1468,2937,0,0,0,2937,A
1-PB2,1469,1,0,3051,0,3052,G
1-PB2,1470,2,3024,0,0,3026,T
1-PB2,1471,3053,0,1,0,3054,A
1-PB2,1472,0,1,0,3059,3060,C
1-PB2,1473,2767,1,6,0,2774,A
1-PB2,1474,0,8,2785,0,2793,G
1-PB2,1475,2730,0,0,0,2730,A
1-PB2,1476,1,1,2754,0,2756,G
1-PB2,1477,2654,0,1,0,2655,A
1-PB2,1478,28,13,2529,0,2570,G
1-PB2,1479,0,8,2563,0,2571,G
1-PB2,1480,0,0,2580,0,2580,G
1-PB2,1481,1,2528,0,2,2531,T
1-PB2,1482,3,4,2537,0,2544,G
1-PB2,1483,0,0,2555,0,2555,G
1-PB2,1484,0,2529,0,0,2529,T
1-PB2,1485,0,4,2614,0,2618,G
1-PB2,1486,0,0,2608,0,2608,G
1-PB2,1487,0,2539,0,0,2539,T
1-PB2,1488,1,2532,0,1,2534,T
1-PB2,1489,2506,0,2,0,2508,A
1-PB2,1490,0,0,2520,0,2520,G
1-PB2,1491,0,0,0,2514,2514,C
1-PB2,1492,2510,0,2,0,2512,A
1-PB2,1493,1,2505,0,2,2508,T
1-PB2,1494,0,2368,0,0,2368,T
1-PB2,1495,1,5,2368,1,2375,G
1-PB2,1496,2365,1,0,0,2366,A
1-PB2,1497,0,2367,0,1,2368,T
1-PB2,1498,7,2,0,2357,2366,C
1-PB2,1499,3,4,2336,0,2343,G
1-PB2,1500,0,1,2385,0,2386,G
1-PB2,1501,2,2347,0,1,2350,T
1-PB2,1502,0,2356,0,2,2358,T
1-PB2,1503,0,2369,0,0,2369,T
1-PB2,1504,0,2370,1,1,2372,T
1-PB2,1505,0,2371,0,1,2372,T
1-PB2,1506,0,5,2374,0,2379,G
1-PB2,1507,2371,1,1,0,2373,A
1-PB2,1508,1,5,2371,0,2377,G
1-PB2,1509,2289,0,1,0,2290,A
1-PB2,1510,0,0,2311,1,2312,G
1-PB2,1511,0,2318,0,3,2321,T
1-PB2,1512,1,2306,0,2,2309,T
1-PB2,1513,4,1,0,2310,2315,C
1-PB2,1514,1,3,2315,0,2319,G
1-PB2,1515,2309,0,6,0,2315,A
1-PB2,1516,0,9,2311,0,2320,G
1-PB2,1517,2312,0,1,1,2314,A
1-PB2,1518,0,0,0,2313,2313,C
1-PB2,1519,4,2,0,2288,2294,C
1-PB2,1520,2271,0,1,0,2272,A
1-PB2,1521,2306,0,2,0,2308,A
1-PB2,1522,1,2,0,2315,2318,C
1-PB2,1523,0,0,2323,0,2323,G
1-PB2,1524,0,2304,0,1,2305,T
1-PB2,1525,1,2,2301,0,2304,G
1-PB2,1526,0,1,2301,0,2302,G
1-PB2,1527,1,3,2303,0,2307,G
1-PB2,1528,2291,0,0,0,2291,A
1-PB2,1529,2288,0,0,0,2288,A
1-PB2,1530,0,2222,0,2,2224,T
1-PB2,1531,0,1,2297,0,2298,G
1-PB2,1532,0,2290,0,1,2291,T
1-PB2,1533,2300,0,0,0,2300,A
1-PB2,1534,0,2303,0,1,2304,T
1-PB2,1535,0,2280,0,0,2280,T
1-PB2,1536,2313,1,0,0,2314,A
1-PB2,1537,0,2296,0,0,2296,T
1-PB2,1538,0,2267,0,0,2267,T
1-PB2,1539,2263,0,0,0,2263,A
1-PB2,1540,0,1997,0,0,1997,T
1-PB2,1541,3,0,0,2074,2077,C
1-PB2,1542,0,2041,0,3,2044,T
1-PB2,1543,5,0,0,2056,2061,C
1-PB2,1544,3,1,0,2062,2066,C
1-PB2,1545,0,2001,1,2,2004,T
1-PB2,1546,1,3,2008,0,2012,G
1-PB2,1547,1998,0,2,0,2000,A
1-PB2,1548,0,1,2007,0,2008,G
1-PB2,1549,0,3,2007,0,2010,G
1-PB2,1550,1750,0,2,0,1752,A
1-PB2,1551,1,3,1765,0,1769,G
1-PB2,1552,1,0,1758,0,1759,G
1-PB2,1553,0,1683,0,1,1684,T
1-PB2,1554,7,1,0,1675,1683,C
1-PB2,1555,1676,0,1,0,1677,A
1-PB2,1556,0,0,1706,0,1706,G
1-PB2,1557,0,1696,0,0,1696,T
1-PB2,1558,0,5,1698,0,1703,G
1-PB2,1559,1695,0,1,0,1696,A
1-PB2,1560,1630,0,2,0,1632,A
1-PB2,1561,1638,0,4,0,1642,A
1-PB2,1562,1,1,0,1638,1640,C
1-PB2,1563,1626,0,0,0,1626,A
1-PB2,1564,0,2,0,1631,1633,C
1-PB2,1565,1559,1,1,0,1561,A
1-PB2,1566,0,2,1570,0,1572,G
1-PB2,1567,0,4,1566,0,1570,G
1-PB2,1568,0,2,1577,0,1579,G
1-PB2,1569,1567,0,1,0,1568,A
1-PB2,1570,1545,0,0,0,1545,A
1-PB2,1571,0,0,0,1558,1558,C
1-PB2,1572,0,1519,0,0,1519,T
1-PB2,1573,0,2,1516,0,1518,G
1-PB2,1574,1500,0,2,0,1502,A
1-PB2,1575,0,2,1505,0,1507,G
1-PB2,1576,1470,0,2,0,1472,A
1-PB2,1577,0,1,1384,0,1385,G
1-PB2,1578,1380,0,2,0,1382,A
1-PB2,1579,0,0,0,1374,1374,C
1-PB2,1580,0,1320,0,0,1320,T
1-PB2,1581,0,3,1324,0,1327,G
1-PB2,1582,1311,0,7,0,1318,A
1-PB2,1583,0,1,0,1324,1325,C
1-PB2,1584,1314,0,0,0,1314,A
1-PB2,1585,1305,0,1,0,1306,A
1-PB2,1586,0,1305,0,0,1305,T
1-PB2,1587,1294,0,1,0,1295,A
1-PB2,1588,1297,0,0,0,1297,A
1-PB2,1589,0,0,0,1299,1299,C
1-PB2,1590,0,1194,0,0,1194,T
1-PB2,1591,0,1174,0,0,1174,T
1-PB2,1592,1160,0,0,0,1160,A
1-PB2,1593,0,1157,1,2,1160,T
1-PB2,1594,0,1152,0,1,1153,T
1-PB2,1595,1,0,0,1151,1152,C
1-PB2,1596,1065,0,1,0,1066,A
1-PB2,1597,0,1062,0,0,1062,T
1-PB2,1598,1,1,0,1024,1026,C
1-PB2,1599,0,0,1025,0,1025,G
1-PB2,1600,1,1023,0,2,1026,T
1-PB2,1601,1,0,0,1001,1002,C
1-PB2,1602,0,0,1001,0,1001,G
1-PB2,1603,1001,0,1,0,1002,A
1-PB2,1604,0,1005,0,0,1005,T
1-PB2,1605,0,1,998,0,999,G
1-PB2,1606,993,0,0,0,993,A
1-PB2,1607,0,988,0,0,988,T
1-PB2,1608,2,1,974,0,977,G
1-PB2,1609,0,908,0,1,909,T
1-PB2,1610,2,8,904,0,914,G
1-PB2,1611,0,2,917,0,919,G
1-PB2,1612,0,2,911,0,913,G
1-PB2,1613,885,0,0,0,885,A
1-PB2,1614,457,0,399,0,856,A
1-PB2,1615,796,0,0,0,796,A
1-PB2,1616,0,769,0,0,769,T
1-PB2,1617,0,746,0,0,746,T
1-PB2,1618,746,0,0,0,746,A
1-PB2,1619,730,0,0,0,730,A
1-PB2,1620,0,0,0,721,721,C
1-PB2,1621,1,0,659,0,660,G
1-PB2,1622,0,0,654,0,654,G
1-PB2,1623,0,552,0,0,552,T
1-PB2,1624,0,0,0,544,544,C
1-PB2,1625,2,1,0,540,543,C
1-PB2,1626,0,493,0,0,493,T
1-PB2,1627,0,0,494,0,494,G
1-PB2,1628,490,0,0,0,490,A
1-PB2,1629,0,0,497,0,497,G
1-PB2,1630,0,488,0,0,488,T
1-PB2,1631,1,0,0,479,480,C
1-PB2,1632,0,1,479,0,480,G
1-PB2,1633,0,0,481,0,481,G
1-PB2,1634,0,478,0,0,478,T
1-PB2,1635,0,480,0,0,480,T
1-PB2,1636,0,477,0,0,477,T
1-PB2,1637,0,478,0,0,478,T
1-PB2,1638,0,0,484,0,484,G
1-PB2,1639,0,0,485,0,485,G
1-PB2,1640,0,488,0,0,488,T
1-PB2,1641,2,0,0,486,488,C
1-PB2,1642,476,1,1,0,478,A
1-PB2,1643,479,0,0,0,479,A
1-PB2,1644,0,0,0,468,468,C
1-PB2,1645,478,0,0,0,478,A
1-PB2,1646,0,0,0,501,501,C
1-PB2,1647,0,0,0,500,500,C
1-PB2,1648,0,505,0,0,505,T
1-PB2,1649,517,0,0,0,517,A
1-PB2,1650,1,515,0,0,516,T
1-PB2,1651,1,0,0,516,517,C
1-PB2,1652,512,0,0,0,512,A
1-PB2,1653,513,0,0,0,513,A
1-PB2,1654,1,514,0,0,515,T
1-PB2,1655,0,1,492,0,493,G
1-PB2,1656,0,3,485,0,488,G
1-PB2,1657,484,0,0,0,484,A
1-PB2,1658,0,479,0,0,479,T
1-PB2,1659,1,0,0,481,482,C
1-PB2,1660,467,0,14,0,481,A
1-PB2,1661,1,478,0,0,479,T
1-PB2,1662,0,0,0,482,482,C
1-PB2,1663,486,0,0,0,486,A
1-PB2,1664,0,1,483,0,484,G
1-PB2,1665,487,0,0,0,487,A
1-PB2,1666,487,0,0,0,487,A
1-PB2,1667,488,0,0,0,488,A
1-PB2,1668,0,489,0,0,489,T
1-PB2,1669,0,491,0,0,491,T
1-PB2,1670,1,1,481,0,483,G
1-PB2,1671,1,1,483,0,485,G
1-PB2,1672,0,0,486,0,486,G
1-PB2,1673,487,0,0,0,487,A
1-PB2,1674,479,0,0,0,479,A
1-PB2,1675,0,0,481,0,481,G
1-PB2,1676,0,0,0,483,483,C
1-PB2,1677,0,486,0,0,486,T
1-PB2,1678,1,0,492,0,493,G
1-PB2,1679,0,489,0,0,489,T
1-PB2,1680,0,0,0,492,492,C
1-PB2,1681,493,2,1,0,496,A
1-PB2,1682,497,0,0,0,497,A
1-PB2,1683,496,0,0,0,496,A
1-PB2,1684,501,0,0,0,501,A
1-PB2,1685,0,502,0,0,502,T
1-PB2,1686,0,498,0,0,498,T
1-PB2,1687,0,0,0,500,500,C
1-PB2,1688,498,0,0,0,498,A
1-PB2,1689,498,0,0,0,498,A
1-PB2,1690,0,496,0,0,496,T
1-PB2,1691,0,1,498,0,499,G
1-PB2,1692,0,0,505,0,505,G
1-PB2,1693,0,503,0,0,503,T
1-PB2,1694,0,0,0,507,507,C
1-PB2,1695,0,505,0,1,506,T
1-PB2,1696,3,1,0,507,511,C
1-PB2,1697,512,0,1,0,513,A
1-PB2,1698,0,1,509,0,510,G
1-PB2,1699,512,0,0,0,512,A
1-PB2,1700,517,0,0,0,517,A
1-PB2,1701,0,506,0,0,506,T
1-PB2,1702,0,0,0,504,504,C
1-PB2,1703,0,0,0,501,501,C
1-PB2,1704,0,504,0,1,505,T
1-PB2,1705,5,0,497,0,502,G
1-PB2,1706,0,0,0,505,505,C
1-PB2,1707,505,0,0,0,505,A
1-PB2,1708,508,0,0,0,508,A
1-PB2,1709,0,500,0,0,500,T
1-PB2,1710,0,0,508,0,508,G
1-PB2,1711,0,514,0,0,514,T
1-PB2,1712,0,499,0,0,499,T
1-PB2,1713,0,0,505,0,505,G
1-PB2,1714,1,501,0,0,502,T
1-PB2,1715,504,0,0,0,504,A
1-PB2,1716,0,1,0,507,508,C
1-PB2,1717,497,0,0,0,497,A
1-PB2,1718,505,0,0,0,505,A
1-PB2,1719,0,0,0,499,499,C
1-PB2,1720,492,0,0,0,492,A
1-PB2,1721,489,1,0,0,490,A
1-PB2,1722,487,0,1,0,488,A
1-PB2,1723,488,0,0,0,488,A
1-PB2,1724,0,489,0,0,489,T
1-PB2,1725,0,0,484,0,484,G
1-PB2,1726,0,1,485,0,486,G
1-PB2,1727,479,0,0,0,479,A
1-PB2,1728,482,0,0,0,482,A
1-PB2,1729,0,485,0,0,485,T
1-PB2,1730,0,486,0,0,486,T
1-PB2,1731,0,486,0,0,486,T
1-PB2,1732,1,0,480,0,481,G
1-PB2,1733,486,0,0,0,486,A
1-PB2,1734,484,0,0,0,484,A
1-PB2,1735,0,0,0,485,485,C
1-PB2,1736,5,0,0,476,481,C
1-PB2,1737,486,0,0,0,486,A
1-PB2,1738,0,495,0,0,495,T
1-PB2,1739,0,494,0,0,494,T
1-PB2,1740,1,496,0,0,497,T
1-PB2,1741,0,0,0,498,498,C
1-PB2,1742,497,0,0,0,497,A
1-PB2,1743,491,0,0,0,491,A
1-PB2,1744,0,495,0,1,496,T
1-PB2,1745,1,0,0,506,507,C
1-PB2,1746,0,499,0,0,499,T
1-PB2,1747,0,500,0,0,500,T
1-PB2,1748,0,502,0,0,502,T
1-PB2,1749,502,0,0,0,502,A
1-PB2,1750,0,0,505,0,505,G
1-PB2,1751,0,497,0,2,499,T
1-PB2,1752,0,1,0,506,507,C
1-PB2,1753,1,0,0,507,508,C
1-PB2,1754,3,0,0,501,504,C
1-PB2,1755,2,0,0,499,501,C
1-PB2,1756,500,0,0,0,500,A
1-PB2,1757,500,0,0,0,500,A
1-PB2,1758,0,1,507,0,508,G
1-PB2,1759,0,0,504,0,504,G
1-PB2,1760,0,0,0,507,507,C
1-PB2,1761,0,0,0,498,498,C
1-PB2,1762,500,0,0,0,500,A
1-PB2,1763,0,504,0,0,504,T
1-PB2,1764,0,507,0,0,507,T
1-PB2,1765,509,0,0,0,509,A
1-PB2,1766,0,0,508,0,508,G
1-PB2,1767,506,0,0,0,506,A
1-PB2,1768,533,0,0,0,533,A
1-PB2,1769,0,0,534,0,534,G
1-PB2,1770,0,0,0,531,531,C
1-PB2,1771,0,0,0,534,534,C
1-PB2,1772,531,0,0,0,531,A
1-PB2,1773,536,0,1,0,537,A
1-PB2,1774,0,541,1,0,542,T
1-PB2,1775,547,0,0,0,547,A
1-PB2,1776,0,0,0,547,547,C
1-PB2,1777,502,0,0,0,502,A
1-PB2,1778,0,0,503,0,503,G
1-PB2,1779,0,492,0,0,492,T
1-PB2,1780,0,1,497,0,498,G
1-PB2,1781,0,0,499,0,499,G
1-PB2,1782,1,0,498,0,499,G
1-PB2,1783,0,491,0,0,491,T
1-PB2,1784,0,492,0,0,492,T
1-PB2,1785,0,496,0,0,496,T
1-PB2,1786,0,0,495,0,495,G
1-PB2,1787,0,492,0,0,492,T
1-PB2,1788,0,0,0,495,495,C
1-PB2,1789,490,0,0,0,490,A
1-PB2,1790,0,0,488,0,488,G
1-PB2,1791,486,0,0,0,486,A
1-PB2,1792,490,0,0,0,490,A
1-PB2,1793,0,0,0,487,487,C
1-PB2,1794,0,480,0,0,480,T
1-PB2,1795,1,0,0,495,496,C
1-PB2,1796,0,497,0,0,497,T
1-PB2,1797,497,0,0,0,497,A
1-PB2,1798,0,501,0,0,501,T
1-PB2,1799,1,499,0,0,500,T
1-PB2,1800,0,0,0,498,498,C
1-PB2,1801,1,0,0,492,493,C
1-PB2,1802,491,0,0,0,491,A
1-PB2,1803,492,0,1,0,493,A
1-PB2,1804,0,0,0,493,493,C
1-PB2,1805,488,0,0,0,488,A
1-PB2,1806,487,0,0,0,487,A
1-PB2,1807,484,0,0,0,484,A
1-PB2,1808,0,486,0,0,486,T
1-PB2,1809,0,1,486,0,487,G
1-PB2,1810,484,0,0,0,484,A
1-PB2,1811,1,1,482,0,484,G
1-PB2,1812,483,0,1,0,484,A
1-PB2,1813,0,0,487,0,487,G
1-PB2,1814,486,0,0,0,486,A
1-PB2,1815,1,0,0,482,483,C
1-PB2,1816,0,0,490,0,490,G
1-PB2,1817,0,488,0,1,489,T
1-PB2,1818,499,0,0,0,499,A
1-PB2,1819,0,0,0,508,508,C
1-PB2,1820,0,496,0,0,496,T
1-PB2,1821,0,497,0,0,497,T
1-PB2,1822,0,2,498,0,500,G
1-PB2,1823,0,0,496,0,496,G
1-PB2,1824,0,2,498,0,500,G
1-PB2,1825,492,0,0,0,492,A
1-PB2,1826,0,0,0,490,490,C
1-PB2,1827,493,0,0,0,493,A
1-PB2,1828,0,497,0,0,497,T
1-PB2,1829,0,499,0,0,499,T
1-PB2,1830,0,502,0,1,503,T
1-PB2,1831,0,2,502,0,504,G
1-PB2,1832,503,0,0,0,503,A
1-PB2,1833,0,0,0,507,507,C
1-PB2,1834,499,0,1,0,500,A
1-PB2,1835,0,0,0,503,503,C
1-PB2,1836,0,0,0,504,504,C
1-PB2,1837,507,0,0,0,507,A
1-PB2,1838,0,0,0,510,510,C
1-PB2,1839,0,0,0,512,512,C
1-PB2,1840,0,0,0,512,512,C
1-PB2,1841,510,0,1,0,511,A
1-PB2,1842,0,0,520,0,520,G
1-PB2,1843,519,0,0,0,519,A
1-PB2,1844,0,542,0,0,542,T
1-PB2,1845,538,0,0,0,538,A
1-PB2,1846,522,0,0,0,522,A
1-PB2,1847,0,525,0,0,525,T
1-PB2,1848,527,0,0,0,527,A
1-PB2,1849,520,0,0,0,520,A
1-PB2,1850,520,0,0,0,520,A
1-PB2,1851,0,0,519,0,519,G
1-PB2,1852,0,0,0,514,514,C
1-PB2,1853,0,498,0,0,498,T
1-PB2,1854,0,503,0,0,503,T
1-PB2,1855,0,0,0,503,503,C
1-PB2,1856,0,496,0,0,496,T
1-PB2,1857,0,0,0,501,501,C
1-PB2,1858,0,1,0,507,508,C
1-PB2,1859,1,0,0,504,505,C
1-PB2,1860,0,504,0,0,504,T
1-PB2,1861,0,499,0,0,499,T
1-PB2,1862,0,497,0,0,497,T
1-PB2,1863,0,504,0,0,504,T
1-PB2,1864,0,0,498,0,498,G
1-PB2,1865,0,0,0,502,502,C
1-PB2,1866,497,0,1,0,498,A
1-PB2,1867,0,0,497,0,497,G
1-PB2,1868,0,0,0,490,490,C
1-PB2,1869,0,490,0,0,490,T
1-PB2,1870,1,0,492,0,493,G
1-PB2,1871,0,0,0,494,494,C
1-PB2,1872,0,482,0,0,482,T
1-PB2,1873,0,0,0,493,493,C
1-PB2,1874,1,0,0,499,500,C
1-PB2,1875,499,0,2,0,501,A
1-PB2,1876,0,0,0,505,505,C
1-PB2,1877,0,1,0,505,506,C
1-PB2,1878,499,0,1,0,500,A
1-PB2,1879,500,0,0,0,500,A
1-PB2,1880,503,0,1,0,504,A
1-PB2,1881,0,0,505,0,505,G
1-PB2,1882,0,0,0,500,500,C
1-PB2,1883,492,0,0,0,492,A
1-PB2,1884,494,0,0,0,494,A
1-PB2,1885,495,0,0,0,495,A
1-PB2,1886,0,0,497,0,497,G
1-PB2,1887,0,2,0,497,499,C
1-PB2,1888,497,0,0,0,497,A
1-PB2,1889,0,0,499,0,499,G
1-PB2,1890,495,0,0,0,495,A
1-PB2,1891,498,0,0,0,498,A
1-PB2,1892,0,499,0,0,499,T
1-PB2,1893,0,0,496,0,496,G
1-PB2,1894,0,1,0,494,495,C
1-PB2,1895,493,0,0,0,493,A
1-PB2,1896,0,0,499,0,499,G
1-PB2,1897,0,496,0,0,496,T
1-PB2,1898,0,516,0,0,516,T
1-PB2,1899,0,0,0,516,516,C
1-PB2,1900,0,506,0,1,507,T
1-PB2,1901,0,0,0,518,518,C
1-PB2,1902,0,514,0,0,514,T
1-PB2,1903,0,519,0,0,519,T
1-PB2,1904,1,0,0,519,520,C
1-PB2,1905,512,0,0,0,512,A
1-PB2,1906,0,0,0,515,515,C
1-PB2,1907,0,499,0,0,499,T
1-PB2,1908,0,1,506,0,507,G
1-PB2,1909,491,0,0,0,491,A
1-PB2,1910,0,1,0,504,505,C
1-PB2,1911,1,502,0,0,503,T
1-PB2,1912,1,0,513,0,514,G
1-PB2,1913,0,509,0,1,510,T
1-PB2,1914,1,0,512,0,513,G
1-PB2,1915,512,0,0,0,512,A
1-PB2,1916,513,0,0,0,513,A
1-PB2,1917,0,503,0,0,503,T
1-PB2,1918,0,0,504,0,504,G
1-PB2,1919,0,486,0,1,487,T
1-PB2,1920,0,0,494,0,494,G
1-PB2,1921,482,0,0,0,482,A
1-PB2,1922,0,0,483,0,483,G
1-PB2,1923,0,1,483,0,484,G
1-PB2,1924,0,1,480,0,481,G
1-PB2,1925,0,0,491,0,491,G
1-PB2,1926,492,0,0,0,492,A
1-PB2,1927,0,487,0,2,489,T
1-PB2,1928,0,0,0,493,493,C
1-PB2,1929,490,0,0,0,490,A
1-PB2,1930,0,1,499,0,500,G
1-PB2,1931,0,2,492,0,494,G
1-PB2,1932,0,1,490,0,491,G
1-PB2,1933,491,0,0,0,491,A
1-PB2,1934,0,466,0,0,466,T
1-PB2,1935,0,0,469,0,469,G
1-PB2,1936,462,0,0,0,462,A
1-PB2,1937,0,0,478,0,478,G
1-PB2,1938,477,0,0,0,477,A
1-PB2,1939,474,0,0,0,474,A
1-PB2,1940,0,476,0,0,476,T
1-PB2,1941,470,0,0,0,470,A
1-PB2,1942,0,0,0,476,476,C
1-PB2,1943,0,470,0,0,470,T
1-PB2,1944,0,469,0,0,469,T
1-PB2,1945,0,0,469,0,469,G
1-PB2,1946,0,453,0,0,453,T
1-PB2,1947,453,0,0,0,453,A
1-PB2,1948,453,0,0,1,454,A
1-PB2,1949,0,3,441,0,444,G
1-PB2,1950,0,5,436,0,441,G
1-PB2,1951,0,0,437,0,437,G
1-PB2,1952,1,1,438,0,440,G
1-PB2,1953,0,6,0,436,442,C
1-PB2,1954,442,0,1,0,443,A
1-PB2,1955,452,0,0,0,452,A
1-PB2,1956,0,452,0,0,452,T
1-PB2,1957,0,451,0,0,451,T
1-PB2,1958,0,0,0,459,459,C
1-PB2,1959,0,455,0,0,455,T
1-PB2,1960,0,0,0,458,458,C
1-PB2,1961,2,0,0,455,457,C
1-PB2,1962,0,459,0,0,459,T
1-PB2,1963,0,0,463,0,463,G
1-PB2,1964,0,459,0,0,459,T
1-PB2,1965,462,0,0,0,462,A
1-PB2,1966,0,461,0,0,461,T
1-PB2,1967,0,456,0,0,456,T
1-PB2,1968,1,0,0,456,457,C
1-PB2,1969,449,0,0,0,449,A
1-PB2,1970,455,0,0,0,455,A
1-PB2,1971,0,0,0,459,459,C
1-PB2,1972,0,451,0,0,451,T
1-PB2,1973,456,0,0,0,456,A
1-PB2,1974,0,0,0,466,466,C
1-PB2,1975,467,0,0,0,467,A
1-PB2,1976,465,0,0,0,465,A
1-PB2,1977,0,0,0,463,463,C
1-PB2,1978,464,0,0,0,464,A
1-PB2,1979,464,0,0,0,464,A
1-PB2,1980,0,0,466,0,466,G
1-PB2,1981,463,0,0,0,463,A
1-PB2,1982,0,0,0,472,472,C
1-PB2,1983,1,0,0,458,459,C
1-PB2,1984,459,1,2,0,462,A
1-PB2,1985,0,0,0,475,475,C
1-PB2,1986,0,473,0,0,473,T
1-PB2,1987,476,0,0,0,476,A
1-PB2,1988,0,0,467,0,467,G
1-PB2,1989,466,0,0,0,466,A
1-PB2,1990,468,0,0,0,468,A
1-PB2,1991,0,1,472,0,473,G
1-PB2,1992,470,0,0,0,470,A
1-PB2,1993,0,0,0,467,467,C
1-PB2,1994,0,453,0,0,453,T
1-PB2,1995,452,0,0,0,452,A
1-PB2,1996,451,0,0,0,451,A
1-PB2,1997,1,0,0,450,451,C
1-PB2,1998,455,0,0,0,455,A
1-PB2,1999,452,0,0,0,452,A
1-PB2,2000,0,443,0,0,443,T
1-PB2,2001,0,443,0,0,443,T
1-PB2,2002,0,0,0,442,442,C
1-PB2,2003,0,439,0,1,440,T
1-PB2,2004,0,1,0,448,449,C
1-PB2,2005,0,1,443,0,444,G
1-PB2,2006,0,0,446,0,446,G
1-PB2,2007,445,0,0,0,445,A
1-PB2,2008,445,0,0,0,445,A
1-PB2,2009,445,0,0,0,445,A
1-PB2,2010,446,0,0,0,446,A
1-PB2,2011,0,1,445,0,446,G
1-PB2,2012,442,0,0,0,442,A
1-PB2,2013,0,441,0,1,442,T
1-PB2,2014,0,0,443,0,443,G
1-PB2,2015,0,0,0,438,438,C
1-PB2,2016,1,0,0,442,443,C
1-PB2,2017,2,0,441,0,443,G
1-PB2,2018,0,0,438,0,438,G
1-PB2,2019,0,0,0,448,448,C
1-PB2,2020,442,0,1,0,443,A
1-PB2,2021,0,0,0,450,450,C
1-PB2,2022,0,446,0,0,446,T
1-PB2,2023,0,450,0,0,450,T
1-PB2,2024,0,449,0,0,449,T
1-PB2,2025,449,0,0,0,449,A
1-PB2,2026,451,0,0,0,451,A
1-PB2,2027,0,450,0,0,450,T
1-PB2,2028,0,448,0,0,448,T
1-PB2,2029,0,1,448,0,449,G
1-PB2,2030,445,0,0,0,445,A
1-PB2,2031,443,0,0,0,443,A
1-PB2,2032,0,2,439,0,441,G
1-PB2,2033,445,0,0,0,445,A
1-PB2,2034,0,0,0,446,446,C
1-PB2,2035,1,0,0,447,448,C
1-PB2,2036,2,0,0,447,449,C
1-PB2,2037,446,0,0,0,446,A
1-PB2,2038,0,0,449,0,449,G
1-PB2,2039,451,0,0,0,451,A
1-PB2,2040,0,451,0,0,451,T
1-PB2,2041,0,1,447,0,448,G
1-PB2,2042,446,0,0,0,446,A
1-PB2,2043,441,0,0,0,441,A
1-PB2,2044,451,0,0,0,451,A
1-PB2,2045,0,1,446,0,447,G
1-PB2,2046,0,0,0,445,445,C
1-PB2,2047,446,0,0,0,446,A
1-PB2,2048,0,0,0,449,449,C
1-PB2,2049,455,0,0,0,455,A
1-PB2,2050,0,437,0,0,437,T
1-PB2,2051,1,0,0,447,448,C
1-PB2,2052,1,0,0,452,453,C
1-PB2,2053,1,2,458,0,461,G
1-PB2,2054,0,0,463,0,463,G
1-PB2,2055,458,0,0,0,458,A
1-PB2,2056,0,0,465,0,465,G
1-PB2,2057,0,448,0,0,448,T
1-PB2,2058,0,0,453,1,454,G
1-PB2,2059,0,0,454,0,454,G
1-PB2,2060,454,0,0,0,454,A
1-PB2,2061,0,0,452,0,452,G
1-PB2,2062,0,444,0,0,444,T
1-PB2,2063,1,0,0,441,442,C
1-PB2,2064,0,0,0,445,445,C
1-PB2,2065,0,0,442,0,442,G
1-PB2,2066,0,0,0,442,442,C
1-PB2,2067,0,0,0,447,447,C
1-PB2,2068,0,0,456,0,456,G
1-PB2,2069,0,443,0,0,443,T
1-PB2,2070,0,0,0,457,457,C
1-PB2,2071,0,453,0,0,453,T
1-PB2,2072,0,458,0,0,458,T
1-PB2,2073,0,1,460,0,461,G
1-PB2,2074,456,0,0,0,456,A
1-PB2,2075,0,0,458,0,458,G
1-PB2,2076,455,0,1,0,456,A
1-PB2,2077,1,1,439,0,441,G
1-PB2,2078,0,0,438,0,438,G
1-PB2,2079,0,0,438,0,438,G
1-PB2,2080,0,440,0,0,440,T
1-PB2,2081,0,439,0,0,439,T
1-PB2,2082,0,444,0,0,444,T
1-PB2,2083,0,0,0,449,449,C
1-PB2,2084,0,444,0,0,444,T
1-PB2,2085,0,0,0,452,452,C
1-PB2,2086,457,0,0,0,457,A
1-PB2,2087,0,453,0,0,453,T
1-PB2,2088,0,450,0,0,450,T
1-PB2,2089,451,0,0,0,451,A
1-PB2,2090,0,449,0,0,449,T
1-PB2,2091,450,0,0,0,450,A
1-PB2,2092,0,1,451,0,452,G
1-PB2,2093,0,0,452,0,452,G
1-PB2,2094,0,427,0,1,428,T
1-PB2,2095,429,0,0,0,429,A
1-PB2,2096,427,0,0,0,427,A
1-PB2,2097,1,0,424,0,425,G
1-PB2,2098,0,0,428,0,428,G
1-PB2,2099,426,0,0,0,426,A
1-PB2,2100,427,0,0,0,427,A
1-PB2,2101,0,2,420,0,422,G
1-PB2,2102,419,0,0,0,419,A
1-PB2,2103,0,0,0,420,420,C
1-PB2,2104,420,0,0,0,420,A
1-PB2,2105,0,0,418,0,418,G
1-PB2,2106,415,0,1,0,416,A
1-PB2,2107,421,0,1,0,422,A
1-PB2,2108,0,0,424,0,424,G
1-PB2,2109,414,0,4,0,418,A
1-PB2,2110,0,414,0,0,414,T
1-PB2,2111,411,0,0,0,411,A
1-PB2,2112,0,0,1,407,408,C
1-PB2,2113,0,0,408,0,408,G
1-PB2,2114,0,0,411,0,411,G
1-PB2,2115,413,0,0,0,413,A
1-PB2,2116,0,1,0,406,407,C
1-PB2,2117,0,0,0,410,410,C
1-PB2,2118,402,0,0,0,402,A
1-PB2,2119,0,0,417,0,417,G
1-PB2,2120,0,0,0,411,411,C
1-PB2,2121,417,0,1,0,418,A
1-PB2,2122,0,413,0,0,413,T
1-PB2,2123,0,404,0,0,404,T
1-PB2,2124,404,0,0,0,404,A
1-PB2,2125,403,0,0,0,403,A
1-PB2,2126,0,0,403,0,403,G
1-PB2,2127,0,0,0,396,396,C
1-PB2,2128,379,0,1,0,380,A
1-PB2,2129,0,385,0,0,385,T
1-PB2,2130,0,0,0,385,385,C
1-PB2,2131,388,0,0,0,388,A
1-PB2,2132,385,0,0,0,385,A
1-PB2,2133,0,387,0,0,387,T
1-PB2,2134,0,1,388,0,389,G
1-PB2,2135,378,0,0,0,378,A
1-PB2,2136,379,0,0,0,379,A
1-PB2,2137,0,0,0,380,380,C
1-PB2,2138,0,355,0,0,355,T
1-PB2,2139,0,3,361,0,364,G
1-PB2,2140,360,0,0,0,360,A
1-PB2,2141,0,0,363,0,363,G
1-PB2,2142,0,364,0,0,364,T
1-PB2,2143,355,0,0,0,355,A
1-PB2,2144,356,0,0,0,356,A
1-PB2,2145,0,0,0,355,355,C
1-PB2,2146,1,0,0,347,348,C
1-PB2,2147,0,348,0,0,348,T
1-PB2,2148,0,330,0,0,330,T
1-PB2,2149,1,0,329,0,330,G
1-PB2,2150,0,0,0,329,329,C
1-PB2,2151,330,0,0,0,330,A
1-PB2,2152,333,0,0,0,333,A
1-PB2,2153,327,0,0,0,327,A
1-PB2,2154,319,0,0,0,319,A
1-PB2,2155,0,0,320,0,320,G
1-PB2,2156,0,0,316,0,316,G
1-PB2,2157,0,0,313,0,313,G
1-PB2,2158,0,0,313,0,313,G
1-PB2,2159,317,0,0,0,317,A
1-PB2,2160,318,0,0,0,318,A
1-PB2,2161,316,0,0,0,316,A
1-PB2,2162,317,0,1,0,318,A
1-PB2,2163,0,0,319,0,319,G
1-PB2,2164,0,1,312,0,313,G
1-PB2,2165,0,0,0,310,310,C
1-PB2,2166,0,310,0,0,310,T
1-PB2,2167,315,0,0,0,315,A
1-PB2,2168,315,0,0,0,315,A
1-PB2,2169,0,312,0,0,312,T
1-PB2,2170,0,0,323,0,323,G
1-PB2,2171,0,315,0,1,316,T
1-PB2,2172,0,0,310,0,310,G
1-PB2,2173,0,0,0,309,309,C
1-PB2,2174,0,307,0,0,307,T
1-PB2,2175,307,0,0,0,307,A
1-PB2,2176,308,0,0,0,308,A
1-PB2,2177,0,308,0,0,308,T
1-PB2,2178,0,0,0,305,305,C
1-PB2,2179,0,1,294,0,295,G
1-PB2,2180,0,0,298,0,298,G
1-PB2,2181,0,0,298,0,298,G
1-PB2,2182,0,0,0,298,298,C
1-PB2,2183,297,0,0,0,297,A
1-PB2,2184,297,0,1,0,298,A
1-PB2,2185,0,0,296,0,296,G
1-PB2,2186,0,0,297,0,297,G
1-PB2,2187,292,0,0,0,292,A
1-PB2,2188,0,0,295,0,295,G
1-PB2,2189,284,0,0,0,284,A
1-PB2,2190,1,0,0,284,285,C
1-PB2,2191,0,0,284,0,284,G
1-PB2,2192,1,282,0,1,284,T
1-PB2,2193,0,0,283,0,283,G
1-PB2,2194,1,0,285,0,286,G
1-PB2,2195,1,280,0,0,281,T
1-PB2,2196,0,0,282,0,282,G
1-PB2,2197,1,272,0,0,273,T
1-PB2,2198,0,274,0,0,274,T
1-PB2,2199,1,1,271,0,273,G
1-PB2,2200,1,0,267,0,268,G
1-PB2,2201,0,268,0,0,268,T
1-PB2,2202,262,0,0,0,262,A
1-PB2,2203,255,0,0,0,255,A
1-PB2,2204,0,254,0,0,254,T
1-PB2,2205,0,0,250,0,250,G
1-PB2,2206,251,0,0,0,251,A
1-PB2,2207,249,0,0,0,249,A
1-PB2,2208,249,0,0,0,249,A
1-PB2,2209,0,0,0,246,246,C
1-PB2,2210,0,0,248,0,248,G
1-PB2,2211,247,0,0,0,247,A
1-PB2,2212,249,0,0,0,249,A
1-PB2,2213,248,0,0,0,248,A
1-PB2,2214,247,0,1,0,248,A
1-PB2,2215,0,0,0,249,249,C
1-PB2,2216,0,0,248,0,248,G
1-PB2,2217,0,0,249,0,249,G
1-PB2,2218,0,0,251,0,251,G
1-PB2,2219,249,1,0,0,250,A
1-PB2,2220,0,0,0,249,249,C
1-PB2,2221,0,243,0,0,243,T
1-PB2,2222,0,0,0,249,249,C
1-PB2,2223,0,251,0,0,251,T
1-PB2,2224,251,0,0,0,251,A
1-PB2,2225,0,0,251,0,251,G
1-PB2,2226,0,0,0,248,248,C
1-PB2,2227,248,0,0,0,248,A
1-PB2,2228,0,244,0,0,244,T
1-PB2,2229,235,0,0,0,235,A
1-PB2,2230,0,0,0,237,237,C
1-PB2,2231,0,210,0,0,210,T
1-PB2,2232,0,209,0,0,209,T
1-PB2,2233,208,0,0,0,208,A
1-PB2,2234,0,0,0,205,205,C
1-PB2,2235,0,205,0,0,205,T
1-PB2,2236,0,1,204,0,205,G
1-PB2,2237,200,0,0,0,200,A
1-PB2,2238,1,0,0,199,200,C
1-PB2,2239,183,0,0,0,183,A
1-PB2,2240,0,1,181,0,182,G
1-PB2,2241,0,0,0,183,183,C
1-PB2,2242,0,0,0,184,184,C
1-PB2,2243,182,0,0,0,182,A
1-PB2,2244,0,0,182,0,182,G
1-PB2,2245,180,0,0,0,180,A
1-PB2,2246,0,0,0,181,181,C
1-PB2,2247,162,0,0,0,162,A
1-PB2,2248,0,0,161,0,161,G
1-PB2,2249,0,0,0,147,147,C
1-PB2,2250,0,1,150,0,151,G
1-PB2,2251,149,0,0,0,149,A
1-PB2,2252,0,0,0,148,148,C
1-PB2,2253,1,0,0,147,148,C
1-PB2,2254,150,0,0,0,150,A
1-PB2,2255,147,0,0,0,147,A
1-PB2,2256,148,0,0,0,148,A
1-PB2,2257,149,0,0,0,149,A
1-PB2,2258,0,0,148,0,148,G
1-PB2,2259,146,0,0,0,146,A
1-PB2,2260,148,0,0,0,148,A
1-PB2,2261,0,145,0,0,145,T
1-PB2,2262,0,145,0,0,145,T
1-PB2,2263,0,0,0,145,145,C
1-PB2,2264,0,0,145,0,145,G
1-PB2,2265,0,0,143,0,143,G
1-PB2,2266,141,0,0,0,141,A
1-PB2,2267,0,135,0,0,135,T
1-PB2,2268,0,0,134,0,134,G
1-PB2,2269,0,0,136,0,136,G
1-PB2,2270,0,0,0,132,132,C
1-PB2,2271,0,0,0,132,132,C
1-PB2,2272,131,0,0,0,131,A
1-PB2,2273,0,130,0,0,130,T
1-PB2,2274,0,0,0,131,131,C
1-PB2,2275,131,1,0,0,132,A
1-PB2,2276,132,0,0,0,132,A
1-PB2,2277,0,130,0,0,130,T
1-PB2,2278,0,118,0,0,118,T
1-PB2,2279,113,0,0,0,113,A
1-PB2,2280,113,0,0,0,113,A
2-PB1,1,1983,0,0,0,1983,A
2-PB1,2,0,1991,0,0,1991,T
2-PB1,3,0,0,2014,0,2014,G
2-PB1,4,0,2,2167,0,2169,G
2-PB1,5,2434,0,0,0,2434,A
2-PB1,6,0,2617,0,1,2618,T
2-PB1,7,0,0,2649,0,2649,G
2-PB1,8,0,2651,0,3,2654,T
2-PB1,9,4,1,0,2813,2818,C
2-PB1,10,2839,0,3,0,2842,A
2-PB1,11,2960,0,0,0,2960,A
2-PB1,12,0,2972,1,1,2974,T
2-PB1,13,1,1,0,2994,2996,C
2-PB1,14,4,8,0,3176,3188,C
2-PB1,15,2,31,3198,0,3231,G
2-PB1,16,3694,0,1,0,3695,A
2-PB1,17,0,0,0,3756,3756,C
2-PB1,18,0,3751,0,1,3752,T
2-PB1,19,7,1,0,4366,4374,C
2-PB1,20,0,4375,0,1,4376,T
2-PB1,21,4424,0,2,0,4426,A
2-PB1,22,0,2,0,4432,4434,C
2-PB1,23,0,4430,0,2,4432,T
2-PB1,24,0,0,4947,0,4947,G
2-PB1,25,0,4976,0,4,4980,T
2-PB1,26,1,4977,0,3,4981,T
2-PB1,27,12,1,0,4963,4976,C
2-PB1,28,5,0,0,4960,4965,C
2-PB1,29,0,5754,0,1,5755,T
2-PB1,30,5827,0,0,0,5827,A
2-PB1,31,5829,0,1,0,5830,A
2-PB1,32,5872,1,1,0,5874,A
2-PB1,33,1,10,5914,0,5925,G
2-PB1,34,0,0,5958,0,5958,G
2-PB1,35,0,6009,0,2,6011,T
2-PB1,36,1,6004,0,2,6007,T
2-PB1,37,19,0,0,6003,6022,C
2-PB1,38,4,1,0,6017,6022,C
2-PB1,39,6022,0,5,0,6027,A
2-PB1,40,0,3,6092,0,6095,G
2-PB1,41,2,4,0,6093,6099,C
2-PB1,42,0,1,6116,0,6117,G
2-PB1,43,0,2,0,6152,6154,C
2-PB1,44,6146,2,0,0,6148,A
2-PB1,45,6164,0,0,0,6164,A
2-PB1,46,6166,0,0,0,6166,A
2-PB1,47,6221,0,3,0,6224,A
2-PB1,48,0,6256,0,2,6258,T
2-PB1,49,1,3,6534,0,6538,G
2-PB1,50,1,4,1,6561,6567,C
2-PB1,51,15,3,0,6581,6599,C
2-PB1,52,6599,0,3,0,6602,A
2-PB1,53,1,6614,0,0,6615,T
2-PB1,54,7033,0,2,0,7035,A
2-PB1,55,7050,0,5,0,7055,A
2-PB1,56,2,3,7341,0,7346,G
2-PB1,57,1,2,0,7349,7352,C
2-PB1,58,7320,1,6,1,7328,A
2-PB1,59,1,6,0,7629,7636,C
2-PB1,60,7643,5,9,0,7657,A
2-PB1,61,7885,0,6,0,7891,A
2-PB1,62,0,3,0,7901,7904,C
2-PB1,63,7865,1,1,0,7867,A
2-PB1,64,0,8057,0,7,8064,T
2-PB1,65,0,7997,0,5,8002,T
2-PB1,66,15,1,0,9276,9292,C
2-PB1,67,15,0,0,9298,9313,C
2-PB1,68,25,0,0,9267,9292,C
2-PB1,69,1,9323,3,6,9333,T
2-PB1,70,0,9292,0,3,9295,T
2-PB1,71,9273,0,1,0,9274,A
2-PB1,72,1,4,0,8891,8896,C
2-PB1,73,9546,2,4,0,9552,A
2-PB1,74,0,2,0,9749,9751,C
2-PB1,75,51,9688,0,4,9743,T
2-PB1,76,2,16,9974,0,9992,G
2-PB1,77,3,29,9980,1,10013,G
2-PB1,78,9987,0,23,1,10011,A
2-PB1,79,0,16,10014,0,10030,G
2-PB1,80,10003,2,6,0,10011,A
2-PB1,81,1,10006,0,2,10009,T
2-PB1,82,18,0,0,10681,10699,C
2-PB1,83,18,0,1,10687,10706,C
2-PB1,84,0,10682,0,8,10690,T
2-PB1,85,19,2,0,11472,11493,C
2-PB1,86,17,3,3,11444,11467,C
2-PB1,87,11581,0,2,0,11583,A
2-PB1,88,1,11578,0,5,11584,T
2-PB1,89,11549,1,8,0,11558,A
2-PB1,90,2,3,0,11602,11607,C
2-PB1,91,11400,0,4,1,11405,A
2-PB1,92,5,5,11909,2,11921,G
2-PB1,93,1,0,0,12023,12024,C
2-PB1,94,16,3,0,11879,11898,C
2-PB1,95,11896,0,3,0,11899,A
2-PB1,96,1,11886,2,6,11895,T
2-PB1,97,0,38,11859,1,11898,G
2-PB1,98,1,48,12436,0,12485,G
2-PB1,99,12535,3,9,0,12547,A
2-PB1,100,12582,1,8,0,12591,A
2-PB1,101,1,3,0,12584,12588,C
2-PB1,102,12423,3,12,2,12440,A
2-PB1,103,2,20,12725,0,12747,G
2-PB1,104,1,46,12898,0,12945,G
2-PB1,105,12328,6,581,0,12915,A
2-PB1,106,13033,1,7,0,13041,A
2-PB1,107,0,3,0,13059,13062,C
2-PB1,108,12953,0,14,1,12968,A
2-PB1,109,1,50,14475,0,14526,G
2-PB1,110,3,43,14480,0,14526,G
2-PB1,111,2,3,14773,0,14778,G
2-PB1,112,1,14682,1,7,14691,T
2-PB1,113,14619,0,5,0,14624,A
2-PB1,114,1,1,0,14757,14759,C
2-PB1,115,15210,3,12,0,15225,A
2-PB1,116,0,2,0,15812,15814,C
2-PB1,117,29,3,0,15649,15681,C
2-PB1,118,15011,5,11,1,15028,A
2-PB1,119,2,14989,0,3,14994,T
2-PB1,120,6,48,14910,0,14964,G
2-PB1,121,0,58,14953,0,15011,G
2-PB1,122,15006,3,23,0,15032,A
2-PB1,123,5,3,0,15046,15054,C
2-PB1,124,14686,0,11,2,14699,A
2-PB1,125,1,4,0,14892,14897,C
2-PB1,126,14747,1,9,0,14757,A
2-PB1,127,0,1,15066,1,15068,G
2-PB1,128,1,15030,0,15,15046,T
2-PB1,129,54,3,0,15493,15550,C
2-PB1,130,15521,0,5,0,15526,A
2-PB1,131,15664,2,10,0,15676,A
2-PB1,132,5,4,2,15663,15674,C
2-PB1,133,15617,2,2,0,15621,A
2-PB1,134,0,49,15782,0,15831,G
2-PB1,135,15567,2,11,0,15580,A
2-PB1,136,15511,1,17,1,15530,A
2-PB1,137,2,5,1,15525,15533,C
2-PB1,138,15174,2,10,1,15187,A
2-PB1,139,3,3,0,15196,15202,C
2-PB1,140,15102,2,6,2,15112,A
2-PB1,141,0,14913,0,3,14916,T
2-PB1,142,23,1,0,16080,16104,C
2-PB1,143,16162,1,3,1,16167,A
2-PB1,144,16405,0,0,0,16405,A
2-PB1,145,1,16575,1,4,16581,T
2-PB1,146,17020,0,7,1,17028,A
2-PB1,147,1,17055,0,10,17066,T
2-PB1,148,3,16675,0,3,16681,T
2-PB1,149,36,1,1,16669,16707,C
2-PB1,150,16430,1,18,0,16449,A
2-PB1,151,5,37,16425,1,16468,G
2-PB1,152,16293,2,6,0,16301,A
2-PB1,153,0,24,16331,1,16356,G
2-PB1,154,15999,0,14,1,16014,A
2-PB1,155,11,56,15591,1,15659,G
2-PB1,156,1,66,15574,0,15641,G
2-PB1,157,22,46,16341,1,16410,G
2-PB1,158,3,39,16399,1,16442,G
2-PB1,159,4,22,16538,0,16564,G
2-PB1,160,16532,1,13,0,16546,A
2-PB1,161,16566,3,16,0,16585,A
2-PB1,162,3,1,16732,0,16736,G
2-PB1,163,1,16578,0,12,16591,T
2-PB1,164,1,55,16434,0,16490,G
2-PB1,165,5,20,16376,1,16402,G
2-PB1,166,16351,2,30,0,16383,A
2-PB1,167,1,11,0,16438,16450,C
2-PB1,168,5,107,16357,0,16469,G
2-PB1,169,16551,2,19,0,16572,A
2-PB1,170,4,1,0,16702,16707,C
2-PB1,171,16597,0,3,2,16602,A
2-PB1,172,16619,4,0,3,16626,A
2-PB1,173,16691,1,8,1,16701,A
2-PB1,174,0,16952,0,2,16954,T
2-PB1,175,16970,4,25,1,17000,A
2-PB1,176,2,3,0,17030,17035,C
2-PB1,177,16838,0,9,0,16847,A
2-PB1,178,0,17,16881,0,16898,G
2-PB1,179,16818,2,7,0,16827,A
2-PB1,180,17021,2,8,0,17031,A
2-PB1,181,17021,0,9,0,17030,A
2-PB1,182,1,1,0,17047,17049,C
2-PB1,183,2,16838,0,3,16843,T
2-PB1,184,0,38,16820,1,16859,G
2-PB1,185,3,69,16748,0,16820,G
2-PB1,186,3,35,16748,1,16787,G
2-PB1,187,4,1,16799,1,16805,G
2-PB1,188,4,8,0,16817,16829,C
2-PB1,189,16741,0,10,1,16752,A
2-PB1,190,4,2,1,17564,17571,C
2-PB1,191,34,6,0,17480,17520,C
2-PB1,192,68,5,0,17450,17523,C
2-PB1,193,60,5,1,17497,17563,C
2-PB1,194,17595,1,11,1,17608,A
2-PB1,195,17803,1,5,1,17810,A
2-PB1,196,1,1,0,17809,17811,C
2-PB1,197,2,17733,0,9,17744,T
2-PB1,198,44,4,0,17736,17784,C
2-PB1,199,17002,3,10,1,17016,A
2-PB1,200,17307,0,12,1,17320,A
2-PB1,201,2,4,1,17329,17336,C
2-PB1,202,30,2,1,17256,17289,C
2-PB1,203,87,4,1,17188,17280,C
2-PB1,204,17070,0,2,0,17072,A
2-PB1,205,17123,1,8,2,17134,A
2-PB1,206,0,17207,0,3,17210,T
2-PB1,207,2,17146,1,2,17151,T
2-PB1,208,3,23,17165,0,17191,G
2-PB1,209,16993,1,6,1,17001,A
2-PB1,210,1,16984,0,11,16996,T
2-PB1,211,6,49,16924,0,16979,G
2-PB1,212,4,66,17110,1,17181,G
2-PB1,213,17354,4,32,1,17391,A
2-PB1,214,5,2,0,17493,17500,C
2-PB1,215,35,8,0,17361,17404,C
2-PB1,216,17381,0,14,1,17396,A
2-PB1,217,3,0,0,17772,17775,C
2-PB1,218,1,17735,0,2,17738,T
2-PB1,219,18051,5,13,1,18070,A
2-PB1,220,4,1,0,18246,18251,C
2-PB1,221,25,1,0,18004,18030,C
2-PB1,222,2,17576,1,8,17587,T
2-PB1,223,3,14,17647,0,17664,G
2-PB1,224,17575,3,18,0,17596,A
2-PB1,225,5,38,17713,0,17756,G
2-PB1,226,0,16,17591,0,17607,G
2-PB1,227,17553,1,3,0,17557,A
2-PB1,228,0,17363,0,1,17364,T
2-PB1,229,17102,0,3,0,17105,A
2-PB1,230,17092,3,14,1,17110,A
2-PB1,231,1,17122,0,7,17130,T
2-PB1,232,4,74,17077,0,17155,G
2-PB1,233,17137,1,7,0,17145,A
2-PB1,234,17031,1,15,0,17047,A
2-PB1,235,2,1,0,17074,17077,C
2-PB1,236,62,3,0,16726,16791,C
2-PB1,237,16864,5,3,0,16872,A
2-PB1,238,16877,0,9,0,16886,A
2-PB1,239,1,4,16978,0,16983,G
2-PB1,240,2,16869,0,83,16954,T
2-PB1,241,3,32,16914,1,16950,G
2-PB1,242,2,22,17177,0,17201,G
2-PB1,243,17126,1,9,0,17136,A
2-PB1,244,2,17069,1,3,17075,T
2-PB1,245,17096,5,6,0,17107,A
2-PB1,246,1,17285,2,4,17292,T
2-PB1,247,5,12,17394,0,17411,G
2-PB1,248,3,6,0,17386,17395,C
2-PB1,249,17364,4,13,0,17381,A
2-PB1,250,3,3,0,17844,17850,C
2-PB1,251,17486,1,4,0,17491,A
2-PB1,252,17833,1,4,0,17838,A
2-PB1,253,17836,1,8,0,17845,A
2-PB1,254,6,4,0,17887,17897,C
2-PB1,255,17321,0,6,2,17329,A
2-PB1,256,4,62,17484,0,17550,G
2-PB1,257,17430,4,23,1,17458,A
2-PB1,258,2,0,0,17516,17518,C
2-PB1,259,0,16884,2,11,16897,T
2-PB1,260,5,0,17233,0,17238,G
2-PB1,261,2,16897,1,14,16914,T
2-PB1,262,5,0,17644,0,17649,G
2-PB1,263,1,17571,0,34,17606,T
2-PB1,264,47,1,0,17659,17707,C
2-PB1,265,38,2,1,17593,17634,C
2-PB1,266,2,17409,0,18,17429,T
2-PB1,267,3,21,17381,0,17405,G
2-PB1,268,1,11,17385,0,17397,G
2-PB1,269,17009,2,18,0,17029,A
2-PB1,270,4,24,17374,0,17402,G
2-PB1,271,5,1,16740,0,16746,G
2-PB1,272,3,3,0,16768,16774,C
2-PB1,273,0,16620,1,10,16631,T
2-PB1,274,16640,0,6,3,16649,A
2-PB1,275,2,16638,1,16,16657,T
2-PB1,276,2,29,16633,3,16667,G
2-PB1,277,6,6,16666,0,16678,G
2-PB1,278,5,14,0,16611,16630,C
2-PB1,279,20,3,1,16325,16349,C
2-PB1,280,0,16060,1,16,16077,T
2-PB1,281,4,16995,0,9,17008,T
2-PB1,282,22,2,0,17033,17057,C
2-PB1,283,30,1,0,17023,17054,C
2-PB1,284,2,17050,0,9,17061,T
2-PB1,285,1,16990,2,9,17002,T
2-PB1,286,4,28,17057,3,17092,G
2-PB1,287,17084,1,3,0,17088,A
2-PB1,288,17083,0,16,0,17099,A
2-PB1,289,1,31,17088,1,17121,G
2-PB1,290,16251,1,4,1,16257,A
2-PB1,291,16435,2,4,1,16442,A
2-PB1,292,2,16388,1,2,16393,T
2-PB1,293,35,2,1,16384,16422,C
2-PB1,294,29,13,1,16394,16437,C
2-PB1,295,59,6,0,16263,16328,C
2-PB1,296,16337,1,14,1,16353,A
2-PB1,297,2,3,1,16469,16475,C
2-PB1,298,15,2,0,16421,16438,C
2-PB1,299,79,6,0,16385,16470,C
2-PB1,300,16185,2,9,1,16197,A
2-PB1,301,0,24,16318,1,16343,G
2-PB1,302,3,5,16409,0,16417,G
2-PB1,303,0,16321,1,16,16338,T
2-PB1,304,16446,1,0,1,16448,A
2-PB1,305,4,16330,0,4,16338,T
2-PB1,306,21,0,1,16296,16318,C
2-PB1,307,0,16307,1,6,16314,T
2-PB1,308,0,16299,2,4,16305,T
2-PB1,309,0,16216,0,3,16219,T
2-PB1,310,2,48,16098,1,16149,G
2-PB1,311,15998,4,12,1,16015,A
2-PB1,312,5,44,16002,1,16052,G
2-PB1,313,15863,2,13,1,15879,A
2-PB1,314,15952,2,4,1,15959,A
2-PB1,315,3,0,0,16108,16111,C
2-PB1,316,2,15896,0,15,15913,T
2-PB1,317,56,1,1,15867,15925,C
2-PB1,318,15901,1,14,0,15916,A
2-PB1,319,2,15919,1,10,15932,T
2-PB1,320,2,5,15958,1,15966,G
2-PB1,321,7,3,0,16292,16302,C
2-PB1,322,21,2,0,16261,16284,C
2-PB1,323,2,16179,0,12,16193,T
2-PB1,324,0,15970,1,14,15985,T
2-PB1,325,2,33,16018,0,16053,G
2-PB1,326,16126,1,10,0,16137,A
2-PB1,327,16158,2,11,0,16171,A
2-PB1,328,16130,1,43,1,16175,A
2-PB1,329,5,3,2,16273,16283,C
2-PB1,330,15809,4,5,0,15818,A
2-PB1,331,15939,2,6,0,15947,A
2-PB1,332,1,15942,0,8,15951,T
2-PB1,333,3,19,15907,1,15930,G
2-PB1,334,3,7,15903,0,15913,G
2-PB1,335,15695,4,15,0,15714,A
2-PB1,336,15682,1,16,0,15699,A
2-PB1,337,3,2,15692,1,15698,G
2-PB1,338,3,3,0,15730,15736,C
2-PB1,339,29,9,0,15525,15563,C
2-PB1,340,22,2,15770,0,15794,G
2-PB1,341,2,15688,2,10,15702,T
2-PB1,342,4,15731,2,14,15751,T
2-PB1,343,79,2,1,15804,15886,C
2-PB1,344,15887,1,10,0,15898,A
2-PB1,345,16079,2,27,0,16108,A
2-PB1,346,2,3,1,16113,16119,C
2-PB1,347,16090,1,12,1,16104,A
2-PB1,348,0,34,16238,1,16273,G
2-PB1,349,15967,2,24,1,15994,A
2-PB1,350,4,2,0,16015,16021,C
2-PB1,351,15970,0,3,2,15975,A
2-PB1,352,16103,0,10,1,16114,A
2-PB1,353,1,84,16206,0,16291,G
2-PB1,354,3,36,16057,1,16097,G
2-PB1,355,2,1,16140,0,16143,G
2-PB1,356,1,15617,0,15,15633,T
2-PB1,357,5,34,15612,1,15652,G
2-PB1,358,4,41,15614,1,15660,G
2-PB1,359,15629,3,26,0,15658,A
2-PB1,360,2,3,0,15648,15653,C
2-PB1,361,15295,0,0,1,15296,A
2-PB1,362,15542,0,4,1,15547,A
2-PB1,363,15528,2,4,2,15536,A
2-PB1,364,0,1,0,15543,15544,C
2-PB1,365,1,15443,0,6,15450,T
2-PB1,366,15447,0,4,0,15451,A
2-PB1,367,15583,1,14,1,15599,A
2-PB1,368,6,1,0,15625,15632,C
2-PB1,369,28,1,0,15596,15625,C
2-PB1,370,71,1,1,15519,15592,C
2-PB1,371,15120,1,3,0,15124,A
2-PB1,372,15117,1,7,0,15125,A
2-PB1,373,2,29,15097,0,15128,G
2-PB1,374,1,2,15160,0,15163,G
2-PB1,375,0,15071,1,7,15079,T
2-PB1,376,77,6,1,14895,14979,C
2-PB1,377,12,7,14954,1,14974,G
2-PB1,378,3,11,0,14960,14974,C
2-PB1,379,26,8,2,14969,15005,C
2-PB1,380,15010,0,12,1,15023,A
2-PB1,381,1,41,15269,0,15311,G
2-PB1,382,15521,2,18,0,15541,A
2-PB1,383,0,0,0,15612,15612,C
2-PB1,384,0,15456,2,19,15477,T
2-PB1,385,0,15401,1,4,15406,T
2-PB1,386,15415,1,10,1,15427,A
2-PB1,387,0,15502,2,9,15513,T
2-PB1,388,3,40,15507,0,15550,G
2-PB1,389,15491,1,3,1,15496,A
2-PB1,390,1,15181,4,2,15188,T
2-PB1,391,1,14643,2,4,14650,T
2-PB1,392,3,36,14573,0,14612,G
2-PB1,393,3,27,14605,1,14636,G
2-PB1,394,14752,0,24,1,14777,A
2-PB1,395,2,2,2,14762,14768,C
2-PB1,396,14570,1,2,0,14573,A
2-PB1,397,0,14476,2,3,14481,T
2-PB1,398,4,14588,2,2,14596,T
2-PB1,399,14686,2,3,0,14691,A
2-PB1,400,14676,0,0,1,14677,A
2-PB1,401,14695,0,11,3,14709,A
2-PB1,402,1,3,0,14719,14723,C
2-PB1,403,14378,0,13,2,14393,A
2-PB1,404,1,25,14505,1,14532,G
2-PB1,405,14437,0,9,0,14446,A
2-PB1,406,14438,1,7,0,14446,A
2-PB1,407,14444,0,5,2,14451,A
2-PB1,408,3,14291,1,7,14302,T
2-PB1,409,49,1,0,14299,14349,C
2-PB1,410,14311,0,5,0,14316,A
2-PB1,411,14327,1,20,1,14349,A
2-PB1,412,3,3,0,14317,14323,C
2-PB1,413,23,8,1,14185,14217,C
2-PB1,414,11,22,14193,0,14226,G
2-PB1,415,1,0,14235,1,14237,G
2-PB1,416,10,5,0,14243,14258,C
2-PB1,417,14215,1,14,1,14231,A
2-PB1,418,3,1,14235,0,14239,G
2-PB1,419,1,5,0,14361,14367,C
2-PB1,420,14362,4,7,0,14373,A
2-PB1,421,14373,2,14,1,14390,A
2-PB1,422,0,1,0,14423,14424,C
2-PB1,423,2,14314,2,13,14331,T
2-PB1,424,8,2,15007,0,15017,G
2-PB1,425,1,4,0,14997,15002,C
2-PB1,426,14999,11,3,0,15013,A
2-PB1,427,0,14972,0,5,14977,T
2-PB1,428,1,14736,5,0,14742,T
2-PB1,429,15737,7,9,4,15757,A
2-PB1,430,0,4,15790,0,15794,G
2-PB1,431,6,7,0,15696,15709,C
2-PB1,432,34,3,0,15665,15702,C
2-PB1,433,15003,4,7,0,15014,A
2-PB1,434,15099,1,6,0,15106,A
2-PB1,435,1,2,0,15177,15180,C
2-PB1,436,15184,0,9,0,15193,A
2-PB1,437,3,0,0,15784,15787,C
2-PB1,438,31,1,0,14556,14588,C
2-PB1,439,14506,4,11,2,14523,A
2-PB1,440,2,14482,0,3,14487,T
2-PB1,441,14504,1,5,2,14512,A
2-PB1,442,1,17,14520,0,14538,G
2-PB1,443,14396,2,2,0,14400,A
2-PB1,444,14223,1,14,0,14238,A
2-PB1,445,1,0,14352,0,14353,G
2-PB1,446,2,13685,3,3,13693,T
2-PB1,447,0,13670,4,1,13675,T
2-PB1,448,0,13678,1,2,13681,T
2-PB1,449,1,13695,0,6,13702,T
2-PB1,450,1,13719,1,3,13724,T
2-PB1,451,13691,1,6,0,13698,A
2-PB1,452,1,27,13683,0,13711,G
2-PB1,453,13652,0,1,0,13653,A
2-PB1,454,0,13601,1,7,13609,T
2-PB1,455,32,6,0,13411,13449,C
2-PB1,456,6,62,13424,0,13492,G
2-PB1,457,13469,2,4,0,13475,A
2-PB1,458,13500,1,5,0,13506,A
2-PB1,459,1,15,0,13547,13563,C
2-PB1,460,8,28,13510,0,13546,G
2-PB1,461,0,16,14233,1,14250,G
2-PB1,462,14221,0,6,1,14228,A
2-PB1,463,1,14198,0,4,14203,T
2-PB1,464,2,14186,3,6,14197,T
2-PB1,465,14177,4,19,0,14200,A
2-PB1,466,14133,2,61,1,14197,A
2-PB1,467,2,2,1,14299,14304,C
2-PB1,468,14146,0,19,0,14165,A
2-PB1,469,0,1,14304,0,14305,G
2-PB1,470,2,1,0,13656,13659,C
2-PB1,471,2,13603,1,6,13612,T
2-PB1,472,13649,0,3,0,13652,A
2-PB1,473,13656,0,5,0,13661,A
2-PB1,474,0,13652,0,1,13653,T
2-PB1,475,2,50,13741,0,13793,G
2-PB1,476,13703,1,7,1,13712,A
2-PB1,477,13714,1,4,2,13721,A
2-PB1,478,0,13418,2,5,13425,T
2-PB1,479,31,2,0,13460,13493,C
2-PB1,480,13437,2,29,0,13468,A
2-PB1,481,0,13,13454,0,13467,G
2-PB1,482,1,25,13428,1,13455,G
2-PB1,483,13399,0,12,0,13411,A
2-PB1,484,13158,2,12,2,13174,A
2-PB1,485,2,22,13838,2,13864,G
2-PB1,486,1,3,13913,0,13917,G
2-PB1,487,7,2,1,13906,13916,C
2-PB1,488,1,13889,2,9,13901,T
2-PB1,489,13888,3,3,0,13894,A
2-PB1,490,13925,1,7,2,13935,A
2-PB1,491,0,13926,0,2,13928,T
2-PB1,492,13946,1,5,0,13952,A
2-PB1,493,0,19,13997,0,14016,G
2-PB1,494,13020,0,6,1,13027,A
2-PB1,495,2,12873,1,8,12884,T
2-PB1,496,1,12865,1,5,12872,T
2-PB1,497,1,12861,0,3,12865,T
2-PB1,498,23,0,1,13269,13293,C
2-PB1,499,23,2,0,13317,13342,C
2-PB1,500,2,13261,0,22,13285,T
2-PB1,501,25,1,0,13284,13310,C
2-PB1,502,13308,2,3,4,13317,A
2-PB1,503,13360,2,2,0,13364,A
2-PB1,504,1,23,13435,0,13459,G
2-PB1,505,2,18,13636,0,13656,G
2-PB1,506,13605,2,4,1,13612,A
2-PB1,507,0,13090,1,10,13101,T
2-PB1,508,3,4,13238,1,13246,G
2-PB1,509,4,13209,0,10,13223,T
2-PB1,510,5,31,13316,0,13352,G
2-PB1,511,13327,3,20,1,13351,A
2-PB1,512,3,13275,1,13,13292,T
2-PB1,513,4,24,13223,0,13251,G
2-PB1,514,2,30,13109,2,13143,G
2-PB1,515,13127,2,22,1,13152,A
2-PB1,516,13174,0,6,0,13180,A
2-PB1,517,0,12989,0,7,12996,T
2-PB1,518,32,2,0,13031,13065,C
2-PB1,519,12911,2,4,1,12918,A
2-PB1,520,12942,0,5,0,12947,A
2-PB1,521,1,12951,2,7,12961,T
2-PB1,522,3,26,13087,1,13117,G
2-PB1,523,8,16,13133,3,13160,G
2-PB1,524,13104,0,11,1,13116,A
2-PB1,525,1,13073,2,2,13078,T
2-PB1,526,13067,0,9,0,13076,A
2-PB1,527,13031,1,4,0,13036,A
2-PB1,528,13038,1,7,2,13048,A
2-PB1,529,2,22,13188,0,13212,G
2-PB1,530,13113,4,7,0,13124,A
2-PB1,531,4,21,13069,0,13094,G
2-PB1,532,3,18,13027,0,13048,G
2-PB1,533,12994,1,4,0,12999,A
2-PB1,534,13026,0,2,1,13029,A
2-PB1,535,13041,0,8,0,13049,A
2-PB1,536,1,13022,0,4,13027,T
2-PB1,537,2,17,13277,1,13297,G
2-PB1,538,1,22,13250,0,13273,G
2-PB1,539,13070,1,16,1,13088,A
2-PB1,540,1,15,13203,1,13220,G
2-PB1,541,13035,0,5,0,13040,A
2-PB1,542,0,13321,4,4,13329,T
2-PB1,543,13316,0,7,0,13323,A
2-PB1,544,13494,1,11,0,13506,A
2-PB1,545,4,5,0,13580,13589,C
2-PB1,546,13307,0,2,0,13309,A
2-PB1,547,13336,1,9,0,13346,A
2-PB1,548,2,6,1,13305,13314,C
2-PB1,549,13181,1,7,1,13190,A
2-PB1,550,3,1,0,13202,13206,C
2-PB1,551,12874,4,14,0,12892,A
2-PB1,552,1,0,0,13055,13056,C
2-PB1,553,0,12839,15,9,12863,T
2-PB1,554,0,12821,1,5,12827,T
2-PB1,555,2,12806,0,2,12810,T
2-PB1,556,23,1,1,12768,12793,C
2-PB1,557,12807,1,6,2,12816,A
2-PB1,558,12821,1,2,0,12824,A
2-PB1,559,12843,1,6,3,12853,A
2-PB1,560,1,19,13027,0,13047,G
2-PB1,561,12901,1,1,0,12903,A
2-PB1,562,12914,0,2,0,12916,A
2-PB1,563,12928,0,1,0,12929,A
2-PB1,564,12937,0,4,1,12942,A
2-PB1,565,12934,2,18,3,12957,A
2-PB1,566,0,24,13064,0,13088,G
2-PB1,567,0,24,13099,1,13124,G
2-PB1,568,12925,1,19,1,12946,A
2-PB1,569,1,32,13287,0,13320,G
2-PB1,570,13243,1,28,1,13273,A
2-PB1,571,428,2,13383,0,13813,G
2-PB1,572,2,13786,2,1,13791,T
2-PB1,573,13811,0,4,0,13815,A
2-PB1,574,13822,1,18,0,13841,A
2-PB1,575,1,48,13831,0,13880,G
2-PB1,576,1,38,13902,0,13941,G
2-PB1,577,5,25,13901,2,13933,G
2-PB1,578,13646,1,20,0,13667,A
2-PB1,579,4,6,0,13799,13809,C
2-PB1,580,13324,0,23,0,13347,A
2-PB1,581,13427,0,12,0,13439,A
2-PB1,582,3,2,0,13416,13421,C
2-PB1,583,13381,1,5,0,13387,A
2-PB1,584,3,13221,3,1,13228,T
2-PB1,585,3,95,13001,0,13099,G
2-PB1,586,13100,2,24,1,13127,A
2-PB1,587,2,3,0,13094,13099,C
2-PB1,588,32,3,1,12877,12913,C
2-PB1,589,12919,2,4,0,12925,A
2-PB1,590,12964,0,6,0,12970,A
2-PB1,591,0,18,13044,0,13062,G
2-PB1,592,13061,1,1,0,13063,A
2-PB1,593,13045,2,4,1,13052,A
2-PB1,594,13000,1,1,0,13002,A
2-PB1,595,13010,1,3,0,13014,A
2-PB1,596,1,13027,1,2,13031,T
2-PB1,597,1,25,12994,1,13021,G
2-PB1,598,3,2,13070,0,13075,G
2-PB1,599,1,12926,0,23,12950,T
2-PB1,600,63,4,1,12794,12862,C
2-PB1,601,12917,2,8,2,12929,A
2-PB1,602,0,7,0,13515,13522,C
2-PB1,603,13677,2,2,1,13682,A
2-PB1,604,5,1,0,13693,13699,C
2-PB1,605,13626,1,6,0,13633,A
2-PB1,606,13979,1,3,0,13983,A
2-PB1,607,13850,2,12,2,13866,A
2-PB1,608,1,43,14841,0,14885,G
2-PB1,609,14815,2,19,0,14836,A
2-PB1,610,14917,0,8,1,14926,A
2-PB1,611,4,2,0,15230,15236,C
2-PB1,612,14891,3,6,1,14901,A
2-PB1,613,14959,1,42,0,15002,A
2-PB1,614,2,14937,1,1,14941,T
2-PB1,615,14729,2,14,0,14745,A
2-PB1,616,5,63,14726,1,14795,G
2-PB1,617,6,42,14210,1,14259,G
2-PB1,618,0,16,14249,1,14266,G
2-PB1,619,14189,1,9,0,14199,A
2-PB1,620,13965,0,25,0,13990,A
2-PB1,621,1,28,14098,3,14130,G
2-PB1,622,14076,1,4,0,14081,A
2-PB1,623,14086,2,9,1,14098,A
2-PB1,624,14142,2,2,1,14147,A
2-PB1,625,14211,0,4,1,14216,A
2-PB1,626,14469,0,11,0,14480,A
2-PB1,627,14507,2,5,2,14516,A
2-PB1,628,1,1,2,14518,14522,C
2-PB1,629,14473,1,1,0,14475,A
2-PB1,630,14464,1,2,1,14468,A
2-PB1,631,14387,7,14,2,14410,A
2-PB1,632,2,34,14655,0,14691,G
2-PB1,633,14663,0,9,0,14672,A
2-PB1,634,0,0,15192,0,15192,G
2-PB1,635,4,14952,1,3,14960,T
2-PB1,636,5,54,16760,0,16819,G
2-PB1,637,16856,1,7,0,16864,A
2-PB1,638,16890,1,5,0,16896,A
2-PB1,639,3,17084,1,2,17090,T
2-PB1,640,17132,1,2,0,17135,A
2-PB1,641,17062,5,14,2,17083,A
2-PB1,642,1,55,17056,0,17112,G
2-PB1,643,16657,0,12,1,16670,A
2-PB1,644,0,22,16767,2,16791,G
2-PB1,645,15810,0,18,0,15828,A
2-PB1,646,3,11,15927,0,15941,G
2-PB1,647,2,2,15900,1,15905,G
2-PB1,648,8,2,0,15897,15907,C
2-PB1,649,4,15825,0,15,15844,T
2-PB1,650,16293,2,2,1,16298,A
2-PB1,651,4,2,2,16972,16980,C
2-PB1,652,29,2,1,17000,17032,C
2-PB1,653,1,17053,1,15,17070,T
2-PB1,654,17573,1,4,1,17579,A
2-PB1,655,17542,1,7,0,17550,A
2-PB1,656,0,17544,1,2,17547,T
2-PB1,657,17501,0,7,2,17510,A
2-PB1,658,17444,1,3,1,17449,A
2-PB1,659,22,53,17359,0,17434,G
2-PB1,660,16743,2,34,4,16783,A
2-PB1,661,1,2,16984,0,16987,G
2-PB1,662,3,6,0,17044,17053,C
2-PB1,663,0,16745,2,44,16791,T
2-PB1,664,2,16838,0,4,16844,T
2-PB1,665,1,16822,0,3,16826,T
2-PB1,666,2,61,16762,0,16825,G
2-PB1,667,17100,0,27,0,17127,A
2-PB1,668,2,5,0,17168,17175,C
2-PB1,669,17077,0,3,1,17081,A
2-PB1,670,2,17007,1,18,17028,T
2-PB1,671,2,16867,1,8,16878,T
2-PB1,672,4,71,17126,1,17202,G
2-PB1,673,17175,0,19,0,17194,A
2-PB1,674,17199,1,23,2,17225,A
2-PB1,675,2,2,0,17245,17249,C
2-PB1,676,17087,1,6,0,17094,A
2-PB1,677,1,10,0,17115,17126,C
2-PB1,678,5,23,17058,0,17086,G
2-PB1,679,17101,1,27,2,17131,A
2-PB1,680,1,17107,1,7,17116,T
2-PB1,681,3,101,17272,0,17376,G
2-PB1,682,17429,2,16,0,17447,A
2-PB1,683,4,0,0,17493,17497,C
2-PB1,684,43,2,0,17447,17492,C
2-PB1,685,17502,0,7,1,17510,A
2-PB1,686,17728,3,4,1,17736,A
2-PB1,687,17723,2,19,0,17744,A
2-PB1,688,1,19,18179,0,18199,G
2-PB1,689,18376,5,13,1,18395,A
2-PB1,690,1,18018,0,13,18032,T
2-PB1,691,5,4,18076,0,18085,G
2-PB1,692,7,8,0,18000,18015,C
2-PB1,693,17978,0,31,1,18010,A
2-PB1,694,2,32,18189,1,18224,G
2-PB1,695,17726,2,247,0,17975,A
2-PB1,696,2,37,17987,1,18027,G
2-PB1,697,17434,0,23,1,17458,A
2-PB1,698,475,19,16938,0,17432,G
2-PB1,699,17210,0,26,1,17237,A
2-PB1,700,2,27,17225,1,17255,G
2-PB1,701,1,2,17247,0,17250,G
2-PB1,702,7,4,0,17173,17184,C
2-PB1,703,16956,0,8,0,16964,A
2-PB1,704,17007,3,5,1,17016,A
2-PB1,705,17081,2,9,0,17092,A
2-PB1,706,3,17130,2,1,17136,T
2-PB1,707,2,17096,0,3,17101,T
2-PB1,708,17134,6,2,0,17142,A
2-PB1,709,17091,1,4,0,17096,A
2-PB1,710,17113,0,3,2,17118,A
2-PB1,711,17192,1,3,0,17196,A
2-PB1,712,17185,2,6,1,17194,A
2-PB1,713,1,20,17178,1,17200,G
2-PB1,714,17052,0,6,0,17058,A
2-PB1,715,16978,3,19,2,17002,A
2-PB1,716,2,73,17165,0,17240,G
2-PB1,717,3,30,17556,0,17589,G
2-PB1,718,5,2,17598,1,17606,G
2-PB1,719,3,3,2,17691,17699,C
2-PB1,720,1,17662,1,10,17674,T
2-PB1,721,17809,1,2,0,17812,A
2-PB1,722,2,18058,1,19,18080,T
2-PB1,723,1,18089,0,12,18102,T
2-PB1,724,8,5,18170,0,18183,G
2-PB1,725,3,8,0,17965,17976,C
2-PB1,726,17458,5,69,1,17533,A
2-PB1,727,17549,2,13,0,17564,A
2-PB1,728,1,4,0,17521,17526,C
2-PB1,729,17517,0,7,0,17524,A
2-PB1,730,1,2,1,17565,17569,C
2-PB1,731,21,4,0,17135,17160,C
2-PB1,732,68,10,1,17064,17143,C
2-PB1,733,8,56,17006,0,17070,G
2-PB1,734,3,25,17100,1,17129,G
2-PB1,735,1,22,17133,0,17156,G
2-PB1,736,17144,6,10,1,17161,A
2-PB1,737,0,17002,1,9,17012,T
2-PB1,738,4,5,17045,2,17056,G
2-PB1,739,5,5,0,16972,16982,C
2-PB1,740,17191,0,10,0,17201,A
2-PB1,741,17446,4,16,0,17466,A
2-PB1,742,17635,1,5,1,17642,A
2-PB1,743,0,17641,1,1,17643,T
2-PB1,744,0,17631,1,3,17635,T
2-PB1,745,17522,1,6,0,17529,A
2-PB1,746,0,31,17480,0,17511,G
2-PB1,747,17354,1,21,0,17376,A
2-PB1,748,1,78,17413,0,17492,G
2-PB1,749,10,37,17251,0,17298,G
2-PB1,750,5,1,17735,0,17741,G
2-PB1,751,2,17634,0,16,17652,T
2-PB1,752,1,17687,0,7,17695,T
2-PB1,753,74,3,0,17702,17779,C
2-PB1,754,6,0,17997,2,18005,G
2-PB1,755,4,17917,5,25,17951,T
2-PB1,756,3,2,17981,0,17986,G
2-PB1,757,2,17902,0,11,17915,T
2-PB1,758,17761,2,1,0,17764,A
2-PB1,759,2,1,1,17753,17757,C
2-PB1,760,1,16735,1,20,16757,T
2-PB1,761,2,16826,0,3,16831,T
2-PB1,762,29,2,0,16663,16694,C
2-PB1,763,6,1,16551,0,16558,G
2-PB1,764,1,16530,0,8,16539,T
2-PB1,765,2,16465,0,17,16484,T
2-PB1,766,0,35,16466,0,16501,G
2-PB1,767,16475,0,4,0,16479,A
2-PB1,768,16467,2,11,0,16480,A
2-PB1,769,16565,0,8,3,16576,A
2-PB1,770,1,3,1,16647,16652,C
2-PB1,771,1,16474,2,12,16489,T
2-PB1,772,1,16368,1,3,16373,T
2-PB1,773,0,16404,1,4,16409,T
2-PB1,774,16475,0,11,1,16487,A
2-PB1,775,1,2,16471,0,16474,G
2-PB1,776,6,5,0,16430,16441,C
2-PB1,777,2,53,16200,1,16256,G
2-PB1,778,16228,1,26,0,16255,A
2-PB1,779,2,15,16284,0,16301,G
2-PB1,780,16281,3,9,1,16294,A
2-PB1,781,16241,0,10,0,16251,A
2-PB1,782,45,2,16354,0,16401,G
2-PB1,783,4,2,0,16265,16271,C
2-PB1,784,16289,0,10,0,16299,A
2-PB1,785,1,16276,0,4,16281,T
2-PB1,786,1,16249,1,4,16255,T
2-PB1,787,2,16232,0,4,16238,T
2-PB1,788,3,5,16288,0,16296,G
2-PB1,789,8,4,0,16230,16242,C
2-PB1,790,2,33,16243,0,16278,G
2-PB1,791,16158,1,6,1,16166,A
2-PB1,792,16108,0,4,0,16112,A
2-PB1,793,16135,0,0,0,16135,A
2-PB1,794,16634,0,3,0,16637,A
2-PB1,795,1,1,16859,0,16861,G
2-PB1,796,7,3,0,16881,16891,C
2-PB1,797,2,16859,1,18,16880,T
2-PB1,798,2,16862,2,4,16870,T
2-PB1,799,2,82,16819,0,16903,G
2-PB1,800,16895,2,14,0,16911,A
2-PB1,801,16886,1,14,0,16901,A
2-PB1,802,1,6,1,16964,16972,C
2-PB1,803,16340,0,7,1,16348,A
2-PB1,804,2,1,17889,1,17893,G
2-PB1,805,2,17695,0,11,17708,T
2-PB1,806,78,7,1,17643,17729,C
2-PB1,807,4,17721,1,22,17748,T
2-PB1,808,1,28,17745,0,17774,G
2-PB1,809,0,46,17734,0,17780,G
2-PB1,810,17786,2,9,1,17798,A
2-PB1,811,3,5,1,17835,17844,C
2-PB1,812,1,17112,1,12,17126,T
2-PB1,813,1,15804,2,13,15820,T
2-PB1,814,16,1,1,15801,15819,C
2-PB1,815,19,12,0,15795,15826,C
2-PB1,816,13,15,15937,0,15965,G
2-PB1,817,0,4,16011,0,16015,G
2-PB1,818,2,15875,1,7,15885,T
2-PB1,819,1,15870,1,5,15877,T
2-PB1,820,1,45,15745,0,15791,G
2-PB1,821,1,64,15822,0,15887,G
2-PB1,822,2,54,15969,0,16025,G
2-PB1,823,4,33,15975,0,16012,G
2-PB1,824,1,5,16060,0,16066,G
2-PB1,825,0,15830,1,8,15839,T
2-PB1,826,15814,1,3,0,15818,A
2-PB1,827,15927,4,10,0,15941,A
2-PB1,828,2,15952,0,3,15957,T
2-PB1,829,1,30,15971,0,16002,G
2-PB1,830,15800,0,3,0,15803,A
2-PB1,831,15653,0,5,1,15659,A
2-PB1,832,15656,3,2,2,15663,A
2-PB1,833,15581,0,17,0,15598,A
2-PB1,834,4,14,15579,0,15597,G
2-PB1,835,15458,0,7,0,15465,A
2-PB1,836,15300,3,16,0,15319,A
2-PB1,837,92,24,15340,0,15456,G
2-PB1,838,4,2,15389,0,15395,G
2-PB1,839,2,2,1,15374,15379,C
2-PB1,840,23,5,0,15319,15347,C
2-PB1,841,15384,0,4,0,15388,A
2-PB1,842,15384,1,6,0,15391,A
2-PB1,843,15386,1,6,1,15394,A
2-PB1,844,1,2,0,15449,15452,C
2-PB1,845,0,15336,2,52,15390,T
2-PB1,846,6,21,15580,0,15607,G
2-PB1,847,10,0,15583,0,15593,G
2-PB1,848,6,2,0,15601,15609,C
2-PB1,849,15638,0,0,0,15638,A
2-PB1,850,15604,0,6,1,15611,A
2-PB1,851,15632,2,3,0,15637,A
2-PB1,852,0,15645,0,2,15647,T
2-PB1,853,4,1,15658,0,15663,G
2-PB1,854,1,15569,2,10,15582,T
2-PB1,855,2,15114,1,5,15122,T
2-PB1,856,4,1,15151,0,15156,G
2-PB1,857,2,15083,0,10,15095,T
2-PB1,858,1,30,15114,0,15145,G
2-PB1,859,15104,3,15,1,15123,A
2-PB1,860,1,22,15122,1,15146,G
2-PB1,861,15137,2,7,0,15146,A
2-PB1,862,15034,1,1,1,15037,A
2-PB1,863,15032,0,7,0,15039,A
2-PB1,864,15068,0,4,1,15073,A
2-PB1,865,15124,0,6,1,15131,A
2-PB1,866,2,15080,0,4,15086,T
2-PB1,867,0,22,15070,0,15092,G
2-PB1,868,15040,3,10,0,15053,A
2-PB1,869,5,14891,0,6,14902,T
2-PB1,870,1,77,14941,0,15019,G
2-PB1,871,15024,2,15,0,15041,A
2-PB1,872,1,3,1,15191,15196,C
2-PB1,873,1,15127,0,7,15135,T
2-PB1,874,15070,0,6,0,15076,A
2-PB1,875,15255,0,5,1,15261,A
2-PB1,876,3,15210,1,3,15217,T
2-PB1,877,1,15365,2,13,15381,T
2-PB1,878,43,8,0,15433,15484,C
2-PB1,879,15390,1,5,1,15397,A
2-PB1,880,1,2,0,15440,15443,C
2-PB1,881,15254,2,8,1,15265,A
2-PB1,882,15259,1,24,1,15285,A
2-PB1,883,1,37,15283,1,15322,G
2-PB1,884,15557,1,21,4,15583,A
2-PB1,885,1,2,0,15580,15583,C
2-PB1,886,15430,3,10,2,15445,A
2-PB1,887,4,4,0,15419,15427,C
2-PB1,888,15265,2,8,1,15276,A
2-PB1,889,3,36,15322,0,15361,G
2-PB1,890,15261,0,16,0,15277,A
2-PB1,891,6,2,15330,1,15339,G
2-PB1,892,3,0,0,15244,15247,C
2-PB1,893,0,14743,1,15,14759,T
2-PB1,894,1,14920,1,7,14929,T
2-PB1,895,0,14927,0,9,14936,T
2-PB1,896,19,1,1,14942,14963,C
2-PB1,897,1,14941,2,17,14961,T
2-PB1,898,1,14841,0,6,14848,T
2-PB1,899,1,14829,1,16,14847,T
2-PB1,900,21,3,1,14815,14840,C
2-PB1,901,14775,4,11,1,14791,A
2-PB1,902,1,4,0,14890,14895,C
2-PB1,903,14662,1,7,1,14671,A
2-PB1,904,14728,2,7,0,14737,A
2-PB1,905,3,14907,2,9,14921,T
2-PB1,906,40,2,3,15111,15156,C
2-PB1,907,15215,2,5,0,15222,A
2-PB1,908,2,3,0,15312,15317,C
2-PB1,909,4,15164,2,8,15178,T
2-PB1,910,4,40,15225,0,15269,G
2-PB1,911,4,52,15134,0,15190,G
2-PB1,912,6,40,15630,2,15678,G
2-PB1,913,8,21,15603,0,15632,G
2-PB1,914,15206,2,35,1,15244,A
2-PB1,915,5,5,1,14646,14657,C
2-PB1,916,14823,1,14,3,14841,A
2-PB1,917,15606,0,75,1,15682,A
2-PB1,918,2,1,0,15792,15795,C
2-PB1,919,15730,2,16,2,15750,A
2-PB1,920,3,3,1,15733,15740,C
2-PB1,921,1,14701,3,4,14709,T
2-PB1,922,14781,0,3,3,14787,A
2-PB1,923,14746,2,8,2,14758,A
2-PB1,924,4,0,14878,0,14882,G
2-PB1,925,2,14731,0,7,14740,T
2-PB1,926,1,24,13577,0,13602,G
2-PB1,927,6,18,13442,0,13466,G
2-PB1,928,13383,1,7,2,13393,A
2-PB1,929,13402,2,10,0,13414,A
2-PB1,930,0,13393,2,3,13398,T
2-PB1,931,2,23,13326,0,13351,G
2-PB1,932,13349,1,3,1,13354,A
2-PB1,933,13120,2,12,1,13135,A
2-PB1,934,13214,1,7,1,13223,A
2-PB1,935,13269,2,0,1,13272,A
2-PB1,936,0,13200,1,1,13202,T
2-PB1,937,52,0,0,13191,13243,C
2-PB1,938,13226,3,2,1,13232,A
2-PB1,939,13229,0,4,0,13233,A
2-PB1,940,13193,1,7,0,13201,A
2-PB1,941,13173,1,9,1,13184,A
2-PB1,942,1,2,0,13258,13261,C
2-PB1,943,18,3,0,13099,13120,C
2-PB1,944,59,4,2,12976,13041,C
2-PB1,945,0,12980,0,18,12998,T
2-PB1,946,19,3,1,13027,13050,C
2-PB1,947,0,19,13028,2,13049,G
2-PB1,948,12763,3,275,1,13042,A
2-PB1,949,13041,2,3,0,13046,A
2-PB1,950,0,13051,0,3,13054,T
2-PB1,951,3,0,13090,1,13094,G
2-PB1,952,2,12945,4,10,12961,T
2-PB1,953,0,12926,0,7,12933,T
2-PB1,954,1,12947,1,7,12956,T
2-PB1,955,2,12908,0,1,12911,T
2-PB1,956,1,12921,1,5,12928,T
2-PB1,957,1,26,12882,0,12909,G
2-PB1,958,3,4,12873,1,12881,G
2-PB1,959,9,7,3,12849,12868,C
2-PB1,960,3,14,12621,0,12638,G
2-PB1,961,12607,1,2,1,12611,A
2-PB1,962,0,12877,0,3,12880,T
2-PB1,963,4,24,13205,0,13233,G
2-PB1,964,13715,2,3,1,13721,A
2-PB1,965,2,13748,1,9,13760,T
2-PB1,966,0,13786,0,6,13792,T
2-PB1,967,13863,2,5,3,13873,A
2-PB1,968,4,4,0,13866,13874,C
2-PB1,969,13900,1,13,0,13914,A
2-PB1,970,0,13877,2,2,13881,T
2-PB1,971,12888,1,7,0,12896,A
2-PB1,972,2,3,0,12888,12893,C
2-PB1,973,11316,0,2,2,11320,A
2-PB1,974,2,11222,0,7,11231,T
2-PB1,975,19,1,0,11191,11211,C
2-PB1,976,11118,2,5,0,11125,A
2-PB1,977,4,0,0,11129,11133,C
2-PB1,978,11029,1,2,0,11032,A
2-PB1,979,11040,0,1,2,11043,A
2-PB1,980,10985,0,3,0,10988,A
2-PB1,981,2,16,10518,0,10536,G
2-PB1,982,10912,1,4,0,10917,A
2-PB1,983,10926,1,7,1,10935,A
2-PB1,984,0,10892,1,7,10900,T
2-PB1,985,37,1,0,10848,10886,C
2-PB1,986,10853,1,6,0,10860,A
2-PB1,987,10883,1,3,0,10887,A
2-PB1,988,1,1,0,10912,10914,C
2-PB1,989,11,1,0,10904,10916,C
2-PB1,990,3,9830,2,6,9841,T
2-PB1,991,2,24,9872,1,9899,G
2-PB1,992,9839,0,6,2,9847,A
2-PB1,993,1,1,9872,0,9874,G
2-PB1,994,1,9797,0,5,9803,T
2-PB1,995,2,27,9486,0,9515,G
2-PB1,996,2,0,9814,0,9816,G
2-PB1,997,3,9685,1,6,9695,T
2-PB1,998,2,9658,1,9,9670,T
2-PB1,999,45,0,1,9664,9710,C
2-PB1,1000,9476,0,5,0,9481,A
2-PB1,1001,1,13,9649,0,9663,G
2-PB1,1002,9635,0,11,1,9647,A
2-PB1,1003,9650,1,7,0,9658,A
2-PB1,1004,9548,0,3,0,9551,A
2-PB1,1005,1,0,0,8176,8177,C
2-PB1,1006,8073,0,2,1,8076,A
2-PB1,1007,3,8030,0,8,8041,T
2-PB1,1008,6,2,1,8106,8115,C
2-PB1,1009,12,3,0,8113,8128,C
2-PB1,1010,2,7403,1,5,7411,T
2-PB1,1011,7,24,7387,0,7418,G
2-PB1,1012,7323,0,11,1,7335,A
2-PB1,1013,2,1,7398,0,7401,G
2-PB1,1014,3,0,1,7233,7237,C
2-PB1,1015,6824,0,4,0,6828,A
2-PB1,1016,0,6828,0,1,6829,T
2-PB1,1017,8,1,0,6769,6778,C
2-PB1,1018,2,3,6786,0,6791,G
2-PB1,1019,0,1,0,6996,6997,C
2-PB1,1020,6993,2,8,0,7003,A
2-PB1,1021,2,0,1,7271,7274,C
2-PB1,1022,15,3,0,7247,7265,C
2-PB1,1023,7279,1,3,0,7283,A
2-PB1,1024,7386,1,0,1,7388,A
2-PB1,1025,0,7381,0,5,7386,T
2-PB1,1026,7375,0,1,0,7376,A
2-PB1,1027,7369,0,1,0,7370,A
2-PB1,1028,0,7128,0,2,7130,T
2-PB1,1029,2,1,7169,0,7172,G
2-PB1,1030,1,6957,1,6,6965,T
2-PB1,1031,3,6888,0,7,6898,T
2-PB1,1032,15,1,0,6911,6927,C
2-PB1,1033,1,6862,0,4,6867,T
2-PB1,1034,20,1,0,6867,6888,C
2-PB1,1035,6904,2,3,0,6909,A
2-PB1,1036,6890,2,1,0,6893,A
2-PB1,1037,6902,0,7,0,6909,A
2-PB1,1038,0,0,0,6903,6903,C
2-PB1,1039,6904,1,0,0,6905,A
2-PB1,1040,6903,1,1,0,6905,A
2-PB1,1041,6870,1,2,0,6873,A
2-PB1,1042,6893,0,5,1,6899,A
2-PB1,1043,0,6892,0,6,6898,T
2-PB1,1044,2,11,6890,0,6903,G
2-PB1,1045,4,3,6877,1,6885,G
2-PB1,1046,2,3,0,6863,6868,C
2-PB1,1047,6855,0,8,0,6863,A
2-PB1,1048,6873,2,8,0,6883,A
2-PB1,1049,0,3,6895,1,6899,G
2-PB1,1050,6879,2,1,1,6883,A
2-PB1,1051,0,6808,1,2,6811,T
2-PB1,1052,0,6935,0,0,6935,T
2-PB1,1053,1,20,6962,0,6983,G
2-PB1,1054,1,8,6984,0,6993,G
2-PB1,1055,1,6,7020,0,7027,G
2-PB1,1056,7027,1,0,0,7028,A
2-PB1,1057,7024,1,1,0,7026,A
2-PB1,1058,7007,1,9,0,7017,A
2-PB1,1059,6940,1,10,0,6951,A
2-PB1,1060,0,20,7162,0,7182,G
2-PB1,1061,1,9,7176,1,7187,G
2-PB1,1062,7180,0,8,0,7188,A
2-PB1,1063,0,7172,1,2,7175,T
2-PB1,1064,7163,0,4,0,7167,A
2-PB1,1065,0,1,1,7169,7171,C
2-PB1,1066,7238,0,5,0,7243,A
2-PB1,1067,1,7217,1,0,7219,T
2-PB1,1068,2,1,7265,0,7268,G
2-PB1,1069,1,7084,2,6,7093,T
2-PB1,1070,1,7081,1,6,7089,T
2-PB1,1071,28,3,0,7022,7053,C
2-PB1,1072,3,15,7060,0,7078,G
2-PB1,1073,7051,2,4,0,7057,A
2-PB1,1074,1,22,7204,0,7227,G
2-PB1,1075,7104,1,7,0,7112,A
2-PB1,1076,2,0,7204,0,7206,G
2-PB1,1077,0,7139,0,2,7141,T
2-PB1,1078,7131,0,0,0,7131,A
2-PB1,1079,7138,1,6,2,7147,A
2-PB1,1080,0,25,7160,0,7185,G
2-PB1,1081,7143,0,10,2,7155,A
2-PB1,1082,0,6,7266,1,7273,G
2-PB1,1083,7092,1,6,1,7100,A
2-PB1,1084,7147,0,3,0,7150,A
2-PB1,1085,0,7082,3,1,7086,T
2-PB1,1086,1,3,7078,0,7082,G
2-PB1,1087,7072,1,9,0,7082,A
2-PB1,1088,7012,1,10,0,7023,A
2-PB1,1089,3,0,7052,0,7055,G
2-PB1,1090,0,2,0,7027,7029,C
2-PB1,1091,1,6922,1,3,6927,T
2-PB1,1092,20,0,1,6957,6978,C
2-PB1,1093,4,8,0,6959,6971,C
2-PB1,1094,5,14,6966,0,6985,G
2-PB1,1095,1,10,6993,0,7004,G
2-PB1,1096,7013,0,4,0,7017,A
2-PB1,1097,2,1,0,7129,7132,C
2-PB1,1098,7104,3,3,0,7110,A
2-PB1,1099,0,0,0,7211,7211,C
2-PB1,1100,7200,0,1,1,7202,A
2-PB1,1101,7204,1,6,0,7211,A
2-PB1,1102,7204,0,4,0,7208,A
2-PB1,1103,0,7225,1,1,7227,T
2-PB1,1104,7218,0,3,1,7222,A
2-PB1,1105,1,3,0,7236,7240,C
2-PB1,1106,9,0,0,7134,7143,C
2-PB1,1107,0,7006,3,9,7018,T
2-PB1,1108,2,4,7083,0,7089,G
2-PB1,1109,1,0,0,7084,7085,C
2-PB1,1110,7093,1,2,0,7096,A
2-PB1,1111,1,11,7084,0,7096,G
2-PB1,1112,7071,1,0,0,7072,A
2-PB1,1113,7059,0,1,0,7060,A
2-PB1,1114,7094,0,0,0,7094,A
2-PB1,1115,0,7090,0,1,7091,T
2-PB1,1116,2,1,7095,0,7098,G
2-PB1,1117,3,2,0,7058,7063,C
2-PB1,1118,0,7047,0,8,7055,T
2-PB1,1119,7153,1,2,0,7156,A
2-PB1,1120,3,1,7141,1,7146,G
2-PB1,1121,0,1,0,7157,7158,C
2-PB1,1122,7149,1,2,2,7154,A
2-PB1,1123,7140,0,3,0,7143,A
2-PB1,1124,1,1,7121,0,7123,G
2-PB1,1125,4,2,0,7098,7104,C
2-PB1,1126,7018,0,1,0,7019,A
2-PB1,1127,0,7184,1,0,7185,T
2-PB1,1128,2,7200,0,1,7203,T
2-PB1,1129,0,15,7426,0,7441,G
2-PB1,1130,7510,1,8,0,7519,A
2-PB1,1131,1,0,0,7497,7498,C
2-PB1,1132,11,2,0,7499,7512,C
2-PB1,1133,1,7319,2,11,7333,T
2-PB1,1134,0,5,7479,0,7484,G
2-PB1,1135,7496,2,1,0,7499,A
2-PB1,1136,7490,1,8,1,7500,A
2-PB1,1137,3,0,7598,0,7601,G
2-PB1,1138,1,7318,0,0,7319,T
2-PB1,1139,7368,0,1,0,7369,A
2-PB1,1140,0,7339,1,10,7350,T
2-PB1,1141,1,7327,0,2,7330,T
2-PB1,1142,1,7320,0,3,7324,T
2-PB1,1143,15,0,0,7254,7269,C
2-PB1,1144,7259,1,1,0,7261,A
2-PB1,1145,7262,0,2,0,7264,A
2-PB1,1146,0,7154,0,1,7155,T
2-PB1,1147,2,20,7174,0,7196,G
2-PB1,1148,7149,0,1,0,7150,A
2-PB1,1149,7174,2,3,1,7180,A
2-PB1,1150,3,7141,1,4,7149,T
2-PB1,1151,14,3,0,7195,7212,C
2-PB1,1152,7205,0,6,0,7211,A
2-PB1,1153,7199,1,17,0,7217,A
2-PB1,1154,1,0,0,7216,7217,C
2-PB1,1155,7181,1,33,0,7215,A
2-PB1,1156,7166,0,2,0,7168,A
2-PB1,1157,13,7,7154,0,7174,G
2-PB1,1158,1,11,7203,0,7215,G
2-PB1,1159,7208,2,3,0,7213,A
2-PB1,1160,7195,1,10,1,7207,A
2-PB1,1161,2,10,7208,0,7220,G
2-PB1,1162,7184,0,5,1,7190,A
2-PB1,1163,7197,0,0,0,7197,A
2-PB1,1164,7186,1,3,1,7191,A
2-PB1,1165,7191,1,4,0,7196,A
2-PB1,1166,0,7165,2,0,7167,T
2-PB1,1167,1,7111,1,2,7115,T
2-PB1,1168,1,20,7108,0,7129,G
2-PB1,1169,7092,1,8,2,7103,A
2-PB1,1170,2,5,7135,0,7142,G
2-PB1,1171,7123,2,2,0,7127,A
2-PB1,1172,7209,0,2,0,7211,A
2-PB1,1173,7329,0,4,0,7333,A
2-PB1,1174,7361,0,1,1,7363,A
2-PB1,1175,0,7338,1,1,7340,T
2-PB1,1176,7360,0,1,1,7362,A
2-PB1,1177,7256,0,105,3,7364,A
2-PB1,1178,2,7,7375,0,7384,G
2-PB1,1179,3,3,7353,0,7359,G
2-PB1,1180,2,1,0,7335,7338,C
2-PB1,1181,5,1,0,7337,7343,C
2-PB1,1182,2,7227,1,10,7240,T
2-PB1,1183,8,2,0,8180,8190,C
2-PB1,1184,2,8288,0,14,8304,T
2-PB1,1185,2,8351,0,2,8355,T
2-PB1,1186,5,3,0,8520,8528,C
2-PB1,1187,0,8463,0,3,8466,T
2-PB1,1188,8519,0,2,0,8521,A
2-PB1,1189,8517,0,3,0,8520,A
2-PB1,1190,0,8515,0,2,8517,T
2-PB1,1191,8617,1,0,0,8618,A
2-PB1,1192,0,4,8417,0,8421,G
2-PB1,1193,7772,1,4,0,7777,A
2-PB1,1194,3,7769,0,7,7779,T
2-PB1,1195,3,18,7660,2,7683,G
2-PB1,1196,3,1,7776,0,7780,G
2-PB1,1197,2,2,0,7791,7795,C
2-PB1,1198,7800,1,3,1,7805,A
2-PB1,1199,1,0,0,7837,7838,C
2-PB1,1200,7706,2,3,0,7711,A
2-PB1,1201,0,2,8007,0,8009,G
2-PB1,1202,1,2,0,7984,7987,C
2-PB1,1203,7990,2,3,1,7996,A
2-PB1,1204,1,8224,0,9,8234,T
2-PB1,1205,14,1,0,8155,8170,C
2-PB1,1206,8261,0,3,0,8264,A
2-PB1,1207,0,8262,1,5,8268,T
2-PB1,1208,1,8213,0,2,8216,T
2-PB1,1209,0,19,8182,0,8201,G
2-PB1,1210,7949,0,11,1,7961,A
2-PB1,1211,2,1,8201,0,8204,G
2-PB1,1212,1,3,0,8136,8140,C
2-PB1,1213,12,1,0,8035,8048,C
2-PB1,1214,27,0,0,8106,8133,C
2-PB1,1215,0,8064,1,7,8072,T
2-PB1,1216,2,8,8314,0,8324,G
2-PB1,1217,0,12,8433,0,8445,G
2-PB1,1218,8409,2,25,0,8436,A
2-PB1,1219,8563,1,1,0,8565,A
2-PB1,1220,0,8333,0,2,8335,T
2-PB1,1221,1,6,8463,1,8471,G
2-PB1,1222,8530,0,14,0,8544,A
2-PB1,1223,0,8534,1,8,8543,T
2-PB1,1224,1,10,8567,0,8578,G
2-PB1,1225,8476,2,7,0,8485,A
2-PB1,1226,1,8389,0,3,8393,T
2-PB1,1227,0,30,8363,0,8393,G
2-PB1,1228,3,18,8437,1,8459,G
2-PB1,1229,4,5,8454,1,8464,G
2-PB1,1230,2,2,0,8388,8392,C
2-PB1,1231,8418,0,3,0,8421,A
2-PB1,1232,1,8448,0,4,8453,T
2-PB1,1233,3,3,8652,0,8658,G
2-PB1,1234,0,8657,1,9,8667,T
2-PB1,1235,1,8689,0,3,8693,T
2-PB1,1236,29,0,1,8694,8724,C
2-PB1,1237,8644,0,10,0,8654,A
2-PB1,1238,8664,1,10,0,8675,A
2-PB1,1239,1,6,0,8680,8687,C
2-PB1,1240,8706,0,5,0,8711,A
2-PB1,1241,0,8694,1,4,8699,T
2-PB1,1242,0,4,8688,0,8692,G
2-PB1,1243,3,3,1,8683,8690,C
2-PB1,1244,0,8686,0,7,8693,T
2-PB1,1245,8750,1,5,0,8756,A
2-PB1,1246,8749,1,3,0,8753,A
2-PB1,1247,4,2,8906,0,8912,G
2-PB1,1248,0,8862,0,5,8867,T
2-PB1,1249,8822,0,2,0,8824,A
2-PB1,1250,1,8,0,8891,8900,C
2-PB1,1251,5,21,8866,3,8895,G
2-PB1,1252,2,0,9371,0,9373,G
2-PB1,1253,1,9315,0,4,9320,T
2-PB1,1254,0,9277,0,3,9280,T
2-PB1,1255,1,9295,0,1,9297,T
2-PB1,1256,0,9259,0,2,9261,T
2-PB1,1257,9255,1,10,0,9266,A
2-PB1,1258,0,15,9243,0,9258,G
2-PB1,1259,0,23,9215,0,9238,G
2-PB1,1260,9008,3,10,4,9025,A
2-PB1,1261,3,2,8947,0,8952,G
2-PB1,1262,1,8963,0,5,8969,T
2-PB1,1263,26,2,1,8957,8986,C
2-PB1,1264,1,8972,0,19,8992,T
2-PB1,1265,9,3,0,9005,9017,C
2-PB1,1266,3,18,9022,3,9046,G
2-PB1,1267,9258,0,3,0,9261,A
2-PB1,1268,0,9309,0,1,9310,T
2-PB1,1269,9330,4,4,1,9339,A
2-PB1,1270,1,4,0,9332,9337,C
2-PB1,1271,1,9169,0,12,9182,T
2-PB1,1272,2,14,9177,0,9193,G
2-PB1,1273,9161,0,8,0,9169,A
2-PB1,1274,9354,3,1,0,9358,A
2-PB1,1275,0,9360,1,4,9365,T
2-PB1,1276,13,3,0,9167,9183,C
2-PB1,1277,1,9146,0,5,9152,T
2-PB1,1278,1,9114,0,3,9118,T
2-PB1,1279,386,17,8739,0,9142,G
2-PB1,1280,2,17,9132,0,9151,G
2-PB1,1281,9115,2,9,0,9126,A
2-PB1,1282,0,4,1,9152,9157,C
2-PB1,1283,8929,0,1,0,8930,A
2-PB1,1284,8979,0,3,0,8982,A
2-PB1,1285,8996,0,0,0,8996,A
2-PB1,1286,9009,0,13,1,9023,A
2-PB1,1287,0,5,9173,0,9178,G
2-PB1,1288,9212,1,4,0,9217,A
2-PB1,1289,9203,0,9,0,9212,A
2-PB1,1290,9212,0,7,0,9219,A
2-PB1,1291,1,9180,0,0,9181,T
2-PB1,1292,9202,1,4,0,9207,A
2-PB1,1293,0,2,0,9527,9529,C
2-PB1,1294,9432,0,12,1,9445,A
2-PB1,1295,0,3,0,9487,9490,C
2-PB1,1296,15,1,0,9376,9392,C
2-PB1,1297,9353,0,4,1,9358,A
2-PB1,1298,9337,1,137,0,9475,A
2-PB1,1299,0,27,9691,0,9718,G
2-PB1,1300,9799,0,38,0,9837,A
2-PB1,1301,0,2,0,9935,9937,C
2-PB1,1302,9679,3,4,0,9686,A
2-PB1,1303,9967,0,9,0,9976,A
2-PB1,1304,2,2,0,9993,9997,C
2-PB1,1305,10113,6,5,2,10126,A
2-PB1,1306,2,10154,0,0,10156,T
2-PB1,1307,10071,1,7,0,10079,A
2-PB1,1308,1,2,0,10247,10250,C
2-PB1,1309,1,9870,0,4,9875,T
2-PB1,1310,3,17,10022,1,10043,G
2-PB1,1311,1,0,10025,0,10026,G
2-PB1,1312,2,9717,0,5,9724,T
2-PB1,1313,2,35,9699,0,9736,G
2-PB1,1314,5,19,9590,0,9614,G
2-PB1,1315,2,8,9662,1,9673,G
2-PB1,1316,9652,2,5,0,9659,A
2-PB1,1317,0,9450,0,7,9457,T
2-PB1,1318,2,34,9419,0,9455,G
2-PB1,1319,3,17,9386,0,9406,G
2-PB1,1320,103,6,9348,1,9458,G
2-PB1,1321,2,2,1,9564,9569,C
2-PB1,1322,1,9514,0,19,9534,T
2-PB1,1323,9,5,0,9589,9603,C
2-PB1,1324,9,2,0,9572,9583,C
2-PB1,1325,9584,3,4,0,9591,A
2-PB1,1326,9581,2,4,1,9588,A
2-PB1,1327,0,9520,0,5,9525,T
2-PB1,1328,10,0,2,9489,9501,C
2-PB1,1329,21,1,2,9398,9422,C
2-PB1,1330,1,9296,0,13,9310,T
2-PB1,1331,14,0,0,9303,9317,C
2-PB1,1332,9,8,0,9264,9281,C
2-PB1,1333,3,13,9278,1,9295,G
2-PB1,1334,9280,0,4,0,9284,A
2-PB1,1335,0,7,0,9295,9302,C
2-PB1,1336,3,27,9297,1,9328,G
2-PB1,1337,9377,0,0,0,9377,A
2-PB1,1338,0,9346,0,4,9350,T
2-PB1,1339,0,9365,1,2,9368,T
2-PB1,1340,1,9364,0,3,9368,T
2-PB1,1341,0,9372,1,3,9376,T
2-PB1,1342,1,1,9387,1,9390,G
2-PB1,1343,3,5,0,9418,9426,C
2-PB1,1344,20,4,0,9393,9417,C
2-PB1,1345,52,2,1,9647,9702,C
2-PB1,1346,0,9527,0,10,9537,T
2-PB1,1347,18,0,2,9920,9940,C
2-PB1,1348,10019,0,2,0,10021,A
2-PB1,1349,0,10046,0,3,10049,T
2-PB1,1350,10041,3,15,0,10059,A
2-PB1,1351,3,2,10142,0,10147,G
2-PB1,1352,0,9993,0,11,10004,T
2-PB1,1353,2,29,10007,0,10038,G
2-PB1,1354,9700,0,5,0,9705,A
2-PB1,1355,9684,1,3,0,9688,A
2-PB1,1356,1,9246,0,1,9248,T
2-PB1,1357,4,3,9212,0,9219,G
2-PB1,1358,2,0,0,9262,9264,C
2-PB1,1359,9238,1,10,1,9250,A
2-PB1,1360,0,4,0,9265,9269,C
2-PB1,1361,20,1,0,9184,9205,C
2-PB1,1362,9156,0,3,1,9160,A
2-PB1,1363,9153,0,1,0,9154,A
2-PB1,1364,9128,1,1,0,9130,A
2-PB1,1365,0,8883,0,11,8894,T
2-PB1,1366,14,2,0,9142,9158,C
2-PB1,1367,9167,1,6,0,9174,A
2-PB1,1368,1,9155,1,1,9158,T
2-PB1,1369,1,14,9143,0,9158,G
2-PB1,1370,9175,3,13,1,9192,A
2-PB1,1371,2,30,9257,0,9289,G
2-PB1,1372,1,8,9350,1,9360,G
2-PB1,1373,3,17,9376,0,9396,G
2-PB1,1374,9336,1,7,0,9344,A
2-PB1,1375,9452,0,7,0,9459,A
2-PB1,1376,1,9471,0,1,9473,T
2-PB1,1377,9496,3,1,0,9500,A
2-PB1,1378,1,1,0,9527,9529,C
2-PB1,1379,9505,0,4,1,9510,A
2-PB1,1380,9481,1,9,1,9492,A
2-PB1,1381,1,1,9449,1,9452,G
2-PB1,1382,4,1,0,9379,9384,C
2-PB1,1383,9312,4,5,0,9321,A
2-PB1,1384,0,14,9430,1,9445,G
2-PB1,1385,0,16,9438,0,9454,G
2-PB1,1386,9367,2,11,0,9380,A
2-PB1,1387,1,18,9446,0,9465,G
2-PB1,1388,0,9219,0,23,9242,T
2-PB1,1389,5,16,9361,1,9383,G
2-PB1,1390,1,4,9415,0,9420,G
2-PB1,1391,9405,0,5,0,9410,A
2-PB1,1392,0,9422,0,1,9423,T
2-PB1,1393,9204,0,4,0,9208,A
2-PB1,1394,0,13,9263,1,9277,G
2-PB1,1395,9343,1,3,1,9348,A
2-PB1,1396,1,9329,0,5,9335,T
2-PB1,1397,2,9284,1,2,9289,T
2-PB1,1398,13,1,0,9563,9577,C
2-PB1,1399,2,9515,0,2,9519,T
2-PB1,1400,9533,0,1,0,9534,A
2-PB1,1401,2,2,0,9528,9532,C
2-PB1,1402,9351,1,5,1,9358,A
2-PB1,1403,3,14,9338,0,9355,G
2-PB1,1404,1,23,9169,0,9193,G
2-PB1,1405,9267,1,11,0,9279,A
2-PB1,1406,2,0,1,9253,9256,C
2-PB1,1407,10,1,1,8944,8956,C
2-PB1,1408,4,8860,0,12,8876,T
2-PB1,1409,4,1,8902,0,8907,G
2-PB1,1410,2,6,1,8880,8889,C
2-PB1,1411,8906,0,7,0,8913,A
2-PB1,1412,8989,0,3,0,8992,A
2-PB1,1413,0,1,9010,0,9011,G
2-PB1,1414,1,8843,1,4,8849,T
2-PB1,1415,0,8835,0,2,8837,T
2-PB1,1416,8711,1,6,0,8718,A
2-PB1,1417,2,0,8730,1,8733,G
2-PB1,1418,1,8670,0,8,8679,T
2-PB1,1419,3,31,8654,0,8688,G
2-PB1,1420,3,10,8673,2,8688,G
2-PB1,1421,2,9,8698,0,8709,G
2-PB1,1422,8654,0,1,0,8655,A
2-PB1,1423,8692,0,2,0,8694,A
2-PB1,1424,0,8651,0,8,8659,T
2-PB1,1425,18,3,1,8664,8686,C
2-PB1,1426,8659,0,5,0,8664,A
2-PB1,1427,8672,2,8,0,8682,A
2-PB1,1428,1,1,1,8687,8690,C
2-PB1,1429,8654,1,6,0,8661,A
2-PB1,1430,1,8403,0,1,8405,T
2-PB1,1431,0,27,8409,1,8437,G
2-PB1,1432,8423,1,11,0,8435,A
2-PB1,1433,4,2,8489,0,8495,G
2-PB1,1434,8,1,0,8439,8448,C
2-PB1,1435,8427,0,4,0,8431,A
2-PB1,1436,8436,1,2,0,8439,A
2-PB1,1437,8437,0,5,0,8442,A
2-PB1,1438,8495,1,4,1,8501,A
2-PB1,1439,8509,0,1,0,8510,A
2-PB1,1440,0,7,8484,0,8491,G
2-PB1,1441,8396,0,6,1,8403,A
2-PB1,1442,8295,1,13,0,8309,A
2-PB1,1443,3,2,8609,0,8614,G
2-PB1,1444,0,8579,1,7,8587,T
2-PB1,1445,16,0,0,8592,8608,C
2-PB1,1446,24,2,0,8611,8637,C
2-PB1,1447,0,8572,0,6,8578,T
2-PB1,1448,8683,1,3,0,8687,A
2-PB1,1449,2,8652,0,2,8656,T
2-PB1,1450,8667,1,4,0,8672,A
2-PB1,1451,0,8682,0,1,8683,T
2-PB1,1452,8406,0,1,0,8407,A
2-PB1,1453,8406,0,4,1,8411,A
2-PB1,1454,8388,2,1,0,8391,A
2-PB1,1455,0,8112,1,240,8353,T
2-PB1,1456,8268,0,1,1,8270,A
2-PB1,1457,8239,1,1,0,8241,A
2-PB1,1458,8264,0,0,1,8265,A
2-PB1,1459,8250,1,6,0,8257,A
2-PB1,1460,0,2,0,8267,8269,C
2-PB1,1461,7852,0,2,0,7854,A
2-PB1,1462,2,29,7840,0,7871,G
2-PB1,1463,1,18,7860,0,7879,G
2-PB1,1464,1,24,7847,0,7872,G
2-PB1,1465,7830,2,11,0,7843,A
2-PB1,1466,1,2,0,7915,7918,C
2-PB1,1467,7863,0,1,0,7864,A
2-PB1,1468,0,7897,0,5,7902,T
2-PB1,1469,0,7888,1,10,7899,T
2-PB1,1470,1,7905,0,2,7908,T
2-PB1,1471,1,23,7890,0,7914,G
2-PB1,1472,7831,0,4,0,7835,A
2-PB1,1473,7856,0,0,0,7856,A
2-PB1,1474,3,7851,1,3,7858,T
2-PB1,1475,1,7652,0,5,7658,T
2-PB1,1476,14,3,0,7689,7706,C
2-PB1,1477,7611,0,5,1,7617,A
2-PB1,1478,2,3,0,7637,7642,C
2-PB1,1479,0,7633,0,6,7639,T
2-PB1,1480,7671,1,0,0,7672,A
2-PB1,1481,3,0,7658,0,7661,G
2-PB1,1482,2,0,0,7656,7658,C
2-PB1,1483,0,7631,0,12,7643,T
2-PB1,1484,1,7603,0,61,7665,T
2-PB1,1485,0,7619,0,8,7627,T
2-PB1,1486,1,7632,0,4,7637,T
2-PB1,1487,0,7623,1,2,7626,T
2-PB1,1488,1,7616,0,2,7619,T
2-PB1,1489,0,7579,1,0,7580,T
2-PB1,1490,7567,0,2,0,7569,A
2-PB1,1491,1,7520,0,1,7522,T
2-PB1,1492,15,3,0,7550,7568,C
2-PB1,1493,2,9,7605,0,7616,G
2-PB1,1494,7819,0,0,0,7819,A
2-PB1,1495,1,7846,0,1,7848,T
2-PB1,1496,7842,2,9,0,7853,A
2-PB1,1497,0,7919,0,6,7925,T
2-PB1,1498,0,19,7887,0,7906,G
2-PB1,1499,2,11,7943,0,7956,G
2-PB1,1500,7958,2,7,0,7967,A
2-PB1,1501,0,7886,0,5,7891,T
2-PB1,1502,0,7811,0,5,7816,T
2-PB1,1503,0,7524,0,1,7525,T
2-PB1,1504,1,0,7560,0,7561,G
2-PB1,1505,0,7506,1,4,7511,T
2-PB1,1506,1,14,7491,0,7506,G
2-PB1,1507,1,4,7502,0,7507,G
2-PB1,1508,2,2,1,7391,7396,C
2-PB1,1509,2,7432,1,6,7441,T
2-PB1,1510,7447,0,0,0,7447,A
2-PB1,1511,7493,1,1,1,7496,A
2-PB1,1512,0,7518,1,0,7519,T
2-PB1,1513,0,7545,0,1,7546,T
2-PB1,1514,0,7527,0,3,7530,T
2-PB1,1515,1,7539,0,2,7542,T
2-PB1,1516,7523,0,6,0,7529,A
2-PB1,1517,2,1,7609,0,7612,G
2-PB1,1518,3,2,0,7581,7586,C
2-PB1,1519,7552,0,6,0,7558,A
2-PB1,1520,0,7502,0,5,7507,T
2-PB1,1521,2,4,7395,0,7401,G
2-PB1,1522,2,18,7489,0,7509,G
2-PB1,1523,7492,1,9,1,7503,A
2-PB1,1524,1,1,7497,0,7499,G
2-PB1,1525,1,0,0,7434,7435,C
2-PB1,1526,1,7342,0,5,7348,T
2-PB1,1527,3,2,7426,0,7431,G
2-PB1,1528,2,3,0,7371,7376,C
2-PB1,1529,16,1,0,7365,7382,C
2-PB1,1530,18,2,0,7413,7433,C
2-PB1,1531,7183,0,3,0,7186,A
2-PB1,1532,0,0,7614,0,7614,G
2-PB1,1533,0,7581,3,4,7588,T
2-PB1,1534,0,7572,0,5,7577,T
2-PB1,1535,0,7587,0,3,7590,T
2-PB1,1536,0,7469,0,4,7473,T
2-PB1,1537,1,11,7456,0,7468,G
2-PB1,1538,4,13,7454,0,7471,G
2-PB1,1539,7426,0,8,0,7434,A
2-PB1,1540,0,1,7460,0,7461,G
2-PB1,1541,1,6639,0,6,6646,T
2-PB1,1542,3,1,6917,0,6921,G
2-PB1,1543,1,6882,0,6,6889,T
2-PB1,1544,27,0,1,6873,6901,C
2-PB1,1545,0,6902,0,12,6914,T
2-PB1,1546,4,7,6940,0,6951,G
2-PB1,1547,2,12,7015,0,7029,G
2-PB1,1548,7035,3,1,0,7039,A
2-PB1,1549,7040,0,2,2,7044,A
2-PB1,1550,2,6990,0,1,6993,T
2-PB1,1551,6337,1,0,0,6338,A
2-PB1,1552,6338,1,2,1,6342,A
2-PB1,1553,6324,1,7,0,6332,A
2-PB1,1554,1,4,0,6339,6344,C
2-PB1,1555,1,18,6285,0,6304,G
2-PB1,1556,6161,0,5,0,6166,A
2-PB1,1557,1,0,6159,0,6160,G
2-PB1,1558,1,6122,0,5,6128,T
2-PB1,1559,28,0,0,6137,6165,C
2-PB1,1560,6149,0,3,0,6152,A
2-PB1,1561,0,2,6207,0,6209,G
2-PB1,1562,1,5,0,6201,6207,C
2-PB1,1563,1,6192,0,5,6198,T
2-PB1,1564,1,8,6349,0,6358,G
2-PB1,1565,6305,0,0,0,6305,A
2-PB1,1566,1,6313,1,0,6315,T
2-PB1,1567,6311,1,3,0,6315,A
2-PB1,1568,1,6156,0,4,6161,T
2-PB1,1569,1,25,6160,0,6186,G
2-PB1,1570,5878,1,8,0,5887,A
2-PB1,1571,1,2,5953,0,5956,G
2-PB1,1572,4,0,0,5953,5957,C
2-PB1,1573,5515,1,2,0,5518,A
2-PB1,1574,0,5510,0,4,5514,T
2-PB1,1575,0,5488,0,2,5490,T
2-PB1,1576,1,4,5514,0,5519,G
2-PB1,1577,0,5,5654,0,5659,G
2-PB1,1578,5500,1,6,0,5507,A
2-PB1,1579,1,0,5526,0,5527,G
2-PB1,1580,0,5219,0,4,5223,T
2-PB1,1581,5206,0,1,0,5207,A
2-PB1,1582,5195,0,6,0,5201,A
2-PB1,1583,1,1,0,5212,5214,C
2-PB1,1584,5156,0,3,0,5159,A
2-PB1,1585,1,0,5218,1,5220,G
2-PB1,1586,0,4349,1,5,4355,T
2-PB1,1587,1,3,4379,0,4383,G
2-PB1,1588,4412,0,2,0,4414,A
2-PB1,1589,0,4399,2,1,4402,T
2-PB1,1590,4389,0,0,0,4389,A
2-PB1,1591,4359,0,2,0,4361,A
2-PB1,1592,4142,0,8,1,4151,A
2-PB1,1593,1,11,4181,0,4193,G
2-PB1,1594,3854,0,3,0,3857,A
2-PB1,1595,3851,0,3,0,3854,A
2-PB1,1596,2,1,0,3850,3853,C
2-PB1,1597,3660,0,5,0,3665,A
2-PB1,1598,3688,1,3,0,3692,A
2-PB1,1599,1,3,1,3689,3694,C
2-PB1,1600,3701,0,3,0,3704,A
2-PB1,1601,2,3667,23,1,3693,T
2-PB1,1602,0,5,3508,0,3513,G
2-PB1,1603,3509,1,1,0,3511,A
2-PB1,1604,1,3499,0,1,3501,T
2-PB1,1605,3420,0,2,0,3422,A
2-PB1,1606,3438,0,0,0,3438,A
2-PB1,1607,3339,2,4,1,3346,A
2-PB1,1608,0,0,0,3343,3343,C
2-PB1,1609,3114,1,1,0,3116,A
2-PB1,1610,3095,0,0,0,3095,A
2-PB1,1611,0,2981,0,0,2981,T
2-PB1,1612,0,5,2967,0,2972,G
2-PB1,1613,3027,0,2,0,3029,A
2-PB1,1614,0,0,0,3054,3054,C
2-PB1,1615,7,0,0,2938,2945,C
2-PB1,1616,0,2701,0,2,2703,T
2-PB1,1617,0,2519,0,2,2521,T
2-PB1,1618,0,6,2506,0,2512,G
2-PB1,1619,0,6,2523,0,2529,G
2-PB1,1620,2552,0,3,0,2555,A
2-PB1,1621,1,0,0,2547,2548,C
2-PB1,1622,9,1,0,2501,2511,C
2-PB1,1623,2475,0,1,0,2476,A
2-PB1,1624,0,0,2501,0,2501,G
2-PB1,1625,3,0,0,2503,2506,C
2-PB1,1626,2519,0,0,0,2519,A
2-PB1,1627,2512,0,2,0,2514,A
2-PB1,1628,2,2,0,2496,2500,C
2-PB1,1629,2468,0,1,0,2469,A
2-PB1,1630,1,1,2532,0,2534,G
2-PB1,1631,0,0,1,2524,2525,C
2-PB1,1632,3,1,0,2536,2540,C
2-PB1,1633,9,1,0,2523,2533,C
2-PB1,1634,2528,0,0,0,2528,A
2-PB1,1635,2521,0,2,0,2523,A
2-PB1,1636,2525,1,0,0,2526,A
2-PB1,1637,0,2521,0,0,2521,T
2-PB1,1638,1,2,2506,0,2509,G
2-PB1,1639,0,3,2446,0,2449,G
2-PB1,1640,0,0,0,2456,2456,C
2-PB1,1641,0,2425,0,6,2431,T
2-PB1,1642,2,0,0,2514,2516,C
2-PB1,1643,0,2517,0,1,2518,T
2-PB1,1644,4,1,0,2526,2531,C
2-PB1,1645,3,0,0,2546,2549,C
2-PB1,1646,2551,0,0,0,2551,A
2-PB1,1647,2554,0,0,0,2554,A
2-PB1,1648,1,2538,0,2,2541,T
2-PB1,1649,0,2517,0,0,2517,T
2-PB1,1650,1,0,2540,0,2541,G
2-PB1,1651,0,2472,0,2,2474,T
2-PB1,1652,0,2475,0,1,2476,T
2-PB1,1653,7,13,0,2458,2478,C
2-PB1,1654,2475,1,0,0,2476,A
2-PB1,1655,0,2468,0,2,2470,T
2-PB1,1656,6,0,1,2470,2477,C
2-PB1,1657,2482,1,0,0,2483,A
2-PB1,1658,2482,0,1,1,2484,A
2-PB1,1659,2471,0,1,0,2472,A
2-PB1,1660,0,1,2543,0,2544,G
2-PB1,1661,2537,0,1,0,2538,A
2-PB1,1662,0,2541,1,0,2542,T
2-PB1,1663,0,2549,0,1,2550,T
2-PB1,1664,2554,0,0,0,2554,A
2-PB1,1665,0,0,0,2608,2608,C
2-PB1,1666,2598,0,8,0,2606,A
2-PB1,1667,0,0,2641,0,2641,G
2-PB1,1668,2619,1,3,0,2623,A
2-PB1,1669,0,2640,1,0,2641,T
2-PB1,1670,2647,0,3,0,2650,A
2-PB1,1671,1,1,0,2812,2814,C
2-PB1,1672,2874,0,2,0,2876,A
2-PB1,1673,0,1,0,3076,3077,C
2-PB1,1674,2994,0,27,0,3021,A
2-PB1,1675,0,3046,0,2,3048,T
2-PB1,1676,3023,0,1,2,3026,A
2-PB1,1677,1,3008,0,1,3010,T
2-PB1,1678,2932,1,2,0,2935,A
2-PB1,1679,0,2,2930,0,2932,G
2-PB1,1680,0,2,2911,0,2913,G
2-PB1,1681,0,2748,0,11,2759,T
2-PB1,1682,0,0,2729,0,2729,G
2-PB1,1683,0,1,0,2829,2830,C
2-PB1,1684,0,3,0,2823,2826,C
2-PB1,1685,2863,0,2,0,2865,A
2-PB1,1686,1,2872,1,0,2874,T
2-PB1,1687,2884,0,0,0,2884,A
2-PB1,1688,0,3,2898,0,2901,G
2-PB1,1689,2813,0,13,0,2826,A
2-PB1,1690,1,3,2832,0,2836,G
2-PB1,1691,0,6,2832,0,2838,G
2-PB1,1692,2749,0,2,0,2751,A
2-PB1,1693,0,6,2764,0,2770,G
2-PB1,1694,2749,1,2,0,2752,A
2-PB1,1695,0,0,0,2748,2748,C
2-PB1,1696,2748,0,6,0,2754,A
2-PB1,1697,0,0,0,2802,2802,C
2-PB1,1698,2803,0,1,1,2805,A
2-PB1,1699,1,1,0,2810,2812,C
2-PB1,1700,2794,0,0,0,2794,A
2-PB1,1701,2805,0,15,0,2820,A
2-PB1,1702,2826,0,2,0,2828,A
2-PB1,1703,0,2826,0,1,2827,T
2-PB1,1704,4,0,0,2840,2844,C
2-PB1,1705,14,1,1,2813,2829,C
2-PB1,1706,2799,1,0,0,2800,A
2-PB1,1707,1,5,2809,0,2815,G
2-PB1,1708,2800,0,3,0,2803,A
2-PB1,1709,0,0,0,2798,2798,C
2-PB1,1710,2778,0,0,0,2778,A
2-PB1,1711,2818,1,5,1,2825,A
2-PB1,1712,1,1,2825,0,2827,G
2-PB1,1713,2814,0,4,0,2818,A
2-PB1,1714,2824,0,4,0,2828,A
2-PB1,1715,0,3,2839,0,2842,G
2-PB1,1716,2820,0,2,0,2822,A
2-PB1,1717,0,2806,0,1,2807,T
2-PB1,1718,5,0,0,2788,2793,C
2-PB1,1719,2796,0,2,0,2798,A
2-PB1,1720,0,2788,0,1,2789,T
2-PB1,1721,0,2778,0,0,2778,T
2-PB1,1722,4,2,0,2783,2789,C
2-PB1,1723,0,6,2780,0,2786,G
2-PB1,1724,2768,0,4,0,2772,A
2-PB1,1725,0,1,2766,0,2767,G
2-PB1,1726,2755,0,3,0,2758,A
2-PB1,1727,1,2823,0,0,2824,T
2-PB1,1728,2835,0,2,1,2838,A
2-PB1,1729,2859,0,1,0,2860,A
2-PB1,1730,2849,0,3,0,2852,A
2-PB1,1731,2,3,2847,0,2852,G
2-PB1,1732,2858,2,1,0,2861,A
2-PB1,1733,2807,1,3,0,2811,A
2-PB1,1734,0,1,2825,0,2826,G
2-PB1,1735,1,2,0,2820,2823,C
2-PB1,1736,0,2791,0,2,2793,T
2-PB1,1737,0,1,2806,1,2808,G
2-PB1,1738,0,2788,0,2,2790,T
2-PB1,1739,0,9,2777,0,2786,G
2-PB1,1740,1,5,2789,0,2795,G
2-PB1,1741,1,5,2809,1,2816,G
2-PB1,1742,2834,1,1,0,2836,A
2-PB1,1743,0,2815,0,1,2816,T
2-PB1,1744,9,0,0,2796,2805,C
2-PB1,1745,2806,0,2,0,2808,A
2-PB1,1746,2825,1,1,0,2827,A
2-PB1,1747,2829,0,1,0,2830,A
2-PB1,1748,0,1,0,2834,2835,C
2-PB1,1749,6,0,0,2807,2813,C
2-PB1,1750,11,0,0,2800,2811,C
2-PB1,1751,2802,0,0,0,2802,A
2-PB1,1752,2842,0,1,0,2843,A
2-PB1,1753,0,2833,0,0,2833,T
2-PB1,1754,6,0,1,2832,2839,C
2-PB1,1755,2816,0,1,0,2817,A
2-PB1,1756,2808,0,0,0,2808,A
2-PB1,1757,1,8,2835,0,2844,G
2-PB1,1758,0,2,2832,0,2834,G
2-PB1,1759,1,1,2828,0,2830,G
2-PB1,1760,2,3,0,2824,2829,C
2-PB1,1761,2782,0,0,0,2782,A
2-PB1,1762,1,4,2853,0,2858,G
2-PB1,1763,0,7,2866,2,2875,G
2-PB1,1764,2885,0,0,0,2885,A
2-PB1,1765,1,0,1,2907,2909,C
2-PB1,1766,0,2858,0,0,2858,T
2-PB1,1767,2945,2,0,0,2947,A
2-PB1,1768,0,2931,1,2,2934,T
2-PB1,1769,0,2943,0,2,2945,T
2-PB1,1770,1,3,2948,0,2952,G
2-PB1,1771,0,0,2955,0,2955,G
2-PB1,1772,0,2900,0,0,2900,T
2-PB1,1773,2906,0,1,0,2907,A
2-PB1,1774,0,2865,0,1,2866,T
2-PB1,1775,3,0,0,2849,2852,C
2-PB1,1776,2789,0,1,0,2790,A
2-PB1,1777,0,1,2809,0,2810,G
2-PB1,1778,2803,1,1,0,2805,A
2-PB1,1779,0,2788,0,0,2788,T
2-PB1,1780,0,11,2676,0,2687,G
2-PB1,1781,0,5,2670,0,2675,G
2-PB1,1782,0,8,2654,0,2662,G
2-PB1,1783,1,8,2667,0,2676,G
2-PB1,1784,1,10,2667,0,2678,G
2-PB1,1785,2659,0,3,0,2662,A
2-PB1,1786,0,1,0,2662,2663,C
2-PB1,1787,5,0,0,2623,2628,C
2-PB1,1788,2642,0,0,0,2642,A
2-PB1,1789,2797,0,2,0,2799,A
2-PB1,1790,2804,1,1,0,2806,A
2-PB1,1791,0,0,0,2856,2856,C
2-PB1,1792,0,2831,0,4,2835,T
2-PB1,1793,0,2825,0,0,2825,T
2-PB1,1794,2835,0,0,0,2835,A
2-PB1,1795,0,2836,0,0,2836,T
2-PB1,1796,2837,0,2,0,2839,A
2-PB1,1797,1,1,0,2848,2850,C
2-PB1,1798,2635,0,8,0,2643,A
2-PB1,1799,2648,0,0,0,2648,A
2-PB1,1800,0,2597,0,0,2597,T
2-PB1,1801,2618,0,0,0,2618,A
2-PB1,1802,0,2626,0,0,2626,T
2-PB1,1803,1,0,0,2615,2616,C
2-PB1,1804,2,2,0,2609,2613,C
2-PB1,1805,6,2,2604,0,2612,G
2-PB1,1806,1,2,2613,0,2616,G
2-PB1,1807,2610,1,0,0,2611,A
2-PB1,1808,2624,0,1,0,2625,A
2-PB1,1809,0,2623,0,0,2623,T
2-PB1,1810,2,0,0,2619,2621,C
2-PB1,1811,0,2603,0,0,2603,T
2-PB1,1812,0,2619,0,2,2621,T
2-PB1,1813,3,0,0,2619,2622,C
2-PB1,1814,2620,0,1,1,2622,A
2-PB1,1815,0,1,0,2628,2629,C
2-PB1,1816,2625,1,2,0,2628,A
2-PB1,1817,0,2862,0,0,2862,T
2-PB1,1818,0,2,0,2873,2875,C
2-PB1,1819,4,3,0,2864,2871,C
2-PB1,1820,5,1,0,2874,2880,C
2-PB1,1821,1,2860,0,6,2867,T
2-PB1,1822,1,2,2867,0,2870,G
2-PB1,1823,2863,0,0,0,2863,A
2-PB1,1824,2856,0,2,1,2859,A
2-PB1,1825,0,0,2863,0,2863,G
2-PB1,1826,0,2675,0,3,2678,T
2-PB1,1827,5,0,0,2676,2681,C
2-PB1,1828,0,2617,0,1,2618,T
2-PB1,1829,0,0,2678,0,2678,G
2-PB1,1830,0,2,0,2672,2674,C
2-PB1,1831,0,2674,0,1,2675,T
2-PB1,1832,0,2677,1,1,2679,T
2-PB1,1833,2677,0,2,0,2679,A
2-PB1,1834,2675,0,0,0,2675,A
2-PB1,1835,2676,1,0,0,2677,A
2-PB1,1836,2597,0,4,0,2601,A
2-PB1,1837,0,2624,0,0,2624,T
2-PB1,1838,0,8,2613,1,2622,G
2-PB1,1839,0,2,2611,0,2613,G
2-PB1,1840,0,5,2629,0,2634,G
2-PB1,1841,2619,0,3,0,2622,A
2-PB1,1842,0,0,2646,1,2647,G
2-PB1,1843,1,0,0,2641,2642,C
2-PB1,1844,0,2630,0,2,2632,T
2-PB1,1845,0,2,2645,0,2647,G
2-PB1,1846,2630,0,3,0,2633,A
2-PB1,1847,1,2642,0,2,2645,T
2-PB1,1848,0,4,2649,0,2653,G
2-PB1,1849,0,4,2655,0,2659,G
2-PB1,1850,2651,0,1,0,2652,A
2-PB1,1851,0,2636,0,0,2636,T
2-PB1,1852,0,8,2636,0,2644,G
2-PB1,1853,2618,0,9,1,2628,A
2-PB1,1854,0,2,2666,0,2668,G
2-PB1,1855,2655,0,3,0,2658,A
2-PB1,1856,2665,0,0,1,2666,A
2-PB1,1857,1,2626,0,1,2628,T
2-PB1,1858,0,2623,0,0,2623,T
2-PB1,1859,2633,0,3,0,2636,A
2-PB1,1860,0,2629,0,0,2629,T
2-PB1,1861,4,1,0,2622,2627,C
2-PB1,1862,1,8,2639,0,2648,G
2-PB1,1863,0,5,2619,2,2626,G
2-PB1,1864,0,3,2610,0,2613,G
2-PB1,1865,0,2,2607,0,2609,G
2-PB1,1866,2602,1,1,0,2604,A
2-PB1,1867,2604,0,3,0,2607,A
2-PB1,1868,0,11,2620,0,2631,G
2-PB1,1869,2642,1,1,0,2644,A
2-PB1,1870,1,1,0,2654,2656,C
2-PB1,1871,0,2619,0,3,2622,T
2-PB1,1872,0,2676,0,1,2677,T
2-PB1,1873,1,2682,0,0,2683,T
2-PB1,1874,0,0,2700,0,2700,G
2-PB1,1875,0,2697,0,4,2701,T
2-PB1,1876,2687,0,0,0,2687,A
2-PB1,1877,2679,0,1,0,2680,A
2-PB1,1878,0,2617,2,2,2621,T
2-PB1,1879,3,0,0,2645,2648,C
2-PB1,1880,4,0,1,2625,2630,C
2-PB1,1881,6,0,0,2621,2627,C
2-PB1,1882,10,0,0,2644,2654,C
2-PB1,1883,0,2630,0,1,2631,T
2-PB1,1884,2,9,2637,0,2648,G
2-PB1,1885,2626,0,1,0,2627,A
2-PB1,1886,2650,0,1,0,2651,A
2-PB1,1887,0,2643,0,5,2648,T
2-PB1,1888,5,0,0,2646,2651,C
2-PB1,1889,3,0,1,2639,2643,C
2-PB1,1890,6,0,0,2621,2627,C
2-PB1,1891,1,2606,0,8,2615,T
2-PB1,1892,1,2623,0,1,2625,T
2-PB1,1893,0,2625,0,0,2625,T
2-PB1,1894,0,0,2620,1,2621,G
2-PB1,1895,2,2604,2,3,2611,T
2-PB1,1896,6,1,0,2596,2603,C
2-PB1,1897,2583,0,3,0,2586,A
2-PB1,1898,0,0,2634,0,2634,G
2-PB1,1899,0,0,1,2627,2628,C
2-PB1,1900,3,1,0,2625,2629,C
2-PB1,1901,2632,0,1,0,2633,A
2-PB1,1902,0,2642,0,2,2644,T
2-PB1,1903,2638,0,0,0,2638,A
2-PB1,1904,2647,0,0,0,2647,A
2-PB1,1905,2642,0,4,0,2646,A
2-PB1,1906,1,1,2685,1,2688,G
2-PB1,1907,2615,0,0,0,2615,A
2-PB1,1908,2625,0,0,0,2625,A
2-PB1,1909,2628,1,3,0,2632,A
2-PB1,1910,0,2617,0,0,2617,T
2-PB1,1911,1,2610,0,0,2611,T
2-PB1,1912,0,3,2615,0,2618,G
2-PB1,1913,2590,0,5,0,2595,A
2-PB1,1914,1,0,2633,0,2634,G
2-PB1,1915,0,2623,0,1,2624,T
2-PB1,1916,14,0,0,2641,2655,C
2-PB1,1917,0,2647,0,3,2650,T
2-PB1,1918,1,0,2700,0,2701,G
2-PB1,1919,0,2706,0,2,2708,T
2-PB1,1920,2730,1,1,0,2732,A
2-PB1,1921,2723,0,2,0,2725,A
2-PB1,1922,2720,0,2,0,2722,A
2-PB1,1923,0,0,0,2733,2733,C
2-PB1,1924,2670,0,0,0,2670,A
2-PB1,1925,2735,0,0,0,2735,A
2-PB1,1926,0,2728,0,0,2728,T
2-PB1,1927,0,5,2706,0,2711,G
2-PB1,1928,0,0,0,2727,2727,C
2-PB1,1929,0,2685,0,2,2687,T
2-PB1,1930,0,2,2770,0,2772,G
2-PB1,1931,0,2769,0,2,2771,T
2-PB1,1932,2821,0,1,0,2822,A
2-PB1,1933,0,0,2827,0,2827,G
2-PB1,1934,0,2752,0,2,2754,T
2-PB1,1935,2745,0,0,0,2745,A
2-PB1,1936,2721,0,0,0,2721,A
2-PB1,1937,0,2715,0,0,2715,T
2-PB1,1938,0,0,2710,0,2710,G
2-PB1,1939,0,0,0,2676,2676,C
2-PB1,1940,1,1,0,2641,2643,C
2-PB1,1941,2600,0,5,0,2605,A
2-PB1,1942,0,2,2625,0,2627,G
2-PB1,1943,0,0,0,2720,2720,C
2-PB1,1944,2,0,0,2714,2716,C
2-PB1,1945,6,1,0,2706,2713,C
2-PB1,1946,2697,1,1,0,2699,A
2-PB1,1947,0,2697,0,1,2698,T
2-PB1,1948,1,2,2700,0,2703,G
2-PB1,1949,2,0,2697,0,2699,G
2-PB1,1950,1,2679,0,0,2680,T
2-PB1,1951,10,0,0,2646,2656,C
2-PB1,1952,8,0,0,2551,2559,C
2-PB1,1953,2,1,2587,0,2590,G
2-PB1,1954,2,1,2591,0,2594,G
2-PB1,1955,0,0,0,2587,2587,C
2-PB1,1956,7,0,0,2592,2599,C
2-PB1,1957,2600,0,0,0,2600,A
2-PB1,1958,2602,0,0,0,2602,A
2-PB1,1959,2597,0,2,0,2599,A
2-PB1,1960,2604,1,4,0,2609,A
2-PB1,1961,1,1,2653,0,2655,G
2-PB1,1962,0,2579,0,2,2581,T
2-PB1,1963,2600,0,2,0,2602,A
2-PB1,1964,0,2606,1,1,2608,T
2-PB1,1965,0,5,2610,0,2615,G
2-PB1,1966,0,6,2639,0,2645,G
2-PB1,1967,2624,0,1,0,2625,A
2-PB1,1968,2652,1,0,0,2653,A
2-PB1,1969,0,2629,1,0,2630,T
2-PB1,1970,2608,0,1,0,2609,A
2-PB1,1971,0,2603,0,1,2604,T
2-PB1,1972,0,4,2582,0,2586,G
2-PB1,1973,2587,0,0,0,2587,A
2-PB1,1974,0,2571,0,1,2572,T
2-PB1,1975,0,0,2517,0,2517,G
2-PB1,1976,1,0,41,2473,2515,C
2-PB1,1977,2,1,0,2500,2503,C
2-PB1,1978,1,0,2507,0,2508,G
2-PB1,1979,0,2500,0,0,2500,T
2-PB1,1980,0,2500,0,1,2501,T
2-PB1,1981,0,1,2505,0,2506,G
2-PB1,1982,0,0,0,2555,2555,C
2-PB1,1983,2560,0,0,0,2560,A
2-PB1,1984,2599,0,1,0,2600,A
2-PB1,1985,0,0,0,2603,2603,C
2-PB1,1986,0,2592,0,0,2592,T
2-PB1,1987,2601,0,1,0,2602,A
2-PB1,1988,0,0,0,2601,2601,C
2-PB1,1989,2596,0,3,0,2599,A
2-PB1,1990,0,2,0,2596,2598,C
2-PB1,1991,2511,0,1,0,2512,A
2-PB1,1992,0,0,0,2729,2729,C
2-PB1,1993,0,2666,0,0,2666,T
2-PB1,1994,4,1,0,2684,2689,C
2-PB1,1995,4,0,0,2684,2688,C
2-PB1,1996,2,2656,0,1,2659,T
2-PB1,1997,1,1,2659,0,2661,G
2-PB1,1998,0,4,2664,1,2669,G
2-PB1,1999,2657,0,2,0,2659,A
2-PB1,2000,0,2652,0,0,2652,T
2-PB1,2001,0,2382,0,3,2385,T
2-PB1,2002,5,0,0,2417,2422,C
2-PB1,2003,2,0,0,2412,2414,C
2-PB1,2004,9,0,0,2431,2440,C
2-PB1,2005,2448,0,0,0,2448,A
2-PB1,2006,2442,0,1,0,2443,A
2-PB1,2007,0,5,2442,0,2447,G
2-PB1,2008,2433,0,2,0,2435,A
2-PB1,2009,0,5,2430,0,2435,G
2-PB1,2010,0,3,2436,0,2439,G
2-PB1,2011,2399,1,0,0,2400,A
2-PB1,2012,2409,1,1,0,2411,A
2-PB1,2013,0,2,1,2400,2403,C
2-PB1,2014,5,0,0,2385,2390,C
2-PB1,2015,3,1,2438,0,2442,G
2-PB1,2016,0,0,1,2423,2424,C
2-PB1,2017,1,2421,0,0,2422,T
2-PB1,2018,8,0,0,2425,2433,C
2-PB1,2019,0,2411,0,0,2411,T
2-PB1,2020,2611,0,0,0,2611,A
2-PB1,2021,0,2608,0,3,2611,T
2-PB1,2022,0,2613,0,1,2614,T
2-PB1,2023,6,1,0,2627,2634,C
2-PB1,2024,0,2529,1,2,2532,T
2-PB1,2025,2534,0,2,0,2536,A
2-PB1,2026,2529,0,0,0,2529,A
2-PB1,2027,2536,0,1,0,2537,A
2-PB1,2028,0,0,0,2537,2537,C
2-PB1,2029,2353,1,0,0,2354,A
2-PB1,2030,0,1,0,2360,2361,C
2-PB1,2031,2314,0,1,0,2315,A
2-PB1,2032,2336,0,3,0,2339,A
2-PB1,2033,0,0,2345,0,2345,G
2-PB1,2034,2,2,0,2328,2332,C
2-PB1,2035,4,0,0,2336,2340,C
2-PB1,2036,2324,0,2,1,2327,A
2-PB1,2037,2333,0,0,0,2333,A
2-PB1,2038,2319,0,7,0,2326,A
2-PB1,2039,0,8,2358,0,2366,G
2-PB1,2040,0,3,2363,0,2366,G
2-PB1,2041,0,5,2308,1,2314,G
2-PB1,2042,2,4,2322,0,2328,G
2-PB1,2043,2313,0,3,0,2316,A
2-PB1,2044,2327,0,0,0,2327,A
2-PB1,2045,0,2325,0,2,2327,T
2-PB1,2046,0,2334,0,0,2334,T
2-PB1,2047,4,1,0,2343,2348,C
2-PB1,2048,0,2313,0,3,2316,T
2-PB1,2049,0,2310,0,2,2312,T
2-PB1,2050,0,1,2319,0,2320,G
2-PB1,2051,2326,0,1,0,2327,A
2-PB1,2052,0,2,2331,0,2333,G
2-PB1,2053,0,4,2340,0,2344,G
2-PB1,2054,2340,0,1,0,2341,A
2-PB1,2055,0,2325,0,2,2327,T
2-PB1,2056,1,5,2342,0,2348,G
2-PB1,2057,2336,0,5,0,2341,A
2-PB1,2058,2344,0,2,0,2346,A
2-PB1,2059,1,0,0,2362,2363,C
2-PB1,2060,2330,0,1,0,2331,A
2-PB1,2061,0,0,2371,0,2371,G
2-PB1,2062,2354,0,3,0,2357,A
2-PB1,2063,0,2349,0,0,2349,T
2-PB1,2064,0,2,2361,0,2363,G
2-PB1,2065,0,2399,0,1,2400,T
2-PB1,2066,2399,0,2,0,2401,A
2-PB1,2067,2,0,0,2392,2394,C
2-PB1,2068,7,0,0,2354,2361,C
2-PB1,2069,2335,0,1,0,2336,A
2-PB1,2070,0,1,2307,0,2308,G
2-PB1,2071,2275,0,0,0,2275,A
2-PB1,2072,2277,0,1,0,2278,A
2-PB1,2073,0,0,2290,0,2290,G
2-PB1,2074,0,2169,0,1,2170,T
2-PB1,2075,1,1,2161,0,2163,G
2-PB1,2076,0,1,0,2163,2164,C
2-PB1,2077,0,2167,0,3,2170,T
2-PB1,2078,0,0,2170,0,2170,G
2-PB1,2079,0,0,1,2163,2164,C
2-PB1,2080,2161,0,1,1,2163,A
2-PB1,2081,2161,0,0,0,2161,A
2-PB1,2082,0,0,0,2143,2143,C
2-PB1,2083,0,2133,0,3,2136,T
2-PB1,2084,0,2112,0,1,2113,T
2-PB1,2085,2,4,2115,0,2121,G
2-PB1,2086,0,2113,0,1,2114,T
2-PB1,2087,0,2110,0,0,2110,T
2-PB1,2088,6,2,0,2100,2108,C
2-PB1,2089,0,8,2102,0,2110,G
2-PB1,2090,2101,0,1,0,2102,A
2-PB1,2091,1,2,2102,0,2105,G
2-PB1,2092,2108,0,0,1,2109,A
2-PB1,2093,2107,0,0,0,2107,A
2-PB1,2094,2109,0,1,0,2110,A
2-PB1,2095,1,2098,0,1,2100,T
2-PB1,2096,0,2101,0,1,2102,T
2-PB1,2097,0,2100,0,1,2101,T
2-PB1,2098,0,2102,0,1,2103,T
2-PB1,2099,0,2095,0,2,2097,T
2-PB1,2100,1,0,0,2097,2098,C
2-PB1,2101,6,0,0,2090,2096,C
2-PB1,2102,8,0,0,2099,2107,C
2-PB1,2103,0,2104,3,0,2107,T
2-PB1,2104,2112,1,0,0,2113,A
2-PB1,2105,0,0,2127,0,2127,G
2-PB1,2106,0,2124,0,1,2125,T
2-PB1,2107,2154,1,0,0,2155,A
2-PB1,2108,0,1,2175,0,2176,G
2-PB1,2109,0,2155,0,1,2156,T
2-PB1,2110,1,2236,0,4,2241,T
2-PB1,2111,14,0,0,2234,2248,C
2-PB1,2112,2302,0,1,1,2304,A
2-PB1,2113,0,2303,1,2,2306,T
2-PB1,2114,2307,1,1,0,2309,A
2-PB1,2115,0,2306,0,1,2307,T
2-PB1,2116,2251,0,2,0,2253,A
2-PB1,2117,0,3,2244,0,2247,G
2-PB1,2118,0,3,2229,0,2232,G
2-PB1,2119,2031,0,0,0,2031,A
2-PB1,2120,0,2,2033,0,2035,G
2-PB1,2121,1920,0,2,0,1922,A
2-PB1,2122,0,0,0,1916,1916,C
2-PB1,2123,4,0,0,1836,1840,C
2-PB1,2124,1,1,1840,0,1842,G
2-PB1,2125,1839,0,0,0,1839,A
2-PB1,2126,0,1833,0,0,1833,T
2-PB1,2127,0,1833,0,2,1835,T
2-PB1,2128,0,4,1825,0,1829,G
2-PB1,2129,1,1,1824,0,1826,G
2-PB1,2130,1825,0,0,0,1825,A
2-PB1,2131,1829,0,2,1,1832,A
2-PB1,2132,1,1820,0,0,1821,T
2-PB1,2133,0,1831,0,0,1831,T
2-PB1,2134,0,1829,0,1,1830,T
2-PB1,2135,1,1,0,1833,1835,C
2-PB1,2136,0,1837,0,2,1839,T
2-PB1,2137,1834,0,0,1,1835,A
2-PB1,2138,0,0,1837,0,1837,G
2-PB1,2139,1,1,0,1836,1838,C
2-PB1,2140,1839,0,0,0,1839,A
2-PB1,2141,0,1837,0,0,1837,T
2-PB1,2142,1,4,1818,0,1823,G
2-PB1,2143,1,0,1881,0,1882,G
2-PB1,2144,0,1870,0,1,1871,T
2-PB1,2145,1,2,1870,0,1873,G
2-PB1,2146,1,3,1863,0,1867,G
2-PB1,2147,1845,0,3,0,1848,A
2-PB1,2148,1,0,1864,0,1865,G
2-PB1,2149,1,0,1851,0,1852,G
2-PB1,2150,0,0,0,1825,1825,C
2-PB1,2151,4,0,0,1820,1824,C
2-PB1,2152,1695,0,2,0,1697,A
2-PB1,2153,1,1695,0,2,1698,T
2-PB1,2154,2,1,1704,0,1707,G
2-PB1,2155,0,1,1713,0,1714,G
2-PB1,2156,0,1666,0,2,1668,T
2-PB1,2157,1,0,1708,0,1709,G
2-PB1,2158,0,1671,0,2,1673,T
2-PB1,2159,8,1,0,1642,1651,C
2-PB1,2160,0,1661,1,2,1664,T
2-PB1,2161,1649,0,1,0,1650,A
2-PB1,2162,1,4,1644,0,1649,G
2-PB1,2163,0,0,1617,0,1617,G
2-PB1,2164,0,1,1578,0,1579,G
2-PB1,2165,0,1,0,1548,1549,C
2-PB1,2166,6,0,0,1483,1489,C
2-PB1,2167,2,1,0,1457,1460,C
2-PB1,2168,1,1,1466,0,1468,G
2-PB1,2169,10,2,1464,0,1476,G
2-PB1,2170,1475,0,1,0,1476,A
2-PB1,2171,0,1471,0,0,1471,T
2-PB1,2172,0,1403,0,0,1403,T
2-PB1,2173,0,4,1388,0,1392,G
2-PB1,2174,1388,0,0,0,1388,A
2-PB1,2175,0,1387,0,1,1388,T
2-PB1,2176,0,0,1390,0,1390,G
2-PB1,2177,0,0,0,1363,1363,C
2-PB1,2178,5,0,0,1356,1361,C
2-PB1,2179,1353,1,0,0,1354,A
2-PB1,2180,0,0,1352,0,1352,G
2-PB1,2181,1351,0,0,0,1351,A
2-PB1,2182,1349,0,0,0,1349,A
2-PB1,2183,0,1338,0,0,1338,T
2-PB1,2184,0,1320,0,0,1320,T
2-PB1,2185,1,4,1317,0,1322,G
2-PB1,2186,1313,0,1,0,1314,A
2-PB1,2187,1,0,0,1311,1312,C
2-PB1,2188,0,1300,0,1,1301,T
2-PB1,2189,0,1297,0,0,1297,T
2-PB1,2190,0,1258,0,1,1259,T
2-PB1,2191,0,2,1269,0,1271,G
2-PB1,2192,1264,0,1,0,1265,A
2-PB1,2193,0,0,1265,0,1265,G
2-PB1,2194,1,1269,0,1,1271,T
2-PB1,2195,4,0,0,1287,1291,C
2-PB1,2196,0,1287,0,2,1289,T
2-PB1,2197,0,1,1281,0,1282,G
2-PB1,2198,0,0,1289,0,1289,G
2-PB1,2199,1281,0,0,0,1281,A
2-PB1,2200,1218,0,4,0,1222,A
2-PB1,2201,0,2,1230,0,1232,G
2-PB1,2202,0,1,1247,0,1248,G
2-PB1,2203,1250,0,0,0,1250,A
2-PB1,2204,0,1234,0,1,1235,T
2-PB1,2205,0,1237,0,0,1237,T
2-PB1,2206,1234,0,0,0,1234,A
2-PB1,2207,1231,0,0,0,1231,A
2-PB1,2208,0,1,1227,0,1228,G
2-PB1,2209,1228,0,2,0,1230,A
2-PB1,2210,1171,0,0,0,1171,A
2-PB1,2211,1,0,1095,0,1096,G
2-PB1,2212,0,0,1102,0,1102,G
2-PB1,2213,1103,0,0,0,1103,A
2-PB1,2214,1097,0,2,0,1099,A
2-PB1,2215,0,0,1098,0,1098,G
2-PB1,2216,1011,0,2,0,1013,A
2-PB1,2217,0,0,1012,0,1012,G
2-PB1,2218,0,952,0,0,952,T
2-PB1,2219,0,942,0,1,943,T
2-PB1,2220,2,0,0,952,954,C
2-PB1,2221,0,920,0,2,922,T
2-PB1,2222,1,0,0,930,931,C
2-PB1,2223,0,922,0,0,922,T
2-PB1,2224,0,1,915,0,916,G
2-PB1,2225,906,0,1,0,907,A
2-PB1,2226,0,1,895,0,896,G
2-PB1,2227,883,0,0,0,883,A
2-PB1,2228,0,861,0,0,861,T
2-PB1,2229,1,0,0,816,817,C
2-PB1,2230,825,0,0,0,825,A
2-PB1,2231,0,821,0,1,822,T
2-PB1,2232,0,2,821,0,823,G
2-PB1,2233,822,0,0,0,822,A
2-PB1,2234,813,0,2,0,815,A
2-PB1,2235,0,1,809,0,810,G
2-PB1,2236,791,1,2,0,794,A
2-PB1,2237,0,785,0,0,785,T
2-PB1,2238,2,0,0,778,780,C
2-PB1,2239,0,735,0,0,735,T
2-PB1,2240,0,0,743,0,743,G
2-PB1,2241,0,739,0,1,740,T
2-PB1,2242,0,733,0,3,736,T
2-PB1,2243,2,0,1,731,734,C
2-PB1,2244,3,1,0,702,706,C
2-PB1,2245,701,0,2,0,703,A
2-PB1,2246,0,0,0,707,707,C
2-PB1,2247,2,0,0,661,663,C
2-PB1,2248,650,0,1,1,652,A
2-PB1,2249,1,609,0,1,611,T
2-PB1,2250,0,594,0,0,594,T
2-PB1,2251,0,0,594,0,594,G
2-PB1,2252,593,0,0,0,593,A
2-PB1,2253,587,0,0,0,587,A
2-PB1,2254,0,2,589,0,591,G
2-PB1,2255,501,0,1,0,502,A
2-PB1,2256,502,0,0,0,502,A
2-PB1,2257,0,0,0,495,495,C
2-PB1,2258,0,473,1,1,475,T
2-PB1,2259,0,0,0,476,476,C
2-PB1,2260,454,0,1,0,455,A
2-PB1,2261,0,1,455,0,456,G
2-PB1,2262,454,0,0,0,454,A
2-PB1,2263,0,0,0,433,433,C
2-PB1,2264,0,2,422,0,424,G
2-PB1,2265,0,0,417,0,417,G
2-PB1,2266,0,0,0,418,418,C
2-PB1,2267,415,0,1,0,416,A
2-PB1,2268,419,0,0,0,419,A
2-PB1,2269,418,0,0,0,418,A
2-PB1,2270,416,0,0,0,416,A
2-PB1,2271,417,0,0,0,417,A
2-PB1,2272,0,407,0,0,407,T
2-PB1,2273,393,0,0,0,393,A
2-PB1,2274,395,0,0,0,395,A
3-PA,1,71,0,0,0,71,A
3-PA,2,0,72,0,0,72,T
3-PA,3,0,0,75,0,75,G
3-PA,4,0,0,76,0,76,G
3-PA,5,75,0,0,0,75,A
3-PA,6,75,0,0,0,75,A
3-PA,7,0,0,75,0,75,G
3-PA,8,78,0,0,0,78,A
3-PA,9,0,79,0,0,79,T
3-PA,10,0,78,0,0,78,T
3-PA,11,0,80,0,0,80,T
3-PA,12,0,80,0,0,80,T
3-PA,13,0,0,81,0,81,G
3-PA,14,0,81,0,0,81,T
3-PA,15,0,0,81,0,81,G
3-PA,16,0,0,0,85,85,C
3-PA,17,0,0,85,0,85,G
3-PA,18,91,0,0,0,91,A
3-PA,19,0,0,0,91,91,C
3-PA,20,89,0,0,0,89,A
3-PA,21,92,0,0,0,92,A
3-PA,22,0,102,0,0,102,T
3-PA,23,0,0,116,0,116,G
3-PA,24,0,0,0,123,123,C
3-PA,25,0,124,0,0,124,T
3-PA,26,0,123,0,0,123,T
3-PA,27,0,0,0,122,122,C
3-PA,28,123,0,0,0,123,A
3-PA,29,129,0,1,0,130,A
3-PA,30,0,0,0,135,135,C
3-PA,31,1,0,0,133,134,C
3-PA,32,0,0,0,136,136,C
3-PA,33,0,0,141,0,141,G
3-PA,34,140,0,0,0,140,A
3-PA,35,0,143,0,0,143,T
3-PA,36,0,0,142,0,142,G
3-PA,37,143,0,0,0,143,A
3-PA,38,0,144,0,0,144,T
3-PA,39,0,144,0,0,144,T
3-PA,40,0,0,146,0,146,G
3-PA,41,0,146,0,0,146,T
3-PA,42,0,0,0,146,146,C
3-PA,43,0,0,147,0,147,G
3-PA,44,148,0,0,0,148,A
3-PA,45,148,0,0,0,148,A
3-PA,46,0,0,0,149,149,C
3-PA,47,0,149,0,0,149,T
3-PA,48,0,149,0,0,149,T
3-PA,49,0,0,146,0,146,G
3-PA,50,0,0,0,149,149,C
3-PA,51,148,0,0,0,148,A
3-PA,52,0,0,148,0,148,G
3-PA,53,147,0,0,0,147,A
3-PA,54,145,0,0,0,145,A
3-PA,55,148,0,0,0,148,A
3-PA,56,147,0,0,0,147,A
3-PA,57,149,0,0,0,149,A
3-PA,58,0,0,153,0,153,G
3-PA,59,0,0,0,160,160,C
3-PA,60,158,0,0,0,158,A
3-PA,61,170,0,0,0,170,A
3-PA,62,0,170,0,0,170,T
3-PA,63,0,0,173,0,173,G
3-PA,64,175,0,0,0,175,A
3-PA,65,177,0,0,0,177,A
3-PA,66,177,0,0,0,177,A
3-PA,67,0,0,183,0,183,G
3-PA,68,187,0,0,1,188,A
3-PA,69,0,0,211,0,211,G
3-PA,70,0,208,0,0,208,T
3-PA,71,208,0,0,0,208,A
3-PA,72,0,209,0,0,209,T
3-PA,73,0,0,209,0,209,G
3-PA,74,0,0,212,0,212,G
3-PA,75,0,1,211,0,212,G
3-PA,76,0,1,210,0,211,G
3-PA,77,212,0,0,0,212,A
3-PA,78,0,0,206,0,206,G
3-PA,79,0,0,211,0,211,G
3-PA,80,208,0,0,0,208,A
3-PA,81,0,210,0,0,210,T
3-PA,82,1,0,0,211,212,C
3-PA,83,0,211,0,0,211,T
3-PA,84,0,2,209,0,211,G
3-PA,85,210,0,0,0,210,A
3-PA,86,211,0,0,0,211,A
3-PA,87,212,0,0,0,212,A
3-PA,88,210,0,0,0,210,A
3-PA,89,0,211,0,0,211,T
3-PA,90,0,211,0,0,211,T
3-PA,91,0,2,208,0,210,G
3-PA,92,211,0,0,0,211,A
3-PA,93,210,0,0,0,210,A
3-PA,94,212,0,0,0,212,A
3-PA,95,0,0,0,212,212,C
3-PA,96,215,0,0,0,215,A
3-PA,97,216,0,0,0,216,A
3-PA,98,216,0,0,0,216,A
3-PA,99,0,0,0,218,218,C
3-PA,100,218,0,0,0,218,A
3-PA,101,219,0,0,0,219,A
3-PA,102,219,0,0,0,219,A
3-PA,103,0,219,0,0,219,T
3-PA,104,0,220,0,0,220,T
3-PA,105,0,217,0,0,217,T
3-PA,106,0,0,219,0,219,G
3-PA,107,0,0,0,221,221,C
3-PA,108,221,0,0,0,221,A
3-PA,109,0,0,226,1,227,G
3-PA,110,0,0,0,229,229,C
3-PA,111,248,0,0,0,248,A
3-PA,112,253,0,0,0,253,A
3-PA,113,0,254,0,0,254,T
3-PA,114,258,0,0,0,258,A
3-PA,115,0,257,0,0,257,T
3-PA,116,0,1,258,0,259,G
3-PA,117,0,0,0,262,262,C
3-PA,118,259,0,0,0,259,A
3-PA,119,0,0,0,267,267,C
3-PA,120,0,262,0,0,262,T
3-PA,121,2,0,0,309,311,C
3-PA,122,315,0,0,0,315,A
3-PA,123,0,0,0,323,323,C
3-PA,124,0,321,0,0,321,T
3-PA,125,0,322,0,0,322,T
3-PA,126,0,2,320,0,322,G
3-PA,127,0,0,325,0,325,G
3-PA,128,322,0,0,0,322,A
3-PA,129,0,1,329,0,330,G
3-PA,130,0,0,326,0,326,G
3-PA,131,0,313,0,0,313,T
3-PA,132,1,0,321,0,322,G
3-PA,133,0,321,0,0,321,T
3-PA,134,0,0,329,0,329,G
3-PA,135,0,328,0,1,329,T
3-PA,136,0,329,0,0,329,T
3-PA,137,0,330,0,0,330,T
3-PA,138,2,0,0,334,336,C
3-PA,139,333,0,0,0,333,A
3-PA,140,0,333,0,1,334,T
3-PA,141,0,0,338,0,338,G
3-PA,142,0,333,0,0,333,T
3-PA,143,336,0,0,0,336,A
3-PA,144,0,335,0,0,335,T
3-PA,145,0,334,0,0,334,T
3-PA,146,1,0,0,333,334,C
3-PA,147,332,0,1,0,333,A
3-PA,148,0,0,335,0,335,G
3-PA,149,334,0,0,0,334,A
3-PA,150,0,330,0,0,330,T
3-PA,151,0,326,0,0,326,T
3-PA,152,0,326,0,0,326,T
3-PA,153,0,0,0,326,326,C
3-PA,154,0,0,0,335,335,C
3-PA,155,336,0,0,0,336,A
3-PA,156,0,336,0,0,336,T
3-PA,157,0,336,0,0,336,T
3-PA,158,0,336,0,0,336,T
3-PA,159,1,0,0,336,337,C
3-PA,160,339,0,0,0,339,A
3-PA,161,0,351,0,0,351,T
3-PA,162,0,0,0,349,349,C
3-PA,163,351,0,0,0,351,A
3-PA,164,350,0,0,0,350,A
3-PA,165,0,352,0,0,352,T
3-PA,166,0,4,359,1,364,G
3-PA,167,362,0,0,0,362,A
3-PA,168,363,0,1,0,364,A
3-PA,169,0,0,0,364,364,C
3-PA,170,359,0,0,0,359,A
3-PA,171,363,0,0,0,363,A
3-PA,172,0,0,363,0,363,G
3-PA,173,1,0,363,0,364,G
3-PA,174,0,0,0,365,365,C
3-PA,175,0,1,352,0,353,G
3-PA,176,378,0,1,0,379,A
3-PA,177,377,0,0,0,377,A
3-PA,178,0,378,0,1,379,T
3-PA,179,2,0,0,381,383,C
3-PA,180,383,0,0,0,383,A
3-PA,181,383,0,0,0,383,A
3-PA,182,0,385,0,1,386,T
3-PA,183,383,0,1,0,384,A
3-PA,184,0,0,396,0,396,G
3-PA,185,0,393,0,1,394,T
3-PA,186,0,0,398,0,398,G
3-PA,187,0,0,403,0,403,G
3-PA,188,0,400,0,0,400,T
3-PA,189,398,0,1,0,399,A
3-PA,190,0,0,410,0,410,G
3-PA,191,409,0,0,0,409,A
3-PA,192,412,0,0,0,412,A
3-PA,193,0,0,0,412,412,C
3-PA,194,0,401,0,0,401,T
3-PA,195,0,403,0,0,403,T
3-PA,196,0,0,402,0,402,G
3-PA,197,401,1,0,0,402,A
3-PA,198,0,0,0,401,401,C
3-PA,199,0,0,402,0,402,G
3-PA,200,418,0,0,0,418,A
3-PA,201,0,425,0,0,425,T
3-PA,202,0,0,0,435,435,C
3-PA,203,0,0,0,439,439,C
3-PA,204,436,1,0,0,437,A
3-PA,205,438,0,0,0,438,A
3-PA,206,437,0,0,0,437,A
3-PA,207,0,438,0,0,438,T
3-PA,208,0,0,441,0,441,G
3-PA,209,0,1,0,435,436,C
3-PA,210,429,0,1,0,430,A
3-PA,211,0,0,0,451,451,C
3-PA,212,0,446,0,0,446,T
3-PA,213,0,0,523,0,523,G
3-PA,214,0,520,0,0,520,T
3-PA,215,0,519,0,0,519,T
3-PA,216,523,0,0,0,523,A
3-PA,217,525,0,0,0,525,A
3-PA,218,523,0,1,0,524,A
3-PA,219,0,0,527,0,527,G
3-PA,220,0,0,0,513,513,C
3-PA,221,506,0,0,0,506,A
3-PA,222,0,0,0,504,504,C
3-PA,223,471,0,1,1,473,A
3-PA,224,0,2,488,0,490,G
3-PA,225,492,0,0,0,492,A
3-PA,226,0,491,0,0,491,T
3-PA,227,0,489,0,1,490,T
3-PA,228,0,486,0,0,486,T
3-PA,229,0,0,486,0,486,G
3-PA,230,486,0,0,0,486,A
3-PA,231,488,0,0,0,488,A
3-PA,232,486,0,1,0,487,A
3-PA,233,0,481,0,0,481,T
3-PA,234,478,0,0,0,478,A
3-PA,235,480,0,1,0,481,A
3-PA,236,0,482,0,0,482,T
3-PA,237,3,0,0,478,481,C
3-PA,238,0,0,481,0,481,G
3-PA,239,476,0,1,0,477,A
3-PA,240,0,2,483,0,485,G
3-PA,241,1,1,492,0,494,G
3-PA,242,0,0,496,0,496,G
3-PA,243,0,1,495,0,496,G
3-PA,244,490,0,1,0,491,A
3-PA,245,0,0,493,0,493,G
3-PA,246,505,0,0,1,506,A
3-PA,247,0,0,511,0,511,G
3-PA,248,507,0,1,1,509,A
3-PA,249,0,0,0,513,513,C
3-PA,250,504,0,0,0,504,A
3-PA,251,0,3,512,0,515,G
3-PA,252,516,0,0,0,516,A
3-PA,253,527,0,1,0,528,A
3-PA,254,0,0,0,528,528,C
3-PA,255,504,0,1,0,505,A
3-PA,256,503,0,0,0,503,A
3-PA,257,0,504,0,0,504,T
3-PA,258,0,0,525,0,525,G
3-PA,259,0,0,525,0,525,G
3-PA,260,1,0,0,518,519,C
3-PA,261,0,0,0,518,518,C
3-PA,262,0,511,0,0,511,T
3-PA,263,0,0,527,0,527,G
3-PA,264,0,0,528,0,528,G
3-PA,265,527,0,1,0,528,A
3-PA,266,0,0,0,531,531,C
3-PA,267,514,0,0,0,514,A
3-PA,268,0,0,579,0,579,G
3-PA,269,0,574,0,0,574,T
3-PA,270,581,0,0,0,581,A
3-PA,271,0,0,583,0,583,G
3-PA,272,1,564,0,0,565,T
3-PA,273,570,0,0,0,570,A
3-PA,274,569,0,0,0,569,A
3-PA,275,567,0,1,0,568,A
3-PA,276,0,0,0,578,578,C
3-PA,277,519,0,1,0,520,A
3-PA,278,0,0,537,0,537,G
3-PA,279,0,532,0,0,532,T
3-PA,280,540,0,0,0,540,A
3-PA,281,0,537,0,1,538,T
3-PA,282,2,0,0,543,545,C
3-PA,283,0,542,0,2,544,T
3-PA,284,0,0,544,0,544,G
3-PA,285,0,0,1,546,547,C
3-PA,286,539,0,0,0,539,A
3-PA,287,547,0,2,0,549,A
3-PA,288,0,0,0,555,555,C
3-PA,289,549,0,0,0,549,A
3-PA,290,0,0,0,571,571,C
3-PA,291,0,563,0,0,563,T
3-PA,292,564,0,0,0,564,A
3-PA,293,0,0,0,563,563,C
3-PA,294,0,553,0,0,553,T
3-PA,295,0,3,553,0,556,G
3-PA,296,0,2,549,0,551,G
3-PA,297,546,0,0,0,546,A
3-PA,298,0,0,544,0,544,G
3-PA,299,0,0,0,530,530,C
3-PA,300,0,527,0,1,528,T
3-PA,301,0,2,525,0,527,G
3-PA,302,0,4,523,0,527,G
3-PA,303,523,0,1,1,525,A
3-PA,304,526,0,0,0,526,A
3-PA,305,524,0,1,0,525,A
3-PA,306,524,0,1,0,525,A
3-PA,307,0,0,0,527,527,C
3-PA,308,2,0,0,525,527,C
3-PA,309,0,0,527,0,527,G
3-PA,310,525,0,0,0,525,A
3-PA,311,526,0,0,0,526,A
3-PA,312,1,0,527,0,528,G
3-PA,313,1,527,0,0,528,T
3-PA,314,1,528,0,0,529,T
3-PA,315,0,528,0,2,530,T
3-PA,316,0,0,0,526,526,C
3-PA,317,1,529,0,0,530,T
3-PA,318,534,0,0,0,534,A
3-PA,319,0,0,0,533,533,C
3-PA,320,3,1,0,528,532,C
3-PA,321,526,0,0,0,526,A
3-PA,322,0,1,541,0,542,G
3-PA,323,539,0,0,0,539,A
3-PA,324,0,542,0,0,542,T
3-PA,325,1,535,0,0,536,T
3-PA,326,0,536,0,0,536,T
3-PA,327,0,0,542,0,542,G
3-PA,328,0,539,0,0,539,T
3-PA,329,540,0,0,0,540,A
3-PA,330,1,535,0,1,537,T
3-PA,331,0,0,532,0,532,G
3-PA,332,554,1,1,0,556,A
3-PA,333,0,554,0,0,554,T
3-PA,334,0,556,0,0,556,T
3-PA,335,557,0,0,0,557,A
3-PA,336,1,0,0,562,563,C
3-PA,337,555,1,0,0,556,A
3-PA,338,557,0,0,1,558,A
3-PA,339,0,2,556,0,558,G
3-PA,340,0,2,562,0,564,G
3-PA,341,526,0,2,0,528,A
3-PA,342,0,2,536,0,538,G
3-PA,343,536,0,1,0,537,A
3-PA,344,537,0,2,0,539,A
3-PA,345,0,1,0,537,538,C
3-PA,346,528,0,0,0,528,A
3-PA,347,0,1,527,0,528,G
3-PA,348,527,0,0,1,528,A
3-PA,349,0,519,0,0,519,T
3-PA,350,0,520,0,0,520,T
3-PA,351,5,0,0,504,509,C
3-PA,352,513,0,0,0,513,A
3-PA,353,0,510,0,0,510,T
3-PA,354,0,0,0,510,510,C
3-PA,355,0,2,510,0,512,G
3-PA,356,511,0,0,0,511,A
3-PA,357,511,0,0,1,512,A
3-PA,358,511,0,0,0,511,A
3-PA,359,0,509,0,0,509,T
3-PA,360,0,506,0,0,506,T
3-PA,361,0,1,508,0,509,G
3-PA,362,0,1,503,0,504,G
3-PA,363,0,1,504,0,505,G
3-PA,364,0,0,511,0,511,G
3-PA,365,0,500,0,1,501,T
3-PA,366,0,1,509,0,510,G
3-PA,367,511,0,0,0,511,A
3-PA,368,0,0,0,515,515,C
3-PA,369,517,0,0,0,517,A
3-PA,370,515,0,1,0,516,A
3-PA,371,1,2,524,0,527,G
3-PA,372,0,4,523,0,527,G
3-PA,373,517,0,0,0,517,A
3-PA,374,0,3,516,0,519,G
3-PA,375,508,0,0,0,508,A
3-PA,376,1,1,513,0,515,G
3-PA,377,511,0,0,0,511,A
3-PA,378,505,0,2,0,507,A
3-PA,379,0,0,526,0,526,G
3-PA,380,0,506,0,0,506,T
3-PA,381,1,0,0,517,518,C
3-PA,382,1,1,0,514,516,C
3-PA,383,519,0,0,0,519,A
3-PA,384,0,0,0,530,530,C
3-PA,385,545,0,0,0,545,A
3-PA,386,0,555,0,0,555,T
3-PA,387,563,0,0,0,563,A
3-PA,388,0,549,0,0,549,T
3-PA,389,547,0,0,0,547,A
3-PA,390,0,545,0,0,545,T
3-PA,391,0,538,0,0,538,T
3-PA,392,538,0,0,0,538,A
3-PA,393,0,0,0,535,535,C
3-PA,394,1,0,0,515,516,C
3-PA,395,0,508,0,0,508,T
3-PA,396,0,500,0,0,500,T
3-PA,397,0,1,504,0,505,G
3-PA,398,504,0,1,0,505,A
3-PA,399,503,0,0,0,503,A
3-PA,400,501,0,1,0,502,A
3-PA,401,481,0,0,0,481,A
3-PA,402,0,0,481,0,481,G
3-PA,403,0,1,479,0,480,G
3-PA,404,0,0,0,480,480,C
3-PA,405,1,0,0,479,480,C
3-PA,406,480,0,0,0,480,A
3-PA,407,479,0,0,0,479,A
3-PA,408,0,480,0,0,480,T
3-PA,409,479,0,0,0,479,A
3-PA,410,478,0,2,0,480,A
3-PA,411,0,1,498,0,499,G
3-PA,412,496,0,1,0,497,A
3-PA,413,0,496,0,0,496,T
3-PA,414,0,496,0,0,496,T
3-PA,415,499,0,0,0,499,A
3-PA,416,500,0,0,0,500,A
3-PA,417,503,0,0,0,503,A
3-PA,418,0,503,0,0,503,T
3-PA,419,0,0,0,503,503,C
3-PA,420,0,492,0,0,492,T
3-PA,421,0,4,492,0,496,G
3-PA,422,496,0,0,0,496,A
3-PA,423,0,2,496,0,498,G
3-PA,424,504,0,0,0,504,A
3-PA,425,505,0,0,0,505,A
3-PA,426,0,0,0,505,505,C
3-PA,427,501,0,1,0,502,A
3-PA,428,0,0,0,500,500,C
3-PA,429,500,0,0,0,500,A
3-PA,430,0,0,0,505,505,C
3-PA,431,497,0,1,0,498,A
3-PA,432,0,0,0,508,508,C
3-PA,433,506,0,0,0,506,A
3-PA,434,0,504,0,0,504,T
3-PA,435,0,503,0,0,503,T
3-PA,436,1,1,0,506,508,C
3-PA,437,502,1,0,0,503,A
3-PA,438,1,0,0,509,510,C
3-PA,439,510,0,0,0,510,A
3-PA,440,0,508,0,0,508,T
3-PA,441,0,499,0,1,500,T
3-PA,442,0,502,0,0,502,T
3-PA,443,0,503,0,0,503,T
3-PA,444,0,0,0,511,511,C
3-PA,445,0,506,0,2,508,T
3-PA,446,2,0,0,508,510,C
3-PA,447,510,0,0,0,510,A
3-PA,448,0,510,0,0,510,T
3-PA,449,0,509,0,0,509,T
3-PA,450,0,0,0,514,514,C
3-PA,451,510,0,0,1,511,A
3-PA,452,0,0,0,513,513,C
3-PA,453,0,505,0,0,505,T
3-PA,454,0,4,520,0,524,G
3-PA,455,0,4,519,0,523,G
3-PA,456,1,0,520,0,521,G
3-PA,457,0,0,527,0,527,G
3-PA,458,517,0,0,1,518,A
3-PA,459,0,0,520,0,520,G
3-PA,460,0,0,525,0,525,G
3-PA,461,521,0,0,0,521,A
3-PA,462,518,0,2,0,520,A
3-PA,463,514,0,0,0,514,A
3-PA,464,0,508,0,0,508,T
3-PA,465,0,0,503,0,503,G
3-PA,466,0,0,499,0,499,G
3-PA,467,1,0,0,498,499,C
3-PA,468,1,0,0,494,495,C
3-PA,469,493,0,1,1,495,A
3-PA,470,0,0,0,499,499,C
3-PA,471,494,0,0,0,494,A
3-PA,472,495,0,0,0,495,A
3-PA,473,499,0,0,0,499,A
3-PA,474,0,2,500,0,502,G
3-PA,475,0,0,502,0,502,G
3-PA,476,0,0,0,501,501,C
3-PA,477,504,0,0,0,504,A
3-PA,478,0,0,514,0,514,G
3-PA,479,515,0,0,0,515,A
3-PA,480,0,1,0,519,520,C
3-PA,481,0,512,0,0,512,T
3-PA,482,511,2,1,0,514,A
3-PA,483,1,0,0,510,511,C
3-PA,484,508,0,0,0,508,A
3-PA,485,0,0,0,514,514,C
3-PA,486,0,495,0,0,495,T
3-PA,487,0,0,0,500,500,C
3-PA,488,0,499,0,0,499,T
3-PA,489,2,0,0,496,498,C
3-PA,490,0,1,494,0,495,G
3-PA,491,493,0,0,0,493,A
3-PA,492,0,0,0,494,494,C
3-PA,493,0,1,501,0,502,G
3-PA,494,487,0,1,0,488,A
3-PA,495,0,0,496,0,496,G
3-PA,496,0,0,492,0,492,G
3-PA,497,493,0,0,0,493,A
3-PA,498,495,0,0,0,495,A
3-PA,499,494,0,1,0,495,A
3-PA,500,0,1,494,0,495,G
3-PA,501,0,1,0,492,493,C
3-PA,502,491,0,1,0,492,A
3-PA,503,0,0,504,0,504,G
3-PA,504,0,1,507,0,508,G
3-PA,505,0,0,508,0,508,G
3-PA,506,0,0,0,508,508,C
3-PA,507,2,501,0,1,504,T
3-PA,508,505,0,1,0,506,A
3-PA,509,0,3,512,0,515,G
3-PA,510,0,0,530,0,530,G
3-PA,511,532,0,1,0,533,A
3-PA,512,0,516,0,0,516,T
3-PA,513,0,509,0,0,509,T
3-PA,514,509,0,1,0,510,A
3-PA,515,512,0,0,0,512,A
3-PA,516,0,1,517,0,518,G
3-PA,517,516,0,0,0,516,A
3-PA,518,0,0,0,512,512,C
3-PA,519,1,0,0,472,473,C
3-PA,520,464,0,0,0,464,A
3-PA,521,0,0,467,0,467,G
3-PA,522,0,0,470,0,470,G
3-PA,523,1,1,0,473,475,C
3-PA,524,0,459,0,0,459,T
3-PA,525,0,0,470,0,470,G
3-PA,526,0,463,0,1,464,T
3-PA,527,0,461,0,0,461,T
3-PA,528,0,464,0,0,464,T
3-PA,529,463,0,0,0,463,A
3-PA,530,0,0,0,470,470,C
3-PA,531,2,0,0,453,455,C
3-PA,532,451,0,0,0,451,A
3-PA,533,0,448,0,0,448,T
3-PA,534,432,0,0,0,432,A
3-PA,535,437,0,0,0,437,A
3-PA,536,0,0,447,0,447,G
3-PA,537,446,0,0,0,446,A
3-PA,538,0,0,0,448,448,C
3-PA,539,435,0,0,0,435,A
3-PA,540,436,0,0,0,436,A
3-PA,541,0,0,441,0,441,G
3-PA,542,441,0,0,0,441,A
3-PA,543,440,0,0,0,440,A
3-PA,544,434,0,1,0,435,A
3-PA,545,0,417,0,1,418,T
3-PA,546,0,2,420,0,422,G
3-PA,547,0,0,420,0,420,G
3-PA,548,0,0,0,418,418,C
3-PA,549,1,0,0,415,416,C
3-PA,550,416,0,0,0,416,A
3-PA,551,427,0,0,0,427,A
3-PA,552,0,0,0,425,425,C
3-PA,553,427,0,0,0,427,A
3-PA,554,0,0,426,0,426,G
3-PA,555,414,0,0,0,414,A
3-PA,556,1,0,413,0,414,G
3-PA,557,0,0,413,0,413,G
3-PA,558,0,0,0,424,424,C
3-PA,559,2,1,0,421,424,C
3-PA,560,0,409,0,0,409,T
3-PA,561,1,0,0,411,412,C
3-PA,562,0,415,0,0,415,T
3-PA,563,0,3,410,0,413,G
3-PA,564,0,0,415,0,415,G
3-PA,565,0,2,412,0,414,G
3-PA,566,409,1,0,0,410,A
3-PA,567,0,393,0,0,393,T
3-PA,568,0,386,0,0,386,T
3-PA,569,1,1,0,441,443,C
3-PA,570,1,0,0,433,434,C
3-PA,571,0,434,0,0,434,T
3-PA,572,0,436,0,1,437,T
3-PA,573,0,437,0,0,437,T
3-PA,574,0,0,0,447,447,C
3-PA,575,0,0,445,0,445,G
3-PA,576,0,444,0,1,445,T
3-PA,577,0,0,0,444,444,C
3-PA,578,438,0,0,0,438,A
3-PA,579,0,0,550,0,550,G
3-PA,580,0,548,0,0,548,T
3-PA,581,1,0,0,550,551,C
3-PA,582,0,0,0,553,553,C
3-PA,583,0,3,554,0,557,G
3-PA,584,547,0,9,0,556,A
3-PA,585,559,0,0,0,559,A
3-PA,586,557,0,2,0,559,A
3-PA,587,0,0,591,0,591,G
3-PA,588,578,0,0,0,578,A
3-PA,589,0,0,591,0,591,G
3-PA,590,0,0,593,0,593,G
3-PA,591,0,0,0,593,593,C
3-PA,592,1,1,589,0,591,G
3-PA,593,590,0,0,0,590,A
3-PA,594,595,0,0,0,595,A
3-PA,595,0,3,598,0,601,G
3-PA,596,603,1,0,0,604,A
3-PA,597,604,0,0,0,604,A
3-PA,598,602,0,0,0,602,A
3-PA,599,1,0,0,607,608,C
3-PA,600,607,0,1,0,608,A
3-PA,601,606,0,0,0,606,A
3-PA,602,0,604,0,0,604,T
3-PA,603,0,604,1,0,605,T
3-PA,604,0,0,608,0,608,G
3-PA,605,602,0,2,0,604,A
3-PA,606,600,0,2,0,602,A
3-PA,607,0,0,606,0,606,G
3-PA,608,607,0,0,0,607,A
3-PA,609,606,0,0,0,606,A
3-PA,610,607,0,0,0,607,A
3-PA,611,609,0,0,0,609,A
3-PA,612,611,0,1,0,612,A
3-PA,613,0,607,0,1,608,T
3-PA,614,0,609,0,0,609,T
3-PA,615,0,610,0,0,610,T
3-PA,616,0,4,608,0,612,G
3-PA,617,609,0,0,0,609,A
3-PA,618,610,0,0,0,610,A
3-PA,619,615,0,0,0,615,A
3-PA,620,1,619,0,1,621,T
3-PA,621,2,0,0,685,687,C
3-PA,622,690,0,0,0,690,A
3-PA,623,0,0,0,698,698,C
3-PA,624,692,0,0,0,692,A
3-PA,625,0,2,708,0,710,G
3-PA,626,0,0,739,0,739,G
3-PA,627,751,0,0,0,751,A
3-PA,628,760,0,1,0,761,A
3-PA,629,0,0,0,766,766,C
3-PA,630,0,739,0,0,739,T
3-PA,631,805,0,0,0,805,A
3-PA,632,0,822,0,0,822,T
3-PA,633,0,2,855,0,857,G
3-PA,634,0,0,0,854,854,C
3-PA,635,0,0,842,0,842,G
3-PA,636,0,841,0,2,843,T
3-PA,637,837,0,0,0,837,A
3-PA,638,0,2,845,0,847,G
3-PA,639,2,2,832,0,836,G
3-PA,640,0,0,0,824,824,C
3-PA,641,0,816,0,0,816,T
3-PA,642,0,807,0,1,808,T
3-PA,643,0,0,808,0,808,G
3-PA,644,1,0,0,805,806,C
3-PA,645,0,5,0,800,805,C
3-PA,646,0,2,825,0,827,G
3-PA,647,836,0,1,0,837,A
3-PA,648,0,0,0,852,852,C
3-PA,649,2,0,0,857,859,C
3-PA,650,858,0,0,0,858,A
3-PA,651,867,1,0,0,868,A
3-PA,652,864,0,2,0,866,A
3-PA,653,0,1,893,0,894,G
3-PA,654,1,888,0,0,889,T
3-PA,655,1,0,0,896,897,C
3-PA,656,0,897,0,0,897,T
3-PA,657,1,0,0,901,902,C
3-PA,658,2,0,0,919,921,C
3-PA,659,0,0,0,925,925,C
3-PA,660,927,1,1,0,929,A
3-PA,661,1,0,0,928,929,C
3-PA,662,2,0,0,923,925,C
3-PA,663,1,2,931,0,934,G
3-PA,664,937,0,0,0,937,A
3-PA,665,942,0,0,0,942,A
3-PA,666,0,0,0,957,957,C
3-PA,667,0,945,0,1,946,T
3-PA,668,0,962,0,1,963,T
3-PA,669,0,0,0,987,987,C
3-PA,670,0,979,0,0,979,T
3-PA,671,1,0,0,985,986,C
3-PA,672,1,0,0,984,985,C
3-PA,673,0,977,0,0,977,T
3-PA,674,0,3,987,0,990,G
3-PA,675,1,0,0,985,986,C
3-PA,676,1,0,0,989,990,C
3-PA,677,0,979,0,0,979,T
3-PA,678,0,967,0,5,972,T
3-PA,679,0,1,974,0,975,G
3-PA,680,968,0,1,0,969,A
3-PA,681,0,0,993,0,993,G
3-PA,682,994,0,1,0,995,A
3-PA,683,989,0,0,0,989,A
3-PA,684,0,1008,0,0,1008,T
3-PA,685,0,1016,0,0,1016,T
3-PA,686,0,1010,0,0,1010,T
3-PA,687,0,1014,0,0,1014,T
3-PA,688,1009,0,0,0,1009,A
3-PA,689,3,1,1006,0,1010,G
3-PA,690,991,0,3,0,994,A
3-PA,691,1,0,1033,0,1034,G
3-PA,692,0,2,0,1030,1032,C
3-PA,693,0,0,0,1035,1035,C
3-PA,694,0,1068,0,0,1068,T
3-PA,695,1128,0,0,0,1128,A
3-PA,696,0,1135,0,0,1135,T
3-PA,697,0,0,1151,0,1151,G
3-PA,698,0,1139,0,1,1140,T
3-PA,699,2,5,1155,0,1162,G
3-PA,700,0,2,1152,0,1154,G
3-PA,701,1148,0,2,0,1150,A
3-PA,702,0,1143,0,0,1143,T
3-PA,703,0,5,1124,0,1129,G
3-PA,704,0,3,1163,0,1166,G
3-PA,705,1156,1,0,0,1157,A
3-PA,706,0,1158,0,1,1159,T
3-PA,707,0,1156,0,3,1159,T
3-PA,708,3,0,0,1151,1154,C
3-PA,709,0,5,1139,1,1145,G
3-PA,710,1156,0,1,0,1157,A
3-PA,711,1153,0,1,0,1154,A
3-PA,712,0,0,0,1159,1159,C
3-PA,713,3,0,0,1130,1133,C
3-PA,714,1,4,1130,0,1135,G
3-PA,715,1128,0,1,0,1129,A
3-PA,716,1133,0,2,0,1135,A
3-PA,717,0,0,0,1153,1153,C
3-PA,718,0,1,1145,0,1146,G
3-PA,719,0,0,1180,0,1180,G
3-PA,720,1,0,0,1179,1180,C
3-PA,721,0,1176,0,2,1178,T
3-PA,722,1,0,1213,0,1214,G
3-PA,723,1,0,0,1216,1217,C
3-PA,724,1238,0,1,0,1239,A
3-PA,725,0,1243,0,0,1243,T
3-PA,726,0,1224,0,0,1224,T
3-PA,727,0,1,1225,1,1227,G
3-PA,728,1189,0,2,0,1191,A
3-PA,729,0,5,1208,0,1213,G
3-PA,730,1,2,1207,0,1210,G
3-PA,731,1,0,1198,0,1199,G
3-PA,732,1,0,0,1196,1197,C
3-PA,733,1189,0,1,0,1190,A
3-PA,734,1200,0,1,0,1201,A
3-PA,735,0,0,1207,0,1207,G
3-PA,736,1,0,0,1216,1217,C
3-PA,737,0,1217,0,2,1219,T
3-PA,738,0,1216,0,0,1216,T
3-PA,739,0,1221,0,1,1222,T
3-PA,740,1,0,0,1216,1217,C
3-PA,741,0,1217,0,0,1217,T
3-PA,742,3,0,0,1220,1223,C
3-PA,743,1216,0,0,0,1216,A
3-PA,744,1211,0,0,0,1211,A
3-PA,745,1213,0,0,0,1213,A
3-PA,746,0,1212,0,0,1212,T
3-PA,747,1,1,1261,0,1263,G
3-PA,748,0,1252,0,5,1257,T
3-PA,749,4,0,1,1271,1276,C
3-PA,750,1,0,0,1269,1270,C
3-PA,751,1277,0,1,0,1278,A
3-PA,752,1279,0,0,0,1279,A
3-PA,753,1282,0,1,0,1283,A
3-PA,754,0,2,1303,1,1306,G
3-PA,755,1296,0,0,0,1296,A
3-PA,756,1264,0,1,0,1265,A
3-PA,757,0,1,1274,0,1275,G
3-PA,758,0,1272,0,1,1273,T
3-PA,759,0,5,1266,0,1271,G
3-PA,760,1271,0,1,0,1272,A
3-PA,761,1271,0,1,0,1272,A
3-PA,762,0,1273,0,0,1273,T
3-PA,763,0,0,1277,0,1277,G
3-PA,764,0,0,0,1266,1266,C
3-PA,765,4,0,0,1264,1268,C
3-PA,766,5,0,0,1267,1272,C
3-PA,767,1278,0,0,0,1278,A
3-PA,768,1301,0,0,0,1301,A
3-PA,769,1305,0,0,0,1305,A
3-PA,770,0,1304,0,0,1304,T
3-PA,771,0,1301,0,1,1302,T
3-PA,772,1,4,1299,0,1304,G
3-PA,773,1297,0,0,0,1297,A
3-PA,774,1297,0,1,0,1298,A
3-PA,775,0,0,1,1301,1302,C
3-PA,776,1,0,0,1297,1298,C
3-PA,777,0,1282,0,2,1284,T
3-PA,778,0,1316,0,0,1316,T
3-PA,779,0,1317,0,0,1317,T
3-PA,780,0,1340,0,0,1340,T
3-PA,781,0,0,0,1348,1348,C
3-PA,782,0,1347,0,0,1347,T
3-PA,783,1,1,1354,0,1356,G
3-PA,784,1347,2,1,0,1350,A
3-PA,785,1364,1,0,0,1365,A
3-PA,786,0,2,1371,0,1373,G
3-PA,787,1347,0,1,0,1348,A
3-PA,788,0,0,0,1350,1350,C
3-PA,789,1331,0,0,0,1331,A
3-PA,790,1347,1,2,1,1351,A
3-PA,791,0,0,0,1500,1500,C
3-PA,792,1511,0,0,0,1511,A
3-PA,793,1,1,0,1504,1506,C
3-PA,794,2,0,0,1487,1489,C
3-PA,795,1486,0,1,1,1488,A
3-PA,796,1483,0,2,0,1485,A
3-PA,797,0,4,1494,0,1498,G
3-PA,798,1496,0,1,0,1497,A
3-PA,799,0,0,0,1496,1496,C
3-PA,800,1,0,0,1370,1371,C
3-PA,801,1374,1,0,0,1375,A
3-PA,802,1379,1,1,0,1381,A
3-PA,803,0,1373,0,0,1373,T
3-PA,804,6,0,0,1373,1379,C
3-PA,805,1377,0,0,0,1377,A
3-PA,806,1368,0,1,0,1369,A
3-PA,807,1369,0,0,0,1369,A
3-PA,808,0,0,0,1387,1387,C
3-PA,809,0,1377,1,0,1378,T
3-PA,810,0,1390,0,0,1390,T
3-PA,811,1,0,0,1398,1399,C
3-PA,812,1,0,0,1396,1397,C
3-PA,813,34,0,1373,0,1407,G
3-PA,814,1409,0,0,0,1409,A
3-PA,815,1404,0,1,0,1405,A
3-PA,816,0,1406,0,0,1406,T
3-PA,817,1,4,1381,0,1386,G
3-PA,818,0,1,1387,0,1388,G
3-PA,819,1388,0,1,0,1389,A
3-PA,820,0,0,0,1395,1395,C
3-PA,821,4,0,0,1388,1392,C
3-PA,822,0,1438,0,1,1439,T
3-PA,823,1,0,0,1460,1461,C
3-PA,824,0,0,0,1460,1460,C
3-PA,825,0,1456,0,0,1456,T
3-PA,826,0,1464,0,0,1464,T
3-PA,827,0,0,1538,0,1538,G
3-PA,828,0,1530,0,1,1531,T
3-PA,829,0,1523,0,0,1523,T
3-PA,830,1525,0,1,0,1526,A
3-PA,831,0,1469,0,1,1470,T
3-PA,832,0,3,0,1451,1454,C
3-PA,833,1428,0,2,0,1430,A
3-PA,834,0,0,1423,0,1423,G
3-PA,835,0,2,0,1427,1429,C
3-PA,836,1,0,1379,0,1380,G
3-PA,837,0,0,1428,0,1428,G
3-PA,838,0,1423,0,1,1424,T
3-PA,839,1,0,0,1437,1438,C
3-PA,840,8,0,0,1429,1437,C
3-PA,841,1441,1,0,0,1442,A
3-PA,842,1450,0,1,0,1451,A
3-PA,843,1444,0,1,0,1445,A
3-PA,844,0,1443,0,1,1444,T
3-PA,845,0,1432,0,2,1434,T
3-PA,846,1,0,0,1426,1427,C
3-PA,847,2,0,0,1418,1420,C
3-PA,848,0,1407,0,2,1409,T
3-PA,849,2,0,0,1412,1414,C
3-PA,850,0,0,0,1419,1419,C
3-PA,851,0,1405,0,2,1407,T
3-PA,852,0,1,1425,0,1426,G
3-PA,853,1427,0,0,0,1427,A
3-PA,854,0,1422,0,1,1423,T
3-PA,855,1,6,1402,0,1409,G
3-PA,856,0,0,1400,1,1401,G
3-PA,857,1390,0,2,0,1392,A
3-PA,858,0,1386,0,0,1386,T
3-PA,859,0,0,1387,0,1387,G
3-PA,860,0,1,0,1447,1448,C
3-PA,861,0,1442,0,1,1443,T
3-PA,862,0,1439,0,5,1444,T
3-PA,863,0,1450,0,0,1450,T
3-PA,864,1450,0,1,0,1451,A
3-PA,865,1454,0,1,0,1455,A
3-PA,866,1453,1,0,0,1454,A
3-PA,867,1463,0,1,0,1464,A
3-PA,868,0,1465,0,0,1465,T
3-PA,869,0,1356,1,0,1357,T
3-PA,870,0,8,1351,0,1359,G
3-PA,871,1349,0,1,0,1350,A
3-PA,872,0,0,1364,0,1364,G
3-PA,873,0,0,0,1363,1363,C
3-PA,874,1360,0,0,0,1360,A
3-PA,875,0,1388,0,1,1389,T
3-PA,876,0,1384,0,0,1384,T
3-PA,877,0,2,1372,0,1374,G
3-PA,878,1381,0,1,0,1382,A
3-PA,879,1379,0,2,0,1381,A
3-PA,880,0,4,1374,0,1378,G
3-PA,881,1349,1,1,0,1351,A
3-PA,882,0,0,0,1361,1361,C
3-PA,883,2,0,0,1345,1347,C
3-PA,884,9,0,0,1324,1333,C
3-PA,885,1335,0,0,0,1335,A
3-PA,886,1336,0,2,0,1338,A
3-PA,887,0,1,1342,0,1343,G
3-PA,888,0,1338,2,0,1340,T
3-PA,889,7,0,0,1341,1348,C
3-PA,890,1350,0,1,0,1351,A
3-PA,891,0,1,0,1345,1346,C
3-PA,892,1,2,1347,0,1350,G
3-PA,893,1356,0,0,0,1356,A
3-PA,894,1357,0,2,0,1359,A
3-PA,895,1,1,1410,0,1412,G
3-PA,896,0,4,1411,0,1415,G
3-PA,897,1397,0,1,0,1398,A
3-PA,898,0,0,1416,0,1416,G
3-PA,899,1411,0,2,0,1413,A
3-PA,900,1408,0,3,0,1411,A
3-PA,901,0,6,1416,0,1422,G
3-PA,902,0,2,1400,0,1402,G
3-PA,903,0,1,1409,0,1410,G
3-PA,904,1351,0,3,1,1355,A
3-PA,905,0,1366,0,0,1366,T
3-PA,906,3,0,1,1361,1365,C
3-PA,907,3,1,0,1482,1486,C
3-PA,908,4,2,0,1498,1504,C
3-PA,909,1512,0,0,0,1512,A
3-PA,910,0,1512,0,0,1512,T
3-PA,911,0,1521,0,0,1521,T
3-PA,912,1545,0,0,0,1545,A
3-PA,913,0,1539,0,0,1539,T
3-PA,914,1540,0,1,0,1541,A
3-PA,915,0,1536,0,0,1536,T
3-PA,916,0,2,1387,0,1389,G
3-PA,917,1382,0,0,0,1382,A
3-PA,918,0,1375,0,0,1375,T
3-PA,919,0,0,1389,0,1389,G
3-PA,920,0,0,0,1367,1367,C
3-PA,921,0,0,1374,0,1374,G
3-PA,922,1383,0,0,0,1383,A
3-PA,923,0,1381,0,1,1382,T
3-PA,924,5,0,0,1386,1391,C
3-PA,925,1383,1,0,0,1384,A
3-PA,926,1376,1,1,0,1378,A
3-PA,927,0,0,1383,0,1383,G
3-PA,928,0,1370,0,2,1372,T
3-PA,929,1,0,1390,0,1391,G
3-PA,930,0,0,0,1394,1394,C
3-PA,931,1393,0,0,0,1393,A
3-PA,932,0,1400,0,0,1400,T
3-PA,933,1399,0,1,0,1400,A
3-PA,934,1415,0,1,0,1416,A
3-PA,935,1417,0,0,0,1417,A
3-PA,936,1414,0,0,0,1414,A
3-PA,937,1415,0,0,0,1415,A
3-PA,938,1,0,0,1418,1419,C
3-PA,939,1406,0,0,0,1406,A
3-PA,940,0,1409,0,1,1410,T
3-PA,941,0,1408,0,0,1408,T
3-PA,942,0,2,0,1413,1415,C
3-PA,943,0,1402,0,0,1402,T
3-PA,944,0,1396,0,1,1397,T
3-PA,945,0,1395,0,0,1395,T
3-PA,946,0,3,1396,0,1399,G
3-PA,947,0,1,1399,0,1400,G
3-PA,948,1388,0,2,0,1390,A
3-PA,949,0,1390,0,0,1390,T
3-PA,950,1,2,1390,0,1393,G
3-PA,951,0,1,1430,0,1431,G
3-PA,952,1430,0,2,0,1432,A
3-PA,953,1428,1,0,0,1429,A
3-PA,954,1436,0,2,0,1438,A
3-PA,955,1,2,1446,0,1449,G
3-PA,956,1441,0,0,0,1441,A
3-PA,957,1555,0,1,0,1556,A
3-PA,958,0,0,0,1579,1579,C
3-PA,959,4,0,0,1574,1578,C
3-PA,960,0,1564,0,2,1566,T
3-PA,961,0,1586,0,6,1592,T
3-PA,962,1600,0,0,0,1600,A
3-PA,963,0,1605,0,0,1605,T
3-PA,964,1594,1,0,0,1595,A
3-PA,965,0,1621,0,0,1621,T
3-PA,966,1531,0,1,0,1532,A
3-PA,967,0,1,1536,0,1537,G
3-PA,968,1,1529,0,0,1530,T
3-PA,969,5,0,0,1521,1526,C
3-PA,970,1517,0,0,0,1517,A
3-PA,971,1515,1,2,0,1518,A
3-PA,972,1522,0,0,1,1523,A
3-PA,973,1,0,0,1531,1532,C
3-PA,974,2,1,0,1513,1516,C
3-PA,975,1490,1,3,0,1494,A
3-PA,976,0,0,0,1497,1497,C
3-PA,977,1491,0,1,0,1492,A
3-PA,978,1,1,0,1511,1513,C
3-PA,979,0,3,1515,0,1518,G
3-PA,980,1499,0,0,0,1499,A
3-PA,981,1498,0,0,1,1499,A
3-PA,982,1497,0,1,0,1498,A
3-PA,983,1499,0,1,0,1500,A
3-PA,984,0,2,1517,0,1519,G
3-PA,985,2,6,1497,0,1505,G
3-PA,986,1,1,1514,0,1516,G
3-PA,987,1505,0,0,0,1505,A
3-PA,988,1510,0,2,0,1512,A
3-PA,989,0,1518,0,0,1518,T
3-PA,990,1514,0,0,0,1514,A
3-PA,991,1515,0,1,0,1516,A
3-PA,992,1512,0,0,0,1512,A
3-PA,993,0,1509,0,0,1509,T
3-PA,994,0,1499,0,0,1499,T
3-PA,995,5,1,0,1506,1512,C
3-PA,996,1521,0,0,0,1521,A
3-PA,997,1521,1,2,0,1524,A
3-PA,998,1533,0,0,0,1533,A
3-PA,999,0,1529,0,0,1529,T
3-PA,1000,0,1532,0,0,1532,T
3-PA,1001,1537,0,0,0,1537,A
3-PA,1002,0,0,0,1535,1535,C
3-PA,1003,2,0,0,1535,1537,C
3-PA,1004,0,1479,0,0,1479,T
3-PA,1005,0,1,1482,0,1483,G
3-PA,1006,0,0,0,1482,1482,C
3-PA,1007,0,1489,0,0,1489,T
3-PA,1008,0,0,1514,0,1514,G
3-PA,1009,0,1506,0,2,1508,T
3-PA,1010,3,0,0,1511,1514,C
3-PA,1011,1521,0,1,0,1522,A
3-PA,1012,0,1523,0,2,1525,T
3-PA,1013,0,3,1521,0,1524,G
3-PA,1014,1,1,1514,0,1516,G
3-PA,1015,1522,0,1,0,1523,A
3-PA,1016,1554,0,1,0,1555,A
3-PA,1017,0,1,1538,0,1539,G
3-PA,1018,0,0,0,1551,1551,C
3-PA,1019,1550,0,0,0,1550,A
3-PA,1020,1555,0,0,0,1555,A
3-PA,1021,1,0,1561,0,1562,G
3-PA,1022,1,1561,0,0,1562,T
3-PA,1023,1567,0,0,0,1567,A
3-PA,1024,1,0,0,1566,1567,C
3-PA,1025,0,1533,0,1,1534,T
3-PA,1026,0,0,1545,0,1545,G
3-PA,1027,0,1525,0,8,1533,T
3-PA,1028,6,1,0,1520,1527,C
3-PA,1029,1519,0,2,0,1521,A
3-PA,1030,0,2,1532,0,1534,G
3-PA,1031,1528,0,0,0,1528,A
3-PA,1032,1528,0,1,1,1530,A
3-PA,1033,0,1560,0,1,1561,T
3-PA,1034,0,1555,0,0,1555,T
3-PA,1035,0,0,1558,0,1558,G
3-PA,1036,0,0,0,1550,1550,C
3-PA,1037,1550,3,2,0,1555,A
3-PA,1038,1,0,1555,0,1556,G
3-PA,1039,0,4,1542,0,1546,G
3-PA,1040,1550,0,2,0,1552,A
3-PA,1041,0,0,0,1571,1571,C
3-PA,1042,1534,0,3,0,1537,A
3-PA,1043,0,1551,0,1,1552,T
3-PA,1044,0,1553,0,0,1553,T
3-PA,1045,1,1,1567,0,1569,G
3-PA,1046,1559,0,1,0,1560,A
3-PA,1047,1565,1,2,0,1568,A
3-PA,1048,1560,1,1,0,1562,A
3-PA,1049,1561,0,1,0,1562,A
3-PA,1050,1,1557,0,0,1558,T
3-PA,1051,0,2,1570,0,1572,G
3-PA,1052,1554,0,2,0,1556,A
3-PA,1053,0,2,1571,0,1573,G
3-PA,1054,0,2,1572,0,1574,G
3-PA,1055,1553,0,0,0,1553,A
3-PA,1056,0,0,1569,1,1570,G
3-PA,1057,1570,0,0,0,1570,A
3-PA,1058,1557,0,3,0,1560,A
3-PA,1059,1,1,1564,0,1566,G
3-PA,1060,0,1,1527,0,1528,G
3-PA,1061,0,1582,0,1,1583,T
3-PA,1062,0,1598,0,0,1598,T
3-PA,1063,2,1,0,1593,1596,C
3-PA,1064,0,0,0,1597,1597,C
3-PA,1065,1607,0,0,0,1607,A
3-PA,1066,1605,0,0,0,1605,A
3-PA,1067,0,4,1617,0,1621,G
3-PA,1068,0,1,1625,0,1626,G
3-PA,1069,1603,0,0,0,1603,A
3-PA,1070,1,1,0,1601,1603,C
3-PA,1071,0,1607,0,0,1607,T
3-PA,1072,1609,0,1,0,1610,A
3-PA,1073,1610,0,0,0,1610,A
3-PA,1074,1604,0,0,0,1604,A
3-PA,1075,1613,0,1,0,1614,A
3-PA,1076,1608,0,0,0,1608,A
3-PA,1077,0,0,0,1604,1604,C
3-PA,1078,1597,0,0,0,1597,A
3-PA,1079,1,1588,0,0,1589,T
3-PA,1080,0,1,1596,0,1597,G
3-PA,1081,1597,0,1,0,1598,A
3-PA,1082,1603,0,3,0,1606,A
3-PA,1083,2,0,1609,0,1611,G
3-PA,1084,1608,0,0,0,1608,A
3-PA,1085,1612,0,1,0,1613,A
3-PA,1086,1605,1,0,0,1606,A
3-PA,1087,1599,0,0,0,1599,A
3-PA,1088,1,1,0,1602,1604,C
3-PA,1089,1,2,1593,0,1596,G
3-PA,1090,1610,0,1,0,1611,A
3-PA,1091,1,0,1596,0,1597,G
3-PA,1092,0,1589,0,1,1590,T
3-PA,1093,2,1,0,1626,1629,C
3-PA,1094,1638,0,1,0,1639,A
3-PA,1095,1656,0,0,0,1656,A
3-PA,1096,0,1,0,1660,1661,C
3-PA,1097,1,1654,0,0,1655,T
3-PA,1098,0,1,1686,0,1687,G
3-PA,1099,1670,0,5,0,1675,A
3-PA,1100,1677,0,1,0,1678,A
3-PA,1101,0,0,1693,0,1693,G
3-PA,1102,0,1636,0,0,1636,T
3-PA,1103,1,9,1635,0,1645,G
3-PA,1104,0,2,1635,0,1637,G
3-PA,1105,0,0,1643,0,1643,G
3-PA,1106,0,1,0,1645,1646,C
3-PA,1107,1,1559,0,59,1619,T
3-PA,1108,2,0,0,1638,1640,C
3-PA,1109,0,1623,0,0,1623,T
3-PA,1110,0,1624,0,1,1625,T
3-PA,1111,1,1,1669,0,1671,G
3-PA,1112,1,0,1669,0,1670,G
3-PA,1113,0,1654,0,0,1654,T
3-PA,1114,1,2,1654,0,1657,G
3-PA,1115,1638,0,2,0,1640,A
3-PA,1116,1663,0,0,0,1663,A
3-PA,1117,1660,0,0,0,1660,A
3-PA,1118,1659,0,0,0,1659,A
3-PA,1119,0,1,0,1679,1680,C
3-PA,1120,1649,0,2,0,1651,A
3-PA,1121,0,1644,0,2,1646,T
3-PA,1122,0,1,1648,0,1649,G
3-PA,1123,0,0,1666,0,1666,G
3-PA,1124,0,1,0,1680,1681,C
3-PA,1125,1679,1,3,3,1686,A
3-PA,1126,1,2,0,1653,1656,C
3-PA,1127,1,0,0,1715,1716,C
3-PA,1128,1730,0,0,0,1730,A
3-PA,1129,0,1,1746,0,1747,G
3-PA,1130,1740,0,1,0,1741,A
3-PA,1131,9,1,1759,0,1769,G
3-PA,1132,1767,1,1,0,1769,A
3-PA,1133,1758,2,1,0,1761,A
3-PA,1134,1,0,1782,1,1784,G
3-PA,1135,0,0,1769,0,1769,G
3-PA,1136,0,1757,0,0,1757,T
3-PA,1137,1771,0,0,0,1771,A
3-PA,1138,0,2,1765,0,1767,G
3-PA,1139,1779,0,1,0,1780,A
3-PA,1140,0,0,0,1797,1797,C
3-PA,1141,1,1773,1,2,1777,T
3-PA,1142,0,1798,0,0,1798,T
3-PA,1143,0,1798,0,0,1798,T
3-PA,1144,0,3,1798,0,1801,G
3-PA,1145,1795,2,5,0,1802,A
3-PA,1146,1805,0,0,0,1805,A
3-PA,1147,1807,0,0,0,1807,A
3-PA,1148,1800,1,1,1,1803,A
3-PA,1149,1,0,0,1828,1829,C
3-PA,1150,0,1813,0,1,1814,T
3-PA,1151,0,0,1825,0,1825,G
3-PA,1152,1,0,0,1825,1826,C
3-PA,1153,1826,0,3,0,1829,A
3-PA,1154,0,2,1823,0,1825,G
3-PA,1155,1822,0,0,0,1822,A
3-PA,1156,0,2,1899,0,1901,G
3-PA,1157,1901,0,2,0,1903,A
3-PA,1158,0,3,0,1891,1894,C
3-PA,1159,1885,0,2,0,1887,A
3-PA,1160,0,1869,0,0,1869,T
3-PA,1161,1872,0,2,0,1874,A
3-PA,1162,1860,0,2,1,1863,A
3-PA,1163,0,0,1869,0,1869,G
3-PA,1164,0,1,0,1863,1864,C
3-PA,1165,3,3,1826,0,1832,G
3-PA,1166,1856,0,0,1,1857,A
3-PA,1167,0,1845,0,1,1846,T
3-PA,1168,0,1854,0,0,1854,T
3-PA,1169,1,1853,0,0,1854,T
3-PA,1170,0,2,1859,0,1861,G
3-PA,1171,1860,0,3,0,1863,A
3-PA,1172,1860,0,2,1,1863,A
3-PA,1173,0,1,1864,0,1865,G
3-PA,1174,0,0,0,1910,1910,C
3-PA,1175,1884,0,0,0,1884,A
3-PA,1176,2024,0,1,1,2026,A
3-PA,1177,1,2023,0,0,2024,T
3-PA,1178,2027,0,1,0,2028,A
3-PA,1179,0,2032,0,0,2032,T
3-PA,1180,0,0,2040,0,2040,G
3-PA,1181,2052,0,2,0,2054,A
3-PA,1182,1,2042,0,1,2044,T
3-PA,1183,1991,0,0,0,1991,A
3-PA,1184,0,0,1995,0,1995,G
3-PA,1185,0,1927,0,0,1927,T
3-PA,1186,0,3,1922,0,1925,G
3-PA,1187,1922,0,2,0,1924,A
3-PA,1188,0,2,0,1914,1916,C
3-PA,1189,0,7,1908,0,1915,G
3-PA,1190,1922,0,1,0,1923,A
3-PA,1191,1922,0,2,0,1924,A
3-PA,1192,1,2,0,1940,1943,C
3-PA,1193,1,0,0,1938,1939,C
3-PA,1194,0,1935,0,1,1936,T
3-PA,1195,2,5,1982,0,1989,G
3-PA,1196,1984,0,0,0,1984,A
3-PA,1197,1985,0,0,0,1985,A
3-PA,1198,0,1994,0,1,1995,T
3-PA,1199,0,1981,0,0,1981,T
3-PA,1200,1978,1,0,1,1980,A
3-PA,1201,1968,0,0,1,1969,A
3-PA,1202,0,3,1985,0,1988,G
3-PA,1203,1,1,1992,0,1994,G
3-PA,1204,0,1937,0,1,1938,T
3-PA,1205,6,0,0,1928,1934,C
3-PA,1206,1933,0,1,0,1934,A
3-PA,1207,0,0,0,2010,2010,C
3-PA,1208,0,2012,0,4,2016,T
3-PA,1209,0,2016,0,0,2016,T
3-PA,1210,0,2019,0,1,2020,T
3-PA,1211,3,0,0,2011,2014,C
3-PA,1212,2007,0,4,0,2011,A
3-PA,1213,2002,0,1,0,2003,A
3-PA,1214,0,0,2037,0,2037,G
3-PA,1215,1,0,0,2037,2038,C
3-PA,1216,0,2010,0,1,2011,T
3-PA,1217,1,1,2050,0,2052,G
3-PA,1218,0,2,2052,0,2054,G
3-PA,1219,2077,0,0,0,2077,A
3-PA,1220,0,2092,0,1,2093,T
3-PA,1221,2095,0,0,0,2095,A
3-PA,1222,1,2,0,2105,2108,C
3-PA,1223,2077,0,1,0,2078,A
3-PA,1224,0,3,2101,0,2104,G
3-PA,1225,2107,0,0,0,2107,A
3-PA,1226,2072,1,0,1,2074,A
3-PA,1227,0,2057,0,1,2058,T
3-PA,1228,0,7,2072,1,2080,G
3-PA,1229,2056,0,2,0,2058,A
3-PA,1230,0,1,2090,0,2091,G
3-PA,1231,0,2075,0,3,2078,T
3-PA,1232,0,2071,0,0,2071,T
3-PA,1233,2,0,0,2112,2114,C
3-PA,1234,2128,1,2,0,2131,A
3-PA,1235,2128,0,0,1,2129,A
3-PA,1236,0,1,0,2126,2127,C
3-PA,1237,2107,0,1,0,2108,A
3-PA,1238,2105,0,1,0,2106,A
3-PA,1239,0,2,2107,0,2109,G
3-PA,1240,0,0,2106,0,2106,G
3-PA,1241,0,0,0,2110,2110,C
3-PA,1242,0,0,0,2104,2104,C
3-PA,1243,0,2094,0,0,2094,T
3-PA,1244,0,0,2125,0,2125,G
3-PA,1245,0,2108,0,0,2108,T
3-PA,1246,0,2,2127,0,2129,G
3-PA,1247,2121,1,0,1,2123,A
3-PA,1248,1,0,2118,0,2119,G
3-PA,1249,0,0,0,2109,2109,C
3-PA,1250,0,2088,0,1,2089,T
3-PA,1251,2130,1,0,0,2131,A
3-PA,1252,2137,0,2,0,2139,A
3-PA,1253,0,1,0,2143,2144,C
3-PA,1254,0,2137,0,0,2137,T
3-PA,1255,0,4,2130,3,2137,G
3-PA,1256,2129,0,0,0,2129,A
3-PA,1257,0,2119,0,0,2119,T
3-PA,1258,0,2130,0,0,2130,T
3-PA,1259,5,0,1,2124,2130,C
3-PA,1260,2188,3,0,0,2191,A
3-PA,1261,0,3,2243,0,2246,G
3-PA,1262,1,2234,0,2,2237,T
3-PA,1263,2,1,0,2236,2239,C
3-PA,1264,0,2213,0,6,2219,T
3-PA,1265,0,2,2322,0,2324,G
3-PA,1266,1,4,2318,0,2323,G
3-PA,1267,2324,0,1,0,2325,A
3-PA,1268,0,2328,0,1,2329,T
3-PA,1269,2224,0,0,0,2224,A
3-PA,1270,0,5,2211,0,2216,G
3-PA,1271,2196,0,0,0,2196,A
3-PA,1272,0,1,2210,0,2211,G
3-PA,1273,0,0,0,2201,2201,C
3-PA,1274,0,2154,0,2,2156,T
3-PA,1275,2,1,0,2167,2170,C
3-PA,1276,0,2,2178,0,2180,G
3-PA,1277,2178,0,1,0,2179,A
3-PA,1278,0,2179,0,0,2179,T
3-PA,1279,0,6,2183,0,2189,G
3-PA,1280,2223,0,0,0,2223,A
3-PA,1281,2219,0,5,0,2224,A
3-PA,1282,2230,0,0,1,2231,A
3-PA,1283,0,2215,0,0,2215,T
3-PA,1284,0,2224,0,0,2224,T
3-PA,1285,1,2,2240,0,2243,G
3-PA,1286,0,4,2229,0,2233,G
3-PA,1287,2241,0,1,0,2242,A
3-PA,1288,1,2,2242,0,2245,G
3-PA,1289,2212,0,1,0,2213,A
3-PA,1290,0,5,2232,0,2237,G
3-PA,1291,0,3,2242,0,2245,G
3-PA,1292,2267,0,4,0,2271,A
3-PA,1293,0,0,0,2265,2265,C
3-PA,1294,1,0,2257,0,2258,G
3-PA,1295,1,2248,0,2,2251,T
3-PA,1296,2269,0,0,0,2269,A
3-PA,1297,1,0,2278,0,2279,G
3-PA,1298,0,2,0,2296,2298,C
3-PA,1299,2,0,0,2267,2269,C
3-PA,1300,7,0,1,2253,2261,C
3-PA,1301,0,0,0,2251,2251,C
3-PA,1302,2253,1,1,0,2255,A
3-PA,1303,2352,0,1,0,2353,A
3-PA,1304,0,2331,0,0,2331,T
3-PA,1305,0,2324,0,2,2326,T
3-PA,1306,0,5,2317,1,2323,G
3-PA,1307,2275,1,3,0,2279,A
3-PA,1308,0,0,2284,0,2284,G
3-PA,1309,0,2,0,2281,2283,C
3-PA,1310,2269,1,0,0,2270,A
3-PA,1311,0,0,0,2325,2325,C
3-PA,1312,2268,2,1,0,2271,A
3-PA,1313,1,2321,0,0,2322,T
3-PA,1314,0,2319,0,1,2320,T
3-PA,1315,0,0,2324,0,2324,G
3-PA,1316,0,0,0,2314,2314,C
3-PA,1317,2315,0,2,0,2317,A
3-PA,1318,2321,0,2,0,2323,A
3-PA,1319,0,1,2324,0,2325,G
3-PA,1320,0,0,0,2295,2295,C
3-PA,1321,2293,0,0,0,2293,A
3-PA,1322,0,2244,0,1,2245,T
3-PA,1323,0,4,2245,0,2249,G
3-PA,1324,2241,1,0,0,2242,A
3-PA,1325,0,1,2248,0,2249,G
3-PA,1326,2253,0,1,0,2254,A
3-PA,1327,2243,0,0,0,2243,A
3-PA,1328,0,5,2240,0,2245,G
3-PA,1329,0,2,2240,0,2242,G
3-PA,1330,2251,0,1,0,2252,A
3-PA,1331,2249,1,0,0,2250,A
3-PA,1332,0,2247,0,1,2248,T
3-PA,1333,0,2254,0,0,2254,T
3-PA,1334,2258,0,0,0,2258,A
3-PA,1335,0,2267,0,0,2267,T
3-PA,1336,1,2266,0,0,2267,T
3-PA,1337,0,2261,0,0,2261,T
3-PA,1338,3,0,1,2242,2246,C
3-PA,1339,2237,0,1,0,2238,A
3-PA,1340,0,0,0,2284,2284,C
3-PA,1341,2274,0,0,0,2274,A
3-PA,1342,0,0,2300,0,2300,G
3-PA,1343,1,0,0,2288,2289,C
3-PA,1344,2289,0,0,0,2289,A
3-PA,1345,0,2,2298,0,2300,G
3-PA,1346,2284,0,7,0,2291,A
3-PA,1347,0,4,2302,0,2306,G
3-PA,1348,0,0,2310,0,2310,G
3-PA,1349,0,2242,1,1,2244,T
3-PA,1350,2,0,2289,0,2291,G
3-PA,1351,0,2265,0,3,2268,T
3-PA,1352,1,0,0,2265,2266,C
3-PA,1353,3,0,0,2288,2291,C
3-PA,1354,8,0,0,2266,2274,C
3-PA,1355,2289,1,0,0,2290,A
3-PA,1356,0,2306,0,3,2309,T
3-PA,1357,0,2302,0,1,2303,T
3-PA,1358,0,0,2317,0,2317,G
3-PA,1359,0,2282,0,0,2282,T
3-PA,1360,2254,0,4,0,2258,A
3-PA,1361,1,2,2254,0,2257,G
3-PA,1362,2196,0,0,0,2196,A
3-PA,1363,1,0,2208,0,2209,G
3-PA,1364,0,1,0,2169,2170,C
3-PA,1365,3,0,0,2147,2150,C
3-PA,1366,2188,0,0,0,2188,A
3-PA,1367,0,0,0,2181,2181,C
3-PA,1368,0,2170,0,0,2170,T
3-PA,1369,0,1,2177,0,2178,G
3-PA,1370,2171,0,2,0,2173,A
3-PA,1371,2132,0,2,0,2134,A
3-PA,1372,0,2193,0,2,2195,T
3-PA,1373,2207,0,0,0,2207,A
3-PA,1374,2,0,0,2217,2219,C
3-PA,1375,2165,0,0,0,2165,A
3-PA,1376,0,2173,0,1,2174,T
3-PA,1377,2167,0,0,0,2167,A
3-PA,1378,2176,0,0,0,2176,A
3-PA,1379,1,2172,0,0,2173,T
3-PA,1380,0,1,2145,0,2146,G
3-PA,1381,2137,1,0,0,2138,A
3-PA,1382,2094,0,0,0,2094,A
3-PA,1383,0,8,2093,0,2101,G
3-PA,1384,0,8,2084,0,2092,G
3-PA,1385,0,4,2112,0,2116,G
3-PA,1386,3,6,2109,0,2118,G
3-PA,1387,0,0,2133,0,2133,G
3-PA,1388,1,2096,0,1,2098,T
3-PA,1389,2106,0,1,0,2107,A
3-PA,1390,0,2116,1,0,2117,T
3-PA,1391,2185,0,0,0,2185,A
3-PA,1392,0,1,0,2328,2329,C
3-PA,1393,2271,0,1,0,2272,A
3-PA,1394,0,2218,0,1,2219,T
3-PA,1395,1,2195,0,1,2197,T
3-PA,1396,2172,0,0,0,2172,A
3-PA,1397,2220,0,0,0,2220,A
3-PA,1398,0,1,0,2215,2216,C
3-PA,1399,2161,0,7,0,2168,A
3-PA,1400,0,0,0,2174,2174,C
3-PA,1401,0,1944,0,0,1944,T
3-PA,1402,1,0,2000,0,2001,G
3-PA,1403,1,1,0,1987,1989,C
3-PA,1404,6,1,0,1985,1992,C
3-PA,1405,7,1,0,1997,2005,C
3-PA,1406,0,1938,0,2,1940,T
3-PA,1407,1,1,2013,0,2015,G
3-PA,1408,0,0,0,2017,2017,C
3-PA,1409,0,2012,0,2,2014,T
3-PA,1410,10,1,0,2049,2060,C
3-PA,1411,1964,0,1,0,1965,A
3-PA,1412,1982,0,1,0,1983,A
3-PA,1413,0,1980,0,1,1981,T
3-PA,1414,0,0,1983,0,1983,G
3-PA,1415,0,0,0,1967,1967,C
3-PA,1416,1915,0,2,0,1917,A
3-PA,1417,0,1904,0,1,1905,T
3-PA,1418,0,0,0,1908,1908,C
3-PA,1419,1,0,0,1935,1936,C
3-PA,1420,0,1856,0,1,1857,T
3-PA,1421,0,1,1895,0,1896,G
3-PA,1422,0,1882,0,0,1882,T
3-PA,1423,0,0,1889,0,1889,G
3-PA,1424,0,1,0,1885,1886,C
3-PA,1425,1844,0,1,0,1845,A
3-PA,1426,0,2,1859,0,1861,G
3-PA,1427,0,1,1,1863,1865,C
3-PA,1428,1828,0,0,0,1828,A
3-PA,1429,1829,0,0,0,1829,A
3-PA,1430,0,1749,0,3,1752,T
3-PA,1431,0,3,1760,0,1763,G
3-PA,1432,0,2,1759,0,1761,G
3-PA,1433,1766,0,1,0,1767,A
3-PA,1434,0,1,0,1764,1765,C
3-PA,1435,0,1,1742,0,1743,G
3-PA,1436,1762,0,0,0,1762,A
3-PA,1437,0,1754,0,0,1754,T
3-PA,1438,0,1752,1,0,1753,T
3-PA,1439,0,1749,0,0,1749,T
3-PA,1440,0,1749,0,0,1749,T
3-PA,1441,3,1,1,1751,1756,C
3-PA,1442,1754,0,2,0,1756,A
3-PA,1443,1760,0,1,0,1761,A
3-PA,1444,0,1,0,1756,1757,C
3-PA,1445,0,1728,0,0,1728,T
3-PA,1446,1731,0,0,0,1731,A
3-PA,1447,1727,0,0,0,1727,A
3-PA,1448,0,1722,0,0,1722,T
3-PA,1449,0,1688,0,26,1714,T
3-PA,1450,4,0,0,1722,1726,C
3-PA,1451,2,0,0,1709,1711,C
3-PA,1452,4,0,0,1709,1713,C
3-PA,1453,1708,0,1,0,1709,A
3-PA,1454,0,1725,0,0,1725,T
3-PA,1455,0,0,1734,0,1734,G
3-PA,1456,1726,2,1,0,1729,A
3-PA,1457,1,1724,0,0,1725,T
3-PA,1458,1715,0,0,0,1715,A
3-PA,1459,1722,0,0,0,1722,A
3-PA,1460,0,0,1724,0,1724,G
3-PA,1461,1,1,0,1717,1719,C
3-PA,1462,1720,1,0,0,1721,A
3-PA,1463,1672,0,0,0,1672,A
3-PA,1464,0,0,1719,0,1719,G
3-PA,1465,0,1708,0,1,1709,T
3-PA,1466,1,1,1700,0,1702,G
3-PA,1467,1,1,0,1703,1705,C
3-PA,1468,1683,0,1,0,1684,A
3-PA,1469,0,3,1711,0,1714,G
3-PA,1470,1706,0,0,0,1706,A
3-PA,1471,1728,0,0,0,1728,A
3-PA,1472,1,0,0,1731,1732,C
3-PA,1473,1,1681,0,1,1683,T
3-PA,1474,1692,0,1,0,1693,A
3-PA,1475,1693,0,0,0,1693,A
3-PA,1476,1689,0,0,0,1689,A
3-PA,1477,0,2,1696,0,1698,G
3-PA,1478,1624,0,3,0,1627,A
3-PA,1479,0,3,1618,0,1621,G
3-PA,1480,0,1,1580,0,1581,G
3-PA,1481,2,1,1576,0,1579,G
3-PA,1482,1566,1,2,0,1569,A
3-PA,1483,1538,0,1,0,1539,A
3-PA,1484,0,2,1530,0,1532,G
3-PA,1485,0,1,1534,0,1535,G
3-PA,1486,0,0,0,1528,1528,C
3-PA,1487,2,0,1526,0,1528,G
3-PA,1488,1522,0,0,0,1522,A
3-PA,1489,1524,0,1,0,1525,A
3-PA,1490,1523,0,0,0,1523,A
3-PA,1491,1523,0,1,0,1524,A
3-PA,1492,1524,0,0,0,1524,A
3-PA,1493,0,0,0,1521,1521,C
3-PA,1494,2,0,0,1513,1515,C
3-PA,1495,1511,0,0,0,1511,A
3-PA,1496,1522,1,1,0,1524,A
3-PA,1497,0,1519,0,0,1519,T
3-PA,1498,0,1522,0,0,1522,T
3-PA,1499,0,1530,0,0,1530,T
3-PA,1500,1541,0,0,0,1541,A
3-PA,1501,1,1531,0,0,1532,T
3-PA,1502,1530,1,4,0,1535,A
3-PA,1503,0,1517,1,2,1520,T
3-PA,1504,0,3,1495,0,1498,G
3-PA,1505,1,3,1487,0,1491,G
3-PA,1506,1486,0,0,0,1486,A
3-PA,1507,0,1477,0,0,1477,T
3-PA,1508,0,1455,0,0,1455,T
3-PA,1509,2,0,0,1446,1448,C
3-PA,1510,1453,0,1,1,1455,A
3-PA,1511,0,1467,0,1,1468,T
3-PA,1512,2,0,0,1470,1472,C
3-PA,1513,1467,0,1,0,1468,A
3-PA,1514,0,1447,0,0,1447,T
3-PA,1515,1437,0,0,0,1437,A
3-PA,1516,1439,1,0,0,1440,A
3-PA,1517,1440,0,1,0,1441,A
3-PA,1518,1,2,1435,0,1438,G
3-PA,1519,0,2,1410,0,1412,G
3-PA,1520,0,0,1392,0,1392,G
3-PA,1521,1382,0,0,0,1382,A
3-PA,1522,1367,0,5,0,1372,A
3-PA,1523,0,2,1376,0,1378,G
3-PA,1524,1368,0,1,0,1369,A
3-PA,1525,0,1362,0,1,1363,T
3-PA,1526,1,0,0,1362,1363,C
3-PA,1527,0,1329,0,1,1330,T
3-PA,1528,5,2,0,1344,1351,C
3-PA,1529,1349,0,0,0,1349,A
3-PA,1530,0,1342,0,0,1342,T
3-PA,1531,0,1346,0,2,1348,T
3-PA,1532,0,1327,0,0,1327,T
3-PA,1533,1315,0,0,0,1315,A
3-PA,1534,1312,0,1,0,1313,A
3-PA,1535,0,1,1311,0,1312,G
3-PA,1536,0,1,1320,0,1321,G
3-PA,1537,1240,0,1,0,1241,A
3-PA,1538,1243,0,0,0,1243,A
3-PA,1539,0,1234,2,1,1237,T
3-PA,1540,0,2,1248,0,1250,G
3-PA,1541,1271,1,0,1,1273,A
3-PA,1542,0,0,0,1273,1273,C
3-PA,1543,1271,0,0,0,1271,A
3-PA,1544,0,0,0,1267,1267,C
3-PA,1545,1223,0,0,0,1223,A
3-PA,1546,0,0,1233,0,1233,G
3-PA,1547,1212,0,0,0,1212,A
3-PA,1548,0,0,0,1192,1192,C
3-PA,1549,0,0,1183,0,1183,G
3-PA,1550,0,1070,0,1,1071,T
3-PA,1551,0,2,1076,0,1078,G
3-PA,1552,1,0,1081,0,1082,G
3-PA,1553,0,1081,0,0,1081,T
3-PA,1554,1079,0,0,0,1079,A
3-PA,1555,1040,0,0,0,1040,A
3-PA,1556,1046,0,0,0,1046,A
3-PA,1557,0,1043,0,0,1043,T
3-PA,1558,0,1024,0,0,1024,T
3-PA,1559,0,1025,0,0,1025,T
3-PA,1560,0,1015,0,0,1015,T
3-PA,1561,0,1,1014,0,1015,G
3-PA,1562,0,989,0,0,989,T
3-PA,1563,0,2,988,0,990,G
3-PA,1564,1001,0,0,1,1002,A
3-PA,1565,0,0,995,0,995,G
3-PA,1566,1,0,0,991,992,C
3-PA,1567,994,0,0,0,994,A
3-PA,1568,0,991,0,1,992,T
3-PA,1569,0,2,994,0,996,G
3-PA,1570,0,2,1000,0,1002,G
3-PA,1571,1006,0,0,0,1006,A
3-PA,1572,0,0,1005,1,1006,G
3-PA,1573,0,982,0,1,983,T
3-PA,1574,0,964,0,0,964,T
3-PA,1575,0,967,0,0,967,T
3-PA,1576,0,962,0,0,962,T
3-PA,1577,2,0,0,963,965,C
3-PA,1578,1,958,0,0,959,T
3-PA,1579,3,0,0,957,960,C
3-PA,1580,1,922,0,2,925,T
3-PA,1581,2,0,0,918,920,C
3-PA,1582,919,0,0,0,919,A
3-PA,1583,0,0,0,915,915,C
3-PA,1584,0,886,0,1,887,T
3-PA,1585,0,6,888,0,894,G
3-PA,1586,892,0,0,0,892,A
3-PA,1587,0,0,0,888,888,C
3-PA,1588,0,0,0,889,889,C
3-PA,1589,7,0,0,874,881,C
3-PA,1590,2,4,865,0,871,G
3-PA,1591,864,0,0,0,864,A
3-PA,1592,0,2,868,0,870,G
3-PA,1593,867,0,2,0,869,A
3-PA,1594,0,0,0,856,856,C
3-PA,1595,0,834,0,1,835,T
3-PA,1596,0,788,0,0,788,T
3-PA,1597,0,1,783,1,785,G
3-PA,1598,782,0,1,0,783,A
3-PA,1599,0,0,789,0,789,G
3-PA,1600,0,0,0,786,786,C
3-PA,1601,3,0,0,748,751,C
3-PA,1602,751,0,0,0,751,A
3-PA,1603,0,1,0,748,749,C
3-PA,1604,748,0,0,0,748,A
3-PA,1605,0,747,0,0,747,T
3-PA,1606,740,0,0,0,740,A
3-PA,1607,736,0,0,0,736,A
3-PA,1608,732,0,0,0,732,A
3-PA,1609,0,728,0,0,728,T
3-PA,1610,0,1,726,0,727,G
3-PA,1611,0,1,646,0,647,G
3-PA,1612,0,0,640,0,640,G
3-PA,1613,631,0,0,0,631,A
3-PA,1614,0,0,621,0,621,G
3-PA,1615,612,0,0,0,612,A
3-PA,1616,608,0,0,0,608,A
3-PA,1617,607,0,0,0,607,A
3-PA,1618,0,602,0,0,602,T
3-PA,1619,593,0,0,0,593,A
3-PA,1620,3,0,0,585,588,C
3-PA,1621,1,309,0,1,311,T
3-PA,1622,0,0,309,0,309,G
3-PA,1623,0,172,0,0,172,T
3-PA,1624,0,0,172,0,172,G
3-PA,1625,0,151,0,0,151,T
3-PA,1626,0,0,0,102,102,C
3-PA,1627,0,0,0,88,88,C
3-PA,1628,0,75,0,0,75,T
3-PA,1629,0,77,0,0,77,T
3-PA,1630,0,0,76,0,76,G
3-PA,1631,77,0,0,0,77,A
3-PA,1632,0,0,76,0,76,G
3-PA,1633,70,0,0,0,70,A
3-PA,1634,0,71,0,0,71,T
3-PA,1635,70,0,0,0,70,A
3-PA,1636,0,0,70,0,70,G
3-PA,1637,0,0,70,0,70,G
3-PA,1638,69,0,0,0,69,A
3-PA,1639,0,0,69,0,69,G
3-PA,1640,67,0,0,0,67,A
3-PA,1641,0,68,0,0,68,T
3-PA,1642,68,0,0,0,68,A
3-PA,1643,0,68,0,0,68,T
3-PA,1644,0,0,68,0,68,G
3-PA,1645,0,67,0,0,67,T
3-PA,1646,0,67,0,0,67,T
3-PA,1647,67,0,0,0,67,A
3-PA,1648,0,0,0,67,67,C
3-PA,1649,0,67,0,0,67,T
3-PA,1650,67,0,0,0,67,A
3-PA,1651,65,0,0,0,65,A
3-PA,1652,0,0,66,0,66,G
3-PA,1653,66,0,0,0,66,A
3-PA,1654,65,0,0,0,65,A
3-PA,1655,0,0,65,0,65,G
3-PA,1656,0,64,0,0,64,T
3-PA,1657,0,0,64,0,64,G
3-PA,1658,0,0,0,66,66,C
3-PA,1659,1,0,0,65,66,C
3-PA,1660,66,0,0,0,66,A
3-PA,1661,0,66,0,0,66,T
3-PA,1662,66,0,0,0,66,A
3-PA,1663,0,0,65,0,65,G
3-PA,1664,0,0,65,0,65,G
3-PA,1665,0,0,0,63,63,C
3-PA,1666,0,0,0,62,62,C
3-PA,1667,63,0,0,0,63,A
3-PA,1668,63,0,0,0,63,A
3-PA,1669,63,0,0,0,63,A
3-PA,1670,0,63,0,0,63,T
3-PA,1671,0,63,0,0,63,T
3-PA,1672,0,62,0,0,62,T
3-PA,1673,0,0,0,63,63,C
3-PA,1674,55,0,0,0,55,A
3-PA,1675,56,0,0,0,56,A
3-PA,1676,0,0,58,0,58,G
3-PA,1677,0,0,57,0,57,G
3-PA,1678,0,0,0,54,54,C
3-PA,1679,0,0,0,53,53,C
3-PA,1680,53,0,0,0,53,A
3-PA,1681,57,0,0,0,57,A
3-PA,1682,0,57,0,0,57,T
3-PA,1683,0,0,60,0,60,G
3-PA,1684,0,61,0,0,61,T
3-PA,1685,0,63,0,0,63,T
3-PA,1686,0,0,0,65,65,C
3-PA,1687,0,65,0,0,65,T
3-PA,1688,0,65,0,0,65,T
3-PA,1689,8,0,58,0,66,G
3-PA,1690,0,65,0,0,65,T
3-PA,1691,65,0,0,0,65,A
3-PA,1692,0,63,0,0,63,T
3-PA,1693,0,0,63,0,63,G
3-PA,1694,0,61,0,0,61,T
3-PA,1695,0,0,60,0,60,G
3-PA,1696,58,0,0,0,58,A
3-PA,1697,0,0,58,0,58,G
3-PA,1698,0,0,58,0,58,G
3-PA,1699,58,0,0,0,58,A
3-PA,1700,0,0,0,58,58,C
3-PA,1701,58,0,0,0,58,A
3-PA,1702,58,0,0,0,58,A
3-PA,1703,58,0,0,0,58,A
3-PA,1704,0,0,0,58,58,C
3-PA,1705,0,0,58,0,58,G
3-PA,1706,0,0,59,0,59,G
3-PA,1707,57,0,0,0,57,A
3-PA,1708,58,0,0,0,58,A
3-PA,1709,0,0,0,59,59,C
3-PA,1710,59,0,0,0,59,A
3-PA,1711,0,59,0,0,59,T
3-PA,1712,0,0,0,58,58,C
3-PA,1713,59,0,0,0,59,A
3-PA,1714,59,0,0,0,59,A
3-PA,1715,58,0,0,0,58,A
3-PA,1716,0,0,59,0,59,G
3-PA,1717,0,0,58,0,58,G
3-PA,1718,0,59,0,0,59,T
3-PA,1719,0,0,0,59,59,C
3-PA,1720,58,0,0,0,58,A
3-PA,1721,58,0,0,0,58,A
3-PA,1722,58,0,0,0,58,A
3-PA,1723,58,0,0,0,58,A
3-PA,1724,0,58,0,0,58,T
3-PA,1725,0,0,58,0,58,G
3-PA,1726,58,0,0,0,58,A
3-PA,1727,58,0,0,0,58,A
3-PA,1728,58,0,0,0,58,A
3-PA,1729,0,58,0,0,58,T
3-PA,1730,0,0,58,0,58,G
3-PA,1731,0,0,58,0,58,G
3-PA,1732,0,0,58,0,58,G
3-PA,1733,0,0,59,0,59,G
3-PA,1734,57,0,0,0,57,A
3-PA,1735,58,0,0,0,58,A
3-PA,1736,0,58,0,0,58,T
3-PA,1737,0,0,58,0,58,G
3-PA,1738,0,0,58,0,58,G
3-PA,1739,58,0,0,0,58,A
3-PA,1740,0,0,59,0,59,G
3-PA,1741,59,0,0,0,59,A
3-PA,1742,0,59,0,0,59,T
3-PA,1743,0,0,59,0,59,G
3-PA,1744,58,0,0,0,58,A
3-PA,1745,0,0,58,0,58,G
3-PA,1746,58,0,0,0,58,A
3-PA,1747,0,0,0,59,59,C
3-PA,1748,0,0,59,0,59,G
3-PA,1749,0,59,0,0,59,T
3-PA,1750,0,59,0,0,59,T
3-PA,1751,0,0,58,0,58,G
3-PA,1752,0,0,0,57,57,C
3-PA,1753,0,0,0,59,59,C
3-PA,1754,0,57,0,0,57,T
3-PA,1755,0,0,0,57,57,C
3-PA,1756,2,0,0,58,60,C
3-PA,1757,0,61,0,0,61,T
3-PA,1758,0,61,0,0,61,T
3-PA,1759,0,0,0,61,61,C
3-PA,1760,61,0,0,0,61,A
3-PA,1761,0,0,62,0,62,G
3-PA,1762,0,62,0,0,62,T
3-PA,1763,0,0,0,62,62,C
3-PA,1764,60,0,0,0,60,A
3-PA,1765,0,0,0,63,63,C
3-PA,1766,0,64,0,0,64,T
3-PA,1767,1,0,0,64,65,C
3-PA,1768,0,0,0,65,65,C
3-PA,1769,65,0,0,0,65,A
3-PA,1770,1,0,64,0,65,G
3-PA,1771,0,0,0,64,64,C
3-PA,1772,64,0,0,0,64,A
3-PA,1773,1,0,63,0,64,G
3-PA,1774,63,0,0,0,63,A
3-PA,1775,0,62,0,0,62,T
3-PA,1776,1,0,0,62,63,C
3-PA,1777,0,0,63,0,63,G
3-PA,1778,63,0,0,0,63,A
3-PA,1779,0,0,62,0,62,G
3-PA,1780,61,0,0,0,61,A
3-PA,1781,0,0,62,0,62,G
3-PA,1782,0,0,0,62,62,C
3-PA,1783,61,0,0,0,61,A
3-PA,1784,0,61,0,0,61,T
3-PA,1785,0,0,61,0,61,G
3-PA,1786,60,0,1,0,61,A
3-PA,1787,0,61,0,0,61,T
3-PA,1788,0,61,0,0,61,T
3-PA,1789,0,0,61,0,61,G
3-PA,1790,60,0,0,0,60,A
3-PA,1791,61,0,0,0,61,A
3-PA,1792,0,0,61,0,61,G
3-PA,1793,0,0,0,62,62,C
3-PA,1794,0,1,0,61,62,C
3-PA,1795,0,0,62,0,62,G
3-PA,1796,62,0,0,0,62,A
3-PA,1797,0,0,63,0,63,G
3-PA,1798,0,63,0,0,63,T
3-PA,1799,0,0,0,63,63,C
3-PA,1800,0,0,0,61,61,C
3-PA,1801,0,63,0,0,63,T
3-PA,1802,0,0,0,64,64,C
3-PA,1803,0,1,62,0,63,G
3-PA,1804,0,0,64,0,64,G
3-PA,1805,0,64,0,0,64,T
3-PA,1806,0,63,0,1,64,T
3-PA,1807,65,0,0,0,65,A
3-PA,1808,65,0,0,0,65,A
3-PA,1809,65,0,0,0,65,A
3-PA,1810,0,0,65,0,65,G
3-PA,1811,66,0,0,0,66,A
3-PA,1812,0,0,67,0,67,G
3-PA,1813,65,0,0,0,65,A
3-PA,1814,63,0,1,0,64,A
3-PA,1815,66,0,0,0,66,A
3-PA,1816,0,0,66,0,66,G
3-PA,1817,65,0,0,0,65,A
3-PA,1818,0,0,0,64,64,C
3-PA,1819,61,0,0,0,61,A
3-PA,1820,0,59,0,0,59,T
3-PA,1821,0,1,59,0,60,G
3-PA,1822,62,0,0,0,62,A
3-PA,1823,0,0,0,61,61,C
3-PA,1824,1,0,0,60,61,C
3-PA,1825,62,0,0,0,62,A
3-PA,1826,61,0,0,0,61,A
3-PA,1827,60,0,1,0,61,A
3-PA,1828,0,0,63,0,63,G
3-PA,1829,63,0,0,0,63,A
3-PA,1830,0,0,63,0,63,G
3-PA,1831,0,61,0,0,61,T
3-PA,1832,0,62,0,0,62,T
3-PA,1833,0,63,0,0,63,T
3-PA,1834,0,63,0,0,63,T
3-PA,1835,0,63,0,0,63,T
3-PA,1836,0,63,0,0,63,T
3-PA,1837,0,0,64,0,64,G
3-PA,1838,63,0,0,0,63,A
3-PA,1839,0,0,64,0,64,G
3-PA,1840,63,0,1,0,64,A
3-PA,1841,64,0,0,0,64,A
3-PA,1842,0,64,0,0,64,T
3-PA,1843,65,0,0,0,65,A
3-PA,1844,65,0,0,0,65,A
3-PA,1845,64,0,0,0,64,A
3-PA,1846,0,65,0,0,65,T
3-PA,1847,0,0,0,65,65,C
3-PA,1848,65,0,0,0,65,A
3-PA,1849,0,0,65,0,65,G
3-PA,1850,62,0,0,0,62,A
3-PA,1851,64,0,0,0,64,A
3-PA,1852,1,0,64,0,65,G
3-PA,1853,0,0,0,62,62,C
3-PA,1854,62,0,0,0,62,A
3-PA,1855,0,61,0,0,61,T
3-PA,1856,0,0,61,0,61,G
3-PA,1857,0,0,61,0,61,G
3-PA,1858,0,0,0,61,61,C
3-PA,1859,0,0,0,61,61,C
3-PA,1860,1,0,0,60,61,C
3-PA,1861,59,0,0,0,59,A
3-PA,1862,0,59,0,0,59,T
3-PA,1863,0,60,0,0,60,T
3-PA,1864,0,0,60,0,60,G
3-PA,1865,0,1,59,0,60,G
3-PA,1866,5,0,54,0,59,G
3-PA,1867,0,0,59,0,59,G
3-PA,1868,57,0,0,0,57,A
3-PA,1869,0,0,59,0,59,G
3-PA,1870,0,57,0,1,58,T
3-PA,1871,0,0,0,61,61,C
3-PA,1872,1,0,0,63,64,C
3-PA,1873,0,0,0,63,63,C
3-PA,1874,0,0,0,62,62,C
3-PA,1875,1,0,0,59,60,C
3-PA,1876,62,0,0,0,62,A
3-PA,1877,62,0,0,0,62,A
3-PA,1878,1,1,60,0,62,G
3-PA,1879,0,0,58,0,58,G
3-PA,1880,0,1,61,0,62,G
3-PA,1881,53,0,0,0,53,A
3-PA,1882,0,0,54,0,54,G
3-PA,1883,0,54,0,0,54,T
3-PA,1884,0,0,54,0,54,G
3-PA,1885,1,0,53,0,54,G
3-PA,1886,53,0,0,0,53,A
3-PA,1887,54,0,0,0,54,A
3-PA,1888,0,0,53,0,53,G
3-PA,1889,54,0,0,0,54,A
3-PA,1890,54,0,0,0,54,A
3-PA,1891,0,0,53,0,53,G
3-PA,1892,0,0,54,0,54,G
3-PA,1893,0,53,0,0,53,T
3-PA,1894,0,52,0,0,52,T
3-PA,1895,0,0,0,54,54,C
3-PA,1896,0,0,0,53,53,C
3-PA,1897,55,0,0,0,55,A
3-PA,1898,0,55,0,0,55,T
3-PA,1899,0,54,0,0,54,T
3-PA,1900,0,0,54,0,54,G
3-PA,1901,0,0,54,0,54,G
3-PA,1902,0,0,54,0,54,G
3-PA,1903,54,0,0,0,54,A
3-PA,1904,54,0,0,0,54,A
3-PA,1905,55,0,0,0,55,A
3-PA,1906,0,0,58,0,58,G
3-PA,1907,0,57,0,0,57,T
3-PA,1908,1,0,0,58,59,C
3-PA,1909,0,58,0,0,58,T
3-PA,1910,0,0,58,0,58,G
3-PA,1911,0,57,0,1,58,T
3-PA,1912,58,0,0,0,58,A
3-PA,1913,0,0,59,0,59,G
3-PA,1914,0,0,58,0,58,G
3-PA,1915,58,0,0,0,58,A
3-PA,1916,0,0,0,58,58,C
3-PA,1917,1,56,0,0,57,T
3-PA,1918,0,0,0,59,59,C
3-PA,1919,0,60,0,1,61,T
3-PA,1920,60,0,1,0,61,A
3-PA,1921,0,60,0,0,60,T
3-PA,1922,0,61,0,0,61,T
3-PA,1923,0,0,62,0,62,G
3-PA,1924,0,0,60,0,60,G
3-PA,1925,0,0,0,61,61,C
3-PA,1926,0,61,0,0,61,T
3-PA,1927,57,0,0,0,57,A
3-PA,1928,58,0,0,0,58,A
3-PA,1929,0,0,58,0,58,G
3-PA,1930,0,59,0,1,60,T
3-PA,1931,0,0,0,59,59,C
3-PA,1932,59,0,0,0,59,A
3-PA,1933,0,0,63,0,63,G
3-PA,1934,0,63,0,0,63,T
3-PA,1935,64,0,0,0,64,A
3-PA,1936,0,65,0,0,65,T
3-PA,1937,0,67,0,0,67,T
3-PA,1938,0,0,0,67,67,C
3-PA,1939,66,0,0,0,66,A
3-PA,1940,66,0,0,0,66,A
3-PA,1941,0,66,0,0,66,T
3-PA,1942,66,0,0,0,66,A
3-PA,1943,0,0,66,0,66,G
3-PA,1944,0,0,0,65,65,C
3-PA,1945,0,0,0,65,65,C
3-PA,1946,0,64,0,0,64,T
3-PA,1947,0,0,64,0,64,G
3-PA,1948,0,65,0,0,65,T
3-PA,1949,65,0,0,0,65,A
3-PA,1950,0,65,0,0,65,T
3-PA,1951,0,0,65,0,65,G
3-PA,1952,0,0,0,63,63,C
3-PA,1953,62,0,0,0,62,A
3-PA,1954,0,61,0,0,61,T
3-PA,1955,0,0,0,62,62,C
3-PA,1956,59,1,0,0,60,A
3-PA,1957,0,0,0,61,61,C
3-PA,1958,1,0,0,60,61,C
3-PA,1959,61,0,0,0,61,A
3-PA,1960,0,0,0,61,61,C
3-PA,1961,61,0,0,0,61,A
3-PA,1962,61,0,0,0,61,A
3-PA,1963,0,59,0,0,59,T
3-PA,1964,0,60,0,0,60,T
3-PA,1965,1,0,59,0,60,G
3-PA,1966,0,0,58,0,58,G
3-PA,1967,58,0,0,0,58,A
3-PA,1968,58,0,0,0,58,A
3-PA,1969,0,1,56,0,57,G
3-PA,1970,0,0,57,0,57,G
3-PA,1971,58,0,0,0,58,A
3-PA,1972,0,56,0,0,56,T
3-PA,1973,0,56,0,0,56,T
3-PA,1974,0,55,0,0,55,T
3-PA,1975,0,56,0,0,56,T
3-PA,1976,0,0,0,56,56,C
3-PA,1977,55,0,1,0,56,A
3-PA,1978,0,0,56,0,56,G
3-PA,1979,0,0,0,55,55,C
3-PA,1980,0,1,53,0,54,G
3-PA,1981,0,0,53,0,53,G
3-PA,1982,53,0,0,0,53,A
3-PA,1983,0,0,53,0,53,G
3-PA,1984,0,53,0,0,53,T
3-PA,1985,0,0,0,53,53,C
3-PA,1986,52,0,1,0,53,A
3-PA,1987,53,0,0,0,53,A
3-PA,1988,0,0,53,0,53,G
3-PA,1989,53,0,0,0,53,A
3-PA,1990,55,0,0,0,55,A
3-PA,1991,54,0,1,0,55,A
3-PA,1992,53,0,1,0,54,A
3-PA,1993,0,1,0,53,54,C
3-PA,1994,0,52,0,0,52,T
3-PA,1995,0,0,52,0,52,G
3-PA,1996,1,0,0,50,51,C
3-PA,1997,0,51,0,0,51,T
3-PA,1998,0,0,0,51,51,C
3-PA,1999,0,0,0,51,51,C
3-PA,2000,0,49,0,0,49,T
3-PA,2001,0,48,0,1,49,T
3-PA,2002,5,0,44,0,49,G
3-PA,2003,0,49,0,0,49,T
3-PA,2004,0,47,0,0,47,T
3-PA,2005,0,0,47,0,47,G
3-PA,2006,0,46,0,0,46,T
3-PA,2007,0,44,0,0,44,T
3-PA,2008,0,0,0,44,44,C
3-PA,2009,44,0,0,0,44,A
3-PA,2010,0,0,45,0,45,G
3-PA,2011,1,0,44,0,45,G
3-PA,2012,0,0,0,45,45,C
3-PA,2013,0,46,0,0,46,T
3-PA,2014,0,0,0,49,49,C
3-PA,2015,0,49,0,0,49,T
3-PA,2016,0,49,0,0,49,T
3-PA,2017,51,0,0,0,51,A
3-PA,2018,0,0,50,0,50,G
3-PA,2019,0,0,50,0,50,G
3-PA,2020,0,0,49,0,49,G
3-PA,2021,49,0,0,0,49,A
3-PA,2022,0,0,0,49,49,C
3-PA,2023,47,0,0,0,47,A
3-PA,2024,48,0,0,0,48,A
3-PA,2025,0,0,0,50,50,C
3-PA,2026,0,0,0,49,49,C
3-PA,2027,0,49,0,0,49,T
3-PA,2028,0,0,0,49,49,C
3-PA,2029,0,0,49,0,49,G
3-PA,2030,49,0,0,0,49,A
3-PA,2031,48,0,0,0,48,A
3-PA,2032,0,0,0,49,49,C
3-PA,2033,0,0,0,47,47,C
3-PA,2034,0,46,0,0,46,T
3-PA,2035,0,0,46,0,46,G
3-PA,2036,0,0,47,0,47,G
3-PA,2037,0,0,47,0,47,G
3-PA,2038,47,0,0,0,47,A
3-PA,2039,0,0,0,50,50,C
3-PA,2040,0,0,0,50,50,C
3-PA,2041,0,49,0,0,49,T
3-PA,2042,0,50,0,0,50,T
3-PA,2043,0,50,0,0,50,T
3-PA,2044,0,0,50,0,50,G
3-PA,2045,49,0,0,0,49,A
3-PA,2046,0,49,0,0,49,T
3-PA,2047,0,0,0,49,49,C
3-PA,2048,0,48,0,0,48,T
3-PA,2049,0,48,0,0,48,T
3-PA,2050,0,0,48,0,48,G
3-PA,2051,0,0,47,0,47,G
3-PA,2052,0,0,47,0,47,G
3-PA,2053,0,0,49,0,49,G
3-PA,2054,0,0,47,0,47,G
3-PA,2055,0,0,49,0,49,G
3-PA,2056,0,0,0,49,49,C
3-PA,2057,0,48,0,0,48,T
3-PA,2058,51,0,0,0,51,A
3-PA,2059,0,51,0,0,51,T
3-PA,2060,51,0,0,0,51,A
3-PA,2061,0,49,0,0,49,T
3-PA,2062,0,0,47,0,47,G
3-PA,2063,49,0,0,0,49,A
3-PA,2064,49,0,0,0,49,A
3-PA,2065,0,0,49,0,49,G
3-PA,2066,0,0,0,49,49,C
3-PA,2067,46,0,0,0,46,A
3-PA,2068,47,0,0,0,47,A
3-PA,2069,0,47,0,0,47,T
3-PA,2070,0,47,0,0,47,T
3-PA,2071,0,0,47,0,47,G
3-PA,2072,46,0,0,0,46,A
3-PA,2073,0,0,47,0,47,G
3-PA,2074,0,0,47,0,47,G
3-PA,2075,46,0,0,0,46,A
3-PA,2076,0,0,48,0,48,G
3-PA,2077,0,47,0,0,47,T
3-PA,2078,0,0,47,0,47,G
3-PA,2079,0,0,0,47,47,C
3-PA,2080,1,0,0,45,46,C
3-PA,2081,0,48,0,0,48,T
3-PA,2082,0,0,49,0,49,G
3-PA,2083,49,0,0,0,49,A
3-PA,2084,0,50,0,0,50,T
3-PA,2085,0,49,0,0,49,T
3-PA,2086,49,0,0,0,49,A
3-PA,2087,50,0,0,0,50,A
3-PA,2088,0,50,0,0,50,T
3-PA,2089,0,0,50,0,50,G
3-PA,2090,50,0,0,0,50,A
3-PA,2091,0,49,0,0,49,T
3-PA,2092,0,0,0,47,47,C
3-PA,2093,0,0,0,49,49,C
3-PA,2094,0,0,0,49,49,C
3-PA,2095,0,49,0,0,49,T
3-PA,2096,0,1,48,0,49,G
3-PA,2097,0,0,49,0,49,G
3-PA,2098,0,0,49,0,49,G
3-PA,2099,0,49,0,0,49,T
3-PA,2100,0,45,0,0,45,T
3-PA,2101,0,45,0,0,45,T
3-PA,2102,0,45,0,0,45,T
3-PA,2103,0,0,45,0,45,G
3-PA,2104,0,0,0,45,45,C
3-PA,2105,0,44,0,0,44,T
3-PA,2106,0,0,0,45,45,C
3-PA,2107,42,0,0,0,42,A
3-PA,2108,42,0,0,0,42,A
3-PA,2109,0,42,0,0,42,T
3-PA,2110,0,0,42,0,42,G
3-PA,2111,0,0,0,42,42,C
3-PA,2112,0,0,42,0,42,G
3-PA,2113,0,44,0,0,44,T
3-PA,2114,0,0,0,43,43,C
3-PA,2115,0,44,0,0,44,T
3-PA,2116,0,44,0,0,44,T
3-PA,2117,0,0,43,0,43,G
3-PA,2118,0,0,43,0,43,G
3-PA,2119,0,41,0,0,41,T
3-PA,2120,0,41,0,0,41,T
3-PA,2121,0,0,0,41,41,C
3-PA,2122,40,0,0,0,40,A
3-PA,2123,41,0,0,0,41,A
3-PA,2124,0,0,0,41,41,C
3-PA,2125,0,39,0,0,39,T
3-PA,2126,0,0,0,40,40,C
3-PA,2127,0,0,0,40,40,C
3-PA,2128,0,40,0,0,40,T
3-PA,2129,0,40,0,0,40,T
3-PA,2130,0,0,0,40,40,C
3-PA,2131,0,0,0,40,40,C
3-PA,2132,0,39,0,0,39,T
3-PA,2133,0,0,39,0,39,G
3-PA,2134,39,0,0,0,39,A
3-PA,2135,0,0,0,39,39,C
3-PA,2136,36,0,1,0,37,A
3-PA,2137,0,0,0,32,32,C
3-PA,2138,32,0,0,0,32,A
3-PA,2139,0,32,0,0,32,T
3-PA,2140,0,0,31,0,31,G
3-PA,2141,0,0,0,31,31,C
3-PA,2142,29,0,0,0,29,A
3-PA,2143,0,29,0,0,29,T
3-PA,2144,0,28,0,0,28,T
3-PA,2145,28,0,0,0,28,A
3-PA,2146,28,0,0,0,28,A
3-PA,2147,28,0,0,0,28,A
3-PA,2148,28,0,0,0,28,A
3-PA,2149,0,28,0,0,28,T
3-PA,2150,20,0,0,0,20,A
3-PA,2151,0,0,20,0,20,G
4-HA,1,121,0,0,0,121,A
4-HA,2,0,121,0,0,121,T
4-HA,3,0,0,123,0,123,G
4-HA,4,121,0,0,0,121,A
4-HA,5,128,0,0,0,128,A
4-HA,6,0,0,142,0,142,G
4-HA,7,142,0,0,0,142,A
4-HA,8,0,0,0,154,154,C
4-HA,9,0,155,0,0,155,T
4-HA,10,160,0,0,0,160,A
4-HA,11,0,165,0,0,165,T
4-HA,12,1,0,0,164,165,C
4-HA,13,165,0,0,0,165,A
4-HA,14,0,165,0,0,165,T
4-HA,15,0,167,0,0,167,T
4-HA,16,0,0,187,0,187,G
4-HA,17,0,0,0,188,188,C
4-HA,18,0,188,0,0,188,T
4-HA,19,0,189,0,0,189,T
4-HA,20,0,189,0,0,189,T
4-HA,21,0,0,203,0,203,G
4-HA,22,204,0,0,0,204,A
4-HA,23,0,0,210,0,210,G
4-HA,24,0,0,0,209,209,C
4-HA,25,0,209,0,1,210,T
4-HA,26,229,0,0,0,229,A
4-HA,27,0,0,0,230,230,C
4-HA,28,235,0,0,0,235,A
4-HA,29,0,249,0,0,249,T
4-HA,30,0,247,0,0,247,T
4-HA,31,0,0,0,254,254,C
4-HA,32,0,251,0,0,251,T
4-HA,33,259,0,0,0,259,A
4-HA,34,0,260,0,0,260,T
4-HA,35,0,0,260,0,260,G
4-HA,36,0,258,0,1,259,T
4-HA,37,1,0,0,258,259,C
4-HA,38,0,256,0,0,256,T
4-HA,39,0,0,255,0,255,G
4-HA,40,0,0,258,0,258,G
4-HA,41,0,255,0,0,255,T
4-HA,42,0,260,0,0,260,T
4-HA,43,0,260,0,0,260,T
4-HA,44,0,261,0,0,261,T
4-HA,45,1,0,0,260,261,C
4-HA,46,0,0,261,0,261,G
4-HA,47,0,0,0,267,267,C
4-HA,48,0,267,0,0,267,T
4-HA,49,1,0,0,267,268,C
4-HA,50,269,0,0,0,269,A
4-HA,51,269,0,0,0,269,A
4-HA,52,268,0,1,0,269,A
4-HA,53,268,0,0,0,268,A
4-HA,54,267,0,0,1,268,A
4-HA,55,1,0,0,270,271,C
4-HA,56,0,269,0,0,269,T
4-HA,57,0,269,0,0,269,T
4-HA,58,1,0,0,267,268,C
4-HA,59,0,0,0,268,268,C
4-HA,60,0,267,0,0,267,T
4-HA,61,0,1,270,0,271,G
4-HA,62,0,0,270,0,270,G
4-HA,63,271,0,0,0,271,A
4-HA,64,277,0,0,0,277,A
4-HA,65,278,0,0,0,278,A
4-HA,66,0,280,0,0,280,T
4-HA,67,0,1,282,0,283,G
4-HA,68,282,0,0,0,282,A
4-HA,69,0,0,0,287,287,C
4-HA,70,287,0,0,0,287,A
4-HA,71,287,0,0,0,287,A
4-HA,72,0,0,0,294,294,C
4-HA,73,291,0,0,0,291,A
4-HA,74,0,0,294,0,294,G
4-HA,75,0,0,0,295,295,C
4-HA,76,292,0,2,0,294,A
4-HA,77,0,0,0,306,306,C
4-HA,78,0,0,303,0,303,G
4-HA,79,0,0,305,0,305,G
4-HA,80,1,1,0,305,307,C
4-HA,81,301,0,0,0,301,A
4-HA,82,308,0,1,0,309,A
4-HA,83,0,1,0,313,314,C
4-HA,84,0,0,315,0,315,G
4-HA,85,0,0,0,317,317,C
4-HA,86,0,312,0,1,313,T
4-HA,87,0,0,319,0,319,G
4-HA,88,0,318,0,0,318,T
4-HA,89,0,0,335,0,335,G
4-HA,90,0,1,0,334,335,C
4-HA,91,1,0,0,342,343,C
4-HA,92,0,341,0,0,341,T
4-HA,93,0,340,0,0,340,T
4-HA,94,0,2,341,0,343,G
4-HA,95,0,2,342,0,344,G
4-HA,96,0,0,355,0,355,G
4-HA,97,0,0,0,354,354,C
4-HA,98,348,0,0,0,348,A
4-HA,99,0,1,0,349,350,C
4-HA,100,2,0,0,342,344,C
4-HA,101,383,0,0,0,383,A
4-HA,102,0,384,0,0,384,T
4-HA,103,1,0,383,0,384,G
4-HA,104,1,0,0,383,384,C
4-HA,105,376,0,0,0,376,A
4-HA,106,0,0,411,0,411,G
4-HA,107,0,409,0,1,410,T
4-HA,108,399,0,0,11,410,A
4-HA,109,0,0,0,412,412,C
4-HA,110,1,0,0,398,399,C
4-HA,111,403,0,0,0,403,A
4-HA,112,406,0,0,0,406,A
4-HA,113,404,0,0,0,404,A
4-HA,114,0,1,0,406,407,C
4-HA,115,0,3,389,0,392,G
4-HA,116,0,1,398,0,399,G
4-HA,117,398,0,1,0,399,A
4-HA,118,400,0,0,0,400,A
4-HA,119,1,0,0,401,402,C
4-HA,120,0,1,402,0,403,G
4-HA,121,408,0,1,0,409,A
4-HA,122,0,409,0,0,409,T
4-HA,123,414,0,1,0,415,A
4-HA,124,0,0,417,0,417,G
4-HA,125,0,416,0,0,416,T
4-HA,126,0,0,418,0,418,G
4-HA,127,418,0,0,0,418,A
4-HA,128,416,0,0,0,416,A
4-HA,129,415,0,0,0,415,A
4-HA,130,417,0,0,0,417,A
4-HA,131,0,0,0,420,420,C
4-HA,132,419,0,0,0,419,A
4-HA,133,422,0,0,0,422,A
4-HA,134,0,424,0,0,424,T
4-HA,135,1,0,0,423,424,C
4-HA,136,425,0,0,0,425,A
4-HA,137,0,0,0,429,429,C
4-HA,138,0,2,427,0,429,G
4-HA,139,426,0,0,0,426,A
4-HA,140,426,0,0,0,426,A
4-HA,141,0,429,0,0,429,T
4-HA,142,0,5,425,0,430,G
4-HA,143,433,0,0,0,433,A
4-HA,144,0,0,0,434,434,C
4-HA,145,0,0,0,433,433,C
4-HA,146,436,0,0,0,436,A
4-HA,147,440,0,0,0,440,A
4-HA,148,441,0,0,0,441,A
4-HA,149,0,439,0,0,439,T
4-HA,150,0,440,0,1,441,T
4-HA,151,0,1,443,0,444,G
4-HA,152,445,0,0,0,445,A
4-HA,153,446,1,0,0,447,A
4-HA,154,0,0,448,0,448,G
4-HA,155,0,448,0,0,448,T
4-HA,156,0,462,0,0,462,T
4-HA,157,462,0,0,0,462,A
4-HA,158,0,0,0,465,465,C
4-HA,159,0,466,0,0,466,T
4-HA,160,467,0,0,0,467,A
4-HA,161,477,0,0,0,477,A
4-HA,162,0,477,0,1,478,T
4-HA,163,0,0,478,0,478,G
4-HA,164,0,1,0,509,510,C
4-HA,165,0,505,0,0,505,T
4-HA,166,505,0,0,0,505,A
4-HA,167,0,0,0,504,504,C
4-HA,168,0,501,0,0,501,T
4-HA,169,0,1,505,0,506,G
4-HA,170,495,0,0,0,495,A
4-HA,171,0,0,499,0,499,G
4-HA,172,0,0,0,496,496,C
4-HA,173,0,489,0,0,489,T
4-HA,174,0,0,501,0,501,G
4-HA,175,0,0,509,0,509,G
4-HA,176,0,508,0,0,508,T
4-HA,177,0,509,0,0,509,T
4-HA,178,3,0,0,506,509,C
4-HA,179,505,0,3,0,508,A
4-HA,180,0,1,517,0,518,G
4-HA,181,516,0,2,0,518,A
4-HA,182,0,0,526,0,526,G
4-HA,183,0,516,0,0,516,T
4-HA,184,0,503,0,0,503,T
4-HA,185,1,1,0,509,511,C
4-HA,186,0,0,0,512,512,C
4-HA,187,0,514,0,0,514,T
4-HA,188,0,0,0,514,514,C
4-HA,189,510,0,0,0,510,A
4-HA,190,511,0,0,0,511,A
4-HA,191,0,0,0,514,514,C
4-HA,192,500,0,0,0,500,A
4-HA,193,0,0,514,0,514,G
4-HA,194,0,0,511,0,511,G
4-HA,195,0,506,0,0,506,T
4-HA,196,0,0,514,0,514,G
4-HA,197,514,0,0,0,514,A
4-HA,198,516,0,0,0,516,A
4-HA,199,535,0,0,0,535,A
4-HA,200,0,532,0,0,532,T
4-HA,201,538,0,0,0,538,A
4-HA,202,0,528,0,0,528,T
4-HA,203,0,0,527,0,527,G
4-HA,204,0,0,0,530,530,C
4-HA,205,1,0,530,0,531,G
4-HA,206,533,0,0,0,533,A
4-HA,207,0,0,0,529,529,C
4-HA,208,526,0,0,0,526,A
4-HA,209,0,0,567,0,567,G
4-HA,210,0,564,0,0,564,T
4-HA,211,2,0,0,569,571,C
4-HA,212,1,0,0,570,571,C
4-HA,213,1,561,0,0,562,T
4-HA,214,2,0,0,567,569,C
4-HA,215,572,0,0,0,572,A
4-HA,216,0,571,0,0,571,T
4-HA,217,1,0,0,572,573,C
4-HA,218,534,0,0,0,534,A
4-HA,219,0,1,540,0,541,G
4-HA,220,535,0,0,0,535,A
4-HA,221,0,534,0,0,534,T
4-HA,222,0,0,0,534,534,C
4-HA,223,0,0,0,529,529,C
4-HA,224,0,527,0,0,527,T
4-HA,225,0,525,0,0,525,T
4-HA,226,0,0,529,0,529,G
4-HA,227,526,0,1,0,527,A
4-HA,228,0,524,0,0,524,T
4-HA,229,0,2,525,0,527,G
4-HA,230,0,2,526,0,528,G
4-HA,231,522,0,0,0,522,A
4-HA,232,0,0,523,0,523,G
4-HA,233,525,0,0,0,525,A
4-HA,234,529,0,0,0,529,A
4-HA,235,529,0,0,0,529,A
4-HA,236,535,0,0,0,535,A
4-HA,237,0,0,0,537,537,C
4-HA,238,0,530,0,0,530,T
4-HA,239,0,0,538,0,538,G
4-HA,240,0,0,0,535,535,C
4-HA,241,536,0,0,0,536,A
4-HA,242,0,1,0,554,555,C
4-HA,243,555,0,0,0,555,A
4-HA,244,0,0,0,620,620,C
4-HA,245,0,614,0,0,614,T
4-HA,246,626,0,0,0,626,A
4-HA,247,623,0,0,0,623,A
4-HA,248,0,625,0,0,625,T
4-HA,249,624,0,0,0,624,A
4-HA,250,0,0,624,0,624,G
4-HA,251,612,0,2,0,614,A
4-HA,252,0,605,0,0,605,T
4-HA,253,0,0,573,0,573,G
4-HA,254,0,1,0,578,579,C
4-HA,255,0,576,0,0,576,T
4-HA,256,4,0,0,604,608,C
4-HA,257,0,606,0,0,606,T
4-HA,258,628,0,0,0,628,A
4-HA,259,0,630,0,0,630,T
4-HA,260,0,628,0,0,628,T
4-HA,261,0,1,636,0,637,G
4-HA,262,0,4,628,0,632,G
4-HA,263,0,2,630,0,632,G
4-HA,264,628,0,2,0,630,A
4-HA,265,0,2,619,0,621,G
4-HA,266,609,0,1,2,612,A
4-HA,267,0,0,0,713,713,C
4-HA,268,1,0,0,734,735,C
4-HA,269,3,0,0,743,746,C
4-HA,270,0,747,0,0,747,T
4-HA,271,2,0,0,769,771,C
4-HA,272,766,0,0,0,766,A
4-HA,273,0,0,836,0,836,G
4-HA,274,0,835,0,1,836,T
4-HA,275,1,0,852,0,853,G
4-HA,276,0,823,0,1,824,T
4-HA,277,0,1,817,0,818,G
4-HA,278,819,0,1,0,820,A
4-HA,279,0,820,0,0,820,T
4-HA,280,0,1,808,0,809,G
4-HA,281,0,0,812,0,812,G
4-HA,282,0,0,0,803,803,C
4-HA,283,0,804,0,1,805,T
4-HA,284,0,806,0,0,806,T
4-HA,285,2,1,0,808,811,C
4-HA,286,1,0,0,814,815,C
4-HA,287,815,0,1,0,816,A
4-HA,288,818,0,1,0,819,A
4-HA,289,820,0,0,0,820,A
4-HA,290,817,0,0,0,817,A
4-HA,291,0,824,0,0,824,T
4-HA,292,818,0,1,0,819,A
4-HA,293,817,0,3,0,820,A
4-HA,294,0,0,824,0,824,G
4-HA,295,833,0,0,0,833,A
4-HA,296,835,0,0,0,835,A
4-HA,297,839,0,0,0,839,A
4-HA,298,0,843,0,0,843,T
4-HA,299,0,5,833,0,838,G
4-HA,300,1,1,833,0,835,G
4-HA,301,0,2,834,0,836,G
4-HA,302,835,1,1,0,837,A
4-HA,303,0,0,0,844,844,C
4-HA,304,0,0,1,838,839,C
4-HA,305,0,852,0,2,854,T
4-HA,306,0,851,0,0,851,T
4-HA,307,0,854,0,0,854,T
4-HA,308,0,857,0,0,857,T
4-HA,309,0,862,0,0,862,T
4-HA,310,0,0,865,0,865,G
4-HA,311,0,863,0,1,864,T
4-HA,312,0,865,0,0,865,T
4-HA,313,0,4,858,0,862,G
4-HA,314,854,0,0,0,854,A
4-HA,315,859,0,0,0,859,A
4-HA,316,0,1,0,855,856,C
4-HA,317,1,0,856,0,857,G
4-HA,318,0,0,1,873,874,C
4-HA,319,871,0,0,0,871,A
4-HA,320,0,1,877,0,878,G
4-HA,321,0,0,0,881,881,C
4-HA,322,881,0,0,0,881,A
4-HA,323,881,0,0,0,881,A
4-HA,324,878,0,2,0,880,A
4-HA,325,1,0,929,0,930,G
4-HA,326,1,0,0,928,929,C
4-HA,327,1,0,0,929,930,C
4-HA,328,0,929,0,2,931,T
4-HA,329,927,0,0,0,927,A
4-HA,330,0,0,0,939,939,C
4-HA,331,936,0,0,0,936,A
4-HA,332,0,0,938,0,938,G
4-HA,333,0,0,0,929,929,C
4-HA,334,898,0,0,0,898,A
4-HA,335,906,0,0,0,906,A
4-HA,336,0,0,0,964,964,C
4-HA,337,0,969,0,0,969,T
4-HA,338,2,0,966,0,968,G
4-HA,339,1,963,0,0,964,T
4-HA,340,0,962,0,0,962,T
4-HA,341,965,0,0,0,965,A
4-HA,342,0,0,0,1038,1038,C
4-HA,343,0,0,0,1046,1046,C
4-HA,344,6,0,0,1069,1075,C
4-HA,345,0,1038,0,0,1038,T
4-HA,346,0,1041,0,0,1041,T
4-HA,347,1043,0,0,1,1044,A
4-HA,348,0,1042,0,0,1042,T
4-HA,349,1,1,1037,0,1039,G
4-HA,350,1036,0,0,0,1036,A
4-HA,351,0,975,0,2,977,T
4-HA,352,0,0,978,0,978,G
4-HA,353,0,957,0,0,957,T
4-HA,354,0,0,955,0,955,G
4-HA,355,0,1,0,957,958,C
4-HA,356,4,0,0,954,958,C
4-HA,357,0,1,977,0,978,G
4-HA,358,0,1,996,0,997,G
4-HA,359,989,1,0,0,990,A
4-HA,360,0,1003,0,0,1003,T
4-HA,361,0,987,0,3,990,T
4-HA,362,995,0,1,0,996,A
4-HA,363,0,996,0,0,996,T
4-HA,364,0,0,995,0,995,G
4-HA,365,0,1,0,994,995,C
4-HA,366,0,0,0,987,987,C
4-HA,367,0,998,0,0,998,T
4-HA,368,1,0,0,1051,1052,C
4-HA,369,4,0,0,1066,1070,C
4-HA,370,4,0,0,1066,1070,C
4-HA,371,0,1069,0,0,1069,T
4-HA,372,0,1068,0,0,1068,T
4-HA,373,1071,0,0,0,1071,A
4-HA,374,1,1,1103,0,1105,G
4-HA,375,9,0,1100,0,1109,G
4-HA,376,0,1085,0,0,1085,T
4-HA,377,7,0,0,1066,1073,C
4-HA,378,1059,0,2,0,1061,A
4-HA,379,0,0,0,1093,1093,C
4-HA,380,0,1096,0,0,1096,T
4-HA,381,1096,0,0,0,1096,A
4-HA,382,0,0,1094,0,1094,G
4-HA,383,0,1081,0,1,1082,T
4-HA,384,0,1080,0,0,1080,T
4-HA,385,1,0,1092,0,1093,G
4-HA,386,0,0,0,1095,1095,C
4-HA,387,1,0,0,1091,1092,C
4-HA,388,1,1066,0,2,1069,T
4-HA,389,1,0,0,1077,1078,C
4-HA,390,1118,1,0,0,1119,A
4-HA,391,0,1125,0,0,1125,T
4-HA,392,1,0,0,1131,1132,C
4-HA,393,1,2,0,1125,1128,C
4-HA,394,2,2,1122,0,1126,G
4-HA,395,0,1,1128,0,1129,G
4-HA,396,0,0,0,1131,1131,C
4-HA,397,1146,0,0,0,1146,A
4-HA,398,0,0,0,1156,1156,C
4-HA,399,1131,0,1,0,1132,A
4-HA,400,0,0,0,1136,1136,C
4-HA,401,0,1135,0,0,1135,T
4-HA,402,0,0,1139,0,1139,G
4-HA,403,0,1,1156,0,1157,G
4-HA,404,1147,0,0,0,1147,A
4-HA,405,0,0,1174,0,1174,G
4-HA,406,1,1166,1,0,1168,T
4-HA,407,0,1164,0,0,1164,T
4-HA,408,0,1153,0,11,1164,T
4-HA,409,1157,0,0,0,1157,A
4-HA,410,1154,0,3,0,1157,A
4-HA,411,0,0,0,1161,1161,C
4-HA,412,1145,0,0,0,1145,A
4-HA,413,1144,1,1,0,1146,A
4-HA,414,0,1116,0,20,1136,T
4-HA,415,0,2,1136,0,1138,G
4-HA,416,1136,0,0,0,1136,A
4-HA,417,1131,0,1,0,1132,A
4-HA,418,1132,0,2,0,1134,A
4-HA,419,0,0,1135,0,1135,G
4-HA,420,0,1,0,1143,1144,C
4-HA,421,0,1142,0,0,1142,T
4-HA,422,0,1138,0,0,1138,T
4-HA,423,1,0,0,1146,1147,C
4-HA,424,1151,0,0,0,1151,A
4-HA,425,1150,1,0,0,1151,A
4-HA,426,0,1150,0,0,1150,T
4-HA,427,0,1147,0,0,1147,T
4-HA,428,1,3,1152,0,1156,G
4-HA,429,0,1,1164,1,1166,G
4-HA,430,1166,0,0,0,1166,A
4-HA,431,0,0,0,1168,1168,C
4-HA,432,0,0,0,1150,1150,C
4-HA,433,0,0,1151,0,1151,G
4-HA,434,0,1,1159,0,1160,G
4-HA,435,1155,0,2,0,1157,A
4-HA,436,1,0,1163,0,1164,G
4-HA,437,0,1154,0,0,1154,T
4-HA,438,8,0,0,1138,1146,C
4-HA,439,1162,0,2,0,1164,A
4-HA,440,0,1,0,1166,1167,C
4-HA,441,0,1166,0,3,1169,T
4-HA,442,2,0,0,1167,1169,C
4-HA,443,1145,0,0,0,1145,A
4-HA,444,1169,0,0,0,1169,A
4-HA,445,1166,0,0,0,1166,A
4-HA,446,1163,0,1,0,1164,A
4-HA,447,0,3,0,1166,1169,C
4-HA,448,0,4,1144,0,1148,G
4-HA,449,0,4,1166,0,1170,G
4-HA,450,1170,0,0,0,1170,A
4-HA,451,1171,0,0,0,1171,A
4-HA,452,0,0,0,1174,1174,C
4-HA,453,1163,0,0,0,1163,A
4-HA,454,1173,0,0,0,1173,A
4-HA,455,0,1,1175,0,1176,G
4-HA,456,0,0,0,1174,1174,C
4-HA,457,0,1160,0,1,1161,T
4-HA,458,4,0,0,1156,1160,C
4-HA,459,0,1148,0,0,1148,T
4-HA,460,0,0,1158,0,1158,G
4-HA,461,0,0,0,1160,1160,C
4-HA,462,0,1162,0,1,1163,T
4-HA,463,0,1189,0,0,1189,T
4-HA,464,0,1,1216,0,1217,G
4-HA,465,0,0,0,1240,1240,C
4-HA,466,1236,0,0,0,1236,A
4-HA,467,0,1227,0,0,1227,T
4-HA,468,1227,0,0,0,1227,A
4-HA,469,1211,0,3,0,1214,A
4-HA,470,0,2,1217,0,1219,G
4-HA,471,1,1,1213,0,1215,G
4-HA,472,1176,0,0,0,1176,A
4-HA,473,0,2,1170,0,1172,G
4-HA,474,1161,0,0,0,1161,A
4-HA,475,0,1210,0,1,1211,T
4-HA,476,3,1,0,1227,1231,C
4-HA,477,0,1236,0,0,1236,T
4-HA,478,1238,0,0,0,1238,A
4-HA,479,1235,0,0,0,1235,A
4-HA,480,1,1231,0,0,1232,T
4-HA,481,1228,0,1,0,1229,A
4-HA,482,1217,0,0,0,1217,A
4-HA,483,0,0,0,1224,1224,C
4-HA,484,1186,0,0,0,1186,A
4-HA,485,0,0,1188,0,1188,G
4-HA,486,0,1180,0,2,1182,T
4-HA,487,1,1202,0,1,1204,T
4-HA,488,0,1206,0,0,1206,T
4-HA,489,1,0,1,1242,1244,C
4-HA,490,0,1244,0,1,1245,T
4-HA,491,0,1252,0,0,1252,T
4-HA,492,0,1247,0,1,1248,T
4-HA,493,1242,0,1,0,1243,A
4-HA,494,0,0,1245,0,1245,G
4-HA,495,0,1245,0,0,1245,T
4-HA,496,1249,0,1,0,1250,A
4-HA,497,0,0,1250,0,1250,G
4-HA,498,1232,0,1,0,1233,A
4-HA,499,0,1234,0,0,1234,T
4-HA,500,0,1231,0,1,1232,T
4-HA,501,0,4,1254,0,1258,G
4-HA,502,1255,0,1,0,1256,A
4-HA,503,1258,0,0,0,1258,A
4-HA,504,0,1257,0,0,1257,T
4-HA,505,0,1245,0,0,1245,T
4-HA,506,0,1,1251,0,1252,G
4-HA,507,0,0,1254,0,1254,G
4-HA,508,0,1252,0,0,1252,T
4-HA,509,0,1252,0,0,1252,T
4-HA,510,0,4,1231,0,1235,G
4-HA,511,1241,0,0,0,1241,A
4-HA,512,0,0,0,1241,1241,C
4-HA,513,3,1,0,1237,1241,C
4-HA,514,2,0,0,1233,1235,C
4-HA,515,1227,0,2,0,1229,A
4-HA,516,1,0,0,1239,1240,C
4-HA,517,0,1234,0,0,1234,T
4-HA,518,0,1238,0,0,1238,T
4-HA,519,1244,0,0,0,1244,A
4-HA,520,1240,0,0,0,1240,A
4-HA,521,1240,0,0,0,1240,A
4-HA,522,1248,0,1,0,1249,A
4-HA,523,0,1259,0,0,1259,T
4-HA,524,0,1253,0,0,1253,T
4-HA,525,6,1,0,1242,1249,C
4-HA,526,1252,0,0,0,1252,A
4-HA,527,1248,0,1,0,1249,A
4-HA,528,1249,0,0,0,1249,A
4-HA,529,0,1249,0,1,1250,T
4-HA,530,1268,0,1,0,1269,A
4-HA,531,0,0,0,1276,1276,C
4-HA,532,1,0,0,1253,1254,C
4-HA,533,1,0,0,1251,1252,C
4-HA,534,1250,0,1,0,1251,A
4-HA,535,0,0,1299,0,1299,G
4-HA,536,0,0,0,1296,1296,C
4-HA,537,1294,0,1,0,1295,A
4-HA,538,0,1284,0,3,1287,T
4-HA,539,0,1246,0,0,1246,T
4-HA,540,1,4,1295,0,1300,G
4-HA,541,1297,0,0,0,1297,A
4-HA,542,1304,0,0,0,1304,A
4-HA,543,0,0,0,1307,1307,C
4-HA,544,0,0,1276,0,1276,G
4-HA,545,0,1271,0,0,1271,T
4-HA,546,1220,0,0,0,1220,A
4-HA,547,1261,0,1,0,1262,A
4-HA,548,0,0,0,1265,1265,C
4-HA,549,0,1263,0,0,1263,T
4-HA,550,1287,0,0,0,1287,A
4-HA,551,0,1278,0,2,1280,T
4-HA,552,0,1,1279,1,1281,G
4-HA,553,1,0,0,1277,1278,C
4-HA,554,3,0,0,1263,1266,C
4-HA,555,1263,1,0,0,1264,A
4-HA,556,1259,0,0,0,1259,A
4-HA,557,1277,0,2,5,1284,A
4-HA,558,0,0,0,1283,1283,C
4-HA,559,1259,0,0,0,1259,A
4-HA,560,1260,0,0,0,1260,A
4-HA,561,0,1250,0,0,1250,T
4-HA,562,0,8,1249,0,1257,G
4-HA,563,1256,0,3,0,1259,A
4-HA,564,1256,0,0,0,1256,A
4-HA,565,1,1,0,1235,1237,C
4-HA,566,1241,0,0,0,1241,A
4-HA,567,1243,0,0,0,1243,A
4-HA,568,0,1240,0,1,1241,T
4-HA,569,0,1239,0,0,1239,T
4-HA,570,0,1242,0,1,1243,T
4-HA,571,0,7,1239,0,1246,G
4-HA,572,1242,1,2,0,1245,A
4-HA,573,0,1,0,1245,1246,C
4-HA,574,1249,0,0,0,1249,A
4-HA,575,1247,0,0,0,1247,A
4-HA,576,1269,0,0,0,1269,A
4-HA,577,0,1281,0,0,1281,T
4-HA,578,0,1263,0,0,1263,T
4-HA,579,0,1,1282,0,1283,G
4-HA,580,0,1280,0,0,1280,T
4-HA,581,1283,0,0,0,1283,A
4-HA,582,0,0,0,1315,1315,C
4-HA,583,1317,0,0,0,1317,A
4-HA,584,0,1334,0,0,1334,T
4-HA,585,0,1318,0,0,1318,T
4-HA,586,0,1313,0,0,1313,T
4-HA,587,0,5,1304,0,1309,G
4-HA,588,0,4,1293,0,1297,G
4-HA,589,0,4,1294,0,1298,G
4-HA,590,0,4,1300,0,1304,G
4-HA,591,0,2,1283,0,1285,G
4-HA,592,0,0,1308,0,1308,G
4-HA,593,0,1291,0,0,1291,T
4-HA,594,0,1290,0,0,1290,T
4-HA,595,1,0,0,1296,1297,C
4-HA,596,1294,0,0,0,1294,A
4-HA,597,0,0,0,1299,1299,C
4-HA,598,2,0,0,1301,1303,C
4-HA,599,1287,0,1,1,1289,A
4-HA,600,0,0,0,1308,1308,C
4-HA,601,1,0,0,1287,1288,C
4-HA,602,3,0,0,1269,1272,C
4-HA,603,0,2,1273,0,1275,G
4-HA,604,0,1,1332,0,1333,G
4-HA,605,0,0,1337,0,1337,G
4-HA,606,0,1318,0,1,1319,T
4-HA,607,1328,0,0,0,1328,A
4-HA,608,0,2,0,1313,1315,C
4-HA,609,2,1,1291,0,1294,G
4-HA,610,0,1,1318,0,1319,G
4-HA,611,1323,0,1,0,1324,A
4-HA,612,0,0,0,1320,1320,C
4-HA,613,1259,0,0,0,1259,A
4-HA,614,1250,0,0,0,1250,A
4-HA,615,0,1257,0,0,1257,T
4-HA,616,0,2,1268,0,1270,G
4-HA,617,1275,0,0,0,1275,A
4-HA,618,1,0,0,1268,1269,C
4-HA,619,1,1,0,1253,1255,C
4-HA,620,1252,0,0,0,1252,A
4-HA,621,1256,0,0,0,1256,A
4-HA,622,1275,0,0,0,1275,A
4-HA,623,0,1265,0,0,1265,T
4-HA,624,0,0,0,1277,1277,C
4-HA,625,0,1227,0,2,1229,T
4-HA,626,0,1230,0,0,1230,T
4-HA,627,1,0,0,1245,1246,C
4-HA,628,0,0,0,1259,1259,C
4-HA,629,0,1252,0,1,1253,T
4-HA,630,0,0,1261,0,1261,G
4-HA,631,0,1247,0,1,1248,T
4-HA,632,1253,0,0,0,1253,A
4-HA,633,0,1245,0,0,1245,T
4-HA,634,0,0,1266,0,1266,G
4-HA,635,0,1,0,1267,1268,C
4-HA,636,0,1249,0,1,1250,T
4-HA,637,7,1,0,1247,1255,C
4-HA,638,1257,1,1,0,1259,A
4-HA,639,1256,0,0,0,1256,A
4-HA,640,0,0,1259,0,1259,G
4-HA,641,0,0,0,1264,1264,C
4-HA,642,1260,0,1,0,1261,A
4-HA,643,0,1238,1,0,1239,T
4-HA,644,2,0,0,1242,1244,C
4-HA,645,1242,0,2,0,1244,A
4-HA,646,0,2,1253,1,1256,G
4-HA,647,0,1,1258,0,1259,G
4-HA,648,1250,0,0,0,1250,A
4-HA,649,1241,0,2,0,1243,A
4-HA,650,0,3,1265,0,1268,G
4-HA,651,1270,0,1,0,1271,A
4-HA,652,1285,0,1,0,1286,A
4-HA,653,0,1287,0,1,1288,T
4-HA,654,2,1,0,1283,1286,C
4-HA,655,1275,0,0,0,1275,A
4-HA,656,0,0,0,1278,1278,C
4-HA,657,1272,0,0,0,1272,A
4-HA,658,0,0,1306,0,1306,G
4-HA,659,0,1274,0,0,1274,T
4-HA,660,1,0,0,1284,1285,C
4-HA,661,0,1259,0,1,1260,T
4-HA,662,1,0,0,1296,1297,C
4-HA,663,0,1304,0,0,1304,T
4-HA,664,1308,0,0,0,1308,A
4-HA,665,0,0,0,1312,1312,C
4-HA,666,0,2,0,1315,1317,C
4-HA,667,1300,0,0,0,1300,A
4-HA,668,1300,0,0,0,1300,A
4-HA,669,1294,0,0,0,1294,A
4-HA,670,1294,0,1,0,1295,A
4-HA,671,1,1,1297,0,1299,G
4-HA,672,1275,0,1,0,1276,A
4-HA,673,1271,0,5,0,1276,A
4-HA,674,0,0,1279,0,1279,G
4-HA,675,0,0,0,1276,1276,C
4-HA,676,1,0,0,1283,1284,C
4-HA,677,1287,0,1,0,1288,A
4-HA,678,1280,6,1,0,1287,A
4-HA,679,0,0,0,1291,1291,C
4-HA,680,1290,0,0,0,1290,A
4-HA,681,1283,0,0,6,1289,A
4-HA,682,1307,0,0,0,1307,A
4-HA,683,0,0,0,1344,1344,C
4-HA,684,0,1328,0,0,1328,T
4-HA,685,1,0,1344,0,1345,G
4-HA,686,0,1336,0,0,1336,T
4-HA,687,1335,1,1,0,1337,A
4-HA,688,1343,0,0,0,1343,A
4-HA,689,0,1335,0,0,1335,T
4-HA,690,3,0,0,1344,1347,C
4-HA,691,1,1,0,1342,1344,C
4-HA,692,11,0,0,1318,1329,C
4-HA,693,0,2,1325,0,1327,G
4-HA,694,1324,0,0,0,1324,A
4-HA,695,1334,0,0,0,1334,A
4-HA,696,0,1334,0,0,1334,T
4-HA,697,1338,0,0,0,1338,A
4-HA,698,0,1325,0,0,1325,T
4-HA,699,35,1,0,1281,1317,C
4-HA,700,2,2,1317,0,1321,G
4-HA,701,0,2,1345,0,1347,G
4-HA,702,1356,0,0,0,1356,A
4-HA,703,0,1367,0,0,1367,T
4-HA,704,2,0,0,1359,1361,C
4-HA,705,0,1359,0,2,1361,T
4-HA,706,1361,0,0,0,1361,A
4-HA,707,0,1,1365,0,1366,G
4-HA,708,1377,0,0,0,1377,A
4-HA,709,0,0,0,1378,1378,C
4-HA,710,0,0,0,1334,1334,C
4-HA,711,7,0,0,1328,1335,C
4-HA,712,1324,0,2,0,1326,A
4-HA,713,0,2,1413,0,1415,G
4-HA,714,1413,0,0,0,1413,A
4-HA,715,0,0,1438,0,1438,G
4-HA,716,0,1429,0,0,1429,T
4-HA,717,1413,0,1,0,1414,A
4-HA,718,1410,0,3,0,1413,A
4-HA,719,0,3,1442,0,1445,G
4-HA,720,0,4,1457,0,1461,G
4-HA,721,1443,0,0,1,1444,A
4-HA,722,1353,0,0,0,1353,A
4-HA,723,0,1345,0,0,1345,T
4-HA,724,1336,0,0,0,1336,A
4-HA,725,0,1337,0,0,1337,T
4-HA,726,1,0,0,1359,1360,C
4-HA,727,0,0,0,1352,1352,C
4-HA,728,1,0,0,1326,1327,C
4-HA,729,0,1320,0,0,1320,T
4-HA,730,1322,0,0,1,1323,A
4-HA,731,0,0,1327,0,1327,G
4-HA,732,0,0,0,1332,1332,C
4-HA,733,1293,0,0,0,1293,A
4-HA,734,0,2,1340,0,1342,G
4-HA,735,1323,0,0,0,1323,A
4-HA,736,1323,0,0,0,1323,A
4-HA,737,0,1323,0,0,1323,T
4-HA,738,1324,0,0,1,1325,A
4-HA,739,1323,0,3,0,1326,A
4-HA,740,1,0,1308,0,1309,G
4-HA,741,0,0,1,1312,1313,C
4-HA,742,1315,0,0,0,1315,A
4-HA,743,0,1278,0,0,1278,T
4-HA,744,1,0,0,1330,1331,C
4-HA,745,0,1334,0,0,1334,T
4-HA,746,1336,2,0,1,1339,A
4-HA,747,0,1337,1,0,1338,T
4-HA,748,0,1325,0,0,1325,T
4-HA,749,1,1,1334,0,1336,G
4-HA,750,0,3,1327,0,1330,G
4-HA,751,1326,0,0,0,1326,A
4-HA,752,0,0,0,1329,1329,C
4-HA,753,1241,0,1,0,1242,A
4-HA,754,1271,0,0,1,1272,A
4-HA,755,0,1336,0,0,1336,T
4-HA,756,1363,0,0,0,1363,A
4-HA,757,0,0,1403,0,1403,G
4-HA,758,0,1388,0,0,1388,T
4-HA,759,1392,0,0,0,1392,A
4-HA,760,1403,0,0,0,1403,A
4-HA,761,1457,0,0,0,1457,A
4-HA,762,1478,0,0,1,1479,A
4-HA,763,0,1,0,1515,1516,C
4-HA,764,3,3,0,1440,1446,C
4-HA,765,4,4,1439,0,1447,G
4-HA,766,0,5,1472,0,1477,G
4-HA,767,0,2,1501,0,1503,G
4-HA,768,1510,0,0,0,1510,A
4-HA,769,0,4,1524,0,1528,G
4-HA,770,1579,0,0,0,1579,A
4-HA,771,0,0,0,1577,1577,C
4-HA,772,1577,0,1,7,1585,A
4-HA,773,0,1586,0,0,1586,T
4-HA,774,1588,1,1,0,1590,A
4-HA,775,0,2,0,1629,1631,C
4-HA,776,0,1624,0,0,1624,T
4-HA,777,2,1642,0,0,1644,T
4-HA,778,0,1661,0,1,1662,T
4-HA,779,0,1656,0,0,1656,T
4-HA,780,0,5,1689,0,1694,G
4-HA,781,1698,0,0,0,1698,A
4-HA,782,1,1695,0,1,1697,T
4-HA,783,0,1772,0,0,1772,T
4-HA,784,1759,0,0,0,1759,A
4-HA,785,1778,0,0,0,1778,A
4-HA,786,0,0,0,1812,1812,C
4-HA,787,1804,0,3,0,1807,A
4-HA,788,0,0,1919,0,1919,G
4-HA,789,0,2,0,1909,1911,C
4-HA,790,1917,0,0,0,1917,A
4-HA,791,0,0,0,1937,1937,C
4-HA,792,1916,0,2,0,1918,A
4-HA,793,2,5,1943,0,1950,G
4-HA,794,0,1,1944,0,1945,G
4-HA,795,0,7,2044,0,2051,G
4-HA,796,2033,0,3,0,2036,A
4-HA,797,2078,0,0,0,2078,A
4-HA,798,0,2077,0,1,2078,T
4-HA,799,2,0,0,2084,2086,C
4-HA,800,0,2110,0,1,2111,T
4-HA,801,2119,0,0,0,2119,A
4-HA,802,2116,0,1,0,2117,A
4-HA,803,0,2113,0,1,2114,T
4-HA,804,0,2065,0,1,2066,T
4-HA,805,1,0,2103,0,2104,G
4-HA,806,0,0,0,2206,2206,C
4-HA,807,0,2310,0,4,2314,T
4-HA,808,8,0,0,2393,2401,C
4-HA,809,3,0,0,2401,2404,C
4-HA,810,1,2401,0,0,2402,T
4-HA,811,2407,0,2,0,2409,A
4-HA,812,0,7,2407,0,2414,G
4-HA,813,0,16,2432,0,2448,G
4-HA,814,0,8,2456,0,2464,G
4-HA,815,0,0,2437,0,2437,G
4-HA,816,0,2404,0,0,2404,T
4-HA,817,0,2401,0,0,2401,T
4-HA,818,2403,0,3,0,2406,A
4-HA,819,0,1,0,2455,2456,C
4-HA,820,0,2442,1,0,2443,T
4-HA,821,0,2454,0,1,2455,T
4-HA,822,3,0,0,2447,2450,C
4-HA,823,2430,0,1,1,2432,A
4-HA,824,2443,0,0,0,2443,A
4-HA,825,2439,0,1,0,2440,A
4-HA,826,2473,0,0,0,2473,A
4-HA,827,0,2475,0,0,2475,T
4-HA,828,2460,0,0,0,2460,A
4-HA,829,0,2,0,2472,2474,C
4-HA,830,0,9,2465,0,2474,G
4-HA,831,2469,0,1,0,2470,A
4-HA,832,2485,0,1,0,2486,A
4-HA,833,0,0,2530,0,2530,G
4-HA,834,0,2532,0,0,2532,T
4-HA,835,1,12,2555,0,2568,G
4-HA,836,0,5,2555,0,2560,G
4-HA,837,1,3,2560,0,2564,G
4-HA,838,1,1,2528,0,2530,G
4-HA,839,2535,0,1,6,2542,A
4-HA,840,2550,1,4,0,2555,A
4-HA,841,2556,0,3,0,2559,A
4-HA,842,0,0,2683,0,2683,G
4-HA,843,0,0,0,2682,2682,C
4-HA,844,0,2654,0,3,2657,T
4-HA,845,6,0,1,2703,2710,C
4-HA,846,2714,1,3,0,2718,A
4-HA,847,2740,0,2,0,2742,A
4-HA,848,0,2742,0,0,2742,T
4-HA,849,2771,0,0,0,2771,A
4-HA,850,2769,0,0,0,2769,A
4-HA,851,0,2695,0,1,2696,T
4-HA,852,0,6,2699,0,2705,G
4-HA,853,2673,0,1,0,2674,A
4-HA,854,0,6,2794,0,2800,G
4-HA,855,2802,1,2,1,2806,A
4-HA,856,0,2791,0,0,2791,T
4-HA,857,8,1,0,2844,2853,C
4-HA,858,2828,2,1,0,2831,A
4-HA,859,0,2,2909,0,2911,G
4-HA,860,2909,1,0,0,2910,A
4-HA,861,0,2909,1,1,2911,T
4-HA,862,1,1,2899,0,2901,G
4-HA,863,1,0,0,2866,2867,C
4-HA,864,2854,0,1,0,2855,A
4-HA,865,2,3,0,2935,2940,C
4-HA,866,2,0,0,2910,2912,C
4-HA,867,12,0,0,2912,2924,C
4-HA,868,2881,0,0,0,2881,A
4-HA,869,0,2873,0,2,2875,T
4-HA,870,0,2870,0,1,2871,T
4-HA,871,1,7,2916,0,2924,G
4-HA,872,1,0,2904,0,2905,G
4-HA,873,1,1,0,2914,2916,C
4-HA,874,2867,0,1,1,2869,A
4-HA,875,2861,1,0,0,2862,A
4-HA,876,2926,0,1,0,2927,A
4-HA,877,0,2925,0,1,2926,T
4-HA,878,0,2,2928,0,2930,G
4-HA,879,0,0,0,2928,2928,C
4-HA,880,2910,0,1,0,2911,A
4-HA,881,2897,1,4,0,2902,A
4-HA,882,1,0,0,2843,2844,C
4-HA,883,0,2985,0,5,2990,T
4-HA,884,6,0,0,3018,3024,C
4-HA,885,0,3016,0,0,3016,T
4-HA,886,1,10,3062,0,3073,G
4-HA,887,3077,0,1,0,3078,A
4-HA,888,3086,0,4,0,3090,A
4-HA,889,0,3091,0,1,3092,T
4-HA,890,2,1,3015,0,3018,G
4-HA,891,0,1,0,3025,3026,C
4-HA,892,3019,1,0,0,3020,A
4-HA,893,1,3016,0,2,3019,T
4-HA,894,6,1,0,2999,3006,C
4-HA,895,2982,0,0,0,2982,A
4-HA,896,0,0,0,3139,3139,C
4-HA,897,0,3112,1,1,3114,T
4-HA,898,6,0,1,3117,3124,C
4-HA,899,7,0,0,3102,3109,C
4-HA,900,3156,0,1,0,3157,A
4-HA,901,3153,0,3,1,3157,A
4-HA,902,3149,0,1,1,3151,A
4-HA,903,0,3025,0,0,3025,T
4-HA,904,0,7,3047,0,3054,G
4-HA,905,0,5,3059,0,3064,G
4-HA,906,3064,1,8,0,3073,A
4-HA,907,3070,0,6,0,3076,A
4-HA,908,0,1,3083,0,3084,G
4-HA,909,2,0,0,3050,3052,C
4-HA,910,3039,4,0,0,3043,A
4-HA,911,0,3045,0,0,3045,T
4-HA,912,0,3027,0,1,3028,T
4-HA,913,14,1,0,3131,3146,C
4-HA,914,4,1,0,3129,3134,C
4-HA,915,15,0,1,3127,3143,C
4-HA,916,3148,0,0,0,3148,A
4-HA,917,3211,0,0,0,3211,A
4-HA,918,0,3288,0,1,3289,T
4-HA,919,0,20,3268,0,3288,G
4-HA,920,3289,0,2,0,3291,A
4-HA,921,0,1,0,3293,3294,C
4-HA,922,3218,0,0,0,3218,A
4-HA,923,3228,0,1,0,3229,A
4-HA,924,3204,0,1,0,3205,A
4-HA,925,2,0,0,3262,3264,C
4-HA,926,6,2,0,3207,3215,C
4-HA,927,3149,0,1,0,3150,A
4-HA,928,0,3141,0,1,3142,T
4-HA,929,0,3133,0,6,3139,T
4-HA,930,5,0,0,3153,3158,C
4-HA,931,11,0,0,3151,3162,C
4-HA,932,3160,0,0,0,3160,A
4-HA,933,3157,1,0,0,3158,A
4-HA,934,3175,0,0,0,3175,A
4-HA,935,3236,0,0,0,3236,A
4-HA,936,0,3226,0,0,3226,T
4-HA,937,65,0,3183,0,3248,G
4-HA,938,0,3249,0,0,3249,T
4-HA,939,3285,0,0,0,3285,A
4-HA,940,3284,0,0,0,3284,A
4-HA,941,3275,0,1,0,3276,A
4-HA,942,1,1,0,3304,3306,C
4-HA,943,3239,0,1,1,3241,A
4-HA,944,0,2,3298,0,3300,G
4-HA,945,0,7,3301,0,3308,G
4-HA,946,3378,1,6,0,3385,A
4-HA,947,1,3383,0,2,3386,T
4-HA,948,13,1,0,3410,3424,C
4-HA,949,3445,0,2,0,3447,A
4-HA,950,0,0,1,3563,3564,C
4-HA,951,3562,0,2,0,3564,A
4-HA,952,0,3683,0,1,3684,T
4-HA,953,3594,0,1,0,3595,A
4-HA,954,3,5,0,3578,3586,C
4-HA,955,2,13,3467,0,3482,G
4-HA,956,0,8,3472,0,3480,G
4-HA,957,0,2,3458,0,3460,G
4-HA,958,1,3,3457,0,3461,G
4-HA,959,4,0,0,3399,3403,C
4-HA,960,1,3,0,3379,3383,C
4-HA,961,0,3300,1,4,3305,T
4-HA,962,0,0,3576,0,3576,G
4-HA,963,0,3576,0,4,3580,T
4-HA,964,7,0,0,3599,3606,C
4-HA,965,5,1,0,3589,3595,C
4-HA,966,18,1,0,3579,3598,C
4-HA,967,3590,0,0,0,3590,A
4-HA,968,0,1,3617,0,3618,G
4-HA,969,3605,0,2,0,3607,A
4-HA,970,0,3607,0,1,3608,T
4-HA,971,3370,0,0,0,3370,A
4-HA,972,0,3357,0,0,3357,T
4-HA,973,0,2,3382,0,3384,G
4-HA,974,0,3373,1,2,3376,T
4-HA,975,0,3330,0,0,3330,T
4-HA,976,3374,0,4,0,3378,A
4-HA,977,3343,0,1,0,3344,A
4-HA,978,0,22,3390,0,3412,G
4-HA,979,0,2,0,3407,3409,C
4-HA,980,3313,0,1,0,3314,A
4-HA,981,3324,0,1,0,3325,A
4-HA,982,3355,0,0,0,3355,A
4-HA,983,3358,0,1,1,3360,A
4-HA,984,0,1,0,3359,3360,C
4-HA,985,3300,0,0,0,3300,A
4-HA,986,0,0,0,3341,3341,C
4-HA,987,1,3261,0,1,3263,T
4-HA,988,15,0,1,3273,3289,C
4-HA,989,2,3280,0,2,3284,T
4-HA,990,3,4,3314,0,3321,G
4-HA,991,3311,0,1,0,3312,A
4-HA,992,3307,0,0,0,3307,A
4-HA,993,3310,0,1,0,3311,A
4-HA,994,0,3287,0,0,3287,T
4-HA,995,0,3247,0,2,3249,T
4-HA,996,0,7,3273,0,3280,G
4-HA,997,1,0,3268,0,3269,G
4-HA,998,2,0,0,3274,3276,C
4-HA,999,3267,0,3,0,3270,A
4-HA,1000,3280,0,0,0,3280,A
4-HA,1001,0,0,0,3281,3281,C
4-HA,1002,3265,0,4,0,3269,A
4-HA,1003,0,7,3291,0,3298,G
4-HA,1004,0,10,3276,0,3286,G
4-HA,1005,0,1,3280,0,3281,G
4-HA,1006,3273,2,2,1,3278,A
4-HA,1007,1,3258,0,3,3262,T
4-HA,1008,1,2,3263,0,3266,G
4-HA,1009,1,0,0,3261,3262,C
4-HA,1010,3,5,3268,0,3276,G
4-HA,1011,3322,1,1,0,3324,A
4-HA,1012,3270,0,2,0,3272,A
4-HA,1013,3304,0,1,0,3305,A
4-HA,1014,0,3260,1,1,3262,T
4-HA,1015,2,0,3311,0,3313,G
4-HA,1016,1,3322,0,0,3323,T
4-HA,1017,3313,0,3,0,3316,A
4-HA,1018,1,0,0,3313,3314,C
4-HA,1019,4,1,0,3288,3293,C
4-HA,1020,3235,0,0,0,3235,A
4-HA,1021,0,11,3233,0,3244,G
4-HA,1022,3128,3,3,0,3134,A
4-HA,1023,1,4,3174,1,3180,G
4-HA,1024,3121,0,1,0,3122,A
4-HA,1025,3110,0,3,0,3113,A
4-HA,1026,3106,0,7,1,3114,A
4-HA,1027,0,1,0,3117,3118,C
4-HA,1028,3117,0,0,0,3117,A
4-HA,1029,3167,0,1,1,3169,A
4-HA,1030,3164,0,1,0,3165,A
4-HA,1031,1,0,0,3197,3198,C
4-HA,1032,0,3167,0,0,3167,T
4-HA,1033,3138,0,0,0,3138,A
4-HA,1034,0,2,3152,1,3155,G
4-HA,1035,3117,2,6,0,3125,A
4-HA,1036,0,6,3195,0,3201,G
4-HA,1037,1,0,3188,0,3189,G
4-HA,1038,1,1,0,3128,3130,C
4-HA,1039,3128,1,3,0,3132,A
4-HA,1040,1,3155,0,0,3156,T
4-HA,1041,3182,0,0,2,3184,A
4-HA,1042,0,3158,0,1,3159,T
4-HA,1043,0,3164,0,0,3164,T
4-HA,1044,2,3160,0,1,3163,T
4-HA,1045,1,7,3071,0,3079,G
4-HA,1046,1,0,3093,0,3094,G
4-HA,1047,3,0,0,3070,3073,C
4-HA,1048,1,1,3084,0,3086,G
4-HA,1049,0,0,0,3053,3053,C
4-HA,1050,3024,0,0,1,3025,A
4-HA,1051,3056,1,0,1,3058,A
4-HA,1052,0,3050,0,0,3050,T
4-HA,1053,5,1,0,3062,3068,C
4-HA,1054,2,1,3064,0,3067,G
4-HA,1055,0,0,1,3050,3051,C
4-HA,1056,0,20,3049,0,3069,G
4-HA,1057,0,0,3079,0,3079,G
4-HA,1058,4,0,3089,0,3093,G
4-HA,1059,0,3082,1,0,3083,T
4-HA,1060,0,3045,0,2,3047,T
4-HA,1061,0,3033,0,1,3034,T
4-HA,1062,5,0,0,3040,3045,C
4-HA,1063,3052,1,1,0,3054,A
4-HA,1064,0,3052,1,0,3053,T
4-HA,1065,3039,0,4,0,3043,A
4-HA,1066,1,2,3061,0,3064,G
4-HA,1067,2999,0,0,0,2999,A
4-HA,1068,3009,0,1,0,3010,A
4-HA,1069,3001,2,0,0,3003,A
4-HA,1070,3016,1,0,0,3017,A
4-HA,1071,0,3000,0,0,3000,T
4-HA,1072,0,10,3029,0,3039,G
4-HA,1073,1,0,3061,0,3062,G
4-HA,1074,0,3030,0,0,3030,T
4-HA,1075,0,2994,0,0,2994,T
4-HA,1076,1,13,2992,0,3006,G
4-HA,1077,1,6,3018,0,3025,G
4-HA,1078,0,0,3028,0,3028,G
4-HA,1079,3014,1,1,0,3016,A
4-HA,1080,0,11,3018,0,3029,G
4-HA,1081,1,4,2979,0,2984,G
4-HA,1082,0,6,3035,0,3041,G
4-HA,1083,3017,1,5,0,3023,A
4-HA,1084,3058,0,6,0,3064,A
4-HA,1085,0,3063,0,1,3064,T
4-HA,1086,1,4,3053,0,3058,G
4-HA,1087,1,0,3111,0,3112,G
4-HA,1088,1,3059,1,0,3061,T
4-HA,1089,2,9,3059,0,3070,G
4-HA,1090,0,3,3055,0,3058,G
4-HA,1091,2988,0,1,1,2990,A
4-HA,1092,0,2993,0,1,2994,T
4-HA,1093,2,9,3041,0,3052,G
4-HA,1094,0,0,3098,0,3098,G
4-HA,1095,0,3050,0,0,3050,T
4-HA,1096,0,2958,0,2,2960,T
4-HA,1097,1,9,2948,0,2958,G
4-HA,1098,0,1,2991,0,2992,G
4-HA,1099,0,2985,0,2,2987,T
4-HA,1100,2983,0,0,0,2983,A
4-HA,1101,2,5,0,2817,2824,C
4-HA,1102,0,6,2859,0,2865,G
4-HA,1103,1,0,2975,0,2976,G
4-HA,1104,0,2977,1,1,2979,T
4-HA,1105,0,2975,0,0,2975,T
4-HA,1106,0,2961,0,0,2961,T
4-HA,1107,6,0,0,2926,2932,C
4-HA,1108,2925,0,5,0,2930,A
4-HA,1109,1,5,2924,0,2930,G
4-HA,1110,0,1,2924,0,2925,G
4-HA,1111,0,1,0,2915,2916,C
4-HA,1112,2802,0,0,0,2802,A
4-HA,1113,0,2828,0,0,2828,T
4-HA,1114,5,0,0,2833,2838,C
4-HA,1115,2838,0,0,0,2838,A
4-HA,1116,2841,0,0,0,2841,A
4-HA,1117,2838,0,0,0,2838,A
4-HA,1118,2851,0,0,0,2851,A
4-HA,1119,0,2842,0,2,2844,T
4-HA,1120,0,2835,0,1,2836,T
4-HA,1121,3,0,0,2849,2852,C
4-HA,1122,0,2819,0,1,2820,T
4-HA,1123,1,3,2834,0,2838,G
4-HA,1124,2812,2,4,2,2820,A
4-HA,1125,0,12,2835,0,2847,G
4-HA,1126,2,2,2856,0,2860,G
4-HA,1127,1,5,2862,0,2868,G
4-HA,1128,2849,0,4,0,2853,A
4-HA,1129,2846,0,4,0,2850,A
4-HA,1130,0,4,2827,0,2831,G
4-HA,1131,2864,0,0,1,2865,A
4-HA,1132,0,4,2890,0,2894,G
4-HA,1133,1,4,2899,0,2904,G
4-HA,1134,2888,1,4,0,2893,A
4-HA,1135,0,0,0,2895,2895,C
4-HA,1136,2850,0,1,0,2851,A
4-HA,1137,2852,1,4,0,2857,A
4-HA,1138,0,1,2857,0,2858,G
4-HA,1139,1,0,0,2863,2864,C
4-HA,1140,2816,0,3,0,2819,A
4-HA,1141,0,1,2808,0,2809,G
4-HA,1142,1,0,0,2806,2807,C
4-HA,1143,2798,0,1,0,2799,A
4-HA,1144,0,7,2831,0,2838,G
4-HA,1145,2824,0,2,0,2826,A
4-HA,1146,1,2881,0,2,2884,T
4-HA,1147,7,0,0,2910,2917,C
4-HA,1148,1,2876,0,6,2883,T
4-HA,1149,7,0,0,2947,2954,C
4-HA,1150,2943,1,0,1,2945,A
4-HA,1151,2941,0,1,0,2942,A
4-HA,1152,2934,0,0,0,2934,A
4-HA,1153,2886,0,5,0,2891,A
4-HA,1154,0,0,2897,0,2897,G
4-HA,1155,0,0,0,2843,2843,C
4-HA,1156,2830,0,0,0,2830,A
4-HA,1157,2,0,0,2901,2903,C
4-HA,1158,0,2867,0,10,2877,T
4-HA,1159,6,0,0,2880,2886,C
4-HA,1160,2890,0,1,0,2891,A
4-HA,1161,2950,0,2,1,2953,A
4-HA,1162,1,1,2949,0,2951,G
4-HA,1163,1,0,0,2941,2942,C
4-HA,1164,2915,0,4,0,2919,A
4-HA,1165,0,0,2932,0,2932,G
4-HA,1166,3,0,0,2880,2883,C
4-HA,1167,2879,0,1,0,2880,A
4-HA,1168,2879,0,0,0,2879,A
4-HA,1169,0,2868,0,0,2868,T
4-HA,1170,2,0,0,2817,2819,C
4-HA,1171,1,12,2810,1,2824,G
4-HA,1172,2808,1,1,0,2810,A
4-HA,1173,1,2801,0,1,2803,T
4-HA,1174,17,0,1,2769,2787,C
4-HA,1175,2783,1,2,1,2787,A
4-HA,1176,2858,1,0,0,2859,A
4-HA,1177,2863,0,0,0,2863,A
4-HA,1178,0,2853,0,0,2853,T
4-HA,1179,7,0,2,2860,2869,C
4-HA,1180,2833,0,1,0,2834,A
4-HA,1181,2853,1,3,0,2857,A
4-HA,1182,0,2857,0,2,2859,T
4-HA,1183,1,10,2862,0,2873,G
4-HA,1184,0,4,2864,1,2869,G
4-HA,1185,0,0,2837,0,2837,G
4-HA,1186,2856,0,0,0,2856,A
4-HA,1187,2847,0,3,0,2850,A
4-HA,1188,2,0,2917,0,2919,G
4-HA,1189,1,0,0,2919,2920,C
4-HA,1190,0,2865,1,2,2868,T
4-HA,1191,0,3,2984,0,2987,G
4-HA,1192,2972,1,6,0,2979,A
4-HA,1193,2977,0,3,1,2981,A
4-HA,1194,0,2978,0,0,2978,T
4-HA,1195,2908,0,2,1,2911,A
4-HA,1196,0,6,2898,0,2904,G
4-HA,1197,2708,1,3,0,2712,A
4-HA,1198,1,2707,0,1,2709,T
4-HA,1199,0,2724,1,2,2727,T
4-HA,1200,0,8,2739,0,2747,G
4-HA,1201,2737,0,0,0,2737,A
4-HA,1202,0,2718,0,1,2719,T
4-HA,1203,5,1,0,2735,2741,C
4-HA,1204,2,9,2734,0,2745,G
4-HA,1205,0,4,2738,0,2742,G
4-HA,1206,0,3,2737,0,2740,G
4-HA,1207,2732,0,2,0,2734,A
4-HA,1208,2737,0,2,0,2739,A
4-HA,1209,2721,0,1,0,2722,A
4-HA,1210,2722,0,0,0,2722,A
4-HA,1211,1,0,0,2721,2722,C
4-HA,1212,5,1,0,2718,2724,C
4-HA,1213,2710,0,0,0,2710,A
4-HA,1214,2706,0,2,0,2708,A
4-HA,1215,1,1,0,2714,2716,C
4-HA,1216,0,5,2730,0,2735,G
4-HA,1217,2723,0,3,1,2727,A
4-HA,1218,0,6,2732,0,2738,G
4-HA,1219,2720,0,0,0,2720,A
4-HA,1220,2728,0,1,1,2730,A
4-HA,1221,2731,0,1,0,2732,A
4-HA,1222,0,2726,0,1,2727,T
4-HA,1223,0,2712,1,2,2715,T
4-HA,1224,4,0,1,2736,2741,C
4-HA,1225,2,1,0,2730,2733,C
4-HA,1226,2731,0,2,0,2733,A
4-HA,1227,1,2712,0,2,2715,T
4-HA,1228,2,0,0,2726,2728,C
4-HA,1229,2723,0,3,0,2726,A
4-HA,1230,0,2,2743,0,2745,G
4-HA,1231,2729,0,2,0,2731,A
4-HA,1232,0,2722,0,2,2724,T
4-HA,1233,0,2705,0,6,2711,T
4-HA,1234,1,8,2725,0,2734,G
4-HA,1235,2728,0,1,1,2730,A
4-HA,1236,2735,0,0,0,2735,A
4-HA,1237,2732,0,2,0,2734,A
4-HA,1238,2735,1,1,0,2737,A
4-HA,1239,2710,0,4,0,2714,A
4-HA,1240,0,4,2708,0,2712,G
4-HA,1241,2703,0,7,1,2711,A
4-HA,1242,2696,0,14,0,2710,A
4-HA,1243,0,2681,0,0,2681,T
4-HA,1244,0,2678,0,1,2679,T
4-HA,1245,4,0,0,2687,2691,C
4-HA,1246,1,2676,0,2,2679,T
4-HA,1247,3,0,0,2673,2676,C
4-HA,1248,2678,1,1,0,2680,A
4-HA,1249,1,2,2685,0,2688,G
4-HA,1250,2674,0,1,0,2675,A
4-HA,1251,2658,0,0,1,2659,A
4-HA,1252,0,0,2696,0,2696,G
4-HA,1253,0,2670,0,1,2671,T
4-HA,1254,11,1,0,2663,2675,C
4-HA,1255,2,3,2675,0,2680,G
4-HA,1256,2672,1,1,0,2674,A
4-HA,1257,2672,0,4,0,2676,A
4-HA,1258,0,8,2664,1,2673,G
4-HA,1259,0,7,2689,0,2696,G
4-HA,1260,0,7,2687,0,2694,G
4-HA,1261,2615,0,2,0,2617,A
4-HA,1262,0,4,2623,0,2627,G
4-HA,1263,2627,0,2,0,2629,A
4-HA,1264,2779,0,0,0,2779,A
4-HA,1265,0,2780,0,0,2780,T
4-HA,1266,0,2784,0,0,2784,T
4-HA,1267,5,0,1,2779,2785,C
4-HA,1268,2731,1,1,0,2733,A
4-HA,1269,0,3,2739,0,2742,G
4-HA,1270,1,2,2727,0,2730,G
4-HA,1271,2707,0,2,0,2709,A
4-HA,1272,0,0,0,2728,2728,C
4-HA,1273,2,0,0,2540,2542,C
4-HA,1274,1,2539,0,2,2542,T
4-HA,1275,0,2503,0,65,2568,T
4-HA,1276,1,2,2568,0,2571,G
4-HA,1277,2571,0,0,0,2571,A
4-HA,1278,1,2303,223,2,2529,T
4-HA,1279,2584,0,1,0,2585,A
4-HA,1280,2581,0,0,1,2582,A
4-HA,1281,2594,0,0,0,2594,A
4-HA,1282,0,2571,0,0,2571,T
4-HA,1283,2548,0,0,0,2548,A
4-HA,1284,0,2511,0,0,2511,T
4-HA,1285,0,0,2540,0,2540,G
4-HA,1286,0,2529,0,3,2532,T
4-HA,1287,0,2500,0,2,2502,T
4-HA,1288,0,3,2509,0,2512,G
4-HA,1289,2463,0,2,0,2465,A
4-HA,1290,2,3,2504,0,2509,G
4-HA,1291,0,11,2485,0,2496,G
4-HA,1292,2457,0,1,0,2458,A
4-HA,1293,1,1,1,2548,2551,C
4-HA,1294,2488,0,1,1,2490,A
4-HA,1295,0,0,0,2493,2493,C
4-HA,1296,0,2471,0,4,2475,T
4-HA,1297,2585,0,1,0,2586,A
4-HA,1298,2619,0,0,0,2619,A
4-HA,1299,2613,1,0,0,2614,A
4-HA,1300,2646,0,2,0,2648,A
4-HA,1301,0,2645,0,0,2645,T
4-HA,1302,2517,0,2,0,2519,A
4-HA,1303,1,0,2542,0,2543,G
4-HA,1304,2485,0,3,0,2488,A
4-HA,1305,1,2492,0,3,2496,T
4-HA,1306,3,0,0,2480,2483,C
4-HA,1307,0,2433,0,5,2438,T
4-HA,1308,2,0,0,2491,2493,C
4-HA,1309,0,2495,0,1,2496,T
4-HA,1310,1,3,2560,0,2564,G
4-HA,1311,1,0,2630,0,2631,G
4-HA,1312,1,2612,1,4,2618,T
4-HA,1313,12,0,0,2601,2613,C
4-HA,1314,2624,0,2,0,2626,A
4-HA,1315,0,2621,0,3,2624,T
4-HA,1316,2626,0,1,0,2627,A
4-HA,1317,0,0,0,2625,2625,C
4-HA,1318,2536,0,3,0,2539,A
4-HA,1319,2565,0,1,0,2566,A
4-HA,1320,1,1,0,2496,2498,C
4-HA,1321,1,0,2491,0,2492,G
4-HA,1322,2,3,0,2484,2489,C
4-HA,1323,3,1,2474,0,2478,G
4-HA,1324,3,5,2489,1,2498,G
4-HA,1325,2482,2,2,0,2486,A
4-HA,1326,0,0,2522,0,2522,G
4-HA,1327,0,0,0,2512,2512,C
4-HA,1328,0,2493,0,4,2497,T
4-HA,1329,0,2513,0,2,2515,T
4-HA,1330,3,0,0,2505,2508,C
4-HA,1331,0,2531,0,4,2535,T
4-HA,1332,0,2534,0,2,2536,T
4-HA,1333,0,1,2523,0,2524,G
4-HA,1334,0,2503,0,1,2504,T
4-HA,1335,1,2448,0,1,2450,T
4-HA,1336,1,1,2503,0,2505,G
4-HA,1337,1,0,1,2496,2498,C
4-HA,1338,2,0,0,2487,2489,C
4-HA,1339,13,0,0,2487,2500,C
4-HA,1340,0,2496,0,1,2497,T
4-HA,1341,1,1,2534,0,2536,G
4-HA,1342,0,11,2525,0,2536,G
4-HA,1343,2532,0,1,1,2534,A
4-HA,1344,0,9,2547,0,2556,G
4-HA,1345,2497,0,9,0,2506,A
4-HA,1346,2512,1,1,0,2514,A
4-HA,1347,1,0,0,2549,2550,C
4-HA,1348,6,0,0,2542,2548,C
4-HA,1349,2545,0,3,0,2548,A
4-HA,1350,2661,1,1,0,2663,A
4-HA,1351,0,0,0,2669,2669,C
4-HA,1352,2694,0,1,0,2695,A
4-HA,1353,0,2687,0,0,2687,T
4-HA,1354,2673,1,2,0,2676,A
4-HA,1355,0,0,0,2737,2737,C
4-HA,1356,2677,0,1,0,2678,A
4-HA,1357,2675,1,0,1,2677,A
4-HA,1358,1,2661,0,0,2662,T
4-HA,1359,1,2570,0,1,2572,T
4-HA,1360,1,10,2601,0,2612,G
4-HA,1361,2640,1,0,0,2641,A
4-HA,1362,0,2627,0,5,2632,T
4-HA,1363,6,0,0,2643,2649,C
4-HA,1364,0,2607,0,0,2607,T
4-HA,1365,2623,0,0,0,2623,A
4-HA,1366,2619,1,1,0,2621,A
4-HA,1367,0,1,0,2624,2625,C
4-HA,1368,1,2604,0,1,2606,T
4-HA,1369,2,10,2575,0,2587,G
4-HA,1370,2601,1,1,0,2603,A
4-HA,1371,0,0,0,2603,2603,C
4-HA,1372,1,2587,0,4,2592,T
4-HA,1373,7,0,0,2592,2599,C
4-HA,1374,2583,1,3,0,2587,A
4-HA,1375,0,4,2638,0,2642,G
4-HA,1376,2641,0,1,0,2642,A
4-HA,1377,2637,0,4,0,2641,A
4-HA,1378,2647,0,1,0,2648,A
4-HA,1379,0,2629,0,0,2629,T
4-HA,1380,1,18,2640,0,2659,G
4-HA,1381,2661,0,1,0,2662,A
4-HA,1382,2659,0,3,0,2662,A
4-HA,1383,0,0,0,2658,2658,C
4-HA,1384,2621,0,2,0,2623,A
4-HA,1385,2612,0,2,0,2614,A
4-HA,1386,2620,0,1,0,2621,A
4-HA,1387,0,0,0,2626,2626,C
4-HA,1388,0,2601,0,0,2601,T
4-HA,1389,3,0,2602,0,2605,G
4-HA,1390,0,2565,0,3,2568,T
4-HA,1391,0,2572,0,0,2572,T
4-HA,1392,0,2578,0,1,2579,T
4-HA,1393,0,6,2565,0,2571,G
4-HA,1394,2573,0,1,0,2574,A
4-HA,1395,2575,0,2,0,2577,A
4-HA,1396,2567,0,2,0,2569,A
4-HA,1397,2566,0,0,0,2566,A
4-HA,1398,2554,0,1,0,2555,A
4-HA,1399,2561,0,1,1,2563,A
4-HA,1400,0,0,0,2577,2577,C
4-HA,1401,2576,0,0,0,2576,A
4-HA,1402,2574,0,0,0,2574,A
4-HA,1403,2564,0,4,0,2568,A
4-HA,1404,1,5,2583,0,2589,G
4-HA,1405,2588,2,0,0,2590,A
4-HA,1406,2577,0,5,1,2583,A
4-HA,1407,0,1,2579,0,2580,G
4-HA,1408,2,0,0,2583,2585,C
4-HA,1409,2578,0,7,0,2585,A
4-HA,1410,2593,1,4,0,2598,A
4-HA,1411,0,0,0,2591,2591,C
4-HA,1412,0,2565,0,0,2565,T
4-HA,1413,1,4,2583,0,2588,G
4-HA,1414,2554,0,5,0,2559,A
4-HA,1415,0,7,2583,0,2590,G
4-HA,1416,1,5,2606,1,2613,G
4-HA,1417,1,3,2608,0,2612,G
4-HA,1418,2619,0,3,0,2622,A
4-HA,1419,2600,0,1,0,2601,A
4-HA,1420,2590,1,12,0,2603,A
4-HA,1421,2631,0,0,1,2632,A
4-HA,1422,1,2628,0,0,2629,T
4-HA,1423,0,3,2642,0,2645,G
4-HA,1424,0,1,0,2646,2647,C
4-HA,1425,0,2607,0,0,2607,T
4-HA,1426,1,4,2618,0,2623,G
4-HA,1427,2609,0,0,0,2609,A
4-HA,1428,1,4,2774,0,2779,G
4-HA,1429,1,1,2818,0,2820,G
4-HA,1430,2785,0,1,0,2786,A
4-HA,1431,0,2780,0,0,2780,T
4-HA,1432,2754,0,2,1,2757,A
4-HA,1433,0,2753,0,2,2755,T
4-HA,1434,0,7,2774,0,2781,G
4-HA,1435,0,2,2799,0,2801,G
4-HA,1436,1,1,2789,0,2791,G
4-HA,1437,1,0,0,2615,2616,C
4-HA,1438,2562,0,1,0,2563,A
4-HA,1439,2566,0,0,0,2566,A
4-HA,1440,1,2571,0,2,2574,T
4-HA,1441,0,3,2570,0,2573,G
4-HA,1442,0,0,2580,0,2580,G
4-HA,1443,1,2514,0,1,2516,T
4-HA,1444,0,2458,0,2,2460,T
4-HA,1445,1,1,2497,0,2499,G
4-HA,1446,0,2498,0,2,2500,T
4-HA,1447,0,2500,1,0,2501,T
4-HA,1448,1,2502,0,0,2503,T
4-HA,1449,0,2492,0,1,2493,T
4-HA,1450,2526,1,0,0,2527,A
4-HA,1451,2532,0,0,0,2532,A
4-HA,1452,2530,0,1,0,2531,A
4-HA,1453,2551,0,3,0,2554,A
4-HA,1454,0,2518,0,1,2519,T
4-HA,1455,2497,0,0,1,2498,A
4-HA,1456,1,2504,1,0,2506,T
4-HA,1457,2501,0,0,0,2501,A
4-HA,1458,2,1,0,2544,2547,C
4-HA,1459,4,0,0,2522,2526,C
4-HA,1460,2533,0,1,0,2534,A
4-HA,1461,0,1,0,2535,2536,C
4-HA,1462,2527,0,2,0,2529,A
4-HA,1463,2537,0,0,0,2537,A
4-HA,1464,2544,0,0,0,2544,A
4-HA,1465,0,2548,0,1,2549,T
4-HA,1466,0,0,2557,0,2557,G
4-HA,1467,1,2516,0,0,2517,T
4-HA,1468,0,10,2542,0,2552,G
4-HA,1469,2557,1,4,0,2562,A
4-HA,1470,0,6,0,2550,2556,C
4-HA,1471,2521,0,0,0,2521,A
4-HA,1472,2517,0,1,0,2518,A
4-HA,1473,0,2560,0,1,2561,T
4-HA,1474,1,0,2567,0,2568,G
4-HA,1475,2,1,0,2537,2540,C
4-HA,1476,4,0,0,2544,2548,C
4-HA,1477,0,2518,0,5,2523,T
4-HA,1478,0,0,2654,0,2654,G
4-HA,1479,0,1,0,2657,2658,C
4-HA,1480,2661,0,2,0,2663,A
4-HA,1481,0,2663,0,0,2663,T
4-HA,1482,2535,0,1,0,2536,A
4-HA,1483,1,6,2550,0,2557,G
4-HA,1484,1,4,2539,0,2544,G
4-HA,1485,2535,0,1,0,2536,A
4-HA,1486,0,2524,1,0,2525,T
4-HA,1487,9,2,0,2371,2382,C
4-HA,1488,2371,0,0,0,2371,A
4-HA,1489,2397,0,0,0,2397,A
4-HA,1490,0,2385,0,1,2386,T
4-HA,1491,4,0,0,2394,2398,C
4-HA,1492,2337,0,2,0,2339,A
4-HA,1493,0,4,2354,0,2358,G
4-HA,1494,2361,0,0,0,2361,A
4-HA,1495,2361,0,0,0,2361,A
4-HA,1496,2359,0,0,0,2359,A
4-HA,1497,0,2348,0,0,2348,T
4-HA,1498,1,2,2337,0,2340,G
4-HA,1499,0,6,2330,0,2336,G
4-HA,1500,2340,0,1,0,2341,A
4-HA,1501,2357,1,0,0,2358,A
4-HA,1502,0,3,0,2362,2365,C
4-HA,1503,0,2336,0,2,2338,T
4-HA,1504,0,2348,0,2,2350,T
4-HA,1505,2347,0,3,0,2350,A
4-HA,1506,0,2351,1,1,2353,T
4-HA,1507,0,12,2342,0,2354,G
4-HA,1508,2355,0,5,0,2360,A
4-HA,1509,0,1,0,2363,2364,C
4-HA,1510,2,0,1,2347,2350,C
4-HA,1511,2335,0,0,0,2335,A
4-HA,1512,0,0,0,2389,2389,C
4-HA,1513,0,1,2472,0,2473,G
4-HA,1514,2517,0,20,0,2537,A
4-HA,1515,0,2578,0,0,2578,T
4-HA,1516,0,0,2701,0,2701,G
4-HA,1517,2,2679,0,0,2681,T
4-HA,1518,2781,0,1,0,2782,A
4-HA,1519,1,2774,0,0,2775,T
4-HA,1520,2763,0,0,0,2763,A
4-HA,1521,0,1,0,2757,2758,C
4-HA,1522,2466,0,2,0,2468,A
4-HA,1523,0,4,2506,0,2510,G
4-HA,1524,2323,1,2,0,2326,A
4-HA,1525,0,6,2255,0,2261,G
4-HA,1526,2254,0,2,0,2256,A
4-HA,1527,0,2097,0,1,2098,T
4-HA,1528,0,0,2093,0,2093,G
4-HA,1529,2085,0,2,0,2087,A
4-HA,1530,2080,0,5,0,2085,A
4-HA,1531,0,0,2145,1,2146,G
4-HA,1532,1,0,0,2076,2077,C
4-HA,1533,2072,0,1,0,2073,A
4-HA,1534,0,2063,0,3,2066,T
4-HA,1535,0,2062,0,0,2062,T
4-HA,1536,2086,0,1,0,2087,A
4-HA,1537,2088,1,1,0,2090,A
4-HA,1538,2087,2,0,0,2089,A
4-HA,1539,0,1,0,2087,2088,C
4-HA,1540,2011,0,0,0,2011,A
4-HA,1541,2023,0,0,0,2023,A
4-HA,1542,0,0,0,2020,2020,C
4-HA,1543,4,1,0,1998,2003,C
4-HA,1544,3,2,2000,0,2005,G
4-HA,1545,0,0,2053,0,2053,G
4-HA,1546,0,2050,0,2,2052,T
4-HA,1547,0,2035,0,5,2040,T
4-HA,1548,5,1,0,2044,2050,C
4-HA,1549,4,0,1,2046,2051,C
4-HA,1550,2034,1,1,0,2036,A
4-HA,1551,0,3,2069,0,2072,G
4-HA,1552,2064,0,0,1,2065,A
4-HA,1553,0,2057,0,1,2058,T
4-HA,1554,7,0,0,1972,1979,C
4-HA,1555,1956,0,1,0,1957,A
4-HA,1556,1963,0,4,0,1967,A
4-HA,1557,0,9,1959,0,1968,G
4-HA,1558,0,0,1958,0,1958,G
4-HA,1559,0,2,1957,0,1959,G
4-HA,1560,1878,0,1,0,1879,A
4-HA,1561,0,0,1911,0,1911,G
4-HA,1562,0,1903,0,3,1906,T
4-HA,1563,0,1909,0,0,1909,T
4-HA,1564,1,14,1913,0,1928,G
4-HA,1565,1915,0,2,0,1917,A
4-HA,1566,0,1,1931,0,1932,G
4-HA,1567,0,0,0,1924,1924,C
4-HA,1568,0,1890,0,5,1895,T
4-HA,1569,0,0,1908,0,1908,G
4-HA,1570,1895,0,0,0,1895,A
4-HA,1571,1899,0,5,0,1904,A
4-HA,1572,0,0,1906,0,1906,G
4-HA,1573,0,1865,0,0,1865,T
4-HA,1574,5,0,0,1850,1855,C
4-HA,1575,1828,0,0,0,1828,A
4-HA,1576,0,6,1822,0,1828,G
4-HA,1577,6,4,1817,0,1827,G
4-HA,1578,0,0,1776,0,1776,G
4-HA,1579,0,1840,0,1,1841,T
4-HA,1580,1839,0,4,0,1843,A
4-HA,1581,1,3,0,1840,1844,C
4-HA,1582,1840,0,0,0,1840,A
4-HA,1583,1831,1,1,0,1833,A
4-HA,1584,1835,0,0,0,1835,A
4-HA,1585,1,0,1854,0,1855,G
4-HA,1586,1794,0,0,0,1794,A
4-HA,1587,1,1725,0,0,1726,T
4-HA,1588,0,1701,0,0,1701,T
4-HA,1589,1,7,1695,0,1703,G
4-HA,1590,0,1,1700,0,1701,G
4-HA,1591,1706,0,1,0,1707,A
4-HA,1592,0,1709,0,1,1710,T
4-HA,1593,2,0,0,1709,1711,C
4-HA,1594,3,0,0,1667,1670,C
4-HA,1595,0,1659,0,1,1660,T
4-HA,1596,1676,0,0,0,1676,A
4-HA,1597,0,1669,0,3,1672,T
4-HA,1598,0,3,1667,0,1670,G
4-HA,1599,1,1,1670,0,1672,G
4-HA,1600,1638,0,1,0,1639,A
4-HA,1601,0,1631,0,1,1632,T
4-HA,1602,0,1609,0,1,1610,T
4-HA,1603,1,1614,0,2,1617,T
4-HA,1604,1,0,0,1613,1614,C
4-HA,1605,4,0,0,1607,1611,C
4-HA,1606,1,1585,0,2,1588,T
4-HA,1607,0,1578,0,0,1578,T
4-HA,1608,0,1567,0,0,1567,T
4-HA,1609,0,0,1580,0,1580,G
4-HA,1610,0,0,0,1576,1576,C
4-HA,1611,6,2,0,1566,1574,C
4-HA,1612,1550,0,0,0,1550,A
4-HA,1613,0,1542,0,0,1542,T
4-HA,1614,1552,0,0,0,1552,A
4-HA,1615,0,1549,0,1,1550,T
4-HA,1616,0,0,0,1545,1545,C
4-HA,1617,1538,0,1,0,1539,A
4-HA,1618,0,1511,1,2,1514,T
4-HA,1619,0,1,1527,0,1528,G
4-HA,1620,0,1517,1,3,1521,T
4-HA,1621,0,1499,0,2,1501,T
4-HA,1622,0,1501,0,0,1501,T
4-HA,1623,0,1469,0,0,1469,T
4-HA,1624,0,1463,0,0,1463,T
4-HA,1625,0,1461,0,2,1463,T
4-HA,1626,2,1,1468,0,1471,G
4-HA,1627,0,1,0,1469,1470,C
4-HA,1628,0,1429,0,2,1431,T
4-HA,1629,0,1430,0,0,1430,T
4-HA,1630,0,1422,0,0,1422,T
4-HA,1631,0,0,1456,0,1456,G
4-HA,1632,0,1452,0,0,1452,T
4-HA,1633,1,0,1452,0,1453,G
4-HA,1634,1,1448,0,2,1451,T
4-HA,1635,1,1413,0,0,1414,T
4-HA,1636,0,0,1436,0,1436,G
4-HA,1637,1,0,0,1429,1430,C
4-HA,1638,0,1430,0,2,1432,T
4-HA,1639,1,1446,0,0,1447,T
4-HA,1640,0,1353,0,0,1353,T
4-HA,1641,1,0,1361,0,1362,G
4-HA,1642,0,1354,1,1,1356,T
4-HA,1643,1,1348,0,1,1350,T
4-HA,1644,0,6,1349,0,1355,G
4-HA,1645,0,3,1316,0,1319,G
4-HA,1646,0,3,1314,0,1317,G
4-HA,1647,1,0,1326,0,1327,G
4-HA,1648,0,1278,0,0,1278,T
4-HA,1649,0,1268,0,2,1270,T
4-HA,1650,4,2,0,1239,1245,C
4-HA,1651,1225,0,2,0,1227,A
4-HA,1652,1,1247,0,1,1249,T
4-HA,1653,3,0,0,1247,1250,C
4-HA,1654,1251,0,1,0,1252,A
4-HA,1655,0,1209,0,0,1209,T
4-HA,1656,1,0,1195,0,1196,G
4-HA,1657,0,1182,0,1,1183,T
4-HA,1658,1,3,1162,0,1166,G
4-HA,1659,0,0,1142,0,1142,G
4-HA,1660,0,0,1125,0,1125,G
4-HA,1661,0,2,0,1098,1100,C
4-HA,1662,1,0,0,1082,1083,C
4-HA,1663,2,1018,0,2,1022,T
4-HA,1664,0,0,1028,0,1028,G
4-HA,1665,0,0,0,1029,1029,C
4-HA,1666,4,0,0,1028,1032,C
4-HA,1667,1026,0,0,0,1026,A
4-HA,1668,1019,0,0,0,1019,A
4-HA,1669,1022,0,0,0,1022,A
4-HA,1670,1018,0,0,0,1018,A
4-HA,1671,1019,0,1,0,1020,A
4-HA,1672,0,0,1023,0,1023,G
4-HA,1673,0,0,986,0,986,G
4-HA,1674,1,0,0,977,978,C
4-HA,1675,973,0,0,0,973,A
4-HA,1676,980,1,1,0,982,A
4-HA,1677,0,0,0,978,978,C
4-HA,1678,979,0,0,0,979,A
4-HA,1679,0,977,0,0,977,T
4-HA,1680,0,966,0,0,966,T
4-HA,1681,939,0,0,0,939,A
4-HA,1682,0,1,933,0,934,G
4-HA,1683,0,0,935,0,935,G
4-HA,1684,0,904,0,4,908,T
4-HA,1685,0,1,844,0,845,G
4-HA,1686,0,0,0,809,809,C
4-HA,1687,799,0,0,0,799,A
4-HA,1688,800,0,0,0,800,A
4-HA,1689,0,0,0,800,800,C
4-HA,1690,783,0,0,0,783,A
4-HA,1691,0,758,0,0,758,T
4-HA,1692,1,716,0,1,718,T
4-HA,1693,0,715,0,0,715,T
4-HA,1694,0,0,715,0,715,G
4-HA,1695,0,0,0,711,711,C
4-HA,1696,705,0,1,0,706,A
4-HA,1697,0,661,0,0,661,T
4-HA,1698,0,645,0,0,645,T
4-HA,1699,0,631,0,0,631,T
4-HA,1700,0,0,627,0,627,G
4-HA,1701,603,0,0,0,603,A
5-NP,1,206,0,0,0,206,A
5-NP,2,0,207,0,0,207,T
5-NP,3,0,0,206,0,206,G
5-NP,4,1,0,206,0,207,G
5-NP,5,0,0,0,206,206,C
5-NP,6,0,0,212,0,212,G
5-NP,7,0,222,0,1,223,T
5-NP,8,1,0,1,222,224,C
5-NP,9,2,0,0,224,226,C
5-NP,10,1,0,0,224,225,C
5-NP,11,227,0,0,0,227,A
5-NP,12,226,0,0,0,226,A
5-NP,13,0,0,225,0,225,G
5-NP,14,0,1,234,0,235,G
5-NP,15,0,0,0,240,240,C
5-NP,16,241,0,0,0,241,A
5-NP,17,0,0,0,244,244,C
5-NP,18,0,1,0,244,245,C
5-NP,19,246,0,0,0,246,A
5-NP,20,246,0,0,0,246,A
5-NP,21,245,0,0,0,245,A
5-NP,22,0,1,0,246,247,C
5-NP,23,0,0,247,0,247,G
5-NP,24,0,0,279,0,279,G
5-NP,25,0,279,0,0,279,T
5-NP,26,2,0,0,304,306,C
5-NP,27,0,306,0,0,306,T
5-NP,28,0,308,0,0,308,T
5-NP,29,310,0,0,0,310,A
5-NP,30,0,309,0,0,309,T
5-NP,31,0,1,308,0,309,G
5-NP,32,310,0,1,0,311,A
5-NP,33,305,0,0,0,305,A
5-NP,34,0,0,0,306,306,C
5-NP,35,301,0,0,0,301,A
5-NP,36,1,1,334,0,336,G
5-NP,37,334,0,0,0,334,A
5-NP,38,0,332,0,0,332,T
5-NP,39,0,0,331,0,331,G
5-NP,40,0,0,336,0,336,G
5-NP,41,334,1,0,0,335,A
5-NP,42,339,0,0,0,339,A
5-NP,43,339,0,1,0,340,A
5-NP,44,0,0,0,346,346,C
5-NP,45,0,336,0,0,336,T
5-NP,46,0,0,340,0,340,G
5-NP,47,339,1,1,0,341,A
5-NP,48,0,340,0,0,340,T
5-NP,49,0,0,342,0,342,G
5-NP,50,0,1,339,0,340,G
5-NP,51,0,0,339,0,339,G
5-NP,52,1,1,340,0,342,G
5-NP,53,341,0,0,0,341,A
5-NP,54,0,338,0,0,338,T
5-NP,55,1,0,0,346,347,C
5-NP,56,0,0,346,1,347,G
5-NP,57,0,0,0,348,348,C
5-NP,58,0,0,0,351,351,C
5-NP,59,348,0,0,0,348,A
5-NP,60,0,1,355,0,356,G
5-NP,61,354,0,0,0,354,A
5-NP,62,356,0,0,0,356,A
5-NP,63,0,356,0,0,356,T
5-NP,64,0,0,354,0,354,G
5-NP,65,0,1,0,358,359,C
5-NP,66,356,1,0,0,357,A
5-NP,67,368,0,1,0,369,A
5-NP,68,0,0,0,369,369,C
5-NP,69,0,366,0,0,366,T
5-NP,70,0,1,370,0,371,G
5-NP,71,372,0,0,0,372,A
5-NP,72,0,0,394,0,394,G
5-NP,73,394,0,0,0,394,A
5-NP,74,0,392,0,0,392,T
5-NP,75,0,396,0,0,396,T
5-NP,76,391,0,0,0,391,A
5-NP,77,0,0,390,0,390,G
5-NP,78,0,1,390,0,391,G
5-NP,79,0,0,390,0,390,G
5-NP,80,0,0,0,378,378,C
5-NP,81,372,0,0,0,372,A
5-NP,82,0,372,0,0,372,T
5-NP,83,0,0,0,374,374,C
5-NP,84,1,0,0,368,369,C
5-NP,85,0,0,379,0,379,G
5-NP,86,0,374,0,1,375,T
5-NP,87,1,0,0,375,376,C
5-NP,88,0,0,378,0,378,G
5-NP,89,0,0,377,0,377,G
5-NP,90,0,1,378,0,379,G
5-NP,91,379,0,0,0,379,A
5-NP,92,377,0,0,0,377,A
5-NP,93,0,1,381,0,382,G
5-NP,94,379,0,0,0,379,A
5-NP,95,0,378,0,0,378,T
5-NP,96,0,1,380,0,381,G
5-NP,97,378,0,0,0,378,A
5-NP,98,0,379,0,0,379,T
5-NP,99,0,375,0,0,375,T
5-NP,100,0,1,374,0,375,G
5-NP,101,375,1,0,0,376,A
5-NP,102,1,373,0,0,374,T
5-NP,103,0,0,375,0,375,G
5-NP,104,0,0,384,0,384,G
5-NP,105,386,0,0,0,386,A
5-NP,106,384,0,0,0,384,A
5-NP,107,0,385,0,0,385,T
5-NP,108,0,385,0,0,385,T
5-NP,109,0,1,383,0,384,G
5-NP,110,1,1,380,0,382,G
5-NP,111,0,1,382,0,383,G
5-NP,112,382,0,0,0,382,A
5-NP,113,0,0,379,0,379,G
5-NP,114,375,0,0,0,375,A
5-NP,115,0,382,0,0,382,T
5-NP,116,0,382,0,0,382,T
5-NP,117,1,1,0,381,383,C
5-NP,118,0,382,0,0,382,T
5-NP,119,391,0,0,0,391,A
5-NP,120,0,0,0,394,394,C
5-NP,121,405,0,0,0,405,A
5-NP,122,0,409,0,0,409,T
5-NP,123,1,0,0,408,409,C
5-NP,124,2,0,0,400,402,C
5-NP,125,402,0,0,0,402,A
5-NP,126,408,0,0,0,408,A
5-NP,127,410,0,0,0,410,A
5-NP,128,0,409,0,0,409,T
5-NP,129,0,0,407,0,407,G
5-NP,130,0,401,0,1,402,T
5-NP,131,1,0,410,0,411,G
5-NP,132,0,0,0,411,411,C
5-NP,133,407,0,1,0,408,A
5-NP,134,0,0,0,409,409,C
5-NP,135,0,404,0,0,404,T
5-NP,136,0,1,424,0,425,G
5-NP,137,436,0,0,0,436,A
5-NP,138,439,0,0,0,439,A
5-NP,139,0,0,0,446,446,C
5-NP,140,0,440,0,0,440,T
5-NP,141,0,442,0,0,442,T
5-NP,142,443,0,0,0,443,A
5-NP,143,447,0,0,0,447,A
5-NP,144,453,0,0,0,453,A
5-NP,145,0,0,0,456,456,C
5-NP,146,0,438,0,0,438,T
5-NP,147,0,0,0,437,437,C
5-NP,148,434,0,0,0,434,A
5-NP,149,0,0,439,0,439,G
5-NP,150,0,436,0,1,437,T
5-NP,151,0,1,442,0,443,G
5-NP,152,450,0,0,0,450,A
5-NP,153,0,447,0,1,448,T
5-NP,154,2,0,0,451,453,C
5-NP,155,455,0,0,0,455,A
5-NP,156,0,455,0,0,455,T
5-NP,157,0,0,462,0,462,G
5-NP,158,462,0,0,0,462,A
5-NP,159,456,0,0,0,456,A
5-NP,160,0,1,451,0,452,G
5-NP,161,0,2,451,0,453,G
5-NP,162,0,0,452,0,452,G
5-NP,163,1,0,0,443,444,C
5-NP,164,1,1,448,0,450,G
5-NP,165,0,0,450,0,450,G
5-NP,166,0,455,0,0,455,T
5-NP,167,0,454,0,0,454,T
5-NP,168,0,2,450,0,452,G
5-NP,169,493,0,2,0,495,A
5-NP,170,0,492,0,0,492,T
5-NP,171,1,1,0,492,494,C
5-NP,172,0,0,0,495,495,C
5-NP,173,486,1,1,0,488,A
5-NP,174,0,1,493,0,494,G
5-NP,175,491,0,0,0,491,A
5-NP,176,494,0,0,1,495,A
5-NP,177,1,0,0,496,497,C
5-NP,178,459,0,0,0,459,A
5-NP,179,0,0,472,0,472,G
5-NP,180,0,0,0,473,473,C
5-NP,181,0,472,0,0,472,T
5-NP,182,0,473,0,0,473,T
5-NP,183,0,3,472,0,475,G
5-NP,184,482,0,1,0,483,A
5-NP,185,0,0,0,487,487,C
5-NP,186,481,0,0,0,481,A
5-NP,187,482,0,0,0,482,A
5-NP,188,0,480,0,0,480,T
5-NP,189,481,0,0,0,481,A
5-NP,190,0,1,482,0,483,G
5-NP,191,477,0,0,0,477,A
5-NP,192,0,0,477,0,477,G
5-NP,193,477,1,0,0,478,A
5-NP,194,486,0,0,0,486,A
5-NP,195,485,0,1,0,486,A
5-NP,196,504,0,0,0,504,A
5-NP,197,0,503,0,0,503,T
5-NP,198,0,0,505,0,505,G
5-NP,199,0,0,505,0,505,G
5-NP,200,0,500,0,0,500,T
5-NP,201,494,0,0,0,494,A
5-NP,202,0,0,0,500,500,C
5-NP,203,0,499,0,0,499,T
5-NP,204,0,0,0,511,511,C
5-NP,205,0,499,0,1,500,T
5-NP,206,1,0,0,505,506,C
5-NP,207,0,505,0,0,505,T
5-NP,208,0,0,506,1,507,G
5-NP,209,0,0,0,508,508,C
5-NP,210,0,507,0,0,507,T
5-NP,211,0,504,0,0,504,T
5-NP,212,0,505,0,0,505,T
5-NP,213,1,500,0,0,501,T
5-NP,214,0,0,501,0,501,G
5-NP,215,493,0,4,0,497,A
5-NP,216,1,493,0,0,494,T
5-NP,217,0,0,495,1,496,G
5-NP,218,490,0,0,0,490,A
5-NP,219,495,0,0,0,495,A
5-NP,220,494,0,1,0,495,A
5-NP,221,1,0,494,0,495,G
5-NP,222,496,0,0,0,496,A
5-NP,223,496,0,1,0,497,A
5-NP,224,0,0,505,0,505,G
5-NP,225,1,0,514,0,515,G
5-NP,226,513,0,0,0,513,A
5-NP,227,511,0,0,0,511,A
5-NP,228,0,512,0,0,512,T
5-NP,229,512,0,1,0,513,A
5-NP,230,511,0,0,0,511,A
5-NP,231,513,0,0,0,513,A
5-NP,232,0,512,0,1,513,T
5-NP,233,506,0,0,0,506,A
5-NP,234,0,0,0,501,501,C
5-NP,235,1,0,0,493,494,C
5-NP,236,0,495,0,0,495,T
5-NP,237,0,1,496,0,497,G
5-NP,238,0,3,499,0,502,G
5-NP,239,505,0,0,0,505,A
5-NP,240,502,0,1,0,503,A
5-NP,241,0,0,515,0,515,G
5-NP,242,510,0,1,0,511,A
5-NP,243,505,0,2,0,507,A
5-NP,244,0,0,0,505,505,C
5-NP,245,501,0,0,0,501,A
5-NP,246,1,0,0,513,514,C
5-NP,247,0,0,0,511,511,C
5-NP,248,0,0,0,511,511,C
5-NP,249,0,0,0,512,512,C
5-NP,250,496,0,1,0,497,A
5-NP,251,0,0,501,0,501,G
5-NP,252,0,0,0,498,498,C
5-NP,253,1,0,500,0,501,G
5-NP,254,1,0,0,496,497,C
5-NP,255,0,0,488,0,488,G
5-NP,256,0,0,492,0,492,G
5-NP,257,0,1,493,0,494,G
5-NP,258,0,1,494,0,495,G
5-NP,259,496,0,0,0,496,A
5-NP,260,496,0,0,0,496,A
5-NP,261,497,0,0,0,497,A
5-NP,262,0,0,497,0,497,G
5-NP,263,492,0,0,0,492,A
5-NP,264,0,493,0,0,493,T
5-NP,265,1,0,0,488,489,C
5-NP,266,0,1,0,490,491,C
5-NP,267,2,0,0,489,491,C
5-NP,268,493,0,0,0,493,A
5-NP,269,496,0,0,0,496,A
5-NP,270,0,0,496,0,496,G
5-NP,271,493,0,0,0,493,A
5-NP,272,499,0,0,0,499,A
5-NP,273,497,0,0,0,497,A
5-NP,274,495,0,0,0,495,A
5-NP,275,0,0,0,500,500,C
5-NP,276,0,494,0,0,494,T
5-NP,277,0,2,483,0,485,G
5-NP,278,0,3,492,0,495,G
5-NP,279,0,1,498,0,499,G
5-NP,280,0,1,495,0,496,G
5-NP,281,0,2,500,0,502,G
5-NP,282,0,0,510,0,510,G
5-NP,283,0,0,0,554,554,C
5-NP,284,0,0,0,551,551,C
5-NP,285,2,0,0,558,560,C
5-NP,286,624,0,0,0,624,A
5-NP,287,0,628,0,0,628,T
5-NP,288,658,0,1,0,659,A
5-NP,289,0,657,0,0,657,T
5-NP,290,653,0,1,0,654,A
5-NP,291,0,0,0,658,658,C
5-NP,292,607,0,0,0,607,A
5-NP,293,0,1,616,1,618,G
5-NP,294,0,3,617,0,620,G
5-NP,295,564,0,0,0,564,A
5-NP,296,0,1,573,0,574,G
5-NP,297,548,0,1,0,549,A
5-NP,298,0,0,552,0,552,G
5-NP,299,0,549,0,0,549,T
5-NP,300,543,0,0,0,543,A
5-NP,301,0,0,545,0,545,G
5-NP,302,535,0,0,0,535,A
5-NP,303,0,535,0,0,535,T
5-NP,304,0,3,540,0,543,G
5-NP,305,0,1,543,0,544,G
5-NP,306,546,0,0,0,546,A
5-NP,307,543,0,0,0,543,A
5-NP,308,545,0,0,0,545,A
5-NP,309,542,0,0,0,542,A
5-NP,310,0,540,0,0,540,T
5-NP,311,0,1,543,0,544,G
5-NP,312,0,0,551,0,551,G
5-NP,313,548,0,0,0,548,A
5-NP,314,0,552,0,1,553,T
5-NP,315,0,0,554,0,554,G
5-NP,316,554,0,0,0,554,A
5-NP,317,0,1,557,0,558,G
5-NP,318,0,0,553,0,553,G
5-NP,319,1,3,598,0,602,G
5-NP,320,791,0,1,0,792,A
5-NP,321,835,0,1,0,836,A
5-NP,322,0,0,0,1004,1004,C
5-NP,323,0,1000,0,0,1000,T
5-NP,324,1,0,0,1149,1150,C
5-NP,325,0,0,1222,0,1222,G
5-NP,326,0,1330,0,0,1330,T
5-NP,327,1,0,0,1402,1403,C
5-NP,328,0,0,0,2574,2574,C
5-NP,329,0,2578,0,0,2578,T
5-NP,330,0,2645,0,0,2645,T
5-NP,331,0,2651,0,0,2651,T
5-NP,332,2690,0,1,0,2691,A
5-NP,333,0,2715,0,1,2716,T
5-NP,334,1,31,2697,0,2729,G
5-NP,335,2805,0,5,0,2810,A
5-NP,336,2,0,0,2827,2829,C
5-NP,337,2812,0,0,0,2812,A
5-NP,338,2840,0,1,0,2841,A
5-NP,339,2912,0,1,0,2913,A
5-NP,340,0,2,3437,0,3439,G
5-NP,341,3437,0,0,0,3437,A
5-NP,342,3452,0,9,0,3461,A
5-NP,343,0,7,4016,0,4023,G
5-NP,344,4136,0,1,0,4137,A
5-NP,345,4117,0,62,0,4179,A
5-NP,346,4180,0,1,1,4182,A
5-NP,347,0,4186,0,1,4187,T
5-NP,348,4203,0,0,0,4203,A
5-NP,349,4223,1,5,0,4229,A
5-NP,350,0,8,4447,1,4456,G
5-NP,351,0,0,4469,1,4470,G
5-NP,352,2,3,0,4468,4473,C
5-NP,353,0,14,4459,0,4473,G
5-NP,354,4580,0,1,0,4581,A
5-NP,355,4742,0,1,0,4743,A
5-NP,356,0,4784,0,2,4786,T
5-NP,357,4,1,1,4779,4785,C
5-NP,358,1,4782,0,2,4785,T
5-NP,359,4,8,4800,0,4812,G
5-NP,360,2,2,4825,0,4829,G
5-NP,361,1,4,0,4876,4881,C
5-NP,362,3,1,4863,0,4867,G
5-NP,363,2,1,1,4881,4885,C
5-NP,364,11,2,0,4863,4876,C
5-NP,365,4928,0,3,0,4931,A
5-NP,366,5121,0,3,0,5124,A
5-NP,367,1,1,5435,0,5437,G
5-NP,368,0,1,0,5470,5471,C
5-NP,369,6,1,0,5643,5650,C
5-NP,370,5676,0,4,2,5682,A
5-NP,371,5877,1,7,2,5887,A
5-NP,372,0,0,0,6068,6068,C
5-NP,373,6078,0,2,0,6080,A
5-NP,374,6376,0,4,0,6380,A
5-NP,375,1,6406,0,4,6411,T
5-NP,376,1,19,6804,0,6824,G
5-NP,377,0,0,6843,1,6844,G
5-NP,378,2,6809,0,16,6827,T
5-NP,379,0,16,6856,0,6872,G
5-NP,380,6833,0,17,0,6850,A
5-NP,381,0,7,7325,0,7332,G
5-NP,382,0,7,7364,0,7371,G
5-NP,383,7569,0,2,0,7571,A
5-NP,384,0,8718,1,1,8720,T
5-NP,385,2,2,8942,0,8946,G
5-NP,386,1,2,1,9012,9016,C
5-NP,387,6,9020,0,10,9036,T
5-NP,388,9115,3,5,0,9123,A
5-NP,389,2,0,0,9396,9398,C
5-NP,390,9443,1,2,1,9447,A
5-NP,391,1,9454,0,3,9458,T
5-NP,392,4,1,0,9414,9419,C
5-NP,393,0,9177,1,8,9186,T
5-NP,394,4,18,9895,0,9917,G
5-NP,395,40,2,10293,0,10335,G
5-NP,396,3,10333,1,19,10356,T
5-NP,397,35,0,0,10346,10381,C
5-NP,398,0,10328,0,3,10331,T
5-NP,399,10575,1,4,0,10580,A
5-NP,400,10597,0,5,0,10602,A
5-NP,401,0,2,0,10729,10731,C
5-NP,402,1,10699,0,25,10725,T
5-NP,403,22,1,1,10866,10890,C
5-NP,404,10856,2,11,0,10869,A
5-NP,405,1,0,0,11535,11536,C
5-NP,406,11526,1,4,0,11531,A
5-NP,407,0,11597,1,1,11599,T
5-NP,408,11507,1,4,1,11513,A
5-NP,409,11585,0,4,1,11590,A
5-NP,410,1,11712,0,3,11716,T
5-NP,411,1,42,11849,0,11892,G
5-NP,412,11877,0,2,0,11879,A
5-NP,413,2,11838,0,3,11843,T
5-NP,414,0,11681,0,2,11683,T
5-NP,415,0,11711,1,5,11717,T
5-NP,416,2,32,11661,0,11695,G
5-NP,417,4,3,11713,0,11720,G
5-NP,418,1,4,0,11730,11735,C
5-NP,419,11730,2,5,0,11737,A
5-NP,420,0,11768,0,10,11778,T
5-NP,421,3,11736,1,9,11749,T
5-NP,422,22,0,0,11753,11775,C
5-NP,423,23,3,1,11788,11815,C
5-NP,424,12077,2,7,1,12087,A
5-NP,425,12088,1,1,0,12090,A
5-NP,426,1,12123,0,3,12127,T
5-NP,427,2,12105,0,1,12108,T
5-NP,428,1,12104,0,3,12108,T
5-NP,429,1,38,12202,0,12241,G
5-NP,430,12215,1,13,0,12229,A
5-NP,431,12257,0,6,0,12263,A
5-NP,432,2,12345,1,2,12350,T
5-NP,433,1,27,12234,0,12262,G
5-NP,434,12892,0,26,0,12918,A
5-NP,435,2,12964,1,1,12968,T
5-NP,436,2,2,13053,0,13057,G
5-NP,437,2,3,0,13548,13553,C
5-NP,438,13495,2,14,1,13512,A
5-NP,439,14351,0,15,0,14366,A
5-NP,440,1,3,0,14383,14387,C
5-NP,441,14639,0,4,0,14643,A
5-NP,442,0,15141,0,4,15145,T
5-NP,443,14856,2,8,0,14866,A
5-NP,444,0,3,2,15197,15202,C
5-NP,445,15,6,1,15166,15188,C
5-NP,446,14897,0,7,0,14904,A
5-NP,447,1,25,15114,0,15140,G
5-NP,448,14738,2,23,1,14764,A
5-NP,449,4,43,15248,0,15295,G
5-NP,450,0,29,15237,0,15266,G
5-NP,451,15119,2,23,2,15146,A
5-NP,452,1,3,0,15369,15373,C
5-NP,453,15209,2,6,0,15217,A
5-NP,454,15173,0,25,0,15198,A
5-NP,455,2,51,15242,0,15295,G
5-NP,456,15116,0,21,2,15139,A
5-NP,457,1,4,15277,0,15282,G
5-NP,458,9,1,0,15184,15194,C
5-NP,459,0,15047,0,33,15080,T
5-NP,460,42,3,1,15154,15200,C
5-NP,461,3,15126,2,17,15148,T
5-NP,462,2,15215,0,2,15219,T
5-NP,463,0,4,15287,0,15291,G
5-NP,464,1,15210,1,6,15218,T
5-NP,465,2,15197,0,10,15209,T
5-NP,466,58,11,1,15101,15171,C
5-NP,467,6,86,15079,0,15171,G
5-NP,468,15516,0,3,0,15519,A
5-NP,469,15490,3,7,0,15500,A
5-NP,470,3,1,0,15670,15674,C
5-NP,471,1,15611,0,12,15624,T
5-NP,472,3,29,15943,0,15975,G
5-NP,473,1,30,16004,0,16035,G
5-NP,474,16032,3,16,0,16051,A
5-NP,475,16034,3,36,1,16074,A
5-NP,476,1,16060,0,2,16063,T
5-NP,477,2,49,15998,0,16049,G
5-NP,478,1,30,16081,0,16112,G
5-NP,479,16211,2,13,0,16226,A
5-NP,480,1,16369,0,13,16383,T
5-NP,481,17,3,0,16356,16376,C
5-NP,482,31,4,0,16334,16369,C
5-NP,483,38,5,0,16391,16434,C
5-NP,484,16540,3,10,1,16554,A
5-NP,485,1,30,16723,0,16754,G
5-NP,486,16737,1,3,0,16741,A
5-NP,487,16683,3,6,1,16693,A
5-NP,488,1,16540,3,3,16547,T
5-NP,489,13,2,16724,0,16739,G
5-NP,490,0,16592,3,25,16620,T
5-NP,491,5,3,16691,0,16699,G
5-NP,492,4,1,0,16711,16716,C
5-NP,493,2,16605,1,26,16634,T
5-NP,494,50,1,0,17669,17720,C
5-NP,495,1,17560,1,15,17577,T
5-NP,496,36,2,0,18338,18376,C
5-NP,497,0,18319,4,10,18333,T
5-NP,498,1,31,18349,0,18381,G
5-NP,499,18479,4,20,1,18504,A
5-NP,500,2,18435,1,5,18443,T
5-NP,501,7,5,18428,0,18440,G
5-NP,502,5,7,0,18410,18422,C
5-NP,503,17788,3,23,0,17814,A
5-NP,504,3,48,18278,0,18329,G
5-NP,505,2,29,17960,0,17991,G
5-NP,506,5,0,18166,0,18171,G
5-NP,507,7,3,2,18132,18144,C
5-NP,508,0,18031,3,17,18051,T
5-NP,509,34,7,1,18136,18178,C
5-NP,510,5,69,18085,0,18159,G
5-NP,511,18374,1,20,0,18395,A
5-NP,512,3,2,0,18429,18434,C
5-NP,513,0,18087,0,14,18101,T
5-NP,514,39,0,0,18941,18980,C
5-NP,515,1,18805,2,16,18824,T
5-NP,516,46,4,1,21516,21567,C
5-NP,517,38,4,0,21571,21613,C
5-NP,518,88,4,0,21576,21668,C
5-NP,519,0,21640,1,6,21647,T
5-NP,520,21520,0,4,0,21524,A
5-NP,521,2,24,21508,0,21534,G
5-NP,522,21475,1,1,1,21478,A
5-NP,523,20835,0,19,2,20856,A
5-NP,524,4,54,20858,0,20916,G
5-NP,525,0,4,20476,1,20481,G
5-NP,526,2,20155,0,13,20170,T
5-NP,527,46,3,0,20154,20203,C
5-NP,528,37,26,0,20150,20213,C
5-NP,529,17,25,20188,0,20230,G
5-NP,530,2,50,20338,0,20390,G
5-NP,531,20321,2,28,1,20352,A
5-NP,532,4,2,20648,1,20655,G
5-NP,533,2,1,0,20747,20750,C
5-NP,534,3,20314,2,26,20345,T
5-NP,535,8,2,20419,0,20429,G
5-NP,536,1,6,1,20451,20459,C
5-NP,537,20402,2,38,1,20443,A
5-NP,538,4,19,20505,1,20529,G
5-NP,539,5,5,20607,0,20617,G
5-NP,540,1,20523,1,6,20531,T
5-NP,541,5,7,20431,0,20443,G
5-NP,542,3,7,1,20498,20509,C
5-NP,543,0,20473,1,18,20492,T
5-NP,544,4,5,20547,0,20556,G
5-NP,545,3,8,1,20531,20543,C
5-NP,546,20734,3,12,0,20749,A
5-NP,547,3,0,21098,0,21101,G
5-NP,548,3,20859,0,9,20871,T
5-NP,549,80,2,2,20861,20945,C
5-NP,550,20890,0,4,0,20894,A
5-NP,551,20890,4,17,2,20913,A
5-NP,552,20861,3,38,3,20905,A
5-NP,553,5,38,20973,1,21017,G
5-NP,554,3,54,21048,0,21105,G
5-NP,555,21003,2,10,1,21016,A
5-NP,556,20857,0,7,1,20865,A
5-NP,557,0,20873,0,2,20875,T
5-NP,558,37,10,1,20800,20848,C
5-NP,559,12,66,20768,1,20847,G
5-NP,560,5,28,21465,0,21498,G
5-NP,561,4,45,21484,0,21533,G
5-NP,562,21403,4,25,5,21437,A
5-NP,563,2,3,0,21509,21514,C
5-NP,564,21235,1,7,1,21244,A
5-NP,565,21714,1,16,0,21731,A
5-NP,566,2,21803,1,3,21809,T
5-NP,567,1,34,21969,0,22004,G
5-NP,568,1,3,22444,0,22448,G
5-NP,569,5,22085,0,18,22108,T
5-NP,570,579,33,21655,0,22267,G
5-NP,571,22267,2,16,1,22286,A
5-NP,572,4,22208,1,11,22224,T
5-NP,573,3,38,22202,0,22243,G
5-NP,574,4,58,22363,0,22425,G
5-NP,575,22282,2,22,0,22306,A
5-NP,576,22307,1,10,0,22318,A
5-NP,577,4,4,0,22273,22281,C
5-NP,578,2,21476,0,4,21482,T
5-NP,579,9,85,22395,1,22490,G
5-NP,580,22373,3,9,0,22385,A
5-NP,581,2,22375,2,2,22381,T
5-NP,582,63,8,2,22362,22435,C
5-NP,583,22014,3,14,3,22034,A
5-NP,584,2,33,22450,0,22485,G
5-NP,585,22418,0,7,0,22425,A
5-NP,586,22436,1,3,1,22441,A
5-NP,587,3,22429,1,5,22438,T
5-NP,588,1,87,21598,0,21686,G
5-NP,589,21476,3,30,0,21509,A
5-NP,590,5,22107,0,8,22120,T
5-NP,591,74,0,2,22127,22203,C
5-NP,592,22246,2,3,1,22252,A
5-NP,593,22105,1,6,0,22112,A
5-NP,594,22140,0,8,0,22148,A
5-NP,595,4,27,3,22149,22183,C
5-NP,596,9,67,22021,2,22099,G
5-NP,597,2,70,22142,1,22215,G
5-NP,598,5,71,22023,1,22100,G
5-NP,599,10,39,22133,0,22182,G
5-NP,600,6,49,22205,0,22260,G
5-NP,601,22205,2,27,2,22236,A
5-NP,602,1,21977,1,17,21996,T
5-NP,603,49,6,1,21984,22040,C
5-NP,604,22057,1,25,0,22083,A
5-NP,605,22089,1,23,0,22113,A
5-NP,606,1,15,1,21852,21869,C
5-NP,607,3,62,21711,0,21776,G
5-NP,608,21709,3,8,1,21721,A
5-NP,609,7,21538,1,133,21679,T
5-NP,610,57,8,0,21650,21715,C
5-NP,611,8,28,21701,1,21738,G
5-NP,612,21648,2,4,0,21654,A
5-NP,613,21657,0,6,2,21665,A
5-NP,614,21679,1,3,0,21683,A
5-NP,615,0,22000,1,3,22004,T
5-NP,616,3,21972,1,4,21980,T
5-NP,617,1,21952,1,2,21956,T
5-NP,618,1,21993,3,2,21999,T
5-NP,619,2,22030,0,7,22039,T
5-NP,620,2,46,22025,2,22075,G
5-NP,621,1,54,22000,0,22055,G
5-NP,622,21873,4,19,1,21897,A
5-NP,623,1,30,22082,1,22114,G
5-NP,624,21642,2,10,2,21656,A
5-NP,625,1,29,22967,0,22997,G
5-NP,626,2,2,23120,1,23125,G
5-NP,627,4,22874,4,40,22922,T
5-NP,628,1,73,23068,0,23142,G
5-NP,629,23025,5,49,0,23079,A
5-NP,630,2,49,23195,1,23247,G
5-NP,631,23147,1,25,0,23173,A
5-NP,632,23084,2,9,1,23096,A
5-NP,633,0,22998,1,2,23001,T
5-NP,634,4,88,21879,1,21972,G
5-NP,635,4,26,21695,0,21725,G
5-NP,636,8,5,21734,0,21747,G
5-NP,637,13,21,0,21627,21661,C
5-NP,638,5,48,21656,1,21710,G
5-NP,639,0,31,21765,0,21796,G
5-NP,640,21742,2,8,0,21752,A
5-NP,641,21815,1,1,0,21817,A
5-NP,642,22123,0,7,0,22130,A
5-NP,643,22152,1,45,4,22202,A
5-NP,644,3,2,1,22347,22353,C
5-NP,645,22278,1,9,0,22288,A
5-NP,646,22263,0,19,0,22282,A
5-NP,647,0,24,22265,1,22290,G
5-NP,648,21689,1,27,1,21718,A
5-NP,649,21763,0,8,0,21771,A
5-NP,650,1,1,22303,1,22306,G
5-NP,651,1,22241,3,6,22251,T
5-NP,652,5,10,23382,0,23397,G
5-NP,653,8,5,1,23288,23302,C
5-NP,654,0,23293,1,24,23318,T
5-NP,655,0,23379,4,6,23389,T
5-NP,656,23645,3,5,1,23654,A
5-NP,657,5,23660,0,3,23668,T
5-NP,658,3,51,23718,0,23772,G
5-NP,659,23086,2,43,0,23131,A
5-NP,660,5,61,23192,1,23259,G
5-NP,661,22051,4,24,0,22079,A
5-NP,662,1,40,22188,1,22230,G
5-NP,663,22152,1,12,1,22166,A
5-NP,664,22415,2,4,1,22422,A
5-NP,665,2,22230,0,4,22236,T
5-NP,666,4,5,22575,4,22588,G
5-NP,667,3,22407,0,38,22448,T
5-NP,668,11,6,22549,0,22566,G
5-NP,669,7,10,0,22514,22531,C
5-NP,670,22457,0,14,1,22472,A
5-NP,671,22453,4,36,0,22493,A
5-NP,672,4,3,0,22424,22431,C
5-NP,673,22227,0,4,0,22231,A
5-NP,674,0,22288,0,3,22291,T
5-NP,675,1,21909,0,72,21982,T
5-NP,676,43,4,0,21973,22020,C
5-NP,677,2,21950,1,3,21956,T
5-NP,678,0,21981,0,1,21982,T
5-NP,679,21987,3,3,0,21993,A
5-NP,680,21871,2,5,0,21878,A
5-NP,681,21874,0,10,0,21884,A
5-NP,682,2,44,21855,0,21901,G
5-NP,683,6,30,21819,0,21855,G
5-NP,684,21766,0,14,0,21780,A
5-NP,685,21735,1,5,2,21743,A
5-NP,686,21751,0,5,0,21756,A
5-NP,687,22083,0,1,1,22085,A
5-NP,688,2,22042,1,5,22050,T
5-NP,689,1,22065,3,3,22072,T
5-NP,690,0,22089,2,12,22103,T
5-NP,691,46,2,1,22039,22088,C
5-NP,692,22110,0,19,1,22130,A
5-NP,693,22112,3,7,3,22125,A
5-NP,694,22114,2,8,1,22125,A
5-NP,695,6,5,0,22437,22448,C
5-NP,696,22094,0,10,0,22104,A
5-NP,697,2,3,22629,0,22634,G
5-NP,698,2,5,0,22629,22636,C
5-NP,699,0,22567,1,21,22589,T
5-NP,700,12,4,22985,1,23002,G
5-NP,701,3,11,1,22902,22917,C
5-NP,702,23084,7,25,0,23116,A
5-NP,703,3,7,1,23132,23143,C
5-NP,704,22890,1,10,8,22909,A
5-NP,705,23004,1,17,0,23022,A
5-NP,706,22431,1,19,0,22451,A
5-NP,707,0,82,23386,0,23468,G
5-NP,708,23317,3,41,1,23362,A
5-NP,709,7,5,23401,0,23413,G
5-NP,710,4,11,0,23309,23324,C
5-NP,711,23282,1,10,1,23294,A
5-NP,712,24093,1,14,0,24108,A
5-NP,713,2,24092,0,6,24100,T
5-NP,714,4,47,24174,0,24225,G
5-NP,715,2,4,24359,0,24365,G
5-NP,716,4,23473,2,29,23508,T
5-NP,717,14,56,23503,1,23574,G
5-NP,718,6,46,23729,0,23781,G
5-NP,719,23737,0,20,1,23758,A
5-NP,720,1,23681,2,15,23699,T
5-NP,721,63,3,0,22896,22962,C
5-NP,722,23069,3,6,0,23078,A
5-NP,723,23325,1,14,2,23342,A
5-NP,724,3,2,23457,0,23462,G
5-NP,725,5,23225,0,7,23237,T
5-NP,726,2,56,23216,0,23274,G
5-NP,727,22951,3,35,0,22989,A
5-NP,728,4,66,23047,0,23117,G
5-NP,729,23017,0,22,0,23039,A
5-NP,730,5,29,23061,0,23095,G
5-NP,731,22934,2,16,1,22953,A
5-NP,732,22512,0,2,1,22515,A
5-NP,733,22593,2,75,0,22670,A
5-NP,734,0,5,22811,2,22818,G
5-NP,735,1,22693,1,10,22705,T
5-NP,736,75,15,1,22673,22764,C
5-NP,737,15,41,22647,0,22703,G
5-NP,738,2,46,22705,0,22753,G
5-NP,739,22768,0,12,0,22780,A
5-NP,740,22871,3,4,0,22878,A
5-NP,741,3,4,1,22945,22953,C
5-NP,742,36,6,2,22783,22827,C
5-NP,743,80,5,0,22786,22871,C
5-NP,744,22677,0,29,0,22706,A
5-NP,745,5,24,22802,0,22831,G
5-NP,746,1,34,22799,0,22834,G
5-NP,747,22784,2,4,0,22790,A
5-NP,748,22774,1,11,1,22787,A
5-NP,749,22662,1,15,3,22681,A
5-NP,750,4,12,0,22753,22769,C
5-NP,751,5,4,22695,0,22704,G
5-NP,752,6,2,0,22693,22701,C
5-NP,753,2,22636,0,20,22658,T
5-NP,754,2,38,22663,1,22704,G
5-NP,755,22547,5,14,1,22567,A
5-NP,756,1,37,22930,1,22969,G
5-NP,757,22989,1,15,0,23005,A
5-NP,758,2,22969,1,8,22980,T
5-NP,759,40,9,0,22711,22760,C
5-NP,760,7,31,22784,1,22823,G
5-NP,761,22774,3,9,2,22788,A
5-NP,762,22784,1,12,2,22799,A
5-NP,763,5,24,22843,0,22872,G
5-NP,764,22893,2,4,6,22905,A
5-NP,765,3,22682,1,10,22696,T
5-NP,766,28,1,1,22878,22908,C
5-NP,767,3,22839,1,26,22869,T
5-NP,768,54,2,2,22935,22993,C
5-NP,769,23059,0,2,1,23062,A
5-NP,770,2,23023,0,5,23030,T
5-NP,771,23097,1,3,1,23102,A
5-NP,772,3,23008,1,2,23014,T
5-NP,773,3,22871,1,7,22882,T
5-NP,774,3,22801,2,5,22811,T
5-NP,775,0,22577,0,4,22581,T
5-NP,776,2,22622,1,2,22627,T
5-NP,777,22688,1,28,2,22719,A
5-NP,778,2,6,22669,1,22678,G
5-NP,779,1,1,0,22704,22706,C
5-NP,780,22629,1,4,0,22634,A
5-NP,781,22566,2,6,1,22575,A
5-NP,782,3,35,23426,0,23464,G
5-NP,783,23415,3,8,1,23427,A
5-NP,784,4,23468,1,2,23475,T
5-NP,785,15,3,1,23635,23654,C
5-NP,786,3,23463,2,43,23511,T
5-NP,787,12,9,24198,1,24220,G
5-NP,788,3,7,1,24287,24298,C
5-NP,789,24308,0,14,0,24322,A
5-NP,790,2,24544,1,9,24556,T
5-NP,791,1,23660,1,7,23669,T
5-NP,792,3,32,25223,0,25258,G
5-NP,793,25691,2,23,3,25719,A
5-NP,794,1,25727,0,9,25737,T
5-NP,795,25835,0,3,0,25838,A
5-NP,796,1,25369,1,5,25376,T
5-NP,797,4,25194,2,6,25206,T
5-NP,798,5,61,25315,0,25381,G
5-NP,799,25097,1,14,1,25113,A
5-NP,800,1,31,25321,2,25355,G
5-NP,801,24011,2,51,5,24069,A
5-NP,802,0,67,23681,1,23749,G
5-NP,803,4,51,24146,0,24201,G
5-NP,804,24102,4,12,1,24119,A
5-NP,805,2,24037,0,20,24059,T
5-NP,806,50,4,1,24157,24212,C
5-NP,807,24106,3,5,0,24114,A
5-NP,808,4,2,24219,0,24225,G
5-NP,809,2,24113,0,14,24129,T
5-NP,810,4,23901,0,4,23909,T
5-NP,811,2,11,23930,0,23943,G
5-NP,812,2,6,0,23651,23659,C
5-NP,813,2,23615,2,29,23648,T
5-NP,814,101,6,0,23724,23831,C
5-NP,815,23832,3,16,0,23851,A
5-NP,816,5,3,0,23862,23870,C
5-NP,817,23823,0,2,1,23826,A
5-NP,818,23995,1,2,0,23998,A
5-NP,819,24010,1,1,1,24013,A
5-NP,820,0,23915,0,6,23921,T
5-NP,821,35,0,0,23962,23997,C
5-NP,822,2,23907,1,39,23949,T
5-NP,823,4,23945,1,9,23959,T
5-NP,824,4,8,24034,2,24048,G
5-NP,825,8,7,4,23989,24008,C
5-NP,826,23,4,0,24244,24271,C
5-NP,827,2,24186,0,24,24212,T
5-NP,828,24248,0,6,1,24255,A
5-NP,829,2,2,1,24273,24278,C
5-NP,830,29,1,0,24233,24263,C
5-NP,831,2,24069,1,70,24142,T
5-NP,832,9,5,24329,1,24344,G
5-NP,833,6,2,0,24174,24182,C
5-NP,834,28,4,3,24188,24223,C
5-NP,835,0,23686,0,67,23753,T
5-NP,836,6,11,23714,0,23731,G
5-NP,837,5,220,0,23492,23717,C
5-NP,838,6,6,23983,3,23998,G
5-NP,839,15,11,1,24435,24462,C
5-NP,840,6,3,24823,0,24832,G
5-NP,841,1,24618,3,8,24630,T
5-NP,842,24618,2,7,2,24629,A
5-NP,843,2,24614,0,10,24626,T
5-NP,844,3,63,24585,0,24651,G
5-NP,845,3,78,25800,0,25881,G
5-NP,846,25778,3,23,0,25804,A
5-NP,847,9,5,0,25687,25701,C
5-NP,848,32,3,0,25367,25402,C
5-NP,849,4,25002,2,39,25047,T
5-NP,850,10,6,26407,1,26424,G
5-NP,851,2,6,0,26458,26466,C
5-NP,852,26481,5,30,0,26516,A
5-NP,853,3,2,27017,1,27023,G
5-NP,854,1,25594,1,19,25615,T
5-NP,855,26808,0,5,0,26813,A
5-NP,856,2,26664,3,23,26692,T
5-NP,857,31,3,3,26597,26634,C
5-NP,858,31,4,1,26632,26668,C
5-NP,859,25390,1,12,1,25404,A
5-NP,860,4,1,25554,0,25559,G
5-NP,861,4,25370,1,12,25387,T
5-NP,862,5,95,25737,1,25838,G
5-NP,863,3,50,25651,0,25704,G
5-NP,864,3,6,25315,0,25324,G
5-NP,865,1,25246,1,16,25264,T
5-NP,866,25166,2,18,0,25186,A
5-NP,867,2,13,0,25091,25106,C
5-NP,868,3,104,24918,0,25025,G
5-NP,869,24885,2,18,2,24907,A
5-NP,870,2,1,0,24932,24935,C
5-NP,871,0,24163,1,9,24173,T
5-NP,872,1,24219,1,5,24226,T
5-NP,873,38,5,2,24137,24182,C
5-NP,874,8,36,24179,1,24224,G
5-NP,875,24217,4,8,0,24229,A
5-NP,876,24220,5,6,0,24231,A
5-NP,877,24290,1,4,0,24295,A
5-NP,878,24263,1,1,0,24265,A
5-NP,879,24213,0,17,0,24230,A
5-NP,880,5,39,24308,0,24352,G
5-NP,881,24225,5,36,0,24266,A
5-NP,882,3,86,24419,1,24509,G
5-NP,883,5,55,24748,0,24808,G
5-NP,884,5,30,24789,0,24824,G
5-NP,885,24891,0,19,0,24910,A
5-NP,886,1,24877,0,17,24895,T
5-NP,887,25081,1,8,0,25090,A
5-NP,888,0,25062,0,5,25067,T
5-NP,889,4,25144,2,9,25159,T
5-NP,890,53,4,0,25273,25330,C
5-NP,891,30,1,1,25097,25129,C
5-NP,892,4,24763,2,7,24776,T
5-NP,893,2,24747,2,2,24753,T
5-NP,894,0,36,25019,1,25056,G
5-NP,895,5,3,25198,1,25207,G
5-NP,896,4,24977,1,19,25001,T
5-NP,897,7,74,24845,1,24927,G
5-NP,898,16,31,24741,0,24788,G
5-NP,899,12,49,26187,1,26249,G
5-NP,900,26234,4,14,1,26253,A
5-NP,901,26282,2,7,1,26292,A
5-NP,902,0,26307,1,4,26312,T
5-NP,903,25841,1,14,1,25857,A
5-NP,904,1,54,25797,1,25853,G
5-NP,905,25586,1,39,2,25628,A
5-NP,906,6,2,0,25570,25578,C
5-NP,907,51,2,0,25308,25361,C
5-NP,908,85,1,1,24340,24427,C
5-NP,909,0,24573,1,48,24622,T
5-NP,910,1,24627,2,14,24644,T
5-NP,911,6,24631,2,9,24648,T
5-NP,912,51,0,1,24636,24688,C
5-NP,913,24634,1,3,0,24638,A
5-NP,914,24656,1,5,0,24662,A
5-NP,915,24588,2,9,1,24600,A
5-NP,916,2,2,0,24612,24616,C
5-NP,917,0,23987,2,7,23996,T
5-NP,918,23901,5,5,1,23912,A
5-NP,919,1,1,1,24182,24185,C
5-NP,920,4,24066,1,42,24113,T
5-NP,921,1,24024,1,13,24039,T
5-NP,922,33,3,0,24126,24162,C
5-NP,923,24129,2,7,1,24139,A
5-NP,924,24147,3,2,0,24152,A
5-NP,925,24062,0,1,3,24066,A
5-NP,926,24083,1,4,0,24088,A
5-NP,927,1,23885,1,2,23889,T
5-NP,928,23529,3,14,0,23546,A
5-NP,929,7,6,23888,0,23901,G
5-NP,930,3,1,1,23942,23947,C
5-NP,931,35,4,1,24259,24299,C
5-NP,932,24330,3,6,0,24339,A
5-NP,933,24435,0,3,0,24438,A
5-NP,934,25342,1,2,1,25346,A
5-NP,935,1,25392,0,1,25394,T
5-NP,936,25557,3,2,0,25562,A
5-NP,937,2,25521,1,5,25529,T
5-NP,938,25140,4,14,1,25159,A
5-NP,939,3,9,3,25221,25236,C
5-NP,940,24676,2,20,0,24698,A
5-NP,941,1,2,25383,0,25386,G
5-NP,942,3,1,0,25302,25306,C
5-NP,943,2,24480,1,28,24511,T
5-NP,944,1,24673,0,11,24685,T
5-NP,945,24867,2,1,2,24872,A
5-NP,946,24931,3,4,1,24939,A
5-NP,947,2,24873,1,3,24879,T
5-NP,948,46,6,0,24853,24905,C
5-NP,949,24081,1,16,2,24100,A
5-NP,950,3,52,24337,0,24392,G
5-NP,951,24334,3,25,2,24364,A
5-NP,952,3,0,0,24551,24554,C
5-NP,953,31,1,1,24382,24415,C
5-NP,954,2,24024,0,28,24054,T
5-NP,955,24255,0,9,0,24264,A
5-NP,956,24253,3,21,0,24277,A
5-NP,957,4,11,0,24388,24403,C
5-NP,958,6,76,24316,1,24399,G
5-NP,959,23879,3,11,0,23893,A
5-NP,960,5,39,23934,0,23978,G
5-NP,961,23759,0,11,0,23770,A
5-NP,962,24053,1,7,0,24061,A
5-NP,963,2,23967,0,4,23973,T
5-NP,964,28,0,1,23760,23789,C
5-NP,965,35,7,0,23779,23821,C
5-NP,966,23433,8,35,1,23477,A
5-NP,967,7,2,23685,1,23695,G
5-NP,968,8,8,1,23645,23662,C
5-NP,969,23866,3,38,0,23907,A
5-NP,970,0,4,1,24046,24051,C
5-NP,971,23615,5,16,2,23638,A
5-NP,972,3,7,0,23711,23721,C
5-NP,973,23656,3,14,0,23673,A
5-NP,974,23801,1,30,2,23834,A
5-NP,975,30,67,23843,0,23940,G
5-NP,976,23548,1,50,0,23599,A
5-NP,977,3,3,23711,0,23717,G
5-NP,978,0,23163,1,22,23186,T
5-NP,979,90,1,1,23069,23161,C
5-NP,980,23077,0,38,2,23117,A
5-NP,981,26,5,23101,1,23133,G
5-NP,982,6,7,0,23088,23101,C
5-NP,983,1,22857,0,15,22873,T
5-NP,984,5,36,23281,2,23324,G
5-NP,985,3,2,23457,0,23462,G
5-NP,986,1,23214,1,10,23226,T
5-NP,987,3,3,23453,0,23459,G
5-NP,988,0,23147,2,11,23160,T
5-NP,989,5,70,23110,1,23186,G
5-NP,990,5,17,23108,2,23132,G
5-NP,991,22959,4,39,1,23003,A
5-NP,992,3,23067,0,21,23091,T
5-NP,993,7,45,22034,0,22086,G
5-NP,994,7,2,21958,0,21967,G
5-NP,995,3,4,1,21899,21907,C
5-NP,996,21710,2,24,0,21736,A
5-NP,997,3,21709,3,18,21733,T
5-NP,998,14,5,21586,0,21605,G
5-NP,999,3,5,0,21797,21805,C
5-NP,1000,42,9,1,21772,21824,C
5-NP,1001,21952,0,9,0,21961,A
5-NP,1002,5,21825,1,18,21849,T
5-NP,1003,2,21575,0,10,21587,T
5-NP,1004,36,3,0,21676,21715,C
5-NP,1005,1,21428,0,13,21442,T
5-NP,1006,5,5,21431,0,21441,G
5-NP,1007,5,1,0,21418,21424,C
5-NP,1008,3,20753,0,42,20798,T
5-NP,1009,13,5,20930,0,20948,G
5-NP,1010,8,7,1,20591,20607,C
5-NP,1011,20655,0,4,0,20659,A
5-NP,1012,1,20643,1,5,20650,T
5-NP,1013,4,20474,2,5,20485,T
5-NP,1014,4,20471,1,4,20480,T
5-NP,1015,3,29,20438,1,20471,G
5-NP,1016,20408,3,23,1,20435,A
5-NP,1017,20422,4,19,0,20445,A
5-NP,1018,1,20,20564,0,20585,G
5-NP,1019,20430,2,5,0,20437,A
5-NP,1020,1,20340,0,1,20342,T
5-NP,1021,0,20300,0,5,20305,T
5-NP,1022,2,20326,0,6,20334,T
5-NP,1023,20339,1,10,0,20350,A
5-NP,1024,20368,1,7,0,20376,A
5-NP,1025,2,19,20383,0,20404,G
5-NP,1026,20367,1,7,0,20375,A
5-NP,1027,0,19828,1,3,19832,T
5-NP,1028,2,19576,2,3,19583,T
5-NP,1029,19563,2,12,0,19577,A
5-NP,1030,2,20128,1,5,20136,T
5-NP,1031,1,20147,0,13,20161,T
5-NP,1032,20177,2,12,1,20192,A
5-NP,1033,20198,1,12,1,20212,A
5-NP,1034,5,3,20275,1,20284,G
5-NP,1035,4,5,0,20345,20354,C
5-NP,1036,2,19579,2,101,19684,T
5-NP,1037,4,19790,1,14,19809,T
5-NP,1038,25,2,0,19923,19950,C
5-NP,1039,19953,1,28,1,19983,A
5-NP,1040,2,19905,0,9,19916,T
5-NP,1041,16,1,1,19941,19959,C
5-NP,1042,19586,4,7,0,19597,A
5-NP,1043,0,16,19597,1,19614,G
5-NP,1044,19302,3,25,3,19333,A
5-NP,1045,2,67,19308,0,19377,G
5-NP,1046,5,30,19341,0,19376,G
5-NP,1047,896,44,18279,1,19220,G
5-NP,1048,19215,3,42,0,19260,A
5-NP,1049,4,1,0,19282,19287,C
5-NP,1050,19287,1,4,1,19293,A
5-NP,1051,19343,1,2,1,19347,A
5-NP,1052,19323,2,3,0,19328,A
5-NP,1053,19349,2,24,0,19375,A
5-NP,1054,2,0,19463,0,19465,G
5-NP,1055,1,18800,2,14,18817,T
5-NP,1056,18688,1,33,0,18722,A
5-NP,1057,3,18574,2,27,18606,T
5-NP,1058,24,2,0,18609,18635,C
5-NP,1059,1,18468,2,15,18486,T
5-NP,1060,39,1,0,18640,18680,C
5-NP,1061,32,0,1,18536,18569,C
5-NP,1062,3,18330,3,4,18340,T
5-NP,1063,24,5,0,18323,18352,C
5-NP,1064,10,45,18258,0,18313,G
5-NP,1065,2,46,18409,1,18458,G
5-NP,1066,4,64,18355,2,18425,G
5-NP,1067,0,23,18370,0,18393,G
5-NP,1068,6,21,18386,1,18414,G
5-NP,1069,18050,2,4,0,18056,A
5-NP,1070,18049,0,5,0,18054,A
5-NP,1071,18045,3,17,0,18065,A
5-NP,1072,1,2,0,18201,18204,C
5-NP,1073,2,18070,0,8,18080,T
5-NP,1074,2,0,18208,0,18210,G
5-NP,1075,2,17962,0,19,17983,T
5-NP,1076,82,4,0,17951,18037,C
5-NP,1077,18340,2,46,0,18388,A
5-NP,1078,18480,1,19,0,18500,A
5-NP,1079,0,0,0,18609,18609,C
5-NP,1080,3,18519,1,8,18531,T
5-NP,1081,18095,2,4,0,18101,A
5-NP,1082,1,20,18175,0,18196,G
5-NP,1083,17805,0,11,1,17817,A
5-NP,1084,1,27,17835,0,17863,G
5-NP,1085,3,42,17801,1,17847,G
5-NP,1086,16834,2,12,2,16850,A
5-NP,1087,1,3,17145,0,17149,G
5-NP,1088,1,16904,0,15,16920,T
5-NP,1089,16923,2,14,0,16939,A
5-NP,1090,6,2,0,16915,16923,C
5-NP,1091,16704,3,2,0,16709,A
5-NP,1092,16686,1,6,1,16694,A
5-NP,1093,16530,1,10,0,16541,A
5-NP,1094,0,16355,0,1,16356,T
5-NP,1095,3,16218,0,4,16225,T
5-NP,1096,0,4,15711,1,15716,G
5-NP,1097,1,1,0,15605,15607,C
5-NP,1098,2,15571,1,13,15587,T
5-NP,1099,2,15555,0,16,15573,T
5-NP,1100,21,2,0,15538,15561,C
5-NP,1101,15602,1,3,0,15606,A
5-NP,1102,15646,0,1,0,15647,A
5-NP,1103,15642,1,4,0,15647,A
5-NP,1104,1,15631,0,0,15632,T
5-NP,1105,2,46,15586,0,15634,G
5-NP,1106,15303,2,48,1,15354,A
5-NP,1107,2,38,15414,0,15454,G
5-NP,1108,15454,0,19,3,15476,A
5-NP,1109,15412,1,10,2,15425,A
5-NP,1110,4,0,0,15437,15441,C
5-NP,1111,15233,0,4,2,15239,A
5-NP,1112,3,15200,1,7,15211,T
5-NP,1113,4,30,15290,0,15324,G
5-NP,1114,0,15,15389,0,15404,G
5-NP,1115,15333,4,15,0,15352,A
5-NP,1116,0,15017,1,5,15023,T
5-NP,1117,14825,0,0,2,14827,A
5-NP,1118,15364,0,2,0,15366,A
5-NP,1119,0,15005,0,1,15006,T
5-NP,1120,14902,0,4,0,14906,A
5-NP,1121,1,14791,1,5,14798,T
5-NP,1122,2,40,13556,0,13598,G
5-NP,1123,4,21,13174,0,13199,G
5-NP,1124,0,20,13096,0,13116,G
5-NP,1125,12980,0,7,1,12988,A
5-NP,1126,0,12967,0,1,12968,T
5-NP,1127,23,2,0,9713,9738,C
5-NP,1128,9,30,9698,0,9737,G
5-NP,1129,9695,1,9,0,9705,A
5-NP,1130,4,1,9707,0,9712,G
5-NP,1131,1,1,0,9652,9654,C
5-NP,1132,9467,0,5,0,9472,A
5-NP,1133,1,2,0,9671,9674,C
5-NP,1134,1,9470,1,2,9474,T
5-NP,1135,36,0,0,9497,9533,C
5-NP,1136,0,9521,0,5,9526,T
5-NP,1137,0,9336,0,1,9337,T
5-NP,1138,1,26,9329,0,9356,G
5-NP,1139,9288,0,6,1,9295,A
5-NP,1140,9316,1,1,0,9318,A
5-NP,1141,1,0,0,9298,9299,C
5-NP,1142,0,6419,1,5,6425,T
5-NP,1143,1,14,6420,0,6435,G
5-NP,1144,6065,1,11,0,6077,A
5-NP,1145,0,1,6103,0,6104,G
5-NP,1146,6106,0,3,0,6109,A
5-NP,1147,5954,0,0,1,5955,A
5-NP,1148,1,1,5966,0,5968,G
5-NP,1149,3,2,1,5737,5743,C
5-NP,1150,5,9,5697,0,5711,G
5-NP,1151,2,5,5697,0,5704,G
5-NP,1152,6,1,5459,1,5467,G
5-NP,1153,1,5374,0,2,5377,T
5-NP,1154,5120,0,0,0,5120,A
5-NP,1155,0,1,0,5111,5112,C
5-NP,1156,2,3472,1,0,3475,T
5-NP,1157,0,10,3373,1,3384,G
5-NP,1158,0,4,3200,0,3204,G
5-NP,1159,1,0,3115,0,3116,G
5-NP,1160,1,0,0,3024,3025,C
5-NP,1161,2,0,0,2595,2597,C
5-NP,1162,2626,1,3,0,2630,A
5-NP,1163,0,2639,0,1,2640,T
5-NP,1164,2627,0,1,0,2628,A
5-NP,1165,2632,0,1,0,2633,A
5-NP,1166,1,7,2620,0,2628,G
5-NP,1167,0,12,2691,0,2703,G
5-NP,1168,2652,0,4,0,2656,A
5-NP,1169,0,0,0,2655,2655,C
5-NP,1170,3,0,0,2654,2657,C
5-NP,1171,2645,0,2,0,2647,A
5-NP,1172,0,3,2710,0,2713,G
5-NP,1173,0,2,2712,0,2714,G
5-NP,1174,2700,0,2,0,2702,A
5-NP,1175,0,0,2730,0,2730,G
5-NP,1176,0,2589,0,1,2590,T
5-NP,1177,1,3,2589,0,2593,G
5-NP,1178,1,3,2615,0,2619,G
5-NP,1179,2609,0,0,0,2609,A
5-NP,1180,0,7,2627,0,2634,G
5-NP,1181,0,3,2570,0,2573,G
5-NP,1182,2552,1,2,0,2555,A
5-NP,1183,2553,0,1,0,2554,A
5-NP,1184,2544,1,2,0,2547,A
5-NP,1185,0,2,0,2564,2566,C
5-NP,1186,2555,0,0,0,2555,A
5-NP,1187,1,0,0,2570,2571,C
5-NP,1188,0,2507,0,1,2508,T
5-NP,1189,2535,0,1,0,2536,A
5-NP,1190,2534,0,0,0,2534,A
5-NP,1191,1,2522,0,0,2523,T
5-NP,1192,9,0,0,2550,2559,C
5-NP,1193,2537,0,0,0,2537,A
5-NP,1194,2566,0,3,0,2569,A
5-NP,1195,0,1,0,2557,2558,C
5-NP,1196,2535,0,1,0,2536,A
5-NP,1197,2485,0,1,0,2486,A
5-NP,1198,2479,0,3,0,2482,A
5-NP,1199,0,1,2506,1,2508,G
5-NP,1200,0,5,2511,0,2516,G
5-NP,1201,3,1,2491,0,2495,G
5-NP,1202,1,0,0,2481,2482,C
5-NP,1203,2,0,0,2480,2482,C
5-NP,1204,0,2423,0,0,2423,T
5-NP,1205,3,1,0,2464,2468,C
5-NP,1206,2,2,0,2469,2473,C
5-NP,1207,53,1,2417,0,2471,G
5-NP,1208,1,1,0,2471,2473,C
5-NP,1209,2453,3,2,0,2458,A
5-NP,1210,0,3,2562,0,2565,G
5-NP,1211,0,0,2552,0,2552,G
5-NP,1212,0,0,0,2572,2572,C
5-NP,1213,3,0,1,2570,2574,C
5-NP,1214,2534,1,2,0,2537,A
5-NP,1215,2554,0,0,0,2554,A
5-NP,1216,2557,0,1,0,2558,A
5-NP,1217,0,0,0,2563,2563,C
5-NP,1218,4,0,0,2565,2569,C
5-NP,1219,2384,0,0,0,2384,A
5-NP,1220,0,0,2426,0,2426,G
5-NP,1221,0,2393,0,0,2393,T
5-NP,1222,0,0,2429,0,2429,G
5-NP,1223,1,2407,0,3,2411,T
5-NP,1224,0,0,2405,0,2405,G
5-NP,1225,0,0,0,2405,2405,C
5-NP,1226,2391,0,1,0,2392,A
5-NP,1227,2424,0,0,0,2424,A
5-NP,1228,0,1,0,2467,2468,C
5-NP,1229,3,0,0,2451,2454,C
5-NP,1230,0,2420,0,0,2420,T
5-NP,1231,2418,1,0,0,2419,A
5-NP,1232,1,1,0,2413,2415,C
5-NP,1233,0,0,2416,0,2416,G
5-NP,1234,1,2399,1,0,2401,T
5-NP,1235,1,2400,0,2,2403,T
5-NP,1236,5,0,0,2222,2227,C
5-NP,1237,0,2292,0,0,2292,T
5-NP,1238,4,1,1,2317,2323,C
5-NP,1239,0,2323,0,1,2324,T
5-NP,1240,0,0,2429,0,2429,G
5-NP,1241,0,2410,0,18,2428,T
5-NP,1242,2428,0,2,0,2430,A
5-NP,1243,1,1,0,2429,2431,C
5-NP,1244,2358,0,0,0,2358,A
5-NP,1245,2357,0,1,0,2358,A
5-NP,1246,2359,0,0,0,2359,A
5-NP,1247,0,3,2348,0,2351,G
5-NP,1248,2339,0,0,0,2339,A
5-NP,1249,2202,2,0,0,2204,A
5-NP,1250,2202,0,1,0,2203,A
5-NP,1251,0,0,0,2207,2207,C
5-NP,1252,4,0,0,2185,2189,C
5-NP,1253,0,2175,0,4,2179,T
5-NP,1254,7,0,0,2172,2179,C
5-NP,1255,5,0,0,2188,2193,C
5-NP,1256,9,0,0,2181,2190,C
5-NP,1257,2193,0,0,0,2193,A
5-NP,1258,0,2201,0,0,2201,T
5-NP,1259,0,2204,0,2,2206,T
5-NP,1260,0,2198,0,0,2198,T
5-NP,1261,0,4,2190,1,2195,G
5-NP,1262,2189,1,0,0,2190,A
5-NP,1263,2194,0,0,0,2194,A
5-NP,1264,2194,0,0,0,2194,A
5-NP,1265,2183,0,1,0,2184,A
5-NP,1266,0,0,2204,0,2204,G
5-NP,1267,0,2194,1,0,2195,T
5-NP,1268,14,1,1,2182,2198,C
5-NP,1269,2197,0,1,0,2198,A
5-NP,1270,2205,0,1,0,2206,A
5-NP,1271,0,0,0,2205,2205,C
5-NP,1272,4,0,0,2230,2234,C
5-NP,1273,2235,0,0,0,2235,A
5-NP,1274,0,2241,0,2,2243,T
5-NP,1275,1,1,0,2243,2245,C
5-NP,1276,2227,0,0,0,2227,A
5-NP,1277,0,2234,0,3,2237,T
5-NP,1278,0,5,2239,0,2244,G
5-NP,1279,0,0,2251,1,2252,G
5-NP,1280,0,2,0,2250,2252,C
5-NP,1281,2185,0,6,0,2191,A
5-NP,1282,1,0,2194,0,2195,G
5-NP,1283,0,0,0,2178,2178,C
5-NP,1284,2177,0,0,0,2177,A
5-NP,1285,0,2168,0,0,2168,T
5-NP,1286,0,2144,0,0,2144,T
5-NP,1287,5,0,0,2143,2148,C
5-NP,1288,2140,0,0,0,2140,A
5-NP,1289,0,0,0,2160,2160,C
5-NP,1290,0,2144,0,0,2144,T
5-NP,1291,0,1,2168,1,2170,G
5-NP,1292,0,1,2186,0,2187,G
5-NP,1293,2171,0,3,0,2174,A
5-NP,1294,2179,0,0,0,2179,A
5-NP,1295,2177,0,1,0,2178,A
5-NP,1296,0,2151,0,0,2151,T
5-NP,1297,2159,0,1,0,2160,A
5-NP,1298,1,3,1,2138,2143,C
5-NP,1299,1,1,2125,0,2127,G
5-NP,1300,0,3,2116,0,2119,G
5-NP,1301,2043,1,2,0,2046,A
5-NP,1302,0,5,2082,0,2087,G
5-NP,1303,0,1,2077,0,2078,G
5-NP,1304,1,3,2069,0,2073,G
5-NP,1305,2085,1,1,0,2087,A
5-NP,1306,2077,0,5,0,2082,A
5-NP,1307,0,5,2093,0,2098,G
5-NP,1308,2098,0,2,0,2100,A
5-NP,1309,2092,0,2,0,2094,A
5-NP,1310,2,0,0,2125,2127,C
5-NP,1311,1,2076,0,1,2078,T
5-NP,1312,0,2097,0,1,2098,T
5-NP,1313,3,0,0,2107,2110,C
5-NP,1314,2105,0,1,0,2106,A
5-NP,1315,0,6,2102,1,2109,G
5-NP,1316,2090,0,2,0,2092,A
5-NP,1317,0,0,0,2100,2100,C
5-NP,1318,2078,0,0,0,2078,A
5-NP,1319,0,2017,0,0,2017,T
5-NP,1320,0,2,2016,0,2018,G
5-NP,1321,1978,0,2,0,1980,A
5-NP,1322,0,15,1997,0,2012,G
5-NP,1323,0,2,2003,0,2005,G
5-NP,1324,0,1,2004,0,2005,G
5-NP,1325,1,0,0,2002,2003,C
5-NP,1326,1968,0,1,0,1969,A
5-NP,1327,0,0,1971,0,1971,G
5-NP,1328,1959,0,0,0,1959,A
5-NP,1329,1976,0,1,0,1977,A
5-NP,1330,1984,0,0,0,1984,A
5-NP,1331,0,1954,0,1,1955,T
5-NP,1332,3,0,0,1958,1961,C
5-NP,1333,1964,0,0,0,1964,A
5-NP,1334,0,1954,0,0,1954,T
5-NP,1335,1962,0,2,0,1964,A
5-NP,1336,1955,0,1,0,1956,A
5-NP,1337,0,5,1993,0,1998,G
5-NP,1338,1969,0,1,0,1970,A
5-NP,1339,1982,0,0,0,1982,A
5-NP,1340,0,1941,0,0,1941,T
5-NP,1341,0,0,1942,0,1942,G
5-NP,1342,1940,0,3,0,1943,A
5-NP,1343,0,1934,0,0,1934,T
5-NP,1344,0,2,1937,0,1939,G
5-NP,1345,0,1,1936,0,1937,G
5-NP,1346,1881,0,1,0,1882,A
5-NP,1347,1868,0,0,0,1868,A
5-NP,1348,0,5,1834,0,1839,G
5-NP,1349,0,2,1876,0,1878,G
5-NP,1350,0,1853,0,2,1855,T
5-NP,1351,0,1,1851,0,1852,G
5-NP,1352,0,0,0,1844,1844,C
5-NP,1353,1847,0,1,0,1848,A
5-NP,1354,1841,1,1,0,1843,A
5-NP,1355,1845,0,0,0,1845,A
5-NP,1356,1860,1,11,0,1872,A
5-NP,1357,0,0,0,1881,1881,C
5-NP,1358,3,0,0,1844,1847,C
5-NP,1359,1813,0,1,0,1814,A
5-NP,1360,0,1,1822,0,1823,G
5-NP,1361,1820,0,0,0,1820,A
5-NP,1362,1819,0,0,0,1819,A
5-NP,1363,0,2,1819,0,1821,G
5-NP,1364,1810,0,0,0,1810,A
5-NP,1365,1762,0,0,0,1762,A
5-NP,1366,0,0,1789,0,1789,G
5-NP,1367,0,1767,0,1,1768,T
5-NP,1368,0,0,1779,0,1779,G
5-NP,1369,0,1755,0,3,1758,T
5-NP,1370,8,0,0,1750,1758,C
5-NP,1371,1771,0,0,0,1771,A
5-NP,1372,0,1806,0,1,1807,T
5-NP,1373,0,1789,0,9,1798,T
5-NP,1374,6,0,0,1796,1802,C
5-NP,1375,2,0,0,1765,1767,C
5-NP,1376,4,3,1760,0,1767,G
5-NP,1377,1,6,1755,0,1762,G
5-NP,1378,0,5,1763,0,1768,G
5-NP,1379,1,1,1764,0,1766,G
5-NP,1380,0,3,1766,0,1769,G
5-NP,1381,1690,1,1,0,1692,A
5-NP,1382,0,6,1706,0,1712,G
5-NP,1383,0,6,1698,0,1704,G
5-NP,1384,0,2,1701,0,1703,G
5-NP,1385,0,3,1701,0,1704,G
5-NP,1386,1685,2,2,0,1689,A
5-NP,1387,0,0,1708,0,1708,G
5-NP,1388,0,1689,0,1,1690,T
5-NP,1389,0,1683,0,0,1683,T
5-NP,1390,0,1691,0,0,1691,T
5-NP,1391,0,1678,0,0,1678,T
5-NP,1392,3,1,0,1679,1683,C
5-NP,1393,2,8,1679,0,1689,G
5-NP,1394,1684,1,1,0,1686,A
5-NP,1395,0,1,1722,0,1723,G
5-NP,1396,0,0,0,1709,1709,C
5-NP,1397,1,1714,0,1,1716,T
5-NP,1398,2,0,0,1729,1731,C
5-NP,1399,0,1728,0,0,1728,T
5-NP,1400,5,0,0,1734,1739,C
5-NP,1401,1744,0,2,1,1747,A
5-NP,1402,0,3,1754,0,1757,G
5-NP,1403,1753,0,4,0,1757,A
5-NP,1404,0,2,0,1740,1742,C
5-NP,1405,1,10,1723,0,1734,G
5-NP,1406,1701,0,0,0,1701,A
5-NP,1407,1,1,1703,0,1705,G
5-NP,1408,1694,0,2,0,1696,A
5-NP,1409,1680,0,2,0,1682,A
5-NP,1410,0,3,1680,0,1683,G
5-NP,1411,0,0,1673,0,1673,G
5-NP,1412,1,0,0,1659,1660,C
5-NP,1413,2,5,1644,0,1651,G
5-NP,1414,1650,0,1,0,1651,A
5-NP,1415,0,0,0,1659,1659,C
5-NP,1416,0,1,1663,0,1664,G
5-NP,1417,1659,0,0,0,1659,A
5-NP,1418,1672,0,0,0,1672,A
5-NP,1419,0,1,0,1657,1658,C
5-NP,1420,2,0,0,1662,1664,C
5-NP,1421,6,2,0,1640,1648,C
5-NP,1422,1,1,1651,0,1653,G
5-NP,1423,1652,0,0,0,1652,A
5-NP,1424,0,1649,0,2,1651,T
5-NP,1425,5,0,0,1630,1635,C
5-NP,1426,1,0,1631,0,1632,G
5-NP,1427,0,1608,0,2,1610,T
5-NP,1428,0,0,1613,0,1613,G
5-NP,1429,1,2,0,1605,1608,C
5-NP,1430,7,1,0,1594,1602,C
5-NP,1431,9,2,0,1599,1610,C
5-NP,1432,0,1577,0,2,1579,T
5-NP,1433,2,1,0,1666,1669,C
5-NP,1434,0,1667,0,3,1670,T
5-NP,1435,0,1672,2,0,1674,T
5-NP,1436,0,1673,0,0,1673,T
5-NP,1437,1,1665,0,0,1666,T
5-NP,1438,0,1,1676,0,1677,G
5-NP,1439,1672,0,1,0,1673,A
5-NP,1440,0,1644,0,0,1644,T
5-NP,1441,1639,0,0,0,1639,A
5-NP,1442,0,1366,0,3,1369,T
5-NP,1443,0,2,1410,0,1412,G
5-NP,1444,1394,0,0,0,1394,A
5-NP,1445,0,0,1420,0,1420,G
5-NP,1446,0,1407,0,0,1407,T
5-NP,1447,1363,0,0,0,1363,A
5-NP,1448,1367,0,0,0,1367,A
5-NP,1449,0,1363,0,0,1363,T
5-NP,1450,0,1,1364,0,1365,G
5-NP,1451,1361,0,0,0,1361,A
5-NP,1452,1226,1,2,0,1229,A
5-NP,1453,0,5,1216,0,1221,G
5-NP,1454,0,0,1148,0,1148,G
5-NP,1455,1148,0,0,0,1148,A
5-NP,1456,0,1141,0,1,1142,T
5-NP,1457,2,0,0,1139,1141,C
5-NP,1458,0,1134,0,1,1135,T
5-NP,1459,0,1136,0,1,1137,T
5-NP,1460,1136,0,1,0,1137,A
5-NP,1461,0,1133,0,0,1133,T
5-NP,1462,0,1114,0,1,1115,T
5-NP,1463,0,1099,0,0,1099,T
5-NP,1464,0,1,1,1081,1083,C
5-NP,1465,0,1054,0,1,1055,T
5-NP,1466,0,1055,0,0,1055,T
5-NP,1467,0,0,0,1054,1054,C
5-NP,1468,1,2,1050,0,1053,G
5-NP,1469,0,1,1049,0,1050,G
5-NP,1470,1048,0,0,0,1048,A
5-NP,1471,0,1,1049,0,1050,G
5-NP,1472,1040,0,1,0,1041,A
5-NP,1473,0,0,0,1029,1029,C
5-NP,1474,982,0,0,0,982,A
5-NP,1475,982,0,1,0,983,A
5-NP,1476,1,982,0,0,983,T
5-NP,1477,0,0,981,0,981,G
5-NP,1478,1,0,0,982,983,C
5-NP,1479,958,0,1,1,960,A
5-NP,1480,0,0,957,0,957,G
5-NP,1481,956,0,0,0,956,A
5-NP,1482,896,0,0,0,896,A
5-NP,1483,0,0,896,0,896,G
5-NP,1484,591,0,0,0,591,A
5-NP,1485,0,0,591,0,591,G
5-NP,1486,0,549,0,0,549,T
5-NP,1487,541,0,0,0,541,A
5-NP,1488,0,1,0,541,542,C
5-NP,1489,1,0,500,0,501,G
5-NP,1490,497,0,0,0,497,A
5-NP,1491,0,0,0,488,488,C
5-NP,1492,351,0,0,0,351,A
5-NP,1493,347,0,0,0,347,A
5-NP,1494,0,292,0,0,292,T
5-NP,1495,0,283,0,0,283,T
5-NP,1496,281,0,0,0,281,A
5-NP,1497,273,0,0,0,273,A
6-NA,1,8,0,0,0,8,A
6-NA,2,0,8,0,0,8,T
6-NA,3,0,0,8,0,8,G
6-NA,4,8,0,0,0,8,A
6-NA,5,8,0,0,0,8,A
6-NA,6,0,8,0,0,8,T
6-NA,7,0,0,0,8,8,C
6-NA,8,0,0,0,8,8,C
6-NA,9,8,0,0,0,8,A
6-NA,10,8,0,0,0,8,A
6-NA,11,8,0,0,0,8,A
6-NA,12,0,8,0,0,8,T
6-NA,13,0,0,0,8,8,C
6-NA,14,8,0,0,0,8,A
6-NA,15,8,0,0,0,8,A
6-NA,16,8,0,0,0,8,A
6-NA,17,9,0,0,0,9,A
6-NA,18,0,0,10,0,10,G
6-NA,19,10,0,0,0,10,A
6-NA,20,0,10,0,0,10,T
6-NA,21,10,0,0,0,10,A
6-NA,22,10,0,0,0,10,A
6-NA,23,0,10,0,0,10,T
6-NA,24,10,0,0,0,10,A
6-NA,25,10,0,0,0,10,A
6-NA,26,0,0,0,11,11,C
6-NA,27,0,0,12,0,12,G
6-NA,28,11,0,0,0,11,A
6-NA,29,0,12,0,0,12,T
6-NA,30,0,12,0,0,12,T
6-NA,31,0,0,12,0,12,G
6-NA,32,0,0,13,0,13,G
6-NA,33,0,0,0,13,13,C
6-NA,34,0,13,0,0,13,T
6-NA,35,0,0,0,13,13,C
6-NA,36,0,12,0,1,13,T
6-NA,37,0,0,13,0,13,G
6-NA,38,0,13,0,0,13,T
6-NA,39,0,13,0,0,13,T
6-NA,40,0,14,0,0,14,T
6-NA,41,0,0,0,14,14,C
6-NA,42,0,14,0,0,14,T
6-NA,43,0,0,0,15,15,C
6-NA,44,0,15,0,0,15,T
6-NA,45,0,0,0,15,15,C
6-NA,46,15,0,0,0,15,A
6-NA,47,0,0,0,15,15,C
6-NA,48,0,0,0,15,15,C
6-NA,49,15,0,0,0,15,A
6-NA,50,0,15,0,0,15,T
6-NA,51,0,15,0,0,15,T
6-NA,52,0,15,0,0,15,T
6-NA,53,0,0,0,15,15,C
6-NA,54,0,0,0,15,15,C
6-NA,55,15,0,0,0,15,A
6-NA,56,0,0,0,15,15,C
6-NA,57,15,0,0,0,15,A
6-NA,58,15,0,0,0,15,A
6-NA,59,0,15,0,0,15,T
6-NA,60,15,0,0,0,15,A
6-NA,61,0,15,0,0,15,T
6-NA,62,0,0,15,0,15,G
6-NA,63,0,0,0,15,15,C
6-NA,64,0,15,0,0,15,T
6-NA,65,0,15,0,0,15,T
6-NA,66,0,0,0,15,15,C
6-NA,67,0,14,0,0,14,T
6-NA,68,0,14,0,0,14,T
6-NA,69,0,0,0,14,14,C
6-NA,70,14,0,0,0,14,A
6-NA,71,0,14,0,0,14,T
6-NA,72,0,0,14,0,14,G
6-NA,73,0,0,0,14,14,C
6-NA,74,14,0,0,0,14,A
6-NA,75,14,0,0,0,14,A
6-NA,76,14,0,0,0,14,A
6-NA,77,0,14,0,0,14,T
6-NA,78,0,14,0,0,14,T
6-NA,79,0,0,14,0,14,G
6-NA,80,0,0,0,14,14,C
6-NA,81,0,0,0,15,15,C
6-NA,82,15,0,0,0,15,A
6-NA,83,0,15,0,0,15,T
6-NA,84,0,0,0,16,16,C
6-NA,85,0,16,0,0,16,T
6-NA,86,0,16,0,0,16,T
6-NA,87,0,1,16,0,17,G
6-NA,88,17,0,0,0,17,A
6-NA,89,0,17,0,0,17,T
6-NA,90,17,0,0,0,17,A
6-NA,91,16,0,0,0,16,A
6-NA,92,0,0,0,20,20,C
6-NA,93,0,20,0,0,20,T
6-NA,94,20,0,0,0,20,A
6-NA,95,0,0,0,22,22,C
6-NA,96,0,22,0,0,22,T
6-NA,97,0,0,22,0,22,G
6-NA,98,0,23,0,0,23,T
6-NA,99,23,0,0,0,23,A
6-NA,100,23,0,0,0,23,A
6-NA,101,0,0,0,23,23,C
6-NA,102,23,0,0,0,23,A
6-NA,103,0,23,0,0,23,T
6-NA,104,0,22,0,0,22,T
6-NA,105,0,0,22,0,22,G
6-NA,106,0,0,0,22,22,C
6-NA,107,22,0,0,0,22,A
6-NA,108,0,22,0,0,22,T
6-NA,109,0,22,0,0,22,T
6-NA,110,0,22,0,0,22,T
6-NA,111,1,0,0,21,22,C
6-NA,112,22,0,0,0,22,A
6-NA,113,22,0,0,0,22,A
6-NA,114,0,0,22,0,22,G
6-NA,115,0,0,0,22,22,C
6-NA,116,22,0,0,0,22,A
6-NA,117,23,0,0,0,23,A
6-NA,118,0,23,0,0,23,T
6-NA,119,23,0,0,0,23,A
6-NA,120,0,23,0,0,23,T
6-NA,121,0,0,25,0,25,G
6-NA,122,25,0,0,0,25,A
6-NA,123,25,0,0,0,25,A
6-NA,124,0,25,0,0,25,T
6-NA,125,0,24,0,0,24,T
6-NA,126,0,0,0,24,24,C
6-NA,127,24,0,0,0,24,A
6-NA,128,25,0,0,0,25,A
6-NA,129,0,0,0,25,25,C
6-NA,130,0,24,0,0,24,T
6-NA,131,0,0,0,23,23,C
6-NA,132,0,0,0,23,23,C
6-NA,133,0,0,0,24,24,C
6-NA,134,0,0,0,24,24,C
6-NA,135,0,0,0,24,24,C
6-NA,136,0,0,0,24,24,C
6-NA,137,0,0,0,24,24,C
6-NA,138,24,0,0,0,24,A
6-NA,139,24,0,0,0,24,A
6-NA,140,24,0,0,0,24,A
6-NA,141,1,0,0,23,24,C
6-NA,142,24,0,0,0,24,A
6-NA,143,24,0,0,0,24,A
6-NA,144,0,0,0,24,24,C
6-NA,145,0,0,0,23,23,C
6-NA,146,23,0,0,0,23,A
6-NA,147,23,0,0,0,23,A
6-NA,148,0,0,23,0,23,G
6-NA,149,0,23,0,0,23,T
6-NA,150,0,0,22,0,22,G
6-NA,151,22,0,0,0,22,A
6-NA,152,0,22,0,0,22,T
6-NA,153,0,0,22,0,22,G
6-NA,154,0,0,0,22,22,C
6-NA,155,0,21,0,0,21,T
6-NA,156,0,0,21,0,21,G
6-NA,157,0,21,0,0,21,T
6-NA,158,0,0,21,0,21,G
6-NA,159,0,22,0,0,22,T
6-NA,160,0,1,21,0,22,G
6-NA,161,21,0,0,0,21,A
6-NA,162,22,0,0,0,22,A
6-NA,163,0,0,0,21,21,C
6-NA,164,0,0,0,22,22,C
6-NA,165,22,0,0,0,22,A
6-NA,166,22,0,0,0,22,A
6-NA,167,0,0,0,23,23,C
6-NA,168,22,0,0,0,22,A
6-NA,169,24,0,0,0,24,A
6-NA,170,0,24,0,0,24,T
6-NA,171,23,0,0,0,23,A
6-NA,172,23,0,0,0,23,A
6-NA,173,0,24,0,0,24,T
6-NA,174,24,0,0,0,24,A
6-NA,175,0,0,24,0,24,G
6-NA,176,23,0,0,0,23,A
6-NA,177,23,0,0,0,23,A
6-NA,178,23,0,0,0,23,A
6-NA,179,0,0,23,0,23,G
6-NA,180,23,0,0,0,23,A
6-NA,181,23,0,0,0,23,A
6-NA,182,25,0,0,0,25,A
6-NA,183,0,0,0,25,25,C
6-NA,184,25,0,0,0,25,A
6-NA,185,0,25,0,0,25,T
6-NA,186,26,0,0,0,26,A
6-NA,187,26,0,0,0,26,A
6-NA,188,0,0,0,26,26,C
6-NA,189,24,0,0,0,24,A
6-NA,190,0,0,24,0,24,G
6-NA,191,23,0,0,0,23,A
6-NA,192,0,0,22,0,22,G
6-NA,193,23,0,0,0,23,A
6-NA,194,0,25,0,0,25,T
6-NA,195,24,0,0,0,24,A
6-NA,196,0,0,25,0,25,G
6-NA,197,0,25,0,0,25,T
6-NA,198,0,0,25,0,25,G
6-NA,199,0,25,0,0,25,T
6-NA,200,25,0,0,0,25,A
6-NA,201,0,25,0,0,25,T
6-NA,202,0,0,0,25,25,C
6-NA,203,0,23,0,0,23,T
6-NA,204,0,0,24,0,24,G
6-NA,205,23,0,0,0,23,A
6-NA,206,0,0,0,24,24,C
6-NA,207,0,0,0,23,23,C
6-NA,208,24,0,0,0,24,A
6-NA,209,24,0,0,0,24,A
6-NA,210,0,0,0,24,24,C
6-NA,211,24,0,0,0,24,A
6-NA,212,0,0,0,26,26,C
6-NA,213,1,0,0,25,26,C
6-NA,214,27,0,0,0,27,A
6-NA,215,0,0,0,27,27,C
6-NA,216,0,0,0,25,25,C
6-NA,217,26,0,0,0,26,A
6-NA,218,0,27,0,0,27,T
6-NA,219,26,0,0,0,26,A
6-NA,220,0,0,26,0,26,G
6-NA,221,25,0,0,0,25,A
6-NA,222,0,0,26,0,26,G
6-NA,223,26,0,0,0,26,A
6-NA,224,25,0,0,0,25,A
6-NA,225,0,0,27,0,27,G
6-NA,226,0,0,27,0,27,G
6-NA,227,26,0,0,0,26,A
6-NA,228,26,0,0,0,26,A
6-NA,229,27,0,0,0,27,A
6-NA,230,0,27,0,0,27,T
6-NA,231,27,0,0,0,27,A
6-NA,232,0,26,0,1,27,T
6-NA,233,0,0,27,0,27,G
6-NA,234,0,0,0,26,26,C
6-NA,235,0,0,0,26,26,C
6-NA,236,0,0,0,25,25,C
6-NA,237,0,0,0,26,26,C
6-NA,238,26,0,0,0,26,A
6-NA,239,26,0,0,0,26,A
6-NA,240,26,0,0,0,26,A
6-NA,241,0,0,0,26,26,C
6-NA,242,0,26,0,0,26,T
6-NA,243,26,0,0,0,26,A
6-NA,244,0,0,26,0,26,G
6-NA,245,0,0,0,26,26,C
6-NA,246,26,0,0,0,26,A
6-NA,247,0,0,25,0,25,G
6-NA,248,26,0,0,0,26,A
6-NA,249,26,0,0,0,26,A
6-NA,250,0,26,0,0,26,T
6-NA,251,26,0,0,0,26,A
6-NA,252,0,0,0,26,26,C
6-NA,253,26,0,0,0,26,A
6-NA,254,0,0,26,0,26,G
6-NA,255,26,0,0,0,26,A
6-NA,256,26,0,0,0,26,A
6-NA,257,26,0,0,0,26,A
6-NA,258,0,26,0,0,26,T
6-NA,259,0,26,0,0,26,T
6-NA,260,0,0,27,0,27,G
6-NA,261,0,0,27,0,27,G
6-NA,262,0,27,0,0,27,T
6-NA,263,0,0,0,26,26,C
6-NA,264,26,0,0,0,26,A
6-NA,265,26,0,0,0,26,A
6-NA,266,25,0,0,0,25,A
6-NA,267,0,0,26,0,26,G
6-NA,268,0,0,0,25,25,C
6-NA,269,0,0,0,26,26,C
6-NA,270,0,0,26,0,26,G
6-NA,271,0,0,0,26,26,C
6-NA,272,26,0,0,0,26,A
6-NA,273,26,0,0,0,26,A
6-NA,274,0,27,0,0,27,T
6-NA,275,0,0,27,0,27,G
6-NA,276,0,27,0,0,27,T
6-NA,277,0,0,27,0,27,G
6-NA,278,27,1,0,0,28,A
6-NA,279,0,0,0,28,28,C
6-NA,280,28,0,0,0,28,A
6-NA,281,0,28,0,0,28,T
6-NA,282,0,28,0,0,28,T
6-NA,283,28,0,0,0,28,A
6-NA,284,0,0,0,28,28,C
6-NA,285,28,0,0,0,28,A
6-NA,286,0,0,28,0,28,G
6-NA,287,0,0,28,0,28,G
6-NA,288,28,0,0,0,28,A
6-NA,289,0,28,0,0,28,T
6-NA,290,0,27,0,0,27,T
6-NA,291,0,27,0,0,27,T
6-NA,292,0,0,28,0,28,G
6-NA,293,0,0,0,28,28,C
6-NA,294,28,0,0,0,28,A
6-NA,295,0,0,0,28,28,C
6-NA,296,0,0,0,28,28,C
6-NA,297,0,28,0,0,28,T
6-NA,298,0,28,0,0,28,T
6-NA,299,0,28,0,0,28,T
6-NA,300,0,29,0,0,29,T
6-NA,301,0,29,0,0,29,T
6-NA,302,0,0,0,30,30,C
6-NA,303,0,30,0,0,30,T
6-NA,304,30,0,0,0,30,A
6-NA,305,30,0,0,0,30,A
6-NA,306,0,0,30,0,30,G
6-NA,307,0,0,30,0,30,G
6-NA,308,30,0,0,0,30,A
6-NA,309,0,0,0,30,30,C
6-NA,310,30,0,0,0,30,A
6-NA,311,30,0,0,0,30,A
6-NA,312,0,30,0,0,30,T
6-NA,313,0,30,0,0,30,T
6-NA,314,0,0,0,30,30,C
6-NA,315,0,0,30,0,30,G
6-NA,316,29,0,0,0,29,A
6-NA,317,0,30,0,0,30,T
6-NA,318,0,30,0,0,30,T
6-NA,319,30,0,0,0,30,A
6-NA,320,0,0,29,0,29,G
6-NA,321,0,0,29,0,29,G
6-NA,322,0,0,0,29,29,C
6-NA,323,0,28,0,0,28,T
6-NA,324,0,29,0,0,29,T
6-NA,325,0,29,0,0,29,T
6-NA,326,1,0,0,28,29,C
6-NA,327,0,0,0,29,29,C
6-NA,328,0,0,29,0,29,G
6-NA,329,0,0,0,30,30,C
6-NA,330,0,30,0,0,30,T
6-NA,331,0,0,32,0,32,G
6-NA,332,0,0,32,0,32,G
6-NA,333,0,31,0,0,31,T
6-NA,334,0,0,31,0,31,G
6-NA,335,0,0,32,0,32,G
6-NA,336,0,0,32,0,32,G
6-NA,337,0,0,30,0,30,G
6-NA,338,32,0,0,0,32,A
6-NA,339,0,0,0,30,30,C
6-NA,340,32,0,0,0,32,A
6-NA,341,0,32,0,0,32,T
6-NA,342,0,0,0,32,32,C
6-NA,343,0,30,0,0,30,T
6-NA,344,0,0,32,0,32,G
6-NA,345,0,0,31,0,31,G
6-NA,346,0,0,35,0,35,G
6-NA,347,0,36,0,0,36,T
6-NA,348,0,0,35,0,35,G
6-NA,349,36,0,0,0,36,A
6-NA,350,0,0,0,38,38,C
6-NA,351,38,0,0,0,38,A
6-NA,352,50,0,0,0,50,A
6-NA,353,0,0,58,0,58,G
6-NA,354,56,0,0,0,56,A
6-NA,355,0,1,70,0,71,G
6-NA,356,82,0,0,0,82,A
6-NA,357,122,0,0,0,122,A
6-NA,358,0,0,0,214,214,C
6-NA,359,0,0,0,264,264,C
6-NA,360,0,266,0,0,266,T
6-NA,361,0,274,0,0,274,T
6-NA,362,275,0,0,0,275,A
6-NA,363,0,277,0,1,278,T
6-NA,364,1,0,317,0,318,G
6-NA,365,0,318,0,0,318,T
6-NA,366,0,0,337,0,337,G
6-NA,367,0,340,0,0,340,T
6-NA,368,1,0,0,345,346,C
6-NA,369,361,0,0,1,362,A
6-NA,370,0,366,0,0,366,T
6-NA,371,0,0,366,0,366,G
6-NA,372,0,1,0,365,366,C
6-NA,373,0,1,366,0,367,G
6-NA,374,457,0,0,0,457,A
6-NA,375,0,460,0,0,460,T
6-NA,376,0,0,0,479,479,C
6-NA,377,1,0,0,478,479,C
6-NA,378,0,487,0,2,489,T
6-NA,379,0,2,493,0,495,G
6-NA,380,494,0,1,0,495,A
6-NA,381,0,0,0,499,499,C
6-NA,382,497,0,0,0,497,A
6-NA,383,494,1,0,0,495,A
6-NA,384,0,0,521,0,521,G
6-NA,385,0,528,0,0,528,T
6-NA,386,1,0,538,0,539,G
6-NA,387,0,536,0,0,536,T
6-NA,388,0,539,0,1,540,T
6-NA,389,537,0,1,0,538,A
6-NA,390,0,540,0,0,540,T
6-NA,391,0,0,0,555,555,C
6-NA,392,555,0,0,0,555,A
6-NA,393,554,0,2,0,556,A
6-NA,394,0,554,0,0,554,T
6-NA,395,0,555,0,1,556,T
6-NA,396,0,559,0,0,559,T
6-NA,397,0,1,563,0,564,G
6-NA,398,0,0,0,617,617,C
6-NA,399,1,0,0,617,618,C
6-NA,400,3,1,0,622,626,C
6-NA,401,0,627,0,0,627,T
6-NA,402,0,625,0,0,625,T
6-NA,403,0,0,637,0,637,G
6-NA,404,0,0,639,0,639,G
6-NA,405,639,0,0,0,639,A
6-NA,406,0,0,0,644,644,C
6-NA,407,633,0,0,0,633,A
6-NA,408,0,2,653,0,655,G
6-NA,409,0,2,649,0,651,G
6-NA,410,0,2,682,0,684,G
6-NA,411,678,0,3,0,681,A
6-NA,412,675,1,1,0,677,A
6-NA,413,0,0,0,683,683,C
6-NA,414,680,0,1,0,681,A
6-NA,415,786,0,0,0,786,A
6-NA,416,0,0,0,791,791,C
6-NA,417,785,0,0,0,785,A
6-NA,418,1,0,0,802,803,C
6-NA,419,0,791,0,0,791,T
6-NA,420,798,0,0,0,798,A
6-NA,421,805,0,0,0,805,A
6-NA,422,808,0,0,0,808,A
6-NA,423,0,0,0,813,813,C
6-NA,424,789,0,0,0,789,A
6-NA,425,793,0,0,0,793,A
6-NA,426,0,2,0,791,793,C
6-NA,427,0,0,792,0,792,G
6-NA,428,0,791,0,1,792,T
6-NA,429,2,0,790,0,792,G
6-NA,430,0,0,0,807,807,C
6-NA,431,811,0,0,0,811,A
6-NA,432,0,815,0,0,815,T
6-NA,433,0,816,0,0,816,T
6-NA,434,0,0,0,885,885,C
6-NA,435,922,0,0,0,922,A
6-NA,436,931,0,1,0,932,A
6-NA,437,929,0,0,0,929,A
6-NA,438,0,933,0,0,933,T
6-NA,439,927,0,0,0,927,A
6-NA,440,962,0,0,0,962,A
6-NA,441,0,0,0,963,963,C
6-NA,442,964,0,2,0,966,A
6-NA,443,1,0,0,980,981,C
6-NA,444,947,0,1,0,948,A
6-NA,445,0,1,1175,0,1176,G
6-NA,446,0,1183,0,0,1183,T
6-NA,447,1215,0,1,0,1216,A
6-NA,448,0,0,0,1222,1222,C
6-NA,449,0,0,1221,0,1221,G
6-NA,450,1,1241,1,1,1244,T
6-NA,451,1,2,1260,0,1263,G
6-NA,452,1264,0,0,0,1264,A
6-NA,453,0,1268,0,0,1268,T
6-NA,454,1206,0,0,0,1206,A
6-NA,455,0,1,1198,0,1199,G
6-NA,456,0,1,1179,0,1180,G
6-NA,457,1189,0,1,0,1190,A
6-NA,458,0,0,0,1212,1212,C
6-NA,459,0,0,0,1199,1199,C
6-NA,460,1,0,0,1212,1213,C
6-NA,461,2,0,0,1221,1223,C
6-NA,462,0,1226,0,1,1227,T
6-NA,463,0,1254,0,0,1254,T
6-NA,464,1256,0,1,0,1257,A
6-NA,465,0,1250,0,0,1250,T
6-NA,466,2,3,0,1255,1260,C
6-NA,467,2,4,1230,0,1236,G
6-NA,468,0,2,1230,0,1232,G
6-NA,469,1246,0,1,0,1247,A
6-NA,470,1,0,0,1259,1260,C
6-NA,471,1,1,0,1255,1257,C
6-NA,472,5,0,0,1323,1328,C
6-NA,473,0,1323,0,3,1326,T
6-NA,474,1360,0,0,0,1360,A
6-NA,475,0,1363,1,0,1364,T
6-NA,476,0,1372,0,0,1372,T
6-NA,477,0,0,1370,0,1370,G
6-NA,478,1366,0,0,0,1366,A
6-NA,479,0,1362,0,0,1362,T
6-NA,480,0,1,1371,0,1372,G
6-NA,481,1336,0,0,0,1336,A
6-NA,482,1333,0,0,0,1333,A
6-NA,483,0,1334,0,1,1335,T
6-NA,484,0,1,1362,0,1363,G
6-NA,485,1380,0,1,0,1381,A
6-NA,486,0,0,1404,0,1404,G
6-NA,487,0,1400,0,0,1400,T
6-NA,488,0,1410,0,0,1410,T
6-NA,489,1410,1,0,0,1411,A
6-NA,490,0,2,1417,0,1419,G
6-NA,491,0,1,1418,0,1419,G
6-NA,492,0,1417,0,0,1417,T
6-NA,493,0,0,1421,0,1421,G
6-NA,494,0,1411,0,3,1414,T
6-NA,495,0,1405,0,0,1405,T
6-NA,496,2,0,0,1430,1432,C
6-NA,497,1,0,0,1436,1437,C
6-NA,498,0,1440,0,1,1441,T
6-NA,499,0,1443,0,1,1444,T
6-NA,500,0,1443,0,1,1444,T
6-NA,501,0,1442,0,1,1443,T
6-NA,502,3,1,0,1449,1453,C
6-NA,503,1449,0,0,0,1449,A
6-NA,504,0,1486,0,2,1488,T
6-NA,505,1,0,0,1483,1484,C
6-NA,506,0,1470,0,0,1470,T
6-NA,507,0,4,1451,0,1455,G
6-NA,508,0,5,1434,1,1440,G
6-NA,509,1,2,1440,0,1443,G
6-NA,510,0,3,1465,0,1468,G
6-NA,511,1468,0,0,0,1468,A
6-NA,512,0,0,0,1497,1497,C
6-NA,513,1,0,0,1483,1484,C
6-NA,514,1503,0,0,0,1503,A
6-NA,515,1504,0,7,0,1511,A
6-NA,516,0,0,1510,0,1510,G
6-NA,517,1,0,0,1513,1514,C
6-NA,518,1516,0,1,0,1517,A
6-NA,519,1526,0,0,0,1526,A
6-NA,520,0,0,1541,0,1541,G
6-NA,521,0,1536,0,0,1536,T
6-NA,522,1,0,1578,0,1579,G
6-NA,523,0,1557,0,0,1557,T
6-NA,524,0,0,1620,0,1620,G
6-NA,525,3,2,0,1618,1623,C
6-NA,526,1621,0,1,0,1622,A
6-NA,527,0,1642,0,0,1642,T
6-NA,528,1624,0,1,0,1625,A
6-NA,529,0,1,1661,0,1662,G
6-NA,530,0,0,0,1656,1656,C
6-NA,531,1628,0,0,0,1628,A
6-NA,532,0,1616,0,0,1616,T
6-NA,533,0,4,1568,0,1572,G
6-NA,534,0,0,1758,0,1758,G
6-NA,535,0,1757,0,0,1757,T
6-NA,536,3,0,0,1763,1766,C
6-NA,537,0,0,0,1790,1790,C
6-NA,538,1819,0,0,1,1820,A
6-NA,539,0,0,1950,0,1950,G
6-NA,540,0,0,0,1964,1964,C
6-NA,541,0,1964,0,1,1965,T
6-NA,542,4,0,0,1978,1982,C
6-NA,543,1942,0,3,0,1945,A
6-NA,544,1987,0,0,0,1987,A
6-NA,545,0,2,2002,0,2004,G
6-NA,546,0,2012,0,0,2012,T
6-NA,547,0,2016,0,1,2017,T
6-NA,548,0,0,2032,0,2032,G
6-NA,549,1,2027,0,1,2029,T
6-NA,550,8,0,0,2022,2030,C
6-NA,551,2029,1,4,0,2034,A
6-NA,552,1,3,0,2068,2072,C
6-NA,553,1,0,2064,0,2065,G
6-NA,554,2114,0,2,0,2116,A
6-NA,555,0,2135,0,1,2136,T
6-NA,556,0,4,2188,0,2192,G
6-NA,557,0,2,2219,0,2221,G
6-NA,558,2227,0,2,0,2229,A
6-NA,559,2228,0,2,0,2230,A
6-NA,560,2252,0,1,1,2254,A
6-NA,561,2268,0,2,0,2270,A
6-NA,562,1,0,2310,0,2311,G
6-NA,563,0,0,0,2315,2315,C
6-NA,564,2298,2,1,0,2301,A
6-NA,565,0,2319,0,1,2320,T
6-NA,566,0,2,2356,0,2358,G
6-NA,567,0,1,2378,0,2379,G
6-NA,568,0,0,0,2430,2430,C
6-NA,569,0,2401,0,4,2405,T
6-NA,570,1,0,2431,0,2432,G
6-NA,571,0,0,0,2429,2429,C
6-NA,572,2436,0,1,0,2437,A
6-NA,573,0,2571,0,0,2571,T
6-NA,574,2,0,2594,0,2596,G
6-NA,575,0,2631,1,3,2635,T
6-NA,576,0,2757,0,0,2757,T
6-NA,577,0,2759,1,4,2764,T
6-NA,578,2,1,2999,0,3002,G
6-NA,579,0,2979,0,1,2980,T
6-NA,580,2997,0,1,0,2998,A
6-NA,581,0,3018,0,0,3018,T
6-NA,582,3002,0,0,0,3002,A
6-NA,583,3027,0,4,0,3031,A
6-NA,584,0,4,0,3018,3022,C
6-NA,585,2,12,2987,0,3001,G
6-NA,586,1,6,3008,0,3015,G
6-NA,587,0,7,2960,0,2967,G
6-NA,588,1,4,2977,0,2982,G
6-NA,589,0,3,2991,0,2994,G
6-NA,590,2975,0,4,0,2979,A
6-NA,591,0,3000,0,6,3006,T
6-NA,592,1,3,3022,1,3027,G
6-NA,593,3046,1,6,0,3053,A
6-NA,594,1,3072,0,1,3074,T
6-NA,595,3075,0,1,0,3076,A
6-NA,596,3162,0,0,0,3162,A
6-NA,597,3177,0,1,1,3179,A
6-NA,598,3180,0,0,0,3180,A
6-NA,599,3196,0,0,0,3196,A
6-NA,600,0,3201,0,2,3203,T
6-NA,601,1,1,3196,0,3198,G
6-NA,602,0,0,0,3199,3199,C
6-NA,603,3201,0,1,0,3202,A
6-NA,604,3232,0,1,0,3233,A
6-NA,605,0,0,0,3286,3286,C
6-NA,606,0,3296,0,0,3296,T
6-NA,607,3,1,3302,0,3306,G
6-NA,608,0,0,0,3308,3308,C
6-NA,609,0,3312,0,1,3313,T
6-NA,610,3320,0,0,0,3320,A
6-NA,611,0,0,3339,0,3339,G
6-NA,612,2,1,0,3376,3379,C
6-NA,613,3,3368,0,6,3377,T
6-NA,614,0,3375,0,2,3377,T
6-NA,615,6,1,0,3450,3457,C
6-NA,616,3482,0,0,0,3482,A
6-NA,617,0,3493,0,2,3495,T
6-NA,618,1,3502,0,0,3503,T
6-NA,619,0,3529,0,0,3529,T
6-NA,620,3547,1,3,0,3551,A
6-NA,621,0,1,0,3587,3588,C
6-NA,622,3582,0,0,0,3582,A
6-NA,623,3630,0,3,0,3633,A
6-NA,624,2,3627,0,1,3630,T
6-NA,625,2,17,3612,0,3631,G
6-NA,626,0,6,3611,0,3617,G
6-NA,627,0,6,3617,0,3623,G
6-NA,628,3601,1,7,1,3610,A
6-NA,629,3,6,3736,0,3745,G
6-NA,630,0,1,3797,0,3798,G
6-NA,631,0,0,0,4157,4157,C
6-NA,632,0,4171,0,3,4174,T
6-NA,633,0,4248,1,0,4249,T
6-NA,634,1,0,4288,0,4289,G
6-NA,635,1,4282,0,0,4283,T
6-NA,636,4381,1,4,1,4387,A
6-NA,637,1,5,4415,0,4421,G
6-NA,638,4347,0,5,0,4352,A
6-NA,639,0,4358,0,0,4358,T
6-NA,640,4121,0,1,0,4122,A
6-NA,641,0,1,4130,0,4131,G
6-NA,642,0,4093,0,1,4094,T
6-NA,643,0,1,4047,0,4048,G
6-NA,644,1,4271,0,1,4273,T
6-NA,645,0,4273,0,0,4273,T
6-NA,646,0,1,4376,0,4377,G
6-NA,647,1,4358,0,4,4363,T
6-NA,648,0,4375,0,1,4376,T
6-NA,649,0,4374,0,1,4375,T
6-NA,650,5,0,0,4328,4333,C
6-NA,651,4323,0,2,0,4325,A
6-NA,652,0,4308,0,0,4308,T
6-NA,653,1,12,4298,0,4311,G
6-NA,654,1,2,4621,0,4624,G
6-NA,655,0,4589,0,3,4592,T
6-NA,656,6,0,0,4584,4590,C
6-NA,657,10,0,1,4582,4593,C
6-NA,658,4622,1,0,1,4624,A
6-NA,659,4668,0,0,0,4668,A
6-NA,660,4666,1,2,0,4669,A
6-NA,661,2,2,4687,0,4691,G
6-NA,662,4684,0,2,0,4686,A
6-NA,663,4562,1,2,1,4566,A
6-NA,664,4566,0,4,0,4570,A
6-NA,665,0,4576,1,1,4578,T
6-NA,666,7,0,0,4773,4780,C
6-NA,667,12,0,0,4766,4778,C
6-NA,668,0,4774,1,1,4776,T
6-NA,669,3,0,0,4788,4791,C
6-NA,670,4764,1,3,2,4770,A
6-NA,671,0,8,4810,0,4818,G
6-NA,672,1,7,4811,0,4819,G
6-NA,673,4998,0,3,0,5001,A
6-NA,674,0,0,0,5014,5014,C
6-NA,675,5,0,0,4936,4941,C
6-NA,676,9,1,0,4941,4951,C
6-NA,677,4945,0,1,0,4946,A
6-NA,678,0,7,4966,0,4973,G
6-NA,679,0,10,4981,0,4991,G
6-NA,680,4959,0,4,0,4963,A
6-NA,681,0,1,5060,0,5061,G
6-NA,682,0,4993,0,1,4994,T
6-NA,683,11,0,0,5006,5017,C
6-NA,684,5014,0,6,0,5020,A
6-NA,685,0,6,5053,0,5059,G
6-NA,686,5025,0,16,0,5041,A
6-NA,687,5049,1,1,0,5051,A
6-NA,688,0,5048,0,1,5049,T
6-NA,689,0,2,5056,0,5058,G
6-NA,690,3,1,0,5052,5056,C
6-NA,691,4,0,5095,0,5099,G
6-NA,692,2,5065,0,3,5070,T
6-NA,693,0,5076,0,1,5077,T
6-NA,694,0,5057,0,0,5057,T
6-NA,695,1,1,5098,0,5100,G
6-NA,696,0,5116,1,1,5118,T
6-NA,697,5126,0,2,0,5128,A
6-NA,698,0,5112,0,5,5117,T
6-NA,699,12,0,0,5125,5137,C
6-NA,700,5137,0,2,0,5139,A
6-NA,701,5141,0,1,0,5142,A
6-NA,702,0,5160,0,0,5160,T
6-NA,703,3,8,5132,0,5143,G
6-NA,704,0,12,5153,0,5165,G
6-NA,705,5277,0,3,0,5280,A
6-NA,706,5296,1,7,0,5304,A
6-NA,707,0,0,1,5356,5357,C
6-NA,708,0,5405,0,3,5408,T
6-NA,709,1,5406,0,0,5407,T
6-NA,710,0,0,5649,0,5649,G
6-NA,711,1,5645,0,2,5648,T
6-NA,712,5640,0,3,1,5644,A
6-NA,713,1,3,0,5758,5762,C
6-NA,714,5634,1,2,0,5637,A
6-NA,715,0,0,6077,0,6077,G
6-NA,716,1,6038,1,0,6040,T
6-NA,717,6307,0,4,0,6311,A
6-NA,718,0,0,6359,0,6359,G
6-NA,719,0,6254,0,2,6256,T
6-NA,720,6252,0,2,0,6254,A
6-NA,721,6255,0,1,0,6256,A
6-NA,722,1,6236,0,0,6237,T
6-NA,723,2,25,6265,0,6292,G
6-NA,724,6159,1,5,0,6165,A
6-NA,725,0,32,1,6190,6223,C
6-NA,726,1,6091,0,3,6095,T
6-NA,727,43,5,6109,0,6157,G
6-NA,728,6099,3,2,2,6106,A
6-NA,729,0,6170,0,1,6171,T
6-NA,730,0,33,6149,0,6182,G
6-NA,731,1,9,6125,0,6135,G
6-NA,732,1,15,6117,0,6133,G
6-NA,733,6018,0,4,0,6022,A
6-NA,734,1,0,6033,0,6034,G
6-NA,735,0,5999,1,2,6002,T
6-NA,736,1,5,6034,0,6040,G
6-NA,737,0,1,0,6080,6081,C
6-NA,738,0,6082,0,1,6083,T
6-NA,739,0,6077,0,1,6078,T
6-NA,740,3,1,0,6075,6079,C
6-NA,741,6071,0,14,0,6085,A
6-NA,742,0,12,6107,0,6119,G
6-NA,743,1,8,6099,0,6108,G
6-NA,744,6091,0,1,0,6092,A
6-NA,745,6036,1,2,0,6039,A
6-NA,746,6004,0,1,0,6005,A
6-NA,747,6040,0,8,0,6048,A
6-NA,748,0,1,6076,0,6077,G
6-NA,749,1,2,0,6077,6080,C
6-NA,750,1,6058,0,3,6062,T
6-NA,751,0,6,6055,1,6062,G
6-NA,752,6026,0,3,1,6030,A
6-NA,753,1,6112,0,2,6115,T
6-NA,754,6139,0,2,0,6141,A
6-NA,755,0,1,0,6459,6460,C
6-NA,756,0,6429,1,3,6433,T
6-NA,757,6450,0,1,0,6451,A
6-NA,758,6449,0,1,0,6450,A
6-NA,759,6454,0,2,0,6456,A
6-NA,760,6603,1,2,0,6606,A
6-NA,761,0,6613,0,4,6617,T
6-NA,762,6617,0,3,0,6620,A
6-NA,763,0,1,0,6648,6649,C
6-NA,764,0,6407,2,2,6411,T
6-NA,765,6500,1,0,0,6501,A
6-NA,766,0,6466,0,7,6473,T
6-NA,767,0,6778,1,3,6782,T
6-NA,768,17,0,0,6817,6834,C
6-NA,769,6707,1,0,0,6708,A
6-NA,770,1,6708,0,5,6714,T
6-NA,771,0,6699,0,1,6700,T
6-NA,772,4,11,6727,0,6742,G
6-NA,773,6665,1,10,1,6677,A
6-NA,774,1,5,6697,0,6703,G
6-NA,775,0,6,6697,0,6703,G
6-NA,776,6432,2,7,0,6441,A
6-NA,777,1,21,6564,0,6586,G
6-NA,778,0,16,6584,0,6600,G
6-NA,779,0,10,6587,0,6597,G
6-NA,780,0,8,6598,0,6606,G
6-NA,781,6581,1,2,1,6585,A
6-NA,782,6607,1,8,1,6617,A
6-NA,783,6589,1,10,0,6600,A
6-NA,784,6608,1,3,0,6612,A
6-NA,785,0,6584,0,1,6585,T
6-NA,786,12,1,0,6541,6554,C
6-NA,787,2,0,6671,0,6673,G
6-NA,788,1,6647,0,2,6650,T
6-NA,789,0,6627,0,11,6638,T
6-NA,790,20,0,0,6636,6656,C
6-NA,791,6594,0,1,0,6595,A
6-NA,792,0,6914,0,3,6917,T
6-NA,793,6908,1,0,0,6909,A
6-NA,794,0,2,0,6910,6912,C
6-NA,795,7,7,0,6769,6783,C
6-NA,796,6844,0,1,0,6845,A
6-NA,797,1,1,6865,0,6867,G
6-NA,798,1,0,0,6880,6881,C
6-NA,799,6863,2,3,0,6868,A
6-NA,800,0,0,0,6917,6917,C
6-NA,801,6727,0,3,0,6730,A
6-NA,802,1,6842,0,5,6848,T
6-NA,803,1,6826,0,1,6828,T
6-NA,804,1,0,7270,0,7271,G
6-NA,805,1,7238,0,6,7245,T
6-NA,806,18,3,0,7223,7244,C
6-NA,807,7229,2,6,1,7238,A
6-NA,808,0,9,7244,0,7253,G
6-NA,809,0,5,7247,0,7252,G
6-NA,810,7200,1,3,1,7205,A
6-NA,811,7131,0,3,0,7134,A
6-NA,812,1,1,7241,0,7243,G
6-NA,813,0,6915,0,0,6915,T
6-NA,814,1,2,6946,0,6949,G
6-NA,815,1,2,1,6933,6937,C
6-NA,816,0,6942,0,3,6945,T
6-NA,817,12,1,0,6957,6970,C
6-NA,818,6960,0,5,0,6965,A
6-NA,819,5,2,7000,0,7007,G
6-NA,820,1,0,1,7005,7007,C
6-NA,821,6994,1,4,0,6999,A
6-NA,822,0,7010,0,3,7013,T
6-NA,823,3,2,7255,1,7261,G
6-NA,824,0,7235,0,2,7237,T
6-NA,825,18,1,0,7229,7248,C
6-NA,826,1,11,7236,0,7248,G
6-NA,827,7186,0,3,0,7189,A
6-NA,828,3,7,7179,0,7189,G
6-NA,829,0,13,7177,0,7190,G
6-NA,830,7132,1,3,0,7136,A
6-NA,831,1,0,7240,0,7241,G
6-NA,832,0,7038,0,0,7038,T
6-NA,833,1,2,7109,0,7112,G
6-NA,834,4,2,0,7202,7208,C
6-NA,835,0,7185,1,3,7189,T
6-NA,836,27,0,1,7192,7220,C
6-NA,837,8,230,1,7005,7244,C
6-NA,838,2,7228,0,3,7233,T
6-NA,839,0,2,7266,0,7268,G
6-NA,840,0,1,0,7179,7180,C
6-NA,841,1,7117,0,3,7121,T
6-NA,842,7139,1,0,0,7140,A
6-NA,843,0,7034,0,2,7036,T
6-NA,844,10,1,0,7083,7094,C
6-NA,845,16,1,0,7095,7112,C
6-NA,846,2,7091,0,8,7101,T
6-NA,847,11,3,0,7141,7155,C
6-NA,848,2,11,7145,0,7158,G
6-NA,849,7199,0,1,1,7201,A
6-NA,850,0,7202,0,16,7218,T
6-NA,851,7194,0,6,0,7200,A
6-NA,852,0,7196,0,1,7197,T
6-NA,853,5,0,15,7192,7212,C
6-NA,854,10,0,0,7194,7204,C
6-NA,855,0,7149,0,1,7150,T
6-NA,856,0,8,7203,0,7211,G
6-NA,857,2,0,7220,0,7222,G
6-NA,858,2,7360,1,2,7365,T
6-NA,859,1,1,7384,0,7386,G
6-NA,860,0,7322,0,8,7330,T
6-NA,861,12,24,0,7290,7326,C
6-NA,862,7331,0,6,1,7338,A
6-NA,863,2,5,7345,0,7352,G
6-NA,864,7331,2,3,0,7336,A
6-NA,865,1,7264,0,3,7268,T
6-NA,866,0,0,7290,0,7290,G
6-NA,867,0,7186,0,4,7190,T
6-NA,868,2,1,7198,2,7203,G
6-NA,869,4,7183,1,5,7193,T
6-NA,870,8,0,0,7208,7216,C
6-NA,871,1,7193,0,8,7202,T
6-NA,872,4,3,7218,0,7225,G
6-NA,873,0,5,0,7208,7213,C
6-NA,874,7199,0,4,0,7203,A
6-NA,875,0,9,7197,2,7208,G
6-NA,876,7060,1,5,0,7066,A
6-NA,877,0,6,7095,2,7103,G
6-NA,878,7076,1,9,1,7087,A
6-NA,879,1,1,0,7146,7148,C
6-NA,880,7139,1,3,0,7143,A
6-NA,881,7191,2,1,0,7194,A
6-NA,882,0,1,0,7229,7230,C
6-NA,883,1,7212,1,1,7215,T
6-NA,884,2,8,7210,0,7220,G
6-NA,885,0,5,7199,0,7204,G
6-NA,886,7158,0,15,1,7174,A
6-NA,887,7171,1,3,0,7175,A
6-NA,888,7040,0,5,1,7046,A
6-NA,889,3,6,7189,0,7198,G
6-NA,890,0,0,7147,0,7147,G
6-NA,891,7,1,0,7132,7140,C
6-NA,892,0,7104,0,15,7119,T
6-NA,893,9,1,1,7272,7283,C
6-NA,894,12,1,1,7345,7359,C
6-NA,895,7402,1,2,0,7405,A
6-NA,896,7390,0,1,0,7391,A
6-NA,897,0,7413,0,2,7415,T
6-NA,898,7155,1,5,9,7170,A
6-NA,899,1,5,7130,0,7136,G
6-NA,900,1,2,7155,0,7158,G
6-NA,901,1,5,0,7141,7147,C
6-NA,902,9,4,0,7002,7015,C
6-NA,903,18,4,0,6921,6943,C
6-NA,904,7007,0,1,0,7008,A
6-NA,905,0,7052,0,6,7058,T
6-NA,906,9,0,0,7088,7097,C
6-NA,907,5,1,7109,0,7115,G
6-NA,908,0,7082,1,0,7083,T
6-NA,909,6966,0,0,0,6966,A
6-NA,910,1,4,7103,0,7108,G
6-NA,911,7091,1,5,1,7098,A
6-NA,912,1,7132,0,3,7136,T
6-NA,913,7015,0,1,0,7016,A
6-NA,914,0,6953,0,1,6954,T
6-NA,915,6959,1,4,0,6964,A
6-NA,916,6949,0,4,0,6953,A
6-NA,917,7122,0,5,1,7128,A
6-NA,918,0,1,0,7401,7402,C
6-NA,919,7256,2,1,0,7259,A
6-NA,920,0,7230,0,0,7230,T
6-NA,921,7166,0,2,1,7169,A
6-NA,922,7169,0,5,0,7174,A
6-NA,923,6801,3,360,0,7164,A
6-NA,924,1,13,7216,1,7231,G
6-NA,925,3,8,7294,1,7306,G
6-NA,926,7065,0,2,0,7067,A
6-NA,927,1,6950,0,1,6952,T
6-NA,928,10,4,0,6915,6929,C
6-NA,929,6957,1,6,0,6964,A
6-NA,930,0,6957,0,2,6959,T
6-NA,931,6945,1,3,0,6949,A
6-NA,932,0,1,6979,0,6980,G
6-NA,933,2,0,0,6909,6911,C
6-NA,934,6782,0,1,0,6783,A
6-NA,935,1,6626,0,0,6627,T
6-NA,936,0,6668,0,1,6669,T
6-NA,937,1,1,6854,0,6856,G
6-NA,938,0,6843,1,3,6847,T
6-NA,939,0,6941,0,7,6948,T
6-NA,940,1,6920,0,6,6927,T
6-NA,941,8,0,0,6904,6912,C
6-NA,942,7,2,0,6958,6967,C
6-NA,943,7066,0,4,0,7070,A
6-NA,944,1,0,7177,1,7179,G
6-NA,945,0,7147,0,5,7152,T
6-NA,946,1,6971,0,0,6972,T
6-NA,947,6976,2,1,0,6979,A
6-NA,948,1,6908,1,2,6912,T
6-NA,949,1,6,6918,0,6925,G
6-NA,950,1,6843,1,9,6854,T
6-NA,951,1,0,6900,1,6902,G
6-NA,952,1,6719,0,4,6724,T
6-NA,953,2,1,6862,0,6865,G
6-NA,954,0,6860,0,3,6863,T
6-NA,955,1,6827,2,8,6838,T
6-NA,956,17,1,0,6827,6845,C
6-NA,957,6786,1,11,0,6798,A
6-NA,958,1,8,6820,0,6829,G
6-NA,959,1,12,6801,0,6814,G
6-NA,960,6749,4,11,0,6764,A
6-NA,961,0,0,0,6800,6800,C
6-NA,962,0,6700,0,1,6701,T
6-NA,963,0,6712,0,1,6713,T
6-NA,964,1,0,6939,0,6940,G
6-NA,965,0,6935,0,2,6937,T
6-NA,966,1,6930,0,4,6935,T
6-NA,967,2,5,6884,0,6891,G
6-NA,968,0,7,6869,0,6876,G
6-NA,969,6850,0,6,0,6856,A
6-NA,970,0,15,6881,1,6897,G
6-NA,971,6847,0,14,0,6861,A
6-NA,972,1,2,0,6831,6834,C
6-NA,973,6584,0,7,0,6591,A
6-NA,974,1,6,0,6603,6610,C
6-NA,975,6638,2,4,1,6645,A
6-NA,976,1,3,0,6676,6680,C
6-NA,977,4,1,0,6606,6611,C
6-NA,978,26,3,0,6593,6622,C
6-NA,979,6644,1,3,1,6649,A
6-NA,980,0,6,6668,0,6674,G
6-NA,981,6655,2,1,0,6658,A
6-NA,982,6691,0,2,1,6694,A
6-NA,983,6665,0,0,0,6665,A
6-NA,984,6652,0,3,1,6656,A
6-NA,985,6609,0,5,1,6615,A
6-NA,986,6618,0,1,1,6620,A
6-NA,987,2,7,1,6630,6640,C
6-NA,988,1,30,6594,1,6626,G
6-NA,989,6607,0,5,0,6612,A
6-NA,990,1,1,2,6608,6612,C
6-NA,991,6585,0,9,0,6594,A
6-NA,992,2,2,6659,0,6663,G
6-NA,993,2,2,1,6851,6856,C
6-NA,994,0,6794,0,6,6800,T
6-NA,995,19,1,0,6823,6843,C
6-NA,996,10,0,0,6883,6893,C
6-NA,997,6891,1,7,0,6899,A
6-NA,998,2,2,6960,0,6964,G
6-NA,999,0,0,0,6966,6966,C
6-NA,1000,6932,3,7,0,6942,A
6-NA,1001,1,1,6943,0,6945,G
6-NA,1002,0,6637,0,1,6638,T
6-NA,1003,6652,0,4,0,6656,A
6-NA,1004,2,1,6662,0,6665,G
6-NA,1005,3,2,0,6681,6686,C
6-NA,1006,15,0,0,6698,6713,C
6-NA,1007,6576,0,1,1,6578,A
6-NA,1008,0,6581,1,1,6583,T
6-NA,1009,0,6573,0,0,6573,T
6-NA,1010,2,0,6792,0,6794,G
6-NA,1011,0,6753,1,7,6761,T
6-NA,1012,1,6740,0,2,6743,T
6-NA,1013,3,6727,1,0,6731,T
6-NA,1014,2,10,6667,0,6679,G
6-NA,1015,0,2,6747,0,6749,G
6-NA,1016,6708,1,2,0,6711,A
6-NA,1017,1,6755,1,3,6760,T
6-NA,1018,8,2,0,6740,6750,C
6-NA,1019,9,1,0,6614,6624,C
6-NA,1020,4,6613,0,4,6621,T
6-NA,1021,6608,0,19,0,6627,A
6-NA,1022,6648,1,2,0,6651,A
6-NA,1023,0,0,0,6740,6740,C
6-NA,1024,6599,0,1,1,6601,A
6-NA,1025,6736,0,2,0,6738,A
6-NA,1026,0,6707,0,5,6712,T
6-NA,1027,0,6,6788,1,6795,G
6-NA,1028,6771,2,7,1,6781,A
6-NA,1029,6719,2,17,0,6738,A
6-NA,1030,0,6,6763,0,6769,G
6-NA,1031,6731,2,6,0,6739,A
6-NA,1032,6589,1,5,0,6595,A
6-NA,1033,4,9,6608,0,6621,G
6-NA,1034,1,0,6617,0,6618,G
6-NA,1035,0,6480,0,7,6487,T
6-NA,1036,1,20,6497,0,6518,G
6-NA,1037,1,2,6734,0,6737,G
6-NA,1038,1,6666,0,6,6673,T
6-NA,1039,22,0,0,6663,6685,C
6-NA,1040,6676,0,1,0,6677,A
6-NA,1041,0,6653,0,4,6657,T
6-NA,1042,3,11,6661,0,6675,G
6-NA,1043,2,10,6727,0,6739,G
6-NA,1044,6652,0,14,0,6666,A
6-NA,1045,1,1,6883,0,6885,G
6-NA,1046,0,6605,0,10,6615,T
6-NA,1047,2,8,6629,0,6639,G
6-NA,1048,6621,0,1,0,6622,A
6-NA,1049,6614,0,3,0,6617,A
6-NA,1050,6629,0,10,0,6639,A
6-NA,1051,3,7,6663,0,6673,G
6-NA,1052,1,2,6590,0,6593,G
6-NA,1053,3,0,0,6580,6583,C
6-NA,1054,0,6365,1,12,6378,T
6-NA,1055,2,14,6371,0,6387,G
6-NA,1056,2,3,6383,0,6388,G
6-NA,1057,1,1,6439,0,6441,G
6-NA,1058,1,0,0,6423,6424,C
6-NA,1059,6,0,1,6413,6420,C
6-NA,1060,0,6357,1,6,6364,T
6-NA,1061,1,6356,0,2,6359,T
6-NA,1062,0,6398,0,0,6398,T
6-NA,1063,0,4,6408,0,6412,G
6-NA,1064,6395,0,10,0,6405,A
6-NA,1065,1,6354,1,1,6357,T
6-NA,1066,3,8,6276,0,6287,G
6-NA,1067,6192,2,9,1,6204,A
6-NA,1068,0,6231,0,2,6233,T
6-NA,1069,4,7,6233,0,6244,G
6-NA,1070,0,8,6331,0,6339,G
6-NA,1071,6313,0,3,0,6316,A
6-NA,1072,6317,0,4,0,6321,A
6-NA,1073,6323,0,1,1,6325,A
6-NA,1074,0,6305,0,1,6306,T
6-NA,1075,1,5,6335,0,6341,G
6-NA,1076,6323,1,8,1,6333,A
6-NA,1077,1,1,0,6319,6321,C
6-NA,1078,5,1,6352,0,6358,G
6-NA,1079,0,6194,0,3,6197,T
6-NA,1080,0,1,6274,0,6275,G
6-NA,1081,0,6242,0,6,6248,T
6-NA,1082,3,13,6242,1,6259,G
6-NA,1083,1,6,6278,0,6285,G
6-NA,1084,6232,0,1,1,6234,A
6-NA,1085,0,6257,0,4,6261,T
6-NA,1086,0,21,6197,0,6218,G
6-NA,1087,3,6,6211,1,6221,G
6-NA,1088,1,6,6260,0,6267,G
6-NA,1089,6196,2,1,0,6199,A
6-NA,1090,6207,1,5,0,6213,A
6-NA,1091,2,15,6232,0,6249,G
6-NA,1092,6183,0,3,0,6186,A
6-NA,1093,6174,0,2,1,6177,A
6-NA,1094,1,2,0,6171,6174,C
6-NA,1095,9,14,6116,1,6140,G
6-NA,1096,6111,0,5,0,6116,A
6-NA,1097,0,6009,0,1,6010,T
6-NA,1098,10,2,0,6022,6034,C
6-NA,1099,6032,0,5,2,6039,A
6-NA,1100,0,2,6056,0,6058,G
6-NA,1101,2,1,0,6022,6025,C
6-NA,1102,1,11,6034,0,6046,G
6-NA,1103,5993,2,4,1,6000,A
6-NA,1104,0,6,6030,0,6036,G
6-NA,1105,6025,1,3,0,6029,A
6-NA,1106,6039,0,0,0,6039,A
6-NA,1107,0,1,6091,2,6094,G
6-NA,1108,0,6040,0,5,6045,T
6-NA,1109,17,1,0,5972,5990,C
6-NA,1110,6000,0,4,0,6004,A
6-NA,1111,1,1,0,6167,6169,C
6-NA,1112,2,3,6188,0,6193,G
6-NA,1113,4,0,0,6178,6182,C
6-NA,1114,0,6129,1,2,6132,T
6-NA,1115,0,6166,0,1,6167,T
6-NA,1116,6058,0,3,0,6061,A
6-NA,1117,1,19,6516,0,6536,G
6-NA,1118,1,16,6530,1,6548,G
6-NA,1119,3,3,6650,0,6656,G
6-NA,1120,0,6275,1,4,6280,T
6-NA,1121,6282,0,2,0,6284,A
6-NA,1122,0,6267,0,5,6272,T
6-NA,1123,2,8,6262,0,6272,G
6-NA,1124,6261,1,8,0,6270,A
6-NA,1125,6244,0,3,0,6247,A
6-NA,1126,6004,0,6,0,6010,A
6-NA,1127,3,1,0,6002,6006,C
6-NA,1128,10,1,0,5846,5857,C
6-NA,1129,0,5648,0,5,5653,T
6-NA,1130,0,5630,0,4,5634,T
6-NA,1131,4,0,0,5635,5639,C
6-NA,1132,5646,0,2,0,5648,A
6-NA,1133,5651,0,0,1,5652,A
6-NA,1134,5635,1,2,0,5638,A
6-NA,1135,0,0,5691,0,5691,G
6-NA,1136,1,5582,0,1,5584,T
6-NA,1137,20,2,0,5568,5590,C
6-NA,1138,5700,2,0,1,5703,A
6-NA,1139,1,5700,0,2,5703,T
6-NA,1140,0,5714,0,2,5716,T
6-NA,1141,1,7,5705,0,5713,G
6-NA,1142,5688,0,3,0,5691,A
6-NA,1143,5740,1,4,1,5746,A
6-NA,1144,0,7,6303,0,6310,G
6-NA,1145,3,2,6358,1,6364,G
6-NA,1146,2,0,0,6353,6355,C
6-NA,1147,1,6196,0,7,6204,T
6-NA,1148,1,4,6229,0,6234,G
6-NA,1149,0,2,6378,0,6380,G
6-NA,1150,1,6357,0,10,6368,T
6-NA,1151,17,1,1,6337,6356,C
6-NA,1152,9,1,0,6314,6324,C
6-NA,1153,6338,0,2,0,6340,A
6-NA,1154,6349,0,2,0,6351,A
6-NA,1155,0,0,0,6406,6406,C
6-NA,1156,12,1,0,6372,6385,C
6-NA,1157,27,0,0,6345,6372,C
6-NA,1158,1,6121,0,1,6123,T
6-NA,1159,6137,0,4,0,6141,A
6-NA,1160,6137,0,3,0,6140,A
6-NA,1161,0,2,6189,0,6191,G
6-NA,1162,1,6111,0,35,6147,T
6-NA,1163,10,2,1,6127,6140,C
6-NA,1164,15,3,0,6024,6042,C
6-NA,1165,6038,0,2,0,6040,A
6-NA,1166,6036,0,1,0,6037,A
6-NA,1167,6038,1,2,0,6041,A
6-NA,1168,0,6022,0,0,6022,T
6-NA,1169,0,6021,0,0,6021,T
6-NA,1170,1,2,6007,1,6011,G
6-NA,1171,2,1,0,5989,5992,C
6-NA,1172,5986,1,2,1,5990,A
6-NA,1173,1,3,6031,0,6035,G
6-NA,1174,6006,0,1,0,6007,A
6-NA,1175,0,6130,0,0,6130,T
6-NA,1176,6137,0,0,0,6137,A
6-NA,1177,6126,0,1,0,6127,A
6-NA,1178,6129,0,2,1,6132,A
6-NA,1179,2,6099,1,0,6102,T
6-NA,1180,6086,0,4,0,6090,A
6-NA,1181,0,10,6081,0,6091,G
6-NA,1182,0,1,6029,0,6030,G
6-NA,1183,1,2,0,6016,6019,C
6-NA,1184,5901,0,2,0,5903,A
6-NA,1185,5971,1,5,0,5977,A
6-NA,1186,0,2,6039,0,6041,G
6-NA,1187,0,6018,1,9,6028,T
6-NA,1188,21,1,0,6009,6031,C
6-NA,1189,6058,0,4,0,6062,A
6-NA,1190,0,6058,0,1,6059,T
6-NA,1191,6203,0,4,0,6207,A
6-NA,1192,0,2,6226,0,6228,G
6-NA,1193,0,6228,0,1,6229,T
6-NA,1194,1,6013,1,4,6019,T
6-NA,1195,1,16,5910,0,5927,G
6-NA,1196,5900,0,3,0,5903,A
6-NA,1197,0,1,0,5903,5904,C
6-NA,1198,5844,0,6,0,5850,A
6-NA,1199,0,5,5937,0,5942,G
6-NA,1200,5894,0,4,0,5898,A
6-NA,1201,0,2,6164,0,6166,G
6-NA,1202,1,1,6173,0,6175,G
6-NA,1203,1,6150,1,4,6156,T
6-NA,1204,6158,1,1,0,6160,A
6-NA,1205,6152,0,4,0,6156,A
6-NA,1206,0,6151,0,0,6151,T
6-NA,1207,6127,0,5,0,6132,A
6-NA,1208,1,10,6026,0,6037,G
6-NA,1209,1,0,5923,0,5924,G
6-NA,1210,1,5455,0,8,5464,T
6-NA,1211,12,1,0,5425,5438,C
6-NA,1212,13,3,0,5439,5455,C
6-NA,1213,5,7,5478,0,5490,G
6-NA,1214,5,1,5499,0,5505,G
6-NA,1215,1,5459,0,34,5494,T
6-NA,1216,0,5478,1,1,5480,T
6-NA,1217,5446,0,1,0,5447,A
6-NA,1218,1,5389,0,1,5391,T
6-NA,1219,0,5382,0,3,5385,T
6-NA,1220,4,0,2,5393,5399,C
6-NA,1221,0,5253,0,2,5255,T
6-NA,1222,2,5,5293,0,5300,G
6-NA,1223,2,0,5316,1,5319,G
6-NA,1224,1,5308,0,0,5309,T
6-NA,1225,5309,0,1,0,5310,A
6-NA,1226,1,5252,0,4,5257,T
6-NA,1227,0,5264,0,2,5266,T
6-NA,1228,0,5255,0,7,5262,T
6-NA,1229,1,5283,0,4,5288,T
6-NA,1230,5,0,0,5290,5295,C
6-NA,1231,1,5196,0,2,5199,T
6-NA,1232,12,1,0,5231,5244,C
6-NA,1233,1,5213,0,3,5217,T
6-NA,1234,0,0,5388,0,5388,G
6-NA,1235,0,5384,0,3,5387,T
6-NA,1236,0,5334,0,3,5337,T
6-NA,1237,1,3,5341,1,5346,G
6-NA,1238,5314,2,8,0,5324,A
6-NA,1239,5320,0,6,0,5326,A
6-NA,1240,0,2,5387,0,5389,G
6-NA,1241,1,0,5387,0,5388,G
6-NA,1242,0,0,277,5099,5376,C
6-NA,1243,5311,0,6,0,5317,A
6-NA,1244,5313,2,6,1,5322,A
6-NA,1245,5340,0,0,2,5342,A
6-NA,1246,5360,0,6,0,5366,A
6-NA,1247,3,1,5357,0,5361,G
6-NA,1248,3,1,0,5351,5355,C
6-NA,1249,3,5213,0,11,5227,T
6-NA,1250,4,0,5310,0,5314,G
6-NA,1251,1,1,0,5307,5309,C
6-NA,1252,5314,1,17,0,5332,A
6-NA,1253,1,5310,0,4,5315,T
6-NA,1254,3,0,0,5267,5270,C
6-NA,1255,5276,2,0,0,5278,A
6-NA,1256,5285,0,1,0,5286,A
6-NA,1257,2,5266,0,0,5268,T
6-NA,1258,7,3,0,5272,5282,C
6-NA,1259,3,11,5189,0,5203,G
6-NA,1260,1,2,5344,0,5347,G
6-NA,1261,0,5335,0,3,5338,T
6-NA,1262,2,0,5369,0,5371,G
6-NA,1263,0,1,0,5388,5389,C
6-NA,1264,2,5209,0,147,5358,T
6-NA,1265,0,5424,0,1,5425,T
6-NA,1266,1,5428,1,2,5432,T
6-NA,1267,1,5457,0,0,5458,T
6-NA,1268,5484,0,4,0,5488,A
6-NA,1269,2,5237,0,3,5242,T
6-NA,1270,2,1,5246,1,5250,G
6-NA,1271,0,5186,1,3,5190,T
6-NA,1272,1,4,5152,0,5157,G
6-NA,1273,1,9,5230,0,5240,G
6-NA,1274,5136,0,3,0,5139,A
6-NA,1275,0,0,5225,0,5225,G
6-NA,1276,0,5176,0,2,5178,T
6-NA,1277,2,5143,0,5,5150,T
6-NA,1278,1,7,5187,0,5195,G
6-NA,1279,5182,1,4,1,5188,A
6-NA,1280,0,5181,0,0,5181,T
6-NA,1281,5152,0,5,0,5157,A
6-NA,1282,5014,0,4,1,5019,A
6-NA,1283,0,16,5054,0,5070,G
6-NA,1284,1,13,4989,0,5003,G
6-NA,1285,0,3,4969,0,4972,G
6-NA,1286,1,6,4946,0,4953,G
6-NA,1287,4885,0,7,0,4892,A
6-NA,1288,4883,0,5,0,4888,A
6-NA,1289,0,8,4913,0,4921,G
6-NA,1290,4908,1,3,0,4912,A
6-NA,1291,4914,0,3,0,4917,A
6-NA,1292,4858,1,1,0,4860,A
6-NA,1293,4788,1,10,0,4799,A
6-NA,1294,1,12,4805,0,4818,G
6-NA,1295,4752,0,15,0,4767,A
6-NA,1296,0,7,4756,0,4763,G
6-NA,1297,0,9,4742,0,4751,G
6-NA,1298,4697,0,3,0,4700,A
6-NA,1299,4705,0,1,0,4706,A
6-NA,1300,4713,0,0,0,4713,A
6-NA,1301,1,1,0,4737,4739,C
6-NA,1302,1,4716,1,0,4718,T
6-NA,1303,1,6,4727,0,4734,G
6-NA,1304,4707,0,1,0,4708,A
6-NA,1305,4705,0,2,0,4707,A
6-NA,1306,0,0,4759,0,4759,G
6-NA,1307,0,4703,1,0,4704,T
6-NA,1308,15,1,0,4750,4766,C
6-NA,1309,0,4745,1,8,4754,T
6-NA,1310,0,4700,1,18,4719,T
6-NA,1311,0,1,4728,0,4729,G
6-NA,1312,0,4704,1,6,4711,T
6-NA,1313,1,9,4703,0,4713,G
6-NA,1314,0,10,4687,0,4697,G
6-NA,1315,4641,0,2,0,4643,A
6-NA,1316,0,5,0,4711,4716,C
6-NA,1317,7,2,0,4610,4619,C
6-NA,1318,0,4606,2,5,4613,T
6-NA,1319,2,0,0,4612,4614,C
6-NA,1320,4656,0,5,0,4661,A
6-NA,1321,4659,1,1,0,4661,A
6-NA,1322,4659,0,3,0,4662,A
6-NA,1323,1,1,0,4706,4708,C
6-NA,1324,4570,0,1,0,4571,A
6-NA,1325,2,0,4668,0,4670,G
6-NA,1326,0,4597,0,2,4599,T
6-NA,1327,4616,0,1,0,4617,A
6-NA,1328,0,4624,0,0,4624,T
6-NA,1329,0,4551,0,2,4553,T
6-NA,1330,1,2,4604,0,4607,G
6-NA,1331,1,4592,0,4,4597,T
6-NA,1332,1,4393,0,3,4397,T
6-NA,1333,0,0,4410,0,4410,G
6-NA,1334,1,4134,0,3,4138,T
6-NA,1335,1,1,4158,0,4160,G
6-NA,1336,0,4127,1,3,4131,T
6-NA,1337,0,4093,0,1,4094,T
6-NA,1338,0,4098,0,3,4101,T
6-NA,1339,0,4008,1,1,4010,T
6-NA,1340,0,0,4017,0,4017,G
6-NA,1341,1,4010,0,1,4012,T
6-NA,1342,1,7,3980,0,3988,G
6-NA,1343,1,0,3970,0,3971,G
6-NA,1344,0,0,0,3911,3911,C
6-NA,1345,3909,1,1,0,3911,A
6-NA,1346,1,1,0,3934,3936,C
6-NA,1347,4,0,0,3936,3940,C
6-NA,1348,2,3916,0,7,3925,T
6-NA,1349,4,1,0,3941,3946,C
6-NA,1350,3951,1,4,0,3956,A
6-NA,1351,0,1,3980,0,3981,G
6-NA,1352,1,1,3998,0,4000,G
6-NA,1353,2,3976,0,0,3978,T
6-NA,1354,3941,0,2,0,3943,A
6-NA,1355,2,0,1,3769,3772,C
6-NA,1356,3778,0,4,0,3782,A
6-NA,1357,0,3765,0,3,3768,T
6-NA,1358,3664,0,0,0,3664,A
6-NA,1359,0,3650,0,2,3652,T
6-NA,1360,0,7,3390,0,3397,G
6-NA,1361,0,3,3400,0,3403,G
6-NA,1362,3373,0,1,0,3374,A
6-NA,1363,3334,0,1,0,3335,A
6-NA,1364,0,0,0,3281,3281,C
6-NA,1365,2733,1,1,0,2735,A
6-NA,1366,0,5,2737,0,2742,G
6-NA,1367,0,1,2732,0,2733,G
6-NA,1368,0,2,0,2735,2737,C
6-NA,1369,0,2722,0,3,2725,T
6-NA,1370,6,0,0,2585,2591,C
6-NA,1371,2585,0,0,0,2585,A
6-NA,1372,0,2581,0,0,2581,T
6-NA,1373,1,4,2581,0,2586,G
6-NA,1374,1,0,2583,0,2584,G
6-NA,1375,1,0,0,2477,2478,C
6-NA,1376,1,1,0,2463,2465,C
6-NA,1377,0,2327,0,3,2330,T
6-NA,1378,0,3,2340,0,2343,G
6-NA,1379,2327,0,7,0,2334,A
6-NA,1380,0,2331,0,0,2331,T
6-NA,1381,0,3,2292,0,2295,G
6-NA,1382,0,8,2228,0,2236,G
6-NA,1383,0,1,2112,0,2113,G
6-NA,1384,0,0,2113,0,2113,G
6-NA,1385,0,1,1,2050,2052,C
6-NA,1386,0,1,2055,0,2056,G
6-NA,1387,0,6,2043,0,2049,G
6-NA,1388,2025,0,2,0,2027,A
6-NA,1389,1,0,0,2025,2026,C
6-NA,1390,2021,0,1,0,2022,A
6-NA,1391,0,1987,0,3,1990,T
6-NA,1392,1,1,0,1951,1953,C
6-NA,1393,1940,0,2,0,1942,A
6-NA,1394,1942,0,0,0,1942,A
6-NA,1395,0,1933,0,0,1933,T
6-NA,1396,1,0,0,1887,1888,C
6-NA,1397,1,1835,0,1,1837,T
6-NA,1398,1,0,0,1573,1574,C
6-NA,1399,1565,0,2,0,1567,A
6-NA,1400,0,1560,0,0,1560,T
6-NA,1401,0,2,1555,1,1558,G
6-NA,1402,0,0,0,1540,1540,C
6-NA,1403,4,0,0,1487,1491,C
6-NA,1404,0,1340,0,0,1340,T
6-NA,1405,1326,0,0,0,1326,A
6-NA,1406,1,1325,0,1,1327,T
6-NA,1407,1302,1,0,0,1303,A
6-NA,1408,0,1296,0,0,1296,T
6-NA,1409,1212,0,0,0,1212,A
6-NA,1410,1163,0,0,0,1163,A
7-M,1,28,0,0,0,28,A
7-M,2,0,28,0,0,28,T
7-M,3,0,0,30,0,30,G
7-M,4,29,0,1,0,30,A
7-M,5,0,0,33,0,33,G
7-M,6,0,0,0,33,33,C
7-M,7,0,0,0,35,35,C
7-M,8,0,45,0,0,45,T
7-M,9,0,45,0,0,45,T
7-M,10,0,0,0,45,45,C
7-M,11,0,45,0,0,45,T
7-M,12,46,0,0,0,46,A
7-M,13,46,0,0,0,46,A
7-M,14,0,0,0,46,46,C
7-M,15,0,0,0,46,46,C
7-M,16,0,1,45,0,46,G
7-M,17,47,0,0,0,47,A
7-M,18,0,0,50,0,50,G
7-M,19,0,0,51,0,51,G
7-M,20,0,51,0,0,51,T
7-M,21,0,0,0,51,51,C
7-M,22,0,0,51,0,51,G
7-M,23,54,0,0,0,54,A
7-M,24,53,0,0,0,53,A
7-M,25,54,0,0,0,54,A
7-M,26,0,0,0,62,62,C
7-M,27,0,0,67,0,67,G
7-M,28,0,67,0,0,67,T
7-M,29,68,0,0,0,68,A
7-M,30,0,69,0,0,69,T
7-M,31,0,0,70,0,70,G
7-M,32,0,70,0,0,70,T
7-M,33,0,79,0,0,79,T
7-M,34,0,0,0,82,82,C
7-M,35,0,82,0,0,82,T
7-M,36,0,0,0,83,83,C
7-M,37,0,83,0,0,83,T
7-M,38,1,0,0,88,89,C
7-M,39,0,90,0,0,90,T
7-M,40,90,0,0,0,90,A
7-M,41,0,90,0,0,90,T
7-M,42,0,0,0,90,90,C
7-M,43,1,0,87,0,88,G
7-M,44,0,89,0,0,89,T
7-M,45,0,89,0,1,90,T
7-M,46,1,0,0,89,90,C
7-M,47,0,0,0,91,91,C
7-M,48,91,0,1,0,92,A
7-M,49,0,90,0,0,90,T
7-M,50,0,0,0,91,91,C
7-M,51,91,0,0,0,91,A
7-M,52,0,0,93,0,93,G
7-M,53,0,0,93,0,93,G
7-M,54,0,0,0,95,95,C
7-M,55,0,0,0,93,93,C
7-M,56,0,0,0,93,93,C
7-M,57,0,0,0,101,101,C
7-M,58,0,0,0,99,99,C
7-M,59,0,101,0,0,101,T
7-M,60,0,0,0,99,99,C
7-M,61,100,0,0,0,100,A
7-M,62,100,0,0,0,100,A
7-M,63,104,0,0,0,104,A
7-M,64,0,0,106,0,106,G
7-M,65,0,0,0,107,107,C
7-M,66,0,0,0,107,107,C
7-M,67,0,0,107,0,107,G
7-M,68,106,0,0,0,106,A
7-M,69,0,0,107,0,107,G
7-M,70,106,0,0,0,106,A
7-M,71,0,107,0,0,107,T
7-M,72,0,0,0,108,108,C
7-M,73,0,0,107,0,107,G
7-M,74,0,0,0,108,108,C
7-M,75,1,0,107,0,108,G
7-M,76,0,0,0,108,108,C
7-M,77,107,0,0,0,107,A
7-M,78,0,0,107,0,107,G
7-M,79,108,0,0,0,108,A
7-M,80,0,1,117,0,118,G
7-M,81,119,0,0,0,119,A
7-M,82,0,0,0,123,123,C
7-M,83,0,123,0,0,123,T
7-M,84,0,123,0,0,123,T
7-M,85,0,1,121,0,122,G
7-M,86,122,0,0,0,122,A
7-M,87,122,0,0,0,122,A
7-M,88,0,0,122,0,122,G
7-M,89,119,0,0,0,119,A
7-M,90,0,123,0,0,123,T
7-M,91,0,0,126,0,126,G
7-M,92,0,125,0,0,125,T
7-M,93,1,0,0,125,126,C
7-M,94,0,125,0,0,125,T
7-M,95,0,125,0,0,125,T
7-M,96,0,125,0,1,126,T
7-M,97,0,0,124,0,124,G
7-M,98,0,0,0,126,126,C
7-M,99,0,125,0,0,125,T
7-M,100,0,0,127,0,127,G
7-M,101,0,0,126,0,126,G
7-M,102,1,0,127,0,128,G
7-M,103,127,0,0,0,127,A
7-M,104,128,0,0,0,128,A
7-M,105,127,0,1,0,128,A
7-M,106,128,0,0,0,128,A
7-M,107,131,0,0,0,131,A
7-M,108,0,2,0,130,132,C
7-M,109,130,1,0,0,131,A
7-M,110,0,0,0,132,132,C
7-M,111,130,0,0,1,131,A
7-M,112,0,0,136,0,136,G
7-M,113,132,0,1,0,133,A
7-M,114,0,137,0,0,137,T
7-M,115,0,0,0,140,140,C
7-M,116,0,140,0,0,140,T
7-M,117,0,140,0,0,140,T
7-M,118,0,0,140,0,140,G
7-M,119,140,0,0,0,140,A
7-M,120,0,1,139,0,140,G
7-M,121,0,0,139,0,139,G
7-M,122,0,0,0,141,141,C
7-M,123,0,139,0,1,140,T
7-M,124,0,0,0,156,156,C
7-M,125,0,157,0,0,157,T
7-M,126,1,0,0,156,157,C
7-M,127,158,0,0,0,158,A
7-M,128,0,158,0,0,158,T
7-M,129,0,0,159,0,159,G
7-M,130,1,1,158,0,160,G
7-M,131,159,0,0,0,159,A
7-M,132,156,0,1,0,157,A
7-M,133,0,148,0,0,148,T
7-M,134,0,0,155,0,155,G
7-M,135,0,0,161,0,161,G
7-M,136,0,0,0,165,165,C
7-M,137,0,164,0,0,164,T
7-M,138,161,0,0,0,161,A
7-M,139,161,0,0,1,162,A
7-M,140,166,0,0,0,166,A
7-M,141,0,1,166,0,167,G
7-M,142,163,0,0,0,163,A
7-M,143,0,0,0,163,163,C
7-M,144,156,0,0,0,156,A
7-M,145,157,0,0,0,157,A
7-M,146,0,0,162,0,162,G
7-M,147,162,0,0,0,162,A
7-M,148,0,0,0,162,162,C
7-M,149,1,0,0,162,163,C
7-M,150,163,0,0,0,163,A
7-M,151,162,0,0,0,162,A
7-M,152,0,160,0,1,161,T
7-M,153,0,162,0,1,163,T
7-M,154,1,0,0,164,165,C
7-M,155,1,164,0,1,166,T
7-M,156,0,0,166,0,166,G
7-M,157,0,167,0,0,167,T
7-M,158,0,0,0,166,166,C
7-M,159,167,0,0,0,167,A
7-M,160,0,0,0,170,170,C
7-M,161,0,0,0,172,172,C
7-M,162,0,171,0,0,171,T
7-M,163,0,0,0,171,171,C
7-M,164,0,172,0,0,172,T
7-M,165,0,1,182,0,183,G
7-M,166,181,0,0,0,181,A
7-M,167,0,0,0,184,184,C
7-M,168,0,183,0,0,183,T
7-M,169,182,0,0,0,182,A
7-M,170,181,0,1,0,182,A
7-M,171,0,1,182,0,183,G
7-M,172,0,0,181,0,181,G
7-M,173,1,0,179,0,180,G
7-M,174,0,0,178,0,178,G
7-M,175,179,0,0,0,179,A
7-M,176,0,179,0,0,179,T
7-M,177,0,178,0,0,178,T
7-M,178,0,180,0,0,180,T
7-M,179,0,181,0,0,181,T
7-M,180,1,0,179,0,180,G
7-M,181,0,0,180,0,180,G
7-M,182,0,1,178,0,179,G
7-M,183,1,0,180,0,181,G
7-M,184,0,176,0,0,176,T
7-M,185,0,180,0,0,180,T
7-M,186,0,179,0,0,179,T
7-M,187,0,0,184,0,184,G
7-M,188,0,182,0,0,182,T
7-M,189,0,0,186,0,186,G
7-M,190,0,186,0,0,186,T
7-M,191,0,185,0,0,185,T
7-M,192,0,0,0,184,184,C
7-M,193,185,0,0,0,185,A
7-M,194,0,0,0,190,190,C
7-M,195,0,0,189,0,189,G
7-M,196,0,1,0,190,191,C
7-M,197,0,185,0,0,185,T
7-M,198,0,0,0,192,192,C
7-M,199,192,0,0,0,192,A
7-M,200,0,0,0,196,196,C
7-M,201,0,0,0,194,194,C
7-M,202,0,0,193,0,193,G
7-M,203,0,190,0,0,190,T
7-M,204,0,0,193,0,193,G
7-M,205,0,1,0,192,193,C
7-M,206,0,0,0,194,194,C
7-M,207,0,0,0,195,195,C
7-M,208,191,0,0,0,191,A
7-M,209,0,0,196,0,196,G
7-M,210,0,190,0,1,191,T
7-M,211,0,0,192,0,192,G
7-M,212,198,0,1,0,199,A
7-M,213,1,0,196,0,197,G
7-M,214,1,0,0,198,199,C
7-M,215,0,0,198,0,198,G
7-M,216,196,0,0,0,196,A
7-M,217,0,0,199,0,199,G
7-M,218,0,0,200,0,200,G
7-M,219,200,0,0,0,200,A
7-M,220,0,0,0,200,200,C
7-M,221,0,197,0,0,197,T
7-M,222,1,0,196,0,197,G
7-M,223,0,0,0,197,197,C
7-M,224,195,0,0,0,195,A
7-M,225,0,0,198,0,198,G
7-M,226,0,0,0,199,199,C
7-M,227,0,0,196,0,196,G
7-M,228,0,196,0,0,196,T
7-M,229,193,0,0,0,193,A
7-M,230,0,0,192,0,192,G
7-M,231,193,0,0,0,193,A
7-M,232,0,0,0,194,194,C
7-M,233,0,0,194,0,194,G
7-M,234,0,0,0,190,190,C
7-M,235,0,186,0,0,186,T
7-M,236,0,185,0,0,185,T
7-M,237,0,182,0,0,182,T
7-M,238,0,0,187,0,187,G
7-M,239,0,187,0,1,188,T
7-M,240,2,0,0,186,188,C
7-M,241,0,0,0,188,188,C
7-M,242,188,0,1,0,189,A
7-M,243,187,0,0,0,187,A
7-M,244,189,0,0,0,189,A
7-M,245,189,0,0,0,189,A
7-M,246,0,187,0,0,187,T
7-M,247,0,0,185,0,185,G
7-M,248,0,0,0,184,184,C
7-M,249,1,0,0,182,183,C
7-M,250,1,0,0,183,184,C
7-M,251,0,179,0,0,179,T
7-M,252,2,0,0,193,195,C
7-M,253,195,0,0,0,195,A
7-M,254,195,0,0,0,195,A
7-M,255,0,196,0,0,196,T
7-M,256,0,3,194,0,197,G
7-M,257,0,0,195,0,195,G
7-M,258,0,1,197,0,198,G
7-M,259,196,0,0,0,196,A
7-M,260,197,0,0,0,197,A
7-M,261,0,190,0,0,190,T
7-M,262,0,1,188,0,189,G
7-M,263,0,1,188,0,189,G
7-M,264,186,0,0,0,186,A
7-M,265,0,0,187,0,187,G
7-M,266,184,0,0,0,184,A
7-M,267,0,0,0,179,179,C
7-M,268,1,0,0,190,191,C
7-M,269,0,0,0,192,192,C
7-M,270,194,0,0,0,194,A
7-M,271,195,0,0,0,195,A
7-M,272,195,0,0,0,195,A
7-M,273,0,195,0,0,195,T
7-M,274,201,0,0,0,201,A
7-M,275,202,0,0,0,202,A
7-M,276,0,0,0,197,197,C
7-M,277,195,0,1,0,196,A
7-M,278,0,198,0,0,198,T
7-M,279,0,0,202,0,202,G
7-M,280,0,0,201,0,201,G
7-M,281,201,0,1,0,202,A
7-M,282,0,0,0,202,202,C
7-M,283,197,0,0,0,197,A
7-M,284,198,0,0,0,198,A
7-M,285,195,1,1,0,197,A
7-M,286,0,0,197,0,197,G
7-M,287,0,0,0,205,205,C
7-M,288,200,0,0,0,200,A
7-M,289,0,0,200,0,200,G
7-M,290,0,198,0,0,198,T
7-M,291,0,201,0,0,201,T
7-M,292,201,0,0,0,201,A
7-M,293,200,0,0,0,200,A
7-M,294,200,0,0,0,200,A
7-M,295,0,0,0,202,202,C
7-M,296,0,197,0,0,197,T
7-M,297,0,0,223,0,223,G
7-M,298,0,218,0,0,218,T
7-M,299,219,0,0,0,219,A
7-M,300,0,218,0,0,218,T
7-M,301,219,0,0,0,219,A
7-M,302,0,0,220,0,220,G
7-M,303,0,0,219,0,219,G
7-M,304,217,0,0,0,217,A
7-M,305,216,0,0,0,216,A
7-M,306,209,0,0,0,209,A
7-M,307,0,0,0,222,222,C
7-M,308,0,223,0,0,223,T
7-M,309,0,223,0,0,223,T
7-M,310,221,0,0,0,221,A
7-M,311,221,0,1,0,222,A
7-M,312,0,0,222,0,222,G
7-M,313,219,0,2,0,221,A
7-M,314,0,2,219,0,221,G
7-M,315,0,0,223,0,223,G
7-M,316,0,1,226,0,227,G
7-M,317,224,0,0,0,224,A
7-M,318,0,0,226,0,226,G
7-M,319,227,0,0,0,227,A
7-M,320,0,228,0,0,228,T
7-M,321,228,0,0,0,228,A
7-M,322,226,0,1,0,227,A
7-M,323,0,0,0,231,231,C
7-M,324,0,0,231,0,231,G
7-M,325,0,229,0,2,231,T
7-M,326,0,230,0,0,230,T
7-M,327,0,0,0,233,233,C
7-M,328,1,0,0,229,230,C
7-M,329,229,0,1,0,230,A
7-M,330,0,230,0,1,231,T
7-M,331,0,1,225,0,226,G
7-M,332,0,0,230,0,230,G
7-M,333,0,0,226,0,226,G
7-M,334,0,0,229,0,229,G
7-M,335,0,0,0,229,229,C
7-M,336,0,0,0,230,230,C
7-M,337,231,0,0,0,231,A
7-M,338,231,0,0,0,231,A
7-M,339,230,0,0,0,230,A
7-M,340,0,1,229,0,230,G
7-M,341,230,0,0,0,230,A
7-M,342,228,0,0,0,228,A
7-M,343,227,0,0,0,227,A
7-M,344,0,226,0,1,227,T
7-M,345,226,0,0,0,226,A
7-M,346,0,0,226,0,226,G
7-M,347,0,0,0,226,226,C
7-M,348,0,226,0,0,226,T
7-M,349,0,0,0,226,226,C
7-M,350,0,223,0,0,223,T
7-M,351,0,0,0,235,235,C
7-M,352,234,0,0,0,234,A
7-M,353,0,0,234,0,234,G
7-M,354,0,234,0,0,234,T
7-M,355,0,234,0,0,234,T
7-M,356,233,1,0,0,234,A
7-M,357,0,234,0,0,234,T
7-M,358,0,236,0,0,236,T
7-M,359,1,0,0,237,238,C
7-M,360,0,226,0,0,226,T
7-M,361,0,0,230,0,230,G
7-M,362,0,0,0,232,232,C
7-M,363,0,228,0,0,228,T
7-M,364,1,0,230,0,231,G
7-M,365,0,0,231,0,231,G
7-M,366,0,228,0,0,228,T
7-M,367,0,1,228,0,229,G
7-M,368,0,0,0,227,227,C
7-M,369,228,0,0,0,228,A
7-M,370,0,0,0,230,230,C
7-M,371,0,227,0,0,227,T
7-M,372,0,231,0,0,231,T
7-M,373,0,1,230,0,231,G
7-M,374,0,0,0,230,230,C
7-M,375,0,0,0,227,227,C
7-M,376,226,0,0,0,226,A
7-M,377,0,0,228,0,228,G
7-M,378,0,228,0,0,228,T
7-M,379,0,227,0,0,227,T
7-M,380,0,0,229,0,229,G
7-M,381,0,0,0,227,227,C
7-M,382,228,0,0,0,228,A
7-M,383,0,227,0,0,227,T
7-M,384,0,0,225,0,225,G
7-M,385,0,0,224,0,224,G
7-M,386,0,0,228,0,228,G
7-M,387,1,0,0,226,227,C
7-M,388,0,0,0,232,232,C
7-M,389,0,233,0,0,233,T
7-M,390,1,0,0,234,235,C
7-M,391,242,0,0,0,242,A
7-M,392,0,244,0,0,244,T
7-M,393,247,0,0,0,247,A
7-M,394,0,249,0,0,249,T
7-M,395,242,0,0,0,242,A
7-M,396,0,0,0,266,266,C
7-M,397,257,0,0,0,257,A
7-M,398,252,0,0,0,252,A
7-M,399,0,256,0,0,256,T
7-M,400,243,0,0,0,243,A
7-M,401,0,1,247,0,248,G
7-M,402,0,0,251,0,251,G
7-M,403,247,0,0,0,247,A
7-M,404,0,243,0,0,243,T
7-M,405,0,0,241,0,241,G
7-M,406,0,1,241,0,242,G
7-M,407,1,0,242,0,243,G
7-M,408,0,0,244,0,244,G
7-M,409,0,0,244,0,244,G
7-M,410,0,0,0,243,243,C
7-M,411,0,237,0,0,237,T
7-M,412,0,0,239,0,239,G
7-M,413,0,239,0,0,239,T
7-M,414,239,0,0,0,239,A
7-M,415,240,0,0,0,240,A
7-M,416,0,0,0,240,240,C
7-M,417,1,0,0,238,239,C
7-M,418,234,0,0,0,234,A
7-M,419,0,0,0,233,233,C
7-M,420,0,233,0,0,233,T
7-M,421,0,1,234,0,235,G
7-M,422,232,0,0,0,232,A
7-M,423,235,0,0,0,235,A
7-M,424,0,0,239,0,239,G
7-M,425,0,235,0,0,235,T
7-M,426,0,1,232,0,233,G
7-M,427,0,0,235,0,235,G
7-M,428,0,0,0,239,239,C
7-M,429,239,0,0,0,239,A
7-M,430,0,232,0,1,233,T
7-M,431,0,234,0,0,234,T
7-M,432,0,235,0,0,235,T
7-M,433,0,0,242,0,242,G
7-M,434,0,0,244,0,244,G
7-M,435,0,0,0,244,244,C
7-M,436,0,0,0,241,241,C
7-M,437,0,240,0,1,241,T
7-M,438,0,0,251,0,251,G
7-M,439,1,0,251,0,252,G
7-M,440,0,254,0,0,254,T
7-M,441,251,0,0,0,251,A
7-M,442,0,246,0,0,246,T
7-M,443,1,0,253,0,254,G
7-M,444,0,257,0,0,257,T
7-M,445,0,0,255,0,255,G
7-M,446,0,0,0,258,258,C
7-M,447,246,0,0,0,246,A
7-M,448,245,0,1,0,246,A
7-M,449,0,0,0,249,249,C
7-M,450,246,0,0,0,246,A
7-M,451,0,241,0,8,249,T
7-M,452,0,0,245,0,245,G
7-M,453,0,238,0,0,238,T
7-M,454,0,2,236,0,238,G
7-M,455,236,0,1,0,237,A
7-M,456,0,0,236,0,236,G
7-M,457,0,0,0,236,236,C
7-M,458,227,0,0,0,227,A
7-M,459,0,0,227,0,227,G
7-M,460,223,0,1,0,224,A
7-M,461,0,221,0,0,221,T
7-M,462,0,223,0,0,223,T
7-M,463,0,0,224,0,224,G
7-M,464,0,0,0,222,222,C
7-M,465,0,224,0,0,224,T
7-M,466,0,0,223,0,223,G
7-M,467,223,0,0,0,223,A
7-M,468,0,0,0,234,234,C
7-M,469,0,235,0,0,235,T
7-M,470,0,0,0,235,235,C
7-M,471,0,0,0,234,234,C
7-M,472,1,0,0,235,236,C
7-M,473,234,0,0,0,234,A
7-M,474,0,0,233,0,233,G
7-M,475,0,0,0,235,235,C
7-M,476,234,0,0,0,234,A
7-M,477,0,0,0,231,231,C
7-M,478,212,0,0,0,212,A
7-M,479,0,0,214,0,214,G
7-M,480,0,0,215,0,215,G
7-M,481,0,213,0,0,213,T
7-M,482,0,0,0,221,221,C
7-M,483,0,214,0,2,216,T
7-M,484,0,0,0,216,216,C
7-M,485,218,0,0,0,218,A
7-M,486,0,217,0,0,217,T
7-M,487,214,0,1,0,215,A
7-M,488,0,0,213,0,213,G
7-M,489,0,0,212,0,212,G
7-M,490,0,0,0,212,212,C
7-M,491,199,0,0,0,199,A
7-M,492,0,0,197,0,197,G
7-M,493,198,0,0,0,198,A
7-M,494,0,199,0,0,199,T
7-M,495,0,2,198,0,200,G
7-M,496,0,0,198,0,198,G
7-M,497,0,196,0,0,196,T
7-M,498,0,0,198,0,198,G
7-M,499,0,0,201,0,201,G
7-M,500,0,0,0,201,201,C
7-M,501,201,0,1,0,202,A
7-M,502,200,0,1,0,201,A
7-M,503,0,0,0,205,205,C
7-M,504,204,0,0,0,204,A
7-M,505,204,0,0,0,204,A
7-M,506,0,0,0,202,202,C
7-M,507,0,0,0,201,201,C
7-M,508,201,0,0,0,201,A
7-M,509,199,0,0,0,199,A
7-M,510,1,197,0,0,198,T
7-M,511,0,0,0,199,199,C
7-M,512,0,0,0,198,198,C
7-M,513,196,0,0,0,196,A
7-M,514,0,196,0,0,196,T
7-M,515,0,196,0,0,196,T
7-M,516,197,0,0,0,197,A
7-M,517,197,0,0,0,197,A
7-M,518,0,198,0,0,198,T
7-M,519,192,0,0,0,192,A
7-M,520,193,0,0,0,193,A
7-M,521,188,0,0,0,188,A
7-M,522,188,0,1,0,189,A
7-M,523,0,0,0,197,197,C
7-M,524,199,0,0,0,199,A
7-M,525,0,195,0,0,195,T
7-M,526,0,1,197,0,198,G
7-M,527,197,0,1,0,198,A
7-M,528,0,1,199,0,200,G
7-M,529,199,0,0,0,199,A
7-M,530,201,0,0,0,201,A
7-M,531,0,0,0,200,200,C
7-M,532,192,0,0,0,192,A
7-M,533,0,0,194,0,194,G
7-M,534,195,0,0,0,195,A
7-M,535,197,0,0,0,197,A
7-M,536,0,193,0,0,193,T
7-M,537,0,1,194,0,195,G
7-M,538,0,0,196,0,196,G
7-M,539,0,192,0,0,192,T
7-M,540,0,190,0,0,190,T
7-M,541,0,196,0,0,196,T
7-M,542,0,195,0,0,195,T
7-M,543,0,0,197,0,197,G
7-M,544,0,0,196,0,196,G
7-M,545,0,0,0,196,196,C
7-M,546,0,0,0,198,198,C
7-M,547,187,0,2,0,189,A
7-M,548,0,0,196,0,196,G
7-M,549,0,0,0,196,196,C
7-M,550,200,0,0,0,200,A
7-M,551,1,0,0,201,202,C
7-M,552,0,202,0,0,202,T
7-M,553,203,0,0,0,203,A
7-M,554,0,0,0,205,205,C
7-M,555,207,0,0,0,207,A
7-M,556,0,0,208,0,208,G
7-M,557,0,0,0,206,206,C
7-M,558,0,204,0,0,204,T
7-M,559,202,0,0,0,202,A
7-M,560,198,0,0,0,198,A
7-M,561,0,0,203,0,203,G
7-M,562,0,0,202,0,202,G
7-M,563,0,0,0,201,201,C
7-M,564,0,193,0,0,193,T
7-M,565,195,0,0,0,195,A
7-M,566,0,196,0,0,196,T
7-M,567,0,0,196,0,196,G
7-M,568,0,0,195,0,195,G
7-M,569,191,0,0,0,191,A
7-M,570,0,0,191,0,191,G
7-M,571,0,0,0,186,186,C
7-M,572,182,0,0,0,182,A
7-M,573,181,0,0,0,181,A
7-M,574,181,0,0,0,181,A
7-M,575,0,184,0,0,184,T
7-M,576,0,0,181,0,181,G
7-M,577,0,0,181,0,181,G
7-M,578,0,0,0,182,182,C
7-M,579,0,182,0,0,182,T
7-M,580,0,0,184,0,184,G
7-M,581,0,1,183,0,184,G
7-M,582,183,0,0,0,183,A
7-M,583,0,181,0,0,181,T
7-M,584,0,0,0,180,180,C
7-M,585,183,0,0,0,183,A
7-M,586,185,0,0,0,185,A
7-M,587,0,0,184,0,184,G
7-M,588,0,185,0,0,185,T
7-M,589,0,4,182,0,186,G
7-M,590,183,0,1,0,184,A
7-M,591,182,0,1,0,183,A
7-M,592,0,0,0,183,183,C
7-M,593,184,0,0,0,184,A
7-M,594,0,0,184,0,184,G
7-M,595,0,0,182,0,182,G
7-M,596,0,0,0,182,182,C
7-M,597,181,0,0,0,181,A
7-M,598,0,0,179,0,179,G
7-M,599,0,1,0,182,183,C
7-M,600,0,1,183,0,184,G
7-M,601,0,0,184,0,184,G
7-M,602,181,0,0,0,181,A
7-M,603,0,0,185,0,185,G
7-M,604,0,1,191,0,192,G
7-M,605,0,0,0,187,187,C
7-M,606,0,0,0,188,188,C
7-M,607,186,0,0,0,186,A
7-M,608,0,185,0,0,185,T
7-M,609,0,0,189,0,189,G
7-M,610,0,0,190,0,190,G
7-M,611,186,0,0,0,186,A
7-M,612,0,0,183,0,183,G
7-M,613,179,0,0,0,179,A
7-M,614,0,178,0,0,178,T
7-M,615,0,180,0,0,180,T
7-M,616,0,0,181,0,181,G
7-M,617,0,0,0,183,183,C
7-M,618,0,183,0,0,183,T
7-M,619,182,0,0,0,182,A
7-M,620,0,0,182,0,182,G
7-M,621,0,181,0,0,181,T
7-M,622,1,0,0,179,180,C
7-M,623,177,0,0,0,177,A
7-M,624,0,0,182,0,182,G
7-M,625,0,0,180,0,180,G
7-M,626,0,0,0,179,179,C
7-M,627,0,0,0,180,180,C
7-M,628,181,0,0,0,181,A
7-M,629,0,0,182,0,182,G
7-M,630,0,0,183,0,183,G
7-M,631,0,0,0,184,184,C
7-M,632,183,0,0,0,183,A
7-M,633,0,0,180,0,180,G
7-M,634,177,0,0,0,177,A
7-M,635,0,176,0,0,176,T
7-M,636,0,0,182,0,182,G
7-M,637,0,0,190,0,190,G
7-M,638,0,184,0,0,184,T
7-M,639,0,0,185,0,185,G
7-M,640,0,0,0,182,182,C
7-M,641,186,0,0,0,186,A
7-M,642,0,0,188,0,188,G
7-M,643,0,0,188,0,188,G
7-M,644,0,0,0,184,184,C
7-M,645,183,0,0,0,183,A
7-M,646,181,0,0,0,181,A
7-M,647,0,181,0,0,181,T
7-M,648,0,0,179,0,179,G
7-M,649,179,0,0,0,179,A
7-M,650,0,0,182,0,182,G
7-M,651,179,0,0,0,179,A
7-M,652,0,0,180,0,180,G
7-M,653,0,0,0,182,182,C
7-M,654,0,0,0,181,181,C
7-M,655,183,0,0,0,183,A
7-M,656,0,181,0,0,181,T
7-M,657,0,181,0,0,181,T
7-M,658,0,0,181,0,181,G
7-M,659,0,4,176,0,180,G
7-M,660,0,0,181,0,181,G
7-M,661,180,0,0,0,180,A
7-M,662,1,0,0,177,178,C
7-M,663,0,171,0,0,171,T
7-M,664,1,0,0,170,171,C
7-M,665,171,0,0,0,171,A
7-M,666,0,177,0,0,177,T
7-M,667,0,0,0,180,180,C
7-M,668,0,0,0,181,181,C
7-M,669,0,179,0,0,179,T
7-M,670,178,0,0,0,178,A
7-M,671,0,0,184,0,184,G
7-M,672,0,203,0,0,203,T
7-M,673,0,203,0,0,203,T
7-M,674,2,0,0,201,203,C
7-M,675,0,0,1,199,200,C
7-M,676,201,0,0,0,201,A
7-M,677,0,0,203,0,203,G
7-M,678,0,201,0,0,201,T
7-M,679,198,0,0,0,198,A
7-M,680,0,0,0,201,201,C
7-M,681,0,186,0,0,186,T
7-M,682,0,0,192,0,192,G
7-M,683,0,0,199,0,199,G
7-M,684,0,201,0,0,201,T
7-M,685,0,0,0,200,200,C
7-M,686,0,196,0,0,196,T
7-M,687,196,0,0,0,196,A
7-M,688,195,0,0,0,195,A
7-M,689,0,0,198,0,198,G
7-M,690,194,0,0,0,194,A
7-M,691,0,0,192,0,192,G
7-M,692,182,0,0,0,182,A
7-M,693,0,183,0,0,183,T
7-M,694,0,0,181,0,181,G
7-M,695,181,0,0,0,181,A
7-M,696,0,183,0,0,183,T
7-M,697,0,0,0,183,183,C
7-M,698,0,181,0,0,181,T
7-M,699,0,181,0,0,181,T
7-M,700,0,0,0,183,183,C
7-M,701,0,183,0,0,183,T
7-M,702,0,182,0,0,182,T
7-M,703,0,0,183,0,183,G
7-M,704,183,0,0,0,183,A
7-M,705,183,0,0,0,183,A
7-M,706,183,0,0,0,183,A
7-M,707,183,0,0,0,183,A
7-M,708,0,181,0,0,181,T
7-M,709,0,183,0,0,183,T
7-M,710,0,183,0,0,183,T
7-M,711,0,0,182,0,182,G
7-M,712,0,0,0,180,180,C
7-M,713,183,0,0,0,183,A
7-M,714,0,0,183,0,183,G
7-M,715,0,0,180,0,180,G
7-M,716,0,0,0,184,184,C
7-M,717,0,0,0,187,187,C
7-M,718,0,188,0,0,188,T
7-M,719,187,0,0,0,187,A
7-M,720,0,189,0,0,189,T
7-M,721,0,0,0,190,190,C
7-M,722,188,0,0,0,188,A
7-M,723,0,1,186,0,187,G
7-M,724,184,0,1,0,185,A
7-M,725,186,0,0,0,186,A
7-M,726,185,0,0,0,185,A
7-M,727,0,0,0,187,187,C
7-M,728,0,0,188,0,188,G
7-M,729,186,0,0,0,186,A
7-M,730,185,0,0,0,185,A
7-M,731,0,186,0,0,186,T
7-M,732,0,1,186,0,187,G
7-M,733,0,1,187,0,188,G
7-M,734,0,0,188,0,188,G
7-M,735,0,1,186,0,187,G
7-M,736,0,0,188,0,188,G
7-M,737,0,181,0,0,181,T
7-M,738,0,0,182,0,182,G
7-M,739,0,0,0,182,182,C
7-M,740,180,0,0,0,180,A
7-M,741,0,0,183,0,183,G
7-M,742,178,0,0,0,178,A
7-M,743,0,178,0,0,178,T
7-M,744,0,0,176,0,176,G
7-M,745,0,0,0,170,170,C
7-M,746,168,0,0,0,168,A
7-M,747,168,0,0,0,168,A
7-M,748,0,0,0,167,167,C
7-M,749,0,0,170,0,170,G
7-M,750,172,0,0,0,172,A
7-M,751,0,170,0,1,171,T
7-M,752,0,171,0,0,171,T
7-M,753,0,0,0,171,171,C
7-M,754,169,0,0,0,169,A
7-M,755,170,0,0,0,170,A
7-M,756,0,0,170,0,170,G
7-M,757,0,168,1,0,169,T
7-M,758,0,0,169,0,169,G
7-M,759,165,0,0,0,165,A
7-M,760,0,0,0,166,166,C
7-M,761,0,0,0,164,164,C
7-M,762,0,0,0,166,166,C
7-M,763,1,0,164,0,165,G
7-M,764,0,0,0,166,166,C
7-M,765,0,167,0,0,167,T
7-M,766,0,167,0,0,167,T
7-M,767,0,0,165,0,165,G
7-M,768,0,163,0,0,163,T
7-M,769,0,164,0,0,164,T
7-M,770,0,0,164,0,164,G
7-M,771,0,162,0,0,162,T
7-M,772,0,162,0,0,162,T
7-M,773,0,0,160,0,160,G
7-M,774,0,0,0,160,160,C
7-M,775,1,1,0,159,161,C
7-M,776,0,0,162,0,162,G
7-M,777,0,0,0,161,161,C
7-M,778,0,0,161,0,161,G
7-M,779,161,0,0,0,161,A
7-M,780,162,0,0,0,162,A
7-M,781,0,160,0,0,160,T
7-M,782,161,1,0,0,162,A
7-M,783,0,162,0,0,162,T
7-M,784,1,0,0,157,158,C
7-M,785,0,0,159,0,159,G
7-M,786,0,163,0,0,163,T
7-M,787,0,163,0,0,163,T
7-M,788,0,0,163,0,163,G
7-M,789,0,0,161,0,161,G
7-M,790,0,0,162,0,162,G
7-M,791,161,0,0,0,161,A
7-M,792,0,161,0,0,161,T
7-M,793,0,0,0,158,158,C
7-M,794,0,160,0,0,160,T
7-M,795,0,159,0,0,159,T
7-M,796,0,0,159,0,159,G
7-M,797,0,0,0,158,158,C
7-M,798,160,0,0,0,160,A
7-M,799,0,0,0,160,160,C
7-M,800,0,154,0,0,154,T
7-M,801,0,153,0,1,154,T
7-M,802,0,0,153,0,153,G
7-M,803,154,0,0,0,154,A
7-M,804,0,154,0,0,154,T
7-M,805,156,0,0,0,156,A
7-M,806,0,155,0,0,155,T
7-M,807,0,156,0,0,156,T
7-M,808,0,0,158,0,158,G
7-M,809,0,157,0,0,157,T
7-M,810,1,0,155,0,156,G
7-M,811,0,0,156,0,156,G
7-M,812,151,0,0,0,151,A
7-M,813,0,154,0,1,155,T
7-M,814,0,155,0,0,155,T
7-M,815,0,0,0,158,158,C
7-M,816,0,158,0,0,158,T
7-M,817,0,157,0,0,157,T
7-M,818,0,0,157,0,157,G
7-M,819,157,0,0,0,157,A
7-M,820,0,156,0,0,156,T
7-M,821,0,0,0,155,155,C
7-M,822,1,0,153,0,154,G
7-M,823,0,154,0,0,154,T
7-M,824,1,0,0,153,154,C
7-M,825,0,152,0,1,153,T
7-M,826,0,153,0,0,153,T
7-M,827,0,154,0,0,154,T
7-M,828,0,154,0,0,154,T
7-M,829,0,153,0,0,153,T
7-M,830,0,153,0,0,153,T
7-M,831,0,155,0,0,155,T
7-M,832,0,0,0,154,154,C
7-M,833,155,0,0,0,155,A
7-M,834,155,0,0,0,155,A
7-M,835,154,0,1,0,155,A
7-M,836,0,154,0,0,154,T
7-M,837,0,1,155,0,156,G
7-M,838,0,0,0,156,156,C
7-M,839,0,0,156,0,156,G
7-M,840,0,161,0,0,161,T
7-M,841,0,0,0,159,159,C
7-M,842,0,161,0,0,161,T
7-M,843,161,0,0,0,161,A
7-M,844,0,158,0,1,159,T
7-M,845,0,0,0,162,162,C
7-M,846,0,0,162,0,162,G
7-M,847,157,0,0,0,157,A
7-M,848,0,0,0,157,157,C
7-M,849,0,150,0,0,150,T
7-M,850,0,0,0,148,148,C
7-M,851,0,1,0,148,149,C
7-M,852,0,150,0,0,150,T
7-M,853,0,0,0,152,152,C
7-M,854,152,0,0,0,152,A
7-M,855,152,0,0,0,152,A
7-M,856,152,0,0,0,152,A
7-M,857,0,0,0,151,151,C
7-M,858,152,0,0,0,152,A
7-M,859,0,0,0,146,146,C
7-M,860,0,1,142,0,143,G
7-M,861,0,0,150,0,150,G
7-M,862,0,0,0,149,149,C
7-M,863,1,0,0,148,149,C
7-M,864,0,149,0,0,149,T
7-M,865,0,150,0,0,150,T
7-M,866,150,0,0,0,150,A
7-M,867,151,0,0,0,151,A
7-M,868,149,0,0,0,149,A
7-M,869,151,0,0,0,151,A
7-M,870,1,0,147,0,148,G
7-M,871,130,0,0,0,130,A
7-M,872,1,0,128,2,131,G
7-M,873,0,0,132,0,132,G
7-M,874,0,0,0,132,132,C
7-M,875,1,0,0,128,129,C
7-M,876,0,0,0,131,131,C
7-M,877,0,129,0,1,130,T
7-M,878,0,131,0,0,131,T
7-M,879,0,0,0,132,132,C
7-M,880,0,132,0,0,132,T
7-M,881,134,0,0,0,134,A
7-M,882,0,0,0,134,134,C
7-M,883,0,0,129,0,129,G
7-M,884,0,0,128,0,128,G
7-M,885,124,0,0,0,124,A
7-M,886,123,0,0,0,123,A
7-M,887,0,0,122,0,122,G
7-M,888,0,0,123,0,123,G
7-M,889,121,0,1,0,122,A
7-M,890,0,0,123,0,123,G
7-M,891,0,121,0,0,121,T
7-M,892,122,0,0,0,122,A
7-M,893,0,0,0,123,123,C
7-M,894,0,0,0,123,123,C
7-M,895,0,119,0,0,119,T
7-M,896,0,0,120,0,120,G
7-M,897,113,0,0,0,113,A
7-M,898,0,0,116,0,116,G
7-M,899,0,107,0,0,107,T
7-M,900,0,0,0,106,106,C
7-M,901,0,103,0,0,103,T
7-M,902,104,0,0,0,104,A
7-M,903,0,104,0,0,104,T
7-M,904,0,0,104,0,104,G
7-M,905,100,0,0,0,100,A
7-M,906,0,0,97,0,97,G
7-M,907,0,0,88,0,88,G
7-M,908,0,0,88,0,88,G
7-M,909,88,0,0,0,88,A
7-M,910,88,0,0,0,88,A
7-M,911,0,0,88,0,88,G
7-M,912,88,0,0,0,88,A
7-M,913,98,0,0,0,98,A
7-M,914,0,98,0,0,98,T
7-M,915,97,0,0,0,97,A
7-M,916,0,83,0,15,98,T
7-M,917,0,10,0,86,96,C
7-M,918,1,0,97,0,98,G
7-M,919,96,0,0,0,96,A
7-M,920,97,0,0,0,97,A
7-M,921,97,0,1,0,98,A
7-M,922,0,0,94,0,94,G
7-M,923,0,0,96,0,96,G
7-M,924,95,0,0,0,95,A
7-M,925,94,0,0,0,94,A
7-M,926,0,0,0,94,94,C
7-M,927,94,0,0,0,94,A
7-M,928,0,1,96,0,97,G
7-M,929,0,0,0,97,97,C
7-M,930,96,0,0,0,96,A
7-M,931,0,0,96,0,96,G
7-M,932,90,0,0,0,90,A
7-M,933,93,0,0,0,93,A
7-M,934,0,93,0,0,93,T
7-M,935,0,0,92,0,92,G
7-M,936,0,0,0,91,91,C
7-M,937,0,89,0,0,89,T
7-M,938,0,0,89,0,89,G
7-M,939,0,89,0,0,89,T
7-M,940,0,0,89,0,89,G
7-M,941,0,1,87,0,88,G
7-M,942,89,0,0,0,89,A
7-M,943,0,88,0,0,88,T
7-M,944,0,0,85,0,85,G
7-M,945,0,0,0,82,82,C
7-M,946,0,77,0,0,77,T
7-M,947,0,0,74,0,74,G
7-M,948,75,0,0,0,75,A
7-M,949,0,0,0,75,75,C
7-M,950,0,0,75,0,75,G
7-M,951,75,0,0,0,75,A
7-M,952,0,0,0,73,73,C
7-M,953,70,0,0,0,70,A
7-M,954,0,0,70,0,70,G
7-M,955,0,70,0,0,70,T
7-M,956,0,0,0,70,70,C
7-M,957,70,0,0,0,70,A
7-M,958,0,70,0,0,70,T
7-M,959,0,70,0,0,70,T
7-M,960,0,70,0,0,70,T
7-M,961,0,66,0,0,66,T
7-M,962,0,0,66,0,66,G
7-M,963,0,65,0,0,65,T
7-M,964,1,0,0,64,65,C
7-M,965,60,0,0,0,60,A
7-M,966,0,0,60,0,60,G
7-M,967,0,0,0,60,60,C
7-M,968,60,0,0,0,60,A
7-M,969,0,60,0,0,60,T
7-M,970,56,0,0,0,56,A
7-M,971,0,0,56,0,56,G
7-M,972,55,0,1,0,56,A
7-M,973,0,0,56,0,56,G
7-M,974,0,55,0,0,55,T
7-M,975,0,38,0,0,38,T
7-M,976,0,0,37,0,37,G
7-M,977,0,0,37,0,37,G
7-M,978,37,0,0,0,37,A
7-M,979,0,0,37,0,37,G
7-M,980,0,20,0,0,20,T
7-M,981,20,0,0,0,20,A
7-M,982,20,0,0,0,20,A
8-NS,1,640,0,0,0,640,A
8-NS,2,0,644,0,0,644,T
8-NS,3,0,0,705,0,705,G
8-NS,4,2,1,750,0,753,G
8-NS,5,815,0,0,0,815,A
8-NS,6,0,1694,0,0,1694,T
8-NS,7,0,1692,0,1,1693,T
8-NS,8,0,0,0,1754,1754,C
8-NS,9,0,0,0,1750,1750,C
8-NS,10,1751,0,1,0,1752,A
8-NS,11,1777,0,1,0,1778,A
8-NS,12,0,1,0,1775,1776,C
8-NS,13,1776,0,0,0,1776,A
8-NS,14,0,0,0,1789,1789,C
8-NS,15,0,1790,0,2,1792,T
8-NS,16,0,0,1956,0,1956,G
8-NS,17,0,1961,0,2,1963,T
8-NS,18,0,0,1991,0,1991,G
8-NS,19,1,1989,0,3,1993,T
8-NS,20,5,0,0,1991,1996,C
8-NS,21,1994,0,0,0,1994,A
8-NS,22,1988,0,3,0,1991,A
8-NS,23,0,0,2022,0,2022,G
8-NS,24,0,2055,0,0,2055,T
8-NS,25,0,2069,0,1,2070,T
8-NS,26,0,2083,0,2,2085,T
8-NS,27,3,0,0,2077,2080,C
8-NS,28,0,1,0,2086,2087,C
8-NS,29,2072,1,3,0,2076,A
8-NS,30,0,2,2108,0,2110,G
8-NS,31,0,0,2110,0,2110,G
8-NS,32,0,2089,0,0,2089,T
8-NS,33,2125,0,1,0,2126,A
8-NS,34,0,2,2138,0,2140,G
8-NS,35,2121,0,9,0,2130,A
8-NS,36,0,2154,0,0,2154,T
8-NS,37,0,2154,0,0,2154,T
8-NS,38,0,0,2183,0,2183,G
8-NS,39,0,0,0,2180,2180,C
8-NS,40,0,2194,0,3,2197,T
8-NS,41,1,2220,0,0,2221,T
8-NS,42,0,2232,0,1,2233,T
8-NS,43,0,0,0,2284,2284,C
8-NS,44,0,2282,0,2,2284,T
8-NS,45,0,2268,0,1,2269,T
8-NS,46,1,2273,0,1,2275,T
8-NS,47,0,4,2285,0,2289,G
8-NS,48,0,0,2272,0,2272,G
8-NS,49,0,1,0,2287,2288,C
8-NS,50,2288,0,2,0,2290,A
8-NS,51,0,2290,0,2,2292,T
8-NS,52,2323,0,1,0,2324,A
8-NS,53,0,2368,0,0,2368,T
8-NS,54,1,1,0,2372,2374,C
8-NS,55,1,1,0,2374,2376,C
8-NS,56,1,2,2362,1,2366,G
8-NS,57,0,4,2366,1,2371,G
8-NS,58,2374,0,0,0,2374,A
8-NS,59,2369,0,15,0,2384,A
8-NS,60,2394,0,1,0,2395,A
8-NS,61,0,0,0,2411,2411,C
8-NS,62,2410,0,2,0,2412,A
8-NS,63,2405,0,0,2,2407,A
8-NS,64,1,0,2525,0,2526,G
8-NS,65,0,2528,0,2,2530,T
8-NS,66,1,2528,0,0,2529,T
8-NS,67,2,0,2524,0,2526,G
8-NS,68,0,2530,0,1,2531,T
8-NS,69,2533,1,2,0,2536,A
8-NS,70,1,6,2538,0,2545,G
8-NS,71,2694,0,4,0,2698,A
8-NS,72,1,0,0,2714,2715,C
8-NS,73,6,1,1,2688,2696,C
8-NS,74,2705,0,0,0,2705,A
8-NS,75,2716,0,1,0,2717,A
8-NS,76,1,5,2865,0,2871,G
8-NS,77,2852,0,4,0,2856,A
8-NS,78,2899,1,1,0,2901,A
8-NS,79,0,0,0,2914,2914,C
8-NS,80,0,2865,0,0,2865,T
8-NS,81,1,3,2887,0,2891,G
8-NS,82,2866,1,4,0,2871,A
8-NS,83,0,0,2954,0,2954,G
8-NS,84,0,2949,0,4,2953,T
8-NS,85,0,3,2912,0,2915,G
8-NS,86,2923,0,4,0,2927,A
8-NS,87,0,2930,0,1,2931,T
8-NS,88,0,1,2961,0,2962,G
8-NS,89,0,0,0,3018,3018,C
8-NS,90,1,0,0,3024,3025,C
8-NS,91,10,2,0,3029,3041,C
8-NS,92,5,1,0,3018,3024,C
8-NS,93,3031,1,1,1,3034,A
8-NS,94,0,3078,0,1,3079,T
8-NS,95,0,3122,0,0,3122,T
8-NS,96,7,1,0,3129,3137,C
8-NS,97,1,0,0,3127,3128,C
8-NS,98,0,3122,0,2,3124,T
8-NS,99,0,3105,0,5,3110,T
8-NS,100,4,9,3088,0,3101,G
8-NS,101,3077,0,1,0,3078,A
8-NS,102,1,3100,0,2,3103,T
8-NS,103,3,1,0,3090,3094,C
8-NS,104,0,5,3067,0,3072,G
8-NS,105,1,0,3081,0,3082,G
8-NS,106,0,1,0,3090,3091,C
8-NS,107,0,3087,0,1,3088,T
8-NS,108,0,3106,0,0,3106,T
8-NS,109,2,1,0,3099,3102,C
8-NS,110,3,0,3089,0,3092,G
8-NS,111,0,2,0,3096,3098,C
8-NS,112,3,2,0,3103,3108,C
8-NS,113,2,5,3105,0,3112,G
8-NS,114,3067,0,0,0,3067,A
8-NS,115,1,2,3225,0,3228,G
8-NS,116,3221,0,1,0,3222,A
8-NS,117,1,3240,0,0,3241,T
8-NS,118,4,0,0,3244,3248,C
8-NS,119,3236,0,3,0,3239,A
8-NS,120,0,0,3247,0,3247,G
8-NS,121,3227,0,2,0,3229,A
8-NS,122,2,2,3255,0,3259,G
8-NS,123,1,0,3304,0,3305,G
8-NS,124,0,3327,0,1,3328,T
8-NS,125,5,0,0,3510,3515,C
8-NS,126,6,1,0,3521,3528,C
8-NS,127,16,1,0,3546,3563,C
8-NS,128,0,3580,0,2,3582,T
8-NS,129,3577,0,1,1,3579,A
8-NS,130,3569,0,1,0,3570,A
8-NS,131,1,12,3619,0,3632,G
8-NS,132,0,10,3606,0,3616,G
8-NS,133,2,5,3575,0,3582,G
8-NS,134,1,3,3511,0,3515,G
8-NS,135,3487,0,0,0,3487,A
8-NS,136,3508,0,7,0,3515,A
8-NS,137,0,4,3529,0,3533,G
8-NS,138,3602,0,3,0,3605,A
8-NS,139,1,3,3660,0,3664,G
8-NS,140,1,1,3632,1,3635,G
8-NS,141,1,1,0,3672,3674,C
8-NS,142,3655,0,8,0,3663,A
8-NS,143,3671,0,4,0,3675,A
8-NS,144,1,3683,0,2,3686,T
8-NS,145,3725,0,2,0,3727,A
8-NS,146,0,0,0,3777,3777,C
8-NS,147,0,3699,0,2,3701,T
8-NS,148,8,1,0,3712,3721,C
8-NS,149,1,3651,0,2,3654,T
8-NS,150,4,6,0,3707,3717,C
8-NS,151,0,5,3739,0,3744,G
8-NS,152,0,0,3925,0,3925,G
8-NS,153,0,3905,1,0,3906,T
8-NS,154,6,0,0,3940,3946,C
8-NS,155,0,3925,0,0,3925,T
8-NS,156,3966,0,4,0,3970,A
8-NS,157,2,6,3952,0,3960,G
8-NS,158,3952,0,8,0,3960,A
8-NS,159,0,0,0,4063,4063,C
8-NS,160,4018,0,1,0,4019,A
8-NS,161,0,3954,0,0,3954,T
8-NS,162,5,1,0,3951,3957,C
8-NS,163,3960,2,3,1,3966,A
8-NS,164,3957,0,3,0,3960,A
8-NS,165,3941,0,1,0,3942,A
8-NS,166,4,0,3937,0,3941,G
8-NS,167,0,0,0,3967,3967,C
8-NS,168,3923,0,3,0,3926,A
8-NS,169,0,2,3936,0,3938,G
8-NS,170,0,3,0,3939,3942,C
8-NS,171,8,3,0,3950,3961,C
8-NS,172,3996,0,1,0,3997,A
8-NS,173,0,0,0,4059,4059,C
8-NS,174,7,2,0,4049,4058,C
8-NS,175,21,3,1,4038,4063,C
8-NS,176,4114,1,3,0,4118,A
8-NS,177,0,4139,0,1,4140,T
8-NS,178,0,0,4166,0,4166,G
8-NS,179,0,4137,1,1,4139,T
8-NS,180,0,4138,0,5,4143,T
8-NS,181,1,5,4151,0,4157,G
8-NS,182,1,3,4121,0,4125,G
8-NS,183,4093,0,1,1,4095,A
8-NS,184,4115,0,2,0,4117,A
8-NS,185,4054,0,6,0,4060,A
8-NS,186,0,1,4091,0,4092,G
8-NS,187,0,0,0,4080,4080,C
8-NS,188,4074,0,1,0,4075,A
8-NS,189,4072,0,1,0,4073,A
8-NS,190,4059,0,0,0,4059,A
8-NS,191,0,4132,0,1,4133,T
8-NS,192,2,4138,0,1,4141,T
8-NS,193,0,0,4199,0,4199,G
8-NS,194,0,4187,0,1,4188,T
8-NS,195,4082,0,94,1,4177,A
8-NS,196,1,2,4171,0,4174,G
8-NS,197,4167,1,0,0,4168,A
8-NS,198,4180,1,2,0,4183,A
8-NS,199,4182,0,0,0,4182,A
8-NS,200,4155,1,4,0,4160,A
8-NS,201,0,5,4169,0,4174,G
8-NS,202,4137,1,1,0,4139,A
8-NS,203,0,4135,0,0,4135,T
8-NS,204,0,4144,0,2,4146,T
8-NS,205,4,0,1,4150,4155,C
8-NS,206,0,4152,0,5,4157,T
8-NS,207,0,1,4159,0,4160,G
8-NS,208,4143,0,4,0,4147,A
8-NS,209,4151,0,0,0,4151,A
8-NS,210,4132,0,5,0,4137,A
8-NS,211,3,5,4151,1,4160,G
8-NS,212,4127,0,7,0,4134,A
8-NS,213,4147,0,4,0,4151,A
8-NS,214,0,5,4172,0,4177,G
8-NS,215,4189,0,5,0,4194,A
8-NS,216,4199,0,8,0,4207,A
8-NS,217,0,4215,0,0,4215,T
8-NS,218,6,1,0,4255,4262,C
8-NS,219,0,4251,0,2,4253,T
8-NS,220,0,1,4268,0,4269,G
8-NS,221,4259,0,3,0,4262,A
8-NS,222,1,4256,0,0,4257,T
8-NS,223,1,2,4237,0,4240,G
8-NS,224,4201,0,4,0,4205,A
8-NS,225,0,6,4186,0,4192,G
8-NS,226,2,1,4181,0,4184,G
8-NS,227,2,0,0,4184,4186,C
8-NS,228,4191,0,9,1,4201,A
8-NS,229,0,0,0,4304,4304,C
8-NS,230,0,4288,0,2,4290,T
8-NS,231,1,4324,2,1,4328,T
8-NS,232,4338,0,0,0,4338,A
8-NS,233,4352,0,4,0,4356,A
8-NS,234,4351,1,2,0,4354,A
8-NS,235,4337,2,3,0,4342,A
8-NS,236,0,4328,0,2,4330,T
8-NS,237,1,9,4342,1,4353,G
8-NS,238,4359,1,3,0,4363,A
8-NS,239,0,3,0,4368,4371,C
8-NS,240,7,0,0,4351,4358,C
8-NS,241,4361,2,1,0,4364,A
8-NS,242,1,4351,0,4,4356,T
8-NS,243,1,6,4465,0,4472,G
8-NS,244,0,0,4519,0,4519,G
8-NS,245,1,4522,0,5,4528,T
8-NS,246,11,0,0,4761,4772,C
8-NS,247,1,4725,0,8,4734,T
8-NS,248,4,0,0,4776,4780,C
8-NS,249,8,0,0,4768,4776,C
8-NS,250,4793,1,6,0,4800,A
8-NS,251,0,3,0,4853,4856,C
8-NS,252,4763,1,1,0,4765,A
8-NS,253,1,0,0,4774,4775,C
8-NS,254,4,3,0,4738,4745,C
8-NS,255,0,4558,0,6,4564,T
8-NS,256,0,2,4587,0,4589,G
8-NS,257,1,1,0,4562,4564,C
8-NS,258,0,4531,0,3,4534,T
8-NS,259,1,4542,0,0,4543,T
8-NS,260,3,3,0,4545,4551,C
8-NS,261,0,1,4560,0,4561,G
8-NS,262,0,1,0,4552,4553,C
8-NS,263,0,6,4549,0,4555,G
8-NS,264,4702,1,7,0,4710,A
8-NS,265,0,4719,0,0,4719,T
8-NS,266,4857,1,2,0,4860,A
8-NS,267,0,1,0,4878,4879,C
8-NS,268,4868,0,0,2,4870,A
8-NS,269,0,4973,0,3,4976,T
8-NS,270,4939,0,1,0,4940,A
8-NS,271,4950,2,3,0,4955,A
8-NS,272,0,0,0,4960,4960,C
8-NS,273,0,4828,0,2,4830,T
8-NS,274,0,5,4878,0,4883,G
8-NS,275,4780,1,3,0,4784,A
8-NS,276,0,1,0,4818,4819,C
8-NS,277,4802,1,5,0,4808,A
8-NS,278,0,4750,0,3,4753,T
8-NS,279,1,6,4766,0,4773,G
8-NS,280,4758,0,4,0,4762,A
8-NS,281,0,1,0,4903,4904,C
8-NS,282,0,4892,0,1,4893,T
8-NS,283,4943,0,5,0,4948,A
8-NS,284,0,4912,1,1,4914,T
8-NS,285,0,4894,0,2,4896,T
8-NS,286,1,7,4895,0,4903,G
8-NS,287,4875,1,1,1,4878,A
8-NS,288,3,5,4853,0,4861,G
8-NS,289,0,8,4840,0,4848,G
8-NS,290,4734,0,0,0,4734,A
8-NS,291,4761,0,1,0,4762,A
8-NS,292,3,4679,0,1,4683,T
8-NS,293,0,4688,0,2,4690,T
8-NS,294,0,0,4776,0,4776,G
8-NS,295,1,4769,0,4,4774,T
8-NS,296,8,2,0,4779,4789,C
8-NS,297,4773,0,2,0,4775,A
8-NS,298,4787,0,2,0,4789,A
8-NS,299,0,2,4780,0,4782,G
8-NS,300,4796,0,3,0,4799,A
8-NS,301,4793,0,6,0,4799,A
8-NS,302,4783,0,2,1,4786,A
8-NS,303,1,0,0,4794,4795,C
8-NS,304,0,4732,0,1,4733,T
8-NS,305,0,12,4774,1,4787,G
8-NS,306,0,0,4833,0,4833,G
8-NS,307,1,4830,0,2,4833,T
8-NS,308,1,4823,0,2,4826,T
8-NS,309,14,0,0,4777,4791,C
8-NS,310,4820,0,3,0,4823,A
8-NS,311,0,4861,0,8,4869,T
8-NS,312,6,5,4885,0,4896,G
8-NS,313,2,0,0,4922,4924,C
8-NS,314,1,4893,0,0,4894,T
8-NS,315,4829,0,10,3,4842,A
8-NS,316,4941,0,0,0,4941,A
8-NS,317,0,4987,0,2,4989,T
8-NS,318,0,2,5000,0,5002,G
8-NS,319,1,3,0,4982,4986,C
8-NS,320,6,3,1,4918,4928,C
8-NS,321,14,0,1,4918,4933,C
8-NS,322,4932,1,0,0,4933,A
8-NS,323,4963,0,2,0,4965,A
8-NS,324,0,0,4989,0,4989,G
8-NS,325,0,0,0,4985,4985,C
8-NS,326,4976,0,4,0,4980,A
8-NS,327,1,5,4995,0,5001,G
8-NS,328,4982,2,0,0,4984,A
8-NS,329,4986,1,1,0,4988,A
8-NS,330,4984,0,1,1,4986,A
8-NS,331,2,0,5063,0,5065,G
8-NS,332,1,5000,0,1,5002,T
8-NS,333,2,5,5008,0,5015,G
8-NS,334,2,4,5003,0,5009,G
8-NS,335,5016,0,7,1,5024,A
8-NS,336,4986,2,5,0,4993,A
8-NS,337,1,7,4970,0,4978,G
8-NS,338,0,6,4987,0,4993,G
8-NS,339,4987,1,1,1,4990,A
8-NS,340,1,1,0,4952,4954,C
8-NS,341,5,0,0,4940,4945,C
8-NS,342,0,4954,0,2,4956,T
8-NS,343,3,2,0,5016,5021,C
8-NS,344,0,5025,0,2,5027,T
8-NS,345,1,5033,0,1,5035,T
8-NS,346,0,5036,0,0,5036,T
8-NS,347,1,2,5039,1,5043,G
8-NS,348,1,2,0,5090,5093,C
8-NS,349,5056,0,1,1,5058,A
8-NS,350,0,5053,0,2,5055,T
8-NS,351,11,0,0,5051,5062,C
8-NS,352,5086,0,2,0,5088,A
8-NS,353,0,3,5232,0,5235,G
8-NS,354,5204,0,2,0,5206,A
8-NS,355,5203,0,6,0,5209,A
8-NS,356,0,5212,0,0,5212,T
8-NS,357,0,13,5163,0,5176,G
8-NS,358,6,14,5199,0,5219,G
8-NS,359,5205,2,2,0,5209,A
8-NS,360,0,3,0,5190,5193,C
8-NS,361,13,0,0,5093,5106,C
8-NS,362,5025,1,1,0,5027,A
8-NS,363,0,3,5086,1,5090,G
8-NS,364,0,0,5062,0,5062,G
8-NS,365,0,0,0,5097,5097,C
8-NS,366,5072,0,2,0,5074,A
8-NS,367,5054,0,1,0,5055,A
8-NS,368,0,5042,0,0,5042,T
8-NS,369,9,1,0,5048,5058,C
8-NS,370,5059,0,1,0,5060,A
8-NS,371,1,5037,0,2,5040,T
8-NS,372,0,4,5001,0,5005,G
8-NS,373,0,9,5007,0,5016,G
8-NS,374,4974,0,7,0,4981,A
8-NS,375,0,6,5026,2,5034,G
8-NS,376,4982,0,2,0,4984,A
8-NS,377,4984,1,2,0,4987,A
8-NS,378,4995,0,6,0,5001,A
8-NS,379,4983,1,0,0,4984,A
8-NS,380,5006,0,5,1,5012,A
8-NS,381,1,1,0,5026,5028,C
8-NS,382,5000,0,1,0,5001,A
8-NS,383,0,4967,0,4,4971,T
8-NS,384,5,14,0,4939,4958,C
8-NS,385,4952,0,1,1,4954,A
8-NS,386,1,4973,0,2,4976,T
8-NS,387,1,0,4984,0,4985,G
8-NS,388,1,4969,0,7,4977,T
8-NS,389,0,4940,1,1,4942,T
8-NS,390,3,3,4929,3,4938,G
8-NS,391,4923,0,1,0,4924,A
8-NS,392,4927,0,3,0,4930,A
8-NS,393,4922,0,1,0,4923,A
8-NS,394,1,0,4932,0,4933,G
8-NS,395,2,0,0,4897,4899,C
8-NS,396,2,18,4885,1,4906,G
8-NS,397,4887,0,8,0,4895,A
8-NS,398,4879,5,2,1,4887,A
8-NS,399,0,4859,0,3,4862,T
8-NS,400,0,4858,0,24,4882,T
8-NS,401,0,4888,0,0,4888,T
8-NS,402,6,0,0,4894,4900,C
8-NS,403,4838,3,8,0,4849,A
8-NS,404,0,0,4881,0,4881,G
8-NS,405,0,4869,0,1,4870,T
8-NS,406,0,0,4860,0,4860,G
8-NS,407,3,4848,0,3,4854,T
8-NS,408,0,9,4860,0,4869,G
8-NS,409,4890,1,1,0,4892,A
8-NS,410,0,4874,1,1,4876,T
8-NS,411,0,4868,0,1,4869,T
8-NS,412,1,4862,0,0,4863,T
8-NS,413,0,4844,0,3,4847,T
8-NS,414,1,4844,0,0,4845,T
8-NS,415,0,7,4815,0,4822,G
8-NS,416,4802,1,8,0,4811,A
8-NS,417,2,3,0,4796,4801,C
8-NS,418,8,3,0,4754,4765,C
8-NS,419,2,7,4786,0,4795,G
8-NS,420,5020,1,2,0,5023,A
8-NS,421,1,2,0,5101,5104,C
8-NS,422,1,5100,0,2,5103,T
8-NS,423,5121,1,2,0,5124,A
8-NS,424,1,2,5125,0,5128,G
8-NS,425,5121,0,7,1,5129,A
8-NS,426,0,6,5169,0,5175,G
8-NS,427,5131,1,4,1,5137,A
8-NS,428,1,1,0,5279,5281,C
8-NS,429,12,2,0,5048,5062,C
8-NS,430,4942,1,2,1,4946,A
8-NS,431,0,5173,0,0,5173,T
8-NS,432,5081,0,3,1,5085,A
8-NS,433,2,2,5406,0,5410,G
8-NS,434,0,5357,0,3,5360,T
8-NS,435,5318,0,0,0,5318,A
8-NS,436,0,5319,0,2,5321,T
8-NS,437,0,5170,1,1,5172,T
8-NS,438,5305,2,0,0,5307,A
8-NS,439,0,1,0,5316,5317,C
8-NS,440,0,5105,0,1,5106,T
8-NS,441,5104,0,0,0,5104,A
8-NS,442,4671,1,0,1,4673,A
8-NS,443,0,15,4693,0,4708,G
8-NS,444,0,7,4673,0,4680,G
8-NS,445,0,1,4684,0,4685,G
8-NS,446,0,0,0,4623,4623,C
8-NS,447,0,4528,8,10,4546,T
8-NS,448,0,4541,1,3,4545,T
8-NS,449,0,4594,0,1,4595,T
8-NS,450,5,0,0,4612,4617,C
8-NS,451,4666,0,2,0,4668,A
8-NS,452,0,1,0,4680,4681,C
8-NS,453,7,3,0,4634,4644,C
8-NS,454,3,8,4633,0,4644,G
8-NS,455,4617,0,0,0,4617,A
8-NS,456,4615,5,2,0,4622,A
8-NS,457,1,8,4636,0,4645,G
8-NS,458,4587,0,7,0,4594,A
8-NS,459,0,15,4591,0,4606,G
8-NS,460,0,8,4525,0,4533,G
8-NS,461,0,9,4558,0,4567,G
8-NS,462,4552,0,12,0,4564,A
8-NS,463,1,0,4566,0,4567,G
8-NS,464,1,1,0,4540,4542,C
8-NS,465,4550,0,2,0,4552,A
8-NS,466,4533,2,1,0,4536,A
8-NS,467,1,4534,0,1,4536,T
8-NS,468,0,4529,0,0,4529,T
8-NS,469,1,0,4528,0,4529,G
8-NS,470,0,4483,0,0,4483,T
8-NS,471,0,4465,0,2,4467,T
8-NS,472,0,3,4463,0,4466,G
8-NS,473,2,2,4437,0,4441,G
8-NS,474,1,0,0,4447,4448,C
8-NS,475,0,4,4467,0,4471,G
8-NS,476,4470,1,1,0,4472,A
8-NS,477,4491,0,0,0,4491,A
8-NS,478,4485,0,0,0,4485,A
8-NS,479,0,4508,0,1,4509,T
8-NS,480,3,2,1,4498,4504,C
8-NS,481,1,4478,0,8,4487,T
8-NS,482,5,0,0,4497,4502,C
8-NS,483,4495,0,2,1,4498,A
8-NS,484,0,0,0,4520,4520,C
8-NS,485,9,0,0,4507,4516,C
8-NS,486,4499,1,0,0,4500,A
8-NS,487,0,4454,0,20,4474,T
8-NS,488,1,4385,0,0,4386,T
8-NS,489,2,2,4380,0,4384,G
8-NS,490,2,0,0,4346,4348,C
8-NS,491,7,1,0,4341,4349,C
8-NS,492,0,4360,0,2,4362,T
8-NS,493,0,4352,0,2,4354,T
8-NS,494,3,0,0,4391,4394,C
8-NS,495,0,4377,6,5,4388,T
8-NS,496,0,4394,0,1,4395,T
8-NS,497,0,4450,0,4,4454,T
8-NS,498,0,4306,0,100,4406,T
8-NS,499,3,0,0,4435,4438,C
8-NS,500,4,3,1,4431,4439,C
8-NS,501,4419,0,7,0,4426,A
8-NS,502,1,3,4460,0,4464,G
8-NS,503,1,9,4418,0,4428,G
8-NS,504,4473,0,2,1,4476,A
8-NS,505,1,0,0,4475,4476,C
8-NS,506,4496,0,3,0,4499,A
8-NS,507,0,4515,0,0,4515,T
8-NS,508,4508,2,1,0,4511,A
8-NS,509,1,0,0,4776,4777,C
8-NS,510,0,4727,0,32,4759,T
8-NS,511,4742,0,0,0,4742,A
8-NS,512,2,4717,0,4,4723,T
8-NS,513,0,4562,0,1,4563,T
8-NS,514,2,2,4555,0,4559,G
8-NS,515,4388,1,6,0,4395,A
8-NS,516,2,7,4404,0,4413,G
8-NS,517,0,2,4373,0,4375,G
8-NS,518,3995,0,1,0,3996,A
8-NS,519,0,3999,0,1,4000,T
8-NS,520,1,0,4026,0,4027,G
8-NS,521,0,3985,1,8,3994,T
8-NS,522,5,1,0,4001,4007,C
8-NS,523,4026,0,4,0,4030,A
8-NS,524,4028,0,0,0,4028,A
8-NS,525,4028,0,0,0,4028,A
8-NS,526,4004,0,1,0,4005,A
8-NS,527,4036,0,1,0,4037,A
8-NS,528,1,4028,0,1,4030,T
8-NS,529,1,0,4022,0,4023,G
8-NS,530,1,1,0,4044,4046,C
8-NS,531,4051,0,0,0,4051,A
8-NS,532,4082,0,1,0,4083,A
8-NS,533,0,4066,0,0,4066,T
8-NS,534,0,4081,0,2,4083,T
8-NS,535,1,13,4043,0,4057,G
8-NS,536,0,13,4003,0,4016,G
8-NS,537,1,6,4013,0,4020,G
8-NS,538,1,0,4059,0,4060,G
8-NS,539,0,3960,1,4,3965,T
8-NS,540,5,0,0,4002,4007,C
8-NS,541,4,0,0,4024,4028,C
8-NS,542,0,4020,0,4,4024,T
8-NS,543,1,1,0,4064,4066,C
8-NS,544,4060,1,1,0,4062,A
8-NS,545,0,4053,0,3,4056,T
8-NS,546,3,4,0,4065,4072,C
8-NS,547,0,2,4031,0,4033,G
8-NS,548,0,2,4030,0,4032,G
8-NS,549,3984,0,2,0,3986,A
8-NS,550,1,4,3983,0,3988,G
8-NS,551,1,3,3985,0,3989,G
8-NS,552,3931,0,2,0,3933,A
8-NS,553,2,1,0,3982,3985,C
8-NS,554,0,3980,0,4,3984,T
8-NS,555,0,3987,0,0,3987,T
8-NS,556,0,4,3999,0,4003,G
8-NS,557,3980,0,4,0,3984,A
8-NS,558,3979,2,2,0,3983,A
8-NS,559,1,3976,0,0,3977,T
8-NS,560,1,5,3899,0,3905,G
8-NS,561,0,1,3932,0,3933,G
8-NS,562,3872,0,3,1,3876,A
8-NS,563,3904,0,3,0,3907,A
8-NS,564,1,4042,0,0,4043,T
8-NS,565,0,3,4059,0,4062,G
8-NS,566,4077,1,2,2,4082,A
8-NS,567,1,4082,0,2,4085,T
8-NS,568,4073,0,2,0,4075,A
8-NS,569,4082,1,0,0,4083,A
8-NS,570,2,0,0,4042,4044,C
8-NS,571,3970,0,0,0,3970,A
8-NS,572,1,0,0,4002,4003,C
8-NS,573,3688,0,1,0,3689,A
8-NS,574,0,0,3740,0,3740,G
8-NS,575,0,3692,0,2,3694,T
8-NS,576,0,3673,0,3,3676,T
8-NS,577,9,0,0,3688,3697,C
8-NS,578,3,5,3665,0,3673,G
8-NS,579,3653,0,2,0,3655,A
8-NS,580,0,0,3667,0,3667,G
8-NS,581,0,3627,0,4,3631,T
8-NS,582,4,1,0,3621,3626,C
8-NS,583,1,3566,0,4,3571,T
8-NS,584,2,0,0,3572,3574,C
8-NS,585,1,3608,0,3,3612,T
8-NS,586,3615,0,1,0,3616,A
8-NS,587,3610,0,0,0,3610,A
8-NS,588,3611,1,0,0,3612,A
8-NS,589,3640,0,0,0,3640,A
8-NS,590,3639,0,1,2,3642,A
8-NS,591,1,3614,0,0,3615,T
8-NS,592,3,2,0,3649,3654,C
8-NS,593,0,3628,0,4,3632,T
8-NS,594,3632,0,2,0,3634,A
8-NS,595,0,1,0,3644,3645,C
8-NS,596,3639,0,2,0,3641,A
8-NS,597,0,3,3633,0,3636,G
8-NS,598,3569,0,3,0,3572,A
8-NS,599,0,6,3572,0,3578,G
8-NS,600,3579,0,1,0,3580,A
8-NS,601,1,3537,0,1,3539,T
8-NS,602,0,3532,1,0,3533,T
8-NS,603,6,1,0,3541,3548,C
8-NS,604,3,1,3552,0,3556,G
8-NS,605,1,1,1,3529,3532,C
8-NS,606,0,3524,0,0,3524,T
8-NS,607,0,3551,0,1,3552,T
8-NS,608,1,3,3519,0,3523,G
8-NS,609,0,0,3555,0,3555,G
8-NS,610,3544,0,4,0,3548,A
8-NS,611,0,2,3550,0,3552,G
8-NS,612,3518,1,1,1,3521,A
8-NS,613,3493,0,6,0,3499,A
8-NS,614,1,0,3549,0,3550,G
8-NS,615,3,2,0,3546,3551,C
8-NS,616,3556,0,1,0,3557,A
8-NS,617,1,0,3614,0,3615,G
8-NS,618,0,3564,0,2,3566,T
8-NS,619,3581,2,2,0,3585,A
8-NS,620,3591,0,0,0,3591,A
8-NS,621,1,3565,0,0,3566,T
8-NS,622,1,4,3590,0,3595,G
8-NS,623,3450,0,3,0,3453,A
8-NS,624,1,2,3524,0,3527,G
8-NS,625,3501,0,3,0,3504,A
8-NS,626,3390,1,0,0,3391,A
8-NS,627,0,3361,0,0,3361,T
8-NS,628,0,9,3318,0,3327,G
8-NS,629,1,6,3326,0,3333,G
8-NS,630,2,8,3304,0,3314,G
8-NS,631,4,7,3292,0,3303,G
8-NS,632,0,1,3304,0,3305,G
8-NS,633,3229,1,4,0,3234,A
8-NS,634,0,2,0,3253,3255,C
8-NS,635,7,1,0,3252,3260,C
8-NS,636,1,3046,0,52,3099,T
8-NS,637,1,1,0,3113,3115,C
8-NS,638,5,0,0,3127,3132,C
8-NS,639,3143,0,2,0,3145,A
8-NS,640,0,1,0,3128,3129,C
8-NS,641,0,3081,1,1,3083,T
8-NS,642,0,3070,0,2,3072,T
8-NS,643,3004,1,1,0,3006,A
8-NS,644,1,0,0,3034,3035,C
8-NS,645,1,2980,0,3,2984,T
8-NS,646,5,10,0,2975,2990,C
8-NS,647,6,0,0,2974,2980,C
8-NS,648,2978,0,0,0,2978,A
8-NS,649,2999,0,1,0,3000,A
8-NS,650,3001,0,0,1,3002,A
8-NS,651,3001,0,1,0,3002,A
8-NS,652,1,1,1,3008,3011,C
8-NS,653,2944,0,0,0,2944,A
8-NS,654,1,0,2955,0,2956,G
8-NS,655,2942,0,2,0,2944,A
8-NS,656,2937,0,0,0,2937,A
8-NS,657,2941,0,1,0,2942,A
8-NS,658,0,0,0,2944,2944,C
8-NS,659,1,6,2931,0,2938,G
8-NS,660,1,3,2937,0,2941,G
8-NS,661,1,3,2945,0,2949,G
8-NS,662,2949,1,0,1,2951,A
8-NS,663,2933,0,1,0,2934,A
8-NS,664,2924,0,6,0,2930,A
8-NS,665,0,2928,0,1,2929,T
8-NS,666,0,3,2953,1,2957,G
8-NS,667,3,0,2938,0,2941,G
8-NS,668,0,6,0,2918,2924,C
8-NS,669,0,2,2931,0,2933,G
8-NS,670,2924,0,3,0,2927,A
8-NS,671,0,5,2932,0,2937,G
8-NS,672,2940,0,2,0,2942,A
8-NS,673,2939,0,1,1,2941,A
8-NS,674,1,0,1,2963,2965,C
8-NS,675,2900,1,2,0,2903,A
8-NS,676,2,1,2898,0,2901,G
8-NS,677,0,1,0,2879,2880,C
8-NS,678,0,2887,0,0,2887,T
8-NS,679,2884,0,0,0,2884,A
8-NS,680,0,8,2843,0,2851,G
8-NS,681,1,1,2853,0,2855,G
8-NS,682,0,2812,0,1,2813,T
8-NS,683,2,0,0,2795,2797,C
8-NS,684,2809,0,2,0,2811,A
8-NS,685,2804,0,3,0,2807,A
8-NS,686,2810,1,0,0,2811,A
8-NS,687,2819,0,3,0,2822,A
8-NS,688,0,0,2806,0,2806,G
8-NS,689,0,2745,0,5,2750,T
8-NS,690,0,2746,0,2,2748,T
8-NS,691,0,2751,0,0,2751,T
8-NS,692,0,2,2755,0,2757,G
8-NS,693,2761,0,0,0,2761,A
8-NS,694,2761,0,2,0,2763,A
8-NS,695,0,3,2770,0,2773,G
8-NS,696,2719,0,2,0,2721,A
8-NS,697,1,2,2737,0,2740,G
8-NS,698,2741,0,3,0,2744,A
8-NS,699,1,2735,1,0,2737,T
8-NS,700,2742,0,1,0,2743,A
8-NS,701,2735,0,0,0,2735,A
8-NS,702,0,0,2725,0,2725,G
8-NS,703,2566,0,6,0,2572,A
8-NS,704,1,2550,0,1,2552,T
8-NS,705,1,5,2575,0,2581,G
8-NS,706,1,0,2567,0,2568,G
8-NS,707,0,0,0,2546,2546,C
8-NS,708,0,2560,0,0,2560,T
8-NS,709,2556,0,1,0,2557,A
8-NS,710,2553,0,0,0,2553,A
8-NS,711,1,2551,0,1,2553,T
8-NS,712,0,2558,0,1,2559,T
8-NS,713,0,3,2558,0,2561,G
8-NS,714,2527,0,1,0,2528,A
8-NS,715,2524,0,1,0,2525,A
8-NS,716,0,3,2518,0,2521,G
8-NS,717,2521,0,0,0,2521,A
8-NS,718,2486,0,1,0,2487,A
8-NS,719,0,1,2510,0,2511,G
8-NS,720,0,2452,0,1,2453,T
8-NS,721,0,6,2447,0,2453,G
8-NS,722,2431,0,0,1,2432,A
8-NS,723,0,5,2427,0,2432,G
8-NS,724,2442,1,3,0,2446,A
8-NS,725,1,1,0,2429,2431,C
8-NS,726,2401,0,1,0,2402,A
8-NS,727,0,3,0,2401,2404,C
8-NS,728,2261,0,2,0,2263,A
8-NS,729,2,2,2312,0,2316,G
8-NS,730,2309,0,1,0,2310,A
8-NS,731,0,2291,0,1,2292,T
8-NS,732,1,2287,0,0,2288,T
8-NS,733,2287,0,1,0,2288,A
8-NS,734,2280,0,0,0,2280,A
8-NS,735,2282,0,1,1,2284,A
8-NS,736,2270,0,2,0,2272,A
8-NS,737,2272,0,0,0,2272,A
8-NS,738,0,0,0,2190,2190,C
8-NS,739,2077,0,0,0,2077,A
8-NS,740,2092,0,0,1,2093,A
8-NS,741,1,0,0,2091,2092,C
8-NS,742,1,2072,0,0,2073,T
8-NS,743,1,3,2080,0,2084,G
8-NS,744,2082,1,0,0,2083,A
8-NS,745,2084,0,2,0,2086,A
8-NS,746,2084,0,0,0,2084,A
8-NS,747,2056,0,1,0,2057,A
8-NS,748,0,2045,0,0,2045,T
8-NS,749,2016,0,2,0,2018,A
8-NS,750,0,2,2016,0,2018,G
8-NS,751,1,2,0,2016,2019,C
8-NS,752,0,1964,0,1,1965,T
8-NS,753,1,1971,0,1,1973,T
8-NS,754,0,1958,0,1,1959,T
8-NS,755,0,6,1960,0,1966,G
8-NS,756,1965,0,1,0,1966,A
8-NS,757,1967,0,2,0,1969,A
8-NS,758,0,0,0,1975,1975,C
8-NS,759,1923,0,1,0,1924,A
8-NS,760,1929,0,0,0,1929,A
8-NS,761,1926,1,0,0,1927,A
8-NS,762,0,1922,0,2,1924,T
8-NS,763,1930,0,0,0,1930,A
8-NS,764,1888,0,1,1,1890,A
8-NS,765,0,0,0,1888,1888,C
8-NS,766,1882,0,1,0,1883,A
8-NS,767,1,1857,0,0,1858,T
8-NS,768,1,1798,0,0,1799,T
8-NS,769,3,2,0,1790,1795,C
8-NS,770,1778,0,0,0,1778,A
8-NS,771,0,1767,0,0,1767,T
8-NS,772,0,1,1774,0,1775,G
8-NS,773,0,0,0,1741,1741,C
8-NS,774,1714,0,2,0,1716,A
8-NS,775,1715,0,1,0,1716,A
8-NS,776,1,0,1710,0,1711,G
8-NS,777,0,0,0,1754,1754,C
8-NS,778,1721,1,1,0,1723,A
8-NS,779,0,1717,0,0,1717,T
8-NS,780,1,1713,0,1,1715,T
8-NS,781,1716,0,1,0,1717,A
8-NS,782,1,0,0,1710,1711,C
8-NS,783,1701,0,0,0,1701,A
8-NS,784,1667,0,2,0,1669,A
8-NS,785,0,1,0,1668,1669,C
8-NS,786,0,1405,1,0,1406,T
8-NS,787,2,1,1399,0,1402,G
8-NS,788,0,1,0,1367,1368,C
8-NS,789,0,1311,1,1,1313,T
8-NS,790,2,0,1323,1,1326,G
8-NS,791,0,1300,0,1,1301,T
8-NS,792,0,1296,0,0,1296,T
8-NS,793,0,1297,0,0,1297,T
8-NS,794,0,1,1285,0,1286,G
8-NS,795,1281,0,4,0,1285,A
8-NS,796,1263,0,0,0,1263,A
8-NS,797,0,0,1260,0,1260,G
8-NS,798,0,1244,0,2,1246,T
8-NS,799,0,4,1172,0,1176,G
8-NS,800,1,3,1192,0,1196,G
8-NS,801,1188,0,4,0,1192,A
8-NS,802,1182,0,0,0,1182,A
8-NS,803,0,1,0,1173,1174,C
8-NS,804,1146,0,3,0,1149,A
8-NS,805,0,2,1148,0,1150,G
8-NS,806,0,1,1131,0,1132,G
8-NS,807,1117,0,0,0,1117,A
8-NS,808,0,0,1123,0,1123,G
8-NS,809,939,0,0,0,939,A
8-NS,810,0,936,0,0,936,T
8-NS,811,937,1,0,0,938,A
8-NS,812,927,0,1,0,928,A
8-NS,813,0,0,932,0,932,G
8-NS,814,813,0,0,0,813,A
8-NS,815,803,0,0,0,803,A
8-NS,816,0,1,0,792,793,C
8-NS,817,0,699,0,0,699,T
8-NS,818,0,692,0,0,692,T
8-NS,819,0,687,0,5,692,T
8-NS,820,0,0,0,695,695,C
8-NS,821,0,682,0,2,684,T
8-NS,822,1,1,0,674,676,C
8-NS,823,661,0,0,0,661,A
8-NS,824,0,655,0,0,655,T
8-NS,825,0,645,0,0,645,T
8-NS,826,1,634,0,1,636,T
8-NS,827,1,0,0,642,643,C
8-NS,828,621,1,0,0,622,A
8-NS,829,0,0,620,0,620,G
8-NS,830,0,0,0,618,618,C
8-NS,831,0,577,0,2,579,T
8-NS,832,0,577,0,1,578,T
8-NS,833,558,0,0,0,558,A
8-NS,834,0,555,0,0,555,T
8-NS,835,0,554,0,0,554,T
8-NS,836,0,555,0,0,555,T
8-NS,837,530,0,0,0,530,A
8-NS,838,513,0,0,0,513,A
8-NS,839,0,507,0,0,507,T
8-NS,840,0,0,508,0,508,G
8-NS,841,487,0,0,0,487,A
8-NS,842,0,446,0,1,447,T
8-NS,843,443,0,0,0,443,A
8-NS,844,442,0,0,0,442,A
8-NS,845,441,0,1,0,442,A
8-NS,846,439,0,0,0,439,A
8-NS,847,434,0,1,0,435,A
8-NS,848,435,0,0,0,435,A
8-NS,849,0,1,0,433,434,C
8-NS,850,374,0,0,0,374,A
8-NS,851,0,0,0,380,380,C
8-NS,852,1,0,0,360,361,C
8-NS,853,1,0,0,350,351,C
8-NS,854,0,330,0,0,330,T
8-NS,855,0,314,0,0,314,T
8-NS,856,0,0,315,0,315,G
8-NS,857,0,302,0,0,302,T
8-NS,858,0,301,0,0,301,T
8-NS,859,0,289,0,0,289,T
8-NS,860,0,0,0,110,110,C
8-NS,861,0,84,0,0,84,T
8-NS,862,75,0,0,0,75,A
8-NS,863,0,0,0,77,77,C
