Gene,Position,A,T,G,C,Coverage,Consensus
1-PB2,1,268,0,0,0,268,A
1-PB2,2,0,274,0,0,274,T
1-PB2,3,0,0,276,0,276,G
1-PB2,4,0,0,276,0,276,G
1-PB2,5,279,0,0,0,279,A
1-PB2,6,278,0,0,0,278,A
1-PB2,7,278,0,0,0,278,A
1-PB2,8,0,0,300,0,300,G
1-PB2,9,297,0,0,0,297,A
1-PB2,10,301,0,1,0,302,A
1-PB2,11,0,311,0,0,311,T
1-PB2,12,310,0,0,0,310,A
1-PB2,13,310,0,0,0,310,A
1-PB2,14,311,0,0,0,311,A
1-PB2,15,308,0,1,0,309,A
1-PB2,16,0,0,318,0,318,G
1-PB2,17,315,0,0,0,315,A
1-PB2,18,320,0,0,0,320,A
1-PB2,19,0,0,0,323,323,C
1-PB2,20,0,327,0,0,327,T
1-PB2,21,334,0,0,0,334,A
1-PB2,22,0,0,0,332,332,C
1-PB2,23,0,0,333,0,333,G
1-PB2,24,0,0,341,0,341,G
1-PB2,25,344,0,0,0,344,A
1-PB2,26,351,0,0,0,351,A
1-PB2,27,0,353,0,0,353,T
1-PB2,28,0,0,0,356,356,C
1-PB2,29,0,356,0,0,356,T
1-PB2,30,0,0,357,1,358,G
1-PB2,31,358,0,0,0,358,A
1-PB2,32,0,362,0,0,362,T
1-PB2,33,0,0,360,0,360,G
1-PB2,34,0,365,0,0,365,T
1-PB2,35,0,0,0,363,363,C
1-PB2,36,0,0,362,0,362,G
1-PB2,37,0,0,0,365,365,C
1-PB2,38,359,0,2,0,361,A
1-PB2,39,0,0,388,0,388,G
1-PB2,40,0,387,0,0,387,T
1-PB2,41,0,0,0,388,388,C
1-PB2,42,0,386,0,0,386,T
1-PB2,43,0,0,0,387,387,C
1-PB2,44,0,0,379,0,379,G
1-PB2,45,0,0,0,388,388,C
1-PB2,46,385,0,0,0,385,A
1-PB2,47,0,0,0,394,394,C
1-PB2,48,0,389,0,1,390,T
1-PB2,49,0,0,0,402,402,C
1-PB2,50,0,1,401,0,402,G
1-PB2,51,0,0,0,401,401,C
1-PB2,52,0,0,401,0,401,G
1-PB2,53,399,0,0,0,399,A
1-PB2,54,0,0,405,0,405,G
1-PB2,55,410,0,0,0,410,A
1-PB2,56,0,403,0,0,403,T
1-PB2,57,414,0,0,0,414,A
1-PB2,58,0,0,0,411,411,C
1-PB2,59,0,410,0,0,410,T
1-PB2,60,0,0,422,0,422,G
1-PB2,61,420,0,2,0,422,A
1-PB2,62,0,0,0,421,421,C
1-PB2,63,424,0,0,0,424,A
1-PB2,64,424,0,0,0,424,A
1-PB2,65,428,0,1,0,429,A
1-PB2,66,435,0,0,0,435,A
1-PB2,67,438,0,0,0,438,A
1-PB2,68,0,0,0,439,439,C
1-PB2,69,0,0,0,442,442,C
1-PB2,70,454,0,0,0,454,A
1-PB2,71,0,0,0,465,465,C
1-PB2,72,465,0,0,1,466,A
1-PB2,73,0,0,481,0,481,G
1-PB2,74,0,467,0,1,468,T
1-PB2,75,0,0,487,0,487,G
1-PB2,76,0,0,486,0,486,G
1-PB2,77,487,0,1,0,488,A
1-PB2,78,0,0,0,513,513,C
1-PB2,79,0,0,0,512,512,C
1-PB2,80,521,1,0,0,522,A
1-PB2,81,0,519,0,0,519,T
1-PB2,82,519,0,0,0,519,A
1-PB2,83,0,515,0,0,515,T
1-PB2,84,0,0,517,0,517,G
1-PB2,85,0,0,515,0,515,G
1-PB2,86,0,0,0,514,514,C
1-PB2,87,1,0,0,514,515,C
1-PB2,88,511,0,0,0,511,A
1-PB2,89,0,563,0,0,563,T
1-PB2,90,565,0,0,0,565,A
1-PB2,91,588,0,0,0,588,A
1-PB2,92,0,593,0,1,594,T
1-PB2,93,0,589,0,0,589,T
1-PB2,94,600,0,0,0,600,A
1-PB2,95,590,0,1,0,591,A
1-PB2,96,0,0,611,0,611,G
1-PB2,97,611,0,0,0,611,A
1-PB2,98,594,0,0,0,594,A
1-PB2,99,0,0,641,0,641,G
1-PB2,100,0,623,0,0,623,T
1-PB2,101,633,0,0,0,633,A
1-PB2,102,0,0,0,636,636,C
1-PB2,103,636,0,1,0,637,A
1-PB2,104,0,0,0,657,657,C
1-PB2,105,656,0,0,0,656,A
1-PB2,106,0,651,0,0,651,T
1-PB2,107,0,0,0,664,664,C
1-PB2,108,0,0,654,0,654,G
1-PB2,109,0,0,650,0,650,G
1-PB2,110,0,0,654,0,654,G
1-PB2,111,0,0,652,0,652,G
1-PB2,112,656,0,2,0,658,A
1-PB2,113,0,0,666,0,666,G
1-PB2,114,662,0,2,0,664,A
1-PB2,115,0,0,0,667,667,C
1-PB2,116,664,0,1,0,665,A
1-PB2,117,0,0,677,0,677,G
1-PB2,118,0,0,682,0,682,G
1-PB2,119,678,0,0,0,678,A
1-PB2,120,678,0,0,0,678,A
1-PB2,121,681,0,1,0,682,A
1-PB2,122,674,0,2,0,676,A
1-PB2,123,0,0,679,0,679,G
1-PB2,124,677,0,1,0,678,A
1-PB2,125,680,0,0,0,680,A
1-PB2,126,0,0,0,679,679,C
1-PB2,127,0,0,0,677,677,C
1-PB2,128,0,0,0,675,675,C
1-PB2,129,0,0,673,0,673,G
1-PB2,130,0,669,0,0,669,T
1-PB2,131,0,0,0,678,678,C
1-PB2,132,681,0,0,0,681,A
1-PB2,133,0,0,0,685,685,C
1-PB2,134,0,694,0,0,694,T
1-PB2,135,0,683,0,1,684,T
1-PB2,136,688,0,1,0,689,A
1-PB2,137,0,0,709,0,709,G
1-PB2,138,0,0,704,0,704,G
1-PB2,139,706,0,1,0,707,A
1-PB2,140,0,705,0,0,705,T
1-PB2,141,0,0,714,0,714,G
1-PB2,142,720,0,0,0,720,A
1-PB2,143,721,1,0,1,723,A
1-PB2,144,725,0,0,0,725,A
1-PB2,145,0,722,0,0,722,T
1-PB2,146,0,0,723,0,723,G
1-PB2,147,0,0,734,0,734,G
1-PB2,148,731,0,2,0,733,A
1-PB2,149,1,730,0,0,731,T
1-PB2,150,0,0,727,0,727,G
1-PB2,151,714,0,4,0,718,A
1-PB2,152,0,722,0,0,722,T
1-PB2,153,0,0,731,0,731,G
1-PB2,154,0,0,732,0,732,G
1-PB2,155,0,0,0,733,733,C
1-PB2,156,728,0,0,0,728,A
1-PB2,157,732,0,0,0,732,A
1-PB2,158,0,731,0,0,731,T
1-PB2,159,0,0,761,0,761,G
1-PB2,160,754,0,1,0,755,A
1-PB2,161,755,0,1,0,756,A
1-PB2,162,758,0,0,0,758,A
1-PB2,163,0,759,0,0,759,T
1-PB2,164,764,0,0,0,764,A
1-PB2,165,0,0,0,778,778,C
1-PB2,166,0,0,0,773,773,C
1-PB2,167,0,0,0,773,773,C
1-PB2,168,781,0,0,0,781,A
1-PB2,169,772,0,1,0,773,A
1-PB2,170,0,770,0,0,770,T
1-PB2,171,0,0,0,778,778,C
1-PB2,172,772,0,0,0,772,A
1-PB2,173,0,0,0,789,789,C
1-PB2,174,0,771,0,0,771,T
1-PB2,175,0,0,778,0,778,G
1-PB2,176,0,0,0,771,771,C
1-PB2,177,1,772,0,0,773,T
1-PB2,178,0,0,775,0,775,G
1-PB2,179,774,0,2,0,776,A
1-PB2,180,0,0,0,779,779,C
1-PB2,181,780,0,0,0,780,A
1-PB2,182,767,0,1,0,768,A
1-PB2,183,770,0,1,0,771,A
1-PB2,184,769,1,1,0,771,A
1-PB2,185,0,0,781,0,781,G
1-PB2,186,0,0,779,0,779,G
1-PB2,187,773,0,0,0,773,A
1-PB2,188,0,779,0,0,779,T
1-PB2,189,768,0,0,0,768,A
1-PB2,190,779,0,0,0,779,A
1-PB2,191,0,0,0,791,791,C
1-PB2,192,791,0,0,0,791,A
1-PB2,193,0,0,790,0,790,G
1-PB2,194,782,0,0,0,782,A
1-PB2,195,783,0,0,0,783,A
1-PB2,196,782,0,0,0,782,A
1-PB2,197,0,784,0,0,784,T
1-PB2,198,0,0,780,0,780,G
1-PB2,199,0,0,788,0,788,G
1-PB2,200,0,782,0,0,782,T
1-PB2,201,0,778,0,0,778,T
1-PB2,202,0,0,0,777,777,C
1-PB2,203,0,0,0,778,778,C
1-PB2,204,10,0,780,0,790,G
1-PB2,205,0,1,789,0,790,G
1-PB2,206,790,0,0,0,790,A
1-PB2,207,0,0,793,0,793,G
1-PB2,208,778,0,0,0,778,A
1-PB2,209,0,0,797,0,797,G
1-PB2,210,797,0,0,0,797,A
1-PB2,211,794,0,0,0,794,A
1-PB2,212,798,0,1,0,799,A
1-PB2,213,0,797,0,0,797,T
1-PB2,214,0,1,802,0,803,G
1-PB2,215,810,0,2,0,812,A
1-PB2,216,809,0,3,0,812,A
1-PB2,217,0,0,0,814,814,C
1-PB2,218,805,0,0,0,805,A
1-PB2,219,809,0,0,0,809,A
1-PB2,220,0,1,828,0,829,G
1-PB2,221,0,0,832,0,832,G
1-PB2,222,830,1,1,0,832,A
1-PB2,223,0,0,0,828,828,C
1-PB2,224,830,0,0,0,830,A
1-PB2,225,832,0,0,0,832,A
1-PB2,226,824,0,0,0,824,A
1-PB2,227,0,0,0,823,823,C
1-PB2,228,0,0,0,792,792,C
1-PB2,229,1,0,0,835,836,C
1-PB2,230,0,847,0,0,847,T
1-PB2,231,853,0,1,0,854,A
1-PB2,232,0,848,0,0,848,T
1-PB2,233,0,0,861,0,861,G
1-PB2,234,0,0,874,0,874,G
1-PB2,235,841,0,0,0,841,A
1-PB2,236,0,0,846,0,846,G
1-PB2,237,0,844,0,0,844,T
1-PB2,238,842,0,1,0,843,A
1-PB2,239,844,0,0,0,844,A
1-PB2,240,838,0,0,0,838,A
1-PB2,241,839,0,0,0,839,A
1-PB2,242,0,827,0,0,827,T
1-PB2,243,0,0,821,0,821,G
1-PB2,244,810,0,1,0,811,A
1-PB2,245,0,0,816,0,816,G
1-PB2,246,0,802,0,0,802,T
1-PB2,247,0,0,807,0,807,G
1-PB2,248,823,0,0,0,823,A
1-PB2,249,0,824,0,1,825,T
1-PB2,250,0,0,824,0,824,G
1-PB2,251,0,0,0,832,832,C
1-PB2,252,0,818,0,0,818,T
1-PB2,253,0,0,853,0,853,G
1-PB2,254,0,0,853,0,853,G
1-PB2,255,858,0,1,0,859,A
1-PB2,256,0,858,0,0,858,T
1-PB2,257,0,0,0,850,850,C
1-PB2,258,853,0,0,0,853,A
1-PB2,259,0,0,881,0,881,G
1-PB2,260,880,0,0,0,880,A
1-PB2,261,0,885,0,0,885,T
1-PB2,262,858,0,2,0,860,A
1-PB2,263,0,0,879,0,879,G
1-PB2,264,868,0,1,0,869,A
1-PB2,265,0,0,892,0,892,G
1-PB2,266,0,865,0,0,865,T
1-PB2,267,0,0,875,0,875,G
1-PB2,268,848,0,0,0,848,A
1-PB2,269,0,857,0,0,857,T
1-PB2,270,0,2,876,0,878,G
1-PB2,271,0,0,895,0,895,G
1-PB2,272,0,886,0,1,887,T
1-PB2,273,894,0,0,0,894,A
1-PB2,274,0,871,0,1,872,T
1-PB2,275,0,0,0,882,882,C
1-PB2,276,890,1,2,0,893,A
1-PB2,277,0,0,0,929,929,C
1-PB2,278,0,1,0,928,929,C
1-PB2,279,0,918,0,0,918,T
1-PB2,280,0,908,0,0,908,T
1-PB2,281,0,907,0,1,908,T
1-PB2,282,0,0,923,0,923,G
1-PB2,283,1,0,917,0,918,G
1-PB2,284,0,1,0,928,929,C
1-PB2,285,0,922,0,0,922,T
1-PB2,286,2,0,926,0,928,G
1-PB2,287,0,926,0,0,926,T
1-PB2,288,923,0,1,0,924,A
1-PB2,289,932,0,0,0,932,A
1-PB2,290,0,0,0,929,929,C
1-PB2,291,913,0,0,0,913,A
1-PB2,292,0,914,0,1,915,T
1-PB2,293,0,0,905,0,905,G
1-PB2,294,0,0,922,0,922,G
1-PB2,295,1,916,0,0,917,T
1-PB2,296,0,0,924,0,924,G
1-PB2,297,1,0,932,0,933,G
1-PB2,298,935,0,1,0,936,A
1-PB2,299,946,0,0,0,946,A
1-PB2,300,0,942,0,0,942,T
1-PB2,301,948,0,0,0,948,A
1-PB2,302,0,0,950,0,950,G
1-PB2,303,959,0,1,0,960,A
1-PB2,304,965,0,0,0,965,A
1-PB2,305,961,0,0,0,961,A
1-PB2,306,0,934,0,0,934,T
1-PB2,307,0,0,939,0,939,G
1-PB2,308,0,0,932,0,932,G
1-PB2,309,931,0,2,0,933,A
1-PB2,310,0,0,0,927,927,C
1-PB2,311,1,0,0,913,914,C
1-PB2,312,1,0,0,918,919,C
1-PB2,313,0,0,931,0,931,G
1-PB2,314,0,933,0,0,933,T
1-PB2,315,0,0,953,0,953,G
1-PB2,316,953,0,0,0,953,A
1-PB2,317,0,0,0,963,963,C
1-PB2,318,966,0,0,0,966,A
1-PB2,319,955,0,0,2,957,A
1-PB2,320,0,1,981,0,982,G
1-PB2,321,0,983,0,0,983,T
1-PB2,322,981,0,0,0,981,A
1-PB2,323,0,0,0,975,975,C
1-PB2,324,2,0,954,0,956,G
1-PB2,325,0,0,975,0,975,G
1-PB2,326,0,968,0,0,968,T
1-PB2,327,0,0,0,972,972,C
1-PB2,328,0,0,0,987,987,C
1-PB2,329,985,0,0,0,985,A
1-PB2,330,0,987,0,0,987,T
1-PB2,331,0,989,0,0,989,T
1-PB2,332,1025,0,1,0,1026,A
1-PB2,333,0,0,0,1023,1023,C
1-PB2,334,0,0,0,998,998,C
1-PB2,335,0,1,0,1010,1011,C
1-PB2,336,1007,0,0,0,1007,A
1-PB2,337,1012,0,0,0,1012,A
1-PB2,338,1012,0,0,0,1012,A
1-PB2,339,1005,0,4,0,1009,A
1-PB2,340,0,0,1029,0,1029,G
1-PB2,341,0,966,0,1,967,T
1-PB2,342,0,0,996,0,996,G
1-PB2,343,0,997,0,1,998,T
1-PB2,344,999,1,1,0,1001,A
1-PB2,345,0,0,0,1002,1002,C
1-PB2,346,1005,0,0,0,1005,A
1-PB2,347,1006,0,1,0,1007,A
1-PB2,348,0,0,1010,0,1010,G
1-PB2,349,997,0,0,0,997,A
1-PB2,350,0,0,0,1006,1006,C
1-PB2,351,0,987,0,1,988,T
1-PB2,352,0,999,0,0,999,T
1-PB2,353,996,0,0,0,996,A
1-PB2,354,0,996,0,0,996,T
1-PB2,355,0,997,0,0,997,T
1-PB2,356,0,995,0,1,996,T
1-PB2,357,1,0,0,994,995,C
1-PB2,358,0,1,996,0,997,G
1-PB2,359,986,0,1,0,987,A
1-PB2,360,0,0,0,993,993,C
1-PB2,361,996,0,0,0,996,A
1-PB2,362,992,0,0,0,992,A
1-PB2,363,991,0,0,0,991,A
1-PB2,364,0,0,988,0,988,G
1-PB2,365,0,979,0,0,979,T
1-PB2,366,0,0,0,996,996,C
1-PB2,367,0,1,1001,0,1002,G
1-PB2,368,996,0,0,0,996,A
1-PB2,369,992,0,1,0,993,A
1-PB2,370,992,0,1,0,993,A
1-PB2,371,0,0,1030,0,1030,G
1-PB2,372,0,0,1032,0,1032,G
1-PB2,373,0,1034,0,0,1034,T
1-PB2,374,0,1033,0,2,1035,T
1-PB2,375,1028,0,0,0,1028,A
1-PB2,376,1033,0,0,0,1033,A
1-PB2,377,1030,0,0,0,1030,A
1-PB2,378,1040,0,0,0,1040,A
1-PB2,379,0,0,0,1049,1049,C
1-PB2,380,1025,0,1,0,1026,A
1-PB2,381,0,1017,0,0,1017,T
1-PB2,382,0,1,1017,0,1018,G
1-PB2,383,0,0,1022,0,1022,G
1-PB2,384,1020,0,0,0,1020,A
1-PB2,385,1028,0,0,0,1028,A
1-PB2,386,0,0,0,1043,1043,C
1-PB2,387,0,1,0,1059,1060,C
1-PB2,388,0,1057,0,0,1057,T
1-PB2,389,0,1058,0,0,1058,T
1-PB2,390,0,1066,0,0,1066,T
1-PB2,391,0,0,1059,0,1059,G
1-PB2,392,0,0,1058,0,1058,G
1-PB2,393,0,0,0,1051,1051,C
1-PB2,394,0,0,0,1060,1060,C
1-PB2,395,0,0,0,1057,1057,C
1-PB2,396,0,1031,0,2,1033,T
1-PB2,397,1,0,1036,0,1037,G
1-PB2,398,0,1038,0,0,1038,T
1-PB2,399,0,1037,0,2,1039,T
1-PB2,400,0,0,0,1047,1047,C
1-PB2,401,1039,0,0,0,1039,A
1-PB2,402,0,1031,0,0,1031,T
1-PB2,403,0,1036,0,0,1036,T
1-PB2,404,0,1034,0,0,1034,T
1-PB2,405,0,1041,0,0,1041,T
1-PB2,406,1026,0,0,0,1026,A
1-PB2,407,0,0,1022,0,1022,G
1-PB2,408,1023,0,0,0,1023,A
1-PB2,409,1022,0,0,0,1022,A
1-PB2,410,1025,0,0,0,1025,A
1-PB2,411,0,1015,0,0,1015,T
1-PB2,412,0,0,0,1021,1021,C
1-PB2,413,1023,0,0,0,1023,A
1-PB2,414,1028,0,1,0,1029,A
1-PB2,415,0,0,1042,0,1042,G
1-PB2,416,0,1027,0,0,1027,T
1-PB2,417,1,0,0,1036,1037,C
1-PB2,418,1049,0,1,0,1050,A
1-PB2,419,1056,0,0,0,1056,A
1-PB2,420,0,0,1055,0,1055,G
1-PB2,421,1054,0,1,0,1055,A
1-PB2,422,0,1048,0,0,1048,T
1-PB2,423,1059,0,1,0,1060,A
1-PB2,424,0,0,0,1052,1052,C
1-PB2,425,0,0,1056,0,1056,G
1-PB2,426,0,0,0,1062,1062,C
1-PB2,427,1058,1,0,0,1059,A
1-PB2,428,0,0,1066,0,1066,G
1-PB2,429,1061,0,0,0,1061,A
1-PB2,430,1062,0,0,0,1062,A
1-PB2,431,0,0,1080,0,1080,G
1-PB2,432,1062,0,0,0,1062,A
1-PB2,433,0,0,1080,0,1080,G
1-PB2,434,0,1067,0,0,1067,T
1-PB2,435,1067,0,0,0,1067,A
1-PB2,436,0,0,1071,0,1071,G
1-PB2,437,1075,0,0,1,1076,A
1-PB2,438,0,0,0,1108,1108,C
1-PB2,439,1096,0,0,0,1096,A
1-PB2,440,0,1083,0,0,1083,T
1-PB2,441,1073,0,0,0,1073,A
1-PB2,442,1062,0,0,1,1063,A
1-PB2,443,1059,0,1,0,1060,A
1-PB2,444,0,0,0,1074,1074,C
1-PB2,445,0,0,0,1056,1056,C
1-PB2,446,0,0,0,1051,1051,C
1-PB2,447,0,1001,0,1,1002,T
1-PB2,448,0,0,1013,0,1013,G
1-PB2,449,0,1,1030,0,1031,G
1-PB2,450,0,1026,0,1,1027,T
1-PB2,451,1,0,0,1024,1025,C
1-PB2,452,1035,0,0,0,1035,A
1-PB2,453,0,1030,0,1,1031,T
1-PB2,454,0,0,1038,0,1038,G
1-PB2,455,0,0,0,1033,1033,C
1-PB2,456,1035,0,0,0,1035,A
1-PB2,457,1,0,1035,0,1036,G
1-PB2,458,1014,0,0,0,1014,A
1-PB2,459,0,0,0,1023,1023,C
1-PB2,460,0,0,0,1025,1025,C
1-PB2,461,0,994,0,1,995,T
1-PB2,462,0,0,0,1002,1002,C
1-PB2,463,995,0,0,0,995,A
1-PB2,464,0,0,1015,0,1015,G
1-PB2,465,0,1007,0,0,1007,T
1-PB2,466,0,0,1010,0,1010,G
1-PB2,467,1,0,0,997,998,C
1-PB2,468,0,0,0,1001,1001,C
1-PB2,469,1001,0,0,0,1001,A
1-PB2,470,1000,1,0,0,1001,A
1-PB2,471,996,0,1,0,997,A
1-PB2,472,0,0,998,0,998,G
1-PB2,473,976,0,2,0,978,A
1-PB2,474,11,0,967,0,978,G
1-PB2,475,0,0,983,0,983,G
1-PB2,476,0,0,0,980,980,C
1-PB2,477,983,0,0,0,983,A
1-PB2,478,0,0,0,992,992,C
1-PB2,479,997,0,0,0,997,A
1-PB2,480,1010,0,0,0,1010,A
1-PB2,481,0,0,1040,0,1040,G
1-PB2,482,1052,0,0,0,1052,A
1-PB2,483,0,1036,0,0,1036,T
1-PB2,484,0,1,1042,0,1043,G
1-PB2,485,1,1034,0,0,1035,T
1-PB2,486,1049,0,0,0,1049,A
1-PB2,487,1042,0,1,0,1043,A
1-PB2,488,0,1037,0,0,1037,T
1-PB2,489,0,0,0,966,966,C
1-PB2,490,984,0,0,0,984,A
1-PB2,491,0,983,0,0,983,T
1-PB2,492,1,0,983,0,984,G
1-PB2,493,0,0,975,0,975,G
1-PB2,494,975,0,0,0,975,A
1-PB2,495,974,0,0,0,974,A
1-PB2,496,0,0,976,0,976,G
1-PB2,497,0,964,0,0,964,T
1-PB2,498,0,973,0,0,973,T
1-PB2,499,0,0,978,0,978,G
1-PB2,500,0,967,0,0,967,T
1-PB2,501,0,962,0,0,962,T
1-PB2,502,0,962,0,0,962,T
1-PB2,503,0,961,0,0,961,T
1-PB2,504,0,965,0,1,966,T
1-PB2,505,0,0,0,966,966,C
1-PB2,506,0,0,0,966,966,C
1-PB2,507,0,0,0,977,977,C
1-PB2,508,979,0,0,0,979,A
1-PB2,509,979,0,0,0,979,A
1-PB2,510,0,977,0,0,977,T
1-PB2,511,0,0,991,0,991,G
1-PB2,512,986,0,1,0,987,A
1-PB2,513,981,1,0,0,982,A
1-PB2,514,0,0,987,0,987,G
1-PB2,515,0,959,0,0,959,T
1-PB2,516,0,0,974,0,974,G
1-PB2,517,0,0,962,0,962,G
1-PB2,518,0,0,963,0,963,G
1-PB2,519,978,0,1,0,979,A
1-PB2,520,0,0,972,0,972,G
1-PB2,521,0,0,0,948,948,C
1-PB2,522,0,0,0,975,975,C
1-PB2,523,980,0,0,0,980,A
1-PB2,524,0,0,997,0,997,G
1-PB2,525,0,0,1005,0,1005,G
1-PB2,526,1000,0,1,0,1001,A
1-PB2,527,0,995,0,0,995,T
1-PB2,528,1003,0,0,0,1003,A
1-PB2,529,0,0,0,991,991,C
1-PB2,530,0,997,0,0,997,T
1-PB2,531,1000,0,0,0,1000,A
1-PB2,532,994,0,1,0,995,A
1-PB2,533,0,0,0,1000,1000,C
1-PB2,534,978,0,0,0,978,A
1-PB2,535,0,953,0,1,954,T
1-PB2,536,0,0,0,963,963,C
1-PB2,537,957,0,0,0,957,A
1-PB2,538,1,0,959,0,960,G
1-PB2,539,958,0,0,0,958,A
1-PB2,540,957,1,0,0,958,A
1-PB2,541,0,950,0,0,950,T
1-PB2,542,0,1,0,942,943,C
1-PB2,543,945,0,1,0,946,A
1-PB2,544,0,0,0,961,961,C
1-PB2,545,965,0,0,0,965,A
1-PB2,546,964,0,0,0,964,A
1-PB2,547,1,950,0,0,951,T
1-PB2,548,0,954,0,0,954,T
1-PB2,549,960,0,0,0,960,A
1-PB2,550,963,0,1,0,964,A
1-PB2,551,0,0,0,965,965,C
1-PB2,552,958,0,0,0,958,A
1-PB2,553,936,0,1,1,938,A
1-PB2,554,0,954,0,0,954,T
1-PB2,555,955,0,0,0,955,A
1-PB2,556,955,0,0,0,955,A
1-PB2,557,0,0,0,962,962,C
1-PB2,558,0,958,0,0,958,T
1-PB2,559,960,1,0,0,961,A
1-PB2,560,949,0,1,0,950,A
1-PB2,561,948,0,1,0,949,A
1-PB2,562,0,1,954,0,955,G
1-PB2,563,937,0,0,0,937,A
1-PB2,564,1,0,948,0,949,G
1-PB2,565,944,0,0,0,944,A
1-PB2,566,945,0,0,0,945,A
1-PB2,567,944,0,0,0,944,A
1-PB2,568,943,0,0,0,943,A
1-PB2,569,945,0,0,0,945,A
1-PB2,570,948,0,0,0,948,A
1-PB2,571,0,0,951,0,951,G
1-PB2,572,949,0,0,0,949,A
1-PB2,573,946,0,0,0,946,A
1-PB2,574,0,0,948,0,948,G
1-PB2,575,945,0,0,0,945,A
1-PB2,576,950,0,0,0,950,A
1-PB2,577,0,0,0,949,949,C
1-PB2,578,0,923,0,0,923,T
1-PB2,579,1,0,0,939,940,C
1-PB2,580,0,1,0,948,949,C
1-PB2,581,1,0,953,0,954,G
1-PB2,582,955,0,0,0,955,A
1-PB2,583,0,0,954,0,954,G
1-PB2,584,951,0,1,0,952,A
1-PB2,585,0,939,0,0,939,T
1-PB2,586,0,943,0,4,947,T
1-PB2,587,0,0,937,0,937,G
1-PB2,588,0,0,0,936,936,C
1-PB2,589,946,0,0,0,946,A
1-PB2,590,949,0,0,0,949,A
1-PB2,591,950,0,0,0,950,A
1-PB2,592,952,0,0,0,952,A
1-PB2,593,0,944,0,0,944,T
1-PB2,594,0,943,0,1,944,T
1-PB2,595,0,932,0,0,932,T
1-PB2,596,0,0,0,939,939,C
1-PB2,597,0,909,0,0,909,T
1-PB2,598,0,2,0,1088,1090,C
1-PB2,599,1,0,0,1096,1097,C
1-PB2,600,0,0,0,1374,1374,C
1-PB2,601,0,1374,0,0,1374,T
1-PB2,602,0,1434,0,0,1434,T
1-PB2,603,1,0,1454,0,1455,G
1-PB2,604,1466,0,0,0,1466,A
1-PB2,605,1,1522,0,0,1523,T
1-PB2,606,1,1,1572,0,1574,G
1-PB2,607,0,1,1908,1,1910,G
1-PB2,608,0,1962,0,0,1962,T
1-PB2,609,0,1988,0,0,1988,T
1-PB2,610,1,1,2214,0,2216,G
1-PB2,611,0,0,0,2247,2247,C
1-PB2,612,2331,0,0,0,2331,A
1-PB2,613,0,2320,0,3,2323,T
1-PB2,614,2383,0,1,5,2389,A
1-PB2,615,0,0,0,2546,2546,C
1-PB2,616,2993,0,0,4,2997,A
1-PB2,617,0,3105,1,2,3108,T
1-PB2,618,2,0,3309,0,3311,G
1-PB2,619,0,3296,0,2,3298,T
1-PB2,620,0,3300,0,0,3300,T
1-PB2,621,3321,0,0,0,3321,A
1-PB2,622,0,0,3315,0,3315,G
1-PB2,623,3386,0,0,0,3386,A
1-PB2,624,1,2,3433,0,3436,G
1-PB2,625,3387,0,4,0,3391,A
1-PB2,626,0,0,3408,0,3408,G
1-PB2,627,3372,0,6,0,3378,A
1-PB2,628,0,0,3409,0,3409,G
1-PB2,629,3408,0,6,0,3414,A
1-PB2,630,3435,0,0,0,3435,A
1-PB2,631,0,0,0,3464,3464,C
1-PB2,632,0,3445,0,0,3445,T
1-PB2,633,0,3472,0,0,3472,T
1-PB2,634,0,0,3471,0,3471,G
1-PB2,635,0,3467,1,1,3469,T
1-PB2,636,3492,0,1,0,3493,A
1-PB2,637,0,1,0,3472,3473,C
1-PB2,638,15,1,3453,0,3469,G
1-PB2,639,3460,0,1,0,3461,A
1-PB2,640,3460,0,0,0,3460,A
1-PB2,641,3519,0,1,0,3520,A
1-PB2,642,3546,0,0,0,3546,A
1-PB2,643,3535,0,0,0,3535,A
1-PB2,644,0,1,0,3550,3551,C
1-PB2,645,3558,0,0,0,3558,A
1-PB2,646,3549,0,2,0,3551,A
1-PB2,647,2,0,3563,0,3565,G
1-PB2,648,3569,0,0,0,3569,A
1-PB2,649,0,3574,0,1,3575,T
1-PB2,650,0,3584,0,1,3585,T
1-PB2,651,0,3608,0,1,3609,T
1-PB2,652,0,1,1,3617,3619,C
1-PB2,653,0,3609,0,5,3614,T
1-PB2,654,0,0,0,3605,3605,C
1-PB2,655,1,1,0,3607,3609,C
1-PB2,656,0,0,0,3629,3629,C
1-PB2,657,3633,0,0,0,3633,A
1-PB2,658,0,0,3677,0,3677,G
1-PB2,659,0,3671,0,0,3671,T
1-PB2,660,0,3673,0,1,3674,T
1-PB2,661,0,1,3673,0,3674,G
1-PB2,662,0,19,0,3649,3668,C
1-PB2,663,0,3670,0,3,3673,T
1-PB2,664,1,0,3690,0,3691,G
1-PB2,665,0,0,3668,0,3668,G
1-PB2,666,0,3,1,3660,3664,C
1-PB2,667,3,1,3693,0,3697,G
1-PB2,668,0,0,3747,0,3747,G
1-PB2,669,3763,0,2,0,3765,A
1-PB2,670,3755,0,3,0,3758,A
1-PB2,671,0,1,0,3765,3766,C
1-PB2,672,3803,0,2,0,3805,A
1-PB2,673,3792,0,3,0,3795,A
1-PB2,674,0,0,3996,1,3997,G
1-PB2,675,0,1,0,4072,4073,C
1-PB2,676,4099,0,0,0,4099,A
1-PB2,677,0,1,5267,0,5268,G
1-PB2,678,0,5227,0,1,5228,T
1-PB2,679,5299,2,1,0,5302,A
1-PB2,680,0,5291,1,1,5293,T
1-PB2,681,5330,1,2,0,5333,A
1-PB2,682,0,5320,0,3,5323,T
1-PB2,683,5260,1,3,0,5264,A
1-PB2,684,1,1,0,5293,5295,C
1-PB2,685,5134,0,0,0,5134,A
1-PB2,686,0,4913,0,2,4915,T
1-PB2,687,0,4798,1,4,4803,T
1-PB2,688,1,2,4787,0,4790,G
1-PB2,689,4781,0,0,0,4781,A
1-PB2,690,4777,0,2,0,4779,A
1-PB2,691,0,0,4857,0,4857,G
1-PB2,692,0,4833,0,2,4835,T
1-PB2,693,0,4824,0,1,4825,T
1-PB2,694,0,4833,0,1,4834,T
1-PB2,695,0,4825,0,1,4826,T
1-PB2,696,4873,1,6,0,4880,A
1-PB2,697,0,0,0,4906,4906,C
1-PB2,698,4893,0,0,0,4893,A
1-PB2,699,1,4907,0,2,4910,T
1-PB2,700,0,4875,0,1,4876,T
1-PB2,701,0,4897,0,0,4897,T
1-PB2,702,0,3,4938,0,4941,G
1-PB2,703,4939,1,3,2,4945,A
1-PB2,704,0,0,0,5022,5022,C
1-PB2,705,0,5002,0,2,5004,T
1-PB2,706,2,0,0,5010,5012,C
1-PB2,707,4978,0,6,0,4984,A
1-PB2,708,2,2,4970,0,4974,G
1-PB2,709,1,2,5101,0,5104,G
1-PB2,710,0,2,5132,0,5134,G
1-PB2,711,5111,0,3,0,5114,A
1-PB2,712,5127,0,10,0,5137,A
1-PB2,713,1,0,0,5137,5138,C
1-PB2,714,0,0,5215,0,5215,G
1-PB2,715,0,5152,0,1,5153,T
1-PB2,716,0,0,5251,0,5251,G
1-PB2,717,0,5182,0,1,5183,T
1-PB2,718,0,5225,0,0,5225,T
1-PB2,719,1,2,5219,0,5222,G
1-PB2,720,0,0,5211,0,5211,G
1-PB2,721,1,2,5268,0,5271,G
1-PB2,722,5224,0,3,0,5227,A
1-PB2,723,5230,0,4,0,5234,A
1-PB2,724,0,0,0,5348,5348,C
1-PB2,725,5347,1,1,0,5349,A
1-PB2,726,5539,0,0,0,5539,A
1-PB2,727,5566,0,0,0,5566,A
1-PB2,728,0,5618,0,2,5620,T
1-PB2,729,0,0,5704,0,5704,G
1-PB2,730,0,5650,0,1,5651,T
1-PB2,731,5672,0,4,0,5676,A
1-PB2,732,1,2,0,5690,5693,C
1-PB2,733,5596,0,5,0,5601,A
1-PB2,734,1,0,0,5606,5607,C
1-PB2,735,1,5470,0,6,5477,T
1-PB2,736,3,1,1,6051,6056,C
1-PB2,737,0,3,0,6084,6087,C
1-PB2,738,6199,1,2,0,6202,A
1-PB2,739,0,1,6279,0,6280,G
1-PB2,740,1,2,6411,1,6415,G
1-PB2,741,1,6290,0,3,6294,T
1-PB2,742,1,2,6391,0,6394,G
1-PB2,743,0,2,6257,0,6259,G
1-PB2,744,6113,1,9,0,6123,A
1-PB2,745,0,0,6282,0,6282,G
1-PB2,746,1,2,6275,0,6278,G
1-PB2,747,6141,0,10,0,6151,A
1-PB2,748,0,0,6286,0,6286,G
1-PB2,749,1,6106,1,4,6112,T
1-PB2,750,1,1,6220,0,6222,G
1-PB2,751,6198,2,5,0,6205,A
1-PB2,752,0,2,6252,0,6254,G
1-PB2,753,62,2,6220,0,6284,G
1-PB2,754,6240,1,1,0,6242,A
1-PB2,755,6235,1,3,0,6239,A
1-PB2,756,0,6250,0,1,6251,T
1-PB2,757,0,2,6251,0,6253,G
1-PB2,758,6208,0,2,1,6211,A
1-PB2,759,1,1,0,6209,6211,C
1-PB2,760,2,1,6218,1,6222,G
1-PB2,761,6275,0,2,1,6278,A
1-PB2,762,0,6265,0,1,6266,T
1-PB2,763,0,2,6354,0,6356,G
1-PB2,764,0,6296,0,3,6299,T
1-PB2,765,1,6294,0,0,6295,T
1-PB2,766,1,1,6347,0,6349,G
1-PB2,767,6327,0,5,2,6334,A
1-PB2,768,1,0,0,6341,6342,C
1-PB2,769,2,1,0,6326,6329,C
1-PB2,770,6289,0,1,0,6290,A
1-PB2,771,6302,0,0,0,6302,A
1-PB2,772,6300,0,2,1,6303,A
1-PB2,773,0,0,6396,0,6396,G
1-PB2,774,0,0,0,6411,6411,C
1-PB2,775,0,2,0,6394,6396,C
1-PB2,776,1,6466,0,2,6469,T
1-PB2,777,6473,0,0,0,6473,A
1-PB2,778,6471,0,2,0,6473,A
1-PB2,779,1,6492,0,0,6493,T
1-PB2,780,0,6483,0,0,6483,T
1-PB2,781,6432,0,0,0,6432,A
1-PB2,782,0,6307,0,17,6324,T
1-PB2,783,2,6321,0,2,6325,T
1-PB2,784,2,0,6313,0,6315,G
1-PB2,785,0,3,0,6284,6287,C
1-PB2,786,6,3,6275,0,6284,G
1-PB2,787,1,2,6410,0,6413,G
1-PB2,788,1,0,0,6348,6349,C
1-PB2,789,3,0,0,6425,6428,C
1-PB2,790,6410,1,3,0,6414,A
1-PB2,791,8,3,6503,0,6514,G
1-PB2,792,0,2,6570,0,6572,G
1-PB2,793,6514,0,4,0,6518,A
1-PB2,794,6552,1,7,0,6560,A
1-PB2,795,1,5,0,6576,6582,C
1-PB2,796,6550,0,4,1,6555,A
1-PB2,797,2,6580,0,1,6583,T
1-PB2,798,6789,0,3,0,6792,A
1-PB2,799,1,0,6919,0,6920,G
1-PB2,800,1,6796,0,2,6799,T
1-PB2,801,6799,0,1,0,6800,A
1-PB2,802,6776,1,2,1,6780,A
1-PB2,803,1,1,6799,0,6801,G
1-PB2,804,6757,0,0,0,6757,A
1-PB2,805,6656,0,4,0,6660,A
1-PB2,806,0,2,6630,0,6632,G
1-PB2,807,6460,0,5,0,6465,A
1-PB2,808,0,0,6493,0,6493,G
1-PB2,809,0,0,0,6452,6452,C
1-PB2,810,0,0,0,6503,6503,C
1-PB2,811,0,1,6509,1,6511,G
1-PB2,812,0,0,0,6563,6563,C
1-PB2,813,6600,0,2,0,6602,A
1-PB2,814,3,1,7094,0,7098,G
1-PB2,815,0,6997,0,3,7000,T
1-PB2,816,7096,0,1,0,7097,A
1-PB2,817,0,7033,0,3,7036,T
1-PB2,818,1,0,0,7150,7151,C
1-PB2,819,7159,0,3,0,7162,A
1-PB2,820,1,0,7134,0,7135,G
1-PB2,821,1,0,0,7132,7133,C
1-PB2,822,6892,1,1,0,6894,A
1-PB2,823,1,1,6753,0,6755,G
1-PB2,824,6789,0,2,0,6791,A
1-PB2,825,0,6791,0,0,6791,T
1-PB2,826,1,1,0,6801,6803,C
1-PB2,827,1,0,0,6859,6860,C
1-PB2,828,6842,0,3,0,6845,A
1-PB2,829,0,3,0,6891,6894,C
1-PB2,830,0,6867,1,1,6869,T
1-PB2,831,6916,0,2,0,6918,A
1-PB2,832,0,1,6892,0,6893,G
1-PB2,833,0,2,0,6845,6847,C
1-PB2,834,6826,1,1,0,6828,A
1-PB2,835,0,6854,0,1,6855,T
1-PB2,836,2,0,0,6946,6948,C
1-PB2,837,0,6936,0,1,6937,T
1-PB2,838,1,7133,0,0,7134,T
1-PB2,839,0,7177,0,1,7178,T
1-PB2,840,7191,0,0,0,7191,A
1-PB2,841,0,7158,0,0,7158,T
1-PB2,842,0,7174,1,1,7176,T
1-PB2,843,1,0,7155,0,7156,G
1-PB2,844,1,1,7132,0,7134,G
1-PB2,845,7031,0,7,0,7038,A
1-PB2,846,3,1,7045,0,7049,G
1-PB2,847,7047,0,1,0,7048,A
1-PB2,848,0,6965,0,0,6965,T
1-PB2,849,1,0,7173,1,7175,G
1-PB2,850,1,7093,1,6,7101,T
1-PB2,851,5,1,7168,0,7174,G
1-PB2,852,1,7,0,7146,7154,C
1-PB2,853,2,0,0,7168,7170,C
1-PB2,854,7158,1,8,0,7167,A
1-PB2,855,0,1,0,7176,7177,C
1-PB2,856,6971,71,31,0,7073,A
1-PB2,857,2,0,7132,0,7134,G
1-PB2,858,0,1,0,6963,6964,C
1-PB2,859,6986,0,3,0,6989,A
1-PB2,860,1,1,0,6993,6995,C
1-PB2,861,6963,0,4,1,6968,A
1-PB2,862,0,1,0,7048,7049,C
1-PB2,863,7029,0,2,0,7031,A
1-PB2,864,7038,1,0,0,7039,A
1-PB2,865,6918,83,1,0,7002,A
1-PB2,866,0,6813,0,0,6813,T
1-PB2,867,0,6864,1,0,6865,T
1-PB2,868,1,1,6852,1,6855,G
1-PB2,869,1,0,6742,0,6743,G
1-PB2,870,1,4,0,6765,6770,C
1-PB2,871,3,2,6771,0,6776,G
1-PB2,872,0,3,6763,0,6766,G
1-PB2,873,6766,0,3,0,6769,A
1-PB2,874,6945,1,0,0,6946,A
1-PB2,875,1,0,0,6975,6976,C
1-PB2,876,6988,1,5,0,6994,A
1-PB2,877,6957,0,12,0,6969,A
1-PB2,878,0,0,6999,0,6999,G
1-PB2,879,22,0,7016,0,7038,G
1-PB2,880,6937,1,2,0,6940,A
1-PB2,881,0,6739,0,2,6741,T
1-PB2,882,2,1,6759,0,6762,G
1-PB2,883,47,0,6706,0,6753,G
1-PB2,884,0,6675,1,2,6678,T
1-PB2,885,3,1,6760,0,6764,G
1-PB2,886,2,1,6726,0,6729,G
1-PB2,887,6647,1,3,0,6651,A
1-PB2,888,0,0,0,6664,6664,C
1-PB2,889,6637,0,1,0,6638,A
1-PB2,890,0,7538,0,0,7538,T
1-PB2,891,0,7527,0,3,7530,T
1-PB2,892,2,1,0,7558,7561,C
1-PB2,893,0,7491,0,1,7492,T
1-PB2,894,0,7507,0,0,7507,T
1-PB2,895,7517,0,1,1,7519,A
1-PB2,896,103,2,7456,0,7561,G
1-PB2,897,7531,0,3,0,7534,A
1-PB2,898,0,1,0,7544,7545,C
1-PB2,899,6596,0,2,1,6599,A
1-PB2,900,45,1,6658,0,6704,G
1-PB2,901,6620,1,4,0,6625,A
1-PB2,902,6609,0,3,0,6612,A
1-PB2,903,0,2,0,6588,6590,C
1-PB2,904,0,1,0,6608,6609,C
1-PB2,905,2,2,0,6606,6610,C
1-PB2,906,0,3,6618,0,6621,G
1-PB2,907,6564,1,5,2,6572,A
1-PB2,908,0,0,0,6665,6665,C
1-PB2,909,0,6607,0,1,6608,T
1-PB2,910,6,1,6663,0,6670,G
1-PB2,911,6547,0,59,0,6606,A
1-PB2,912,6626,1,4,0,6631,A
1-PB2,913,0,0,6703,0,6703,G
1-PB2,914,6686,0,0,0,6686,A
1-PB2,915,6684,0,5,0,6689,A
1-PB2,916,0,0,0,6666,6666,C
1-PB2,917,6652,0,0,1,6653,A
1-PB2,918,6700,0,6,0,6706,A
1-PB2,919,1,0,6730,0,6731,G
1-PB2,920,0,1,0,6768,6769,C
1-PB2,921,0,6742,0,2,6744,T
1-PB2,922,0,1,6880,0,6881,G
1-PB2,923,1,6808,0,2,6811,T
1-PB2,924,1,2,6972,0,6975,G
1-PB2,925,1,0,7189,0,7190,G
1-PB2,926,7134,0,4,3,7141,A
1-PB2,927,0,7155,0,1,7156,T
1-PB2,928,7134,0,0,0,7134,A
1-PB2,929,1,7045,0,1,7047,T
1-PB2,930,7297,0,2,1,7300,A
1-PB2,931,0,7181,0,3,7184,T
1-PB2,932,0,0,7179,0,7179,G
1-PB2,933,0,1,0,7091,7092,C
1-PB2,934,6788,0,1,0,6789,A
1-PB2,935,6767,2,4,0,6773,A
1-PB2,936,0,0,6757,0,6757,G
1-PB2,937,2,0,6778,0,6780,G
1-PB2,938,0,1,0,6753,6754,C
1-PB2,939,0,6650,0,9,6659,T
1-PB2,940,3,0,6681,0,6684,G
1-PB2,941,1,1,1,6693,6696,C
1-PB2,942,6734,0,1,0,6735,A
1-PB2,943,6752,0,1,0,6753,A
1-PB2,944,0,6667,0,0,6667,T
1-PB2,945,1,4,6664,0,6669,G
1-PB2,946,1,0,6629,0,6630,G
1-PB2,947,0,1,6690,0,6691,G
1-PB2,948,6658,0,0,0,6658,A
1-PB2,949,0,6598,0,1,6599,T
1-PB2,950,0,6667,0,1,6668,T
1-PB2,951,0,1,6692,0,6693,G
1-PB2,952,6651,0,5,1,6657,A
1-PB2,953,2,0,6759,0,6761,G
1-PB2,954,6740,0,5,1,6746,A
1-PB2,955,6681,0,0,0,6681,A
1-PB2,956,2,6548,0,0,6550,T
1-PB2,957,1,3,0,6644,6648,C
1-PB2,958,6625,1,8,1,6635,A
1-PB2,959,1,0,6656,0,6657,G
1-PB2,960,0,2,0,6593,6595,C
1-PB2,961,0,6519,0,6,6525,T
1-PB2,962,0,2,0,6603,6605,C
1-PB2,963,6592,1,0,1,6594,A
1-PB2,964,1,6686,1,4,6692,T
1-PB2,965,0,0,0,6738,6738,C
1-PB2,966,1,1,0,6797,6799,C
1-PB2,967,1,6745,0,9,6755,T
1-PB2,968,0,6703,1,8,6712,T
1-PB2,969,1,1,0,6716,6718,C
1-PB2,970,6743,0,5,0,6748,A
1-PB2,971,0,0,6848,0,6848,G
1-PB2,972,0,1,0,6777,6778,C
1-PB2,973,1,6652,0,4,6657,T
1-PB2,974,0,6689,0,1,6690,T
1-PB2,975,0,6684,1,2,6687,T
1-PB2,976,3,0,6751,0,6754,G
1-PB2,977,1,1,6627,1,6630,G
1-PB2,978,0,6468,1,3,6472,T
1-PB2,979,0,6,6774,0,6780,G
1-PB2,980,0,0,6715,0,6715,G
1-PB2,981,1,2,6827,0,6830,G
1-PB2,982,0,6668,0,1,6669,T
1-PB2,983,1,6724,0,3,6728,T
1-PB2,984,0,6767,1,1,6769,T
1-PB2,985,6799,1,1,1,6802,A
1-PB2,986,1,0,0,6841,6842,C
1-PB2,987,6852,0,0,2,6854,A
1-PB2,988,1,6828,1,1,6831,T
1-PB2,989,1,6695,0,2,6698,T
1-PB2,990,1,6702,0,1,6704,T
1-PB2,991,6714,0,1,0,6715,A
1-PB2,992,6699,0,3,1,6703,A
1-PB2,993,6716,1,1,0,6718,A
1-PB2,994,6684,0,4,1,6689,A
1-PB2,995,0,3,6707,0,6710,G
1-PB2,996,6682,1,2,0,6685,A
1-PB2,997,6661,1,4,0,6666,A
1-PB2,998,0,1,0,6688,6689,C
1-PB2,999,6691,0,5,1,6697,A
1-PB2,1000,6673,0,1,0,6674,A
1-PB2,1001,0,0,6646,0,6646,G
1-PB2,1002,1,5,0,6678,6684,C
1-PB2,1003,3,4,6672,0,6679,G
1-PB2,1004,3,1,6644,0,6648,G
1-PB2,1005,4,0,6624,0,6628,G
1-PB2,1006,0,6583,0,9,6592,T
1-PB2,1007,4,0,0,6623,6627,C
1-PB2,1008,6690,1,4,0,6695,A
1-PB2,1009,0,6562,1,1,6564,T
1-PB2,1010,1,2,0,6696,6699,C
1-PB2,1011,6660,0,3,0,6663,A
1-PB2,1012,2,0,6736,0,6738,G
1-PB2,1013,0,6572,1,2,6575,T
1-PB2,1014,1,1,0,6622,6624,C
1-PB2,1015,6663,0,3,0,6666,A
1-PB2,1016,6672,0,1,1,6674,A
1-PB2,1017,6678,0,1,0,6679,A
1-PB2,1018,6682,0,0,0,6682,A
1-PB2,1019,6711,0,1,0,6712,A
1-PB2,1020,6727,0,7,0,6734,A
1-PB2,1021,1,1,6725,0,6727,G
1-PB2,1022,6670,1,3,0,6674,A
1-PB2,1023,6685,0,7,1,6693,A
1-PB2,1024,0,1,6699,0,6700,G
1-PB2,1025,6657,2,3,0,6662,A
1-PB2,1026,6502,0,9,0,6511,A
1-PB2,1027,0,2,6509,0,6511,G
1-PB2,1028,6471,0,5,0,6476,A
1-PB2,1029,3,2,6480,1,6486,G
1-PB2,1030,33,1,6550,0,6584,G
1-PB2,1031,0,6534,0,1,6535,T
1-PB2,1032,1,1,6722,0,6724,G
1-PB2,1033,0,2,0,6725,6727,C
1-PB2,1034,15,6757,1,5,6778,T
1-PB2,1035,0,6835,0,0,6835,T
1-PB2,1036,6834,2,0,0,6836,A
1-PB2,1037,0,0,0,6824,6824,C
1-PB2,1038,6779,0,2,0,6781,A
1-PB2,1039,0,0,6751,0,6751,G
1-PB2,1040,5,0,6678,0,6683,G
1-PB2,1041,0,1,0,6522,6523,C
1-PB2,1042,6544,0,0,0,6544,A
1-PB2,1043,6527,0,3,2,6532,A
1-PB2,1044,0,6652,0,1,6653,T
1-PB2,1045,1,0,0,6720,6721,C
1-PB2,1046,0,6667,1,7,6675,T
1-PB2,1047,2,0,0,6679,6681,C
1-PB2,1048,1,0,0,6706,6707,C
1-PB2,1049,6765,0,3,1,6769,A
1-PB2,1050,6755,0,2,0,6757,A
1-PB2,1051,6754,0,3,1,6758,A
1-PB2,1052,0,0,0,6807,6807,C
1-PB2,1053,6649,0,0,0,6649,A
1-PB2,1054,1,6490,2,1,6494,T
1-PB2,1055,1,6367,1,0,6369,T
1-PB2,1056,3,1,6397,0,6401,G
1-PB2,1057,6368,0,5,0,6373,A
1-PB2,1058,2,0,6303,0,6305,G
1-PB2,1059,6605,0,0,0,6605,A
1-PB2,1060,6614,0,1,0,6615,A
1-PB2,1061,0,6605,1,0,6606,T
1-PB2,1062,6673,0,2,0,6675,A
1-PB2,1063,6665,1,13,0,6679,A
1-PB2,1064,0,2,6827,0,6829,G
1-PB2,1065,6707,0,7,0,6714,A
1-PB2,1066,0,0,6918,0,6918,G
1-PB2,1067,0,6678,0,3,6681,T
1-PB2,1068,6776,2,3,0,6781,A
1-PB2,1069,0,0,0,6892,6892,C
1-PB2,1070,6870,2,1,0,6873,A
1-PB2,1071,0,6793,1,3,6797,T
1-PB2,1072,1,0,6849,0,6850,G
1-PB2,1073,6556,1,9,2,6568,A
1-PB2,1074,0,3,6641,1,6645,G
1-PB2,1075,1,6,6623,0,6630,G
1-PB2,1076,1,0,6998,0,6999,G
1-PB2,1077,1,0,7018,0,7019,G
1-PB2,1078,0,6777,0,3,6780,T
1-PB2,1079,6954,0,5,0,6959,A
1-PB2,1080,1,6901,0,1,6903,T
1-PB2,1081,2,2,6987,0,6991,G
1-PB2,1082,6957,2,3,0,6962,A
1-PB2,1083,1,2,6890,0,6893,G
1-PB2,1084,1,2,6821,0,6824,G
1-PB2,1085,6408,0,2,0,6410,A
1-PB2,1086,2,0,6583,0,6585,G
1-PB2,1087,0,6588,0,9,6597,T
1-PB2,1088,1,6770,1,2,6774,T
1-PB2,1089,2,1,0,6826,6829,C
1-PB2,1090,6832,3,2,0,6837,A
1-PB2,1091,1,0,0,6861,6862,C
1-PB2,1092,6859,1,0,0,6860,A
1-PB2,1093,6838,0,0,0,6838,A
1-PB2,1094,0,6827,0,2,6829,T
1-PB2,1095,2,2,6713,0,6717,G
1-PB2,1096,2,0,6782,0,6784,G
1-PB2,1097,0,6526,0,1,6527,T
1-PB2,1098,2,1,6652,0,6655,G
1-PB2,1099,1,8,6599,0,6608,G
1-PB2,1100,2,1,6635,0,6638,G
1-PB2,1101,0,1,6696,0,6697,G
1-PB2,1102,6676,0,1,0,6677,A
1-PB2,1103,6693,0,3,0,6696,A
1-PB2,1104,6654,0,0,0,6654,A
1-PB2,1105,6510,0,6,0,6516,A
1-PB2,1106,1,2,6615,0,6618,G
1-PB2,1107,6545,1,8,0,6554,A
1-PB2,1108,0,0,6569,0,6569,G
1-PB2,1109,1,0,0,6536,6537,C
1-PB2,1110,6561,0,1,1,6563,A
1-PB2,1111,6577,0,5,0,6582,A
1-PB2,1112,2,0,0,6747,6749,C
1-PB2,1113,6775,0,3,0,6778,A
1-PB2,1114,1,0,6885,0,6886,G
1-PB2,1115,0,0,0,6795,6795,C
1-PB2,1116,0,6805,1,1,6807,T
1-PB2,1117,7039,0,1,0,7040,A
1-PB2,1118,2,6998,2,0,7002,T
1-PB2,1119,7022,0,4,0,7026,A
1-PB2,1120,1,2,0,7043,7046,C
1-PB2,1121,0,6696,2,3,6701,T
1-PB2,1122,6774,0,1,0,6775,A
1-PB2,1123,6632,1,2,0,6635,A
1-PB2,1124,0,2,6637,0,6639,G
1-PB2,1125,6597,0,0,0,6597,A
1-PB2,1126,6440,0,1,0,6441,A
1-PB2,1127,6427,0,2,0,6429,A
1-PB2,1128,6336,1,7,0,6344,A
1-PB2,1129,1,0,6364,0,6365,G
1-PB2,1130,0,1,0,6310,6311,C
1-PB2,1131,6374,0,2,0,6376,A
1-PB2,1132,6352,2,5,1,6360,A
1-PB2,1133,0,2,1,6337,6340,C
1-PB2,1134,2,3,0,6363,6368,C
1-PB2,1135,6417,1,0,0,6418,A
1-PB2,1136,0,0,6438,0,6438,G
1-PB2,1137,6413,0,4,0,6417,A
1-PB2,1138,6409,0,2,0,6411,A
1-PB2,1139,1,1,6428,0,6430,G
1-PB2,1140,6378,0,2,1,6381,A
1-PB2,1141,0,6292,0,0,6292,T
1-PB2,1142,0,6294,0,1,6295,T
1-PB2,1143,0,2,6358,0,6360,G
1-PB2,1144,0,0,6481,0,6481,G
1-PB2,1145,1,6335,0,19,6355,T
1-PB2,1146,1,6316,0,4,6321,T
1-PB2,1147,6,1,0,6414,6421,C
1-PB2,1148,6396,0,0,0,6396,A
1-PB2,1149,6388,1,3,0,6392,A
1-PB2,1150,2,1,0,6882,6885,C
1-PB2,1151,0,6873,0,3,6876,T
1-PB2,1152,2,0,0,6919,6921,C
1-PB2,1153,6871,0,4,0,6875,A
1-PB2,1154,1,6895,2,2,6900,T
1-PB2,1155,6884,0,7,0,6891,A
1-PB2,1156,0,0,6924,0,6924,G
1-PB2,1157,0,6551,0,16,6567,T
1-PB2,1158,2,1,6714,0,6717,G
1-PB2,1159,6378,0,3,0,6381,A
1-PB2,1160,1,0,6514,1,6516,G
1-PB2,1161,1,6418,0,5,6424,T
1-PB2,1162,0,2,6441,0,6443,G
1-PB2,1163,1,0,6489,1,6491,G
1-PB2,1164,6520,0,0,0,6520,A
1-PB2,1165,6492,0,9,0,6501,A
1-PB2,1166,0,4,6504,0,6508,G
1-PB2,1167,6420,0,3,0,6423,A
1-PB2,1168,0,1,6445,0,6446,G
1-PB2,1169,6379,0,7,0,6386,A
1-PB2,1170,0,1,0,6355,6356,C
1-PB2,1171,6,2,6405,0,6413,G
1-PB2,1172,6319,0,2,0,6321,A
1-PB2,1173,6356,1,3,0,6360,A
1-PB2,1174,1,0,0,6338,6339,C
1-PB2,1175,6322,2,1,0,6325,A
1-PB2,1176,1,2,6671,0,6674,G
1-PB2,1177,0,6522,0,5,6527,T
1-PB2,1178,1,0,0,6568,6569,C
1-PB2,1179,6679,0,1,0,6680,A
1-PB2,1180,6609,0,8,0,6617,A
1-PB2,1181,0,6574,0,1,6575,T
1-PB2,1182,6592,0,19,0,6611,A
1-PB2,1183,2,2,6578,0,6582,G
1-PB2,1184,0,0,0,6489,6489,C
1-PB2,1185,0,1,0,6356,6357,C
1-PB2,1186,2,0,6322,0,6324,G
1-PB2,1187,6333,1,0,0,6334,A
1-PB2,1188,6315,0,8,0,6323,A
1-PB2,1189,1,0,6366,0,6367,G
1-PB2,1190,0,1,0,6504,6505,C
1-PB2,1191,6585,1,0,0,6586,A
1-PB2,1192,6517,1,3,0,6521,A
1-PB2,1193,0,6478,0,64,6542,T
1-PB2,1194,6592,0,0,1,6593,A
1-PB2,1195,6639,1,0,0,6640,A
1-PB2,1196,0,6622,0,1,6623,T
1-PB2,1197,2,1,0,6634,6637,C
1-PB2,1198,40,0,6529,0,6569,G
1-PB2,1199,1,6357,0,7,6365,T
1-PB2,1200,1,3,6380,0,6384,G
1-PB2,1201,1,0,6431,0,6432,G
1-PB2,1202,2,0,1,6365,6368,C
1-PB2,1203,2,1,0,6427,6430,C
1-PB2,1204,6341,1,3,0,6345,A
1-PB2,1205,0,6365,2,4,6371,T
1-PB2,1206,1,3,6434,0,6438,G
1-PB2,1207,2,0,6516,0,6518,G
1-PB2,1208,1,6201,1,7,6210,T
1-PB2,1209,2,1,6453,0,6456,G
1-PB2,1210,1,6153,0,2,6156,T
1-PB2,1211,0,6181,1,5,6187,T
1-PB2,1212,0,6249,0,1,6250,T
1-PB2,1213,0,6237,1,1,6239,T
1-PB2,1214,1,2,0,6309,6312,C
1-PB2,1215,6332,0,4,0,6336,A
1-PB2,1216,1,1,0,6410,6412,C
1-PB2,1217,6350,0,1,0,6351,A
1-PB2,1218,6308,0,4,0,6312,A
1-PB2,1219,0,1,6342,0,6343,G
1-PB2,1220,6269,0,1,0,6270,A
1-PB2,1221,6177,0,62,0,6239,A
1-PB2,1222,0,1,6323,0,6324,G
1-PB2,1223,6317,1,0,0,6318,A
1-PB2,1224,1,6280,0,2,6283,T
1-PB2,1225,0,6239,0,1,6240,T
1-PB2,1226,2,2,6272,0,6276,G
1-PB2,1227,1,2,0,6189,6192,C
1-PB2,1228,6239,0,1,0,6240,A
1-PB2,1229,1,6280,0,2,6283,T
1-PB2,1230,0,0,6441,1,6442,G
1-PB2,1231,6463,1,4,0,6468,A
1-PB2,1232,1,6506,1,0,6508,T
1-PB2,1233,6507,0,1,0,6508,A
1-PB2,1234,6490,0,0,0,6490,A
1-PB2,1235,6496,0,0,0,6496,A
1-PB2,1236,6501,0,3,1,6505,A
1-PB2,1237,1,0,6482,0,6483,G
1-PB2,1238,0,1,0,6567,6568,C
1-PB2,1239,6613,0,3,0,6616,A
1-PB2,1240,0,1,6825,0,6826,G
1-PB2,1241,0,6807,0,2,6809,T
1-PB2,1242,0,6811,0,1,6812,T
1-PB2,1243,6841,2,1,0,6844,A
1-PB2,1244,0,0,6861,0,6861,G
1-PB2,1245,6795,0,7,0,6802,A
1-PB2,1246,1,0,6813,0,6814,G
1-PB2,1247,0,0,6755,0,6755,G
1-PB2,1248,0,6290,0,7,6297,T
1-PB2,1249,0,2,6415,0,6417,G
1-PB2,1250,6455,1,6,0,6462,A
1-PB2,1251,0,3,1,6470,6474,C
1-PB2,1252,1,0,0,6553,6554,C
1-PB2,1253,2,6512,0,11,6525,T
1-PB2,1254,0,2,6540,0,6542,G
1-PB2,1255,6495,0,2,0,6497,A
1-PB2,1256,6522,0,1,0,6523,A
1-PB2,1257,0,6510,0,1,6511,T
1-PB2,1258,0,6595,1,1,6597,T
1-PB2,1259,0,6596,0,0,6596,T
1-PB2,1260,0,2,0,6584,6586,C
1-PB2,1261,1,1,6601,0,6603,G
1-PB2,1262,0,6534,0,13,6547,T
1-PB2,1263,3,1,0,6551,6555,C
1-PB2,1264,6609,0,1,0,6610,A
1-PB2,1265,6582,0,3,0,6585,A
1-PB2,1266,1,0,0,6595,6596,C
1-PB2,1267,6529,0,1,0,6530,A
1-PB2,1268,0,1,6596,0,6597,G
1-PB2,1269,6511,0,5,0,6516,A
1-PB2,1270,1,1,6541,1,6544,G
1-PB2,1271,1,0,0,6515,6516,C
1-PB2,1272,6572,0,2,0,6574,A
1-PB2,1273,6637,0,2,0,6639,A
1-PB2,1274,6620,0,2,1,6623,A
1-PB2,1275,0,6481,2,0,6483,T
1-PB2,1276,2,0,0,6587,6589,C
1-PB2,1277,6576,0,2,0,6578,A
1-PB2,1278,0,2,6506,0,6508,G
1-PB2,1279,0,1,0,6525,6526,C
1-PB2,1280,2,0,6573,0,6575,G
1-PB2,1281,1,0,6912,1,6914,G
1-PB2,1282,0,6803,0,7,6810,T
1-PB2,1283,2,6843,3,24,6872,T
1-PB2,1284,0,0,6865,0,6865,G
1-PB2,1285,6882,0,4,0,6886,A
1-PB2,1286,6920,0,3,0,6923,A
1-PB2,1287,0,0,0,6869,6869,C
1-PB2,1288,2,2,0,6826,6830,C
1-PB2,1289,3,2,0,6897,6902,C
1-PB2,1290,5,1,0,6691,6697,C
1-PB2,1291,6735,1,4,1,6741,A
1-PB2,1292,0,6716,0,5,6721,T
1-PB2,1293,1,1,6734,0,6736,G
1-PB2,1294,0,0,0,6743,6743,C
1-PB2,1295,6738,0,1,0,6739,A
1-PB2,1296,1,6625,1,3,6630,T
1-PB2,1297,1,0,0,6653,6654,C
1-PB2,1298,6664,0,3,0,6667,A
1-PB2,1299,0,0,6689,0,6689,G
1-PB2,1300,0,0,0,6663,6663,C
1-PB2,1301,1,6669,0,36,6706,T
1-PB2,1302,0,6726,0,0,6726,T
1-PB2,1303,0,6687,0,0,6687,T
1-PB2,1304,0,6674,0,0,6674,T
1-PB2,1305,6728,0,1,0,6729,A
1-PB2,1306,6720,1,5,1,6727,A
1-PB2,1307,2,0,6717,0,6719,G
1-PB2,1308,2,0,6615,0,6617,G
1-PB2,1309,0,1,0,6576,6577,C
1-PB2,1310,6595,0,0,0,6595,A
1-PB2,1311,0,6592,0,1,6593,T
1-PB2,1312,0,6576,0,13,6589,T
1-PB2,1313,1,6594,0,1,6596,T
1-PB2,1314,0,6631,0,0,6631,T
1-PB2,1315,2,0,0,6677,6679,C
1-PB2,1316,6681,0,4,0,6685,A
1-PB2,1317,0,2,6675,0,6677,G
1-PB2,1318,6654,1,3,0,6658,A
1-PB2,1319,6657,0,1,0,6658,A
1-PB2,1320,6639,0,3,1,6643,A
1-PB2,1321,0,1,6642,0,6643,G
1-PB2,1322,6653,0,1,0,6654,A
1-PB2,1323,0,6599,1,2,6602,T
1-PB2,1324,3,2,6629,0,6634,G
1-PB2,1325,0,0,2,6587,6589,C
1-PB2,1326,3,3,6649,0,6655,G
1-PB2,1327,6564,1,1,0,6566,A
1-PB2,1328,6615,1,1,0,6617,A
1-PB2,1329,6642,0,1,0,6643,A
1-PB2,1330,1,1,6674,0,6676,G
1-PB2,1331,0,6514,0,10,6524,T
1-PB2,1332,1,0,6567,0,6568,G
1-PB2,1333,1,2,0,6410,6413,C
1-PB2,1334,0,6526,0,9,6535,T
1-PB2,1335,1,6515,0,0,6516,T
1-PB2,1336,0,6559,0,2,6561,T
1-PB2,1337,0,6601,0,3,6604,T
1-PB2,1338,0,6498,0,2,6500,T
1-PB2,1339,0,1,0,6572,6573,C
1-PB2,1340,6599,0,1,1,6601,A
1-PB2,1341,6599,1,0,0,6600,A
1-PB2,1342,6549,1,4,1,6555,A
1-PB2,1343,6592,0,0,0,6592,A
1-PB2,1344,0,6564,0,0,6564,T
1-PB2,1345,0,6607,0,1,6608,T
1-PB2,1346,1,5,6620,0,6626,G
1-PB2,1347,1,3,6573,0,6577,G
1-PB2,1348,1,1,6585,1,6588,G
1-PB2,1349,1,1,6694,0,6696,G
1-PB2,1350,6685,0,4,0,6689,A
1-PB2,1351,2,1,6800,0,6803,G
1-PB2,1352,0,6767,1,8,6776,T
1-PB2,1353,0,6740,0,2,6742,T
1-PB2,1354,0,0,6807,0,6807,G
1-PB2,1355,6780,1,5,0,6786,A
1-PB2,1356,6759,0,16,0,6775,A
1-PB2,1357,0,1,0,6907,6908,C
1-PB2,1358,6731,3,16,0,6750,A
1-PB2,1359,1,0,0,6933,6934,C
1-PB2,1360,6768,0,1,0,6769,A
1-PB2,1361,1,6713,0,3,6717,T
1-PB2,1362,1,1,1,6851,6854,C
1-PB2,1363,2,1,6842,0,6845,G
1-PB2,1364,6836,0,2,0,6838,A
1-PB2,1365,2,0,0,6806,6808,C
1-PB2,1366,6607,0,2,0,6609,A
1-PB2,1367,1,0,6820,0,6821,G
1-PB2,1368,0,6589,0,5,6594,T
1-PB2,1369,0,0,6744,0,6744,G
1-PB2,1370,2,6683,0,4,6689,T
1-PB2,1371,0,1,6719,0,6720,G
1-PB2,1372,6709,0,6,0,6715,A
1-PB2,1373,0,6635,0,1,6636,T
1-PB2,1374,1,0,6675,0,6676,G
1-PB2,1375,0,2,6670,0,6672,G
1-PB2,1376,2,2,6561,1,6566,G
1-PB2,1377,6479,0,4,0,6483,A
1-PB2,1378,6409,0,0,0,6409,A
1-PB2,1379,0,6413,0,0,6413,T
1-PB2,1380,1,3,6443,0,6447,G
1-PB2,1381,6455,2,3,0,6460,A
1-PB2,1382,0,6431,0,0,6431,T
1-PB2,1383,2,6383,0,3,6388,T
1-PB2,1384,2,0,6412,0,6414,G
1-PB2,1385,1,0,6529,0,6530,G
1-PB2,1386,6410,0,4,0,6414,A
1-PB2,1387,2,0,6480,0,6482,G
1-PB2,1388,1,6349,0,2,6352,T
1-PB2,1389,6357,0,0,0,6357,A
1-PB2,1390,1,6332,2,2,6337,T
1-PB2,1391,0,6398,0,3,6401,T
1-PB2,1392,6440,1,4,0,6445,A
1-PB2,1393,0,0,0,6423,6423,C
1-PB2,1394,5,0,0,6353,6358,C
1-PB2,1395,6316,2,3,0,6321,A
1-PB2,1396,1,0,6344,0,6345,G
1-PB2,1397,6454,0,3,0,6457,A
1-PB2,1398,1,6377,0,4,6382,T
1-PB2,1399,6338,0,0,0,6338,A
1-PB2,1400,2,6214,0,2,6218,T
1-PB2,1401,2,2,6196,0,6200,G
1-PB2,1402,6168,0,5,0,6173,A
1-PB2,1403,0,3,1,6093,6097,C
1-PB2,1404,1,6033,1,16,6051,T
1-PB2,1405,3,0,0,5954,5957,C
1-PB2,1406,1,1,0,6016,6018,C
1-PB2,1407,6065,0,4,2,6071,A
1-PB2,1408,6132,1,3,1,6137,A
1-PB2,1409,1,3,6337,1,6342,G
1-PB2,1410,1,0,0,6251,6252,C
1-PB2,1411,6209,0,1,0,6210,A
1-PB2,1412,0,1,0,6249,6250,C
1-PB2,1413,6218,0,10,0,6228,A
1-PB2,1414,1,1,6253,0,6255,G
1-PB2,1415,6217,0,4,0,6221,A
1-PB2,1416,0,0,6263,0,6263,G
1-PB2,1417,6235,0,3,0,6238,A
1-PB2,1418,0,6009,0,1,6010,T
1-PB2,1419,0,0,6139,0,6139,G
1-PB2,1420,1,6053,1,8,6063,T
1-PB2,1421,1,1,0,6085,6087,C
1-PB2,1422,6116,0,4,0,6120,A
1-PB2,1423,6103,0,0,0,6103,A
1-PB2,1424,0,6074,1,1,6076,T
1-PB2,1425,2,2,6087,0,6091,G
1-PB2,1426,6017,0,4,0,6021,A
1-PB2,1427,0,0,6038,0,6038,G
1-PB2,1428,5922,0,6,0,5928,A
1-PB2,1429,1,3,5929,0,5933,G
1-PB2,1430,0,0,6134,0,6134,G
1-PB2,1431,6145,1,1,0,6147,A
1-PB2,1432,6107,0,3,1,6111,A
1-PB2,1433,0,6099,1,1,6101,T
1-PB2,1434,6077,1,0,1,6079,A
1-PB2,1435,6097,0,3,0,6100,A
1-PB2,1436,0,0,6109,0,6109,G
1-PB2,1437,6016,0,9,0,6025,A
1-PB2,1438,0,0,6068,0,6068,G
1-PB2,1439,0,5644,1,3,5648,T
1-PB2,1440,2,0,0,5638,5640,C
1-PB2,1441,5681,0,3,0,5684,A
1-PB2,1442,2,1,5691,0,5694,G
1-PB2,1443,1,2,0,5696,5699,C
1-PB2,1444,5739,0,1,1,5741,A
1-PB2,1445,5757,0,1,0,5758,A
1-PB2,1446,5673,0,78,0,5751,A
1-PB2,1447,5745,0,4,0,5749,A
1-PB2,1448,0,5703,1,0,5704,T
1-PB2,1449,1,1,5761,0,5763,G
1-PB2,1450,0,0,5729,0,5729,G
1-PB2,1451,0,0,5764,0,5764,G
1-PB2,1452,1,5670,1,2,5674,T
1-PB2,1453,1,0,5707,0,5708,G
1-PB2,1454,0,5651,1,6,5658,T
1-PB2,1455,0,1,5666,0,5667,G
1-PB2,1456,1,0,5720,0,5721,G
1-PB2,1457,5715,0,2,0,5717,A
1-PB2,1458,0,5666,2,1,5669,T
1-PB2,1459,2,1,5685,0,5688,G
1-PB2,1460,5664,0,1,0,5665,A
1-PB2,1461,5697,0,1,0,5698,A
1-PB2,1462,0,5669,0,0,5669,T
1-PB2,1463,5555,0,1,0,5556,A
1-PB2,1464,1,0,0,5858,5859,C
1-PB2,1465,1,5658,0,6,5665,T
1-PB2,1466,2,6,0,5705,5713,C
1-PB2,1467,0,2,0,5792,5794,C
1-PB2,1468,5756,1,3,0,5760,A
1-PB2,1469,2,0,5956,0,5958,G
1-PB2,1470,1,5900,0,0,5901,T
1-PB2,1471,5902,1,1,0,5904,A
1-PB2,1472,1,1,0,5949,5951,C
1-PB2,1473,5362,0,2,0,5364,A
1-PB2,1474,1,1,5383,0,5385,G
1-PB2,1475,5263,0,7,0,5270,A
1-PB2,1476,21,1,5258,0,5280,G
1-PB2,1477,5094,0,1,0,5095,A
1-PB2,1478,1,2,4880,0,4883,G
1-PB2,1479,1,1,4869,0,4871,G
1-PB2,1480,1,0,4858,0,4859,G
1-PB2,1481,0,4699,0,1,4700,T
1-PB2,1482,0,1,4740,0,4741,G
1-PB2,1483,0,0,4771,0,4771,G
1-PB2,1484,0,4682,1,0,4683,T
1-PB2,1485,1,4,4815,0,4820,G
1-PB2,1486,56,0,4743,0,4799,G
1-PB2,1487,0,4693,0,2,4695,T
1-PB2,1488,0,4702,0,2,4704,T
1-PB2,1489,4618,0,5,0,4623,A
1-PB2,1490,0,0,4614,0,4614,G
1-PB2,1491,0,1,0,4600,4601,C
1-PB2,1492,4588,0,0,0,4588,A
1-PB2,1493,0,4569,0,1,4570,T
1-PB2,1494,0,4290,0,0,4290,T
1-PB2,1495,0,0,4272,1,4273,G
1-PB2,1496,4245,0,1,0,4246,A
1-PB2,1497,0,4237,0,1,4238,T
1-PB2,1498,2,2,1,4267,4272,C
1-PB2,1499,1,1,4243,0,4245,G
1-PB2,1500,0,0,4302,0,4302,G
1-PB2,1501,1,4255,0,1,4257,T
1-PB2,1502,0,4264,0,0,4264,T
1-PB2,1503,0,4269,0,1,4270,T
1-PB2,1504,0,4257,2,0,4259,T
1-PB2,1505,0,4286,0,2,4288,T
1-PB2,1506,0,1,4302,0,4303,G
1-PB2,1507,4284,0,6,0,4290,A
1-PB2,1508,0,3,4304,0,4307,G
1-PB2,1509,4115,0,2,0,4117,A
1-PB2,1510,0,0,4152,0,4152,G
1-PB2,1511,0,4137,0,3,4140,T
1-PB2,1512,0,4087,0,1,4088,T
1-PB2,1513,1,2,0,4098,4101,C
1-PB2,1514,0,0,4154,0,4154,G
1-PB2,1515,4148,1,4,0,4153,A
1-PB2,1516,0,1,4142,0,4143,G
1-PB2,1517,4123,1,3,0,4127,A
1-PB2,1518,0,0,0,4098,4098,C
1-PB2,1519,0,0,0,4072,4072,C
1-PB2,1520,4033,0,3,0,4036,A
1-PB2,1521,4063,0,3,0,4066,A
1-PB2,1522,0,0,0,4100,4100,C
1-PB2,1523,0,0,4098,0,4098,G
1-PB2,1524,0,4052,0,1,4053,T
1-PB2,1525,1,0,4066,0,4067,G
1-PB2,1526,0,0,4071,0,4071,G
1-PB2,1527,0,0,4076,0,4076,G
1-PB2,1528,4028,0,5,0,4033,A
1-PB2,1529,4009,0,1,0,4010,A
1-PB2,1530,0,3833,0,1,3834,T
1-PB2,1531,0,1,3901,0,3902,G
1-PB2,1532,0,3872,0,1,3873,T
1-PB2,1533,3869,1,1,0,3871,A
1-PB2,1534,0,3852,0,0,3852,T
1-PB2,1535,0,3790,1,1,3792,T
1-PB2,1536,3831,0,0,0,3831,A
1-PB2,1537,1,3786,0,3,3790,T
1-PB2,1538,0,3732,0,1,3733,T
1-PB2,1539,3722,1,2,0,3725,A
1-PB2,1540,0,3238,0,5,3243,T
1-PB2,1541,0,0,0,3343,3343,C
1-PB2,1542,1,3244,0,8,3253,T
1-PB2,1543,1,0,0,3274,3275,C
1-PB2,1544,0,0,0,3290,3290,C
1-PB2,1545,0,3191,0,5,3196,T
1-PB2,1546,0,0,3204,0,3204,G
1-PB2,1547,3186,1,0,0,3187,A
1-PB2,1548,1,0,3182,0,3183,G
1-PB2,1549,0,0,3172,0,3172,G
1-PB2,1550,2732,0,4,0,2736,A
1-PB2,1551,0,1,2750,0,2751,G
1-PB2,1552,0,1,2703,0,2704,G
1-PB2,1553,0,2517,0,5,2522,T
1-PB2,1554,1,1,0,2546,2548,C
1-PB2,1555,2489,0,5,0,2494,A
1-PB2,1556,0,0,2525,0,2525,G
1-PB2,1557,0,2516,0,0,2516,T
1-PB2,1558,0,0,2515,0,2515,G
1-PB2,1559,2498,0,0,0,2498,A
1-PB2,1560,2368,0,0,0,2368,A
1-PB2,1561,2374,0,5,0,2379,A
1-PB2,1562,0,1,0,2368,2369,C
1-PB2,1563,2339,0,0,0,2339,A
1-PB2,1564,0,0,0,2345,2345,C
1-PB2,1565,2216,0,3,0,2219,A
1-PB2,1566,0,0,2238,0,2238,G
1-PB2,1567,0,0,2209,0,2209,G
1-PB2,1568,0,1,2205,0,2206,G
1-PB2,1569,2187,0,2,0,2189,A
1-PB2,1570,2155,0,1,0,2156,A
1-PB2,1571,1,0,0,2158,2159,C
1-PB2,1572,0,2113,0,4,2117,T
1-PB2,1573,1,0,2110,0,2111,G
1-PB2,1574,2097,0,0,0,2097,A
1-PB2,1575,0,0,2093,0,2093,G
1-PB2,1576,2034,0,4,0,2038,A
1-PB2,1577,0,1,1862,0,1863,G
1-PB2,1578,1845,0,3,0,1848,A
1-PB2,1579,0,1,0,1822,1823,C
1-PB2,1580,0,1726,1,2,1729,T
1-PB2,1581,0,0,1733,0,1733,G
1-PB2,1582,1710,1,3,0,1714,A
1-PB2,1583,1,0,0,1711,1712,C
1-PB2,1584,1703,0,0,0,1703,A
1-PB2,1585,1691,0,2,0,1693,A
1-PB2,1586,0,1679,0,0,1679,T
1-PB2,1587,1657,0,0,0,1657,A
1-PB2,1588,1654,1,0,0,1655,A
1-PB2,1589,0,0,0,1650,1650,C
1-PB2,1590,0,1491,0,1,1492,T
1-PB2,1591,0,1470,0,0,1470,T
1-PB2,1592,1432,0,0,0,1432,A
1-PB2,1593,1,1433,0,2,1436,T
1-PB2,1594,0,1416,0,1,1417,T
1-PB2,1595,0,0,0,1417,1417,C
1-PB2,1596,1276,0,0,0,1276,A
1-PB2,1597,0,1263,0,1,1264,T
1-PB2,1598,0,0,0,1195,1195,C
1-PB2,1599,0,0,1190,0,1190,G
1-PB2,1600,0,1197,0,0,1197,T
1-PB2,1601,1,0,0,1165,1166,C
1-PB2,1602,0,0,1171,0,1171,G
1-PB2,1603,1166,0,0,0,1166,A
1-PB2,1604,0,1153,0,1,1154,T
1-PB2,1605,0,0,1153,0,1153,G
1-PB2,1606,1141,0,1,0,1142,A
1-PB2,1607,0,1136,0,0,1136,T
1-PB2,1608,0,0,1115,0,1115,G
1-PB2,1609,0,1018,0,1,1019,T
1-PB2,1610,2,0,1012,0,1014,G
1-PB2,1611,0,0,1008,0,1008,G
1-PB2,1612,0,0,1004,0,1004,G
1-PB2,1613,955,0,0,0,955,A
1-PB2,1614,3,0,919,0,922,G
1-PB2,1615,759,0,1,0,760,A
1-PB2,1616,0,707,1,0,708,T
1-PB2,1617,1,639,0,0,640,T
1-PB2,1618,628,0,2,0,630,A
1-PB2,1619,611,0,0,1,612,A
1-PB2,1620,0,0,1,589,590,C
1-PB2,1621,0,0,447,0,447,G
1-PB2,1622,0,0,399,0,399,G
1-PB2,1623,0,193,0,0,193,T
1-PB2,1624,0,0,0,176,176,C
1-PB2,1625,0,0,0,169,169,C
1-PB2,1626,0,80,0,0,80,T
1-PB2,1627,0,0,83,0,83,G
1-PB2,1628,79,0,0,0,79,A
1-PB2,1629,0,0,77,0,77,G
1-PB2,1630,0,76,0,0,76,T
1-PB2,1631,0,0,0,75,75,C
1-PB2,1632,0,0,74,0,74,G
1-PB2,1633,0,0,76,0,76,G
1-PB2,1634,0,76,0,0,76,T
1-PB2,1635,0,76,0,0,76,T
1-PB2,1636,0,77,0,0,77,T
1-PB2,1637,0,76,0,0,76,T
1-PB2,1638,0,0,81,0,81,G
1-PB2,1639,0,0,79,0,79,G
1-PB2,1640,0,80,0,0,80,T
1-PB2,1641,0,0,0,81,81,C
1-PB2,1642,80,0,0,0,80,A
1-PB2,1643,83,0,0,0,83,A
1-PB2,1644,0,85,0,0,85,T
1-PB2,1645,84,0,0,0,84,A
1-PB2,1646,0,0,0,87,87,C
1-PB2,1647,0,0,0,85,85,C
1-PB2,1648,0,86,0,0,86,T
1-PB2,1649,87,0,0,0,87,A
1-PB2,1650,0,89,0,0,89,T
1-PB2,1651,0,0,0,87,87,C
1-PB2,1652,84,0,0,0,84,A
1-PB2,1653,86,0,0,0,86,A
1-PB2,1654,0,84,0,0,84,T
1-PB2,1655,0,0,81,0,81,G
1-PB2,1656,0,0,80,0,80,G
1-PB2,1657,80,0,0,0,80,A
1-PB2,1658,0,81,0,0,81,T
1-PB2,1659,0,0,0,81,81,C
1-PB2,1660,80,0,0,0,80,A
1-PB2,1661,0,80,0,0,80,T
1-PB2,1662,0,0,0,80,80,C
1-PB2,1663,80,0,0,0,80,A
1-PB2,1664,0,0,80,0,80,G
1-PB2,1665,80,0,0,0,80,A
1-PB2,1666,79,0,0,0,79,A
1-PB2,1667,79,0,0,0,79,A
1-PB2,1668,0,81,0,0,81,T
1-PB2,1669,0,80,0,0,80,T
1-PB2,1670,0,0,79,0,79,G
1-PB2,1671,0,0,80,0,80,G
1-PB2,1672,0,0,81,0,81,G
1-PB2,1673,83,0,0,0,83,A
1-PB2,1674,82,0,0,0,82,A
1-PB2,1675,0,0,80,0,80,G
1-PB2,1676,0,0,0,80,80,C
1-PB2,1677,0,81,0,0,81,T
1-PB2,1678,0,0,83,0,83,G
1-PB2,1679,0,81,0,0,81,T
1-PB2,1680,1,0,0,79,80,C
1-PB2,1681,83,0,0,0,83,A
1-PB2,1682,81,0,0,0,81,A
1-PB2,1683,82,0,0,0,82,A
1-PB2,1684,81,0,0,0,81,A
1-PB2,1685,0,81,0,0,81,T
1-PB2,1686,0,79,0,0,79,T
1-PB2,1687,0,0,0,81,81,C
1-PB2,1688,82,0,0,0,82,A
1-PB2,1689,81,0,0,0,81,A
1-PB2,1690,0,80,0,0,80,T
1-PB2,1691,0,0,84,0,84,G
1-PB2,1692,0,0,82,0,82,G
1-PB2,1693,0,83,0,0,83,T
1-PB2,1694,0,0,0,83,83,C
1-PB2,1695,0,82,0,0,82,T
1-PB2,1696,0,0,0,82,82,C
1-PB2,1697,84,0,0,0,84,A
1-PB2,1698,0,0,84,0,84,G
1-PB2,1699,83,0,0,0,83,A
1-PB2,1700,83,0,0,0,83,A
1-PB2,1701,0,82,0,0,82,T
1-PB2,1702,0,0,0,80,80,C
1-PB2,1703,0,0,0,80,80,C
1-PB2,1704,0,81,0,0,81,T
1-PB2,1705,0,0,78,0,78,G
1-PB2,1706,0,0,0,80,80,C
1-PB2,1707,82,0,0,0,82,A
1-PB2,1708,80,0,0,0,80,A
1-PB2,1709,0,80,0,0,80,T
1-PB2,1710,0,0,85,0,85,G
1-PB2,1711,0,86,0,0,86,T
1-PB2,1712,0,82,0,0,82,T
1-PB2,1713,0,0,81,0,81,G
1-PB2,1714,0,80,0,0,80,T
1-PB2,1715,81,0,0,0,81,A
1-PB2,1716,0,0,0,81,81,C
1-PB2,1717,78,0,0,0,78,A
1-PB2,1718,79,0,0,0,79,A
1-PB2,1719,0,0,0,79,79,C
1-PB2,1720,75,0,0,0,75,A
1-PB2,1721,73,0,0,0,73,A
1-PB2,1722,75,0,0,0,75,A
1-PB2,1723,75,0,0,0,75,A
1-PB2,1724,0,72,0,0,72,T
1-PB2,1725,0,0,74,0,74,G
1-PB2,1726,0,0,72,0,72,G
1-PB2,1727,73,0,0,0,73,A
1-PB2,1728,73,0,0,0,73,A
1-PB2,1729,0,72,0,0,72,T
1-PB2,1730,0,73,0,0,73,T
1-PB2,1731,0,73,0,0,73,T
1-PB2,1732,0,0,69,0,69,G
1-PB2,1733,71,0,0,0,71,A
1-PB2,1734,72,0,0,0,72,A
1-PB2,1735,0,0,0,73,73,C
1-PB2,1736,0,0,0,69,69,C
1-PB2,1737,71,0,0,0,71,A
1-PB2,1738,0,73,0,0,73,T
1-PB2,1739,0,70,0,0,70,T
1-PB2,1740,0,72,0,0,72,T
1-PB2,1741,0,0,0,73,73,C
1-PB2,1742,72,0,0,0,72,A
1-PB2,1743,71,0,0,0,71,A
1-PB2,1744,0,70,0,0,70,T
1-PB2,1745,0,0,0,73,73,C
1-PB2,1746,0,70,0,0,70,T
1-PB2,1747,0,69,0,0,69,T
1-PB2,1748,0,71,0,0,71,T
1-PB2,1749,71,0,0,0,71,A
1-PB2,1750,0,0,70,0,70,G
1-PB2,1751,0,69,0,0,69,T
1-PB2,1752,0,0,0,69,69,C
1-PB2,1753,0,0,0,69,69,C
1-PB2,1754,0,0,0,70,70,C
1-PB2,1755,0,0,0,71,71,C
1-PB2,1756,70,0,0,0,70,A
1-PB2,1757,70,0,0,0,70,A
1-PB2,1758,0,0,73,0,73,G
1-PB2,1759,0,0,70,0,70,G
1-PB2,1760,0,0,0,73,73,C
1-PB2,1761,0,0,0,73,73,C
1-PB2,1762,71,0,0,0,71,A
1-PB2,1763,0,72,0,0,72,T
1-PB2,1764,0,72,0,0,72,T
1-PB2,1765,74,0,0,0,74,A
1-PB2,1766,0,0,71,0,71,G
1-PB2,1767,70,0,0,0,70,A
1-PB2,1768,74,0,0,0,74,A
1-PB2,1769,0,0,73,0,73,G
1-PB2,1770,0,0,0,73,73,C
1-PB2,1771,0,0,0,75,75,C
1-PB2,1772,76,0,0,0,76,A
1-PB2,1773,75,0,0,0,75,A
1-PB2,1774,0,74,0,0,74,T
1-PB2,1775,77,0,0,0,77,A
1-PB2,1776,0,0,0,77,77,C
1-PB2,1777,70,0,0,0,70,A
1-PB2,1778,0,0,70,0,70,G
1-PB2,1779,0,65,0,0,65,T
1-PB2,1780,0,0,68,0,68,G
1-PB2,1781,0,0,66,0,66,G
1-PB2,1782,0,0,68,0,68,G
1-PB2,1783,0,68,0,0,68,T
1-PB2,1784,0,68,0,0,68,T
1-PB2,1785,0,67,0,0,67,T
1-PB2,1786,0,0,69,0,69,G
1-PB2,1787,0,69,0,0,69,T
1-PB2,1788,0,0,0,69,69,C
1-PB2,1789,66,0,0,0,66,A
1-PB2,1790,0,1,65,0,66,G
1-PB2,1791,67,0,0,0,67,A
1-PB2,1792,68,0,0,0,68,A
1-PB2,1793,0,0,0,68,68,C
1-PB2,1794,0,67,0,0,67,T
1-PB2,1795,0,0,0,68,68,C
1-PB2,1796,0,70,0,0,70,T
1-PB2,1797,69,0,0,0,69,A
1-PB2,1798,0,70,0,0,70,T
1-PB2,1799,0,69,0,0,69,T
1-PB2,1800,0,0,0,69,69,C
1-PB2,1801,0,0,0,67,67,C
1-PB2,1802,68,0,0,0,68,A
1-PB2,1803,67,0,0,0,67,A
1-PB2,1804,0,0,0,66,66,C
1-PB2,1805,66,0,0,0,66,A
1-PB2,1806,67,0,0,0,67,A
1-PB2,1807,67,0,0,0,67,A
1-PB2,1808,0,67,0,0,67,T
1-PB2,1809,0,1,65,0,66,G
1-PB2,1810,67,0,0,0,67,A
1-PB2,1811,0,0,69,0,69,G
1-PB2,1812,67,0,0,0,67,A
1-PB2,1813,0,0,69,0,69,G
1-PB2,1814,70,0,0,0,70,A
1-PB2,1815,0,0,0,69,69,C
1-PB2,1816,0,0,70,0,70,G
1-PB2,1817,0,70,0,0,70,T
1-PB2,1818,76,0,0,0,76,A
1-PB2,1819,0,0,0,78,78,C
1-PB2,1820,0,77,0,0,77,T
1-PB2,1821,0,77,0,0,77,T
1-PB2,1822,0,0,75,0,75,G
1-PB2,1823,0,0,76,0,76,G
1-PB2,1824,0,0,77,0,77,G
1-PB2,1825,75,0,0,0,75,A
1-PB2,1826,0,0,0,77,77,C
1-PB2,1827,77,0,0,0,77,A
1-PB2,1828,0,79,0,0,79,T
1-PB2,1829,0,80,0,0,80,T
1-PB2,1830,0,78,0,1,79,T
1-PB2,1831,0,0,78,0,78,G
1-PB2,1832,81,0,0,0,81,A
1-PB2,1833,0,0,0,83,83,C
1-PB2,1834,80,0,0,0,80,A
1-PB2,1835,0,0,0,81,81,C
1-PB2,1836,0,0,0,77,77,C
1-PB2,1837,76,0,0,0,76,A
1-PB2,1838,0,0,0,77,77,C
1-PB2,1839,0,0,0,81,81,C
1-PB2,1840,0,0,0,79,79,C
1-PB2,1841,78,0,0,0,78,A
1-PB2,1842,0,0,78,0,78,G
1-PB2,1843,78,0,0,0,78,A
1-PB2,1844,0,81,0,0,81,T
1-PB2,1845,84,0,0,0,84,A
1-PB2,1846,83,0,0,0,83,A
1-PB2,1847,0,82,0,0,82,T
1-PB2,1848,84,0,0,0,84,A
1-PB2,1849,82,0,0,0,82,A
1-PB2,1850,84,0,0,0,84,A
1-PB2,1851,0,0,85,0,85,G
1-PB2,1852,0,0,0,83,83,C
1-PB2,1853,0,81,0,0,81,T
1-PB2,1854,0,80,0,0,80,T
1-PB2,1855,0,0,0,79,79,C
1-PB2,1856,0,78,0,0,78,T
1-PB2,1857,0,0,0,80,80,C
1-PB2,1858,0,0,0,81,81,C
1-PB2,1859,0,0,0,80,80,C
1-PB2,1860,0,0,0,78,78,C
1-PB2,1861,0,82,0,0,82,T
1-PB2,1862,0,84,0,0,84,T
1-PB2,1863,0,84,0,0,84,T
1-PB2,1864,0,0,83,0,83,G
1-PB2,1865,0,0,0,83,83,C
1-PB2,1866,79,0,0,0,79,A
1-PB2,1867,0,0,82,0,82,G
1-PB2,1868,0,0,0,83,83,C
1-PB2,1869,0,81,0,0,81,T
1-PB2,1870,0,0,82,0,82,G
1-PB2,1871,0,0,0,80,80,C
1-PB2,1872,0,78,0,0,78,T
1-PB2,1873,0,0,0,79,79,C
1-PB2,1874,0,0,0,80,80,C
1-PB2,1875,82,0,0,0,82,A
1-PB2,1876,0,0,0,83,83,C
1-PB2,1877,0,0,0,82,82,C
1-PB2,1878,82,0,0,0,82,A
1-PB2,1879,83,0,0,0,83,A
1-PB2,1880,83,0,0,0,83,A
1-PB2,1881,0,0,84,0,84,G
1-PB2,1882,0,0,0,84,84,C
1-PB2,1883,82,0,0,0,82,A
1-PB2,1884,81,0,0,0,81,A
1-PB2,1885,79,0,0,0,79,A
1-PB2,1886,0,0,82,0,82,G
1-PB2,1887,0,0,0,83,83,C
1-PB2,1888,83,0,0,0,83,A
1-PB2,1889,0,0,83,0,83,G
1-PB2,1890,83,0,0,0,83,A
1-PB2,1891,85,0,0,0,85,A
1-PB2,1892,0,85,0,0,85,T
1-PB2,1893,0,0,84,0,84,G
1-PB2,1894,0,0,0,84,84,C
1-PB2,1895,85,0,0,0,85,A
1-PB2,1896,0,0,87,0,87,G
1-PB2,1897,1,86,0,0,87,T
1-PB2,1898,0,89,0,0,89,T
1-PB2,1899,0,0,0,90,90,C
1-PB2,1900,0,90,0,0,90,T
1-PB2,1901,0,0,0,91,91,C
1-PB2,1902,0,90,0,0,90,T
1-PB2,1903,0,89,0,0,89,T
1-PB2,1904,0,0,0,91,91,C
1-PB2,1905,89,0,0,0,89,A
1-PB2,1906,0,0,0,88,88,C
1-PB2,1907,0,85,0,0,85,T
1-PB2,1908,0,0,84,0,84,G
1-PB2,1909,84,0,0,0,84,A
1-PB2,1910,0,0,0,87,87,C
1-PB2,1911,0,87,0,0,87,T
1-PB2,1912,0,0,89,0,89,G
1-PB2,1913,0,88,0,0,88,T
1-PB2,1914,0,0,90,0,90,G
1-PB2,1915,89,0,0,0,89,A
1-PB2,1916,93,0,0,0,93,A
1-PB2,1917,0,94,0,0,94,T
1-PB2,1918,0,0,93,0,93,G
1-PB2,1919,0,92,0,0,92,T
1-PB2,1920,90,0,0,0,90,A
1-PB2,1921,90,0,0,0,90,A
1-PB2,1922,0,0,90,0,90,G
1-PB2,1923,0,0,89,0,89,G
1-PB2,1924,0,0,89,0,89,G
1-PB2,1925,0,0,88,0,88,G
1-PB2,1926,90,0,0,0,90,A
1-PB2,1927,0,88,0,0,88,T
1-PB2,1928,0,0,0,89,89,C
1-PB2,1929,89,0,0,0,89,A
1-PB2,1930,0,0,90,0,90,G
1-PB2,1931,0,0,88,0,88,G
1-PB2,1932,0,0,91,0,91,G
1-PB2,1933,91,0,0,0,91,A
1-PB2,1934,0,94,0,0,94,T
1-PB2,1935,0,0,94,0,94,G
1-PB2,1936,93,0,0,0,93,A
1-PB2,1937,0,0,96,0,96,G
1-PB2,1938,94,0,0,0,94,A
1-PB2,1939,93,0,0,0,93,A
1-PB2,1940,0,94,0,0,94,T
1-PB2,1941,94,0,0,0,94,A
1-PB2,1942,0,0,0,97,97,C
1-PB2,1943,0,97,0,0,97,T
1-PB2,1944,0,97,0,0,97,T
1-PB2,1945,0,0,99,0,99,G
1-PB2,1946,0,96,0,0,96,T
1-PB2,1947,97,0,0,0,97,A
1-PB2,1948,97,0,0,0,97,A
1-PB2,1949,0,0,97,0,97,G
1-PB2,1950,0,0,97,0,97,G
1-PB2,1951,0,0,91,0,91,G
1-PB2,1952,0,0,93,0,93,G
1-PB2,1953,0,0,0,94,94,C
1-PB2,1954,94,0,0,0,94,A
1-PB2,1955,95,0,0,0,95,A
1-PB2,1956,0,95,0,0,95,T
1-PB2,1957,0,92,0,1,93,T
1-PB2,1958,0,0,0,97,97,C
1-PB2,1959,0,94,0,0,94,T
1-PB2,1960,0,0,0,96,96,C
1-PB2,1961,0,0,0,94,94,C
1-PB2,1962,0,95,0,0,95,T
1-PB2,1963,2,0,95,0,97,G
1-PB2,1964,0,97,0,0,97,T
1-PB2,1965,98,0,0,0,98,A
1-PB2,1966,0,97,0,0,97,T
1-PB2,1967,0,95,0,0,95,T
1-PB2,1968,0,0,0,97,97,C
1-PB2,1969,97,0,0,0,97,A
1-PB2,1970,99,0,0,0,99,A
1-PB2,1971,0,0,0,99,99,C
1-PB2,1972,0,98,0,0,98,T
1-PB2,1973,98,0,0,0,98,A
1-PB2,1974,0,0,0,102,102,C
1-PB2,1975,102,0,0,0,102,A
1-PB2,1976,100,0,0,0,100,A
1-PB2,1977,0,0,0,102,102,C
1-PB2,1978,100,0,0,0,100,A
1-PB2,1979,102,0,0,0,102,A
1-PB2,1980,0,0,99,0,99,G
1-PB2,1981,99,0,1,0,100,A
1-PB2,1982,0,0,0,98,98,C
1-PB2,1983,0,0,0,98,98,C
1-PB2,1984,100,0,0,0,100,A
1-PB2,1985,0,0,0,102,102,C
1-PB2,1986,0,104,0,0,104,T
1-PB2,1987,104,0,0,0,104,A
1-PB2,1988,104,0,0,0,104,A
1-PB2,1989,103,0,0,0,103,A
1-PB2,1990,103,0,0,0,103,A
1-PB2,1991,0,0,106,0,106,G
1-PB2,1992,105,0,0,0,105,A
1-PB2,1993,0,0,0,104,104,C
1-PB2,1994,0,103,0,0,103,T
1-PB2,1995,102,0,0,0,102,A
1-PB2,1996,103,0,0,0,103,A
1-PB2,1997,0,0,0,103,103,C
1-PB2,1998,103,0,0,0,103,A
1-PB2,1999,103,0,0,0,103,A
1-PB2,2000,0,98,0,0,98,T
1-PB2,2001,0,98,0,0,98,T
1-PB2,2002,0,0,0,99,99,C
1-PB2,2003,0,99,0,0,99,T
1-PB2,2004,0,0,0,102,102,C
1-PB2,2005,0,0,102,0,102,G
1-PB2,2006,0,1,101,0,102,G
1-PB2,2007,99,0,0,0,99,A
1-PB2,2008,101,0,0,0,101,A
1-PB2,2009,98,0,0,0,98,A
1-PB2,2010,102,0,0,0,102,A
1-PB2,2011,0,0,102,0,102,G
1-PB2,2012,101,0,0,0,101,A
1-PB2,2013,0,98,0,0,98,T
1-PB2,2014,0,0,100,0,100,G
1-PB2,2015,0,0,0,97,97,C
1-PB2,2016,0,0,0,99,99,C
1-PB2,2017,0,0,101,0,101,G
1-PB2,2018,0,0,98,0,98,G
1-PB2,2019,0,0,0,99,99,C
1-PB2,2020,97,0,0,0,97,A
1-PB2,2021,0,0,0,97,97,C
1-PB2,2022,0,94,0,0,94,T
1-PB2,2023,0,97,0,0,97,T
1-PB2,2024,0,100,0,0,100,T
1-PB2,2025,97,0,0,0,97,A
1-PB2,2026,98,0,0,0,98,A
1-PB2,2027,0,99,0,0,99,T
1-PB2,2028,0,100,0,0,100,T
1-PB2,2029,0,0,99,0,99,G
1-PB2,2030,94,0,0,0,94,A
1-PB2,2031,95,0,0,0,95,A
1-PB2,2032,0,0,94,0,94,G
1-PB2,2033,92,0,0,0,92,A
1-PB2,2034,0,0,0,90,90,C
1-PB2,2035,0,0,0,93,93,C
1-PB2,2036,0,0,0,95,95,C
1-PB2,2037,95,0,0,0,95,A
1-PB2,2038,0,0,95,0,95,G
1-PB2,2039,97,0,0,0,97,A
1-PB2,2040,0,96,0,0,96,T
1-PB2,2041,0,0,96,0,96,G
1-PB2,2042,94,0,0,0,94,A
1-PB2,2043,94,0,0,0,94,A
1-PB2,2044,93,0,0,0,93,A
1-PB2,2045,0,0,91,0,91,G
1-PB2,2046,0,0,0,90,90,C
1-PB2,2047,89,0,0,0,89,A
1-PB2,2048,0,0,0,93,93,C
1-PB2,2049,92,0,0,0,92,A
1-PB2,2050,0,90,0,0,90,T
1-PB2,2051,0,0,0,89,89,C
1-PB2,2052,0,1,0,91,92,C
1-PB2,2053,0,0,95,0,95,G
1-PB2,2054,0,0,94,0,94,G
1-PB2,2055,97,0,0,0,97,A
1-PB2,2056,0,0,97,0,97,G
1-PB2,2057,0,97,0,0,97,T
1-PB2,2058,0,0,95,0,95,G
1-PB2,2059,0,0,97,0,97,G
1-PB2,2060,94,0,0,0,94,A
1-PB2,2061,0,0,95,0,95,G
1-PB2,2062,0,90,0,0,90,T
1-PB2,2063,0,0,0,87,87,C
1-PB2,2064,1,0,0,89,90,C
1-PB2,2065,1,0,91,0,92,G
1-PB2,2066,0,0,0,90,90,C
1-PB2,2067,0,0,0,91,91,C
1-PB2,2068,0,0,95,0,95,G
1-PB2,2069,0,94,0,0,94,T
1-PB2,2070,0,0,0,97,97,C
1-PB2,2071,0,94,0,0,94,T
1-PB2,2072,0,99,0,0,99,T
1-PB2,2073,0,0,100,0,100,G
1-PB2,2074,98,0,0,0,98,A
1-PB2,2075,0,0,99,0,99,G
1-PB2,2076,100,0,0,0,100,A
1-PB2,2077,0,0,94,0,94,G
1-PB2,2078,0,0,94,0,94,G
1-PB2,2079,0,0,91,0,91,G
1-PB2,2080,0,92,0,1,93,T
1-PB2,2081,0,94,0,0,94,T
1-PB2,2082,0,95,0,0,95,T
1-PB2,2083,0,0,0,94,94,C
1-PB2,2084,0,94,0,0,94,T
1-PB2,2085,0,0,0,97,97,C
1-PB2,2086,96,0,0,0,96,A
1-PB2,2087,0,94,0,0,94,T
1-PB2,2088,0,94,0,0,94,T
1-PB2,2089,93,0,0,0,93,A
1-PB2,2090,0,93,0,0,93,T
1-PB2,2091,88,0,0,0,88,A
1-PB2,2092,0,0,88,0,88,G
1-PB2,2093,0,0,86,0,86,G
1-PB2,2094,0,80,0,0,80,T
1-PB2,2095,78,0,0,0,78,A
1-PB2,2096,79,0,0,0,79,A
1-PB2,2097,0,0,79,0,79,G
1-PB2,2098,0,0,79,0,79,G
1-PB2,2099,78,0,0,0,78,A
1-PB2,2100,77,0,0,0,77,A
1-PB2,2101,0,0,75,0,75,G
1-PB2,2102,76,0,0,0,76,A
1-PB2,2103,0,0,0,77,77,C
1-PB2,2104,75,0,0,0,75,A
1-PB2,2105,0,0,75,0,75,G
1-PB2,2106,74,0,0,0,74,A
1-PB2,2107,75,0,0,0,75,A
1-PB2,2108,0,0,74,0,74,G
1-PB2,2109,0,0,72,0,72,G
1-PB2,2110,0,74,0,0,74,T
1-PB2,2111,74,0,0,0,74,A
1-PB2,2112,0,0,0,75,75,C
1-PB2,2113,0,0,75,0,75,G
1-PB2,2114,0,0,75,0,75,G
1-PB2,2115,74,0,0,0,74,A
1-PB2,2116,0,0,0,72,72,C
1-PB2,2117,0,0,0,72,72,C
1-PB2,2118,73,0,0,0,73,A
1-PB2,2119,0,0,76,0,76,G
1-PB2,2120,0,0,0,75,75,C
1-PB2,2121,76,0,0,0,76,A
1-PB2,2122,0,72,0,0,72,T
1-PB2,2123,0,67,0,0,67,T
1-PB2,2124,68,0,0,0,68,A
1-PB2,2125,69,0,0,0,69,A
1-PB2,2126,0,0,65,0,65,G
1-PB2,2127,0,0,0,67,67,C
1-PB2,2128,63,0,0,0,63,A
1-PB2,2129,0,60,0,0,60,T
1-PB2,2130,0,0,0,62,62,C
1-PB2,2131,62,0,0,0,62,A
1-PB2,2132,62,0,0,0,62,A
1-PB2,2133,0,63,0,0,63,T
1-PB2,2134,0,0,61,0,61,G
1-PB2,2135,63,0,0,0,63,A
1-PB2,2136,63,0,0,0,63,A
1-PB2,2137,0,0,0,62,62,C
1-PB2,2138,0,59,0,0,59,T
1-PB2,2139,0,0,61,0,61,G
1-PB2,2140,61,0,0,0,61,A
1-PB2,2141,0,0,60,0,60,G
1-PB2,2142,0,61,0,0,61,T
1-PB2,2143,57,0,0,0,57,A
1-PB2,2144,55,0,0,0,55,A
1-PB2,2145,0,0,0,58,58,C
1-PB2,2146,0,0,0,58,58,C
1-PB2,2147,0,60,0,0,60,T
1-PB2,2148,0,56,0,0,56,T
1-PB2,2149,0,0,55,0,55,G
1-PB2,2150,0,0,0,55,55,C
1-PB2,2151,54,0,0,0,54,A
1-PB2,2152,56,0,0,0,56,A
1-PB2,2153,52,0,0,0,52,A
1-PB2,2154,50,0,0,0,50,A
1-PB2,2155,0,0,51,0,51,G
1-PB2,2156,0,0,51,0,51,G
1-PB2,2157,0,0,51,0,51,G
1-PB2,2158,0,0,52,0,52,G
1-PB2,2159,52,0,0,0,52,A
1-PB2,2160,52,0,0,0,52,A
1-PB2,2161,52,0,0,0,52,A
1-PB2,2162,52,0,1,0,53,A
1-PB2,2163,0,0,53,0,53,G
1-PB2,2164,0,0,51,0,51,G
1-PB2,2165,0,0,0,52,52,C
1-PB2,2166,0,50,0,0,50,T
1-PB2,2167,51,0,0,0,51,A
1-PB2,2168,51,0,0,0,51,A
1-PB2,2169,0,50,0,0,50,T
1-PB2,2170,0,0,49,0,49,G
1-PB2,2171,0,46,0,0,46,T
1-PB2,2172,0,0,45,0,45,G
1-PB2,2173,0,0,0,47,47,C
1-PB2,2174,0,45,0,1,46,T
1-PB2,2175,46,0,0,0,46,A
1-PB2,2176,46,0,0,0,46,A
1-PB2,2177,0,44,0,0,44,T
1-PB2,2178,0,0,0,44,44,C
1-PB2,2179,0,0,47,0,47,G
1-PB2,2180,0,0,46,0,46,G
1-PB2,2181,0,0,47,0,47,G
1-PB2,2182,0,0,0,47,47,C
1-PB2,2183,47,0,0,0,47,A
1-PB2,2184,47,0,0,0,47,A
1-PB2,2185,0,0,47,0,47,G
1-PB2,2186,0,0,46,0,46,G
1-PB2,2187,47,0,0,0,47,A
1-PB2,2188,0,0,46,0,46,G
1-PB2,2189,44,0,0,0,44,A
1-PB2,2190,0,0,0,46,46,C
1-PB2,2191,0,0,46,0,46,G
1-PB2,2192,0,46,0,0,46,T
1-PB2,2193,0,0,46,0,46,G
1-PB2,2194,0,0,46,0,46,G
1-PB2,2195,0,47,0,0,47,T
1-PB2,2196,0,0,46,0,46,G
1-PB2,2197,0,46,0,0,46,T
1-PB2,2198,0,46,0,0,46,T
1-PB2,2199,0,0,45,0,45,G
1-PB2,2200,0,0,44,0,44,G
1-PB2,2201,0,44,0,0,44,T
1-PB2,2202,44,0,0,0,44,A
1-PB2,2203,43,0,0,0,43,A
1-PB2,2204,0,42,0,0,42,T
1-PB2,2205,0,0,40,0,40,G
1-PB2,2206,41,0,0,0,41,A
1-PB2,2207,41,0,0,0,41,A
1-PB2,2208,41,0,0,0,41,A
1-PB2,2209,0,0,0,39,39,C
1-PB2,2210,0,0,39,0,39,G
1-PB2,2211,39,0,0,0,39,A
1-PB2,2212,39,0,0,0,39,A
1-PB2,2213,39,0,0,0,39,A
1-PB2,2214,39,0,0,0,39,A
1-PB2,2215,0,0,0,39,39,C
1-PB2,2216,0,0,38,0,38,G
1-PB2,2217,0,0,40,0,40,G
1-PB2,2218,0,0,40,0,40,G
1-PB2,2219,40,0,0,0,40,A
1-PB2,2220,0,0,0,40,40,C
1-PB2,2221,0,39,0,0,39,T
1-PB2,2222,0,0,0,39,39,C
1-PB2,2223,0,39,0,0,39,T
1-PB2,2224,39,0,0,0,39,A
1-PB2,2225,0,0,38,0,38,G
1-PB2,2226,0,0,0,37,37,C
1-PB2,2227,36,0,0,0,36,A
1-PB2,2228,0,38,0,0,38,T
1-PB2,2229,38,0,0,0,38,A
1-PB2,2230,0,0,0,37,37,C
1-PB2,2231,0,31,0,0,31,T
1-PB2,2232,0,30,0,0,30,T
1-PB2,2233,29,0,0,0,29,A
1-PB2,2234,0,0,0,29,29,C
1-PB2,2235,0,29,0,0,29,T
1-PB2,2236,0,0,29,0,29,G
1-PB2,2237,28,0,0,0,28,A
1-PB2,2238,0,0,0,29,29,C
1-PB2,2239,26,0,0,0,26,A
1-PB2,2240,0,0,26,0,26,G
1-PB2,2241,0,0,0,26,26,C
1-PB2,2242,0,0,0,26,26,C
1-PB2,2243,26,0,0,0,26,A
1-PB2,2244,0,0,26,0,26,G
1-PB2,2245,26,0,0,0,26,A
1-PB2,2246,0,0,0,26,26,C
1-PB2,2247,23,0,0,0,23,A
1-PB2,2248,0,0,23,0,23,G
1-PB2,2249,0,0,0,22,22,C
1-PB2,2250,1,0,21,0,22,G
1-PB2,2251,22,0,0,0,22,A
1-PB2,2252,0,0,0,22,22,C
1-PB2,2253,0,0,0,22,22,C
1-PB2,2254,22,0,0,0,22,A
1-PB2,2255,21,0,0,0,21,A
1-PB2,2256,21,0,0,0,21,A
1-PB2,2257,21,0,0,0,21,A
1-PB2,2258,0,0,20,0,20,G
1-PB2,2259,19,0,0,0,19,A
1-PB2,2260,19,0,0,0,19,A
1-PB2,2261,0,19,0,0,19,T
1-PB2,2262,0,19,0,0,19,T
1-PB2,2263,0,0,0,19,19,C
1-PB2,2264,0,0,19,0,19,G
1-PB2,2265,0,0,19,0,19,G
1-PB2,2266,19,0,0,0,19,A
1-PB2,2267,0,19,0,0,19,T
1-PB2,2268,0,0,19,0,19,G
1-PB2,2269,0,0,18,0,18,G
1-PB2,2270,0,0,0,19,19,C
1-PB2,2271,0,0,0,18,18,C
1-PB2,2272,18,0,0,0,18,A
1-PB2,2273,0,18,0,0,18,T
1-PB2,2274,0,0,0,18,18,C
1-PB2,2275,18,0,0,0,18,A
1-PB2,2276,18,0,0,0,18,A
1-PB2,2277,0,18,0,0,18,T
1-PB2,2278,0,14,0,0,14,T
1-PB2,2279,13,0,0,0,13,A
1-PB2,2280,13,0,0,0,13,A
2-PB1,1,249,0,0,0,249,A
2-PB1,2,0,249,0,0,249,T
2-PB1,3,0,0,251,0,251,G
2-PB1,4,0,0,267,0,267,G
2-PB1,5,309,0,0,0,309,A
2-PB1,6,0,331,0,0,331,T
2-PB1,7,0,0,336,0,336,G
2-PB1,8,0,336,0,1,337,T
2-PB1,9,0,0,0,360,360,C
2-PB1,10,364,0,1,0,365,A
2-PB1,11,370,0,0,0,370,A
2-PB1,12,0,373,0,0,373,T
2-PB1,13,0,0,0,378,378,C
2-PB1,14,0,0,0,401,401,C
2-PB1,15,0,0,413,0,413,G
2-PB1,16,460,0,0,0,460,A
2-PB1,17,0,0,0,466,466,C
2-PB1,18,0,463,0,0,463,T
2-PB1,19,0,0,0,549,549,C
2-PB1,20,0,544,0,0,544,T
2-PB1,21,555,0,0,0,555,A
2-PB1,22,0,0,0,558,558,C
2-PB1,23,0,555,0,0,555,T
2-PB1,24,0,0,627,0,627,G
2-PB1,25,0,634,0,0,634,T
2-PB1,26,0,633,0,1,634,T
2-PB1,27,0,0,0,630,630,C
2-PB1,28,0,0,0,633,633,C
2-PB1,29,0,738,0,0,738,T
2-PB1,30,746,0,0,0,746,A
2-PB1,31,746,0,0,0,746,A
2-PB1,32,749,0,0,0,749,A
2-PB1,33,0,0,757,0,757,G
2-PB1,34,0,1,750,0,751,G
2-PB1,35,0,745,0,2,747,T
2-PB1,36,0,764,0,0,764,T
2-PB1,37,0,0,0,762,762,C
2-PB1,38,0,0,0,767,767,C
2-PB1,39,764,0,3,0,767,A
2-PB1,40,0,0,764,0,764,G
2-PB1,41,0,0,0,767,767,C
2-PB1,42,0,0,772,1,773,G
2-PB1,43,0,0,0,770,770,C
2-PB1,44,776,0,2,0,778,A
2-PB1,45,777,0,0,0,777,A
2-PB1,46,773,0,0,0,773,A
2-PB1,47,781,0,0,0,781,A
2-PB1,48,0,786,0,0,786,T
2-PB1,49,1,0,804,0,805,G
2-PB1,50,0,0,0,819,819,C
2-PB1,51,0,1,0,824,825,C
2-PB1,52,821,0,0,0,821,A
2-PB1,53,0,828,0,0,828,T
2-PB1,54,884,0,0,0,884,A
2-PB1,55,877,0,0,0,877,A
2-PB1,56,0,0,926,0,926,G
2-PB1,57,0,0,0,920,920,C
2-PB1,58,926,1,0,0,927,A
2-PB1,59,0,0,0,953,953,C
2-PB1,60,954,0,0,0,954,A
2-PB1,61,1001,0,1,0,1002,A
2-PB1,62,0,0,0,1004,1004,C
2-PB1,63,994,0,0,0,994,A
2-PB1,64,0,1009,0,0,1009,T
2-PB1,65,0,996,0,0,996,T
2-PB1,66,1,0,0,1231,1232,C
2-PB1,67,0,0,0,1234,1234,C
2-PB1,68,0,0,0,1246,1246,C
2-PB1,69,0,1267,0,1,1268,T
2-PB1,70,0,1266,0,0,1266,T
2-PB1,71,1375,0,0,0,1375,A
2-PB1,72,1,1383,0,0,1384,T
2-PB1,73,1399,0,1,0,1400,A
2-PB1,74,0,0,0,1407,1407,C
2-PB1,75,0,1367,0,1,1368,T
2-PB1,76,0,0,1389,0,1389,G
2-PB1,77,0,1,1380,0,1381,G
2-PB1,78,1366,1,0,0,1367,A
2-PB1,79,0,0,1379,0,1379,G
2-PB1,80,1376,0,3,0,1379,A
2-PB1,81,0,1388,0,1,1389,T
2-PB1,82,0,0,0,1487,1487,C
2-PB1,83,0,0,0,1487,1487,C
2-PB1,84,0,1498,0,1,1499,T
2-PB1,85,0,0,0,1600,1600,C
2-PB1,86,0,0,0,1599,1599,C
2-PB1,87,1615,0,1,0,1616,A
2-PB1,88,1,1611,0,0,1612,T
2-PB1,89,1617,0,1,0,1618,A
2-PB1,90,0,0,0,1616,1616,C
2-PB1,91,1591,0,1,0,1592,A
2-PB1,92,0,0,1652,0,1652,G
2-PB1,93,0,0,0,1664,1664,C
2-PB1,94,1,0,0,1658,1659,C
2-PB1,95,1654,0,0,0,1654,A
2-PB1,96,0,1669,0,0,1669,T
2-PB1,97,1,0,1665,0,1666,G
2-PB1,98,0,0,1748,1,1749,G
2-PB1,99,1755,0,0,0,1755,A
2-PB1,100,1764,1,2,0,1767,A
2-PB1,101,0,0,0,1762,1762,C
2-PB1,102,1761,1,0,0,1762,A
2-PB1,103,0,0,1791,0,1791,G
2-PB1,104,0,0,1817,0,1817,G
2-PB1,105,1821,0,0,0,1821,A
2-PB1,106,1851,0,0,0,1851,A
2-PB1,107,0,0,0,1849,1849,C
2-PB1,108,1842,0,3,0,1845,A
2-PB1,109,0,0,2134,0,2134,G
2-PB1,110,0,2,2119,0,2121,G
2-PB1,111,2,1,2161,0,2164,G
2-PB1,112,0,2143,0,5,2148,T
2-PB1,113,2172,0,0,0,2172,A
2-PB1,114,0,0,0,2189,2189,C
2-PB1,115,2291,0,0,0,2291,A
2-PB1,116,0,0,0,2389,2389,C
2-PB1,117,1,0,0,2376,2377,C
2-PB1,118,2311,0,0,0,2311,A
2-PB1,119,0,2308,0,0,2308,T
2-PB1,120,0,2,2310,0,2312,G
2-PB1,121,0,0,2293,0,2293,G
2-PB1,122,2312,0,1,0,2313,A
2-PB1,123,0,0,0,2322,2322,C
2-PB1,124,2281,0,1,0,2282,A
2-PB1,125,0,0,0,2335,2335,C
2-PB1,126,2324,0,3,0,2327,A
2-PB1,127,1,0,2367,0,2368,G
2-PB1,128,1,2350,0,0,2351,T
2-PB1,129,0,0,0,2451,2451,C
2-PB1,130,2449,0,1,0,2450,A
2-PB1,131,2485,0,0,1,2486,A
2-PB1,132,2,1,0,2489,2492,C
2-PB1,133,2487,0,0,0,2487,A
2-PB1,134,0,2,2496,0,2498,G
2-PB1,135,2466,0,0,0,2466,A
2-PB1,136,2479,0,0,0,2479,A
2-PB1,137,0,0,0,2490,2490,C
2-PB1,138,2452,0,0,0,2452,A
2-PB1,139,0,1,0,2462,2463,C
2-PB1,140,2446,0,1,0,2447,A
2-PB1,141,0,2425,0,0,2425,T
2-PB1,142,0,0,0,2629,2629,C
2-PB1,143,2640,2,0,0,2642,A
2-PB1,144,2670,0,1,0,2671,A
2-PB1,145,0,2722,0,0,2722,T
2-PB1,146,2831,0,0,0,2831,A
2-PB1,147,0,2819,0,0,2819,T
2-PB1,148,0,2794,0,0,2794,T
2-PB1,149,0,1,0,2794,2795,C
2-PB1,150,2766,0,1,1,2768,A
2-PB1,151,2,2,2760,0,2764,G
2-PB1,152,2732,0,0,1,2733,A
2-PB1,153,0,1,2747,0,2748,G
2-PB1,154,2662,0,1,0,2663,A
2-PB1,155,0,0,2665,0,2665,G
2-PB1,156,0,2,2637,0,2639,G
2-PB1,157,0,1,2744,0,2745,G
2-PB1,158,0,0,2741,0,2741,G
2-PB1,159,2,1,2766,0,2769,G
2-PB1,160,2748,0,0,0,2748,A
2-PB1,161,2766,0,1,0,2767,A
2-PB1,162,0,0,2804,0,2804,G
2-PB1,163,0,2716,0,4,2720,T
2-PB1,164,0,1,2764,0,2765,G
2-PB1,165,0,0,2743,0,2743,G
2-PB1,166,2753,1,7,0,2761,A
2-PB1,167,0,0,0,2783,2783,C
2-PB1,168,0,0,2784,0,2784,G
2-PB1,169,2794,1,0,0,2795,A
2-PB1,170,0,1,0,2838,2839,C
2-PB1,171,2841,0,0,0,2841,A
2-PB1,172,2834,1,1,0,2836,A
2-PB1,173,2841,0,1,0,2842,A
2-PB1,174,0,2885,0,1,2886,T
2-PB1,175,2915,0,0,0,2915,A
2-PB1,176,0,0,0,2915,2915,C
2-PB1,177,2890,0,1,0,2891,A
2-PB1,178,0,1,2898,0,2899,G
2-PB1,179,2874,0,0,0,2874,A
2-PB1,180,2904,0,1,0,2905,A
2-PB1,181,2892,0,1,0,2893,A
2-PB1,182,0,0,0,2910,2910,C
2-PB1,183,0,2876,0,0,2876,T
2-PB1,184,1,0,2871,0,2872,G
2-PB1,185,2,0,2805,0,2807,G
2-PB1,186,0,0,2752,0,2752,G
2-PB1,187,0,0,2781,0,2781,G
2-PB1,188,1,0,0,2831,2832,C
2-PB1,189,2883,0,0,0,2883,A
2-PB1,190,1,1,0,2993,2995,C
2-PB1,191,1,0,0,2974,2975,C
2-PB1,192,3,0,0,2978,2981,C
2-PB1,193,2,0,0,3016,3018,C
2-PB1,194,3020,0,0,0,3020,A
2-PB1,195,3035,0,1,0,3036,A
2-PB1,196,0,0,0,3029,3029,C
2-PB1,197,0,3011,0,0,3011,T
2-PB1,198,0,0,0,3037,3037,C
2-PB1,199,2949,0,1,0,2950,A
2-PB1,200,2972,0,3,0,2975,A
2-PB1,201,1,0,1,2969,2971,C
2-PB1,202,0,0,0,2953,2953,C
2-PB1,203,1,1,0,2978,2980,C
2-PB1,204,2985,0,0,0,2985,A
2-PB1,205,2995,0,0,0,2995,A
2-PB1,206,0,2990,0,0,2990,T
2-PB1,207,0,3003,0,0,3003,T
2-PB1,208,0,1,3028,0,3029,G
2-PB1,209,2994,1,0,0,2995,A
2-PB1,210,0,2976,0,0,2976,T
2-PB1,211,1,1,2995,0,2997,G
2-PB1,212,0,1,3005,0,3006,G
2-PB1,213,3061,0,3,1,3065,A
2-PB1,214,1,0,0,3075,3076,C
2-PB1,215,0,1,0,3046,3047,C
2-PB1,216,3076,0,1,0,3077,A
2-PB1,217,0,0,0,3128,3128,C
2-PB1,218,0,3146,0,0,3146,T
2-PB1,219,3209,0,0,0,3209,A
2-PB1,220,0,1,0,3245,3246,C
2-PB1,221,1,0,0,3213,3214,C
2-PB1,222,0,3171,0,2,3173,T
2-PB1,223,0,0,3200,0,3200,G
2-PB1,224,3195,0,2,0,3197,A
2-PB1,225,0,0,3223,1,3224,G
2-PB1,226,0,0,3200,0,3200,G
2-PB1,227,3179,1,0,0,3180,A
2-PB1,228,0,3156,1,0,3157,T
2-PB1,229,3159,0,0,0,3159,A
2-PB1,230,3137,0,1,1,3139,A
2-PB1,231,0,3139,0,0,3139,T
2-PB1,232,1,1,3152,0,3154,G
2-PB1,233,3141,0,0,0,3141,A
2-PB1,234,3112,0,3,0,3115,A
2-PB1,235,0,0,0,3133,3133,C
2-PB1,236,3,1,0,3097,3101,C
2-PB1,237,3106,0,0,0,3106,A
2-PB1,238,3086,0,0,0,3086,A
2-PB1,239,0,1,3106,0,3107,G
2-PB1,240,0,3048,0,3,3051,T
2-PB1,241,0,0,3073,0,3073,G
2-PB1,242,0,1,3126,0,3127,G
2-PB1,243,3124,0,2,0,3126,A
2-PB1,244,0,3105,0,1,3106,T
2-PB1,245,3147,0,1,0,3148,A
2-PB1,246,0,3191,0,0,3191,T
2-PB1,247,1,0,3191,0,3192,G
2-PB1,248,1,0,0,3227,3228,C
2-PB1,249,3228,1,1,0,3230,A
2-PB1,250,0,0,0,3311,3311,C
2-PB1,251,3270,0,0,0,3270,A
2-PB1,252,3293,0,1,0,3294,A
2-PB1,253,3289,2,2,0,3293,A
2-PB1,254,0,1,0,3318,3319,C
2-PB1,255,3244,1,1,0,3246,A
2-PB1,256,0,0,3267,0,3267,G
2-PB1,257,3235,0,1,0,3236,A
2-PB1,258,0,0,0,3274,3274,C
2-PB1,259,0,3173,0,0,3173,T
2-PB1,260,0,0,3256,0,3256,G
2-PB1,261,0,3176,0,1,3177,T
2-PB1,262,0,1,3374,0,3375,G
2-PB1,263,1,3359,0,1,3361,T
2-PB1,264,0,0,0,3365,3365,C
2-PB1,265,2,0,0,3371,3373,C
2-PB1,266,0,3353,0,0,3353,T
2-PB1,267,0,0,3363,0,3363,G
2-PB1,268,2,0,3352,0,3354,G
2-PB1,269,3300,0,9,0,3309,A
2-PB1,270,0,0,3351,0,3351,G
2-PB1,271,0,0,3234,0,3234,G
2-PB1,272,0,0,0,3251,3251,C
2-PB1,273,0,3253,0,3,3256,T
2-PB1,274,3258,0,0,0,3258,A
2-PB1,275,1,3249,0,3,3253,T
2-PB1,276,0,1,3245,0,3246,G
2-PB1,277,0,0,3213,0,3213,G
2-PB1,278,0,3,1,3210,3214,C
2-PB1,279,0,0,0,3201,3201,C
2-PB1,280,0,3164,0,1,3165,T
2-PB1,281,0,3353,0,1,3354,T
2-PB1,282,1,0,0,3337,3338,C
2-PB1,283,2,0,0,3340,3342,C
2-PB1,284,0,3359,0,1,3360,T
2-PB1,285,0,3373,0,1,3374,T
2-PB1,286,0,0,3387,0,3387,G
2-PB1,287,3380,0,0,0,3380,A
2-PB1,288,3375,0,2,0,3377,A
2-PB1,289,0,0,3396,0,3396,G
2-PB1,290,3228,0,0,0,3228,A
2-PB1,291,3260,0,2,0,3262,A
2-PB1,292,0,3208,0,0,3208,T
2-PB1,293,0,2,0,3249,3251,C
2-PB1,294,3,0,0,3231,3234,C
2-PB1,295,1,1,0,3242,3244,C
2-PB1,296,3221,0,4,0,3225,A
2-PB1,297,1,0,0,3291,3292,C
2-PB1,298,0,1,0,3298,3299,C
2-PB1,299,2,0,0,3293,3295,C
2-PB1,300,3266,0,0,0,3266,A
2-PB1,301,0,1,3277,0,3278,G
2-PB1,302,2,0,3277,0,3279,G
2-PB1,303,0,3211,0,2,3213,T
2-PB1,304,3318,0,1,0,3319,A
2-PB1,305,0,3290,0,1,3291,T
2-PB1,306,1,0,0,3320,3321,C
2-PB1,307,0,3317,0,1,3318,T
2-PB1,308,0,3331,1,0,3332,T
2-PB1,309,0,3321,0,0,3321,T
2-PB1,310,1,0,3317,0,3318,G
2-PB1,311,3272,0,2,0,3274,A
2-PB1,312,11,0,3263,0,3274,G
2-PB1,313,3225,0,0,0,3225,A
2-PB1,314,3262,0,0,0,3262,A
2-PB1,315,1,0,0,3283,3284,C
2-PB1,316,0,3233,0,1,3234,T
2-PB1,317,0,0,0,3260,3260,C
2-PB1,318,3257,0,2,0,3259,A
2-PB1,319,0,3254,0,1,3255,T
2-PB1,320,0,0,3280,0,3280,G
2-PB1,321,1,1,0,3314,3316,C
2-PB1,322,0,1,0,3327,3328,C
2-PB1,323,1,3313,0,2,3316,T
2-PB1,324,0,3274,0,2,3276,T
2-PB1,325,0,1,3282,0,3283,G
2-PB1,326,3278,0,1,0,3279,A
2-PB1,327,3304,0,1,0,3305,A
2-PB1,328,3303,0,2,0,3305,A
2-PB1,329,0,0,0,3343,3343,C
2-PB1,330,3266,0,1,0,3267,A
2-PB1,331,3291,0,0,0,3291,A
2-PB1,332,0,3270,0,2,3272,T
2-PB1,333,0,1,3282,0,3283,G
2-PB1,334,0,0,3267,0,3267,G
2-PB1,335,3221,0,3,0,3224,A
2-PB1,336,3214,1,0,0,3215,A
2-PB1,337,0,1,3215,0,3216,G
2-PB1,338,0,0,0,3190,3190,C
2-PB1,339,1,0,0,3200,3201,C
2-PB1,340,3,0,3233,1,3237,G
2-PB1,341,0,3188,0,4,3192,T
2-PB1,342,0,3215,0,3,3218,T
2-PB1,343,1,0,0,3264,3265,C
2-PB1,344,3259,0,1,1,3261,A
2-PB1,345,3307,1,3,1,3312,A
2-PB1,346,0,0,0,3320,3320,C
2-PB1,347,3322,0,1,1,3324,A
2-PB1,348,0,0,3332,0,3332,G
2-PB1,349,3291,1,4,0,3296,A
2-PB1,350,0,0,0,3310,3310,C
2-PB1,351,3312,0,0,0,3312,A
2-PB1,352,3317,0,3,0,3320,A
2-PB1,353,1,2,3354,0,3357,G
2-PB1,354,2,2,3288,0,3292,G
2-PB1,355,0,0,3312,0,3312,G
2-PB1,356,0,3153,0,1,3154,T
2-PB1,357,0,0,3223,0,3223,G
2-PB1,358,1,1,3224,0,3226,G
2-PB1,359,3246,0,4,0,3250,A
2-PB1,360,0,1,0,3279,3280,C
2-PB1,361,3236,1,0,0,3237,A
2-PB1,362,3259,0,1,0,3260,A
2-PB1,363,3260,0,0,0,3260,A
2-PB1,364,0,0,0,3240,3240,C
2-PB1,365,0,3224,0,2,3226,T
2-PB1,366,3255,0,0,0,3255,A
2-PB1,367,3209,0,0,0,3209,A
2-PB1,368,1,0,0,3256,3257,C
2-PB1,369,1,1,0,3262,3264,C
2-PB1,370,1,1,0,3289,3291,C
2-PB1,371,3187,0,0,0,3187,A
2-PB1,372,3173,1,0,0,3174,A
2-PB1,373,0,1,3168,0,3169,G
2-PB1,374,0,0,3169,0,3169,G
2-PB1,375,0,3099,0,0,3099,T
2-PB1,376,0,1,0,3160,3161,C
2-PB1,377,0,0,3159,0,3159,G
2-PB1,378,0,1,0,3119,3120,C
2-PB1,379,0,0,0,3166,3166,C
2-PB1,380,3172,0,0,0,3172,A
2-PB1,381,0,0,3235,0,3235,G
2-PB1,382,3272,0,3,0,3275,A
2-PB1,383,1,0,0,3298,3299,C
2-PB1,384,0,3285,0,3,3288,T
2-PB1,385,0,3280,0,1,3281,T
2-PB1,386,3275,1,3,0,3279,A
2-PB1,387,0,3282,6,1,3289,T
2-PB1,388,0,3,3292,0,3295,G
2-PB1,389,3286,1,0,0,3287,A
2-PB1,390,0,3213,2,0,3215,T
2-PB1,391,1,3115,0,2,3118,T
2-PB1,392,0,0,3113,0,3113,G
2-PB1,393,1,0,3106,0,3107,G
2-PB1,394,3141,0,6,0,3147,A
2-PB1,395,0,1,0,3152,3153,C
2-PB1,396,3120,0,0,0,3120,A
2-PB1,397,0,3089,0,2,3091,T
2-PB1,398,0,3134,0,0,3134,T
2-PB1,399,3143,0,0,2,3145,A
2-PB1,400,3142,0,2,0,3144,A
2-PB1,401,3149,0,0,0,3149,A
2-PB1,402,0,0,0,3145,3145,C
2-PB1,403,3101,0,0,0,3101,A
2-PB1,404,0,1,3118,0,3119,G
2-PB1,405,3105,0,1,0,3106,A
2-PB1,406,3113,0,0,0,3113,A
2-PB1,407,3103,0,1,0,3104,A
2-PB1,408,0,3045,0,0,3045,T
2-PB1,409,0,0,0,3076,3076,C
2-PB1,410,3089,1,0,0,3090,A
2-PB1,411,3081,0,1,0,3082,A
2-PB1,412,0,0,0,3082,3082,C
2-PB1,413,0,1,0,3075,3076,C
2-PB1,414,1,1,3064,0,3066,G
2-PB1,415,2,0,3057,0,3059,G
2-PB1,416,0,1,0,3095,3096,C
2-PB1,417,3086,0,3,0,3089,A
2-PB1,418,0,0,3080,0,3080,G
2-PB1,419,0,0,0,3117,3117,C
2-PB1,420,3119,1,3,0,3123,A
2-PB1,421,3122,0,0,1,3123,A
2-PB1,422,0,0,0,3129,3129,C
2-PB1,423,0,3093,0,2,3095,T
2-PB1,424,1,0,3233,0,3234,G
2-PB1,425,0,0,0,3238,3238,C
2-PB1,426,3249,2,1,0,3252,A
2-PB1,427,0,3236,0,0,3236,T
2-PB1,428,0,3203,0,0,3203,T
2-PB1,429,3409,1,3,2,3415,A
2-PB1,430,0,0,3387,0,3387,G
2-PB1,431,0,0,0,3349,3349,C
2-PB1,432,1,1,1,3398,3401,C
2-PB1,433,3281,0,1,0,3282,A
2-PB1,434,3295,0,1,0,3296,A
2-PB1,435,1,3,0,3310,3314,C
2-PB1,436,3310,0,1,0,3311,A
2-PB1,437,0,0,0,3379,3379,C
2-PB1,438,1,0,0,3117,3118,C
2-PB1,439,3117,0,1,0,3118,A
2-PB1,440,0,3096,0,2,3098,T
2-PB1,441,3131,0,0,0,3131,A
2-PB1,442,0,1,3112,0,3113,G
2-PB1,443,3105,0,0,0,3105,A
2-PB1,444,3066,1,0,0,3067,A
2-PB1,445,0,0,3073,0,3073,G
2-PB1,446,0,2975,0,0,2975,T
2-PB1,447,1,2955,0,0,2956,T
2-PB1,448,0,2993,0,0,2993,T
2-PB1,449,0,3008,0,0,3008,T
2-PB1,450,0,3016,0,1,3017,T
2-PB1,451,3011,0,1,0,3012,A
2-PB1,452,0,0,3013,0,3013,G
2-PB1,453,3004,0,1,0,3005,A
2-PB1,454,0,2969,0,0,2969,T
2-PB1,455,0,0,0,2954,2954,C
2-PB1,456,0,1,2964,0,2965,G
2-PB1,457,2942,0,1,0,2943,A
2-PB1,458,2956,0,0,0,2956,A
2-PB1,459,0,0,0,2969,2969,C
2-PB1,460,0,1,2970,0,2971,G
2-PB1,461,0,0,3106,0,3106,G
2-PB1,462,3093,1,0,0,3094,A
2-PB1,463,0,3080,0,3,3083,T
2-PB1,464,0,3106,0,1,3107,T
2-PB1,465,3107,0,6,0,3113,A
2-PB1,466,3112,0,2,0,3114,A
2-PB1,467,1,0,0,3123,3124,C
2-PB1,468,3099,0,0,0,3099,A
2-PB1,469,0,0,3106,0,3106,G
2-PB1,470,0,1,0,3003,3004,C
2-PB1,471,0,2995,0,1,2996,T
2-PB1,472,3009,0,0,1,3010,A
2-PB1,473,3002,0,1,0,3003,A
2-PB1,474,1,3007,0,0,3008,T
2-PB1,475,0,0,3040,0,3040,G
2-PB1,476,3035,0,1,0,3036,A
2-PB1,477,3028,0,0,0,3028,A
2-PB1,478,0,2941,0,1,2942,T
2-PB1,479,1,0,0,2980,2981,C
2-PB1,480,2988,0,0,0,2988,A
2-PB1,481,0,0,2978,0,2978,G
2-PB1,482,0,0,2953,0,2953,G
2-PB1,483,2950,1,1,0,2952,A
2-PB1,484,2924,0,0,0,2924,A
2-PB1,485,0,0,2982,0,2982,G
2-PB1,486,0,0,2977,0,2977,G
2-PB1,487,0,0,0,2967,2967,C
2-PB1,488,0,3013,0,3,3016,T
2-PB1,489,3026,0,0,0,3026,A
2-PB1,490,3028,0,0,0,3028,A
2-PB1,491,0,3030,0,0,3030,T
2-PB1,492,3033,1,0,0,3034,A
2-PB1,493,1,0,3032,1,3034,G
2-PB1,494,2864,0,0,0,2864,A
2-PB1,495,0,2825,0,1,2826,T
2-PB1,496,0,2810,0,0,2810,T
2-PB1,497,0,2768,0,0,2768,T
2-PB1,498,0,0,0,2851,2851,C
2-PB1,499,1,0,0,2861,2862,C
2-PB1,500,0,2875,0,3,2878,T
2-PB1,501,0,0,1,2922,2923,C
2-PB1,502,2925,0,1,1,2927,A
2-PB1,503,2920,0,2,0,2922,A
2-PB1,504,1,0,2935,0,2936,G
2-PB1,505,1,1,2956,0,2958,G
2-PB1,506,2944,0,1,0,2945,A
2-PB1,507,0,2853,0,0,2853,T
2-PB1,508,1,1,2884,0,2886,G
2-PB1,509,0,2853,1,6,2860,T
2-PB1,510,0,1,2923,0,2924,G
2-PB1,511,2919,0,1,0,2920,A
2-PB1,512,0,2908,0,0,2908,T
2-PB1,513,0,1,2894,0,2895,G
2-PB1,514,1,0,2872,0,2873,G
2-PB1,515,2878,1,1,0,2880,A
2-PB1,516,2881,0,1,0,2882,A
2-PB1,517,1,2785,0,0,2786,T
2-PB1,518,1,1,0,2843,2845,C
2-PB1,519,2840,0,1,0,2841,A
2-PB1,520,2832,2,1,0,2835,A
2-PB1,521,0,2824,0,0,2824,T
2-PB1,522,1,0,2880,0,2881,G
2-PB1,523,0,2,2893,0,2895,G
2-PB1,524,2878,1,3,0,2882,A
2-PB1,525,0,2881,1,0,2882,T
2-PB1,526,2895,0,0,0,2895,A
2-PB1,527,2881,0,0,0,2881,A
2-PB1,528,2889,0,0,0,2889,A
2-PB1,529,1,0,2914,0,2915,G
2-PB1,530,2882,0,3,0,2885,A
2-PB1,531,0,1,2860,0,2861,G
2-PB1,532,0,0,2876,0,2876,G
2-PB1,533,2860,0,2,0,2862,A
2-PB1,534,2867,0,1,0,2868,A
2-PB1,535,2874,0,0,0,2874,A
2-PB1,536,0,2869,0,1,2870,T
2-PB1,537,0,1,2911,0,2912,G
2-PB1,538,0,0,2897,2,2899,G
2-PB1,539,2864,0,1,0,2865,A
2-PB1,540,0,0,2904,0,2904,G
2-PB1,541,2859,0,2,0,2861,A
2-PB1,542,0,2934,0,1,2935,T
2-PB1,543,2933,0,3,0,2936,A
2-PB1,544,2959,0,0,0,2959,A
2-PB1,545,0,1,0,2954,2955,C
2-PB1,546,2930,1,1,0,2932,A
2-PB1,547,2940,0,1,0,2941,A
2-PB1,548,0,1,0,2916,2917,C
2-PB1,549,2896,0,1,0,2897,A
2-PB1,550,1,0,0,2893,2894,C
2-PB1,551,2864,0,2,0,2866,A
2-PB1,552,0,0,0,2880,2880,C
2-PB1,553,0,2832,0,1,2833,T
2-PB1,554,1,2831,0,1,2833,T
2-PB1,555,0,2825,1,0,2826,T
2-PB1,556,0,0,0,2846,2846,C
2-PB1,557,2865,0,1,0,2866,A
2-PB1,558,2868,0,1,0,2869,A
2-PB1,559,2859,0,1,0,2860,A
2-PB1,560,1,0,2876,0,2877,G
2-PB1,561,2854,1,1,0,2856,A
2-PB1,562,2857,0,0,0,2857,A
2-PB1,563,2860,0,1,0,2861,A
2-PB1,564,2864,0,1,0,2865,A
2-PB1,565,2869,0,2,0,2871,A
2-PB1,566,0,2,2871,0,2873,G
2-PB1,567,0,0,2883,0,2883,G
2-PB1,568,2835,1,2,0,2838,A
2-PB1,569,1,3,2905,0,2909,G
2-PB1,570,2894,1,5,0,2900,A
2-PB1,571,1,0,2994,0,2995,G
2-PB1,572,0,2966,0,0,2966,T
2-PB1,573,3005,0,0,0,3005,A
2-PB1,574,3007,1,0,3,3011,A
2-PB1,575,1,1,2994,0,2996,G
2-PB1,576,0,0,2991,0,2991,G
2-PB1,577,2,1,2981,0,2984,G
2-PB1,578,2984,0,2,0,2986,A
2-PB1,579,2,0,1,2982,2985,C
2-PB1,580,2965,0,1,0,2966,A
2-PB1,581,2974,0,0,0,2974,A
2-PB1,582,0,0,0,2928,2928,C
2-PB1,583,2956,0,2,0,2958,A
2-PB1,584,0,2901,1,1,2903,T
2-PB1,585,1,1,2910,0,2912,G
2-PB1,586,2910,0,3,0,2913,A
2-PB1,587,0,1,0,2865,2866,C
2-PB1,588,0,0,0,2857,2857,C
2-PB1,589,2895,0,0,0,2895,A
2-PB1,590,2890,0,1,0,2891,A
2-PB1,591,1,0,2900,0,2901,G
2-PB1,592,2905,1,0,0,2906,A
2-PB1,593,2904,0,1,0,2905,A
2-PB1,594,2873,0,0,0,2873,A
2-PB1,595,2869,0,0,0,2869,A
2-PB1,596,0,2853,0,1,2854,T
2-PB1,597,0,0,2875,0,2875,G
2-PB1,598,0,1,2842,0,2843,G
2-PB1,599,0,2820,0,3,2823,T
2-PB1,600,2,1,0,2811,2814,C
2-PB1,601,2844,0,5,0,2849,A
2-PB1,602,0,1,0,2994,2995,C
2-PB1,603,3042,0,2,0,3044,A
2-PB1,604,0,0,0,3049,3049,C
2-PB1,605,3045,0,1,0,3046,A
2-PB1,606,3175,0,2,0,3177,A
2-PB1,607,3140,0,2,0,3142,A
2-PB1,608,1,1,3245,0,3247,G
2-PB1,609,339,1,2795,0,3135,G
2-PB1,610,3243,0,1,0,3244,A
2-PB1,611,1,0,0,3335,3336,C
2-PB1,612,3344,0,0,0,3344,A
2-PB1,613,3358,0,1,0,3359,A
2-PB1,614,0,3349,0,0,3349,T
2-PB1,615,3329,0,2,0,3331,A
2-PB1,616,0,1,3319,0,3320,G
2-PB1,617,2,0,3215,0,3217,G
2-PB1,618,0,0,3228,0,3228,G
2-PB1,619,3208,0,0,0,3208,A
2-PB1,620,3181,0,1,1,3183,A
2-PB1,621,0,2,3200,0,3202,G
2-PB1,622,3193,0,2,0,3195,A
2-PB1,623,3194,1,0,0,3195,A
2-PB1,624,3211,0,0,0,3211,A
2-PB1,625,3231,0,1,0,3232,A
2-PB1,626,3288,1,1,0,3290,A
2-PB1,627,3299,0,0,0,3299,A
2-PB1,628,0,0,0,3307,3307,C
2-PB1,629,3311,0,0,0,3311,A
2-PB1,630,3301,0,1,0,3302,A
2-PB1,631,3279,0,4,0,3283,A
2-PB1,632,0,0,3331,0,3331,G
2-PB1,633,3333,0,0,0,3333,A
2-PB1,634,0,0,3428,0,3428,G
2-PB1,635,0,3322,1,0,3323,T
2-PB1,636,0,2,3833,0,3835,G
2-PB1,637,3856,1,3,0,3860,A
2-PB1,638,3864,0,0,0,3864,A
2-PB1,639,0,3877,0,0,3877,T
2-PB1,640,3945,0,1,1,3947,A
2-PB1,641,3919,1,15,0,3935,A
2-PB1,642,0,2,3948,0,3950,G
2-PB1,643,3867,0,2,0,3869,A
2-PB1,644,0,1,3877,0,3878,G
2-PB1,645,3657,0,7,0,3664,A
2-PB1,646,0,2,3663,0,3665,G
2-PB1,647,1,0,3599,0,3600,G
2-PB1,648,0,1,0,3630,3631,C
2-PB1,649,0,3606,0,1,3607,T
2-PB1,650,3750,2,0,0,3752,A
2-PB1,651,0,1,0,3902,3903,C
2-PB1,652,0,0,0,3920,3920,C
2-PB1,653,0,3964,0,4,3968,T
2-PB1,654,4108,0,0,0,4108,A
2-PB1,655,4128,0,0,1,4129,A
2-PB1,656,0,4095,0,0,4095,T
2-PB1,657,4113,0,0,0,4113,A
2-PB1,658,4098,0,2,0,4100,A
2-PB1,659,0,0,4077,0,4077,G
2-PB1,660,3934,0,0,0,3934,A
2-PB1,661,1,0,3909,0,3910,G
2-PB1,662,1,2,0,3915,3918,C
2-PB1,663,0,3867,0,4,3871,T
2-PB1,664,0,3930,0,0,3930,T
2-PB1,665,0,3943,0,0,3943,T
2-PB1,666,0,0,3930,0,3930,G
2-PB1,667,4013,0,4,0,4017,A
2-PB1,668,0,1,0,4013,4014,C
2-PB1,669,4006,1,0,0,4007,A
2-PB1,670,0,3952,0,2,3954,T
2-PB1,671,0,3942,1,1,3944,T
2-PB1,672,0,1,4023,0,4024,G
2-PB1,673,4025,0,3,0,4028,A
2-PB1,674,4026,0,5,0,4031,A
2-PB1,675,0,0,0,4019,4019,C
2-PB1,676,4000,0,2,0,4002,A
2-PB1,677,0,1,0,4016,4017,C
2-PB1,678,1,2,4015,0,4018,G
2-PB1,679,4016,0,1,0,4017,A
2-PB1,680,0,4011,0,1,4012,T
2-PB1,681,1,1,4050,0,4052,G
2-PB1,682,4055,0,5,2,4062,A
2-PB1,683,0,2,1,4064,4067,C
2-PB1,684,0,0,0,4097,4097,C
2-PB1,685,4112,0,0,0,4112,A
2-PB1,686,4146,0,1,0,4147,A
2-PB1,687,4158,0,3,0,4161,A
2-PB1,688,1,0,4235,0,4236,G
2-PB1,689,4274,0,1,0,4275,A
2-PB1,690,0,4212,0,1,4213,T
2-PB1,691,0,1,4252,0,4253,G
2-PB1,692,0,2,0,4187,4189,C
2-PB1,693,4218,0,5,0,4223,A
2-PB1,694,0,0,4250,0,4250,G
2-PB1,695,4203,0,0,1,4204,A
2-PB1,696,0,2,4195,0,4197,G
2-PB1,697,4069,1,2,0,4072,A
2-PB1,698,0,1,4060,0,4061,G
2-PB1,699,4029,0,4,0,4033,A
2-PB1,700,1,1,4007,0,4009,G
2-PB1,701,1,0,4000,0,4001,G
2-PB1,702,0,0,1,3975,3976,C
2-PB1,703,4002,0,0,0,4002,A
2-PB1,704,4000,0,1,0,4001,A
2-PB1,705,4024,0,3,0,4027,A
2-PB1,706,0,4021,0,0,4021,T
2-PB1,707,0,4041,0,1,4042,T
2-PB1,708,4051,0,1,0,4052,A
2-PB1,709,4036,0,0,0,4036,A
2-PB1,710,4047,0,1,1,4049,A
2-PB1,711,4059,0,1,0,4060,A
2-PB1,712,4038,0,1,0,4039,A
2-PB1,713,0,0,4032,0,4032,G
2-PB1,714,4001,0,1,0,4002,A
2-PB1,715,3999,0,0,0,3999,A
2-PB1,716,0,2,4030,0,4032,G
2-PB1,717,0,0,4122,0,4122,G
2-PB1,718,0,1,4112,0,4113,G
2-PB1,719,1,1,0,4161,4163,C
2-PB1,720,0,4170,0,2,4172,T
2-PB1,721,4210,0,0,0,4210,A
2-PB1,722,0,4258,0,5,4263,T
2-PB1,723,0,4277,1,0,4278,T
2-PB1,724,1,0,4290,0,4291,G
2-PB1,725,0,0,0,4264,4264,C
2-PB1,726,4175,1,3,0,4179,A
2-PB1,727,4188,0,2,0,4190,A
2-PB1,728,0,2,0,4165,4167,C
2-PB1,729,4141,0,1,0,4142,A
2-PB1,730,0,0,0,4201,4201,C
2-PB1,731,0,0,0,4100,4100,C
2-PB1,732,2,1,0,4097,4100,C
2-PB1,733,0,3,4110,0,4113,G
2-PB1,734,1,0,4088,0,4089,G
2-PB1,735,0,1,4103,0,4104,G
2-PB1,736,4110,0,0,0,4110,A
2-PB1,737,0,4082,0,2,4084,T
2-PB1,738,1,0,4099,0,4100,G
2-PB1,739,1,1,0,4076,4078,C
2-PB1,740,4128,0,0,0,4128,A
2-PB1,741,4201,1,0,0,4202,A
2-PB1,742,4245,0,0,0,4245,A
2-PB1,743,0,4227,0,1,4228,T
2-PB1,744,0,4238,0,0,4238,T
2-PB1,745,4217,0,1,1,4219,A
2-PB1,746,0,1,4229,0,4230,G
2-PB1,747,4181,1,6,0,4188,A
2-PB1,748,0,4,4196,0,4200,G
2-PB1,749,0,4,4129,0,4133,G
2-PB1,750,2,1,4231,0,4234,G
2-PB1,751,0,4152,0,1,4153,T
2-PB1,752,1,4211,0,1,4213,T
2-PB1,753,3,2,0,4230,4235,C
2-PB1,754,1,2,4305,0,4308,G
2-PB1,755,1,4290,0,1,4292,T
2-PB1,756,0,0,4304,0,4304,G
2-PB1,757,0,4254,0,1,4255,T
2-PB1,758,4248,1,0,1,4250,A
2-PB1,759,1,1,0,4240,4242,C
2-PB1,760,1,3988,0,3,3992,T
2-PB1,761,1,4013,0,3,4017,T
2-PB1,762,1,0,0,3999,4000,C
2-PB1,763,1,0,3982,0,3983,G
2-PB1,764,0,3982,0,1,3983,T
2-PB1,765,0,3974,0,6,3980,T
2-PB1,766,1,0,3981,0,3982,G
2-PB1,767,3942,0,0,0,3942,A
2-PB1,768,3973,0,2,0,3975,A
2-PB1,769,3975,0,1,0,3976,A
2-PB1,770,0,1,0,4001,4002,C
2-PB1,771,0,3978,0,0,3978,T
2-PB1,772,1,3974,0,0,3975,T
2-PB1,773,0,3982,1,0,3983,T
2-PB1,774,4064,0,2,0,4066,A
2-PB1,775,0,0,4078,0,4078,G
2-PB1,776,1,2,0,4079,4082,C
2-PB1,777,0,4085,0,0,4085,T
2-PB1,778,4027,3,0,0,4030,A
2-PB1,779,0,0,4027,0,4027,G
2-PB1,780,4025,0,0,0,4025,A
2-PB1,781,4019,0,2,0,4021,A
2-PB1,782,0,0,4042,0,4042,G
2-PB1,783,0,0,0,3935,3935,C
2-PB1,784,3943,0,0,0,3943,A
2-PB1,785,0,3916,0,0,3916,T
2-PB1,786,0,3943,0,0,3943,T
2-PB1,787,0,3925,0,1,3926,T
2-PB1,788,0,0,3936,0,3936,G
2-PB1,789,0,2,0,3917,3919,C
2-PB1,790,1,1,3939,0,3941,G
2-PB1,791,3935,0,0,0,3935,A
2-PB1,792,3929,0,0,1,3930,A
2-PB1,793,3945,0,0,0,3945,A
2-PB1,794,4021,0,2,0,4023,A
2-PB1,795,1,1,4054,0,4056,G
2-PB1,796,0,1,0,4068,4069,C
2-PB1,797,0,4073,0,4,4077,T
2-PB1,798,1,4075,0,0,4076,T
2-PB1,799,1,0,4076,0,4077,G
2-PB1,800,4076,0,2,0,4078,A
2-PB1,801,4052,0,1,0,4053,A
2-PB1,802,0,1,0,4096,4097,C
2-PB1,803,4003,0,1,0,4004,A
2-PB1,804,1,1,4411,0,4413,G
2-PB1,805,0,4322,0,5,4327,T
2-PB1,806,1,1,0,4366,4368,C
2-PB1,807,0,4363,1,2,4366,T
2-PB1,808,0,1,4378,0,4379,G
2-PB1,809,0,0,4370,0,4370,G
2-PB1,810,4354,0,4,1,4359,A
2-PB1,811,0,0,0,4374,4374,C
2-PB1,812,0,4212,0,2,4214,T
2-PB1,813,0,3873,0,1,3874,T
2-PB1,814,0,0,0,3867,3867,C
2-PB1,815,2,0,0,3847,3849,C
2-PB1,816,2,0,3909,0,3911,G
2-PB1,817,1,0,3901,0,3902,G
2-PB1,818,0,3836,0,0,3836,T
2-PB1,819,0,3864,0,0,3864,T
2-PB1,820,5,1,3859,0,3865,G
2-PB1,821,1,4,3855,0,3860,G
2-PB1,822,1,2,3883,2,3888,G
2-PB1,823,2,1,3915,0,3918,G
2-PB1,824,1,0,3936,0,3937,G
2-PB1,825,0,3875,0,1,3876,T
2-PB1,826,3905,0,1,0,3906,A
2-PB1,827,3929,0,2,0,3931,A
2-PB1,828,1,3937,0,0,3938,T
2-PB1,829,0,1,3953,0,3954,G
2-PB1,830,3911,0,5,0,3916,A
2-PB1,831,3873,0,0,0,3873,A
2-PB1,832,3879,1,1,0,3881,A
2-PB1,833,3837,0,25,0,3862,A
2-PB1,834,0,1,3844,0,3845,G
2-PB1,835,3817,0,1,0,3818,A
2-PB1,836,3787,0,1,0,3788,A
2-PB1,837,0,0,3781,0,3781,G
2-PB1,838,0,0,3734,0,3734,G
2-PB1,839,0,0,0,3715,3715,C
2-PB1,840,0,1,0,3760,3761,C
2-PB1,841,3793,0,1,0,3794,A
2-PB1,842,3789,0,0,0,3789,A
2-PB1,843,3778,0,5,0,3783,A
2-PB1,844,3,0,0,3773,3776,C
2-PB1,845,0,3786,0,0,3786,T
2-PB1,846,1,1,3822,0,3824,G
2-PB1,847,2,1,3808,0,3811,G
2-PB1,848,0,2,0,3811,3813,C
2-PB1,849,3836,0,3,0,3839,A
2-PB1,850,3816,0,1,0,3817,A
2-PB1,851,3820,1,0,0,3821,A
2-PB1,852,0,3835,0,0,3835,T
2-PB1,853,0,1,3844,0,3845,G
2-PB1,854,0,3811,0,1,3812,T
2-PB1,855,0,3756,0,1,3757,T
2-PB1,856,2,1,3751,0,3754,G
2-PB1,857,1,3718,1,2,3722,T
2-PB1,858,1,0,3759,0,3760,G
2-PB1,859,3762,1,3,0,3766,A
2-PB1,860,0,2,3750,1,3753,G
2-PB1,861,3760,0,0,2,3762,A
2-PB1,862,3737,0,0,0,3737,A
2-PB1,863,3727,1,0,0,3728,A
2-PB1,864,3733,0,0,0,3733,A
2-PB1,865,3748,1,3,0,3752,A
2-PB1,866,0,3716,1,0,3717,T
2-PB1,867,0,0,3751,1,3752,G
2-PB1,868,3722,0,1,1,3724,A
2-PB1,869,0,3682,0,0,3682,T
2-PB1,870,0,1,3730,0,3731,G
2-PB1,871,3693,0,1,0,3694,A
2-PB1,872,0,0,0,3697,3697,C
2-PB1,873,1,3728,1,0,3730,T
2-PB1,874,3752,0,0,1,3753,A
2-PB1,875,3797,0,1,0,3798,A
2-PB1,876,0,3742,0,0,3742,T
2-PB1,877,0,3789,0,3,3792,T
2-PB1,878,1,0,0,3853,3854,C
2-PB1,879,3836,0,1,0,3837,A
2-PB1,880,0,1,0,3847,3848,C
2-PB1,881,3822,0,0,0,3822,A
2-PB1,882,3802,0,9,0,3811,A
2-PB1,883,0,1,3810,0,3811,G
2-PB1,884,3846,0,3,0,3849,A
2-PB1,885,0,0,0,3843,3843,C
2-PB1,886,3797,1,0,0,3798,A
2-PB1,887,0,0,0,3785,3785,C
2-PB1,888,3763,0,2,0,3765,A
2-PB1,889,0,0,3769,0,3769,G
2-PB1,890,3745,0,1,0,3746,A
2-PB1,891,1,0,3696,0,3697,G
2-PB1,892,0,1,0,3646,3647,C
2-PB1,893,0,3626,0,4,3630,T
2-PB1,894,0,3717,1,2,3720,T
2-PB1,895,0,3667,0,2,3669,T
2-PB1,896,0,9,0,3709,3718,C
2-PB1,897,1,3695,0,5,3701,T
2-PB1,898,1,3672,1,0,3674,T
2-PB1,899,0,3690,0,2,3692,T
2-PB1,900,1,0,1,3703,3705,C
2-PB1,901,3662,0,1,0,3663,A
2-PB1,902,1,2,0,3714,3717,C
2-PB1,903,3664,0,0,0,3664,A
2-PB1,904,3648,0,3,0,3651,A
2-PB1,905,1,3651,0,4,3656,T
2-PB1,906,1,0,0,3715,3716,C
2-PB1,907,3740,0,0,0,3740,A
2-PB1,908,0,0,0,3771,3771,C
2-PB1,909,0,3747,0,0,3747,T
2-PB1,910,1,3,3759,0,3763,G
2-PB1,911,1,1,3716,0,3718,G
2-PB1,912,0,3,3893,0,3896,G
2-PB1,913,1,1,3867,0,3869,G
2-PB1,914,3821,0,4,0,3825,A
2-PB1,915,0,0,0,3608,3608,C
2-PB1,916,3718,0,1,1,3720,A
2-PB1,917,3925,0,3,0,3928,A
2-PB1,918,0,0,0,3971,3971,C
2-PB1,919,3965,1,0,0,3966,A
2-PB1,920,0,0,1,3972,3973,C
2-PB1,921,0,3816,0,0,3816,T
2-PB1,922,3847,0,0,0,3847,A
2-PB1,923,3824,0,3,0,3827,A
2-PB1,924,1,0,3833,0,3834,G
2-PB1,925,1,3769,0,3,3773,T
2-PB1,926,1,3,3524,0,3528,G
2-PB1,927,1,1,3493,0,3495,G
2-PB1,928,3492,0,0,0,3492,A
2-PB1,929,3500,0,3,0,3503,A
2-PB1,930,0,3495,0,1,3496,T
2-PB1,931,2,0,3488,1,3491,G
2-PB1,932,3512,0,1,0,3513,A
2-PB1,933,3463,0,0,0,3463,A
2-PB1,934,3471,0,0,0,3471,A
2-PB1,935,3477,0,1,0,3478,A
2-PB1,936,0,3370,0,0,3370,T
2-PB1,937,0,0,0,3448,3448,C
2-PB1,938,3480,0,0,0,3480,A
2-PB1,939,3452,0,3,0,3455,A
2-PB1,940,3451,0,1,0,3452,A
2-PB1,941,3397,0,0,0,3397,A
2-PB1,942,0,1,0,3474,3475,C
2-PB1,943,0,0,0,3437,3437,C
2-PB1,944,1,0,0,3438,3439,C
2-PB1,945,0,3407,0,3,3410,T
2-PB1,946,0,1,0,3449,3450,C
2-PB1,947,0,1,3443,0,3444,G
2-PB1,948,3425,0,0,0,3425,A
2-PB1,949,3433,0,0,0,3433,A
2-PB1,950,0,3443,0,0,3443,T
2-PB1,951,0,0,3450,0,3450,G
2-PB1,952,0,3416,0,4,3420,T
2-PB1,953,0,3383,0,2,3385,T
2-PB1,954,0,3445,0,0,3445,T
2-PB1,955,0,3437,0,0,3437,T
2-PB1,956,0,3436,0,2,3438,T
2-PB1,957,2,0,3405,0,3407,G
2-PB1,958,0,1,3387,0,3388,G
2-PB1,959,2,0,0,3381,3383,C
2-PB1,960,0,0,3372,0,3372,G
2-PB1,961,3358,0,2,0,3360,A
2-PB1,962,0,3470,0,1,3471,T
2-PB1,963,0,0,3571,0,3571,G
2-PB1,964,3741,0,0,0,3741,A
2-PB1,965,0,3754,0,3,3757,T
2-PB1,966,0,3762,0,0,3762,T
2-PB1,967,3780,0,3,0,3783,A
2-PB1,968,0,1,0,3781,3782,C
2-PB1,969,3806,0,2,0,3808,A
2-PB1,970,0,3789,0,1,3790,T
2-PB1,971,3571,0,2,0,3573,A
2-PB1,972,0,1,0,3590,3591,C
2-PB1,973,3219,0,3,0,3222,A
2-PB1,974,0,3201,0,2,3203,T
2-PB1,975,1,0,0,3201,3202,C
2-PB1,976,3185,1,0,0,3186,A
2-PB1,977,0,0,0,3183,3183,C
2-PB1,978,3175,0,0,0,3175,A
2-PB1,979,3187,0,0,0,3187,A
2-PB1,980,3177,0,1,0,3178,A
2-PB1,981,0,1,3031,1,3033,G
2-PB1,982,3167,0,0,0,3167,A
2-PB1,983,3174,0,0,1,3175,A
2-PB1,984,0,3134,0,1,3135,T
2-PB1,985,0,0,0,3157,3157,C
2-PB1,986,3174,0,1,0,3175,A
2-PB1,987,3179,1,1,0,3181,A
2-PB1,988,0,0,0,3201,3201,C
2-PB1,989,1,0,0,3190,3191,C
2-PB1,990,1,3061,1,0,3063,T
2-PB1,991,0,0,3104,1,3105,G
2-PB1,992,3092,1,0,0,3093,A
2-PB1,993,0,0,3072,0,3072,G
2-PB1,994,1,3032,0,1,3034,T
2-PB1,995,0,1,2997,0,2998,G
2-PB1,996,0,0,3127,0,3127,G
2-PB1,997,2,3114,0,0,3116,T
2-PB1,998,0,3115,0,0,3115,T
2-PB1,999,1,1,0,3149,3151,C
2-PB1,1000,3093,0,2,0,3095,A
2-PB1,1001,0,0,3161,0,3161,G
2-PB1,1002,3141,0,1,0,3142,A
2-PB1,1003,3152,1,1,0,3154,A
2-PB1,1004,3111,0,2,0,3113,A
2-PB1,1005,0,0,0,2754,2754,C
2-PB1,1006,2778,0,1,0,2779,A
2-PB1,1007,0,2713,0,2,2715,T
2-PB1,1008,1,0,0,2812,2813,C
2-PB1,1009,0,0,1,2832,2833,C
2-PB1,1010,0,2719,0,2,2721,T
2-PB1,1011,0,1,2720,0,2721,G
2-PB1,1012,2699,0,3,0,2702,A
2-PB1,1013,1,0,2710,0,2711,G
2-PB1,1014,0,0,0,2699,2699,C
2-PB1,1015,2627,0,0,0,2627,A
2-PB1,1016,0,2601,0,1,2602,T
2-PB1,1017,0,1,0,2595,2596,C
2-PB1,1018,1,0,2593,0,2594,G
2-PB1,1019,1,2,0,2680,2683,C
2-PB1,1020,2692,0,1,0,2693,A
2-PB1,1021,0,0,0,2720,2720,C
2-PB1,1022,1,0,0,2774,2775,C
2-PB1,1023,2787,0,1,0,2788,A
2-PB1,1024,2825,0,0,0,2825,A
2-PB1,1025,0,2808,1,0,2809,T
2-PB1,1026,2815,0,1,0,2816,A
2-PB1,1027,2812,0,2,0,2814,A
2-PB1,1028,0,2718,0,0,2718,T
2-PB1,1029,0,0,2732,0,2732,G
2-PB1,1030,0,2648,0,3,2651,T
2-PB1,1031,0,2605,0,1,2606,T
2-PB1,1032,28,0,0,2619,2647,C
2-PB1,1033,1,2630,0,0,2631,T
2-PB1,1034,1,0,0,2659,2660,C
2-PB1,1035,2687,0,0,0,2687,A
2-PB1,1036,2678,0,2,0,2680,A
2-PB1,1037,2674,0,1,0,2675,A
2-PB1,1038,0,0,0,2681,2681,C
2-PB1,1039,2678,0,0,0,2678,A
2-PB1,1040,2680,0,0,0,2680,A
2-PB1,1041,2662,1,0,0,2663,A
2-PB1,1042,2671,0,0,0,2671,A
2-PB1,1043,0,2672,0,1,2673,T
2-PB1,1044,0,0,2674,0,2674,G
2-PB1,1045,0,0,2658,0,2658,G
2-PB1,1046,0,0,0,2665,2665,C
2-PB1,1047,2656,0,2,0,2658,A
2-PB1,1048,2673,0,0,0,2673,A
2-PB1,1049,0,0,2678,0,2678,G
2-PB1,1050,2652,0,0,0,2652,A
2-PB1,1051,1,2623,0,1,2625,T
2-PB1,1052,0,2704,0,2,2706,T
2-PB1,1053,1,1,2723,0,2725,G
2-PB1,1054,0,0,2696,0,2696,G
2-PB1,1055,0,0,2737,0,2737,G
2-PB1,1056,2732,0,1,0,2733,A
2-PB1,1057,2737,0,2,0,2739,A
2-PB1,1058,2716,1,2,0,2719,A
2-PB1,1059,2707,0,3,0,2710,A
2-PB1,1060,0,2,2779,0,2781,G
2-PB1,1061,0,0,2772,0,2772,G
2-PB1,1062,2780,0,1,1,2782,A
2-PB1,1063,1,2771,0,1,2773,T
2-PB1,1064,2780,0,2,0,2782,A
2-PB1,1065,0,1,0,2787,2788,C
2-PB1,1066,2815,0,1,0,2816,A
2-PB1,1067,0,2799,0,0,2799,T
2-PB1,1068,0,0,2831,0,2831,G
2-PB1,1069,0,2741,0,2,2743,T
2-PB1,1070,1,2763,0,0,2764,T
2-PB1,1071,0,0,0,2766,2766,C
2-PB1,1072,1,0,2771,0,2772,G
2-PB1,1073,2746,0,1,0,2747,A
2-PB1,1074,1,1,2835,0,2837,G
2-PB1,1075,2780,0,0,0,2780,A
2-PB1,1076,0,1,2831,0,2832,G
2-PB1,1077,0,2797,0,0,2797,T
2-PB1,1078,2816,0,0,0,2816,A
2-PB1,1079,2818,2,4,0,2824,A
2-PB1,1080,0,0,2834,0,2834,G
2-PB1,1081,2830,1,4,0,2835,A
2-PB1,1082,1,0,2863,0,2864,G
2-PB1,1083,2804,0,3,0,2807,A
2-PB1,1084,2833,0,0,0,2833,A
2-PB1,1085,1,2808,0,0,2809,T
2-PB1,1086,0,1,2810,0,2811,G
2-PB1,1087,2813,0,2,0,2815,A
2-PB1,1088,2788,0,2,0,2790,A
2-PB1,1089,0,0,2782,0,2782,G
2-PB1,1090,0,0,0,2751,2751,C
2-PB1,1091,0,2708,0,0,2708,T
2-PB1,1092,0,0,1,2726,2727,C
2-PB1,1093,1,0,0,2740,2741,C
2-PB1,1094,0,0,2751,0,2751,G
2-PB1,1095,0,0,2775,0,2775,G
2-PB1,1096,2775,0,0,0,2775,A
2-PB1,1097,0,0,0,2803,2803,C
2-PB1,1098,2804,0,4,0,2808,A
2-PB1,1099,0,0,0,2832,2832,C
2-PB1,1100,2837,0,0,0,2837,A
2-PB1,1101,2832,0,2,0,2834,A
2-PB1,1102,2825,0,1,0,2826,A
2-PB1,1103,0,2806,0,1,2807,T
2-PB1,1104,2792,1,0,0,2793,A
2-PB1,1105,0,0,0,2806,2806,C
2-PB1,1106,0,0,0,2781,2781,C
2-PB1,1107,2,2750,0,1,2753,T
2-PB1,1108,1,0,2785,0,2786,G
2-PB1,1109,0,2,0,2789,2791,C
2-PB1,1110,2792,0,1,0,2793,A
2-PB1,1111,1,1,2792,0,2794,G
2-PB1,1112,2784,0,0,0,2784,A
2-PB1,1113,2780,0,0,0,2780,A
2-PB1,1114,2782,0,1,0,2783,A
2-PB1,1115,0,2766,1,0,2767,T
2-PB1,1116,0,0,2784,0,2784,G
2-PB1,1117,0,0,0,2753,2753,C
2-PB1,1118,1,2768,0,1,2770,T
2-PB1,1119,2818,0,1,0,2819,A
2-PB1,1120,1,1,2788,0,2790,G
2-PB1,1121,0,1,0,2793,2794,C
2-PB1,1122,2817,0,1,0,2818,A
2-PB1,1123,2804,1,2,0,2807,A
2-PB1,1124,0,0,2790,0,2790,G
2-PB1,1125,0,0,0,2772,2772,C
2-PB1,1126,2768,0,1,0,2769,A
2-PB1,1127,0,2795,0,0,2795,T
2-PB1,1128,0,2814,0,0,2814,T
2-PB1,1129,0,0,2899,0,2899,G
2-PB1,1130,2921,0,4,0,2925,A
2-PB1,1131,0,0,0,2902,2902,C
2-PB1,1132,1,1,0,2937,2939,C
2-PB1,1133,29,2866,1,4,2900,T
2-PB1,1134,0,0,2948,0,2948,G
2-PB1,1135,2957,0,0,0,2957,A
2-PB1,1136,2957,0,2,0,2959,A
2-PB1,1137,0,1,2993,0,2994,G
2-PB1,1138,0,2854,0,0,2854,T
2-PB1,1139,2880,0,0,0,2880,A
2-PB1,1140,0,2882,1,1,2884,T
2-PB1,1141,0,2878,0,3,2881,T
2-PB1,1142,0,2866,0,0,2866,T
2-PB1,1143,1,2,0,2840,2843,C
2-PB1,1144,2832,1,1,0,2834,A
2-PB1,1145,2834,0,0,0,2834,A
2-PB1,1146,0,2785,0,0,2785,T
2-PB1,1147,0,2,2799,0,2801,G
2-PB1,1148,2792,0,0,0,2792,A
2-PB1,1149,2795,0,0,0,2795,A
2-PB1,1150,0,2763,1,0,2764,T
2-PB1,1151,0,0,0,2806,2806,C
2-PB1,1152,2818,0,0,0,2818,A
2-PB1,1153,2806,0,2,0,2808,A
2-PB1,1154,0,0,0,2813,2813,C
2-PB1,1155,2814,0,1,0,2815,A
2-PB1,1156,2811,0,0,0,2811,A
2-PB1,1157,0,0,2803,0,2803,G
2-PB1,1158,1,0,2818,0,2819,G
2-PB1,1159,2804,1,0,0,2805,A
2-PB1,1160,2799,0,2,1,2802,A
2-PB1,1161,0,0,2804,1,2805,G
2-PB1,1162,2801,0,2,0,2803,A
2-PB1,1163,2800,0,0,0,2800,A
2-PB1,1164,2810,0,0,0,2810,A
2-PB1,1165,2810,0,0,0,2810,A
2-PB1,1166,0,2784,0,0,2784,T
2-PB1,1167,0,2780,0,0,2780,T
2-PB1,1168,0,0,2789,0,2789,G
2-PB1,1169,2775,0,1,1,2777,A
2-PB1,1170,1,1,2781,0,2783,G
2-PB1,1171,2787,1,0,0,2788,A
2-PB1,1172,2810,0,0,0,2810,A
2-PB1,1173,2851,0,0,0,2851,A
2-PB1,1174,2842,0,0,0,2842,A
2-PB1,1175,0,2834,0,0,2834,T
2-PB1,1176,2850,0,0,0,2850,A
2-PB1,1177,2850,0,2,0,2852,A
2-PB1,1178,0,0,2839,1,2840,G
2-PB1,1179,0,0,2845,0,2845,G
2-PB1,1180,0,1,0,2812,2813,C
2-PB1,1181,0,0,0,2820,2820,C
2-PB1,1182,1,2779,0,2,2782,T
2-PB1,1183,0,1,0,3155,3156,C
2-PB1,1184,0,3199,0,0,3199,T
2-PB1,1185,0,3190,0,1,3191,T
2-PB1,1186,1,1,0,3257,3259,C
2-PB1,1187,0,3255,0,0,3255,T
2-PB1,1188,3266,0,0,0,3266,A
2-PB1,1189,3265,1,0,0,3266,A
2-PB1,1190,0,3257,0,1,3258,T
2-PB1,1191,3297,0,0,1,3298,A
2-PB1,1192,0,0,3226,0,3226,G
2-PB1,1193,2976,0,1,0,2977,A
2-PB1,1194,0,2963,0,4,2967,T
2-PB1,1195,0,2,2919,0,2921,G
2-PB1,1196,0,0,2933,0,2933,G
2-PB1,1197,0,1,0,2890,2891,C
2-PB1,1198,2911,0,0,0,2911,A
2-PB1,1199,0,0,0,2975,2975,C
2-PB1,1200,2930,0,2,0,2932,A
2-PB1,1201,0,0,3041,0,3041,G
2-PB1,1202,0,1,0,3034,3035,C
2-PB1,1203,3041,0,0,0,3041,A
2-PB1,1204,0,3115,0,0,3115,T
2-PB1,1205,1,1,1,3091,3094,C
2-PB1,1206,3133,0,0,0,3133,A
2-PB1,1207,0,3115,0,2,3117,T
2-PB1,1208,0,3099,0,0,3099,T
2-PB1,1209,0,1,3092,0,3093,G
2-PB1,1210,3006,0,1,0,3007,A
2-PB1,1211,0,0,3080,0,3080,G
2-PB1,1212,0,2,1,3057,3060,C
2-PB1,1213,0,0,0,3032,3032,C
2-PB1,1214,0,0,0,3075,3075,C
2-PB1,1215,1,3057,1,2,3061,T
2-PB1,1216,0,1,3195,0,3196,G
2-PB1,1217,0,0,3239,0,3239,G
2-PB1,1218,3219,0,10,0,3229,A
2-PB1,1219,3296,0,1,0,3297,A
2-PB1,1220,0,3200,0,0,3200,T
2-PB1,1221,0,1,3270,1,3272,G
2-PB1,1222,3289,0,2,0,3291,A
2-PB1,1223,0,3294,0,0,3294,T
2-PB1,1224,0,0,3306,0,3306,G
2-PB1,1225,3284,0,0,0,3284,A
2-PB1,1226,1,3243,0,1,3245,T
2-PB1,1227,2,0,3240,0,3242,G
2-PB1,1228,0,1,3271,0,3272,G
2-PB1,1229,1,0,3262,0,3263,G
2-PB1,1230,0,1,0,3252,3253,C
2-PB1,1231,3286,0,1,0,3287,A
2-PB1,1232,0,3302,0,0,3302,T
2-PB1,1233,0,1,3376,0,3377,G
2-PB1,1234,0,3369,0,3,3372,T
2-PB1,1235,0,3373,0,1,3374,T
2-PB1,1236,2,0,0,3384,3386,C
2-PB1,1237,3378,0,3,0,3381,A
2-PB1,1238,3379,0,0,0,3379,A
2-PB1,1239,0,0,0,3380,3380,C
2-PB1,1240,3395,0,0,0,3395,A
2-PB1,1241,0,3372,0,0,3372,T
2-PB1,1242,3,0,3362,0,3365,G
2-PB1,1243,0,0,0,3350,3350,C
2-PB1,1244,0,3393,0,2,3395,T
2-PB1,1245,3431,0,0,0,3431,A
2-PB1,1246,3428,0,0,0,3428,A
2-PB1,1247,0,1,3485,0,3486,G
2-PB1,1248,0,3451,1,1,3453,T
2-PB1,1249,3443,0,1,0,3444,A
2-PB1,1250,0,2,0,3461,3463,C
2-PB1,1251,0,0,3457,0,3457,G
2-PB1,1252,0,0,3632,0,3632,G
2-PB1,1253,0,3594,0,0,3594,T
2-PB1,1254,0,3597,2,0,3599,T
2-PB1,1255,0,3621,0,0,3621,T
2-PB1,1256,0,3607,0,2,3609,T
2-PB1,1257,3624,0,10,0,3634,A
2-PB1,1258,0,0,3619,0,3619,G
2-PB1,1259,3,0,3603,0,3606,G
2-PB1,1260,3552,0,1,0,3553,A
2-PB1,1261,2,0,3520,0,3522,G
2-PB1,1262,0,3511,0,1,3512,T
2-PB1,1263,0,0,0,3526,3526,C
2-PB1,1264,0,3525,0,3,3528,T
2-PB1,1265,3,2,0,3557,3562,C
2-PB1,1266,1,0,3570,0,3571,G
2-PB1,1267,3635,0,0,0,3635,A
2-PB1,1268,0,3654,0,0,3654,T
2-PB1,1269,3646,0,1,0,3647,A
2-PB1,1270,0,0,3,3671,3674,C
2-PB1,1271,0,3603,0,2,3605,T
2-PB1,1272,1,0,3626,0,3627,G
2-PB1,1273,3608,0,0,1,3609,A
2-PB1,1274,3655,0,0,0,3655,A
2-PB1,1275,0,3659,0,2,3661,T
2-PB1,1276,0,1,0,3555,3556,C
2-PB1,1277,0,3556,0,3,3559,T
2-PB1,1278,0,3548,0,0,3548,T
2-PB1,1279,0,0,3556,0,3556,G
2-PB1,1280,0,0,3544,0,3544,G
2-PB1,1281,3533,0,4,0,3537,A
2-PB1,1282,0,0,0,3559,3559,C
2-PB1,1283,3504,0,2,1,3507,A
2-PB1,1284,3518,0,1,0,3519,A
2-PB1,1285,3520,0,3,0,3523,A
2-PB1,1286,3537,0,3,0,3540,A
2-PB1,1287,0,1,3601,0,3602,G
2-PB1,1288,3618,1,0,0,3619,A
2-PB1,1289,3617,0,1,0,3618,A
2-PB1,1290,3611,1,3,0,3615,A
2-PB1,1291,0,3597,0,1,3598,T
2-PB1,1292,3604,0,4,0,3608,A
2-PB1,1293,0,1,0,3701,3702,C
2-PB1,1294,3660,0,0,0,3660,A
2-PB1,1295,0,0,0,3693,3693,C
2-PB1,1296,0,0,0,3653,3653,C
2-PB1,1297,3651,0,1,0,3652,A
2-PB1,1298,3677,0,1,0,3678,A
2-PB1,1299,0,2,3770,0,3772,G
2-PB1,1300,3785,1,2,0,3788,A
2-PB1,1301,0,0,0,3848,3848,C
2-PB1,1302,3793,0,1,0,3794,A
2-PB1,1303,3847,2,4,0,3853,A
2-PB1,1304,0,0,0,3872,3872,C
2-PB1,1305,3916,0,1,0,3917,A
2-PB1,1306,1,3914,0,0,3915,T
2-PB1,1307,3878,0,1,0,3879,A
2-PB1,1308,0,1,0,3944,3945,C
2-PB1,1309,0,3797,0,1,3798,T
2-PB1,1310,0,2,3886,1,3889,G
2-PB1,1311,0,0,3856,0,3856,G
2-PB1,1312,1,3749,0,1,3751,T
2-PB1,1313,1,1,3766,1,3769,G
2-PB1,1314,0,0,3701,1,3702,G
2-PB1,1315,2,0,3746,0,3748,G
2-PB1,1316,3726,1,1,0,3728,A
2-PB1,1317,0,3661,0,1,3662,T
2-PB1,1318,0,1,3649,0,3650,G
2-PB1,1319,1,0,3622,0,3623,G
2-PB1,1320,0,0,3621,0,3621,G
2-PB1,1321,0,1,0,3670,3671,C
2-PB1,1322,0,3662,0,6,3668,T
2-PB1,1323,1,0,0,3697,3698,C
2-PB1,1324,1,0,1,3716,3718,C
2-PB1,1325,3722,0,0,0,3722,A
2-PB1,1326,3711,0,0,0,3711,A
2-PB1,1327,0,3679,0,0,3679,T
2-PB1,1328,2,1,0,3645,3648,C
2-PB1,1329,0,0,0,3637,3637,C
2-PB1,1330,2,3592,0,1,3595,T
2-PB1,1331,0,0,0,3590,3590,C
2-PB1,1332,1,1,0,3584,3586,C
2-PB1,1333,0,0,3609,0,3609,G
2-PB1,1334,3590,2,0,0,3592,A
2-PB1,1335,0,1,0,3600,3601,C
2-PB1,1336,0,0,3628,0,3628,G
2-PB1,1337,3603,0,0,0,3603,A
2-PB1,1338,0,3601,0,1,3602,T
2-PB1,1339,0,3584,0,1,3585,T
2-PB1,1340,0,3594,0,0,3594,T
2-PB1,1341,0,3594,0,2,3596,T
2-PB1,1342,0,1,3631,0,3632,G
2-PB1,1343,0,2,0,3619,3621,C
2-PB1,1344,0,0,1,3610,3611,C
2-PB1,1345,2,0,0,3735,3737,C
2-PB1,1346,0,3703,0,0,3703,T
2-PB1,1347,1,0,0,3851,3852,C
2-PB1,1348,3892,0,1,0,3893,A
2-PB1,1349,0,3903,0,3,3906,T
2-PB1,1350,3916,0,1,0,3917,A
2-PB1,1351,1,0,3944,0,3945,G
2-PB1,1352,0,3853,1,2,3856,T
2-PB1,1353,0,0,3897,0,3897,G
2-PB1,1354,3757,0,0,0,3757,A
2-PB1,1355,3760,1,0,0,3761,A
2-PB1,1356,0,3554,0,1,3555,T
2-PB1,1357,0,0,3552,0,3552,G
2-PB1,1358,0,2,0,3578,3580,C
2-PB1,1359,3544,0,16,0,3560,A
2-PB1,1360,0,2,0,3590,3592,C
2-PB1,1361,0,0,0,3557,3557,C
2-PB1,1362,3541,0,0,0,3541,A
2-PB1,1363,3546,0,0,0,3546,A
2-PB1,1364,3534,0,1,0,3535,A
2-PB1,1365,0,3422,0,1,3423,T
2-PB1,1366,1,0,0,3551,3552,C
2-PB1,1367,3537,0,0,1,3538,A
2-PB1,1368,0,3545,0,0,3545,T
2-PB1,1369,0,1,3547,0,3548,G
2-PB1,1370,3550,2,3,0,3555,A
2-PB1,1371,0,0,3589,0,3589,G
2-PB1,1372,1,1,3565,0,3567,G
2-PB1,1373,0,2,3572,0,3574,G
2-PB1,1374,3566,0,2,0,3568,A
2-PB1,1375,3619,0,3,0,3622,A
2-PB1,1376,1,3625,0,0,3626,T
2-PB1,1377,3629,0,1,0,3630,A
2-PB1,1378,0,1,0,3645,3646,C
2-PB1,1379,3652,0,2,0,3654,A
2-PB1,1380,3644,1,3,0,3648,A
2-PB1,1381,0,0,3607,0,3607,G
2-PB1,1382,0,0,0,3599,3599,C
2-PB1,1383,3575,0,1,0,3576,A
2-PB1,1384,0,1,3595,1,3597,G
2-PB1,1385,3,2,3594,0,3599,G
2-PB1,1386,3566,0,1,0,3567,A
2-PB1,1387,0,3,3606,0,3609,G
2-PB1,1388,0,3524,0,0,3524,T
2-PB1,1389,0,0,3582,0,3582,G
2-PB1,1390,0,0,3589,0,3589,G
2-PB1,1391,3578,1,3,0,3582,A
2-PB1,1392,0,3578,0,1,3579,T
2-PB1,1393,3506,0,0,0,3506,A
2-PB1,1394,0,0,3530,0,3530,G
2-PB1,1395,3547,0,0,0,3547,A
2-PB1,1396,0,3541,0,0,3541,T
2-PB1,1397,1,3533,0,1,3535,T
2-PB1,1398,0,0,0,3620,3620,C
2-PB1,1399,0,3626,0,0,3626,T
2-PB1,1400,3625,0,1,0,3626,A
2-PB1,1401,0,1,0,3621,3622,C
2-PB1,1402,3557,1,4,0,3562,A
2-PB1,1403,0,0,3552,0,3552,G
2-PB1,1404,1,1,3470,0,3472,G
2-PB1,1405,3502,0,1,1,3504,A
2-PB1,1406,1,0,0,3469,3470,C
2-PB1,1407,2,0,0,3426,3428,C
2-PB1,1408,0,3375,0,3,3378,T
2-PB1,1409,1,0,3398,0,3399,G
2-PB1,1410,0,1,0,3406,3407,C
2-PB1,1411,3430,0,3,1,3434,A
2-PB1,1412,3442,0,1,0,3443,A
2-PB1,1413,0,0,3460,0,3460,G
2-PB1,1414,0,3363,0,0,3363,T
2-PB1,1415,0,3381,0,0,3381,T
2-PB1,1416,3326,0,2,1,3329,A
2-PB1,1417,0,0,3333,0,3333,G
2-PB1,1418,1,3299,0,2,3302,T
2-PB1,1419,0,1,3305,0,3306,G
2-PB1,1420,1,0,3306,0,3307,G
2-PB1,1421,0,0,3320,0,3320,G
2-PB1,1422,3292,0,2,0,3294,A
2-PB1,1423,3306,0,0,0,3306,A
2-PB1,1424,1,3288,0,0,3289,T
2-PB1,1425,0,1,0,3310,3311,C
2-PB1,1426,3316,0,1,0,3317,A
2-PB1,1427,3316,0,2,0,3318,A
2-PB1,1428,0,0,0,3302,3302,C
2-PB1,1429,3310,0,0,0,3310,A
2-PB1,1430,0,3247,0,0,3247,T
2-PB1,1431,1,0,3253,0,3254,G
2-PB1,1432,3246,0,5,0,3251,A
2-PB1,1433,0,0,3262,0,3262,G
2-PB1,1434,0,0,0,3247,3247,C
2-PB1,1435,3244,0,0,0,3244,A
2-PB1,1436,3239,0,0,0,3239,A
2-PB1,1437,3247,0,0,0,3247,A
2-PB1,1438,3260,0,2,1,3263,A
2-PB1,1439,3259,0,0,0,3259,A
2-PB1,1440,0,1,3248,0,3249,G
2-PB1,1441,3209,0,2,0,3211,A
2-PB1,1442,3168,0,6,0,3174,A
2-PB1,1443,0,0,3254,0,3254,G
2-PB1,1444,0,3230,1,0,3231,T
2-PB1,1445,0,0,0,3229,3229,C
2-PB1,1446,2,0,0,3267,3269,C
2-PB1,1447,0,3278,0,2,3280,T
2-PB1,1448,3343,1,0,0,3344,A
2-PB1,1449,0,3331,0,0,3331,T
2-PB1,1450,3336,0,1,0,3337,A
2-PB1,1451,0,3330,0,0,3330,T
2-PB1,1452,3234,0,0,0,3234,A
2-PB1,1453,3239,0,0,0,3239,A
2-PB1,1454,3233,0,0,0,3233,A
2-PB1,1455,1,3215,0,1,3217,T
2-PB1,1456,3188,0,0,0,3188,A
2-PB1,1457,3174,0,1,0,3175,A
2-PB1,1458,3175,0,0,1,3176,A
2-PB1,1459,3152,0,2,0,3154,A
2-PB1,1460,1,1,0,3159,3161,C
2-PB1,1461,3060,0,0,0,3060,A
2-PB1,1462,0,1,3066,0,3067,G
2-PB1,1463,0,0,3047,0,3047,G
2-PB1,1464,1,0,3058,0,3059,G
2-PB1,1465,3033,0,3,0,3036,A
2-PB1,1466,0,1,0,3080,3081,C
2-PB1,1467,3045,0,0,0,3045,A
2-PB1,1468,0,3060,0,0,3060,T
2-PB1,1469,0,3061,0,3,3064,T
2-PB1,1470,0,3079,0,2,3081,T
2-PB1,1471,0,0,3079,0,3079,G
2-PB1,1472,3037,0,0,0,3037,A
2-PB1,1473,3061,0,0,0,3061,A
2-PB1,1474,0,3028,1,0,3029,T
2-PB1,1475,1,2970,1,18,2990,T
2-PB1,1476,1,0,0,3014,3015,C
2-PB1,1477,2970,0,3,0,2973,A
2-PB1,1478,0,0,0,2972,2972,C
2-PB1,1479,0,2972,0,3,2975,T
2-PB1,1480,2997,0,1,0,2998,A
2-PB1,1481,1,0,2980,0,2981,G
2-PB1,1482,1,1,0,2966,2968,C
2-PB1,1483,0,2953,0,3,2956,T
2-PB1,1484,1,2985,0,1,2987,T
2-PB1,1485,0,2982,1,0,2983,T
2-PB1,1486,2,2990,0,0,2992,T
2-PB1,1487,0,2991,0,0,2991,T
2-PB1,1488,0,2994,0,0,2994,T
2-PB1,1489,0,2973,0,1,2974,T
2-PB1,1490,2960,1,0,0,2961,A
2-PB1,1491,0,2941,0,1,2942,T
2-PB1,1492,2,1,1,2958,2962,C
2-PB1,1493,1,1,2976,0,2978,G
2-PB1,1494,3079,0,0,0,3079,A
2-PB1,1495,0,3072,1,1,3074,T
2-PB1,1496,3086,1,2,0,3089,A
2-PB1,1497,0,3122,0,0,3122,T
2-PB1,1498,0,0,3102,0,3102,G
2-PB1,1499,0,0,3098,0,3098,G
2-PB1,1500,3116,0,1,0,3117,A
2-PB1,1501,0,3067,0,1,3068,T
2-PB1,1502,0,3064,0,2,3066,T
2-PB1,1503,0,2956,0,1,2957,T
2-PB1,1504,0,0,2973,0,2973,G
2-PB1,1505,1,2921,0,0,2922,T
2-PB1,1506,1,0,2924,0,2925,G
2-PB1,1507,2,0,2905,0,2907,G
2-PB1,1508,1,0,0,2856,2857,C
2-PB1,1509,1,2918,1,6,2926,T
2-PB1,1510,2935,0,0,0,2935,A
2-PB1,1511,2951,0,0,0,2951,A
2-PB1,1512,0,2949,0,0,2949,T
2-PB1,1513,0,2966,0,0,2966,T
2-PB1,1514,0,2965,0,0,2965,T
2-PB1,1515,0,2962,0,0,2962,T
2-PB1,1516,2970,0,1,0,2971,A
2-PB1,1517,0,0,2961,0,2961,G
2-PB1,1518,0,1,0,2985,2986,C
2-PB1,1519,2966,0,1,0,2967,A
2-PB1,1520,0,2927,1,0,2928,T
2-PB1,1521,0,0,2876,0,2876,G
2-PB1,1522,0,0,2907,0,2907,G
2-PB1,1523,2907,0,2,1,2910,A
2-PB1,1524,0,0,2897,0,2897,G
2-PB1,1525,0,1,0,2870,2871,C
2-PB1,1526,0,2864,0,0,2864,T
2-PB1,1527,0,0,2871,0,2871,G
2-PB1,1528,0,1,0,2794,2795,C
2-PB1,1529,1,2,0,2774,2777,C
2-PB1,1530,1,0,0,2863,2864,C
2-PB1,1531,2788,1,2,0,2791,A
2-PB1,1532,0,0,2916,0,2916,G
2-PB1,1533,0,2919,0,0,2919,T
2-PB1,1534,0,2918,1,2,2921,T
2-PB1,1535,0,2915,0,2,2917,T
2-PB1,1536,0,2874,0,0,2874,T
2-PB1,1537,0,0,2879,0,2879,G
2-PB1,1538,0,0,2872,0,2872,G
2-PB1,1539,2849,1,5,1,2856,A
2-PB1,1540,24,0,2845,0,2869,G
2-PB1,1541,0,2610,0,0,2610,T
2-PB1,1542,2,0,2718,1,2721,G
2-PB1,1543,0,2692,0,3,2695,T
2-PB1,1544,1,0,0,2699,2700,C
2-PB1,1545,1,2724,0,2,2727,T
2-PB1,1546,1,0,2722,0,2723,G
2-PB1,1547,0,0,2777,0,2777,G
2-PB1,1548,2780,0,0,0,2780,A
2-PB1,1549,2778,0,0,0,2778,A
2-PB1,1550,0,2733,0,0,2733,T
2-PB1,1551,2454,0,28,0,2482,A
2-PB1,1552,2477,0,1,0,2478,A
2-PB1,1553,2476,0,1,0,2477,A
2-PB1,1554,0,0,0,2476,2476,C
2-PB1,1555,1,0,2442,0,2443,G
2-PB1,1556,2410,0,0,0,2410,A
2-PB1,1557,0,0,2394,0,2394,G
2-PB1,1558,0,2379,0,0,2379,T
2-PB1,1559,0,0,0,2413,2413,C
2-PB1,1560,2426,0,4,0,2430,A
2-PB1,1561,0,1,2438,0,2439,G
2-PB1,1562,0,0,0,2439,2439,C
2-PB1,1563,0,2437,0,1,2438,T
2-PB1,1564,0,0,2525,0,2525,G
2-PB1,1565,2499,0,0,0,2499,A
2-PB1,1566,0,2502,0,0,2502,T
2-PB1,1567,2509,0,0,0,2509,A
2-PB1,1568,0,2465,0,0,2465,T
2-PB1,1569,0,2,2471,0,2473,G
2-PB1,1570,2358,0,5,0,2363,A
2-PB1,1571,2,0,2387,0,2389,G
2-PB1,1572,0,0,0,2398,2398,C
2-PB1,1573,2265,0,0,0,2265,A
2-PB1,1574,1,2249,0,0,2250,T
2-PB1,1575,0,2254,0,1,2255,T
2-PB1,1576,0,1,2264,0,2265,G
2-PB1,1577,2,1,2346,0,2349,G
2-PB1,1578,2286,0,3,0,2289,A
2-PB1,1579,0,0,2289,0,2289,G
2-PB1,1580,0,2206,0,4,2210,T
2-PB1,1581,2216,0,0,0,2216,A
2-PB1,1582,2211,0,1,0,2212,A
2-PB1,1583,1,0,0,2216,2217,C
2-PB1,1584,2196,0,2,0,2198,A
2-PB1,1585,0,0,2214,0,2214,G
2-PB1,1586,0,1926,0,0,1926,T
2-PB1,1587,1,0,1935,0,1936,G
2-PB1,1588,1946,1,3,0,1950,A
2-PB1,1589,0,1954,0,1,1955,T
2-PB1,1590,1954,0,0,0,1954,A
2-PB1,1591,1950,0,0,0,1950,A
2-PB1,1592,1896,0,1,0,1897,A
2-PB1,1593,0,3,1894,0,1897,G
2-PB1,1594,1813,0,1,0,1814,A
2-PB1,1595,1798,0,0,0,1798,A
2-PB1,1596,0,1,0,1810,1811,C
2-PB1,1597,1754,0,0,0,1754,A
2-PB1,1598,1756,0,1,0,1757,A
2-PB1,1599,0,0,0,1768,1768,C
2-PB1,1600,1771,0,0,0,1771,A
2-PB1,1601,1,1763,1,1,1766,T
2-PB1,1602,0,2,1740,0,1742,G
2-PB1,1603,1729,0,5,0,1734,A
2-PB1,1604,0,1745,0,0,1745,T
2-PB1,1605,1713,0,1,0,1714,A
2-PB1,1606,1724,0,2,0,1726,A
2-PB1,1607,1669,0,0,0,1669,A
2-PB1,1608,0,0,0,1681,1681,C
2-PB1,1609,1580,0,0,0,1580,A
2-PB1,1610,1570,1,0,0,1571,A
2-PB1,1611,0,1525,0,1,1526,T
2-PB1,1612,1,2,1521,0,1524,G
2-PB1,1613,1554,0,2,0,1556,A
2-PB1,1614,0,0,0,1566,1566,C
2-PB1,1615,0,1,0,1535,1536,C
2-PB1,1616,1,1471,0,0,1472,T
2-PB1,1617,0,1443,0,0,1443,T
2-PB1,1618,0,0,1445,0,1445,G
2-PB1,1619,0,0,1452,0,1452,G
2-PB1,1620,1467,0,2,0,1469,A
2-PB1,1621,1,2,0,1462,1465,C
2-PB1,1622,0,0,0,1458,1458,C
2-PB1,1623,1454,0,1,0,1455,A
2-PB1,1624,0,0,1468,0,1468,G
2-PB1,1625,1,0,0,1476,1477,C
2-PB1,1626,1482,0,3,0,1485,A
2-PB1,1627,1474,1,1,0,1476,A
2-PB1,1628,1,1,1,1459,1462,C
2-PB1,1629,1454,0,2,0,1456,A
2-PB1,1630,1,0,1475,0,1476,G
2-PB1,1631,0,2,0,1471,1473,C
2-PB1,1632,0,0,0,1474,1474,C
2-PB1,1633,0,0,0,1476,1476,C
2-PB1,1634,1489,0,2,0,1491,A
2-PB1,1635,1491,0,0,0,1491,A
2-PB1,1636,1484,0,0,0,1484,A
2-PB1,1637,1,1457,0,1,1459,T
2-PB1,1638,0,0,1463,0,1463,G
2-PB1,1639,0,0,1425,0,1425,G
2-PB1,1640,0,0,0,1430,1430,C
2-PB1,1641,0,1413,0,3,1416,T
2-PB1,1642,0,1,0,1457,1458,C
2-PB1,1643,0,1450,0,3,1453,T
2-PB1,1644,1,0,0,1478,1479,C
2-PB1,1645,2,1,0,1492,1495,C
2-PB1,1646,1506,0,0,0,1506,A
2-PB1,1647,1503,0,0,0,1503,A
2-PB1,1648,0,1486,0,0,1486,T
2-PB1,1649,0,1471,0,0,1471,T
2-PB1,1650,0,0,1485,0,1485,G
2-PB1,1651,1,1467,0,2,1470,T
2-PB1,1652,0,1465,0,0,1465,T
2-PB1,1653,1,1,0,1462,1464,C
2-PB1,1654,1472,0,1,0,1473,A
2-PB1,1655,0,1459,0,1,1460,T
2-PB1,1656,0,0,0,1475,1475,C
2-PB1,1657,1479,0,1,0,1480,A
2-PB1,1658,1477,0,0,0,1477,A
2-PB1,1659,1471,0,1,0,1472,A
2-PB1,1660,0,0,1506,0,1506,G
2-PB1,1661,1501,0,1,0,1502,A
2-PB1,1662,0,1494,0,0,1494,T
2-PB1,1663,0,1502,0,0,1502,T
2-PB1,1664,1513,0,1,0,1514,A
2-PB1,1665,1,0,0,1526,1527,C
2-PB1,1666,1538,0,0,1,1539,A
2-PB1,1667,0,1,1550,0,1551,G
2-PB1,1668,1552,0,1,0,1553,A
2-PB1,1669,0,1591,0,0,1591,T
2-PB1,1670,1607,0,1,0,1608,A
2-PB1,1671,1,0,0,1695,1696,C
2-PB1,1672,1729,1,1,0,1731,A
2-PB1,1673,0,0,0,1844,1844,C
2-PB1,1674,1818,0,0,1,1819,A
2-PB1,1675,0,1828,0,0,1828,T
2-PB1,1676,1816,0,0,0,1816,A
2-PB1,1677,0,1796,0,0,1796,T
2-PB1,1678,1771,0,0,0,1771,A
2-PB1,1679,0,1,1754,1,1756,G
2-PB1,1680,0,0,1733,0,1733,G
2-PB1,1681,1,1628,0,4,1633,T
2-PB1,1682,0,0,1629,0,1629,G
2-PB1,1683,0,1,1,1682,1684,C
2-PB1,1684,1,1,0,1709,1711,C
2-PB1,1685,1764,0,1,1,1766,A
2-PB1,1686,0,1759,0,0,1759,T
2-PB1,1687,1748,0,0,1,1749,A
2-PB1,1688,0,0,1773,0,1773,G
2-PB1,1689,1735,0,2,1,1738,A
2-PB1,1690,0,0,1748,0,1748,G
2-PB1,1691,0,0,1735,0,1735,G
2-PB1,1692,1662,2,1,1,1666,A
2-PB1,1693,0,0,1673,0,1673,G
2-PB1,1694,1650,1,1,0,1652,A
2-PB1,1695,0,1,0,1678,1679,C
2-PB1,1696,1669,0,0,0,1669,A
2-PB1,1697,0,0,0,1684,1684,C
2-PB1,1698,1688,0,1,1,1690,A
2-PB1,1699,0,0,0,1694,1694,C
2-PB1,1700,1686,1,1,1,1689,A
2-PB1,1701,1689,0,0,0,1689,A
2-PB1,1702,1702,0,0,0,1702,A
2-PB1,1703,0,1687,1,1,1689,T
2-PB1,1704,1,0,0,1691,1692,C
2-PB1,1705,1,3,0,1695,1699,C
2-PB1,1706,1685,1,2,0,1688,A
2-PB1,1707,0,0,1701,0,1701,G
2-PB1,1708,1690,0,0,1,1691,A
2-PB1,1709,1,15,0,1687,1703,C
2-PB1,1710,0,1,1709,0,1710,G
2-PB1,1711,1687,0,1,1,1689,A
2-PB1,1712,0,0,1698,0,1698,G
2-PB1,1713,1700,0,0,0,1700,A
2-PB1,1714,1697,0,1,2,1700,A
2-PB1,1715,0,1,1701,0,1702,G
2-PB1,1716,1697,0,0,0,1697,A
2-PB1,1717,0,1692,0,0,1692,T
2-PB1,1718,0,0,0,1679,1679,C
2-PB1,1719,1691,0,1,1,1693,A
2-PB1,1720,0,1679,0,0,1679,T
2-PB1,1721,0,1677,0,0,1677,T
2-PB1,1722,0,0,0,1690,1690,C
2-PB1,1723,1,0,1688,0,1689,G
2-PB1,1724,1680,0,0,1,1681,A
2-PB1,1725,0,0,1687,0,1687,G
2-PB1,1726,1662,0,0,0,1662,A
2-PB1,1727,0,1727,0,0,1727,T
2-PB1,1728,1723,1,0,0,1724,A
2-PB1,1729,1735,0,0,0,1735,A
2-PB1,1730,1736,0,0,0,1736,A
2-PB1,1731,1,0,1721,0,1722,G
2-PB1,1732,1730,0,0,0,1730,A
2-PB1,1733,1683,0,1,0,1684,A
2-PB1,1734,9,0,1680,0,1689,G
2-PB1,1735,0,0,0,1674,1674,C
2-PB1,1736,0,1670,0,0,1670,T
2-PB1,1737,1,0,1683,0,1684,G
2-PB1,1738,1,1661,0,2,1664,T
2-PB1,1739,0,0,1673,0,1673,G
2-PB1,1740,0,0,1669,0,1669,G
2-PB1,1741,0,0,1690,0,1690,G
2-PB1,1742,1699,0,2,0,1701,A
2-PB1,1743,0,1675,0,1,1676,T
2-PB1,1744,0,0,0,1683,1683,C
2-PB1,1745,1690,0,2,0,1692,A
2-PB1,1746,1687,0,0,0,1687,A
2-PB1,1747,1689,0,2,0,1691,A
2-PB1,1748,0,0,0,1691,1691,C
2-PB1,1749,0,1,0,1673,1674,C
2-PB1,1750,2,0,0,1675,1677,C
2-PB1,1751,1683,0,0,0,1683,A
2-PB1,1752,1703,0,0,0,1703,A
2-PB1,1753,0,1691,0,0,1691,T
2-PB1,1754,0,0,0,1711,1711,C
2-PB1,1755,1691,0,0,0,1691,A
2-PB1,1756,1675,0,1,0,1676,A
2-PB1,1757,0,1,1701,0,1702,G
2-PB1,1758,0,1,1678,0,1679,G
2-PB1,1759,1,1,1677,0,1679,G
2-PB1,1760,0,0,0,1696,1696,C
2-PB1,1761,1675,0,0,0,1675,A
2-PB1,1762,1,0,1712,0,1713,G
2-PB1,1763,0,0,1727,0,1727,G
2-PB1,1764,1739,0,0,0,1739,A
2-PB1,1765,0,0,0,1762,1762,C
2-PB1,1766,0,1735,0,0,1735,T
2-PB1,1767,1792,0,0,0,1792,A
2-PB1,1768,0,1773,0,1,1774,T
2-PB1,1769,0,1787,0,1,1788,T
2-PB1,1770,30,0,1765,0,1795,G
2-PB1,1771,0,0,1799,0,1799,G
2-PB1,1772,0,1756,0,1,1757,T
2-PB1,1773,1787,0,0,0,1787,A
2-PB1,1774,0,1759,0,1,1760,T
2-PB1,1775,2,0,0,1757,1759,C
2-PB1,1776,1722,0,0,0,1722,A
2-PB1,1777,0,0,1741,0,1741,G
2-PB1,1778,1741,0,0,0,1741,A
2-PB1,1779,1,1722,0,0,1723,T
2-PB1,1780,0,1,1654,0,1655,G
2-PB1,1781,0,1,1639,0,1640,G
2-PB1,1782,0,0,1639,0,1639,G
2-PB1,1783,0,0,1646,0,1646,G
2-PB1,1784,0,0,1658,0,1658,G
2-PB1,1785,1638,1,1,0,1640,A
2-PB1,1786,0,0,0,1633,1633,C
2-PB1,1787,0,0,0,1637,1637,C
2-PB1,1788,1650,0,0,0,1650,A
2-PB1,1789,1769,0,0,0,1769,A
2-PB1,1790,1771,0,2,0,1773,A
2-PB1,1791,0,0,0,1809,1809,C
2-PB1,1792,0,1795,0,0,1795,T
2-PB1,1793,0,1802,0,0,1802,T
2-PB1,1794,1798,0,1,0,1799,A
2-PB1,1795,0,1797,0,1,1798,T
2-PB1,1796,1791,1,1,0,1793,A
2-PB1,1797,0,0,0,1810,1810,C
2-PB1,1798,1690,0,0,0,1690,A
2-PB1,1799,1686,0,0,0,1686,A
2-PB1,1800,0,1643,0,1,1644,T
2-PB1,1801,1668,0,0,0,1668,A
2-PB1,1802,1,1661,0,0,1662,T
2-PB1,1803,0,0,0,1661,1661,C
2-PB1,1804,0,1,0,1656,1657,C
2-PB1,1805,2,0,1667,0,1669,G
2-PB1,1806,0,0,1671,0,1671,G
2-PB1,1807,1674,0,0,0,1674,A
2-PB1,1808,1674,0,1,0,1675,A
2-PB1,1809,0,1663,0,1,1664,T
2-PB1,1810,0,0,0,1667,1667,C
2-PB1,1811,0,1681,0,0,1681,T
2-PB1,1812,0,1677,0,1,1678,T
2-PB1,1813,0,1,0,1673,1674,C
2-PB1,1814,1677,0,6,0,1683,A
2-PB1,1815,0,2,0,1685,1687,C
2-PB1,1816,1682,0,0,0,1682,A
2-PB1,1817,0,1821,0,0,1821,T
2-PB1,1818,0,0,0,1827,1827,C
2-PB1,1819,1,1,0,1834,1836,C
2-PB1,1820,1,1,0,1852,1854,C
2-PB1,1821,0,1853,0,1,1854,T
2-PB1,1822,0,0,1865,0,1865,G
2-PB1,1823,1837,0,0,0,1837,A
2-PB1,1824,1834,0,0,0,1834,A
2-PB1,1825,0,0,1860,0,1860,G
2-PB1,1826,1,1738,0,1,1740,T
2-PB1,1827,1,0,0,1753,1754,C
2-PB1,1828,0,1740,0,0,1740,T
2-PB1,1829,1,0,1774,0,1775,G
2-PB1,1830,0,0,0,1771,1771,C
2-PB1,1831,0,1771,0,1,1772,T
2-PB1,1832,0,1790,0,0,1790,T
2-PB1,1833,1786,0,0,0,1786,A
2-PB1,1834,1782,0,0,0,1782,A
2-PB1,1835,1786,0,0,1,1787,A
2-PB1,1836,1739,0,0,0,1739,A
2-PB1,1837,0,1749,0,0,1749,T
2-PB1,1838,0,0,1737,0,1737,G
2-PB1,1839,0,1,1738,0,1739,G
2-PB1,1840,0,1,1731,0,1732,G
2-PB1,1841,1734,0,3,0,1737,A
2-PB1,1842,1,0,1743,0,1744,G
2-PB1,1843,2,0,0,1719,1721,C
2-PB1,1844,0,1763,0,0,1763,T
2-PB1,1845,0,0,1771,0,1771,G
2-PB1,1846,1747,0,1,0,1748,A
2-PB1,1847,0,1762,0,0,1762,T
2-PB1,1848,1,1,1777,0,1779,G
2-PB1,1849,0,0,1777,0,1777,G
2-PB1,1850,1780,0,2,0,1782,A
2-PB1,1851,0,1777,0,0,1777,T
2-PB1,1852,0,0,1777,0,1777,G
2-PB1,1853,1772,0,0,0,1772,A
2-PB1,1854,0,0,1791,0,1791,G
2-PB1,1855,1807,0,1,0,1808,A
2-PB1,1856,1806,0,1,0,1807,A
2-PB1,1857,0,1785,0,0,1785,T
2-PB1,1858,0,1794,0,1,1795,T
2-PB1,1859,1792,0,0,0,1792,A
2-PB1,1860,1,1771,0,0,1772,T
2-PB1,1861,0,1,0,1787,1788,C
2-PB1,1862,1,3,1783,0,1787,G
2-PB1,1863,0,0,1756,0,1756,G
2-PB1,1864,0,0,1767,0,1767,G
2-PB1,1865,1,1,1762,0,1764,G
2-PB1,1866,1760,0,1,0,1761,A
2-PB1,1867,1766,0,0,0,1766,A
2-PB1,1868,0,1,1763,0,1764,G
2-PB1,1869,1766,0,2,0,1768,A
2-PB1,1870,0,0,0,1769,1769,C
2-PB1,1871,0,1766,0,0,1766,T
2-PB1,1872,0,1805,0,1,1806,T
2-PB1,1873,0,1817,0,0,1817,T
2-PB1,1874,0,0,1820,0,1820,G
2-PB1,1875,0,1818,0,2,1820,T
2-PB1,1876,1820,0,0,0,1820,A
2-PB1,1877,1811,0,1,0,1812,A
2-PB1,1878,0,1750,0,0,1750,T
2-PB1,1879,0,0,0,1758,1758,C
2-PB1,1880,1,0,0,1760,1761,C
2-PB1,1881,4,0,0,1740,1744,C
2-PB1,1882,0,0,0,1758,1758,C
2-PB1,1883,0,1756,0,1,1757,T
2-PB1,1884,0,1,1760,0,1761,G
2-PB1,1885,1745,0,0,0,1745,A
2-PB1,1886,1747,1,1,0,1749,A
2-PB1,1887,0,1753,0,0,1753,T
2-PB1,1888,0,0,0,1745,1745,C
2-PB1,1889,0,0,0,1732,1732,C
2-PB1,1890,1,0,0,1735,1736,C
2-PB1,1891,0,1728,0,1,1729,T
2-PB1,1892,0,1749,0,1,1750,T
2-PB1,1893,0,1747,0,0,1747,T
2-PB1,1894,0,0,1757,0,1757,G
2-PB1,1895,0,1737,0,0,1737,T
2-PB1,1896,1,0,0,1733,1734,C
2-PB1,1897,1727,2,3,0,1732,A
2-PB1,1898,1,0,1743,0,1744,G
2-PB1,1899,1,0,0,1712,1713,C
2-PB1,1900,1,0,0,1725,1726,C
2-PB1,1901,1740,0,1,0,1741,A
2-PB1,1902,0,1749,1,0,1750,T
2-PB1,1903,1745,0,1,0,1746,A
2-PB1,1904,1739,1,0,0,1740,A
2-PB1,1905,1742,0,1,0,1743,A
2-PB1,1906,0,0,1756,0,1756,G
2-PB1,1907,1727,0,0,0,1727,A
2-PB1,1908,1714,0,0,0,1714,A
2-PB1,1909,1708,1,0,0,1709,A
2-PB1,1910,0,1678,0,0,1678,T
2-PB1,1911,0,1700,0,1,1701,T
2-PB1,1912,1,0,1700,0,1701,G
2-PB1,1913,1692,0,1,0,1693,A
2-PB1,1914,0,1,1704,0,1705,G
2-PB1,1915,1,1714,0,0,1715,T
2-PB1,1916,1,1,0,1733,1735,C
2-PB1,1917,0,1733,0,1,1734,T
2-PB1,1918,0,0,1769,0,1769,G
2-PB1,1919,1,1771,0,0,1772,T
2-PB1,1920,1795,0,0,0,1795,A
2-PB1,1921,1795,0,0,0,1795,A
2-PB1,1922,1786,0,0,0,1786,A
2-PB1,1923,0,0,0,1792,1792,C
2-PB1,1924,1743,0,0,0,1743,A
2-PB1,1925,1769,0,0,0,1769,A
2-PB1,1926,0,1768,0,0,1768,T
2-PB1,1927,12,1,1727,0,1740,G
2-PB1,1928,0,0,0,1751,1751,C
2-PB1,1929,0,1750,0,1,1751,T
2-PB1,1930,0,0,1806,0,1806,G
2-PB1,1931,0,1786,0,0,1786,T
2-PB1,1932,1833,0,0,0,1833,A
2-PB1,1933,0,0,1832,0,1832,G
2-PB1,1934,0,1790,0,0,1790,T
2-PB1,1935,1793,0,2,0,1795,A
2-PB1,1936,1759,0,0,0,1759,A
2-PB1,1937,0,1744,0,0,1744,T
2-PB1,1938,0,0,1729,0,1729,G
2-PB1,1939,0,0,0,1699,1699,C
2-PB1,1940,1,0,0,1688,1689,C
2-PB1,1941,1666,0,1,0,1667,A
2-PB1,1942,1,0,1690,0,1691,G
2-PB1,1943,0,1,0,1714,1715,C
2-PB1,1944,0,0,0,1719,1719,C
2-PB1,1945,1,0,0,1715,1716,C
2-PB1,1946,1715,0,1,0,1716,A
2-PB1,1947,0,1702,0,1,1703,T
2-PB1,1948,0,0,1719,0,1719,G
2-PB1,1949,0,0,1731,0,1731,G
2-PB1,1950,0,1717,0,1,1718,T
2-PB1,1951,0,0,0,1680,1680,C
2-PB1,1952,0,0,0,1658,1658,C
2-PB1,1953,0,1639,0,6,1645,T
2-PB1,1954,1,0,1662,0,1663,G
2-PB1,1955,0,0,1,1631,1632,C
2-PB1,1956,0,0,1,1658,1659,C
2-PB1,1957,1664,0,1,0,1665,A
2-PB1,1958,1631,0,0,0,1631,A
2-PB1,1959,1630,0,0,0,1630,A
2-PB1,1960,1641,0,0,0,1641,A
2-PB1,1961,0,0,1656,0,1656,G
2-PB1,1962,0,1608,0,0,1608,T
2-PB1,1963,1633,0,1,0,1634,A
2-PB1,1964,0,1620,0,0,1620,T
2-PB1,1965,0,0,1632,0,1632,G
2-PB1,1966,1,0,1653,0,1654,G
2-PB1,1967,1649,0,2,0,1651,A
2-PB1,1968,1672,0,0,0,1672,A
2-PB1,1969,0,1658,0,1,1659,T
2-PB1,1970,1644,0,2,0,1646,A
2-PB1,1971,0,1635,0,0,1635,T
2-PB1,1972,1,0,1634,0,1635,G
2-PB1,1973,1631,0,0,0,1631,A
2-PB1,1974,0,1607,0,0,1607,T
2-PB1,1975,0,0,1572,0,1572,G
2-PB1,1976,0,0,0,1571,1571,C
2-PB1,1977,0,0,0,1552,1552,C
2-PB1,1978,0,0,1564,0,1564,G
2-PB1,1979,0,1567,0,0,1567,T
2-PB1,1980,0,1559,0,0,1559,T
2-PB1,1981,0,0,1563,0,1563,G
2-PB1,1982,1,0,0,1597,1598,C
2-PB1,1983,1610,0,0,0,1610,A
2-PB1,1984,1624,1,0,0,1625,A
2-PB1,1985,2,1,0,1633,1636,C
2-PB1,1986,0,1618,0,0,1618,T
2-PB1,1987,1619,0,0,0,1619,A
2-PB1,1988,0,0,0,1618,1618,C
2-PB1,1989,1611,0,1,0,1612,A
2-PB1,1990,0,1,0,1600,1601,C
2-PB1,1991,1544,0,1,0,1545,A
2-PB1,1992,0,0,0,1664,1664,C
2-PB1,1993,0,1590,0,1,1591,T
2-PB1,1994,1,0,1,1626,1628,C
2-PB1,1995,0,0,0,1633,1633,C
2-PB1,1996,0,1606,0,3,1609,T
2-PB1,1997,0,0,1619,0,1619,G
2-PB1,1998,0,1,1612,0,1613,G
2-PB1,1999,1619,0,0,0,1619,A
2-PB1,2000,0,1612,0,1,1613,T
2-PB1,2001,0,1437,0,0,1437,T
2-PB1,2002,1,0,1,1464,1466,C
2-PB1,2003,0,0,0,1473,1473,C
2-PB1,2004,0,1,0,1476,1477,C
2-PB1,2005,1493,0,0,0,1493,A
2-PB1,2006,1490,0,0,0,1490,A
2-PB1,2007,0,0,1495,0,1495,G
2-PB1,2008,1475,0,0,0,1475,A
2-PB1,2009,0,0,1476,0,1476,G
2-PB1,2010,0,0,1487,0,1487,G
2-PB1,2011,1464,0,0,0,1464,A
2-PB1,2012,1463,0,0,0,1463,A
2-PB1,2013,1,1,0,1464,1466,C
2-PB1,2014,0,1,0,1459,1460,C
2-PB1,2015,1,0,1479,0,1480,G
2-PB1,2016,0,0,0,1478,1478,C
2-PB1,2017,0,1470,0,1,1471,T
2-PB1,2018,1,1,0,1473,1475,C
2-PB1,2019,0,1472,0,0,1472,T
2-PB1,2020,1574,0,0,0,1574,A
2-PB1,2021,0,1571,0,2,1573,T
2-PB1,2022,0,1569,0,0,1569,T
2-PB1,2023,0,0,0,1590,1590,C
2-PB1,2024,0,1536,0,0,1536,T
2-PB1,2025,1543,0,0,0,1543,A
2-PB1,2026,1540,0,0,0,1540,A
2-PB1,2027,1527,0,0,0,1527,A
2-PB1,2028,0,0,0,1533,1533,C
2-PB1,2029,1419,0,0,0,1419,A
2-PB1,2030,0,0,0,1426,1426,C
2-PB1,2031,1399,1,0,0,1400,A
2-PB1,2032,1396,0,1,1,1398,A
2-PB1,2033,0,0,1412,0,1412,G
2-PB1,2034,0,0,0,1398,1398,C
2-PB1,2035,1,0,0,1414,1415,C
2-PB1,2036,1396,0,0,0,1396,A
2-PB1,2037,1388,0,0,0,1388,A
2-PB1,2038,1395,0,0,0,1395,A
2-PB1,2039,0,2,1419,0,1421,G
2-PB1,2040,0,0,1417,0,1417,G
2-PB1,2041,0,0,1383,0,1383,G
2-PB1,2042,0,0,1400,0,1400,G
2-PB1,2043,1391,0,1,0,1392,A
2-PB1,2044,1384,0,1,0,1385,A
2-PB1,2045,1,1392,0,0,1393,T
2-PB1,2046,0,1394,0,0,1394,T
2-PB1,2047,0,0,0,1396,1396,C
2-PB1,2048,1,1390,0,0,1391,T
2-PB1,2049,1,1394,0,1,1396,T
2-PB1,2050,2,0,1394,0,1396,G
2-PB1,2051,1407,0,2,0,1409,A
2-PB1,2052,0,0,1405,0,1405,G
2-PB1,2053,0,1,1396,0,1397,G
2-PB1,2054,1394,1,0,0,1395,A
2-PB1,2055,0,1395,0,1,1396,T
2-PB1,2056,0,1,1399,0,1400,G
2-PB1,2057,1398,0,1,0,1399,A
2-PB1,2058,1405,0,0,0,1405,A
2-PB1,2059,0,0,0,1409,1409,C
2-PB1,2060,1393,0,1,0,1394,A
2-PB1,2061,0,0,1415,0,1415,G
2-PB1,2062,1413,0,0,0,1413,A
2-PB1,2063,0,1406,0,0,1406,T
2-PB1,2064,0,0,1405,0,1405,G
2-PB1,2065,0,1428,0,1,1429,T
2-PB1,2066,1428,0,0,0,1428,A
2-PB1,2067,0,0,0,1433,1433,C
2-PB1,2068,1,2,0,1431,1434,C
2-PB1,2069,1413,0,0,0,1413,A
2-PB1,2070,0,0,1402,0,1402,G
2-PB1,2071,1388,1,0,0,1389,A
2-PB1,2072,1385,0,0,0,1385,A
2-PB1,2073,0,0,1394,0,1394,G
2-PB1,2074,0,1307,0,0,1307,T
2-PB1,2075,0,0,1324,0,1324,G
2-PB1,2076,0,0,0,1313,1313,C
2-PB1,2077,0,1324,0,0,1324,T
2-PB1,2078,0,0,1325,0,1325,G
2-PB1,2079,0,0,0,1321,1321,C
2-PB1,2080,1327,0,1,0,1328,A
2-PB1,2081,1317,0,0,0,1317,A
2-PB1,2082,0,0,0,1294,1294,C
2-PB1,2083,0,1289,0,0,1289,T
2-PB1,2084,0,1277,0,0,1277,T
2-PB1,2085,0,0,1279,0,1279,G
2-PB1,2086,0,1269,0,0,1269,T
2-PB1,2087,0,1267,0,0,1267,T
2-PB1,2088,0,0,0,1272,1272,C
2-PB1,2089,0,0,1279,0,1279,G
2-PB1,2090,1274,0,0,0,1274,A
2-PB1,2091,1,0,1274,0,1275,G
2-PB1,2092,1277,0,0,0,1277,A
2-PB1,2093,1277,0,0,0,1277,A
2-PB1,2094,1278,0,0,0,1278,A
2-PB1,2095,0,1267,0,0,1267,T
2-PB1,2096,0,1270,0,0,1270,T
2-PB1,2097,0,1264,0,0,1264,T
2-PB1,2098,0,1277,0,0,1277,T
2-PB1,2099,0,1269,0,0,1269,T
2-PB1,2100,0,0,0,1263,1263,C
2-PB1,2101,2,0,0,1264,1266,C
2-PB1,2102,0,0,0,1283,1283,C
2-PB1,2103,0,1279,1,0,1280,T
2-PB1,2104,1285,0,0,0,1285,A
2-PB1,2105,0,0,1291,0,1291,G
2-PB1,2106,0,1276,0,0,1276,T
2-PB1,2107,1290,1,0,0,1291,A
2-PB1,2108,0,0,1294,0,1294,G
2-PB1,2109,0,1281,0,1,1282,T
2-PB1,2110,0,1322,0,0,1322,T
2-PB1,2111,2,1,0,1333,1336,C
2-PB1,2112,1348,0,0,0,1348,A
2-PB1,2113,0,1343,0,0,1343,T
2-PB1,2114,1355,0,0,0,1355,A
2-PB1,2115,0,1348,0,0,1348,T
2-PB1,2116,1314,0,1,0,1315,A
2-PB1,2117,1,0,1307,0,1308,G
2-PB1,2118,0,2,1306,0,1308,G
2-PB1,2119,1151,0,1,0,1152,A
2-PB1,2120,0,1,1149,0,1150,G
2-PB1,2121,1068,0,1,0,1069,A
2-PB1,2122,0,0,0,1076,1076,C
2-PB1,2123,0,0,0,1033,1033,C
2-PB1,2124,0,0,1035,0,1035,G
2-PB1,2125,1027,0,0,0,1027,A
2-PB1,2126,0,1027,0,0,1027,T
2-PB1,2127,0,1027,0,0,1027,T
2-PB1,2128,0,0,1028,0,1028,G
2-PB1,2129,0,0,1030,0,1030,G
2-PB1,2130,1029,0,0,0,1029,A
2-PB1,2131,1026,0,0,0,1026,A
2-PB1,2132,0,1021,0,0,1021,T
2-PB1,2133,0,1026,0,1,1027,T
2-PB1,2134,0,1026,0,0,1026,T
2-PB1,2135,0,0,0,1031,1031,C
2-PB1,2136,0,1031,0,0,1031,T
2-PB1,2137,1031,0,0,0,1031,A
2-PB1,2138,0,0,1033,0,1033,G
2-PB1,2139,0,0,0,1026,1026,C
2-PB1,2140,1013,0,0,0,1013,A
2-PB1,2141,0,1015,0,0,1015,T
2-PB1,2142,0,1,1008,0,1009,G
2-PB1,2143,0,0,1027,0,1027,G
2-PB1,2144,0,1024,0,3,1027,T
2-PB1,2145,0,1,1021,0,1022,G
2-PB1,2146,0,0,1024,0,1024,G
2-PB1,2147,999,0,2,0,1001,A
2-PB1,2148,0,0,1012,0,1012,G
2-PB1,2149,0,0,998,0,998,G
2-PB1,2150,0,0,0,957,957,C
2-PB1,2151,0,0,0,989,989,C
2-PB1,2152,916,0,0,0,916,A
2-PB1,2153,0,914,0,0,914,T
2-PB1,2154,0,0,923,0,923,G
2-PB1,2155,0,1,927,0,928,G
2-PB1,2156,0,888,0,0,888,T
2-PB1,2157,0,0,903,0,903,G
2-PB1,2158,0,869,0,1,870,T
2-PB1,2159,1,0,0,853,854,C
2-PB1,2160,0,874,0,0,874,T
2-PB1,2161,878,0,0,0,878,A
2-PB1,2162,0,0,865,0,865,G
2-PB1,2163,0,1,829,0,830,G
2-PB1,2164,0,0,808,0,808,G
2-PB1,2165,0,0,0,763,763,C
2-PB1,2166,0,0,0,731,731,C
2-PB1,2167,0,0,0,741,741,C
2-PB1,2168,0,0,761,0,761,G
2-PB1,2169,0,0,771,0,771,G
2-PB1,2170,764,0,0,0,764,A
2-PB1,2171,0,757,0,0,757,T
2-PB1,2172,0,730,0,1,731,T
2-PB1,2173,0,0,727,0,727,G
2-PB1,2174,718,0,0,0,718,A
2-PB1,2175,0,724,0,0,724,T
2-PB1,2176,0,0,725,0,725,G
2-PB1,2177,0,1,0,707,708,C
2-PB1,2178,1,0,0,710,711,C
2-PB1,2179,710,0,3,0,713,A
2-PB1,2180,0,0,717,0,717,G
2-PB1,2181,717,0,0,0,717,A
2-PB1,2182,718,0,0,0,718,A
2-PB1,2183,0,703,0,0,703,T
2-PB1,2184,0,695,0,1,696,T
2-PB1,2185,0,0,698,0,698,G
2-PB1,2186,676,0,0,0,676,A
2-PB1,2187,0,0,0,686,686,C
2-PB1,2188,0,687,0,1,688,T
2-PB1,2189,0,673,0,0,673,T
2-PB1,2190,0,1,0,679,680,C
2-PB1,2191,0,1,679,0,680,G
2-PB1,2192,680,0,1,0,681,A
2-PB1,2193,0,0,676,0,676,G
2-PB1,2194,0,678,0,0,678,T
2-PB1,2195,0,0,0,681,681,C
2-PB1,2196,0,687,0,0,687,T
2-PB1,2197,0,0,683,0,683,G
2-PB1,2198,0,0,688,0,688,G
2-PB1,2199,689,0,0,0,689,A
2-PB1,2200,633,0,0,0,633,A
2-PB1,2201,0,0,642,0,642,G
2-PB1,2202,0,0,648,0,648,G
2-PB1,2203,651,0,0,0,651,A
2-PB1,2204,0,644,0,0,644,T
2-PB1,2205,0,646,0,0,646,T
2-PB1,2206,637,0,1,0,638,A
2-PB1,2207,643,0,0,0,643,A
2-PB1,2208,0,0,635,0,635,G
2-PB1,2209,641,0,0,0,641,A
2-PB1,2210,612,0,0,0,612,A
2-PB1,2211,2,0,556,0,558,G
2-PB1,2212,0,0,556,0,556,G
2-PB1,2213,556,0,0,0,556,A
2-PB1,2214,552,0,0,0,552,A
2-PB1,2215,0,0,552,0,552,G
2-PB1,2216,503,0,1,0,504,A
2-PB1,2217,0,0,509,0,509,G
2-PB1,2218,0,486,0,0,486,T
2-PB1,2219,0,472,0,0,472,T
2-PB1,2220,0,0,0,478,478,C
2-PB1,2221,0,463,0,0,463,T
2-PB1,2222,0,0,0,463,463,C
2-PB1,2223,0,459,0,1,460,T
2-PB1,2224,0,0,462,0,462,G
2-PB1,2225,451,0,0,0,451,A
2-PB1,2226,0,0,448,0,448,G
2-PB1,2227,442,0,0,0,442,A
2-PB1,2228,1,423,0,1,425,T
2-PB1,2229,0,0,0,400,400,C
2-PB1,2230,398,0,0,0,398,A
2-PB1,2231,0,400,0,0,400,T
2-PB1,2232,0,0,402,0,402,G
2-PB1,2233,399,0,0,0,399,A
2-PB1,2234,399,0,0,0,399,A
2-PB1,2235,0,0,386,0,386,G
2-PB1,2236,380,0,0,0,380,A
2-PB1,2237,0,374,0,0,374,T
2-PB1,2238,0,0,0,373,373,C
2-PB1,2239,0,353,0,0,353,T
2-PB1,2240,0,0,348,0,348,G
2-PB1,2241,0,349,0,0,349,T
2-PB1,2242,0,342,0,1,343,T
2-PB1,2243,0,0,0,342,342,C
2-PB1,2244,1,0,0,328,329,C
2-PB1,2245,323,0,0,0,323,A
2-PB1,2246,0,1,0,329,330,C
2-PB1,2247,0,0,0,309,309,C
2-PB1,2248,305,0,0,0,305,A
2-PB1,2249,0,285,0,0,285,T
2-PB1,2250,0,279,0,0,279,T
2-PB1,2251,0,0,276,0,276,G
2-PB1,2252,274,0,0,0,274,A
2-PB1,2253,271,0,0,0,271,A
2-PB1,2254,0,0,269,0,269,G
2-PB1,2255,233,0,0,0,233,A
2-PB1,2256,229,0,0,0,229,A
2-PB1,2257,0,0,0,230,230,C
2-PB1,2258,0,218,0,1,219,T
2-PB1,2259,0,0,0,216,216,C
2-PB1,2260,213,0,0,0,213,A
2-PB1,2261,0,0,214,0,214,G
2-PB1,2262,210,0,0,0,210,A
2-PB1,2263,0,0,0,203,203,C
2-PB1,2264,0,0,201,0,201,G
2-PB1,2265,0,0,192,0,192,G
2-PB1,2266,0,0,0,191,191,C
2-PB1,2267,194,0,0,0,194,A
2-PB1,2268,193,0,0,0,193,A
2-PB1,2269,192,0,0,0,192,A
2-PB1,2270,190,0,0,0,190,A
2-PB1,2271,191,0,0,0,191,A
2-PB1,2272,0,185,0,0,185,T
2-PB1,2273,180,0,0,0,180,A
2-PB1,2274,179,0,0,0,179,A
3-PA,1,27,0,0,0,27,A
3-PA,2,0,27,0,0,27,T
3-PA,3,0,0,27,0,27,G
3-PA,4,0,0,27,0,27,G
3-PA,5,27,0,0,0,27,A
3-PA,6,27,0,0,0,27,A
3-PA,7,0,0,29,0,29,G
3-PA,8,30,0,0,0,30,A
3-PA,9,0,30,0,0,30,T
3-PA,10,0,30,0,0,30,T
3-PA,11,0,30,0,0,30,T
3-PA,12,0,30,0,0,30,T
3-PA,13,0,0,31,0,31,G
3-PA,14,0,31,0,0,31,T
3-PA,15,0,0,32,0,32,G
3-PA,16,0,0,0,31,31,C
3-PA,17,0,0,32,0,32,G
3-PA,18,32,0,0,0,32,A
3-PA,19,0,0,0,32,32,C
3-PA,20,32,0,0,0,32,A
3-PA,21,32,0,0,0,32,A
3-PA,22,0,34,0,0,34,T
3-PA,23,0,0,44,0,44,G
3-PA,24,0,0,0,45,45,C
3-PA,25,0,45,0,0,45,T
3-PA,26,0,45,0,0,45,T
3-PA,27,0,0,0,45,45,C
3-PA,28,46,0,0,1,47,A
3-PA,29,52,0,0,0,52,A
3-PA,30,0,0,0,52,52,C
3-PA,31,0,0,0,53,53,C
3-PA,32,0,0,0,52,52,C
3-PA,33,0,0,53,0,53,G
3-PA,34,50,0,0,0,50,A
3-PA,35,0,53,0,0,53,T
3-PA,36,0,0,53,0,53,G
3-PA,37,52,0,0,0,52,A
3-PA,38,0,50,0,0,50,T
3-PA,39,0,52,0,0,52,T
3-PA,40,1,0,50,0,51,G
3-PA,41,0,52,0,0,52,T
3-PA,42,0,0,0,52,52,C
3-PA,43,0,0,52,0,52,G
3-PA,44,52,0,0,0,52,A
3-PA,45,52,0,0,0,52,A
3-PA,46,0,0,0,52,52,C
3-PA,47,0,52,0,0,52,T
3-PA,48,0,53,0,0,53,T
3-PA,49,0,0,54,0,54,G
3-PA,50,0,0,0,54,54,C
3-PA,51,55,0,0,0,55,A
3-PA,52,0,0,55,0,55,G
3-PA,53,53,0,0,0,53,A
3-PA,54,55,0,0,0,55,A
3-PA,55,54,0,0,0,54,A
3-PA,56,55,0,0,0,55,A
3-PA,57,55,0,0,0,55,A
3-PA,58,0,0,54,0,54,G
3-PA,59,0,0,0,56,56,C
3-PA,60,55,0,0,0,55,A
3-PA,61,63,0,0,0,63,A
3-PA,62,0,63,0,0,63,T
3-PA,63,0,0,63,0,63,G
3-PA,64,63,0,0,0,63,A
3-PA,65,64,0,0,0,64,A
3-PA,66,65,0,0,0,65,A
3-PA,67,0,0,69,0,69,G
3-PA,68,76,0,0,0,76,A
3-PA,69,0,0,105,0,105,G
3-PA,70,0,102,0,0,102,T
3-PA,71,101,0,0,0,101,A
3-PA,72,0,102,0,0,102,T
3-PA,73,0,0,104,0,104,G
3-PA,74,0,0,106,0,106,G
3-PA,75,0,0,106,0,106,G
3-PA,76,0,0,106,0,106,G
3-PA,77,105,0,0,0,105,A
3-PA,78,0,0,104,0,104,G
3-PA,79,0,0,107,0,107,G
3-PA,80,105,0,0,0,105,A
3-PA,81,0,107,0,0,107,T
3-PA,82,0,0,0,109,109,C
3-PA,83,0,109,0,0,109,T
3-PA,84,0,0,108,0,108,G
3-PA,85,108,0,0,0,108,A
3-PA,86,109,0,0,0,109,A
3-PA,87,105,0,4,0,109,A
3-PA,88,109,0,0,0,109,A
3-PA,89,0,109,0,0,109,T
3-PA,90,0,109,0,0,109,T
3-PA,91,0,0,108,0,108,G
3-PA,92,108,0,0,0,108,A
3-PA,93,109,0,0,0,109,A
3-PA,94,108,0,0,0,108,A
3-PA,95,0,0,0,108,108,C
3-PA,96,109,0,0,0,109,A
3-PA,97,110,0,0,0,110,A
3-PA,98,109,0,0,0,109,A
3-PA,99,0,0,0,111,111,C
3-PA,100,111,0,0,0,111,A
3-PA,101,109,0,0,0,109,A
3-PA,102,112,0,0,0,112,A
3-PA,103,0,112,0,0,112,T
3-PA,104,0,114,0,0,114,T
3-PA,105,0,114,0,0,114,T
3-PA,106,0,0,113,0,113,G
3-PA,107,0,0,0,113,113,C
3-PA,108,113,0,1,0,114,A
3-PA,109,0,0,113,0,113,G
3-PA,110,0,0,0,116,116,C
3-PA,111,120,0,0,0,120,A
3-PA,112,123,0,0,0,123,A
3-PA,113,0,124,0,0,124,T
3-PA,114,126,0,0,0,126,A
3-PA,115,0,125,0,0,125,T
3-PA,116,0,0,130,0,130,G
3-PA,117,0,0,0,130,130,C
3-PA,118,130,0,0,0,130,A
3-PA,119,0,0,0,131,131,C
3-PA,120,0,128,0,0,128,T
3-PA,121,0,0,0,163,163,C
3-PA,122,170,0,0,0,170,A
3-PA,123,0,0,0,178,178,C
3-PA,124,0,181,0,0,181,T
3-PA,125,0,181,0,0,181,T
3-PA,126,0,0,180,0,180,G
3-PA,127,0,0,186,0,186,G
3-PA,128,182,0,1,0,183,A
3-PA,129,0,0,190,0,190,G
3-PA,130,0,0,182,0,182,G
3-PA,131,0,169,0,0,169,T
3-PA,132,0,0,186,0,186,G
3-PA,133,0,188,0,0,188,T
3-PA,134,0,0,192,0,192,G
3-PA,135,0,190,0,0,190,T
3-PA,136,0,187,0,0,187,T
3-PA,137,0,188,0,0,188,T
3-PA,138,0,0,0,191,191,C
3-PA,139,196,0,0,0,196,A
3-PA,140,0,196,0,0,196,T
3-PA,141,0,0,197,0,197,G
3-PA,142,0,196,0,0,196,T
3-PA,143,203,0,0,0,203,A
3-PA,144,0,202,0,0,202,T
3-PA,145,0,202,0,0,202,T
3-PA,146,0,0,0,201,201,C
3-PA,147,202,0,0,0,202,A
3-PA,148,0,0,203,0,203,G
3-PA,149,203,0,0,0,203,A
3-PA,150,0,202,0,0,202,T
3-PA,151,0,203,0,0,203,T
3-PA,152,0,203,0,0,203,T
3-PA,153,0,0,0,202,202,C
3-PA,154,0,0,0,206,206,C
3-PA,155,206,0,1,0,207,A
3-PA,156,0,207,0,0,207,T
3-PA,157,0,208,0,0,208,T
3-PA,158,0,209,0,0,209,T
3-PA,159,0,0,0,208,208,C
3-PA,160,208,0,0,0,208,A
3-PA,161,0,214,0,0,214,T
3-PA,162,0,0,0,217,217,C
3-PA,163,217,0,0,0,217,A
3-PA,164,217,0,0,0,217,A
3-PA,165,0,217,0,0,217,T
3-PA,166,0,0,219,0,219,G
3-PA,167,221,0,1,0,222,A
3-PA,168,220,0,0,0,220,A
3-PA,169,0,0,0,222,222,C
3-PA,170,214,0,2,0,216,A
3-PA,171,215,0,0,0,215,A
3-PA,172,0,1,218,0,219,G
3-PA,173,0,0,220,0,220,G
3-PA,174,0,1,0,221,222,C
3-PA,175,0,0,218,0,218,G
3-PA,176,234,0,0,0,234,A
3-PA,177,235,0,0,0,235,A
3-PA,178,0,236,0,0,236,T
3-PA,179,0,0,0,239,239,C
3-PA,180,242,0,0,0,242,A
3-PA,181,240,0,0,0,240,A
3-PA,182,0,240,0,0,240,T
3-PA,183,239,0,0,0,239,A
3-PA,184,0,0,244,0,244,G
3-PA,185,0,249,0,0,249,T
3-PA,186,0,0,250,0,250,G
3-PA,187,0,0,251,0,251,G
3-PA,188,0,248,0,0,248,T
3-PA,189,250,0,1,0,251,A
3-PA,190,0,0,255,0,255,G
3-PA,191,254,0,0,0,254,A
3-PA,192,257,0,0,0,257,A
3-PA,193,0,0,0,251,251,C
3-PA,194,0,249,0,0,249,T
3-PA,195,0,247,0,0,247,T
3-PA,196,0,0,247,0,247,G
3-PA,197,246,0,1,0,247,A
3-PA,198,0,0,0,244,244,C
3-PA,199,0,0,246,0,246,G
3-PA,200,248,0,0,0,248,A
3-PA,201,0,258,0,0,258,T
3-PA,202,0,0,0,259,259,C
3-PA,203,0,0,0,261,261,C
3-PA,204,263,0,0,0,263,A
3-PA,205,260,0,0,0,260,A
3-PA,206,262,0,0,0,262,A
3-PA,207,0,264,0,0,264,T
3-PA,208,0,0,263,0,263,G
3-PA,209,0,0,0,259,259,C
3-PA,210,259,0,0,0,259,A
3-PA,211,0,0,0,271,271,C
3-PA,212,0,271,0,0,271,T
3-PA,213,0,0,316,0,316,G
3-PA,214,0,314,0,0,314,T
3-PA,215,0,318,0,0,318,T
3-PA,216,318,0,0,0,318,A
3-PA,217,318,0,0,0,318,A
3-PA,218,315,0,1,0,316,A
3-PA,219,0,0,318,0,318,G
3-PA,220,0,0,0,315,315,C
3-PA,221,307,1,0,0,308,A
3-PA,222,0,0,0,309,309,C
3-PA,223,298,0,0,0,298,A
3-PA,224,0,0,306,0,306,G
3-PA,225,305,0,0,0,305,A
3-PA,226,0,309,0,0,309,T
3-PA,227,0,310,0,0,310,T
3-PA,228,0,309,0,0,309,T
3-PA,229,0,0,311,0,311,G
3-PA,230,313,0,0,0,313,A
3-PA,231,312,0,0,0,312,A
3-PA,232,313,0,1,0,314,A
3-PA,233,0,304,0,0,304,T
3-PA,234,302,0,0,0,302,A
3-PA,235,308,0,0,0,308,A
3-PA,236,0,304,0,0,304,T
3-PA,237,0,0,0,303,303,C
3-PA,238,0,0,304,0,304,G
3-PA,239,302,0,0,0,302,A
3-PA,240,0,0,309,0,309,G
3-PA,241,0,0,306,0,306,G
3-PA,242,0,0,311,0,311,G
3-PA,243,0,0,307,0,307,G
3-PA,244,297,0,1,0,298,A
3-PA,245,1,0,303,0,304,G
3-PA,246,314,0,0,0,314,A
3-PA,247,0,0,315,0,315,G
3-PA,248,307,0,0,0,307,A
3-PA,249,0,0,0,312,312,C
3-PA,250,312,0,0,0,312,A
3-PA,251,0,0,321,0,321,G
3-PA,252,325,0,0,0,325,A
3-PA,253,327,0,0,0,327,A
3-PA,254,0,0,0,328,328,C
3-PA,255,315,0,0,0,315,A
3-PA,256,314,0,0,0,314,A
3-PA,257,0,314,0,0,314,T
3-PA,258,0,0,326,0,326,G
3-PA,259,0,0,324,0,324,G
3-PA,260,0,0,0,324,324,C
3-PA,261,0,0,0,323,323,C
3-PA,262,0,322,0,0,322,T
3-PA,263,0,0,326,0,326,G
3-PA,264,0,0,325,0,325,G
3-PA,265,326,0,0,0,326,A
3-PA,266,0,0,0,325,325,C
3-PA,267,313,0,0,0,313,A
3-PA,268,0,0,356,0,356,G
3-PA,269,0,354,0,1,355,T
3-PA,270,362,0,0,0,362,A
3-PA,271,0,0,361,0,361,G
3-PA,272,1,358,0,0,359,T
3-PA,273,357,0,0,0,357,A
3-PA,274,360,0,0,0,360,A
3-PA,275,359,0,0,0,359,A
3-PA,276,0,0,0,360,360,C
3-PA,277,343,0,0,0,343,A
3-PA,278,0,0,348,0,348,G
3-PA,279,0,342,0,0,342,T
3-PA,280,350,0,0,0,350,A
3-PA,281,0,349,0,0,349,T
3-PA,282,0,0,0,345,345,C
3-PA,283,0,345,0,0,345,T
3-PA,284,0,0,346,0,346,G
3-PA,285,0,0,0,352,352,C
3-PA,286,354,0,0,1,355,A
3-PA,287,353,0,0,0,353,A
3-PA,288,0,0,0,351,351,C
3-PA,289,348,0,0,0,348,A
3-PA,290,0,0,0,370,370,C
3-PA,291,0,370,0,0,370,T
3-PA,292,372,0,0,0,372,A
3-PA,293,0,0,0,371,371,C
3-PA,294,0,367,0,0,367,T
3-PA,295,0,0,367,0,367,G
3-PA,296,0,1,364,0,365,G
3-PA,297,365,0,0,0,365,A
3-PA,298,0,0,367,0,367,G
3-PA,299,0,0,1,344,345,C
3-PA,300,0,357,0,0,357,T
3-PA,301,0,1,354,0,355,G
3-PA,302,0,0,353,0,353,G
3-PA,303,1,0,350,0,351,G
3-PA,304,350,0,0,0,350,A
3-PA,305,356,0,0,0,356,A
3-PA,306,357,0,1,0,358,A
3-PA,307,0,0,0,349,349,C
3-PA,308,0,0,0,357,357,C
3-PA,309,0,0,357,0,357,G
3-PA,310,355,0,0,0,355,A
3-PA,311,356,0,0,0,356,A
3-PA,312,0,0,363,0,363,G
3-PA,313,0,357,0,1,358,T
3-PA,314,0,360,0,0,360,T
3-PA,315,0,362,0,0,362,T
3-PA,316,0,0,0,358,358,C
3-PA,317,0,362,0,0,362,T
3-PA,318,353,0,1,0,354,A
3-PA,319,0,0,0,355,355,C
3-PA,320,0,0,0,356,356,C
3-PA,321,363,0,0,0,363,A
3-PA,322,0,0,364,0,364,G
3-PA,323,369,0,0,0,369,A
3-PA,324,0,369,0,1,370,T
3-PA,325,0,367,0,0,367,T
3-PA,326,0,369,0,0,369,T
3-PA,327,1,0,371,0,372,G
3-PA,328,0,367,0,0,367,T
3-PA,329,371,0,1,0,372,A
3-PA,330,0,371,0,0,371,T
3-PA,331,0,0,366,0,366,G
3-PA,332,389,0,0,0,389,A
3-PA,333,0,387,0,0,387,T
3-PA,334,0,383,0,0,383,T
3-PA,335,382,0,0,0,382,A
3-PA,336,0,0,0,383,383,C
3-PA,337,387,0,0,0,387,A
3-PA,338,386,0,0,0,386,A
3-PA,339,0,1,386,0,387,G
3-PA,340,0,0,389,0,389,G
3-PA,341,366,0,0,0,366,A
3-PA,342,0,0,370,0,370,G
3-PA,343,369,0,2,0,371,A
3-PA,344,370,0,0,0,370,A
3-PA,345,0,0,0,371,371,C
3-PA,346,359,0,1,0,360,A
3-PA,347,0,0,367,0,367,G
3-PA,348,364,0,0,0,364,A
3-PA,349,0,362,0,0,362,T
3-PA,350,0,362,0,1,363,T
3-PA,351,0,0,0,363,363,C
3-PA,352,362,0,0,0,362,A
3-PA,353,0,358,0,0,358,T
3-PA,354,1,0,0,364,365,C
3-PA,355,0,0,363,0,363,G
3-PA,356,363,0,0,0,363,A
3-PA,357,365,0,0,0,365,A
3-PA,358,363,0,0,0,363,A
3-PA,359,0,361,0,0,361,T
3-PA,360,0,362,1,0,363,T
3-PA,361,0,0,364,0,364,G
3-PA,362,0,1,361,0,362,G
3-PA,363,0,0,360,0,360,G
3-PA,364,0,0,364,0,364,G
3-PA,365,0,357,0,1,358,T
3-PA,366,0,0,361,0,361,G
3-PA,367,366,1,0,0,367,A
3-PA,368,0,1,0,365,366,C
3-PA,369,371,0,0,0,371,A
3-PA,370,370,0,0,0,370,A
3-PA,371,1,0,372,0,373,G
3-PA,372,0,0,372,0,372,G
3-PA,373,376,0,1,0,377,A
3-PA,374,0,0,374,0,374,G
3-PA,375,361,0,0,0,361,A
3-PA,376,0,0,362,0,362,G
3-PA,377,355,0,0,0,355,A
3-PA,378,354,0,0,0,354,A
3-PA,379,0,0,368,0,368,G
3-PA,380,0,361,0,0,361,T
3-PA,381,1,0,0,364,365,C
3-PA,382,0,0,0,370,370,C
3-PA,383,371,0,0,0,371,A
3-PA,384,0,0,0,381,381,C
3-PA,385,381,0,0,0,381,A
3-PA,386,0,383,0,0,383,T
3-PA,387,385,0,0,0,385,A
3-PA,388,0,371,0,0,371,T
3-PA,389,373,0,0,0,373,A
3-PA,390,0,360,0,0,360,T
3-PA,391,0,365,0,0,365,T
3-PA,392,368,0,0,0,368,A
3-PA,393,0,0,0,371,371,C
3-PA,394,0,1,0,361,362,C
3-PA,395,0,360,0,0,360,T
3-PA,396,0,349,0,0,349,T
3-PA,397,0,0,348,0,348,G
3-PA,398,348,0,0,0,348,A
3-PA,399,0,0,319,0,319,G
3-PA,400,319,0,1,0,320,A
3-PA,401,320,0,0,0,320,A
3-PA,402,0,0,327,1,328,G
3-PA,403,0,0,325,0,325,G
3-PA,404,0,0,0,326,326,C
3-PA,405,0,0,0,330,330,C
3-PA,406,331,0,0,0,331,A
3-PA,407,330,0,0,0,330,A
3-PA,408,0,330,0,0,330,T
3-PA,409,330,0,0,0,330,A
3-PA,410,329,0,1,0,330,A
3-PA,411,0,0,343,0,343,G
3-PA,412,341,0,0,0,341,A
3-PA,413,0,339,0,0,339,T
3-PA,414,0,342,0,0,342,T
3-PA,415,342,0,0,0,342,A
3-PA,416,341,0,0,0,341,A
3-PA,417,339,0,0,0,339,A
3-PA,418,0,341,0,0,341,T
3-PA,419,0,0,0,341,341,C
3-PA,420,0,339,0,0,339,T
3-PA,421,0,1,340,0,341,G
3-PA,422,341,0,0,0,341,A
3-PA,423,0,0,347,0,347,G
3-PA,424,342,0,0,0,342,A
3-PA,425,344,0,0,0,344,A
3-PA,426,0,0,0,346,346,C
3-PA,427,340,0,1,0,341,A
3-PA,428,0,0,0,342,342,C
3-PA,429,340,0,0,0,340,A
3-PA,430,0,0,0,341,341,C
3-PA,431,338,0,0,0,338,A
3-PA,432,0,0,0,347,347,C
3-PA,433,348,0,0,0,348,A
3-PA,434,0,348,0,0,348,T
3-PA,435,0,346,0,1,347,T
3-PA,436,0,0,0,348,348,C
3-PA,437,347,0,0,0,347,A
3-PA,438,0,0,0,350,350,C
3-PA,439,347,0,0,0,347,A
3-PA,440,0,347,0,0,347,T
3-PA,441,0,342,0,0,342,T
3-PA,442,0,346,0,0,346,T
3-PA,443,0,335,0,0,335,T
3-PA,444,0,0,0,346,346,C
3-PA,445,0,345,0,0,345,T
3-PA,446,0,0,0,348,348,C
3-PA,447,346,0,0,0,346,A
3-PA,448,0,343,0,0,343,T
3-PA,449,0,347,0,0,347,T
3-PA,450,0,0,0,349,349,C
3-PA,451,348,0,0,0,348,A
3-PA,452,0,0,0,345,345,C
3-PA,453,0,344,0,0,344,T
3-PA,454,0,0,350,0,350,G
3-PA,455,0,0,344,0,344,G
3-PA,456,331,0,0,0,331,A
3-PA,457,0,0,339,0,339,G
3-PA,458,344,0,0,0,344,A
3-PA,459,0,0,345,0,345,G
3-PA,460,0,0,343,0,343,G
3-PA,461,333,0,3,0,336,A
3-PA,462,336,0,2,0,338,A
3-PA,463,331,0,0,0,331,A
3-PA,464,0,329,0,0,329,T
3-PA,465,0,0,324,0,324,G
3-PA,466,0,0,320,0,320,G
3-PA,467,0,0,0,321,321,C
3-PA,468,0,0,0,325,325,C
3-PA,469,326,0,0,0,326,A
3-PA,470,0,0,0,328,328,C
3-PA,471,330,0,0,0,330,A
3-PA,472,328,0,0,0,328,A
3-PA,473,328,0,1,0,329,A
3-PA,474,0,0,326,0,326,G
3-PA,475,0,0,329,0,329,G
3-PA,476,0,0,0,329,329,C
3-PA,477,330,0,0,0,330,A
3-PA,478,0,0,336,0,336,G
3-PA,479,335,0,0,0,335,A
3-PA,480,0,0,0,342,342,C
3-PA,481,0,343,0,0,343,T
3-PA,482,343,0,0,0,343,A
3-PA,483,0,0,0,344,344,C
3-PA,484,335,0,0,0,335,A
3-PA,485,0,0,0,337,337,C
3-PA,486,0,327,0,0,327,T
3-PA,487,0,0,0,331,331,C
3-PA,488,0,322,0,0,322,T
3-PA,489,0,0,0,329,329,C
3-PA,490,0,0,326,0,326,G
3-PA,491,324,0,0,0,324,A
3-PA,492,0,0,0,321,321,C
3-PA,493,0,0,328,0,328,G
3-PA,494,319,0,0,0,319,A
3-PA,495,0,0,322,0,322,G
3-PA,496,0,0,321,0,321,G
3-PA,497,318,0,0,0,318,A
3-PA,498,320,0,1,0,321,A
3-PA,499,321,0,0,0,321,A
3-PA,500,0,0,318,0,318,G
3-PA,501,0,0,0,319,319,C
3-PA,502,317,0,0,0,317,A
3-PA,503,0,0,327,0,327,G
3-PA,504,0,0,327,0,327,G
3-PA,505,0,0,330,0,330,G
3-PA,506,0,0,0,328,328,C
3-PA,507,0,324,0,0,324,T
3-PA,508,331,0,0,0,331,A
3-PA,509,1,0,334,0,335,G
3-PA,510,0,0,347,0,347,G
3-PA,511,344,0,0,0,344,A
3-PA,512,0,335,0,0,335,T
3-PA,513,0,341,0,0,341,T
3-PA,514,337,0,0,0,337,A
3-PA,515,333,0,0,0,333,A
3-PA,516,1,0,337,0,338,G
3-PA,517,336,0,0,0,336,A
3-PA,518,0,0,0,339,339,C
3-PA,519,1,0,0,311,312,C
3-PA,520,307,0,1,1,309,A
3-PA,521,0,0,310,0,310,G
3-PA,522,0,0,311,0,311,G
3-PA,523,0,0,0,307,307,C
3-PA,524,0,309,0,0,309,T
3-PA,525,0,306,0,0,306,T
3-PA,526,0,309,0,0,309,T
3-PA,527,0,313,0,0,313,T
3-PA,528,0,313,0,0,313,T
3-PA,529,316,0,0,0,316,A
3-PA,530,0,2,0,312,314,C
3-PA,531,0,0,0,310,310,C
3-PA,532,307,0,0,0,307,A
3-PA,533,0,311,0,0,311,T
3-PA,534,303,0,0,0,303,A
3-PA,535,307,0,1,0,308,A
3-PA,536,0,0,314,0,314,G
3-PA,537,311,0,0,0,311,A
3-PA,538,0,0,0,314,314,C
3-PA,539,311,0,0,0,311,A
3-PA,540,309,0,0,0,309,A
3-PA,541,0,0,311,0,311,G
3-PA,542,313,0,1,0,314,A
3-PA,543,315,0,0,0,315,A
3-PA,544,310,0,0,0,310,A
3-PA,545,0,299,0,0,299,T
3-PA,546,0,0,302,0,302,G
3-PA,547,0,0,300,0,300,G
3-PA,548,0,0,0,295,295,C
3-PA,549,0,0,0,305,305,C
3-PA,550,305,0,0,0,305,A
3-PA,551,308,0,0,0,308,A
3-PA,552,0,0,0,304,304,C
3-PA,553,308,0,0,0,308,A
3-PA,554,0,0,303,0,303,G
3-PA,555,302,0,0,0,302,A
3-PA,556,1,0,305,0,306,G
3-PA,557,1,0,302,0,303,G
3-PA,558,0,0,0,304,304,C
3-PA,559,0,0,0,300,300,C
3-PA,560,0,300,0,0,300,T
3-PA,561,299,0,0,0,299,A
3-PA,562,0,298,0,0,298,T
3-PA,563,0,0,296,0,296,G
3-PA,564,0,1,297,0,298,G
3-PA,565,0,1,282,0,283,G
3-PA,566,266,0,0,0,266,A
3-PA,567,0,262,0,0,262,T
3-PA,568,0,257,0,0,257,T
3-PA,569,0,0,0,286,286,C
3-PA,570,0,0,0,273,273,C
3-PA,571,0,275,0,1,276,T
3-PA,572,0,279,0,0,279,T
3-PA,573,0,273,0,0,273,T
3-PA,574,0,0,0,274,274,C
3-PA,575,0,0,275,0,275,G
3-PA,576,0,273,0,1,274,T
3-PA,577,0,0,0,277,277,C
3-PA,578,272,1,0,0,273,A
3-PA,579,0,0,325,0,325,G
3-PA,580,0,325,0,1,326,T
3-PA,581,0,0,0,327,327,C
3-PA,582,0,0,0,323,323,C
3-PA,583,1,0,331,0,332,G
3-PA,584,329,0,0,0,329,A
3-PA,585,337,0,0,0,337,A
3-PA,586,339,0,0,0,339,A
3-PA,587,0,0,335,0,335,G
3-PA,588,329,0,0,0,329,A
3-PA,589,0,0,332,0,332,G
3-PA,590,0,0,330,0,330,G
3-PA,591,0,1,0,328,329,C
3-PA,592,1,0,334,0,335,G
3-PA,593,334,0,0,0,334,A
3-PA,594,333,0,0,0,333,A
3-PA,595,0,0,339,0,339,G
3-PA,596,341,0,0,0,341,A
3-PA,597,340,0,0,0,340,A
3-PA,598,335,0,1,0,336,A
3-PA,599,0,0,0,342,342,C
3-PA,600,342,0,0,0,342,A
3-PA,601,339,0,0,1,340,A
3-PA,602,0,345,0,0,345,T
3-PA,603,0,341,0,0,341,T
3-PA,604,0,0,342,0,342,G
3-PA,605,343,0,0,0,343,A
3-PA,606,344,0,0,0,344,A
3-PA,607,0,0,345,0,345,G
3-PA,608,347,0,0,0,347,A
3-PA,609,346,0,0,0,346,A
3-PA,610,346,0,0,0,346,A
3-PA,611,347,0,0,0,347,A
3-PA,612,345,0,0,0,345,A
3-PA,613,0,346,0,0,346,T
3-PA,614,0,347,0,0,347,T
3-PA,615,0,347,0,1,348,T
3-PA,616,0,0,345,0,345,G
3-PA,617,347,0,0,0,347,A
3-PA,618,351,0,0,0,351,A
3-PA,619,347,0,0,0,347,A
3-PA,620,0,352,0,0,352,T
3-PA,621,0,0,0,392,392,C
3-PA,622,390,0,1,0,391,A
3-PA,623,0,0,0,394,394,C
3-PA,624,394,0,0,0,394,A
3-PA,625,0,0,398,0,398,G
3-PA,626,0,0,410,0,410,G
3-PA,627,418,0,2,0,420,A
3-PA,628,432,0,0,0,432,A
3-PA,629,0,0,0,447,447,C
3-PA,630,0,430,0,0,430,T
3-PA,631,473,0,0,0,473,A
3-PA,632,1,485,0,0,486,T
3-PA,633,0,0,515,0,515,G
3-PA,634,1,0,0,504,505,C
3-PA,635,0,0,502,0,502,G
3-PA,636,0,496,0,0,496,T
3-PA,637,498,0,0,0,498,A
3-PA,638,0,0,502,0,502,G
3-PA,639,0,0,498,0,498,G
3-PA,640,0,0,0,484,484,C
3-PA,641,1,479,0,0,480,T
3-PA,642,0,471,0,0,471,T
3-PA,643,0,0,471,0,471,G
3-PA,644,0,0,0,469,469,C
3-PA,645,0,0,0,475,475,C
3-PA,646,1,0,482,0,483,G
3-PA,647,477,0,0,0,477,A
3-PA,648,0,0,0,485,485,C
3-PA,649,0,0,0,486,486,C
3-PA,650,486,0,0,0,486,A
3-PA,651,492,0,0,0,492,A
3-PA,652,487,0,0,0,487,A
3-PA,653,0,0,484,0,484,G
3-PA,654,0,485,0,0,485,T
3-PA,655,0,0,0,489,489,C
3-PA,656,0,491,0,0,491,T
3-PA,657,0,0,0,493,493,C
3-PA,658,0,1,0,491,492,C
3-PA,659,0,0,0,492,492,C
3-PA,660,493,0,0,0,493,A
3-PA,661,0,0,0,497,497,C
3-PA,662,0,0,0,493,493,C
3-PA,663,0,0,496,0,496,G
3-PA,664,501,0,0,0,501,A
3-PA,665,501,0,0,0,501,A
3-PA,666,0,0,0,513,513,C
3-PA,667,0,506,0,1,507,T
3-PA,668,0,511,0,2,513,T
3-PA,669,0,0,0,522,522,C
3-PA,670,0,521,0,0,521,T
3-PA,671,0,0,0,523,523,C
3-PA,672,0,0,0,525,525,C
3-PA,673,0,522,0,0,522,T
3-PA,674,0,0,534,0,534,G
3-PA,675,0,0,0,529,529,C
3-PA,676,0,0,0,535,535,C
3-PA,677,1,528,0,1,530,T
3-PA,678,0,536,0,0,536,T
3-PA,679,0,0,535,0,535,G
3-PA,680,530,0,0,0,530,A
3-PA,681,0,0,544,0,544,G
3-PA,682,542,0,0,0,542,A
3-PA,683,541,0,0,0,541,A
3-PA,684,0,549,0,0,549,T
3-PA,685,0,551,0,0,551,T
3-PA,686,0,552,0,0,552,T
3-PA,687,0,554,0,0,554,T
3-PA,688,551,0,1,0,552,A
3-PA,689,1,0,548,0,549,G
3-PA,690,547,0,0,0,547,A
3-PA,691,0,0,571,0,571,G
3-PA,692,0,0,0,571,571,C
3-PA,693,0,0,0,573,573,C
3-PA,694,0,581,0,0,581,T
3-PA,695,605,0,0,0,605,A
3-PA,696,0,608,0,0,608,T
3-PA,697,0,1,616,0,617,G
3-PA,698,0,611,0,0,611,T
3-PA,699,0,0,613,0,613,G
3-PA,700,0,0,599,0,599,G
3-PA,701,592,0,0,0,592,A
3-PA,702,0,594,0,0,594,T
3-PA,703,0,1,579,0,580,G
3-PA,704,0,1,600,0,601,G
3-PA,705,600,0,1,0,601,A
3-PA,706,0,601,0,0,601,T
3-PA,707,0,598,0,0,598,T
3-PA,708,1,0,0,600,601,C
3-PA,709,0,0,603,0,603,G
3-PA,710,607,0,0,0,607,A
3-PA,711,612,0,2,0,614,A
3-PA,712,0,0,0,613,613,C
3-PA,713,1,0,0,600,601,C
3-PA,714,1,0,600,0,601,G
3-PA,715,597,0,0,0,597,A
3-PA,716,594,0,0,0,594,A
3-PA,717,0,0,0,612,612,C
3-PA,718,0,0,610,0,610,G
3-PA,719,0,0,614,0,614,G
3-PA,720,0,0,0,631,631,C
3-PA,721,5,620,0,0,625,T
3-PA,722,0,0,644,0,644,G
3-PA,723,0,0,0,647,647,C
3-PA,724,655,0,0,0,655,A
3-PA,725,0,655,0,0,655,T
3-PA,726,1,647,0,0,648,T
3-PA,727,0,0,643,0,643,G
3-PA,728,627,0,2,0,629,A
3-PA,729,0,0,643,0,643,G
3-PA,730,0,0,638,0,638,G
3-PA,731,0,0,627,0,627,G
3-PA,732,0,0,0,641,641,C
3-PA,733,627,0,0,0,627,A
3-PA,734,636,0,0,0,636,A
3-PA,735,0,0,640,0,640,G
3-PA,736,0,0,0,641,641,C
3-PA,737,0,644,0,0,644,T
3-PA,738,0,645,0,0,645,T
3-PA,739,0,644,0,0,644,T
3-PA,740,0,0,0,645,645,C
3-PA,741,0,646,0,0,646,T
3-PA,742,0,0,0,644,644,C
3-PA,743,647,0,1,0,648,A
3-PA,744,642,0,1,0,643,A
3-PA,745,641,0,0,0,641,A
3-PA,746,0,639,0,0,639,T
3-PA,747,0,0,655,0,655,G
3-PA,748,0,648,0,0,648,T
3-PA,749,0,0,0,655,655,C
3-PA,750,0,0,0,658,658,C
3-PA,751,662,0,0,0,662,A
3-PA,752,659,0,0,0,659,A
3-PA,753,664,0,0,0,664,A
3-PA,754,0,0,672,0,672,G
3-PA,755,668,0,0,0,668,A
3-PA,756,645,0,0,0,645,A
3-PA,757,0,0,651,0,651,G
3-PA,758,0,637,0,0,637,T
3-PA,759,0,0,640,0,640,G
3-PA,760,644,0,0,0,644,A
3-PA,761,638,0,0,0,638,A
3-PA,762,0,636,0,0,636,T
3-PA,763,0,0,635,0,635,G
3-PA,764,0,0,0,640,640,C
3-PA,765,0,0,0,643,643,C
3-PA,766,0,0,0,647,647,C
3-PA,767,650,0,0,0,650,A
3-PA,768,651,0,0,0,651,A
3-PA,769,659,1,0,0,660,A
3-PA,770,0,660,0,0,660,T
3-PA,771,0,657,0,0,657,T
3-PA,772,0,0,658,0,658,G
3-PA,773,654,0,0,0,654,A
3-PA,774,650,0,2,0,652,A
3-PA,775,0,0,0,661,661,C
3-PA,776,0,0,0,656,656,C
3-PA,777,0,652,0,0,652,T
3-PA,778,0,673,0,0,673,T
3-PA,779,0,676,0,0,676,T
3-PA,780,0,687,0,0,687,T
3-PA,781,0,0,0,694,694,C
3-PA,782,0,693,0,0,693,T
3-PA,783,0,0,694,0,694,G
3-PA,784,689,0,0,0,689,A
3-PA,785,696,0,0,0,696,A
3-PA,786,0,0,698,0,698,G
3-PA,787,687,0,0,0,687,A
3-PA,788,0,0,0,688,688,C
3-PA,789,678,0,0,0,678,A
3-PA,790,683,0,1,0,684,A
3-PA,791,0,0,0,745,745,C
3-PA,792,733,4,0,0,737,A
3-PA,793,0,0,0,752,752,C
3-PA,794,0,1,0,743,744,C
3-PA,795,746,0,0,0,746,A
3-PA,796,747,0,1,0,748,A
3-PA,797,0,0,741,0,741,G
3-PA,798,743,0,0,0,743,A
3-PA,799,0,0,1,740,741,C
3-PA,800,0,0,0,682,682,C
3-PA,801,680,0,0,0,680,A
3-PA,802,681,0,0,0,681,A
3-PA,803,0,681,0,0,681,T
3-PA,804,0,0,0,680,680,C
3-PA,805,679,0,0,0,679,A
3-PA,806,673,0,6,0,679,A
3-PA,807,669,0,0,0,669,A
3-PA,808,0,0,0,679,679,C
3-PA,809,0,667,0,0,667,T
3-PA,810,0,663,0,0,663,T
3-PA,811,0,0,0,679,679,C
3-PA,812,0,0,0,680,680,C
3-PA,813,0,0,684,0,684,G
3-PA,814,686,0,0,0,686,A
3-PA,815,687,0,0,0,687,A
3-PA,816,0,684,0,0,684,T
3-PA,817,0,1,675,0,676,G
3-PA,818,0,0,678,0,678,G
3-PA,819,680,0,0,0,680,A
3-PA,820,0,0,0,686,686,C
3-PA,821,0,0,0,682,682,C
3-PA,822,0,695,0,5,700,T
3-PA,823,0,0,0,731,731,C
3-PA,824,0,0,0,733,733,C
3-PA,825,0,732,0,1,733,T
3-PA,826,0,741,0,0,741,T
3-PA,827,0,0,769,0,769,G
3-PA,828,0,758,0,0,758,T
3-PA,829,0,761,0,0,761,T
3-PA,830,754,0,0,0,754,A
3-PA,831,0,726,0,0,726,T
3-PA,832,0,0,0,721,721,C
3-PA,833,703,0,0,0,703,A
3-PA,834,0,0,697,0,697,G
3-PA,835,0,0,0,697,697,C
3-PA,836,0,0,672,0,672,G
3-PA,837,0,0,693,0,693,G
3-PA,838,0,675,0,1,676,T
3-PA,839,0,0,0,691,691,C
3-PA,840,0,0,0,696,696,C
3-PA,841,696,0,0,0,696,A
3-PA,842,703,0,0,0,703,A
3-PA,843,701,1,0,0,702,A
3-PA,844,0,697,0,0,697,T
3-PA,845,0,687,0,0,687,T
3-PA,846,0,0,0,696,696,C
3-PA,847,0,1,0,692,693,C
3-PA,848,0,685,0,0,685,T
3-PA,849,0,0,0,691,691,C
3-PA,850,0,0,0,697,697,C
3-PA,851,0,690,0,1,691,T
3-PA,852,0,0,701,0,701,G
3-PA,853,696,0,0,0,696,A
3-PA,854,0,699,0,0,699,T
3-PA,855,6,0,684,1,691,G
3-PA,856,1,0,676,0,677,G
3-PA,857,677,0,0,0,677,A
3-PA,858,0,672,0,0,672,T
3-PA,859,0,0,670,0,670,G
3-PA,860,0,0,0,695,695,C
3-PA,861,0,687,0,0,687,T
3-PA,862,0,691,0,0,691,T
3-PA,863,0,695,0,0,695,T
3-PA,864,694,0,0,0,694,A
3-PA,865,697,0,0,0,697,A
3-PA,866,696,0,0,0,696,A
3-PA,867,698,0,0,0,698,A
3-PA,868,0,694,0,0,694,T
3-PA,869,0,650,0,0,650,T
3-PA,870,0,0,648,0,648,G
3-PA,871,640,0,1,0,641,A
3-PA,872,0,0,653,0,653,G
3-PA,873,0,0,0,647,647,C
3-PA,874,653,0,0,0,653,A
3-PA,875,0,673,0,0,673,T
3-PA,876,0,673,0,0,673,T
3-PA,877,0,0,673,0,673,G
3-PA,878,677,0,0,0,677,A
3-PA,879,667,0,2,0,669,A
3-PA,880,0,0,667,0,667,G
3-PA,881,658,0,0,0,658,A
3-PA,882,0,0,0,667,667,C
3-PA,883,0,0,0,660,660,C
3-PA,884,0,0,0,646,646,C
3-PA,885,640,0,0,0,640,A
3-PA,886,639,0,0,0,639,A
3-PA,887,0,0,649,0,649,G
3-PA,888,0,645,1,0,646,T
3-PA,889,0,0,0,656,656,C
3-PA,890,652,0,0,0,652,A
3-PA,891,0,0,0,657,657,C
3-PA,892,0,0,666,0,666,G
3-PA,893,675,0,0,0,675,A
3-PA,894,677,0,1,0,678,A
3-PA,895,0,1,707,0,708,G
3-PA,896,0,0,700,0,700,G
3-PA,897,693,0,0,0,693,A
3-PA,898,0,0,694,0,694,G
3-PA,899,702,0,1,0,703,A
3-PA,900,696,0,0,0,696,A
3-PA,901,0,0,695,0,695,G
3-PA,902,0,0,692,0,692,G
3-PA,903,0,0,693,0,693,G
3-PA,904,675,0,0,0,675,A
3-PA,905,0,667,0,0,667,T
3-PA,906,1,0,0,663,664,C
3-PA,907,0,0,0,722,722,C
3-PA,908,1,0,0,730,731,C
3-PA,909,748,0,0,0,748,A
3-PA,910,0,748,0,0,748,T
3-PA,911,0,758,0,0,758,T
3-PA,912,785,0,0,0,785,A
3-PA,913,0,784,0,0,784,T
3-PA,914,780,0,0,0,780,A
3-PA,915,0,769,0,0,769,T
3-PA,916,0,1,709,0,710,G
3-PA,917,702,0,0,0,702,A
3-PA,918,0,696,0,0,696,T
3-PA,919,0,0,704,0,704,G
3-PA,920,0,0,0,693,693,C
3-PA,921,0,0,693,0,693,G
3-PA,922,691,0,0,0,691,A
3-PA,923,0,685,0,0,685,T
3-PA,924,1,0,0,688,689,C
3-PA,925,688,0,0,0,688,A
3-PA,926,681,0,3,0,684,A
3-PA,927,0,0,688,0,688,G
3-PA,928,0,689,0,0,689,T
3-PA,929,0,0,691,0,691,G
3-PA,930,0,0,0,698,698,C
3-PA,931,694,0,0,0,694,A
3-PA,932,0,689,0,0,689,T
3-PA,933,690,0,0,0,690,A
3-PA,934,697,1,0,0,698,A
3-PA,935,695,0,0,0,695,A
3-PA,936,689,0,0,0,689,A
3-PA,937,687,0,0,0,687,A
3-PA,938,0,0,0,684,684,C
3-PA,939,679,0,0,0,679,A
3-PA,940,0,676,0,0,676,T
3-PA,941,0,672,0,0,672,T
3-PA,942,0,0,0,685,685,C
3-PA,943,0,681,0,0,681,T
3-PA,944,0,678,0,0,678,T
3-PA,945,0,674,0,0,674,T
3-PA,946,0,0,683,0,683,G
3-PA,947,0,0,686,0,686,G
3-PA,948,680,0,0,0,680,A
3-PA,949,0,684,0,0,684,T
3-PA,950,0,1,690,0,691,G
3-PA,951,0,0,699,0,699,G
3-PA,952,704,0,1,0,705,A
3-PA,953,705,0,0,0,705,A
3-PA,954,701,0,5,0,706,A
3-PA,955,1,1,698,0,700,G
3-PA,956,696,0,1,0,697,A
3-PA,957,767,0,0,0,767,A
3-PA,958,0,0,0,784,784,C
3-PA,959,0,0,0,780,780,C
3-PA,960,0,775,0,0,775,T
3-PA,961,0,785,0,0,785,T
3-PA,962,792,0,0,0,792,A
3-PA,963,0,791,0,0,791,T
3-PA,964,789,0,0,0,789,A
3-PA,965,0,796,0,0,796,T
3-PA,966,733,0,1,0,734,A
3-PA,967,0,0,741,0,741,G
3-PA,968,0,726,0,2,728,T
3-PA,969,0,0,0,729,729,C
3-PA,970,721,0,0,0,721,A
3-PA,971,719,0,0,0,719,A
3-PA,972,717,0,2,0,719,A
3-PA,973,0,0,0,718,718,C
3-PA,974,0,0,0,714,714,C
3-PA,975,707,0,0,1,708,A
3-PA,976,0,0,0,708,708,C
3-PA,977,711,0,0,0,711,A
3-PA,978,0,1,0,712,713,C
3-PA,979,0,0,711,0,711,G
3-PA,980,706,0,0,0,706,A
3-PA,981,719,0,0,0,719,A
3-PA,982,715,0,0,0,715,A
3-PA,983,713,0,1,0,714,A
3-PA,984,0,1,719,0,720,G
3-PA,985,0,1,712,0,713,G
3-PA,986,0,0,716,0,716,G
3-PA,987,715,0,1,0,716,A
3-PA,988,724,0,1,0,725,A
3-PA,989,0,723,0,0,723,T
3-PA,990,727,0,0,0,727,A
3-PA,991,725,0,0,0,725,A
3-PA,992,726,0,0,0,726,A
3-PA,993,0,715,0,0,715,T
3-PA,994,0,715,0,0,715,T
3-PA,995,0,0,0,719,719,C
3-PA,996,722,0,0,0,722,A
3-PA,997,724,0,0,0,724,A
3-PA,998,726,0,0,0,726,A
3-PA,999,0,723,0,0,723,T
3-PA,1000,0,732,0,0,732,T
3-PA,1001,735,0,0,0,735,A
3-PA,1002,0,0,0,735,735,C
3-PA,1003,0,0,0,731,731,C
3-PA,1004,0,723,0,0,723,T
3-PA,1005,0,0,720,0,720,G
3-PA,1006,0,0,0,723,723,C
3-PA,1007,0,737,0,0,737,T
3-PA,1008,1,0,743,0,744,G
3-PA,1009,0,740,0,0,740,T
3-PA,1010,0,0,0,749,749,C
3-PA,1011,748,0,1,0,749,A
3-PA,1012,0,750,0,0,750,T
3-PA,1013,0,0,750,0,750,G
3-PA,1014,0,1,740,0,741,G
3-PA,1015,742,1,0,0,743,A
3-PA,1016,765,0,1,0,766,A
3-PA,1017,0,0,754,0,754,G
3-PA,1018,0,1,0,754,755,C
3-PA,1019,751,0,0,0,751,A
3-PA,1020,758,0,0,0,758,A
3-PA,1021,0,0,762,0,762,G
3-PA,1022,0,751,0,1,752,T
3-PA,1023,761,0,0,0,761,A
3-PA,1024,0,0,0,760,760,C
3-PA,1025,0,746,0,0,746,T
3-PA,1026,0,0,751,0,751,G
3-PA,1027,0,751,0,0,751,T
3-PA,1028,0,0,0,750,750,C
3-PA,1029,765,0,0,0,765,A
3-PA,1030,0,0,764,0,764,G
3-PA,1031,766,0,0,0,766,A
3-PA,1032,765,0,0,0,765,A
3-PA,1033,0,769,0,0,769,T
3-PA,1034,0,760,0,0,760,T
3-PA,1035,0,0,763,0,763,G
3-PA,1036,0,0,0,756,756,C
3-PA,1037,760,0,2,0,762,A
3-PA,1038,0,1,759,0,760,G
3-PA,1039,0,0,748,0,748,G
3-PA,1040,755,0,1,0,756,A
3-PA,1041,0,0,0,748,748,C
3-PA,1042,1,0,747,0,748,G
3-PA,1043,0,758,0,0,758,T
3-PA,1044,0,768,0,0,768,T
3-PA,1045,0,0,773,0,773,G
3-PA,1046,766,0,0,0,766,A
3-PA,1047,776,0,0,0,776,A
3-PA,1048,776,0,0,0,776,A
3-PA,1049,772,0,0,0,772,A
3-PA,1050,0,765,0,1,766,T
3-PA,1051,0,0,775,0,775,G
3-PA,1052,771,0,0,0,771,A
3-PA,1053,0,0,777,0,777,G
3-PA,1054,0,0,775,0,775,G
3-PA,1055,772,0,0,0,772,A
3-PA,1056,0,0,782,0,782,G
3-PA,1057,780,1,1,0,782,A
3-PA,1058,776,0,0,0,776,A
3-PA,1059,0,0,781,0,781,G
3-PA,1060,0,0,773,0,773,G
3-PA,1061,0,811,0,1,812,T
3-PA,1062,0,815,0,0,815,T
3-PA,1063,1,0,0,820,821,C
3-PA,1064,0,0,0,834,834,C
3-PA,1065,836,0,0,0,836,A
3-PA,1066,825,0,0,0,825,A
3-PA,1067,0,1,828,0,829,G
3-PA,1068,5,0,839,0,844,G
3-PA,1069,827,0,0,0,827,A
3-PA,1070,0,0,0,835,835,C
3-PA,1071,0,838,0,0,838,T
3-PA,1072,837,0,0,1,838,A
3-PA,1073,840,0,0,0,840,A
3-PA,1074,845,0,0,0,845,A
3-PA,1075,841,0,0,0,841,A
3-PA,1076,839,0,0,0,839,A
3-PA,1077,0,0,0,829,829,C
3-PA,1078,827,0,0,0,827,A
3-PA,1079,0,828,0,0,828,T
3-PA,1080,0,0,833,0,833,G
3-PA,1081,826,0,0,0,826,A
3-PA,1082,831,0,0,0,831,A
3-PA,1083,0,0,833,0,833,G
3-PA,1084,834,0,0,0,834,A
3-PA,1085,831,0,0,0,831,A
3-PA,1086,828,0,0,0,828,A
3-PA,1087,819,0,0,0,819,A
3-PA,1088,0,0,0,821,821,C
3-PA,1089,0,0,818,0,818,G
3-PA,1090,824,0,1,0,825,A
3-PA,1091,0,0,816,0,816,G
3-PA,1092,1,808,1,1,811,T
3-PA,1093,1,0,0,817,818,C
3-PA,1094,839,0,1,0,840,A
3-PA,1095,848,1,0,0,849,A
3-PA,1096,0,0,0,841,841,C
3-PA,1097,0,846,0,1,847,T
3-PA,1098,0,0,871,0,871,G
3-PA,1099,866,1,0,0,867,A
3-PA,1100,868,0,3,0,871,A
3-PA,1101,0,0,873,0,873,G
3-PA,1102,0,833,0,0,833,T
3-PA,1103,0,2,846,0,848,G
3-PA,1104,0,0,841,0,841,G
3-PA,1105,0,0,857,0,857,G
3-PA,1106,0,0,0,844,844,C
3-PA,1107,0,845,0,0,845,T
3-PA,1108,0,0,0,858,858,C
3-PA,1109,0,852,0,0,852,T
3-PA,1110,0,856,0,0,856,T
3-PA,1111,0,0,873,0,873,G
3-PA,1112,0,0,878,0,878,G
3-PA,1113,1,859,0,0,860,T
3-PA,1114,1,0,872,0,873,G
3-PA,1115,863,0,0,0,863,A
3-PA,1116,867,0,0,0,867,A
3-PA,1117,868,0,0,0,868,A
3-PA,1118,862,0,0,0,862,A
3-PA,1119,0,1,0,864,865,C
3-PA,1120,848,0,1,0,849,A
3-PA,1121,0,851,0,2,853,T
3-PA,1122,0,0,848,0,848,G
3-PA,1123,0,0,846,0,846,G
3-PA,1124,0,0,0,846,846,C
3-PA,1125,855,0,1,0,856,A
3-PA,1126,0,1,0,852,853,C
3-PA,1127,1,0,0,855,856,C
3-PA,1128,880,0,1,0,881,A
3-PA,1129,0,0,888,0,888,G
3-PA,1130,886,0,2,0,888,A
3-PA,1131,0,0,893,0,893,G
3-PA,1132,890,0,0,0,890,A
3-PA,1133,887,0,0,0,887,A
3-PA,1134,0,0,886,0,886,G
3-PA,1135,0,0,885,0,885,G
3-PA,1136,0,848,0,0,848,T
3-PA,1137,880,0,0,0,880,A
3-PA,1138,0,0,874,0,874,G
3-PA,1139,884,0,0,0,884,A
3-PA,1140,0,0,0,888,888,C
3-PA,1141,0,872,0,0,872,T
3-PA,1142,0,875,0,0,875,T
3-PA,1143,0,877,0,0,877,T
3-PA,1144,0,0,882,0,882,G
3-PA,1145,879,0,2,0,881,A
3-PA,1146,883,0,1,0,884,A
3-PA,1147,884,0,2,0,886,A
3-PA,1148,879,0,0,0,879,A
3-PA,1149,0,0,0,900,900,C
3-PA,1150,0,896,0,0,896,T
3-PA,1151,0,0,902,0,902,G
3-PA,1152,0,0,0,899,899,C
3-PA,1153,902,0,1,0,903,A
3-PA,1154,0,0,903,0,903,G
3-PA,1155,896,0,1,0,897,A
3-PA,1156,0,0,930,0,930,G
3-PA,1157,931,0,0,0,931,A
3-PA,1158,0,0,0,919,919,C
3-PA,1159,919,0,0,0,919,A
3-PA,1160,0,913,0,0,913,T
3-PA,1161,915,0,0,0,915,A
3-PA,1162,919,0,2,0,921,A
3-PA,1163,0,0,915,0,915,G
3-PA,1164,0,0,0,913,913,C
3-PA,1165,0,1,904,0,905,G
3-PA,1166,912,0,0,0,912,A
3-PA,1167,0,904,0,0,904,T
3-PA,1168,0,909,0,0,909,T
3-PA,1169,0,914,0,0,914,T
3-PA,1170,0,0,917,0,917,G
3-PA,1171,913,1,1,0,915,A
3-PA,1172,918,0,0,0,918,A
3-PA,1173,0,0,920,0,920,G
3-PA,1174,0,0,0,935,935,C
3-PA,1175,929,0,0,0,929,A
3-PA,1176,974,0,0,0,974,A
3-PA,1177,0,967,0,1,968,T
3-PA,1178,983,0,0,0,983,A
3-PA,1179,0,978,0,0,978,T
3-PA,1180,0,0,982,0,982,G
3-PA,1181,993,0,1,0,994,A
3-PA,1182,0,982,0,0,982,T
3-PA,1183,965,0,0,0,965,A
3-PA,1184,0,0,964,0,964,G
3-PA,1185,0,914,0,1,915,T
3-PA,1186,0,0,912,0,912,G
3-PA,1187,909,0,2,0,911,A
3-PA,1188,0,0,0,898,898,C
3-PA,1189,0,0,893,0,893,G
3-PA,1190,906,0,0,0,906,A
3-PA,1191,899,0,2,0,901,A
3-PA,1192,0,0,0,896,896,C
3-PA,1193,0,0,0,899,899,C
3-PA,1194,0,908,0,1,909,T
3-PA,1195,0,0,929,0,929,G
3-PA,1196,923,0,0,0,923,A
3-PA,1197,926,0,0,0,926,A
3-PA,1198,0,931,0,0,931,T
3-PA,1199,0,916,0,0,916,T
3-PA,1200,922,0,1,0,923,A
3-PA,1201,927,0,0,0,927,A
3-PA,1202,0,0,925,0,925,G
3-PA,1203,0,0,922,0,922,G
3-PA,1204,1,885,1,0,887,T
3-PA,1205,0,0,0,894,894,C
3-PA,1206,894,0,0,0,894,A
3-PA,1207,0,1,0,927,928,C
3-PA,1208,0,934,0,0,934,T
3-PA,1209,0,925,0,0,925,T
3-PA,1210,0,924,0,0,924,T
3-PA,1211,0,0,0,932,932,C
3-PA,1212,924,0,2,0,926,A
3-PA,1213,934,0,0,0,934,A
3-PA,1214,0,0,932,0,932,G
3-PA,1215,0,0,0,927,927,C
3-PA,1216,0,923,0,1,924,T
3-PA,1217,0,0,943,0,943,G
3-PA,1218,0,0,946,0,946,G
3-PA,1219,955,0,3,0,958,A
3-PA,1220,0,970,0,0,970,T
3-PA,1221,964,0,0,0,964,A
3-PA,1222,0,0,0,968,968,C
3-PA,1223,952,0,0,0,952,A
3-PA,1224,0,0,959,0,959,G
3-PA,1225,953,0,0,0,953,A
3-PA,1226,933,0,0,0,933,A
3-PA,1227,0,915,0,0,915,T
3-PA,1228,0,2,935,0,937,G
3-PA,1229,921,0,1,0,922,A
3-PA,1230,2,0,928,0,930,G
3-PA,1231,0,918,0,0,918,T
3-PA,1232,0,915,0,0,915,T
3-PA,1233,0,0,0,929,929,C
3-PA,1234,935,0,0,0,935,A
3-PA,1235,939,0,0,0,939,A
3-PA,1236,0,0,0,936,936,C
3-PA,1237,925,0,1,0,926,A
3-PA,1238,926,0,0,0,926,A
3-PA,1239,0,0,903,0,903,G
3-PA,1240,0,1,901,0,902,G
3-PA,1241,0,0,0,904,904,C
3-PA,1242,0,0,0,906,906,C
3-PA,1243,0,897,0,0,897,T
3-PA,1244,0,0,923,0,923,G
3-PA,1245,0,910,0,1,911,T
3-PA,1246,1,1,928,0,930,G
3-PA,1247,926,0,2,0,928,A
3-PA,1248,0,0,931,0,931,G
3-PA,1249,0,0,0,914,914,C
3-PA,1250,0,908,0,0,908,T
3-PA,1251,921,0,0,0,921,A
3-PA,1252,927,0,0,0,927,A
3-PA,1253,0,0,0,934,934,C
3-PA,1254,0,918,0,0,918,T
3-PA,1255,0,0,915,1,916,G
3-PA,1256,903,0,0,0,903,A
3-PA,1257,0,905,0,0,905,T
3-PA,1258,0,905,0,0,905,T
3-PA,1259,0,0,0,919,919,C
3-PA,1260,941,0,1,0,942,A
3-PA,1261,0,0,969,0,969,G
3-PA,1262,0,960,0,3,963,T
3-PA,1263,0,0,0,966,966,C
3-PA,1264,0,964,0,0,964,T
3-PA,1265,0,0,992,0,992,G
3-PA,1266,0,0,1006,0,1006,G
3-PA,1267,1001,1,0,0,1002,A
3-PA,1268,0,995,0,0,995,T
3-PA,1269,948,0,0,0,948,A
3-PA,1270,0,0,947,0,947,G
3-PA,1271,944,0,1,0,945,A
3-PA,1272,0,0,945,0,945,G
3-PA,1273,0,0,0,927,927,C
3-PA,1274,0,900,0,0,900,T
3-PA,1275,0,1,0,911,912,C
3-PA,1276,0,0,923,0,923,G
3-PA,1277,921,0,0,0,921,A
3-PA,1278,0,923,1,1,925,T
3-PA,1279,0,0,918,0,918,G
3-PA,1280,941,0,0,0,941,A
3-PA,1281,942,0,0,0,942,A
3-PA,1282,943,0,0,0,943,A
3-PA,1283,0,918,0,0,918,T
3-PA,1284,0,934,0,0,934,T
3-PA,1285,0,0,939,0,939,G
3-PA,1286,0,0,937,0,937,G
3-PA,1287,941,0,0,0,941,A
3-PA,1288,0,0,934,0,934,G
3-PA,1289,920,0,0,0,920,A
3-PA,1290,0,1,922,0,923,G
3-PA,1291,0,0,915,0,915,G
3-PA,1292,933,0,1,0,934,A
3-PA,1293,0,0,0,934,934,C
3-PA,1294,1,0,934,0,935,G
3-PA,1295,0,932,0,0,932,T
3-PA,1296,944,0,0,0,944,A
3-PA,1297,0,0,932,0,932,G
3-PA,1298,0,0,0,933,933,C
3-PA,1299,0,0,0,914,914,C
3-PA,1300,1,0,0,899,900,C
3-PA,1301,0,0,0,926,926,C
3-PA,1302,924,0,1,0,925,A
3-PA,1303,958,0,0,0,958,A
3-PA,1304,1,945,0,0,946,T
3-PA,1305,0,951,0,0,951,T
3-PA,1306,0,0,953,0,953,G
3-PA,1307,940,0,0,0,940,A
3-PA,1308,0,0,942,0,942,G
3-PA,1309,0,1,0,941,942,C
3-PA,1310,930,0,0,0,930,A
3-PA,1311,0,0,0,951,951,C
3-PA,1312,924,0,0,0,924,A
3-PA,1313,0,947,0,1,948,T
3-PA,1314,0,946,0,0,946,T
3-PA,1315,0,0,952,0,952,G
3-PA,1316,0,0,0,948,948,C
3-PA,1317,952,0,3,0,955,A
3-PA,1318,951,0,1,0,952,A
3-PA,1319,0,0,960,0,960,G
3-PA,1320,0,0,0,942,942,C
3-PA,1321,942,1,0,0,943,A
3-PA,1322,0,915,0,1,916,T
3-PA,1323,0,0,917,0,917,G
3-PA,1324,909,0,0,0,909,A
3-PA,1325,0,0,916,0,916,G
3-PA,1326,918,1,0,0,919,A
3-PA,1327,919,0,0,0,919,A
3-PA,1328,0,0,913,0,913,G
3-PA,1329,0,1,909,0,910,G
3-PA,1330,915,0,0,0,915,A
3-PA,1331,915,0,0,0,915,A
3-PA,1332,0,909,0,0,909,T
3-PA,1333,0,915,0,0,915,T
3-PA,1334,915,0,0,0,915,A
3-PA,1335,0,916,0,1,917,T
3-PA,1336,0,911,0,0,911,T
3-PA,1337,0,917,0,0,917,T
3-PA,1338,0,0,0,905,905,C
3-PA,1339,910,0,2,0,912,A
3-PA,1340,0,1,0,928,929,C
3-PA,1341,925,0,0,0,925,A
3-PA,1342,0,0,927,0,927,G
3-PA,1343,0,0,0,915,915,C
3-PA,1344,910,0,0,0,910,A
3-PA,1345,0,0,919,0,919,G
3-PA,1346,919,0,0,0,919,A
3-PA,1347,0,0,911,0,911,G
3-PA,1348,0,0,917,0,917,G
3-PA,1349,0,880,0,2,882,T
3-PA,1350,1,0,897,0,898,G
3-PA,1351,0,887,0,3,890,T
3-PA,1352,0,0,0,885,885,C
3-PA,1353,0,0,1,879,880,C
3-PA,1354,0,0,0,887,887,C
3-PA,1355,902,0,0,0,902,A
3-PA,1356,0,903,0,0,903,T
3-PA,1357,0,900,0,0,900,T
3-PA,1358,0,0,903,0,903,G
3-PA,1359,0,884,0,0,884,T
3-PA,1360,872,0,0,0,872,A
3-PA,1361,0,0,874,0,874,G
3-PA,1362,840,0,0,0,840,A
3-PA,1363,0,0,846,0,846,G
3-PA,1364,0,1,0,836,837,C
3-PA,1365,1,0,0,819,820,C
3-PA,1366,832,0,1,0,833,A
3-PA,1367,0,0,0,830,830,C
3-PA,1368,0,831,0,0,831,T
3-PA,1369,0,0,832,0,832,G
3-PA,1370,828,2,0,0,830,A
3-PA,1371,809,0,0,0,809,A
3-PA,1372,0,822,0,0,822,T
3-PA,1373,827,0,0,0,827,A
3-PA,1374,0,0,0,846,846,C
3-PA,1375,822,0,0,0,822,A
3-PA,1376,0,813,0,1,814,T
3-PA,1377,823,0,0,0,823,A
3-PA,1378,818,0,0,0,818,A
3-PA,1379,0,814,0,0,814,T
3-PA,1380,0,0,805,0,805,G
3-PA,1381,793,0,0,0,793,A
3-PA,1382,766,0,0,0,766,A
3-PA,1383,0,2,768,0,770,G
3-PA,1384,0,0,770,0,770,G
3-PA,1385,0,1,779,0,780,G
3-PA,1386,0,1,785,0,786,G
3-PA,1387,0,0,784,0,784,G
3-PA,1388,0,766,0,0,766,T
3-PA,1389,777,0,1,0,778,A
3-PA,1390,0,782,0,1,783,T
3-PA,1391,783,0,0,0,783,A
3-PA,1392,0,0,0,852,852,C
3-PA,1393,833,0,0,0,833,A
3-PA,1394,0,810,0,0,810,T
3-PA,1395,0,808,0,0,808,T
3-PA,1396,803,0,0,0,803,A
3-PA,1397,815,0,1,0,816,A
3-PA,1398,0,0,0,814,814,C
3-PA,1399,795,0,0,0,795,A
3-PA,1400,0,0,0,800,800,C
3-PA,1401,0,702,0,0,702,T
3-PA,1402,0,0,722,0,722,G
3-PA,1403,0,1,0,711,712,C
3-PA,1404,0,0,0,711,711,C
3-PA,1405,0,0,0,722,722,C
3-PA,1406,1,697,0,1,699,T
3-PA,1407,0,0,723,0,723,G
3-PA,1408,0,0,0,723,723,C
3-PA,1409,0,713,0,0,713,T
3-PA,1410,0,0,0,743,743,C
3-PA,1411,710,1,0,0,711,A
3-PA,1412,714,0,0,0,714,A
3-PA,1413,0,704,0,0,704,T
3-PA,1414,0,0,705,0,705,G
3-PA,1415,0,0,0,703,703,C
3-PA,1416,696,0,0,0,696,A
3-PA,1417,0,686,0,0,686,T
3-PA,1418,0,0,0,691,691,C
3-PA,1419,0,0,0,695,695,C
3-PA,1420,0,672,0,0,672,T
3-PA,1421,0,0,696,0,696,G
3-PA,1422,0,688,0,1,689,T
3-PA,1423,0,0,695,0,695,G
3-PA,1424,0,0,0,693,693,C
3-PA,1425,686,0,0,0,686,A
3-PA,1426,0,0,688,0,688,G
3-PA,1427,0,0,0,688,688,C
3-PA,1428,682,0,0,0,682,A
3-PA,1429,675,0,0,0,675,A
3-PA,1430,0,644,0,0,644,T
3-PA,1431,0,0,643,0,643,G
3-PA,1432,0,0,641,0,641,G
3-PA,1433,647,0,0,0,647,A
3-PA,1434,0,0,0,636,636,C
3-PA,1435,0,0,636,0,636,G
3-PA,1436,644,0,0,0,644,A
3-PA,1437,0,644,0,0,644,T
3-PA,1438,0,646,0,0,646,T
3-PA,1439,0,639,0,0,639,T
3-PA,1440,0,642,0,0,642,T
3-PA,1441,0,0,0,648,648,C
3-PA,1442,649,0,0,0,649,A
3-PA,1443,656,0,0,0,656,A
3-PA,1444,0,0,0,654,654,C
3-PA,1445,0,645,0,0,645,T
3-PA,1446,644,0,0,0,644,A
3-PA,1447,642,1,0,0,643,A
3-PA,1448,0,632,0,0,632,T
3-PA,1449,1,628,0,0,629,T
3-PA,1450,0,0,0,640,640,C
3-PA,1451,1,0,0,644,645,C
3-PA,1452,0,0,0,643,643,C
3-PA,1453,644,0,0,0,644,A
3-PA,1454,0,653,0,1,654,T
3-PA,1455,0,0,658,0,658,G
3-PA,1456,661,0,0,0,661,A
3-PA,1457,0,657,0,0,657,T
3-PA,1458,661,0,0,0,661,A
3-PA,1459,658,0,0,0,658,A
3-PA,1460,0,0,660,0,660,G
3-PA,1461,0,0,0,657,657,C
3-PA,1462,662,0,0,0,662,A
3-PA,1463,636,0,0,0,636,A
3-PA,1464,0,0,642,0,642,G
3-PA,1465,0,635,0,0,635,T
3-PA,1466,9,0,622,0,631,G
3-PA,1467,1,0,0,631,632,C
3-PA,1468,627,0,0,0,627,A
3-PA,1469,0,0,634,0,634,G
3-PA,1470,635,0,0,0,635,A
3-PA,1471,642,0,0,0,642,A
3-PA,1472,7,0,0,628,635,C
3-PA,1473,0,616,0,0,616,T
3-PA,1474,628,0,0,0,628,A
3-PA,1475,626,0,0,0,626,A
3-PA,1476,625,0,0,0,625,A
3-PA,1477,0,0,632,0,632,G
3-PA,1478,600,0,0,0,600,A
3-PA,1479,0,0,598,0,598,G
3-PA,1480,5,0,578,0,583,G
3-PA,1481,1,0,583,0,584,G
3-PA,1482,573,0,0,0,573,A
3-PA,1483,563,0,0,1,564,A
3-PA,1484,0,1,559,0,560,G
3-PA,1485,0,0,550,0,550,G
3-PA,1486,0,0,0,558,558,C
3-PA,1487,0,0,556,0,556,G
3-PA,1488,559,0,0,0,559,A
3-PA,1489,558,0,0,0,558,A
3-PA,1490,560,0,0,0,560,A
3-PA,1491,563,0,0,0,563,A
3-PA,1492,560,0,0,1,561,A
3-PA,1493,0,0,0,558,558,C
3-PA,1494,0,0,0,558,558,C
3-PA,1495,561,0,0,0,561,A
3-PA,1496,565,0,0,0,565,A
3-PA,1497,0,561,0,0,561,T
3-PA,1498,0,558,0,0,558,T
3-PA,1499,0,563,1,1,565,T
3-PA,1500,563,0,0,0,563,A
3-PA,1501,0,562,0,0,562,T
3-PA,1502,558,0,1,0,559,A
3-PA,1503,0,553,0,0,553,T
3-PA,1504,0,0,550,0,550,G
3-PA,1505,0,1,544,0,545,G
3-PA,1506,545,0,0,0,545,A
3-PA,1507,0,543,0,0,543,T
3-PA,1508,0,541,0,0,541,T
3-PA,1509,0,0,0,538,538,C
3-PA,1510,544,0,1,0,545,A
3-PA,1511,0,546,0,0,546,T
3-PA,1512,0,0,0,545,545,C
3-PA,1513,546,0,0,0,546,A
3-PA,1514,0,539,0,0,539,T
3-PA,1515,531,0,0,0,531,A
3-PA,1516,533,0,0,0,533,A
3-PA,1517,532,0,1,0,533,A
3-PA,1518,0,0,530,0,530,G
3-PA,1519,0,0,520,0,520,G
3-PA,1520,0,0,516,0,516,G
3-PA,1521,507,1,1,0,509,A
3-PA,1522,504,0,0,0,504,A
3-PA,1523,0,0,504,0,504,G
3-PA,1524,505,0,0,0,505,A
3-PA,1525,0,500,0,0,500,T
3-PA,1526,0,0,0,497,497,C
3-PA,1527,0,484,0,0,484,T
3-PA,1528,0,0,0,495,495,C
3-PA,1529,492,0,0,0,492,A
3-PA,1530,0,491,0,0,491,T
3-PA,1531,0,494,0,0,494,T
3-PA,1532,0,481,0,0,481,T
3-PA,1533,476,0,0,0,476,A
3-PA,1534,480,0,0,0,480,A
3-PA,1535,0,0,478,0,478,G
3-PA,1536,0,0,483,0,483,G
3-PA,1537,455,1,0,0,456,A
3-PA,1538,456,0,0,0,456,A
3-PA,1539,0,457,0,0,457,T
3-PA,1540,0,0,457,0,457,G
3-PA,1541,464,0,0,0,464,A
3-PA,1542,0,0,0,465,465,C
3-PA,1543,458,0,0,0,458,A
3-PA,1544,0,0,0,453,453,C
3-PA,1545,444,0,0,0,444,A
3-PA,1546,0,0,440,0,440,G
3-PA,1547,437,0,0,0,437,A
3-PA,1548,0,0,0,428,428,C
3-PA,1549,0,0,424,0,424,G
3-PA,1550,0,383,0,0,383,T
3-PA,1551,0,0,384,0,384,G
3-PA,1552,0,0,388,0,388,G
3-PA,1553,0,387,0,0,387,T
3-PA,1554,389,0,0,0,389,A
3-PA,1555,378,0,0,0,378,A
3-PA,1556,380,0,0,0,380,A
3-PA,1557,0,373,0,0,373,T
3-PA,1558,0,369,0,0,369,T
3-PA,1559,0,367,0,0,367,T
3-PA,1560,0,370,0,0,370,T
3-PA,1561,0,0,371,0,371,G
3-PA,1562,0,368,0,0,368,T
3-PA,1563,0,0,368,0,368,G
3-PA,1564,369,0,0,0,369,A
3-PA,1565,0,0,361,0,361,G
3-PA,1566,1,0,0,358,359,C
3-PA,1567,363,0,0,1,364,A
3-PA,1568,0,360,0,0,360,T
3-PA,1569,0,0,363,0,363,G
3-PA,1570,0,0,361,0,361,G
3-PA,1571,362,0,0,0,362,A
3-PA,1572,1,0,358,0,359,G
3-PA,1573,0,353,0,0,353,T
3-PA,1574,0,346,0,0,346,T
3-PA,1575,0,352,0,0,352,T
3-PA,1576,0,350,0,1,351,T
3-PA,1577,0,0,0,356,356,C
3-PA,1578,0,352,0,0,352,T
3-PA,1579,0,0,0,351,351,C
3-PA,1580,0,338,0,0,338,T
3-PA,1581,0,0,0,338,338,C
3-PA,1582,334,0,1,0,335,A
3-PA,1583,0,0,0,336,336,C
3-PA,1584,0,325,0,0,325,T
3-PA,1585,0,1,326,0,327,G
3-PA,1586,315,0,0,0,315,A
3-PA,1587,0,0,0,317,317,C
3-PA,1588,1,0,0,312,313,C
3-PA,1589,0,0,0,316,316,C
3-PA,1590,0,0,315,0,315,G
3-PA,1591,307,0,1,0,308,A
3-PA,1592,0,0,313,0,313,G
3-PA,1593,308,0,0,0,308,A
3-PA,1594,0,0,0,300,300,C
3-PA,1595,0,293,0,1,294,T
3-PA,1596,0,263,0,0,263,T
3-PA,1597,0,0,267,0,267,G
3-PA,1598,267,0,0,0,267,A
3-PA,1599,0,0,263,0,263,G
3-PA,1600,0,0,0,257,257,C
3-PA,1601,0,0,0,249,249,C
3-PA,1602,236,0,1,0,237,A
3-PA,1603,0,0,0,237,237,C
3-PA,1604,245,0,0,0,245,A
3-PA,1605,0,242,0,0,242,T
3-PA,1606,239,0,0,0,239,A
3-PA,1607,237,0,0,0,237,A
3-PA,1608,240,0,0,0,240,A
3-PA,1609,0,232,0,0,232,T
3-PA,1610,0,0,233,0,233,G
3-PA,1611,0,0,206,0,206,G
3-PA,1612,1,0,198,0,199,G
3-PA,1613,187,0,0,0,187,A
3-PA,1614,0,0,186,0,186,G
3-PA,1615,180,0,0,0,180,A
3-PA,1616,172,0,1,0,173,A
3-PA,1617,167,0,0,0,167,A
3-PA,1618,0,167,0,0,167,T
3-PA,1619,163,0,0,0,163,A
3-PA,1620,0,0,0,164,164,C
3-PA,1621,1,85,0,0,86,T
3-PA,1622,0,0,86,0,86,G
3-PA,1623,0,36,0,0,36,T
3-PA,1624,0,0,34,0,34,G
3-PA,1625,0,25,0,0,25,T
3-PA,1626,0,0,0,6,6,C
3-PA,1627,0,0,0,4,4,C
3-PA,1628,0,1,0,0,1,T
3-PA,1629,0,1,0,0,1,T
3-PA,1630,0,0,1,0,1,G
3-PA,1631,1,0,0,0,1,A
3-PA,1632,0,0,1,0,1,G
3-PA,1633,1,0,0,0,1,A
3-PA,1634,0,1,0,0,1,T
3-PA,1635,1,0,0,0,1,A
3-PA,1636,0,0,1,0,1,G
3-PA,1637,0,0,1,0,1,G
3-PA,1638,1,0,0,0,1,A
3-PA,1639,0,0,1,0,1,G
3-PA,1640,1,0,0,0,1,A
3-PA,1641,0,1,0,0,1,T
3-PA,1642,1,0,0,0,1,A
3-PA,1643,0,1,0,0,1,T
3-PA,1644,0,0,1,0,1,G
3-PA,1645,0,1,0,0,1,T
3-PA,1646,0,1,0,0,1,T
3-PA,1647,1,0,0,0,1,A
3-PA,1648,0,0,0,1,1,C
3-PA,1649,0,1,0,0,1,T
3-PA,1650,1,0,0,0,1,A
3-PA,1651,1,0,0,0,1,A
3-PA,1652,0,0,1,0,1,G
3-PA,1653,1,0,0,0,1,A
3-PA,1654,1,0,0,0,1,A
3-PA,1655,0,0,1,0,1,G
3-PA,1656,0,1,0,0,1,T
3-PA,1657,0,0,1,0,1,G
3-PA,1658,0,0,0,1,1,C
3-PA,1659,0,0,0,1,1,C
3-PA,1660,1,0,0,0,1,A
3-PA,1661,0,1,0,0,1,T
3-PA,1662,1,0,0,0,1,A
3-PA,1663,0,0,1,0,1,G
3-PA,1664,0,0,1,0,1,G
3-PA,1665,0,0,0,1,1,C
3-PA,1666,0,0,0,1,1,C
3-PA,1667,1,0,0,0,1,A
3-PA,1668,1,0,0,0,1,A
3-PA,1669,1,0,0,0,1,A
3-PA,1670,0,1,0,0,1,T
3-PA,1671,0,1,0,0,1,T
3-PA,1672,0,1,0,0,1,T
3-PA,1673,0,0,0,1,1,C
3-PA,1674,1,0,0,0,1,A
3-PA,1675,1,0,0,0,1,A
3-PA,1676,0,0,1,0,1,G
3-PA,1677,0,0,1,0,1,G
3-PA,1678,0,0,0,1,1,C
3-PA,1679,0,0,0,1,1,C
3-PA,1680,1,0,0,0,1,A
3-PA,1681,1,0,0,0,1,A
3-PA,1682,0,1,0,0,1,T
3-PA,1683,0,0,1,0,1,G
3-PA,1684,0,1,0,0,1,T
3-PA,1685,0,1,0,0,1,T
3-PA,1686,0,0,0,1,1,C
3-PA,1687,0,1,0,0,1,T
3-PA,1688,0,1,0,0,1,T
3-PA,1689,1,0,0,0,1,A
3-PA,1690,0,1,0,0,1,T
3-PA,1691,1,0,0,0,1,A
3-PA,1692,0,1,0,0,1,T
3-PA,1693,0,0,1,0,1,G
3-PA,1694,0,1,0,0,1,T
3-PA,1695,0,0,1,0,1,G
3-PA,1696,1,0,0,0,1,A
3-PA,1697,0,0,1,0,1,G
3-PA,1698,0,0,1,0,1,G
3-PA,1699,1,0,0,0,1,A
3-PA,1700,0,0,0,1,1,C
3-PA,1701,1,0,0,0,1,A
3-PA,1702,1,0,0,0,1,A
3-PA,1703,1,0,0,0,1,A
3-PA,1704,0,0,0,1,1,C
3-PA,1705,0,0,1,0,1,G
3-PA,1706,0,0,1,0,1,G
3-PA,1707,1,0,0,0,1,A
3-PA,1708,1,0,0,0,1,A
3-PA,1709,0,0,0,1,1,C
3-PA,1710,1,0,0,0,1,A
3-PA,1711,0,1,0,0,1,T
3-PA,1712,0,0,0,1,1,C
3-PA,1713,1,0,0,0,1,A
3-PA,1714,1,0,0,0,1,A
3-PA,1715,1,0,0,0,1,A
3-PA,1716,0,0,1,0,1,G
3-PA,1717,0,0,1,0,1,G
3-PA,1718,0,1,0,0,1,T
3-PA,1719,0,0,0,1,1,C
3-PA,1720,1,0,0,0,1,A
3-PA,1721,1,0,0,0,1,A
3-PA,1722,1,0,0,0,1,A
3-PA,1723,1,0,0,0,1,A
3-PA,1724,0,1,0,0,1,T
3-PA,1725,0,0,1,0,1,G
3-PA,1726,1,0,0,0,1,A
3-PA,1727,1,0,0,0,1,A
3-PA,1728,1,0,0,0,1,A
3-PA,1729,0,1,0,0,1,T
3-PA,1730,0,0,1,0,1,G
3-PA,1731,0,0,1,0,1,G
3-PA,1732,0,0,1,0,1,G
3-PA,1733,0,0,1,0,1,G
3-PA,1734,1,0,0,0,1,A
3-PA,1735,2,0,0,0,2,A
3-PA,1736,0,2,0,0,2,T
3-PA,1737,0,0,2,0,2,G
3-PA,1738,0,0,2,0,2,G
3-PA,1739,2,0,0,0,2,A
3-PA,1740,0,0,2,0,2,G
3-PA,1741,2,0,0,0,2,A
3-PA,1742,0,2,0,0,2,T
3-PA,1743,0,0,2,0,2,G
3-PA,1744,2,0,0,0,2,A
3-PA,1745,0,0,2,0,2,G
3-PA,1746,2,0,0,0,2,A
3-PA,1747,0,0,0,2,2,C
3-PA,1748,0,0,2,0,2,G
3-PA,1749,0,2,0,0,2,T
3-PA,1750,0,2,0,0,2,T
3-PA,1751,0,0,2,0,2,G
3-PA,1752,0,0,0,2,2,C
3-PA,1753,0,0,0,2,2,C
3-PA,1754,0,2,0,0,2,T
3-PA,1755,0,0,0,2,2,C
3-PA,1756,0,0,0,2,2,C
3-PA,1757,0,1,0,0,1,T
3-PA,1758,0,2,0,0,2,T
3-PA,1759,0,0,0,2,2,C
3-PA,1760,2,0,0,0,2,A
3-PA,1761,0,0,2,0,2,G
3-PA,1762,0,2,0,0,2,T
3-PA,1763,0,0,0,2,2,C
3-PA,1764,2,0,0,0,2,A
3-PA,1765,0,0,0,2,2,C
3-PA,1766,0,2,0,0,2,T
3-PA,1767,0,0,0,2,2,C
3-PA,1768,0,0,0,2,2,C
3-PA,1769,2,0,0,0,2,A
3-PA,1770,0,0,2,0,2,G
3-PA,1771,0,0,0,2,2,C
3-PA,1772,2,0,0,0,2,A
3-PA,1773,0,0,2,0,2,G
3-PA,1774,2,0,0,0,2,A
3-PA,1775,0,2,0,0,2,T
3-PA,1776,0,0,0,2,2,C
3-PA,1777,0,0,2,0,2,G
3-PA,1778,2,0,0,0,2,A
3-PA,1779,0,0,2,0,2,G
3-PA,1780,2,0,0,0,2,A
3-PA,1781,0,0,2,0,2,G
3-PA,1782,0,0,0,2,2,C
3-PA,1783,2,0,0,0,2,A
3-PA,1784,0,2,0,0,2,T
3-PA,1785,0,0,2,0,2,G
3-PA,1786,2,0,0,0,2,A
3-PA,1787,0,2,0,0,2,T
3-PA,1788,0,2,0,0,2,T
3-PA,1789,0,0,2,0,2,G
3-PA,1790,2,0,0,0,2,A
3-PA,1791,2,0,0,0,2,A
3-PA,1792,0,0,2,0,2,G
3-PA,1793,0,0,0,2,2,C
3-PA,1794,0,0,0,2,2,C
3-PA,1795,0,0,2,0,2,G
3-PA,1796,2,0,0,0,2,A
3-PA,1797,0,0,2,0,2,G
3-PA,1798,0,2,0,0,2,T
3-PA,1799,0,0,0,2,2,C
3-PA,1800,0,0,0,2,2,C
3-PA,1801,0,2,0,0,2,T
3-PA,1802,0,0,0,2,2,C
3-PA,1803,0,0,2,0,2,G
3-PA,1804,0,0,2,0,2,G
3-PA,1805,0,2,0,0,2,T
3-PA,1806,0,2,0,0,2,T
3-PA,1807,2,0,0,0,2,A
3-PA,1808,2,0,0,0,2,A
3-PA,1809,2,0,0,0,2,A
3-PA,1810,0,0,2,0,2,G
3-PA,1811,2,0,0,0,2,A
3-PA,1812,0,0,2,0,2,G
3-PA,1813,2,0,0,0,2,A
3-PA,1814,2,0,0,0,2,A
3-PA,1815,2,0,0,0,2,A
3-PA,1816,0,0,2,0,2,G
3-PA,1817,2,0,0,0,2,A
3-PA,1818,0,0,0,2,2,C
3-PA,1819,2,0,0,0,2,A
3-PA,1820,0,2,0,0,2,T
3-PA,1821,0,0,2,0,2,G
3-PA,1822,2,0,0,0,2,A
3-PA,1823,0,0,0,2,2,C
3-PA,1824,0,0,0,2,2,C
3-PA,1825,2,0,0,0,2,A
3-PA,1826,2,0,0,0,2,A
3-PA,1827,2,0,0,0,2,A
3-PA,1828,0,0,2,0,2,G
3-PA,1829,2,0,0,0,2,A
3-PA,1830,0,0,2,0,2,G
3-PA,1831,0,2,0,0,2,T
3-PA,1832,0,2,0,0,2,T
3-PA,1833,0,2,0,0,2,T
3-PA,1834,0,2,0,0,2,T
3-PA,1835,0,2,0,0,2,T
3-PA,1836,0,2,0,0,2,T
3-PA,1837,0,0,2,0,2,G
3-PA,1838,2,0,0,0,2,A
3-PA,1839,0,0,2,0,2,G
3-PA,1840,2,0,0,0,2,A
3-PA,1841,1,0,0,0,1,A
3-PA,1842,0,2,0,0,2,T
3-PA,1843,2,0,0,0,2,A
3-PA,1844,2,0,0,0,2,A
3-PA,1845,2,0,0,0,2,A
3-PA,1846,0,2,0,0,2,T
3-PA,1847,0,0,0,2,2,C
3-PA,1848,2,0,0,0,2,A
3-PA,1849,0,0,2,0,2,G
3-PA,1850,2,0,0,0,2,A
3-PA,1851,2,0,0,0,2,A
3-PA,1852,0,0,2,0,2,G
3-PA,1853,0,0,0,2,2,C
3-PA,1854,2,0,0,0,2,A
3-PA,1855,0,2,0,0,2,T
3-PA,1856,0,0,2,0,2,G
3-PA,1857,0,0,2,0,2,G
3-PA,1858,0,0,0,2,2,C
3-PA,1859,0,0,0,2,2,C
3-PA,1860,0,0,0,2,2,C
3-PA,1861,2,0,0,0,2,A
3-PA,1862,0,2,0,0,2,T
3-PA,1863,0,2,0,0,2,T
3-PA,1864,0,0,2,0,2,G
3-PA,1865,0,0,2,0,2,G
3-PA,1866,0,0,2,0,2,G
3-PA,1867,0,0,2,0,2,G
3-PA,1868,2,0,0,0,2,A
3-PA,1869,0,0,2,0,2,G
3-PA,1870,0,2,0,0,2,T
3-PA,1871,0,0,0,2,2,C
3-PA,1872,0,0,0,2,2,C
3-PA,1873,0,0,0,2,2,C
3-PA,1874,0,0,0,2,2,C
3-PA,1875,0,0,0,2,2,C
3-PA,1876,2,0,0,0,2,A
3-PA,1877,2,0,0,0,2,A
3-PA,1878,0,0,2,0,2,G
3-PA,1879,0,0,2,0,2,G
3-PA,1880,0,0,2,0,2,G
3-PA,1881,2,0,0,0,2,A
3-PA,1882,0,0,2,0,2,G
3-PA,1883,0,2,0,0,2,T
3-PA,1884,0,0,2,0,2,G
3-PA,1885,0,0,2,0,2,G
3-PA,1886,2,0,0,0,2,A
3-PA,1887,2,0,0,0,2,A
3-PA,1888,0,0,2,0,2,G
3-PA,1889,2,0,0,0,2,A
3-PA,1890,2,0,0,0,2,A
3-PA,1891,0,0,2,0,2,G
3-PA,1892,0,0,2,0,2,G
3-PA,1893,0,2,0,0,2,T
3-PA,1894,0,2,0,0,2,T
3-PA,1895,0,0,0,2,2,C
3-PA,1896,0,0,0,2,2,C
3-PA,1897,2,0,0,0,2,A
3-PA,1898,0,2,0,0,2,T
3-PA,1899,0,2,0,0,2,T
3-PA,1900,0,0,2,0,2,G
3-PA,1901,0,0,2,0,2,G
3-PA,1902,0,0,2,0,2,G
3-PA,1903,2,0,0,0,2,A
3-PA,1904,2,0,0,0,2,A
3-PA,1905,2,0,0,0,2,A
3-PA,1906,0,0,2,0,2,G
3-PA,1907,0,2,0,0,2,T
3-PA,1908,0,0,0,2,2,C
3-PA,1909,0,2,0,0,2,T
3-PA,1910,0,0,2,0,2,G
3-PA,1911,0,2,0,0,2,T
3-PA,1912,2,0,0,0,2,A
3-PA,1913,0,0,2,0,2,G
3-PA,1914,0,0,2,0,2,G
3-PA,1915,2,0,0,0,2,A
3-PA,1916,0,0,0,2,2,C
3-PA,1917,0,2,0,0,2,T
3-PA,1918,0,0,0,2,2,C
3-PA,1919,0,2,0,0,2,T
3-PA,1920,2,0,0,0,2,A
3-PA,1921,0,2,0,0,2,T
3-PA,1922,0,2,0,0,2,T
3-PA,1923,0,0,2,0,2,G
3-PA,1924,0,0,2,0,2,G
3-PA,1925,0,0,0,2,2,C
3-PA,1926,0,2,0,0,2,T
3-PA,1927,1,0,0,0,1,A
3-PA,1928,1,0,0,0,1,A
3-PA,1929,0,0,1,0,1,G
3-PA,1930,0,1,0,0,1,T
3-PA,1931,0,0,0,1,1,C
3-PA,1932,1,0,0,0,1,A
3-PA,1933,0,0,1,0,1,G
3-PA,1934,0,1,0,0,1,T
3-PA,1935,1,0,0,0,1,A
3-PA,1936,0,1,0,0,1,T
3-PA,1937,0,1,0,0,1,T
3-PA,1938,0,0,0,1,1,C
3-PA,1939,1,0,0,0,1,A
3-PA,1940,1,0,0,0,1,A
3-PA,1941,0,1,0,0,1,T
3-PA,1942,1,0,0,0,1,A
3-PA,1943,0,0,1,0,1,G
3-PA,1944,0,0,0,1,1,C
3-PA,1945,0,0,0,1,1,C
3-PA,1946,0,1,0,0,1,T
3-PA,1947,0,0,1,0,1,G
3-PA,1948,0,1,0,0,1,T
3-PA,1949,1,0,0,0,1,A
3-PA,1950,0,1,0,0,1,T
3-PA,1951,0,0,1,0,1,G
4-HA,1,46,0,0,0,46,A
4-HA,2,0,46,0,0,46,T
4-HA,3,0,0,47,0,47,G
4-HA,4,48,0,0,0,48,A
4-HA,5,48,0,1,0,49,A
4-HA,6,0,0,52,0,52,G
4-HA,7,52,0,0,0,52,A
4-HA,8,0,0,0,59,59,C
4-HA,9,0,59,0,0,59,T
4-HA,10,59,0,0,0,59,A
4-HA,11,0,60,0,1,61,T
4-HA,12,0,0,0,62,62,C
4-HA,13,62,0,0,0,62,A
4-HA,14,0,63,0,0,63,T
4-HA,15,0,63,0,0,63,T
4-HA,16,0,0,67,0,67,G
4-HA,17,0,0,0,68,68,C
4-HA,18,0,68,0,0,68,T
4-HA,19,0,68,0,0,68,T
4-HA,20,0,68,0,0,68,T
4-HA,21,0,0,70,0,70,G
4-HA,22,71,0,0,0,71,A
4-HA,23,0,0,72,0,72,G
4-HA,24,0,0,0,72,72,C
4-HA,25,0,70,0,0,70,T
4-HA,26,77,0,1,0,78,A
4-HA,27,0,0,0,79,79,C
4-HA,28,80,0,0,0,80,A
4-HA,29,0,88,0,0,88,T
4-HA,30,0,88,0,0,88,T
4-HA,31,0,0,0,89,89,C
4-HA,32,0,91,0,0,91,T
4-HA,33,92,0,0,0,92,A
4-HA,34,0,92,0,0,92,T
4-HA,35,0,0,92,0,92,G
4-HA,36,0,90,0,0,90,T
4-HA,37,0,0,0,92,92,C
4-HA,38,0,92,0,0,92,T
4-HA,39,0,0,93,0,93,G
4-HA,40,0,0,92,0,92,G
4-HA,41,0,91,0,0,91,T
4-HA,42,0,94,0,0,94,T
4-HA,43,0,95,0,0,95,T
4-HA,44,0,95,0,0,95,T
4-HA,45,0,0,0,94,94,C
4-HA,46,0,0,93,0,93,G
4-HA,47,0,0,0,95,95,C
4-HA,48,0,96,0,0,96,T
4-HA,49,0,0,0,97,97,C
4-HA,50,97,0,0,0,97,A
4-HA,51,95,0,0,0,95,A
4-HA,52,95,0,0,0,95,A
4-HA,53,95,0,0,0,95,A
4-HA,54,95,0,0,0,95,A
4-HA,55,0,0,0,99,99,C
4-HA,56,0,100,0,0,100,T
4-HA,57,0,100,0,0,100,T
4-HA,58,0,0,0,100,100,C
4-HA,59,0,0,0,99,99,C
4-HA,60,0,99,0,0,99,T
4-HA,61,0,0,103,0,103,G
4-HA,62,0,0,102,0,102,G
4-HA,63,101,0,0,0,101,A
4-HA,64,104,0,0,0,104,A
4-HA,65,104,0,0,0,104,A
4-HA,66,0,107,0,0,107,T
4-HA,67,0,0,107,0,107,G
4-HA,68,108,0,0,0,108,A
4-HA,69,0,0,0,109,109,C
4-HA,70,108,0,0,0,108,A
4-HA,71,107,0,0,0,107,A
4-HA,72,0,0,0,107,107,C
4-HA,73,108,0,0,0,108,A
4-HA,74,0,0,107,0,107,G
4-HA,75,0,0,0,105,105,C
4-HA,76,104,0,0,0,104,A
4-HA,77,0,0,0,108,108,C
4-HA,78,0,0,106,0,106,G
4-HA,79,0,0,106,0,106,G
4-HA,80,0,1,0,108,109,C
4-HA,81,108,0,0,0,108,A
4-HA,82,105,0,0,0,105,A
4-HA,83,0,0,0,110,110,C
4-HA,84,0,0,109,0,109,G
4-HA,85,0,0,0,113,113,C
4-HA,86,0,111,0,0,111,T
4-HA,87,0,0,112,0,112,G
4-HA,88,0,112,0,0,112,T
4-HA,89,0,0,119,0,119,G
4-HA,90,0,0,0,121,121,C
4-HA,91,0,0,0,123,123,C
4-HA,92,0,123,0,0,123,T
4-HA,93,0,124,0,0,124,T
4-HA,94,0,0,121,0,121,G
4-HA,95,0,2,121,0,123,G
4-HA,96,0,0,125,0,125,G
4-HA,97,0,0,0,127,127,C
4-HA,98,125,0,0,0,125,A
4-HA,99,0,0,0,128,128,C
4-HA,100,0,0,0,130,130,C
4-HA,101,144,0,0,0,144,A
4-HA,102,0,145,0,0,145,T
4-HA,103,0,0,146,0,146,G
4-HA,104,0,0,0,147,147,C
4-HA,105,143,0,0,0,143,A
4-HA,106,0,0,157,0,157,G
4-HA,107,0,151,0,0,151,T
4-HA,108,160,0,0,0,160,A
4-HA,109,0,0,0,159,159,C
4-HA,110,0,0,0,158,158,C
4-HA,111,165,0,0,0,165,A
4-HA,112,162,0,0,0,162,A
4-HA,113,163,0,0,0,163,A
4-HA,114,0,158,0,0,158,T
4-HA,115,0,2,159,0,161,G
4-HA,116,0,0,161,0,161,G
4-HA,117,158,0,1,0,159,A
4-HA,118,162,0,0,0,162,A
4-HA,119,0,0,0,164,164,C
4-HA,120,0,0,160,0,160,G
4-HA,121,0,0,160,0,160,G
4-HA,122,0,167,0,0,167,T
4-HA,123,171,0,0,0,171,A
4-HA,124,0,0,167,0,167,G
4-HA,125,0,168,0,0,168,T
4-HA,126,0,0,174,0,174,G
4-HA,127,169,0,0,0,169,A
4-HA,128,171,0,0,0,171,A
4-HA,129,174,0,0,0,174,A
4-HA,130,171,0,0,0,171,A
4-HA,131,0,0,0,175,175,C
4-HA,132,174,0,0,0,174,A
4-HA,133,177,0,0,0,177,A
4-HA,134,0,176,0,0,176,T
4-HA,135,0,0,0,172,172,C
4-HA,136,175,0,0,0,175,A
4-HA,137,0,0,0,177,177,C
4-HA,138,0,0,178,0,178,G
4-HA,139,175,0,0,0,175,A
4-HA,140,176,0,0,0,176,A
4-HA,141,0,178,0,0,178,T
4-HA,142,0,1,176,0,177,G
4-HA,143,178,0,0,0,178,A
4-HA,144,0,0,0,179,179,C
4-HA,145,0,0,0,181,181,C
4-HA,146,182,0,0,0,182,A
4-HA,147,180,0,0,0,180,A
4-HA,148,181,0,0,0,181,A
4-HA,149,0,180,0,0,180,T
4-HA,150,0,182,0,0,182,T
4-HA,151,0,0,180,0,180,G
4-HA,152,181,0,0,0,181,A
4-HA,153,182,0,0,0,182,A
4-HA,154,0,0,181,0,181,G
4-HA,155,0,182,0,0,182,T
4-HA,156,0,186,0,0,186,T
4-HA,157,186,0,0,0,186,A
4-HA,158,0,0,0,191,191,C
4-HA,159,0,189,0,0,189,T
4-HA,160,191,0,0,0,191,A
4-HA,161,193,0,0,0,193,A
4-HA,162,0,193,0,0,193,T
4-HA,163,0,0,194,0,194,G
4-HA,164,0,0,0,201,201,C
4-HA,165,0,200,0,0,200,T
4-HA,166,205,0,0,0,205,A
4-HA,167,0,0,0,205,205,C
4-HA,168,0,200,0,0,200,T
4-HA,169,0,0,200,0,200,G
4-HA,170,201,0,0,0,201,A
4-HA,171,0,0,202,0,202,G
4-HA,172,0,0,0,204,204,C
4-HA,173,0,197,0,0,197,T
4-HA,174,0,0,201,0,201,G
4-HA,175,0,0,197,0,197,G
4-HA,176,0,204,0,0,204,T
4-HA,177,0,200,0,0,200,T
4-HA,178,1,0,0,202,203,C
4-HA,179,200,0,0,0,200,A
4-HA,180,0,0,203,0,203,G
4-HA,181,200,0,0,0,200,A
4-HA,182,0,0,208,0,208,G
4-HA,183,0,211,0,0,211,T
4-HA,184,0,205,0,0,205,T
4-HA,185,0,0,0,205,205,C
4-HA,186,0,0,0,205,205,C
4-HA,187,0,208,0,0,208,T
4-HA,188,0,0,0,207,207,C
4-HA,189,207,0,0,0,207,A
4-HA,190,207,0,0,0,207,A
4-HA,191,0,0,0,209,209,C
4-HA,192,202,0,0,0,202,A
4-HA,193,0,0,204,0,204,G
4-HA,194,0,0,204,0,204,G
4-HA,195,0,200,0,0,200,T
4-HA,196,0,0,203,0,203,G
4-HA,197,205,0,0,0,205,A
4-HA,198,204,0,1,0,205,A
4-HA,199,212,0,0,0,212,A
4-HA,200,0,208,0,0,208,T
4-HA,201,210,0,0,0,210,A
4-HA,202,0,209,0,0,209,T
4-HA,203,0,0,206,0,206,G
4-HA,204,0,0,0,207,207,C
4-HA,205,1,0,206,0,207,G
4-HA,206,205,0,0,1,206,A
4-HA,207,0,0,0,206,206,C
4-HA,208,204,0,0,0,204,A
4-HA,209,0,0,215,0,215,G
4-HA,210,0,213,0,0,213,T
4-HA,211,0,0,0,222,222,C
4-HA,212,0,1,0,220,221,C
4-HA,213,0,220,0,0,220,T
4-HA,214,0,0,0,221,221,C
4-HA,215,223,0,0,1,224,A
4-HA,216,0,222,0,0,222,T
4-HA,217,0,0,0,223,223,C
4-HA,218,206,0,0,0,206,A
4-HA,219,0,0,207,0,207,G
4-HA,220,201,0,0,0,201,A
4-HA,221,0,203,0,0,203,T
4-HA,222,0,0,0,205,205,C
4-HA,223,0,0,0,204,204,C
4-HA,224,0,202,0,0,202,T
4-HA,225,0,201,0,0,201,T
4-HA,226,0,0,200,0,200,G
4-HA,227,199,0,0,0,199,A
4-HA,228,0,200,0,0,200,T
4-HA,229,0,0,201,0,201,G
4-HA,230,0,0,196,0,196,G
4-HA,231,196,0,2,0,198,A
4-HA,232,197,0,1,0,198,A
4-HA,233,199,0,0,0,199,A
4-HA,234,196,0,1,1,198,A
4-HA,235,199,0,0,1,200,A
4-HA,236,199,0,0,0,199,A
4-HA,237,0,0,0,198,198,C
4-HA,238,0,199,0,0,199,T
4-HA,239,0,0,198,0,198,G
4-HA,240,0,0,0,200,200,C
4-HA,241,200,0,0,0,200,A
4-HA,242,0,0,0,202,202,C
4-HA,243,200,0,0,0,200,A
4-HA,244,0,0,0,225,225,C
4-HA,245,0,223,0,0,223,T
4-HA,246,228,0,0,0,228,A
4-HA,247,231,0,0,0,231,A
4-HA,248,0,234,0,0,234,T
4-HA,249,232,0,0,0,232,A
4-HA,250,1,0,234,0,235,G
4-HA,251,229,0,0,0,229,A
4-HA,252,0,224,0,0,224,T
4-HA,253,0,0,211,0,211,G
4-HA,254,0,0,0,213,213,C
4-HA,255,0,212,0,0,212,T
4-HA,256,0,0,0,225,225,C
4-HA,257,0,225,0,0,225,T
4-HA,258,236,0,0,0,236,A
4-HA,259,0,232,0,0,232,T
4-HA,260,0,232,0,0,232,T
4-HA,261,0,1,230,0,231,G
4-HA,262,0,0,232,0,232,G
4-HA,263,0,0,237,0,237,G
4-HA,264,234,0,1,0,235,A
4-HA,265,0,0,239,0,239,G
4-HA,266,227,0,0,0,227,A
4-HA,267,0,0,0,253,253,C
4-HA,268,0,0,0,259,259,C
4-HA,269,0,0,0,264,264,C
4-HA,270,0,262,0,2,264,T
4-HA,271,0,0,0,274,274,C
4-HA,272,272,0,0,0,272,A
4-HA,273,1,0,302,0,303,G
4-HA,274,0,300,0,0,300,T
4-HA,275,0,1,306,0,307,G
4-HA,276,1,300,0,0,301,T
4-HA,277,0,0,295,0,295,G
4-HA,278,300,1,0,0,301,A
4-HA,279,0,301,0,0,301,T
4-HA,280,0,0,297,0,297,G
4-HA,281,0,0,293,0,293,G
4-HA,282,0,1,0,296,297,C
4-HA,283,0,292,0,0,292,T
4-HA,284,0,296,0,0,296,T
4-HA,285,0,0,0,299,299,C
4-HA,286,0,0,0,293,293,C
4-HA,287,301,0,0,0,301,A
4-HA,288,306,0,0,0,306,A
4-HA,289,306,0,0,0,306,A
4-HA,290,307,0,0,0,307,A
4-HA,291,0,304,0,0,304,T
4-HA,292,306,0,0,0,306,A
4-HA,293,307,0,0,0,307,A
4-HA,294,0,0,305,0,305,G
4-HA,295,309,0,0,0,309,A
4-HA,296,306,0,0,0,306,A
4-HA,297,311,0,0,0,311,A
4-HA,298,0,315,0,0,315,T
4-HA,299,0,0,314,0,314,G
4-HA,300,0,0,314,0,314,G
4-HA,301,0,0,310,0,310,G
4-HA,302,308,0,0,0,308,A
4-HA,303,0,0,0,312,312,C
4-HA,304,0,0,0,313,313,C
4-HA,305,0,325,0,0,325,T
4-HA,306,0,323,0,1,324,T
4-HA,307,1,320,0,0,321,T
4-HA,308,0,327,0,0,327,T
4-HA,309,0,330,0,0,330,T
4-HA,310,0,0,328,0,328,G
4-HA,311,0,327,0,0,327,T
4-HA,312,0,329,0,0,329,T
4-HA,313,0,0,324,0,324,G
4-HA,314,326,1,0,0,327,A
4-HA,315,333,0,0,0,333,A
4-HA,316,0,0,0,333,333,C
4-HA,317,0,0,333,0,333,G
4-HA,318,0,0,0,339,339,C
4-HA,319,335,0,0,0,335,A
4-HA,320,0,0,341,0,341,G
4-HA,321,0,0,0,341,341,C
4-HA,322,338,0,0,0,338,A
4-HA,323,341,0,0,0,341,A
4-HA,324,340,0,0,0,340,A
4-HA,325,0,0,348,0,348,G
4-HA,326,0,0,0,347,347,C
4-HA,327,0,0,0,352,352,C
4-HA,328,0,351,0,0,351,T
4-HA,329,356,0,0,0,356,A
4-HA,330,0,0,0,360,360,C
4-HA,331,359,0,1,0,360,A
4-HA,332,0,0,362,0,362,G
4-HA,333,0,0,0,356,356,C
4-HA,334,348,0,0,0,348,A
4-HA,335,347,0,0,0,347,A
4-HA,336,0,0,0,356,356,C
4-HA,337,0,356,0,0,356,T
4-HA,338,0,0,358,0,358,G
4-HA,339,0,356,0,0,356,T
4-HA,340,0,359,0,0,359,T
4-HA,341,357,0,0,0,357,A
4-HA,342,0,1,0,386,387,C
4-HA,343,0,0,0,380,380,C
4-HA,344,1,0,0,398,399,C
4-HA,345,0,380,0,1,381,T
4-HA,346,0,381,0,0,381,T
4-HA,347,375,0,0,0,375,A
4-HA,348,0,377,0,0,377,T
4-HA,349,0,0,381,0,381,G
4-HA,350,373,0,1,0,374,A
4-HA,351,0,357,0,0,357,T
4-HA,352,0,0,363,0,363,G
4-HA,353,0,355,0,0,355,T
4-HA,354,0,0,352,0,352,G
4-HA,355,0,0,0,352,352,C
4-HA,356,0,0,0,349,349,C
4-HA,357,0,0,366,0,366,G
4-HA,358,0,0,369,0,369,G
4-HA,359,364,0,0,0,364,A
4-HA,360,0,368,0,0,368,T
4-HA,361,2,357,0,4,363,T
4-HA,362,363,0,1,0,364,A
4-HA,363,0,364,0,0,364,T
4-HA,364,0,0,360,0,360,G
4-HA,365,0,0,0,363,363,C
4-HA,366,0,0,0,360,360,C
4-HA,367,0,366,0,1,367,T
4-HA,368,0,0,0,387,387,C
4-HA,369,0,0,0,391,391,C
4-HA,370,0,0,0,400,400,C
4-HA,371,1,392,0,1,394,T
4-HA,372,0,399,0,0,399,T
4-HA,373,394,0,0,0,394,A
4-HA,374,0,0,401,0,401,G
4-HA,375,0,0,404,0,404,G
4-HA,376,0,382,0,0,382,T
4-HA,377,0,0,0,384,384,C
4-HA,378,377,0,0,0,377,A
4-HA,379,0,0,0,392,392,C
4-HA,380,0,394,0,0,394,T
4-HA,381,390,0,3,0,393,A
4-HA,382,0,0,392,0,392,G
4-HA,383,0,384,0,0,384,T
4-HA,384,0,389,0,0,389,T
4-HA,385,0,0,395,0,395,G
4-HA,386,0,0,0,392,392,C
4-HA,387,0,0,0,390,390,C
4-HA,388,0,393,0,0,393,T
4-HA,389,0,0,0,398,398,C
4-HA,390,415,0,0,0,415,A
4-HA,391,0,414,0,0,414,T
4-HA,392,0,0,0,415,415,C
4-HA,393,0,0,0,415,415,C
4-HA,394,0,0,408,0,408,G
4-HA,395,1,0,413,0,414,G
4-HA,396,0,0,0,411,411,C
4-HA,397,418,0,0,0,418,A
4-HA,398,0,0,0,427,427,C
4-HA,399,422,0,1,0,423,A
4-HA,400,0,2,0,421,423,C
4-HA,401,0,423,0,0,423,T
4-HA,402,0,0,424,0,424,G
4-HA,403,2,0,425,0,427,G
4-HA,404,424,0,0,0,424,A
4-HA,405,0,0,431,0,431,G
4-HA,406,0,431,0,0,431,T
4-HA,407,0,423,0,0,423,T
4-HA,408,0,432,0,1,433,T
4-HA,409,434,0,0,0,434,A
4-HA,410,432,0,0,0,432,A
4-HA,411,0,0,0,437,437,C
4-HA,412,435,0,0,0,435,A
4-HA,413,429,0,0,0,429,A
4-HA,414,0,428,0,0,428,T
4-HA,415,0,0,429,0,429,G
4-HA,416,425,0,0,0,425,A
4-HA,417,427,0,0,0,427,A
4-HA,418,428,0,0,0,428,A
4-HA,419,0,0,430,0,430,G
4-HA,420,0,0,0,436,436,C
4-HA,421,0,432,0,0,432,T
4-HA,422,0,431,0,0,431,T
4-HA,423,0,0,0,437,437,C
4-HA,424,438,0,0,0,438,A
4-HA,425,436,0,0,0,436,A
4-HA,426,0,438,0,1,439,T
4-HA,427,0,435,0,0,435,T
4-HA,428,0,0,444,0,444,G
4-HA,429,0,0,457,0,457,G
4-HA,430,449,0,0,0,449,A
4-HA,431,0,0,0,456,456,C
4-HA,432,0,456,0,0,456,T
4-HA,433,0,0,454,0,454,G
4-HA,434,0,0,454,0,454,G
4-HA,435,449,0,0,0,449,A
4-HA,436,0,0,454,0,454,G
4-HA,437,0,445,0,1,446,T
4-HA,438,0,0,0,441,441,C
4-HA,439,443,0,0,0,443,A
4-HA,440,0,0,0,446,446,C
4-HA,441,0,445,0,0,445,T
4-HA,442,0,1,0,446,447,C
4-HA,443,437,0,0,0,437,A
4-HA,444,443,0,0,0,443,A
4-HA,445,441,0,0,0,441,A
4-HA,446,443,0,0,0,443,A
4-HA,447,0,0,0,450,450,C
4-HA,448,1,0,443,0,444,G
4-HA,449,0,0,441,1,442,G
4-HA,450,445,0,0,0,445,A
4-HA,451,444,0,0,0,444,A
4-HA,452,0,0,0,448,448,C
4-HA,453,449,0,0,0,449,A
4-HA,454,451,0,0,0,451,A
4-HA,455,0,0,452,0,452,G
4-HA,456,0,0,0,455,455,C
4-HA,457,0,454,0,0,454,T
4-HA,458,0,0,0,454,454,C
4-HA,459,1,451,0,0,452,T
4-HA,460,0,0,452,0,452,G
4-HA,461,0,0,0,457,457,C
4-HA,462,0,457,0,0,457,T
4-HA,463,0,473,0,1,474,T
4-HA,464,1,0,482,0,483,G
4-HA,465,0,0,0,490,490,C
4-HA,466,489,0,0,0,489,A
4-HA,467,0,483,0,0,483,T
4-HA,468,482,0,0,0,482,A
4-HA,469,482,1,0,0,483,A
4-HA,470,0,0,482,0,482,G
4-HA,471,0,0,481,0,481,G
4-HA,472,468,0,0,0,468,A
4-HA,473,0,0,461,0,461,G
4-HA,474,462,0,0,0,462,A
4-HA,475,0,479,0,0,479,T
4-HA,476,0,0,0,483,483,C
4-HA,477,0,481,0,0,481,T
4-HA,478,482,0,0,0,482,A
4-HA,479,478,0,0,0,478,A
4-HA,480,473,1,0,0,474,A
4-HA,481,473,0,0,0,473,A
4-HA,482,477,0,0,0,477,A
4-HA,483,0,0,0,478,478,C
4-HA,484,465,0,0,0,465,A
4-HA,485,0,0,472,0,472,G
4-HA,486,0,473,0,0,473,T
4-HA,487,0,482,0,1,483,T
4-HA,488,0,482,0,0,482,T
4-HA,489,0,0,0,489,489,C
4-HA,490,0,489,0,0,489,T
4-HA,491,0,495,0,0,495,T
4-HA,492,0,495,0,1,496,T
4-HA,493,496,0,0,0,496,A
4-HA,494,0,0,500,0,500,G
4-HA,495,0,495,0,0,495,T
4-HA,496,497,1,0,1,499,A
4-HA,497,7,0,487,0,494,G
4-HA,498,487,0,0,0,487,A
4-HA,499,0,484,0,0,484,T
4-HA,500,0,487,0,0,487,T
4-HA,501,0,0,496,0,496,G
4-HA,502,496,0,0,0,496,A
4-HA,503,497,0,1,0,498,A
4-HA,504,0,497,0,1,498,T
4-HA,505,0,497,0,0,497,T
4-HA,506,0,0,507,0,507,G
4-HA,507,0,0,505,0,505,G
4-HA,508,0,503,0,0,503,T
4-HA,509,0,498,0,0,498,T
4-HA,510,0,0,495,0,495,G
4-HA,511,493,0,0,0,493,A
4-HA,512,0,1,0,489,490,C
4-HA,513,0,0,0,490,490,C
4-HA,514,0,0,0,499,499,C
4-HA,515,494,0,1,0,495,A
4-HA,516,0,0,0,496,496,C
4-HA,517,0,493,0,1,494,T
4-HA,518,0,1,0,495,496,C
4-HA,519,500,0,0,0,500,A
4-HA,520,504,0,0,0,504,A
4-HA,521,500,0,0,0,500,A
4-HA,522,1,0,0,495,496,C
4-HA,523,0,506,0,0,506,T
4-HA,524,0,504,0,2,506,T
4-HA,525,0,0,0,512,512,C
4-HA,526,517,0,0,0,517,A
4-HA,527,515,0,1,0,516,A
4-HA,528,513,0,0,0,513,A
4-HA,529,0,515,0,0,515,T
4-HA,530,517,0,0,0,517,A
4-HA,531,0,0,0,520,520,C
4-HA,532,0,0,0,501,501,C
4-HA,533,0,0,0,505,505,C
4-HA,534,505,0,0,0,505,A
4-HA,535,0,0,520,0,520,G
4-HA,536,0,0,0,525,525,C
4-HA,537,526,0,0,0,526,A
4-HA,538,0,525,0,0,525,T
4-HA,539,0,520,0,0,520,T
4-HA,540,0,1,531,0,532,G
4-HA,541,534,0,0,0,534,A
4-HA,542,536,0,1,0,537,A
4-HA,543,0,0,0,537,537,C
4-HA,544,0,0,522,0,522,G
4-HA,545,0,524,0,1,525,T
4-HA,546,0,0,529,0,529,G
4-HA,547,528,0,0,0,528,A
4-HA,548,0,0,0,536,536,C
4-HA,549,0,513,0,0,513,T
4-HA,550,533,0,0,0,533,A
4-HA,551,0,533,0,0,533,T
4-HA,552,0,0,540,0,540,G
4-HA,553,0,0,0,534,534,C
4-HA,554,0,0,0,532,532,C
4-HA,555,526,0,0,0,526,A
4-HA,556,520,0,0,0,520,A
4-HA,557,530,0,0,1,531,A
4-HA,558,0,0,0,539,539,C
4-HA,559,530,0,0,0,530,A
4-HA,560,528,0,0,0,528,A
4-HA,561,0,525,0,1,526,T
4-HA,562,0,0,529,0,529,G
4-HA,563,531,0,1,0,532,A
4-HA,564,525,0,0,0,525,A
4-HA,565,0,0,0,523,523,C
4-HA,566,527,0,0,0,527,A
4-HA,567,529,0,0,0,529,A
4-HA,568,0,526,0,0,526,T
4-HA,569,0,522,0,0,522,T
4-HA,570,0,528,0,0,528,T
4-HA,571,0,0,526,0,526,G
4-HA,572,530,0,0,0,530,A
4-HA,573,0,0,0,529,529,C
4-HA,574,529,0,0,0,529,A
4-HA,575,529,0,0,0,529,A
4-HA,576,533,0,0,0,533,A
4-HA,577,0,534,0,0,534,T
4-HA,578,0,536,0,0,536,T
4-HA,579,0,0,535,0,535,G
4-HA,580,0,534,0,0,534,T
4-HA,581,538,0,1,0,539,A
4-HA,582,0,0,0,549,549,C
4-HA,583,550,0,0,0,550,A
4-HA,584,0,548,0,0,548,T
4-HA,585,0,550,0,0,550,T
4-HA,586,0,546,0,0,546,T
4-HA,587,0,0,544,0,544,G
4-HA,588,0,0,541,0,541,G
4-HA,589,0,0,544,0,544,G
4-HA,590,0,1,534,0,535,G
4-HA,591,0,0,532,0,532,G
4-HA,592,1,0,539,0,540,G
4-HA,593,0,542,0,0,542,T
4-HA,594,0,546,0,0,546,T
4-HA,595,0,1,0,537,538,C
4-HA,596,537,0,0,0,537,A
4-HA,597,0,0,0,544,544,C
4-HA,598,0,0,0,545,545,C
4-HA,599,540,0,0,0,540,A
4-HA,600,0,0,0,548,548,C
4-HA,601,0,0,0,539,539,C
4-HA,602,0,0,0,536,536,C
4-HA,603,0,0,545,0,545,G
4-HA,604,0,0,553,0,553,G
4-HA,605,0,0,555,0,555,G
4-HA,606,0,538,0,0,538,T
4-HA,607,552,0,0,0,552,A
4-HA,608,0,0,0,549,549,C
4-HA,609,0,0,540,0,540,G
4-HA,610,0,0,554,0,554,G
4-HA,611,554,0,0,0,554,A
4-HA,612,0,0,0,552,552,C
4-HA,613,537,0,0,0,537,A
4-HA,614,538,0,0,0,538,A
4-HA,615,533,1,0,0,534,A
4-HA,616,0,1,539,0,540,G
4-HA,617,539,0,0,0,539,A
4-HA,618,0,0,0,538,538,C
4-HA,619,0,0,0,534,534,C
4-HA,620,536,0,0,0,536,A
4-HA,621,534,0,0,0,534,A
4-HA,622,540,0,0,0,540,A
4-HA,623,0,527,0,0,527,T
4-HA,624,0,0,0,543,543,C
4-HA,625,0,506,0,1,507,T
4-HA,626,0,508,0,0,508,T
4-HA,627,0,0,0,519,519,C
4-HA,628,0,0,1,531,532,C
4-HA,629,0,527,0,0,527,T
4-HA,630,0,0,535,0,535,G
4-HA,631,0,527,0,0,527,T
4-HA,632,538,0,0,0,538,A
4-HA,633,0,529,0,0,529,T
4-HA,634,0,0,542,0,542,G
4-HA,635,0,0,0,523,523,C
4-HA,636,0,529,0,0,529,T
4-HA,637,0,1,0,539,540,C
4-HA,638,538,0,2,0,540,A
4-HA,639,539,0,0,0,539,A
4-HA,640,0,0,537,0,537,G
4-HA,641,0,1,0,543,544,C
4-HA,642,541,0,0,0,541,A
4-HA,643,0,532,0,1,533,T
4-HA,644,0,0,0,533,533,C
4-HA,645,531,0,1,0,532,A
4-HA,646,0,0,533,0,533,G
4-HA,647,0,0,534,0,534,G
4-HA,648,530,0,0,0,530,A
4-HA,649,529,0,0,0,529,A
4-HA,650,0,1,546,0,547,G
4-HA,651,546,0,0,0,546,A
4-HA,652,563,0,0,0,563,A
4-HA,653,0,557,0,1,558,T
4-HA,654,1,0,0,561,562,C
4-HA,655,559,0,0,0,559,A
4-HA,656,0,0,0,563,563,C
4-HA,657,557,0,0,0,557,A
4-HA,658,0,0,573,0,573,G
4-HA,659,0,558,0,2,560,T
4-HA,660,0,1,0,569,570,C
4-HA,661,0,554,0,3,557,T
4-HA,662,1,0,0,573,574,C
4-HA,663,0,572,1,0,573,T
4-HA,664,575,0,0,0,575,A
4-HA,665,0,7,0,567,574,C
4-HA,666,0,0,0,576,576,C
4-HA,667,567,0,0,1,568,A
4-HA,668,569,0,0,0,569,A
4-HA,669,559,0,0,0,559,A
4-HA,670,559,0,0,0,559,A
4-HA,671,0,0,563,0,563,G
4-HA,672,546,0,1,0,547,A
4-HA,673,549,0,0,0,549,A
4-HA,674,1,0,541,0,542,G
4-HA,675,0,0,0,537,537,C
4-HA,676,1,0,0,546,547,C
4-HA,677,550,0,0,0,550,A
4-HA,678,544,2,0,0,546,A
4-HA,679,0,0,0,553,553,C
4-HA,680,553,0,0,0,553,A
4-HA,681,548,0,0,2,550,A
4-HA,682,558,0,0,0,558,A
4-HA,683,0,0,0,576,576,C
4-HA,684,0,569,0,0,569,T
4-HA,685,0,0,573,0,573,G
4-HA,686,0,571,0,0,571,T
4-HA,687,571,0,0,0,571,A
4-HA,688,572,0,1,0,573,A
4-HA,689,0,561,0,0,561,T
4-HA,690,1,0,0,569,570,C
4-HA,691,1,0,0,563,564,C
4-HA,692,1,1,0,554,556,C
4-HA,693,0,0,561,0,561,G
4-HA,694,557,1,0,0,558,A
4-HA,695,559,0,0,0,559,A
4-HA,696,0,562,0,0,562,T
4-HA,697,559,0,0,0,559,A
4-HA,698,0,551,0,0,551,T
4-HA,699,0,0,0,556,556,C
4-HA,700,1,1,556,0,558,G
4-HA,701,0,0,573,0,573,G
4-HA,702,568,0,0,0,568,A
4-HA,703,0,567,0,0,567,T
4-HA,704,0,0,0,571,571,C
4-HA,705,0,573,0,0,573,T
4-HA,706,573,0,0,0,573,A
4-HA,707,0,1,571,0,572,G
4-HA,708,569,0,0,0,569,A
4-HA,709,0,0,0,570,570,C
4-HA,710,1,0,0,557,558,C
4-HA,711,0,0,0,561,561,C
4-HA,712,561,0,1,0,562,A
4-HA,713,0,0,605,0,605,G
4-HA,714,599,0,0,0,599,A
4-HA,715,0,0,610,0,610,G
4-HA,716,0,597,0,0,597,T
4-HA,717,605,0,0,0,605,A
4-HA,718,596,0,2,0,598,A
4-HA,719,0,0,608,0,608,G
4-HA,720,0,0,607,0,607,G
4-HA,721,600,0,1,0,601,A
4-HA,722,564,0,0,0,564,A
4-HA,723,0,563,0,0,563,T
4-HA,724,566,0,0,0,566,A
4-HA,725,0,555,0,1,556,T
4-HA,726,0,0,0,557,557,C
4-HA,727,0,0,0,562,562,C
4-HA,728,0,1,0,548,549,C
4-HA,729,0,551,0,0,551,T
4-HA,730,551,1,0,0,552,A
4-HA,731,0,0,549,0,549,G
4-HA,732,0,0,0,552,552,C
4-HA,733,533,0,1,0,534,A
4-HA,734,0,0,552,0,552,G
4-HA,735,537,0,0,0,537,A
4-HA,736,537,0,0,0,537,A
4-HA,737,0,541,0,0,541,T
4-HA,738,541,0,0,0,541,A
4-HA,739,545,0,0,0,545,A
4-HA,740,0,0,537,0,537,G
4-HA,741,0,0,0,544,544,C
4-HA,742,541,0,0,0,541,A
4-HA,743,0,535,0,0,535,T
4-HA,744,0,1,0,577,578,C
4-HA,745,0,574,0,1,575,T
4-HA,746,579,1,0,0,580,A
4-HA,747,0,581,0,0,581,T
4-HA,748,0,578,0,0,578,T
4-HA,749,0,0,577,0,577,G
4-HA,750,0,0,584,0,584,G
4-HA,751,577,0,1,0,578,A
4-HA,752,0,0,0,580,580,C
4-HA,753,528,0,0,0,528,A
4-HA,754,534,0,0,0,534,A
4-HA,755,0,556,0,1,557,T
4-HA,756,566,0,0,0,566,A
4-HA,757,0,0,572,0,572,G
4-HA,758,0,565,0,0,565,T
4-HA,759,564,0,1,0,565,A
4-HA,760,569,0,0,0,569,A
4-HA,761,583,0,0,0,583,A
4-HA,762,583,0,0,0,583,A
4-HA,763,0,0,0,597,597,C
4-HA,764,1,0,0,565,566,C
4-HA,765,0,0,557,1,558,G
4-HA,766,0,0,562,0,562,G
4-HA,767,0,1,576,0,577,G
4-HA,768,576,0,1,0,577,A
4-HA,769,0,0,585,0,585,G
4-HA,770,592,0,2,0,594,A
4-HA,771,0,1,0,601,602,C
4-HA,772,602,0,0,0,602,A
4-HA,773,0,606,0,0,606,T
4-HA,774,603,0,0,0,603,A
4-HA,775,0,0,0,618,618,C
4-HA,776,0,614,0,2,616,T
4-HA,777,0,623,0,0,623,T
4-HA,778,0,634,0,0,634,T
4-HA,779,0,635,0,0,635,T
4-HA,780,0,1,637,0,638,G
4-HA,781,643,0,1,0,644,A
4-HA,782,0,638,0,0,638,T
4-HA,783,0,671,0,0,671,T
4-HA,784,671,0,0,0,671,A
4-HA,785,673,1,0,0,674,A
4-HA,786,0,1,0,686,687,C
4-HA,787,685,0,1,0,686,A
4-HA,788,1,0,722,0,723,G
4-HA,789,1,0,0,717,718,C
4-HA,790,711,0,0,0,711,A
4-HA,791,0,0,0,722,722,C
4-HA,792,716,0,0,0,716,A
4-HA,793,0,0,731,0,731,G
4-HA,794,0,0,726,0,726,G
4-HA,795,6,0,767,0,773,G
4-HA,796,767,0,0,0,767,A
4-HA,797,778,0,0,0,778,A
4-HA,798,0,767,0,1,768,T
4-HA,799,0,0,0,771,771,C
4-HA,800,0,785,0,0,785,T
4-HA,801,779,0,0,0,779,A
4-HA,802,780,0,1,0,781,A
4-HA,803,0,768,1,0,769,T
4-HA,804,0,762,0,0,762,T
4-HA,805,0,0,777,0,777,G
4-HA,806,0,0,0,800,800,C
4-HA,807,0,848,0,0,848,T
4-HA,808,0,0,0,883,883,C
4-HA,809,0,0,0,888,888,C
4-HA,810,0,886,0,0,886,T
4-HA,811,886,0,0,0,886,A
4-HA,812,1,2,885,0,888,G
4-HA,813,0,0,887,0,887,G
4-HA,814,0,0,883,0,883,G
4-HA,815,0,0,883,0,883,G
4-HA,816,0,870,0,0,870,T
4-HA,817,0,861,0,0,861,T
4-HA,818,868,0,1,0,869,A
4-HA,819,1,0,0,877,878,C
4-HA,820,0,874,1,1,876,T
4-HA,821,0,880,0,1,881,T
4-HA,822,0,1,0,879,880,C
4-HA,823,877,0,0,0,877,A
4-HA,824,877,0,0,0,877,A
4-HA,825,877,0,0,0,877,A
4-HA,826,882,0,0,0,882,A
4-HA,827,0,886,0,0,886,T
4-HA,828,876,0,0,0,876,A
4-HA,829,0,0,0,879,879,C
4-HA,830,0,0,879,0,879,G
4-HA,831,882,0,0,0,882,A
4-HA,832,887,0,0,0,887,A
4-HA,833,0,0,896,0,896,G
4-HA,834,0,877,0,0,877,T
4-HA,835,0,1,895,0,896,G
4-HA,836,0,0,894,0,894,G
4-HA,837,0,0,903,0,903,G
4-HA,838,898,0,0,0,898,A
4-HA,839,902,0,0,0,902,A
4-HA,840,904,0,0,0,904,A
4-HA,841,896,0,2,0,898,A
4-HA,842,0,0,916,0,916,G
4-HA,843,0,0,0,906,906,C
4-HA,844,0,905,0,1,906,T
4-HA,845,0,0,0,925,925,C
4-HA,846,927,0,1,0,928,A
4-HA,847,931,0,0,0,931,A
4-HA,848,0,941,0,0,941,T
4-HA,849,948,0,0,0,948,A
4-HA,850,946,0,0,0,946,A
4-HA,851,0,920,0,0,920,T
4-HA,852,1,0,926,0,927,G
4-HA,853,926,0,0,0,926,A
4-HA,854,0,0,961,0,961,G
4-HA,855,955,0,0,0,955,A
4-HA,856,0,952,0,0,952,T
4-HA,857,2,0,0,983,985,C
4-HA,858,976,0,0,0,976,A
4-HA,859,0,0,996,0,996,G
4-HA,860,999,1,0,0,1000,A
4-HA,861,0,999,0,2,1001,T
4-HA,862,0,0,1000,0,1000,G
4-HA,863,0,0,0,989,989,C
4-HA,864,987,0,2,0,989,A
4-HA,865,0,0,0,1009,1009,C
4-HA,866,1,0,0,1005,1006,C
4-HA,867,0,0,0,1011,1011,C
4-HA,868,999,0,0,0,999,A
4-HA,869,0,997,0,0,997,T
4-HA,870,0,997,0,1,998,T
4-HA,871,0,1,1009,0,1010,G
4-HA,872,0,0,999,0,999,G
4-HA,873,0,1,0,1008,1009,C
4-HA,874,1000,0,0,0,1000,A
4-HA,875,997,0,0,0,997,A
4-HA,876,1027,0,0,0,1027,A
4-HA,877,0,1022,1,1,1024,T
4-HA,878,0,1,1024,0,1025,G
4-HA,879,0,0,0,1026,1026,C
4-HA,880,1021,0,0,0,1021,A
4-HA,881,1057,0,0,0,1057,A
4-HA,882,0,1053,0,0,1053,T
4-HA,883,0,1064,0,0,1064,T
4-HA,884,1,0,0,1070,1071,C
4-HA,885,0,1045,0,0,1045,T
4-HA,886,0,0,1066,0,1066,G
4-HA,887,1058,0,0,1,1059,A
4-HA,888,1064,0,0,0,1064,A
4-HA,889,0,1057,0,2,1059,T
4-HA,890,1,1,1043,1,1046,G
4-HA,891,0,0,0,1057,1057,C
4-HA,892,1052,0,0,0,1052,A
4-HA,893,0,1048,0,0,1048,T
4-HA,894,0,0,0,1050,1050,C
4-HA,895,1044,0,0,0,1044,A
4-HA,896,0,0,0,1101,1101,C
4-HA,897,0,1082,0,1,1083,T
4-HA,898,2,0,0,1103,1105,C
4-HA,899,1,0,0,1104,1105,C
4-HA,900,1118,0,0,0,1118,A
4-HA,901,1118,0,0,0,1118,A
4-HA,902,1115,0,0,0,1115,A
4-HA,903,1,1088,0,1,1090,T
4-HA,904,0,0,1092,0,1092,G
4-HA,905,0,0,1092,0,1092,G
4-HA,906,1088,0,2,0,1090,A
4-HA,907,1085,0,1,0,1086,A
4-HA,908,0,1,1095,0,1096,G
4-HA,909,0,0,0,1086,1086,C
4-HA,910,1080,0,0,0,1080,A
4-HA,911,0,1079,0,1,1080,T
4-HA,912,0,1073,0,2,1075,T
4-HA,913,0,0,0,1108,1108,C
4-HA,914,0,0,0,1110,1110,C
4-HA,915,0,0,0,1122,1122,C
4-HA,916,1122,0,1,0,1123,A
4-HA,917,1138,0,0,0,1138,A
4-HA,918,2,1143,0,0,1145,T
4-HA,919,0,0,1146,0,1146,G
4-HA,920,1149,0,0,0,1149,A
4-HA,921,0,0,0,1155,1155,C
4-HA,922,1128,0,0,0,1128,A
4-HA,923,1134,0,0,0,1134,A
4-HA,924,1120,0,2,0,1122,A
4-HA,925,0,0,0,1134,1134,C
4-HA,926,0,0,0,1131,1131,C
4-HA,927,1114,0,0,0,1114,A
4-HA,928,0,1119,0,0,1119,T
4-HA,929,0,1106,0,3,1109,T
4-HA,930,1,0,1,1119,1121,C
4-HA,931,0,0,0,1118,1118,C
4-HA,932,1126,1,0,0,1127,A
4-HA,933,1126,0,0,0,1126,A
4-HA,934,1119,0,0,0,1119,A
4-HA,935,1140,0,1,0,1141,A
4-HA,936,0,1130,0,2,1132,T
4-HA,937,0,0,1135,0,1135,G
4-HA,938,0,1129,0,1,1130,T
4-HA,939,1132,1,0,0,1133,A
4-HA,940,1141,0,0,0,1141,A
4-HA,941,1135,1,2,0,1138,A
4-HA,942,0,0,0,1151,1151,C
4-HA,943,1139,0,0,0,1139,A
4-HA,944,0,0,1152,0,1152,G
4-HA,945,0,0,1149,0,1149,G
4-HA,946,1182,0,1,0,1183,A
4-HA,947,0,1174,0,0,1174,T
4-HA,948,1,1,0,1200,1202,C
4-HA,949,1199,1,6,0,1206,A
4-HA,950,0,0,0,1260,1260,C
4-HA,951,1264,0,0,0,1264,A
4-HA,952,0,1312,0,0,1312,T
4-HA,953,1288,0,0,0,1288,A
4-HA,954,0,0,1,1288,1289,C
4-HA,955,1,1,1238,0,1240,G
4-HA,956,0,0,1224,0,1224,G
4-HA,957,0,0,1196,0,1196,G
4-HA,958,0,0,1197,0,1197,G
4-HA,959,0,0,0,1194,1194,C
4-HA,960,1,0,0,1203,1204,C
4-HA,961,0,1189,0,0,1189,T
4-HA,962,0,0,1322,0,1322,G
4-HA,963,1,1299,0,1,1301,T
4-HA,964,0,0,0,1303,1303,C
4-HA,965,0,0,0,1316,1316,C
4-HA,966,1,0,0,1323,1324,C
4-HA,967,1324,0,0,0,1324,A
4-HA,968,0,0,1337,0,1337,G
4-HA,969,1328,0,0,0,1328,A
4-HA,970,0,1320,0,0,1320,T
4-HA,971,1248,0,0,0,1248,A
4-HA,972,0,1227,0,0,1227,T
4-HA,973,0,0,1235,0,1235,G
4-HA,974,0,1228,0,0,1228,T
4-HA,975,0,1225,0,0,1225,T
4-HA,976,1226,1,0,0,1227,A
4-HA,977,1211,0,0,0,1211,A
4-HA,978,0,0,1213,0,1213,G
4-HA,979,0,0,0,1222,1222,C
4-HA,980,1210,0,0,0,1210,A
4-HA,981,1209,0,0,0,1209,A
4-HA,982,1198,0,0,0,1198,A
4-HA,983,1194,0,1,0,1195,A
4-HA,984,0,0,0,1197,1197,C
4-HA,985,1193,0,0,0,1193,A
4-HA,986,0,0,0,1199,1199,C
4-HA,987,0,1180,0,0,1180,T
4-HA,988,1,0,0,1193,1194,C
4-HA,989,0,1196,0,0,1196,T
4-HA,990,0,0,1205,0,1205,G
4-HA,991,1202,0,0,0,1202,A
4-HA,992,1190,0,0,0,1190,A
4-HA,993,1204,0,0,0,1204,A
4-HA,994,0,1193,0,0,1193,T
4-HA,995,0,1180,0,0,1180,T
4-HA,996,0,0,1194,0,1194,G
4-HA,997,0,0,1192,0,1192,G
4-HA,998,0,1,0,1185,1186,C
4-HA,999,1197,0,1,0,1198,A
4-HA,1000,1185,0,0,0,1185,A
4-HA,1001,0,0,0,1193,1193,C
4-HA,1002,1186,0,0,0,1186,A
4-HA,1003,0,1,1205,0,1206,G
4-HA,1004,0,1,1193,0,1194,G
4-HA,1005,0,0,1199,0,1199,G
4-HA,1006,1187,0,2,0,1189,A
4-HA,1007,0,1176,0,1,1177,T
4-HA,1008,0,0,1186,0,1186,G
4-HA,1009,0,1,0,1189,1190,C
4-HA,1010,0,0,1203,0,1203,G
4-HA,1011,1222,0,0,0,1222,A
4-HA,1012,1194,0,1,0,1195,A
4-HA,1013,1209,0,0,0,1209,A
4-HA,1014,0,1191,0,0,1191,T
4-HA,1015,0,0,1218,0,1218,G
4-HA,1016,0,1203,0,1,1204,T
4-HA,1017,1198,0,1,1,1200,A
4-HA,1018,0,1,0,1197,1198,C
4-HA,1019,0,0,0,1201,1201,C
4-HA,1020,1193,0,0,0,1193,A
4-HA,1021,0,0,1193,0,1193,G
4-HA,1022,1160,0,0,0,1160,A
4-HA,1023,0,0,1159,0,1159,G
4-HA,1024,1157,0,0,0,1157,A
4-HA,1025,1154,0,0,0,1154,A
4-HA,1026,1154,0,0,0,1154,A
4-HA,1027,0,0,0,1156,1156,C
4-HA,1028,1158,0,0,0,1158,A
4-HA,1029,1167,0,0,0,1167,A
4-HA,1030,1148,0,1,0,1149,A
4-HA,1031,0,0,1,1165,1166,C
4-HA,1032,0,1153,0,0,1153,T
4-HA,1033,1153,0,0,0,1153,A
4-HA,1034,0,0,1152,0,1152,G
4-HA,1035,1145,0,2,0,1147,A
4-HA,1036,0,0,1179,0,1179,G
4-HA,1037,0,0,1162,0,1162,G
4-HA,1038,0,0,0,1156,1156,C
4-HA,1039,1163,0,1,0,1164,A
4-HA,1040,0,1166,0,0,1166,T
4-HA,1041,1181,0,0,0,1181,A
4-HA,1042,0,1168,0,0,1168,T
4-HA,1043,0,1181,0,0,1181,T
4-HA,1044,0,1176,0,0,1176,T
4-HA,1045,0,0,1147,0,1147,G
4-HA,1046,1,0,1138,0,1139,G
4-HA,1047,0,0,0,1131,1131,C
4-HA,1048,0,0,1140,0,1140,G
4-HA,1049,0,0,0,1128,1128,C
4-HA,1050,1128,0,0,1,1129,A
4-HA,1051,1134,0,0,0,1134,A
4-HA,1052,0,1135,0,0,1135,T
4-HA,1053,0,1,0,1153,1154,C
4-HA,1054,0,1,1147,0,1148,G
4-HA,1055,0,0,1,1148,1149,C
4-HA,1056,0,2,1153,1,1156,G
4-HA,1057,0,0,1163,0,1163,G
4-HA,1058,0,0,1170,0,1170,G
4-HA,1059,0,1140,0,0,1140,T
4-HA,1060,0,1137,0,0,1137,T
4-HA,1061,0,1149,0,0,1149,T
4-HA,1062,0,1,0,1154,1155,C
4-HA,1063,1159,0,3,0,1162,A
4-HA,1064,0,1162,0,0,1162,T
4-HA,1065,1161,0,0,1,1162,A
4-HA,1066,0,0,1173,1,1174,G
4-HA,1067,1136,0,0,0,1136,A
4-HA,1068,1147,0,0,0,1147,A
4-HA,1069,1149,0,0,0,1149,A
4-HA,1070,1145,0,0,0,1145,A
4-HA,1071,0,1143,0,0,1143,T
4-HA,1072,0,0,1169,0,1169,G
4-HA,1073,0,0,1171,0,1171,G
4-HA,1074,1,1149,0,0,1150,T
4-HA,1075,1,1154,0,0,1155,T
4-HA,1076,0,1,1154,0,1155,G
4-HA,1077,1,0,1170,0,1171,G
4-HA,1078,0,1,1171,0,1172,G
4-HA,1079,1157,0,0,0,1157,A
4-HA,1080,0,0,1173,0,1173,G
4-HA,1081,0,0,1172,0,1172,G
4-HA,1082,0,1,1191,0,1192,G
4-HA,1083,1185,0,0,0,1185,A
4-HA,1084,1193,1,0,0,1194,A
4-HA,1085,0,1205,0,0,1205,T
4-HA,1086,0,0,1207,0,1207,G
4-HA,1087,0,0,1247,0,1247,G
4-HA,1088,0,1204,0,0,1204,T
4-HA,1089,0,0,1235,0,1235,G
4-HA,1090,0,0,1229,0,1229,G
4-HA,1091,1197,0,1,0,1198,A
4-HA,1092,0,1211,0,0,1211,T
4-HA,1093,0,0,1234,0,1234,G
4-HA,1094,0,0,1256,0,1256,G
4-HA,1095,0,1228,0,0,1228,T
4-HA,1096,0,1218,0,0,1218,T
4-HA,1097,0,0,1221,0,1221,G
4-HA,1098,1,0,1238,0,1239,G
4-HA,1099,0,1201,0,0,1201,T
4-HA,1100,1234,0,0,0,1234,A
4-HA,1101,0,0,0,1199,1199,C
4-HA,1102,0,0,1218,0,1218,G
4-HA,1103,0,0,1242,0,1242,G
4-HA,1104,0,1238,0,0,1238,T
4-HA,1105,0,1231,0,0,1231,T
4-HA,1106,0,1235,0,0,1235,T
4-HA,1107,0,0,0,1218,1218,C
4-HA,1108,1224,1,1,0,1226,A
4-HA,1109,0,0,1226,0,1226,G
4-HA,1110,0,0,1211,0,1211,G
4-HA,1111,0,0,0,1211,1211,C
4-HA,1112,1177,0,0,0,1177,A
4-HA,1113,0,1194,0,0,1194,T
4-HA,1114,0,0,0,1218,1218,C
4-HA,1115,1206,0,0,0,1206,A
4-HA,1116,1208,0,0,0,1208,A
4-HA,1117,1212,0,0,0,1212,A
4-HA,1118,1220,0,0,0,1220,A
4-HA,1119,0,1204,0,0,1204,T
4-HA,1120,0,1189,0,0,1189,T
4-HA,1121,0,0,0,1216,1216,C
4-HA,1122,0,1219,0,1,1220,T
4-HA,1123,0,0,1218,0,1218,G
4-HA,1124,1197,0,2,0,1199,A
4-HA,1125,0,0,1211,0,1211,G
4-HA,1126,2,0,1213,0,1215,G
4-HA,1127,0,0,1234,0,1234,G
4-HA,1128,1217,0,0,0,1217,A
4-HA,1129,1220,0,0,0,1220,A
4-HA,1130,0,0,1215,0,1215,G
4-HA,1131,1233,0,0,0,1233,A
4-HA,1132,0,0,1243,0,1243,G
4-HA,1133,1,0,1245,0,1246,G
4-HA,1134,1236,0,1,0,1237,A
4-HA,1135,0,1,1,1233,1235,C
4-HA,1136,1245,0,0,0,1245,A
4-HA,1137,1236,0,0,0,1236,A
4-HA,1138,1,0,1244,0,1245,G
4-HA,1139,1,1,0,1237,1239,C
4-HA,1140,1225,0,0,0,1225,A
4-HA,1141,1,0,1220,0,1221,G
4-HA,1142,0,0,0,1221,1221,C
4-HA,1143,1226,0,0,0,1226,A
4-HA,1144,1,0,1239,0,1240,G
4-HA,1145,1220,0,2,0,1222,A
4-HA,1146,0,1247,0,0,1247,T
4-HA,1147,0,1,0,1264,1265,C
4-HA,1148,2,1258,1,4,1265,T
4-HA,1149,1,0,0,1285,1286,C
4-HA,1150,1282,0,0,0,1282,A
4-HA,1151,1285,0,0,0,1285,A
4-HA,1152,1284,0,0,0,1284,A
4-HA,1153,1269,0,1,0,1270,A
4-HA,1154,0,0,1271,0,1271,G
4-HA,1155,0,1,0,1234,1235,C
4-HA,1156,1239,0,1,0,1240,A
4-HA,1157,0,0,0,1251,1251,C
4-HA,1158,0,1228,0,1,1229,T
4-HA,1159,1,0,0,1240,1241,C
4-HA,1160,1253,0,0,0,1253,A
4-HA,1161,1270,0,0,0,1270,A
4-HA,1162,0,0,1272,0,1272,G
4-HA,1163,0,0,1,1270,1271,C
4-HA,1164,1267,0,0,0,1267,A
4-HA,1165,1,0,1253,0,1254,G
4-HA,1166,0,0,0,1222,1222,C
4-HA,1167,1246,0,0,0,1246,A
4-HA,1168,1237,0,0,0,1237,A
4-HA,1169,0,1209,0,1,1210,T
4-HA,1170,0,0,0,1188,1188,C
4-HA,1171,0,0,1193,0,1193,G
4-HA,1172,1189,0,1,0,1190,A
4-HA,1173,0,1177,0,0,1177,T
4-HA,1174,0,0,0,1186,1186,C
4-HA,1175,1181,0,0,0,1181,A
4-HA,1176,1217,0,0,0,1217,A
4-HA,1177,1206,0,0,0,1206,A
4-HA,1178,0,1197,0,0,1197,T
4-HA,1179,0,0,0,1213,1213,C
4-HA,1180,1203,0,1,0,1204,A
4-HA,1181,1211,0,1,0,1212,A
4-HA,1182,0,1216,0,0,1216,T
4-HA,1183,4,0,1214,0,1218,G
4-HA,1184,0,0,1208,0,1208,G
4-HA,1185,0,0,1191,0,1191,G
4-HA,1186,1203,0,1,0,1204,A
4-HA,1187,1205,0,0,0,1205,A
4-HA,1188,0,0,1219,0,1219,G
4-HA,1189,0,0,0,1208,1208,C
4-HA,1190,0,1213,0,2,1215,T
4-HA,1191,0,0,1252,0,1252,G
4-HA,1192,1255,0,0,0,1255,A
4-HA,1193,1260,0,1,0,1261,A
4-HA,1194,1,1254,0,0,1255,T
4-HA,1195,1245,0,0,0,1245,A
4-HA,1196,0,0,1240,0,1240,G
4-HA,1197,1165,0,0,0,1165,A
4-HA,1198,0,1158,0,0,1158,T
4-HA,1199,0,1162,0,0,1162,T
4-HA,1200,1,1,1165,0,1167,G
4-HA,1201,1161,0,0,0,1161,A
4-HA,1202,0,1153,0,0,1153,T
4-HA,1203,1,0,0,1165,1166,C
4-HA,1204,1,0,1160,0,1161,G
4-HA,1205,0,0,1150,0,1150,G
4-HA,1206,0,2,1154,0,1156,G
4-HA,1207,1149,0,0,0,1149,A
4-HA,1208,1158,0,0,0,1158,A
4-HA,1209,1162,0,1,0,1163,A
4-HA,1210,1151,0,0,1,1152,A
4-HA,1211,0,0,0,1151,1151,C
4-HA,1212,0,0,0,1163,1163,C
4-HA,1213,1163,0,0,0,1163,A
4-HA,1214,1161,0,0,0,1161,A
4-HA,1215,0,1,0,1157,1158,C
4-HA,1216,0,3,1162,0,1165,G
4-HA,1217,1167,0,0,0,1167,A
4-HA,1218,0,0,1165,0,1165,G
4-HA,1219,1163,0,2,0,1165,A
4-HA,1220,1161,0,0,0,1161,A
4-HA,1221,1162,0,0,0,1162,A
4-HA,1222,0,1152,0,0,1152,T
4-HA,1223,0,1143,0,0,1143,T
4-HA,1224,0,0,0,1152,1152,C
4-HA,1225,0,0,1,1166,1167,C
4-HA,1226,1168,0,0,0,1168,A
4-HA,1227,0,1151,0,0,1151,T
4-HA,1228,0,0,0,1159,1159,C
4-HA,1229,1167,0,0,0,1167,A
4-HA,1230,0,1,1167,0,1168,G
4-HA,1231,1163,0,0,0,1163,A
4-HA,1232,0,1159,0,0,1159,T
4-HA,1233,0,1162,0,0,1162,T
4-HA,1234,0,0,1164,0,1164,G
4-HA,1235,1162,0,0,0,1162,A
4-HA,1236,1169,0,0,0,1169,A
4-HA,1237,1168,0,1,0,1169,A
4-HA,1238,1168,0,0,0,1168,A
4-HA,1239,1160,0,0,0,1160,A
4-HA,1240,0,0,1150,0,1150,G
4-HA,1241,1142,0,1,0,1143,A
4-HA,1242,1144,0,1,0,1145,A
4-HA,1243,0,1122,0,0,1122,T
4-HA,1244,0,1118,0,0,1118,T
4-HA,1245,0,0,0,1128,1128,C
4-HA,1246,0,1121,0,0,1121,T
4-HA,1247,1,0,0,1122,1123,C
4-HA,1248,1123,0,0,0,1123,A
4-HA,1249,1,0,1124,0,1125,G
4-HA,1250,1118,0,0,0,1118,A
4-HA,1251,1111,0,0,0,1111,A
4-HA,1252,0,0,1119,0,1119,G
4-HA,1253,0,1081,0,0,1081,T
4-HA,1254,0,0,0,1098,1098,C
4-HA,1255,0,0,1114,0,1114,G
4-HA,1256,1110,0,0,0,1110,A
4-HA,1257,1110,0,0,0,1110,A
4-HA,1258,1,0,1109,0,1110,G
4-HA,1259,0,1,1102,0,1103,G
4-HA,1260,0,1,1109,0,1110,G
4-HA,1261,1066,0,1,0,1067,A
4-HA,1262,0,2,1079,0,1081,G
4-HA,1263,1083,0,0,0,1083,A
4-HA,1264,1149,0,0,0,1149,A
4-HA,1265,0,1144,0,0,1144,T
4-HA,1266,0,1107,0,28,1135,T
4-HA,1267,0,0,1,1142,1143,C
4-HA,1268,1119,0,4,0,1123,A
4-HA,1269,0,0,1120,0,1120,G
4-HA,1270,0,0,1113,0,1113,G
4-HA,1271,1104,0,0,0,1104,A
4-HA,1272,0,0,0,1111,1111,C
4-HA,1273,0,0,0,1019,1019,C
4-HA,1274,0,1018,0,0,1018,T
4-HA,1275,0,1000,0,28,1028,T
4-HA,1276,0,0,1034,0,1034,G
4-HA,1277,1033,0,0,0,1033,A
4-HA,1278,0,0,1047,0,1047,G
4-HA,1279,1030,0,0,0,1030,A
4-HA,1280,984,0,0,0,984,A
4-HA,1281,986,0,0,0,986,A
4-HA,1282,0,970,0,0,970,T
4-HA,1283,997,0,0,0,997,A
4-HA,1284,0,991,0,0,991,T
4-HA,1285,0,1,998,0,999,G
4-HA,1286,0,993,0,0,993,T
4-HA,1287,0,972,0,0,972,T
4-HA,1288,0,0,986,0,986,G
4-HA,1289,978,0,0,0,978,A
4-HA,1290,0,1,996,0,997,G
4-HA,1291,0,0,1004,0,1004,G
4-HA,1292,981,0,3,0,984,A
4-HA,1293,1,0,0,1011,1012,C
4-HA,1294,989,0,0,0,989,A
4-HA,1295,0,0,0,999,999,C
4-HA,1296,0,996,0,1,997,T
4-HA,1297,1024,0,0,0,1024,A
4-HA,1298,1037,0,0,0,1037,A
4-HA,1299,1033,0,0,0,1033,A
4-HA,1300,1036,0,0,0,1036,A
4-HA,1301,0,1029,0,0,1029,T
4-HA,1302,982,0,0,0,982,A
4-HA,1303,0,0,983,0,983,G
4-HA,1304,959,0,1,0,960,A
4-HA,1305,0,954,0,0,954,T
4-HA,1306,0,0,0,971,971,C
4-HA,1307,0,944,0,0,944,T
4-HA,1308,0,0,0,976,976,C
4-HA,1309,0,971,0,0,971,T
4-HA,1310,0,0,987,0,987,G
4-HA,1311,0,0,1015,0,1015,G
4-HA,1312,0,1007,0,1,1008,T
4-HA,1313,0,0,0,1015,1015,C
4-HA,1314,1019,0,0,0,1019,A
4-HA,1315,0,1021,0,0,1021,T
4-HA,1316,1019,0,1,0,1020,A
4-HA,1317,0,0,0,1019,1019,C
4-HA,1318,984,0,0,0,984,A
4-HA,1319,990,0,0,0,990,A
4-HA,1320,0,0,0,944,944,C
4-HA,1321,0,0,954,0,954,G
4-HA,1322,0,0,0,939,939,C
4-HA,1323,0,0,937,0,937,G
4-HA,1324,0,0,932,0,932,G
4-HA,1325,936,0,1,0,937,A
4-HA,1326,0,0,948,0,948,G
4-HA,1327,0,0,0,944,944,C
4-HA,1328,0,944,0,0,944,T
4-HA,1329,0,954,0,1,955,T
4-HA,1330,0,0,0,949,949,C
4-HA,1331,0,959,0,0,959,T
4-HA,1332,0,961,0,0,961,T
4-HA,1333,0,0,956,0,956,G
4-HA,1334,0,948,0,0,948,T
4-HA,1335,0,938,0,0,938,T
4-HA,1336,0,0,952,0,952,G
4-HA,1337,0,0,0,929,929,C
4-HA,1338,1,0,0,933,934,C
4-HA,1339,0,0,0,948,948,C
4-HA,1340,2,938,0,1,941,T
4-HA,1341,0,0,968,0,968,G
4-HA,1342,0,0,963,0,963,G
4-HA,1343,972,1,0,0,973,A
4-HA,1344,0,0,969,0,969,G
4-HA,1345,951,1,0,0,952,A
4-HA,1346,958,0,0,0,958,A
4-HA,1347,0,0,0,958,958,C
4-HA,1348,1,0,0,955,956,C
4-HA,1349,961,0,0,0,961,A
4-HA,1350,1004,0,0,0,1004,A
4-HA,1351,0,0,0,1011,1011,C
4-HA,1352,1015,0,0,0,1015,A
4-HA,1353,0,1010,0,0,1010,T
4-HA,1354,1021,0,0,0,1021,A
4-HA,1355,0,0,0,1020,1020,C
4-HA,1356,1008,1,0,0,1009,A
4-HA,1357,1013,0,1,0,1014,A
4-HA,1358,0,1000,0,1,1001,T
4-HA,1359,0,968,0,0,968,T
4-HA,1360,0,1,987,0,988,G
4-HA,1361,995,0,0,0,995,A
4-HA,1362,1,985,0,0,986,T
4-HA,1363,0,0,0,997,997,C
4-HA,1364,0,984,0,0,984,T
4-HA,1365,995,0,0,0,995,A
4-HA,1366,991,0,1,0,992,A
4-HA,1367,1,0,0,994,995,C
4-HA,1368,0,989,0,2,991,T
4-HA,1369,0,0,979,0,979,G
4-HA,1370,982,0,0,0,982,A
4-HA,1371,0,0,0,970,970,C
4-HA,1372,0,978,0,0,978,T
4-HA,1373,0,0,0,985,985,C
4-HA,1374,986,0,0,0,986,A
4-HA,1375,0,0,1005,0,1005,G
4-HA,1376,1000,0,0,0,1000,A
4-HA,1377,998,0,0,0,998,A
4-HA,1378,1005,0,0,0,1005,A
4-HA,1379,0,1000,0,0,1000,T
4-HA,1380,0,0,1011,0,1011,G
4-HA,1381,994,0,0,0,994,A
4-HA,1382,1010,0,0,0,1010,A
4-HA,1383,0,1,0,1003,1004,C
4-HA,1384,1000,0,0,0,1000,A
4-HA,1385,1001,0,0,0,1001,A
4-HA,1386,997,0,1,0,998,A
4-HA,1387,0,0,0,990,990,C
4-HA,1388,0,972,0,0,972,T
4-HA,1389,0,0,997,0,997,G
4-HA,1390,0,971,1,1,973,T
4-HA,1391,0,980,0,0,980,T
4-HA,1392,0,986,0,0,986,T
4-HA,1393,0,1,988,0,989,G
4-HA,1394,988,0,0,0,988,A
4-HA,1395,990,0,0,0,990,A
4-HA,1396,988,0,0,0,988,A
4-HA,1397,977,0,0,0,977,A
4-HA,1398,975,0,0,0,975,A
4-HA,1399,981,0,0,0,981,A
4-HA,1400,0,0,0,987,987,C
4-HA,1401,980,0,1,0,981,A
4-HA,1402,983,0,0,0,983,A
4-HA,1403,984,0,1,0,985,A
4-HA,1404,0,0,971,0,971,G
4-HA,1405,988,0,0,0,988,A
4-HA,1406,974,0,0,0,974,A
4-HA,1407,0,0,972,0,972,G
4-HA,1408,0,0,0,962,962,C
4-HA,1409,986,0,0,0,986,A
4-HA,1410,990,0,0,0,990,A
4-HA,1411,1,0,0,977,978,C
4-HA,1412,0,977,0,0,977,T
4-HA,1413,0,0,994,0,994,G
4-HA,1414,949,0,26,0,975,A
4-HA,1415,0,0,985,0,985,G
4-HA,1416,0,0,982,0,982,G
4-HA,1417,1,0,991,0,992,G
4-HA,1418,968,1,23,0,992,A
4-HA,1419,980,1,0,0,981,A
4-HA,1420,973,0,0,0,973,A
4-HA,1421,987,0,0,0,987,A
4-HA,1422,0,984,0,0,984,T
4-HA,1423,0,2,982,1,985,G
4-HA,1424,0,0,0,983,983,C
4-HA,1425,0,977,0,0,977,T
4-HA,1426,1,1,970,0,972,G
4-HA,1427,974,0,0,0,974,A
4-HA,1428,0,1,1010,0,1011,G
4-HA,1429,0,0,1029,0,1029,G
4-HA,1430,1013,0,0,0,1013,A
4-HA,1431,0,1005,0,0,1005,T
4-HA,1432,995,0,0,0,995,A
4-HA,1433,0,988,0,0,988,T
4-HA,1434,1,0,997,0,998,G
4-HA,1435,2,0,1011,0,1013,G
4-HA,1436,1,0,1004,0,1005,G
4-HA,1437,0,0,0,964,964,C
4-HA,1438,946,0,0,0,946,A
4-HA,1439,940,0,0,0,940,A
4-HA,1440,0,941,0,0,941,T
4-HA,1441,0,1,940,0,941,G
4-HA,1442,0,0,938,0,938,G
4-HA,1443,0,909,0,0,909,T
4-HA,1444,0,875,0,0,875,T
4-HA,1445,0,0,884,0,884,G
4-HA,1446,0,876,0,2,878,T
4-HA,1447,0,883,0,0,883,T
4-HA,1448,0,887,0,1,888,T
4-HA,1449,1,0,0,894,895,C
4-HA,1450,899,0,1,0,900,A
4-HA,1451,901,0,0,0,901,A
4-HA,1452,899,0,0,0,899,A
4-HA,1453,906,0,0,0,906,A
4-HA,1454,0,907,0,0,907,T
4-HA,1455,900,0,0,0,900,A
4-HA,1456,0,903,0,0,903,T
4-HA,1457,877,0,0,0,877,A
4-HA,1458,0,0,0,901,901,C
4-HA,1459,1,0,0,905,906,C
4-HA,1460,905,1,0,0,906,A
4-HA,1461,0,0,0,909,909,C
4-HA,1462,903,0,0,0,903,A
4-HA,1463,907,0,0,0,907,A
4-HA,1464,912,0,0,0,912,A
4-HA,1465,0,902,0,0,902,T
4-HA,1466,0,0,909,0,909,G
4-HA,1467,0,894,0,0,894,T
4-HA,1468,0,0,902,0,902,G
4-HA,1469,898,0,4,0,902,A
4-HA,1470,0,0,0,894,894,C
4-HA,1471,890,0,0,0,890,A
4-HA,1472,890,0,0,0,890,A
4-HA,1473,0,891,0,0,891,T
4-HA,1474,0,0,897,0,897,G
4-HA,1475,0,2,0,876,878,C
4-HA,1476,0,1,0,898,899,C
4-HA,1477,0,900,0,0,900,T
4-HA,1478,0,0,932,0,932,G
4-HA,1479,0,0,0,924,924,C
4-HA,1480,932,0,0,0,932,A
4-HA,1481,0,935,0,0,935,T
4-HA,1482,891,0,2,0,893,A
4-HA,1483,1,0,890,0,891,G
4-HA,1484,0,0,889,0,889,G
4-HA,1485,886,0,0,0,886,A
4-HA,1486,0,869,0,1,870,T
4-HA,1487,0,0,0,820,820,C
4-HA,1488,830,0,0,0,830,A
4-HA,1489,823,0,0,0,823,A
4-HA,1490,0,825,0,0,825,T
4-HA,1491,0,0,0,830,830,C
4-HA,1492,817,0,0,0,817,A
4-HA,1493,0,0,821,0,821,G
4-HA,1494,827,0,0,0,827,A
4-HA,1495,830,0,0,0,830,A
4-HA,1496,824,0,1,0,825,A
4-HA,1497,0,818,0,0,818,T
4-HA,1498,0,0,817,0,817,G
4-HA,1499,0,0,811,0,811,G
4-HA,1500,813,0,0,0,813,A
4-HA,1501,816,0,0,0,816,A
4-HA,1502,0,0,0,819,819,C
4-HA,1503,0,802,0,1,803,T
4-HA,1504,0,812,0,0,812,T
4-HA,1505,814,0,0,0,814,A
4-HA,1506,0,808,0,0,808,T
4-HA,1507,0,0,810,0,810,G
4-HA,1508,802,0,0,0,802,A
4-HA,1509,0,0,0,802,802,C
4-HA,1510,0,0,0,799,799,C
4-HA,1511,798,0,0,0,798,A
4-HA,1512,1,1,0,813,815,C
4-HA,1513,0,0,830,0,830,G
4-HA,1514,848,0,0,0,848,A
4-HA,1515,0,858,0,0,858,T
4-HA,1516,0,0,892,0,892,G
4-HA,1517,0,878,0,0,878,T
4-HA,1518,910,0,0,0,910,A
4-HA,1519,0,911,0,1,912,T
4-HA,1520,907,0,0,0,907,A
4-HA,1521,0,0,0,908,908,C
4-HA,1522,820,0,0,0,820,A
4-HA,1523,0,0,826,0,826,G
4-HA,1524,787,0,0,0,787,A
4-HA,1525,0,0,770,0,770,G
4-HA,1526,762,0,0,0,762,A
4-HA,1527,0,688,0,0,688,T
4-HA,1528,0,0,689,0,689,G
4-HA,1529,682,0,0,0,682,A
4-HA,1530,682,0,0,0,682,A
4-HA,1531,0,0,694,0,694,G
4-HA,1532,0,0,0,665,665,C
4-HA,1533,670,0,0,0,670,A
4-HA,1534,0,663,1,0,664,T
4-HA,1535,0,660,0,0,660,T
4-HA,1536,667,0,0,0,667,A
4-HA,1537,662,0,0,0,662,A
4-HA,1538,665,0,0,0,665,A
4-HA,1539,0,0,0,660,660,C
4-HA,1540,649,0,0,0,649,A
4-HA,1541,645,0,0,0,645,A
4-HA,1542,0,0,0,637,637,C
4-HA,1543,0,0,0,643,643,C
4-HA,1544,1,0,638,0,639,G
4-HA,1545,0,0,645,1,646,G
4-HA,1546,0,651,0,0,651,T
4-HA,1547,0,643,0,0,643,T
4-HA,1548,0,628,0,1,629,T
4-HA,1549,0,0,0,627,627,C
4-HA,1550,633,0,1,0,634,A
4-HA,1551,0,0,639,0,639,G
4-HA,1552,635,0,1,0,636,A
4-HA,1553,0,642,0,0,642,T
4-HA,1554,0,0,0,617,617,C
4-HA,1555,613,0,1,0,614,A
4-HA,1556,605,0,1,0,606,A
4-HA,1557,0,0,616,0,616,G
4-HA,1558,0,0,610,0,610,G
4-HA,1559,1,0,604,0,605,G
4-HA,1560,586,0,1,0,587,A
4-HA,1561,0,0,597,0,597,G
4-HA,1562,0,596,0,0,596,T
4-HA,1563,0,596,0,0,596,T
4-HA,1564,1,1,596,0,598,G
4-HA,1565,588,0,0,0,588,A
4-HA,1566,1,0,597,0,598,G
4-HA,1567,0,1,0,592,593,C
4-HA,1568,0,588,0,1,589,T
4-HA,1569,0,0,591,0,591,G
4-HA,1570,586,0,0,0,586,A
4-HA,1571,586,0,1,0,587,A
4-HA,1572,0,0,580,0,580,G
4-HA,1573,0,571,0,1,572,T
4-HA,1574,0,0,0,569,569,C
4-HA,1575,566,0,0,0,566,A
4-HA,1576,0,0,565,0,565,G
4-HA,1577,0,0,561,0,561,G
4-HA,1578,0,0,539,0,539,G
4-HA,1579,0,566,0,0,566,T
4-HA,1580,560,1,0,0,561,A
4-HA,1581,0,0,0,562,562,C
4-HA,1582,566,0,0,0,566,A
4-HA,1583,564,0,0,0,564,A
4-HA,1584,563,0,0,0,563,A
4-HA,1585,0,0,568,0,568,G
4-HA,1586,547,0,0,0,547,A
4-HA,1587,0,523,0,0,523,T
4-HA,1588,0,521,0,0,521,T
4-HA,1589,1,0,519,0,520,G
4-HA,1590,0,0,517,0,517,G
4-HA,1591,511,0,0,0,511,A
4-HA,1592,1,508,0,0,509,T
4-HA,1593,0,1,0,501,502,C
4-HA,1594,0,0,0,492,492,C
4-HA,1595,0,493,0,0,493,T
4-HA,1596,499,0,0,0,499,A
4-HA,1597,0,498,0,0,498,T
4-HA,1598,0,0,498,0,498,G
4-HA,1599,0,0,497,0,497,G
4-HA,1600,478,0,0,0,478,A
4-HA,1601,0,479,0,1,480,T
4-HA,1602,0,471,0,0,471,T
4-HA,1603,0,468,0,0,468,T
4-HA,1604,0,0,0,464,464,C
4-HA,1605,0,0,0,475,475,C
4-HA,1606,0,461,0,2,463,T
4-HA,1607,0,470,0,0,470,T
4-HA,1608,0,465,0,1,466,T
4-HA,1609,0,0,463,0,463,G
4-HA,1610,0,1,0,462,463,C
4-HA,1611,0,0,0,464,464,C
4-HA,1612,455,0,0,0,455,A
4-HA,1613,0,453,0,0,453,T
4-HA,1614,452,0,0,0,452,A
4-HA,1615,0,450,0,0,450,T
4-HA,1616,0,0,0,449,449,C
4-HA,1617,448,0,0,0,448,A
4-HA,1618,0,447,0,0,447,T
4-HA,1619,0,0,454,0,454,G
4-HA,1620,0,449,3,0,452,T
4-HA,1621,0,448,0,0,448,T
4-HA,1622,0,446,0,0,446,T
4-HA,1623,0,432,0,0,432,T
4-HA,1624,0,431,0,0,431,T
4-HA,1625,0,433,0,0,433,T
4-HA,1626,0,0,432,0,432,G
4-HA,1627,0,0,0,418,418,C
4-HA,1628,0,405,0,0,405,T
4-HA,1629,0,407,0,0,407,T
4-HA,1630,0,408,0,1,409,T
4-HA,1631,0,0,420,0,420,G
4-HA,1632,0,420,0,0,420,T
4-HA,1633,0,0,423,0,423,G
4-HA,1634,0,419,0,0,419,T
4-HA,1635,0,410,0,1,411,T
4-HA,1636,0,0,411,0,411,G
4-HA,1637,0,0,0,407,407,C
4-HA,1638,0,406,0,0,406,T
4-HA,1639,0,415,0,0,415,T
4-HA,1640,0,383,1,0,384,T
4-HA,1641,0,0,391,0,391,G
4-HA,1642,0,385,0,0,385,T
4-HA,1643,0,382,1,1,384,T
4-HA,1644,0,0,387,0,387,G
4-HA,1645,0,0,371,0,371,G
4-HA,1646,0,0,375,0,375,G
4-HA,1647,0,0,376,0,376,G
4-HA,1648,0,371,0,0,371,T
4-HA,1649,0,364,0,0,364,T
4-HA,1650,0,0,0,353,353,C
4-HA,1651,354,0,0,0,354,A
4-HA,1652,0,351,0,0,351,T
4-HA,1653,0,0,0,356,356,C
4-HA,1654,357,0,0,0,357,A
4-HA,1655,0,347,0,0,347,T
4-HA,1656,0,0,346,0,346,G
4-HA,1657,0,338,0,1,339,T
4-HA,1658,0,1,333,0,334,G
4-HA,1659,0,0,326,0,326,G
4-HA,1660,0,0,324,0,324,G
4-HA,1661,0,1,0,303,304,C
4-HA,1662,0,0,0,302,302,C
4-HA,1663,0,291,0,1,292,T
4-HA,1664,0,0,291,0,291,G
4-HA,1665,0,0,0,288,288,C
4-HA,1666,0,0,0,294,294,C
4-HA,1667,294,0,0,0,294,A
4-HA,1668,291,0,0,0,291,A
4-HA,1669,291,0,0,0,291,A
4-HA,1670,291,0,0,0,291,A
4-HA,1671,293,0,0,0,293,A
4-HA,1672,0,0,287,0,287,G
4-HA,1673,0,0,280,0,280,G
4-HA,1674,0,4,0,269,273,C
4-HA,1675,273,0,0,0,273,A
4-HA,1676,269,0,0,0,269,A
4-HA,1677,0,0,0,274,274,C
4-HA,1678,270,0,0,0,270,A
4-HA,1679,0,270,0,0,270,T
4-HA,1680,0,269,0,0,269,T
4-HA,1681,259,0,0,0,259,A
4-HA,1682,0,0,258,0,258,G
4-HA,1683,0,0,257,0,257,G
4-HA,1684,0,247,0,0,247,T
4-HA,1685,0,0,232,0,232,G
4-HA,1686,0,0,0,220,220,C
4-HA,1687,217,0,0,0,217,A
4-HA,1688,213,0,0,0,213,A
4-HA,1689,0,0,0,215,215,C
4-HA,1690,208,0,0,0,208,A
4-HA,1691,0,204,0,0,204,T
4-HA,1692,0,191,0,0,191,T
4-HA,1693,0,192,0,0,192,T
4-HA,1694,0,0,188,0,188,G
4-HA,1695,0,0,0,188,188,C
4-HA,1696,186,0,0,0,186,A
4-HA,1697,0,174,0,0,174,T
4-HA,1698,0,171,0,0,171,T
4-HA,1699,0,163,0,0,163,T
4-HA,1700,0,0,162,0,162,G
4-HA,1701,156,0,0,0,156,A
5-NP,1,15,0,0,0,15,A
5-NP,2,0,15,0,0,15,T
5-NP,3,0,0,14,0,14,G
5-NP,4,0,0,15,0,15,G
5-NP,5,0,0,0,15,15,C
5-NP,6,0,0,16,0,16,G
5-NP,7,0,18,0,0,18,T
5-NP,8,0,0,0,18,18,C
5-NP,9,0,0,0,18,18,C
5-NP,10,0,0,0,18,18,C
5-NP,11,18,0,0,0,18,A
5-NP,12,17,0,0,0,17,A
5-NP,13,0,0,18,0,18,G
5-NP,14,0,0,19,0,19,G
5-NP,15,0,0,0,19,19,C
5-NP,16,19,0,0,0,19,A
5-NP,17,0,0,0,19,19,C
5-NP,18,0,0,0,19,19,C
5-NP,19,19,0,0,0,19,A
5-NP,20,19,0,0,0,19,A
5-NP,21,19,0,0,0,19,A
5-NP,22,0,0,0,19,19,C
5-NP,23,0,0,18,0,18,G
5-NP,24,0,0,21,0,21,G
5-NP,25,0,21,0,0,21,T
5-NP,26,0,0,0,22,22,C
5-NP,27,0,22,0,0,22,T
5-NP,28,0,22,0,0,22,T
5-NP,29,22,0,0,0,22,A
5-NP,30,0,22,0,0,22,T
5-NP,31,0,0,22,0,22,G
5-NP,32,22,0,0,0,22,A
5-NP,33,22,0,0,0,22,A
5-NP,34,0,0,0,22,22,C
5-NP,35,22,0,0,0,22,A
5-NP,36,0,0,23,0,23,G
5-NP,37,23,0,0,0,23,A
5-NP,38,0,23,0,0,23,T
5-NP,39,0,0,23,0,23,G
5-NP,40,0,0,23,0,23,G
5-NP,41,23,0,0,0,23,A
5-NP,42,23,0,0,0,23,A
5-NP,43,24,0,0,0,24,A
5-NP,44,0,0,0,27,27,C
5-NP,45,0,27,0,0,27,T
5-NP,46,0,0,27,0,27,G
5-NP,47,27,0,0,0,27,A
5-NP,48,0,27,0,0,27,T
5-NP,49,0,0,27,0,27,G
5-NP,50,0,0,27,0,27,G
5-NP,51,0,0,27,0,27,G
5-NP,52,0,0,27,0,27,G
5-NP,53,27,0,0,0,27,A
5-NP,54,0,26,0,0,26,T
5-NP,55,0,0,0,28,28,C
5-NP,56,0,0,28,0,28,G
5-NP,57,0,0,0,28,28,C
5-NP,58,0,0,0,28,28,C
5-NP,59,28,0,0,0,28,A
5-NP,60,0,0,28,0,28,G
5-NP,61,28,0,0,0,28,A
5-NP,62,29,0,0,0,29,A
5-NP,63,0,29,0,0,29,T
5-NP,64,0,0,29,0,29,G
5-NP,65,0,0,0,30,30,C
5-NP,66,30,0,0,0,30,A
5-NP,67,31,0,0,0,31,A
5-NP,68,0,0,0,31,31,C
5-NP,69,0,31,0,0,31,T
5-NP,70,0,1,29,0,30,G
5-NP,71,32,0,0,0,32,A
5-NP,72,0,0,37,0,37,G
5-NP,73,37,0,0,0,37,A
5-NP,74,0,37,0,0,37,T
5-NP,75,0,37,0,0,37,T
5-NP,76,37,0,0,0,37,A
5-NP,77,0,0,37,0,37,G
5-NP,78,0,0,37,0,37,G
5-NP,79,0,0,36,0,36,G
5-NP,80,0,0,0,35,35,C
5-NP,81,35,0,0,0,35,A
5-NP,82,0,36,0,0,36,T
5-NP,83,0,0,0,36,36,C
5-NP,84,0,0,0,35,35,C
5-NP,85,0,0,35,0,35,G
5-NP,86,0,35,0,0,35,T
5-NP,87,0,0,0,36,36,C
5-NP,88,0,0,35,0,35,G
5-NP,89,0,0,36,0,36,G
5-NP,90,0,0,36,0,36,G
5-NP,91,34,0,1,0,35,A
5-NP,92,34,0,0,0,34,A
5-NP,93,0,0,35,0,35,G
5-NP,94,34,0,0,0,34,A
5-NP,95,0,35,0,0,35,T
5-NP,96,0,0,36,0,36,G
5-NP,97,36,0,0,0,36,A
5-NP,98,0,36,0,0,36,T
5-NP,99,0,36,0,0,36,T
5-NP,100,0,0,36,0,36,G
5-NP,101,35,0,0,0,35,A
5-NP,102,0,36,0,0,36,T
5-NP,103,0,0,36,0,36,G
5-NP,104,0,0,35,0,35,G
5-NP,105,0,0,35,0,35,G
5-NP,106,35,0,0,0,35,A
5-NP,107,0,36,0,0,36,T
5-NP,108,0,37,0,0,37,T
5-NP,109,0,0,36,0,36,G
5-NP,110,0,0,37,0,37,G
5-NP,111,0,0,36,0,36,G
5-NP,112,37,0,0,0,37,A
5-NP,113,0,0,38,0,38,G
5-NP,114,38,0,0,0,38,A
5-NP,115,0,43,0,0,43,T
5-NP,116,0,43,0,0,43,T
5-NP,117,0,0,0,43,43,C
5-NP,118,0,43,0,0,43,T
5-NP,119,44,0,0,0,44,A
5-NP,120,0,0,0,43,43,C
5-NP,121,43,0,0,0,43,A
5-NP,122,0,47,0,0,47,T
5-NP,123,0,0,0,47,47,C
5-NP,124,0,1,0,46,47,C
5-NP,125,47,0,0,0,47,A
5-NP,126,47,0,0,0,47,A
5-NP,127,47,0,0,0,47,A
5-NP,128,0,46,0,0,46,T
5-NP,129,0,0,46,0,46,G
5-NP,130,0,44,0,0,44,T
5-NP,131,0,0,45,0,45,G
5-NP,132,0,0,0,45,45,C
5-NP,133,44,0,0,0,44,A
5-NP,134,0,0,0,44,44,C
5-NP,135,0,45,0,0,45,T
5-NP,136,0,0,45,0,45,G
5-NP,137,45,0,0,0,45,A
5-NP,138,48,0,0,0,48,A
5-NP,139,0,0,0,49,49,C
5-NP,140,0,49,0,0,49,T
5-NP,141,0,49,0,0,49,T
5-NP,142,49,0,0,0,49,A
5-NP,143,48,0,0,0,48,A
5-NP,144,48,0,0,0,48,A
5-NP,145,0,0,0,49,49,C
5-NP,146,0,48,0,0,48,T
5-NP,147,0,0,0,48,48,C
5-NP,148,48,0,0,0,48,A
5-NP,149,0,0,49,0,49,G
5-NP,150,0,49,0,0,49,T
5-NP,151,0,0,50,0,50,G
5-NP,152,51,0,0,0,51,A
5-NP,153,0,51,0,0,51,T
5-NP,154,0,0,0,52,52,C
5-NP,155,51,0,0,0,51,A
5-NP,156,0,52,0,0,52,T
5-NP,157,0,0,51,0,51,G
5-NP,158,51,0,0,0,51,A
5-NP,159,50,0,0,0,50,A
5-NP,160,0,0,52,0,52,G
5-NP,161,0,0,53,0,53,G
5-NP,162,0,0,52,0,52,G
5-NP,163,0,0,0,49,49,C
5-NP,164,0,0,52,0,52,G
5-NP,165,0,0,53,0,53,G
5-NP,166,0,51,0,0,51,T
5-NP,167,0,51,0,0,51,T
5-NP,168,0,0,50,0,50,G
5-NP,169,55,0,0,0,55,A
5-NP,170,0,57,0,0,57,T
5-NP,171,0,0,0,56,56,C
5-NP,172,0,0,0,56,56,C
5-NP,173,56,0,0,0,56,A
5-NP,174,0,0,57,0,57,G
5-NP,175,57,0,0,0,57,A
5-NP,176,57,0,0,0,57,A
5-NP,177,0,0,0,58,58,C
5-NP,178,55,0,0,0,55,A
5-NP,179,0,0,55,0,55,G
5-NP,180,0,0,0,54,54,C
5-NP,181,0,54,0,0,54,T
5-NP,182,0,55,0,0,55,T
5-NP,183,0,0,55,0,55,G
5-NP,184,54,0,0,0,54,A
5-NP,185,0,0,0,56,56,C
5-NP,186,55,0,0,0,55,A
5-NP,187,55,0,0,0,55,A
5-NP,188,0,54,0,0,54,T
5-NP,189,51,0,1,0,52,A
5-NP,190,0,0,53,0,53,G
5-NP,191,52,0,0,0,52,A
5-NP,192,0,0,52,0,52,G
5-NP,193,52,0,0,0,52,A
5-NP,194,52,0,0,0,52,A
5-NP,195,52,0,0,0,52,A
5-NP,196,53,0,0,0,53,A
5-NP,197,0,53,0,0,53,T
5-NP,198,0,0,52,0,52,G
5-NP,199,0,0,52,0,52,G
5-NP,200,0,53,0,0,53,T
5-NP,201,52,0,0,0,52,A
5-NP,202,0,0,0,53,53,C
5-NP,203,0,54,0,0,54,T
5-NP,204,0,0,0,53,53,C
5-NP,205,0,53,0,0,53,T
5-NP,206,0,0,0,54,54,C
5-NP,207,0,0,53,0,53,G
5-NP,208,0,0,52,0,52,G
5-NP,209,0,0,0,52,52,C
5-NP,210,0,53,0,0,53,T
5-NP,211,0,53,0,0,53,T
5-NP,212,0,52,0,0,52,T
5-NP,213,0,52,0,0,52,T
5-NP,214,0,0,53,0,53,G
5-NP,215,53,0,0,0,53,A
5-NP,216,0,53,0,0,53,T
5-NP,217,0,0,54,0,54,G
5-NP,218,53,0,0,0,53,A
5-NP,219,53,0,0,0,53,A
5-NP,220,53,0,0,0,53,A
5-NP,221,0,0,54,0,54,G
5-NP,222,53,0,0,0,53,A
5-NP,223,53,0,0,0,53,A
5-NP,224,0,0,54,0,54,G
5-NP,225,0,0,53,0,53,G
5-NP,226,54,0,0,0,54,A
5-NP,227,54,0,0,0,54,A
5-NP,228,0,54,0,0,54,T
5-NP,229,54,0,0,0,54,A
5-NP,230,54,0,0,0,54,A
5-NP,231,56,0,0,0,56,A
5-NP,232,0,54,0,0,54,T
5-NP,233,55,0,0,0,55,A
5-NP,234,0,0,0,56,56,C
5-NP,235,0,0,0,55,55,C
5-NP,236,0,55,0,0,55,T
5-NP,237,0,0,56,0,56,G
5-NP,238,0,0,56,0,56,G
5-NP,239,56,0,0,0,56,A
5-NP,240,56,0,0,0,56,A
5-NP,241,0,0,58,0,58,G
5-NP,242,57,0,0,0,57,A
5-NP,243,57,0,0,0,57,A
5-NP,244,0,0,0,58,58,C
5-NP,245,56,0,0,0,56,A
5-NP,246,0,0,0,58,58,C
5-NP,247,0,0,0,55,55,C
5-NP,248,0,0,0,55,55,C
5-NP,249,0,0,0,56,56,C
5-NP,250,56,0,0,0,56,A
5-NP,251,0,0,55,0,55,G
5-NP,252,0,0,0,56,56,C
5-NP,253,0,0,56,0,56,G
5-NP,254,0,0,0,56,56,C
5-NP,255,0,0,53,0,53,G
5-NP,256,0,0,53,0,53,G
5-NP,257,0,0,53,0,53,G
5-NP,258,0,0,53,0,53,G
5-NP,259,53,0,0,0,53,A
5-NP,260,54,0,0,0,54,A
5-NP,261,54,0,0,0,54,A
5-NP,262,0,0,55,0,55,G
5-NP,263,55,0,0,0,55,A
5-NP,264,0,53,0,0,53,T
5-NP,265,0,0,0,54,54,C
5-NP,266,0,0,0,55,55,C
5-NP,267,0,0,0,54,54,C
5-NP,268,55,0,0,0,55,A
5-NP,269,54,0,0,0,54,A
5-NP,270,0,0,55,0,55,G
5-NP,271,55,0,0,0,55,A
5-NP,272,55,0,0,0,55,A
5-NP,273,54,0,0,0,54,A
5-NP,274,55,0,0,0,55,A
5-NP,275,0,0,0,54,54,C
5-NP,276,0,52,0,0,52,T
5-NP,277,0,0,51,0,51,G
5-NP,278,0,0,52,0,52,G
5-NP,279,0,0,52,0,52,G
5-NP,280,0,0,51,0,51,G
5-NP,281,0,0,51,1,52,G
5-NP,282,0,0,54,0,54,G
5-NP,283,0,0,0,59,59,C
5-NP,284,0,0,0,58,58,C
5-NP,285,0,0,0,59,59,C
5-NP,286,65,0,0,0,65,A
5-NP,287,0,65,0,0,65,T
5-NP,288,65,0,0,0,65,A
5-NP,289,0,66,0,0,66,T
5-NP,290,65,0,0,0,65,A
5-NP,291,0,0,0,66,66,C
5-NP,292,62,0,0,0,62,A
5-NP,293,0,0,63,0,63,G
5-NP,294,0,0,63,0,63,G
5-NP,295,56,0,0,0,56,A
5-NP,296,0,0,57,0,57,G
5-NP,297,56,0,0,0,56,A
5-NP,298,0,0,56,0,56,G
5-NP,299,0,54,0,0,54,T
5-NP,300,55,0,0,0,55,A
5-NP,301,0,0,54,0,54,G
5-NP,302,55,0,0,0,55,A
5-NP,303,0,54,0,0,54,T
5-NP,304,0,0,55,0,55,G
5-NP,305,0,0,54,0,54,G
5-NP,306,54,0,0,0,54,A
5-NP,307,54,0,0,0,54,A
5-NP,308,54,0,0,0,54,A
5-NP,309,52,0,0,0,52,A
5-NP,310,0,53,0,0,53,T
5-NP,311,0,0,52,0,52,G
5-NP,312,0,0,52,0,52,G
5-NP,313,53,0,0,0,53,A
5-NP,314,0,54,0,0,54,T
5-NP,315,0,0,53,0,53,G
5-NP,316,53,0,0,0,53,A
5-NP,317,0,0,54,0,54,G
5-NP,318,0,0,52,0,52,G
5-NP,319,0,0,65,0,65,G
5-NP,320,115,0,0,0,115,A
5-NP,321,122,0,0,0,122,A
5-NP,322,0,0,0,167,167,C
5-NP,323,0,164,0,1,165,T
5-NP,324,0,0,0,197,197,C
5-NP,325,0,0,222,0,222,G
5-NP,326,0,250,0,0,250,T
5-NP,327,0,0,0,270,270,C
5-NP,328,0,0,0,511,511,C
5-NP,329,0,516,0,0,516,T
5-NP,330,0,530,0,0,530,T
5-NP,331,0,538,0,0,538,T
5-NP,332,544,0,0,0,544,A
5-NP,333,0,552,0,0,552,T
5-NP,334,0,1,555,0,556,G
5-NP,335,571,0,0,0,571,A
5-NP,336,0,0,0,574,574,C
5-NP,337,570,0,1,0,571,A
5-NP,338,579,0,0,0,579,A
5-NP,339,585,0,0,0,585,A
5-NP,340,0,0,701,0,701,G
5-NP,341,687,0,0,0,687,A
5-NP,342,701,0,0,0,701,A
5-NP,343,0,0,823,0,823,G
5-NP,344,823,0,1,0,824,A
5-NP,345,842,0,0,0,842,A
5-NP,346,834,0,0,0,834,A
5-NP,347,0,838,0,0,838,T
5-NP,348,843,0,0,0,843,A
5-NP,349,849,0,0,0,849,A
5-NP,350,1,0,892,0,893,G
5-NP,351,0,0,894,0,894,G
5-NP,352,0,0,0,899,899,C
5-NP,353,0,0,903,0,903,G
5-NP,354,915,0,0,0,915,A
5-NP,355,965,0,0,0,965,A
5-NP,356,0,972,0,0,972,T
5-NP,357,1,0,0,971,972,C
5-NP,358,0,973,0,0,973,T
5-NP,359,1,0,980,0,981,G
5-NP,360,0,0,979,0,979,G
5-NP,361,0,0,0,987,987,C
5-NP,362,2,0,979,0,981,G
5-NP,363,0,0,0,993,993,C
5-NP,364,0,0,0,993,993,C
5-NP,365,998,0,0,0,998,A
5-NP,366,1035,0,1,0,1036,A
5-NP,367,0,0,1099,0,1099,G
5-NP,368,0,2,0,1094,1096,C
5-NP,369,0,1,0,1137,1138,C
5-NP,370,1140,0,1,0,1141,A
5-NP,371,1177,0,0,0,1177,A
5-NP,372,0,0,0,1227,1227,C
5-NP,373,1233,0,0,0,1233,A
5-NP,374,1294,0,5,0,1299,A
5-NP,375,0,1317,1,1,1319,T
5-NP,376,0,0,1403,0,1403,G
5-NP,377,0,0,1404,0,1404,G
5-NP,378,0,1391,0,1,1392,T
5-NP,379,0,0,1420,0,1420,G
5-NP,380,1413,0,0,0,1413,A
5-NP,381,0,1,1504,0,1505,G
5-NP,382,0,0,1507,0,1507,G
5-NP,383,1548,0,0,0,1548,A
5-NP,384,0,1884,0,0,1884,T
5-NP,385,3,0,1938,0,1941,G
5-NP,386,0,2,0,1952,1954,C
5-NP,387,0,1973,0,3,1976,T
5-NP,388,1992,0,0,0,1992,A
5-NP,389,0,1,0,2052,2053,C
5-NP,390,2078,0,2,0,2080,A
5-NP,391,0,2088,0,1,2089,T
5-NP,392,0,1,0,2081,2082,C
5-NP,393,0,2041,0,0,2041,T
5-NP,394,1,0,2186,0,2187,G
5-NP,395,0,0,2253,1,2254,G
5-NP,396,0,2238,0,2,2240,T
5-NP,397,1,0,0,2259,2260,C
5-NP,398,0,2257,0,0,2257,T
5-NP,399,2320,0,0,0,2320,A
5-NP,400,2322,0,2,0,2324,A
5-NP,401,0,0,0,2361,2361,C
5-NP,402,0,2355,0,2,2357,T
5-NP,403,1,0,0,2416,2417,C
5-NP,404,2404,1,2,0,2407,A
5-NP,405,0,0,0,2548,2548,C
5-NP,406,2537,1,0,0,2538,A
5-NP,407,0,2560,0,1,2561,T
5-NP,408,2561,0,0,0,2561,A
5-NP,409,2562,0,0,0,2562,A
5-NP,410,0,2587,0,2,2589,T
5-NP,411,0,0,2623,0,2623,G
5-NP,412,2621,0,0,0,2621,A
5-NP,413,0,2615,0,1,2616,T
5-NP,414,0,2592,1,1,2594,T
5-NP,415,0,2600,0,1,2601,T
5-NP,416,0,0,2593,0,2593,G
5-NP,417,2,0,2605,0,2607,G
5-NP,418,0,19,0,2575,2594,C
5-NP,419,2600,0,1,0,2601,A
5-NP,420,0,2627,0,0,2627,T
5-NP,421,0,2617,0,2,2619,T
5-NP,422,0,0,0,2622,2622,C
5-NP,423,0,0,0,2624,2624,C
5-NP,424,2692,0,0,0,2692,A
5-NP,425,2699,1,0,0,2700,A
5-NP,426,0,2703,0,0,2703,T
5-NP,427,0,2713,0,0,2713,T
5-NP,428,0,2702,0,0,2702,T
5-NP,429,1,0,2743,0,2744,G
5-NP,430,2706,0,32,0,2738,A
5-NP,431,2749,0,0,0,2749,A
5-NP,432,0,2783,0,0,2783,T
5-NP,433,0,0,2770,0,2770,G
5-NP,434,2917,0,1,1,2919,A
5-NP,435,0,2958,0,1,2959,T
5-NP,436,0,0,2969,0,2969,G
5-NP,437,2,1,0,3065,3068,C
5-NP,438,3054,1,1,0,3056,A
5-NP,439,3205,0,0,1,3206,A
5-NP,440,0,0,0,3216,3216,C
5-NP,441,3298,0,0,0,3298,A
5-NP,442,0,3337,0,0,3337,T
5-NP,443,3284,0,2,0,3286,A
5-NP,444,0,3,0,3333,3336,C
5-NP,445,0,0,0,3324,3324,C
5-NP,446,3297,0,1,0,3298,A
5-NP,447,0,3,3303,0,3306,G
5-NP,448,3292,0,0,0,3292,A
5-NP,449,1,1,3282,0,3284,G
5-NP,450,3228,0,2,0,3230,A
5-NP,451,3389,0,1,0,3390,A
5-NP,452,0,0,0,3424,3424,C
5-NP,453,3437,0,1,0,3438,A
5-NP,454,3428,1,2,0,3431,A
5-NP,455,0,0,3426,1,3427,G
5-NP,456,3384,1,3,1,3389,A
5-NP,457,0,0,3442,0,3442,G
5-NP,458,0,0,0,3420,3420,C
5-NP,459,0,3433,0,3,3436,T
5-NP,460,0,0,0,3463,3463,C
5-NP,461,0,3447,1,1,3449,T
5-NP,462,0,3466,0,0,3466,T
5-NP,463,1,0,3474,0,3475,G
5-NP,464,0,3461,0,2,3463,T
5-NP,465,1,3463,0,0,3464,T
5-NP,466,0,0,0,3470,3470,C
5-NP,467,0,1,3460,0,3461,G
5-NP,468,3513,0,2,0,3515,A
5-NP,469,3519,1,0,0,3520,A
5-NP,470,1,0,0,3588,3589,C
5-NP,471,0,3585,1,1,3587,T
5-NP,472,1,0,3667,0,3668,G
5-NP,473,0,1,3659,0,3660,G
5-NP,474,3647,7,0,0,3654,A
5-NP,475,3674,0,4,0,3678,A
5-NP,476,0,3664,0,0,3664,T
5-NP,477,0,2,3666,0,3668,G
5-NP,478,0,0,3682,0,3682,G
5-NP,479,3709,1,0,0,3710,A
5-NP,480,0,3768,1,0,3769,T
5-NP,481,1,0,0,3774,3775,C
5-NP,482,0,1,0,3784,3785,C
5-NP,483,3,1,0,3804,3808,C
5-NP,484,3842,1,1,0,3844,A
5-NP,485,0,1,3879,0,3880,G
5-NP,486,3882,0,0,0,3882,A
5-NP,487,3854,0,1,0,3855,A
5-NP,488,0,3854,0,1,3855,T
5-NP,489,0,0,3937,0,3937,G
5-NP,490,0,3901,0,4,3905,T
5-NP,491,2,0,3957,0,3959,G
5-NP,492,0,1,0,3953,3954,C
5-NP,493,0,3931,0,6,3937,T
5-NP,494,0,0,1,4228,4229,C
5-NP,495,0,4214,1,0,4215,T
5-NP,496,0,2,0,4414,4416,C
5-NP,497,0,4418,0,3,4421,T
5-NP,498,2,1,4441,0,4444,G
5-NP,499,4469,1,0,0,4470,A
5-NP,500,0,4469,0,2,4471,T
5-NP,501,2,0,4465,0,4467,G
5-NP,502,0,0,0,4469,4469,C
5-NP,503,4343,1,4,0,4348,A
5-NP,504,1,0,4475,0,4476,G
5-NP,505,0,0,4364,0,4364,G
5-NP,506,2,1,4412,0,4415,G
5-NP,507,0,0,0,4410,4410,C
5-NP,508,0,4384,0,5,4389,T
5-NP,509,0,2,0,4443,4445,C
5-NP,510,1,0,4436,0,4437,G
5-NP,511,4507,0,2,0,4509,A
5-NP,512,1,0,0,4532,4533,C
5-NP,513,0,4479,0,6,4485,T
5-NP,514,2,0,0,4725,4727,C
5-NP,515,0,4668,0,1,4669,T
5-NP,516,1,0,0,5433,5434,C
5-NP,517,0,1,0,5448,5449,C
5-NP,518,4,0,0,5463,5467,C
5-NP,519,0,5480,0,2,5482,T
5-NP,520,5453,0,0,1,5454,A
5-NP,521,0,2,5445,0,5447,G
5-NP,522,5413,0,0,0,5413,A
5-NP,523,5286,0,2,2,5290,A
5-NP,524,0,2,5296,0,5298,G
5-NP,525,1,0,5227,0,5228,G
5-NP,526,0,5075,0,1,5076,T
5-NP,527,0,0,0,5194,5194,C
5-NP,528,0,5,0,5183,5188,C
5-NP,529,3,0,5209,0,5212,G
5-NP,530,1,2,5227,0,5230,G
5-NP,531,5207,0,3,0,5210,A
5-NP,532,0,0,5318,0,5318,G
5-NP,533,0,1,0,5319,5320,C
5-NP,534,0,5241,0,2,5243,T
5-NP,535,1,0,5271,1,5273,G
5-NP,536,0,2,0,5277,5279,C
5-NP,537,5263,1,9,1,5274,A
5-NP,538,0,3,5262,0,5265,G
5-NP,539,1,0,5257,0,5258,G
5-NP,540,0,5148,0,2,5150,T
5-NP,541,2,0,5233,0,5235,G
5-NP,542,1,3,0,5248,5252,C
5-NP,543,0,5255,0,9,5264,T
5-NP,544,2,0,5286,0,5288,G
5-NP,545,1,0,0,5284,5285,C
5-NP,546,5327,0,1,0,5328,A
5-NP,547,1,0,5457,0,5458,G
5-NP,548,0,5391,0,0,5391,T
5-NP,549,1,1,0,5418,5420,C
5-NP,550,5414,0,0,0,5414,A
5-NP,551,5394,1,3,2,5400,A
5-NP,552,5388,0,6,1,5395,A
5-NP,553,1,2,5450,0,5453,G
5-NP,554,0,2,5456,0,5458,G
5-NP,555,5420,1,1,1,5423,A
5-NP,556,5397,0,0,0,5397,A
5-NP,557,0,5407,0,2,5409,T
5-NP,558,0,2,0,5434,5436,C
5-NP,559,1,3,5414,0,5418,G
5-NP,560,0,2,5547,0,5549,G
5-NP,561,1,0,5551,0,5552,G
5-NP,562,5521,0,3,0,5524,A
5-NP,563,0,1,0,5583,5584,C
5-NP,564,5547,0,0,0,5547,A
5-NP,565,5668,0,2,0,5670,A
5-NP,566,0,5738,0,0,5738,T
5-NP,567,0,2,5776,0,5778,G
5-NP,568,1,0,5821,0,5822,G
5-NP,569,1,5616,0,2,5619,T
5-NP,570,3,0,5758,1,5762,G
5-NP,571,5722,1,2,0,5725,A
5-NP,572,0,5725,0,3,5728,T
5-NP,573,0,2,5760,0,5762,G
5-NP,574,1,0,5878,0,5879,G
5-NP,575,5804,0,6,0,5810,A
5-NP,576,5895,0,1,0,5896,A
5-NP,577,1,1,0,5838,5840,C
5-NP,578,0,5777,1,0,5778,T
5-NP,579,5776,0,1,0,5777,A
5-NP,580,6004,0,0,0,6004,A
5-NP,581,0,6009,0,0,6009,T
5-NP,582,1,0,0,6053,6054,C
5-NP,583,5915,1,2,0,5918,A
5-NP,584,3,0,5996,2,6001,G
5-NP,585,5930,0,2,0,5932,A
5-NP,586,5939,0,3,1,5943,A
5-NP,587,0,5962,0,1,5963,T
5-NP,588,0,2,5965,0,5967,G
5-NP,589,1,2,6048,0,6051,G
5-NP,590,0,5972,0,10,5982,T
5-NP,591,2,2,0,6042,6046,C
5-NP,592,6045,1,1,0,6047,A
5-NP,593,6015,1,0,0,6016,A
5-NP,594,6040,0,1,0,6041,A
5-NP,595,0,2,0,6043,6045,C
5-NP,596,0,3,6041,0,6044,G
5-NP,597,0,1,6009,1,6011,G
5-NP,598,1,3,5948,0,5952,G
5-NP,599,0,1,5979,0,5980,G
5-NP,600,1,0,6013,0,6014,G
5-NP,601,5988,0,6,0,5994,A
5-NP,602,0,5921,0,1,5922,T
5-NP,603,0,0,0,5981,5981,C
5-NP,604,6036,0,4,0,6040,A
5-NP,605,6010,0,1,0,6011,A
5-NP,606,0,1,0,6007,6008,C
5-NP,607,1,0,5987,0,5988,G
5-NP,608,5956,0,0,1,5957,A
5-NP,609,1,5864,0,1,5866,T
5-NP,610,1,3,1,5948,5953,C
5-NP,611,1,4,5987,0,5992,G
5-NP,612,5908,0,1,0,5909,A
5-NP,613,5940,0,1,0,5941,A
5-NP,614,5940,0,2,0,5942,A
5-NP,615,0,5994,0,0,5994,T
5-NP,616,0,5964,0,0,5964,T
5-NP,617,0,6001,0,0,6001,T
5-NP,618,0,6025,0,0,6025,T
5-NP,619,0,6051,0,3,6054,T
5-NP,620,1,0,6051,0,6052,G
5-NP,621,1,0,6034,0,6035,G
5-NP,622,5988,0,13,0,6001,A
5-NP,623,0,1,6042,0,6043,G
5-NP,624,5963,1,3,0,5967,A
5-NP,625,1,1,6247,0,6249,G
5-NP,626,0,0,6270,0,6270,G
5-NP,627,1,6080,0,1,6082,T
5-NP,628,0,0,6251,0,6251,G
5-NP,629,6242,1,9,1,6253,A
5-NP,630,0,0,6328,0,6328,G
5-NP,631,6293,1,2,0,6296,A
5-NP,632,6287,0,1,0,6288,A
5-NP,633,1,6279,0,1,6281,T
5-NP,634,1,0,6087,0,6088,G
5-NP,635,1,0,6013,0,6014,G
5-NP,636,5974,0,9,0,5983,A
5-NP,637,2,1,0,5973,5976,C
5-NP,638,1,1,6007,0,6009,G
5-NP,639,1,2,6114,0,6117,G
5-NP,640,6084,0,2,0,6086,A
5-NP,641,6074,1,2,0,6077,A
5-NP,642,6166,1,0,0,6167,A
5-NP,643,6188,1,4,0,6193,A
5-NP,644,1,0,0,6241,6242,C
5-NP,645,6232,0,4,0,6236,A
5-NP,646,6213,1,3,0,6217,A
5-NP,647,0,0,6219,0,6219,G
5-NP,648,6025,1,2,0,6028,A
5-NP,649,6040,0,2,0,6042,A
5-NP,650,1,0,6137,0,6138,G
5-NP,651,1,6021,0,1,6023,T
5-NP,652,0,0,6362,0,6362,G
5-NP,653,0,1,1,6314,6316,C
5-NP,654,0,6325,0,3,6328,T
5-NP,655,0,6385,1,1,6387,T
5-NP,656,6486,0,0,0,6486,A
5-NP,657,0,6474,0,1,6475,T
5-NP,658,1,1,6511,0,6513,G
5-NP,659,6352,0,7,0,6359,A
5-NP,660,0,1,6384,0,6385,G
5-NP,661,6060,0,2,0,6062,A
5-NP,662,2,1,6127,0,6130,G
5-NP,663,6096,0,0,0,6096,A
5-NP,664,6158,0,1,0,6159,A
5-NP,665,1,6095,0,0,6096,T
5-NP,666,0,0,6157,0,6157,G
5-NP,667,0,6038,0,6,6044,T
5-NP,668,4,1,6141,0,6146,G
5-NP,669,0,1,0,6111,6112,C
5-NP,670,6120,1,3,0,6124,A
5-NP,671,6119,0,6,0,6125,A
5-NP,672,0,0,1,6088,6089,C
5-NP,673,6062,1,1,0,6064,A
5-NP,674,0,6084,0,1,6085,T
5-NP,675,0,5998,0,0,5998,T
5-NP,676,1,0,0,5997,5998,C
5-NP,677,0,5998,0,2,6000,T
5-NP,678,0,6019,0,3,6022,T
5-NP,679,6031,0,0,0,6031,A
5-NP,680,5995,0,1,0,5996,A
5-NP,681,6000,0,2,0,6002,A
5-NP,682,0,0,5978,0,5978,G
5-NP,683,0,1,5968,0,5969,G
5-NP,684,5967,0,1,0,5968,A
5-NP,685,5951,0,0,1,5952,A
5-NP,686,5964,0,1,0,5965,A
5-NP,687,6013,0,1,1,6015,A
5-NP,688,0,5950,0,2,5952,T
5-NP,689,0,5945,0,0,5945,T
5-NP,690,0,5938,0,0,5938,T
5-NP,691,2,0,0,5980,5982,C
5-NP,692,6021,0,5,0,6026,A
5-NP,693,6002,1,1,0,6004,A
5-NP,694,6005,0,3,0,6008,A
5-NP,695,0,0,1,6069,6070,C
5-NP,696,6022,0,1,0,6023,A
5-NP,697,0,0,6090,1,6091,G
5-NP,698,0,0,0,6079,6079,C
5-NP,699,1,6031,1,11,6044,T
5-NP,700,3,1,6179,0,6183,G
5-NP,701,1,0,0,6139,6140,C
5-NP,702,6216,0,6,0,6222,A
5-NP,703,0,0,0,6215,6215,C
5-NP,704,6194,0,2,1,6197,A
5-NP,705,6195,0,2,1,6198,A
5-NP,706,6066,0,4,0,6070,A
5-NP,707,0,1,6253,0,6254,G
5-NP,708,6214,0,12,0,6226,A
5-NP,709,3,0,6224,0,6227,G
5-NP,710,0,0,0,6188,6188,C
5-NP,711,6177,1,11,0,6189,A
5-NP,712,6397,0,2,0,6399,A
5-NP,713,1,6387,0,1,6389,T
5-NP,714,1,2,6415,0,6418,G
5-NP,715,3,0,6413,0,6416,G
5-NP,716,0,6238,0,7,6245,T
5-NP,717,1,1,6282,0,6284,G
5-NP,718,0,2,6288,0,6290,G
5-NP,719,6299,0,2,0,6301,A
5-NP,720,0,6274,0,4,6278,T
5-NP,721,3,0,0,6120,6123,C
5-NP,722,6178,0,4,0,6182,A
5-NP,723,6223,0,2,0,6225,A
5-NP,724,0,0,6280,0,6280,G
5-NP,725,0,6195,0,2,6197,T
5-NP,726,1,0,6209,0,6210,G
5-NP,727,6158,1,7,0,6166,A
5-NP,728,0,1,6139,0,6140,G
5-NP,729,6175,0,1,0,6176,A
5-NP,730,0,2,6153,0,6155,G
5-NP,731,6135,0,0,0,6135,A
5-NP,732,5973,0,2,0,5975,A
5-NP,733,6024,0,4,0,6028,A
5-NP,734,1,0,6010,0,6011,G
5-NP,735,1,5891,0,0,5892,T
5-NP,736,0,1,0,5970,5971,C
5-NP,737,1,1,5993,0,5995,G
5-NP,738,0,0,5957,0,5957,G
5-NP,739,6019,1,3,0,6023,A
5-NP,740,5982,0,4,0,5986,A
5-NP,741,0,1,0,6052,6053,C
5-NP,742,0,0,0,6018,6018,C
5-NP,743,0,0,0,6057,6057,C
5-NP,744,5998,1,4,1,6004,A
5-NP,745,1,2,6020,0,6023,G
5-NP,746,0,1,5976,1,5978,G
5-NP,747,5987,0,1,0,5988,A
5-NP,748,6009,0,4,0,6013,A
5-NP,749,5918,0,2,0,5920,A
5-NP,750,0,0,0,5956,5956,C
5-NP,751,2,2,5943,0,5947,G
5-NP,752,0,0,0,5923,5923,C
5-NP,753,0,5885,0,4,5889,T
5-NP,754,1,0,5940,0,5941,G
5-NP,755,5905,0,5,0,5910,A
5-NP,756,0,1,6020,0,6021,G
5-NP,757,6073,0,2,0,6075,A
5-NP,758,0,6000,0,0,6000,T
5-NP,759,2,0,0,5945,5947,C
5-NP,760,1,0,6011,0,6012,G
5-NP,761,5970,1,1,0,5972,A
5-NP,762,5975,0,2,0,5977,A
5-NP,763,0,2,5930,1,5933,G
5-NP,764,5835,0,2,0,5837,A
5-NP,765,0,3,0,5721,5724,C
5-NP,766,1,0,0,5897,5898,C
5-NP,767,1,5929,0,7,5937,T
5-NP,768,2,1,0,5935,5938,C
5-NP,769,5962,1,0,0,5963,A
5-NP,770,0,5963,0,0,5963,T
5-NP,771,5973,0,2,0,5975,A
5-NP,772,0,5991,0,1,5992,T
5-NP,773,0,5967,0,0,5967,T
5-NP,774,0,5883,0,1,5884,T
5-NP,775,0,5816,0,0,5816,T
5-NP,776,1,5845,0,1,5847,T
5-NP,777,5874,0,0,0,5874,A
5-NP,778,7,2,5836,0,5845,G
5-NP,779,0,0,0,5856,5856,C
5-NP,780,5853,0,1,0,5854,A
5-NP,781,5801,0,0,0,5801,A
5-NP,782,0,3,5994,0,5997,G
5-NP,783,5907,0,1,0,5908,A
5-NP,784,2,5940,0,1,5943,T
5-NP,785,1,1,0,6021,6023,C
5-NP,786,1,5984,0,3,5988,T
5-NP,787,4,1,6134,0,6139,G
5-NP,788,1,1,0,6133,6135,C
5-NP,789,6145,0,1,1,6147,A
5-NP,790,0,6212,0,0,6212,T
5-NP,791,0,6004,0,2,6006,T
5-NP,792,0,2,6370,0,6372,G
5-NP,793,6473,0,1,0,6474,A
5-NP,794,0,6444,1,2,6447,T
5-NP,795,6489,0,0,0,6489,A
5-NP,796,1,6348,0,2,6351,T
5-NP,797,0,6301,0,1,6302,T
5-NP,798,2,1,6351,2,6356,G
5-NP,799,6266,0,7,0,6273,A
5-NP,800,1,0,6310,1,6312,G
5-NP,801,5985,1,7,0,5993,A
5-NP,802,0,2,5885,0,5887,G
5-NP,803,1,1,5966,0,5968,G
5-NP,804,5912,1,3,1,5917,A
5-NP,805,1,5788,0,5,5794,T
5-NP,806,2,1,0,5924,5927,C
5-NP,807,5896,0,1,0,5897,A
5-NP,808,0,1,5982,0,5983,G
5-NP,809,1,5926,0,1,5928,T
5-NP,810,0,5880,0,0,5880,T
5-NP,811,0,0,5894,0,5894,G
5-NP,812,2,238,0,5555,5795,C
5-NP,813,0,5780,0,2,5782,T
5-NP,814,0,1,0,5823,5824,C
5-NP,815,5798,1,4,1,5804,A
5-NP,816,1,0,0,5841,5842,C
5-NP,817,5812,1,3,0,5816,A
5-NP,818,5810,0,0,0,5810,A
5-NP,819,5771,0,0,0,5771,A
5-NP,820,2,5723,0,0,5725,T
5-NP,821,1,0,0,5807,5808,C
5-NP,822,1,5775,0,2,5778,T
5-NP,823,1,5778,0,2,5781,T
5-NP,824,0,1,5780,1,5782,G
5-NP,825,1,0,0,5734,5735,C
5-NP,826,3,1,0,5792,5796,C
5-NP,827,0,5854,0,2,5856,T
5-NP,828,5744,2,0,0,5746,A
5-NP,829,0,0,0,5876,5876,C
5-NP,830,1,0,0,5904,5905,C
5-NP,831,0,5857,1,3,5861,T
5-NP,832,2,0,5957,0,5959,G
5-NP,833,0,1,0,5831,5832,C
5-NP,834,2,0,0,5898,5900,C
5-NP,835,1,5833,0,3,5837,T
5-NP,836,0,0,5958,0,5958,G
5-NP,837,0,5844,0,4,5848,T
5-NP,838,1,1,5983,0,5985,G
5-NP,839,0,1,0,5992,5993,C
5-NP,840,1,0,6138,0,6139,G
5-NP,841,0,6016,0,3,6019,T
5-NP,842,6024,1,0,1,6026,A
5-NP,843,0,6002,0,2,6004,T
5-NP,844,1,0,6013,0,6014,G
5-NP,845,1,0,6234,0,6235,G
5-NP,846,6164,0,4,0,6168,A
5-NP,847,0,1,0,6066,6067,C
5-NP,848,0,0,0,6100,6100,C
5-NP,849,0,5961,0,13,5974,T
5-NP,850,1,1,6293,0,6295,G
5-NP,851,3,1,0,6286,6290,C
5-NP,852,6306,2,5,0,6313,A
5-NP,853,0,0,6392,0,6392,G
5-NP,854,0,6118,0,3,6121,T
5-NP,855,6375,0,0,0,6375,A
5-NP,856,0,6308,1,6,6315,T
5-NP,857,0,1,0,6286,6287,C
5-NP,858,2,2,0,6335,6339,C
5-NP,859,6072,0,1,0,6073,A
5-NP,860,0,1,6094,0,6095,G
5-NP,861,1,6038,0,3,6042,T
5-NP,862,2,5,6113,0,6120,G
5-NP,863,0,0,6069,0,6069,G
5-NP,864,2,1,5990,0,5993,G
5-NP,865,0,5959,0,10,5969,T
5-NP,866,6007,1,3,0,6011,A
5-NP,867,0,0,0,5999,5999,C
5-NP,868,1,1,5953,0,5955,G
5-NP,869,5922,0,2,0,5924,A
5-NP,870,0,1,0,5937,5938,C
5-NP,871,0,5739,1,2,5742,T
5-NP,872,0,5763,0,0,5763,T
5-NP,873,1,1,0,5815,5817,C
5-NP,874,2,0,5815,0,5817,G
5-NP,875,5762,2,2,0,5766,A
5-NP,876,5812,0,0,0,5812,A
5-NP,877,5851,0,2,0,5853,A
5-NP,878,5825,0,0,1,5826,A
5-NP,879,5813,0,3,0,5816,A
5-NP,880,0,0,5844,0,5844,G
5-NP,881,5788,1,5,0,5794,A
5-NP,882,1,2,5831,0,5834,G
5-NP,883,0,0,5891,0,5891,G
5-NP,884,2,1,5900,0,5903,G
5-NP,885,5864,1,26,0,5891,A
5-NP,886,0,5892,0,2,5894,T
5-NP,887,5942,0,1,0,5943,A
5-NP,888,0,5931,0,0,5931,T
5-NP,889,2,5924,0,2,5928,T
5-NP,890,0,2,0,6013,6015,C
5-NP,891,3,0,0,6001,6004,C
5-NP,892,0,5939,0,1,5940,T
5-NP,893,1,5954,1,3,5959,T
5-NP,894,0,2,6022,0,6024,G
5-NP,895,1,0,6041,0,6042,G
5-NP,896,1,5967,0,0,5968,T
5-NP,897,0,1,6004,0,6005,G
5-NP,898,0,0,5958,0,5958,G
5-NP,899,0,0,6284,0,6284,G
5-NP,900,6295,1,0,0,6296,A
5-NP,901,6311,0,4,0,6315,A
5-NP,902,0,6309,0,1,6310,T
5-NP,903,6210,1,4,0,6215,A
5-NP,904,0,2,6196,0,6198,G
5-NP,905,6078,0,4,0,6082,A
5-NP,906,0,2,0,6093,6095,C
5-NP,907,2,1,0,5994,5997,C
5-NP,908,7,0,0,5855,5862,C
5-NP,909,0,5968,0,10,5978,T
5-NP,910,0,5976,0,0,5976,T
5-NP,911,0,5993,0,1,5994,T
5-NP,912,1,0,0,6012,6013,C
5-NP,913,5998,0,1,0,5999,A
5-NP,914,5987,1,1,0,5989,A
5-NP,915,5973,0,2,1,5976,A
5-NP,916,0,1,0,5981,5982,C
5-NP,917,0,5817,0,2,5819,T
5-NP,918,5786,0,1,0,5787,A
5-NP,919,0,0,0,5857,5857,C
5-NP,920,0,5815,0,3,5818,T
5-NP,921,1,5776,0,0,5777,T
5-NP,922,0,0,0,5868,5868,C
5-NP,923,5861,0,1,2,5864,A
5-NP,924,5856,0,2,0,5858,A
5-NP,925,5836,0,0,0,5836,A
5-NP,926,5821,1,2,0,5824,A
5-NP,927,0,5768,0,0,5768,T
5-NP,928,5738,0,4,0,5742,A
5-NP,929,1,2,5784,0,5787,G
5-NP,930,0,1,0,5791,5792,C
5-NP,931,2,0,0,5851,5853,C
5-NP,932,5888,0,2,0,5890,A
5-NP,933,5886,0,2,0,5888,A
5-NP,934,6074,0,2,0,6076,A
5-NP,935,0,6097,0,1,6098,T
5-NP,936,6126,0,0,0,6126,A
5-NP,937,2,6106,0,3,6111,T
5-NP,938,6010,0,2,1,6013,A
5-NP,939,0,0,0,6045,6045,C
5-NP,940,5939,0,4,0,5943,A
5-NP,941,0,1,6069,1,6071,G
5-NP,942,0,0,0,6044,6044,C
5-NP,943,1,5878,0,2,5881,T
5-NP,944,0,5953,0,0,5953,T
5-NP,945,6008,0,0,0,6008,A
5-NP,946,6010,0,0,0,6010,A
5-NP,947,0,5973,1,0,5974,T
5-NP,948,0,0,0,5990,5990,C
5-NP,949,5818,0,3,1,5822,A
5-NP,950,3,2,5863,0,5868,G
5-NP,951,5837,0,2,0,5839,A
5-NP,952,0,0,0,5885,5885,C
5-NP,953,0,1,0,5855,5856,C
5-NP,954,1,5775,0,1,5777,T
5-NP,955,5852,0,0,0,5852,A
5-NP,956,5819,0,1,0,5820,A
5-NP,957,1,4,0,5852,5857,C
5-NP,958,0,2,5866,0,5868,G
5-NP,959,5750,0,0,0,5750,A
5-NP,960,0,4,5745,0,5749,G
5-NP,961,5709,0,0,0,5709,A
5-NP,962,5787,1,0,0,5788,A
5-NP,963,1,5734,0,0,5735,T
5-NP,964,0,0,0,5669,5669,C
5-NP,965,1,1,0,5718,5720,C
5-NP,966,5567,2,7,0,5576,A
5-NP,967,2,0,5633,0,5635,G
5-NP,968,1,2,0,5597,5600,C
5-NP,969,5653,1,5,0,5659,A
5-NP,970,0,0,0,5697,5697,C
5-NP,971,5629,1,6,0,5636,A
5-NP,972,0,0,0,5666,5666,C
5-NP,973,5680,0,3,0,5683,A
5-NP,974,5681,1,8,0,5690,A
5-NP,975,0,2,5672,0,5674,G
5-NP,976,5615,0,9,0,5624,A
5-NP,977,1,0,5593,0,5594,G
5-NP,978,0,5484,1,1,5486,T
5-NP,979,2,0,0,5481,5483,C
5-NP,980,5517,0,4,1,5522,A
5-NP,981,0,0,5474,0,5474,G
5-NP,982,1,0,0,5443,5444,C
5-NP,983,1,5417,0,23,5441,T
5-NP,984,1,2,5488,1,5492,G
5-NP,985,1,0,5538,0,5539,G
5-NP,986,1,5505,0,3,5509,T
5-NP,987,0,0,5574,0,5574,G
5-NP,988,0,5478,0,3,5481,T
5-NP,989,0,2,5490,0,5492,G
5-NP,990,0,1,5482,0,5483,G
5-NP,991,5431,0,5,0,5436,A
5-NP,992,0,5442,2,1,5445,T
5-NP,993,2,1,5205,0,5208,G
5-NP,994,1,0,5154,0,5155,G
5-NP,995,0,0,0,5162,5162,C
5-NP,996,5125,0,3,0,5128,A
5-NP,997,0,5110,0,3,5113,T
5-NP,998,0,0,5085,0,5085,G
5-NP,999,0,0,1,5077,5078,C
5-NP,1000,1,0,0,5119,5120,C
5-NP,1001,5154,0,0,0,5154,A
5-NP,1002,0,5094,0,4,5098,T
5-NP,1003,0,5030,1,1,5032,T
5-NP,1004,0,1,0,5064,5065,C
5-NP,1005,1,5050,0,0,5051,T
5-NP,1006,0,1,5023,0,5024,G
5-NP,1007,0,0,0,5015,5015,C
5-NP,1008,1,4912,0,0,4913,T
5-NP,1009,0,0,4930,0,4930,G
5-NP,1010,1,1,0,4860,4862,C
5-NP,1011,4876,0,0,0,4876,A
5-NP,1012,0,4855,0,1,4856,T
5-NP,1013,0,4820,0,1,4821,T
5-NP,1014,1,4809,0,1,4811,T
5-NP,1015,0,0,4820,1,4821,G
5-NP,1016,4810,0,9,0,4819,A
5-NP,1017,4825,0,1,0,4826,A
5-NP,1018,1,1,4839,0,4841,G
5-NP,1019,4828,0,0,0,4828,A
5-NP,1020,1,4793,0,1,4795,T
5-NP,1021,0,4795,0,2,4797,T
5-NP,1022,0,4798,0,0,4798,T
5-NP,1023,4804,0,3,0,4807,A
5-NP,1024,4802,0,2,0,4804,A
5-NP,1025,1,0,4800,0,4801,G
5-NP,1026,4788,1,1,0,4790,A
5-NP,1027,0,4757,0,0,4757,T
5-NP,1028,0,4675,0,2,4677,T
5-NP,1029,2,0,4696,0,4698,G
5-NP,1030,1,4689,0,2,4692,T
5-NP,1031,2,4690,0,2,4694,T
5-NP,1032,4696,0,2,0,4698,A
5-NP,1033,4686,1,1,0,4688,A
5-NP,1034,0,0,4683,0,4683,G
5-NP,1035,0,0,1,4674,4675,C
5-NP,1036,0,4563,0,8,4571,T
5-NP,1037,1,4602,0,1,4604,T
5-NP,1038,2,0,0,4604,4606,C
5-NP,1039,4599,0,4,0,4603,A
5-NP,1040,0,4523,0,2,4525,T
5-NP,1041,1,1,0,4582,4584,C
5-NP,1042,4518,0,1,0,4519,A
5-NP,1043,0,1,4507,0,4508,G
5-NP,1044,4450,0,8,0,4458,A
5-NP,1045,0,2,4439,0,4441,G
5-NP,1046,0,1,4381,0,4382,G
5-NP,1047,0,2,4343,0,4345,G
5-NP,1048,4335,1,3,0,4339,A
5-NP,1049,0,0,0,4361,4361,C
5-NP,1050,4384,0,2,0,4386,A
5-NP,1051,4387,0,0,0,4387,A
5-NP,1052,4392,0,0,0,4392,A
5-NP,1053,4386,0,3,0,4389,A
5-NP,1054,0,0,4398,0,4398,G
5-NP,1055,0,4261,0,1,4262,T
5-NP,1056,4250,0,2,1,4253,A
5-NP,1057,3,4187,0,3,4193,T
5-NP,1058,0,0,0,4215,4215,C
5-NP,1059,0,4122,0,1,4123,T
5-NP,1060,1,0,0,4155,4156,C
5-NP,1061,1,0,0,4152,4153,C
5-NP,1062,0,4104,0,1,4105,T
5-NP,1063,1,0,0,4152,4153,C
5-NP,1064,0,4,4140,0,4144,G
5-NP,1065,0,3,4165,1,4169,G
5-NP,1066,2,2,4152,0,4156,G
5-NP,1067,0,0,4143,0,4143,G
5-NP,1068,2,0,4147,1,4150,G
5-NP,1069,4077,0,0,0,4077,A
5-NP,1070,4064,0,3,0,4067,A
5-NP,1071,4041,0,2,0,4043,A
5-NP,1072,0,0,0,4056,4056,C
5-NP,1073,0,4059,1,0,4060,T
5-NP,1074,0,0,4064,0,4064,G
5-NP,1075,0,4014,0,3,4017,T
5-NP,1076,2,0,0,4037,4039,C
5-NP,1077,4100,1,5,0,4106,A
5-NP,1078,4114,0,2,0,4116,A
5-NP,1079,1,0,0,4127,4128,C
5-NP,1080,0,4103,0,3,4106,T
5-NP,1081,4048,0,0,0,4048,A
5-NP,1082,0,1,4063,0,4064,G
5-NP,1083,3974,1,0,0,3975,A
5-NP,1084,0,0,3978,0,3978,G
5-NP,1085,0,0,3965,0,3965,G
5-NP,1086,3740,0,5,0,3745,A
5-NP,1087,1,0,3776,0,3777,G
5-NP,1088,0,3742,0,1,3743,T
5-NP,1089,3734,0,1,0,3735,A
5-NP,1090,0,2,0,3746,3748,C
5-NP,1091,3696,0,0,0,3696,A
5-NP,1092,3691,0,1,0,3692,A
5-NP,1093,3660,0,1,0,3661,A
5-NP,1094,0,3591,0,0,3591,T
5-NP,1095,0,3585,0,0,3585,T
5-NP,1096,0,0,3480,1,3481,G
5-NP,1097,0,0,0,3411,3411,C
5-NP,1098,1,3395,0,1,3397,T
5-NP,1099,1,3394,0,0,3395,T
5-NP,1100,3,0,0,3405,3408,C
5-NP,1101,3423,0,0,0,3423,A
5-NP,1102,3435,0,0,0,3435,A
5-NP,1103,3419,0,0,0,3419,A
5-NP,1104,0,3425,0,0,3425,T
5-NP,1105,0,1,3424,0,3425,G
5-NP,1106,3344,0,4,0,3348,A
5-NP,1107,1,0,3380,0,3381,G
5-NP,1108,3361,0,4,0,3365,A
5-NP,1109,3359,1,0,0,3360,A
5-NP,1110,0,0,0,3360,3360,C
5-NP,1111,3322,0,0,0,3322,A
5-NP,1112,0,3317,0,0,3317,T
5-NP,1113,0,0,3319,0,3319,G
5-NP,1114,0,0,3316,0,3316,G
5-NP,1115,3305,2,0,0,3307,A
5-NP,1116,0,3210,1,1,3212,T
5-NP,1117,3167,0,2,0,3169,A
5-NP,1118,3241,0,1,1,3243,A
5-NP,1119,0,3140,0,1,3141,T
5-NP,1120,3132,0,0,0,3132,A
5-NP,1121,0,3102,0,0,3102,T
5-NP,1122,1,2,2879,0,2882,G
5-NP,1123,0,0,2789,0,2789,G
5-NP,1124,0,1,2771,0,2772,G
5-NP,1125,2742,0,1,0,2743,A
5-NP,1126,0,2725,0,0,2725,T
5-NP,1127,1,0,0,2003,2004,C
5-NP,1128,1,0,2015,0,2016,G
5-NP,1129,2015,1,2,0,2018,A
5-NP,1130,2,1,2010,0,2013,G
5-NP,1131,0,1,0,1999,2000,C
5-NP,1132,1970,0,1,0,1971,A
5-NP,1133,0,0,0,2005,2005,C
5-NP,1134,1,1947,0,2,1950,T
5-NP,1135,0,0,0,1980,1980,C
5-NP,1136,0,1970,0,0,1970,T
5-NP,1137,0,1949,0,0,1949,T
5-NP,1138,0,0,1950,0,1950,G
5-NP,1139,1932,0,0,0,1932,A
5-NP,1140,1928,0,1,0,1929,A
5-NP,1141,0,0,0,1934,1934,C
5-NP,1142,1,1356,0,0,1357,T
5-NP,1143,0,1,1354,0,1355,G
5-NP,1144,1283,0,3,0,1286,A
5-NP,1145,0,0,1297,0,1297,G
5-NP,1146,1290,0,0,0,1290,A
5-NP,1147,1260,0,0,0,1260,A
5-NP,1148,0,0,1273,0,1273,G
5-NP,1149,1,0,0,1216,1217,C
5-NP,1150,0,1,1219,0,1220,G
5-NP,1151,1,1,1217,0,1219,G
5-NP,1152,0,0,1177,0,1177,G
5-NP,1153,0,1151,0,1,1152,T
5-NP,1154,1092,0,0,0,1092,A
5-NP,1155,0,0,0,1104,1104,C
5-NP,1156,0,699,0,0,699,T
5-NP,1157,0,0,688,0,688,G
5-NP,1158,0,1,645,0,646,G
5-NP,1159,0,0,629,0,629,G
5-NP,1160,0,0,0,606,606,C
5-NP,1161,0,0,0,518,518,C
5-NP,1162,536,0,0,0,536,A
5-NP,1163,0,536,0,0,536,T
5-NP,1164,538,0,0,0,538,A
5-NP,1165,533,0,1,0,534,A
5-NP,1166,0,0,526,0,526,G
5-NP,1167,0,0,542,0,542,G
5-NP,1168,525,0,0,0,525,A
5-NP,1169,0,0,0,528,528,C
5-NP,1170,0,0,0,530,530,C
5-NP,1171,529,0,1,0,530,A
5-NP,1172,0,1,535,0,536,G
5-NP,1173,0,0,534,0,534,G
5-NP,1174,524,0,2,0,526,A
5-NP,1175,0,0,536,0,536,G
5-NP,1176,0,506,0,1,507,T
5-NP,1177,0,0,509,0,509,G
5-NP,1178,0,0,521,0,521,G
5-NP,1179,512,0,0,0,512,A
5-NP,1180,0,0,525,0,525,G
5-NP,1181,2,0,513,0,515,G
5-NP,1182,515,0,0,0,515,A
5-NP,1183,516,0,0,0,516,A
5-NP,1184,516,0,0,0,516,A
5-NP,1185,0,0,0,512,512,C
5-NP,1186,508,1,0,0,509,A
5-NP,1187,0,0,0,534,534,C
5-NP,1188,0,525,0,0,525,T
5-NP,1189,539,0,0,0,539,A
5-NP,1190,537,0,0,0,537,A
5-NP,1191,0,537,0,0,537,T
5-NP,1192,0,0,0,545,545,C
5-NP,1193,539,0,0,0,539,A
5-NP,1194,546,0,0,0,546,A
5-NP,1195,0,0,0,544,544,C
5-NP,1196,538,0,0,0,538,A
5-NP,1197,0,0,536,0,536,G
5-NP,1198,523,0,1,0,524,A
5-NP,1199,0,0,533,0,533,G
5-NP,1200,0,0,531,0,531,G
5-NP,1201,0,0,523,0,523,G
5-NP,1202,0,0,0,521,521,C
5-NP,1203,0,0,0,523,523,C
5-NP,1204,0,521,0,0,521,T
5-NP,1205,0,0,0,522,522,C
5-NP,1206,0,0,0,528,528,C
5-NP,1207,1,0,531,0,532,G
5-NP,1208,0,0,0,530,530,C
5-NP,1209,520,0,1,0,521,A
5-NP,1210,0,0,541,0,541,G
5-NP,1211,0,0,537,0,537,G
5-NP,1212,0,0,0,543,543,C
5-NP,1213,0,0,0,545,545,C
5-NP,1214,539,0,0,0,539,A
5-NP,1215,541,0,0,0,541,A
5-NP,1216,541,0,0,0,541,A
5-NP,1217,0,0,0,544,544,C
5-NP,1218,0,0,0,544,544,C
5-NP,1219,520,0,0,0,520,A
5-NP,1220,0,0,531,0,531,G
5-NP,1221,0,509,0,0,509,T
5-NP,1222,1,0,521,0,522,G
5-NP,1223,0,509,0,1,510,T
5-NP,1224,0,1,513,0,514,G
5-NP,1225,0,0,0,515,515,C
5-NP,1226,515,0,0,0,515,A
5-NP,1227,529,0,0,0,529,A
5-NP,1228,0,0,0,521,521,C
5-NP,1229,0,0,0,531,531,C
5-NP,1230,0,525,0,2,527,T
5-NP,1231,531,0,0,0,531,A
5-NP,1232,0,0,0,530,530,C
5-NP,1233,0,0,529,0,529,G
5-NP,1234,0,523,0,1,524,T
5-NP,1235,0,530,0,0,530,T
5-NP,1236,0,525,0,0,525,T
5-NP,1237,0,522,0,0,522,T
5-NP,1238,0,0,0,527,527,C
5-NP,1239,0,518,0,1,519,T
5-NP,1240,0,0,540,0,540,G
5-NP,1241,0,535,0,1,536,T
5-NP,1242,538,0,0,0,538,A
5-NP,1243,0,0,0,542,542,C
5-NP,1244,528,0,0,0,528,A
5-NP,1245,529,0,0,0,529,A
5-NP,1246,524,0,1,0,525,A
5-NP,1247,0,0,523,0,523,G
5-NP,1248,521,0,0,0,521,A
5-NP,1249,502,0,0,0,502,A
5-NP,1250,505,0,0,0,505,A
5-NP,1251,0,0,0,515,515,C
5-NP,1252,0,0,0,508,508,C
5-NP,1253,0,503,0,0,503,T
5-NP,1254,0,0,0,513,513,C
5-NP,1255,0,0,0,514,514,C
5-NP,1256,0,0,0,512,512,C
5-NP,1257,512,0,0,0,512,A
5-NP,1258,0,510,0,1,511,T
5-NP,1259,0,513,0,0,513,T
5-NP,1260,0,514,0,0,514,T
5-NP,1261,0,1,510,0,511,G
5-NP,1262,511,0,0,0,511,A
5-NP,1263,510,0,0,0,510,A
5-NP,1264,513,0,0,0,513,A
5-NP,1265,509,0,0,0,509,A
5-NP,1266,0,0,511,0,511,G
5-NP,1267,0,497,0,0,497,T
5-NP,1268,0,1,0,503,504,C
5-NP,1269,509,0,0,0,509,A
5-NP,1270,509,0,1,0,510,A
5-NP,1271,0,0,0,508,508,C
5-NP,1272,0,0,0,514,514,C
5-NP,1273,516,0,0,0,516,A
5-NP,1274,0,512,0,0,512,T
5-NP,1275,1,0,0,509,510,C
5-NP,1276,507,0,0,0,507,A
5-NP,1277,0,510,0,0,510,T
5-NP,1278,1,0,504,0,505,G
5-NP,1279,0,0,508,0,508,G
5-NP,1280,1,0,0,507,508,C
5-NP,1281,489,0,0,0,489,A
5-NP,1282,0,0,493,0,493,G
5-NP,1283,0,0,0,486,486,C
5-NP,1284,485,0,0,0,485,A
5-NP,1285,0,484,1,0,485,T
5-NP,1286,0,481,0,1,482,T
5-NP,1287,0,0,0,484,484,C
5-NP,1288,483,0,0,0,483,A
5-NP,1289,0,0,0,487,487,C
5-NP,1290,0,483,0,3,486,T
5-NP,1291,0,0,483,0,483,G
5-NP,1292,0,0,490,0,490,G
5-NP,1293,487,0,0,0,487,A
5-NP,1294,482,0,0,0,482,A
5-NP,1295,488,0,1,0,489,A
5-NP,1296,0,480,0,0,480,T
5-NP,1297,482,0,0,0,482,A
5-NP,1298,0,0,0,479,479,C
5-NP,1299,0,0,477,0,477,G
5-NP,1300,0,0,474,0,474,G
5-NP,1301,464,0,0,0,464,A
5-NP,1302,0,0,468,0,468,G
5-NP,1303,0,0,467,0,467,G
5-NP,1304,1,0,469,0,470,G
5-NP,1305,474,0,2,0,476,A
5-NP,1306,473,0,1,0,474,A
5-NP,1307,0,0,478,0,478,G
5-NP,1308,475,0,0,0,475,A
5-NP,1309,476,0,0,0,476,A
5-NP,1310,0,0,0,477,477,C
5-NP,1311,0,470,0,0,470,T
5-NP,1312,0,477,0,0,477,T
5-NP,1313,0,0,0,477,477,C
5-NP,1314,477,0,1,0,478,A
5-NP,1315,0,0,483,0,483,G
5-NP,1316,480,0,0,0,480,A
5-NP,1317,0,0,1,476,477,C
5-NP,1318,471,0,0,0,471,A
5-NP,1319,0,460,0,1,461,T
5-NP,1320,0,0,465,0,465,G
5-NP,1321,455,0,0,0,455,A
5-NP,1322,0,0,461,0,461,G
5-NP,1323,0,0,465,0,465,G
5-NP,1324,0,0,460,0,460,G
5-NP,1325,0,0,0,463,463,C
5-NP,1326,456,0,1,0,457,A
5-NP,1327,0,0,458,0,458,G
5-NP,1328,458,0,0,0,458,A
5-NP,1329,464,0,0,0,464,A
5-NP,1330,460,0,0,0,460,A
5-NP,1331,1,455,0,0,456,T
5-NP,1332,0,0,0,457,457,C
5-NP,1333,460,0,1,0,461,A
5-NP,1334,0,451,0,0,451,T
5-NP,1335,460,0,0,0,460,A
5-NP,1336,456,0,0,0,456,A
5-NP,1337,4,1,459,0,464,G
5-NP,1338,455,0,0,0,455,A
5-NP,1339,461,0,0,0,461,A
5-NP,1340,0,451,0,0,451,T
5-NP,1341,0,0,452,0,452,G
5-NP,1342,447,0,1,0,448,A
5-NP,1343,0,446,0,0,446,T
5-NP,1344,0,0,451,0,451,G
5-NP,1345,0,0,452,0,452,G
5-NP,1346,445,0,0,0,445,A
5-NP,1347,447,0,0,0,447,A
5-NP,1348,432,0,1,0,433,A
5-NP,1349,0,0,436,0,436,G
5-NP,1350,0,431,0,0,431,T
5-NP,1351,0,0,431,0,431,G
5-NP,1352,0,0,0,430,430,C
5-NP,1353,431,0,0,0,431,A
5-NP,1354,432,0,0,0,432,A
5-NP,1355,431,0,0,0,431,A
5-NP,1356,430,0,0,0,430,A
5-NP,1357,0,0,0,432,432,C
5-NP,1358,0,0,0,423,423,C
5-NP,1359,418,0,0,0,418,A
5-NP,1360,0,0,422,0,422,G
5-NP,1361,416,0,1,0,417,A
5-NP,1362,418,0,0,0,418,A
5-NP,1363,0,0,418,0,418,G
5-NP,1364,416,0,0,0,416,A
5-NP,1365,400,0,0,0,400,A
5-NP,1366,0,0,405,0,405,G
5-NP,1367,0,397,0,0,397,T
5-NP,1368,0,0,408,0,408,G
5-NP,1369,0,394,0,0,394,T
5-NP,1370,0,0,0,398,398,C
5-NP,1371,401,0,0,0,401,A
5-NP,1372,0,401,0,0,401,T
5-NP,1373,0,400,0,0,400,T
5-NP,1374,0,0,0,406,406,C
5-NP,1375,0,0,0,401,401,C
5-NP,1376,0,0,403,0,403,G
5-NP,1377,0,0,398,0,398,G
5-NP,1378,0,0,402,0,402,G
5-NP,1379,0,0,407,0,407,G
5-NP,1380,0,0,402,0,402,G
5-NP,1381,369,0,15,0,384,A
5-NP,1382,0,0,388,0,388,G
5-NP,1383,0,0,379,0,379,G
5-NP,1384,0,0,378,0,378,G
5-NP,1385,1,0,383,0,384,G
5-NP,1386,380,0,1,0,381,A
5-NP,1387,0,0,373,0,373,G
5-NP,1388,0,373,0,1,374,T
5-NP,1389,0,0,0,367,367,C
5-NP,1390,0,375,0,1,376,T
5-NP,1391,0,373,0,0,373,T
5-NP,1392,0,0,0,378,378,C
5-NP,1393,1,0,373,0,374,G
5-NP,1394,373,0,0,0,373,A
5-NP,1395,0,0,368,0,368,G
5-NP,1396,0,0,0,364,364,C
5-NP,1397,0,374,0,1,375,T
5-NP,1398,0,0,0,373,373,C
5-NP,1399,0,371,0,0,371,T
5-NP,1400,0,0,0,375,375,C
5-NP,1401,373,0,1,0,374,A
5-NP,1402,0,0,379,0,379,G
5-NP,1403,379,0,0,0,379,A
5-NP,1404,0,0,0,375,375,C
5-NP,1405,0,0,375,0,375,G
5-NP,1406,369,0,0,0,369,A
5-NP,1407,0,0,377,0,377,G
5-NP,1408,378,0,0,0,378,A
5-NP,1409,374,0,0,0,374,A
5-NP,1410,0,0,374,0,374,G
5-NP,1411,1,0,362,0,363,G
5-NP,1412,0,0,0,355,355,C
5-NP,1413,366,0,0,0,366,A
5-NP,1414,364,0,0,0,364,A
5-NP,1415,0,1,0,358,359,C
5-NP,1416,0,0,365,0,365,G
5-NP,1417,357,0,0,0,357,A
5-NP,1418,358,0,0,0,358,A
5-NP,1419,0,0,0,352,352,C
5-NP,1420,0,0,0,351,351,C
5-NP,1421,1,0,0,355,356,C
5-NP,1422,0,0,363,0,363,G
5-NP,1423,358,0,0,0,358,A
5-NP,1424,0,354,0,0,354,T
5-NP,1425,0,0,0,351,351,C
5-NP,1426,0,0,349,0,349,G
5-NP,1427,0,343,0,0,343,T
5-NP,1428,0,1,346,0,347,G
5-NP,1429,0,1,0,338,339,C
5-NP,1430,0,0,0,336,336,C
5-NP,1431,0,0,0,339,339,C
5-NP,1432,1,329,0,0,330,T
5-NP,1433,1,0,0,349,350,C
5-NP,1434,0,352,0,0,352,T
5-NP,1435,0,352,0,0,352,T
5-NP,1436,0,351,0,1,352,T
5-NP,1437,0,351,0,0,351,T
5-NP,1438,0,0,353,0,353,G
5-NP,1439,355,0,0,0,355,A
5-NP,1440,0,352,0,0,352,T
5-NP,1441,347,0,0,0,347,A
5-NP,1442,0,306,0,0,306,T
5-NP,1443,8,0,302,0,310,G
5-NP,1444,305,0,1,0,306,A
5-NP,1445,0,0,309,0,309,G
5-NP,1446,1,310,0,0,311,T
5-NP,1447,304,0,0,0,304,A
5-NP,1448,305,0,0,0,305,A
5-NP,1449,0,305,0,0,305,T
5-NP,1450,0,0,302,0,302,G
5-NP,1451,304,0,0,0,304,A
5-NP,1452,269,0,0,0,269,A
5-NP,1453,0,0,268,0,268,G
5-NP,1454,0,0,259,0,259,G
5-NP,1455,259,0,0,0,259,A
5-NP,1456,0,258,0,0,258,T
5-NP,1457,0,0,0,254,254,C
5-NP,1458,0,254,0,0,254,T
5-NP,1459,0,253,0,0,253,T
5-NP,1460,253,0,0,0,253,A
5-NP,1461,0,252,0,0,252,T
5-NP,1462,0,250,0,0,250,T
5-NP,1463,0,246,0,0,246,T
5-NP,1464,0,0,0,241,241,C
5-NP,1465,0,236,0,0,236,T
5-NP,1466,0,230,0,0,230,T
5-NP,1467,0,0,0,236,236,C
5-NP,1468,0,0,234,0,234,G
5-NP,1469,0,0,234,0,234,G
5-NP,1470,234,0,0,0,234,A
5-NP,1471,0,0,235,0,235,G
5-NP,1472,232,0,0,0,232,A
5-NP,1473,0,0,0,228,228,C
5-NP,1474,216,0,0,0,216,A
5-NP,1475,215,0,0,0,215,A
5-NP,1476,0,212,0,0,212,T
5-NP,1477,0,0,216,0,216,G
5-NP,1478,0,0,0,215,215,C
5-NP,1479,209,0,0,0,209,A
5-NP,1480,0,0,210,0,210,G
5-NP,1481,209,0,0,0,209,A
5-NP,1482,193,0,0,0,193,A
5-NP,1483,0,0,195,0,195,G
5-NP,1484,133,0,1,0,134,A
5-NP,1485,0,0,136,0,136,G
5-NP,1486,0,116,0,0,116,T
5-NP,1487,116,0,0,0,116,A
5-NP,1488,0,109,0,0,109,T
5-NP,1489,0,0,109,0,109,G
5-NP,1490,107,0,0,0,107,A
5-NP,1491,0,0,0,109,109,C
5-NP,1492,76,0,0,0,76,A
5-NP,1493,74,0,0,0,74,A
5-NP,1494,0,50,0,0,50,T
5-NP,1495,0,50,0,0,50,T
5-NP,1496,47,0,0,0,47,A
5-NP,1497,47,0,0,0,47,A
6-NA,1,3,0,0,0,3,A
6-NA,2,0,3,0,0,3,T
6-NA,3,0,0,3,0,3,G
6-NA,4,3,0,0,0,3,A
6-NA,5,4,0,0,0,4,A
6-NA,6,0,4,0,0,4,T
6-NA,7,0,0,0,4,4,C
6-NA,8,0,0,0,4,4,C
6-NA,9,4,0,0,0,4,A
6-NA,10,4,0,0,0,4,A
6-NA,11,4,0,0,0,4,A
6-NA,12,0,4,0,0,4,T
6-NA,13,0,0,0,4,4,C
6-NA,14,4,0,0,0,4,A
6-NA,15,4,0,0,0,4,A
6-NA,16,4,0,0,0,4,A
6-NA,17,5,0,0,0,5,A
6-NA,18,0,0,6,0,6,G
6-NA,19,6,0,0,0,6,A
6-NA,20,0,6,0,0,6,T
6-NA,21,6,0,0,0,6,A
6-NA,22,7,0,0,0,7,A
6-NA,23,0,7,0,0,7,T
6-NA,24,7,0,0,0,7,A
6-NA,25,8,0,0,0,8,A
6-NA,26,0,0,0,10,10,C
6-NA,27,0,0,10,0,10,G
6-NA,28,9,0,0,0,9,A
6-NA,29,0,10,0,0,10,T
6-NA,30,0,10,0,0,10,T
6-NA,31,0,0,10,0,10,G
6-NA,32,0,0,9,0,9,G
6-NA,33,0,0,0,10,10,C
6-NA,34,0,10,0,0,10,T
6-NA,35,0,0,0,10,10,C
6-NA,36,0,10,0,0,10,T
6-NA,37,0,0,11,0,11,G
6-NA,38,0,11,0,0,11,T
6-NA,39,0,11,0,0,11,T
6-NA,40,0,11,0,0,11,T
6-NA,41,0,0,0,12,12,C
6-NA,42,0,12,0,0,12,T
6-NA,43,0,0,0,12,12,C
6-NA,44,0,12,0,0,12,T
6-NA,45,0,0,0,12,12,C
6-NA,46,12,0,0,0,12,A
6-NA,47,0,0,0,12,12,C
6-NA,48,0,0,0,12,12,C
6-NA,49,10,0,1,0,11,A
6-NA,50,0,12,0,0,12,T
6-NA,51,0,12,0,0,12,T
6-NA,52,0,12,0,0,12,T
6-NA,53,0,0,0,13,13,C
6-NA,54,0,0,0,13,13,C
6-NA,55,11,0,0,0,11,A
6-NA,56,0,0,0,13,13,C
6-NA,57,13,0,0,0,13,A
6-NA,58,15,0,0,0,15,A
6-NA,59,0,15,0,0,15,T
6-NA,60,17,0,0,0,17,A
6-NA,61,0,17,0,0,17,T
6-NA,62,0,0,17,0,17,G
6-NA,63,0,0,0,16,16,C
6-NA,64,0,17,0,0,17,T
6-NA,65,0,19,0,0,19,T
6-NA,66,0,0,0,19,19,C
6-NA,67,0,19,0,0,19,T
6-NA,68,0,18,0,0,18,T
6-NA,69,0,0,0,19,19,C
6-NA,70,19,0,0,0,19,A
6-NA,71,0,19,0,0,19,T
6-NA,72,0,0,18,0,18,G
6-NA,73,0,0,0,19,19,C
6-NA,74,18,0,0,0,18,A
6-NA,75,19,0,0,0,19,A
6-NA,76,18,0,0,0,18,A
6-NA,77,0,19,0,0,19,T
6-NA,78,0,19,0,0,19,T
6-NA,79,0,0,18,0,18,G
6-NA,80,0,0,0,19,19,C
6-NA,81,0,0,0,19,19,C
6-NA,82,21,0,0,0,21,A
6-NA,83,0,21,0,0,21,T
6-NA,84,0,0,0,22,22,C
6-NA,85,0,21,0,0,21,T
6-NA,86,0,22,0,0,22,T
6-NA,87,0,0,21,0,21,G
6-NA,88,21,0,0,0,21,A
6-NA,89,0,21,0,0,21,T
6-NA,90,22,0,0,0,22,A
6-NA,91,21,0,0,0,21,A
6-NA,92,0,0,0,25,25,C
6-NA,93,0,22,0,0,22,T
6-NA,94,22,0,0,0,22,A
6-NA,95,0,0,0,24,24,C
6-NA,96,0,24,0,0,24,T
6-NA,97,0,0,24,0,24,G
6-NA,98,0,25,0,0,25,T
6-NA,99,24,0,0,0,24,A
6-NA,100,25,0,0,0,25,A
6-NA,101,0,0,0,23,23,C
6-NA,102,22,0,0,0,22,A
6-NA,103,0,23,0,0,23,T
6-NA,104,0,23,0,0,23,T
6-NA,105,0,0,23,0,23,G
6-NA,106,0,0,0,24,24,C
6-NA,107,23,0,0,0,23,A
6-NA,108,0,24,0,0,24,T
6-NA,109,0,24,0,0,24,T
6-NA,110,0,24,0,0,24,T
6-NA,111,0,0,0,24,24,C
6-NA,112,23,0,0,0,23,A
6-NA,113,24,0,0,0,24,A
6-NA,114,0,0,24,0,24,G
6-NA,115,0,0,0,24,24,C
6-NA,116,24,0,0,0,24,A
6-NA,117,23,0,0,0,23,A
6-NA,118,0,27,0,0,27,T
6-NA,119,27,0,0,0,27,A
6-NA,120,0,27,0,0,27,T
6-NA,121,0,0,26,0,26,G
6-NA,122,27,0,0,0,27,A
6-NA,123,26,0,0,0,26,A
6-NA,124,0,28,0,0,28,T
6-NA,125,0,28,0,0,28,T
6-NA,126,0,0,0,27,27,C
6-NA,127,27,0,0,0,27,A
6-NA,128,27,0,0,0,27,A
6-NA,129,0,0,0,27,27,C
6-NA,130,0,26,0,0,26,T
6-NA,131,0,0,0,26,26,C
6-NA,132,0,0,0,25,25,C
6-NA,133,0,0,0,25,25,C
6-NA,134,0,0,0,25,25,C
6-NA,135,0,0,0,25,25,C
6-NA,136,0,0,0,25,25,C
6-NA,137,0,0,0,26,26,C
6-NA,138,26,0,0,0,26,A
6-NA,139,26,0,0,0,26,A
6-NA,140,25,0,0,0,25,A
6-NA,141,0,0,0,26,26,C
6-NA,142,26,0,0,0,26,A
6-NA,143,25,0,0,0,25,A
6-NA,144,0,0,0,25,25,C
6-NA,145,0,0,0,25,25,C
6-NA,146,27,0,0,0,27,A
6-NA,147,26,0,0,0,26,A
6-NA,148,0,0,28,0,28,G
6-NA,149,0,28,0,0,28,T
6-NA,150,0,0,27,0,27,G
6-NA,151,28,0,0,0,28,A
6-NA,152,0,29,0,0,29,T
6-NA,153,0,0,28,0,28,G
6-NA,154,0,0,0,28,28,C
6-NA,155,0,27,0,0,27,T
6-NA,156,0,0,29,0,29,G
6-NA,157,0,29,0,0,29,T
6-NA,158,0,0,29,0,29,G
6-NA,159,0,29,0,0,29,T
6-NA,160,0,0,29,0,29,G
6-NA,161,29,0,0,0,29,A
6-NA,162,29,0,0,0,29,A
6-NA,163,0,0,0,28,28,C
6-NA,164,0,0,0,29,29,C
6-NA,165,28,0,0,0,28,A
6-NA,166,28,0,0,0,28,A
6-NA,167,0,0,0,29,29,C
6-NA,168,30,0,0,0,30,A
6-NA,169,30,0,0,0,30,A
6-NA,170,0,30,0,0,30,T
6-NA,171,30,0,0,0,30,A
6-NA,172,30,0,0,0,30,A
6-NA,173,0,29,0,0,29,T
6-NA,174,29,0,0,0,29,A
6-NA,175,0,0,28,0,28,G
6-NA,176,26,0,3,0,29,A
6-NA,177,29,0,0,0,29,A
6-NA,178,29,0,0,0,29,A
6-NA,179,0,0,29,0,29,G
6-NA,180,29,0,0,0,29,A
6-NA,181,29,0,0,0,29,A
6-NA,182,30,0,0,0,30,A
6-NA,183,0,0,0,30,30,C
6-NA,184,29,0,0,0,29,A
6-NA,185,0,30,0,0,30,T
6-NA,186,30,0,0,0,30,A
6-NA,187,30,0,0,0,30,A
6-NA,188,0,0,0,30,30,C
6-NA,189,29,0,0,0,29,A
6-NA,190,0,0,30,0,30,G
6-NA,191,31,0,0,0,31,A
6-NA,192,0,0,31,0,31,G
6-NA,193,30,0,0,0,30,A
6-NA,194,0,34,0,0,34,T
6-NA,195,34,0,0,0,34,A
6-NA,196,0,0,32,0,32,G
6-NA,197,0,32,0,0,32,T
6-NA,198,0,0,35,0,35,G
6-NA,199,0,37,0,0,37,T
6-NA,200,37,0,0,0,37,A
6-NA,201,0,36,0,0,36,T
6-NA,202,0,0,0,37,37,C
6-NA,203,0,36,0,0,36,T
6-NA,204,0,0,36,0,36,G
6-NA,205,36,0,0,0,36,A
6-NA,206,0,0,0,37,37,C
6-NA,207,0,0,0,37,37,C
6-NA,208,39,0,0,0,39,A
6-NA,209,39,0,0,0,39,A
6-NA,210,0,0,0,41,41,C
6-NA,211,41,0,0,0,41,A
6-NA,212,0,0,0,41,41,C
6-NA,213,0,0,0,41,41,C
6-NA,214,42,0,0,0,42,A
6-NA,215,0,0,0,45,45,C
6-NA,216,0,0,0,45,45,C
6-NA,217,47,0,0,0,47,A
6-NA,218,0,47,0,0,47,T
6-NA,219,48,0,0,0,48,A
6-NA,220,0,0,48,0,48,G
6-NA,221,47,0,0,0,47,A
6-NA,222,0,0,48,0,48,G
6-NA,223,47,0,0,0,47,A
6-NA,224,46,0,0,0,46,A
6-NA,225,0,0,47,0,47,G
6-NA,226,0,0,46,0,46,G
6-NA,227,44,0,0,0,44,A
6-NA,228,47,0,0,0,47,A
6-NA,229,47,0,0,0,47,A
6-NA,230,0,47,0,0,47,T
6-NA,231,47,0,0,0,47,A
6-NA,232,0,45,0,0,45,T
6-NA,233,0,0,46,0,46,G
6-NA,234,0,0,0,45,45,C
6-NA,235,0,0,0,44,44,C
6-NA,236,0,0,0,44,44,C
6-NA,237,0,0,0,47,47,C
6-NA,238,48,0,0,0,48,A
6-NA,239,48,0,0,0,48,A
6-NA,240,48,0,0,0,48,A
6-NA,241,0,0,0,49,49,C
6-NA,242,0,48,0,0,48,T
6-NA,243,47,0,0,0,47,A
6-NA,244,0,0,48,0,48,G
6-NA,245,0,0,0,48,48,C
6-NA,246,49,0,0,0,49,A
6-NA,247,0,0,49,0,49,G
6-NA,248,49,0,0,0,49,A
6-NA,249,50,0,0,0,50,A
6-NA,250,0,49,0,0,49,T
6-NA,251,48,0,0,0,48,A
6-NA,252,0,0,0,50,50,C
6-NA,253,49,0,0,0,49,A
6-NA,254,0,0,51,0,51,G
6-NA,255,51,0,0,0,51,A
6-NA,256,49,0,0,0,49,A
6-NA,257,48,0,0,0,48,A
6-NA,258,0,47,0,0,47,T
6-NA,259,0,46,0,0,46,T
6-NA,260,0,0,46,0,46,G
6-NA,261,0,0,47,0,47,G
6-NA,262,0,47,0,0,47,T
6-NA,263,0,0,0,48,48,C
6-NA,264,47,0,0,0,47,A
6-NA,265,47,0,0,0,47,A
6-NA,266,47,0,0,0,47,A
6-NA,267,0,0,47,0,47,G
6-NA,268,0,0,0,47,47,C
6-NA,269,0,0,0,47,47,C
6-NA,270,0,0,48,0,48,G
6-NA,271,0,0,0,48,48,C
6-NA,272,47,0,0,0,47,A
6-NA,273,46,0,0,0,46,A
6-NA,274,0,47,0,0,47,T
6-NA,275,0,0,48,0,48,G
6-NA,276,0,47,0,0,47,T
6-NA,277,0,0,46,0,46,G
6-NA,278,49,0,0,0,49,A
6-NA,279,0,0,0,49,49,C
6-NA,280,51,0,0,0,51,A
6-NA,281,0,52,0,0,52,T
6-NA,282,0,51,0,0,51,T
6-NA,283,48,0,0,0,48,A
6-NA,284,0,0,0,50,50,C
6-NA,285,49,0,0,0,49,A
6-NA,286,2,0,48,0,50,G
6-NA,287,0,0,49,0,49,G
6-NA,288,0,0,47,0,47,G
6-NA,289,0,48,0,0,48,T
6-NA,290,0,49,0,0,49,T
6-NA,291,0,50,0,0,50,T
6-NA,292,0,0,49,0,49,G
6-NA,293,0,0,0,48,48,C
6-NA,294,48,0,0,0,48,A
6-NA,295,0,0,0,47,47,C
6-NA,296,0,0,0,46,46,C
6-NA,297,0,48,0,0,48,T
6-NA,298,0,47,0,0,47,T
6-NA,299,0,47,0,0,47,T
6-NA,300,0,48,0,0,48,T
6-NA,301,0,50,0,1,51,T
6-NA,302,0,0,0,50,50,C
6-NA,303,0,51,0,0,51,T
6-NA,304,51,0,0,0,51,A
6-NA,305,50,0,0,0,50,A
6-NA,306,0,0,51,0,51,G
6-NA,307,0,0,52,0,52,G
6-NA,308,51,0,0,0,51,A
6-NA,309,0,0,0,54,54,C
6-NA,310,53,0,0,0,53,A
6-NA,311,52,0,0,0,52,A
6-NA,312,0,53,0,0,53,T
6-NA,313,0,53,0,0,53,T
6-NA,314,0,0,0,52,52,C
6-NA,315,0,0,54,0,54,G
6-NA,316,53,0,0,0,53,A
6-NA,317,0,54,0,0,54,T
6-NA,318,0,54,0,0,54,T
6-NA,319,54,0,0,0,54,A
6-NA,320,0,0,52,0,52,G
6-NA,321,0,0,53,0,53,G
6-NA,322,0,0,0,55,55,C
6-NA,323,0,53,0,0,53,T
6-NA,324,0,53,0,0,53,T
6-NA,325,0,54,0,0,54,T
6-NA,326,0,0,0,54,54,C
6-NA,327,0,0,0,52,52,C
6-NA,328,0,0,53,0,53,G
6-NA,329,0,0,0,51,51,C
6-NA,330,0,50,0,0,50,T
6-NA,331,0,0,49,0,49,G
6-NA,332,0,0,50,0,50,G
6-NA,333,0,51,0,0,51,T
6-NA,334,0,0,51,0,51,G
6-NA,335,0,0,51,0,51,G
6-NA,336,0,0,51,0,51,G
6-NA,337,0,0,51,0,51,G
6-NA,338,48,0,0,0,48,A
6-NA,339,0,0,0,53,53,C
6-NA,340,54,0,0,0,54,A
6-NA,341,0,53,0,0,53,T
6-NA,342,0,0,0,53,53,C
6-NA,343,0,53,0,0,53,T
6-NA,344,0,0,51,0,51,G
6-NA,345,0,0,50,0,50,G
6-NA,346,0,0,53,0,53,G
6-NA,347,0,51,0,0,51,T
6-NA,348,0,0,52,0,52,G
6-NA,349,52,0,0,0,52,A
6-NA,350,0,0,0,51,51,C
6-NA,351,51,0,0,0,51,A
6-NA,352,51,0,0,0,51,A
6-NA,353,0,0,51,0,51,G
6-NA,354,49,0,0,0,49,A
6-NA,355,0,0,51,0,51,G
6-NA,356,50,0,0,0,50,A
6-NA,357,50,0,0,0,50,A
6-NA,358,0,0,0,52,52,C
6-NA,359,0,0,0,57,57,C
6-NA,360,0,57,0,0,57,T
6-NA,361,0,55,0,0,55,T
6-NA,362,55,0,0,0,55,A
6-NA,363,0,56,0,0,56,T
6-NA,364,0,0,58,0,58,G
6-NA,365,0,58,0,0,58,T
6-NA,366,0,0,60,0,60,G
6-NA,367,0,59,0,1,60,T
6-NA,368,0,0,0,59,59,C
6-NA,369,59,0,0,0,59,A
6-NA,370,0,59,0,0,59,T
6-NA,371,1,0,59,0,60,G
6-NA,372,0,0,0,58,58,C
6-NA,373,0,0,57,0,57,G
6-NA,374,62,0,0,0,62,A
6-NA,375,0,58,0,0,58,T
6-NA,376,0,0,0,63,63,C
6-NA,377,0,0,0,63,63,C
6-NA,378,0,61,0,0,61,T
6-NA,379,0,0,62,0,62,G
6-NA,380,62,0,0,0,62,A
6-NA,381,0,0,0,62,62,C
6-NA,382,62,0,0,0,62,A
6-NA,383,61,0,0,0,61,A
6-NA,384,0,0,63,0,63,G
6-NA,385,0,63,0,0,63,T
6-NA,386,0,0,64,0,64,G
6-NA,387,0,63,0,0,63,T
6-NA,388,0,64,0,0,64,T
6-NA,389,63,0,0,0,63,A
6-NA,390,0,64,0,0,64,T
6-NA,391,0,0,0,63,63,C
6-NA,392,62,0,0,0,62,A
6-NA,393,61,0,0,0,61,A
6-NA,394,0,61,0,0,61,T
6-NA,395,0,61,0,0,61,T
6-NA,396,0,61,0,0,61,T
6-NA,397,0,0,59,0,59,G
6-NA,398,0,0,0,61,61,C
6-NA,399,0,0,0,63,63,C
6-NA,400,0,0,0,65,65,C
6-NA,401,0,63,0,0,63,T
6-NA,402,0,65,0,0,65,T
6-NA,403,0,0,65,0,65,G
6-NA,404,0,1,64,0,65,G
6-NA,405,64,0,0,0,64,A
6-NA,406,0,0,0,64,64,C
6-NA,407,64,0,0,0,64,A
6-NA,408,0,0,63,0,63,G
6-NA,409,0,0,63,0,63,G
6-NA,410,0,0,63,0,63,G
6-NA,411,63,0,0,0,63,A
6-NA,412,62,0,0,0,62,A
6-NA,413,0,0,0,61,61,C
6-NA,414,61,0,0,0,61,A
6-NA,415,67,0,0,0,67,A
6-NA,416,0,0,0,68,68,C
6-NA,417,69,0,0,0,69,A
6-NA,418,0,0,0,69,69,C
6-NA,419,0,67,0,0,67,T
6-NA,420,67,0,0,0,67,A
6-NA,421,66,0,0,0,66,A
6-NA,422,67,0,0,0,67,A
6-NA,423,0,0,0,66,66,C
6-NA,424,64,0,0,0,64,A
6-NA,425,65,0,0,0,65,A
6-NA,426,0,0,0,67,67,C
6-NA,427,0,0,67,0,67,G
6-NA,428,0,65,0,0,65,T
6-NA,429,67,0,0,0,67,A
6-NA,430,0,0,0,68,68,C
6-NA,431,69,0,0,0,69,A
6-NA,432,0,67,0,0,67,T
6-NA,433,0,68,0,0,68,T
6-NA,434,0,0,0,68,68,C
6-NA,435,71,0,0,0,71,A
6-NA,436,70,0,0,0,70,A
6-NA,437,70,0,0,0,70,A
6-NA,438,0,70,0,0,70,T
6-NA,439,70,0,1,0,71,A
6-NA,440,72,0,0,0,72,A
6-NA,441,0,0,0,72,72,C
6-NA,442,73,0,0,0,73,A
6-NA,443,0,0,0,75,75,C
6-NA,444,74,0,0,0,74,A
6-NA,445,0,0,92,0,92,G
6-NA,446,0,90,0,0,90,T
6-NA,447,92,0,0,0,92,A
6-NA,448,0,0,0,93,93,C
6-NA,449,0,0,92,0,92,G
6-NA,450,0,95,0,0,95,T
6-NA,451,0,0,95,0,95,G
6-NA,452,94,0,0,0,94,A
6-NA,453,0,94,0,0,94,T
6-NA,454,91,0,0,0,91,A
6-NA,455,0,0,91,0,91,G
6-NA,456,0,0,87,0,87,G
6-NA,457,89,0,0,0,89,A
6-NA,458,0,0,0,88,88,C
6-NA,459,0,0,0,82,82,C
6-NA,460,1,0,0,81,82,C
6-NA,461,0,0,0,84,84,C
6-NA,462,0,82,0,0,82,T
6-NA,463,0,85,0,0,85,T
6-NA,464,86,0,0,0,86,A
6-NA,465,0,85,0,0,85,T
6-NA,466,0,0,0,85,85,C
6-NA,467,0,0,85,0,85,G
6-NA,468,0,0,85,0,85,G
6-NA,469,83,0,0,0,83,A
6-NA,470,0,0,0,83,83,C
6-NA,471,0,0,0,81,81,C
6-NA,472,0,0,0,91,91,C
6-NA,473,0,91,0,0,91,T
6-NA,474,93,0,0,0,93,A
6-NA,475,0,91,0,0,91,T
6-NA,476,0,92,0,0,92,T
6-NA,477,0,0,92,0,92,G
6-NA,478,94,0,0,0,94,A
6-NA,479,0,94,0,0,94,T
6-NA,480,0,0,94,0,94,G
6-NA,481,88,0,0,0,88,A
6-NA,482,89,0,0,0,89,A
6-NA,483,0,87,0,0,87,T
6-NA,484,0,0,91,0,91,G
6-NA,485,91,0,0,1,92,A
6-NA,486,0,0,90,0,90,G
6-NA,487,0,89,0,0,89,T
6-NA,488,0,91,0,0,91,T
6-NA,489,91,0,0,0,91,A
6-NA,490,0,0,90,0,90,G
6-NA,491,0,0,90,0,90,G
6-NA,492,0,89,0,0,89,T
6-NA,493,0,0,88,0,88,G
6-NA,494,0,86,0,0,86,T
6-NA,495,0,86,0,0,86,T
6-NA,496,0,0,0,87,87,C
6-NA,497,0,0,0,88,88,C
6-NA,498,0,88,0,0,88,T
6-NA,499,0,89,0,0,89,T
6-NA,500,0,90,0,0,90,T
6-NA,501,0,90,0,0,90,T
6-NA,502,0,0,0,91,91,C
6-NA,503,92,0,0,0,92,A
6-NA,504,0,92,0,0,92,T
6-NA,505,0,0,0,94,94,C
6-NA,506,0,94,0,0,94,T
6-NA,507,0,0,94,0,94,G
6-NA,508,0,0,92,0,92,G
6-NA,509,0,0,92,0,92,G
6-NA,510,0,0,95,0,95,G
6-NA,511,96,0,0,0,96,A
6-NA,512,0,0,0,93,93,C
6-NA,513,0,0,0,91,91,C
6-NA,514,94,0,0,0,94,A
6-NA,515,94,0,0,0,94,A
6-NA,516,0,0,94,0,94,G
6-NA,517,0,0,0,97,97,C
6-NA,518,97,0,0,0,97,A
6-NA,519,93,0,0,0,93,A
6-NA,520,0,0,96,0,96,G
6-NA,521,0,94,0,0,94,T
6-NA,522,0,0,96,0,96,G
6-NA,523,0,91,0,0,91,T
6-NA,524,0,0,100,0,100,G
6-NA,525,0,0,0,99,99,C
6-NA,526,101,0,0,0,101,A
6-NA,527,0,102,0,0,102,T
6-NA,528,102,0,0,0,102,A
6-NA,529,0,0,103,0,103,G
6-NA,530,0,0,0,102,102,C
6-NA,531,98,0,0,0,98,A
6-NA,532,0,97,0,0,97,T
6-NA,533,0,0,89,0,89,G
6-NA,534,0,0,191,0,191,G
6-NA,535,0,188,0,0,188,T
6-NA,536,0,0,0,189,189,C
6-NA,537,0,1,0,208,209,C
6-NA,538,256,0,0,0,256,A
6-NA,539,0,0,333,0,333,G
6-NA,540,0,0,0,334,334,C
6-NA,541,0,334,0,0,334,T
6-NA,542,0,0,0,345,345,C
6-NA,543,345,0,0,0,345,A
6-NA,544,383,0,0,0,383,A
6-NA,545,0,0,393,0,393,G
6-NA,546,0,395,0,0,395,T
6-NA,547,0,404,0,0,404,T
6-NA,548,0,0,416,0,416,G
6-NA,549,0,418,0,1,419,T
6-NA,550,0,0,0,419,419,C
6-NA,551,420,0,0,0,420,A
6-NA,552,0,0,0,442,442,C
6-NA,553,0,0,446,0,446,G
6-NA,554,493,0,0,0,493,A
6-NA,555,0,501,0,0,501,T
6-NA,556,0,0,537,0,537,G
6-NA,557,1,0,550,0,551,G
6-NA,558,551,0,0,0,551,A
6-NA,559,561,0,0,0,561,A
6-NA,560,582,0,1,0,583,A
6-NA,561,590,0,2,0,592,A
6-NA,562,0,0,628,0,628,G
6-NA,563,0,1,0,622,623,C
6-NA,564,628,0,0,0,628,A
6-NA,565,0,634,0,0,634,T
6-NA,566,0,0,663,0,663,G
6-NA,567,1,0,678,0,679,G
6-NA,568,0,0,0,707,707,C
6-NA,569,0,704,0,1,705,T
6-NA,570,0,0,724,0,724,G
6-NA,571,0,0,0,723,723,C
6-NA,572,725,0,0,0,725,A
6-NA,573,0,824,0,1,825,T
6-NA,574,0,0,828,0,828,G
6-NA,575,0,877,0,0,877,T
6-NA,576,0,964,0,0,964,T
6-NA,577,0,966,0,2,968,T
6-NA,578,0,0,1101,0,1101,G
6-NA,579,0,1083,0,1,1084,T
6-NA,580,1097,0,0,0,1097,A
6-NA,581,0,1132,0,0,1132,T
6-NA,582,1140,0,0,0,1140,A
6-NA,583,1156,0,2,0,1158,A
6-NA,584,0,0,0,1156,1156,C
6-NA,585,5,2,1152,0,1159,G
6-NA,586,1,0,1163,0,1164,G
6-NA,587,0,0,1160,2,1162,G
6-NA,588,1,1,1174,0,1176,G
6-NA,589,0,0,1177,0,1177,G
6-NA,590,1162,0,1,0,1163,A
6-NA,591,0,1188,0,0,1188,T
6-NA,592,0,0,1200,0,1200,G
6-NA,593,1214,1,1,0,1216,A
6-NA,594,0,1238,0,0,1238,T
6-NA,595,1240,0,0,0,1240,A
6-NA,596,1245,0,0,0,1245,A
6-NA,597,1259,1,0,0,1260,A
6-NA,598,1260,1,0,0,1261,A
6-NA,599,1265,0,0,0,1265,A
6-NA,600,0,1271,0,0,1271,T
6-NA,601,0,0,1271,0,1271,G
6-NA,602,0,0,0,1270,1270,C
6-NA,603,1273,0,1,0,1274,A
6-NA,604,1288,0,0,0,1288,A
6-NA,605,0,0,0,1310,1310,C
6-NA,606,0,1312,0,0,1312,T
6-NA,607,1,0,1324,0,1325,G
6-NA,608,0,0,0,1328,1328,C
6-NA,609,0,1330,0,0,1330,T
6-NA,610,1335,0,0,0,1335,A
6-NA,611,0,0,1341,0,1341,G
6-NA,612,0,0,0,1357,1357,C
6-NA,613,0,1363,0,0,1363,T
6-NA,614,1,1364,0,1,1366,T
6-NA,615,0,0,0,1416,1416,C
6-NA,616,1429,0,0,0,1429,A
6-NA,617,0,1436,0,0,1436,T
6-NA,618,0,1442,0,0,1442,T
6-NA,619,0,1467,0,0,1467,T
6-NA,620,1488,0,0,0,1488,A
6-NA,621,0,0,0,1514,1514,C
6-NA,622,1510,0,0,0,1510,A
6-NA,623,1541,0,0,0,1541,A
6-NA,624,0,1545,0,0,1545,T
6-NA,625,0,1,1543,0,1544,G
6-NA,626,0,1,1535,0,1536,G
6-NA,627,0,0,1536,0,1536,G
6-NA,628,1523,0,3,0,1526,A
6-NA,629,0,0,1616,0,1616,G
6-NA,630,0,0,1636,0,1636,G
6-NA,631,0,0,0,1851,1851,C
6-NA,632,1,1882,0,1,1884,T
6-NA,633,0,1920,0,1,1921,T
6-NA,634,0,1,1951,0,1952,G
6-NA,635,0,1929,1,0,1930,T
6-NA,636,1996,0,2,0,1998,A
6-NA,637,0,0,2031,0,2031,G
6-NA,638,2022,0,1,0,2023,A
6-NA,639,1,2024,0,0,2025,T
6-NA,640,1953,0,0,0,1953,A
6-NA,641,0,0,1959,0,1959,G
6-NA,642,0,1933,0,0,1933,T
6-NA,643,0,1,1926,0,1927,G
6-NA,644,0,2077,0,0,2077,T
6-NA,645,0,2091,0,1,2092,T
6-NA,646,1,0,2133,0,2134,G
6-NA,647,0,2118,0,3,2121,T
6-NA,648,0,2136,0,2,2138,T
6-NA,649,1,2146,0,1,2148,T
6-NA,650,0,0,0,2133,2133,C
6-NA,651,2129,0,1,0,2130,A
6-NA,652,0,2119,0,0,2119,T
6-NA,653,1,0,2122,0,2123,G
6-NA,654,0,0,2301,0,2301,G
6-NA,655,0,2307,0,2,2309,T
6-NA,656,1,0,0,2306,2307,C
6-NA,657,2,0,0,2318,2320,C
6-NA,658,2330,0,0,0,2330,A
6-NA,659,2345,0,0,1,2346,A
6-NA,660,2350,0,0,0,2350,A
6-NA,661,1,1,2353,0,2355,G
6-NA,662,2353,0,0,0,2353,A
6-NA,663,2303,0,1,0,2304,A
6-NA,664,2319,0,1,0,2320,A
6-NA,665,0,2325,0,0,2325,T
6-NA,666,0,1,0,2430,2431,C
6-NA,667,1,0,0,2433,2434,C
6-NA,668,0,2422,0,1,2423,T
6-NA,669,0,0,0,2433,2433,C
6-NA,670,2431,0,1,1,2433,A
6-NA,671,0,0,2443,0,2443,G
6-NA,672,0,0,2429,0,2429,G
6-NA,673,2535,1,1,0,2537,A
6-NA,674,0,0,0,2534,2534,C
6-NA,675,0,1,0,2498,2499,C
6-NA,676,0,1,0,2528,2529,C
6-NA,677,2511,0,2,0,2513,A
6-NA,678,1,0,2535,0,2536,G
6-NA,679,0,1,2560,0,2561,G
6-NA,680,2538,0,1,0,2539,A
6-NA,681,0,0,2606,0,2606,G
6-NA,682,0,2553,0,0,2553,T
6-NA,683,1,0,0,2580,2581,C
6-NA,684,2576,0,3,0,2579,A
6-NA,685,0,0,2615,0,2615,G
6-NA,686,2599,1,2,0,2602,A
6-NA,687,2597,0,0,0,2597,A
6-NA,688,2,2596,0,1,2599,T
6-NA,689,0,0,2635,1,2636,G
6-NA,690,0,1,0,2646,2647,C
6-NA,691,0,0,2687,0,2687,G
6-NA,692,0,2664,0,1,2665,T
6-NA,693,0,2683,0,2,2685,T
6-NA,694,0,2674,0,1,2675,T
6-NA,695,0,0,2684,0,2684,G
6-NA,696,0,2686,0,1,2687,T
6-NA,697,2698,0,1,0,2699,A
6-NA,698,0,2696,0,1,2697,T
6-NA,699,0,1,0,2711,2712,C
6-NA,700,2726,0,0,0,2726,A
6-NA,701,2718,0,1,0,2719,A
6-NA,702,0,2733,1,0,2734,T
6-NA,703,1,0,2730,0,2731,G
6-NA,704,1,2,2729,0,2732,G
6-NA,705,2795,0,3,0,2798,A
6-NA,706,2802,0,1,0,2803,A
6-NA,707,0,0,0,2817,2817,C
6-NA,708,0,2859,0,0,2859,T
6-NA,709,0,2861,0,1,2862,T
6-NA,710,1,0,2965,0,2966,G
6-NA,711,0,2966,1,2,2969,T
6-NA,712,2961,0,1,1,2963,A
6-NA,713,0,0,0,3018,3018,C
6-NA,714,2986,0,1,0,2987,A
6-NA,715,0,2,3282,0,3284,G
6-NA,716,0,3253,0,1,3254,T
6-NA,717,3469,0,0,0,3469,A
6-NA,718,1,2,3481,0,3484,G
6-NA,719,0,3448,0,1,3449,T
6-NA,720,3454,0,0,0,3454,A
6-NA,721,3446,0,0,1,3447,A
6-NA,722,0,3467,0,0,3467,T
6-NA,723,0,1,3493,0,3494,G
6-NA,724,3450,0,1,0,3451,A
6-NA,725,0,0,0,3490,3490,C
6-NA,726,1,3438,0,1,3440,T
6-NA,727,0,0,3463,0,3463,G
6-NA,728,3428,0,2,0,3430,A
6-NA,729,0,3472,0,1,3473,T
6-NA,730,0,0,3473,0,3473,G
6-NA,731,2,1,3450,0,3453,G
6-NA,732,0,0,3480,0,3480,G
6-NA,733,3418,2,3,0,3423,A
6-NA,734,0,0,3434,0,3434,G
6-NA,735,0,3425,0,0,3425,T
6-NA,736,0,0,3458,0,3458,G
6-NA,737,0,0,0,3521,3521,C
6-NA,738,0,3511,0,3,3514,T
6-NA,739,0,3520,0,0,3520,T
6-NA,740,0,0,0,3525,3525,C
6-NA,741,3541,0,4,0,3545,A
6-NA,742,0,0,3563,0,3563,G
6-NA,743,1,1,3552,1,3555,G
6-NA,744,3535,0,2,0,3537,A
6-NA,745,3521,0,0,0,3521,A
6-NA,746,3490,0,2,0,3492,A
6-NA,747,3509,0,8,0,3517,A
6-NA,748,0,1,3531,0,3532,G
6-NA,749,0,0,0,3536,3536,C
6-NA,750,1,3532,0,2,3535,T
6-NA,751,0,0,3532,0,3532,G
6-NA,752,3515,0,3,0,3518,A
6-NA,753,2,3566,0,1,3569,T
6-NA,754,3583,0,1,0,3584,A
6-NA,755,0,0,0,3769,3769,C
6-NA,756,0,3766,0,0,3766,T
6-NA,757,3778,0,0,0,3778,A
6-NA,758,3782,0,0,0,3782,A
6-NA,759,3785,0,0,0,3785,A
6-NA,760,3866,1,0,0,3867,A
6-NA,761,0,3877,0,0,3877,T
6-NA,762,3859,1,0,0,3860,A
6-NA,763,0,12,0,3875,3887,C
6-NA,764,0,3820,0,1,3821,T
6-NA,765,3872,1,0,0,3873,A
6-NA,766,0,3856,0,1,3857,T
6-NA,767,0,4051,0,1,4052,T
6-NA,768,0,0,0,4056,4056,C
6-NA,769,4018,0,2,0,4020,A
6-NA,770,0,4034,0,0,4034,T
6-NA,771,0,4031,0,0,4031,T
6-NA,772,1,0,4050,0,4051,G
6-NA,773,3994,0,5,0,3999,A
6-NA,774,1,1,4011,0,4013,G
6-NA,775,0,1,3994,0,3995,G
6-NA,776,3881,0,3,1,3885,A
6-NA,777,0,3,3951,0,3954,G
6-NA,778,0,4,3941,0,3945,G
6-NA,779,0,0,3949,0,3949,G
6-NA,780,0,0,3947,0,3947,G
6-NA,781,3932,0,1,0,3933,A
6-NA,782,3967,0,1,0,3968,A
6-NA,783,3961,0,2,0,3963,A
6-NA,784,3953,0,0,0,3953,A
6-NA,785,0,3950,0,0,3950,T
6-NA,786,1,0,0,3962,3963,C
6-NA,787,0,0,4004,0,4004,G
6-NA,788,0,3984,0,0,3984,T
6-NA,789,0,3921,0,62,3983,T
6-NA,790,1,0,0,4006,4007,C
6-NA,791,3997,2,0,0,3999,A
6-NA,792,2,4292,0,2,4296,T
6-NA,793,4282,0,0,0,4282,A
6-NA,794,0,1,0,4305,4306,C
6-NA,795,1,4295,0,0,4296,T
6-NA,796,4325,0,1,0,4326,A
6-NA,797,0,0,4303,0,4303,G
6-NA,798,0,1,0,4304,4305,C
6-NA,799,4291,0,2,0,4293,A
6-NA,800,1,0,0,4330,4331,C
6-NA,801,4199,0,0,0,4199,A
6-NA,802,0,4260,0,0,4260,T
6-NA,803,1,4243,0,0,4244,T
6-NA,804,0,0,4570,0,4570,G
6-NA,805,0,4528,0,23,4551,T
6-NA,806,0,0,0,4553,4553,C
6-NA,807,4540,2,2,1,4545,A
6-NA,808,1,1,4551,0,4553,G
6-NA,809,0,3,4568,0,4571,G
6-NA,810,4535,2,0,0,4537,A
6-NA,811,4497,0,1,0,4498,A
6-NA,812,1,0,4539,0,4540,G
6-NA,813,0,4367,0,0,4367,T
6-NA,814,0,0,4394,0,4394,G
6-NA,815,0,1,0,4377,4378,C
6-NA,816,0,4418,0,0,4418,T
6-NA,817,1,1,0,4447,4449,C
6-NA,818,4449,1,1,0,4451,A
6-NA,819,2,0,4456,0,4458,G
6-NA,820,0,1,0,4456,4457,C
6-NA,821,4466,0,2,0,4468,A
6-NA,822,0,4468,0,0,4468,T
6-NA,823,1,0,4633,0,4634,G
6-NA,824,0,4610,0,1,4611,T
6-NA,825,1,0,0,4629,4630,C
6-NA,826,0,3,4620,1,4624,G
6-NA,827,4596,0,2,0,4598,A
6-NA,828,0,0,4593,0,4593,G
6-NA,829,0,0,4611,0,4611,G
6-NA,830,4559,0,5,0,4564,A
6-NA,831,0,0,4632,0,4632,G
6-NA,832,0,4541,0,1,4542,T
6-NA,833,0,0,4563,0,4563,G
6-NA,834,1,1,1,4650,4653,C
6-NA,835,2,4646,0,1,4649,T
6-NA,836,0,1,0,4676,4677,C
6-NA,837,1,0,0,4721,4722,C
6-NA,838,13,4706,0,3,4722,T
6-NA,839,1,0,4747,0,4748,G
6-NA,840,0,0,0,4702,4702,C
6-NA,841,0,4710,0,5,4715,T
6-NA,842,4762,0,0,0,4762,A
6-NA,843,0,4671,0,1,4672,T
6-NA,844,0,0,0,4701,4701,C
6-NA,845,2,1,0,4703,4706,C
6-NA,846,0,4700,0,2,4702,T
6-NA,847,2,0,0,4749,4751,C
6-NA,848,0,1,4756,0,4757,G
6-NA,849,4787,1,0,0,4788,A
6-NA,850,0,4791,0,3,4794,T
6-NA,851,4816,0,0,0,4816,A
6-NA,852,1,4814,0,0,4815,T
6-NA,853,0,0,1,4810,4811,C
6-NA,854,0,1,0,4825,4826,C
6-NA,855,0,4807,0,0,4807,T
6-NA,856,1,2,4823,0,4826,G
6-NA,857,1,0,4846,0,4847,G
6-NA,858,0,4892,0,4,4896,T
6-NA,859,0,0,4920,0,4920,G
6-NA,860,0,4905,0,3,4908,T
6-NA,861,0,0,0,4921,4921,C
6-NA,862,4913,0,2,0,4915,A
6-NA,863,0,0,4920,0,4920,G
6-NA,864,4902,0,1,0,4903,A
6-NA,865,0,4886,0,0,4886,T
6-NA,866,1,0,4895,0,4896,G
6-NA,867,0,4818,0,0,4818,T
6-NA,868,0,1,4846,0,4847,G
6-NA,869,0,4830,0,2,4832,T
6-NA,870,0,1,0,4866,4867,C
6-NA,871,0,4861,0,2,4863,T
6-NA,872,3,2,4861,0,4866,G
6-NA,873,0,0,0,4858,4858,C
6-NA,874,4859,0,2,0,4861,A
6-NA,875,3,0,4864,0,4867,G
6-NA,876,4752,0,1,1,4754,A
6-NA,877,0,0,4746,0,4746,G
6-NA,878,4735,0,1,0,4736,A
6-NA,879,0,0,0,4745,4745,C
6-NA,880,4759,1,1,0,4761,A
6-NA,881,4793,1,0,0,4794,A
6-NA,882,0,0,0,4797,4797,C
6-NA,883,0,4795,0,0,4795,T
6-NA,884,1,0,4808,0,4809,G
6-NA,885,1,2,4786,1,4790,G
6-NA,886,4775,0,6,0,4781,A
6-NA,887,4783,0,1,0,4784,A
6-NA,888,4676,0,1,0,4677,A
6-NA,889,0,0,4656,0,4656,G
6-NA,890,1,1,4606,0,4608,G
6-NA,891,4529,0,1,1,4531,A
6-NA,892,1,4626,0,0,4627,T
6-NA,893,1,0,0,4683,4684,C
6-NA,894,1,0,0,4804,4805,C
6-NA,895,4818,2,0,1,4821,A
6-NA,896,4825,0,1,1,4827,A
6-NA,897,0,4804,0,0,4804,T
6-NA,898,4712,0,0,0,4712,A
6-NA,899,1,1,4680,0,4682,G
6-NA,900,2,0,4649,0,4651,G
6-NA,901,0,0,0,4654,4654,C
6-NA,902,1,1,0,4611,4613,C
6-NA,903,3,1,0,4512,4516,C
6-NA,904,4555,0,1,0,4556,A
6-NA,905,1,4577,0,2,4580,T
6-NA,906,2,1,0,4633,4636,C
6-NA,907,0,1,4661,0,4662,G
6-NA,908,0,4615,0,0,4615,T
6-NA,909,4512,0,3,0,4515,A
6-NA,910,33,0,4592,0,4625,G
6-NA,911,4601,3,1,0,4605,A
6-NA,912,1,4640,0,1,4642,T
6-NA,913,4545,0,0,0,4545,A
6-NA,914,1,4485,0,1,4487,T
6-NA,915,4468,0,0,1,4469,A
6-NA,916,4452,1,0,0,4453,A
6-NA,917,4522,2,1,2,4527,A
6-NA,918,1,0,0,4605,4606,C
6-NA,919,4541,0,1,0,4542,A
6-NA,920,0,4516,0,0,4516,T
6-NA,921,4491,0,0,1,4492,A
6-NA,922,4499,0,0,0,4499,A
6-NA,923,4514,0,1,0,4515,A
6-NA,924,0,1,4541,0,4542,G
6-NA,925,0,1,4588,0,4589,G
6-NA,926,4454,0,2,0,4456,A
6-NA,927,1,4478,0,1,4480,T
6-NA,928,1,1,0,4510,4512,C
6-NA,929,4523,2,17,0,4542,A
6-NA,930,0,4553,0,1,4554,T
6-NA,931,4556,0,2,1,4559,A
6-NA,932,0,0,4576,0,4576,G
6-NA,933,0,0,0,4513,4513,C
6-NA,934,4426,2,0,0,4428,A
6-NA,935,0,4260,0,1,4261,T
6-NA,936,0,4280,0,0,4280,T
6-NA,937,0,0,4271,0,4271,G
6-NA,938,0,4245,0,5,4250,T
6-NA,939,0,2,0,4210,4212,C
6-NA,940,1,4460,0,3,4464,T
6-NA,941,3,0,0,4522,4525,C
6-NA,942,2,1,0,4578,4581,C
6-NA,943,4651,0,0,0,4651,A
6-NA,944,0,0,4708,0,4708,G
6-NA,945,1,4678,0,2,4681,T
6-NA,946,0,4501,0,0,4501,T
6-NA,947,4505,0,0,0,4505,A
6-NA,948,0,4357,0,1,4358,T
6-NA,949,0,1,4387,0,4388,G
6-NA,950,1,4329,0,5,4335,T
6-NA,951,0,0,4373,0,4373,G
6-NA,952,0,4240,0,3,4243,T
6-NA,953,1,1,4357,0,4359,G
6-NA,954,0,4342,0,4,4346,T
6-NA,955,1,4334,0,3,4338,T
6-NA,956,3,0,0,4334,4337,C
6-NA,957,4306,0,3,0,4309,A
6-NA,958,0,0,4332,0,4332,G
6-NA,959,0,1,4293,0,4294,G
6-NA,960,4243,0,0,0,4243,A
6-NA,961,1,0,0,4277,4278,C
6-NA,962,0,4179,0,0,4179,T
6-NA,963,0,4203,0,0,4203,T
6-NA,964,0,0,4358,0,4358,G
6-NA,965,0,4349,0,2,4351,T
6-NA,966,0,4374,0,1,4375,T
6-NA,967,1,1,4356,0,4358,G
6-NA,968,0,0,4342,0,4342,G
6-NA,969,4303,0,4,0,4307,A
6-NA,970,0,1,4346,0,4347,G
6-NA,971,4340,0,5,1,4346,A
6-NA,972,0,1,0,4308,4309,C
6-NA,973,4153,0,3,0,4156,A
6-NA,974,0,0,0,4151,4151,C
6-NA,975,4141,0,8,0,4149,A
6-NA,976,1,1,0,4166,4168,C
6-NA,977,2,0,0,4124,4126,C
6-NA,978,0,0,0,4138,4138,C
6-NA,979,4164,0,1,0,4165,A
6-NA,980,0,1,4170,0,4171,G
6-NA,981,4143,1,4,0,4148,A
6-NA,982,4174,0,1,0,4175,A
6-NA,983,4151,0,1,0,4152,A
6-NA,984,4130,0,0,0,4130,A
6-NA,985,4088,0,2,0,4090,A
6-NA,986,4106,0,0,0,4106,A
6-NA,987,0,0,0,4129,4129,C
6-NA,988,0,2,4115,0,4117,G
6-NA,989,4105,0,0,0,4105,A
6-NA,990,0,0,0,4091,4091,C
6-NA,991,4091,0,3,0,4094,A
6-NA,992,1,0,4139,0,4140,G
6-NA,993,0,0,0,4282,4282,C
6-NA,994,0,4220,0,3,4223,T
6-NA,995,2,0,0,4277,4279,C
6-NA,996,0,0,0,4316,4316,C
6-NA,997,4326,0,7,0,4333,A
6-NA,998,1,0,4358,0,4359,G
6-NA,999,0,0,0,4354,4354,C
6-NA,1000,4334,0,0,0,4334,A
6-NA,1001,0,1,4374,0,4375,G
6-NA,1002,1,4140,0,1,4142,T
6-NA,1003,4160,0,2,0,4162,A
6-NA,1004,1,0,4167,0,4168,G
6-NA,1005,0,1,0,4152,4153,C
6-NA,1006,0,0,0,4164,4164,C
6-NA,1007,4138,0,1,0,4139,A
6-NA,1008,0,4137,0,0,4137,T
6-NA,1009,0,4160,0,1,4161,T
6-NA,1010,2,0,4280,0,4282,G
6-NA,1011,0,4240,0,2,4242,T
6-NA,1012,0,4230,0,0,4230,T
6-NA,1013,0,4233,0,2,4235,T
6-NA,1014,0,3,4196,0,4199,G
6-NA,1015,0,4,4229,0,4233,G
6-NA,1016,4183,0,0,1,4184,A
6-NA,1017,0,4282,1,1,4284,T
6-NA,1018,0,0,0,4302,4302,C
6-NA,1019,4,0,0,4258,4262,C
6-NA,1020,0,4263,0,2,4265,T
6-NA,1021,4269,0,3,0,4272,A
6-NA,1022,4298,1,3,0,4302,A
6-NA,1023,0,0,0,4357,4357,C
6-NA,1024,4256,0,0,0,4256,A
6-NA,1025,4275,0,0,0,4275,A
6-NA,1026,0,4252,0,0,4252,T
6-NA,1027,0,0,4242,0,4242,G
6-NA,1028,4182,1,7,0,4190,A
6-NA,1029,1,1,4077,0,4079,G
6-NA,1030,0,0,4155,0,4155,G
6-NA,1031,4117,0,1,0,4118,A
6-NA,1032,4127,0,2,0,4129,A
6-NA,1033,0,1,4173,0,4174,G
6-NA,1034,0,0,4177,0,4177,G
6-NA,1035,0,4015,0,3,4018,T
6-NA,1036,2,2,4141,0,4145,G
6-NA,1037,1,1,4252,0,4254,G
6-NA,1038,1,4116,1,3,4121,T
6-NA,1039,1,0,0,4175,4176,C
6-NA,1040,4170,0,0,0,4170,A
6-NA,1041,0,4184,0,4,4188,T
6-NA,1042,2,3,4184,0,4189,G
6-NA,1043,0,2,4178,0,4180,G
6-NA,1044,2,0,4027,0,4029,G
6-NA,1045,0,0,4235,0,4235,G
6-NA,1046,0,4187,0,5,4192,T
6-NA,1047,0,2,4238,0,4240,G
6-NA,1048,4168,0,2,0,4170,A
6-NA,1049,4202,1,1,0,4204,A
6-NA,1050,4232,0,3,1,4236,A
6-NA,1051,0,0,4251,0,4251,G
6-NA,1052,0,1,4204,0,4205,G
6-NA,1053,1,0,0,4178,4179,C
6-NA,1054,0,4080,0,0,4080,T
6-NA,1055,0,1,4079,0,4080,G
6-NA,1056,0,0,4079,0,4079,G
6-NA,1057,5,0,4117,0,4122,G
6-NA,1058,0,2,0,4070,4072,C
6-NA,1059,1,1,0,4130,4132,C
6-NA,1060,1,4064,0,6,4071,T
6-NA,1061,0,4100,0,1,4101,T
6-NA,1062,0,4141,1,0,4142,T
6-NA,1063,1,0,4160,0,4161,G
6-NA,1064,4139,0,4,0,4143,A
6-NA,1065,0,4120,0,0,4120,T
6-NA,1066,0,1,4051,0,4052,G
6-NA,1067,3978,1,0,0,3979,A
6-NA,1068,0,4008,0,0,4008,T
6-NA,1069,1,3,4021,0,4025,G
6-NA,1070,0,0,4082,0,4082,G
6-NA,1071,4023,0,0,1,4024,A
6-NA,1072,4042,0,1,0,4043,A
6-NA,1073,4066,0,0,0,4066,A
6-NA,1074,0,4026,0,0,4026,T
6-NA,1075,1,1,4096,0,4098,G
6-NA,1076,4041,0,4,0,4045,A
6-NA,1077,1,1,0,4074,4076,C
6-NA,1078,0,0,4098,0,4098,G
6-NA,1079,0,3956,0,0,3956,T
6-NA,1080,0,0,4050,0,4050,G
6-NA,1081,0,4009,0,0,4009,T
6-NA,1082,0,2,4032,0,4034,G
6-NA,1083,0,1,4076,0,4077,G
6-NA,1084,4004,0,3,0,4007,A
6-NA,1085,0,4017,0,1,4018,T
6-NA,1086,1,1,4072,0,4074,G
6-NA,1087,0,2,4042,0,4044,G
6-NA,1088,1,1,4087,0,4089,G
6-NA,1089,4025,0,1,0,4026,A
6-NA,1090,4042,0,1,0,4043,A
6-NA,1091,1,0,4037,0,4038,G
6-NA,1092,3992,0,1,0,3993,A
6-NA,1093,3984,0,0,0,3984,A
6-NA,1094,0,9,0,3976,3985,C
6-NA,1095,0,1,3972,0,3973,G
6-NA,1096,3955,1,1,0,3957,A
6-NA,1097,0,3847,0,1,3848,T
6-NA,1098,0,0,0,3902,3902,C
6-NA,1099,3890,0,3,0,3893,A
6-NA,1100,0,0,3931,0,3931,G
6-NA,1101,0,2,0,3912,3914,C
6-NA,1102,0,0,3942,0,3942,G
6-NA,1103,3874,0,1,0,3875,A
6-NA,1104,0,0,3909,0,3909,G
6-NA,1105,3866,0,0,0,3866,A
6-NA,1106,3903,0,1,0,3904,A
6-NA,1107,0,0,3929,0,3929,G
6-NA,1108,0,3847,0,2,3849,T
6-NA,1109,1,0,0,3868,3869,C
6-NA,1110,3857,0,1,0,3858,A
6-NA,1111,1,3,0,3957,3961,C
6-NA,1112,0,0,3990,0,3990,G
6-NA,1113,0,0,0,3970,3970,C
6-NA,1114,1,3959,1,0,3961,T
6-NA,1115,0,3997,0,0,3997,T
6-NA,1116,3958,1,0,0,3959,A
6-NA,1117,0,2,4159,0,4161,G
6-NA,1118,1,3,4141,0,4145,G
6-NA,1119,2,0,4229,0,4231,G
6-NA,1120,1,3936,0,2,3939,T
6-NA,1121,4007,0,1,0,4008,A
6-NA,1122,0,3976,0,0,3976,T
6-NA,1123,0,1,3997,0,3998,G
6-NA,1124,3997,0,0,1,3998,A
6-NA,1125,3983,0,0,1,3984,A
6-NA,1126,3753,0,2,0,3755,A
6-NA,1127,0,0,0,3801,3801,C
6-NA,1128,1,0,0,3736,3737,C
6-NA,1129,0,3702,0,2,3704,T
6-NA,1130,0,3673,0,1,3674,T
6-NA,1131,0,2,0,3715,3717,C
6-NA,1132,3750,0,0,0,3750,A
6-NA,1133,3744,0,0,1,3745,A
6-NA,1134,3728,1,0,0,3729,A
6-NA,1135,0,0,3743,0,3743,G
6-NA,1136,1,3632,0,10,3643,T
6-NA,1137,0,1,1,3697,3699,C
6-NA,1138,3802,1,1,1,3805,A
6-NA,1139,0,3799,0,1,3800,T
6-NA,1140,0,3809,0,1,3810,T
6-NA,1141,0,1,3815,0,3816,G
6-NA,1142,3789,0,0,1,3790,A
6-NA,1143,3809,0,1,0,3810,A
6-NA,1144,0,2,4105,0,4107,G
6-NA,1145,0,0,4102,0,4102,G
6-NA,1146,0,0,0,4109,4109,C
6-NA,1147,0,4005,0,1,4006,T
6-NA,1148,0,0,4053,0,4053,G
6-NA,1149,0,0,4124,0,4124,G
6-NA,1150,0,4073,0,3,4076,T
6-NA,1151,2,1,0,4057,4060,C
6-NA,1152,1,1,1,4061,4064,C
6-NA,1153,4076,0,11,1,4088,A
6-NA,1154,4084,0,1,0,4085,A
6-NA,1155,0,1,1,4109,4111,C
6-NA,1156,1,1,1,4092,4095,C
6-NA,1157,2,0,1,4115,4118,C
6-NA,1158,0,4000,0,4,4004,T
6-NA,1159,4001,0,0,1,4002,A
6-NA,1160,4000,0,1,1,4002,A
6-NA,1161,0,0,4027,0,4027,G
6-NA,1162,0,3974,0,8,3982,T
6-NA,1163,0,0,0,3987,3987,C
6-NA,1164,3,0,0,3955,3958,C
6-NA,1165,3976,0,0,0,3976,A
6-NA,1166,3964,1,0,0,3965,A
6-NA,1167,3976,0,0,0,3976,A
6-NA,1168,1,3949,0,0,3950,T
6-NA,1169,0,3972,0,0,3972,T
6-NA,1170,0,0,3957,0,3957,G
6-NA,1171,0,2,0,3925,3927,C
6-NA,1172,3923,1,2,0,3926,A
6-NA,1173,0,0,3948,0,3948,G
6-NA,1174,3959,0,1,0,3960,A
6-NA,1175,0,4017,0,1,4018,T
6-NA,1176,4020,0,0,0,4020,A
6-NA,1177,4015,1,0,1,4017,A
6-NA,1178,4005,1,0,0,4006,A
6-NA,1179,0,3978,0,0,3978,T
6-NA,1180,3994,1,2,0,3997,A
6-NA,1181,1,2,3974,0,3977,G
6-NA,1182,2,0,3941,0,3943,G
6-NA,1183,0,0,0,3936,3936,C
6-NA,1184,3862,0,2,0,3864,A
6-NA,1185,3921,0,1,0,3922,A
6-NA,1186,1,0,3977,0,3978,G
6-NA,1187,0,3968,0,3,3971,T
6-NA,1188,1,1,0,3975,3977,C
6-NA,1189,3997,0,1,1,3999,A
6-NA,1190,1,3972,0,0,3973,T
6-NA,1191,4022,0,7,0,4029,A
6-NA,1192,2,0,4045,0,4047,G
6-NA,1193,1,4041,0,1,4043,T
6-NA,1194,0,3918,1,2,3921,T
6-NA,1195,0,1,3866,0,3867,G
6-NA,1196,3851,0,3,0,3854,A
6-NA,1197,0,1,0,3830,3831,C
6-NA,1198,3789,1,1,0,3791,A
6-NA,1199,0,0,3862,0,3862,G
6-NA,1200,3820,0,2,0,3822,A
6-NA,1201,0,0,3964,0,3964,G
6-NA,1202,1,1,3960,0,3962,G
6-NA,1203,1,3934,0,1,3936,T
6-NA,1204,3970,0,0,0,3970,A
6-NA,1205,3947,2,2,0,3951,A
6-NA,1206,1,3937,0,2,3940,T
6-NA,1207,3932,0,2,0,3934,A
6-NA,1208,0,1,3905,0,3906,G
6-NA,1209,1,0,3844,0,3845,G
6-NA,1210,0,3629,0,4,3633,T
6-NA,1211,0,0,0,3620,3620,C
6-NA,1212,1,5,0,3661,3667,C
6-NA,1213,0,1,3688,0,3689,G
6-NA,1214,1,0,3705,0,3706,G
6-NA,1215,0,3686,0,2,3688,T
6-NA,1216,0,3692,1,0,3693,T
6-NA,1217,3669,0,0,0,3669,A
6-NA,1218,0,3628,0,0,3628,T
6-NA,1219,0,3642,0,1,3643,T
6-NA,1220,0,0,0,3636,3636,C
6-NA,1221,1,3586,1,3,3591,T
6-NA,1222,0,0,3616,0,3616,G
6-NA,1223,0,1,3636,0,3637,G
6-NA,1224,0,3627,0,0,3627,T
6-NA,1225,3637,0,2,0,3639,A
6-NA,1226,0,3563,0,1,3564,T
6-NA,1227,0,3610,1,1,3612,T
6-NA,1228,0,3589,0,0,3589,T
6-NA,1229,1,3599,1,0,3601,T
6-NA,1230,2,0,0,3617,3619,C
6-NA,1231,1,3535,0,4,3540,T
6-NA,1232,1,1,0,3589,3591,C
6-NA,1233,0,3576,0,0,3576,T
6-NA,1234,1,1,3719,0,3721,G
6-NA,1235,0,3714,0,2,3716,T
6-NA,1236,0,3680,0,0,3680,T
6-NA,1237,0,0,3693,0,3693,G
6-NA,1238,3666,0,1,0,3667,A
6-NA,1239,3660,0,10,0,3670,A
6-NA,1240,1,0,3676,0,3677,G
6-NA,1241,2,1,3663,0,3666,G
6-NA,1242,0,2,0,3655,3657,C
6-NA,1243,3611,0,1,0,3612,A
6-NA,1244,3615,0,2,0,3617,A
6-NA,1245,3623,0,1,0,3624,A
6-NA,1246,3631,0,5,0,3636,A
6-NA,1247,0,1,3614,0,3615,G
6-NA,1248,1,1,0,3587,3589,C
6-NA,1249,0,3531,0,4,3535,T
6-NA,1250,0,0,3631,0,3631,G
6-NA,1251,0,0,0,3613,3613,C
6-NA,1252,3632,0,1,0,3633,A
6-NA,1253,0,3580,0,0,3580,T
6-NA,1254,1,0,0,3583,3584,C
6-NA,1255,3591,0,1,0,3592,A
6-NA,1256,3594,0,0,0,3594,A
6-NA,1257,0,3549,0,0,3549,T
6-NA,1258,0,0,0,3593,3593,C
6-NA,1259,1,0,3553,0,3554,G
6-NA,1260,0,0,3599,0,3599,G
6-NA,1261,0,3584,0,3,3587,T
6-NA,1262,0,1,3596,0,3597,G
6-NA,1263,1,0,0,3594,3595,C
6-NA,1264,0,3593,0,7,3600,T
6-NA,1265,0,3642,0,2,3644,T
6-NA,1266,0,3653,0,1,3654,T
6-NA,1267,0,3670,0,1,3671,T
6-NA,1268,3682,0,1,0,3683,A
6-NA,1269,0,3539,0,2,3541,T
6-NA,1270,0,0,3552,0,3552,G
6-NA,1271,1,3491,1,4,3497,T
6-NA,1272,0,2,3460,1,3463,G
6-NA,1273,2,0,3494,0,3496,G
6-NA,1274,3415,0,0,0,3415,A
6-NA,1275,0,0,3447,0,3447,G
6-NA,1276,0,3430,0,2,3432,T
6-NA,1277,0,3397,1,4,3402,T
6-NA,1278,0,0,3425,0,3425,G
6-NA,1279,3421,0,0,0,3421,A
6-NA,1280,0,3417,0,0,3417,T
6-NA,1281,3410,0,2,0,3412,A
6-NA,1282,3294,0,0,0,3294,A
6-NA,1283,0,0,3315,0,3315,G
6-NA,1284,0,2,3239,0,3241,G
6-NA,1285,0,2,3218,0,3220,G
6-NA,1286,1,0,3203,0,3204,G
6-NA,1287,3155,0,1,0,3156,A
6-NA,1288,3152,0,3,0,3155,A
6-NA,1289,0,0,3187,0,3187,G
6-NA,1290,3173,0,0,0,3173,A
6-NA,1291,3169,0,0,0,3169,A
6-NA,1292,3119,0,2,0,3121,A
6-NA,1293,3080,0,3,0,3083,A
6-NA,1294,0,2,3081,1,3084,G
6-NA,1295,3050,0,2,0,3052,A
6-NA,1296,0,0,3051,0,3051,G
6-NA,1297,1,1,3041,0,3043,G
6-NA,1298,3016,0,0,0,3016,A
6-NA,1299,3010,0,1,0,3011,A
6-NA,1300,2996,2,1,0,2999,A
6-NA,1301,0,0,0,3021,3021,C
6-NA,1302,0,2999,0,1,3000,T
6-NA,1303,0,0,3020,0,3020,G
6-NA,1304,3014,0,0,0,3014,A
6-NA,1305,3011,0,2,0,3013,A
6-NA,1306,0,0,3028,0,3028,G
6-NA,1307,2,2972,0,2,2976,T
6-NA,1308,1,0,0,3031,3032,C
6-NA,1309,0,3021,0,1,3022,T
6-NA,1310,0,3001,0,1,3002,T
6-NA,1311,0,0,3015,0,3015,G
6-NA,1312,0,2985,0,3,2988,T
6-NA,1313,0,0,2986,0,2986,G
6-NA,1314,0,0,2971,0,2971,G
6-NA,1315,2904,0,0,0,2904,A
6-NA,1316,0,0,0,2918,2918,C
6-NA,1317,1,0,0,2855,2856,C
6-NA,1318,0,2876,1,3,2880,T
6-NA,1319,1,2,0,2885,2888,C
6-NA,1320,2912,0,0,0,2912,A
6-NA,1321,2907,0,0,0,2907,A
6-NA,1322,2899,0,2,0,2901,A
6-NA,1323,0,0,0,2922,2922,C
6-NA,1324,2847,0,0,0,2847,A
6-NA,1325,1,0,2871,0,2872,G
6-NA,1326,0,2828,0,0,2828,T
6-NA,1327,2825,0,0,0,2825,A
6-NA,1328,0,2817,0,0,2817,T
6-NA,1329,0,2771,0,1,2772,T
6-NA,1330,0,0,2803,0,2803,G
6-NA,1331,0,2784,1,0,2785,T
6-NA,1332,0,2674,0,0,2674,T
6-NA,1333,0,0,2681,0,2681,G
6-NA,1334,0,2534,0,0,2534,T
6-NA,1335,0,0,2551,0,2551,G
6-NA,1336,0,2531,1,1,2533,T
6-NA,1337,0,2497,0,0,2497,T
6-NA,1338,0,2489,0,0,2489,T
6-NA,1339,0,2410,1,0,2411,T
6-NA,1340,1,1,2429,1,2432,G
6-NA,1341,1,2434,0,0,2435,T
6-NA,1342,0,1,2417,0,2418,G
6-NA,1343,0,0,2399,0,2399,G
6-NA,1344,0,1,0,2360,2361,C
6-NA,1345,2332,0,2,0,2334,A
6-NA,1346,0,0,0,2379,2379,C
6-NA,1347,0,1,0,2383,2384,C
6-NA,1348,0,2381,0,0,2381,T
6-NA,1349,0,1,0,2388,2389,C
6-NA,1350,2403,0,1,0,2404,A
6-NA,1351,0,0,2422,0,2422,G
6-NA,1352,0,0,2414,0,2414,G
6-NA,1353,0,2393,0,0,2393,T
6-NA,1354,2377,0,1,0,2378,A
6-NA,1355,0,1,0,2229,2230,C
6-NA,1356,2196,0,0,0,2196,A
6-NA,1357,0,2188,0,1,2189,T
6-NA,1358,2130,0,0,0,2130,A
6-NA,1359,0,2125,0,0,2125,T
6-NA,1360,0,0,1989,0,1989,G
6-NA,1361,0,0,1991,0,1991,G
6-NA,1362,1965,0,1,0,1966,A
6-NA,1363,1934,0,1,0,1935,A
6-NA,1364,0,1,0,1915,1916,C
6-NA,1365,1623,0,0,0,1623,A
6-NA,1366,0,0,1620,0,1620,G
6-NA,1367,0,0,1602,0,1602,G
6-NA,1368,0,0,0,1595,1595,C
6-NA,1369,0,1595,0,1,1596,T
6-NA,1370,1,0,1,1507,1509,C
6-NA,1371,1497,0,0,0,1497,A
6-NA,1372,0,1506,0,0,1506,T
6-NA,1373,0,0,1506,0,1506,G
6-NA,1374,0,0,1491,0,1491,G
6-NA,1375,0,0,0,1431,1431,C
6-NA,1376,0,0,0,1424,1424,C
6-NA,1377,0,1345,0,0,1345,T
6-NA,1378,0,0,1344,0,1344,G
6-NA,1379,1341,0,0,0,1341,A
6-NA,1380,0,1349,0,0,1349,T
6-NA,1381,0,0,1320,0,1320,G
6-NA,1382,1,2,1293,0,1296,G
6-NA,1383,0,0,1211,0,1211,G
6-NA,1384,1,1,1205,0,1207,G
6-NA,1385,1,0,0,1168,1169,C
6-NA,1386,0,1,1179,0,1180,G
6-NA,1387,0,0,1175,0,1175,G
6-NA,1388,1152,0,0,0,1152,A
6-NA,1389,0,0,0,1142,1142,C
6-NA,1390,1145,0,0,0,1145,A
6-NA,1391,0,1119,1,3,1123,T
6-NA,1392,0,1,0,1116,1117,C
6-NA,1393,1118,0,2,0,1120,A
6-NA,1394,1120,0,0,0,1120,A
6-NA,1395,0,1105,0,0,1105,T
6-NA,1396,2,0,0,1072,1074,C
6-NA,1397,0,1043,0,0,1043,T
6-NA,1398,0,0,0,902,902,C
6-NA,1399,888,0,2,0,890,A
6-NA,1400,0,889,0,0,889,T
6-NA,1401,0,0,890,0,890,G
6-NA,1402,0,2,0,872,874,C
6-NA,1403,0,0,0,852,852,C
6-NA,1404,0,780,0,1,781,T
6-NA,1405,771,0,0,0,771,A
6-NA,1406,0,771,0,0,771,T
6-NA,1407,763,0,0,0,763,A
6-NA,1408,0,748,0,0,748,T
6-NA,1409,672,0,0,0,672,A
6-NA,1410,638,0,0,0,638,A
7-M,1,20,0,0,0,20,A
7-M,2,0,21,0,0,21,T
7-M,3,0,0,21,0,21,G
7-M,4,21,0,0,0,21,A
7-M,5,0,0,23,0,23,G
7-M,6,0,0,0,24,24,C
7-M,7,0,0,0,25,25,C
7-M,8,0,36,0,0,36,T
7-M,9,0,38,0,0,38,T
7-M,10,0,0,0,38,38,C
7-M,11,0,38,0,0,38,T
7-M,12,38,0,0,0,38,A
7-M,13,38,0,0,0,38,A
7-M,14,0,0,0,38,38,C
7-M,15,0,0,0,38,38,C
7-M,16,0,0,38,0,38,G
7-M,17,36,0,0,0,36,A
7-M,18,0,0,39,0,39,G
7-M,19,0,0,39,0,39,G
7-M,20,0,40,0,0,40,T
7-M,21,0,0,0,40,40,C
7-M,22,0,0,40,0,40,G
7-M,23,39,0,0,0,39,A
7-M,24,41,0,0,0,41,A
7-M,25,41,0,0,0,41,A
7-M,26,0,0,0,44,44,C
7-M,27,0,0,45,0,45,G
7-M,28,0,44,0,0,44,T
7-M,29,45,0,0,0,45,A
7-M,30,0,45,0,0,45,T
7-M,31,0,0,45,0,45,G
7-M,32,0,44,0,0,44,T
7-M,33,0,49,0,0,49,T
7-M,34,0,0,0,50,50,C
7-M,35,0,49,0,0,49,T
7-M,36,0,0,0,52,52,C
7-M,37,0,53,0,0,53,T
7-M,38,0,0,0,55,55,C
7-M,39,0,56,0,0,56,T
7-M,40,56,0,0,0,56,A
7-M,41,0,55,0,0,55,T
7-M,42,0,0,0,56,56,C
7-M,43,0,0,56,0,56,G
7-M,44,0,57,0,0,57,T
7-M,45,0,57,0,0,57,T
7-M,46,0,0,0,57,57,C
7-M,47,0,0,0,62,62,C
7-M,48,63,0,0,0,63,A
7-M,49,0,64,0,0,64,T
7-M,50,0,0,0,64,64,C
7-M,51,64,0,0,0,64,A
7-M,52,0,0,63,0,63,G
7-M,53,0,0,60,0,60,G
7-M,54,0,0,0,61,61,C
7-M,55,0,0,0,61,61,C
7-M,56,1,0,0,62,63,C
7-M,57,0,0,0,66,66,C
7-M,58,0,0,0,65,65,C
7-M,59,0,66,0,0,66,T
7-M,60,0,0,0,68,68,C
7-M,61,68,0,0,0,68,A
7-M,62,69,0,0,0,69,A
7-M,63,72,0,0,0,72,A
7-M,64,0,0,73,0,73,G
7-M,65,0,0,0,72,72,C
7-M,66,0,0,0,72,72,C
7-M,67,0,0,72,0,72,G
7-M,68,72,0,0,0,72,A
7-M,69,0,0,73,0,73,G
7-M,70,71,1,0,0,72,A
7-M,71,0,72,0,0,72,T
7-M,72,0,0,0,73,73,C
7-M,73,0,0,73,0,73,G
7-M,74,0,0,0,72,72,C
7-M,75,0,0,72,0,72,G
7-M,76,0,0,0,73,73,C
7-M,77,71,0,0,0,71,A
7-M,78,0,0,72,0,72,G
7-M,79,71,0,0,0,71,A
7-M,80,0,0,77,0,77,G
7-M,81,75,0,0,0,75,A
7-M,82,0,0,0,78,78,C
7-M,83,0,78,0,0,78,T
7-M,84,0,78,0,0,78,T
7-M,85,0,0,77,0,77,G
7-M,86,75,0,0,0,75,A
7-M,87,76,0,0,0,76,A
7-M,88,0,0,74,0,74,G
7-M,89,74,0,0,0,74,A
7-M,90,0,74,0,0,74,T
7-M,91,0,0,75,0,75,G
7-M,92,0,71,0,0,71,T
7-M,93,0,0,0,75,75,C
7-M,94,0,74,0,0,74,T
7-M,95,0,75,0,0,75,T
7-M,96,0,73,0,0,73,T
7-M,97,0,0,74,0,74,G
7-M,98,0,0,0,75,75,C
7-M,99,0,74,0,0,74,T
7-M,100,0,0,74,0,74,G
7-M,101,0,0,76,0,76,G
7-M,102,0,0,74,0,74,G
7-M,103,70,0,0,0,70,A
7-M,104,76,0,0,0,76,A
7-M,105,76,0,0,0,76,A
7-M,106,76,0,0,0,76,A
7-M,107,76,0,0,0,76,A
7-M,108,0,0,0,78,78,C
7-M,109,77,0,0,0,77,A
7-M,110,0,0,0,78,78,C
7-M,111,76,0,0,0,76,A
7-M,112,0,0,77,0,77,G
7-M,113,74,0,0,0,74,A
7-M,114,0,77,0,0,77,T
7-M,115,0,0,0,77,77,C
7-M,116,0,77,0,0,77,T
7-M,117,0,75,0,0,75,T
7-M,118,0,0,77,0,77,G
7-M,119,76,0,0,0,76,A
7-M,120,0,0,78,0,78,G
7-M,121,0,0,77,0,77,G
7-M,122,0,0,0,80,80,C
7-M,123,0,81,0,0,81,T
7-M,124,0,0,0,88,88,C
7-M,125,0,86,0,0,86,T
7-M,126,0,0,0,85,85,C
7-M,127,86,0,0,0,86,A
7-M,128,0,86,0,0,86,T
7-M,129,0,0,87,0,87,G
7-M,130,0,0,87,0,87,G
7-M,131,85,0,0,0,85,A
7-M,132,84,0,1,0,85,A
7-M,133,0,78,0,0,78,T
7-M,134,0,0,81,0,81,G
7-M,135,0,0,85,0,85,G
7-M,136,0,0,0,85,85,C
7-M,137,0,86,0,0,86,T
7-M,138,86,0,0,0,86,A
7-M,139,85,0,0,0,85,A
7-M,140,88,0,0,0,88,A
7-M,141,0,0,88,0,88,G
7-M,142,86,0,0,0,86,A
7-M,143,0,0,0,87,87,C
7-M,144,85,0,0,0,85,A
7-M,145,84,0,0,0,84,A
7-M,146,0,0,88,0,88,G
7-M,147,88,0,0,0,88,A
7-M,148,0,0,0,89,89,C
7-M,149,0,0,0,87,87,C
7-M,150,87,0,0,0,87,A
7-M,151,87,0,0,0,87,A
7-M,152,0,86,0,0,86,T
7-M,153,0,87,0,0,87,T
7-M,154,0,0,0,89,89,C
7-M,155,0,88,0,0,88,T
7-M,156,0,0,88,0,88,G
7-M,157,0,87,0,0,87,T
7-M,158,0,0,0,87,87,C
7-M,159,86,0,0,0,86,A
7-M,160,0,0,0,89,89,C
7-M,161,0,0,0,87,87,C
7-M,162,0,88,0,1,89,T
7-M,163,0,0,0,88,88,C
7-M,164,0,90,0,0,90,T
7-M,165,0,0,90,0,90,G
7-M,166,90,0,0,0,90,A
7-M,167,0,0,0,89,89,C
7-M,168,0,91,0,0,91,T
7-M,169,89,0,0,0,89,A
7-M,170,87,0,0,0,87,A
7-M,171,0,0,89,0,89,G
7-M,172,0,1,88,0,89,G
7-M,173,0,0,90,0,90,G
7-M,174,0,0,86,0,86,G
7-M,175,85,0,0,0,85,A
7-M,176,0,88,0,0,88,T
7-M,177,0,86,0,0,86,T
7-M,178,0,88,0,0,88,T
7-M,179,0,87,0,0,87,T
7-M,180,0,0,87,0,87,G
7-M,181,0,0,87,0,87,G
7-M,182,0,0,88,0,88,G
7-M,183,0,0,87,0,87,G
7-M,184,0,83,0,0,83,T
7-M,185,0,82,0,0,82,T
7-M,186,0,81,0,0,81,T
7-M,187,0,0,83,0,83,G
7-M,188,0,84,0,0,84,T
7-M,189,0,0,85,0,85,G
7-M,190,0,84,0,0,84,T
7-M,191,0,83,0,0,83,T
7-M,192,0,0,0,84,84,C
7-M,193,84,0,0,0,84,A
7-M,194,0,0,0,89,89,C
7-M,195,0,0,88,0,88,G
7-M,196,0,0,0,87,87,C
7-M,197,0,86,0,0,86,T
7-M,198,0,0,0,89,89,C
7-M,199,91,0,0,0,91,A
7-M,200,0,0,0,91,91,C
7-M,201,0,1,0,90,91,C
7-M,202,0,0,92,0,92,G
7-M,203,0,93,1,0,94,T
7-M,204,0,0,94,0,94,G
7-M,205,0,0,0,94,94,C
7-M,206,1,0,0,94,95,C
7-M,207,0,0,0,97,97,C
7-M,208,97,0,1,0,98,A
7-M,209,0,0,100,0,100,G
7-M,210,0,99,0,0,99,T
7-M,211,0,0,101,0,101,G
7-M,212,108,0,0,0,108,A
7-M,213,0,0,107,0,107,G
7-M,214,0,1,0,106,107,C
7-M,215,0,0,107,0,107,G
7-M,216,108,0,0,0,108,A
7-M,217,0,0,112,0,112,G
7-M,218,0,0,109,0,109,G
7-M,219,111,0,0,0,111,A
7-M,220,0,0,0,113,113,C
7-M,221,0,112,0,0,112,T
7-M,222,0,0,112,0,112,G
7-M,223,0,0,0,109,109,C
7-M,224,112,0,0,0,112,A
7-M,225,0,0,114,0,114,G
7-M,226,0,0,0,113,113,C
7-M,227,0,0,114,0,114,G
7-M,228,0,114,0,0,114,T
7-M,229,111,0,0,0,111,A
7-M,230,0,0,112,0,112,G
7-M,231,113,0,0,0,113,A
7-M,232,0,0,0,110,110,C
7-M,233,0,0,113,0,113,G
7-M,234,0,0,0,109,109,C
7-M,235,0,105,0,0,105,T
7-M,236,0,108,0,0,108,T
7-M,237,0,107,0,0,107,T
7-M,238,0,0,115,0,115,G
7-M,239,0,114,0,0,114,T
7-M,240,0,0,0,113,113,C
7-M,241,0,0,0,115,115,C
7-M,242,114,0,0,0,114,A
7-M,243,114,0,0,0,114,A
7-M,244,112,0,0,0,112,A
7-M,245,112,0,0,0,112,A
7-M,246,0,112,0,0,112,T
7-M,247,0,0,115,0,115,G
7-M,248,0,0,0,112,112,C
7-M,249,0,0,0,109,109,C
7-M,250,0,0,0,112,112,C
7-M,251,0,111,0,1,112,T
7-M,252,0,0,0,116,116,C
7-M,253,117,0,0,0,117,A
7-M,254,117,0,0,0,117,A
7-M,255,0,118,0,0,118,T
7-M,256,0,0,119,0,119,G
7-M,257,0,0,120,0,120,G
7-M,258,0,0,118,0,118,G
7-M,259,122,0,0,0,122,A
7-M,260,121,0,0,0,121,A
7-M,261,0,120,0,0,120,T
7-M,262,0,0,118,0,118,G
7-M,263,0,0,119,0,119,G
7-M,264,118,0,0,0,118,A
7-M,265,0,0,119,0,119,G
7-M,266,118,0,0,0,118,A
7-M,267,0,0,0,116,116,C
7-M,268,0,0,0,120,120,C
7-M,269,1,0,0,123,124,C
7-M,270,125,0,0,0,125,A
7-M,271,126,0,0,0,126,A
7-M,272,124,0,0,0,124,A
7-M,273,0,125,0,0,125,T
7-M,274,130,0,0,0,130,A
7-M,275,130,0,0,0,130,A
7-M,276,1,0,0,127,128,C
7-M,277,127,0,0,0,127,A
7-M,278,0,123,0,1,124,T
7-M,279,0,0,125,0,125,G
7-M,280,0,0,126,0,126,G
7-M,281,126,0,0,0,126,A
7-M,282,0,0,0,126,126,C
7-M,283,124,0,0,0,124,A
7-M,284,126,0,0,0,126,A
7-M,285,126,0,0,0,126,A
7-M,286,0,0,119,0,119,G
7-M,287,0,0,0,127,127,C
7-M,288,125,0,0,0,125,A
7-M,289,0,0,126,0,126,G
7-M,290,0,124,0,0,124,T
7-M,291,0,126,0,0,126,T
7-M,292,125,0,0,0,125,A
7-M,293,125,0,0,0,125,A
7-M,294,125,0,0,0,125,A
7-M,295,0,0,0,127,127,C
7-M,296,0,126,0,0,126,T
7-M,297,0,0,145,0,145,G
7-M,298,0,140,0,0,140,T
7-M,299,141,0,0,0,141,A
7-M,300,0,140,0,0,140,T
7-M,301,140,0,0,0,140,A
7-M,302,0,0,141,0,141,G
7-M,303,1,0,140,0,141,G
7-M,304,138,0,0,0,138,A
7-M,305,138,0,0,0,138,A
7-M,306,133,0,0,0,133,A
7-M,307,0,0,0,137,137,C
7-M,308,0,134,0,0,134,T
7-M,309,0,136,0,0,136,T
7-M,310,135,0,0,0,135,A
7-M,311,135,0,0,0,135,A
7-M,312,0,0,134,0,134,G
7-M,313,135,0,0,0,135,A
7-M,314,0,0,136,0,136,G
7-M,315,131,0,1,0,132,A
7-M,316,0,0,139,0,139,G
7-M,317,135,0,0,0,135,A
7-M,318,0,0,136,0,136,G
7-M,319,136,0,0,0,136,A
7-M,320,0,137,0,0,137,T
7-M,321,139,0,0,0,139,A
7-M,322,132,0,0,0,132,A
7-M,323,0,0,0,140,140,C
7-M,324,0,0,140,0,140,G
7-M,325,0,139,0,0,139,T
7-M,326,0,137,0,0,137,T
7-M,327,0,0,0,138,138,C
7-M,328,0,0,0,141,141,C
7-M,329,142,0,0,0,142,A
7-M,330,0,141,0,0,141,T
7-M,331,0,0,140,0,140,G
7-M,332,0,0,138,0,138,G
7-M,333,0,1,135,0,136,G
7-M,334,0,0,133,0,133,G
7-M,335,0,1,0,135,136,C
7-M,336,0,0,0,137,137,C
7-M,337,135,1,0,0,136,A
7-M,338,138,0,0,0,138,A
7-M,339,139,0,0,0,139,A
7-M,340,0,0,140,0,140,G
7-M,341,141,0,0,0,141,A
7-M,342,137,0,0,0,137,A
7-M,343,139,0,0,0,139,A
7-M,344,0,139,0,0,139,T
7-M,345,139,0,1,0,140,A
7-M,346,0,0,141,0,141,G
7-M,347,0,0,0,141,141,C
7-M,348,0,144,0,0,144,T
7-M,349,0,0,0,142,142,C
7-M,350,0,140,0,0,140,T
7-M,351,0,0,0,146,146,C
7-M,352,144,0,0,0,144,A
7-M,353,0,0,147,0,147,G
7-M,354,0,144,0,1,145,T
7-M,355,0,147,0,0,147,T
7-M,356,149,0,0,0,149,A
7-M,357,0,148,0,0,148,T
7-M,358,0,144,0,0,144,T
7-M,359,0,0,0,147,147,C
7-M,360,0,145,0,0,145,T
7-M,361,0,0,143,0,143,G
7-M,362,0,0,0,145,145,C
7-M,363,0,145,0,0,145,T
7-M,364,0,0,144,0,144,G
7-M,365,0,0,142,0,142,G
7-M,366,0,143,0,0,143,T
7-M,367,0,0,144,0,144,G
7-M,368,0,0,0,142,142,C
7-M,369,141,0,0,0,141,A
7-M,370,0,0,0,142,142,C
7-M,371,0,140,0,0,140,T
7-M,372,0,142,0,0,142,T
7-M,373,0,0,143,0,143,G
7-M,374,0,0,0,144,144,C
7-M,375,0,0,0,143,143,C
7-M,376,143,0,0,0,143,A
7-M,377,0,0,147,0,147,G
7-M,378,0,144,0,0,144,T
7-M,379,0,144,0,0,144,T
7-M,380,0,0,143,0,143,G
7-M,381,0,140,0,1,141,T
7-M,382,144,0,0,0,144,A
7-M,383,0,143,0,0,143,T
7-M,384,0,0,145,0,145,G
7-M,385,0,0,143,0,143,G
7-M,386,0,0,145,0,145,G
7-M,387,0,0,0,147,147,C
7-M,388,0,0,0,150,150,C
7-M,389,0,147,0,0,147,T
7-M,390,0,0,0,151,151,C
7-M,391,159,0,0,0,159,A
7-M,392,0,159,0,0,159,T
7-M,393,161,0,0,0,161,A
7-M,394,0,161,0,0,161,T
7-M,395,162,0,0,0,162,A
7-M,396,0,0,0,166,166,C
7-M,397,161,0,0,0,161,A
7-M,398,163,0,0,0,163,A
7-M,399,0,163,0,0,163,T
7-M,400,156,0,0,0,156,A
7-M,401,1,0,161,0,162,G
7-M,402,0,0,159,0,159,G
7-M,403,157,0,0,0,157,A
7-M,404,0,161,0,0,161,T
7-M,405,0,0,149,0,149,G
7-M,406,0,0,149,0,149,G
7-M,407,0,0,144,0,144,G
7-M,408,0,0,146,0,146,G
7-M,409,0,0,148,0,148,G
7-M,410,0,0,0,149,149,C
7-M,411,0,150,0,0,150,T
7-M,412,0,0,151,0,151,G
7-M,413,0,150,0,0,150,T
7-M,414,149,0,0,0,149,A
7-M,415,148,0,0,0,148,A
7-M,416,0,0,0,149,149,C
7-M,417,0,0,0,146,146,C
7-M,418,146,0,0,0,146,A
7-M,419,0,0,0,146,146,C
7-M,420,0,145,0,0,145,T
7-M,421,0,0,146,1,147,G
7-M,422,141,0,0,0,141,A
7-M,423,146,0,0,0,146,A
7-M,424,0,0,144,0,144,G
7-M,425,0,144,0,0,144,T
7-M,426,0,0,145,0,145,G
7-M,427,0,0,146,0,146,G
7-M,428,0,0,0,142,142,C
7-M,429,143,0,0,0,143,A
7-M,430,0,141,0,0,141,T
7-M,431,0,143,0,0,143,T
7-M,432,0,143,0,0,143,T
7-M,433,4,0,145,0,149,G
7-M,434,0,0,150,0,150,G
7-M,435,0,0,0,145,145,C
7-M,436,0,0,0,150,150,C
7-M,437,0,150,0,0,150,T
7-M,438,0,0,156,0,156,G
7-M,439,0,0,155,0,155,G
7-M,440,0,153,0,0,153,T
7-M,441,158,0,0,0,158,A
7-M,442,0,151,0,0,151,T
7-M,443,0,0,155,0,155,G
7-M,444,0,155,0,0,155,T
7-M,445,0,0,156,0,156,G
7-M,446,0,0,0,154,154,C
7-M,447,155,0,0,0,155,A
7-M,448,153,0,0,0,153,A
7-M,449,0,0,0,153,153,C
7-M,450,153,0,0,0,153,A
7-M,451,0,155,0,0,155,T
7-M,452,0,0,149,0,149,G
7-M,453,0,146,0,0,146,T
7-M,454,0,0,148,0,148,G
7-M,455,147,0,0,0,147,A
7-M,456,0,0,145,0,145,G
7-M,457,0,0,0,146,146,C
7-M,458,144,0,0,0,144,A
7-M,459,0,0,144,0,144,G
7-M,460,144,0,0,0,144,A
7-M,461,0,146,0,0,146,T
7-M,462,0,146,0,0,146,T
7-M,463,0,0,148,0,148,G
7-M,464,0,0,0,148,148,C
7-M,465,0,148,0,0,148,T
7-M,466,0,0,147,0,147,G
7-M,467,148,0,0,0,148,A
7-M,468,0,0,0,158,158,C
7-M,469,0,155,0,0,155,T
7-M,470,0,0,0,155,155,C
7-M,471,0,0,0,155,155,C
7-M,472,0,0,0,157,157,C
7-M,473,156,0,0,0,156,A
7-M,474,0,0,160,0,160,G
7-M,475,0,0,0,157,157,C
7-M,476,161,0,0,0,161,A
7-M,477,0,0,0,160,160,C
7-M,478,152,0,0,0,152,A
7-M,479,0,0,153,0,153,G
7-M,480,0,0,153,0,153,G
7-M,481,0,151,0,0,151,T
7-M,482,1,0,0,158,159,C
7-M,483,0,154,0,0,154,T
7-M,484,0,0,0,158,158,C
7-M,485,157,0,0,0,157,A
7-M,486,0,158,0,0,158,T
7-M,487,157,0,0,0,157,A
7-M,488,0,0,154,0,154,G
7-M,489,0,0,156,0,156,G
7-M,490,0,0,0,153,153,C
7-M,491,153,0,0,0,153,A
7-M,492,0,0,152,0,152,G
7-M,493,152,0,0,0,152,A
7-M,494,0,152,0,0,152,T
7-M,495,0,0,152,0,152,G
7-M,496,0,0,151,0,151,G
7-M,497,0,150,0,0,150,T
7-M,498,0,0,152,0,152,G
7-M,499,0,0,153,0,153,G
7-M,500,0,0,0,153,153,C
7-M,501,152,0,0,0,152,A
7-M,502,151,0,0,0,151,A
7-M,503,0,0,0,153,153,C
7-M,504,151,0,0,0,151,A
7-M,505,151,0,0,0,151,A
7-M,506,0,0,0,152,152,C
7-M,507,0,0,0,149,149,C
7-M,508,149,0,0,0,149,A
7-M,509,145,0,0,0,145,A
7-M,510,0,149,0,0,149,T
7-M,511,0,0,0,146,146,C
7-M,512,0,0,0,146,146,C
7-M,513,145,0,0,0,145,A
7-M,514,0,145,0,0,145,T
7-M,515,0,146,0,0,146,T
7-M,516,146,0,0,0,146,A
7-M,517,145,0,0,0,145,A
7-M,518,0,146,0,0,146,T
7-M,519,147,0,0,0,147,A
7-M,520,145,0,0,0,145,A
7-M,521,146,0,1,0,147,A
7-M,522,146,0,0,0,146,A
7-M,523,0,0,0,149,149,C
7-M,524,148,0,0,0,148,A
7-M,525,0,141,0,0,141,T
7-M,526,0,0,146,0,146,G
7-M,527,144,0,0,0,144,A
7-M,528,0,0,144,0,144,G
7-M,529,142,0,0,0,142,A
7-M,530,143,0,0,0,143,A
7-M,531,0,0,0,143,143,C
7-M,532,141,0,0,0,141,A
7-M,533,0,0,141,0,141,G
7-M,534,136,0,0,0,136,A
7-M,535,137,0,0,0,137,A
7-M,536,0,134,0,0,134,T
7-M,537,0,0,138,0,138,G
7-M,538,0,0,137,0,137,G
7-M,539,0,136,0,0,136,T
7-M,540,0,130,0,0,130,T
7-M,541,0,134,0,0,134,T
7-M,542,0,139,0,0,139,T
7-M,543,0,0,136,0,136,G
7-M,544,0,0,139,0,139,G
7-M,545,0,0,0,138,138,C
7-M,546,0,0,0,137,137,C
7-M,547,134,0,0,0,134,A
7-M,548,0,0,139,0,139,G
7-M,549,0,0,0,139,139,C
7-M,550,136,0,0,0,136,A
7-M,551,0,0,0,140,140,C
7-M,552,0,141,0,0,141,T
7-M,553,140,0,0,0,140,A
7-M,554,0,0,0,140,140,C
7-M,555,141,0,0,0,141,A
7-M,556,0,0,146,0,146,G
7-M,557,0,0,0,142,142,C
7-M,558,0,137,0,0,137,T
7-M,559,141,0,0,0,141,A
7-M,560,134,0,0,0,134,A
7-M,561,0,0,131,0,131,G
7-M,562,0,0,130,0,130,G
7-M,563,0,0,0,129,129,C
7-M,564,0,124,0,0,124,T
7-M,565,121,0,0,0,121,A
7-M,566,0,122,0,0,122,T
7-M,567,0,0,123,0,123,G
7-M,568,0,0,122,0,122,G
7-M,569,119,0,0,0,119,A
7-M,570,0,0,119,0,119,G
7-M,571,0,0,0,118,118,C
7-M,572,120,0,0,0,120,A
7-M,573,117,0,0,0,117,A
7-M,574,116,0,0,0,116,A
7-M,575,0,120,0,0,120,T
7-M,576,0,0,119,0,119,G
7-M,577,0,0,119,0,119,G
7-M,578,0,0,0,118,118,C
7-M,579,0,119,0,0,119,T
7-M,580,0,0,120,0,120,G
7-M,581,0,0,120,0,120,G
7-M,582,118,0,0,0,118,A
7-M,583,0,117,0,0,117,T
7-M,584,0,0,0,116,116,C
7-M,585,118,0,0,0,118,A
7-M,586,119,0,0,0,119,A
7-M,587,0,0,119,0,119,G
7-M,588,0,115,0,0,115,T
7-M,589,0,0,116,0,116,G
7-M,590,116,0,0,0,116,A
7-M,591,111,0,0,0,111,A
7-M,592,0,0,0,114,114,C
7-M,593,115,0,0,0,115,A
7-M,594,0,0,117,0,117,G
7-M,595,0,0,118,0,118,G
7-M,596,0,0,0,116,116,C
7-M,597,115,0,0,0,115,A
7-M,598,0,0,118,0,118,G
7-M,599,0,0,0,116,116,C
7-M,600,0,0,118,0,118,G
7-M,601,0,0,118,0,118,G
7-M,602,116,0,0,0,116,A
7-M,603,0,0,116,0,116,G
7-M,604,0,0,119,0,119,G
7-M,605,0,0,0,114,114,C
7-M,606,0,0,0,115,115,C
7-M,607,119,0,0,0,119,A
7-M,608,0,116,0,0,116,T
7-M,609,0,0,120,0,120,G
7-M,610,0,0,119,0,119,G
7-M,611,118,0,0,0,118,A
7-M,612,0,0,119,0,119,G
7-M,613,116,0,0,0,116,A
7-M,614,0,112,0,0,112,T
7-M,615,0,117,0,0,117,T
7-M,616,0,0,115,0,115,G
7-M,617,0,0,0,115,115,C
7-M,618,0,116,0,0,116,T
7-M,619,117,0,0,0,117,A
7-M,620,0,0,117,0,117,G
7-M,621,0,116,0,0,116,T
7-M,622,0,0,0,117,117,C
7-M,623,112,0,0,0,112,A
7-M,624,0,0,110,0,110,G
7-M,625,0,0,109,0,109,G
7-M,626,0,0,0,111,111,C
7-M,627,0,0,0,111,111,C
7-M,628,111,0,0,0,111,A
7-M,629,0,0,113,0,113,G
7-M,630,0,0,113,0,113,G
7-M,631,0,0,0,114,114,C
7-M,632,113,0,1,0,114,A
7-M,633,0,0,113,0,113,G
7-M,634,110,0,0,0,110,A
7-M,635,0,111,0,0,111,T
7-M,636,0,0,112,0,112,G
7-M,637,0,0,115,0,115,G
7-M,638,0,111,0,0,111,T
7-M,639,0,0,111,0,111,G
7-M,640,0,0,0,111,111,C
7-M,641,114,0,0,0,114,A
7-M,642,0,0,113,0,113,G
7-M,643,0,0,114,0,114,G
7-M,644,0,0,0,112,112,C
7-M,645,111,0,0,0,111,A
7-M,646,110,0,0,0,110,A
7-M,647,0,100,0,0,100,T
7-M,648,0,0,106,0,106,G
7-M,649,104,0,0,0,104,A
7-M,650,0,0,104,0,104,G
7-M,651,100,0,0,0,100,A
7-M,652,0,0,101,0,101,G
7-M,653,0,0,0,99,99,C
7-M,654,0,0,0,101,101,C
7-M,655,105,0,0,0,105,A
7-M,656,0,104,0,0,104,T
7-M,657,0,107,0,0,107,T
7-M,658,1,0,104,0,105,G
7-M,659,0,0,108,0,108,G
7-M,660,0,0,104,0,104,G
7-M,661,106,0,0,0,106,A
7-M,662,0,0,0,101,101,C
7-M,663,0,101,0,0,101,T
7-M,664,0,0,0,99,99,C
7-M,665,102,0,0,0,102,A
7-M,666,0,102,0,0,102,T
7-M,667,0,0,0,105,105,C
7-M,668,0,0,0,106,106,C
7-M,669,0,103,0,0,103,T
7-M,670,102,0,0,0,102,A
7-M,671,0,1,102,0,103,G
7-M,672,0,113,0,0,113,T
7-M,673,0,109,0,0,109,T
7-M,674,0,0,0,109,109,C
7-M,675,0,0,0,100,100,C
7-M,676,101,0,0,0,101,A
7-M,677,0,0,102,0,102,G
7-M,678,0,102,0,0,102,T
7-M,679,103,0,0,0,103,A
7-M,680,0,0,0,100,100,C
7-M,681,0,95,0,0,95,T
7-M,682,0,0,100,0,100,G
7-M,683,0,0,99,0,99,G
7-M,684,0,97,0,0,97,T
7-M,685,0,95,0,0,95,T
7-M,686,0,100,0,0,100,T
7-M,687,99,0,0,0,99,A
7-M,688,100,0,0,0,100,A
7-M,689,0,0,99,0,99,G
7-M,690,94,0,0,0,94,A
7-M,691,0,0,97,0,97,G
7-M,692,88,0,0,0,88,A
7-M,693,0,87,0,0,87,T
7-M,694,0,0,89,0,89,G
7-M,695,89,0,0,0,89,A
7-M,696,0,88,0,0,88,T
7-M,697,0,0,0,87,87,C
7-M,698,0,88,0,0,88,T
7-M,699,0,85,1,0,86,T
7-M,700,0,0,0,87,87,C
7-M,701,0,88,0,0,88,T
7-M,702,0,86,0,0,86,T
7-M,703,0,0,87,0,87,G
7-M,704,88,0,0,0,88,A
7-M,705,87,0,0,0,87,A
7-M,706,87,0,0,0,87,A
7-M,707,86,0,0,0,86,A
7-M,708,0,86,0,0,86,T
7-M,709,0,88,0,0,88,T
7-M,710,0,87,0,0,87,T
7-M,711,0,0,87,0,87,G
7-M,712,0,0,0,88,88,C
7-M,713,86,0,0,0,86,A
7-M,714,0,0,86,0,86,G
7-M,715,86,0,0,0,86,A
7-M,716,0,0,0,85,85,C
7-M,717,0,0,0,86,86,C
7-M,718,0,82,0,1,83,T
7-M,719,87,0,0,0,87,A
7-M,720,0,81,0,0,81,T
7-M,721,0,0,0,83,83,C
7-M,722,86,0,1,0,87,A
7-M,723,0,0,86,0,86,G
7-M,724,85,0,0,0,85,A
7-M,725,79,0,0,0,79,A
7-M,726,78,0,0,0,78,A
7-M,727,0,0,0,80,80,C
7-M,728,0,0,80,0,80,G
7-M,729,78,0,0,0,78,A
7-M,730,75,0,0,0,75,A
7-M,731,0,77,0,0,77,T
7-M,732,0,0,78,0,78,G
7-M,733,0,0,77,0,77,G
7-M,734,0,0,78,0,78,G
7-M,735,0,0,78,0,78,G
7-M,736,0,0,77,0,77,G
7-M,737,0,77,0,0,77,T
7-M,738,0,0,79,0,79,G
7-M,739,0,0,0,75,75,C
7-M,740,80,0,0,0,80,A
7-M,741,0,0,80,0,80,G
7-M,742,78,0,0,0,78,A
7-M,743,0,76,0,0,76,T
7-M,744,0,0,76,0,76,G
7-M,745,0,0,0,70,70,C
7-M,746,73,0,0,0,73,A
7-M,747,72,0,0,0,72,A
7-M,748,0,0,0,73,73,C
7-M,749,0,0,72,0,72,G
7-M,750,70,0,0,0,70,A
7-M,751,0,73,0,0,73,T
7-M,752,0,74,0,0,74,T
7-M,753,0,0,0,74,74,C
7-M,754,73,0,0,0,73,A
7-M,755,74,0,0,0,74,A
7-M,756,0,0,75,0,75,G
7-M,757,0,73,0,0,73,T
7-M,758,0,1,72,0,73,G
7-M,759,74,0,0,0,74,A
7-M,760,0,0,0,72,72,C
7-M,761,0,0,0,73,73,C
7-M,762,0,0,0,74,74,C
7-M,763,0,0,73,0,73,G
7-M,764,0,0,0,78,78,C
7-M,765,0,77,0,0,77,T
7-M,766,0,78,0,0,78,T
7-M,767,0,0,78,0,78,G
7-M,768,0,77,0,0,77,T
7-M,769,0,75,0,0,75,T
7-M,770,0,0,77,0,77,G
7-M,771,0,76,0,0,76,T
7-M,772,0,76,0,0,76,T
7-M,773,0,0,77,0,77,G
7-M,774,0,0,0,72,72,C
7-M,775,0,0,0,76,76,C
7-M,776,0,0,77,0,77,G
7-M,777,0,0,0,75,75,C
7-M,778,0,0,75,0,75,G
7-M,779,74,0,0,0,74,A
7-M,780,77,0,0,0,77,A
7-M,781,0,79,0,0,79,T
7-M,782,80,0,0,0,80,A
7-M,783,0,80,0,0,80,T
7-M,784,0,0,0,81,81,C
7-M,785,82,0,0,0,82,A
7-M,786,0,81,0,0,81,T
7-M,787,0,81,0,0,81,T
7-M,788,0,0,79,0,79,G
7-M,789,1,0,76,0,77,G
7-M,790,0,0,80,0,80,G
7-M,791,78,0,0,0,78,A
7-M,792,0,79,0,0,79,T
7-M,793,0,0,0,78,78,C
7-M,794,0,79,0,0,79,T
7-M,795,0,79,0,0,79,T
7-M,796,0,0,78,0,78,G
7-M,797,0,0,0,78,78,C
7-M,798,78,0,0,0,78,A
7-M,799,0,0,0,79,79,C
7-M,800,0,77,0,0,77,T
7-M,801,0,78,0,0,78,T
7-M,802,0,0,78,0,78,G
7-M,803,77,0,0,0,77,A
7-M,804,0,80,0,0,80,T
7-M,805,79,0,0,0,79,A
7-M,806,0,80,0,0,80,T
7-M,807,0,80,0,0,80,T
7-M,808,0,0,78,0,78,G
7-M,809,0,79,0,0,79,T
7-M,810,0,0,79,0,79,G
7-M,811,0,0,76,0,76,G
7-M,812,78,0,0,0,78,A
7-M,813,0,79,0,0,79,T
7-M,814,0,79,0,0,79,T
7-M,815,0,0,0,78,78,C
7-M,816,0,79,0,0,79,T
7-M,817,0,79,0,0,79,T
7-M,818,0,0,79,0,79,G
7-M,819,77,0,0,0,77,A
7-M,820,0,77,0,0,77,T
7-M,821,0,0,0,76,76,C
7-M,822,0,0,75,0,75,G
7-M,823,0,75,0,0,75,T
7-M,824,0,0,0,73,73,C
7-M,825,0,76,0,0,76,T
7-M,826,0,75,0,0,75,T
7-M,827,0,76,0,0,76,T
7-M,828,0,76,0,0,76,T
7-M,829,0,77,0,0,77,T
7-M,830,0,77,0,0,77,T
7-M,831,0,77,0,0,77,T
7-M,832,0,0,0,78,78,C
7-M,833,78,0,0,0,78,A
7-M,834,78,0,0,0,78,A
7-M,835,75,0,0,0,75,A
7-M,836,0,76,0,0,76,T
7-M,837,0,0,76,0,76,G
7-M,838,0,0,0,78,78,C
7-M,839,0,0,77,0,77,G
7-M,840,0,81,0,0,81,T
7-M,841,0,0,0,82,82,C
7-M,842,0,77,0,4,81,T
7-M,843,80,0,0,0,80,A
7-M,844,0,81,0,0,81,T
7-M,845,0,0,0,81,81,C
7-M,846,0,0,80,0,80,G
7-M,847,79,0,0,0,79,A
7-M,848,0,0,0,82,82,C
7-M,849,0,79,0,0,79,T
7-M,850,0,0,0,81,81,C
7-M,851,0,81,0,0,81,T
7-M,852,0,81,0,0,81,T
7-M,853,0,0,0,81,81,C
7-M,854,81,0,0,0,81,A
7-M,855,81,0,0,0,81,A
7-M,856,80,0,0,0,80,A
7-M,857,0,0,0,79,79,C
7-M,858,79,0,0,0,79,A
7-M,859,0,0,0,75,75,C
7-M,860,0,0,74,0,74,G
7-M,861,2,0,75,0,77,G
7-M,862,0,0,0,74,74,C
7-M,863,0,0,0,77,77,C
7-M,864,0,75,0,0,75,T
7-M,865,0,76,0,0,76,T
7-M,866,78,0,0,0,78,A
7-M,867,78,0,0,0,78,A
7-M,868,78,0,0,0,78,A
7-M,869,77,0,0,0,77,A
7-M,870,0,0,77,0,77,G
7-M,871,69,0,0,0,69,A
7-M,872,0,0,70,0,70,G
7-M,873,0,0,65,0,65,G
7-M,874,0,0,0,66,66,C
7-M,875,0,0,0,67,67,C
7-M,876,0,0,0,69,69,C
7-M,877,0,70,0,0,70,T
7-M,878,0,69,0,0,69,T
7-M,879,0,0,0,69,69,C
7-M,880,0,69,0,0,69,T
7-M,881,68,0,0,0,68,A
7-M,882,0,0,0,68,68,C
7-M,883,0,0,69,0,69,G
7-M,884,0,0,68,0,68,G
7-M,885,65,0,0,0,65,A
7-M,886,63,0,0,0,63,A
7-M,887,0,0,62,0,62,G
7-M,888,0,0,63,0,63,G
7-M,889,63,0,0,0,63,A
7-M,890,0,0,63,0,63,G
7-M,891,0,63,0,0,63,T
7-M,892,62,0,0,0,62,A
7-M,893,0,0,0,62,62,C
7-M,894,0,0,0,59,59,C
7-M,895,0,60,0,1,61,T
7-M,896,0,0,61,0,61,G
7-M,897,60,0,0,0,60,A
7-M,898,0,0,60,0,60,G
7-M,899,0,58,0,0,58,T
7-M,900,0,0,0,58,58,C
7-M,901,0,54,0,0,54,T
7-M,902,54,0,0,0,54,A
7-M,903,0,54,0,0,54,T
7-M,904,0,0,54,0,54,G
7-M,905,51,0,0,0,51,A
7-M,906,0,0,51,0,51,G
7-M,907,0,0,49,0,49,G
7-M,908,0,0,49,0,49,G
7-M,909,49,0,0,0,49,A
7-M,910,47,0,0,0,47,A
7-M,911,0,0,48,0,48,G
7-M,912,48,0,0,0,48,A
7-M,913,50,0,0,0,50,A
7-M,914,0,50,0,0,50,T
7-M,915,49,0,0,0,49,A
7-M,916,0,47,0,0,47,T
7-M,917,0,2,0,46,48,C
7-M,918,0,0,49,0,49,G
7-M,919,49,0,0,0,49,A
7-M,920,49,0,0,0,49,A
7-M,921,49,0,0,0,49,A
7-M,922,0,0,48,0,48,G
7-M,923,0,0,49,0,49,G
7-M,924,48,0,0,0,48,A
7-M,925,51,0,0,0,51,A
7-M,926,0,0,0,50,50,C
7-M,927,50,0,0,0,50,A
7-M,928,0,0,50,0,50,G
7-M,929,0,0,0,50,50,C
7-M,930,49,0,0,0,49,A
7-M,931,0,0,49,0,49,G
7-M,932,44,0,0,0,44,A
7-M,933,44,0,0,0,44,A
7-M,934,0,44,0,0,44,T
7-M,935,0,0,44,0,44,G
7-M,936,0,0,0,44,44,C
7-M,937,0,40,0,0,40,T
7-M,938,0,0,41,0,41,G
7-M,939,0,40,0,0,40,T
7-M,940,0,0,40,0,40,G
7-M,941,0,0,40,0,40,G
7-M,942,38,0,0,0,38,A
7-M,943,0,39,0,0,39,T
7-M,944,0,0,35,0,35,G
7-M,945,0,0,0,32,32,C
7-M,946,0,31,0,0,31,T
7-M,947,0,0,29,0,29,G
7-M,948,29,0,0,0,29,A
7-M,949,0,0,0,28,28,C
7-M,950,0,0,28,0,28,G
7-M,951,28,0,0,0,28,A
7-M,952,0,27,0,0,27,T
7-M,953,27,0,0,0,27,A
7-M,954,0,0,27,0,27,G
7-M,955,0,27,0,0,27,T
7-M,956,0,0,0,25,25,C
7-M,957,25,0,0,0,25,A
7-M,958,0,24,0,0,24,T
7-M,959,0,24,0,0,24,T
7-M,960,0,24,0,0,24,T
7-M,961,0,24,0,0,24,T
7-M,962,0,0,22,0,22,G
7-M,963,0,23,0,0,23,T
7-M,964,0,0,0,22,22,C
7-M,965,22,0,0,0,22,A
7-M,966,0,0,21,0,21,G
7-M,967,0,0,0,22,22,C
7-M,968,22,0,0,0,22,A
7-M,969,0,22,0,0,22,T
7-M,970,22,0,0,0,22,A
7-M,971,0,0,21,0,21,G
7-M,972,22,0,0,0,22,A
7-M,973,0,0,20,0,20,G
7-M,974,0,20,0,0,20,T
7-M,975,0,15,0,0,15,T
7-M,976,0,0,15,0,15,G
7-M,977,0,0,15,0,15,G
7-M,978,15,0,0,0,15,A
7-M,979,0,0,15,0,15,G
7-M,980,0,14,0,0,14,T
7-M,981,14,0,0,0,14,A
7-M,982,14,0,0,0,14,A
8-NS,1,726,0,0,0,726,A
8-NS,2,0,728,0,0,728,T
8-NS,3,0,0,779,0,779,G
8-NS,4,1,1,827,0,829,G
8-NS,5,880,0,0,0,880,A
8-NS,6,0,1971,0,0,1971,T
8-NS,7,0,1989,0,0,1989,T
8-NS,8,0,0,0,2060,2060,C
8-NS,9,1,0,0,2071,2072,C
8-NS,10,2069,0,6,0,2075,A
8-NS,11,2083,0,0,2,2085,A
8-NS,12,0,0,0,2089,2089,C
8-NS,13,2104,0,0,0,2104,A
8-NS,14,0,0,0,2107,2107,C
8-NS,15,0,2122,0,0,2122,T
8-NS,16,0,0,2349,0,2349,G
8-NS,17,0,2328,1,1,2330,T
8-NS,18,0,0,2361,2,2363,G
8-NS,19,0,2369,0,3,2372,T
8-NS,20,0,1,0,2373,2374,C
8-NS,21,2386,0,0,0,2386,A
8-NS,22,2368,0,0,0,2368,A
8-NS,23,0,0,2404,0,2404,G
8-NS,24,0,2482,0,1,2483,T
8-NS,25,0,2483,0,0,2483,T
8-NS,26,0,2505,0,0,2505,T
8-NS,27,0,0,0,2500,2500,C
8-NS,28,0,0,0,2516,2516,C
8-NS,29,2506,0,6,0,2512,A
8-NS,30,0,1,2542,0,2543,G
8-NS,31,0,0,2541,0,2541,G
8-NS,32,0,2444,0,1,2445,T
8-NS,33,2555,0,0,1,2556,A
8-NS,34,0,0,2565,0,2565,G
8-NS,35,2554,0,1,0,2555,A
8-NS,36,0,2576,0,3,2579,T
8-NS,37,0,2582,0,0,2582,T
8-NS,38,0,0,2584,0,2584,G
8-NS,39,0,0,0,2591,2591,C
8-NS,40,0,2605,0,2,2607,T
8-NS,41,0,2646,0,0,2646,T
8-NS,42,0,2656,0,0,2656,T
8-NS,43,0,0,0,2696,2696,C
8-NS,44,1,2686,0,1,2688,T
8-NS,45,1,2680,0,0,2681,T
8-NS,46,0,2689,0,0,2689,T
8-NS,47,1,1,2713,0,2715,G
8-NS,48,1,1,2688,0,2690,G
8-NS,49,0,1,0,2739,2740,C
8-NS,50,2728,0,1,0,2729,A
8-NS,51,0,2732,0,0,2732,T
8-NS,52,2743,0,0,0,2743,A
8-NS,53,0,2992,0,2,2994,T
8-NS,54,0,0,0,3029,3029,C
8-NS,55,0,1,0,3019,3020,C
8-NS,56,1,0,3009,0,3010,G
8-NS,57,0,3010,1,2,3013,T
8-NS,58,3045,0,0,0,3045,A
8-NS,59,3046,0,1,0,3047,A
8-NS,60,3048,0,1,0,3049,A
8-NS,61,0,0,0,3088,3088,C
8-NS,62,3043,0,1,0,3044,A
8-NS,63,3021,0,2,0,3023,A
8-NS,64,0,1,3170,0,3171,G
8-NS,65,0,3190,0,1,3191,T
8-NS,66,0,3201,0,1,3202,T
8-NS,67,1,0,3197,0,3198,G
8-NS,68,1,3197,0,1,3199,T
8-NS,69,3197,0,2,0,3199,A
8-NS,70,1,2,3200,0,3203,G
8-NS,71,3392,2,3,0,3397,A
8-NS,72,0,0,0,3451,3451,C
8-NS,73,0,1,0,3382,3383,C
8-NS,74,3409,0,1,1,3411,A
8-NS,75,3412,0,1,0,3413,A
8-NS,76,1,0,3555,0,3556,G
8-NS,77,3533,1,0,0,3534,A
8-NS,78,3577,0,0,0,3577,A
8-NS,79,0,0,0,3598,3598,C
8-NS,80,0,3506,0,17,3523,T
8-NS,81,0,0,3561,0,3561,G
8-NS,82,3480,1,1,0,3482,A
8-NS,83,0,0,3594,0,3594,G
8-NS,84,0,3617,0,0,3617,T
8-NS,85,1,3,3539,0,3543,G
8-NS,86,3585,2,1,0,3588,A
8-NS,87,1,3595,1,0,3597,T
8-NS,88,0,0,3647,0,3647,G
8-NS,89,0,1,0,3674,3675,C
8-NS,90,1,0,0,3640,3641,C
8-NS,91,1,0,0,3718,3719,C
8-NS,92,1,2,0,3687,3690,C
8-NS,93,3709,0,0,0,3709,A
8-NS,94,0,3780,0,0,3780,T
8-NS,95,0,3853,0,0,3853,T
8-NS,96,0,0,0,3865,3865,C
8-NS,97,0,1,0,3846,3847,C
8-NS,98,0,3825,0,6,3831,T
8-NS,99,0,3833,0,3,3836,T
8-NS,100,1,0,3823,0,3824,G
8-NS,101,3785,0,0,0,3785,A
8-NS,102,0,3819,1,2,3822,T
8-NS,103,0,0,1,3796,3797,C
8-NS,104,1,0,3730,0,3731,G
8-NS,105,0,0,3726,0,3726,G
8-NS,106,0,1,0,3792,3793,C
8-NS,107,0,3783,0,1,3784,T
8-NS,108,0,3832,0,0,3832,T
8-NS,109,0,0,0,3827,3827,C
8-NS,110,1,0,3819,0,3820,G
8-NS,111,0,1,2,3826,3829,C
8-NS,112,1,2,0,3833,3836,C
8-NS,113,0,0,3844,0,3844,G
8-NS,114,3758,0,0,0,3758,A
8-NS,115,0,0,3955,0,3955,G
8-NS,116,3947,0,0,0,3947,A
8-NS,117,0,3956,0,0,3956,T
8-NS,118,0,0,0,3991,3991,C
8-NS,119,3989,0,1,0,3990,A
8-NS,120,0,0,3980,0,3980,G
8-NS,121,3930,0,2,0,3932,A
8-NS,122,0,0,3961,0,3961,G
8-NS,123,1,0,3997,0,3998,G
8-NS,124,0,4014,0,4,4018,T
8-NS,125,0,1,0,4271,4272,C
8-NS,126,2,0,0,4279,4281,C
8-NS,127,1,0,0,4348,4349,C
8-NS,128,1,4358,0,1,4360,T
8-NS,129,4366,0,1,0,4367,A
8-NS,130,4359,0,2,0,4361,A
8-NS,131,0,0,4461,0,4461,G
8-NS,132,0,1,4433,0,4434,G
8-NS,133,0,0,4371,0,4371,G
8-NS,134,1,0,4301,0,4302,G
8-NS,135,4266,1,4,0,4271,A
8-NS,136,4300,0,4,1,4305,A
8-NS,137,0,0,4295,0,4295,G
8-NS,138,4353,0,1,0,4354,A
8-NS,139,67,3,4340,0,4410,G
8-NS,140,0,0,4374,0,4374,G
8-NS,141,1,0,0,4421,4422,C
8-NS,142,4467,0,2,0,4469,A
8-NS,143,4479,0,2,0,4481,A
8-NS,144,1,4488,0,0,4489,T
8-NS,145,4513,0,0,0,4513,A
8-NS,146,0,0,0,4569,4569,C
8-NS,147,0,4470,0,4,4474,T
8-NS,148,2,1,0,4485,4488,C
8-NS,149,0,4424,0,1,4425,T
8-NS,150,0,2,0,4479,4481,C
8-NS,151,0,1,4515,0,4516,G
8-NS,152,0,0,4824,1,4825,G
8-NS,153,0,4760,0,3,4763,T
8-NS,154,0,0,0,4858,4858,C
8-NS,155,0,4824,0,0,4824,T
8-NS,156,4914,0,2,0,4916,A
8-NS,157,2,0,4917,0,4919,G
8-NS,158,4894,0,6,0,4900,A
8-NS,159,0,3,0,5040,5043,C
8-NS,160,4929,1,1,0,4931,A
8-NS,161,0,4865,0,4,4869,T
8-NS,162,0,0,1,4857,4858,C
8-NS,163,4871,0,0,0,4871,A
8-NS,164,4856,0,7,1,4864,A
8-NS,165,4819,0,3,0,4822,A
8-NS,166,1,2,4804,0,4807,G
8-NS,167,0,2,0,4854,4856,C
8-NS,168,4797,0,0,0,4797,A
8-NS,169,1,1,4806,0,4808,G
8-NS,170,0,0,0,4814,4814,C
8-NS,171,0,1,0,4841,4842,C
8-NS,172,4889,0,2,0,4891,A
8-NS,173,0,0,0,4950,4950,C
8-NS,174,0,0,0,4954,4954,C
8-NS,175,1,2,0,4969,4972,C
8-NS,176,5024,0,0,0,5024,A
8-NS,177,0,5055,0,0,5055,T
8-NS,178,2,1,5075,0,5078,G
8-NS,179,0,5034,0,1,5035,T
8-NS,180,0,5052,0,4,5056,T
8-NS,181,1,1,5059,0,5061,G
8-NS,182,0,0,5010,1,5011,G
8-NS,183,4944,0,1,0,4945,A
8-NS,184,5005,1,0,0,5006,A
8-NS,185,4937,0,4,1,4942,A
8-NS,186,0,0,4974,0,4974,G
8-NS,187,0,0,0,4964,4964,C
8-NS,188,4969,0,0,0,4969,A
8-NS,189,4957,0,1,0,4958,A
8-NS,190,4931,0,1,1,4933,A
8-NS,191,1,5001,0,1,5003,T
8-NS,192,2,5018,0,0,5020,T
8-NS,193,0,2,5089,0,5091,G
8-NS,194,1,5056,0,0,5057,T
8-NS,195,5055,0,1,1,5057,A
8-NS,196,0,0,5060,0,5060,G
8-NS,197,5075,0,1,1,5077,A
8-NS,198,5069,1,0,3,5073,A
8-NS,199,5074,0,0,0,5074,A
8-NS,200,5043,0,3,0,5046,A
8-NS,201,0,1,5066,0,5067,G
8-NS,202,5020,1,2,0,5023,A
8-NS,203,0,5021,0,0,5021,T
8-NS,204,0,5031,0,0,5031,T
8-NS,205,1,2,0,5031,5034,C
8-NS,206,1,5037,1,0,5039,T
8-NS,207,0,0,5047,0,5047,G
8-NS,208,5043,0,1,1,5045,A
8-NS,209,5042,0,0,1,5043,A
8-NS,210,5047,0,0,0,5047,A
8-NS,211,0,1,5052,0,5053,G
8-NS,212,5028,0,0,0,5028,A
8-NS,213,5055,0,4,0,5059,A
8-NS,214,2,1,5080,0,5083,G
8-NS,215,5095,0,2,0,5097,A
8-NS,216,5113,0,2,0,5115,A
8-NS,217,0,5110,0,0,5110,T
8-NS,218,0,2,0,5184,5186,C
8-NS,219,0,5180,0,6,5186,T
8-NS,220,0,0,5199,0,5199,G
8-NS,221,5175,0,4,0,5179,A
8-NS,222,0,5179,0,1,5180,T
8-NS,223,2,3,5153,0,5158,G
8-NS,224,5084,1,7,0,5092,A
8-NS,225,0,1,5057,0,5058,G
8-NS,226,1,0,5042,0,5043,G
8-NS,227,0,0,0,5057,5057,C
8-NS,228,5080,0,3,0,5083,A
8-NS,229,1,2,0,5232,5235,C
8-NS,230,0,5202,1,2,5205,T
8-NS,231,1,5263,1,1,5266,T
8-NS,232,5297,0,2,0,5299,A
8-NS,233,5305,0,0,0,5305,A
8-NS,234,5296,0,1,1,5298,A
8-NS,235,5266,1,1,0,5268,A
8-NS,236,0,5252,0,0,5252,T
8-NS,237,0,5,5252,0,5257,G
8-NS,238,5256,2,2,0,5260,A
8-NS,239,0,1,0,5257,5258,C
8-NS,240,2,1,0,5261,5264,C
8-NS,241,5280,1,1,0,5282,A
8-NS,242,0,5215,0,2,5217,T
8-NS,243,2,2,5381,0,5385,G
8-NS,244,0,1,5420,0,5421,G
8-NS,245,0,5403,0,2,5405,T
8-NS,246,2,2,0,5749,5753,C
8-NS,247,0,5692,1,5,5698,T
8-NS,248,1,0,0,5771,5772,C
8-NS,249,3,0,0,5786,5789,C
8-NS,250,5801,1,2,1,5805,A
8-NS,251,1,1,0,5856,5858,C
8-NS,252,5716,1,4,1,5722,A
8-NS,253,0,0,0,5757,5757,C
8-NS,254,1,0,0,5699,5700,C
8-NS,255,0,5401,0,5,5406,T
8-NS,256,1,1,5468,0,5470,G
8-NS,257,1,1,0,5405,5407,C
8-NS,258,1,5344,0,3,5348,T
8-NS,259,0,5418,0,1,5419,T
8-NS,260,1,1,0,5445,5447,C
8-NS,261,2,1,5461,0,5464,G
8-NS,262,0,1,0,5470,5471,C
8-NS,263,3,2,5490,0,5495,G
8-NS,264,5708,2,1,0,5711,A
8-NS,265,0,5731,0,0,5731,T
8-NS,266,5899,2,0,0,5901,A
8-NS,267,0,0,0,5932,5932,C
8-NS,268,5915,2,2,1,5920,A
8-NS,269,0,6047,0,1,6048,T
8-NS,270,6025,0,2,0,6027,A
8-NS,271,6042,0,0,0,6042,A
8-NS,272,1,0,0,6046,6047,C
8-NS,273,0,5859,1,1,5861,T
8-NS,274,1,3,5919,0,5923,G
8-NS,275,5831,0,6,1,5838,A
8-NS,276,1,0,0,5865,5866,C
8-NS,277,5858,0,6,0,5864,A
8-NS,278,0,5814,0,1,5815,T
8-NS,279,0,3,5815,0,5818,G
8-NS,280,5817,1,0,0,5818,A
8-NS,281,0,2,0,5927,5929,C
8-NS,282,0,5935,1,3,5939,T
8-NS,283,6062,0,0,0,6062,A
8-NS,284,0,5971,1,1,5973,T
8-NS,285,1,6029,0,2,6032,T
8-NS,286,1,2,6043,0,6046,G
8-NS,287,6004,1,4,0,6009,A
8-NS,288,1,0,5982,0,5983,G
8-NS,289,0,1,5965,0,5966,G
8-NS,290,5823,0,0,0,5823,A
8-NS,291,5824,0,1,0,5825,A
8-NS,292,0,5715,1,1,5717,T
8-NS,293,0,5769,0,2,5771,T
8-NS,294,2,0,5837,0,5839,G
8-NS,295,1,5833,0,5,5839,T
8-NS,296,0,2,0,5870,5872,C
8-NS,297,5881,0,1,0,5882,A
8-NS,298,5858,0,4,0,5862,A
8-NS,299,0,2,5855,0,5857,G
8-NS,300,5878,0,0,0,5878,A
8-NS,301,5853,1,2,0,5856,A
8-NS,302,5836,1,5,0,5842,A
8-NS,303,0,2,0,5873,5875,C
8-NS,304,0,5809,0,1,5810,T
8-NS,305,0,2,5901,0,5903,G
8-NS,306,0,1,5916,0,5917,G
8-NS,307,0,5911,0,1,5912,T
8-NS,308,2,5906,0,6,5914,T
8-NS,309,1,0,0,5931,5932,C
8-NS,310,5941,0,1,0,5942,A
8-NS,311,0,6011,1,0,6012,T
8-NS,312,2,3,6059,0,6064,G
8-NS,313,1,0,1,6085,6087,C
8-NS,314,1,6060,0,4,6065,T
8-NS,315,5959,0,2,0,5961,A
8-NS,316,6015,0,0,0,6015,A
8-NS,317,0,6041,0,3,6044,T
8-NS,318,0,0,6043,0,6043,G
8-NS,319,0,1,0,6001,6002,C
8-NS,320,0,1,0,5854,5855,C
8-NS,321,6,2,1,5898,5907,C
8-NS,322,5938,0,2,0,5940,A
8-NS,323,5934,0,3,0,5937,A
8-NS,324,1,0,5932,0,5933,G
8-NS,325,1,0,0,5959,5960,C
8-NS,326,5961,0,3,0,5964,A
8-NS,327,0,0,5986,0,5986,G
8-NS,328,5976,0,1,0,5977,A
8-NS,329,5976,0,0,0,5976,A
8-NS,330,5983,0,1,0,5984,A
8-NS,331,5902,0,3,1,5906,A
8-NS,332,0,5929,0,0,5929,T
8-NS,333,0,1,5980,0,5981,G
8-NS,334,2,3,5918,0,5923,G
8-NS,335,5970,0,2,0,5972,A
8-NS,336,5905,0,5,0,5910,A
8-NS,337,2,0,5845,0,5847,G
8-NS,338,0,2,5861,0,5863,G
8-NS,339,5838,0,2,0,5840,A
8-NS,340,0,1,0,5868,5869,C
8-NS,341,2,0,0,5895,5897,C
8-NS,342,1,5881,0,1,5883,T
8-NS,343,1,0,0,5966,5967,C
8-NS,344,0,5981,0,0,5981,T
8-NS,345,0,6007,0,0,6007,T
8-NS,346,0,6038,0,0,6038,T
8-NS,347,2,1,5990,0,5993,G
8-NS,348,0,2,0,6040,6042,C
8-NS,349,6025,0,1,0,6026,A
8-NS,350,3,5968,1,5,5977,T
8-NS,351,1,0,1,6016,6018,C
8-NS,352,6098,0,0,0,6098,A
8-NS,353,2,1,6279,0,6282,G
8-NS,354,6243,0,1,0,6244,A
8-NS,355,6257,0,1,0,6258,A
8-NS,356,0,6235,0,1,6236,T
8-NS,357,2,1,6138,0,6141,G
8-NS,358,2,0,6157,1,6160,G
8-NS,359,6143,1,4,0,6148,A
8-NS,360,0,1,0,6144,6145,C
8-NS,361,0,0,0,6027,6027,C
8-NS,362,5925,0,4,0,5929,A
8-NS,363,1,0,5971,0,5972,G
8-NS,364,4,0,5940,1,5945,G
8-NS,365,0,2,0,5978,5980,C
8-NS,366,5963,0,1,1,5965,A
8-NS,367,5964,0,1,0,5965,A
8-NS,368,0,5936,0,1,5937,T
8-NS,369,2,0,0,5971,5973,C
8-NS,370,5989,0,0,0,5989,A
8-NS,371,0,5927,1,1,5929,T
8-NS,372,0,0,5887,0,5887,G
8-NS,373,0,1,5888,0,5889,G
8-NS,374,5859,0,8,0,5867,A
8-NS,375,1,0,5949,0,5950,G
8-NS,376,5864,0,0,0,5864,A
8-NS,377,5876,0,0,0,5876,A
8-NS,378,5884,0,1,0,5885,A
8-NS,379,5846,0,4,0,5850,A
8-NS,380,5870,0,6,1,5877,A
8-NS,381,0,0,0,5905,5905,C
8-NS,382,5869,0,1,0,5870,A
8-NS,383,3,5794,1,1,5799,T
8-NS,384,3,1,0,5808,5812,C
8-NS,385,5817,0,2,0,5819,A
8-NS,386,1,5829,1,3,5834,T
8-NS,387,1,1,5840,0,5842,G
8-NS,388,0,5821,0,4,5825,T
8-NS,389,0,5802,0,3,5805,T
8-NS,390,0,0,5789,2,5791,G
8-NS,391,5714,2,1,0,5717,A
8-NS,392,5753,0,2,0,5755,A
8-NS,393,5765,0,6,0,5771,A
8-NS,394,0,0,5749,0,5749,G
8-NS,395,0,2,0,5689,5691,C
8-NS,396,0,6,5741,1,5748,G
8-NS,397,5721,0,1,0,5722,A
8-NS,398,5720,4,2,0,5726,A
8-NS,399,0,5675,0,0,5675,T
8-NS,400,0,5699,1,4,5704,T
8-NS,401,1,5698,0,1,5700,T
8-NS,402,0,1,0,5741,5742,C
8-NS,403,5694,0,3,0,5697,A
8-NS,404,0,0,5728,0,5728,G
8-NS,405,1,5710,0,0,5711,T
8-NS,406,1,0,5700,0,5701,G
8-NS,407,1,5660,1,7,5669,T
8-NS,408,0,1,5723,0,5724,G
8-NS,409,5732,0,1,1,5734,A
8-NS,410,1,5697,0,0,5698,T
8-NS,411,0,5726,1,1,5728,T
8-NS,412,0,5683,0,1,5684,T
8-NS,413,0,5675,0,1,5676,T
8-NS,414,0,5703,0,1,5704,T
8-NS,415,0,0,5712,0,5712,G
8-NS,416,5676,0,9,0,5685,A
8-NS,417,1,2,0,5646,5649,C
8-NS,418,1,0,0,5633,5634,C
8-NS,419,0,1,5712,0,5713,G
8-NS,420,6125,2,2,0,6129,A
8-NS,421,0,0,0,6251,6251,C
8-NS,422,1,6251,0,0,6252,T
8-NS,423,6292,0,3,0,6295,A
8-NS,424,1,0,6275,0,6276,G
8-NS,425,6238,0,7,1,6246,A
8-NS,426,2,2,6287,0,6291,G
8-NS,427,6231,0,9,0,6240,A
8-NS,428,0,0,0,6370,6370,C
8-NS,429,2,0,0,6051,6053,C
8-NS,430,5857,1,4,0,5862,A
8-NS,431,0,6136,0,1,6137,T
8-NS,432,6126,0,5,0,6131,A
8-NS,433,0,0,6523,0,6523,G
8-NS,434,1,6422,0,0,6423,T
8-NS,435,6432,0,2,0,6434,A
8-NS,436,1,6417,0,1,6419,T
8-NS,437,0,6252,0,0,6252,T
8-NS,438,6387,1,1,0,6389,A
8-NS,439,1,1,0,6431,6433,C
8-NS,440,0,6143,0,14,6157,T
8-NS,441,6177,0,2,0,6179,A
8-NS,442,5651,0,3,1,5655,A
8-NS,443,0,2,5658,0,5660,G
8-NS,444,0,1,5627,0,5628,G
8-NS,445,2,0,5603,1,5606,G
8-NS,446,0,1,0,5589,5590,C
8-NS,447,0,5531,0,3,5534,T
8-NS,448,0,5520,0,4,5524,T
8-NS,449,1,5599,1,0,5601,T
8-NS,450,1,0,0,5598,5599,C
8-NS,451,5628,0,13,0,5641,A
8-NS,452,0,1,0,5706,5707,C
8-NS,453,1,2,0,5646,5649,C
8-NS,454,3,0,5694,0,5697,G
8-NS,455,5577,0,0,0,5577,A
8-NS,456,5608,0,0,1,5609,A
8-NS,457,0,1,5671,0,5672,G
8-NS,458,5565,0,4,0,5569,A
8-NS,459,2,3,5614,0,5619,G
8-NS,460,0,3,5521,0,5524,G
8-NS,461,0,2,5550,0,5552,G
8-NS,462,5489,1,9,0,5499,A
8-NS,463,2,0,5507,0,5509,G
8-NS,464,0,4,0,5492,5496,C
8-NS,465,5528,0,0,0,5528,A
8-NS,466,5517,0,2,0,5519,A
8-NS,467,0,5529,0,0,5529,T
8-NS,468,0,5529,0,0,5529,T
8-NS,469,0,0,5505,0,5505,G
8-NS,470,0,5445,0,0,5445,T
8-NS,471,1,5456,0,1,5458,T
8-NS,472,0,0,5445,1,5446,G
8-NS,473,6,1,5397,0,5404,G
8-NS,474,1,0,0,5380,5381,C
8-NS,475,2,0,5481,0,5483,G
8-NS,476,5478,0,1,0,5479,A
8-NS,477,5511,0,0,0,5511,A
8-NS,478,5519,0,0,0,5519,A
8-NS,479,0,5525,0,1,5526,T
8-NS,480,2,0,0,5528,5530,C
8-NS,481,2,5469,0,4,5475,T
8-NS,482,0,0,0,5502,5502,C
8-NS,483,5493,1,4,0,5498,A
8-NS,484,0,2,1,5511,5514,C
8-NS,485,3,2,0,5504,5509,C
8-NS,486,5477,0,0,0,5477,A
8-NS,487,0,5441,0,5,5446,T
8-NS,488,0,5424,0,2,5426,T
8-NS,489,0,0,5427,0,5427,G
8-NS,490,1,0,0,5399,5400,C
8-NS,491,0,1,0,5402,5403,C
8-NS,492,0,5428,0,5,5433,T
8-NS,493,0,5346,1,2,5349,T
8-NS,494,1,2,0,5422,5425,C
8-NS,495,0,5409,0,3,5412,T
8-NS,496,0,5440,0,0,5440,T
8-NS,497,1,5560,0,2,5563,T
8-NS,498,0,5500,0,3,5503,T
8-NS,499,1,2,0,5552,5555,C
8-NS,500,0,3,0,5535,5538,C
8-NS,501,5508,0,23,0,5531,A
8-NS,502,0,0,5619,0,5619,G
8-NS,503,1,0,5590,0,5591,G
8-NS,504,5679,0,0,0,5679,A
8-NS,505,0,1,0,5668,5669,C
8-NS,506,5642,0,1,0,5643,A
8-NS,507,0,5666,0,0,5666,T
8-NS,508,5662,1,0,1,5664,A
8-NS,509,0,0,0,6049,6049,C
8-NS,510,0,6069,0,0,6069,T
8-NS,511,6035,0,0,0,6035,A
8-NS,512,0,5969,0,3,5972,T
8-NS,513,0,5789,0,1,5790,T
8-NS,514,0,0,5799,0,5799,G
8-NS,515,5564,0,2,0,5566,A
8-NS,516,2,0,5553,1,5556,G
8-NS,517,0,0,5532,0,5532,G
8-NS,518,5044,0,1,0,5045,A
8-NS,519,0,5050,0,1,5051,T
8-NS,520,2,1,5011,0,5014,G
8-NS,521,1,4939,0,3,4943,T
8-NS,522,1,1,1,5017,5020,C
8-NS,523,5051,0,1,1,5053,A
8-NS,524,5036,0,0,0,5036,A
8-NS,525,5032,1,0,0,5033,A
8-NS,526,5001,0,0,0,5001,A
8-NS,527,5004,1,1,0,5006,A
8-NS,528,0,5021,0,0,5021,T
8-NS,529,0,1,5020,0,5021,G
8-NS,530,0,2,0,5026,5028,C
8-NS,531,5053,0,0,0,5053,A
8-NS,532,5043,1,2,0,5046,A
8-NS,533,0,5084,0,1,5085,T
8-NS,534,0,5109,0,0,5109,T
8-NS,535,1,4,5080,0,5085,G
8-NS,536,2,3,4987,0,4992,G
8-NS,537,2,3,4955,0,4960,G
8-NS,538,1,0,5023,0,5024,G
8-NS,539,1,4979,0,5,4985,T
8-NS,540,1,0,0,5030,5031,C
8-NS,541,1,2,0,5033,5036,C
8-NS,542,0,5048,0,3,5051,T
8-NS,543,1,1,0,5096,5098,C
8-NS,544,5118,0,1,0,5119,A
8-NS,545,2,5041,0,1,5044,T
8-NS,546,0,0,0,5119,5119,C
8-NS,547,1,0,5100,0,5101,G
8-NS,548,0,0,5096,0,5096,G
8-NS,549,4984,0,3,0,4987,A
8-NS,550,0,0,5006,0,5006,G
8-NS,551,0,3,5001,1,5005,G
8-NS,552,4906,0,2,0,4908,A
8-NS,553,0,1,0,4988,4989,C
8-NS,554,0,4981,1,4,4986,T
8-NS,555,0,5005,2,0,5007,T
8-NS,556,0,2,5042,1,5045,G
8-NS,557,5005,0,2,1,5008,A
8-NS,558,4994,1,1,2,4998,A
8-NS,559,1,5005,1,1,5008,T
8-NS,560,2,0,4929,0,4931,G
8-NS,561,0,2,4986,0,4988,G
8-NS,562,4901,0,2,0,4903,A
8-NS,563,4925,0,2,1,4928,A
8-NS,564,1,5162,0,0,5163,T
8-NS,565,0,3,5181,0,5184,G
8-NS,566,5212,0,1,0,5213,A
8-NS,567,0,5211,0,0,5211,T
8-NS,568,5213,0,9,1,5223,A
8-NS,569,5240,0,8,0,5248,A
8-NS,570,0,0,0,5150,5150,C
8-NS,571,5098,0,2,0,5100,A
8-NS,572,0,0,0,5124,5124,C
8-NS,573,4728,0,2,0,4730,A
8-NS,574,3,0,4804,1,4808,G
8-NS,575,0,4737,1,5,4743,T
8-NS,576,0,4726,0,1,4727,T
8-NS,577,0,1,0,4736,4737,C
8-NS,578,0,1,4735,0,4736,G
8-NS,579,4705,1,0,0,4706,A
8-NS,580,0,0,4744,0,4744,G
8-NS,581,1,4654,0,2,4657,T
8-NS,582,1,1,0,4640,4642,C
8-NS,583,0,4597,0,4,4601,T
8-NS,584,0,0,0,4623,4623,C
8-NS,585,0,4685,0,4,4689,T
8-NS,586,4686,0,0,0,4686,A
8-NS,587,4680,0,1,0,4681,A
8-NS,588,4668,0,2,0,4670,A
8-NS,589,4720,0,0,0,4720,A
8-NS,590,4711,0,0,1,4712,A
8-NS,591,0,4656,0,0,4656,T
8-NS,592,0,0,0,4728,4728,C
8-NS,593,0,4686,0,2,4688,T
8-NS,594,4700,1,1,0,4702,A
8-NS,595,0,0,0,4713,4713,C
8-NS,596,4705,0,0,0,4705,A
8-NS,597,1,1,4707,1,4710,G
8-NS,598,4629,0,2,0,4631,A
8-NS,599,0,0,4637,0,4637,G
8-NS,600,4630,0,2,0,4632,A
8-NS,601,0,4539,0,1,4540,T
8-NS,602,0,4546,0,1,4547,T
8-NS,603,0,1,0,4578,4579,C
8-NS,604,2,0,4578,0,4580,G
8-NS,605,0,0,0,4551,4551,C
8-NS,606,0,4525,1,2,4528,T
8-NS,607,0,4585,0,0,4585,T
8-NS,608,1,0,4573,0,4574,G
8-NS,609,1,2,4600,0,4603,G
8-NS,610,4606,0,3,0,4609,A
8-NS,611,1,0,4595,0,4596,G
8-NS,612,4576,0,1,0,4577,A
8-NS,613,4527,0,0,0,4527,A
8-NS,614,0,0,4560,0,4560,G
8-NS,615,1,0,0,4575,4576,C
8-NS,616,4591,0,1,0,4592,A
8-NS,617,0,0,4672,0,4672,G
8-NS,618,0,4627,0,0,4627,T
8-NS,619,4654,0,0,0,4654,A
8-NS,620,4657,0,0,0,4657,A
8-NS,621,0,4584,1,1,4586,T
8-NS,622,0,2,4640,0,4642,G
8-NS,623,4465,2,2,0,4469,A
8-NS,624,1,0,4552,0,4553,G
8-NS,625,4505,0,0,0,4505,A
8-NS,626,4281,0,1,0,4282,A
8-NS,627,0,4260,0,0,4260,T
8-NS,628,0,1,4214,0,4215,G
8-NS,629,3,1,4217,1,4222,G
8-NS,630,4,1,4176,0,4181,G
8-NS,631,0,1,4159,0,4160,G
8-NS,632,0,1,4177,0,4178,G
8-NS,633,4048,0,0,0,4048,A
8-NS,634,0,3935,1,5,3941,T
8-NS,635,0,0,0,4102,4102,C
8-NS,636,0,4076,0,2,4078,T
8-NS,637,3,0,0,4070,4073,C
8-NS,638,0,1,0,4113,4114,C
8-NS,639,4123,0,1,0,4124,A
8-NS,640,2,0,0,4134,4136,C
8-NS,641,0,4029,0,5,4034,T
8-NS,642,0,4000,0,0,4000,T
8-NS,643,3950,0,0,0,3950,A
8-NS,644,0,0,0,3932,3932,C
8-NS,645,0,3860,0,3,3863,T
8-NS,646,0,1,0,3876,3877,C
8-NS,647,0,0,0,3861,3861,C
8-NS,648,3865,1,0,0,3866,A
8-NS,649,3879,0,0,0,3879,A
8-NS,650,3883,0,0,0,3883,A
8-NS,651,3869,0,2,3,3874,A
8-NS,652,0,0,0,3861,3861,C
8-NS,653,3796,0,1,0,3797,A
8-NS,654,0,0,3797,0,3797,G
8-NS,655,3778,0,2,0,3780,A
8-NS,656,3784,0,1,0,3785,A
8-NS,657,3762,0,3,0,3765,A
8-NS,658,0,0,0,3757,3757,C
8-NS,659,0,1,3771,0,3772,G
8-NS,660,0,1,3759,0,3760,G
8-NS,661,0,1,3755,0,3756,G
8-NS,662,3769,0,0,0,3769,A
8-NS,663,3761,0,0,0,3761,A
8-NS,664,3751,0,3,0,3754,A
8-NS,665,0,3719,0,0,3719,T
8-NS,666,0,0,3764,0,3764,G
8-NS,667,0,0,3722,0,3722,G
8-NS,668,3,3,0,3683,3689,C
8-NS,669,2,2,3757,0,3761,G
8-NS,670,3767,0,0,0,3767,A
8-NS,671,0,0,3781,0,3781,G
8-NS,672,3776,0,0,0,3776,A
8-NS,673,3785,0,1,0,3786,A
8-NS,674,0,0,0,3766,3766,C
8-NS,675,3705,2,3,0,3710,A
8-NS,676,0,0,3674,0,3674,G
8-NS,677,0,1,0,3620,3621,C
8-NS,678,0,3684,0,0,3684,T
8-NS,679,3679,0,3,0,3682,A
8-NS,680,0,0,3612,0,3612,G
8-NS,681,1,0,3623,0,3624,G
8-NS,682,0,3524,0,2,3526,T
8-NS,683,1,0,0,3545,3546,C
8-NS,684,3571,0,3,0,3574,A
8-NS,685,3570,0,0,0,3570,A
8-NS,686,3569,0,0,0,3569,A
8-NS,687,3594,0,0,0,3594,A
8-NS,688,0,0,3564,1,3565,G
8-NS,689,1,3458,0,0,3459,T
8-NS,690,0,3476,0,1,3477,T
8-NS,691,0,3480,0,1,3481,T
8-NS,692,0,3,3500,0,3503,G
8-NS,693,3517,0,3,0,3520,A
8-NS,694,3517,0,0,0,3517,A
8-NS,695,0,0,3529,0,3529,G
8-NS,696,3479,0,0,0,3479,A
8-NS,697,0,1,3488,0,3489,G
8-NS,698,3490,0,4,1,3495,A
8-NS,699,0,3445,0,38,3483,T
8-NS,700,3490,0,2,0,3492,A
8-NS,701,3476,0,1,0,3477,A
8-NS,702,0,0,3438,0,3438,G
8-NS,703,3213,1,2,0,3216,A
8-NS,704,0,3179,0,1,3180,T
8-NS,705,0,1,3203,0,3204,G
8-NS,706,4,2,3200,0,3206,G
8-NS,707,1,1,1,3168,3171,C
8-NS,708,1,3216,0,3,3220,T
8-NS,709,3230,0,1,0,3231,A
8-NS,710,3221,0,1,0,3222,A
8-NS,711,0,3230,0,0,3230,T
8-NS,712,0,3233,0,0,3233,T
8-NS,713,1,0,3242,0,3243,G
8-NS,714,3178,0,1,0,3179,A
8-NS,715,3176,0,0,0,3176,A
8-NS,716,4,1,3154,0,3159,G
8-NS,717,3177,0,0,0,3177,A
8-NS,718,3144,0,1,0,3145,A
8-NS,719,0,0,3188,0,3188,G
8-NS,720,0,3116,0,2,3118,T
8-NS,721,2,1,3111,1,3115,G
8-NS,722,3095,0,4,0,3099,A
8-NS,723,1,1,3089,0,3091,G
8-NS,724,3102,0,3,0,3105,A
8-NS,725,0,0,0,3083,3083,C
8-NS,726,3051,0,3,0,3054,A
8-NS,727,0,0,0,3065,3065,C
8-NS,728,2822,0,4,0,2826,A
8-NS,729,0,0,2873,0,2873,G
8-NS,730,2868,0,0,0,2868,A
8-NS,731,0,2816,0,1,2817,T
8-NS,732,0,2826,0,0,2826,T
8-NS,733,2833,0,0,0,2833,A
8-NS,734,2825,0,1,0,2826,A
8-NS,735,2832,0,1,0,2833,A
8-NS,736,2823,0,0,0,2823,A
8-NS,737,2814,0,1,0,2815,A
8-NS,738,0,0,0,2685,2685,C
8-NS,739,2557,0,0,0,2557,A
8-NS,740,2550,0,0,0,2550,A
8-NS,741,0,0,0,2556,2556,C
8-NS,742,0,2545,0,1,2546,T
8-NS,743,0,1,2567,0,2568,G
8-NS,744,2561,0,0,0,2561,A
8-NS,745,2568,0,0,0,2568,A
8-NS,746,2570,0,0,0,2570,A
8-NS,747,2544,0,0,0,2544,A
8-NS,748,0,2512,0,0,2512,T
8-NS,749,2483,0,0,0,2483,A
8-NS,750,0,0,2472,0,2472,G
8-NS,751,0,0,0,2489,2489,C
8-NS,752,0,2425,1,1,2427,T
8-NS,753,1,2438,0,1,2440,T
8-NS,754,0,2422,1,2,2425,T
8-NS,755,0,3,2439,0,2442,G
8-NS,756,2433,0,3,0,2436,A
8-NS,757,2437,0,2,0,2439,A
8-NS,758,0,0,0,2448,2448,C
8-NS,759,2406,0,0,0,2406,A
8-NS,760,2421,0,0,0,2421,A
8-NS,761,2421,0,0,0,2421,A
8-NS,762,0,2406,2,1,2409,T
8-NS,763,2415,1,0,0,2416,A
8-NS,764,2366,0,2,0,2368,A
8-NS,765,0,1,0,2364,2365,C
8-NS,766,2364,0,2,1,2367,A
8-NS,767,1,2315,0,1,2317,T
8-NS,768,0,2242,0,2,2244,T
8-NS,769,1,0,0,2246,2247,C
8-NS,770,2230,0,0,0,2230,A
8-NS,771,0,2209,1,1,2211,T
8-NS,772,0,0,2219,0,2219,G
8-NS,773,0,1,0,2163,2164,C
8-NS,774,2145,0,0,0,2145,A
8-NS,775,2132,0,0,0,2132,A
8-NS,776,0,0,2114,0,2114,G
8-NS,777,1,1,1,2142,2145,C
8-NS,778,2104,0,0,0,2104,A
8-NS,779,1,2106,0,0,2107,T
8-NS,780,0,2096,0,2,2098,T
8-NS,781,2089,2,3,0,2094,A
8-NS,782,0,0,0,2096,2096,C
8-NS,783,2075,0,0,0,2075,A
8-NS,784,2045,1,0,0,2046,A
8-NS,785,0,0,0,2034,2034,C
8-NS,786,0,1731,0,2,1733,T
8-NS,787,0,0,1738,0,1738,G
8-NS,788,0,0,0,1699,1699,C
8-NS,789,0,1677,0,0,1677,T
8-NS,790,1,0,1693,0,1694,G
8-NS,791,0,1654,0,1,1655,T
8-NS,792,0,1652,0,0,1652,T
8-NS,793,0,1653,0,0,1653,T
8-NS,794,1,0,1626,0,1627,G
8-NS,795,1635,0,1,0,1636,A
8-NS,796,1607,0,0,0,1607,A
8-NS,797,0,0,1597,0,1597,G
8-NS,798,0,1587,0,1,1588,T
8-NS,799,0,0,1510,0,1510,G
8-NS,800,0,0,1514,0,1514,G
8-NS,801,1517,1,1,0,1519,A
8-NS,802,1514,0,1,0,1515,A
8-NS,803,0,0,0,1508,1508,C
8-NS,804,1479,0,0,0,1479,A
8-NS,805,0,1,1470,0,1471,G
8-NS,806,0,0,1445,0,1445,G
8-NS,807,1425,0,2,0,1427,A
8-NS,808,1,0,1421,0,1422,G
8-NS,809,1135,0,36,0,1171,A
8-NS,810,0,1163,0,0,1163,T
8-NS,811,1165,0,0,0,1165,A
8-NS,812,1143,0,2,0,1145,A
8-NS,813,0,0,1147,0,1147,G
8-NS,814,994,0,0,0,994,A
8-NS,815,973,1,0,0,974,A
8-NS,816,0,0,0,970,970,C
8-NS,817,0,820,0,0,820,T
8-NS,818,0,822,0,0,822,T
8-NS,819,0,816,0,0,816,T
8-NS,820,0,0,0,818,818,C
8-NS,821,0,808,0,0,808,T
8-NS,822,0,0,0,802,802,C
8-NS,823,781,0,0,0,781,A
8-NS,824,0,780,0,0,780,T
8-NS,825,0,757,1,0,758,T
8-NS,826,0,753,0,0,753,T
8-NS,827,0,0,0,757,757,C
8-NS,828,731,1,1,0,733,A
8-NS,829,0,0,724,0,724,G
8-NS,830,0,0,0,727,727,C
8-NS,831,0,675,0,0,675,T
8-NS,832,0,671,0,1,672,T
8-NS,833,650,0,1,0,651,A
8-NS,834,0,646,0,0,646,T
8-NS,835,0,649,0,0,649,T
8-NS,836,0,645,1,0,646,T
8-NS,837,623,0,2,0,625,A
8-NS,838,603,0,1,0,604,A
8-NS,839,0,589,0,0,589,T
8-NS,840,4,0,581,0,585,G
8-NS,841,569,0,0,0,569,A
8-NS,842,0,497,1,0,498,T
8-NS,843,490,0,0,0,490,A
8-NS,844,491,0,0,0,491,A
8-NS,845,487,0,0,0,487,A
8-NS,846,488,0,0,0,488,A
8-NS,847,479,0,0,0,479,A
8-NS,848,472,0,2,0,474,A
8-NS,849,0,0,0,475,475,C
8-NS,850,385,0,0,1,386,A
8-NS,851,0,0,0,423,423,C
8-NS,852,1,0,0,406,407,C
8-NS,853,0,0,0,400,400,C
8-NS,854,0,374,0,0,374,T
8-NS,855,0,357,0,0,357,T
8-NS,856,0,0,361,0,361,G
8-NS,857,0,345,0,0,345,T
8-NS,858,0,340,0,0,340,T
8-NS,859,0,326,0,0,326,T
8-NS,860,0,0,0,145,145,C
8-NS,861,0,110,0,0,110,T
8-NS,862,86,0,0,0,86,A
8-NS,863,0,0,0,88,88,C
