Gene,Position,A,T,G,C,Coverage,Consensus
1-PB2,1,320,0,0,0,320,A
1-PB2,2,0,319,0,0,319,T
1-PB2,3,0,0,326,0,326,G
1-PB2,4,0,1,330,0,331,G
1-PB2,5,330,0,0,0,330,A
1-PB2,6,331,0,0,0,331,A
1-PB2,7,332,0,0,0,332,A
1-PB2,8,1,2,360,0,363,G
1-PB2,9,365,0,0,0,365,A
1-PB2,10,365,0,0,0,365,A
1-PB2,11,0,375,0,0,375,T
1-PB2,12,376,0,0,0,376,A
1-PB2,13,375,0,1,0,376,A
1-PB2,14,377,0,0,0,377,A
1-PB2,15,376,0,1,0,377,A
1-PB2,16,0,2,397,0,399,G
1-PB2,17,402,0,0,0,402,A
1-PB2,18,404,0,0,0,404,A
1-PB2,19,1,0,0,415,416,C
1-PB2,20,0,417,0,0,417,T
1-PB2,21,425,0,0,0,425,A
1-PB2,22,0,0,0,424,424,C
1-PB2,23,0,1,425,0,426,G
1-PB2,24,0,0,436,0,436,G
1-PB2,25,436,0,0,0,436,A
1-PB2,26,449,0,0,0,449,A
1-PB2,27,0,449,0,0,449,T
1-PB2,28,0,0,0,453,453,C
1-PB2,29,0,453,0,0,453,T
1-PB2,30,0,1,456,0,457,G
1-PB2,31,460,0,1,0,461,A
1-PB2,32,0,462,0,0,462,T
1-PB2,33,0,0,462,0,462,G
1-PB2,34,0,479,0,0,479,T
1-PB2,35,2,1,0,470,473,C
1-PB2,36,0,0,474,0,474,G
1-PB2,37,1,0,0,472,473,C
1-PB2,38,469,2,0,0,471,A
1-PB2,39,0,0,514,0,514,G
1-PB2,40,0,513,0,0,513,T
1-PB2,41,2,0,0,516,518,C
1-PB2,42,0,513,0,1,514,T
1-PB2,43,4,0,0,514,518,C
1-PB2,44,0,1,519,0,520,G
1-PB2,45,0,0,0,520,520,C
1-PB2,46,522,0,0,0,522,A
1-PB2,47,0,0,0,528,528,C
1-PB2,48,0,524,0,0,524,T
1-PB2,49,2,2,0,537,541,C
1-PB2,50,0,0,539,0,539,G
1-PB2,51,2,0,0,539,541,C
1-PB2,52,0,3,537,1,541,G
1-PB2,53,540,0,0,0,540,A
1-PB2,54,0,1,541,0,542,G
1-PB2,55,566,0,1,0,567,A
1-PB2,56,0,561,0,1,562,T
1-PB2,57,559,0,1,0,560,A
1-PB2,58,1,0,0,559,560,C
1-PB2,59,1,557,0,0,558,T
1-PB2,60,1,1,574,0,576,G
1-PB2,61,575,0,0,0,575,A
1-PB2,62,1,1,0,575,577,C
1-PB2,63,579,0,0,0,579,A
1-PB2,64,576,0,0,0,576,A
1-PB2,65,587,0,0,0,587,A
1-PB2,66,597,0,0,0,597,A
1-PB2,67,599,0,0,0,599,A
1-PB2,68,0,0,0,603,603,C
1-PB2,69,3,0,0,598,601,C
1-PB2,70,621,0,1,0,622,A
1-PB2,71,0,0,0,634,634,C
1-PB2,72,630,0,1,0,631,A
1-PB2,73,0,0,654,0,654,G
1-PB2,74,0,652,0,0,652,T
1-PB2,75,1,2,676,0,679,G
1-PB2,76,0,4,678,0,682,G
1-PB2,77,683,0,0,0,683,A
1-PB2,78,1,1,0,710,712,C
1-PB2,79,2,0,0,702,704,C
1-PB2,80,711,0,0,0,711,A
1-PB2,81,0,712,0,0,712,T
1-PB2,82,706,0,1,0,707,A
1-PB2,83,0,707,0,0,707,T
1-PB2,84,0,2,701,0,703,G
1-PB2,85,0,1,706,0,707,G
1-PB2,86,1,0,0,709,710,C
1-PB2,87,3,0,0,689,692,C
1-PB2,88,689,0,0,0,689,A
1-PB2,89,0,727,0,0,727,T
1-PB2,90,730,0,1,0,731,A
1-PB2,91,771,0,0,0,771,A
1-PB2,92,0,768,0,0,768,T
1-PB2,93,0,760,0,0,760,T
1-PB2,94,768,0,1,0,769,A
1-PB2,95,769,0,0,0,769,A
1-PB2,96,1,4,786,0,791,G
1-PB2,97,790,0,1,0,791,A
1-PB2,98,773,0,0,0,773,A
1-PB2,99,0,0,807,0,807,G
1-PB2,100,0,792,0,0,792,T
1-PB2,101,794,2,1,0,797,A
1-PB2,102,1,0,0,796,797,C
1-PB2,103,798,0,0,0,798,A
1-PB2,104,0,0,0,819,819,C
1-PB2,105,814,0,0,0,814,A
1-PB2,106,0,816,0,0,816,T
1-PB2,107,2,0,0,819,821,C
1-PB2,108,0,6,807,0,813,G
1-PB2,109,0,9,803,0,812,G
1-PB2,110,0,2,810,0,812,G
1-PB2,111,0,2,811,0,813,G
1-PB2,112,805,0,0,1,806,A
1-PB2,113,0,4,806,0,810,G
1-PB2,114,800,0,0,0,800,A
1-PB2,115,0,0,0,807,807,C
1-PB2,116,810,0,0,0,810,A
1-PB2,117,0,4,821,0,825,G
1-PB2,118,0,6,840,0,846,G
1-PB2,119,842,0,1,0,843,A
1-PB2,120,841,0,0,2,843,A
1-PB2,121,846,0,0,0,846,A
1-PB2,122,838,1,1,0,840,A
1-PB2,123,0,2,839,0,841,G
1-PB2,124,827,0,5,0,832,A
1-PB2,125,833,0,1,0,834,A
1-PB2,126,0,0,0,830,830,C
1-PB2,127,2,0,0,824,826,C
1-PB2,128,2,1,0,826,829,C
1-PB2,129,1,0,829,0,830,G
1-PB2,130,0,832,0,1,833,T
1-PB2,131,4,0,0,834,838,C
1-PB2,132,847,0,0,1,848,A
1-PB2,133,0,0,0,853,853,C
1-PB2,134,0,850,0,0,850,T
1-PB2,135,0,854,0,0,854,T
1-PB2,136,851,0,0,0,851,A
1-PB2,137,0,2,863,0,865,G
1-PB2,138,0,3,860,0,863,G
1-PB2,139,863,0,0,0,863,A
1-PB2,140,0,864,0,1,865,T
1-PB2,141,0,7,864,0,871,G
1-PB2,142,878,0,0,0,878,A
1-PB2,143,876,0,0,0,876,A
1-PB2,144,879,0,0,0,879,A
1-PB2,145,1,879,0,0,880,T
1-PB2,146,1,2,879,0,882,G
1-PB2,147,1,3,886,0,890,G
1-PB2,148,888,0,0,0,888,A
1-PB2,149,0,887,0,1,888,T
1-PB2,150,2,3,872,0,877,G
1-PB2,151,870,1,2,0,873,A
1-PB2,152,1,877,0,0,878,T
1-PB2,153,0,4,875,0,879,G
1-PB2,154,1,1,876,0,878,G
1-PB2,155,1,0,0,879,880,C
1-PB2,156,868,0,0,1,869,A
1-PB2,157,885,0,1,0,886,A
1-PB2,158,0,888,0,0,888,T
1-PB2,159,0,2,929,0,931,G
1-PB2,160,927,0,0,0,927,A
1-PB2,161,927,0,0,0,927,A
1-PB2,162,930,0,0,0,930,A
1-PB2,163,0,939,0,0,939,T
1-PB2,164,942,0,1,0,943,A
1-PB2,165,1,0,0,959,960,C
1-PB2,166,3,0,1,946,950,C
1-PB2,167,4,0,0,951,955,C
1-PB2,168,959,0,0,0,959,A
1-PB2,169,964,0,0,0,964,A
1-PB2,170,0,961,0,0,961,T
1-PB2,171,6,1,0,958,965,C
1-PB2,172,959,0,0,0,959,A
1-PB2,173,0,0,0,978,978,C
1-PB2,174,0,960,0,0,960,T
1-PB2,175,3,1,965,0,969,G
1-PB2,176,0,0,0,965,965,C
1-PB2,177,0,963,0,1,964,T
1-PB2,178,1,8,965,0,974,G
1-PB2,179,974,0,0,0,974,A
1-PB2,180,0,1,0,982,983,C
1-PB2,181,983,0,0,0,983,A
1-PB2,182,959,0,7,0,966,A
1-PB2,183,969,0,0,0,969,A
1-PB2,184,967,0,1,0,968,A
1-PB2,185,0,1,980,0,981,G
1-PB2,186,0,5,981,0,986,G
1-PB2,187,975,0,2,0,977,A
1-PB2,188,1,976,0,1,978,T
1-PB2,189,972,0,0,0,972,A
1-PB2,190,984,0,1,0,985,A
1-PB2,191,0,0,0,992,992,C
1-PB2,192,986,0,0,0,986,A
1-PB2,193,0,5,985,0,990,G
1-PB2,194,979,0,0,0,979,A
1-PB2,195,975,0,0,0,975,A
1-PB2,196,980,0,0,0,980,A
1-PB2,197,0,978,0,0,978,T
1-PB2,198,0,6,969,0,975,G
1-PB2,199,0,0,988,0,988,G
1-PB2,200,0,983,0,1,984,T
1-PB2,201,0,976,0,1,977,T
1-PB2,202,3,0,0,973,976,C
1-PB2,203,2,0,0,977,979,C
1-PB2,204,975,0,0,0,975,A
1-PB2,205,0,4,975,0,979,G
1-PB2,206,980,0,0,0,980,A
1-PB2,207,0,3,983,0,986,G
1-PB2,208,968,0,1,0,969,A
1-PB2,209,0,3,982,1,986,G
1-PB2,210,988,0,0,0,988,A
1-PB2,211,984,0,2,0,986,A
1-PB2,212,986,0,1,0,987,A
1-PB2,213,0,978,1,0,979,T
1-PB2,214,0,12,980,0,992,G
1-PB2,215,991,1,1,0,993,A
1-PB2,216,989,0,1,0,990,A
1-PB2,217,4,0,0,982,986,C
1-PB2,218,970,1,0,0,971,A
1-PB2,219,980,0,1,0,981,A
1-PB2,220,0,3,1003,0,1006,G
1-PB2,221,1,6,1021,0,1028,G
1-PB2,222,1025,0,2,0,1027,A
1-PB2,223,1,0,0,1025,1026,C
1-PB2,224,1021,0,0,0,1021,A
1-PB2,225,1023,1,0,0,1024,A
1-PB2,226,1078,0,1,0,1079,A
1-PB2,227,0,0,0,1087,1087,C
1-PB2,228,0,1072,0,0,1072,T
1-PB2,229,2,0,0,1096,1098,C
1-PB2,230,0,1073,0,1,1074,T
1-PB2,231,1083,0,0,0,1083,A
1-PB2,232,0,1079,0,0,1079,T
1-PB2,233,1,1,1079,0,1081,G
1-PB2,234,0,5,1092,0,1097,G
1-PB2,235,1044,0,1,0,1045,A
1-PB2,236,0,0,1045,0,1045,G
1-PB2,237,0,1044,0,0,1044,T
1-PB2,238,1030,0,2,0,1032,A
1-PB2,239,1034,0,0,0,1034,A
1-PB2,240,1038,0,0,0,1038,A
1-PB2,241,1041,1,0,0,1042,A
1-PB2,242,0,1035,0,0,1035,T
1-PB2,243,0,8,1016,0,1024,G
1-PB2,244,1019,0,0,0,1019,A
1-PB2,245,1005,0,1,0,1006,A
1-PB2,246,0,1022,1,0,1023,T
1-PB2,247,0,3,1019,0,1022,G
1-PB2,248,1056,0,0,0,1056,A
1-PB2,249,1,1066,0,0,1067,T
1-PB2,250,1,0,1064,0,1065,G
1-PB2,251,2,0,0,1059,1061,C
1-PB2,252,0,1051,0,0,1051,T
1-PB2,253,0,1,1098,0,1099,G
1-PB2,254,0,5,1097,0,1102,G
1-PB2,255,1108,0,1,0,1109,A
1-PB2,256,0,1106,0,3,1109,T
1-PB2,257,4,0,0,1097,1101,C
1-PB2,258,1112,0,2,0,1114,A
1-PB2,259,0,1,1154,0,1155,G
1-PB2,260,1152,0,2,0,1154,A
1-PB2,261,0,1155,0,0,1155,T
1-PB2,262,1115,0,0,0,1115,A
1-PB2,263,0,5,1142,0,1147,G
1-PB2,264,1128,0,1,0,1129,A
1-PB2,265,0,0,1140,1,1141,G
1-PB2,266,0,1124,0,0,1124,T
1-PB2,267,0,8,1106,0,1114,G
1-PB2,268,1087,0,1,0,1088,A
1-PB2,269,0,1084,0,0,1084,T
1-PB2,270,2,6,1095,0,1103,G
1-PB2,271,1,1,1118,0,1120,G
1-PB2,272,2,1090,0,0,1092,T
1-PB2,273,1093,0,0,0,1093,A
1-PB2,274,0,1076,0,0,1076,T
1-PB2,275,3,0,0,1069,1072,C
1-PB2,276,1092,0,2,0,1094,A
1-PB2,277,1,1,0,1111,1113,C
1-PB2,278,3,0,0,1108,1111,C
1-PB2,279,0,1086,0,0,1086,T
1-PB2,280,0,1071,0,0,1071,T
1-PB2,281,0,1064,0,1,1065,T
1-PB2,282,1,3,1082,0,1086,G
1-PB2,283,1,1,1086,0,1088,G
1-PB2,284,0,0,0,1100,1100,C
1-PB2,285,0,1074,0,2,1076,T
1-PB2,286,0,1,1078,0,1079,G
1-PB2,287,0,1085,0,0,1085,T
1-PB2,288,1085,0,0,0,1085,A
1-PB2,289,1092,0,0,0,1092,A
1-PB2,290,0,0,0,1092,1092,C
1-PB2,291,1077,0,1,0,1078,A
1-PB2,292,0,1077,0,0,1077,T
1-PB2,293,0,7,1057,0,1064,G
1-PB2,294,0,2,1084,0,1086,G
1-PB2,295,0,1079,0,1,1080,T
1-PB2,296,0,2,1074,1,1077,G
1-PB2,297,0,1,1100,0,1101,G
1-PB2,298,1097,0,0,0,1097,A
1-PB2,299,1105,0,0,0,1105,A
1-PB2,300,0,1105,0,0,1105,T
1-PB2,301,1100,0,0,0,1100,A
1-PB2,302,0,4,1126,0,1130,G
1-PB2,303,1119,0,0,0,1119,A
1-PB2,304,1114,2,0,0,1116,A
1-PB2,305,1112,0,0,0,1112,A
1-PB2,306,0,1092,0,1,1093,T
1-PB2,307,0,8,1088,0,1096,G
1-PB2,308,1,5,1082,0,1088,G
1-PB2,309,1088,0,0,0,1088,A
1-PB2,310,2,1,0,1093,1096,C
1-PB2,311,2,1,0,1082,1085,C
1-PB2,312,7,0,0,1080,1087,C
1-PB2,313,2,0,1092,0,1094,G
1-PB2,314,0,1098,0,2,1100,T
1-PB2,315,1,6,1116,0,1123,G
1-PB2,316,1122,0,2,0,1124,A
1-PB2,317,0,2,0,1130,1132,C
1-PB2,318,1127,0,3,1,1131,A
1-PB2,319,1125,0,0,0,1125,A
1-PB2,320,0,0,1160,0,1160,G
1-PB2,321,0,1154,0,1,1155,T
1-PB2,322,1157,0,0,0,1157,A
1-PB2,323,0,1,0,1143,1144,C
1-PB2,324,0,7,1110,0,1117,G
1-PB2,325,1,0,1144,0,1145,G
1-PB2,326,0,1136,0,1,1137,T
1-PB2,327,5,0,0,1144,1149,C
1-PB2,328,3,0,0,1141,1144,C
1-PB2,329,1117,0,2,0,1119,A
1-PB2,330,0,1120,0,2,1122,T
1-PB2,331,0,1121,0,1,1122,T
1-PB2,332,1183,0,0,0,1183,A
1-PB2,333,2,2,0,1178,1182,C
1-PB2,334,6,0,0,1149,1155,C
1-PB2,335,5,1,0,1150,1156,C
1-PB2,336,1144,0,1,0,1145,A
1-PB2,337,1153,0,1,0,1154,A
1-PB2,338,1153,0,1,0,1154,A
1-PB2,339,1154,0,0,0,1154,A
1-PB2,340,0,3,1171,0,1174,G
1-PB2,341,0,1130,0,0,1130,T
1-PB2,342,0,1,1144,0,1145,G
1-PB2,343,0,1144,0,2,1146,T
1-PB2,344,1144,0,1,0,1145,A
1-PB2,345,1,1,0,1140,1142,C
1-PB2,346,1139,0,0,0,1139,A
1-PB2,347,1142,0,0,0,1142,A
1-PB2,348,0,3,1151,0,1154,G
1-PB2,349,1137,0,0,0,1137,A
1-PB2,350,1,0,0,1134,1135,C
1-PB2,351,2,1109,0,3,1114,T
1-PB2,352,0,1125,0,0,1125,T
1-PB2,353,1126,0,0,1,1127,A
1-PB2,354,0,1123,0,2,1125,T
1-PB2,355,0,1125,0,0,1125,T
1-PB2,356,0,1122,0,0,1122,T
1-PB2,357,3,0,0,1107,1110,C
1-PB2,358,2,6,1100,0,1108,G
1-PB2,359,1107,0,0,0,1107,A
1-PB2,360,0,0,0,1105,1105,C
1-PB2,361,1102,0,0,1,1103,A
1-PB2,362,1099,1,1,0,1101,A
1-PB2,363,1100,0,0,0,1100,A
1-PB2,364,0,0,1115,0,1115,G
1-PB2,365,0,1111,0,0,1111,T
1-PB2,366,5,0,0,1107,1112,C
1-PB2,367,0,3,1110,0,1113,G
1-PB2,368,1110,0,2,0,1112,A
1-PB2,369,1113,0,1,0,1114,A
1-PB2,370,1114,0,0,0,1114,A
1-PB2,371,0,3,1150,0,1153,G
1-PB2,372,0,0,1157,0,1157,G
1-PB2,373,1,1152,0,1,1154,T
1-PB2,374,1,1153,0,0,1154,T
1-PB2,375,1152,0,0,0,1152,A
1-PB2,376,1154,0,0,0,1154,A
1-PB2,377,1157,0,0,0,1157,A
1-PB2,378,1174,0,1,1,1176,A
1-PB2,379,2,0,0,1176,1178,C
1-PB2,380,1150,0,0,0,1150,A
1-PB2,381,1,1143,0,1,1145,T
1-PB2,382,0,4,1135,0,1139,G
1-PB2,383,0,7,1140,0,1147,G
1-PB2,384,1148,1,0,0,1149,A
1-PB2,385,1158,0,1,0,1159,A
1-PB2,386,0,0,0,1197,1197,C
1-PB2,387,4,0,0,1204,1208,C
1-PB2,388,0,1193,0,2,1195,T
1-PB2,389,0,1194,0,0,1194,T
1-PB2,390,0,1195,1,0,1196,T
1-PB2,391,0,5,1186,0,1191,G
1-PB2,392,0,1,1197,0,1198,G
1-PB2,393,1,0,0,1195,1196,C
1-PB2,394,2,0,0,1191,1193,C
1-PB2,395,5,2,0,1177,1184,C
1-PB2,396,0,1149,0,1,1150,T
1-PB2,397,0,0,1171,0,1171,G
1-PB2,398,0,1172,0,2,1174,T
1-PB2,399,0,1176,0,0,1176,T
1-PB2,400,9,1,0,1161,1171,C
1-PB2,401,1161,0,0,0,1161,A
1-PB2,402,0,1163,0,0,1163,T
1-PB2,403,0,1158,0,0,1158,T
1-PB2,404,0,1164,0,0,1164,T
1-PB2,405,0,1166,0,0,1166,T
1-PB2,406,1149,0,1,0,1150,A
1-PB2,407,0,4,1144,0,1148,G
1-PB2,408,1146,0,0,0,1146,A
1-PB2,409,1150,0,1,0,1151,A
1-PB2,410,1144,0,1,0,1145,A
1-PB2,411,0,1143,0,1,1144,T
1-PB2,412,8,1,0,1134,1143,C
1-PB2,413,1143,0,1,0,1144,A
1-PB2,414,1156,1,0,0,1157,A
1-PB2,415,0,1,1162,0,1163,G
1-PB2,416,0,1156,0,1,1157,T
1-PB2,417,9,1,0,1150,1160,C
1-PB2,418,1162,0,0,0,1162,A
1-PB2,419,1173,0,0,0,1173,A
1-PB2,420,0,2,1171,0,1173,G
1-PB2,421,1178,0,0,0,1178,A
1-PB2,422,0,1180,0,0,1180,T
1-PB2,423,1199,0,2,0,1201,A
1-PB2,424,0,1,0,1194,1195,C
1-PB2,425,0,2,1193,0,1195,G
1-PB2,426,0,0,0,1221,1221,C
1-PB2,427,1206,0,0,0,1206,A
1-PB2,428,1,3,1212,0,1216,G
1-PB2,429,1215,0,0,0,1215,A
1-PB2,430,1215,0,2,0,1217,A
1-PB2,431,0,6,1233,0,1239,G
1-PB2,432,1212,0,2,0,1214,A
1-PB2,433,0,1,1218,0,1219,G
1-PB2,434,0,1214,0,0,1214,T
1-PB2,435,1200,0,2,0,1202,A
1-PB2,436,0,4,1222,0,1226,G
1-PB2,437,1229,2,1,0,1232,A
1-PB2,438,0,0,1,1281,1282,C
1-PB2,439,1266,0,0,0,1266,A
1-PB2,440,0,1250,0,2,1252,T
1-PB2,441,1249,0,0,0,1249,A
1-PB2,442,1241,0,0,0,1241,A
1-PB2,443,1254,0,1,0,1255,A
1-PB2,444,0,0,0,1257,1257,C
1-PB2,445,3,0,0,1236,1239,C
1-PB2,446,3,0,0,1229,1232,C
1-PB2,447,0,1184,0,0,1184,T
1-PB2,448,1,1,1194,0,1196,G
1-PB2,449,2,0,1215,0,1217,G
1-PB2,450,0,1213,0,1,1214,T
1-PB2,451,9,0,0,1201,1210,C
1-PB2,452,1216,0,0,0,1216,A
1-PB2,453,0,1211,0,0,1211,T
1-PB2,454,2,1,1217,0,1220,G
1-PB2,455,1,1,0,1221,1223,C
1-PB2,456,1208,0,0,0,1208,A
1-PB2,457,0,8,1211,0,1219,G
1-PB2,458,1197,0,1,0,1198,A
1-PB2,459,1,0,0,1209,1210,C
1-PB2,460,2,0,0,1216,1218,C
1-PB2,461,0,1196,0,3,1199,T
1-PB2,462,3,1,0,1205,1209,C
1-PB2,463,1191,0,0,0,1191,A
1-PB2,464,0,2,1220,0,1222,G
1-PB2,465,0,1224,0,1,1225,T
1-PB2,466,0,1,1225,0,1226,G
1-PB2,467,2,0,0,1225,1227,C
1-PB2,468,18,0,0,1187,1205,C
1-PB2,469,1205,0,1,0,1206,A
1-PB2,470,1207,1,0,0,1208,A
1-PB2,471,1205,0,0,1,1206,A
1-PB2,472,5,3,1202,0,1210,G
1-PB2,473,1169,0,0,0,1169,A
1-PB2,474,0,5,1171,0,1176,G
1-PB2,475,0,1,1166,0,1167,G
1-PB2,476,1,0,0,1162,1163,C
1-PB2,477,1169,0,1,0,1170,A
1-PB2,478,1,0,0,1169,1170,C
1-PB2,479,1166,0,1,0,1167,A
1-PB2,480,1189,0,0,0,1189,A
1-PB2,481,0,1,1193,0,1194,G
1-PB2,482,1215,0,0,0,1215,A
1-PB2,483,0,1203,0,0,1203,T
1-PB2,484,0,1,1203,0,1204,G
1-PB2,485,0,1198,0,2,1200,T
1-PB2,486,1204,0,2,0,1206,A
1-PB2,487,1208,0,0,0,1208,A
1-PB2,488,0,1206,0,0,1206,T
1-PB2,489,0,1163,0,0,1163,T
1-PB2,490,1153,0,0,0,1153,A
1-PB2,491,0,1119,0,1,1120,T
1-PB2,492,0,2,1123,0,1125,G
1-PB2,493,0,0,1119,0,1119,G
1-PB2,494,1110,0,0,0,1110,A
1-PB2,495,1105,0,0,0,1105,A
1-PB2,496,0,0,1104,0,1104,G
1-PB2,497,0,1095,0,0,1095,T
1-PB2,498,0,1094,0,0,1094,T
1-PB2,499,0,4,1101,0,1105,G
1-PB2,500,0,1097,1,2,1100,T
1-PB2,501,0,1097,0,0,1097,T
1-PB2,502,0,1103,0,0,1103,T
1-PB2,503,0,1100,0,0,1100,T
1-PB2,504,0,1094,0,1,1095,T
1-PB2,505,2,0,0,1097,1099,C
1-PB2,506,2,0,0,1096,1098,C
1-PB2,507,4,0,0,1096,1100,C
1-PB2,508,1093,0,0,0,1093,A
1-PB2,509,1085,3,7,0,1095,A
1-PB2,510,1,1098,0,0,1099,T
1-PB2,511,0,4,1106,0,1110,G
1-PB2,512,1108,0,0,0,1108,A
1-PB2,513,1099,0,2,0,1101,A
1-PB2,514,0,0,1118,0,1118,G
1-PB2,515,1,1108,0,1,1110,T
1-PB2,516,0,6,1099,0,1105,G
1-PB2,517,0,6,1097,0,1103,G
1-PB2,518,1,1,1108,0,1110,G
1-PB2,519,1111,1,3,0,1115,A
1-PB2,520,0,1,1108,0,1109,G
1-PB2,521,1,0,0,1105,1106,C
1-PB2,522,3,0,0,1105,1108,C
1-PB2,523,1109,0,0,0,1109,A
1-PB2,524,0,3,1137,0,1140,G
1-PB2,525,0,3,1144,0,1147,G
1-PB2,526,1151,0,0,0,1151,A
1-PB2,527,0,1140,0,0,1140,T
1-PB2,528,1144,0,3,0,1147,A
1-PB2,529,0,0,0,1146,1146,C
1-PB2,530,0,1141,0,0,1141,T
1-PB2,531,1144,0,0,0,1144,A
1-PB2,532,1139,0,0,0,1139,A
1-PB2,533,0,0,0,1145,1145,C
1-PB2,534,1111,0,0,0,1111,A
1-PB2,535,0,1099,0,1,1100,T
1-PB2,536,7,0,0,1098,1105,C
1-PB2,537,1088,0,0,0,1088,A
1-PB2,538,1,6,1092,0,1099,G
1-PB2,539,1094,0,0,0,1094,A
1-PB2,540,1089,0,0,0,1089,A
1-PB2,541,0,1086,0,2,1088,T
1-PB2,542,8,0,0,1072,1080,C
1-PB2,543,1078,0,1,0,1079,A
1-PB2,544,1,0,0,1108,1109,C
1-PB2,545,1105,1,0,0,1106,A
1-PB2,546,1118,0,1,0,1119,A
1-PB2,547,1,1102,0,1,1104,T
1-PB2,548,0,1102,0,0,1102,T
1-PB2,549,1114,0,0,0,1114,A
1-PB2,550,1116,1,1,0,1118,A
1-PB2,551,0,0,0,1125,1125,C
1-PB2,552,1110,0,1,0,1111,A
1-PB2,553,1098,0,0,0,1098,A
1-PB2,554,0,1105,0,1,1106,T
1-PB2,555,1103,0,0,0,1103,A
1-PB2,556,1103,1,1,0,1105,A
1-PB2,557,1,0,0,1103,1104,C
1-PB2,558,0,1100,0,0,1100,T
1-PB2,559,1098,0,0,0,1098,A
1-PB2,560,1090,0,2,0,1092,A
1-PB2,561,1095,0,0,0,1095,A
1-PB2,562,0,5,1093,0,1098,G
1-PB2,563,1063,0,1,0,1064,A
1-PB2,564,0,5,1069,0,1074,G
1-PB2,565,1065,0,1,1,1067,A
1-PB2,566,1072,1,0,0,1073,A
1-PB2,567,1075,0,0,0,1075,A
1-PB2,568,1068,0,0,0,1068,A
1-PB2,569,1072,0,1,0,1073,A
1-PB2,570,1074,0,0,0,1074,A
1-PB2,571,0,5,1076,0,1081,G
1-PB2,572,1078,0,0,0,1078,A
1-PB2,573,1069,0,2,0,1071,A
1-PB2,574,0,4,1071,0,1075,G
1-PB2,575,1076,0,0,0,1076,A
1-PB2,576,1080,0,0,0,1080,A
1-PB2,577,1,0,0,1086,1087,C
1-PB2,578,0,1074,0,0,1074,T
1-PB2,579,2,0,0,1074,1076,C
1-PB2,580,2,1,0,1076,1079,C
1-PB2,581,1,9,1069,0,1079,G
1-PB2,582,1076,0,1,0,1077,A
1-PB2,583,0,5,1073,0,1078,G
1-PB2,584,1068,1,0,0,1069,A
1-PB2,585,0,1070,0,1,1071,T
1-PB2,586,0,1051,0,1,1052,T
1-PB2,587,0,1,1051,0,1052,G
1-PB2,588,1,0,0,1050,1051,C
1-PB2,589,1053,0,0,0,1053,A
1-PB2,590,1051,0,0,0,1051,A
1-PB2,591,1054,0,0,0,1054,A
1-PB2,592,1062,0,0,0,1062,A
1-PB2,593,0,1060,0,1,1061,T
1-PB2,594,0,1060,0,0,1060,T
1-PB2,595,0,1062,0,0,1062,T
1-PB2,596,3,0,0,1061,1064,C
1-PB2,597,0,1067,0,2,1069,T
1-PB2,598,5,0,0,1189,1194,C
1-PB2,599,0,0,0,1201,1201,C
1-PB2,600,2,0,0,1408,1410,C
1-PB2,601,0,1403,0,0,1403,T
1-PB2,602,1,1433,0,0,1434,T
1-PB2,603,0,5,1444,0,1449,G
1-PB2,604,1460,0,0,0,1460,A
1-PB2,605,1,1497,0,1,1499,T
1-PB2,606,0,4,1539,0,1543,G
1-PB2,607,0,1,1827,0,1828,G
1-PB2,608,0,1882,0,1,1883,T
1-PB2,609,1,1881,0,1,1883,T
1-PB2,610,2,1,2097,0,2100,G
1-PB2,611,0,0,0,2129,2129,C
1-PB2,612,2214,0,1,0,2215,A
1-PB2,613,1,2219,0,0,2220,T
1-PB2,614,2244,0,0,4,2248,A
1-PB2,615,2,1,1,2403,2407,C
1-PB2,616,2818,1,0,15,2834,A
1-PB2,617,1,2931,0,1,2933,T
1-PB2,618,0,3,3127,0,3130,G
1-PB2,619,0,3107,0,1,3108,T
1-PB2,620,0,3110,0,0,3110,T
1-PB2,621,3121,0,0,0,3121,A
1-PB2,622,2,11,3116,0,3129,G
1-PB2,623,3171,0,6,0,3177,A
1-PB2,624,0,15,3217,0,3232,G
1-PB2,625,3121,0,3,0,3124,A
1-PB2,626,1,12,3152,0,3165,G
1-PB2,627,3133,1,5,0,3139,A
1-PB2,628,0,12,3162,0,3174,G
1-PB2,629,3164,9,10,1,3184,A
1-PB2,630,3188,0,0,0,3188,A
1-PB2,631,3,0,0,3217,3220,C
1-PB2,632,0,3217,1,2,3220,T
1-PB2,633,1,3217,0,0,3218,T
1-PB2,634,1,1,3228,0,3230,G
1-PB2,635,0,3228,0,0,3228,T
1-PB2,636,3226,0,6,0,3232,A
1-PB2,637,1,5,0,3221,3227,C
1-PB2,638,8,19,3198,0,3225,G
1-PB2,639,3246,0,0,0,3246,A
1-PB2,640,3234,0,3,0,3237,A
1-PB2,641,3284,0,1,0,3285,A
1-PB2,642,3286,0,1,0,3287,A
1-PB2,643,3291,1,2,1,3295,A
1-PB2,644,2,0,0,3303,3305,C
1-PB2,645,3305,0,2,0,3307,A
1-PB2,646,3319,0,3,0,3322,A
1-PB2,647,0,8,3355,0,3363,G
1-PB2,648,3377,1,1,0,3379,A
1-PB2,649,0,3374,0,0,3374,T
1-PB2,650,0,3365,0,1,3366,T
1-PB2,651,0,3382,0,7,3389,T
1-PB2,652,10,0,0,3402,3412,C
1-PB2,653,1,3424,0,6,3431,T
1-PB2,654,14,0,0,3428,3442,C
1-PB2,655,7,0,0,3428,3435,C
1-PB2,656,17,3,0,3422,3442,C
1-PB2,657,3441,1,1,0,3443,A
1-PB2,658,1,0,3502,0,3503,G
1-PB2,659,0,3504,1,1,3506,T
1-PB2,660,0,3498,0,1,3499,T
1-PB2,661,1,1,3499,0,3501,G
1-PB2,662,4,2,0,3493,3499,C
1-PB2,663,0,3487,0,2,3489,T
1-PB2,664,1,4,3501,0,3506,G
1-PB2,665,1,4,3501,0,3506,G
1-PB2,666,5,2,7,3492,3506,C
1-PB2,667,1,7,3499,0,3507,G
1-PB2,668,0,22,3543,0,3565,G
1-PB2,669,3542,0,38,0,3580,A
1-PB2,670,3580,1,3,0,3584,A
1-PB2,671,3,0,0,3596,3599,C
1-PB2,672,3616,1,3,0,3620,A
1-PB2,673,3623,0,5,0,3628,A
1-PB2,674,0,1,3830,0,3831,G
1-PB2,675,3,0,1,3921,3925,C
1-PB2,676,3953,2,1,0,3956,A
1-PB2,677,1,4,5021,0,5026,G
1-PB2,678,0,5008,0,8,5016,T
1-PB2,679,5055,0,3,0,5058,A
1-PB2,680,1,5046,0,2,5049,T
1-PB2,681,5074,3,4,1,5082,A
1-PB2,682,1,5076,0,2,5079,T
1-PB2,683,5012,1,2,0,5015,A
1-PB2,684,1,1,0,5096,5098,C
1-PB2,685,4892,0,9,0,4901,A
1-PB2,686,2,4682,0,1,4685,T
1-PB2,687,0,4525,0,3,4528,T
1-PB2,688,0,24,4510,0,4534,G
1-PB2,689,4530,0,1,0,4531,A
1-PB2,690,4517,0,2,0,4519,A
1-PB2,691,0,4,4593,0,4597,G
1-PB2,692,0,4569,2,3,4574,T
1-PB2,693,0,4526,1,1,4528,T
1-PB2,694,0,4541,0,4,4545,T
1-PB2,695,0,4550,0,0,4550,T
1-PB2,696,4602,8,1,0,4611,A
1-PB2,697,2,0,0,4641,4643,C
1-PB2,698,4639,0,2,0,4641,A
1-PB2,699,1,4633,0,1,4635,T
1-PB2,700,0,4599,1,3,4603,T
1-PB2,701,0,4605,0,1,4606,T
1-PB2,702,1,45,4632,1,4679,G
1-PB2,703,4698,2,5,1,4706,A
1-PB2,704,5,0,0,4734,4739,C
1-PB2,705,0,4715,0,3,4718,T
1-PB2,706,19,2,0,4690,4711,C
1-PB2,707,4693,0,3,0,4696,A
1-PB2,708,3,26,4645,0,4674,G
1-PB2,709,0,19,4815,2,4836,G
1-PB2,710,3,27,4822,2,4854,G
1-PB2,711,4856,2,4,0,4862,A
1-PB2,712,4850,1,6,0,4857,A
1-PB2,713,5,3,0,4855,4863,C
1-PB2,714,6,6,4903,0,4915,G
1-PB2,715,1,4917,0,1,4919,T
1-PB2,716,0,5,4944,0,4949,G
1-PB2,717,1,4915,0,2,4918,T
1-PB2,718,0,4915,0,0,4915,T
1-PB2,719,2,20,4930,1,4953,G
1-PB2,720,2,16,4922,0,4940,G
1-PB2,721,0,25,4980,0,5005,G
1-PB2,722,4970,0,2,0,4972,A
1-PB2,723,4970,0,2,0,4972,A
1-PB2,724,5,0,0,5096,5101,C
1-PB2,725,5076,0,1,1,5078,A
1-PB2,726,5259,0,3,0,5262,A
1-PB2,727,5287,1,2,0,5290,A
1-PB2,728,0,5318,0,2,5320,T
1-PB2,729,1,5,5425,1,5432,G
1-PB2,730,0,5393,1,2,5396,T
1-PB2,731,5389,2,3,0,5394,A
1-PB2,732,5,2,0,5412,5419,C
1-PB2,733,5330,0,3,0,5333,A
1-PB2,734,1,0,0,5329,5330,C
1-PB2,735,0,5143,0,5,5148,T
1-PB2,736,17,1,0,5662,5680,C
1-PB2,737,11,1,0,5680,5692,C
1-PB2,738,5785,1,2,0,5788,A
1-PB2,739,0,15,5812,1,5828,G
1-PB2,740,0,8,5958,1,5967,G
1-PB2,741,0,5957,0,3,5960,T
1-PB2,742,0,24,5924,0,5948,G
1-PB2,743,3,23,5778,1,5805,G
1-PB2,744,5746,0,16,0,5762,A
1-PB2,745,1,15,5781,0,5797,G
1-PB2,746,0,32,5777,0,5809,G
1-PB2,747,5753,1,4,0,5758,A
1-PB2,748,11,10,5792,0,5813,G
1-PB2,749,1,5692,0,1,5694,T
1-PB2,750,2,27,5693,1,5723,G
1-PB2,751,5707,3,9,0,5719,A
1-PB2,752,2,15,5727,0,5744,G
1-PB2,753,3,19,5785,0,5807,G
1-PB2,754,5748,2,3,0,5753,A
1-PB2,755,5767,1,6,1,5775,A
1-PB2,756,1,5771,0,8,5780,T
1-PB2,757,0,27,5735,0,5762,G
1-PB2,758,5761,2,4,0,5767,A
1-PB2,759,2,5,0,5740,5747,C
1-PB2,760,4,23,5716,1,5744,G
1-PB2,761,5820,0,1,0,5821,A
1-PB2,762,3,5789,0,2,5794,T
1-PB2,763,1,4,5827,0,5832,G
1-PB2,764,0,5821,0,3,5824,T
1-PB2,765,0,5778,0,4,5782,T
1-PB2,766,2,44,5786,0,5832,G
1-PB2,767,5826,3,10,2,5841,A
1-PB2,768,3,1,0,5835,5839,C
1-PB2,769,26,3,0,5802,5831,C
1-PB2,770,5751,1,2,0,5754,A
1-PB2,771,5770,3,2,0,5775,A
1-PB2,772,5796,1,3,0,5800,A
1-PB2,773,1,6,5911,0,5918,G
1-PB2,774,2,15,0,5911,5928,C
1-PB2,775,18,0,1,5892,5911,C
1-PB2,776,0,5955,0,2,5957,T
1-PB2,777,5969,1,1,0,5971,A
1-PB2,778,5968,2,8,0,5978,A
1-PB2,779,1,5980,0,4,5985,T
1-PB2,780,1,5973,0,3,5977,T
1-PB2,781,5921,1,1,0,5923,A
1-PB2,782,0,5835,0,1,5836,T
1-PB2,783,1,5812,0,1,5814,T
1-PB2,784,2,5,5783,0,5790,G
1-PB2,785,5,3,1,5761,5770,C
1-PB2,786,17,21,5736,1,5775,G
1-PB2,787,0,4,5901,0,5905,G
1-PB2,788,3,1,0,5884,5888,C
1-PB2,789,25,2,0,5904,5931,C
1-PB2,790,5898,1,18,0,5917,A
1-PB2,791,1,12,5997,0,6010,G
1-PB2,792,2,36,6029,0,6067,G
1-PB2,793,6065,2,6,0,6073,A
1-PB2,794,6101,1,4,0,6106,A
1-PB2,795,5,2,0,6141,6148,C
1-PB2,796,6055,2,4,0,6061,A
1-PB2,797,0,6172,0,2,6174,T
1-PB2,798,6223,0,6,0,6229,A
1-PB2,799,0,3,6325,0,6328,G
1-PB2,800,1,6256,0,3,6260,T
1-PB2,801,6217,0,0,0,6217,A
1-PB2,802,6205,0,3,0,6208,A
1-PB2,803,0,21,6195,0,6216,G
1-PB2,804,6172,1,6,0,6179,A
1-PB2,805,6057,1,0,1,6059,A
1-PB2,806,1,15,6034,0,6050,G
1-PB2,807,5880,1,6,0,5887,A
1-PB2,808,1,2,5894,0,5897,G
1-PB2,809,4,3,0,5881,5888,C
1-PB2,810,10,4,0,5865,5879,C
1-PB2,811,6,5,5876,0,5887,G
1-PB2,812,4,3,0,5921,5928,C
1-PB2,813,5941,2,0,1,5944,A
1-PB2,814,1,2,6392,0,6395,G
1-PB2,815,1,6393,0,3,6397,T
1-PB2,816,6425,0,0,1,6426,A
1-PB2,817,0,6377,1,4,6382,T
1-PB2,818,27,5,1,6398,6431,C
1-PB2,819,6410,1,9,0,6420,A
1-PB2,820,1,5,6432,0,6438,G
1-PB2,821,3,3,0,6433,6439,C
1-PB2,822,6182,0,0,0,6182,A
1-PB2,823,0,19,6075,0,6094,G
1-PB2,824,6125,2,6,1,6134,A
1-PB2,825,1,6114,0,2,6117,T
1-PB2,826,31,0,0,6114,6145,C
1-PB2,827,14,2,0,6131,6147,C
1-PB2,828,6164,1,3,0,6168,A
1-PB2,829,5,1,1,6183,6190,C
1-PB2,830,1,6166,0,3,6170,T
1-PB2,831,6195,0,1,0,6196,A
1-PB2,832,2,2,6184,1,6189,G
1-PB2,833,8,2,0,6134,6144,C
1-PB2,834,6135,1,2,0,6138,A
1-PB2,835,0,6149,1,3,6153,T
1-PB2,836,5,1,1,6239,6246,C
1-PB2,837,0,6222,3,3,6228,T
1-PB2,838,0,6364,2,0,6366,T
1-PB2,839,0,6407,0,1,6408,T
1-PB2,840,6397,0,0,0,6397,A
1-PB2,841,1,6412,0,2,6415,T
1-PB2,842,2,6376,0,2,6380,T
1-PB2,843,3,13,6358,1,6375,G
1-PB2,844,2,31,6361,0,6394,G
1-PB2,845,6295,2,2,0,6299,A
1-PB2,846,3,21,6288,0,6312,G
1-PB2,847,6242,0,2,0,6244,A
1-PB2,848,0,6202,0,1,6203,T
1-PB2,849,0,5,6366,1,6372,G
1-PB2,850,1,6375,0,3,6379,T
1-PB2,851,2,1,6370,0,6373,G
1-PB2,852,2,0,1,6380,6383,C
1-PB2,853,25,3,0,6343,6371,C
1-PB2,854,6373,0,2,0,6375,A
1-PB2,855,5,4,0,6368,6377,C
1-PB2,856,6276,3,10,0,6289,A
1-PB2,857,2,0,6403,0,6405,G
1-PB2,858,5,1,0,6268,6274,C
1-PB2,859,6250,0,8,0,6258,A
1-PB2,860,6,2,0,6252,6260,C
1-PB2,861,6243,0,2,1,6246,A
1-PB2,862,6,2,0,6278,6286,C
1-PB2,863,6270,0,1,0,6271,A
1-PB2,864,6282,1,4,0,6287,A
1-PB2,865,6273,0,1,0,6274,A
1-PB2,866,0,6153,0,0,6153,T
1-PB2,867,1,6141,0,0,6142,T
1-PB2,868,7,21,6094,0,6122,G
1-PB2,869,1,4,6101,0,6106,G
1-PB2,870,5,10,1,6100,6116,C
1-PB2,871,5,24,6042,0,6071,G
1-PB2,872,3,15,6165,0,6183,G
1-PB2,873,4,22,6189,1,6216,G
1-PB2,874,6216,2,0,0,6218,A
1-PB2,875,5,3,0,6246,6254,C
1-PB2,876,6253,0,5,0,6258,A
1-PB2,877,6256,1,11,1,6269,A
1-PB2,878,18,15,6301,0,6334,G
1-PB2,879,0,18,6330,0,6348,G
1-PB2,880,6375,0,3,0,6378,A
1-PB2,881,3,6132,0,1,6136,T
1-PB2,882,2,22,6020,1,6045,G
1-PB2,883,0,6,6082,2,6090,G
1-PB2,884,1,6044,0,3,6048,T
1-PB2,885,3,26,6014,0,6043,G
1-PB2,886,0,23,5999,1,6023,G
1-PB2,887,5952,0,9,1,5962,A
1-PB2,888,5,4,0,5958,5967,C
1-PB2,889,5875,0,1,0,5876,A
1-PB2,890,0,6713,0,1,6714,T
1-PB2,891,1,6707,0,0,6708,T
1-PB2,892,36,0,1,6683,6720,C
1-PB2,893,1,6663,0,3,6667,T
1-PB2,894,0,6670,0,3,6673,T
1-PB2,895,6668,0,4,1,6673,A
1-PB2,896,0,23,6686,0,6709,G
1-PB2,897,6683,0,4,1,6688,A
1-PB2,898,3,1,0,6678,6682,C
1-PB2,899,5682,2,3,0,5687,A
1-PB2,900,1,19,5766,1,5787,G
1-PB2,901,5751,1,4,1,5757,A
1-PB2,902,5773,1,2,0,5776,A
1-PB2,903,4,2,0,5760,5766,C
1-PB2,904,18,1,1,5749,5769,C
1-PB2,905,19,3,0,5738,5760,C
1-PB2,906,2,34,5725,0,5761,G
1-PB2,907,5765,1,5,0,5771,A
1-PB2,908,2,0,0,5779,5781,C
1-PB2,909,0,5671,0,2,5673,T
1-PB2,910,0,13,5719,0,5732,G
1-PB2,911,5718,2,6,0,5726,A
1-PB2,912,5762,0,14,1,5777,A
1-PB2,913,0,29,5779,0,5808,G
1-PB2,914,5784,0,1,0,5785,A
1-PB2,915,5788,1,4,0,5793,A
1-PB2,916,3,1,1,5772,5777,C
1-PB2,917,5745,0,2,0,5747,A
1-PB2,918,5772,0,5,0,5777,A
1-PB2,919,1,5,5824,0,5830,G
1-PB2,920,3,1,0,5871,5875,C
1-PB2,921,1,5815,1,1,5818,T
1-PB2,922,1,6,5920,0,5927,G
1-PB2,923,2,5901,0,0,5903,T
1-PB2,924,3,15,5978,0,5996,G
1-PB2,925,14,7,6192,0,6213,G
1-PB2,926,6206,2,8,0,6216,A
1-PB2,927,1,6190,1,0,6192,T
1-PB2,928,6109,0,0,0,6109,A
1-PB2,929,1,6016,0,1,6018,T
1-PB2,930,6191,1,4,0,6196,A
1-PB2,931,1,6078,0,3,6082,T
1-PB2,932,2,8,6057,0,6067,G
1-PB2,933,7,1,0,5995,6003,C
1-PB2,934,5766,3,4,0,5773,A
1-PB2,935,5773,0,2,1,5776,A
1-PB2,936,3,11,5756,0,5770,G
1-PB2,937,0,5,5762,0,5767,G
1-PB2,938,0,1,0,5782,5783,C
1-PB2,939,0,5628,1,9,5638,T
1-PB2,940,1,1,5654,0,5656,G
1-PB2,941,6,2,0,5665,5673,C
1-PB2,942,5664,2,14,1,5681,A
1-PB2,943,5693,0,1,1,5695,A
1-PB2,944,0,5657,0,0,5657,T
1-PB2,945,5,23,5656,0,5684,G
1-PB2,946,2,14,5622,1,5639,G
1-PB2,947,1,21,5625,0,5647,G
1-PB2,948,5654,1,2,0,5657,A
1-PB2,949,0,5616,0,2,5618,T
1-PB2,950,0,5580,0,1,5581,T
1-PB2,951,1,26,5573,0,5600,G
1-PB2,952,5581,1,2,0,5584,A
1-PB2,953,2,23,5601,0,5626,G
1-PB2,954,5579,0,2,1,5582,A
1-PB2,955,5532,1,2,0,5535,A
1-PB2,956,0,5476,0,0,5476,T
1-PB2,957,33,1,0,5467,5501,C
1-PB2,958,5487,0,5,2,5494,A
1-PB2,959,1,2,5547,1,5551,G
1-PB2,960,2,2,0,5533,5537,C
1-PB2,961,0,5490,0,9,5499,T
1-PB2,962,53,1,0,5440,5494,C
1-PB2,963,5476,1,1,0,5478,A
1-PB2,964,1,5617,1,4,5623,T
1-PB2,965,14,1,0,5609,5624,C
1-PB2,966,22,4,0,5671,5697,C
1-PB2,967,0,5651,0,4,5655,T
1-PB2,968,2,5597,0,7,5606,T
1-PB2,969,13,1,0,5611,5625,C
1-PB2,970,5619,0,5,0,5624,A
1-PB2,971,3,5,5701,0,5709,G
1-PB2,972,3,2,1,5686,5692,C
1-PB2,973,0,5584,1,7,5592,T
1-PB2,974,0,5611,1,0,5612,T
1-PB2,975,0,5552,0,0,5552,T
1-PB2,976,4,25,5529,0,5558,G
1-PB2,977,2,4,5563,1,5570,G
1-PB2,978,0,5555,0,2,5557,T
1-PB2,979,2,29,5535,2,5568,G
1-PB2,980,1,8,5541,0,5550,G
1-PB2,981,2,3,5587,0,5592,G
1-PB2,982,0,5556,0,5,5561,T
1-PB2,983,1,5527,1,6,5535,T
1-PB2,984,0,5534,0,1,5535,T
1-PB2,985,5571,0,6,0,5577,A
1-PB2,986,3,1,0,5585,5589,C
1-PB2,987,5594,0,2,0,5596,A
1-PB2,988,0,5563,2,4,5569,T
1-PB2,989,1,5468,0,2,5471,T
1-PB2,990,0,5454,0,2,5456,T
1-PB2,991,5450,0,1,1,5452,A
1-PB2,992,5450,1,4,0,5455,A
1-PB2,993,5447,1,2,1,5451,A
1-PB2,994,5436,1,8,0,5445,A
1-PB2,995,0,26,5478,0,5504,G
1-PB2,996,5462,0,2,0,5464,A
1-PB2,997,5472,1,2,1,5476,A
1-PB2,998,6,18,1,5458,5483,C
1-PB2,999,5466,1,4,0,5471,A
1-PB2,1000,5461,1,9,0,5471,A
1-PB2,1001,3,2,5471,0,5476,G
1-PB2,1002,6,6,0,5472,5484,C
1-PB2,1003,2,26,5446,0,5474,G
1-PB2,1004,22,16,5439,0,5477,G
1-PB2,1005,3,5,5485,1,5494,G
1-PB2,1006,1,5469,1,8,5479,T
1-PB2,1007,46,3,0,5419,5468,C
1-PB2,1008,5467,0,3,0,5470,A
1-PB2,1009,2,5439,0,2,5443,T
1-PB2,1010,10,0,0,5442,5452,C
1-PB2,1011,5414,2,2,0,5418,A
1-PB2,1012,1,1,5487,0,5489,G
1-PB2,1013,2,5399,0,5,5406,T
1-PB2,1014,43,1,0,5362,5406,C
1-PB2,1015,5400,2,1,0,5403,A
1-PB2,1016,5428,1,2,0,5431,A
1-PB2,1017,5427,0,0,0,5427,A
1-PB2,1018,5417,1,3,1,5422,A
1-PB2,1019,5457,0,1,0,5458,A
1-PB2,1020,5450,0,8,0,5458,A
1-PB2,1021,1,14,5470,0,5485,G
1-PB2,1022,5450,1,4,0,5455,A
1-PB2,1023,5443,3,4,0,5450,A
1-PB2,1024,0,12,5436,0,5448,G
1-PB2,1025,5431,1,2,0,5434,A
1-PB2,1026,5278,1,11,1,5291,A
1-PB2,1027,0,18,5265,0,5283,G
1-PB2,1028,5268,2,2,0,5272,A
1-PB2,1029,5,8,5270,1,5284,G
1-PB2,1030,13,3,5395,0,5411,G
1-PB2,1031,1,5403,0,5,5409,T
1-PB2,1032,2,3,5521,0,5526,G
1-PB2,1033,6,1,0,5535,5542,C
1-PB2,1034,2,5529,0,2,5533,T
1-PB2,1035,0,5546,0,7,5553,T
1-PB2,1036,5530,2,1,0,5533,A
1-PB2,1037,6,4,1,5536,5547,C
1-PB2,1038,5489,3,5,0,5497,A
1-PB2,1039,2,13,5506,1,5522,G
1-PB2,1040,5,3,5488,1,5497,G
1-PB2,1041,3,0,1,5378,5382,C
1-PB2,1042,5301,0,1,0,5302,A
1-PB2,1043,5343,0,1,0,5344,A
1-PB2,1044,0,5424,0,2,5426,T
1-PB2,1045,9,0,0,5485,5494,C
1-PB2,1046,2,5457,0,9,5468,T
1-PB2,1047,15,0,0,5459,5474,C
1-PB2,1048,12,2,0,5458,5472,C
1-PB2,1049,5465,0,3,0,5468,A
1-PB2,1050,5458,0,2,0,5460,A
1-PB2,1051,5463,1,1,0,5465,A
1-PB2,1052,5,1,0,5481,5487,C
1-PB2,1053,5310,0,0,0,5310,A
1-PB2,1054,2,5265,0,1,5268,T
1-PB2,1055,0,5241,0,1,5242,T
1-PB2,1056,0,14,5312,0,5326,G
1-PB2,1057,5322,1,1,1,5325,A
1-PB2,1058,5389,0,2,1,5392,A
1-PB2,1059,5402,2,1,1,5406,A
1-PB2,1060,5405,0,1,2,5408,A
1-PB2,1061,0,5405,1,0,5406,T
1-PB2,1062,5404,0,1,0,5405,A
1-PB2,1063,5399,1,8,1,5409,A
1-PB2,1064,0,25,5486,0,5511,G
1-PB2,1065,5408,3,18,1,5430,A
1-PB2,1066,0,2,5636,0,5638,G
1-PB2,1067,1,5574,0,2,5577,T
1-PB2,1068,5616,0,2,0,5618,A
1-PB2,1069,1,2,1,5740,5744,C
1-PB2,1070,5706,0,1,0,5707,A
1-PB2,1071,0,5696,0,5,5701,T
1-PB2,1072,0,31,5650,0,5681,G
1-PB2,1073,5585,1,9,1,5596,A
1-PB2,1074,2,23,5623,0,5648,G
1-PB2,1075,0,25,5652,1,5678,G
1-PB2,1076,2,21,5944,0,5967,G
1-PB2,1077,3,3,5992,0,5998,G
1-PB2,1078,0,5860,1,1,5862,T
1-PB2,1079,5878,2,3,0,5883,A
1-PB2,1080,0,5848,1,2,5851,T
1-PB2,1081,1,16,5870,1,5888,G
1-PB2,1082,5863,1,4,2,5870,A
1-PB2,1083,1,15,5840,0,5856,G
1-PB2,1084,0,33,5779,0,5812,G
1-PB2,1085,5330,0,4,0,5334,A
1-PB2,1086,2,2,5522,0,5526,G
1-PB2,1087,2,5481,1,6,5490,T
1-PB2,1088,1,5652,1,5,5659,T
1-PB2,1089,32,1,0,5643,5676,C
1-PB2,1090,5666,0,3,0,5669,A
1-PB2,1091,2,3,1,5685,5691,C
1-PB2,1092,5662,0,1,0,5663,A
1-PB2,1093,5687,0,7,0,5694,A
1-PB2,1094,0,5678,0,1,5679,T
1-PB2,1095,2,20,5530,0,5552,G
1-PB2,1096,2,7,5604,0,5613,G
1-PB2,1097,1,5439,0,13,5453,T
1-PB2,1098,2,23,5428,0,5453,G
1-PB2,1099,5,16,5451,0,5472,G
1-PB2,1100,1,7,5466,0,5474,G
1-PB2,1101,4,26,5490,0,5520,G
1-PB2,1102,5479,2,1,0,5482,A
1-PB2,1103,5476,1,6,0,5483,A
1-PB2,1104,5455,0,0,0,5455,A
1-PB2,1105,5331,1,11,0,5343,A
1-PB2,1106,1,38,5391,1,5431,G
1-PB2,1107,5370,1,24,0,5395,A
1-PB2,1108,1,4,5404,0,5409,G
1-PB2,1109,1,3,0,5391,5395,C
1-PB2,1110,5365,0,2,0,5367,A
1-PB2,1111,5369,3,2,0,5374,A
1-PB2,1112,5,0,1,5583,5589,C
1-PB2,1113,5581,0,2,0,5583,A
1-PB2,1114,2,2,5685,0,5689,G
1-PB2,1115,3,1,2,5636,5642,C
1-PB2,1116,0,5593,0,17,5610,T
1-PB2,1117,5806,0,0,0,5806,A
1-PB2,1118,0,5806,1,2,5809,T
1-PB2,1119,5838,1,2,0,5841,A
1-PB2,1120,4,0,0,5844,5848,C
1-PB2,1121,0,5513,1,2,5516,T
1-PB2,1122,5544,1,4,1,5550,A
1-PB2,1123,5419,0,0,0,5419,A
1-PB2,1124,0,21,5411,0,5432,G
1-PB2,1125,5416,1,2,0,5419,A
1-PB2,1126,5263,0,0,0,5263,A
1-PB2,1127,5261,1,3,1,5266,A
1-PB2,1128,5243,0,7,1,5251,A
1-PB2,1129,0,4,5267,1,5272,G
1-PB2,1130,3,0,0,5252,5255,C
1-PB2,1131,5233,2,0,1,5236,A
1-PB2,1132,5251,1,3,0,5255,A
1-PB2,1133,3,1,2,5277,5283,C
1-PB2,1134,15,1,0,5270,5286,C
1-PB2,1135,5287,0,2,0,5289,A
1-PB2,1136,1,16,5307,0,5324,G
1-PB2,1137,5321,0,2,1,5324,A
1-PB2,1138,5314,0,3,0,5317,A
1-PB2,1139,2,15,5344,0,5361,G
1-PB2,1140,5344,1,1,0,5346,A
1-PB2,1141,2,5335,0,0,5337,T
1-PB2,1142,1,5292,0,0,5293,T
1-PB2,1143,2,17,5298,0,5317,G
1-PB2,1144,3,3,5418,0,5424,G
1-PB2,1145,2,5371,3,10,5386,T
1-PB2,1146,1,5370,1,1,5373,T
1-PB2,1147,28,2,0,5351,5381,C
1-PB2,1148,5457,0,4,0,5461,A
1-PB2,1149,2,3,5704,0,5709,G
1-PB2,1150,6,0,0,5744,5750,C
1-PB2,1151,2,5713,2,8,5725,T
1-PB2,1152,31,2,0,5748,5781,C
1-PB2,1153,5675,0,5,0,5680,A
1-PB2,1154,1,5698,1,1,5701,T
1-PB2,1155,5701,2,4,0,5707,A
1-PB2,1156,0,5,5744,0,5749,G
1-PB2,1157,2,5425,0,2,5429,T
1-PB2,1158,1,48,5386,1,5436,G
1-PB2,1159,5268,0,1,0,5269,A
1-PB2,1160,0,3,5350,0,5353,G
1-PB2,1161,2,5298,0,3,5303,T
1-PB2,1162,1,11,5274,1,5287,G
1-PB2,1163,0,12,5342,0,5354,G
1-PB2,1164,5340,0,4,1,5345,A
1-PB2,1165,5283,0,6,0,5289,A
1-PB2,1166,1,19,5298,1,5319,G
1-PB2,1167,5232,1,7,1,5241,A
1-PB2,1168,0,12,5255,0,5267,G
1-PB2,1169,5206,0,10,1,5217,A
1-PB2,1170,6,3,0,5210,5219,C
1-PB2,1171,1,46,5172,0,5219,G
1-PB2,1172,5146,1,2,0,5149,A
1-PB2,1173,5182,0,4,0,5186,A
1-PB2,1174,6,3,0,5186,5195,C
1-PB2,1175,5145,0,1,0,5146,A
1-PB2,1176,2,2,5469,0,5473,G
1-PB2,1177,1,5426,1,4,5432,T
1-PB2,1178,31,1,0,5399,5431,C
1-PB2,1179,5435,0,2,0,5437,A
1-PB2,1180,5431,0,3,1,5435,A
1-PB2,1181,1,5443,1,0,5445,T
1-PB2,1182,5399,0,0,0,5399,A
1-PB2,1183,1,2,5398,0,5401,G
1-PB2,1184,8,0,1,5376,5385,C
1-PB2,1185,8,4,1,5202,5215,C
1-PB2,1186,3,14,5177,0,5194,G
1-PB2,1187,5191,1,1,0,5193,A
1-PB2,1188,5207,1,7,1,5216,A
1-PB2,1189,1,3,5268,3,5275,G
1-PB2,1190,3,2,0,5383,5388,C
1-PB2,1191,5388,0,1,0,5389,A
1-PB2,1192,5390,0,3,0,5393,A
1-PB2,1193,2,5392,0,2,5396,T
1-PB2,1194,5417,1,2,0,5420,A
1-PB2,1195,5476,1,0,1,5478,A
1-PB2,1196,1,5479,0,0,5480,T
1-PB2,1197,23,4,0,5398,5425,C
1-PB2,1198,11,6,5374,1,5392,G
1-PB2,1199,0,5277,0,4,5281,T
1-PB2,1200,5,17,5239,1,5262,G
1-PB2,1201,0,1,5329,1,5331,G
1-PB2,1202,3,2,0,5320,5325,C
1-PB2,1203,16,2,0,5305,5323,C
1-PB2,1204,5252,2,2,0,5256,A
1-PB2,1205,0,5250,0,4,5254,T
1-PB2,1206,2,21,5245,0,5268,G
1-PB2,1207,3,7,5331,0,5341,G
1-PB2,1208,1,5306,1,10,5318,T
1-PB2,1209,4,1,5336,0,5341,G
1-PB2,1210,0,5223,1,2,5226,T
1-PB2,1211,0,5269,0,6,5275,T
1-PB2,1212,0,5268,1,5,5274,T
1-PB2,1213,1,5288,0,5,5294,T
1-PB2,1214,17,3,0,5341,5361,C
1-PB2,1215,5338,0,2,0,5340,A
1-PB2,1216,0,3,0,5497,5500,C
1-PB2,1217,5408,1,3,0,5412,A
1-PB2,1218,5448,0,2,0,5450,A
1-PB2,1219,0,18,5444,1,5463,G
1-PB2,1220,5361,1,7,1,5370,A
1-PB2,1221,171,14,5268,0,5453,G
1-PB2,1222,0,18,5455,0,5473,G
1-PB2,1223,5413,0,3,0,5416,A
1-PB2,1224,0,5448,0,1,5449,T
1-PB2,1225,1,5322,0,1,5324,T
1-PB2,1226,1,3,5309,1,5314,G
1-PB2,1227,4,2,1,5184,5191,C
1-PB2,1228,5214,0,7,0,5221,A
1-PB2,1229,0,5269,0,2,5271,T
1-PB2,1230,0,14,5407,0,5421,G
1-PB2,1231,5438,1,4,0,5443,A
1-PB2,1232,1,5460,0,2,5463,T
1-PB2,1233,5431,0,2,0,5433,A
1-PB2,1234,5424,0,0,0,5424,A
1-PB2,1235,5426,1,0,1,5428,A
1-PB2,1236,5445,0,3,0,5448,A
1-PB2,1237,2,8,5459,0,5469,G
1-PB2,1238,2,2,0,5560,5564,C
1-PB2,1239,5598,1,0,1,5600,A
1-PB2,1240,2,2,5775,0,5779,G
1-PB2,1241,0,5749,1,5,5755,T
1-PB2,1242,1,5760,0,2,5763,T
1-PB2,1243,5758,0,0,0,5758,A
1-PB2,1244,0,13,5774,1,5788,G
1-PB2,1245,5725,0,14,1,5740,A
1-PB2,1246,1,15,5728,0,5744,G
1-PB2,1247,3,5,5714,1,5723,G
1-PB2,1248,1,5467,0,11,5479,T
1-PB2,1249,2,42,5478,0,5522,G
1-PB2,1250,5526,2,12,1,5541,A
1-PB2,1251,4,0,0,5553,5557,C
1-PB2,1252,27,2,0,5549,5578,C
1-PB2,1253,0,5529,1,9,5539,T
1-PB2,1254,1,35,5539,0,5575,G
1-PB2,1255,5568,0,3,0,5571,A
1-PB2,1256,5568,1,0,0,5569,A
1-PB2,1257,0,5567,1,1,5569,T
1-PB2,1258,1,5603,0,5,5609,T
1-PB2,1259,3,5620,0,2,5625,T
1-PB2,1260,32,3,0,5585,5620,C
1-PB2,1261,4,4,5618,0,5626,G
1-PB2,1262,2,5608,0,9,5619,T
1-PB2,1263,24,1,1,5607,5633,C
1-PB2,1264,5620,1,0,0,5621,A
1-PB2,1265,5630,0,2,0,5632,A
1-PB2,1266,3,2,0,5632,5637,C
1-PB2,1267,5524,2,2,0,5528,A
1-PB2,1268,0,23,5599,0,5622,G
1-PB2,1269,5566,0,7,0,5573,A
1-PB2,1270,1,4,5604,3,5612,G
1-PB2,1271,6,2,0,5595,5603,C
1-PB2,1272,5593,0,2,1,5596,A
1-PB2,1273,5683,0,1,0,5684,A
1-PB2,1274,5689,0,1,0,5690,A
1-PB2,1275,1,5682,1,0,5684,T
1-PB2,1276,22,2,1,5655,5680,C
1-PB2,1277,5609,0,7,0,5616,A
1-PB2,1278,0,4,5619,1,5624,G
1-PB2,1279,3,7,0,5638,5648,C
1-PB2,1280,3,15,5635,0,5653,G
1-PB2,1281,0,6,5971,1,5978,G
1-PB2,1282,1,5911,0,8,5920,T
1-PB2,1283,2,5909,1,4,5916,T
1-PB2,1284,2,37,5895,0,5934,G
1-PB2,1285,5937,1,8,0,5946,A
1-PB2,1286,6008,0,5,0,6013,A
1-PB2,1287,7,2,0,6061,6070,C
1-PB2,1288,23,0,1,5994,6018,C
1-PB2,1289,30,1,0,6040,6071,C
1-PB2,1290,16,2,0,5825,5843,C
1-PB2,1291,5875,0,3,0,5878,A
1-PB2,1292,0,5905,0,0,5905,T
1-PB2,1293,3,5,5921,0,5929,G
1-PB2,1294,3,3,0,5957,5963,C
1-PB2,1295,5918,2,1,0,5921,A
1-PB2,1296,0,5866,2,5,5873,T
1-PB2,1297,20,1,0,5838,5859,C
1-PB2,1298,5808,0,0,0,5808,A
1-PB2,1299,1,0,5906,0,5907,G
1-PB2,1300,1,0,0,5934,5935,C
1-PB2,1301,0,5887,1,8,5896,T
1-PB2,1302,0,5906,0,1,5907,T
1-PB2,1303,0,5893,0,0,5893,T
1-PB2,1304,1,5896,1,1,5899,T
1-PB2,1305,5895,0,1,1,5897,A
1-PB2,1306,5887,3,3,0,5893,A
1-PB2,1307,2,19,5880,1,5902,G
1-PB2,1308,2,3,5843,0,5848,G
1-PB2,1309,3,0,0,5797,5800,C
1-PB2,1310,5778,0,3,0,5781,A
1-PB2,1311,3,5781,0,3,5787,T
1-PB2,1312,0,5793,0,2,5795,T
1-PB2,1313,0,5796,0,1,5797,T
1-PB2,1314,0,5832,0,0,5832,T
1-PB2,1315,22,2,0,5810,5834,C
1-PB2,1316,5811,0,5,0,5816,A
1-PB2,1317,0,12,5813,0,5825,G
1-PB2,1318,5807,1,3,0,5811,A
1-PB2,1319,5815,0,1,1,5817,A
1-PB2,1320,5790,0,5,0,5795,A
1-PB2,1321,0,8,5811,0,5819,G
1-PB2,1322,5875,0,2,0,5877,A
1-PB2,1323,0,5864,0,3,5867,T
1-PB2,1324,2,2,5851,0,5855,G
1-PB2,1325,4,2,1,5866,5873,C
1-PB2,1326,2,24,5855,0,5881,G
1-PB2,1327,5878,0,4,0,5882,A
1-PB2,1328,5871,0,3,0,5874,A
1-PB2,1329,5868,0,3,0,5871,A
1-PB2,1330,2,1,5873,1,5877,G
1-PB2,1331,2,5797,1,5,5805,T
1-PB2,1332,3,4,5798,0,5805,G
1-PB2,1333,4,0,0,5789,5793,C
1-PB2,1334,0,5790,0,1,5791,T
1-PB2,1335,1,5781,0,0,5782,T
1-PB2,1336,3,5785,0,1,5789,T
1-PB2,1337,0,5794,1,1,5796,T
1-PB2,1338,1,5792,0,2,5795,T
1-PB2,1339,27,0,0,5771,5798,C
1-PB2,1340,5789,1,3,0,5793,A
1-PB2,1341,5813,1,2,1,5817,A
1-PB2,1342,5813,0,2,0,5815,A
1-PB2,1343,5845,0,0,0,5845,A
1-PB2,1344,0,5832,0,3,5835,T
1-PB2,1345,0,5832,1,4,5837,T
1-PB2,1346,2,27,5808,1,5838,G
1-PB2,1347,1,22,5808,0,5831,G
1-PB2,1348,1,11,5819,1,5832,G
1-PB2,1349,2,23,5890,2,5917,G
1-PB2,1350,5874,1,4,0,5879,A
1-PB2,1351,0,3,5997,0,6000,G
1-PB2,1352,0,5981,1,4,5986,T
1-PB2,1353,1,5981,0,1,5983,T
1-PB2,1354,3,50,5951,2,6006,G
1-PB2,1355,5999,3,7,0,6009,A
1-PB2,1356,6002,3,11,0,6016,A
1-PB2,1357,4,0,1,6228,6233,C
1-PB2,1358,6132,3,1,0,6136,A
1-PB2,1359,3,2,0,6289,6294,C
1-PB2,1360,6191,0,3,1,6195,A
1-PB2,1361,1,6209,1,5,6216,T
1-PB2,1362,13,6,0,6230,6249,C
1-PB2,1363,3,44,6195,0,6242,G
1-PB2,1364,6270,0,2,1,6273,A
1-PB2,1365,4,3,1,6254,6262,C
1-PB2,1366,6045,0,1,0,6046,A
1-PB2,1367,1,6,6265,0,6272,G
1-PB2,1368,0,6126,1,4,6131,T
1-PB2,1369,1,3,6243,0,6247,G
1-PB2,1370,2,6205,1,7,6215,T
1-PB2,1371,1,18,6208,1,6228,G
1-PB2,1372,6216,0,7,0,6223,A
1-PB2,1373,1,6183,0,2,6186,T
1-PB2,1374,2,26,6165,1,6194,G
1-PB2,1375,1,19,6156,1,6177,G
1-PB2,1376,0,24,6047,0,6071,G
1-PB2,1377,6005,1,2,0,6008,A
1-PB2,1378,5933,2,2,1,5938,A
1-PB2,1379,0,5942,0,1,5943,T
1-PB2,1380,3,18,5975,1,5997,G
1-PB2,1381,6011,0,1,0,6012,A
1-PB2,1382,1,6006,0,1,6008,T
1-PB2,1383,1,5991,0,2,5994,T
1-PB2,1384,0,20,5942,1,5963,G
1-PB2,1385,0,19,6067,0,6086,G
1-PB2,1386,6058,1,9,0,6068,A
1-PB2,1387,1,7,6149,0,6157,G
1-PB2,1388,3,6069,0,1,6073,T
1-PB2,1389,6080,0,2,0,6082,A
1-PB2,1390,0,6122,0,4,6126,T
1-PB2,1391,0,6168,0,4,6172,T
1-PB2,1392,6236,1,7,0,6244,A
1-PB2,1393,12,3,0,6238,6253,C
1-PB2,1394,16,2,0,6122,6140,C
1-PB2,1395,6088,1,2,0,6091,A
1-PB2,1396,0,18,6100,0,6118,G
1-PB2,1397,6240,0,1,0,6241,A
1-PB2,1398,0,6202,0,2,6204,T
1-PB2,1399,6158,1,2,0,6161,A
1-PB2,1400,1,6086,0,4,6091,T
1-PB2,1401,1,49,5997,0,6047,G
1-PB2,1402,6088,1,3,0,6092,A
1-PB2,1403,3,1,0,6133,6137,C
1-PB2,1404,1,6069,0,18,6088,T
1-PB2,1405,14,0,0,6074,6088,C
1-PB2,1406,24,0,0,5979,6003,C
1-PB2,1407,6015,2,3,0,6020,A
1-PB2,1408,6053,0,4,0,6057,A
1-PB2,1409,1,4,6197,0,6202,G
1-PB2,1410,7,0,0,6161,6168,C
1-PB2,1411,6131,1,12,0,6144,A
1-PB2,1412,2,1,0,6147,6150,C
1-PB2,1413,6097,1,0,0,6098,A
1-PB2,1414,0,15,6114,0,6129,G
1-PB2,1415,6087,2,4,2,6095,A
1-PB2,1416,1,11,6123,1,6136,G
1-PB2,1417,6146,0,2,0,6148,A
1-PB2,1418,1,5955,1,5,5962,T
1-PB2,1419,4,1,6067,0,6072,G
1-PB2,1420,1,6040,0,14,6055,T
1-PB2,1421,32,3,0,5996,6031,C
1-PB2,1422,6041,0,7,0,6048,A
1-PB2,1423,6041,1,2,0,6044,A
1-PB2,1424,1,6029,0,2,6032,T
1-PB2,1425,16,30,5978,0,6024,G
1-PB2,1426,5933,2,2,0,5937,A
1-PB2,1427,1,12,5965,1,5979,G
1-PB2,1428,5852,1,8,0,5861,A
1-PB2,1429,2,15,5867,0,5884,G
1-PB2,1430,0,34,6158,0,6192,G
1-PB2,1431,6174,0,3,0,6177,A
1-PB2,1432,6200,1,3,1,6205,A
1-PB2,1433,0,6193,0,1,6194,T
1-PB2,1434,6197,0,0,0,6197,A
1-PB2,1435,6184,1,7,0,6192,A
1-PB2,1436,2,19,6174,0,6195,G
1-PB2,1437,6171,1,5,1,6178,A
1-PB2,1438,0,5,6186,0,6191,G
1-PB2,1439,3,5797,0,4,5804,T
1-PB2,1440,33,5,0,5781,5819,C
1-PB2,1441,5819,0,5,0,5824,A
1-PB2,1442,4,2,5864,0,5870,G
1-PB2,1443,6,2,0,5867,5875,C
1-PB2,1444,5868,0,2,1,5871,A
1-PB2,1445,5883,0,1,0,5884,A
1-PB2,1446,5865,0,1,0,5866,A
1-PB2,1447,5860,3,7,0,5870,A
1-PB2,1448,1,5862,0,0,5863,T
1-PB2,1449,1,38,5824,1,5864,G
1-PB2,1450,3,12,5857,0,5872,G
1-PB2,1451,1,8,5889,0,5898,G
1-PB2,1452,1,5818,0,5,5824,T
1-PB2,1453,1,4,5824,0,5829,G
1-PB2,1454,0,5806,0,5,5811,T
1-PB2,1455,1,12,5818,1,5832,G
1-PB2,1456,0,11,5890,0,5901,G
1-PB2,1457,5904,1,3,0,5908,A
1-PB2,1458,1,5866,1,3,5871,T
1-PB2,1459,0,29,5879,2,5910,G
1-PB2,1460,5850,0,4,0,5854,A
1-PB2,1461,5897,1,2,1,5901,A
1-PB2,1462,2,5880,0,3,5885,T
1-PB2,1463,5837,1,0,0,5838,A
1-PB2,1464,4,0,0,6267,6271,C
1-PB2,1465,3,6109,0,3,6115,T
1-PB2,1466,30,0,1,6162,6193,C
1-PB2,1467,17,5,0,6160,6182,C
1-PB2,1468,6155,1,0,0,6156,A
1-PB2,1469,0,7,6380,0,6387,G
1-PB2,1470,0,6339,0,1,6340,T
1-PB2,1471,6373,0,2,0,6375,A
1-PB2,1472,2,1,0,6394,6397,C
1-PB2,1473,5717,1,1,0,5719,A
1-PB2,1474,0,30,5720,0,5750,G
1-PB2,1475,5581,1,5,0,5587,A
1-PB2,1476,3,19,5592,1,5615,G
1-PB2,1477,5468,0,4,0,5472,A
1-PB2,1478,2,25,5294,0,5321,G
1-PB2,1479,3,21,5289,0,5313,G
1-PB2,1480,0,3,5313,0,5316,G
1-PB2,1481,1,5243,1,7,5252,T
1-PB2,1482,2,19,5223,0,5244,G
1-PB2,1483,2,2,5251,0,5255,G
1-PB2,1484,1,5188,1,3,5193,T
1-PB2,1485,1,22,5314,0,5337,G
1-PB2,1486,2,5,5336,0,5343,G
1-PB2,1487,0,5176,1,3,5180,T
1-PB2,1488,0,5160,0,1,5161,T
1-PB2,1489,5073,1,5,0,5079,A
1-PB2,1490,1,3,5110,0,5114,G
1-PB2,1491,4,0,0,5093,5097,C
1-PB2,1492,5066,0,0,0,5066,A
1-PB2,1493,0,5062,0,3,5065,T
1-PB2,1494,0,4732,0,1,4733,T
1-PB2,1495,1,32,4707,0,4740,G
1-PB2,1496,4732,0,1,0,4733,A
1-PB2,1497,0,4731,0,4,4735,T
1-PB2,1498,28,1,0,4705,4734,C
1-PB2,1499,0,11,4672,0,4683,G
1-PB2,1500,0,2,4773,0,4775,G
1-PB2,1501,2,4756,1,2,4761,T
1-PB2,1502,0,4752,0,4,4756,T
1-PB2,1503,0,4752,1,1,4754,T
1-PB2,1504,0,4738,0,1,4739,T
1-PB2,1505,0,4739,1,1,4741,T
1-PB2,1506,0,23,4725,1,4749,G
1-PB2,1507,4725,0,7,0,4732,A
1-PB2,1508,1,10,4739,2,4752,G
1-PB2,1509,4536,0,4,2,4542,A
1-PB2,1510,0,3,4577,0,4580,G
1-PB2,1511,1,4571,0,1,4573,T
1-PB2,1512,2,4562,0,0,4564,T
1-PB2,1513,37,2,0,4539,4578,C
1-PB2,1514,0,14,4566,0,4580,G
1-PB2,1515,4581,0,8,0,4589,A
1-PB2,1516,0,26,4556,1,4583,G
1-PB2,1517,4587,1,2,1,4591,A
1-PB2,1518,5,1,0,4582,4588,C
1-PB2,1519,19,0,0,4529,4548,C
1-PB2,1520,4499,1,2,0,4502,A
1-PB2,1521,4552,0,6,0,4558,A
1-PB2,1522,2,1,1,4554,4558,C
1-PB2,1523,2,1,4560,1,4564,G
1-PB2,1524,0,4523,0,5,4528,T
1-PB2,1525,0,16,4508,0,4524,G
1-PB2,1526,2,6,4521,0,4529,G
1-PB2,1527,3,15,4509,0,4527,G
1-PB2,1528,4455,2,6,0,4463,A
1-PB2,1529,4460,0,3,0,4463,A
1-PB2,1530,0,4286,0,0,4286,T
1-PB2,1531,3,2,4418,0,4423,G
1-PB2,1532,1,4384,0,1,4386,T
1-PB2,1533,4383,1,3,0,4387,A
1-PB2,1534,1,4383,0,1,4385,T
1-PB2,1535,1,4321,0,0,4322,T
1-PB2,1536,4368,1,0,0,4369,A
1-PB2,1537,0,4340,0,2,4342,T
1-PB2,1538,1,4290,0,2,4293,T
1-PB2,1539,4286,0,0,0,4286,A
1-PB2,1540,1,3829,0,3,3833,T
1-PB2,1541,6,1,0,3952,3959,C
1-PB2,1542,0,3902,0,4,3906,T
1-PB2,1543,18,0,2,3883,3903,C
1-PB2,1544,7,1,1,3898,3907,C
1-PB2,1545,0,3773,0,2,3775,T
1-PB2,1546,1,9,3782,0,3792,G
1-PB2,1547,3776,0,3,0,3779,A
1-PB2,1548,0,5,3767,1,3773,G
1-PB2,1549,0,6,3761,2,3769,G
1-PB2,1550,3276,1,2,1,3280,A
1-PB2,1551,1,12,3299,0,3312,G
1-PB2,1552,0,5,3285,0,3290,G
1-PB2,1553,1,3177,0,6,3184,T
1-PB2,1554,24,1,0,3170,3195,C
1-PB2,1555,3132,0,3,0,3135,A
1-PB2,1556,0,1,3174,0,3175,G
1-PB2,1557,1,3155,0,2,3158,T
1-PB2,1558,2,12,3141,0,3155,G
1-PB2,1559,3152,1,2,0,3155,A
1-PB2,1560,2993,0,2,1,2996,A
1-PB2,1561,2995,1,2,0,2998,A
1-PB2,1562,1,2,0,2993,2996,C
1-PB2,1563,2957,0,1,0,2958,A
1-PB2,1564,2,1,0,2957,2960,C
1-PB2,1565,2774,0,3,0,2777,A
1-PB2,1566,1,4,2788,0,2793,G
1-PB2,1567,0,7,2777,1,2785,G
1-PB2,1568,1,9,2773,0,2783,G
1-PB2,1569,2760,0,1,0,2761,A
1-PB2,1570,2721,2,4,0,2727,A
1-PB2,1571,1,0,0,2732,2733,C
1-PB2,1572,0,2658,0,3,2661,T
1-PB2,1573,0,14,2644,0,2658,G
1-PB2,1574,2633,0,3,0,2636,A
1-PB2,1575,0,3,2631,0,2634,G
1-PB2,1576,2553,0,0,0,2553,A
1-PB2,1577,0,9,2349,0,2358,G
1-PB2,1578,2334,0,1,0,2335,A
1-PB2,1579,3,1,0,2326,2330,C
1-PB2,1580,0,2212,0,1,2213,T
1-PB2,1581,0,14,2224,0,2238,G
1-PB2,1582,2208,1,5,0,2214,A
1-PB2,1583,1,1,0,2216,2218,C
1-PB2,1584,2192,0,0,1,2193,A
1-PB2,1585,2188,1,0,0,2189,A
1-PB2,1586,0,2171,1,1,2173,T
1-PB2,1587,2150,0,1,0,2151,A
1-PB2,1588,2150,1,2,0,2153,A
1-PB2,1589,3,0,0,2154,2157,C
1-PB2,1590,1,1948,0,0,1949,T
1-PB2,1591,0,1927,0,0,1927,T
1-PB2,1592,1871,0,0,1,1872,A
1-PB2,1593,0,1873,0,1,1874,T
1-PB2,1594,0,1869,0,0,1869,T
1-PB2,1595,9,0,1,1852,1862,C
1-PB2,1596,1709,0,0,0,1709,A
1-PB2,1597,0,1704,0,1,1705,T
1-PB2,1598,3,0,0,1620,1623,C
1-PB2,1599,1,0,1621,0,1622,G
1-PB2,1600,0,1625,0,0,1625,T
1-PB2,1601,7,1,0,1574,1582,C
1-PB2,1602,1,3,1575,0,1579,G
1-PB2,1603,1576,1,2,0,1579,A
1-PB2,1604,1,1575,0,1,1577,T
1-PB2,1605,0,5,1557,0,1562,G
1-PB2,1606,1557,0,0,0,1557,A
1-PB2,1607,0,1550,0,0,1550,T
1-PB2,1608,0,1,1531,0,1532,G
1-PB2,1609,0,1436,0,1,1437,T
1-PB2,1610,8,9,1411,0,1428,G
1-PB2,1611,0,0,1423,2,1425,G
1-PB2,1612,0,1,1420,0,1421,G
1-PB2,1613,1369,0,0,0,1369,A
1-PB2,1614,0,7,1311,0,1318,G
1-PB2,1615,1137,0,1,0,1138,A
1-PB2,1616,0,1083,1,0,1084,T
1-PB2,1617,1,1006,0,1,1008,T
1-PB2,1618,994,1,0,0,995,A
1-PB2,1619,985,0,0,0,985,A
1-PB2,1620,0,3,1,961,965,C
1-PB2,1621,3,4,831,0,838,G
1-PB2,1622,1,1,809,0,811,G
1-PB2,1623,0,617,0,0,617,T
1-PB2,1624,2,0,0,598,600,C
1-PB2,1625,2,0,0,587,589,C
1-PB2,1626,0,499,0,0,499,T
1-PB2,1627,0,3,496,0,499,G
1-PB2,1628,499,0,0,1,500,A
1-PB2,1629,0,0,501,0,501,G
1-PB2,1630,0,501,0,0,501,T
1-PB2,1631,4,0,0,468,472,C
1-PB2,1632,0,0,472,0,472,G
1-PB2,1633,0,0,476,0,476,G
1-PB2,1634,1,475,0,0,476,T
1-PB2,1635,0,476,1,0,477,T
1-PB2,1636,0,472,0,0,472,T
1-PB2,1637,0,467,0,2,469,T
1-PB2,1638,0,3,482,0,485,G
1-PB2,1639,0,1,486,0,487,G
1-PB2,1640,0,485,0,1,486,T
1-PB2,1641,4,0,0,483,487,C
1-PB2,1642,472,1,0,0,473,A
1-PB2,1643,497,0,0,1,498,A
1-PB2,1644,0,496,0,0,496,T
1-PB2,1645,497,0,0,0,497,A
1-PB2,1646,0,0,0,512,512,C
1-PB2,1647,2,0,0,494,496,C
1-PB2,1648,0,494,0,0,494,T
1-PB2,1649,508,0,0,0,508,A
1-PB2,1650,0,507,0,0,507,T
1-PB2,1651,3,0,0,504,507,C
1-PB2,1652,489,0,0,0,489,A
1-PB2,1653,488,0,1,0,489,A
1-PB2,1654,0,489,0,0,489,T
1-PB2,1655,1,4,472,0,477,G
1-PB2,1656,0,0,482,0,482,G
1-PB2,1657,480,0,0,0,480,A
1-PB2,1658,0,474,0,0,474,T
1-PB2,1659,1,0,0,471,472,C
1-PB2,1660,473,0,0,0,473,A
1-PB2,1661,0,476,0,0,476,T
1-PB2,1662,1,0,0,475,476,C
1-PB2,1663,476,0,0,0,476,A
1-PB2,1664,0,1,475,0,476,G
1-PB2,1665,473,0,0,0,473,A
1-PB2,1666,473,0,0,0,473,A
1-PB2,1667,474,1,0,0,475,A
1-PB2,1668,0,477,0,0,477,T
1-PB2,1669,0,473,0,0,473,T
1-PB2,1670,0,2,471,0,473,G
1-PB2,1671,0,0,469,0,469,G
1-PB2,1672,0,0,467,1,468,G
1-PB2,1673,467,0,1,0,468,A
1-PB2,1674,461,0,0,0,461,A
1-PB2,1675,1,0,462,0,463,G
1-PB2,1676,0,0,0,461,461,C
1-PB2,1677,0,459,0,0,459,T
1-PB2,1678,0,0,462,0,462,G
1-PB2,1679,0,462,0,0,462,T
1-PB2,1680,1,0,0,459,460,C
1-PB2,1681,463,0,0,0,463,A
1-PB2,1682,465,0,0,0,465,A
1-PB2,1683,464,0,0,0,464,A
1-PB2,1684,469,0,0,0,469,A
1-PB2,1685,0,469,0,1,470,T
1-PB2,1686,0,468,0,0,468,T
1-PB2,1687,4,0,0,461,465,C
1-PB2,1688,462,0,0,0,462,A
1-PB2,1689,464,0,0,0,464,A
1-PB2,1690,1,463,0,0,464,T
1-PB2,1691,0,1,459,0,460,G
1-PB2,1692,0,0,469,0,469,G
1-PB2,1693,1,472,0,0,473,T
1-PB2,1694,3,1,0,468,472,C
1-PB2,1695,0,471,0,0,471,T
1-PB2,1696,0,1,0,469,470,C
1-PB2,1697,470,0,0,0,470,A
1-PB2,1698,1,5,469,0,475,G
1-PB2,1699,475,0,0,0,475,A
1-PB2,1700,474,1,0,0,475,A
1-PB2,1701,0,476,0,0,476,T
1-PB2,1702,0,0,0,464,464,C
1-PB2,1703,1,1,0,470,472,C
1-PB2,1704,0,469,0,0,469,T
1-PB2,1705,0,0,466,0,466,G
1-PB2,1706,0,0,0,470,470,C
1-PB2,1707,465,0,0,0,465,A
1-PB2,1708,468,0,0,0,468,A
1-PB2,1709,0,456,0,0,456,T
1-PB2,1710,0,1,468,0,469,G
1-PB2,1711,0,473,0,0,473,T
1-PB2,1712,0,461,0,0,461,T
1-PB2,1713,0,1,466,0,467,G
1-PB2,1714,0,463,0,2,465,T
1-PB2,1715,466,0,0,0,466,A
1-PB2,1716,0,0,0,466,466,C
1-PB2,1717,457,0,0,0,457,A
1-PB2,1718,462,0,0,0,462,A
1-PB2,1719,0,0,0,459,459,C
1-PB2,1720,445,0,0,0,445,A
1-PB2,1721,445,0,0,0,445,A
1-PB2,1722,435,0,0,0,435,A
1-PB2,1723,436,0,0,0,436,A
1-PB2,1724,0,436,0,0,436,T
1-PB2,1725,0,1,434,0,435,G
1-PB2,1726,0,2,435,0,437,G
1-PB2,1727,434,0,0,0,434,A
1-PB2,1728,441,0,0,0,441,A
1-PB2,1729,0,438,0,0,438,T
1-PB2,1730,0,439,0,0,439,T
1-PB2,1731,0,439,0,0,439,T
1-PB2,1732,0,2,436,0,438,G
1-PB2,1733,437,0,1,0,438,A
1-PB2,1734,437,0,0,0,437,A
1-PB2,1735,0,0,0,437,437,C
1-PB2,1736,2,0,0,428,430,C
1-PB2,1737,434,0,0,0,434,A
1-PB2,1738,0,438,0,1,439,T
1-PB2,1739,0,439,0,0,439,T
1-PB2,1740,0,439,0,0,439,T
1-PB2,1741,0,0,0,437,437,C
1-PB2,1742,440,0,0,0,440,A
1-PB2,1743,442,0,0,0,442,A
1-PB2,1744,0,441,0,1,442,T
1-PB2,1745,0,0,0,449,449,C
1-PB2,1746,0,444,0,0,444,T
1-PB2,1747,0,444,0,0,444,T
1-PB2,1748,0,446,0,0,446,T
1-PB2,1749,446,0,0,0,446,A
1-PB2,1750,0,0,449,0,449,G
1-PB2,1751,0,447,0,1,448,T
1-PB2,1752,1,0,0,456,457,C
1-PB2,1753,1,0,0,457,458,C
1-PB2,1754,1,2,0,449,452,C
1-PB2,1755,1,1,0,451,453,C
1-PB2,1756,454,0,0,0,454,A
1-PB2,1757,451,0,1,0,452,A
1-PB2,1758,0,0,458,0,458,G
1-PB2,1759,0,0,455,0,455,G
1-PB2,1760,0,0,0,454,454,C
1-PB2,1761,2,0,0,442,444,C
1-PB2,1762,446,0,0,0,446,A
1-PB2,1763,0,450,0,0,450,T
1-PB2,1764,0,451,0,1,452,T
1-PB2,1765,451,0,0,0,451,A
1-PB2,1766,0,3,450,0,453,G
1-PB2,1767,443,0,0,0,443,A
1-PB2,1768,453,0,0,0,453,A
1-PB2,1769,0,0,464,0,464,G
1-PB2,1770,0,0,0,458,458,C
1-PB2,1771,3,1,0,453,457,C
1-PB2,1772,453,0,0,0,453,A
1-PB2,1773,457,0,1,0,458,A
1-PB2,1774,0,462,0,0,462,T
1-PB2,1775,461,0,0,0,461,A
1-PB2,1776,0,0,0,463,463,C
1-PB2,1777,422,0,0,0,422,A
1-PB2,1778,0,1,420,0,421,G
1-PB2,1779,0,414,1,0,415,T
1-PB2,1780,1,3,414,0,418,G
1-PB2,1781,0,1,416,0,417,G
1-PB2,1782,0,0,417,0,417,G
1-PB2,1783,0,415,0,0,415,T
1-PB2,1784,0,411,0,1,412,T
1-PB2,1785,0,419,0,0,419,T
1-PB2,1786,0,0,426,0,426,G
1-PB2,1787,0,427,0,0,427,T
1-PB2,1788,3,0,0,423,426,C
1-PB2,1789,416,0,0,0,416,A
1-PB2,1790,0,1,413,0,414,G
1-PB2,1791,411,0,2,0,413,A
1-PB2,1792,414,0,0,0,414,A
1-PB2,1793,0,0,0,413,413,C
1-PB2,1794,0,398,0,0,398,T
1-PB2,1795,2,0,0,405,407,C
1-PB2,1796,0,407,0,0,407,T
1-PB2,1797,411,0,0,0,411,A
1-PB2,1798,0,412,0,0,412,T
1-PB2,1799,0,410,0,0,410,T
1-PB2,1800,3,0,0,403,406,C
1-PB2,1801,0,0,0,403,403,C
1-PB2,1802,400,0,0,0,400,A
1-PB2,1803,399,0,0,0,399,A
1-PB2,1804,0,0,0,397,397,C
1-PB2,1805,394,0,1,0,395,A
1-PB2,1806,400,0,0,0,400,A
1-PB2,1807,400,0,0,0,400,A
1-PB2,1808,0,401,0,0,401,T
1-PB2,1809,0,2,402,0,404,G
1-PB2,1810,402,0,1,0,403,A
1-PB2,1811,0,5,400,0,405,G
1-PB2,1812,402,1,2,0,405,A
1-PB2,1813,0,1,402,0,403,G
1-PB2,1814,406,0,0,0,406,A
1-PB2,1815,0,0,0,400,400,C
1-PB2,1816,0,0,406,0,406,G
1-PB2,1817,0,411,0,0,411,T
1-PB2,1818,418,0,1,0,419,A
1-PB2,1819,1,0,0,418,419,C
1-PB2,1820,1,410,0,1,412,T
1-PB2,1821,0,413,0,0,413,T
1-PB2,1822,0,1,408,0,409,G
1-PB2,1823,0,1,409,0,410,G
1-PB2,1824,0,2,406,0,408,G
1-PB2,1825,405,0,1,0,406,A
1-PB2,1826,0,0,0,408,408,C
1-PB2,1827,405,0,0,0,405,A
1-PB2,1828,0,402,0,1,403,T
1-PB2,1829,0,407,0,0,407,T
1-PB2,1830,0,409,0,0,409,T
1-PB2,1831,1,3,406,0,410,G
1-PB2,1832,411,0,0,0,411,A
1-PB2,1833,0,0,0,412,412,C
1-PB2,1834,410,0,1,0,411,A
1-PB2,1835,1,0,0,410,411,C
1-PB2,1836,1,0,0,402,403,C
1-PB2,1837,402,0,1,0,403,A
1-PB2,1838,0,0,0,404,404,C
1-PB2,1839,0,1,0,402,403,C
1-PB2,1840,1,0,0,404,405,C
1-PB2,1841,402,0,0,0,402,A
1-PB2,1842,0,1,407,0,408,G
1-PB2,1843,407,0,0,0,407,A
1-PB2,1844,0,429,0,0,429,T
1-PB2,1845,424,0,0,0,424,A
1-PB2,1846,416,0,2,0,418,A
1-PB2,1847,0,418,0,0,418,T
1-PB2,1848,418,0,0,0,418,A
1-PB2,1849,415,0,0,0,415,A
1-PB2,1850,409,0,0,0,409,A
1-PB2,1851,0,1,411,0,412,G
1-PB2,1852,0,0,0,411,411,C
1-PB2,1853,0,400,0,2,402,T
1-PB2,1854,0,402,0,0,402,T
1-PB2,1855,1,0,0,401,402,C
1-PB2,1856,0,400,0,0,400,T
1-PB2,1857,3,0,0,408,411,C
1-PB2,1858,2,0,0,407,409,C
1-PB2,1859,2,0,0,409,411,C
1-PB2,1860,0,409,0,0,409,T
1-PB2,1861,0,410,0,0,410,T
1-PB2,1862,0,410,0,0,410,T
1-PB2,1863,0,411,0,0,411,T
1-PB2,1864,0,0,411,0,411,G
1-PB2,1865,0,0,0,413,413,C
1-PB2,1866,408,0,0,0,408,A
1-PB2,1867,0,0,409,0,409,G
1-PB2,1868,0,0,0,406,406,C
1-PB2,1869,0,405,0,0,405,T
1-PB2,1870,0,0,408,0,408,G
1-PB2,1871,2,0,0,408,410,C
1-PB2,1872,0,412,0,0,412,T
1-PB2,1873,5,0,0,410,415,C
1-PB2,1874,1,1,0,415,417,C
1-PB2,1875,418,0,1,0,419,A
1-PB2,1876,2,0,0,416,418,C
1-PB2,1877,1,0,0,416,417,C
1-PB2,1878,411,0,0,0,411,A
1-PB2,1879,410,0,0,0,410,A
1-PB2,1880,409,0,0,0,409,A
1-PB2,1881,0,0,411,0,411,G
1-PB2,1882,0,0,0,409,409,C
1-PB2,1883,401,0,0,0,401,A
1-PB2,1884,401,1,0,0,402,A
1-PB2,1885,399,0,0,0,399,A
1-PB2,1886,0,0,404,0,404,G
1-PB2,1887,0,0,0,403,403,C
1-PB2,1888,401,0,3,0,404,A
1-PB2,1889,0,1,407,0,408,G
1-PB2,1890,405,0,0,0,405,A
1-PB2,1891,412,0,1,0,413,A
1-PB2,1892,0,413,0,0,413,T
1-PB2,1893,0,0,411,0,411,G
1-PB2,1894,0,0,0,411,411,C
1-PB2,1895,402,0,0,0,402,A
1-PB2,1896,0,0,406,0,406,G
1-PB2,1897,0,402,0,1,403,T
1-PB2,1898,0,409,0,0,409,T
1-PB2,1899,3,0,0,409,412,C
1-PB2,1900,0,404,0,0,404,T
1-PB2,1901,3,0,0,406,409,C
1-PB2,1902,0,406,0,0,406,T
1-PB2,1903,0,404,0,0,404,T
1-PB2,1904,1,0,0,406,407,C
1-PB2,1905,404,0,0,0,404,A
1-PB2,1906,0,0,0,403,403,C
1-PB2,1907,0,384,0,0,384,T
1-PB2,1908,0,1,389,0,390,G
1-PB2,1909,387,0,0,0,387,A
1-PB2,1910,0,0,0,398,398,C
1-PB2,1911,0,393,0,0,393,T
1-PB2,1912,0,0,396,0,396,G
1-PB2,1913,0,394,0,0,394,T
1-PB2,1914,0,1,396,0,397,G
1-PB2,1915,397,0,0,0,397,A
1-PB2,1916,400,1,0,0,401,A
1-PB2,1917,0,391,0,0,391,T
1-PB2,1918,0,1,395,0,396,G
1-PB2,1919,1,385,0,0,386,T
1-PB2,1920,0,2,385,0,387,G
1-PB2,1921,382,0,0,0,382,A
1-PB2,1922,1,2,382,0,385,G
1-PB2,1923,0,2,380,0,382,G
1-PB2,1924,0,2,382,0,384,G
1-PB2,1925,0,3,398,0,401,G
1-PB2,1926,402,0,0,0,402,A
1-PB2,1927,0,399,0,1,400,T
1-PB2,1928,1,0,0,399,400,C
1-PB2,1929,399,0,0,0,399,A
1-PB2,1930,0,2,406,0,408,G
1-PB2,1931,0,0,405,0,405,G
1-PB2,1932,0,4,404,0,408,G
1-PB2,1933,406,0,0,0,406,A
1-PB2,1934,0,386,0,0,386,T
1-PB2,1935,0,1,386,0,387,G
1-PB2,1936,386,0,0,0,386,A
1-PB2,1937,0,0,394,0,394,G
1-PB2,1938,393,0,0,0,393,A
1-PB2,1939,385,0,0,0,385,A
1-PB2,1940,0,394,0,0,394,T
1-PB2,1941,393,0,0,0,393,A
1-PB2,1942,0,0,0,393,393,C
1-PB2,1943,0,385,0,2,387,T
1-PB2,1944,0,381,0,0,381,T
1-PB2,1945,0,0,387,0,387,G
1-PB2,1946,0,382,0,0,382,T
1-PB2,1947,381,0,1,0,382,A
1-PB2,1948,377,0,0,0,377,A
1-PB2,1949,0,3,371,0,374,G
1-PB2,1950,0,2,374,0,376,G
1-PB2,1951,0,1,370,0,371,G
1-PB2,1952,0,0,373,0,373,G
1-PB2,1953,0,0,0,375,375,C
1-PB2,1954,373,0,0,0,373,A
1-PB2,1955,385,0,0,0,385,A
1-PB2,1956,0,385,0,0,385,T
1-PB2,1957,0,383,0,0,383,T
1-PB2,1958,1,0,0,397,398,C
1-PB2,1959,0,393,0,0,393,T
1-PB2,1960,1,0,0,402,403,C
1-PB2,1961,1,0,0,403,404,C
1-PB2,1962,0,398,0,0,398,T
1-PB2,1963,0,0,411,0,411,G
1-PB2,1964,0,404,0,0,404,T
1-PB2,1965,406,0,0,0,406,A
1-PB2,1966,0,412,0,0,412,T
1-PB2,1967,0,406,0,0,406,T
1-PB2,1968,1,0,0,411,412,C
1-PB2,1969,408,0,0,0,408,A
1-PB2,1970,413,0,1,0,414,A
1-PB2,1971,0,0,0,416,416,C
1-PB2,1972,0,409,0,0,409,T
1-PB2,1973,410,0,0,0,410,A
1-PB2,1974,1,0,0,420,421,C
1-PB2,1975,419,0,0,0,419,A
1-PB2,1976,420,0,0,0,420,A
1-PB2,1977,1,0,0,418,419,C
1-PB2,1978,415,0,0,0,415,A
1-PB2,1979,414,0,0,0,414,A
1-PB2,1980,0,3,413,1,417,G
1-PB2,1981,415,0,1,0,416,A
1-PB2,1982,1,0,0,416,417,C
1-PB2,1983,2,0,0,409,411,C
1-PB2,1984,412,0,0,0,412,A
1-PB2,1985,0,0,0,423,423,C
1-PB2,1986,0,421,0,1,422,T
1-PB2,1987,422,0,0,0,422,A
1-PB2,1988,420,0,0,0,420,A
1-PB2,1989,420,0,0,0,420,A
1-PB2,1990,419,0,1,0,420,A
1-PB2,1991,0,2,420,0,422,G
1-PB2,1992,423,0,0,0,423,A
1-PB2,1993,0,0,0,424,424,C
1-PB2,1994,0,413,0,0,413,T
1-PB2,1995,412,0,0,0,412,A
1-PB2,1996,413,0,0,0,413,A
1-PB2,1997,2,0,0,410,412,C
1-PB2,1998,409,0,0,0,409,A
1-PB2,1999,413,0,0,0,413,A
1-PB2,2000,0,408,0,0,408,T
1-PB2,2001,0,402,0,0,402,T
1-PB2,2002,0,0,0,408,408,C
1-PB2,2003,0,408,0,0,408,T
1-PB2,2004,1,0,0,405,406,C
1-PB2,2005,0,1,403,0,404,G
1-PB2,2006,0,0,407,0,407,G
1-PB2,2007,405,0,0,0,405,A
1-PB2,2008,406,0,0,0,406,A
1-PB2,2009,407,0,0,0,407,A
1-PB2,2010,409,0,0,0,409,A
1-PB2,2011,0,1,408,0,409,G
1-PB2,2012,407,0,0,0,407,A
1-PB2,2013,0,411,0,0,411,T
1-PB2,2014,0,0,411,0,411,G
1-PB2,2015,0,0,0,409,409,C
1-PB2,2016,2,0,0,406,408,C
1-PB2,2017,0,0,410,0,410,G
1-PB2,2018,0,1,407,0,408,G
1-PB2,2019,0,0,0,406,406,C
1-PB2,2020,410,0,0,0,410,A
1-PB2,2021,0,0,0,414,414,C
1-PB2,2022,0,412,0,0,412,T
1-PB2,2023,0,412,0,1,413,T
1-PB2,2024,0,413,0,0,413,T
1-PB2,2025,413,0,1,0,414,A
1-PB2,2026,415,0,0,0,415,A
1-PB2,2027,0,414,0,0,414,T
1-PB2,2028,0,415,0,0,415,T
1-PB2,2029,1,0,413,0,414,G
1-PB2,2030,407,0,0,0,407,A
1-PB2,2031,409,0,0,0,409,A
1-PB2,2032,0,1,411,0,412,G
1-PB2,2033,417,0,0,0,417,A
1-PB2,2034,0,0,0,418,418,C
1-PB2,2035,0,0,0,416,416,C
1-PB2,2036,2,1,0,413,416,C
1-PB2,2037,418,0,0,0,418,A
1-PB2,2038,0,0,426,0,426,G
1-PB2,2039,425,0,0,0,425,A
1-PB2,2040,0,425,0,0,425,T
1-PB2,2041,1,1,421,0,423,G
1-PB2,2042,408,0,0,0,408,A
1-PB2,2043,409,0,0,0,409,A
1-PB2,2044,408,0,0,0,408,A
1-PB2,2045,0,0,408,0,408,G
1-PB2,2046,0,0,1,407,408,C
1-PB2,2047,393,0,0,0,393,A
1-PB2,2048,0,0,0,405,405,C
1-PB2,2049,404,0,0,0,404,A
1-PB2,2050,0,404,0,0,404,T
1-PB2,2051,2,0,0,407,409,C
1-PB2,2052,0,1,0,409,410,C
1-PB2,2053,0,0,407,0,407,G
1-PB2,2054,0,0,408,0,408,G
1-PB2,2055,410,0,0,0,410,A
1-PB2,2056,0,0,411,0,411,G
1-PB2,2057,0,405,0,0,405,T
1-PB2,2058,0,1,402,0,403,G
1-PB2,2059,0,1,402,0,403,G
1-PB2,2060,395,0,2,0,397,A
1-PB2,2061,0,0,396,0,396,G
1-PB2,2062,0,389,0,0,389,T
1-PB2,2063,4,0,0,382,386,C
1-PB2,2064,1,0,0,385,386,C
1-PB2,2065,0,0,384,0,384,G
1-PB2,2066,1,0,0,382,383,C
1-PB2,2067,2,0,0,380,382,C
1-PB2,2068,1,0,392,0,393,G
1-PB2,2069,0,393,0,0,393,T
1-PB2,2070,1,0,0,392,393,C
1-PB2,2071,0,392,0,1,393,T
1-PB2,2072,0,391,0,0,391,T
1-PB2,2073,0,0,391,0,391,G
1-PB2,2074,388,0,0,0,388,A
1-PB2,2075,0,4,384,0,388,G
1-PB2,2076,389,0,0,0,389,A
1-PB2,2077,0,1,380,0,381,G
1-PB2,2078,0,1,382,0,383,G
1-PB2,2079,0,0,378,0,378,G
1-PB2,2080,0,369,0,0,369,T
1-PB2,2081,0,368,0,0,368,T
1-PB2,2082,0,373,0,0,373,T
1-PB2,2083,0,0,0,372,372,C
1-PB2,2084,0,371,0,0,371,T
1-PB2,2085,3,0,0,386,389,C
1-PB2,2086,384,0,0,0,384,A
1-PB2,2087,0,384,0,0,384,T
1-PB2,2088,0,376,0,0,376,T
1-PB2,2089,375,0,1,0,376,A
1-PB2,2090,0,375,0,0,375,T
1-PB2,2091,373,0,0,0,373,A
1-PB2,2092,0,1,378,0,379,G
1-PB2,2093,0,1,377,0,378,G
1-PB2,2094,0,351,0,0,351,T
1-PB2,2095,350,0,1,0,351,A
1-PB2,2096,350,0,0,0,350,A
1-PB2,2097,0,0,348,0,348,G
1-PB2,2098,0,1,350,0,351,G
1-PB2,2099,350,0,0,0,350,A
1-PB2,2100,345,0,0,0,345,A
1-PB2,2101,0,0,348,0,348,G
1-PB2,2102,344,0,1,0,345,A
1-PB2,2103,0,0,0,345,345,C
1-PB2,2104,343,0,0,0,343,A
1-PB2,2105,0,0,345,0,345,G
1-PB2,2106,343,0,1,0,344,A
1-PB2,2107,344,1,0,0,345,A
1-PB2,2108,0,0,346,1,347,G
1-PB2,2109,347,0,0,0,347,A
1-PB2,2110,0,349,0,0,349,T
1-PB2,2111,346,0,0,0,346,A
1-PB2,2112,1,2,0,343,346,C
1-PB2,2113,0,1,343,0,344,G
1-PB2,2114,0,2,349,0,351,G
1-PB2,2115,351,0,1,0,352,A
1-PB2,2116,0,0,0,350,350,C
1-PB2,2117,1,0,0,347,348,C
1-PB2,2118,340,0,0,0,340,A
1-PB2,2119,0,0,359,0,359,G
1-PB2,2120,1,0,0,355,356,C
1-PB2,2121,359,0,0,0,359,A
1-PB2,2122,0,353,0,0,353,T
1-PB2,2123,0,342,0,1,343,T
1-PB2,2124,344,0,0,0,344,A
1-PB2,2125,341,0,0,0,341,A
1-PB2,2126,1,0,342,0,343,G
1-PB2,2127,0,0,0,343,343,C
1-PB2,2128,318,0,0,0,318,A
1-PB2,2129,0,326,0,0,326,T
1-PB2,2130,2,0,0,328,330,C
1-PB2,2131,328,0,0,0,328,A
1-PB2,2132,328,0,0,0,328,A
1-PB2,2133,1,325,0,0,326,T
1-PB2,2134,0,7,322,0,329,G
1-PB2,2135,324,0,0,0,324,A
1-PB2,2136,323,0,1,0,324,A
1-PB2,2137,0,0,0,329,329,C
1-PB2,2138,0,313,0,0,313,T
1-PB2,2139,0,1,320,0,321,G
1-PB2,2140,319,0,0,0,319,A
1-PB2,2141,0,0,321,0,321,G
1-PB2,2142,0,318,0,0,318,T
1-PB2,2143,316,0,1,0,317,A
1-PB2,2144,317,0,1,0,318,A
1-PB2,2145,0,0,0,318,318,C
1-PB2,2146,4,0,0,303,307,C
1-PB2,2147,0,300,0,0,300,T
1-PB2,2148,0,288,0,0,288,T
1-PB2,2149,0,0,289,0,289,G
1-PB2,2150,0,0,0,290,290,C
1-PB2,2151,288,0,1,0,289,A
1-PB2,2152,290,0,0,0,290,A
1-PB2,2153,281,0,0,0,281,A
1-PB2,2154,274,0,0,0,274,A
1-PB2,2155,1,1,274,0,276,G
1-PB2,2156,0,0,278,0,278,G
1-PB2,2157,0,0,277,0,277,G
1-PB2,2158,0,0,275,0,275,G
1-PB2,2159,276,0,0,0,276,A
1-PB2,2160,278,0,0,0,278,A
1-PB2,2161,274,0,0,0,274,A
1-PB2,2162,277,0,0,0,277,A
1-PB2,2163,0,1,277,0,278,G
1-PB2,2164,0,0,277,0,277,G
1-PB2,2165,1,0,0,273,274,C
1-PB2,2166,0,272,0,0,272,T
1-PB2,2167,271,0,0,0,271,A
1-PB2,2168,271,0,0,0,271,A
1-PB2,2169,0,272,0,0,272,T
1-PB2,2170,0,0,276,0,276,G
1-PB2,2171,0,258,0,1,259,T
1-PB2,2172,0,0,259,0,259,G
1-PB2,2173,1,0,0,254,255,C
1-PB2,2174,1,255,0,0,256,T
1-PB2,2175,256,0,0,0,256,A
1-PB2,2176,256,0,0,0,256,A
1-PB2,2177,0,253,0,0,253,T
1-PB2,2178,3,0,0,247,250,C
1-PB2,2179,0,0,242,0,242,G
1-PB2,2180,0,0,245,0,245,G
1-PB2,2181,1,2,241,0,244,G
1-PB2,2182,1,0,0,241,242,C
1-PB2,2183,244,0,0,0,244,A
1-PB2,2184,243,0,0,0,243,A
1-PB2,2185,1,0,243,0,244,G
1-PB2,2186,0,1,245,0,246,G
1-PB2,2187,244,0,0,0,244,A
1-PB2,2188,0,2,241,0,243,G
1-PB2,2189,242,0,1,0,243,A
1-PB2,2190,0,0,0,241,241,C
1-PB2,2191,0,0,242,0,242,G
1-PB2,2192,0,241,0,0,241,T
1-PB2,2193,0,0,238,0,238,G
1-PB2,2194,0,0,239,0,239,G
1-PB2,2195,0,234,0,0,234,T
1-PB2,2196,0,1,233,0,234,G
1-PB2,2197,0,226,0,1,227,T
1-PB2,2198,0,227,0,0,227,T
1-PB2,2199,0,0,227,0,227,G
1-PB2,2200,0,0,226,0,226,G
1-PB2,2201,0,224,0,0,224,T
1-PB2,2202,218,0,0,0,218,A
1-PB2,2203,210,0,0,0,210,A
1-PB2,2204,0,209,0,0,209,T
1-PB2,2205,0,1,206,0,207,G
1-PB2,2206,206,0,0,0,206,A
1-PB2,2207,202,0,0,0,202,A
1-PB2,2208,203,0,0,0,203,A
1-PB2,2209,0,1,0,199,200,C
1-PB2,2210,0,1,198,0,199,G
1-PB2,2211,196,0,0,0,196,A
1-PB2,2212,197,0,0,0,197,A
1-PB2,2213,196,0,0,0,196,A
1-PB2,2214,196,0,0,0,196,A
1-PB2,2215,0,0,0,197,197,C
1-PB2,2216,0,2,192,0,194,G
1-PB2,2217,1,0,194,0,195,G
1-PB2,2218,0,1,192,1,194,G
1-PB2,2219,192,0,1,0,193,A
1-PB2,2220,0,0,0,196,196,C
1-PB2,2221,0,194,0,0,194,T
1-PB2,2222,0,0,0,196,196,C
1-PB2,2223,0,195,0,0,195,T
1-PB2,2224,194,0,0,0,194,A
1-PB2,2225,0,0,194,0,194,G
1-PB2,2226,1,0,0,189,190,C
1-PB2,2227,190,0,0,0,190,A
1-PB2,2228,0,187,0,0,187,T
1-PB2,2229,181,0,0,0,181,A
1-PB2,2230,0,0,0,182,182,C
1-PB2,2231,0,162,0,1,163,T
1-PB2,2232,0,163,0,0,163,T
1-PB2,2233,158,0,0,0,158,A
1-PB2,2234,0,0,0,158,158,C
1-PB2,2235,0,156,0,0,156,T
1-PB2,2236,0,1,155,0,156,G
1-PB2,2237,154,0,0,0,154,A
1-PB2,2238,0,0,0,155,155,C
1-PB2,2239,142,0,0,0,142,A
1-PB2,2240,0,0,144,0,144,G
1-PB2,2241,0,1,0,141,142,C
1-PB2,2242,1,0,0,140,141,C
1-PB2,2243,139,0,1,0,140,A
1-PB2,2244,0,1,139,0,140,G
1-PB2,2245,139,0,0,0,139,A
1-PB2,2246,0,0,0,139,139,C
1-PB2,2247,125,0,0,0,125,A
1-PB2,2248,0,0,125,0,125,G
1-PB2,2249,0,0,0,114,114,C
1-PB2,2250,0,2,112,0,114,G
1-PB2,2251,113,0,0,0,113,A
1-PB2,2252,0,0,0,113,113,C
1-PB2,2253,0,0,0,113,113,C
1-PB2,2254,111,0,0,0,111,A
1-PB2,2255,111,0,0,0,111,A
1-PB2,2256,110,0,0,0,110,A
1-PB2,2257,108,0,0,0,108,A
1-PB2,2258,0,0,108,0,108,G
1-PB2,2259,102,0,0,0,102,A
1-PB2,2260,102,0,0,0,102,A
1-PB2,2261,0,101,0,0,101,T
1-PB2,2262,0,100,0,0,100,T
1-PB2,2263,0,0,0,100,100,C
1-PB2,2264,2,0,93,0,95,G
1-PB2,2265,0,0,95,0,95,G
1-PB2,2266,95,0,0,0,95,A
1-PB2,2267,0,90,0,0,90,T
1-PB2,2268,0,0,89,0,89,G
1-PB2,2269,0,0,88,0,88,G
1-PB2,2270,0,0,0,88,88,C
1-PB2,2271,0,0,0,87,87,C
1-PB2,2272,88,0,0,0,88,A
1-PB2,2273,0,88,0,0,88,T
1-PB2,2274,1,0,0,86,87,C
1-PB2,2275,88,0,0,0,88,A
1-PB2,2276,88,0,0,0,88,A
1-PB2,2277,1,87,0,0,88,T
1-PB2,2278,0,79,0,0,79,T
1-PB2,2279,74,0,0,0,74,A
1-PB2,2280,71,0,0,0,71,A
2-PB1,1,304,0,0,0,304,A
2-PB1,2,0,304,0,0,304,T
2-PB1,3,0,0,309,0,309,G
2-PB1,4,0,1,337,0,338,G
2-PB1,5,387,0,0,0,387,A
2-PB1,6,0,427,0,0,427,T
2-PB1,7,0,0,430,0,430,G
2-PB1,8,0,433,0,0,433,T
2-PB1,9,0,0,0,461,461,C
2-PB1,10,469,0,0,0,469,A
2-PB1,11,487,0,0,0,487,A
2-PB1,12,0,486,0,0,486,T
2-PB1,13,0,0,0,496,496,C
2-PB1,14,1,1,0,537,539,C
2-PB1,15,0,6,544,0,550,G
2-PB1,16,623,0,2,0,625,A
2-PB1,17,0,0,0,642,642,C
2-PB1,18,0,643,0,0,643,T
2-PB1,19,2,0,0,741,743,C
2-PB1,20,0,744,0,0,744,T
2-PB1,21,752,0,0,0,752,A
2-PB1,22,1,0,0,753,754,C
2-PB1,23,0,754,0,0,754,T
2-PB1,24,0,0,852,0,852,G
2-PB1,25,1,862,0,3,866,T
2-PB1,26,0,867,0,0,867,T
2-PB1,27,1,1,0,863,865,C
2-PB1,28,4,0,0,860,864,C
2-PB1,29,0,974,0,0,974,T
2-PB1,30,984,0,0,0,984,A
2-PB1,31,983,0,0,0,983,A
2-PB1,32,987,0,1,0,988,A
2-PB1,33,0,6,984,0,990,G
2-PB1,34,0,2,998,0,1000,G
2-PB1,35,1,996,0,1,998,T
2-PB1,36,0,998,0,1,999,T
2-PB1,37,3,0,0,997,1000,C
2-PB1,38,1,1,0,1002,1004,C
2-PB1,39,1005,0,0,0,1005,A
2-PB1,40,0,0,1022,0,1022,G
2-PB1,41,0,1,0,1021,1022,C
2-PB1,42,1,1,1025,0,1027,G
2-PB1,43,0,0,0,1033,1033,C
2-PB1,44,1031,0,0,0,1031,A
2-PB1,45,1031,0,0,0,1031,A
2-PB1,46,1032,0,0,1,1033,A
2-PB1,47,1050,0,0,0,1050,A
2-PB1,48,0,1064,0,0,1064,T
2-PB1,49,1,1,1105,0,1107,G
2-PB1,50,2,0,0,1109,1111,C
2-PB1,51,4,0,0,1116,1120,C
2-PB1,52,1120,1,0,0,1121,A
2-PB1,53,0,1124,0,0,1124,T
2-PB1,54,1193,0,0,0,1193,A
2-PB1,55,1199,0,0,1,1200,A
2-PB1,56,1,0,1254,1,1256,G
2-PB1,57,0,0,0,1258,1258,C
2-PB1,58,1255,0,0,0,1255,A
2-PB1,59,0,2,0,1294,1296,C
2-PB1,60,1295,0,0,0,1295,A
2-PB1,61,1367,1,0,0,1368,A
2-PB1,62,1,0,0,1377,1378,C
2-PB1,63,1374,0,1,0,1375,A
2-PB1,64,0,1390,0,2,1392,T
2-PB1,65,0,1380,0,0,1380,T
2-PB1,66,9,1,0,1668,1678,C
2-PB1,67,3,0,0,1677,1680,C
2-PB1,68,7,0,1,1684,1692,C
2-PB1,69,1,1703,0,0,1704,T
2-PB1,70,0,1693,1,0,1694,T
2-PB1,71,1852,0,0,0,1852,A
2-PB1,72,1,1869,0,0,1870,T
2-PB1,73,1885,0,0,1,1886,A
2-PB1,74,2,0,0,1904,1906,C
2-PB1,75,0,1840,1,0,1841,T
2-PB1,76,0,6,1866,0,1872,G
2-PB1,77,0,6,1869,1,1876,G
2-PB1,78,1872,1,0,0,1873,A
2-PB1,79,0,7,1870,0,1877,G
2-PB1,80,1865,0,0,0,1865,A
2-PB1,81,0,1873,0,0,1873,T
2-PB1,82,5,0,0,1993,1998,C
2-PB1,83,5,0,0,2002,2007,C
2-PB1,84,1,2015,0,2,2018,T
2-PB1,85,4,0,0,2155,2159,C
2-PB1,86,7,1,0,2149,2157,C
2-PB1,87,2181,0,1,0,2182,A
2-PB1,88,0,2184,0,0,2184,T
2-PB1,89,2182,0,2,0,2184,A
2-PB1,90,3,1,0,2194,2198,C
2-PB1,91,2158,0,0,0,2158,A
2-PB1,92,1,0,2254,0,2255,G
2-PB1,93,1,2,0,2265,2268,C
2-PB1,94,5,0,0,2246,2251,C
2-PB1,95,2251,0,1,0,2252,A
2-PB1,96,0,2248,0,2,2250,T
2-PB1,97,1,18,2233,0,2252,G
2-PB1,98,1,11,2356,0,2368,G
2-PB1,99,2375,1,1,0,2377,A
2-PB1,100,2381,0,3,0,2384,A
2-PB1,101,0,0,0,2385,2385,C
2-PB1,102,2368,1,0,0,2369,A
2-PB1,103,0,5,2416,0,2421,G
2-PB1,104,0,14,2453,0,2467,G
2-PB1,105,2463,0,3,0,2466,A
2-PB1,106,2483,0,1,0,2484,A
2-PB1,107,1,0,0,2498,2499,C
2-PB1,108,2466,0,0,0,2466,A
2-PB1,109,3,13,2775,0,2791,G
2-PB1,110,0,16,2768,0,2784,G
2-PB1,111,2,4,2831,0,2837,G
2-PB1,112,1,2827,0,0,2828,T
2-PB1,113,2814,0,3,0,2817,A
2-PB1,114,1,1,0,2844,2846,C
2-PB1,115,2982,0,2,0,2984,A
2-PB1,116,3,2,1,3079,3085,C
2-PB1,117,16,2,1,3048,3067,C
2-PB1,118,2960,0,1,0,2961,A
2-PB1,119,0,2964,0,0,2964,T
2-PB1,120,1,9,2947,0,2957,G
2-PB1,121,1,15,2951,0,2967,G
2-PB1,122,2962,0,2,0,2964,A
2-PB1,123,2,1,5,2962,2970,C
2-PB1,124,2902,0,1,0,2903,A
2-PB1,125,3,0,0,2947,2950,C
2-PB1,126,2951,0,1,0,2952,A
2-PB1,127,0,1,3007,0,3008,G
2-PB1,128,0,2996,0,0,2996,T
2-PB1,129,21,1,0,3063,3085,C
2-PB1,130,3077,2,1,0,3080,A
2-PB1,131,3104,0,3,0,3107,A
2-PB1,132,3,0,0,3103,3106,C
2-PB1,133,3083,2,1,0,3086,A
2-PB1,134,0,15,3116,4,3135,G
2-PB1,135,3091,1,3,0,3095,A
2-PB1,136,3075,0,0,1,3076,A
2-PB1,137,4,2,0,3068,3074,C
2-PB1,138,3037,0,1,0,3038,A
2-PB1,139,1,1,0,3135,3137,C
2-PB1,140,3116,0,6,0,3122,A
2-PB1,141,5,0,0,3224,3229,C
2-PB1,142,10,0,1,3220,3231,C
2-PB1,143,3222,1,1,0,3224,A
2-PB1,144,3254,0,1,0,3255,A
2-PB1,145,0,3319,0,1,3320,T
2-PB1,146,3420,0,0,1,3421,A
2-PB1,147,1,3418,0,0,3419,T
2-PB1,148,1,3369,0,1,3371,T
2-PB1,149,18,0,0,3360,3378,C
2-PB1,150,3294,1,1,0,3296,A
2-PB1,151,0,13,3282,1,3296,G
2-PB1,152,3273,0,0,0,3273,A
2-PB1,153,0,13,3260,0,3273,G
2-PB1,154,3191,0,1,0,3192,A
2-PB1,155,3,6,3115,0,3124,G
2-PB1,156,0,11,3114,0,3125,G
2-PB1,157,1,12,3237,0,3250,G
2-PB1,158,0,4,3257,0,3261,G
2-PB1,159,2,10,3276,0,3288,G
2-PB1,160,3282,0,0,0,3282,A
2-PB1,161,3286,1,4,0,3291,A
2-PB1,162,0,3,3311,0,3314,G
2-PB1,163,0,3281,0,2,3283,T
2-PB1,164,1,12,3251,1,3265,G
2-PB1,165,1,8,3242,1,3252,G
2-PB1,166,3250,0,4,0,3254,A
2-PB1,167,1,0,0,3263,3264,C
2-PB1,168,1,17,3251,0,3269,G
2-PB1,169,3284,0,0,0,3284,A
2-PB1,170,3,0,0,3307,3310,C
2-PB1,171,3286,0,1,0,3287,A
2-PB1,172,3292,0,1,0,3293,A
2-PB1,173,3311,0,0,0,3311,A
2-PB1,174,0,3349,0,1,3350,T
2-PB1,175,3361,1,0,0,3362,A
2-PB1,176,3,1,0,3369,3373,C
2-PB1,177,3331,1,1,0,3333,A
2-PB1,178,0,4,3345,0,3349,G
2-PB1,179,3332,0,0,0,3332,A
2-PB1,180,3364,1,3,0,3368,A
2-PB1,181,3370,1,0,1,3372,A
2-PB1,182,3,0,1,3371,3375,C
2-PB1,183,0,3325,0,0,3325,T
2-PB1,184,1,8,3318,0,3327,G
2-PB1,185,1,19,3297,0,3317,G
2-PB1,186,3,13,3299,0,3315,G
2-PB1,187,1,3,3318,0,3322,G
2-PB1,188,4,1,0,3303,3308,C
2-PB1,189,3288,0,1,0,3289,A
2-PB1,190,6,0,0,3434,3440,C
2-PB1,191,12,1,0,3415,3428,C
2-PB1,192,14,0,0,3421,3435,C
2-PB1,193,13,0,0,3432,3445,C
2-PB1,194,3450,0,1,0,3451,A
2-PB1,195,3485,0,2,0,3487,A
2-PB1,196,4,0,0,3482,3486,C
2-PB1,197,3,3467,0,1,3471,T
2-PB1,198,16,1,0,3480,3497,C
2-PB1,199,3378,0,2,0,3380,A
2-PB1,200,3427,0,1,0,3428,A
2-PB1,201,6,2,0,3428,3436,C
2-PB1,202,6,0,0,3409,3415,C
2-PB1,203,22,0,0,3410,3432,C
2-PB1,204,3426,0,0,0,3426,A
2-PB1,205,3433,1,0,0,3434,A
2-PB1,206,0,3457,1,0,3458,T
2-PB1,207,1,3456,0,0,3457,T
2-PB1,208,1,15,3457,0,3473,G
2-PB1,209,3433,0,5,0,3438,A
2-PB1,210,0,3430,0,0,3430,T
2-PB1,211,0,14,3415,0,3429,G
2-PB1,212,1,19,3454,0,3474,G
2-PB1,213,3513,0,1,0,3514,A
2-PB1,214,7,0,1,3524,3532,C
2-PB1,215,15,0,0,3496,3511,C
2-PB1,216,3504,0,4,0,3508,A
2-PB1,217,1,0,0,3586,3587,C
2-PB1,218,0,3577,0,1,3578,T
2-PB1,219,3635,0,0,0,3635,A
2-PB1,220,7,0,0,3671,3678,C
2-PB1,221,9,0,0,3632,3641,C
2-PB1,222,0,3567,0,2,3569,T
2-PB1,223,1,5,3573,0,3579,G
2-PB1,224,3560,0,2,0,3562,A
2-PB1,225,0,9,3581,0,3590,G
2-PB1,226,0,12,3547,0,3559,G
2-PB1,227,3545,1,1,0,3547,A
2-PB1,228,0,3498,0,0,3498,T
2-PB1,229,3437,0,1,0,3438,A
2-PB1,230,3445,0,2,0,3447,A
2-PB1,231,1,3440,0,0,3441,T
2-PB1,232,5,24,3406,0,3435,G
2-PB1,233,3426,1,2,2,3431,A
2-PB1,234,3413,1,2,0,3416,A
2-PB1,235,1,0,0,3414,3415,C
2-PB1,236,23,0,0,3329,3352,C
2-PB1,237,3357,1,2,0,3360,A
2-PB1,238,3364,0,1,2,3367,A
2-PB1,239,1,3,3377,0,3381,G
2-PB1,240,0,3380,0,1,3381,T
2-PB1,241,1,16,3371,2,3390,G
2-PB1,242,0,5,3441,0,3446,G
2-PB1,243,3444,0,2,0,3446,A
2-PB1,244,0,3433,0,0,3433,T
2-PB1,245,3431,0,1,0,3432,A
2-PB1,246,0,3502,0,0,3502,T
2-PB1,247,1,2,3517,0,3520,G
2-PB1,248,2,0,0,3512,3514,C
2-PB1,249,3513,0,1,0,3514,A
2-PB1,250,1,1,0,3607,3609,C
2-PB1,251,3530,1,1,0,3532,A
2-PB1,252,3606,0,0,0,3606,A
2-PB1,253,3605,0,1,0,3606,A
2-PB1,254,2,0,0,3621,3623,C
2-PB1,255,3533,0,1,0,3534,A
2-PB1,256,0,14,3556,0,3570,G
2-PB1,257,3548,0,3,0,3551,A
2-PB1,258,1,0,0,3551,3552,C
2-PB1,259,1,3426,0,2,3429,T
2-PB1,260,1,1,3517,0,3519,G
2-PB1,261,0,3461,0,3,3464,T
2-PB1,262,1,1,3634,0,3636,G
2-PB1,263,1,3627,0,1,3629,T
2-PB1,264,17,0,0,3624,3641,C
2-PB1,265,5,1,0,3633,3639,C
2-PB1,266,0,3610,0,3,3613,T
2-PB1,267,0,8,3610,0,3618,G
2-PB1,268,0,3,3604,0,3607,G
2-PB1,269,3540,0,3,1,3544,A
2-PB1,270,1,3,3610,0,3614,G
2-PB1,271,1,3,3506,0,3510,G
2-PB1,272,2,0,0,3521,3523,C
2-PB1,273,0,3500,0,1,3501,T
2-PB1,274,3501,0,0,0,3501,A
2-PB1,275,2,3501,0,1,3504,T
2-PB1,276,11,10,3480,0,3501,G
2-PB1,277,4,2,3489,0,3495,G
2-PB1,278,5,0,1,3486,3492,C
2-PB1,279,8,0,0,3436,3444,C
2-PB1,280,0,3401,0,1,3402,T
2-PB1,281,0,3555,0,1,3556,T
2-PB1,282,7,0,0,3569,3576,C
2-PB1,283,9,0,0,3565,3574,C
2-PB1,284,1,3575,0,2,3578,T
2-PB1,285,2,3563,0,1,3566,T
2-PB1,286,0,13,3579,1,3593,G
2-PB1,287,3585,0,2,0,3587,A
2-PB1,288,3590,0,1,0,3591,A
2-PB1,289,0,13,3581,0,3594,G
2-PB1,290,3420,0,0,0,3420,A
2-PB1,291,3456,0,0,0,3456,A
2-PB1,292,1,3450,0,4,3455,T
2-PB1,293,10,2,0,3449,3461,C
2-PB1,294,12,0,0,3447,3459,C
2-PB1,295,14,0,1,3438,3453,C
2-PB1,296,3475,0,1,0,3476,A
2-PB1,297,6,0,0,3489,3495,C
2-PB1,298,7,0,0,3476,3483,C
2-PB1,299,17,1,0,3482,3500,C
2-PB1,300,3449,0,0,0,3449,A
2-PB1,301,0,7,3465,0,3472,G
2-PB1,302,0,1,3480,0,3481,G
2-PB1,303,0,3483,0,1,3484,T
2-PB1,304,3512,0,0,0,3512,A
2-PB1,305,1,3500,0,0,3501,T
2-PB1,306,4,0,0,3497,3501,C
2-PB1,307,0,3508,1,1,3510,T
2-PB1,308,2,3501,0,1,3504,T
2-PB1,309,0,3492,0,0,3492,T
2-PB1,310,1,5,3477,0,3483,G
2-PB1,311,3466,0,2,0,3468,A
2-PB1,312,1,20,3452,0,3473,G
2-PB1,313,3431,2,1,0,3434,A
2-PB1,314,3443,0,2,0,3445,A
2-PB1,315,4,0,0,3457,3461,C
2-PB1,316,1,3423,0,2,3426,T
2-PB1,317,23,0,1,3408,3432,C
2-PB1,318,3420,1,3,0,3424,A
2-PB1,319,0,3422,2,0,3424,T
2-PB1,320,1,0,3428,0,3429,G
2-PB1,321,3,1,0,3488,3492,C
2-PB1,322,8,0,0,3485,3493,C
2-PB1,323,0,3475,2,2,3479,T
2-PB1,324,1,3447,2,1,3451,T
2-PB1,325,0,21,3446,0,3467,G
2-PB1,326,3475,1,1,0,3477,A
2-PB1,327,3480,0,3,0,3483,A
2-PB1,328,3481,0,1,1,3483,A
2-PB1,329,1,0,0,3509,3510,C
2-PB1,330,3426,0,1,0,3427,A
2-PB1,331,3459,0,1,0,3460,A
2-PB1,332,0,3457,0,0,3457,T
2-PB1,333,1,10,3446,0,3457,G
2-PB1,334,0,4,3451,0,3455,G
2-PB1,335,3415,0,2,0,3417,A
2-PB1,336,3414,0,1,0,3415,A
2-PB1,337,1,1,3409,1,3412,G
2-PB1,338,3,0,1,3405,3409,C
2-PB1,339,11,2,0,3363,3376,C
2-PB1,340,2,1,3404,0,3407,G
2-PB1,341,0,3385,0,4,3389,T
2-PB1,342,1,3391,1,1,3394,T
2-PB1,343,28,0,0,3425,3453,C
2-PB1,344,3449,1,0,0,3450,A
2-PB1,345,3489,0,8,0,3497,A
2-PB1,346,4,1,2,3496,3503,C
2-PB1,347,3499,0,0,0,3499,A
2-PB1,348,0,12,3522,0,3534,G
2-PB1,349,3466,0,3,1,3470,A
2-PB1,350,2,0,0,3476,3478,C
2-PB1,351,3462,2,1,0,3465,A
2-PB1,352,3485,0,2,0,3487,A
2-PB1,353,0,12,3522,0,3534,G
2-PB1,354,0,12,3477,0,3489,G
2-PB1,355,4,4,3504,0,3512,G
2-PB1,356,0,3443,0,1,3444,T
2-PB1,357,1,13,3427,0,3441,G
2-PB1,358,1,12,3429,0,3442,G
2-PB1,359,3436,1,5,0,3442,A
2-PB1,360,2,0,0,3446,3448,C
2-PB1,361,3374,0,1,0,3375,A
2-PB1,362,3429,1,1,0,3431,A
2-PB1,363,3420,0,3,0,3423,A
2-PB1,364,5,2,0,3421,3428,C
2-PB1,365,0,3416,0,1,3417,T
2-PB1,366,3410,0,0,0,3410,A
2-PB1,367,3429,0,1,0,3430,A
2-PB1,368,4,1,0,3432,3437,C
2-PB1,369,10,2,0,3427,3439,C
2-PB1,370,20,0,1,3404,3425,C
2-PB1,371,3316,1,3,0,3320,A
2-PB1,372,3318,0,1,0,3319,A
2-PB1,373,0,9,3314,0,3323,G
2-PB1,374,2,1,3322,0,3325,G
2-PB1,375,1,3311,0,1,3313,T
2-PB1,376,19,1,0,3256,3276,C
2-PB1,377,1,0,3278,0,3279,G
2-PB1,378,1,1,0,3273,3275,C
2-PB1,379,12,1,1,3268,3282,C
2-PB1,380,3274,0,2,0,3276,A
2-PB1,381,0,13,3329,0,3342,G
2-PB1,382,3390,1,3,0,3394,A
2-PB1,383,4,1,0,3396,3401,C
2-PB1,384,0,3370,0,0,3370,T
2-PB1,385,0,3350,0,1,3351,T
2-PB1,386,3347,2,1,0,3350,A
2-PB1,387,1,3360,0,1,3362,T
2-PB1,388,0,12,3352,0,3364,G
2-PB1,389,3349,1,1,0,3351,A
2-PB1,390,1,3274,1,2,3278,T
2-PB1,391,1,3171,0,0,3172,T
2-PB1,392,2,10,3145,0,3157,G
2-PB1,393,0,12,3148,0,3160,G
2-PB1,394,3205,1,3,0,3209,A
2-PB1,395,4,1,0,3205,3210,C
2-PB1,396,3178,1,0,0,3179,A
2-PB1,397,2,3152,0,1,3155,T
2-PB1,398,1,3185,0,2,3188,T
2-PB1,399,3205,2,1,0,3208,A
2-PB1,400,3201,0,0,0,3201,A
2-PB1,401,3203,0,2,0,3205,A
2-PB1,402,3,0,0,3205,3208,C
2-PB1,403,3137,0,0,0,3137,A
2-PB1,404,0,8,3158,0,3166,G
2-PB1,405,3146,1,1,0,3148,A
2-PB1,406,3146,0,0,1,3147,A
2-PB1,407,3154,0,0,0,3154,A
2-PB1,408,0,3128,0,1,3129,T
2-PB1,409,18,0,0,3117,3135,C
2-PB1,410,3121,0,0,0,3121,A
2-PB1,411,3125,0,0,0,3125,A
2-PB1,412,3,0,0,3120,3123,C
2-PB1,413,11,3,0,3087,3101,C
2-PB1,414,1,10,3102,0,3113,G
2-PB1,415,2,2,3107,1,3112,G
2-PB1,416,2,1,0,3112,3115,C
2-PB1,417,3114,0,3,0,3117,A
2-PB1,418,1,4,3119,0,3124,G
2-PB1,419,1,0,0,3152,3153,C
2-PB1,420,3152,0,0,0,3152,A
2-PB1,421,3150,1,1,0,3152,A
2-PB1,422,3,0,0,3153,3156,C
2-PB1,423,0,3140,0,0,3140,T
2-PB1,424,0,2,3271,0,3273,G
2-PB1,425,3,2,0,3263,3268,C
2-PB1,426,3265,1,1,0,3267,A
2-PB1,427,0,3269,0,3,3272,T
2-PB1,428,0,3220,0,1,3221,T
2-PB1,429,3400,0,1,0,3401,A
2-PB1,430,0,2,3402,0,3404,G
2-PB1,431,0,1,0,3392,3393,C
2-PB1,432,12,0,0,3384,3396,C
2-PB1,433,3244,0,0,0,3244,A
2-PB1,434,3264,0,1,0,3265,A
2-PB1,435,5,1,0,3278,3284,C
2-PB1,436,3283,1,1,0,3285,A
2-PB1,437,2,0,0,3372,3374,C
2-PB1,438,20,0,1,3092,3113,C
2-PB1,439,3108,0,1,0,3109,A
2-PB1,440,0,3098,0,0,3098,T
2-PB1,441,3099,1,0,0,3100,A
2-PB1,442,0,18,3091,0,3109,G
2-PB1,443,3069,1,0,0,3070,A
2-PB1,444,3038,0,3,0,3041,A
2-PB1,445,0,1,3067,0,3068,G
2-PB1,446,0,2969,0,0,2969,T
2-PB1,447,0,2970,0,1,2971,T
2-PB1,448,0,2962,1,1,2964,T
2-PB1,449,0,2975,0,0,2975,T
2-PB1,450,0,2977,0,1,2978,T
2-PB1,451,2971,0,0,0,2971,A
2-PB1,452,0,14,2958,0,2972,G
2-PB1,453,2966,0,1,0,2967,A
2-PB1,454,2,2945,1,1,2949,T
2-PB1,455,18,0,0,2881,2899,C
2-PB1,456,1,19,2885,0,2905,G
2-PB1,457,2907,1,0,0,2908,A
2-PB1,458,2911,1,1,0,2913,A
2-PB1,459,1,2,0,2931,2934,C
2-PB1,460,0,10,2928,0,2938,G
2-PB1,461,1,8,3066,0,3075,G
2-PB1,462,3076,2,1,0,3079,A
2-PB1,463,0,3071,0,2,3073,T
2-PB1,464,2,3069,1,0,3072,T
2-PB1,465,3076,0,3,0,3079,A
2-PB1,466,3075,2,3,0,3080,A
2-PB1,467,2,7,0,3085,3094,C
2-PB1,468,3064,0,1,3,3068,A
2-PB1,469,0,0,3095,0,3095,G
2-PB1,470,2,0,0,2966,2968,C
2-PB1,471,0,2936,2,13,2951,T
2-PB1,472,2960,0,0,0,2960,A
2-PB1,473,2965,0,0,0,2965,A
2-PB1,474,0,2966,0,0,2966,T
2-PB1,475,1,17,2971,0,2989,G
2-PB1,476,2978,0,0,0,2978,A
2-PB1,477,2982,0,1,0,2983,A
2-PB1,478,0,2931,0,1,2932,T
2-PB1,479,18,2,0,2917,2937,C
2-PB1,480,2921,0,4,0,2925,A
2-PB1,481,0,9,2910,0,2919,G
2-PB1,482,0,5,2911,0,2916,G
2-PB1,483,2912,1,1,0,2914,A
2-PB1,484,2861,0,1,0,2862,A
2-PB1,485,1,6,3008,0,3015,G
2-PB1,486,1,1,3026,0,3028,G
2-PB1,487,2,0,0,3023,3025,C
2-PB1,488,0,3014,0,2,3016,T
2-PB1,489,3015,1,0,0,3016,A
2-PB1,490,3014,1,0,1,3016,A
2-PB1,491,0,3013,0,1,3014,T
2-PB1,492,3015,0,1,0,3016,A
2-PB1,493,1,9,3016,0,3026,G
2-PB1,494,2843,1,0,0,2844,A
2-PB1,495,0,2816,0,5,2821,T
2-PB1,496,0,2821,0,0,2821,T
2-PB1,497,1,2828,0,0,2829,T
2-PB1,498,7,2,0,2896,2905,C
2-PB1,499,9,1,0,2913,2923,C
2-PB1,500,0,2911,0,3,2914,T
2-PB1,501,5,0,1,2919,2925,C
2-PB1,502,2918,0,1,0,2919,A
2-PB1,503,2927,0,0,0,2927,A
2-PB1,504,0,6,2936,0,2942,G
2-PB1,505,0,6,2957,0,2963,G
2-PB1,506,2961,0,0,0,2961,A
2-PB1,507,0,2853,0,1,2854,T
2-PB1,508,0,1,2892,0,2893,G
2-PB1,509,1,2871,0,1,2873,T
2-PB1,510,0,9,2883,1,2893,G
2-PB1,511,2894,1,2,0,2897,A
2-PB1,512,0,2876,0,2,2878,T
2-PB1,513,1,7,2859,0,2867,G
2-PB1,514,0,7,2853,2,2862,G
2-PB1,515,2851,0,0,0,2851,A
2-PB1,516,2856,0,1,0,2857,A
2-PB1,517,1,2829,0,1,2831,T
2-PB1,518,12,0,0,2816,2828,C
2-PB1,519,2795,1,0,1,2797,A
2-PB1,520,2801,0,3,0,2804,A
2-PB1,521,0,2810,0,1,2811,T
2-PB1,522,1,7,2836,0,2844,G
2-PB1,523,0,8,2841,0,2849,G
2-PB1,524,2838,1,1,2,2842,A
2-PB1,525,0,2832,0,4,2836,T
2-PB1,526,2824,0,0,0,2824,A
2-PB1,527,2820,0,1,0,2821,A
2-PB1,528,2813,0,2,0,2815,A
2-PB1,529,0,4,2839,0,2843,G
2-PB1,530,2809,1,2,1,2813,A
2-PB1,531,1,6,2781,0,2788,G
2-PB1,532,1,7,2787,0,2795,G
2-PB1,533,2773,1,2,0,2776,A
2-PB1,534,2773,0,5,0,2778,A
2-PB1,535,2785,0,2,0,2787,A
2-PB1,536,0,2784,0,1,2785,T
2-PB1,537,2,4,2816,1,2823,G
2-PB1,538,0,11,2804,0,2815,G
2-PB1,539,2776,0,6,0,2782,A
2-PB1,540,0,8,2816,0,2824,G
2-PB1,541,2795,0,1,0,2796,A
2-PB1,542,0,2841,0,1,2842,T
2-PB1,543,2846,0,0,0,2846,A
2-PB1,544,2863,0,2,2,2867,A
2-PB1,545,2,1,0,2875,2878,C
2-PB1,546,2835,0,0,0,2835,A
2-PB1,547,2840,0,1,0,2841,A
2-PB1,548,2,0,0,2843,2845,C
2-PB1,549,2805,0,2,0,2807,A
2-PB1,550,3,0,0,2811,2814,C
2-PB1,551,2752,1,1,0,2754,A
2-PB1,552,3,0,0,2777,2780,C
2-PB1,553,0,2752,0,1,2753,T
2-PB1,554,2,2744,0,1,2747,T
2-PB1,555,0,2748,0,0,2748,T
2-PB1,556,16,0,0,2734,2750,C
2-PB1,557,2745,0,0,1,2746,A
2-PB1,558,2740,1,1,0,2742,A
2-PB1,559,2753,0,2,0,2755,A
2-PB1,560,0,9,2793,0,2802,G
2-PB1,561,2775,0,1,0,2776,A
2-PB1,562,2771,0,0,1,2772,A
2-PB1,563,2777,0,2,0,2779,A
2-PB1,564,2781,0,1,2,2784,A
2-PB1,565,2782,0,2,1,2785,A
2-PB1,566,1,14,2789,0,2804,G
2-PB1,567,2,12,2790,1,2805,G
2-PB1,568,2762,0,1,1,2764,A
2-PB1,569,0,7,2812,1,2820,G
2-PB1,570,2799,1,2,0,2802,A
2-PB1,571,16,2,2890,0,2908,G
2-PB1,572,1,2899,1,0,2901,T
2-PB1,573,2898,0,0,0,2898,A
2-PB1,574,2899,1,2,1,2903,A
2-PB1,575,0,17,2891,0,2908,G
2-PB1,576,3,18,2903,0,2924,G
2-PB1,577,2,19,2908,0,2929,G
2-PB1,578,2851,0,6,1,2858,A
2-PB1,579,1,1,0,2879,2881,C
2-PB1,580,2797,1,0,1,2799,A
2-PB1,581,2812,1,3,0,2816,A
2-PB1,582,2,0,1,2813,2816,C
2-PB1,583,2800,1,1,0,2802,A
2-PB1,584,1,2778,0,0,2779,T
2-PB1,585,2,12,2748,0,2762,G
2-PB1,586,2760,1,1,0,2762,A
2-PB1,587,3,0,0,2754,2757,C
2-PB1,588,16,0,0,2694,2710,C
2-PB1,589,2721,1,0,1,2723,A
2-PB1,590,2718,0,0,0,2718,A
2-PB1,591,0,4,2740,0,2744,G
2-PB1,592,2742,0,0,0,2742,A
2-PB1,593,2738,0,0,1,2739,A
2-PB1,594,2723,0,0,2,2725,A
2-PB1,595,2727,0,1,0,2728,A
2-PB1,596,0,2734,0,0,2734,T
2-PB1,597,1,24,2713,0,2738,G
2-PB1,598,1,3,2757,0,2761,G
2-PB1,599,0,2714,0,7,2721,T
2-PB1,600,18,1,0,2674,2693,C
2-PB1,601,2716,0,1,0,2717,A
2-PB1,602,3,0,1,2942,2946,C
2-PB1,603,3006,0,1,1,3008,A
2-PB1,604,2,1,0,3037,3040,C
2-PB1,605,3035,0,0,0,3035,A
2-PB1,606,3188,0,1,1,3190,A
2-PB1,607,3173,0,0,1,3174,A
2-PB1,608,0,24,3447,0,3471,G
2-PB1,609,3468,0,1,0,3469,A
2-PB1,610,3505,1,1,0,3507,A
2-PB1,611,6,0,0,3604,3610,C
2-PB1,612,3531,1,0,0,3532,A
2-PB1,613,3563,0,0,0,3563,A
2-PB1,614,2,3549,0,0,3551,T
2-PB1,615,3514,1,1,0,3516,A
2-PB1,616,1,19,3512,0,3532,G
2-PB1,617,3,8,3406,2,3419,G
2-PB1,618,1,7,3424,1,3433,G
2-PB1,619,3424,0,0,1,3425,A
2-PB1,620,3385,1,1,0,3387,A
2-PB1,621,2,13,3422,0,3437,G
2-PB1,622,3425,1,1,0,3427,A
2-PB1,623,3434,0,3,0,3437,A
2-PB1,624,3448,0,2,0,3450,A
2-PB1,625,3465,2,0,0,3467,A
2-PB1,626,3550,0,3,0,3553,A
2-PB1,627,3560,1,2,1,3564,A
2-PB1,628,2,0,0,3570,3572,C
2-PB1,629,3566,1,0,0,3567,A
2-PB1,630,3565,1,1,1,3568,A
2-PB1,631,3559,1,1,0,3561,A
2-PB1,632,0,25,3621,0,3646,G
2-PB1,633,3633,0,4,0,3637,A
2-PB1,634,1,1,3838,0,3840,G
2-PB1,635,2,3794,0,1,3797,T
2-PB1,636,1,28,4479,0,4508,G
2-PB1,637,4513,1,5,0,4519,A
2-PB1,638,4531,0,0,0,4531,A
2-PB1,639,0,4615,0,0,4615,T
2-PB1,640,4626,0,0,0,4626,A
2-PB1,641,4636,0,4,0,4640,A
2-PB1,642,0,32,4622,0,4654,G
2-PB1,643,4581,0,1,1,4583,A
2-PB1,644,0,15,4592,0,4607,G
2-PB1,645,4433,0,8,0,4441,A
2-PB1,646,1,4,4496,0,4501,G
2-PB1,647,0,4,4507,1,4512,G
2-PB1,648,2,0,0,4527,4529,C
2-PB1,649,2,4520,1,2,4525,T
2-PB1,650,4666,0,3,0,4669,A
2-PB1,651,5,1,1,4917,4924,C
2-PB1,652,27,2,0,4906,4935,C
2-PB1,653,0,4958,0,3,4961,T
2-PB1,654,5151,0,1,1,5153,A
2-PB1,655,5132,1,4,3,5140,A
2-PB1,656,0,5152,0,2,5154,T
2-PB1,657,5142,0,0,1,5143,A
2-PB1,658,5131,1,2,0,5134,A
2-PB1,659,2,28,5127,0,5157,G
2-PB1,660,5022,2,4,0,5028,A
2-PB1,661,2,2,5068,0,5072,G
2-PB1,662,3,0,0,5090,5093,C
2-PB1,663,0,5033,0,8,5041,T
2-PB1,664,0,5060,0,0,5060,T
2-PB1,665,1,5059,0,1,5061,T
2-PB1,666,4,38,5035,1,5078,G
2-PB1,667,5176,0,5,0,5181,A
2-PB1,668,2,1,0,5211,5214,C
2-PB1,669,5196,0,1,0,5197,A
2-PB1,670,0,5186,0,2,5188,T
2-PB1,671,2,5167,0,2,5171,T
2-PB1,672,1,49,5283,0,5333,G
2-PB1,673,5312,1,7,1,5321,A
2-PB1,674,5320,1,5,0,5326,A
2-PB1,675,1,0,0,5352,5353,C
2-PB1,676,5303,2,3,0,5308,A
2-PB1,677,15,4,0,5309,5328,C
2-PB1,678,2,18,5284,1,5305,G
2-PB1,679,5343,3,0,0,5346,A
2-PB1,680,1,5354,0,0,5355,T
2-PB1,681,2,46,5424,0,5472,G
2-PB1,682,5486,3,5,0,5494,A
2-PB1,683,8,1,1,5530,5540,C
2-PB1,684,29,3,0,5507,5539,C
2-PB1,685,5545,0,3,0,5548,A
2-PB1,686,5618,0,2,0,5620,A
2-PB1,687,5622,1,5,1,5629,A
2-PB1,688,1,15,5786,1,5803,G
2-PB1,689,5900,0,3,0,5903,A
2-PB1,690,0,5840,0,2,5842,T
2-PB1,691,15,9,5831,1,5856,G
2-PB1,692,9,2,0,5835,5846,C
2-PB1,693,5832,2,0,0,5834,A
2-PB1,694,3,29,5861,0,5893,G
2-PB1,695,5830,1,1,1,5833,A
2-PB1,696,0,35,5820,0,5855,G
2-PB1,697,5690,0,3,0,5693,A
2-PB1,698,0,11,5676,1,5688,G
2-PB1,699,5625,2,6,1,5634,A
2-PB1,700,0,18,5617,0,5635,G
2-PB1,701,1,3,5632,0,5636,G
2-PB1,702,4,2,0,5627,5633,C
2-PB1,703,5588,1,1,0,5590,A
2-PB1,704,5595,0,3,0,5598,A
2-PB1,705,5639,2,4,0,5645,A
2-PB1,706,1,5648,0,0,5649,T
2-PB1,707,0,5629,0,2,5631,T
2-PB1,708,5656,3,0,0,5659,A
2-PB1,709,5639,0,2,1,5642,A
2-PB1,710,5671,0,0,0,5671,A
2-PB1,711,5692,0,1,0,5693,A
2-PB1,712,5700,0,3,0,5703,A
2-PB1,713,3,20,5685,1,5709,G
2-PB1,714,5656,0,0,0,5656,A
2-PB1,715,5634,0,4,0,5638,A
2-PB1,716,0,22,5714,0,5736,G
2-PB1,717,3,14,5867,1,5885,G
2-PB1,718,1,3,5890,1,5895,G
2-PB1,719,3,0,0,5936,5939,C
2-PB1,720,0,5926,2,4,5932,T
2-PB1,721,6010,1,1,0,6012,A
2-PB1,722,1,6086,0,5,6092,T
2-PB1,723,0,6101,0,2,6103,T
2-PB1,724,4,12,6123,0,6139,G
2-PB1,725,2,2,0,6119,6123,C
2-PB1,726,5951,0,12,0,5963,A
2-PB1,727,5986,0,5,0,5991,A
2-PB1,728,4,3,0,6009,6016,C
2-PB1,729,6007,2,0,1,6010,A
2-PB1,730,8,0,0,6018,6026,C
2-PB1,731,12,5,0,5876,5893,C
2-PB1,732,21,34,0,5859,5914,C
2-PB1,733,1,27,5876,0,5904,G
2-PB1,734,0,13,5917,0,5930,G
2-PB1,735,7,19,5909,0,5935,G
2-PB1,736,5937,0,3,0,5940,A
2-PB1,737,0,5883,0,2,5885,T
2-PB1,738,1,6,5901,0,5908,G
2-PB1,739,4,2,1,5888,5895,C
2-PB1,740,5973,2,2,0,5977,A
2-PB1,741,6082,1,4,0,6087,A
2-PB1,742,6144,0,4,0,6148,A
2-PB1,743,1,6150,1,0,6152,T
2-PB1,744,0,6148,2,1,6151,T
2-PB1,745,6123,0,0,0,6123,A
2-PB1,746,0,14,6116,0,6130,G
2-PB1,747,6079,0,7,0,6086,A
2-PB1,748,1,31,6097,0,6129,G
2-PB1,749,2,39,6028,1,6070,G
2-PB1,750,3,7,6234,1,6245,G
2-PB1,751,1,6231,0,5,6237,T
2-PB1,752,3,6219,0,7,6229,T
2-PB1,753,41,3,6,6194,6244,C
2-PB1,754,6,2,6322,1,6331,G
2-PB1,755,0,6328,0,4,6332,T
2-PB1,756,5,9,6325,1,6340,G
2-PB1,757,0,6317,0,2,6319,T
2-PB1,758,6282,1,0,1,6284,A
2-PB1,759,4,0,0,6273,6277,C
2-PB1,760,2,5952,1,3,5958,T
2-PB1,761,1,5993,1,1,5996,T
2-PB1,762,20,2,1,5930,5953,C
2-PB1,763,2,4,5911,0,5917,G
2-PB1,764,1,5904,0,1,5906,T
2-PB1,765,1,5898,0,4,5903,T
2-PB1,766,1,29,5876,0,5906,G
2-PB1,767,5894,0,0,0,5894,A
2-PB1,768,5885,1,5,1,5892,A
2-PB1,769,5926,1,4,2,5933,A
2-PB1,770,4,0,0,5956,5960,C
2-PB1,771,0,5896,0,2,5898,T
2-PB1,772,0,5871,1,0,5872,T
2-PB1,773,0,5878,0,0,5878,T
2-PB1,774,6002,2,4,0,6008,A
2-PB1,775,2,4,6007,0,6013,G
2-PB1,776,9,2,0,6015,6026,C
2-PB1,777,0,6019,0,3,6022,T
2-PB1,778,5958,2,4,1,5965,A
2-PB1,779,2,26,5923,0,5951,G
2-PB1,780,5946,1,1,0,5948,A
2-PB1,781,5944,0,4,1,5949,A
2-PB1,782,1,4,5950,0,5955,G
2-PB1,783,24,2,0,5827,5853,C
2-PB1,784,5837,0,1,0,5838,A
2-PB1,785,0,5800,0,1,5801,T
2-PB1,786,0,5805,0,1,5806,T
2-PB1,787,0,5797,0,4,5801,T
2-PB1,788,0,3,5830,0,5833,G
2-PB1,789,2,1,0,5813,5816,C
2-PB1,790,2,24,5798,0,5824,G
2-PB1,791,5805,2,1,0,5808,A
2-PB1,792,5789,0,0,0,5789,A
2-PB1,793,5796,2,1,0,5799,A
2-PB1,794,6020,1,5,0,6026,A
2-PB1,795,0,4,6101,1,6106,G
2-PB1,796,5,1,1,6118,6125,C
2-PB1,797,0,6109,0,4,6113,T
2-PB1,798,0,6120,0,0,6120,T
2-PB1,799,3,48,6078,0,6129,G
2-PB1,800,6126,1,3,0,6130,A
2-PB1,801,6125,2,5,1,6133,A
2-PB1,802,3,3,0,6168,6174,C
2-PB1,803,6025,0,3,0,6028,A
2-PB1,804,1,4,6669,0,6674,G
2-PB1,805,0,6617,0,2,6619,T
2-PB1,806,36,1,0,6608,6645,C
2-PB1,807,1,6651,0,2,6654,T
2-PB1,808,3,20,6640,1,6664,G
2-PB1,809,1,23,6636,0,6660,G
2-PB1,810,6677,2,4,0,6683,A
2-PB1,811,3,2,0,6716,6721,C
2-PB1,812,0,6471,0,2,6473,T
2-PB1,813,1,6013,0,4,6018,T
2-PB1,814,13,13,0,5990,6016,C
2-PB1,815,8,8,0,6000,6016,C
2-PB1,816,4,20,6026,2,6052,G
2-PB1,817,0,4,6082,0,6086,G
2-PB1,818,0,6048,0,1,6049,T
2-PB1,819,1,6036,0,3,6040,T
2-PB1,820,0,17,5986,0,6003,G
2-PB1,821,2,23,6007,1,6033,G
2-PB1,822,1,26,6036,0,6063,G
2-PB1,823,5,13,6045,0,6063,G
2-PB1,824,2,12,6091,0,6105,G
2-PB1,825,0,6059,0,5,6064,T
2-PB1,826,6063,0,0,0,6063,A
2-PB1,827,6108,0,1,1,6110,A
2-PB1,828,0,6110,0,1,6111,T
2-PB1,829,0,34,6112,2,6148,G
2-PB1,830,6076,1,1,3,6081,A
2-PB1,831,6034,2,4,0,6040,A
2-PB1,832,6047,2,0,0,6049,A
2-PB1,833,5998,1,30,1,6030,A
2-PB1,834,1,15,6026,2,6044,G
2-PB1,835,5990,1,1,0,5992,A
2-PB1,836,5938,3,5,0,5946,A
2-PB1,837,1,19,5967,0,5987,G
2-PB1,838,2,4,5974,1,5981,G
2-PB1,839,7,2,0,5966,5975,C
2-PB1,840,21,1,1,5935,5958,C
2-PB1,841,5959,0,3,0,5962,A
2-PB1,842,5959,0,1,0,5960,A
2-PB1,843,5960,1,3,0,5964,A
2-PB1,844,6,0,1,5990,5997,C
2-PB1,845,1,5984,0,1,5986,T
2-PB1,846,0,22,6069,0,6091,G
2-PB1,847,12,1,6070,0,6083,G
2-PB1,848,12,0,1,6065,6078,C
2-PB1,849,6087,2,3,0,6092,A
2-PB1,850,6092,0,1,0,6093,A
2-PB1,851,6097,0,1,1,6099,A
2-PB1,852,0,6094,0,1,6095,T
2-PB1,853,1,4,6115,0,6120,G
2-PB1,854,1,6086,0,4,6091,T
2-PB1,855,2,5961,0,1,5964,T
2-PB1,856,1,4,5969,1,5975,G
2-PB1,857,5,5952,1,6,5964,T
2-PB1,858,2,26,5954,0,5982,G
2-PB1,859,5972,0,2,0,5974,A
2-PB1,860,1,22,5974,0,5997,G
2-PB1,861,5981,1,3,1,5986,A
2-PB1,862,5957,0,1,1,5959,A
2-PB1,863,5954,0,2,0,5956,A
2-PB1,864,5965,3,2,0,5970,A
2-PB1,865,5989,1,3,1,5994,A
2-PB1,866,1,5970,0,4,5975,T
2-PB1,867,3,31,5939,0,5973,G
2-PB1,868,5966,1,3,0,5970,A
2-PB1,869,0,5886,1,3,5890,T
2-PB1,870,1,39,5909,1,5950,G
2-PB1,871,5943,3,7,1,5954,A
2-PB1,872,6,0,1,6018,6025,C
2-PB1,873,0,5999,1,3,6003,T
2-PB1,874,5980,0,2,0,5982,A
2-PB1,875,6067,1,3,0,6071,A
2-PB1,876,1,6060,0,0,6061,T
2-PB1,877,0,6127,2,2,6131,T
2-PB1,878,46,0,0,6118,6164,C
2-PB1,879,6157,1,5,0,6163,A
2-PB1,880,1,2,0,6182,6185,C
2-PB1,881,6114,1,1,1,6117,A
2-PB1,882,6128,1,6,0,6135,A
2-PB1,883,1,45,6107,0,6153,G
2-PB1,884,6233,2,7,0,6242,A
2-PB1,885,7,1,0,6219,6227,C
2-PB1,886,6178,4,5,0,6187,A
2-PB1,887,7,1,0,6177,6185,C
2-PB1,888,6109,1,0,0,6110,A
2-PB1,889,3,22,6134,0,6159,G
2-PB1,890,6122,0,6,0,6128,A
2-PB1,891,0,3,6154,2,6159,G
2-PB1,892,5,1,0,6120,6126,C
2-PB1,893,0,5961,0,3,5964,T
2-PB1,894,2,6037,1,0,6040,T
2-PB1,895,1,6038,3,0,6042,T
2-PB1,896,20,0,0,6043,6063,C
2-PB1,897,1,6039,0,7,6047,T
2-PB1,898,2,6015,1,2,6020,T
2-PB1,899,0,6021,0,7,6028,T
2-PB1,900,25,1,0,6047,6073,C
2-PB1,901,6054,1,5,0,6060,A
2-PB1,902,6,2,1,6086,6095,C
2-PB1,903,6002,0,3,0,6005,A
2-PB1,904,6011,1,36,0,6048,A
2-PB1,905,1,6111,0,2,6114,T
2-PB1,906,37,1,0,6175,6213,C
2-PB1,907,6241,0,2,0,6243,A
2-PB1,908,4,2,0,6278,6284,C
2-PB1,909,1,6220,0,4,6225,T
2-PB1,910,2,25,6227,1,6255,G
2-PB1,911,0,24,6218,1,6243,G
2-PB1,912,1,19,6445,3,6468,G
2-PB1,913,9,29,6406,1,6445,G
2-PB1,914,6316,4,9,0,6329,A
2-PB1,915,2,2,0,6073,6077,C
2-PB1,916,6154,0,4,1,6159,A
2-PB1,917,6579,1,5,1,6586,A
2-PB1,918,4,5,0,6653,6662,C
2-PB1,919,6654,0,2,0,6656,A
2-PB1,920,3,0,0,6640,6643,C
2-PB1,921,1,6322,0,7,6330,T
2-PB1,922,6348,1,2,1,6352,A
2-PB1,923,6331,0,7,2,6340,A
2-PB1,924,0,13,6381,0,6394,G
2-PB1,925,1,6356,0,4,6361,T
2-PB1,926,2,31,5835,0,5868,G
2-PB1,927,0,18,5795,0,5813,G
2-PB1,928,5785,1,5,0,5791,A
2-PB1,929,5800,0,3,0,5803,A
2-PB1,930,1,5788,0,0,5789,T
2-PB1,931,4,31,5740,0,5775,G
2-PB1,932,5756,3,1,1,5761,A
2-PB1,933,5697,0,1,0,5698,A
2-PB1,934,5737,1,5,0,5743,A
2-PB1,935,5763,2,1,1,5767,A
2-PB1,936,0,5734,0,1,5735,T
2-PB1,937,40,1,0,5702,5743,C
2-PB1,938,5741,1,0,0,5742,A
2-PB1,939,5736,0,3,0,5739,A
2-PB1,940,5726,2,4,1,5733,A
2-PB1,941,5736,2,4,1,5743,A
2-PB1,942,2,0,0,5753,5755,C
2-PB1,943,29,1,0,5664,5694,C
2-PB1,944,21,0,0,5673,5694,C
2-PB1,945,0,5686,2,5,5693,T
2-PB1,946,12,2,2,5690,5706,C
2-PB1,947,2,27,5682,0,5711,G
2-PB1,948,5698,2,0,1,5701,A
2-PB1,949,5697,0,4,0,5701,A
2-PB1,950,0,5698,0,1,5699,T
2-PB1,951,0,0,5724,0,5724,G
2-PB1,952,1,5656,2,3,5662,T
2-PB1,953,1,5654,0,3,5658,T
2-PB1,954,2,5653,1,2,5658,T
2-PB1,955,0,5656,0,0,5656,T
2-PB1,956,0,5644,1,2,5647,T
2-PB1,957,3,15,5639,0,5657,G
2-PB1,958,5,5,5629,1,5640,G
2-PB1,959,1,7,1,5623,5632,C
2-PB1,960,1,18,5566,0,5585,G
2-PB1,961,5575,2,4,0,5581,A
2-PB1,962,1,5772,1,0,5774,T
2-PB1,963,0,26,5982,0,6008,G
2-PB1,964,6348,1,1,0,6350,A
2-PB1,965,2,6374,0,1,6377,T
2-PB1,966,0,6370,0,1,6371,T
2-PB1,967,6426,1,3,0,6430,A
2-PB1,968,4,1,0,6426,6431,C
2-PB1,969,6468,1,4,0,6473,A
2-PB1,970,0,6444,0,3,6447,T
2-PB1,971,6142,0,2,0,6144,A
2-PB1,972,3,0,0,6190,6193,C
2-PB1,973,5614,1,1,0,5616,A
2-PB1,974,0,5606,0,3,5609,T
2-PB1,975,17,2,0,5573,5592,C
2-PB1,976,5558,1,4,0,5563,A
2-PB1,977,4,0,0,5594,5598,C
2-PB1,978,5541,1,3,0,5545,A
2-PB1,979,5547,0,1,0,5548,A
2-PB1,980,5529,1,7,0,5537,A
2-PB1,981,8,30,5314,0,5352,G
2-PB1,982,5627,2,2,0,5631,A
2-PB1,983,5643,0,2,0,5645,A
2-PB1,984,2,5646,0,1,5649,T
2-PB1,985,27,1,1,5626,5655,C
2-PB1,986,5691,0,1,0,5692,A
2-PB1,987,5725,0,1,0,5726,A
2-PB1,988,1,0,1,5733,5735,C
2-PB1,989,9,2,0,5725,5736,C
2-PB1,990,0,5454,1,3,5458,T
2-PB1,991,1,34,5478,0,5513,G
2-PB1,992,5484,2,1,0,5487,A
2-PB1,993,0,3,5503,0,5506,G
2-PB1,994,1,5472,0,1,5474,T
2-PB1,995,2,24,5322,0,5348,G
2-PB1,996,2,2,5671,1,5676,G
2-PB1,997,0,5648,1,5,5654,T
2-PB1,998,0,5640,1,4,5645,T
2-PB1,999,30,0,1,5620,5651,C
2-PB1,1000,5580,1,3,0,5584,A
2-PB1,1001,0,26,5682,0,5708,G
2-PB1,1002,5688,0,3,3,5694,A
2-PB1,1003,5703,0,2,0,5705,A
2-PB1,1004,5681,1,3,2,5687,A
2-PB1,1005,2,1,1,5287,5291,C
2-PB1,1006,5362,2,0,0,5364,A
2-PB1,1007,0,5350,0,1,5351,T
2-PB1,1008,14,2,0,5383,5399,C
2-PB1,1009,16,1,1,5390,5408,C
2-PB1,1010,0,5253,0,2,5255,T
2-PB1,1011,2,36,5230,0,5268,G
2-PB1,1012,5240,0,5,0,5245,A
2-PB1,1013,1,3,5300,0,5304,G
2-PB1,1014,9,2,0,5259,5270,C
2-PB1,1015,5089,0,1,1,5091,A
2-PB1,1016,0,5120,0,2,5122,T
2-PB1,1017,19,6,0,5029,5054,C
2-PB1,1018,4,0,5069,0,5073,G
2-PB1,1019,3,0,0,5220,5223,C
2-PB1,1020,5246,1,3,0,5250,A
2-PB1,1021,4,2,0,5438,5444,C
2-PB1,1022,27,1,0,5406,5434,C
2-PB1,1023,5435,0,3,0,5438,A
2-PB1,1024,5515,0,0,0,5515,A
2-PB1,1025,2,5501,0,2,5505,T
2-PB1,1026,5486,0,0,1,5487,A
2-PB1,1027,5483,0,2,0,5485,A
2-PB1,1028,1,5286,0,2,5289,T
2-PB1,1029,4,9,5295,1,5309,G
2-PB1,1030,1,5171,0,3,5175,T
2-PB1,1031,0,5135,0,2,5137,T
2-PB1,1032,26,0,1,5130,5157,C
2-PB1,1033,1,5133,1,2,5137,T
2-PB1,1034,22,0,0,5122,5144,C
2-PB1,1035,5138,2,4,0,5144,A
2-PB1,1036,5150,1,1,0,5152,A
2-PB1,1037,5148,0,2,1,5151,A
2-PB1,1038,8,1,1,5152,5162,C
2-PB1,1039,5135,2,0,0,5137,A
2-PB1,1040,5134,0,1,1,5136,A
2-PB1,1041,5126,1,1,2,5130,A
2-PB1,1042,5151,1,0,1,5153,A
2-PB1,1043,0,5219,0,3,5222,T
2-PB1,1044,1,19,5215,0,5235,G
2-PB1,1045,2,6,5218,1,5227,G
2-PB1,1046,2,4,0,5203,5209,C
2-PB1,1047,5205,2,4,0,5211,A
2-PB1,1048,5214,0,2,0,5216,A
2-PB1,1049,0,20,5238,0,5258,G
2-PB1,1050,5269,0,7,1,5277,A
2-PB1,1051,6,1,1,5286,5294,C
2-PB1,1052,0,5221,0,2,5223,T
2-PB1,1053,1,16,5275,0,5292,G
2-PB1,1054,3,15,5289,0,5307,G
2-PB1,1055,0,12,5336,0,5348,G
2-PB1,1056,5341,0,5,1,5347,A
2-PB1,1057,5339,2,0,0,5341,A
2-PB1,1058,5312,1,2,0,5315,A
2-PB1,1059,5282,0,18,0,5300,A
2-PB1,1060,1,20,5427,0,5448,G
2-PB1,1061,6,22,5427,0,5455,G
2-PB1,1062,5419,1,11,0,5431,A
2-PB1,1063,0,5405,0,3,5408,T
2-PB1,1064,5369,0,9,1,5379,A
2-PB1,1065,5,1,1,5388,5395,C
2-PB1,1066,5437,1,2,0,5440,A
2-PB1,1067,0,5421,0,2,5423,T
2-PB1,1068,32,6,5436,1,5475,G
2-PB1,1069,1,5375,1,5,5382,T
2-PB1,1070,0,5368,0,0,5368,T
2-PB1,1071,38,9,1,5318,5366,C
2-PB1,1072,1,34,5336,1,5372,G
2-PB1,1073,5361,0,4,0,5365,A
2-PB1,1074,0,26,5449,1,5476,G
2-PB1,1075,5412,2,8,0,5422,A
2-PB1,1076,0,6,5464,0,5470,G
2-PB1,1077,0,5404,0,0,5404,T
2-PB1,1078,5393,0,1,0,5394,A
2-PB1,1079,5398,1,12,0,5411,A
2-PB1,1080,1,29,5405,0,5435,G
2-PB1,1081,5417,2,8,0,5427,A
2-PB1,1082,0,23,5468,0,5491,G
2-PB1,1083,5345,0,6,0,5351,A
2-PB1,1084,5378,0,0,1,5379,A
2-PB1,1085,0,5307,0,1,5308,T
2-PB1,1086,9,21,5258,0,5288,G
2-PB1,1087,5290,0,4,1,5295,A
2-PB1,1088,5261,0,10,0,5271,A
2-PB1,1089,1,2,5292,0,5295,G
2-PB1,1090,13,1,1,5257,5272,C
2-PB1,1091,2,5203,0,2,5207,T
2-PB1,1092,17,0,1,5223,5241,C
2-PB1,1093,7,4,1,5210,5222,C
2-PB1,1094,3,18,5237,0,5258,G
2-PB1,1095,1,23,5251,0,5275,G
2-PB1,1096,5296,2,2,0,5300,A
2-PB1,1097,3,0,0,5369,5372,C
2-PB1,1098,5368,0,2,1,5371,A
2-PB1,1099,5,2,0,5423,5430,C
2-PB1,1100,5423,1,4,0,5428,A
2-PB1,1101,5426,0,4,0,5430,A
2-PB1,1102,5433,2,1,0,5436,A
2-PB1,1103,2,5437,0,3,5442,T
2-PB1,1104,5462,0,1,0,5463,A
2-PB1,1105,6,2,0,5445,5453,C
2-PB1,1106,15,0,0,5392,5407,C
2-PB1,1107,3,5344,0,3,5350,T
2-PB1,1108,3,4,5371,0,5378,G
2-PB1,1109,6,1,0,5382,5389,C
2-PB1,1110,5386,1,2,0,5389,A
2-PB1,1111,1,13,5382,1,5397,G
2-PB1,1112,5368,0,1,0,5369,A
2-PB1,1113,5350,0,0,3,5353,A
2-PB1,1114,5374,0,2,1,5377,A
2-PB1,1115,0,5357,0,2,5359,T
2-PB1,1116,2,2,5371,0,5375,G
2-PB1,1117,2,1,1,5341,5345,C
2-PB1,1118,0,5332,0,5,5337,T
2-PB1,1119,5413,0,4,1,5418,A
2-PB1,1120,3,5,5401,0,5409,G
2-PB1,1121,4,2,0,5407,5413,C
2-PB1,1122,5404,1,1,1,5407,A
2-PB1,1123,5381,1,8,1,5391,A
2-PB1,1124,0,4,5376,0,5380,G
2-PB1,1125,5,0,1,5369,5375,C
2-PB1,1126,5298,0,3,0,5301,A
2-PB1,1127,1,5422,0,2,5425,T
2-PB1,1128,1,5424,0,2,5427,T
2-PB1,1129,3,28,5605,3,5639,G
2-PB1,1130,5685,3,3,1,5692,A
2-PB1,1131,4,0,0,5684,5688,C
2-PB1,1132,23,2,1,5674,5700,C
2-PB1,1133,0,5585,0,2,5587,T
2-PB1,1134,3,18,5655,0,5676,G
2-PB1,1135,5679,3,3,2,5687,A
2-PB1,1136,5638,0,18,31,5687,A
2-PB1,1137,2,4,5776,0,5782,G
2-PB1,1138,1,5592,0,2,5595,T
2-PB1,1139,5616,0,0,1,5617,A
2-PB1,1140,0,5576,0,0,5576,T
2-PB1,1141,1,5567,0,5,5573,T
2-PB1,1142,0,5562,0,3,5565,T
2-PB1,1143,23,2,0,5471,5496,C
2-PB1,1144,5477,0,2,0,5479,A
2-PB1,1145,5480,3,0,0,5483,A
2-PB1,1146,2,5395,1,1,5399,T
2-PB1,1147,0,46,5365,0,5411,G
2-PB1,1148,5385,0,1,1,5387,A
2-PB1,1149,5429,0,1,0,5430,A
2-PB1,1150,1,5406,2,4,5413,T
2-PB1,1151,35,1,0,5414,5450,C
2-PB1,1152,5439,1,3,0,5443,A
2-PB1,1153,5464,0,1,0,5465,A
2-PB1,1154,6,0,0,5454,5460,C
2-PB1,1155,5448,0,3,0,5451,A
2-PB1,1156,5423,1,4,0,5428,A
2-PB1,1157,2,15,5425,1,5443,G
2-PB1,1158,0,11,5447,0,5458,G
2-PB1,1159,5451,0,1,0,5452,A
2-PB1,1160,5433,0,7,0,5440,A
2-PB1,1161,0,18,5424,0,5442,G
2-PB1,1162,5421,1,1,0,5423,A
2-PB1,1163,5423,1,1,0,5425,A
2-PB1,1164,5425,0,0,0,5425,A
2-PB1,1165,5421,0,6,1,5428,A
2-PB1,1166,2,5412,1,2,5417,T
2-PB1,1167,0,5339,1,0,5340,T
2-PB1,1168,2,37,5324,0,5363,G
2-PB1,1169,5339,0,8,0,5347,A
2-PB1,1170,1,25,5334,0,5360,G
2-PB1,1171,5361,0,1,1,5363,A
2-PB1,1172,5389,1,5,1,5396,A
2-PB1,1173,5456,1,2,1,5460,A
2-PB1,1174,5473,3,3,0,5479,A
2-PB1,1175,0,5467,0,0,5467,T
2-PB1,1176,5470,0,1,0,5471,A
2-PB1,1177,5460,3,4,4,5471,A
2-PB1,1178,0,6,5480,0,5486,G
2-PB1,1179,2,6,5478,0,5486,G
2-PB1,1180,11,0,0,5458,5469,C
2-PB1,1181,20,4,0,5427,5451,C
2-PB1,1182,0,5420,0,6,5426,T
2-PB1,1183,22,0,0,6088,6110,C
2-PB1,1184,0,6188,3,5,6196,T
2-PB1,1185,1,6206,0,1,6208,T
2-PB1,1186,15,1,1,6299,6316,C
2-PB1,1187,2,6290,0,3,6295,T
2-PB1,1188,6297,0,3,0,6300,A
2-PB1,1189,6310,2,0,0,6312,A
2-PB1,1190,0,6311,0,0,6311,T
2-PB1,1191,6346,2,1,1,6350,A
2-PB1,1192,1,13,6203,1,6218,G
2-PB1,1193,5665,1,0,1,5667,A
2-PB1,1194,0,5660,1,1,5662,T
2-PB1,1195,3,25,5563,1,5592,G
2-PB1,1196,3,0,5661,0,5664,G
2-PB1,1197,4,0,0,5648,5652,C
2-PB1,1198,5649,1,2,0,5652,A
2-PB1,1199,3,1,0,5675,5679,C
2-PB1,1200,5553,0,5,0,5558,A
2-PB1,1201,2,4,5795,0,5801,G
2-PB1,1202,3,1,1,5780,5785,C
2-PB1,1203,5786,1,0,4,5791,A
2-PB1,1204,0,5928,0,5,5933,T
2-PB1,1205,18,0,2,5850,5870,C
2-PB1,1206,5906,1,2,0,5909,A
2-PB1,1207,0,5903,0,3,5906,T
2-PB1,1208,1,5863,0,1,5865,T
2-PB1,1209,1,21,5834,0,5856,G
2-PB1,1210,5649,1,15,1,5666,A
2-PB1,1211,1,4,5866,0,5871,G
2-PB1,1212,3,1,3,5851,5858,C
2-PB1,1213,21,1,1,5735,5758,C
2-PB1,1214,29,0,0,5815,5844,C
2-PB1,1215,3,5779,1,13,5796,T
2-PB1,1216,4,14,6087,0,6105,G
2-PB1,1217,0,23,6202,0,6225,G
2-PB1,1218,6215,0,8,1,6224,A
2-PB1,1219,6364,0,2,0,6366,A
2-PB1,1220,1,6159,1,3,6164,T
2-PB1,1221,2,25,6299,1,6327,G
2-PB1,1222,6424,0,3,0,6427,A
2-PB1,1223,1,6396,0,3,6400,T
2-PB1,1224,3,26,6395,0,6424,G
2-PB1,1225,6342,2,4,0,6348,A
2-PB1,1226,0,6242,0,2,6244,T
2-PB1,1227,1,32,6218,2,6253,G
2-PB1,1228,2,19,6328,0,6349,G
2-PB1,1229,4,7,6340,0,6351,G
2-PB1,1230,4,1,1,6297,6303,C
2-PB1,1231,6303,3,2,1,6309,A
2-PB1,1232,0,6305,0,0,6305,T
2-PB1,1233,2,3,6497,0,6502,G
2-PB1,1234,0,6496,1,5,6502,T
2-PB1,1235,5,6525,1,1,6532,T
2-PB1,1236,55,3,1,6477,6536,C
2-PB1,1237,6478,2,3,2,6485,A
2-PB1,1238,6530,0,5,0,6535,A
2-PB1,1239,6,0,0,6540,6546,C
2-PB1,1240,6565,1,6,1,6573,A
2-PB1,1241,1,6563,1,2,6567,T
2-PB1,1242,4,4,6598,0,6606,G
2-PB1,1243,3,1,1,6609,6614,C
2-PB1,1244,0,6591,0,2,6593,T
2-PB1,1245,6653,0,1,0,6654,A
2-PB1,1246,6645,1,2,0,6648,A
2-PB1,1247,5,4,6754,0,6763,G
2-PB1,1248,1,6740,0,4,6745,T
2-PB1,1249,6703,1,2,0,6706,A
2-PB1,1250,3,6,0,6735,6744,C
2-PB1,1251,5,40,6708,2,6755,G
2-PB1,1252,0,5,7149,0,7154,G
2-PB1,1253,0,7136,1,5,7142,T
2-PB1,1254,0,7095,0,2,7097,T
2-PB1,1255,1,7090,2,4,7097,T
2-PB1,1256,0,7021,0,3,7024,T
2-PB1,1257,7029,3,3,0,7035,A
2-PB1,1258,2,12,7021,0,7035,G
2-PB1,1259,3,25,7008,0,7036,G
2-PB1,1260,6880,0,3,0,6883,A
2-PB1,1261,0,4,6828,0,6832,G
2-PB1,1262,2,6867,0,2,6871,T
2-PB1,1263,35,0,0,6866,6901,C
2-PB1,1264,3,6879,1,6,6889,T
2-PB1,1265,43,4,1,6858,6906,C
2-PB1,1266,7,34,6875,0,6916,G
2-PB1,1267,7147,2,1,1,7151,A
2-PB1,1268,1,7155,0,0,7156,T
2-PB1,1269,7190,4,1,1,7196,A
2-PB1,1270,7,1,0,7189,7197,C
2-PB1,1271,0,7030,1,18,7049,T
2-PB1,1272,38,41,7002,2,7083,G
2-PB1,1273,7073,0,1,0,7074,A
2-PB1,1274,7185,2,1,2,7190,A
2-PB1,1275,0,7184,0,4,7188,T
2-PB1,1276,34,0,0,6993,7027,C
2-PB1,1277,1,6991,0,9,7001,T
2-PB1,1278,3,6965,0,0,6968,T
2-PB1,1279,2,42,6938,0,6982,G
2-PB1,1280,2,32,6964,0,6998,G
2-PB1,1281,6975,2,5,1,6983,A
2-PB1,1282,3,3,1,6986,6993,C
2-PB1,1283,6886,1,0,1,6888,A
2-PB1,1284,6940,1,0,1,6942,A
2-PB1,1285,6954,2,0,1,6957,A
2-PB1,1286,6961,1,13,0,6975,A
2-PB1,1287,0,23,7091,0,7114,G
2-PB1,1288,7117,3,5,0,7125,A
2-PB1,1289,7107,0,4,2,7113,A
2-PB1,1290,7118,0,3,2,7123,A
2-PB1,1291,0,7123,0,1,7124,T
2-PB1,1292,7137,1,6,3,7147,A
2-PB1,1293,3,2,0,7352,7357,C
2-PB1,1294,7303,1,8,1,7313,A
2-PB1,1295,5,1,0,7368,7374,C
2-PB1,1296,36,1,0,7259,7296,C
2-PB1,1297,7268,0,8,0,7276,A
2-PB1,1298,7389,0,2,0,7391,A
2-PB1,1299,3,38,7573,0,7614,G
2-PB1,1300,7691,0,5,0,7696,A
2-PB1,1301,4,1,1,7754,7760,C
2-PB1,1302,7560,2,8,0,7570,A
2-PB1,1303,7869,1,8,0,7878,A
2-PB1,1304,5,1,0,7882,7888,C
2-PB1,1305,7977,2,4,1,7984,A
2-PB1,1306,1,8028,0,1,8030,T
2-PB1,1307,7947,0,6,1,7954,A
2-PB1,1308,6,1,0,8126,8133,C
2-PB1,1309,2,7887,1,2,7892,T
2-PB1,1310,3,31,7947,0,7981,G
2-PB1,1311,1,10,7968,0,7979,G
2-PB1,1312,2,7759,1,9,7771,T
2-PB1,1313,1,30,7721,0,7752,G
2-PB1,1314,1,27,7633,0,7661,G
2-PB1,1315,0,17,7678,0,7695,G
2-PB1,1316,7692,2,2,0,7696,A
2-PB1,1317,1,7499,1,8,7509,T
2-PB1,1318,3,34,7480,0,7517,G
2-PB1,1319,5,28,7409,0,7442,G
2-PB1,1320,3,6,7504,0,7513,G
2-PB1,1321,4,1,0,7593,7598,C
2-PB1,1322,0,7564,1,6,7571,T
2-PB1,1323,29,1,0,7590,7620,C
2-PB1,1324,26,2,0,7552,7580,C
2-PB1,1325,7581,1,3,1,7586,A
2-PB1,1326,7589,0,1,3,7593,A
2-PB1,1327,4,7569,0,7,7580,T
2-PB1,1328,23,1,2,7504,7530,C
2-PB1,1329,26,0,1,7448,7475,C
2-PB1,1330,1,7412,1,6,7420,T
2-PB1,1331,13,2,2,7397,7414,C
2-PB1,1332,13,14,0,7356,7383,C
2-PB1,1333,36,17,7344,0,7397,G
2-PB1,1334,7392,0,3,0,7395,A
2-PB1,1335,6,5,1,7383,7395,C
2-PB1,1336,2,40,7354,0,7396,G
2-PB1,1337,7456,0,1,0,7457,A
2-PB1,1338,0,7444,2,0,7446,T
2-PB1,1339,1,7421,0,2,7424,T
2-PB1,1340,2,7413,1,3,7419,T
2-PB1,1341,0,7433,0,2,7435,T
2-PB1,1342,4,6,7444,0,7454,G
2-PB1,1343,2,10,1,7483,7496,C
2-PB1,1344,31,3,1,7452,7487,C
2-PB1,1345,36,0,0,7688,7724,C
2-PB1,1346,1,7564,1,14,7580,T
2-PB1,1347,26,3,0,7888,7917,C
2-PB1,1348,7959,0,1,0,7960,A
2-PB1,1349,0,7994,2,2,7998,T
2-PB1,1350,7988,0,3,0,7991,A
2-PB1,1351,0,8,8083,0,8091,G
2-PB1,1352,1,7973,0,2,7976,T
2-PB1,1353,0,35,7996,0,8031,G
2-PB1,1354,7749,1,1,1,7752,A
2-PB1,1355,7762,1,4,0,7767,A
2-PB1,1356,2,7387,1,3,7393,T
2-PB1,1357,16,7,7350,1,7374,G
2-PB1,1358,7,4,0,7424,7435,C
2-PB1,1359,7435,0,6,0,7441,A
2-PB1,1360,5,3,1,7439,7448,C
2-PB1,1361,29,2,0,7347,7378,C
2-PB1,1362,7335,0,1,0,7336,A
2-PB1,1363,7327,2,0,0,7329,A
2-PB1,1364,7320,1,3,0,7324,A
2-PB1,1365,1,7127,2,2,7132,T
2-PB1,1366,45,1,1,7321,7368,C
2-PB1,1367,7376,2,2,0,7380,A
2-PB1,1368,0,7387,1,3,7391,T
2-PB1,1369,0,14,7379,0,7393,G
2-PB1,1370,7378,1,16,0,7395,A
2-PB1,1371,3,34,7397,0,7434,G
2-PB1,1372,2,22,7372,0,7396,G
2-PB1,1373,8,39,7384,1,7432,G
2-PB1,1374,7375,2,4,0,7381,A
2-PB1,1375,7481,1,9,0,7491,A
2-PB1,1376,1,7489,0,3,7493,T
2-PB1,1377,7517,0,5,0,7522,A
2-PB1,1378,7,0,1,7532,7540,C
2-PB1,1379,7542,1,2,0,7545,A
2-PB1,1380,7533,5,13,0,7551,A
2-PB1,1381,4,2,7527,0,7533,G
2-PB1,1382,4,2,0,7470,7476,C
2-PB1,1383,7404,1,3,8,7416,A
2-PB1,1384,4,18,7476,0,7498,G
2-PB1,1385,0,31,7481,1,7513,G
2-PB1,1386,7464,0,5,0,7469,A
2-PB1,1387,0,22,7475,1,7498,G
2-PB1,1388,1,7351,0,6,7358,T
2-PB1,1389,2,37,7391,1,7431,G
2-PB1,1390,0,16,7445,1,7462,G
2-PB1,1391,7423,5,9,0,7437,A
2-PB1,1392,2,7435,0,2,7439,T
2-PB1,1393,7276,2,3,0,7281,A
2-PB1,1394,0,11,7371,0,7382,G
2-PB1,1395,7460,1,2,0,7463,A
2-PB1,1396,1,7462,1,3,7467,T
2-PB1,1397,1,7430,0,0,7431,T
2-PB1,1398,40,0,0,7577,7617,C
2-PB1,1399,0,7562,0,3,7565,T
2-PB1,1400,7565,1,2,1,7569,A
2-PB1,1401,4,2,0,7553,7559,C
2-PB1,1402,7431,1,2,1,7435,A
2-PB1,1403,3,21,7441,0,7465,G
2-PB1,1404,3,32,7294,0,7329,G
2-PB1,1405,7422,2,5,0,7429,A
2-PB1,1406,9,4,0,7384,7397,C
2-PB1,1407,22,0,0,7193,7215,C
2-PB1,1408,3,7093,0,19,7115,T
2-PB1,1409,3,3,7129,0,7135,G
2-PB1,1410,2,0,3,7109,7114,C
2-PB1,1411,7127,1,0,0,7128,A
2-PB1,1412,7181,1,4,1,7187,A
2-PB1,1413,0,5,7201,0,7206,G
2-PB1,1414,2,7061,0,8,7071,T
2-PB1,1415,0,7077,0,0,7077,T
2-PB1,1416,6975,2,1,0,6978,A
2-PB1,1417,2,5,6995,1,7003,G
2-PB1,1418,2,6957,0,7,6966,T
2-PB1,1419,3,30,6914,0,6947,G
2-PB1,1420,4,17,6912,1,6934,G
2-PB1,1421,0,36,6948,0,6984,G
2-PB1,1422,6933,3,2,2,6940,A
2-PB1,1423,6956,0,2,1,6959,A
2-PB1,1424,1,6940,0,3,6944,T
2-PB1,1425,44,2,0,6910,6956,C
2-PB1,1426,6946,1,4,0,6951,A
2-PB1,1427,6961,2,9,0,6972,A
2-PB1,1428,4,3,2,6952,6961,C
2-PB1,1429,6942,1,2,0,6945,A
2-PB1,1430,2,6761,0,2,6765,T
2-PB1,1431,5,59,6718,1,6783,G
2-PB1,1432,6760,1,12,2,6775,A
2-PB1,1433,1,3,6823,0,6827,G
2-PB1,1434,6,3,0,6771,6780,C
2-PB1,1435,6753,0,2,0,6755,A
2-PB1,1436,6763,0,1,1,6765,A
2-PB1,1437,6754,0,3,2,6759,A
2-PB1,1438,6820,0,2,0,6822,A
2-PB1,1439,6813,2,7,0,6822,A
2-PB1,1440,11,14,6796,1,6822,G
2-PB1,1441,6738,1,1,0,6740,A
2-PB1,1442,6666,0,6,0,6672,A
2-PB1,1443,2,4,6894,0,6900,G
2-PB1,1444,0,6896,0,4,6900,T
2-PB1,1445,30,1,0,6866,6897,C
2-PB1,1446,29,2,1,6883,6915,C
2-PB1,1447,3,6862,0,7,6872,T
2-PB1,1448,6950,0,2,0,6952,A
2-PB1,1449,0,6930,1,0,6931,T
2-PB1,1450,6947,1,2,0,6950,A
2-PB1,1451,2,6940,0,3,6945,T
2-PB1,1452,6715,0,2,0,6717,A
2-PB1,1453,6735,0,0,1,6736,A
2-PB1,1454,6726,0,2,0,6728,A
2-PB1,1455,1,6718,0,1,6720,T
2-PB1,1456,6642,0,2,0,6644,A
2-PB1,1457,6595,1,2,2,6600,A
2-PB1,1458,6630,0,5,1,6636,A
2-PB1,1459,6630,0,5,0,6635,A
2-PB1,1460,7,2,0,6642,6651,C
2-PB1,1461,6385,1,4,1,6391,A
2-PB1,1462,2,22,6359,1,6384,G
2-PB1,1463,5,22,6359,1,6387,G
2-PB1,1464,0,29,6366,0,6395,G
2-PB1,1465,6401,0,6,0,6407,A
2-PB1,1466,2,1,0,6448,6451,C
2-PB1,1467,6371,0,1,22,6394,A
2-PB1,1468,2,6410,1,3,6416,T
2-PB1,1469,2,6410,0,8,6420,T
2-PB1,1470,2,6409,0,2,6413,T
2-PB1,1471,0,37,6386,0,6423,G
2-PB1,1472,6376,1,2,1,6380,A
2-PB1,1473,6388,2,2,0,6392,A
2-PB1,1474,2,6381,0,4,6387,T
2-PB1,1475,3,6229,0,1,6233,T
2-PB1,1476,38,2,1,6220,6261,C
2-PB1,1477,6212,1,3,1,6217,A
2-PB1,1478,7,1,1,6218,6227,C
2-PB1,1479,0,6224,0,0,6224,T
2-PB1,1480,6237,0,0,0,6237,A
2-PB1,1481,1,5,6227,0,6233,G
2-PB1,1482,6,1,0,6235,6242,C
2-PB1,1483,2,6186,2,9,6199,T
2-PB1,1484,0,6253,0,2,6255,T
2-PB1,1485,0,6224,0,0,6224,T
2-PB1,1486,3,6221,0,0,6224,T
2-PB1,1487,0,6217,0,2,6219,T
2-PB1,1488,2,6204,0,3,6209,T
2-PB1,1489,0,6178,0,7,6185,T
2-PB1,1490,6179,1,1,0,6181,A
2-PB1,1491,1,6156,0,2,6159,T
2-PB1,1492,18,2,0,6144,6164,C
2-PB1,1493,2,21,6173,0,6196,G
2-PB1,1494,6379,2,1,0,6382,A
2-PB1,1495,0,6402,1,1,6404,T
2-PB1,1496,6403,1,1,0,6405,A
2-PB1,1497,2,6432,0,3,6437,T
2-PB1,1498,2,37,6401,2,6442,G
2-PB1,1499,0,12,6462,0,6474,G
2-PB1,1500,6491,0,1,1,6493,A
2-PB1,1501,3,6461,0,3,6467,T
2-PB1,1502,0,6392,0,1,6393,T
2-PB1,1503,0,6174,0,0,6174,T
2-PB1,1504,6,6,6172,0,6184,G
2-PB1,1505,0,6155,1,4,6160,T
2-PB1,1506,2,17,6123,1,6143,G
2-PB1,1507,17,3,6126,2,6148,G
2-PB1,1508,6,3,0,6072,6081,C
2-PB1,1509,0,6054,0,2,6056,T
2-PB1,1510,6077,0,1,1,6079,A
2-PB1,1511,6104,1,2,1,6108,A
2-PB1,1512,2,6151,0,2,6155,T
2-PB1,1513,1,6144,0,2,6147,T
2-PB1,1514,0,6152,1,0,6153,T
2-PB1,1515,0,6148,0,9,6157,T
2-PB1,1516,6155,0,5,1,6161,A
2-PB1,1517,3,2,6220,0,6225,G
2-PB1,1518,5,6,0,6212,6223,C
2-PB1,1519,6193,1,2,0,6196,A
2-PB1,1520,0,6124,0,5,6129,T
2-PB1,1521,3,24,6018,1,6046,G
2-PB1,1522,13,27,6108,2,6150,G
2-PB1,1523,6132,4,2,0,6138,A
2-PB1,1524,3,0,6147,0,6150,G
2-PB1,1525,6,1,1,6120,6128,C
2-PB1,1526,0,6034,0,7,6041,T
2-PB1,1527,12,3,6083,0,6098,G
2-PB1,1528,3,4,1,6079,6087,C
2-PB1,1529,17,0,0,6069,6086,C
2-PB1,1530,14,3,2,6077,6096,C
2-PB1,1531,5869,0,2,0,5871,A
2-PB1,1532,4,0,6189,0,6193,G
2-PB1,1533,3,6162,2,1,6168,T
2-PB1,1534,0,6182,0,0,6182,T
2-PB1,1535,0,6173,1,3,6177,T
2-PB1,1536,0,6084,0,5,6089,T
2-PB1,1537,0,13,6064,0,6077,G
2-PB1,1538,2,25,6057,0,6084,G
2-PB1,1539,6053,0,6,0,6059,A
2-PB1,1540,1,2,6073,0,6076,G
2-PB1,1541,1,5455,0,2,5458,T
2-PB1,1542,4,2,5687,0,5693,G
2-PB1,1543,2,5668,0,4,5674,T
2-PB1,1544,32,1,0,5636,5669,C
2-PB1,1545,2,5673,0,3,5678,T
2-PB1,1546,25,9,5666,0,5700,G
2-PB1,1547,4,18,5748,0,5770,G
2-PB1,1548,5761,0,3,1,5765,A
2-PB1,1549,5771,0,1,1,5773,A
2-PB1,1550,0,5746,0,2,5748,T
2-PB1,1551,5219,0,0,0,5219,A
2-PB1,1552,5214,0,7,0,5221,A
2-PB1,1553,5212,0,3,0,5215,A
2-PB1,1554,1,14,0,5211,5226,C
2-PB1,1555,1,29,5145,0,5175,G
2-PB1,1556,5103,0,2,0,5105,A
2-PB1,1557,0,0,5095,0,5095,G
2-PB1,1558,1,5068,1,5,5075,T
2-PB1,1559,38,1,0,5070,5109,C
2-PB1,1560,5078,0,7,1,5086,A
2-PB1,1561,0,1,5163,0,5164,G
2-PB1,1562,1,1,1,5158,5161,C
2-PB1,1563,1,5127,0,4,5132,T
2-PB1,1564,4,13,5262,0,5279,G
2-PB1,1565,5219,0,2,1,5222,A
2-PB1,1566,1,5217,1,1,5220,T
2-PB1,1567,5222,0,2,1,5225,A
2-PB1,1568,2,5120,1,0,5123,T
2-PB1,1569,0,37,5119,0,5156,G
2-PB1,1570,4916,2,7,0,4925,A
2-PB1,1571,0,3,4990,0,4993,G
2-PB1,1572,4,2,0,4990,4996,C
2-PB1,1573,4659,0,0,0,4659,A
2-PB1,1574,0,4648,1,0,4649,T
2-PB1,1575,2,4632,0,1,4635,T
2-PB1,1576,1,12,4663,0,4676,G
2-PB1,1577,1,22,4797,1,4821,G
2-PB1,1578,4704,0,5,0,4709,A
2-PB1,1579,6,2,4720,0,4728,G
2-PB1,1580,1,4503,0,0,4504,T
2-PB1,1581,4471,0,2,0,4473,A
2-PB1,1582,4463,0,9,1,4473,A
2-PB1,1583,1,5,0,4482,4488,C
2-PB1,1584,4413,0,0,0,4413,A
2-PB1,1585,2,6,4475,0,4483,G
2-PB1,1586,0,3865,0,4,3869,T
2-PB1,1587,2,27,3884,0,3913,G
2-PB1,1588,3966,1,1,0,3968,A
2-PB1,1589,1,3959,1,1,3962,T
2-PB1,1590,3945,1,2,0,3948,A
2-PB1,1591,3947,1,2,1,3951,A
2-PB1,1592,3822,1,9,0,3832,A
2-PB1,1593,0,21,3848,0,3869,G
2-PB1,1594,3668,0,2,0,3670,A
2-PB1,1595,3662,1,2,0,3665,A
2-PB1,1596,3,2,0,3677,3682,C
2-PB1,1597,3531,0,4,1,3536,A
2-PB1,1598,3570,0,1,1,3572,A
2-PB1,1599,1,1,0,3576,3578,C
2-PB1,1600,3617,0,4,0,3621,A
2-PB1,1601,1,3601,2,1,3605,T
2-PB1,1602,0,18,3467,0,3485,G
2-PB1,1603,3488,2,1,0,3491,A
2-PB1,1604,0,3485,0,0,3485,T
2-PB1,1605,3437,0,0,0,3437,A
2-PB1,1606,3463,0,0,1,3464,A
2-PB1,1607,3451,0,2,0,3453,A
2-PB1,1608,2,1,0,3473,3476,C
2-PB1,1609,3280,0,0,0,3280,A
2-PB1,1610,3271,0,2,1,3274,A
2-PB1,1611,0,3206,0,0,3206,T
2-PB1,1612,0,16,3202,0,3218,G
2-PB1,1613,3312,0,2,0,3314,A
2-PB1,1614,1,1,0,3379,3381,C
2-PB1,1615,15,1,0,3300,3316,C
2-PB1,1616,0,3175,0,1,3176,T
2-PB1,1617,13,3058,1,2,3074,T
2-PB1,1618,0,12,3076,0,3088,G
2-PB1,1619,2,17,3107,2,3128,G
2-PB1,1620,3176,1,5,0,3182,A
2-PB1,1621,0,1,0,3164,3165,C
2-PB1,1622,11,0,0,3120,3131,C
2-PB1,1623,3086,0,1,0,3087,A
2-PB1,1624,0,3,3126,0,3129,G
2-PB1,1625,2,0,0,3131,3133,C
2-PB1,1626,3127,0,2,0,3129,A
2-PB1,1627,3136,0,0,0,3136,A
2-PB1,1628,5,0,0,3123,3128,C
2-PB1,1629,3088,0,4,1,3093,A
2-PB1,1630,1,2,3166,0,3169,G
2-PB1,1631,0,1,0,3161,3162,C
2-PB1,1632,5,1,0,3162,3168,C
2-PB1,1633,20,1,0,3135,3156,C
2-PB1,1634,3159,0,1,0,3160,A
2-PB1,1635,3159,0,0,0,3159,A
2-PB1,1636,3158,0,0,0,3158,A
2-PB1,1637,0,3158,1,2,3161,T
2-PB1,1638,0,8,3145,1,3154,G
2-PB1,1639,1,2,3106,0,3109,G
2-PB1,1640,1,1,0,3106,3108,C
2-PB1,1641,0,3084,0,3,3087,T
2-PB1,1642,17,0,0,3153,3170,C
2-PB1,1643,0,3162,0,4,3166,T
2-PB1,1644,11,1,1,3165,3178,C
2-PB1,1645,8,0,1,3185,3194,C
2-PB1,1646,3186,1,0,1,3188,A
2-PB1,1647,3199,0,1,1,3201,A
2-PB1,1648,0,3183,0,0,3183,T
2-PB1,1649,0,3146,0,2,3148,T
2-PB1,1650,0,1,3167,0,3168,G
2-PB1,1651,1,3096,1,4,3102,T
2-PB1,1652,0,3101,1,1,3103,T
2-PB1,1653,29,11,0,3048,3088,C
2-PB1,1654,3083,0,0,0,3083,A
2-PB1,1655,1,3085,0,2,3088,T
2-PB1,1656,11,0,0,3076,3087,C
2-PB1,1657,3097,1,0,0,3098,A
2-PB1,1658,3092,0,1,0,3093,A
2-PB1,1659,3091,1,5,0,3097,A
2-PB1,1660,1,6,3141,0,3148,G
2-PB1,1661,3145,0,1,0,3146,A
2-PB1,1662,0,3145,0,0,3145,T
2-PB1,1663,0,3147,0,0,3147,T
2-PB1,1664,3154,0,4,0,3158,A
2-PB1,1665,1,0,0,3232,3233,C
2-PB1,1666,3215,0,2,0,3217,A
2-PB1,1667,2,7,3258,0,3267,G
2-PB1,1668,3255,0,3,0,3258,A
2-PB1,1669,0,3310,0,0,3310,T
2-PB1,1670,3313,0,1,0,3314,A
2-PB1,1671,3,0,0,3491,3494,C
2-PB1,1672,3560,1,1,0,3562,A
2-PB1,1673,2,2,0,3800,3804,C
2-PB1,1674,3736,0,4,0,3740,A
2-PB1,1675,1,3778,0,1,3780,T
2-PB1,1676,3739,0,1,1,3741,A
2-PB1,1677,0,3736,1,1,3738,T
2-PB1,1678,3652,0,2,0,3654,A
2-PB1,1679,2,8,3656,0,3666,G
2-PB1,1680,1,3,3613,0,3617,G
2-PB1,1681,0,3450,0,0,3450,T
2-PB1,1682,18,4,3376,0,3398,G
2-PB1,1683,3,2,0,3538,3543,C
2-PB1,1684,12,2,0,3524,3538,C
2-PB1,1685,3585,0,0,0,3585,A
2-PB1,1686,0,3585,0,1,3586,T
2-PB1,1687,3600,2,0,0,3602,A
2-PB1,1688,1,13,3603,0,3617,G
2-PB1,1689,3528,1,2,0,3531,A
2-PB1,1690,1,7,3563,2,3573,G
2-PB1,1691,0,15,3560,0,3575,G
2-PB1,1692,3423,0,9,0,3432,A
2-PB1,1693,0,13,3433,1,3447,G
2-PB1,1694,3416,0,6,0,3422,A
2-PB1,1695,0,1,0,3427,3428,C
2-PB1,1696,3408,2,1,0,3411,A
2-PB1,1697,4,3,0,3462,3469,C
2-PB1,1698,3457,2,4,0,3463,A
2-PB1,1699,2,2,0,3464,3468,C
2-PB1,1700,3445,0,1,0,3446,A
2-PB1,1701,3473,0,1,0,3474,A
2-PB1,1702,3500,1,2,0,3503,A
2-PB1,1703,0,3501,0,0,3501,T
2-PB1,1704,10,0,0,3493,3503,C
2-PB1,1705,12,2,0,3493,3507,C
2-PB1,1706,3448,0,2,0,3450,A
2-PB1,1707,0,11,3456,1,3468,G
2-PB1,1708,3463,1,3,0,3467,A
2-PB1,1709,0,3,0,3502,3505,C
2-PB1,1710,0,16,3480,0,3496,G
2-PB1,1711,3473,2,2,0,3477,A
2-PB1,1712,0,14,3472,1,3487,G
2-PB1,1713,3478,0,4,0,3482,A
2-PB1,1714,3486,0,1,0,3487,A
2-PB1,1715,0,14,3492,0,3506,G
2-PB1,1716,3491,1,3,0,3495,A
2-PB1,1717,1,3493,0,3,3497,T
2-PB1,1718,29,0,0,3436,3465,C
2-PB1,1719,3465,0,2,0,3467,A
2-PB1,1720,2,3455,1,1,3459,T
2-PB1,1721,0,3452,0,2,3454,T
2-PB1,1722,19,1,1,3431,3452,C
2-PB1,1723,1,10,3447,0,3458,G
2-PB1,1724,3427,0,2,0,3429,A
2-PB1,1725,0,9,3429,0,3438,G
2-PB1,1726,3419,0,0,0,3419,A
2-PB1,1727,1,3539,0,1,3541,T
2-PB1,1728,3551,0,0,0,3551,A
2-PB1,1729,3561,1,1,0,3563,A
2-PB1,1730,3559,0,3,0,3562,A
2-PB1,1731,2,3,3569,0,3574,G
2-PB1,1732,3572,1,2,0,3575,A
2-PB1,1733,3488,0,4,0,3492,A
2-PB1,1734,1,1,3510,0,3512,G
2-PB1,1735,3,2,0,3518,3523,C
2-PB1,1736,0,3474,0,3,3477,T
2-PB1,1737,1,1,3492,0,3494,G
2-PB1,1738,1,3467,0,1,3469,T
2-PB1,1739,0,18,3440,0,3458,G
2-PB1,1740,0,9,3461,1,3471,G
2-PB1,1741,1,10,3499,0,3510,G
2-PB1,1742,3520,0,1,0,3521,A
2-PB1,1743,0,3485,0,3,3488,T
2-PB1,1744,16,1,0,3461,3478,C
2-PB1,1745,3476,0,1,0,3477,A
2-PB1,1746,3484,0,1,0,3485,A
2-PB1,1747,3521,1,1,0,3523,A
2-PB1,1748,3,0,0,3520,3523,C
2-PB1,1749,11,0,0,3485,3496,C
2-PB1,1750,16,2,1,3466,3485,C
2-PB1,1751,3480,0,1,1,3482,A
2-PB1,1752,3550,0,0,0,3550,A
2-PB1,1753,1,3535,0,1,3537,T
2-PB1,1754,14,0,0,3532,3546,C
2-PB1,1755,3512,0,1,0,3513,A
2-PB1,1756,3486,1,4,0,3491,A
2-PB1,1757,1,13,3513,0,3527,G
2-PB1,1758,1,14,3504,0,3519,G
2-PB1,1759,1,4,3501,0,3506,G
2-PB1,1760,1,0,0,3517,3518,C
2-PB1,1761,3445,0,4,0,3449,A
2-PB1,1762,0,12,3517,2,3531,G
2-PB1,1763,1,12,3538,0,3551,G
2-PB1,1764,3557,0,6,0,3563,A
2-PB1,1765,2,0,0,3597,3599,C
2-PB1,1766,0,3507,0,3,3510,T
2-PB1,1767,3587,0,0,1,3588,A
2-PB1,1768,0,3578,0,0,3578,T
2-PB1,1769,1,3581,0,2,3584,T
2-PB1,1770,0,21,3565,2,3588,G
2-PB1,1771,1,4,3561,0,3566,G
2-PB1,1772,0,3521,0,2,3523,T
2-PB1,1773,3513,0,10,0,3523,A
2-PB1,1774,0,3467,1,1,3469,T
2-PB1,1775,11,2,0,3472,3485,C
2-PB1,1776,3385,0,23,0,3408,A
2-PB1,1777,0,7,3428,0,3435,G
2-PB1,1778,3441,0,0,0,3441,A
2-PB1,1779,1,3403,0,0,3404,T
2-PB1,1780,0,13,3270,0,3283,G
2-PB1,1781,0,13,3273,0,3286,G
2-PB1,1782,0,13,3273,0,3286,G
2-PB1,1783,1,9,3268,0,3278,G
2-PB1,1784,3,21,3254,0,3278,G
2-PB1,1785,3267,0,1,0,3268,A
2-PB1,1786,3,3,0,3240,3246,C
2-PB1,1787,17,0,0,3209,3226,C
2-PB1,1788,3222,1,1,1,3225,A
2-PB1,1789,3456,0,1,0,3457,A
2-PB1,1790,3471,0,3,0,3474,A
2-PB1,1791,1,0,0,3552,3553,C
2-PB1,1792,0,3530,0,1,3531,T
2-PB1,1793,0,3518,0,1,3519,T
2-PB1,1794,3539,1,1,0,3541,A
2-PB1,1795,1,3532,0,1,3534,T
2-PB1,1796,3548,1,1,0,3550,A
2-PB1,1797,1,1,0,3545,3547,C
2-PB1,1798,3312,0,0,0,3312,A
2-PB1,1799,3325,1,0,0,3326,A
2-PB1,1800,0,3248,0,1,3249,T
2-PB1,1801,3284,0,0,1,3285,A
2-PB1,1802,0,3278,1,1,3280,T
2-PB1,1803,1,0,0,3274,3275,C
2-PB1,1804,7,0,0,3263,3270,C
2-PB1,1805,0,7,3261,0,3268,G
2-PB1,1806,0,12,3270,0,3282,G
2-PB1,1807,3277,0,1,0,3278,A
2-PB1,1808,3283,0,0,2,3285,A
2-PB1,1809,0,3266,0,0,3266,T
2-PB1,1810,4,1,1,3290,3296,C
2-PB1,1811,0,3275,0,3,3278,T
2-PB1,1812,0,3308,0,0,3308,T
2-PB1,1813,13,1,0,3291,3305,C
2-PB1,1814,3296,2,3,0,3301,A
2-PB1,1815,2,4,1,3312,3319,C
2-PB1,1816,3305,0,2,0,3307,A
2-PB1,1817,3,3598,0,1,3602,T
2-PB1,1818,11,1,0,3606,3618,C
2-PB1,1819,14,0,1,3605,3620,C
2-PB1,1820,17,0,1,3618,3636,C
2-PB1,1821,0,3625,0,7,3632,T
2-PB1,1822,1,8,3625,0,3634,G
2-PB1,1823,3630,0,1,0,3631,A
2-PB1,1824,3624,0,3,0,3627,A
2-PB1,1825,0,5,3634,0,3639,G
2-PB1,1826,0,3377,1,1,3379,T
2-PB1,1827,14,0,0,3365,3379,C
2-PB1,1828,0,3325,1,1,3327,T
2-PB1,1829,2,2,3413,0,3417,G
2-PB1,1830,1,1,1,3411,3414,C
2-PB1,1831,0,3412,0,4,3416,T
2-PB1,1832,0,3420,0,0,3420,T
2-PB1,1833,3404,0,0,1,3405,A
2-PB1,1834,3410,0,2,0,3412,A
2-PB1,1835,3429,0,1,0,3430,A
2-PB1,1836,1,1,3440,0,3442,G
2-PB1,1837,0,3390,0,0,3390,T
2-PB1,1838,1,11,3319,0,3331,G
2-PB1,1839,0,7,3319,1,3327,G
2-PB1,1840,2,12,3340,1,3355,G
2-PB1,1841,3346,0,6,0,3352,A
2-PB1,1842,1,4,3353,0,3358,G
2-PB1,1843,5,1,0,3346,3352,C
2-PB1,1844,0,3314,0,2,3316,T
2-PB1,1845,2,7,3318,0,3327,G
2-PB1,1846,3321,0,3,1,3325,A
2-PB1,1847,0,3320,1,0,3321,T
2-PB1,1848,0,15,3312,0,3327,G
2-PB1,1849,0,6,3319,0,3325,G
2-PB1,1850,3312,1,6,0,3319,A
2-PB1,1851,1,3297,0,1,3299,T
2-PB1,1852,2,15,3285,0,3302,G
2-PB1,1853,3281,3,3,0,3287,A
2-PB1,1854,0,12,3314,0,3326,G
2-PB1,1855,3306,0,3,0,3309,A
2-PB1,1856,3323,0,0,0,3323,A
2-PB1,1857,1,3303,0,1,3305,T
2-PB1,1858,0,3278,0,1,3279,T
2-PB1,1859,3286,0,3,0,3289,A
2-PB1,1860,0,3279,0,0,3279,T
2-PB1,1861,15,3,0,3267,3285,C
2-PB1,1862,3,15,3288,1,3307,G
2-PB1,1863,1,14,3265,0,3280,G
2-PB1,1864,2,8,3269,1,3280,G
2-PB1,1865,0,5,3283,0,3288,G
2-PB1,1866,3272,0,0,0,3272,A
2-PB1,1867,3269,0,5,0,3274,A
2-PB1,1868,0,14,3281,0,3295,G
2-PB1,1869,3305,0,3,0,3308,A
2-PB1,1870,2,0,0,3328,3330,C
2-PB1,1871,1,3300,0,0,3301,T
2-PB1,1872,0,3384,1,0,3385,T
2-PB1,1873,0,3386,0,1,3387,T
2-PB1,1874,0,2,3395,0,3397,G
2-PB1,1875,1,3401,0,1,3403,T
2-PB1,1876,3377,0,1,0,3378,A
2-PB1,1877,3358,2,3,0,3363,A
2-PB1,1878,0,3333,0,1,3334,T
2-PB1,1879,7,0,1,3333,3341,C
2-PB1,1880,8,1,0,3309,3318,C
2-PB1,1881,15,1,0,3221,3237,C
2-PB1,1882,3237,0,1,0,3238,A
2-PB1,1883,3,3286,0,0,3289,T
2-PB1,1884,3,14,3277,1,3295,G
2-PB1,1885,3292,2,2,0,3296,A
2-PB1,1886,3314,0,1,0,3315,A
2-PB1,1887,0,3307,1,3,3311,T
2-PB1,1888,12,1,0,3306,3319,C
2-PB1,1889,15,0,0,3290,3305,C
2-PB1,1890,10,0,1,3282,3293,C
2-PB1,1891,2,3278,0,4,3284,T
2-PB1,1892,0,3292,0,0,3292,T
2-PB1,1893,0,3287,0,1,3288,T
2-PB1,1894,2,2,3288,0,3292,G
2-PB1,1895,0,3271,1,4,3276,T
2-PB1,1896,15,4,0,3246,3265,C
2-PB1,1897,3234,0,7,0,3241,A
2-PB1,1898,0,2,3308,0,3310,G
2-PB1,1899,0,0,0,3306,3306,C
2-PB1,1900,13,3,1,3281,3298,C
2-PB1,1901,3309,0,1,0,3310,A
2-PB1,1902,1,3314,0,1,3316,T
2-PB1,1903,3321,0,0,0,3321,A
2-PB1,1904,3329,1,0,0,3330,A
2-PB1,1905,3329,1,4,0,3334,A
2-PB1,1906,2,13,3362,0,3377,G
2-PB1,1907,3285,0,3,0,3288,A
2-PB1,1908,3297,1,1,0,3299,A
2-PB1,1909,3297,0,3,0,3300,A
2-PB1,1910,1,3289,0,0,3290,T
2-PB1,1911,0,3278,0,4,3282,T
2-PB1,1912,1,17,3272,0,3290,G
2-PB1,1913,3272,0,5,0,3277,A
2-PB1,1914,0,5,3310,0,3315,G
2-PB1,1915,1,3309,0,1,3311,T
2-PB1,1916,11,1,0,3319,3331,C
2-PB1,1917,0,3312,0,3,3315,T
2-PB1,1918,0,1,3408,0,3409,G
2-PB1,1919,0,3406,0,2,3408,T
2-PB1,1920,3453,0,1,0,3454,A
2-PB1,1921,3448,0,1,0,3449,A
2-PB1,1922,3446,1,6,0,3453,A
2-PB1,1923,4,1,0,3465,3470,C
2-PB1,1924,3351,0,1,0,3352,A
2-PB1,1925,3454,1,1,0,3456,A
2-PB1,1926,0,3450,0,1,3451,T
2-PB1,1927,11,2,3416,0,3429,G
2-PB1,1928,1,0,1,3461,3463,C
2-PB1,1929,0,3393,17,4,3414,T
2-PB1,1930,1,3,3544,1,3549,G
2-PB1,1931,0,3554,0,2,3556,T
2-PB1,1932,3618,0,3,0,3621,A
2-PB1,1933,0,4,3622,0,3626,G
2-PB1,1934,1,3530,0,0,3531,T
2-PB1,1935,3511,0,3,0,3514,A
2-PB1,1936,3502,1,0,0,3503,A
2-PB1,1937,1,3464,0,1,3466,T
2-PB1,1938,1,0,3470,0,3471,G
2-PB1,1939,1,1,0,3393,3395,C
2-PB1,1940,8,0,0,3348,3356,C
2-PB1,1941,3300,0,6,0,3306,A
2-PB1,1942,1,3,3341,0,3345,G
2-PB1,1943,0,2,0,3429,3431,C
2-PB1,1944,5,1,0,3423,3429,C
2-PB1,1945,16,2,0,3403,3421,C
2-PB1,1946,3407,0,2,0,3409,A
2-PB1,1947,0,3411,1,0,3412,T
2-PB1,1948,1,14,3396,1,3412,G
2-PB1,1949,2,0,3413,0,3415,G
2-PB1,1950,1,3393,0,5,3399,T
2-PB1,1951,15,0,1,3350,3366,C
2-PB1,1952,7,2,0,3227,3236,C
2-PB1,1953,5,8,3271,0,3284,G
2-PB1,1954,2,1,3293,0,3296,G
2-PB1,1955,3,4,0,3282,3289,C
2-PB1,1956,8,1,0,3293,3302,C
2-PB1,1957,3301,1,1,0,3303,A
2-PB1,1958,3302,1,2,0,3305,A
2-PB1,1959,3310,0,0,1,3311,A
2-PB1,1960,3321,1,2,0,3324,A
2-PB1,1961,0,2,3369,1,3372,G
2-PB1,1962,1,3304,1,0,3306,T
2-PB1,1963,3329,0,1,0,3330,A
2-PB1,1964,0,3330,0,1,3331,T
2-PB1,1965,0,8,3326,0,3334,G
2-PB1,1966,1,9,3385,0,3395,G
2-PB1,1967,3337,1,12,0,3350,A
2-PB1,1968,3377,1,1,0,3379,A
2-PB1,1969,0,3368,0,0,3368,T
2-PB1,1970,3341,1,1,0,3343,A
2-PB1,1971,0,3333,0,1,3334,T
2-PB1,1972,22,11,3272,1,3306,G
2-PB1,1973,3316,1,1,0,3318,A
2-PB1,1974,0,3292,0,1,3293,T
2-PB1,1975,2,2,3191,0,3195,G
2-PB1,1976,3,1,0,3191,3195,C
2-PB1,1977,17,2,1,3125,3145,C
2-PB1,1978,2,1,3145,0,3148,G
2-PB1,1979,0,3130,1,4,3135,T
2-PB1,1980,1,3130,0,4,3135,T
2-PB1,1981,0,3,3145,0,3148,G
2-PB1,1982,6,1,0,3196,3203,C
2-PB1,1983,3210,0,1,0,3211,A
2-PB1,1984,3254,0,1,0,3255,A
2-PB1,1985,3,0,0,3260,3263,C
2-PB1,1986,0,3228,0,2,3230,T
2-PB1,1987,3252,0,0,0,3252,A
2-PB1,1988,3,0,0,3244,3247,C
2-PB1,1989,3245,0,3,0,3248,A
2-PB1,1990,3,0,0,3244,3247,C
2-PB1,1991,3127,2,1,0,3130,A
2-PB1,1992,4,0,0,3429,3433,C
2-PB1,1993,0,3364,0,6,3370,T
2-PB1,1994,18,1,0,3370,3389,C
2-PB1,1995,8,1,0,3381,3390,C
2-PB1,1996,1,3363,0,4,3368,T
2-PB1,1997,1,13,3357,1,3372,G
2-PB1,1998,0,10,3364,0,3374,G
2-PB1,1999,3372,0,0,1,3373,A
2-PB1,2000,1,3369,0,3,3373,T
2-PB1,2001,0,3021,0,0,3021,T
2-PB1,2002,5,0,0,3067,3072,C
2-PB1,2003,11,0,1,3049,3061,C
2-PB1,2004,14,2,1,3050,3067,C
2-PB1,2005,3082,0,0,0,3082,A
2-PB1,2006,3075,0,3,1,3079,A
2-PB1,2007,4,2,3080,1,3087,G
2-PB1,2008,3074,0,2,0,3076,A
2-PB1,2009,2,3,3063,0,3068,G
2-PB1,2010,2,16,3059,0,3077,G
2-PB1,2011,3008,1,5,0,3014,A
2-PB1,2012,3010,0,3,1,3014,A
2-PB1,2013,1,1,1,3015,3018,C
2-PB1,2014,10,0,0,2981,2991,C
2-PB1,2015,4,3,3052,1,3060,G
2-PB1,2016,2,0,0,3057,3059,C
2-PB1,2017,0,3051,0,3,3054,T
2-PB1,2018,14,1,0,3059,3074,C
2-PB1,2019,2,3046,0,0,3048,T
2-PB1,2020,3260,0,35,0,3295,A
2-PB1,2021,0,3294,0,2,3296,T
2-PB1,2022,0,3312,0,1,3313,T
2-PB1,2023,15,1,0,3305,3321,C
2-PB1,2024,0,3185,0,2,3187,T
2-PB1,2025,3184,0,0,0,3184,A
2-PB1,2026,3175,1,0,0,3176,A
2-PB1,2027,3178,1,1,0,3180,A
2-PB1,2028,1,1,0,3180,3182,C
2-PB1,2029,2977,0,0,1,2978,A
2-PB1,2030,2,0,0,2976,2978,C
2-PB1,2031,2940,0,2,0,2942,A
2-PB1,2032,2965,0,8,0,2973,A
2-PB1,2033,7,3,2987,0,2997,G
2-PB1,2034,0,2,0,2989,2991,C
2-PB1,2035,6,0,0,2987,2993,C
2-PB1,2036,2971,0,1,0,2972,A
2-PB1,2037,2972,0,0,1,2973,A
2-PB1,2038,2963,0,3,0,2966,A
2-PB1,2039,0,11,2977,0,2988,G
2-PB1,2040,0,13,2974,0,2987,G
2-PB1,2041,1,9,2945,0,2955,G
2-PB1,2042,2,14,2931,0,2947,G
2-PB1,2043,2925,0,3,0,2928,A
2-PB1,2044,2948,0,1,0,2949,A
2-PB1,2045,0,2945,0,0,2945,T
2-PB1,2046,1,2959,1,1,2962,T
2-PB1,2047,13,0,0,2962,2975,C
2-PB1,2048,1,2945,1,1,2948,T
2-PB1,2049,0,2937,0,1,2938,T
2-PB1,2050,0,5,2935,1,2941,G
2-PB1,2051,2931,0,5,0,2936,A
2-PB1,2052,0,11,2938,0,2949,G
2-PB1,2053,0,9,2930,0,2939,G
2-PB1,2054,2929,0,0,0,2929,A
2-PB1,2055,2,2905,0,1,2908,T
2-PB1,2056,0,24,2898,0,2922,G
2-PB1,2057,2916,0,2,0,2918,A
2-PB1,2058,2920,1,1,0,2922,A
2-PB1,2059,2,2,0,2938,2942,C
2-PB1,2060,2915,0,2,0,2917,A
2-PB1,2061,0,5,2962,0,2967,G
2-PB1,2062,2945,0,3,0,2948,A
2-PB1,2063,1,2940,0,1,2942,T
2-PB1,2064,1,1,2947,1,2950,G
2-PB1,2065,1,2997,0,1,2999,T
2-PB1,2066,3010,1,0,0,3011,A
2-PB1,2067,5,1,1,3001,3008,C
2-PB1,2068,16,2,0,2958,2976,C
2-PB1,2069,2942,0,0,0,2942,A
2-PB1,2070,0,5,2903,0,2908,G
2-PB1,2071,2856,0,1,0,2857,A
2-PB1,2072,2845,0,4,0,2849,A
2-PB1,2073,0,2,2859,0,2861,G
2-PB1,2074,1,2674,0,0,2675,T
2-PB1,2075,0,4,2673,0,2677,G
2-PB1,2076,3,3,0,2671,2677,C
2-PB1,2077,0,2665,0,4,2669,T
2-PB1,2078,2,0,2661,0,2663,G
2-PB1,2079,2,1,0,2656,2659,C
2-PB1,2080,2654,0,1,0,2655,A
2-PB1,2081,2654,0,1,0,2655,A
2-PB1,2082,4,0,0,2617,2621,C
2-PB1,2083,0,2608,1,1,2610,T
2-PB1,2084,0,2575,0,0,2575,T
2-PB1,2085,0,2,2568,0,2570,G
2-PB1,2086,1,2565,0,0,2566,T
2-PB1,2087,0,2563,0,0,2563,T
2-PB1,2088,29,2,0,2532,2563,C
2-PB1,2089,13,8,2539,1,2561,G
2-PB1,2090,2562,1,1,0,2564,A
2-PB1,2091,0,8,2551,0,2559,G
2-PB1,2092,2553,0,0,1,2554,A
2-PB1,2093,2554,0,0,0,2554,A
2-PB1,2094,2562,0,0,0,2562,A
2-PB1,2095,0,2561,0,0,2561,T
2-PB1,2096,0,2559,0,0,2559,T
2-PB1,2097,0,2561,0,1,2562,T
2-PB1,2098,0,2563,0,0,2563,T
2-PB1,2099,0,2556,0,1,2557,T
2-PB1,2100,10,0,0,2565,2575,C
2-PB1,2101,11,0,0,2554,2565,C
2-PB1,2102,16,1,0,2557,2574,C
2-PB1,2103,0,2579,1,0,2580,T
2-PB1,2104,2580,0,0,0,2580,A
2-PB1,2105,0,0,2588,0,2588,G
2-PB1,2106,0,2580,1,7,2588,T
2-PB1,2107,2611,0,0,0,2611,A
2-PB1,2108,0,1,2629,0,2630,G
2-PB1,2109,0,2601,0,3,2604,T
2-PB1,2110,0,2690,0,2,2692,T
2-PB1,2111,30,0,1,2676,2707,C
2-PB1,2112,2763,0,2,0,2765,A
2-PB1,2113,1,2764,0,0,2765,T
2-PB1,2114,2777,1,0,0,2778,A
2-PB1,2115,0,2772,0,3,2775,T
2-PB1,2116,2699,0,2,0,2701,A
2-PB1,2117,0,6,2678,1,2685,G
2-PB1,2118,0,14,2649,0,2663,G
2-PB1,2119,2379,0,2,0,2381,A
2-PB1,2120,0,14,2364,1,2379,G
2-PB1,2121,2252,0,3,0,2255,A
2-PB1,2122,0,0,0,2260,2260,C
2-PB1,2123,7,2,0,2159,2168,C
2-PB1,2124,0,8,2163,0,2171,G
2-PB1,2125,2170,2,0,0,2172,A
2-PB1,2126,0,2157,0,1,2158,T
2-PB1,2127,0,2154,0,0,2154,T
2-PB1,2128,1,7,2150,0,2158,G
2-PB1,2129,0,5,2160,0,2165,G
2-PB1,2130,2169,1,0,0,2170,A
2-PB1,2131,2169,0,0,0,2169,A
2-PB1,2132,1,2161,0,1,2163,T
2-PB1,2133,0,2173,0,0,2173,T
2-PB1,2134,0,2163,0,3,2166,T
2-PB1,2135,6,0,0,2161,2167,C
2-PB1,2136,0,2165,0,3,2168,T
2-PB1,2137,2161,0,0,0,2161,A
2-PB1,2138,0,0,2168,0,2168,G
2-PB1,2139,2,0,0,2160,2162,C
2-PB1,2140,2157,0,1,0,2158,A
2-PB1,2141,0,2150,0,1,2151,T
2-PB1,2142,1,3,2127,0,2131,G
2-PB1,2143,0,5,2203,1,2209,G
2-PB1,2144,1,2190,0,2,2193,T
2-PB1,2145,1,2,2183,0,2186,G
2-PB1,2146,0,1,2183,0,2184,G
2-PB1,2147,2164,0,5,0,2169,A
2-PB1,2148,0,5,2177,0,2182,G
2-PB1,2149,2,1,2177,0,2180,G
2-PB1,2150,5,0,0,2167,2172,C
2-PB1,2151,7,0,1,2142,2150,C
2-PB1,2152,1990,0,3,0,1993,A
2-PB1,2153,0,1985,1,2,1988,T
2-PB1,2154,2,8,1986,0,1996,G
2-PB1,2155,3,3,2002,0,2008,G
2-PB1,2156,0,1969,0,0,1969,T
2-PB1,2157,1,0,2002,0,2003,G
2-PB1,2158,0,1961,0,2,1963,T
2-PB1,2159,8,1,0,1939,1948,C
2-PB1,2160,0,1947,0,1,1948,T
2-PB1,2161,1917,0,1,0,1918,A
2-PB1,2162,0,4,1919,0,1923,G
2-PB1,2163,0,4,1863,0,1867,G
2-PB1,2164,2,1,1839,0,1842,G
2-PB1,2165,2,1,0,1797,1800,C
2-PB1,2166,2,1,0,1706,1709,C
2-PB1,2167,6,1,0,1660,1667,C
2-PB1,2168,3,3,1660,1,1667,G
2-PB1,2169,0,2,1669,0,1671,G
2-PB1,2170,1667,1,0,0,1668,A
2-PB1,2171,0,1667,0,0,1667,T
2-PB1,2172,1,1588,0,1,1590,T
2-PB1,2173,0,2,1567,0,1569,G
2-PB1,2174,1565,0,1,0,1566,A
2-PB1,2175,0,1575,0,0,1575,T
2-PB1,2176,1,0,1570,0,1571,G
2-PB1,2177,1,1,1,1561,1564,C
2-PB1,2178,4,2,0,1549,1555,C
2-PB1,2179,1553,0,0,0,1553,A
2-PB1,2180,0,2,1553,0,1555,G
2-PB1,2181,1553,1,0,0,1554,A
2-PB1,2182,1554,0,0,0,1554,A
2-PB1,2183,0,1546,0,1,1547,T
2-PB1,2184,0,1507,0,1,1508,T
2-PB1,2185,0,18,1494,0,1512,G
2-PB1,2186,1501,0,0,0,1501,A
2-PB1,2187,2,0,0,1500,1502,C
2-PB1,2188,0,1484,0,7,1491,T
2-PB1,2189,0,1480,0,1,1481,T
2-PB1,2190,4,1,0,1470,1475,C
2-PB1,2191,1,5,1463,0,1469,G
2-PB1,2192,1470,0,1,0,1471,A
2-PB1,2193,4,0,1431,0,1435,G
2-PB1,2194,0,1454,0,1,1455,T
2-PB1,2195,6,0,0,1449,1455,C
2-PB1,2196,0,1456,0,1,1457,T
2-PB1,2197,0,1,1457,0,1458,G
2-PB1,2198,0,2,1455,0,1457,G
2-PB1,2199,1454,2,0,0,1456,A
2-PB1,2200,1351,0,2,0,1353,A
2-PB1,2201,0,6,1362,1,1369,G
2-PB1,2202,0,4,1376,0,1380,G
2-PB1,2203,1378,0,0,0,1378,A
2-PB1,2204,0,1369,0,1,1370,T
2-PB1,2205,0,1371,0,0,1371,T
2-PB1,2206,1362,0,0,0,1362,A
2-PB1,2207,1363,0,0,0,1363,A
2-PB1,2208,0,3,1363,0,1366,G
2-PB1,2209,1357,0,1,0,1358,A
2-PB1,2210,1295,0,0,0,1295,A
2-PB1,2211,1,5,1189,0,1195,G
2-PB1,2212,0,1,1187,0,1188,G
2-PB1,2213,1183,0,7,0,1190,A
2-PB1,2214,1188,0,1,0,1189,A
2-PB1,2215,0,4,1189,0,1193,G
2-PB1,2216,1149,0,1,0,1150,A
2-PB1,2217,0,0,1150,0,1150,G
2-PB1,2218,0,1107,0,1,1108,T
2-PB1,2219,0,1107,1,0,1108,T
2-PB1,2220,10,1,0,1099,1110,C
2-PB1,2221,0,1077,0,1,1078,T
2-PB1,2222,4,0,0,1074,1078,C
2-PB1,2223,0,1068,1,1,1070,T
2-PB1,2224,1,3,1055,0,1059,G
2-PB1,2225,1026,0,0,0,1026,A
2-PB1,2226,0,4,1003,0,1007,G
2-PB1,2227,987,0,4,0,991,A
2-PB1,2228,1,963,0,0,964,T
2-PB1,2229,4,0,0,907,911,C
2-PB1,2230,908,0,1,0,909,A
2-PB1,2231,0,899,1,0,900,T
2-PB1,2232,0,3,898,0,901,G
2-PB1,2233,890,0,1,0,891,A
2-PB1,2234,888,0,0,0,888,A
2-PB1,2235,0,2,867,0,869,G
2-PB1,2236,850,0,1,0,851,A
2-PB1,2237,0,840,0,3,843,T
2-PB1,2238,3,0,0,828,831,C
2-PB1,2239,0,767,0,0,767,T
2-PB1,2240,0,0,772,0,772,G
2-PB1,2241,0,772,0,0,772,T
2-PB1,2242,1,769,0,0,770,T
2-PB1,2243,8,1,0,761,770,C
2-PB1,2244,0,1,0,733,734,C
2-PB1,2245,734,0,1,0,735,A
2-PB1,2246,2,0,0,738,740,C
2-PB1,2247,5,0,0,698,703,C
2-PB1,2248,689,0,0,0,689,A
2-PB1,2249,0,642,0,0,642,T
2-PB1,2250,0,620,0,0,620,T
2-PB1,2251,0,0,620,0,620,G
2-PB1,2252,617,0,1,0,618,A
2-PB1,2253,617,0,0,0,617,A
2-PB1,2254,0,2,612,0,614,G
2-PB1,2255,510,0,0,0,510,A
2-PB1,2256,508,0,0,0,508,A
2-PB1,2257,0,0,0,504,504,C
2-PB1,2258,1,484,0,1,486,T
2-PB1,2259,1,0,0,487,488,C
2-PB1,2260,465,1,0,0,466,A
2-PB1,2261,0,1,465,0,466,G
2-PB1,2262,459,0,3,0,462,A
2-PB1,2263,0,1,0,446,447,C
2-PB1,2264,0,1,429,0,430,G
2-PB1,2265,0,1,414,0,415,G
2-PB1,2266,0,0,0,414,414,C
2-PB1,2267,410,1,0,0,411,A
2-PB1,2268,410,0,0,0,410,A
2-PB1,2269,408,0,1,0,409,A
2-PB1,2270,406,0,1,0,407,A
2-PB1,2271,404,1,0,0,405,A
2-PB1,2272,0,397,0,0,397,T
2-PB1,2273,380,0,0,0,380,A
2-PB1,2274,381,0,0,0,381,A
3-PA,1,58,0,0,0,58,A
3-PA,2,0,58,0,0,58,T
3-PA,3,0,0,63,0,63,G
3-PA,4,0,0,63,0,63,G
3-PA,5,63,0,0,0,63,A
3-PA,6,65,0,0,0,65,A
3-PA,7,0,0,67,0,67,G
3-PA,8,70,0,0,0,70,A
3-PA,9,0,70,0,0,70,T
3-PA,10,0,69,0,0,69,T
3-PA,11,0,72,0,0,72,T
3-PA,12,0,72,0,0,72,T
3-PA,13,0,0,75,0,75,G
3-PA,14,0,75,0,0,75,T
3-PA,15,0,0,74,0,74,G
3-PA,16,0,0,0,77,77,C
3-PA,17,0,2,75,0,77,G
3-PA,18,89,0,0,0,89,A
3-PA,19,0,0,0,92,92,C
3-PA,20,92,0,0,0,92,A
3-PA,21,93,0,0,0,93,A
3-PA,22,0,94,0,0,94,T
3-PA,23,0,0,117,0,117,G
3-PA,24,0,1,0,120,121,C
3-PA,25,0,121,0,0,121,T
3-PA,26,0,120,0,1,121,T
3-PA,27,0,1,0,120,121,C
3-PA,28,127,0,0,0,127,A
3-PA,29,135,0,0,0,135,A
3-PA,30,0,0,0,140,140,C
3-PA,31,0,0,0,138,138,C
3-PA,32,1,0,0,138,139,C
3-PA,33,0,1,141,0,142,G
3-PA,34,143,0,0,0,143,A
3-PA,35,0,143,0,0,143,T
3-PA,36,0,1,142,0,143,G
3-PA,37,143,0,0,0,143,A
3-PA,38,0,143,0,0,143,T
3-PA,39,0,143,0,0,143,T
3-PA,40,0,0,146,0,146,G
3-PA,41,0,146,0,0,146,T
3-PA,42,0,1,0,145,146,C
3-PA,43,1,1,144,0,146,G
3-PA,44,145,0,0,0,145,A
3-PA,45,146,0,0,0,146,A
3-PA,46,0,0,0,148,148,C
3-PA,47,0,148,0,0,148,T
3-PA,48,0,147,0,1,148,T
3-PA,49,0,0,147,0,147,G
3-PA,50,0,0,0,148,148,C
3-PA,51,149,0,0,0,149,A
3-PA,52,0,0,151,0,151,G
3-PA,53,149,0,0,0,149,A
3-PA,54,149,0,0,0,149,A
3-PA,55,151,0,0,0,151,A
3-PA,56,151,0,0,0,151,A
3-PA,57,152,0,1,0,153,A
3-PA,58,0,0,157,0,157,G
3-PA,59,0,0,0,160,160,C
3-PA,60,160,0,0,0,160,A
3-PA,61,168,0,0,0,168,A
3-PA,62,0,169,0,0,169,T
3-PA,63,0,0,170,0,170,G
3-PA,64,170,0,0,0,170,A
3-PA,65,170,0,0,0,170,A
3-PA,66,171,0,0,0,171,A
3-PA,67,0,2,179,0,181,G
3-PA,68,197,0,0,0,197,A
3-PA,69,0,0,231,0,231,G
3-PA,70,0,231,0,0,231,T
3-PA,71,231,0,0,0,231,A
3-PA,72,0,231,0,0,231,T
3-PA,73,0,2,230,0,232,G
3-PA,74,0,2,231,0,233,G
3-PA,75,0,2,230,0,232,G
3-PA,76,0,0,233,0,233,G
3-PA,77,231,0,0,0,231,A
3-PA,78,0,2,224,0,226,G
3-PA,79,1,0,229,0,230,G
3-PA,80,228,0,0,0,228,A
3-PA,81,0,234,0,0,234,T
3-PA,82,2,0,0,232,234,C
3-PA,83,0,234,0,0,234,T
3-PA,84,1,1,232,0,234,G
3-PA,85,233,0,0,0,233,A
3-PA,86,234,0,0,0,234,A
3-PA,87,235,0,0,0,235,A
3-PA,88,234,0,0,0,234,A
3-PA,89,0,234,0,0,234,T
3-PA,90,0,235,0,0,235,T
3-PA,91,0,1,234,0,235,G
3-PA,92,236,0,0,0,236,A
3-PA,93,236,0,0,0,236,A
3-PA,94,237,0,0,0,237,A
3-PA,95,0,0,0,237,237,C
3-PA,96,240,0,0,0,240,A
3-PA,97,240,0,0,0,240,A
3-PA,98,241,0,0,0,241,A
3-PA,99,0,1,0,242,243,C
3-PA,100,241,0,0,0,241,A
3-PA,101,244,0,0,0,244,A
3-PA,102,245,0,0,0,245,A
3-PA,103,0,247,0,0,247,T
3-PA,104,0,246,0,0,246,T
3-PA,105,0,245,0,0,245,T
3-PA,106,0,0,246,0,246,G
3-PA,107,0,0,0,249,249,C
3-PA,108,247,0,0,0,247,A
3-PA,109,0,0,258,0,258,G
3-PA,110,0,0,0,258,258,C
3-PA,111,272,0,0,0,272,A
3-PA,112,276,1,0,0,277,A
3-PA,113,0,277,0,0,277,T
3-PA,114,287,0,0,0,287,A
3-PA,115,0,284,0,0,284,T
3-PA,116,0,0,289,0,289,G
3-PA,117,0,0,0,290,290,C
3-PA,118,287,0,0,0,287,A
3-PA,119,0,0,0,292,292,C
3-PA,120,0,287,0,1,288,T
3-PA,121,0,0,0,341,341,C
3-PA,122,343,2,1,1,347,A
3-PA,123,0,0,0,353,353,C
3-PA,124,0,353,0,0,353,T
3-PA,125,0,350,0,0,350,T
3-PA,126,0,1,348,0,349,G
3-PA,127,1,2,354,0,357,G
3-PA,128,351,0,1,0,352,A
3-PA,129,0,0,362,0,362,G
3-PA,130,0,0,364,0,364,G
3-PA,131,0,345,0,3,348,T
3-PA,132,0,0,355,0,355,G
3-PA,133,0,353,0,2,355,T
3-PA,134,0,2,363,0,365,G
3-PA,135,0,365,0,0,365,T
3-PA,136,0,361,0,0,361,T
3-PA,137,0,362,0,0,362,T
3-PA,138,1,0,0,367,368,C
3-PA,139,366,0,1,0,367,A
3-PA,140,0,363,0,0,363,T
3-PA,141,0,0,376,0,376,G
3-PA,142,1,372,0,0,373,T
3-PA,143,374,0,0,0,374,A
3-PA,144,0,372,0,0,372,T
3-PA,145,0,373,0,0,373,T
3-PA,146,3,0,0,372,375,C
3-PA,147,372,0,0,0,372,A
3-PA,148,0,0,383,0,383,G
3-PA,149,383,0,0,0,383,A
3-PA,150,1,379,0,0,380,T
3-PA,151,0,379,0,0,379,T
3-PA,152,0,379,0,0,379,T
3-PA,153,1,0,0,377,378,C
3-PA,154,2,0,0,381,383,C
3-PA,155,385,0,0,0,385,A
3-PA,156,0,385,0,1,386,T
3-PA,157,0,382,0,0,382,T
3-PA,158,0,385,0,0,385,T
3-PA,159,3,1,0,381,385,C
3-PA,160,387,0,0,0,387,A
3-PA,161,0,404,0,0,404,T
3-PA,162,0,0,0,403,403,C
3-PA,163,399,0,0,0,399,A
3-PA,164,400,0,0,0,400,A
3-PA,165,0,400,0,0,400,T
3-PA,166,1,2,409,0,412,G
3-PA,167,411,0,0,0,411,A
3-PA,168,410,0,0,0,410,A
3-PA,169,1,0,0,410,411,C
3-PA,170,407,0,0,0,407,A
3-PA,171,411,0,1,0,412,A
3-PA,172,0,0,412,0,412,G
3-PA,173,0,0,414,0,414,G
3-PA,174,0,0,0,415,415,C
3-PA,175,0,1,410,0,411,G
3-PA,176,444,0,1,0,445,A
3-PA,177,450,0,0,0,450,A
3-PA,178,0,448,0,0,448,T
3-PA,179,3,0,0,452,455,C
3-PA,180,456,0,0,0,456,A
3-PA,181,459,0,0,0,459,A
3-PA,182,0,461,0,0,461,T
3-PA,183,460,0,0,0,460,A
3-PA,184,0,1,473,0,474,G
3-PA,185,0,464,0,0,464,T
3-PA,186,0,4,462,0,466,G
3-PA,187,0,0,467,0,467,G
3-PA,188,0,463,0,0,463,T
3-PA,189,463,0,0,0,463,A
3-PA,190,0,4,464,0,468,G
3-PA,191,464,0,2,0,466,A
3-PA,192,470,0,0,0,470,A
3-PA,193,0,1,0,470,471,C
3-PA,194,0,462,0,1,463,T
3-PA,195,0,462,0,0,462,T
3-PA,196,0,1,462,0,463,G
3-PA,197,460,0,2,0,462,A
3-PA,198,1,1,0,461,463,C
3-PA,199,0,3,457,0,460,G
3-PA,200,468,0,0,0,468,A
3-PA,201,0,473,0,1,474,T
3-PA,202,4,0,0,473,477,C
3-PA,203,3,0,0,476,479,C
3-PA,204,482,0,0,0,482,A
3-PA,205,482,0,1,0,483,A
3-PA,206,485,0,0,0,485,A
3-PA,207,0,488,0,0,488,T
3-PA,208,0,0,488,0,488,G
3-PA,209,1,1,0,487,489,C
3-PA,210,484,0,1,0,485,A
3-PA,211,1,0,0,496,497,C
3-PA,212,0,498,0,0,498,T
3-PA,213,0,3,579,0,582,G
3-PA,214,0,583,0,0,583,T
3-PA,215,0,582,0,0,582,T
3-PA,216,582,0,0,0,582,A
3-PA,217,578,0,0,0,578,A
3-PA,218,578,0,0,0,578,A
3-PA,219,0,1,583,1,585,G
3-PA,220,1,0,0,576,577,C
3-PA,221,571,0,0,0,571,A
3-PA,222,0,0,0,572,572,C
3-PA,223,540,0,0,0,540,A
3-PA,224,0,1,557,0,558,G
3-PA,225,555,0,0,0,555,A
3-PA,226,0,557,0,0,557,T
3-PA,227,0,558,0,0,558,T
3-PA,228,0,557,0,0,557,T
3-PA,229,0,0,557,0,557,G
3-PA,230,555,0,0,0,555,A
3-PA,231,556,0,1,0,557,A
3-PA,232,556,0,0,0,556,A
3-PA,233,0,548,0,0,548,T
3-PA,234,545,0,0,0,545,A
3-PA,235,553,0,0,0,553,A
3-PA,236,0,552,0,0,552,T
3-PA,237,1,0,0,552,553,C
3-PA,238,0,1,552,0,553,G
3-PA,239,549,0,1,0,550,A
3-PA,240,0,5,546,1,552,G
3-PA,241,0,4,557,0,561,G
3-PA,242,1,0,555,0,556,G
3-PA,243,0,2,558,0,560,G
3-PA,244,554,0,1,0,555,A
3-PA,245,0,2,559,0,561,G
3-PA,246,570,0,0,0,570,A
3-PA,247,1,3,568,0,572,G
3-PA,248,571,1,0,0,572,A
3-PA,249,1,0,0,572,573,C
3-PA,250,568,0,1,0,569,A
3-PA,251,0,2,577,0,579,G
3-PA,252,573,0,2,0,575,A
3-PA,253,587,0,0,0,587,A
3-PA,254,0,0,0,588,588,C
3-PA,255,571,0,1,0,572,A
3-PA,256,572,0,0,1,573,A
3-PA,257,0,571,0,0,571,T
3-PA,258,1,0,594,0,595,G
3-PA,259,0,0,597,0,597,G
3-PA,260,0,0,0,587,587,C
3-PA,261,2,0,0,585,587,C
3-PA,262,0,576,0,2,578,T
3-PA,263,0,0,600,0,600,G
3-PA,264,0,2,598,0,600,G
3-PA,265,601,0,0,0,601,A
3-PA,266,1,0,0,604,605,C
3-PA,267,581,0,0,0,581,A
3-PA,268,1,0,640,0,641,G
3-PA,269,0,641,0,0,641,T
3-PA,270,643,0,1,0,644,A
3-PA,271,1,2,640,0,643,G
3-PA,272,0,629,0,0,629,T
3-PA,273,636,0,0,0,636,A
3-PA,274,636,0,0,0,636,A
3-PA,275,634,0,1,0,635,A
3-PA,276,0,1,0,643,644,C
3-PA,277,595,0,0,0,595,A
3-PA,278,0,2,614,0,616,G
3-PA,279,0,607,0,1,608,T
3-PA,280,620,0,0,0,620,A
3-PA,281,0,617,0,0,617,T
3-PA,282,2,0,0,620,622,C
3-PA,283,0,619,0,0,619,T
3-PA,284,0,1,620,0,621,G
3-PA,285,0,0,0,616,616,C
3-PA,286,611,0,0,0,611,A
3-PA,287,609,0,0,0,609,A
3-PA,288,0,2,0,611,613,C
3-PA,289,613,0,0,0,613,A
3-PA,290,3,1,0,625,629,C
3-PA,291,0,620,0,2,622,T
3-PA,292,627,0,0,0,627,A
3-PA,293,1,0,0,623,624,C
3-PA,294,0,618,0,0,618,T
3-PA,295,2,0,621,0,623,G
3-PA,296,0,2,620,0,622,G
3-PA,297,618,0,2,0,620,A
3-PA,298,0,1,618,0,619,G
3-PA,299,0,0,0,608,608,C
3-PA,300,0,606,0,1,607,T
3-PA,301,0,2,604,0,606,G
3-PA,302,0,1,603,0,604,G
3-PA,303,602,2,0,0,604,A
3-PA,304,606,0,0,0,606,A
3-PA,305,599,0,1,0,600,A
3-PA,306,599,0,1,0,600,A
3-PA,307,0,0,0,601,601,C
3-PA,308,0,0,0,598,598,C
3-PA,309,0,3,595,0,598,G
3-PA,310,598,0,0,0,598,A
3-PA,311,599,0,0,0,599,A
3-PA,312,0,2,604,0,606,G
3-PA,313,0,601,0,0,601,T
3-PA,314,0,604,0,0,604,T
3-PA,315,0,600,0,0,600,T
3-PA,316,3,0,0,606,609,C
3-PA,317,0,614,0,0,614,T
3-PA,318,616,0,0,0,616,A
3-PA,319,0,1,0,611,612,C
3-PA,320,3,0,0,609,612,C
3-PA,321,605,0,0,0,605,A
3-PA,322,0,1,604,0,605,G
3-PA,323,605,0,0,0,605,A
3-PA,324,0,0,0,593,593,C
3-PA,325,1,611,0,4,616,T
3-PA,326,0,618,0,0,618,T
3-PA,327,0,0,631,0,631,G
3-PA,328,0,629,0,2,631,T
3-PA,329,635,0,0,0,635,A
3-PA,330,0,631,0,0,631,T
3-PA,331,1,5,615,0,621,G
3-PA,332,656,0,0,0,656,A
3-PA,333,0,646,0,1,647,T
3-PA,334,0,644,0,0,644,T
3-PA,335,642,0,0,0,642,A
3-PA,336,1,0,0,637,638,C
3-PA,337,638,0,0,0,638,A
3-PA,338,640,0,0,0,640,A
3-PA,339,0,2,636,0,638,G
3-PA,340,0,1,647,0,648,G
3-PA,341,610,0,0,0,610,A
3-PA,342,0,5,612,0,617,G
3-PA,343,614,0,1,0,615,A
3-PA,344,615,0,0,0,615,A
3-PA,345,0,0,0,615,615,C
3-PA,346,611,0,0,0,611,A
3-PA,347,0,0,616,0,616,G
3-PA,348,612,0,1,0,613,A
3-PA,349,1,607,0,0,608,T
3-PA,350,0,605,0,0,605,T
3-PA,351,3,0,0,590,593,C
3-PA,352,588,0,0,0,588,A
3-PA,353,1,590,0,0,591,T
3-PA,354,1,0,0,588,589,C
3-PA,355,0,3,586,0,589,G
3-PA,356,598,0,0,0,598,A
3-PA,357,595,0,0,0,595,A
3-PA,358,596,0,0,0,596,A
3-PA,359,0,599,0,0,599,T
3-PA,360,0,595,0,0,595,T
3-PA,361,0,1,592,0,593,G
3-PA,362,0,2,595,0,597,G
3-PA,363,0,5,589,0,594,G
3-PA,364,0,0,596,0,596,G
3-PA,365,0,585,0,0,585,T
3-PA,366,0,2,594,0,596,G
3-PA,367,595,0,1,0,596,A
3-PA,368,0,0,0,602,602,C
3-PA,369,602,0,0,0,602,A
3-PA,370,603,0,1,0,604,A
3-PA,371,3,3,607,0,613,G
3-PA,372,0,1,614,0,615,G
3-PA,373,608,1,1,0,610,A
3-PA,374,0,2,612,0,614,G
3-PA,375,597,0,0,0,597,A
3-PA,376,0,1,599,0,600,G
3-PA,377,587,0,1,0,588,A
3-PA,378,584,0,1,0,585,A
3-PA,379,1,1,605,0,607,G
3-PA,380,0,593,0,0,593,T
3-PA,381,6,0,0,589,595,C
3-PA,382,6,0,0,589,595,C
3-PA,383,599,0,0,0,599,A
3-PA,384,1,0,0,611,612,C
3-PA,385,619,0,0,0,619,A
3-PA,386,0,632,0,0,632,T
3-PA,387,642,0,0,0,642,A
3-PA,388,0,625,0,0,625,T
3-PA,389,620,0,0,0,620,A
3-PA,390,0,612,0,0,612,T
3-PA,391,0,606,0,0,606,T
3-PA,392,628,0,0,0,628,A
3-PA,393,0,0,0,620,620,C
3-PA,394,1,0,0,595,596,C
3-PA,395,0,583,0,0,583,T
3-PA,396,0,572,0,0,572,T
3-PA,397,0,0,576,0,576,G
3-PA,398,575,0,0,0,575,A
3-PA,399,574,0,0,0,574,A
3-PA,400,573,0,0,0,573,A
3-PA,401,548,1,3,0,552,A
3-PA,402,0,1,553,0,554,G
3-PA,403,0,0,563,0,563,G
3-PA,404,0,0,0,563,563,C
3-PA,405,0,0,0,562,562,C
3-PA,406,565,0,0,0,565,A
3-PA,407,563,0,0,0,563,A
3-PA,408,0,563,0,0,563,T
3-PA,409,565,0,0,0,565,A
3-PA,410,562,0,0,0,562,A
3-PA,411,0,3,574,0,577,G
3-PA,412,577,0,0,0,577,A
3-PA,413,0,575,0,0,575,T
3-PA,414,0,572,0,0,572,T
3-PA,415,573,0,1,0,574,A
3-PA,416,577,0,1,0,578,A
3-PA,417,578,0,0,0,578,A
3-PA,418,0,582,0,0,582,T
3-PA,419,1,0,0,582,583,C
3-PA,420,0,568,0,0,568,T
3-PA,421,0,1,567,0,568,G
3-PA,422,570,0,0,0,570,A
3-PA,423,0,2,574,0,576,G
3-PA,424,578,1,0,0,579,A
3-PA,425,581,0,0,0,581,A
3-PA,426,0,0,0,585,585,C
3-PA,427,579,1,2,0,582,A
3-PA,428,0,1,0,582,583,C
3-PA,429,583,0,0,0,583,A
3-PA,430,0,0,0,588,588,C
3-PA,431,585,0,0,0,585,A
3-PA,432,0,0,0,595,595,C
3-PA,433,586,0,0,0,586,A
3-PA,434,0,587,0,0,587,T
3-PA,435,0,580,0,1,581,T
3-PA,436,2,0,0,581,583,C
3-PA,437,582,0,0,0,582,A
3-PA,438,0,0,0,583,583,C
3-PA,439,573,0,0,0,573,A
3-PA,440,0,569,0,0,569,T
3-PA,441,0,556,0,0,556,T
3-PA,442,0,564,0,0,564,T
3-PA,443,0,562,0,0,562,T
3-PA,444,6,0,0,562,568,C
3-PA,445,0,565,0,0,565,T
3-PA,446,4,0,0,565,569,C
3-PA,447,571,0,0,0,571,A
3-PA,448,0,570,0,1,571,T
3-PA,449,0,573,0,0,573,T
3-PA,450,4,0,0,570,574,C
3-PA,451,567,0,0,0,567,A
3-PA,452,7,0,0,567,574,C
3-PA,453,0,565,0,1,566,T
3-PA,454,0,1,573,0,574,G
3-PA,455,0,2,573,0,575,G
3-PA,456,0,2,573,0,575,G
3-PA,457,0,1,574,0,575,G
3-PA,458,571,0,0,0,571,A
3-PA,459,0,3,569,0,572,G
3-PA,460,0,2,567,0,569,G
3-PA,461,567,0,0,0,567,A
3-PA,462,566,0,0,0,566,A
3-PA,463,554,1,0,0,555,A
3-PA,464,0,549,0,0,549,T
3-PA,465,0,0,555,0,555,G
3-PA,466,0,0,554,0,554,G
3-PA,467,0,0,0,558,558,C
3-PA,468,1,0,0,555,556,C
3-PA,469,551,0,1,0,552,A
3-PA,470,0,0,0,553,553,C
3-PA,471,549,0,0,0,549,A
3-PA,472,559,0,1,0,560,A
3-PA,473,560,0,1,0,561,A
3-PA,474,0,5,557,0,562,G
3-PA,475,0,0,561,0,561,G
3-PA,476,0,1,0,561,562,C
3-PA,477,562,0,0,0,562,A
3-PA,478,0,4,564,0,568,G
3-PA,479,567,0,0,0,567,A
3-PA,480,1,0,0,569,570,C
3-PA,481,0,569,0,0,569,T
3-PA,482,573,0,0,0,573,A
3-PA,483,1,1,0,571,573,C
3-PA,484,569,0,0,0,569,A
3-PA,485,2,0,0,569,571,C
3-PA,486,0,551,0,0,551,T
3-PA,487,1,0,0,559,560,C
3-PA,488,0,553,0,0,553,T
3-PA,489,0,0,0,541,541,C
3-PA,490,0,3,541,0,544,G
3-PA,491,542,0,1,0,543,A
3-PA,492,0,1,0,539,540,C
3-PA,493,0,2,542,0,544,G
3-PA,494,539,0,1,0,540,A
3-PA,495,1,4,540,0,545,G
3-PA,496,0,2,541,0,543,G
3-PA,497,540,0,1,0,541,A
3-PA,498,550,0,0,0,550,A
3-PA,499,549,1,0,0,550,A
3-PA,500,0,0,552,0,552,G
3-PA,501,0,0,0,551,551,C
3-PA,502,543,0,0,0,543,A
3-PA,503,1,2,554,0,557,G
3-PA,504,0,0,555,0,555,G
3-PA,505,2,0,560,0,562,G
3-PA,506,0,0,0,561,561,C
3-PA,507,0,555,0,1,556,T
3-PA,508,555,0,0,0,555,A
3-PA,509,0,0,565,0,565,G
3-PA,510,0,0,594,0,594,G
3-PA,511,596,0,0,0,596,A
3-PA,512,0,585,0,1,586,T
3-PA,513,0,575,0,0,575,T
3-PA,514,573,0,0,0,573,A
3-PA,515,584,0,0,0,584,A
3-PA,516,0,3,583,0,586,G
3-PA,517,583,0,0,0,583,A
3-PA,518,0,0,0,580,580,C
3-PA,519,0,0,0,532,532,C
3-PA,520,523,1,0,0,524,A
3-PA,521,0,3,527,0,530,G
3-PA,522,0,0,526,0,526,G
3-PA,523,0,1,0,528,529,C
3-PA,524,0,520,0,0,520,T
3-PA,525,0,0,542,0,542,G
3-PA,526,0,540,0,0,540,T
3-PA,527,0,542,0,0,542,T
3-PA,528,0,544,0,0,544,T
3-PA,529,544,0,0,0,544,A
3-PA,530,1,0,0,555,556,C
3-PA,531,3,0,0,536,539,C
3-PA,532,536,0,0,0,536,A
3-PA,533,0,534,0,0,534,T
3-PA,534,514,0,0,0,514,A
3-PA,535,515,0,0,0,515,A
3-PA,536,0,2,517,0,519,G
3-PA,537,517,0,0,0,517,A
3-PA,538,0,1,0,514,515,C
3-PA,539,503,0,0,0,503,A
3-PA,540,502,0,0,0,502,A
3-PA,541,0,2,502,0,504,G
3-PA,542,504,1,0,0,505,A
3-PA,543,505,0,0,0,505,A
3-PA,544,506,0,0,0,506,A
3-PA,545,0,493,0,0,493,T
3-PA,546,1,2,501,0,504,G
3-PA,547,0,0,503,0,503,G
3-PA,548,0,0,0,502,502,C
3-PA,549,3,0,0,501,504,C
3-PA,550,494,0,1,0,495,A
3-PA,551,504,0,0,0,504,A
3-PA,552,1,0,0,504,505,C
3-PA,553,503,0,1,0,504,A
3-PA,554,1,0,502,0,503,G
3-PA,555,485,1,1,0,487,A
3-PA,556,0,1,489,0,490,G
3-PA,557,0,0,492,0,492,G
3-PA,558,0,0,0,491,491,C
3-PA,559,3,0,0,495,498,C
3-PA,560,0,484,0,1,485,T
3-PA,561,1,0,0,487,488,C
3-PA,562,0,486,0,0,486,T
3-PA,563,0,2,484,0,486,G
3-PA,564,0,1,485,0,486,G
3-PA,565,0,1,479,0,480,G
3-PA,566,480,0,0,0,480,A
3-PA,567,0,467,0,0,467,T
3-PA,568,0,459,0,0,459,T
3-PA,569,4,0,0,554,558,C
3-PA,570,0,0,0,554,554,C
3-PA,571,0,561,0,0,561,T
3-PA,572,0,558,0,0,558,T
3-PA,573,0,562,0,0,562,T
3-PA,574,3,0,0,569,572,C
3-PA,575,1,0,572,0,573,G
3-PA,576,0,574,0,1,575,T
3-PA,577,0,0,0,575,575,C
3-PA,578,551,0,0,0,551,A
3-PA,579,0,0,671,0,671,G
3-PA,580,0,672,0,1,673,T
3-PA,581,0,0,0,671,671,C
3-PA,582,1,1,0,679,681,C
3-PA,583,0,5,678,0,683,G
3-PA,584,681,0,0,5,686,A
3-PA,585,688,0,1,0,689,A
3-PA,586,686,0,1,0,687,A
3-PA,587,0,1,690,0,691,G
3-PA,588,663,0,3,1,667,A
3-PA,589,0,1,680,1,682,G
3-PA,590,0,0,687,0,687,G
3-PA,591,1,0,0,688,689,C
3-PA,592,1,1,685,1,688,G
3-PA,593,688,0,0,0,688,A
3-PA,594,685,1,1,0,687,A
3-PA,595,0,6,695,0,701,G
3-PA,596,704,0,0,0,704,A
3-PA,597,702,0,1,0,703,A
3-PA,598,699,1,2,0,702,A
3-PA,599,0,0,0,711,711,C
3-PA,600,710,0,1,0,711,A
3-PA,601,710,0,1,0,711,A
3-PA,602,0,711,0,0,711,T
3-PA,603,0,712,0,0,712,T
3-PA,604,0,1,711,0,712,G
3-PA,605,712,0,0,0,712,A
3-PA,606,708,0,2,0,710,A
3-PA,607,0,2,712,0,714,G
3-PA,608,710,0,0,0,710,A
3-PA,609,711,0,0,0,711,A
3-PA,610,713,0,0,0,713,A
3-PA,611,715,0,0,0,715,A
3-PA,612,726,0,0,0,726,A
3-PA,613,0,723,0,0,723,T
3-PA,614,0,725,0,0,725,T
3-PA,615,1,727,0,0,728,T
3-PA,616,0,3,726,0,729,G
3-PA,617,728,0,1,0,729,A
3-PA,618,727,0,0,0,727,A
3-PA,619,736,0,0,0,736,A
3-PA,620,0,754,0,0,754,T
3-PA,621,3,0,0,854,857,C
3-PA,622,857,0,0,0,857,A
3-PA,623,1,0,0,873,874,C
3-PA,624,874,0,0,0,874,A
3-PA,625,1,1,906,0,908,G
3-PA,626,1,8,954,0,963,G
3-PA,627,987,0,0,0,987,A
3-PA,628,1013,0,0,0,1013,A
3-PA,629,0,0,0,1035,1035,C
3-PA,630,0,1011,0,0,1011,T
3-PA,631,1135,0,0,0,1135,A
3-PA,632,0,1157,0,0,1157,T
3-PA,633,0,0,1229,0,1229,G
3-PA,634,0,0,0,1225,1225,C
3-PA,635,4,1,1219,0,1224,G
3-PA,636,0,1220,0,0,1220,T
3-PA,637,1215,0,0,0,1215,A
3-PA,638,0,7,1220,0,1227,G
3-PA,639,0,3,1227,0,1230,G
3-PA,640,1,0,0,1209,1210,C
3-PA,641,0,1202,0,0,1202,T
3-PA,642,0,1184,0,1,1185,T
3-PA,643,1,1,1188,0,1190,G
3-PA,644,0,0,0,1190,1190,C
3-PA,645,4,1,0,1195,1200,C
3-PA,646,0,11,1211,0,1222,G
3-PA,647,1235,0,2,0,1237,A
3-PA,648,2,1,0,1242,1245,C
3-PA,649,6,0,0,1241,1247,C
3-PA,650,1249,0,0,0,1249,A
3-PA,651,1255,0,0,0,1255,A
3-PA,652,1250,0,3,0,1253,A
3-PA,653,1,2,1281,0,1284,G
3-PA,654,1,1283,0,1,1285,T
3-PA,655,5,0,0,1287,1292,C
3-PA,656,0,1280,0,3,1283,T
3-PA,657,5,1,0,1296,1302,C
3-PA,658,2,0,0,1312,1314,C
3-PA,659,4,1,0,1318,1323,C
3-PA,660,1330,0,0,0,1330,A
3-PA,661,2,1,0,1335,1338,C
3-PA,662,5,1,0,1321,1327,C
3-PA,663,0,11,1327,0,1338,G
3-PA,664,1367,0,0,0,1367,A
3-PA,665,1362,1,0,0,1363,A
3-PA,666,2,0,0,1385,1387,C
3-PA,667,0,1378,0,0,1378,T
3-PA,668,0,1409,0,0,1409,T
3-PA,669,2,1,1,1432,1436,C
3-PA,670,1,1427,0,2,1430,T
3-PA,671,7,1,0,1426,1434,C
3-PA,672,2,0,0,1426,1428,C
3-PA,673,1,1419,0,1,1421,T
3-PA,674,0,1,1439,0,1440,G
3-PA,675,1,0,0,1435,1436,C
3-PA,676,8,0,0,1437,1445,C
3-PA,677,0,1431,0,1,1432,T
3-PA,678,0,1416,0,8,1424,T
3-PA,679,0,7,1422,0,1429,G
3-PA,680,1433,1,0,0,1434,A
3-PA,681,4,6,1445,0,1455,G
3-PA,682,1453,0,1,0,1454,A
3-PA,683,1455,0,2,0,1457,A
3-PA,684,0,1486,0,2,1488,T
3-PA,685,0,1494,0,0,1494,T
3-PA,686,0,1493,0,1,1494,T
3-PA,687,0,1500,0,0,1500,T
3-PA,688,1496,0,0,0,1496,A
3-PA,689,1,3,1504,0,1508,G
3-PA,690,1491,0,1,0,1492,A
3-PA,691,0,1,1568,0,1569,G
3-PA,692,0,0,1,1569,1570,C
3-PA,693,4,0,0,1571,1575,C
3-PA,694,0,1608,0,1,1609,T
3-PA,695,1692,0,0,0,1692,A
3-PA,696,0,1695,1,0,1696,T
3-PA,697,0,1,1715,0,1716,G
3-PA,698,0,1712,0,0,1712,T
3-PA,699,0,5,1718,0,1723,G
3-PA,700,0,6,1703,0,1709,G
3-PA,701,1696,1,4,0,1701,A
3-PA,702,0,1682,0,0,1682,T
3-PA,703,0,6,1650,0,1656,G
3-PA,704,0,1,1714,0,1715,G
3-PA,705,1715,0,1,0,1716,A
3-PA,706,1,1710,0,0,1711,T
3-PA,707,1,1701,1,1,1704,T
3-PA,708,3,0,0,1700,1703,C
3-PA,709,0,14,1698,0,1712,G
3-PA,710,1715,0,2,0,1717,A
3-PA,711,1715,0,1,0,1716,A
3-PA,712,1,2,0,1730,1733,C
3-PA,713,3,2,0,1686,1691,C
3-PA,714,4,10,1687,0,1701,G
3-PA,715,1704,1,0,0,1705,A
3-PA,716,1707,0,1,0,1708,A
3-PA,717,2,0,0,1729,1731,C
3-PA,718,2,9,1713,0,1724,G
3-PA,719,0,0,1789,0,1789,G
3-PA,720,0,0,0,1790,1790,C
3-PA,721,0,1781,0,3,1784,T
3-PA,722,2,5,1828,0,1835,G
3-PA,723,1,2,0,1846,1849,C
3-PA,724,1857,0,2,0,1859,A
3-PA,725,0,1860,0,0,1860,T
3-PA,726,0,1830,2,0,1832,T
3-PA,727,1,3,1835,0,1839,G
3-PA,728,1801,0,3,0,1804,A
3-PA,729,1,10,1814,0,1825,G
3-PA,730,0,12,1812,0,1824,G
3-PA,731,1,3,1803,0,1807,G
3-PA,732,1,1,1,1800,1803,C
3-PA,733,1788,0,2,0,1790,A
3-PA,734,1794,0,3,0,1797,A
3-PA,735,0,0,1813,0,1813,G
3-PA,736,0,1,0,1818,1819,C
3-PA,737,0,1811,0,0,1811,T
3-PA,738,0,1816,0,0,1816,T
3-PA,739,0,1835,0,0,1835,T
3-PA,740,5,0,0,1837,1842,C
3-PA,741,0,1837,0,1,1838,T
3-PA,742,10,1,0,1836,1847,C
3-PA,743,1846,0,0,0,1846,A
3-PA,744,1839,0,0,0,1839,A
3-PA,745,1840,0,0,0,1840,A
3-PA,746,0,1842,0,1,1843,T
3-PA,747,5,0,1914,0,1919,G
3-PA,748,0,1907,0,1,1908,T
3-PA,749,6,1,0,1917,1924,C
3-PA,750,9,0,0,1926,1935,C
3-PA,751,1929,0,0,0,1929,A
3-PA,752,1933,0,1,0,1934,A
3-PA,753,1934,0,2,0,1936,A
3-PA,754,0,2,1958,0,1960,G
3-PA,755,1963,0,0,0,1963,A
3-PA,756,1912,0,3,1,1916,A
3-PA,757,1,0,1928,0,1929,G
3-PA,758,0,1919,0,0,1919,T
3-PA,759,1,5,1910,0,1916,G
3-PA,760,1904,0,0,0,1904,A
3-PA,761,1907,0,2,0,1909,A
3-PA,762,0,1908,0,0,1908,T
3-PA,763,1,2,1896,0,1899,G
3-PA,764,2,4,0,1899,1905,C
3-PA,765,5,1,1,1897,1904,C
3-PA,766,4,0,0,1901,1905,C
3-PA,767,1905,1,1,0,1907,A
3-PA,768,1938,0,1,0,1939,A
3-PA,769,1942,0,0,0,1942,A
3-PA,770,0,1945,0,1,1946,T
3-PA,771,0,1934,0,0,1934,T
3-PA,772,0,12,1919,1,1932,G
3-PA,773,1916,1,2,0,1919,A
3-PA,774,1917,2,2,0,1921,A
3-PA,775,2,0,0,1925,1927,C
3-PA,776,9,1,0,1912,1922,C
3-PA,777,0,1902,0,2,1904,T
3-PA,778,0,1963,0,3,1966,T
3-PA,779,1,1979,0,0,1980,T
3-PA,780,0,2022,1,0,2023,T
3-PA,781,3,1,1,2025,2030,C
3-PA,782,0,2025,0,0,2025,T
3-PA,783,0,3,2029,0,2032,G
3-PA,784,2030,0,0,0,2030,A
3-PA,785,2056,0,1,0,2057,A
3-PA,786,1,14,2064,0,2079,G
3-PA,787,2041,1,2,0,2044,A
3-PA,788,0,0,0,2053,2053,C
3-PA,789,2022,1,0,1,2024,A
3-PA,790,2040,0,1,0,2041,A
3-PA,791,2,2,0,2276,2280,C
3-PA,792,2282,0,1,0,2283,A
3-PA,793,3,0,0,2274,2277,C
3-PA,794,14,1,0,2247,2262,C
3-PA,795,2251,2,1,1,2255,A
3-PA,796,2256,0,3,0,2259,A
3-PA,797,1,21,2244,0,2266,G
3-PA,798,2259,0,2,0,2261,A
3-PA,799,0,2,0,2259,2261,C
3-PA,800,10,1,0,2066,2077,C
3-PA,801,2076,1,1,0,2078,A
3-PA,802,2080,0,0,2,2082,A
3-PA,803,0,2086,0,0,2086,T
3-PA,804,9,1,0,2075,2085,C
3-PA,805,2079,0,1,0,2080,A
3-PA,806,2067,1,1,0,2069,A
3-PA,807,2065,0,1,1,2067,A
3-PA,808,1,0,0,2096,2097,C
3-PA,809,0,2078,0,2,2080,T
3-PA,810,0,2091,0,0,2091,T
3-PA,811,6,0,0,2093,2099,C
3-PA,812,2,1,0,2101,2104,C
3-PA,813,0,8,2110,0,2118,G
3-PA,814,2116,2,0,1,2119,A
3-PA,815,2114,0,0,0,2114,A
3-PA,816,0,2123,0,0,2123,T
3-PA,817,0,7,2097,0,2104,G
3-PA,818,0,5,2102,1,2108,G
3-PA,819,2104,0,1,6,2111,A
3-PA,820,0,0,0,2124,2124,C
3-PA,821,8,0,1,2105,2114,C
3-PA,822,1,2156,0,1,2158,T
3-PA,823,6,1,0,2211,2218,C
3-PA,824,3,0,0,2220,2223,C
3-PA,825,0,2225,0,2,2227,T
3-PA,826,0,2234,0,1,2235,T
3-PA,827,1,2,2350,1,2354,G
3-PA,828,1,2326,0,4,2331,T
3-PA,829,0,2327,1,2,2330,T
3-PA,830,2324,0,3,0,2327,A
3-PA,831,0,2248,0,1,2249,T
3-PA,832,7,0,0,2224,2231,C
3-PA,833,2184,0,3,0,2187,A
3-PA,834,0,1,2194,1,2196,G
3-PA,835,3,3,0,2184,2190,C
3-PA,836,0,11,2112,0,2123,G
3-PA,837,1,2,2178,0,2181,G
3-PA,838,0,2179,0,6,2185,T
3-PA,839,13,2,0,2171,2186,C
3-PA,840,3,0,0,2187,2190,C
3-PA,841,2190,0,2,1,2193,A
3-PA,842,2200,0,1,0,2201,A
3-PA,843,2202,0,0,1,2203,A
3-PA,844,0,2207,0,1,2208,T
3-PA,845,0,2200,0,2,2202,T
3-PA,846,6,1,0,2197,2204,C
3-PA,847,6,0,0,2177,2183,C
3-PA,848,1,2180,0,1,2182,T
3-PA,849,7,0,0,2192,2199,C
3-PA,850,4,0,0,2201,2205,C
3-PA,851,0,2192,0,1,2193,T
3-PA,852,0,8,2209,0,2217,G
3-PA,853,2208,0,0,0,2208,A
3-PA,854,0,2208,0,1,2209,T
3-PA,855,0,10,2179,0,2189,G
3-PA,856,0,4,2158,0,2162,G
3-PA,857,2158,0,2,0,2160,A
3-PA,858,1,2145,0,0,2146,T
3-PA,859,0,3,2138,0,2141,G
3-PA,860,1,0,0,2217,2218,C
3-PA,861,0,2210,0,0,2210,T
3-PA,862,0,2221,0,1,2222,T
3-PA,863,1,2215,0,0,2216,T
3-PA,864,2220,1,0,0,2221,A
3-PA,865,2234,0,0,1,2235,A
3-PA,866,2234,0,0,0,2234,A
3-PA,867,2239,1,0,0,2240,A
3-PA,868,0,2234,0,1,2235,T
3-PA,869,0,2108,0,1,2109,T
3-PA,870,1,26,2086,0,2113,G
3-PA,871,2100,0,7,0,2107,A
3-PA,872,0,0,2133,0,2133,G
3-PA,873,0,0,0,2133,2133,C
3-PA,874,2124,1,1,0,2126,A
3-PA,875,0,2169,1,0,2170,T
3-PA,876,0,2168,0,0,2168,T
3-PA,877,2,9,2155,0,2166,G
3-PA,878,2171,0,1,0,2172,A
3-PA,879,2163,0,3,1,2167,A
3-PA,880,1,16,2158,0,2175,G
3-PA,881,2149,0,2,0,2151,A
3-PA,882,3,2,0,2151,2156,C
3-PA,883,9,0,0,2145,2154,C
3-PA,884,7,0,0,2108,2115,C
3-PA,885,2112,1,0,0,2113,A
3-PA,886,2121,0,1,1,2123,A
3-PA,887,1,1,2137,0,2139,G
3-PA,888,0,2133,1,2,2136,T
3-PA,889,13,0,0,2119,2132,C
3-PA,890,2129,0,2,0,2131,A
3-PA,891,2,1,0,2128,2131,C
3-PA,892,1,3,2121,0,2125,G
3-PA,893,2168,1,2,0,2171,A
3-PA,894,2161,0,2,0,2163,A
3-PA,895,0,6,2211,0,2217,G
3-PA,896,0,8,2201,0,2209,G
3-PA,897,2207,0,2,0,2209,A
3-PA,898,0,6,2232,0,2238,G
3-PA,899,2231,1,1,0,2233,A
3-PA,900,2220,1,3,0,2224,A
3-PA,901,0,10,2223,0,2233,G
3-PA,902,0,6,2196,1,2203,G
3-PA,903,1,12,2198,0,2211,G
3-PA,904,2138,0,6,0,2144,A
3-PA,905,5,2129,1,2,2137,T
3-PA,906,8,0,0,2141,2149,C
3-PA,907,14,0,0,2307,2321,C
3-PA,908,14,0,1,2335,2350,C
3-PA,909,2373,0,1,0,2374,A
3-PA,910,0,2377,0,1,2378,T
3-PA,911,0,2372,0,1,2373,T
3-PA,912,2421,0,2,0,2423,A
3-PA,913,1,2419,0,1,2421,T
3-PA,914,2406,0,0,0,2406,A
3-PA,915,0,2396,0,0,2396,T
3-PA,916,0,8,2140,0,2148,G
3-PA,917,2134,0,2,0,2136,A
3-PA,918,0,2093,0,0,2093,T
3-PA,919,1,1,2111,0,2113,G
3-PA,920,0,0,2,2084,2086,C
3-PA,921,2,6,2065,0,2073,G
3-PA,922,2083,0,1,0,2084,A
3-PA,923,1,2081,0,0,2082,T
3-PA,924,8,14,0,2061,2083,C
3-PA,925,2087,0,0,0,2087,A
3-PA,926,2068,1,2,0,2071,A
3-PA,927,2,3,2076,0,2081,G
3-PA,928,0,2049,0,2,2051,T
3-PA,929,1,5,2061,1,2068,G
3-PA,930,1,2,0,2074,2077,C
3-PA,931,2073,1,4,0,2078,A
3-PA,932,0,2081,0,1,2082,T
3-PA,933,2070,0,2,0,2072,A
3-PA,934,2100,0,1,0,2101,A
3-PA,935,2100,0,1,0,2101,A
3-PA,936,2082,0,1,0,2083,A
3-PA,937,2090,0,1,0,2091,A
3-PA,938,0,1,0,2089,2090,C
3-PA,939,2065,1,1,0,2067,A
3-PA,940,0,2070,0,0,2070,T
3-PA,941,0,2077,0,0,2077,T
3-PA,942,4,0,0,2086,2090,C
3-PA,943,0,2063,0,0,2063,T
3-PA,944,1,2061,0,0,2062,T
3-PA,945,0,2061,0,0,2061,T
3-PA,946,1,13,2055,0,2069,G
3-PA,947,1,2,2072,0,2075,G
3-PA,948,2072,0,3,0,2075,A
3-PA,949,0,2068,0,1,2069,T
3-PA,950,9,6,2067,1,2083,G
3-PA,951,0,3,2111,0,2114,G
3-PA,952,2120,0,1,0,2121,A
3-PA,953,2121,0,0,0,2121,A
3-PA,954,2118,0,4,0,2122,A
3-PA,955,0,6,2143,1,2150,G
3-PA,956,2137,0,1,0,2138,A
3-PA,957,2326,0,2,0,2328,A
3-PA,958,4,1,1,2348,2354,C
3-PA,959,7,0,0,2356,2363,C
3-PA,960,0,2345,1,0,2346,T
3-PA,961,0,2391,0,0,2391,T
3-PA,962,2379,1,29,0,2409,A
3-PA,963,0,2409,0,0,2409,T
3-PA,964,2372,0,4,0,2376,A
3-PA,965,0,2410,0,0,2410,T
3-PA,966,2184,0,0,0,2184,A
3-PA,967,8,1,2188,1,2198,G
3-PA,968,0,2172,0,1,2173,T
3-PA,969,4,0,0,2165,2169,C
3-PA,970,2145,0,1,0,2146,A
3-PA,971,2154,0,0,0,2154,A
3-PA,972,2155,0,0,0,2155,A
3-PA,973,4,0,0,2160,2164,C
3-PA,974,8,1,1,2122,2132,C
3-PA,975,2106,0,3,0,2109,A
3-PA,976,2,0,1,2117,2120,C
3-PA,977,2118,0,5,0,2123,A
3-PA,978,0,1,0,2137,2138,C
3-PA,979,1,9,2130,0,2140,G
3-PA,980,2129,0,0,0,2129,A
3-PA,981,2132,1,0,0,2133,A
3-PA,982,2115,1,4,0,2120,A
3-PA,983,2123,0,2,0,2125,A
3-PA,984,0,14,2117,1,2132,G
3-PA,985,0,17,2087,0,2104,G
3-PA,986,0,18,2115,0,2133,G
3-PA,987,2129,0,1,0,2130,A
3-PA,988,2129,1,2,0,2132,A
3-PA,989,0,2132,0,0,2132,T
3-PA,990,2130,0,1,0,2131,A
3-PA,991,2135,1,1,0,2137,A
3-PA,992,2141,0,1,0,2142,A
3-PA,993,0,2125,0,1,2126,T
3-PA,994,0,2124,0,0,2124,T
3-PA,995,14,0,0,2118,2132,C
3-PA,996,2132,1,2,1,2136,A
3-PA,997,2134,0,2,0,2136,A
3-PA,998,2142,1,0,0,2143,A
3-PA,999,0,2143,1,2,2146,T
3-PA,1000,0,2153,0,0,2153,T
3-PA,1001,2175,1,1,0,2177,A
3-PA,1002,2,0,0,2176,2178,C
3-PA,1003,0,2,0,2184,2186,C
3-PA,1004,1,2172,0,0,2173,T
3-PA,1005,3,4,2191,0,2198,G
3-PA,1006,0,1,0,2202,2203,C
3-PA,1007,0,2197,0,1,2198,T
3-PA,1008,8,2,2239,0,2249,G
3-PA,1009,44,2201,0,1,2246,T
3-PA,1010,17,1,0,2240,2258,C
3-PA,1011,2265,1,1,1,2268,A
3-PA,1012,0,2264,0,0,2264,T
3-PA,1013,1,6,2255,0,2262,G
3-PA,1014,1,6,2249,0,2256,G
3-PA,1015,2255,1,1,0,2257,A
3-PA,1016,2316,0,4,0,2320,A
3-PA,1017,0,0,2308,0,2308,G
3-PA,1018,2,0,0,2305,2307,C
3-PA,1019,2301,0,0,0,2301,A
3-PA,1020,2314,0,2,0,2316,A
3-PA,1021,0,3,2333,1,2337,G
3-PA,1022,1,2333,0,0,2334,T
3-PA,1023,2327,0,0,0,2327,A
3-PA,1024,2,0,0,2330,2332,C
3-PA,1025,0,2282,1,1,2284,T
3-PA,1026,0,2,2304,0,2306,G
3-PA,1027,0,2286,0,1,2287,T
3-PA,1028,11,0,0,2292,2303,C
3-PA,1029,2292,0,1,1,2294,A
3-PA,1030,0,7,2312,0,2319,G
3-PA,1031,2309,0,1,0,2310,A
3-PA,1032,2318,0,2,0,2320,A
3-PA,1033,0,2359,0,0,2359,T
3-PA,1034,3,2337,0,2,2342,T
3-PA,1035,0,0,2341,0,2341,G
3-PA,1036,1,1,1,2327,2330,C
3-PA,1037,2325,0,6,0,2331,A
3-PA,1038,1,6,2330,0,2337,G
3-PA,1039,2,5,2318,0,2325,G
3-PA,1040,2331,1,1,0,2333,A
3-PA,1041,0,1,0,2355,2356,C
3-PA,1042,2301,1,2,1,2305,A
3-PA,1043,0,2324,0,0,2324,T
3-PA,1044,0,2315,0,1,2316,T
3-PA,1045,1,8,2330,0,2339,G
3-PA,1046,2341,1,0,0,2342,A
3-PA,1047,2332,1,0,0,2333,A
3-PA,1048,2332,0,0,0,2332,A
3-PA,1049,2330,0,0,0,2330,A
3-PA,1050,0,2306,0,1,2307,T
3-PA,1051,2,6,2317,0,2325,G
3-PA,1052,2313,0,1,0,2314,A
3-PA,1053,0,5,2321,0,2326,G
3-PA,1054,0,13,2315,0,2328,G
3-PA,1055,2317,0,2,1,2320,A
3-PA,1056,0,3,2324,0,2327,G
3-PA,1057,2327,0,1,1,2329,A
3-PA,1058,2320,0,0,0,2320,A
3-PA,1059,0,5,2314,0,2319,G
3-PA,1060,0,1,2277,0,2278,G
3-PA,1061,0,2384,1,3,2388,T
3-PA,1062,0,2394,0,2,2396,T
3-PA,1063,8,0,0,2384,2392,C
3-PA,1064,6,0,0,2391,2397,C
3-PA,1065,2397,1,0,0,2398,A
3-PA,1066,2397,0,0,0,2397,A
3-PA,1067,8,12,2405,0,2425,G
3-PA,1068,0,11,2448,0,2459,G
3-PA,1069,2408,0,1,0,2409,A
3-PA,1070,1,0,0,2424,2425,C
3-PA,1071,1,2418,0,0,2419,T
3-PA,1072,2419,0,2,0,2421,A
3-PA,1073,2418,0,3,1,2422,A
3-PA,1074,2422,1,1,0,2424,A
3-PA,1075,2422,0,2,0,2424,A
3-PA,1076,2411,1,1,0,2413,A
3-PA,1077,4,1,0,2394,2399,C
3-PA,1078,2380,1,1,0,2382,A
3-PA,1079,0,2375,0,0,2375,T
3-PA,1080,0,5,2390,0,2395,G
3-PA,1081,2394,0,2,0,2396,A
3-PA,1082,2396,0,2,0,2398,A
3-PA,1083,0,11,2412,0,2423,G
3-PA,1084,2416,2,0,0,2418,A
3-PA,1085,2416,0,0,1,2417,A
3-PA,1086,2407,0,2,0,2409,A
3-PA,1087,2400,1,1,8,2410,A
3-PA,1088,3,1,0,2419,2423,C
3-PA,1089,0,17,2390,0,2407,G
3-PA,1090,2418,1,2,0,2421,A
3-PA,1091,2,0,2424,0,2426,G
3-PA,1092,0,2415,0,0,2415,T
3-PA,1093,10,1,0,2462,2473,C
3-PA,1094,2477,0,0,0,2477,A
3-PA,1095,2522,0,2,1,2525,A
3-PA,1096,3,0,0,2523,2526,C
3-PA,1097,0,2510,0,1,2511,T
3-PA,1098,0,12,2544,0,2556,G
3-PA,1099,2548,1,2,0,2551,A
3-PA,1100,2561,0,1,0,2562,A
3-PA,1101,0,2,2560,0,2562,G
3-PA,1102,0,2506,0,0,2506,T
3-PA,1103,2,14,2491,1,2508,G
3-PA,1104,0,4,2482,0,2486,G
3-PA,1105,2,5,2479,1,2487,G
3-PA,1106,0,0,0,2492,2492,C
3-PA,1107,0,2463,1,3,2467,T
3-PA,1108,9,1,0,2477,2487,C
3-PA,1109,2,2480,0,1,2483,T
3-PA,1110,0,2485,0,2,2487,T
3-PA,1111,0,9,2512,1,2522,G
3-PA,1112,1,4,2533,0,2538,G
3-PA,1113,1,2534,0,2,2537,T
3-PA,1114,0,7,2538,0,2545,G
3-PA,1115,2527,0,0,1,2528,A
3-PA,1116,2544,0,0,0,2544,A
3-PA,1117,2522,0,5,0,2527,A
3-PA,1118,2543,1,2,0,2546,A
3-PA,1119,2,0,0,2548,2550,C
3-PA,1120,2522,0,0,0,2522,A
3-PA,1121,0,2517,0,2,2519,T
3-PA,1122,0,15,2497,1,2513,G
3-PA,1123,1,2,2542,0,2545,G
3-PA,1124,2,1,0,2557,2560,C
3-PA,1125,2558,1,1,0,2560,A
3-PA,1126,4,7,0,2555,2566,C
3-PA,1127,8,1,1,2567,2577,C
3-PA,1128,2600,1,2,2,2605,A
3-PA,1129,0,13,2626,0,2639,G
3-PA,1130,2627,0,1,0,2628,A
3-PA,1131,6,2,2644,1,2653,G
3-PA,1132,2643,1,1,0,2645,A
3-PA,1133,2644,1,1,0,2646,A
3-PA,1134,0,12,2645,0,2657,G
3-PA,1135,0,2,2647,0,2649,G
3-PA,1136,0,2638,0,0,2638,T
3-PA,1137,2604,1,1,0,2606,A
3-PA,1138,1,15,2593,0,2609,G
3-PA,1139,2608,1,2,0,2611,A
3-PA,1140,2,1,0,2630,2633,C
3-PA,1141,0,2590,0,1,2591,T
3-PA,1142,1,2578,0,2,2581,T
3-PA,1143,0,2589,1,0,2590,T
3-PA,1144,1,14,2587,0,2602,G
3-PA,1145,2595,0,0,0,2595,A
3-PA,1146,2601,0,1,1,2603,A
3-PA,1147,2597,0,1,0,2598,A
3-PA,1148,2589,0,0,2,2591,A
3-PA,1149,1,0,0,2642,2643,C
3-PA,1150,0,2617,0,1,2618,T
3-PA,1151,1,0,2661,0,2662,G
3-PA,1152,1,1,0,2655,2657,C
3-PA,1153,2656,0,4,0,2660,A
3-PA,1154,0,8,2653,0,2661,G
3-PA,1155,2645,1,2,2,2650,A
3-PA,1156,0,8,2736,0,2744,G
3-PA,1157,2748,0,0,0,2748,A
3-PA,1158,1,3,0,2737,2741,C
3-PA,1159,2731,2,1,0,2734,A
3-PA,1160,1,2710,0,0,2711,T
3-PA,1161,2714,0,0,0,2714,A
3-PA,1162,2711,1,2,0,2714,A
3-PA,1163,1,0,2708,0,2709,G
3-PA,1164,1,1,0,2708,2710,C
3-PA,1165,0,21,2640,0,2661,G
3-PA,1166,2734,0,0,0,2734,A
3-PA,1167,0,2721,0,2,2723,T
3-PA,1168,0,2713,0,0,2713,T
3-PA,1169,0,2722,0,0,2722,T
3-PA,1170,2,10,2718,0,2730,G
3-PA,1171,2744,1,0,0,2745,A
3-PA,1172,2739,1,6,0,2746,A
3-PA,1173,0,0,2759,0,2759,G
3-PA,1174,2,0,0,2813,2815,C
3-PA,1175,2776,0,1,0,2777,A
3-PA,1176,2976,0,1,0,2977,A
3-PA,1177,1,2976,0,0,2977,T
3-PA,1178,2990,0,0,0,2990,A
3-PA,1179,0,2994,0,0,2994,T
3-PA,1180,2,5,3010,0,3017,G
3-PA,1181,3033,0,4,0,3037,A
3-PA,1182,0,3029,0,0,3029,T
3-PA,1183,2909,9,0,0,2918,A
3-PA,1184,0,8,2933,0,2941,G
3-PA,1185,0,2820,1,1,2822,T
3-PA,1186,1,15,2808,0,2824,G
3-PA,1187,2816,0,5,1,2822,A
3-PA,1188,0,5,0,2796,2801,C
3-PA,1189,0,20,2772,0,2792,G
3-PA,1190,2773,0,2,0,2775,A
3-PA,1191,2721,1,57,0,2779,A
3-PA,1192,3,1,0,2808,2812,C
3-PA,1193,7,0,0,2806,2813,C
3-PA,1194,0,2805,0,4,2809,T
3-PA,1195,1,17,2861,0,2879,G
3-PA,1196,2882,1,2,1,2886,A
3-PA,1197,2893,0,0,0,2893,A
3-PA,1198,0,2882,0,1,2883,T
3-PA,1199,0,2862,0,0,2862,T
3-PA,1200,2863,0,1,0,2864,A
3-PA,1201,2824,1,4,0,2829,A
3-PA,1202,1,7,2831,0,2839,G
3-PA,1203,1,4,2833,0,2838,G
3-PA,1204,0,2779,0,14,2793,T
3-PA,1205,21,0,0,2764,2785,C
3-PA,1206,2789,0,1,0,2790,A
3-PA,1207,2,3,0,2862,2867,C
3-PA,1208,0,2864,1,1,2866,T
3-PA,1209,0,2872,0,0,2872,T
3-PA,1210,0,2874,0,0,2874,T
3-PA,1211,8,0,0,2850,2858,C
3-PA,1212,2864,0,3,0,2867,A
3-PA,1213,2870,0,0,0,2870,A
3-PA,1214,0,1,2904,0,2905,G
3-PA,1215,2,0,1,2906,2909,C
3-PA,1216,0,2828,0,4,2832,T
3-PA,1217,2,7,2901,1,2911,G
3-PA,1218,0,6,2919,0,2925,G
3-PA,1219,2982,0,2,0,2984,A
3-PA,1220,1,3015,0,0,3016,T
3-PA,1221,3010,0,1,0,3011,A
3-PA,1222,2,1,0,3037,3040,C
3-PA,1223,2976,0,3,0,2979,A
3-PA,1224,0,5,3019,0,3024,G
3-PA,1225,3008,0,2,0,3010,A
3-PA,1226,2953,0,2,0,2955,A
3-PA,1227,0,2914,0,0,2914,T
3-PA,1228,0,20,2912,1,2933,G
3-PA,1229,2899,0,3,0,2902,A
3-PA,1230,1,2,2949,0,2952,G
3-PA,1231,0,2926,0,3,2929,T
3-PA,1232,1,2924,0,1,2926,T
3-PA,1233,14,1,2,2941,2958,C
3-PA,1234,2977,0,1,0,2978,A
3-PA,1235,2978,0,0,0,2978,A
3-PA,1236,2,1,0,2976,2979,C
3-PA,1237,2951,0,2,0,2953,A
3-PA,1238,2951,0,1,0,2952,A
3-PA,1239,0,14,2935,1,2950,G
3-PA,1240,1,2,2981,0,2984,G
3-PA,1241,3,0,0,2980,2983,C
3-PA,1242,13,1,0,2959,2973,C
3-PA,1243,0,2954,0,4,2958,T
3-PA,1244,0,0,2977,0,2977,G
3-PA,1245,1,2974,0,1,2976,T
3-PA,1246,1,21,2983,2,3007,G
3-PA,1247,3002,1,3,1,3007,A
3-PA,1248,1,1,2996,1,2999,G
3-PA,1249,1,0,1,2975,2977,C
3-PA,1250,0,2957,0,0,2957,T
3-PA,1251,3035,0,2,0,3037,A
3-PA,1252,3040,0,0,0,3040,A
3-PA,1253,2,0,0,3053,3055,C
3-PA,1254,0,3032,0,1,3033,T
3-PA,1255,0,22,3009,1,3032,G
3-PA,1256,3023,0,0,0,3023,A
3-PA,1257,0,3017,0,1,3018,T
3-PA,1258,2,3017,0,3,3022,T
3-PA,1259,19,0,0,3019,3038,C
3-PA,1260,3103,1,1,0,3105,A
3-PA,1261,0,3,3181,0,3184,G
3-PA,1262,2,3164,0,2,3168,T
3-PA,1263,11,0,0,3156,3167,C
3-PA,1264,0,3152,0,1,3153,T
3-PA,1265,2,11,3278,1,3292,G
3-PA,1266,3,9,3285,0,3297,G
3-PA,1267,3294,1,0,0,3295,A
3-PA,1268,1,3296,0,1,3298,T
3-PA,1269,3122,0,1,0,3123,A
3-PA,1270,1,12,3113,0,3126,G
3-PA,1271,3068,0,4,1,3073,A
3-PA,1272,1,2,3078,0,3081,G
3-PA,1273,1,0,1,3077,3079,C
3-PA,1274,0,2997,0,1,2998,T
3-PA,1275,11,0,0,2999,3010,C
3-PA,1276,2,10,3001,0,3013,G
3-PA,1277,3018,0,0,0,3018,A
3-PA,1278,2,3017,0,0,3019,T
3-PA,1279,1,13,2996,0,3010,G
3-PA,1280,3060,0,0,0,3060,A
3-PA,1281,3055,0,2,0,3057,A
3-PA,1282,3062,3,2,0,3067,A
3-PA,1283,0,3053,0,2,3055,T
3-PA,1284,0,3054,0,2,3056,T
3-PA,1285,26,5,3068,1,3100,G
3-PA,1286,18,13,3068,0,3099,G
3-PA,1287,3095,1,3,0,3099,A
3-PA,1288,1,7,3099,0,3107,G
3-PA,1289,3034,0,1,0,3035,A
3-PA,1290,0,7,3057,0,3064,G
3-PA,1291,1,8,3076,1,3086,G
3-PA,1292,3113,0,2,0,3115,A
3-PA,1293,2,2,0,3111,3115,C
3-PA,1294,2,4,3081,0,3087,G
3-PA,1295,1,3077,0,1,3079,T
3-PA,1296,3088,0,3,0,3091,A
3-PA,1297,0,0,3124,0,3124,G
3-PA,1298,3,2,0,3157,3162,C
3-PA,1299,10,0,0,3109,3119,C
3-PA,1300,17,0,0,3074,3091,C
3-PA,1301,20,1,1,3051,3073,C
3-PA,1302,3081,0,1,0,3082,A
3-PA,1303,3200,0,0,0,3200,A
3-PA,1304,0,3189,0,0,3189,T
3-PA,1305,1,3166,0,0,3167,T
3-PA,1306,0,15,3158,1,3174,G
3-PA,1307,3108,0,1,0,3109,A
3-PA,1308,0,1,3117,0,3118,G
3-PA,1309,6,0,0,3114,3120,C
3-PA,1310,3092,0,1,0,3093,A
3-PA,1311,1,0,0,3148,3149,C
3-PA,1312,3078,1,0,1,3080,A
3-PA,1313,0,3174,0,1,3175,T
3-PA,1314,1,3167,0,5,3173,T
3-PA,1315,1,1,3181,0,3183,G
3-PA,1316,3,1,0,3168,3172,C
3-PA,1317,3163,0,4,1,3168,A
3-PA,1318,3167,0,5,0,3172,A
3-PA,1319,0,2,3175,0,3177,G
3-PA,1320,3,2,0,3140,3145,C
3-PA,1321,3143,0,0,0,3143,A
3-PA,1322,0,3046,0,2,3048,T
3-PA,1323,1,22,3032,0,3055,G
3-PA,1324,3041,1,0,0,3042,A
3-PA,1325,0,3,3056,0,3059,G
3-PA,1326,3053,1,1,0,3055,A
3-PA,1327,3047,0,2,0,3049,A
3-PA,1328,1,12,3036,0,3049,G
3-PA,1329,2,15,3045,0,3062,G
3-PA,1330,3058,0,1,0,3059,A
3-PA,1331,3063,0,0,2,3065,A
3-PA,1332,0,3062,0,1,3063,T
3-PA,1333,0,3062,0,1,3063,T
3-PA,1334,3053,1,19,0,3073,A
3-PA,1335,0,3083,1,1,3085,T
3-PA,1336,1,3081,0,1,3083,T
3-PA,1337,0,3086,0,3,3089,T
3-PA,1338,9,1,0,3059,3069,C
3-PA,1339,3059,0,1,0,3060,A
3-PA,1340,9,0,0,3120,3129,C
3-PA,1341,3114,0,2,0,3116,A
3-PA,1342,0,1,3143,0,3144,G
3-PA,1343,0,1,0,3139,3140,C
3-PA,1344,3118,0,1,0,3119,A
3-PA,1345,0,6,3128,0,3134,G
3-PA,1346,3121,0,2,0,3123,A
3-PA,1347,1,5,3130,0,3136,G
3-PA,1348,2,0,3150,0,3152,G
3-PA,1349,1,3042,0,4,3047,T
3-PA,1350,2,0,3123,0,3125,G
3-PA,1351,0,3090,0,2,3092,T
3-PA,1352,13,0,0,3087,3100,C
3-PA,1353,12,0,2,3114,3128,C
3-PA,1354,17,0,0,3097,3114,C
3-PA,1355,3144,0,0,0,3144,A
3-PA,1356,2,3169,0,7,3178,T
3-PA,1357,0,3132,0,0,3132,T
3-PA,1358,0,6,3147,0,3153,G
3-PA,1359,0,3097,0,1,3098,T
3-PA,1360,3040,0,0,0,3040,A
3-PA,1361,0,9,3040,0,3049,G
3-PA,1362,2969,0,0,0,2969,A
3-PA,1363,0,1,2984,0,2985,G
3-PA,1364,4,1,0,2913,2918,C
3-PA,1365,15,1,0,2847,2863,C
3-PA,1366,2917,0,1,0,2918,A
3-PA,1367,3,0,0,2924,2927,C
3-PA,1368,0,2909,1,0,2910,T
3-PA,1369,0,15,2896,0,2911,G
3-PA,1370,2899,1,0,0,2900,A
3-PA,1371,2845,1,3,0,2849,A
3-PA,1372,0,2937,0,1,2938,T
3-PA,1373,2973,0,2,0,2975,A
3-PA,1374,1,1,0,3008,3010,C
3-PA,1375,2930,2,4,0,2936,A
3-PA,1376,1,2942,0,0,2943,T
3-PA,1377,2912,0,1,0,2913,A
3-PA,1378,2907,0,1,1,2909,A
3-PA,1379,0,2902,0,2,2904,T
3-PA,1380,0,7,2849,0,2856,G
3-PA,1381,2835,1,0,0,2836,A
3-PA,1382,2788,0,1,0,2789,A
3-PA,1383,10,17,2774,0,2801,G
3-PA,1384,1,13,2776,0,2790,G
3-PA,1385,0,10,2800,0,2810,G
3-PA,1386,1,12,2794,1,2808,G
3-PA,1387,4,2,2835,0,2841,G
3-PA,1388,0,2797,1,0,2798,T
3-PA,1389,2807,0,1,0,2808,A
3-PA,1390,1,2819,0,1,2821,T
3-PA,1391,2837,0,0,0,2837,A
3-PA,1392,4,1,0,3077,3082,C
3-PA,1393,2980,0,0,0,2980,A
3-PA,1394,0,2927,2,0,2929,T
3-PA,1395,0,2875,1,0,2876,T
3-PA,1396,2839,1,1,0,2841,A
3-PA,1397,2899,0,0,0,2899,A
3-PA,1398,4,0,0,2893,2897,C
3-PA,1399,2845,1,0,1,2847,A
3-PA,1400,1,1,1,2846,2849,C
3-PA,1401,0,2522,0,0,2522,T
3-PA,1402,3,4,2636,0,2643,G
3-PA,1403,4,1,0,2629,2634,C
3-PA,1404,16,0,0,2614,2630,C
3-PA,1405,7,0,1,2633,2641,C
3-PA,1406,0,2558,0,1,2559,T
3-PA,1407,1,1,2635,0,2637,G
3-PA,1408,2,0,0,2643,2645,C
3-PA,1409,0,2637,0,1,2638,T
3-PA,1410,19,0,0,2685,2704,C
3-PA,1411,2559,0,2,0,2561,A
3-PA,1412,2590,0,1,0,2591,A
3-PA,1413,0,2595,1,0,2596,T
3-PA,1414,1,2,2589,0,2592,G
3-PA,1415,4,3,0,2580,2587,C
3-PA,1416,2521,0,3,0,2524,A
3-PA,1417,1,2513,1,2,2517,T
3-PA,1418,2,1,0,2507,2510,C
3-PA,1419,7,1,0,2523,2531,C
3-PA,1420,0,2424,1,0,2425,T
3-PA,1421,0,0,2492,0,2492,G
3-PA,1422,0,2489,1,4,2494,T
3-PA,1423,0,2,2487,0,2489,G
3-PA,1424,4,3,0,2482,2489,C
3-PA,1425,2426,0,2,0,2428,A
3-PA,1426,0,2,2456,0,2458,G
3-PA,1427,1,2,1,2447,2451,C
3-PA,1428,2412,0,1,0,2413,A
3-PA,1429,2414,0,0,0,2414,A
3-PA,1430,0,2285,0,1,2286,T
3-PA,1431,1,5,2280,0,2286,G
3-PA,1432,2,4,2281,0,2287,G
3-PA,1433,2282,0,0,0,2282,A
3-PA,1434,1,3,0,2276,2280,C
3-PA,1435,15,11,2219,0,2245,G
3-PA,1436,2278,0,0,0,2278,A
3-PA,1437,0,2273,0,0,2273,T
3-PA,1438,0,2271,0,1,2272,T
3-PA,1439,0,2274,0,0,2274,T
3-PA,1440,0,2266,0,1,2267,T
3-PA,1441,9,0,0,2268,2277,C
3-PA,1442,2278,0,0,0,2278,A
3-PA,1443,2280,0,0,0,2280,A
3-PA,1444,1,0,0,2285,2286,C
3-PA,1445,0,2249,0,1,2250,T
3-PA,1446,2251,0,1,0,2252,A
3-PA,1447,2248,0,0,0,2248,A
3-PA,1448,0,2252,0,2,2254,T
3-PA,1449,0,2254,0,1,2255,T
3-PA,1450,6,0,0,2253,2259,C
3-PA,1451,4,2,0,2248,2254,C
3-PA,1452,12,1,1,2233,2247,C
3-PA,1453,2243,0,1,0,2244,A
3-PA,1454,0,2276,0,1,2277,T
3-PA,1455,1,13,2264,0,2278,G
3-PA,1456,2277,1,1,0,2279,A
3-PA,1457,0,2266,0,1,2267,T
3-PA,1458,2259,0,0,0,2259,A
3-PA,1459,2267,0,1,0,2268,A
3-PA,1460,1,2,2268,0,2271,G
3-PA,1461,1,0,0,2268,2269,C
3-PA,1462,2251,0,1,0,2252,A
3-PA,1463,2179,0,3,0,2182,A
3-PA,1464,0,0,2213,0,2213,G
3-PA,1465,0,2192,0,1,2193,T
3-PA,1466,0,4,2190,0,2194,G
3-PA,1467,4,0,0,2187,2191,C
3-PA,1468,2150,1,2,0,2153,A
3-PA,1469,0,9,2194,0,2203,G
3-PA,1470,2195,0,0,0,2195,A
3-PA,1471,2219,0,0,0,2219,A
3-PA,1472,0,1,0,2233,2234,C
3-PA,1473,0,2169,0,3,2172,T
3-PA,1474,2182,1,0,0,2183,A
3-PA,1475,2184,0,1,0,2185,A
3-PA,1476,2177,0,3,0,2180,A
3-PA,1477,0,12,2176,0,2188,G
3-PA,1478,2082,0,1,0,2083,A
3-PA,1479,0,3,2080,0,2083,G
3-PA,1480,1,6,2027,0,2034,G
3-PA,1481,0,3,2024,0,2027,G
3-PA,1482,2005,1,2,0,2008,A
3-PA,1483,1958,1,1,0,1960,A
3-PA,1484,0,5,1950,0,1955,G
3-PA,1485,1,2,1950,0,1953,G
3-PA,1486,1,0,0,1951,1952,C
3-PA,1487,2,14,1934,0,1950,G
3-PA,1488,1942,0,2,0,1944,A
3-PA,1489,1946,0,2,0,1948,A
3-PA,1490,1945,0,1,0,1946,A
3-PA,1491,1947,0,0,0,1947,A
3-PA,1492,1941,0,2,0,1943,A
3-PA,1493,2,0,0,1947,1949,C
3-PA,1494,12,1,0,1917,1930,C
3-PA,1495,1943,0,0,0,1943,A
3-PA,1496,1960,1,1,1,1963,A
3-PA,1497,0,1959,0,1,1960,T
3-PA,1498,0,1961,0,0,1961,T
3-PA,1499,0,1970,0,2,1972,T
3-PA,1500,1972,0,0,0,1972,A
3-PA,1501,0,1965,1,2,1968,T
3-PA,1502,1959,0,1,0,1960,A
3-PA,1503,1,1953,0,0,1954,T
3-PA,1504,0,2,1931,0,1933,G
3-PA,1505,1,7,1892,0,1900,G
3-PA,1506,1898,1,1,0,1900,A
3-PA,1507,0,1886,1,0,1887,T
3-PA,1508,1,1867,1,1,1870,T
3-PA,1509,14,0,0,1859,1873,C
3-PA,1510,1872,0,0,0,1872,A
3-PA,1511,0,1887,0,6,1893,T
3-PA,1512,9,0,1,1887,1897,C
3-PA,1513,1899,0,0,0,1899,A
3-PA,1514,0,1879,0,0,1879,T
3-PA,1515,1854,0,0,0,1854,A
3-PA,1516,1854,1,0,0,1855,A
3-PA,1517,1851,0,1,0,1852,A
3-PA,1518,0,4,1843,0,1847,G
3-PA,1519,1,5,1803,0,1809,G
3-PA,1520,0,2,1782,0,1784,G
3-PA,1521,1768,1,0,0,1769,A
3-PA,1522,1754,0,2,0,1756,A
3-PA,1523,1,7,1751,0,1759,G
3-PA,1524,1736,0,0,0,1736,A
3-PA,1525,1,1733,0,1,1735,T
3-PA,1526,6,0,0,1723,1729,C
3-PA,1527,0,1693,0,1,1694,T
3-PA,1528,13,1,0,1708,1722,C
3-PA,1529,1714,0,0,0,1714,A
3-PA,1530,0,1712,0,5,1717,T
3-PA,1531,1,1714,1,0,1716,T
3-PA,1532,0,1687,0,1,1688,T
3-PA,1533,1680,0,0,0,1680,A
3-PA,1534,1676,0,0,0,1676,A
3-PA,1535,0,2,1677,1,1680,G
3-PA,1536,0,6,1685,1,1692,G
3-PA,1537,1565,0,1,0,1566,A
3-PA,1538,1571,0,2,1,1574,A
3-PA,1539,0,1572,1,2,1575,T
3-PA,1540,0,9,1572,0,1581,G
3-PA,1541,1618,0,0,0,1618,A
3-PA,1542,2,1,0,1615,1618,C
3-PA,1543,1604,0,0,0,1604,A
3-PA,1544,0,0,7,1594,1601,C
3-PA,1545,1535,0,3,0,1538,A
3-PA,1546,0,4,1538,0,1542,G
3-PA,1547,1532,0,0,0,1532,A
3-PA,1548,1,1,0,1494,1496,C
3-PA,1549,0,1,1468,0,1469,G
3-PA,1550,0,1315,0,1,1316,T
3-PA,1551,0,5,1307,0,1312,G
3-PA,1552,0,1,1322,0,1323,G
3-PA,1553,1,1318,0,0,1319,T
3-PA,1554,1322,0,0,0,1322,A
3-PA,1555,1287,0,0,1,1288,A
3-PA,1556,1287,1,0,0,1288,A
3-PA,1557,0,1279,0,1,1280,T
3-PA,1558,0,1267,0,0,1267,T
3-PA,1559,0,1262,0,0,1262,T
3-PA,1560,1,1245,0,0,1246,T
3-PA,1561,2,1,1245,0,1248,G
3-PA,1562,0,1234,0,0,1234,T
3-PA,1563,0,11,1225,0,1236,G
3-PA,1564,1222,1,0,1,1224,A
3-PA,1565,0,1,1225,0,1226,G
3-PA,1566,4,0,0,1213,1217,C
3-PA,1567,1216,0,0,0,1216,A
3-PA,1568,0,1213,0,1,1214,T
3-PA,1569,2,3,1209,0,1214,G
3-PA,1570,1,2,1213,0,1216,G
3-PA,1571,1216,0,0,0,1216,A
3-PA,1572,1,1,1221,0,1223,G
3-PA,1573,0,1188,7,2,1197,T
3-PA,1574,0,1178,0,1,1179,T
3-PA,1575,0,1184,0,0,1184,T
3-PA,1576,0,1179,0,1,1180,T
3-PA,1577,1,1,0,1178,1180,C
3-PA,1578,0,1171,0,0,1171,T
3-PA,1579,3,1,1,1163,1168,C
3-PA,1580,0,1123,0,0,1123,T
3-PA,1581,6,0,0,1111,1117,C
3-PA,1582,1113,0,1,0,1114,A
3-PA,1583,1,0,0,1110,1111,C
3-PA,1584,1,1071,0,0,1072,T
3-PA,1585,1,2,1073,0,1076,G
3-PA,1586,1069,0,0,0,1069,A
3-PA,1587,3,0,0,1072,1075,C
3-PA,1588,6,0,0,1049,1055,C
3-PA,1589,8,0,0,1035,1043,C
3-PA,1590,0,4,1032,0,1036,G
3-PA,1591,1027,0,1,0,1028,A
3-PA,1592,0,1,1033,0,1034,G
3-PA,1593,1035,0,0,0,1035,A
3-PA,1594,1,0,1,999,1001,C
3-PA,1595,0,976,0,0,976,T
3-PA,1596,0,894,0,0,894,T
3-PA,1597,0,5,888,0,893,G
3-PA,1598,886,0,1,0,887,A
3-PA,1599,0,0,890,0,890,G
3-PA,1600,0,0,0,883,883,C
3-PA,1601,2,1,0,831,834,C
3-PA,1602,828,0,0,0,828,A
3-PA,1603,0,0,0,821,821,C
3-PA,1604,819,0,0,0,819,A
3-PA,1605,1,819,0,0,820,T
3-PA,1606,805,0,0,0,805,A
3-PA,1607,798,0,0,0,798,A
3-PA,1608,792,0,0,0,792,A
3-PA,1609,0,783,0,0,783,T
3-PA,1610,2,1,772,0,775,G
3-PA,1611,0,1,640,0,641,G
3-PA,1612,0,2,634,0,636,G
3-PA,1613,606,0,0,0,606,A
3-PA,1614,0,1,598,0,599,G
3-PA,1615,581,0,0,0,581,A
3-PA,1616,573,0,0,0,573,A
3-PA,1617,576,0,0,0,576,A
3-PA,1618,0,573,0,0,573,T
3-PA,1619,555,0,0,0,555,A
3-PA,1620,1,103,0,439,543,C
3-PA,1621,1,318,0,0,319,T
3-PA,1622,2,1,318,0,321,G
3-PA,1623,0,223,0,0,223,T
3-PA,1624,0,0,224,0,224,G
3-PA,1625,0,196,0,0,196,T
3-PA,1626,0,0,0,134,134,C
3-PA,1627,0,0,0,125,125,C
3-PA,1628,0,113,0,0,113,T
3-PA,1629,0,113,0,0,113,T
3-PA,1630,0,0,115,0,115,G
3-PA,1631,116,0,0,0,116,A
3-PA,1632,0,0,116,0,116,G
3-PA,1633,114,0,0,0,114,A
3-PA,1634,0,113,0,0,113,T
3-PA,1635,114,0,0,0,114,A
3-PA,1636,0,0,117,0,117,G
3-PA,1637,0,0,119,0,119,G
3-PA,1638,118,0,0,0,118,A
3-PA,1639,0,0,117,0,117,G
3-PA,1640,115,0,0,0,115,A
3-PA,1641,0,115,0,0,115,T
3-PA,1642,115,0,0,0,115,A
3-PA,1643,0,116,0,0,116,T
3-PA,1644,0,1,117,0,118,G
3-PA,1645,0,119,0,0,119,T
3-PA,1646,0,118,0,0,118,T
3-PA,1647,122,0,0,0,122,A
3-PA,1648,0,0,0,122,122,C
3-PA,1649,0,121,0,0,121,T
3-PA,1650,120,0,0,0,120,A
3-PA,1651,120,0,0,0,120,A
3-PA,1652,0,0,122,0,122,G
3-PA,1653,121,0,0,0,121,A
3-PA,1654,118,0,0,0,118,A
3-PA,1655,0,0,116,0,116,G
3-PA,1656,0,119,0,0,119,T
3-PA,1657,1,0,119,0,120,G
3-PA,1658,0,0,0,121,121,C
3-PA,1659,0,0,0,121,121,C
3-PA,1660,121,0,0,0,121,A
3-PA,1661,0,122,0,0,122,T
3-PA,1662,123,0,0,0,123,A
3-PA,1663,0,0,123,0,123,G
3-PA,1664,0,0,122,0,122,G
3-PA,1665,0,0,0,121,121,C
3-PA,1666,0,0,0,122,122,C
3-PA,1667,122,0,0,0,122,A
3-PA,1668,121,0,0,0,121,A
3-PA,1669,122,0,0,0,122,A
3-PA,1670,0,127,0,0,127,T
3-PA,1671,0,126,0,0,126,T
3-PA,1672,0,126,0,0,126,T
3-PA,1673,0,0,0,127,127,C
3-PA,1674,125,0,0,0,125,A
3-PA,1675,125,0,0,0,125,A
3-PA,1676,0,0,125,0,125,G
3-PA,1677,0,0,124,0,124,G
3-PA,1678,0,0,0,125,125,C
3-PA,1679,1,0,0,121,122,C
3-PA,1680,0,0,122,0,122,G
3-PA,1681,122,0,0,0,122,A
3-PA,1682,0,122,0,0,122,T
3-PA,1683,1,1,123,0,125,G
3-PA,1684,0,125,0,0,125,T
3-PA,1685,0,124,0,0,124,T
3-PA,1686,2,0,0,122,124,C
3-PA,1687,0,124,0,1,125,T
3-PA,1688,0,126,0,0,126,T
3-PA,1689,0,0,126,0,126,G
3-PA,1690,0,121,0,0,121,T
3-PA,1691,122,0,0,0,122,A
3-PA,1692,0,120,0,0,120,T
3-PA,1693,0,0,120,0,120,G
3-PA,1694,0,116,0,0,116,T
3-PA,1695,0,0,117,0,117,G
3-PA,1696,116,0,0,0,116,A
3-PA,1697,0,0,119,0,119,G
3-PA,1698,0,1,117,0,118,G
3-PA,1699,118,0,0,0,118,A
3-PA,1700,0,0,0,117,117,C
3-PA,1701,117,0,0,0,117,A
3-PA,1702,116,0,0,0,116,A
3-PA,1703,118,0,0,0,118,A
3-PA,1704,0,0,0,118,118,C
3-PA,1705,0,1,117,0,118,G
3-PA,1706,0,1,117,0,118,G
3-PA,1707,116,0,1,0,117,A
3-PA,1708,117,0,0,0,117,A
3-PA,1709,0,0,0,118,118,C
3-PA,1710,114,0,0,0,114,A
3-PA,1711,0,112,0,1,113,T
3-PA,1712,0,0,0,114,114,C
3-PA,1713,113,0,0,0,113,A
3-PA,1714,113,0,0,0,113,A
3-PA,1715,110,0,0,0,110,A
3-PA,1716,0,1,112,0,113,G
3-PA,1717,0,0,113,0,113,G
3-PA,1718,0,112,0,0,112,T
3-PA,1719,112,0,0,0,112,A
3-PA,1720,108,1,0,0,109,A
3-PA,1721,111,0,0,0,111,A
3-PA,1722,112,0,0,0,112,A
3-PA,1723,113,0,0,0,113,A
3-PA,1724,0,115,0,0,115,T
3-PA,1725,0,1,115,0,116,G
3-PA,1726,116,0,0,0,116,A
3-PA,1727,116,0,0,0,116,A
3-PA,1728,117,0,0,0,117,A
3-PA,1729,0,117,0,0,117,T
3-PA,1730,0,0,119,0,119,G
3-PA,1731,0,0,119,0,119,G
3-PA,1732,0,0,120,0,120,G
3-PA,1733,0,0,122,0,122,G
3-PA,1734,121,0,0,0,121,A
3-PA,1735,122,0,0,0,122,A
3-PA,1736,1,120,1,0,122,T
3-PA,1737,0,0,120,0,120,G
3-PA,1738,0,0,121,0,121,G
3-PA,1739,119,0,0,0,119,A
3-PA,1740,0,0,121,0,121,G
3-PA,1741,117,1,0,0,118,A
3-PA,1742,0,117,1,0,118,T
3-PA,1743,0,0,118,0,118,G
3-PA,1744,117,0,0,0,117,A
3-PA,1745,0,0,119,0,119,G
3-PA,1746,116,0,1,0,117,A
3-PA,1747,0,0,0,114,114,C
3-PA,1748,0,0,113,0,113,G
3-PA,1749,0,111,1,0,112,T
3-PA,1750,0,111,1,0,112,T
3-PA,1751,0,0,115,0,115,G
3-PA,1752,1,0,0,114,115,C
3-PA,1753,1,0,0,115,116,C
3-PA,1754,0,117,1,0,118,T
3-PA,1755,1,0,0,118,119,C
3-PA,1756,1,0,0,118,119,C
3-PA,1757,1,117,0,0,118,T
3-PA,1758,0,118,0,0,118,T
3-PA,1759,1,0,0,118,119,C
3-PA,1760,117,0,0,0,117,A
3-PA,1761,0,0,117,0,117,G
3-PA,1762,0,115,0,0,115,T
3-PA,1763,3,0,0,112,115,C
3-PA,1764,110,0,0,0,110,A
3-PA,1765,1,0,0,114,115,C
3-PA,1766,0,113,0,0,113,T
3-PA,1767,2,0,0,114,116,C
3-PA,1768,0,0,0,116,116,C
3-PA,1769,116,0,0,0,116,A
3-PA,1770,0,0,116,0,116,G
3-PA,1771,0,0,0,116,116,C
3-PA,1772,115,0,0,0,115,A
3-PA,1773,0,1,114,0,115,G
3-PA,1774,110,0,0,0,110,A
3-PA,1775,0,110,0,0,110,T
3-PA,1776,0,0,0,110,110,C
3-PA,1777,0,2,107,0,109,G
3-PA,1778,109,0,0,0,109,A
3-PA,1779,0,0,108,0,108,G
3-PA,1780,108,0,0,0,108,A
3-PA,1781,0,0,111,0,111,G
3-PA,1782,0,0,0,109,109,C
3-PA,1783,108,0,0,0,108,A
3-PA,1784,0,108,0,0,108,T
3-PA,1785,0,0,112,0,112,G
3-PA,1786,113,0,0,0,113,A
3-PA,1787,0,113,0,0,113,T
3-PA,1788,0,113,0,0,113,T
3-PA,1789,0,0,112,0,112,G
3-PA,1790,110,1,0,0,111,A
3-PA,1791,111,0,0,0,111,A
3-PA,1792,0,1,110,0,111,G
3-PA,1793,0,0,0,110,110,C
3-PA,1794,0,0,0,107,107,C
3-PA,1795,0,0,106,0,106,G
3-PA,1796,106,0,0,0,106,A
3-PA,1797,0,0,106,0,106,G
3-PA,1798,0,103,0,0,103,T
3-PA,1799,1,0,0,101,102,C
3-PA,1800,1,0,0,103,104,C
3-PA,1801,0,102,0,0,102,T
3-PA,1802,0,0,0,103,103,C
3-PA,1803,1,2,101,0,104,G
3-PA,1804,0,0,107,0,107,G
3-PA,1805,0,108,0,0,108,T
3-PA,1806,0,106,0,0,106,T
3-PA,1807,106,0,0,0,106,A
3-PA,1808,106,0,0,0,106,A
3-PA,1809,107,0,0,0,107,A
3-PA,1810,0,0,110,0,110,G
3-PA,1811,107,0,0,0,107,A
3-PA,1812,3,0,104,0,107,G
3-PA,1813,102,0,0,0,102,A
3-PA,1814,100,0,1,0,101,A
3-PA,1815,102,0,0,0,102,A
3-PA,1816,0,0,101,0,101,G
3-PA,1817,101,0,0,0,101,A
3-PA,1818,0,0,0,101,101,C
3-PA,1819,101,0,0,0,101,A
3-PA,1820,0,101,0,0,101,T
3-PA,1821,0,0,101,0,101,G
3-PA,1822,101,0,0,0,101,A
3-PA,1823,0,0,0,104,104,C
3-PA,1824,0,0,0,102,102,C
3-PA,1825,101,0,0,0,101,A
3-PA,1826,101,0,0,0,101,A
3-PA,1827,101,0,0,0,101,A
3-PA,1828,0,0,101,0,101,G
3-PA,1829,101,0,0,0,101,A
3-PA,1830,0,0,100,0,100,G
3-PA,1831,0,101,0,0,101,T
3-PA,1832,0,101,0,0,101,T
3-PA,1833,0,101,0,0,101,T
3-PA,1834,0,102,0,0,102,T
3-PA,1835,0,102,0,0,102,T
3-PA,1836,0,102,0,0,102,T
3-PA,1837,0,1,101,0,102,G
3-PA,1838,100,0,0,0,100,A
3-PA,1839,0,0,104,0,104,G
3-PA,1840,102,0,0,0,102,A
3-PA,1841,103,0,0,0,103,A
3-PA,1842,0,103,0,0,103,T
3-PA,1843,104,0,0,0,104,A
3-PA,1844,106,0,0,0,106,A
3-PA,1845,107,0,0,0,107,A
3-PA,1846,0,105,0,0,105,T
3-PA,1847,0,0,0,106,106,C
3-PA,1848,107,0,0,0,107,A
3-PA,1849,0,1,106,0,107,G
3-PA,1850,104,0,0,0,104,A
3-PA,1851,106,0,0,0,106,A
3-PA,1852,0,2,104,0,106,G
3-PA,1853,0,0,0,105,105,C
3-PA,1854,105,0,0,0,105,A
3-PA,1855,0,103,0,0,103,T
3-PA,1856,0,2,102,0,104,G
3-PA,1857,0,0,103,0,103,G
3-PA,1858,0,0,0,104,104,C
3-PA,1859,0,0,0,104,104,C
3-PA,1860,2,0,0,103,105,C
3-PA,1861,108,1,0,1,110,A
3-PA,1862,0,112,0,0,112,T
3-PA,1863,0,112,0,0,112,T
3-PA,1864,0,1,111,0,112,G
3-PA,1865,0,0,111,0,111,G
3-PA,1866,0,2,107,0,109,G
3-PA,1867,0,0,110,0,110,G
3-PA,1868,104,0,0,1,105,A
3-PA,1869,0,0,107,0,107,G
3-PA,1870,0,103,0,0,103,T
3-PA,1871,1,0,0,104,105,C
3-PA,1872,0,0,0,112,112,C
3-PA,1873,0,0,0,111,111,C
3-PA,1874,0,0,0,112,112,C
3-PA,1875,0,0,0,110,110,C
3-PA,1876,110,0,0,0,110,A
3-PA,1877,110,0,0,0,110,A
3-PA,1878,0,0,110,0,110,G
3-PA,1879,0,0,107,0,107,G
3-PA,1880,0,1,106,0,107,G
3-PA,1881,98,0,0,0,98,A
3-PA,1882,0,0,100,0,100,G
3-PA,1883,0,100,0,0,100,T
3-PA,1884,0,0,100,0,100,G
3-PA,1885,0,2,99,0,101,G
3-PA,1886,101,0,0,0,101,A
3-PA,1887,101,0,0,0,101,A
3-PA,1888,0,1,102,0,103,G
3-PA,1889,101,0,0,0,101,A
3-PA,1890,98,0,0,0,98,A
3-PA,1891,0,0,100,0,100,G
3-PA,1892,0,1,101,0,102,G
3-PA,1893,0,102,0,0,102,T
3-PA,1894,0,101,0,0,101,T
3-PA,1895,0,0,0,102,102,C
3-PA,1896,0,0,0,102,102,C
3-PA,1897,102,0,0,0,102,A
3-PA,1898,0,102,0,0,102,T
3-PA,1899,0,102,0,0,102,T
3-PA,1900,0,0,105,0,105,G
3-PA,1901,0,0,105,0,105,G
3-PA,1902,0,1,103,0,104,G
3-PA,1903,106,0,0,0,106,A
3-PA,1904,106,0,0,0,106,A
3-PA,1905,107,0,0,0,107,A
3-PA,1906,0,0,107,0,107,G
3-PA,1907,0,106,0,0,106,T
3-PA,1908,1,0,0,106,107,C
3-PA,1909,0,106,0,0,106,T
3-PA,1910,0,0,107,0,107,G
3-PA,1911,0,107,0,0,107,T
3-PA,1912,107,0,0,0,107,A
3-PA,1913,0,0,109,0,109,G
3-PA,1914,0,0,108,0,108,G
3-PA,1915,105,0,0,0,105,A
3-PA,1916,0,0,0,106,106,C
3-PA,1917,0,102,0,0,102,T
3-PA,1918,0,0,0,110,110,C
3-PA,1919,0,108,0,0,108,T
3-PA,1920,108,0,0,0,108,A
3-PA,1921,0,108,0,0,108,T
3-PA,1922,0,106,0,0,106,T
3-PA,1923,0,1,108,0,109,G
3-PA,1924,0,0,108,0,108,G
3-PA,1925,0,0,0,109,109,C
3-PA,1926,0,109,0,0,109,T
3-PA,1927,102,0,0,0,102,A
3-PA,1928,103,0,0,0,103,A
3-PA,1929,0,0,105,0,105,G
3-PA,1930,0,104,0,0,104,T
3-PA,1931,0,0,0,104,104,C
3-PA,1932,103,0,0,0,103,A
3-PA,1933,0,0,108,0,108,G
3-PA,1934,0,107,0,0,107,T
3-PA,1935,108,0,0,0,108,A
3-PA,1936,0,111,0,0,111,T
3-PA,1937,0,112,0,0,112,T
3-PA,1938,0,0,0,114,114,C
3-PA,1939,112,0,0,1,113,A
3-PA,1940,113,0,0,0,113,A
3-PA,1941,0,113,0,0,113,T
3-PA,1942,113,0,0,0,113,A
3-PA,1943,0,0,114,0,114,G
3-PA,1944,0,0,0,114,114,C
3-PA,1945,0,0,0,115,115,C
3-PA,1946,0,114,0,0,114,T
3-PA,1947,0,0,116,0,116,G
3-PA,1948,0,116,0,0,116,T
3-PA,1949,115,0,0,0,115,A
3-PA,1950,0,116,0,0,116,T
3-PA,1951,1,0,116,0,117,G
3-PA,1952,0,0,1,114,115,C
3-PA,1953,110,0,0,0,110,A
3-PA,1954,0,110,0,0,110,T
3-PA,1955,0,0,0,110,110,C
3-PA,1956,105,0,0,0,105,A
3-PA,1957,0,0,0,105,105,C
3-PA,1958,0,0,0,104,104,C
3-PA,1959,104,0,0,0,104,A
3-PA,1960,0,0,0,104,104,C
3-PA,1961,101,0,0,0,101,A
3-PA,1962,104,0,0,0,104,A
3-PA,1963,0,104,0,0,104,T
3-PA,1964,0,103,0,0,103,T
3-PA,1965,0,1,102,0,103,G
3-PA,1966,0,0,102,0,102,G
3-PA,1967,103,0,0,0,103,A
3-PA,1968,103,0,0,0,103,A
3-PA,1969,0,1,101,1,103,G
3-PA,1970,0,1,103,0,104,G
3-PA,1971,104,0,0,0,104,A
3-PA,1972,0,104,0,0,104,T
3-PA,1973,0,104,0,0,104,T
3-PA,1974,0,104,0,0,104,T
3-PA,1975,0,104,0,0,104,T
3-PA,1976,1,0,0,103,104,C
3-PA,1977,102,0,1,0,103,A
3-PA,1978,0,0,103,0,103,G
3-PA,1979,0,0,0,102,102,C
3-PA,1980,0,0,102,0,102,G
3-PA,1981,0,0,103,0,103,G
3-PA,1982,103,0,0,0,103,A
3-PA,1983,0,0,105,0,105,G
3-PA,1984,0,105,0,0,105,T
3-PA,1985,0,0,0,107,107,C
3-PA,1986,107,0,0,0,107,A
3-PA,1987,107,0,0,0,107,A
3-PA,1988,0,0,107,0,107,G
3-PA,1989,107,0,0,0,107,A
3-PA,1990,105,0,0,0,105,A
3-PA,1991,106,0,0,0,106,A
3-PA,1992,101,0,0,0,101,A
3-PA,1993,0,0,0,100,100,C
3-PA,1994,0,100,0,0,100,T
3-PA,1995,0,0,102,0,102,G
3-PA,1996,0,0,0,103,103,C
3-PA,1997,0,103,0,0,103,T
3-PA,1998,1,0,0,101,102,C
3-PA,1999,1,0,0,102,103,C
3-PA,2000,0,102,0,0,102,T
3-PA,2001,0,101,0,1,102,T
3-PA,2002,0,0,102,0,102,G
3-PA,2003,0,102,0,0,102,T
3-PA,2004,0,100,0,0,100,T
3-PA,2005,0,0,101,0,101,G
3-PA,2006,0,101,0,0,101,T
3-PA,2007,0,101,0,0,101,T
3-PA,2008,0,0,0,101,101,C
3-PA,2009,97,0,0,0,97,A
3-PA,2010,0,0,97,0,97,G
3-PA,2011,0,0,96,0,96,G
3-PA,2012,0,0,0,96,96,C
3-PA,2013,0,96,0,0,96,T
3-PA,2014,0,0,0,102,102,C
3-PA,2015,0,102,0,0,102,T
3-PA,2016,0,102,0,0,102,T
3-PA,2017,103,0,0,0,103,A
3-PA,2018,0,0,103,0,103,G
3-PA,2019,0,1,95,0,96,G
3-PA,2020,0,0,95,0,95,G
3-PA,2021,95,0,0,0,95,A
3-PA,2022,0,0,0,93,93,C
3-PA,2023,86,0,0,0,86,A
3-PA,2024,87,1,0,0,88,A
3-PA,2025,1,0,0,87,88,C
3-PA,2026,0,0,0,88,88,C
3-PA,2027,0,88,0,0,88,T
3-PA,2028,0,0,0,88,88,C
3-PA,2029,0,0,88,0,88,G
3-PA,2030,88,0,0,0,88,A
3-PA,2031,89,0,0,0,89,A
3-PA,2032,0,0,0,89,89,C
3-PA,2033,0,0,0,86,86,C
3-PA,2034,0,84,0,0,84,T
3-PA,2035,0,0,84,0,84,G
3-PA,2036,0,0,84,0,84,G
3-PA,2037,0,0,84,0,84,G
3-PA,2038,84,0,0,0,84,A
3-PA,2039,0,0,0,83,83,C
3-PA,2040,0,0,0,85,85,C
3-PA,2041,0,82,0,0,82,T
3-PA,2042,0,82,0,0,82,T
3-PA,2043,0,81,0,0,81,T
3-PA,2044,0,0,82,0,82,G
3-PA,2045,82,0,0,0,82,A
3-PA,2046,0,82,0,0,82,T
3-PA,2047,0,0,0,82,82,C
3-PA,2048,0,82,0,1,83,T
3-PA,2049,0,82,0,0,82,T
3-PA,2050,0,1,81,0,82,G
3-PA,2051,0,0,83,0,83,G
3-PA,2052,0,0,83,0,83,G
3-PA,2053,0,1,80,0,81,G
3-PA,2054,0,0,81,0,81,G
3-PA,2055,0,0,80,0,80,G
3-PA,2056,0,0,0,80,80,C
3-PA,2057,0,81,0,0,81,T
3-PA,2058,81,0,0,0,81,A
3-PA,2059,0,81,0,0,81,T
3-PA,2060,81,0,0,0,81,A
3-PA,2061,0,81,0,0,81,T
3-PA,2062,0,0,72,0,72,G
3-PA,2063,72,0,0,0,72,A
3-PA,2064,68,0,0,0,68,A
3-PA,2065,0,0,68,0,68,G
3-PA,2066,0,0,0,70,70,C
3-PA,2067,62,0,0,0,62,A
3-PA,2068,63,0,0,0,63,A
3-PA,2069,0,63,0,0,63,T
3-PA,2070,0,62,0,0,62,T
3-PA,2071,0,1,60,0,61,G
3-PA,2072,61,0,0,0,61,A
3-PA,2073,0,0,61,0,61,G
3-PA,2074,0,0,62,0,62,G
3-PA,2075,58,0,0,0,58,A
3-PA,2076,0,0,59,0,59,G
3-PA,2077,0,51,0,0,51,T
3-PA,2078,0,0,51,0,51,G
3-PA,2079,0,0,0,51,51,C
3-PA,2080,0,0,0,51,51,C
3-PA,2081,0,49,0,1,50,T
3-PA,2082,0,0,51,0,51,G
3-PA,2083,51,0,0,0,51,A
3-PA,2084,0,51,0,0,51,T
3-PA,2085,0,46,0,0,46,T
3-PA,2086,48,0,0,0,48,A
3-PA,2087,46,0,0,0,46,A
3-PA,2088,0,47,0,0,47,T
3-PA,2089,0,0,47,0,47,G
3-PA,2090,46,0,0,0,46,A
3-PA,2091,0,48,0,0,48,T
3-PA,2092,0,0,0,47,47,C
3-PA,2093,0,0,0,48,48,C
3-PA,2094,0,0,0,48,48,C
3-PA,2095,0,47,0,0,47,T
3-PA,2096,0,0,47,0,47,G
3-PA,2097,0,0,46,0,46,G
3-PA,2098,0,0,46,0,46,G
3-PA,2099,0,47,0,0,47,T
3-PA,2100,0,45,0,0,45,T
3-PA,2101,0,45,0,0,45,T
3-PA,2102,0,44,0,0,44,T
3-PA,2103,0,0,43,0,43,G
3-PA,2104,0,0,0,43,43,C
3-PA,2105,0,42,0,0,42,T
3-PA,2106,0,0,0,43,43,C
3-PA,2107,42,0,0,0,42,A
3-PA,2108,41,0,0,0,41,A
3-PA,2109,0,42,0,0,42,T
3-PA,2110,0,0,42,0,42,G
3-PA,2111,0,0,0,42,42,C
3-PA,2112,0,0,41,0,41,G
3-PA,2113,0,41,0,0,41,T
3-PA,2114,0,0,0,41,41,C
3-PA,2115,0,40,0,0,40,T
3-PA,2116,0,39,0,0,39,T
3-PA,2117,0,0,41,0,41,G
3-PA,2118,0,0,42,0,42,G
3-PA,2119,0,42,0,0,42,T
3-PA,2120,1,40,0,0,41,T
3-PA,2121,0,0,1,41,42,C
3-PA,2122,41,0,0,0,41,A
3-PA,2123,41,0,0,0,41,A
3-PA,2124,0,0,0,41,41,C
3-PA,2125,0,40,0,0,40,T
3-PA,2126,0,0,0,40,40,C
3-PA,2127,0,0,0,38,38,C
3-PA,2128,0,38,0,0,38,T
3-PA,2129,0,38,0,0,38,T
3-PA,2130,0,0,0,38,38,C
3-PA,2131,0,0,0,38,38,C
3-PA,2132,0,37,0,0,37,T
3-PA,2133,0,0,37,0,37,G
3-PA,2134,37,0,0,0,37,A
3-PA,2135,1,0,0,36,37,C
3-PA,2136,33,0,0,0,33,A
3-PA,2137,0,0,0,31,31,C
3-PA,2138,30,0,0,0,30,A
3-PA,2139,0,30,0,0,30,T
3-PA,2140,0,0,30,0,30,G
3-PA,2141,0,0,0,30,30,C
3-PA,2142,29,0,0,0,29,A
3-PA,2143,0,29,0,0,29,T
3-PA,2144,0,27,0,0,27,T
3-PA,2145,27,0,0,0,27,A
3-PA,2146,26,0,0,0,26,A
3-PA,2147,26,0,0,0,26,A
3-PA,2148,26,0,0,0,26,A
3-PA,2149,0,23,0,0,23,T
3-PA,2150,19,0,0,0,19,A
3-PA,2151,0,0,18,0,18,G
4-HA,1,298,0,0,0,298,A
4-HA,2,0,302,0,0,302,T
4-HA,3,0,0,313,0,313,G
4-HA,4,315,0,0,0,315,A
4-HA,5,315,0,1,0,316,A
4-HA,6,0,3,336,0,339,G
4-HA,7,337,0,0,0,337,A
4-HA,8,1,0,0,364,365,C
4-HA,9,0,372,0,0,372,T
4-HA,10,391,0,0,0,391,A
4-HA,11,0,412,0,0,412,T
4-HA,12,1,0,0,412,413,C
4-HA,13,412,0,0,1,413,A
4-HA,14,1,412,0,0,413,T
4-HA,15,0,413,0,0,413,T
4-HA,16,0,0,462,0,462,G
4-HA,17,1,0,0,463,464,C
4-HA,18,1,461,0,2,464,T
4-HA,19,0,466,0,1,467,T
4-HA,20,0,465,0,1,466,T
4-HA,21,0,6,499,0,505,G
4-HA,22,504,0,1,0,505,A
4-HA,23,0,0,525,0,525,G
4-HA,24,0,0,0,531,531,C
4-HA,25,0,532,0,0,532,T
4-HA,26,583,0,0,0,583,A
4-HA,27,1,0,0,588,589,C
4-HA,28,598,0,0,1,599,A
4-HA,29,0,643,0,0,643,T
4-HA,30,0,641,0,0,641,T
4-HA,31,5,0,0,650,655,C
4-HA,32,0,653,0,0,653,T
4-HA,33,660,0,0,0,660,A
4-HA,34,0,660,0,0,660,T
4-HA,35,0,0,663,0,663,G
4-HA,36,1,662,0,0,663,T
4-HA,37,2,0,0,661,663,C
4-HA,38,0,660,0,0,660,T
4-HA,39,0,4,655,0,659,G
4-HA,40,0,1,664,0,665,G
4-HA,41,0,667,0,0,667,T
4-HA,42,0,665,0,5,670,T
4-HA,43,0,671,0,0,671,T
4-HA,44,0,665,0,3,668,T
4-HA,45,1,0,0,668,669,C
4-HA,46,2,1,664,0,667,G
4-HA,47,0,0,0,671,671,C
4-HA,48,0,671,0,2,673,T
4-HA,49,5,0,0,673,678,C
4-HA,50,678,0,1,0,679,A
4-HA,51,682,0,0,0,682,A
4-HA,52,681,0,0,0,681,A
4-HA,53,677,0,1,0,678,A
4-HA,54,679,0,0,0,679,A
4-HA,55,0,0,0,684,684,C
4-HA,56,0,681,0,0,681,T
4-HA,57,0,683,0,0,683,T
4-HA,58,0,0,0,682,682,C
4-HA,59,0,0,0,685,685,C
4-HA,60,0,685,0,0,685,T
4-HA,61,0,1,696,0,697,G
4-HA,62,0,4,698,0,702,G
4-HA,63,703,0,1,0,704,A
4-HA,64,708,0,0,0,708,A
4-HA,65,709,0,0,0,709,A
4-HA,66,0,720,0,0,720,T
4-HA,67,0,9,716,0,725,G
4-HA,68,723,0,1,0,724,A
4-HA,69,0,0,0,739,739,C
4-HA,70,734,0,1,0,735,A
4-HA,71,740,0,0,0,740,A
4-HA,72,0,0,0,766,766,C
4-HA,73,757,0,2,0,759,A
4-HA,74,0,0,768,0,768,G
4-HA,75,1,0,0,763,764,C
4-HA,76,766,0,0,0,766,A
4-HA,77,1,1,0,806,808,C
4-HA,78,1,3,801,0,805,G
4-HA,79,0,5,816,0,821,G
4-HA,80,0,0,0,821,821,C
4-HA,81,819,0,1,0,820,A
4-HA,82,835,0,0,0,835,A
4-HA,83,0,0,0,840,840,C
4-HA,84,0,0,855,0,855,G
4-HA,85,0,1,0,857,858,C
4-HA,86,0,848,0,1,849,T
4-HA,87,0,0,859,0,859,G
4-HA,88,0,853,0,0,853,T
4-HA,89,0,0,895,0,895,G
4-HA,90,0,0,0,905,905,C
4-HA,91,3,1,1,916,921,C
4-HA,92,0,913,0,0,913,T
4-HA,93,0,907,0,1,908,T
4-HA,94,1,8,909,0,918,G
4-HA,95,0,7,913,0,920,G
4-HA,96,0,0,941,0,941,G
4-HA,97,0,1,0,940,941,C
4-HA,98,926,0,0,0,926,A
4-HA,99,0,0,1,936,937,C
4-HA,100,4,0,0,927,931,C
4-HA,101,1044,0,0,0,1044,A
4-HA,102,0,1047,0,0,1047,T
4-HA,103,1,0,1043,0,1044,G
4-HA,104,0,0,0,1044,1044,C
4-HA,105,1039,0,0,0,1039,A
4-HA,106,0,0,1118,0,1118,G
4-HA,107,0,1119,0,0,1119,T
4-HA,108,1114,0,0,0,1114,A
4-HA,109,1,1,0,1115,1117,C
4-HA,110,2,1,0,1086,1089,C
4-HA,111,1098,0,0,0,1098,A
4-HA,112,1096,0,0,1,1097,A
4-HA,113,1098,0,0,0,1098,A
4-HA,114,1,1,0,1108,1110,C
4-HA,115,0,5,1080,0,1085,G
4-HA,116,0,8,1119,0,1127,G
4-HA,117,1121,0,1,0,1122,A
4-HA,118,1124,1,1,0,1126,A
4-HA,119,1,1,0,1122,1124,C
4-HA,120,1112,0,0,0,1112,A
4-HA,121,1139,1,2,0,1142,A
4-HA,122,0,1141,0,0,1141,T
4-HA,123,1158,0,1,0,1159,A
4-HA,124,0,1,1163,1,1165,G
4-HA,125,0,1142,0,2,1144,T
4-HA,126,0,2,1143,0,1145,G
4-HA,127,1139,1,1,1,1142,A
4-HA,128,1142,0,0,0,1142,A
4-HA,129,1144,0,1,0,1145,A
4-HA,130,1134,0,0,0,1134,A
4-HA,131,0,1,0,1148,1149,C
4-HA,132,1148,0,0,0,1148,A
4-HA,133,1152,0,0,0,1152,A
4-HA,134,0,1147,0,2,1149,T
4-HA,135,3,1,0,1145,1149,C
4-HA,136,1151,0,1,0,1152,A
4-HA,137,1,0,0,1151,1152,C
4-HA,138,1,4,1149,0,1154,G
4-HA,139,1151,0,0,0,1151,A
4-HA,140,1144,0,0,0,1144,A
4-HA,141,1,1146,0,1,1148,T
4-HA,142,0,10,1136,0,1146,G
4-HA,143,1157,1,2,0,1160,A
4-HA,144,3,0,0,1156,1159,C
4-HA,145,10,0,0,1146,1156,C
4-HA,146,1160,0,1,0,1161,A
4-HA,147,1161,1,0,0,1162,A
4-HA,148,1170,0,1,0,1171,A
4-HA,149,0,1170,0,0,1170,T
4-HA,150,0,1166,0,1,1167,T
4-HA,151,0,5,1173,0,1178,G
4-HA,152,1172,0,0,0,1172,A
4-HA,153,1175,0,0,0,1175,A
4-HA,154,0,1,1181,0,1182,G
4-HA,155,1,1174,0,1,1176,T
4-HA,156,0,1206,0,0,1206,T
4-HA,157,1208,1,0,0,1209,A
4-HA,158,1,1,0,1215,1217,C
4-HA,159,0,1221,0,1,1222,T
4-HA,160,1224,0,1,0,1225,A
4-HA,161,1252,0,0,0,1252,A
4-HA,162,0,1256,0,0,1256,T
4-HA,163,0,2,1260,0,1262,G
4-HA,164,0,0,0,1301,1301,C
4-HA,165,0,1287,0,0,1287,T
4-HA,166,1292,0,1,0,1293,A
4-HA,167,3,0,0,1288,1291,C
4-HA,168,1,1285,1,0,1287,T
4-HA,169,0,8,1287,0,1295,G
4-HA,170,1281,0,1,0,1282,A
4-HA,171,6,0,1281,0,1287,G
4-HA,172,0,0,0,1283,1283,C
4-HA,173,1,1249,0,1,1251,T
4-HA,174,0,2,1290,0,1292,G
4-HA,175,0,2,1317,0,1319,G
4-HA,176,0,1322,0,0,1322,T
4-HA,177,0,1320,0,1,1321,T
4-HA,178,6,0,0,1313,1319,C
4-HA,179,1314,0,1,0,1315,A
4-HA,180,5,8,1310,0,1323,G
4-HA,181,1319,0,4,0,1323,A
4-HA,182,78,0,1270,0,1348,G
4-HA,183,1,1331,0,1,1333,T
4-HA,184,2,1312,0,0,1314,T
4-HA,185,8,5,0,1311,1324,C
4-HA,186,8,0,0,1317,1325,C
4-HA,187,0,1320,0,0,1320,T
4-HA,188,2,3,0,1324,1329,C
4-HA,189,1324,0,1,0,1325,A
4-HA,190,1328,0,0,0,1328,A
4-HA,191,1,1,0,1335,1337,C
4-HA,192,1322,0,0,0,1322,A
4-HA,193,0,5,1333,0,1338,G
4-HA,194,0,2,1334,0,1336,G
4-HA,195,0,1334,0,2,1336,T
4-HA,196,0,7,1335,0,1342,G
4-HA,197,1340,0,0,0,1340,A
4-HA,198,1342,0,0,0,1342,A
4-HA,199,1386,0,0,0,1386,A
4-HA,200,1,1374,0,1,1376,T
4-HA,201,1385,0,0,0,1385,A
4-HA,202,0,1371,0,0,1371,T
4-HA,203,0,0,1366,0,1366,G
4-HA,204,0,1,0,1376,1377,C
4-HA,205,0,11,1363,0,1374,G
4-HA,206,1376,0,1,0,1377,A
4-HA,207,1,0,0,1375,1376,C
4-HA,208,1349,0,0,0,1349,A
4-HA,209,0,0,1446,0,1446,G
4-HA,210,0,1433,0,0,1433,T
4-HA,211,6,1,0,1442,1449,C
4-HA,212,4,0,0,1443,1447,C
4-HA,213,0,1442,0,1,1443,T
4-HA,214,3,1,0,1469,1473,C
4-HA,215,1472,0,1,0,1473,A
4-HA,216,0,1474,0,1,1475,T
4-HA,217,5,0,0,1467,1472,C
4-HA,218,1395,0,2,0,1397,A
4-HA,219,0,4,1410,0,1414,G
4-HA,220,1404,0,2,0,1406,A
4-HA,221,0,1401,0,0,1401,T
4-HA,222,2,0,0,1411,1413,C
4-HA,223,4,0,0,1402,1406,C
4-HA,224,0,1416,0,0,1416,T
4-HA,225,0,1413,0,0,1413,T
4-HA,226,1,4,1412,0,1417,G
4-HA,227,1422,0,0,0,1422,A
4-HA,228,0,1412,0,0,1412,T
4-HA,229,1,2,1419,0,1422,G
4-HA,230,1,5,1419,0,1425,G
4-HA,231,1409,0,3,0,1412,A
4-HA,232,1,8,1404,0,1413,G
4-HA,233,1399,0,2,0,1401,A
4-HA,234,0,8,1381,0,1389,G
4-HA,235,1428,0,2,0,1430,A
4-HA,236,1435,1,1,0,1437,A
4-HA,237,0,0,0,1456,1456,C
4-HA,238,2,1430,0,2,1434,T
4-HA,239,0,0,1446,2,1448,G
4-HA,240,0,2,0,1450,1452,C
4-HA,241,1445,1,2,1,1449,A
4-HA,242,1,1,0,1477,1479,C
4-HA,243,1461,0,0,0,1461,A
4-HA,244,0,1,0,1609,1610,C
4-HA,245,0,1603,0,0,1603,T
4-HA,246,1612,0,2,0,1614,A
4-HA,247,1613,0,0,0,1613,A
4-HA,248,1,1612,0,0,1613,T
4-HA,249,1609,0,1,0,1610,A
4-HA,250,0,4,1607,0,1611,G
4-HA,251,1585,0,0,0,1585,A
4-HA,252,0,1566,0,1,1567,T
4-HA,253,0,1,1483,0,1484,G
4-HA,254,1,0,0,1489,1490,C
4-HA,255,0,1476,0,3,1479,T
4-HA,256,6,0,0,1573,1579,C
4-HA,257,0,1573,1,0,1574,T
4-HA,258,1618,0,2,0,1620,A
4-HA,259,0,1619,0,0,1619,T
4-HA,260,0,1612,0,0,1612,T
4-HA,261,1,4,1628,0,1633,G
4-HA,262,2,3,1618,1,1624,G
4-HA,263,0,3,1630,0,1633,G
4-HA,264,1604,0,2,0,1606,A
4-HA,265,1,5,1578,0,1584,G
4-HA,266,1550,3,0,0,1553,A
4-HA,267,1,0,0,1693,1694,C
4-HA,268,7,0,0,1723,1730,C
4-HA,269,11,2,0,1721,1734,C
4-HA,270,1,1734,0,1,1736,T
4-HA,271,3,0,0,1741,1744,C
4-HA,272,1747,0,0,0,1747,A
4-HA,273,1490,1,254,0,1745,A
4-HA,274,0,1800,0,0,1800,T
4-HA,275,0,3,1819,0,1822,G
4-HA,276,1,1819,1,1,1822,T
4-HA,277,0,9,1798,0,1807,G
4-HA,278,1806,2,2,0,1810,A
4-HA,279,0,1805,0,2,1807,T
4-HA,280,0,11,1777,0,1788,G
4-HA,281,0,0,1791,1,1792,G
4-HA,282,0,1,0,1766,1767,C
4-HA,283,0,1760,1,1,1762,T
4-HA,284,1,1759,0,2,1762,T
4-HA,285,4,0,0,1762,1766,C
4-HA,286,4,0,0,1767,1771,C
4-HA,287,1770,0,1,0,1771,A
4-HA,288,1782,0,1,0,1783,A
4-HA,289,1782,0,0,0,1782,A
4-HA,290,1789,0,1,0,1790,A
4-HA,291,0,1797,0,0,1797,T
4-HA,292,1793,0,1,0,1794,A
4-HA,293,1795,0,1,0,1796,A
4-HA,294,0,8,1803,0,1811,G
4-HA,295,1812,0,1,0,1813,A
4-HA,296,1818,0,0,0,1818,A
4-HA,297,1820,0,0,0,1820,A
4-HA,298,1,1819,1,0,1821,T
4-HA,299,2,12,1806,0,1820,G
4-HA,300,1,5,1806,0,1812,G
4-HA,301,0,10,1809,0,1819,G
4-HA,302,1816,0,3,0,1819,A
4-HA,303,4,0,0,1820,1824,C
4-HA,304,8,0,0,1812,1820,C
4-HA,305,0,1837,0,1,1838,T
4-HA,306,0,1840,0,0,1840,T
4-HA,307,0,1837,0,0,1837,T
4-HA,308,0,1853,0,0,1853,T
4-HA,309,0,1851,0,0,1851,T
4-HA,310,0,2,1864,1,1867,G
4-HA,311,0,1867,0,0,1867,T
4-HA,312,1,1853,0,1,1855,T
4-HA,313,0,16,1842,0,1858,G
4-HA,314,1839,1,4,0,1844,A
4-HA,315,1852,2,0,1,1855,A
4-HA,316,0,0,0,1857,1857,C
4-HA,317,0,0,1849,0,1849,G
4-HA,318,1,0,0,1887,1888,C
4-HA,319,1879,0,0,0,1879,A
4-HA,320,1,2,1880,1,1884,G
4-HA,321,4,0,0,1883,1887,C
4-HA,322,1885,0,1,0,1886,A
4-HA,323,1887,1,1,0,1889,A
4-HA,324,1889,0,2,0,1891,A
4-HA,325,0,0,1986,1,1987,G
4-HA,326,0,0,0,1976,1976,C
4-HA,327,3,1,0,1970,1974,C
4-HA,328,0,1975,0,0,1975,T
4-HA,329,1967,0,2,0,1969,A
4-HA,330,1,2,1,1979,1983,C
4-HA,331,1981,0,1,0,1982,A
4-HA,332,1,1,1983,0,1985,G
4-HA,333,1,2,0,1974,1977,C
4-HA,334,1918,0,3,0,1921,A
4-HA,335,1935,0,1,0,1936,A
4-HA,336,1,0,0,2032,2033,C
4-HA,337,0,2024,0,0,2024,T
4-HA,338,1,1,2039,0,2041,G
4-HA,339,0,2016,0,0,2016,T
4-HA,340,0,2018,0,0,2018,T
4-HA,341,2022,0,1,0,2023,A
4-HA,342,0,1,0,2190,2191,C
4-HA,343,6,0,0,2185,2191,C
4-HA,344,8,0,0,2219,2227,C
4-HA,345,0,2158,0,2,2160,T
4-HA,346,1,2157,0,3,2161,T
4-HA,347,2162,0,1,0,2163,A
4-HA,348,0,2166,0,0,2166,T
4-HA,349,0,6,2156,0,2162,G
4-HA,350,2163,0,1,0,2164,A
4-HA,351,0,2041,0,0,2041,T
4-HA,352,0,0,2074,0,2074,G
4-HA,353,0,2018,0,0,2018,T
4-HA,354,0,2,2007,0,2009,G
4-HA,355,0,0,0,2010,2010,C
4-HA,356,10,2,0,1997,2009,C
4-HA,357,0,7,2047,0,2054,G
4-HA,358,0,1,2079,0,2080,G
4-HA,359,2079,0,2,0,2081,A
4-HA,360,0,2088,0,0,2088,T
4-HA,361,0,2048,0,0,2048,T
4-HA,362,2060,0,0,0,2060,A
4-HA,363,0,2059,0,0,2059,T
4-HA,364,1,2,2062,0,2065,G
4-HA,365,1,0,0,2055,2056,C
4-HA,366,2,1,0,2046,2049,C
4-HA,367,0,2064,0,1,2065,T
4-HA,368,4,1,0,2172,2177,C
4-HA,369,6,0,0,2194,2200,C
4-HA,370,13,0,0,2185,2198,C
4-HA,371,0,2192,0,1,2193,T
4-HA,372,0,2188,0,2,2190,T
4-HA,373,2181,2,6,0,2189,A
4-HA,374,0,4,2236,1,2241,G
4-HA,375,3,5,2237,0,2245,G
4-HA,376,1,2209,0,0,2210,T
4-HA,377,15,1,0,2144,2160,C
4-HA,378,2133,0,1,0,2134,A
4-HA,379,2,0,0,2172,2174,C
4-HA,380,0,2169,0,1,2170,T
4-HA,381,2162,0,1,0,2163,A
4-HA,382,4,1,2154,1,2160,G
4-HA,383,0,2135,0,0,2135,T
4-HA,384,0,2128,0,0,2128,T
4-HA,385,1,0,2142,0,2143,G
4-HA,386,1,1,0,2145,2147,C
4-HA,387,5,0,0,2147,2152,C
4-HA,388,0,2121,0,3,2124,T
4-HA,389,9,0,0,2124,2133,C
4-HA,390,2206,0,0,0,2206,A
4-HA,391,0,2210,0,1,2211,T
4-HA,392,6,0,0,2202,2208,C
4-HA,393,6,4,0,2197,2207,C
4-HA,394,2,10,2178,0,2190,G
4-HA,395,1,0,2208,1,2210,G
4-HA,396,1,0,0,2219,2220,C
4-HA,397,2233,1,1,1,2236,A
4-HA,398,1,9,0,2251,2261,C
4-HA,399,2221,0,0,0,2221,A
4-HA,400,0,1,0,2222,2223,C
4-HA,401,0,2213,0,5,2218,T
4-HA,402,0,7,2226,0,2233,G
4-HA,403,0,7,2249,0,2256,G
4-HA,404,2242,0,0,1,2243,A
4-HA,405,0,1,2279,0,2280,G
4-HA,406,0,2256,1,0,2257,T
4-HA,407,0,2244,0,0,2244,T
4-HA,408,0,2246,0,7,2253,T
4-HA,409,2231,0,1,0,2232,A
4-HA,410,2231,2,2,0,2235,A
4-HA,411,2,1,0,2246,2249,C
4-HA,412,2205,1,0,0,2206,A
4-HA,413,2200,1,5,0,2206,A
4-HA,414,0,2180,0,0,2180,T
4-HA,415,0,15,2165,0,2180,G
4-HA,416,2179,1,0,0,2180,A
4-HA,417,2179,0,0,0,2179,A
4-HA,418,2180,0,1,1,2182,A
4-HA,419,3,0,2192,0,2195,G
4-HA,420,1,1,0,2203,2205,C
4-HA,421,1,2189,0,3,2193,T
4-HA,422,2,2197,0,0,2199,T
4-HA,423,12,0,0,2210,2222,C
4-HA,424,2219,0,1,0,2220,A
4-HA,425,2227,0,0,0,2227,A
4-HA,426,0,2227,0,1,2228,T
4-HA,427,0,2223,0,1,2224,T
4-HA,428,0,10,2260,0,2270,G
4-HA,429,1,10,2284,0,2295,G
4-HA,430,2294,0,0,0,2294,A
4-HA,431,3,0,0,2298,2301,C
4-HA,432,3,2266,0,4,2273,T
4-HA,433,1,1,2282,0,2284,G
4-HA,434,2,6,2289,0,2297,G
4-HA,435,2291,0,1,1,2293,A
4-HA,436,0,0,2305,0,2305,G
4-HA,437,0,2240,0,3,2243,T
4-HA,438,9,0,0,2203,2212,C
4-HA,439,2238,1,0,0,2239,A
4-HA,440,0,0,1,2249,2250,C
4-HA,441,0,2245,0,2,2247,T
4-HA,442,18,0,0,2227,2245,C
4-HA,443,2221,0,0,1,2222,A
4-HA,444,2245,0,1,0,2246,A
4-HA,445,2239,0,0,0,2239,A
4-HA,446,2233,0,4,0,2237,A
4-HA,447,3,1,0,2241,2245,C
4-HA,448,1,4,2220,0,2225,G
4-HA,449,0,11,2251,0,2262,G
4-HA,450,2256,0,3,0,2259,A
4-HA,451,2260,0,2,0,2262,A
4-HA,452,2,2,0,2260,2264,C
4-HA,453,2243,0,1,0,2244,A
4-HA,454,2268,0,0,1,2269,A
4-HA,455,1,2,2286,0,2289,G
4-HA,456,1,2,0,2289,2292,C
4-HA,457,1,2265,0,0,2266,T
4-HA,458,13,0,0,2274,2287,C
4-HA,459,0,2269,0,1,2270,T
4-HA,460,2,2,2278,1,2283,G
4-HA,461,0,0,0,2288,2288,C
4-HA,462,0,2282,0,5,2287,T
4-HA,463,1,2321,0,2,2324,T
4-HA,464,0,3,2366,0,2369,G
4-HA,465,3,0,0,2382,2385,C
4-HA,466,2382,1,0,0,2383,A
4-HA,467,0,2359,0,1,2360,T
4-HA,468,2359,0,0,0,2359,A
4-HA,469,2346,0,0,0,2346,A
4-HA,470,0,8,2344,0,2352,G
4-HA,471,0,8,2344,0,2352,G
4-HA,472,2262,0,4,0,2266,A
4-HA,473,0,8,2254,0,2262,G
4-HA,474,2233,0,1,2,2236,A
4-HA,475,0,2295,0,0,2295,T
4-HA,476,9,1,0,2300,2310,C
4-HA,477,1,2315,0,1,2317,T
4-HA,478,2323,0,1,0,2324,A
4-HA,479,2308,0,0,0,2308,A
4-HA,480,1,2308,0,0,2309,T
4-HA,481,2303,0,0,0,2303,A
4-HA,482,2279,0,1,0,2280,A
4-HA,483,0,2,0,2286,2288,C
4-HA,484,2211,0,1,0,2212,A
4-HA,485,0,0,2243,0,2243,G
4-HA,486,0,2205,0,1,2206,T
4-HA,487,0,2243,0,0,2243,T
4-HA,488,0,2245,0,1,2246,T
4-HA,489,6,0,0,2295,2301,C
4-HA,490,0,2292,0,0,2292,T
4-HA,491,0,2298,0,0,2298,T
4-HA,492,0,2299,0,1,2300,T
4-HA,493,2272,0,1,0,2273,A
4-HA,494,0,0,2275,0,2275,G
4-HA,495,0,2258,0,0,2258,T
4-HA,496,2253,0,0,0,2253,A
4-HA,497,0,5,2255,0,2260,G
4-HA,498,2215,0,0,0,2215,A
4-HA,499,0,2211,0,1,2212,T
4-HA,500,2,2194,0,1,2197,T
4-HA,501,0,8,2241,0,2249,G
4-HA,502,2238,0,1,0,2239,A
4-HA,503,2249,0,1,0,2250,A
4-HA,504,0,2242,0,0,2242,T
4-HA,505,0,2226,0,0,2226,T
4-HA,506,0,11,2238,0,2249,G
4-HA,507,0,2,2254,0,2256,G
4-HA,508,1,2257,0,2,2260,T
4-HA,509,1,2250,0,2,2253,T
4-HA,510,0,11,2198,0,2209,G
4-HA,511,2204,1,3,0,2208,A
4-HA,512,1,3,0,2194,2198,C
4-HA,513,9,1,0,2185,2195,C
4-HA,514,11,1,0,2183,2195,C
4-HA,515,2196,0,2,0,2198,A
4-HA,516,2,0,0,2216,2218,C
4-HA,517,0,2217,0,1,2218,T
4-HA,518,1,2221,0,0,2222,T
4-HA,519,2223,0,0,1,2224,A
4-HA,520,2219,0,0,0,2219,A
4-HA,521,2215,0,1,0,2216,A
4-HA,522,2234,0,3,0,2237,A
4-HA,523,0,2264,0,0,2264,T
4-HA,524,0,2253,0,1,2254,T
4-HA,525,13,1,0,2246,2260,C
4-HA,526,2252,2,2,0,2256,A
4-HA,527,2254,0,1,0,2255,A
4-HA,528,2261,0,1,0,2262,A
4-HA,529,0,2263,0,0,2263,T
4-HA,530,2330,1,0,0,2331,A
4-HA,531,2,1,0,2332,2335,C
4-HA,532,7,0,0,2298,2305,C
4-HA,533,6,0,0,2304,2310,C
4-HA,534,2296,0,2,1,2299,A
4-HA,535,0,1,2394,0,2395,G
4-HA,536,0,0,0,2403,2403,C
4-HA,537,2406,0,0,0,2406,A
4-HA,538,2,2399,0,1,2402,T
4-HA,539,1,2356,0,0,2357,T
4-HA,540,1,16,2431,1,2449,G
4-HA,541,2453,0,0,0,2453,A
4-HA,542,2455,0,1,0,2456,A
4-HA,543,3,5,0,2442,2450,C
4-HA,544,2,1,2365,0,2368,G
4-HA,545,0,2399,0,0,2399,T
4-HA,546,0,18,2395,0,2413,G
4-HA,547,2414,0,0,0,2414,A
4-HA,548,2,0,0,2417,2419,C
4-HA,549,0,2327,0,1,2328,T
4-HA,550,2387,0,11,0,2398,A
4-HA,551,0,2393,0,1,2394,T
4-HA,552,1,0,2420,0,2421,G
4-HA,553,1,1,0,2415,2417,C
4-HA,554,15,0,0,2353,2368,C
4-HA,555,2354,0,1,0,2355,A
4-HA,556,2355,0,0,0,2355,A
4-HA,557,2389,0,0,0,2389,A
4-HA,558,0,1,1,2387,2389,C
4-HA,559,2338,1,0,0,2339,A
4-HA,560,2346,1,3,0,2350,A
4-HA,561,0,2324,0,0,2324,T
4-HA,562,6,22,2298,0,2326,G
4-HA,563,2325,0,0,0,2325,A
4-HA,564,2321,2,1,0,2324,A
4-HA,565,1,0,0,2283,2284,C
4-HA,566,2295,1,1,0,2297,A
4-HA,567,2319,0,1,0,2320,A
4-HA,568,0,2319,1,0,2320,T
4-HA,569,0,2321,0,0,2321,T
4-HA,570,0,2329,0,0,2329,T
4-HA,571,2,24,2298,0,2324,G
4-HA,572,2324,1,2,0,2327,A
4-HA,573,1,0,0,2325,2326,C
4-HA,574,2323,0,0,0,2323,A
4-HA,575,2326,0,1,0,2327,A
4-HA,576,2353,0,0,0,2353,A
4-HA,577,1,2369,0,0,2370,T
4-HA,578,0,2368,0,0,2368,T
4-HA,579,0,2,2393,0,2395,G
4-HA,580,0,2391,0,2,2393,T
4-HA,581,2391,2,3,0,2396,A
4-HA,582,1,2,1,2438,2442,C
4-HA,583,2444,0,0,0,2444,A
4-HA,584,0,2478,0,0,2478,T
4-HA,585,0,2432,0,0,2432,T
4-HA,586,0,2426,0,0,2426,T
4-HA,587,1,10,2408,0,2419,G
4-HA,588,0,15,2397,2,2414,G
4-HA,589,0,21,2386,0,2407,G
4-HA,590,0,13,2405,1,2419,G
4-HA,591,0,7,2369,1,2377,G
4-HA,592,0,4,2452,0,2456,G
4-HA,593,0,2418,0,2,2420,T
4-HA,594,0,2425,0,0,2425,T
4-HA,595,9,2,0,2417,2428,C
4-HA,596,2436,0,0,0,2436,A
4-HA,597,4,0,1,2450,2455,C
4-HA,598,7,1,0,2437,2445,C
4-HA,599,2460,0,5,0,2465,A
4-HA,600,1,0,0,2472,2473,C
4-HA,601,5,0,0,2442,2447,C
4-HA,602,8,0,0,2410,2418,C
4-HA,603,3,10,2417,0,2430,G
4-HA,604,1,2,2546,0,2549,G
4-HA,605,0,2,2552,0,2554,G
4-HA,606,1,2538,0,2,2541,T
4-HA,607,2547,0,0,0,2547,A
4-HA,608,1,5,0,2529,2535,C
4-HA,609,4,13,2473,0,2490,G
4-HA,610,1,11,2515,0,2527,G
4-HA,611,2527,3,0,1,2531,A
4-HA,612,4,1,0,2518,2523,C
4-HA,613,2381,0,0,0,2381,A
4-HA,614,2379,0,2,0,2381,A
4-HA,615,0,2385,0,0,2385,T
4-HA,616,1,22,2408,0,2431,G
4-HA,617,2434,1,0,0,2435,A
4-HA,618,0,0,0,2431,2431,C
4-HA,619,14,2,0,2378,2394,C
4-HA,620,2398,0,0,0,2398,A
4-HA,621,2384,1,1,0,2386,A
4-HA,622,2432,0,0,0,2432,A
4-HA,623,0,2429,0,1,2430,T
4-HA,624,3,0,0,2435,2438,C
4-HA,625,0,2390,0,4,2394,T
4-HA,626,0,2382,0,1,2383,T
4-HA,627,3,0,0,2400,2403,C
4-HA,628,7,0,1,2405,2413,C
4-HA,629,0,2404,0,2,2406,T
4-HA,630,3,0,2427,1,2431,G
4-HA,631,0,2393,0,1,2394,T
4-HA,632,2426,0,0,0,2426,A
4-HA,633,0,2407,0,1,2408,T
4-HA,634,1,1,2423,0,2425,G
4-HA,635,2,0,0,2435,2437,C
4-HA,636,0,2419,0,2,2421,T
4-HA,637,23,6,1,2388,2418,C
4-HA,638,2413,0,7,0,2420,A
4-HA,639,2410,0,2,0,2412,A
4-HA,640,0,2,2420,1,2423,G
4-HA,641,1,0,0,2424,2425,C
4-HA,642,2428,1,2,0,2431,A
4-HA,643,0,2404,0,0,2404,T
4-HA,644,7,1,0,2391,2399,C
4-HA,645,2397,0,2,0,2399,A
4-HA,646,2,9,2404,0,2415,G
4-HA,647,0,2,2417,0,2419,G
4-HA,648,2414,3,2,0,2419,A
4-HA,649,2405,1,1,0,2407,A
4-HA,650,0,9,2445,1,2455,G
4-HA,651,2446,0,1,0,2447,A
4-HA,652,2485,0,1,1,2487,A
4-HA,653,0,2495,0,4,2499,T
4-HA,654,13,1,0,2487,2501,C
4-HA,655,2481,2,1,0,2484,A
4-HA,656,2,0,0,2483,2485,C
4-HA,657,2480,0,1,0,2481,A
4-HA,658,0,2,2527,0,2529,G
4-HA,659,0,2488,0,2,2490,T
4-HA,660,6,0,0,2501,2507,C
4-HA,661,1,2464,0,2,2467,T
4-HA,662,9,0,0,2522,2531,C
4-HA,663,0,2545,0,2,2547,T
4-HA,664,2558,1,0,0,2559,A
4-HA,665,2,2,0,2550,2554,C
4-HA,666,5,1,0,2553,2559,C
4-HA,667,2504,0,0,0,2504,A
4-HA,668,2521,0,1,0,2522,A
4-HA,669,2504,0,2,0,2506,A
4-HA,670,2503,0,0,1,2504,A
4-HA,671,0,4,2498,0,2502,G
4-HA,672,2435,0,2,0,2437,A
4-HA,673,2423,0,4,0,2427,A
4-HA,674,4,6,2423,0,2433,G
4-HA,675,0,0,0,2436,2436,C
4-HA,676,9,0,0,2436,2445,C
4-HA,677,2452,0,1,1,2454,A
4-HA,678,2455,2,2,2,2461,A
4-HA,679,4,0,0,2461,2465,C
4-HA,680,2463,0,0,0,2463,A
4-HA,681,2466,1,0,2,2469,A
4-HA,682,2465,0,0,0,2465,A
4-HA,683,3,0,0,2518,2521,C
4-HA,684,1,2504,1,3,2509,T
4-HA,685,0,2,2521,0,2523,G
4-HA,686,0,2508,2,1,2511,T
4-HA,687,2511,0,0,0,2511,A
4-HA,688,2520,0,1,0,2521,A
4-HA,689,0,2511,1,1,2513,T
4-HA,690,9,2,0,2505,2516,C
4-HA,691,5,0,0,2509,2514,C
4-HA,692,9,3,0,2465,2477,C
4-HA,693,1,13,2471,0,2485,G
4-HA,694,2474,1,0,0,2475,A
4-HA,695,2484,0,0,0,2484,A
4-HA,696,0,2491,1,1,2493,T
4-HA,697,2508,1,0,0,2509,A
4-HA,698,1,2503,0,1,2505,T
4-HA,699,9,1,0,2473,2483,C
4-HA,700,2,8,2473,0,2483,G
4-HA,701,1,6,2557,0,2564,G
4-HA,702,2557,0,1,2,2560,A
4-HA,703,0,2583,0,1,2584,T
4-HA,704,6,0,0,2572,2578,C
4-HA,705,0,2577,0,0,2577,T
4-HA,706,2574,0,2,1,2577,A
4-HA,707,0,4,2585,0,2589,G
4-HA,708,2603,0,3,0,2606,A
4-HA,709,18,2,0,2587,2607,C
4-HA,710,9,0,0,2509,2518,C
4-HA,711,12,0,0,2505,2517,C
4-HA,712,2498,0,1,0,2499,A
4-HA,713,1,8,2628,0,2637,G
4-HA,714,2635,0,4,0,2639,A
4-HA,715,0,3,2674,0,2677,G
4-HA,716,0,2656,0,0,2656,T
4-HA,717,2633,0,0,0,2633,A
4-HA,718,2629,0,1,0,2630,A
4-HA,719,0,4,2674,0,2678,G
4-HA,720,1,9,2682,1,2693,G
4-HA,721,2664,1,0,1,2666,A
4-HA,722,2478,0,1,1,2480,A
4-HA,723,0,2454,0,14,2468,T
4-HA,724,2487,3,0,1,2491,A
4-HA,725,0,2482,0,2,2484,T
4-HA,726,4,0,0,2506,2510,C
4-HA,727,7,0,0,2495,2502,C
4-HA,728,10,1,0,2448,2459,C
4-HA,729,0,2447,0,1,2448,T
4-HA,730,2458,0,0,0,2458,A
4-HA,731,0,2,2465,0,2467,G
4-HA,732,3,2,0,2469,2474,C
4-HA,733,2414,0,1,0,2415,A
4-HA,734,0,9,2479,0,2488,G
4-HA,735,2440,0,1,0,2441,A
4-HA,736,2449,0,0,0,2449,A
4-HA,737,0,2451,0,0,2451,T
4-HA,738,2439,0,1,0,2440,A
4-HA,739,2449,1,4,1,2455,A
4-HA,740,0,2,2450,0,2452,G
4-HA,741,2,2,1,2458,2463,C
4-HA,742,2459,0,0,0,2459,A
4-HA,743,0,2388,0,3,2391,T
4-HA,744,3,1,0,2496,2500,C
4-HA,745,0,2501,0,0,2501,T
4-HA,746,2515,3,0,0,2518,A
4-HA,747,0,2519,1,1,2521,T
4-HA,748,0,2499,0,3,2502,T
4-HA,749,3,14,2503,0,2520,G
4-HA,750,0,15,2494,0,2509,G
4-HA,751,2496,2,3,0,2501,A
4-HA,752,0,1,1,2497,2499,C
4-HA,753,2305,0,0,0,2305,A
4-HA,754,2354,0,2,1,2357,A
4-HA,755,1,2458,0,0,2459,T
4-HA,756,2479,0,3,0,2482,A
4-HA,757,1,4,2502,1,2508,G
4-HA,758,0,2482,0,1,2483,T
4-HA,759,2483,0,1,0,2484,A
4-HA,760,2492,0,0,0,2492,A
4-HA,761,2516,1,0,0,2517,A
4-HA,762,2529,0,2,0,2531,A
4-HA,763,1,2,0,2534,2537,C
4-HA,764,8,0,0,2378,2386,C
4-HA,765,3,13,2364,0,2380,G
4-HA,766,0,6,2385,0,2391,G
4-HA,767,1,7,2409,0,2417,G
4-HA,768,2422,0,1,0,2423,A
4-HA,769,0,13,2422,0,2435,G
4-HA,770,2464,2,3,0,2469,A
4-HA,771,3,0,0,2471,2474,C
4-HA,772,2452,1,2,4,2459,A
4-HA,773,0,2472,1,0,2473,T
4-HA,774,2478,0,0,0,2478,A
4-HA,775,0,1,1,2502,2504,C
4-HA,776,1,2486,0,1,2488,T
4-HA,777,1,2501,0,0,2502,T
4-HA,778,0,2517,0,0,2517,T
4-HA,779,0,2504,0,0,2504,T
4-HA,780,1,15,2519,0,2535,G
4-HA,781,2558,0,1,0,2559,A
4-HA,782,0,2559,0,0,2559,T
4-HA,783,1,2639,0,0,2640,T
4-HA,784,2622,1,2,0,2625,A
4-HA,785,2644,0,1,0,2645,A
4-HA,786,0,1,1,2684,2686,C
4-HA,787,2678,0,0,0,2678,A
4-HA,788,0,3,2796,0,2799,G
4-HA,789,0,3,1,2782,2786,C
4-HA,790,2792,0,1,0,2793,A
4-HA,791,1,2,0,2805,2808,C
4-HA,792,2766,1,0,0,2767,A
4-HA,793,1,13,2800,0,2814,G
4-HA,794,0,11,2790,0,2801,G
4-HA,795,0,9,2912,0,2921,G
4-HA,796,2912,0,1,0,2913,A
4-HA,797,2944,0,2,1,2947,A
4-HA,798,0,2951,0,2,2953,T
4-HA,799,13,0,0,2947,2960,C
4-HA,800,0,2985,0,0,2985,T
4-HA,801,3001,0,1,0,3002,A
4-HA,802,2985,0,0,0,2985,A
4-HA,803,1,2979,0,1,2981,T
4-HA,804,0,2909,0,0,2909,T
4-HA,805,1,4,2959,0,2964,G
4-HA,806,4,1,0,3020,3025,C
4-HA,807,0,3103,0,3,3106,T
4-HA,808,10,0,0,3192,3202,C
4-HA,809,5,0,0,3194,3199,C
4-HA,810,0,3198,0,1,3199,T
4-HA,811,3201,1,0,0,3202,A
4-HA,812,0,14,3193,1,3208,G
4-HA,813,1,14,3207,0,3222,G
4-HA,814,0,12,3225,1,3238,G
4-HA,815,1,2,3179,0,3182,G
4-HA,816,0,3112,0,1,3113,T
4-HA,817,0,3077,0,1,3078,T
4-HA,818,3084,0,1,0,3085,A
4-HA,819,4,0,0,3136,3140,C
4-HA,820,1,3127,0,2,3130,T
4-HA,821,2,3144,0,3,3149,T
4-HA,822,10,0,0,3128,3138,C
4-HA,823,3117,0,0,0,3117,A
4-HA,824,3129,0,1,1,3131,A
4-HA,825,3138,0,1,0,3139,A
4-HA,826,3161,0,0,0,3161,A
4-HA,827,0,3157,1,1,3159,T
4-HA,828,3148,1,1,0,3150,A
4-HA,829,3,1,0,3142,3146,C
4-HA,830,1,10,3128,0,3139,G
4-HA,831,3145,2,2,0,3149,A
4-HA,832,3155,0,0,0,3155,A
4-HA,833,0,4,3208,0,3212,G
4-HA,834,0,3198,0,0,3198,T
4-HA,835,1,15,3194,0,3210,G
4-HA,836,0,11,3203,0,3214,G
4-HA,837,1,11,3214,0,3226,G
4-HA,838,3213,1,4,0,3218,A
4-HA,839,3218,1,3,0,3222,A
4-HA,840,3233,0,0,0,3233,A
4-HA,841,3211,0,3,0,3214,A
4-HA,842,0,2,3282,0,3284,G
4-HA,843,2,2,0,3270,3274,C
4-HA,844,0,3251,0,2,3253,T
4-HA,845,26,0,0,3274,3300,C
4-HA,846,3296,1,1,0,3298,A
4-HA,847,3334,2,2,0,3338,A
4-HA,848,0,3336,0,0,3336,T
4-HA,849,3369,0,1,0,3370,A
4-HA,850,3370,2,4,0,3376,A
4-HA,851,0,3305,0,2,3307,T
4-HA,852,1,21,3297,0,3319,G
4-HA,853,3286,0,0,0,3286,A
4-HA,854,0,15,3389,0,3404,G
4-HA,855,3396,0,2,0,3398,A
4-HA,856,1,3364,0,3,3368,T
4-HA,857,19,1,0,3415,3435,C
4-HA,858,3407,0,5,1,3413,A
4-HA,859,0,9,3509,0,3518,G
4-HA,860,3507,1,13,0,3521,A
4-HA,861,0,3507,0,1,3508,T
4-HA,862,2,3,3487,0,3492,G
4-HA,863,1,2,0,3416,3419,C
4-HA,864,3427,0,2,1,3430,A
4-HA,865,7,1,1,3514,3523,C
4-HA,866,10,2,0,3471,3483,C
4-HA,867,19,0,0,3472,3491,C
4-HA,868,3445,0,1,0,3446,A
4-HA,869,1,3432,0,2,3435,T
4-HA,870,0,3430,0,3,3433,T
4-HA,871,0,12,3478,0,3490,G
4-HA,872,3,1,3475,1,3480,G
4-HA,873,3,0,0,3473,3476,C
4-HA,874,3402,2,2,0,3406,A
4-HA,875,3399,0,0,0,3399,A
4-HA,876,3467,0,0,0,3467,A
4-HA,877,1,3459,1,0,3461,T
4-HA,878,1,1,3471,0,3473,G
4-HA,879,7,1,0,3458,3466,C
4-HA,880,3432,0,1,1,3434,A
4-HA,881,3530,1,0,1,3532,A
4-HA,882,1,3523,0,2,3526,T
4-HA,883,0,3539,1,3,3543,T
4-HA,884,13,0,0,3550,3563,C
4-HA,885,1,3489,0,2,3492,T
4-HA,886,2,16,3521,0,3539,G
4-HA,887,3532,0,1,0,3533,A
4-HA,888,3544,0,0,0,3544,A
4-HA,889,0,3548,0,0,3548,T
4-HA,890,1,3,3508,1,3513,G
4-HA,891,2,2,0,3533,3537,C
4-HA,892,3527,0,5,0,3532,A
4-HA,893,0,3529,0,3,3532,T
4-HA,894,18,1,0,3512,3531,C
4-HA,895,3532,1,0,0,3533,A
4-HA,896,6,1,0,3673,3680,C
4-HA,897,0,3659,0,3,3662,T
4-HA,898,18,0,0,3652,3670,C
4-HA,899,25,2,0,3626,3653,C
4-HA,900,3706,0,1,0,3707,A
4-HA,901,3704,0,2,0,3706,A
4-HA,902,3694,1,3,0,3698,A
4-HA,903,2,3565,0,0,3567,T
4-HA,904,0,14,3580,0,3594,G
4-HA,905,1,9,3600,2,3612,G
4-HA,906,3620,1,1,0,3622,A
4-HA,907,3609,0,5,1,3615,A
4-HA,908,0,1,3628,0,3629,G
4-HA,909,3,0,0,3584,3587,C
4-HA,910,3577,2,1,0,3580,A
4-HA,911,0,3604,0,0,3604,T
4-HA,912,1,3594,0,0,3595,T
4-HA,913,8,1,0,3684,3693,C
4-HA,914,10,2,0,3663,3675,C
4-HA,915,27,3,1,3640,3671,C
4-HA,916,3674,1,1,0,3676,A
4-HA,917,3733,0,1,1,3735,A
4-HA,918,0,3792,0,1,3793,T
4-HA,919,2,40,3757,0,3799,G
4-HA,920,3790,0,0,1,3791,A
4-HA,921,5,1,0,3779,3785,C
4-HA,922,3677,1,0,0,3678,A
4-HA,923,3679,1,2,0,3682,A
4-HA,924,3682,0,3,1,3686,A
4-HA,925,3,1,0,3699,3703,C
4-HA,926,15,1,0,3627,3643,C
4-HA,927,3580,0,1,0,3581,A
4-HA,928,0,3594,0,1,3595,T
4-HA,929,2,3591,1,1,3595,T
4-HA,930,10,2,0,3602,3614,C
4-HA,931,10,0,0,3600,3610,C
4-HA,932,3609,0,1,0,3610,A
4-HA,933,3606,0,0,1,3607,A
4-HA,934,3588,0,1,0,3589,A
4-HA,935,3643,0,1,0,3644,A
4-HA,936,0,3637,1,1,3639,T
4-HA,937,0,3,3633,0,3636,G
4-HA,938,1,3614,0,3,3618,T
4-HA,939,0,3609,0,1,3610,T
4-HA,940,3666,1,0,1,3668,A
4-HA,941,3667,0,0,0,3667,A
4-HA,942,1,1,0,3679,3681,C
4-HA,943,3643,1,2,0,3646,A
4-HA,944,0,9,3650,0,3659,G
4-HA,945,0,20,3694,0,3714,G
4-HA,946,3782,1,2,0,3785,A
4-HA,947,0,3803,0,0,3803,T
4-HA,948,19,1,1,3815,3836,C
4-HA,949,3847,3,3,1,3854,A
4-HA,950,2,0,0,3995,3997,C
4-HA,951,3991,1,1,0,3993,A
4-HA,952,0,4114,0,2,4116,T
4-HA,953,4024,2,2,2,4030,A
4-HA,954,1,4,0,3969,3974,C
4-HA,955,1,15,3827,0,3843,G
4-HA,956,0,10,3844,1,3855,G
4-HA,957,2,4,3816,1,3823,G
4-HA,958,0,5,3815,1,3821,G
4-HA,959,4,0,0,3723,3727,C
4-HA,960,2,2,1,3702,3707,C
4-HA,961,0,3610,0,1,3611,T
4-HA,962,2,2,3920,0,3924,G
4-HA,963,2,3928,0,19,3949,T
4-HA,964,19,3,0,3934,3956,C
4-HA,965,17,3,0,3933,3953,C
4-HA,966,19,1,1,3913,3934,C
4-HA,967,3907,0,1,0,3908,A
4-HA,968,1,9,3933,0,3943,G
4-HA,969,3932,0,1,0,3933,A
4-HA,970,0,3925,0,0,3925,T
4-HA,971,3650,0,1,0,3651,A
4-HA,972,0,3572,0,0,3572,T
4-HA,973,0,3,3594,0,3597,G
4-HA,974,1,3581,0,0,3582,T
4-HA,975,0,3515,0,1,3516,T
4-HA,976,3552,1,0,0,3553,A
4-HA,977,3502,1,1,0,3504,A
4-HA,978,1,8,3535,0,3544,G
4-HA,979,7,1,0,3535,3543,C
4-HA,980,3461,1,1,0,3463,A
4-HA,981,3463,1,1,2,3467,A
4-HA,982,3429,0,0,0,3429,A
4-HA,983,3434,1,3,1,3439,A
4-HA,984,5,2,0,3438,3445,C
4-HA,985,3404,1,0,0,3405,A
4-HA,986,1,4,0,3443,3448,C
4-HA,987,1,3400,0,0,3401,T
4-HA,988,12,0,0,3404,3416,C
4-HA,989,0,3412,0,1,3413,T
4-HA,990,0,11,3423,0,3434,G
4-HA,991,3431,0,2,0,3433,A
4-HA,992,3421,0,2,0,3423,A
4-HA,993,3420,1,1,2,3424,A
4-HA,994,0,3407,0,1,3408,T
4-HA,995,1,3367,0,0,3368,T
4-HA,996,10,10,3394,0,3414,G
4-HA,997,2,4,3401,0,3407,G
4-HA,998,4,0,0,3411,3415,C
4-HA,999,3378,1,1,0,3380,A
4-HA,1000,3381,0,1,0,3382,A
4-HA,1001,1,3,1,3387,3392,C
4-HA,1002,3369,1,1,0,3371,A
4-HA,1003,1,13,3393,0,3407,G
4-HA,1004,0,20,3373,1,3394,G
4-HA,1005,2,6,3365,0,3373,G
4-HA,1006,3379,0,1,0,3380,A
4-HA,1007,0,3359,0,1,3360,T
4-HA,1008,2,3,3358,0,3363,G
4-HA,1009,4,1,0,3356,3361,C
4-HA,1010,2,17,3350,0,3369,G
4-HA,1011,3396,0,0,0,3396,A
4-HA,1012,3333,1,2,0,3336,A
4-HA,1013,3365,3,0,0,3368,A
4-HA,1014,1,3320,0,0,3321,T
4-HA,1015,1,5,3372,0,3378,G
4-HA,1016,0,3367,0,1,3368,T
4-HA,1017,3351,1,3,0,3355,A
4-HA,1018,1,1,0,3338,3340,C
4-HA,1019,25,1,0,3303,3329,C
4-HA,1020,3263,1,2,0,3266,A
4-HA,1021,1,14,3265,0,3280,G
4-HA,1022,3198,1,0,0,3199,A
4-HA,1023,1,11,3225,0,3237,G
4-HA,1024,3181,0,1,0,3182,A
4-HA,1025,3173,1,0,0,3174,A
4-HA,1026,3191,1,2,0,3194,A
4-HA,1027,5,1,0,3192,3198,C
4-HA,1028,3160,1,2,0,3163,A
4-HA,1029,3218,1,0,0,3219,A
4-HA,1030,3202,0,2,0,3204,A
4-HA,1031,2,0,0,3221,3223,C
4-HA,1032,0,3191,0,1,3192,T
4-HA,1033,3149,0,1,0,3150,A
4-HA,1034,0,11,3144,0,3155,G
4-HA,1035,3123,0,1,0,3124,A
4-HA,1036,1,9,3171,0,3181,G
4-HA,1037,1,2,3175,1,3179,G
4-HA,1038,8,0,0,3108,3116,C
4-HA,1039,3119,0,0,0,3119,A
4-HA,1040,0,3127,0,2,3129,T
4-HA,1041,3152,0,0,0,3152,A
4-HA,1042,0,3147,0,0,3147,T
4-HA,1043,0,3136,0,1,3137,T
4-HA,1044,0,3133,0,1,3134,T
4-HA,1045,1,10,3004,0,3015,G
4-HA,1046,3,3,3010,0,3016,G
4-HA,1047,1,3,0,3008,3012,C
4-HA,1048,3,5,2996,0,3004,G
4-HA,1049,3,0,0,2979,2982,C
4-HA,1050,2963,1,0,1,2965,A
4-HA,1051,3008,0,1,0,3009,A
4-HA,1052,0,3008,1,1,3010,T
4-HA,1053,8,0,0,3004,3012,C
4-HA,1054,1,0,3015,0,3016,G
4-HA,1055,2,3,0,3003,3008,C
4-HA,1056,2,12,2990,0,3004,G
4-HA,1057,0,3,3028,1,3032,G
4-HA,1058,1,2,3050,0,3053,G
4-HA,1059,1,3039,9,2,3051,T
4-HA,1060,1,2977,0,1,2979,T
4-HA,1061,1,2986,0,3,2990,T
4-HA,1062,17,0,0,2969,2986,C
4-HA,1063,2983,1,3,0,2987,A
4-HA,1064,0,2996,0,0,2996,T
4-HA,1065,2989,0,2,0,2991,A
4-HA,1066,0,4,3009,0,3013,G
4-HA,1067,2950,0,2,0,2952,A
4-HA,1068,2956,0,1,0,2957,A
4-HA,1069,2958,0,1,0,2959,A
4-HA,1070,2973,0,2,0,2975,A
4-HA,1071,0,2971,0,0,2971,T
4-HA,1072,0,14,2995,0,3009,G
4-HA,1073,0,1,3027,0,3028,G
4-HA,1074,0,3003,1,2,3006,T
4-HA,1075,1,2926,1,1,2929,T
4-HA,1076,4,20,2903,0,2927,G
4-HA,1077,1,11,2956,0,2968,G
4-HA,1078,1,7,2972,0,2980,G
4-HA,1079,2950,2,2,1,2955,A
4-HA,1080,2,6,2960,0,2968,G
4-HA,1081,11,11,2917,0,2939,G
4-HA,1082,1,11,3011,0,3023,G
4-HA,1083,3015,1,2,0,3018,A
4-HA,1084,3052,0,1,0,3053,A
4-HA,1085,0,3053,0,2,3055,T
4-HA,1086,0,14,3026,0,3040,G
4-HA,1087,3,5,3089,1,3098,G
4-HA,1088,0,3055,0,1,3056,T
4-HA,1089,1,8,3045,1,3055,G
4-HA,1090,0,13,3035,1,3049,G
4-HA,1091,2988,0,3,0,2991,A
4-HA,1092,0,3006,0,0,3006,T
4-HA,1093,3,18,3020,0,3041,G
4-HA,1094,0,1,3088,0,3089,G
4-HA,1095,0,3043,1,1,3045,T
4-HA,1096,1,2950,1,0,2952,T
4-HA,1097,1,14,2945,1,2961,G
4-HA,1098,1,2,2998,0,3001,G
4-HA,1099,0,2991,1,1,2993,T
4-HA,1100,2990,0,0,0,2990,A
4-HA,1101,2,1,1,2831,2835,C
4-HA,1102,0,6,2863,0,2869,G
4-HA,1103,0,2,2959,0,2961,G
4-HA,1104,1,2954,1,2,2958,T
4-HA,1105,0,2961,0,0,2961,T
4-HA,1106,0,2940,0,3,2943,T
4-HA,1107,9,1,0,2897,2907,C
4-HA,1108,2900,1,1,0,2902,A
4-HA,1109,0,9,2897,0,2906,G
4-HA,1110,2,0,2898,0,2900,G
4-HA,1111,1,0,0,2887,2888,C
4-HA,1112,2772,0,1,0,2773,A
4-HA,1113,1,2778,0,3,2782,T
4-HA,1114,11,1,0,2777,2789,C
4-HA,1115,2796,0,1,0,2797,A
4-HA,1116,2787,0,0,0,2787,A
4-HA,1117,2795,0,1,0,2796,A
4-HA,1118,2812,0,0,0,2812,A
4-HA,1119,0,2810,1,0,2811,T
4-HA,1120,0,2806,1,1,2808,T
4-HA,1121,10,1,0,2809,2820,C
4-HA,1122,0,2798,0,1,2799,T
4-HA,1123,1,5,2792,1,2799,G
4-HA,1124,2795,0,0,0,2795,A
4-HA,1125,2770,1,3,0,2774,A
4-HA,1126,2,6,2781,1,2790,G
4-HA,1127,0,9,2821,1,2831,G
4-HA,1128,2827,0,0,0,2827,A
4-HA,1129,2824,1,1,1,2827,A
4-HA,1130,0,10,2789,0,2799,G
4-HA,1131,2843,1,0,0,2844,A
4-HA,1132,1,5,2866,0,2872,G
4-HA,1133,3,13,2867,0,2883,G
4-HA,1134,2890,0,4,0,2894,A
4-HA,1135,2,0,0,2889,2891,C
4-HA,1136,2853,0,2,0,2855,A
4-HA,1137,2843,0,1,0,2844,A
4-HA,1138,0,4,2848,0,2852,G
4-HA,1139,2,1,1,2853,2857,C
4-HA,1140,2831,1,1,0,2833,A
4-HA,1141,1,2,2833,0,2836,G
4-HA,1142,2,0,0,2825,2827,C
4-HA,1143,2809,0,0,0,2809,A
4-HA,1144,8,8,2823,0,2839,G
4-HA,1145,2815,0,0,0,2815,A
4-HA,1146,0,2885,0,2,2887,T
4-HA,1147,8,1,0,2888,2897,C
4-HA,1148,0,2867,1,2,2870,T
4-HA,1149,17,1,0,2866,2884,C
4-HA,1150,2872,0,0,0,2872,A
4-HA,1151,2872,0,3,0,2875,A
4-HA,1152,2872,0,1,0,2873,A
4-HA,1153,2819,1,2,0,2822,A
4-HA,1154,1,3,2828,0,2832,G
4-HA,1155,3,4,0,2763,2770,C
4-HA,1156,2758,1,0,0,2759,A
4-HA,1157,0,0,0,2818,2818,C
4-HA,1158,0,2815,0,0,2815,T
4-HA,1159,18,0,0,2794,2812,C
4-HA,1160,2804,1,1,1,2807,A
4-HA,1161,2876,2,1,0,2879,A
4-HA,1162,0,0,2878,0,2878,G
4-HA,1163,3,0,0,2874,2877,C
4-HA,1164,2852,0,1,0,2853,A
4-HA,1165,1,1,2869,0,2871,G
4-HA,1166,4,0,0,2809,2813,C
4-HA,1167,2794,0,1,1,2796,A
4-HA,1168,2792,1,0,0,2793,A
4-HA,1169,0,2784,0,1,2785,T
4-HA,1170,9,1,0,2696,2706,C
4-HA,1171,1,20,2701,0,2722,G
4-HA,1172,2720,0,0,0,2720,A
4-HA,1173,0,2707,0,1,2708,T
4-HA,1174,18,1,0,2679,2698,C
4-HA,1175,2686,0,2,0,2688,A
4-HA,1176,2752,1,0,0,2753,A
4-HA,1177,2761,0,0,0,2761,A
4-HA,1178,0,2761,0,0,2761,T
4-HA,1179,17,1,0,2740,2758,C
4-HA,1180,2716,2,2,0,2720,A
4-HA,1181,2746,0,1,1,2748,A
4-HA,1182,0,2744,1,0,2745,T
4-HA,1183,0,9,2746,0,2755,G
4-HA,1184,0,8,2743,1,2752,G
4-HA,1185,4,6,2706,0,2716,G
4-HA,1186,2737,0,0,0,2737,A
4-HA,1187,2725,0,2,0,2727,A
4-HA,1188,0,1,2761,0,2762,G
4-HA,1189,1,0,0,2764,2765,C
4-HA,1190,0,2742,0,1,2743,T
4-HA,1191,1,8,2856,0,2865,G
4-HA,1192,2862,0,2,0,2864,A
4-HA,1193,2859,1,1,1,2862,A
4-HA,1194,2,2865,0,1,2868,T
4-HA,1195,2771,0,1,0,2772,A
4-HA,1196,1,5,2761,0,2767,G
4-HA,1197,2536,0,1,0,2537,A
4-HA,1198,0,2563,1,0,2564,T
4-HA,1199,0,2565,1,1,2567,T
4-HA,1200,1,15,2558,2,2576,G
4-HA,1201,2573,0,2,0,2575,A
4-HA,1202,0,2566,1,0,2567,T
4-HA,1203,17,1,0,2549,2567,C
4-HA,1204,4,7,2547,0,2558,G
4-HA,1205,1,4,2556,1,2562,G
4-HA,1206,0,6,2562,0,2568,G
4-HA,1207,2558,1,1,1,2561,A
4-HA,1208,2567,0,0,0,2567,A
4-HA,1209,2545,0,2,0,2547,A
4-HA,1210,2562,0,4,1,2567,A
4-HA,1211,1,1,0,2565,2567,C
4-HA,1212,9,0,0,2559,2568,C
4-HA,1213,2535,0,1,0,2536,A
4-HA,1214,2536,0,0,1,2537,A
4-HA,1215,1,1,0,2534,2536,C
4-HA,1216,2,11,2535,0,2548,G
4-HA,1217,2541,0,0,0,2541,A
4-HA,1218,0,5,2535,0,2540,G
4-HA,1219,2527,0,1,0,2528,A
4-HA,1220,2525,0,1,0,2526,A
4-HA,1221,2524,0,2,0,2526,A
4-HA,1222,0,2526,0,2,2528,T
4-HA,1223,0,2526,0,4,2530,T
4-HA,1224,13,0,0,2528,2541,C
4-HA,1225,6,0,0,2509,2515,C
4-HA,1226,2515,1,2,0,2518,A
4-HA,1227,0,2515,0,0,2515,T
4-HA,1228,6,0,0,2509,2515,C
4-HA,1229,2499,0,3,0,2502,A
4-HA,1230,0,4,2513,0,2517,G
4-HA,1231,2493,0,0,0,2493,A
4-HA,1232,1,2494,0,0,2495,T
4-HA,1233,0,2482,0,0,2482,T
4-HA,1234,0,11,2498,0,2509,G
4-HA,1235,2502,1,1,0,2504,A
4-HA,1236,2506,0,0,0,2506,A
4-HA,1237,2506,0,0,0,2506,A
4-HA,1238,2505,0,0,0,2505,A
4-HA,1239,2475,1,2,1,2479,A
4-HA,1240,0,7,2479,0,2486,G
4-HA,1241,2478,2,1,0,2481,A
4-HA,1242,2491,0,2,0,2493,A
4-HA,1243,3,2458,0,0,2461,T
4-HA,1244,0,2463,0,2,2465,T
4-HA,1245,9,2,0,2464,2475,C
4-HA,1246,0,2464,1,1,2466,T
4-HA,1247,7,1,0,2457,2465,C
4-HA,1248,2459,0,0,1,2460,A
4-HA,1249,0,3,2457,0,2460,G
4-HA,1250,2453,1,0,1,2455,A
4-HA,1251,2440,0,0,0,2440,A
4-HA,1252,0,0,2476,0,2476,G
4-HA,1253,0,2460,0,3,2463,T
4-HA,1254,11,4,0,2448,2463,C
4-HA,1255,4,6,2449,0,2459,G
4-HA,1256,2445,1,7,0,2453,A
4-HA,1257,2447,0,4,0,2451,A
4-HA,1258,1,19,2429,0,2449,G
4-HA,1259,1,6,2457,0,2464,G
4-HA,1260,0,11,2449,1,2461,G
4-HA,1261,2418,0,1,0,2419,A
4-HA,1262,0,8,2431,0,2439,G
4-HA,1263,2428,0,0,0,2428,A
4-HA,1264,2582,0,1,0,2583,A
4-HA,1265,0,2583,0,1,2584,T
4-HA,1266,0,2582,0,0,2582,T
4-HA,1267,10,0,0,2576,2586,C
4-HA,1268,2544,0,1,0,2545,A
4-HA,1269,0,7,2540,0,2547,G
4-HA,1270,0,10,2540,0,2550,G
4-HA,1271,2549,0,2,0,2551,A
4-HA,1272,1,0,0,2552,2553,C
4-HA,1273,8,0,0,2322,2330,C
4-HA,1274,0,2314,0,2,2316,T
4-HA,1275,0,2256,0,60,2316,T
4-HA,1276,0,9,2331,0,2340,G
4-HA,1277,2337,0,1,0,2338,A
4-HA,1278,1,8,2395,0,2404,G
4-HA,1279,2388,1,1,0,2390,A
4-HA,1280,2267,0,0,0,2267,A
4-HA,1281,2262,0,2,0,2264,A
4-HA,1282,0,2225,0,0,2225,T
4-HA,1283,2298,0,0,0,2298,A
4-HA,1284,1,2285,0,0,2286,T
4-HA,1285,0,1,2304,0,2305,G
4-HA,1286,3,2296,0,1,2300,T
4-HA,1287,0,2214,0,0,2214,T
4-HA,1288,1,13,2215,0,2229,G
4-HA,1289,2212,0,1,0,2213,A
4-HA,1290,0,10,2213,0,2223,G
4-HA,1291,1,7,2208,0,2216,G
4-HA,1292,2165,0,1,0,2166,A
4-HA,1293,1,1,0,2222,2224,C
4-HA,1294,2192,1,1,0,2194,A
4-HA,1295,2,0,0,2243,2245,C
4-HA,1296,8,0,0,2237,2245,C
4-HA,1297,2250,0,2,0,2252,A
4-HA,1298,2322,1,0,0,2323,A
4-HA,1299,2311,0,1,0,2312,A
4-HA,1300,2332,0,1,1,2334,A
4-HA,1301,0,2332,0,1,2333,T
4-HA,1302,2271,0,0,1,2272,A
4-HA,1303,0,6,2280,0,2286,G
4-HA,1304,2243,0,0,1,2244,A
4-HA,1305,0,2263,0,0,2263,T
4-HA,1306,5,1,0,2257,2263,C
4-HA,1307,0,2207,0,1,2208,T
4-HA,1308,12,1,0,2264,2277,C
4-HA,1309,1,2276,0,1,2278,T
4-HA,1310,0,5,2327,0,2332,G
4-HA,1311,12,2,2380,0,2394,G
4-HA,1312,0,2376,1,2,2379,T
4-HA,1313,14,2,0,2365,2381,C
4-HA,1314,2397,0,2,0,2399,A
4-HA,1315,2,2398,0,4,2404,T
4-HA,1316,2408,0,0,1,2409,A
4-HA,1317,2,2,0,2401,2405,C
4-HA,1318,2315,0,1,0,2316,A
4-HA,1319,2332,1,1,0,2334,A
4-HA,1320,1,1,0,2259,2261,C
4-HA,1321,1,3,2257,0,2261,G
4-HA,1322,0,2,0,2253,2255,C
4-HA,1323,0,10,2220,0,2230,G
4-HA,1324,0,10,2237,0,2247,G
4-HA,1325,2237,2,1,0,2240,A
4-HA,1326,0,1,2283,0,2284,G
4-HA,1327,0,0,0,2272,2272,C
4-HA,1328,1,2251,0,0,2252,T
4-HA,1329,0,2250,1,1,2252,T
4-HA,1330,5,0,0,2261,2266,C
4-HA,1331,0,2272,0,3,2275,T
4-HA,1332,1,2275,0,2,2278,T
4-HA,1333,1,1,2269,0,2271,G
4-HA,1334,0,2253,0,2,2255,T
4-HA,1335,0,2220,0,2,2222,T
4-HA,1336,2,2,2279,0,2283,G
4-HA,1337,3,1,0,2272,2276,C
4-HA,1338,9,1,0,2259,2269,C
4-HA,1339,7,0,0,2277,2284,C
4-HA,1340,0,2268,0,0,2268,T
4-HA,1341,1,6,2289,1,2297,G
4-HA,1342,0,7,2295,0,2302,G
4-HA,1343,2297,1,0,0,2298,A
4-HA,1344,0,10,2295,0,2305,G
4-HA,1345,2262,0,3,1,2266,A
4-HA,1346,2283,0,0,0,2283,A
4-HA,1347,3,13,0,2306,2322,C
4-HA,1348,8,1,0,2308,2317,C
4-HA,1349,2316,0,1,0,2317,A
4-HA,1350,2401,1,0,0,2402,A
4-HA,1351,4,0,1,2412,2417,C
4-HA,1352,2427,1,1,0,2429,A
4-HA,1353,0,2421,0,0,2421,T
4-HA,1354,2405,0,2,0,2407,A
4-HA,1355,0,0,0,2457,2457,C
4-HA,1356,2408,0,1,0,2409,A
4-HA,1357,2415,0,1,0,2416,A
4-HA,1358,0,2403,1,0,2404,T
4-HA,1359,1,2310,0,0,2311,T
4-HA,1360,0,19,2330,0,2349,G
4-HA,1361,2360,0,2,0,2362,A
4-HA,1362,0,2360,0,2,2362,T
4-HA,1363,6,0,0,2367,2373,C
4-HA,1364,0,2327,0,1,2328,T
4-HA,1365,2344,0,0,0,2344,A
4-HA,1366,2345,1,0,0,2346,A
4-HA,1367,1,0,0,2343,2344,C
4-HA,1368,0,2326,0,1,2327,T
4-HA,1369,1,15,2291,1,2308,G
4-HA,1370,2312,0,1,0,2313,A
4-HA,1371,0,0,0,2313,2313,C
4-HA,1372,0,2303,0,1,2304,T
4-HA,1373,14,0,0,2294,2308,C
4-HA,1374,2299,0,1,0,2300,A
4-HA,1375,0,10,2352,0,2362,G
4-HA,1376,2359,0,0,0,2359,A
4-HA,1377,2359,0,0,0,2359,A
4-HA,1378,2350,1,0,0,2351,A
4-HA,1379,2,2337,0,1,2340,T
4-HA,1380,1,32,2335,0,2368,G
4-HA,1381,2370,0,2,0,2372,A
4-HA,1382,2366,0,5,0,2371,A
4-HA,1383,1,0,0,2369,2370,C
4-HA,1384,2331,0,1,0,2332,A
4-HA,1385,2337,0,0,0,2337,A
4-HA,1386,2334,0,0,0,2334,A
4-HA,1387,1,0,0,2346,2347,C
4-HA,1388,1,2319,0,0,2320,T
4-HA,1389,0,1,2324,0,2325,G
4-HA,1390,1,2308,0,1,2310,T
4-HA,1391,1,2312,0,0,2313,T
4-HA,1392,0,2311,0,0,2311,T
4-HA,1393,0,10,2302,0,2312,G
4-HA,1394,2313,0,0,0,2313,A
4-HA,1395,2311,0,1,0,2312,A
4-HA,1396,2301,0,1,0,2302,A
4-HA,1397,2306,1,1,0,2308,A
4-HA,1398,2289,1,1,0,2291,A
4-HA,1399,2292,0,0,1,2293,A
4-HA,1400,2,0,0,2294,2296,C
4-HA,1401,2291,0,1,0,2292,A
4-HA,1402,2294,1,1,0,2296,A
4-HA,1403,2297,0,1,0,2298,A
4-HA,1404,0,3,2306,0,2309,G
4-HA,1405,2315,0,1,0,2316,A
4-HA,1406,2310,0,2,0,2312,A
4-HA,1407,1,2,2315,0,2318,G
4-HA,1408,2,1,0,2313,2316,C
4-HA,1409,2310,0,3,0,2313,A
4-HA,1410,2330,0,1,0,2331,A
4-HA,1411,2,12,0,2328,2342,C
4-HA,1412,1,2330,0,0,2331,T
4-HA,1413,2,4,2327,1,2334,G
4-HA,1414,2314,0,1,1,2316,A
4-HA,1415,0,13,2320,0,2333,G
4-HA,1416,1,9,2339,0,2349,G
4-HA,1417,0,13,2335,1,2349,G
4-HA,1418,2349,0,0,0,2349,A
4-HA,1419,2335,2,1,1,2339,A
4-HA,1420,2329,1,0,1,2331,A
4-HA,1421,2360,2,0,0,2362,A
4-HA,1422,0,2364,0,1,2365,T
4-HA,1423,10,1,2362,0,2373,G
4-HA,1424,0,3,0,2364,2367,C
4-HA,1425,0,2339,0,1,2340,T
4-HA,1426,0,3,2349,0,2352,G
4-HA,1427,2352,0,1,0,2353,A
4-HA,1428,1,7,2474,0,2482,G
4-HA,1429,0,5,2511,0,2516,G
4-HA,1430,2480,1,1,0,2482,A
4-HA,1431,0,2476,0,1,2477,T
4-HA,1432,2461,0,0,0,2461,A
4-HA,1433,1,2428,0,16,2445,T
4-HA,1434,0,8,2464,0,2472,G
4-HA,1435,0,4,2486,0,2490,G
4-HA,1436,0,2,2484,0,2486,G
4-HA,1437,2,0,0,2367,2369,C
4-HA,1438,2284,0,1,0,2285,A
4-HA,1439,2288,0,1,0,2289,A
4-HA,1440,0,2281,0,0,2281,T
4-HA,1441,1,6,2272,0,2279,G
4-HA,1442,0,4,2277,1,2282,G
4-HA,1443,1,2242,0,0,2243,T
4-HA,1444,0,2167,0,0,2167,T
4-HA,1445,0,2,2177,1,2180,G
4-HA,1446,0,2192,0,3,2195,T
4-HA,1447,0,2187,0,1,2188,T
4-HA,1448,2,2192,0,0,2194,T
4-HA,1449,14,0,0,2185,2199,C
4-HA,1450,2193,0,0,0,2193,A
4-HA,1451,2211,0,0,0,2211,A
4-HA,1452,2207,0,1,0,2208,A
4-HA,1453,2241,0,0,0,2241,A
4-HA,1454,0,2232,0,0,2232,T
4-HA,1455,2219,0,0,0,2219,A
4-HA,1456,0,2225,0,2,2227,T
4-HA,1457,2224,0,0,0,2224,A
4-HA,1458,0,2,0,2250,2252,C
4-HA,1459,13,2,0,2213,2228,C
4-HA,1460,2232,0,1,0,2233,A
4-HA,1461,2,0,0,2241,2243,C
4-HA,1462,2240,0,0,0,2240,A
4-HA,1463,2248,0,1,0,2249,A
4-HA,1464,2257,0,0,0,2257,A
4-HA,1465,0,2254,0,0,2254,T
4-HA,1466,2,4,2261,0,2267,G
4-HA,1467,0,2229,0,0,2229,T
4-HA,1468,0,16,2244,0,2260,G
4-HA,1469,2255,0,4,0,2259,A
4-HA,1470,3,0,0,2252,2255,C
4-HA,1471,2218,0,0,0,2218,A
4-HA,1472,2225,0,0,0,2225,A
4-HA,1473,0,2270,0,0,2270,T
4-HA,1474,1,0,2284,0,2285,G
4-HA,1475,1,1,1,2280,2283,C
4-HA,1476,8,0,1,2271,2280,C
4-HA,1477,2,2261,0,2,2265,T
4-HA,1478,0,1,2375,0,2376,G
4-HA,1479,2,1,0,2381,2384,C
4-HA,1480,2387,0,1,0,2388,A
4-HA,1481,0,2387,0,2,2389,T
4-HA,1482,2296,0,1,0,2297,A
4-HA,1483,1,6,2305,0,2312,G
4-HA,1484,0,7,2290,0,2297,G
4-HA,1485,2286,0,0,0,2286,A
4-HA,1486,1,2284,0,2,2287,T
4-HA,1487,4,1,0,2173,2178,C
4-HA,1488,2161,0,1,0,2162,A
4-HA,1489,2169,0,0,0,2169,A
4-HA,1490,0,2165,0,1,2166,T
4-HA,1491,9,1,0,2164,2174,C
4-HA,1492,2139,0,0,0,2139,A
4-HA,1493,0,10,2153,0,2163,G
4-HA,1494,2160,0,1,0,2161,A
4-HA,1495,2162,0,5,0,2167,A
4-HA,1496,2163,0,0,0,2163,A
4-HA,1497,1,2155,0,0,2156,T
4-HA,1498,0,9,2132,0,2141,G
4-HA,1499,0,14,2132,1,2147,G
4-HA,1500,2139,1,1,0,2141,A
4-HA,1501,2156,0,0,0,2156,A
4-HA,1502,1,1,0,2156,2158,C
4-HA,1503,0,2142,1,3,2146,T
4-HA,1504,0,2154,0,0,2154,T
4-HA,1505,2160,0,0,0,2160,A
4-HA,1506,1,2158,0,0,2159,T
4-HA,1507,0,13,2146,0,2159,G
4-HA,1508,2164,1,3,0,2168,A
4-HA,1509,0,1,1,2170,2172,C
4-HA,1510,6,0,0,2143,2149,C
4-HA,1511,2133,0,2,0,2135,A
4-HA,1512,0,0,0,2195,2195,C
4-HA,1513,0,7,2258,0,2265,G
4-HA,1514,2323,1,4,0,2328,A
4-HA,1515,0,2351,0,0,2351,T
4-HA,1516,0,0,2483,0,2483,G
4-HA,1517,0,2468,0,2,2470,T
4-HA,1518,2542,0,17,0,2559,A
4-HA,1519,0,2559,0,0,2559,T
4-HA,1520,2551,1,1,0,2553,A
4-HA,1521,1,0,0,2550,2551,C
4-HA,1522,2302,0,1,0,2303,A
4-HA,1523,0,10,2333,0,2343,G
4-HA,1524,2187,0,0,2,2189,A
4-HA,1525,0,3,2123,1,2127,G
4-HA,1526,2106,0,0,0,2106,A
4-HA,1527,1,1971,0,0,1972,T
4-HA,1528,1,11,1961,0,1973,G
4-HA,1529,1965,0,3,0,1968,A
4-HA,1530,1957,0,2,0,1959,A
4-HA,1531,1,1,2001,0,2003,G
4-HA,1532,3,1,0,1958,1962,C
4-HA,1533,1954,0,0,0,1954,A
4-HA,1534,0,1943,0,1,1944,T
4-HA,1535,0,1946,0,0,1946,T
4-HA,1536,1968,0,0,0,1968,A
4-HA,1537,1960,2,0,0,1962,A
4-HA,1538,1964,0,0,1,1965,A
4-HA,1539,1,0,0,1967,1968,C
4-HA,1540,1912,0,1,0,1913,A
4-HA,1541,1923,0,0,1,1924,A
4-HA,1542,0,0,0,1919,1919,C
4-HA,1543,1,3,0,1909,1913,C
4-HA,1544,1,5,1906,0,1912,G
4-HA,1545,0,0,1942,0,1942,G
4-HA,1546,1,1941,0,2,1944,T
4-HA,1547,2,1934,0,1,1937,T
4-HA,1548,5,0,0,1931,1936,C
4-HA,1549,5,0,0,1937,1942,C
4-HA,1550,1927,0,1,1,1929,A
4-HA,1551,0,2,1953,0,1955,G
4-HA,1552,1950,0,0,1,1951,A
4-HA,1553,0,1949,0,1,1950,T
4-HA,1554,14,1,0,1869,1884,C
4-HA,1555,1859,0,0,1,1860,A
4-HA,1556,1858,0,1,1,1860,A
4-HA,1557,1,9,1854,0,1864,G
4-HA,1558,0,3,1856,0,1859,G
4-HA,1559,1,8,1851,0,1860,G
4-HA,1560,1761,1,1,0,1763,A
4-HA,1561,0,1,1780,0,1781,G
4-HA,1562,0,1782,1,0,1783,T
4-HA,1563,1,1781,0,0,1782,T
4-HA,1564,0,11,1787,0,1798,G
4-HA,1565,1784,1,1,0,1786,A
4-HA,1566,1,1,1793,0,1795,G
4-HA,1567,2,0,0,1789,1791,C
4-HA,1568,0,1768,0,4,1772,T
4-HA,1569,1,6,1765,0,1772,G
4-HA,1570,1766,0,0,0,1766,A
4-HA,1571,1772,0,0,0,1772,A
4-HA,1572,0,0,1770,0,1770,G
4-HA,1573,0,1731,0,0,1731,T
4-HA,1574,20,1,0,1704,1725,C
4-HA,1575,1690,0,3,0,1693,A
4-HA,1576,0,5,1688,0,1693,G
4-HA,1577,0,12,1677,0,1689,G
4-HA,1578,0,4,1635,0,1639,G
4-HA,1579,1,1696,0,1,1698,T
4-HA,1580,1704,1,0,0,1705,A
4-HA,1581,2,1,0,1701,1704,C
4-HA,1582,1690,0,0,0,1690,A
4-HA,1583,1690,0,2,0,1692,A
4-HA,1584,1687,0,0,0,1687,A
4-HA,1585,0,5,1702,0,1707,G
4-HA,1586,1652,0,0,0,1652,A
4-HA,1587,0,1607,0,3,1610,T
4-HA,1588,0,1582,0,0,1582,T
4-HA,1589,0,4,1585,0,1589,G
4-HA,1590,2,4,1587,0,1593,G
4-HA,1591,1595,0,2,0,1597,A
4-HA,1592,2,1594,1,0,1597,T
4-HA,1593,5,0,0,1584,1589,C
4-HA,1594,5,0,0,1560,1565,C
4-HA,1595,0,1548,0,0,1548,T
4-HA,1596,1551,0,0,0,1551,A
4-HA,1597,0,1551,0,1,1552,T
4-HA,1598,0,9,1535,0,1544,G
4-HA,1599,0,4,1540,0,1544,G
4-HA,1600,1514,0,0,0,1514,A
4-HA,1601,0,1506,0,4,1510,T
4-HA,1602,1,1490,0,1,1492,T
4-HA,1603,0,1491,0,0,1491,T
4-HA,1604,3,0,0,1494,1497,C
4-HA,1605,2,0,0,1485,1487,C
4-HA,1606,0,1459,0,0,1459,T
4-HA,1607,1,1449,0,2,1452,T
4-HA,1608,1,1450,0,1,1452,T
4-HA,1609,0,1,1458,0,1459,G
4-HA,1610,2,0,0,1452,1454,C
4-HA,1611,6,0,0,1451,1457,C
4-HA,1612,1439,0,0,0,1439,A
4-HA,1613,0,1426,0,0,1426,T
4-HA,1614,1443,0,0,0,1443,A
4-HA,1615,0,1442,0,2,1444,T
4-HA,1616,9,0,0,1426,1435,C
4-HA,1617,1426,0,1,0,1427,A
4-HA,1618,0,1413,0,0,1413,T
4-HA,1619,0,0,1419,0,1419,G
4-HA,1620,0,1406,0,2,1408,T
4-HA,1621,1,1390,0,0,1391,T
4-HA,1622,0,1389,0,0,1389,T
4-HA,1623,0,1360,1,0,1361,T
4-HA,1624,0,1357,0,0,1357,T
4-HA,1625,0,1351,0,0,1351,T
4-HA,1626,0,2,1351,0,1353,G
4-HA,1627,1,0,0,1347,1348,C
4-HA,1628,1,1314,0,0,1315,T
4-HA,1629,0,1313,0,1,1314,T
4-HA,1630,0,1303,0,0,1303,T
4-HA,1631,1,0,1326,0,1327,G
4-HA,1632,1,1324,0,2,1327,T
4-HA,1633,0,2,1326,0,1328,G
4-HA,1634,0,1322,0,4,1326,T
4-HA,1635,0,1297,0,0,1297,T
4-HA,1636,0,2,1301,0,1303,G
4-HA,1637,1,0,0,1302,1303,C
4-HA,1638,0,1294,0,4,1298,T
4-HA,1639,1,1299,0,0,1300,T
4-HA,1640,0,1209,0,1,1210,T
4-HA,1641,0,3,1206,0,1209,G
4-HA,1642,0,1202,0,0,1202,T
4-HA,1643,2,1196,0,2,1200,T
4-HA,1644,0,5,1191,0,1196,G
4-HA,1645,0,4,1157,0,1161,G
4-HA,1646,8,3,1154,0,1165,G
4-HA,1647,0,2,1168,1,1171,G
4-HA,1648,0,1128,0,1,1129,T
4-HA,1649,0,1117,0,1,1118,T
4-HA,1650,12,0,1,1080,1093,C
4-HA,1651,1067,0,0,0,1067,A
4-HA,1652,0,1070,0,0,1070,T
4-HA,1653,6,0,1,1064,1071,C
4-HA,1654,1067,0,0,0,1067,A
4-HA,1655,0,1038,0,1,1039,T
4-HA,1656,0,1,1024,0,1025,G
4-HA,1657,0,997,0,0,997,T
4-HA,1658,0,4,985,0,989,G
4-HA,1659,1,2,962,1,966,G
4-HA,1660,1,1,959,0,961,G
4-HA,1661,1,0,0,932,933,C
4-HA,1662,3,0,0,882,885,C
4-HA,1663,0,826,0,1,827,T
4-HA,1664,1,0,827,1,829,G
4-HA,1665,0,0,0,828,828,C
4-HA,1666,4,0,0,826,830,C
4-HA,1667,824,0,0,0,824,A
4-HA,1668,823,0,0,0,823,A
4-HA,1669,821,0,0,0,821,A
4-HA,1670,820,0,0,0,820,A
4-HA,1671,818,0,1,0,819,A
4-HA,1672,1,5,810,0,816,G
4-HA,1673,1,1,783,0,785,G
4-HA,1674,1,0,0,771,772,C
4-HA,1675,774,0,0,0,774,A
4-HA,1676,777,0,1,0,778,A
4-HA,1677,3,0,0,776,779,C
4-HA,1678,775,0,0,0,775,A
4-HA,1679,0,773,0,0,773,T
4-HA,1680,0,764,1,0,765,T
4-HA,1681,741,0,0,0,741,A
4-HA,1682,0,0,740,0,740,G
4-HA,1683,0,1,739,0,740,G
4-HA,1684,0,711,1,0,712,T
4-HA,1685,0,0,651,2,653,G
4-HA,1686,1,0,0,628,629,C
4-HA,1687,603,0,0,0,603,A
4-HA,1688,603,0,0,0,603,A
4-HA,1689,0,0,0,600,600,C
4-HA,1690,591,0,0,0,591,A
4-HA,1691,0,577,0,0,577,T
4-HA,1692,0,535,0,1,536,T
4-HA,1693,0,536,0,1,537,T
4-HA,1694,0,0,533,0,533,G
4-HA,1695,0,0,0,528,528,C
4-HA,1696,526,0,0,0,526,A
4-HA,1697,0,488,1,0,489,T
4-HA,1698,0,468,0,0,468,T
4-HA,1699,0,452,0,0,452,T
4-HA,1700,0,0,449,0,449,G
4-HA,1701,422,0,0,0,422,A
5-NP,1,305,0,0,0,305,A
5-NP,2,0,305,0,0,305,T
5-NP,3,0,0,307,0,307,G
5-NP,4,0,0,308,0,308,G
5-NP,5,1,0,0,308,309,C
5-NP,6,0,0,324,0,324,G
5-NP,7,0,345,0,1,346,T
5-NP,8,0,1,0,353,354,C
5-NP,9,1,0,0,354,355,C
5-NP,10,1,0,0,356,357,C
5-NP,11,357,0,0,0,357,A
5-NP,12,355,0,1,0,356,A
5-NP,13,1,1,356,0,358,G
5-NP,14,0,0,367,0,367,G
5-NP,15,0,0,0,371,371,C
5-NP,16,373,0,0,0,373,A
5-NP,17,0,1,0,376,377,C
5-NP,18,0,0,0,379,379,C
5-NP,19,380,0,0,0,380,A
5-NP,20,383,0,0,0,383,A
5-NP,21,383,0,0,0,383,A
5-NP,22,0,0,0,383,383,C
5-NP,23,0,4,381,0,385,G
5-NP,24,0,0,427,0,427,G
5-NP,25,0,427,0,0,427,T
5-NP,26,5,0,0,466,471,C
5-NP,27,1,470,0,1,472,T
5-NP,28,0,482,0,0,482,T
5-NP,29,480,0,2,0,482,A
5-NP,30,0,482,0,0,482,T
5-NP,31,0,7,482,0,489,G
5-NP,32,488,0,0,0,488,A
5-NP,33,474,0,1,0,475,A
5-NP,34,0,0,0,474,474,C
5-NP,35,466,0,0,0,466,A
5-NP,36,0,0,497,0,497,G
5-NP,37,495,0,0,0,495,A
5-NP,38,0,499,0,1,500,T
5-NP,39,0,4,498,0,502,G
5-NP,40,0,2,501,0,503,G
5-NP,41,506,0,0,0,506,A
5-NP,42,506,0,0,0,506,A
5-NP,43,508,0,0,0,508,A
5-NP,44,0,0,0,525,525,C
5-NP,45,0,513,0,0,513,T
5-NP,46,0,2,524,0,526,G
5-NP,47,523,0,1,0,524,A
5-NP,48,0,522,0,0,522,T
5-NP,49,1,2,520,0,523,G
5-NP,50,0,2,524,0,526,G
5-NP,51,0,1,525,0,526,G
5-NP,52,0,2,526,0,528,G
5-NP,53,522,0,0,0,522,A
5-NP,54,0,523,0,0,523,T
5-NP,55,4,0,0,518,522,C
5-NP,56,0,0,527,0,527,G
5-NP,57,1,1,0,532,534,C
5-NP,58,2,0,0,535,537,C
5-NP,59,535,0,0,0,535,A
5-NP,60,0,3,540,0,543,G
5-NP,61,540,0,0,0,540,A
5-NP,62,556,0,0,0,556,A
5-NP,63,0,556,0,0,556,T
5-NP,64,0,0,557,0,557,G
5-NP,65,1,0,0,562,563,C
5-NP,66,557,1,0,0,558,A
5-NP,67,567,0,0,0,567,A
5-NP,68,2,0,0,565,567,C
5-NP,69,0,565,0,0,565,T
5-NP,70,0,3,572,0,575,G
5-NP,71,588,0,1,0,589,A
5-NP,72,0,0,613,0,613,G
5-NP,73,610,0,0,0,610,A
5-NP,74,0,610,0,0,610,T
5-NP,75,0,610,0,1,611,T
5-NP,76,603,0,0,0,603,A
5-NP,77,0,4,608,0,612,G
5-NP,78,0,7,606,0,613,G
5-NP,79,2,0,611,0,613,G
5-NP,80,0,0,0,597,597,C
5-NP,81,590,1,0,0,591,A
5-NP,82,0,598,0,0,598,T
5-NP,83,2,0,0,602,604,C
5-NP,84,1,0,0,601,602,C
5-NP,85,1,0,613,0,614,G
5-NP,86,0,612,0,0,612,T
5-NP,87,2,0,0,609,611,C
5-NP,88,1,3,607,1,612,G
5-NP,89,0,1,612,0,613,G
5-NP,90,0,2,622,0,624,G
5-NP,91,622,0,0,0,622,A
5-NP,92,623,0,0,0,623,A
5-NP,93,0,4,626,0,630,G
5-NP,94,626,0,1,0,627,A
5-NP,95,0,626,0,0,626,T
5-NP,96,0,4,623,0,627,G
5-NP,97,631,0,1,0,632,A
5-NP,98,0,632,0,0,632,T
5-NP,99,0,627,1,0,628,T
5-NP,100,1,2,625,0,628,G
5-NP,101,626,0,1,0,627,A
5-NP,102,0,624,0,0,624,T
5-NP,103,0,3,621,0,624,G
5-NP,104,0,0,619,0,619,G
5-NP,105,0,0,615,0,615,G
5-NP,106,657,0,0,0,657,A
5-NP,107,0,656,0,1,657,T
5-NP,108,1,657,0,0,658,T
5-NP,109,0,2,665,0,667,G
5-NP,110,0,3,664,0,667,G
5-NP,111,1,4,664,0,669,G
5-NP,112,668,0,0,0,668,A
5-NP,113,0,0,666,0,666,G
5-NP,114,658,0,0,0,658,A
5-NP,115,0,664,0,0,664,T
5-NP,116,0,665,0,0,665,T
5-NP,117,1,0,0,666,667,C
5-NP,118,0,661,0,1,662,T
5-NP,119,674,0,0,0,674,A
5-NP,120,2,0,0,676,678,C
5-NP,121,693,0,0,0,693,A
5-NP,122,0,698,0,0,698,T
5-NP,123,3,0,1,693,697,C
5-NP,124,3,1,0,689,693,C
5-NP,125,692,0,0,0,692,A
5-NP,126,701,0,0,0,701,A
5-NP,127,704,0,0,0,704,A
5-NP,128,0,700,0,0,700,T
5-NP,129,0,3,699,0,702,G
5-NP,130,0,687,0,0,687,T
5-NP,131,1,1,688,0,690,G
5-NP,132,1,0,0,691,692,C
5-NP,133,685,1,0,0,686,A
5-NP,134,0,0,0,686,686,C
5-NP,135,0,680,0,0,680,T
5-NP,136,0,5,705,0,710,G
5-NP,137,717,0,0,0,717,A
5-NP,138,722,0,0,0,722,A
5-NP,139,0,0,1,735,736,C
5-NP,140,0,730,0,0,730,T
5-NP,141,0,734,0,0,734,T
5-NP,142,730,0,0,0,730,A
5-NP,143,733,1,0,0,734,A
5-NP,144,738,0,0,0,738,A
5-NP,145,2,0,0,744,746,C
5-NP,146,0,713,0,0,713,T
5-NP,147,5,0,0,717,722,C
5-NP,148,717,0,0,0,717,A
5-NP,149,0,2,723,0,725,G
5-NP,150,0,724,0,1,725,T
5-NP,151,0,6,724,0,730,G
5-NP,152,743,0,0,0,743,A
5-NP,153,1,745,0,0,746,T
5-NP,154,3,0,0,748,751,C
5-NP,155,753,0,0,0,753,A
5-NP,156,0,748,0,1,749,T
5-NP,157,0,3,753,0,756,G
5-NP,158,747,2,1,0,750,A
5-NP,159,752,0,0,0,752,A
5-NP,160,0,4,752,0,756,G
5-NP,161,0,3,742,0,745,G
5-NP,162,0,0,746,0,746,G
5-NP,163,0,2,0,736,738,C
5-NP,164,0,3,745,0,748,G
5-NP,165,0,0,749,1,750,G
5-NP,166,0,746,0,0,746,T
5-NP,167,0,749,0,0,749,T
5-NP,168,0,4,746,0,750,G
5-NP,169,832,0,0,0,832,A
5-NP,170,1,831,0,0,832,T
5-NP,171,2,0,0,829,831,C
5-NP,172,3,1,0,826,830,C
5-NP,173,833,0,0,0,833,A
5-NP,174,0,0,835,0,835,G
5-NP,175,835,0,1,0,836,A
5-NP,176,836,0,0,0,836,A
5-NP,177,1,0,0,840,841,C
5-NP,178,764,0,0,0,764,A
5-NP,179,0,1,772,0,773,G
5-NP,180,0,0,0,776,776,C
5-NP,181,0,777,0,1,778,T
5-NP,182,0,776,0,0,776,T
5-NP,183,0,4,772,0,776,G
5-NP,184,775,0,3,0,778,A
5-NP,185,0,0,0,781,781,C
5-NP,186,778,0,0,0,778,A
5-NP,187,779,0,0,0,779,A
5-NP,188,0,775,0,0,775,T
5-NP,189,768,0,0,0,768,A
5-NP,190,1,7,766,0,774,G
5-NP,191,768,0,0,0,768,A
5-NP,192,0,1,776,0,777,G
5-NP,193,767,0,0,0,767,A
5-NP,194,779,0,0,0,779,A
5-NP,195,779,0,0,0,779,A
5-NP,196,794,0,0,0,794,A
5-NP,197,0,801,0,0,801,T
5-NP,198,0,5,796,0,801,G
5-NP,199,0,3,793,0,796,G
5-NP,200,0,795,0,0,795,T
5-NP,201,779,0,1,0,780,A
5-NP,202,0,0,0,794,794,C
5-NP,203,0,798,0,0,798,T
5-NP,204,2,0,0,811,813,C
5-NP,205,0,794,0,0,794,T
5-NP,206,2,0,0,802,804,C
5-NP,207,0,800,0,1,801,T
5-NP,208,0,0,806,0,806,G
5-NP,209,0,0,0,807,807,C
5-NP,210,0,802,0,0,802,T
5-NP,211,0,798,0,1,799,T
5-NP,212,0,800,0,0,800,T
5-NP,213,0,787,0,0,787,T
5-NP,214,0,3,788,0,791,G
5-NP,215,789,0,1,0,790,A
5-NP,216,1,790,0,0,791,T
5-NP,217,0,1,790,0,791,G
5-NP,218,778,0,0,0,778,A
5-NP,219,780,0,0,0,780,A
5-NP,220,780,0,0,0,780,A
5-NP,221,0,4,778,0,782,G
5-NP,222,782,0,0,0,782,A
5-NP,223,781,0,0,0,781,A
5-NP,224,0,3,789,0,792,G
5-NP,225,0,4,806,0,810,G
5-NP,226,812,0,1,0,813,A
5-NP,227,817,0,0,0,817,A
5-NP,228,0,814,0,0,814,T
5-NP,229,814,0,0,0,814,A
5-NP,230,812,0,0,0,812,A
5-NP,231,811,0,0,0,811,A
5-NP,232,0,816,0,0,816,T
5-NP,233,815,0,0,0,815,A
5-NP,234,2,0,0,813,815,C
5-NP,235,2,5,0,797,804,C
5-NP,236,0,805,0,0,805,T
5-NP,237,0,2,807,0,809,G
5-NP,238,1,0,818,0,819,G
5-NP,239,820,0,0,0,820,A
5-NP,240,813,0,1,0,814,A
5-NP,241,0,7,816,0,823,G
5-NP,242,824,1,1,0,826,A
5-NP,243,823,0,1,0,824,A
5-NP,244,0,0,0,827,827,C
5-NP,245,822,1,0,0,823,A
5-NP,246,1,0,0,854,855,C
5-NP,247,3,0,0,839,842,C
5-NP,248,5,0,0,839,844,C
5-NP,249,2,0,0,843,845,C
5-NP,250,828,0,0,0,828,A
5-NP,251,1,0,827,0,828,G
5-NP,252,0,1,0,827,828,C
5-NP,253,0,0,829,0,829,G
5-NP,254,0,2,0,827,829,C
5-NP,255,1,5,814,0,820,G
5-NP,256,0,6,824,0,830,G
5-NP,257,0,1,831,0,832,G
5-NP,258,0,2,832,0,834,G
5-NP,259,830,1,0,0,831,A
5-NP,260,829,0,1,0,830,A
5-NP,261,831,0,0,0,831,A
5-NP,262,0,1,838,0,839,G
5-NP,263,832,0,1,0,833,A
5-NP,264,0,832,0,0,832,T
5-NP,265,4,1,0,824,829,C
5-NP,266,5,0,0,822,827,C
5-NP,267,5,0,0,827,832,C
5-NP,268,832,0,1,0,833,A
5-NP,269,832,0,0,0,832,A
5-NP,270,0,3,836,0,839,G
5-NP,271,836,0,0,0,836,A
5-NP,272,841,0,0,0,841,A
5-NP,273,844,0,0,0,844,A
5-NP,274,846,0,0,0,846,A
5-NP,275,0,0,0,848,848,C
5-NP,276,0,842,0,0,842,T
5-NP,277,0,2,839,0,841,G
5-NP,278,0,4,841,0,845,G
5-NP,279,0,6,835,0,841,G
5-NP,280,2,4,836,0,842,G
5-NP,281,0,3,849,1,853,G
5-NP,282,1,0,868,0,869,G
5-NP,283,1,0,0,938,939,C
5-NP,284,7,0,0,931,938,C
5-NP,285,4,0,0,945,949,C
5-NP,286,1068,0,0,0,1068,A
5-NP,287,0,1073,0,0,1073,T
5-NP,288,1134,0,0,0,1134,A
5-NP,289,0,1134,0,0,1134,T
5-NP,290,1124,0,1,0,1125,A
5-NP,291,1,1,0,1134,1136,C
5-NP,292,1033,0,0,0,1033,A
5-NP,293,0,4,1040,0,1044,G
5-NP,294,0,6,1035,0,1041,G
5-NP,295,939,1,0,0,940,A
5-NP,296,0,4,945,0,949,G
5-NP,297,898,0,1,0,899,A
5-NP,298,0,0,906,1,907,G
5-NP,299,0,906,0,0,906,T
5-NP,300,902,0,0,0,902,A
5-NP,301,0,1,904,1,906,G
5-NP,302,893,0,0,0,893,A
5-NP,303,0,894,0,0,894,T
5-NP,304,0,1,890,0,891,G
5-NP,305,0,3,900,0,903,G
5-NP,306,900,0,1,0,901,A
5-NP,307,903,0,0,0,903,A
5-NP,308,903,0,0,0,903,A
5-NP,309,905,0,0,1,906,A
5-NP,310,0,902,0,0,902,T
5-NP,311,0,2,909,0,911,G
5-NP,312,0,2,910,0,912,G
5-NP,313,912,0,1,0,913,A
5-NP,314,1,904,0,1,906,T
5-NP,315,0,2,907,0,909,G
5-NP,316,903,0,0,0,903,A
5-NP,317,0,6,899,0,905,G
5-NP,318,0,3,899,0,902,G
5-NP,319,1,2,914,0,917,G
5-NP,320,940,0,0,0,940,A
5-NP,321,955,0,0,0,955,A
5-NP,322,1,0,0,994,995,C
5-NP,323,0,993,0,1,994,T
5-NP,324,1,1,0,1042,1044,C
5-NP,325,2,2,1050,0,1054,G
5-NP,326,0,1074,0,2,1076,T
5-NP,327,3,0,0,1095,1098,C
5-NP,328,5,0,0,1297,1302,C
5-NP,329,0,1300,0,0,1300,T
5-NP,330,0,1314,0,0,1314,T
5-NP,331,0,1312,0,0,1312,T
5-NP,332,1321,0,0,0,1321,A
5-NP,333,0,1320,0,2,1322,T
5-NP,334,1,12,1312,0,1325,G
5-NP,335,1333,0,3,0,1336,A
5-NP,336,2,0,0,1341,1343,C
5-NP,337,1316,0,0,0,1316,A
5-NP,338,1318,0,5,0,1323,A
5-NP,339,1341,0,1,0,1342,A
5-NP,340,5,1,1452,0,1458,G
5-NP,341,1455,0,1,0,1456,A
5-NP,342,1457,0,3,0,1460,A
5-NP,343,0,10,1575,0,1585,G
5-NP,344,1612,0,0,0,1612,A
5-NP,345,1620,0,0,0,1620,A
5-NP,346,1611,0,6,0,1617,A
5-NP,347,1,1612,0,0,1613,T
5-NP,348,1612,0,2,0,1614,A
5-NP,349,1610,1,3,0,1614,A
5-NP,350,0,6,1638,0,1644,G
5-NP,351,0,3,1637,0,1640,G
5-NP,352,0,0,0,1632,1632,C
5-NP,353,1,13,1629,0,1643,G
5-NP,354,1658,0,0,0,1658,A
5-NP,355,1714,0,0,1,1715,A
5-NP,356,0,1719,0,0,1719,T
5-NP,357,7,0,0,1713,1720,C
5-NP,358,0,1714,0,1,1715,T
5-NP,359,1,5,1715,0,1721,G
5-NP,360,1,1,1729,0,1731,G
5-NP,361,0,3,0,1732,1735,C
5-NP,362,1,0,1732,0,1733,G
5-NP,363,0,0,0,1732,1732,C
5-NP,364,3,0,0,1724,1727,C
5-NP,365,1736,0,0,1,1737,A
5-NP,366,1786,0,1,0,1787,A
5-NP,367,0,0,1887,0,1887,G
5-NP,368,2,0,0,1888,1890,C
5-NP,369,2,1,0,1934,1937,C
5-NP,370,1937,0,1,1,1939,A
5-NP,371,1990,1,3,0,1994,A
5-NP,372,1,0,0,2044,2045,C
5-NP,373,2047,0,0,1,2048,A
5-NP,374,2116,0,1,1,2118,A
5-NP,375,1,2114,0,1,2116,T
5-NP,376,14,16,2149,1,2180,G
5-NP,377,0,6,2181,0,2187,G
5-NP,378,1,2170,0,0,2171,T
5-NP,379,2,14,2166,0,2182,G
5-NP,380,2170,0,3,1,2174,A
5-NP,381,0,6,2290,0,2296,G
5-NP,382,0,5,2295,1,2301,G
5-NP,383,2351,1,1,0,2353,A
5-NP,384,0,2683,0,2,2685,T
5-NP,385,0,1,2738,0,2739,G
5-NP,386,2,0,1,2758,2761,C
5-NP,387,0,2759,1,3,2763,T
5-NP,388,2810,0,1,0,2811,A
5-NP,389,3,0,0,2880,2883,C
5-NP,390,2887,0,0,0,2887,A
5-NP,391,0,2882,0,0,2882,T
5-NP,392,5,0,0,2870,2875,C
5-NP,393,1,2781,0,0,2782,T
5-NP,394,8,9,2921,0,2938,G
5-NP,395,0,4,3031,1,3036,G
5-NP,396,0,3028,0,0,3028,T
5-NP,397,12,1,0,3030,3043,C
5-NP,398,0,3025,0,0,3025,T
5-NP,399,3086,0,1,0,3087,A
5-NP,400,3084,0,1,0,3085,A
5-NP,401,3,0,0,3119,3122,C
5-NP,402,0,3116,0,4,3120,T
5-NP,403,16,1,0,3138,3155,C
5-NP,404,3140,0,2,0,3142,A
5-NP,405,1,0,0,3294,3295,C
5-NP,406,3297,0,1,0,3298,A
5-NP,407,0,3315,0,2,3317,T
5-NP,408,3290,1,1,1,3293,A
5-NP,409,3311,0,1,0,3312,A
5-NP,410,0,3327,0,1,3328,T
5-NP,411,0,21,3352,0,3373,G
5-NP,412,3355,0,0,1,3356,A
5-NP,413,1,3341,0,1,3343,T
5-NP,414,0,3282,0,0,3282,T
5-NP,415,0,3288,0,3,3291,T
5-NP,416,1,25,3262,0,3288,G
5-NP,417,8,2,3287,0,3297,G
5-NP,418,4,1,0,3299,3304,C
5-NP,419,3299,0,0,0,3299,A
5-NP,420,1,3299,0,0,3300,T
5-NP,421,0,3300,1,1,3302,T
5-NP,422,16,1,0,3288,3305,C
5-NP,423,7,0,0,3310,3317,C
5-NP,424,3367,2,2,0,3371,A
5-NP,425,3373,0,0,0,3373,A
5-NP,426,0,3373,1,0,3374,T
5-NP,427,0,3379,0,1,3380,T
5-NP,428,0,3377,0,2,3379,T
5-NP,429,1,16,3393,0,3410,G
5-NP,430,3403,0,1,0,3404,A
5-NP,431,3418,0,0,0,3418,A
5-NP,432,3,3447,0,0,3450,T
5-NP,433,0,17,3413,0,3430,G
5-NP,434,3588,1,1,1,3591,A
5-NP,435,0,3600,0,0,3600,T
5-NP,436,0,2,3619,1,3622,G
5-NP,437,3,1,0,3741,3745,C
5-NP,438,3733,1,2,0,3736,A
5-NP,439,3935,1,4,0,3940,A
5-NP,440,3,2,0,3948,3953,C
5-NP,441,4004,0,0,1,4005,A
5-NP,442,0,4133,0,2,4135,T
5-NP,443,4056,0,2,0,4058,A
5-NP,444,4,1,0,4119,4124,C
5-NP,445,8,1,1,4116,4126,C
5-NP,446,4054,0,5,0,4059,A
5-NP,447,1,12,4107,0,4120,G
5-NP,448,4029,0,4,1,4034,A
5-NP,449,1,14,4120,0,4135,G
5-NP,450,1,18,4109,0,4128,G
5-NP,451,4094,0,5,0,4099,A
5-NP,452,4,1,0,4129,4134,C
5-NP,453,4079,1,2,0,4082,A
5-NP,454,4066,1,7,0,4074,A
5-NP,455,1,22,4064,0,4087,G
5-NP,456,4038,1,3,0,4042,A
5-NP,457,1,2,4084,0,4087,G
5-NP,458,0,2,0,4075,4077,C
5-NP,459,0,4061,0,6,4067,T
5-NP,460,24,0,0,4060,4084,C
5-NP,461,2,4061,0,3,4066,T
5-NP,462,1,4082,0,4,4087,T
5-NP,463,1,5,4107,0,4113,G
5-NP,464,2,4085,0,2,4089,T
5-NP,465,0,4093,1,2,4096,T
5-NP,466,30,0,1,4049,4080,C
5-NP,467,2,30,4059,0,4091,G
5-NP,468,4191,0,0,1,4192,A
5-NP,469,4190,0,0,1,4191,A
5-NP,470,2,0,0,4214,4216,C
5-NP,471,0,4202,0,4,4206,T
5-NP,472,1,10,4286,1,4298,G
5-NP,473,0,16,4303,1,4320,G
5-NP,474,4311,1,4,2,4318,A
5-NP,475,4327,0,3,0,4330,A
5-NP,476,1,4318,0,0,4319,T
5-NP,477,1,17,4300,0,4318,G
5-NP,478,1,11,4328,0,4340,G
5-NP,479,4369,1,7,0,4377,A
5-NP,480,2,4428,0,0,4430,T
5-NP,481,12,1,1,4428,4442,C
5-NP,482,12,2,0,4435,4449,C
5-NP,483,13,0,1,4467,4481,C
5-NP,484,4533,1,1,0,4535,A
5-NP,485,1,16,4568,0,4585,G
5-NP,486,4577,0,2,1,4580,A
5-NP,487,4583,0,1,1,4585,A
5-NP,488,0,4532,0,1,4533,T
5-NP,489,1,3,4605,0,4609,G
5-NP,490,0,4570,0,3,4573,T
5-NP,491,19,6,4574,0,4599,G
5-NP,492,3,0,0,4606,4609,C
5-NP,493,1,4576,0,5,4582,T
5-NP,494,21,0,0,4839,4860,C
5-NP,495,0,4832,0,4,4836,T
5-NP,496,14,0,0,5024,5038,C
5-NP,497,0,5020,0,1,5021,T
5-NP,498,1,18,5034,0,5053,G
5-NP,499,5107,0,2,1,5110,A
5-NP,500,0,5101,0,2,5103,T
5-NP,501,0,2,5095,0,5097,G
5-NP,502,2,0,1,5091,5094,C
5-NP,503,4904,0,6,0,4910,A
5-NP,504,1,18,5032,0,5051,G
5-NP,505,1,12,4937,0,4950,G
5-NP,506,4,3,5012,0,5019,G
5-NP,507,2,2,0,5017,5021,C
5-NP,508,0,4987,0,6,4993,T
5-NP,509,17,1,0,4996,5014,C
5-NP,510,3,27,4985,3,5018,G
5-NP,511,5096,0,4,0,5100,A
5-NP,512,5,0,0,5092,5097,C
5-NP,513,0,5012,0,0,5012,T
5-NP,514,19,3,0,5306,5328,C
5-NP,515,1,5307,0,10,5318,T
5-NP,516,18,2,1,6078,6099,C
5-NP,517,13,3,1,6102,6119,C
5-NP,518,21,0,0,6101,6122,C
5-NP,519,1,6127,0,4,6132,T
5-NP,520,6082,2,0,0,6084,A
5-NP,521,2,15,6094,0,6111,G
5-NP,522,6094,1,0,0,6095,A
5-NP,523,5943,0,3,1,5947,A
5-NP,524,15,16,5917,0,5948,G
5-NP,525,24,5,5801,3,5833,G
5-NP,526,0,5739,0,4,5743,T
5-NP,527,20,0,2,5720,5742,C
5-NP,528,16,1,0,5724,5741,C
5-NP,529,6,16,5722,1,5745,G
5-NP,530,0,31,5778,0,5809,G
5-NP,531,5798,0,4,0,5802,A
5-NP,532,0,1,5875,0,5876,G
5-NP,533,1,0,1,5874,5876,C
5-NP,534,1,5802,0,5,5808,T
5-NP,535,20,3,5803,1,5827,G
5-NP,536,2,2,0,5841,5845,C
5-NP,537,5845,1,3,0,5849,A
5-NP,538,0,9,5865,1,5875,G
5-NP,539,2,5,5894,0,5901,G
5-NP,540,7,5878,0,5,5890,T
5-NP,541,1,7,5847,0,5855,G
5-NP,542,3,1,1,5870,5875,C
5-NP,543,0,5856,1,1,5858,T
5-NP,544,2,7,5870,2,5881,G
5-NP,545,2,0,0,5858,5860,C
5-NP,546,5926,0,1,0,5927,A
5-NP,547,0,3,6035,0,6038,G
5-NP,548,3,5965,0,2,5970,T
5-NP,549,27,2,2,5954,5985,C
5-NP,550,5966,1,16,0,5983,A
5-NP,551,5983,0,4,1,5988,A
5-NP,552,5968,1,10,1,5980,A
5-NP,553,3,8,5984,0,5995,G
5-NP,554,0,31,6006,0,6037,G
5-NP,555,6004,1,3,0,6008,A
5-NP,556,5954,0,4,0,5958,A
5-NP,557,1,5943,0,0,5944,T
5-NP,558,20,4,0,5915,5939,C
5-NP,559,4,23,5919,1,5947,G
5-NP,560,0,19,6093,0,6112,G
5-NP,561,3,20,6101,1,6125,G
5-NP,562,6095,4,5,0,6104,A
5-NP,563,4,3,8,6110,6125,C
5-NP,564,6037,1,2,0,6040,A
5-NP,565,6206,0,1,0,6207,A
5-NP,566,2,6225,0,1,6228,T
5-NP,567,1,18,6258,0,6277,G
5-NP,568,3,5,6438,0,6446,G
5-NP,569,2,6424,0,3,6429,T
5-NP,570,0,16,6433,0,6449,G
5-NP,571,6406,3,34,0,6443,A
5-NP,572,0,6408,0,2,6410,T
5-NP,573,6,32,6377,3,6418,G
5-NP,574,0,31,6451,0,6482,G
5-NP,575,6454,0,9,0,6463,A
5-NP,576,6461,2,4,0,6467,A
5-NP,577,6,2,0,6446,6454,C
5-NP,578,3,6249,0,1,6253,T
5-NP,579,1,45,6589,1,6636,G
5-NP,580,6625,1,2,0,6628,A
5-NP,581,2,6636,1,2,6641,T
5-NP,582,37,2,0,6611,6650,C
5-NP,583,6544,0,1,2,6547,A
5-NP,584,0,30,6714,1,6745,G
5-NP,585,6715,2,2,0,6719,A
5-NP,586,6713,3,2,1,6719,A
5-NP,587,1,6715,0,2,6718,T
5-NP,588,1,29,6551,0,6581,G
5-NP,589,0,6,6680,1,6687,G
5-NP,590,1,6660,0,22,6683,T
5-NP,591,31,1,0,6648,6680,C
5-NP,592,6678,1,0,1,6680,A
5-NP,593,6634,0,3,2,6639,A
5-NP,594,6642,0,3,0,6645,A
5-NP,595,4,7,0,6643,6654,C
5-NP,596,5,32,6598,4,6639,G
5-NP,597,0,24,6651,1,6676,G
5-NP,598,3,21,6595,1,6620,G
5-NP,599,5,25,6610,0,6640,G
5-NP,600,2,27,6609,1,6639,G
5-NP,601,6663,3,7,1,6674,A
5-NP,602,0,6609,1,2,6612,T
5-NP,603,25,1,0,6592,6618,C
5-NP,604,6622,1,3,2,6628,A
5-NP,605,6626,0,4,0,6630,A
5-NP,606,2,5,1,6554,6562,C
5-NP,607,4,29,6483,0,6516,G
5-NP,608,6498,1,2,0,6501,A
5-NP,609,3,6496,0,0,6499,T
5-NP,610,40,3,0,6447,6490,C
5-NP,611,3,23,6478,0,6504,G
5-NP,612,6509,1,0,0,6510,A
5-NP,613,6501,0,0,0,6501,A
5-NP,614,6499,1,1,0,6501,A
5-NP,615,0,6576,1,1,6578,T
5-NP,616,4,6569,3,2,6578,T
5-NP,617,0,6570,0,2,6572,T
5-NP,618,0,6599,0,1,6600,T
5-NP,619,0,6598,2,4,6604,T
5-NP,620,5,21,6581,0,6607,G
5-NP,621,1,29,6584,0,6614,G
5-NP,622,6561,2,8,0,6571,A
5-NP,623,0,14,6624,0,6638,G
5-NP,624,6545,2,9,0,6556,A
5-NP,625,3,20,6837,0,6860,G
5-NP,626,6,4,6881,0,6891,G
5-NP,627,0,6868,0,4,6872,T
5-NP,628,2,32,6861,0,6895,G
5-NP,629,6886,1,9,0,6896,A
5-NP,630,0,19,6896,0,6915,G
5-NP,631,6896,0,4,0,6900,A
5-NP,632,6874,1,13,2,6890,A
5-NP,633,4,6853,0,1,6858,T
5-NP,634,2,22,6588,1,6613,G
5-NP,635,2,17,6541,1,6561,G
5-NP,636,1,5,6557,1,6564,G
5-NP,637,7,6,0,6520,6533,C
5-NP,638,1,18,6512,0,6531,G
5-NP,639,1,12,6570,0,6583,G
5-NP,640,6564,2,3,0,6569,A
5-NP,641,6573,3,5,0,6581,A
5-NP,642,6665,1,5,0,6671,A
5-NP,643,6681,3,4,1,6689,A
5-NP,644,4,2,0,6717,6723,C
5-NP,645,6701,0,4,0,6705,A
5-NP,646,6708,0,1,0,6709,A
5-NP,647,5,16,6678,0,6699,G
5-NP,648,6511,1,2,0,6514,A
5-NP,649,6545,1,2,0,6548,A
5-NP,650,0,1,6708,0,6709,G
5-NP,651,0,6706,0,1,6707,T
5-NP,652,2,3,7044,0,7049,G
5-NP,653,4,0,1,7010,7015,C
5-NP,654,2,7003,0,5,7010,T
5-NP,655,1,7039,1,4,7045,T
5-NP,656,7117,0,1,0,7118,A
5-NP,657,1,7114,0,0,7115,T
5-NP,658,0,28,7118,0,7146,G
5-NP,659,6992,0,8,1,7001,A
5-NP,660,1,20,7015,1,7037,G
5-NP,661,6722,2,3,0,6727,A
5-NP,662,0,19,6746,0,6765,G
5-NP,663,6749,3,1,0,6753,A
5-NP,664,6848,0,1,0,6849,A
5-NP,665,3,6767,0,3,6773,T
5-NP,666,1,8,6849,1,6859,G
5-NP,667,3,6833,1,1,6838,T
5-NP,668,3,4,6862,0,6869,G
5-NP,669,3,3,0,6855,6861,C
5-NP,670,6821,3,2,1,6827,A
5-NP,671,6829,1,9,1,6840,A
5-NP,672,10,0,0,6805,6815,C
5-NP,673,6757,0,3,0,6760,A
5-NP,674,1,6776,0,1,6778,T
5-NP,675,2,6694,1,1,6698,T
5-NP,676,24,1,0,6690,6715,C
5-NP,677,0,6677,0,1,6678,T
5-NP,678,1,6679,0,1,6681,T
5-NP,679,6690,2,2,1,6695,A
5-NP,680,6653,2,3,0,6658,A
5-NP,681,6671,0,4,0,6675,A
5-NP,682,0,10,6678,0,6688,G
5-NP,683,1,20,6634,2,6657,G
5-NP,684,6643,1,2,0,6646,A
5-NP,685,6640,0,1,0,6641,A
5-NP,686,6648,0,0,0,6648,A
5-NP,687,6739,3,1,0,6743,A
5-NP,688,0,6726,0,2,6728,T
5-NP,689,0,6720,0,2,6722,T
5-NP,690,0,6766,0,2,6768,T
5-NP,691,27,1,2,6742,6772,C
5-NP,692,6771,1,3,0,6775,A
5-NP,693,6763,0,6,0,6769,A
5-NP,694,6768,0,3,2,6773,A
5-NP,695,10,4,1,6869,6884,C
5-NP,696,6782,0,3,0,6785,A
5-NP,697,1,3,6945,0,6949,G
5-NP,698,4,0,0,6942,6946,C
5-NP,699,0,6930,1,12,6943,T
5-NP,700,20,3,7053,0,7076,G
5-NP,701,7,3,0,7052,7062,C
5-NP,702,7114,0,9,1,7124,A
5-NP,703,11,5,0,7111,7127,C
5-NP,704,7046,2,2,0,7050,A
5-NP,705,7081,3,5,1,7090,A
5-NP,706,6882,1,4,0,6887,A
5-NP,707,8,61,7149,0,7218,G
5-NP,708,7201,1,15,1,7218,A
5-NP,709,2,4,7253,1,7260,G
5-NP,710,5,3,0,7232,7240,C
5-NP,711,7227,0,3,1,7231,A
5-NP,712,7491,0,7,1,7499,A
5-NP,713,2,7482,1,2,7487,T
5-NP,714,2,23,7467,0,7492,G
5-NP,715,1,4,7545,2,7552,G
5-NP,716,2,7313,1,3,7319,T
5-NP,717,2,17,7303,1,7323,G
5-NP,718,1,37,7365,1,7404,G
5-NP,719,7392,2,4,0,7398,A
5-NP,720,2,7386,1,3,7392,T
5-NP,721,33,0,0,7170,7203,C
5-NP,722,7228,1,1,0,7230,A
5-NP,723,7339,2,1,0,7342,A
5-NP,724,1,10,7353,0,7364,G
5-NP,725,3,7287,0,2,7292,T
5-NP,726,1,45,7251,0,7297,G
5-NP,727,7192,1,11,1,7205,A
5-NP,728,2,33,7208,0,7243,G
5-NP,729,7212,2,7,1,7222,A
5-NP,730,0,27,7211,0,7238,G
5-NP,731,7183,0,6,1,7190,A
5-NP,732,7053,2,1,0,7056,A
5-NP,733,7089,0,8,0,7097,A
5-NP,734,0,3,7134,0,7137,G
5-NP,735,1,7110,2,1,7114,T
5-NP,736,39,3,0,7043,7085,C
5-NP,737,5,24,7033,0,7062,G
5-NP,738,4,20,7094,0,7118,G
5-NP,739,7107,1,3,0,7111,A
5-NP,740,7191,1,2,0,7194,A
5-NP,741,11,5,0,7183,7199,C
5-NP,742,14,2,1,7130,7147,C
5-NP,743,30,1,0,7114,7145,C
5-NP,744,7127,3,7,0,7137,A
5-NP,745,3,19,7155,1,7178,G
5-NP,746,3,14,7166,1,7184,G
5-NP,747,7149,0,3,0,7152,A
5-NP,748,7151,0,2,1,7154,A
5-NP,749,7107,1,4,1,7113,A
5-NP,750,0,15,0,7110,7125,C
5-NP,751,9,4,7095,0,7108,G
5-NP,752,6,2,0,7081,7089,C
5-NP,753,19,6,0,7023,7048,C
5-NP,754,3,31,7038,0,7072,G
5-NP,755,7095,2,5,0,7102,A
5-NP,756,1,21,7139,0,7161,G
5-NP,757,7176,0,2,0,7178,A
5-NP,758,1,7167,1,0,7169,T
5-NP,759,36,5,1,7099,7141,C
5-NP,760,2,18,7137,1,7158,G
5-NP,761,7152,1,5,0,7158,A
5-NP,762,7150,3,1,0,7154,A
5-NP,763,2,11,7172,0,7185,G
5-NP,764,7191,0,1,0,7192,A
5-NP,765,1,7169,0,4,7174,T
5-NP,766,12,0,0,7196,7208,C
5-NP,767,0,7215,0,11,7226,T
5-NP,768,41,1,0,7239,7281,C
5-NP,769,7284,1,2,1,7288,A
5-NP,770,3,7291,0,0,7294,T
5-NP,771,7306,0,0,0,7306,A
5-NP,772,1,7290,1,1,7293,T
5-NP,773,2,7254,1,0,7257,T
5-NP,774,0,7242,0,0,7242,T
5-NP,775,1,7148,1,3,7153,T
5-NP,776,0,7172,0,3,7175,T
5-NP,777,7179,1,6,0,7186,A
5-NP,778,0,3,7178,1,7182,G
5-NP,779,9,2,0,7171,7182,C
5-NP,780,7139,1,13,0,7153,A
5-NP,781,7131,2,1,3,7137,A
5-NP,782,1,24,7358,0,7383,G
5-NP,783,7373,0,3,0,7376,A
5-NP,784,1,7385,2,1,7389,T
5-NP,785,5,2,1,7423,7431,C
5-NP,786,3,7397,0,2,7402,T
5-NP,787,2,4,7620,1,7627,G
5-NP,788,1,3,0,7637,7641,C
5-NP,789,7643,2,1,0,7646,A
5-NP,790,2,7726,0,4,7732,T
5-NP,791,0,7452,0,5,7457,T
5-NP,792,0,29,7844,0,7873,G
5-NP,793,8022,1,3,0,8026,A
5-NP,794,0,8018,0,0,8018,T
5-NP,795,8038,2,3,1,8044,A
5-NP,796,0,7904,1,1,7906,T
5-NP,797,1,7851,0,3,7855,T
5-NP,798,1,51,7854,0,7906,G
5-NP,799,7796,1,3,0,7800,A
5-NP,800,0,15,7861,2,7878,G
5-NP,801,7474,1,13,0,7488,A
5-NP,802,1,25,7342,2,7370,G
5-NP,803,2,23,7482,0,7507,G
5-NP,804,7495,1,1,0,7497,A
5-NP,805,3,7471,0,5,7479,T
5-NP,806,37,0,0,7471,7508,C
5-NP,807,7440,2,2,0,7444,A
5-NP,808,0,5,7492,1,7498,G
5-NP,809,2,7457,0,3,7462,T
5-NP,810,2,7414,1,0,7417,T
5-NP,811,4,4,7415,0,7423,G
5-NP,812,7,2,0,7338,7347,C
5-NP,813,0,7334,1,5,7340,T
5-NP,814,59,2,0,7325,7386,C
5-NP,815,7379,3,6,0,7388,A
5-NP,816,7,0,0,7409,7416,C
5-NP,817,7357,0,2,1,7360,A
5-NP,818,7438,0,0,0,7438,A
5-NP,819,7458,1,3,0,7462,A
5-NP,820,0,7443,1,4,7448,T
5-NP,821,32,0,0,7434,7466,C
5-NP,822,1,7431,0,2,7434,T
5-NP,823,1,7413,1,2,7417,T
5-NP,824,3,5,7438,0,7446,G
5-NP,825,3,3,0,7438,7444,C
5-NP,826,18,3,0,7530,7551,C
5-NP,827,0,7524,0,4,7528,T
5-NP,828,7576,0,3,0,7579,A
5-NP,829,9,1,0,7568,7578,C
5-NP,830,14,5,0,7546,7565,C
5-NP,831,3,7554,0,4,7561,T
5-NP,832,4,6,7671,0,7681,G
5-NP,833,1,4,0,7645,7650,C
5-NP,834,18,0,0,7635,7653,C
5-NP,835,4,7508,1,4,7517,T
5-NP,836,3,4,7639,1,7647,G
5-NP,837,0,7599,0,5,7604,T
5-NP,838,0,7,7720,1,7728,G
5-NP,839,13,5,1,7743,7762,C
5-NP,840,3,10,7879,1,7893,G
5-NP,841,1,7761,0,3,7765,T
5-NP,842,7739,3,2,0,7744,A
5-NP,843,0,7744,0,3,7747,T
5-NP,844,2,45,7721,1,7769,G
5-NP,845,0,39,8106,3,8148,G
5-NP,846,8107,1,5,0,8113,A
5-NP,847,6,2,0,7982,7990,C
5-NP,848,20,0,0,7941,7961,C
5-NP,849,1,7817,1,6,7825,T
5-NP,850,1,3,8233,0,8237,G
5-NP,851,6,2,1,8231,8240,C
5-NP,852,8249,2,5,0,8256,A
5-NP,853,10,2,8449,0,8461,G
5-NP,854,1,8062,0,0,8063,T
5-NP,855,8386,1,2,0,8389,A
5-NP,856,0,8358,1,7,8366,T
5-NP,857,21,3,0,8329,8353,C
5-NP,858,15,1,1,8339,8356,C
5-NP,859,7946,2,0,0,7948,A
5-NP,860,10,3,7981,0,7994,G
5-NP,861,1,7943,0,1,7945,T
5-NP,862,2,32,7993,1,8028,G
5-NP,863,3,31,7973,0,8007,G
5-NP,864,4,12,7820,0,7836,G
5-NP,865,0,7776,1,3,7780,T
5-NP,866,7742,1,7,1,7751,A
5-NP,867,38,4,0,7725,7767,C
5-NP,868,3,63,7671,1,7738,G
5-NP,869,7707,1,5,1,7714,A
5-NP,870,2,5,0,7718,7725,C
5-NP,871,0,7479,0,0,7479,T
5-NP,872,1,7474,0,5,7480,T
5-NP,873,31,2,0,7433,7466,C
5-NP,874,2,30,7443,0,7475,G
5-NP,875,7475,1,5,0,7481,A
5-NP,876,7468,0,1,0,7469,A
5-NP,877,7484,0,1,0,7485,A
5-NP,878,7488,0,2,1,7491,A
5-NP,879,7454,0,8,0,7462,A
5-NP,880,2,18,7485,2,7507,G
5-NP,881,7477,0,13,0,7490,A
5-NP,882,1,30,7518,0,7549,G
5-NP,883,3,30,7572,2,7607,G
5-NP,884,4,19,7605,1,7629,G
5-NP,885,7640,3,7,0,7650,A
5-NP,886,1,7632,0,5,7638,T
5-NP,887,7685,0,6,0,7691,A
5-NP,888,3,7679,0,1,7683,T
5-NP,889,2,7727,2,0,7731,T
5-NP,890,31,2,0,7744,7777,C
5-NP,891,23,0,0,7710,7733,C
5-NP,892,0,7635,0,1,7636,T
5-NP,893,1,7626,0,2,7629,T
5-NP,894,3,32,7679,0,7714,G
5-NP,895,0,4,7771,0,7775,G
5-NP,896,2,7705,0,8,7715,T
5-NP,897,1,35,7649,0,7685,G
5-NP,898,4,21,7617,1,7643,G
5-NP,899,2,28,8067,0,8097,G
5-NP,900,8078,1,3,0,8082,A
5-NP,901,8081,1,3,0,8085,A
5-NP,902,0,8089,0,0,8089,T
5-NP,903,7915,3,5,0,7923,A
5-NP,904,0,25,7916,0,7941,G
5-NP,905,7855,0,14,0,7869,A
5-NP,906,9,0,0,7862,7871,C
5-NP,907,37,0,1,7740,7778,C
5-NP,908,40,1,0,7455,7496,C
5-NP,909,1,7579,1,8,7589,T
5-NP,910,4,7590,1,3,7598,T
5-NP,911,2,7602,0,4,7608,T
5-NP,912,25,5,0,7582,7612,C
5-NP,913,7598,0,1,1,7600,A
5-NP,914,7606,3,2,0,7611,A
5-NP,915,7594,1,5,0,7600,A
5-NP,916,6,0,1,7613,7620,C
5-NP,917,0,7426,0,0,7426,T
5-NP,918,7358,1,12,1,7372,A
5-NP,919,6,1,0,7465,7472,C
5-NP,920,2,7440,2,4,7448,T
5-NP,921,1,7439,1,1,7442,T
5-NP,922,16,2,0,7450,7468,C
5-NP,923,7435,0,7,3,7445,A
5-NP,924,7453,0,0,0,7453,A
5-NP,925,7401,0,24,0,7425,A
5-NP,926,7429,2,1,2,7434,A
5-NP,927,1,7378,2,1,7382,T
5-NP,928,7277,1,2,1,7281,A
5-NP,929,15,1,7359,0,7375,G
5-NP,930,7,0,0,7395,7402,C
5-NP,931,24,3,0,7467,7494,C
5-NP,932,7511,1,1,2,7515,A
5-NP,933,7529,3,2,1,7535,A
5-NP,934,7804,1,1,1,7807,A
5-NP,935,2,7830,2,0,7834,T
5-NP,936,7863,1,20,0,7884,A
5-NP,937,5,7877,1,1,7884,T
5-NP,938,7763,1,1,0,7765,A
5-NP,939,4,5,0,7779,7788,C
5-NP,940,7588,1,3,0,7592,A
5-NP,941,2,3,7807,0,7812,G
5-NP,942,4,0,0,7788,7792,C
5-NP,943,1,7497,1,45,7544,T
5-NP,944,0,7625,1,1,7627,T
5-NP,945,7668,3,3,1,7675,A
5-NP,946,7692,0,1,0,7693,A
5-NP,947,3,7682,1,1,7687,T
5-NP,948,37,2,1,7637,7677,C
5-NP,949,7459,1,3,1,7464,A
5-NP,950,7,34,7539,0,7580,G
5-NP,951,7572,3,5,0,7580,A
5-NP,952,6,2,2,7628,7638,C
5-NP,953,43,0,0,7535,7578,C
5-NP,954,1,7493,0,5,7499,T
5-NP,955,7547,0,1,0,7548,A
5-NP,956,7556,2,2,1,7561,A
5-NP,957,3,3,1,7573,7580,C
5-NP,958,1,47,7535,1,7584,G
5-NP,959,7432,1,1,0,7434,A
5-NP,960,2,30,7421,1,7454,G
5-NP,961,7385,1,3,0,7389,A
5-NP,962,7479,0,0,0,7479,A
5-NP,963,1,7466,1,2,7470,T
5-NP,964,22,1,1,7384,7408,C
5-NP,965,25,0,0,7392,7417,C
5-NP,966,7323,1,2,0,7326,A
5-NP,967,3,4,7372,1,7380,G
5-NP,968,5,3,4,7357,7369,C
5-NP,969,7462,1,4,1,7468,A
5-NP,970,3,0,0,7531,7534,C
5-NP,971,7405,4,2,0,7411,A
5-NP,972,5,2,0,7410,7417,C
5-NP,973,7407,0,1,3,7411,A
5-NP,974,7448,0,6,0,7454,A
5-NP,975,3,44,7451,0,7498,G
5-NP,976,7400,0,8,0,7408,A
5-NP,977,0,5,7433,1,7439,G
5-NP,978,2,7292,1,6,7301,T
5-NP,979,40,1,0,7236,7277,C
5-NP,980,7241,1,10,0,7252,A
5-NP,981,1,6,7256,2,7265,G
5-NP,982,4,0,0,7267,7271,C
5-NP,983,1,7184,1,4,7190,T
5-NP,984,2,26,7326,0,7354,G
5-NP,985,2,10,7389,0,7401,G
5-NP,986,0,7351,0,5,7356,T
5-NP,987,1,1,7434,0,7436,G
5-NP,988,0,7334,2,2,7338,T
5-NP,989,1,29,7306,3,7339,G
5-NP,990,0,18,7292,2,7312,G
5-NP,991,7258,0,5,0,7263,A
5-NP,992,0,7273,1,1,7275,T
5-NP,993,1,29,6906,1,6937,G
5-NP,994,4,2,6880,1,6887,G
5-NP,995,6,1,0,6848,6855,C
5-NP,996,6812,0,3,0,6815,A
5-NP,997,0,6819,0,4,6823,T
5-NP,998,3,4,6779,1,6787,G
5-NP,999,4,0,0,6879,6883,C
5-NP,1000,30,2,0,6821,6853,C
5-NP,1001,6869,0,3,0,6872,A
5-NP,1002,1,6863,0,3,6867,T
5-NP,1003,1,6763,0,3,6767,T
5-NP,1004,27,1,0,6768,6796,C
5-NP,1005,0,6715,1,1,6717,T
5-NP,1006,5,4,6704,0,6713,G
5-NP,1007,0,1,0,6700,6701,C
5-NP,1008,1,6523,0,4,6528,T
5-NP,1009,4,2,6570,0,6576,G
5-NP,1010,5,0,0,6485,6490,C
5-NP,1011,6489,0,3,0,6492,A
5-NP,1012,2,6495,0,2,6499,T
5-NP,1013,0,6436,0,3,6439,T
5-NP,1014,2,6425,0,2,6429,T
5-NP,1015,0,21,6408,0,6429,G
5-NP,1016,6417,0,5,0,6422,A
5-NP,1017,6428,0,5,0,6433,A
5-NP,1018,2,22,6475,0,6499,G
5-NP,1019,6457,3,1,0,6461,A
5-NP,1020,1,6413,1,0,6415,T
5-NP,1021,0,6420,0,1,6421,T
5-NP,1022,1,6421,0,4,6426,T
5-NP,1023,6420,1,4,0,6425,A
5-NP,1024,6426,1,2,0,6429,A
5-NP,1025,0,11,6422,0,6433,G
5-NP,1026,6409,1,1,0,6411,A
5-NP,1027,1,6438,0,2,6441,T
5-NP,1028,0,6296,0,4,6300,T
5-NP,1029,0,3,6359,0,6362,G
5-NP,1030,0,6349,0,6,6355,T
5-NP,1031,1,6348,0,0,6349,T
5-NP,1032,6338,1,8,1,6348,A
5-NP,1033,6365,1,3,0,6369,A
5-NP,1034,1,4,6384,1,6390,G
5-NP,1035,0,4,0,6411,6415,C
5-NP,1036,1,6251,1,7,6260,T
5-NP,1037,1,6299,1,10,6311,T
5-NP,1038,21,1,0,6313,6335,C
5-NP,1039,6327,2,1,0,6330,A
5-NP,1040,0,6322,0,2,6324,T
5-NP,1041,21,1,0,6306,6328,C
5-NP,1042,6249,0,3,0,6252,A
5-NP,1043,2,20,6236,0,6258,G
5-NP,1044,6178,0,5,0,6183,A
5-NP,1045,3,29,6168,0,6200,G
5-NP,1046,0,29,6126,0,6155,G
5-NP,1047,1,25,6103,1,6130,G
5-NP,1048,6115,2,9,0,6126,A
5-NP,1049,6,3,0,6080,6089,C
5-NP,1050,4,35,6002,1,6042,G
5-NP,1051,6090,1,3,0,6094,A
5-NP,1052,6112,0,1,0,6113,A
5-NP,1053,6125,2,12,1,6140,A
5-NP,1054,1,7,6163,0,6171,G
5-NP,1055,1,6105,0,2,6108,T
5-NP,1056,6054,0,1,1,6056,A
5-NP,1057,1,6030,0,6,6037,T
5-NP,1058,25,0,0,6014,6039,C
5-NP,1059,1,5990,0,6,5997,T
5-NP,1060,29,0,0,5993,6022,C
5-NP,1061,14,11,0,5951,5976,C
5-NP,1062,1,5927,1,1,5930,T
5-NP,1063,19,0,0,5880,5899,C
5-NP,1064,0,19,5861,1,5881,G
5-NP,1065,0,21,5889,0,5910,G
5-NP,1066,0,26,5893,0,5919,G
5-NP,1067,1,13,5884,0,5898,G
5-NP,1068,6,10,5873,1,5890,G
5-NP,1069,5795,0,2,0,5797,A
5-NP,1070,5786,0,2,2,5790,A
5-NP,1071,5788,0,5,4,5797,A
5-NP,1072,9,0,0,5819,5828,C
5-NP,1073,2,5781,0,1,5784,T
5-NP,1074,3,5,5825,0,5833,G
5-NP,1075,3,5761,0,4,5768,T
5-NP,1076,55,1,2,5711,5769,C
5-NP,1077,5876,0,4,1,5881,A
5-NP,1078,5893,0,3,2,5898,A
5-NP,1079,2,0,0,5922,5924,C
5-NP,1080,0,5898,0,3,5901,T
5-NP,1081,5771,0,1,1,5773,A
5-NP,1082,0,14,5778,0,5792,G
5-NP,1083,5679,1,6,1,5687,A
5-NP,1084,0,10,5682,0,5692,G
5-NP,1085,1,23,5673,1,5698,G
5-NP,1086,5454,1,2,0,5457,A
5-NP,1087,0,3,5572,0,5575,G
5-NP,1088,0,5519,0,3,5522,T
5-NP,1089,5515,0,3,1,5519,A
5-NP,1090,10,1,0,5505,5516,C
5-NP,1091,5445,0,1,1,5447,A
5-NP,1092,5456,0,1,1,5458,A
5-NP,1093,5408,1,0,1,5410,A
5-NP,1094,1,5373,1,2,5377,T
5-NP,1095,0,5326,0,1,5327,T
5-NP,1096,1,4,5192,0,5197,G
5-NP,1097,1,1,0,5158,5160,C
5-NP,1098,1,5131,0,7,5139,T
5-NP,1099,2,5132,0,9,5143,T
5-NP,1100,16,0,0,5125,5141,C
5-NP,1101,5136,3,2,0,5141,A
5-NP,1102,5158,1,1,0,5160,A
5-NP,1103,5159,0,0,1,5160,A
5-NP,1104,1,5162,0,3,5166,T
5-NP,1105,2,25,5138,1,5166,G
5-NP,1106,5066,2,12,0,5080,A
5-NP,1107,0,30,5061,0,5091,G
5-NP,1108,5115,0,5,0,5120,A
5-NP,1109,5100,1,2,1,5104,A
5-NP,1110,6,1,0,5112,5119,C
5-NP,1111,5079,3,0,1,5083,A
5-NP,1112,0,5084,2,2,5088,T
5-NP,1113,0,18,5132,0,5150,G
5-NP,1114,18,14,5148,0,5180,G
5-NP,1115,5165,2,3,0,5170,A
5-NP,1116,0,5053,1,28,5082,T
5-NP,1117,5008,0,0,0,5008,A
5-NP,1118,5308,0,2,1,5311,A
5-NP,1119,1,5207,1,0,5209,T
5-NP,1120,5169,0,4,0,5173,A
5-NP,1121,1,5143,0,1,5145,T
5-NP,1122,0,21,4792,1,4814,G
5-NP,1123,1,16,4687,1,4705,G
5-NP,1124,2,11,4673,0,4686,G
5-NP,1125,4666,1,2,0,4669,A
5-NP,1126,1,4660,1,1,4663,T
5-NP,1127,14,2,0,3736,3752,C
5-NP,1128,1,21,3730,1,3753,G
5-NP,1129,3738,0,3,0,3741,A
5-NP,1130,4,3,3735,0,3742,G
5-NP,1131,5,1,0,3718,3724,C
5-NP,1132,3679,1,1,0,3681,A
5-NP,1133,4,1,0,3826,3831,C
5-NP,1134,1,3761,1,1,3764,T
5-NP,1135,27,1,1,3762,3791,C
5-NP,1136,0,3771,1,2,3774,T
5-NP,1137,0,3699,3,1,3703,T
5-NP,1138,4,32,3670,0,3706,G
5-NP,1139,3696,0,3,0,3699,A
5-NP,1140,3711,1,1,0,3713,A
5-NP,1141,2,0,0,3704,3706,C
5-NP,1142,0,2900,1,1,2902,T
5-NP,1143,1,10,2913,0,2924,G
5-NP,1144,2818,2,2,0,2822,A
5-NP,1145,2,3,2825,0,2830,G
5-NP,1146,2854,0,2,0,2856,A
5-NP,1147,2834,0,2,0,2836,A
5-NP,1148,1,2,2841,0,2844,G
5-NP,1149,1,0,0,2778,2779,C
5-NP,1150,558,4,2194,0,2756,G
5-NP,1151,0,8,2770,0,2778,G
5-NP,1152,1,3,2761,0,2765,G
5-NP,1153,0,2747,1,1,2749,T
5-NP,1154,2700,0,0,0,2700,A
5-NP,1155,3,0,0,2687,2690,C
5-NP,1156,1,2296,0,0,2297,T
5-NP,1157,2,9,2272,0,2283,G
5-NP,1158,1,9,2251,0,2261,G
5-NP,1159,1,4,2253,0,2258,G
5-NP,1160,1,1,0,2231,2233,C
5-NP,1161,6,1,0,2071,2078,C
5-NP,1162,2089,0,0,0,2089,A
5-NP,1163,0,2095,0,2,2097,T
5-NP,1164,2093,0,2,0,2095,A
5-NP,1165,2097,0,1,0,2098,A
5-NP,1166,2,5,2069,1,2077,G
5-NP,1167,0,8,2127,0,2135,G
5-NP,1168,2097,0,2,0,2099,A
5-NP,1169,2,0,1,2086,2089,C
5-NP,1170,9,0,0,2086,2095,C
5-NP,1171,2082,0,1,0,2083,A
5-NP,1172,0,8,2118,0,2126,G
5-NP,1173,1,11,2135,0,2147,G
5-NP,1174,2134,2,1,0,2137,A
5-NP,1175,1,5,2148,0,2154,G
5-NP,1176,0,2041,0,0,2041,T
5-NP,1177,0,9,2034,0,2043,G
5-NP,1178,0,4,2063,0,2067,G
5-NP,1179,2071,1,0,0,2072,A
5-NP,1180,0,1,2083,0,2084,G
5-NP,1181,0,9,2035,0,2044,G
5-NP,1182,2029,0,0,0,2029,A
5-NP,1183,2023,1,0,1,2025,A
5-NP,1184,2021,0,1,0,2022,A
5-NP,1185,0,0,0,2038,2038,C
5-NP,1186,2021,1,1,0,2023,A
5-NP,1187,0,0,0,2071,2071,C
5-NP,1188,0,2033,0,0,2033,T
5-NP,1189,2088,0,0,0,2088,A
5-NP,1190,2086,0,0,0,2086,A
5-NP,1191,0,2079,0,1,2080,T
5-NP,1192,10,0,0,2094,2104,C
5-NP,1193,2079,0,1,0,2080,A
5-NP,1194,2101,0,2,0,2103,A
5-NP,1195,0,0,0,2103,2103,C
5-NP,1196,2048,1,1,0,2050,A
5-NP,1197,0,8,2045,0,2053,G
5-NP,1198,1986,1,2,0,1989,A
5-NP,1199,0,2,2008,0,2010,G
5-NP,1200,0,6,2005,0,2011,G
5-NP,1201,1,1,1997,0,1999,G
5-NP,1202,1,2,0,1991,1994,C
5-NP,1203,4,1,0,1974,1979,C
5-NP,1204,0,1945,0,5,1950,T
5-NP,1205,3,1,0,1950,1954,C
5-NP,1206,5,2,0,1943,1950,C
5-NP,1207,3,1,1955,0,1959,G
5-NP,1208,2,0,1,1951,1954,C
5-NP,1209,1914,0,1,0,1915,A
5-NP,1210,1,1,1972,0,1974,G
5-NP,1211,0,0,1968,0,1968,G
5-NP,1212,2,0,0,1979,1981,C
5-NP,1213,7,1,0,1974,1982,C
5-NP,1214,1982,0,2,0,1984,A
5-NP,1215,1992,0,3,0,1995,A
5-NP,1216,1997,0,0,0,1997,A
5-NP,1217,2,0,0,1992,1994,C
5-NP,1218,0,1873,0,1,1874,T
5-NP,1219,1923,0,0,0,1923,A
5-NP,1220,2,0,1935,0,1937,G
5-NP,1221,0,1931,0,3,1934,T
5-NP,1222,2,1,1938,0,1941,G
5-NP,1223,1,1921,0,1,1923,T
5-NP,1224,5,0,1915,0,1920,G
5-NP,1225,3,1,0,1927,1931,C
5-NP,1226,1900,0,1,0,1901,A
5-NP,1227,1937,1,0,0,1938,A
5-NP,1228,1,1,0,1929,1931,C
5-NP,1229,9,0,0,1921,1930,C
5-NP,1230,0,1919,0,2,1921,T
5-NP,1231,1919,0,0,0,1919,A
5-NP,1232,2,0,0,1917,1919,C
5-NP,1233,0,1,1917,0,1918,G
5-NP,1234,0,1907,1,3,1911,T
5-NP,1235,0,1911,0,2,1913,T
5-NP,1236,0,1883,1,1,1885,T
5-NP,1237,0,1862,0,0,1862,T
5-NP,1238,8,0,0,1857,1865,C
5-NP,1239,0,1834,0,0,1834,T
5-NP,1240,0,1,1884,0,1885,G
5-NP,1241,0,1878,0,0,1878,T
5-NP,1242,1879,0,0,0,1879,A
5-NP,1243,4,0,0,1889,1893,C
5-NP,1244,1867,0,0,0,1867,A
5-NP,1245,1874,0,0,0,1874,A
5-NP,1246,1869,1,0,1,1871,A
5-NP,1247,0,5,1879,1,1885,G
5-NP,1248,1877,0,0,0,1877,A
5-NP,1249,1805,2,0,0,1807,A
5-NP,1250,1804,0,3,0,1807,A
5-NP,1251,3,0,0,1811,1814,C
5-NP,1252,7,0,0,1788,1795,C
5-NP,1253,0,1784,0,4,1788,T
5-NP,1254,4,1,0,1784,1789,C
5-NP,1255,7,0,1,1786,1794,C
5-NP,1256,12,0,0,1777,1789,C
5-NP,1257,1785,0,0,0,1785,A
5-NP,1258,0,1800,0,0,1800,T
5-NP,1259,0,1799,0,0,1799,T
5-NP,1260,0,1800,0,0,1800,T
5-NP,1261,0,4,1797,0,1801,G
5-NP,1262,1795,1,0,0,1796,A
5-NP,1263,1788,0,0,0,1788,A
5-NP,1264,1793,0,0,0,1793,A
5-NP,1265,1782,0,0,0,1782,A
5-NP,1266,0,2,1799,1,1802,G
5-NP,1267,1,1792,0,1,1794,T
5-NP,1268,13,1,0,1782,1796,C
5-NP,1269,1799,0,0,0,1799,A
5-NP,1270,1802,0,2,0,1804,A
5-NP,1271,3,0,0,1804,1807,C
5-NP,1272,8,0,1,1820,1829,C
5-NP,1273,1830,0,1,0,1831,A
5-NP,1274,0,1835,0,0,1835,T
5-NP,1275,9,0,0,1811,1820,C
5-NP,1276,1810,0,0,0,1810,A
5-NP,1277,0,1822,0,1,1823,T
5-NP,1278,0,7,1816,1,1824,G
5-NP,1279,0,1,1821,0,1822,G
5-NP,1280,2,0,0,1814,1816,C
5-NP,1281,1764,0,1,1,1766,A
5-NP,1282,0,0,1768,0,1768,G
5-NP,1283,1,0,1,1748,1750,C
5-NP,1284,1758,2,0,0,1760,A
5-NP,1285,1,1752,1,0,1754,T
5-NP,1286,0,1749,0,0,1749,T
5-NP,1287,8,0,0,1747,1755,C
5-NP,1288,1734,0,1,0,1735,A
5-NP,1289,3,0,0,1745,1748,C
5-NP,1290,0,1744,0,0,1744,T
5-NP,1291,2,1,1750,0,1753,G
5-NP,1292,0,6,1745,0,1751,G
5-NP,1293,1741,0,3,1,1745,A
5-NP,1294,1747,0,0,0,1747,A
5-NP,1295,1753,1,0,0,1754,A
5-NP,1296,0,1730,0,4,1734,T
5-NP,1297,1737,0,1,1,1739,A
5-NP,1298,0,0,0,1725,1725,C
5-NP,1299,1,7,1698,0,1706,G
5-NP,1300,0,4,1709,0,1713,G
5-NP,1301,1651,1,5,0,1657,A
5-NP,1302,0,6,1662,0,1668,G
5-NP,1303,0,7,1656,0,1663,G
5-NP,1304,1,3,1658,0,1662,G
5-NP,1305,1661,1,1,0,1663,A
5-NP,1306,1657,0,0,0,1657,A
5-NP,1307,0,5,1657,0,1662,G
5-NP,1308,1660,0,0,0,1660,A
5-NP,1309,1661,0,0,0,1661,A
5-NP,1310,1,0,0,1686,1687,C
5-NP,1311,0,1659,0,0,1659,T
5-NP,1312,0,1664,0,0,1664,T
5-NP,1313,3,2,0,1661,1666,C
5-NP,1314,1663,0,1,1,1665,A
5-NP,1315,0,7,1659,0,1666,G
5-NP,1316,1655,0,0,1,1656,A
5-NP,1317,0,1,1,1665,1667,C
5-NP,1318,1647,0,0,1,1648,A
5-NP,1319,1,1604,0,0,1605,T
5-NP,1320,0,3,1602,0,1605,G
5-NP,1321,1584,0,0,1,1585,A
5-NP,1322,0,10,1586,0,1596,G
5-NP,1323,0,8,1582,0,1590,G
5-NP,1324,0,1,1590,0,1591,G
5-NP,1325,0,0,0,1591,1591,C
5-NP,1326,1573,0,1,0,1574,A
5-NP,1327,0,2,1580,0,1582,G
5-NP,1328,1570,0,0,0,1570,A
5-NP,1329,1578,0,3,0,1581,A
5-NP,1330,1578,1,2,0,1581,A
5-NP,1331,0,1577,0,1,1578,T
5-NP,1332,1,3,0,1582,1586,C
5-NP,1333,1579,0,0,1,1580,A
5-NP,1334,0,1581,0,1,1582,T
5-NP,1335,1580,0,0,0,1580,A
5-NP,1336,1571,0,0,0,1571,A
5-NP,1337,0,7,1594,0,1601,G
5-NP,1338,1581,0,0,0,1581,A
5-NP,1339,1609,0,0,0,1609,A
5-NP,1340,0,1585,0,1,1586,T
5-NP,1341,1,4,1581,0,1586,G
5-NP,1342,1589,0,1,0,1590,A
5-NP,1343,0,1581,0,3,1584,T
5-NP,1344,0,5,1580,0,1585,G
5-NP,1345,0,2,1579,0,1581,G
5-NP,1346,1543,0,3,0,1546,A
5-NP,1347,1531,0,2,0,1533,A
5-NP,1348,0,1,1484,0,1485,G
5-NP,1349,0,1,1524,0,1525,G
5-NP,1350,0,1492,0,2,1494,T
5-NP,1351,1,0,1491,0,1492,G
5-NP,1352,0,0,0,1490,1490,C
5-NP,1353,1491,0,0,0,1491,A
5-NP,1354,1493,0,0,0,1493,A
5-NP,1355,1489,0,1,1,1491,A
5-NP,1356,1513,0,1,0,1514,A
5-NP,1357,2,0,0,1514,1516,C
5-NP,1358,4,0,0,1482,1486,C
5-NP,1359,1467,0,0,0,1467,A
5-NP,1360,0,3,1475,0,1478,G
5-NP,1361,1474,0,1,0,1475,A
5-NP,1362,1475,0,0,0,1475,A
5-NP,1363,0,3,1472,0,1475,G
5-NP,1364,1471,0,1,0,1472,A
5-NP,1365,1425,0,1,0,1426,A
5-NP,1366,0,2,1440,1,1443,G
5-NP,1367,1,1409,0,0,1410,T
5-NP,1368,1,1,1423,0,1425,G
5-NP,1369,0,1398,0,3,1401,T
5-NP,1370,20,2,0,1386,1408,C
5-NP,1371,1413,0,0,0,1413,A
5-NP,1372,0,1441,0,0,1441,T
5-NP,1373,0,1425,0,0,1425,T
5-NP,1374,6,0,0,1430,1436,C
5-NP,1375,4,0,0,1396,1400,C
5-NP,1376,1,3,1400,0,1404,G
5-NP,1377,0,5,1391,0,1396,G
5-NP,1378,0,7,1390,0,1397,G
5-NP,1379,0,0,1409,0,1409,G
5-NP,1380,1,4,1399,0,1404,G
5-NP,1381,1341,0,2,0,1343,A
5-NP,1382,0,8,1343,0,1351,G
5-NP,1383,0,8,1348,0,1356,G
5-NP,1384,0,6,1341,0,1347,G
5-NP,1385,0,11,1342,0,1353,G
5-NP,1386,1332,0,2,0,1334,A
5-NP,1387,1,0,1338,0,1339,G
5-NP,1388,0,1320,1,3,1324,T
5-NP,1389,0,1311,0,0,1311,T
5-NP,1390,0,1319,0,0,1319,T
5-NP,1391,0,1316,0,0,1316,T
5-NP,1392,4,1,0,1307,1312,C
5-NP,1393,1,9,1299,0,1309,G
5-NP,1394,1306,0,0,0,1306,A
5-NP,1395,0,0,1317,0,1317,G
5-NP,1396,1,0,0,1296,1297,C
5-NP,1397,0,1300,0,3,1303,T
5-NP,1398,1,0,0,1313,1314,C
5-NP,1399,0,1304,0,1,1305,T
5-NP,1400,7,2,1,1302,1312,C
5-NP,1401,1313,0,2,0,1315,A
5-NP,1402,0,4,1321,0,1325,G
5-NP,1403,1327,0,1,0,1328,A
5-NP,1404,0,0,0,1316,1316,C
5-NP,1405,0,9,1299,0,1308,G
5-NP,1406,1282,0,0,0,1282,A
5-NP,1407,0,1,1281,0,1282,G
5-NP,1408,1270,0,0,0,1270,A
5-NP,1409,1270,0,0,1,1271,A
5-NP,1410,0,5,1268,0,1273,G
5-NP,1411,0,0,1262,0,1262,G
5-NP,1412,2,0,0,1256,1258,C
5-NP,1413,1248,0,0,0,1248,A
5-NP,1414,1242,1,9,0,1252,A
5-NP,1415,0,2,0,1248,1250,C
5-NP,1416,0,7,1249,0,1256,G
5-NP,1417,1256,0,0,0,1256,A
5-NP,1418,1254,0,2,0,1256,A
5-NP,1419,0,0,0,1259,1259,C
5-NP,1420,4,0,0,1241,1245,C
5-NP,1421,4,0,0,1225,1229,C
5-NP,1422,2,6,1218,0,1226,G
5-NP,1423,1237,0,0,0,1237,A
5-NP,1424,0,1239,0,0,1239,T
5-NP,1425,5,0,0,1207,1212,C
5-NP,1426,3,0,1208,0,1211,G
5-NP,1427,0,1204,0,0,1204,T
5-NP,1428,0,1,1201,0,1202,G
5-NP,1429,3,0,0,1199,1202,C
5-NP,1430,15,0,0,1183,1198,C
5-NP,1431,3,0,0,1199,1202,C
5-NP,1432,0,1180,1,1,1182,T
5-NP,1433,6,0,0,1231,1237,C
5-NP,1434,4,1231,0,0,1235,T
5-NP,1435,1,1228,0,2,1231,T
5-NP,1436,0,1233,0,0,1233,T
5-NP,1437,0,1223,0,0,1223,T
5-NP,1438,0,6,1224,0,1230,G
5-NP,1439,1228,0,0,0,1228,A
5-NP,1440,0,1221,0,0,1221,T
5-NP,1441,1210,1,1,0,1212,A
5-NP,1442,0,1027,0,0,1027,T
5-NP,1443,0,6,1035,0,1041,G
5-NP,1444,1028,0,0,0,1028,A
5-NP,1445,0,0,1036,0,1036,G
5-NP,1446,0,1033,0,0,1033,T
5-NP,1447,1007,0,0,0,1007,A
5-NP,1448,1010,0,0,0,1010,A
5-NP,1449,0,1004,0,0,1004,T
5-NP,1450,0,1,1003,0,1004,G
5-NP,1451,1001,0,1,0,1002,A
5-NP,1452,883,0,0,0,883,A
5-NP,1453,0,4,876,0,880,G
5-NP,1454,0,4,821,0,825,G
5-NP,1455,814,1,0,0,815,A
5-NP,1456,0,814,0,1,815,T
5-NP,1457,4,1,0,811,816,C
5-NP,1458,0,803,0,1,804,T
5-NP,1459,0,801,0,0,801,T
5-NP,1460,800,0,0,0,800,A
5-NP,1461,1,796,0,0,797,T
5-NP,1462,2,788,0,0,790,T
5-NP,1463,0,783,0,0,783,T
5-NP,1464,0,0,0,765,765,C
5-NP,1465,0,752,0,0,752,T
5-NP,1466,1,748,0,0,749,T
5-NP,1467,2,0,0,747,749,C
5-NP,1468,0,2,744,0,746,G
5-NP,1469,0,2,744,0,746,G
5-NP,1470,741,0,1,0,742,A
5-NP,1471,0,1,741,0,742,G
5-NP,1472,740,1,0,0,741,A
5-NP,1473,0,0,0,734,734,C
5-NP,1474,700,0,0,0,700,A
5-NP,1475,699,0,1,0,700,A
5-NP,1476,1,696,0,0,697,T
5-NP,1477,0,1,698,0,699,G
5-NP,1478,1,1,0,696,698,C
5-NP,1479,673,0,2,0,675,A
5-NP,1480,0,0,675,0,675,G
5-NP,1481,673,0,0,0,673,A
5-NP,1482,628,0,1,0,629,A
5-NP,1483,0,1,628,0,629,G
5-NP,1484,400,0,1,0,401,A
5-NP,1485,0,0,401,0,401,G
5-NP,1486,0,368,0,0,368,T
5-NP,1487,362,0,1,0,363,A
5-NP,1488,1,0,0,361,362,C
5-NP,1489,0,1,336,0,337,G
5-NP,1490,337,0,0,0,337,A
5-NP,1491,0,0,0,332,332,C
5-NP,1492,241,0,0,0,241,A
5-NP,1493,239,0,1,0,240,A
5-NP,1494,0,184,0,0,184,T
5-NP,1495,0,175,0,0,175,T
5-NP,1496,174,0,0,0,174,A
5-NP,1497,166,0,0,0,166,A
6-NA,1,26,0,0,0,26,A
6-NA,2,0,26,0,0,26,T
6-NA,3,0,0,26,0,26,G
6-NA,4,26,0,1,0,27,A
6-NA,5,33,0,0,0,33,A
6-NA,6,0,33,0,0,33,T
6-NA,7,0,0,0,32,32,C
6-NA,8,0,0,0,33,33,C
6-NA,9,33,0,0,0,33,A
6-NA,10,34,0,0,0,34,A
6-NA,11,36,0,0,0,36,A
6-NA,12,0,36,0,0,36,T
6-NA,13,0,0,0,36,36,C
6-NA,14,36,0,0,0,36,A
6-NA,15,36,0,0,0,36,A
6-NA,16,37,0,0,0,37,A
6-NA,17,40,0,0,0,40,A
6-NA,18,0,0,44,0,44,G
6-NA,19,45,0,0,0,45,A
6-NA,20,0,46,0,0,46,T
6-NA,21,46,0,0,0,46,A
6-NA,22,47,0,0,0,47,A
6-NA,23,0,50,0,0,50,T
6-NA,24,50,0,0,0,50,A
6-NA,25,51,0,0,0,51,A
6-NA,26,0,0,1,51,52,C
6-NA,27,0,0,55,0,55,G
6-NA,28,56,0,0,0,56,A
6-NA,29,0,56,0,0,56,T
6-NA,30,0,56,0,0,56,T
6-NA,31,0,0,57,0,57,G
6-NA,32,0,0,62,0,62,G
6-NA,33,0,0,0,61,61,C
6-NA,34,0,62,0,0,62,T
6-NA,35,0,0,0,63,63,C
6-NA,36,0,63,0,0,63,T
6-NA,37,0,0,65,0,65,G
6-NA,38,0,64,0,1,65,T
6-NA,39,0,65,0,0,65,T
6-NA,40,0,66,0,0,66,T
6-NA,41,0,0,0,67,67,C
6-NA,42,0,67,0,0,67,T
6-NA,43,1,0,0,67,68,C
6-NA,44,0,67,0,0,67,T
6-NA,45,0,0,0,69,69,C
6-NA,46,70,1,0,0,71,A
6-NA,47,0,0,0,75,75,C
6-NA,48,0,0,0,75,75,C
6-NA,49,77,0,0,0,77,A
6-NA,50,0,78,0,0,78,T
6-NA,51,0,80,1,0,81,T
6-NA,52,0,81,0,0,81,T
6-NA,53,0,0,0,84,84,C
6-NA,54,0,0,0,86,86,C
6-NA,55,88,0,0,0,88,A
6-NA,56,0,0,0,93,93,C
6-NA,57,92,0,0,0,92,A
6-NA,58,98,0,0,0,98,A
6-NA,59,0,98,0,0,98,T
6-NA,60,106,0,0,0,106,A
6-NA,61,0,106,0,0,106,T
6-NA,62,0,0,106,0,106,G
6-NA,63,0,0,0,106,106,C
6-NA,64,0,106,0,0,106,T
6-NA,65,0,105,0,0,105,T
6-NA,66,0,0,0,105,105,C
6-NA,67,0,103,0,0,103,T
6-NA,68,0,104,0,0,104,T
6-NA,69,1,0,0,102,103,C
6-NA,70,104,0,1,0,105,A
6-NA,71,0,105,0,0,105,T
6-NA,72,0,0,105,0,105,G
6-NA,73,0,0,0,106,106,C
6-NA,74,106,0,0,0,106,A
6-NA,75,106,0,0,0,106,A
6-NA,76,106,0,0,0,106,A
6-NA,77,0,107,0,0,107,T
6-NA,78,0,107,0,0,107,T
6-NA,79,0,0,107,0,107,G
6-NA,80,0,0,0,106,106,C
6-NA,81,0,0,0,107,107,C
6-NA,82,107,0,0,0,107,A
6-NA,83,0,106,0,1,107,T
6-NA,84,1,0,0,123,124,C
6-NA,85,0,124,0,1,125,T
6-NA,86,0,124,0,0,124,T
6-NA,87,0,1,126,0,127,G
6-NA,88,125,0,0,0,125,A
6-NA,89,0,127,0,0,127,T
6-NA,90,126,0,1,0,127,A
6-NA,91,127,0,0,0,127,A
6-NA,92,0,0,0,142,142,C
6-NA,93,0,140,0,0,140,T
6-NA,94,146,0,0,0,146,A
6-NA,95,0,0,0,155,155,C
6-NA,96,0,153,0,0,153,T
6-NA,97,0,0,155,0,155,G
6-NA,98,0,155,0,0,155,T
6-NA,99,155,0,0,0,155,A
6-NA,100,156,0,0,0,156,A
6-NA,101,0,0,0,154,154,C
6-NA,102,151,0,0,0,151,A
6-NA,103,0,151,0,0,151,T
6-NA,104,0,147,0,0,147,T
6-NA,105,0,0,146,0,146,G
6-NA,106,0,0,0,146,146,C
6-NA,107,147,0,0,0,147,A
6-NA,108,0,150,0,0,150,T
6-NA,109,0,150,0,0,150,T
6-NA,110,0,150,0,0,150,T
6-NA,111,1,0,0,147,148,C
6-NA,112,149,0,0,0,149,A
6-NA,113,149,0,0,0,149,A
6-NA,114,0,1,148,0,149,G
6-NA,115,0,0,0,152,152,C
6-NA,116,153,0,0,0,153,A
6-NA,117,158,0,0,0,158,A
6-NA,118,0,162,0,0,162,T
6-NA,119,162,0,0,0,162,A
6-NA,120,0,162,0,0,162,T
6-NA,121,0,2,163,0,165,G
6-NA,122,166,0,0,0,166,A
6-NA,123,167,0,0,0,167,A
6-NA,124,0,167,0,0,167,T
6-NA,125,0,167,0,0,167,T
6-NA,126,0,0,0,165,165,C
6-NA,127,163,0,0,0,163,A
6-NA,128,166,0,0,0,166,A
6-NA,129,1,0,0,164,165,C
6-NA,130,0,166,0,0,166,T
6-NA,131,0,0,0,167,167,C
6-NA,132,0,0,0,167,167,C
6-NA,133,0,0,0,172,172,C
6-NA,134,1,0,0,173,174,C
6-NA,135,0,0,0,174,174,C
6-NA,136,1,0,0,175,176,C
6-NA,137,1,0,0,175,176,C
6-NA,138,178,0,0,0,178,A
6-NA,139,177,0,0,0,177,A
6-NA,140,177,0,0,0,177,A
6-NA,141,0,0,0,179,179,C
6-NA,142,180,0,0,0,180,A
6-NA,143,183,0,0,0,183,A
6-NA,144,0,0,0,184,184,C
6-NA,145,1,0,0,181,182,C
6-NA,146,189,0,0,0,189,A
6-NA,147,190,0,0,0,190,A
6-NA,148,0,0,195,0,195,G
6-NA,149,0,192,0,0,192,T
6-NA,150,0,0,191,0,191,G
6-NA,151,196,0,1,0,197,A
6-NA,152,0,195,0,0,195,T
6-NA,153,0,1,194,0,195,G
6-NA,154,0,0,0,196,196,C
6-NA,155,0,196,0,0,196,T
6-NA,156,0,0,214,0,214,G
6-NA,157,0,215,0,0,215,T
6-NA,158,0,0,219,0,219,G
6-NA,159,0,219,0,0,219,T
6-NA,160,0,1,214,0,215,G
6-NA,161,216,0,1,0,217,A
6-NA,162,217,0,0,0,217,A
6-NA,163,1,0,0,217,218,C
6-NA,164,0,0,0,216,216,C
6-NA,165,210,0,0,0,210,A
6-NA,166,210,0,0,0,210,A
6-NA,167,1,0,0,216,217,C
6-NA,168,216,0,0,0,216,A
6-NA,169,221,0,0,0,221,A
6-NA,170,0,221,0,0,221,T
6-NA,171,220,0,0,0,220,A
6-NA,172,221,0,0,0,221,A
6-NA,173,0,220,0,0,220,T
6-NA,174,221,0,1,0,222,A
6-NA,175,0,1,224,0,225,G
6-NA,176,219,0,0,0,219,A
6-NA,177,219,1,0,0,220,A
6-NA,178,218,0,0,0,218,A
6-NA,179,0,1,217,0,218,G
6-NA,180,221,0,0,0,221,A
6-NA,181,221,0,0,0,221,A
6-NA,182,239,0,0,0,239,A
6-NA,183,0,0,0,241,241,C
6-NA,184,242,0,0,0,242,A
6-NA,185,0,242,0,0,242,T
6-NA,186,245,0,0,0,245,A
6-NA,187,248,0,0,0,248,A
6-NA,188,0,0,0,249,249,C
6-NA,189,248,0,0,0,248,A
6-NA,190,0,1,252,0,253,G
6-NA,191,247,0,1,0,248,A
6-NA,192,1,2,248,0,251,G
6-NA,193,253,0,0,0,253,A
6-NA,194,0,267,0,0,267,T
6-NA,195,264,0,0,0,264,A
6-NA,196,0,3,268,0,271,G
6-NA,197,0,271,0,0,271,T
6-NA,198,1,0,279,0,280,G
6-NA,199,0,276,0,0,276,T
6-NA,200,276,0,0,0,276,A
6-NA,201,0,275,0,0,275,T
6-NA,202,1,0,0,275,276,C
6-NA,203,0,263,0,4,267,T
6-NA,204,0,3,274,0,277,G
6-NA,205,277,0,0,0,277,A
6-NA,206,0,0,0,278,278,C
6-NA,207,2,0,0,272,274,C
6-NA,208,272,0,0,0,272,A
6-NA,209,275,0,0,0,275,A
6-NA,210,1,0,0,278,279,C
6-NA,211,278,0,0,0,278,A
6-NA,212,1,0,0,287,288,C
6-NA,213,2,0,0,285,287,C
6-NA,214,293,0,0,0,293,A
6-NA,215,2,0,0,300,302,C
6-NA,216,0,0,0,300,300,C
6-NA,217,301,1,0,0,302,A
6-NA,218,0,297,0,4,301,T
6-NA,219,293,0,0,0,293,A
6-NA,220,0,3,291,0,294,G
6-NA,221,289,0,0,0,289,A
6-NA,222,0,0,296,0,296,G
6-NA,223,295,0,0,0,295,A
6-NA,224,294,0,0,0,294,A
6-NA,225,0,0,297,0,297,G
6-NA,226,0,1,296,0,297,G
6-NA,227,296,0,0,0,296,A
6-NA,228,300,0,0,0,300,A
6-NA,229,299,0,0,0,299,A
6-NA,230,0,301,0,0,301,T
6-NA,231,297,0,0,0,297,A
6-NA,232,0,296,0,0,296,T
6-NA,233,0,0,297,0,297,G
6-NA,234,0,1,0,297,298,C
6-NA,235,4,0,0,292,296,C
6-NA,236,2,0,0,292,294,C
6-NA,237,0,0,0,299,299,C
6-NA,238,299,0,0,0,299,A
6-NA,239,301,0,0,0,301,A
6-NA,240,300,1,0,0,301,A
6-NA,241,0,0,0,302,302,C
6-NA,242,0,302,0,0,302,T
6-NA,243,299,0,0,0,299,A
6-NA,244,0,0,300,0,300,G
6-NA,245,0,0,0,299,299,C
6-NA,246,300,0,0,0,300,A
6-NA,247,0,1,306,0,307,G
6-NA,248,304,0,0,0,304,A
6-NA,249,314,0,0,0,314,A
6-NA,250,0,314,0,1,315,T
6-NA,251,312,0,1,0,313,A
6-NA,252,0,0,0,313,313,C
6-NA,253,310,0,0,0,310,A
6-NA,254,0,1,312,0,313,G
6-NA,255,310,0,0,0,310,A
6-NA,256,305,0,0,0,305,A
6-NA,257,305,0,0,0,305,A
6-NA,258,1,292,0,0,293,T
6-NA,259,0,292,0,0,292,T
6-NA,260,0,1,296,0,297,G
6-NA,261,0,1,297,0,298,G
6-NA,262,0,298,0,0,298,T
6-NA,263,1,0,0,296,297,C
6-NA,264,297,0,0,0,297,A
6-NA,265,303,0,0,0,303,A
6-NA,266,302,0,0,0,302,A
6-NA,267,0,0,307,0,307,G
6-NA,268,0,0,0,308,308,C
6-NA,269,1,0,1,304,306,C
6-NA,270,0,0,306,0,306,G
6-NA,271,0,0,0,306,306,C
6-NA,272,307,0,0,0,307,A
6-NA,273,306,2,0,0,308,A
6-NA,274,0,309,0,0,309,T
6-NA,275,0,0,309,0,309,G
6-NA,276,0,0,0,308,308,C
6-NA,277,0,2,309,0,311,G
6-NA,278,316,0,5,0,321,A
6-NA,279,0,0,0,321,321,C
6-NA,280,324,0,0,0,324,A
6-NA,281,0,331,0,0,331,T
6-NA,282,0,330,0,0,330,T
6-NA,283,331,0,0,0,331,A
6-NA,284,0,0,0,330,330,C
6-NA,285,327,0,0,0,327,A
6-NA,286,0,1,331,0,332,G
6-NA,287,0,0,332,0,332,G
6-NA,288,333,0,0,0,333,A
6-NA,289,0,330,0,0,330,T
6-NA,290,1,325,0,0,326,T
6-NA,291,0,325,0,0,325,T
6-NA,292,1,0,326,0,327,G
6-NA,293,0,0,0,326,326,C
6-NA,294,327,0,0,0,327,A
6-NA,295,2,1,0,323,326,C
6-NA,296,1,0,0,326,327,C
6-NA,297,0,326,0,1,327,T
6-NA,298,0,328,0,0,328,T
6-NA,299,0,330,0,0,330,T
6-NA,300,0,332,0,0,332,T
6-NA,301,0,334,0,3,337,T
6-NA,302,0,0,0,339,339,C
6-NA,303,0,338,0,0,338,T
6-NA,304,338,0,0,0,338,A
6-NA,305,336,0,0,0,336,A
6-NA,306,0,2,341,0,343,G
6-NA,307,0,0,340,1,341,G
6-NA,308,340,0,0,0,340,A
6-NA,309,2,0,0,341,343,C
6-NA,310,339,0,1,0,340,A
6-NA,311,342,0,0,0,342,A
6-NA,312,0,341,0,0,341,T
6-NA,313,0,339,0,0,339,T
6-NA,314,3,0,0,346,349,C
6-NA,315,0,1,347,0,348,G
6-NA,316,348,0,0,0,348,A
6-NA,317,0,348,0,0,348,T
6-NA,318,0,346,0,0,346,T
6-NA,319,347,0,0,0,347,A
6-NA,320,0,1,351,0,352,G
6-NA,321,0,0,351,0,351,G
6-NA,322,0,0,0,351,351,C
6-NA,323,0,347,0,1,348,T
6-NA,324,0,351,0,0,351,T
6-NA,325,1,348,0,0,349,T
6-NA,326,1,0,0,354,355,C
6-NA,327,1,2,0,352,355,C
6-NA,328,1,0,352,0,353,G
6-NA,329,0,0,0,353,353,C
6-NA,330,1,348,0,0,349,T
6-NA,331,1,0,357,0,358,G
6-NA,332,0,1,359,0,360,G
6-NA,333,0,359,0,0,359,T
6-NA,334,0,1,358,0,359,G
6-NA,335,3,2,349,0,354,G
6-NA,336,0,1,355,0,356,G
6-NA,337,0,0,359,0,359,G
6-NA,338,358,1,0,0,359,A
6-NA,339,0,1,0,363,364,C
6-NA,340,348,1,0,0,349,A
6-NA,341,0,347,0,0,347,T
6-NA,342,0,0,0,351,351,C
6-NA,343,0,351,0,0,351,T
6-NA,344,1,1,351,0,353,G
6-NA,345,0,2,353,0,355,G
6-NA,346,0,2,352,0,354,G
6-NA,347,0,354,0,0,354,T
6-NA,348,1,1,347,0,349,G
6-NA,349,349,0,0,0,349,A
6-NA,350,1,0,0,353,354,C
6-NA,351,350,0,1,1,352,A
6-NA,352,362,0,0,0,362,A
6-NA,353,0,2,364,0,366,G
6-NA,354,359,0,0,0,359,A
6-NA,355,0,2,367,0,369,G
6-NA,356,378,0,0,0,378,A
6-NA,357,394,0,0,0,394,A
6-NA,358,0,0,0,474,474,C
6-NA,359,1,0,0,503,504,C
6-NA,360,0,503,0,0,503,T
6-NA,361,0,508,0,1,509,T
6-NA,362,506,0,0,1,507,A
6-NA,363,0,509,0,0,509,T
6-NA,364,0,1,539,0,540,G
6-NA,365,0,544,0,1,545,T
6-NA,366,0,0,567,0,567,G
6-NA,367,0,556,0,0,556,T
6-NA,368,3,0,0,547,550,C
6-NA,369,553,0,1,2,556,A
6-NA,370,0,554,0,1,555,T
6-NA,371,0,0,556,0,556,G
6-NA,372,1,0,0,556,557,C
6-NA,373,0,0,556,0,556,G
6-NA,374,630,0,0,0,630,A
6-NA,375,0,626,0,0,626,T
6-NA,376,1,0,0,645,646,C
6-NA,377,1,0,0,646,647,C
6-NA,378,0,661,0,0,661,T
6-NA,379,0,6,667,0,673,G
6-NA,380,673,0,1,0,674,A
6-NA,381,1,0,1,674,676,C
6-NA,382,673,0,1,0,674,A
6-NA,383,657,0,1,0,658,A
6-NA,384,0,1,685,0,686,G
6-NA,385,0,685,0,0,685,T
6-NA,386,0,0,698,0,698,G
6-NA,387,0,697,1,1,699,T
6-NA,388,0,696,0,1,697,T
6-NA,389,697,0,1,0,698,A
6-NA,390,0,697,0,1,698,T
6-NA,391,1,0,0,704,705,C
6-NA,392,704,0,1,0,705,A
6-NA,393,697,0,1,0,698,A
6-NA,394,1,699,0,0,700,T
6-NA,395,0,702,0,0,702,T
6-NA,396,0,698,0,1,699,T
6-NA,397,0,1,706,0,707,G
6-NA,398,0,3,0,758,761,C
6-NA,399,2,0,0,763,765,C
6-NA,400,3,0,0,766,769,C
6-NA,401,0,767,0,0,767,T
6-NA,402,0,768,0,0,768,T
6-NA,403,1,7,782,0,790,G
6-NA,404,0,7,780,0,787,G
6-NA,405,793,0,2,0,795,A
6-NA,406,0,0,0,797,797,C
6-NA,407,774,0,0,0,774,A
6-NA,408,0,1,787,0,788,G
6-NA,409,1,1,791,0,793,G
6-NA,410,0,4,823,0,827,G
6-NA,411,829,0,1,0,830,A
6-NA,412,826,0,2,0,828,A
6-NA,413,0,1,0,828,829,C
6-NA,414,826,0,0,0,826,A
6-NA,415,909,0,1,0,910,A
6-NA,416,0,1,0,916,917,C
6-NA,417,921,0,0,0,921,A
6-NA,418,0,0,0,940,940,C
6-NA,419,0,923,0,0,923,T
6-NA,420,932,0,0,0,932,A
6-NA,421,934,0,0,0,934,A
6-NA,422,937,1,1,0,939,A
6-NA,423,0,0,0,941,941,C
6-NA,424,894,0,0,0,894,A
6-NA,425,896,0,0,0,896,A
6-NA,426,0,1,0,892,893,C
6-NA,427,1,0,895,0,896,G
6-NA,428,0,896,0,0,896,T
6-NA,429,2,1,890,0,893,G
6-NA,430,0,0,0,900,900,C
6-NA,431,903,0,0,0,903,A
6-NA,432,0,904,0,0,904,T
6-NA,433,0,903,0,2,905,T
6-NA,434,8,0,0,906,914,C
6-NA,435,931,0,1,0,932,A
6-NA,436,938,0,0,0,938,A
6-NA,437,942,0,0,0,942,A
6-NA,438,0,943,0,0,943,T
6-NA,439,1,17,925,0,943,G
6-NA,440,962,1,0,0,963,A
6-NA,441,1,1,0,966,968,C
6-NA,442,967,0,1,0,968,A
6-NA,443,2,0,0,977,979,C
6-NA,444,969,1,0,0,970,A
6-NA,445,1,2,1202,0,1205,G
6-NA,446,1,1202,0,0,1203,T
6-NA,447,1228,0,0,0,1228,A
6-NA,448,1,0,0,1229,1230,C
6-NA,449,12,2,1206,0,1220,G
6-NA,450,0,1266,0,1,1267,T
6-NA,451,0,5,1265,0,1270,G
6-NA,452,1272,0,0,0,1272,A
6-NA,453,0,1272,0,2,1274,T
6-NA,454,1150,0,3,0,1153,A
6-NA,455,1,3,1156,0,1160,G
6-NA,456,0,3,1145,0,1148,G
6-NA,457,1153,0,2,0,1155,A
6-NA,458,1,0,0,1171,1172,C
6-NA,459,3,0,0,1147,1150,C
6-NA,460,2,0,0,1162,1164,C
6-NA,461,6,0,0,1165,1171,C
6-NA,462,0,1178,0,0,1178,T
6-NA,463,0,1202,0,0,1202,T
6-NA,464,1202,0,1,0,1203,A
6-NA,465,0,1207,0,0,1207,T
6-NA,466,3,2,0,1199,1204,C
6-NA,467,1,2,1195,0,1198,G
6-NA,468,0,6,1195,0,1201,G
6-NA,469,1204,0,1,0,1205,A
6-NA,470,0,1,0,1220,1221,C
6-NA,471,5,0,0,1205,1210,C
6-NA,472,6,0,0,1274,1280,C
6-NA,473,0,1277,0,2,1279,T
6-NA,474,1302,0,1,0,1303,A
6-NA,475,0,1308,0,0,1308,T
6-NA,476,0,1306,0,0,1306,T
6-NA,477,0,4,1306,0,1310,G
6-NA,478,1311,0,1,0,1312,A
6-NA,479,0,1306,1,0,1307,T
6-NA,480,2,5,1307,1,1315,G
6-NA,481,1264,1,1,0,1266,A
6-NA,482,1272,0,1,0,1273,A
6-NA,483,1,1258,0,0,1259,T
6-NA,484,0,4,1290,1,1295,G
6-NA,485,1311,0,1,0,1312,A
6-NA,486,0,2,1320,0,1322,G
6-NA,487,0,1318,0,0,1318,T
6-NA,488,0,1315,0,0,1315,T
6-NA,489,1319,0,0,0,1319,A
6-NA,490,0,2,1320,1,1323,G
6-NA,491,0,1,1328,0,1329,G
6-NA,492,0,1318,0,3,1321,T
6-NA,493,0,3,1312,1,1316,G
6-NA,494,0,1292,0,1,1293,T
6-NA,495,0,1285,0,2,1287,T
6-NA,496,4,0,0,1304,1308,C
6-NA,497,5,0,0,1307,1312,C
6-NA,498,0,1307,0,1,1308,T
6-NA,499,1,1312,0,1,1314,T
6-NA,500,0,1312,0,0,1312,T
6-NA,501,0,1312,0,1,1313,T
6-NA,502,6,1,0,1319,1326,C
6-NA,503,1321,0,1,0,1322,A
6-NA,504,1,1355,0,0,1356,T
6-NA,505,4,0,0,1357,1361,C
6-NA,506,0,1335,1,0,1336,T
6-NA,507,0,3,1329,0,1332,G
6-NA,508,0,6,1331,0,1337,G
6-NA,509,1,6,1331,0,1338,G
6-NA,510,1,5,1341,0,1347,G
6-NA,511,1343,1,2,0,1346,A
6-NA,512,1,0,0,1359,1360,C
6-NA,513,8,0,0,1332,1340,C
6-NA,514,1365,0,0,0,1365,A
6-NA,515,1362,0,0,0,1362,A
6-NA,516,0,2,1364,0,1366,G
6-NA,517,2,0,0,1367,1369,C
6-NA,518,1364,0,0,0,1364,A
6-NA,519,1379,0,0,0,1379,A
6-NA,520,1,2,1383,1,1387,G
6-NA,521,0,1380,0,0,1380,T
6-NA,522,3,1,1412,0,1416,G
6-NA,523,0,1403,0,1,1404,T
6-NA,524,1,1,1446,0,1448,G
6-NA,525,0,0,0,1447,1447,C
6-NA,526,1441,0,0,0,1441,A
6-NA,527,0,1458,0,1,1459,T
6-NA,528,1420,0,0,0,1420,A
6-NA,529,1,0,1460,0,1461,G
6-NA,530,0,0,0,1459,1459,C
6-NA,531,1426,0,0,1,1427,A
6-NA,532,0,1424,0,1,1425,T
6-NA,533,0,8,1389,1,1398,G
6-NA,534,0,1,1618,0,1619,G
6-NA,535,0,1615,0,4,1619,T
6-NA,536,7,0,0,1609,1616,C
6-NA,537,5,0,0,1652,1657,C
6-NA,538,1690,0,1,0,1691,A
6-NA,539,0,0,1834,0,1834,G
6-NA,540,1,1,0,1839,1841,C
6-NA,541,0,1836,0,0,1836,T
6-NA,542,12,0,1,1842,1855,C
6-NA,543,1807,1,4,1,1813,A
6-NA,544,1863,0,2,0,1865,A
6-NA,545,0,3,1892,0,1895,G
6-NA,546,0,1902,0,1,1903,T
6-NA,547,0,1904,0,0,1904,T
6-NA,548,2,3,1903,0,1908,G
6-NA,549,0,1900,0,1,1901,T
6-NA,550,11,0,0,1890,1901,C
6-NA,551,1902,0,1,0,1903,A
6-NA,552,2,2,0,1927,1931,C
6-NA,553,0,6,1920,0,1926,G
6-NA,554,2006,1,0,0,2007,A
6-NA,555,0,2019,0,0,2019,T
6-NA,556,0,8,2087,1,2096,G
6-NA,557,0,5,2114,0,2119,G
6-NA,558,2110,0,0,0,2110,A
6-NA,559,2123,0,1,1,2125,A
6-NA,560,2165,0,3,0,2168,A
6-NA,561,2171,0,5,0,2176,A
6-NA,562,0,0,2234,0,2234,G
6-NA,563,2,0,1,2228,2231,C
6-NA,564,2224,1,2,0,2227,A
6-NA,565,1,2240,0,1,2242,T
6-NA,566,4,11,2287,0,2302,G
6-NA,567,1,2,2332,0,2335,G
6-NA,568,0,0,1,2380,2381,C
6-NA,569,0,2370,0,1,2371,T
6-NA,570,2,1,2390,0,2393,G
6-NA,571,2,0,0,2385,2387,C
6-NA,572,2397,0,2,0,2399,A
6-NA,573,0,2559,0,1,2560,T
6-NA,574,2,2,2572,0,2576,G
6-NA,575,0,2631,0,0,2631,T
6-NA,576,1,2728,1,3,2733,T
6-NA,577,0,2741,1,0,2742,T
6-NA,578,1,2,2988,0,2991,G
6-NA,579,0,2986,0,3,2989,T
6-NA,580,2996,0,1,0,2997,A
6-NA,581,0,3011,0,2,3013,T
6-NA,582,2980,0,1,0,2981,A
6-NA,583,3007,1,2,0,3010,A
6-NA,584,0,7,0,2993,3000,C
6-NA,585,1,14,2964,1,2980,G
6-NA,586,0,10,2987,1,2998,G
6-NA,587,1,21,2943,1,2966,G
6-NA,588,0,4,2985,0,2989,G
6-NA,589,2,10,2990,0,3002,G
6-NA,590,2989,1,3,0,2993,A
6-NA,591,0,3011,0,2,3013,T
6-NA,592,1,6,3027,0,3034,G
6-NA,593,3072,0,1,0,3073,A
6-NA,594,0,3090,0,0,3090,T
6-NA,595,3079,0,0,0,3079,A
6-NA,596,3133,0,1,0,3134,A
6-NA,597,3147,0,1,1,3149,A
6-NA,598,3158,0,2,1,3161,A
6-NA,599,3183,1,2,0,3186,A
6-NA,600,0,3186,0,2,3188,T
6-NA,601,0,6,3183,0,3189,G
6-NA,602,3,0,0,3188,3191,C
6-NA,603,3182,1,1,0,3184,A
6-NA,604,3211,0,2,0,3213,A
6-NA,605,0,0,0,3263,3263,C
6-NA,606,1,3258,0,0,3259,T
6-NA,607,2,5,3264,0,3271,G
6-NA,608,1,1,0,3271,3273,C
6-NA,609,0,3268,0,4,3272,T
6-NA,610,3281,0,0,0,3281,A
6-NA,611,1,0,3301,0,3302,G
6-NA,612,0,1,1,3350,3352,C
6-NA,613,0,3350,0,8,3358,T
6-NA,614,2,3356,0,0,3358,T
6-NA,615,12,1,1,3400,3414,C
6-NA,616,3446,0,0,0,3446,A
6-NA,617,0,3466,0,1,3467,T
6-NA,618,0,3472,0,1,3473,T
6-NA,619,0,3499,0,3,3502,T
6-NA,620,3524,1,0,0,3525,A
6-NA,621,3,0,1,3564,3568,C
6-NA,622,3540,0,3,0,3543,A
6-NA,623,3586,0,2,0,3588,A
6-NA,624,0,3572,0,0,3572,T
6-NA,625,1,21,3540,0,3562,G
6-NA,626,1,6,3548,1,3556,G
6-NA,627,0,4,3567,0,3571,G
6-NA,628,3549,1,2,0,3552,A
6-NA,629,0,13,3688,0,3701,G
6-NA,630,2,1,3728,0,3731,G
6-NA,631,3,1,0,4160,4164,C
6-NA,632,1,4154,0,4,4159,T
6-NA,633,0,4233,1,1,4235,T
6-NA,634,1,0,4286,0,4287,G
6-NA,635,0,4297,0,0,4297,T
6-NA,636,4369,0,3,1,4373,A
6-NA,637,0,9,4390,0,4399,G
6-NA,638,4347,2,1,0,4350,A
6-NA,639,0,4369,0,1,4370,T
6-NA,640,4036,1,1,0,4038,A
6-NA,641,2,4,4038,1,4045,G
6-NA,642,3,4006,1,2,4012,T
6-NA,643,1,8,3927,1,3937,G
6-NA,644,0,4165,0,2,4167,T
6-NA,645,0,4154,0,3,4157,T
6-NA,646,2,5,4259,0,4266,G
6-NA,647,1,4246,1,5,4253,T
6-NA,648,0,4255,0,1,4256,T
6-NA,649,0,4262,1,7,4270,T
6-NA,650,15,4,0,4192,4211,C
6-NA,651,4206,2,1,0,4209,A
6-NA,652,0,4191,1,2,4194,T
6-NA,653,1,28,4167,0,4196,G
6-NA,654,1,2,4504,1,4508,G
6-NA,655,1,4482,0,5,4488,T
6-NA,656,26,3,0,4454,4483,C
6-NA,657,28,0,3,4439,4470,C
6-NA,658,4499,0,2,0,4501,A
6-NA,659,4544,0,1,0,4545,A
6-NA,660,4547,0,2,2,4551,A
6-NA,661,1,20,4559,0,4580,G
6-NA,662,4562,0,0,1,4563,A
6-NA,663,4446,0,1,0,4447,A
6-NA,664,4458,0,2,0,4460,A
6-NA,665,0,4455,0,2,4457,T
6-NA,666,16,1,0,4624,4641,C
6-NA,667,22,0,0,4618,4640,C
6-NA,668,1,4632,1,2,4636,T
6-NA,669,15,3,1,4622,4641,C
6-NA,670,4587,1,11,28,4627,A
6-NA,671,1,11,4691,0,4703,G
6-NA,672,2,22,4678,0,4702,G
6-NA,673,4857,1,2,1,4861,A
6-NA,674,3,2,0,4864,4869,C
6-NA,675,8,2,0,4779,4789,C
6-NA,676,14,1,1,4759,4775,C
6-NA,677,4785,2,1,0,4788,A
6-NA,678,2,14,4786,0,4802,G
6-NA,679,1,24,4804,1,4830,G
6-NA,680,4817,1,4,0,4822,A
6-NA,681,0,3,4906,0,4909,G
6-NA,682,0,4836,0,3,4839,T
6-NA,683,32,2,0,4816,4850,C
6-NA,684,4832,1,3,0,4836,A
6-NA,685,0,21,4858,0,4879,G
6-NA,686,4864,2,1,0,4867,A
6-NA,687,4871,1,1,1,4874,A
6-NA,688,1,4850,0,1,4852,T
6-NA,689,1,6,4878,0,4885,G
6-NA,690,6,3,1,4878,4888,C
6-NA,691,5,4,4902,1,4912,G
6-NA,692,1,4894,0,4,4899,T
6-NA,693,0,4906,0,0,4906,T
6-NA,694,0,4884,0,2,4886,T
6-NA,695,1,6,4924,0,4931,G
6-NA,696,1,4936,0,6,4943,T
6-NA,697,4942,0,2,0,4944,A
6-NA,698,0,4932,0,2,4934,T
6-NA,699,23,0,0,4924,4947,C
6-NA,700,4928,0,2,1,4931,A
6-NA,701,4937,0,0,0,4937,A
6-NA,702,1,4936,0,1,4938,T
6-NA,703,2,20,4915,0,4937,G
6-NA,704,1,24,4929,0,4954,G
6-NA,705,5047,0,1,0,5048,A
6-NA,706,5055,1,2,0,5058,A
6-NA,707,4,1,0,5109,5114,C
6-NA,708,0,5158,2,2,5162,T
6-NA,709,0,5155,0,0,5155,T
6-NA,710,1,5,5322,0,5328,G
6-NA,711,3,5321,0,0,5324,T
6-NA,712,5318,2,4,0,5324,A
6-NA,713,4,0,1,5419,5424,C
6-NA,714,5286,0,4,1,5291,A
6-NA,715,2,5,5665,0,5672,G
6-NA,716,0,5630,0,1,5631,T
6-NA,717,5889,1,4,0,5894,A
6-NA,718,0,10,5924,0,5934,G
6-NA,719,0,5816,0,2,5818,T
6-NA,720,5819,1,1,0,5821,A
6-NA,721,5817,1,0,0,5818,A
6-NA,722,0,5790,0,0,5790,T
6-NA,723,1,71,5749,1,5822,G
6-NA,724,5684,0,1,0,5685,A
6-NA,725,3,1,0,5755,5759,C
6-NA,726,2,5584,0,10,5596,T
6-NA,727,0,14,5620,0,5634,G
6-NA,728,5627,2,5,0,5634,A
6-NA,729,2,5658,1,3,5664,T
6-NA,730,2,22,5642,0,5666,G
6-NA,731,0,13,5622,0,5635,G
6-NA,732,1,23,5631,0,5655,G
6-NA,733,5549,1,8,3,5561,A
6-NA,734,1,1,5569,0,5571,G
6-NA,735,0,5525,0,2,5527,T
6-NA,736,1,5,5553,0,5559,G
6-NA,737,0,1,0,5573,5574,C
6-NA,738,0,5542,0,5,5547,T
6-NA,739,0,5538,1,2,5541,T
6-NA,740,19,0,0,5499,5518,C
6-NA,741,3,15,5480,0,5498,G
6-NA,742,5,10,5535,1,5551,G
6-NA,743,2,14,5535,1,5552,G
6-NA,744,5524,0,22,0,5546,A
6-NA,745,5503,1,1,0,5505,A
6-NA,746,5481,1,3,0,5485,A
6-NA,747,5493,0,14,2,5509,A
6-NA,748,1,5,5536,0,5542,G
6-NA,749,3,2,0,5538,5543,C
6-NA,750,1,5501,0,1,5503,T
6-NA,751,2,23,5493,0,5518,G
6-NA,752,5522,0,1,0,5523,A
6-NA,753,1,5582,0,0,5583,T
6-NA,754,5596,0,3,1,5600,A
6-NA,755,1,1,0,5876,5878,C
6-NA,756,2,5837,0,1,5840,T
6-NA,757,5852,0,3,0,5855,A
6-NA,758,5863,0,0,2,5865,A
6-NA,759,5868,1,0,0,5869,A
6-NA,760,5978,0,1,1,5980,A
6-NA,761,0,5982,0,2,5984,T
6-NA,762,5946,1,4,1,5952,A
6-NA,763,3,0,0,5982,5985,C
6-NA,764,0,5733,0,1,5734,T
6-NA,765,5824,1,3,0,5828,A
6-NA,766,0,5811,0,1,5812,T
6-NA,767,2,6199,1,16,6218,T
6-NA,768,45,1,0,6248,6294,C
6-NA,769,6210,1,1,0,6212,A
6-NA,770,1,6203,0,1,6205,T
6-NA,771,0,6192,1,3,6196,T
6-NA,772,6110,0,3,0,6113,A
6-NA,773,6136,0,2,1,6139,A
6-NA,774,1,16,6158,0,6175,G
6-NA,775,0,20,6163,0,6183,G
6-NA,776,5840,1,5,1,5847,A
6-NA,777,3,21,5891,0,5915,G
6-NA,778,1,26,5890,1,5918,G
6-NA,779,3,8,5909,1,5921,G
6-NA,780,1,14,5922,0,5937,G
6-NA,781,5919,1,3,0,5923,A
6-NA,782,5929,0,4,1,5934,A
6-NA,783,5911,0,1,0,5912,A
6-NA,784,5912,2,3,0,5917,A
6-NA,785,1,5915,0,3,5919,T
6-NA,786,40,4,0,5831,5875,C
6-NA,787,4,3,5945,0,5952,G
6-NA,788,0,5925,0,2,5927,T
6-NA,789,4,5923,0,3,5930,T
6-NA,790,42,1,0,5904,5947,C
6-NA,791,5953,0,0,0,5953,A
6-NA,792,1,6413,0,10,6424,T
6-NA,793,6417,0,3,0,6420,A
6-NA,794,3,2,1,6450,6456,C
6-NA,795,0,6438,0,3,6441,T
6-NA,796,6441,0,7,0,6448,A
6-NA,797,0,3,6444,0,6447,G
6-NA,798,2,1,1,6443,6447,C
6-NA,799,6449,1,3,0,6453,A
6-NA,800,5,3,0,6453,6461,C
6-NA,801,6170,0,0,0,6170,A
6-NA,802,2,6281,0,0,6283,T
6-NA,803,1,6245,0,0,6246,T
6-NA,804,1,4,6736,0,6741,G
6-NA,805,4,6697,0,7,6708,T
6-NA,806,47,0,0,6660,6707,C
6-NA,807,6695,2,5,2,6704,A
6-NA,808,3,14,6701,0,6718,G
6-NA,809,1,12,6704,0,6717,G
6-NA,810,6708,0,1,0,6709,A
6-NA,811,6584,1,6,0,6591,A
6-NA,812,0,6,6685,0,6691,G
6-NA,813,1,6315,0,2,6318,T
6-NA,814,2,5,6351,0,6358,G
6-NA,815,6,3,0,6344,6353,C
6-NA,816,0,6339,0,5,6344,T
6-NA,817,39,4,0,6329,6372,C
6-NA,818,6334,1,1,0,6336,A
6-NA,819,0,2,6404,0,6406,G
6-NA,820,1,0,2,6394,6397,C
6-NA,821,6364,0,4,0,6368,A
6-NA,822,0,6377,0,1,6378,T
6-NA,823,3,5,6640,1,6649,G
6-NA,824,4,6641,0,4,6649,T
6-NA,825,41,3,1,6600,6645,C
6-NA,826,2,17,6623,1,6643,G
6-NA,827,6634,1,1,0,6636,A
6-NA,828,1,16,6591,1,6609,G
6-NA,829,1,33,6593,0,6627,G
6-NA,830,6572,1,4,0,6577,A
6-NA,831,2,3,6710,0,6715,G
6-NA,832,0,6444,0,28,6472,T
6-NA,833,4,2,6505,0,6511,G
6-NA,834,2,1,0,6645,6648,C
6-NA,835,1,6616,1,8,6626,T
6-NA,836,35,0,1,6640,6676,C
6-NA,837,11,1,0,6696,6708,C
6-NA,838,0,6704,0,3,6707,T
6-NA,839,4,3,6741,2,6750,G
6-NA,840,1,1,1,6674,6677,C
6-NA,841,2,6611,0,4,6617,T
6-NA,842,6684,0,1,0,6685,A
6-NA,843,1,6534,1,4,6540,T
6-NA,844,20,2,0,6557,6579,C
6-NA,845,16,1,0,6545,6562,C
6-NA,846,1,6561,0,3,6565,T
6-NA,847,16,5,0,6578,6599,C
6-NA,848,2,19,6566,0,6587,G
6-NA,849,6674,1,1,0,6676,A
6-NA,850,0,6675,0,4,6679,T
6-NA,851,6679,1,5,0,6685,A
6-NA,852,1,6686,0,2,6689,T
6-NA,853,14,0,4,6640,6658,C
6-NA,854,14,0,0,6630,6644,C
6-NA,855,1,6596,0,2,6599,T
6-NA,856,1,19,6634,1,6655,G
6-NA,857,3,6,6678,0,6687,G
6-NA,858,2,6768,0,4,6774,T
6-NA,859,1,4,6799,1,6805,G
6-NA,860,1,6753,0,7,6761,T
6-NA,861,57,1,1,6699,6758,C
6-NA,862,6738,4,3,0,6745,A
6-NA,863,2,15,6734,0,6751,G
6-NA,864,6754,1,7,0,6762,A
6-NA,865,1,6663,2,3,6669,T
6-NA,866,3,5,6689,0,6697,G
6-NA,867,1,6617,0,1,6619,T
6-NA,868,1,1,6662,1,6665,G
6-NA,869,2,6619,1,19,6641,T
6-NA,870,30,0,0,6644,6674,C
6-NA,871,1,6631,1,8,6641,T
6-NA,872,2,6,6653,1,6662,G
6-NA,873,2,3,0,6648,6653,C
6-NA,874,6647,1,1,0,6649,A
6-NA,875,2,20,6636,1,6659,G
6-NA,876,6516,1,3,0,6520,A
6-NA,877,0,21,6549,0,6570,G
6-NA,878,6551,2,3,0,6556,A
6-NA,879,9,1,0,6619,6629,C
6-NA,880,6627,0,2,0,6629,A
6-NA,881,6668,1,2,0,6671,A
6-NA,882,6,3,0,6714,6723,C
6-NA,883,2,6712,1,2,6717,T
6-NA,884,8,19,6700,1,6728,G
6-NA,885,1,26,6680,0,6707,G
6-NA,886,6668,5,21,0,6694,A
6-NA,887,6679,0,3,0,6682,A
6-NA,888,6514,0,6,1,6521,A
6-NA,889,1,13,6628,0,6642,G
6-NA,890,1,6,6608,0,6615,G
6-NA,891,8,0,0,6588,6596,C
6-NA,892,0,6564,0,7,6571,T
6-NA,893,23,0,1,6691,6715,C
6-NA,894,22,4,2,6764,6792,C
6-NA,895,6811,0,2,0,6813,A
6-NA,896,6813,0,0,0,6813,A
6-NA,897,0,6825,0,0,6825,T
6-NA,898,6619,3,3,0,6625,A
6-NA,899,3,23,6582,0,6608,G
6-NA,900,2,5,6626,0,6633,G
6-NA,901,3,1,0,6625,6629,C
6-NA,902,18,2,1,6487,6508,C
6-NA,903,35,2,0,6407,6444,C
6-NA,904,6510,0,0,1,6511,A
6-NA,905,2,6570,2,2,6576,T
6-NA,906,24,2,0,6561,6587,C
6-NA,907,6,3,6588,0,6597,G
6-NA,908,0,6555,0,2,6557,T
6-NA,909,6433,0,2,1,6436,A
6-NA,910,0,13,6555,0,6568,G
6-NA,911,6581,0,5,0,6586,A
6-NA,912,1,6592,0,1,6594,T
6-NA,913,6467,1,0,0,6468,A
6-NA,914,1,6402,0,1,6404,T
6-NA,915,6399,0,2,0,6401,A
6-NA,916,6384,0,1,0,6385,A
6-NA,917,6517,1,0,0,6518,A
6-NA,918,8,3,0,6640,6651,C
6-NA,919,6492,2,1,0,6495,A
6-NA,920,2,6484,0,1,6487,T
6-NA,921,6445,0,2,0,6447,A
6-NA,922,6440,1,6,0,6447,A
6-NA,923,6440,1,6,1,6448,A
6-NA,924,0,16,6483,1,6500,G
6-NA,925,9,21,6543,0,6573,G
6-NA,926,6409,2,0,1,6412,A
6-NA,927,2,6417,1,4,6424,T
6-NA,928,30,3,0,6417,6450,C
6-NA,929,6479,0,6,2,6487,A
6-NA,930,2,6510,0,1,6513,T
6-NA,931,6494,1,8,0,6503,A
6-NA,932,36,3,6513,1,6553,G
6-NA,933,6,0,0,6477,6483,C
6-NA,934,6366,0,1,0,6367,A
6-NA,935,1,6181,0,4,6186,T
6-NA,936,1,6212,0,1,6214,T
6-NA,937,2,7,6412,0,6421,G
6-NA,938,3,6411,2,2,6418,T
6-NA,939,2,6510,1,2,6515,T
6-NA,940,1,6514,0,6,6521,T
6-NA,941,22,0,0,6470,6492,C
6-NA,942,22,4,0,6504,6530,C
6-NA,943,6602,0,4,1,6607,A
6-NA,944,0,6,6690,0,6696,G
6-NA,945,0,6684,1,4,6689,T
6-NA,946,0,6507,1,3,6511,T
6-NA,947,6520,0,1,0,6521,A
6-NA,948,3,6461,0,5,6469,T
6-NA,949,3,3,6469,0,6475,G
6-NA,950,2,6414,0,4,6420,T
6-NA,951,3,7,6453,0,6463,G
6-NA,952,1,6294,0,2,6297,T
6-NA,953,2,11,6453,0,6466,G
6-NA,954,1,6459,0,7,6467,T
6-NA,955,0,6437,0,6,6443,T
6-NA,956,45,0,0,6407,6452,C
6-NA,957,6368,1,6,1,6376,A
6-NA,958,2,25,6403,0,6430,G
6-NA,959,1,36,6379,2,6418,G
6-NA,960,6382,0,12,0,6394,A
6-NA,961,6,4,0,6395,6405,C
6-NA,962,1,6200,1,8,6210,T
6-NA,963,0,6217,1,2,6220,T
6-NA,964,0,10,6473,0,6483,G
6-NA,965,1,6480,1,2,6484,T
6-NA,966,0,6479,1,0,6480,T
6-NA,967,3,12,6431,0,6446,G
6-NA,968,1,24,6423,0,6448,G
6-NA,969,6422,3,12,0,6437,A
6-NA,970,2,29,6437,1,6469,G
6-NA,971,6425,0,8,0,6433,A
6-NA,972,3,1,0,6412,6416,C
6-NA,973,6191,2,5,0,6198,A
6-NA,974,4,3,0,6216,6223,C
6-NA,975,6218,1,7,8,6234,A
6-NA,976,7,1,0,6263,6271,C
6-NA,977,25,0,1,6199,6225,C
6-NA,978,26,3,0,6194,6223,C
6-NA,979,6206,0,4,0,6210,A
6-NA,980,0,20,6236,1,6257,G
6-NA,981,6238,0,1,0,6239,A
6-NA,982,6273,1,3,0,6277,A
6-NA,983,6227,1,3,0,6231,A
6-NA,984,6235,0,0,1,6236,A
6-NA,985,6192,1,2,1,6196,A
6-NA,986,6203,0,0,2,6205,A
6-NA,987,3,7,1,6211,6222,C
6-NA,988,3,48,6165,0,6216,G
6-NA,989,6194,2,5,0,6201,A
6-NA,990,3,3,0,6192,6198,C
6-NA,991,6167,1,2,0,6170,A
6-NA,992,2,1,6249,0,6252,G
6-NA,993,1,0,0,6476,6477,C
6-NA,994,5,6453,0,3,6461,T
6-NA,995,24,1,0,6456,6481,C
6-NA,996,17,1,1,6494,6513,C
6-NA,997,6514,0,3,0,6517,A
6-NA,998,5,2,6601,0,6608,G
6-NA,999,1,1,0,6598,6600,C
6-NA,1000,6563,0,1,1,6565,A
6-NA,1001,0,4,6561,0,6565,G
6-NA,1002,3,6239,0,6,6248,T
6-NA,1003,6252,1,1,0,6254,A
6-NA,1004,3,5,6261,0,6269,G
6-NA,1005,10,1,0,6270,6281,C
6-NA,1006,14,2,0,6275,6291,C
6-NA,1007,6209,1,1,0,6211,A
6-NA,1008,1,6210,2,1,6214,T
6-NA,1009,0,6215,1,1,6217,T
6-NA,1010,2,6,6362,0,6370,G
6-NA,1011,0,6330,0,4,6334,T
6-NA,1012,2,6318,0,6,6326,T
6-NA,1013,3,6308,0,0,6311,T
6-NA,1014,1,28,6237,0,6266,G
6-NA,1015,1,15,6330,0,6346,G
6-NA,1016,6339,0,2,1,6342,A
6-NA,1017,1,6361,0,4,6366,T
6-NA,1018,17,1,1,6344,6363,C
6-NA,1019,14,2,1,6226,6243,C
6-NA,1020,8,6243,0,4,6255,T
6-NA,1021,6253,0,11,0,6264,A
6-NA,1022,6283,2,5,0,6290,A
6-NA,1023,3,1,0,6369,6373,C
6-NA,1024,6231,1,2,0,6234,A
6-NA,1025,6306,1,0,0,6307,A
6-NA,1026,0,6284,1,1,6286,T
6-NA,1027,1,16,6359,0,6376,G
6-NA,1028,6344,1,5,0,6350,A
6-NA,1029,6317,1,6,1,6325,A
6-NA,1030,2,10,6360,0,6372,G
6-NA,1031,6333,2,4,0,6339,A
6-NA,1032,6196,0,5,0,6201,A
6-NA,1033,44,21,6169,0,6234,G
6-NA,1034,2,7,6230,2,6241,G
6-NA,1035,3,6161,0,3,6167,T
6-NA,1036,1,27,6129,1,6158,G
6-NA,1037,6,5,6379,0,6390,G
6-NA,1038,1,6350,0,10,6361,T
6-NA,1039,57,3,1,6263,6324,C
6-NA,1040,6323,1,1,0,6325,A
6-NA,1041,0,6307,0,3,6310,T
6-NA,1042,25,21,6255,2,6303,G
6-NA,1043,0,32,6310,0,6342,G
6-NA,1044,6302,0,6,0,6308,A
6-NA,1045,0,3,6529,0,6532,G
6-NA,1046,3,6209,2,4,6218,T
6-NA,1047,1,23,6208,1,6233,G
6-NA,1048,6218,0,1,0,6219,A
6-NA,1049,6205,0,3,0,6208,A
6-NA,1050,6223,1,9,1,6234,A
6-NA,1051,0,15,6228,0,6243,G
6-NA,1052,2,7,6186,0,6195,G
6-NA,1053,4,2,0,6165,6171,C
6-NA,1054,1,5959,1,3,5964,T
6-NA,1055,4,20,5952,1,5977,G
6-NA,1056,1,23,5951,0,5975,G
6-NA,1057,2,3,6046,1,6052,G
6-NA,1058,6,2,0,6057,6065,C
6-NA,1059,12,1,0,6050,6063,C
6-NA,1060,0,5974,0,5,5979,T
6-NA,1061,0,5989,0,1,5990,T
6-NA,1062,1,5987,2,1,5991,T
6-NA,1063,0,17,6006,0,6023,G
6-NA,1064,6001,0,6,1,6008,A
6-NA,1065,1,5951,0,1,5953,T
6-NA,1066,1,22,5854,0,5877,G
6-NA,1067,5799,2,2,0,5803,A
6-NA,1068,1,5829,0,1,5831,T
6-NA,1069,0,13,5831,0,5844,G
6-NA,1070,1,11,5907,3,5922,G
6-NA,1071,5915,1,0,0,5916,A
6-NA,1072,5903,0,2,1,5906,A
6-NA,1073,5910,1,5,0,5916,A
6-NA,1074,0,5912,0,1,5913,T
6-NA,1075,6,28,5901,0,5935,G
6-NA,1076,5931,1,4,0,5936,A
6-NA,1077,3,2,0,5923,5928,C
6-NA,1078,5,5,5957,0,5967,G
6-NA,1079,2,5807,0,4,5813,T
6-NA,1080,2,4,5859,1,5866,G
6-NA,1081,1,5860,0,4,5865,T
6-NA,1082,0,37,5842,1,5880,G
6-NA,1083,0,12,5920,0,5932,G
6-NA,1084,5897,0,1,0,5898,A
6-NA,1085,1,5885,0,3,5889,T
6-NA,1086,1,30,5827,1,5859,G
6-NA,1087,4,12,5840,4,5860,G
6-NA,1088,2,13,5882,1,5898,G
6-NA,1089,5861,1,3,0,5865,A
6-NA,1090,5843,0,3,0,5846,A
6-NA,1091,1,30,5804,1,5836,G
6-NA,1092,5746,0,5,0,5751,A
6-NA,1093,5751,0,3,0,5754,A
6-NA,1094,3,6,0,5717,5726,C
6-NA,1095,0,32,5665,0,5697,G
6-NA,1096,5697,1,4,0,5702,A
6-NA,1097,4,5605,0,2,5611,T
6-NA,1098,32,1,2,5592,5627,C
6-NA,1099,5624,0,6,0,5630,A
6-NA,1100,1,1,5651,0,5653,G
6-NA,1101,2,3,0,5637,5642,C
6-NA,1102,1,25,5625,1,5652,G
6-NA,1103,5638,5,2,0,5645,A
6-NA,1104,1,6,5647,0,5654,G
6-NA,1105,5635,0,2,0,5637,A
6-NA,1106,5637,0,2,1,5640,A
6-NA,1107,1,5,5684,0,5690,G
6-NA,1108,0,5655,1,5,5661,T
6-NA,1109,45,1,1,5561,5608,C
6-NA,1110,5584,1,4,0,5589,A
6-NA,1111,2,1,0,5770,5773,C
6-NA,1112,1,2,5778,0,5781,G
6-NA,1113,7,0,0,5783,5790,C
6-NA,1114,0,5758,1,1,5760,T
6-NA,1115,0,5772,0,1,5773,T
6-NA,1116,5668,1,0,0,5669,A
6-NA,1117,7,17,5864,0,5888,G
6-NA,1118,2,32,5854,0,5888,G
6-NA,1119,4,1,6020,1,6026,G
6-NA,1120,0,5669,0,2,5671,T
6-NA,1121,5668,0,0,0,5668,A
6-NA,1122,2,5642,1,0,5645,T
6-NA,1123,0,28,5606,0,5634,G
6-NA,1124,5617,0,7,1,5625,A
6-NA,1125,5614,0,0,1,5615,A
6-NA,1126,5390,0,7,1,5398,A
6-NA,1127,2,0,0,5399,5401,C
6-NA,1128,18,1,1,5268,5288,C
6-NA,1129,2,5234,0,3,5239,T
6-NA,1130,2,5222,0,11,5235,T
6-NA,1131,13,1,0,5220,5234,C
6-NA,1132,5233,0,1,0,5234,A
6-NA,1133,5233,2,2,0,5237,A
6-NA,1134,5242,1,4,1,5248,A
6-NA,1135,4,3,5300,0,5307,G
6-NA,1136,1,5212,1,4,5218,T
6-NA,1137,55,1,0,5189,5245,C
6-NA,1138,5365,1,2,1,5369,A
6-NA,1139,0,5383,0,0,5383,T
6-NA,1140,0,5373,0,3,5376,T
6-NA,1141,1,12,5373,0,5386,G
6-NA,1142,5366,0,5,0,5371,A
6-NA,1143,5401,0,4,0,5405,A
6-NA,1144,1,22,5436,0,5459,G
6-NA,1145,1,3,5458,0,5462,G
6-NA,1146,2,1,0,5439,5442,C
6-NA,1147,0,5258,0,1,5259,T
6-NA,1148,1,11,5298,1,5311,G
6-NA,1149,0,4,5453,0,5457,G
6-NA,1150,1,5448,0,5,5454,T
6-NA,1151,28,2,0,5407,5437,C
6-NA,1152,23,3,1,5390,5417,C
6-NA,1153,5401,1,2,0,5404,A
6-NA,1154,5442,0,5,0,5447,A
6-NA,1155,3,0,0,5491,5494,C
6-NA,1156,29,1,1,5462,5493,C
6-NA,1157,21,1,1,5459,5482,C
6-NA,1158,0,5243,1,1,5245,T
6-NA,1159,5247,0,1,1,5249,A
6-NA,1160,5244,1,3,0,5248,A
6-NA,1161,0,1,5301,0,5302,G
6-NA,1162,1,5282,1,1,5285,T
6-NA,1163,28,1,0,5214,5243,C
6-NA,1164,25,1,1,5117,5144,C
6-NA,1165,5133,1,4,0,5138,A
6-NA,1166,5132,1,1,1,5135,A
6-NA,1167,5143,1,1,0,5145,A
6-NA,1168,2,5141,3,0,5146,T
6-NA,1169,1,5130,0,1,5132,T
6-NA,1170,1,3,5106,0,5110,G
6-NA,1171,6,1,0,5092,5099,C
6-NA,1172,5075,3,8,0,5086,A
6-NA,1173,0,16,5093,0,5109,G
6-NA,1174,5104,1,2,0,5107,A
6-NA,1175,0,5202,0,2,5204,T
6-NA,1176,5211,0,2,0,5213,A
6-NA,1177,5211,1,1,1,5214,A
6-NA,1178,5214,0,6,1,5221,A
6-NA,1179,1,5207,1,2,5211,T
6-NA,1180,5186,0,4,0,5190,A
6-NA,1181,0,11,5179,2,5192,G
6-NA,1182,1,5,5147,0,5153,G
6-NA,1183,6,0,1,5137,5144,C
6-NA,1184,4986,1,0,0,4987,A
6-NA,1185,5045,0,4,0,5049,A
6-NA,1186,3,6,5109,0,5118,G
6-NA,1187,1,5101,0,6,5108,T
6-NA,1188,55,0,0,5056,5111,C
6-NA,1189,5139,0,5,1,5145,A
6-NA,1190,1,5126,1,1,5129,T
6-NA,1191,5174,0,5,0,5179,A
6-NA,1192,1,3,5209,1,5214,G
6-NA,1193,2,5199,1,1,5203,T
6-NA,1194,1,5068,0,1,5070,T
6-NA,1195,2,28,4965,0,4995,G
6-NA,1196,4976,1,7,0,4984,A
6-NA,1197,4,2,0,4978,4984,C
6-NA,1198,4900,2,3,0,4905,A
6-NA,1199,2,3,5002,1,5008,G
6-NA,1200,4962,0,8,0,4970,A
6-NA,1201,2,11,5154,1,5168,G
6-NA,1202,2,6,5182,0,5190,G
6-NA,1203,0,5167,0,4,5171,T
6-NA,1204,5155,0,2,0,5157,A
6-NA,1205,5143,3,3,1,5150,A
6-NA,1206,1,5145,0,2,5148,T
6-NA,1207,5115,2,7,0,5124,A
6-NA,1208,2,19,5015,0,5036,G
6-NA,1209,2,3,4957,0,4962,G
6-NA,1210,0,4637,0,2,4639,T
6-NA,1211,23,2,0,4574,4599,C
6-NA,1212,15,4,0,4555,4574,C
6-NA,1213,8,7,4563,0,4578,G
6-NA,1214,6,1,4569,1,4577,G
6-NA,1215,0,4570,0,3,4573,T
6-NA,1216,0,4563,0,1,4564,T
6-NA,1217,4563,0,0,0,4563,A
6-NA,1218,0,4493,1,0,4494,T
6-NA,1219,1,4486,2,2,4491,T
6-NA,1220,21,0,0,4466,4487,C
6-NA,1221,0,4390,0,9,4399,T
6-NA,1222,0,12,4368,0,4380,G
6-NA,1223,1,8,4357,0,4366,G
6-NA,1224,3,13,0,4307,4323,C
6-NA,1225,4375,0,0,1,4376,A
6-NA,1226,0,4361,0,3,4364,T
6-NA,1227,0,4377,0,4,4381,T
6-NA,1228,2,4386,0,4,4392,T
6-NA,1229,2,4436,0,1,4439,T
6-NA,1230,14,4,0,4424,4442,C
6-NA,1231,1,4390,1,5,4397,T
6-NA,1232,15,1,0,4397,4413,C
6-NA,1233,0,4406,0,0,4406,T
6-NA,1234,0,4,4493,0,4497,G
6-NA,1235,0,4481,1,3,4485,T
6-NA,1236,0,4462,0,3,4465,T
6-NA,1237,0,12,4455,0,4467,G
6-NA,1238,4403,1,3,0,4407,A
6-NA,1239,4402,1,6,1,4410,A
6-NA,1240,4,8,4437,0,4449,G
6-NA,1241,3,2,4427,0,4432,G
6-NA,1242,4,0,0,4429,4433,C
6-NA,1243,4350,1,1,0,4352,A
6-NA,1244,4360,0,3,0,4363,A
6-NA,1245,4382,0,1,3,4386,A
6-NA,1246,4406,1,2,1,4410,A
6-NA,1247,0,3,4404,0,4407,G
6-NA,1248,3,3,0,4399,4405,C
6-NA,1249,1,4339,0,3,4343,T
6-NA,1250,0,5,4382,0,4387,G
6-NA,1251,5,2,1,4374,4382,C
6-NA,1252,4390,0,2,1,4393,A
6-NA,1253,1,4385,0,2,4388,T
6-NA,1254,20,0,0,4338,4358,C
6-NA,1255,4353,0,1,0,4354,A
6-NA,1256,4358,0,0,0,4358,A
6-NA,1257,3,4346,0,0,4349,T
6-NA,1258,11,2,0,4338,4351,C
6-NA,1259,1,9,4291,0,4301,G
6-NA,1260,6,7,4355,0,4368,G
6-NA,1261,0,4360,0,2,4362,T
6-NA,1262,1,0,4383,1,4385,G
6-NA,1263,2,3,2,4411,4418,C
6-NA,1264,1,4369,2,16,4388,T
6-NA,1265,1,4439,0,1,4441,T
6-NA,1266,2,4430,1,1,4434,T
6-NA,1267,0,4465,0,1,4466,T
6-NA,1268,4492,0,2,0,4494,A
6-NA,1269,0,4334,0,12,4346,T
6-NA,1270,4,2,4344,0,4350,G
6-NA,1271,0,4289,1,6,4296,T
6-NA,1272,1,12,4246,1,4260,G
6-NA,1273,0,16,4307,0,4323,G
6-NA,1274,4235,0,1,0,4236,A
6-NA,1275,0,2,4319,0,4321,G
6-NA,1276,3,4282,0,5,4290,T
6-NA,1277,0,4247,1,3,4251,T
6-NA,1278,1,16,4288,0,4305,G
6-NA,1279,4301,0,6,0,4307,A
6-NA,1280,0,4307,0,0,4307,T
6-NA,1281,4277,0,0,0,4277,A
6-NA,1282,4136,2,1,0,4139,A
6-NA,1283,0,10,4154,0,4164,G
6-NA,1284,0,11,4095,1,4107,G
6-NA,1285,0,11,4070,0,4081,G
6-NA,1286,0,11,4067,2,4080,G
6-NA,1287,4013,0,1,0,4014,A
6-NA,1288,4008,1,3,0,4012,A
6-NA,1289,0,11,4036,0,4047,G
6-NA,1290,4041,0,1,0,4042,A
6-NA,1291,4034,1,1,0,4036,A
6-NA,1292,3987,0,0,0,3987,A
6-NA,1293,3919,0,7,0,3926,A
6-NA,1294,0,9,3925,0,3934,G
6-NA,1295,3881,1,4,0,3886,A
6-NA,1296,0,8,3881,0,3889,G
6-NA,1297,1,12,3870,1,3884,G
6-NA,1298,3853,0,1,0,3854,A
6-NA,1299,3859,1,1,1,3862,A
6-NA,1300,3873,0,2,0,3875,A
6-NA,1301,3,0,0,3891,3894,C
6-NA,1302,0,3879,0,0,3879,T
6-NA,1303,2,11,3868,0,3881,G
6-NA,1304,3864,0,1,0,3865,A
6-NA,1305,3848,0,7,0,3855,A
6-NA,1306,0,2,3887,0,3889,G
6-NA,1307,0,3849,0,4,3853,T
6-NA,1308,31,0,0,3869,3900,C
6-NA,1309,21,3852,0,6,3879,T
6-NA,1310,1,3834,2,2,3839,T
6-NA,1311,1,2,3836,0,3839,G
6-NA,1312,0,3813,2,3,3818,T
6-NA,1313,1,16,3802,0,3819,G
6-NA,1314,2,16,3793,0,3811,G
6-NA,1315,3770,0,1,0,3771,A
6-NA,1316,6,0,0,3767,3773,C
6-NA,1317,8,2,0,3628,3638,C
6-NA,1318,0,3633,0,6,3639,T
6-NA,1319,13,0,1,3608,3622,C
6-NA,1320,3,21,3569,0,3593,G
6-NA,1321,3631,0,2,0,3633,A
6-NA,1322,3626,0,6,0,3632,A
6-NA,1323,3,1,0,3660,3664,C
6-NA,1324,3564,0,0,0,3564,A
6-NA,1325,1,3,3707,1,3712,G
6-NA,1326,0,3686,0,0,3686,T
6-NA,1327,3687,1,0,0,3688,A
6-NA,1328,1,3691,0,2,3694,T
6-NA,1329,1,3609,0,0,3610,T
6-NA,1330,0,2,3646,1,3649,G
6-NA,1331,2,3621,0,3,3626,T
6-NA,1332,0,3521,0,1,3522,T
6-NA,1333,1,3,3522,0,3526,G
6-NA,1334,0,3135,0,1,3136,T
6-NA,1335,1,1,3145,0,3147,G
6-NA,1336,0,3134,0,3,3137,T
6-NA,1337,0,3099,1,0,3100,T
6-NA,1338,0,3098,0,10,3108,T
6-NA,1339,0,3013,0,0,3013,T
6-NA,1340,1,2,3005,0,3008,G
6-NA,1341,0,3010,0,0,3010,T
6-NA,1342,3,7,2988,0,2998,G
6-NA,1343,1,1,2990,0,2992,G
6-NA,1344,4,2,0,2953,2959,C
6-NA,1345,2942,0,1,0,2943,A
6-NA,1346,3,0,0,2988,2991,C
6-NA,1347,12,0,0,2969,2981,C
6-NA,1348,0,2965,0,6,2971,T
6-NA,1349,11,0,0,2974,2985,C
6-NA,1350,2975,0,4,0,2979,A
6-NA,1351,0,8,3004,0,3012,G
6-NA,1352,0,5,3017,0,3022,G
6-NA,1353,1,3002,0,4,3007,T
6-NA,1354,3001,0,1,0,3002,A
6-NA,1355,2,2,0,2832,2836,C
6-NA,1356,2825,2,0,0,2827,A
6-NA,1357,0,2826,0,1,2827,T
6-NA,1358,2746,0,0,0,2746,A
6-NA,1359,0,2739,0,1,2740,T
6-NA,1360,3,6,2555,0,2564,G
6-NA,1361,0,10,2556,0,2566,G
6-NA,1362,2555,0,1,0,2556,A
6-NA,1363,2540,1,0,0,2541,A
6-NA,1364,4,1,0,2498,2503,C
6-NA,1365,2073,0,0,1,2074,A
6-NA,1366,0,2,2072,0,2074,G
6-NA,1367,0,0,2067,0,2067,G
6-NA,1368,1,0,0,2062,2063,C
6-NA,1369,0,2050,0,4,2054,T
6-NA,1370,9,0,0,1950,1959,C
6-NA,1371,1945,0,1,0,1946,A
6-NA,1372,0,1939,0,3,1942,T
6-NA,1373,0,3,1936,0,1939,G
6-NA,1374,0,0,1950,0,1950,G
6-NA,1375,3,0,2,1874,1879,C
6-NA,1376,3,0,0,1861,1864,C
6-NA,1377,0,1753,0,2,1755,T
6-NA,1378,0,3,1754,0,1757,G
6-NA,1379,1756,0,0,0,1756,A
6-NA,1380,1,1752,0,0,1753,T
6-NA,1381,0,7,1716,0,1723,G
6-NA,1382,1,4,1682,0,1687,G
6-NA,1383,0,2,1586,0,1588,G
6-NA,1384,6,0,1574,1,1581,G
6-NA,1385,1,0,0,1547,1548,C
6-NA,1386,3,2,1542,0,1547,G
6-NA,1387,1,0,1528,0,1529,G
6-NA,1388,1499,0,2,0,1501,A
6-NA,1389,1,0,0,1496,1497,C
6-NA,1390,1490,0,1,1,1492,A
6-NA,1391,0,1461,0,1,1462,T
6-NA,1392,12,1,0,1418,1431,C
6-NA,1393,1409,0,0,0,1409,A
6-NA,1394,1410,0,0,0,1410,A
6-NA,1395,0,1406,0,1,1407,T
6-NA,1396,9,0,0,1349,1358,C
6-NA,1397,0,1313,0,1,1314,T
6-NA,1398,7,0,0,1101,1108,C
6-NA,1399,1099,0,0,0,1099,A
6-NA,1400,1,1092,0,0,1093,T
6-NA,1401,0,0,1087,0,1087,G
6-NA,1402,1,0,1,1076,1078,C
6-NA,1403,8,0,1,1022,1031,C
6-NA,1404,0,941,0,1,942,T
6-NA,1405,924,1,1,0,926,A
6-NA,1406,0,922,0,1,923,T
6-NA,1407,894,0,1,0,895,A
6-NA,1408,0,893,0,1,894,T
6-NA,1409,790,0,0,0,790,A
6-NA,1410,758,0,0,0,758,A
7-M,1,63,0,0,0,63,A
7-M,2,0,63,0,0,63,T
7-M,3,0,0,63,0,63,G
7-M,4,63,0,0,0,63,A
7-M,5,0,0,64,0,64,G
7-M,6,1,0,0,65,66,C
7-M,7,0,0,0,68,68,C
7-M,8,0,96,0,0,96,T
7-M,9,0,96,0,0,96,T
7-M,10,0,0,0,95,95,C
7-M,11,0,96,0,0,96,T
7-M,12,99,0,0,0,99,A
7-M,13,100,0,0,0,100,A
7-M,14,0,0,0,100,100,C
7-M,15,0,0,0,100,100,C
7-M,16,0,0,101,0,101,G
7-M,17,103,0,0,0,103,A
7-M,18,0,0,104,0,104,G
7-M,19,0,0,106,0,106,G
7-M,20,0,106,0,0,106,T
7-M,21,1,0,0,104,105,C
7-M,22,0,0,107,0,107,G
7-M,23,112,0,0,0,112,A
7-M,24,113,0,0,0,113,A
7-M,25,115,0,0,0,115,A
7-M,26,0,0,0,127,127,C
7-M,27,0,0,129,0,129,G
7-M,28,0,126,0,1,127,T
7-M,29,129,0,0,0,129,A
7-M,30,0,130,0,0,130,T
7-M,31,0,0,132,0,132,G
7-M,32,0,134,0,0,134,T
7-M,33,0,145,0,0,145,T
7-M,34,0,0,0,147,147,C
7-M,35,0,145,0,0,145,T
7-M,36,1,0,0,151,152,C
7-M,37,0,152,0,0,152,T
7-M,38,1,0,0,166,167,C
7-M,39,0,167,0,0,167,T
7-M,40,170,0,0,0,170,A
7-M,41,0,169,0,0,169,T
7-M,42,1,0,0,173,174,C
7-M,43,0,0,175,0,175,G
7-M,44,0,178,0,0,178,T
7-M,45,0,176,0,0,176,T
7-M,46,2,0,0,181,183,C
7-M,47,0,0,0,187,187,C
7-M,48,187,0,0,0,187,A
7-M,49,0,186,0,0,186,T
7-M,50,0,0,0,186,186,C
7-M,51,187,0,0,0,187,A
7-M,52,0,0,189,0,189,G
7-M,53,0,1,187,0,188,G
7-M,54,0,0,0,188,188,C
7-M,55,1,2,0,186,189,C
7-M,56,1,0,0,191,192,C
7-M,57,0,0,0,202,202,C
7-M,58,0,1,0,206,207,C
7-M,59,0,207,0,0,207,T
7-M,60,1,0,0,207,208,C
7-M,61,207,0,0,0,207,A
7-M,62,209,0,0,0,209,A
7-M,63,215,0,0,0,215,A
7-M,64,0,0,216,0,216,G
7-M,65,0,0,0,216,216,C
7-M,66,0,0,0,209,209,C
7-M,67,0,0,211,0,211,G
7-M,68,211,0,0,0,211,A
7-M,69,0,1,211,0,212,G
7-M,70,215,0,0,0,215,A
7-M,71,0,214,0,0,214,T
7-M,72,0,0,0,211,211,C
7-M,73,0,0,212,0,212,G
7-M,74,1,0,0,213,214,C
7-M,75,0,0,214,0,214,G
7-M,76,0,0,0,214,214,C
7-M,77,213,0,1,0,214,A
7-M,78,0,0,217,0,217,G
7-M,79,218,0,0,0,218,A
7-M,80,0,0,235,0,235,G
7-M,81,235,0,0,0,235,A
7-M,82,1,0,0,237,238,C
7-M,83,0,236,0,0,236,T
7-M,84,0,235,0,0,235,T
7-M,85,0,1,234,0,235,G
7-M,86,234,0,0,0,234,A
7-M,87,235,0,0,0,235,A
7-M,88,0,0,235,0,235,G
7-M,89,228,0,0,0,228,A
7-M,90,0,228,0,0,228,T
7-M,91,0,0,231,0,231,G
7-M,92,0,234,0,0,234,T
7-M,93,0,0,0,233,233,C
7-M,94,0,230,0,0,230,T
7-M,95,0,230,0,0,230,T
7-M,96,1,229,0,0,230,T
7-M,97,0,0,231,0,231,G
7-M,98,0,0,0,229,229,C
7-M,99,0,231,0,0,231,T
7-M,100,0,1,230,0,231,G
7-M,101,0,1,230,0,231,G
7-M,102,0,1,232,0,233,G
7-M,103,232,0,0,0,232,A
7-M,104,232,0,1,0,233,A
7-M,105,234,0,0,0,234,A
7-M,106,234,0,0,0,234,A
7-M,107,233,0,0,0,233,A
7-M,108,0,0,0,238,238,C
7-M,109,235,0,2,0,237,A
7-M,110,0,0,0,238,238,C
7-M,111,238,0,0,0,238,A
7-M,112,0,0,243,0,243,G
7-M,113,246,0,0,0,246,A
7-M,114,0,247,0,0,247,T
7-M,115,5,0,0,242,247,C
7-M,116,0,247,0,0,247,T
7-M,117,0,247,0,0,247,T
7-M,118,0,0,247,0,247,G
7-M,119,247,0,0,0,247,A
7-M,120,0,1,247,0,248,G
7-M,121,0,1,246,0,247,G
7-M,122,0,0,0,249,249,C
7-M,123,0,248,0,0,248,T
7-M,124,3,0,0,288,291,C
7-M,125,0,291,0,0,291,T
7-M,126,1,0,0,293,294,C
7-M,127,293,0,0,0,293,A
7-M,128,0,295,0,0,295,T
7-M,129,0,1,296,0,297,G
7-M,130,0,2,296,0,298,G
7-M,131,295,0,2,0,297,A
7-M,132,297,0,0,0,297,A
7-M,133,0,275,0,0,275,T
7-M,134,0,1,292,0,293,G
7-M,135,0,0,313,0,313,G
7-M,136,0,0,0,313,313,C
7-M,137,0,314,0,0,314,T
7-M,138,312,0,0,0,312,A
7-M,139,311,0,0,0,311,A
7-M,140,319,0,1,0,320,A
7-M,141,0,0,326,0,326,G
7-M,142,325,0,0,0,325,A
7-M,143,0,0,0,323,323,C
7-M,144,311,0,0,0,311,A
7-M,145,313,0,0,0,313,A
7-M,146,0,1,324,0,325,G
7-M,147,325,0,1,0,326,A
7-M,148,1,0,0,326,327,C
7-M,149,2,0,0,317,319,C
7-M,150,320,0,0,0,320,A
7-M,151,325,0,0,0,325,A
7-M,152,0,326,0,0,326,T
7-M,153,0,327,0,0,327,T
7-M,154,1,0,0,329,330,C
7-M,155,0,326,0,0,326,T
7-M,156,0,0,325,0,325,G
7-M,157,0,325,0,0,325,T
7-M,158,3,0,0,321,324,C
7-M,159,326,0,0,0,326,A
7-M,160,0,0,0,344,344,C
7-M,161,1,0,0,341,342,C
7-M,162,0,341,0,0,341,T
7-M,163,1,0,0,342,343,C
7-M,164,0,341,0,0,341,T
7-M,165,0,1,351,0,352,G
7-M,166,348,0,5,0,353,A
7-M,167,0,0,0,355,355,C
7-M,168,0,353,0,0,353,T
7-M,169,349,0,0,0,349,A
7-M,170,348,0,0,0,348,A
7-M,171,0,3,346,0,349,G
7-M,172,0,1,347,1,349,G
7-M,173,0,0,349,0,349,G
7-M,174,0,1,346,0,347,G
7-M,175,349,0,1,0,350,A
7-M,176,0,350,0,0,350,T
7-M,177,0,347,0,0,347,T
7-M,178,0,350,0,0,350,T
7-M,179,0,349,0,0,349,T
7-M,180,0,2,348,0,350,G
7-M,181,0,0,347,0,347,G
7-M,182,0,1,346,0,347,G
7-M,183,0,0,348,0,348,G
7-M,184,0,346,0,0,346,T
7-M,185,0,349,0,0,349,T
7-M,186,0,348,0,0,348,T
7-M,187,0,0,353,0,353,G
7-M,188,0,354,0,0,354,T
7-M,189,0,0,354,0,354,G
7-M,190,0,352,0,0,352,T
7-M,191,0,351,0,0,351,T
7-M,192,2,0,0,354,356,C
7-M,193,356,0,0,0,356,A
7-M,194,0,0,0,365,365,C
7-M,195,0,0,363,0,363,G
7-M,196,0,0,0,361,361,C
7-M,197,0,361,0,0,361,T
7-M,198,0,0,0,374,374,C
7-M,199,372,0,0,0,372,A
7-M,200,1,0,0,375,376,C
7-M,201,1,2,0,371,374,C
7-M,202,0,0,376,0,376,G
7-M,203,0,374,0,1,375,T
7-M,204,1,0,375,0,376,G
7-M,205,0,1,0,376,377,C
7-M,206,0,0,0,377,377,C
7-M,207,3,1,0,370,374,C
7-M,208,367,0,0,0,367,A
7-M,209,0,0,373,0,373,G
7-M,210,0,371,0,0,371,T
7-M,211,0,2,371,0,373,G
7-M,212,382,0,0,0,382,A
7-M,213,0,0,381,1,382,G
7-M,214,0,0,0,377,377,C
7-M,215,0,4,379,0,383,G
7-M,216,382,0,2,0,384,A
7-M,217,0,0,389,0,389,G
7-M,218,0,1,389,0,390,G
7-M,219,386,0,0,0,386,A
7-M,220,0,0,0,401,401,C
7-M,221,0,388,0,0,388,T
7-M,222,0,0,389,0,389,G
7-M,223,0,1,0,387,388,C
7-M,224,388,0,0,0,388,A
7-M,225,0,0,399,0,399,G
7-M,226,0,0,0,399,399,C
7-M,227,2,0,402,0,404,G
7-M,228,0,402,0,0,402,T
7-M,229,395,0,0,0,395,A
7-M,230,0,3,392,0,395,G
7-M,231,393,1,0,0,394,A
7-M,232,0,0,0,400,400,C
7-M,233,0,0,401,0,401,G
7-M,234,0,0,0,396,396,C
7-M,235,1,391,0,0,392,T
7-M,236,0,391,0,0,391,T
7-M,237,0,393,0,0,393,T
7-M,238,0,0,411,0,411,G
7-M,239,0,410,0,0,410,T
7-M,240,2,0,0,407,409,C
7-M,241,1,0,0,407,408,C
7-M,242,411,0,0,0,411,A
7-M,243,407,1,1,0,409,A
7-M,244,409,0,0,0,409,A
7-M,245,412,1,0,0,413,A
7-M,246,0,413,0,0,413,T
7-M,247,0,0,406,0,406,G
7-M,248,1,0,0,405,406,C
7-M,249,0,1,0,406,407,C
7-M,250,3,0,0,412,415,C
7-M,251,0,413,0,0,413,T
7-M,252,1,0,0,428,429,C
7-M,253,428,0,0,0,428,A
7-M,254,429,1,0,0,430,A
7-M,255,0,436,0,0,436,T
7-M,256,0,1,441,0,442,G
7-M,257,0,1,445,0,446,G
7-M,258,0,0,452,0,452,G
7-M,259,451,0,0,0,451,A
7-M,260,451,0,0,0,451,A
7-M,261,0,436,0,0,436,T
7-M,262,0,2,436,0,438,G
7-M,263,0,1,437,0,438,G
7-M,264,430,0,1,0,431,A
7-M,265,0,0,430,0,430,G
7-M,266,428,0,0,0,428,A
7-M,267,1,0,0,416,417,C
7-M,268,5,0,0,442,447,C
7-M,269,2,0,0,443,445,C
7-M,270,454,0,0,0,454,A
7-M,271,454,0,0,0,454,A
7-M,272,455,0,0,0,455,A
7-M,273,0,458,0,0,458,T
7-M,274,473,0,0,0,473,A
7-M,275,474,0,0,0,474,A
7-M,276,0,0,0,464,464,C
7-M,277,459,0,0,0,459,A
7-M,278,0,452,0,0,452,T
7-M,279,1,1,457,0,459,G
7-M,280,0,1,459,0,460,G
7-M,281,459,0,1,0,460,A
7-M,282,1,0,0,457,458,C
7-M,283,447,0,0,0,447,A
7-M,284,451,0,0,0,451,A
7-M,285,447,0,1,0,448,A
7-M,286,0,1,452,0,453,G
7-M,287,1,0,0,465,466,C
7-M,288,458,1,0,0,459,A
7-M,289,0,0,468,0,468,G
7-M,290,1,466,0,1,468,T
7-M,291,0,466,0,0,466,T
7-M,292,473,0,0,0,473,A
7-M,293,468,0,0,1,469,A
7-M,294,473,0,0,0,473,A
7-M,295,0,0,0,475,475,C
7-M,296,0,464,0,1,465,T
7-M,297,0,0,497,0,497,G
7-M,298,0,493,0,0,493,T
7-M,299,496,0,1,0,497,A
7-M,300,0,497,0,0,497,T
7-M,301,496,0,0,0,496,A
7-M,302,0,3,492,0,495,G
7-M,303,469,0,0,0,469,A
7-M,304,474,0,0,0,474,A
7-M,305,475,0,0,0,475,A
7-M,306,482,0,0,0,482,A
7-M,307,1,0,0,500,501,C
7-M,308,0,497,0,0,497,T
7-M,309,0,496,0,1,497,T
7-M,310,497,0,0,0,497,A
7-M,311,493,0,2,0,495,A
7-M,312,0,1,493,0,494,G
7-M,313,492,0,1,0,493,A
7-M,314,0,2,490,0,492,G
7-M,315,0,2,486,0,488,G
7-M,316,1,0,485,0,486,G
7-M,317,494,0,0,0,494,A
7-M,318,0,2,496,0,498,G
7-M,319,501,0,0,0,501,A
7-M,320,0,501,0,0,501,T
7-M,321,498,0,1,0,499,A
7-M,322,502,0,0,0,502,A
7-M,323,0,0,0,505,505,C
7-M,324,0,1,506,0,507,G
7-M,325,0,502,0,0,502,T
7-M,326,0,504,0,0,504,T
7-M,327,2,0,0,506,508,C
7-M,328,3,0,0,500,503,C
7-M,329,504,0,0,0,504,A
7-M,330,0,502,0,0,502,T
7-M,331,0,4,497,0,501,G
7-M,332,0,1,507,0,508,G
7-M,333,0,2,500,0,502,G
7-M,334,0,0,510,0,510,G
7-M,335,1,0,0,507,508,C
7-M,336,1,0,0,507,508,C
7-M,337,510,0,0,0,510,A
7-M,338,513,0,0,0,513,A
7-M,339,512,0,0,0,512,A
7-M,340,0,0,515,0,515,G
7-M,341,514,0,0,0,514,A
7-M,342,511,0,0,0,511,A
7-M,343,510,1,0,0,511,A
7-M,344,0,511,0,0,511,T
7-M,345,507,0,0,0,507,A
7-M,346,0,0,511,0,511,G
7-M,347,1,0,0,511,512,C
7-M,348,0,510,0,0,510,T
7-M,349,2,0,0,507,509,C
7-M,350,0,509,0,0,509,T
7-M,351,6,0,0,520,526,C
7-M,352,526,0,0,0,526,A
7-M,353,0,2,525,0,527,G
7-M,354,0,523,0,0,523,T
7-M,355,0,531,0,0,531,T
7-M,356,537,0,0,0,537,A
7-M,357,0,539,0,0,539,T
7-M,358,0,536,0,0,536,T
7-M,359,1,0,0,536,537,C
7-M,360,0,512,0,0,512,T
7-M,361,0,2,520,0,522,G
7-M,362,1,0,0,519,520,C
7-M,363,0,517,0,0,517,T
7-M,364,0,1,519,0,520,G
7-M,365,0,2,516,0,518,G
7-M,366,0,520,0,0,520,T
7-M,367,1,0,524,0,525,G
7-M,368,0,0,0,517,517,C
7-M,369,516,0,1,0,517,A
7-M,370,1,0,0,519,520,C
7-M,371,1,510,0,3,514,T
7-M,372,1,531,0,0,532,T
7-M,373,0,1,531,0,532,G
7-M,374,0,1,0,529,530,C
7-M,375,1,0,0,533,534,C
7-M,376,529,1,0,0,530,A
7-M,377,0,1,533,0,534,G
7-M,378,0,534,0,0,534,T
7-M,379,0,531,0,1,532,T
7-M,380,0,0,539,0,539,G
7-M,381,0,0,0,537,537,C
7-M,382,538,0,0,0,538,A
7-M,383,0,535,0,0,535,T
7-M,384,0,0,531,0,531,G
7-M,385,0,1,531,0,532,G
7-M,386,0,0,539,0,539,G
7-M,387,1,0,0,537,538,C
7-M,388,3,0,0,554,557,C
7-M,389,0,558,0,0,558,T
7-M,390,3,0,0,562,565,C
7-M,391,593,0,1,0,594,A
7-M,392,1,595,0,0,596,T
7-M,393,612,0,0,0,612,A
7-M,394,0,605,0,0,605,T
7-M,395,593,0,0,0,593,A
7-M,396,0,0,0,623,623,C
7-M,397,603,0,0,0,603,A
7-M,398,606,0,0,0,606,A
7-M,399,0,594,0,0,594,T
7-M,400,574,0,0,0,574,A
7-M,401,0,1,578,0,579,G
7-M,402,0,1,571,0,572,G
7-M,403,571,0,0,0,571,A
7-M,404,1,569,0,0,570,T
7-M,405,0,2,535,0,537,G
7-M,406,0,2,535,0,537,G
7-M,407,0,5,534,0,539,G
7-M,408,0,2,543,0,545,G
7-M,409,0,0,540,0,540,G
7-M,410,2,0,0,534,536,C
7-M,411,0,522,0,1,523,T
7-M,412,0,1,523,0,524,G
7-M,413,0,525,0,0,525,T
7-M,414,527,0,0,0,527,A
7-M,415,526,0,0,0,526,A
7-M,416,0,0,0,535,535,C
7-M,417,0,0,0,530,530,C
7-M,418,521,2,0,0,523,A
7-M,419,0,0,0,528,528,C
7-M,420,1,524,0,0,525,T
7-M,421,1,4,525,0,530,G
7-M,422,526,0,0,0,526,A
7-M,423,527,0,1,0,528,A
7-M,424,0,0,528,0,528,G
7-M,425,0,520,0,1,521,T
7-M,426,0,1,519,0,520,G
7-M,427,0,0,520,0,520,G
7-M,428,0,0,0,524,524,C
7-M,429,523,0,0,0,523,A
7-M,430,0,520,0,0,520,T
7-M,431,0,520,0,0,520,T
7-M,432,0,519,0,0,519,T
7-M,433,1,1,529,0,531,G
7-M,434,0,0,532,0,532,G
7-M,435,1,0,0,532,533,C
7-M,436,0,0,0,534,534,C
7-M,437,0,531,0,0,531,T
7-M,438,0,3,550,0,553,G
7-M,439,0,0,558,0,558,G
7-M,440,0,559,0,0,559,T
7-M,441,556,0,3,0,559,A
7-M,442,0,543,0,0,543,T
7-M,443,0,1,562,0,563,G
7-M,444,0,566,0,0,566,T
7-M,445,0,0,565,0,565,G
7-M,446,1,1,0,567,569,C
7-M,447,550,0,0,0,550,A
7-M,448,548,0,1,0,549,A
7-M,449,0,1,0,553,554,C
7-M,450,550,0,0,0,550,A
7-M,451,0,551,0,0,551,T
7-M,452,0,0,545,0,545,G
7-M,453,0,525,0,0,525,T
7-M,454,1,4,517,0,522,G
7-M,455,517,0,2,0,519,A
7-M,456,0,0,521,0,521,G
7-M,457,1,0,0,519,520,C
7-M,458,500,0,0,0,500,A
7-M,459,0,2,506,0,508,G
7-M,460,503,0,0,0,503,A
7-M,461,0,503,0,0,503,T
7-M,462,0,503,0,0,503,T
7-M,463,1,0,503,0,504,G
7-M,464,1,0,0,502,503,C
7-M,465,1,503,0,0,504,T
7-M,466,0,0,504,0,504,G
7-M,467,501,0,0,0,501,A
7-M,468,1,0,0,538,539,C
7-M,469,0,538,0,1,539,T
7-M,470,2,0,0,540,542,C
7-M,471,2,1,0,533,536,C
7-M,472,1,0,0,543,544,C
7-M,473,541,0,0,0,541,A
7-M,474,0,0,543,0,543,G
7-M,475,1,0,0,539,540,C
7-M,476,540,0,1,0,541,A
7-M,477,0,1,0,541,542,C
7-M,478,498,0,1,0,499,A
7-M,479,0,2,517,0,519,G
7-M,480,0,0,519,0,519,G
7-M,481,0,521,0,0,521,T
7-M,482,3,0,0,535,538,C
7-M,483,0,532,0,0,532,T
7-M,484,3,0,0,531,534,C
7-M,485,534,0,0,0,534,A
7-M,486,0,535,0,0,535,T
7-M,487,536,0,0,0,536,A
7-M,488,0,1,519,0,520,G
7-M,489,0,0,518,0,518,G
7-M,490,0,1,0,513,514,C
7-M,491,501,0,0,0,501,A
7-M,492,6,1,488,0,495,G
7-M,493,504,0,0,0,504,A
7-M,494,0,503,0,0,503,T
7-M,495,0,1,505,0,506,G
7-M,496,0,1,502,1,504,G
7-M,497,0,497,0,0,497,T
7-M,498,0,1,503,0,504,G
7-M,499,1,0,502,0,503,G
7-M,500,0,0,0,504,504,C
7-M,501,496,0,2,0,498,A
7-M,502,496,0,0,0,496,A
7-M,503,1,1,0,502,504,C
7-M,504,502,0,0,0,502,A
7-M,505,503,0,0,0,503,A
7-M,506,0,0,0,504,504,C
7-M,507,2,0,0,493,495,C
7-M,508,489,0,0,0,489,A
7-M,509,491,0,0,0,491,A
7-M,510,0,493,0,0,493,T
7-M,511,1,0,0,492,493,C
7-M,512,1,0,0,491,492,C
7-M,513,488,0,0,0,488,A
7-M,514,0,489,0,0,489,T
7-M,515,0,491,0,0,491,T
7-M,516,492,0,1,0,493,A
7-M,517,493,0,0,0,493,A
7-M,518,0,490,0,0,490,T
7-M,519,488,0,0,0,488,A
7-M,520,488,0,0,0,488,A
7-M,521,485,0,0,0,485,A
7-M,522,491,0,0,0,491,A
7-M,523,0,0,0,499,499,C
7-M,524,499,0,0,0,499,A
7-M,525,0,497,0,0,497,T
7-M,526,0,2,495,0,497,G
7-M,527,494,0,0,0,494,A
7-M,528,0,4,494,0,498,G
7-M,529,492,0,0,0,492,A
7-M,530,491,0,0,0,491,A
7-M,531,0,0,0,492,492,C
7-M,532,468,0,1,0,469,A
7-M,533,0,4,477,0,481,G
7-M,534,477,0,1,0,478,A
7-M,535,479,0,0,0,479,A
7-M,536,1,475,0,0,476,T
7-M,537,0,2,472,0,474,G
7-M,538,0,0,475,0,475,G
7-M,539,0,472,0,0,472,T
7-M,540,0,462,0,1,463,T
7-M,541,0,476,0,0,476,T
7-M,542,0,477,0,0,477,T
7-M,543,0,1,482,0,483,G
7-M,544,1,0,483,0,484,G
7-M,545,1,0,0,482,483,C
7-M,546,1,0,0,481,482,C
7-M,547,468,0,0,0,468,A
7-M,548,0,0,494,0,494,G
7-M,549,1,0,0,496,497,C
7-M,550,499,0,0,0,499,A
7-M,551,1,0,0,505,506,C
7-M,552,0,489,0,1,490,T
7-M,553,491,0,1,0,492,A
7-M,554,0,0,0,499,499,C
7-M,555,507,0,0,0,507,A
7-M,556,0,0,517,0,517,G
7-M,557,0,0,0,506,506,C
7-M,558,0,501,0,0,501,T
7-M,559,501,0,0,0,501,A
7-M,560,493,0,0,0,493,A
7-M,561,0,1,505,0,506,G
7-M,562,0,1,509,0,510,G
7-M,563,0,0,0,510,510,C
7-M,564,1,482,0,0,483,T
7-M,565,484,0,0,0,484,A
7-M,566,0,482,0,0,482,T
7-M,567,0,0,478,1,479,G
7-M,568,0,1,482,0,483,G
7-M,569,471,0,0,0,471,A
7-M,570,0,0,473,0,473,G
7-M,571,1,0,0,459,460,C
7-M,572,458,0,0,0,458,A
7-M,573,456,0,0,0,456,A
7-M,574,454,0,0,0,454,A
7-M,575,0,457,0,1,458,T
7-M,576,0,0,458,0,458,G
7-M,577,0,0,457,0,457,G
7-M,578,0,0,0,454,454,C
7-M,579,0,450,0,0,450,T
7-M,580,1,1,450,0,452,G
7-M,581,0,2,458,0,460,G
7-M,582,461,0,0,0,461,A
7-M,583,0,459,0,1,460,T
7-M,584,3,0,0,457,460,C
7-M,585,460,0,1,0,461,A
7-M,586,471,0,0,0,471,A
7-M,587,0,0,472,0,472,G
7-M,588,1,471,0,0,472,T
7-M,589,0,3,466,0,469,G
7-M,590,456,0,0,0,456,A
7-M,591,0,0,460,0,460,G
7-M,592,0,0,0,462,462,C
7-M,593,456,0,2,0,458,A
7-M,594,1,2,456,0,459,G
7-M,595,0,0,454,0,454,G
7-M,596,1,0,0,455,456,C
7-M,597,455,0,0,0,455,A
7-M,598,0,0,459,0,459,G
7-M,599,0,2,0,455,457,C
7-M,600,0,1,457,0,458,G
7-M,601,0,0,457,0,457,G
7-M,602,452,0,0,0,452,A
7-M,603,0,0,463,0,463,G
7-M,604,0,1,462,0,463,G
7-M,605,1,0,0,460,461,C
7-M,606,2,0,0,466,468,C
7-M,607,466,0,0,0,466,A
7-M,608,0,466,0,0,466,T
7-M,609,1,1,468,0,470,G
7-M,610,0,0,474,0,474,G
7-M,611,469,0,0,0,469,A
7-M,612,0,1,470,0,471,G
7-M,613,462,0,0,0,462,A
7-M,614,0,475,0,0,475,T
7-M,615,0,477,0,0,477,T
7-M,616,0,0,477,0,477,G
7-M,617,0,0,0,476,476,C
7-M,618,0,474,0,0,474,T
7-M,619,476,0,0,0,476,A
7-M,620,0,0,478,0,478,G
7-M,621,0,470,1,0,471,T
7-M,622,3,1,0,468,472,C
7-M,623,461,0,0,0,461,A
7-M,624,0,1,472,0,473,G
7-M,625,0,0,470,0,470,G
7-M,626,0,1,0,471,472,C
7-M,627,2,0,0,471,473,C
7-M,628,468,0,1,0,469,A
7-M,629,0,0,477,0,477,G
7-M,630,0,1,475,0,476,G
7-M,631,1,0,0,472,473,C
7-M,632,474,0,0,0,474,A
7-M,633,0,2,466,0,468,G
7-M,634,468,0,0,0,468,A
7-M,635,0,467,0,0,467,T
7-M,636,0,1,474,0,475,G
7-M,637,0,0,486,0,486,G
7-M,638,0,478,0,0,478,T
7-M,639,0,0,476,0,476,G
7-M,640,0,0,0,476,476,C
7-M,641,471,0,1,0,472,A
7-M,642,0,3,480,0,483,G
7-M,643,0,1,478,0,479,G
7-M,644,1,0,0,477,478,C
7-M,645,473,0,1,0,474,A
7-M,646,464,0,0,0,464,A
7-M,647,0,454,0,0,454,T
7-M,648,0,0,455,0,455,G
7-M,649,454,0,0,0,454,A
7-M,650,1,1,452,0,454,G
7-M,651,435,0,1,0,436,A
7-M,652,0,0,441,0,441,G
7-M,653,0,0,0,442,442,C
7-M,654,1,0,0,447,448,C
7-M,655,447,0,0,0,447,A
7-M,656,0,449,0,0,449,T
7-M,657,0,448,0,0,448,T
7-M,658,0,1,448,1,450,G
7-M,659,0,4,442,0,446,G
7-M,660,0,1,446,0,447,G
7-M,661,448,0,0,0,448,A
7-M,662,0,1,0,436,437,C
7-M,663,425,0,1,0,426,A
7-M,664,0,0,0,430,430,C
7-M,665,433,0,0,0,433,A
7-M,666,0,452,0,0,452,T
7-M,667,2,0,0,452,454,C
7-M,668,1,0,0,449,450,C
7-M,669,0,447,1,0,448,T
7-M,670,451,0,0,0,451,A
7-M,671,0,0,459,0,459,G
7-M,672,0,501,0,0,501,T
7-M,673,0,495,0,0,495,T
7-M,674,2,0,0,490,492,C
7-M,675,2,0,0,483,485,C
7-M,676,482,0,0,0,482,A
7-M,677,0,0,488,0,488,G
7-M,678,0,487,0,0,487,T
7-M,679,488,0,0,0,488,A
7-M,680,2,0,0,487,489,C
7-M,681,0,420,0,0,420,T
7-M,682,0,0,436,0,436,G
7-M,683,0,1,449,0,450,G
7-M,684,0,451,0,0,451,T
7-M,685,1,0,0,448,449,C
7-M,686,0,440,0,0,440,T
7-M,687,441,0,0,0,441,A
7-M,688,442,0,0,0,442,A
7-M,689,0,1,448,0,449,G
7-M,690,444,0,0,1,445,A
7-M,691,0,0,442,0,442,G
7-M,692,414,0,0,0,414,A
7-M,693,0,410,0,0,410,T
7-M,694,0,0,412,0,412,G
7-M,695,412,0,0,0,412,A
7-M,696,0,410,0,0,410,T
7-M,697,6,0,0,404,410,C
7-M,698,0,406,0,0,406,T
7-M,699,0,406,0,0,406,T
7-M,700,1,1,0,405,407,C
7-M,701,0,405,0,1,406,T
7-M,702,0,403,0,0,403,T
7-M,703,0,1,403,0,404,G
7-M,704,404,0,1,0,405,A
7-M,705,405,0,0,0,405,A
7-M,706,403,0,0,0,403,A
7-M,707,404,0,0,0,404,A
7-M,708,0,401,0,0,401,T
7-M,709,0,406,0,0,406,T
7-M,710,0,405,0,0,405,T
7-M,711,0,0,404,0,404,G
7-M,712,0,0,0,405,405,C
7-M,713,405,0,1,0,406,A
7-M,714,0,3,408,0,411,G
7-M,715,411,0,0,0,411,A
7-M,716,0,0,0,419,419,C
7-M,717,1,0,0,417,418,C
7-M,718,0,420,0,0,420,T
7-M,719,430,0,0,0,430,A
7-M,720,0,429,0,0,429,T
7-M,721,1,0,0,429,430,C
7-M,722,430,0,0,0,430,A
7-M,723,0,0,430,0,430,G
7-M,724,431,0,0,0,431,A
7-M,725,416,0,0,0,416,A
7-M,726,420,0,0,0,420,A
7-M,727,0,0,0,419,419,C
7-M,728,0,4,419,0,423,G
7-M,729,420,0,0,1,421,A
7-M,730,420,0,0,0,420,A
7-M,731,0,418,0,0,418,T
7-M,732,1,1,418,0,420,G
7-M,733,0,1,432,0,433,G
7-M,734,0,1,431,0,432,G
7-M,735,0,0,427,0,427,G
7-M,736,0,0,432,0,432,G
7-M,737,0,423,0,1,424,T
7-M,738,0,0,426,0,426,G
7-M,739,0,0,0,425,425,C
7-M,740,422,0,0,0,422,A
7-M,741,0,0,426,0,426,G
7-M,742,421,0,0,0,421,A
7-M,743,0,416,0,0,416,T
7-M,744,0,0,413,0,413,G
7-M,745,0,0,1,412,413,C
7-M,746,411,1,0,0,412,A
7-M,747,412,0,0,0,412,A
7-M,748,0,0,0,412,412,C
7-M,749,0,4,410,0,414,G
7-M,750,420,0,0,0,420,A
7-M,751,0,418,0,0,418,T
7-M,752,0,419,0,0,419,T
7-M,753,3,0,0,420,423,C
7-M,754,417,0,0,0,417,A
7-M,755,418,0,0,0,418,A
7-M,756,0,0,419,0,419,G
7-M,757,0,412,0,1,413,T
7-M,758,0,5,406,0,411,G
7-M,759,407,1,2,0,410,A
7-M,760,0,0,0,412,412,C
7-M,761,0,0,0,409,409,C
7-M,762,2,1,0,413,416,C
7-M,763,0,0,418,0,418,G
7-M,764,0,0,0,419,419,C
7-M,765,0,420,0,0,420,T
7-M,766,0,421,0,0,421,T
7-M,767,2,1,418,0,421,G
7-M,768,1,419,0,0,420,T
7-M,769,0,416,0,0,416,T
7-M,770,0,0,417,0,417,G
7-M,771,0,408,0,0,408,T
7-M,772,0,405,0,0,405,T
7-M,773,1,0,403,0,404,G
7-M,774,0,0,0,403,403,C
7-M,775,0,0,0,402,402,C
7-M,776,0,1,398,0,399,G
7-M,777,0,0,0,401,401,C
7-M,778,0,3,402,0,405,G
7-M,779,405,0,0,0,405,A
7-M,780,406,0,0,0,406,A
7-M,781,0,410,0,0,410,T
7-M,782,410,0,0,0,410,A
7-M,783,0,416,0,1,417,T
7-M,784,1,0,0,420,421,C
7-M,785,418,0,0,0,418,A
7-M,786,0,417,0,0,417,T
7-M,787,0,413,0,0,413,T
7-M,788,0,1,411,0,412,G
7-M,789,0,3,411,0,414,G
7-M,790,0,2,411,0,413,G
7-M,791,414,0,0,0,414,A
7-M,792,0,405,0,1,406,T
7-M,793,0,0,0,396,396,C
7-M,794,2,396,0,0,398,T
7-M,795,0,397,0,0,397,T
7-M,796,0,1,399,0,400,G
7-M,797,0,0,0,400,400,C
7-M,798,402,0,0,0,402,A
7-M,799,0,0,0,404,404,C
7-M,800,0,393,0,0,393,T
7-M,801,0,395,0,0,395,T
7-M,802,0,2,394,0,396,G
7-M,803,398,0,0,0,398,A
7-M,804,0,398,0,0,398,T
7-M,805,394,0,0,0,394,A
7-M,806,0,392,0,0,392,T
7-M,807,0,387,0,1,388,T
7-M,808,0,0,393,0,393,G
7-M,809,0,389,0,0,389,T
7-M,810,1,0,386,0,387,G
7-M,811,0,0,386,0,386,G
7-M,812,381,0,0,0,381,A
7-M,813,0,380,0,0,380,T
7-M,814,0,379,1,0,380,T
7-M,815,1,0,0,378,379,C
7-M,816,0,378,0,1,379,T
7-M,817,0,377,0,0,377,T
7-M,818,0,0,378,0,378,G
7-M,819,374,0,0,0,374,A
7-M,820,0,374,0,0,374,T
7-M,821,1,0,0,367,368,C
7-M,822,0,0,368,0,368,G
7-M,823,0,367,0,2,369,T
7-M,824,1,0,0,368,369,C
7-M,825,0,366,0,1,367,T
7-M,826,0,367,0,0,367,T
7-M,827,0,368,0,0,368,T
7-M,828,0,368,0,0,368,T
7-M,829,0,369,0,0,369,T
7-M,830,0,368,0,1,369,T
7-M,831,0,367,0,1,368,T
7-M,832,0,0,0,370,370,C
7-M,833,370,0,0,0,370,A
7-M,834,368,0,0,0,368,A
7-M,835,371,0,0,0,371,A
7-M,836,0,374,0,0,374,T
7-M,837,0,0,374,0,374,G
7-M,838,0,0,0,374,374,C
7-M,839,0,0,375,0,375,G
7-M,840,0,387,0,1,388,T
7-M,841,3,0,0,386,389,C
7-M,842,0,385,0,3,388,T
7-M,843,392,0,0,0,392,A
7-M,844,2,390,0,0,392,T
7-M,845,0,1,0,389,390,C
7-M,846,1,2,387,0,390,G
7-M,847,384,1,1,0,386,A
7-M,848,1,0,0,386,387,C
7-M,849,0,374,0,0,374,T
7-M,850,3,0,0,386,389,C
7-M,851,0,385,0,1,386,T
7-M,852,0,387,0,0,387,T
7-M,853,0,0,1,385,386,C
7-M,854,384,0,0,0,384,A
7-M,855,385,0,1,0,386,A
7-M,856,386,0,0,0,386,A
7-M,857,0,0,0,385,385,C
7-M,858,382,0,0,0,382,A
7-M,859,1,0,0,367,368,C
7-M,860,0,3,360,0,363,G
7-M,861,0,0,376,0,376,G
7-M,862,1,0,0,377,378,C
7-M,863,1,0,0,378,379,C
7-M,864,0,376,0,1,377,T
7-M,865,0,380,0,0,380,T
7-M,866,379,1,0,0,380,A
7-M,867,381,1,0,0,382,A
7-M,868,382,0,0,0,382,A
7-M,869,380,0,0,0,380,A
7-M,870,0,1,371,0,372,G
7-M,871,321,0,0,0,321,A
7-M,872,0,1,320,0,321,G
7-M,873,0,0,320,0,320,G
7-M,874,0,0,0,319,319,C
7-M,875,1,0,0,315,316,C
7-M,876,3,0,0,311,314,C
7-M,877,1,314,0,1,316,T
7-M,878,1,314,0,0,315,T
7-M,879,0,0,0,316,316,C
7-M,880,0,313,0,0,313,T
7-M,881,311,0,0,0,311,A
7-M,882,0,0,0,313,313,C
7-M,883,0,0,308,0,308,G
7-M,884,0,0,308,0,308,G
7-M,885,298,0,1,0,299,A
7-M,886,300,0,0,0,300,A
7-M,887,0,1,294,0,295,G
7-M,888,0,1,291,0,292,G
7-M,889,286,0,1,0,287,A
7-M,890,1,0,285,0,286,G
7-M,891,0,284,0,0,284,T
7-M,892,285,0,0,0,285,A
7-M,893,1,0,0,281,282,C
7-M,894,1,0,1,280,282,C
7-M,895,0,273,0,0,273,T
7-M,896,0,1,275,0,276,G
7-M,897,265,0,0,0,265,A
7-M,898,0,0,266,0,266,G
7-M,899,0,254,0,0,254,T
7-M,900,5,0,0,251,256,C
7-M,901,0,249,0,0,249,T
7-M,902,250,0,0,0,250,A
7-M,903,0,250,0,0,250,T
7-M,904,0,1,249,0,250,G
7-M,905,241,0,0,0,241,A
7-M,906,0,0,242,0,242,G
7-M,907,0,0,223,0,223,G
7-M,908,0,2,218,0,220,G
7-M,909,221,0,0,0,221,A
7-M,910,220,0,0,0,220,A
7-M,911,0,0,220,0,220,G
7-M,912,215,0,0,0,215,A
7-M,913,216,0,0,0,216,A
7-M,914,0,213,0,0,213,T
7-M,915,205,0,0,0,205,A
7-M,916,0,205,0,0,205,T
7-M,917,0,0,0,200,200,C
7-M,918,0,1,198,0,199,G
7-M,919,198,0,0,0,198,A
7-M,920,196,0,0,0,196,A
7-M,921,195,0,0,0,195,A
7-M,922,0,0,192,0,192,G
7-M,923,0,3,194,0,197,G
7-M,924,196,0,0,0,196,A
7-M,925,195,0,1,0,196,A
7-M,926,0,0,0,196,196,C
7-M,927,193,0,0,0,193,A
7-M,928,0,0,195,0,195,G
7-M,929,0,0,0,194,194,C
7-M,930,194,0,0,0,194,A
7-M,931,0,0,196,0,196,G
7-M,932,182,0,0,0,182,A
7-M,933,182,0,1,0,183,A
7-M,934,0,183,0,0,183,T
7-M,935,0,0,179,0,179,G
7-M,936,0,0,0,177,177,C
7-M,937,0,169,0,0,169,T
7-M,938,0,0,170,0,170,G
7-M,939,0,169,0,0,169,T
7-M,940,0,0,167,0,167,G
7-M,941,0,0,166,0,166,G
7-M,942,161,0,0,0,161,A
7-M,943,0,161,0,0,161,T
7-M,944,0,0,159,0,159,G
7-M,945,0,0,0,158,158,C
7-M,946,0,155,0,0,155,T
7-M,947,0,1,153,0,154,G
7-M,948,153,0,0,0,153,A
7-M,949,0,0,0,152,152,C
7-M,950,0,0,151,0,151,G
7-M,951,150,0,0,0,150,A
7-M,952,0,0,0,150,150,C
7-M,953,139,0,0,0,139,A
7-M,954,0,0,139,0,139,G
7-M,955,0,138,0,0,138,T
7-M,956,1,0,0,137,138,C
7-M,957,138,0,0,0,138,A
7-M,958,0,137,0,0,137,T
7-M,959,0,137,0,0,137,T
7-M,960,0,137,0,0,137,T
7-M,961,0,135,0,0,135,T
7-M,962,0,0,135,0,135,G
7-M,963,0,132,0,0,132,T
7-M,964,0,0,0,132,132,C
7-M,965,128,0,0,0,128,A
7-M,966,0,0,128,0,128,G
7-M,967,0,0,0,127,127,C
7-M,968,127,0,0,0,127,A
7-M,969,0,127,0,0,127,T
7-M,970,118,0,0,0,118,A
7-M,971,0,0,118,0,118,G
7-M,972,113,0,0,0,113,A
7-M,973,0,0,113,0,113,G
7-M,974,0,111,0,0,111,T
7-M,975,0,74,0,0,74,T
7-M,976,0,1,71,0,72,G
7-M,977,0,0,71,0,71,G
7-M,978,71,0,0,0,71,A
7-M,979,0,0,70,0,70,G
7-M,980,0,41,0,0,41,T
7-M,981,40,0,0,0,40,A
7-M,982,40,0,0,0,40,A
8-NS,1,347,0,0,0,347,A
8-NS,2,0,346,0,0,346,T
8-NS,3,0,0,376,0,376,G
8-NS,4,0,2,405,0,407,G
8-NS,5,438,0,1,0,439,A
8-NS,6,0,1001,0,0,1001,T
8-NS,7,0,999,0,0,999,T
8-NS,8,0,0,0,1064,1064,C
8-NS,9,0,0,0,1067,1067,C
8-NS,10,1068,0,0,0,1068,A
8-NS,11,1077,0,3,0,1080,A
8-NS,12,6,1,0,1076,1083,C
8-NS,13,1083,0,0,0,1083,A
8-NS,14,0,0,0,1094,1094,C
8-NS,15,0,1098,0,0,1098,T
8-NS,16,0,1,1214,0,1215,G
8-NS,17,0,1220,0,0,1220,T
8-NS,18,0,1,1232,0,1233,G
8-NS,19,0,1234,0,3,1237,T
8-NS,20,5,1,0,1230,1236,C
8-NS,21,1234,2,3,0,1239,A
8-NS,22,1241,0,0,0,1241,A
8-NS,23,0,2,1256,0,1258,G
8-NS,24,0,1272,0,12,1284,T
8-NS,25,0,1273,0,1,1274,T
8-NS,26,0,1296,0,1,1297,T
8-NS,27,7,0,0,1292,1299,C
8-NS,28,5,0,0,1296,1301,C
8-NS,29,1307,0,0,0,1307,A
8-NS,30,0,3,1321,0,1324,G
8-NS,31,0,2,1322,1,1325,G
8-NS,32,0,1330,0,2,1332,T
8-NS,33,1340,0,0,0,1340,A
8-NS,34,0,7,1348,0,1355,G
8-NS,35,1357,0,2,0,1359,A
8-NS,36,0,1362,0,1,1363,T
8-NS,37,0,1358,1,2,1361,T
8-NS,38,1,1,1384,0,1386,G
8-NS,39,1,0,1,1385,1387,C
8-NS,40,0,1389,0,3,1392,T
8-NS,41,0,1405,0,1,1406,T
8-NS,42,0,1408,0,1,1409,T
8-NS,43,3,1,0,1434,1438,C
8-NS,44,0,1433,0,2,1435,T
8-NS,45,0,1422,0,8,1430,T
8-NS,46,0,1432,0,0,1432,T
8-NS,47,0,3,1444,0,1447,G
8-NS,48,0,3,1446,0,1449,G
8-NS,49,1,0,0,1444,1445,C
8-NS,50,1441,0,1,0,1442,A
8-NS,51,0,1442,0,0,1442,T
8-NS,52,1463,0,0,0,1463,A
8-NS,53,0,1501,0,0,1501,T
8-NS,54,1,0,0,1503,1504,C
8-NS,55,4,2,0,1498,1504,C
8-NS,56,1,6,1495,0,1502,G
8-NS,57,1,0,1521,0,1522,G
8-NS,58,1522,0,0,0,1522,A
8-NS,59,1531,0,0,0,1531,A
8-NS,60,1534,0,0,0,1534,A
8-NS,61,0,1,0,1556,1557,C
8-NS,62,1555,0,0,0,1555,A
8-NS,63,1547,0,8,1,1556,A
8-NS,64,0,1,1621,0,1622,G
8-NS,65,0,1623,0,2,1625,T
8-NS,66,0,1616,0,0,1616,T
8-NS,67,0,3,1621,0,1624,G
8-NS,68,0,1623,0,1,1624,T
8-NS,69,1622,0,0,0,1622,A
8-NS,70,0,11,1628,0,1639,G
8-NS,71,1743,0,1,0,1744,A
8-NS,72,0,1,1,1768,1770,C
8-NS,73,10,1,0,1735,1746,C
8-NS,74,1750,0,1,0,1751,A
8-NS,75,1760,0,1,2,1763,A
8-NS,76,0,10,1869,0,1879,G
8-NS,77,1880,0,1,0,1881,A
8-NS,78,1893,0,1,0,1894,A
8-NS,79,0,0,0,1896,1896,C
8-NS,80,0,1848,0,1,1849,T
8-NS,81,0,12,1857,0,1869,G
8-NS,82,1866,0,0,0,1866,A
8-NS,83,0,0,1917,0,1917,G
8-NS,84,0,1901,1,3,1905,T
8-NS,85,0,10,1860,0,1870,G
8-NS,86,1882,0,0,0,1882,A
8-NS,87,0,1881,0,1,1882,T
8-NS,88,1,0,1905,0,1906,G
8-NS,89,3,0,0,1930,1933,C
8-NS,90,5,0,0,1944,1949,C
8-NS,91,2,1,0,1955,1958,C
8-NS,92,3,1,0,1932,1936,C
8-NS,93,1958,0,0,0,1958,A
8-NS,94,0,1985,0,1,1986,T
8-NS,95,0,2005,0,0,2005,T
8-NS,96,8,0,0,2006,2014,C
8-NS,97,5,4,0,2001,2010,C
8-NS,98,0,2001,1,1,2003,T
8-NS,99,0,1985,0,1,1986,T
8-NS,100,1,5,1982,0,1988,G
8-NS,101,1983,0,0,0,1983,A
8-NS,102,2,1979,0,2,1983,T
8-NS,103,6,0,0,1964,1970,C
8-NS,104,0,4,1959,0,1963,G
8-NS,105,0,0,1984,0,1984,G
8-NS,106,0,1,0,1986,1987,C
8-NS,107,0,1980,0,1,1981,T
8-NS,108,0,1987,0,0,1987,T
8-NS,109,4,2,0,1978,1984,C
8-NS,110,1,1,1992,0,1994,G
8-NS,111,0,0,0,1995,1995,C
8-NS,112,7,4,0,1980,1991,C
8-NS,113,1,9,1987,0,1997,G
8-NS,114,1992,0,0,0,1992,A
8-NS,115,0,3,2076,0,2079,G
8-NS,116,2070,0,0,0,2070,A
8-NS,117,0,2084,0,1,2085,T
8-NS,118,3,0,0,2081,2084,C
8-NS,119,2076,0,1,0,2077,A
8-NS,120,1,2,2085,0,2088,G
8-NS,121,2078,0,6,0,2084,A
8-NS,122,0,4,2092,0,2096,G
8-NS,123,1,1,2134,0,2136,G
8-NS,124,0,2126,0,1,2127,T
8-NS,125,7,0,0,2222,2229,C
8-NS,126,10,2,0,2227,2239,C
8-NS,127,10,0,0,2232,2242,C
8-NS,128,2,2238,0,0,2240,T
8-NS,129,2250,0,1,0,2251,A
8-NS,130,2238,1,1,0,2240,A
8-NS,131,3,12,2263,0,2278,G
8-NS,132,0,10,2278,0,2288,G
8-NS,133,0,9,2247,0,2256,G
8-NS,134,0,5,2181,0,2186,G
8-NS,135,2171,0,1,0,2172,A
8-NS,136,2161,0,1,0,2162,A
8-NS,137,0,5,2182,0,2187,G
8-NS,138,2221,2,10,0,2233,A
8-NS,139,1,4,2252,0,2257,G
8-NS,140,3,4,2250,0,2257,G
8-NS,141,1,0,0,2252,2253,C
8-NS,142,2243,1,3,0,2247,A
8-NS,143,2251,0,2,0,2253,A
8-NS,144,1,2254,1,1,2257,T
8-NS,145,2287,0,0,0,2287,A
8-NS,146,2,0,0,2320,2322,C
8-NS,147,0,2277,0,0,2277,T
8-NS,148,6,0,0,2276,2282,C
8-NS,149,1,2258,1,3,2263,T
8-NS,150,9,5,0,2266,2280,C
8-NS,151,0,12,2305,0,2317,G
8-NS,152,2,1,2450,0,2453,G
8-NS,153,0,2452,0,1,2453,T
8-NS,154,12,0,0,2451,2463,C
8-NS,155,1,2445,0,0,2446,T
8-NS,156,2475,0,1,0,2476,A
8-NS,157,0,6,2464,0,2470,G
8-NS,158,2471,0,2,0,2473,A
8-NS,159,1,0,0,2548,2549,C
8-NS,160,2505,0,0,0,2505,A
8-NS,161,0,2446,0,0,2446,T
8-NS,162,3,2,0,2446,2451,C
8-NS,163,2437,0,0,1,2438,A
8-NS,164,2443,1,0,0,2444,A
8-NS,165,2430,0,2,0,2432,A
8-NS,166,0,0,2448,0,2448,G
8-NS,167,2,1,0,2457,2460,C
8-NS,168,2423,0,5,0,2428,A
8-NS,169,1,1,2448,0,2450,G
8-NS,170,0,2,0,2443,2445,C
8-NS,171,10,2,0,2448,2460,C
8-NS,172,2462,0,1,0,2463,A
8-NS,173,1,1,0,2512,2514,C
8-NS,174,14,1,0,2498,2513,C
8-NS,175,21,4,0,2484,2509,C
8-NS,176,2533,11,1,0,2545,A
8-NS,177,0,2547,0,1,2548,T
8-NS,178,1,2,2547,0,2550,G
8-NS,179,0,2543,0,2,2545,T
8-NS,180,0,2526,0,1,2527,T
8-NS,181,0,6,2514,0,2520,G
8-NS,182,0,10,2490,0,2500,G
8-NS,183,2494,0,3,0,2497,A
8-NS,184,2498,2,1,0,2501,A
8-NS,185,2455,0,2,0,2457,A
8-NS,186,0,0,2472,0,2472,G
8-NS,187,4,0,0,2462,2466,C
8-NS,188,2458,1,0,0,2459,A
8-NS,189,2455,0,2,0,2457,A
8-NS,190,2446,0,0,9,2455,A
8-NS,191,0,2477,1,2,2480,T
8-NS,192,0,2474,0,0,2474,T
8-NS,193,2,2,2520,0,2524,G
8-NS,194,0,2517,0,3,2520,T
8-NS,195,2508,0,1,0,2509,A
8-NS,196,4,11,2499,1,2515,G
8-NS,197,2515,0,0,0,2515,A
8-NS,198,2511,0,1,0,2512,A
8-NS,199,2507,0,0,0,2507,A
8-NS,200,2496,1,0,0,2497,A
8-NS,201,0,11,2503,0,2514,G
8-NS,202,2482,0,0,0,2482,A
8-NS,203,0,2483,0,0,2483,T
8-NS,204,1,2479,0,1,2481,T
8-NS,205,8,0,0,2478,2486,C
8-NS,206,1,2483,0,2,2486,T
8-NS,207,1,10,2481,0,2492,G
8-NS,208,2482,0,1,0,2483,A
8-NS,209,2489,0,0,0,2489,A
8-NS,210,2477,0,1,0,2478,A
8-NS,211,0,5,2489,0,2494,G
8-NS,212,2490,0,0,0,2490,A
8-NS,213,2492,0,1,0,2493,A
8-NS,214,0,14,2499,0,2513,G
8-NS,215,2536,0,0,1,2537,A
8-NS,216,2545,0,1,0,2546,A
8-NS,217,0,2546,0,0,2546,T
8-NS,218,6,0,0,2560,2566,C
8-NS,219,2,2557,1,2,2562,T
8-NS,220,1,10,2556,0,2567,G
8-NS,221,2566,0,3,0,2569,A
8-NS,222,0,2565,0,0,2565,T
8-NS,223,0,4,2553,0,2557,G
8-NS,224,2532,0,2,0,2534,A
8-NS,225,2,11,2510,0,2523,G
8-NS,226,2,0,2527,1,2530,G
8-NS,227,3,1,0,2526,2530,C
8-NS,228,2530,0,1,0,2531,A
8-NS,229,1,0,0,2588,2589,C
8-NS,230,2,2572,0,0,2574,T
8-NS,231,0,2594,0,0,2594,T
8-NS,232,2604,1,1,0,2606,A
8-NS,233,2608,1,2,0,2611,A
8-NS,234,2609,2,0,1,2612,A
8-NS,235,2609,0,1,0,2610,A
8-NS,236,0,2613,0,1,2614,T
8-NS,237,0,24,2592,1,2617,G
8-NS,238,2625,0,3,0,2628,A
8-NS,239,2,0,0,2638,2640,C
8-NS,240,18,0,0,2613,2631,C
8-NS,241,2630,0,0,1,2631,A
8-NS,242,1,2628,0,6,2635,T
8-NS,243,0,16,2683,0,2699,G
8-NS,244,0,3,2692,19,2714,G
8-NS,245,0,2735,0,1,2736,T
8-NS,246,15,1,0,2881,2897,C
8-NS,247,0,2875,0,3,2878,T
8-NS,248,15,0,0,2914,2929,C
8-NS,249,4,2,0,2917,2923,C
8-NS,250,2922,2,3,0,2927,A
8-NS,251,1,2,0,2941,2944,C
8-NS,252,2901,0,2,0,2903,A
8-NS,253,2,0,0,2905,2907,C
8-NS,254,7,1,0,2863,2871,C
8-NS,255,0,2709,0,3,2712,T
8-NS,256,0,2,2723,0,2725,G
8-NS,257,1,0,0,2719,2720,C
8-NS,258,0,2685,0,3,2688,T
8-NS,259,0,2701,0,3,2704,T
8-NS,260,9,0,0,2675,2684,C
8-NS,261,1,4,2702,0,2707,G
8-NS,262,1,1,0,2696,2698,C
8-NS,263,0,13,2689,0,2702,G
8-NS,264,2829,1,1,0,2831,A
8-NS,265,0,2831,0,0,2831,T
8-NS,266,2917,0,4,0,2921,A
8-NS,267,1,1,0,2934,2936,C
8-NS,268,2928,0,2,0,2930,A
8-NS,269,0,3012,0,3,3015,T
8-NS,270,2972,0,2,0,2974,A
8-NS,271,2977,2,2,0,2981,A
8-NS,272,1,0,0,2990,2991,C
8-NS,273,0,2888,0,8,2896,T
8-NS,274,1,19,2906,0,2926,G
8-NS,275,2875,1,3,0,2879,A
8-NS,276,3,2,0,2906,2911,C
8-NS,277,2902,0,1,0,2903,A
8-NS,278,0,2865,1,0,2866,T
8-NS,279,1,20,2852,0,2873,G
8-NS,280,2860,2,3,0,2865,A
8-NS,281,4,0,0,2956,2960,C
8-NS,282,0,2949,1,0,2950,T
8-NS,283,2995,0,1,0,2996,A
8-NS,284,1,2994,0,4,2999,T
8-NS,285,0,2969,0,2,2971,T
8-NS,286,0,10,2966,0,2976,G
8-NS,287,2946,0,3,0,2949,A
8-NS,288,3,10,2929,0,2942,G
8-NS,289,0,9,2934,1,2944,G
8-NS,290,2874,1,1,0,2876,A
8-NS,291,2884,0,1,0,2885,A
8-NS,292,0,2824,1,0,2825,T
8-NS,293,0,2818,0,2,2820,T
8-NS,294,1,4,2883,0,2888,G
8-NS,295,1,2879,0,2,2882,T
8-NS,296,20,0,0,2862,2882,C
8-NS,297,2872,0,3,1,2876,A
8-NS,298,2854,0,23,1,2878,A
8-NS,299,1,10,2873,1,2885,G
8-NS,300,2891,1,0,0,2892,A
8-NS,301,2886,0,1,1,2888,A
8-NS,302,2892,0,4,0,2896,A
8-NS,303,0,0,0,2888,2888,C
8-NS,304,1,2841,0,4,2846,T
8-NS,305,2,11,2864,0,2877,G
8-NS,306,0,3,2926,0,2929,G
8-NS,307,0,2921,0,1,2922,T
8-NS,308,0,2921,0,4,2925,T
8-NS,309,32,0,1,2874,2907,C
8-NS,310,2916,0,1,0,2917,A
8-NS,311,1,2961,0,2,2964,T
8-NS,312,2,2,2984,0,2988,G
8-NS,313,2,1,0,3007,3010,C
8-NS,314,0,2964,0,1,2965,T
8-NS,315,2931,0,1,0,2932,A
8-NS,316,2953,0,1,1,2955,A
8-NS,317,0,2975,0,1,2976,T
8-NS,318,0,3,2974,0,2977,G
8-NS,319,0,2,0,2960,2962,C
8-NS,320,7,1,0,2929,2937,C
8-NS,321,14,0,0,2912,2926,C
8-NS,322,2916,0,2,0,2918,A
8-NS,323,2935,1,1,0,2937,A
8-NS,324,0,2,2955,0,2957,G
8-NS,325,1,1,0,2954,2956,C
8-NS,326,2934,0,2,0,2936,A
8-NS,327,3,5,2951,0,2959,G
8-NS,328,2943,2,2,0,2947,A
8-NS,329,2962,0,0,0,2962,A
8-NS,330,2957,0,1,0,2958,A
8-NS,331,1,3,3013,0,3017,G
8-NS,332,1,2994,0,1,2996,T
8-NS,333,0,8,2978,0,2986,G
8-NS,334,0,5,2981,0,2986,G
8-NS,335,2986,0,1,0,2987,A
8-NS,336,2965,0,3,0,2968,A
8-NS,337,0,10,2954,0,2964,G
8-NS,338,0,9,2961,1,2971,G
8-NS,339,2975,0,3,0,2978,A
8-NS,340,2,1,0,2966,2969,C
8-NS,341,6,0,0,2940,2946,C
8-NS,342,1,2930,0,3,2934,T
8-NS,343,9,1,0,2977,2987,C
8-NS,344,1,2977,0,0,2978,T
8-NS,345,0,2998,0,1,2999,T
8-NS,346,0,2989,0,1,2990,T
8-NS,347,1,2,2976,0,2979,G
8-NS,348,0,1,0,3015,3016,C
8-NS,349,2985,0,0,0,2985,A
8-NS,350,0,2986,0,5,2991,T
8-NS,351,5,1,0,2986,2992,C
8-NS,352,3004,2,1,0,3007,A
8-NS,353,2,10,3103,0,3115,G
8-NS,354,3092,0,0,2,3094,A
8-NS,355,3099,1,2,0,3102,A
8-NS,356,0,3094,0,0,3094,T
8-NS,357,30,7,3021,0,3058,G
8-NS,358,4,14,3076,0,3094,G
8-NS,359,3088,2,1,0,3091,A
8-NS,360,1,1,0,3085,3087,C
8-NS,361,7,1,0,2995,3003,C
8-NS,362,2938,1,2,0,2941,A
8-NS,363,0,11,2960,0,2971,G
8-NS,364,0,1,2970,0,2971,G
8-NS,365,0,0,0,2977,2977,C
8-NS,366,2942,0,0,0,2942,A
8-NS,367,2943,0,1,1,2945,A
8-NS,368,1,2933,0,0,2934,T
8-NS,369,19,0,0,2924,2943,C
8-NS,370,2940,0,1,0,2941,A
8-NS,371,0,2920,0,3,2923,T
8-NS,372,1,8,2884,3,2896,G
8-NS,373,0,10,2888,1,2899,G
8-NS,374,2891,0,3,0,2894,A
8-NS,375,0,12,2904,0,2916,G
8-NS,376,2881,0,1,0,2882,A
8-NS,377,2884,0,2,1,2887,A
8-NS,378,2878,0,5,0,2883,A
8-NS,379,2881,0,1,0,2882,A
8-NS,380,2898,0,3,1,2902,A
8-NS,381,2,0,0,2917,2919,C
8-NS,382,2891,1,2,0,2894,A
8-NS,383,0,2888,0,1,2889,T
8-NS,384,11,0,0,2851,2862,C
8-NS,385,2863,0,0,0,2863,A
8-NS,386,0,2879,0,0,2879,T
8-NS,387,0,4,2882,0,2886,G
8-NS,388,0,2884,0,1,2885,T
8-NS,389,0,2854,0,2,2856,T
8-NS,390,0,7,2848,0,2855,G
8-NS,391,2846,0,3,0,2849,A
8-NS,392,2845,1,1,0,2847,A
8-NS,393,2838,0,2,0,2840,A
8-NS,394,3,2,2851,0,2856,G
8-NS,395,3,2,0,2837,2842,C
8-NS,396,0,25,2812,0,2837,G
8-NS,397,2832,0,1,0,2833,A
8-NS,398,2831,1,1,1,2834,A
8-NS,399,0,2838,2,0,2840,T
8-NS,400,0,2834,0,3,2837,T
8-NS,401,0,2850,0,0,2850,T
8-NS,402,8,1,0,2842,2851,C
8-NS,403,2840,0,1,0,2841,A
8-NS,404,0,3,2841,1,2845,G
8-NS,405,0,2835,0,2,2837,T
8-NS,406,1,1,2839,0,2841,G
8-NS,407,0,2831,0,6,2837,T
8-NS,408,1,20,2830,0,2851,G
8-NS,409,2861,0,0,1,2862,A
8-NS,410,0,2862,0,0,2862,T
8-NS,411,0,2864,0,2,2866,T
8-NS,412,0,2860,0,0,2860,T
8-NS,413,0,2858,0,0,2858,T
8-NS,414,0,2854,0,1,2855,T
8-NS,415,3,23,2824,0,2850,G
8-NS,416,2840,0,19,0,2859,A
8-NS,417,5,0,1,2849,2855,C
8-NS,418,12,1,0,2810,2823,C
8-NS,419,1,15,2828,0,2844,G
8-NS,420,3019,1,1,0,3021,A
8-NS,421,3,0,0,3080,3083,C
8-NS,422,0,3086,0,1,3087,T
8-NS,423,3092,1,2,0,3095,A
8-NS,424,1,12,3094,1,3108,G
8-NS,425,3105,0,4,1,3110,A
8-NS,426,1,14,3120,0,3135,G
8-NS,427,3119,0,4,0,3123,A
8-NS,428,4,1,0,3209,3214,C
8-NS,429,15,0,0,3020,3035,C
8-NS,430,2945,1,0,0,2946,A
8-NS,431,0,3111,2,0,3113,T
8-NS,432,3093,0,1,0,3094,A
8-NS,433,1,1,3318,0,3320,G
8-NS,434,1,3290,1,1,3293,T
8-NS,435,3265,0,2,0,3267,A
8-NS,436,0,3271,0,0,3271,T
8-NS,437,0,3176,0,1,3177,T
8-NS,438,3271,0,4,1,3276,A
8-NS,439,4,0,0,3272,3276,C
8-NS,440,0,3139,0,2,3141,T
8-NS,441,3135,0,0,0,3135,A
8-NS,442,2896,0,0,0,2896,A
8-NS,443,0,10,2905,1,2916,G
8-NS,444,1,15,2893,1,2910,G
8-NS,445,0,7,2913,0,2920,G
8-NS,446,1,0,0,2885,2886,C
8-NS,447,0,2816,0,4,2820,T
8-NS,448,0,2821,0,3,2824,T
8-NS,449,0,2865,0,2,2867,T
8-NS,450,7,0,0,2872,2879,C
8-NS,451,2929,0,3,1,2933,A
8-NS,452,2,1,0,2936,2939,C
8-NS,453,10,2,1,2901,2914,C
8-NS,454,1,7,2909,0,2917,G
8-NS,455,2911,1,0,0,2912,A
8-NS,456,2908,1,0,0,2909,A
8-NS,457,0,3,2921,0,2924,G
8-NS,458,2877,0,0,0,2877,A
8-NS,459,0,9,2879,0,2888,G
8-NS,460,0,10,2826,0,2836,G
8-NS,461,0,23,2843,0,2866,G
8-NS,462,2847,1,5,0,2853,A
8-NS,463,0,2,2857,1,2860,G
8-NS,464,2,0,0,2851,2853,C
8-NS,465,2849,0,0,0,2849,A
8-NS,466,2848,0,0,0,2848,A
8-NS,467,0,2844,0,0,2844,T
8-NS,468,0,2831,0,0,2831,T
8-NS,469,0,1,2837,0,2838,G
8-NS,470,0,2794,0,0,2794,T
8-NS,471,1,2792,0,1,2794,T
8-NS,472,1,8,2783,0,2792,G
8-NS,473,1,5,2782,0,2788,G
8-NS,474,2,1,0,2786,2789,C
8-NS,475,1,13,2776,0,2790,G
8-NS,476,2789,0,0,0,2789,A
8-NS,477,2798,0,0,2,2800,A
8-NS,478,2820,1,0,0,2821,A
8-NS,479,0,2833,1,1,2835,T
8-NS,480,9,1,1,2822,2833,C
8-NS,481,1,2816,1,5,2823,T
8-NS,482,11,1,0,2813,2825,C
8-NS,483,2831,1,4,0,2836,A
8-NS,484,1,1,1,2841,2844,C
8-NS,485,17,0,0,2821,2838,C
8-NS,486,2810,0,1,0,2811,A
8-NS,487,0,2812,0,5,2817,T
8-NS,488,1,2789,0,0,2790,T
8-NS,489,0,3,2811,0,2814,G
8-NS,490,5,1,0,2805,2811,C
8-NS,491,12,1,0,2795,2808,C
8-NS,492,0,2812,0,2,2814,T
8-NS,493,0,2799,1,1,2801,T
8-NS,494,9,0,0,2813,2822,C
8-NS,495,0,2814,1,3,2818,T
8-NS,496,0,2815,1,1,2817,T
8-NS,497,0,2883,1,0,2884,T
8-NS,498,0,2873,0,1,2874,T
8-NS,499,13,0,0,2864,2877,C
8-NS,500,4,2,0,2865,2871,C
8-NS,501,2856,0,5,0,2861,A
8-NS,502,7,7,2882,0,2896,G
8-NS,503,9,15,2849,0,2873,G
8-NS,504,2948,0,2,0,2950,A
8-NS,505,1,1,0,2950,2952,C
8-NS,506,2935,0,1,0,2936,A
8-NS,507,0,2944,1,1,2946,T
8-NS,508,2941,1,3,0,2945,A
8-NS,509,3,1,0,3170,3174,C
8-NS,510,1,3166,0,2,3169,T
8-NS,511,3159,0,0,0,3159,A
8-NS,512,1,3149,0,0,3150,T
8-NS,513,0,3034,1,2,3037,T
8-NS,514,2,7,3028,0,3037,G
8-NS,515,2920,1,1,1,2923,A
8-NS,516,0,8,2913,0,2921,G
8-NS,517,0,8,2902,0,2910,G
8-NS,518,2634,0,1,0,2635,A
8-NS,519,0,2631,1,1,2633,T
8-NS,520,0,2,2615,0,2617,G
8-NS,521,1,2601,1,2,2605,T
8-NS,522,17,1,0,2594,2612,C
8-NS,523,2614,0,2,0,2616,A
8-NS,524,2619,0,0,0,2619,A
8-NS,525,2611,1,0,0,2612,A
8-NS,526,2611,0,0,0,2611,A
8-NS,527,2624,1,0,0,2625,A
8-NS,528,0,2608,0,0,2608,T
8-NS,529,0,1,2612,0,2613,G
8-NS,530,0,1,0,2632,2633,C
8-NS,531,2628,0,2,0,2630,A
8-NS,532,2649,0,1,2,2652,A
8-NS,533,0,2650,1,0,2651,T
8-NS,534,1,2645,0,0,2646,T
8-NS,535,1,10,2633,0,2644,G
8-NS,536,1,6,2620,0,2627,G
8-NS,537,0,11,2626,0,2637,G
8-NS,538,1,2,2655,0,2658,G
8-NS,539,0,2614,1,5,2620,T
8-NS,540,4,1,2,2642,2649,C
8-NS,541,6,0,0,2640,2646,C
8-NS,542,1,2637,0,5,2643,T
8-NS,543,8,0,0,2674,2682,C
8-NS,544,2677,0,1,0,2678,A
8-NS,545,0,2690,0,2,2692,T
8-NS,546,10,1,0,2681,2692,C
8-NS,547,30,6,2622,0,2658,G
8-NS,548,0,4,2668,0,2672,G
8-NS,549,2625,0,1,0,2626,A
8-NS,550,0,7,2620,1,2628,G
8-NS,551,0,9,2623,0,2632,G
8-NS,552,2577,1,3,0,2581,A
8-NS,553,4,0,0,2595,2599,C
8-NS,554,0,2587,1,0,2588,T
8-NS,555,0,2586,0,0,2586,T
8-NS,556,1,12,2588,0,2601,G
8-NS,557,2583,2,1,0,2586,A
8-NS,558,2585,0,5,0,2590,A
8-NS,559,0,2569,1,0,2570,T
8-NS,560,2,6,2521,0,2529,G
8-NS,561,0,10,2548,0,2558,G
8-NS,562,2530,0,3,0,2533,A
8-NS,563,2550,1,0,0,2551,A
8-NS,564,1,2635,0,1,2637,T
8-NS,565,0,12,2631,0,2643,G
8-NS,566,2654,0,0,0,2654,A
8-NS,567,0,2654,0,0,2654,T
8-NS,568,2647,0,2,0,2649,A
8-NS,569,2663,1,1,0,2665,A
8-NS,570,1,1,0,2641,2643,C
8-NS,571,2591,0,1,0,2592,A
8-NS,572,1,2,0,2612,2615,C
8-NS,573,2403,0,1,0,2404,A
8-NS,574,0,4,2443,1,2448,G
8-NS,575,0,2420,0,2,2422,T
8-NS,576,1,2417,0,2,2420,T
8-NS,577,15,0,0,2397,2412,C
8-NS,578,1,8,2379,2,2390,G
8-NS,579,2378,0,2,0,2380,A
8-NS,580,0,2,2382,0,2384,G
8-NS,581,0,2341,0,3,2344,T
8-NS,582,15,0,0,2340,2355,C
8-NS,583,0,2288,0,3,2291,T
8-NS,584,6,0,0,2314,2320,C
8-NS,585,1,2321,1,0,2323,T
8-NS,586,2324,1,1,0,2326,A
8-NS,587,2321,0,1,0,2322,A
8-NS,588,2317,0,0,1,2318,A
8-NS,589,2330,0,0,0,2330,A
8-NS,590,2331,2,1,1,2335,A
8-NS,591,0,2310,0,0,2310,T
8-NS,592,6,0,0,2321,2327,C
8-NS,593,0,2300,0,1,2301,T
8-NS,594,2310,1,2,0,2313,A
8-NS,595,1,0,0,2314,2315,C
8-NS,596,2306,0,3,0,2309,A
8-NS,597,0,2,2314,0,2316,G
8-NS,598,2271,0,1,0,2272,A
8-NS,599,0,12,2274,0,2286,G
8-NS,600,2283,0,1,0,2284,A
8-NS,601,0,2264,0,0,2264,T
8-NS,602,1,2269,0,0,2270,T
8-NS,603,14,2,0,2248,2264,C
8-NS,604,2,1,2267,0,2270,G
8-NS,605,1,2,0,2262,2265,C
8-NS,606,0,2250,0,2,2252,T
8-NS,607,1,2255,0,2,2258,T
8-NS,608,0,4,2238,0,2242,G
8-NS,609,1,5,2245,0,2251,G
8-NS,610,2247,0,0,0,2247,A
8-NS,611,2,6,2239,0,2247,G
8-NS,612,2227,0,0,0,2227,A
8-NS,613,2195,0,3,0,2198,A
8-NS,614,0,0,2240,0,2240,G
8-NS,615,5,1,0,2233,2239,C
8-NS,616,2235,0,0,0,2235,A
8-NS,617,0,3,2273,0,2276,G
8-NS,618,0,2252,0,0,2252,T
8-NS,619,2268,0,2,0,2270,A
8-NS,620,2271,0,1,0,2272,A
8-NS,621,0,2261,0,1,2262,T
8-NS,622,0,8,2257,0,2265,G
8-NS,623,2172,0,1,0,2173,A
8-NS,624,0,7,2226,0,2233,G
8-NS,625,2216,0,1,0,2217,A
8-NS,626,2121,0,0,0,2121,A
8-NS,627,0,2126,0,0,2126,T
8-NS,628,0,9,2070,0,2079,G
8-NS,629,0,12,2070,0,2082,G
8-NS,630,3,11,2059,1,2074,G
8-NS,631,4,5,2058,0,2067,G
8-NS,632,0,2,2066,0,2068,G
8-NS,633,2017,1,1,0,2019,A
8-NS,634,4,0,0,2047,2051,C
8-NS,635,5,1,1,2037,2044,C
8-NS,636,0,2014,1,8,2023,T
8-NS,637,4,1,0,2030,2035,C
8-NS,638,6,1,0,2028,2035,C
8-NS,639,2044,1,0,0,2045,A
8-NS,640,1,26,0,2010,2037,C
8-NS,641,0,1998,0,2,2000,T
8-NS,642,0,1990,0,0,1990,T
8-NS,643,1922,0,0,0,1922,A
8-NS,644,1,1,0,1946,1948,C
8-NS,645,0,1916,0,7,1923,T
8-NS,646,13,1,0,1897,1911,C
8-NS,647,4,3,0,1883,1890,C
8-NS,648,1890,0,2,0,1892,A
8-NS,649,1896,0,0,0,1896,A
8-NS,650,1893,0,1,0,1894,A
8-NS,651,1898,0,0,0,1898,A
8-NS,652,0,0,0,1903,1903,C
8-NS,653,1852,0,1,1,1854,A
8-NS,654,0,7,1855,0,1862,G
8-NS,655,1850,1,2,0,1853,A
8-NS,656,1854,1,2,0,1857,A
8-NS,657,1854,0,2,0,1856,A
8-NS,658,2,2,0,1859,1863,C
8-NS,659,2,5,1856,0,1863,G
8-NS,660,0,5,1852,0,1857,G
8-NS,661,0,1,1853,0,1854,G
8-NS,662,1853,0,2,0,1855,A
8-NS,663,1845,0,1,0,1846,A
8-NS,664,1844,0,3,0,1847,A
8-NS,665,0,1842,0,1,1843,T
8-NS,666,0,2,1866,0,1868,G
8-NS,667,0,4,1860,1,1865,G
8-NS,668,1,3,0,1849,1853,C
8-NS,669,2,8,1845,0,1855,G
8-NS,670,1846,0,3,1,1850,A
8-NS,671,1,11,1858,0,1870,G
8-NS,672,1867,1,0,0,1868,A
8-NS,673,1866,0,1,0,1867,A
8-NS,674,3,0,0,1875,1878,C
8-NS,675,1835,0,1,0,1836,A
8-NS,676,0,1,1832,0,1833,G
8-NS,677,1,0,0,1822,1823,C
8-NS,678,0,1828,0,0,1828,T
8-NS,679,1819,0,0,0,1819,A
8-NS,680,0,6,1809,0,1815,G
8-NS,681,1,0,1813,0,1814,G
8-NS,682,0,1803,0,5,1808,T
8-NS,683,15,1,0,1759,1775,C
8-NS,684,1772,0,0,0,1772,A
8-NS,685,1761,1,0,0,1762,A
8-NS,686,1767,0,0,0,1767,A
8-NS,687,1781,0,2,0,1783,A
8-NS,688,0,0,1789,0,1789,G
8-NS,689,0,1746,0,0,1746,T
8-NS,690,0,1741,0,0,1741,T
8-NS,691,1,1745,0,0,1746,T
8-NS,692,0,9,1741,0,1750,G
8-NS,693,1747,1,2,0,1750,A
8-NS,694,1749,0,0,0,1749,A
8-NS,695,0,7,1763,0,1770,G
8-NS,696,1729,1,0,0,1730,A
8-NS,697,1,4,1739,0,1744,G
8-NS,698,1740,1,0,0,1741,A
8-NS,699,0,1745,0,0,1745,T
8-NS,700,1742,0,0,0,1742,A
8-NS,701,1732,0,0,0,1732,A
8-NS,702,1,7,1720,0,1728,G
8-NS,703,1601,0,0,0,1601,A
8-NS,704,0,1603,0,1,1604,T
8-NS,705,0,4,1611,0,1615,G
8-NS,706,1,1,1616,0,1618,G
8-NS,707,2,0,0,1610,1612,C
8-NS,708,0,1594,0,0,1594,T
8-NS,709,1595,0,2,0,1597,A
8-NS,710,1592,0,0,0,1592,A
8-NS,711,0,1595,0,0,1595,T
8-NS,712,0,1590,0,0,1590,T
8-NS,713,1,4,1593,0,1598,G
8-NS,714,1577,2,0,0,1579,A
8-NS,715,1571,0,1,0,1572,A
8-NS,716,0,5,1574,0,1579,G
8-NS,717,1571,0,0,0,1571,A
8-NS,718,1555,0,1,0,1556,A
8-NS,719,2,0,1583,0,1585,G
8-NS,720,0,1552,0,0,1552,T
8-NS,721,1,8,1546,0,1555,G
8-NS,722,1545,0,2,0,1547,A
8-NS,723,0,1,1548,0,1549,G
8-NS,724,1546,0,0,0,1546,A
8-NS,725,1,1,0,1535,1537,C
8-NS,726,1516,0,0,0,1516,A
8-NS,727,1,0,0,1514,1515,C
8-NS,728,1379,1,0,1,1381,A
8-NS,729,1,2,1420,0,1423,G
8-NS,730,1417,0,0,1,1418,A
8-NS,731,0,1405,0,2,1407,T
8-NS,732,0,1407,0,1,1408,T
8-NS,733,1402,1,1,0,1404,A
8-NS,734,1403,1,0,0,1404,A
8-NS,735,1403,0,1,0,1404,A
8-NS,736,1403,0,0,0,1403,A
8-NS,737,1397,0,0,1,1398,A
8-NS,738,1,0,0,1351,1352,C
8-NS,739,1280,0,1,0,1281,A
8-NS,740,1289,0,1,0,1290,A
8-NS,741,1,1,0,1287,1289,C
8-NS,742,0,1278,0,1,1279,T
8-NS,743,0,7,1288,0,1295,G
8-NS,744,1291,0,1,0,1292,A
8-NS,745,1297,0,1,0,1298,A
8-NS,746,1297,0,2,0,1299,A
8-NS,747,1286,1,0,0,1287,A
8-NS,748,0,1288,0,1,1289,T
8-NS,749,1260,0,0,0,1260,A
8-NS,750,0,0,1269,0,1269,G
8-NS,751,0,0,0,1268,1268,C
8-NS,752,0,1243,0,1,1244,T
8-NS,753,0,1245,0,0,1245,T
8-NS,754,0,1230,0,0,1230,T
8-NS,755,0,7,1227,1,1235,G
8-NS,756,1235,0,1,0,1236,A
8-NS,757,1232,0,2,0,1234,A
8-NS,758,0,2,0,1232,1234,C
8-NS,759,1194,0,0,0,1194,A
8-NS,760,1198,0,0,0,1198,A
8-NS,761,1199,0,1,0,1200,A
8-NS,762,0,1198,0,0,1198,T
8-NS,763,1194,0,0,0,1194,A
8-NS,764,1173,0,0,0,1173,A
8-NS,765,2,0,0,1177,1179,C
8-NS,766,1171,0,0,0,1171,A
8-NS,767,0,1152,0,1,1153,T
8-NS,768,0,1130,0,0,1130,T
8-NS,769,6,0,0,1104,1110,C
8-NS,770,1099,0,0,0,1099,A
8-NS,771,0,1097,0,0,1097,T
8-NS,772,0,2,1097,0,1099,G
8-NS,773,0,0,0,1071,1071,C
8-NS,774,1055,0,0,1,1056,A
8-NS,775,1050,0,1,0,1051,A
8-NS,776,0,1,1044,0,1045,G
8-NS,777,3,1,0,1062,1066,C
8-NS,778,1040,0,1,0,1041,A
8-NS,779,0,1038,0,1,1039,T
8-NS,780,0,1037,0,0,1037,T
8-NS,781,1033,0,3,0,1036,A
8-NS,782,0,0,0,1035,1035,C
8-NS,783,1021,0,0,0,1021,A
8-NS,784,1006,0,0,0,1006,A
8-NS,785,11,0,0,980,991,C
8-NS,786,0,835,0,1,836,T
8-NS,787,2,0,836,0,838,G
8-NS,788,0,0,0,816,816,C
8-NS,789,0,792,0,1,793,T
8-NS,790,0,1,796,0,797,G
8-NS,791,0,777,0,0,777,T
8-NS,792,0,777,0,0,777,T
8-NS,793,1,774,0,0,775,T
8-NS,794,0,3,760,0,763,G
8-NS,795,765,0,0,0,765,A
8-NS,796,746,0,0,0,746,A
8-NS,797,0,0,749,0,749,G
8-NS,798,0,737,0,0,737,T
8-NS,799,0,1,708,0,709,G
8-NS,800,0,2,709,0,711,G
8-NS,801,710,0,0,0,710,A
8-NS,802,708,0,1,0,709,A
8-NS,803,2,0,0,706,708,C
8-NS,804,673,0,1,0,674,A
8-NS,805,0,1,675,0,676,G
8-NS,806,0,0,667,0,667,G
8-NS,807,654,1,0,0,655,A
8-NS,808,0,0,656,0,656,G
8-NS,809,540,0,1,1,542,A
8-NS,810,0,538,0,0,538,T
8-NS,811,532,0,0,0,532,A
8-NS,812,528,0,0,0,528,A
8-NS,813,0,5,523,0,528,G
8-NS,814,457,0,0,0,457,A
8-NS,815,456,0,0,0,456,A
8-NS,816,0,0,0,449,449,C
8-NS,817,0,368,0,1,369,T
8-NS,818,0,360,0,0,360,T
8-NS,819,0,357,0,1,358,T
8-NS,820,4,0,0,352,356,C
8-NS,821,0,354,0,0,354,T
8-NS,822,3,0,0,344,347,C
8-NS,823,334,0,0,0,334,A
8-NS,824,0,332,0,0,332,T
8-NS,825,0,321,0,0,321,T
8-NS,826,0,318,0,1,319,T
8-NS,827,3,0,0,313,316,C
8-NS,828,295,0,0,0,295,A
8-NS,829,0,0,295,0,295,G
8-NS,830,0,0,0,295,295,C
8-NS,831,0,279,0,0,279,T
8-NS,832,0,276,0,0,276,T
8-NS,833,266,0,0,0,266,A
8-NS,834,0,265,0,0,265,T
8-NS,835,0,261,0,1,262,T
8-NS,836,0,260,0,0,260,T
8-NS,837,247,0,0,0,247,A
8-NS,838,243,0,0,0,243,A
8-NS,839,0,235,0,0,235,T
8-NS,840,0,0,232,0,232,G
8-NS,841,225,1,1,0,227,A
8-NS,842,0,198,0,0,198,T
8-NS,843,196,0,0,0,196,A
8-NS,844,196,0,0,0,196,A
8-NS,845,196,0,0,0,196,A
8-NS,846,195,0,0,0,195,A
8-NS,847,190,0,0,0,190,A
8-NS,848,189,0,0,0,189,A
8-NS,849,0,0,0,188,188,C
8-NS,850,162,0,0,0,162,A
8-NS,851,1,0,0,160,161,C
8-NS,852,2,0,0,154,156,C
8-NS,853,2,0,0,150,152,C
8-NS,854,0,144,0,0,144,T
8-NS,855,0,142,0,0,142,T
8-NS,856,0,0,142,0,142,G
8-NS,857,0,132,0,0,132,T
8-NS,858,0,131,0,0,131,T
8-NS,859,0,123,0,0,123,T
8-NS,860,0,0,0,52,52,C
8-NS,861,0,36,0,0,36,T
8-NS,862,30,0,0,0,30,A
8-NS,863,0,0,0,30,30,C
