Gene,Position,A,T,G,C,Coverage,Consensus
1-PB2,1,349,0,0,0,349,A
1-PB2,2,0,348,0,0,348,T
1-PB2,3,0,0,353,0,353,G
1-PB2,4,0,1,355,0,356,G
1-PB2,5,353,0,0,0,353,A
1-PB2,6,356,0,0,0,356,A
1-PB2,7,357,0,0,0,357,A
1-PB2,8,0,3,389,0,392,G
1-PB2,9,390,0,1,0,391,A
1-PB2,10,393,0,0,1,394,A
1-PB2,11,0,401,0,0,401,T
1-PB2,12,400,0,0,0,400,A
1-PB2,13,400,0,0,0,400,A
1-PB2,14,402,0,0,0,402,A
1-PB2,15,401,0,0,0,401,A
1-PB2,16,0,5,414,0,419,G
1-PB2,17,418,0,0,0,418,A
1-PB2,18,417,0,0,0,417,A
1-PB2,19,1,0,0,425,426,C
1-PB2,20,0,429,0,0,429,T
1-PB2,21,440,0,1,0,441,A
1-PB2,22,1,2,0,437,440,C
1-PB2,23,0,2,439,1,442,G
1-PB2,24,0,6,443,0,449,G
1-PB2,25,451,0,1,0,452,A
1-PB2,26,468,0,0,0,468,A
1-PB2,27,0,467,0,0,467,T
1-PB2,28,0,0,0,474,474,C
1-PB2,29,0,473,0,0,473,T
1-PB2,30,0,1,479,0,480,G
1-PB2,31,483,0,1,0,484,A
1-PB2,32,0,485,0,0,485,T
1-PB2,33,0,0,487,0,487,G
1-PB2,34,0,498,0,2,500,T
1-PB2,35,0,0,0,494,494,C
1-PB2,36,1,1,492,0,494,G
1-PB2,37,0,0,0,495,495,C
1-PB2,38,496,0,1,0,497,A
1-PB2,39,0,0,521,0,521,G
1-PB2,40,0,520,0,1,521,T
1-PB2,41,2,0,0,521,523,C
1-PB2,42,0,523,0,0,523,T
1-PB2,43,3,0,0,521,524,C
1-PB2,44,0,1,525,0,526,G
1-PB2,45,0,1,0,525,526,C
1-PB2,46,526,0,1,0,527,A
1-PB2,47,1,0,0,536,537,C
1-PB2,48,0,531,0,0,531,T
1-PB2,49,4,2,0,544,550,C
1-PB2,50,0,0,554,0,554,G
1-PB2,51,0,0,0,555,555,C
1-PB2,52,0,2,553,0,555,G
1-PB2,53,551,0,1,0,552,A
1-PB2,54,0,1,557,0,558,G
1-PB2,55,565,0,0,3,568,A
1-PB2,56,0,565,0,1,566,T
1-PB2,57,565,1,1,0,567,A
1-PB2,58,0,0,0,564,564,C
1-PB2,59,0,560,0,0,560,T
1-PB2,60,0,3,572,0,575,G
1-PB2,61,573,1,0,0,574,A
1-PB2,62,0,1,0,583,584,C
1-PB2,63,581,0,0,0,581,A
1-PB2,64,579,0,0,0,579,A
1-PB2,65,591,0,0,0,591,A
1-PB2,66,601,0,1,0,602,A
1-PB2,67,600,0,0,0,600,A
1-PB2,68,0,0,0,607,607,C
1-PB2,69,2,0,0,599,601,C
1-PB2,70,619,0,0,0,619,A
1-PB2,71,0,0,0,626,626,C
1-PB2,72,629,0,0,0,629,A
1-PB2,73,0,1,645,0,646,G
1-PB2,74,0,640,0,1,641,T
1-PB2,75,0,1,667,0,668,G
1-PB2,76,0,1,675,0,676,G
1-PB2,77,671,0,1,0,672,A
1-PB2,78,0,0,0,709,709,C
1-PB2,79,2,0,0,700,702,C
1-PB2,80,711,0,1,0,712,A
1-PB2,81,0,710,0,1,711,T
1-PB2,82,701,0,0,0,701,A
1-PB2,83,1,697,0,1,699,T
1-PB2,84,1,1,697,0,699,G
1-PB2,85,2,0,705,0,707,G
1-PB2,86,0,1,0,709,710,C
1-PB2,87,0,1,0,697,698,C
1-PB2,88,695,0,0,0,695,A
1-PB2,89,0,742,0,1,743,T
1-PB2,90,746,0,1,0,747,A
1-PB2,91,779,0,0,0,779,A
1-PB2,92,0,783,0,0,783,T
1-PB2,93,0,776,0,0,776,T
1-PB2,94,779,0,0,0,779,A
1-PB2,95,781,0,0,0,781,A
1-PB2,96,2,3,792,0,797,G
1-PB2,97,796,1,0,0,797,A
1-PB2,98,786,0,0,0,786,A
1-PB2,99,0,0,823,0,823,G
1-PB2,100,0,815,0,0,815,T
1-PB2,101,817,0,1,0,818,A
1-PB2,102,0,1,0,821,822,C
1-PB2,103,824,0,0,0,824,A
1-PB2,104,2,0,0,844,846,C
1-PB2,105,838,0,0,0,838,A
1-PB2,106,0,843,0,0,843,T
1-PB2,107,3,0,0,841,844,C
1-PB2,108,1,4,831,0,836,G
1-PB2,109,0,2,830,1,833,G
1-PB2,110,0,3,830,0,833,G
1-PB2,111,0,4,835,0,839,G
1-PB2,112,828,0,2,0,830,A
1-PB2,113,0,4,830,1,835,G
1-PB2,114,831,0,1,0,832,A
1-PB2,115,1,0,0,848,849,C
1-PB2,116,844,0,2,0,846,A
1-PB2,117,0,1,853,0,854,G
1-PB2,118,0,2,872,0,874,G
1-PB2,119,874,0,1,0,875,A
1-PB2,120,872,0,0,0,872,A
1-PB2,121,874,0,1,0,875,A
1-PB2,122,869,0,1,0,870,A
1-PB2,123,3,2,865,0,870,G
1-PB2,124,866,0,0,0,866,A
1-PB2,125,867,1,2,0,870,A
1-PB2,126,0,0,0,874,874,C
1-PB2,127,1,0,0,862,863,C
1-PB2,128,1,0,0,859,860,C
1-PB2,129,2,0,863,0,865,G
1-PB2,130,0,863,0,0,863,T
1-PB2,131,2,0,0,864,866,C
1-PB2,132,878,0,0,0,878,A
1-PB2,133,1,0,0,882,883,C
1-PB2,134,0,875,0,1,876,T
1-PB2,135,0,874,0,0,874,T
1-PB2,136,880,0,1,0,881,A
1-PB2,137,0,1,896,0,897,G
1-PB2,138,0,3,894,0,897,G
1-PB2,139,894,1,1,0,896,A
1-PB2,140,0,895,0,0,895,T
1-PB2,141,0,4,904,1,909,G
1-PB2,142,909,0,0,0,909,A
1-PB2,143,915,0,0,0,915,A
1-PB2,144,919,0,0,0,919,A
1-PB2,145,0,918,0,0,918,T
1-PB2,146,0,2,917,0,919,G
1-PB2,147,0,1,928,0,929,G
1-PB2,148,927,0,0,0,927,A
1-PB2,149,0,926,0,0,926,T
1-PB2,150,1,2,919,0,922,G
1-PB2,151,915,0,1,0,916,A
1-PB2,152,0,918,0,1,919,T
1-PB2,153,0,2,919,0,921,G
1-PB2,154,2,0,920,0,922,G
1-PB2,155,0,0,0,921,921,C
1-PB2,156,916,0,0,0,916,A
1-PB2,157,932,0,0,0,932,A
1-PB2,158,0,935,0,0,935,T
1-PB2,159,0,1,969,0,970,G
1-PB2,160,969,0,0,0,969,A
1-PB2,161,965,0,1,1,967,A
1-PB2,162,968,0,2,1,971,A
1-PB2,163,0,978,0,0,978,T
1-PB2,164,976,0,0,0,976,A
1-PB2,165,1,1,0,996,998,C
1-PB2,166,2,0,0,989,991,C
1-PB2,167,4,1,0,993,998,C
1-PB2,168,978,0,0,0,978,A
1-PB2,169,975,0,0,0,975,A
1-PB2,170,0,975,0,1,976,T
1-PB2,171,4,0,0,974,978,C
1-PB2,172,974,0,0,0,974,A
1-PB2,173,0,0,0,997,997,C
1-PB2,174,1,983,0,1,985,T
1-PB2,175,3,0,987,0,990,G
1-PB2,176,0,0,0,990,990,C
1-PB2,177,1,984,0,1,986,T
1-PB2,178,0,3,992,0,995,G
1-PB2,179,997,1,1,0,999,A
1-PB2,180,0,1,0,1003,1004,C
1-PB2,181,1006,0,0,0,1006,A
1-PB2,182,993,0,0,0,993,A
1-PB2,183,995,1,1,0,997,A
1-PB2,184,994,0,0,0,994,A
1-PB2,185,0,2,1009,0,1011,G
1-PB2,186,0,4,1003,0,1007,G
1-PB2,187,1005,0,0,0,1005,A
1-PB2,188,0,1007,0,0,1007,T
1-PB2,189,998,0,3,0,1001,A
1-PB2,190,1008,0,3,0,1011,A
1-PB2,191,0,0,0,1021,1021,C
1-PB2,192,1017,0,1,0,1018,A
1-PB2,193,0,1,1020,0,1021,G
1-PB2,194,1002,0,0,0,1002,A
1-PB2,195,1003,0,0,0,1003,A
1-PB2,196,1002,0,2,0,1004,A
1-PB2,197,0,1004,0,1,1005,T
1-PB2,198,0,6,999,0,1005,G
1-PB2,199,0,0,1016,1,1017,G
1-PB2,200,0,1002,0,2,1004,T
1-PB2,201,0,1000,1,0,1001,T
1-PB2,202,3,0,0,1001,1004,C
1-PB2,203,1,0,0,1000,1001,C
1-PB2,204,997,0,1,0,998,A
1-PB2,205,0,1,1005,0,1006,G
1-PB2,206,1006,0,1,0,1007,A
1-PB2,207,0,1,1013,0,1014,G
1-PB2,208,986,0,2,0,988,A
1-PB2,209,1,1,1000,0,1002,G
1-PB2,210,1003,1,0,0,1004,A
1-PB2,211,1004,0,0,0,1004,A
1-PB2,212,999,0,5,0,1004,A
1-PB2,213,0,1000,1,0,1001,T
1-PB2,214,0,7,996,0,1003,G
1-PB2,215,1007,0,1,0,1008,A
1-PB2,216,1001,0,1,0,1002,A
1-PB2,217,0,0,0,1001,1001,C
1-PB2,218,991,0,0,0,991,A
1-PB2,219,997,0,0,0,997,A
1-PB2,220,1,2,1011,0,1014,G
1-PB2,221,2,6,1020,0,1028,G
1-PB2,222,1030,1,0,0,1031,A
1-PB2,223,0,0,0,1018,1018,C
1-PB2,224,1022,1,0,0,1023,A
1-PB2,225,1026,0,0,0,1026,A
1-PB2,226,1069,0,1,0,1070,A
1-PB2,227,0,0,0,1082,1082,C
1-PB2,228,1,1064,0,0,1065,T
1-PB2,229,1,0,0,1096,1097,C
1-PB2,230,0,1084,1,0,1085,T
1-PB2,231,1090,0,0,1,1091,A
1-PB2,232,0,1091,0,0,1091,T
1-PB2,233,1,2,1085,1,1089,G
1-PB2,234,0,3,1115,0,1118,G
1-PB2,235,1064,0,3,0,1067,A
1-PB2,236,0,0,1076,0,1076,G
1-PB2,237,0,1070,0,0,1070,T
1-PB2,238,1059,0,0,0,1059,A
1-PB2,239,1063,0,1,0,1064,A
1-PB2,240,1054,0,0,0,1054,A
1-PB2,241,1051,0,2,0,1053,A
1-PB2,242,0,1048,0,2,1050,T
1-PB2,243,0,6,1036,0,1042,G
1-PB2,244,1024,0,0,0,1024,A
1-PB2,245,0,0,1030,0,1030,G
1-PB2,246,0,1018,0,1,1019,T
1-PB2,247,0,10,1011,0,1021,G
1-PB2,248,1036,0,0,0,1036,A
1-PB2,249,0,1044,1,0,1045,T
1-PB2,250,0,1,1043,0,1044,G
1-PB2,251,0,0,0,1043,1043,C
1-PB2,252,0,1037,0,1,1038,T
1-PB2,253,1,2,1068,0,1071,G
1-PB2,254,0,2,1071,0,1073,G
1-PB2,255,1086,0,1,0,1087,A
1-PB2,256,0,1092,0,0,1092,T
1-PB2,257,5,0,0,1085,1090,C
1-PB2,258,1101,0,1,0,1102,A
1-PB2,259,2,4,1124,0,1130,G
1-PB2,260,1128,0,2,0,1130,A
1-PB2,261,0,1132,0,1,1133,T
1-PB2,262,1091,0,0,0,1091,A
1-PB2,263,1,5,1113,0,1119,G
1-PB2,264,1103,0,2,0,1105,A
1-PB2,265,4,0,1115,0,1119,G
1-PB2,266,0,1098,0,2,1100,T
1-PB2,267,0,5,1088,0,1093,G
1-PB2,268,1066,0,2,0,1068,A
1-PB2,269,0,1066,0,0,1066,T
1-PB2,270,0,2,1081,0,1083,G
1-PB2,271,1,1,1105,0,1107,G
1-PB2,272,0,1087,0,3,1090,T
1-PB2,273,1091,0,0,0,1091,A
1-PB2,274,1,1066,0,3,1070,T
1-PB2,275,4,0,0,1061,1065,C
1-PB2,276,1087,0,0,0,1087,A
1-PB2,277,0,0,1,1099,1100,C
1-PB2,278,3,0,0,1102,1105,C
1-PB2,279,0,1073,1,0,1074,T
1-PB2,280,0,1067,0,2,1069,T
1-PB2,281,0,1064,0,1,1065,T
1-PB2,282,0,4,1074,0,1078,G
1-PB2,283,1,0,1085,0,1086,G
1-PB2,284,1,0,0,1099,1100,C
1-PB2,285,0,1074,0,0,1074,T
1-PB2,286,1,0,1078,0,1079,G
1-PB2,287,0,1081,0,1,1082,T
1-PB2,288,1082,0,0,0,1082,A
1-PB2,289,1087,0,0,0,1087,A
1-PB2,290,0,0,0,1090,1090,C
1-PB2,291,1072,0,1,1,1074,A
1-PB2,292,0,1068,0,1,1069,T
1-PB2,293,1,1,1063,0,1065,G
1-PB2,294,0,1,1086,0,1087,G
1-PB2,295,0,1080,0,0,1080,T
1-PB2,296,1,2,1076,0,1079,G
1-PB2,297,1,3,1084,0,1088,G
1-PB2,298,1081,0,0,0,1081,A
1-PB2,299,1080,0,1,0,1081,A
1-PB2,300,0,1079,0,0,1079,T
1-PB2,301,1074,0,1,0,1075,A
1-PB2,302,0,5,1095,0,1100,G
1-PB2,303,1082,0,0,0,1082,A
1-PB2,304,1085,0,0,0,1085,A
1-PB2,305,1081,0,1,0,1082,A
1-PB2,306,0,1062,0,0,1062,T
1-PB2,307,0,2,1061,0,1063,G
1-PB2,308,1,3,1053,0,1057,G
1-PB2,309,1063,0,0,0,1063,A
1-PB2,310,1,1,0,1059,1061,C
1-PB2,311,2,0,0,1043,1045,C
1-PB2,312,3,0,0,1040,1043,C
1-PB2,313,3,0,1046,0,1049,G
1-PB2,314,0,1053,0,1,1054,T
1-PB2,315,0,8,1059,0,1067,G
1-PB2,316,1068,0,1,1,1070,A
1-PB2,317,1,0,0,1074,1075,C
1-PB2,318,1075,0,1,0,1076,A
1-PB2,319,1069,0,2,0,1071,A
1-PB2,320,0,1,1095,0,1096,G
1-PB2,321,0,1086,0,3,1089,T
1-PB2,322,1087,0,0,0,1087,A
1-PB2,323,0,1,0,1074,1075,C
1-PB2,324,3,3,1047,0,1053,G
1-PB2,325,0,0,1082,0,1082,G
1-PB2,326,0,1075,0,2,1077,T
1-PB2,327,6,0,0,1073,1079,C
1-PB2,328,4,0,0,1080,1084,C
1-PB2,329,1060,0,0,0,1060,A
1-PB2,330,2,1061,0,0,1063,T
1-PB2,331,0,1060,1,0,1061,T
1-PB2,332,1103,0,1,0,1104,A
1-PB2,333,0,0,0,1100,1100,C
1-PB2,334,0,0,0,1066,1066,C
1-PB2,335,2,0,1,1060,1063,C
1-PB2,336,1051,0,1,0,1052,A
1-PB2,337,1062,0,0,0,1062,A
1-PB2,338,1065,1,0,0,1066,A
1-PB2,339,1056,0,2,0,1058,A
1-PB2,340,0,1,1075,0,1076,G
1-PB2,341,0,1038,0,0,1038,T
1-PB2,342,0,0,1067,0,1067,G
1-PB2,343,0,1066,0,1,1067,T
1-PB2,344,1066,0,1,0,1067,A
1-PB2,345,0,0,0,1063,1063,C
1-PB2,346,1057,0,0,0,1057,A
1-PB2,347,1059,0,1,0,1060,A
1-PB2,348,0,5,1060,0,1065,G
1-PB2,349,1053,0,0,0,1053,A
1-PB2,350,0,0,0,1053,1053,C
1-PB2,351,0,1032,0,1,1033,T
1-PB2,352,0,1043,0,0,1043,T
1-PB2,353,1045,0,0,0,1045,A
1-PB2,354,0,1043,0,0,1043,T
1-PB2,355,0,1043,0,0,1043,T
1-PB2,356,0,1040,0,0,1040,T
1-PB2,357,3,2,0,1011,1016,C
1-PB2,358,1,3,1011,0,1015,G
1-PB2,359,1015,0,0,0,1015,A
1-PB2,360,1,0,0,1005,1006,C
1-PB2,361,1001,0,2,0,1003,A
1-PB2,362,1011,0,0,0,1011,A
1-PB2,363,1010,0,0,0,1010,A
1-PB2,364,0,0,1014,0,1014,G
1-PB2,365,0,1014,0,0,1014,T
1-PB2,366,1013,0,0,0,1013,A
1-PB2,367,1,0,1042,0,1043,G
1-PB2,368,1043,1,0,0,1044,A
1-PB2,369,1043,0,1,0,1044,A
1-PB2,370,1041,0,0,0,1041,A
1-PB2,371,0,3,1062,0,1065,G
1-PB2,372,1,0,1069,0,1070,G
1-PB2,373,0,1051,0,0,1051,T
1-PB2,374,0,1046,0,1,1047,T
1-PB2,375,1045,0,0,0,1045,A
1-PB2,376,1046,0,0,0,1046,A
1-PB2,377,1049,0,0,0,1049,A
1-PB2,378,1066,0,2,0,1068,A
1-PB2,379,1,0,0,1082,1083,C
1-PB2,380,1050,0,2,0,1052,A
1-PB2,381,0,1047,1,0,1048,T
1-PB2,382,0,2,1046,0,1048,G
1-PB2,383,0,2,1046,0,1048,G
1-PB2,384,1050,1,1,0,1052,A
1-PB2,385,1060,0,0,0,1060,A
1-PB2,386,0,0,0,1096,1096,C
1-PB2,387,4,0,0,1089,1093,C
1-PB2,388,0,1083,0,1,1084,T
1-PB2,389,0,1086,0,0,1086,T
1-PB2,390,0,1086,0,0,1086,T
1-PB2,391,0,3,1077,0,1080,G
1-PB2,392,0,0,1087,0,1087,G
1-PB2,393,1,0,0,1085,1086,C
1-PB2,394,1,0,0,1075,1076,C
1-PB2,395,4,0,1,1067,1072,C
1-PB2,396,0,1033,0,1,1034,T
1-PB2,397,0,0,1050,0,1050,G
1-PB2,398,1,1050,0,1,1052,T
1-PB2,399,0,1050,0,0,1050,T
1-PB2,400,5,0,0,1045,1050,C
1-PB2,401,1042,1,0,0,1043,A
1-PB2,402,0,1047,0,1,1048,T
1-PB2,403,0,1048,0,0,1048,T
1-PB2,404,1,1043,0,0,1044,T
1-PB2,405,0,1044,0,1,1045,T
1-PB2,406,1032,0,1,0,1033,A
1-PB2,407,0,2,1033,0,1035,G
1-PB2,408,1033,0,1,0,1034,A
1-PB2,409,1032,0,1,0,1033,A
1-PB2,410,1036,0,2,0,1038,A
1-PB2,411,0,1027,0,0,1027,T
1-PB2,412,5,0,0,1023,1028,C
1-PB2,413,1021,0,0,0,1021,A
1-PB2,414,1033,0,2,0,1035,A
1-PB2,415,0,0,1036,0,1036,G
1-PB2,416,0,1036,0,0,1036,T
1-PB2,417,13,0,0,1023,1036,C
1-PB2,418,1040,0,0,0,1040,A
1-PB2,419,1041,0,1,0,1042,A
1-PB2,420,0,2,1043,0,1045,G
1-PB2,421,1051,2,1,0,1054,A
1-PB2,422,0,1052,1,0,1053,T
1-PB2,423,1061,0,2,0,1063,A
1-PB2,424,0,0,0,1055,1055,C
1-PB2,425,1,0,1053,0,1054,G
1-PB2,426,1,0,0,1054,1055,C
1-PB2,427,1042,1,0,0,1043,A
1-PB2,428,0,1,1060,0,1061,G
1-PB2,429,1057,0,0,0,1057,A
1-PB2,430,1053,0,3,0,1056,A
1-PB2,431,0,5,1081,0,1086,G
1-PB2,432,1062,0,0,0,1062,A
1-PB2,433,1,0,1068,0,1069,G
1-PB2,434,0,1065,0,1,1066,T
1-PB2,435,1060,0,2,0,1062,A
1-PB2,436,0,7,1068,1,1076,G
1-PB2,437,1068,0,0,0,1068,A
1-PB2,438,0,1,0,1123,1124,C
1-PB2,439,1105,0,0,0,1105,A
1-PB2,440,1,1080,0,1,1082,T
1-PB2,441,1075,0,1,0,1076,A
1-PB2,442,1076,0,0,0,1076,A
1-PB2,443,1087,0,0,0,1087,A
1-PB2,444,1,0,0,1093,1094,C
1-PB2,445,0,0,1,1080,1081,C
1-PB2,446,1,0,0,1069,1070,C
1-PB2,447,0,1017,0,1,1018,T
1-PB2,448,0,7,1018,0,1025,G
1-PB2,449,1,0,1033,0,1034,G
1-PB2,450,0,1037,1,1,1039,T
1-PB2,451,8,0,0,1017,1025,C
1-PB2,452,1041,2,1,0,1044,A
1-PB2,453,0,1036,0,1,1037,T
1-PB2,454,0,0,1045,0,1045,G
1-PB2,455,0,2,0,1038,1040,C
1-PB2,456,1034,0,2,0,1036,A
1-PB2,457,0,1,1038,0,1039,G
1-PB2,458,1009,0,2,0,1011,A
1-PB2,459,1,1,0,1032,1034,C
1-PB2,460,5,0,0,1025,1030,C
1-PB2,461,0,1004,0,2,1006,T
1-PB2,462,0,1,0,1009,1010,C
1-PB2,463,999,0,2,0,1001,A
1-PB2,464,0,1,1026,0,1027,G
1-PB2,465,0,1023,0,0,1023,T
1-PB2,466,1,0,1028,0,1029,G
1-PB2,467,1,0,0,1022,1023,C
1-PB2,468,4,0,0,997,1001,C
1-PB2,469,1006,0,0,0,1006,A
1-PB2,470,1002,1,0,0,1003,A
1-PB2,471,998,0,1,0,999,A
1-PB2,472,0,4,998,0,1002,G
1-PB2,473,973,0,2,0,975,A
1-PB2,474,0,3,973,0,976,G
1-PB2,475,1,0,966,0,967,G
1-PB2,476,0,1,0,968,969,C
1-PB2,477,970,0,0,1,971,A
1-PB2,478,1,0,0,973,974,C
1-PB2,479,967,0,1,0,968,A
1-PB2,480,1001,0,2,1,1004,A
1-PB2,481,0,1,1006,0,1007,G
1-PB2,482,1027,1,2,1,1031,A
1-PB2,483,0,1024,0,0,1024,T
1-PB2,484,1,0,1026,0,1027,G
1-PB2,485,0,1029,0,1,1030,T
1-PB2,486,1030,0,0,0,1030,A
1-PB2,487,1030,0,0,0,1030,A
1-PB2,488,1,1029,0,0,1030,T
1-PB2,489,0,990,0,1,991,T
1-PB2,490,989,1,0,0,990,A
1-PB2,491,0,963,0,1,964,T
1-PB2,492,0,0,958,0,958,G
1-PB2,493,0,2,961,0,963,G
1-PB2,494,955,0,0,0,955,A
1-PB2,495,953,0,0,0,953,A
1-PB2,496,0,0,952,0,952,G
1-PB2,497,0,954,0,1,955,T
1-PB2,498,0,954,0,0,954,T
1-PB2,499,0,1,961,0,962,G
1-PB2,500,0,956,0,1,957,T
1-PB2,501,0,955,1,2,958,T
1-PB2,502,0,957,0,0,957,T
1-PB2,503,1,953,0,0,954,T
1-PB2,504,0,959,0,1,960,T
1-PB2,505,4,0,1,950,955,C
1-PB2,506,1,1,0,948,950,C
1-PB2,507,2,0,0,949,951,C
1-PB2,508,951,0,1,0,952,A
1-PB2,509,954,0,0,0,954,A
1-PB2,510,0,951,0,1,952,T
1-PB2,511,0,4,953,0,957,G
1-PB2,512,956,0,0,0,956,A
1-PB2,513,952,1,0,0,953,A
1-PB2,514,0,0,964,0,964,G
1-PB2,515,0,955,0,0,955,T
1-PB2,516,0,3,948,0,951,G
1-PB2,517,0,1,944,0,945,G
1-PB2,518,0,1,948,0,949,G
1-PB2,519,956,1,3,0,960,A
1-PB2,520,0,1,956,0,957,G
1-PB2,521,1,1,0,961,963,C
1-PB2,522,3,0,0,969,972,C
1-PB2,523,965,0,2,0,967,A
1-PB2,524,0,2,997,0,999,G
1-PB2,525,0,2,1000,0,1002,G
1-PB2,526,1007,0,0,1,1008,A
1-PB2,527,0,1005,0,0,1005,T
1-PB2,528,1004,0,0,0,1004,A
1-PB2,529,1,1,0,1002,1004,C
1-PB2,530,0,992,0,1,993,T
1-PB2,531,993,0,1,0,994,A
1-PB2,532,992,0,0,0,992,A
1-PB2,533,1,1,0,1009,1011,C
1-PB2,534,976,0,0,0,976,A
1-PB2,535,0,960,0,2,962,T
1-PB2,536,3,1,0,962,966,C
1-PB2,537,955,1,0,0,956,A
1-PB2,538,0,3,965,0,968,G
1-PB2,539,970,0,0,0,970,A
1-PB2,540,965,0,1,0,966,A
1-PB2,541,0,965,0,1,966,T
1-PB2,542,5,0,0,938,943,C
1-PB2,543,944,0,2,0,946,A
1-PB2,544,0,0,0,979,979,C
1-PB2,545,973,0,1,0,974,A
1-PB2,546,992,0,1,0,993,A
1-PB2,547,1,974,0,5,980,T
1-PB2,548,0,980,0,1,981,T
1-PB2,549,985,0,4,0,989,A
1-PB2,550,1001,0,0,0,1001,A
1-PB2,551,0,0,0,1003,1003,C
1-PB2,552,993,0,0,1,994,A
1-PB2,553,987,0,0,0,987,A
1-PB2,554,0,1006,0,0,1006,T
1-PB2,555,998,0,0,1,999,A
1-PB2,556,1002,0,0,0,1002,A
1-PB2,557,0,0,0,1004,1004,C
1-PB2,558,0,997,0,1,998,T
1-PB2,559,994,0,1,0,995,A
1-PB2,560,989,0,0,0,989,A
1-PB2,561,991,0,1,0,992,A
1-PB2,562,1,5,992,0,998,G
1-PB2,563,972,0,0,0,972,A
1-PB2,564,0,3,980,0,983,G
1-PB2,565,979,0,1,0,980,A
1-PB2,566,980,1,0,0,981,A
1-PB2,567,980,0,0,0,980,A
1-PB2,568,979,0,1,0,980,A
1-PB2,569,982,0,0,0,982,A
1-PB2,570,983,0,2,0,985,A
1-PB2,571,3,2,983,0,988,G
1-PB2,572,986,0,1,0,987,A
1-PB2,573,974,0,1,0,975,A
1-PB2,574,0,2,976,0,978,G
1-PB2,575,977,0,1,0,978,A
1-PB2,576,975,0,1,0,976,A
1-PB2,577,0,0,0,992,992,C
1-PB2,578,0,975,0,0,975,T
1-PB2,579,4,0,0,976,980,C
1-PB2,580,1,1,1,977,980,C
1-PB2,581,1,5,969,0,975,G
1-PB2,582,981,0,0,0,981,A
1-PB2,583,2,1,975,0,978,G
1-PB2,584,969,1,0,0,970,A
1-PB2,585,0,974,0,0,974,T
1-PB2,586,0,959,0,0,959,T
1-PB2,587,1,1,957,0,959,G
1-PB2,588,0,1,0,954,955,C
1-PB2,589,958,0,1,0,959,A
1-PB2,590,957,0,0,0,957,A
1-PB2,591,959,0,0,0,959,A
1-PB2,592,968,0,0,0,968,A
1-PB2,593,0,967,1,0,968,T
1-PB2,594,1,954,0,1,956,T
1-PB2,595,0,954,0,2,956,T
1-PB2,596,1,1,0,957,959,C
1-PB2,597,0,961,0,0,961,T
1-PB2,598,4,1,0,997,1002,C
1-PB2,599,2,0,0,1007,1009,C
1-PB2,600,4,0,0,1060,1064,C
1-PB2,601,0,1058,0,1,1059,T
1-PB2,602,0,1074,0,0,1074,T
1-PB2,603,0,0,1078,0,1078,G
1-PB2,604,1076,1,1,0,1078,A
1-PB2,605,0,1097,0,0,1097,T
1-PB2,606,0,4,1107,0,1111,G
1-PB2,607,0,0,1180,0,1180,G
1-PB2,608,0,1196,0,1,1197,T
1-PB2,609,0,1185,0,0,1185,T
1-PB2,610,0,0,1256,0,1256,G
1-PB2,611,0,1,0,1262,1263,C
1-PB2,612,1278,0,2,0,1280,A
1-PB2,613,0,1278,0,2,1280,T
1-PB2,614,1291,0,0,1,1292,A
1-PB2,615,0,1,0,1338,1339,C
1-PB2,616,1435,1,1,3,1440,A
1-PB2,617,0,1469,0,1,1470,T
1-PB2,618,0,0,1528,0,1528,G
1-PB2,619,0,1512,0,0,1512,T
1-PB2,620,0,1513,0,1,1514,T
1-PB2,621,1514,0,0,0,1514,A
1-PB2,622,0,10,1504,1,1515,G
1-PB2,623,1527,1,0,0,1528,A
1-PB2,624,0,6,1539,0,1545,G
1-PB2,625,1474,0,3,0,1477,A
1-PB2,626,2,3,1475,0,1480,G
1-PB2,627,1456,0,1,0,1457,A
1-PB2,628,0,7,1458,0,1465,G
1-PB2,629,1464,1,0,0,1465,A
1-PB2,630,1471,0,0,0,1471,A
1-PB2,631,1,2,0,1477,1480,C
1-PB2,632,0,1469,0,1,1470,T
1-PB2,633,1,1460,1,2,1464,T
1-PB2,634,0,0,1462,1,1463,G
1-PB2,635,0,1460,1,1,1462,T
1-PB2,636,1458,1,4,0,1463,A
1-PB2,637,0,2,0,1453,1455,C
1-PB2,638,2,6,1440,0,1448,G
1-PB2,639,1449,0,0,0,1449,A
1-PB2,640,1440,0,0,0,1440,A
1-PB2,641,1463,0,1,0,1464,A
1-PB2,642,1464,0,2,0,1466,A
1-PB2,643,1460,2,1,0,1463,A
1-PB2,644,0,3,0,1464,1467,C
1-PB2,645,1464,0,1,0,1465,A
1-PB2,646,1465,0,2,0,1467,A
1-PB2,647,0,7,1468,0,1475,G
1-PB2,648,1480,0,0,0,1480,A
1-PB2,649,1,1478,0,2,1481,T
1-PB2,650,0,1474,0,0,1474,T
1-PB2,651,0,1478,0,2,1480,T
1-PB2,652,3,0,0,1480,1483,C
1-PB2,653,0,1479,0,3,1482,T
1-PB2,654,2,0,0,1477,1479,C
1-PB2,655,3,0,0,1470,1473,C
1-PB2,656,3,2,0,1476,1481,C
1-PB2,657,1486,0,0,0,1486,A
1-PB2,658,0,0,1504,0,1504,G
1-PB2,659,1,1501,0,1,1503,T
1-PB2,660,1,1499,0,2,1502,T
1-PB2,661,0,0,1503,0,1503,G
1-PB2,662,1,0,0,1497,1498,C
1-PB2,663,0,1488,0,3,1491,T
1-PB2,664,4,0,1495,0,1499,G
1-PB2,665,1,1,1492,0,1494,G
1-PB2,666,0,1,0,1497,1498,C
1-PB2,667,2,3,1492,0,1497,G
1-PB2,668,0,3,1513,0,1516,G
1-PB2,669,1521,0,0,0,1521,A
1-PB2,670,1523,2,0,0,1525,A
1-PB2,671,1,2,0,1521,1524,C
1-PB2,672,1534,0,0,0,1534,A
1-PB2,673,1535,0,0,1,1536,A
1-PB2,674,1,0,1586,0,1587,G
1-PB2,675,2,0,0,1611,1613,C
1-PB2,676,1616,0,1,0,1617,A
1-PB2,677,1,0,1986,0,1987,G
1-PB2,678,0,1981,0,1,1982,T
1-PB2,679,1990,0,1,0,1991,A
1-PB2,680,0,1993,0,3,1996,T
1-PB2,681,2000,0,0,1,2001,A
1-PB2,682,0,1994,0,2,1996,T
1-PB2,683,1939,0,3,0,1942,A
1-PB2,684,0,0,0,1966,1966,C
1-PB2,685,1854,1,1,0,1856,A
1-PB2,686,0,1726,0,2,1728,T
1-PB2,687,0,1658,0,3,1661,T
1-PB2,688,0,3,1659,0,1662,G
1-PB2,689,1663,0,1,0,1664,A
1-PB2,690,1653,0,1,0,1654,A
1-PB2,691,0,1,1676,0,1677,G
1-PB2,692,0,1664,0,0,1664,T
1-PB2,693,0,1645,0,0,1645,T
1-PB2,694,0,1650,0,0,1650,T
1-PB2,695,0,1652,0,2,1654,T
1-PB2,696,1670,0,2,0,1672,A
1-PB2,697,2,0,0,1683,1685,C
1-PB2,698,1684,1,0,0,1685,A
1-PB2,699,1,1681,0,0,1682,T
1-PB2,700,1,1664,0,1,1666,T
1-PB2,701,2,1662,0,0,1664,T
1-PB2,702,0,9,1677,0,1686,G
1-PB2,703,1693,0,1,0,1694,A
1-PB2,704,3,0,1,1696,1700,C
1-PB2,705,0,1685,1,1,1687,T
1-PB2,706,9,0,0,1680,1689,C
1-PB2,707,1685,0,0,0,1685,A
1-PB2,708,0,6,1668,0,1674,G
1-PB2,709,0,4,1712,0,1716,G
1-PB2,710,0,3,1719,0,1722,G
1-PB2,711,1725,2,2,0,1729,A
1-PB2,712,1721,0,5,0,1726,A
1-PB2,713,1,0,0,1723,1724,C
1-PB2,714,1,0,1737,0,1738,G
1-PB2,715,0,1735,0,1,1736,T
1-PB2,716,1,0,1744,0,1745,G
1-PB2,717,0,1729,0,0,1729,T
1-PB2,718,0,1728,0,1,1729,T
1-PB2,719,0,10,1729,1,1740,G
1-PB2,720,1,4,1725,1,1731,G
1-PB2,721,2,7,1743,0,1752,G
1-PB2,722,1739,0,1,0,1740,A
1-PB2,723,1720,1,0,1,1722,A
1-PB2,724,2,0,0,1778,1780,C
1-PB2,725,1772,0,0,0,1772,A
1-PB2,726,1821,0,0,0,1821,A
1-PB2,727,1826,0,2,0,1828,A
1-PB2,728,1,1834,0,0,1835,T
1-PB2,729,2,1,1856,0,1859,G
1-PB2,730,0,1848,0,0,1848,T
1-PB2,731,1843,0,2,0,1845,A
1-PB2,732,1,1,0,1852,1854,C
1-PB2,733,1802,0,0,0,1802,A
1-PB2,734,0,0,0,1798,1798,C
1-PB2,735,0,1740,0,3,1743,T
1-PB2,736,5,0,0,1887,1892,C
1-PB2,737,2,0,0,1894,1896,C
1-PB2,738,1938,0,0,0,1938,A
1-PB2,739,1,4,1943,1,1949,G
1-PB2,740,0,0,1994,0,1994,G
1-PB2,741,0,1978,0,1,1979,T
1-PB2,742,2,4,1977,0,1983,G
1-PB2,743,0,6,1911,0,1917,G
1-PB2,744,1901,0,2,0,1903,A
1-PB2,745,0,1,1915,0,1916,G
1-PB2,746,0,7,1909,0,1916,G
1-PB2,747,1867,0,3,0,1870,A
1-PB2,748,0,0,1890,0,1890,G
1-PB2,749,1,1844,0,0,1845,T
1-PB2,750,0,7,1839,1,1847,G
1-PB2,751,1853,1,1,0,1855,A
1-PB2,752,0,2,1854,0,1856,G
1-PB2,753,2,7,1858,1,1868,G
1-PB2,754,1853,1,1,0,1855,A
1-PB2,755,1855,0,0,0,1855,A
1-PB2,756,0,1844,0,0,1844,T
1-PB2,757,0,7,1829,0,1836,G
1-PB2,758,1839,0,0,0,1839,A
1-PB2,759,0,1,0,1828,1829,C
1-PB2,760,2,7,1817,0,1826,G
1-PB2,761,1852,0,2,0,1854,A
1-PB2,762,1,1849,0,0,1850,T
1-PB2,763,0,1,1862,0,1863,G
1-PB2,764,1,1862,0,1,1864,T
1-PB2,765,0,1853,0,0,1853,T
1-PB2,766,1,14,1849,0,1864,G
1-PB2,767,1861,1,4,0,1866,A
1-PB2,768,1,0,0,1864,1865,C
1-PB2,769,9,0,0,1851,1860,C
1-PB2,770,1832,0,0,1,1833,A
1-PB2,771,1833,0,0,0,1833,A
1-PB2,772,1831,1,2,0,1834,A
1-PB2,773,1,0,1891,0,1892,G
1-PB2,774,3,0,0,1881,1884,C
1-PB2,775,4,1,0,1864,1869,C
1-PB2,776,0,1880,1,0,1881,T
1-PB2,777,1893,0,0,0,1893,A
1-PB2,778,1892,0,0,0,1892,A
1-PB2,779,1,1890,0,2,1893,T
1-PB2,780,0,1887,1,1,1889,T
1-PB2,781,1863,0,0,0,1863,A
1-PB2,782,0,1818,0,0,1818,T
1-PB2,783,1,1804,0,0,1805,T
1-PB2,784,0,2,1792,0,1794,G
1-PB2,785,0,1,0,1782,1783,C
1-PB2,786,3,4,1778,0,1785,G
1-PB2,787,0,1,1815,0,1816,G
1-PB2,788,0,0,0,1821,1821,C
1-PB2,789,3,0,0,1817,1820,C
1-PB2,790,1817,0,1,1,1819,A
1-PB2,791,0,6,1838,1,1845,G
1-PB2,792,0,5,1846,0,1851,G
1-PB2,793,1848,0,1,0,1849,A
1-PB2,794,1863,0,0,1,1864,A
1-PB2,795,1,4,0,1862,1867,C
1-PB2,796,1832,0,2,0,1834,A
1-PB2,797,1,1856,0,1,1858,T
1-PB2,798,1889,0,1,0,1890,A
1-PB2,799,1,0,1907,0,1908,G
1-PB2,800,0,1890,0,0,1890,T
1-PB2,801,1872,0,2,0,1874,A
1-PB2,802,1866,1,0,0,1867,A
1-PB2,803,1,2,1873,0,1876,G
1-PB2,804,1865,0,0,0,1865,A
1-PB2,805,1834,0,0,1,1835,A
1-PB2,806,0,4,1825,0,1829,G
1-PB2,807,1756,0,5,0,1761,A
1-PB2,808,1,1,1757,0,1759,G
1-PB2,809,1,0,0,1764,1765,C
1-PB2,810,5,0,0,1750,1755,C
1-PB2,811,0,0,1753,0,1753,G
1-PB2,812,0,0,0,1762,1762,C
1-PB2,813,1759,0,1,0,1760,A
1-PB2,814,1,2,1898,0,1901,G
1-PB2,815,0,1896,0,1,1897,T
1-PB2,816,1898,0,0,0,1898,A
1-PB2,817,1,1885,0,0,1886,T
1-PB2,818,5,2,0,1893,1900,C
1-PB2,819,1892,0,2,2,1896,A
1-PB2,820,1,0,1895,0,1896,G
1-PB2,821,0,2,0,1888,1890,C
1-PB2,822,1776,1,2,0,1779,A
1-PB2,823,0,4,1742,1,1747,G
1-PB2,824,1749,0,0,0,1749,A
1-PB2,825,0,1730,1,1,1732,T
1-PB2,826,7,3,0,1737,1747,C
1-PB2,827,9,1,1,1730,1741,C
1-PB2,828,1743,1,0,0,1744,A
1-PB2,829,0,0,0,1754,1754,C
1-PB2,830,1,1746,0,0,1747,T
1-PB2,831,1752,0,2,0,1754,A
1-PB2,832,1,0,1753,0,1754,G
1-PB2,833,0,0,0,1726,1726,C
1-PB2,834,1728,0,0,0,1728,A
1-PB2,835,0,1724,0,1,1725,T
1-PB2,836,1,1,0,1755,1757,C
1-PB2,837,0,1744,0,2,1746,T
1-PB2,838,2,1776,0,0,1778,T
1-PB2,839,0,1786,0,0,1786,T
1-PB2,840,1768,0,0,0,1768,A
1-PB2,841,0,1769,0,1,1770,T
1-PB2,842,0,1754,0,1,1755,T
1-PB2,843,1,1,1755,0,1757,G
1-PB2,844,0,4,1752,0,1756,G
1-PB2,845,1707,1,0,0,1708,A
1-PB2,846,0,2,1710,0,1712,G
1-PB2,847,1702,0,1,0,1703,A
1-PB2,848,0,1697,0,0,1697,T
1-PB2,849,0,0,1731,0,1731,G
1-PB2,850,2,1717,0,2,1721,T
1-PB2,851,0,0,1720,0,1720,G
1-PB2,852,0,1700,0,3,1703,T
1-PB2,853,9,0,0,1708,1717,C
1-PB2,854,1718,0,1,0,1719,A
1-PB2,855,0,1,0,1718,1719,C
1-PB2,856,1677,0,2,1,1680,A
1-PB2,857,1,0,1695,0,1696,G
1-PB2,858,1,0,0,1649,1650,C
1-PB2,859,1648,0,3,0,1651,A
1-PB2,860,0,0,0,1646,1646,C
1-PB2,861,1635,1,1,1,1638,A
1-PB2,862,1,0,0,1645,1646,C
1-PB2,863,1640,1,0,1,1642,A
1-PB2,864,1639,0,3,0,1642,A
1-PB2,865,1641,0,0,0,1641,A
1-PB2,866,0,1622,1,2,1625,T
1-PB2,867,0,1616,0,1,1617,T
1-PB2,868,0,5,1603,0,1608,G
1-PB2,869,0,0,1609,0,1609,G
1-PB2,870,0,2,0,1603,1605,C
1-PB2,871,0,4,1578,0,1582,G
1-PB2,872,0,1,1603,0,1604,G
1-PB2,873,0,4,1611,0,1615,G
1-PB2,874,1617,0,0,0,1617,A
1-PB2,875,1,1,0,1614,1616,C
1-PB2,876,1617,0,1,0,1618,A
1-PB2,877,1621,0,0,0,1621,A
1-PB2,878,1,2,1626,0,1629,G
1-PB2,879,1,5,1617,0,1623,G
1-PB2,880,1631,1,2,0,1634,A
1-PB2,881,0,1534,0,0,1534,T
1-PB2,882,0,3,1496,0,1499,G
1-PB2,883,0,2,1506,0,1508,G
1-PB2,884,0,1490,0,0,1490,T
1-PB2,885,1,7,1480,0,1488,G
1-PB2,886,0,5,1471,0,1476,G
1-PB2,887,1446,0,1,0,1447,A
1-PB2,888,1,0,1,1452,1454,C
1-PB2,889,1415,0,0,0,1415,A
1-PB2,890,0,1591,0,0,1591,T
1-PB2,891,1,1581,0,1,1583,T
1-PB2,892,6,1,0,1573,1580,C
1-PB2,893,0,1556,0,1,1557,T
1-PB2,894,0,1556,0,0,1556,T
1-PB2,895,1554,1,2,0,1557,A
1-PB2,896,0,4,1564,0,1568,G
1-PB2,897,1555,0,3,0,1558,A
1-PB2,898,0,1,0,1556,1557,C
1-PB2,899,1161,1,2,0,1164,A
1-PB2,900,2,2,1173,0,1177,G
1-PB2,901,1170,0,2,0,1172,A
1-PB2,902,1178,0,0,0,1178,A
1-PB2,903,0,0,0,1177,1177,C
1-PB2,904,1,0,0,1177,1178,C
1-PB2,905,5,0,0,1165,1170,C
1-PB2,906,0,4,1168,1,1173,G
1-PB2,907,1172,0,1,0,1173,A
1-PB2,908,2,0,0,1180,1182,C
1-PB2,909,0,1147,0,0,1147,T
1-PB2,910,1,3,1149,0,1153,G
1-PB2,911,1149,0,1,0,1150,A
1-PB2,912,1152,0,1,0,1153,A
1-PB2,913,0,2,1161,1,1164,G
1-PB2,914,1156,0,0,0,1156,A
1-PB2,915,1156,1,1,0,1158,A
1-PB2,916,0,0,0,1156,1156,C
1-PB2,917,1150,0,1,0,1151,A
1-PB2,918,1160,0,2,1,1163,A
1-PB2,919,0,1,1170,0,1171,G
1-PB2,920,0,0,0,1182,1182,C
1-PB2,921,0,1172,0,1,1173,T
1-PB2,922,1,0,1195,0,1196,G
1-PB2,923,0,1191,0,0,1191,T
1-PB2,924,0,2,1211,0,1213,G
1-PB2,925,0,3,1264,0,1267,G
1-PB2,926,1268,0,2,0,1270,A
1-PB2,927,0,1267,0,0,1267,T
1-PB2,928,1257,0,1,0,1258,A
1-PB2,929,0,1252,0,0,1252,T
1-PB2,930,1281,0,0,0,1281,A
1-PB2,931,0,1263,0,1,1264,T
1-PB2,932,0,1,1259,0,1260,G
1-PB2,933,0,0,0,1241,1241,C
1-PB2,934,1191,1,2,0,1194,A
1-PB2,935,1189,0,1,0,1190,A
1-PB2,936,0,0,1181,0,1181,G
1-PB2,937,1,0,1181,0,1182,G
1-PB2,938,0,0,0,1183,1183,C
1-PB2,939,0,1163,0,2,1165,T
1-PB2,940,0,0,1177,0,1177,G
1-PB2,941,2,1,0,1176,1179,C
1-PB2,942,1183,0,0,0,1183,A
1-PB2,943,1186,0,2,0,1188,A
1-PB2,944,0,1180,0,0,1180,T
1-PB2,945,0,3,1182,0,1185,G
1-PB2,946,0,3,1173,0,1176,G
1-PB2,947,0,2,1178,0,1180,G
1-PB2,948,1175,0,1,0,1176,A
1-PB2,949,1,1167,0,0,1168,T
1-PB2,950,0,1155,0,1,1156,T
1-PB2,951,0,5,1153,0,1158,G
1-PB2,952,1145,0,4,0,1149,A
1-PB2,953,0,3,1166,0,1169,G
1-PB2,954,1159,0,0,0,1159,A
1-PB2,955,1155,0,0,1,1156,A
1-PB2,956,0,1141,0,0,1141,T
1-PB2,957,2,0,0,1154,1156,C
1-PB2,958,1142,0,1,0,1143,A
1-PB2,959,0,1,1149,0,1150,G
1-PB2,960,0,0,0,1149,1149,C
1-PB2,961,0,1140,0,2,1142,T
1-PB2,962,4,1,0,1121,1126,C
1-PB2,963,1124,0,0,0,1124,A
1-PB2,964,0,1153,0,1,1154,T
1-PB2,965,2,0,0,1164,1166,C
1-PB2,966,1,0,0,1177,1178,C
1-PB2,967,0,1174,0,0,1174,T
1-PB2,968,1,1160,0,3,1164,T
1-PB2,969,1,0,1,1164,1166,C
1-PB2,970,1164,0,0,0,1164,A
1-PB2,971,0,2,1187,0,1189,G
1-PB2,972,1,0,0,1181,1182,C
1-PB2,973,0,1160,0,2,1162,T
1-PB2,974,0,1160,0,0,1160,T
1-PB2,975,0,1153,0,3,1156,T
1-PB2,976,0,1,1160,0,1161,G
1-PB2,977,0,0,1160,0,1160,G
1-PB2,978,0,1158,0,1,1159,T
1-PB2,979,1,1,1159,0,1161,G
1-PB2,980,0,3,1147,0,1150,G
1-PB2,981,0,1,1168,2,1171,G
1-PB2,982,0,1166,0,1,1167,T
1-PB2,983,0,1161,0,1,1162,T
1-PB2,984,0,1165,0,0,1165,T
1-PB2,985,1168,0,0,0,1168,A
1-PB2,986,1,2,0,1172,1175,C
1-PB2,987,1172,0,0,0,1172,A
1-PB2,988,0,1165,1,0,1166,T
1-PB2,989,0,1149,1,0,1150,T
1-PB2,990,0,1149,0,0,1149,T
1-PB2,991,1149,0,0,0,1149,A
1-PB2,992,1150,0,1,0,1151,A
1-PB2,993,1150,1,0,1,1152,A
1-PB2,994,1142,0,2,0,1144,A
1-PB2,995,0,1,1158,0,1159,G
1-PB2,996,1150,0,0,0,1150,A
1-PB2,997,1148,0,0,0,1148,A
1-PB2,998,0,0,0,1153,1153,C
1-PB2,999,1147,0,0,0,1147,A
1-PB2,1000,1150,2,3,0,1155,A
1-PB2,1001,0,0,1154,0,1154,G
1-PB2,1002,0,0,0,1158,1158,C
1-PB2,1003,0,3,1151,0,1154,G
1-PB2,1004,0,4,1152,0,1156,G
1-PB2,1005,0,0,1163,0,1163,G
1-PB2,1006,0,1155,0,0,1155,T
1-PB2,1007,8,2,0,1148,1158,C
1-PB2,1008,1158,0,2,0,1160,A
1-PB2,1009,0,1152,0,0,1152,T
1-PB2,1010,3,2,0,1148,1153,C
1-PB2,1011,1147,1,2,0,1150,A
1-PB2,1012,0,0,1168,0,1168,G
1-PB2,1013,0,1151,0,0,1151,T
1-PB2,1014,3,0,0,1150,1153,C
1-PB2,1015,1151,1,1,0,1153,A
1-PB2,1016,1153,0,1,0,1154,A
1-PB2,1017,1158,0,0,1,1159,A
1-PB2,1018,1153,0,0,0,1153,A
1-PB2,1019,1168,0,0,0,1168,A
1-PB2,1020,1166,0,2,0,1168,A
1-PB2,1021,0,2,1171,0,1173,G
1-PB2,1022,1171,0,0,0,1171,A
1-PB2,1023,1166,0,3,0,1169,A
1-PB2,1024,1,0,1167,0,1168,G
1-PB2,1025,1165,0,1,0,1166,A
1-PB2,1026,1132,0,1,0,1133,A
1-PB2,1027,0,2,1130,0,1132,G
1-PB2,1028,1131,0,1,0,1132,A
1-PB2,1029,1,2,1128,0,1131,G
1-PB2,1030,0,0,1154,0,1154,G
1-PB2,1031,0,1153,0,1,1154,T
1-PB2,1032,0,1,1179,0,1180,G
1-PB2,1033,0,1,0,1185,1186,C
1-PB2,1034,0,1178,1,2,1181,T
1-PB2,1035,0,1180,0,1,1181,T
1-PB2,1036,1177,1,1,0,1179,A
1-PB2,1037,1,0,0,1182,1183,C
1-PB2,1038,1160,0,4,0,1164,A
1-PB2,1039,0,1,1164,0,1165,G
1-PB2,1040,2,0,1170,0,1172,G
1-PB2,1041,0,0,0,1146,1146,C
1-PB2,1042,1133,1,0,0,1134,A
1-PB2,1043,1144,0,2,0,1146,A
1-PB2,1044,0,1175,0,0,1175,T
1-PB2,1045,4,0,0,1181,1185,C
1-PB2,1046,0,1179,0,2,1181,T
1-PB2,1047,9,1,0,1175,1185,C
1-PB2,1048,2,0,1,1176,1179,C
1-PB2,1049,1176,0,1,0,1177,A
1-PB2,1050,1171,1,2,0,1174,A
1-PB2,1051,1176,0,1,0,1177,A
1-PB2,1052,0,1,0,1179,1180,C
1-PB2,1053,1154,0,0,0,1154,A
1-PB2,1054,0,1143,0,0,1143,T
1-PB2,1055,0,1135,0,1,1136,T
1-PB2,1056,0,1,1157,0,1158,G
1-PB2,1057,1155,0,1,0,1156,A
1-PB2,1058,1170,0,0,0,1170,A
1-PB2,1059,1171,0,0,0,1171,A
1-PB2,1060,1172,0,2,0,1174,A
1-PB2,1061,0,1163,0,0,1163,T
1-PB2,1062,1164,1,0,0,1165,A
1-PB2,1063,1160,0,2,0,1162,A
1-PB2,1064,2,2,1183,0,1187,G
1-PB2,1065,1170,0,0,0,1170,A
1-PB2,1066,1,1,1210,0,1212,G
1-PB2,1067,0,1180,0,0,1180,T
1-PB2,1068,1189,0,0,0,1189,A
1-PB2,1069,2,0,0,1218,1220,C
1-PB2,1070,1209,0,0,1,1210,A
1-PB2,1071,0,1207,0,0,1207,T
1-PB2,1072,0,1,1209,0,1210,G
1-PB2,1073,1182,0,2,1,1185,A
1-PB2,1074,0,4,1187,0,1191,G
1-PB2,1075,0,7,1187,0,1194,G
1-PB2,1076,0,5,1243,0,1248,G
1-PB2,1077,0,3,1247,0,1250,G
1-PB2,1078,0,1225,0,0,1225,T
1-PB2,1079,1229,1,0,0,1230,A
1-PB2,1080,0,1214,0,3,1217,T
1-PB2,1081,1,2,1220,0,1223,G
1-PB2,1082,1223,0,2,0,1225,A
1-PB2,1083,0,3,1216,0,1219,G
1-PB2,1084,0,5,1195,0,1200,G
1-PB2,1085,1118,0,2,0,1120,A
1-PB2,1086,0,1,1160,1,1162,G
1-PB2,1087,0,1160,1,1,1162,T
1-PB2,1088,1,1189,0,0,1190,T
1-PB2,1089,6,0,0,1197,1203,C
1-PB2,1090,1197,0,0,0,1197,A
1-PB2,1091,0,0,0,1201,1201,C
1-PB2,1092,1200,0,0,0,1200,A
1-PB2,1093,1204,0,2,0,1206,A
1-PB2,1094,0,1203,0,0,1203,T
1-PB2,1095,0,2,1161,0,1163,G
1-PB2,1096,0,0,1175,0,1175,G
1-PB2,1097,1,1132,0,1,1134,T
1-PB2,1098,2,4,1132,0,1138,G
1-PB2,1099,0,1,1144,0,1145,G
1-PB2,1100,0,2,1138,0,1140,G
1-PB2,1101,0,1,1151,0,1152,G
1-PB2,1102,1148,0,0,0,1148,A
1-PB2,1103,1145,1,0,0,1146,A
1-PB2,1104,1145,0,1,0,1146,A
1-PB2,1105,1119,0,5,0,1124,A
1-PB2,1106,1,4,1133,0,1138,G
1-PB2,1107,1131,0,2,0,1133,A
1-PB2,1108,0,0,1139,0,1139,G
1-PB2,1109,1,1,0,1131,1133,C
1-PB2,1110,1124,0,1,0,1125,A
1-PB2,1111,1125,0,0,0,1125,A
1-PB2,1112,3,0,0,1156,1159,C
1-PB2,1113,1159,0,0,0,1159,A
1-PB2,1114,1,1,1185,0,1187,G
1-PB2,1115,0,0,0,1172,1172,C
1-PB2,1116,0,1169,0,0,1169,T
1-PB2,1117,1224,0,1,0,1225,A
1-PB2,1118,0,1222,0,0,1222,T
1-PB2,1119,1230,0,1,0,1231,A
1-PB2,1120,1,0,0,1231,1232,C
1-PB2,1121,0,1169,0,0,1169,T
1-PB2,1122,1174,0,0,0,1174,A
1-PB2,1123,1153,0,1,0,1154,A
1-PB2,1124,3,5,1146,0,1154,G
1-PB2,1125,1147,0,2,0,1149,A
1-PB2,1126,1110,0,0,0,1110,A
1-PB2,1127,1105,0,1,0,1106,A
1-PB2,1128,1103,0,2,0,1105,A
1-PB2,1129,0,0,1106,0,1106,G
1-PB2,1130,1,0,0,1107,1108,C
1-PB2,1131,1100,0,0,0,1100,A
1-PB2,1132,1107,1,1,0,1109,A
1-PB2,1133,1,0,0,1108,1109,C
1-PB2,1134,2,0,0,1107,1109,C
1-PB2,1135,1109,0,1,0,1110,A
1-PB2,1136,0,2,1120,0,1122,G
1-PB2,1137,1119,0,1,0,1120,A
1-PB2,1138,1111,0,1,0,1112,A
1-PB2,1139,0,5,1121,0,1126,G
1-PB2,1140,1121,0,2,0,1123,A
1-PB2,1141,0,1118,0,1,1119,T
1-PB2,1142,0,1122,0,0,1122,T
1-PB2,1143,0,6,1113,1,1120,G
1-PB2,1144,0,0,1144,0,1144,G
1-PB2,1145,0,1136,0,1,1137,T
1-PB2,1146,0,1137,0,0,1137,T
1-PB2,1147,1,0,0,1136,1137,C
1-PB2,1148,1162,0,1,0,1163,A
1-PB2,1149,0,0,1211,0,1211,G
1-PB2,1150,1,0,1,1213,1215,C
1-PB2,1151,0,1208,1,1,1210,T
1-PB2,1152,4,0,0,1220,1224,C
1-PB2,1153,1205,0,0,0,1205,A
1-PB2,1154,0,1210,0,1,1211,T
1-PB2,1155,1215,1,2,0,1218,A
1-PB2,1156,0,1,1217,1,1219,G
1-PB2,1157,0,1165,0,2,1167,T
1-PB2,1158,0,6,1166,0,1172,G
1-PB2,1159,1136,0,0,0,1136,A
1-PB2,1160,0,1,1150,0,1151,G
1-PB2,1161,0,1137,0,3,1140,T
1-PB2,1162,1,5,1134,0,1140,G
1-PB2,1163,1,3,1146,0,1150,G
1-PB2,1164,1150,1,0,0,1151,A
1-PB2,1165,1138,0,1,0,1139,A
1-PB2,1166,0,6,1137,0,1143,G
1-PB2,1167,1114,0,1,0,1115,A
1-PB2,1168,1,4,1118,0,1123,G
1-PB2,1169,1110,0,2,0,1112,A
1-PB2,1170,3,0,0,1112,1115,C
1-PB2,1171,0,6,1107,0,1113,G
1-PB2,1172,1107,0,0,0,1107,A
1-PB2,1173,1111,0,1,0,1112,A
1-PB2,1174,0,0,0,1108,1108,C
1-PB2,1175,1098,0,0,0,1098,A
1-PB2,1176,0,1,1184,0,1185,G
1-PB2,1177,0,1172,0,2,1174,T
1-PB2,1178,3,0,0,1170,1173,C
1-PB2,1179,1177,0,0,0,1177,A
1-PB2,1180,1171,0,0,0,1171,A
1-PB2,1181,1,1162,0,1,1164,T
1-PB2,1182,1167,0,0,1,1168,A
1-PB2,1183,0,1,1165,0,1166,G
1-PB2,1184,0,0,0,1159,1159,C
1-PB2,1185,2,1,0,1115,1118,C
1-PB2,1186,0,5,1106,0,1111,G
1-PB2,1187,1107,0,0,1,1108,A
1-PB2,1188,1109,0,2,1,1112,A
1-PB2,1189,0,0,1127,1,1128,G
1-PB2,1190,2,0,0,1154,1156,C
1-PB2,1191,1155,0,1,0,1156,A
1-PB2,1192,1150,0,0,2,1152,A
1-PB2,1193,0,1156,0,0,1156,T
1-PB2,1194,1159,0,0,1,1160,A
1-PB2,1195,1169,0,0,1,1170,A
1-PB2,1196,0,1168,0,1,1169,T
1-PB2,1197,4,0,1,1164,1169,C
1-PB2,1198,2,0,1159,0,1161,G
1-PB2,1199,0,1123,1,2,1126,T
1-PB2,1200,0,5,1118,0,1123,G
1-PB2,1201,0,0,1133,0,1133,G
1-PB2,1202,0,0,0,1135,1135,C
1-PB2,1203,3,0,0,1129,1132,C
1-PB2,1204,1112,0,1,0,1113,A
1-PB2,1205,0,1114,0,0,1114,T
1-PB2,1206,0,1,1118,0,1119,G
1-PB2,1207,0,1,1125,0,1126,G
1-PB2,1208,0,1119,0,0,1119,T
1-PB2,1209,2,0,1126,0,1128,G
1-PB2,1210,0,1107,1,2,1110,T
1-PB2,1211,0,1126,0,2,1128,T
1-PB2,1212,0,1126,0,0,1126,T
1-PB2,1213,0,1123,0,3,1126,T
1-PB2,1214,4,0,0,1141,1145,C
1-PB2,1215,1144,1,2,0,1147,A
1-PB2,1216,0,1,0,1180,1181,C
1-PB2,1217,1153,0,0,0,1153,A
1-PB2,1218,1157,0,1,0,1158,A
1-PB2,1219,0,2,1163,0,1165,G
1-PB2,1220,1149,0,1,0,1150,A
1-PB2,1221,32,1,1131,0,1164,G
1-PB2,1222,0,2,1169,0,1171,G
1-PB2,1223,1162,0,0,0,1162,A
1-PB2,1224,0,1164,0,0,1164,T
1-PB2,1225,0,1149,0,0,1149,T
1-PB2,1226,1,0,1147,0,1148,G
1-PB2,1227,2,0,0,1111,1113,C
1-PB2,1228,1127,0,1,0,1128,A
1-PB2,1229,0,1132,0,0,1132,T
1-PB2,1230,1,5,1184,0,1190,G
1-PB2,1231,1192,0,0,0,1192,A
1-PB2,1232,0,1197,0,4,1201,T
1-PB2,1233,1194,0,2,0,1196,A
1-PB2,1234,1194,0,0,0,1194,A
1-PB2,1235,1194,0,0,0,1194,A
1-PB2,1236,1194,0,2,0,1196,A
1-PB2,1237,0,0,1196,0,1196,G
1-PB2,1238,0,0,0,1225,1225,C
1-PB2,1239,1258,0,0,0,1258,A
1-PB2,1240,0,1,1291,0,1292,G
1-PB2,1241,0,1286,0,0,1286,T
1-PB2,1242,0,1287,0,0,1287,T
1-PB2,1243,1291,0,1,0,1292,A
1-PB2,1244,1,4,1297,0,1302,G
1-PB2,1245,1291,1,2,0,1294,A
1-PB2,1246,0,2,1297,0,1299,G
1-PB2,1247,1,0,1289,0,1290,G
1-PB2,1248,0,1234,0,0,1234,T
1-PB2,1249,1,13,1230,0,1244,G
1-PB2,1250,1253,0,0,0,1253,A
1-PB2,1251,0,0,0,1272,1272,C
1-PB2,1252,1,0,0,1272,1273,C
1-PB2,1253,0,1220,0,5,1225,T
1-PB2,1254,0,8,1228,0,1236,G
1-PB2,1255,1240,1,0,0,1241,A
1-PB2,1256,1240,0,0,0,1240,A
1-PB2,1257,0,1239,0,0,1239,T
1-PB2,1258,0,1242,0,0,1242,T
1-PB2,1259,0,1242,0,1,1243,T
1-PB2,1260,4,1,0,1240,1245,C
1-PB2,1261,1,0,1242,0,1243,G
1-PB2,1262,0,1240,0,0,1240,T
1-PB2,1263,2,1,0,1234,1237,C
1-PB2,1264,1239,0,2,0,1241,A
1-PB2,1265,1239,0,1,0,1240,A
1-PB2,1266,0,0,0,1242,1242,C
1-PB2,1267,1217,1,0,0,1218,A
1-PB2,1268,1,5,1225,0,1231,G
1-PB2,1269,1227,0,1,0,1228,A
1-PB2,1270,0,1,1236,1,1238,G
1-PB2,1271,0,0,0,1238,1238,C
1-PB2,1272,1232,0,2,0,1234,A
1-PB2,1273,1239,0,1,0,1240,A
1-PB2,1274,1240,0,1,0,1241,A
1-PB2,1275,0,1237,0,0,1237,T
1-PB2,1276,1,0,0,1236,1237,C
1-PB2,1277,1212,0,2,2,1216,A
1-PB2,1278,0,2,1218,0,1220,G
1-PB2,1279,0,1,0,1217,1218,C
1-PB2,1280,1,3,1223,0,1227,G
1-PB2,1281,1,1,1298,0,1300,G
1-PB2,1282,0,1281,1,0,1282,T
1-PB2,1283,0,1285,0,0,1285,T
1-PB2,1284,1,5,1284,0,1290,G
1-PB2,1285,1293,0,0,1,1294,A
1-PB2,1286,1305,0,1,0,1306,A
1-PB2,1287,1,0,0,1317,1318,C
1-PB2,1288,3,0,0,1301,1304,C
1-PB2,1289,5,0,0,1304,1309,C
1-PB2,1290,2,1,1,1242,1246,C
1-PB2,1291,1258,0,0,0,1258,A
1-PB2,1292,0,1263,0,2,1265,T
1-PB2,1293,0,1,1264,0,1265,G
1-PB2,1294,2,0,0,1266,1268,C
1-PB2,1295,1268,0,0,0,1268,A
1-PB2,1296,0,1259,0,2,1261,T
1-PB2,1297,2,0,0,1255,1257,C
1-PB2,1298,1236,0,0,0,1236,A
1-PB2,1299,1,1,1279,0,1281,G
1-PB2,1300,0,0,0,1288,1288,C
1-PB2,1301,0,1266,1,4,1271,T
1-PB2,1302,0,1269,0,0,1269,T
1-PB2,1303,2,1258,0,0,1260,T
1-PB2,1304,0,1263,0,0,1263,T
1-PB2,1305,1260,0,0,0,1260,A
1-PB2,1306,1259,1,3,0,1263,A
1-PB2,1307,0,5,1261,0,1266,G
1-PB2,1308,0,1,1243,0,1244,G
1-PB2,1309,0,0,0,1224,1224,C
1-PB2,1310,1217,0,0,1,1218,A
1-PB2,1311,0,1218,0,1,1219,T
1-PB2,1312,0,1221,0,0,1221,T
1-PB2,1313,0,1224,1,0,1225,T
1-PB2,1314,0,1225,0,1,1226,T
1-PB2,1315,5,1,1,1220,1227,C
1-PB2,1316,1222,2,0,0,1224,A
1-PB2,1317,0,4,1218,0,1222,G
1-PB2,1318,1219,0,2,0,1221,A
1-PB2,1319,1220,0,0,0,1220,A
1-PB2,1320,1219,0,3,0,1222,A
1-PB2,1321,0,2,1225,0,1227,G
1-PB2,1322,1241,0,0,0,1241,A
1-PB2,1323,1,1238,0,0,1239,T
1-PB2,1324,0,2,1237,0,1239,G
1-PB2,1325,2,1,0,1235,1238,C
1-PB2,1326,0,4,1235,0,1239,G
1-PB2,1327,1244,0,1,0,1245,A
1-PB2,1328,1239,0,2,0,1241,A
1-PB2,1329,1240,0,1,0,1241,A
1-PB2,1330,0,0,1247,0,1247,G
1-PB2,1331,0,1236,1,2,1239,T
1-PB2,1332,0,0,1235,0,1235,G
1-PB2,1333,0,0,2,1229,1231,C
1-PB2,1334,0,1224,0,2,1226,T
1-PB2,1335,1,1230,0,0,1231,T
1-PB2,1336,0,1228,0,1,1229,T
1-PB2,1337,1,1229,0,0,1230,T
1-PB2,1338,0,1229,0,0,1229,T
1-PB2,1339,2,0,0,1226,1228,C
1-PB2,1340,1228,0,4,0,1232,A
1-PB2,1341,1244,0,1,0,1245,A
1-PB2,1342,1238,0,0,0,1238,A
1-PB2,1343,1246,0,0,0,1246,A
1-PB2,1344,0,1252,0,0,1252,T
1-PB2,1345,0,1246,0,0,1246,T
1-PB2,1346,0,1,1246,1,1248,G
1-PB2,1347,0,4,1239,0,1243,G
1-PB2,1348,1,1,1238,1,1241,G
1-PB2,1349,0,2,1261,0,1263,G
1-PB2,1350,1253,0,2,1,1256,A
1-PB2,1351,0,2,1271,0,1273,G
1-PB2,1352,0,1263,0,5,1268,T
1-PB2,1353,0,1265,0,0,1265,T
1-PB2,1354,0,6,1263,0,1269,G
1-PB2,1355,1271,0,2,0,1273,A
1-PB2,1356,1274,0,0,0,1274,A
1-PB2,1357,0,0,0,1269,1269,C
1-PB2,1358,1257,0,0,4,1261,A
1-PB2,1359,1251,0,2,0,1253,A
1-PB2,1360,1295,0,0,0,1295,A
1-PB2,1361,2,1290,0,1,1293,T
1-PB2,1362,3,1,0,1293,1297,C
1-PB2,1363,1,4,1285,0,1290,G
1-PB2,1364,1296,1,0,0,1297,A
1-PB2,1365,0,0,0,1297,1297,C
1-PB2,1366,1275,1,1,0,1277,A
1-PB2,1367,0,0,1326,0,1326,G
1-PB2,1368,0,1293,0,2,1295,T
1-PB2,1369,0,0,1326,0,1326,G
1-PB2,1370,1,1323,0,1,1325,T
1-PB2,1371,0,4,1316,1,1321,G
1-PB2,1372,1326,2,0,0,1328,A
1-PB2,1373,0,1318,0,0,1318,T
1-PB2,1374,3,1,1324,0,1328,G
1-PB2,1375,0,2,1337,1,1340,G
1-PB2,1376,6,4,1299,0,1309,G
1-PB2,1377,1302,0,1,0,1303,A
1-PB2,1378,1298,0,3,0,1301,A
1-PB2,1379,0,1308,0,0,1308,T
1-PB2,1380,0,3,1332,0,1335,G
1-PB2,1381,1338,0,1,0,1339,A
1-PB2,1382,0,1336,0,1,1337,T
1-PB2,1383,0,1332,0,3,1335,T
1-PB2,1384,1,4,1320,0,1325,G
1-PB2,1385,3,10,1363,0,1376,G
1-PB2,1386,1369,0,1,0,1370,A
1-PB2,1387,1,0,1397,0,1398,G
1-PB2,1388,0,1375,0,0,1375,T
1-PB2,1389,1372,0,0,0,1372,A
1-PB2,1390,0,1371,0,0,1371,T
1-PB2,1391,0,1386,0,1,1387,T
1-PB2,1392,1420,0,0,0,1420,A
1-PB2,1393,1,0,0,1414,1415,C
1-PB2,1394,2,0,0,1382,1384,C
1-PB2,1395,1371,0,1,0,1372,A
1-PB2,1396,1,2,1379,0,1382,G
1-PB2,1397,1404,0,0,0,1404,A
1-PB2,1398,0,1395,0,2,1397,T
1-PB2,1399,1390,0,0,0,1390,A
1-PB2,1400,0,1374,0,1,1375,T
1-PB2,1401,2,10,1350,0,1362,G
1-PB2,1402,1377,0,0,0,1377,A
1-PB2,1403,1,0,1,1390,1392,C
1-PB2,1404,0,1375,0,3,1378,T
1-PB2,1405,4,0,0,1368,1372,C
1-PB2,1406,2,1,0,1361,1364,C
1-PB2,1407,1369,0,0,0,1369,A
1-PB2,1408,1377,1,1,0,1379,A
1-PB2,1409,0,2,1399,0,1401,G
1-PB2,1410,1,1,0,1393,1395,C
1-PB2,1411,1395,0,1,0,1396,A
1-PB2,1412,0,1,0,1396,1397,C
1-PB2,1413,1384,0,2,0,1386,A
1-PB2,1414,0,0,1391,0,1391,G
1-PB2,1415,1380,0,0,0,1380,A
1-PB2,1416,1,1,1389,0,1391,G
1-PB2,1417,1404,0,1,0,1405,A
1-PB2,1418,0,1369,1,1,1371,T
1-PB2,1419,1,0,1396,0,1397,G
1-PB2,1420,0,1392,0,1,1393,T
1-PB2,1421,4,0,0,1386,1390,C
1-PB2,1422,1390,1,1,0,1392,A
1-PB2,1423,1390,0,0,0,1390,A
1-PB2,1424,1,1386,0,0,1387,T
1-PB2,1425,0,5,1383,0,1388,G
1-PB2,1426,1355,0,0,0,1355,A
1-PB2,1427,1,3,1366,0,1370,G
1-PB2,1428,1342,0,2,0,1344,A
1-PB2,1429,0,3,1353,0,1356,G
1-PB2,1430,2,6,1423,0,1431,G
1-PB2,1431,1432,0,1,0,1433,A
1-PB2,1432,1442,0,1,0,1443,A
1-PB2,1433,0,1440,0,0,1440,T
1-PB2,1434,1438,0,0,0,1438,A
1-PB2,1435,1430,0,3,0,1433,A
1-PB2,1436,0,4,1429,0,1433,G
1-PB2,1437,1423,0,2,0,1425,A
1-PB2,1438,0,0,1425,0,1425,G
1-PB2,1439,0,1336,0,0,1336,T
1-PB2,1440,6,0,0,1341,1347,C
1-PB2,1441,1347,1,3,1,1352,A
1-PB2,1442,1,0,1366,0,1367,G
1-PB2,1443,0,0,0,1387,1387,C
1-PB2,1444,1382,0,1,0,1383,A
1-PB2,1445,1389,0,0,0,1389,A
1-PB2,1446,1381,0,1,0,1382,A
1-PB2,1447,1385,0,0,0,1385,A
1-PB2,1448,0,1384,0,0,1384,T
1-PB2,1449,2,6,1381,0,1389,G
1-PB2,1450,0,4,1382,0,1386,G
1-PB2,1451,0,2,1395,0,1397,G
1-PB2,1452,0,1379,0,1,1380,T
1-PB2,1453,0,1,1382,0,1383,G
1-PB2,1454,0,1369,0,0,1369,T
1-PB2,1455,0,4,1374,1,1379,G
1-PB2,1456,0,1,1400,0,1401,G
1-PB2,1457,1402,0,0,0,1402,A
1-PB2,1458,0,1392,0,3,1395,T
1-PB2,1459,2,7,1405,0,1414,G
1-PB2,1460,1407,0,0,0,1407,A
1-PB2,1461,1414,0,1,0,1415,A
1-PB2,1462,0,1409,0,1,1410,T
1-PB2,1463,1393,0,1,0,1394,A
1-PB2,1464,0,1,0,1501,1502,C
1-PB2,1465,0,1470,0,1,1471,T
1-PB2,1466,6,0,0,1487,1493,C
1-PB2,1467,3,2,0,1488,1493,C
1-PB2,1468,1495,0,0,0,1495,A
1-PB2,1469,0,1,1565,0,1566,G
1-PB2,1470,0,1553,0,1,1554,T
1-PB2,1471,1559,0,0,0,1559,A
1-PB2,1472,0,1,0,1568,1569,C
1-PB2,1473,1419,1,0,0,1420,A
1-PB2,1474,1,1,1420,0,1422,G
1-PB2,1475,1388,0,1,0,1389,A
1-PB2,1476,0,2,1395,0,1397,G
1-PB2,1477,1343,0,3,0,1346,A
1-PB2,1478,0,2,1314,0,1316,G
1-PB2,1479,2,1,1306,0,1309,G
1-PB2,1480,0,1,1316,0,1317,G
1-PB2,1481,0,1292,0,2,1294,T
1-PB2,1482,1,1,1295,0,1297,G
1-PB2,1483,0,2,1304,0,1306,G
1-PB2,1484,0,1292,0,0,1292,T
1-PB2,1485,0,1,1327,0,1328,G
1-PB2,1486,0,2,1333,0,1335,G
1-PB2,1487,0,1299,0,0,1299,T
1-PB2,1488,0,1294,0,0,1294,T
1-PB2,1489,1283,1,2,0,1286,A
1-PB2,1490,1,1,1297,0,1299,G
1-PB2,1491,0,1,0,1289,1290,C
1-PB2,1492,1276,0,1,0,1277,A
1-PB2,1493,0,1271,0,1,1272,T
1-PB2,1494,0,1222,0,1,1223,T
1-PB2,1495,0,3,1219,0,1222,G
1-PB2,1496,1218,0,0,0,1218,A
1-PB2,1497,0,1218,0,2,1220,T
1-PB2,1498,7,1,0,1216,1224,C
1-PB2,1499,0,4,1212,1,1217,G
1-PB2,1500,3,2,1245,0,1250,G
1-PB2,1501,0,1241,0,1,1242,T
1-PB2,1502,0,1236,1,0,1237,T
1-PB2,1503,0,1239,0,0,1239,T
1-PB2,1504,0,1242,0,0,1242,T
1-PB2,1505,0,1244,0,0,1244,T
1-PB2,1506,0,2,1241,0,1243,G
1-PB2,1507,1242,0,0,0,1242,A
1-PB2,1508,0,2,1240,0,1242,G
1-PB2,1509,1190,0,2,0,1192,A
1-PB2,1510,1,0,1200,0,1201,G
1-PB2,1511,0,1200,0,0,1200,T
1-PB2,1512,0,1191,0,0,1191,T
1-PB2,1513,6,0,1,1189,1196,C
1-PB2,1514,1,1,1194,0,1196,G
1-PB2,1515,1194,1,2,0,1197,A
1-PB2,1516,0,6,1189,0,1195,G
1-PB2,1517,1195,0,4,0,1199,A
1-PB2,1518,2,0,0,1198,1200,C
1-PB2,1519,3,0,0,1183,1186,C
1-PB2,1520,1165,0,1,0,1166,A
1-PB2,1521,1181,0,2,0,1183,A
1-PB2,1522,2,0,0,1187,1189,C
1-PB2,1523,1,0,1193,0,1194,G
1-PB2,1524,0,1187,0,1,1188,T
1-PB2,1525,0,3,1180,0,1183,G
1-PB2,1526,0,1,1186,0,1187,G
1-PB2,1527,0,3,1192,0,1195,G
1-PB2,1528,1178,0,1,0,1179,A
1-PB2,1529,1180,0,0,0,1180,A
1-PB2,1530,0,1141,0,1,1142,T
1-PB2,1531,1,1,1197,0,1199,G
1-PB2,1532,0,1191,0,1,1192,T
1-PB2,1533,1193,0,0,0,1193,A
1-PB2,1534,0,1190,0,0,1190,T
1-PB2,1535,0,1180,0,0,1180,T
1-PB2,1536,1202,0,1,0,1203,A
1-PB2,1537,0,1193,1,0,1194,T
1-PB2,1538,0,1179,0,0,1179,T
1-PB2,1539,1174,0,0,0,1174,A
1-PB2,1540,0,1024,1,0,1025,T
1-PB2,1541,3,0,0,1071,1074,C
1-PB2,1542,0,1059,0,0,1059,T
1-PB2,1543,2,0,0,1066,1068,C
1-PB2,1544,0,0,1,1071,1072,C
1-PB2,1545,0,1043,0,0,1043,T
1-PB2,1546,0,2,1044,0,1046,G
1-PB2,1547,1037,0,1,0,1038,A
1-PB2,1548,1,2,1034,0,1037,G
1-PB2,1549,0,0,1034,0,1034,G
1-PB2,1550,910,0,1,0,911,A
1-PB2,1551,0,0,927,0,927,G
1-PB2,1552,0,0,920,0,920,G
1-PB2,1553,0,883,0,2,885,T
1-PB2,1554,4,0,0,885,889,C
1-PB2,1555,880,0,1,0,881,A
1-PB2,1556,0,0,890,0,890,G
1-PB2,1557,0,884,0,1,885,T
1-PB2,1558,1,3,884,0,888,G
1-PB2,1559,885,0,1,0,886,A
1-PB2,1560,858,0,2,0,860,A
1-PB2,1561,869,0,1,0,870,A
1-PB2,1562,0,0,0,871,871,C
1-PB2,1563,855,0,0,0,855,A
1-PB2,1564,0,0,0,856,856,C
1-PB2,1565,818,0,0,0,818,A
1-PB2,1566,0,0,823,0,823,G
1-PB2,1567,0,0,817,0,817,G
1-PB2,1568,1,3,822,0,826,G
1-PB2,1569,826,0,0,0,826,A
1-PB2,1570,811,0,1,0,812,A
1-PB2,1571,0,0,0,817,817,C
1-PB2,1572,0,798,0,0,798,T
1-PB2,1573,0,2,799,0,801,G
1-PB2,1574,792,0,1,0,793,A
1-PB2,1575,0,1,795,0,796,G
1-PB2,1576,775,0,1,0,776,A
1-PB2,1577,0,1,741,0,742,G
1-PB2,1578,737,0,3,0,740,A
1-PB2,1579,0,0,0,736,736,C
1-PB2,1580,0,704,0,0,704,T
1-PB2,1581,0,2,716,0,718,G
1-PB2,1582,716,0,1,0,717,A
1-PB2,1583,0,1,0,714,715,C
1-PB2,1584,716,0,0,0,716,A
1-PB2,1585,714,0,0,0,714,A
1-PB2,1586,0,713,0,0,713,T
1-PB2,1587,729,0,0,0,729,A
1-PB2,1588,728,0,1,0,729,A
1-PB2,1589,1,1,0,733,735,C
1-PB2,1590,1,688,0,0,689,T
1-PB2,1591,0,683,0,0,683,T
1-PB2,1592,671,0,0,0,671,A
1-PB2,1593,0,670,0,1,671,T
1-PB2,1594,0,664,1,3,668,T
1-PB2,1595,1,0,0,667,668,C
1-PB2,1596,619,0,0,0,619,A
1-PB2,1597,0,618,0,0,618,T
1-PB2,1598,1,0,0,599,600,C
1-PB2,1599,1,0,602,0,603,G
1-PB2,1600,0,608,0,1,609,T
1-PB2,1601,0,0,0,602,602,C
1-PB2,1602,0,0,601,0,601,G
1-PB2,1603,606,0,0,0,606,A
1-PB2,1604,0,602,0,0,602,T
1-PB2,1605,0,0,605,0,605,G
1-PB2,1606,605,0,0,0,605,A
1-PB2,1607,0,608,0,0,608,T
1-PB2,1608,0,0,602,0,602,G
1-PB2,1609,0,577,0,1,578,T
1-PB2,1610,1,0,574,0,575,G
1-PB2,1611,1,1,571,0,573,G
1-PB2,1612,0,2,572,0,574,G
1-PB2,1613,566,0,1,0,567,A
1-PB2,1614,0,0,566,0,566,G
1-PB2,1615,540,0,0,0,540,A
1-PB2,1616,0,526,0,0,526,T
1-PB2,1617,0,513,0,1,514,T
1-PB2,1618,510,1,1,0,512,A
1-PB2,1619,509,0,0,0,509,A
1-PB2,1620,0,0,0,508,508,C
1-PB2,1621,0,0,482,0,482,G
1-PB2,1622,0,0,485,0,485,G
1-PB2,1623,0,436,0,1,437,T
1-PB2,1624,1,0,0,428,429,C
1-PB2,1625,1,0,0,428,429,C
1-PB2,1626,0,384,0,0,384,T
1-PB2,1627,0,0,390,0,390,G
1-PB2,1628,389,0,0,0,389,A
1-PB2,1629,0,0,393,0,393,G
1-PB2,1630,1,391,0,0,392,T
1-PB2,1631,2,0,0,380,382,C
1-PB2,1632,1,0,380,0,381,G
1-PB2,1633,0,0,386,0,386,G
1-PB2,1634,0,388,0,0,388,T
1-PB2,1635,0,384,0,1,385,T
1-PB2,1636,0,385,0,0,385,T
1-PB2,1637,0,381,0,1,382,T
1-PB2,1638,0,0,400,0,400,G
1-PB2,1639,0,1,397,0,398,G
1-PB2,1640,0,402,0,0,402,T
1-PB2,1641,1,0,0,402,403,C
1-PB2,1642,398,0,0,0,398,A
1-PB2,1643,412,0,0,0,412,A
1-PB2,1644,0,413,0,0,413,T
1-PB2,1645,415,0,0,0,415,A
1-PB2,1646,0,0,0,427,427,C
1-PB2,1647,0,0,0,413,413,C
1-PB2,1648,0,412,1,0,413,T
1-PB2,1649,420,0,1,0,421,A
1-PB2,1650,0,422,0,0,422,T
1-PB2,1651,1,0,0,420,421,C
1-PB2,1652,408,0,0,0,408,A
1-PB2,1653,410,0,0,0,410,A
1-PB2,1654,0,409,0,0,409,T
1-PB2,1655,0,1,393,0,394,G
1-PB2,1656,0,5,392,0,397,G
1-PB2,1657,393,0,0,0,393,A
1-PB2,1658,0,387,0,0,387,T
1-PB2,1659,2,0,0,386,388,C
1-PB2,1660,391,0,0,0,391,A
1-PB2,1661,0,392,0,0,392,T
1-PB2,1662,0,0,0,391,391,C
1-PB2,1663,392,0,0,0,392,A
1-PB2,1664,0,1,390,0,391,G
1-PB2,1665,390,0,0,0,390,A
1-PB2,1666,390,0,0,0,390,A
1-PB2,1667,394,1,0,0,395,A
1-PB2,1668,0,392,0,0,392,T
1-PB2,1669,1,387,0,0,388,T
1-PB2,1670,0,3,383,0,386,G
1-PB2,1671,0,0,385,0,385,G
1-PB2,1672,0,0,388,0,388,G
1-PB2,1673,382,0,0,0,382,A
1-PB2,1674,383,0,0,0,383,A
1-PB2,1675,0,0,382,0,382,G
1-PB2,1676,0,0,0,382,382,C
1-PB2,1677,0,382,0,0,382,T
1-PB2,1678,0,0,383,0,383,G
1-PB2,1679,0,381,0,0,381,T
1-PB2,1680,4,0,0,376,380,C
1-PB2,1681,381,0,0,0,381,A
1-PB2,1682,385,0,0,0,385,A
1-PB2,1683,382,0,1,0,383,A
1-PB2,1684,385,0,0,1,386,A
1-PB2,1685,0,385,0,0,385,T
1-PB2,1686,0,385,0,0,385,T
1-PB2,1687,2,0,0,380,382,C
1-PB2,1688,377,0,0,0,377,A
1-PB2,1689,375,0,0,0,375,A
1-PB2,1690,0,378,0,0,378,T
1-PB2,1691,0,2,378,0,380,G
1-PB2,1692,0,0,383,0,383,G
1-PB2,1693,0,386,0,0,386,T
1-PB2,1694,4,0,0,383,387,C
1-PB2,1695,0,387,0,1,388,T
1-PB2,1696,0,0,0,389,389,C
1-PB2,1697,388,0,0,0,388,A
1-PB2,1698,0,0,394,0,394,G
1-PB2,1699,393,0,0,0,393,A
1-PB2,1700,398,0,0,0,398,A
1-PB2,1701,0,389,0,0,389,T
1-PB2,1702,1,0,0,386,387,C
1-PB2,1703,1,0,0,381,382,C
1-PB2,1704,0,381,0,1,382,T
1-PB2,1705,375,0,0,0,375,A
1-PB2,1706,0,0,0,391,391,C
1-PB2,1707,392,0,0,0,392,A
1-PB2,1708,405,0,0,0,405,A
1-PB2,1709,0,399,0,0,399,T
1-PB2,1710,0,0,403,0,403,G
1-PB2,1711,0,401,0,0,401,T
1-PB2,1712,0,388,0,0,388,T
1-PB2,1713,0,0,393,0,393,G
1-PB2,1714,0,390,0,0,390,T
1-PB2,1715,391,0,0,0,391,A
1-PB2,1716,0,0,0,393,393,C
1-PB2,1717,378,0,0,0,378,A
1-PB2,1718,384,0,0,0,384,A
1-PB2,1719,0,0,0,383,383,C
1-PB2,1720,371,0,1,0,372,A
1-PB2,1721,374,0,0,0,374,A
1-PB2,1722,367,0,0,0,367,A
1-PB2,1723,367,0,0,0,367,A
1-PB2,1724,0,370,0,0,370,T
1-PB2,1725,0,0,368,0,368,G
1-PB2,1726,0,0,367,0,367,G
1-PB2,1727,362,0,0,0,362,A
1-PB2,1728,366,0,0,0,366,A
1-PB2,1729,0,367,0,0,367,T
1-PB2,1730,0,365,1,0,366,T
1-PB2,1731,0,365,0,0,365,T
1-PB2,1732,0,1,362,0,363,G
1-PB2,1733,366,0,0,0,366,A
1-PB2,1734,363,0,2,0,365,A
1-PB2,1735,0,0,0,365,365,C
1-PB2,1736,0,0,0,359,359,C
1-PB2,1737,361,0,0,0,361,A
1-PB2,1738,0,362,0,0,362,T
1-PB2,1739,0,363,0,0,363,T
1-PB2,1740,0,364,0,0,364,T
1-PB2,1741,2,0,0,361,363,C
1-PB2,1742,366,0,0,0,366,A
1-PB2,1743,366,0,0,0,366,A
1-PB2,1744,0,366,0,0,366,T
1-PB2,1745,2,1,0,370,373,C
1-PB2,1746,0,365,0,1,366,T
1-PB2,1747,0,366,0,0,366,T
1-PB2,1748,0,366,0,1,367,T
1-PB2,1749,368,0,0,0,368,A
1-PB2,1750,0,1,366,0,367,G
1-PB2,1751,0,365,0,0,365,T
1-PB2,1752,1,16,0,356,373,C
1-PB2,1753,2,1,0,369,372,C
1-PB2,1754,2,0,0,366,368,C
1-PB2,1755,1,0,0,363,364,C
1-PB2,1756,364,0,1,0,365,A
1-PB2,1757,363,0,0,0,363,A
1-PB2,1758,0,1,372,0,373,G
1-PB2,1759,0,1,372,0,373,G
1-PB2,1760,0,0,0,375,375,C
1-PB2,1761,1,0,0,370,371,C
1-PB2,1762,373,0,0,0,373,A
1-PB2,1763,0,378,0,0,378,T
1-PB2,1764,0,377,0,0,377,T
1-PB2,1765,375,0,0,0,375,A
1-PB2,1766,0,0,377,0,377,G
1-PB2,1767,364,0,0,0,364,A
1-PB2,1768,386,0,0,0,386,A
1-PB2,1769,0,0,387,0,387,G
1-PB2,1770,1,0,0,385,386,C
1-PB2,1771,1,0,0,389,390,C
1-PB2,1772,387,0,0,0,387,A
1-PB2,1773,392,0,0,0,392,A
1-PB2,1774,0,393,0,0,393,T
1-PB2,1775,399,0,0,0,399,A
1-PB2,1776,0,1,0,401,402,C
1-PB2,1777,367,0,0,0,367,A
1-PB2,1778,0,0,367,0,367,G
1-PB2,1779,0,363,0,0,363,T
1-PB2,1780,0,3,365,0,368,G
1-PB2,1781,0,0,366,0,366,G
1-PB2,1782,0,0,369,0,369,G
1-PB2,1783,0,363,0,1,364,T
1-PB2,1784,0,360,0,0,360,T
1-PB2,1785,0,364,0,0,364,T
1-PB2,1786,0,0,366,0,366,G
1-PB2,1787,0,367,0,0,367,T
1-PB2,1788,3,1,1,361,366,C
1-PB2,1789,361,0,0,0,361,A
1-PB2,1790,1,2,361,0,364,G
1-PB2,1791,361,0,0,0,361,A
1-PB2,1792,360,0,0,0,360,A
1-PB2,1793,0,0,0,362,362,C
1-PB2,1794,0,346,0,0,346,T
1-PB2,1795,1,0,0,355,356,C
1-PB2,1796,0,357,0,1,358,T
1-PB2,1797,359,0,0,0,359,A
1-PB2,1798,0,359,0,1,360,T
1-PB2,1799,0,358,0,0,358,T
1-PB2,1800,2,0,0,355,357,C
1-PB2,1801,0,0,0,356,356,C
1-PB2,1802,351,0,0,0,351,A
1-PB2,1803,351,0,0,0,351,A
1-PB2,1804,0,0,0,353,353,C
1-PB2,1805,346,0,0,0,346,A
1-PB2,1806,350,1,0,0,351,A
1-PB2,1807,352,0,0,0,352,A
1-PB2,1808,0,353,0,0,353,T
1-PB2,1809,0,0,351,0,351,G
1-PB2,1810,347,1,0,0,348,A
1-PB2,1811,1,0,349,0,350,G
1-PB2,1812,350,0,0,0,350,A
1-PB2,1813,0,0,350,0,350,G
1-PB2,1814,348,0,1,0,349,A
1-PB2,1815,0,0,0,345,345,C
1-PB2,1816,0,0,346,0,346,G
1-PB2,1817,0,349,0,0,349,T
1-PB2,1818,355,0,0,0,355,A
1-PB2,1819,0,0,0,356,356,C
1-PB2,1820,0,347,0,0,347,T
1-PB2,1821,0,347,0,0,347,T
1-PB2,1822,0,1,346,0,347,G
1-PB2,1823,0,0,352,0,352,G
1-PB2,1824,0,0,352,0,352,G
1-PB2,1825,346,1,0,0,347,A
1-PB2,1826,0,0,0,351,351,C
1-PB2,1827,353,0,0,0,353,A
1-PB2,1828,0,354,0,0,354,T
1-PB2,1829,0,354,0,0,354,T
1-PB2,1830,0,353,0,0,353,T
1-PB2,1831,0,2,347,0,349,G
1-PB2,1832,352,0,2,0,354,A
1-PB2,1833,0,0,0,356,356,C
1-PB2,1834,354,0,0,0,354,A
1-PB2,1835,0,0,0,354,354,C
1-PB2,1836,1,0,0,346,347,C
1-PB2,1837,355,0,0,0,355,A
1-PB2,1838,0,0,0,357,357,C
1-PB2,1839,1,0,0,354,355,C
1-PB2,1840,1,0,0,355,356,C
1-PB2,1841,359,0,0,0,359,A
1-PB2,1842,0,2,365,0,367,G
1-PB2,1843,368,0,0,0,368,A
1-PB2,1844,0,378,0,0,378,T
1-PB2,1845,374,0,0,0,374,A
1-PB2,1846,373,0,0,0,373,A
1-PB2,1847,0,370,0,0,370,T
1-PB2,1848,365,0,0,0,365,A
1-PB2,1849,366,0,0,0,366,A
1-PB2,1850,364,0,0,0,364,A
1-PB2,1851,0,0,369,0,369,G
1-PB2,1852,0,0,0,363,363,C
1-PB2,1853,0,347,0,0,347,T
1-PB2,1854,0,347,0,1,348,T
1-PB2,1855,1,0,0,346,347,C
1-PB2,1856,0,343,0,1,344,T
1-PB2,1857,1,0,0,357,358,C
1-PB2,1858,0,0,0,356,356,C
1-PB2,1859,1,0,0,361,362,C
1-PB2,1860,0,359,0,0,359,T
1-PB2,1861,0,355,0,0,355,T
1-PB2,1862,0,358,0,0,358,T
1-PB2,1863,0,359,0,0,359,T
1-PB2,1864,0,1,357,0,358,G
1-PB2,1865,0,0,0,360,360,C
1-PB2,1866,358,0,0,0,358,A
1-PB2,1867,0,1,357,0,358,G
1-PB2,1868,0,1,0,355,356,C
1-PB2,1869,0,353,0,0,353,T
1-PB2,1870,2,0,355,0,357,G
1-PB2,1871,1,1,0,355,357,C
1-PB2,1872,0,356,0,1,357,T
1-PB2,1873,0,0,0,367,367,C
1-PB2,1874,0,0,0,369,369,C
1-PB2,1875,369,1,1,0,371,A
1-PB2,1876,0,0,0,372,372,C
1-PB2,1877,0,1,0,369,370,C
1-PB2,1878,367,0,1,0,368,A
1-PB2,1879,371,0,0,0,371,A
1-PB2,1880,369,0,0,0,369,A
1-PB2,1881,0,0,373,0,373,G
1-PB2,1882,0,0,0,372,372,C
1-PB2,1883,363,0,0,0,363,A
1-PB2,1884,363,0,0,0,363,A
1-PB2,1885,362,0,0,0,362,A
1-PB2,1886,0,0,371,0,371,G
1-PB2,1887,1,0,0,372,373,C
1-PB2,1888,368,0,0,0,368,A
1-PB2,1889,1,0,369,0,370,G
1-PB2,1890,366,0,1,0,367,A
1-PB2,1891,373,0,0,0,373,A
1-PB2,1892,0,372,0,0,372,T
1-PB2,1893,0,0,374,0,374,G
1-PB2,1894,0,0,0,375,375,C
1-PB2,1895,369,0,0,0,369,A
1-PB2,1896,0,0,372,1,373,G
1-PB2,1897,0,373,0,0,373,T
1-PB2,1898,0,382,0,0,382,T
1-PB2,1899,2,0,0,382,384,C
1-PB2,1900,0,378,0,1,379,T
1-PB2,1901,0,0,0,387,387,C
1-PB2,1902,0,385,0,0,385,T
1-PB2,1903,0,382,0,0,382,T
1-PB2,1904,0,0,0,382,382,C
1-PB2,1905,379,0,0,0,379,A
1-PB2,1906,0,0,0,379,379,C
1-PB2,1907,0,370,0,1,371,T
1-PB2,1908,0,2,374,0,376,G
1-PB2,1909,374,0,0,0,374,A
1-PB2,1910,1,0,0,386,387,C
1-PB2,1911,0,385,0,0,385,T
1-PB2,1912,0,0,394,0,394,G
1-PB2,1913,0,390,0,0,390,T
1-PB2,1914,0,0,395,0,395,G
1-PB2,1915,395,0,0,0,395,A
1-PB2,1916,396,0,0,0,396,A
1-PB2,1917,0,391,0,1,392,T
1-PB2,1918,0,0,392,0,392,G
1-PB2,1919,0,379,0,0,379,T
1-PB2,1920,0,0,382,0,382,G
1-PB2,1921,371,0,1,0,372,A
1-PB2,1922,0,1,372,0,373,G
1-PB2,1923,0,1,370,0,371,G
1-PB2,1924,0,0,366,0,366,G
1-PB2,1925,0,0,373,0,373,G
1-PB2,1926,372,0,0,0,372,A
1-PB2,1927,0,370,0,0,370,T
1-PB2,1928,1,0,0,371,372,C
1-PB2,1929,367,0,1,0,368,A
1-PB2,1930,0,0,377,0,377,G
1-PB2,1931,1,4,370,0,375,G
1-PB2,1932,1,0,377,0,378,G
1-PB2,1933,376,0,0,0,376,A
1-PB2,1934,0,357,0,1,358,T
1-PB2,1935,0,2,353,0,355,G
1-PB2,1936,356,0,0,0,356,A
1-PB2,1937,0,0,362,0,362,G
1-PB2,1938,361,0,0,0,361,A
1-PB2,1939,350,0,0,0,350,A
1-PB2,1940,0,353,0,0,353,T
1-PB2,1941,354,0,0,0,354,A
1-PB2,1942,0,0,0,364,364,C
1-PB2,1943,0,357,0,0,357,T
1-PB2,1944,0,356,0,0,356,T
1-PB2,1945,0,0,357,0,357,G
1-PB2,1946,0,348,0,0,348,T
1-PB2,1947,347,0,0,0,347,A
1-PB2,1948,348,0,0,0,348,A
1-PB2,1949,0,0,336,0,336,G
1-PB2,1950,0,0,336,0,336,G
1-PB2,1951,0,0,335,0,335,G
1-PB2,1952,0,0,337,0,337,G
1-PB2,1953,0,0,0,337,337,C
1-PB2,1954,332,0,0,0,332,A
1-PB2,1955,335,1,0,0,336,A
1-PB2,1956,0,337,0,0,337,T
1-PB2,1957,0,337,0,0,337,T
1-PB2,1958,0,0,0,345,345,C
1-PB2,1959,0,338,0,0,338,T
1-PB2,1960,0,1,0,343,344,C
1-PB2,1961,0,0,0,345,345,C
1-PB2,1962,0,345,0,1,346,T
1-PB2,1963,0,0,358,0,358,G
1-PB2,1964,0,346,0,0,346,T
1-PB2,1965,345,0,0,1,346,A
1-PB2,1966,0,347,0,0,347,T
1-PB2,1967,0,340,0,0,340,T
1-PB2,1968,1,0,0,340,341,C
1-PB2,1969,336,0,0,0,336,A
1-PB2,1970,343,1,0,0,344,A
1-PB2,1971,0,1,0,343,344,C
1-PB2,1972,0,335,1,0,336,T
1-PB2,1973,335,1,0,0,336,A
1-PB2,1974,0,0,0,348,348,C
1-PB2,1975,349,0,1,0,350,A
1-PB2,1976,349,0,1,0,350,A
1-PB2,1977,1,0,0,350,351,C
1-PB2,1978,347,0,1,0,348,A
1-PB2,1979,348,0,0,0,348,A
1-PB2,1980,0,4,346,0,350,G
1-PB2,1981,349,0,0,0,349,A
1-PB2,1982,0,1,0,349,350,C
1-PB2,1983,0,0,0,337,337,C
1-PB2,1984,339,0,0,0,339,A
1-PB2,1985,1,0,0,350,351,C
1-PB2,1986,0,352,0,0,352,T
1-PB2,1987,351,0,0,0,351,A
1-PB2,1988,352,0,0,0,352,A
1-PB2,1989,351,1,0,0,352,A
1-PB2,1990,350,0,0,0,350,A
1-PB2,1991,0,1,351,0,352,G
1-PB2,1992,353,1,0,0,354,A
1-PB2,1993,0,0,0,355,355,C
1-PB2,1994,0,342,0,0,342,T
1-PB2,1995,342,0,0,0,342,A
1-PB2,1996,343,0,1,0,344,A
1-PB2,1997,0,0,0,344,344,C
1-PB2,1998,342,0,0,0,342,A
1-PB2,1999,341,0,1,0,342,A
1-PB2,2000,0,340,0,0,340,T
1-PB2,2001,0,335,0,0,335,T
1-PB2,2002,0,0,0,339,339,C
1-PB2,2003,0,339,0,0,339,T
1-PB2,2004,0,0,0,340,340,C
1-PB2,2005,0,0,336,0,336,G
1-PB2,2006,0,2,339,0,341,G
1-PB2,2007,341,0,0,0,341,A
1-PB2,2008,339,0,0,0,339,A
1-PB2,2009,340,0,0,0,340,A
1-PB2,2010,340,0,0,0,340,A
1-PB2,2011,2,1,339,0,342,G
1-PB2,2012,339,0,0,0,339,A
1-PB2,2013,0,337,0,0,337,T
1-PB2,2014,0,0,337,0,337,G
1-PB2,2015,0,1,0,334,335,C
1-PB2,2016,0,1,0,334,335,C
1-PB2,2017,0,2,334,0,336,G
1-PB2,2018,0,0,332,0,332,G
1-PB2,2019,0,0,0,337,337,C
1-PB2,2020,335,0,0,0,335,A
1-PB2,2021,0,0,0,344,344,C
1-PB2,2022,0,340,0,0,340,T
1-PB2,2023,0,341,0,0,341,T
1-PB2,2024,0,341,0,0,341,T
1-PB2,2025,342,0,0,0,342,A
1-PB2,2026,343,0,0,0,343,A
1-PB2,2027,0,344,0,0,344,T
1-PB2,2028,0,341,0,0,341,T
1-PB2,2029,0,0,342,0,342,G
1-PB2,2030,326,0,0,0,326,A
1-PB2,2031,323,0,1,0,324,A
1-PB2,2032,0,1,326,0,327,G
1-PB2,2033,333,0,0,0,333,A
1-PB2,2034,1,0,0,334,335,C
1-PB2,2035,2,0,0,328,330,C
1-PB2,2036,0,0,0,329,329,C
1-PB2,2037,327,0,0,0,327,A
1-PB2,2038,0,0,337,0,337,G
1-PB2,2039,337,0,0,0,337,A
1-PB2,2040,0,334,0,0,334,T
1-PB2,2041,0,0,336,0,336,G
1-PB2,2042,327,0,0,0,327,A
1-PB2,2043,327,0,0,0,327,A
1-PB2,2044,325,0,0,0,325,A
1-PB2,2045,1,0,326,0,327,G
1-PB2,2046,0,0,0,326,326,C
1-PB2,2047,317,0,2,0,319,A
1-PB2,2048,0,0,0,324,324,C
1-PB2,2049,323,0,0,0,323,A
1-PB2,2050,0,323,0,1,324,T
1-PB2,2051,2,0,0,325,327,C
1-PB2,2052,0,1,0,326,327,C
1-PB2,2053,1,1,330,0,332,G
1-PB2,2054,1,1,329,1,332,G
1-PB2,2055,328,0,1,0,329,A
1-PB2,2056,1,0,334,0,335,G
1-PB2,2057,0,328,0,0,328,T
1-PB2,2058,0,2,327,0,329,G
1-PB2,2059,0,0,328,0,328,G
1-PB2,2060,322,0,0,0,322,A
1-PB2,2061,0,0,324,0,324,G
1-PB2,2062,0,315,0,0,315,T
1-PB2,2063,0,0,0,317,317,C
1-PB2,2064,0,0,0,312,312,C
1-PB2,2065,0,0,316,0,316,G
1-PB2,2066,0,0,0,316,316,C
1-PB2,2067,0,0,0,316,316,C
1-PB2,2068,0,0,322,0,322,G
1-PB2,2069,0,324,0,0,324,T
1-PB2,2070,1,0,0,324,325,C
1-PB2,2071,0,325,0,0,325,T
1-PB2,2072,0,326,0,0,326,T
1-PB2,2073,0,2,323,0,325,G
1-PB2,2074,326,0,0,0,326,A
1-PB2,2075,0,0,327,0,327,G
1-PB2,2076,325,0,0,0,325,A
1-PB2,2077,0,2,318,0,320,G
1-PB2,2078,0,2,316,0,318,G
1-PB2,2079,0,0,317,0,317,G
1-PB2,2080,0,311,0,0,311,T
1-PB2,2081,0,314,0,0,314,T
1-PB2,2082,0,315,0,0,315,T
1-PB2,2083,1,0,0,319,320,C
1-PB2,2084,0,318,0,1,319,T
1-PB2,2085,1,0,0,330,331,C
1-PB2,2086,329,0,0,0,329,A
1-PB2,2087,0,329,0,0,329,T
1-PB2,2088,0,327,0,0,327,T
1-PB2,2089,325,0,0,0,325,A
1-PB2,2090,0,328,0,0,328,T
1-PB2,2091,325,0,0,0,325,A
1-PB2,2092,0,0,325,0,325,G
1-PB2,2093,1,0,327,0,328,G
1-PB2,2094,0,317,0,0,317,T
1-PB2,2095,316,0,0,0,316,A
1-PB2,2096,313,0,1,0,314,A
1-PB2,2097,0,0,316,0,316,G
1-PB2,2098,0,0,315,0,315,G
1-PB2,2099,311,0,0,0,311,A
1-PB2,2100,307,0,0,0,307,A
1-PB2,2101,0,1,306,0,307,G
1-PB2,2102,298,0,0,0,298,A
1-PB2,2103,0,0,0,299,299,C
1-PB2,2104,300,0,0,0,300,A
1-PB2,2105,0,0,301,0,301,G
1-PB2,2106,299,0,0,0,299,A
1-PB2,2107,300,0,0,0,300,A
1-PB2,2108,1,0,303,0,304,G
1-PB2,2109,299,0,0,0,299,A
1-PB2,2110,0,298,0,0,298,T
1-PB2,2111,300,0,0,0,300,A
1-PB2,2112,0,0,0,298,298,C
1-PB2,2113,0,0,296,0,296,G
1-PB2,2114,0,0,301,0,301,G
1-PB2,2115,299,0,0,0,299,A
1-PB2,2116,0,0,0,296,296,C
1-PB2,2117,2,0,0,295,297,C
1-PB2,2118,293,0,0,0,293,A
1-PB2,2119,0,0,306,0,306,G
1-PB2,2120,0,0,0,308,308,C
1-PB2,2121,307,0,0,0,307,A
1-PB2,2122,0,305,0,1,306,T
1-PB2,2123,1,296,0,1,298,T
1-PB2,2124,298,0,1,0,299,A
1-PB2,2125,297,0,0,0,297,A
1-PB2,2126,0,0,300,0,300,G
1-PB2,2127,0,1,0,301,302,C
1-PB2,2128,275,0,1,0,276,A
1-PB2,2129,0,289,0,0,289,T
1-PB2,2130,0,0,0,286,286,C
1-PB2,2131,289,0,0,0,289,A
1-PB2,2132,288,0,0,0,288,A
1-PB2,2133,0,289,0,0,289,T
1-PB2,2134,0,1,290,0,291,G
1-PB2,2135,287,0,0,0,287,A
1-PB2,2136,285,0,0,0,285,A
1-PB2,2137,0,1,0,290,291,C
1-PB2,2138,0,272,0,0,272,T
1-PB2,2139,0,2,281,0,283,G
1-PB2,2140,282,0,0,0,282,A
1-PB2,2141,0,0,283,0,283,G
1-PB2,2142,0,282,0,0,282,T
1-PB2,2143,280,0,0,0,280,A
1-PB2,2144,279,0,1,0,280,A
1-PB2,2145,0,0,0,276,276,C
1-PB2,2146,0,0,0,267,267,C
1-PB2,2147,0,265,0,0,265,T
1-PB2,2148,0,257,0,0,257,T
1-PB2,2149,0,0,258,0,258,G
1-PB2,2150,0,0,0,258,258,C
1-PB2,2151,257,0,1,0,258,A
1-PB2,2152,258,0,0,0,258,A
1-PB2,2153,253,0,0,0,253,A
1-PB2,2154,247,0,1,0,248,A
1-PB2,2155,0,1,249,0,250,G
1-PB2,2156,0,0,250,0,250,G
1-PB2,2157,0,1,249,0,250,G
1-PB2,2158,0,0,250,0,250,G
1-PB2,2159,250,0,0,0,250,A
1-PB2,2160,250,0,0,0,250,A
1-PB2,2161,250,0,0,0,250,A
1-PB2,2162,252,0,0,0,252,A
1-PB2,2163,0,0,255,0,255,G
1-PB2,2164,0,0,254,0,254,G
1-PB2,2165,0,0,0,255,255,C
1-PB2,2166,0,251,0,0,251,T
1-PB2,2167,253,0,0,0,253,A
1-PB2,2168,254,0,0,0,254,A
1-PB2,2169,0,252,0,0,252,T
1-PB2,2170,0,0,257,0,257,G
1-PB2,2171,0,247,0,0,247,T
1-PB2,2172,0,0,243,0,243,G
1-PB2,2173,0,0,0,243,243,C
1-PB2,2174,0,242,0,1,243,T
1-PB2,2175,242,0,0,0,242,A
1-PB2,2176,243,0,0,0,243,A
1-PB2,2177,0,240,0,1,241,T
1-PB2,2178,1,0,0,241,242,C
1-PB2,2179,1,0,231,0,232,G
1-PB2,2180,0,0,233,0,233,G
1-PB2,2181,0,0,235,0,235,G
1-PB2,2182,1,0,0,233,234,C
1-PB2,2183,237,0,0,0,237,A
1-PB2,2184,237,0,0,0,237,A
1-PB2,2185,0,0,234,0,234,G
1-PB2,2186,0,1,236,0,237,G
1-PB2,2187,238,0,0,0,238,A
1-PB2,2188,0,0,241,0,241,G
1-PB2,2189,234,0,0,0,234,A
1-PB2,2190,0,0,0,234,234,C
1-PB2,2191,0,0,234,0,234,G
1-PB2,2192,0,232,0,0,232,T
1-PB2,2193,0,0,233,0,233,G
1-PB2,2194,1,1,233,0,235,G
1-PB2,2195,0,230,0,0,230,T
1-PB2,2196,0,0,231,0,231,G
1-PB2,2197,0,224,0,1,225,T
1-PB2,2198,0,224,0,0,224,T
1-PB2,2199,0,0,222,0,222,G
1-PB2,2200,0,0,223,0,223,G
1-PB2,2201,0,222,0,0,222,T
1-PB2,2202,217,0,0,0,217,A
1-PB2,2203,210,0,0,0,210,A
1-PB2,2204,0,206,0,0,206,T
1-PB2,2205,0,1,208,0,209,G
1-PB2,2206,207,0,0,0,207,A
1-PB2,2207,206,0,0,0,206,A
1-PB2,2208,207,0,0,0,207,A
1-PB2,2209,0,0,0,203,203,C
1-PB2,2210,0,0,204,0,204,G
1-PB2,2211,202,0,0,0,202,A
1-PB2,2212,202,0,0,0,202,A
1-PB2,2213,203,0,0,0,203,A
1-PB2,2214,201,0,0,1,202,A
1-PB2,2215,0,0,0,203,203,C
1-PB2,2216,0,1,201,0,202,G
1-PB2,2217,1,0,200,0,201,G
1-PB2,2218,0,0,203,0,203,G
1-PB2,2219,203,0,0,0,203,A
1-PB2,2220,0,0,0,202,202,C
1-PB2,2221,0,195,0,1,196,T
1-PB2,2222,0,1,0,199,200,C
1-PB2,2223,0,201,0,0,201,T
1-PB2,2224,198,0,1,0,199,A
1-PB2,2225,0,0,199,0,199,G
1-PB2,2226,0,0,0,195,195,C
1-PB2,2227,192,0,0,0,192,A
1-PB2,2228,0,191,0,0,191,T
1-PB2,2229,185,0,0,0,185,A
1-PB2,2230,0,0,0,186,186,C
1-PB2,2231,0,161,0,0,161,T
1-PB2,2232,0,161,0,0,161,T
1-PB2,2233,156,0,0,0,156,A
1-PB2,2234,0,0,0,156,156,C
1-PB2,2235,0,152,0,0,152,T
1-PB2,2236,0,2,149,0,151,G
1-PB2,2237,149,0,0,0,149,A
1-PB2,2238,0,0,0,147,147,C
1-PB2,2239,131,0,0,0,131,A
1-PB2,2240,0,0,131,0,131,G
1-PB2,2241,0,0,0,131,131,C
1-PB2,2242,0,0,0,131,131,C
1-PB2,2243,130,0,0,0,130,A
1-PB2,2244,0,1,129,0,130,G
1-PB2,2245,130,0,0,0,130,A
1-PB2,2246,0,1,0,129,130,C
1-PB2,2247,119,0,0,0,119,A
1-PB2,2248,0,0,119,0,119,G
1-PB2,2249,0,0,0,111,111,C
1-PB2,2250,0,0,112,0,112,G
1-PB2,2251,111,0,0,0,111,A
1-PB2,2252,0,0,0,112,112,C
1-PB2,2253,0,0,0,111,111,C
1-PB2,2254,107,0,0,0,107,A
1-PB2,2255,108,0,0,0,108,A
1-PB2,2256,108,0,0,0,108,A
1-PB2,2257,105,0,0,0,105,A
1-PB2,2258,0,0,104,0,104,G
1-PB2,2259,100,0,0,0,100,A
1-PB2,2260,99,0,0,0,99,A
1-PB2,2261,0,101,0,0,101,T
1-PB2,2262,0,100,0,0,100,T
1-PB2,2263,1,0,0,100,101,C
1-PB2,2264,0,0,96,0,96,G
1-PB2,2265,0,0,98,0,98,G
1-PB2,2266,97,0,0,0,97,A
1-PB2,2267,0,90,0,1,91,T
1-PB2,2268,0,0,91,0,91,G
1-PB2,2269,0,0,89,0,89,G
1-PB2,2270,0,0,0,89,89,C
1-PB2,2271,0,0,0,90,90,C
1-PB2,2272,89,0,0,0,89,A
1-PB2,2273,0,89,0,0,89,T
1-PB2,2274,0,0,0,89,89,C
1-PB2,2275,89,0,0,0,89,A
1-PB2,2276,89,0,0,0,89,A
1-PB2,2277,0,89,0,0,89,T
1-PB2,2278,0,75,0,0,75,T
1-PB2,2279,74,0,0,0,74,A
1-PB2,2280,71,0,0,0,71,A
2-PB1,1,134,0,0,0,134,A
2-PB1,2,0,135,0,0,135,T
2-PB1,3,0,0,138,0,138,G
2-PB1,4,0,1,152,0,153,G
2-PB1,5,163,0,0,0,163,A
2-PB1,6,0,176,0,0,176,T
2-PB1,7,0,0,177,0,177,G
2-PB1,8,0,176,0,0,176,T
2-PB1,9,0,0,0,193,193,C
2-PB1,10,194,0,0,0,194,A
2-PB1,11,208,0,0,0,208,A
2-PB1,12,0,210,0,0,210,T
2-PB1,13,0,0,0,211,211,C
2-PB1,14,0,0,0,231,231,C
2-PB1,15,0,0,233,0,233,G
2-PB1,16,268,0,0,0,268,A
2-PB1,17,0,0,0,277,277,C
2-PB1,18,0,278,0,0,278,T
2-PB1,19,0,0,0,324,324,C
2-PB1,20,0,324,0,0,324,T
2-PB1,21,328,0,0,0,328,A
2-PB1,22,0,0,0,329,329,C
2-PB1,23,0,328,0,1,329,T
2-PB1,24,0,0,385,0,385,G
2-PB1,25,0,387,0,0,387,T
2-PB1,26,0,388,0,0,388,T
2-PB1,27,0,0,0,388,388,C
2-PB1,28,0,0,0,384,384,C
2-PB1,29,0,431,0,0,431,T
2-PB1,30,433,0,0,0,433,A
2-PB1,31,434,0,0,0,434,A
2-PB1,32,435,0,0,1,436,A
2-PB1,33,0,2,435,0,437,G
2-PB1,34,0,1,435,0,436,G
2-PB1,35,0,439,0,0,439,T
2-PB1,36,0,441,0,0,441,T
2-PB1,37,1,0,0,440,441,C
2-PB1,38,1,0,0,439,440,C
2-PB1,39,442,0,0,0,442,A
2-PB1,40,0,0,453,0,453,G
2-PB1,41,0,1,0,453,454,C
2-PB1,42,0,0,454,0,454,G
2-PB1,43,1,0,0,453,454,C
2-PB1,44,453,0,1,0,454,A
2-PB1,45,454,0,1,1,456,A
2-PB1,46,455,0,0,0,455,A
2-PB1,47,461,0,1,0,462,A
2-PB1,48,0,463,0,0,463,T
2-PB1,49,0,0,477,1,478,G
2-PB1,50,0,0,0,478,478,C
2-PB1,51,1,0,0,480,481,C
2-PB1,52,481,0,0,0,481,A
2-PB1,53,0,481,0,0,481,T
2-PB1,54,504,0,0,0,504,A
2-PB1,55,506,0,0,0,506,A
2-PB1,56,0,2,533,0,535,G
2-PB1,57,0,0,0,536,536,C
2-PB1,58,531,0,0,0,531,A
2-PB1,59,0,0,0,548,548,C
2-PB1,60,546,0,1,0,547,A
2-PB1,61,583,0,1,0,584,A
2-PB1,62,0,0,0,587,587,C
2-PB1,63,584,0,0,0,584,A
2-PB1,64,0,592,0,0,592,T
2-PB1,65,0,588,0,0,588,T
2-PB1,66,6,0,0,705,711,C
2-PB1,67,1,0,0,710,711,C
2-PB1,68,2,0,0,716,718,C
2-PB1,69,0,723,0,0,723,T
2-PB1,70,0,720,0,0,720,T
2-PB1,71,769,0,0,1,770,A
2-PB1,72,0,779,0,0,779,T
2-PB1,73,782,0,0,0,782,A
2-PB1,74,1,0,1,786,788,C
2-PB1,75,0,749,0,0,749,T
2-PB1,76,2,1,751,0,754,G
2-PB1,77,0,3,754,0,757,G
2-PB1,78,759,0,0,0,759,A
2-PB1,79,0,1,760,0,761,G
2-PB1,80,747,0,2,0,749,A
2-PB1,81,0,750,0,0,750,T
2-PB1,82,0,0,0,805,805,C
2-PB1,83,1,0,0,803,804,C
2-PB1,84,0,805,0,0,805,T
2-PB1,85,0,0,1,867,868,C
2-PB1,86,1,1,0,867,869,C
2-PB1,87,882,0,0,0,882,A
2-PB1,88,0,882,0,0,882,T
2-PB1,89,874,2,1,0,877,A
2-PB1,90,0,0,0,873,873,C
2-PB1,91,865,0,0,0,865,A
2-PB1,92,0,1,898,0,899,G
2-PB1,93,0,0,0,901,901,C
2-PB1,94,4,1,0,893,898,C
2-PB1,95,898,0,1,0,899,A
2-PB1,96,0,896,0,0,896,T
2-PB1,97,0,1,892,0,893,G
2-PB1,98,0,6,939,0,945,G
2-PB1,99,953,0,1,0,954,A
2-PB1,100,955,1,0,0,956,A
2-PB1,101,0,0,0,951,951,C
2-PB1,102,946,0,0,0,946,A
2-PB1,103,0,3,969,0,972,G
2-PB1,104,0,10,983,0,993,G
2-PB1,105,992,0,1,0,993,A
2-PB1,106,995,0,5,0,1000,A
2-PB1,107,1,0,0,1006,1007,C
2-PB1,108,995,0,0,0,995,A
2-PB1,109,0,2,1101,0,1103,G
2-PB1,110,0,5,1098,0,1103,G
2-PB1,111,0,1,1120,0,1121,G
2-PB1,112,0,1119,0,0,1119,T
2-PB1,113,1120,0,0,0,1120,A
2-PB1,114,0,0,0,1134,1134,C
2-PB1,115,1174,0,2,0,1176,A
2-PB1,116,0,1,0,1231,1232,C
2-PB1,117,2,0,0,1221,1223,C
2-PB1,118,1178,0,0,0,1178,A
2-PB1,119,1,1170,1,0,1172,T
2-PB1,120,0,6,1168,0,1174,G
2-PB1,121,0,3,1174,0,1177,G
2-PB1,122,1178,0,0,0,1178,A
2-PB1,123,0,1,0,1179,1180,C
2-PB1,124,1154,0,1,0,1155,A
2-PB1,125,1,0,0,1171,1172,C
2-PB1,126,1163,0,1,0,1164,A
2-PB1,127,0,2,1186,0,1188,G
2-PB1,128,1,1178,0,1,1180,T
2-PB1,129,7,0,0,1222,1229,C
2-PB1,130,1226,0,0,0,1226,A
2-PB1,131,1231,0,2,0,1233,A
2-PB1,132,0,2,0,1233,1235,C
2-PB1,133,1229,0,0,0,1229,A
2-PB1,134,0,5,1251,0,1256,G
2-PB1,135,1234,0,0,0,1234,A
2-PB1,136,1229,0,1,0,1230,A
2-PB1,137,0,1,0,1228,1229,C
2-PB1,138,1211,0,0,0,1211,A
2-PB1,139,1,0,0,1242,1243,C
2-PB1,140,1243,0,0,0,1243,A
2-PB1,141,3,0,0,1286,1289,C
2-PB1,142,3,1,0,1287,1291,C
2-PB1,143,1279,0,2,0,1281,A
2-PB1,144,1293,1,0,0,1294,A
2-PB1,145,0,1325,0,0,1325,T
2-PB1,146,1372,0,0,0,1372,A
2-PB1,147,0,1368,0,0,1368,T
2-PB1,148,0,1337,0,0,1337,T
2-PB1,149,2,0,0,1341,1343,C
2-PB1,150,1303,0,3,0,1306,A
2-PB1,151,0,0,1306,0,1306,G
2-PB1,152,1293,0,0,0,1293,A
2-PB1,153,0,1,1298,0,1299,G
2-PB1,154,1276,0,0,0,1276,A
2-PB1,155,0,2,1247,0,1249,G
2-PB1,156,0,6,1236,0,1242,G
2-PB1,157,0,3,1287,0,1290,G
2-PB1,158,0,3,1290,0,1293,G
2-PB1,159,0,0,1298,0,1298,G
2-PB1,160,1300,0,0,0,1300,A
2-PB1,161,1301,0,1,0,1302,A
2-PB1,162,0,1,1309,0,1310,G
2-PB1,163,0,1294,0,1,1295,T
2-PB1,164,0,5,1285,0,1290,G
2-PB1,165,0,5,1278,0,1283,G
2-PB1,166,1279,0,2,1,1282,A
2-PB1,167,0,3,0,1284,1287,C
2-PB1,168,2,9,1276,0,1287,G
2-PB1,169,1295,0,1,0,1296,A
2-PB1,170,2,0,0,1301,1303,C
2-PB1,171,1292,0,2,0,1294,A
2-PB1,172,1297,0,0,0,1297,A
2-PB1,173,1305,0,0,0,1305,A
2-PB1,174,0,1320,0,0,1320,T
2-PB1,175,1324,0,0,0,1324,A
2-PB1,176,1,0,0,1326,1327,C
2-PB1,177,1305,0,0,0,1305,A
2-PB1,178,0,0,1306,0,1306,G
2-PB1,179,1298,0,0,1,1299,A
2-PB1,180,1303,0,0,0,1303,A
2-PB1,181,1305,0,0,0,1305,A
2-PB1,182,1,0,0,1307,1308,C
2-PB1,183,0,1303,0,0,1303,T
2-PB1,184,0,1,1298,0,1299,G
2-PB1,185,0,3,1296,0,1299,G
2-PB1,186,1279,1,1,0,1281,A
2-PB1,187,0,0,1291,0,1291,G
2-PB1,188,2,0,0,1294,1296,C
2-PB1,189,1306,0,1,0,1307,A
2-PB1,190,2,1,0,1364,1367,C
2-PB1,191,1,1,0,1358,1360,C
2-PB1,192,1,0,0,1355,1356,C
2-PB1,193,5,0,0,1356,1361,C
2-PB1,194,1362,0,1,0,1363,A
2-PB1,195,1376,0,0,0,1376,A
2-PB1,196,0,0,0,1373,1373,C
2-PB1,197,0,1363,0,2,1365,T
2-PB1,198,11,2,0,1355,1368,C
2-PB1,199,1322,0,0,0,1322,A
2-PB1,200,1343,1,1,0,1345,A
2-PB1,201,2,1,0,1338,1341,C
2-PB1,202,2,0,0,1335,1337,C
2-PB1,203,3,0,0,1339,1342,C
2-PB1,204,1335,1,1,0,1337,A
2-PB1,205,1346,0,0,0,1346,A
2-PB1,206,0,1345,0,0,1345,T
2-PB1,207,0,1348,0,2,1350,T
2-PB1,208,0,5,1351,1,1357,G
2-PB1,209,1335,1,0,0,1336,A
2-PB1,210,0,1337,0,1,1338,T
2-PB1,211,0,5,1333,0,1338,G
2-PB1,212,0,8,1345,0,1353,G
2-PB1,213,1374,0,1,0,1375,A
2-PB1,214,1,1,0,1388,1390,C
2-PB1,215,8,1,0,1373,1382,C
2-PB1,216,1381,0,1,0,1382,A
2-PB1,217,1,0,0,1408,1409,C
2-PB1,218,1,1405,0,0,1406,T
2-PB1,219,1430,0,0,0,1430,A
2-PB1,220,3,0,0,1440,1443,C
2-PB1,221,1,0,0,1424,1425,C
2-PB1,222,0,1395,0,0,1395,T
2-PB1,223,0,5,1396,0,1401,G
2-PB1,224,1393,0,2,0,1395,A
2-PB1,225,2,0,1404,0,1406,G
2-PB1,226,1,3,1381,0,1385,G
2-PB1,227,1386,1,1,0,1388,A
2-PB1,228,0,1380,0,0,1380,T
2-PB1,229,1354,0,1,0,1355,A
2-PB1,230,1356,0,0,0,1356,A
2-PB1,231,0,1351,0,0,1351,T
2-PB1,232,0,11,1346,0,1357,G
2-PB1,233,1354,0,1,0,1355,A
2-PB1,234,1348,0,2,0,1350,A
2-PB1,235,0,0,0,1351,1351,C
2-PB1,236,8,0,0,1319,1327,C
2-PB1,237,1329,0,2,0,1331,A
2-PB1,238,1336,0,0,0,1336,A
2-PB1,239,0,1,1345,0,1346,G
2-PB1,240,0,1345,0,0,1345,T
2-PB1,241,0,1,1344,0,1345,G
2-PB1,242,2,4,1363,0,1369,G
2-PB1,243,1368,0,2,0,1370,A
2-PB1,244,0,1363,0,0,1363,T
2-PB1,245,1367,0,0,0,1367,A
2-PB1,246,0,1379,1,7,1387,T
2-PB1,247,0,2,1387,0,1389,G
2-PB1,248,0,1,0,1387,1388,C
2-PB1,249,1385,1,2,0,1388,A
2-PB1,250,1,0,2,1425,1428,C
2-PB1,251,1395,0,0,0,1395,A
2-PB1,252,1425,0,1,0,1426,A
2-PB1,253,1426,0,0,0,1426,A
2-PB1,254,1,0,0,1429,1430,C
2-PB1,255,1392,1,1,0,1394,A
2-PB1,256,0,6,1406,0,1412,G
2-PB1,257,1399,0,3,0,1402,A
2-PB1,258,0,0,0,1413,1413,C
2-PB1,259,0,1368,0,2,1370,T
2-PB1,260,0,0,1394,0,1394,G
2-PB1,261,0,1362,0,1,1363,T
2-PB1,262,0,0,1425,1,1426,G
2-PB1,263,1,1423,0,1,1425,T
2-PB1,264,7,0,0,1424,1431,C
2-PB1,265,2,0,0,1430,1432,C
2-PB1,266,0,1428,0,1,1429,T
2-PB1,267,0,2,1428,0,1430,G
2-PB1,268,1,2,1424,0,1427,G
2-PB1,269,1393,0,2,0,1395,A
2-PB1,270,0,3,1407,1,1411,G
2-PB1,271,0,3,1368,0,1371,G
2-PB1,272,3,0,0,1372,1375,C
2-PB1,273,0,1363,0,0,1363,T
2-PB1,274,1365,0,1,0,1366,A
2-PB1,275,0,1360,0,3,1363,T
2-PB1,276,2,3,1356,0,1361,G
2-PB1,277,0,0,1369,0,1369,G
2-PB1,278,2,0,0,1361,1363,C
2-PB1,279,4,0,0,1322,1326,C
2-PB1,280,0,1303,0,2,1305,T
2-PB1,281,0,1378,0,0,1378,T
2-PB1,282,2,0,0,1378,1380,C
2-PB1,283,2,1,0,1378,1381,C
2-PB1,284,0,1387,0,0,1387,T
2-PB1,285,0,1376,0,0,1376,T
2-PB1,286,4,0,1376,0,1380,G
2-PB1,287,1383,0,1,0,1384,A
2-PB1,288,1389,0,0,0,1389,A
2-PB1,289,0,5,1382,0,1387,G
2-PB1,290,1315,0,0,0,1315,A
2-PB1,291,1322,0,0,1,1323,A
2-PB1,292,0,1316,0,0,1316,T
2-PB1,293,5,1,0,1316,1322,C
2-PB1,294,4,0,0,1317,1321,C
2-PB1,295,2,1,1,1313,1317,C
2-PB1,296,1324,0,1,0,1325,A
2-PB1,297,0,1,0,1329,1330,C
2-PB1,298,2,0,0,1324,1326,C
2-PB1,299,0,2,0,1330,1332,C
2-PB1,300,1312,0,0,0,1312,A
2-PB1,301,0,0,1318,0,1318,G
2-PB1,302,0,1,1319,0,1320,G
2-PB1,303,0,1316,0,0,1316,T
2-PB1,304,1326,0,0,0,1326,A
2-PB1,305,0,1318,0,0,1318,T
2-PB1,306,1,0,0,1317,1318,C
2-PB1,307,0,1318,1,0,1319,T
2-PB1,308,0,1314,0,2,1316,T
2-PB1,309,0,1307,0,0,1307,T
2-PB1,310,0,3,1302,0,1305,G
2-PB1,311,1286,0,0,0,1286,A
2-PB1,312,0,5,1288,0,1293,G
2-PB1,313,1275,0,0,0,1275,A
2-PB1,314,1270,0,0,0,1270,A
2-PB1,315,1,0,0,1280,1281,C
2-PB1,316,0,1271,0,0,1271,T
2-PB1,317,8,0,0,1264,1272,C
2-PB1,318,1269,0,1,0,1270,A
2-PB1,319,1,1266,0,2,1269,T
2-PB1,320,2,0,1268,0,1270,G
2-PB1,321,0,0,0,1288,1288,C
2-PB1,322,3,0,0,1282,1285,C
2-PB1,323,0,1278,0,0,1278,T
2-PB1,324,0,1255,0,0,1255,T
2-PB1,325,0,2,1263,0,1265,G
2-PB1,326,1272,0,0,0,1272,A
2-PB1,327,1273,0,0,0,1273,A
2-PB1,328,1276,0,0,0,1276,A
2-PB1,329,1,0,0,1287,1288,C
2-PB1,330,1249,0,1,0,1250,A
2-PB1,331,1255,0,1,0,1256,A
2-PB1,332,0,1255,0,0,1255,T
2-PB1,333,0,0,1255,0,1255,G
2-PB1,334,1,1,1251,0,1253,G
2-PB1,335,1245,0,0,1,1246,A
2-PB1,336,1244,1,0,0,1245,A
2-PB1,337,0,1,1244,0,1245,G
2-PB1,338,1,0,1,1240,1242,C
2-PB1,339,4,0,0,1231,1235,C
2-PB1,340,3,0,1256,0,1259,G
2-PB1,341,0,1254,0,0,1254,T
2-PB1,342,0,1256,0,0,1256,T
2-PB1,343,6,0,0,1260,1266,C
2-PB1,344,1261,1,0,0,1262,A
2-PB1,345,1288,0,0,0,1288,A
2-PB1,346,0,0,0,1287,1287,C
2-PB1,347,1288,0,0,0,1288,A
2-PB1,348,0,3,1303,0,1306,G
2-PB1,349,1292,0,2,0,1294,A
2-PB1,350,0,0,0,1302,1302,C
2-PB1,351,1297,0,0,0,1297,A
2-PB1,352,1285,0,1,0,1286,A
2-PB1,353,1,5,1282,0,1288,G
2-PB1,354,1210,0,0,0,1210,A
2-PB1,355,0,0,1253,0,1253,G
2-PB1,356,0,1260,0,0,1260,T
2-PB1,357,0,4,1265,0,1269,G
2-PB1,358,0,4,1265,1,1270,G
2-PB1,359,1263,2,3,0,1268,A
2-PB1,360,2,0,0,1269,1271,C
2-PB1,361,1233,0,0,0,1233,A
2-PB1,362,1271,0,0,0,1271,A
2-PB1,363,1270,0,0,0,1270,A
2-PB1,364,0,1,0,1265,1266,C
2-PB1,365,0,1254,0,0,1254,T
2-PB1,366,1268,0,0,0,1268,A
2-PB1,367,1277,0,0,0,1277,A
2-PB1,368,2,0,0,1272,1274,C
2-PB1,369,2,0,0,1271,1273,C
2-PB1,370,3,1,0,1271,1275,C
2-PB1,371,1227,0,1,0,1228,A
2-PB1,372,1229,0,1,1,1231,A
2-PB1,373,0,3,1230,0,1233,G
2-PB1,374,0,0,1232,0,1232,G
2-PB1,375,0,1228,0,0,1228,T
2-PB1,376,9,0,0,1208,1217,C
2-PB1,377,0,0,1219,0,1219,G
2-PB1,378,0,0,0,1218,1218,C
2-PB1,379,5,0,0,1216,1221,C
2-PB1,380,1221,0,0,0,1221,A
2-PB1,381,0,3,1250,0,1253,G
2-PB1,382,1273,0,2,0,1275,A
2-PB1,383,2,0,0,1277,1279,C
2-PB1,384,1,1265,0,1,1267,T
2-PB1,385,0,1263,1,0,1264,T
2-PB1,386,1266,0,1,0,1267,A
2-PB1,387,0,1269,0,0,1269,T
2-PB1,388,0,3,1270,0,1273,G
2-PB1,389,1271,0,0,0,1271,A
2-PB1,390,0,1244,0,0,1244,T
2-PB1,391,0,1198,0,0,1198,T
2-PB1,392,2,5,1182,0,1189,G
2-PB1,393,0,2,1193,0,1195,G
2-PB1,394,1197,1,3,0,1201,A
2-PB1,395,2,0,0,1199,1201,C
2-PB1,396,1191,0,0,1,1192,A
2-PB1,397,0,1181,1,0,1182,T
2-PB1,398,0,1193,0,0,1193,T
2-PB1,399,1202,1,0,0,1203,A
2-PB1,400,1202,0,0,0,1202,A
2-PB1,401,1202,1,2,0,1205,A
2-PB1,402,0,0,0,1208,1208,C
2-PB1,403,1177,0,1,0,1178,A
2-PB1,404,0,1,1188,0,1189,G
2-PB1,405,1182,0,0,0,1182,A
2-PB1,406,1187,0,0,0,1187,A
2-PB1,407,1183,0,0,0,1183,A
2-PB1,408,0,1171,0,0,1171,T
2-PB1,409,4,0,0,1176,1180,C
2-PB1,410,1171,0,0,1,1172,A
2-PB1,411,1176,0,2,0,1178,A
2-PB1,412,0,2,1,1173,1176,C
2-PB1,413,2,0,0,1169,1171,C
2-PB1,414,1,3,1170,0,1174,G
2-PB1,415,0,0,1179,0,1179,G
2-PB1,416,0,0,0,1178,1178,C
2-PB1,417,1179,0,0,0,1179,A
2-PB1,418,2,0,1177,0,1179,G
2-PB1,419,1,1,0,1190,1192,C
2-PB1,420,1191,1,0,0,1192,A
2-PB1,421,1192,0,2,0,1194,A
2-PB1,422,1,1,0,1204,1206,C
2-PB1,423,1,1202,0,1,1204,T
2-PB1,424,0,1,1268,0,1269,G
2-PB1,425,2,0,0,1263,1265,C
2-PB1,426,1261,4,0,0,1265,A
2-PB1,427,0,1267,0,1,1268,T
2-PB1,428,0,1254,0,0,1254,T
2-PB1,429,1330,2,1,1,1334,A
2-PB1,430,0,0,1340,0,1340,G
2-PB1,431,2,0,0,1328,1330,C
2-PB1,432,7,0,0,1324,1331,C
2-PB1,433,1277,0,0,0,1277,A
2-PB1,434,1284,0,0,0,1284,A
2-PB1,435,2,0,0,1291,1293,C
2-PB1,436,1291,0,2,0,1293,A
2-PB1,437,1,0,1,1352,1354,C
2-PB1,438,5,0,0,1246,1251,C
2-PB1,439,1251,0,0,0,1251,A
2-PB1,440,0,1254,0,1,1255,T
2-PB1,441,1254,0,0,0,1254,A
2-PB1,442,0,2,1252,0,1254,G
2-PB1,443,1244,0,1,0,1245,A
2-PB1,444,1217,0,2,1,1220,A
2-PB1,445,0,0,1232,0,1232,G
2-PB1,446,0,1192,1,1,1194,T
2-PB1,447,0,1193,0,1,1194,T
2-PB1,448,0,1194,0,0,1194,T
2-PB1,449,0,1196,0,1,1197,T
2-PB1,450,0,1198,0,0,1198,T
2-PB1,451,1198,0,0,0,1198,A
2-PB1,452,0,1,1197,0,1198,G
2-PB1,453,1187,0,1,0,1188,A
2-PB1,454,0,1180,0,0,1180,T
2-PB1,455,0,1,0,1170,1171,C
2-PB1,456,0,7,1167,0,1174,G
2-PB1,457,1173,1,3,0,1177,A
2-PB1,458,1178,0,0,0,1178,A
2-PB1,459,3,0,0,1183,1186,C
2-PB1,460,1,2,1177,0,1180,G
2-PB1,461,0,0,1254,0,1254,G
2-PB1,462,1251,0,1,0,1252,A
2-PB1,463,0,1251,0,0,1251,T
2-PB1,464,1,1251,0,0,1252,T
2-PB1,465,1250,0,1,0,1251,A
2-PB1,466,1251,0,1,0,1252,A
2-PB1,467,1,0,0,1259,1260,C
2-PB1,468,1240,0,4,0,1244,A
2-PB1,469,0,0,1263,0,1263,G
2-PB1,470,0,0,0,1205,1205,C
2-PB1,471,0,1202,0,0,1202,T
2-PB1,472,1199,0,1,0,1200,A
2-PB1,473,1200,1,0,0,1201,A
2-PB1,474,0,1203,0,1,1204,T
2-PB1,475,1,5,1212,0,1218,G
2-PB1,476,1207,0,1,0,1208,A
2-PB1,477,1209,0,1,0,1210,A
2-PB1,478,0,1188,0,0,1188,T
2-PB1,479,3,0,0,1189,1192,C
2-PB1,480,1189,0,0,1,1190,A
2-PB1,481,0,2,1185,1,1188,G
2-PB1,482,0,0,1184,0,1184,G
2-PB1,483,1182,1,1,0,1184,A
2-PB1,484,1170,0,1,0,1171,A
2-PB1,485,0,3,1223,0,1226,G
2-PB1,486,0,2,1229,0,1231,G
2-PB1,487,3,2,0,1235,1240,C
2-PB1,488,0,1228,0,1,1229,T
2-PB1,489,1231,0,0,0,1231,A
2-PB1,490,1232,0,2,0,1234,A
2-PB1,491,0,1234,0,0,1234,T
2-PB1,492,1232,0,0,0,1232,A
2-PB1,493,0,4,1231,0,1235,G
2-PB1,494,1144,0,0,0,1144,A
2-PB1,495,0,1137,0,2,1139,T
2-PB1,496,0,1135,0,0,1135,T
2-PB1,497,0,1135,0,0,1135,T
2-PB1,498,3,0,0,1172,1175,C
2-PB1,499,2,0,0,1173,1175,C
2-PB1,500,1,1169,0,2,1172,T
2-PB1,501,0,0,0,1180,1180,C
2-PB1,502,1175,0,0,0,1175,A
2-PB1,503,1178,0,0,0,1178,A
2-PB1,504,0,7,1179,0,1186,G
2-PB1,505,1,2,1201,0,1204,G
2-PB1,506,1201,0,0,0,1201,A
2-PB1,507,0,1144,0,0,1144,T
2-PB1,508,0,1,1155,0,1156,G
2-PB1,509,1,1148,0,0,1149,T
2-PB1,510,1,1,1158,2,1162,G
2-PB1,511,1158,0,2,0,1160,A
2-PB1,512,0,1153,0,0,1153,T
2-PB1,513,3,3,1140,0,1146,G
2-PB1,514,1,4,1137,0,1142,G
2-PB1,515,1141,0,2,0,1143,A
2-PB1,516,1147,0,0,0,1147,A
2-PB1,517,0,1142,0,0,1142,T
2-PB1,518,8,0,0,1133,1141,C
2-PB1,519,1124,1,0,0,1125,A
2-PB1,520,1127,0,0,0,1127,A
2-PB1,521,1,1126,0,0,1127,T
2-PB1,522,0,4,1132,0,1136,G
2-PB1,523,0,2,1128,0,1130,G
2-PB1,524,1123,1,3,0,1127,A
2-PB1,525,1,0,0,1109,1110,C
2-PB1,526,1120,0,0,0,1120,A
2-PB1,527,1126,0,0,0,1126,A
2-PB1,528,1125,0,2,0,1127,A
2-PB1,529,1,3,1147,0,1151,G
2-PB1,530,1147,0,2,0,1149,A
2-PB1,531,0,0,1148,0,1148,G
2-PB1,532,0,1,1150,0,1151,G
2-PB1,533,1145,0,1,0,1146,A
2-PB1,534,1143,0,0,0,1143,A
2-PB1,535,1145,0,1,0,1146,A
2-PB1,536,0,1143,0,0,1143,T
2-PB1,537,1,2,1154,0,1157,G
2-PB1,538,1,2,1150,0,1153,G
2-PB1,539,1143,0,1,0,1144,A
2-PB1,540,0,5,1148,0,1153,G
2-PB1,541,1137,0,1,0,1138,A
2-PB1,542,0,1163,0,0,1163,T
2-PB1,543,1164,0,0,0,1164,A
2-PB1,544,1184,0,0,0,1184,A
2-PB1,545,0,0,1,1190,1191,C
2-PB1,546,1170,0,1,0,1171,A
2-PB1,547,1175,0,1,0,1176,A
2-PB1,548,1,1,0,1170,1172,C
2-PB1,549,1168,0,0,1,1169,A
2-PB1,550,0,0,0,1171,1171,C
2-PB1,551,1136,0,0,0,1136,A
2-PB1,552,0,0,0,1147,1147,C
2-PB1,553,0,1128,0,0,1128,T
2-PB1,554,1,1123,0,0,1124,T
2-PB1,555,0,1125,0,0,1125,T
2-PB1,556,4,0,0,1116,1120,C
2-PB1,557,1127,0,0,1,1128,A
2-PB1,558,1122,0,1,0,1123,A
2-PB1,559,1127,0,0,0,1127,A
2-PB1,560,0,1,1138,0,1139,G
2-PB1,561,1125,0,1,0,1126,A
2-PB1,562,1127,1,0,0,1128,A
2-PB1,563,1131,0,1,1,1133,A
2-PB1,564,1137,0,0,0,1137,A
2-PB1,565,1134,0,2,1,1137,A
2-PB1,566,0,2,1143,0,1145,G
2-PB1,567,0,6,1138,0,1144,G
2-PB1,568,1119,0,1,0,1120,A
2-PB1,569,0,3,1141,0,1144,G
2-PB1,570,1135,0,2,0,1137,A
2-PB1,571,1,0,1169,0,1170,G
2-PB1,572,1,1164,0,0,1165,T
2-PB1,573,1166,0,0,0,1166,A
2-PB1,574,1162,0,3,0,1165,A
2-PB1,575,1,3,1163,0,1167,G
2-PB1,576,0,3,1175,0,1178,G
2-PB1,577,0,7,1169,0,1176,G
2-PB1,578,1156,0,0,0,1156,A
2-PB1,579,0,0,0,1181,1181,C
2-PB1,580,1135,0,1,0,1136,A
2-PB1,581,1140,0,1,0,1141,A
2-PB1,582,1,0,0,1137,1138,C
2-PB1,583,1137,0,0,0,1137,A
2-PB1,584,0,1127,0,0,1127,T
2-PB1,585,0,6,1117,0,1123,G
2-PB1,586,1119,0,1,1,1121,A
2-PB1,587,1,0,0,1119,1120,C
2-PB1,588,3,0,0,1103,1106,C
2-PB1,589,1108,2,0,0,1110,A
2-PB1,590,1109,0,1,0,1110,A
2-PB1,591,1,3,1111,0,1115,G
2-PB1,592,1112,0,1,1,1114,A
2-PB1,593,1108,2,1,1,1112,A
2-PB1,594,1104,0,1,0,1105,A
2-PB1,595,1103,0,0,0,1103,A
2-PB1,596,0,1099,0,0,1099,T
2-PB1,597,0,3,1099,0,1102,G
2-PB1,598,1,1,1106,0,1108,G
2-PB1,599,0,1097,0,1,1098,T
2-PB1,600,7,0,0,1089,1096,C
2-PB1,601,1102,0,1,0,1103,A
2-PB1,602,1,1,0,1205,1207,C
2-PB1,603,1234,0,1,0,1235,A
2-PB1,604,1,0,0,1243,1244,C
2-PB1,605,1234,0,0,1,1235,A
2-PB1,606,1292,0,1,1,1294,A
2-PB1,607,1291,0,0,0,1291,A
2-PB1,608,0,4,1402,0,1406,G
2-PB1,609,1399,0,4,1,1404,A
2-PB1,610,1414,1,1,0,1416,A
2-PB1,611,0,2,0,1467,1469,C
2-PB1,612,1432,0,0,0,1432,A
2-PB1,613,1450,0,0,0,1450,A
2-PB1,614,0,1446,0,1,1447,T
2-PB1,615,1431,0,2,0,1433,A
2-PB1,616,1,5,1425,0,1431,G
2-PB1,617,2,7,1388,0,1397,G
2-PB1,618,0,2,1399,0,1401,G
2-PB1,619,1389,1,1,0,1391,A
2-PB1,620,1371,0,1,1,1373,A
2-PB1,621,1,1,1395,0,1397,G
2-PB1,622,1398,1,0,0,1399,A
2-PB1,623,1396,0,0,0,1396,A
2-PB1,624,1394,0,0,0,1394,A
2-PB1,625,1401,1,1,0,1403,A
2-PB1,626,1445,0,0,1,1446,A
2-PB1,627,1442,0,1,1,1444,A
2-PB1,628,0,0,0,1447,1447,C
2-PB1,629,1437,1,0,0,1438,A
2-PB1,630,1434,0,0,1,1435,A
2-PB1,631,1425,0,1,0,1426,A
2-PB1,632,0,8,1475,0,1483,G
2-PB1,633,1481,0,0,0,1481,A
2-PB1,634,0,0,1558,0,1558,G
2-PB1,635,0,1545,0,0,1545,T
2-PB1,636,2,9,1850,0,1861,G
2-PB1,637,1865,0,1,1,1867,A
2-PB1,638,1871,1,3,0,1875,A
2-PB1,639,0,1918,0,1,1919,T
2-PB1,640,1926,1,1,0,1928,A
2-PB1,641,1911,0,2,1,1914,A
2-PB1,642,2,5,1921,0,1928,G
2-PB1,643,1881,0,4,0,1885,A
2-PB1,644,5,4,1891,1,1901,G
2-PB1,645,1805,1,4,0,1810,A
2-PB1,646,0,6,1825,0,1831,G
2-PB1,647,0,0,1824,0,1824,G
2-PB1,648,2,0,0,1820,1822,C
2-PB1,649,0,1814,0,1,1815,T
2-PB1,650,1882,0,0,1,1883,A
2-PB1,651,0,0,0,1995,1995,C
2-PB1,652,0,0,0,1990,1990,C
2-PB1,653,0,2010,1,2,2013,T
2-PB1,654,2111,0,0,0,2111,A
2-PB1,655,2105,1,0,1,2107,A
2-PB1,656,1,2112,0,2,2115,T
2-PB1,657,2111,0,0,0,2111,A
2-PB1,658,2104,1,3,0,2108,A
2-PB1,659,1,11,2105,0,2117,G
2-PB1,660,2059,0,1,0,2060,A
2-PB1,661,0,0,2084,0,2084,G
2-PB1,662,2,0,0,2096,2098,C
2-PB1,663,0,2073,0,1,2074,T
2-PB1,664,1,2078,0,0,2079,T
2-PB1,665,0,2081,0,1,2082,T
2-PB1,666,0,10,2076,0,2086,G
2-PB1,667,2122,0,3,0,2125,A
2-PB1,668,1,0,0,2139,2140,C
2-PB1,669,2136,1,1,0,2138,A
2-PB1,670,0,2127,0,1,2128,T
2-PB1,671,1,2107,1,2,2111,T
2-PB1,672,1,19,2136,0,2156,G
2-PB1,673,2158,0,0,1,2159,A
2-PB1,674,2157,0,1,1,2159,A
2-PB1,675,1,0,0,2160,2161,C
2-PB1,676,2137,0,2,0,2139,A
2-PB1,677,3,2,0,2140,2145,C
2-PB1,678,1,2,2136,0,2139,G
2-PB1,679,2147,1,2,0,2150,A
2-PB1,680,0,2157,0,1,2158,T
2-PB1,681,0,23,2192,0,2215,G
2-PB1,682,2217,0,2,0,2219,A
2-PB1,683,1,4,0,2218,2223,C
2-PB1,684,5,1,0,2211,2217,C
2-PB1,685,2228,0,1,0,2229,A
2-PB1,686,2257,0,0,0,2257,A
2-PB1,687,2258,0,2,0,2260,A
2-PB1,688,2,2,2308,0,2312,G
2-PB1,689,2341,0,2,0,2343,A
2-PB1,690,1,2305,0,4,2310,T
2-PB1,691,1,0,2316,0,2317,G
2-PB1,692,1,2,0,2312,2315,C
2-PB1,693,2313,0,2,0,2315,A
2-PB1,694,3,1,2336,0,2340,G
2-PB1,695,2304,0,4,0,2308,A
2-PB1,696,0,7,2306,0,2313,G
2-PB1,697,2248,0,3,0,2251,A
2-PB1,698,0,2,2238,0,2240,G
2-PB1,699,2213,0,9,1,2223,A
2-PB1,700,1,5,2215,0,2221,G
2-PB1,701,0,3,2223,0,2226,G
2-PB1,702,0,1,0,2217,2218,C
2-PB1,703,2204,0,0,0,2204,A
2-PB1,704,2208,1,4,0,2213,A
2-PB1,705,2224,0,0,0,2224,A
2-PB1,706,1,2231,0,0,2232,T
2-PB1,707,0,2221,0,0,2221,T
2-PB1,708,2240,2,0,0,2242,A
2-PB1,709,2235,0,3,0,2238,A
2-PB1,710,2251,1,0,0,2252,A
2-PB1,711,2259,0,0,0,2259,A
2-PB1,712,2260,1,3,0,2264,A
2-PB1,713,0,3,2270,0,2273,G
2-PB1,714,2250,0,0,0,2250,A
2-PB1,715,2236,0,7,0,2243,A
2-PB1,716,0,1,2283,0,2284,G
2-PB1,717,0,3,2337,0,2340,G
2-PB1,718,0,2,2348,0,2350,G
2-PB1,719,0,0,0,2372,2372,C
2-PB1,720,0,2362,0,2,2364,T
2-PB1,721,2387,1,1,0,2389,A
2-PB1,722,0,2413,1,4,2418,T
2-PB1,723,0,2420,0,1,2421,T
2-PB1,724,0,1,2428,0,2429,G
2-PB1,725,1,0,0,2405,2406,C
2-PB1,726,2337,1,1,0,2339,A
2-PB1,727,2340,0,1,0,2341,A
2-PB1,728,2,0,0,2350,2352,C
2-PB1,729,2352,0,2,1,2355,A
2-PB1,730,1,0,0,2359,2360,C
2-PB1,731,3,3,0,2301,2307,C
2-PB1,732,5,0,1,2310,2316,C
2-PB1,733,2,9,2304,0,2315,G
2-PB1,734,1,2,2321,0,2324,G
2-PB1,735,3,1,2325,1,2330,G
2-PB1,736,2331,0,2,0,2333,A
2-PB1,737,0,2317,0,0,2317,T
2-PB1,738,0,2,2320,0,2322,G
2-PB1,739,3,0,0,2300,2303,C
2-PB1,740,2336,0,1,0,2337,A
2-PB1,741,2386,1,0,0,2387,A
2-PB1,742,2408,0,0,0,2408,A
2-PB1,743,0,2418,1,0,2419,T
2-PB1,744,0,2421,4,0,2425,T
2-PB1,745,2405,1,0,0,2406,A
2-PB1,746,0,3,2403,0,2406,G
2-PB1,747,2382,0,4,0,2386,A
2-PB1,748,1,3,2399,0,2403,G
2-PB1,749,0,8,2351,0,2359,G
2-PB1,750,0,2,2441,0,2443,G
2-PB1,751,0,2431,0,1,2432,T
2-PB1,752,0,2430,0,3,2433,T
2-PB1,753,11,3,0,2422,2436,C
2-PB1,754,1,1,2469,0,2471,G
2-PB1,755,2,2460,0,4,2466,T
2-PB1,756,3,0,2473,0,2476,G
2-PB1,757,0,2465,0,1,2466,T
2-PB1,758,2456,0,0,0,2456,A
2-PB1,759,2,0,0,2445,2447,C
2-PB1,760,0,2308,0,2,2310,T
2-PB1,761,0,2318,0,0,2318,T
2-PB1,762,0,0,0,2305,2305,C
2-PB1,763,1,1,2307,0,2309,G
2-PB1,764,0,2296,0,1,2297,T
2-PB1,765,0,2300,0,1,2301,T
2-PB1,766,0,5,2295,0,2300,G
2-PB1,767,2301,0,1,1,2303,A
2-PB1,768,2291,0,1,0,2292,A
2-PB1,769,2311,0,1,1,2313,A
2-PB1,770,1,1,0,2323,2325,C
2-PB1,771,0,2297,0,1,2298,T
2-PB1,772,0,2283,0,0,2283,T
2-PB1,773,0,2292,0,0,2292,T
2-PB1,774,2329,0,1,0,2330,A
2-PB1,775,1,0,2338,0,2339,G
2-PB1,776,0,0,0,2351,2351,C
2-PB1,777,0,2346,0,2,2348,T
2-PB1,778,2314,1,1,1,2317,A
2-PB1,779,0,4,2316,0,2320,G
2-PB1,780,2321,0,0,0,2321,A
2-PB1,781,2317,0,5,0,2322,A
2-PB1,782,0,2,2324,0,2326,G
2-PB1,783,0,2,0,2290,2292,C
2-PB1,784,2296,0,0,0,2296,A
2-PB1,785,3,2273,0,1,2277,T
2-PB1,786,1,2280,1,0,2282,T
2-PB1,787,0,2282,0,1,2283,T
2-PB1,788,1,0,2288,0,2289,G
2-PB1,789,2,2,0,2275,2279,C
2-PB1,790,1,9,2278,0,2288,G
2-PB1,791,2278,1,0,0,2279,A
2-PB1,792,2266,0,0,0,2266,A
2-PB1,793,2265,1,1,0,2267,A
2-PB1,794,2376,0,4,0,2380,A
2-PB1,795,0,1,2412,0,2413,G
2-PB1,796,3,0,0,2414,2417,C
2-PB1,797,0,2408,1,2,2411,T
2-PB1,798,0,2407,0,1,2408,T
2-PB1,799,0,16,2396,0,2412,G
2-PB1,800,2410,1,1,0,2412,A
2-PB1,801,2421,0,1,0,2422,A
2-PB1,802,0,0,0,2429,2429,C
2-PB1,803,2377,0,1,0,2378,A
2-PB1,804,0,0,2599,0,2599,G
2-PB1,805,2,2564,0,2,2568,T
2-PB1,806,7,0,0,2566,2573,C
2-PB1,807,1,2573,0,2,2576,T
2-PB1,808,5,7,2577,0,2589,G
2-PB1,809,1,9,2580,1,2591,G
2-PB1,810,2587,1,1,0,2589,A
2-PB1,811,1,1,0,2601,2603,C
2-PB1,812,0,2527,1,2,2530,T
2-PB1,813,0,2359,0,1,2360,T
2-PB1,814,4,0,0,2346,2350,C
2-PB1,815,5,2,2,2352,2361,C
2-PB1,816,4,7,2357,0,2368,G
2-PB1,817,0,2,2387,0,2389,G
2-PB1,818,2,2372,0,1,2375,T
2-PB1,819,0,2366,1,0,2367,T
2-PB1,820,1,5,2354,0,2360,G
2-PB1,821,2,6,2367,0,2375,G
2-PB1,822,1,4,2377,0,2382,G
2-PB1,823,1,4,2374,0,2379,G
2-PB1,824,1,0,2396,1,2398,G
2-PB1,825,0,2382,1,0,2383,T
2-PB1,826,2377,0,1,1,2379,A
2-PB1,827,2393,1,1,0,2395,A
2-PB1,828,0,2389,1,0,2390,T
2-PB1,829,0,3,2399,1,2403,G
2-PB1,830,2370,0,2,0,2372,A
2-PB1,831,2351,0,0,0,2351,A
2-PB1,832,2358,1,0,0,2359,A
2-PB1,833,2347,0,3,0,2350,A
2-PB1,834,0,2,2345,0,2347,G
2-PB1,835,2320,1,0,0,2321,A
2-PB1,836,2301,0,7,0,2308,A
2-PB1,837,1,7,2330,0,2338,G
2-PB1,838,0,2,2322,0,2324,G
2-PB1,839,2,0,0,2319,2321,C
2-PB1,840,6,1,0,2312,2319,C
2-PB1,841,2324,0,0,0,2324,A
2-PB1,842,2326,1,1,0,2328,A
2-PB1,843,2326,0,1,0,2327,A
2-PB1,844,0,1,1,2323,2325,C
2-PB1,845,0,2320,0,1,2321,T
2-PB1,846,1,3,2362,0,2366,G
2-PB1,847,1,1,2361,0,2363,G
2-PB1,848,0,1,0,2371,2372,C
2-PB1,849,2378,0,0,0,2378,A
2-PB1,850,2371,0,0,0,2371,A
2-PB1,851,2378,0,0,0,2378,A
2-PB1,852,0,2382,1,0,2383,T
2-PB1,853,2,0,2381,0,2383,G
2-PB1,854,0,2378,0,2,2380,T
2-PB1,855,0,2300,1,2,2303,T
2-PB1,856,0,0,2306,0,2306,G
2-PB1,857,0,2304,1,1,2306,T
2-PB1,858,4,6,2303,0,2313,G
2-PB1,859,2304,2,5,0,2311,A
2-PB1,860,0,8,2309,0,2317,G
2-PB1,861,2308,0,2,0,2310,A
2-PB1,862,2287,2,0,1,2290,A
2-PB1,863,2289,0,2,1,2292,A
2-PB1,864,2297,1,0,0,2298,A
2-PB1,865,2305,1,2,0,2308,A
2-PB1,866,0,2300,1,1,2302,T
2-PB1,867,1,6,2296,0,2303,G
2-PB1,868,2301,0,1,0,2302,A
2-PB1,869,1,2278,2,0,2281,T
2-PB1,870,0,7,2294,0,2301,G
2-PB1,871,2296,0,3,0,2299,A
2-PB1,872,2,0,0,2317,2319,C
2-PB1,873,0,2294,0,4,2298,T
2-PB1,874,2281,0,1,2,2284,A
2-PB1,875,2321,0,0,0,2321,A
2-PB1,876,0,2326,0,0,2326,T
2-PB1,877,0,2338,1,1,2340,T
2-PB1,878,10,2,1,2347,2360,C
2-PB1,879,2340,0,4,0,2344,A
2-PB1,880,2,0,0,2363,2365,C
2-PB1,881,2333,0,1,0,2334,A
2-PB1,882,2335,0,2,0,2337,A
2-PB1,883,0,7,2332,0,2339,G
2-PB1,884,2390,0,0,0,2390,A
2-PB1,885,1,0,0,2387,2388,C
2-PB1,886,2363,1,1,0,2365,A
2-PB1,887,2,0,0,2369,2371,C
2-PB1,888,2345,0,3,1,2349,A
2-PB1,889,0,5,2358,0,2363,G
2-PB1,890,2344,0,2,0,2346,A
2-PB1,891,0,2,2372,0,2374,G
2-PB1,892,1,1,0,2350,2352,C
2-PB1,893,1,2301,0,5,2307,T
2-PB1,894,0,2326,2,0,2328,T
2-PB1,895,1,2333,0,0,2334,T
2-PB1,896,4,0,0,2340,2344,C
2-PB1,897,0,2336,1,4,2341,T
2-PB1,898,0,2318,0,1,2319,T
2-PB1,899,0,2316,0,4,2320,T
2-PB1,900,7,0,0,2311,2318,C
2-PB1,901,2310,1,2,1,2314,A
2-PB1,902,1,0,0,2326,2327,C
2-PB1,903,2278,0,2,1,2281,A
2-PB1,904,2302,2,0,0,2304,A
2-PB1,905,0,2322,0,0,2322,T
2-PB1,906,11,0,0,2347,2358,C
2-PB1,907,2362,0,0,0,2362,A
2-PB1,908,0,0,0,2374,2374,C
2-PB1,909,0,2345,0,4,2349,T
2-PB1,910,0,5,2361,0,2366,G
2-PB1,911,2,6,2334,0,2342,G
2-PB1,912,2,5,2424,0,2431,G
2-PB1,913,1,12,2406,2,2421,G
2-PB1,914,2370,0,1,0,2371,A
2-PB1,915,1,1,0,2279,2281,C
2-PB1,916,2296,0,3,0,2299,A
2-PB1,917,2471,0,0,0,2471,A
2-PB1,918,1,0,0,2487,2488,C
2-PB1,919,2487,0,0,0,2487,A
2-PB1,920,1,2,1,2475,2479,C
2-PB1,921,1,2368,1,1,2371,T
2-PB1,922,2386,0,4,0,2390,A
2-PB1,923,2375,1,2,0,2378,A
2-PB1,924,0,0,2401,0,2401,G
2-PB1,925,1,2378,0,1,2380,T
2-PB1,926,0,5,2184,0,2189,G
2-PB1,927,0,2,2161,0,2163,G
2-PB1,928,2150,0,3,0,2153,A
2-PB1,929,2154,0,4,0,2158,A
2-PB1,930,0,2155,0,0,2155,T
2-PB1,931,1,5,2144,0,2150,G
2-PB1,932,2151,0,1,0,2152,A
2-PB1,933,2120,3,1,0,2124,A
2-PB1,934,2137,0,3,0,2140,A
2-PB1,935,2138,1,0,0,2139,A
2-PB1,936,1,2130,0,1,2132,T
2-PB1,937,4,0,0,2126,2130,C
2-PB1,938,2128,0,3,0,2131,A
2-PB1,939,2127,0,1,0,2128,A
2-PB1,940,2124,1,0,0,2125,A
2-PB1,941,2124,0,4,0,2128,A
2-PB1,942,0,1,0,2134,2135,C
2-PB1,943,5,1,0,2114,2120,C
2-PB1,944,2,1,0,2100,2103,C
2-PB1,945,1,2099,0,3,2103,T
2-PB1,946,1,2,0,2102,2105,C
2-PB1,947,0,4,2100,0,2104,G
2-PB1,948,2107,0,0,0,2107,A
2-PB1,949,2104,0,1,0,2105,A
2-PB1,950,1,2104,0,0,2105,T
2-PB1,951,1,0,2118,0,2119,G
2-PB1,952,0,2099,1,1,2101,T
2-PB1,953,2,2095,0,1,2098,T
2-PB1,954,0,2098,0,1,2099,T
2-PB1,955,0,2099,0,0,2099,T
2-PB1,956,1,2096,0,0,2097,T
2-PB1,957,1,3,2094,0,2098,G
2-PB1,958,0,1,2098,0,2099,G
2-PB1,959,2,0,0,2094,2096,C
2-PB1,960,0,3,2072,0,2075,G
2-PB1,961,2070,0,0,0,2070,A
2-PB1,962,0,2137,0,0,2137,T
2-PB1,963,0,6,2210,0,2216,G
2-PB1,964,2342,0,1,0,2343,A
2-PB1,965,0,2351,0,1,2352,T
2-PB1,966,0,2349,0,0,2349,T
2-PB1,967,2360,1,2,1,2364,A
2-PB1,968,1,0,0,2364,2365,C
2-PB1,969,2367,0,1,1,2369,A
2-PB1,970,0,2368,0,2,2370,T
2-PB1,971,2259,0,0,0,2259,A
2-PB1,972,2,3,0,2282,2287,C
2-PB1,973,2058,0,0,0,2058,A
2-PB1,974,1,2045,0,1,2047,T
2-PB1,975,6,0,0,2043,2049,C
2-PB1,976,2043,0,0,0,2043,A
2-PB1,977,2,0,0,2043,2045,C
2-PB1,978,2019,0,1,0,2020,A
2-PB1,979,2020,1,1,0,2022,A
2-PB1,980,2016,0,1,0,2017,A
2-PB1,981,2,7,1937,0,1946,G
2-PB1,982,2048,0,2,0,2050,A
2-PB1,983,2063,0,1,0,2064,A
2-PB1,984,1,2057,0,0,2058,T
2-PB1,985,9,0,0,2044,2053,C
2-PB1,986,2059,1,1,0,2061,A
2-PB1,987,2075,0,0,0,2075,A
2-PB1,988,2,2,0,2077,2081,C
2-PB1,989,3,0,0,2073,2076,C
2-PB1,990,0,1955,2,2,1959,T
2-PB1,991,0,7,1964,0,1971,G
2-PB1,992,1966,0,2,0,1968,A
2-PB1,993,0,1,1966,0,1967,G
2-PB1,994,0,1962,0,1,1963,T
2-PB1,995,1,11,1907,0,1919,G
2-PB1,996,0,0,2021,0,2021,G
2-PB1,997,0,2003,0,1,2004,T
2-PB1,998,1,2005,0,0,2006,T
2-PB1,999,13,1,0,1997,2011,C
2-PB1,1000,1984,0,2,0,1986,A
2-PB1,1001,0,10,2013,0,2023,G
2-PB1,1002,2016,0,3,1,2020,A
2-PB1,1003,2025,0,2,0,2027,A
2-PB1,1004,2013,0,1,0,2014,A
2-PB1,1005,0,0,0,1863,1863,C
2-PB1,1006,1867,1,2,1,1871,A
2-PB1,1007,1,1881,0,1,1883,T
2-PB1,1008,3,0,1,1885,1889,C
2-PB1,1009,2,0,0,1894,1896,C
2-PB1,1010,1,1826,0,1,1828,T
2-PB1,1011,1,10,1823,0,1834,G
2-PB1,1012,1827,0,1,0,1828,A
2-PB1,1013,0,0,1844,0,1844,G
2-PB1,1014,1,0,0,1833,1834,C
2-PB1,1015,1756,0,0,0,1756,A
2-PB1,1016,1,1756,0,2,1759,T
2-PB1,1017,3,1,0,1734,1738,C
2-PB1,1018,0,1,1735,0,1736,G
2-PB1,1019,1,1,0,1804,1806,C
2-PB1,1020,1804,2,3,0,1809,A
2-PB1,1021,3,0,0,1892,1895,C
2-PB1,1022,1,2,0,1877,1880,C
2-PB1,1023,1879,0,1,0,1880,A
2-PB1,1024,1900,0,1,0,1901,A
2-PB1,1025,0,1896,0,2,1898,T
2-PB1,1026,1901,0,0,0,1901,A
2-PB1,1027,1894,1,0,0,1895,A
2-PB1,1028,0,1827,0,1,1828,T
2-PB1,1029,0,2,1836,0,1838,G
2-PB1,1030,0,1789,0,0,1789,T
2-PB1,1031,1,1776,0,3,1780,T
2-PB1,1032,7,0,0,1773,1780,C
2-PB1,1033,1,1768,0,2,1771,T
2-PB1,1034,5,0,0,1768,1773,C
2-PB1,1035,1768,0,0,0,1768,A
2-PB1,1036,1766,0,1,0,1767,A
2-PB1,1037,1770,0,0,0,1770,A
2-PB1,1038,0,0,0,1784,1784,C
2-PB1,1039,1779,0,0,0,1779,A
2-PB1,1040,1781,0,0,1,1782,A
2-PB1,1041,1778,0,1,0,1779,A
2-PB1,1042,1779,0,4,0,1783,A
2-PB1,1043,0,1806,1,0,1807,T
2-PB1,1044,2,8,1798,0,1808,G
2-PB1,1045,3,1,1794,0,1798,G
2-PB1,1046,1,0,0,1803,1804,C
2-PB1,1047,1798,0,3,0,1801,A
2-PB1,1048,1797,0,3,0,1800,A
2-PB1,1049,0,7,1815,0,1822,G
2-PB1,1050,1831,0,0,0,1831,A
2-PB1,1051,0,1,0,1828,1829,C
2-PB1,1052,1,1791,1,2,1795,T
2-PB1,1053,1,2,1823,0,1826,G
2-PB1,1054,1,5,1823,0,1829,G
2-PB1,1055,0,7,1833,1,1841,G
2-PB1,1056,1847,0,1,0,1848,A
2-PB1,1057,1846,0,1,0,1847,A
2-PB1,1058,1829,0,2,0,1831,A
2-PB1,1059,1826,0,3,0,1829,A
2-PB1,1060,0,4,1888,0,1892,G
2-PB1,1061,0,6,1881,0,1887,G
2-PB1,1062,1887,1,2,0,1890,A
2-PB1,1063,2,1872,0,1,1875,T
2-PB1,1064,1865,0,0,0,1865,A
2-PB1,1065,1,0,0,1870,1871,C
2-PB1,1066,1892,0,0,0,1892,A
2-PB1,1067,1,1892,0,2,1895,T
2-PB1,1068,0,1,1911,0,1912,G
2-PB1,1069,1,1868,0,3,1872,T
2-PB1,1070,1,1866,0,5,1872,T
2-PB1,1071,11,7,0,1855,1873,C
2-PB1,1072,2,8,1868,0,1878,G
2-PB1,1073,1879,1,2,0,1882,A
2-PB1,1074,0,12,1910,0,1922,G
2-PB1,1075,1893,0,5,0,1898,A
2-PB1,1076,2,1,1919,0,1922,G
2-PB1,1077,0,1903,1,1,1905,T
2-PB1,1078,1902,0,0,0,1902,A
2-PB1,1079,1908,0,3,0,1911,A
2-PB1,1080,0,4,1921,0,1925,G
2-PB1,1081,1914,0,2,1,1917,A
2-PB1,1082,0,7,1930,0,1937,G
2-PB1,1083,1897,0,3,0,1900,A
2-PB1,1084,1906,0,1,0,1907,A
2-PB1,1085,0,1889,0,0,1889,T
2-PB1,1086,0,6,1874,0,1880,G
2-PB1,1087,1880,0,4,0,1884,A
2-PB1,1088,1864,0,3,0,1867,A
2-PB1,1089,0,0,1872,0,1872,G
2-PB1,1090,1,1,0,1853,1855,C
2-PB1,1091,0,1832,1,0,1833,T
2-PB1,1092,8,0,0,1836,1844,C
2-PB1,1093,1,0,0,1832,1833,C
2-PB1,1094,6,2,1824,0,1832,G
2-PB1,1095,0,3,1839,0,1842,G
2-PB1,1096,1843,0,3,0,1846,A
2-PB1,1097,2,1,0,1870,1873,C
2-PB1,1098,1874,3,2,0,1879,A
2-PB1,1099,2,0,0,1895,1897,C
2-PB1,1100,1889,0,0,0,1889,A
2-PB1,1101,1892,0,0,1,1893,A
2-PB1,1102,1895,0,1,1,1897,A
2-PB1,1103,0,1895,0,2,1897,T
2-PB1,1104,1898,0,1,0,1899,A
2-PB1,1105,0,1,0,1891,1892,C
2-PB1,1106,5,0,0,1878,1883,C
2-PB1,1107,3,1864,1,1,1869,T
2-PB1,1108,0,0,1880,0,1880,G
2-PB1,1109,0,1,0,1880,1881,C
2-PB1,1110,1880,0,1,0,1881,A
2-PB1,1111,0,5,1879,0,1884,G
2-PB1,1112,1874,0,0,0,1874,A
2-PB1,1113,1871,0,0,0,1871,A
2-PB1,1114,1879,0,2,0,1881,A
2-PB1,1115,1,1873,0,0,1874,T
2-PB1,1116,1,1,1875,0,1877,G
2-PB1,1117,1,1,0,1862,1864,C
2-PB1,1118,0,1863,0,3,1866,T
2-PB1,1119,1889,0,3,0,1892,A
2-PB1,1120,0,0,1893,0,1893,G
2-PB1,1121,0,1,0,1890,1891,C
2-PB1,1122,1887,0,2,0,1889,A
2-PB1,1123,1890,0,0,0,1890,A
2-PB1,1124,0,0,1879,0,1879,G
2-PB1,1125,0,1,0,1880,1881,C
2-PB1,1126,1855,0,0,0,1855,A
2-PB1,1127,0,1903,1,0,1904,T
2-PB1,1128,0,1904,0,1,1905,T
2-PB1,1129,1,4,1973,0,1978,G
2-PB1,1130,1992,0,3,0,1995,A
2-PB1,1131,2,0,0,1989,1991,C
2-PB1,1132,4,0,0,1994,1998,C
2-PB1,1133,0,1945,0,4,1949,T
2-PB1,1134,3,4,1975,0,1982,G
2-PB1,1135,1991,0,0,0,1991,A
2-PB1,1136,1988,1,3,0,1992,A
2-PB1,1137,0,0,2039,0,2039,G
2-PB1,1138,0,1973,0,3,1976,T
2-PB1,1139,1975,0,0,0,1975,A
2-PB1,1140,0,1971,0,1,1972,T
2-PB1,1141,1,1963,0,0,1964,T
2-PB1,1142,0,1954,0,0,1954,T
2-PB1,1143,9,1,0,1924,1934,C
2-PB1,1144,1925,2,4,0,1931,A
2-PB1,1145,1937,0,0,0,1937,A
2-PB1,1146,0,2,0,1887,1889,C
2-PB1,1147,0,4,1890,0,1894,G
2-PB1,1148,1897,0,0,0,1897,A
2-PB1,1149,1893,0,0,0,1893,A
2-PB1,1150,1,1890,0,6,1897,T
2-PB1,1151,8,0,0,1911,1919,C
2-PB1,1152,1912,0,2,0,1914,A
2-PB1,1153,1921,0,0,1,1922,A
2-PB1,1154,0,0,0,1917,1917,C
2-PB1,1155,1916,0,2,0,1918,A
2-PB1,1156,1914,0,0,0,1914,A
2-PB1,1157,0,2,1904,0,1906,G
2-PB1,1158,1,2,1925,0,1928,G
2-PB1,1159,1922,1,3,0,1926,A
2-PB1,1160,1925,0,2,0,1927,A
2-PB1,1161,0,8,1925,0,1933,G
2-PB1,1162,1929,1,1,0,1931,A
2-PB1,1163,1929,0,0,1,1930,A
2-PB1,1164,1919,0,4,0,1923,A
2-PB1,1165,1921,0,2,0,1923,A
2-PB1,1166,0,1919,1,1,1921,T
2-PB1,1167,1,1896,0,0,1897,T
2-PB1,1168,0,7,1895,1,1903,G
2-PB1,1169,1892,0,3,0,1895,A
2-PB1,1170,0,2,1900,0,1902,G
2-PB1,1171,1900,0,0,0,1900,A
2-PB1,1172,1912,0,1,0,1913,A
2-PB1,1173,1931,0,1,2,1934,A
2-PB1,1174,1944,1,0,0,1945,A
2-PB1,1175,1,1947,0,0,1948,T
2-PB1,1176,1950,0,1,0,1951,A
2-PB1,1177,1945,0,2,0,1947,A
2-PB1,1178,4,3,1952,0,1959,G
2-PB1,1179,0,1,1957,0,1958,G
2-PB1,1180,3,1,0,1946,1950,C
2-PB1,1181,3,3,0,1942,1948,C
2-PB1,1182,2,1923,0,6,1931,T
2-PB1,1183,1,0,0,2192,2193,C
2-PB1,1184,0,2215,0,2,2217,T
2-PB1,1185,2,2217,0,0,2219,T
2-PB1,1186,3,2,0,2275,2280,C
2-PB1,1187,0,2266,0,0,2266,T
2-PB1,1188,2270,0,1,0,2271,A
2-PB1,1189,2279,0,2,0,2281,A
2-PB1,1190,0,2275,1,0,2276,T
2-PB1,1191,2283,1,0,0,2284,A
2-PB1,1192,0,4,2230,0,2234,G
2-PB1,1193,2018,0,1,0,2019,A
2-PB1,1194,0,2016,0,1,2017,T
2-PB1,1195,1,8,1981,0,1990,G
2-PB1,1196,0,1,2015,0,2016,G
2-PB1,1197,1,0,0,2010,2011,C
2-PB1,1198,2015,0,1,0,2016,A
2-PB1,1199,2,1,0,2019,2022,C
2-PB1,1200,1994,0,0,0,1994,A
2-PB1,1201,0,1,2068,0,2069,G
2-PB1,1202,0,3,0,2063,2066,C
2-PB1,1203,2072,0,2,0,2074,A
2-PB1,1204,0,2131,1,3,2135,T
2-PB1,1205,6,2,0,2098,2106,C
2-PB1,1206,2130,0,1,0,2131,A
2-PB1,1207,0,2123,1,2,2126,T
2-PB1,1208,0,2104,1,1,2106,T
2-PB1,1209,1,2,2099,0,2102,G
2-PB1,1210,2016,1,4,0,2021,A
2-PB1,1211,0,0,2086,0,2086,G
2-PB1,1212,1,0,0,2074,2075,C
2-PB1,1213,3,0,0,2043,2046,C
2-PB1,1214,5,0,0,2089,2094,C
2-PB1,1215,1,2071,0,6,2078,T
2-PB1,1216,2,5,2212,0,2219,G
2-PB1,1217,1,4,2259,0,2264,G
2-PB1,1218,2260,1,6,0,2267,A
2-PB1,1219,2322,0,1,0,2323,A
2-PB1,1220,0,2236,0,0,2236,T
2-PB1,1221,3,2,2301,0,2306,G
2-PB1,1222,2350,0,4,0,2354,A
2-PB1,1223,0,2356,0,3,2359,T
2-PB1,1224,2,6,2355,0,2363,G
2-PB1,1225,2334,1,2,0,2337,A
2-PB1,1226,0,2303,0,0,2303,T
2-PB1,1227,1,6,2290,0,2297,G
2-PB1,1228,0,5,2331,0,2336,G
2-PB1,1229,0,1,2339,0,2340,G
2-PB1,1230,1,0,0,2318,2319,C
2-PB1,1231,2324,0,1,0,2325,A
2-PB1,1232,1,2334,0,1,2336,T
2-PB1,1233,5,0,2431,0,2436,G
2-PB1,1234,0,2442,0,1,2443,T
2-PB1,1235,0,2487,0,1,2488,T
2-PB1,1236,12,1,0,2487,2500,C
2-PB1,1237,2495,0,0,1,2496,A
2-PB1,1238,2502,0,3,1,2506,A
2-PB1,1239,0,3,0,2504,2507,C
2-PB1,1240,2507,0,4,1,2512,A
2-PB1,1241,0,2507,0,2,2509,T
2-PB1,1242,0,1,2488,0,2489,G
2-PB1,1243,0,0,0,2489,2489,C
2-PB1,1244,0,2476,1,2,2479,T
2-PB1,1245,3,11,2440,0,2454,G
2-PB1,1246,2521,2,1,0,2524,A
2-PB1,1247,0,1,2560,0,2561,G
2-PB1,1248,0,2561,0,0,2561,T
2-PB1,1249,2546,0,1,0,2547,A
2-PB1,1250,0,2,0,2566,2568,C
2-PB1,1251,2,7,2574,0,2583,G
2-PB1,1252,0,1,2797,0,2798,G
2-PB1,1253,0,2793,1,1,2795,T
2-PB1,1254,1,2752,0,0,2753,T
2-PB1,1255,1,2750,0,0,2751,T
2-PB1,1256,1,2738,1,2,2742,T
2-PB1,1257,2742,1,0,1,2744,A
2-PB1,1258,1,3,2741,0,2745,G
2-PB1,1259,0,13,2725,0,2738,G
2-PB1,1260,2663,2,4,0,2669,A
2-PB1,1261,0,1,2657,0,2658,G
2-PB1,1262,0,2668,0,2,2670,T
2-PB1,1263,11,0,0,2659,2670,C
2-PB1,1264,0,2668,0,1,2669,T
2-PB1,1265,6,1,0,2662,2669,C
2-PB1,1266,1,3,2674,0,2678,G
2-PB1,1267,2767,0,2,0,2769,A
2-PB1,1268,0,2768,1,1,2770,T
2-PB1,1269,2788,2,0,0,2790,A
2-PB1,1270,3,0,0,2790,2793,C
2-PB1,1271,0,2737,0,2,2739,T
2-PB1,1272,0,17,2731,1,2749,G
2-PB1,1273,2741,0,0,0,2741,A
2-PB1,1274,2793,0,0,0,2793,A
2-PB1,1275,0,2795,0,1,2796,T
2-PB1,1276,7,1,0,2710,2718,C
2-PB1,1277,0,2702,2,4,2708,T
2-PB1,1278,0,2694,0,0,2694,T
2-PB1,1279,0,5,2692,1,2698,G
2-PB1,1280,1,6,2705,0,2712,G
2-PB1,1281,2698,1,2,0,2701,A
2-PB1,1282,1,1,0,2706,2708,C
2-PB1,1283,2645,0,0,0,2645,A
2-PB1,1284,2667,0,0,0,2667,A
2-PB1,1285,2681,0,3,0,2684,A
2-PB1,1286,2695,0,4,0,2699,A
2-PB1,1287,0,0,2743,0,2743,G
2-PB1,1288,2741,0,3,0,2744,A
2-PB1,1289,2735,0,1,0,2736,A
2-PB1,1290,2739,1,3,0,2743,A
2-PB1,1291,0,2741,0,2,2743,T
2-PB1,1292,2752,0,5,0,2757,A
2-PB1,1293,1,1,1,2843,2846,C
2-PB1,1294,2813,0,7,0,2820,A
2-PB1,1295,1,2,0,2826,2829,C
2-PB1,1296,11,1,0,2772,2784,C
2-PB1,1297,2776,0,0,0,2776,A
2-PB1,1298,2803,0,2,0,2805,A
2-PB1,1299,4,11,2886,0,2901,G
2-PB1,1300,2938,0,4,0,2942,A
2-PB1,1301,0,1,0,2965,2966,C
2-PB1,1302,2890,1,0,0,2891,A
2-PB1,1303,2993,1,4,0,2998,A
2-PB1,1304,1,2,0,3010,3013,C
2-PB1,1305,3062,1,3,0,3066,A
2-PB1,1306,0,3077,0,1,3078,T
2-PB1,1307,3045,0,1,0,3046,A
2-PB1,1308,3,0,2,3121,3126,C
2-PB1,1309,0,3013,1,1,3015,T
2-PB1,1310,2,10,3040,0,3052,G
2-PB1,1311,1,5,3050,0,3056,G
2-PB1,1312,0,3001,0,3,3004,T
2-PB1,1313,0,9,2977,0,2986,G
2-PB1,1314,1,10,2936,1,2948,G
2-PB1,1315,3,4,2963,0,2970,G
2-PB1,1316,2967,1,3,0,2971,A
2-PB1,1317,1,2912,0,0,2913,T
2-PB1,1318,2,9,2911,0,2922,G
2-PB1,1319,3,3,2898,1,2905,G
2-PB1,1320,1,0,2918,1,2920,G
2-PB1,1321,0,0,0,2978,2978,C
2-PB1,1322,0,2956,2,7,2965,T
2-PB1,1323,3,2,0,2970,2975,C
2-PB1,1324,2,0,0,2970,2972,C
2-PB1,1325,2966,1,3,0,2970,A
2-PB1,1326,2975,1,0,3,2979,A
2-PB1,1327,1,2965,1,0,2967,T
2-PB1,1328,2,0,1,2963,2966,C
2-PB1,1329,2,3,0,2934,2939,C
2-PB1,1330,0,2914,0,6,2920,T
2-PB1,1331,3,0,0,2904,2907,C
2-PB1,1332,4,4,0,2890,2898,C
2-PB1,1333,2,10,2895,1,2908,G
2-PB1,1334,2899,1,0,0,2900,A
2-PB1,1335,0,1,0,2897,2898,C
2-PB1,1336,0,11,2890,0,2901,G
2-PB1,1337,2915,1,0,2,2918,A
2-PB1,1338,1,2903,0,2,2906,T
2-PB1,1339,0,2915,0,0,2915,T
2-PB1,1340,0,2908,0,1,2909,T
2-PB1,1341,0,2912,0,1,2913,T
2-PB1,1342,1,1,2924,0,2926,G
2-PB1,1343,1,5,1,2942,2949,C
2-PB1,1344,13,2,0,2937,2952,C
2-PB1,1345,10,1,1,3024,3036,C
2-PB1,1346,2,2975,0,7,2984,T
2-PB1,1347,7,1,0,3066,3074,C
2-PB1,1348,3097,2,2,0,3101,A
2-PB1,1349,0,3107,0,1,3108,T
2-PB1,1350,3108,0,1,0,3109,A
2-PB1,1351,0,2,3145,0,3147,G
2-PB1,1352,0,3110,0,2,3112,T
2-PB1,1353,0,5,3174,0,3179,G
2-PB1,1354,3078,0,2,0,3080,A
2-PB1,1355,3095,0,0,0,3095,A
2-PB1,1356,1,3000,0,0,3001,T
2-PB1,1357,0,4,3007,1,3012,G
2-PB1,1358,4,2,0,3052,3058,C
2-PB1,1359,3050,0,3,1,3054,A
2-PB1,1360,4,1,0,3042,3047,C
2-PB1,1361,5,1,0,3011,3017,C
2-PB1,1362,2974,0,1,0,2975,A
2-PB1,1363,2,7,2849,0,2858,G
2-PB1,1364,2853,1,1,0,2855,A
2-PB1,1365,0,2848,0,0,2848,T
2-PB1,1366,7,0,0,3035,3042,C
2-PB1,1367,3039,0,2,0,3041,A
2-PB1,1368,1,3047,0,0,3048,T
2-PB1,1369,3,8,3044,0,3055,G
2-PB1,1370,3051,1,6,1,3059,A
2-PB1,1371,1,11,3065,0,3077,G
2-PB1,1372,1,5,3009,0,3015,G
2-PB1,1373,2,3,3040,0,3045,G
2-PB1,1374,3025,0,5,1,3031,A
2-PB1,1375,3065,0,3,0,3068,A
2-PB1,1376,0,3073,1,2,3076,T
2-PB1,1377,3076,0,0,1,3077,A
2-PB1,1378,1,1,0,3075,3077,C
2-PB1,1379,3073,0,4,0,3077,A
2-PB1,1380,3076,2,1,0,3079,A
2-PB1,1381,0,2,3073,0,3075,G
2-PB1,1382,0,2,0,3052,3054,C
2-PB1,1383,3038,0,2,0,3040,A
2-PB1,1384,0,7,3057,0,3064,G
2-PB1,1385,0,15,3048,1,3064,G
2-PB1,1386,3051,0,5,1,3057,A
2-PB1,1387,3,8,3073,0,3084,G
2-PB1,1388,1,3036,1,0,3038,T
2-PB1,1389,1,7,3057,0,3065,G
2-PB1,1390,0,3,3067,0,3070,G
2-PB1,1391,3066,1,4,0,3071,A
2-PB1,1392,1,3070,0,0,3071,T
2-PB1,1393,3039,0,0,0,3039,A
2-PB1,1394,3,9,3042,0,3054,G
2-PB1,1395,3087,1,0,0,3088,A
2-PB1,1396,0,3094,1,1,3096,T
2-PB1,1397,0,3077,0,1,3078,T
2-PB1,1398,9,0,0,3162,3171,C
2-PB1,1399,0,3152,0,1,3153,T
2-PB1,1400,3153,2,0,0,3155,A
2-PB1,1401,2,2,0,3151,3155,C
2-PB1,1402,3091,0,1,0,3092,A
2-PB1,1403,2,3,3097,0,3102,G
2-PB1,1404,1,13,3018,0,3032,G
2-PB1,1405,3052,0,0,0,3052,A
2-PB1,1406,2,0,1,3041,3044,C
2-PB1,1407,5,1,0,2953,2959,C
2-PB1,1408,0,2911,0,9,2920,T
2-PB1,1409,0,0,2933,0,2933,G
2-PB1,1410,1,2,0,2926,2929,C
2-PB1,1411,2934,0,0,0,2934,A
2-PB1,1412,2958,0,2,0,2960,A
2-PB1,1413,0,0,2971,0,2971,G
2-PB1,1414,1,2920,0,2,2923,T
2-PB1,1415,0,2923,0,0,2923,T
2-PB1,1416,2878,0,2,0,2880,A
2-PB1,1417,0,0,2884,0,2884,G
2-PB1,1418,0,2858,0,2,2860,T
2-PB1,1419,2,5,2856,0,2863,G
2-PB1,1420,0,8,2863,0,2871,G
2-PB1,1421,1,5,2867,0,2873,G
2-PB1,1422,2864,1,1,0,2866,A
2-PB1,1423,2882,0,2,0,2884,A
2-PB1,1424,0,2879,1,2,2882,T
2-PB1,1425,18,2,0,2871,2891,C
2-PB1,1426,2879,0,3,1,2883,A
2-PB1,1427,2882,1,3,0,2886,A
2-PB1,1428,3,1,0,2881,2885,C
2-PB1,1429,2880,0,0,0,2880,A
2-PB1,1430,0,2818,2,1,2821,T
2-PB1,1431,1,23,2805,1,2830,G
2-PB1,1432,2824,1,1,0,2826,A
2-PB1,1433,1,1,2865,0,2867,G
2-PB1,1434,0,1,0,2856,2857,C
2-PB1,1435,2845,0,1,0,2846,A
2-PB1,1436,2838,0,2,1,2841,A
2-PB1,1437,2851,1,2,0,2854,A
2-PB1,1438,2884,0,0,1,2885,A
2-PB1,1439,2880,0,0,0,2880,A
2-PB1,1440,0,4,2881,0,2885,G
2-PB1,1441,2840,1,0,0,2841,A
2-PB1,1442,2812,2,4,0,2818,A
2-PB1,1443,0,0,2922,0,2922,G
2-PB1,1444,1,2912,1,3,2917,T
2-PB1,1445,8,1,1,2914,2924,C
2-PB1,1446,5,3,0,2925,2933,C
2-PB1,1447,0,2915,0,0,2915,T
2-PB1,1448,2965,0,3,0,2968,A
2-PB1,1449,1,2962,0,1,2964,T
2-PB1,1450,2967,0,1,0,2968,A
2-PB1,1451,0,2964,0,1,2965,T
2-PB1,1452,2892,0,1,0,2893,A
2-PB1,1453,2897,0,1,1,2899,A
2-PB1,1454,2895,0,0,0,2895,A
2-PB1,1455,0,2888,0,0,2888,T
2-PB1,1456,2856,0,2,0,2858,A
2-PB1,1457,2848,1,0,0,2849,A
2-PB1,1458,2856,1,1,0,2858,A
2-PB1,1459,2862,0,1,0,2863,A
2-PB1,1460,0,1,0,2864,2865,C
2-PB1,1461,2730,0,1,0,2731,A
2-PB1,1462,3,9,2712,0,2724,G
2-PB1,1463,2,10,2719,0,2731,G
2-PB1,1464,0,7,2721,0,2728,G
2-PB1,1465,2725,0,5,0,2730,A
2-PB1,1466,1,2,0,2764,2767,C
2-PB1,1467,2748,0,0,0,2748,A
2-PB1,1468,0,2760,1,1,2762,T
2-PB1,1469,0,2757,0,1,2758,T
2-PB1,1470,0,2763,0,0,2763,T
2-PB1,1471,1,18,2751,0,2770,G
2-PB1,1472,2745,1,1,0,2747,A
2-PB1,1473,2751,0,0,0,2751,A
2-PB1,1474,2,2749,1,4,2756,T
2-PB1,1475,0,2683,1,2,2686,T
2-PB1,1476,17,3,0,2686,2706,C
2-PB1,1477,2675,0,1,1,2677,A
2-PB1,1478,1,0,0,2678,2679,C
2-PB1,1479,0,2675,0,1,2676,T
2-PB1,1480,2679,0,0,0,2679,A
2-PB1,1481,2,1,2672,1,2676,G
2-PB1,1482,2,2,1,2668,2673,C
2-PB1,1483,0,2642,2,3,2647,T
2-PB1,1484,1,2677,0,2,2680,T
2-PB1,1485,0,2661,0,1,2662,T
2-PB1,1486,0,2663,0,0,2663,T
2-PB1,1487,1,2660,2,1,2664,T
2-PB1,1488,0,2653,1,1,2655,T
2-PB1,1489,0,2644,0,2,2646,T
2-PB1,1490,2646,1,0,0,2647,A
2-PB1,1491,0,2633,0,1,2634,T
2-PB1,1492,6,1,0,2640,2647,C
2-PB1,1493,0,6,2661,0,2667,G
2-PB1,1494,2733,0,2,0,2735,A
2-PB1,1495,0,2755,0,0,2755,T
2-PB1,1496,2752,0,4,0,2756,A
2-PB1,1497,0,2777,0,0,2777,T
2-PB1,1498,1,4,2770,0,2775,G
2-PB1,1499,0,8,2785,0,2793,G
2-PB1,1500,2800,0,4,0,2804,A
2-PB1,1501,1,2787,0,2,2790,T
2-PB1,1502,0,2758,0,2,2760,T
2-PB1,1503,1,2676,0,0,2677,T
2-PB1,1504,2,2,2676,0,2680,G
2-PB1,1505,0,2671,0,2,2673,T
2-PB1,1506,6,4,2660,0,2670,G
2-PB1,1507,0,2,2669,0,2671,G
2-PB1,1508,1,2,0,2644,2647,C
2-PB1,1509,0,2654,0,1,2655,T
2-PB1,1510,2666,0,0,0,2666,A
2-PB1,1511,2687,0,0,0,2687,A
2-PB1,1512,0,2702,1,0,2703,T
2-PB1,1513,1,2698,0,0,2699,T
2-PB1,1514,0,2693,1,2,2696,T
2-PB1,1515,0,2698,0,1,2699,T
2-PB1,1516,2691,0,5,0,2696,A
2-PB1,1517,0,2,2713,0,2715,G
2-PB1,1518,0,1,0,2714,2715,C
2-PB1,1519,2714,0,1,0,2715,A
2-PB1,1520,1,2676,0,4,2681,T
2-PB1,1521,2,3,2640,0,2645,G
2-PB1,1522,0,5,2689,1,2695,G
2-PB1,1523,2689,1,0,0,2690,A
2-PB1,1524,0,1,2690,0,2691,G
2-PB1,1525,1,0,0,2681,2682,C
2-PB1,1526,0,2646,0,4,2650,T
2-PB1,1527,2,0,2655,1,2658,G
2-PB1,1528,0,1,0,2646,2647,C
2-PB1,1529,7,1,0,2647,2655,C
2-PB1,1530,7,1,0,2658,2666,C
2-PB1,1531,2602,0,1,0,2603,A
2-PB1,1532,0,0,2760,0,2760,G
2-PB1,1533,1,2748,0,1,2750,T
2-PB1,1534,1,2751,1,0,2753,T
2-PB1,1535,1,2757,0,1,2759,T
2-PB1,1536,0,2724,1,2,2727,T
2-PB1,1537,1,4,2710,0,2715,G
2-PB1,1538,4,8,2700,0,2712,G
2-PB1,1539,2703,0,1,0,2704,A
2-PB1,1540,1,5,2709,0,2715,G
2-PB1,1541,0,2471,0,1,2472,T
2-PB1,1542,1,0,2592,0,2593,G
2-PB1,1543,1,2582,0,2,2585,T
2-PB1,1544,18,0,0,2572,2590,C
2-PB1,1545,2,2588,0,2,2592,T
2-PB1,1546,2,4,2594,0,2600,G
2-PB1,1547,2,7,2623,0,2632,G
2-PB1,1548,2624,0,1,1,2626,A
2-PB1,1549,2627,0,3,0,2630,A
2-PB1,1550,1,2622,0,0,2623,T
2-PB1,1551,2422,0,0,1,2423,A
2-PB1,1552,2421,1,2,1,2425,A
2-PB1,1553,2409,2,5,1,2417,A
2-PB1,1554,0,0,0,2422,2422,C
2-PB1,1555,1,13,2381,0,2395,G
2-PB1,1556,2351,0,4,0,2355,A
2-PB1,1557,0,0,2352,0,2352,G
2-PB1,1558,1,2347,1,1,2350,T
2-PB1,1559,15,1,0,2342,2358,C
2-PB1,1560,2344,0,3,0,2347,A
2-PB1,1561,1,2,2382,0,2385,G
2-PB1,1562,0,1,1,2377,2379,C
2-PB1,1563,0,2371,1,1,2373,T
2-PB1,1564,1,3,2437,1,2442,G
2-PB1,1565,2426,0,0,0,2426,A
2-PB1,1566,1,2423,0,1,2425,T
2-PB1,1567,2420,0,4,0,2424,A
2-PB1,1568,0,2386,0,0,2386,T
2-PB1,1569,1,11,2384,1,2397,G
2-PB1,1570,2282,0,4,0,2286,A
2-PB1,1571,0,0,2335,0,2335,G
2-PB1,1572,2,1,0,2337,2340,C
2-PB1,1573,2204,0,0,0,2204,A
2-PB1,1574,0,2203,0,0,2203,T
2-PB1,1575,0,2196,0,1,2197,T
2-PB1,1576,1,1,2215,0,2217,G
2-PB1,1577,1,9,2281,0,2291,G
2-PB1,1578,2251,1,3,0,2255,A
2-PB1,1579,0,0,2258,0,2258,G
2-PB1,1580,0,2163,1,1,2165,T
2-PB1,1581,2157,0,0,0,2157,A
2-PB1,1582,2158,0,1,0,2159,A
2-PB1,1583,0,1,0,2174,2175,C
2-PB1,1584,2156,0,0,0,2156,A
2-PB1,1585,1,1,2190,0,2192,G
2-PB1,1586,1,1915,0,0,1916,T
2-PB1,1587,2,7,1929,0,1938,G
2-PB1,1588,1963,0,3,1,1967,A
2-PB1,1589,0,1962,0,0,1962,T
2-PB1,1590,1952,0,3,0,1955,A
2-PB1,1591,1951,2,0,0,1953,A
2-PB1,1592,1901,1,4,0,1906,A
2-PB1,1593,0,2,1923,0,1925,G
2-PB1,1594,1794,0,3,0,1797,A
2-PB1,1595,1792,0,1,0,1793,A
2-PB1,1596,2,1,0,1794,1797,C
2-PB1,1597,1703,0,5,1,1709,A
2-PB1,1598,1723,0,4,0,1727,A
2-PB1,1599,0,1,0,1735,1736,C
2-PB1,1600,1764,0,0,0,1764,A
2-PB1,1601,1,1757,0,2,1760,T
2-PB1,1602,0,5,1718,0,1723,G
2-PB1,1603,1729,1,1,0,1731,A
2-PB1,1604,0,1728,0,0,1728,T
2-PB1,1605,1703,0,0,1,1704,A
2-PB1,1606,1718,0,0,0,1718,A
2-PB1,1607,1696,0,3,0,1699,A
2-PB1,1608,0,0,0,1709,1709,C
2-PB1,1609,1630,0,1,0,1631,A
2-PB1,1610,1627,0,1,0,1628,A
2-PB1,1611,0,1591,0,1,1592,T
2-PB1,1612,0,10,1583,0,1593,G
2-PB1,1613,1634,0,2,0,1636,A
2-PB1,1614,1,0,0,1651,1652,C
2-PB1,1615,3,0,0,1615,1618,C
2-PB1,1616,0,1563,0,0,1563,T
2-PB1,1617,0,1519,0,2,1521,T
2-PB1,1618,0,6,1524,0,1530,G
2-PB1,1619,1,7,1533,1,1542,G
2-PB1,1620,1559,1,3,0,1563,A
2-PB1,1621,1,0,0,1560,1561,C
2-PB1,1622,4,0,0,1537,1541,C
2-PB1,1623,1522,0,0,0,1522,A
2-PB1,1624,0,0,1542,0,1542,G
2-PB1,1625,1,1,1,1538,1541,C
2-PB1,1626,1544,0,0,0,1544,A
2-PB1,1627,1541,0,1,0,1542,A
2-PB1,1628,0,1,0,1546,1547,C
2-PB1,1629,1529,0,1,0,1530,A
2-PB1,1630,0,1,1580,0,1581,G
2-PB1,1631,0,0,0,1577,1577,C
2-PB1,1632,1,2,0,1574,1577,C
2-PB1,1633,4,0,1,1568,1573,C
2-PB1,1634,1574,0,1,0,1575,A
2-PB1,1635,1567,0,1,1,1569,A
2-PB1,1636,1569,1,0,0,1570,A
2-PB1,1637,0,1573,0,0,1573,T
2-PB1,1638,0,1,1565,0,1566,G
2-PB1,1639,0,0,1541,0,1541,G
2-PB1,1640,0,0,0,1541,1541,C
2-PB1,1641,0,1528,0,0,1528,T
2-PB1,1642,4,1,0,1566,1571,C
2-PB1,1643,1,1571,0,2,1574,T
2-PB1,1644,5,0,0,1578,1583,C
2-PB1,1645,3,0,0,1593,1596,C
2-PB1,1646,1590,0,1,0,1591,A
2-PB1,1647,1604,0,0,0,1604,A
2-PB1,1648,0,1592,0,0,1592,T
2-PB1,1649,0,1572,1,1,1574,T
2-PB1,1650,0,1,1582,1,1584,G
2-PB1,1651,0,1544,0,1,1545,T
2-PB1,1652,0,1537,0,3,1540,T
2-PB1,1653,10,11,0,1522,1543,C
2-PB1,1654,1535,0,0,0,1535,A
2-PB1,1655,0,1534,0,2,1536,T
2-PB1,1656,5,0,0,1529,1534,C
2-PB1,1657,1539,0,1,0,1540,A
2-PB1,1658,1540,1,0,0,1541,A
2-PB1,1659,1536,0,2,1,1539,A
2-PB1,1660,0,2,1572,0,1574,G
2-PB1,1661,1574,0,1,1,1576,A
2-PB1,1662,0,1581,0,0,1581,T
2-PB1,1663,0,1584,1,0,1585,T
2-PB1,1664,1588,0,2,0,1590,A
2-PB1,1665,0,0,0,1622,1622,C
2-PB1,1666,1612,0,5,0,1617,A
2-PB1,1667,0,1,1642,0,1643,G
2-PB1,1668,1629,0,1,0,1630,A
2-PB1,1669,0,1649,0,1,1650,T
2-PB1,1670,1660,0,0,0,1660,A
2-PB1,1671,0,0,0,1776,1776,C
2-PB1,1672,1818,0,1,0,1819,A
2-PB1,1673,1,1,0,1944,1946,C
2-PB1,1674,1917,2,2,0,1921,A
2-PB1,1675,0,1937,0,2,1939,T
2-PB1,1676,1926,0,0,0,1926,A
2-PB1,1677,0,1916,0,0,1916,T
2-PB1,1678,1872,0,0,0,1872,A
2-PB1,1679,0,6,1873,0,1879,G
2-PB1,1680,0,0,1854,0,1854,G
2-PB1,1681,0,1751,0,3,1754,T
2-PB1,1682,1,0,1728,0,1729,G
2-PB1,1683,1,1,0,1809,1811,C
2-PB1,1684,3,1,0,1797,1801,C
2-PB1,1685,1822,0,0,0,1822,A
2-PB1,1686,0,1819,0,0,1819,T
2-PB1,1687,1819,1,0,0,1820,A
2-PB1,1688,0,4,1822,0,1826,G
2-PB1,1689,1771,1,3,0,1775,A
2-PB1,1690,1,3,1785,0,1789,G
2-PB1,1691,0,7,1776,0,1783,G
2-PB1,1692,1702,2,6,0,1710,A
2-PB1,1693,0,5,1707,1,1713,G
2-PB1,1694,1695,3,2,0,1700,A
2-PB1,1695,0,0,0,1706,1706,C
2-PB1,1696,1699,1,0,0,1700,A
2-PB1,1697,2,2,0,1711,1715,C
2-PB1,1698,1712,0,1,0,1713,A
2-PB1,1699,1,1,0,1714,1716,C
2-PB1,1700,1699,0,1,0,1700,A
2-PB1,1701,1718,0,1,0,1719,A
2-PB1,1702,1730,0,0,0,1730,A
2-PB1,1703,0,1719,0,2,1721,T
2-PB1,1704,4,1,0,1723,1728,C
2-PB1,1705,3,0,1,1719,1723,C
2-PB1,1706,1709,0,1,0,1710,A
2-PB1,1707,1,5,1710,0,1716,G
2-PB1,1708,1712,1,3,0,1716,A
2-PB1,1709,0,1,0,1730,1731,C
2-PB1,1710,3,8,1719,0,1730,G
2-PB1,1711,1719,1,2,0,1722,A
2-PB1,1712,0,4,1720,0,1724,G
2-PB1,1713,1715,1,2,0,1718,A
2-PB1,1714,1724,0,4,0,1728,A
2-PB1,1715,0,1,1738,0,1739,G
2-PB1,1716,1733,0,2,0,1735,A
2-PB1,1717,0,1725,0,2,1727,T
2-PB1,1718,11,1,0,1707,1719,C
2-PB1,1719,1712,0,1,0,1713,A
2-PB1,1720,0,1704,0,1,1705,T
2-PB1,1721,1,1702,0,0,1703,T
2-PB1,1722,4,0,0,1704,1708,C
2-PB1,1723,1,8,1700,0,1709,G
2-PB1,1724,1694,2,0,0,1696,A
2-PB1,1725,1,3,1694,0,1698,G
2-PB1,1726,1689,0,0,0,1689,A
2-PB1,1727,0,1751,0,0,1751,T
2-PB1,1728,1756,0,1,0,1757,A
2-PB1,1729,1770,0,0,0,1770,A
2-PB1,1730,1757,1,2,0,1760,A
2-PB1,1731,0,1,1776,0,1777,G
2-PB1,1732,1772,0,1,0,1773,A
2-PB1,1733,1729,0,1,1,1731,A
2-PB1,1734,2,1,1725,0,1728,G
2-PB1,1735,0,0,0,1736,1736,C
2-PB1,1736,0,1711,0,0,1711,T
2-PB1,1737,1,1,1716,0,1718,G
2-PB1,1738,2,1702,0,0,1704,T
2-PB1,1739,0,8,1701,0,1709,G
2-PB1,1740,0,5,1705,0,1710,G
2-PB1,1741,2,6,1716,0,1724,G
2-PB1,1742,1736,1,0,0,1737,A
2-PB1,1743,2,1712,0,1,1715,T
2-PB1,1744,7,0,0,1707,1714,C
2-PB1,1745,1716,0,1,0,1717,A
2-PB1,1746,1726,1,2,0,1729,A
2-PB1,1747,1738,0,1,0,1739,A
2-PB1,1748,0,0,0,1738,1738,C
2-PB1,1749,3,0,0,1731,1734,C
2-PB1,1750,6,1,0,1708,1715,C
2-PB1,1751,1710,0,0,0,1710,A
2-PB1,1752,1749,1,1,1,1752,A
2-PB1,1753,0,1751,0,1,1752,T
2-PB1,1754,3,1,0,1748,1752,C
2-PB1,1755,1741,0,1,0,1742,A
2-PB1,1756,1709,0,3,17,1729,A
2-PB1,1757,1,6,1736,0,1743,G
2-PB1,1758,0,4,1732,0,1736,G
2-PB1,1759,1,1,1731,0,1733,G
2-PB1,1760,1,0,0,1728,1729,C
2-PB1,1761,1678,1,2,0,1681,A
2-PB1,1762,1,1,1727,0,1729,G
2-PB1,1763,0,5,1734,0,1739,G
2-PB1,1764,1742,0,1,0,1743,A
2-PB1,1765,0,1,0,1759,1760,C
2-PB1,1766,0,1718,0,1,1719,T
2-PB1,1767,1765,0,0,0,1765,A
2-PB1,1768,0,1759,0,1,1760,T
2-PB1,1769,0,1761,0,0,1761,T
2-PB1,1770,0,2,1753,0,1755,G
2-PB1,1771,0,0,1745,0,1745,G
2-PB1,1772,0,1724,0,2,1726,T
2-PB1,1773,1723,1,1,0,1725,A
2-PB1,1774,0,1695,0,0,1695,T
2-PB1,1775,7,0,0,1701,1708,C
2-PB1,1776,1668,1,1,0,1670,A
2-PB1,1777,0,1,1695,0,1696,G
2-PB1,1778,1687,1,1,0,1689,A
2-PB1,1779,1,1669,0,0,1670,T
2-PB1,1780,1,5,1588,0,1594,G
2-PB1,1781,1,4,1585,0,1590,G
2-PB1,1782,1,7,1575,0,1583,G
2-PB1,1783,1,6,1586,0,1593,G
2-PB1,1784,0,6,1587,0,1593,G
2-PB1,1785,1580,0,3,0,1583,A
2-PB1,1786,1,1,0,1571,1573,C
2-PB1,1787,5,1,0,1555,1561,C
2-PB1,1788,1562,0,1,0,1563,A
2-PB1,1789,1723,0,0,0,1723,A
2-PB1,1790,1733,1,2,0,1736,A
2-PB1,1791,0,1,0,1780,1781,C
2-PB1,1792,0,1772,0,0,1772,T
2-PB1,1793,0,1763,0,0,1763,T
2-PB1,1794,1765,0,0,0,1765,A
2-PB1,1795,0,1770,0,0,1770,T
2-PB1,1796,1773,0,1,1,1775,A
2-PB1,1797,0,0,0,1777,1777,C
2-PB1,1798,1628,0,0,0,1628,A
2-PB1,1799,1625,0,1,0,1626,A
2-PB1,1800,0,1582,0,1,1583,T
2-PB1,1801,1614,0,1,0,1615,A
2-PB1,1802,0,1621,0,0,1621,T
2-PB1,1803,3,0,0,1607,1610,C
2-PB1,1804,4,0,0,1604,1608,C
2-PB1,1805,3,1,1604,0,1608,G
2-PB1,1806,1,9,1595,0,1605,G
2-PB1,1807,1605,0,0,0,1605,A
2-PB1,1808,1607,0,0,0,1607,A
2-PB1,1809,0,1609,0,0,1609,T
2-PB1,1810,1,0,0,1619,1620,C
2-PB1,1811,0,1609,0,2,1611,T
2-PB1,1812,0,1615,0,1,1616,T
2-PB1,1813,3,0,0,1615,1618,C
2-PB1,1814,1610,0,1,0,1611,A
2-PB1,1815,0,2,0,1615,1617,C
2-PB1,1816,1606,0,1,0,1607,A
2-PB1,1817,0,1738,0,0,1738,T
2-PB1,1818,2,0,0,1748,1750,C
2-PB1,1819,6,2,0,1742,1750,C
2-PB1,1820,3,0,0,1748,1751,C
2-PB1,1821,0,1751,0,1,1752,T
2-PB1,1822,0,3,1752,0,1755,G
2-PB1,1823,1757,0,0,0,1757,A
2-PB1,1824,1756,0,0,0,1756,A
2-PB1,1825,0,0,1765,0,1765,G
2-PB1,1826,0,1622,0,1,1623,T
2-PB1,1827,7,0,0,1617,1624,C
2-PB1,1828,1,1598,0,1,1600,T
2-PB1,1829,1,1,1596,0,1598,G
2-PB1,1830,0,1,0,1583,1584,C
2-PB1,1831,5,0,0,1580,1585,C
2-PB1,1832,0,1645,0,1,1646,T
2-PB1,1833,1651,0,0,0,1651,A
2-PB1,1834,1645,0,0,0,1645,A
2-PB1,1835,1667,0,0,0,1667,A
2-PB1,1836,0,2,1669,0,1671,G
2-PB1,1837,0,1661,0,0,1661,T
2-PB1,1838,0,1,1624,0,1625,G
2-PB1,1839,0,2,1620,0,1622,G
2-PB1,1840,0,4,1624,0,1628,G
2-PB1,1841,1619,0,7,1,1627,A
2-PB1,1842,0,2,1626,0,1628,G
2-PB1,1843,0,1,0,1628,1629,C
2-PB1,1844,0,1619,0,3,1622,T
2-PB1,1845,0,0,1624,0,1624,G
2-PB1,1846,1618,0,4,0,1622,A
2-PB1,1847,0,1626,0,0,1626,T
2-PB1,1848,0,3,1625,0,1628,G
2-PB1,1849,0,4,1631,0,1635,G
2-PB1,1850,1636,0,0,0,1636,A
2-PB1,1851,0,1622,0,0,1622,T
2-PB1,1852,2,5,1619,0,1626,G
2-PB1,1853,1616,1,0,0,1617,A
2-PB1,1854,0,4,1645,0,1649,G
2-PB1,1855,1639,0,1,0,1640,A
2-PB1,1856,1646,0,0,0,1646,A
2-PB1,1857,0,1640,0,0,1640,T
2-PB1,1858,0,1626,0,1,1627,T
2-PB1,1859,1631,0,0,0,1631,A
2-PB1,1860,0,1624,0,0,1624,T
2-PB1,1861,2,0,0,1620,1622,C
2-PB1,1862,1,3,1646,0,1650,G
2-PB1,1863,0,5,1621,0,1626,G
2-PB1,1864,2,1,1617,0,1620,G
2-PB1,1865,0,2,1617,0,1619,G
2-PB1,1866,1615,0,0,0,1615,A
2-PB1,1867,1611,0,2,0,1613,A
2-PB1,1868,2,2,1624,0,1628,G
2-PB1,1869,1637,0,2,1,1640,A
2-PB1,1870,1,0,0,1651,1652,C
2-PB1,1871,0,1627,0,3,1630,T
2-PB1,1872,0,1663,1,0,1664,T
2-PB1,1873,0,1662,0,1,1663,T
2-PB1,1874,1,0,1684,0,1685,G
2-PB1,1875,0,1680,0,1,1681,T
2-PB1,1876,1673,0,1,0,1674,A
2-PB1,1877,1666,1,1,0,1668,A
2-PB1,1878,0,1630,0,1,1631,T
2-PB1,1879,9,0,0,1647,1656,C
2-PB1,1880,4,0,0,1649,1653,C
2-PB1,1881,7,0,0,1621,1628,C
2-PB1,1882,4,1,0,1638,1643,C
2-PB1,1883,0,1639,0,1,1640,T
2-PB1,1884,2,8,1638,0,1648,G
2-PB1,1885,1643,1,0,0,1644,A
2-PB1,1886,1645,0,1,0,1646,A
2-PB1,1887,0,1646,0,1,1647,T
2-PB1,1888,6,0,0,1636,1642,C
2-PB1,1889,6,0,0,1624,1630,C
2-PB1,1890,3,0,0,1616,1619,C
2-PB1,1891,1,1608,0,4,1613,T
2-PB1,1892,0,1620,1,0,1621,T
2-PB1,1893,1,1612,0,2,1615,T
2-PB1,1894,1,1,1616,0,1618,G
2-PB1,1895,0,1614,0,1,1615,T
2-PB1,1896,4,0,1,1604,1609,C
2-PB1,1897,1585,2,5,0,1592,A
2-PB1,1898,0,4,1612,0,1616,G
2-PB1,1899,0,0,0,1609,1609,C
2-PB1,1900,4,0,0,1602,1606,C
2-PB1,1901,1607,0,0,0,1607,A
2-PB1,1902,2,1608,0,0,1610,T
2-PB1,1903,1611,0,0,0,1611,A
2-PB1,1904,1621,0,2,0,1623,A
2-PB1,1905,1619,0,1,0,1620,A
2-PB1,1906,1,5,1639,0,1645,G
2-PB1,1907,1610,0,1,0,1611,A
2-PB1,1908,1614,0,0,0,1614,A
2-PB1,1909,1607,0,4,0,1611,A
2-PB1,1910,0,1612,0,0,1612,T
2-PB1,1911,0,1611,0,0,1611,T
2-PB1,1912,1,11,1594,0,1606,G
2-PB1,1913,1595,0,1,0,1596,A
2-PB1,1914,0,0,1630,0,1630,G
2-PB1,1915,0,1621,0,1,1622,T
2-PB1,1916,6,0,0,1620,1626,C
2-PB1,1917,0,1621,0,2,1623,T
2-PB1,1918,6,0,1659,0,1665,G
2-PB1,1919,0,1660,0,1,1661,T
2-PB1,1920,1691,0,1,0,1692,A
2-PB1,1921,1687,0,1,0,1688,A
2-PB1,1922,1691,1,1,0,1693,A
2-PB1,1923,1,1,0,1697,1699,C
2-PB1,1924,1646,0,0,0,1646,A
2-PB1,1925,1695,0,1,0,1696,A
2-PB1,1926,0,1696,0,2,1698,T
2-PB1,1927,1,0,1680,0,1681,G
2-PB1,1928,0,1,0,1697,1698,C
2-PB1,1929,0,1663,1,3,1667,T
2-PB1,1930,3,1,1730,1,1735,G
2-PB1,1931,1,1734,0,1,1736,T
2-PB1,1932,1791,0,0,1,1792,A
2-PB1,1933,1,2,1790,0,1793,G
2-PB1,1934,0,1732,0,1,1733,T
2-PB1,1935,1719,0,1,0,1720,A
2-PB1,1936,1705,0,0,0,1705,A
2-PB1,1937,0,1700,0,0,1700,T
2-PB1,1938,0,0,1700,0,1700,G
2-PB1,1939,1,0,0,1669,1670,C
2-PB1,1940,3,4,1,1642,1650,C
2-PB1,1941,1612,1,5,0,1618,A
2-PB1,1942,4,2,1625,0,1631,G
2-PB1,1943,1,0,0,1683,1684,C
2-PB1,1944,4,0,1,1687,1692,C
2-PB1,1945,3,0,0,1687,1690,C
2-PB1,1946,1673,0,1,0,1674,A
2-PB1,1947,0,1672,0,2,1674,T
2-PB1,1948,0,7,1668,0,1675,G
2-PB1,1949,1,1,1680,0,1682,G
2-PB1,1950,0,1671,0,3,1674,T
2-PB1,1951,4,1,0,1650,1655,C
2-PB1,1952,4,1,0,1598,1603,C
2-PB1,1953,4,0,1632,0,1636,G
2-PB1,1954,1,1,1632,0,1634,G
2-PB1,1955,1,0,0,1621,1622,C
2-PB1,1956,9,0,1,1618,1628,C
2-PB1,1957,1628,0,2,0,1630,A
2-PB1,1958,1642,0,0,0,1642,A
2-PB1,1959,1642,0,0,0,1642,A
2-PB1,1960,1641,1,7,1,1650,A
2-PB1,1961,1,0,1672,0,1673,G
2-PB1,1962,0,1629,0,0,1629,T
2-PB1,1963,1645,0,0,0,1645,A
2-PB1,1964,0,1642,0,0,1642,T
2-PB1,1965,1,3,1641,0,1645,G
2-PB1,1966,0,2,1685,0,1687,G
2-PB1,1967,1671,0,2,0,1673,A
2-PB1,1968,1695,1,0,0,1696,A
2-PB1,1969,0,1686,1,1,1688,T
2-PB1,1970,1657,0,0,1,1658,A
2-PB1,1971,0,1651,0,0,1651,T
2-PB1,1972,0,8,1636,0,1644,G
2-PB1,1973,1636,0,2,0,1638,A
2-PB1,1974,1,1636,0,0,1637,T
2-PB1,1975,2,1,1596,0,1599,G
2-PB1,1976,0,0,4,1597,1601,C
2-PB1,1977,5,1,0,1573,1579,C
2-PB1,1978,7,0,1578,0,1585,G
2-PB1,1979,0,1582,0,2,1584,T
2-PB1,1980,0,1585,0,4,1589,T
2-PB1,1981,2,1,1589,0,1592,G
2-PB1,1982,3,2,0,1622,1627,C
2-PB1,1983,1623,1,0,0,1624,A
2-PB1,1984,1658,0,1,0,1659,A
2-PB1,1985,1,0,0,1668,1669,C
2-PB1,1986,0,1652,0,1,1653,T
2-PB1,1987,1662,0,0,0,1662,A
2-PB1,1988,1,1,0,1658,1660,C
2-PB1,1989,1655,0,0,0,1655,A
2-PB1,1990,1,0,0,1657,1658,C
2-PB1,1991,1606,0,0,0,1606,A
2-PB1,1992,0,0,0,1746,1746,C
2-PB1,1993,0,1714,0,1,1715,T
2-PB1,1994,6,1,0,1712,1719,C
2-PB1,1995,2,0,0,1724,1726,C
2-PB1,1996,1,1713,0,2,1716,T
2-PB1,1997,1,5,1706,1,1713,G
2-PB1,1998,0,3,1711,0,1714,G
2-PB1,1999,1714,0,0,0,1714,A
2-PB1,2000,0,1707,0,0,1707,T
2-PB1,2001,0,1530,0,3,1533,T
2-PB1,2002,3,1,0,1546,1550,C
2-PB1,2003,5,1,0,1534,1540,C
2-PB1,2004,5,0,0,1548,1553,C
2-PB1,2005,1553,0,0,0,1553,A
2-PB1,2006,1555,1,1,0,1557,A
2-PB1,2007,0,1,1560,1,1562,G
2-PB1,2008,1562,0,0,0,1562,A
2-PB1,2009,1,1,1556,1,1559,G
2-PB1,2010,0,8,1554,0,1562,G
2-PB1,2011,1534,0,0,0,1534,A
2-PB1,2012,1531,0,4,0,1535,A
2-PB1,2013,1,0,0,1533,1534,C
2-PB1,2014,4,0,1,1522,1527,C
2-PB1,2015,1,1,1553,0,1555,G
2-PB1,2016,0,0,0,1550,1550,C
2-PB1,2017,0,1539,0,1,1540,T
2-PB1,2018,4,0,0,1553,1557,C
2-PB1,2019,1,1541,0,1,1543,T
2-PB1,2020,1656,1,1,0,1658,A
2-PB1,2021,1,1660,1,1,1663,T
2-PB1,2022,0,1666,0,2,1668,T
2-PB1,2023,4,1,0,1665,1670,C
2-PB1,2024,0,1599,0,1,1600,T
2-PB1,2025,1607,0,0,0,1607,A
2-PB1,2026,1601,0,0,1,1602,A
2-PB1,2027,1609,0,1,0,1610,A
2-PB1,2028,0,1,0,1612,1613,C
2-PB1,2029,1497,0,0,0,1497,A
2-PB1,2030,0,0,0,1495,1495,C
2-PB1,2031,1472,0,0,0,1472,A
2-PB1,2032,1477,1,4,0,1482,A
2-PB1,2033,0,0,1496,0,1496,G
2-PB1,2034,0,0,0,1502,1502,C
2-PB1,2035,1,1,0,1506,1508,C
2-PB1,2036,1494,0,1,0,1495,A
2-PB1,2037,1495,0,3,0,1498,A
2-PB1,2038,1495,0,3,0,1498,A
2-PB1,2039,0,3,1502,0,1505,G
2-PB1,2040,1,3,1505,0,1509,G
2-PB1,2041,0,3,1481,0,1484,G
2-PB1,2042,0,7,1479,0,1486,G
2-PB1,2043,1475,0,0,0,1475,A
2-PB1,2044,1482,0,0,1,1483,A
2-PB1,2045,0,1482,0,1,1483,T
2-PB1,2046,0,1480,0,0,1480,T
2-PB1,2047,7,0,1,1482,1490,C
2-PB1,2048,0,1482,0,0,1482,T
2-PB1,2049,1,1473,1,2,1477,T
2-PB1,2050,0,0,1476,0,1476,G
2-PB1,2051,1469,1,0,0,1470,A
2-PB1,2052,0,3,1478,0,1481,G
2-PB1,2053,0,3,1479,0,1482,G
2-PB1,2054,1476,0,1,1,1478,A
2-PB1,2055,1,1474,0,0,1475,T
2-PB1,2056,0,8,1476,0,1484,G
2-PB1,2057,1486,1,0,1,1488,A
2-PB1,2058,1488,0,0,0,1488,A
2-PB1,2059,0,1,0,1503,1504,C
2-PB1,2060,1469,0,2,0,1471,A
2-PB1,2061,1,2,1494,0,1497,G
2-PB1,2062,1487,0,0,0,1487,A
2-PB1,2063,1,1485,0,2,1488,T
2-PB1,2064,1,4,1488,0,1493,G
2-PB1,2065,0,1523,0,0,1523,T
2-PB1,2066,1527,1,0,0,1528,A
2-PB1,2067,4,0,0,1519,1523,C
2-PB1,2068,5,0,0,1506,1511,C
2-PB1,2069,1491,0,0,0,1491,A
2-PB1,2070,1,1,1473,0,1475,G
2-PB1,2071,1457,0,2,0,1459,A
2-PB1,2072,1455,0,1,0,1456,A
2-PB1,2073,0,0,1469,0,1469,G
2-PB1,2074,0,1374,1,3,1378,T
2-PB1,2075,0,1,1385,0,1386,G
2-PB1,2076,1,0,0,1387,1388,C
2-PB1,2077,0,1378,0,4,1382,T
2-PB1,2078,2,2,1378,0,1382,G
2-PB1,2079,1,0,0,1375,1376,C
2-PB1,2080,1372,0,0,0,1372,A
2-PB1,2081,1379,0,0,0,1379,A
2-PB1,2082,0,0,0,1358,1358,C
2-PB1,2083,0,1357,0,0,1357,T
2-PB1,2084,1,1338,0,0,1339,T
2-PB1,2085,5,0,1332,0,1337,G
2-PB1,2086,1,1328,1,0,1330,T
2-PB1,2087,0,1326,0,0,1326,T
2-PB1,2088,10,0,0,1320,1330,C
2-PB1,2089,0,4,1329,0,1333,G
2-PB1,2090,1326,0,2,0,1328,A
2-PB1,2091,0,1,1324,0,1325,G
2-PB1,2092,1329,0,0,0,1329,A
2-PB1,2093,1323,0,2,0,1325,A
2-PB1,2094,1333,0,1,1,1335,A
2-PB1,2095,0,1335,1,0,1336,T
2-PB1,2096,0,1331,0,0,1331,T
2-PB1,2097,0,1337,0,0,1337,T
2-PB1,2098,0,1334,0,0,1334,T
2-PB1,2099,0,1329,0,2,1331,T
2-PB1,2100,4,1,0,1331,1336,C
2-PB1,2101,1,0,1,1335,1337,C
2-PB1,2102,1,0,0,1337,1338,C
2-PB1,2103,0,1333,0,1,1334,T
2-PB1,2104,1334,1,0,0,1335,A
2-PB1,2105,1,1,1336,0,1338,G
2-PB1,2106,0,1335,0,0,1335,T
2-PB1,2107,1353,0,0,0,1353,A
2-PB1,2108,0,2,1356,0,1358,G
2-PB1,2109,1,1345,1,1,1348,T
2-PB1,2110,0,1398,0,0,1398,T
2-PB1,2111,11,0,0,1389,1400,C
2-PB1,2112,1433,0,1,0,1434,A
2-PB1,2113,1,1439,0,0,1440,T
2-PB1,2114,1440,0,2,0,1442,A
2-PB1,2115,0,1439,0,1,1440,T
2-PB1,2116,1386,0,3,0,1389,A
2-PB1,2117,0,0,1380,1,1381,G
2-PB1,2118,1,4,1366,1,1372,G
2-PB1,2119,1229,0,0,0,1229,A
2-PB1,2120,0,4,1221,0,1225,G
2-PB1,2121,1150,1,0,0,1151,A
2-PB1,2122,1,0,0,1147,1148,C
2-PB1,2123,4,1,0,1100,1105,C
2-PB1,2124,2,2,1099,0,1103,G
2-PB1,2125,1103,0,0,0,1103,A
2-PB1,2126,0,1094,0,0,1094,T
2-PB1,2127,0,1094,0,0,1094,T
2-PB1,2128,1,1,1091,0,1093,G
2-PB1,2129,0,3,1093,0,1096,G
2-PB1,2130,1098,0,0,0,1098,A
2-PB1,2131,1101,0,0,0,1101,A
2-PB1,2132,0,1096,0,0,1096,T
2-PB1,2133,0,1098,0,0,1098,T
2-PB1,2134,0,1089,0,2,1091,T
2-PB1,2135,3,0,0,1091,1094,C
2-PB1,2136,0,1093,0,0,1093,T
2-PB1,2137,1092,0,0,0,1092,A
2-PB1,2138,1,0,1094,0,1095,G
2-PB1,2139,2,1,1,1086,1090,C
2-PB1,2140,1091,0,0,0,1091,A
2-PB1,2141,1,1082,0,1,1084,T
2-PB1,2142,0,2,1063,0,1065,G
2-PB1,2143,0,1,1103,0,1104,G
2-PB1,2144,0,1099,0,1,1100,T
2-PB1,2145,1,1,1096,0,1098,G
2-PB1,2146,2,1,1097,0,1100,G
2-PB1,2147,1077,1,4,0,1082,A
2-PB1,2148,0,2,1082,0,1084,G
2-PB1,2149,0,0,1083,0,1083,G
2-PB1,2150,2,0,0,1080,1082,C
2-PB1,2151,2,0,0,1064,1066,C
2-PB1,2152,992,0,1,0,993,A
2-PB1,2153,0,995,0,0,995,T
2-PB1,2154,1,3,997,0,1001,G
2-PB1,2155,0,0,1010,0,1010,G
2-PB1,2156,1,976,1,0,978,T
2-PB1,2157,0,1,998,0,999,G
2-PB1,2158,0,975,0,0,975,T
2-PB1,2159,2,0,0,966,968,C
2-PB1,2160,0,966,1,1,968,T
2-PB1,2161,954,0,0,0,954,A
2-PB1,2162,0,4,953,0,957,G
2-PB1,2163,0,1,932,0,933,G
2-PB1,2164,1,0,915,0,916,G
2-PB1,2165,0,0,0,897,897,C
2-PB1,2166,1,0,0,857,858,C
2-PB1,2167,2,2,0,849,853,C
2-PB1,2168,0,0,850,0,850,G
2-PB1,2169,1,3,846,1,851,G
2-PB1,2170,852,0,1,0,853,A
2-PB1,2171,0,847,0,0,847,T
2-PB1,2172,0,813,0,0,813,T
2-PB1,2173,0,2,805,0,807,G
2-PB1,2174,804,0,0,0,804,A
2-PB1,2175,0,813,0,0,813,T
2-PB1,2176,1,1,809,0,811,G
2-PB1,2177,0,1,0,806,807,C
2-PB1,2178,5,0,0,798,803,C
2-PB1,2179,801,0,0,0,801,A
2-PB1,2180,0,5,796,0,801,G
2-PB1,2181,801,0,0,0,801,A
2-PB1,2182,799,0,0,0,799,A
2-PB1,2183,0,793,0,0,793,T
2-PB1,2184,1,782,0,0,783,T
2-PB1,2185,0,6,775,0,781,G
2-PB1,2186,778,0,0,0,778,A
2-PB1,2187,0,0,0,781,781,C
2-PB1,2188,2,770,0,0,772,T
2-PB1,2189,0,766,0,2,768,T
2-PB1,2190,3,0,0,760,763,C
2-PB1,2191,0,2,759,0,761,G
2-PB1,2192,754,0,0,0,754,A
2-PB1,2193,0,0,740,0,740,G
2-PB1,2194,0,748,0,0,748,T
2-PB1,2195,2,0,0,747,749,C
2-PB1,2196,0,748,0,1,749,T
2-PB1,2197,0,1,747,0,748,G
2-PB1,2198,0,1,745,0,746,G
2-PB1,2199,748,0,1,0,749,A
2-PB1,2200,686,0,1,0,687,A
2-PB1,2201,0,1,692,0,693,G
2-PB1,2202,0,2,699,0,701,G
2-PB1,2203,700,0,1,0,701,A
2-PB1,2204,0,694,0,0,694,T
2-PB1,2205,0,693,0,0,693,T
2-PB1,2206,692,0,0,0,692,A
2-PB1,2207,695,0,1,0,696,A
2-PB1,2208,0,0,698,0,698,G
2-PB1,2209,693,0,1,0,694,A
2-PB1,2210,654,0,1,0,655,A
2-PB1,2211,1,3,610,0,614,G
2-PB1,2212,0,0,610,0,610,G
2-PB1,2213,607,0,0,0,607,A
2-PB1,2214,602,0,1,0,603,A
2-PB1,2215,2,2,598,0,602,G
2-PB1,2216,577,0,0,0,577,A
2-PB1,2217,0,1,577,0,578,G
2-PB1,2218,0,547,0,2,549,T
2-PB1,2219,0,544,0,0,544,T
2-PB1,2220,4,5,0,538,547,C
2-PB1,2221,0,537,0,1,538,T
2-PB1,2222,1,0,1,536,538,C
2-PB1,2223,0,530,0,1,531,T
2-PB1,2224,0,0,531,0,531,G
2-PB1,2225,507,0,2,0,509,A
2-PB1,2226,0,3,496,0,499,G
2-PB1,2227,496,0,0,0,496,A
2-PB1,2228,1,485,0,0,486,T
2-PB1,2229,3,0,0,457,460,C
2-PB1,2230,465,0,0,0,465,A
2-PB1,2231,1,462,0,0,463,T
2-PB1,2232,0,2,463,0,465,G
2-PB1,2233,463,0,0,0,463,A
2-PB1,2234,458,0,0,0,458,A
2-PB1,2235,0,1,451,0,452,G
2-PB1,2236,442,0,0,0,442,A
2-PB1,2237,0,440,0,0,440,T
2-PB1,2238,1,0,0,434,435,C
2-PB1,2239,0,408,0,1,409,T
2-PB1,2240,0,0,412,0,412,G
2-PB1,2241,0,411,0,0,411,T
2-PB1,2242,0,411,0,0,411,T
2-PB1,2243,4,0,0,404,408,C
2-PB1,2244,2,0,0,389,391,C
2-PB1,2245,387,0,0,0,387,A
2-PB1,2246,0,0,0,388,388,C
2-PB1,2247,2,0,0,363,365,C
2-PB1,2248,357,0,0,0,357,A
2-PB1,2249,0,334,0,0,334,T
2-PB1,2250,0,325,0,0,325,T
2-PB1,2251,1,1,324,0,326,G
2-PB1,2252,320,0,1,0,321,A
2-PB1,2253,321,0,0,0,321,A
2-PB1,2254,0,0,320,0,320,G
2-PB1,2255,267,0,0,0,267,A
2-PB1,2256,265,0,0,0,265,A
2-PB1,2257,0,0,0,265,265,C
2-PB1,2258,0,251,0,0,251,T
2-PB1,2259,2,0,0,248,250,C
2-PB1,2260,238,1,0,0,239,A
2-PB1,2261,0,0,239,0,239,G
2-PB1,2262,235,0,2,0,237,A
2-PB1,2263,1,0,0,223,224,C
2-PB1,2264,0,0,214,0,214,G
2-PB1,2265,0,0,211,0,211,G
2-PB1,2266,0,0,0,210,210,C
2-PB1,2267,211,0,0,0,211,A
2-PB1,2268,210,0,1,0,211,A
2-PB1,2269,211,0,0,0,211,A
2-PB1,2270,210,0,0,0,210,A
2-PB1,2271,211,0,0,0,211,A
2-PB1,2272,0,207,0,0,207,T
2-PB1,2273,203,0,0,0,203,A
2-PB1,2274,203,0,0,0,203,A
3-PA,1,44,0,0,0,44,A
3-PA,2,0,44,0,0,44,T
3-PA,3,0,0,49,0,49,G
3-PA,4,0,0,50,0,50,G
3-PA,5,49,0,0,0,49,A
3-PA,6,49,1,0,0,50,A
3-PA,7,0,0,52,0,52,G
3-PA,8,59,0,0,0,59,A
3-PA,9,0,59,0,0,59,T
3-PA,10,0,59,0,0,59,T
3-PA,11,0,59,0,0,59,T
3-PA,12,0,59,0,0,59,T
3-PA,13,0,0,61,0,61,G
3-PA,14,0,61,0,0,61,T
3-PA,15,0,0,62,0,62,G
3-PA,16,0,0,0,64,64,C
3-PA,17,0,0,64,0,64,G
3-PA,18,73,0,0,0,73,A
3-PA,19,0,0,0,76,76,C
3-PA,20,76,0,0,0,76,A
3-PA,21,77,0,0,0,77,A
3-PA,22,0,79,0,0,79,T
3-PA,23,0,0,93,0,93,G
3-PA,24,0,0,0,94,94,C
3-PA,25,0,93,0,1,94,T
3-PA,26,0,94,0,0,94,T
3-PA,27,0,0,0,92,92,C
3-PA,28,99,0,0,0,99,A
3-PA,29,100,0,0,0,100,A
3-PA,30,0,0,0,104,104,C
3-PA,31,0,0,0,101,101,C
3-PA,32,0,0,0,104,104,C
3-PA,33,0,0,106,0,106,G
3-PA,34,107,0,0,0,107,A
3-PA,35,0,107,0,0,107,T
3-PA,36,0,0,107,0,107,G
3-PA,37,109,0,0,0,109,A
3-PA,38,0,113,0,0,113,T
3-PA,39,0,114,0,0,114,T
3-PA,40,0,0,115,0,115,G
3-PA,41,0,115,0,1,116,T
3-PA,42,0,0,0,116,116,C
3-PA,43,0,1,115,0,116,G
3-PA,44,116,0,0,0,116,A
3-PA,45,117,0,0,0,117,A
3-PA,46,0,0,0,118,118,C
3-PA,47,0,119,0,0,119,T
3-PA,48,0,119,0,0,119,T
3-PA,49,0,0,118,0,118,G
3-PA,50,0,0,0,118,118,C
3-PA,51,119,0,0,0,119,A
3-PA,52,0,1,120,0,121,G
3-PA,53,121,0,0,0,121,A
3-PA,54,121,0,0,0,121,A
3-PA,55,118,0,1,0,119,A
3-PA,56,121,0,1,0,122,A
3-PA,57,123,0,0,0,123,A
3-PA,58,0,0,125,0,125,G
3-PA,59,0,0,0,132,132,C
3-PA,60,132,0,0,0,132,A
3-PA,61,142,0,0,0,142,A
3-PA,62,0,141,0,1,142,T
3-PA,63,0,0,143,0,143,G
3-PA,64,145,0,0,0,145,A
3-PA,65,146,0,0,0,146,A
3-PA,66,144,0,0,0,144,A
3-PA,67,0,1,157,0,158,G
3-PA,68,170,0,0,0,170,A
3-PA,69,0,0,197,1,198,G
3-PA,70,0,193,0,1,194,T
3-PA,71,194,0,1,0,195,A
3-PA,72,1,193,0,0,194,T
3-PA,73,0,3,191,0,194,G
3-PA,74,0,2,194,1,197,G
3-PA,75,0,0,198,0,198,G
3-PA,76,0,0,196,0,196,G
3-PA,77,196,0,0,0,196,A
3-PA,78,0,0,197,0,197,G
3-PA,79,0,0,205,0,205,G
3-PA,80,204,0,0,0,204,A
3-PA,81,0,204,0,0,204,T
3-PA,82,0,0,0,209,209,C
3-PA,83,0,206,0,0,206,T
3-PA,84,0,1,205,0,206,G
3-PA,85,204,0,0,1,205,A
3-PA,86,205,0,0,0,205,A
3-PA,87,209,0,0,0,209,A
3-PA,88,210,0,0,0,210,A
3-PA,89,0,210,0,0,210,T
3-PA,90,0,209,0,0,209,T
3-PA,91,0,1,209,0,210,G
3-PA,92,208,0,0,0,208,A
3-PA,93,209,1,0,0,210,A
3-PA,94,207,0,0,0,207,A
3-PA,95,0,0,0,212,212,C
3-PA,96,211,0,0,0,211,A
3-PA,97,214,0,0,0,214,A
3-PA,98,214,0,0,0,214,A
3-PA,99,0,0,0,215,215,C
3-PA,100,215,0,0,0,215,A
3-PA,101,217,0,0,0,217,A
3-PA,102,220,0,0,0,220,A
3-PA,103,0,217,0,0,217,T
3-PA,104,0,220,0,0,220,T
3-PA,105,0,218,0,0,218,T
3-PA,106,0,0,218,0,218,G
3-PA,107,0,1,0,218,219,C
3-PA,108,219,0,0,0,219,A
3-PA,109,0,0,232,0,232,G
3-PA,110,0,0,0,233,233,C
3-PA,111,251,0,0,0,251,A
3-PA,112,258,0,0,0,258,A
3-PA,113,0,259,0,0,259,T
3-PA,114,270,0,0,0,270,A
3-PA,115,0,270,0,0,270,T
3-PA,116,0,0,270,0,270,G
3-PA,117,1,0,0,269,270,C
3-PA,118,270,0,0,0,270,A
3-PA,119,0,0,0,276,276,C
3-PA,120,0,274,0,0,274,T
3-PA,121,1,0,0,327,328,C
3-PA,122,331,0,0,0,331,A
3-PA,123,0,0,0,336,336,C
3-PA,124,0,332,1,0,333,T
3-PA,125,0,333,0,0,333,T
3-PA,126,0,0,334,0,334,G
3-PA,127,0,0,338,0,338,G
3-PA,128,332,0,0,0,332,A
3-PA,129,0,0,338,0,338,G
3-PA,130,0,0,332,0,332,G
3-PA,131,1,320,0,0,321,T
3-PA,132,0,1,338,0,339,G
3-PA,133,0,340,0,0,340,T
3-PA,134,2,0,350,0,352,G
3-PA,135,0,349,0,3,352,T
3-PA,136,0,352,0,1,353,T
3-PA,137,0,353,0,0,353,T
3-PA,138,2,0,0,355,357,C
3-PA,139,357,0,0,0,357,A
3-PA,140,0,358,0,0,358,T
3-PA,141,0,0,365,0,365,G
3-PA,142,0,359,0,0,359,T
3-PA,143,356,1,0,0,357,A
3-PA,144,0,359,0,0,359,T
3-PA,145,0,356,0,2,358,T
3-PA,146,1,0,0,359,360,C
3-PA,147,352,0,1,0,353,A
3-PA,148,0,1,356,0,357,G
3-PA,149,358,0,0,0,358,A
3-PA,150,0,357,0,0,357,T
3-PA,151,0,356,0,0,356,T
3-PA,152,0,357,0,0,357,T
3-PA,153,1,0,0,353,354,C
3-PA,154,1,0,0,358,359,C
3-PA,155,361,0,0,0,361,A
3-PA,156,0,361,0,0,361,T
3-PA,157,0,357,0,0,357,T
3-PA,158,0,359,0,0,359,T
3-PA,159,1,0,0,358,359,C
3-PA,160,358,0,3,0,361,A
3-PA,161,0,373,0,0,373,T
3-PA,162,1,0,0,373,374,C
3-PA,163,375,0,0,0,375,A
3-PA,164,375,0,0,0,375,A
3-PA,165,0,375,0,0,375,T
3-PA,166,0,0,394,0,394,G
3-PA,167,395,0,0,0,395,A
3-PA,168,393,0,2,0,395,A
3-PA,169,1,0,0,394,395,C
3-PA,170,390,0,0,0,390,A
3-PA,171,397,0,0,0,397,A
3-PA,172,0,0,398,0,398,G
3-PA,173,0,0,397,0,397,G
3-PA,174,0,0,0,397,397,C
3-PA,175,0,3,388,0,391,G
3-PA,176,410,0,0,0,410,A
3-PA,177,411,0,0,0,411,A
3-PA,178,0,409,0,1,410,T
3-PA,179,3,0,0,418,421,C
3-PA,180,419,0,0,0,419,A
3-PA,181,419,0,0,1,420,A
3-PA,182,0,422,0,0,422,T
3-PA,183,421,0,0,0,421,A
3-PA,184,0,0,429,0,429,G
3-PA,185,1,427,0,1,429,T
3-PA,186,0,1,430,0,431,G
3-PA,187,0,1,426,0,427,G
3-PA,188,0,427,0,0,427,T
3-PA,189,427,0,0,0,427,A
3-PA,190,1,2,428,0,431,G
3-PA,191,432,0,0,0,432,A
3-PA,192,432,0,0,0,432,A
3-PA,193,1,0,0,429,430,C
3-PA,194,0,426,0,0,426,T
3-PA,195,0,422,0,1,423,T
3-PA,196,0,2,423,0,425,G
3-PA,197,425,0,0,0,425,A
3-PA,198,0,0,0,422,422,C
3-PA,199,0,1,422,0,423,G
3-PA,200,434,0,0,0,434,A
3-PA,201,0,437,0,0,437,T
3-PA,202,1,0,0,437,438,C
3-PA,203,1,0,0,443,444,C
3-PA,204,444,0,0,0,444,A
3-PA,205,441,0,0,0,441,A
3-PA,206,448,0,0,0,448,A
3-PA,207,0,447,0,0,447,T
3-PA,208,0,0,450,0,450,G
3-PA,209,0,0,0,446,446,C
3-PA,210,443,0,2,0,445,A
3-PA,211,0,0,0,461,461,C
3-PA,212,0,453,0,0,453,T
3-PA,213,0,0,519,0,519,G
3-PA,214,0,520,0,0,520,T
3-PA,215,0,520,0,0,520,T
3-PA,216,520,0,0,0,520,A
3-PA,217,519,0,0,0,519,A
3-PA,218,517,0,0,0,517,A
3-PA,219,1,0,518,0,519,G
3-PA,220,1,0,0,507,508,C
3-PA,221,501,0,0,0,501,A
3-PA,222,0,0,0,498,498,C
3-PA,223,472,0,0,0,472,A
3-PA,224,1,1,498,0,500,G
3-PA,225,496,0,0,0,496,A
3-PA,226,0,497,0,0,497,T
3-PA,227,0,499,0,0,499,T
3-PA,228,0,494,0,1,495,T
3-PA,229,0,3,492,0,495,G
3-PA,230,498,0,1,0,499,A
3-PA,231,497,0,1,0,498,A
3-PA,232,498,0,0,0,498,A
3-PA,233,0,490,0,0,490,T
3-PA,234,493,0,0,0,493,A
3-PA,235,496,0,0,0,496,A
3-PA,236,0,497,0,0,497,T
3-PA,237,2,0,0,494,496,C
3-PA,238,0,0,496,0,496,G
3-PA,239,491,0,0,0,491,A
3-PA,240,0,2,493,0,495,G
3-PA,241,0,3,500,0,503,G
3-PA,242,0,0,504,0,504,G
3-PA,243,0,1,502,0,503,G
3-PA,244,492,0,1,0,493,A
3-PA,245,0,1,496,0,497,G
3-PA,246,511,0,2,0,513,A
3-PA,247,0,2,511,0,513,G
3-PA,248,513,0,1,0,514,A
3-PA,249,0,0,0,516,516,C
3-PA,250,508,0,3,0,511,A
3-PA,251,0,3,509,0,512,G
3-PA,252,513,0,0,0,513,A
3-PA,253,515,0,2,0,517,A
3-PA,254,0,0,0,515,515,C
3-PA,255,497,0,0,0,497,A
3-PA,256,501,0,0,0,501,A
3-PA,257,0,495,0,0,495,T
3-PA,258,0,1,511,0,512,G
3-PA,259,0,0,514,0,514,G
3-PA,260,1,0,0,506,507,C
3-PA,261,2,0,0,504,506,C
3-PA,262,0,500,0,0,500,T
3-PA,263,0,5,520,0,525,G
3-PA,264,0,2,524,0,526,G
3-PA,265,526,0,0,0,526,A
3-PA,266,0,0,0,529,529,C
3-PA,267,505,0,0,0,505,A
3-PA,268,0,1,579,0,580,G
3-PA,269,0,577,0,0,577,T
3-PA,270,586,0,1,0,587,A
3-PA,271,0,0,586,0,586,G
3-PA,272,0,565,0,0,565,T
3-PA,273,572,0,1,0,573,A
3-PA,274,573,0,0,0,573,A
3-PA,275,572,0,0,0,572,A
3-PA,276,1,0,0,585,586,C
3-PA,277,543,0,0,0,543,A
3-PA,278,0,2,562,0,564,G
3-PA,279,0,559,0,0,559,T
3-PA,280,570,0,0,0,570,A
3-PA,281,0,566,0,1,567,T
3-PA,282,1,0,0,577,578,C
3-PA,283,0,575,1,0,576,T
3-PA,284,0,0,572,0,572,G
3-PA,285,0,0,0,575,575,C
3-PA,286,567,0,0,0,567,A
3-PA,287,567,0,1,0,568,A
3-PA,288,0,0,0,569,569,C
3-PA,289,560,1,1,0,562,A
3-PA,290,0,0,0,592,592,C
3-PA,291,0,582,0,0,582,T
3-PA,292,585,0,0,0,585,A
3-PA,293,0,0,0,581,581,C
3-PA,294,0,581,0,0,581,T
3-PA,295,4,0,577,0,581,G
3-PA,296,0,3,575,0,578,G
3-PA,297,575,0,0,0,575,A
3-PA,298,0,0,576,0,576,G
3-PA,299,0,0,0,563,563,C
3-PA,300,0,562,0,0,562,T
3-PA,301,0,0,562,0,562,G
3-PA,302,0,2,558,0,560,G
3-PA,303,562,0,0,0,562,A
3-PA,304,562,0,0,0,562,A
3-PA,305,561,0,1,0,562,A
3-PA,306,561,1,0,0,562,A
3-PA,307,0,0,0,563,563,C
3-PA,308,1,0,0,559,560,C
3-PA,309,0,3,558,0,561,G
3-PA,310,560,1,0,0,561,A
3-PA,311,560,0,2,0,562,A
3-PA,312,0,0,568,0,568,G
3-PA,313,0,564,1,0,565,T
3-PA,314,0,563,0,0,563,T
3-PA,315,1,557,0,1,559,T
3-PA,316,1,0,0,564,565,C
3-PA,317,0,566,0,1,567,T
3-PA,318,569,0,0,0,569,A
3-PA,319,0,1,0,567,568,C
3-PA,320,1,0,0,564,565,C
3-PA,321,563,0,0,0,563,A
3-PA,322,0,1,561,0,562,G
3-PA,323,559,0,0,0,559,A
3-PA,324,0,1,0,549,550,C
3-PA,325,0,575,0,0,575,T
3-PA,326,0,579,0,0,579,T
3-PA,327,0,0,586,0,586,G
3-PA,328,0,589,0,0,589,T
3-PA,329,587,0,2,0,589,A
3-PA,330,0,588,0,0,588,T
3-PA,331,0,3,578,0,581,G
3-PA,332,595,0,0,0,595,A
3-PA,333,0,592,0,1,593,T
3-PA,334,1,593,0,0,594,T
3-PA,335,592,0,0,0,592,A
3-PA,336,0,0,0,597,597,C
3-PA,337,593,0,0,0,593,A
3-PA,338,592,0,1,0,593,A
3-PA,339,0,1,591,0,592,G
3-PA,340,0,3,595,0,598,G
3-PA,341,571,0,1,0,572,A
3-PA,342,1,2,586,1,590,G
3-PA,343,589,0,1,0,590,A
3-PA,344,590,0,0,0,590,A
3-PA,345,0,1,0,589,590,C
3-PA,346,574,0,1,0,575,A
3-PA,347,0,2,578,0,580,G
3-PA,348,579,0,1,0,580,A
3-PA,349,0,572,0,0,572,T
3-PA,350,0,576,0,0,576,T
3-PA,351,2,0,1,565,568,C
3-PA,352,568,0,0,0,568,A
3-PA,353,0,571,0,0,571,T
3-PA,354,1,0,0,570,571,C
3-PA,355,0,1,570,0,571,G
3-PA,356,575,0,0,0,575,A
3-PA,357,576,0,0,0,576,A
3-PA,358,578,0,0,0,578,A
3-PA,359,0,577,0,0,577,T
3-PA,360,0,572,0,0,572,T
3-PA,361,0,1,571,0,572,G
3-PA,362,1,3,572,0,576,G
3-PA,363,0,3,574,0,577,G
3-PA,364,0,0,580,0,580,G
3-PA,365,0,578,0,0,578,T
3-PA,366,0,2,588,0,590,G
3-PA,367,587,0,2,0,589,A
3-PA,368,1,1,0,592,594,C
3-PA,369,596,0,0,0,596,A
3-PA,370,595,0,1,0,596,A
3-PA,371,0,0,603,0,603,G
3-PA,372,0,2,599,0,601,G
3-PA,373,596,0,2,0,598,A
3-PA,374,0,2,594,0,596,G
3-PA,375,582,0,1,0,583,A
3-PA,376,0,2,579,0,581,G
3-PA,377,577,0,0,0,577,A
3-PA,378,579,0,0,0,579,A
3-PA,379,0,0,596,0,596,G
3-PA,380,1,582,0,0,583,T
3-PA,381,5,1,0,582,588,C
3-PA,382,1,0,0,587,588,C
3-PA,383,591,0,0,0,591,A
3-PA,384,0,0,0,612,612,C
3-PA,385,624,0,0,0,624,A
3-PA,386,0,641,0,0,641,T
3-PA,387,654,0,0,0,654,A
3-PA,388,0,629,0,0,629,T
3-PA,389,622,1,0,0,623,A
3-PA,390,0,612,0,1,613,T
3-PA,391,0,610,0,0,610,T
3-PA,392,625,0,0,0,625,A
3-PA,393,1,0,0,624,625,C
3-PA,394,1,0,0,595,596,C
3-PA,395,0,589,0,0,589,T
3-PA,396,0,578,0,0,578,T
3-PA,397,0,1,578,0,579,G
3-PA,398,579,0,2,0,581,A
3-PA,399,582,0,0,0,582,A
3-PA,400,579,0,0,0,579,A
3-PA,401,555,0,2,0,557,A
3-PA,402,0,4,557,0,561,G
3-PA,403,0,1,562,0,563,G
3-PA,404,0,0,0,563,563,C
3-PA,405,0,0,0,567,567,C
3-PA,406,564,1,2,0,567,A
3-PA,407,566,0,0,0,566,A
3-PA,408,0,568,0,0,568,T
3-PA,409,569,0,0,0,569,A
3-PA,410,569,0,0,0,569,A
3-PA,411,0,1,582,0,583,G
3-PA,412,582,0,0,0,582,A
3-PA,413,0,580,0,0,580,T
3-PA,414,0,576,0,0,576,T
3-PA,415,575,1,0,0,576,A
3-PA,416,573,0,1,0,574,A
3-PA,417,575,0,0,0,575,A
3-PA,418,0,579,0,0,579,T
3-PA,419,1,0,0,578,579,C
3-PA,420,1,565,0,0,566,T
3-PA,421,0,2,569,0,571,G
3-PA,422,574,0,1,0,575,A
3-PA,423,1,1,578,0,580,G
3-PA,424,580,0,1,0,581,A
3-PA,425,580,0,1,0,581,A
3-PA,426,0,1,0,583,584,C
3-PA,427,579,0,0,0,579,A
3-PA,428,0,0,0,578,578,C
3-PA,429,577,0,2,0,579,A
3-PA,430,0,0,0,583,583,C
3-PA,431,579,0,0,0,579,A
3-PA,432,0,0,0,595,595,C
3-PA,433,594,0,1,0,595,A
3-PA,434,0,585,0,1,586,T
3-PA,435,0,590,0,0,590,T
3-PA,436,2,1,0,587,590,C
3-PA,437,592,0,1,0,593,A
3-PA,438,0,0,0,599,599,C
3-PA,439,599,0,0,0,599,A
3-PA,440,0,599,0,0,599,T
3-PA,441,0,585,0,0,585,T
3-PA,442,0,596,0,0,596,T
3-PA,443,1,595,0,0,596,T
3-PA,444,0,0,0,613,613,C
3-PA,445,0,609,0,2,611,T
3-PA,446,1,0,0,614,615,C
3-PA,447,610,0,0,0,610,A
3-PA,448,0,611,0,0,611,T
3-PA,449,1,616,0,0,617,T
3-PA,450,4,0,0,614,618,C
3-PA,451,612,0,0,0,612,A
3-PA,452,0,0,0,617,617,C
3-PA,453,0,610,0,0,610,T
3-PA,454,1,1,617,0,619,G
3-PA,455,0,1,615,0,616,G
3-PA,456,4,2,612,0,618,G
3-PA,457,1,1,619,0,621,G
3-PA,458,620,0,0,0,620,A
3-PA,459,1,4,619,0,624,G
3-PA,460,0,2,628,0,630,G
3-PA,461,624,0,0,0,624,A
3-PA,462,623,0,0,1,624,A
3-PA,463,613,0,1,0,614,A
3-PA,464,0,609,0,0,609,T
3-PA,465,0,4,604,0,608,G
3-PA,466,1,0,601,0,602,G
3-PA,467,1,0,0,606,607,C
3-PA,468,0,0,0,609,609,C
3-PA,469,608,0,1,0,609,A
3-PA,470,0,0,0,613,613,C
3-PA,471,607,0,1,0,608,A
3-PA,472,613,0,0,0,613,A
3-PA,473,616,0,0,0,616,A
3-PA,474,0,0,624,0,624,G
3-PA,475,0,0,625,0,625,G
3-PA,476,0,0,0,622,622,C
3-PA,477,622,0,1,0,623,A
3-PA,478,0,1,627,0,628,G
3-PA,479,626,0,3,0,629,A
3-PA,480,2,0,0,640,642,C
3-PA,481,0,632,0,1,633,T
3-PA,482,634,1,0,0,635,A
3-PA,483,0,0,0,636,636,C
3-PA,484,623,0,0,0,623,A
3-PA,485,0,0,0,633,633,C
3-PA,486,0,611,0,1,612,T
3-PA,487,1,0,0,619,620,C
3-PA,488,0,616,0,1,617,T
3-PA,489,4,1,0,598,603,C
3-PA,490,1,1,602,0,604,G
3-PA,491,601,0,0,0,601,A
3-PA,492,0,0,0,599,599,C
3-PA,493,2,1,600,0,603,G
3-PA,494,597,0,0,0,597,A
3-PA,495,0,2,594,0,596,G
3-PA,496,0,5,587,0,592,G
3-PA,497,590,0,0,0,590,A
3-PA,498,589,0,1,0,590,A
3-PA,499,587,0,0,0,587,A
3-PA,500,0,0,586,0,586,G
3-PA,501,1,0,0,581,582,C
3-PA,502,574,0,1,0,575,A
3-PA,503,0,2,572,0,574,G
3-PA,504,562,0,0,0,562,A
3-PA,505,0,0,573,0,573,G
3-PA,506,0,1,0,574,575,C
3-PA,507,0,572,0,0,572,T
3-PA,508,573,0,1,0,574,A
3-PA,509,0,1,572,0,573,G
3-PA,510,0,1,591,0,592,G
3-PA,511,594,0,0,0,594,A
3-PA,512,1,579,0,0,580,T
3-PA,513,0,583,0,0,583,T
3-PA,514,577,0,0,0,577,A
3-PA,515,580,0,0,0,580,A
3-PA,516,1,3,580,0,584,G
3-PA,517,585,0,3,0,588,A
3-PA,518,0,0,0,583,583,C
3-PA,519,2,0,0,536,538,C
3-PA,520,532,0,0,0,532,A
3-PA,521,0,1,533,0,534,G
3-PA,522,0,0,539,0,539,G
3-PA,523,0,0,0,547,547,C
3-PA,524,1,529,0,0,530,T
3-PA,525,2,0,543,0,545,G
3-PA,526,1,538,0,0,539,T
3-PA,527,0,533,0,1,534,T
3-PA,528,0,541,0,0,541,T
3-PA,529,540,0,0,0,540,A
3-PA,530,0,0,0,542,542,C
3-PA,531,0,0,0,529,529,C
3-PA,532,525,0,0,0,525,A
3-PA,533,0,524,0,1,525,T
3-PA,534,492,0,0,0,492,A
3-PA,535,500,1,0,0,501,A
3-PA,536,0,0,503,0,503,G
3-PA,537,506,0,0,0,506,A
3-PA,538,0,1,0,503,504,C
3-PA,539,485,0,0,0,485,A
3-PA,540,486,0,0,0,486,A
3-PA,541,0,1,492,0,493,G
3-PA,542,492,0,1,0,493,A
3-PA,543,493,0,0,0,493,A
3-PA,544,489,0,0,0,489,A
3-PA,545,0,476,1,0,477,T
3-PA,546,0,2,483,0,485,G
3-PA,547,0,0,483,0,483,G
3-PA,548,0,0,0,482,482,C
3-PA,549,4,1,0,482,487,C
3-PA,550,478,1,0,1,480,A
3-PA,551,487,0,2,0,489,A
3-PA,552,0,0,0,490,490,C
3-PA,553,487,0,0,0,487,A
3-PA,554,0,0,485,0,485,G
3-PA,555,471,0,0,0,471,A
3-PA,556,0,1,476,0,477,G
3-PA,557,0,0,474,0,474,G
3-PA,558,1,0,0,477,478,C
3-PA,559,0,0,0,481,481,C
3-PA,560,0,470,0,0,470,T
3-PA,561,0,0,0,478,478,C
3-PA,562,1,476,0,0,477,T
3-PA,563,1,3,476,0,480,G
3-PA,564,0,3,479,0,482,G
3-PA,565,0,0,478,0,478,G
3-PA,566,473,0,0,0,473,A
3-PA,567,0,466,0,0,466,T
3-PA,568,0,453,0,0,453,T
3-PA,569,0,0,0,513,513,C
3-PA,570,2,0,0,503,505,C
3-PA,571,0,481,0,0,481,T
3-PA,572,0,478,0,0,478,T
3-PA,573,0,473,0,0,473,T
3-PA,574,0,1,0,478,479,C
3-PA,575,2,0,476,0,478,G
3-PA,576,0,477,0,0,477,T
3-PA,577,0,0,0,475,475,C
3-PA,578,466,0,1,1,468,A
3-PA,579,0,1,525,0,526,G
3-PA,580,0,528,0,0,528,T
3-PA,581,2,0,0,523,525,C
3-PA,582,0,1,0,524,525,C
3-PA,583,0,5,527,0,532,G
3-PA,584,532,0,0,1,533,A
3-PA,585,536,0,0,0,536,A
3-PA,586,535,0,0,0,535,A
3-PA,587,0,1,543,0,544,G
3-PA,588,522,0,1,0,523,A
3-PA,589,0,1,530,0,531,G
3-PA,590,1,0,531,0,532,G
3-PA,591,0,0,0,535,535,C
3-PA,592,1,2,530,0,533,G
3-PA,593,532,0,0,0,532,A
3-PA,594,533,0,1,0,534,A
3-PA,595,0,1,538,0,539,G
3-PA,596,540,0,0,0,540,A
3-PA,597,539,0,0,0,539,A
3-PA,598,536,1,1,0,538,A
3-PA,599,0,1,0,541,542,C
3-PA,600,533,0,0,0,533,A
3-PA,601,542,0,0,0,542,A
3-PA,602,0,542,0,0,542,T
3-PA,603,0,537,0,1,538,T
3-PA,604,1,3,536,0,540,G
3-PA,605,536,0,0,0,536,A
3-PA,606,538,0,0,0,538,A
3-PA,607,0,1,539,0,540,G
3-PA,608,535,0,0,0,535,A
3-PA,609,532,0,0,0,532,A
3-PA,610,535,0,0,0,535,A
3-PA,611,534,0,0,0,534,A
3-PA,612,535,0,0,0,535,A
3-PA,613,0,533,0,0,533,T
3-PA,614,0,532,0,0,532,T
3-PA,615,0,533,0,0,533,T
3-PA,616,0,0,534,0,534,G
3-PA,617,533,0,1,0,534,A
3-PA,618,536,0,0,0,536,A
3-PA,619,538,0,0,0,538,A
3-PA,620,0,543,0,0,543,T
3-PA,621,2,0,0,603,605,C
3-PA,622,602,0,0,0,602,A
3-PA,623,0,0,0,609,609,C
3-PA,624,606,0,0,0,606,A
3-PA,625,0,1,619,0,620,G
3-PA,626,0,2,641,0,643,G
3-PA,627,662,0,2,0,664,A
3-PA,628,676,0,0,0,676,A
3-PA,629,0,0,0,687,687,C
3-PA,630,0,653,0,0,653,T
3-PA,631,719,0,0,0,719,A
3-PA,632,0,730,0,0,730,T
3-PA,633,1,0,757,0,758,G
3-PA,634,0,0,0,757,757,C
3-PA,635,2,1,741,0,744,G
3-PA,636,0,743,0,0,743,T
3-PA,637,736,0,0,0,736,A
3-PA,638,0,2,741,0,743,G
3-PA,639,0,0,745,0,745,G
3-PA,640,0,0,0,731,731,C
3-PA,641,0,723,0,0,723,T
3-PA,642,0,716,0,1,717,T
3-PA,643,0,1,719,0,720,G
3-PA,644,0,0,0,718,718,C
3-PA,645,3,1,0,718,722,C
3-PA,646,1,3,726,0,730,G
3-PA,647,731,1,0,0,732,A
3-PA,648,0,0,0,736,736,C
3-PA,649,4,0,0,732,736,C
3-PA,650,736,0,0,0,736,A
3-PA,651,734,0,3,0,737,A
3-PA,652,736,0,1,0,737,A
3-PA,653,0,0,752,0,752,G
3-PA,654,0,752,0,0,752,T
3-PA,655,3,0,0,746,749,C
3-PA,656,0,744,1,2,747,T
3-PA,657,2,1,0,746,749,C
3-PA,658,2,0,0,751,753,C
3-PA,659,5,0,0,753,758,C
3-PA,660,761,0,1,0,762,A
3-PA,661,0,0,0,764,764,C
3-PA,662,1,0,0,752,753,C
3-PA,663,0,4,758,0,762,G
3-PA,664,770,0,0,0,770,A
3-PA,665,771,0,0,0,771,A
3-PA,666,0,0,0,779,779,C
3-PA,667,0,768,0,1,769,T
3-PA,668,0,783,1,0,784,T
3-PA,669,1,0,0,793,794,C
3-PA,670,0,785,0,3,788,T
3-PA,671,3,0,0,788,791,C
3-PA,672,1,0,0,788,789,C
3-PA,673,0,786,1,0,787,T
3-PA,674,2,3,789,0,794,G
3-PA,675,0,0,0,794,794,C
3-PA,676,1,1,0,796,798,C
3-PA,677,0,792,0,1,793,T
3-PA,678,0,792,0,0,792,T
3-PA,679,1,3,790,0,794,G
3-PA,680,797,0,0,0,797,A
3-PA,681,1,1,807,0,809,G
3-PA,682,810,0,0,0,810,A
3-PA,683,808,0,0,0,808,A
3-PA,684,0,829,0,0,829,T
3-PA,685,0,833,0,0,833,T
3-PA,686,0,831,0,1,832,T
3-PA,687,0,833,0,0,833,T
3-PA,688,829,0,2,0,831,A
3-PA,689,1,3,831,0,835,G
3-PA,690,829,0,1,0,830,A
3-PA,691,0,1,862,0,863,G
3-PA,692,0,0,0,860,860,C
3-PA,693,1,0,0,859,860,C
3-PA,694,0,875,0,0,875,T
3-PA,695,917,1,0,0,918,A
3-PA,696,0,921,0,0,921,T
3-PA,697,0,1,920,0,921,G
3-PA,698,0,920,0,1,921,T
3-PA,699,1,3,920,0,924,G
3-PA,700,0,2,917,0,919,G
3-PA,701,914,0,1,0,915,A
3-PA,702,0,904,0,1,905,T
3-PA,703,0,6,882,0,888,G
3-PA,704,0,4,901,0,905,G
3-PA,705,905,0,1,0,906,A
3-PA,706,0,907,0,0,907,T
3-PA,707,0,905,0,0,905,T
3-PA,708,2,1,0,898,901,C
3-PA,709,0,3,906,0,909,G
3-PA,710,915,0,0,0,915,A
3-PA,711,913,0,0,0,913,A
3-PA,712,0,1,0,918,919,C
3-PA,713,3,0,0,900,903,C
3-PA,714,2,0,909,0,911,G
3-PA,715,911,0,0,0,911,A
3-PA,716,909,0,1,0,910,A
3-PA,717,0,1,0,922,923,C
3-PA,718,1,2,913,0,916,G
3-PA,719,1,1,944,0,946,G
3-PA,720,0,0,0,950,950,C
3-PA,721,0,948,0,0,948,T
3-PA,722,1,0,977,0,978,G
3-PA,723,1,1,0,977,979,C
3-PA,724,991,1,1,0,993,A
3-PA,725,0,992,0,0,992,T
3-PA,726,0,978,0,0,978,T
3-PA,727,0,2,981,0,983,G
3-PA,728,938,0,2,0,940,A
3-PA,729,3,1,956,0,960,G
3-PA,730,0,0,955,0,955,G
3-PA,731,1,1,948,0,950,G
3-PA,732,0,0,0,946,946,C
3-PA,733,937,1,0,0,938,A
3-PA,734,942,0,1,0,943,A
3-PA,735,0,0,953,0,953,G
3-PA,736,1,1,0,949,951,C
3-PA,737,0,955,0,1,956,T
3-PA,738,0,951,0,0,951,T
3-PA,739,0,956,0,0,956,T
3-PA,740,2,0,0,956,958,C
3-PA,741,1,956,1,1,959,T
3-PA,742,4,0,1,955,960,C
3-PA,743,956,1,0,0,957,A
3-PA,744,953,0,0,0,953,A
3-PA,745,949,0,0,0,949,A
3-PA,746,0,947,0,0,947,T
3-PA,747,0,0,983,0,983,G
3-PA,748,0,981,0,0,981,T
3-PA,749,2,0,0,990,992,C
3-PA,750,6,0,1,980,987,C
3-PA,751,993,0,0,0,993,A
3-PA,752,992,0,0,0,992,A
3-PA,753,989,0,0,0,989,A
3-PA,754,2,0,1008,0,1010,G
3-PA,755,1001,1,1,0,1003,A
3-PA,756,978,0,0,0,978,A
3-PA,757,0,1,983,0,984,G
3-PA,758,0,979,0,0,979,T
3-PA,759,0,5,970,0,975,G
3-PA,760,972,0,0,1,973,A
3-PA,761,974,0,3,0,977,A
3-PA,762,0,972,0,0,972,T
3-PA,763,0,1,968,0,969,G
3-PA,764,1,1,0,971,973,C
3-PA,765,4,0,0,972,976,C
3-PA,766,3,0,0,974,977,C
3-PA,767,984,0,0,0,984,A
3-PA,768,994,0,0,0,994,A
3-PA,769,999,0,0,0,999,A
3-PA,770,0,1002,0,0,1002,T
3-PA,771,0,1001,0,0,1001,T
3-PA,772,0,6,988,1,995,G
3-PA,773,994,0,1,0,995,A
3-PA,774,996,0,1,0,997,A
3-PA,775,0,0,0,1002,1002,C
3-PA,776,5,0,0,990,995,C
3-PA,777,0,986,0,2,988,T
3-PA,778,1,1007,0,1,1009,T
3-PA,779,0,1013,0,0,1013,T
3-PA,780,2,1036,0,1,1039,T
3-PA,781,1,0,0,1041,1042,C
3-PA,782,0,1039,1,0,1040,T
3-PA,783,4,2,1035,0,1041,G
3-PA,784,1038,0,1,0,1039,A
3-PA,785,1041,0,0,0,1041,A
3-PA,786,0,3,1045,0,1048,G
3-PA,787,1027,1,0,0,1028,A
3-PA,788,1,0,0,1035,1036,C
3-PA,789,1016,0,1,0,1017,A
3-PA,790,1021,0,0,0,1021,A
3-PA,791,0,0,0,1145,1145,C
3-PA,792,1151,0,2,0,1153,A
3-PA,793,2,0,0,1154,1156,C
3-PA,794,8,0,0,1136,1144,C
3-PA,795,1134,2,3,0,1139,A
3-PA,796,1135,0,0,0,1135,A
3-PA,797,0,6,1131,0,1137,G
3-PA,798,1138,0,0,0,1138,A
3-PA,799,0,1,0,1133,1134,C
3-PA,800,3,0,0,1029,1032,C
3-PA,801,1025,1,1,0,1027,A
3-PA,802,1034,0,0,0,1034,A
3-PA,803,0,1037,0,0,1037,T
3-PA,804,3,1,0,1033,1037,C
3-PA,805,1035,0,0,0,1035,A
3-PA,806,1036,0,0,0,1036,A
3-PA,807,1034,1,0,0,1035,A
3-PA,808,3,0,0,1045,1048,C
3-PA,809,0,1038,0,0,1038,T
3-PA,810,0,1031,0,0,1031,T
3-PA,811,3,0,0,1039,1042,C
3-PA,812,2,0,0,1030,1032,C
3-PA,813,0,2,1042,0,1044,G
3-PA,814,1043,0,0,0,1043,A
3-PA,815,1050,0,0,0,1050,A
3-PA,816,0,1047,0,1,1048,T
3-PA,817,2,3,1037,0,1042,G
3-PA,818,0,1,1044,0,1045,G
3-PA,819,1049,0,2,0,1051,A
3-PA,820,0,0,0,1056,1056,C
3-PA,821,1,0,0,1052,1053,C
3-PA,822,0,1078,0,1,1079,T
3-PA,823,1,0,0,1109,1110,C
3-PA,824,2,0,0,1117,1119,C
3-PA,825,1,1116,0,1,1118,T
3-PA,826,0,1121,0,0,1121,T
3-PA,827,1,1,1170,0,1172,G
3-PA,828,0,1156,0,2,1158,T
3-PA,829,0,1150,0,2,1152,T
3-PA,830,1151,0,0,0,1151,A
3-PA,831,0,1121,0,0,1121,T
3-PA,832,7,0,0,1105,1112,C
3-PA,833,1091,1,1,0,1093,A
3-PA,834,0,0,1095,0,1095,G
3-PA,835,1,0,0,1085,1086,C
3-PA,836,2,0,1052,0,1054,G
3-PA,837,1,0,1066,0,1067,G
3-PA,838,0,1073,0,2,1075,T
3-PA,839,6,0,0,1068,1074,C
3-PA,840,2,0,0,1076,1078,C
3-PA,841,1081,1,0,0,1082,A
3-PA,842,1083,0,1,0,1084,A
3-PA,843,1083,4,0,0,1087,A
3-PA,844,0,1088,0,0,1088,T
3-PA,845,0,1077,0,0,1077,T
3-PA,846,6,0,0,1063,1069,C
3-PA,847,4,0,0,1051,1055,C
3-PA,848,0,1053,0,1,1054,T
3-PA,849,3,1,0,1054,1058,C
3-PA,850,1,1,0,1060,1062,C
3-PA,851,0,1058,0,0,1058,T
3-PA,852,0,2,1065,0,1067,G
3-PA,853,1061,0,0,0,1061,A
3-PA,854,0,1065,0,0,1065,T
3-PA,855,1,0,1051,0,1052,G
3-PA,856,0,2,1028,0,1030,G
3-PA,857,1032,0,1,1,1034,A
3-PA,858,0,1021,0,0,1021,T
3-PA,859,0,0,1020,0,1020,G
3-PA,860,1,0,0,1071,1072,C
3-PA,861,0,1055,0,0,1055,T
3-PA,862,1,1058,0,2,1061,T
3-PA,863,0,1059,0,0,1059,T
3-PA,864,1061,0,1,0,1062,A
3-PA,865,1064,0,0,0,1064,A
3-PA,866,1060,0,0,0,1060,A
3-PA,867,1065,0,1,1,1067,A
3-PA,868,0,1066,0,1,1067,T
3-PA,869,0,965,0,0,965,T
3-PA,870,0,0,969,0,969,G
3-PA,871,964,0,6,0,970,A
3-PA,872,0,0,976,0,976,G
3-PA,873,2,0,0,976,978,C
3-PA,874,976,0,0,0,976,A
3-PA,875,0,992,0,1,993,T
3-PA,876,0,987,0,0,987,T
3-PA,877,0,0,990,0,990,G
3-PA,878,992,0,1,0,993,A
3-PA,879,982,0,2,0,984,A
3-PA,880,0,5,986,0,991,G
3-PA,881,970,0,1,1,972,A
3-PA,882,3,1,0,976,980,C
3-PA,883,3,1,0,969,973,C
3-PA,884,5,0,0,958,963,C
3-PA,885,951,0,1,0,952,A
3-PA,886,955,0,2,0,957,A
3-PA,887,0,2,961,0,963,G
3-PA,888,0,960,0,1,961,T
3-PA,889,3,0,0,954,957,C
3-PA,890,959,0,0,1,960,A
3-PA,891,0,1,0,960,961,C
3-PA,892,0,2,956,0,958,G
3-PA,893,973,0,0,0,973,A
3-PA,894,971,0,1,0,972,A
3-PA,895,0,2,1006,0,1008,G
3-PA,896,0,0,1004,0,1004,G
3-PA,897,986,0,3,0,989,A
3-PA,898,0,2,991,0,993,G
3-PA,899,988,0,1,0,989,A
3-PA,900,991,0,1,0,992,A
3-PA,901,0,0,992,0,992,G
3-PA,902,0,3,977,0,980,G
3-PA,903,0,3,979,0,982,G
3-PA,904,949,0,2,0,951,A
3-PA,905,0,949,0,2,951,T
3-PA,906,2,0,0,951,953,C
3-PA,907,2,0,0,1043,1045,C
3-PA,908,3,0,0,1052,1055,C
3-PA,909,1063,0,0,0,1063,A
3-PA,910,0,1062,0,0,1062,T
3-PA,911,0,1070,0,1,1071,T
3-PA,912,1092,0,0,0,1092,A
3-PA,913,0,1091,0,0,1091,T
3-PA,914,1089,0,0,0,1089,A
3-PA,915,0,1086,1,1,1088,T
3-PA,916,0,5,950,0,955,G
3-PA,917,950,0,0,0,950,A
3-PA,918,0,939,0,0,939,T
3-PA,919,0,1,942,0,943,G
3-PA,920,0,1,0,934,935,C
3-PA,921,0,5,924,0,929,G
3-PA,922,937,1,1,0,939,A
3-PA,923,0,937,0,4,941,T
3-PA,924,1,0,0,943,944,C
3-PA,925,942,0,0,0,942,A
3-PA,926,931,0,3,0,934,A
3-PA,927,0,0,938,0,938,G
3-PA,928,1,931,0,0,932,T
3-PA,929,0,0,947,0,947,G
3-PA,930,0,0,0,953,953,C
3-PA,931,949,0,0,0,949,A
3-PA,932,0,949,0,0,949,T
3-PA,933,945,0,0,1,946,A
3-PA,934,960,0,1,0,961,A
3-PA,935,963,0,0,0,963,A
3-PA,936,954,0,2,0,956,A
3-PA,937,959,0,0,1,960,A
3-PA,938,0,0,0,960,960,C
3-PA,939,946,0,0,0,946,A
3-PA,940,1,955,0,0,956,T
3-PA,941,0,957,0,0,957,T
3-PA,942,5,0,0,956,961,C
3-PA,943,1,946,0,0,947,T
3-PA,944,0,946,0,0,946,T
3-PA,945,0,948,0,0,948,T
3-PA,946,1,2,944,0,947,G
3-PA,947,0,1,946,0,947,G
3-PA,948,948,0,0,0,948,A
3-PA,949,0,945,0,2,947,T
3-PA,950,0,3,949,0,952,G
3-PA,951,0,0,969,0,969,G
3-PA,952,975,0,2,0,977,A
3-PA,953,976,0,1,0,977,A
3-PA,954,976,0,0,0,976,A
3-PA,955,0,4,990,0,994,G
3-PA,956,991,0,0,0,991,A
3-PA,957,1084,0,0,0,1084,A
3-PA,958,1,1,0,1097,1099,C
3-PA,959,4,2,0,1090,1096,C
3-PA,960,0,1086,0,2,1088,T
3-PA,961,0,1110,0,0,1110,T
3-PA,962,1116,0,0,0,1116,A
3-PA,963,0,1113,0,0,1113,T
3-PA,964,1103,1,0,0,1104,A
3-PA,965,0,1124,1,0,1125,T
3-PA,966,1033,0,0,0,1033,A
3-PA,967,0,1,1044,0,1045,G
3-PA,968,2,1028,0,2,1032,T
3-PA,969,2,0,0,1032,1034,C
3-PA,970,1009,0,0,0,1009,A
3-PA,971,1009,1,0,1,1011,A
3-PA,972,1010,0,1,0,1011,A
3-PA,973,0,1,0,1016,1017,C
3-PA,974,5,0,0,999,1004,C
3-PA,975,988,1,0,0,989,A
3-PA,976,0,0,0,1001,1001,C
3-PA,977,999,0,3,0,1002,A
3-PA,978,0,0,0,1009,1009,C
3-PA,979,0,6,1003,0,1009,G
3-PA,980,1011,0,0,0,1011,A
3-PA,981,1006,2,1,0,1009,A
3-PA,982,1005,0,0,1,1006,A
3-PA,983,1005,0,1,0,1006,A
3-PA,984,0,2,1016,0,1018,G
3-PA,985,0,2,1014,0,1016,G
3-PA,986,0,4,1017,0,1021,G
3-PA,987,1019,1,1,0,1021,A
3-PA,988,1021,1,1,0,1023,A
3-PA,989,0,1024,0,0,1024,T
3-PA,990,1024,0,0,0,1024,A
3-PA,991,1022,0,0,0,1022,A
3-PA,992,1030,0,0,0,1030,A
3-PA,993,0,1025,0,0,1025,T
3-PA,994,1,1018,0,0,1019,T
3-PA,995,4,1,0,1018,1023,C
3-PA,996,1022,0,0,0,1022,A
3-PA,997,1022,0,0,0,1022,A
3-PA,998,1024,0,1,0,1025,A
3-PA,999,0,1026,0,0,1026,T
3-PA,1000,0,1028,0,0,1028,T
3-PA,1001,1034,0,0,0,1034,A
3-PA,1002,2,0,0,1029,1031,C
3-PA,1003,0,0,0,1031,1031,C
3-PA,1004,0,1019,0,3,1022,T
3-PA,1005,0,0,1029,0,1029,G
3-PA,1006,1,0,0,1032,1033,C
3-PA,1007,0,1031,0,0,1031,T
3-PA,1008,0,0,1043,0,1043,G
3-PA,1009,1,1042,0,0,1043,T
3-PA,1010,4,0,2,1036,1042,C
3-PA,1011,1046,0,0,0,1046,A
3-PA,1012,0,1046,0,0,1046,T
3-PA,1013,1,3,1040,0,1044,G
3-PA,1014,0,1,1046,0,1047,G
3-PA,1015,1044,0,1,0,1045,A
3-PA,1016,1082,0,1,0,1083,A
3-PA,1017,0,1,1074,0,1075,G
3-PA,1018,2,1,0,1075,1078,C
3-PA,1019,1074,0,0,0,1074,A
3-PA,1020,1076,0,1,0,1077,A
3-PA,1021,0,2,1080,0,1082,G
3-PA,1022,0,1087,0,0,1087,T
3-PA,1023,1077,0,0,0,1077,A
3-PA,1024,1,0,0,1077,1078,C
3-PA,1025,0,1055,0,1,1056,T
3-PA,1026,0,0,1067,0,1067,G
3-PA,1027,0,1060,0,0,1060,T
3-PA,1028,6,0,0,1057,1063,C
3-PA,1029,1057,0,1,0,1058,A
3-PA,1030,0,2,1053,0,1055,G
3-PA,1031,1051,0,0,0,1051,A
3-PA,1032,1051,1,0,0,1052,A
3-PA,1033,0,1090,0,0,1090,T
3-PA,1034,0,1077,0,1,1078,T
3-PA,1035,0,1,1072,1,1074,G
3-PA,1036,1,0,0,1073,1074,C
3-PA,1037,1070,0,0,0,1070,A
3-PA,1038,0,2,1074,0,1076,G
3-PA,1039,0,4,1059,0,1063,G
3-PA,1040,1064,0,1,0,1065,A
3-PA,1041,0,1,0,1079,1080,C
3-PA,1042,1063,0,0,0,1063,A
3-PA,1043,0,1070,0,0,1070,T
3-PA,1044,0,1070,0,0,1070,T
3-PA,1045,0,6,1069,0,1075,G
3-PA,1046,1072,0,2,0,1074,A
3-PA,1047,1066,0,2,0,1068,A
3-PA,1048,1063,0,1,0,1064,A
3-PA,1049,1063,0,0,1,1064,A
3-PA,1050,0,1054,0,2,1056,T
3-PA,1051,0,7,1065,0,1072,G
3-PA,1052,1057,0,3,0,1060,A
3-PA,1053,0,2,1066,0,1068,G
3-PA,1054,0,6,1065,0,1071,G
3-PA,1055,1062,0,1,0,1063,A
3-PA,1056,0,0,1067,0,1067,G
3-PA,1057,1067,0,1,0,1068,A
3-PA,1058,1061,0,2,0,1063,A
3-PA,1059,0,4,1058,0,1062,G
3-PA,1060,1,0,1040,0,1041,G
3-PA,1061,0,1082,0,3,1085,T
3-PA,1062,0,1085,0,1,1086,T
3-PA,1063,4,0,1,1083,1088,C
3-PA,1064,0,0,0,1089,1089,C
3-PA,1065,1085,0,0,0,1085,A
3-PA,1066,1080,1,0,0,1081,A
3-PA,1067,0,3,1084,0,1087,G
3-PA,1068,0,0,1088,0,1088,G
3-PA,1069,1063,0,0,0,1063,A
3-PA,1070,0,0,0,1071,1071,C
3-PA,1071,0,1071,0,0,1071,T
3-PA,1072,1074,0,0,0,1074,A
3-PA,1073,1072,1,1,0,1074,A
3-PA,1074,1073,0,0,0,1073,A
3-PA,1075,1068,0,3,0,1071,A
3-PA,1076,1067,0,0,0,1067,A
3-PA,1077,0,0,0,1058,1058,C
3-PA,1078,1054,0,2,0,1056,A
3-PA,1079,0,1050,0,0,1050,T
3-PA,1080,0,1,1060,0,1061,G
3-PA,1081,1064,0,1,0,1065,A
3-PA,1082,1064,0,0,0,1064,A
3-PA,1083,0,5,1071,0,1076,G
3-PA,1084,1071,0,0,0,1071,A
3-PA,1085,1071,0,0,0,1071,A
3-PA,1086,1057,0,1,0,1058,A
3-PA,1087,1055,0,1,3,1059,A
3-PA,1088,0,0,0,1063,1063,C
3-PA,1089,0,4,1053,0,1057,G
3-PA,1090,1057,0,1,0,1058,A
3-PA,1091,0,0,1060,0,1060,G
3-PA,1092,0,1049,0,0,1049,T
3-PA,1093,7,1,0,1060,1068,C
3-PA,1094,1065,0,2,1,1068,A
3-PA,1095,1088,0,0,0,1088,A
3-PA,1096,1,0,0,1087,1088,C
3-PA,1097,2,1081,0,0,1083,T
3-PA,1098,1,1,1107,0,1109,G
3-PA,1099,1100,0,0,0,1100,A
3-PA,1100,1105,0,1,0,1106,A
3-PA,1101,0,0,1103,0,1103,G
3-PA,1102,0,1087,0,0,1087,T
3-PA,1103,1,3,1085,0,1089,G
3-PA,1104,1,3,1073,0,1077,G
3-PA,1105,0,1,1080,0,1081,G
3-PA,1106,0,1,0,1087,1088,C
3-PA,1107,0,1071,0,4,1075,T
3-PA,1108,3,0,0,1080,1083,C
3-PA,1109,0,1075,0,1,1076,T
3-PA,1110,0,1073,0,1,1074,T
3-PA,1111,0,0,1100,0,1100,G
3-PA,1112,2,1,1099,0,1102,G
3-PA,1113,2,1096,0,1,1099,T
3-PA,1114,0,3,1098,0,1101,G
3-PA,1115,1092,0,0,0,1092,A
3-PA,1116,1100,1,0,0,1101,A
3-PA,1117,1096,0,0,1,1097,A
3-PA,1118,1107,1,0,1,1109,A
3-PA,1119,0,1,0,1114,1115,C
3-PA,1120,1096,0,1,0,1097,A
3-PA,1121,1,1089,0,2,1092,T
3-PA,1122,2,2,1081,0,1085,G
3-PA,1123,0,0,1106,0,1106,G
3-PA,1124,0,2,0,1105,1107,C
3-PA,1125,1104,1,3,0,1108,A
3-PA,1126,0,0,0,1117,1117,C
3-PA,1127,2,0,0,1122,1124,C
3-PA,1128,1142,0,2,0,1144,A
3-PA,1129,0,6,1157,0,1163,G
3-PA,1130,1159,1,1,0,1161,A
3-PA,1131,1,0,1177,0,1178,G
3-PA,1132,1156,1,1,0,1158,A
3-PA,1133,1162,0,1,0,1163,A
3-PA,1134,0,1,1172,0,1173,G
3-PA,1135,0,2,1164,0,1166,G
3-PA,1136,0,1163,0,1,1164,T
3-PA,1137,1142,0,1,0,1143,A
3-PA,1138,0,6,1132,0,1138,G
3-PA,1139,1133,0,2,0,1135,A
3-PA,1140,0,0,0,1141,1141,C
3-PA,1141,0,1112,0,2,1114,T
3-PA,1142,0,1110,1,1,1112,T
3-PA,1143,0,1115,0,0,1115,T
3-PA,1144,0,2,1117,0,1119,G
3-PA,1145,1110,0,4,0,1114,A
3-PA,1146,1124,0,0,0,1124,A
3-PA,1147,1121,0,1,0,1122,A
3-PA,1148,1121,0,0,0,1121,A
3-PA,1149,1,1,0,1145,1147,C
3-PA,1150,1,1132,0,1,1134,T
3-PA,1151,1,0,1147,0,1148,G
3-PA,1152,0,0,0,1148,1148,C
3-PA,1153,1151,0,0,0,1151,A
3-PA,1154,0,1,1150,0,1151,G
3-PA,1155,1141,1,1,0,1143,A
3-PA,1156,0,3,1201,0,1204,G
3-PA,1157,1201,1,0,0,1202,A
3-PA,1158,0,2,0,1187,1189,C
3-PA,1159,1194,0,0,0,1194,A
3-PA,1160,0,1186,0,1,1187,T
3-PA,1161,1182,0,1,0,1183,A
3-PA,1162,1182,1,2,0,1185,A
3-PA,1163,0,1,1185,0,1186,G
3-PA,1164,0,0,0,1177,1177,C
3-PA,1165,0,4,1142,0,1146,G
3-PA,1166,1172,0,0,0,1172,A
3-PA,1167,0,1160,0,1,1161,T
3-PA,1168,0,1160,0,0,1160,T
3-PA,1169,1,1164,0,1,1166,T
3-PA,1170,0,3,1163,0,1166,G
3-PA,1171,1169,0,0,0,1169,A
3-PA,1172,1170,0,2,0,1172,A
3-PA,1173,0,0,1183,0,1183,G
3-PA,1174,1,1,0,1215,1217,C
3-PA,1175,1202,0,0,0,1202,A
3-PA,1176,1295,0,0,0,1295,A
3-PA,1177,0,1301,0,0,1301,T
3-PA,1178,1305,0,0,0,1305,A
3-PA,1179,0,1306,2,3,1311,T
3-PA,1180,0,4,1309,0,1313,G
3-PA,1181,1321,0,1,0,1322,A
3-PA,1182,0,1316,0,1,1317,T
3-PA,1183,1273,0,0,0,1273,A
3-PA,1184,0,1,1281,0,1282,G
3-PA,1185,0,1226,0,0,1226,T
3-PA,1186,3,6,1214,0,1223,G
3-PA,1187,1223,0,4,0,1227,A
3-PA,1188,0,1,0,1209,1210,C
3-PA,1189,0,13,1196,0,1209,G
3-PA,1190,1220,1,1,0,1222,A
3-PA,1191,1223,0,0,1,1224,A
3-PA,1192,1,1,0,1234,1236,C
3-PA,1193,2,0,0,1231,1233,C
3-PA,1194,0,1220,0,0,1220,T
3-PA,1195,1,4,1254,1,1260,G
3-PA,1196,1266,0,0,1,1267,A
3-PA,1197,1267,0,0,0,1267,A
3-PA,1198,1,1258,0,0,1259,T
3-PA,1199,0,1252,0,0,1252,T
3-PA,1200,1248,0,0,0,1248,A
3-PA,1201,1234,0,0,0,1234,A
3-PA,1202,1,0,1235,0,1236,G
3-PA,1203,0,0,1235,0,1235,G
3-PA,1204,0,1214,0,4,1218,T
3-PA,1205,6,1,0,1208,1215,C
3-PA,1206,1214,0,0,0,1214,A
3-PA,1207,0,1211,0,1,1212,T
3-PA,1208,1,1234,0,1,1236,T
3-PA,1209,1,1237,0,0,1238,T
3-PA,1210,0,1242,0,0,1242,T
3-PA,1211,3,1,0,1230,1234,C
3-PA,1212,1239,0,0,0,1239,A
3-PA,1213,1232,0,2,0,1234,A
3-PA,1214,0,0,1259,0,1259,G
3-PA,1215,0,1,0,1254,1255,C
3-PA,1216,0,1237,0,3,1240,T
3-PA,1217,0,3,1282,0,1285,G
3-PA,1218,0,1,1298,0,1299,G
3-PA,1219,1320,0,0,0,1320,A
3-PA,1220,2,1327,2,0,1331,T
3-PA,1221,1328,2,0,0,1330,A
3-PA,1222,1,1,0,1338,1340,C
3-PA,1223,1321,1,0,0,1322,A
3-PA,1224,0,6,1334,0,1340,G
3-PA,1225,1333,0,0,0,1333,A
3-PA,1226,1319,0,1,0,1320,A
3-PA,1227,0,1293,0,1,1294,T
3-PA,1228,0,7,1296,0,1303,G
3-PA,1229,1291,0,0,0,1291,A
3-PA,1230,0,0,1313,0,1313,G
3-PA,1231,1,1308,0,2,1311,T
3-PA,1232,1,1303,0,3,1307,T
3-PA,1233,7,0,0,1325,1332,C
3-PA,1234,1336,0,0,0,1336,A
3-PA,1235,1332,0,1,3,1336,A
3-PA,1236,0,0,1,1335,1336,C
3-PA,1237,1309,0,1,1,1311,A
3-PA,1238,1311,1,1,0,1313,A
3-PA,1239,2,0,1318,0,1320,G
3-PA,1240,0,1,1322,0,1323,G
3-PA,1241,0,0,0,1323,1323,C
3-PA,1242,3,0,0,1305,1308,C
3-PA,1243,0,1298,0,0,1298,T
3-PA,1244,0,1,1315,0,1316,G
3-PA,1245,0,1307,0,2,1309,T
3-PA,1246,2,4,1328,0,1334,G
3-PA,1247,1330,0,0,0,1330,A
3-PA,1248,0,1,1339,0,1340,G
3-PA,1249,0,0,1,1333,1334,C
3-PA,1250,0,1320,1,0,1321,T
3-PA,1251,1344,0,1,0,1345,A
3-PA,1252,1345,0,1,0,1346,A
3-PA,1253,0,0,0,1344,1344,C
3-PA,1254,0,1336,0,1,1337,T
3-PA,1255,0,3,1339,0,1342,G
3-PA,1256,1332,1,0,0,1333,A
3-PA,1257,0,1333,1,0,1334,T
3-PA,1258,0,1331,0,1,1332,T
3-PA,1259,7,0,1,1332,1340,C
3-PA,1260,1364,0,0,0,1364,A
3-PA,1261,0,4,1397,0,1401,G
3-PA,1262,1,1396,0,0,1397,T
3-PA,1263,7,0,0,1385,1392,C
3-PA,1264,1,1381,1,1,1384,T
3-PA,1265,0,3,1438,0,1441,G
3-PA,1266,0,5,1436,0,1441,G
3-PA,1267,1445,0,4,0,1449,A
3-PA,1268,0,1446,1,0,1447,T
3-PA,1269,1359,0,1,0,1360,A
3-PA,1270,1,2,1360,0,1363,G
3-PA,1271,1326,0,3,3,1332,A
3-PA,1272,0,0,1334,0,1334,G
3-PA,1273,1,0,0,1335,1336,C
3-PA,1274,0,1311,0,0,1311,T
3-PA,1275,4,3,0,1315,1322,C
3-PA,1276,0,3,1322,0,1325,G
3-PA,1277,1319,0,3,0,1322,A
3-PA,1278,0,1324,0,0,1324,T
3-PA,1279,0,4,1317,0,1321,G
3-PA,1280,1313,0,1,1,1315,A
3-PA,1281,1303,0,5,1,1309,A
3-PA,1282,2,0,1303,1,1306,G
3-PA,1283,0,1351,0,1,1352,T
3-PA,1284,0,1351,0,0,1351,T
3-PA,1285,1,3,1362,0,1366,G
3-PA,1286,0,5,1362,0,1367,G
3-PA,1287,1364,2,0,0,1366,A
3-PA,1288,0,2,1371,0,1373,G
3-PA,1289,1329,0,2,0,1331,A
3-PA,1290,0,1,1337,1,1339,G
3-PA,1291,0,4,1330,0,1334,G
3-PA,1292,1350,0,0,0,1350,A
3-PA,1293,0,0,0,1349,1349,C
3-PA,1294,2,1,1328,0,1331,G
3-PA,1295,0,1335,0,0,1335,T
3-PA,1296,1350,0,0,0,1350,A
3-PA,1297,0,1,1366,0,1367,G
3-PA,1298,1,0,0,1375,1376,C
3-PA,1299,3,2,0,1361,1366,C
3-PA,1300,3,0,0,1355,1358,C
3-PA,1301,2,4,0,1359,1365,C
3-PA,1302,1372,0,0,1,1373,A
3-PA,1303,1429,0,0,0,1429,A
3-PA,1304,0,1426,0,1,1427,T
3-PA,1305,0,1408,0,1,1409,T
3-PA,1306,0,7,1405,0,1412,G
3-PA,1307,1366,0,2,0,1368,A
3-PA,1308,1,1,1371,0,1373,G
3-PA,1309,1,0,0,1372,1373,C
3-PA,1310,1356,1,0,0,1357,A
3-PA,1311,0,1,0,1393,1394,C
3-PA,1312,1357,0,0,0,1357,A
3-PA,1313,0,1404,0,5,1409,T
3-PA,1314,0,1409,0,1,1410,T
3-PA,1315,1,1,1408,0,1410,G
3-PA,1316,0,1,0,1408,1409,C
3-PA,1317,1403,0,4,0,1407,A
3-PA,1318,1412,0,0,0,1412,A
3-PA,1319,0,0,1414,0,1414,G
3-PA,1320,0,0,0,1413,1413,C
3-PA,1321,1409,0,1,0,1410,A
3-PA,1322,0,1369,0,0,1369,T
3-PA,1323,0,6,1367,0,1373,G
3-PA,1324,1366,2,0,0,1368,A
3-PA,1325,0,0,1376,0,1376,G
3-PA,1326,1374,0,1,0,1375,A
3-PA,1327,1369,0,2,0,1371,A
3-PA,1328,0,3,1366,0,1369,G
3-PA,1329,0,3,1362,0,1365,G
3-PA,1330,1366,0,1,0,1367,A
3-PA,1331,1358,0,0,0,1358,A
3-PA,1332,1,1364,0,0,1365,T
3-PA,1333,0,1365,0,0,1365,T
3-PA,1334,1370,0,0,0,1370,A
3-PA,1335,0,1370,0,0,1370,T
3-PA,1336,1,1365,0,1,1367,T
3-PA,1337,0,1363,0,0,1363,T
3-PA,1338,5,1,0,1350,1356,C
3-PA,1339,1350,0,2,0,1352,A
3-PA,1340,0,0,0,1383,1383,C
3-PA,1341,1372,0,1,0,1373,A
3-PA,1342,0,1,1387,1,1389,G
3-PA,1343,0,1,0,1389,1390,C
3-PA,1344,1385,1,0,0,1386,A
3-PA,1345,0,2,1394,0,1396,G
3-PA,1346,1387,1,1,0,1389,A
3-PA,1347,0,2,1395,0,1397,G
3-PA,1348,1,2,1396,0,1399,G
3-PA,1349,1,1352,0,0,1353,T
3-PA,1350,0,0,1380,0,1380,G
3-PA,1351,0,1372,0,1,1373,T
3-PA,1352,4,0,0,1370,1374,C
3-PA,1353,3,0,0,1390,1393,C
3-PA,1354,4,0,1,1380,1385,C
3-PA,1355,1399,2,0,0,1401,A
3-PA,1356,0,1424,1,1,1426,T
3-PA,1357,0,1402,0,1,1403,T
3-PA,1358,0,1,1414,0,1415,G
3-PA,1359,0,1395,0,0,1395,T
3-PA,1360,1376,0,1,0,1377,A
3-PA,1361,0,3,1375,0,1378,G
3-PA,1362,1343,0,0,0,1343,A
3-PA,1363,0,0,1353,0,1353,G
3-PA,1364,0,2,0,1329,1331,C
3-PA,1365,4,0,0,1305,1309,C
3-PA,1366,1334,0,0,0,1334,A
3-PA,1367,0,0,0,1338,1338,C
3-PA,1368,0,1316,4,0,1320,T
3-PA,1369,1,1,1319,0,1321,G
3-PA,1370,1318,1,0,0,1319,A
3-PA,1371,1294,0,3,0,1297,A
3-PA,1372,0,1340,0,0,1340,T
3-PA,1373,1352,0,1,0,1353,A
3-PA,1374,0,0,0,1372,1372,C
3-PA,1375,1332,0,1,0,1333,A
3-PA,1376,1,1340,0,2,1343,T
3-PA,1377,1338,0,0,0,1338,A
3-PA,1378,1352,0,0,0,1352,A
3-PA,1379,0,1346,1,0,1347,T
3-PA,1380,0,2,1321,1,1324,G
3-PA,1381,1315,0,0,0,1315,A
3-PA,1382,1281,0,1,0,1282,A
3-PA,1383,0,2,1278,0,1280,G
3-PA,1384,1,3,1271,0,1275,G
3-PA,1385,0,4,1289,0,1293,G
3-PA,1386,2,0,1281,0,1283,G
3-PA,1387,0,0,1301,0,1301,G
3-PA,1388,2,1277,0,0,1279,T
3-PA,1389,1283,0,1,0,1284,A
3-PA,1390,1,1285,0,1,1287,T
3-PA,1391,1311,0,1,0,1312,A
3-PA,1392,0,0,0,1439,1439,C
3-PA,1393,1396,0,0,0,1396,A
3-PA,1394,0,1358,0,1,1359,T
3-PA,1395,1,1343,0,0,1344,T
3-PA,1396,1331,0,1,0,1332,A
3-PA,1397,1350,1,0,0,1351,A
3-PA,1398,0,0,0,1354,1354,C
3-PA,1399,1326,0,0,0,1326,A
3-PA,1400,3,0,0,1328,1331,C
3-PA,1401,0,1169,0,1,1170,T
3-PA,1402,0,0,1218,0,1218,G
3-PA,1403,0,0,0,1219,1219,C
3-PA,1404,5,0,1,1209,1215,C
3-PA,1405,1,0,0,1220,1221,C
3-PA,1406,0,1186,0,2,1188,T
3-PA,1407,0,4,1224,0,1228,G
3-PA,1408,2,0,0,1221,1223,C
3-PA,1409,0,1227,0,0,1227,T
3-PA,1410,6,0,0,1253,1259,C
3-PA,1411,1218,0,0,0,1218,A
3-PA,1412,1228,0,0,1,1229,A
3-PA,1413,0,1227,0,2,1229,T
3-PA,1414,0,1,1234,0,1235,G
3-PA,1415,0,0,0,1235,1235,C
3-PA,1416,1187,0,0,0,1187,A
3-PA,1417,0,1180,1,3,1184,T
3-PA,1418,2,1,0,1183,1186,C
3-PA,1419,1,0,0,1205,1206,C
3-PA,1420,0,1155,0,0,1155,T
3-PA,1421,0,4,1191,0,1195,G
3-PA,1422,0,1186,1,1,1188,T
3-PA,1423,1,1,1185,0,1187,G
3-PA,1424,0,3,0,1188,1191,C
3-PA,1425,1172,0,2,0,1174,A
3-PA,1426,0,0,1186,0,1186,G
3-PA,1427,0,0,0,1184,1184,C
3-PA,1428,1169,0,0,0,1169,A
3-PA,1429,1170,0,0,0,1170,A
3-PA,1430,0,1125,0,0,1125,T
3-PA,1431,3,1,1118,0,1122,G
3-PA,1432,0,2,1120,0,1122,G
3-PA,1433,1125,0,1,0,1126,A
3-PA,1434,1,0,0,1119,1120,C
3-PA,1435,1,4,1111,0,1116,G
3-PA,1436,1131,1,0,0,1132,A
3-PA,1437,1,1125,0,1,1127,T
3-PA,1438,0,1125,0,0,1125,T
3-PA,1439,0,1126,0,0,1126,T
3-PA,1440,0,1126,0,0,1126,T
3-PA,1441,1,0,0,1125,1126,C
3-PA,1442,1123,0,0,0,1123,A
3-PA,1443,1128,0,0,0,1128,A
3-PA,1444,0,0,0,1132,1132,C
3-PA,1445,0,1103,0,0,1103,T
3-PA,1446,1102,0,0,0,1102,A
3-PA,1447,1098,0,0,0,1098,A
3-PA,1448,0,1102,0,0,1102,T
3-PA,1449,0,1105,0,0,1105,T
3-PA,1450,3,0,0,1097,1100,C
3-PA,1451,2,0,0,1099,1101,C
3-PA,1452,2,0,0,1095,1097,C
3-PA,1453,1097,0,0,1,1098,A
3-PA,1454,1,1115,0,2,1118,T
3-PA,1455,0,2,1121,0,1123,G
3-PA,1456,1120,0,0,0,1120,A
3-PA,1457,0,1112,0,0,1112,T
3-PA,1458,1109,0,0,1,1110,A
3-PA,1459,1116,0,0,0,1116,A
3-PA,1460,1,0,1116,0,1117,G
3-PA,1461,5,0,0,1108,1113,C
3-PA,1462,1110,0,0,0,1110,A
3-PA,1463,1076,0,0,0,1076,A
3-PA,1464,1,0,1092,0,1093,G
3-PA,1465,0,1083,0,1,1084,T
3-PA,1466,0,1,1080,1,1082,G
3-PA,1467,0,0,0,1084,1084,C
3-PA,1468,1072,1,2,0,1075,A
3-PA,1469,0,2,1095,0,1097,G
3-PA,1470,1093,0,0,0,1093,A
3-PA,1471,1112,0,0,0,1112,A
3-PA,1472,0,0,0,1115,1115,C
3-PA,1473,1,1082,1,0,1084,T
3-PA,1474,1086,0,0,1,1087,A
3-PA,1475,1092,0,0,0,1092,A
3-PA,1476,1090,0,2,0,1092,A
3-PA,1477,1,2,1091,0,1094,G
3-PA,1478,1050,1,0,0,1051,A
3-PA,1479,0,3,1053,0,1056,G
3-PA,1480,2,0,1017,0,1019,G
3-PA,1481,0,0,1014,0,1014,G
3-PA,1482,1011,1,0,0,1012,A
3-PA,1483,985,0,1,0,986,A
3-PA,1484,1,1,986,0,988,G
3-PA,1485,0,2,989,0,991,G
3-PA,1486,1,2,0,984,987,C
3-PA,1487,0,5,982,0,987,G
3-PA,1488,978,1,0,1,980,A
3-PA,1489,978,1,0,0,979,A
3-PA,1490,981,0,0,0,981,A
3-PA,1491,985,0,0,0,985,A
3-PA,1492,981,2,1,1,985,A
3-PA,1493,0,0,0,990,990,C
3-PA,1494,0,0,0,977,977,C
3-PA,1495,982,0,0,0,982,A
3-PA,1496,990,0,0,0,990,A
3-PA,1497,0,992,0,0,992,T
3-PA,1498,0,992,0,0,992,T
3-PA,1499,0,1000,0,0,1000,T
3-PA,1500,1001,0,0,1,1002,A
3-PA,1501,0,1002,1,1,1004,T
3-PA,1502,1003,0,0,0,1003,A
3-PA,1503,0,998,1,0,999,T
3-PA,1504,2,1,975,0,978,G
3-PA,1505,0,5,967,0,972,G
3-PA,1506,971,0,0,0,971,A
3-PA,1507,0,962,0,0,962,T
3-PA,1508,0,954,0,1,955,T
3-PA,1509,4,0,0,947,951,C
3-PA,1510,959,0,1,0,960,A
3-PA,1511,0,968,0,1,969,T
3-PA,1512,3,0,0,968,971,C
3-PA,1513,968,0,0,0,968,A
3-PA,1514,0,963,0,0,963,T
3-PA,1515,953,0,3,0,956,A
3-PA,1516,952,1,0,0,953,A
3-PA,1517,950,0,4,0,954,A
3-PA,1518,0,3,957,0,960,G
3-PA,1519,0,4,932,0,936,G
3-PA,1520,0,1,923,0,924,G
3-PA,1521,919,0,2,1,922,A
3-PA,1522,913,0,3,0,916,A
3-PA,1523,0,4,917,0,921,G
3-PA,1524,902,0,1,0,903,A
3-PA,1525,0,898,0,0,898,T
3-PA,1526,1,0,0,900,901,C
3-PA,1527,0,879,0,1,880,T
3-PA,1528,2,1,0,897,900,C
3-PA,1529,897,0,0,0,897,A
3-PA,1530,0,893,0,0,893,T
3-PA,1531,0,894,0,0,894,T
3-PA,1532,0,880,0,1,881,T
3-PA,1533,878,0,0,0,878,A
3-PA,1534,878,0,0,0,878,A
3-PA,1535,0,2,875,0,877,G
3-PA,1536,0,4,884,0,888,G
3-PA,1537,834,0,2,1,837,A
3-PA,1538,838,0,0,0,838,A
3-PA,1539,0,835,3,1,839,T
3-PA,1540,0,2,842,0,844,G
3-PA,1541,861,0,2,0,863,A
3-PA,1542,0,0,0,864,864,C
3-PA,1543,858,0,1,0,859,A
3-PA,1544,0,1,0,858,859,C
3-PA,1545,814,1,1,0,816,A
3-PA,1546,0,3,822,0,825,G
3-PA,1547,812,0,0,0,812,A
3-PA,1548,0,1,0,804,805,C
3-PA,1549,0,0,790,0,790,G
3-PA,1550,0,721,0,1,722,T
3-PA,1551,0,1,719,0,720,G
3-PA,1552,0,0,724,0,724,G
3-PA,1553,0,724,0,0,724,T
3-PA,1554,722,0,0,0,722,A
3-PA,1555,709,0,0,0,709,A
3-PA,1556,709,0,0,0,709,A
3-PA,1557,0,702,0,0,702,T
3-PA,1558,0,689,0,0,689,T
3-PA,1559,0,692,0,0,692,T
3-PA,1560,0,683,0,0,683,T
3-PA,1561,1,1,681,0,683,G
3-PA,1562,0,673,0,2,675,T
3-PA,1563,0,2,672,0,674,G
3-PA,1564,666,0,1,0,667,A
3-PA,1565,0,0,669,0,669,G
3-PA,1566,0,0,0,663,663,C
3-PA,1567,665,0,0,0,665,A
3-PA,1568,0,664,0,0,664,T
3-PA,1569,0,2,662,0,664,G
3-PA,1570,0,2,663,0,665,G
3-PA,1571,666,0,2,0,668,A
3-PA,1572,0,0,670,0,670,G
3-PA,1573,0,652,0,2,654,T
3-PA,1574,0,645,1,0,646,T
3-PA,1575,0,647,0,0,647,T
3-PA,1576,0,645,0,1,646,T
3-PA,1577,0,0,0,649,649,C
3-PA,1578,0,644,0,0,644,T
3-PA,1579,3,0,0,641,644,C
3-PA,1580,0,618,0,1,619,T
3-PA,1581,0,0,0,618,618,C
3-PA,1582,619,0,0,0,619,A
3-PA,1583,0,1,0,613,614,C
3-PA,1584,0,590,0,0,590,T
3-PA,1585,0,3,585,0,588,G
3-PA,1586,586,0,2,0,588,A
3-PA,1587,1,0,0,593,594,C
3-PA,1588,2,0,0,582,584,C
3-PA,1589,3,0,0,581,584,C
3-PA,1590,1,2,578,0,581,G
3-PA,1591,573,0,2,0,575,A
3-PA,1592,0,3,577,0,580,G
3-PA,1593,579,0,0,0,579,A
3-PA,1594,0,0,1,566,567,C
3-PA,1595,0,556,0,0,556,T
3-PA,1596,0,516,0,0,516,T
3-PA,1597,0,0,514,0,514,G
3-PA,1598,513,1,0,0,514,A
3-PA,1599,0,0,514,0,514,G
3-PA,1600,1,0,0,513,514,C
3-PA,1601,2,0,0,480,482,C
3-PA,1602,480,0,3,0,483,A
3-PA,1603,1,1,0,478,480,C
3-PA,1604,482,0,0,0,482,A
3-PA,1605,0,481,0,0,481,T
3-PA,1606,477,0,0,0,477,A
3-PA,1607,478,0,1,0,479,A
3-PA,1608,475,0,0,0,475,A
3-PA,1609,0,471,0,0,471,T
3-PA,1610,0,2,471,0,473,G
3-PA,1611,0,0,414,0,414,G
3-PA,1612,0,2,404,0,406,G
3-PA,1613,394,0,0,0,394,A
3-PA,1614,0,0,394,0,394,G
3-PA,1615,387,0,0,0,387,A
3-PA,1616,386,0,0,0,386,A
3-PA,1617,385,0,0,0,385,A
3-PA,1618,0,384,0,0,384,T
3-PA,1619,378,0,0,0,378,A
3-PA,1620,0,101,0,268,369,C
3-PA,1621,0,213,0,1,214,T
3-PA,1622,0,1,215,0,216,G
3-PA,1623,0,156,0,0,156,T
3-PA,1624,0,1,157,0,158,G
3-PA,1625,0,150,0,0,150,T
3-PA,1626,0,0,0,117,117,C
3-PA,1627,0,0,0,111,111,C
3-PA,1628,0,105,0,0,105,T
3-PA,1629,0,105,0,0,105,T
3-PA,1630,0,0,104,0,104,G
3-PA,1631,105,0,0,0,105,A
3-PA,1632,0,0,107,0,107,G
3-PA,1633,101,0,0,0,101,A
3-PA,1634,0,101,0,0,101,T
3-PA,1635,98,0,0,0,98,A
3-PA,1636,0,0,102,0,102,G
3-PA,1637,0,0,102,0,102,G
3-PA,1638,99,0,0,0,99,A
3-PA,1639,0,0,97,0,97,G
3-PA,1640,98,0,0,0,98,A
3-PA,1641,0,97,0,0,97,T
3-PA,1642,96,0,0,0,96,A
3-PA,1643,0,94,0,0,94,T
3-PA,1644,1,0,93,0,94,G
3-PA,1645,0,97,0,0,97,T
3-PA,1646,0,97,0,0,97,T
3-PA,1647,99,0,0,0,99,A
3-PA,1648,0,0,0,98,98,C
3-PA,1649,0,95,0,0,95,T
3-PA,1650,96,0,0,0,96,A
3-PA,1651,96,0,0,0,96,A
3-PA,1652,0,0,96,0,96,G
3-PA,1653,95,0,0,0,95,A
3-PA,1654,92,0,0,0,92,A
3-PA,1655,0,0,86,0,86,G
3-PA,1656,0,87,0,0,87,T
3-PA,1657,0,0,89,0,89,G
3-PA,1658,0,0,0,90,90,C
3-PA,1659,0,1,0,89,90,C
3-PA,1660,90,0,0,0,90,A
3-PA,1661,0,88,0,0,88,T
3-PA,1662,89,0,0,0,89,A
3-PA,1663,1,0,88,0,89,G
3-PA,1664,0,0,88,0,88,G
3-PA,1665,0,0,0,87,87,C
3-PA,1666,0,0,0,87,87,C
3-PA,1667,87,0,0,0,87,A
3-PA,1668,87,0,0,0,87,A
3-PA,1669,89,0,0,0,89,A
3-PA,1670,0,90,0,0,90,T
3-PA,1671,0,90,0,0,90,T
3-PA,1672,0,90,0,0,90,T
3-PA,1673,0,0,0,90,90,C
3-PA,1674,83,0,0,0,83,A
3-PA,1675,83,0,0,0,83,A
3-PA,1676,0,0,83,0,83,G
3-PA,1677,1,0,80,0,81,G
3-PA,1678,0,0,0,81,81,C
3-PA,1679,1,0,0,79,80,C
3-PA,1680,0,0,80,0,80,G
3-PA,1681,85,0,0,0,85,A
3-PA,1682,0,85,0,0,85,T
3-PA,1683,0,0,87,0,87,G
3-PA,1684,0,87,0,0,87,T
3-PA,1685,0,87,0,0,87,T
3-PA,1686,1,0,0,85,86,C
3-PA,1687,0,85,0,0,85,T
3-PA,1688,0,87,0,0,87,T
3-PA,1689,0,0,89,0,89,G
3-PA,1690,0,89,0,0,89,T
3-PA,1691,90,0,0,0,90,A
3-PA,1692,0,87,0,0,87,T
3-PA,1693,0,0,87,0,87,G
3-PA,1694,0,85,0,0,85,T
3-PA,1695,0,0,85,0,85,G
3-PA,1696,85,0,0,0,85,A
3-PA,1697,0,1,85,0,86,G
3-PA,1698,0,0,86,0,86,G
3-PA,1699,87,0,0,0,87,A
3-PA,1700,0,0,0,87,87,C
3-PA,1701,86,0,0,0,86,A
3-PA,1702,86,0,0,0,86,A
3-PA,1703,86,0,0,0,86,A
3-PA,1704,0,0,0,86,86,C
3-PA,1705,0,1,85,0,86,G
3-PA,1706,0,0,85,0,85,G
3-PA,1707,84,0,0,0,84,A
3-PA,1708,85,0,0,0,85,A
3-PA,1709,0,0,0,86,86,C
3-PA,1710,85,0,0,0,85,A
3-PA,1711,0,85,0,0,85,T
3-PA,1712,0,0,0,84,84,C
3-PA,1713,84,0,0,0,84,A
3-PA,1714,84,0,0,0,84,A
3-PA,1715,84,0,0,0,84,A
3-PA,1716,0,0,85,0,85,G
3-PA,1717,0,0,85,0,85,G
3-PA,1718,0,83,0,0,83,T
3-PA,1719,83,0,0,0,83,A
3-PA,1720,83,0,0,0,83,A
3-PA,1721,84,0,0,0,84,A
3-PA,1722,84,0,0,0,84,A
3-PA,1723,84,0,0,0,84,A
3-PA,1724,0,84,0,0,84,T
3-PA,1725,0,0,84,0,84,G
3-PA,1726,83,0,0,0,83,A
3-PA,1727,83,0,0,0,83,A
3-PA,1728,83,0,0,0,83,A
3-PA,1729,0,81,0,0,81,T
3-PA,1730,0,0,85,0,85,G
3-PA,1731,0,2,85,0,87,G
3-PA,1732,0,0,87,0,87,G
3-PA,1733,0,1,86,0,87,G
3-PA,1734,87,0,0,0,87,A
3-PA,1735,88,0,0,0,88,A
3-PA,1736,0,88,0,0,88,T
3-PA,1737,0,0,88,0,88,G
3-PA,1738,0,0,88,0,88,G
3-PA,1739,85,0,0,0,85,A
3-PA,1740,0,0,86,0,86,G
3-PA,1741,84,0,0,0,84,A
3-PA,1742,0,85,0,0,85,T
3-PA,1743,0,1,84,0,85,G
3-PA,1744,85,0,0,0,85,A
3-PA,1745,0,0,85,0,85,G
3-PA,1746,85,0,0,0,85,A
3-PA,1747,0,0,0,84,84,C
3-PA,1748,0,0,84,0,84,G
3-PA,1749,0,83,0,0,83,T
3-PA,1750,0,83,0,0,83,T
3-PA,1751,0,0,82,0,82,G
3-PA,1752,0,0,0,83,83,C
3-PA,1753,0,0,0,84,84,C
3-PA,1754,0,81,0,1,82,T
3-PA,1755,0,0,0,83,83,C
3-PA,1756,0,0,0,84,84,C
3-PA,1757,0,82,0,0,82,T
3-PA,1758,0,85,0,0,85,T
3-PA,1759,0,0,0,85,85,C
3-PA,1760,83,0,0,0,83,A
3-PA,1761,0,0,84,0,84,G
3-PA,1762,0,83,1,0,84,T
3-PA,1763,0,0,0,83,83,C
3-PA,1764,81,0,0,0,81,A
3-PA,1765,0,0,0,89,89,C
3-PA,1766,0,89,0,0,89,T
3-PA,1767,0,0,0,89,89,C
3-PA,1768,0,0,0,89,89,C
3-PA,1769,88,1,0,0,89,A
3-PA,1770,0,0,89,0,89,G
3-PA,1771,0,0,0,89,89,C
3-PA,1772,89,0,0,0,89,A
3-PA,1773,0,0,91,0,91,G
3-PA,1774,88,0,0,0,88,A
3-PA,1775,0,88,0,0,88,T
3-PA,1776,0,0,0,86,86,C
3-PA,1777,0,0,87,0,87,G
3-PA,1778,87,0,0,0,87,A
3-PA,1779,0,0,88,0,88,G
3-PA,1780,87,0,0,0,87,A
3-PA,1781,0,0,87,0,87,G
3-PA,1782,0,0,0,86,86,C
3-PA,1783,86,0,0,0,86,A
3-PA,1784,0,86,0,0,86,T
3-PA,1785,0,0,86,0,86,G
3-PA,1786,85,0,1,0,86,A
3-PA,1787,0,86,0,0,86,T
3-PA,1788,0,83,0,0,83,T
3-PA,1789,0,0,83,0,83,G
3-PA,1790,83,0,0,0,83,A
3-PA,1791,83,0,0,0,83,A
3-PA,1792,0,0,83,0,83,G
3-PA,1793,0,0,0,83,83,C
3-PA,1794,0,0,0,83,83,C
3-PA,1795,0,0,82,0,82,G
3-PA,1796,81,0,0,0,81,A
3-PA,1797,0,0,84,0,84,G
3-PA,1798,1,83,0,0,84,T
3-PA,1799,1,0,0,83,84,C
3-PA,1800,0,0,0,83,83,C
3-PA,1801,0,83,0,0,83,T
3-PA,1802,0,1,0,85,86,C
3-PA,1803,0,0,86,0,86,G
3-PA,1804,0,0,89,0,89,G
3-PA,1805,0,89,0,0,89,T
3-PA,1806,0,84,0,2,86,T
3-PA,1807,86,0,0,0,86,A
3-PA,1808,86,0,0,0,86,A
3-PA,1809,86,0,0,0,86,A
3-PA,1810,0,0,88,0,88,G
3-PA,1811,86,0,0,0,86,A
3-PA,1812,0,0,86,0,86,G
3-PA,1813,82,1,0,0,83,A
3-PA,1814,83,0,0,0,83,A
3-PA,1815,83,0,0,0,83,A
3-PA,1816,0,0,85,0,85,G
3-PA,1817,83,0,0,0,83,A
3-PA,1818,0,0,0,84,84,C
3-PA,1819,83,0,0,0,83,A
3-PA,1820,0,82,0,0,82,T
3-PA,1821,0,0,82,0,82,G
3-PA,1822,83,0,0,0,83,A
3-PA,1823,0,0,0,83,83,C
3-PA,1824,0,1,0,83,84,C
3-PA,1825,84,0,0,0,84,A
3-PA,1826,84,0,0,0,84,A
3-PA,1827,84,0,0,0,84,A
3-PA,1828,0,0,84,0,84,G
3-PA,1829,83,0,0,0,83,A
3-PA,1830,0,0,84,0,84,G
3-PA,1831,0,82,0,0,82,T
3-PA,1832,0,83,0,0,83,T
3-PA,1833,0,83,0,0,83,T
3-PA,1834,0,82,1,0,83,T
3-PA,1835,1,81,0,0,82,T
3-PA,1836,0,83,0,0,83,T
3-PA,1837,0,0,83,0,83,G
3-PA,1838,82,0,0,0,82,A
3-PA,1839,0,0,85,0,85,G
3-PA,1840,85,0,0,0,85,A
3-PA,1841,85,0,0,0,85,A
3-PA,1842,0,85,0,0,85,T
3-PA,1843,86,0,0,0,86,A
3-PA,1844,90,0,0,0,90,A
3-PA,1845,90,0,0,0,90,A
3-PA,1846,0,90,0,0,90,T
3-PA,1847,2,0,0,89,91,C
3-PA,1848,91,0,0,0,91,A
3-PA,1849,0,0,91,0,91,G
3-PA,1850,91,0,0,0,91,A
3-PA,1851,92,0,0,2,94,A
3-PA,1852,0,0,94,0,94,G
3-PA,1853,0,0,0,94,94,C
3-PA,1854,94,0,0,0,94,A
3-PA,1855,0,93,0,0,93,T
3-PA,1856,0,0,93,0,93,G
3-PA,1857,0,0,93,0,93,G
3-PA,1858,0,0,0,93,93,C
3-PA,1859,0,0,0,95,95,C
3-PA,1860,0,0,0,95,95,C
3-PA,1861,98,0,0,0,98,A
3-PA,1862,0,97,0,0,97,T
3-PA,1863,0,97,0,0,97,T
3-PA,1864,0,0,97,0,97,G
3-PA,1865,0,0,96,0,96,G
3-PA,1866,0,0,93,0,93,G
3-PA,1867,0,0,94,0,94,G
3-PA,1868,91,0,0,0,91,A
3-PA,1869,0,0,92,0,92,G
3-PA,1870,0,90,0,0,90,T
3-PA,1871,0,0,0,92,92,C
3-PA,1872,0,0,0,99,99,C
3-PA,1873,0,0,0,99,99,C
3-PA,1874,0,0,0,98,98,C
3-PA,1875,0,0,0,99,99,C
3-PA,1876,98,0,0,0,98,A
3-PA,1877,100,0,0,0,100,A
3-PA,1878,0,0,99,0,99,G
3-PA,1879,0,1,96,0,97,G
3-PA,1880,0,0,99,0,99,G
3-PA,1881,92,0,0,0,92,A
3-PA,1882,0,0,93,0,93,G
3-PA,1883,0,92,0,0,92,T
3-PA,1884,0,1,91,0,92,G
3-PA,1885,0,1,91,0,92,G
3-PA,1886,92,0,0,0,92,A
3-PA,1887,92,0,0,0,92,A
3-PA,1888,0,0,92,0,92,G
3-PA,1889,92,0,0,0,92,A
3-PA,1890,93,0,0,0,93,A
3-PA,1891,0,0,90,0,90,G
3-PA,1892,0,0,90,0,90,G
3-PA,1893,0,88,0,0,88,T
3-PA,1894,0,86,0,0,86,T
3-PA,1895,2,0,0,86,88,C
3-PA,1896,1,0,0,85,86,C
3-PA,1897,87,0,0,0,87,A
3-PA,1898,0,86,0,0,86,T
3-PA,1899,0,87,0,0,87,T
3-PA,1900,0,0,86,0,86,G
3-PA,1901,0,0,83,0,83,G
3-PA,1902,0,1,83,0,84,G
3-PA,1903,84,0,0,0,84,A
3-PA,1904,84,0,0,0,84,A
3-PA,1905,85,0,0,0,85,A
3-PA,1906,0,0,86,0,86,G
3-PA,1907,0,85,0,0,85,T
3-PA,1908,0,0,0,87,87,C
3-PA,1909,0,87,0,0,87,T
3-PA,1910,0,0,87,0,87,G
3-PA,1911,0,88,0,0,88,T
3-PA,1912,88,0,0,0,88,A
3-PA,1913,0,1,87,0,88,G
3-PA,1914,0,0,88,0,88,G
3-PA,1915,88,0,0,0,88,A
3-PA,1916,0,0,0,88,88,C
3-PA,1917,0,83,0,0,83,T
3-PA,1918,0,0,0,86,86,C
3-PA,1919,0,85,0,0,85,T
3-PA,1920,85,0,0,0,85,A
3-PA,1921,0,85,0,0,85,T
3-PA,1922,0,84,0,0,84,T
3-PA,1923,0,0,83,0,83,G
3-PA,1924,0,0,83,0,83,G
3-PA,1925,0,0,0,83,83,C
3-PA,1926,0,83,0,0,83,T
3-PA,1927,76,0,0,0,76,A
3-PA,1928,77,0,0,0,77,A
3-PA,1929,0,0,77,0,77,G
3-PA,1930,0,76,0,0,76,T
3-PA,1931,0,0,0,76,76,C
3-PA,1932,73,0,0,0,73,A
3-PA,1933,0,0,74,0,74,G
3-PA,1934,0,74,0,0,74,T
3-PA,1935,76,0,0,0,76,A
3-PA,1936,0,78,0,0,78,T
3-PA,1937,0,76,0,0,76,T
3-PA,1938,1,0,0,74,75,C
3-PA,1939,74,0,0,0,74,A
3-PA,1940,71,0,0,0,71,A
3-PA,1941,0,74,0,0,74,T
3-PA,1942,72,0,0,0,72,A
3-PA,1943,0,0,71,0,71,G
3-PA,1944,0,0,0,70,70,C
3-PA,1945,0,0,0,70,70,C
3-PA,1946,0,67,0,0,67,T
3-PA,1947,0,0,69,0,69,G
3-PA,1948,0,68,0,0,68,T
3-PA,1949,68,0,0,0,68,A
3-PA,1950,0,68,0,0,68,T
3-PA,1951,0,0,67,0,67,G
3-PA,1952,0,0,0,64,64,C
3-PA,1953,61,0,0,0,61,A
3-PA,1954,0,62,0,0,62,T
3-PA,1955,1,1,0,60,62,C
3-PA,1956,59,0,0,0,59,A
3-PA,1957,0,0,0,60,60,C
3-PA,1958,1,0,0,58,59,C
3-PA,1959,59,0,0,0,59,A
3-PA,1960,0,0,0,60,60,C
3-PA,1961,58,0,0,0,58,A
3-PA,1962,59,0,0,0,59,A
3-PA,1963,0,59,0,0,59,T
3-PA,1964,0,59,0,0,59,T
3-PA,1965,0,0,59,0,59,G
3-PA,1966,0,0,55,0,55,G
3-PA,1967,56,0,0,0,56,A
3-PA,1968,56,0,0,0,56,A
3-PA,1969,0,1,56,0,57,G
3-PA,1970,0,0,56,0,56,G
3-PA,1971,57,0,0,0,57,A
3-PA,1972,0,57,0,0,57,T
3-PA,1973,0,57,0,0,57,T
3-PA,1974,0,55,0,0,55,T
3-PA,1975,0,57,0,0,57,T
3-PA,1976,0,0,0,57,57,C
3-PA,1977,57,0,0,0,57,A
3-PA,1978,0,1,56,0,57,G
3-PA,1979,0,0,0,57,57,C
3-PA,1980,0,0,56,0,56,G
3-PA,1981,0,1,55,0,56,G
3-PA,1982,56,0,0,0,56,A
3-PA,1983,56,0,0,0,56,A
3-PA,1984,0,56,0,0,56,T
3-PA,1985,0,0,1,55,56,C
3-PA,1986,0,0,56,0,56,G
3-PA,1987,56,0,0,0,56,A
3-PA,1988,0,1,56,0,57,G
3-PA,1989,57,0,0,0,57,A
3-PA,1990,56,0,0,0,56,A
3-PA,1991,56,0,0,0,56,A
3-PA,1992,56,0,0,0,56,A
3-PA,1993,0,0,0,56,56,C
3-PA,1994,0,56,0,0,56,T
3-PA,1995,0,0,56,0,56,G
3-PA,1996,0,0,0,56,56,C
3-PA,1997,0,54,0,0,54,T
3-PA,1998,0,0,0,55,55,C
3-PA,1999,0,0,0,54,54,C
3-PA,2000,0,55,0,0,55,T
3-PA,2001,0,55,0,0,55,T
3-PA,2002,0,0,55,0,55,G
3-PA,2003,0,55,0,0,55,T
3-PA,2004,0,55,0,0,55,T
3-PA,2005,0,0,55,0,55,G
3-PA,2006,0,55,0,0,55,T
3-PA,2007,0,55,0,0,55,T
3-PA,2008,0,0,0,55,55,C
3-PA,2009,52,0,0,0,52,A
3-PA,2010,0,0,53,0,53,G
3-PA,2011,0,0,53,0,53,G
3-PA,2012,0,1,0,55,56,C
3-PA,2013,0,55,0,0,55,T
3-PA,2014,0,0,0,61,61,C
3-PA,2015,0,61,0,0,61,T
3-PA,2016,0,61,0,0,61,T
3-PA,2017,61,0,0,0,61,A
3-PA,2018,0,0,61,0,61,G
3-PA,2019,0,0,59,0,59,G
3-PA,2020,0,0,60,0,60,G
3-PA,2021,54,0,0,0,54,A
3-PA,2022,0,0,0,55,55,C
3-PA,2023,51,0,0,0,51,A
3-PA,2024,52,0,0,0,52,A
3-PA,2025,0,0,0,52,52,C
3-PA,2026,0,0,0,52,52,C
3-PA,2027,0,52,0,0,52,T
3-PA,2028,1,0,0,49,50,C
3-PA,2029,0,0,50,0,50,G
3-PA,2030,46,0,0,0,46,A
3-PA,2031,48,0,0,0,48,A
3-PA,2032,0,0,0,51,51,C
3-PA,2033,0,0,0,47,47,C
3-PA,2034,0,47,0,0,47,T
3-PA,2035,0,0,47,0,47,G
3-PA,2036,0,1,46,0,47,G
3-PA,2037,46,0,0,0,46,A
3-PA,2038,47,0,0,0,47,A
3-PA,2039,0,0,0,47,47,C
3-PA,2040,0,0,0,47,47,C
3-PA,2041,0,47,0,0,47,T
3-PA,2042,0,47,0,0,47,T
3-PA,2043,0,47,0,0,47,T
3-PA,2044,0,0,47,0,47,G
3-PA,2045,45,0,0,0,45,A
3-PA,2046,0,47,0,0,47,T
3-PA,2047,0,0,0,49,49,C
3-PA,2048,0,47,0,0,47,T
3-PA,2049,0,47,0,0,47,T
3-PA,2050,0,0,47,0,47,G
3-PA,2051,1,0,45,0,46,G
3-PA,2052,0,1,46,0,47,G
3-PA,2053,0,0,48,0,48,G
3-PA,2054,0,0,48,0,48,G
3-PA,2055,0,0,48,0,48,G
3-PA,2056,0,0,0,47,47,C
3-PA,2057,0,48,0,0,48,T
3-PA,2058,49,0,0,0,49,A
3-PA,2059,0,48,0,0,48,T
3-PA,2060,48,0,0,0,48,A
3-PA,2061,0,49,0,0,49,T
3-PA,2062,0,0,47,0,47,G
3-PA,2063,48,0,0,0,48,A
3-PA,2064,47,0,0,0,47,A
3-PA,2065,0,0,47,0,47,G
3-PA,2066,0,0,0,47,47,C
3-PA,2067,45,0,0,0,45,A
3-PA,2068,47,0,0,0,47,A
3-PA,2069,0,47,0,0,47,T
3-PA,2070,0,47,0,0,47,T
3-PA,2071,0,0,47,0,47,G
3-PA,2072,47,0,0,0,47,A
3-PA,2073,0,0,47,0,47,G
3-PA,2074,0,0,47,0,47,G
3-PA,2075,47,0,0,0,47,A
3-PA,2076,0,0,47,0,47,G
3-PA,2077,0,41,0,0,41,T
3-PA,2078,0,0,42,0,42,G
3-PA,2079,0,0,0,42,42,C
3-PA,2080,0,0,0,41,41,C
3-PA,2081,0,41,0,0,41,T
3-PA,2082,0,0,41,0,41,G
3-PA,2083,41,0,0,0,41,A
3-PA,2084,0,41,0,0,41,T
3-PA,2085,0,40,0,0,40,T
3-PA,2086,40,0,0,0,40,A
3-PA,2087,40,0,0,0,40,A
3-PA,2088,0,40,0,0,40,T
3-PA,2089,0,0,39,0,39,G
3-PA,2090,38,0,0,0,38,A
3-PA,2091,0,37,0,0,37,T
3-PA,2092,0,0,0,37,37,C
3-PA,2093,0,0,0,36,36,C
3-PA,2094,0,0,0,36,36,C
3-PA,2095,0,35,0,0,35,T
3-PA,2096,0,0,33,0,33,G
3-PA,2097,0,0,35,0,35,G
3-PA,2098,0,0,35,0,35,G
3-PA,2099,0,35,0,0,35,T
3-PA,2100,0,34,0,0,34,T
3-PA,2101,0,34,0,0,34,T
3-PA,2102,0,34,0,0,34,T
3-PA,2103,0,0,34,0,34,G
3-PA,2104,0,0,0,34,34,C
3-PA,2105,0,33,0,0,33,T
3-PA,2106,0,0,0,33,33,C
3-PA,2107,31,0,0,0,31,A
3-PA,2108,31,0,0,0,31,A
3-PA,2109,0,31,0,0,31,T
3-PA,2110,0,0,31,0,31,G
3-PA,2111,0,0,0,31,31,C
3-PA,2112,0,0,32,0,32,G
3-PA,2113,0,32,0,0,32,T
3-PA,2114,0,0,0,32,32,C
3-PA,2115,0,32,0,0,32,T
3-PA,2116,0,32,0,0,32,T
3-PA,2117,0,0,32,0,32,G
3-PA,2118,0,0,32,0,32,G
3-PA,2119,0,32,0,0,32,T
3-PA,2120,0,31,0,0,31,T
3-PA,2121,0,28,0,0,28,T
3-PA,2122,28,0,0,0,28,A
3-PA,2123,28,0,0,0,28,A
3-PA,2124,0,0,0,28,28,C
3-PA,2125,0,27,0,0,27,T
3-PA,2126,0,0,0,27,27,C
3-PA,2127,0,0,0,23,23,C
3-PA,2128,0,23,0,0,23,T
3-PA,2129,0,23,0,0,23,T
3-PA,2130,0,0,0,23,23,C
3-PA,2131,0,0,0,23,23,C
3-PA,2132,0,23,0,0,23,T
3-PA,2133,0,0,23,0,23,G
3-PA,2134,23,0,0,0,23,A
3-PA,2135,0,0,0,23,23,C
3-PA,2136,23,0,0,0,23,A
3-PA,2137,0,0,0,21,21,C
3-PA,2138,21,0,0,0,21,A
3-PA,2139,0,21,0,0,21,T
3-PA,2140,0,0,21,0,21,G
3-PA,2141,0,0,0,21,21,C
3-PA,2142,21,0,0,0,21,A
3-PA,2143,0,21,0,0,21,T
3-PA,2144,0,21,0,0,21,T
3-PA,2145,21,0,0,0,21,A
3-PA,2146,20,0,0,0,20,A
3-PA,2147,20,0,0,0,20,A
3-PA,2148,20,0,0,0,20,A
3-PA,2149,0,20,0,0,20,T
3-PA,2150,17,0,0,0,17,A
3-PA,2151,0,0,17,0,17,G
4-HA,1,214,0,0,0,214,A
4-HA,2,0,214,0,0,214,T
4-HA,3,0,0,219,0,219,G
4-HA,4,218,0,1,0,219,A
4-HA,5,225,0,0,0,225,A
4-HA,6,0,0,236,0,236,G
4-HA,7,237,0,0,0,237,A
4-HA,8,0,0,0,260,260,C
4-HA,9,0,260,0,0,260,T
4-HA,10,278,0,0,0,278,A
4-HA,11,0,284,0,0,284,T
4-HA,12,0,0,0,287,287,C
4-HA,13,287,0,0,0,287,A
4-HA,14,0,288,0,0,288,T
4-HA,15,0,288,0,0,288,T
4-HA,16,1,1,317,0,319,G
4-HA,17,1,0,0,318,319,C
4-HA,18,0,321,0,0,321,T
4-HA,19,0,322,0,0,322,T
4-HA,20,0,322,0,0,322,T
4-HA,21,0,1,344,0,345,G
4-HA,22,344,0,0,0,344,A
4-HA,23,1,0,355,0,356,G
4-HA,24,0,0,0,357,357,C
4-HA,25,0,360,0,0,360,T
4-HA,26,386,0,0,0,386,A
4-HA,27,0,0,0,394,394,C
4-HA,28,402,0,0,0,402,A
4-HA,29,2,432,0,1,435,T
4-HA,30,0,431,0,0,431,T
4-HA,31,0,0,0,442,442,C
4-HA,32,0,438,0,0,438,T
4-HA,33,449,0,0,0,449,A
4-HA,34,1,450,0,0,451,T
4-HA,35,0,0,453,0,453,G
4-HA,36,0,455,0,0,455,T
4-HA,37,0,0,0,454,454,C
4-HA,38,0,450,0,0,450,T
4-HA,39,0,3,451,0,454,G
4-HA,40,0,0,452,0,452,G
4-HA,41,0,451,0,0,451,T
4-HA,42,0,449,0,0,449,T
4-HA,43,0,449,0,0,449,T
4-HA,44,0,448,0,0,448,T
4-HA,45,1,0,0,446,447,C
4-HA,46,0,0,449,0,449,G
4-HA,47,0,0,0,456,456,C
4-HA,48,0,456,0,0,456,T
4-HA,49,1,0,0,458,459,C
4-HA,50,457,0,0,0,457,A
4-HA,51,458,0,0,0,458,A
4-HA,52,458,0,0,0,458,A
4-HA,53,458,0,1,0,459,A
4-HA,54,461,0,1,0,462,A
4-HA,55,0,1,0,466,467,C
4-HA,56,0,464,0,0,464,T
4-HA,57,0,465,0,0,465,T
4-HA,58,2,0,0,463,465,C
4-HA,59,0,0,0,468,468,C
4-HA,60,0,467,0,0,467,T
4-HA,61,0,1,467,0,468,G
4-HA,62,0,0,471,0,471,G
4-HA,63,472,0,0,0,472,A
4-HA,64,481,0,0,0,481,A
4-HA,65,481,0,0,0,481,A
4-HA,66,0,492,0,0,492,T
4-HA,67,1,3,491,0,495,G
4-HA,68,492,0,1,0,493,A
4-HA,69,0,0,0,499,499,C
4-HA,70,499,0,0,0,499,A
4-HA,71,500,0,0,0,500,A
4-HA,72,1,1,0,509,511,C
4-HA,73,509,0,0,0,509,A
4-HA,74,0,0,511,0,511,G
4-HA,75,0,0,0,509,509,C
4-HA,76,511,0,0,0,511,A
4-HA,77,0,0,0,529,529,C
4-HA,78,0,3,525,0,528,G
4-HA,79,0,0,532,0,532,G
4-HA,80,0,1,0,534,535,C
4-HA,81,531,0,0,0,531,A
4-HA,82,537,0,0,0,537,A
4-HA,83,0,0,0,535,535,C
4-HA,84,1,0,541,0,542,G
4-HA,85,0,0,0,543,543,C
4-HA,86,0,539,0,0,539,T
4-HA,87,0,0,552,0,552,G
4-HA,88,1,547,0,0,548,T
4-HA,89,0,1,564,1,566,G
4-HA,90,0,0,0,574,574,C
4-HA,91,2,0,0,572,574,C
4-HA,92,0,569,0,0,569,T
4-HA,93,1,567,0,0,568,T
4-HA,94,0,5,563,0,568,G
4-HA,95,0,2,573,0,575,G
4-HA,96,0,1,580,0,581,G
4-HA,97,0,0,0,582,582,C
4-HA,98,579,0,0,0,579,A
4-HA,99,0,0,0,598,598,C
4-HA,100,0,0,1,591,592,C
4-HA,101,652,0,1,0,653,A
4-HA,102,0,654,0,0,654,T
4-HA,103,0,0,650,0,650,G
4-HA,104,1,0,0,650,651,C
4-HA,105,639,0,2,0,641,A
4-HA,106,0,0,702,0,702,G
4-HA,107,0,701,0,1,702,T
4-HA,108,706,0,0,0,706,A
4-HA,109,0,0,0,703,703,C
4-HA,110,2,1,0,676,679,C
4-HA,111,684,0,1,0,685,A
4-HA,112,686,0,0,0,686,A
4-HA,113,685,0,1,0,686,A
4-HA,114,0,2,0,688,690,C
4-HA,115,0,1,666,0,667,G
4-HA,116,0,1,690,0,691,G
4-HA,117,685,0,1,1,687,A
4-HA,118,688,0,2,0,690,A
4-HA,119,1,0,0,688,689,C
4-HA,120,679,0,0,0,679,A
4-HA,121,700,1,0,0,701,A
4-HA,122,0,702,0,0,702,T
4-HA,123,711,0,2,0,713,A
4-HA,124,1,0,716,0,717,G
4-HA,125,0,706,0,0,706,T
4-HA,126,1,0,706,0,707,G
4-HA,127,704,0,0,0,704,A
4-HA,128,706,0,0,0,706,A
4-HA,129,702,0,3,0,705,A
4-HA,130,709,0,0,0,709,A
4-HA,131,0,0,0,713,713,C
4-HA,132,712,0,0,0,712,A
4-HA,133,719,0,0,0,719,A
4-HA,134,0,716,0,0,716,T
4-HA,135,2,0,0,716,718,C
4-HA,136,719,0,0,0,719,A
4-HA,137,0,1,0,719,720,C
4-HA,138,0,3,715,0,718,G
4-HA,139,718,0,0,1,719,A
4-HA,140,715,0,1,0,716,A
4-HA,141,0,716,0,1,717,T
4-HA,142,0,4,711,0,715,G
4-HA,143,721,0,1,0,722,A
4-HA,144,2,1,0,717,720,C
4-HA,145,3,0,0,718,721,C
4-HA,146,725,0,0,0,725,A
4-HA,147,729,0,0,0,729,A
4-HA,148,730,0,0,0,730,A
4-HA,149,0,730,1,0,731,T
4-HA,150,1,731,0,0,732,T
4-HA,151,0,2,736,0,738,G
4-HA,152,728,0,1,0,729,A
4-HA,153,726,0,4,0,730,A
4-HA,154,0,0,734,0,734,G
4-HA,155,0,735,0,0,735,T
4-HA,156,0,753,0,0,753,T
4-HA,157,760,0,0,0,760,A
4-HA,158,1,0,0,763,764,C
4-HA,159,0,767,0,0,767,T
4-HA,160,761,0,0,0,761,A
4-HA,161,783,0,0,0,783,A
4-HA,162,0,781,0,1,782,T
4-HA,163,0,1,776,0,777,G
4-HA,164,1,0,0,822,823,C
4-HA,165,0,808,0,4,812,T
4-HA,166,817,0,0,0,817,A
4-HA,167,0,0,0,817,817,C
4-HA,168,0,811,0,0,811,T
4-HA,169,0,5,807,0,812,G
4-HA,170,810,0,0,0,810,A
4-HA,171,0,1,809,1,811,G
4-HA,172,0,0,0,815,815,C
4-HA,173,0,790,0,2,792,T
4-HA,174,0,1,809,0,810,G
4-HA,175,0,0,833,0,833,G
4-HA,176,0,834,0,1,835,T
4-HA,177,0,834,0,0,834,T
4-HA,178,5,0,0,829,834,C
4-HA,179,830,0,0,0,830,A
4-HA,180,1,0,834,0,835,G
4-HA,181,834,0,0,0,834,A
4-HA,182,1,0,852,0,853,G
4-HA,183,0,849,0,1,850,T
4-HA,184,1,844,0,1,846,T
4-HA,185,6,0,0,852,858,C
4-HA,186,3,0,0,857,860,C
4-HA,187,0,855,0,1,856,T
4-HA,188,0,0,0,862,862,C
4-HA,189,860,0,0,0,860,A
4-HA,190,859,0,0,0,859,A
4-HA,191,0,1,0,860,861,C
4-HA,192,854,0,1,0,855,A
4-HA,193,0,1,875,0,876,G
4-HA,194,0,1,870,0,871,G
4-HA,195,1,865,0,0,866,T
4-HA,196,0,3,866,0,869,G
4-HA,197,870,0,0,0,870,A
4-HA,198,868,0,1,0,869,A
4-HA,199,892,0,1,0,893,A
4-HA,200,0,893,1,0,894,T
4-HA,201,896,0,0,0,896,A
4-HA,202,0,888,0,1,889,T
4-HA,203,0,1,886,0,887,G
4-HA,204,0,1,0,896,897,C
4-HA,205,0,4,889,0,893,G
4-HA,206,895,0,0,0,895,A
4-HA,207,0,0,0,898,898,C
4-HA,208,880,0,0,0,880,A
4-HA,209,0,0,942,0,942,G
4-HA,210,0,934,0,0,934,T
4-HA,211,1,1,0,941,943,C
4-HA,212,3,0,0,943,946,C
4-HA,213,0,944,0,0,944,T
4-HA,214,4,0,0,962,966,C
4-HA,215,959,1,1,1,962,A
4-HA,216,0,964,0,0,964,T
4-HA,217,2,0,0,962,964,C
4-HA,218,913,0,0,0,913,A
4-HA,219,0,1,915,0,916,G
4-HA,220,905,0,1,0,906,A
4-HA,221,0,905,1,0,906,T
4-HA,222,3,0,0,910,913,C
4-HA,223,0,0,0,912,912,C
4-HA,224,1,915,0,0,916,T
4-HA,225,0,915,0,0,915,T
4-HA,226,0,1,918,0,919,G
4-HA,227,925,0,1,0,926,A
4-HA,228,0,918,0,1,919,T
4-HA,229,0,0,928,0,928,G
4-HA,230,0,1,924,0,925,G
4-HA,231,918,0,0,0,918,A
4-HA,232,1,4,912,0,917,G
4-HA,233,908,0,2,0,910,A
4-HA,234,0,1,896,0,897,G
4-HA,235,928,0,0,0,928,A
4-HA,236,934,0,1,0,935,A
4-HA,237,0,0,0,946,946,C
4-HA,238,0,933,0,0,933,T
4-HA,239,1,1,942,0,944,G
4-HA,240,0,0,0,944,944,C
4-HA,241,945,0,1,0,946,A
4-HA,242,0,1,0,973,974,C
4-HA,243,963,0,1,0,964,A
4-HA,244,2,0,0,1069,1071,C
4-HA,245,0,1066,0,1,1067,T
4-HA,246,1084,0,0,1,1085,A
4-HA,247,1084,0,0,0,1084,A
4-HA,248,0,1082,0,0,1082,T
4-HA,249,1073,0,0,0,1073,A
4-HA,250,0,2,1078,0,1080,G
4-HA,251,1051,0,1,0,1052,A
4-HA,252,0,1027,0,0,1027,T
4-HA,253,0,0,995,0,995,G
4-HA,254,0,0,0,1001,1001,C
4-HA,255,0,998,0,0,998,T
4-HA,256,1,0,0,1081,1082,C
4-HA,257,0,1081,0,0,1081,T
4-HA,258,1107,0,0,0,1107,A
4-HA,259,0,1107,0,0,1107,T
4-HA,260,0,1103,0,0,1103,T
4-HA,261,0,7,1109,0,1116,G
4-HA,262,0,1,1109,0,1110,G
4-HA,263,2,2,1110,0,1114,G
4-HA,264,1092,0,2,0,1094,A
4-HA,265,0,3,1081,0,1084,G
4-HA,266,1056,0,2,0,1058,A
4-HA,267,4,0,0,1154,1158,C
4-HA,268,4,1,0,1179,1184,C
4-HA,269,6,1,0,1192,1199,C
4-HA,270,0,1202,0,0,1202,T
4-HA,271,0,0,0,1214,1214,C
4-HA,272,1212,0,0,0,1212,A
4-HA,273,1020,0,203,0,1223,A
4-HA,274,0,1243,0,0,1243,T
4-HA,275,0,1,1250,0,1251,G
4-HA,276,1,1251,0,0,1252,T
4-HA,277,0,1,1247,0,1248,G
4-HA,278,1244,1,2,0,1247,A
4-HA,279,0,1244,0,3,1247,T
4-HA,280,0,2,1237,0,1239,G
4-HA,281,0,2,1230,0,1232,G
4-HA,282,0,0,0,1235,1235,C
4-HA,283,0,1229,0,0,1229,T
4-HA,284,0,1231,0,1,1232,T
4-HA,285,3,0,0,1230,1233,C
4-HA,286,1,1,0,1231,1233,C
4-HA,287,1236,0,0,0,1236,A
4-HA,288,1239,0,0,0,1239,A
4-HA,289,1235,0,0,0,1235,A
4-HA,290,1238,1,0,0,1239,A
4-HA,291,1,1241,0,1,1243,T
4-HA,292,1246,0,0,0,1246,A
4-HA,293,1241,0,0,0,1241,A
4-HA,294,1,3,1248,0,1252,G
4-HA,295,1266,0,0,0,1266,A
4-HA,296,1270,0,0,0,1270,A
4-HA,297,1273,0,0,0,1273,A
4-HA,298,0,1274,0,0,1274,T
4-HA,299,1,9,1260,0,1270,G
4-HA,300,0,0,1271,0,1271,G
4-HA,301,0,7,1269,0,1276,G
4-HA,302,1265,0,5,0,1270,A
4-HA,303,0,1,0,1284,1285,C
4-HA,304,1,1,0,1273,1275,C
4-HA,305,0,1305,0,0,1305,T
4-HA,306,1,1303,0,3,1307,T
4-HA,307,0,1302,0,0,1302,T
4-HA,308,0,1314,0,0,1314,T
4-HA,309,0,1310,0,0,1310,T
4-HA,310,1,0,1318,0,1319,G
4-HA,311,0,1317,0,1,1318,T
4-HA,312,0,1301,1,0,1302,T
4-HA,313,2,10,1297,0,1309,G
4-HA,314,1299,0,0,0,1299,A
4-HA,315,1305,0,1,0,1306,A
4-HA,316,0,1,0,1307,1308,C
4-HA,317,1,0,1299,0,1300,G
4-HA,318,0,0,0,1329,1329,C
4-HA,319,1327,0,1,0,1328,A
4-HA,320,1,0,1333,0,1334,G
4-HA,321,2,2,0,1333,1337,C
4-HA,322,1337,0,1,0,1338,A
4-HA,323,1340,0,1,0,1341,A
4-HA,324,1332,0,4,1,1337,A
4-HA,325,1,1,1402,1,1405,G
4-HA,326,0,1,0,1403,1404,C
4-HA,327,4,0,0,1398,1402,C
4-HA,328,0,1399,0,0,1399,T
4-HA,329,1399,0,0,0,1399,A
4-HA,330,0,1,0,1408,1409,C
4-HA,331,1407,0,0,0,1407,A
4-HA,332,0,0,1405,0,1405,G
4-HA,333,1,0,0,1399,1400,C
4-HA,334,1354,0,0,0,1354,A
4-HA,335,1364,0,0,0,1364,A
4-HA,336,0,1,0,1436,1437,C
4-HA,337,0,1426,0,0,1426,T
4-HA,338,0,0,1439,0,1439,G
4-HA,339,3,1422,0,1,1426,T
4-HA,340,0,1421,1,1,1423,T
4-HA,341,1428,0,1,0,1429,A
4-HA,342,0,0,0,1518,1518,C
4-HA,343,4,0,0,1519,1523,C
4-HA,344,8,0,0,1567,1575,C
4-HA,345,0,1511,0,2,1513,T
4-HA,346,0,1516,0,0,1516,T
4-HA,347,1520,0,0,0,1520,A
4-HA,348,0,1519,0,0,1519,T
4-HA,349,0,3,1521,0,1524,G
4-HA,350,1511,1,0,0,1512,A
4-HA,351,0,1411,0,1,1412,T
4-HA,352,0,0,1429,0,1429,G
4-HA,353,0,1394,0,1,1395,T
4-HA,354,0,0,1396,0,1396,G
4-HA,355,2,1,0,1385,1388,C
4-HA,356,4,3,0,1390,1397,C
4-HA,357,2,2,1425,0,1429,G
4-HA,358,1,3,1448,0,1452,G
4-HA,359,1450,0,0,0,1450,A
4-HA,360,1,1447,0,0,1448,T
4-HA,361,0,1422,0,0,1422,T
4-HA,362,1439,0,1,0,1440,A
4-HA,363,0,1441,0,0,1441,T
4-HA,364,0,1,1439,0,1440,G
4-HA,365,0,1,0,1436,1437,C
4-HA,366,4,0,0,1425,1429,C
4-HA,367,0,1451,0,0,1451,T
4-HA,368,2,0,0,1538,1540,C
4-HA,369,2,0,0,1554,1556,C
4-HA,370,6,0,0,1550,1556,C
4-HA,371,0,1553,0,0,1553,T
4-HA,372,0,1557,0,1,1558,T
4-HA,373,1551,0,1,0,1552,A
4-HA,374,0,2,1586,0,1588,G
4-HA,375,0,1,1586,0,1587,G
4-HA,376,1,1560,0,1,1562,T
4-HA,377,9,1,0,1522,1532,C
4-HA,378,1511,1,0,0,1512,A
4-HA,379,0,0,0,1546,1546,C
4-HA,380,0,1549,0,0,1549,T
4-HA,381,1548,1,0,0,1549,A
4-HA,382,0,1,1542,0,1543,G
4-HA,383,1,1527,0,1,1529,T
4-HA,384,1,1513,0,1,1515,T
4-HA,385,1,0,1526,0,1527,G
4-HA,386,0,1,0,1524,1525,C
4-HA,387,1,0,1,1529,1531,C
4-HA,388,0,1505,0,6,1511,T
4-HA,389,3,2,0,1523,1528,C
4-HA,390,1584,0,0,0,1584,A
4-HA,391,0,1583,0,0,1583,T
4-HA,392,3,0,0,1579,1582,C
4-HA,393,3,1,0,1579,1583,C
4-HA,394,3,4,1572,1,1580,G
4-HA,395,1,1,1584,0,1586,G
4-HA,396,1,0,0,1584,1585,C
4-HA,397,1611,0,0,0,1611,A
4-HA,398,0,2,0,1627,1629,C
4-HA,399,1590,0,1,0,1591,A
4-HA,400,0,0,0,1601,1601,C
4-HA,401,0,1590,0,1,1591,T
4-HA,402,0,3,1606,0,1609,G
4-HA,403,0,6,1612,0,1618,G
4-HA,404,1605,0,1,2,1608,A
4-HA,405,1,1,1624,0,1626,G
4-HA,406,0,1612,0,1,1613,T
4-HA,407,0,1597,0,2,1599,T
4-HA,408,0,1604,0,1,1605,T
4-HA,409,1592,1,0,0,1593,A
4-HA,410,1598,0,3,0,1601,A
4-HA,411,2,1,0,1610,1613,C
4-HA,412,1561,0,1,0,1562,A
4-HA,413,1565,1,1,0,1567,A
4-HA,414,0,1555,0,0,1555,T
4-HA,415,0,5,1547,0,1552,G
4-HA,416,1554,0,0,0,1554,A
4-HA,417,1552,1,0,0,1553,A
4-HA,418,1557,0,0,1,1558,A
4-HA,419,0,1,1562,0,1563,G
4-HA,420,0,0,0,1571,1571,C
4-HA,421,0,1569,0,0,1569,T
4-HA,422,2,1562,0,1,1565,T
4-HA,423,1,1,0,1586,1588,C
4-HA,424,1590,0,0,0,1590,A
4-HA,425,1593,0,0,0,1593,A
4-HA,426,0,1592,0,1,1593,T
4-HA,427,0,1587,0,0,1587,T
4-HA,428,0,7,1612,0,1619,G
4-HA,429,0,3,1623,0,1626,G
4-HA,430,1632,1,0,0,1633,A
4-HA,431,1,0,2,1626,1629,C
4-HA,432,0,1611,0,0,1611,T
4-HA,433,0,1,1614,0,1615,G
4-HA,434,1,2,1622,0,1625,G
4-HA,435,1618,1,1,0,1620,A
4-HA,436,1,2,1626,0,1629,G
4-HA,437,1,1590,0,2,1593,T
4-HA,438,7,0,0,1569,1576,C
4-HA,439,1598,0,1,0,1599,A
4-HA,440,0,0,1,1599,1600,C
4-HA,441,1,1603,0,2,1606,T
4-HA,442,3,0,0,1605,1608,C
4-HA,443,1588,0,1,0,1589,A
4-HA,444,1609,0,0,0,1609,A
4-HA,445,1602,0,0,0,1602,A
4-HA,446,1607,0,1,0,1608,A
4-HA,447,0,0,0,1615,1615,C
4-HA,448,1,2,1593,0,1596,G
4-HA,449,0,4,1616,0,1620,G
4-HA,450,1624,0,3,0,1627,A
4-HA,451,1622,1,1,0,1624,A
4-HA,452,1,0,0,1624,1625,C
4-HA,453,1617,0,1,0,1618,A
4-HA,454,1628,0,0,0,1628,A
4-HA,455,2,0,1636,0,1638,G
4-HA,456,2,0,0,1635,1637,C
4-HA,457,0,1621,0,3,1624,T
4-HA,458,3,0,0,1620,1623,C
4-HA,459,0,1613,0,1,1614,T
4-HA,460,0,1,1628,0,1629,G
4-HA,461,0,2,0,1624,1626,C
4-HA,462,0,1628,0,3,1631,T
4-HA,463,0,1651,0,0,1651,T
4-HA,464,0,1,1676,0,1677,G
4-HA,465,1,0,0,1692,1693,C
4-HA,466,1695,0,0,0,1695,A
4-HA,467,0,1676,0,1,1677,T
4-HA,468,1669,0,1,0,1670,A
4-HA,469,1665,0,1,0,1666,A
4-HA,470,1,0,1659,0,1660,G
4-HA,471,0,3,1667,0,1670,G
4-HA,472,1599,0,1,0,1600,A
4-HA,473,1,3,1582,0,1586,G
4-HA,474,1576,0,1,0,1577,A
4-HA,475,1,1640,0,0,1641,T
4-HA,476,2,0,0,1652,1654,C
4-HA,477,0,1666,0,1,1667,T
4-HA,478,1675,0,0,0,1675,A
4-HA,479,1671,0,0,0,1671,A
4-HA,480,0,1674,0,1,1675,T
4-HA,481,1670,0,0,0,1670,A
4-HA,482,1656,1,0,0,1657,A
4-HA,483,1,0,0,1660,1661,C
4-HA,484,1595,0,0,0,1595,A
4-HA,485,0,0,1608,1,1609,G
4-HA,486,0,1575,0,1,1576,T
4-HA,487,0,1601,0,1,1602,T
4-HA,488,0,1599,0,0,1599,T
4-HA,489,4,0,0,1647,1651,C
4-HA,490,0,1641,0,2,1643,T
4-HA,491,1,1650,1,1,1653,T
4-HA,492,0,1655,0,0,1655,T
4-HA,493,1645,1,0,0,1646,A
4-HA,494,0,1,1644,0,1645,G
4-HA,495,0,1641,0,1,1642,T
4-HA,496,1641,0,0,0,1641,A
4-HA,497,1,4,1642,0,1647,G
4-HA,498,1604,0,1,0,1605,A
4-HA,499,1,1608,0,0,1609,T
4-HA,500,0,1595,0,1,1596,T
4-HA,501,1,7,1623,0,1631,G
4-HA,502,1628,0,1,0,1629,A
4-HA,503,1626,0,1,0,1627,A
4-HA,504,0,1631,0,1,1632,T
4-HA,505,0,1603,1,0,1604,T
4-HA,506,0,2,1615,0,1617,G
4-HA,507,0,0,1617,0,1617,G
4-HA,508,0,1615,0,1,1616,T
4-HA,509,0,1608,0,0,1608,T
4-HA,510,0,6,1578,0,1584,G
4-HA,511,1580,0,3,0,1583,A
4-HA,512,2,0,0,1577,1579,C
4-HA,513,5,1,0,1568,1574,C
4-HA,514,5,0,0,1569,1574,C
4-HA,515,1579,0,1,0,1580,A
4-HA,516,0,1,0,1601,1602,C
4-HA,517,1,1592,0,0,1593,T
4-HA,518,1,1593,1,2,1597,T
4-HA,519,1596,0,2,0,1598,A
4-HA,520,1592,0,0,0,1592,A
4-HA,521,1588,0,0,0,1588,A
4-HA,522,1596,0,1,0,1597,A
4-HA,523,0,1628,0,1,1629,T
4-HA,524,2,1612,0,2,1616,T
4-HA,525,8,0,0,1612,1620,C
4-HA,526,1616,2,1,0,1619,A
4-HA,527,1622,0,1,0,1623,A
4-HA,528,1622,0,2,0,1624,A
4-HA,529,0,1620,0,0,1620,T
4-HA,530,1652,2,1,0,1655,A
4-HA,531,2,1,0,1656,1659,C
4-HA,532,7,1,0,1621,1629,C
4-HA,533,4,0,1,1623,1628,C
4-HA,534,1624,0,3,0,1627,A
4-HA,535,0,0,1723,0,1723,G
4-HA,536,1,0,0,1726,1727,C
4-HA,537,1724,0,0,0,1724,A
4-HA,538,0,1723,0,0,1723,T
4-HA,539,0,1691,0,1,1692,T
4-HA,540,0,11,1741,0,1752,G
4-HA,541,1753,0,1,0,1754,A
4-HA,542,1744,1,6,0,1751,A
4-HA,543,0,1,0,1752,1753,C
4-HA,544,0,0,1689,0,1689,G
4-HA,545,1,1705,0,2,1708,T
4-HA,546,1,9,1703,0,1713,G
4-HA,547,1713,0,0,0,1713,A
4-HA,548,2,1,0,1712,1715,C
4-HA,549,0,1644,0,1,1645,T
4-HA,550,1677,0,0,0,1677,A
4-HA,551,0,1671,0,0,1671,T
4-HA,552,1,1,1691,0,1693,G
4-HA,553,3,0,1,1683,1687,C
4-HA,554,5,1,0,1649,1655,C
4-HA,555,1651,1,0,0,1652,A
4-HA,556,1651,0,0,0,1651,A
4-HA,557,1670,0,2,0,1672,A
4-HA,558,1,0,0,1672,1673,C
4-HA,559,1625,0,1,0,1626,A
4-HA,560,1628,0,1,0,1629,A
4-HA,561,0,1609,0,0,1609,T
4-HA,562,3,10,1594,1,1608,G
4-HA,563,1611,0,0,0,1611,A
4-HA,564,1604,1,1,0,1606,A
4-HA,565,1,1,0,1562,1564,C
4-HA,566,1581,0,0,0,1581,A
4-HA,567,1598,0,0,0,1598,A
4-HA,568,0,1594,0,2,1596,T
4-HA,569,0,1592,0,0,1592,T
4-HA,570,0,1593,0,0,1593,T
4-HA,571,1,11,1583,0,1595,G
4-HA,572,1596,0,0,0,1596,A
4-HA,573,2,2,0,1593,1597,C
4-HA,574,1592,0,1,0,1593,A
4-HA,575,1587,0,1,0,1588,A
4-HA,576,1616,0,0,0,1616,A
4-HA,577,1,1636,0,0,1637,T
4-HA,578,0,1627,0,1,1628,T
4-HA,579,0,1,1650,0,1651,G
4-HA,580,1,1642,0,1,1644,T
4-HA,581,1655,0,0,0,1655,A
4-HA,582,1,0,0,1684,1685,C
4-HA,583,1680,0,0,0,1680,A
4-HA,584,0,1710,0,0,1710,T
4-HA,585,0,1689,0,0,1689,T
4-HA,586,0,1675,0,1,1676,T
4-HA,587,1,6,1666,0,1673,G
4-HA,588,0,8,1658,0,1666,G
4-HA,589,1,4,1657,1,1663,G
4-HA,590,1,7,1652,0,1660,G
4-HA,591,0,2,1641,0,1643,G
4-HA,592,5,1,1682,0,1688,G
4-HA,593,0,1666,0,3,1669,T
4-HA,594,0,1682,0,1,1683,T
4-HA,595,4,0,0,1681,1685,C
4-HA,596,1688,1,1,0,1690,A
4-HA,597,1,0,0,1700,1701,C
4-HA,598,6,2,0,1685,1693,C
4-HA,599,1706,0,1,0,1707,A
4-HA,600,4,0,0,1721,1725,C
4-HA,601,3,0,1,1700,1704,C
4-HA,602,4,0,0,1686,1690,C
4-HA,603,1,2,1691,0,1694,G
4-HA,604,1,4,1763,0,1768,G
4-HA,605,0,1,1777,0,1778,G
4-HA,606,0,1766,0,0,1766,T
4-HA,607,1768,0,1,0,1769,A
4-HA,608,1,5,0,1745,1751,C
4-HA,609,3,3,1737,0,1743,G
4-HA,610,1,2,1765,0,1768,G
4-HA,611,1762,1,0,0,1763,A
4-HA,612,0,0,0,1769,1769,C
4-HA,613,1667,0,0,0,1667,A
4-HA,614,1666,0,0,0,1666,A
4-HA,615,0,1665,0,1,1666,T
4-HA,616,0,11,1681,0,1692,G
4-HA,617,1695,0,0,0,1695,A
4-HA,618,0,1,0,1691,1692,C
4-HA,619,4,2,0,1651,1657,C
4-HA,620,1661,1,0,0,1662,A
4-HA,621,1659,1,0,0,1660,A
4-HA,622,1681,0,0,0,1681,A
4-HA,623,0,1676,0,0,1676,T
4-HA,624,2,0,0,1692,1694,C
4-HA,625,0,1655,0,0,1655,T
4-HA,626,0,1655,0,0,1655,T
4-HA,627,3,0,0,1674,1677,C
4-HA,628,3,1,0,1677,1681,C
4-HA,629,0,1675,0,2,1677,T
4-HA,630,0,0,1691,0,1691,G
4-HA,631,1,1657,0,1,1659,T
4-HA,632,1678,0,0,0,1678,A
4-HA,633,0,1666,0,2,1668,T
4-HA,634,1,2,1679,0,1682,G
4-HA,635,1,1,0,1691,1693,C
4-HA,636,0,1677,1,1,1679,T
4-HA,637,5,4,0,1669,1678,C
4-HA,638,1672,1,4,0,1677,A
4-HA,639,1662,1,1,0,1664,A
4-HA,640,1,1,1677,0,1679,G
4-HA,641,0,0,0,1691,1691,C
4-HA,642,1689,0,1,0,1690,A
4-HA,643,2,1674,0,1,1677,T
4-HA,644,5,1,0,1663,1669,C
4-HA,645,1668,0,0,0,1668,A
4-HA,646,0,0,1681,0,1681,G
4-HA,647,0,8,1676,0,1684,G
4-HA,648,1687,0,0,1,1688,A
4-HA,649,1670,0,0,0,1670,A
4-HA,650,0,3,1698,0,1701,G
4-HA,651,1696,1,1,0,1698,A
4-HA,652,1717,0,0,0,1717,A
4-HA,653,1,1723,0,1,1725,T
4-HA,654,3,0,0,1721,1724,C
4-HA,655,1712,0,2,0,1714,A
4-HA,656,0,0,0,1718,1718,C
4-HA,657,1708,0,1,1,1710,A
4-HA,658,0,1,1744,0,1745,G
4-HA,659,0,1720,0,0,1720,T
4-HA,660,8,0,0,1725,1733,C
4-HA,661,0,1714,0,0,1714,T
4-HA,662,5,0,0,1762,1767,C
4-HA,663,0,1769,1,1,1771,T
4-HA,664,1791,0,0,0,1791,A
4-HA,665,0,1,0,1785,1786,C
4-HA,666,5,2,0,1775,1782,C
4-HA,667,1740,0,0,1,1741,A
4-HA,668,1740,0,1,0,1741,A
4-HA,669,1730,0,0,0,1730,A
4-HA,670,1735,1,1,0,1737,A
4-HA,671,1,1,1740,0,1742,G
4-HA,672,1691,1,0,0,1692,A
4-HA,673,1690,0,0,0,1690,A
4-HA,674,3,0,1689,0,1692,G
4-HA,675,0,0,1,1692,1693,C
4-HA,676,6,0,0,1693,1699,C
4-HA,677,1698,0,0,0,1698,A
4-HA,678,1698,9,1,0,1708,A
4-HA,679,3,0,0,1705,1708,C
4-HA,680,1707,0,0,0,1707,A
4-HA,681,1701,1,0,9,1711,A
4-HA,682,1707,0,0,0,1707,A
4-HA,683,1,1,0,1747,1749,C
4-HA,684,0,1731,0,0,1731,T
4-HA,685,0,0,1736,0,1736,G
4-HA,686,0,1732,0,0,1732,T
4-HA,687,1725,0,2,0,1727,A
4-HA,688,1726,0,1,0,1727,A
4-HA,689,0,1717,0,0,1717,T
4-HA,690,1,1,0,1734,1736,C
4-HA,691,2,0,0,1728,1730,C
4-HA,692,5,0,0,1700,1705,C
4-HA,693,2,3,1698,0,1703,G
4-HA,694,1695,0,1,0,1696,A
4-HA,695,1698,0,0,0,1698,A
4-HA,696,0,1704,0,0,1704,T
4-HA,697,1700,0,0,0,1700,A
4-HA,698,0,1695,0,0,1695,T
4-HA,699,3,2,0,1678,1683,C
4-HA,700,1,2,1679,0,1682,G
4-HA,701,0,2,1736,0,1738,G
4-HA,702,1740,0,3,0,1743,A
4-HA,703,1,1761,0,2,1764,T
4-HA,704,7,1,0,1758,1766,C
4-HA,705,0,1762,0,1,1763,T
4-HA,706,1757,0,3,0,1760,A
4-HA,707,0,4,1776,0,1780,G
4-HA,708,1789,0,0,0,1789,A
4-HA,709,0,1,0,1789,1790,C
4-HA,710,1,1,0,1745,1747,C
4-HA,711,3,0,0,1744,1747,C
4-HA,712,1727,0,1,0,1728,A
4-HA,713,0,5,1841,0,1846,G
4-HA,714,1847,0,1,0,1848,A
4-HA,715,0,1,1880,0,1881,G
4-HA,716,0,1864,0,2,1866,T
4-HA,717,1849,0,0,0,1849,A
4-HA,718,1843,0,0,0,1843,A
4-HA,719,0,3,1890,1,1894,G
4-HA,720,0,4,1901,0,1905,G
4-HA,721,1876,0,0,0,1876,A
4-HA,722,1733,0,2,0,1735,A
4-HA,723,0,1733,0,2,1735,T
4-HA,724,1735,0,0,0,1735,A
4-HA,725,1,1732,0,2,1735,T
4-HA,726,3,1,0,1738,1742,C
4-HA,727,3,0,1,1744,1748,C
4-HA,728,3,1,0,1708,1712,C
4-HA,729,0,1687,0,3,1690,T
4-HA,730,1700,1,0,0,1701,A
4-HA,731,0,1,1703,0,1704,G
4-HA,732,0,0,0,1703,1703,C
4-HA,733,1662,0,0,0,1662,A
4-HA,734,0,6,1713,0,1719,G
4-HA,735,1691,0,1,0,1692,A
4-HA,736,1705,0,1,0,1706,A
4-HA,737,0,1702,0,1,1703,T
4-HA,738,1695,0,0,2,1697,A
4-HA,739,1704,1,2,0,1707,A
4-HA,740,1,0,1704,0,1705,G
4-HA,741,3,0,0,1703,1706,C
4-HA,742,1700,0,0,0,1700,A
4-HA,743,0,1654,0,1,1655,T
4-HA,744,1,0,0,1735,1736,C
4-HA,745,0,1722,1,3,1726,T
4-HA,746,1741,1,0,0,1742,A
4-HA,747,0,1739,0,1,1740,T
4-HA,748,0,1726,0,1,1727,T
4-HA,749,0,8,1732,0,1740,G
4-HA,750,1,8,1723,0,1732,G
4-HA,751,1732,1,0,0,1733,A
4-HA,752,3,1,0,1727,1731,C
4-HA,753,1626,0,0,0,1626,A
4-HA,754,1651,0,1,1,1653,A
4-HA,755,0,1710,0,1,1711,T
4-HA,756,1740,1,1,0,1742,A
4-HA,757,0,1,1764,0,1765,G
4-HA,758,0,1740,0,0,1740,T
4-HA,759,1738,0,0,0,1738,A
4-HA,760,1748,0,0,0,1748,A
4-HA,761,1805,3,1,1,1810,A
4-HA,762,1825,0,1,0,1826,A
4-HA,763,0,1,0,1832,1833,C
4-HA,764,2,1,0,1772,1775,C
4-HA,765,1601,3,118,0,1722,A
4-HA,766,0,2,1750,0,1752,G
4-HA,767,0,1,1764,0,1765,G
4-HA,768,1758,1,3,0,1762,A
4-HA,769,0,7,1768,0,1775,G
4-HA,770,1785,0,0,0,1785,A
4-HA,771,0,0,0,1789,1789,C
4-HA,772,1778,0,1,3,1782,A
4-HA,773,0,1786,0,0,1786,T
4-HA,774,1788,0,1,1,1790,A
4-HA,775,0,1,0,1826,1827,C
4-HA,776,1,1803,0,0,1804,T
4-HA,777,1,1817,1,1,1820,T
4-HA,778,0,1832,0,2,1834,T
4-HA,779,0,1818,0,1,1819,T
4-HA,780,2,8,1830,0,1840,G
4-HA,781,1842,0,2,1,1845,A
4-HA,782,0,1842,0,1,1843,T
4-HA,783,0,1871,1,2,1874,T
4-HA,784,1862,0,1,0,1863,A
4-HA,785,1873,0,1,0,1874,A
4-HA,786,1,1,0,1892,1894,C
4-HA,787,1876,0,2,1,1879,A
4-HA,788,3,0,1936,0,1939,G
4-HA,789,1,1,0,1929,1931,C
4-HA,790,1927,0,1,0,1928,A
4-HA,791,0,0,0,1941,1941,C
4-HA,792,1924,0,3,0,1927,A
4-HA,793,1,6,1944,0,1951,G
4-HA,794,0,6,1936,0,1942,G
4-HA,795,1,5,2014,0,2020,G
4-HA,796,2009,2,0,0,2011,A
4-HA,797,2003,0,0,0,2003,A
4-HA,798,0,2008,0,0,2008,T
4-HA,799,1,0,0,2012,2013,C
4-HA,800,1,2020,0,0,2021,T
4-HA,801,2037,0,0,0,2037,A
4-HA,802,2018,0,2,0,2020,A
4-HA,803,0,2020,1,3,2024,T
4-HA,804,0,1964,0,1,1965,T
4-HA,805,3,2,1985,0,1990,G
4-HA,806,2,0,0,2044,2046,C
4-HA,807,0,2107,0,6,2113,T
4-HA,808,11,0,0,2153,2164,C
4-HA,809,2,0,0,2173,2175,C
4-HA,810,0,2169,0,0,2169,T
4-HA,811,2171,1,1,0,2173,A
4-HA,812,0,7,2168,0,2175,G
4-HA,813,1,6,2183,0,2190,G
4-HA,814,1,5,2195,0,2201,G
4-HA,815,3,2,2165,0,2170,G
4-HA,816,1,2122,0,0,2123,T
4-HA,817,0,2109,0,2,2111,T
4-HA,818,2114,0,0,0,2114,A
4-HA,819,1,0,0,2145,2146,C
4-HA,820,0,2132,0,1,2133,T
4-HA,821,0,2146,0,2,2148,T
4-HA,822,3,2,0,2135,2140,C
4-HA,823,2128,0,0,0,2128,A
4-HA,824,2135,1,1,0,2137,A
4-HA,825,2137,0,2,0,2139,A
4-HA,826,2146,0,0,0,2146,A
4-HA,827,1,2138,0,1,2140,T
4-HA,828,2118,0,1,1,2120,A
4-HA,829,0,1,0,2118,2119,C
4-HA,830,0,1,2114,0,2115,G
4-HA,831,2109,0,3,0,2112,A
4-HA,832,2103,2,3,0,2108,A
4-HA,833,0,0,2142,0,2142,G
4-HA,834,0,2132,1,3,2136,T
4-HA,835,1,5,2146,1,2153,G
4-HA,836,2,1,2150,0,2153,G
4-HA,837,0,6,2155,0,2161,G
4-HA,838,2159,0,2,0,2161,A
4-HA,839,2159,0,0,1,2160,A
4-HA,840,2163,0,0,0,2163,A
4-HA,841,2162,0,2,0,2164,A
4-HA,842,0,1,2207,0,2208,G
4-HA,843,1,0,0,2200,2201,C
4-HA,844,0,2167,0,2,2169,T
4-HA,845,8,0,1,2192,2201,C
4-HA,846,2205,0,0,0,2205,A
4-HA,847,2220,2,1,0,2223,A
4-HA,848,1,2216,0,1,2218,T
4-HA,849,2251,0,0,0,2251,A
4-HA,850,2252,0,0,0,2252,A
4-HA,851,0,2203,0,0,2203,T
4-HA,852,0,6,2194,0,2200,G
4-HA,853,2178,0,3,0,2181,A
4-HA,854,3,8,2234,0,2245,G
4-HA,855,2251,0,0,0,2251,A
4-HA,856,2,2227,0,0,2229,T
4-HA,857,6,1,0,2264,2271,C
4-HA,858,2256,1,1,0,2258,A
4-HA,859,1,3,2304,0,2308,G
4-HA,860,2303,1,1,1,2306,A
4-HA,861,0,2308,0,0,2308,T
4-HA,862,0,2,2304,0,2306,G
4-HA,863,1,1,0,2264,2266,C
4-HA,864,2269,0,3,0,2272,A
4-HA,865,2,1,0,2317,2320,C
4-HA,866,3,0,0,2279,2282,C
4-HA,867,2,0,0,2296,2298,C
4-HA,868,2259,0,0,1,2260,A
4-HA,869,0,2246,0,1,2247,T
4-HA,870,0,2246,0,0,2246,T
4-HA,871,1,7,2261,0,2269,G
4-HA,872,1,1,2254,0,2256,G
4-HA,873,3,1,0,2258,2262,C
4-HA,874,2215,0,1,0,2216,A
4-HA,875,2208,1,0,0,2209,A
4-HA,876,2237,1,1,0,2239,A
4-HA,877,0,2240,0,2,2242,T
4-HA,878,2,0,2240,0,2242,G
4-HA,879,1,1,0,2239,2241,C
4-HA,880,2216,0,0,0,2216,A
4-HA,881,2273,0,1,0,2274,A
4-HA,882,0,2274,0,2,2276,T
4-HA,883,0,2271,0,0,2271,T
4-HA,884,5,0,1,2280,2286,C
4-HA,885,0,2238,0,0,2238,T
4-HA,886,1,14,2256,0,2271,G
4-HA,887,2270,1,0,0,2271,A
4-HA,888,2282,1,0,0,2283,A
4-HA,889,0,2276,0,2,2278,T
4-HA,890,2,4,2235,0,2241,G
4-HA,891,3,2,0,2250,2255,C
4-HA,892,2246,0,1,0,2247,A
4-HA,893,0,2247,0,1,2248,T
4-HA,894,8,0,0,2241,2249,C
4-HA,895,2253,0,1,0,2254,A
4-HA,896,0,1,0,2354,2355,C
4-HA,897,0,2339,0,2,2341,T
4-HA,898,3,0,1,2342,2346,C
4-HA,899,11,1,0,2325,2337,C
4-HA,900,2379,1,1,0,2381,A
4-HA,901,2378,0,0,0,2378,A
4-HA,902,2374,0,1,0,2375,A
4-HA,903,0,2283,0,0,2283,T
4-HA,904,0,6,2286,0,2292,G
4-HA,905,2,6,2294,0,2302,G
4-HA,906,2306,0,2,0,2308,A
4-HA,907,2298,0,5,0,2303,A
4-HA,908,1,2,2307,0,2310,G
4-HA,909,2,1,0,2271,2274,C
4-HA,910,2250,2,0,0,2252,A
4-HA,911,1,2254,0,2,2257,T
4-HA,912,0,2249,0,3,2252,T
4-HA,913,7,1,0,2320,2328,C
4-HA,914,4,0,0,2310,2314,C
4-HA,915,3,0,0,2319,2322,C
4-HA,916,2323,0,1,0,2324,A
4-HA,917,2340,0,2,0,2342,A
4-HA,918,1,2388,0,2,2391,T
4-HA,919,3,15,2374,1,2393,G
4-HA,920,2388,0,2,0,2390,A
4-HA,921,0,1,0,2385,2386,C
4-HA,922,2298,0,0,0,2298,A
4-HA,923,2296,0,4,0,2300,A
4-HA,924,2294,0,3,0,2297,A
4-HA,925,3,2,0,2303,2308,C
4-HA,926,9,1,0,2270,2280,C
4-HA,927,2253,0,0,0,2253,A
4-HA,928,0,2272,0,3,2275,T
4-HA,929,1,2274,0,1,2276,T
4-HA,930,2,1,0,2285,2288,C
4-HA,931,3,2,0,2281,2286,C
4-HA,932,2276,1,2,0,2279,A
4-HA,933,2278,0,0,0,2278,A
4-HA,934,2271,1,0,0,2272,A
4-HA,935,2310,0,0,1,2311,A
4-HA,936,0,2307,0,0,2307,T
4-HA,937,0,0,2302,0,2302,G
4-HA,938,0,2289,0,1,2290,T
4-HA,939,0,2285,1,1,2287,T
4-HA,940,2332,0,2,1,2335,A
4-HA,941,2329,1,2,0,2332,A
4-HA,942,0,1,0,2329,2330,C
4-HA,943,2311,1,0,0,2312,A
4-HA,944,0,4,2313,0,2317,G
4-HA,945,0,5,2327,0,2332,G
4-HA,946,2375,0,1,0,2376,A
4-HA,947,0,2369,0,3,2372,T
4-HA,948,5,1,0,2395,2401,C
4-HA,949,2419,0,1,0,2420,A
4-HA,950,0,0,0,2502,2502,C
4-HA,951,2509,0,0,0,2509,A
4-HA,952,0,2562,0,0,2562,T
4-HA,953,2491,0,2,0,2493,A
4-HA,954,0,1,2,2452,2455,C
4-HA,955,4,1,2366,0,2371,G
4-HA,956,1,6,2377,0,2384,G
4-HA,957,2,3,2356,0,2361,G
4-HA,958,1,0,2362,0,2363,G
4-HA,959,1,1,0,2284,2286,C
4-HA,960,3,1,0,2279,2283,C
4-HA,961,2,2223,0,2,2227,T
4-HA,962,0,0,2421,0,2421,G
4-HA,963,0,2424,0,3,2427,T
4-HA,964,4,0,1,2427,2432,C
4-HA,965,12,1,0,2411,2424,C
4-HA,966,9,0,0,2422,2431,C
4-HA,967,2418,1,2,0,2421,A
4-HA,968,0,1,2441,0,2442,G
4-HA,969,2435,0,0,0,2435,A
4-HA,970,0,2433,1,0,2434,T
4-HA,971,2226,0,0,0,2226,A
4-HA,972,1,2180,0,0,2181,T
4-HA,973,0,1,2193,0,2194,G
4-HA,974,1,2180,0,1,2182,T
4-HA,975,0,2144,0,1,2145,T
4-HA,976,2162,0,1,0,2163,A
4-HA,977,2140,0,0,0,2140,A
4-HA,978,0,8,2154,0,2162,G
4-HA,979,1,2,0,2153,2156,C
4-HA,980,2089,0,0,0,2089,A
4-HA,981,2084,0,0,1,2085,A
4-HA,982,2064,1,2,0,2067,A
4-HA,983,2069,0,1,0,2070,A
4-HA,984,0,0,0,2077,2077,C
4-HA,985,2052,0,0,0,2052,A
4-HA,986,2,2,0,2066,2070,C
4-HA,987,1,2028,0,3,2032,T
4-HA,988,7,0,0,2037,2044,C
4-HA,989,1,2041,0,3,2045,T
4-HA,990,0,7,2064,0,2071,G
4-HA,991,2067,0,1,0,2068,A
4-HA,992,2064,0,2,0,2066,A
4-HA,993,2071,0,1,0,2072,A
4-HA,994,0,2056,0,0,2056,T
4-HA,995,0,2032,0,1,2033,T
4-HA,996,1,5,2045,0,2051,G
4-HA,997,3,1,2042,0,2046,G
4-HA,998,2,0,0,2058,2060,C
4-HA,999,2038,1,0,0,2039,A
4-HA,1000,2041,0,2,1,2044,A
4-HA,1001,1,0,0,2048,2049,C
4-HA,1002,2037,0,2,0,2039,A
4-HA,1003,1,7,2059,0,2067,G
4-HA,1004,0,3,2044,0,2047,G
4-HA,1005,1,7,2036,0,2044,G
4-HA,1006,2044,0,2,0,2046,A
4-HA,1007,0,2029,0,2,2031,T
4-HA,1008,0,3,2030,0,2033,G
4-HA,1009,5,1,0,2028,2034,C
4-HA,1010,0,3,2036,1,2040,G
4-HA,1011,2061,0,0,0,2061,A
4-HA,1012,2023,0,1,0,2024,A
4-HA,1013,2038,0,1,0,2039,A
4-HA,1014,2,2018,0,1,2021,T
4-HA,1015,3,0,2037,0,2040,G
4-HA,1016,0,2035,0,0,2035,T
4-HA,1017,2030,0,0,0,2030,A
4-HA,1018,1,0,0,2025,2026,C
4-HA,1019,2,2,1,2012,2017,C
4-HA,1020,1964,2,0,0,1966,A
4-HA,1021,0,6,1963,0,1969,G
4-HA,1022,1935,0,2,0,1937,A
4-HA,1023,4,5,1950,0,1959,G
4-HA,1024,1921,1,2,0,1924,A
4-HA,1025,1915,0,3,0,1918,A
4-HA,1026,1924,0,3,0,1927,A
4-HA,1027,1,0,0,1930,1931,C
4-HA,1028,1925,0,1,0,1926,A
4-HA,1029,1955,0,0,0,1955,A
4-HA,1030,1953,0,2,0,1955,A
4-HA,1031,2,0,0,1970,1972,C
4-HA,1032,0,1947,0,0,1947,T
4-HA,1033,1927,0,0,0,1927,A
4-HA,1034,0,5,1931,0,1936,G
4-HA,1035,1921,0,2,0,1923,A
4-HA,1036,0,3,1965,1,1969,G
4-HA,1037,0,0,1964,0,1964,G
4-HA,1038,0,1,0,1925,1926,C
4-HA,1039,1925,0,1,0,1926,A
4-HA,1040,0,1916,0,0,1916,T
4-HA,1041,1932,0,0,0,1932,A
4-HA,1042,1,1922,0,1,1924,T
4-HA,1043,0,1916,0,2,1918,T
4-HA,1044,0,1917,0,2,1919,T
4-HA,1045,1,5,1819,0,1825,G
4-HA,1046,1,0,1830,0,1831,G
4-HA,1047,2,1,0,1822,1825,C
4-HA,1048,4,3,1817,1,1825,G
4-HA,1049,0,0,0,1811,1811,C
4-HA,1050,1798,0,0,0,1798,A
4-HA,1051,1810,0,0,0,1810,A
4-HA,1052,1,1811,1,1,1814,T
4-HA,1053,2,1,0,1811,1814,C
4-HA,1054,0,0,1817,0,1817,G
4-HA,1055,2,3,1,1800,1806,C
4-HA,1056,2,6,1798,0,1806,G
4-HA,1057,1,1,1814,0,1816,G
4-HA,1058,0,0,1815,0,1815,G
4-HA,1059,0,1805,0,5,1810,T
4-HA,1060,0,1783,0,1,1784,T
4-HA,1061,1,1781,1,0,1783,T
4-HA,1062,8,0,0,1778,1786,C
4-HA,1063,1792,0,3,0,1795,A
4-HA,1064,0,1796,0,0,1796,T
4-HA,1065,1792,0,0,0,1792,A
4-HA,1066,0,0,1812,0,1812,G
4-HA,1067,1758,0,0,0,1758,A
4-HA,1068,1757,0,2,0,1759,A
4-HA,1069,1753,0,2,1,1756,A
4-HA,1070,1763,0,1,0,1764,A
4-HA,1071,0,1759,0,0,1759,T
4-HA,1072,0,2,1764,0,1766,G
4-HA,1073,1,2,1765,0,1768,G
4-HA,1074,0,1746,0,2,1748,T
4-HA,1075,0,1701,0,0,1701,T
4-HA,1076,1,4,1697,0,1702,G
4-HA,1077,1,1,1711,0,1713,G
4-HA,1078,1,6,1712,0,1719,G
4-HA,1079,1685,0,1,0,1686,A
4-HA,1080,1,7,1699,0,1707,G
4-HA,1081,0,2,1672,0,1674,G
4-HA,1082,0,6,1687,0,1693,G
4-HA,1083,1681,0,2,0,1683,A
4-HA,1084,1705,0,2,0,1707,A
4-HA,1085,0,1701,0,1,1702,T
4-HA,1086,0,2,1715,0,1717,G
4-HA,1087,0,1,1741,0,1742,G
4-HA,1088,2,1720,0,1,1723,T
4-HA,1089,0,6,1712,1,1719,G
4-HA,1090,2,2,1702,0,1706,G
4-HA,1091,1678,0,2,0,1680,A
4-HA,1092,0,1668,0,1,1669,T
4-HA,1093,0,6,1687,0,1693,G
4-HA,1094,0,1,1712,0,1713,G
4-HA,1095,0,1688,0,2,1690,T
4-HA,1096,0,1642,0,0,1642,T
4-HA,1097,1,9,1631,0,1641,G
4-HA,1098,1,2,1667,0,1670,G
4-HA,1099,0,1663,0,3,1666,T
4-HA,1100,1671,0,0,0,1671,A
4-HA,1101,0,1,0,1568,1569,C
4-HA,1102,1,3,1577,0,1581,G
4-HA,1103,1,1,1636,0,1638,G
4-HA,1104,0,1634,1,2,1637,T
4-HA,1105,0,1634,0,3,1637,T
4-HA,1106,0,1635,0,0,1635,T
4-HA,1107,5,0,0,1594,1599,C
4-HA,1108,1594,0,0,1,1595,A
4-HA,1109,3,2,1590,0,1595,G
4-HA,1110,0,1,1596,0,1597,G
4-HA,1111,0,1,0,1590,1591,C
4-HA,1112,1529,0,0,0,1529,A
4-HA,1113,1,1530,0,1,1532,T
4-HA,1114,6,0,0,1530,1536,C
4-HA,1115,1541,0,2,0,1543,A
4-HA,1116,1539,0,1,0,1540,A
4-HA,1117,1541,0,0,1,1542,A
4-HA,1118,1552,0,0,0,1552,A
4-HA,1119,0,1551,0,0,1551,T
4-HA,1120,0,1542,0,0,1542,T
4-HA,1121,9,1,0,1534,1544,C
4-HA,1122,0,1534,0,0,1534,T
4-HA,1123,0,1,1534,0,1535,G
4-HA,1124,1527,1,0,0,1528,A
4-HA,1125,1518,0,2,0,1520,A
4-HA,1126,1,2,1536,0,1539,G
4-HA,1127,1,3,1566,0,1570,G
4-HA,1128,1561,1,1,0,1563,A
4-HA,1129,1566,0,0,0,1566,A
4-HA,1130,0,2,1553,0,1555,G
4-HA,1131,1561,1,1,0,1563,A
4-HA,1132,0,2,1581,0,1583,G
4-HA,1133,0,8,1584,0,1592,G
4-HA,1134,1590,0,2,0,1592,A
4-HA,1135,0,1,0,1588,1589,C
4-HA,1136,1572,0,2,0,1574,A
4-HA,1137,1568,1,3,2,1574,A
4-HA,1138,0,0,1570,0,1570,G
4-HA,1139,1,0,0,1579,1580,C
4-HA,1140,1559,0,0,0,1559,A
4-HA,1141,0,0,1559,0,1559,G
4-HA,1142,4,0,0,1550,1554,C
4-HA,1143,1545,1,1,0,1547,A
4-HA,1144,2,1,1564,0,1567,G
4-HA,1145,1548,0,1,0,1549,A
4-HA,1146,0,1582,0,4,1586,T
4-HA,1147,4,1,0,1592,1597,C
4-HA,1148,0,1585,0,2,1587,T
4-HA,1149,7,0,0,1599,1606,C
4-HA,1150,1599,0,1,0,1600,A
4-HA,1151,1600,0,3,0,1603,A
4-HA,1152,1600,2,0,0,1602,A
4-HA,1153,1579,0,4,0,1583,A
4-HA,1154,0,1,1579,0,1580,G
4-HA,1155,2,0,0,1544,1546,C
4-HA,1156,1532,0,1,0,1533,A
4-HA,1157,0,0,0,1564,1564,C
4-HA,1158,0,1547,0,4,1551,T
4-HA,1159,4,2,0,1553,1559,C
4-HA,1160,1554,1,1,0,1556,A
4-HA,1161,1586,0,2,0,1588,A
4-HA,1162,0,2,1586,0,1588,G
4-HA,1163,0,2,0,1583,1585,C
4-HA,1164,1564,1,3,0,1568,A
4-HA,1165,0,0,1577,0,1577,G
4-HA,1166,0,1,0,1546,1547,C
4-HA,1167,1538,0,2,0,1540,A
4-HA,1168,1536,0,0,1,1537,A
4-HA,1169,0,1527,0,1,1528,T
4-HA,1170,3,0,0,1497,1500,C
4-HA,1171,1,1,1507,0,1509,G
4-HA,1172,1510,0,0,0,1510,A
4-HA,1173,1,1502,0,1,1504,T
4-HA,1174,13,0,1,1485,1499,C
4-HA,1175,1488,0,0,0,1488,A
4-HA,1176,1529,0,0,0,1529,A
4-HA,1177,1534,0,1,0,1535,A
4-HA,1178,0,1530,0,0,1530,T
4-HA,1179,8,0,0,1524,1532,C
4-HA,1180,1521,0,0,0,1521,A
4-HA,1181,1534,0,0,0,1534,A
4-HA,1182,0,1532,0,1,1533,T
4-HA,1183,1,4,1535,0,1540,G
4-HA,1184,0,2,1525,0,1527,G
4-HA,1185,1,3,1502,0,1506,G
4-HA,1186,1516,0,1,0,1517,A
4-HA,1187,1510,0,2,0,1512,A
4-HA,1188,0,2,1531,0,1533,G
4-HA,1189,1,0,0,1543,1544,C
4-HA,1190,0,1522,0,1,1523,T
4-HA,1191,0,4,1583,0,1587,G
4-HA,1192,1583,0,1,0,1584,A
4-HA,1193,1587,1,0,0,1588,A
4-HA,1194,2,1589,0,0,1591,T
4-HA,1195,1544,0,1,0,1545,A
4-HA,1196,0,1,1544,0,1545,G
4-HA,1197,1401,0,1,0,1402,A
4-HA,1198,0,1402,0,0,1402,T
4-HA,1199,0,1413,0,0,1413,T
4-HA,1200,1,4,1419,0,1424,G
4-HA,1201,1408,1,0,0,1409,A
4-HA,1202,0,1407,0,0,1407,T
4-HA,1203,7,0,0,1403,1410,C
4-HA,1204,1,2,1405,0,1408,G
4-HA,1205,0,1,1407,0,1408,G
4-HA,1206,2,5,1414,0,1421,G
4-HA,1207,1412,0,0,0,1412,A
4-HA,1208,1416,0,0,1,1417,A
4-HA,1209,1410,0,1,2,1413,A
4-HA,1210,1422,0,1,0,1423,A
4-HA,1211,1,1,0,1423,1425,C
4-HA,1212,5,0,0,1417,1422,C
4-HA,1213,1404,0,1,0,1405,A
4-HA,1214,1400,0,0,0,1400,A
4-HA,1215,0,0,0,1401,1401,C
4-HA,1216,0,2,1408,0,1410,G
4-HA,1217,1409,0,0,0,1409,A
4-HA,1218,1,4,1404,0,1409,G
4-HA,1219,1406,0,0,0,1406,A
4-HA,1220,1407,0,1,0,1408,A
4-HA,1221,1408,0,2,0,1410,A
4-HA,1222,1,1418,0,1,1420,T
4-HA,1223,0,1415,0,1,1416,T
4-HA,1224,2,1,1,1417,1421,C
4-HA,1225,2,1,0,1412,1415,C
4-HA,1226,1417,1,0,0,1418,A
4-HA,1227,0,1414,0,0,1414,T
4-HA,1228,0,0,0,1416,1416,C
4-HA,1229,1404,0,0,0,1404,A
4-HA,1230,0,2,1418,0,1420,G
4-HA,1231,1406,0,1,0,1407,A
4-HA,1232,0,1409,0,0,1409,T
4-HA,1233,0,1397,0,0,1397,T
4-HA,1234,0,4,1411,0,1415,G
4-HA,1235,1413,0,2,0,1415,A
4-HA,1236,1417,1,0,0,1418,A
4-HA,1237,1420,0,0,0,1420,A
4-HA,1238,1422,1,0,0,1423,A
4-HA,1239,1404,0,0,0,1404,A
4-HA,1240,0,3,1405,0,1408,G
4-HA,1241,1402,1,1,0,1404,A
4-HA,1242,1403,0,1,0,1404,A
4-HA,1243,0,1383,0,0,1383,T
4-HA,1244,1,1385,0,1,1387,T
4-HA,1245,5,3,0,1382,1390,C
4-HA,1246,1,1384,1,2,1388,T
4-HA,1247,4,0,0,1388,1392,C
4-HA,1248,1390,0,1,0,1391,A
4-HA,1249,0,1,1387,0,1388,G
4-HA,1250,1385,0,1,0,1386,A
4-HA,1251,1371,0,0,0,1371,A
4-HA,1252,0,1,1393,0,1394,G
4-HA,1253,1,1388,0,0,1389,T
4-HA,1254,3,0,1,1385,1389,C
4-HA,1255,0,1,1384,1,1386,G
4-HA,1256,1383,0,1,1,1385,A
4-HA,1257,1385,0,3,0,1388,A
4-HA,1258,1,4,1380,0,1385,G
4-HA,1259,0,3,1392,0,1395,G
4-HA,1260,0,2,1397,0,1399,G
4-HA,1261,1363,1,0,0,1364,A
4-HA,1262,1,4,1369,0,1374,G
4-HA,1263,1369,0,0,0,1369,A
4-HA,1264,1456,0,2,1,1459,A
4-HA,1265,1,1456,0,1,1458,T
4-HA,1266,0,1449,0,0,1449,T
4-HA,1267,7,0,0,1447,1454,C
4-HA,1268,1429,1,1,0,1431,A
4-HA,1269,0,1,1430,0,1431,G
4-HA,1270,3,6,1423,0,1432,G
4-HA,1271,1430,0,1,0,1431,A
4-HA,1272,2,1,0,1428,1431,C
4-HA,1273,2,0,0,1288,1290,C
4-HA,1274,0,1274,0,1,1275,T
4-HA,1275,0,1267,0,20,1287,T
4-HA,1276,0,3,1293,0,1296,G
4-HA,1277,1296,0,0,0,1296,A
4-HA,1278,1,6,1320,0,1327,G
4-HA,1279,1308,0,0,0,1308,A
4-HA,1280,1265,0,0,0,1265,A
4-HA,1281,1253,0,0,0,1253,A
4-HA,1282,0,1230,1,1,1232,T
4-HA,1283,1266,0,1,0,1267,A
4-HA,1284,0,1266,0,0,1266,T
4-HA,1285,0,1,1267,0,1268,G
4-HA,1286,0,1268,1,0,1269,T
4-HA,1287,1,1221,0,1,1223,T
4-HA,1288,2,1,1223,0,1226,G
4-HA,1289,1212,0,1,0,1213,A
4-HA,1290,0,5,1214,0,1219,G
4-HA,1291,1,5,1213,0,1219,G
4-HA,1292,1174,0,3,0,1177,A
4-HA,1293,0,0,0,1219,1219,C
4-HA,1294,1194,0,0,0,1194,A
4-HA,1295,1,0,0,1241,1242,C
4-HA,1296,1,1,0,1239,1241,C
4-HA,1297,1243,0,0,0,1243,A
4-HA,1298,1280,0,0,0,1280,A
4-HA,1299,1275,0,1,0,1276,A
4-HA,1300,1292,0,1,0,1293,A
4-HA,1301,0,1294,0,0,1294,T
4-HA,1302,1259,1,0,0,1260,A
4-HA,1303,0,3,1267,0,1270,G
4-HA,1304,1247,0,0,0,1247,A
4-HA,1305,0,1267,0,0,1267,T
4-HA,1306,2,1,0,1266,1269,C
4-HA,1307,0,1240,0,0,1240,T
4-HA,1308,4,0,1,1267,1272,C
4-HA,1309,0,1262,0,3,1265,T
4-HA,1310,1,3,1290,0,1294,G
4-HA,1311,0,1,1329,0,1330,G
4-HA,1312,0,1317,0,4,1321,T
4-HA,1313,7,0,0,1319,1326,C
4-HA,1314,1336,0,1,0,1337,A
4-HA,1315,0,1340,0,1,1341,T
4-HA,1316,1339,0,1,0,1340,A
4-HA,1317,0,1,0,1343,1344,C
4-HA,1318,1300,0,1,1,1302,A
4-HA,1319,1311,0,0,0,1311,A
4-HA,1320,0,1,1,1283,1285,C
4-HA,1321,1,0,1283,0,1284,G
4-HA,1322,1,1,0,1279,1281,C
4-HA,1323,1,2,1263,0,1266,G
4-HA,1324,0,2,1280,0,1282,G
4-HA,1325,1281,0,1,0,1282,A
4-HA,1326,1,0,1308,0,1309,G
4-HA,1327,0,0,0,1309,1309,C
4-HA,1328,0,1302,0,1,1303,T
4-HA,1329,0,1315,2,1,1318,T
4-HA,1330,3,0,0,1312,1315,C
4-HA,1331,0,1319,0,1,1320,T
4-HA,1332,0,1325,0,0,1325,T
4-HA,1333,0,0,1318,0,1318,G
4-HA,1334,1,1311,1,2,1315,T
4-HA,1335,1,1293,0,1,1295,T
4-HA,1336,1,2,1316,0,1319,G
4-HA,1337,2,0,0,1310,1312,C
4-HA,1338,2,0,0,1303,1305,C
4-HA,1339,2,2,0,1311,1315,C
4-HA,1340,0,1308,0,1,1309,T
4-HA,1341,0,0,1328,0,1328,G
4-HA,1342,0,3,1320,0,1323,G
4-HA,1343,1324,0,4,0,1328,A
4-HA,1344,0,5,1338,0,1343,G
4-HA,1345,1312,0,0,0,1312,A
4-HA,1346,1314,0,0,0,1314,A
4-HA,1347,1,0,0,1330,1331,C
4-HA,1348,3,1,0,1328,1332,C
4-HA,1349,1325,1,1,0,1327,A
4-HA,1350,1374,0,3,0,1377,A
4-HA,1351,0,1,0,1393,1394,C
4-HA,1352,1398,0,1,0,1399,A
4-HA,1353,0,1391,0,0,1391,T
4-HA,1354,1387,1,0,0,1388,A
4-HA,1355,1,1,0,1418,1420,C
4-HA,1356,1393,0,0,0,1393,A
4-HA,1357,1392,0,0,0,1392,A
4-HA,1358,0,1389,1,1,1391,T
4-HA,1359,0,1332,0,2,1334,T
4-HA,1360,0,8,1348,0,1356,G
4-HA,1361,1375,0,0,0,1375,A
4-HA,1362,0,1369,1,2,1372,T
4-HA,1363,3,0,0,1378,1381,C
4-HA,1364,0,1355,1,0,1356,T
4-HA,1365,1367,1,0,0,1368,A
4-HA,1366,1362,1,0,0,1363,A
4-HA,1367,0,0,0,1369,1369,C
4-HA,1368,0,1358,0,0,1358,T
4-HA,1369,0,9,1338,0,1347,G
4-HA,1370,1347,0,1,0,1348,A
4-HA,1371,0,0,0,1350,1350,C
4-HA,1372,0,1349,0,0,1349,T
4-HA,1373,4,0,0,1348,1352,C
4-HA,1374,1344,0,1,0,1345,A
4-HA,1375,1,5,1376,0,1382,G
4-HA,1376,1378,0,0,0,1378,A
4-HA,1377,1379,0,0,0,1379,A
4-HA,1378,1380,0,1,1,1382,A
4-HA,1379,1,1381,0,0,1382,T
4-HA,1380,1,8,1397,0,1406,G
4-HA,1381,1406,0,1,0,1407,A
4-HA,1382,1405,0,1,0,1406,A
4-HA,1383,0,1,0,1407,1408,C
4-HA,1384,1375,0,1,0,1376,A
4-HA,1385,1377,0,2,0,1379,A
4-HA,1386,1377,0,1,0,1378,A
4-HA,1387,2,1,0,1382,1385,C
4-HA,1388,1,1375,0,0,1376,T
4-HA,1389,1,0,1382,0,1383,G
4-HA,1390,0,1362,0,0,1362,T
4-HA,1391,0,1361,1,1,1363,T
4-HA,1392,0,1357,1,3,1361,T
4-HA,1393,0,1,1362,0,1363,G
4-HA,1394,1360,1,1,0,1362,A
4-HA,1395,1364,0,0,1,1365,A
4-HA,1396,1357,2,2,0,1361,A
4-HA,1397,1364,1,0,0,1365,A
4-HA,1398,1358,0,0,0,1358,A
4-HA,1399,1364,0,0,0,1364,A
4-HA,1400,2,1,0,1367,1370,C
4-HA,1401,1369,0,2,0,1371,A
4-HA,1402,1368,0,1,0,1369,A
4-HA,1403,1371,0,1,0,1372,A
4-HA,1404,1,2,1376,0,1379,G
4-HA,1405,1384,0,0,0,1384,A
4-HA,1406,1369,0,5,0,1374,A
4-HA,1407,0,0,1380,0,1380,G
4-HA,1408,2,0,0,1374,1376,C
4-HA,1409,1380,0,1,0,1381,A
4-HA,1410,1381,1,0,0,1382,A
4-HA,1411,1,0,0,1387,1388,C
4-HA,1412,0,1380,0,1,1381,T
4-HA,1413,0,2,1390,0,1392,G
4-HA,1414,1373,0,3,0,1376,A
4-HA,1415,1,5,1382,0,1388,G
4-HA,1416,1,3,1387,0,1391,G
4-HA,1417,0,2,1385,0,1387,G
4-HA,1418,1387,0,1,0,1388,A
4-HA,1419,1379,0,0,0,1379,A
4-HA,1420,1376,1,2,0,1379,A
4-HA,1421,1403,0,2,0,1405,A
4-HA,1422,0,1399,0,1,1400,T
4-HA,1423,0,0,1409,0,1409,G
4-HA,1424,1,0,0,1408,1409,C
4-HA,1425,0,1383,0,2,1385,T
4-HA,1426,0,2,1385,0,1387,G
4-HA,1427,1389,0,0,0,1389,A
4-HA,1428,1,0,1477,0,1478,G
4-HA,1429,0,2,1496,0,1498,G
4-HA,1430,1478,0,1,0,1479,A
4-HA,1431,1,1471,0,0,1472,T
4-HA,1432,1458,0,1,0,1459,A
4-HA,1433,0,1454,0,1,1455,T
4-HA,1434,0,2,1459,0,1461,G
4-HA,1435,0,4,1478,0,1482,G
4-HA,1436,0,2,1478,0,1480,G
4-HA,1437,0,2,0,1420,1422,C
4-HA,1438,1381,0,0,0,1381,A
4-HA,1439,1383,0,0,1,1384,A
4-HA,1440,0,1384,0,3,1387,T
4-HA,1441,0,1,1386,0,1387,G
4-HA,1442,0,2,1386,0,1388,G
4-HA,1443,1,1358,0,0,1359,T
4-HA,1444,0,1329,0,0,1329,T
4-HA,1445,0,1,1332,0,1333,G
4-HA,1446,2,1338,0,1,1341,T
4-HA,1447,0,1339,0,1,1340,T
4-HA,1448,0,1345,0,0,1345,T
4-HA,1449,3,0,0,1340,1343,C
4-HA,1450,1340,0,0,0,1340,A
4-HA,1451,1351,0,0,0,1351,A
4-HA,1452,1354,0,0,0,1354,A
4-HA,1453,1365,0,3,0,1368,A
4-HA,1454,1,1361,0,0,1362,T
4-HA,1455,1344,0,0,0,1344,A
4-HA,1456,0,1345,0,2,1347,T
4-HA,1457,1344,2,0,0,1346,A
4-HA,1458,2,0,0,1369,1371,C
4-HA,1459,3,0,0,1364,1367,C
4-HA,1460,1362,0,1,0,1363,A
4-HA,1461,1,1,1,1368,1371,C
4-HA,1462,1364,0,2,0,1366,A
4-HA,1463,1369,0,0,0,1369,A
4-HA,1464,1367,0,2,0,1369,A
4-HA,1465,0,1365,0,1,1366,T
4-HA,1466,0,0,1370,0,1370,G
4-HA,1467,0,1347,0,2,1349,T
4-HA,1468,0,6,1360,0,1366,G
4-HA,1469,1364,0,5,0,1369,A
4-HA,1470,0,1,0,1364,1365,C
4-HA,1471,1342,0,3,0,1345,A
4-HA,1472,1340,0,0,0,1340,A
4-HA,1473,0,1364,0,0,1364,T
4-HA,1474,0,2,1367,1,1370,G
4-HA,1475,2,0,0,1356,1358,C
4-HA,1476,2,1,0,1358,1361,C
4-HA,1477,1,1354,0,0,1355,T
4-HA,1478,0,2,1427,0,1429,G
4-HA,1479,1,0,1,1428,1430,C
4-HA,1480,1428,0,0,0,1428,A
4-HA,1481,1,1427,0,1,1429,T
4-HA,1482,1376,0,4,0,1380,A
4-HA,1483,0,3,1394,0,1397,G
4-HA,1484,0,9,1382,0,1391,G
4-HA,1485,1388,0,0,0,1388,A
4-HA,1486,0,1382,0,0,1382,T
4-HA,1487,5,0,0,1306,1311,C
4-HA,1488,1317,1,1,0,1319,A
4-HA,1489,1324,0,0,0,1324,A
4-HA,1490,0,1323,0,2,1325,T
4-HA,1491,2,1,0,1325,1328,C
4-HA,1492,1305,0,0,0,1305,A
4-HA,1493,0,2,1315,0,1317,G
4-HA,1494,1318,0,0,0,1318,A
4-HA,1495,1316,0,0,0,1316,A
4-HA,1496,1313,0,2,0,1315,A
4-HA,1497,0,1306,0,1,1307,T
4-HA,1498,1,2,1300,0,1303,G
4-HA,1499,0,5,1303,0,1308,G
4-HA,1500,1305,0,1,0,1306,A
4-HA,1501,1317,0,1,0,1318,A
4-HA,1502,1,1,0,1309,1311,C
4-HA,1503,0,1296,0,0,1296,T
4-HA,1504,0,1301,0,0,1301,T
4-HA,1505,1303,0,0,0,1303,A
4-HA,1506,0,1303,0,0,1303,T
4-HA,1507,0,3,1304,0,1307,G
4-HA,1508,1302,0,3,0,1305,A
4-HA,1509,0,0,0,1306,1306,C
4-HA,1510,3,0,0,1289,1292,C
4-HA,1511,1290,0,0,0,1290,A
4-HA,1512,1,1,0,1328,1330,C
4-HA,1513,0,2,1365,0,1367,G
4-HA,1514,1405,0,0,0,1405,A
4-HA,1515,0,1419,0,1,1420,T
4-HA,1516,0,0,1468,0,1468,G
4-HA,1517,0,1458,0,1,1459,T
4-HA,1518,1513,0,1,0,1514,A
4-HA,1519,0,1512,0,1,1513,T
4-HA,1520,1507,0,0,0,1507,A
4-HA,1521,0,1,0,1506,1507,C
4-HA,1522,1338,1,0,0,1339,A
4-HA,1523,0,2,1351,0,1353,G
4-HA,1524,1272,1,1,0,1274,A
4-HA,1525,0,0,1235,0,1235,G
4-HA,1526,1229,0,2,0,1231,A
4-HA,1527,0,1161,0,0,1161,T
4-HA,1528,4,6,1147,0,1157,G
4-HA,1529,1155,0,0,0,1155,A
4-HA,1530,1149,1,2,0,1152,A
4-HA,1531,0,0,1188,0,1188,G
4-HA,1532,1,0,0,1149,1150,C
4-HA,1533,1151,0,0,0,1151,A
4-HA,1534,0,1144,0,1,1145,T
4-HA,1535,0,1137,0,0,1137,T
4-HA,1536,1145,0,2,0,1147,A
4-HA,1537,1145,0,0,0,1145,A
4-HA,1538,1145,0,0,1,1146,A
4-HA,1539,1,0,0,1148,1149,C
4-HA,1540,1104,0,0,0,1104,A
4-HA,1541,1110,0,0,0,1110,A
4-HA,1542,0,0,0,1108,1108,C
4-HA,1543,0,0,0,1105,1105,C
4-HA,1544,1,1,1103,0,1105,G
4-HA,1545,1,0,1117,0,1118,G
4-HA,1546,0,1126,0,1,1127,T
4-HA,1547,0,1124,0,2,1126,T
4-HA,1548,4,0,0,1117,1121,C
4-HA,1549,1,0,0,1123,1124,C
4-HA,1550,1115,0,2,0,1117,A
4-HA,1551,0,1,1138,0,1139,G
4-HA,1552,1135,0,0,0,1135,A
4-HA,1553,0,1127,0,1,1128,T
4-HA,1554,3,0,0,1098,1101,C
4-HA,1555,1095,0,1,0,1096,A
4-HA,1556,1100,1,1,0,1102,A
4-HA,1557,0,3,1098,0,1101,G
4-HA,1558,0,0,1098,0,1098,G
4-HA,1559,0,4,1091,0,1095,G
4-HA,1560,1053,1,0,0,1054,A
4-HA,1561,0,1,1068,0,1069,G
4-HA,1562,0,1067,0,0,1067,T
4-HA,1563,0,1065,0,2,1067,T
4-HA,1564,2,10,1066,1,1079,G
4-HA,1565,1073,0,1,0,1074,A
4-HA,1566,0,0,1070,0,1070,G
4-HA,1567,1,0,0,1070,1071,C
4-HA,1568,0,1059,0,1,1060,T
4-HA,1569,0,1,1064,0,1065,G
4-HA,1570,1052,0,0,0,1052,A
4-HA,1571,1061,0,0,0,1061,A
4-HA,1572,1,0,1064,0,1065,G
4-HA,1573,0,1045,0,2,1047,T
4-HA,1574,6,0,0,1040,1046,C
4-HA,1575,1037,1,4,0,1042,A
4-HA,1576,0,0,1053,0,1053,G
4-HA,1577,0,2,1050,0,1052,G
4-HA,1578,1049,0,1,0,1050,A
4-HA,1579,0,1054,0,0,1054,T
4-HA,1580,1031,0,0,0,1031,A
4-HA,1581,0,0,0,1028,1028,C
4-HA,1582,1020,2,1,0,1023,A
4-HA,1583,1024,0,0,0,1024,A
4-HA,1584,1019,0,0,0,1019,A
4-HA,1585,0,0,1019,0,1019,G
4-HA,1586,987,0,0,0,987,A
4-HA,1587,1,975,0,0,976,T
4-HA,1588,0,968,0,0,968,T
4-HA,1589,1,5,957,0,963,G
4-HA,1590,1,2,954,0,957,G
4-HA,1591,962,0,1,0,963,A
4-HA,1592,1,970,0,1,972,T
4-HA,1593,0,0,0,970,970,C
4-HA,1594,3,1,0,954,958,C
4-HA,1595,0,945,0,1,946,T
4-HA,1596,953,0,0,0,953,A
4-HA,1597,0,949,0,1,950,T
4-HA,1598,0,4,950,1,955,G
4-HA,1599,0,2,944,0,946,G
4-HA,1600,930,0,0,0,930,A
4-HA,1601,0,926,0,1,927,T
4-HA,1602,0,910,0,0,910,T
4-HA,1603,0,911,0,0,911,T
4-HA,1604,4,0,0,910,914,C
4-HA,1605,0,1,0,911,912,C
4-HA,1606,0,894,0,0,894,T
4-HA,1607,0,890,0,0,890,T
4-HA,1608,1,881,0,4,886,T
4-HA,1609,0,1,892,0,893,G
4-HA,1610,0,0,0,890,890,C
4-HA,1611,3,0,0,887,890,C
4-HA,1612,873,0,0,0,873,A
4-HA,1613,0,871,0,0,871,T
4-HA,1614,879,0,0,0,879,A
4-HA,1615,0,876,0,1,877,T
4-HA,1616,1,0,0,874,875,C
4-HA,1617,871,0,0,0,871,A
4-HA,1618,0,855,0,0,855,T
4-HA,1619,0,0,863,0,863,G
4-HA,1620,0,855,0,0,855,T
4-HA,1621,0,844,0,0,844,T
4-HA,1622,2,839,0,1,842,T
4-HA,1623,0,818,0,0,818,T
4-HA,1624,0,819,0,0,819,T
4-HA,1625,0,816,0,0,816,T
4-HA,1626,0,0,823,0,823,G
4-HA,1627,0,0,0,820,820,C
4-HA,1628,0,800,0,3,803,T
4-HA,1629,1,800,0,0,801,T
4-HA,1630,0,797,0,0,797,T
4-HA,1631,0,0,818,0,818,G
4-HA,1632,0,818,0,0,818,T
4-HA,1633,1,0,815,0,816,G
4-HA,1634,0,819,0,0,819,T
4-HA,1635,2,796,0,0,798,T
4-HA,1636,2,0,803,0,805,G
4-HA,1637,1,0,0,803,804,C
4-HA,1638,0,799,0,0,799,T
4-HA,1639,0,804,0,0,804,T
4-HA,1640,0,764,0,1,765,T
4-HA,1641,0,0,767,0,767,G
4-HA,1642,0,765,0,1,766,T
4-HA,1643,0,759,0,1,760,T
4-HA,1644,0,2,762,0,764,G
4-HA,1645,0,2,740,0,742,G
4-HA,1646,0,2,736,0,738,G
4-HA,1647,0,0,739,0,739,G
4-HA,1648,0,724,0,1,725,T
4-HA,1649,0,723,0,0,723,T
4-HA,1650,4,0,0,708,712,C
4-HA,1651,697,0,0,0,697,A
4-HA,1652,0,701,0,1,702,T
4-HA,1653,3,0,0,699,702,C
4-HA,1654,705,0,0,0,705,A
4-HA,1655,0,679,0,0,679,T
4-HA,1656,0,0,678,0,678,G
4-HA,1657,0,662,0,2,664,T
4-HA,1658,0,4,651,0,655,G
4-HA,1659,1,2,636,0,639,G
4-HA,1660,0,1,635,0,636,G
4-HA,1661,0,0,0,613,613,C
4-HA,1662,1,0,0,605,606,C
4-HA,1663,0,579,0,0,579,T
4-HA,1664,1,0,585,0,586,G
4-HA,1665,1,0,0,583,584,C
4-HA,1666,2,0,0,584,586,C
4-HA,1667,584,0,0,0,584,A
4-HA,1668,583,0,0,0,583,A
4-HA,1669,583,0,0,0,583,A
4-HA,1670,580,0,1,0,581,A
4-HA,1671,578,0,1,1,580,A
4-HA,1672,0,2,576,0,578,G
4-HA,1673,0,0,558,0,558,G
4-HA,1674,1,0,0,549,550,C
4-HA,1675,554,0,1,0,555,A
4-HA,1676,561,0,0,0,561,A
4-HA,1677,0,0,0,559,559,C
4-HA,1678,560,0,0,0,560,A
4-HA,1679,0,559,0,0,559,T
4-HA,1680,0,553,0,0,553,T
4-HA,1681,534,0,0,0,534,A
4-HA,1682,0,0,530,0,530,G
4-HA,1683,0,0,531,0,531,G
4-HA,1684,0,516,0,0,516,T
4-HA,1685,0,0,472,0,472,G
4-HA,1686,0,0,0,447,447,C
4-HA,1687,438,0,1,0,439,A
4-HA,1688,439,0,0,0,439,A
4-HA,1689,0,0,0,438,438,C
4-HA,1690,428,0,0,0,428,A
4-HA,1691,0,421,0,0,421,T
4-HA,1692,0,393,0,1,394,T
4-HA,1693,0,392,0,1,393,T
4-HA,1694,1,0,389,0,390,G
4-HA,1695,0,0,0,385,385,C
4-HA,1696,384,0,1,0,385,A
4-HA,1697,0,362,0,1,363,T
4-HA,1698,0,348,0,0,348,T
4-HA,1699,0,336,0,0,336,T
4-HA,1700,0,0,333,0,333,G
4-HA,1701,317,0,0,0,317,A
5-NP,1,226,0,0,0,226,A
5-NP,2,0,227,0,0,227,T
5-NP,3,0,0,227,0,227,G
5-NP,4,0,0,229,0,229,G
5-NP,5,0,0,0,230,230,C
5-NP,6,0,0,238,0,238,G
5-NP,7,0,252,0,1,253,T
5-NP,8,1,0,0,256,257,C
5-NP,9,0,0,0,260,260,C
5-NP,10,1,0,0,260,261,C
5-NP,11,261,0,0,0,261,A
5-NP,12,259,0,1,0,260,A
5-NP,13,0,0,263,0,263,G
5-NP,14,1,0,269,0,270,G
5-NP,15,0,0,0,272,272,C
5-NP,16,273,0,0,0,273,A
5-NP,17,0,0,0,280,280,C
5-NP,18,0,0,0,281,281,C
5-NP,19,283,0,0,0,283,A
5-NP,20,282,1,0,0,283,A
5-NP,21,284,0,0,0,284,A
5-NP,22,0,2,0,281,283,C
5-NP,23,0,1,284,0,285,G
5-NP,24,0,0,305,0,305,G
5-NP,25,0,303,0,1,304,T
5-NP,26,2,0,0,323,325,C
5-NP,27,0,327,0,0,327,T
5-NP,28,0,331,0,0,331,T
5-NP,29,330,0,0,0,330,A
5-NP,30,0,330,0,0,330,T
5-NP,31,0,2,332,0,334,G
5-NP,32,333,0,2,0,335,A
5-NP,33,329,0,0,0,329,A
5-NP,34,0,0,0,330,330,C
5-NP,35,317,0,0,0,317,A
5-NP,36,0,0,352,0,352,G
5-NP,37,350,0,0,0,350,A
5-NP,38,0,350,0,0,350,T
5-NP,39,0,1,349,0,350,G
5-NP,40,0,1,351,0,352,G
5-NP,41,353,0,2,0,355,A
5-NP,42,358,0,1,0,359,A
5-NP,43,358,0,0,0,358,A
5-NP,44,0,0,0,374,374,C
5-NP,45,0,364,0,0,364,T
5-NP,46,0,2,374,0,376,G
5-NP,47,374,0,0,0,374,A
5-NP,48,0,373,0,1,374,T
5-NP,49,0,3,373,0,376,G
5-NP,50,0,3,375,0,378,G
5-NP,51,0,1,380,0,381,G
5-NP,52,0,1,380,0,381,G
5-NP,53,375,0,0,0,375,A
5-NP,54,0,374,0,0,374,T
5-NP,55,0,0,0,377,377,C
5-NP,56,0,0,379,0,379,G
5-NP,57,0,0,0,381,381,C
5-NP,58,0,0,0,384,384,C
5-NP,59,383,0,0,0,383,A
5-NP,60,0,0,394,0,394,G
5-NP,61,390,0,0,0,390,A
5-NP,62,397,0,0,0,397,A
5-NP,63,0,397,0,0,397,T
5-NP,64,1,0,397,0,398,G
5-NP,65,1,0,0,404,405,C
5-NP,66,400,0,0,0,400,A
5-NP,67,404,0,0,0,404,A
5-NP,68,0,0,0,402,402,C
5-NP,69,0,400,0,0,400,T
5-NP,70,0,1,403,0,404,G
5-NP,71,413,0,0,0,413,A
5-NP,72,0,1,439,0,440,G
5-NP,73,436,0,1,0,437,A
5-NP,74,0,436,0,0,436,T
5-NP,75,0,436,0,0,436,T
5-NP,76,435,0,0,0,435,A
5-NP,77,0,1,440,0,441,G
5-NP,78,0,1,441,0,442,G
5-NP,79,1,0,440,0,441,G
5-NP,80,0,0,0,435,435,C
5-NP,81,427,0,0,0,427,A
5-NP,82,0,431,0,0,431,T
5-NP,83,0,0,0,432,432,C
5-NP,84,1,0,0,435,436,C
5-NP,85,1,0,436,0,437,G
5-NP,86,0,430,1,0,431,T
5-NP,87,1,1,0,432,434,C
5-NP,88,0,0,437,0,437,G
5-NP,89,0,0,439,0,439,G
5-NP,90,0,2,438,0,440,G
5-NP,91,434,0,1,0,435,A
5-NP,92,439,0,0,0,439,A
5-NP,93,0,1,444,0,445,G
5-NP,94,443,0,0,0,443,A
5-NP,95,0,451,0,0,451,T
5-NP,96,1,1,451,0,453,G
5-NP,97,453,0,0,0,453,A
5-NP,98,0,456,0,0,456,T
5-NP,99,0,451,0,0,451,T
5-NP,100,0,0,453,0,453,G
5-NP,101,450,1,0,0,451,A
5-NP,102,0,447,0,0,447,T
5-NP,103,1,0,447,0,448,G
5-NP,104,0,3,438,0,441,G
5-NP,105,0,1,437,0,438,G
5-NP,106,472,0,1,0,473,A
5-NP,107,0,472,0,0,472,T
5-NP,108,0,474,0,0,474,T
5-NP,109,0,1,479,0,480,G
5-NP,110,0,0,477,0,477,G
5-NP,111,0,0,478,0,478,G
5-NP,112,478,0,0,0,478,A
5-NP,113,0,0,473,0,473,G
5-NP,114,463,0,0,0,463,A
5-NP,115,0,472,0,1,473,T
5-NP,116,1,472,0,0,473,T
5-NP,117,1,0,0,474,475,C
5-NP,118,0,473,0,0,473,T
5-NP,119,480,0,0,0,480,A
5-NP,120,0,0,0,479,479,C
5-NP,121,489,0,0,0,489,A
5-NP,122,0,492,0,0,492,T
5-NP,123,1,0,0,492,493,C
5-NP,124,3,0,0,491,494,C
5-NP,125,496,0,0,0,496,A
5-NP,126,509,0,0,0,509,A
5-NP,127,509,0,0,0,509,A
5-NP,128,0,503,0,0,503,T
5-NP,129,0,0,508,0,508,G
5-NP,130,0,498,0,0,498,T
5-NP,131,0,1,502,0,503,G
5-NP,132,0,1,0,500,501,C
5-NP,133,500,0,0,0,500,A
5-NP,134,0,0,0,501,501,C
5-NP,135,0,496,0,1,497,T
5-NP,136,1,4,508,0,513,G
5-NP,137,522,0,0,0,522,A
5-NP,138,534,0,0,0,534,A
5-NP,139,1,0,0,547,548,C
5-NP,140,0,540,0,1,541,T
5-NP,141,1,540,1,0,542,T
5-NP,142,545,0,0,0,545,A
5-NP,143,540,0,0,0,540,A
5-NP,144,547,0,0,0,547,A
5-NP,145,0,0,0,546,546,C
5-NP,146,0,520,0,0,520,T
5-NP,147,0,0,0,521,521,C
5-NP,148,518,0,0,0,518,A
5-NP,149,0,1,523,0,524,G
5-NP,150,0,523,0,0,523,T
5-NP,151,0,0,529,0,529,G
5-NP,152,535,0,0,0,535,A
5-NP,153,0,534,0,0,534,T
5-NP,154,6,0,0,541,547,C
5-NP,155,548,0,1,0,549,A
5-NP,156,0,546,0,0,546,T
5-NP,157,4,1,541,0,546,G
5-NP,158,541,0,0,0,541,A
5-NP,159,539,0,1,0,540,A
5-NP,160,0,1,536,0,537,G
5-NP,161,0,3,524,0,527,G
5-NP,162,0,3,526,0,529,G
5-NP,163,1,0,0,520,521,C
5-NP,164,0,0,528,0,528,G
5-NP,165,1,0,529,0,530,G
5-NP,166,1,527,0,0,528,T
5-NP,167,0,527,0,1,528,T
5-NP,168,0,1,531,0,532,G
5-NP,169,588,1,1,0,590,A
5-NP,170,1,589,0,0,590,T
5-NP,171,1,0,0,591,592,C
5-NP,172,1,0,0,588,589,C
5-NP,173,584,0,0,0,584,A
5-NP,174,0,2,586,0,588,G
5-NP,175,584,0,0,0,584,A
5-NP,176,586,0,0,0,586,A
5-NP,177,0,0,0,592,592,C
5-NP,178,543,0,0,0,543,A
5-NP,179,0,0,548,0,548,G
5-NP,180,0,0,0,548,548,C
5-NP,181,1,547,0,0,548,T
5-NP,182,0,554,0,0,554,T
5-NP,183,0,3,550,0,553,G
5-NP,184,557,0,0,0,557,A
5-NP,185,0,0,0,564,564,C
5-NP,186,554,0,0,0,554,A
5-NP,187,557,0,0,0,557,A
5-NP,188,0,547,0,1,548,T
5-NP,189,547,0,0,0,547,A
5-NP,190,0,3,550,0,553,G
5-NP,191,543,0,0,0,543,A
5-NP,192,0,1,548,0,549,G
5-NP,193,539,0,0,0,539,A
5-NP,194,555,0,0,0,555,A
5-NP,195,556,0,0,0,556,A
5-NP,196,565,0,0,0,565,A
5-NP,197,0,571,0,0,571,T
5-NP,198,0,3,568,0,571,G
5-NP,199,1,0,569,0,570,G
5-NP,200,0,560,1,0,561,T
5-NP,201,554,0,0,0,554,A
5-NP,202,1,0,0,555,556,C
5-NP,203,1,561,0,0,562,T
5-NP,204,2,0,0,571,573,C
5-NP,205,0,557,0,1,558,T
5-NP,206,2,0,0,563,565,C
5-NP,207,0,565,0,1,566,T
5-NP,208,0,1,566,0,567,G
5-NP,209,0,0,0,568,568,C
5-NP,210,0,564,0,2,566,T
5-NP,211,0,564,0,0,564,T
5-NP,212,0,562,0,0,562,T
5-NP,213,0,557,0,1,558,T
5-NP,214,0,4,559,0,563,G
5-NP,215,557,0,1,3,561,A
5-NP,216,0,561,0,0,561,T
5-NP,217,1,5,550,0,556,G
5-NP,218,556,1,0,0,557,A
5-NP,219,557,0,1,0,558,A
5-NP,220,556,0,1,0,557,A
5-NP,221,1,2,558,0,561,G
5-NP,222,557,0,0,0,557,A
5-NP,223,557,0,0,0,557,A
5-NP,224,0,1,558,0,559,G
5-NP,225,0,2,566,0,568,G
5-NP,226,575,0,0,0,575,A
5-NP,227,578,0,1,0,579,A
5-NP,228,0,580,0,0,580,T
5-NP,229,579,0,0,0,579,A
5-NP,230,581,0,1,0,582,A
5-NP,231,583,0,0,0,583,A
5-NP,232,0,581,0,0,581,T
5-NP,233,586,0,1,0,587,A
5-NP,234,0,0,0,585,585,C
5-NP,235,0,0,0,577,577,C
5-NP,236,0,575,0,0,575,T
5-NP,237,0,0,580,0,580,G
5-NP,238,0,1,583,0,584,G
5-NP,239,587,0,0,0,587,A
5-NP,240,588,0,0,0,588,A
5-NP,241,0,2,597,0,599,G
5-NP,242,597,1,0,0,598,A
5-NP,243,592,0,0,0,592,A
5-NP,244,0,0,0,595,595,C
5-NP,245,591,0,0,0,591,A
5-NP,246,0,0,0,607,607,C
5-NP,247,2,0,0,595,597,C
5-NP,248,2,0,0,600,602,C
5-NP,249,1,1,0,599,601,C
5-NP,250,593,0,0,0,593,A
5-NP,251,0,0,595,0,595,G
5-NP,252,1,0,0,595,596,C
5-NP,253,0,0,593,0,593,G
5-NP,254,1,1,0,592,594,C
5-NP,255,0,0,581,0,581,G
5-NP,256,0,0,588,0,588,G
5-NP,257,0,3,583,0,586,G
5-NP,258,0,0,589,0,589,G
5-NP,259,589,0,1,0,590,A
5-NP,260,588,0,0,0,588,A
5-NP,261,583,1,0,0,584,A
5-NP,262,0,2,582,1,585,G
5-NP,263,576,0,3,0,579,A
5-NP,264,0,577,0,0,577,T
5-NP,265,1,1,0,572,574,C
5-NP,266,3,0,0,575,578,C
5-NP,267,1,0,0,578,579,C
5-NP,268,582,0,0,0,582,A
5-NP,269,581,0,0,0,581,A
5-NP,270,0,0,589,0,589,G
5-NP,271,584,0,2,0,586,A
5-NP,272,589,0,0,1,590,A
5-NP,273,586,0,0,0,586,A
5-NP,274,590,0,0,0,590,A
5-NP,275,0,0,0,588,588,C
5-NP,276,0,585,0,0,585,T
5-NP,277,0,4,584,0,588,G
5-NP,278,0,0,590,0,590,G
5-NP,279,0,1,588,0,589,G
5-NP,280,0,0,589,0,589,G
5-NP,281,0,3,583,0,586,G
5-NP,282,1,0,598,0,599,G
5-NP,283,1,0,0,640,641,C
5-NP,284,3,0,0,636,639,C
5-NP,285,5,2,0,638,645,C
5-NP,286,723,0,0,1,724,A
5-NP,287,0,725,0,0,725,T
5-NP,288,776,1,0,0,777,A
5-NP,289,0,775,0,0,775,T
5-NP,290,769,0,0,0,769,A
5-NP,291,1,0,0,775,776,C
5-NP,292,703,0,0,0,703,A
5-NP,293,1,2,708,0,711,G
5-NP,294,0,3,708,0,711,G
5-NP,295,639,0,0,0,639,A
5-NP,296,0,3,642,0,645,G
5-NP,297,608,0,0,0,608,A
5-NP,298,0,0,612,0,612,G
5-NP,299,0,610,0,0,610,T
5-NP,300,609,0,0,0,609,A
5-NP,301,0,2,607,0,609,G
5-NP,302,594,0,0,0,594,A
5-NP,303,0,596,0,0,596,T
5-NP,304,0,1,591,0,592,G
5-NP,305,0,2,591,0,593,G
5-NP,306,593,0,0,0,593,A
5-NP,307,590,0,0,0,590,A
5-NP,308,591,1,0,0,592,A
5-NP,309,594,0,0,0,594,A
5-NP,310,0,594,0,0,594,T
5-NP,311,0,3,596,0,599,G
5-NP,312,0,0,605,0,605,G
5-NP,313,603,0,1,0,604,A
5-NP,314,0,592,1,0,593,T
5-NP,315,0,3,590,0,593,G
5-NP,316,595,0,2,0,597,A
5-NP,317,0,1,592,0,593,G
5-NP,318,0,3,588,0,591,G
5-NP,319,1,2,593,0,596,G
5-NP,320,610,1,2,0,613,A
5-NP,321,614,0,0,0,614,A
5-NP,322,0,0,0,626,626,C
5-NP,323,2,625,0,0,627,T
5-NP,324,5,1,0,639,645,C
5-NP,325,0,0,657,0,657,G
5-NP,326,1,666,0,1,668,T
5-NP,327,1,0,0,667,668,C
5-NP,328,2,0,0,759,761,C
5-NP,329,0,760,0,0,760,T
5-NP,330,0,767,0,0,767,T
5-NP,331,0,765,0,0,765,T
5-NP,332,769,0,0,0,769,A
5-NP,333,0,770,0,1,771,T
5-NP,334,0,4,766,0,770,G
5-NP,335,785,0,1,0,786,A
5-NP,336,0,0,0,784,784,C
5-NP,337,770,0,0,0,770,A
5-NP,338,774,0,0,0,774,A
5-NP,339,779,0,0,0,779,A
5-NP,340,0,0,842,0,842,G
5-NP,341,838,0,0,0,838,A
5-NP,342,842,0,0,0,842,A
5-NP,343,1,1,901,0,903,G
5-NP,344,918,0,0,0,918,A
5-NP,345,929,0,0,0,929,A
5-NP,346,927,0,0,0,927,A
5-NP,347,0,927,0,0,927,T
5-NP,348,929,0,2,0,931,A
5-NP,349,927,0,0,0,927,A
5-NP,350,0,1,946,0,947,G
5-NP,351,1,0,946,0,947,G
5-NP,352,1,3,0,939,943,C
5-NP,353,1,3,936,0,940,G
5-NP,354,950,0,0,0,950,A
5-NP,355,965,0,1,0,966,A
5-NP,356,0,971,1,0,972,T
5-NP,357,2,0,0,972,974,C
5-NP,358,0,973,0,0,973,T
5-NP,359,0,1,964,0,965,G
5-NP,360,3,1,962,0,966,G
5-NP,361,1,2,0,969,972,C
5-NP,362,0,0,971,0,971,G
5-NP,363,1,1,0,968,970,C
5-NP,364,5,1,0,966,972,C
5-NP,365,979,0,0,0,979,A
5-NP,366,1003,0,0,0,1003,A
5-NP,367,0,1,1031,0,1032,G
5-NP,368,1,0,0,1031,1032,C
5-NP,369,2,1,0,1047,1050,C
5-NP,370,1051,0,0,0,1051,A
5-NP,371,1071,0,1,0,1072,A
5-NP,372,0,2,0,1093,1095,C
5-NP,373,1097,0,0,0,1097,A
5-NP,374,1142,0,1,0,1143,A
5-NP,375,0,1139,0,0,1139,T
5-NP,376,1,3,1177,0,1181,G
5-NP,377,0,0,1187,0,1187,G
5-NP,378,0,1172,0,1,1173,T
5-NP,379,2,2,1175,0,1179,G
5-NP,380,1165,0,3,0,1168,A
5-NP,381,0,0,1206,0,1206,G
5-NP,382,0,3,1202,0,1205,G
5-NP,383,1217,1,0,0,1218,A
5-NP,384,0,1349,0,1,1350,T
5-NP,385,0,0,1372,0,1372,G
5-NP,386,1,0,0,1379,1380,C
5-NP,387,0,1387,0,0,1387,T
5-NP,388,1400,0,1,0,1401,A
5-NP,389,0,0,0,1435,1435,C
5-NP,390,1432,0,0,0,1432,A
5-NP,391,0,1432,0,0,1432,T
5-NP,392,3,0,0,1420,1423,C
5-NP,393,0,1366,0,1,1367,T
5-NP,394,0,5,1427,0,1432,G
5-NP,395,0,0,1477,0,1477,G
5-NP,396,0,1470,0,2,1472,T
5-NP,397,5,0,0,1465,1470,C
5-NP,398,0,1453,0,0,1453,T
5-NP,399,1475,0,0,0,1475,A
5-NP,400,1477,0,2,0,1479,A
5-NP,401,0,0,0,1495,1495,C
5-NP,402,0,1488,0,0,1488,T
5-NP,403,3,1,0,1510,1514,C
5-NP,404,1507,1,1,0,1509,A
5-NP,405,0,0,0,1586,1586,C
5-NP,406,1584,1,0,0,1585,A
5-NP,407,0,1592,0,0,1592,T
5-NP,408,1579,1,1,0,1581,A
5-NP,409,1592,0,2,0,1594,A
5-NP,410,0,1604,0,0,1604,T
5-NP,411,1,9,1621,0,1631,G
5-NP,412,1616,0,2,0,1618,A
5-NP,413,0,1603,0,1,1604,T
5-NP,414,1,1592,0,0,1593,T
5-NP,415,0,1594,0,1,1595,T
5-NP,416,0,8,1581,1,1590,G
5-NP,417,0,2,1592,0,1594,G
5-NP,418,0,1,1,1590,1592,C
5-NP,419,1588,0,0,0,1588,A
5-NP,420,0,1588,0,1,1589,T
5-NP,421,0,1580,0,1,1581,T
5-NP,422,2,0,0,1585,1587,C
5-NP,423,3,0,0,1594,1597,C
5-NP,424,1630,2,0,0,1632,A
5-NP,425,1635,0,3,0,1638,A
5-NP,426,0,1637,0,0,1637,T
5-NP,427,0,1634,0,1,1635,T
5-NP,428,0,1634,1,0,1635,T
5-NP,429,0,3,1644,0,1647,G
5-NP,430,1647,0,0,0,1647,A
5-NP,431,1645,2,2,0,1649,A
5-NP,432,0,1657,0,0,1657,T
5-NP,433,0,5,1630,0,1635,G
5-NP,434,1728,0,1,0,1729,A
5-NP,435,0,1727,0,0,1727,T
5-NP,436,0,0,1733,1,1734,G
5-NP,437,0,0,1,1805,1806,C
5-NP,438,1797,0,1,0,1798,A
5-NP,439,1892,0,1,0,1893,A
5-NP,440,0,0,0,1897,1897,C
5-NP,441,1932,0,1,0,1933,A
5-NP,442,0,1983,0,0,1983,T
5-NP,443,1937,0,1,0,1938,A
5-NP,444,2,0,0,1972,1974,C
5-NP,445,2,0,0,1978,1980,C
5-NP,446,1945,1,0,0,1946,A
5-NP,447,0,2,1973,0,1975,G
5-NP,448,1930,0,2,0,1932,A
5-NP,449,0,4,1981,0,1985,G
5-NP,450,0,8,1966,0,1974,G
5-NP,451,1961,1,1,0,1963,A
5-NP,452,0,1,0,1990,1991,C
5-NP,453,1967,0,0,0,1967,A
5-NP,454,1969,0,0,0,1969,A
5-NP,455,1,11,1974,0,1986,G
5-NP,456,1963,0,6,0,1969,A
5-NP,457,0,1,1980,0,1981,G
5-NP,458,2,0,0,1971,1973,C
5-NP,459,0,1951,1,9,1961,T
5-NP,460,5,1,1,1974,1981,C
5-NP,461,0,1959,0,3,1962,T
5-NP,462,2,1966,0,0,1968,T
5-NP,463,0,1,1981,0,1982,G
5-NP,464,0,1966,0,2,1968,T
5-NP,465,0,1967,0,3,1970,T
5-NP,466,2,0,0,1956,1958,C
5-NP,467,1,3,1959,0,1963,G
5-NP,468,2002,1,0,1,2004,A
5-NP,469,2004,2,0,0,2006,A
5-NP,470,1,0,0,2025,2026,C
5-NP,471,1,2017,0,0,2018,T
5-NP,472,0,5,2041,0,2046,G
5-NP,473,0,5,2055,0,2060,G
5-NP,474,2061,1,1,0,2063,A
5-NP,475,2069,1,0,0,2070,A
5-NP,476,0,2060,0,0,2060,T
5-NP,477,1,9,2048,0,2058,G
5-NP,478,0,4,2064,0,2068,G
5-NP,479,2087,0,3,0,2090,A
5-NP,480,1,2109,0,0,2110,T
5-NP,481,5,0,0,2114,2119,C
5-NP,482,4,1,0,2101,2106,C
5-NP,483,7,0,0,2113,2120,C
5-NP,484,2142,0,1,0,2143,A
5-NP,485,0,5,2173,0,2178,G
5-NP,486,2175,0,0,0,2175,A
5-NP,487,2172,0,0,0,2172,A
5-NP,488,0,2163,0,0,2163,T
5-NP,489,0,1,2197,0,2198,G
5-NP,490,0,2176,0,1,2177,T
5-NP,491,1,0,2187,0,2188,G
5-NP,492,1,0,1,2189,2191,C
5-NP,493,0,2175,0,3,2178,T
5-NP,494,11,0,0,2344,2355,C
5-NP,495,0,2332,0,5,2337,T
5-NP,496,4,0,0,2430,2434,C
5-NP,497,0,2428,0,0,2428,T
5-NP,498,0,7,2427,0,2434,G
5-NP,499,2461,1,1,0,2463,A
5-NP,500,0,2456,0,0,2456,T
5-NP,501,4,0,2452,0,2456,G
5-NP,502,0,2,0,2444,2446,C
5-NP,503,2371,0,2,0,2373,A
5-NP,504,0,6,2427,1,2434,G
5-NP,505,1,8,2377,0,2386,G
5-NP,506,0,1,2446,0,2447,G
5-NP,507,2,0,0,2432,2434,C
5-NP,508,0,2416,0,2,2418,T
5-NP,509,5,0,1,2416,2422,C
5-NP,510,2364,0,2,0,2366,A
5-NP,511,2430,0,1,0,2431,A
5-NP,512,0,0,0,2429,2429,C
5-NP,513,0,2421,0,1,2422,T
5-NP,514,11,0,0,2514,2525,C
5-NP,515,0,2476,1,1,2478,T
5-NP,516,9,1,0,2757,2767,C
5-NP,517,5,0,0,2771,2776,C
5-NP,518,5,0,0,2763,2768,C
5-NP,519,1,2762,0,2,2765,T
5-NP,520,2748,0,1,0,2749,A
5-NP,521,1,4,2744,0,2749,G
5-NP,522,2749,0,1,0,2750,A
5-NP,523,2686,0,3,1,2690,A
5-NP,524,2,3,2699,0,2704,G
5-NP,525,0,1,2657,0,2658,G
5-NP,526,2,2637,0,0,2639,T
5-NP,527,8,0,0,2628,2636,C
5-NP,528,9,4,1,2625,2639,C
5-NP,529,1,5,2631,1,2638,G
5-NP,530,0,12,2654,0,2666,G
5-NP,531,2652,0,2,0,2654,A
5-NP,532,0,0,2700,0,2700,G
5-NP,533,0,1,0,2705,2706,C
5-NP,534,0,2657,0,4,2661,T
5-NP,535,0,1,2666,0,2667,G
5-NP,536,0,2,0,2671,2673,C
5-NP,537,2673,0,4,0,2677,A
5-NP,538,3,2,2676,0,2681,G
5-NP,539,2,1,2686,0,2689,G
5-NP,540,0,2683,0,2,2685,T
5-NP,541,0,0,2659,0,2659,G
5-NP,542,2,2,0,2662,2666,C
5-NP,543,1,2659,0,4,2664,T
5-NP,544,1,0,2664,0,2665,G
5-NP,545,0,0,0,2656,2656,C
5-NP,546,2686,0,5,0,2691,A
5-NP,547,0,1,2754,0,2755,G
5-NP,548,1,2728,0,3,2732,T
5-NP,549,8,0,0,2739,2747,C
5-NP,550,2743,0,1,1,2745,A
5-NP,551,2753,2,0,0,2755,A
5-NP,552,2742,0,7,0,2749,A
5-NP,553,0,1,2764,0,2765,G
5-NP,554,2,7,2759,0,2768,G
5-NP,555,2776,1,1,0,2778,A
5-NP,556,2750,0,1,0,2751,A
5-NP,557,0,2747,0,3,2750,T
5-NP,558,10,2,0,2740,2752,C
5-NP,559,0,9,2746,0,2755,G
5-NP,560,0,9,2832,0,2841,G
5-NP,561,0,13,2832,0,2845,G
5-NP,562,2830,1,1,0,2832,A
5-NP,563,2,0,0,2840,2842,C
5-NP,564,2793,1,3,1,2798,A
5-NP,565,2872,1,2,1,2876,A
5-NP,566,0,2874,1,1,2876,T
5-NP,567,0,2,2893,1,2896,G
5-NP,568,2,2,2975,0,2979,G
5-NP,569,1,2962,0,1,2964,T
5-NP,570,0,6,2964,0,2970,G
5-NP,571,2966,0,2,1,2969,A
5-NP,572,0,2957,0,1,2958,T
5-NP,573,1,9,2956,0,2966,G
5-NP,574,0,12,2966,0,2978,G
5-NP,575,2957,1,8,1,2967,A
5-NP,576,2958,0,3,0,2961,A
5-NP,577,2,3,3,2944,2952,C
5-NP,578,1,2859,0,0,2860,T
5-NP,579,1,13,3017,0,3031,G
5-NP,580,3024,1,3,1,3029,A
5-NP,581,1,3021,0,4,3026,T
5-NP,582,9,0,0,3025,3034,C
5-NP,583,2972,1,2,1,2976,A
5-NP,584,0,8,3056,0,3064,G
5-NP,585,3057,1,0,0,3058,A
5-NP,586,3057,0,0,0,3057,A
5-NP,587,1,3055,0,0,3056,T
5-NP,588,0,17,2997,1,3015,G
5-NP,589,1,0,3061,0,3062,G
5-NP,590,0,3058,0,5,3063,T
5-NP,591,14,0,1,3058,3073,C
5-NP,592,3072,0,1,0,3073,A
5-NP,593,3043,0,3,0,3046,A
5-NP,594,3046,0,3,1,3050,A
5-NP,595,1,6,0,3055,3062,C
5-NP,596,1,12,3036,0,3049,G
5-NP,597,1,11,3054,0,3066,G
5-NP,598,0,6,3025,0,3031,G
5-NP,599,1,7,3038,0,3046,G
5-NP,600,3,12,3038,0,3053,G
5-NP,601,3050,0,3,0,3053,A
5-NP,602,1,3021,0,2,3024,T
5-NP,603,9,1,0,3017,3027,C
5-NP,604,3027,0,3,1,3031,A
5-NP,605,3022,1,7,0,3030,A
5-NP,606,0,1,0,3018,3019,C
5-NP,607,0,6,2992,0,2998,G
5-NP,608,2988,1,0,0,2989,A
5-NP,609,0,2993,0,0,2993,T
5-NP,610,15,0,0,2977,2992,C
5-NP,611,2,8,2990,1,3001,G
5-NP,612,2996,0,0,0,2996,A
5-NP,613,2993,1,0,0,2994,A
5-NP,614,2998,0,0,0,2998,A
5-NP,615,0,3032,1,0,3033,T
5-NP,616,2,3040,0,0,3042,T
5-NP,617,0,3026,0,1,3027,T
5-NP,618,1,3037,0,0,3038,T
5-NP,619,0,3040,0,1,3041,T
5-NP,620,0,6,3049,0,3055,G
5-NP,621,0,6,3051,0,3057,G
5-NP,622,3035,0,2,0,3037,A
5-NP,623,0,8,3054,0,3062,G
5-NP,624,3000,0,0,0,3000,A
5-NP,625,0,4,3159,0,3163,G
5-NP,626,0,9,3173,0,3182,G
5-NP,627,0,3172,0,3,3175,T
5-NP,628,1,7,3184,0,3192,G
5-NP,629,3178,1,7,0,3186,A
5-NP,630,0,15,3192,0,3207,G
5-NP,631,3190,0,2,0,3192,A
5-NP,632,3184,0,1,0,3185,A
5-NP,633,0,3171,0,0,3171,T
5-NP,634,3,9,3056,0,3068,G
5-NP,635,0,5,3027,0,3032,G
5-NP,636,0,0,3030,0,3030,G
5-NP,637,3,0,0,3015,3018,C
5-NP,638,2,5,3014,0,3021,G
5-NP,639,1,7,3051,0,3059,G
5-NP,640,3045,0,2,0,3047,A
5-NP,641,3059,1,0,0,3060,A
5-NP,642,3113,1,1,0,3115,A
5-NP,643,3118,1,4,1,3124,A
5-NP,644,0,1,0,3150,3151,C
5-NP,645,3143,1,0,0,3144,A
5-NP,646,3136,2,2,0,3140,A
5-NP,647,0,7,3130,1,3138,G
5-NP,648,3053,3,0,0,3056,A
5-NP,649,3064,1,3,0,3068,A
5-NP,650,0,2,3156,0,3158,G
5-NP,651,0,3151,0,0,3151,T
5-NP,652,2,1,3340,0,3343,G
5-NP,653,1,2,0,3309,3312,C
5-NP,654,7,3315,0,2,3324,T
5-NP,655,1,3339,0,0,3340,T
5-NP,656,3384,0,0,1,3385,A
5-NP,657,0,3383,0,2,3385,T
5-NP,658,1,12,3390,0,3403,G
5-NP,659,3326,0,4,0,3330,A
5-NP,660,0,8,3346,0,3354,G
5-NP,661,3161,1,3,0,3165,A
5-NP,662,0,7,3184,0,3191,G
5-NP,663,3177,0,3,0,3180,A
5-NP,664,3218,1,1,0,3220,A
5-NP,665,0,3187,0,0,3187,T
5-NP,666,0,0,3237,1,3238,G
5-NP,667,0,3212,0,4,3216,T
5-NP,668,0,1,3229,0,3230,G
5-NP,669,5,2,0,3218,3225,C
5-NP,670,3217,0,5,0,3222,A
5-NP,671,3241,2,1,0,3244,A
5-NP,672,1,1,0,3241,3243,C
5-NP,673,3210,1,0,0,3211,A
5-NP,674,0,3224,0,0,3224,T
5-NP,675,1,3181,0,3,3185,T
5-NP,676,4,0,0,3198,3202,C
5-NP,677,0,3174,0,3,3177,T
5-NP,678,0,3182,0,2,3184,T
5-NP,679,3192,0,0,0,3192,A
5-NP,680,3171,0,4,1,3176,A
5-NP,681,3173,1,1,0,3175,A
5-NP,682,1,7,3176,0,3184,G
5-NP,683,0,11,3158,1,3170,G
5-NP,684,3161,0,0,0,3161,A
5-NP,685,3144,0,3,0,3147,A
5-NP,686,3149,0,0,0,3149,A
5-NP,687,3197,1,0,0,3198,A
5-NP,688,0,3200,0,1,3201,T
5-NP,689,0,3200,0,0,3200,T
5-NP,690,0,3207,0,2,3209,T
5-NP,691,11,1,0,3195,3207,C
5-NP,692,3206,1,1,0,3208,A
5-NP,693,3201,0,2,0,3203,A
5-NP,694,3203,0,1,1,3205,A
5-NP,695,2,0,1,3254,3257,C
5-NP,696,3203,2,3,1,3209,A
5-NP,697,1,3,3258,0,3262,G
5-NP,698,0,1,0,3257,3258,C
5-NP,699,0,3258,0,1,3259,T
5-NP,700,2,1,3327,0,3330,G
5-NP,701,1,1,0,3318,3320,C
5-NP,702,3355,0,0,0,3355,A
5-NP,703,1,1,0,3355,3357,C
5-NP,704,3341,1,0,0,3342,A
5-NP,705,3348,2,3,0,3353,A
5-NP,706,3264,2,3,0,3269,A
5-NP,707,0,8,3429,0,3437,G
5-NP,708,3418,1,8,0,3427,A
5-NP,709,0,3,3434,0,3437,G
5-NP,710,2,0,0,3420,3422,C
5-NP,711,3423,0,3,0,3426,A
5-NP,712,3534,0,5,1,3540,A
5-NP,713,0,3538,0,0,3538,T
5-NP,714,2,5,3535,0,3542,G
5-NP,715,2,1,3555,0,3558,G
5-NP,716,0,3413,0,6,3419,T
5-NP,717,1,6,3428,0,3435,G
5-NP,718,2,11,3441,0,3454,G
5-NP,719,3456,0,4,0,3460,A
5-NP,720,1,3443,1,0,3445,T
5-NP,721,11,0,2,3347,3360,C
5-NP,722,3374,1,1,0,3376,A
5-NP,723,3418,1,1,0,3420,A
5-NP,724,1,3,3431,0,3435,G
5-NP,725,1,3405,0,0,3406,T
5-NP,726,1,16,3390,1,3408,G
5-NP,727,3355,0,6,0,3361,A
5-NP,728,2,13,3362,0,3377,G
5-NP,729,3362,2,6,0,3370,A
5-NP,730,0,8,3357,0,3365,G
5-NP,731,3340,1,5,0,3346,A
5-NP,732,3288,0,2,0,3290,A
5-NP,733,3291,1,4,1,3297,A
5-NP,734,0,1,3311,0,3312,G
5-NP,735,3,3305,0,1,3309,T
5-NP,736,6,1,0,3296,3303,C
5-NP,737,1,8,3283,0,3292,G
5-NP,738,1,8,3290,0,3299,G
5-NP,739,3294,0,2,0,3296,A
5-NP,740,3320,0,2,0,3322,A
5-NP,741,5,0,0,3324,3329,C
5-NP,742,11,0,0,3304,3315,C
5-NP,743,5,0,0,3326,3331,C
5-NP,744,3329,0,2,0,3331,A
5-NP,745,0,1,3342,1,3344,G
5-NP,746,0,3,3339,0,3342,G
5-NP,747,3331,1,2,0,3334,A
5-NP,748,3332,0,1,0,3333,A
5-NP,749,3324,0,3,0,3327,A
5-NP,750,0,3,0,3321,3324,C
5-NP,751,0,3,3316,0,3319,G
5-NP,752,1,1,0,3306,3308,C
5-NP,753,0,3294,0,1,3295,T
5-NP,754,1,8,3294,0,3303,G
5-NP,755,3291,0,1,0,3292,A
5-NP,756,0,1,3359,1,3361,G
5-NP,757,3362,0,2,0,3364,A
5-NP,758,0,3361,0,0,3361,T
5-NP,759,12,1,0,3315,3328,C
5-NP,760,2,7,3331,0,3340,G
5-NP,761,3340,0,2,1,3343,A
5-NP,762,3338,0,1,0,3339,A
5-NP,763,0,4,3346,0,3350,G
5-NP,764,3350,2,1,0,3353,A
5-NP,765,0,3329,1,2,3332,T
5-NP,766,6,0,0,3357,3363,C
5-NP,767,0,3348,0,2,3350,T
5-NP,768,11,1,0,3392,3404,C
5-NP,769,3412,0,2,0,3414,A
5-NP,770,0,3406,0,2,3408,T
5-NP,771,3413,3,3,0,3419,A
5-NP,772,0,3412,0,0,3412,T
5-NP,773,0,3390,0,0,3390,T
5-NP,774,0,3377,0,0,3377,T
5-NP,775,0,3344,2,2,3348,T
5-NP,776,0,3358,0,0,3358,T
5-NP,777,3360,0,1,0,3361,A
5-NP,778,0,1,3362,0,3363,G
5-NP,779,3,1,0,3356,3360,C
5-NP,780,3338,1,2,0,3341,A
5-NP,781,3330,1,1,0,3332,A
5-NP,782,0,4,3476,0,3480,G
5-NP,783,3482,0,0,0,3482,A
5-NP,784,0,3486,0,1,3487,T
5-NP,785,3,2,0,3505,3510,C
5-NP,786,0,3498,2,2,3502,T
5-NP,787,1,1,3596,0,3598,G
5-NP,788,1,0,0,3612,3613,C
5-NP,789,3608,0,4,0,3612,A
5-NP,790,0,3656,0,1,3657,T
5-NP,791,1,3538,0,0,3539,T
5-NP,792,2,7,3773,0,3782,G
5-NP,793,3832,1,2,0,3835,A
5-NP,794,0,3843,0,2,3845,T
5-NP,795,3850,0,4,0,3854,A
5-NP,796,0,3767,2,3,3772,T
5-NP,797,0,3739,2,0,3741,T
5-NP,798,1,13,3756,0,3770,G
5-NP,799,3710,1,5,0,3716,A
5-NP,800,0,6,3745,0,3751,G
5-NP,801,3556,0,7,0,3563,A
5-NP,802,0,12,3495,1,3508,G
5-NP,803,1,14,3552,1,3568,G
5-NP,804,3553,3,1,1,3558,A
5-NP,805,0,3553,0,2,3555,T
5-NP,806,13,1,0,3557,3571,C
5-NP,807,3539,3,3,0,3545,A
5-NP,808,1,1,3579,0,3581,G
5-NP,809,1,3559,0,1,3561,T
5-NP,810,0,3534,2,1,3537,T
5-NP,811,2,1,3539,0,3542,G
5-NP,812,4,2,0,3507,3513,C
5-NP,813,0,3504,0,4,3508,T
5-NP,814,15,0,0,3505,3520,C
5-NP,815,3516,1,4,1,3522,A
5-NP,816,0,0,0,3527,3527,C
5-NP,817,3513,0,2,0,3515,A
5-NP,818,3534,0,0,0,3534,A
5-NP,819,3549,0,1,0,3550,A
5-NP,820,2,3535,0,0,3537,T
5-NP,821,9,0,0,3532,3541,C
5-NP,822,2,3538,0,0,3540,T
5-NP,823,0,3525,0,1,3526,T
5-NP,824,2,1,3534,0,3537,G
5-NP,825,0,0,0,3542,3542,C
5-NP,826,8,0,0,3594,3602,C
5-NP,827,0,3588,0,5,3593,T
5-NP,828,3617,0,2,0,3619,A
5-NP,829,2,1,0,3611,3614,C
5-NP,830,2,4,0,3597,3603,C
5-NP,831,0,3594,1,5,3600,T
5-NP,832,2,4,3635,1,3642,G
5-NP,833,2,0,1,3632,3635,C
5-NP,834,8,0,0,3627,3635,C
5-NP,835,1,3563,0,1,3565,T
5-NP,836,1,0,3615,0,3616,G
5-NP,837,1,3586,0,1,3588,T
5-NP,838,1,1,3636,0,3638,G
5-NP,839,9,4,0,3651,3664,C
5-NP,840,0,1,3721,0,3722,G
5-NP,841,0,3658,0,2,3660,T
5-NP,842,3660,0,0,0,3660,A
5-NP,843,0,3667,0,2,3669,T
5-NP,844,0,13,3661,1,3675,G
5-NP,845,0,13,3814,0,3827,G
5-NP,846,3811,0,5,0,3816,A
5-NP,847,7,0,0,3740,3747,C
5-NP,848,3,2,0,3738,3743,C
5-NP,849,2,3675,1,3,3681,T
5-NP,850,1,0,3890,1,3892,G
5-NP,851,1,2,1,3886,3890,C
5-NP,852,3894,0,2,0,3896,A
5-NP,853,1,0,3982,0,3983,G
5-NP,854,0,3783,0,0,3783,T
5-NP,855,3906,0,2,0,3908,A
5-NP,856,0,3898,0,0,3898,T
5-NP,857,4,0,0,3894,3898,C
5-NP,858,11,1,1,3883,3896,C
5-NP,859,3707,0,1,0,3708,A
5-NP,860,2,4,3722,0,3728,G
5-NP,861,0,3707,0,1,3708,T
5-NP,862,1,6,3742,0,3749,G
5-NP,863,1,11,3729,0,3741,G
5-NP,864,2,3,3685,0,3690,G
5-NP,865,1,3672,0,4,3677,T
5-NP,866,3671,0,3,0,3674,A
5-NP,867,1,2,0,3667,3670,C
5-NP,868,2,23,3634,0,3659,G
5-NP,869,3643,0,2,0,3645,A
5-NP,870,1,1,0,3643,3645,C
5-NP,871,0,3538,0,2,3540,T
5-NP,872,0,3546,0,2,3548,T
5-NP,873,9,2,0,3525,3536,C
5-NP,874,0,3,3541,1,3545,G
5-NP,875,3545,1,0,0,3546,A
5-NP,876,3544,0,0,0,3544,A
5-NP,877,3553,0,1,2,3556,A
5-NP,878,3548,1,3,0,3552,A
5-NP,879,3541,0,2,0,3543,A
5-NP,880,0,4,3563,0,3567,G
5-NP,881,3550,0,7,1,3558,A
5-NP,882,1,10,3591,0,3602,G
5-NP,883,3,6,3605,1,3615,G
5-NP,884,0,7,3629,0,3636,G
5-NP,885,3634,1,6,0,3641,A
5-NP,886,0,3636,0,2,3638,T
5-NP,887,3664,0,0,0,3664,A
5-NP,888,0,3653,0,0,3653,T
5-NP,889,2,3654,0,0,3656,T
5-NP,890,16,0,0,3668,3684,C
5-NP,891,7,0,0,3660,3667,C
5-NP,892,0,3615,0,1,3616,T
5-NP,893,0,3621,0,0,3621,T
5-NP,894,0,8,3651,0,3659,G
5-NP,895,2,2,3663,0,3667,G
5-NP,896,2,3637,0,1,3640,T
5-NP,897,3,2,3625,0,3630,G
5-NP,898,0,3,3605,0,3608,G
5-NP,899,1,17,3794,0,3812,G
5-NP,900,3801,2,4,0,3807,A
5-NP,901,3813,1,1,0,3815,A
5-NP,902,2,3816,0,0,3818,T
5-NP,903,3735,1,1,0,3737,A
5-NP,904,5,11,3724,2,3742,G
5-NP,905,3701,0,4,0,3705,A
5-NP,906,6,1,1,3686,3694,C
5-NP,907,11,1,0,3647,3659,C
5-NP,908,10,1,0,3518,3529,C
5-NP,909,0,3555,1,9,3565,T
5-NP,910,1,3562,0,3,3566,T
5-NP,911,1,3572,1,3,3577,T
5-NP,912,13,1,0,3565,3579,C
5-NP,913,3568,1,0,0,3569,A
5-NP,914,3575,0,2,0,3577,A
5-NP,915,3568,0,2,0,3570,A
5-NP,916,0,1,0,3574,3575,C
5-NP,917,0,3452,0,2,3454,T
5-NP,918,3432,0,1,0,3433,A
5-NP,919,0,0,0,3479,3479,C
5-NP,920,0,3463,0,1,3464,T
5-NP,921,0,3454,0,1,3455,T
5-NP,922,2,1,0,3473,3476,C
5-NP,923,3463,1,2,0,3466,A
5-NP,924,3457,0,1,0,3458,A
5-NP,925,3457,0,1,1,3459,A
5-NP,926,3452,1,1,1,3455,A
5-NP,927,0,3435,0,0,3435,T
5-NP,928,3369,1,1,0,3371,A
5-NP,929,2,2,3431,0,3435,G
5-NP,930,0,1,0,3445,3446,C
5-NP,931,8,0,0,3491,3499,C
5-NP,932,3497,0,3,0,3500,A
5-NP,933,3504,1,0,1,3506,A
5-NP,934,3666,0,2,0,3668,A
5-NP,935,3,3672,1,0,3676,T
5-NP,936,3699,0,0,0,3699,A
5-NP,937,0,3693,0,2,3695,T
5-NP,938,3623,0,6,0,3629,A
5-NP,939,5,1,0,3630,3636,C
5-NP,940,3530,0,5,0,3535,A
5-NP,941,0,1,3627,0,3628,G
5-NP,942,0,3,0,3612,3615,C
5-NP,943,0,3486,0,4,3490,T
5-NP,944,0,3524,1,1,3526,T
5-NP,945,3533,0,2,1,3536,A
5-NP,946,3546,0,0,0,3546,A
5-NP,947,2,3539,0,1,3542,T
5-NP,948,11,0,0,3526,3537,C
5-NP,949,3387,0,5,0,3392,A
5-NP,950,1,18,3402,0,3421,G
5-NP,951,3419,1,3,0,3423,A
5-NP,952,2,1,0,3441,3444,C
5-NP,953,4,1,0,3410,3415,C
5-NP,954,2,3370,0,3,3375,T
5-NP,955,3402,0,0,0,3402,A
5-NP,956,3400,0,1,0,3401,A
5-NP,957,1,0,0,3420,3421,C
5-NP,958,0,12,3406,0,3418,G
5-NP,959,3343,0,1,0,3344,A
5-NP,960,0,11,3338,0,3349,G
5-NP,961,3306,0,1,0,3307,A
5-NP,962,3329,0,0,0,3329,A
5-NP,963,0,3325,0,0,3325,T
5-NP,964,11,1,1,3264,3277,C
5-NP,965,4,4,1,3276,3285,C
5-NP,966,3235,0,1,0,3236,A
5-NP,967,3,2,3248,0,3253,G
5-NP,968,1,0,0,3254,3255,C
5-NP,969,3292,1,2,0,3295,A
5-NP,970,3,1,0,3309,3313,C
5-NP,971,3270,0,2,0,3272,A
5-NP,972,1,0,0,3274,3275,C
5-NP,973,3269,0,3,0,3272,A
5-NP,974,3280,0,9,0,3289,A
5-NP,975,0,10,3293,0,3303,G
5-NP,976,3265,0,4,0,3269,A
5-NP,977,1,2,3286,0,3289,G
5-NP,978,1,3209,0,3,3213,T
5-NP,979,11,0,0,3194,3205,C
5-NP,980,3189,0,5,0,3194,A
5-NP,981,1,1,3201,0,3203,G
5-NP,982,2,0,0,3196,3198,C
5-NP,983,0,3159,0,2,3161,T
5-NP,984,1,2,3211,0,3214,G
5-NP,985,0,2,3239,0,3241,G
5-NP,986,1,3208,0,2,3211,T
5-NP,987,1,1,3237,0,3239,G
5-NP,988,0,3208,0,4,3212,T
5-NP,989,1,9,3192,1,3203,G
5-NP,990,1,3,3202,1,3207,G
5-NP,991,3179,0,3,0,3182,A
5-NP,992,0,3195,0,1,3196,T
5-NP,993,1,9,3030,1,3041,G
5-NP,994,2,1,3028,0,3031,G
5-NP,995,4,1,0,3007,3012,C
5-NP,996,2991,0,0,0,2991,A
5-NP,997,0,2988,0,3,2991,T
5-NP,998,1,3,2950,0,2954,G
5-NP,999,2,2,2,2983,2989,C
5-NP,1000,13,0,1,2969,2983,C
5-NP,1001,2991,0,1,0,2992,A
5-NP,1002,0,2983,0,3,2986,T
5-NP,1003,0,2935,0,0,2935,T
5-NP,1004,8,0,0,2936,2944,C
5-NP,1005,0,2905,0,2,2907,T
5-NP,1006,1,2,2901,0,2904,G
5-NP,1007,0,0,0,2893,2893,C
5-NP,1008,0,2803,0,2,2805,T
5-NP,1009,1,1,2828,0,2830,G
5-NP,1010,1,0,0,2771,2772,C
5-NP,1011,2778,1,1,0,2780,A
5-NP,1012,1,2782,0,0,2783,T
5-NP,1013,0,2756,0,2,2758,T
5-NP,1014,0,2758,0,1,2759,T
5-NP,1015,0,6,2743,0,2749,G
5-NP,1016,2751,0,1,0,2752,A
5-NP,1017,2749,1,6,0,2756,A
5-NP,1018,0,5,2781,0,2786,G
5-NP,1019,2769,1,1,0,2771,A
5-NP,1020,1,2750,0,1,2752,T
5-NP,1021,0,2745,1,0,2746,T
5-NP,1022,1,2747,0,0,2748,T
5-NP,1023,2753,0,0,0,2753,A
5-NP,1024,2759,0,1,0,2760,A
5-NP,1025,0,3,2764,0,2767,G
5-NP,1026,2753,0,1,1,2755,A
5-NP,1027,2,2755,0,0,2757,T
5-NP,1028,1,2682,0,1,2684,T
5-NP,1029,0,1,2705,1,2707,G
5-NP,1030,0,2701,1,1,2703,T
5-NP,1031,0,2704,0,1,2705,T
5-NP,1032,2704,0,1,0,2705,A
5-NP,1033,2710,0,1,0,2711,A
5-NP,1034,0,0,2716,0,2716,G
5-NP,1035,1,0,0,2715,2716,C
5-NP,1036,1,2656,1,5,2663,T
5-NP,1037,0,2682,0,1,2683,T
5-NP,1038,8,0,0,2681,2689,C
5-NP,1039,2690,0,2,0,2692,A
5-NP,1040,3,2687,0,2,2692,T
5-NP,1041,6,0,0,2690,2696,C
5-NP,1042,2649,0,2,0,2651,A
5-NP,1043,0,2,2648,0,2650,G
5-NP,1044,2604,2,3,2,2611,A
5-NP,1045,1,8,2614,0,2623,G
5-NP,1046,2,11,2583,0,2596,G
5-NP,1047,0,10,2573,0,2583,G
5-NP,1048,2588,2,3,0,2593,A
5-NP,1049,0,2,0,2601,2603,C
5-NP,1050,2607,0,1,0,2608,A
5-NP,1051,2610,0,1,0,2611,A
5-NP,1052,2614,1,2,0,2617,A
5-NP,1053,2614,0,6,1,2621,A
5-NP,1054,2,0,2634,1,2637,G
5-NP,1055,1,2564,0,1,2566,T
5-NP,1056,2546,1,0,0,2547,A
5-NP,1057,0,2540,0,1,2541,T
5-NP,1058,2,0,0,2542,2544,C
5-NP,1059,1,2529,0,3,2533,T
5-NP,1060,13,0,0,2538,2551,C
5-NP,1061,4,0,0,2528,2532,C
5-NP,1062,2,2516,0,0,2518,T
5-NP,1063,6,0,0,2495,2501,C
5-NP,1064,2,2,2489,0,2493,G
5-NP,1065,1,2,2506,0,2509,G
5-NP,1066,2,9,2506,0,2517,G
5-NP,1067,4,4,2503,1,2512,G
5-NP,1068,1,2,2516,0,2519,G
5-NP,1069,2466,0,2,0,2468,A
5-NP,1070,2466,0,2,0,2468,A
5-NP,1071,2466,0,6,1,2473,A
5-NP,1072,1,0,0,2487,2488,C
5-NP,1073,0,2484,0,1,2485,T
5-NP,1074,0,0,2507,0,2507,G
5-NP,1075,0,2486,0,0,2486,T
5-NP,1076,15,0,0,2472,2487,C
5-NP,1077,2536,0,2,0,2538,A
5-NP,1078,2548,0,0,0,2548,A
5-NP,1079,1,1,0,2560,2562,C
5-NP,1080,1,2553,0,2,2556,T
5-NP,1081,2498,0,1,0,2499,A
5-NP,1082,0,5,2512,0,2517,G
5-NP,1083,2467,0,1,0,2468,A
5-NP,1084,0,5,2465,2,2472,G
5-NP,1085,1,9,2461,0,2471,G
5-NP,1086,2351,0,1,0,2352,A
5-NP,1087,0,1,2412,0,2413,G
5-NP,1088,0,2375,0,5,2380,T
5-NP,1089,2377,1,2,0,2380,A
5-NP,1090,2,0,0,2376,2378,C
5-NP,1091,2351,0,0,0,2351,A
5-NP,1092,2346,0,2,0,2348,A
5-NP,1093,2330,0,0,0,2330,A
5-NP,1094,0,2308,0,0,2308,T
5-NP,1095,0,2296,0,0,2296,T
5-NP,1096,1,0,2213,0,2214,G
5-NP,1097,1,0,0,2191,2192,C
5-NP,1098,0,2175,0,6,2181,T
5-NP,1099,1,2178,0,2,2181,T
5-NP,1100,2,1,0,2179,2182,C
5-NP,1101,2181,0,0,0,2181,A
5-NP,1102,2190,0,1,1,2192,A
5-NP,1103,2192,0,1,0,2193,A
5-NP,1104,0,2193,0,0,2193,T
5-NP,1105,0,7,2182,0,2189,G
5-NP,1106,2156,0,4,0,2160,A
5-NP,1107,0,8,2159,0,2167,G
5-NP,1108,2162,0,4,0,2166,A
5-NP,1109,2160,0,2,0,2162,A
5-NP,1110,1,1,0,2165,2167,C
5-NP,1111,2143,1,0,0,2144,A
5-NP,1112,0,2135,0,0,2135,T
5-NP,1113,2,2,2151,0,2155,G
5-NP,1114,0,2,2170,1,2173,G
5-NP,1115,2167,0,2,0,2169,A
5-NP,1116,1,2134,0,2,2137,T
5-NP,1117,2108,0,0,0,2108,A
5-NP,1118,2241,1,0,0,2242,A
5-NP,1119,0,2194,0,0,2194,T
5-NP,1120,2174,1,2,0,2177,A
5-NP,1121,0,2169,0,0,2169,T
5-NP,1122,3,4,2004,0,2011,G
5-NP,1123,1,5,1963,0,1969,G
5-NP,1124,1,6,1946,0,1953,G
5-NP,1125,1942,0,1,0,1943,A
5-NP,1126,0,1940,0,0,1940,T
5-NP,1127,6,0,0,1518,1524,C
5-NP,1128,2,7,1520,1,1530,G
5-NP,1129,1523,0,1,0,1524,A
5-NP,1130,1,0,1525,0,1526,G
5-NP,1131,2,0,0,1520,1522,C
5-NP,1132,1508,0,0,0,1508,A
5-NP,1133,3,4,0,1582,1589,C
5-NP,1134,0,1565,0,0,1565,T
5-NP,1135,4,0,0,1576,1580,C
5-NP,1136,2,1571,1,0,1574,T
5-NP,1137,0,1544,0,3,1547,T
5-NP,1138,0,5,1547,0,1552,G
5-NP,1139,1544,0,1,0,1545,A
5-NP,1140,1548,1,1,1,1551,A
5-NP,1141,1,0,0,1554,1555,C
5-NP,1142,0,1250,0,0,1250,T
5-NP,1143,2,2,1255,0,1259,G
5-NP,1144,1223,0,1,0,1224,A
5-NP,1145,0,0,1234,0,1234,G
5-NP,1146,1227,0,0,0,1227,A
5-NP,1147,1214,0,0,0,1214,A
5-NP,1148,3,0,1226,0,1229,G
5-NP,1149,2,0,0,1209,1211,C
5-NP,1150,5,4,1203,0,1212,G
5-NP,1151,0,1,1216,0,1217,G
5-NP,1152,1,0,1216,0,1217,G
5-NP,1153,0,1204,0,0,1204,T
5-NP,1154,1177,1,0,0,1178,A
5-NP,1155,1,0,0,1170,1171,C
5-NP,1156,1,997,0,0,998,T
5-NP,1157,0,2,989,0,991,G
5-NP,1158,0,0,978,0,978,G
5-NP,1159,0,0,979,0,979,G
5-NP,1160,0,1,0,974,975,C
5-NP,1161,3,1,0,907,911,C
5-NP,1162,916,1,0,0,917,A
5-NP,1163,0,918,0,1,919,T
5-NP,1164,920,0,0,0,920,A
5-NP,1165,921,0,1,1,923,A
5-NP,1166,0,1,909,0,910,G
5-NP,1167,2,9,927,0,938,G
5-NP,1168,919,0,1,0,920,A
5-NP,1169,0,1,1,918,920,C
5-NP,1170,0,0,0,914,914,C
5-NP,1171,909,0,2,0,911,A
5-NP,1172,0,1,927,0,928,G
5-NP,1173,0,3,930,0,933,G
5-NP,1174,925,1,3,1,930,A
5-NP,1175,0,1,937,0,938,G
5-NP,1176,0,911,0,0,911,T
5-NP,1177,0,3,905,0,908,G
5-NP,1178,1,1,914,0,916,G
5-NP,1179,918,1,0,0,919,A
5-NP,1180,0,1,926,0,927,G
5-NP,1181,0,3,904,0,907,G
5-NP,1182,890,0,1,0,891,A
5-NP,1183,896,0,0,0,896,A
5-NP,1184,899,0,0,0,899,A
5-NP,1185,0,0,0,908,908,C
5-NP,1186,901,0,2,0,903,A
5-NP,1187,2,0,0,920,922,C
5-NP,1188,0,900,0,0,900,T
5-NP,1189,924,0,0,0,924,A
5-NP,1190,920,0,0,0,920,A
5-NP,1191,0,922,0,0,922,T
5-NP,1192,1,1,0,933,935,C
5-NP,1193,924,0,0,0,924,A
5-NP,1194,934,0,0,0,934,A
5-NP,1195,1,0,0,932,933,C
5-NP,1196,908,0,1,0,909,A
5-NP,1197,0,0,908,0,908,G
5-NP,1198,881,0,1,0,882,A
5-NP,1199,1,2,886,0,889,G
5-NP,1200,0,2,886,0,888,G
5-NP,1201,0,1,879,0,880,G
5-NP,1202,1,0,0,877,878,C
5-NP,1203,1,0,0,879,880,C
5-NP,1204,0,865,0,2,867,T
5-NP,1205,0,0,0,880,880,C
5-NP,1206,2,1,1,875,879,C
5-NP,1207,2,0,880,0,882,G
5-NP,1208,0,0,1,879,880,C
5-NP,1209,866,0,2,0,868,A
5-NP,1210,1,1,896,0,898,G
5-NP,1211,0,1,893,0,894,G
5-NP,1212,1,3,0,899,903,C
5-NP,1213,4,0,0,898,902,C
5-NP,1214,893,0,0,0,893,A
5-NP,1215,895,0,0,0,895,A
5-NP,1216,898,0,1,0,899,A
5-NP,1217,1,0,0,898,899,C
5-NP,1218,2,0,0,904,906,C
5-NP,1219,827,0,0,0,827,A
5-NP,1220,0,0,846,0,846,G
5-NP,1221,1,838,0,1,840,T
5-NP,1222,0,0,848,0,848,G
5-NP,1223,0,839,0,0,839,T
5-NP,1224,0,1,838,0,839,G
5-NP,1225,0,0,0,843,843,C
5-NP,1226,829,0,0,0,829,A
5-NP,1227,842,0,1,0,843,A
5-NP,1228,0,0,0,847,847,C
5-NP,1229,0,1,0,827,828,C
5-NP,1230,0,820,0,4,824,T
5-NP,1231,816,0,1,0,817,A
5-NP,1232,0,0,0,817,817,C
5-NP,1233,0,0,818,0,818,G
5-NP,1234,1,810,0,0,811,T
5-NP,1235,0,829,0,0,829,T
5-NP,1236,0,818,0,0,818,T
5-NP,1237,0,803,0,1,804,T
5-NP,1238,0,0,0,808,808,C
5-NP,1239,1,797,0,0,798,T
5-NP,1240,0,1,815,0,816,G
5-NP,1241,0,818,0,0,818,T
5-NP,1242,820,0,0,0,820,A
5-NP,1243,0,0,0,826,826,C
5-NP,1244,816,0,0,0,816,A
5-NP,1245,815,0,0,0,815,A
5-NP,1246,811,0,0,0,811,A
5-NP,1247,0,1,816,0,817,G
5-NP,1248,817,0,0,0,817,A
5-NP,1249,790,0,0,0,790,A
5-NP,1250,792,0,0,0,792,A
5-NP,1251,2,0,0,794,796,C
5-NP,1252,0,0,0,793,793,C
5-NP,1253,0,785,0,2,787,T
5-NP,1254,2,1,0,789,792,C
5-NP,1255,3,0,0,788,791,C
5-NP,1256,3,0,0,791,794,C
5-NP,1257,0,784,0,0,784,T
5-NP,1258,0,789,0,0,789,T
5-NP,1259,0,789,0,0,789,T
5-NP,1260,0,789,0,0,789,T
5-NP,1261,0,2,787,0,789,G
5-NP,1262,788,0,0,1,789,A
5-NP,1263,788,0,0,0,788,A
5-NP,1264,781,0,2,0,783,A
5-NP,1265,772,0,4,0,776,A
5-NP,1266,0,2,784,0,786,G
5-NP,1267,0,787,0,0,787,T
5-NP,1268,0,0,0,790,790,C
5-NP,1269,794,0,0,0,794,A
5-NP,1270,795,0,0,0,795,A
5-NP,1271,0,0,0,799,799,C
5-NP,1272,1,0,0,813,814,C
5-NP,1273,810,0,2,0,812,A
5-NP,1274,0,821,0,1,822,T
5-NP,1275,4,0,0,807,811,C
5-NP,1276,798,2,1,0,801,A
5-NP,1277,1,801,0,2,804,T
5-NP,1278,0,4,798,0,802,G
5-NP,1279,0,0,805,0,805,G
5-NP,1280,1,0,0,801,802,C
5-NP,1281,782,0,0,0,782,A
5-NP,1282,1,0,780,0,781,G
5-NP,1283,0,0,0,778,778,C
5-NP,1284,779,0,0,0,779,A
5-NP,1285,0,777,0,0,777,T
5-NP,1286,0,773,0,0,773,T
5-NP,1287,3,0,1,772,776,C
5-NP,1288,777,0,0,0,777,A
5-NP,1289,0,0,0,783,783,C
5-NP,1290,0,778,1,0,779,T
5-NP,1291,1,0,790,0,791,G
5-NP,1292,1,3,796,0,800,G
5-NP,1293,795,0,0,0,795,A
5-NP,1294,794,0,0,0,794,A
5-NP,1295,793,0,0,0,793,A
5-NP,1296,0,785,0,0,785,T
5-NP,1297,787,1,0,0,788,A
5-NP,1298,1,0,0,781,782,C
5-NP,1299,0,0,768,0,768,G
5-NP,1300,1,0,767,0,768,G
5-NP,1301,747,1,0,0,748,A
5-NP,1302,0,3,757,0,760,G
5-NP,1303,0,2,756,0,758,G
5-NP,1304,0,5,748,0,753,G
5-NP,1305,752,0,0,0,752,A
5-NP,1306,752,0,0,0,752,A
5-NP,1307,0,2,755,0,757,G
5-NP,1308,752,0,0,0,752,A
5-NP,1309,757,0,0,0,757,A
5-NP,1310,0,0,0,765,765,C
5-NP,1311,0,749,0,0,749,T
5-NP,1312,0,760,0,0,760,T
5-NP,1313,2,1,0,755,758,C
5-NP,1314,756,0,0,0,756,A
5-NP,1315,0,0,758,0,758,G
5-NP,1316,753,0,2,0,755,A
5-NP,1317,0,1,0,753,754,C
5-NP,1318,740,1,0,0,741,A
5-NP,1319,0,730,0,0,730,T
5-NP,1320,0,1,730,0,731,G
5-NP,1321,723,0,0,0,723,A
5-NP,1322,2,4,727,0,733,G
5-NP,1323,0,3,732,0,735,G
5-NP,1324,0,0,728,0,728,G
5-NP,1325,0,0,0,730,730,C
5-NP,1326,723,0,0,0,723,A
5-NP,1327,0,1,722,0,723,G
5-NP,1328,716,0,0,0,716,A
5-NP,1329,721,0,0,0,721,A
5-NP,1330,718,0,0,0,718,A
5-NP,1331,0,711,0,0,711,T
5-NP,1332,2,1,0,703,706,C
5-NP,1333,705,0,0,0,705,A
5-NP,1334,1,704,0,0,705,T
5-NP,1335,703,0,1,0,704,A
5-NP,1336,700,0,1,0,701,A
5-NP,1337,1,4,712,0,717,G
5-NP,1338,707,0,0,0,707,A
5-NP,1339,712,0,0,0,712,A
5-NP,1340,0,700,0,0,700,T
5-NP,1341,0,0,702,0,702,G
5-NP,1342,702,0,0,0,702,A
5-NP,1343,0,699,0,1,700,T
5-NP,1344,0,0,700,0,700,G
5-NP,1345,0,1,698,0,699,G
5-NP,1346,681,0,0,0,681,A
5-NP,1347,678,0,0,0,678,A
5-NP,1348,0,0,657,0,657,G
5-NP,1349,0,0,668,1,669,G
5-NP,1350,0,655,0,3,658,T
5-NP,1351,0,1,654,0,655,G
5-NP,1352,0,0,0,654,654,C
5-NP,1353,656,0,0,0,656,A
5-NP,1354,658,0,0,0,658,A
5-NP,1355,651,0,0,0,651,A
5-NP,1356,665,0,0,0,665,A
5-NP,1357,0,0,0,665,665,C
5-NP,1358,1,0,0,650,651,C
5-NP,1359,637,0,0,0,637,A
5-NP,1360,0,2,643,0,645,G
5-NP,1361,643,0,0,1,644,A
5-NP,1362,644,0,0,0,644,A
5-NP,1363,0,2,644,0,646,G
5-NP,1364,639,0,1,0,640,A
5-NP,1365,609,0,1,0,610,A
5-NP,1366,0,0,622,0,622,G
5-NP,1367,0,604,0,0,604,T
5-NP,1368,0,0,613,0,613,G
5-NP,1369,0,604,0,2,606,T
5-NP,1370,7,0,0,599,606,C
5-NP,1371,607,0,0,0,607,A
5-NP,1372,0,621,0,0,621,T
5-NP,1373,0,619,0,0,619,T
5-NP,1374,1,0,0,618,619,C
5-NP,1375,1,0,0,606,607,C
5-NP,1376,1,0,605,0,606,G
5-NP,1377,1,3,604,0,608,G
5-NP,1378,0,1,607,0,608,G
5-NP,1379,1,1,606,0,608,G
5-NP,1380,1,1,606,0,608,G
5-NP,1381,585,0,0,0,585,A
5-NP,1382,0,1,585,0,586,G
5-NP,1383,0,3,583,0,586,G
5-NP,1384,0,2,584,0,586,G
5-NP,1385,0,2,586,0,588,G
5-NP,1386,581,0,0,0,581,A
5-NP,1387,0,0,584,0,584,G
5-NP,1388,0,582,1,0,583,T
5-NP,1389,0,578,1,0,579,T
5-NP,1390,0,580,0,0,580,T
5-NP,1391,1,580,1,0,582,T
5-NP,1392,0,2,0,580,582,C
5-NP,1393,1,3,576,0,580,G
5-NP,1394,580,0,0,0,580,A
5-NP,1395,0,0,589,0,589,G
5-NP,1396,0,0,0,584,584,C
5-NP,1397,1,580,0,0,581,T
5-NP,1398,1,0,1,583,585,C
5-NP,1399,0,582,0,0,582,T
5-NP,1400,1,0,0,585,586,C
5-NP,1401,584,0,0,0,584,A
5-NP,1402,0,0,592,0,592,G
5-NP,1403,592,0,0,0,592,A
5-NP,1404,2,1,0,586,589,C
5-NP,1405,0,3,584,0,587,G
5-NP,1406,577,0,0,0,577,A
5-NP,1407,0,2,581,0,583,G
5-NP,1408,575,1,0,0,576,A
5-NP,1409,572,0,2,0,574,A
5-NP,1410,0,0,573,0,573,G
5-NP,1411,0,1,567,0,568,G
5-NP,1412,0,1,0,566,567,C
5-NP,1413,563,0,0,0,563,A
5-NP,1414,563,0,0,0,563,A
5-NP,1415,0,0,0,560,560,C
5-NP,1416,1,4,563,0,568,G
5-NP,1417,570,0,1,0,571,A
5-NP,1418,571,0,0,0,571,A
5-NP,1419,2,0,0,563,565,C
5-NP,1420,1,0,0,565,566,C
5-NP,1421,2,0,0,560,562,C
5-NP,1422,0,1,560,0,561,G
5-NP,1423,566,0,0,0,566,A
5-NP,1424,0,565,0,1,566,T
5-NP,1425,3,0,0,550,553,C
5-NP,1426,0,0,547,0,547,G
5-NP,1427,0,545,0,0,545,T
5-NP,1428,1,0,542,0,543,G
5-NP,1429,0,0,0,543,543,C
5-NP,1430,2,0,0,545,547,C
5-NP,1431,2,0,0,548,550,C
5-NP,1432,0,542,0,1,543,T
5-NP,1433,0,0,0,563,563,C
5-NP,1434,0,561,0,0,561,T
5-NP,1435,0,554,2,0,556,T
5-NP,1436,0,556,0,0,556,T
5-NP,1437,1,549,0,0,550,T
5-NP,1438,0,0,559,0,559,G
5-NP,1439,555,0,0,0,555,A
5-NP,1440,0,554,0,0,554,T
5-NP,1441,544,0,1,0,545,A
5-NP,1442,0,461,0,0,461,T
5-NP,1443,0,3,462,0,465,G
5-NP,1444,457,0,1,0,458,A
5-NP,1445,0,1,463,0,464,G
5-NP,1446,0,460,0,0,460,T
5-NP,1447,449,0,0,0,449,A
5-NP,1448,449,0,0,0,449,A
5-NP,1449,0,446,0,0,446,T
5-NP,1450,0,1,443,0,444,G
5-NP,1451,441,0,0,0,441,A
5-NP,1452,395,0,0,0,395,A
5-NP,1453,0,2,388,0,390,G
5-NP,1454,1,0,363,0,364,G
5-NP,1455,362,0,0,0,362,A
5-NP,1456,0,361,0,0,361,T
5-NP,1457,0,0,0,359,359,C
5-NP,1458,0,353,0,1,354,T
5-NP,1459,0,352,0,0,352,T
5-NP,1460,355,0,0,0,355,A
5-NP,1461,0,353,0,1,354,T
5-NP,1462,0,352,0,0,352,T
5-NP,1463,0,350,0,0,350,T
5-NP,1464,1,0,0,337,338,C
5-NP,1465,0,324,0,0,324,T
5-NP,1466,0,324,0,0,324,T
5-NP,1467,1,0,0,322,323,C
5-NP,1468,0,0,318,0,318,G
5-NP,1469,0,0,318,0,318,G
5-NP,1470,319,0,0,0,319,A
5-NP,1471,0,1,318,0,319,G
5-NP,1472,316,0,0,0,316,A
5-NP,1473,0,0,0,313,313,C
5-NP,1474,293,0,0,0,293,A
5-NP,1475,293,1,1,0,295,A
5-NP,1476,0,295,0,0,295,T
5-NP,1477,0,0,294,0,294,G
5-NP,1478,0,0,0,295,295,C
5-NP,1479,284,0,0,0,284,A
5-NP,1480,0,0,285,0,285,G
5-NP,1481,281,0,0,2,283,A
5-NP,1482,264,0,0,0,264,A
5-NP,1483,0,0,264,0,264,G
5-NP,1484,178,0,0,0,178,A
5-NP,1485,0,0,176,0,176,G
5-NP,1486,0,159,0,0,159,T
5-NP,1487,159,0,0,0,159,A
5-NP,1488,0,0,1,158,159,C
5-NP,1489,0,0,144,0,144,G
5-NP,1490,144,0,0,0,144,A
5-NP,1491,0,0,0,142,142,C
5-NP,1492,102,0,0,0,102,A
5-NP,1493,102,0,0,0,102,A
5-NP,1494,0,82,0,0,82,T
5-NP,1495,0,79,0,0,79,T
5-NP,1496,79,0,0,0,79,A
5-NP,1497,76,0,0,0,76,A
6-NA,1,29,0,0,0,29,A
6-NA,2,0,29,0,0,29,T
6-NA,3,0,0,29,0,29,G
6-NA,4,29,0,0,0,29,A
6-NA,5,33,0,0,0,33,A
6-NA,6,0,33,0,0,33,T
6-NA,7,0,0,0,33,33,C
6-NA,8,0,0,0,32,32,C
6-NA,9,33,0,0,0,33,A
6-NA,10,34,0,0,0,34,A
6-NA,11,34,0,0,0,34,A
6-NA,12,0,34,0,0,34,T
6-NA,13,0,0,0,34,34,C
6-NA,14,34,0,0,0,34,A
6-NA,15,34,0,0,0,34,A
6-NA,16,34,0,0,0,34,A
6-NA,17,36,0,0,0,36,A
6-NA,18,0,0,40,0,40,G
6-NA,19,41,0,0,0,41,A
6-NA,20,0,41,0,0,41,T
6-NA,21,43,0,0,0,43,A
6-NA,22,43,0,0,0,43,A
6-NA,23,0,45,0,0,45,T
6-NA,24,45,0,0,0,45,A
6-NA,25,45,0,0,0,45,A
6-NA,26,0,0,0,46,46,C
6-NA,27,0,0,46,0,46,G
6-NA,28,47,0,0,0,47,A
6-NA,29,1,46,0,0,47,T
6-NA,30,0,47,0,0,47,T
6-NA,31,0,0,47,0,47,G
6-NA,32,0,0,53,0,53,G
6-NA,33,0,0,0,54,54,C
6-NA,34,0,54,0,0,54,T
6-NA,35,0,0,0,55,55,C
6-NA,36,0,56,0,0,56,T
6-NA,37,0,0,57,0,57,G
6-NA,38,0,56,0,0,56,T
6-NA,39,0,57,0,0,57,T
6-NA,40,0,58,0,0,58,T
6-NA,41,0,0,0,57,57,C
6-NA,42,0,58,0,0,58,T
6-NA,43,0,1,0,58,59,C
6-NA,44,0,58,0,1,59,T
6-NA,45,0,0,0,58,58,C
6-NA,46,58,0,0,0,58,A
6-NA,47,0,0,0,60,60,C
6-NA,48,0,0,0,61,61,C
6-NA,49,62,0,0,0,62,A
6-NA,50,0,65,0,0,65,T
6-NA,51,0,65,0,0,65,T
6-NA,52,0,65,0,0,65,T
6-NA,53,0,0,0,70,70,C
6-NA,54,0,0,0,70,70,C
6-NA,55,72,0,0,0,72,A
6-NA,56,0,0,0,73,73,C
6-NA,57,72,0,0,0,72,A
6-NA,58,76,0,0,0,76,A
6-NA,59,0,76,0,0,76,T
6-NA,60,81,0,0,0,81,A
6-NA,61,0,81,0,0,81,T
6-NA,62,0,0,81,0,81,G
6-NA,63,0,0,0,81,81,C
6-NA,64,0,80,0,1,81,T
6-NA,65,0,83,0,0,83,T
6-NA,66,0,0,0,83,83,C
6-NA,67,0,82,0,0,82,T
6-NA,68,0,82,0,0,82,T
6-NA,69,0,0,0,82,82,C
6-NA,70,82,0,0,0,82,A
6-NA,71,0,82,0,0,82,T
6-NA,72,0,1,82,0,83,G
6-NA,73,0,0,0,84,84,C
6-NA,74,84,0,0,0,84,A
6-NA,75,83,1,0,0,84,A
6-NA,76,84,0,0,0,84,A
6-NA,77,0,85,0,0,85,T
6-NA,78,0,84,0,0,84,T
6-NA,79,0,0,85,0,85,G
6-NA,80,0,0,0,85,85,C
6-NA,81,1,0,0,84,85,C
6-NA,82,86,0,0,0,86,A
6-NA,83,0,87,0,0,87,T
6-NA,84,0,0,0,95,95,C
6-NA,85,0,95,0,0,95,T
6-NA,86,0,94,0,0,94,T
6-NA,87,0,0,99,0,99,G
6-NA,88,99,0,0,0,99,A
6-NA,89,0,99,0,0,99,T
6-NA,90,99,0,0,0,99,A
6-NA,91,100,0,0,0,100,A
6-NA,92,0,0,0,108,108,C
6-NA,93,0,108,0,0,108,T
6-NA,94,110,0,0,0,110,A
6-NA,95,0,0,0,115,115,C
6-NA,96,0,112,0,0,112,T
6-NA,97,0,0,114,0,114,G
6-NA,98,0,113,0,1,114,T
6-NA,99,114,0,0,0,114,A
6-NA,100,116,0,0,0,116,A
6-NA,101,0,0,0,108,108,C
6-NA,102,109,0,0,0,109,A
6-NA,103,0,110,0,0,110,T
6-NA,104,0,108,0,0,108,T
6-NA,105,1,0,107,0,108,G
6-NA,106,0,0,0,108,108,C
6-NA,107,109,0,0,0,109,A
6-NA,108,0,111,0,0,111,T
6-NA,109,0,110,0,0,110,T
6-NA,110,0,110,0,0,110,T
6-NA,111,2,0,0,109,111,C
6-NA,112,111,0,0,0,111,A
6-NA,113,112,0,0,0,112,A
6-NA,114,0,0,112,0,112,G
6-NA,115,0,0,0,112,112,C
6-NA,116,111,0,0,0,111,A
6-NA,117,113,0,0,0,113,A
6-NA,118,0,114,0,0,114,T
6-NA,119,114,0,0,0,114,A
6-NA,120,0,114,0,0,114,T
6-NA,121,0,0,115,0,115,G
6-NA,122,115,0,0,0,115,A
6-NA,123,117,0,0,0,117,A
6-NA,124,0,118,0,0,118,T
6-NA,125,0,117,0,0,117,T
6-NA,126,0,0,0,117,117,C
6-NA,127,117,0,0,0,117,A
6-NA,128,118,0,0,0,118,A
6-NA,129,0,0,0,118,118,C
6-NA,130,0,119,0,0,119,T
6-NA,131,1,0,0,119,120,C
6-NA,132,1,0,0,120,121,C
6-NA,133,1,0,0,120,121,C
6-NA,134,2,0,0,120,122,C
6-NA,135,0,0,0,122,122,C
6-NA,136,0,0,0,126,126,C
6-NA,137,1,0,0,125,126,C
6-NA,138,125,0,0,0,125,A
6-NA,139,126,0,0,0,126,A
6-NA,140,126,0,0,0,126,A
6-NA,141,0,0,0,128,128,C
6-NA,142,127,0,0,0,127,A
6-NA,143,130,0,0,0,130,A
6-NA,144,0,0,0,131,131,C
6-NA,145,0,0,0,129,129,C
6-NA,146,135,0,0,0,135,A
6-NA,147,135,0,0,0,135,A
6-NA,148,0,0,140,0,140,G
6-NA,149,0,140,0,0,140,T
6-NA,150,0,0,140,1,141,G
6-NA,151,140,0,0,0,140,A
6-NA,152,0,141,0,0,141,T
6-NA,153,0,0,140,0,140,G
6-NA,154,0,0,0,141,141,C
6-NA,155,0,140,0,0,140,T
6-NA,156,0,0,151,0,151,G
6-NA,157,0,148,0,0,148,T
6-NA,158,0,0,151,0,151,G
6-NA,159,0,149,0,0,149,T
6-NA,160,0,0,149,0,149,G
6-NA,161,148,0,0,0,148,A
6-NA,162,152,0,0,0,152,A
6-NA,163,0,0,0,153,153,C
6-NA,164,1,0,0,150,151,C
6-NA,165,139,0,0,0,139,A
6-NA,166,139,0,0,0,139,A
6-NA,167,0,1,0,147,148,C
6-NA,168,148,0,1,0,149,A
6-NA,169,148,0,0,0,148,A
6-NA,170,0,150,0,0,150,T
6-NA,171,150,0,0,0,150,A
6-NA,172,150,0,0,0,150,A
6-NA,173,0,150,0,0,150,T
6-NA,174,148,0,1,0,149,A
6-NA,175,0,1,150,0,151,G
6-NA,176,145,0,0,0,145,A
6-NA,177,146,0,0,0,146,A
6-NA,178,148,0,0,0,148,A
6-NA,179,0,0,151,0,151,G
6-NA,180,152,0,0,0,152,A
6-NA,181,152,0,0,0,152,A
6-NA,182,165,0,0,0,165,A
6-NA,183,0,0,0,168,168,C
6-NA,184,168,0,0,0,168,A
6-NA,185,0,171,0,0,171,T
6-NA,186,171,0,0,0,171,A
6-NA,187,171,0,0,0,171,A
6-NA,188,0,0,0,177,177,C
6-NA,189,173,0,0,0,173,A
6-NA,190,0,0,180,0,180,G
6-NA,191,176,0,1,0,177,A
6-NA,192,0,0,178,0,178,G
6-NA,193,176,0,2,1,179,A
6-NA,194,0,183,0,0,183,T
6-NA,195,184,0,0,0,184,A
6-NA,196,0,0,186,0,186,G
6-NA,197,0,181,0,1,182,T
6-NA,198,0,0,187,1,188,G
6-NA,199,0,181,0,1,182,T
6-NA,200,182,0,0,0,182,A
6-NA,201,0,178,0,1,179,T
6-NA,202,0,0,0,179,179,C
6-NA,203,0,178,0,0,178,T
6-NA,204,0,0,183,0,183,G
6-NA,205,184,0,0,0,184,A
6-NA,206,2,0,0,182,184,C
6-NA,207,0,0,0,181,181,C
6-NA,208,183,0,0,0,183,A
6-NA,209,184,0,1,0,185,A
6-NA,210,1,0,0,185,186,C
6-NA,211,187,0,0,0,187,A
6-NA,212,0,0,0,190,190,C
6-NA,213,0,0,0,192,192,C
6-NA,214,199,0,0,0,199,A
6-NA,215,0,1,0,209,210,C
6-NA,216,0,0,0,208,208,C
6-NA,217,208,1,0,0,209,A
6-NA,218,1,207,0,0,208,T
6-NA,219,206,1,0,0,207,A
6-NA,220,0,0,208,0,208,G
6-NA,221,202,0,0,0,202,A
6-NA,222,0,0,208,0,208,G
6-NA,223,204,0,0,0,204,A
6-NA,224,200,0,0,0,200,A
6-NA,225,0,0,201,0,201,G
6-NA,226,0,1,202,0,203,G
6-NA,227,204,0,0,0,204,A
6-NA,228,205,0,0,0,205,A
6-NA,229,206,0,0,0,206,A
6-NA,230,0,207,0,0,207,T
6-NA,231,205,0,0,0,205,A
6-NA,232,0,203,0,0,203,T
6-NA,233,0,0,201,0,201,G
6-NA,234,0,200,0,1,201,T
6-NA,235,0,0,0,204,204,C
6-NA,236,1,0,0,202,203,C
6-NA,237,1,0,0,205,206,C
6-NA,238,206,0,0,0,206,A
6-NA,239,208,0,1,0,209,A
6-NA,240,211,0,0,0,211,A
6-NA,241,0,1,0,210,211,C
6-NA,242,0,211,0,0,211,T
6-NA,243,210,0,0,0,210,A
6-NA,244,0,0,209,0,209,G
6-NA,245,0,0,0,209,209,C
6-NA,246,208,0,0,0,208,A
6-NA,247,0,1,212,0,213,G
6-NA,248,208,0,0,0,208,A
6-NA,249,220,0,0,0,220,A
6-NA,250,0,218,0,0,218,T
6-NA,251,223,0,0,0,223,A
6-NA,252,0,0,0,222,222,C
6-NA,253,219,1,0,0,220,A
6-NA,254,0,0,221,0,221,G
6-NA,255,222,0,0,0,222,A
6-NA,256,220,0,0,0,220,A
6-NA,257,222,0,0,0,222,A
6-NA,258,0,214,0,0,214,T
6-NA,259,0,213,0,0,213,T
6-NA,260,0,1,215,0,216,G
6-NA,261,0,0,218,0,218,G
6-NA,262,0,217,0,1,218,T
6-NA,263,3,0,0,215,218,C
6-NA,264,219,0,0,0,219,A
6-NA,265,219,1,0,0,220,A
6-NA,266,220,0,0,0,220,A
6-NA,267,0,1,220,0,221,G
6-NA,268,0,0,0,220,220,C
6-NA,269,0,0,0,221,221,C
6-NA,270,0,0,222,0,222,G
6-NA,271,0,0,0,224,224,C
6-NA,272,226,0,0,0,226,A
6-NA,273,225,0,0,0,225,A
6-NA,274,0,223,0,0,223,T
6-NA,275,0,0,222,0,222,G
6-NA,276,0,1,0,215,216,C
6-NA,277,0,1,219,0,220,G
6-NA,278,227,0,0,0,227,A
6-NA,279,0,0,0,229,229,C
6-NA,280,231,0,0,0,231,A
6-NA,281,0,236,0,0,236,T
6-NA,282,0,235,0,0,235,T
6-NA,283,237,0,0,0,237,A
6-NA,284,0,0,0,237,237,C
6-NA,285,234,0,0,0,234,A
6-NA,286,0,0,236,0,236,G
6-NA,287,0,0,236,0,236,G
6-NA,288,236,0,0,1,237,A
6-NA,289,0,231,0,0,231,T
6-NA,290,0,232,0,0,232,T
6-NA,291,0,232,0,0,232,T
6-NA,292,0,0,232,0,232,G
6-NA,293,0,0,0,232,232,C
6-NA,294,232,0,0,0,232,A
6-NA,295,0,0,0,232,232,C
6-NA,296,0,0,0,230,230,C
6-NA,297,1,226,0,1,228,T
6-NA,298,0,230,0,0,230,T
6-NA,299,0,230,0,0,230,T
6-NA,300,0,234,0,0,234,T
6-NA,301,0,242,0,0,242,T
6-NA,302,1,0,0,246,247,C
6-NA,303,0,243,0,0,243,T
6-NA,304,243,0,0,0,243,A
6-NA,305,241,0,1,0,242,A
6-NA,306,0,0,241,0,241,G
6-NA,307,0,1,241,0,242,G
6-NA,308,242,0,0,0,242,A
6-NA,309,0,0,0,242,242,C
6-NA,310,238,0,0,0,238,A
6-NA,311,239,0,0,0,239,A
6-NA,312,0,240,0,0,240,T
6-NA,313,0,240,0,0,240,T
6-NA,314,0,0,0,244,244,C
6-NA,315,0,1,241,0,242,G
6-NA,316,241,0,0,0,241,A
6-NA,317,0,238,0,0,238,T
6-NA,318,0,242,0,0,242,T
6-NA,319,240,0,0,0,240,A
6-NA,320,0,0,241,0,241,G
6-NA,321,0,0,243,0,243,G
6-NA,322,0,0,0,244,244,C
6-NA,323,0,239,0,0,239,T
6-NA,324,0,243,0,0,243,T
6-NA,325,0,241,0,0,241,T
6-NA,326,0,1,0,242,243,C
6-NA,327,1,0,0,243,244,C
6-NA,328,0,0,244,0,244,G
6-NA,329,0,1,0,245,246,C
6-NA,330,0,246,0,0,246,T
6-NA,331,0,0,252,0,252,G
6-NA,332,0,0,254,0,254,G
6-NA,333,0,252,0,0,252,T
6-NA,334,1,0,252,0,253,G
6-NA,335,0,1,247,0,248,G
6-NA,336,1,0,249,0,250,G
6-NA,337,0,1,249,0,250,G
6-NA,338,251,0,0,0,251,A
6-NA,339,1,0,0,255,256,C
6-NA,340,252,0,1,0,253,A
6-NA,341,0,254,0,0,254,T
6-NA,342,0,0,0,253,253,C
6-NA,343,0,249,0,0,249,T
6-NA,344,0,0,254,0,254,G
6-NA,345,0,0,252,0,252,G
6-NA,346,0,0,261,0,261,G
6-NA,347,0,256,0,0,256,T
6-NA,348,0,0,256,0,256,G
6-NA,349,258,0,0,0,258,A
6-NA,350,1,0,0,265,266,C
6-NA,351,266,0,0,0,266,A
6-NA,352,289,0,0,0,289,A
6-NA,353,0,0,301,0,301,G
6-NA,354,302,0,0,0,302,A
6-NA,355,0,0,315,0,315,G
6-NA,356,318,0,0,0,318,A
6-NA,357,346,0,1,0,347,A
6-NA,358,0,0,0,458,458,C
6-NA,359,1,0,0,486,487,C
6-NA,360,0,485,0,0,485,T
6-NA,361,0,495,0,0,495,T
6-NA,362,495,0,0,0,495,A
6-NA,363,0,500,0,0,500,T
6-NA,364,0,0,527,0,527,G
6-NA,365,0,527,0,1,528,T
6-NA,366,0,0,548,0,548,G
6-NA,367,0,544,0,1,545,T
6-NA,368,2,0,0,545,547,C
6-NA,369,556,0,1,1,558,A
6-NA,370,0,557,0,2,559,T
6-NA,371,0,0,558,0,558,G
6-NA,372,0,1,0,561,562,C
6-NA,373,1,1,555,0,557,G
6-NA,374,647,0,2,0,649,A
6-NA,375,0,652,0,0,652,T
6-NA,376,3,1,1,654,659,C
6-NA,377,2,0,0,658,660,C
6-NA,378,0,673,0,1,674,T
6-NA,379,0,6,679,0,685,G
6-NA,380,680,0,2,0,682,A
6-NA,381,0,0,0,683,683,C
6-NA,382,681,0,0,0,681,A
6-NA,383,667,0,0,0,667,A
6-NA,384,0,1,700,0,701,G
6-NA,385,0,700,0,0,700,T
6-NA,386,0,0,708,0,708,G
6-NA,387,0,712,0,0,712,T
6-NA,388,0,707,0,4,711,T
6-NA,389,709,0,3,0,712,A
6-NA,390,1,711,0,0,712,T
6-NA,391,4,0,0,720,724,C
6-NA,392,718,0,0,0,718,A
6-NA,393,713,0,0,0,713,A
6-NA,394,0,715,0,0,715,T
6-NA,395,0,716,0,0,716,T
6-NA,396,0,717,0,0,717,T
6-NA,397,0,0,720,0,720,G
6-NA,398,0,1,0,769,770,C
6-NA,399,2,1,0,766,769,C
6-NA,400,4,0,0,770,774,C
6-NA,401,1,767,0,0,768,T
6-NA,402,0,770,0,0,770,T
6-NA,403,0,4,781,0,785,G
6-NA,404,0,4,791,0,795,G
6-NA,405,799,0,0,0,799,A
6-NA,406,1,0,1,799,801,C
6-NA,407,776,0,4,0,780,A
6-NA,408,0,3,797,0,800,G
6-NA,409,1,1,802,0,804,G
6-NA,410,1,4,837,0,842,G
6-NA,411,842,0,1,0,843,A
6-NA,412,841,0,0,0,841,A
6-NA,413,0,0,0,842,842,C
6-NA,414,823,0,2,0,825,A
6-NA,415,907,0,1,0,908,A
6-NA,416,0,2,0,907,909,C
6-NA,417,904,0,1,0,905,A
6-NA,418,1,0,0,916,917,C
6-NA,419,0,902,0,0,902,T
6-NA,420,923,0,0,0,923,A
6-NA,421,924,0,0,0,924,A
6-NA,422,931,0,0,0,931,A
6-NA,423,0,0,0,937,937,C
6-NA,424,886,0,0,0,886,A
6-NA,425,902,0,0,0,902,A
6-NA,426,1,0,0,908,909,C
6-NA,427,0,0,903,0,903,G
6-NA,428,0,901,0,0,901,T
6-NA,429,892,0,1,0,893,A
6-NA,430,1,0,0,893,894,C
6-NA,431,898,0,0,0,898,A
6-NA,432,0,902,0,1,903,T
6-NA,433,0,906,0,0,906,T
6-NA,434,2,0,0,909,911,C
6-NA,435,926,0,0,0,926,A
6-NA,436,927,0,1,1,929,A
6-NA,437,944,0,0,0,944,A
6-NA,438,0,950,0,0,950,T
6-NA,439,0,5,941,0,946,G
6-NA,440,965,0,0,0,965,A
6-NA,441,0,1,0,967,968,C
6-NA,442,966,0,0,0,966,A
6-NA,443,0,0,0,986,986,C
6-NA,444,979,0,0,0,979,A
6-NA,445,0,0,1223,0,1223,G
6-NA,446,0,1222,0,1,1223,T
6-NA,447,1243,0,0,0,1243,A
6-NA,448,0,0,0,1245,1245,C
6-NA,449,1,0,1239,0,1240,G
6-NA,450,1,1286,0,0,1287,T
6-NA,451,1,8,1278,0,1287,G
6-NA,452,1290,0,0,0,1290,A
6-NA,453,0,1295,0,0,1295,T
6-NA,454,1192,0,1,0,1193,A
6-NA,455,0,3,1193,0,1196,G
6-NA,456,0,5,1185,1,1191,G
6-NA,457,1195,0,0,0,1195,A
6-NA,458,0,1,0,1199,1200,C
6-NA,459,3,0,1,1177,1181,C
6-NA,460,3,0,0,1196,1199,C
6-NA,461,1,0,0,1199,1200,C
6-NA,462,0,1202,0,2,1204,T
6-NA,463,0,1211,0,0,1211,T
6-NA,464,1214,0,0,0,1214,A
6-NA,465,0,1217,0,1,1218,T
6-NA,466,4,0,0,1211,1215,C
6-NA,467,0,2,1201,0,1203,G
6-NA,468,0,5,1198,0,1203,G
6-NA,469,1199,0,0,0,1199,A
6-NA,470,1,0,0,1213,1214,C
6-NA,471,3,1,0,1205,1209,C
6-NA,472,4,0,0,1283,1287,C
6-NA,473,0,1285,0,1,1286,T
6-NA,474,1307,0,0,0,1307,A
6-NA,475,0,1306,0,1,1307,T
6-NA,476,0,1310,0,1,1311,T
6-NA,477,0,4,1311,0,1315,G
6-NA,478,1315,0,1,0,1316,A
6-NA,479,0,1310,0,1,1311,T
6-NA,480,0,4,1302,0,1306,G
6-NA,481,1263,0,1,0,1264,A
6-NA,482,1269,0,1,0,1270,A
6-NA,483,0,1263,0,0,1263,T
6-NA,484,0,7,1279,0,1286,G
6-NA,485,1323,0,0,0,1323,A
6-NA,486,0,0,1326,0,1326,G
6-NA,487,0,1324,0,0,1324,T
6-NA,488,0,1324,0,0,1324,T
6-NA,489,1323,0,1,0,1324,A
6-NA,490,0,2,1327,0,1329,G
6-NA,491,0,0,1323,0,1323,G
6-NA,492,1,1324,0,0,1325,T
6-NA,493,0,0,1318,0,1318,G
6-NA,494,0,1293,0,1,1294,T
6-NA,495,1,1286,0,1,1288,T
6-NA,496,7,0,0,1301,1308,C
6-NA,497,3,0,0,1311,1314,C
6-NA,498,0,1312,0,1,1313,T
6-NA,499,1,1309,0,0,1310,T
6-NA,500,0,1312,0,0,1312,T
6-NA,501,0,1309,0,3,1312,T
6-NA,502,9,0,0,1309,1318,C
6-NA,503,1313,0,2,0,1315,A
6-NA,504,0,1340,0,2,1342,T
6-NA,505,1,0,0,1338,1339,C
6-NA,506,0,1328,0,1,1329,T
6-NA,507,2,0,1325,1,1328,G
6-NA,508,0,3,1319,0,1322,G
6-NA,509,0,5,1321,0,1326,G
6-NA,510,0,4,1339,0,1343,G
6-NA,511,1335,0,1,0,1336,A
6-NA,512,1,0,0,1346,1347,C
6-NA,513,3,0,2,1322,1327,C
6-NA,514,1336,0,0,0,1336,A
6-NA,515,1335,1,3,0,1339,A
6-NA,516,2,0,1339,0,1341,G
6-NA,517,0,0,0,1340,1340,C
6-NA,518,1335,0,0,0,1335,A
6-NA,519,1358,0,2,0,1360,A
6-NA,520,0,0,1369,0,1369,G
6-NA,521,1,1353,0,2,1356,T
6-NA,522,1,0,1388,0,1389,G
6-NA,523,2,1380,0,1,1383,T
6-NA,524,4,1,1419,0,1424,G
6-NA,525,2,2,0,1416,1420,C
6-NA,526,1417,0,0,0,1417,A
6-NA,527,0,1434,0,0,1434,T
6-NA,528,1403,1,0,0,1404,A
6-NA,529,1,0,1452,0,1453,G
6-NA,530,3,0,0,1448,1451,C
6-NA,531,1413,0,0,0,1413,A
6-NA,532,0,1413,0,0,1413,T
6-NA,533,1,4,1382,0,1387,G
6-NA,534,0,1,1498,0,1499,G
6-NA,535,0,1490,0,2,1492,T
6-NA,536,4,0,0,1493,1497,C
6-NA,537,4,2,0,1491,1497,C
6-NA,538,1498,0,0,0,1498,A
6-NA,539,0,0,1567,0,1567,G
6-NA,540,0,0,0,1571,1571,C
6-NA,541,0,1566,1,1,1568,T
6-NA,542,1,2,0,1571,1574,C
6-NA,543,1531,0,0,0,1531,A
6-NA,544,1544,1,1,0,1546,A
6-NA,545,0,0,1556,0,1556,G
6-NA,546,2,1601,0,1,1604,T
6-NA,547,0,1594,0,0,1594,T
6-NA,548,1,0,1603,0,1604,G
6-NA,549,0,1601,0,3,1604,T
6-NA,550,5,0,0,1599,1604,C
6-NA,551,1602,0,0,0,1602,A
6-NA,552,0,0,0,1617,1617,C
6-NA,553,0,3,1609,0,1612,G
6-NA,554,1668,0,0,0,1668,A
6-NA,555,0,1670,0,2,1672,T
6-NA,556,0,3,1705,1,1709,G
6-NA,557,0,0,1717,1,1718,G
6-NA,558,1710,0,3,0,1713,A
6-NA,559,1715,0,1,0,1716,A
6-NA,560,1745,0,0,0,1745,A
6-NA,561,1733,0,8,1,1742,A
6-NA,562,2,1,1770,1,1774,G
6-NA,563,0,1,0,1770,1771,C
6-NA,564,1765,0,2,0,1767,A
6-NA,565,0,1765,0,0,1765,T
6-NA,566,1,5,1789,0,1795,G
6-NA,567,0,0,1805,0,1805,G
6-NA,568,0,0,0,1819,1819,C
6-NA,569,1,1814,0,0,1815,T
6-NA,570,0,1,1831,0,1832,G
6-NA,571,0,0,0,1822,1822,C
6-NA,572,1832,0,1,0,1833,A
6-NA,573,0,1912,1,1,1914,T
6-NA,574,3,1,1919,0,1923,G
6-NA,575,1,1934,2,0,1937,T
6-NA,576,0,1991,0,2,1993,T
6-NA,577,0,1986,0,0,1986,T
6-NA,578,0,1,2137,0,2138,G
6-NA,579,0,2128,0,1,2129,T
6-NA,580,2130,1,2,0,2133,A
6-NA,581,0,2131,0,2,2133,T
6-NA,582,2101,0,0,0,2101,A
6-NA,583,2123,0,2,0,2125,A
6-NA,584,0,3,0,2118,2121,C
6-NA,585,2,6,2090,0,2098,G
6-NA,586,0,7,2101,0,2108,G
6-NA,587,1,6,2054,0,2061,G
6-NA,588,1,9,2062,0,2072,G
6-NA,589,3,2,2079,1,2085,G
6-NA,590,2068,0,6,0,2074,A
6-NA,591,0,2093,0,0,2093,T
6-NA,592,1,4,2097,0,2102,G
6-NA,593,2116,0,4,0,2120,A
6-NA,594,1,2119,0,3,2123,T
6-NA,595,2121,0,0,0,2121,A
6-NA,596,2167,2,0,0,2169,A
6-NA,597,2183,0,0,0,2183,A
6-NA,598,2185,1,2,0,2188,A
6-NA,599,2197,1,1,0,2199,A
6-NA,600,0,2191,0,0,2191,T
6-NA,601,0,1,2194,0,2195,G
6-NA,602,1,2,0,2191,2194,C
6-NA,603,2183,0,3,0,2186,A
6-NA,604,2192,0,2,1,2195,A
6-NA,605,0,0,0,2219,2219,C
6-NA,606,0,2214,0,0,2214,T
6-NA,607,1,0,2229,0,2230,G
6-NA,608,0,1,0,2225,2226,C
6-NA,609,0,2229,0,0,2229,T
6-NA,610,2229,0,2,0,2231,A
6-NA,611,1,1,2238,0,2240,G
6-NA,612,1,0,0,2249,2250,C
6-NA,613,0,2251,0,5,2256,T
6-NA,614,0,2254,0,1,2255,T
6-NA,615,4,0,0,2288,2292,C
6-NA,616,2301,0,0,0,2301,A
6-NA,617,2,2305,0,0,2307,T
6-NA,618,0,2305,0,2,2307,T
6-NA,619,0,2314,0,2,2316,T
6-NA,620,2321,0,2,1,2324,A
6-NA,621,0,3,0,2344,2347,C
6-NA,622,2327,1,1,0,2329,A
6-NA,623,2341,0,3,1,2345,A
6-NA,624,0,2331,0,0,2331,T
6-NA,625,0,3,2327,0,2330,G
6-NA,626,1,1,2326,0,2328,G
6-NA,627,1,3,2325,0,2329,G
6-NA,628,2319,1,2,0,2322,A
6-NA,629,0,7,2380,0,2387,G
6-NA,630,1,1,2405,0,2407,G
6-NA,631,0,1,0,2599,2600,C
6-NA,632,0,2597,0,1,2598,T
6-NA,633,0,2635,0,1,2636,T
6-NA,634,7,1,2660,0,2668,G
6-NA,635,0,2664,0,0,2664,T
6-NA,636,2717,1,2,0,2720,A
6-NA,637,0,0,2729,0,2729,G
6-NA,638,2668,0,2,0,2670,A
6-NA,639,0,2676,0,2,2678,T
6-NA,640,2483,1,1,0,2485,A
6-NA,641,0,1,2488,0,2489,G
6-NA,642,0,2435,0,2,2437,T
6-NA,643,0,1,2378,0,2379,G
6-NA,644,0,2477,0,1,2478,T
6-NA,645,0,2477,0,4,2481,T
6-NA,646,3,0,2534,0,2537,G
6-NA,647,0,2521,1,4,2526,T
6-NA,648,1,2523,0,3,2527,T
6-NA,649,0,2528,0,4,2532,T
6-NA,650,3,0,0,2491,2494,C
6-NA,651,2484,0,0,2,2486,A
6-NA,652,0,2475,0,1,2476,T
6-NA,653,2,15,2462,2,2481,G
6-NA,654,0,1,2652,0,2653,G
6-NA,655,0,2601,0,3,2604,T
6-NA,656,10,3,0,2583,2596,C
6-NA,657,6,0,0,2585,2591,C
6-NA,658,2602,0,2,0,2604,A
6-NA,659,2627,0,2,0,2629,A
6-NA,660,2619,0,7,1,2627,A
6-NA,661,0,16,2638,0,2654,G
6-NA,662,2642,1,1,0,2644,A
6-NA,663,2572,0,3,0,2575,A
6-NA,664,2578,0,3,0,2581,A
6-NA,665,0,2572,0,0,2572,T
6-NA,666,2,0,0,2655,2657,C
6-NA,667,7,24,0,2620,2651,C
6-NA,668,0,2634,0,2,2636,T
6-NA,669,2,2,0,2642,2646,C
6-NA,670,2634,1,2,0,2637,A
6-NA,671,0,5,2660,0,2665,G
6-NA,672,2,5,2661,0,2668,G
6-NA,673,2735,0,2,0,2737,A
6-NA,674,2,0,0,2731,2733,C
6-NA,675,1,1,0,2692,2694,C
6-NA,676,6,2,0,2681,2689,C
6-NA,677,2693,0,3,0,2696,A
6-NA,678,0,3,2694,1,2698,G
6-NA,679,1,7,2700,0,2708,G
6-NA,680,2686,2,1,0,2689,A
6-NA,681,1,2,2721,2,2726,G
6-NA,682,0,2686,0,6,2692,T
6-NA,683,12,0,0,2687,2699,C
6-NA,684,2682,1,3,0,2686,A
6-NA,685,0,3,2710,0,2713,G
6-NA,686,2704,1,6,0,2711,A
6-NA,687,2705,0,1,0,2706,A
6-NA,688,0,2695,0,1,2696,T
6-NA,689,0,1,2710,0,2711,G
6-NA,690,0,0,0,2708,2708,C
6-NA,691,2,0,2720,0,2722,G
6-NA,692,0,2711,0,0,2711,T
6-NA,693,0,2714,0,0,2714,T
6-NA,694,0,2695,0,0,2695,T
6-NA,695,1,3,2717,0,2721,G
6-NA,696,1,2718,1,1,2721,T
6-NA,697,2714,0,2,0,2716,A
6-NA,698,1,2696,0,3,2700,T
6-NA,699,6,0,0,2694,2700,C
6-NA,700,2689,0,0,0,2689,A
6-NA,701,2691,0,2,0,2693,A
6-NA,702,0,2693,0,1,2694,T
6-NA,703,3,8,2683,0,2694,G
6-NA,704,1,17,2664,0,2682,G
6-NA,705,2731,0,1,0,2732,A
6-NA,706,2735,0,2,0,2737,A
6-NA,707,2,0,0,2765,2767,C
6-NA,708,0,2773,0,3,2776,T
6-NA,709,0,2774,0,0,2774,T
6-NA,710,2,3,2845,0,2850,G
6-NA,711,1,2850,0,1,2852,T
6-NA,712,2843,0,1,0,2844,A
6-NA,713,0,2,0,2887,2889,C
6-NA,714,2813,0,3,0,2816,A
6-NA,715,3,0,2997,1,3001,G
6-NA,716,0,2970,0,2,2972,T
6-NA,717,3096,0,1,0,3097,A
6-NA,718,0,2,3113,0,3115,G
6-NA,719,0,3039,0,0,3039,T
6-NA,720,3029,0,0,0,3029,A
6-NA,721,3030,0,0,0,3030,A
6-NA,722,2,3007,0,1,3010,T
6-NA,723,4,24,2993,0,3021,G
6-NA,724,2926,0,4,0,2930,A
6-NA,725,0,1,0,2950,2951,C
6-NA,726,0,2855,0,0,2855,T
6-NA,727,0,6,2867,0,2873,G
6-NA,728,2860,0,4,0,2864,A
6-NA,729,0,2879,0,0,2879,T
6-NA,730,0,6,2868,0,2874,G
6-NA,731,1,4,2863,0,2868,G
6-NA,732,2,13,2864,1,2880,G
6-NA,733,2824,1,2,0,2827,A
6-NA,734,3,0,2823,0,2826,G
6-NA,735,0,2797,0,3,2800,T
6-NA,736,9,1,2811,0,2821,G
6-NA,737,0,0,0,2814,2814,C
6-NA,738,1,2801,0,2,2804,T
6-NA,739,0,2804,0,3,2807,T
6-NA,740,7,1,0,2784,2792,C
6-NA,741,1,5,2770,0,2776,G
6-NA,742,1,2,2817,0,2820,G
6-NA,743,1,11,2806,0,2818,G
6-NA,744,2812,0,3,1,2816,A
6-NA,745,2791,0,2,0,2793,A
6-NA,746,2785,1,1,0,2787,A
6-NA,747,2805,1,3,0,2809,A
6-NA,748,2,2,2822,1,2827,G
6-NA,749,0,4,0,2818,2822,C
6-NA,750,0,2800,0,1,2801,T
6-NA,751,2,5,2801,1,2809,G
6-NA,752,2799,0,2,1,2802,A
6-NA,753,0,2836,0,1,2837,T
6-NA,754,2849,1,0,0,2850,A
6-NA,755,2,0,0,3012,3014,C
6-NA,756,1,2990,0,1,2992,T
6-NA,757,3000,0,2,0,3002,A
6-NA,758,2999,1,2,1,3003,A
6-NA,759,3008,0,0,0,3008,A
6-NA,760,3067,0,1,0,3068,A
6-NA,761,0,3059,0,0,3059,T
6-NA,762,3048,0,1,0,3049,A
6-NA,763,4,0,0,3058,3062,C
6-NA,764,0,2932,0,3,2935,T
6-NA,765,2994,0,3,0,2997,A
6-NA,766,0,2976,0,4,2980,T
6-NA,767,0,3213,0,1,3214,T
6-NA,768,13,3,0,3240,3256,C
6-NA,769,3201,0,3,1,3205,A
6-NA,770,1,3195,0,0,3196,T
6-NA,771,1,3188,0,0,3189,T
6-NA,772,3155,0,2,0,3157,A
6-NA,773,3151,0,2,0,3153,A
6-NA,774,4,3,3179,1,3187,G
6-NA,775,0,6,3177,0,3183,G
6-NA,776,2971,0,1,0,2972,A
6-NA,777,1,5,2993,0,2999,G
6-NA,778,4,10,2991,1,3006,G
6-NA,779,1,5,2998,0,3004,G
6-NA,780,2,4,3005,0,3011,G
6-NA,781,3000,0,4,5,3009,A
6-NA,782,3011,0,2,1,3014,A
6-NA,783,3002,0,2,0,3004,A
6-NA,784,2997,0,3,1,3001,A
6-NA,785,0,3007,0,0,3007,T
6-NA,786,11,2,1,2958,2972,C
6-NA,787,3,1,3018,0,3022,G
6-NA,788,0,3012,0,1,3013,T
6-NA,789,3,3003,0,1,3007,T
6-NA,790,13,2,0,2999,3014,C
6-NA,791,2994,0,1,0,2995,A
6-NA,792,0,3224,0,0,3224,T
6-NA,793,3220,0,2,0,3222,A
6-NA,794,2,0,0,3246,3248,C
6-NA,795,0,3238,0,1,3239,T
6-NA,796,3253,0,2,0,3255,A
6-NA,797,3,2,3252,0,3257,G
6-NA,798,0,0,0,3245,3245,C
6-NA,799,3246,0,2,0,3248,A
6-NA,800,1,0,0,3252,3253,C
6-NA,801,3115,1,0,0,3116,A
6-NA,802,1,3250,0,1,3252,T
6-NA,803,0,3226,0,1,3227,T
6-NA,804,0,1,3468,0,3469,G
6-NA,805,0,3434,0,3,3437,T
6-NA,806,18,1,0,3415,3434,C
6-NA,807,3423,1,4,0,3428,A
6-NA,808,0,7,3432,0,3439,G
6-NA,809,0,6,3457,0,3463,G
6-NA,810,3443,1,2,0,3446,A
6-NA,811,3381,0,3,1,3385,A
6-NA,812,1,2,3441,0,3444,G
6-NA,813,2,3260,0,2,3264,T
6-NA,814,1,3,3273,1,3278,G
6-NA,815,1,1,0,3277,3279,C
6-NA,816,0,3270,0,1,3271,T
6-NA,817,11,0,0,3282,3293,C
6-NA,818,3267,0,1,0,3268,A
6-NA,819,0,2,3291,0,3293,G
6-NA,820,3,1,1,3287,3292,C
6-NA,821,3269,0,2,0,3271,A
6-NA,822,0,3272,0,0,3272,T
6-NA,823,2,2,3373,0,3377,G
6-NA,824,1,3378,0,1,3380,T
6-NA,825,14,5,0,3358,3377,C
6-NA,826,6,7,3369,0,3382,G
6-NA,827,3363,1,1,0,3365,A
6-NA,828,0,6,3348,0,3354,G
6-NA,829,1,12,3341,0,3354,G
6-NA,830,3314,0,7,0,3321,A
6-NA,831,0,0,3368,0,3368,G
6-NA,832,1,3227,0,3,3231,T
6-NA,833,1,0,3245,0,3246,G
6-NA,834,0,0,3,3301,3304,C
6-NA,835,0,3298,0,1,3299,T
6-NA,836,22,2,0,3296,3320,C
6-NA,837,1,1,0,3328,3330,C
6-NA,838,2,3321,0,3,3326,T
6-NA,839,3,1,3335,0,3339,G
6-NA,840,2,3,1,3315,3321,C
6-NA,841,0,3295,0,4,3299,T
6-NA,842,3337,1,0,0,3338,A
6-NA,843,0,3260,0,2,3262,T
6-NA,844,12,1,0,3285,3298,C
6-NA,845,6,0,0,3268,3274,C
6-NA,846,1,3275,0,1,3277,T
6-NA,847,4,0,0,3298,3302,C
6-NA,848,1,9,3278,0,3288,G
6-NA,849,3329,0,0,0,3329,A
6-NA,850,0,3331,0,2,3333,T
6-NA,851,3332,0,0,0,3332,A
6-NA,852,0,3335,0,0,3335,T
6-NA,853,8,1,2,3321,3332,C
6-NA,854,6,1,0,3318,3325,C
6-NA,855,1,3292,0,5,3298,T
6-NA,856,0,5,3319,0,3324,G
6-NA,857,2,3,3320,0,3325,G
6-NA,858,0,3368,0,2,3370,T
6-NA,859,1,3,3372,0,3376,G
6-NA,860,0,3349,0,2,3351,T
6-NA,861,10,1,0,3330,3341,C
6-NA,862,3336,0,3,0,3339,A
6-NA,863,1,8,3335,1,3345,G
6-NA,864,3330,2,4,0,3336,A
6-NA,865,1,3304,1,2,3308,T
6-NA,866,1,1,3311,0,3313,G
6-NA,867,1,3238,0,1,3240,T
6-NA,868,1,1,3246,2,3250,G
6-NA,869,2,3239,0,1,3242,T
6-NA,870,5,0,0,3242,3247,C
6-NA,871,1,3232,1,6,3240,T
6-NA,872,0,3,3245,0,3248,G
6-NA,873,0,1,1,3240,3242,C
6-NA,874,3238,0,2,0,3240,A
6-NA,875,0,1,3241,0,3242,G
6-NA,876,3166,1,4,0,3171,A
6-NA,877,1,8,3173,2,3184,G
6-NA,878,3166,3,2,0,3171,A
6-NA,879,1,0,0,3205,3206,C
6-NA,880,3199,0,0,0,3199,A
6-NA,881,3210,4,1,0,3215,A
6-NA,882,3,1,0,3275,3279,C
6-NA,883,2,3281,0,2,3285,T
6-NA,884,1,4,3277,0,3282,G
6-NA,885,2,6,3271,0,3279,G
6-NA,886,3260,1,7,1,3269,A
6-NA,887,3254,2,4,0,3260,A
6-NA,888,3180,0,3,0,3183,A
6-NA,889,0,5,3230,0,3235,G
6-NA,890,4,2,3207,0,3213,G
6-NA,891,2,0,0,3220,3222,C
6-NA,892,0,3203,0,3,3206,T
6-NA,893,7,1,0,3271,3279,C
6-NA,894,4,1,0,3310,3315,C
6-NA,895,3319,1,4,0,3324,A
6-NA,896,3329,0,0,0,3329,A
6-NA,897,0,3329,0,0,3329,T
6-NA,898,3210,0,0,0,3210,A
6-NA,899,0,3,3191,2,3196,G
6-NA,900,0,1,3219,0,3220,G
6-NA,901,4,1,0,3211,3216,C
6-NA,902,7,1,0,3146,3154,C
6-NA,903,5,1,0,3094,3100,C
6-NA,904,3134,0,5,0,3139,A
6-NA,905,0,3159,1,4,3164,T
6-NA,906,7,1,0,3158,3166,C
6-NA,907,1,2,3175,1,3179,G
6-NA,908,0,3164,0,0,3164,T
6-NA,909,3118,1,1,0,3120,A
6-NA,910,2,4,3195,0,3201,G
6-NA,911,3211,0,0,0,3211,A
6-NA,912,1,3225,0,0,3226,T
6-NA,913,3162,0,1,2,3165,A
6-NA,914,0,3119,0,4,3123,T
6-NA,915,3117,0,1,0,3118,A
6-NA,916,3115,0,2,0,3117,A
6-NA,917,3209,0,0,1,3210,A
6-NA,918,2,1,0,3284,3287,C
6-NA,919,3203,0,2,0,3205,A
6-NA,920,0,3188,0,2,3190,T
6-NA,921,3170,0,0,0,3170,A
6-NA,922,3179,0,1,0,3180,A
6-NA,923,3175,0,4,0,3179,A
6-NA,924,2,7,3220,0,3229,G
6-NA,925,0,16,3239,0,3255,G
6-NA,926,3139,1,2,0,3142,A
6-NA,927,0,3097,1,4,3102,T
6-NA,928,6,0,0,3105,3111,C
6-NA,929,3133,0,7,0,3140,A
6-NA,930,4,3143,0,1,3148,T
6-NA,931,3137,1,3,0,3141,A
6-NA,932,3,0,3161,0,3164,G
6-NA,933,2,0,0,3101,3103,C
6-NA,934,3043,1,1,0,3045,A
6-NA,935,0,2958,0,4,2962,T
6-NA,936,1,2964,0,0,2965,T
6-NA,937,3,3,3048,0,3054,G
6-NA,938,0,3053,1,1,3055,T
6-NA,939,0,3114,1,2,3117,T
6-NA,940,0,3117,0,1,3118,T
6-NA,941,8,0,0,3095,3103,C
6-NA,942,4,2,0,3105,3111,C
6-NA,943,3153,0,1,1,3155,A
6-NA,944,2,1,3204,0,3207,G
6-NA,945,0,3190,0,6,3196,T
6-NA,946,0,3106,0,6,3112,T
6-NA,947,3118,1,1,0,3120,A
6-NA,948,0,3092,0,2,3094,T
6-NA,949,1,0,3094,0,3095,G
6-NA,950,0,3065,1,0,3066,T
6-NA,951,5,2,3067,0,3074,G
6-NA,952,0,3012,1,1,3014,T
6-NA,953,0,0,3095,0,3095,G
6-NA,954,1,3086,0,7,3094,T
6-NA,955,0,3071,2,1,3074,T
6-NA,956,12,0,0,3059,3071,C
6-NA,957,3043,1,5,1,3050,A
6-NA,958,0,7,3065,0,3072,G
6-NA,959,0,12,3050,0,3062,G
6-NA,960,3060,0,1,0,3061,A
6-NA,961,0,0,2,3070,3072,C
6-NA,962,0,2965,1,4,2970,T
6-NA,963,0,2976,0,0,2976,T
6-NA,964,1,0,3101,0,3102,G
6-NA,965,0,3088,0,5,3093,T
6-NA,966,0,3088,0,1,3089,T
6-NA,967,1,3,3069,0,3073,G
6-NA,968,0,13,3056,0,3069,G
6-NA,969,3064,1,8,0,3073,A
6-NA,970,0,7,3071,0,3078,G
6-NA,971,3059,2,6,1,3068,A
6-NA,972,1,2,0,3061,3064,C
6-NA,973,2934,0,4,1,2939,A
6-NA,974,0,2,0,2946,2948,C
6-NA,975,2951,3,3,3,2960,A
6-NA,976,2,2,0,2973,2977,C
6-NA,977,6,2,0,2951,2959,C
6-NA,978,5,2,0,2966,2973,C
6-NA,979,2971,0,1,0,2972,A
6-NA,980,1,5,2971,0,2977,G
6-NA,981,2978,0,1,0,2979,A
6-NA,982,2990,1,1,0,2992,A
6-NA,983,2966,0,0,0,2966,A
6-NA,984,2960,0,1,0,2961,A
6-NA,985,2947,0,0,0,2947,A
6-NA,986,2950,0,1,2,2953,A
6-NA,987,0,1,0,2966,2967,C
6-NA,988,3,19,2940,0,2962,G
6-NA,989,2955,0,2,0,2957,A
6-NA,990,1,0,0,2956,2957,C
6-NA,991,2941,0,2,1,2944,A
6-NA,992,0,1,2984,0,2985,G
6-NA,993,1,1,0,3077,3079,C
6-NA,994,0,3062,0,4,3066,T
6-NA,995,4,2,0,3082,3088,C
6-NA,996,7,0,0,3084,3091,C
6-NA,997,3094,0,1,0,3095,A
6-NA,998,2,0,3131,0,3133,G
6-NA,999,0,0,1,3131,3132,C
6-NA,1000,3121,0,2,0,3123,A
6-NA,1001,5,0,3122,0,3127,G
6-NA,1002,1,3020,0,1,3022,T
6-NA,1003,3017,1,8,0,3026,A
6-NA,1004,6,2,3031,0,3039,G
6-NA,1005,2,1,0,3033,3036,C
6-NA,1006,8,1,0,3037,3046,C
6-NA,1007,2977,0,2,0,2979,A
6-NA,1008,0,2979,1,0,2980,T
6-NA,1009,0,2967,0,0,2967,T
6-NA,1010,2,1,3036,0,3039,G
6-NA,1011,1,3009,0,5,3015,T
6-NA,1012,1,3015,1,0,3017,T
6-NA,1013,1,3005,0,3,3009,T
6-NA,1014,2,10,2968,0,2980,G
6-NA,1015,1,6,3036,0,3043,G
6-NA,1016,3035,1,2,0,3038,A
6-NA,1017,2,3052,1,0,3055,T
6-NA,1018,7,0,0,3043,3050,C
6-NA,1019,4,0,0,2985,2989,C
6-NA,1020,3,2990,0,2,2995,T
6-NA,1021,2986,1,9,0,2996,A
6-NA,1022,2999,1,1,0,3001,A
6-NA,1023,1,2,1,3044,3048,C
6-NA,1024,2989,1,0,0,2990,A
6-NA,1025,3024,0,2,0,3026,A
6-NA,1026,1,3007,0,2,3010,T
6-NA,1027,0,4,3045,0,3049,G
6-NA,1028,3033,3,1,0,3037,A
6-NA,1029,3016,1,3,2,3022,A
6-NA,1030,0,5,3041,0,3046,G
6-NA,1031,3031,1,3,0,3035,A
6-NA,1032,2977,0,2,0,2979,A
6-NA,1033,0,1,2989,0,2990,G
6-NA,1034,6,2,2972,0,2980,G
6-NA,1035,1,2942,0,2,2945,T
6-NA,1036,7,9,2904,0,2920,G
6-NA,1037,0,1,3007,0,3008,G
6-NA,1038,1,2991,2,6,3000,T
6-NA,1039,23,2,0,2970,2995,C
6-NA,1040,2991,0,2,0,2993,A
6-NA,1041,0,2987,0,1,2988,T
6-NA,1042,1,7,2976,1,2985,G
6-NA,1043,2,1,3014,1,3018,G
6-NA,1044,2990,0,3,0,2993,A
6-NA,1045,1,0,3088,0,3089,G
6-NA,1046,0,2974,0,3,2977,T
6-NA,1047,2,7,2973,0,2982,G
6-NA,1048,2968,0,3,0,2971,A
6-NA,1049,2973,1,1,0,2975,A
6-NA,1050,2969,1,8,0,2978,A
6-NA,1051,1,8,2997,0,3006,G
6-NA,1052,1,1,2968,0,2970,G
6-NA,1053,0,2,0,2954,2956,C
6-NA,1054,0,2869,0,2,2871,T
6-NA,1055,1,5,2866,1,2873,G
6-NA,1056,3,8,2871,0,2882,G
6-NA,1057,0,0,2908,0,2908,G
6-NA,1058,0,0,1,2907,2908,C
6-NA,1059,5,1,0,2895,2901,C
6-NA,1060,0,2869,0,3,2872,T
6-NA,1061,0,2887,0,2,2889,T
6-NA,1062,0,2878,0,2,2880,T
6-NA,1063,1,5,2894,1,2901,G
6-NA,1064,2888,1,2,0,2891,A
6-NA,1065,1,2870,0,0,2871,T
6-NA,1066,1,2,2836,0,2839,G
6-NA,1067,2818,0,2,0,2820,A
6-NA,1068,0,2787,38,1,2826,T
6-NA,1069,0,6,2823,0,2829,G
6-NA,1070,0,5,2854,0,2859,G
6-NA,1071,2860,0,0,0,2860,A
6-NA,1072,2840,0,5,1,2846,A
6-NA,1073,2850,0,1,0,2851,A
6-NA,1074,0,2840,0,0,2840,T
6-NA,1075,1,13,2834,0,2848,G
6-NA,1076,2840,0,4,0,2844,A
6-NA,1077,2,0,0,2836,2838,C
6-NA,1078,1,2,2846,1,2850,G
6-NA,1079,1,2781,0,1,2783,T
6-NA,1080,1,1,2808,0,2810,G
6-NA,1081,0,2804,0,1,2805,T
6-NA,1082,1,5,2807,1,2814,G
6-NA,1083,0,3,2823,0,2826,G
6-NA,1084,2802,0,3,1,2806,A
6-NA,1085,1,2808,0,1,2810,T
6-NA,1086,2,11,2780,0,2793,G
6-NA,1087,2,5,2783,1,2791,G
6-NA,1088,0,3,2814,1,2818,G
6-NA,1089,2795,0,2,0,2797,A
6-NA,1090,2772,0,3,1,2776,A
6-NA,1091,2,11,2763,0,2776,G
6-NA,1092,2737,1,3,0,2741,A
6-NA,1093,2742,0,3,0,2745,A
6-NA,1094,2,6,0,2727,2735,C
6-NA,1095,0,10,2712,0,2722,G
6-NA,1096,2713,1,5,0,2719,A
6-NA,1097,0,2677,0,0,2677,T
6-NA,1098,8,0,0,2678,2686,C
6-NA,1099,2668,0,0,0,2668,A
6-NA,1100,2,0,2679,0,2681,G
6-NA,1101,0,0,0,2669,2669,C
6-NA,1102,11,5,2646,0,2662,G
6-NA,1103,2656,1,1,0,2658,A
6-NA,1104,0,2,2657,0,2659,G
6-NA,1105,2654,1,0,1,2656,A
6-NA,1106,2654,1,0,0,2655,A
6-NA,1107,1,0,2669,0,2670,G
6-NA,1108,1,2650,0,2,2653,T
6-NA,1109,13,0,0,2613,2626,C
6-NA,1110,2614,0,2,1,2617,A
6-NA,1111,0,1,0,2740,2741,C
6-NA,1112,2,0,2740,0,2742,G
6-NA,1113,2,1,0,2737,2740,C
6-NA,1114,1,2722,0,2,2725,T
6-NA,1115,0,2725,0,1,2726,T
6-NA,1116,2670,0,5,0,2675,A
6-NA,1117,1,7,2737,0,2745,G
6-NA,1118,0,7,2739,0,2746,G
6-NA,1119,0,3,2800,1,2804,G
6-NA,1120,1,2652,0,0,2653,T
6-NA,1121,2641,0,3,0,2644,A
6-NA,1122,0,2637,0,1,2638,T
6-NA,1123,0,4,2632,0,2636,G
6-NA,1124,2625,0,0,1,2626,A
6-NA,1125,2623,0,0,0,2623,A
6-NA,1126,2508,1,1,0,2510,A
6-NA,1127,1,0,0,2504,2505,C
6-NA,1128,3,0,1,2413,2417,C
6-NA,1129,0,2278,0,0,2278,T
6-NA,1130,1,2268,0,5,2274,T
6-NA,1131,6,2,0,2272,2280,C
6-NA,1132,2273,0,1,0,2274,A
6-NA,1133,2281,0,0,1,2282,A
6-NA,1134,2277,4,2,2,2285,A
6-NA,1135,0,0,2311,0,2311,G
6-NA,1136,4,2250,0,1,2255,T
6-NA,1137,24,0,0,2236,2260,C
6-NA,1138,2315,4,2,0,2321,A
6-NA,1139,0,2320,0,0,2320,T
6-NA,1140,0,2325,0,0,2325,T
6-NA,1141,2,6,2321,1,2330,G
6-NA,1142,2317,0,2,0,2319,A
6-NA,1143,2320,0,3,0,2323,A
6-NA,1144,0,3,2332,0,2335,G
6-NA,1145,0,1,2322,0,2323,G
6-NA,1146,0,1,0,2303,2304,C
6-NA,1147,0,2217,0,2,2219,T
6-NA,1148,0,6,2229,0,2235,G
6-NA,1149,1,1,2295,0,2297,G
6-NA,1150,0,2299,0,1,2300,T
6-NA,1151,7,0,0,2283,2290,C
6-NA,1152,9,2,0,2256,2267,C
6-NA,1153,2253,0,2,0,2255,A
6-NA,1154,2273,0,1,0,2274,A
6-NA,1155,2,2,0,2287,2291,C
6-NA,1156,6,0,0,2266,2272,C
6-NA,1157,6,1,0,2264,2271,C
6-NA,1158,1,2149,0,1,2151,T
6-NA,1159,2153,0,0,1,2154,A
6-NA,1160,2149,1,0,0,2150,A
6-NA,1161,1,0,2186,0,2187,G
6-NA,1162,0,2173,0,3,2176,T
6-NA,1163,11,0,0,2155,2166,C
6-NA,1164,9,2,0,2109,2120,C
6-NA,1165,2119,0,0,0,2119,A
6-NA,1166,2116,0,2,1,2119,A
6-NA,1167,2112,2,0,0,2114,A
6-NA,1168,0,2111,0,0,2111,T
6-NA,1169,0,2109,0,1,2110,T
6-NA,1170,0,0,2098,0,2098,G
6-NA,1171,0,1,0,2090,2091,C
6-NA,1172,2086,1,2,0,2089,A
6-NA,1173,1,4,2099,0,2104,G
6-NA,1174,2097,0,1,0,2098,A
6-NA,1175,0,2145,0,0,2145,T
6-NA,1176,2144,0,1,0,2145,A
6-NA,1177,2141,0,0,0,2141,A
6-NA,1178,2142,0,2,0,2144,A
6-NA,1179,1,2130,0,0,2131,T
6-NA,1180,2119,1,2,0,2122,A
6-NA,1181,1,3,2127,0,2131,G
6-NA,1182,0,2,2108,0,2110,G
6-NA,1183,0,0,0,2102,2102,C
6-NA,1184,2035,0,2,0,2037,A
6-NA,1185,2067,2,2,0,2071,A
6-NA,1186,0,0,2091,0,2091,G
6-NA,1187,0,2046,0,38,2084,T
6-NA,1188,15,0,0,2068,2083,C
6-NA,1189,2089,0,2,0,2091,A
6-NA,1190,1,2089,0,0,2090,T
6-NA,1191,2108,1,0,0,2109,A
6-NA,1192,0,1,2125,0,2126,G
6-NA,1193,0,2119,0,1,2120,T
6-NA,1194,2,2040,0,0,2042,T
6-NA,1195,0,14,1994,0,2008,G
6-NA,1196,1993,0,6,0,1999,A
6-NA,1197,0,1,0,1995,1996,C
6-NA,1198,1955,0,0,0,1955,A
6-NA,1199,0,2,1962,0,1964,G
6-NA,1200,1940,0,0,0,1940,A
6-NA,1201,1,2,2028,0,2031,G
6-NA,1202,1,0,2035,0,2036,G
6-NA,1203,2,2027,0,1,2030,T
6-NA,1204,2020,0,2,0,2022,A
6-NA,1205,2017,1,2,0,2020,A
6-NA,1206,0,2023,0,0,2023,T
6-NA,1207,2011,0,1,0,2012,A
6-NA,1208,0,5,1955,0,1960,G
6-NA,1209,0,0,1922,0,1922,G
6-NA,1210,0,1727,0,1,1728,T
6-NA,1211,7,0,0,1700,1707,C
6-NA,1212,1,1,0,1707,1709,C
6-NA,1213,4,5,1699,1,1709,G
6-NA,1214,0,0,1712,0,1712,G
6-NA,1215,0,1704,0,3,1707,T
6-NA,1216,0,1707,0,0,1707,T
6-NA,1217,1698,0,0,0,1698,A
6-NA,1218,0,1668,1,0,1669,T
6-NA,1219,1,1667,0,1,1669,T
6-NA,1220,3,0,0,1669,1672,C
6-NA,1221,0,1596,0,0,1596,T
6-NA,1222,1,1,1607,0,1609,G
6-NA,1223,2,1,1612,0,1615,G
6-NA,1224,0,1610,0,0,1610,T
6-NA,1225,1611,0,0,0,1611,A
6-NA,1226,0,1592,0,0,1592,T
6-NA,1227,0,1590,0,3,1593,T
6-NA,1228,1,1592,0,2,1595,T
6-NA,1229,0,1601,0,1,1602,T
6-NA,1230,4,0,0,1597,1601,C
6-NA,1231,0,1579,0,4,1583,T
6-NA,1232,5,0,1,1581,1587,C
6-NA,1233,2,1577,0,0,1579,T
6-NA,1234,0,2,1618,0,1620,G
6-NA,1235,1,1614,0,1,1616,T
6-NA,1236,1,1600,0,1,1602,T
6-NA,1237,1,2,1601,0,1604,G
6-NA,1238,1583,0,1,0,1584,A
6-NA,1239,1589,1,0,1,1591,A
6-NA,1240,0,8,1601,0,1609,G
6-NA,1241,0,0,1600,0,1600,G
6-NA,1242,0,0,0,1600,1600,C
6-NA,1243,1574,0,1,0,1575,A
6-NA,1244,1579,0,1,0,1580,A
6-NA,1245,1586,0,1,0,1587,A
6-NA,1246,1595,0,2,0,1597,A
6-NA,1247,0,0,1602,0,1602,G
6-NA,1248,0,1,0,1594,1595,C
6-NA,1249,1,1574,0,3,1578,T
6-NA,1250,2,1,1593,0,1596,G
6-NA,1251,3,2,0,1589,1594,C
6-NA,1252,1599,0,2,0,1601,A
6-NA,1253,0,1590,0,1,1591,T
6-NA,1254,5,1,0,1575,1581,C
6-NA,1255,1575,0,2,0,1577,A
6-NA,1256,1575,0,0,0,1575,A
6-NA,1257,0,1568,0,1,1569,T
6-NA,1258,6,1,0,1562,1569,C
6-NA,1259,8,5,1530,0,1543,G
6-NA,1260,0,0,1589,0,1589,G
6-NA,1261,0,1584,0,2,1586,T
6-NA,1262,1,2,1595,0,1598,G
6-NA,1263,1,1,0,1611,1613,C
6-NA,1264,0,1598,0,3,1601,T
6-NA,1265,0,1625,0,2,1627,T
6-NA,1266,0,1624,0,0,1624,T
6-NA,1267,0,1635,0,0,1635,T
6-NA,1268,1651,1,0,0,1652,A
6-NA,1269,0,1586,0,0,1586,T
6-NA,1270,0,0,1589,0,1589,G
6-NA,1271,0,1575,0,0,1575,T
6-NA,1272,0,2,1562,0,1564,G
6-NA,1273,0,7,1581,0,1588,G
6-NA,1274,1543,0,1,0,1544,A
6-NA,1275,0,0,1559,0,1559,G
6-NA,1276,1,1550,0,1,1552,T
6-NA,1277,0,1543,0,0,1543,T
6-NA,1278,0,4,1558,0,1562,G
6-NA,1279,1555,0,4,1,1560,A
6-NA,1280,0,1557,0,0,1557,T
6-NA,1281,1547,0,1,0,1548,A
6-NA,1282,1499,0,2,0,1501,A
6-NA,1283,1,4,1519,0,1524,G
6-NA,1284,1,5,1503,0,1509,G
6-NA,1285,0,0,1496,0,1496,G
6-NA,1286,0,2,1494,0,1496,G
6-NA,1287,1468,1,1,0,1470,A
6-NA,1288,1468,0,0,0,1468,A
6-NA,1289,0,3,1476,0,1479,G
6-NA,1290,1478,0,0,0,1478,A
6-NA,1291,1475,0,0,0,1475,A
6-NA,1292,1454,0,0,0,1454,A
6-NA,1293,1432,0,3,0,1435,A
6-NA,1294,0,0,1443,0,1443,G
6-NA,1295,1421,0,4,1,1426,A
6-NA,1296,1,3,1430,0,1434,G
6-NA,1297,0,4,1430,0,1434,G
6-NA,1298,1418,0,0,0,1418,A
6-NA,1299,1411,0,3,0,1414,A
6-NA,1300,1420,0,1,0,1421,A
6-NA,1301,0,5,0,1425,1430,C
6-NA,1302,0,1422,0,0,1422,T
6-NA,1303,0,9,1416,0,1425,G
6-NA,1304,1422,0,1,0,1423,A
6-NA,1305,1412,0,2,0,1414,A
6-NA,1306,4,0,1427,0,1431,G
6-NA,1307,0,1410,0,1,1411,T
6-NA,1308,3,0,0,1437,1440,C
6-NA,1309,0,1427,0,0,1427,T
6-NA,1310,0,1411,0,0,1411,T
6-NA,1311,1,1,1415,0,1417,G
6-NA,1312,0,1403,0,1,1404,T
6-NA,1313,1,1,1404,0,1406,G
6-NA,1314,2,1,1395,0,1398,G
6-NA,1315,1400,2,0,0,1402,A
6-NA,1316,3,1,0,1400,1404,C
6-NA,1317,2,0,1,1359,1362,C
6-NA,1318,0,1359,0,2,1361,T
6-NA,1319,6,1,0,1352,1359,C
6-NA,1320,0,8,1348,0,1356,G
6-NA,1321,1368,0,1,0,1369,A
6-NA,1322,1372,0,0,0,1372,A
6-NA,1323,1,0,0,1388,1389,C
6-NA,1324,1361,0,0,0,1361,A
6-NA,1325,0,2,1420,0,1422,G
6-NA,1326,0,1408,0,1,1409,T
6-NA,1327,1413,0,3,0,1416,A
6-NA,1328,0,1410,0,2,1412,T
6-NA,1329,0,1375,0,0,1375,T
6-NA,1330,0,1,1389,0,1390,G
6-NA,1331,0,1381,0,3,1384,T
6-NA,1332,0,1344,0,1,1345,T
6-NA,1333,1,0,1349,0,1350,G
6-NA,1334,0,1214,0,1,1215,T
6-NA,1335,2,0,1221,0,1223,G
6-NA,1336,0,1212,0,1,1213,T
6-NA,1337,0,1193,0,0,1193,T
6-NA,1338,1,1192,0,2,1195,T
6-NA,1339,0,1167,0,0,1167,T
6-NA,1340,0,0,1175,0,1175,G
6-NA,1341,0,1167,0,1,1168,T
6-NA,1342,0,1,1165,0,1166,G
6-NA,1343,0,0,1165,1,1166,G
6-NA,1344,0,0,0,1149,1149,C
6-NA,1345,1140,0,2,0,1142,A
6-NA,1346,1,0,0,1166,1167,C
6-NA,1347,3,1,0,1158,1162,C
6-NA,1348,0,1162,0,1,1163,T
6-NA,1349,5,0,0,1164,1169,C
6-NA,1350,1164,0,1,0,1165,A
6-NA,1351,0,4,1170,0,1174,G
6-NA,1352,0,0,1176,0,1176,G
6-NA,1353,0,1167,0,1,1168,T
6-NA,1354,1163,0,1,0,1164,A
6-NA,1355,0,0,0,1122,1122,C
6-NA,1356,1111,0,0,0,1111,A
6-NA,1357,0,1109,0,0,1109,T
6-NA,1358,1084,0,2,0,1086,A
6-NA,1359,0,1086,0,0,1086,T
6-NA,1360,0,1,1016,0,1017,G
6-NA,1361,0,3,1020,0,1023,G
6-NA,1362,1019,0,1,0,1020,A
6-NA,1363,1012,1,0,0,1013,A
6-NA,1364,0,0,0,1002,1002,C
6-NA,1365,813,0,0,0,813,A
6-NA,1366,0,0,817,0,817,G
6-NA,1367,0,0,815,0,815,G
6-NA,1368,3,1,0,813,817,C
6-NA,1369,0,812,0,0,812,T
6-NA,1370,3,0,0,770,773,C
6-NA,1371,764,0,0,0,764,A
6-NA,1372,0,761,1,3,765,T
6-NA,1373,0,1,764,0,765,G
6-NA,1374,0,0,770,0,770,G
6-NA,1375,0,0,0,740,740,C
6-NA,1376,2,0,0,728,730,C
6-NA,1377,0,683,0,0,683,T
6-NA,1378,1,3,681,0,685,G
6-NA,1379,680,0,0,0,680,A
6-NA,1380,0,682,0,0,682,T
6-NA,1381,0,3,665,0,668,G
6-NA,1382,0,4,654,0,658,G
6-NA,1383,0,1,626,0,627,G
6-NA,1384,0,0,622,0,622,G
6-NA,1385,0,0,0,616,616,C
6-NA,1386,0,0,616,0,616,G
6-NA,1387,1,2,605,0,608,G
6-NA,1388,600,0,1,0,601,A
6-NA,1389,2,0,0,598,600,C
6-NA,1390,597,0,0,0,597,A
6-NA,1391,0,591,0,1,592,T
6-NA,1392,1,0,0,581,582,C
6-NA,1393,573,0,0,0,573,A
6-NA,1394,573,0,1,0,574,A
6-NA,1395,0,576,0,0,576,T
6-NA,1396,0,0,0,562,562,C
6-NA,1397,0,540,0,1,541,T
6-NA,1398,0,0,0,461,461,C
6-NA,1399,459,0,0,0,459,A
6-NA,1400,0,454,0,0,454,T
6-NA,1401,0,0,453,0,453,G
6-NA,1402,1,0,0,446,447,C
6-NA,1403,0,0,0,433,433,C
6-NA,1404,0,388,0,0,388,T
6-NA,1405,381,0,0,0,381,A
6-NA,1406,0,382,0,0,382,T
6-NA,1407,379,0,1,0,380,A
6-NA,1408,0,377,0,0,377,T
6-NA,1409,342,0,0,0,342,A
6-NA,1410,328,0,0,0,328,A
7-M,1,29,0,0,0,29,A
7-M,2,0,30,0,0,30,T
7-M,3,0,0,29,0,29,G
7-M,4,31,0,0,0,31,A
7-M,5,0,0,35,0,35,G
7-M,6,0,0,0,39,39,C
7-M,7,0,0,0,40,40,C
7-M,8,0,57,0,0,57,T
7-M,9,0,57,0,0,57,T
7-M,10,0,0,0,57,57,C
7-M,11,0,58,0,0,58,T
7-M,12,62,0,0,0,62,A
7-M,13,63,0,0,0,63,A
7-M,14,0,0,0,64,64,C
7-M,15,0,0,0,64,64,C
7-M,16,0,0,63,0,63,G
7-M,17,67,0,0,0,67,A
7-M,18,0,0,69,0,69,G
7-M,19,0,0,70,0,70,G
7-M,20,0,71,0,0,71,T
7-M,21,0,0,0,72,72,C
7-M,22,0,0,72,0,72,G
7-M,23,73,0,0,0,73,A
7-M,24,74,0,0,0,74,A
7-M,25,75,0,0,0,75,A
7-M,26,0,0,0,85,85,C
7-M,27,0,0,85,0,85,G
7-M,28,0,85,0,0,85,T
7-M,29,88,0,0,0,88,A
7-M,30,0,88,0,0,88,T
7-M,31,0,0,92,0,92,G
7-M,32,0,91,0,0,91,T
7-M,33,0,102,0,0,102,T
7-M,34,2,0,0,102,104,C
7-M,35,0,105,0,0,105,T
7-M,36,0,0,0,111,111,C
7-M,37,0,111,0,0,111,T
7-M,38,0,0,0,113,113,C
7-M,39,0,112,0,0,112,T
7-M,40,112,0,0,0,112,A
7-M,41,0,111,0,0,111,T
7-M,42,0,0,0,112,112,C
7-M,43,1,0,111,0,112,G
7-M,44,0,114,0,0,114,T
7-M,45,0,113,0,0,113,T
7-M,46,2,0,0,113,115,C
7-M,47,0,0,0,119,119,C
7-M,48,119,0,0,0,119,A
7-M,49,0,119,0,0,119,T
7-M,50,0,0,0,119,119,C
7-M,51,117,0,0,0,117,A
7-M,52,0,0,124,0,124,G
7-M,53,0,0,123,0,123,G
7-M,54,0,0,0,123,123,C
7-M,55,0,0,1,125,126,C
7-M,56,2,0,0,124,126,C
7-M,57,0,0,0,132,132,C
7-M,58,0,0,0,136,136,C
7-M,59,0,135,0,0,135,T
7-M,60,0,0,0,136,136,C
7-M,61,136,0,0,0,136,A
7-M,62,137,0,0,0,137,A
7-M,63,139,0,0,0,139,A
7-M,64,0,1,137,0,138,G
7-M,65,0,0,0,139,139,C
7-M,66,0,0,0,139,139,C
7-M,67,0,0,139,0,139,G
7-M,68,140,0,0,0,140,A
7-M,69,0,0,141,0,141,G
7-M,70,141,0,1,0,142,A
7-M,71,0,141,0,0,141,T
7-M,72,0,0,0,140,140,C
7-M,73,0,0,140,0,140,G
7-M,74,0,0,0,141,141,C
7-M,75,0,0,142,0,142,G
7-M,76,0,0,0,142,142,C
7-M,77,142,0,0,0,142,A
7-M,78,0,0,145,0,145,G
7-M,79,145,0,0,0,145,A
7-M,80,0,0,161,0,161,G
7-M,81,160,0,0,0,160,A
7-M,82,0,0,0,165,165,C
7-M,83,0,166,0,0,166,T
7-M,84,0,165,0,0,165,T
7-M,85,0,1,166,0,167,G
7-M,86,167,0,0,0,167,A
7-M,87,165,0,1,0,166,A
7-M,88,0,0,166,0,166,G
7-M,89,163,0,0,0,163,A
7-M,90,0,161,0,0,161,T
7-M,91,0,0,161,0,161,G
7-M,92,0,161,0,0,161,T
7-M,93,0,0,0,161,161,C
7-M,94,0,161,0,0,161,T
7-M,95,0,160,0,0,160,T
7-M,96,0,161,0,0,161,T
7-M,97,0,0,161,0,161,G
7-M,98,0,0,0,161,161,C
7-M,99,0,160,0,0,160,T
7-M,100,0,0,160,0,160,G
7-M,101,0,0,158,0,158,G
7-M,102,0,0,165,0,165,G
7-M,103,163,0,0,0,163,A
7-M,104,164,0,0,0,164,A
7-M,105,166,0,0,0,166,A
7-M,106,164,0,1,0,165,A
7-M,107,166,0,0,0,166,A
7-M,108,0,0,0,166,166,C
7-M,109,165,0,0,0,165,A
7-M,110,0,0,0,168,168,C
7-M,111,165,0,0,0,165,A
7-M,112,0,0,170,0,170,G
7-M,113,176,0,0,0,176,A
7-M,114,0,179,0,0,179,T
7-M,115,1,0,0,180,181,C
7-M,116,0,181,0,0,181,T
7-M,117,0,181,0,0,181,T
7-M,118,0,0,180,0,180,G
7-M,119,180,0,0,0,180,A
7-M,120,0,0,181,0,181,G
7-M,121,0,0,181,0,181,G
7-M,122,0,1,0,183,184,C
7-M,123,0,184,0,0,184,T
7-M,124,0,0,0,202,202,C
7-M,125,0,201,0,0,201,T
7-M,126,1,0,0,204,205,C
7-M,127,205,0,0,0,205,A
7-M,128,0,206,0,0,206,T
7-M,129,0,1,205,0,206,G
7-M,130,0,0,208,0,208,G
7-M,131,203,0,0,1,204,A
7-M,132,205,0,0,0,205,A
7-M,133,0,199,0,0,199,T
7-M,134,0,0,208,0,208,G
7-M,135,0,0,223,0,223,G
7-M,136,0,0,0,223,223,C
7-M,137,0,223,0,0,223,T
7-M,138,223,0,0,0,223,A
7-M,139,223,0,0,0,223,A
7-M,140,227,0,0,0,227,A
7-M,141,0,0,231,0,231,G
7-M,142,232,0,0,0,232,A
7-M,143,0,0,0,227,227,C
7-M,144,220,0,0,0,220,A
7-M,145,219,0,0,0,219,A
7-M,146,0,2,225,0,227,G
7-M,147,228,0,0,0,228,A
7-M,148,0,0,0,227,227,C
7-M,149,1,0,0,227,228,C
7-M,150,229,0,0,0,229,A
7-M,151,232,0,0,0,232,A
7-M,152,0,232,0,0,232,T
7-M,153,0,236,0,0,236,T
7-M,154,0,0,0,235,235,C
7-M,155,0,232,0,0,232,T
7-M,156,0,0,232,0,232,G
7-M,157,0,231,0,0,231,T
7-M,158,0,0,0,232,232,C
7-M,159,234,0,0,0,234,A
7-M,160,1,0,0,240,241,C
7-M,161,1,0,0,238,239,C
7-M,162,0,237,0,1,238,T
7-M,163,0,0,0,239,239,C
7-M,164,0,239,0,0,239,T
7-M,165,0,1,246,0,247,G
7-M,166,246,0,1,0,247,A
7-M,167,0,0,1,248,249,C
7-M,168,0,249,0,0,249,T
7-M,169,248,0,0,0,248,A
7-M,170,247,0,0,0,247,A
7-M,171,0,1,247,0,248,G
7-M,172,0,1,245,0,246,G
7-M,173,0,0,249,1,250,G
7-M,174,0,0,248,0,248,G
7-M,175,250,0,0,0,250,A
7-M,176,0,249,0,1,250,T
7-M,177,0,249,0,0,249,T
7-M,178,0,250,0,0,250,T
7-M,179,0,251,0,0,251,T
7-M,180,0,1,251,0,252,G
7-M,181,0,0,255,0,255,G
7-M,182,0,0,257,0,257,G
7-M,183,0,1,256,0,257,G
7-M,184,0,249,0,0,249,T
7-M,185,0,247,0,0,247,T
7-M,186,0,250,0,0,250,T
7-M,187,0,0,258,0,258,G
7-M,188,0,257,0,0,257,T
7-M,189,0,0,258,0,258,G
7-M,190,0,257,0,0,257,T
7-M,191,0,257,0,1,258,T
7-M,192,1,0,0,257,258,C
7-M,193,259,0,0,0,259,A
7-M,194,0,0,0,264,264,C
7-M,195,0,0,264,0,264,G
7-M,196,0,0,0,263,263,C
7-M,197,0,258,0,1,259,T
7-M,198,0,0,0,268,268,C
7-M,199,271,0,0,0,271,A
7-M,200,0,0,0,272,272,C
7-M,201,0,1,0,269,270,C
7-M,202,0,0,270,0,270,G
7-M,203,0,272,0,0,272,T
7-M,204,0,0,272,0,272,G
7-M,205,0,0,0,272,272,C
7-M,206,1,0,1,267,269,C
7-M,207,0,1,0,270,271,C
7-M,208,268,0,0,0,268,A
7-M,209,0,0,274,0,274,G
7-M,210,0,273,0,0,273,T
7-M,211,0,2,272,0,274,G
7-M,212,278,0,0,0,278,A
7-M,213,0,0,277,0,277,G
7-M,214,0,1,0,276,277,C
7-M,215,0,0,279,0,279,G
7-M,216,279,0,1,0,280,A
7-M,217,0,0,284,0,284,G
7-M,218,0,1,287,0,288,G
7-M,219,285,0,0,0,285,A
7-M,220,0,0,0,288,288,C
7-M,221,0,286,0,0,286,T
7-M,222,0,1,284,0,285,G
7-M,223,0,0,0,284,284,C
7-M,224,284,0,0,0,284,A
7-M,225,0,0,298,0,298,G
7-M,226,0,0,0,289,289,C
7-M,227,1,0,289,0,290,G
7-M,228,0,290,0,0,290,T
7-M,229,283,0,0,0,283,A
7-M,230,0,0,283,0,283,G
7-M,231,283,0,0,0,283,A
7-M,232,0,0,0,285,285,C
7-M,233,0,0,284,0,284,G
7-M,234,0,0,1,280,281,C
7-M,235,0,279,0,0,279,T
7-M,236,0,278,0,0,278,T
7-M,237,0,274,0,0,274,T
7-M,238,0,0,283,0,283,G
7-M,239,0,283,0,0,283,T
7-M,240,2,0,0,279,281,C
7-M,241,0,0,0,283,283,C
7-M,242,283,0,0,0,283,A
7-M,243,282,0,0,0,282,A
7-M,244,282,0,0,0,282,A
7-M,245,280,0,1,0,281,A
7-M,246,0,281,0,1,282,T
7-M,247,0,0,275,0,275,G
7-M,248,0,0,0,276,276,C
7-M,249,0,0,0,274,274,C
7-M,250,2,0,0,273,275,C
7-M,251,0,273,0,0,273,T
7-M,252,0,0,0,282,282,C
7-M,253,280,0,0,0,280,A
7-M,254,283,0,0,0,283,A
7-M,255,0,286,1,0,287,T
7-M,256,0,1,286,0,287,G
7-M,257,0,1,290,0,291,G
7-M,258,0,1,290,0,291,G
7-M,259,288,0,0,0,288,A
7-M,260,289,0,0,0,289,A
7-M,261,0,278,0,0,278,T
7-M,262,0,1,277,0,278,G
7-M,263,0,0,277,0,277,G
7-M,264,276,0,0,0,276,A
7-M,265,0,1,272,0,273,G
7-M,266,271,0,0,0,271,A
7-M,267,0,0,0,269,269,C
7-M,268,1,0,0,281,282,C
7-M,269,0,0,0,283,283,C
7-M,270,287,0,0,0,287,A
7-M,271,287,0,0,0,287,A
7-M,272,287,0,0,0,287,A
7-M,273,0,289,0,0,289,T
7-M,274,302,0,0,0,302,A
7-M,275,305,0,1,0,306,A
7-M,276,0,0,0,305,305,C
7-M,277,303,0,0,0,303,A
7-M,278,0,299,0,0,299,T
7-M,279,0,1,300,1,302,G
7-M,280,0,1,302,0,303,G
7-M,281,301,0,0,0,301,A
7-M,282,0,0,0,302,302,C
7-M,283,296,0,0,0,296,A
7-M,284,297,1,0,0,298,A
7-M,285,297,0,1,0,298,A
7-M,286,0,0,302,0,302,G
7-M,287,0,0,0,313,313,C
7-M,288,307,0,0,0,307,A
7-M,289,0,0,309,0,309,G
7-M,290,0,307,0,0,307,T
7-M,291,0,308,0,0,308,T
7-M,292,310,0,0,0,310,A
7-M,293,309,0,0,0,309,A
7-M,294,316,0,0,0,316,A
7-M,295,1,0,0,318,319,C
7-M,296,0,306,0,0,306,T
7-M,297,0,1,334,0,335,G
7-M,298,1,330,0,0,331,T
7-M,299,333,0,1,0,334,A
7-M,300,0,332,0,1,333,T
7-M,301,333,0,0,0,333,A
7-M,302,0,0,333,0,333,G
7-M,303,312,0,0,0,312,A
7-M,304,315,0,0,0,315,A
7-M,305,315,0,0,0,315,A
7-M,306,321,0,0,0,321,A
7-M,307,0,1,0,318,319,C
7-M,308,0,318,0,0,318,T
7-M,309,0,319,0,0,319,T
7-M,310,318,0,0,0,318,A
7-M,311,318,1,0,0,319,A
7-M,312,0,1,316,0,317,G
7-M,313,319,0,0,0,319,A
7-M,314,0,1,319,0,320,G
7-M,315,0,2,316,0,318,G
7-M,316,1,3,315,0,319,G
7-M,317,321,0,0,0,321,A
7-M,318,0,1,324,0,325,G
7-M,319,328,0,0,0,328,A
7-M,320,0,328,0,0,328,T
7-M,321,325,0,0,0,325,A
7-M,322,328,0,0,0,328,A
7-M,323,0,0,0,330,330,C
7-M,324,0,1,328,0,329,G
7-M,325,0,329,0,1,330,T
7-M,326,0,328,0,1,329,T
7-M,327,0,0,0,336,336,C
7-M,328,1,0,0,332,333,C
7-M,329,333,0,0,0,333,A
7-M,330,0,332,0,0,332,T
7-M,331,0,0,331,0,331,G
7-M,332,0,0,334,0,334,G
7-M,333,0,0,333,0,333,G
7-M,334,0,0,336,0,336,G
7-M,335,0,0,0,331,331,C
7-M,336,0,0,0,332,332,C
7-M,337,336,0,0,0,336,A
7-M,338,338,0,0,0,338,A
7-M,339,337,0,0,0,337,A
7-M,340,0,1,343,0,344,G
7-M,341,347,0,1,0,348,A
7-M,342,341,0,1,0,342,A
7-M,343,342,0,0,0,342,A
7-M,344,0,341,0,0,341,T
7-M,345,340,0,0,0,340,A
7-M,346,0,0,342,0,342,G
7-M,347,0,0,0,340,340,C
7-M,348,0,342,0,0,342,T
7-M,349,1,0,0,343,344,C
7-M,350,0,341,0,0,341,T
7-M,351,0,0,0,353,353,C
7-M,352,352,0,1,0,353,A
7-M,353,0,0,353,0,353,G
7-M,354,0,341,0,2,343,T
7-M,355,0,349,0,0,349,T
7-M,356,351,0,0,0,351,A
7-M,357,0,350,0,0,350,T
7-M,358,0,350,0,0,350,T
7-M,359,1,0,0,350,351,C
7-M,360,0,340,0,0,340,T
7-M,361,0,0,344,0,344,G
7-M,362,0,0,0,344,344,C
7-M,363,0,342,0,0,342,T
7-M,364,0,1,342,0,343,G
7-M,365,0,1,345,0,346,G
7-M,366,0,345,0,0,345,T
7-M,367,0,1,344,0,345,G
7-M,368,1,0,0,348,349,C
7-M,369,347,1,0,0,348,A
7-M,370,0,0,0,350,350,C
7-M,371,0,348,0,0,348,T
7-M,372,0,355,0,0,355,T
7-M,373,0,0,356,0,356,G
7-M,374,0,0,0,356,356,C
7-M,375,1,0,0,356,357,C
7-M,376,353,0,0,0,353,A
7-M,377,0,0,355,0,355,G
7-M,378,0,356,0,0,356,T
7-M,379,0,356,0,0,356,T
7-M,380,0,0,358,0,358,G
7-M,381,0,0,0,352,352,C
7-M,382,354,0,0,0,354,A
7-M,383,0,353,0,0,353,T
7-M,384,0,4,347,0,351,G
7-M,385,0,0,360,0,360,G
7-M,386,0,0,362,0,362,G
7-M,387,0,0,0,366,366,C
7-M,388,1,0,0,372,373,C
7-M,389,0,369,0,1,370,T
7-M,390,0,0,0,375,375,C
7-M,391,399,0,0,0,399,A
7-M,392,0,399,0,0,399,T
7-M,393,406,0,0,0,406,A
7-M,394,0,403,0,0,403,T
7-M,395,394,0,0,0,394,A
7-M,396,0,0,0,419,419,C
7-M,397,403,0,0,0,403,A
7-M,398,403,0,0,0,403,A
7-M,399,0,401,0,0,401,T
7-M,400,385,0,0,0,385,A
7-M,401,0,1,387,0,388,G
7-M,402,0,1,384,0,385,G
7-M,403,385,0,0,0,385,A
7-M,404,0,381,0,0,381,T
7-M,405,0,0,365,0,365,G
7-M,406,0,1,365,0,366,G
7-M,407,3,1,362,0,366,G
7-M,408,1,0,368,0,369,G
7-M,409,0,0,366,0,366,G
7-M,410,1,0,0,363,364,C
7-M,411,0,357,0,0,357,T
7-M,412,0,0,358,0,358,G
7-M,413,0,356,0,0,356,T
7-M,414,358,0,0,0,358,A
7-M,415,359,0,0,0,359,A
7-M,416,0,0,0,358,358,C
7-M,417,0,0,0,356,356,C
7-M,418,350,0,0,0,350,A
7-M,419,0,0,0,355,355,C
7-M,420,0,352,0,0,352,T
7-M,421,1,0,355,0,356,G
7-M,422,355,0,0,0,355,A
7-M,423,352,0,0,0,352,A
7-M,424,0,0,352,0,352,G
7-M,425,0,348,0,0,348,T
7-M,426,0,1,346,0,347,G
7-M,427,0,0,350,0,350,G
7-M,428,0,0,1,351,352,C
7-M,429,352,0,0,0,352,A
7-M,430,0,349,0,0,349,T
7-M,431,0,352,0,0,352,T
7-M,432,0,350,0,1,351,T
7-M,433,0,1,356,0,357,G
7-M,434,0,0,356,0,356,G
7-M,435,1,0,0,359,360,C
7-M,436,1,0,0,356,357,C
7-M,437,1,348,0,0,349,T
7-M,438,0,1,358,0,359,G
7-M,439,0,0,366,0,366,G
7-M,440,0,365,0,0,365,T
7-M,441,369,0,0,0,369,A
7-M,442,0,353,0,0,353,T
7-M,443,0,0,364,0,364,G
7-M,444,0,363,0,1,364,T
7-M,445,0,0,362,0,362,G
7-M,446,1,0,0,361,362,C
7-M,447,341,0,0,0,341,A
7-M,448,338,0,0,0,338,A
7-M,449,0,0,0,341,341,C
7-M,450,341,0,0,0,341,A
7-M,451,0,340,0,0,340,T
7-M,452,0,0,330,0,330,G
7-M,453,0,321,0,0,321,T
7-M,454,0,0,322,0,322,G
7-M,455,320,0,1,0,321,A
7-M,456,0,1,321,0,322,G
7-M,457,0,1,0,320,321,C
7-M,458,307,0,1,0,308,A
7-M,459,0,0,313,0,313,G
7-M,460,313,0,0,0,313,A
7-M,461,0,311,0,0,311,T
7-M,462,0,313,0,0,313,T
7-M,463,0,0,312,0,312,G
7-M,464,0,0,0,312,312,C
7-M,465,0,311,0,0,311,T
7-M,466,0,0,309,0,309,G
7-M,467,312,0,0,0,312,A
7-M,468,0,0,0,324,324,C
7-M,469,0,324,0,0,324,T
7-M,470,0,0,0,324,324,C
7-M,471,0,0,0,321,321,C
7-M,472,2,0,0,324,326,C
7-M,473,327,0,0,0,327,A
7-M,474,0,0,333,0,333,G
7-M,475,0,0,0,329,329,C
7-M,476,330,0,0,0,330,A
7-M,477,0,0,0,330,330,C
7-M,478,309,0,0,0,309,A
7-M,479,0,1,314,0,315,G
7-M,480,0,0,318,0,318,G
7-M,481,0,317,0,0,317,T
7-M,482,1,0,0,325,326,C
7-M,483,0,322,0,0,322,T
7-M,484,1,0,0,321,322,C
7-M,485,318,0,0,1,319,A
7-M,486,0,319,0,0,319,T
7-M,487,321,0,0,0,321,A
7-M,488,0,1,311,0,312,G
7-M,489,1,0,307,0,308,G
7-M,490,0,0,0,308,308,C
7-M,491,300,0,0,0,300,A
7-M,492,0,0,296,0,296,G
7-M,493,300,0,0,0,300,A
7-M,494,0,301,0,0,301,T
7-M,495,0,0,299,0,299,G
7-M,496,0,0,298,0,298,G
7-M,497,0,296,0,0,296,T
7-M,498,0,0,297,0,297,G
7-M,499,0,0,297,0,297,G
7-M,500,0,0,0,297,297,C
7-M,501,295,0,0,0,295,A
7-M,502,296,0,0,0,296,A
7-M,503,0,0,0,299,299,C
7-M,504,300,0,0,0,300,A
7-M,505,299,0,0,0,299,A
7-M,506,0,0,0,299,299,C
7-M,507,1,0,0,293,294,C
7-M,508,292,0,0,0,292,A
7-M,509,292,0,0,1,293,A
7-M,510,0,294,0,0,294,T
7-M,511,1,0,0,291,292,C
7-M,512,0,0,0,293,293,C
7-M,513,286,0,0,0,286,A
7-M,514,0,285,0,0,285,T
7-M,515,0,284,0,0,284,T
7-M,516,285,0,0,0,285,A
7-M,517,285,0,1,0,286,A
7-M,518,1,284,0,0,285,T
7-M,519,283,0,0,0,283,A
7-M,520,283,0,0,0,283,A
7-M,521,280,0,0,0,280,A
7-M,522,283,0,0,0,283,A
7-M,523,0,0,0,289,289,C
7-M,524,289,0,0,0,289,A
7-M,525,0,291,1,0,292,T
7-M,526,0,2,288,0,290,G
7-M,527,292,0,0,0,292,A
7-M,528,0,0,293,0,293,G
7-M,529,289,0,1,0,290,A
7-M,530,292,0,1,0,293,A
7-M,531,0,0,0,293,293,C
7-M,532,281,0,0,0,281,A
7-M,533,0,1,282,0,283,G
7-M,534,284,0,0,0,284,A
7-M,535,281,0,0,0,281,A
7-M,536,0,281,0,1,282,T
7-M,537,0,1,279,0,280,G
7-M,538,0,0,280,0,280,G
7-M,539,0,278,0,0,278,T
7-M,540,0,273,0,1,274,T
7-M,541,0,282,0,0,282,T
7-M,542,0,282,0,0,282,T
7-M,543,0,1,281,0,282,G
7-M,544,1,0,284,0,285,G
7-M,545,0,1,0,284,285,C
7-M,546,1,0,0,285,286,C
7-M,547,279,0,0,0,279,A
7-M,548,0,0,288,0,288,G
7-M,549,0,0,0,285,285,C
7-M,550,293,0,0,0,293,A
7-M,551,0,0,0,294,294,C
7-M,552,0,287,0,0,287,T
7-M,553,288,0,0,0,288,A
7-M,554,0,0,0,288,288,C
7-M,555,291,0,0,1,292,A
7-M,556,1,0,296,0,297,G
7-M,557,0,0,0,284,284,C
7-M,558,0,275,0,1,276,T
7-M,559,276,0,0,0,276,A
7-M,560,272,0,0,0,272,A
7-M,561,0,0,274,0,274,G
7-M,562,0,0,274,0,274,G
7-M,563,0,0,0,273,273,C
7-M,564,0,254,0,0,254,T
7-M,565,253,0,0,0,253,A
7-M,566,0,250,0,0,250,T
7-M,567,0,0,253,0,253,G
7-M,568,0,0,255,0,255,G
7-M,569,249,0,0,1,250,A
7-M,570,0,0,253,0,253,G
7-M,571,0,0,0,249,249,C
7-M,572,247,0,0,0,247,A
7-M,573,248,0,0,0,248,A
7-M,574,244,1,1,1,247,A
7-M,575,0,248,0,0,248,T
7-M,576,0,1,247,0,248,G
7-M,577,0,0,249,0,249,G
7-M,578,0,0,0,249,249,C
7-M,579,0,245,0,0,245,T
7-M,580,1,0,246,1,248,G
7-M,581,0,1,248,0,249,G
7-M,582,250,0,0,0,250,A
7-M,583,0,249,0,0,249,T
7-M,584,1,0,0,245,246,C
7-M,585,242,0,1,0,243,A
7-M,586,244,0,0,0,244,A
7-M,587,0,1,243,0,244,G
7-M,588,0,243,0,0,243,T
7-M,589,0,0,241,0,241,G
7-M,590,237,0,0,0,237,A
7-M,591,0,0,239,0,239,G
7-M,592,0,0,0,239,239,C
7-M,593,237,0,0,0,237,A
7-M,594,2,0,239,0,241,G
7-M,595,0,0,238,0,238,G
7-M,596,1,0,0,238,239,C
7-M,597,239,0,0,0,239,A
7-M,598,0,0,240,0,240,G
7-M,599,0,0,0,239,239,C
7-M,600,0,1,237,0,238,G
7-M,601,0,0,242,0,242,G
7-M,602,241,0,0,0,241,A
7-M,603,1,0,246,0,247,G
7-M,604,0,0,250,0,250,G
7-M,605,0,0,0,253,253,C
7-M,606,0,0,0,255,255,C
7-M,607,252,0,1,0,253,A
7-M,608,1,251,0,1,253,T
7-M,609,0,1,255,0,256,G
7-M,610,0,1,255,0,256,G
7-M,611,255,0,0,0,255,A
7-M,612,0,0,261,0,261,G
7-M,613,256,0,0,0,256,A
7-M,614,0,259,0,0,259,T
7-M,615,0,259,0,0,259,T
7-M,616,0,0,258,0,258,G
7-M,617,0,0,0,259,259,C
7-M,618,0,258,0,0,258,T
7-M,619,263,0,0,0,263,A
7-M,620,0,1,261,0,262,G
7-M,621,0,261,0,1,262,T
7-M,622,0,1,0,262,263,C
7-M,623,255,0,0,0,255,A
7-M,624,0,2,255,0,257,G
7-M,625,0,0,260,0,260,G
7-M,626,1,0,0,254,255,C
7-M,627,0,0,0,257,257,C
7-M,628,257,0,0,0,257,A
7-M,629,0,0,262,0,262,G
7-M,630,0,0,262,0,262,G
7-M,631,0,0,0,263,263,C
7-M,632,261,0,0,0,261,A
7-M,633,0,0,262,0,262,G
7-M,634,256,0,0,0,256,A
7-M,635,0,255,0,0,255,T
7-M,636,0,1,257,0,258,G
7-M,637,0,1,264,0,265,G
7-M,638,0,257,0,0,257,T
7-M,639,1,0,254,0,255,G
7-M,640,0,0,0,259,259,C
7-M,641,255,0,2,0,257,A
7-M,642,0,1,261,0,262,G
7-M,643,0,0,263,0,263,G
7-M,644,1,0,0,263,264,C
7-M,645,261,0,1,0,262,A
7-M,646,260,0,0,0,260,A
7-M,647,0,258,0,1,259,T
7-M,648,0,0,260,0,260,G
7-M,649,260,0,1,0,261,A
7-M,650,1,1,259,0,261,G
7-M,651,256,0,1,0,257,A
7-M,652,0,0,255,0,255,G
7-M,653,0,0,0,261,261,C
7-M,654,1,0,0,268,269,C
7-M,655,267,0,0,1,268,A
7-M,656,0,269,0,0,269,T
7-M,657,0,270,0,0,270,T
7-M,658,0,0,269,0,269,G
7-M,659,0,0,266,0,266,G
7-M,660,0,0,268,0,268,G
7-M,661,269,0,0,0,269,A
7-M,662,0,0,0,266,266,C
7-M,663,0,259,0,0,259,T
7-M,664,1,0,0,263,264,C
7-M,665,265,0,0,0,265,A
7-M,666,0,279,0,0,279,T
7-M,667,5,1,0,275,281,C
7-M,668,1,0,0,277,278,C
7-M,669,0,279,0,0,279,T
7-M,670,280,0,0,0,280,A
7-M,671,0,0,283,0,283,G
7-M,672,0,315,0,0,315,T
7-M,673,0,313,0,0,313,T
7-M,674,1,0,0,308,309,C
7-M,675,1,0,0,299,300,C
7-M,676,300,0,0,0,300,A
7-M,677,0,0,305,0,305,G
7-M,678,0,305,0,0,305,T
7-M,679,302,1,0,0,303,A
7-M,680,0,0,0,304,304,C
7-M,681,0,273,0,0,273,T
7-M,682,0,1,277,0,278,G
7-M,683,0,0,283,0,283,G
7-M,684,0,286,0,0,286,T
7-M,685,2,0,0,284,286,C
7-M,686,0,282,0,0,282,T
7-M,687,282,0,1,0,283,A
7-M,688,284,0,0,0,284,A
7-M,689,0,1,283,0,284,G
7-M,690,283,0,0,0,283,A
7-M,691,0,1,281,0,282,G
7-M,692,264,0,1,0,265,A
7-M,693,1,264,0,1,266,T
7-M,694,0,1,265,0,266,G
7-M,695,263,0,0,0,263,A
7-M,696,1,260,1,0,262,T
7-M,697,0,0,0,262,262,C
7-M,698,0,255,0,1,256,T
7-M,699,0,259,0,0,259,T
7-M,700,0,0,0,259,259,C
7-M,701,0,258,0,0,258,T
7-M,702,0,257,0,0,257,T
7-M,703,0,0,259,0,259,G
7-M,704,258,0,0,0,258,A
7-M,705,256,0,0,0,256,A
7-M,706,255,0,0,0,255,A
7-M,707,258,0,0,0,258,A
7-M,708,0,259,0,0,259,T
7-M,709,0,266,0,0,266,T
7-M,710,0,265,0,0,265,T
7-M,711,0,0,264,0,264,G
7-M,712,0,0,0,264,264,C
7-M,713,264,0,1,0,265,A
7-M,714,0,2,265,0,267,G
7-M,715,266,0,0,0,266,A
7-M,716,1,0,0,272,273,C
7-M,717,0,0,0,270,270,C
7-M,718,0,272,0,0,272,T
7-M,719,282,0,0,1,283,A
7-M,720,0,283,0,0,283,T
7-M,721,1,0,0,282,283,C
7-M,722,282,0,0,0,282,A
7-M,723,0,1,281,0,282,G
7-M,724,278,0,0,0,278,A
7-M,725,268,0,0,0,268,A
7-M,726,268,0,1,0,269,A
7-M,727,0,0,0,270,270,C
7-M,728,0,0,266,0,266,G
7-M,729,263,0,0,0,263,A
7-M,730,264,0,0,0,264,A
7-M,731,0,262,0,0,262,T
7-M,732,0,0,263,0,263,G
7-M,733,0,1,262,0,263,G
7-M,734,1,1,264,1,267,G
7-M,735,0,0,262,0,262,G
7-M,736,0,0,267,0,267,G
7-M,737,0,263,0,0,263,T
7-M,738,0,0,262,0,262,G
7-M,739,0,0,0,262,262,C
7-M,740,263,0,0,0,263,A
7-M,741,0,0,264,0,264,G
7-M,742,257,0,0,0,257,A
7-M,743,0,253,0,1,254,T
7-M,744,0,0,255,0,255,G
7-M,745,0,0,0,254,254,C
7-M,746,254,0,0,0,254,A
7-M,747,255,0,0,0,255,A
7-M,748,1,0,0,252,253,C
7-M,749,0,1,251,0,252,G
7-M,750,257,0,0,0,257,A
7-M,751,0,257,0,0,257,T
7-M,752,0,257,0,0,257,T
7-M,753,2,1,0,256,259,C
7-M,754,252,0,0,0,252,A
7-M,755,252,0,1,0,253,A
7-M,756,0,0,253,0,253,G
7-M,757,0,247,0,0,247,T
7-M,758,1,1,244,0,246,G
7-M,759,243,0,0,0,243,A
7-M,760,1,0,0,241,242,C
7-M,761,0,0,0,240,240,C
7-M,762,0,0,0,236,236,C
7-M,763,0,0,238,0,238,G
7-M,764,0,0,0,238,238,C
7-M,765,0,232,0,1,233,T
7-M,766,0,235,0,0,235,T
7-M,767,1,0,233,0,234,G
7-M,768,0,231,0,1,232,T
7-M,769,0,234,0,0,234,T
7-M,770,0,0,234,0,234,G
7-M,771,0,223,0,0,223,T
7-M,772,0,219,0,1,220,T
7-M,773,0,1,221,0,222,G
7-M,774,0,0,0,220,220,C
7-M,775,1,0,0,219,220,C
7-M,776,1,0,219,0,220,G
7-M,777,0,0,0,221,221,C
7-M,778,0,1,221,0,222,G
7-M,779,222,0,1,0,223,A
7-M,780,224,0,0,0,224,A
7-M,781,0,225,0,0,225,T
7-M,782,226,0,0,0,226,A
7-M,783,0,229,0,0,229,T
7-M,784,1,0,0,233,234,C
7-M,785,233,1,0,0,234,A
7-M,786,0,231,0,0,231,T
7-M,787,1,228,0,0,229,T
7-M,788,0,1,229,0,230,G
7-M,789,0,0,230,0,230,G
7-M,790,0,0,231,0,231,G
7-M,791,231,0,0,0,231,A
7-M,792,0,231,0,0,231,T
7-M,793,0,2,0,222,224,C
7-M,794,1,222,0,0,223,T
7-M,795,0,224,0,0,224,T
7-M,796,0,0,229,0,229,G
7-M,797,0,0,0,229,229,C
7-M,798,226,0,0,0,226,A
7-M,799,0,0,0,228,228,C
7-M,800,0,223,0,0,223,T
7-M,801,0,224,0,0,224,T
7-M,802,0,0,226,0,226,G
7-M,803,229,0,0,0,229,A
7-M,804,0,229,0,0,229,T
7-M,805,228,0,0,0,228,A
7-M,806,0,227,0,0,227,T
7-M,807,0,225,0,0,225,T
7-M,808,0,0,230,0,230,G
7-M,809,0,226,0,1,227,T
7-M,810,0,0,226,0,226,G
7-M,811,0,0,225,0,225,G
7-M,812,225,0,0,0,225,A
7-M,813,0,224,0,0,224,T
7-M,814,0,219,0,0,219,T
7-M,815,0,0,0,219,219,C
7-M,816,0,218,0,1,219,T
7-M,817,0,217,0,0,217,T
7-M,818,0,0,217,0,217,G
7-M,819,216,0,0,0,216,A
7-M,820,0,218,0,0,218,T
7-M,821,0,0,0,217,217,C
7-M,822,0,0,217,0,217,G
7-M,823,0,216,0,0,216,T
7-M,824,0,0,0,217,217,C
7-M,825,0,217,0,0,217,T
7-M,826,0,216,0,0,216,T
7-M,827,0,0,0,216,216,C
7-M,828,0,216,0,0,216,T
7-M,829,0,219,0,0,219,T
7-M,830,0,219,0,0,219,T
7-M,831,0,217,0,1,218,T
7-M,832,0,0,0,218,218,C
7-M,833,217,0,0,0,217,A
7-M,834,217,0,0,0,217,A
7-M,835,217,0,0,0,217,A
7-M,836,0,216,0,0,216,T
7-M,837,0,0,218,0,218,G
7-M,838,0,0,0,212,212,C
7-M,839,0,0,213,0,213,G
7-M,840,0,214,0,1,215,T
7-M,841,1,0,0,214,215,C
7-M,842,0,216,0,0,216,T
7-M,843,216,0,0,0,216,A
7-M,844,0,216,0,0,216,T
7-M,845,0,0,0,214,214,C
7-M,846,0,4,210,0,214,G
7-M,847,207,0,0,0,207,A
7-M,848,0,0,0,208,208,C
7-M,849,0,202,0,0,202,T
7-M,850,0,0,0,210,210,C
7-M,851,0,209,0,0,209,T
7-M,852,0,210,0,0,210,T
7-M,853,1,0,0,208,209,C
7-M,854,207,0,0,0,207,A
7-M,855,208,0,0,0,208,A
7-M,856,208,0,1,0,209,A
7-M,857,1,0,0,207,208,C
7-M,858,207,0,0,0,207,A
7-M,859,0,0,0,204,204,C
7-M,860,0,0,202,0,202,G
7-M,861,0,0,208,0,208,G
7-M,862,0,0,0,211,211,C
7-M,863,0,0,0,210,210,C
7-M,864,0,211,0,0,211,T
7-M,865,0,209,0,0,209,T
7-M,866,210,0,0,0,210,A
7-M,867,213,0,0,0,213,A
7-M,868,212,0,0,0,212,A
7-M,869,211,0,0,0,211,A
7-M,870,0,0,213,0,213,G
7-M,871,172,0,1,0,173,A
7-M,872,0,0,171,0,171,G
7-M,873,0,0,171,0,171,G
7-M,874,0,0,0,172,172,C
7-M,875,0,0,0,171,171,C
7-M,876,0,0,0,168,168,C
7-M,877,0,167,1,0,168,T
7-M,878,0,172,0,0,172,T
7-M,879,0,0,0,171,171,C
7-M,880,0,173,0,0,173,T
7-M,881,171,0,0,0,171,A
7-M,882,0,1,0,170,171,C
7-M,883,0,0,165,0,165,G
7-M,884,0,0,166,0,166,G
7-M,885,162,0,0,0,162,A
7-M,886,162,0,0,0,162,A
7-M,887,0,0,161,0,161,G
7-M,888,0,0,158,0,158,G
7-M,889,155,0,0,0,155,A
7-M,890,0,0,154,0,154,G
7-M,891,0,154,0,0,154,T
7-M,892,154,0,0,0,154,A
7-M,893,0,0,1,153,154,C
7-M,894,0,0,0,153,153,C
7-M,895,0,150,0,0,150,T
7-M,896,0,1,147,0,148,G
7-M,897,138,0,0,0,138,A
7-M,898,0,0,145,0,145,G
7-M,899,0,141,0,0,141,T
7-M,900,1,0,0,140,141,C
7-M,901,0,141,0,0,141,T
7-M,902,141,0,0,0,141,A
7-M,903,0,141,0,0,141,T
7-M,904,0,0,141,0,141,G
7-M,905,139,0,1,0,140,A
7-M,906,0,0,139,0,139,G
7-M,907,0,0,125,0,125,G
7-M,908,0,0,126,0,126,G
7-M,909,125,0,0,0,125,A
7-M,910,125,0,0,0,125,A
7-M,911,0,0,126,0,126,G
7-M,912,122,0,0,0,122,A
7-M,913,132,0,0,0,132,A
7-M,914,0,132,0,0,132,T
7-M,915,128,1,0,0,129,A
7-M,916,0,129,0,0,129,T
7-M,917,0,9,0,119,128,C
7-M,918,0,1,126,1,128,G
7-M,919,127,0,0,0,127,A
7-M,920,124,0,0,0,124,A
7-M,921,124,0,0,0,124,A
7-M,922,0,0,121,0,121,G
7-M,923,0,0,126,0,126,G
7-M,924,125,0,0,0,125,A
7-M,925,125,0,0,0,125,A
7-M,926,0,0,0,127,127,C
7-M,927,126,0,0,0,126,A
7-M,928,0,0,132,0,132,G
7-M,929,0,0,1,130,131,C
7-M,930,131,0,0,0,131,A
7-M,931,0,1,130,0,131,G
7-M,932,127,0,0,0,127,A
7-M,933,127,0,0,0,127,A
7-M,934,0,127,0,0,127,T
7-M,935,0,2,119,0,121,G
7-M,936,0,0,0,121,121,C
7-M,937,0,118,0,0,118,T
7-M,938,0,0,119,0,119,G
7-M,939,0,118,0,0,118,T
7-M,940,0,0,116,0,116,G
7-M,941,0,0,115,0,115,G
7-M,942,110,0,0,0,110,A
7-M,943,0,107,0,0,107,T
7-M,944,0,0,105,0,105,G
7-M,945,0,0,0,104,104,C
7-M,946,0,99,0,0,99,T
7-M,947,0,0,99,0,99,G
7-M,948,98,0,0,0,98,A
7-M,949,0,0,0,98,98,C
7-M,950,0,0,97,0,97,G
7-M,951,97,0,0,0,97,A
7-M,952,0,0,0,97,97,C
7-M,953,93,0,0,0,93,A
7-M,954,0,0,93,0,93,G
7-M,955,0,93,0,0,93,T
7-M,956,0,0,0,92,92,C
7-M,957,92,0,0,0,92,A
7-M,958,0,91,0,0,91,T
7-M,959,0,91,0,0,91,T
7-M,960,0,90,0,0,90,T
7-M,961,0,86,0,0,86,T
7-M,962,0,0,87,0,87,G
7-M,963,0,79,0,0,79,T
7-M,964,1,0,0,77,78,C
7-M,965,77,0,0,0,77,A
7-M,966,0,0,77,0,77,G
7-M,967,0,0,0,76,76,C
7-M,968,76,0,0,0,76,A
7-M,969,0,76,0,0,76,T
7-M,970,72,0,0,0,72,A
7-M,971,0,0,72,0,72,G
7-M,972,72,0,0,0,72,A
7-M,973,0,0,72,0,72,G
7-M,974,0,72,0,0,72,T
7-M,975,0,52,0,0,52,T
7-M,976,0,0,51,0,51,G
7-M,977,0,0,51,0,51,G
7-M,978,51,0,0,0,51,A
7-M,979,0,0,51,0,51,G
7-M,980,0,39,0,0,39,T
7-M,981,37,0,0,0,37,A
7-M,982,37,0,0,0,37,A
8-NS,1,136,0,0,0,136,A
8-NS,2,0,136,0,0,136,T
8-NS,3,0,0,147,0,147,G
8-NS,4,0,1,164,0,165,G
8-NS,5,177,0,0,0,177,A
8-NS,6,0,379,0,0,379,T
8-NS,7,0,380,0,0,380,T
8-NS,8,1,0,0,396,397,C
8-NS,9,0,1,0,397,398,C
8-NS,10,399,0,0,0,399,A
8-NS,11,404,0,0,0,404,A
8-NS,12,0,0,0,406,406,C
8-NS,13,407,1,0,0,408,A
8-NS,14,0,0,0,412,412,C
8-NS,15,0,412,0,0,412,T
8-NS,16,0,0,452,0,452,G
8-NS,17,0,454,0,0,454,T
8-NS,18,0,0,462,0,462,G
8-NS,19,0,463,0,0,463,T
8-NS,20,3,0,0,459,462,C
8-NS,21,464,0,0,0,464,A
8-NS,22,465,0,0,0,465,A
8-NS,23,0,0,470,0,470,G
8-NS,24,0,475,0,1,476,T
8-NS,25,0,471,0,0,471,T
8-NS,26,0,478,0,0,478,T
8-NS,27,0,0,0,479,479,C
8-NS,28,1,0,0,478,479,C
8-NS,29,477,0,0,0,477,A
8-NS,30,1,0,487,0,488,G
8-NS,31,0,1,489,0,490,G
8-NS,32,0,492,0,0,492,T
8-NS,33,491,0,0,0,491,A
8-NS,34,0,1,497,0,498,G
8-NS,35,499,0,0,0,499,A
8-NS,36,0,500,0,0,500,T
8-NS,37,0,500,0,0,500,T
8-NS,38,1,0,505,0,506,G
8-NS,39,1,0,0,503,504,C
8-NS,40,0,504,0,0,504,T
8-NS,41,0,509,0,1,510,T
8-NS,42,0,515,0,1,516,T
8-NS,43,1,0,0,521,522,C
8-NS,44,0,517,0,0,517,T
8-NS,45,0,517,0,0,517,T
8-NS,46,0,519,0,0,519,T
8-NS,47,0,0,522,0,522,G
8-NS,48,1,0,521,0,522,G
8-NS,49,0,1,0,521,522,C
8-NS,50,525,0,1,0,526,A
8-NS,51,0,525,0,0,525,T
8-NS,52,530,0,0,0,530,A
8-NS,53,0,536,0,0,536,T
8-NS,54,0,0,0,538,538,C
8-NS,55,0,1,0,535,536,C
8-NS,56,0,1,532,0,533,G
8-NS,57,1,0,535,0,536,G
8-NS,58,535,0,0,0,535,A
8-NS,59,542,0,0,0,542,A
8-NS,60,541,0,0,0,541,A
8-NS,61,0,0,0,551,551,C
8-NS,62,551,0,0,0,551,A
8-NS,63,551,0,0,0,551,A
8-NS,64,0,0,572,0,572,G
8-NS,65,0,573,0,0,573,T
8-NS,66,0,571,0,1,572,T
8-NS,67,1,0,572,0,573,G
8-NS,68,0,572,0,0,572,T
8-NS,69,571,0,0,0,571,A
8-NS,70,0,4,570,0,574,G
8-NS,71,595,0,1,0,596,A
8-NS,72,0,1,1,602,604,C
8-NS,73,1,0,0,598,599,C
8-NS,74,600,0,0,0,600,A
8-NS,75,604,0,0,0,604,A
8-NS,76,0,5,643,0,648,G
8-NS,77,648,0,1,0,649,A
8-NS,78,653,0,0,0,653,A
8-NS,79,0,0,0,651,651,C
8-NS,80,0,632,0,0,632,T
8-NS,81,0,3,636,0,639,G
8-NS,82,627,0,1,0,628,A
8-NS,83,0,0,652,1,653,G
8-NS,84,0,649,0,1,650,T
8-NS,85,0,1,637,0,638,G
8-NS,86,633,0,0,0,633,A
8-NS,87,0,637,0,0,637,T
8-NS,88,0,2,643,0,645,G
8-NS,89,0,1,1,646,648,C
8-NS,90,2,0,1,653,656,C
8-NS,91,0,0,0,659,659,C
8-NS,92,2,0,1,653,656,C
8-NS,93,663,0,0,0,663,A
8-NS,94,0,665,0,1,666,T
8-NS,95,0,675,0,1,676,T
8-NS,96,1,0,0,679,680,C
8-NS,97,0,0,0,676,676,C
8-NS,98,0,675,0,1,676,T
8-NS,99,0,678,0,0,678,T
8-NS,100,1,2,674,0,677,G
8-NS,101,676,0,0,0,676,A
8-NS,102,0,677,0,0,677,T
8-NS,103,2,1,0,667,670,C
8-NS,104,0,0,667,0,667,G
8-NS,105,0,0,675,0,675,G
8-NS,106,0,0,0,674,674,C
8-NS,107,0,669,0,2,671,T
8-NS,108,0,674,0,0,674,T
8-NS,109,0,0,0,672,672,C
8-NS,110,0,0,678,0,678,G
8-NS,111,0,0,0,677,677,C
8-NS,112,0,0,0,678,678,C
8-NS,113,1,2,676,0,679,G
8-NS,114,673,0,1,0,674,A
8-NS,115,0,3,713,0,716,G
8-NS,116,715,0,0,0,715,A
8-NS,117,0,718,0,0,718,T
8-NS,118,2,0,0,713,715,C
8-NS,119,719,0,1,0,720,A
8-NS,120,0,3,716,0,719,G
8-NS,121,721,0,0,0,721,A
8-NS,122,0,2,716,0,718,G
8-NS,123,1,3,731,0,735,G
8-NS,124,0,730,0,2,732,T
8-NS,125,3,0,0,786,789,C
8-NS,126,1,0,0,791,792,C
8-NS,127,3,0,0,790,793,C
8-NS,128,0,794,0,1,795,T
8-NS,129,797,0,0,0,797,A
8-NS,130,797,0,0,0,797,A
8-NS,131,0,2,814,0,816,G
8-NS,132,0,3,812,0,815,G
8-NS,133,0,0,817,0,817,G
8-NS,134,0,5,791,0,796,G
8-NS,135,795,0,0,0,795,A
8-NS,136,799,0,0,0,799,A
8-NS,137,0,2,806,0,808,G
8-NS,138,825,0,1,0,826,A
8-NS,139,0,2,834,0,836,G
8-NS,140,0,0,831,0,831,G
8-NS,141,0,1,0,832,833,C
8-NS,142,829,0,1,0,830,A
8-NS,143,832,0,0,0,832,A
8-NS,144,0,828,2,0,830,T
8-NS,145,841,0,0,0,841,A
8-NS,146,1,0,0,851,852,C
8-NS,147,0,831,0,0,831,T
8-NS,148,1,0,0,835,836,C
8-NS,149,0,832,0,1,833,T
8-NS,150,2,2,0,830,834,C
8-NS,151,0,3,838,0,841,G
8-NS,152,0,0,888,0,888,G
8-NS,153,0,888,0,1,889,T
8-NS,154,3,0,0,888,891,C
8-NS,155,0,885,0,0,885,T
8-NS,156,890,0,2,0,892,A
8-NS,157,0,2,893,0,895,G
8-NS,158,896,0,0,0,896,A
8-NS,159,0,0,0,915,915,C
8-NS,160,899,0,0,0,899,A
8-NS,161,0,877,0,0,877,T
8-NS,162,1,0,0,879,880,C
8-NS,163,876,0,0,0,876,A
8-NS,164,874,0,1,0,875,A
8-NS,165,871,0,1,0,872,A
8-NS,166,0,0,880,0,880,G
8-NS,167,1,0,0,882,883,C
8-NS,168,868,0,0,0,868,A
8-NS,169,0,0,878,0,878,G
8-NS,170,1,0,0,877,878,C
8-NS,171,0,0,0,874,874,C
8-NS,172,884,1,0,0,885,A
8-NS,173,0,0,0,897,897,C
8-NS,174,0,0,0,896,896,C
8-NS,175,3,0,0,890,893,C
8-NS,176,898,1,1,0,900,A
8-NS,177,0,896,0,1,897,T
8-NS,178,0,0,903,0,903,G
8-NS,179,0,898,0,1,899,T
8-NS,180,0,901,0,1,902,T
8-NS,181,0,0,900,0,900,G
8-NS,182,0,2,895,0,897,G
8-NS,183,892,0,2,0,894,A
8-NS,184,893,1,0,0,894,A
8-NS,185,883,0,1,0,884,A
8-NS,186,0,0,895,0,895,G
8-NS,187,2,0,0,889,891,C
8-NS,188,891,0,0,0,891,A
8-NS,189,888,1,1,0,890,A
8-NS,190,888,0,0,0,888,A
8-NS,191,0,886,0,1,887,T
8-NS,192,0,886,0,1,887,T
8-NS,193,0,1,902,0,903,G
8-NS,194,0,901,0,1,902,T
8-NS,195,898,0,1,0,899,A
8-NS,196,0,0,900,0,900,G
8-NS,197,898,0,0,0,898,A
8-NS,198,897,0,2,0,899,A
8-NS,199,897,0,0,0,897,A
8-NS,200,891,0,0,1,892,A
8-NS,201,0,3,893,0,896,G
8-NS,202,884,0,1,0,885,A
8-NS,203,0,884,0,1,885,T
8-NS,204,0,880,0,1,881,T
8-NS,205,4,0,1,883,888,C
8-NS,206,1,880,0,2,883,T
8-NS,207,0,1,889,0,890,G
8-NS,208,885,0,1,0,886,A
8-NS,209,886,0,0,0,886,A
8-NS,210,886,1,1,0,888,A
8-NS,211,0,0,890,0,890,G
8-NS,212,888,1,1,0,890,A
8-NS,213,891,0,0,0,891,A
8-NS,214,0,1,892,0,893,G
8-NS,215,898,0,2,0,900,A
8-NS,216,901,0,1,0,902,A
8-NS,217,0,900,0,0,900,T
8-NS,218,3,0,0,903,906,C
8-NS,219,0,906,0,1,907,T
8-NS,220,0,3,914,0,917,G
8-NS,221,914,0,1,0,915,A
8-NS,222,1,915,0,0,916,T
8-NS,223,0,3,906,0,909,G
8-NS,224,895,0,0,0,895,A
8-NS,225,0,4,890,0,894,G
8-NS,226,0,1,894,0,895,G
8-NS,227,0,1,0,893,894,C
8-NS,228,898,0,0,0,898,A
8-NS,229,0,0,0,921,921,C
8-NS,230,0,915,0,1,916,T
8-NS,231,2,920,0,0,922,T
8-NS,232,926,0,1,0,927,A
8-NS,233,928,2,1,0,931,A
8-NS,234,917,1,0,0,918,A
8-NS,235,925,0,0,0,925,A
8-NS,236,0,926,0,0,926,T
8-NS,237,0,1,926,0,927,G
8-NS,238,928,0,0,0,928,A
8-NS,239,0,0,0,927,927,C
8-NS,240,3,0,0,921,924,C
8-NS,241,928,0,0,0,928,A
8-NS,242,0,925,0,1,926,T
8-NS,243,0,6,930,0,936,G
8-NS,244,1,0,950,0,951,G
8-NS,245,0,952,0,2,954,T
8-NS,246,4,1,1,1004,1010,C
8-NS,247,0,1001,0,0,1001,T
8-NS,248,3,0,0,1017,1020,C
8-NS,249,1,0,0,1012,1013,C
8-NS,250,1020,0,0,0,1020,A
8-NS,251,0,0,0,1021,1021,C
8-NS,252,1010,0,0,0,1010,A
8-NS,253,1,0,0,1017,1018,C
8-NS,254,1,0,0,1006,1007,C
8-NS,255,0,974,0,0,974,T
8-NS,256,0,0,980,0,980,G
8-NS,257,2,1,0,974,977,C
8-NS,258,0,968,0,2,970,T
8-NS,259,0,974,0,0,974,T
8-NS,260,2,1,1,961,965,C
8-NS,261,0,0,964,0,964,G
8-NS,262,0,1,0,964,965,C
8-NS,263,0,1,962,1,964,G
8-NS,264,1008,0,0,0,1008,A
8-NS,265,0,1004,0,0,1004,T
8-NS,266,1032,1,3,0,1036,A
8-NS,267,0,0,0,1042,1042,C
8-NS,268,1034,0,2,0,1036,A
8-NS,269,0,1059,0,0,1059,T
8-NS,270,1050,0,3,0,1053,A
8-NS,271,1057,1,1,0,1059,A
8-NS,272,0,1,0,1060,1061,C
8-NS,273,0,1033,0,0,1033,T
8-NS,274,0,2,1041,0,1043,G
8-NS,275,1026,0,1,0,1027,A
8-NS,276,0,0,0,1035,1035,C
8-NS,277,1030,1,0,0,1031,A
8-NS,278,0,1021,0,0,1021,T
8-NS,279,0,3,1023,0,1026,G
8-NS,280,1025,0,0,0,1025,A
8-NS,281,1,0,0,1058,1059,C
8-NS,282,1,1049,0,2,1052,T
8-NS,283,1062,0,0,0,1062,A
8-NS,284,0,1061,0,0,1061,T
8-NS,285,1,1045,0,3,1049,T
8-NS,286,0,4,1047,0,1051,G
8-NS,287,1050,0,0,0,1050,A
8-NS,288,0,0,1043,0,1043,G
8-NS,289,0,6,1037,0,1043,G
8-NS,290,1003,0,0,0,1003,A
8-NS,291,1014,0,0,0,1014,A
8-NS,292,0,993,0,0,993,T
8-NS,293,0,988,0,0,988,T
8-NS,294,0,0,1003,0,1003,G
8-NS,295,1,997,0,2,1000,T
8-NS,296,2,0,0,1001,1003,C
8-NS,297,1001,1,0,0,1002,A
8-NS,298,1006,0,0,0,1006,A
8-NS,299,0,2,1008,0,1010,G
8-NS,300,1011,0,0,0,1011,A
8-NS,301,1007,0,0,0,1007,A
8-NS,302,1007,1,0,0,1008,A
8-NS,303,0,1,0,1005,1006,C
8-NS,304,0,988,0,0,988,T
8-NS,305,0,5,1002,0,1007,G
8-NS,306,1,0,1019,0,1020,G
8-NS,307,0,1015,0,1,1016,T
8-NS,308,2,1008,1,3,1014,T
8-NS,309,4,0,0,1000,1004,C
8-NS,310,1002,0,0,0,1002,A
8-NS,311,0,1020,0,0,1020,T
8-NS,312,0,0,1025,0,1025,G
8-NS,313,2,1,0,1024,1027,C
8-NS,314,0,1013,2,0,1015,T
8-NS,315,999,0,0,0,999,A
8-NS,316,1007,0,0,0,1007,A
8-NS,317,0,1014,0,0,1014,T
8-NS,318,0,1,1013,1,1015,G
8-NS,319,1,1,0,1012,1014,C
8-NS,320,0,0,0,1000,1000,C
8-NS,321,1,0,0,997,998,C
8-NS,322,1001,0,0,0,1001,A
8-NS,323,1005,0,0,0,1005,A
8-NS,324,52,1,959,1,1013,G
8-NS,325,0,2,0,1012,1014,C
8-NS,326,1006,0,1,0,1007,A
8-NS,327,0,0,1014,0,1014,G
8-NS,328,1002,1,0,1,1004,A
8-NS,329,1006,0,0,0,1006,A
8-NS,330,996,0,2,0,998,A
8-NS,331,0,1,1014,0,1015,G
8-NS,332,0,1006,0,0,1006,T
8-NS,333,1,1,1005,0,1007,G
8-NS,334,0,0,1004,0,1004,G
8-NS,335,1003,0,2,0,1005,A
8-NS,336,999,0,0,0,999,A
8-NS,337,0,2,998,0,1000,G
8-NS,338,0,3,1019,0,1022,G
8-NS,339,1029,0,0,0,1029,A
8-NS,340,1,0,0,1025,1026,C
8-NS,341,3,0,0,1013,1016,C
8-NS,342,2,927,0,87,1016,T
8-NS,343,2,0,0,1039,1041,C
8-NS,344,0,1034,0,0,1034,T
8-NS,345,0,1037,0,1,1038,T
8-NS,346,1,1037,0,1,1039,T
8-NS,347,0,0,1017,0,1017,G
8-NS,348,1,1,0,1019,1021,C
8-NS,349,1011,0,0,0,1011,A
8-NS,350,0,1008,1,1,1010,T
8-NS,351,3,1,0,1010,1014,C
8-NS,352,1031,0,1,0,1032,A
8-NS,353,0,1,1071,0,1072,G
8-NS,354,1066,0,0,1,1067,A
8-NS,355,1073,0,1,0,1074,A
8-NS,356,0,1068,0,0,1068,T
8-NS,357,2,6,1048,0,1056,G
8-NS,358,8,2,1055,0,1065,G
8-NS,359,1061,0,1,0,1062,A
8-NS,360,0,0,0,1061,1061,C
8-NS,361,2,0,0,1038,1040,C
8-NS,362,1018,0,1,2,1021,A
8-NS,363,0,2,1030,0,1032,G
8-NS,364,0,0,1027,0,1027,G
8-NS,365,0,0,0,1033,1033,C
8-NS,366,1025,0,0,0,1025,A
8-NS,367,1036,0,0,0,1036,A
8-NS,368,0,1034,0,1,1035,T
8-NS,369,4,0,0,1027,1031,C
8-NS,370,1029,0,1,0,1030,A
8-NS,371,0,1021,0,1,1022,T
8-NS,372,0,3,1017,0,1020,G
8-NS,373,0,2,1028,0,1030,G
8-NS,374,1019,0,2,0,1021,A
8-NS,375,0,1,1032,0,1033,G
8-NS,376,1015,1,2,0,1018,A
8-NS,377,1018,0,0,0,1018,A
8-NS,378,1019,1,1,0,1021,A
8-NS,379,1021,0,1,1,1023,A
8-NS,380,1021,0,2,1,1024,A
8-NS,381,0,0,0,1032,1032,C
8-NS,382,1026,0,0,0,1026,A
8-NS,383,0,1015,0,0,1015,T
8-NS,384,1,0,0,1008,1009,C
8-NS,385,1006,1,2,0,1009,A
8-NS,386,0,1017,1,0,1018,T
8-NS,387,0,0,1022,0,1022,G
8-NS,388,0,1021,0,0,1021,T
8-NS,389,0,1010,0,1,1011,T
8-NS,390,0,3,1009,0,1012,G
8-NS,391,1004,0,0,0,1004,A
8-NS,392,1009,0,0,0,1009,A
8-NS,393,1006,0,1,0,1007,A
8-NS,394,0,0,1015,0,1015,G
8-NS,395,2,3,0,993,998,C
8-NS,396,1,2,995,0,998,G
8-NS,397,998,1,1,0,1000,A
8-NS,398,1004,0,0,0,1004,A
8-NS,399,0,998,0,0,998,T
8-NS,400,0,987,0,6,993,T
8-NS,401,0,996,0,0,996,T
8-NS,402,4,0,0,994,998,C
8-NS,403,987,0,1,0,988,A
8-NS,404,0,1,987,0,988,G
8-NS,405,0,990,0,0,990,T
8-NS,406,0,1,990,0,991,G
8-NS,407,0,983,1,0,984,T
8-NS,408,0,5,989,0,994,G
8-NS,409,1009,0,0,0,1009,A
8-NS,410,0,1007,1,0,1008,T
8-NS,411,1,1010,0,1,1012,T
8-NS,412,0,1005,0,0,1005,T
8-NS,413,0,1003,0,0,1003,T
8-NS,414,0,1006,0,0,1006,T
8-NS,415,4,8,988,0,1000,G
8-NS,416,1002,0,1,0,1003,A
8-NS,417,0,0,1,1001,1002,C
8-NS,418,1,0,0,986,987,C
8-NS,419,0,7,988,0,995,G
8-NS,420,1043,0,0,0,1043,A
8-NS,421,0,0,0,1069,1069,C
8-NS,422,0,1070,0,1,1071,T
8-NS,423,1079,0,0,0,1079,A
8-NS,424,0,2,1078,0,1080,G
8-NS,425,1087,0,3,0,1090,A
8-NS,426,1,7,1089,0,1097,G
8-NS,427,1093,0,1,0,1094,A
8-NS,428,0,0,0,1132,1132,C
8-NS,429,4,0,0,1075,1079,C
8-NS,430,1041,0,0,0,1041,A
8-NS,431,0,1055,0,2,1057,T
8-NS,432,1045,0,2,0,1047,A
8-NS,433,0,0,1049,0,1049,G
8-NS,434,0,1033,0,0,1033,T
8-NS,435,1,2,972,0,975,G
8-NS,436,1,1078,0,1,1080,T
8-NS,437,1,1091,0,2,1094,T
8-NS,438,1118,0,2,0,1120,A
8-NS,439,0,2,0,1118,1120,C
8-NS,440,0,1101,0,0,1101,T
8-NS,441,1103,0,2,0,1105,A
8-NS,442,1034,0,1,0,1035,A
8-NS,443,0,5,1031,0,1036,G
8-NS,444,0,2,1024,0,1026,G
8-NS,445,0,0,1033,0,1033,G
8-NS,446,0,0,0,1011,1011,C
8-NS,447,0,998,0,3,1001,T
8-NS,448,0,995,0,0,995,T
8-NS,449,0,1013,0,0,1013,T
8-NS,450,1,0,0,1018,1019,C
8-NS,451,1037,0,1,0,1038,A
8-NS,452,1,0,0,1037,1038,C
8-NS,453,1,2,0,1025,1028,C
8-NS,454,0,3,1026,0,1029,G
8-NS,455,1028,0,0,0,1028,A
8-NS,456,1032,2,1,0,1035,A
8-NS,457,0,2,1034,0,1036,G
8-NS,458,1031,0,1,0,1032,A
8-NS,459,0,3,1033,0,1036,G
8-NS,460,0,3,1022,0,1025,G
8-NS,461,2,4,1025,0,1031,G
8-NS,462,1025,0,1,0,1026,A
8-NS,463,0,1,1027,0,1028,G
8-NS,464,1,1,0,1013,1015,C
8-NS,465,1019,0,2,0,1021,A
8-NS,466,1025,0,0,0,1025,A
8-NS,467,1,1022,0,0,1023,T
8-NS,468,1,1016,0,1,1018,T
8-NS,469,0,0,1022,0,1022,G
8-NS,470,1,1004,0,1,1006,T
8-NS,471,0,1005,0,0,1005,T
8-NS,472,1,1,1003,1,1006,G
8-NS,473,1,0,1005,0,1006,G
8-NS,474,0,0,0,1004,1004,C
8-NS,475,0,2,1003,1,1006,G
8-NS,476,1003,0,0,0,1003,A
8-NS,477,1006,1,0,0,1007,A
8-NS,478,1011,0,1,0,1012,A
8-NS,479,0,1010,0,1,1011,T
8-NS,480,2,0,0,1014,1016,C
8-NS,481,0,1011,0,0,1011,T
8-NS,482,1,0,0,1011,1012,C
8-NS,483,1016,0,1,0,1017,A
8-NS,484,1,0,0,1020,1021,C
8-NS,485,3,0,1,1018,1022,C
8-NS,486,1009,0,1,0,1010,A
8-NS,487,0,1011,0,0,1011,T
8-NS,488,0,1002,0,0,1002,T
8-NS,489,0,1,1000,0,1001,G
8-NS,490,0,0,0,1005,1005,C
8-NS,491,3,0,1,1002,1006,C
8-NS,492,1,1002,0,3,1006,T
8-NS,493,0,1001,0,1,1002,T
8-NS,494,3,0,0,1008,1011,C
8-NS,495,0,1010,0,0,1010,T
8-NS,496,0,1009,0,1,1010,T
8-NS,497,1,1043,0,1,1045,T
8-NS,498,0,1035,1,5,1041,T
8-NS,499,1,0,0,1041,1042,C
8-NS,500,3,2,0,1040,1045,C
8-NS,501,1041,1,0,0,1042,A
8-NS,502,0,0,1058,0,1058,G
8-NS,503,1,4,1045,0,1050,G
8-NS,504,1078,0,0,0,1078,A
8-NS,505,0,0,0,1072,1072,C
8-NS,506,1081,0,0,0,1081,A
8-NS,507,0,1085,0,1,1086,T
8-NS,508,1086,0,1,0,1087,A
8-NS,509,1,0,1,1172,1174,C
8-NS,510,0,1173,0,0,1173,T
8-NS,511,1159,0,1,0,1160,A
8-NS,512,0,1158,0,2,1160,T
8-NS,513,0,1113,1,1,1115,T
8-NS,514,0,2,1110,1,1113,G
8-NS,515,1067,0,0,0,1067,A
8-NS,516,0,3,1064,0,1067,G
8-NS,517,0,3,1059,0,1062,G
8-NS,518,944,0,0,0,944,A
8-NS,519,1,945,0,0,946,T
8-NS,520,4,0,938,0,942,G
8-NS,521,0,939,0,2,941,T
8-NS,522,6,0,0,937,943,C
8-NS,523,945,0,0,0,945,A
8-NS,524,948,0,1,0,949,A
8-NS,525,947,1,0,0,948,A
8-NS,526,946,0,0,0,946,A
8-NS,527,952,0,0,0,952,A
8-NS,528,0,946,0,0,946,T
8-NS,529,0,0,943,0,943,G
8-NS,530,0,0,0,947,947,C
8-NS,531,943,0,0,0,943,A
8-NS,532,951,0,1,0,952,A
8-NS,533,0,956,0,1,957,T
8-NS,534,0,957,0,0,957,T
8-NS,535,1,3,954,0,958,G
8-NS,536,0,1,946,0,947,G
8-NS,537,1,3,949,0,953,G
8-NS,538,0,1,957,0,958,G
8-NS,539,1,933,0,1,935,T
8-NS,540,3,0,0,948,951,C
8-NS,541,1,0,0,944,945,C
8-NS,542,1,947,0,1,949,T
8-NS,543,2,0,0,957,959,C
8-NS,544,958,0,1,0,959,A
8-NS,545,0,965,0,0,965,T
8-NS,546,0,0,0,968,968,C
8-NS,547,0,1,951,0,952,G
8-NS,548,0,1,954,0,955,G
8-NS,549,938,0,3,0,941,A
8-NS,550,0,2,937,0,939,G
8-NS,551,0,5,951,0,956,G
8-NS,552,946,0,1,0,947,A
8-NS,553,0,1,0,956,957,C
8-NS,554,0,949,0,0,949,T
8-NS,555,1,948,0,0,949,T
8-NS,556,0,5,953,0,958,G
8-NS,557,954,0,0,0,954,A
8-NS,558,958,0,1,0,959,A
8-NS,559,0,945,0,0,945,T
8-NS,560,2,6,919,0,927,G
8-NS,561,0,4,935,0,939,G
8-NS,562,932,0,0,0,932,A
8-NS,563,949,0,0,0,949,A
8-NS,564,0,1005,0,0,1005,T
8-NS,565,0,3,1006,0,1009,G
8-NS,566,1012,0,2,0,1014,A
8-NS,567,0,1013,0,0,1013,T
8-NS,568,1015,0,0,0,1015,A
8-NS,569,1018,0,0,0,1018,A
8-NS,570,1,0,1,1009,1011,C
8-NS,571,991,0,0,0,991,A
8-NS,572,0,0,0,1004,1004,C
8-NS,573,925,0,2,0,927,A
8-NS,574,0,0,940,0,940,G
8-NS,575,0,929,0,3,932,T
8-NS,576,0,930,0,1,931,T
8-NS,577,5,0,0,927,932,C
8-NS,578,0,2,926,0,928,G
8-NS,579,926,1,0,0,927,A
8-NS,580,1,0,923,1,925,G
8-NS,581,0,918,0,0,918,T
8-NS,582,5,0,0,919,924,C
8-NS,583,0,907,0,2,909,T
8-NS,584,3,0,0,915,918,C
8-NS,585,0,918,0,2,920,T
8-NS,586,919,0,3,0,922,A
8-NS,587,921,0,0,0,921,A
8-NS,588,917,0,0,0,917,A
8-NS,589,921,0,1,0,922,A
8-NS,590,921,0,0,1,922,A
8-NS,591,0,917,0,0,917,T
8-NS,592,0,0,0,922,922,C
8-NS,593,0,915,0,0,915,T
8-NS,594,917,0,0,1,918,A
8-NS,595,1,0,0,917,918,C
8-NS,596,918,0,1,0,919,A
8-NS,597,0,4,919,0,923,G
8-NS,598,905,0,1,0,906,A
8-NS,599,1,1,914,0,916,G
8-NS,600,913,0,1,0,914,A
8-NS,601,0,901,0,1,902,T
8-NS,602,0,903,0,0,903,T
8-NS,603,6,0,0,894,900,C
8-NS,604,2,0,898,0,900,G
8-NS,605,0,0,0,901,901,C
8-NS,606,0,899,0,0,899,T
8-NS,607,0,898,1,0,899,T
8-NS,608,0,2,892,0,894,G
8-NS,609,0,2,896,0,898,G
8-NS,610,902,0,0,0,902,A
8-NS,611,0,1,900,0,901,G
8-NS,612,892,0,1,0,893,A
8-NS,613,886,0,1,0,887,A
8-NS,614,0,0,904,0,904,G
8-NS,615,0,1,0,908,909,C
8-NS,616,909,0,1,0,910,A
8-NS,617,1,0,923,0,924,G
8-NS,618,0,912,0,0,912,T
8-NS,619,921,0,2,0,923,A
8-NS,620,921,1,0,0,922,A
8-NS,621,0,916,0,0,916,T
8-NS,622,0,3,916,0,919,G
8-NS,623,862,0,1,0,863,A
8-NS,624,0,1,876,0,877,G
8-NS,625,869,0,1,0,870,A
8-NS,626,847,0,0,1,848,A
8-NS,627,0,851,0,0,851,T
8-NS,628,2,0,836,0,838,G
8-NS,629,0,2,845,0,847,G
8-NS,630,2,0,837,0,839,G
8-NS,631,0,2,834,0,836,G
8-NS,632,0,1,835,1,837,G
8-NS,633,816,0,0,0,816,A
8-NS,634,0,0,0,822,822,C
8-NS,635,1,1,0,824,826,C
8-NS,636,0,809,0,1,810,T
8-NS,637,3,0,0,809,812,C
8-NS,638,1,2,1,811,815,C
8-NS,639,826,0,1,0,827,A
8-NS,640,0,0,0,833,833,C
8-NS,641,0,815,0,1,816,T
8-NS,642,0,818,0,0,818,T
8-NS,643,800,0,1,0,801,A
8-NS,644,0,0,0,795,795,C
8-NS,645,0,787,0,0,787,T
8-NS,646,744,1,1,0,746,A
8-NS,647,0,0,0,754,754,C
8-NS,648,761,0,0,0,761,A
8-NS,649,765,0,0,0,765,A
8-NS,650,763,0,0,0,763,A
8-NS,651,763,0,3,0,766,A
8-NS,652,0,1,0,763,764,C
8-NS,653,751,0,1,0,752,A
8-NS,654,0,0,757,0,757,G
8-NS,655,757,0,1,0,758,A
8-NS,656,753,0,0,0,753,A
8-NS,657,759,0,0,0,759,A
8-NS,658,1,1,0,754,756,C
8-NS,659,2,3,750,0,755,G
8-NS,660,0,0,755,0,755,G
8-NS,661,1,2,750,0,753,G
8-NS,662,754,0,1,0,755,A
8-NS,663,748,0,1,0,749,A
8-NS,664,753,0,0,0,753,A
8-NS,665,0,748,0,0,748,T
8-NS,666,2,1,749,0,752,G
8-NS,667,1,0,752,0,753,G
8-NS,668,3,2,1,741,747,C
8-NS,669,0,2,745,0,747,G
8-NS,670,739,0,3,0,742,A
8-NS,671,0,5,742,0,747,G
8-NS,672,749,0,0,0,749,A
8-NS,673,748,0,0,0,748,A
8-NS,674,1,1,0,750,752,C
8-NS,675,727,0,1,0,728,A
8-NS,676,0,0,729,0,729,G
8-NS,677,0,0,0,725,725,C
8-NS,678,0,726,0,0,726,T
8-NS,679,729,0,0,0,729,A
8-NS,680,0,2,715,0,717,G
8-NS,681,0,0,719,0,719,G
8-NS,682,0,716,0,0,716,T
8-NS,683,3,0,0,707,710,C
8-NS,684,709,0,0,0,709,A
8-NS,685,707,0,0,0,707,A
8-NS,686,707,0,0,0,707,A
8-NS,687,718,0,1,0,719,A
8-NS,688,1,1,717,0,719,G
8-NS,689,0,697,0,1,698,T
8-NS,690,0,696,0,0,696,T
8-NS,691,0,696,0,0,696,T
8-NS,692,0,3,694,0,697,G
8-NS,693,696,0,0,0,696,A
8-NS,694,697,0,1,0,698,A
8-NS,695,0,5,698,0,703,G
8-NS,696,688,0,1,0,689,A
8-NS,697,0,1,696,0,697,G
8-NS,698,697,0,1,0,698,A
8-NS,699,0,699,0,0,699,T
8-NS,700,701,0,1,0,702,A
8-NS,701,696,0,0,0,696,A
8-NS,702,0,0,694,0,694,G
8-NS,703,661,0,3,0,664,A
8-NS,704,0,664,0,0,664,T
8-NS,705,0,0,668,0,668,G
8-NS,706,0,0,667,0,667,G
8-NS,707,0,0,0,666,666,C
8-NS,708,0,659,0,0,659,T
8-NS,709,657,1,0,0,658,A
8-NS,710,656,0,0,0,656,A
8-NS,711,0,657,0,0,657,T
8-NS,712,0,656,0,0,656,T
8-NS,713,0,1,656,0,657,G
8-NS,714,639,0,1,0,640,A
8-NS,715,640,0,0,0,640,A
8-NS,716,0,0,642,0,642,G
8-NS,717,637,0,0,0,637,A
8-NS,718,629,0,0,0,629,A
8-NS,719,0,1,635,0,636,G
8-NS,720,0,622,0,2,624,T
8-NS,721,1,3,618,0,622,G
8-NS,722,611,0,0,0,611,A
8-NS,723,0,3,614,0,617,G
8-NS,724,612,0,1,0,613,A
8-NS,725,0,0,0,612,612,C
8-NS,726,603,0,0,0,603,A
8-NS,727,1,0,0,602,603,C
8-NS,728,564,0,1,0,565,A
8-NS,729,0,2,577,0,579,G
8-NS,730,577,1,0,0,578,A
8-NS,731,0,571,0,1,572,T
8-NS,732,0,570,0,0,570,T
8-NS,733,571,0,0,0,571,A
8-NS,734,570,0,0,0,570,A
8-NS,735,570,0,0,0,570,A
8-NS,736,569,0,0,0,569,A
8-NS,737,569,0,0,0,569,A
8-NS,738,0,0,0,551,551,C
8-NS,739,518,0,0,0,518,A
8-NS,740,519,0,1,0,520,A
8-NS,741,0,1,0,520,521,C
8-NS,742,0,517,0,1,518,T
8-NS,743,0,2,520,0,522,G
8-NS,744,523,0,0,0,523,A
8-NS,745,523,0,0,0,523,A
8-NS,746,521,0,0,0,521,A
8-NS,747,521,0,1,0,522,A
8-NS,748,0,520,0,0,520,T
8-NS,749,507,0,1,0,508,A
8-NS,750,0,1,511,1,513,G
8-NS,751,0,0,0,512,512,C
8-NS,752,0,504,0,1,505,T
8-NS,753,0,501,0,1,502,T
8-NS,754,0,498,0,0,498,T
8-NS,755,0,1,503,0,504,G
8-NS,756,504,0,0,0,504,A
8-NS,757,505,0,0,0,505,A
8-NS,758,0,0,0,505,505,C
8-NS,759,485,0,0,0,485,A
8-NS,760,486,0,0,0,486,A
8-NS,761,490,0,0,0,490,A
8-NS,762,0,489,0,0,489,T
8-NS,763,489,0,0,0,489,A
8-NS,764,481,0,0,0,481,A
8-NS,765,0,0,0,479,479,C
8-NS,766,474,0,0,0,474,A
8-NS,767,0,468,0,0,468,T
8-NS,768,0,458,0,0,458,T
8-NS,769,2,0,0,447,449,C
8-NS,770,448,0,0,0,448,A
8-NS,771,0,446,0,0,446,T
8-NS,772,0,0,445,0,445,G
8-NS,773,0,0,0,438,438,C
8-NS,774,430,0,0,0,430,A
8-NS,775,429,0,0,0,429,A
8-NS,776,0,0,424,0,424,G
8-NS,777,0,0,0,433,433,C
8-NS,778,422,0,0,0,422,A
8-NS,779,0,425,0,0,425,T
8-NS,780,0,422,0,0,422,T
8-NS,781,424,1,0,0,425,A
8-NS,782,0,0,0,424,424,C
8-NS,783,420,0,0,0,420,A
8-NS,784,419,0,0,0,419,A
8-NS,785,0,0,0,415,415,C
8-NS,786,0,342,0,1,343,T
8-NS,787,0,1,344,0,345,G
8-NS,788,0,0,0,336,336,C
8-NS,789,0,328,0,0,328,T
8-NS,790,1,0,330,0,331,G
8-NS,791,0,327,0,0,327,T
8-NS,792,0,327,0,0,327,T
8-NS,793,0,329,0,0,329,T
8-NS,794,0,0,323,0,323,G
8-NS,795,325,0,0,0,325,A
8-NS,796,318,0,1,0,319,A
8-NS,797,0,0,317,0,317,G
8-NS,798,0,318,0,0,318,T
8-NS,799,0,1,296,0,297,G
8-NS,800,0,0,302,0,302,G
8-NS,801,303,0,0,0,303,A
8-NS,802,302,0,1,0,303,A
8-NS,803,0,0,0,300,300,C
8-NS,804,285,0,1,0,286,A
8-NS,805,0,0,287,0,287,G
8-NS,806,0,1,279,0,280,G
8-NS,807,273,0,0,0,273,A
8-NS,808,0,0,274,0,274,G
8-NS,809,221,0,1,0,222,A
8-NS,810,0,224,0,0,224,T
8-NS,811,224,0,0,0,224,A
8-NS,812,220,0,1,0,221,A
8-NS,813,1,1,221,0,223,G
8-NS,814,202,0,0,0,202,A
8-NS,815,202,0,0,0,202,A
8-NS,816,0,1,0,199,200,C
8-NS,817,0,163,0,0,163,T
8-NS,818,0,162,0,0,162,T
8-NS,819,0,160,0,0,160,T
8-NS,820,1,0,0,161,162,C
8-NS,821,0,158,0,0,158,T
8-NS,822,0,0,0,156,156,C
8-NS,823,149,0,0,0,149,A
8-NS,824,0,148,0,0,148,T
8-NS,825,0,148,0,0,148,T
8-NS,826,1,147,0,0,148,T
8-NS,827,0,0,0,146,146,C
8-NS,828,139,1,1,0,141,A
8-NS,829,0,0,141,0,141,G
8-NS,830,0,0,0,139,139,C
8-NS,831,0,130,0,0,130,T
8-NS,832,0,130,0,0,130,T
8-NS,833,121,0,0,0,121,A
8-NS,834,0,121,0,0,121,T
8-NS,835,0,120,0,0,120,T
8-NS,836,0,120,0,0,120,T
8-NS,837,111,0,0,0,111,A
8-NS,838,109,0,0,0,109,A
8-NS,839,0,106,0,0,106,T
8-NS,840,0,0,105,0,105,G
8-NS,841,102,0,0,0,102,A
8-NS,842,0,88,0,0,88,T
8-NS,843,87,0,0,0,87,A
8-NS,844,87,0,0,0,87,A
8-NS,845,88,0,0,0,88,A
8-NS,846,88,0,0,0,88,A
8-NS,847,87,0,0,0,87,A
8-NS,848,84,0,0,0,84,A
8-NS,849,1,0,0,82,83,C
8-NS,850,70,0,0,0,70,A
8-NS,851,0,0,0,70,70,C
8-NS,852,0,0,0,64,64,C
8-NS,853,0,0,0,64,64,C
8-NS,854,0,61,0,0,61,T
8-NS,855,0,58,0,0,58,T
8-NS,856,0,0,57,0,57,G
8-NS,857,0,55,0,0,55,T
8-NS,858,0,54,0,0,54,T
8-NS,859,0,54,0,0,54,T
8-NS,860,0,0,0,13,13,C
8-NS,861,0,12,0,0,12,T
8-NS,862,10,0,0,0,10,A
8-NS,863,0,0,0,10,10,C
