Gene,Position,A,T,G,C,Coverage,Consensus
1-PB2,1,398,0,0,0,398,A
1-PB2,2,0,397,0,0,397,T
1-PB2,3,0,0,402,0,402,G
1-PB2,4,0,1,401,0,402,G
1-PB2,5,400,0,0,0,400,A
1-PB2,6,400,0,0,0,400,A
1-PB2,7,399,0,0,0,399,A
1-PB2,8,0,1,461,0,462,G
1-PB2,9,461,0,0,0,461,A
1-PB2,10,464,0,0,0,464,A
1-PB2,11,0,474,0,0,474,T
1-PB2,12,471,0,0,0,471,A
1-PB2,13,473,0,0,0,473,A
1-PB2,14,475,0,0,0,475,A
1-PB2,15,472,0,2,0,474,A
1-PB2,16,0,2,495,0,497,G
1-PB2,17,494,0,1,0,495,A
1-PB2,18,495,0,2,0,497,A
1-PB2,19,0,0,0,509,509,C
1-PB2,20,0,511,0,0,511,T
1-PB2,21,518,0,0,0,518,A
1-PB2,22,0,1,0,518,519,C
1-PB2,23,0,0,518,0,518,G
1-PB2,24,0,0,528,0,528,G
1-PB2,25,525,0,1,0,526,A
1-PB2,26,545,0,0,0,545,A
1-PB2,27,0,547,0,0,547,T
1-PB2,28,1,0,0,547,548,C
1-PB2,29,0,547,0,1,548,T
1-PB2,30,0,1,550,0,551,G
1-PB2,31,555,0,0,0,555,A
1-PB2,32,0,556,0,0,556,T
1-PB2,33,0,0,559,0,559,G
1-PB2,34,0,562,0,1,563,T
1-PB2,35,0,0,0,562,562,C
1-PB2,36,1,0,564,0,565,G
1-PB2,37,0,0,0,564,564,C
1-PB2,38,562,0,1,0,563,A
1-PB2,39,0,0,605,0,605,G
1-PB2,40,0,606,0,1,607,T
1-PB2,41,2,0,0,606,608,C
1-PB2,42,0,605,0,1,606,T
1-PB2,43,4,0,0,605,609,C
1-PB2,44,1,0,605,0,606,G
1-PB2,45,1,0,0,607,608,C
1-PB2,46,605,0,2,0,607,A
1-PB2,47,1,0,0,615,616,C
1-PB2,48,0,611,0,0,611,T
1-PB2,49,2,1,0,629,632,C
1-PB2,50,0,0,634,0,634,G
1-PB2,51,0,1,0,637,638,C
1-PB2,52,0,4,633,0,637,G
1-PB2,53,640,0,0,0,640,A
1-PB2,54,1,1,639,0,641,G
1-PB2,55,655,0,1,0,656,A
1-PB2,56,0,658,0,0,658,T
1-PB2,57,654,0,1,0,655,A
1-PB2,58,0,0,0,651,651,C
1-PB2,59,1,644,0,0,645,T
1-PB2,60,0,3,656,0,659,G
1-PB2,61,661,0,0,0,661,A
1-PB2,62,0,0,0,660,660,C
1-PB2,63,663,0,0,0,663,A
1-PB2,64,659,0,0,0,659,A
1-PB2,65,661,0,0,1,662,A
1-PB2,66,673,0,1,0,674,A
1-PB2,67,678,0,0,0,678,A
1-PB2,68,0,0,0,682,682,C
1-PB2,69,5,0,0,675,680,C
1-PB2,70,691,0,0,1,692,A
1-PB2,71,0,1,0,703,704,C
1-PB2,72,701,0,0,0,701,A
1-PB2,73,0,1,715,0,716,G
1-PB2,74,0,711,0,0,711,T
1-PB2,75,0,3,722,0,725,G
1-PB2,76,0,5,724,0,729,G
1-PB2,77,733,0,2,0,735,A
1-PB2,78,0,0,0,775,775,C
1-PB2,79,1,0,1,763,765,C
1-PB2,80,774,0,0,0,774,A
1-PB2,81,0,778,0,0,778,T
1-PB2,82,763,0,0,0,763,A
1-PB2,83,0,763,0,0,763,T
1-PB2,84,0,1,765,0,766,G
1-PB2,85,0,0,763,1,764,G
1-PB2,86,0,0,0,762,762,C
1-PB2,87,0,0,0,752,752,C
1-PB2,88,749,0,1,1,751,A
1-PB2,89,0,798,0,0,798,T
1-PB2,90,799,0,0,0,799,A
1-PB2,91,825,0,0,0,825,A
1-PB2,92,0,829,0,1,830,T
1-PB2,93,0,820,0,0,820,T
1-PB2,94,833,0,0,0,833,A
1-PB2,95,829,0,1,0,830,A
1-PB2,96,1,0,844,0,845,G
1-PB2,97,853,0,0,0,853,A
1-PB2,98,827,0,2,0,829,A
1-PB2,99,1,0,875,0,876,G
1-PB2,100,0,869,0,0,869,T
1-PB2,101,870,0,1,0,871,A
1-PB2,102,0,0,0,878,878,C
1-PB2,103,872,1,3,0,876,A
1-PB2,104,0,1,0,904,905,C
1-PB2,105,893,0,0,0,893,A
1-PB2,106,0,898,0,0,898,T
1-PB2,107,1,0,0,903,904,C
1-PB2,108,1,3,888,0,892,G
1-PB2,109,0,1,890,0,891,G
1-PB2,110,0,0,883,0,883,G
1-PB2,111,0,1,891,0,892,G
1-PB2,112,885,0,0,0,885,A
1-PB2,113,0,0,886,0,886,G
1-PB2,114,876,0,5,0,881,A
1-PB2,115,0,0,0,894,894,C
1-PB2,116,886,0,1,0,887,A
1-PB2,117,1,0,898,0,899,G
1-PB2,118,0,2,923,0,925,G
1-PB2,119,919,0,2,0,921,A
1-PB2,120,921,0,1,0,922,A
1-PB2,121,921,0,1,0,922,A
1-PB2,122,918,0,1,0,919,A
1-PB2,123,0,3,915,0,918,G
1-PB2,124,912,0,1,0,913,A
1-PB2,125,919,0,2,0,921,A
1-PB2,126,0,0,0,916,916,C
1-PB2,127,3,1,0,901,905,C
1-PB2,128,4,0,0,902,906,C
1-PB2,129,1,0,905,0,906,G
1-PB2,130,0,906,0,1,907,T
1-PB2,131,3,0,0,911,914,C
1-PB2,132,921,0,0,0,921,A
1-PB2,133,0,0,0,933,933,C
1-PB2,134,0,928,0,0,928,T
1-PB2,135,0,927,0,0,927,T
1-PB2,136,922,0,2,1,925,A
1-PB2,137,0,2,948,0,950,G
1-PB2,138,0,2,949,0,951,G
1-PB2,139,946,0,1,0,947,A
1-PB2,140,0,947,0,3,950,T
1-PB2,141,0,2,953,0,955,G
1-PB2,142,965,0,2,0,967,A
1-PB2,143,965,0,4,0,969,A
1-PB2,144,969,0,3,0,972,A
1-PB2,145,0,975,0,1,976,T
1-PB2,146,0,2,973,0,975,G
1-PB2,147,0,1,983,0,984,G
1-PB2,148,977,0,2,0,979,A
1-PB2,149,0,985,0,0,985,T
1-PB2,150,0,1,978,0,979,G
1-PB2,151,961,0,3,0,964,A
1-PB2,152,0,970,0,0,970,T
1-PB2,153,0,4,968,0,972,G
1-PB2,154,0,0,980,0,980,G
1-PB2,155,0,0,0,975,975,C
1-PB2,156,958,0,0,0,958,A
1-PB2,157,978,0,3,0,981,A
1-PB2,158,0,983,0,0,983,T
1-PB2,159,0,1,1023,0,1024,G
1-PB2,160,1021,0,0,0,1021,A
1-PB2,161,1022,0,1,0,1023,A
1-PB2,162,1017,0,2,0,1019,A
1-PB2,163,1,1026,0,0,1027,T
1-PB2,164,1030,0,1,0,1031,A
1-PB2,165,0,0,0,1052,1052,C
1-PB2,166,1,0,0,1042,1043,C
1-PB2,167,1,0,0,1046,1047,C
1-PB2,168,1042,0,0,0,1042,A
1-PB2,169,1042,0,0,0,1042,A
1-PB2,170,0,1045,1,0,1046,T
1-PB2,171,2,0,0,1044,1046,C
1-PB2,172,1040,0,0,0,1040,A
1-PB2,173,0,0,0,1060,1060,C
1-PB2,174,0,1042,0,1,1043,T
1-PB2,175,3,0,1043,0,1046,G
1-PB2,176,0,0,1,1045,1046,C
1-PB2,177,0,1036,0,1,1037,T
1-PB2,178,0,4,1053,0,1057,G
1-PB2,179,1052,0,1,0,1053,A
1-PB2,180,0,0,0,1060,1060,C
1-PB2,181,1059,0,1,0,1060,A
1-PB2,182,1043,0,0,0,1043,A
1-PB2,183,1047,0,0,0,1047,A
1-PB2,184,1046,0,0,0,1046,A
1-PB2,185,0,2,1076,0,1078,G
1-PB2,186,0,2,1077,0,1079,G
1-PB2,187,1062,1,1,0,1064,A
1-PB2,188,0,1069,1,1,1071,T
1-PB2,189,1059,0,1,0,1060,A
1-PB2,190,1068,0,0,0,1068,A
1-PB2,191,0,0,0,1085,1085,C
1-PB2,192,1081,0,0,0,1081,A
1-PB2,193,1,3,1084,0,1088,G
1-PB2,194,1072,0,0,0,1072,A
1-PB2,195,1069,0,1,0,1070,A
1-PB2,196,1067,0,1,2,1070,A
1-PB2,197,0,1062,0,0,1062,T
1-PB2,198,2,3,1061,0,1066,G
1-PB2,199,0,0,1086,0,1086,G
1-PB2,200,0,1073,0,1,1074,T
1-PB2,201,0,1074,0,0,1074,T
1-PB2,202,6,0,0,1066,1072,C
1-PB2,203,3,1,0,1068,1072,C
1-PB2,204,0,0,1081,0,1081,G
1-PB2,205,0,2,1081,0,1083,G
1-PB2,206,1081,0,0,0,1081,A
1-PB2,207,0,1,1083,0,1084,G
1-PB2,208,1067,0,2,0,1069,A
1-PB2,209,0,0,1096,0,1096,G
1-PB2,210,1093,0,1,0,1094,A
1-PB2,211,1096,0,1,0,1097,A
1-PB2,212,1095,0,1,0,1096,A
1-PB2,213,0,1089,0,0,1089,T
1-PB2,214,0,5,1103,0,1108,G
1-PB2,215,1119,1,1,0,1121,A
1-PB2,216,1120,0,1,0,1121,A
1-PB2,217,0,10,0,1111,1121,C
1-PB2,218,1104,0,2,0,1106,A
1-PB2,219,1108,0,1,0,1109,A
1-PB2,220,0,2,1124,0,1126,G
1-PB2,221,0,1,1136,0,1137,G
1-PB2,222,1137,0,3,0,1140,A
1-PB2,223,0,0,0,1138,1138,C
1-PB2,224,1126,0,1,0,1127,A
1-PB2,225,1128,0,4,0,1132,A
1-PB2,226,1127,0,1,0,1128,A
1-PB2,227,0,0,0,1128,1128,C
1-PB2,228,1,0,0,1075,1076,C
1-PB2,229,2,0,0,1182,1184,C
1-PB2,230,0,1187,0,0,1187,T
1-PB2,231,1190,0,0,0,1190,A
1-PB2,232,0,1193,0,0,1193,T
1-PB2,233,0,3,1200,0,1203,G
1-PB2,234,0,2,1231,0,1233,G
1-PB2,235,1151,0,3,0,1154,A
1-PB2,236,0,0,1170,0,1170,G
1-PB2,237,0,1161,0,0,1161,T
1-PB2,238,1153,0,0,0,1153,A
1-PB2,239,1151,0,2,0,1153,A
1-PB2,240,1153,0,2,0,1155,A
1-PB2,241,1156,0,2,0,1158,A
1-PB2,242,0,1145,1,1,1147,T
1-PB2,243,0,2,1138,0,1140,G
1-PB2,244,1111,0,4,0,1115,A
1-PB2,245,1,1,1119,0,1121,G
1-PB2,246,0,1105,0,4,1109,T
1-PB2,247,0,5,1102,0,1107,G
1-PB2,248,1129,0,0,0,1129,A
1-PB2,249,0,1144,0,1,1145,T
1-PB2,250,0,1,1148,0,1149,G
1-PB2,251,0,0,0,1143,1143,C
1-PB2,252,1,1137,0,2,1140,T
1-PB2,253,1,1,1179,0,1181,G
1-PB2,254,0,3,1177,0,1180,G
1-PB2,255,1190,0,1,0,1191,A
1-PB2,256,0,1187,0,1,1188,T
1-PB2,257,2,0,0,1200,1202,C
1-PB2,258,1194,0,1,0,1195,A
1-PB2,259,1,1,1235,0,1237,G
1-PB2,260,1233,0,2,0,1235,A
1-PB2,261,0,1239,0,0,1239,T
1-PB2,262,1187,0,3,0,1190,A
1-PB2,263,0,4,1225,0,1229,G
1-PB2,264,1210,0,3,0,1213,A
1-PB2,265,0,0,1230,0,1230,G
1-PB2,266,0,1218,0,2,1220,T
1-PB2,267,7,2,1203,0,1212,G
1-PB2,268,1184,1,2,0,1187,A
1-PB2,269,0,1185,0,5,1190,T
1-PB2,270,1,4,1200,0,1205,G
1-PB2,271,0,0,1219,1,1220,G
1-PB2,272,0,1194,0,0,1194,T
1-PB2,273,1197,0,3,0,1200,A
1-PB2,274,0,1176,1,1,1178,T
1-PB2,275,3,0,0,1173,1176,C
1-PB2,276,1192,0,1,1,1194,A
1-PB2,277,1,0,0,1224,1225,C
1-PB2,278,1,0,0,1224,1225,C
1-PB2,279,0,1201,0,2,1203,T
1-PB2,280,0,1189,0,2,1191,T
1-PB2,281,0,1187,0,1,1188,T
1-PB2,282,1,2,1196,0,1199,G
1-PB2,283,0,1,1199,0,1200,G
1-PB2,284,2,1,0,1214,1217,C
1-PB2,285,0,1188,0,2,1190,T
1-PB2,286,0,0,1197,0,1197,G
1-PB2,287,0,1202,0,0,1202,T
1-PB2,288,1205,0,0,0,1205,A
1-PB2,289,1209,0,2,0,1211,A
1-PB2,290,0,0,0,1208,1208,C
1-PB2,291,1194,0,2,0,1196,A
1-PB2,292,0,1193,0,1,1194,T
1-PB2,293,0,3,1177,0,1180,G
1-PB2,294,1,1,1205,0,1207,G
1-PB2,295,0,1189,0,2,1191,T
1-PB2,296,0,3,1190,0,1193,G
1-PB2,297,0,2,1205,0,1207,G
1-PB2,298,1201,0,1,0,1202,A
1-PB2,299,1205,0,2,0,1207,A
1-PB2,300,0,1206,0,0,1206,T
1-PB2,301,1206,0,0,0,1206,A
1-PB2,302,0,3,1242,0,1245,G
1-PB2,303,1228,0,2,0,1230,A
1-PB2,304,1221,0,2,0,1223,A
1-PB2,305,1229,0,0,1,1230,A
1-PB2,306,0,1204,0,0,1204,T
1-PB2,307,0,7,1194,0,1201,G
1-PB2,308,0,10,1189,0,1199,G
1-PB2,309,1198,0,2,0,1200,A
1-PB2,310,0,0,0,1210,1210,C
1-PB2,311,2,0,0,1187,1189,C
1-PB2,312,2,0,0,1184,1186,C
1-PB2,313,1,0,1193,0,1194,G
1-PB2,314,0,1203,0,0,1203,T
1-PB2,315,1,6,1219,0,1226,G
1-PB2,316,1233,0,1,0,1234,A
1-PB2,317,0,0,0,1236,1236,C
1-PB2,318,1237,0,2,0,1239,A
1-PB2,319,1222,0,0,0,1222,A
1-PB2,320,1,0,1266,0,1267,G
1-PB2,321,0,1266,0,0,1266,T
1-PB2,322,1264,0,0,0,1264,A
1-PB2,323,0,1,0,1250,1251,C
1-PB2,324,0,5,1232,0,1237,G
1-PB2,325,1,0,1275,0,1276,G
1-PB2,326,0,1273,0,2,1275,T
1-PB2,327,6,0,0,1282,1288,C
1-PB2,328,6,1,0,1280,1287,C
1-PB2,329,1264,0,4,0,1268,A
1-PB2,330,0,1269,0,1,1270,T
1-PB2,331,0,1270,0,0,1270,T
1-PB2,332,1334,0,0,0,1334,A
1-PB2,333,1,0,0,1334,1335,C
1-PB2,334,2,0,0,1306,1308,C
1-PB2,335,4,0,0,1302,1306,C
1-PB2,336,1298,0,0,0,1298,A
1-PB2,337,1307,0,3,0,1310,A
1-PB2,338,1315,0,0,0,1315,A
1-PB2,339,1311,0,0,0,1311,A
1-PB2,340,0,0,1325,0,1325,G
1-PB2,341,0,1270,0,1,1271,T
1-PB2,342,0,0,1298,0,1298,G
1-PB2,343,1,1299,0,1,1301,T
1-PB2,344,1302,0,1,0,1303,A
1-PB2,345,0,0,0,1302,1302,C
1-PB2,346,1288,0,1,0,1289,A
1-PB2,347,1291,0,2,0,1293,A
1-PB2,348,0,3,1300,0,1303,G
1-PB2,349,1279,0,1,0,1280,A
1-PB2,350,0,0,0,1284,1284,C
1-PB2,351,0,1254,0,1,1255,T
1-PB2,352,0,1267,0,1,1268,T
1-PB2,353,1271,0,0,0,1271,A
1-PB2,354,0,1263,0,0,1263,T
1-PB2,355,0,1264,0,1,1265,T
1-PB2,356,0,1262,0,1,1263,T
1-PB2,357,2,0,0,1236,1238,C
1-PB2,358,2,8,1225,0,1235,G
1-PB2,359,1233,0,3,0,1236,A
1-PB2,360,0,0,0,1236,1236,C
1-PB2,361,1224,0,0,0,1224,A
1-PB2,362,1225,0,0,0,1225,A
1-PB2,363,1224,0,1,0,1225,A
1-PB2,364,1,0,1244,0,1245,G
1-PB2,365,0,1245,0,0,1245,T
1-PB2,366,6,0,0,1238,1244,C
1-PB2,367,2,0,1246,0,1248,G
1-PB2,368,1241,0,1,0,1242,A
1-PB2,369,1244,0,1,0,1245,A
1-PB2,370,1244,0,1,0,1245,A
1-PB2,371,1,2,1293,0,1296,G
1-PB2,372,0,1,1298,0,1299,G
1-PB2,373,0,1284,0,1,1285,T
1-PB2,374,0,1287,0,0,1287,T
1-PB2,375,1286,1,0,0,1287,A
1-PB2,376,1284,0,2,0,1286,A
1-PB2,377,1281,0,1,0,1282,A
1-PB2,378,1299,0,2,0,1301,A
1-PB2,379,0,0,0,1305,1305,C
1-PB2,380,1276,0,0,0,1276,A
1-PB2,381,1,1267,0,0,1268,T
1-PB2,382,0,2,1270,0,1272,G
1-PB2,383,2,0,1265,0,1267,G
1-PB2,384,1273,0,1,0,1274,A
1-PB2,385,1277,1,5,0,1283,A
1-PB2,386,0,1,0,1310,1311,C
1-PB2,387,3,1,0,1310,1314,C
1-PB2,388,0,1300,0,0,1300,T
1-PB2,389,0,1298,0,1,1299,T
1-PB2,390,0,1299,1,0,1300,T
1-PB2,391,1,2,1297,0,1300,G
1-PB2,392,0,1,1303,0,1304,G
1-PB2,393,0,0,0,1297,1297,C
1-PB2,394,1,1,0,1288,1290,C
1-PB2,395,1,0,0,1278,1279,C
1-PB2,396,1,1225,1,1,1228,T
1-PB2,397,0,0,1252,1,1253,G
1-PB2,398,0,1245,0,3,1248,T
1-PB2,399,0,1251,0,1,1252,T
1-PB2,400,11,1,0,1239,1251,C
1-PB2,401,1229,0,0,0,1229,A
1-PB2,402,0,1229,0,2,1231,T
1-PB2,403,0,1229,0,0,1229,T
1-PB2,404,1,1226,0,1,1228,T
1-PB2,405,0,1233,0,1,1234,T
1-PB2,406,1207,0,2,0,1209,A
1-PB2,407,1,1,1206,0,1208,G
1-PB2,408,1206,0,1,0,1207,A
1-PB2,409,1207,0,4,0,1211,A
1-PB2,410,1207,1,2,1,1211,A
1-PB2,411,0,1197,0,0,1197,T
1-PB2,412,2,0,0,1203,1205,C
1-PB2,413,1208,0,2,0,1210,A
1-PB2,414,1216,0,1,0,1217,A
1-PB2,415,0,0,1227,0,1227,G
1-PB2,416,0,1216,0,1,1217,T
1-PB2,417,6,1,0,1214,1221,C
1-PB2,418,1219,0,3,0,1222,A
1-PB2,419,1225,0,1,0,1226,A
1-PB2,420,0,2,1222,0,1224,G
1-PB2,421,1221,0,2,0,1223,A
1-PB2,422,0,1219,0,0,1219,T
1-PB2,423,1241,0,1,0,1242,A
1-PB2,424,0,2,0,1230,1232,C
1-PB2,425,0,1,1235,0,1236,G
1-PB2,426,0,1,0,1255,1256,C
1-PB2,427,1236,0,7,0,1243,A
1-PB2,428,0,0,1252,0,1252,G
1-PB2,429,1249,0,0,0,1249,A
1-PB2,430,1261,0,1,0,1262,A
1-PB2,431,0,3,1282,0,1285,G
1-PB2,432,1239,0,3,0,1242,A
1-PB2,433,0,0,1251,0,1251,G
1-PB2,434,0,1245,0,0,1245,T
1-PB2,435,1239,0,1,0,1240,A
1-PB2,436,0,4,1258,0,1262,G
1-PB2,437,1234,0,3,0,1237,A
1-PB2,438,0,0,0,1289,1289,C
1-PB2,439,1265,0,1,0,1266,A
1-PB2,440,0,1230,0,0,1230,T
1-PB2,441,1226,0,0,0,1226,A
1-PB2,442,1232,0,0,0,1232,A
1-PB2,443,1245,0,2,0,1247,A
1-PB2,444,0,0,0,1251,1251,C
1-PB2,445,2,0,0,1222,1224,C
1-PB2,446,3,1,0,1211,1215,C
1-PB2,447,0,1135,0,0,1135,T
1-PB2,448,0,7,1144,0,1151,G
1-PB2,449,0,0,1177,0,1177,G
1-PB2,450,0,1174,0,0,1174,T
1-PB2,451,5,0,0,1171,1176,C
1-PB2,452,1181,1,1,0,1183,A
1-PB2,453,0,1175,0,0,1175,T
1-PB2,454,0,0,1181,0,1181,G
1-PB2,455,0,0,0,1173,1173,C
1-PB2,456,1158,1,3,0,1162,A
1-PB2,457,0,2,1167,0,1169,G
1-PB2,458,1134,1,3,0,1138,A
1-PB2,459,0,0,0,1165,1165,C
1-PB2,460,0,0,0,1165,1165,C
1-PB2,461,0,1127,0,2,1129,T
1-PB2,462,2,1,0,1127,1130,C
1-PB2,463,1119,0,0,0,1119,A
1-PB2,464,0,0,1152,0,1152,G
1-PB2,465,0,1153,0,2,1155,T
1-PB2,466,2,0,1153,0,1155,G
1-PB2,467,0,0,0,1156,1156,C
1-PB2,468,2,4,0,1126,1132,C
1-PB2,469,1136,0,0,0,1136,A
1-PB2,470,1137,0,0,0,1137,A
1-PB2,471,1132,0,1,0,1133,A
1-PB2,472,6,4,1127,0,1137,G
1-PB2,473,1094,0,3,0,1097,A
1-PB2,474,0,2,1106,0,1108,G
1-PB2,475,1,0,1099,0,1100,G
1-PB2,476,0,1,0,1103,1104,C
1-PB2,477,1106,1,0,0,1107,A
1-PB2,478,0,0,0,1105,1105,C
1-PB2,479,1103,0,0,0,1103,A
1-PB2,480,1128,0,4,0,1132,A
1-PB2,481,0,1,1144,0,1145,G
1-PB2,482,1163,0,3,0,1166,A
1-PB2,483,0,1157,0,1,1158,T
1-PB2,484,0,0,1159,0,1159,G
1-PB2,485,0,1155,0,2,1157,T
1-PB2,486,1155,0,0,0,1155,A
1-PB2,487,1157,0,0,0,1157,A
1-PB2,488,0,1160,0,1,1161,T
1-PB2,489,0,1105,0,2,1107,T
1-PB2,490,1100,0,0,0,1100,A
1-PB2,491,0,1062,0,0,1062,T
1-PB2,492,0,2,1060,0,1062,G
1-PB2,493,0,1,1064,0,1065,G
1-PB2,494,1051,0,0,0,1051,A
1-PB2,495,1049,0,0,0,1049,A
1-PB2,496,0,0,1050,0,1050,G
1-PB2,497,1,1048,0,2,1051,T
1-PB2,498,0,1048,0,0,1048,T
1-PB2,499,0,0,1060,0,1060,G
1-PB2,500,0,1057,0,1,1058,T
1-PB2,501,0,1057,0,0,1057,T
1-PB2,502,0,1055,0,0,1055,T
1-PB2,503,0,1054,0,0,1054,T
1-PB2,504,0,1060,0,1,1061,T
1-PB2,505,1,0,0,1057,1058,C
1-PB2,506,0,0,0,1059,1059,C
1-PB2,507,0,0,0,1061,1061,C
1-PB2,508,1053,0,1,0,1054,A
1-PB2,509,1058,1,0,0,1059,A
1-PB2,510,0,1063,0,0,1063,T
1-PB2,511,2,1,1066,1,1070,G
1-PB2,512,1073,0,0,0,1073,A
1-PB2,513,1065,1,1,0,1067,A
1-PB2,514,1,0,1072,0,1073,G
1-PB2,515,0,1064,0,0,1064,T
1-PB2,516,0,6,1056,0,1062,G
1-PB2,517,2,3,1054,0,1059,G
1-PB2,518,0,3,1060,0,1063,G
1-PB2,519,1072,1,2,0,1075,A
1-PB2,520,0,1,1072,0,1073,G
1-PB2,521,1,0,0,1069,1070,C
1-PB2,522,1,0,0,1076,1077,C
1-PB2,523,1076,0,3,0,1079,A
1-PB2,524,0,2,1109,0,1111,G
1-PB2,525,0,2,1107,0,1109,G
1-PB2,526,1116,0,1,0,1117,A
1-PB2,527,0,1108,0,0,1108,T
1-PB2,528,1112,0,2,0,1114,A
1-PB2,529,0,1,0,1110,1111,C
1-PB2,530,1,1098,0,2,1101,T
1-PB2,531,1109,0,0,0,1109,A
1-PB2,532,1102,0,0,0,1102,A
1-PB2,533,0,0,0,1116,1116,C
1-PB2,534,1095,0,0,0,1095,A
1-PB2,535,0,1070,1,1,1072,T
1-PB2,536,3,2,0,1068,1073,C
1-PB2,537,1061,0,2,0,1063,A
1-PB2,538,0,5,1064,0,1069,G
1-PB2,539,1071,0,1,0,1072,A
1-PB2,540,1073,0,0,0,1073,A
1-PB2,541,0,1068,0,1,1069,T
1-PB2,542,2,0,0,1030,1032,C
1-PB2,543,1035,1,1,0,1037,A
1-PB2,544,2,0,0,1062,1064,C
1-PB2,545,1065,0,0,0,1065,A
1-PB2,546,1076,0,0,0,1076,A
1-PB2,547,0,1059,0,1,1060,T
1-PB2,548,0,1065,0,2,1067,T
1-PB2,549,1068,0,0,0,1068,A
1-PB2,550,1075,0,0,0,1075,A
1-PB2,551,0,0,0,1078,1078,C
1-PB2,552,1063,0,1,0,1064,A
1-PB2,553,1049,0,1,0,1050,A
1-PB2,554,0,1071,0,0,1071,T
1-PB2,555,1061,0,1,0,1062,A
1-PB2,556,1070,1,0,0,1071,A
1-PB2,557,0,0,0,1072,1072,C
1-PB2,558,0,1064,0,0,1064,T
1-PB2,559,1062,0,0,0,1062,A
1-PB2,560,1057,0,0,0,1057,A
1-PB2,561,1056,0,2,0,1058,A
1-PB2,562,0,2,1061,0,1063,G
1-PB2,563,1033,0,0,0,1033,A
1-PB2,564,1,1,1037,0,1039,G
1-PB2,565,1032,0,1,0,1033,A
1-PB2,566,1038,0,1,0,1039,A
1-PB2,567,1041,0,0,0,1041,A
1-PB2,568,1041,0,0,0,1041,A
1-PB2,569,1046,0,2,2,1050,A
1-PB2,570,1045,0,2,0,1047,A
1-PB2,571,0,1,1050,0,1051,G
1-PB2,572,1038,0,3,0,1041,A
1-PB2,573,1024,0,5,0,1029,A
1-PB2,574,0,2,1024,0,1026,G
1-PB2,575,1030,0,2,0,1032,A
1-PB2,576,1031,0,3,1,1035,A
1-PB2,577,0,0,0,1041,1041,C
1-PB2,578,0,1031,0,1,1032,T
1-PB2,579,3,0,0,1037,1040,C
1-PB2,580,0,2,0,1032,1034,C
1-PB2,581,0,4,1034,0,1038,G
1-PB2,582,1032,0,1,0,1033,A
1-PB2,583,0,2,1033,0,1035,G
1-PB2,584,1032,0,1,0,1033,A
1-PB2,585,1,1033,0,1,1035,T
1-PB2,586,0,1023,0,1,1024,T
1-PB2,587,0,0,1023,0,1023,G
1-PB2,588,0,0,0,1021,1021,C
1-PB2,589,1023,0,0,0,1023,A
1-PB2,590,1022,0,1,0,1023,A
1-PB2,591,0,0,1015,0,1015,G
1-PB2,592,1034,0,0,0,1034,A
1-PB2,593,0,1031,0,1,1032,T
1-PB2,594,0,1035,0,0,1035,T
1-PB2,595,1,1027,0,3,1031,T
1-PB2,596,3,1,0,1033,1037,C
1-PB2,597,0,1023,0,2,1025,T
1-PB2,598,3,0,0,1329,1332,C
1-PB2,599,3,1,0,1337,1341,C
1-PB2,600,6,0,0,1671,1677,C
1-PB2,601,0,1688,0,0,1688,T
1-PB2,602,0,1742,0,3,1745,T
1-PB2,603,0,3,1763,0,1766,G
1-PB2,604,1778,0,0,0,1778,A
1-PB2,605,0,1850,0,1,1851,T
1-PB2,606,0,10,1914,0,1924,G
1-PB2,607,0,0,2445,0,2445,G
1-PB2,608,0,2526,0,1,2527,T
1-PB2,609,0,2535,0,1,2536,T
1-PB2,610,1,1,2927,1,2930,G
1-PB2,611,1,1,0,2960,2962,C
1-PB2,612,3054,0,1,0,3055,A
1-PB2,613,0,3061,0,1,3062,T
1-PB2,614,3089,1,0,9,3099,A
1-PB2,615,1,0,0,3353,3354,C
1-PB2,616,4080,0,1,18,4099,A
1-PB2,617,0,4249,0,7,4256,T
1-PB2,618,11,1,4583,0,4595,G
1-PB2,619,0,4579,2,2,4583,T
1-PB2,620,0,4579,0,1,4580,T
1-PB2,621,4595,0,3,0,4598,A
1-PB2,622,0,11,4596,0,4607,G
1-PB2,623,4704,0,9,0,4713,A
1-PB2,624,0,15,4780,0,4795,G
1-PB2,625,4698,0,5,0,4703,A
1-PB2,626,0,18,4730,0,4748,G
1-PB2,627,4702,0,6,0,4708,A
1-PB2,628,1,12,4746,0,4759,G
1-PB2,629,4779,0,8,1,4788,A
1-PB2,630,4796,1,1,0,4798,A
1-PB2,631,0,0,1,4852,4853,C
1-PB2,632,0,4832,0,2,4834,T
1-PB2,633,2,4828,0,0,4830,T
1-PB2,634,2,1,4848,0,4851,G
1-PB2,635,0,4843,0,2,4845,T
1-PB2,636,4852,1,3,0,4856,A
1-PB2,637,1,2,1,4835,4839,C
1-PB2,638,0,13,4810,0,4823,G
1-PB2,639,4823,1,3,0,4827,A
1-PB2,640,4811,1,2,0,4814,A
1-PB2,641,4903,1,3,0,4907,A
1-PB2,642,4923,0,1,0,4924,A
1-PB2,643,4911,0,6,0,4917,A
1-PB2,644,0,1,0,4931,4932,C
1-PB2,645,4929,1,3,0,4933,A
1-PB2,646,4947,0,3,0,4950,A
1-PB2,647,0,11,4981,0,4992,G
1-PB2,648,5003,2,7,2,5014,A
1-PB2,649,0,5024,0,5,5029,T
1-PB2,650,0,5003,0,2,5005,T
1-PB2,651,0,5021,0,13,5034,T
1-PB2,652,6,5,1,5022,5034,C
1-PB2,653,2,5047,0,9,5058,T
1-PB2,654,22,1,0,5050,5073,C
1-PB2,655,12,1,0,5048,5061,C
1-PB2,656,14,1,0,5048,5063,C
1-PB2,657,5058,1,1,0,5060,A
1-PB2,658,0,1,5116,1,5118,G
1-PB2,659,0,5091,1,36,5128,T
1-PB2,660,0,5100,0,8,5108,T
1-PB2,661,2,0,5104,0,5106,G
1-PB2,662,1,2,0,5107,5110,C
1-PB2,663,0,5102,0,7,5109,T
1-PB2,664,3,5,5118,0,5126,G
1-PB2,665,2,4,5104,0,5110,G
1-PB2,666,1,5,0,5107,5113,C
1-PB2,667,3,3,5115,0,5121,G
1-PB2,668,1,15,5168,0,5184,G
1-PB2,669,5199,1,11,0,5211,A
1-PB2,670,5213,0,6,2,5221,A
1-PB2,671,1,0,0,5225,5226,C
1-PB2,672,5254,1,2,0,5257,A
1-PB2,673,5268,1,3,0,5272,A
1-PB2,674,1,2,5561,0,5564,G
1-PB2,675,2,3,0,5712,5717,C
1-PB2,676,5741,1,5,1,5748,A
1-PB2,677,1,0,7398,0,7399,G
1-PB2,678,0,7389,0,4,7393,T
1-PB2,679,7432,0,2,1,7435,A
1-PB2,680,0,7440,0,1,7441,T
1-PB2,681,7484,1,5,1,7491,A
1-PB2,682,1,7472,0,5,7478,T
1-PB2,683,7359,1,4,1,7365,A
1-PB2,684,0,0,0,7484,7484,C
1-PB2,685,7143,0,3,0,7146,A
1-PB2,686,0,6721,0,2,6723,T
1-PB2,687,0,5996,0,486,6482,T
1-PB2,688,1,9,6485,0,6495,G
1-PB2,689,6490,1,1,0,6492,A
1-PB2,690,6474,0,10,0,6484,A
1-PB2,691,0,0,6593,0,6593,G
1-PB2,692,0,6519,1,9,6529,T
1-PB2,693,0,6486,1,6,6493,T
1-PB2,694,1,6505,0,2,6508,T
1-PB2,695,0,6504,0,8,6512,T
1-PB2,696,6591,2,7,0,6600,A
1-PB2,697,0,0,0,6642,6642,C
1-PB2,698,6635,2,3,0,6640,A
1-PB2,699,1,6629,0,6,6636,T
1-PB2,700,3,6574,0,3,6580,T
1-PB2,701,0,6587,0,0,6587,T
1-PB2,702,2,45,6639,0,6686,G
1-PB2,703,6730,0,6,0,6736,A
1-PB2,704,0,0,0,6790,6790,C
1-PB2,705,0,6720,0,11,6731,T
1-PB2,706,16,0,0,6718,6734,C
1-PB2,707,6705,0,5,0,6710,A
1-PB2,708,2,14,6656,0,6672,G
1-PB2,709,2,8,6841,0,6851,G
1-PB2,710,1,14,6858,0,6873,G
1-PB2,711,6878,0,5,0,6883,A
1-PB2,712,6871,0,8,0,6879,A
1-PB2,713,1,2,0,6880,6883,C
1-PB2,714,4,0,6940,0,6944,G
1-PB2,715,0,6924,0,3,6927,T
1-PB2,716,1,0,6984,0,6985,G
1-PB2,717,0,6906,0,10,6916,T
1-PB2,718,0,6913,1,0,6914,T
1-PB2,719,1,21,6927,0,6949,G
1-PB2,720,1,5,6934,0,6940,G
1-PB2,721,3,29,7016,0,7048,G
1-PB2,722,6985,1,8,0,6994,A
1-PB2,723,6966,1,8,0,6975,A
1-PB2,724,1,2,0,7159,7162,C
1-PB2,725,7139,0,1,0,7140,A
1-PB2,726,7417,0,2,0,7419,A
1-PB2,727,7443,0,3,0,7446,A
1-PB2,728,0,7500,0,1,7501,T
1-PB2,729,3,2,7612,0,7617,G
1-PB2,730,0,7550,0,3,7553,T
1-PB2,731,7556,0,3,0,7559,A
1-PB2,732,2,5,1,7570,7578,C
1-PB2,733,7421,2,1,0,7424,A
1-PB2,734,2,1,0,7406,7409,C
1-PB2,735,1,7135,0,4,7140,T
1-PB2,736,16,2,0,7899,7917,C
1-PB2,737,4,2,2,7909,7917,C
1-PB2,738,8063,3,9,1,8076,A
1-PB2,739,0,12,8148,0,8160,G
1-PB2,740,3,1,8372,0,8376,G
1-PB2,741,1,8319,0,12,8332,T
1-PB2,742,5,10,8349,0,8364,G
1-PB2,743,2,15,8093,0,8110,G
1-PB2,744,8010,1,11,0,8022,A
1-PB2,745,0,13,8104,0,8117,G
1-PB2,746,2,32,8087,0,8121,G
1-PB2,747,7941,0,17,0,7958,A
1-PB2,748,1,0,8083,0,8084,G
1-PB2,749,1,7897,1,6,7905,T
1-PB2,750,1,9,7940,0,7950,G
1-PB2,751,7916,0,11,0,7927,A
1-PB2,752,1,13,8007,0,8021,G
1-PB2,753,1,31,8052,1,8085,G
1-PB2,754,7996,0,9,0,8005,A
1-PB2,755,7999,0,14,0,8013,A
1-PB2,756,1,8031,0,0,8032,T
1-PB2,757,1,20,8000,0,8021,G
1-PB2,758,8000,1,12,0,8013,A
1-PB2,759,2,5,0,7979,7986,C
1-PB2,760,2,11,7982,1,7996,G
1-PB2,761,8088,0,4,1,8093,A
1-PB2,762,5,8037,0,1,8043,T
1-PB2,763,2,1,8089,0,8092,G
1-PB2,764,2,8074,0,7,8083,T
1-PB2,765,2,8017,0,8,8027,T
1-PB2,766,1,56,8043,0,8100,G
1-PB2,767,8111,0,7,1,8119,A
1-PB2,768,1,3,1,8103,8108,C
1-PB2,769,21,0,0,8084,8105,C
1-PB2,770,7992,1,5,0,7998,A
1-PB2,771,7997,2,3,0,8002,A
1-PB2,772,8012,1,13,1,8027,A
1-PB2,773,1,0,8248,0,8249,G
1-PB2,774,3,1,0,8253,8257,C
1-PB2,775,13,0,0,8219,8232,C
1-PB2,776,2,8243,0,7,8252,T
1-PB2,777,8259,0,6,0,8265,A
1-PB2,778,8269,0,4,0,8273,A
1-PB2,779,2,8283,0,6,8291,T
1-PB2,780,1,8256,0,4,8261,T
1-PB2,781,8161,0,2,0,8163,A
1-PB2,782,1,7978,0,0,7979,T
1-PB2,783,0,7933,0,1,7934,T
1-PB2,784,1,2,7890,1,7894,G
1-PB2,785,3,8,1,7861,7873,C
1-PB2,786,6,12,7870,0,7888,G
1-PB2,787,2,5,8042,0,8049,G
1-PB2,788,2,1,0,8017,8020,C
1-PB2,789,8,0,0,8071,8079,C
1-PB2,790,8067,0,2,0,8069,A
1-PB2,791,1,3,8186,0,8190,G
1-PB2,792,1,22,8240,0,8263,G
1-PB2,793,8236,3,12,0,8251,A
1-PB2,794,8301,1,12,0,8314,A
1-PB2,795,0,1,0,8343,8344,C
1-PB2,796,8239,1,8,1,8249,A
1-PB2,797,0,8388,0,4,8392,T
1-PB2,798,8553,0,3,0,8556,A
1-PB2,799,2,1,8638,0,8641,G
1-PB2,800,1,8510,0,7,8518,T
1-PB2,801,8455,1,1,0,8457,A
1-PB2,802,8435,0,9,0,8444,A
1-PB2,803,0,10,8449,0,8459,G
1-PB2,804,8396,0,5,1,8402,A
1-PB2,805,8227,2,14,0,8243,A
1-PB2,806,0,11,8210,0,8221,G
1-PB2,807,7967,2,18,0,7987,A
1-PB2,808,3,1,7997,0,8001,G
1-PB2,809,2,2,0,8008,8012,C
1-PB2,810,12,4,0,7973,7989,C
1-PB2,811,3,2,8004,0,8009,G
1-PB2,812,2,2,0,8034,8038,C
1-PB2,813,8072,2,5,0,8079,A
1-PB2,814,2,0,8658,0,8660,G
1-PB2,815,0,8613,0,3,8616,T
1-PB2,816,8642,2,6,0,8650,A
1-PB2,817,1,8583,0,9,8593,T
1-PB2,818,9,0,1,8662,8672,C
1-PB2,819,8667,0,7,2,8676,A
1-PB2,820,1,3,8697,0,8701,G
1-PB2,821,0,3,0,8685,8688,C
1-PB2,822,8363,1,2,0,8366,A
1-PB2,823,1,9,8250,0,8260,G
1-PB2,824,8297,0,14,0,8311,A
1-PB2,825,1,8290,1,6,8298,T
1-PB2,826,12,3,0,8304,8319,C
1-PB2,827,16,0,0,8322,8338,C
1-PB2,828,8343,1,3,0,8347,A
1-PB2,829,0,0,0,8390,8390,C
1-PB2,830,0,8350,0,6,8356,T
1-PB2,831,8383,1,5,0,8389,A
1-PB2,832,5,2,8332,0,8339,G
1-PB2,833,2,1,0,8288,8291,C
1-PB2,834,8265,1,10,0,8276,A
1-PB2,835,0,8325,1,11,8337,T
1-PB2,836,2,0,0,8416,8418,C
1-PB2,837,0,8386,0,12,8398,T
1-PB2,838,0,8628,1,1,8630,T
1-PB2,839,1,8674,0,2,8677,T
1-PB2,840,8668,0,0,0,8668,A
1-PB2,841,0,8670,0,4,8674,T
1-PB2,842,1,8645,1,6,8653,T
1-PB2,843,1,13,8638,0,8652,G
1-PB2,844,1,21,8609,1,8632,G
1-PB2,845,8462,2,12,0,8476,A
1-PB2,846,3,4,8483,0,8490,G
1-PB2,847,8400,0,9,0,8409,A
1-PB2,848,1,8358,0,4,8363,T
1-PB2,849,1,1,8565,0,8567,G
1-PB2,850,0,8549,1,12,8562,T
1-PB2,851,2,4,8560,0,8566,G
1-PB2,852,2,3,0,8567,8572,C
1-PB2,853,14,4,0,8553,8571,C
1-PB2,854,8543,0,9,0,8552,A
1-PB2,855,0,1,0,8564,8565,C
1-PB2,856,8401,1,14,0,8416,A
1-PB2,857,3,2,8537,1,8543,G
1-PB2,858,1,1,0,8328,8330,C
1-PB2,859,8319,0,10,0,8329,A
1-PB2,860,2,3,0,8329,8334,C
1-PB2,861,8299,1,15,0,8315,A
1-PB2,862,0,2,0,8370,8372,C
1-PB2,863,8333,0,2,1,8336,A
1-PB2,864,8344,1,5,0,8350,A
1-PB2,865,8343,0,3,0,8346,A
1-PB2,866,1,8110,0,2,8113,T
1-PB2,867,0,8131,1,2,8134,T
1-PB2,868,2,15,8082,1,8100,G
1-PB2,869,1,0,8062,0,8063,G
1-PB2,870,1,7,0,8071,8079,C
1-PB2,871,7,10,8014,0,8031,G
1-PB2,872,2,17,8011,0,8030,G
1-PB2,873,8002,2,2,0,8006,A
1-PB2,874,8214,0,5,0,8219,A
1-PB2,875,0,3,0,8263,8266,C
1-PB2,876,8266,1,3,1,8271,A
1-PB2,877,8255,0,7,1,8263,A
1-PB2,878,3,13,8323,1,8340,G
1-PB2,879,1,4,8349,0,8354,G
1-PB2,880,8338,0,4,1,8343,A
1-PB2,881,0,7940,0,6,7946,T
1-PB2,882,1,16,7929,0,7946,G
1-PB2,883,2,2,7962,0,7966,G
1-PB2,884,1,7893,1,15,7910,T
1-PB2,885,5,19,7893,0,7917,G
1-PB2,886,1,10,7901,1,7913,G
1-PB2,887,7847,0,7,1,7855,A
1-PB2,888,1,3,0,7840,7844,C
1-PB2,889,7765,0,2,0,7767,A
1-PB2,890,0,8993,0,3,8996,T
1-PB2,891,0,8946,0,6,8952,T
1-PB2,892,18,1,0,8947,8966,C
1-PB2,893,1,8873,1,6,8881,T
1-PB2,894,0,8850,0,2,8852,T
1-PB2,895,8864,2,2,0,8868,A
1-PB2,896,0,12,8912,0,8924,G
1-PB2,897,8904,0,7,0,8911,A
1-PB2,898,0,0,0,8910,8910,C
1-PB2,899,7474,0,17,0,7491,A
1-PB2,900,1,13,7571,0,7585,G
1-PB2,901,7532,0,6,0,7538,A
1-PB2,902,7556,0,6,0,7562,A
1-PB2,903,0,2,1,7555,7558,C
1-PB2,904,9,3,0,7547,7559,C
1-PB2,905,14,1,0,7532,7547,C
1-PB2,906,1,38,7510,0,7549,G
1-PB2,907,7532,1,13,0,7546,A
1-PB2,908,0,2,0,7575,7577,C
1-PB2,909,0,7453,0,8,7461,T
1-PB2,910,2,13,7511,0,7526,G
1-PB2,911,7481,1,4,0,7486,A
1-PB2,912,7533,0,15,0,7548,A
1-PB2,913,1,18,7555,0,7574,G
1-PB2,914,7519,2,4,0,7525,A
1-PB2,915,7526,1,8,0,7535,A
1-PB2,916,0,2,0,7519,7521,C
1-PB2,917,7488,0,4,0,7492,A
1-PB2,918,7502,3,29,0,7534,A
1-PB2,919,1,0,7620,0,7621,G
1-PB2,920,1,2,0,7672,7675,C
1-PB2,921,1,7592,0,6,7599,T
1-PB2,922,1,0,7744,0,7745,G
1-PB2,923,1,7703,1,6,7711,T
1-PB2,924,4,15,7844,0,7863,G
1-PB2,925,3,10,8150,0,8163,G
1-PB2,926,8125,5,10,0,8140,A
1-PB2,927,0,8116,1,2,8119,T
1-PB2,928,8027,2,3,1,8033,A
1-PB2,929,2,7934,0,2,7938,T
1-PB2,930,8238,0,2,0,8240,A
1-PB2,931,1,8083,2,9,8095,T
1-PB2,932,2,6,8059,0,8067,G
1-PB2,933,2,3,1,7935,7941,C
1-PB2,934,7606,0,5,0,7611,A
1-PB2,935,7597,1,13,0,7611,A
1-PB2,936,1,16,7601,0,7618,G
1-PB2,937,0,0,7663,0,7663,G
1-PB2,938,3,2,0,7658,7663,C
1-PB2,939,0,7436,0,13,7449,T
1-PB2,940,2,3,7498,0,7503,G
1-PB2,941,0,0,0,7520,7520,C
1-PB2,942,7528,1,3,1,7533,A
1-PB2,943,7547,0,7,0,7554,A
1-PB2,944,0,7480,0,1,7481,T
1-PB2,945,2,21,7521,0,7544,G
1-PB2,946,1,12,7481,0,7494,G
1-PB2,947,1,10,7515,0,7526,G
1-PB2,948,7499,0,4,0,7503,A
1-PB2,949,0,7488,0,1,7489,T
1-PB2,950,2,7439,0,7,7448,T
1-PB2,951,3,18,7458,0,7479,G
1-PB2,952,7332,1,113,1,7447,A
1-PB2,953,2,13,7501,0,7516,G
1-PB2,954,7451,0,17,0,7468,A
1-PB2,955,7380,0,8,0,7388,A
1-PB2,956,0,7289,1,2,7292,T
1-PB2,957,18,3,0,7312,7333,C
1-PB2,958,7297,0,8,0,7305,A
1-PB2,959,4,0,7366,0,7370,G
1-PB2,960,0,0,1,7353,7354,C
1-PB2,961,1,7267,3,23,7294,T
1-PB2,962,21,0,0,7266,7287,C
1-PB2,963,7293,0,3,0,7296,A
1-PB2,964,3,7465,1,31,7500,T
1-PB2,965,9,0,0,7546,7555,C
1-PB2,966,18,3,0,7567,7588,C
1-PB2,967,0,7525,2,21,7548,T
1-PB2,968,0,7487,0,10,7497,T
1-PB2,969,7,1,0,7495,7503,C
1-PB2,970,7497,0,8,2,7507,A
1-PB2,971,2,0,7639,0,7641,G
1-PB2,972,2,0,0,7603,7605,C
1-PB2,973,2,7496,0,8,7506,T
1-PB2,974,1,7516,0,2,7519,T
1-PB2,975,0,7472,1,3,7476,T
1-PB2,976,1,8,7489,0,7498,G
1-PB2,977,1,0,7498,0,7499,G
1-PB2,978,1,7428,1,34,7464,T
1-PB2,979,2,16,7532,0,7550,G
1-PB2,980,2,6,7512,0,7520,G
1-PB2,981,2,2,7591,0,7595,G
1-PB2,982,0,7542,0,11,7553,T
1-PB2,983,0,7545,0,16,7561,T
1-PB2,984,1,7551,0,2,7554,T
1-PB2,985,7573,1,12,2,7588,A
1-PB2,986,1,0,0,7620,7621,C
1-PB2,987,7632,0,3,0,7635,A
1-PB2,988,0,7584,0,2,7586,T
1-PB2,989,0,7414,1,2,7417,T
1-PB2,990,1,7393,0,1,7395,T
1-PB2,991,7409,0,3,0,7412,A
1-PB2,992,7403,0,1,0,7404,A
1-PB2,993,7407,1,5,0,7413,A
1-PB2,994,7360,0,14,0,7374,A
1-PB2,995,2,19,7419,0,7440,G
1-PB2,996,7398,0,6,1,7405,A
1-PB2,997,7417,0,5,0,7422,A
1-PB2,998,1,2,0,7420,7423,C
1-PB2,999,7413,0,7,0,7420,A
1-PB2,1000,7414,2,10,0,7426,A
1-PB2,1001,1,2,7424,1,7428,G
1-PB2,1002,3,4,0,7434,7441,C
1-PB2,1003,4,12,7415,0,7431,G
1-PB2,1004,4,9,7414,0,7427,G
1-PB2,1005,0,1,7445,0,7446,G
1-PB2,1006,2,7385,1,15,7403,T
1-PB2,1007,34,2,0,7364,7400,C
1-PB2,1008,7414,2,8,1,7425,A
1-PB2,1009,2,7374,0,2,7378,T
1-PB2,1010,7,2,0,7405,7414,C
1-PB2,1011,7370,1,13,1,7385,A
1-PB2,1012,2,0,7507,0,7509,G
1-PB2,1013,0,7378,0,7,7385,T
1-PB2,1014,32,0,0,7353,7385,C
1-PB2,1015,7386,4,8,0,7398,A
1-PB2,1016,7408,0,3,0,7411,A
1-PB2,1017,7415,1,3,0,7419,A
1-PB2,1018,7423,1,3,1,7428,A
1-PB2,1019,7460,0,3,0,7463,A
1-PB2,1020,7458,0,14,0,7472,A
1-PB2,1021,3,8,7514,1,7526,G
1-PB2,1022,7461,1,6,0,7468,A
1-PB2,1023,7444,1,3,1,7449,A
1-PB2,1024,0,9,7449,0,7458,G
1-PB2,1025,7420,0,5,0,7425,A
1-PB2,1026,7201,1,15,0,7217,A
1-PB2,1027,1,16,7198,0,7215,G
1-PB2,1028,7170,1,11,1,7183,A
1-PB2,1029,0,9,7196,0,7205,G
1-PB2,1030,1,1,7360,0,7362,G
1-PB2,1031,1,7333,0,3,7337,T
1-PB2,1032,2,1,7496,0,7499,G
1-PB2,1033,4,0,0,7558,7562,C
1-PB2,1034,0,7548,3,8,7559,T
1-PB2,1035,0,7583,0,0,7583,T
1-PB2,1036,7584,0,2,0,7586,A
1-PB2,1037,1,0,0,7574,7575,C
1-PB2,1038,7494,1,5,0,7500,A
1-PB2,1039,1,7,7498,0,7506,G
1-PB2,1040,8,0,7485,0,7493,G
1-PB2,1041,2,0,0,7348,7350,C
1-PB2,1042,7252,1,1,0,7254,A
1-PB2,1043,7259,0,4,0,7263,A
1-PB2,1044,0,7395,1,4,7400,T
1-PB2,1045,8,1,0,7523,7532,C
1-PB2,1046,0,7490,1,10,7501,T
1-PB2,1047,8,1,0,7532,7541,C
1-PB2,1048,12,0,0,7489,7501,C
1-PB2,1049,7529,1,5,0,7535,A
1-PB2,1050,7520,1,3,0,7524,A
1-PB2,1051,7526,0,6,1,7533,A
1-PB2,1052,1,2,0,7596,7599,C
1-PB2,1053,7354,1,2,1,7358,A
1-PB2,1054,0,7250,0,1,7251,T
1-PB2,1055,1,7104,0,1,7106,T
1-PB2,1056,0,12,7112,0,7124,G
1-PB2,1057,7077,1,13,2,7093,A
1-PB2,1058,3,19,6996,0,7018,G
1-PB2,1059,7365,1,8,0,7374,A
1-PB2,1060,7374,1,9,0,7384,A
1-PB2,1061,0,7438,0,2,7440,T
1-PB2,1062,7472,1,1,1,7475,A
1-PB2,1063,7476,1,13,0,7490,A
1-PB2,1064,2,19,7692,0,7713,G
1-PB2,1065,7558,0,7,0,7565,A
1-PB2,1066,1,3,7842,0,7846,G
1-PB2,1067,0,7535,0,3,7538,T
1-PB2,1068,7597,1,4,0,7602,A
1-PB2,1069,1,4,0,7783,7788,C
1-PB2,1070,7718,0,9,1,7728,A
1-PB2,1071,0,7678,0,6,7684,T
1-PB2,1072,0,14,7705,0,7719,G
1-PB2,1073,7459,3,7,1,7470,A
1-PB2,1074,1,24,7528,1,7554,G
1-PB2,1075,2,21,7487,0,7510,G
1-PB2,1076,0,13,7880,0,7893,G
1-PB2,1077,4,1,7964,0,7969,G
1-PB2,1078,0,7764,0,6,7770,T
1-PB2,1079,7831,1,4,0,7836,A
1-PB2,1080,0,7803,1,3,7807,T
1-PB2,1081,1,16,7823,0,7840,G
1-PB2,1082,7812,0,8,1,7821,A
1-PB2,1083,1,10,7811,0,7822,G
1-PB2,1084,0,11,7758,0,7769,G
1-PB2,1085,7147,2,47,2,7198,A
1-PB2,1086,3,0,7428,0,7431,G
1-PB2,1087,3,7384,1,23,7411,T
1-PB2,1088,0,7631,0,9,7640,T
1-PB2,1089,22,3,0,7628,7653,C
1-PB2,1090,7650,1,10,0,7661,A
1-PB2,1091,1,1,1,7680,7683,C
1-PB2,1092,7640,0,1,0,7641,A
1-PB2,1093,7739,0,7,0,7746,A
1-PB2,1094,1,7723,0,13,7737,T
1-PB2,1095,1,16,7542,1,7560,G
1-PB2,1096,2,2,7625,0,7629,G
1-PB2,1097,1,7346,0,13,7360,T
1-PB2,1098,1,12,7410,0,7423,G
1-PB2,1099,1,18,7395,0,7414,G
1-PB2,1100,0,8,7407,1,7416,G
1-PB2,1101,1,13,7461,0,7475,G
1-PB2,1102,7411,0,2,0,7413,A
1-PB2,1103,7432,0,5,0,7437,A
1-PB2,1104,7406,2,7,0,7415,A
1-PB2,1105,7269,0,18,1,7288,A
1-PB2,1106,0,18,7384,0,7402,G
1-PB2,1107,7309,2,20,0,7331,A
1-PB2,1108,0,1,7359,0,7360,G
1-PB2,1109,3,4,0,7335,7342,C
1-PB2,1110,7289,0,5,0,7294,A
1-PB2,1111,7295,0,12,2,7309,A
1-PB2,1112,0,3,0,7612,7615,C
1-PB2,1113,7599,0,6,1,7606,A
1-PB2,1114,3,3,7745,0,7751,G
1-PB2,1115,0,0,0,7661,7661,C
1-PB2,1116,1,7647,0,4,7652,T
1-PB2,1117,7890,0,1,0,7891,A
1-PB2,1118,1,7862,0,6,7869,T
1-PB2,1119,7924,0,4,1,7929,A
1-PB2,1120,0,1,0,7936,7937,C
1-PB2,1121,0,7459,0,2,7461,T
1-PB2,1122,7504,1,2,0,7507,A
1-PB2,1123,7317,2,7,1,7327,A
1-PB2,1124,2,15,7323,0,7340,G
1-PB2,1125,7317,1,7,1,7326,A
1-PB2,1126,7094,0,2,0,7096,A
1-PB2,1127,7094,1,1,1,7097,A
1-PB2,1128,7020,1,21,1,7043,A
1-PB2,1129,0,0,7060,0,7060,G
1-PB2,1130,0,4,0,7045,7049,C
1-PB2,1131,7045,0,12,0,7057,A
1-PB2,1132,7073,0,10,0,7083,A
1-PB2,1133,1,1,0,7104,7106,C
1-PB2,1134,4,1,0,7104,7109,C
1-PB2,1135,7115,0,5,0,7120,A
1-PB2,1136,0,7,7137,0,7144,G
1-PB2,1137,7120,0,11,0,7131,A
1-PB2,1138,7110,1,18,1,7130,A
1-PB2,1139,0,6,7163,0,7169,G
1-PB2,1140,7136,0,4,0,7140,A
1-PB2,1141,0,7105,0,1,7106,T
1-PB2,1142,0,7039,1,4,7044,T
1-PB2,1143,2,15,7075,0,7092,G
1-PB2,1144,1,1,7247,0,7249,G
1-PB2,1145,0,7134,1,68,7203,T
1-PB2,1146,3,7178,1,11,7193,T
1-PB2,1147,36,2,1,7163,7202,C
1-PB2,1148,7151,0,2,1,7154,A
1-PB2,1149,7132,0,4,0,7136,A
1-PB2,1150,1,1,0,7726,7728,C
1-PB2,1151,1,7692,0,28,7721,T
1-PB2,1152,23,1,0,7769,7793,C
1-PB2,1153,7656,0,7,0,7663,A
1-PB2,1154,0,7659,3,4,7666,T
1-PB2,1155,7661,0,8,1,7670,A
1-PB2,1156,0,0,7722,0,7722,G
1-PB2,1157,1,7394,0,10,7405,T
1-PB2,1158,1,28,7495,1,7525,G
1-PB2,1159,7146,1,11,1,7159,A
1-PB2,1160,3,1,7282,0,7286,G
1-PB2,1161,1,7187,1,38,7227,T
1-PB2,1162,0,14,7220,0,7234,G
1-PB2,1163,0,8,7291,0,7299,G
1-PB2,1164,7292,1,1,0,7294,A
1-PB2,1165,7257,1,10,0,7268,A
1-PB2,1166,0,15,7288,0,7303,G
1-PB2,1167,7149,0,11,0,7160,A
1-PB2,1168,3,9,7193,0,7205,G
1-PB2,1169,7101,1,10,0,7112,A
1-PB2,1170,1,6,0,7100,7107,C
1-PB2,1171,2,35,7073,0,7110,G
1-PB2,1172,7030,2,5,1,7038,A
1-PB2,1173,7054,0,18,1,7073,A
1-PB2,1174,0,0,1,7076,7077,C
1-PB2,1175,7004,0,3,0,7007,A
1-PB2,1176,2,0,7387,0,7389,G
1-PB2,1177,0,7302,0,9,7311,T
1-PB2,1178,19,2,1,7320,7342,C
1-PB2,1179,7352,0,6,0,7358,A
1-PB2,1180,7335,0,3,2,7340,A
1-PB2,1181,1,7345,1,0,7347,T
1-PB2,1182,7327,0,2,0,7329,A
1-PB2,1183,0,2,7322,0,7324,G
1-PB2,1184,2,1,1,7279,7283,C
1-PB2,1185,7,4,0,7020,7031,C
1-PB2,1186,4,9,6972,0,6985,G
1-PB2,1187,6984,1,2,0,6987,A
1-PB2,1188,6984,1,7,1,6993,A
1-PB2,1189,2,2,7070,0,7074,G
1-PB2,1190,0,1,1,7226,7228,C
1-PB2,1191,7241,1,6,1,7249,A
1-PB2,1192,7236,0,2,0,7238,A
1-PB2,1193,1,7237,0,2,7240,T
1-PB2,1194,7273,0,3,0,7276,A
1-PB2,1195,7375,1,3,0,7379,A
1-PB2,1196,0,7329,1,14,7344,T
1-PB2,1197,10,2,0,7299,7311,C
1-PB2,1198,5,0,7271,0,7276,G
1-PB2,1199,0,7063,2,8,7073,T
1-PB2,1200,2,11,7077,0,7090,G
1-PB2,1201,3,1,7136,0,7140,G
1-PB2,1202,2,2,0,7122,7126,C
1-PB2,1203,6,3,0,7130,7139,C
1-PB2,1204,7057,0,3,0,7060,A
1-PB2,1205,0,7045,3,5,7053,T
1-PB2,1206,4,11,7081,0,7096,G
1-PB2,1207,1,0,7204,0,7205,G
1-PB2,1208,0,7103,1,7,7111,T
1-PB2,1209,7,1,7180,0,7188,G
1-PB2,1210,0,6971,0,8,6979,T
1-PB2,1211,0,6976,0,9,6985,T
1-PB2,1212,0,6995,1,7,7003,T
1-PB2,1213,1,6995,0,8,7004,T
1-PB2,1214,15,2,0,7082,7099,C
1-PB2,1215,7076,0,9,2,7087,A
1-PB2,1216,0,2,0,7205,7207,C
1-PB2,1217,7109,0,6,1,7116,A
1-PB2,1218,7102,0,8,0,7110,A
1-PB2,1219,2,11,7112,0,7125,G
1-PB2,1220,7075,0,5,0,7080,A
1-PB2,1221,6901,1,102,0,7004,A
1-PB2,1222,3,9,7098,0,7110,G
1-PB2,1223,7088,0,4,2,7094,A
1-PB2,1224,0,7111,0,3,7114,T
1-PB2,1225,1,7011,0,16,7028,T
1-PB2,1226,1,1,7015,0,7017,G
1-PB2,1227,2,3,0,6933,6938,C
1-PB2,1228,6953,2,7,1,6963,A
1-PB2,1229,1,7007,2,6,7016,T
1-PB2,1230,2,9,7298,0,7309,G
1-PB2,1231,7321,0,10,1,7332,A
1-PB2,1232,0,7361,0,0,7361,T
1-PB2,1233,7338,1,6,0,7345,A
1-PB2,1234,7328,0,2,0,7330,A
1-PB2,1235,7316,1,6,0,7323,A
1-PB2,1236,7311,0,12,2,7325,A
1-PB2,1237,0,1,7343,0,7344,G
1-PB2,1238,2,2,0,7465,7469,C
1-PB2,1239,7509,1,9,1,7520,A
1-PB2,1240,0,1,7817,0,7818,G
1-PB2,1241,0,7766,1,9,7776,T
1-PB2,1242,0,7782,0,2,7784,T
1-PB2,1243,7778,0,3,0,7781,A
1-PB2,1244,0,6,7818,0,7824,G
1-PB2,1245,7764,0,15,0,7779,A
1-PB2,1246,3,13,7795,0,7811,G
1-PB2,1247,3,0,7778,0,7781,G
1-PB2,1248,1,7284,0,5,7290,T
1-PB2,1249,0,22,7200,0,7222,G
1-PB2,1250,7222,2,7,1,7232,A
1-PB2,1251,0,7153,0,10,7163,T
1-PB2,1252,15,2,0,7347,7364,C
1-PB2,1253,0,7360,0,12,7372,T
1-PB2,1254,1,14,7413,0,7428,G
1-PB2,1255,7401,1,5,1,7408,A
1-PB2,1256,7403,2,1,0,7406,A
1-PB2,1257,1,7428,0,4,7433,T
1-PB2,1258,0,7447,0,6,7453,T
1-PB2,1259,0,7458,0,1,7459,T
1-PB2,1260,14,3,0,7465,7482,C
1-PB2,1261,4,2,7474,2,7482,G
1-PB2,1262,0,7471,0,13,7484,T
1-PB2,1263,12,1,0,7453,7466,C
1-PB2,1264,7471,0,3,0,7474,A
1-PB2,1265,7475,3,4,0,7482,A
1-PB2,1266,2,1,0,7478,7481,C
1-PB2,1267,7370,1,4,0,7375,A
1-PB2,1268,2,23,7461,0,7486,G
1-PB2,1269,7396,0,29,0,7425,A
1-PB2,1270,2,0,7468,0,7470,G
1-PB2,1271,1,1,0,7473,7475,C
1-PB2,1272,7452,0,2,0,7454,A
1-PB2,1273,7543,0,3,0,7546,A
1-PB2,1274,7533,0,4,0,7537,A
1-PB2,1275,0,7518,1,4,7523,T
1-PB2,1276,15,0,0,7536,7551,C
1-PB2,1277,7462,0,4,0,7466,A
1-PB2,1278,3,1,7476,0,7480,G
1-PB2,1279,0,12,0,7476,7488,C
1-PB2,1280,3,8,7499,1,7511,G
1-PB2,1281,0,1,7910,0,7911,G
1-PB2,1282,0,7851,0,4,7855,T
1-PB2,1283,0,7861,1,5,7867,T
1-PB2,1284,1,31,7843,0,7875,G
1-PB2,1285,7861,0,12,0,7873,A
1-PB2,1286,7932,1,5,0,7938,A
1-PB2,1287,2,1,0,8004,8007,C
1-PB2,1288,7,2,1,7968,7978,C
1-PB2,1289,24,1,0,8010,8035,C
1-PB2,1290,22,2,0,7689,7713,C
1-PB2,1291,7728,0,9,0,7737,A
1-PB2,1292,1,7768,1,6,7776,T
1-PB2,1293,3,3,7793,1,7800,G
1-PB2,1294,3,3,0,7834,7840,C
1-PB2,1295,7768,3,4,0,7775,A
1-PB2,1296,0,7701,1,3,7705,T
1-PB2,1297,11,2,0,7686,7699,C
1-PB2,1298,7630,0,4,0,7634,A
1-PB2,1299,2,1,7773,0,7776,G
1-PB2,1300,6,1,0,7806,7813,C
1-PB2,1301,0,7782,1,18,7801,T
1-PB2,1302,0,7797,1,8,7806,T
1-PB2,1303,0,7770,2,0,7772,T
1-PB2,1304,0,7776,1,5,7782,T
1-PB2,1305,7776,0,2,0,7778,A
1-PB2,1306,7758,1,17,0,7776,A
1-PB2,1307,2,12,7778,0,7792,G
1-PB2,1308,9,2,7712,0,7723,G
1-PB2,1309,1,4,0,7648,7653,C
1-PB2,1310,7625,1,2,0,7628,A
1-PB2,1311,0,7627,1,6,7634,T
1-PB2,1312,1,7651,1,3,7656,T
1-PB2,1313,1,7656,0,4,7661,T
1-PB2,1314,0,7604,0,70,7674,T
1-PB2,1315,11,1,0,7675,7687,C
1-PB2,1316,7675,1,6,1,7683,A
1-PB2,1317,1,5,7682,0,7688,G
1-PB2,1318,7670,0,3,0,7673,A
1-PB2,1319,7675,0,0,0,7675,A
1-PB2,1320,7644,0,7,0,7651,A
1-PB2,1321,2,7,7653,0,7662,G
1-PB2,1322,7718,1,11,0,7730,A
1-PB2,1323,1,7700,0,9,7710,T
1-PB2,1324,2,2,7726,0,7730,G
1-PB2,1325,2,0,0,7722,7724,C
1-PB2,1326,2,12,7727,1,7742,G
1-PB2,1327,7727,1,7,0,7735,A
1-PB2,1328,7725,0,4,1,7730,A
1-PB2,1329,7728,0,8,0,7736,A
1-PB2,1330,2,0,7757,1,7760,G
1-PB2,1331,0,7645,0,12,7657,T
1-PB2,1332,2,1,7678,1,7682,G
1-PB2,1333,2,1,0,7634,7637,C
1-PB2,1334,2,7632,3,9,7646,T
1-PB2,1335,0,7665,0,2,7667,T
1-PB2,1336,1,7652,1,12,7666,T
1-PB2,1337,1,7672,1,2,7676,T
1-PB2,1338,0,7656,1,2,7659,T
1-PB2,1339,13,1,0,7655,7669,C
1-PB2,1340,7662,1,2,0,7665,A
1-PB2,1341,7708,1,2,0,7711,A
1-PB2,1342,7685,0,3,0,7688,A
1-PB2,1343,7715,0,1,0,7716,A
1-PB2,1344,0,7700,0,0,7700,T
1-PB2,1345,1,7697,1,1,7700,T
1-PB2,1346,2,18,7696,0,7716,G
1-PB2,1347,2,22,7676,0,7700,G
1-PB2,1348,1,10,7694,0,7705,G
1-PB2,1349,2,14,7796,0,7812,G
1-PB2,1350,7706,0,38,0,7744,A
1-PB2,1351,1,2,7924,0,7927,G
1-PB2,1352,1,7892,0,8,7901,T
1-PB2,1353,2,7863,1,3,7869,T
1-PB2,1354,3,24,7893,1,7921,G
1-PB2,1355,7897,2,8,0,7907,A
1-PB2,1356,7919,0,21,1,7941,A
1-PB2,1357,1,5,0,8111,8117,C
1-PB2,1358,7986,1,4,0,7991,A
1-PB2,1359,1,1,0,8156,8158,C
1-PB2,1360,7990,0,4,0,7994,A
1-PB2,1361,0,7973,1,8,7982,T
1-PB2,1362,5,3,0,8035,8043,C
1-PB2,1363,4,28,8001,0,8033,G
1-PB2,1364,8048,2,4,0,8054,A
1-PB2,1365,0,2,0,8038,8040,C
1-PB2,1366,7704,0,4,0,7708,A
1-PB2,1367,2,1,7953,0,7956,G
1-PB2,1368,0,7738,0,4,7742,T
1-PB2,1369,1,0,7858,0,7859,G
1-PB2,1370,3,7797,3,8,7811,T
1-PB2,1371,3,10,7816,0,7829,G
1-PB2,1372,7805,0,8,1,7814,A
1-PB2,1373,0,7780,0,3,7783,T
1-PB2,1374,1,23,7774,0,7798,G
1-PB2,1375,2,13,7784,0,7799,G
1-PB2,1376,1,11,7642,0,7654,G
1-PB2,1377,7579,0,8,0,7587,A
1-PB2,1378,7504,1,3,1,7509,A
1-PB2,1379,0,7529,0,6,7535,T
1-PB2,1380,1,16,7600,0,7617,G
1-PB2,1381,7639,0,2,0,7641,A
1-PB2,1382,1,7626,0,4,7631,T
1-PB2,1383,1,7589,0,4,7594,T
1-PB2,1384,2,8,7550,0,7560,G
1-PB2,1385,1,24,7746,0,7771,G
1-PB2,1386,7690,0,7,0,7697,A
1-PB2,1387,1,2,7808,0,7811,G
1-PB2,1388,1,7669,0,3,7673,T
1-PB2,1389,7621,0,1,0,7622,A
1-PB2,1390,1,7654,1,3,7659,T
1-PB2,1391,0,7726,6,4,7736,T
1-PB2,1392,7829,0,10,0,7839,A
1-PB2,1393,1,1,0,7829,7831,C
1-PB2,1394,11,0,0,7664,7675,C
1-PB2,1395,7559,0,5,1,7565,A
1-PB2,1396,3,4,7640,0,7647,G
1-PB2,1397,7817,0,3,0,7820,A
1-PB2,1398,0,7688,1,48,7737,T
1-PB2,1399,7670,2,4,0,7676,A
1-PB2,1400,0,7567,0,6,7573,T
1-PB2,1401,2,46,7496,0,7544,G
1-PB2,1402,7519,1,14,0,7534,A
1-PB2,1403,1,1,0,7592,7594,C
1-PB2,1404,3,6564,1,919,7487,T
1-PB2,1405,17,0,0,7490,7507,C
1-PB2,1406,15,0,0,7392,7407,C
1-PB2,1407,7457,1,8,0,7466,A
1-PB2,1408,7488,0,20,0,7508,A
1-PB2,1409,1,3,7729,0,7733,G
1-PB2,1410,1,5,0,7675,7681,C
1-PB2,1411,7671,2,7,0,7680,A
1-PB2,1412,1,1,1,7668,7671,C
1-PB2,1413,7628,2,7,0,7637,A
1-PB2,1414,2,16,7644,2,7664,G
1-PB2,1415,7598,1,11,0,7610,A
1-PB2,1416,0,1,7691,0,7692,G
1-PB2,1417,7689,1,11,0,7701,A
1-PB2,1418,1,7460,0,6,7467,T
1-PB2,1419,3,1,7592,0,7596,G
1-PB2,1420,1,7547,1,10,7559,T
1-PB2,1421,32,3,0,7500,7535,C
1-PB2,1422,7574,2,10,0,7586,A
1-PB2,1423,7550,0,6,0,7556,A
1-PB2,1424,0,7527,1,3,7531,T
1-PB2,1425,0,21,7520,0,7541,G
1-PB2,1426,7373,1,8,0,7382,A
1-PB2,1427,0,13,7424,0,7437,G
1-PB2,1428,7274,2,17,0,7293,A
1-PB2,1429,0,9,7333,1,7343,G
1-PB2,1430,3,21,7718,0,7742,G
1-PB2,1431,7722,1,5,0,7728,A
1-PB2,1432,7745,0,3,1,7749,A
1-PB2,1433,1,7729,1,3,7734,T
1-PB2,1434,7723,0,5,0,7728,A
1-PB2,1435,7732,2,4,1,7739,A
1-PB2,1436,49,15,7644,0,7708,G
1-PB2,1437,7632,2,18,0,7652,A
1-PB2,1438,2,3,7678,0,7683,G
1-PB2,1439,0,7123,0,12,7135,T
1-PB2,1440,32,0,3,7385,7420,C
1-PB2,1441,7412,1,10,1,7424,A
1-PB2,1442,5,1,7459,0,7465,G
1-PB2,1443,1,3,0,7500,7504,C
1-PB2,1444,7506,0,0,0,7506,A
1-PB2,1445,7525,1,1,0,7527,A
1-PB2,1446,7500,0,4,0,7504,A
1-PB2,1447,7503,0,3,0,7506,A
1-PB2,1448,3,7482,0,1,7486,T
1-PB2,1449,0,24,7491,0,7515,G
1-PB2,1450,2,10,7516,0,7528,G
1-PB2,1451,3,1,7571,0,7575,G
1-PB2,1452,0,7482,0,9,7491,T
1-PB2,1453,1,1,7509,0,7511,G
1-PB2,1454,0,7463,0,6,7469,T
1-PB2,1455,8,20,7467,0,7495,G
1-PB2,1456,1,6,7622,0,7629,G
1-PB2,1457,7610,2,6,0,7618,A
1-PB2,1458,0,7568,0,8,7576,T
1-PB2,1459,1,20,7632,0,7653,G
1-PB2,1460,7570,1,15,0,7586,A
1-PB2,1461,7625,0,7,1,7633,A
1-PB2,1462,0,7619,1,2,7622,T
1-PB2,1463,7514,0,14,0,7528,A
1-PB2,1464,2,1,1,8106,8110,C
1-PB2,1465,1,7880,0,13,7894,T
1-PB2,1466,21,0,0,7993,8014,C
1-PB2,1467,6,1,1,8023,8031,C
1-PB2,1468,7969,1,4,0,7974,A
1-PB2,1469,1,4,8318,0,8323,G
1-PB2,1470,0,8267,0,4,8271,T
1-PB2,1471,8340,0,1,0,8341,A
1-PB2,1472,2,1,0,8370,8373,C
1-PB2,1473,7580,2,5,0,7587,A
1-PB2,1474,1,14,7616,1,7632,G
1-PB2,1475,7411,1,9,0,7421,A
1-PB2,1476,0,12,7448,0,7460,G
1-PB2,1477,7231,1,16,0,7248,A
1-PB2,1478,0,19,6978,0,6997,G
1-PB2,1479,2,15,6952,0,6969,G
1-PB2,1480,2,1,6999,0,7002,G
1-PB2,1481,1,6864,1,9,6875,T
1-PB2,1482,3,12,6865,0,6880,G
1-PB2,1483,1,1,6877,0,6879,G
1-PB2,1484,1,6799,0,3,6803,T
1-PB2,1485,1,15,6992,0,7008,G
1-PB2,1486,2,0,7004,0,7006,G
1-PB2,1487,0,6860,0,6,6866,T
1-PB2,1488,0,6852,0,2,6854,T
1-PB2,1489,6749,0,6,0,6755,A
1-PB2,1490,1,1,6791,0,6793,G
1-PB2,1491,0,2,0,6775,6777,C
1-PB2,1492,6760,0,1,0,6761,A
1-PB2,1493,0,6748,0,2,6750,T
1-PB2,1494,0,6380,0,1,6381,T
1-PB2,1495,1,18,6398,0,6417,G
1-PB2,1496,6391,1,4,0,6396,A
1-PB2,1497,1,6390,0,6,6397,T
1-PB2,1498,29,5,0,6376,6410,C
1-PB2,1499,31,13,6313,0,6357,G
1-PB2,1500,0,1,6499,1,6501,G
1-PB2,1501,0,6470,0,3,6473,T
1-PB2,1502,0,6476,0,4,6480,T
1-PB2,1503,0,6468,1,6,6475,T
1-PB2,1504,0,6467,2,1,6470,T
1-PB2,1505,0,6461,1,2,6464,T
1-PB2,1506,5,13,6462,0,6480,G
1-PB2,1507,6442,0,5,0,6447,A
1-PB2,1508,1,12,6468,0,6481,G
1-PB2,1509,6149,0,8,1,6158,A
1-PB2,1510,1,1,6220,1,6223,G
1-PB2,1511,2,6212,0,15,6229,T
1-PB2,1512,1,6204,0,4,6209,T
1-PB2,1513,36,2,0,6169,6207,C
1-PB2,1514,1,17,6212,0,6230,G
1-PB2,1515,6224,2,21,0,6247,A
1-PB2,1516,0,24,6216,0,6240,G
1-PB2,1517,6216,1,13,1,6231,A
1-PB2,1518,1,14,0,6201,6216,C
1-PB2,1519,13,2,0,6137,6152,C
1-PB2,1520,6082,1,2,0,6085,A
1-PB2,1521,6149,0,8,1,6158,A
1-PB2,1522,0,1,0,6185,6186,C
1-PB2,1523,31,0,6169,0,6200,G
1-PB2,1524,0,6123,0,4,6127,T
1-PB2,1525,1,18,6109,0,6128,G
1-PB2,1526,1,6,6128,0,6135,G
1-PB2,1527,2,10,6144,0,6156,G
1-PB2,1528,6080,0,7,0,6087,A
1-PB2,1529,6083,0,3,0,6086,A
1-PB2,1530,1,5826,0,4,5831,T
1-PB2,1531,1,0,6087,0,6088,G
1-PB2,1532,1,6063,0,0,6064,T
1-PB2,1533,6074,0,1,0,6075,A
1-PB2,1534,0,6074,2,4,6080,T
1-PB2,1535,1,5979,1,2,5983,T
1-PB2,1536,6060,0,1,0,6061,A
1-PB2,1537,1,6012,1,2,6016,T
1-PB2,1538,0,5964,0,1,5965,T
1-PB2,1539,5935,0,2,0,5937,A
1-PB2,1540,0,5089,0,2,5091,T
1-PB2,1541,2,1,0,5290,5293,C
1-PB2,1542,2,5186,0,6,5194,T
1-PB2,1543,20,1,1,5198,5220,C
1-PB2,1544,2,1,0,5230,5233,C
1-PB2,1545,0,5049,0,6,5055,T
1-PB2,1546,2,6,5083,0,5091,G
1-PB2,1547,5054,0,5,4,5063,A
1-PB2,1548,1,3,5056,1,5061,G
1-PB2,1549,0,4,5039,0,5043,G
1-PB2,1550,4369,0,9,0,4378,A
1-PB2,1551,2,6,4415,1,4424,G
1-PB2,1552,1,0,4386,0,4387,G
1-PB2,1553,0,4215,0,7,4222,T
1-PB2,1554,21,1,0,4212,4234,C
1-PB2,1555,4183,1,8,1,4193,A
1-PB2,1556,2,0,4233,1,4236,G
1-PB2,1557,0,4217,0,4,4221,T
1-PB2,1558,1,7,4218,0,4226,G
1-PB2,1559,4210,0,7,0,4217,A
1-PB2,1560,4007,0,1,0,4008,A
1-PB2,1561,4018,0,4,1,4023,A
1-PB2,1562,0,2,0,4023,4025,C
1-PB2,1563,3973,1,1,0,3975,A
1-PB2,1564,0,0,0,3979,3979,C
1-PB2,1565,3770,0,5,0,3775,A
1-PB2,1566,0,9,3786,0,3795,G
1-PB2,1567,1,2,3781,0,3784,G
1-PB2,1568,0,11,3798,0,3809,G
1-PB2,1569,3788,1,1,0,3790,A
1-PB2,1570,3729,0,6,0,3735,A
1-PB2,1571,0,0,0,3764,3764,C
1-PB2,1572,0,3685,0,3,3688,T
1-PB2,1573,0,5,3680,0,3685,G
1-PB2,1574,3641,0,3,0,3644,A
1-PB2,1575,0,6,3654,0,3660,G
1-PB2,1576,3545,0,8,0,3553,A
1-PB2,1577,1,14,3318,0,3333,G
1-PB2,1578,3310,0,7,0,3317,A
1-PB2,1579,0,0,0,3302,3302,C
1-PB2,1580,0,3137,0,1,3138,T
1-PB2,1581,0,8,3168,0,3176,G
1-PB2,1582,3148,1,1,0,3150,A
1-PB2,1583,0,0,0,3160,3160,C
1-PB2,1584,3140,0,0,0,3140,A
1-PB2,1585,3137,0,3,0,3140,A
1-PB2,1586,0,3115,0,1,3116,T
1-PB2,1587,3099,0,0,0,3099,A
1-PB2,1588,3094,0,1,0,3095,A
1-PB2,1589,0,0,0,3098,3098,C
1-PB2,1590,0,2780,0,3,2783,T
1-PB2,1591,0,2723,0,1,2724,T
1-PB2,1592,2690,0,1,0,2691,A
1-PB2,1593,0,2670,0,12,2682,T
1-PB2,1594,0,2665,0,5,2670,T
1-PB2,1595,10,2,0,2643,2655,C
1-PB2,1596,2378,0,3,0,2381,A
1-PB2,1597,0,2368,0,1,2369,T
1-PB2,1598,3,0,1,2224,2228,C
1-PB2,1599,0,0,2227,0,2227,G
1-PB2,1600,0,2218,0,5,2223,T
1-PB2,1601,4,0,0,2163,2167,C
1-PB2,1602,0,2,2164,0,2166,G
1-PB2,1603,2170,0,2,0,2172,A
1-PB2,1604,0,2156,0,4,2160,T
1-PB2,1605,1,1,2147,0,2149,G
1-PB2,1606,2140,0,1,0,2141,A
1-PB2,1607,0,2137,0,2,2139,T
1-PB2,1608,3,0,2117,0,2120,G
1-PB2,1609,0,1973,0,7,1980,T
1-PB2,1610,3,7,1967,0,1977,G
1-PB2,1611,0,1,1969,0,1970,G
1-PB2,1612,1,3,1949,0,1953,G
1-PB2,1613,1873,0,4,0,1877,A
1-PB2,1614,2,1,1834,0,1837,G
1-PB2,1615,1571,0,1,0,1572,A
1-PB2,1616,0,1491,0,0,1491,T
1-PB2,1617,1,1370,0,0,1371,T
1-PB2,1618,1357,1,1,0,1359,A
1-PB2,1619,1334,0,2,0,1336,A
1-PB2,1620,0,0,0,1311,1311,C
1-PB2,1621,5,1,1112,0,1118,G
1-PB2,1622,0,0,1042,0,1042,G
1-PB2,1623,0,616,0,0,616,T
1-PB2,1624,1,0,0,584,585,C
1-PB2,1625,0,0,0,574,574,C
1-PB2,1626,0,432,0,0,432,T
1-PB2,1627,0,1,440,0,441,G
1-PB2,1628,437,0,0,0,437,A
1-PB2,1629,0,0,444,0,444,G
1-PB2,1630,0,444,0,0,444,T
1-PB2,1631,2,0,0,427,429,C
1-PB2,1632,0,2,418,0,420,G
1-PB2,1633,0,0,430,0,430,G
1-PB2,1634,0,427,0,1,428,T
1-PB2,1635,0,430,0,0,430,T
1-PB2,1636,0,430,0,0,430,T
1-PB2,1637,0,435,0,0,435,T
1-PB2,1638,0,0,446,0,446,G
1-PB2,1639,0,1,450,0,451,G
1-PB2,1640,0,444,0,1,445,T
1-PB2,1641,3,0,0,445,448,C
1-PB2,1642,438,2,2,0,442,A
1-PB2,1643,457,0,0,0,457,A
1-PB2,1644,0,461,0,0,461,T
1-PB2,1645,460,0,0,0,460,A
1-PB2,1646,0,1,0,470,471,C
1-PB2,1647,0,0,0,445,445,C
1-PB2,1648,0,447,0,0,447,T
1-PB2,1649,454,0,0,0,454,A
1-PB2,1650,0,457,0,0,457,T
1-PB2,1651,0,0,0,457,457,C
1-PB2,1652,442,0,0,0,442,A
1-PB2,1653,445,0,0,0,445,A
1-PB2,1654,0,442,0,0,442,T
1-PB2,1655,0,2,422,0,424,G
1-PB2,1656,0,1,428,0,429,G
1-PB2,1657,427,0,0,0,427,A
1-PB2,1658,0,422,0,0,422,T
1-PB2,1659,3,0,0,415,418,C
1-PB2,1660,420,0,0,0,420,A
1-PB2,1661,0,425,0,0,425,T
1-PB2,1662,0,0,0,424,424,C
1-PB2,1663,422,0,0,0,422,A
1-PB2,1664,0,0,426,0,426,G
1-PB2,1665,425,0,0,0,425,A
1-PB2,1666,419,0,2,0,421,A
1-PB2,1667,424,0,1,0,425,A
1-PB2,1668,0,425,1,0,426,T
1-PB2,1669,0,427,0,0,427,T
1-PB2,1670,2,0,423,0,425,G
1-PB2,1671,0,3,424,0,427,G
1-PB2,1672,0,1,424,0,425,G
1-PB2,1673,424,0,1,0,425,A
1-PB2,1674,422,0,1,0,423,A
1-PB2,1675,0,0,422,0,422,G
1-PB2,1676,0,0,0,423,423,C
1-PB2,1677,0,422,0,0,422,T
1-PB2,1678,1,0,426,0,427,G
1-PB2,1679,0,427,0,0,427,T
1-PB2,1680,0,0,0,427,427,C
1-PB2,1681,428,0,0,0,428,A
1-PB2,1682,429,0,0,0,429,A
1-PB2,1683,430,0,0,0,430,A
1-PB2,1684,435,0,0,0,435,A
1-PB2,1685,0,433,0,0,433,T
1-PB2,1686,0,432,0,0,432,T
1-PB2,1687,2,0,0,427,429,C
1-PB2,1688,424,0,0,0,424,A
1-PB2,1689,425,0,1,0,426,A
1-PB2,1690,0,426,0,0,426,T
1-PB2,1691,0,3,426,0,429,G
1-PB2,1692,0,0,431,0,431,G
1-PB2,1693,0,436,0,1,437,T
1-PB2,1694,5,0,0,434,439,C
1-PB2,1695,1,435,0,2,438,T
1-PB2,1696,2,0,0,437,439,C
1-PB2,1697,438,1,1,1,441,A
1-PB2,1698,0,1,439,0,440,G
1-PB2,1699,440,0,0,0,440,A
1-PB2,1700,440,0,0,0,440,A
1-PB2,1701,0,436,0,0,436,T
1-PB2,1702,2,0,0,430,432,C
1-PB2,1703,2,1,0,428,431,C
1-PB2,1704,0,431,0,0,431,T
1-PB2,1705,0,0,428,0,428,G
1-PB2,1706,0,1,0,432,433,C
1-PB2,1707,427,0,0,0,427,A
1-PB2,1708,433,0,2,0,435,A
1-PB2,1709,0,432,1,0,433,T
1-PB2,1710,0,1,439,1,441,G
1-PB2,1711,0,441,0,1,442,T
1-PB2,1712,0,431,0,0,431,T
1-PB2,1713,0,0,442,0,442,G
1-PB2,1714,0,438,0,2,440,T
1-PB2,1715,440,0,0,0,440,A
1-PB2,1716,0,0,0,440,440,C
1-PB2,1717,427,0,0,0,427,A
1-PB2,1718,429,0,0,0,429,A
1-PB2,1719,0,0,0,423,423,C
1-PB2,1720,415,0,0,0,415,A
1-PB2,1721,414,0,0,0,414,A
1-PB2,1722,401,0,1,0,402,A
1-PB2,1723,401,0,0,0,401,A
1-PB2,1724,0,402,0,0,402,T
1-PB2,1725,0,1,393,0,394,G
1-PB2,1726,0,0,400,0,400,G
1-PB2,1727,398,0,0,0,398,A
1-PB2,1728,397,0,0,0,397,A
1-PB2,1729,0,399,0,0,399,T
1-PB2,1730,0,396,0,0,396,T
1-PB2,1731,0,398,0,1,399,T
1-PB2,1732,0,2,393,0,395,G
1-PB2,1733,397,0,0,0,397,A
1-PB2,1734,398,0,1,0,399,A
1-PB2,1735,0,1,0,396,397,C
1-PB2,1736,1,0,0,391,392,C
1-PB2,1737,404,0,0,0,404,A
1-PB2,1738,0,404,0,0,404,T
1-PB2,1739,0,405,0,0,405,T
1-PB2,1740,0,404,0,0,404,T
1-PB2,1741,1,0,0,405,406,C
1-PB2,1742,409,0,0,0,409,A
1-PB2,1743,406,0,0,0,406,A
1-PB2,1744,0,402,0,0,402,T
1-PB2,1745,1,0,0,416,417,C
1-PB2,1746,0,410,0,1,411,T
1-PB2,1747,0,413,0,0,413,T
1-PB2,1748,0,415,0,0,415,T
1-PB2,1749,417,0,0,0,417,A
1-PB2,1750,0,0,415,0,415,G
1-PB2,1751,0,419,0,0,419,T
1-PB2,1752,0,0,0,433,433,C
1-PB2,1753,0,0,0,435,435,C
1-PB2,1754,0,0,0,432,432,C
1-PB2,1755,0,1,0,431,432,C
1-PB2,1756,427,0,0,0,427,A
1-PB2,1757,428,0,0,0,428,A
1-PB2,1758,1,1,435,0,437,G
1-PB2,1759,0,0,432,0,432,G
1-PB2,1760,0,1,0,431,432,C
1-PB2,1761,0,0,0,417,417,C
1-PB2,1762,415,0,1,0,416,A
1-PB2,1763,0,429,0,0,429,T
1-PB2,1764,0,428,0,1,429,T
1-PB2,1765,427,0,1,0,428,A
1-PB2,1766,0,2,427,0,429,G
1-PB2,1767,421,0,1,0,422,A
1-PB2,1768,428,0,3,0,431,A
1-PB2,1769,0,1,434,0,435,G
1-PB2,1770,0,1,0,440,441,C
1-PB2,1771,2,0,0,438,440,C
1-PB2,1772,438,0,0,0,438,A
1-PB2,1773,439,0,0,0,439,A
1-PB2,1774,0,442,0,0,442,T
1-PB2,1775,444,0,0,0,444,A
1-PB2,1776,0,0,0,441,441,C
1-PB2,1777,395,0,0,0,395,A
1-PB2,1778,0,1,396,0,397,G
1-PB2,1779,0,386,0,0,386,T
1-PB2,1780,0,2,393,0,395,G
1-PB2,1781,0,0,397,0,397,G
1-PB2,1782,0,0,395,0,395,G
1-PB2,1783,0,385,0,1,386,T
1-PB2,1784,0,387,0,0,387,T
1-PB2,1785,0,388,0,0,388,T
1-PB2,1786,0,0,392,0,392,G
1-PB2,1787,0,393,0,0,393,T
1-PB2,1788,0,0,0,390,390,C
1-PB2,1789,383,0,0,0,383,A
1-PB2,1790,0,4,380,0,384,G
1-PB2,1791,380,0,0,0,380,A
1-PB2,1792,377,0,0,0,377,A
1-PB2,1793,0,0,0,379,379,C
1-PB2,1794,0,362,0,0,362,T
1-PB2,1795,0,0,0,375,375,C
1-PB2,1796,0,375,0,0,375,T
1-PB2,1797,377,0,0,0,377,A
1-PB2,1798,0,379,0,0,379,T
1-PB2,1799,0,377,0,1,378,T
1-PB2,1800,2,0,0,375,377,C
1-PB2,1801,1,0,0,372,373,C
1-PB2,1802,370,0,2,0,372,A
1-PB2,1803,370,0,1,0,371,A
1-PB2,1804,0,0,0,366,366,C
1-PB2,1805,361,0,0,0,361,A
1-PB2,1806,359,0,0,0,359,A
1-PB2,1807,360,0,0,0,360,A
1-PB2,1808,0,364,0,0,364,T
1-PB2,1809,0,1,362,0,363,G
1-PB2,1810,360,0,1,0,361,A
1-PB2,1811,0,0,366,0,366,G
1-PB2,1812,360,0,1,0,361,A
1-PB2,1813,0,1,362,0,363,G
1-PB2,1814,361,0,0,0,361,A
1-PB2,1815,0,2,0,356,358,C
1-PB2,1816,1,0,362,0,363,G
1-PB2,1817,0,366,0,0,366,T
1-PB2,1818,375,0,0,0,375,A
1-PB2,1819,0,0,0,376,376,C
1-PB2,1820,0,372,0,0,372,T
1-PB2,1821,0,367,0,0,367,T
1-PB2,1822,0,5,363,0,368,G
1-PB2,1823,0,2,365,0,367,G
1-PB2,1824,0,0,367,0,367,G
1-PB2,1825,357,0,0,0,357,A
1-PB2,1826,0,0,0,360,360,C
1-PB2,1827,358,0,0,0,358,A
1-PB2,1828,0,356,0,0,356,T
1-PB2,1829,0,357,0,0,357,T
1-PB2,1830,1,358,0,0,359,T
1-PB2,1831,0,4,355,0,359,G
1-PB2,1832,356,1,0,0,357,A
1-PB2,1833,0,0,0,359,359,C
1-PB2,1834,357,0,0,0,357,A
1-PB2,1835,0,0,0,362,362,C
1-PB2,1836,1,0,0,350,351,C
1-PB2,1837,360,0,0,0,360,A
1-PB2,1838,0,0,0,361,361,C
1-PB2,1839,0,0,0,358,358,C
1-PB2,1840,0,0,0,359,359,C
1-PB2,1841,362,0,0,0,362,A
1-PB2,1842,0,0,364,0,364,G
1-PB2,1843,367,0,0,0,367,A
1-PB2,1844,0,380,0,1,381,T
1-PB2,1845,377,0,0,0,377,A
1-PB2,1846,376,0,0,0,376,A
1-PB2,1847,0,378,0,0,378,T
1-PB2,1848,375,0,0,0,375,A
1-PB2,1849,373,0,0,0,373,A
1-PB2,1850,367,0,0,0,367,A
1-PB2,1851,0,0,366,0,366,G
1-PB2,1852,0,0,0,367,367,C
1-PB2,1853,0,351,0,0,351,T
1-PB2,1854,0,345,0,1,346,T
1-PB2,1855,0,1,0,348,349,C
1-PB2,1856,1,346,0,0,347,T
1-PB2,1857,0,0,0,352,352,C
1-PB2,1858,0,0,0,351,351,C
1-PB2,1859,2,0,0,352,354,C
1-PB2,1860,0,350,0,4,354,T
1-PB2,1861,0,353,0,0,353,T
1-PB2,1862,0,353,0,2,355,T
1-PB2,1863,0,352,0,0,352,T
1-PB2,1864,0,0,353,0,353,G
1-PB2,1865,1,0,0,353,354,C
1-PB2,1866,349,0,0,0,349,A
1-PB2,1867,0,0,349,0,349,G
1-PB2,1868,0,0,0,344,344,C
1-PB2,1869,0,343,0,1,344,T
1-PB2,1870,0,0,343,0,343,G
1-PB2,1871,0,0,0,342,342,C
1-PB2,1872,1,0,0,339,340,C
1-PB2,1873,1,0,0,344,345,C
1-PB2,1874,1,0,0,351,352,C
1-PB2,1875,355,0,0,0,355,A
1-PB2,1876,1,0,0,355,356,C
1-PB2,1877,1,0,0,350,351,C
1-PB2,1878,351,0,0,0,351,A
1-PB2,1879,357,0,0,0,357,A
1-PB2,1880,355,0,1,0,356,A
1-PB2,1881,0,0,356,0,356,G
1-PB2,1882,0,0,0,354,354,C
1-PB2,1883,344,0,0,0,344,A
1-PB2,1884,343,0,1,0,344,A
1-PB2,1885,344,0,0,0,344,A
1-PB2,1886,0,0,351,0,351,G
1-PB2,1887,0,0,0,350,350,C
1-PB2,1888,345,0,0,0,345,A
1-PB2,1889,0,0,348,0,348,G
1-PB2,1890,347,0,0,0,347,A
1-PB2,1891,349,0,1,0,350,A
1-PB2,1892,0,351,0,0,351,T
1-PB2,1893,0,0,350,0,350,G
1-PB2,1894,0,0,0,353,353,C
1-PB2,1895,349,0,0,0,349,A
1-PB2,1896,1,0,356,0,357,G
1-PB2,1897,0,357,0,0,357,T
1-PB2,1898,0,370,0,0,370,T
1-PB2,1899,2,0,0,372,374,C
1-PB2,1900,0,368,0,0,368,T
1-PB2,1901,1,1,0,367,369,C
1-PB2,1902,0,368,0,1,369,T
1-PB2,1903,0,371,0,0,371,T
1-PB2,1904,0,0,0,373,373,C
1-PB2,1905,370,0,0,0,370,A
1-PB2,1906,0,0,0,368,368,C
1-PB2,1907,0,349,0,0,349,T
1-PB2,1908,0,3,351,0,354,G
1-PB2,1909,350,0,0,0,350,A
1-PB2,1910,0,1,0,365,366,C
1-PB2,1911,0,357,0,1,358,T
1-PB2,1912,0,0,364,0,364,G
1-PB2,1913,1,356,0,0,357,T
1-PB2,1914,0,0,365,0,365,G
1-PB2,1915,362,0,1,0,363,A
1-PB2,1916,369,0,0,0,369,A
1-PB2,1917,0,364,0,0,364,T
1-PB2,1918,0,0,366,0,366,G
1-PB2,1919,0,355,0,0,355,T
1-PB2,1920,347,0,0,0,347,A
1-PB2,1921,349,1,0,0,350,A
1-PB2,1922,0,1,351,0,352,G
1-PB2,1923,0,1,355,0,356,G
1-PB2,1924,0,0,354,0,354,G
1-PB2,1925,1,0,356,0,357,G
1-PB2,1926,353,0,0,0,353,A
1-PB2,1927,0,355,0,0,355,T
1-PB2,1928,0,0,0,359,359,C
1-PB2,1929,358,0,0,0,358,A
1-PB2,1930,0,1,365,0,366,G
1-PB2,1931,0,0,366,0,366,G
1-PB2,1932,1,0,364,0,365,G
1-PB2,1933,367,0,0,0,367,A
1-PB2,1934,0,362,0,0,362,T
1-PB2,1935,0,0,364,0,364,G
1-PB2,1936,361,0,0,1,362,A
1-PB2,1937,0,0,378,0,378,G
1-PB2,1938,376,0,0,0,376,A
1-PB2,1939,371,0,0,0,371,A
1-PB2,1940,0,377,0,0,377,T
1-PB2,1941,375,0,0,0,375,A
1-PB2,1942,0,1,0,388,389,C
1-PB2,1943,0,388,0,0,388,T
1-PB2,1944,0,386,0,0,386,T
1-PB2,1945,0,0,388,0,388,G
1-PB2,1946,0,372,0,0,372,T
1-PB2,1947,373,0,0,0,373,A
1-PB2,1948,371,0,1,0,372,A
1-PB2,1949,0,1,366,0,367,G
1-PB2,1950,0,1,369,0,370,G
1-PB2,1951,0,1,362,0,363,G
1-PB2,1952,0,0,363,0,363,G
1-PB2,1953,0,0,0,357,357,C
1-PB2,1954,363,0,0,0,363,A
1-PB2,1955,373,0,0,0,373,A
1-PB2,1956,0,372,0,0,372,T
1-PB2,1957,0,371,0,1,372,T
1-PB2,1958,0,0,0,382,382,C
1-PB2,1959,0,375,0,1,376,T
1-PB2,1960,0,0,0,390,390,C
1-PB2,1961,0,0,0,391,391,C
1-PB2,1962,0,389,0,1,390,T
1-PB2,1963,0,0,405,0,405,G
1-PB2,1964,0,392,0,0,392,T
1-PB2,1965,394,0,0,0,394,A
1-PB2,1966,0,392,0,1,393,T
1-PB2,1967,0,382,0,0,382,T
1-PB2,1968,1,0,0,385,386,C
1-PB2,1969,383,0,0,0,383,A
1-PB2,1970,392,0,0,0,392,A
1-PB2,1971,0,0,0,395,395,C
1-PB2,1972,0,386,0,0,386,T
1-PB2,1973,386,0,0,0,386,A
1-PB2,1974,0,0,0,404,404,C
1-PB2,1975,405,0,0,0,405,A
1-PB2,1976,404,0,0,0,404,A
1-PB2,1977,0,0,0,405,405,C
1-PB2,1978,403,0,0,0,403,A
1-PB2,1979,400,0,0,0,400,A
1-PB2,1980,0,3,396,0,399,G
1-PB2,1981,399,0,0,0,399,A
1-PB2,1982,0,0,0,401,401,C
1-PB2,1983,2,0,0,385,387,C
1-PB2,1984,388,0,0,0,388,A
1-PB2,1985,0,0,0,410,410,C
1-PB2,1986,1,408,0,0,409,T
1-PB2,1987,409,0,0,0,409,A
1-PB2,1988,408,0,0,0,408,A
1-PB2,1989,403,0,1,0,404,A
1-PB2,1990,403,0,1,0,404,A
1-PB2,1991,0,0,410,0,410,G
1-PB2,1992,409,1,1,0,411,A
1-PB2,1993,0,1,0,412,413,C
1-PB2,1994,0,399,0,0,399,T
1-PB2,1995,398,0,0,0,398,A
1-PB2,1996,396,0,1,0,397,A
1-PB2,1997,0,1,0,396,397,C
1-PB2,1998,398,0,0,0,398,A
1-PB2,1999,397,0,0,0,397,A
1-PB2,2000,0,387,0,0,387,T
1-PB2,2001,0,385,0,0,385,T
1-PB2,2002,0,0,0,387,387,C
1-PB2,2003,1,381,0,0,382,T
1-PB2,2004,2,0,0,383,385,C
1-PB2,2005,1,2,383,0,386,G
1-PB2,2006,0,0,386,0,386,G
1-PB2,2007,385,0,0,0,385,A
1-PB2,2008,381,0,0,0,381,A
1-PB2,2009,383,0,0,0,383,A
1-PB2,2010,379,0,1,0,380,A
1-PB2,2011,0,0,382,0,382,G
1-PB2,2012,380,0,0,0,380,A
1-PB2,2013,0,378,0,0,378,T
1-PB2,2014,0,0,376,0,376,G
1-PB2,2015,0,22,0,354,376,C
1-PB2,2016,2,0,0,375,377,C
1-PB2,2017,0,1,376,0,377,G
1-PB2,2018,0,0,373,0,373,G
1-PB2,2019,0,0,0,374,374,C
1-PB2,2020,375,0,0,0,375,A
1-PB2,2021,0,0,0,380,380,C
1-PB2,2022,0,379,0,1,380,T
1-PB2,2023,0,381,0,0,381,T
1-PB2,2024,0,380,0,0,380,T
1-PB2,2025,383,0,0,0,383,A
1-PB2,2026,388,0,0,0,388,A
1-PB2,2027,0,389,0,0,389,T
1-PB2,2028,0,385,0,0,385,T
1-PB2,2029,0,0,382,1,383,G
1-PB2,2030,368,0,1,0,369,A
1-PB2,2031,370,0,0,0,370,A
1-PB2,2032,11,2,357,0,370,G
1-PB2,2033,376,0,0,0,376,A
1-PB2,2034,0,0,0,377,377,C
1-PB2,2035,0,0,0,373,373,C
1-PB2,2036,0,0,0,376,376,C
1-PB2,2037,375,0,0,0,375,A
1-PB2,2038,0,0,386,0,386,G
1-PB2,2039,389,0,0,0,389,A
1-PB2,2040,0,390,0,0,390,T
1-PB2,2041,0,1,389,0,390,G
1-PB2,2042,383,0,0,0,383,A
1-PB2,2043,380,0,1,0,381,A
1-PB2,2044,381,0,1,0,382,A
1-PB2,2045,0,0,382,0,382,G
1-PB2,2046,0,0,0,382,382,C
1-PB2,2047,368,0,0,0,368,A
1-PB2,2048,0,0,0,375,375,C
1-PB2,2049,374,0,0,0,374,A
1-PB2,2050,0,374,0,0,374,T
1-PB2,2051,1,0,0,376,377,C
1-PB2,2052,0,0,0,377,377,C
1-PB2,2053,1,1,377,0,379,G
1-PB2,2054,0,0,381,0,381,G
1-PB2,2055,373,0,1,0,374,A
1-PB2,2056,0,1,379,0,380,G
1-PB2,2057,0,372,0,0,372,T
1-PB2,2058,0,0,374,0,374,G
1-PB2,2059,0,1,373,0,374,G
1-PB2,2060,370,0,1,0,371,A
1-PB2,2061,0,0,367,0,367,G
1-PB2,2062,0,357,0,0,357,T
1-PB2,2063,3,0,0,355,358,C
1-PB2,2064,1,1,0,357,359,C
1-PB2,2065,0,0,360,0,360,G
1-PB2,2066,0,0,0,357,357,C
1-PB2,2067,2,0,0,356,358,C
1-PB2,2068,1,0,361,0,362,G
1-PB2,2069,0,360,0,3,363,T
1-PB2,2070,2,0,0,361,363,C
1-PB2,2071,0,362,0,0,362,T
1-PB2,2072,0,357,0,0,357,T
1-PB2,2073,24,0,335,0,359,G
1-PB2,2074,358,0,0,0,358,A
1-PB2,2075,0,0,355,0,355,G
1-PB2,2076,350,0,4,0,354,A
1-PB2,2077,0,2,341,0,343,G
1-PB2,2078,0,0,342,0,342,G
1-PB2,2079,0,0,339,0,339,G
1-PB2,2080,0,336,0,0,336,T
1-PB2,2081,0,335,0,0,335,T
1-PB2,2082,0,336,0,0,336,T
1-PB2,2083,1,0,0,334,335,C
1-PB2,2084,0,336,0,0,336,T
1-PB2,2085,1,0,0,349,350,C
1-PB2,2086,346,0,0,0,346,A
1-PB2,2087,0,349,0,0,349,T
1-PB2,2088,0,343,0,0,343,T
1-PB2,2089,343,0,0,0,343,A
1-PB2,2090,0,345,0,0,345,T
1-PB2,2091,344,0,0,0,344,A
1-PB2,2092,0,0,346,0,346,G
1-PB2,2093,1,0,344,0,345,G
1-PB2,2094,0,323,0,0,323,T
1-PB2,2095,327,0,0,0,327,A
1-PB2,2096,323,0,1,0,324,A
1-PB2,2097,2,0,323,0,325,G
1-PB2,2098,0,0,325,0,325,G
1-PB2,2099,324,0,0,0,324,A
1-PB2,2100,322,0,0,0,322,A
1-PB2,2101,0,0,321,0,321,G
1-PB2,2102,317,0,0,0,317,A
1-PB2,2103,0,0,0,319,319,C
1-PB2,2104,313,0,2,0,315,A
1-PB2,2105,0,0,316,0,316,G
1-PB2,2106,315,0,0,0,315,A
1-PB2,2107,308,0,0,0,308,A
1-PB2,2108,0,1,307,0,308,G
1-PB2,2109,0,0,298,0,298,G
1-PB2,2110,0,307,0,0,307,T
1-PB2,2111,306,0,0,0,306,A
1-PB2,2112,0,0,0,307,307,C
1-PB2,2113,0,0,300,0,300,G
1-PB2,2114,0,0,309,0,309,G
1-PB2,2115,309,0,0,0,309,A
1-PB2,2116,0,0,0,306,306,C
1-PB2,2117,2,0,0,303,305,C
1-PB2,2118,300,0,0,0,300,A
1-PB2,2119,0,0,312,0,312,G
1-PB2,2120,0,0,0,309,309,C
1-PB2,2121,312,0,0,0,312,A
1-PB2,2122,0,311,0,0,311,T
1-PB2,2123,0,285,0,0,285,T
1-PB2,2124,285,0,0,0,285,A
1-PB2,2125,285,0,0,0,285,A
1-PB2,2126,0,1,287,0,288,G
1-PB2,2127,0,0,0,287,287,C
1-PB2,2128,268,0,1,0,269,A
1-PB2,2129,0,277,0,0,277,T
1-PB2,2130,2,0,0,273,275,C
1-PB2,2131,276,0,0,0,276,A
1-PB2,2132,276,0,0,0,276,A
1-PB2,2133,0,273,0,1,274,T
1-PB2,2134,0,2,275,0,277,G
1-PB2,2135,274,0,0,0,274,A
1-PB2,2136,278,0,0,0,278,A
1-PB2,2137,0,0,0,281,281,C
1-PB2,2138,0,265,0,0,265,T
1-PB2,2139,0,2,277,0,279,G
1-PB2,2140,277,0,0,0,277,A
1-PB2,2141,0,0,277,0,277,G
1-PB2,2142,0,276,0,1,277,T
1-PB2,2143,273,0,1,0,274,A
1-PB2,2144,274,0,0,0,274,A
1-PB2,2145,0,0,0,275,275,C
1-PB2,2146,2,0,0,258,260,C
1-PB2,2147,0,261,0,0,261,T
1-PB2,2148,0,246,0,1,247,T
1-PB2,2149,0,0,248,0,248,G
1-PB2,2150,0,1,0,245,246,C
1-PB2,2151,246,0,0,0,246,A
1-PB2,2152,247,0,0,0,247,A
1-PB2,2153,245,0,0,0,245,A
1-PB2,2154,245,0,0,0,245,A
1-PB2,2155,0,0,245,0,245,G
1-PB2,2156,0,0,247,0,247,G
1-PB2,2157,0,0,244,0,244,G
1-PB2,2158,0,0,249,0,249,G
1-PB2,2159,248,0,0,0,248,A
1-PB2,2160,249,0,0,0,249,A
1-PB2,2161,249,0,0,0,249,A
1-PB2,2162,249,0,1,0,250,A
1-PB2,2163,0,0,252,0,252,G
1-PB2,2164,0,0,250,0,250,G
1-PB2,2165,0,0,0,252,252,C
1-PB2,2166,0,251,0,0,251,T
1-PB2,2167,252,0,0,0,252,A
1-PB2,2168,250,1,0,1,252,A
1-PB2,2169,0,253,0,0,253,T
1-PB2,2170,0,0,257,0,257,G
1-PB2,2171,0,249,0,0,249,T
1-PB2,2172,0,0,245,0,245,G
1-PB2,2173,0,0,0,244,244,C
1-PB2,2174,0,242,0,0,242,T
1-PB2,2175,244,0,0,0,244,A
1-PB2,2176,242,0,0,0,242,A
1-PB2,2177,0,243,0,0,243,T
1-PB2,2178,1,0,0,239,240,C
1-PB2,2179,0,0,228,0,228,G
1-PB2,2180,0,0,231,0,231,G
1-PB2,2181,0,0,231,0,231,G
1-PB2,2182,0,0,0,230,230,C
1-PB2,2183,232,1,0,0,233,A
1-PB2,2184,230,0,0,0,230,A
1-PB2,2185,0,2,230,0,232,G
1-PB2,2186,0,0,232,0,232,G
1-PB2,2187,231,0,0,0,231,A
1-PB2,2188,0,1,230,0,231,G
1-PB2,2189,225,0,0,0,225,A
1-PB2,2190,0,0,0,226,226,C
1-PB2,2191,0,0,224,0,224,G
1-PB2,2192,0,223,0,0,223,T
1-PB2,2193,0,0,226,0,226,G
1-PB2,2194,0,0,234,0,234,G
1-PB2,2195,0,230,0,0,230,T
1-PB2,2196,0,0,230,0,230,G
1-PB2,2197,0,226,0,0,226,T
1-PB2,2198,0,223,0,1,224,T
1-PB2,2199,0,1,224,0,225,G
1-PB2,2200,0,0,224,0,224,G
1-PB2,2201,0,221,0,0,221,T
1-PB2,2202,221,0,0,0,221,A
1-PB2,2203,218,0,0,0,218,A
1-PB2,2204,0,212,0,1,213,T
1-PB2,2205,0,0,210,0,210,G
1-PB2,2206,208,0,0,1,209,A
1-PB2,2207,208,0,0,1,209,A
1-PB2,2208,206,0,1,0,207,A
1-PB2,2209,0,0,0,207,207,C
1-PB2,2210,0,1,208,0,209,G
1-PB2,2211,209,0,0,0,209,A
1-PB2,2212,211,0,0,0,211,A
1-PB2,2213,208,0,1,0,209,A
1-PB2,2214,213,0,0,0,213,A
1-PB2,2215,1,1,0,210,212,C
1-PB2,2216,0,1,210,0,211,G
1-PB2,2217,0,0,210,0,210,G
1-PB2,2218,0,0,209,0,209,G
1-PB2,2219,207,0,0,0,207,A
1-PB2,2220,1,0,0,210,211,C
1-PB2,2221,0,207,0,1,208,T
1-PB2,2222,1,0,0,216,217,C
1-PB2,2223,0,217,0,0,217,T
1-PB2,2224,217,0,0,0,217,A
1-PB2,2225,0,0,215,0,215,G
1-PB2,2226,0,0,0,212,212,C
1-PB2,2227,213,0,0,0,213,A
1-PB2,2228,0,214,0,0,214,T
1-PB2,2229,203,0,0,0,203,A
1-PB2,2230,0,0,0,207,207,C
1-PB2,2231,0,182,0,0,182,T
1-PB2,2232,0,182,0,0,182,T
1-PB2,2233,179,0,0,0,179,A
1-PB2,2234,0,0,0,179,179,C
1-PB2,2235,0,177,0,0,177,T
1-PB2,2236,1,1,176,0,178,G
1-PB2,2237,170,0,0,0,170,A
1-PB2,2238,0,0,0,168,168,C
1-PB2,2239,158,0,0,0,158,A
1-PB2,2240,0,0,158,0,158,G
1-PB2,2241,0,0,0,157,157,C
1-PB2,2242,0,0,0,156,156,C
1-PB2,2243,157,0,0,0,157,A
1-PB2,2244,0,1,156,0,157,G
1-PB2,2245,157,0,0,0,157,A
1-PB2,2246,0,1,0,156,157,C
1-PB2,2247,141,0,0,0,141,A
1-PB2,2248,0,0,142,0,142,G
1-PB2,2249,0,0,0,133,133,C
1-PB2,2250,0,1,132,0,133,G
1-PB2,2251,134,0,1,0,135,A
1-PB2,2252,0,0,0,133,133,C
1-PB2,2253,0,0,0,133,133,C
1-PB2,2254,132,0,0,0,132,A
1-PB2,2255,133,0,0,0,133,A
1-PB2,2256,134,0,0,0,134,A
1-PB2,2257,130,0,1,0,131,A
1-PB2,2258,0,2,130,0,132,G
1-PB2,2259,129,0,0,0,129,A
1-PB2,2260,129,0,0,0,129,A
1-PB2,2261,0,128,0,0,128,T
1-PB2,2262,0,129,0,0,129,T
1-PB2,2263,1,0,0,127,128,C
1-PB2,2264,0,0,125,0,125,G
1-PB2,2265,0,0,125,0,125,G
1-PB2,2266,125,0,0,0,125,A
1-PB2,2267,0,119,0,0,119,T
1-PB2,2268,0,0,118,0,118,G
1-PB2,2269,0,0,118,0,118,G
1-PB2,2270,0,0,0,117,117,C
1-PB2,2271,1,0,0,117,118,C
1-PB2,2272,117,0,0,0,117,A
1-PB2,2273,0,117,0,0,117,T
1-PB2,2274,0,0,0,116,116,C
1-PB2,2275,116,0,1,0,117,A
1-PB2,2276,117,0,0,0,117,A
1-PB2,2277,0,115,0,0,115,T
1-PB2,2278,0,105,0,0,105,T
1-PB2,2279,100,0,0,0,100,A
1-PB2,2280,99,0,0,0,99,A
2-PB1,1,2221,0,0,0,2221,A
2-PB1,2,0,2227,0,0,2227,T
2-PB1,3,0,0,2271,0,2271,G
2-PB1,4,0,9,2423,0,2432,G
2-PB1,5,2762,1,3,0,2766,A
2-PB1,6,0,2964,0,1,2965,T
2-PB1,7,0,0,2997,0,2997,G
2-PB1,8,2,2997,0,4,3003,T
2-PB1,9,10,2,1,3223,3236,C
2-PB1,10,3278,0,3,0,3281,A
2-PB1,11,3433,0,0,0,3433,A
2-PB1,12,0,3434,0,1,3435,T
2-PB1,13,3,0,0,3472,3475,C
2-PB1,14,10,6,0,3721,3737,C
2-PB1,15,3,37,3773,1,3814,G
2-PB1,16,4331,0,3,0,4334,A
2-PB1,17,0,1,0,4405,4406,C
2-PB1,18,0,4397,0,7,4404,T
2-PB1,19,7,1,0,5110,5118,C
2-PB1,20,0,5122,0,2,5124,T
2-PB1,21,5164,0,2,0,5166,A
2-PB1,22,0,1,0,5173,5174,C
2-PB1,23,0,5176,0,3,5179,T
2-PB1,24,1,2,5780,1,5784,G
2-PB1,25,0,5826,0,8,5834,T
2-PB1,26,1,5820,0,14,5835,T
2-PB1,27,22,1,0,5796,5819,C
2-PB1,28,7,2,0,5805,5814,C
2-PB1,29,0,6833,0,4,6837,T
2-PB1,30,6911,1,0,0,6912,A
2-PB1,31,6902,0,3,0,6905,A
2-PB1,32,6937,0,9,0,6946,A
2-PB1,33,0,20,6943,1,6964,G
2-PB1,34,0,1,7019,0,7020,G
2-PB1,35,0,7053,0,8,7061,T
2-PB1,36,0,7052,0,10,7062,T
2-PB1,37,11,0,0,7067,7078,C
2-PB1,38,7,4,0,7078,7089,C
2-PB1,39,7082,0,11,0,7093,A
2-PB1,40,1,6,7163,0,7170,G
2-PB1,41,2,5,0,7177,7184,C
2-PB1,42,4,3,7203,0,7210,G
2-PB1,43,0,1,0,7224,7225,C
2-PB1,44,7216,1,5,0,7222,A
2-PB1,45,7238,0,1,1,7240,A
2-PB1,46,7232,1,3,1,7237,A
2-PB1,47,7284,0,10,2,7296,A
2-PB1,48,0,7331,1,0,7332,T
2-PB1,49,3,3,7626,0,7632,G
2-PB1,50,2,3,0,7665,7670,C
2-PB1,51,10,1,1,7702,7714,C
2-PB1,52,7711,0,13,0,7724,A
2-PB1,53,0,7719,1,4,7724,T
2-PB1,54,8270,0,5,0,8275,A
2-PB1,55,8291,0,8,0,8299,A
2-PB1,56,2,3,8664,0,8669,G
2-PB1,57,4,5,0,8662,8671,C
2-PB1,58,8633,2,6,0,8641,A
2-PB1,59,3,4,0,8986,8993,C
2-PB1,60,8983,0,4,0,8987,A
2-PB1,61,9420,1,4,0,9425,A
2-PB1,62,2,2,0,9447,9451,C
2-PB1,63,9385,1,1,0,9387,A
2-PB1,64,0,9457,0,8,9465,T
2-PB1,65,3,9365,0,6,9374,T
2-PB1,66,18,1,0,11657,11676,C
2-PB1,67,24,2,0,11677,11703,C
2-PB1,68,29,0,0,11727,11756,C
2-PB1,69,2,11789,0,13,11804,T
2-PB1,70,0,11723,0,5,11728,T
2-PB1,71,12693,1,3,1,12698,A
2-PB1,72,0,12777,0,1,12778,T
2-PB1,73,12826,0,5,0,12831,A
2-PB1,74,1,0,0,12944,12945,C
2-PB1,75,0,12288,0,10,12298,T
2-PB1,76,1,12,12412,0,12425,G
2-PB1,77,2,37,12410,0,12449,G
2-PB1,78,12396,1,6,0,12403,A
2-PB1,79,0,24,12417,1,12442,G
2-PB1,80,12297,1,16,0,12314,A
2-PB1,81,0,12328,0,6,12334,T
2-PB1,82,24,5,1,13025,13055,C
2-PB1,83,28,2,0,13034,13064,C
2-PB1,84,1,13079,1,10,13091,T
2-PB1,85,18,0,1,13988,14007,C
2-PB1,86,23,4,1,13959,13987,C
2-PB1,87,14104,1,9,0,14114,A
2-PB1,88,1,14121,0,5,14127,T
2-PB1,89,14068,1,8,1,14078,A
2-PB1,90,0,2,0,14137,14139,C
2-PB1,91,13869,0,13,0,13882,A
2-PB1,92,10,4,14423,0,14437,G
2-PB1,93,4,3,0,14548,14555,C
2-PB1,94,29,1,2,14323,14355,C
2-PB1,95,14358,2,12,0,14372,A
2-PB1,96,0,14339,0,10,14349,T
2-PB1,97,1,34,14329,1,14365,G
2-PB1,98,0,78,14966,0,15044,G
2-PB1,99,15097,3,23,1,15124,A
2-PB1,100,15137,4,21,0,15162,A
2-PB1,101,0,2,0,15121,15123,C
2-PB1,102,14923,1,17,2,14943,A
2-PB1,103,1,25,15263,0,15289,G
2-PB1,104,1,100,15402,0,15503,G
2-PB1,105,15481,1,24,1,15507,A
2-PB1,106,15562,1,20,0,15583,A
2-PB1,107,1,2,0,15619,15622,C
2-PB1,108,15392,0,13,0,15405,A
2-PB1,109,5,48,17077,0,17130,G
2-PB1,110,3,59,17034,0,17096,G
2-PB1,111,2,4,17394,0,17400,G
2-PB1,112,1,17296,1,12,17310,T
2-PB1,113,17207,3,9,0,17219,A
2-PB1,114,2,8,0,17351,17361,C
2-PB1,115,17888,3,18,2,17911,A
2-PB1,116,2,4,0,18612,18618,C
2-PB1,117,35,5,1,18397,18438,C
2-PB1,118,17750,0,21,0,17771,A
2-PB1,119,2,17731,4,4,17741,T
2-PB1,120,6,49,17633,1,17689,G
2-PB1,121,2,69,17683,0,17754,G
2-PB1,122,17746,2,25,1,17774,A
2-PB1,123,3,5,0,17779,17787,C
2-PB1,124,17311,4,13,1,17329,A
2-PB1,125,2,3,1,17574,17580,C
2-PB1,126,17448,1,14,1,17464,A
2-PB1,127,5,1,17845,1,17852,G
2-PB1,128,2,17779,1,16,17798,T
2-PB1,129,87,1,1,18411,18500,C
2-PB1,130,18448,1,16,0,18465,A
2-PB1,131,18667,0,14,1,18682,A
2-PB1,132,3,3,1,18662,18669,C
2-PB1,133,18564,0,9,6,18579,A
2-PB1,134,1,86,18735,2,18824,G
2-PB1,135,18465,2,21,3,18491,A
2-PB1,136,18424,0,30,1,18455,A
2-PB1,137,2,4,0,18459,18465,C
2-PB1,138,17990,2,21,0,18013,A
2-PB1,139,1,0,0,18024,18025,C
2-PB1,140,17880,0,17,1,17898,A
2-PB1,141,1,17629,1,17,17648,T
2-PB1,142,40,3,1,19278,19322,C
2-PB1,143,19375,0,8,1,19384,A
2-PB1,144,19629,1,5,0,19635,A
2-PB1,145,1,19885,2,3,19891,T
2-PB1,146,20527,1,7,0,20535,A
2-PB1,147,2,20560,0,1,20563,T
2-PB1,148,0,20021,0,7,20028,T
2-PB1,149,41,5,1,20004,20051,C
2-PB1,150,19623,2,16,0,19641,A
2-PB1,151,1,66,19599,1,19667,G
2-PB1,152,19507,3,7,1,19518,A
2-PB1,153,1,40,19529,0,19570,G
2-PB1,154,19062,1,21,2,19086,A
2-PB1,155,12,62,18501,0,18575,G
2-PB1,156,3,61,18507,1,18572,G
2-PB1,157,2,48,19334,0,19384,G
2-PB1,158,2,31,19351,2,19386,G
2-PB1,159,2,33,19524,1,19560,G
2-PB1,160,19523,5,22,0,19550,A
2-PB1,161,19534,4,31,0,19569,A
2-PB1,162,2,7,19732,0,19741,G
2-PB1,163,0,19527,3,29,19559,T
2-PB1,164,4,84,19338,2,19428,G
2-PB1,165,3,42,19308,0,19353,G
2-PB1,166,19306,2,30,2,19340,A
2-PB1,167,8,19,1,19392,19420,C
2-PB1,168,13,125,19310,2,19450,G
2-PB1,169,19545,3,21,1,19570,A
2-PB1,170,1,3,0,19753,19757,C
2-PB1,171,19621,1,13,2,19637,A
2-PB1,172,19641,4,8,0,19653,A
2-PB1,173,19764,3,22,0,19789,A
2-PB1,174,1,20096,0,8,20105,T
2-PB1,175,20145,1,8,0,20154,A
2-PB1,176,5,7,1,20181,20194,C
2-PB1,177,19931,0,14,3,19948,A
2-PB1,178,0,39,19965,0,20004,G
2-PB1,179,19861,2,10,1,19874,A
2-PB1,180,20102,2,12,0,20116,A
2-PB1,181,20102,0,12,2,20116,A
2-PB1,182,0,4,0,20124,20128,C
2-PB1,183,1,19800,0,6,19807,T
2-PB1,184,1,52,19752,0,19805,G
2-PB1,185,5,53,19709,0,19767,G
2-PB1,186,4,46,19690,0,19740,G
2-PB1,187,8,9,19732,0,19749,G
2-PB1,188,8,7,1,19750,19766,C
2-PB1,189,19603,4,26,1,19634,A
2-PB1,190,8,2,0,20602,20612,C
2-PB1,191,44,3,0,20493,20540,C
2-PB1,192,60,3,0,20478,20541,C
2-PB1,193,50,5,1,20540,20596,C
2-PB1,194,20606,1,16,2,20625,A
2-PB1,195,20837,1,6,0,20844,A
2-PB1,196,0,1,0,20831,20832,C
2-PB1,197,3,20687,1,45,20736,T
2-PB1,198,86,2,1,20708,20797,C
2-PB1,199,19861,1,15,1,19878,A
2-PB1,200,20246,1,25,0,20272,A
2-PB1,201,1,2,0,20279,20282,C
2-PB1,202,39,2,0,20128,20169,C
2-PB1,203,85,5,0,20085,20175,C
2-PB1,204,19970,0,4,0,19974,A
2-PB1,205,20047,0,12,0,20059,A
2-PB1,206,2,20187,0,8,20197,T
2-PB1,207,1,20092,0,2,20095,T
2-PB1,208,3,43,20083,1,20130,G
2-PB1,209,19847,3,26,1,19877,A
2-PB1,210,0,19835,0,20,19855,T
2-PB1,211,6,57,19764,0,19827,G
2-PB1,212,2,95,19992,1,20090,G
2-PB1,213,20332,1,35,1,20369,A
2-PB1,214,3,3,0,20492,20498,C
2-PB1,215,55,7,2,20327,20391,C
2-PB1,216,20334,3,16,1,20354,A
2-PB1,217,5,1,1,20882,20889,C
2-PB1,218,2,20828,1,9,20840,T
2-PB1,219,21183,1,13,0,21197,A
2-PB1,220,7,0,0,21426,21433,C
2-PB1,221,26,3,0,21070,21099,C
2-PB1,222,1,20602,0,19,20622,T
2-PB1,223,4,37,20678,1,20720,G
2-PB1,224,20568,3,39,1,20611,A
2-PB1,225,2,36,20759,3,20800,G
2-PB1,226,2,30,20574,0,20606,G
2-PB1,227,20547,3,10,0,20560,A
2-PB1,228,1,20333,0,5,20339,T
2-PB1,229,19956,1,7,0,19964,A
2-PB1,230,19952,1,22,3,19978,A
2-PB1,231,0,19976,0,7,19983,T
2-PB1,232,3,108,19826,0,19937,G
2-PB1,233,19899,2,19,2,19922,A
2-PB1,234,19724,2,31,0,19757,A
2-PB1,235,3,3,0,19801,19807,C
2-PB1,236,83,2,0,19313,19398,C
2-PB1,237,19479,0,10,0,19489,A
2-PB1,238,19496,0,3,1,19500,A
2-PB1,239,2,7,19616,0,19625,G
2-PB1,240,2,19576,0,13,19591,T
2-PB1,241,3,43,19534,1,19581,G
2-PB1,242,2,22,19931,0,19955,G
2-PB1,243,19875,4,25,0,19904,A
2-PB1,244,0,19826,1,3,19830,T
2-PB1,245,19827,1,6,0,19834,A
2-PB1,246,0,20179,0,12,20191,T
2-PB1,247,14,11,20322,0,20347,G
2-PB1,248,8,8,0,20296,20312,C
2-PB1,249,20298,2,24,3,20327,A
2-PB1,250,1,6,0,20969,20976,C
2-PB1,251,20507,4,4,0,20515,A
2-PB1,252,20921,0,6,0,20927,A
2-PB1,253,20907,2,17,2,20928,A
2-PB1,254,3,3,0,20969,20975,C
2-PB1,255,20279,2,19,3,20303,A
2-PB1,256,0,88,20475,0,20563,G
2-PB1,257,20429,1,27,1,20458,A
2-PB1,258,2,0,0,20533,20535,C
2-PB1,259,1,19732,3,28,19764,T
2-PB1,260,5,6,20177,0,20188,G
2-PB1,261,6,19800,0,35,19841,T
2-PB1,262,6,4,20900,2,20912,G
2-PB1,263,3,20844,1,35,20883,T
2-PB1,264,74,13,1,20864,20952,C
2-PB1,265,35,1,0,20845,20881,C
2-PB1,266,3,20658,1,12,20674,T
2-PB1,267,1,19,20632,1,20653,G
2-PB1,268,4,17,20621,0,20642,G
2-PB1,269,20188,4,30,0,20222,A
2-PB1,270,1,13,20647,0,20661,G
2-PB1,271,1,3,19922,0,19926,G
2-PB1,272,9,5,0,19981,19995,C
2-PB1,273,2,19825,1,26,19854,T
2-PB1,274,19881,5,10,0,19896,A
2-PB1,275,2,19886,0,18,19906,T
2-PB1,276,6,40,19844,0,19890,G
2-PB1,277,7,5,19889,1,19902,G
2-PB1,278,1,10,3,19844,19858,C
2-PB1,279,33,2,1,19485,19521,C
2-PB1,280,1,19225,0,30,19256,T
2-PB1,281,3,20551,0,7,20561,T
2-PB1,282,33,4,1,20570,20608,C
2-PB1,283,36,2,0,20604,20642,C
2-PB1,284,0,20613,1,24,20638,T
2-PB1,285,0,20577,0,8,20585,T
2-PB1,286,3,39,20643,1,20686,G
2-PB1,287,20676,2,7,0,20685,A
2-PB1,288,20685,2,23,2,20712,A
2-PB1,289,1,54,20698,2,20755,G
2-PB1,290,19725,1,11,0,19737,A
2-PB1,291,20012,2,20,0,20034,A
2-PB1,292,2,19959,2,13,19976,T
2-PB1,293,58,6,0,19924,19988,C
2-PB1,294,38,31,0,19905,19974,C
2-PB1,295,58,8,2,19860,19928,C
2-PB1,296,20017,2,20,0,20039,A
2-PB1,297,3,3,1,20205,20212,C
2-PB1,298,32,5,0,20100,20137,C
2-PB1,299,69,5,0,20095,20169,C
2-PB1,300,19823,5,27,4,19859,A
2-PB1,301,2,30,20032,0,20064,G
2-PB1,302,6,6,20166,1,20179,G
2-PB1,303,4,20067,0,13,20084,T
2-PB1,304,20248,2,10,2,20262,A
2-PB1,305,1,20137,0,9,20147,T
2-PB1,306,18,2,1,20123,20144,C
2-PB1,307,1,20188,0,16,20205,T
2-PB1,308,2,20168,1,2,20173,T
2-PB1,309,0,20114,0,7,20121,T
2-PB1,310,2,55,19953,0,20010,G
2-PB1,311,19756,6,21,1,19784,A
2-PB1,312,5,93,19735,1,19834,G
2-PB1,313,19589,0,22,1,19612,A
2-PB1,314,19696,2,9,3,19710,A
2-PB1,315,0,1,1,19884,19886,C
2-PB1,316,3,19542,1,60,19606,T
2-PB1,317,67,6,1,19574,19648,C
2-PB1,318,19586,2,40,0,19628,A
2-PB1,319,4,19616,0,15,19635,T
2-PB1,320,8,7,19680,2,19697,G
2-PB1,321,6,6,0,20140,20152,C
2-PB1,322,47,3,0,20085,20135,C
2-PB1,323,0,19989,1,13,20003,T
2-PB1,324,1,19770,3,16,19790,T
2-PB1,325,5,57,19838,0,19900,G
2-PB1,326,19986,2,44,1,20033,A
2-PB1,327,20017,1,20,1,20039,A
2-PB1,328,19981,1,29,2,20013,A
2-PB1,329,7,1,0,20224,20232,C
2-PB1,330,19628,0,4,1,19633,A
2-PB1,331,19765,1,4,1,19771,A
2-PB1,332,0,19760,0,12,19772,T
2-PB1,333,5,28,19721,0,19754,G
2-PB1,334,0,19,19707,0,19726,G
2-PB1,335,19446,0,29,0,19475,A
2-PB1,336,19433,2,24,2,19461,A
2-PB1,337,4,5,19467,0,19476,G
2-PB1,338,1,0,0,19514,19515,C
2-PB1,339,48,10,0,19212,19270,C
2-PB1,340,14,3,19523,0,19540,G
2-PB1,341,1,19434,1,25,19461,T
2-PB1,342,1,19472,2,20,19495,T
2-PB1,343,103,6,3,19569,19681,C
2-PB1,344,19666,0,19,2,19687,A
2-PB1,345,19940,2,21,2,19965,A
2-PB1,346,3,5,0,19963,19971,C
2-PB1,347,19923,0,21,2,19946,A
2-PB1,348,3,57,20100,0,20160,G
2-PB1,349,19753,1,29,1,19784,A
2-PB1,350,2,4,0,19805,19811,C
2-PB1,351,19738,1,19,1,19759,A
2-PB1,352,19959,1,22,0,19982,A
2-PB1,353,3,67,20110,1,20181,G
2-PB1,354,0,38,19926,0,19964,G
2-PB1,355,4,5,20017,0,20026,G
2-PB1,356,1,19413,0,14,19428,T
2-PB1,357,1,51,19426,1,19479,G
2-PB1,358,2,63,19440,1,19506,G
2-PB1,359,19428,19,61,2,19510,A
2-PB1,360,6,14,1,19487,19508,C
2-PB1,361,19006,0,7,2,19015,A
2-PB1,362,19347,3,8,0,19358,A
2-PB1,363,19314,2,12,0,19328,A
2-PB1,364,1,4,0,19332,19337,C
2-PB1,365,1,19219,0,8,19228,T
2-PB1,366,19255,0,5,1,19261,A
2-PB1,367,19378,2,31,1,19412,A
2-PB1,368,3,3,1,19471,19478,C
2-PB1,369,26,8,0,19398,19432,C
2-PB1,370,64,3,0,19353,19420,C
2-PB1,371,18800,1,11,0,18812,A
2-PB1,372,18769,1,32,4,18806,A
2-PB1,373,3,54,18763,1,18821,G
2-PB1,374,3,4,18886,0,18893,G
2-PB1,375,0,18814,0,29,18843,T
2-PB1,376,121,8,0,18608,18737,C
2-PB1,377,20,10,18687,2,18719,G
2-PB1,378,5,10,0,18676,18691,C
2-PB1,379,26,4,0,18715,18745,C
2-PB1,380,18739,4,10,0,18753,A
2-PB1,381,2,54,19097,1,19154,G
2-PB1,382,19424,1,28,1,19454,A
2-PB1,383,2,1,0,19565,19568,C
2-PB1,384,1,19320,2,24,19347,T
2-PB1,385,0,19240,2,12,19254,T
2-PB1,386,19276,2,3,1,19282,A
2-PB1,387,2,19392,0,11,19405,T
2-PB1,388,6,55,19380,0,19441,G
2-PB1,389,19392,2,12,1,19407,A
2-PB1,390,1,18940,0,8,18949,T
2-PB1,391,1,18173,1,19,18194,T
2-PB1,392,5,58,18049,2,18114,G
2-PB1,393,3,52,18100,2,18157,G
2-PB1,394,18404,3,36,0,18443,A
2-PB1,395,2,4,0,18422,18428,C
2-PB1,396,18144,1,6,0,18151,A
2-PB1,397,0,18028,1,15,18044,T
2-PB1,398,4,18159,1,3,18167,T
2-PB1,399,18326,6,7,1,18340,A
2-PB1,400,18320,0,9,1,18330,A
2-PB1,401,18355,2,15,0,18372,A
2-PB1,402,4,3,1,18369,18377,C
2-PB1,403,17874,1,11,0,17886,A
2-PB1,404,0,17,18044,0,18061,G
2-PB1,405,17923,2,14,1,17940,A
2-PB1,406,17951,2,14,0,17967,A
2-PB1,407,17982,0,8,2,17992,A
2-PB1,408,2,17697,2,6,17707,T
2-PB1,409,63,2,1,17727,17793,C
2-PB1,410,17751,1,6,0,17758,A
2-PB1,411,17762,4,13,2,17781,A
2-PB1,412,2,6,1,17753,17762,C
2-PB1,413,29,14,2,17579,17624,C
2-PB1,414,21,31,17588,0,17640,G
2-PB1,415,8,4,17584,0,17596,G
2-PB1,416,6,18,0,17623,17647,C
2-PB1,417,17610,0,21,1,17632,A
2-PB1,418,7,5,17643,0,17655,G
2-PB1,419,4,5,0,17786,17795,C
2-PB1,420,17780,4,12,0,17796,A
2-PB1,421,17798,0,22,0,17820,A
2-PB1,422,1,2,0,17877,17880,C
2-PB1,423,1,17749,0,21,17771,T
2-PB1,424,3,3,18698,1,18705,G
2-PB1,425,3,1,0,18676,18680,C
2-PB1,426,18694,6,13,0,18713,A
2-PB1,427,0,18658,2,7,18667,T
2-PB1,428,0,18359,0,11,18370,T
2-PB1,429,19601,0,22,4,19627,A
2-PB1,430,4,4,19680,0,19688,G
2-PB1,431,5,9,1,19540,19555,C
2-PB1,432,43,6,0,19526,19575,C
2-PB1,433,18610,0,13,2,18625,A
2-PB1,434,18740,1,10,1,18752,A
2-PB1,435,3,5,0,18834,18842,C
2-PB1,436,18847,2,26,2,18877,A
2-PB1,437,7,5,0,19669,19681,C
2-PB1,438,55,4,0,18149,18208,C
2-PB1,439,18139,0,12,3,18154,A
2-PB1,440,4,18098,2,9,18113,T
2-PB1,441,18144,1,8,1,18154,A
2-PB1,442,4,28,18176,0,18208,G
2-PB1,443,18011,2,3,3,18019,A
2-PB1,444,17776,4,19,1,17800,A
2-PB1,445,4,1,17993,0,17998,G
2-PB1,446,2,17211,5,8,17226,T
2-PB1,447,1,17198,1,14,17214,T
2-PB1,448,1,17216,5,7,17229,T
2-PB1,449,1,17241,2,6,17250,T
2-PB1,450,0,17250,0,8,17258,T
2-PB1,451,17224,0,6,0,17230,A
2-PB1,452,2,37,17216,1,17256,G
2-PB1,453,17137,1,20,2,17160,A
2-PB1,454,0,17072,0,6,17078,T
2-PB1,455,43,5,1,16761,16810,C
2-PB1,456,62,83,16712,0,16857,G
2-PB1,457,16829,5,7,1,16842,A
2-PB1,458,16862,1,8,0,16871,A
2-PB1,459,3,13,0,16959,16975,C
2-PB1,460,5,34,16932,1,16972,G
2-PB1,461,4,25,17886,0,17915,G
2-PB1,462,17858,1,8,0,17867,A
2-PB1,463,3,17828,3,8,17842,T
2-PB1,464,3,17817,0,9,17829,T
2-PB1,465,17808,2,25,1,17836,A
2-PB1,466,17823,1,29,2,17855,A
2-PB1,467,2,4,0,17960,17966,C
2-PB1,468,17811,3,40,3,17857,A
2-PB1,469,5,6,18063,0,18074,G
2-PB1,470,1,2,0,17170,17173,C
2-PB1,471,0,17081,0,20,17101,T
2-PB1,472,17144,0,2,0,17146,A
2-PB1,473,17133,1,7,2,17143,A
2-PB1,474,1,17147,1,6,17155,T
2-PB1,475,2,59,17327,1,17389,G
2-PB1,476,17248,3,12,0,17263,A
2-PB1,477,17295,1,16,0,17312,A
2-PB1,478,3,16938,1,9,16951,T
2-PB1,479,70,2,1,16966,17039,C
2-PB1,480,17011,3,17,2,17033,A
2-PB1,481,2,30,17001,0,17033,G
2-PB1,482,4,16,17004,1,17025,G
2-PB1,483,16970,2,15,0,16987,A
2-PB1,484,16657,2,16,0,16675,A
2-PB1,485,7,19,17640,0,17666,G
2-PB1,486,3,4,17696,0,17703,G
2-PB1,487,7,3,1,17696,17707,C
2-PB1,488,3,17639,0,16,17658,T
2-PB1,489,17680,1,11,0,17692,A
2-PB1,490,17672,3,25,1,17701,A
2-PB1,491,0,17704,2,4,17710,T
2-PB1,492,17693,4,6,1,17704,A
2-PB1,493,1,38,17774,0,17813,G
2-PB1,494,16402,2,6,1,16411,A
2-PB1,495,0,16255,2,15,16272,T
2-PB1,496,5,16230,1,13,16249,T
2-PB1,497,0,16246,2,12,16260,T
2-PB1,498,30,0,0,16851,16881,C
2-PB1,499,28,2,0,16869,16899,C
2-PB1,500,3,16803,1,18,16825,T
2-PB1,501,37,6,1,16835,16879,C
2-PB1,502,16868,1,18,2,16889,A
2-PB1,503,16914,2,13,0,16929,A
2-PB1,504,1,32,17056,0,17089,G
2-PB1,505,1,27,17300,0,17328,G
2-PB1,506,17295,1,5,1,17302,A
2-PB1,507,1,16569,0,11,16581,T
2-PB1,508,1,2,16761,0,16764,G
2-PB1,509,1,16701,0,23,16725,T
2-PB1,510,4,34,16871,0,16909,G
2-PB1,511,16848,3,31,20,16902,A
2-PB1,512,2,16801,2,16,16821,T
2-PB1,513,11,30,16714,1,16756,G
2-PB1,514,0,44,16617,0,16661,G
2-PB1,515,16636,1,23,0,16660,A
2-PB1,516,16696,2,10,0,16708,A
2-PB1,517,2,16418,0,10,16430,T
2-PB1,518,68,1,1,16398,16468,C
2-PB1,519,16257,2,1,0,16260,A
2-PB1,520,16291,1,9,0,16301,A
2-PB1,521,4,16270,1,14,16289,T
2-PB1,522,5,44,16481,0,16530,G
2-PB1,523,4,22,16645,1,16672,G
2-PB1,524,16594,2,17,0,16613,A
2-PB1,525,2,16580,1,3,16586,T
2-PB1,526,16555,1,10,1,16567,A
2-PB1,527,16529,1,6,2,16538,A
2-PB1,528,16523,2,12,1,16538,A
2-PB1,529,2,33,16771,0,16806,G
2-PB1,530,16633,1,30,1,16665,A
2-PB1,531,5,22,16563,1,16591,G
2-PB1,532,2,33,16512,0,16547,G
2-PB1,533,16429,0,25,0,16454,A
2-PB1,534,16457,1,15,0,16473,A
2-PB1,535,16490,0,24,1,16515,A
2-PB1,536,3,16495,0,2,16500,T
2-PB1,537,3,23,16910,0,16936,G
2-PB1,538,0,36,16876,0,16912,G
2-PB1,539,16623,3,29,1,16656,A
2-PB1,540,1,18,16815,0,16834,G
2-PB1,541,16573,1,15,0,16589,A
2-PB1,542,1,17078,0,12,17091,T
2-PB1,543,17102,0,6,1,17109,A
2-PB1,544,17347,1,41,0,17389,A
2-PB1,545,3,8,1,17433,17445,C
2-PB1,546,17084,2,20,0,17106,A
2-PB1,547,17150,3,19,1,17173,A
2-PB1,548,0,2,0,17139,17141,C
2-PB1,549,16966,2,16,0,16984,A
2-PB1,550,2,1,0,16972,16975,C
2-PB1,551,16501,2,23,3,16529,A
2-PB1,552,2,1,0,16804,16807,C
2-PB1,553,2,16497,2,26,16527,T
2-PB1,554,2,16452,3,6,16463,T
2-PB1,555,1,16427,0,20,16448,T
2-PB1,556,50,3,1,16367,16421,C
2-PB1,557,16463,2,7,1,16473,A
2-PB1,558,16498,0,7,1,16506,A
2-PB1,559,16508,2,8,1,16519,A
2-PB1,560,2,31,16790,0,16823,G
2-PB1,561,16559,3,5,0,16567,A
2-PB1,562,16582,1,4,2,16589,A
2-PB1,563,16581,0,10,2,16593,A
2-PB1,564,16628,0,16,3,16647,A
2-PB1,565,16612,2,30,0,16644,A
2-PB1,566,3,23,16767,1,16794,G
2-PB1,567,4,56,16744,0,16804,G
2-PB1,568,16465,4,33,3,16505,A
2-PB1,569,2,48,16967,0,17017,G
2-PB1,570,16906,1,37,2,16946,A
2-PB1,571,1,3,17798,0,17802,G
2-PB1,572,1,17710,1,9,17721,T
2-PB1,573,17729,0,9,0,17738,A
2-PB1,574,17737,2,23,2,17764,A
2-PB1,575,0,54,17742,0,17796,G
2-PB1,576,5,41,17910,2,17958,G
2-PB1,577,5,51,17905,2,17963,G
2-PB1,578,17563,2,27,0,17592,A
2-PB1,579,3,4,0,17838,17845,C
2-PB1,580,17180,3,26,0,17209,A
2-PB1,581,17308,1,17,0,17326,A
2-PB1,582,3,5,0,17280,17288,C
2-PB1,583,17222,2,12,0,17236,A
2-PB1,584,2,17041,2,10,17055,T
2-PB1,585,5,181,16681,1,16868,G
2-PB1,586,16843,3,64,1,16911,A
2-PB1,587,4,4,2,16858,16868,C
2-PB1,588,45,4,1,16585,16635,C
2-PB1,589,16654,0,7,0,16661,A
2-PB1,590,16713,3,13,1,16730,A
2-PB1,591,3,24,16833,0,16860,G
2-PB1,592,16866,1,2,2,16871,A
2-PB1,593,16847,2,2,0,16851,A
2-PB1,594,16769,1,5,0,16775,A
2-PB1,595,16732,2,10,1,16745,A
2-PB1,596,1,16727,1,3,16732,T
2-PB1,597,6,49,16696,0,16751,G
2-PB1,598,0,5,16822,0,16827,G
2-PB1,599,5,16649,4,24,16682,T
2-PB1,600,143,2,0,16432,16577,C
2-PB1,601,16637,1,11,0,16649,A
2-PB1,602,1,7,0,17284,17292,C
2-PB1,603,17402,1,13,0,17416,A
2-PB1,604,3,0,0,17402,17405,C
2-PB1,605,17318,0,7,0,17325,A
2-PB1,606,17619,3,14,1,17637,A
2-PB1,607,17493,3,23,0,17519,A
2-PB1,608,3,70,18383,1,18457,G
2-PB1,609,18395,1,21,2,18419,A
2-PB1,610,18480,3,25,1,18509,A
2-PB1,611,2,3,0,18757,18762,C
2-PB1,612,18238,1,9,0,18248,A
2-PB1,613,18340,3,13,0,18356,A
2-PB1,614,1,18246,2,3,18252,T
2-PB1,615,18018,0,21,0,18039,A
2-PB1,616,4,65,18026,0,18095,G
2-PB1,617,3,32,17228,1,17264,G
2-PB1,618,7,21,17229,0,17257,G
2-PB1,619,17214,2,8,3,17227,A
2-PB1,620,16857,3,28,2,16890,A
2-PB1,621,2,31,16969,1,17003,G
2-PB1,622,16922,1,9,1,16933,A
2-PB1,623,16928,0,12,1,16941,A
2-PB1,624,16971,2,3,2,16978,A
2-PB1,625,17036,1,12,2,17051,A
2-PB1,626,17246,3,16,2,17267,A
2-PB1,627,17266,1,21,7,17295,A
2-PB1,628,1,4,1,17307,17313,C
2-PB1,629,17272,1,2,0,17275,A
2-PB1,630,17262,1,5,0,17268,A
2-PB1,631,17172,10,18,1,17201,A
2-PB1,632,0,50,17442,1,17493,G
2-PB1,633,17439,3,17,0,17459,A
2-PB1,634,13,2,18064,1,18080,G
2-PB1,635,3,17761,2,12,17778,T
2-PB1,636,1,65,19667,1,19734,G
2-PB1,637,19736,5,36,1,19778,A
2-PB1,638,19792,2,23,1,19818,A
2-PB1,639,3,20008,1,2,20014,T
2-PB1,640,20018,1,27,2,20048,A
2-PB1,641,19822,5,27,2,19856,A
2-PB1,642,2,66,19817,0,19885,G
2-PB1,643,19233,0,31,2,19266,A
2-PB1,644,3,29,19376,0,19408,G
2-PB1,645,17873,2,55,1,17931,A
2-PB1,646,5,32,18022,0,18059,G
2-PB1,647,5,2,18031,0,18038,G
2-PB1,648,3,3,0,17987,17993,C
2-PB1,649,1,17921,2,12,17936,T
2-PB1,650,18328,0,11,0,18339,A
2-PB1,651,7,3,0,19087,19097,C
2-PB1,652,44,4,2,19062,19112,C
2-PB1,653,2,19162,2,15,19181,T
2-PB1,654,19717,0,2,2,19721,A
2-PB1,655,19665,0,7,0,19672,A
2-PB1,656,3,19644,2,3,19652,T
2-PB1,657,19597,0,17,1,19615,A
2-PB1,658,19538,2,17,1,19558,A
2-PB1,659,0,55,19495,0,19550,G
2-PB1,660,18603,1,25,0,18629,A
2-PB1,661,1,7,18836,1,18845,G
2-PB1,662,5,1,0,18855,18861,C
2-PB1,663,0,18452,2,29,18483,T
2-PB1,664,2,18536,1,6,18545,T
2-PB1,665,4,18520,1,11,18536,T
2-PB1,666,3,97,18452,1,18553,G
2-PB1,667,18810,1,29,0,18840,A
2-PB1,668,6,2,0,18870,18878,C
2-PB1,669,18689,1,11,2,18703,A
2-PB1,670,0,18603,1,26,18630,T
2-PB1,671,2,18423,1,15,18441,T
2-PB1,672,5,110,18663,0,18778,G
2-PB1,673,18748,2,22,0,18772,A
2-PB1,674,18759,1,30,0,18790,A
2-PB1,675,2,21,0,18826,18849,C
2-PB1,676,18616,0,16,0,18632,A
2-PB1,677,2,8,2,18669,18681,C
2-PB1,678,7,37,18596,0,18640,G
2-PB1,679,18655,3,29,3,18690,A
2-PB1,680,4,18605,2,21,18632,T
2-PB1,681,3,162,18746,1,18912,G
2-PB1,682,18928,5,26,1,18960,A
2-PB1,683,1,3,1,19022,19027,C
2-PB1,684,60,6,2,18915,18983,C
2-PB1,685,18983,1,10,4,18998,A
2-PB1,686,19202,1,11,1,19215,A
2-PB1,687,19175,0,22,0,19197,A
2-PB1,688,1,24,19713,2,19740,G
2-PB1,689,19906,0,21,0,19927,A
2-PB1,690,2,19429,2,23,19456,T
2-PB1,691,6,4,19481,0,19491,G
2-PB1,692,8,6,0,19396,19410,C
2-PB1,693,19354,6,39,0,19399,A
2-PB1,694,1,48,19505,0,19554,G
2-PB1,695,19222,4,15,3,19244,A
2-PB1,696,5,57,19237,0,19299,G
2-PB1,697,18536,2,24,1,18563,A
2-PB1,698,0,26,18440,0,18466,G
2-PB1,699,18211,7,38,2,18258,A
2-PB1,700,3,32,18243,2,18280,G
2-PB1,701,24,6,18213,2,18245,G
2-PB1,702,9,6,1,18200,18216,C
2-PB1,703,18045,3,8,0,18056,A
2-PB1,704,18097,0,7,1,18105,A
2-PB1,705,18196,1,11,0,18208,A
2-PB1,706,0,18239,1,3,18243,T
2-PB1,707,1,18195,1,4,18201,T
2-PB1,708,18244,3,3,0,18250,A
2-PB1,709,18197,0,7,1,18205,A
2-PB1,710,18207,5,16,0,18228,A
2-PB1,711,18304,1,6,1,18312,A
2-PB1,712,18312,2,7,1,18322,A
2-PB1,713,1,16,18368,0,18385,G
2-PB1,714,18179,3,8,1,18191,A
2-PB1,715,18072,2,26,1,18101,A
2-PB1,716,2,56,18329,0,18387,G
2-PB1,717,3,36,18644,1,18684,G
2-PB1,718,7,6,18716,0,18729,G
2-PB1,719,7,1,0,18767,18775,C
2-PB1,720,1,18708,2,9,18720,T
2-PB1,721,18815,1,7,0,18823,A
2-PB1,722,1,19097,2,20,19120,T
2-PB1,723,2,19097,0,25,19124,T
2-PB1,724,5,9,19180,0,19194,G
2-PB1,725,5,8,0,18928,18941,C
2-PB1,726,18284,2,22,0,18308,A
2-PB1,727,18328,0,20,0,18348,A
2-PB1,728,1,4,0,18302,18307,C
2-PB1,729,18250,1,9,0,18260,A
2-PB1,730,5,0,1,18309,18315,C
2-PB1,731,29,5,0,17823,17857,C
2-PB1,732,48,13,0,17786,17847,C
2-PB1,733,6,54,17688,1,17749,G
2-PB1,734,5,29,17756,2,17792,G
2-PB1,735,1,25,17796,1,17823,G
2-PB1,736,17803,3,18,0,17824,A
2-PB1,737,0,17659,0,12,17671,T
2-PB1,738,8,4,17676,0,17688,G
2-PB1,739,3,5,2,17612,17622,C
2-PB1,740,17882,3,14,0,17899,A
2-PB1,741,18137,3,7,0,18147,A
2-PB1,742,18346,1,2,0,18349,A
2-PB1,743,1,18316,0,0,18317,T
2-PB1,744,0,18300,1,3,18304,T
2-PB1,745,18141,1,16,0,18158,A
2-PB1,746,2,31,18135,1,18169,G
2-PB1,747,17968,1,38,0,18007,A
2-PB1,748,5,50,18088,0,18143,G
2-PB1,749,2,43,17712,0,17757,G
2-PB1,750,28,7,18206,1,18242,G
2-PB1,751,2,18037,1,23,18063,T
2-PB1,752,3,18033,0,23,18059,T
2-PB1,753,126,6,0,17966,18098,C
2-PB1,754,14,2,18302,1,18319,G
2-PB1,755,3,18277,2,22,18304,T
2-PB1,756,6,2,18297,1,18306,G
2-PB1,757,1,18218,2,13,18234,T
2-PB1,758,18045,0,4,0,18049,A
2-PB1,759,11,1,0,18006,18018,C
2-PB1,760,1,16760,0,45,16806,T
2-PB1,761,3,16872,0,6,16881,T
2-PB1,762,33,4,0,16747,16784,C
2-PB1,763,10,2,16583,0,16595,G
2-PB1,764,1,16567,0,16,16584,T
2-PB1,765,1,16502,0,26,16529,T
2-PB1,766,3,48,16478,0,16529,G
2-PB1,767,16514,0,4,1,16519,A
2-PB1,768,16478,0,25,1,16504,A
2-PB1,769,16613,0,29,0,16642,A
2-PB1,770,0,1,0,16701,16702,C
2-PB1,771,1,16512,2,17,16532,T
2-PB1,772,2,16413,1,4,16420,T
2-PB1,773,1,16441,1,2,16445,T
2-PB1,774,16749,2,21,1,16773,A
2-PB1,775,10,0,16834,0,16844,G
2-PB1,776,8,2,0,16874,16884,C
2-PB1,777,3,16839,2,18,16862,T
2-PB1,778,16630,1,23,0,16654,A
2-PB1,779,2,24,16576,1,16603,G
2-PB1,780,16581,0,5,0,16586,A
2-PB1,781,16558,1,29,0,16588,A
2-PB1,782,6,2,16629,1,16638,G
2-PB1,783,4,5,0,16186,16195,C
2-PB1,784,16181,0,3,0,16184,A
2-PB1,785,1,16104,0,2,16107,T
2-PB1,786,2,16110,0,7,16119,T
2-PB1,787,2,16093,0,5,16100,T
2-PB1,788,2,5,16131,0,16138,G
2-PB1,789,7,14,0,16062,16083,C
2-PB1,790,2,48,16059,0,16109,G
2-PB1,791,16082,1,10,1,16094,A
2-PB1,792,16025,0,3,0,16028,A
2-PB1,793,16040,0,7,0,16047,A
2-PB1,794,16476,1,13,0,16490,A
2-PB1,795,2,0,16691,0,16693,G
2-PB1,796,5,1,0,16689,16695,C
2-PB1,797,0,16678,0,28,16706,T
2-PB1,798,0,16694,0,6,16700,T
2-PB1,799,1,77,16634,1,16713,G
2-PB1,800,16688,3,33,0,16724,A
2-PB1,801,16697,4,18,0,16719,A
2-PB1,802,5,16,0,16761,16782,C
2-PB1,803,15936,0,11,2,15949,A
2-PB1,804,1,1,17337,0,17339,G
2-PB1,805,2,17122,0,17,17141,T
2-PB1,806,86,3,0,17099,17188,C
2-PB1,807,2,17160,3,32,17197,T
2-PB1,808,6,32,17168,0,17206,G
2-PB1,809,1,57,17192,0,17250,G
2-PB1,810,17226,1,10,0,17237,A
2-PB1,811,5,0,0,17292,17297,C
2-PB1,812,1,16435,4,41,16481,T
2-PB1,813,0,15135,1,18,15154,T
2-PB1,814,13,1,2,15096,15112,C
2-PB1,815,13,16,2,15073,15104,C
2-PB1,816,20,22,15141,0,15183,G
2-PB1,817,3,1,15222,0,15226,G
2-PB1,818,2,15083,0,10,15095,T
2-PB1,819,1,15064,2,11,15078,T
2-PB1,820,8,39,14932,0,14979,G
2-PB1,821,4,45,15071,0,15120,G
2-PB1,822,4,45,15191,0,15240,G
2-PB1,823,6,26,15215,2,15249,G
2-PB1,824,2,2,15279,0,15283,G
2-PB1,825,0,15017,59,8,15084,T
2-PB1,826,15037,0,1,0,15038,A
2-PB1,827,15156,4,10,0,15170,A
2-PB1,828,1,15157,0,3,15161,T
2-PB1,829,2,51,15162,1,15216,G
2-PB1,830,14987,1,4,0,14992,A
2-PB1,831,14793,1,14,0,14808,A
2-PB1,832,14786,1,9,1,14797,A
2-PB1,833,14734,1,13,0,14748,A
2-PB1,834,2,13,14724,0,14739,G
2-PB1,835,14581,3,11,0,14595,A
2-PB1,836,14410,0,19,0,14429,A
2-PB1,837,2,29,14457,0,14488,G
2-PB1,838,1,1,14448,1,14451,G
2-PB1,839,7,6,0,14423,14436,C
2-PB1,840,42,4,0,14357,14403,C
2-PB1,841,14417,0,5,1,14423,A
2-PB1,842,14426,1,6,0,14433,A
2-PB1,843,14419,2,10,3,14434,A
2-PB1,844,1,0,0,14450,14451,C
2-PB1,845,2,14379,0,20,14401,T
2-PB1,846,3,34,14549,0,14586,G
2-PB1,847,10,6,14533,1,14550,G
2-PB1,848,4,2,0,14565,14571,C
2-PB1,849,14606,1,7,0,14614,A
2-PB1,850,14563,2,6,2,14573,A
2-PB1,851,14583,1,3,0,14587,A
2-PB1,852,3,14585,0,11,14599,T
2-PB1,853,1,5,14605,0,14611,G
2-PB1,854,8,14516,0,17,14541,T
2-PB1,855,0,14063,1,12,14076,T
2-PB1,856,2,2,14104,1,14109,G
2-PB1,857,6,14016,2,17,14041,T
2-PB1,858,2,49,14031,0,14082,G
2-PB1,859,14039,2,21,1,14063,A
2-PB1,860,2,26,14109,0,14137,G
2-PB1,861,14083,1,12,1,14097,A
2-PB1,862,13985,1,1,0,13987,A
2-PB1,863,13985,0,5,0,13990,A
2-PB1,864,14012,1,8,1,14022,A
2-PB1,865,14083,1,10,1,14095,A
2-PB1,866,1,14044,0,6,14051,T
2-PB1,867,2,23,14035,0,14060,G
2-PB1,868,14008,2,17,1,14028,A
2-PB1,869,1,13791,1,11,13804,T
2-PB1,870,2,70,13846,0,13918,G
2-PB1,871,13889,1,19,3,13912,A
2-PB1,872,2,11,1,14081,14095,C
2-PB1,873,1,14018,0,8,14027,T
2-PB1,874,13923,0,2,0,13925,A
2-PB1,875,14079,1,3,0,14083,A
2-PB1,876,2,14036,2,1,14041,T
2-PB1,877,3,14175,0,11,14189,T
2-PB1,878,56,5,0,14234,14295,C
2-PB1,879,14150,1,12,0,14163,A
2-PB1,880,2,2,1,14193,14198,C
2-PB1,881,13932,0,11,0,13943,A
2-PB1,882,13923,2,43,0,13968,A
2-PB1,883,1,40,13944,0,13985,G
2-PB1,884,14088,3,26,0,14117,A
2-PB1,885,2,3,0,14076,14081,C
2-PB1,886,13912,0,12,1,13925,A
2-PB1,887,1,3,2,13906,13912,C
2-PB1,888,13714,1,14,0,13729,A
2-PB1,889,0,38,13757,0,13795,G
2-PB1,890,13648,1,49,0,13698,A
2-PB1,891,1,2,13751,0,13754,G
2-PB1,892,4,4,0,13641,13649,C
2-PB1,893,0,13142,1,25,13168,T
2-PB1,894,1,13275,1,8,13285,T
2-PB1,895,2,13244,0,19,13265,T
2-PB1,896,31,1,0,13266,13298,C
2-PB1,897,2,13238,0,25,13265,T
2-PB1,898,0,13083,1,37,13121,T
2-PB1,899,1,13086,1,28,13116,T
2-PB1,900,35,13,0,13007,13055,C
2-PB1,901,13004,0,15,0,13019,A
2-PB1,902,3,4,1,13085,13093,C
2-PB1,903,12835,1,7,2,12845,A
2-PB1,904,12907,0,3,0,12910,A
2-PB1,905,3,12985,1,9,12998,T
2-PB1,906,44,1,0,13120,13165,C
2-PB1,907,13224,0,1,1,13226,A
2-PB1,908,2,0,0,13330,13332,C
2-PB1,909,1,13172,0,11,13184,T
2-PB1,910,9,17,13247,1,13274,G
2-PB1,911,8,33,13143,1,13185,G
2-PB1,912,0,22,13496,2,13520,G
2-PB1,913,7,40,13443,0,13490,G
2-PB1,914,13148,2,18,0,13168,A
2-PB1,915,9,5,1,12473,12488,C
2-PB1,916,12597,2,10,0,12609,A
2-PB1,917,13352,5,16,1,13374,A
2-PB1,918,1,1,0,13468,13470,C
2-PB1,919,13338,2,12,0,13352,A
2-PB1,920,0,2,0,13384,13386,C
2-PB1,921,1,12567,0,9,12577,T
2-PB1,922,12642,0,1,1,12644,A
2-PB1,923,12597,0,10,1,12608,A
2-PB1,924,2,3,12708,0,12713,G
2-PB1,925,2,12581,0,13,12596,T
2-PB1,926,6,20,11234,0,11260,G
2-PB1,927,3,22,11102,0,11127,G
2-PB1,928,11072,0,3,0,11075,A
2-PB1,929,11074,1,11,2,11088,A
2-PB1,930,1,11057,0,4,11062,T
2-PB1,931,34,29,10958,1,11022,G
2-PB1,932,10989,1,8,0,10998,A
2-PB1,933,10735,1,9,0,10745,A
2-PB1,934,10843,1,11,2,10857,A
2-PB1,935,10897,1,1,0,10899,A
2-PB1,936,0,10825,0,5,10830,T
2-PB1,937,61,2,0,10762,10825,C
2-PB1,938,10815,0,6,0,10821,A
2-PB1,939,10815,1,8,0,10824,A
2-PB1,940,10790,1,10,1,10802,A
2-PB1,941,10781,2,13,2,10798,A
2-PB1,942,1,1,0,10829,10831,C
2-PB1,943,20,5,0,10675,10700,C
2-PB1,944,42,1,3,10594,10640,C
2-PB1,945,1,10573,0,19,10593,T
2-PB1,946,29,5,0,10581,10615,C
2-PB1,947,10,22,10608,0,10640,G
2-PB1,948,10630,4,7,0,10641,A
2-PB1,949,10634,1,4,0,10639,A
2-PB1,950,2,10610,0,6,10618,T
2-PB1,951,3,0,10586,0,10589,G
2-PB1,952,0,10430,6,28,10464,T
2-PB1,953,0,10417,0,8,10425,T
2-PB1,954,0,10408,1,11,10420,T
2-PB1,955,1,10401,0,2,10404,T
2-PB1,956,0,10394,0,2,10396,T
2-PB1,957,0,17,10371,0,10388,G
2-PB1,958,1,3,10379,0,10383,G
2-PB1,959,9,1,0,10324,10334,C
2-PB1,960,2,9,10164,0,10175,G
2-PB1,961,10142,0,4,1,10147,A
2-PB1,962,1,10305,0,5,10311,T
2-PB1,963,3,21,10474,0,10498,G
2-PB1,964,10803,1,9,1,10814,A
2-PB1,965,1,10819,1,12,10833,T
2-PB1,966,1,10816,0,6,10823,T
2-PB1,967,10856,1,10,0,10867,A
2-PB1,968,6,0,0,10850,10856,C
2-PB1,969,10859,1,8,1,10869,A
2-PB1,970,1,10830,0,3,10834,T
2-PB1,971,9824,0,6,0,9830,A
2-PB1,972,3,3,2,9711,9719,C
2-PB1,973,8023,2,19,1,8045,A
2-PB1,974,0,7967,1,3,7971,T
2-PB1,975,17,0,0,7932,7949,C
2-PB1,976,7811,1,8,0,7820,A
2-PB1,977,2,2,0,7791,7795,C
2-PB1,978,7698,0,2,0,7700,A
2-PB1,979,7687,2,6,1,7696,A
2-PB1,980,7662,0,5,2,7669,A
2-PB1,981,0,14,7165,0,7179,G
2-PB1,982,7311,1,2,0,7314,A
2-PB1,983,7301,1,6,0,7308,A
2-PB1,984,0,7286,0,9,7295,T
2-PB1,985,54,2,0,7209,7265,C
2-PB1,986,7151,0,11,2,7164,A
2-PB1,987,7174,1,2,0,7177,A
2-PB1,988,2,0,0,7173,7175,C
2-PB1,989,5,1,0,7159,7165,C
2-PB1,990,0,6255,1,9,6265,T
2-PB1,991,2,13,6297,0,6312,G
2-PB1,992,6260,0,2,0,6262,A
2-PB1,993,1,0,6284,0,6285,G
2-PB1,994,1,6185,0,4,6190,T
2-PB1,995,2,10,5880,0,5892,G
2-PB1,996,0,2,5957,1,5960,G
2-PB1,997,0,5822,0,4,5826,T
2-PB1,998,1,5781,0,16,5798,T
2-PB1,999,34,1,0,5775,5810,C
2-PB1,1000,5551,1,7,0,5559,A
2-PB1,1001,0,4,5610,0,5614,G
2-PB1,1002,5578,1,5,0,5584,A
2-PB1,1003,5557,0,3,0,5560,A
2-PB1,1004,5465,0,3,0,5468,A
2-PB1,1005,1,0,0,3967,3968,C
2-PB1,1006,3755,0,1,0,3756,A
2-PB1,1007,0,3723,0,1,3724,T
2-PB1,1008,4,1,0,3738,3743,C
2-PB1,1009,5,2,0,3732,3739,C
2-PB1,1010,0,3118,2,5,3125,T
2-PB1,1011,1,8,3107,0,3116,G
2-PB1,1012,3019,0,2,1,3022,A
2-PB1,1013,0,1,3047,0,3048,G
2-PB1,1014,1,1,0,2850,2852,C
2-PB1,1015,2463,0,2,0,2465,A
2-PB1,1016,0,2459,0,2,2461,T
2-PB1,1017,3,1,0,2439,2443,C
2-PB1,1018,0,1,2451,0,2452,G
2-PB1,1019,1,0,1,2530,2532,C
2-PB1,1020,2543,0,2,1,2546,A
2-PB1,1021,2,1,0,2639,2642,C
2-PB1,1022,6,3,0,2627,2636,C
2-PB1,1023,2643,0,0,0,2643,A
2-PB1,1024,2690,0,1,1,2692,A
2-PB1,1025,0,2688,0,0,2688,T
2-PB1,1026,2682,0,0,0,2682,A
2-PB1,1027,2675,0,2,2,2679,A
2-PB1,1028,0,2579,0,2,2581,T
2-PB1,1029,0,1,2596,0,2597,G
2-PB1,1030,1,2515,0,5,2521,T
2-PB1,1031,0,2488,0,4,2492,T
2-PB1,1032,6,0,0,2501,2507,C
2-PB1,1033,2,2468,0,4,2474,T
2-PB1,1034,10,0,1,2471,2482,C
2-PB1,1035,2490,0,0,0,2490,A
2-PB1,1036,2479,0,5,0,2484,A
2-PB1,1037,2486,0,1,0,2487,A
2-PB1,1038,0,2,0,2492,2494,C
2-PB1,1039,2481,0,1,0,2482,A
2-PB1,1040,2484,0,0,0,2484,A
2-PB1,1041,2471,0,1,0,2472,A
2-PB1,1042,2474,0,4,1,2479,A
2-PB1,1043,0,2472,0,1,2473,T
2-PB1,1044,0,6,2484,0,2490,G
2-PB1,1045,2,1,2472,0,2475,G
2-PB1,1046,0,0,0,2471,2471,C
2-PB1,1047,2467,0,4,0,2471,A
2-PB1,1048,2477,1,2,0,2480,A
2-PB1,1049,1,2,2481,0,2484,G
2-PB1,1050,2470,0,0,0,2470,A
2-PB1,1051,0,2434,0,1,2435,T
2-PB1,1052,0,2491,0,1,2492,T
2-PB1,1053,1,5,2510,0,2516,G
2-PB1,1054,2,6,2499,0,2507,G
2-PB1,1055,0,3,2531,0,2534,G
2-PB1,1056,2521,1,4,0,2526,A
2-PB1,1057,2538,0,2,0,2540,A
2-PB1,1058,2505,0,1,0,2506,A
2-PB1,1059,2485,0,4,0,2489,A
2-PB1,1060,0,4,2589,0,2593,G
2-PB1,1061,0,5,2599,0,2604,G
2-PB1,1062,2595,0,1,0,2596,A
2-PB1,1063,2,2576,0,2,2580,T
2-PB1,1064,2582,0,1,0,2583,A
2-PB1,1065,1,1,0,2583,2585,C
2-PB1,1066,2615,0,3,0,2618,A
2-PB1,1067,0,2601,0,2,2603,T
2-PB1,1068,1,0,2646,0,2647,G
2-PB1,1069,0,2609,0,3,2612,T
2-PB1,1070,0,2595,0,2,2597,T
2-PB1,1071,15,1,0,2589,2605,C
2-PB1,1072,10,6,2595,0,2611,G
2-PB1,1073,2568,0,4,22,2594,A
2-PB1,1074,1,6,2673,0,2680,G
2-PB1,1075,2636,0,6,0,2642,A
2-PB1,1076,1,1,2675,0,2677,G
2-PB1,1077,0,2653,0,2,2655,T
2-PB1,1078,2655,0,1,0,2656,A
2-PB1,1079,2661,0,3,0,2664,A
2-PB1,1080,0,5,2659,0,2664,G
2-PB1,1081,2661,0,2,0,2663,A
2-PB1,1082,0,4,2704,0,2708,G
2-PB1,1083,2625,0,6,0,2631,A
2-PB1,1084,2645,0,2,0,2647,A
2-PB1,1085,0,2612,1,1,2614,T
2-PB1,1086,1,3,2605,0,2609,G
2-PB1,1087,2611,0,4,1,2616,A
2-PB1,1088,2585,0,5,0,2590,A
2-PB1,1089,0,3,2592,0,2595,G
2-PB1,1090,0,1,0,2593,2594,C
2-PB1,1091,0,2554,0,1,2555,T
2-PB1,1092,8,0,0,2576,2584,C
2-PB1,1093,2,0,0,2564,2566,C
2-PB1,1094,3,3,2582,1,2589,G
2-PB1,1095,0,6,2582,0,2588,G
2-PB1,1096,2602,0,2,0,2604,A
2-PB1,1097,0,1,0,2660,2661,C
2-PB1,1098,2653,1,2,0,2656,A
2-PB1,1099,2,0,0,2678,2680,C
2-PB1,1100,2685,0,2,0,2687,A
2-PB1,1101,2685,0,4,0,2689,A
2-PB1,1102,2683,0,1,1,2685,A
2-PB1,1103,0,2683,0,0,2683,T
2-PB1,1104,2678,0,1,0,2679,A
2-PB1,1105,0,0,1,2684,2685,C
2-PB1,1106,2,1,1,2642,2646,C
2-PB1,1107,0,2604,0,2,2606,T
2-PB1,1108,1,0,2631,0,2632,G
2-PB1,1109,0,0,0,2632,2632,C
2-PB1,1110,2638,0,1,0,2639,A
2-PB1,1111,0,5,2633,0,2638,G
2-PB1,1112,2621,0,1,0,2622,A
2-PB1,1113,2629,0,0,0,2629,A
2-PB1,1114,2632,0,0,0,2632,A
2-PB1,1115,0,2628,0,0,2628,T
2-PB1,1116,0,0,2643,0,2643,G
2-PB1,1117,0,3,0,2623,2626,C
2-PB1,1118,0,2630,0,1,2631,T
2-PB1,1119,2655,0,5,0,2660,A
2-PB1,1120,0,0,2645,0,2645,G
2-PB1,1121,1,1,0,2650,2652,C
2-PB1,1122,2653,1,0,0,2654,A
2-PB1,1123,2644,0,5,1,2650,A
2-PB1,1124,0,1,2631,0,2632,G
2-PB1,1125,1,0,0,2619,2620,C
2-PB1,1126,2588,0,0,0,2588,A
2-PB1,1127,0,2674,0,1,2675,T
2-PB1,1128,1,2669,1,2,2673,T
2-PB1,1129,1,8,2766,0,2775,G
2-PB1,1130,2805,0,4,0,2809,A
2-PB1,1131,1,1,0,2788,2790,C
2-PB1,1132,3,2,0,2794,2799,C
2-PB1,1133,0,2719,0,10,2729,T
2-PB1,1134,1,4,2769,0,2774,G
2-PB1,1135,2782,0,2,0,2784,A
2-PB1,1136,2786,0,1,0,2787,A
2-PB1,1137,1,0,2825,0,2826,G
2-PB1,1138,1,2705,0,3,2709,T
2-PB1,1139,2739,0,1,0,2740,A
2-PB1,1140,0,2726,0,1,2727,T
2-PB1,1141,1,2717,0,3,2721,T
2-PB1,1142,0,2712,0,5,2717,T
2-PB1,1143,3,0,0,2681,2684,C
2-PB1,1144,2680,0,3,0,2683,A
2-PB1,1145,2684,0,1,0,2685,A
2-PB1,1146,0,2632,1,4,2637,T
2-PB1,1147,1,7,2647,1,2656,G
2-PB1,1148,2645,0,1,0,2646,A
2-PB1,1149,2652,1,3,1,2657,A
2-PB1,1150,0,2643,0,5,2648,T
2-PB1,1151,3,0,0,2674,2677,C
2-PB1,1152,2671,0,2,0,2673,A
2-PB1,1153,2676,1,1,0,2678,A
2-PB1,1154,0,1,0,2670,2671,C
2-PB1,1155,2669,0,1,1,2671,A
2-PB1,1156,2660,0,3,1,2664,A
2-PB1,1157,0,0,2656,0,2656,G
2-PB1,1158,0,6,2667,0,2673,G
2-PB1,1159,2670,0,1,0,2671,A
2-PB1,1160,2664,1,4,0,2669,A
2-PB1,1161,0,1,2670,0,2671,G
2-PB1,1162,2663,1,5,0,2669,A
2-PB1,1163,2655,1,1,1,2658,A
2-PB1,1164,2660,1,1,0,2662,A
2-PB1,1165,2652,0,4,1,2657,A
2-PB1,1166,0,2652,0,0,2652,T
2-PB1,1167,0,2631,0,2,2633,T
2-PB1,1168,3,7,2629,0,2639,G
2-PB1,1169,2642,0,1,0,2643,A
2-PB1,1170,2625,0,7,0,2632,A
2-PB1,1171,2647,0,1,0,2648,A
2-PB1,1172,2661,0,1,1,2663,A
2-PB1,1173,2700,0,1,0,2701,A
2-PB1,1174,2705,0,1,0,2706,A
2-PB1,1175,1,2699,0,1,2701,T
2-PB1,1176,2700,0,0,0,2700,A
2-PB1,1177,2701,0,6,0,2707,A
2-PB1,1178,0,0,2713,0,2713,G
2-PB1,1179,1,2,2713,0,2716,G
2-PB1,1180,1,0,0,2703,2704,C
2-PB1,1181,5,0,0,2694,2699,C
2-PB1,1182,2,2669,0,1,2672,T
2-PB1,1183,4,0,0,3021,3025,C
2-PB1,1184,0,3072,0,3,3075,T
2-PB1,1185,0,3078,0,1,3079,T
2-PB1,1186,4,0,0,3132,3136,C
2-PB1,1187,0,3110,0,3,3113,T
2-PB1,1188,3133,0,0,0,3133,A
2-PB1,1189,3125,0,4,0,3129,A
2-PB1,1190,0,3129,0,0,3129,T
2-PB1,1191,3154,1,1,0,3156,A
2-PB1,1192,0,5,3099,0,3104,G
2-PB1,1193,2798,0,3,0,2801,A
2-PB1,1194,0,2799,1,0,2800,T
2-PB1,1195,0,7,2756,0,2763,G
2-PB1,1196,1,2,2818,0,2821,G
2-PB1,1197,0,0,0,2806,2806,C
2-PB1,1198,2808,1,0,0,2809,A
2-PB1,1199,0,0,0,2809,2809,C
2-PB1,1200,2768,0,8,0,2776,A
2-PB1,1201,1,1,2867,0,2869,G
2-PB1,1202,0,0,0,2868,2868,C
2-PB1,1203,2875,1,1,0,2877,A
2-PB1,1204,0,2959,0,4,2963,T
2-PB1,1205,8,0,0,2924,2932,C
2-PB1,1206,2968,0,3,0,2971,A
2-PB1,1207,0,2966,0,2,2968,T
2-PB1,1208,0,2950,0,0,2950,T
2-PB1,1209,0,2,2952,0,2954,G
2-PB1,1210,2838,0,6,0,2844,A
2-PB1,1211,0,1,2940,0,2941,G
2-PB1,1212,1,4,0,2937,2942,C
2-PB1,1213,4,0,0,2881,2885,C
2-PB1,1214,3,0,0,2923,2926,C
2-PB1,1215,0,2893,1,4,2898,T
2-PB1,1216,0,3,3108,0,3111,G
2-PB1,1217,0,5,3199,0,3204,G
2-PB1,1218,3176,0,24,0,3200,A
2-PB1,1219,3324,0,4,0,3328,A
2-PB1,1220,0,3235,1,3,3239,T
2-PB1,1221,0,4,3351,0,3355,G
2-PB1,1222,3436,0,3,1,3440,A
2-PB1,1223,1,3470,0,1,3472,T
2-PB1,1224,0,8,3482,0,3490,G
2-PB1,1225,3452,0,12,0,3464,A
2-PB1,1226,0,3430,0,1,3431,T
2-PB1,1227,0,13,3430,0,3443,G
2-PB1,1228,0,8,3539,0,3547,G
2-PB1,1229,2,2,3542,0,3546,G
2-PB1,1230,2,1,0,3521,3524,C
2-PB1,1231,3534,0,5,0,3539,A
2-PB1,1232,0,3538,1,5,3544,T
2-PB1,1233,1,0,3694,0,3695,G
2-PB1,1234,0,3699,0,4,3703,T
2-PB1,1235,0,3726,0,2,3728,T
2-PB1,1236,23,0,0,3705,3728,C
2-PB1,1237,3692,0,2,0,3694,A
2-PB1,1238,3705,0,0,1,3706,A
2-PB1,1239,1,0,0,3705,3706,C
2-PB1,1240,3727,2,4,0,3733,A
2-PB1,1241,0,3745,0,0,3745,T
2-PB1,1242,0,0,3820,0,3820,G
2-PB1,1243,2,1,0,3825,3828,C
2-PB1,1244,0,3837,0,4,3841,T
2-PB1,1245,3917,0,2,0,3919,A
2-PB1,1246,3906,0,2,1,3909,A
2-PB1,1247,1,0,4015,1,4017,G
2-PB1,1248,0,4007,0,7,4014,T
2-PB1,1249,3987,1,4,0,3992,A
2-PB1,1250,0,3,0,4019,4022,C
2-PB1,1251,3,7,4050,0,4060,G
2-PB1,1252,0,0,4406,0,4406,G
2-PB1,1253,0,4400,0,2,4402,T
2-PB1,1254,0,4370,0,3,4373,T
2-PB1,1255,0,4378,0,3,4381,T
2-PB1,1256,0,4362,0,2,4364,T
2-PB1,1257,4345,0,17,0,4362,A
2-PB1,1258,1,6,4347,0,4354,G
2-PB1,1259,0,7,4349,0,4356,G
2-PB1,1260,4240,0,8,0,4248,A
2-PB1,1261,1,0,4244,0,4245,G
2-PB1,1262,0,4222,0,8,4230,T
2-PB1,1263,12,0,0,4220,4232,C
2-PB1,1264,0,4228,0,4,4232,T
2-PB1,1265,7,1,0,4235,4243,C
2-PB1,1266,1,16,4235,0,4252,G
2-PB1,1267,4226,1,6,0,4233,A
2-PB1,1268,1,4236,0,2,4239,T
2-PB1,1269,11,1,0,4185,4197,C
2-PB1,1270,4,0,0,4469,4473,C
2-PB1,1271,0,4468,0,7,4475,T
2-PB1,1272,0,5,4488,0,4493,G
2-PB1,1273,4494,0,5,0,4499,A
2-PB1,1274,4580,0,1,0,4581,A
2-PB1,1275,1,4571,0,3,4575,T
2-PB1,1276,5,1,0,4454,4460,C
2-PB1,1277,0,4452,1,6,4459,T
2-PB1,1278,0,4443,0,3,4446,T
2-PB1,1279,2,8,4473,0,4483,G
2-PB1,1280,1,19,4467,0,4487,G
2-PB1,1281,4456,1,11,1,4469,A
2-PB1,1282,0,2,0,4483,4485,C
2-PB1,1283,4426,1,3,0,4430,A
2-PB1,1284,4456,3,1,1,4461,A
2-PB1,1285,4489,0,4,0,4493,A
2-PB1,1286,4488,0,15,0,4503,A
2-PB1,1287,3,4,4629,1,4637,G
2-PB1,1288,4634,0,14,0,4648,A
2-PB1,1289,4652,0,2,0,4654,A
2-PB1,1290,4648,0,7,0,4655,A
2-PB1,1291,0,4651,0,1,4652,T
2-PB1,1292,4645,0,2,1,4648,A
2-PB1,1293,1,3,0,4822,4826,C
2-PB1,1294,4771,0,6,0,4777,A
2-PB1,1295,0,3,0,4817,4820,C
2-PB1,1296,6,2,0,4736,4744,C
2-PB1,1297,4722,0,1,1,4724,A
2-PB1,1298,4811,0,3,0,4814,A
2-PB1,1299,0,15,4997,0,5012,G
2-PB1,1300,5088,1,2,0,5091,A
2-PB1,1301,0,1,1,5123,5125,C
2-PB1,1302,4989,1,8,0,4998,A
2-PB1,1303,5168,1,6,1,5176,A
2-PB1,1304,0,2,0,5197,5199,C
2-PB1,1305,5243,0,2,0,5245,A
2-PB1,1306,1,5275,0,0,5276,T
2-PB1,1307,5211,1,4,0,5216,A
2-PB1,1308,1,2,1,5280,5284,C
2-PB1,1309,0,5125,0,1,5126,T
2-PB1,1310,0,7,5199,1,5207,G
2-PB1,1311,1,2,5206,0,5209,G
2-PB1,1312,0,5076,0,6,5082,T
2-PB1,1313,3,18,5101,0,5122,G
2-PB1,1314,0,11,5061,0,5072,G
2-PB1,1315,1,4,5083,0,5088,G
2-PB1,1316,5089,0,2,0,5091,A
2-PB1,1317,0,4973,0,51,5024,T
2-PB1,1318,2,15,4996,1,5014,G
2-PB1,1319,0,22,4958,0,4980,G
2-PB1,1320,4882,0,10,2,4894,A
2-PB1,1321,0,0,0,5134,5134,C
2-PB1,1322,0,5126,0,7,5133,T
2-PB1,1323,14,3,0,5209,5226,C
2-PB1,1324,6,0,0,5201,5207,C
2-PB1,1325,5146,0,54,0,5200,A
2-PB1,1326,5184,1,3,0,5188,A
2-PB1,1327,1,5160,0,2,5163,T
2-PB1,1328,13,3,1,5137,5154,C
2-PB1,1329,8,0,0,5135,5143,C
2-PB1,1330,1,5079,0,7,5087,T
2-PB1,1331,7,1,0,5077,5085,C
2-PB1,1332,6,4,0,5040,5050,C
2-PB1,1333,1,7,5052,0,5060,G
2-PB1,1334,5047,1,7,0,5055,A
2-PB1,1335,0,5015,0,7,5022,T
2-PB1,1336,2,16,5056,0,5074,G
2-PB1,1337,5103,0,1,0,5104,A
2-PB1,1338,0,5094,0,5,5099,T
2-PB1,1339,0,5077,1,2,5080,T
2-PB1,1340,0,5078,2,7,5087,T
2-PB1,1341,0,5081,0,6,5087,T
2-PB1,1342,0,3,5091,0,5094,G
2-PB1,1343,1,5,0,5140,5146,C
2-PB1,1344,16,3,0,5133,5152,C
2-PB1,1345,12,1,0,5317,5330,C
2-PB1,1346,0,5274,0,6,5280,T
2-PB1,1347,9,2,0,5543,5554,C
2-PB1,1348,5597,0,4,0,5601,A
2-PB1,1349,0,5622,0,3,5625,T
2-PB1,1350,5615,0,4,1,5620,A
2-PB1,1351,1,1,5701,0,5703,G
2-PB1,1352,0,5607,0,2,5609,T
2-PB1,1353,0,14,5639,0,5653,G
2-PB1,1354,5456,1,2,1,5460,A
2-PB1,1355,5448,1,12,0,5461,A
2-PB1,1356,0,5232,0,3,5235,T
2-PB1,1357,2,3,5233,0,5238,G
2-PB1,1358,2,3,0,5298,5303,C
2-PB1,1359,5286,1,8,0,5295,A
2-PB1,1360,0,1,0,5290,5291,C
2-PB1,1361,14,0,0,5237,5251,C
2-PB1,1362,5226,0,2,0,5228,A
2-PB1,1363,5218,1,2,0,5221,A
2-PB1,1364,5207,0,1,0,5208,A
2-PB1,1365,0,5091,0,3,5094,T
2-PB1,1366,22,1,1,5264,5288,C
2-PB1,1367,5274,0,3,0,5277,A
2-PB1,1368,1,5277,0,3,5281,T
2-PB1,1369,0,11,5272,0,5283,G
2-PB1,1370,5300,0,9,0,5309,A
2-PB1,1371,0,15,5346,0,5361,G
2-PB1,1372,1,6,5358,0,5365,G
2-PB1,1373,3,13,5384,0,5400,G
2-PB1,1374,5362,1,7,0,5370,A
2-PB1,1375,5458,1,9,0,5468,A
2-PB1,1376,1,5483,0,0,5484,T
2-PB1,1377,5491,2,7,0,5500,A
2-PB1,1378,1,11,0,5512,5524,C
2-PB1,1379,5549,0,2,0,5551,A
2-PB1,1380,5523,0,13,0,5536,A
2-PB1,1381,86,0,5432,0,5518,G
2-PB1,1382,1,1,0,5482,5484,C
2-PB1,1383,5452,0,2,0,5454,A
2-PB1,1384,1,3,5551,0,5555,G
2-PB1,1385,1,20,5534,0,5555,G
2-PB1,1386,5497,1,7,0,5505,A
2-PB1,1387,2,7,5543,0,5552,G
2-PB1,1388,0,5458,0,3,5461,T
2-PB1,1389,0,15,5556,0,5571,G
2-PB1,1390,0,8,5590,0,5598,G
2-PB1,1391,5564,0,10,1,5575,A
2-PB1,1392,1,5577,0,1,5579,T
2-PB1,1393,5470,0,3,0,5473,A
2-PB1,1394,2,7,5514,0,5523,G
2-PB1,1395,5584,0,4,1,5589,A
2-PB1,1396,0,5580,0,3,5583,T
2-PB1,1397,1,5556,0,3,5560,T
2-PB1,1398,13,2,0,5769,5784,C
2-PB1,1399,0,5756,1,6,5763,T
2-PB1,1400,5763,0,3,1,5767,A
2-PB1,1401,1,2,0,5758,5761,C
2-PB1,1402,5642,1,5,0,5648,A
2-PB1,1403,1,7,5649,0,5657,G
2-PB1,1404,0,22,5506,0,5528,G
2-PB1,1405,5596,0,6,0,5602,A
2-PB1,1406,0,0,0,5625,5625,C
2-PB1,1407,4,1,0,5449,5454,C
2-PB1,1408,3,5392,1,22,5418,T
2-PB1,1409,2,0,5427,0,5429,G
2-PB1,1410,1,1,0,5432,5434,C
2-PB1,1411,5434,0,3,0,5437,A
2-PB1,1412,5501,0,15,0,5516,A
2-PB1,1413,0,0,5549,0,5549,G
2-PB1,1414,0,5432,0,4,5436,T
2-PB1,1415,0,5434,0,1,5435,T
2-PB1,1416,5354,0,2,0,5356,A
2-PB1,1417,2,3,5372,0,5377,G
2-PB1,1418,1,5344,0,3,5348,T
2-PB1,1419,3,14,5323,0,5340,G
2-PB1,1420,2,5,5327,1,5335,G
2-PB1,1421,0,22,5350,1,5373,G
2-PB1,1422,5346,0,9,0,5355,A
2-PB1,1423,5365,0,11,0,5376,A
2-PB1,1424,0,5370,1,6,5377,T
2-PB1,1425,30,2,0,5364,5396,C
2-PB1,1426,5369,1,4,2,5376,A
2-PB1,1427,5387,2,4,1,5394,A
2-PB1,1428,0,2,0,5377,5379,C
2-PB1,1429,5362,2,2,0,5366,A
2-PB1,1430,0,5217,0,0,5217,T
2-PB1,1431,1,28,5213,0,5242,G
2-PB1,1432,5191,2,38,0,5231,A
2-PB1,1433,0,4,5294,1,5299,G
2-PB1,1434,3,3,0,5268,5274,C
2-PB1,1435,5263,0,0,0,5263,A
2-PB1,1436,5255,0,4,0,5259,A
2-PB1,1437,5275,0,2,0,5277,A
2-PB1,1438,5319,0,5,0,5324,A
2-PB1,1439,5319,0,5,0,5324,A
2-PB1,1440,1,7,5312,0,5320,G
2-PB1,1441,5252,0,3,0,5255,A
2-PB1,1442,5185,0,8,0,5193,A
2-PB1,1443,1,0,5462,0,5463,G
2-PB1,1444,0,5457,0,4,5461,T
2-PB1,1445,17,1,0,5464,5482,C
2-PB1,1446,15,2,0,5465,5482,C
2-PB1,1447,0,5432,0,3,5435,T
2-PB1,1448,5541,0,5,0,5546,A
2-PB1,1449,1,5532,0,1,5534,T
2-PB1,1450,5529,0,1,0,5530,A
2-PB1,1451,0,5529,0,0,5529,T
2-PB1,1452,5346,1,2,0,5349,A
2-PB1,1453,5359,0,5,1,5365,A
2-PB1,1454,5335,2,1,0,5338,A
2-PB1,1455,0,5333,1,2,5336,T
2-PB1,1456,5282,1,1,0,5284,A
2-PB1,1457,5279,0,3,0,5282,A
2-PB1,1458,5293,0,2,1,5296,A
2-PB1,1459,5303,0,4,0,5307,A
2-PB1,1460,0,1,0,5308,5309,C
2-PB1,1461,5069,1,4,0,5074,A
2-PB1,1462,1,13,5073,0,5087,G
2-PB1,1463,0,7,5077,0,5084,G
2-PB1,1464,1,19,5064,0,5084,G
2-PB1,1465,5079,2,10,0,5091,A
2-PB1,1466,2,3,0,5133,5138,C
2-PB1,1467,5089,0,4,0,5093,A
2-PB1,1468,0,5146,0,3,5149,T
2-PB1,1469,0,5141,0,6,5147,T
2-PB1,1470,0,5142,0,4,5146,T
2-PB1,1471,1,19,5132,1,5153,G
2-PB1,1472,5096,0,9,0,5105,A
2-PB1,1473,5111,2,4,0,5117,A
2-PB1,1474,0,5107,0,3,5110,T
2-PB1,1475,0,4976,1,3,4980,T
2-PB1,1476,12,1,0,5003,5016,C
2-PB1,1477,4964,1,6,0,4971,A
2-PB1,1478,0,0,0,4984,4984,C
2-PB1,1479,0,4979,0,0,4979,T
2-PB1,1480,4975,0,2,1,4978,A
2-PB1,1481,1,0,4981,0,4982,G
2-PB1,1482,3,1,0,5001,5005,C
2-PB1,1483,0,4787,0,5,4792,T
2-PB1,1484,0,5002,2,2,5006,T
2-PB1,1485,0,4988,0,2,4990,T
2-PB1,1486,2,4991,0,0,4993,T
2-PB1,1487,0,4984,1,3,4988,T
2-PB1,1488,0,4979,0,8,4987,T
2-PB1,1489,1,4956,0,4,4961,T
2-PB1,1490,4945,1,0,0,4946,A
2-PB1,1491,0,4922,0,3,4925,T
2-PB1,1492,13,1,0,4923,4937,C
2-PB1,1493,0,6,4963,0,4969,G
2-PB1,1494,5157,2,6,0,5165,A
2-PB1,1495,0,5160,1,22,5183,T
2-PB1,1496,5192,0,2,1,5195,A
2-PB1,1497,0,5223,0,6,5229,T
2-PB1,1498,2,7,5210,0,5219,G
2-PB1,1499,4,7,5243,0,5254,G
2-PB1,1500,5255,0,7,0,5262,A
2-PB1,1501,0,5224,0,4,5228,T
2-PB1,1502,0,5183,0,1,5184,T
2-PB1,1503,1,4996,0,2,4999,T
2-PB1,1504,2,2,5010,0,5014,G
2-PB1,1505,0,4996,0,3,4999,T
2-PB1,1506,3,8,4987,0,4998,G
2-PB1,1507,10,2,4971,0,4983,G
2-PB1,1508,0,1,0,4927,4928,C
2-PB1,1509,1,4940,0,4,4945,T
2-PB1,1510,4967,0,1,0,4968,A
2-PB1,1511,5009,0,0,3,5012,A
2-PB1,1512,1,5043,2,2,5048,T
2-PB1,1513,0,5054,0,2,5056,T
2-PB1,1514,0,5052,0,0,5052,T
2-PB1,1515,1,5057,0,0,5058,T
2-PB1,1516,5040,0,5,0,5045,A
2-PB1,1517,3,3,5157,0,5163,G
2-PB1,1518,1,1,0,5154,5156,C
2-PB1,1519,5153,0,1,0,5154,A
2-PB1,1520,0,5101,1,2,5104,T
2-PB1,1521,101,7,4941,0,5049,G
2-PB1,1522,0,17,5120,0,5137,G
2-PB1,1523,5114,0,5,0,5119,A
2-PB1,1524,0,2,5131,0,5133,G
2-PB1,1525,8,1,1,5101,5111,C
2-PB1,1526,0,5022,0,7,5029,T
2-PB1,1527,1,3,5065,0,5069,G
2-PB1,1528,0,1,1,5048,5050,C
2-PB1,1529,12,1,0,5040,5053,C
2-PB1,1530,13,2,0,5069,5084,C
2-PB1,1531,4928,0,1,1,4930,A
2-PB1,1532,1,0,5255,0,5256,G
2-PB1,1533,0,5229,0,3,5232,T
2-PB1,1534,0,5236,1,6,5243,T
2-PB1,1535,0,5248,0,2,5250,T
2-PB1,1536,0,5179,0,5,5184,T
2-PB1,1537,0,7,5153,0,5160,G
2-PB1,1538,0,9,5150,0,5159,G
2-PB1,1539,5129,0,5,1,5135,A
2-PB1,1540,1,1,5162,0,5164,G
2-PB1,1541,0,4722,0,9,4731,T
2-PB1,1542,1,1,5015,0,5017,G
2-PB1,1543,0,5001,0,2,5003,T
2-PB1,1544,15,1,0,4987,5003,C
2-PB1,1545,1,4997,0,9,5007,T
2-PB1,1546,1,8,5022,2,5033,G
2-PB1,1547,1,15,5081,0,5097,G
2-PB1,1548,5095,0,5,0,5100,A
2-PB1,1549,5104,1,10,0,5115,A
2-PB1,1550,0,5083,0,2,5085,T
2-PB1,1551,4680,0,1,0,4681,A
2-PB1,1552,4666,0,4,0,4670,A
2-PB1,1553,4666,0,6,0,4672,A
2-PB1,1554,1,3,0,4679,4683,C
2-PB1,1555,2,19,4608,0,4629,G
2-PB1,1556,4571,0,10,0,4581,A
2-PB1,1557,1,1,4571,0,4573,G
2-PB1,1558,1,4549,0,8,4558,T
2-PB1,1559,16,2,0,4555,4573,C
2-PB1,1560,4553,2,7,1,4563,A
2-PB1,1561,1,0,4645,0,4646,G
2-PB1,1562,1,2,0,4648,4651,C
2-PB1,1563,0,4630,0,5,4635,T
2-PB1,1564,1,7,4786,0,4794,G
2-PB1,1565,4722,0,26,0,4748,A
2-PB1,1566,1,4755,1,1,4758,T
2-PB1,1567,4753,1,1,0,4755,A
2-PB1,1568,0,4671,0,1,4672,T
2-PB1,1569,1,20,4673,0,4694,G
2-PB1,1570,4482,2,10,1,4495,A
2-PB1,1571,2,0,4592,0,4594,G
2-PB1,1572,0,3,2,4594,4599,C
2-PB1,1573,4325,0,1,0,4326,A
2-PB1,1574,0,4329,0,1,4330,T
2-PB1,1575,0,4315,0,3,4318,T
2-PB1,1576,3,6,4376,0,4385,G
2-PB1,1577,2,11,4541,0,4554,G
2-PB1,1578,4471,0,10,0,4481,A
2-PB1,1579,5,1,4490,0,4496,G
2-PB1,1580,0,4315,0,7,4322,T
2-PB1,1581,4312,0,5,0,4317,A
2-PB1,1582,4306,1,6,0,4313,A
2-PB1,1583,1,1,0,4348,4350,C
2-PB1,1584,4309,0,2,1,4312,A
2-PB1,1585,0,1,4395,0,4396,G
2-PB1,1586,0,3949,0,1,3950,T
2-PB1,1587,0,13,3987,0,4000,G
2-PB1,1588,4026,0,5,0,4031,A
2-PB1,1589,1,4028,0,4,4033,T
2-PB1,1590,4016,0,2,0,4018,A
2-PB1,1591,4018,1,1,0,4020,A
2-PB1,1592,3888,1,8,0,3897,A
2-PB1,1593,2,16,3925,1,3944,G
2-PB1,1594,3725,0,4,0,3729,A
2-PB1,1595,3721,0,4,0,3725,A
2-PB1,1596,1,0,0,3726,3727,C
2-PB1,1597,3604,0,4,0,3608,A
2-PB1,1598,3653,0,4,0,3657,A
2-PB1,1599,3,1,0,3665,3669,C
2-PB1,1600,3701,0,8,0,3709,A
2-PB1,1601,2,3678,13,4,3697,T
2-PB1,1602,0,8,3602,0,3610,G
2-PB1,1603,3616,1,3,0,3620,A
2-PB1,1604,0,3614,0,1,3615,T
2-PB1,1605,3549,0,4,0,3553,A
2-PB1,1606,3587,0,3,0,3590,A
2-PB1,1607,3551,0,12,2,3565,A
2-PB1,1608,0,3,0,3590,3593,C
2-PB1,1609,3462,0,1,0,3463,A
2-PB1,1610,3456,0,0,0,3456,A
2-PB1,1611,1,3395,1,3,3400,T
2-PB1,1612,0,21,3370,0,3391,G
2-PB1,1613,3472,0,1,1,3474,A
2-PB1,1614,1,5,0,3498,3504,C
2-PB1,1615,5,0,0,3424,3429,C
2-PB1,1616,0,3295,0,3,3298,T
2-PB1,1617,0,3209,0,2,3211,T
2-PB1,1618,1,8,3209,0,3218,G
2-PB1,1619,0,16,3216,0,3232,G
2-PB1,1620,3262,0,3,0,3265,A
2-PB1,1621,1,0,0,3263,3264,C
2-PB1,1622,4,1,0,3227,3232,C
2-PB1,1623,3190,0,4,0,3194,A
2-PB1,1624,0,1,3220,0,3221,G
2-PB1,1625,0,1,0,3214,3215,C
2-PB1,1626,3218,0,2,0,3220,A
2-PB1,1627,3213,0,6,0,3219,A
2-PB1,1628,0,1,0,3203,3204,C
2-PB1,1629,3165,0,2,1,3168,A
2-PB1,1630,1,1,3242,0,3244,G
2-PB1,1631,1,0,0,3243,3244,C
2-PB1,1632,4,2,0,3246,3252,C
2-PB1,1633,11,0,0,3236,3247,C
2-PB1,1634,3249,0,2,0,3251,A
2-PB1,1635,3246,0,0,0,3246,A
2-PB1,1636,3246,0,1,1,3248,A
2-PB1,1637,0,3244,0,0,3244,T
2-PB1,1638,1,5,3215,0,3221,G
2-PB1,1639,1,0,3218,0,3219,G
2-PB1,1640,0,0,0,3241,3241,C
2-PB1,1641,0,3196,1,5,3202,T
2-PB1,1642,7,0,0,3283,3290,C
2-PB1,1643,0,3081,0,195,3276,T
2-PB1,1644,10,0,0,3314,3324,C
2-PB1,1645,8,1,0,3326,3335,C
2-PB1,1646,3343,1,1,0,3345,A
2-PB1,1647,3352,0,2,0,3354,A
2-PB1,1648,0,3298,0,2,3300,T
2-PB1,1649,0,3252,0,5,3257,T
2-PB1,1650,1,0,3277,0,3278,G
2-PB1,1651,0,3162,0,6,3168,T
2-PB1,1652,2,3173,0,0,3175,T
2-PB1,1653,19,8,1,3165,3193,C
2-PB1,1654,3183,0,4,0,3187,A
2-PB1,1655,0,3174,0,8,3182,T
2-PB1,1656,6,0,0,3179,3185,C
2-PB1,1657,3201,0,0,0,3201,A
2-PB1,1658,3195,0,0,0,3195,A
2-PB1,1659,3198,0,3,0,3201,A
2-PB1,1660,0,4,3267,0,3271,G
2-PB1,1661,3259,0,7,0,3266,A
2-PB1,1662,1,3260,0,3,3264,T
2-PB1,1663,0,3262,0,3,3265,T
2-PB1,1664,3280,0,0,0,3280,A
2-PB1,1665,0,3,0,3341,3344,C
2-PB1,1666,3318,0,5,0,3323,A
2-PB1,1667,1,2,3354,0,3357,G
2-PB1,1668,3324,1,3,0,3328,A
2-PB1,1669,1,3361,1,0,3363,T
2-PB1,1670,3374,0,5,0,3379,A
2-PB1,1671,1,0,0,3572,3573,C
2-PB1,1672,3634,0,3,0,3637,A
2-PB1,1673,0,1,0,3881,3882,C
2-PB1,1674,3796,0,4,0,3800,A
2-PB1,1675,0,3822,0,1,3823,T
2-PB1,1676,3802,0,1,0,3803,A
2-PB1,1677,0,3791,0,0,3791,T
2-PB1,1678,3706,0,3,0,3709,A
2-PB1,1679,0,3,3714,0,3717,G
2-PB1,1680,1,0,3663,0,3664,G
2-PB1,1681,0,3446,0,6,3452,T
2-PB1,1682,0,0,3389,1,3390,G
2-PB1,1683,1,1,0,3535,3537,C
2-PB1,1684,8,1,0,3516,3525,C
2-PB1,1685,3563,1,1,0,3565,A
2-PB1,1686,1,3568,0,2,3571,T
2-PB1,1687,3573,1,3,0,3577,A
2-PB1,1688,0,5,3586,0,3591,G
2-PB1,1689,3484,0,4,0,3488,A
2-PB1,1690,0,3,3506,1,3510,G
2-PB1,1691,1,12,3483,0,3496,G
2-PB1,1692,3373,0,0,0,3373,A
2-PB1,1693,0,11,3383,0,3394,G
2-PB1,1694,3353,0,4,1,3358,A
2-PB1,1695,0,2,0,3360,3362,C
2-PB1,1696,3347,0,3,0,3350,A
2-PB1,1697,0,0,0,3416,3416,C
2-PB1,1698,3413,0,4,0,3417,A
2-PB1,1699,0,3,0,3415,3418,C
2-PB1,1700,3382,1,2,1,3386,A
2-PB1,1701,3413,0,3,0,3416,A
2-PB1,1702,3462,0,1,0,3463,A
2-PB1,1703,2,3460,0,2,3464,T
2-PB1,1704,8,0,0,3464,3472,C
2-PB1,1705,8,1,0,3457,3466,C
2-PB1,1706,3405,0,3,0,3408,A
2-PB1,1707,1,44,3381,0,3426,G
2-PB1,1708,3426,1,2,0,3429,A
2-PB1,1709,0,1,0,3480,3481,C
2-PB1,1710,3,15,3455,0,3473,G
2-PB1,1711,3425,0,1,0,3426,A
2-PB1,1712,1,14,3425,0,3440,G
2-PB1,1713,3441,0,1,0,3442,A
2-PB1,1714,3424,0,16,0,3440,A
2-PB1,1715,0,5,3466,0,3471,G
2-PB1,1716,3451,0,1,0,3452,A
2-PB1,1717,0,3435,0,6,3441,T
2-PB1,1718,8,6,0,3399,3413,C
2-PB1,1719,3417,0,3,1,3421,A
2-PB1,1720,0,3424,0,2,3426,T
2-PB1,1721,0,3410,0,2,3412,T
2-PB1,1722,4,4,0,3409,3417,C
2-PB1,1723,1,9,3410,0,3420,G
2-PB1,1724,3376,0,1,0,3377,A
2-PB1,1725,0,3,3388,0,3391,G
2-PB1,1726,3349,0,2,0,3351,A
2-PB1,1727,0,3440,0,27,3467,T
2-PB1,1728,3481,0,1,0,3482,A
2-PB1,1729,3491,0,7,0,3498,A
2-PB1,1730,3494,0,4,0,3498,A
2-PB1,1731,2,4,3493,0,3499,G
2-PB1,1732,3494,0,3,0,3497,A
2-PB1,1733,3378,0,4,0,3382,A
2-PB1,1734,1,0,3407,0,3408,G
2-PB1,1735,3,5,0,3411,3419,C
2-PB1,1736,0,3378,0,2,3380,T
2-PB1,1737,2,0,3382,0,3384,G
2-PB1,1738,0,3365,1,2,3368,T
2-PB1,1739,1,15,3340,0,3356,G
2-PB1,1740,1,7,3377,0,3385,G
2-PB1,1741,0,9,3422,0,3431,G
2-PB1,1742,3441,0,3,0,3444,A
2-PB1,1743,0,3403,0,1,3404,T
2-PB1,1744,11,0,70,3316,3397,C
2-PB1,1745,3402,0,4,1,3407,A
2-PB1,1746,3434,0,2,0,3436,A
2-PB1,1747,3449,0,1,0,3450,A
2-PB1,1748,0,0,0,3448,3448,C
2-PB1,1749,2,0,0,3422,3424,C
2-PB1,1750,12,1,0,3384,3397,C
2-PB1,1751,3377,0,3,0,3380,A
2-PB1,1752,3440,0,4,2,3446,A
2-PB1,1753,0,3432,0,2,3434,T
2-PB1,1754,14,0,0,3440,3454,C
2-PB1,1755,3412,0,1,1,3414,A
2-PB1,1756,3373,1,7,0,3381,A
2-PB1,1757,1,10,3434,0,3445,G
2-PB1,1758,0,9,3412,0,3421,G
2-PB1,1759,1,2,3401,0,3404,G
2-PB1,1760,0,1,0,3407,3408,C
2-PB1,1761,3332,0,3,0,3335,A
2-PB1,1762,0,4,3431,0,3435,G
2-PB1,1763,0,9,3446,0,3455,G
2-PB1,1764,3461,0,2,0,3463,A
2-PB1,1765,2,1,0,3495,3498,C
2-PB1,1766,0,3403,0,2,3405,T
2-PB1,1767,3479,0,4,0,3483,A
2-PB1,1768,0,3477,0,1,3478,T
2-PB1,1769,0,3468,0,4,3472,T
2-PB1,1770,0,6,3474,0,3480,G
2-PB1,1771,1,0,3485,0,3486,G
2-PB1,1772,1,3439,0,0,3440,T
2-PB1,1773,3443,1,1,0,3445,A
2-PB1,1774,0,3365,1,3,3369,T
2-PB1,1775,7,2,0,3370,3379,C
2-PB1,1776,3286,0,7,0,3293,A
2-PB1,1777,0,1,3362,0,3363,G
2-PB1,1778,3365,1,4,0,3370,A
2-PB1,1779,0,3342,0,1,3343,T
2-PB1,1780,0,3,3231,0,3234,G
2-PB1,1781,0,8,3213,0,3221,G
2-PB1,1782,1,8,3205,0,3214,G
2-PB1,1783,1,3,3214,1,3219,G
2-PB1,1784,0,8,3221,1,3230,G
2-PB1,1785,3210,0,6,1,3217,A
2-PB1,1786,2,1,0,3207,3210,C
2-PB1,1787,7,2,1,3182,3192,C
2-PB1,1788,3192,0,3,0,3195,A
2-PB1,1789,3465,0,2,0,3467,A
2-PB1,1790,3470,0,7,0,3477,A
2-PB1,1791,1,1,0,3592,3594,C
2-PB1,1792,0,3548,0,1,3549,T
2-PB1,1793,0,3525,0,3,3528,T
2-PB1,1794,3549,0,4,0,3553,A
2-PB1,1795,0,3549,0,0,3549,T
2-PB1,1796,3549,0,3,1,3553,A
2-PB1,1797,0,1,0,3564,3565,C
2-PB1,1798,3244,0,2,0,3246,A
2-PB1,1799,3251,0,4,0,3255,A
2-PB1,1800,0,3186,0,1,3187,T
2-PB1,1801,3256,0,1,0,3257,A
2-PB1,1802,1,3255,0,1,3257,T
2-PB1,1803,2,1,0,3253,3256,C
2-PB1,1804,4,3,0,3249,3256,C
2-PB1,1805,2,1,3255,0,3258,G
2-PB1,1806,1,5,3259,0,3265,G
2-PB1,1807,3260,1,1,0,3262,A
2-PB1,1808,3265,0,4,0,3269,A
2-PB1,1809,0,3252,0,2,3254,T
2-PB1,1810,1,2,0,3278,3281,C
2-PB1,1811,0,3269,0,3,3272,T
2-PB1,1812,0,3277,0,6,3283,T
2-PB1,1813,2,0,0,3288,3290,C
2-PB1,1814,3282,1,4,0,3287,A
2-PB1,1815,0,3,1,3292,3296,C
2-PB1,1816,3279,0,4,0,3283,A
2-PB1,1817,0,3604,1,4,3609,T
2-PB1,1818,3,0,0,3615,3618,C
2-PB1,1819,5,1,0,3634,3640,C
2-PB1,1820,8,0,0,3640,3648,C
2-PB1,1821,0,3637,0,8,3645,T
2-PB1,1822,2,4,3641,1,3648,G
2-PB1,1823,3631,1,2,0,3634,A
2-PB1,1824,3627,0,11,0,3638,A
2-PB1,1825,1,0,3642,0,3643,G
2-PB1,1826,0,3358,0,3,3361,T
2-PB1,1827,14,0,0,3354,3368,C
2-PB1,1828,0,3290,1,4,3295,T
2-PB1,1829,1,2,3387,0,3390,G
2-PB1,1830,0,2,0,3392,3394,C
2-PB1,1831,0,3388,1,2,3391,T
2-PB1,1832,0,3404,0,1,3405,T
2-PB1,1833,3399,0,0,0,3399,A
2-PB1,1834,3384,0,1,1,3386,A
2-PB1,1835,3384,0,3,0,3387,A
2-PB1,1836,3279,0,4,0,3283,A
2-PB1,1837,0,3315,0,1,3316,T
2-PB1,1838,1,4,3314,0,3319,G
2-PB1,1839,0,4,3311,0,3315,G
2-PB1,1840,0,10,3331,0,3341,G
2-PB1,1841,3319,0,4,0,3323,A
2-PB1,1842,0,0,3349,0,3349,G
2-PB1,1843,0,0,0,3339,3339,C
2-PB1,1844,0,3322,0,6,3328,T
2-PB1,1845,1,5,3330,0,3336,G
2-PB1,1846,3324,0,0,0,3324,A
2-PB1,1847,1,3326,0,2,3329,T
2-PB1,1848,2,3,3351,0,3356,G
2-PB1,1849,0,3,3366,0,3369,G
2-PB1,1850,3358,3,6,1,3368,A
2-PB1,1851,0,3358,0,3,3361,T
2-PB1,1852,0,11,3349,0,3360,G
2-PB1,1853,3337,0,4,0,3341,A
2-PB1,1854,0,13,3403,1,3417,G
2-PB1,1855,3419,0,2,0,3421,A
2-PB1,1856,3419,1,1,0,3421,A
2-PB1,1857,1,3393,0,4,3398,T
2-PB1,1858,0,3384,0,0,3384,T
2-PB1,1859,3394,0,0,0,3394,A
2-PB1,1860,0,3373,0,19,3392,T
2-PB1,1861,2,2,0,3385,3389,C
2-PB1,1862,2,7,3401,0,3410,G
2-PB1,1863,1,7,3349,0,3357,G
2-PB1,1864,1,1,3336,0,3338,G
2-PB1,1865,1,3,3348,0,3352,G
2-PB1,1866,3330,0,0,0,3330,A
2-PB1,1867,3328,1,5,0,3334,A
2-PB1,1868,0,11,3350,0,3361,G
2-PB1,1869,3399,1,5,0,3405,A
2-PB1,1870,0,1,0,3430,3431,C
2-PB1,1871,0,3383,0,1,3384,T
2-PB1,1872,0,3491,1,3,3495,T
2-PB1,1873,0,3486,0,6,3492,T
2-PB1,1874,0,1,3534,0,3535,G
2-PB1,1875,0,3539,0,2,3541,T
2-PB1,1876,3491,0,3,0,3494,A
2-PB1,1877,3495,0,1,0,3496,A
2-PB1,1878,0,3414,0,5,3419,T
2-PB1,1879,7,1,0,3461,3469,C
2-PB1,1880,5,0,1,3461,3467,C
2-PB1,1881,4,2,0,3434,3440,C
2-PB1,1882,6,1,0,3457,3464,C
2-PB1,1883,1,3420,2,4,3427,T
2-PB1,1884,0,11,3433,0,3444,G
2-PB1,1885,3436,0,5,0,3441,A
2-PB1,1886,3459,1,2,0,3462,A
2-PB1,1887,0,3457,0,5,3462,T
2-PB1,1888,7,1,0,3432,3440,C
2-PB1,1889,10,3,0,3424,3437,C
2-PB1,1890,11,0,0,3398,3409,C
2-PB1,1891,0,3381,1,10,3392,T
2-PB1,1892,0,3401,0,1,3402,T
2-PB1,1893,0,3396,0,2,3398,T
2-PB1,1894,0,0,3403,0,3403,G
2-PB1,1895,0,3391,0,5,3396,T
2-PB1,1896,12,0,0,3371,3383,C
2-PB1,1897,3360,0,3,0,3363,A
2-PB1,1898,1,1,3422,0,3424,G
2-PB1,1899,0,1,0,3412,3413,C
2-PB1,1900,9,0,0,3410,3419,C
2-PB1,1901,3416,1,1,0,3418,A
2-PB1,1902,1,3430,0,0,3431,T
2-PB1,1903,3427,0,2,0,3429,A
2-PB1,1904,3429,0,7,2,3438,A
2-PB1,1905,3439,0,5,1,3445,A
2-PB1,1906,1,4,3496,0,3501,G
2-PB1,1907,3401,0,1,0,3402,A
2-PB1,1908,3414,0,7,0,3421,A
2-PB1,1909,3401,0,10,0,3411,A
2-PB1,1910,0,3411,0,0,3411,T
2-PB1,1911,0,3399,0,5,3404,T
2-PB1,1912,1,16,3391,0,3408,G
2-PB1,1913,3388,0,4,0,3392,A
2-PB1,1914,0,0,3462,0,3462,G
2-PB1,1915,2,3425,1,2,3430,T
2-PB1,1916,11,0,0,3464,3475,C
2-PB1,1917,1,3461,0,7,3469,T
2-PB1,1918,1,0,3544,0,3545,G
2-PB1,1919,1,3540,0,0,3541,T
2-PB1,1920,3599,0,1,0,3600,A
2-PB1,1921,3603,0,1,1,3605,A
2-PB1,1922,3601,0,2,0,3603,A
2-PB1,1923,1,1,0,3621,3623,C
2-PB1,1924,3519,0,0,0,3519,A
2-PB1,1925,3625,0,1,0,3626,A
2-PB1,1926,0,3626,0,1,3627,T
2-PB1,1927,1,2,3609,0,3612,G
2-PB1,1928,0,1,0,3648,3649,C
2-PB1,1929,1,3599,1,1,3602,T
2-PB1,1930,2,2,3733,1,3738,G
2-PB1,1931,0,3743,0,2,3745,T
2-PB1,1932,3812,2,3,0,3817,A
2-PB1,1933,0,1,3826,0,3827,G
2-PB1,1934,0,3725,0,2,3727,T
2-PB1,1935,3712,0,2,0,3714,A
2-PB1,1936,3739,0,2,1,3742,A
2-PB1,1937,0,3710,0,2,3712,T
2-PB1,1938,0,2,3699,0,3701,G
2-PB1,1939,0,0,0,3650,3650,C
2-PB1,1940,110,0,0,3493,3603,C
2-PB1,1941,3546,0,2,0,3548,A
2-PB1,1942,0,0,3630,0,3630,G
2-PB1,1943,1,1,0,3675,3677,C
2-PB1,1944,5,0,0,3690,3695,C
2-PB1,1945,13,1,0,3649,3663,C
2-PB1,1946,3637,2,1,0,3640,A
2-PB1,1947,0,3641,0,2,3643,T
2-PB1,1948,0,11,3631,0,3642,G
2-PB1,1949,1,0,3676,0,3677,G
2-PB1,1950,1,3650,0,2,3653,T
2-PB1,1951,17,2,0,3553,3572,C
2-PB1,1952,9,2,0,3487,3498,C
2-PB1,1953,0,3480,0,9,3489,T
2-PB1,1954,0,1,3574,0,3575,G
2-PB1,1955,0,0,0,3560,3560,C
2-PB1,1956,2,2,0,3558,3562,C
2-PB1,1957,3561,0,2,1,3564,A
2-PB1,1958,3521,0,1,0,3522,A
2-PB1,1959,3527,1,2,0,3530,A
2-PB1,1960,3531,0,2,0,3533,A
2-PB1,1961,0,0,3600,0,3600,G
2-PB1,1962,0,3534,1,1,3536,T
2-PB1,1963,3548,0,3,0,3551,A
2-PB1,1964,0,3547,0,0,3547,T
2-PB1,1965,0,6,3543,0,3549,G
2-PB1,1966,3,7,3619,0,3629,G
2-PB1,1967,3616,0,1,0,3617,A
2-PB1,1968,3643,0,13,0,3656,A
2-PB1,1969,0,3646,0,2,3648,T
2-PB1,1970,3580,1,0,0,3581,A
2-PB1,1971,0,3574,0,2,3576,T
2-PB1,1972,0,6,3541,0,3547,G
2-PB1,1973,3547,0,5,0,3552,A
2-PB1,1974,0,3522,0,9,3531,T
2-PB1,1975,2,0,3433,0,3435,G
2-PB1,1976,0,0,0,3418,3418,C
2-PB1,1977,11,1,0,3374,3386,C
2-PB1,1978,4,0,3386,0,3390,G
2-PB1,1979,0,3313,1,76,3390,T
2-PB1,1980,0,3380,0,3,3383,T
2-PB1,1981,1,2,3387,0,3390,G
2-PB1,1982,3,0,0,3451,3454,C
2-PB1,1983,3463,0,4,0,3467,A
2-PB1,1984,3525,0,4,0,3529,A
2-PB1,1985,0,0,0,3550,3550,C
2-PB1,1986,0,3518,0,4,3522,T
2-PB1,1987,3536,0,0,0,3536,A
2-PB1,1988,0,3,0,3541,3544,C
2-PB1,1989,3533,0,3,0,3536,A
2-PB1,1990,1,0,1,3536,3538,C
2-PB1,1991,3395,0,2,1,3398,A
2-PB1,1992,0,0,0,3675,3675,C
2-PB1,1993,0,3577,2,2,3581,T
2-PB1,1994,18,2,0,3599,3619,C
2-PB1,1995,4,1,0,3616,3621,C
2-PB1,1996,0,3583,0,2,3585,T
2-PB1,1997,0,4,3583,0,3587,G
2-PB1,1998,0,8,3574,0,3582,G
2-PB1,1999,3561,1,1,0,3563,A
2-PB1,2000,0,3564,0,1,3565,T
2-PB1,2001,0,3237,0,4,3241,T
2-PB1,2002,8,2,0,3280,3290,C
2-PB1,2003,4,1,0,3266,3271,C
2-PB1,2004,11,0,0,3274,3285,C
2-PB1,2005,3299,0,2,0,3301,A
2-PB1,2006,3292,0,3,0,3295,A
2-PB1,2007,0,3,3288,0,3291,G
2-PB1,2008,3275,0,5,0,3280,A
2-PB1,2009,0,3,3279,0,3282,G
2-PB1,2010,1,5,3282,0,3288,G
2-PB1,2011,3217,0,6,0,3223,A
2-PB1,2012,3211,0,4,1,3216,A
2-PB1,2013,0,1,0,3209,3210,C
2-PB1,2014,7,1,0,3184,3192,C
2-PB1,2015,2,4,3248,0,3254,G
2-PB1,2016,1,1,0,3235,3237,C
2-PB1,2017,1,3228,0,2,3231,T
2-PB1,2018,12,0,0,3232,3244,C
2-PB1,2019,0,3215,0,2,3217,T
2-PB1,2020,3532,0,1,0,3533,A
2-PB1,2021,0,3533,0,5,3538,T
2-PB1,2022,0,3551,0,1,3552,T
2-PB1,2023,5,2,0,3553,3560,C
2-PB1,2024,0,3417,1,2,3420,T
2-PB1,2025,3421,0,3,0,3424,A
2-PB1,2026,3414,0,2,0,3416,A
2-PB1,2027,3433,0,4,0,3437,A
2-PB1,2028,0,0,0,3435,3435,C
2-PB1,2029,3140,1,4,0,3145,A
2-PB1,2030,0,1,0,3150,3151,C
2-PB1,2031,3105,0,0,0,3105,A
2-PB1,2032,3142,0,7,0,3149,A
2-PB1,2033,0,0,3163,0,3163,G
2-PB1,2034,1,0,0,3166,3167,C
2-PB1,2035,13,1,1,3157,3172,C
2-PB1,2036,3140,0,7,0,3147,A
2-PB1,2037,3144,0,3,1,3148,A
2-PB1,2038,3140,0,7,0,3147,A
2-PB1,2039,0,5,3196,0,3201,G
2-PB1,2040,0,7,3186,0,3193,G
2-PB1,2041,3,1,3134,0,3138,G
2-PB1,2042,1,6,3135,0,3142,G
2-PB1,2043,3124,0,1,0,3125,A
2-PB1,2044,3132,0,5,0,3137,A
2-PB1,2045,0,3135,1,0,3136,T
2-PB1,2046,0,3145,0,2,3147,T
2-PB1,2047,9,2,0,3151,3162,C
2-PB1,2048,1,3113,0,7,3121,T
2-PB1,2049,0,3115,0,1,3116,T
2-PB1,2050,0,6,3114,0,3120,G
2-PB1,2051,3118,1,3,0,3122,A
2-PB1,2052,0,4,3139,0,3143,G
2-PB1,2053,1,4,3132,0,3137,G
2-PB1,2054,3131,1,0,0,3132,A
2-PB1,2055,0,3109,0,2,3111,T
2-PB1,2056,3,18,3130,0,3151,G
2-PB1,2057,3141,0,7,0,3148,A
2-PB1,2058,3148,1,4,0,3153,A
2-PB1,2059,1,0,0,3171,3172,C
2-PB1,2060,3125,1,1,0,3127,A
2-PB1,2061,0,2,3191,0,3193,G
2-PB1,2062,3177,0,2,0,3179,A
2-PB1,2063,0,3167,1,3,3171,T
2-PB1,2064,1,3,3179,0,3183,G
2-PB1,2065,0,3286,0,1,3287,T
2-PB1,2066,3292,1,2,0,3295,A
2-PB1,2067,1,1,0,3300,3302,C
2-PB1,2068,3,1,1,3266,3271,C
2-PB1,2069,3215,0,4,1,3220,A
2-PB1,2070,0,2,3194,0,3196,G
2-PB1,2071,3148,0,4,0,3152,A
2-PB1,2072,3147,0,0,0,3147,A
2-PB1,2073,3,1,3161,1,3166,G
2-PB1,2074,0,2927,0,0,2927,T
2-PB1,2075,0,2,2945,0,2947,G
2-PB1,2076,2,0,0,2948,2950,C
2-PB1,2077,0,2935,0,12,2947,T
2-PB1,2078,2,1,2950,0,2953,G
2-PB1,2079,0,2,0,2935,2937,C
2-PB1,2080,2931,0,3,0,2934,A
2-PB1,2081,2939,0,2,0,2941,A
2-PB1,2082,0,0,0,2902,2902,C
2-PB1,2083,0,2895,0,0,2895,T
2-PB1,2084,0,2854,0,1,2855,T
2-PB1,2085,0,0,2860,0,2860,G
2-PB1,2086,0,2854,0,2,2856,T
2-PB1,2087,0,2848,0,2,2850,T
2-PB1,2088,20,1,0,2833,2854,C
2-PB1,2089,0,8,2839,0,2847,G
2-PB1,2090,2845,0,4,0,2849,A
2-PB1,2091,2,4,2844,0,2850,G
2-PB1,2092,2848,0,0,0,2848,A
2-PB1,2093,2847,0,1,0,2848,A
2-PB1,2094,2856,0,1,0,2857,A
2-PB1,2095,0,2844,0,0,2844,T
2-PB1,2096,0,2848,0,1,2849,T
2-PB1,2097,0,2839,0,2,2841,T
2-PB1,2098,0,2844,1,3,2848,T
2-PB1,2099,0,2835,1,4,2840,T
2-PB1,2100,5,0,1,2859,2865,C
2-PB1,2101,4,0,0,2860,2864,C
2-PB1,2102,3,1,0,2863,2867,C
2-PB1,2103,0,2874,0,1,2875,T
2-PB1,2104,2867,0,6,0,2873,A
2-PB1,2105,2,1,2883,0,2886,G
2-PB1,2106,0,2883,0,1,2884,T
2-PB1,2107,2905,0,2,0,2907,A
2-PB1,2108,1,1,2931,0,2933,G
2-PB1,2109,0,2894,0,3,2897,T
2-PB1,2110,0,2995,0,0,2995,T
2-PB1,2111,16,0,0,3011,3027,C
2-PB1,2112,3102,0,3,0,3105,A
2-PB1,2113,0,3112,0,0,3112,T
2-PB1,2114,3165,0,2,0,3167,A
2-PB1,2115,0,3154,0,3,3157,T
2-PB1,2116,3032,0,4,0,3036,A
2-PB1,2117,1,4,3011,0,3016,G
2-PB1,2118,0,1,3000,0,3001,G
2-PB1,2119,2697,0,3,0,2700,A
2-PB1,2120,0,11,2684,0,2695,G
2-PB1,2121,2528,0,2,0,2530,A
2-PB1,2122,0,2,0,2513,2515,C
2-PB1,2123,8,1,1,2364,2374,C
2-PB1,2124,0,6,2359,0,2365,G
2-PB1,2125,2350,0,1,1,2352,A
2-PB1,2126,1,2337,0,1,2339,T
2-PB1,2127,7,3,0,2327,2337,C
2-PB1,2128,0,1,2352,0,2353,G
2-PB1,2129,18,7,2342,0,2367,G
2-PB1,2130,2369,1,0,0,2370,A
2-PB1,2131,2374,0,1,0,2375,A
2-PB1,2132,0,2379,0,1,2380,T
2-PB1,2133,0,2394,0,2,2396,T
2-PB1,2134,0,2389,0,1,2390,T
2-PB1,2135,5,0,0,2397,2402,C
2-PB1,2136,0,2405,0,2,2407,T
2-PB1,2137,2393,0,2,0,2395,A
2-PB1,2138,0,1,2409,0,2410,G
2-PB1,2139,0,0,0,2384,2384,C
2-PB1,2140,2386,0,1,0,2387,A
2-PB1,2141,1,2385,0,4,2390,T
2-PB1,2142,0,3,2378,1,2382,G
2-PB1,2143,13,0,2459,0,2472,G
2-PB1,2144,1,2464,0,2,2467,T
2-PB1,2145,2,3,2455,0,2460,G
2-PB1,2146,1,5,2454,0,2460,G
2-PB1,2147,2424,0,4,0,2428,A
2-PB1,2148,0,4,2426,0,2430,G
2-PB1,2149,2,0,2423,0,2425,G
2-PB1,2150,0,1,0,2398,2399,C
2-PB1,2151,8,0,0,2393,2401,C
2-PB1,2152,2226,0,2,0,2228,A
2-PB1,2153,0,2224,0,2,2226,T
2-PB1,2154,3,5,2229,2,2239,G
2-PB1,2155,0,0,2264,0,2264,G
2-PB1,2156,0,2191,0,1,2192,T
2-PB1,2157,1,0,2248,0,2249,G
2-PB1,2158,0,2195,0,4,2199,T
2-PB1,2159,13,1,0,2175,2189,C
2-PB1,2160,0,2201,0,1,2202,T
2-PB1,2161,2162,0,1,0,2163,A
2-PB1,2162,0,4,2159,0,2163,G
2-PB1,2163,0,0,2125,0,2125,G
2-PB1,2164,1,2,2103,0,2106,G
2-PB1,2165,2,0,0,2069,2071,C
2-PB1,2166,2,0,0,1986,1988,C
2-PB1,2167,5,4,0,1955,1964,C
2-PB1,2168,1,3,1956,0,1960,G
2-PB1,2169,0,4,1972,0,1976,G
2-PB1,2170,1975,1,1,0,1977,A
2-PB1,2171,0,1962,0,2,1964,T
2-PB1,2172,0,1883,0,0,1883,T
2-PB1,2173,0,6,1857,0,1863,G
2-PB1,2174,1862,1,1,0,1864,A
2-PB1,2175,0,1869,0,0,1869,T
2-PB1,2176,0,0,1869,0,1869,G
2-PB1,2177,1,1,0,1848,1850,C
2-PB1,2178,5,1,0,1841,1847,C
2-PB1,2179,1839,0,0,0,1839,A
2-PB1,2180,0,3,1837,0,1840,G
2-PB1,2181,1839,0,2,1,1842,A
2-PB1,2182,1840,0,1,0,1841,A
2-PB1,2183,0,1836,0,0,1836,T
2-PB1,2184,0,1784,0,0,1784,T
2-PB1,2185,0,6,1782,0,1788,G
2-PB1,2186,1785,1,1,0,1787,A
2-PB1,2187,0,0,0,1782,1782,C
2-PB1,2188,0,1766,0,1,1767,T
2-PB1,2189,0,1752,0,1,1753,T
2-PB1,2190,4,0,0,1748,1752,C
2-PB1,2191,0,4,1749,0,1753,G
2-PB1,2192,1742,0,1,0,1743,A
2-PB1,2193,1,0,1694,0,1695,G
2-PB1,2194,1,1719,0,0,1720,T
2-PB1,2195,12,0,0,1716,1728,C
2-PB1,2196,0,1728,0,1,1729,T
2-PB1,2197,0,2,1725,0,1727,G
2-PB1,2198,0,0,1730,0,1730,G
2-PB1,2199,1728,0,0,0,1728,A
2-PB1,2200,1601,0,2,1,1604,A
2-PB1,2201,0,1,1612,0,1613,G
2-PB1,2202,0,3,1637,0,1640,G
2-PB1,2203,1642,1,0,0,1643,A
2-PB1,2204,0,1625,0,0,1625,T
2-PB1,2205,1,1625,0,1,1627,T
2-PB1,2206,1623,0,2,0,1625,A
2-PB1,2207,1625,1,2,0,1628,A
2-PB1,2208,0,1,1630,0,1631,G
2-PB1,2209,1623,0,2,0,1625,A
2-PB1,2210,1594,0,0,0,1594,A
2-PB1,2211,1383,0,8,0,1391,A
2-PB1,2212,0,1,1399,0,1400,G
2-PB1,2213,1400,0,1,0,1401,A
2-PB1,2214,1397,0,1,0,1398,A
2-PB1,2215,0,4,1404,0,1408,G
2-PB1,2216,1295,0,2,0,1297,A
2-PB1,2217,0,0,1306,0,1306,G
2-PB1,2218,0,1240,2,4,1246,T
2-PB1,2219,0,1237,0,1,1238,T
2-PB1,2220,7,0,0,1249,1256,C
2-PB1,2221,0,1212,1,5,1218,T
2-PB1,2222,5,0,0,1213,1218,C
2-PB1,2223,0,1209,0,0,1209,T
2-PB1,2224,0,2,1206,0,1208,G
2-PB1,2225,1177,0,3,0,1180,A
2-PB1,2226,0,1,1167,0,1168,G
2-PB1,2227,1152,0,0,0,1152,A
2-PB1,2228,0,1111,0,3,1114,T
2-PB1,2229,4,0,0,1041,1045,C
2-PB1,2230,1052,0,0,0,1052,A
2-PB1,2231,0,1043,0,1,1044,T
2-PB1,2232,0,1,1045,0,1046,G
2-PB1,2233,1040,0,0,0,1040,A
2-PB1,2234,1023,0,13,0,1036,A
2-PB1,2235,0,0,1029,0,1029,G
2-PB1,2236,1001,0,2,0,1003,A
2-PB1,2237,0,992,0,3,995,T
2-PB1,2238,3,1,0,985,989,C
2-PB1,2239,0,915,0,2,917,T
2-PB1,2240,0,0,924,0,924,G
2-PB1,2241,0,918,0,2,920,T
2-PB1,2242,0,910,0,2,912,T
2-PB1,2243,4,0,0,908,912,C
2-PB1,2244,2,1,0,874,877,C
2-PB1,2245,876,0,0,0,876,A
2-PB1,2246,1,0,0,873,874,C
2-PB1,2247,2,0,0,832,834,C
2-PB1,2248,814,1,0,0,815,A
2-PB1,2249,0,778,0,1,779,T
2-PB1,2250,0,762,0,0,762,T
2-PB1,2251,0,0,762,0,762,G
2-PB1,2252,760,0,0,0,760,A
2-PB1,2253,753,0,0,0,753,A
2-PB1,2254,0,2,750,0,752,G
2-PB1,2255,651,0,1,0,652,A
2-PB1,2256,651,0,1,0,652,A
2-PB1,2257,0,0,0,648,648,C
2-PB1,2258,0,622,0,1,623,T
2-PB1,2259,3,0,0,616,619,C
2-PB1,2260,594,1,2,0,597,A
2-PB1,2261,0,2,595,0,597,G
2-PB1,2262,592,0,1,0,593,A
2-PB1,2263,0,1,0,569,570,C
2-PB1,2264,0,1,551,0,552,G
2-PB1,2265,1,0,539,0,540,G
2-PB1,2266,0,0,0,531,531,C
2-PB1,2267,532,0,0,0,532,A
2-PB1,2268,531,0,1,0,532,A
2-PB1,2269,530,1,1,0,532,A
2-PB1,2270,528,0,0,0,528,A
2-PB1,2271,529,0,0,0,529,A
2-PB1,2272,0,518,0,0,518,T
2-PB1,2273,501,0,0,0,501,A
2-PB1,2274,501,0,0,0,501,A
3-PA,1,151,0,0,0,151,A
3-PA,2,0,151,0,0,151,T
3-PA,3,0,0,157,0,157,G
3-PA,4,0,0,159,0,159,G
3-PA,5,160,0,0,0,160,A
3-PA,6,159,0,1,0,160,A
3-PA,7,0,1,166,0,167,G
3-PA,8,174,0,0,0,174,A
3-PA,9,0,174,0,0,174,T
3-PA,10,0,175,0,0,175,T
3-PA,11,0,186,0,0,186,T
3-PA,12,0,186,0,0,186,T
3-PA,13,0,0,192,0,192,G
3-PA,14,0,191,0,0,191,T
3-PA,15,0,0,191,0,191,G
3-PA,16,0,0,0,201,201,C
3-PA,17,0,2,200,0,202,G
3-PA,18,236,0,1,0,237,A
3-PA,19,0,0,0,239,239,C
3-PA,20,239,0,1,0,240,A
3-PA,21,242,0,0,0,242,A
3-PA,22,0,247,0,0,247,T
3-PA,23,0,0,294,0,294,G
3-PA,24,0,0,0,298,298,C
3-PA,25,0,296,0,2,298,T
3-PA,26,0,300,0,0,300,T
3-PA,27,0,0,0,299,299,C
3-PA,28,303,0,0,0,303,A
3-PA,29,313,0,1,0,314,A
3-PA,30,0,0,0,323,323,C
3-PA,31,0,0,0,322,322,C
3-PA,32,3,1,0,319,323,C
3-PA,33,0,0,321,0,321,G
3-PA,34,321,0,1,0,322,A
3-PA,35,0,323,0,0,323,T
3-PA,36,0,1,324,0,325,G
3-PA,37,323,0,0,0,323,A
3-PA,38,0,336,0,0,336,T
3-PA,39,0,339,0,0,339,T
3-PA,40,0,0,337,0,337,G
3-PA,41,0,338,0,1,339,T
3-PA,42,3,0,0,336,339,C
3-PA,43,0,0,337,0,337,G
3-PA,44,337,0,0,0,337,A
3-PA,45,341,0,1,0,342,A
3-PA,46,0,0,0,347,347,C
3-PA,47,0,347,0,0,347,T
3-PA,48,0,346,0,0,346,T
3-PA,49,0,0,349,0,349,G
3-PA,50,0,2,0,348,350,C
3-PA,51,345,1,0,0,346,A
3-PA,52,0,0,351,0,351,G
3-PA,53,350,0,0,0,350,A
3-PA,54,350,0,1,0,351,A
3-PA,55,351,0,0,0,351,A
3-PA,56,354,0,0,0,354,A
3-PA,57,352,0,1,0,353,A
3-PA,58,0,0,362,0,362,G
3-PA,59,0,0,0,373,373,C
3-PA,60,375,0,0,0,375,A
3-PA,61,395,0,0,0,395,A
3-PA,62,0,396,0,0,396,T
3-PA,63,0,2,404,0,406,G
3-PA,64,403,0,3,0,406,A
3-PA,65,402,0,1,0,403,A
3-PA,66,0,1,395,0,396,G
3-PA,67,0,1,457,0,458,G
3-PA,68,482,0,0,0,482,A
3-PA,69,0,0,573,0,573,G
3-PA,70,0,571,0,0,571,T
3-PA,71,578,0,0,0,578,A
3-PA,72,0,577,0,2,579,T
3-PA,73,0,4,580,0,584,G
3-PA,74,0,3,585,0,588,G
3-PA,75,0,0,583,0,583,G
3-PA,76,0,0,579,0,579,G
3-PA,77,575,0,0,0,575,A
3-PA,78,0,0,567,0,567,G
3-PA,79,0,1,566,0,567,G
3-PA,80,562,0,1,0,563,A
3-PA,81,0,568,0,1,569,T
3-PA,82,4,0,0,564,568,C
3-PA,83,0,563,0,0,563,T
3-PA,84,0,1,565,0,566,G
3-PA,85,564,0,1,0,565,A
3-PA,86,564,0,0,0,564,A
3-PA,87,566,0,1,0,567,A
3-PA,88,563,0,0,0,563,A
3-PA,89,0,564,0,0,564,T
3-PA,90,0,560,0,1,561,T
3-PA,91,0,1,558,0,559,G
3-PA,92,561,0,0,0,561,A
3-PA,93,560,0,1,0,561,A
3-PA,94,560,0,1,0,561,A
3-PA,95,0,0,0,564,564,C
3-PA,96,566,0,1,0,567,A
3-PA,97,566,1,0,0,567,A
3-PA,98,569,0,0,0,569,A
3-PA,99,0,0,0,572,572,C
3-PA,100,570,0,1,0,571,A
3-PA,101,576,0,2,0,578,A
3-PA,102,582,0,1,0,583,A
3-PA,103,0,584,0,0,584,T
3-PA,104,0,586,0,1,587,T
3-PA,105,0,585,0,0,585,T
3-PA,106,0,0,587,0,587,G
3-PA,107,0,0,0,584,584,C
3-PA,108,583,0,1,0,584,A
3-PA,109,0,0,601,0,601,G
3-PA,110,0,1,0,606,607,C
3-PA,111,639,0,0,0,639,A
3-PA,112,648,0,0,0,648,A
3-PA,113,0,654,0,0,654,T
3-PA,114,663,0,0,0,663,A
3-PA,115,0,662,0,0,662,T
3-PA,116,0,0,673,0,673,G
3-PA,117,0,0,0,672,672,C
3-PA,118,667,0,0,0,667,A
3-PA,119,0,0,0,678,678,C
3-PA,120,0,661,0,2,663,T
3-PA,121,3,0,0,803,806,C
3-PA,122,822,0,0,0,822,A
3-PA,123,0,0,0,845,845,C
3-PA,124,0,831,0,10,841,T
3-PA,125,1,833,0,1,835,T
3-PA,126,0,3,836,0,839,G
3-PA,127,0,1,842,0,843,G
3-PA,128,831,0,1,0,832,A
3-PA,129,0,4,851,0,855,G
3-PA,130,0,0,835,0,835,G
3-PA,131,0,811,0,0,811,T
3-PA,132,1,0,846,0,847,G
3-PA,133,0,848,0,0,848,T
3-PA,134,0,0,877,0,877,G
3-PA,135,1,874,0,1,876,T
3-PA,136,0,869,0,1,870,T
3-PA,137,0,869,1,1,871,T
3-PA,138,2,0,0,874,876,C
3-PA,139,874,0,1,0,875,A
3-PA,140,0,877,0,0,877,T
3-PA,141,0,0,896,0,896,G
3-PA,142,0,883,0,0,883,T
3-PA,143,883,0,0,0,883,A
3-PA,144,1,882,0,1,884,T
3-PA,145,0,882,0,1,883,T
3-PA,146,2,0,0,885,887,C
3-PA,147,878,0,0,0,878,A
3-PA,148,2,0,888,0,890,G
3-PA,149,886,0,0,0,886,A
3-PA,150,0,872,1,0,873,T
3-PA,151,1,875,0,1,877,T
3-PA,152,0,870,0,1,871,T
3-PA,153,2,0,0,868,870,C
3-PA,154,4,0,0,889,893,C
3-PA,155,892,0,0,0,892,A
3-PA,156,0,894,0,1,895,T
3-PA,157,0,882,0,4,886,T
3-PA,158,1,887,0,1,889,T
3-PA,159,2,0,0,887,889,C
3-PA,160,888,0,1,0,889,A
3-PA,161,0,900,0,1,901,T
3-PA,162,5,0,0,895,900,C
3-PA,163,892,0,1,0,893,A
3-PA,164,900,0,1,0,901,A
3-PA,165,0,900,0,0,900,T
3-PA,166,0,10,920,0,930,G
3-PA,167,928,0,2,0,930,A
3-PA,168,927,0,2,0,929,A
3-PA,169,0,0,0,934,934,C
3-PA,170,929,0,1,0,930,A
3-PA,171,937,0,5,0,942,A
3-PA,172,0,2,939,0,941,G
3-PA,173,0,4,938,0,942,G
3-PA,174,920,0,0,0,920,A
3-PA,175,0,1,976,0,977,G
3-PA,176,1022,0,2,0,1024,A
3-PA,177,1026,0,1,1,1028,A
3-PA,178,0,1029,0,0,1029,T
3-PA,179,2,0,0,1039,1041,C
3-PA,180,1036,0,2,0,1038,A
3-PA,181,1040,0,0,0,1040,A
3-PA,182,0,1043,0,0,1043,T
3-PA,183,1037,0,0,0,1037,A
3-PA,184,0,0,1068,0,1068,G
3-PA,185,0,1050,0,0,1050,T
3-PA,186,1,6,1046,0,1053,G
3-PA,187,0,0,1049,0,1049,G
3-PA,188,0,1050,0,0,1050,T
3-PA,189,1047,0,2,0,1049,A
3-PA,190,0,7,1054,0,1061,G
3-PA,191,1052,0,1,0,1053,A
3-PA,192,1055,0,2,0,1057,A
3-PA,193,0,0,0,1049,1049,C
3-PA,194,0,1023,0,1,1024,T
3-PA,195,0,1020,0,5,1025,T
3-PA,196,2,3,1020,0,1025,G
3-PA,197,1024,0,0,0,1024,A
3-PA,198,1,1,0,1020,1022,C
3-PA,199,1,9,1002,0,1012,G
3-PA,200,1036,0,0,0,1036,A
3-PA,201,0,1054,0,3,1057,T
3-PA,202,1,2,0,1062,1065,C
3-PA,203,2,0,0,1083,1085,C
3-PA,204,1088,0,0,0,1088,A
3-PA,205,1090,0,0,0,1090,A
3-PA,206,1084,0,5,0,1089,A
3-PA,207,0,1092,0,0,1092,T
3-PA,208,0,0,1089,0,1089,G
3-PA,209,2,1,0,1081,1084,C
3-PA,210,1066,0,5,1,1072,A
3-PA,211,0,0,0,1119,1119,C
3-PA,212,0,1102,0,2,1104,T
3-PA,213,0,0,1273,0,1273,G
3-PA,214,0,1273,0,2,1275,T
3-PA,215,0,1271,0,0,1271,T
3-PA,216,1264,1,0,0,1265,A
3-PA,217,1268,0,0,0,1268,A
3-PA,218,1262,0,3,0,1265,A
3-PA,219,0,0,1270,0,1270,G
3-PA,220,1,0,0,1244,1245,C
3-PA,221,1230,0,0,0,1230,A
3-PA,222,2,0,0,1222,1224,C
3-PA,223,1135,0,0,0,1135,A
3-PA,224,0,2,1164,0,1166,G
3-PA,225,1165,0,1,0,1166,A
3-PA,226,0,1161,0,0,1161,T
3-PA,227,0,1158,0,0,1158,T
3-PA,228,0,1145,0,1,1146,T
3-PA,229,0,5,1151,0,1156,G
3-PA,230,1164,0,6,0,1170,A
3-PA,231,1169,0,0,0,1169,A
3-PA,232,1169,0,0,0,1169,A
3-PA,233,0,1136,0,0,1136,T
3-PA,234,1135,0,0,0,1135,A
3-PA,235,1130,0,0,0,1130,A
3-PA,236,0,1134,0,0,1134,T
3-PA,237,0,1122,0,1,1123,T
3-PA,238,0,2,1139,0,1141,G
3-PA,239,1140,0,2,0,1142,A
3-PA,240,0,6,1147,0,1153,G
3-PA,241,1,4,1165,0,1170,G
3-PA,242,0,2,1160,0,1162,G
3-PA,243,0,3,1164,0,1167,G
3-PA,244,1154,0,1,0,1155,A
3-PA,245,0,6,1162,0,1168,G
3-PA,246,1199,1,2,0,1202,A
3-PA,247,1,2,1206,0,1209,G
3-PA,248,1209,0,0,0,1209,A
3-PA,249,0,0,0,1218,1218,C
3-PA,250,1193,0,2,0,1195,A
3-PA,251,1,5,1216,0,1222,G
3-PA,252,1215,0,3,0,1218,A
3-PA,253,1239,0,2,0,1241,A
3-PA,254,0,2,0,1238,1240,C
3-PA,255,1192,0,1,0,1193,A
3-PA,256,1189,1,0,0,1190,A
3-PA,257,0,1194,0,0,1194,T
3-PA,258,0,4,1243,0,1247,G
3-PA,259,0,2,1244,0,1246,G
3-PA,260,1,0,0,1236,1237,C
3-PA,261,0,0,0,1240,1240,C
3-PA,262,0,1217,0,3,1220,T
3-PA,263,0,5,1259,1,1265,G
3-PA,264,0,3,1262,0,1265,G
3-PA,265,1267,0,1,0,1268,A
3-PA,266,0,0,0,1281,1281,C
3-PA,267,1209,0,1,0,1210,A
3-PA,268,0,0,1384,0,1384,G
3-PA,269,0,1374,0,0,1374,T
3-PA,270,1389,0,1,0,1390,A
3-PA,271,0,1,1394,0,1395,G
3-PA,272,0,1360,0,0,1360,T
3-PA,273,1363,0,1,0,1364,A
3-PA,274,1362,0,1,0,1363,A
3-PA,275,1355,0,1,0,1356,A
3-PA,276,0,0,0,1377,1377,C
3-PA,277,1272,0,0,0,1272,A
3-PA,278,0,0,1312,0,1312,G
3-PA,279,0,1289,0,0,1289,T
3-PA,280,1313,0,0,0,1313,A
3-PA,281,0,1306,0,1,1307,T
3-PA,282,1,0,0,1323,1324,C
3-PA,283,0,1318,0,1,1319,T
3-PA,284,1,1,1322,0,1324,G
3-PA,285,0,1,0,1318,1319,C
3-PA,286,1312,1,0,0,1313,A
3-PA,287,1308,0,3,0,1311,A
3-PA,288,0,1,0,1321,1322,C
3-PA,289,1312,0,0,0,1312,A
3-PA,290,0,0,0,1393,1393,C
3-PA,291,0,1372,0,2,1374,T
3-PA,292,1377,0,2,0,1379,A
3-PA,293,1,0,0,1378,1379,C
3-PA,294,0,1365,0,2,1367,T
3-PA,295,0,0,1368,0,1368,G
3-PA,296,0,2,1363,0,1365,G
3-PA,297,1352,0,2,0,1354,A
3-PA,298,0,0,1355,0,1355,G
3-PA,299,0,1,0,1305,1306,C
3-PA,300,0,1303,0,2,1305,T
3-PA,301,1,7,1290,0,1298,G
3-PA,302,0,0,1300,0,1300,G
3-PA,303,0,2,1293,0,1295,G
3-PA,304,1294,0,1,0,1295,A
3-PA,305,1299,1,0,0,1300,A
3-PA,306,1300,0,1,0,1301,A
3-PA,307,0,0,0,1304,1304,C
3-PA,308,0,0,0,1305,1305,C
3-PA,309,0,3,1306,0,1309,G
3-PA,310,1306,0,0,0,1306,A
3-PA,311,1299,0,1,0,1300,A
3-PA,312,0,0,1318,0,1318,G
3-PA,313,1,1309,0,1,1311,T
3-PA,314,0,1309,0,1,1310,T
3-PA,315,0,1310,1,0,1311,T
3-PA,316,3,0,0,1307,1310,C
3-PA,317,0,1314,0,0,1314,T
3-PA,318,1314,0,0,0,1314,A
3-PA,319,2,0,0,1309,1311,C
3-PA,320,2,1,0,1309,1312,C
3-PA,321,1300,0,0,0,1300,A
3-PA,322,0,3,1335,0,1338,G
3-PA,323,1339,0,0,0,1339,A
3-PA,324,1,1339,0,0,1340,T
3-PA,325,0,1338,0,1,1339,T
3-PA,326,0,1339,0,0,1339,T
3-PA,327,0,0,1353,0,1353,G
3-PA,328,0,1352,0,0,1352,T
3-PA,329,1350,0,2,0,1352,A
3-PA,330,0,1353,0,1,1354,T
3-PA,331,0,3,1328,0,1331,G
3-PA,332,1406,0,2,1,1409,A
3-PA,333,0,1410,0,1,1411,T
3-PA,334,0,1408,0,1,1409,T
3-PA,335,1416,0,0,0,1416,A
3-PA,336,0,0,0,1416,1416,C
3-PA,337,1423,0,1,0,1424,A
3-PA,338,1424,0,3,0,1427,A
3-PA,339,0,3,1423,0,1426,G
3-PA,340,0,4,1443,0,1447,G
3-PA,341,1363,0,2,0,1365,A
3-PA,342,23,8,1364,0,1395,G
3-PA,343,1394,1,2,0,1397,A
3-PA,344,1399,0,1,0,1400,A
3-PA,345,0,0,0,1400,1400,C
3-PA,346,1391,0,0,0,1391,A
3-PA,347,0,0,1392,0,1392,G
3-PA,348,1372,0,2,0,1374,A
3-PA,349,0,1356,0,0,1356,T
3-PA,350,0,1343,0,0,1343,T
3-PA,351,8,1,0,1318,1327,C
3-PA,352,1326,0,1,0,1327,A
3-PA,353,0,1326,0,0,1326,T
3-PA,354,1,0,0,1327,1328,C
3-PA,355,0,2,1322,0,1324,G
3-PA,356,1333,0,0,0,1333,A
3-PA,357,1341,0,0,0,1341,A
3-PA,358,1340,0,1,0,1341,A
3-PA,359,0,1342,0,1,1343,T
3-PA,360,0,1337,0,1,1338,T
3-PA,361,0,3,1339,0,1342,G
3-PA,362,0,5,1334,0,1339,G
3-PA,363,0,3,1334,0,1337,G
3-PA,364,0,0,1350,0,1350,G
3-PA,365,1,1331,0,1,1333,T
3-PA,366,0,7,1343,0,1350,G
3-PA,367,1348,0,1,0,1349,A
3-PA,368,0,0,0,1360,1360,C
3-PA,369,1369,1,0,0,1370,A
3-PA,370,1361,0,4,0,1365,A
3-PA,371,0,2,1396,0,1398,G
3-PA,372,1,3,1397,0,1401,G
3-PA,373,1386,0,2,0,1388,A
3-PA,374,0,4,1391,0,1395,G
3-PA,375,1365,0,3,0,1368,A
3-PA,376,0,3,1370,0,1373,G
3-PA,377,1352,0,1,0,1353,A
3-PA,378,1347,0,1,1,1349,A
3-PA,379,0,0,1398,0,1398,G
3-PA,380,0,1359,0,0,1359,T
3-PA,381,7,0,0,1373,1380,C
3-PA,382,5,0,0,1369,1374,C
3-PA,383,1375,1,2,0,1378,A
3-PA,384,0,2,0,1411,1413,C
3-PA,385,1453,0,0,0,1453,A
3-PA,386,0,1489,0,1,1490,T
3-PA,387,1506,0,0,0,1506,A
3-PA,388,1,1449,0,4,1454,T
3-PA,389,1450,0,1,0,1451,A
3-PA,390,0,1428,0,3,1431,T
3-PA,391,0,1415,0,0,1415,T
3-PA,392,1435,0,0,0,1435,A
3-PA,393,1,0,0,1424,1425,C
3-PA,394,0,0,0,1346,1346,C
3-PA,395,0,1321,0,3,1324,T
3-PA,396,0,1283,0,0,1283,T
3-PA,397,2,2,1297,0,1301,G
3-PA,398,1300,0,0,0,1300,A
3-PA,399,1296,0,3,0,1299,A
3-PA,400,1299,1,0,0,1300,A
3-PA,401,1239,0,2,0,1241,A
3-PA,402,0,5,1242,0,1247,G
3-PA,403,0,0,1258,0,1258,G
3-PA,404,0,0,0,1259,1259,C
3-PA,405,3,1,0,1255,1259,C
3-PA,406,1258,0,2,0,1260,A
3-PA,407,1258,0,1,0,1259,A
3-PA,408,0,1261,0,1,1262,T
3-PA,409,1261,0,0,0,1261,A
3-PA,410,1264,0,2,0,1266,A
3-PA,411,0,2,1303,0,1305,G
3-PA,412,1280,2,12,0,1294,A
3-PA,413,1,1294,0,1,1296,T
3-PA,414,0,1290,0,0,1290,T
3-PA,415,1297,0,0,0,1297,A
3-PA,416,1292,0,0,0,1292,A
3-PA,417,1296,0,0,0,1296,A
3-PA,418,0,1309,0,1,1310,T
3-PA,419,1,0,0,1314,1315,C
3-PA,420,0,1273,0,0,1273,T
3-PA,421,0,2,1286,0,1288,G
3-PA,422,1289,1,1,0,1291,A
3-PA,423,0,1,1303,0,1304,G
3-PA,424,1302,0,1,0,1303,A
3-PA,425,1305,0,2,0,1307,A
3-PA,426,0,1,0,1305,1306,C
3-PA,427,1284,0,8,0,1292,A
3-PA,428,0,0,0,1305,1305,C
3-PA,429,1305,0,1,0,1306,A
3-PA,430,0,0,0,1324,1324,C
3-PA,431,1308,0,3,0,1311,A
3-PA,432,0,0,0,1372,1372,C
3-PA,433,1358,0,2,0,1360,A
3-PA,434,0,1356,0,0,1356,T
3-PA,435,0,1349,0,0,1349,T
3-PA,436,5,2,0,1353,1360,C
3-PA,437,1345,1,2,0,1348,A
3-PA,438,1,0,0,1365,1366,C
3-PA,439,1352,0,0,1,1353,A
3-PA,440,0,1354,0,0,1354,T
3-PA,441,0,1299,0,1,1300,T
3-PA,442,0,1313,0,0,1313,T
3-PA,443,0,1311,0,2,1313,T
3-PA,444,3,0,0,1326,1329,C
3-PA,445,0,1298,1,13,1312,T
3-PA,446,9,0,0,1313,1322,C
3-PA,447,1317,0,1,0,1318,A
3-PA,448,0,1314,0,1,1315,T
3-PA,449,0,1315,0,6,1321,T
3-PA,450,5,0,0,1322,1327,C
3-PA,451,1304,1,1,1,1307,A
3-PA,452,0,0,0,1335,1335,C
3-PA,453,0,1328,0,1,1329,T
3-PA,454,0,3,1329,0,1332,G
3-PA,455,0,3,1330,0,1333,G
3-PA,456,1286,0,3,0,1289,A
3-PA,457,0,1,1325,0,1326,G
3-PA,458,1314,0,3,0,1317,A
3-PA,459,0,2,1337,0,1339,G
3-PA,460,0,2,1347,0,1349,G
3-PA,461,1326,0,0,0,1326,A
3-PA,462,1326,0,2,0,1328,A
3-PA,463,1305,0,2,0,1307,A
3-PA,464,1,1296,0,0,1297,T
3-PA,465,0,3,1293,0,1296,G
3-PA,466,0,1,1296,0,1297,G
3-PA,467,1,0,0,1297,1298,C
3-PA,468,3,1,1,1301,1306,C
3-PA,469,1303,0,0,0,1303,A
3-PA,470,0,1,0,1310,1311,C
3-PA,471,1302,0,0,0,1302,A
3-PA,472,1306,0,1,0,1307,A
3-PA,473,1310,0,3,1,1314,A
3-PA,474,0,5,1316,0,1321,G
3-PA,475,0,0,1320,0,1320,G
3-PA,476,2,3,0,1323,1328,C
3-PA,477,1333,0,0,0,1333,A
3-PA,478,1,8,1345,0,1354,G
3-PA,479,1354,0,0,0,1354,A
3-PA,480,0,0,0,1376,1376,C
3-PA,481,0,1355,0,2,1357,T
3-PA,482,1357,1,1,0,1359,A
3-PA,483,0,1,0,1355,1356,C
3-PA,484,1337,0,0,0,1337,A
3-PA,485,0,1,0,1350,1351,C
3-PA,486,0,1307,0,2,1309,T
3-PA,487,4,0,0,1316,1320,C
3-PA,488,0,1294,0,0,1294,T
3-PA,489,7,0,0,1272,1279,C
3-PA,490,0,3,1277,0,1280,G
3-PA,491,1282,1,1,0,1284,A
3-PA,492,0,1,0,1279,1280,C
3-PA,493,0,3,1277,0,1280,G
3-PA,494,1271,2,1,0,1274,A
3-PA,495,0,3,1282,0,1285,G
3-PA,496,1,3,1275,0,1279,G
3-PA,497,1275,1,1,0,1277,A
3-PA,498,1284,0,3,0,1287,A
3-PA,499,1280,0,3,0,1283,A
3-PA,500,0,0,1284,0,1284,G
3-PA,501,0,1,0,1279,1280,C
3-PA,502,1253,0,1,0,1254,A
3-PA,503,1,0,1288,0,1289,G
3-PA,504,0,2,1281,0,1283,G
3-PA,505,0,0,1295,0,1295,G
3-PA,506,1,1,0,1290,1292,C
3-PA,507,0,1271,0,2,1273,T
3-PA,508,1272,0,1,0,1273,A
3-PA,509,0,3,1310,0,1313,G
3-PA,510,0,3,1385,0,1388,G
3-PA,511,1402,1,1,0,1404,A
3-PA,512,0,1365,0,1,1366,T
3-PA,513,0,1332,0,1,1333,T
3-PA,514,1335,0,2,0,1337,A
3-PA,515,1347,0,1,0,1348,A
3-PA,516,0,8,1340,0,1348,G
3-PA,517,1346,0,2,0,1348,A
3-PA,518,0,1,0,1339,1340,C
3-PA,519,2,0,0,1217,1219,C
3-PA,520,1202,0,0,0,1202,A
3-PA,521,1,2,1216,0,1219,G
3-PA,522,0,0,1221,0,1221,G
3-PA,523,0,0,0,1219,1219,C
3-PA,524,0,1196,1,1,1198,T
3-PA,525,0,1,1238,0,1239,G
3-PA,526,0,1226,0,6,1232,T
3-PA,527,0,1227,1,1,1229,T
3-PA,528,0,1236,0,0,1236,T
3-PA,529,1232,0,1,0,1233,A
3-PA,530,0,1,0,1251,1252,C
3-PA,531,3,0,0,1218,1221,C
3-PA,532,1218,2,0,0,1220,A
3-PA,533,0,1215,1,1,1217,T
3-PA,534,1130,0,0,0,1130,A
3-PA,535,1136,0,1,0,1137,A
3-PA,536,0,2,1155,0,1157,G
3-PA,537,1159,0,1,0,1160,A
3-PA,538,0,0,0,1158,1158,C
3-PA,539,1125,1,0,1,1127,A
3-PA,540,1128,0,1,0,1129,A
3-PA,541,0,1,1136,0,1137,G
3-PA,542,1134,0,0,0,1134,A
3-PA,543,1132,0,1,0,1133,A
3-PA,544,1120,0,2,0,1122,A
3-PA,545,0,1090,0,0,1090,T
3-PA,546,1,5,1116,0,1122,G
3-PA,547,0,0,1116,0,1116,G
3-PA,548,1,0,0,1119,1120,C
3-PA,549,4,0,0,1115,1119,C
3-PA,550,1117,0,2,0,1119,A
3-PA,551,1153,0,2,0,1155,A
3-PA,552,0,0,0,1156,1156,C
3-PA,553,1147,1,1,0,1149,A
3-PA,554,0,3,1146,0,1149,G
3-PA,555,1128,0,1,0,1129,A
3-PA,556,0,3,1175,0,1178,G
3-PA,557,0,0,1189,0,1189,G
3-PA,558,0,0,0,1187,1187,C
3-PA,559,1,0,0,1189,1190,C
3-PA,560,0,1146,0,1,1147,T
3-PA,561,1141,0,1,0,1142,A
3-PA,562,0,1178,0,1,1179,T
3-PA,563,0,2,1178,0,1180,G
3-PA,564,0,1,1181,0,1182,G
3-PA,565,0,1,1140,0,1141,G
3-PA,566,1092,0,1,0,1093,A
3-PA,567,0,1084,0,0,1084,T
3-PA,568,0,1072,0,0,1072,T
3-PA,569,6,0,0,1158,1164,C
3-PA,570,2,0,0,1154,1156,C
3-PA,571,0,1142,0,0,1142,T
3-PA,572,0,1138,0,1,1139,T
3-PA,573,0,1128,0,0,1128,T
3-PA,574,4,0,0,1132,1136,C
3-PA,575,0,0,1135,0,1135,G
3-PA,576,0,1135,0,1,1136,T
3-PA,577,4,0,0,1131,1135,C
3-PA,578,1106,0,0,0,1106,A
3-PA,579,0,0,1257,0,1257,G
3-PA,580,0,1251,0,4,1255,T
3-PA,581,5,0,0,1249,1254,C
3-PA,582,2,4,0,1253,1259,C
3-PA,583,3,3,1260,0,1266,G
3-PA,584,1258,0,3,0,1261,A
3-PA,585,1261,0,0,0,1261,A
3-PA,586,1259,0,2,0,1261,A
3-PA,587,0,1,1308,0,1309,G
3-PA,588,1265,0,2,0,1267,A
3-PA,589,0,1,1281,0,1282,G
3-PA,590,0,0,1285,0,1285,G
3-PA,591,2,1,0,1283,1286,C
3-PA,592,0,2,1287,0,1289,G
3-PA,593,1289,0,2,0,1291,A
3-PA,594,1292,0,2,0,1294,A
3-PA,595,0,0,1304,0,1304,G
3-PA,596,1303,0,0,0,1303,A
3-PA,597,1302,0,5,0,1307,A
3-PA,598,1296,0,3,0,1299,A
3-PA,599,0,0,0,1306,1306,C
3-PA,600,1302,0,0,0,1302,A
3-PA,601,1307,0,0,0,1307,A
3-PA,602,0,1309,0,1,1310,T
3-PA,603,0,1302,0,0,1302,T
3-PA,604,0,1,1309,0,1310,G
3-PA,605,1306,0,1,0,1307,A
3-PA,606,1306,0,2,0,1308,A
3-PA,607,0,6,1298,0,1304,G
3-PA,608,1292,0,0,0,1292,A
3-PA,609,1296,0,1,0,1297,A
3-PA,610,1293,0,1,0,1294,A
3-PA,611,1296,0,3,0,1299,A
3-PA,612,1299,0,2,1,1302,A
3-PA,613,0,1301,0,0,1301,T
3-PA,614,0,1303,0,0,1303,T
3-PA,615,0,1301,0,1,1302,T
3-PA,616,0,0,1304,0,1304,G
3-PA,617,1301,0,0,0,1301,A
3-PA,618,1299,0,1,0,1300,A
3-PA,619,1304,0,0,0,1304,A
3-PA,620,0,1315,0,0,1315,T
3-PA,621,1,0,0,1426,1427,C
3-PA,622,1421,0,0,2,1423,A
3-PA,623,0,0,0,1444,1444,C
3-PA,624,1440,0,2,0,1442,A
3-PA,625,0,2,1452,0,1454,G
3-PA,626,0,3,1485,0,1488,G
3-PA,627,1496,0,1,0,1497,A
3-PA,628,1518,0,1,0,1519,A
3-PA,629,0,0,0,1530,1530,C
3-PA,630,0,1446,0,4,1450,T
3-PA,631,1553,0,2,0,1555,A
3-PA,632,0,1557,1,0,1558,T
3-PA,633,1,0,1606,0,1607,G
3-PA,634,1,0,0,1598,1599,C
3-PA,635,3,0,1577,0,1580,G
3-PA,636,1,1562,0,1,1564,T
3-PA,637,1550,3,1,0,1554,A
3-PA,638,0,0,1561,0,1561,G
3-PA,639,0,0,1555,0,1555,G
3-PA,640,0,1,0,1509,1510,C
3-PA,641,0,1473,0,2,1475,T
3-PA,642,0,1442,1,0,1443,T
3-PA,643,1,0,1445,0,1446,G
3-PA,644,0,0,0,1445,1445,C
3-PA,645,4,1,0,1440,1445,C
3-PA,646,2,8,1449,0,1459,G
3-PA,647,1460,0,0,0,1460,A
3-PA,648,0,1,0,1463,1464,C
3-PA,649,7,0,0,1461,1468,C
3-PA,650,1476,0,1,0,1477,A
3-PA,651,1483,0,0,0,1483,A
3-PA,652,1483,0,0,1,1484,A
3-PA,653,0,0,1508,0,1508,G
3-PA,654,0,1507,0,2,1509,T
3-PA,655,6,0,0,1497,1503,C
3-PA,656,0,1497,0,1,1498,T
3-PA,657,3,0,1,1498,1502,C
3-PA,658,2,0,0,1513,1515,C
3-PA,659,5,0,0,1516,1521,C
3-PA,660,1516,0,6,0,1522,A
3-PA,661,0,1,0,1527,1528,C
3-PA,662,3,6,0,1495,1504,C
3-PA,663,0,6,1508,0,1514,G
3-PA,664,1524,0,0,0,1524,A
3-PA,665,1518,2,1,0,1521,A
3-PA,666,0,1,0,1531,1532,C
3-PA,667,0,1498,0,3,1501,T
3-PA,668,0,1523,0,0,1523,T
3-PA,669,3,0,0,1545,1548,C
3-PA,670,0,1533,0,3,1536,T
3-PA,671,3,0,0,1537,1540,C
3-PA,672,3,0,0,1531,1534,C
3-PA,673,0,1506,0,0,1506,T
3-PA,674,0,0,1533,0,1533,G
3-PA,675,0,0,0,1527,1527,C
3-PA,676,1,0,0,1536,1537,C
3-PA,677,0,1514,0,1,1515,T
3-PA,678,0,1499,1,0,1500,T
3-PA,679,0,2,1499,0,1501,G
3-PA,680,1498,0,2,0,1500,A
3-PA,681,0,3,1528,0,1531,G
3-PA,682,1536,0,0,0,1536,A
3-PA,683,1537,0,1,0,1538,A
3-PA,684,0,1569,0,2,1571,T
3-PA,685,0,1568,0,0,1568,T
3-PA,686,0,1570,1,1,1572,T
3-PA,687,0,1576,0,0,1576,T
3-PA,688,1571,0,0,0,1571,A
3-PA,689,2,2,1565,0,1569,G
3-PA,690,1543,1,4,0,1548,A
3-PA,691,1,0,1613,0,1614,G
3-PA,692,1,0,0,1606,1607,C
3-PA,693,2,0,0,1614,1616,C
3-PA,694,0,1631,1,0,1632,T
3-PA,695,1696,0,1,0,1697,A
3-PA,696,0,1702,0,1,1703,T
3-PA,697,0,0,1711,0,1711,G
3-PA,698,1,1708,0,0,1709,T
3-PA,699,0,1,1717,0,1718,G
3-PA,700,1,4,1682,0,1687,G
3-PA,701,1670,0,2,0,1672,A
3-PA,702,1,1648,0,3,1652,T
3-PA,703,35,3,1584,0,1622,G
3-PA,704,0,4,1650,0,1654,G
3-PA,705,1656,0,2,0,1658,A
3-PA,706,0,1649,0,1,1650,T
3-PA,707,0,1649,0,0,1649,T
3-PA,708,7,0,0,1632,1639,C
3-PA,709,0,11,1620,0,1631,G
3-PA,710,1636,0,0,0,1636,A
3-PA,711,1636,0,1,0,1637,A
3-PA,712,0,0,0,1646,1646,C
3-PA,713,2,0,0,1583,1585,C
3-PA,714,0,6,1591,0,1597,G
3-PA,715,1593,0,1,0,1594,A
3-PA,716,1588,0,8,0,1596,A
3-PA,717,1,0,0,1624,1625,C
3-PA,718,2,5,1609,0,1616,G
3-PA,719,0,0,1664,0,1664,G
3-PA,720,1,0,0,1668,1669,C
3-PA,721,0,1629,0,39,1668,T
3-PA,722,3,0,1708,1,1712,G
3-PA,723,0,1,1,1706,1708,C
3-PA,724,1715,0,0,0,1715,A
3-PA,725,0,1716,0,5,1721,T
3-PA,726,0,1692,0,1,1693,T
3-PA,727,1,2,1695,0,1698,G
3-PA,728,1640,0,2,0,1642,A
3-PA,729,0,11,1663,0,1674,G
3-PA,730,0,8,1666,0,1674,G
3-PA,731,0,0,1651,0,1651,G
3-PA,732,1,1,0,1648,1650,C
3-PA,733,1637,0,1,0,1638,A
3-PA,734,1630,0,10,1,1641,A
3-PA,735,0,0,1656,0,1656,G
3-PA,736,0,0,0,1661,1661,C
3-PA,737,0,1658,0,0,1658,T
3-PA,738,0,1645,0,2,1647,T
3-PA,739,0,1643,9,2,1654,T
3-PA,740,2,0,0,1659,1661,C
3-PA,741,1,1654,0,1,1656,T
3-PA,742,9,1,0,1662,1672,C
3-PA,743,1652,0,7,0,1659,A
3-PA,744,1643,0,3,0,1646,A
3-PA,745,1644,0,1,0,1645,A
3-PA,746,0,1637,0,0,1637,T
3-PA,747,0,0,1695,0,1695,G
3-PA,748,0,1684,0,3,1687,T
3-PA,749,5,0,0,1699,1704,C
3-PA,750,3,1,0,1702,1706,C
3-PA,751,1703,0,1,0,1704,A
3-PA,752,1703,0,2,0,1705,A
3-PA,753,1708,0,1,0,1709,A
3-PA,754,0,1,1746,0,1747,G
3-PA,755,1735,1,2,0,1738,A
3-PA,756,1659,0,5,0,1664,A
3-PA,757,0,0,1679,0,1679,G
3-PA,758,2,1655,0,0,1657,T
3-PA,759,0,7,1654,0,1661,G
3-PA,760,1654,0,0,0,1654,A
3-PA,761,1651,0,3,0,1654,A
3-PA,762,0,1654,0,0,1654,T
3-PA,763,0,0,1638,1,1639,G
3-PA,764,1,1,0,1638,1640,C
3-PA,765,0,0,0,1634,1634,C
3-PA,766,4,0,0,1633,1637,C
3-PA,767,1621,0,24,0,1645,A
3-PA,768,1665,0,2,1,1668,A
3-PA,769,1675,0,1,0,1676,A
3-PA,770,0,1667,0,1,1668,T
3-PA,771,0,1667,0,1,1668,T
3-PA,772,0,9,1655,0,1664,G
3-PA,773,1656,0,0,0,1656,A
3-PA,774,1648,0,1,0,1649,A
3-PA,775,0,1,0,1660,1661,C
3-PA,776,3,0,0,1647,1650,C
3-PA,777,0,1615,0,3,1618,T
3-PA,778,0,1648,0,1,1649,T
3-PA,779,0,1647,0,1,1648,T
3-PA,780,0,1682,0,1,1683,T
3-PA,781,3,0,0,1685,1688,C
3-PA,782,1,1677,0,3,1681,T
3-PA,783,1,0,1687,0,1688,G
3-PA,784,1679,0,2,1,1682,A
3-PA,785,1699,0,4,0,1703,A
3-PA,786,0,5,1712,1,1718,G
3-PA,787,1675,1,1,0,1677,A
3-PA,788,1,0,0,1683,1684,C
3-PA,789,1655,0,3,0,1658,A
3-PA,790,1660,0,4,0,1664,A
3-PA,791,1,0,0,1828,1829,C
3-PA,792,1844,0,4,0,1848,A
3-PA,793,0,0,0,1846,1846,C
3-PA,794,5,0,0,1814,1819,C
3-PA,795,1804,1,1,0,1806,A
3-PA,796,1808,1,0,0,1809,A
3-PA,797,0,4,1800,0,1804,G
3-PA,798,1800,0,3,1,1804,A
3-PA,799,0,0,0,1797,1797,C
3-PA,800,0,1,0,1627,1628,C
3-PA,801,1609,0,0,0,1609,A
3-PA,802,1610,0,2,0,1612,A
3-PA,803,0,1619,0,0,1619,T
3-PA,804,6,0,0,1615,1621,C
3-PA,805,1615,0,2,0,1617,A
3-PA,806,1611,0,1,0,1612,A
3-PA,807,1603,0,5,2,1610,A
3-PA,808,0,0,0,1621,1621,C
3-PA,809,0,1606,0,0,1606,T
3-PA,810,0,1616,0,0,1616,T
3-PA,811,1,0,0,1623,1624,C
3-PA,812,7,0,0,1616,1623,C
3-PA,813,1,3,1625,0,1629,G
3-PA,814,1624,0,0,0,1624,A
3-PA,815,1632,0,1,0,1633,A
3-PA,816,0,1635,0,0,1635,T
3-PA,817,0,4,1593,0,1597,G
3-PA,818,1,5,1594,0,1600,G
3-PA,819,1587,0,2,0,1589,A
3-PA,820,1,0,0,1593,1594,C
3-PA,821,0,0,0,1581,1581,C
3-PA,822,0,1615,0,7,1622,T
3-PA,823,3,0,0,1654,1657,C
3-PA,824,3,0,0,1656,1659,C
3-PA,825,1,1655,0,0,1656,T
3-PA,826,0,1657,0,2,1659,T
3-PA,827,0,0,1719,0,1719,G
3-PA,828,0,1693,0,2,1695,T
3-PA,829,0,1693,0,0,1693,T
3-PA,830,1682,0,2,6,1690,A
3-PA,831,0,1613,0,0,1613,T
3-PA,832,3,0,0,1595,1598,C
3-PA,833,1558,0,3,0,1561,A
3-PA,834,0,0,1557,0,1557,G
3-PA,835,0,2,0,1533,1535,C
3-PA,836,0,3,1475,0,1478,G
3-PA,837,1,0,1534,0,1535,G
3-PA,838,0,1526,0,2,1528,T
3-PA,839,7,0,0,1529,1536,C
3-PA,840,4,0,0,1535,1539,C
3-PA,841,1543,0,2,0,1545,A
3-PA,842,1555,1,1,0,1557,A
3-PA,843,1555,0,0,0,1555,A
3-PA,844,0,1557,0,0,1557,T
3-PA,845,0,1552,0,0,1552,T
3-PA,846,3,1,0,1498,1502,C
3-PA,847,1,0,0,1471,1472,C
3-PA,848,0,1467,0,1,1468,T
3-PA,849,4,0,0,1467,1471,C
3-PA,850,1,1,0,1468,1470,C
3-PA,851,0,1458,0,0,1458,T
3-PA,852,2,1,1474,0,1477,G
3-PA,853,1469,0,2,0,1471,A
3-PA,854,0,1473,0,0,1473,T
3-PA,855,1,1,1458,0,1460,G
3-PA,856,0,1,1428,0,1429,G
3-PA,857,1431,0,0,0,1431,A
3-PA,858,0,1412,0,0,1412,T
3-PA,859,1,2,1414,0,1417,G
3-PA,860,0,0,0,1497,1497,C
3-PA,861,0,1481,0,2,1483,T
3-PA,862,0,1478,0,9,1487,T
3-PA,863,0,1485,0,0,1485,T
3-PA,864,1487,0,0,0,1487,A
3-PA,865,1489,0,0,0,1489,A
3-PA,866,1493,0,1,0,1494,A
3-PA,867,1497,0,0,0,1497,A
3-PA,868,0,1497,0,0,1497,T
3-PA,869,0,1306,0,1,1307,T
3-PA,870,0,8,1307,0,1315,G
3-PA,871,1295,2,3,0,1300,A
3-PA,872,0,0,1317,0,1317,G
3-PA,873,1,0,0,1315,1316,C
3-PA,874,1302,0,0,0,1302,A
3-PA,875,0,1327,0,0,1327,T
3-PA,876,0,1327,0,1,1328,T
3-PA,877,0,3,1320,0,1323,G
3-PA,878,1322,1,0,1,1324,A
3-PA,879,1312,0,1,0,1313,A
3-PA,880,0,3,1306,0,1309,G
3-PA,881,1256,0,2,0,1258,A
3-PA,882,0,0,0,1260,1260,C
3-PA,883,2,0,0,1243,1245,C
3-PA,884,3,0,0,1194,1197,C
3-PA,885,1172,0,0,0,1172,A
3-PA,886,1180,0,6,0,1186,A
3-PA,887,2,0,1189,0,1191,G
3-PA,888,1,1192,1,0,1194,T
3-PA,889,8,0,0,1186,1194,C
3-PA,890,1184,0,3,0,1187,A
3-PA,891,1,0,0,1181,1182,C
3-PA,892,2,1,1177,0,1180,G
3-PA,893,1215,0,0,0,1215,A
3-PA,894,1217,1,2,0,1220,A
3-PA,895,0,0,1262,0,1262,G
3-PA,896,0,2,1259,0,1261,G
3-PA,897,1222,0,28,0,1250,A
3-PA,898,0,3,1272,0,1275,G
3-PA,899,1266,0,3,0,1269,A
3-PA,900,1276,0,1,1,1278,A
3-PA,901,1,1,1276,0,1278,G
3-PA,902,0,3,1252,0,1255,G
3-PA,903,1,5,1251,0,1257,G
3-PA,904,1208,0,5,0,1213,A
3-PA,905,0,1213,0,3,1216,T
3-PA,906,2,0,0,1219,1221,C
3-PA,907,1,1,0,1304,1306,C
3-PA,908,4,0,0,1319,1323,C
3-PA,909,1328,0,0,0,1328,A
3-PA,910,0,1332,0,1,1333,T
3-PA,911,0,1350,0,0,1350,T
3-PA,912,1374,0,0,0,1374,A
3-PA,913,0,1373,0,0,1373,T
3-PA,914,1375,0,1,0,1376,A
3-PA,915,0,1371,0,1,1372,T
3-PA,916,0,3,1234,0,1237,G
3-PA,917,1225,1,2,0,1228,A
3-PA,918,0,1214,0,1,1215,T
3-PA,919,0,0,1227,0,1227,G
3-PA,920,0,0,0,1214,1214,C
3-PA,921,1,4,1210,0,1215,G
3-PA,922,1228,0,0,0,1228,A
3-PA,923,0,1222,0,2,1224,T
3-PA,924,5,0,0,1229,1234,C
3-PA,925,1231,0,0,0,1231,A
3-PA,926,1217,0,4,0,1221,A
3-PA,927,3,0,1219,0,1222,G
3-PA,928,0,1206,0,1,1207,T
3-PA,929,0,0,1214,0,1214,G
3-PA,930,2,0,0,1217,1219,C
3-PA,931,1211,0,2,1,1214,A
3-PA,932,0,1219,0,0,1219,T
3-PA,933,1218,0,1,0,1219,A
3-PA,934,1235,0,1,0,1236,A
3-PA,935,1234,0,0,0,1234,A
3-PA,936,1217,0,11,0,1228,A
3-PA,937,1224,0,1,0,1225,A
3-PA,938,0,0,0,1227,1227,C
3-PA,939,1214,0,0,0,1214,A
3-PA,940,0,1225,0,0,1225,T
3-PA,941,0,1218,0,1,1219,T
3-PA,942,1,0,0,1224,1225,C
3-PA,943,0,1204,0,1,1205,T
3-PA,944,0,1199,0,0,1199,T
3-PA,945,0,1202,0,1,1203,T
3-PA,946,0,3,1201,0,1204,G
3-PA,947,0,5,1195,0,1200,G
3-PA,948,1194,0,1,0,1195,A
3-PA,949,0,1193,0,2,1195,T
3-PA,950,1,1,1209,0,1211,G
3-PA,951,0,2,1231,0,1233,G
3-PA,952,1239,0,1,0,1240,A
3-PA,953,1237,0,2,0,1239,A
3-PA,954,1241,0,3,0,1244,A
3-PA,955,1,4,1244,0,1249,G
3-PA,956,1244,0,0,0,1244,A
3-PA,957,1371,0,1,0,1372,A
3-PA,958,0,1,0,1393,1394,C
3-PA,959,7,0,0,1388,1395,C
3-PA,960,2,1379,0,1,1382,T
3-PA,961,0,1398,1,1,1400,T
3-PA,962,1404,0,0,0,1404,A
3-PA,963,0,1398,0,0,1398,T
3-PA,964,1389,0,1,0,1390,A
3-PA,965,0,1404,0,0,1404,T
3-PA,966,1254,1,1,0,1256,A
3-PA,967,0,0,1265,0,1265,G
3-PA,968,0,1245,0,2,1247,T
3-PA,969,3,0,0,1244,1247,C
3-PA,970,1241,0,1,0,1242,A
3-PA,971,1242,0,1,0,1243,A
3-PA,972,1236,0,3,0,1239,A
3-PA,973,0,0,0,1245,1245,C
3-PA,974,1,0,0,1229,1230,C
3-PA,975,1206,0,3,0,1209,A
3-PA,976,1,1,0,1230,1232,C
3-PA,977,1228,1,2,0,1231,A
3-PA,978,0,0,0,1240,1240,C
3-PA,979,0,2,1238,0,1240,G
3-PA,980,1220,0,1,0,1221,A
3-PA,981,1222,2,1,0,1225,A
3-PA,982,1225,0,2,0,1227,A
3-PA,983,1223,0,0,0,1223,A
3-PA,984,1,2,1239,0,1242,G
3-PA,985,0,1,1237,0,1238,G
3-PA,986,0,2,1246,0,1248,G
3-PA,987,1238,0,1,0,1239,A
3-PA,988,1238,0,3,0,1241,A
3-PA,989,0,1241,1,0,1242,T
3-PA,990,1242,0,0,0,1242,A
3-PA,991,1240,0,0,0,1240,A
3-PA,992,1246,0,0,0,1246,A
3-PA,993,1,1237,1,0,1239,T
3-PA,994,0,1241,0,0,1241,T
3-PA,995,6,0,0,1242,1248,C
3-PA,996,1246,1,0,0,1247,A
3-PA,997,1254,0,2,0,1256,A
3-PA,998,1256,0,0,0,1256,A
3-PA,999,0,1258,0,0,1258,T
3-PA,1000,0,1262,0,0,1262,T
3-PA,1001,1268,0,0,0,1268,A
3-PA,1002,1,0,0,1261,1262,C
3-PA,1003,1,0,0,1263,1264,C
3-PA,1004,0,1226,0,3,1229,T
3-PA,1005,0,0,1237,0,1237,G
3-PA,1006,0,2,1,1233,1236,C
3-PA,1007,0,1238,0,1,1239,T
3-PA,1008,0,0,1264,1,1265,G
3-PA,1009,0,1265,0,1,1266,T
3-PA,1010,11,0,0,1255,1266,C
3-PA,1011,1265,0,1,0,1266,A
3-PA,1012,0,1259,0,3,1262,T
3-PA,1013,0,3,1262,0,1265,G
3-PA,1014,0,0,1257,0,1257,G
3-PA,1015,1258,1,1,0,1260,A
3-PA,1016,1288,0,2,0,1290,A
3-PA,1017,0,0,1289,0,1289,G
3-PA,1018,0,0,0,1286,1286,C
3-PA,1019,1281,0,1,0,1282,A
3-PA,1020,1280,0,2,0,1282,A
3-PA,1021,0,0,1285,0,1285,G
3-PA,1022,0,1288,0,1,1289,T
3-PA,1023,1289,0,0,0,1289,A
3-PA,1024,0,1,0,1286,1287,C
3-PA,1025,0,1256,1,2,1259,T
3-PA,1026,0,0,1271,0,1271,G
3-PA,1027,0,1262,0,0,1262,T
3-PA,1028,4,0,0,1265,1269,C
3-PA,1029,1265,0,2,0,1267,A
3-PA,1030,0,3,1271,0,1274,G
3-PA,1031,1274,0,2,0,1276,A
3-PA,1032,1277,0,0,0,1277,A
3-PA,1033,0,1291,0,0,1291,T
3-PA,1034,0,1287,0,0,1287,T
3-PA,1035,0,1,1280,0,1281,G
3-PA,1036,1,0,0,1271,1272,C
3-PA,1037,1278,0,0,0,1278,A
3-PA,1038,0,4,1270,1,1275,G
3-PA,1039,0,0,1260,0,1260,G
3-PA,1040,1264,0,0,0,1264,A
3-PA,1041,0,0,0,1261,1261,C
3-PA,1042,0,0,1245,0,1245,G
3-PA,1043,0,1270,0,1,1271,T
3-PA,1044,0,1273,0,0,1273,T
3-PA,1045,0,9,1274,0,1283,G
3-PA,1046,1271,0,1,0,1272,A
3-PA,1047,1279,0,3,0,1282,A
3-PA,1048,1276,0,1,0,1277,A
3-PA,1049,1281,0,0,0,1281,A
3-PA,1050,0,1271,0,0,1271,T
3-PA,1051,0,3,1277,0,1280,G
3-PA,1052,1263,0,0,0,1263,A
3-PA,1053,0,3,1269,0,1272,G
3-PA,1054,1,2,1275,0,1278,G
3-PA,1055,1270,0,1,0,1271,A
3-PA,1056,0,0,1274,0,1274,G
3-PA,1057,1277,0,0,0,1277,A
3-PA,1058,1274,1,1,0,1276,A
3-PA,1059,0,4,1272,0,1276,G
3-PA,1060,0,1,1252,0,1253,G
3-PA,1061,0,1304,0,2,1306,T
3-PA,1062,0,1295,0,3,1298,T
3-PA,1063,1,0,0,1303,1304,C
3-PA,1064,0,0,0,1306,1306,C
3-PA,1065,1303,0,2,0,1305,A
3-PA,1066,1298,0,2,0,1300,A
3-PA,1067,0,2,1314,0,1316,G
3-PA,1068,0,4,1321,0,1325,G
3-PA,1069,1297,0,0,0,1297,A
3-PA,1070,0,0,0,1306,1306,C
3-PA,1071,0,1304,0,1,1305,T
3-PA,1072,1304,0,0,0,1304,A
3-PA,1073,1306,0,2,0,1308,A
3-PA,1074,1307,0,0,0,1307,A
3-PA,1075,1309,0,1,0,1310,A
3-PA,1076,1298,0,1,0,1299,A
3-PA,1077,0,0,0,1284,1284,C
3-PA,1078,1279,0,3,0,1282,A
3-PA,1079,0,1269,0,5,1274,T
3-PA,1080,0,3,1283,0,1286,G
3-PA,1081,1286,0,2,0,1288,A
3-PA,1082,1288,1,2,0,1291,A
3-PA,1083,0,1,1310,0,1311,G
3-PA,1084,1310,0,2,0,1312,A
3-PA,1085,1318,0,0,0,1318,A
3-PA,1086,1308,0,0,0,1308,A
3-PA,1087,1304,0,1,0,1305,A
3-PA,1088,0,1,0,1311,1312,C
3-PA,1089,0,1,1307,0,1308,G
3-PA,1090,1315,0,0,0,1315,A
3-PA,1091,0,0,1312,0,1312,G
3-PA,1092,0,1306,0,0,1306,T
3-PA,1093,4,1,0,1326,1331,C
3-PA,1094,1336,0,0,0,1336,A
3-PA,1095,1354,0,2,0,1356,A
3-PA,1096,0,0,0,1354,1354,C
3-PA,1097,0,1351,0,2,1353,T
3-PA,1098,0,2,1378,0,1380,G
3-PA,1099,1372,0,0,0,1372,A
3-PA,1100,1375,0,5,0,1380,A
3-PA,1101,0,1,1380,0,1381,G
3-PA,1102,0,1326,0,1,1327,T
3-PA,1103,2,4,1332,0,1338,G
3-PA,1104,0,1,1326,0,1327,G
3-PA,1105,0,0,1329,0,1329,G
3-PA,1106,0,0,0,1331,1331,C
3-PA,1107,0,1309,0,2,1311,T
3-PA,1108,2,0,0,1321,1323,C
3-PA,1109,0,1318,0,0,1318,T
3-PA,1110,0,1322,0,0,1322,T
3-PA,1111,0,0,1349,0,1349,G
3-PA,1112,0,0,1351,0,1351,G
3-PA,1113,0,1342,0,0,1342,T
3-PA,1114,0,3,1338,0,1341,G
3-PA,1115,1336,0,0,0,1336,A
3-PA,1116,1350,0,1,0,1351,A
3-PA,1117,1347,0,0,0,1347,A
3-PA,1118,1352,1,1,1,1355,A
3-PA,1119,0,1,0,1365,1366,C
3-PA,1120,1347,0,2,0,1349,A
3-PA,1121,0,1356,1,0,1357,T
3-PA,1122,0,3,1351,0,1354,G
3-PA,1123,0,1,1392,0,1393,G
3-PA,1124,0,0,0,1405,1405,C
3-PA,1125,1397,0,1,1,1399,A
3-PA,1126,0,1,0,1404,1405,C
3-PA,1127,3,0,1,1413,1417,C
3-PA,1128,1448,0,1,0,1449,A
3-PA,1129,0,3,1466,0,1469,G
3-PA,1130,1461,0,1,0,1462,A
3-PA,1131,8,1,1465,0,1474,G
3-PA,1132,1469,0,1,0,1470,A
3-PA,1133,1463,0,3,0,1466,A
3-PA,1134,0,2,1481,0,1483,G
3-PA,1135,0,2,1467,0,1469,G
3-PA,1136,0,1448,0,0,1448,T
3-PA,1137,1453,0,2,0,1455,A
3-PA,1138,1,4,1446,0,1451,G
3-PA,1139,1455,0,0,1,1456,A
3-PA,1140,1,1,0,1465,1467,C
3-PA,1141,1,1435,1,4,1441,T
3-PA,1142,0,1442,0,3,1445,T
3-PA,1143,0,1451,0,0,1451,T
3-PA,1144,0,4,1449,0,1453,G
3-PA,1145,1448,0,5,0,1453,A
3-PA,1146,1451,0,1,0,1452,A
3-PA,1147,1455,0,0,0,1455,A
3-PA,1148,1443,0,2,0,1445,A
3-PA,1149,0,0,0,1471,1471,C
3-PA,1150,0,1465,0,0,1465,T
3-PA,1151,1,0,1488,0,1489,G
3-PA,1152,0,0,0,1488,1488,C
3-PA,1153,1484,1,5,1,1491,A
3-PA,1154,0,0,1491,0,1491,G
3-PA,1155,1483,1,4,0,1488,A
3-PA,1156,0,4,1553,0,1557,G
3-PA,1157,1564,0,1,0,1565,A
3-PA,1158,1,1,0,1548,1550,C
3-PA,1159,1544,0,0,0,1544,A
3-PA,1160,0,1536,0,0,1536,T
3-PA,1161,1538,0,2,0,1540,A
3-PA,1162,1537,0,1,0,1538,A
3-PA,1163,0,0,1535,0,1535,G
3-PA,1164,1,0,0,1532,1533,C
3-PA,1165,0,4,1496,1,1501,G
3-PA,1166,1522,0,0,1,1523,A
3-PA,1167,0,1518,0,1,1519,T
3-PA,1168,0,1519,0,1,1520,T
3-PA,1169,1,1523,0,0,1524,T
3-PA,1170,0,4,1523,0,1527,G
3-PA,1171,1528,0,2,0,1530,A
3-PA,1172,1522,1,3,1,1527,A
3-PA,1173,0,0,1541,0,1541,G
3-PA,1174,0,1,0,1592,1593,C
3-PA,1175,1564,0,0,0,1564,A
3-PA,1176,1698,0,1,0,1699,A
3-PA,1177,0,1696,0,1,1697,T
3-PA,1178,1694,0,0,0,1694,A
3-PA,1179,0,1706,0,0,1706,T
3-PA,1180,0,5,1698,0,1703,G
3-PA,1181,1727,0,1,0,1728,A
3-PA,1182,0,1727,0,0,1727,T
3-PA,1183,1671,0,0,0,1671,A
3-PA,1184,0,0,1683,0,1683,G
3-PA,1185,0,1614,0,0,1614,T
3-PA,1186,0,6,1607,0,1613,G
3-PA,1187,1617,0,1,0,1618,A
3-PA,1188,0,0,0,1600,1600,C
3-PA,1189,1,9,1586,0,1596,G
3-PA,1190,1609,0,0,0,1609,A
3-PA,1191,1610,0,2,0,1612,A
3-PA,1192,0,1,0,1631,1632,C
3-PA,1193,1,0,0,1625,1626,C
3-PA,1194,0,1618,0,3,1621,T
3-PA,1195,0,8,1678,0,1686,G
3-PA,1196,1681,1,1,0,1683,A
3-PA,1197,1685,0,1,0,1686,A
3-PA,1198,1,1683,0,0,1684,T
3-PA,1199,0,1670,0,1,1671,T
3-PA,1200,1672,0,0,0,1672,A
3-PA,1201,1652,0,1,0,1653,A
3-PA,1202,1,4,1660,0,1665,G
3-PA,1203,0,0,1664,0,1664,G
3-PA,1204,0,1611,0,3,1614,T
3-PA,1205,5,0,0,1610,1615,C
3-PA,1206,1616,1,2,0,1619,A
3-PA,1207,0,0,0,1683,1683,C
3-PA,1208,0,1677,0,0,1677,T
3-PA,1209,0,1681,0,1,1682,T
3-PA,1210,0,1683,0,4,1687,T
3-PA,1211,3,0,0,1683,1686,C
3-PA,1212,1684,0,3,0,1687,A
3-PA,1213,1680,0,2,0,1682,A
3-PA,1214,0,0,1713,0,1713,G
3-PA,1215,0,0,0,1707,1707,C
3-PA,1216,0,1668,0,2,1670,T
3-PA,1217,0,1,1720,0,1721,G
3-PA,1218,1,1,1725,0,1727,G
3-PA,1219,1761,0,1,0,1762,A
3-PA,1220,0,1772,0,2,1774,T
3-PA,1221,1765,1,2,0,1768,A
3-PA,1222,0,0,0,1780,1780,C
3-PA,1223,1756,0,0,0,1756,A
3-PA,1224,0,2,1779,0,1781,G
3-PA,1225,1774,0,2,0,1776,A
3-PA,1226,1737,0,0,0,1737,A
3-PA,1227,0,1730,0,0,1730,T
3-PA,1228,0,5,1727,0,1732,G
3-PA,1229,1701,0,1,0,1702,A
3-PA,1230,0,0,1735,0,1735,G
3-PA,1231,0,1721,0,3,1724,T
3-PA,1232,0,1716,0,0,1716,T
3-PA,1233,11,0,0,1728,1739,C
3-PA,1234,1747,0,1,0,1748,A
3-PA,1235,1747,0,4,1,1752,A
3-PA,1236,0,0,0,1750,1750,C
3-PA,1237,1731,0,0,0,1731,A
3-PA,1238,1725,0,3,0,1728,A
3-PA,1239,0,0,1709,0,1709,G
3-PA,1240,1,4,1718,0,1723,G
3-PA,1241,1,0,0,1729,1730,C
3-PA,1242,0,0,0,1727,1727,C
3-PA,1243,0,1706,0,2,1708,T
3-PA,1244,1,0,1730,0,1731,G
3-PA,1245,0,1728,0,1,1729,T
3-PA,1246,0,3,1741,0,1744,G
3-PA,1247,1725,1,6,0,1732,A
3-PA,1248,2,0,1734,0,1736,G
3-PA,1249,0,0,0,1729,1729,C
3-PA,1250,0,1707,0,0,1707,T
3-PA,1251,1758,0,1,1,1760,A
3-PA,1252,1756,0,1,0,1757,A
3-PA,1253,0,0,0,1763,1763,C
3-PA,1254,0,1743,0,1,1744,T
3-PA,1255,0,6,1741,0,1747,G
3-PA,1256,1741,0,1,0,1742,A
3-PA,1257,0,1738,0,1,1739,T
3-PA,1258,0,1737,0,0,1737,T
3-PA,1259,3,1,0,1740,1744,C
3-PA,1260,1777,0,2,0,1779,A
3-PA,1261,0,0,1814,0,1814,G
3-PA,1262,1,1805,0,0,1806,T
3-PA,1263,3,0,0,1803,1806,C
3-PA,1264,0,1788,0,0,1788,T
3-PA,1265,0,4,1866,0,1870,G
3-PA,1266,0,2,1870,0,1872,G
3-PA,1267,1869,0,4,0,1873,A
3-PA,1268,0,1872,0,3,1875,T
3-PA,1269,1765,0,2,0,1767,A
3-PA,1270,0,2,1764,0,1766,G
3-PA,1271,1739,0,4,0,1743,A
3-PA,1272,1,0,1762,0,1763,G
3-PA,1273,2,0,0,1754,1756,C
3-PA,1274,0,1721,0,2,1723,T
3-PA,1275,4,1,0,1723,1728,C
3-PA,1276,1,1,1735,0,1737,G
3-PA,1277,1732,0,1,0,1733,A
3-PA,1278,0,1735,0,0,1735,T
3-PA,1279,1,3,1726,0,1730,G
3-PA,1280,1767,0,1,0,1768,A
3-PA,1281,1768,0,3,0,1771,A
3-PA,1282,1782,0,0,0,1782,A
3-PA,1283,0,1778,0,0,1778,T
3-PA,1284,0,1774,0,1,1775,T
3-PA,1285,0,2,1797,0,1799,G
3-PA,1286,0,3,1795,0,1798,G
3-PA,1287,1791,0,3,0,1794,A
3-PA,1288,0,1,1785,0,1786,G
3-PA,1289,1768,0,2,0,1770,A
3-PA,1290,0,4,1778,0,1782,G
3-PA,1291,0,2,1802,0,1804,G
3-PA,1292,1821,0,1,0,1822,A
3-PA,1293,1,3,0,1818,1822,C
3-PA,1294,0,2,1810,0,1812,G
3-PA,1295,0,1810,0,1,1811,T
3-PA,1296,1812,0,0,0,1812,A
3-PA,1297,0,0,1830,0,1830,G
3-PA,1298,0,1,0,1842,1843,C
3-PA,1299,2,0,0,1803,1805,C
3-PA,1300,3,1,0,1805,1809,C
3-PA,1301,2,1,1,1794,1798,C
3-PA,1302,1798,0,0,0,1798,A
3-PA,1303,1868,0,0,0,1868,A
3-PA,1304,0,1860,0,0,1860,T
3-PA,1305,0,1850,0,0,1850,T
3-PA,1306,1,7,1841,0,1849,G
3-PA,1307,1820,0,2,0,1822,A
3-PA,1308,0,0,1825,0,1825,G
3-PA,1309,0,2,0,1824,1826,C
3-PA,1310,1805,0,1,0,1806,A
3-PA,1311,0,1,0,1837,1838,C
3-PA,1312,1779,0,1,0,1780,A
3-PA,1313,0,1837,0,4,1841,T
3-PA,1314,0,1839,0,1,1840,T
3-PA,1315,0,0,1845,0,1845,G
3-PA,1316,0,0,0,1838,1838,C
3-PA,1317,1830,0,2,0,1832,A
3-PA,1318,1836,0,0,1,1837,A
3-PA,1319,0,0,1844,0,1844,G
3-PA,1320,0,0,0,1813,1813,C
3-PA,1321,1801,0,1,0,1802,A
3-PA,1322,0,1751,1,2,1754,T
3-PA,1323,0,5,1750,0,1755,G
3-PA,1324,1745,0,4,0,1749,A
3-PA,1325,1,2,1754,0,1757,G
3-PA,1326,1752,0,2,0,1754,A
3-PA,1327,1753,0,1,0,1754,A
3-PA,1328,0,4,1745,0,1749,G
3-PA,1329,0,6,1756,0,1762,G
3-PA,1330,1754,0,4,0,1758,A
3-PA,1331,1755,0,3,0,1758,A
3-PA,1332,1,1756,0,1,1758,T
3-PA,1333,0,1764,0,0,1764,T
3-PA,1334,1774,0,0,0,1774,A
3-PA,1335,1,1780,0,2,1783,T
3-PA,1336,0,1771,0,1,1772,T
3-PA,1337,0,1773,0,0,1773,T
3-PA,1338,4,0,0,1753,1757,C
3-PA,1339,1753,0,1,1,1755,A
3-PA,1340,1,0,0,1790,1791,C
3-PA,1341,1790,0,0,0,1790,A
3-PA,1342,2,1,1801,0,1804,G
3-PA,1343,2,1,0,1799,1802,C
3-PA,1344,1803,0,2,0,1805,A
3-PA,1345,0,0,1816,0,1816,G
3-PA,1346,1802,1,4,0,1807,A
3-PA,1347,0,4,1817,0,1821,G
3-PA,1348,0,0,1820,0,1820,G
3-PA,1349,0,1759,0,3,1762,T
3-PA,1350,1,0,1787,0,1788,G
3-PA,1351,0,1779,0,3,1782,T
3-PA,1352,4,1,0,1772,1777,C
3-PA,1353,3,0,0,1790,1793,C
3-PA,1354,4,0,0,1767,1771,C
3-PA,1355,1796,0,0,0,1796,A
3-PA,1356,0,1822,0,2,1824,T
3-PA,1357,0,1805,0,3,1808,T
3-PA,1358,0,0,1821,0,1821,G
3-PA,1359,0,1789,0,0,1789,T
3-PA,1360,1756,0,1,0,1757,A
3-PA,1361,0,1,1757,0,1758,G
3-PA,1362,1708,0,1,1,1710,A
3-PA,1363,2,0,1716,0,1718,G
3-PA,1364,1,0,0,1691,1692,C
3-PA,1365,3,0,0,1664,1667,C
3-PA,1366,1681,0,1,0,1682,A
3-PA,1367,0,0,0,1687,1687,C
3-PA,1368,0,1679,0,2,1681,T
3-PA,1369,1,3,1680,0,1684,G
3-PA,1370,1674,0,1,0,1675,A
3-PA,1371,1652,0,0,0,1652,A
3-PA,1372,0,1691,0,2,1693,T
3-PA,1373,1703,1,0,0,1704,A
3-PA,1374,0,0,0,1719,1719,C
3-PA,1375,1675,0,1,0,1676,A
3-PA,1376,0,1689,0,0,1689,T
3-PA,1377,1665,0,1,1,1667,A
3-PA,1378,1673,0,2,0,1675,A
3-PA,1379,0,1666,1,1,1668,T
3-PA,1380,0,1,1651,0,1652,G
3-PA,1381,1640,0,1,0,1641,A
3-PA,1382,1604,0,5,0,1609,A
3-PA,1383,0,4,1604,0,1608,G
3-PA,1384,2,3,1590,0,1595,G
3-PA,1385,0,6,1609,0,1615,G
3-PA,1386,0,3,1614,0,1617,G
3-PA,1387,0,0,1633,0,1633,G
3-PA,1388,0,1597,0,0,1597,T
3-PA,1389,1605,0,1,0,1606,A
3-PA,1390,0,1611,0,0,1611,T
3-PA,1391,1663,0,2,0,1665,A
3-PA,1392,0,0,0,1806,1806,C
3-PA,1393,1739,0,2,0,1741,A
3-PA,1394,0,1706,0,2,1708,T
3-PA,1395,0,1677,0,1,1678,T
3-PA,1396,1662,0,0,0,1662,A
3-PA,1397,1702,1,2,0,1705,A
3-PA,1398,0,0,0,1704,1704,C
3-PA,1399,1688,0,0,0,1688,A
3-PA,1400,1,0,0,1691,1692,C
3-PA,1401,0,1489,0,2,1491,T
3-PA,1402,2,1,1538,0,1541,G
3-PA,1403,0,0,0,1534,1534,C
3-PA,1404,2,1,0,1528,1531,C
3-PA,1405,5,1,0,1537,1543,C
3-PA,1406,0,1491,0,1,1492,T
3-PA,1407,0,0,1554,0,1554,G
3-PA,1408,0,0,0,1555,1555,C
3-PA,1409,0,1552,0,2,1554,T
3-PA,1410,6,0,0,1603,1609,C
3-PA,1411,1571,0,0,0,1571,A
3-PA,1412,1584,0,1,1,1586,A
3-PA,1413,0,1590,0,0,1590,T
3-PA,1414,1,0,1581,0,1582,G
3-PA,1415,0,1,0,1584,1585,C
3-PA,1416,1553,1,0,0,1554,A
3-PA,1417,1,1538,1,7,1547,T
3-PA,1418,3,0,0,1541,1544,C
3-PA,1419,2,0,0,1562,1564,C
3-PA,1420,0,1503,0,2,1505,T
3-PA,1421,0,0,1548,0,1548,G
3-PA,1422,0,1544,0,0,1544,T
3-PA,1423,1,0,1545,0,1546,G
3-PA,1424,0,1,0,1543,1544,C
3-PA,1425,1519,0,2,0,1521,A
3-PA,1426,2,0,1527,0,1529,G
3-PA,1427,0,0,0,1529,1529,C
3-PA,1428,1501,0,2,0,1503,A
3-PA,1429,1506,0,1,0,1507,A
3-PA,1430,0,1449,1,1,1451,T
3-PA,1431,0,2,1462,0,1464,G
3-PA,1432,1,1,1457,0,1459,G
3-PA,1433,1451,1,5,0,1457,A
3-PA,1434,0,1,0,1452,1453,C
3-PA,1435,0,5,1429,0,1434,G
3-PA,1436,1463,0,0,1,1464,A
3-PA,1437,0,1454,0,0,1454,T
3-PA,1438,0,1461,0,2,1463,T
3-PA,1439,0,1455,0,3,1458,T
3-PA,1440,0,1457,0,0,1457,T
3-PA,1441,9,0,0,1453,1462,C
3-PA,1442,1461,0,0,1,1462,A
3-PA,1443,1468,0,0,0,1468,A
3-PA,1444,0,0,0,1464,1464,C
3-PA,1445,0,1439,0,0,1439,T
3-PA,1446,1443,0,0,0,1443,A
3-PA,1447,1442,0,0,0,1442,A
3-PA,1448,0,1433,0,2,1435,T
3-PA,1449,3,1426,0,5,1434,T
3-PA,1450,1,0,0,1439,1440,C
3-PA,1451,1,0,0,1437,1438,C
3-PA,1452,3,1,0,1429,1433,C
3-PA,1453,1438,0,3,1,1442,A
3-PA,1454,0,1478,0,1,1479,T
3-PA,1455,0,1,1483,0,1484,G
3-PA,1456,1478,1,1,0,1480,A
3-PA,1457,0,1475,0,1,1476,T
3-PA,1458,1461,0,1,0,1462,A
3-PA,1459,1465,0,4,0,1469,A
3-PA,1460,0,0,1468,0,1468,G
3-PA,1461,1,1,0,1463,1465,C
3-PA,1462,1452,0,1,0,1453,A
3-PA,1463,1411,0,1,0,1412,A
3-PA,1464,0,1,1439,0,1440,G
3-PA,1465,0,1431,0,1,1432,T
3-PA,1466,1,1,1422,0,1424,G
3-PA,1467,0,0,0,1415,1415,C
3-PA,1468,1405,1,1,0,1407,A
3-PA,1469,0,3,1443,0,1446,G
3-PA,1470,1442,0,1,0,1443,A
3-PA,1471,1454,1,2,0,1457,A
3-PA,1472,0,0,1,1457,1458,C
3-PA,1473,0,1417,0,0,1417,T
3-PA,1474,1429,0,1,0,1430,A
3-PA,1475,1427,0,1,0,1428,A
3-PA,1476,1424,0,2,0,1426,A
3-PA,1477,0,4,1421,0,1425,G
3-PA,1478,1347,0,1,0,1348,A
3-PA,1479,0,8,1340,0,1348,G
3-PA,1480,0,2,1308,0,1310,G
3-PA,1481,0,2,1301,0,1303,G
3-PA,1482,1288,0,3,0,1291,A
3-PA,1483,1259,0,1,0,1260,A
3-PA,1484,0,1,1256,0,1257,G
3-PA,1485,2,0,1255,0,1257,G
3-PA,1486,1,0,0,1255,1256,C
3-PA,1487,1,4,1251,0,1256,G
3-PA,1488,1249,0,0,0,1249,A
3-PA,1489,1256,0,0,0,1256,A
3-PA,1490,1252,0,4,0,1256,A
3-PA,1491,1258,0,0,0,1258,A
3-PA,1492,1256,1,2,0,1259,A
3-PA,1493,2,0,0,1258,1260,C
3-PA,1494,5,1,0,1245,1251,C
3-PA,1495,1252,0,0,0,1252,A
3-PA,1496,1274,0,0,0,1274,A
3-PA,1497,0,1271,0,1,1272,T
3-PA,1498,0,1275,0,0,1275,T
3-PA,1499,0,1275,0,0,1275,T
3-PA,1500,1276,0,0,0,1276,A
3-PA,1501,0,1276,0,0,1276,T
3-PA,1502,1268,0,3,1,1272,A
3-PA,1503,1,1255,0,1,1257,T
3-PA,1504,0,2,1243,0,1245,G
3-PA,1505,0,2,1232,0,1234,G
3-PA,1506,1235,0,0,0,1235,A
3-PA,1507,0,1233,0,2,1235,T
3-PA,1508,0,1219,0,1,1220,T
3-PA,1509,8,1,0,1203,1212,C
3-PA,1510,1215,0,1,0,1216,A
3-PA,1511,0,1228,0,0,1228,T
3-PA,1512,4,0,0,1225,1229,C
3-PA,1513,1221,1,1,0,1223,A
3-PA,1514,0,1205,0,1,1206,T
3-PA,1515,1193,0,0,0,1193,A
3-PA,1516,1187,0,2,1,1190,A
3-PA,1517,1186,0,1,0,1187,A
3-PA,1518,0,3,1182,1,1186,G
3-PA,1519,0,1,1163,0,1164,G
3-PA,1520,0,1,1140,0,1141,G
3-PA,1521,1135,0,1,0,1136,A
3-PA,1522,1121,0,1,0,1122,A
3-PA,1523,1,1,1117,0,1119,G
3-PA,1524,1108,0,0,0,1108,A
3-PA,1525,0,1104,0,2,1106,T
3-PA,1526,1,0,0,1101,1102,C
3-PA,1527,1,1081,0,2,1084,T
3-PA,1528,2,0,0,1109,1111,C
3-PA,1529,1103,0,2,0,1105,A
3-PA,1530,0,1102,0,0,1102,T
3-PA,1531,0,1107,0,1,1108,T
3-PA,1532,0,1085,0,0,1085,T
3-PA,1533,1075,0,1,0,1076,A
3-PA,1534,1076,0,0,0,1076,A
3-PA,1535,0,1,1075,1,1077,G
3-PA,1536,0,2,1087,0,1089,G
3-PA,1537,1006,0,0,0,1006,A
3-PA,1538,1008,0,0,0,1008,A
3-PA,1539,0,989,17,0,1006,T
3-PA,1540,0,6,1006,0,1012,G
3-PA,1541,1037,0,1,0,1038,A
3-PA,1542,0,1,0,1037,1038,C
3-PA,1543,1032,0,1,0,1033,A
3-PA,1544,0,0,0,1025,1025,C
3-PA,1545,986,0,1,0,987,A
3-PA,1546,0,1,1000,0,1001,G
3-PA,1547,979,0,0,0,979,A
3-PA,1548,1,0,0,964,965,C
3-PA,1549,0,0,949,0,949,G
3-PA,1550,0,871,0,1,872,T
3-PA,1551,0,0,873,0,873,G
3-PA,1552,0,0,874,0,874,G
3-PA,1553,0,877,0,0,877,T
3-PA,1554,875,0,0,0,875,A
3-PA,1555,861,0,0,0,861,A
3-PA,1556,862,0,0,0,862,A
3-PA,1557,0,862,0,0,862,T
3-PA,1558,0,836,0,1,837,T
3-PA,1559,0,835,0,0,835,T
3-PA,1560,0,803,0,1,804,T
3-PA,1561,0,0,808,0,808,G
3-PA,1562,0,787,0,2,789,T
3-PA,1563,0,6,782,0,788,G
3-PA,1564,781,0,2,0,783,A
3-PA,1565,0,0,780,0,780,G
3-PA,1566,0,0,0,773,773,C
3-PA,1567,777,0,0,0,777,A
3-PA,1568,0,775,0,0,775,T
3-PA,1569,0,1,777,0,778,G
3-PA,1570,0,5,775,0,780,G
3-PA,1571,776,0,4,1,781,A
3-PA,1572,0,0,782,0,782,G
3-PA,1573,0,768,0,2,770,T
3-PA,1574,0,753,0,2,755,T
3-PA,1575,0,759,0,3,762,T
3-PA,1576,0,756,0,3,759,T
3-PA,1577,1,0,0,756,757,C
3-PA,1578,0,745,0,0,745,T
3-PA,1579,3,0,0,745,748,C
3-PA,1580,0,711,0,1,712,T
3-PA,1581,2,1,0,710,713,C
3-PA,1582,709,0,1,1,711,A
3-PA,1583,1,0,0,707,708,C
3-PA,1584,0,687,0,0,687,T
3-PA,1585,0,6,684,0,690,G
3-PA,1586,690,0,0,0,690,A
3-PA,1587,0,0,0,685,685,C
3-PA,1588,0,0,0,684,684,C
3-PA,1589,3,1,0,675,679,C
3-PA,1590,0,1,676,0,677,G
3-PA,1591,674,0,2,0,676,A
3-PA,1592,0,2,676,0,678,G
3-PA,1593,675,0,3,0,678,A
3-PA,1594,1,0,0,667,668,C
3-PA,1595,0,655,0,0,655,T
3-PA,1596,0,603,0,0,603,T
3-PA,1597,0,1,597,0,598,G
3-PA,1598,593,0,2,0,595,A
3-PA,1599,1,0,598,0,599,G
3-PA,1600,0,0,0,596,596,C
3-PA,1601,1,0,0,561,562,C
3-PA,1602,556,0,0,0,556,A
3-PA,1603,0,0,0,556,556,C
3-PA,1604,558,0,0,0,558,A
3-PA,1605,0,558,0,0,558,T
3-PA,1606,546,0,0,0,546,A
3-PA,1607,544,0,1,0,545,A
3-PA,1608,543,0,0,0,543,A
3-PA,1609,0,541,0,0,541,T
3-PA,1610,0,1,541,0,542,G
3-PA,1611,0,0,489,0,489,G
3-PA,1612,0,0,480,0,480,G
3-PA,1613,463,0,0,0,463,A
3-PA,1614,0,1,457,0,458,G
3-PA,1615,451,0,0,0,451,A
3-PA,1616,445,0,1,0,446,A
3-PA,1617,445,0,0,0,445,A
3-PA,1618,0,442,0,0,442,T
3-PA,1619,436,0,0,0,436,A
3-PA,1620,2,0,0,430,432,C
3-PA,1621,0,218,0,1,219,T
3-PA,1622,0,0,220,0,220,G
3-PA,1623,0,134,0,0,134,T
3-PA,1624,0,0,131,0,131,G
3-PA,1625,0,119,0,1,120,T
3-PA,1626,0,0,0,68,68,C
3-PA,1627,0,0,0,62,62,C
3-PA,1628,0,57,0,0,57,T
3-PA,1629,0,58,0,0,58,T
3-PA,1630,0,0,58,0,58,G
3-PA,1631,58,0,0,0,58,A
3-PA,1632,0,0,61,0,61,G
3-PA,1633,59,0,0,0,59,A
3-PA,1634,0,59,0,0,59,T
3-PA,1635,59,0,0,0,59,A
3-PA,1636,0,0,61,0,61,G
3-PA,1637,0,0,61,0,61,G
3-PA,1638,61,0,0,0,61,A
3-PA,1639,0,0,61,0,61,G
3-PA,1640,61,0,0,0,61,A
3-PA,1641,0,61,0,0,61,T
3-PA,1642,61,0,0,0,61,A
3-PA,1643,0,61,0,0,61,T
3-PA,1644,0,0,60,0,60,G
3-PA,1645,0,57,0,0,57,T
3-PA,1646,0,57,0,0,57,T
3-PA,1647,58,0,0,0,58,A
3-PA,1648,0,0,0,58,58,C
3-PA,1649,0,57,0,0,57,T
3-PA,1650,56,0,0,0,56,A
3-PA,1651,55,0,0,0,55,A
3-PA,1652,0,0,55,0,55,G
3-PA,1653,54,0,0,0,54,A
3-PA,1654,54,0,0,0,54,A
3-PA,1655,0,0,52,0,52,G
3-PA,1656,0,0,0,52,52,C
3-PA,1657,0,0,53,0,53,G
3-PA,1658,0,0,0,53,53,C
3-PA,1659,0,0,0,53,53,C
3-PA,1660,54,0,0,0,54,A
3-PA,1661,0,54,0,0,54,T
3-PA,1662,53,0,0,0,53,A
3-PA,1663,0,0,52,0,52,G
3-PA,1664,0,0,53,0,53,G
3-PA,1665,0,0,0,53,53,C
3-PA,1666,0,0,0,53,53,C
3-PA,1667,52,0,0,0,52,A
3-PA,1668,52,0,0,0,52,A
3-PA,1669,52,0,0,0,52,A
3-PA,1670,0,52,0,0,52,T
3-PA,1671,0,52,0,0,52,T
3-PA,1672,0,50,0,0,50,T
3-PA,1673,0,0,0,49,49,C
3-PA,1674,46,0,0,0,46,A
3-PA,1675,47,0,0,0,47,A
3-PA,1676,0,0,51,0,51,G
3-PA,1677,0,0,52,0,52,G
3-PA,1678,0,0,0,52,52,C
3-PA,1679,0,0,0,52,52,C
3-PA,1680,52,0,0,0,52,A
3-PA,1681,52,0,0,0,52,A
3-PA,1682,0,53,0,0,53,T
3-PA,1683,1,0,53,0,54,G
3-PA,1684,0,54,0,0,54,T
3-PA,1685,0,58,0,0,58,T
3-PA,1686,0,0,0,59,59,C
3-PA,1687,0,57,0,0,57,T
3-PA,1688,0,57,0,0,57,T
3-PA,1689,53,0,0,0,53,A
3-PA,1690,0,53,0,0,53,T
3-PA,1691,53,0,0,0,53,A
3-PA,1692,0,53,0,0,53,T
3-PA,1693,0,0,53,0,53,G
3-PA,1694,0,51,0,0,51,T
3-PA,1695,0,0,52,0,52,G
3-PA,1696,51,0,0,0,51,A
3-PA,1697,0,0,51,0,51,G
3-PA,1698,0,0,51,0,51,G
3-PA,1699,51,0,0,0,51,A
3-PA,1700,1,0,0,51,52,C
3-PA,1701,51,0,0,0,51,A
3-PA,1702,50,0,0,0,50,A
3-PA,1703,52,0,0,0,52,A
3-PA,1704,0,0,0,52,52,C
3-PA,1705,0,0,52,0,52,G
3-PA,1706,0,1,49,0,50,G
3-PA,1707,49,0,0,0,49,A
3-PA,1708,49,0,0,0,49,A
3-PA,1709,0,0,0,50,50,C
3-PA,1710,51,0,0,0,51,A
3-PA,1711,0,51,0,0,51,T
3-PA,1712,0,0,0,51,51,C
3-PA,1713,51,0,0,0,51,A
3-PA,1714,51,0,0,0,51,A
3-PA,1715,50,0,0,0,50,A
3-PA,1716,0,0,50,0,50,G
3-PA,1717,0,0,49,0,49,G
3-PA,1718,0,48,0,0,48,T
3-PA,1719,0,0,0,50,50,C
3-PA,1720,50,0,0,0,50,A
3-PA,1721,49,0,0,0,49,A
3-PA,1722,50,0,0,0,50,A
3-PA,1723,50,0,0,0,50,A
3-PA,1724,0,49,0,0,49,T
3-PA,1725,0,0,50,0,50,G
3-PA,1726,50,0,0,0,50,A
3-PA,1727,50,0,0,0,50,A
3-PA,1728,50,0,0,0,50,A
3-PA,1729,0,50,0,0,50,T
3-PA,1730,0,0,50,0,50,G
3-PA,1731,0,0,49,0,49,G
3-PA,1732,0,0,50,0,50,G
3-PA,1733,0,0,51,0,51,G
3-PA,1734,49,0,0,0,49,A
3-PA,1735,50,0,0,1,51,A
3-PA,1736,0,51,0,0,51,T
3-PA,1737,0,0,51,0,51,G
3-PA,1738,0,0,51,0,51,G
3-PA,1739,52,0,0,0,52,A
3-PA,1740,0,0,52,0,52,G
3-PA,1741,52,0,0,0,52,A
3-PA,1742,0,51,0,0,51,T
3-PA,1743,0,0,52,0,52,G
3-PA,1744,52,0,0,0,52,A
3-PA,1745,0,0,52,0,52,G
3-PA,1746,52,0,0,0,52,A
3-PA,1747,0,0,0,51,51,C
3-PA,1748,0,0,51,0,51,G
3-PA,1749,0,50,0,0,50,T
3-PA,1750,0,50,0,0,50,T
3-PA,1751,0,0,48,0,48,G
3-PA,1752,0,0,0,49,49,C
3-PA,1753,0,0,0,50,50,C
3-PA,1754,0,49,0,0,49,T
3-PA,1755,0,0,0,51,51,C
3-PA,1756,0,0,0,51,51,C
3-PA,1757,0,51,0,0,51,T
3-PA,1758,0,51,0,0,51,T
3-PA,1759,0,0,0,52,52,C
3-PA,1760,52,0,0,0,52,A
3-PA,1761,0,0,52,0,52,G
3-PA,1762,0,51,0,0,51,T
3-PA,1763,0,0,0,51,51,C
3-PA,1764,49,0,0,0,49,A
3-PA,1765,0,0,0,51,51,C
3-PA,1766,0,51,0,0,51,T
3-PA,1767,0,0,0,51,51,C
3-PA,1768,0,1,0,50,51,C
3-PA,1769,51,0,0,0,51,A
3-PA,1770,0,0,51,0,51,G
3-PA,1771,0,0,0,51,51,C
3-PA,1772,50,0,0,0,50,A
3-PA,1773,0,0,51,0,51,G
3-PA,1774,51,0,0,0,51,A
3-PA,1775,0,51,0,0,51,T
3-PA,1776,0,0,0,51,51,C
3-PA,1777,0,0,51,0,51,G
3-PA,1778,50,0,0,0,50,A
3-PA,1779,0,0,52,0,52,G
3-PA,1780,52,0,0,0,52,A
3-PA,1781,0,0,52,0,52,G
3-PA,1782,0,0,0,52,52,C
3-PA,1783,52,0,0,0,52,A
3-PA,1784,0,51,0,0,51,T
3-PA,1785,0,0,53,0,53,G
3-PA,1786,53,0,0,0,53,A
3-PA,1787,0,53,0,0,53,T
3-PA,1788,0,53,0,0,53,T
3-PA,1789,0,0,54,0,54,G
3-PA,1790,54,0,0,0,54,A
3-PA,1791,54,0,0,0,54,A
3-PA,1792,0,0,54,0,54,G
3-PA,1793,0,0,0,53,53,C
3-PA,1794,0,0,0,53,53,C
3-PA,1795,0,0,52,0,52,G
3-PA,1796,52,0,1,0,53,A
3-PA,1797,0,0,53,0,53,G
3-PA,1798,0,53,0,0,53,T
3-PA,1799,0,0,0,53,53,C
3-PA,1800,0,0,0,53,53,C
3-PA,1801,0,51,0,1,52,T
3-PA,1802,0,0,0,52,52,C
3-PA,1803,0,0,51,0,51,G
3-PA,1804,0,0,54,0,54,G
3-PA,1805,0,55,0,0,55,T
3-PA,1806,0,52,0,0,52,T
3-PA,1807,53,0,0,0,53,A
3-PA,1808,53,0,0,0,53,A
3-PA,1809,53,0,0,0,53,A
3-PA,1810,0,0,54,0,54,G
3-PA,1811,51,0,0,0,51,A
3-PA,1812,0,0,52,0,52,G
3-PA,1813,49,0,0,0,49,A
3-PA,1814,0,0,48,0,48,G
3-PA,1815,47,0,0,0,47,A
3-PA,1816,0,0,50,0,50,G
3-PA,1817,50,0,0,0,50,A
3-PA,1818,0,0,0,50,50,C
3-PA,1819,49,0,0,0,49,A
3-PA,1820,0,48,0,0,48,T
3-PA,1821,0,1,47,0,48,G
3-PA,1822,48,0,0,0,48,A
3-PA,1823,0,0,0,47,47,C
3-PA,1824,0,0,0,46,46,C
3-PA,1825,46,0,0,0,46,A
3-PA,1826,46,0,0,0,46,A
3-PA,1827,45,0,0,0,45,A
3-PA,1828,0,0,46,0,46,G
3-PA,1829,46,0,0,0,46,A
3-PA,1830,0,0,46,0,46,G
3-PA,1831,0,43,0,0,43,T
3-PA,1832,0,41,0,0,41,T
3-PA,1833,0,44,0,0,44,T
3-PA,1834,0,44,0,0,44,T
3-PA,1835,0,43,0,0,43,T
3-PA,1836,0,44,0,0,44,T
3-PA,1837,0,0,44,0,44,G
3-PA,1838,45,0,0,0,45,A
3-PA,1839,0,0,45,0,45,G
3-PA,1840,44,0,1,0,45,A
3-PA,1841,43,0,0,0,43,A
3-PA,1842,0,45,0,0,45,T
3-PA,1843,45,0,0,0,45,A
3-PA,1844,45,0,0,0,45,A
3-PA,1845,44,0,0,0,44,A
3-PA,1846,0,45,0,0,45,T
3-PA,1847,0,0,0,45,45,C
3-PA,1848,45,0,0,0,45,A
3-PA,1849,0,0,44,0,44,G
3-PA,1850,45,0,0,0,45,A
3-PA,1851,44,0,0,0,44,A
3-PA,1852,0,0,45,0,45,G
3-PA,1853,0,0,0,44,44,C
3-PA,1854,44,0,0,0,44,A
3-PA,1855,0,44,0,0,44,T
3-PA,1856,0,0,44,0,44,G
3-PA,1857,0,0,44,0,44,G
3-PA,1858,0,0,0,45,45,C
3-PA,1859,0,0,0,45,45,C
3-PA,1860,1,0,0,44,45,C
3-PA,1861,48,0,0,0,48,A
3-PA,1862,0,47,0,0,47,T
3-PA,1863,0,48,0,0,48,T
3-PA,1864,0,0,48,0,48,G
3-PA,1865,0,0,48,0,48,G
3-PA,1866,0,0,47,0,47,G
3-PA,1867,0,0,46,0,46,G
3-PA,1868,43,0,0,0,43,A
3-PA,1869,0,0,44,0,44,G
3-PA,1870,0,43,0,0,43,T
3-PA,1871,1,0,0,44,45,C
3-PA,1872,1,0,0,45,46,C
3-PA,1873,0,0,0,46,46,C
3-PA,1874,0,0,0,46,46,C
3-PA,1875,1,0,0,46,47,C
3-PA,1876,47,0,0,0,47,A
3-PA,1877,46,0,0,0,46,A
3-PA,1878,0,0,47,0,47,G
3-PA,1879,0,0,46,0,46,G
3-PA,1880,0,0,48,0,48,G
3-PA,1881,46,0,0,0,46,A
3-PA,1882,0,0,47,0,47,G
3-PA,1883,0,47,0,0,47,T
3-PA,1884,0,0,48,0,48,G
3-PA,1885,0,0,48,0,48,G
3-PA,1886,49,0,0,0,49,A
3-PA,1887,47,0,1,0,48,A
3-PA,1888,0,0,48,0,48,G
3-PA,1889,48,0,0,0,48,A
3-PA,1890,47,0,0,0,47,A
3-PA,1891,0,0,47,0,47,G
3-PA,1892,0,0,47,0,47,G
3-PA,1893,0,47,0,0,47,T
3-PA,1894,0,47,0,0,47,T
3-PA,1895,0,1,0,46,47,C
3-PA,1896,1,0,0,46,47,C
3-PA,1897,46,0,0,0,46,A
3-PA,1898,0,46,0,0,46,T
3-PA,1899,0,46,0,0,46,T
3-PA,1900,0,1,46,0,47,G
3-PA,1901,0,0,47,0,47,G
3-PA,1902,0,0,47,0,47,G
3-PA,1903,47,0,0,0,47,A
3-PA,1904,47,0,0,0,47,A
3-PA,1905,48,0,0,0,48,A
3-PA,1906,0,0,49,0,49,G
3-PA,1907,0,49,0,0,49,T
3-PA,1908,0,0,0,50,50,C
3-PA,1909,0,50,0,0,50,T
3-PA,1910,0,0,50,0,50,G
3-PA,1911,0,50,0,0,50,T
3-PA,1912,50,0,0,0,50,A
3-PA,1913,0,0,50,0,50,G
3-PA,1914,0,1,49,0,50,G
3-PA,1915,48,0,0,0,48,A
3-PA,1916,0,0,0,48,48,C
3-PA,1917,0,47,0,0,47,T
3-PA,1918,0,0,0,49,49,C
3-PA,1919,0,49,0,0,49,T
3-PA,1920,48,0,1,0,49,A
3-PA,1921,0,49,0,0,49,T
3-PA,1922,0,48,0,0,48,T
3-PA,1923,0,0,48,0,48,G
3-PA,1924,0,0,49,0,49,G
3-PA,1925,0,0,0,49,49,C
3-PA,1926,0,48,0,0,48,T
3-PA,1927,43,0,0,0,43,A
3-PA,1928,42,0,0,0,42,A
3-PA,1929,0,0,42,0,42,G
3-PA,1930,0,41,0,0,41,T
3-PA,1931,1,0,0,41,42,C
3-PA,1932,41,0,0,0,41,A
3-PA,1933,0,0,45,0,45,G
3-PA,1934,0,45,0,0,45,T
3-PA,1935,48,0,0,0,48,A
3-PA,1936,0,48,0,0,48,T
3-PA,1937,0,48,0,0,48,T
3-PA,1938,0,0,0,48,48,C
3-PA,1939,47,0,0,0,47,A
3-PA,1940,47,0,0,0,47,A
3-PA,1941,0,47,0,0,47,T
3-PA,1942,46,0,0,0,46,A
3-PA,1943,0,0,47,0,47,G
3-PA,1944,0,0,0,44,44,C
3-PA,1945,0,0,0,45,45,C
3-PA,1946,0,43,0,0,43,T
3-PA,1947,0,0,45,0,45,G
3-PA,1948,0,45,0,0,45,T
3-PA,1949,45,0,0,0,45,A
3-PA,1950,0,44,0,0,44,T
3-PA,1951,0,0,45,0,45,G
3-PA,1952,0,0,0,46,46,C
3-PA,1953,46,0,0,0,46,A
3-PA,1954,0,46,0,0,46,T
3-PA,1955,0,0,0,46,46,C
3-PA,1956,45,0,0,0,45,A
3-PA,1957,0,0,0,45,45,C
3-PA,1958,1,0,0,43,44,C
3-PA,1959,44,0,0,0,44,A
3-PA,1960,0,0,0,44,44,C
3-PA,1961,43,0,0,0,43,A
3-PA,1962,44,0,0,0,44,A
3-PA,1963,0,40,0,0,40,T
3-PA,1964,0,40,0,0,40,T
3-PA,1965,0,0,40,0,40,G
3-PA,1966,0,0,40,0,40,G
3-PA,1967,39,0,0,0,39,A
3-PA,1968,39,0,0,0,39,A
3-PA,1969,0,0,39,0,39,G
3-PA,1970,0,1,38,0,39,G
3-PA,1971,39,0,0,0,39,A
3-PA,1972,0,39,0,0,39,T
3-PA,1973,0,39,0,0,39,T
3-PA,1974,0,36,0,0,36,T
3-PA,1975,0,39,0,0,39,T
3-PA,1976,0,0,0,38,38,C
3-PA,1977,39,0,0,0,39,A
3-PA,1978,0,0,39,0,39,G
3-PA,1979,0,0,0,39,39,C
3-PA,1980,0,0,39,0,39,G
3-PA,1981,0,0,39,0,39,G
3-PA,1982,39,0,0,0,39,A
3-PA,1983,0,0,40,0,40,G
3-PA,1984,0,40,0,0,40,T
3-PA,1985,0,0,0,39,39,C
3-PA,1986,39,0,0,0,39,A
3-PA,1987,38,0,0,0,38,A
3-PA,1988,0,0,39,0,39,G
3-PA,1989,39,0,0,0,39,A
3-PA,1990,39,0,0,0,39,A
3-PA,1991,39,0,0,0,39,A
3-PA,1992,39,0,0,0,39,A
3-PA,1993,0,0,0,39,39,C
3-PA,1994,0,37,0,0,37,T
3-PA,1995,0,0,36,0,36,G
3-PA,1996,0,0,0,36,36,C
3-PA,1997,0,36,0,0,36,T
3-PA,1998,0,0,0,37,37,C
3-PA,1999,0,0,0,37,37,C
3-PA,2000,0,38,0,0,38,T
3-PA,2001,0,37,0,0,37,T
3-PA,2002,0,0,38,0,38,G
3-PA,2003,0,38,0,0,38,T
3-PA,2004,0,37,0,0,37,T
3-PA,2005,0,0,38,0,38,G
3-PA,2006,0,36,0,0,36,T
3-PA,2007,0,36,0,0,36,T
3-PA,2008,0,0,0,35,35,C
3-PA,2009,35,0,0,0,35,A
3-PA,2010,0,0,36,0,36,G
3-PA,2011,0,0,36,0,36,G
3-PA,2012,0,0,0,37,37,C
3-PA,2013,0,36,0,0,36,T
3-PA,2014,0,0,0,39,39,C
3-PA,2015,0,39,0,0,39,T
3-PA,2016,0,39,0,0,39,T
3-PA,2017,39,0,0,0,39,A
3-PA,2018,0,0,39,0,39,G
3-PA,2019,0,0,37,0,37,G
3-PA,2020,0,0,37,0,37,G
3-PA,2021,34,0,1,0,35,A
3-PA,2022,0,0,0,35,35,C
3-PA,2023,31,0,0,0,31,A
3-PA,2024,32,0,0,0,32,A
3-PA,2025,0,0,0,33,33,C
3-PA,2026,0,0,0,33,33,C
3-PA,2027,0,32,0,0,32,T
3-PA,2028,0,0,0,32,32,C
3-PA,2029,0,0,32,0,32,G
3-PA,2030,32,0,0,0,32,A
3-PA,2031,31,0,0,0,31,A
3-PA,2032,0,0,0,31,31,C
3-PA,2033,1,0,0,30,31,C
3-PA,2034,0,29,0,0,29,T
3-PA,2035,0,1,29,0,30,G
3-PA,2036,0,0,31,0,31,G
3-PA,2037,0,0,31,0,31,G
3-PA,2038,31,0,0,0,31,A
3-PA,2039,0,0,0,30,30,C
3-PA,2040,0,0,0,31,31,C
3-PA,2041,0,29,0,1,30,T
3-PA,2042,0,30,0,0,30,T
3-PA,2043,0,30,0,0,30,T
3-PA,2044,0,0,30,0,30,G
3-PA,2045,30,0,0,0,30,A
3-PA,2046,0,29,0,0,29,T
3-PA,2047,0,0,0,30,30,C
3-PA,2048,0,30,0,0,30,T
3-PA,2049,0,29,0,0,29,T
3-PA,2050,0,0,30,0,30,G
3-PA,2051,0,0,30,0,30,G
3-PA,2052,0,1,29,0,30,G
3-PA,2053,0,0,30,0,30,G
3-PA,2054,0,0,30,0,30,G
3-PA,2055,0,0,32,0,32,G
3-PA,2056,0,0,0,31,31,C
3-PA,2057,0,31,0,0,31,T
3-PA,2058,34,0,0,0,34,A
3-PA,2059,0,34,0,0,34,T
3-PA,2060,34,0,0,0,34,A
3-PA,2061,0,34,0,0,34,T
3-PA,2062,0,0,31,0,31,G
3-PA,2063,31,0,0,0,31,A
3-PA,2064,31,0,0,0,31,A
3-PA,2065,0,0,31,0,31,G
3-PA,2066,0,0,0,33,33,C
3-PA,2067,28,0,0,0,28,A
3-PA,2068,31,0,0,0,31,A
3-PA,2069,0,31,0,0,31,T
3-PA,2070,0,31,0,0,31,T
3-PA,2071,0,0,31,0,31,G
3-PA,2072,31,0,0,0,31,A
3-PA,2073,0,0,31,0,31,G
3-PA,2074,0,0,31,0,31,G
3-PA,2075,30,0,0,0,30,A
3-PA,2076,0,0,31,0,31,G
3-PA,2077,0,29,0,0,29,T
3-PA,2078,1,0,28,0,29,G
3-PA,2079,0,0,0,28,28,C
3-PA,2080,0,0,0,29,29,C
3-PA,2081,0,29,0,0,29,T
3-PA,2082,0,0,29,0,29,G
3-PA,2083,27,0,0,0,27,A
3-PA,2084,0,28,0,0,28,T
3-PA,2085,0,26,0,0,26,T
3-PA,2086,26,0,0,0,26,A
3-PA,2087,26,0,0,0,26,A
3-PA,2088,0,26,0,0,26,T
3-PA,2089,0,1,25,0,26,G
3-PA,2090,26,0,0,0,26,A
3-PA,2091,0,25,0,0,25,T
3-PA,2092,0,0,0,25,25,C
3-PA,2093,0,0,0,25,25,C
3-PA,2094,0,0,0,25,25,C
3-PA,2095,0,24,0,0,24,T
3-PA,2096,0,0,24,0,24,G
3-PA,2097,0,0,24,0,24,G
3-PA,2098,0,0,25,0,25,G
3-PA,2099,0,25,0,0,25,T
3-PA,2100,0,25,0,0,25,T
3-PA,2101,0,25,0,0,25,T
3-PA,2102,0,25,0,0,25,T
3-PA,2103,0,0,25,0,25,G
3-PA,2104,0,0,0,25,25,C
3-PA,2105,0,25,0,0,25,T
3-PA,2106,1,0,0,24,25,C
3-PA,2107,24,0,0,0,24,A
3-PA,2108,24,0,0,0,24,A
3-PA,2109,0,24,0,0,24,T
3-PA,2110,0,0,24,0,24,G
3-PA,2111,0,0,0,24,24,C
3-PA,2112,0,0,24,0,24,G
3-PA,2113,0,24,0,0,24,T
3-PA,2114,0,0,0,24,24,C
3-PA,2115,0,24,0,0,24,T
3-PA,2116,0,24,0,0,24,T
3-PA,2117,0,0,24,0,24,G
3-PA,2118,0,0,24,0,24,G
3-PA,2119,0,23,0,0,23,T
3-PA,2120,0,21,0,0,21,T
3-PA,2121,0,0,0,21,21,C
3-PA,2122,21,0,0,0,21,A
3-PA,2123,21,0,0,0,21,A
3-PA,2124,0,0,0,21,21,C
3-PA,2125,0,21,0,0,21,T
3-PA,2126,0,0,0,21,21,C
3-PA,2127,0,0,0,20,20,C
3-PA,2128,0,20,0,0,20,T
3-PA,2129,0,19,0,0,19,T
3-PA,2130,0,0,0,20,20,C
3-PA,2131,0,0,0,20,20,C
3-PA,2132,0,18,0,0,18,T
3-PA,2133,0,0,19,0,19,G
3-PA,2134,18,0,0,0,18,A
3-PA,2135,0,0,0,18,18,C
3-PA,2136,17,0,0,0,17,A
3-PA,2137,0,0,0,16,16,C
3-PA,2138,16,0,0,0,16,A
3-PA,2139,0,16,0,0,16,T
3-PA,2140,0,0,16,0,16,G
3-PA,2141,0,0,0,15,15,C
3-PA,2142,15,0,0,0,15,A
3-PA,2143,0,15,0,0,15,T
3-PA,2144,0,14,0,0,14,T
3-PA,2145,14,0,0,0,14,A
3-PA,2146,14,0,0,0,14,A
3-PA,2147,14,0,0,0,14,A
3-PA,2148,14,0,0,0,14,A
3-PA,2149,0,14,0,0,14,T
3-PA,2150,11,0,0,0,11,A
3-PA,2151,0,0,11,0,11,G
4-HA,1,332,0,0,0,332,A
4-HA,2,0,333,0,0,333,T
4-HA,3,0,0,339,0,339,G
4-HA,4,340,0,0,0,340,A
4-HA,5,341,0,0,0,341,A
4-HA,6,0,3,366,0,369,G
4-HA,7,367,0,0,0,367,A
4-HA,8,0,0,0,409,409,C
4-HA,9,0,410,0,0,410,T
4-HA,10,428,0,0,0,428,A
4-HA,11,0,445,0,0,445,T
4-HA,12,1,0,0,445,446,C
4-HA,13,447,0,0,0,447,A
4-HA,14,0,447,0,0,447,T
4-HA,15,0,447,0,0,447,T
4-HA,16,0,2,490,0,492,G
4-HA,17,0,0,0,492,492,C
4-HA,18,0,493,0,0,493,T
4-HA,19,0,493,0,0,493,T
4-HA,20,0,493,0,0,493,T
4-HA,21,0,2,534,0,536,G
4-HA,22,540,0,0,0,540,A
4-HA,23,0,0,558,0,558,G
4-HA,24,0,0,0,560,560,C
4-HA,25,0,560,0,0,560,T
4-HA,26,615,0,0,0,615,A
4-HA,27,0,0,0,623,623,C
4-HA,28,629,0,0,0,629,A
4-HA,29,0,671,0,0,671,T
4-HA,30,0,666,0,0,666,T
4-HA,31,0,0,0,669,669,C
4-HA,32,0,669,0,0,669,T
4-HA,33,681,0,0,0,681,A
4-HA,34,0,683,0,0,683,T
4-HA,35,0,0,688,0,688,G
4-HA,36,0,688,0,3,691,T
4-HA,37,0,0,0,686,686,C
4-HA,38,0,680,0,1,681,T
4-HA,39,3,3,677,0,683,G
4-HA,40,1,0,687,0,688,G
4-HA,41,0,682,0,0,682,T
4-HA,42,0,685,0,0,685,T
4-HA,43,0,687,0,0,687,T
4-HA,44,0,682,0,0,682,T
4-HA,45,2,0,0,679,681,C
4-HA,46,1,1,681,0,683,G
4-HA,47,0,0,0,693,693,C
4-HA,48,0,686,0,2,688,T
4-HA,49,4,0,0,693,697,C
4-HA,50,695,0,0,1,696,A
4-HA,51,696,0,0,0,696,A
4-HA,52,697,0,0,0,697,A
4-HA,53,695,0,0,0,695,A
4-HA,54,698,0,0,0,698,A
4-HA,55,0,0,0,702,702,C
4-HA,56,0,701,0,0,701,T
4-HA,57,0,703,0,0,703,T
4-HA,58,0,0,0,702,702,C
4-HA,59,0,0,0,702,702,C
4-HA,60,0,702,0,1,703,T
4-HA,61,1,2,709,0,712,G
4-HA,62,0,0,714,0,714,G
4-HA,63,715,0,0,1,716,A
4-HA,64,728,0,0,0,728,A
4-HA,65,731,0,0,0,731,A
4-HA,66,0,731,0,0,731,T
4-HA,67,0,5,738,0,743,G
4-HA,68,741,0,3,0,744,A
4-HA,69,0,0,0,753,753,C
4-HA,70,750,0,0,0,750,A
4-HA,71,749,0,0,0,749,A
4-HA,72,0,0,0,769,769,C
4-HA,73,763,0,0,0,763,A
4-HA,74,0,0,765,0,765,G
4-HA,75,1,1,0,765,767,C
4-HA,76,761,0,0,0,761,A
4-HA,77,1,1,0,784,786,C
4-HA,78,0,3,776,0,779,G
4-HA,79,1,0,797,0,798,G
4-HA,80,0,0,0,800,800,C
4-HA,81,786,0,1,0,787,A
4-HA,82,794,0,0,0,794,A
4-HA,83,0,0,0,800,800,C
4-HA,84,0,0,804,0,804,G
4-HA,85,0,0,0,810,810,C
4-HA,86,0,799,0,0,799,T
4-HA,87,0,1,814,0,815,G
4-HA,88,0,807,0,0,807,T
4-HA,89,0,0,853,0,853,G
4-HA,90,0,1,0,867,868,C
4-HA,91,3,0,0,883,886,C
4-HA,92,1,876,0,1,878,T
4-HA,93,0,871,0,0,871,T
4-HA,94,0,4,871,0,875,G
4-HA,95,2,2,873,0,877,G
4-HA,96,0,0,882,0,882,G
4-HA,97,0,1,0,881,882,C
4-HA,98,874,0,0,0,874,A
4-HA,99,0,1,0,885,886,C
4-HA,100,1,1,0,879,881,C
4-HA,101,958,0,2,0,960,A
4-HA,102,0,965,0,1,966,T
4-HA,103,0,0,966,0,966,G
4-HA,104,0,0,0,968,968,C
4-HA,105,950,0,1,0,951,A
4-HA,106,0,0,1026,0,1026,G
4-HA,107,0,1023,0,0,1023,T
4-HA,108,1028,0,0,0,1028,A
4-HA,109,0,0,0,1029,1029,C
4-HA,110,3,0,0,981,984,C
4-HA,111,989,0,0,0,989,A
4-HA,112,988,0,0,0,988,A
4-HA,113,990,0,0,0,990,A
4-HA,114,0,0,0,1000,1000,C
4-HA,115,0,2,953,0,955,G
4-HA,116,0,9,956,0,965,G
4-HA,117,961,0,1,0,962,A
4-HA,118,963,0,0,0,963,A
4-HA,119,1,2,0,964,967,C
4-HA,120,0,1,969,0,970,G
4-HA,121,987,0,0,0,987,A
4-HA,122,0,985,0,0,985,T
4-HA,123,994,0,1,0,995,A
4-HA,124,0,0,999,0,999,G
4-HA,125,0,985,0,1,986,T
4-HA,126,0,3,989,0,992,G
4-HA,127,992,0,0,0,992,A
4-HA,128,994,0,1,0,995,A
4-HA,129,992,0,2,0,994,A
4-HA,130,988,0,0,0,988,A
4-HA,131,1,0,0,993,994,C
4-HA,132,992,0,0,0,992,A
4-HA,133,988,0,2,0,990,A
4-HA,134,0,991,0,0,991,T
4-HA,135,0,0,0,991,991,C
4-HA,136,996,0,0,0,996,A
4-HA,137,1,0,0,998,999,C
4-HA,138,0,4,994,0,998,G
4-HA,139,993,0,1,0,994,A
4-HA,140,994,0,0,0,994,A
4-HA,141,0,983,0,1,984,T
4-HA,142,0,11,971,0,982,G
4-HA,143,983,0,2,0,985,A
4-HA,144,1,1,0,983,985,C
4-HA,145,2,1,0,985,988,C
4-HA,146,1000,0,0,0,1000,A
4-HA,147,1010,0,0,0,1010,A
4-HA,148,1011,0,0,0,1011,A
4-HA,149,0,1010,0,2,1012,T
4-HA,150,0,1011,0,0,1011,T
4-HA,151,0,3,1009,0,1012,G
4-HA,152,1007,0,0,0,1007,A
4-HA,153,1008,0,1,0,1009,A
4-HA,154,0,0,1016,0,1016,G
4-HA,155,1,1004,0,0,1005,T
4-HA,156,0,1043,0,0,1043,T
4-HA,157,1052,1,0,0,1053,A
4-HA,158,1,1,0,1058,1060,C
4-HA,159,0,1064,0,0,1064,T
4-HA,160,1054,0,0,0,1054,A
4-HA,161,1081,0,0,0,1081,A
4-HA,162,0,1084,0,0,1084,T
4-HA,163,1,0,1079,0,1080,G
4-HA,164,0,0,0,1151,1151,C
4-HA,165,0,1135,0,1,1136,T
4-HA,166,1133,0,2,0,1135,A
4-HA,167,0,0,0,1132,1132,C
4-HA,168,0,1127,0,1,1128,T
4-HA,169,0,11,1129,0,1140,G
4-HA,170,1121,0,1,0,1122,A
4-HA,171,0,0,1124,0,1124,G
4-HA,172,1,0,0,1131,1132,C
4-HA,173,0,1091,0,1,1092,T
4-HA,174,0,4,1124,0,1128,G
4-HA,175,0,0,1148,0,1148,G
4-HA,176,0,1142,0,1,1143,T
4-HA,177,0,1147,0,0,1147,T
4-HA,178,6,0,0,1138,1144,C
4-HA,179,1138,0,1,0,1139,A
4-HA,180,0,6,1143,0,1149,G
4-HA,181,1141,1,2,0,1144,A
4-HA,182,0,0,1180,0,1180,G
4-HA,183,0,1164,0,0,1164,T
4-HA,184,0,1143,0,1,1144,T
4-HA,185,6,0,0,1147,1153,C
4-HA,186,2,0,1,1150,1153,C
4-HA,187,0,1148,0,2,1150,T
4-HA,188,5,0,0,1152,1157,C
4-HA,189,1151,0,0,0,1151,A
4-HA,190,1152,0,1,0,1153,A
4-HA,191,0,0,0,1161,1161,C
4-HA,192,1126,0,0,1,1127,A
4-HA,193,0,0,1158,0,1158,G
4-HA,194,0,0,1161,0,1161,G
4-HA,195,0,1139,0,16,1155,T
4-HA,196,1,3,1157,0,1161,G
4-HA,197,1163,1,1,0,1165,A
4-HA,198,1167,0,0,0,1167,A
4-HA,199,1221,0,0,0,1221,A
4-HA,200,0,1205,0,0,1205,T
4-HA,201,1227,0,1,0,1228,A
4-HA,202,0,1202,0,0,1202,T
4-HA,203,1,0,1197,0,1198,G
4-HA,204,1,0,0,1207,1208,C
4-HA,205,0,15,1189,0,1204,G
4-HA,206,1208,0,0,0,1208,A
4-HA,207,0,0,0,1211,1211,C
4-HA,208,1168,0,0,0,1168,A
4-HA,209,0,0,1284,0,1284,G
4-HA,210,0,1276,0,0,1276,T
4-HA,211,5,0,0,1284,1289,C
4-HA,212,5,0,1,1282,1288,C
4-HA,213,1,1272,0,3,1276,T
4-HA,214,2,0,0,1308,1310,C
4-HA,215,1307,0,2,0,1309,A
4-HA,216,0,1311,0,1,1312,T
4-HA,217,3,0,0,1311,1314,C
4-HA,218,1232,0,1,0,1233,A
4-HA,219,0,4,1235,0,1239,G
4-HA,220,1221,0,1,0,1222,A
4-HA,221,0,1221,0,1,1222,T
4-HA,222,3,0,0,1227,1230,C
4-HA,223,3,1,0,1207,1211,C
4-HA,224,0,1204,1,1,1206,T
4-HA,225,0,1203,0,0,1203,T
4-HA,226,0,1,1203,0,1204,G
4-HA,227,1201,0,1,0,1202,A
4-HA,228,0,1197,0,1,1198,T
4-HA,229,1,1,1203,0,1205,G
4-HA,230,0,6,1199,0,1205,G
4-HA,231,1197,0,2,0,1199,A
4-HA,232,1192,0,1,0,1193,A
4-HA,233,1202,0,0,0,1202,A
4-HA,234,1209,0,0,0,1209,A
4-HA,235,1212,0,0,0,1212,A
4-HA,236,1216,0,1,0,1217,A
4-HA,237,0,0,0,1215,1215,C
4-HA,238,0,1206,0,0,1206,T
4-HA,239,0,3,1208,0,1211,G
4-HA,240,0,0,0,1208,1208,C
4-HA,241,1212,0,2,0,1214,A
4-HA,242,1,0,0,1257,1258,C
4-HA,243,1255,0,0,0,1255,A
4-HA,244,0,0,0,1438,1438,C
4-HA,245,0,1436,0,0,1436,T
4-HA,246,1451,0,2,0,1453,A
4-HA,247,1453,0,0,0,1453,A
4-HA,248,0,1466,0,0,1466,T
4-HA,249,1458,0,2,0,1460,A
4-HA,250,0,1,1459,0,1460,G
4-HA,251,1433,0,0,0,1433,A
4-HA,252,0,1405,0,0,1405,T
4-HA,253,2,3,1328,0,1333,G
4-HA,254,0,0,0,1357,1357,C
4-HA,255,0,1333,0,2,1335,T
4-HA,256,5,0,0,1450,1455,C
4-HA,257,0,1446,0,0,1446,T
4-HA,258,1487,0,1,0,1488,A
4-HA,259,0,1489,0,0,1489,T
4-HA,260,0,1476,0,3,1479,T
4-HA,261,1,5,1501,0,1507,G
4-HA,262,1,5,1490,0,1496,G
4-HA,263,0,4,1501,0,1505,G
4-HA,264,1464,1,3,0,1468,A
4-HA,265,0,7,1446,0,1453,G
4-HA,266,1416,0,2,0,1418,A
4-HA,267,1,0,0,1595,1596,C
4-HA,268,5,1,0,1627,1633,C
4-HA,269,5,0,0,1637,1642,C
4-HA,270,1,1624,0,1,1626,T
4-HA,271,5,0,0,1651,1656,C
4-HA,272,1652,0,0,0,1652,A
4-HA,273,0,0,1774,0,1774,G
4-HA,274,1,1767,0,1,1769,T
4-HA,275,2,1,1786,0,1789,G
4-HA,276,0,1729,0,0,1729,T
4-HA,277,0,4,1721,0,1725,G
4-HA,278,1714,1,7,0,1722,A
4-HA,279,1,1721,0,2,1724,T
4-HA,280,1,4,1711,0,1716,G
4-HA,281,1,0,1716,0,1717,G
4-HA,282,0,1,1,1680,1682,C
4-HA,283,0,1682,0,1,1683,T
4-HA,284,1,1666,0,0,1667,T
4-HA,285,1,0,0,1671,1672,C
4-HA,286,1,0,0,1674,1675,C
4-HA,287,1676,0,2,0,1678,A
4-HA,288,1684,0,1,0,1685,A
4-HA,289,1685,0,0,0,1685,A
4-HA,290,1693,0,0,0,1693,A
4-HA,291,0,1698,0,0,1698,T
4-HA,292,1700,0,0,0,1700,A
4-HA,293,1700,0,4,0,1704,A
4-HA,294,0,2,1710,0,1712,G
4-HA,295,1727,0,0,0,1727,A
4-HA,296,1731,1,0,0,1732,A
4-HA,297,1733,0,2,0,1735,A
4-HA,298,0,1735,0,0,1735,T
4-HA,299,1,7,1728,0,1736,G
4-HA,300,0,3,1732,0,1735,G
4-HA,301,1,6,1722,0,1729,G
4-HA,302,1725,2,2,1,1730,A
4-HA,303,0,1,0,1745,1746,C
4-HA,304,3,0,0,1738,1741,C
4-HA,305,0,1769,0,3,1772,T
4-HA,306,0,1767,0,1,1768,T
4-HA,307,0,1771,0,0,1771,T
4-HA,308,1,1775,0,1,1777,T
4-HA,309,0,1778,0,0,1778,T
4-HA,310,0,0,1795,0,1795,G
4-HA,311,0,1793,0,2,1795,T
4-HA,312,0,1779,0,1,1780,T
4-HA,313,0,8,1774,0,1782,G
4-HA,314,1753,1,1,0,1755,A
4-HA,315,1761,0,4,0,1765,A
4-HA,316,0,0,1,1762,1763,C
4-HA,317,3,0,1756,0,1759,G
4-HA,318,3,0,0,1776,1779,C
4-HA,319,1773,1,1,0,1775,A
4-HA,320,1,0,1791,0,1792,G
4-HA,321,0,0,0,1792,1792,C
4-HA,322,1781,0,3,0,1784,A
4-HA,323,1788,0,1,1,1790,A
4-HA,324,1780,0,1,0,1781,A
4-HA,325,1,0,1821,0,1822,G
4-HA,326,0,0,0,1821,1821,C
4-HA,327,2,1,0,1803,1806,C
4-HA,328,5,0,0,1776,1781,C
4-HA,329,1786,0,1,0,1787,A
4-HA,330,0,0,0,1830,1830,C
4-HA,331,1831,0,1,0,1832,A
4-HA,332,0,1,1841,0,1842,G
4-HA,333,0,0,0,1830,1830,C
4-HA,334,1792,1,3,0,1796,A
4-HA,335,1814,0,0,0,1814,A
4-HA,336,0,0,0,1908,1908,C
4-HA,337,0,1898,0,1,1899,T
4-HA,338,1,0,1911,0,1912,G
4-HA,339,0,1890,0,1,1891,T
4-HA,340,0,1885,1,1,1887,T
4-HA,341,1888,0,1,0,1889,A
4-HA,342,0,0,0,2023,2023,C
4-HA,343,5,0,0,2031,2036,C
4-HA,344,7,0,0,2066,2073,C
4-HA,345,0,1976,0,1,1977,T
4-HA,346,0,1975,0,0,1975,T
4-HA,347,1969,0,1,0,1970,A
4-HA,348,0,1980,0,1,1981,T
4-HA,349,0,4,1974,0,1978,G
4-HA,350,1962,0,1,0,1963,A
4-HA,351,0,1831,0,0,1831,T
4-HA,352,0,0,1841,0,1841,G
4-HA,353,0,1778,0,3,1781,T
4-HA,354,0,1,1789,0,1790,G
4-HA,355,1,0,0,1785,1786,C
4-HA,356,6,0,0,1772,1778,C
4-HA,357,3,3,1815,0,1821,G
4-HA,358,0,3,1853,0,1856,G
4-HA,359,1851,0,0,0,1851,A
4-HA,360,0,1858,0,0,1858,T
4-HA,361,0,1831,0,1,1832,T
4-HA,362,1846,0,0,0,1846,A
4-HA,363,1,1841,0,3,1845,T
4-HA,364,0,1,1842,0,1843,G
4-HA,365,0,1,0,1840,1841,C
4-HA,366,1,1,0,1827,1829,C
4-HA,367,0,1832,0,1,1833,T
4-HA,368,1,1,0,1923,1925,C
4-HA,369,2,1,0,1942,1945,C
4-HA,370,8,0,0,1940,1948,C
4-HA,371,0,1930,1,3,1934,T
4-HA,372,0,1942,0,0,1942,T
4-HA,373,1934,0,1,1,1936,A
4-HA,374,0,5,1975,0,1980,G
4-HA,375,1,0,1981,0,1982,G
4-HA,376,1,1940,0,2,1943,T
4-HA,377,5,0,0,1884,1889,C
4-HA,378,1866,0,2,0,1868,A
4-HA,379,0,0,0,1926,1926,C
4-HA,380,0,1926,0,0,1926,T
4-HA,381,1925,0,2,1,1928,A
4-HA,382,1,0,1927,0,1928,G
4-HA,383,0,1881,0,1,1882,T
4-HA,384,0,1869,1,1,1871,T
4-HA,385,0,0,1890,0,1890,G
4-HA,386,0,1,0,1893,1894,C
4-HA,387,7,0,0,1892,1899,C
4-HA,388,0,1850,0,1,1851,T
4-HA,389,3,1,0,1874,1878,C
4-HA,390,1943,0,1,0,1944,A
4-HA,391,0,1946,1,0,1947,T
4-HA,392,1,0,1,1947,1949,C
4-HA,393,2,2,0,1948,1952,C
4-HA,394,1,6,1919,0,1926,G
4-HA,395,1,0,1946,0,1947,G
4-HA,396,0,0,0,1946,1946,C
4-HA,397,1967,0,3,0,1970,A
4-HA,398,0,0,0,1996,1996,C
4-HA,399,1951,0,4,0,1955,A
4-HA,400,0,1,0,1982,1983,C
4-HA,401,0,1980,0,0,1980,T
4-HA,402,0,5,2001,0,2006,G
4-HA,403,0,4,2027,0,2031,G
4-HA,404,2019,0,1,0,2020,A
4-HA,405,273,0,1778,0,2051,G
4-HA,406,0,2036,0,1,2037,T
4-HA,407,0,2027,0,0,2027,T
4-HA,408,0,2022,0,11,2033,T
4-HA,409,2026,0,0,0,2026,A
4-HA,410,2024,1,1,1,2027,A
4-HA,411,0,1,0,2039,2040,C
4-HA,412,1982,0,0,0,1982,A
4-HA,413,1980,0,1,0,1981,A
4-HA,414,0,1963,0,0,1963,T
4-HA,415,0,5,1958,0,1963,G
4-HA,416,1962,1,0,0,1963,A
4-HA,417,1963,0,0,0,1963,A
4-HA,418,1958,0,6,0,1964,A
4-HA,419,0,0,1980,0,1980,G
4-HA,420,1,0,0,2001,2002,C
4-HA,421,0,1990,0,3,1993,T
4-HA,422,0,1992,0,0,1992,T
4-HA,423,1,0,1,2017,2019,C
4-HA,424,2025,0,1,0,2026,A
4-HA,425,2031,0,0,0,2031,A
4-HA,426,0,2035,0,0,2035,T
4-HA,427,0,2020,0,0,2020,T
4-HA,428,1,3,2061,0,2065,G
4-HA,429,1,6,2085,0,2092,G
4-HA,430,2090,0,1,0,2091,A
4-HA,431,0,0,0,2096,2096,C
4-HA,432,0,2064,0,1,2065,T
4-HA,433,0,3,2068,0,2071,G
4-HA,434,0,6,2069,0,2075,G
4-HA,435,2070,0,2,0,2072,A
4-HA,436,0,1,2077,0,2078,G
4-HA,437,0,2018,0,7,2025,T
4-HA,438,14,0,0,1978,1992,C
4-HA,439,2018,0,2,0,2020,A
4-HA,440,0,0,0,2024,2024,C
4-HA,441,0,2018,0,1,2019,T
4-HA,442,5,0,0,2020,2025,C
4-HA,443,1987,0,0,18,2005,A
4-HA,444,2022,0,2,0,2024,A
4-HA,445,2006,0,0,0,2006,A
4-HA,446,2020,0,1,0,2021,A
4-HA,447,0,0,0,2028,2028,C
4-HA,448,0,3,1997,0,2000,G
4-HA,449,1,15,2017,0,2033,G
4-HA,450,2033,0,2,0,2035,A
4-HA,451,2034,1,2,0,2037,A
4-HA,452,1,0,0,2038,2039,C
4-HA,453,2027,0,0,0,2027,A
4-HA,454,2039,0,3,0,2042,A
4-HA,455,1,1,2052,0,2054,G
4-HA,456,0,1,0,2056,2057,C
4-HA,457,0,2043,0,1,2044,T
4-HA,458,4,0,0,2056,2060,C
4-HA,459,1,2042,0,0,2043,T
4-HA,460,1,0,2059,1,2061,G
4-HA,461,0,0,0,2057,2057,C
4-HA,462,0,2054,0,1,2055,T
4-HA,463,0,2104,0,1,2105,T
4-HA,464,1,0,2142,0,2143,G
4-HA,465,2,4,0,2154,2160,C
4-HA,466,2157,0,2,0,2159,A
4-HA,467,0,2134,0,0,2134,T
4-HA,468,2120,0,1,0,2121,A
4-HA,469,2111,0,2,0,2113,A
4-HA,470,2,5,2107,0,2114,G
4-HA,471,0,1,2106,0,2107,G
4-HA,472,2000,0,3,1,2004,A
4-HA,473,76,3,1901,0,1980,G
4-HA,474,1959,2,2,0,1963,A
4-HA,475,0,2011,0,0,2011,T
4-HA,476,3,0,0,2030,2033,C
4-HA,477,0,2033,0,0,2033,T
4-HA,478,2028,0,0,0,2028,A
4-HA,479,2025,1,0,1,2027,A
4-HA,480,2009,0,0,0,2009,A
4-HA,481,2015,0,1,0,2016,A
4-HA,482,2011,0,0,0,2011,A
4-HA,483,0,1,0,2022,2023,C
4-HA,484,1958,0,1,0,1959,A
4-HA,485,0,0,1968,0,1968,G
4-HA,486,0,1950,0,2,1952,T
4-HA,487,0,2002,0,1,2003,T
4-HA,488,2,1997,0,1,2000,T
4-HA,489,6,0,0,2054,2060,C
4-HA,490,0,2058,0,1,2059,T
4-HA,491,0,2071,0,1,2072,T
4-HA,492,0,2072,0,1,2073,T
4-HA,493,2063,0,0,1,2064,A
4-HA,494,0,0,2061,0,2061,G
4-HA,495,0,2061,0,0,2061,T
4-HA,496,2065,0,0,0,2065,A
4-HA,497,1,3,2072,0,2076,G
4-HA,498,2025,0,0,0,2025,A
4-HA,499,0,2034,0,1,2035,T
4-HA,500,0,2026,0,1,2027,T
4-HA,501,0,8,2060,0,2068,G
4-HA,502,2067,0,1,0,2068,A
4-HA,503,2074,0,1,0,2075,A
4-HA,504,0,2070,0,0,2070,T
4-HA,505,0,2024,0,1,2025,T
4-HA,506,1,7,2048,0,2056,G
4-HA,507,0,1,2051,0,2052,G
4-HA,508,1,2048,0,0,2049,T
4-HA,509,0,2040,0,2,2042,T
4-HA,510,0,13,1999,0,2012,G
4-HA,511,2023,1,0,1,2025,A
4-HA,512,0,0,0,2024,2024,C
4-HA,513,3,1,0,2023,2027,C
4-HA,514,4,0,0,2038,2042,C
4-HA,515,2029,0,0,0,2029,A
4-HA,516,0,0,0,2050,2050,C
4-HA,517,0,2041,0,3,2044,T
4-HA,518,0,2045,0,1,2046,T
4-HA,519,2043,0,0,0,2043,A
4-HA,520,2036,0,0,0,2036,A
4-HA,521,2037,0,2,0,2039,A
4-HA,522,1,0,0,1971,1972,C
4-HA,523,0,2057,0,2,2059,T
4-HA,524,0,2058,0,0,2058,T
4-HA,525,5,3,0,2083,2091,C
4-HA,526,2094,0,0,0,2094,A
4-HA,527,2093,0,0,0,2093,A
4-HA,528,2084,0,0,0,2084,A
4-HA,529,0,2088,0,0,2088,T
4-HA,530,2126,0,1,0,2127,A
4-HA,531,1,0,0,2119,2120,C
4-HA,532,4,0,1,2056,2061,C
4-HA,533,6,1,0,2044,2051,C
4-HA,534,2040,2,1,0,2043,A
4-HA,535,0,1,2141,0,2142,G
4-HA,536,2,0,0,2153,2155,C
4-HA,537,2146,0,0,1,2147,A
4-HA,538,0,2141,0,1,2142,T
4-HA,539,0,2104,0,1,2105,T
4-HA,540,2,3,2200,0,2205,G
4-HA,541,2206,0,0,0,2206,A
4-HA,542,2207,0,1,0,2208,A
4-HA,543,0,0,0,2210,2210,C
4-HA,544,27,0,2121,0,2148,G
4-HA,545,0,2149,0,0,2149,T
4-HA,546,1,17,2146,0,2164,G
4-HA,547,2164,1,4,0,2169,A
4-HA,548,1,1,0,2170,2172,C
4-HA,549,1,2077,0,1,2079,T
4-HA,550,2134,0,1,0,2135,A
4-HA,551,0,2137,0,1,2138,T
4-HA,552,0,0,2159,0,2159,G
4-HA,553,0,2,0,2157,2159,C
4-HA,554,6,0,0,2119,2125,C
4-HA,555,2118,0,0,0,2118,A
4-HA,556,2114,0,1,0,2115,A
4-HA,557,2160,0,1,0,2161,A
4-HA,558,0,1,0,2167,2168,C
4-HA,559,2102,0,0,0,2102,A
4-HA,560,2102,0,1,0,2103,A
4-HA,561,0,2089,0,1,2090,T
4-HA,562,0,14,2074,0,2088,G
4-HA,563,2089,0,1,0,2090,A
4-HA,564,2089,0,4,0,2093,A
4-HA,565,0,0,0,2055,2055,C
4-HA,566,2067,0,1,0,2068,A
4-HA,567,2085,0,0,0,2085,A
4-HA,568,1,2079,0,2,2082,T
4-HA,569,0,2080,0,0,2080,T
4-HA,570,0,2076,0,0,2076,T
4-HA,571,0,17,2067,0,2084,G
4-HA,572,2083,0,1,0,2084,A
4-HA,573,1,0,0,2083,2084,C
4-HA,574,2080,0,0,0,2080,A
4-HA,575,2083,0,0,0,2083,A
4-HA,576,2122,0,1,0,2123,A
4-HA,577,0,2134,2,0,2136,T
4-HA,578,0,2122,0,0,2122,T
4-HA,579,2,0,2140,0,2142,G
4-HA,580,0,2127,0,2,2129,T
4-HA,581,2135,0,2,0,2137,A
4-HA,582,1,1,0,2190,2192,C
4-HA,583,2177,0,0,0,2177,A
4-HA,584,1,2215,0,0,2216,T
4-HA,585,0,2173,0,0,2173,T
4-HA,586,1,2168,0,0,2169,T
4-HA,587,0,4,2151,0,2155,G
4-HA,588,1,5,2146,0,2152,G
4-HA,589,24,5,2115,0,2144,G
4-HA,590,1,5,2145,0,2151,G
4-HA,591,0,1,2106,0,2107,G
4-HA,592,0,1,2169,0,2170,G
4-HA,593,0,2142,0,2,2144,T
4-HA,594,1,2147,0,1,2149,T
4-HA,595,10,0,0,2141,2151,C
4-HA,596,2151,0,6,0,2157,A
4-HA,597,0,0,0,2172,2172,C
4-HA,598,2,0,0,2173,2175,C
4-HA,599,2171,0,1,0,2172,A
4-HA,600,1,0,0,2200,2201,C
4-HA,601,1,0,0,2169,2170,C
4-HA,602,3,0,0,2153,2156,C
4-HA,603,2,2,2155,0,2159,G
4-HA,604,0,2,2203,0,2205,G
4-HA,605,1,0,2210,0,2211,G
4-HA,606,1,2179,0,0,2180,T
4-HA,607,2190,1,0,0,2191,A
4-HA,608,0,1,0,2178,2179,C
4-HA,609,1,5,2144,0,2150,G
4-HA,610,1,8,2170,1,2180,G
4-HA,611,2197,0,1,0,2198,A
4-HA,612,1,0,0,2191,2192,C
4-HA,613,2109,0,0,0,2109,A
4-HA,614,2108,0,1,0,2109,A
4-HA,615,2094,0,0,0,2094,A
4-HA,616,0,2,2143,1,2146,G
4-HA,617,2150,0,1,0,2151,A
4-HA,618,1,0,0,2146,2147,C
4-HA,619,5,1,0,2105,2111,C
4-HA,620,2122,0,0,0,2122,A
4-HA,621,2116,0,1,0,2117,A
4-HA,622,2168,0,1,0,2169,A
4-HA,623,0,2156,0,0,2156,T
4-HA,624,3,0,0,2180,2183,C
4-HA,625,0,2089,0,1,2090,T
4-HA,626,0,2075,0,0,2075,T
4-HA,627,0,0,0,2107,2107,C
4-HA,628,0,0,0,2118,2118,C
4-HA,629,0,2109,0,2,2111,T
4-HA,630,0,0,2120,0,2120,G
4-HA,631,0,2095,0,0,2095,T
4-HA,632,2114,0,0,0,2114,A
4-HA,633,0,2096,1,1,2098,T
4-HA,634,0,0,2129,0,2129,G
4-HA,635,1,1,0,2127,2129,C
4-HA,636,0,2106,0,2,2108,T
4-HA,637,10,0,0,2101,2111,C
4-HA,638,2111,0,1,1,2113,A
4-HA,639,2124,0,1,0,2125,A
4-HA,640,0,0,2129,0,2129,G
4-HA,641,2,0,0,2117,2119,C
4-HA,642,2120,0,1,0,2121,A
4-HA,643,0,2094,0,0,2094,T
4-HA,644,6,0,0,2083,2089,C
4-HA,645,2083,0,0,0,2083,A
4-HA,646,0,2,2101,0,2103,G
4-HA,647,0,7,2108,0,2115,G
4-HA,648,2111,0,0,0,2111,A
4-HA,649,2092,0,4,0,2096,A
4-HA,650,0,5,2201,0,2206,G
4-HA,651,2199,0,1,0,2200,A
4-HA,652,2239,0,1,0,2240,A
4-HA,653,0,2247,0,0,2247,T
4-HA,654,4,0,0,2246,2250,C
4-HA,655,2221,1,6,0,2228,A
4-HA,656,0,0,0,2238,2238,C
4-HA,657,2224,0,2,0,2226,A
4-HA,658,0,0,2277,0,2277,G
4-HA,659,0,2239,0,2,2241,T
4-HA,660,5,0,0,2253,2258,C
4-HA,661,0,2209,0,1,2210,T
4-HA,662,4,0,0,2275,2279,C
4-HA,663,105,2178,0,1,2284,T
4-HA,664,2301,1,0,0,2302,A
4-HA,665,0,0,0,2299,2299,C
4-HA,666,5,1,0,2291,2297,C
4-HA,667,2249,0,0,0,2249,A
4-HA,668,2259,0,0,0,2259,A
4-HA,669,2253,0,0,0,2253,A
4-HA,670,2251,0,2,0,2253,A
4-HA,671,0,1,2245,0,2246,G
4-HA,672,2197,0,5,0,2202,A
4-HA,673,2202,0,1,0,2203,A
4-HA,674,1,0,2199,0,2200,G
4-HA,675,0,2,0,2200,2202,C
4-HA,676,2,0,0,2203,2205,C
4-HA,677,2206,0,0,0,2206,A
4-HA,678,2217,1,0,0,2218,A
4-HA,679,0,0,0,2220,2220,C
4-HA,680,2214,0,2,0,2216,A
4-HA,681,2220,0,1,1,2222,A
4-HA,682,2216,0,2,0,2218,A
4-HA,683,0,0,0,2296,2296,C
4-HA,684,0,2275,0,2,2277,T
4-HA,685,0,1,2299,0,2300,G
4-HA,686,0,2297,0,0,2297,T
4-HA,687,2289,0,1,0,2290,A
4-HA,688,2300,0,1,0,2301,A
4-HA,689,0,2278,0,1,2279,T
4-HA,690,4,1,0,2300,2305,C
4-HA,691,3,0,0,2301,2304,C
4-HA,692,4,0,0,2252,2256,C
4-HA,693,8,8,2244,0,2260,G
4-HA,694,2255,1,1,0,2257,A
4-HA,695,2258,1,2,0,2261,A
4-HA,696,0,2267,0,0,2267,T
4-HA,697,2266,0,0,0,2266,A
4-HA,698,1,2259,0,0,2260,T
4-HA,699,4,0,0,2251,2255,C
4-HA,700,1,4,2247,0,2252,G
4-HA,701,0,3,2320,0,2323,G
4-HA,702,2325,0,2,0,2327,A
4-HA,703,0,2343,0,2,2345,T
4-HA,704,6,0,0,2337,2343,C
4-HA,705,0,2344,0,0,2344,T
4-HA,706,2337,0,0,1,2338,A
4-HA,707,0,8,2339,0,2347,G
4-HA,708,2352,2,2,0,2356,A
4-HA,709,0,0,0,2358,2358,C
4-HA,710,4,0,0,2287,2291,C
4-HA,711,8,0,0,2285,2293,C
4-HA,712,2244,1,24,0,2269,A
4-HA,713,0,8,2400,0,2408,G
4-HA,714,2400,0,5,0,2405,A
4-HA,715,0,0,2449,0,2449,G
4-HA,716,1,2423,0,0,2424,T
4-HA,717,2413,0,0,0,2413,A
4-HA,718,2405,0,3,0,2408,A
4-HA,719,0,7,2452,0,2459,G
4-HA,720,0,8,2471,0,2479,G
4-HA,721,2448,0,0,0,2448,A
4-HA,722,2254,0,3,0,2257,A
4-HA,723,1,2245,0,1,2247,T
4-HA,724,2246,0,0,0,2246,A
4-HA,725,1,2227,0,3,2231,T
4-HA,726,3,0,0,2285,2288,C
4-HA,727,6,1,1,2276,2284,C
4-HA,728,4,0,0,2228,2232,C
4-HA,729,1,2210,0,2,2213,T
4-HA,730,2221,0,1,0,2222,A
4-HA,731,0,0,2225,0,2225,G
4-HA,732,0,1,0,2227,2228,C
4-HA,733,2156,0,0,0,2156,A
4-HA,734,1,3,2227,0,2231,G
4-HA,735,2186,0,0,0,2186,A
4-HA,736,2189,0,2,0,2191,A
4-HA,737,0,2191,1,0,2192,T
4-HA,738,2189,0,2,0,2191,A
4-HA,739,2195,0,3,0,2198,A
4-HA,740,0,0,2202,0,2202,G
4-HA,741,1,1,0,2206,2208,C
4-HA,742,2203,0,2,0,2205,A
4-HA,743,1,2138,1,5,2145,T
4-HA,744,1,0,0,2308,2309,C
4-HA,745,0,2301,0,1,2302,T
4-HA,746,2320,0,0,0,2320,A
4-HA,747,1,2311,0,3,2315,T
4-HA,748,1,2300,0,2,2303,T
4-HA,749,0,1,2331,0,2332,G
4-HA,750,2,5,2319,0,2326,G
4-HA,751,2321,0,2,0,2323,A
4-HA,752,1,0,0,2326,2327,C
4-HA,753,2130,0,0,0,2130,A
4-HA,754,2195,0,1,0,2196,A
4-HA,755,0,2368,1,1,2370,T
4-HA,756,2453,4,0,0,2457,A
4-HA,757,0,1,2535,0,2536,G
4-HA,758,0,2507,0,2,2509,T
4-HA,759,2510,0,0,0,2510,A
4-HA,760,2534,0,2,0,2536,A
4-HA,761,2703,0,0,0,2703,A
4-HA,762,2772,0,0,0,2772,A
4-HA,763,1,1,0,2841,2843,C
4-HA,764,3,7,0,2721,2731,C
4-HA,765,1,2,2740,0,2743,G
4-HA,766,0,6,2810,0,2816,G
4-HA,767,0,8,2898,0,2906,G
4-HA,768,2921,0,0,1,2922,A
4-HA,769,0,7,2989,1,2997,G
4-HA,770,3111,0,2,0,3113,A
4-HA,771,0,2,0,3119,3121,C
4-HA,772,3118,0,1,14,3133,A
4-HA,773,0,3109,0,29,3138,T
4-HA,774,3168,0,2,0,3170,A
4-HA,775,0,1,0,3284,3285,C
4-HA,776,1,3263,0,11,3275,T
4-HA,777,0,3323,0,3,3326,T
4-HA,778,0,3360,1,3,3364,T
4-HA,779,0,3352,0,1,3353,T
4-HA,780,1,18,3423,1,3443,G
4-HA,781,3452,0,0,0,3452,A
4-HA,782,1,3457,0,1,3459,T
4-HA,783,0,3672,0,1,3673,T
4-HA,784,3665,0,0,0,3665,A
4-HA,785,3698,0,4,0,3702,A
4-HA,786,0,0,0,3820,3820,C
4-HA,787,3809,0,1,0,3810,A
4-HA,788,1,1,4160,0,4162,G
4-HA,789,1,4,1,4150,4156,C
4-HA,790,4150,0,4,0,4154,A
4-HA,791,1,1,0,4227,4229,C
4-HA,792,4193,0,5,0,4198,A
4-HA,793,0,11,4307,0,4318,G
4-HA,794,1,8,4289,0,4298,G
4-HA,795,3,14,4562,0,4579,G
4-HA,796,4555,1,1,0,4557,A
4-HA,797,4669,0,6,1,4676,A
4-HA,798,1,4679,0,7,4687,T
4-HA,799,7,1,0,4701,4709,C
4-HA,800,1,4744,0,1,4746,T
4-HA,801,4770,0,0,0,4770,A
4-HA,802,4746,0,3,0,4749,A
4-HA,803,0,4746,0,1,4747,T
4-HA,804,0,4644,0,3,4647,T
4-HA,805,1,1,4741,0,4743,G
4-HA,806,0,0,0,5023,5023,C
4-HA,807,1,5283,0,14,5298,T
4-HA,808,14,2,0,5502,5518,C
4-HA,809,9,0,0,5512,5521,C
4-HA,810,1,5521,0,4,5526,T
4-HA,811,5533,1,1,0,5535,A
4-HA,812,1,15,5547,0,5563,G
4-HA,813,0,23,5621,0,5644,G
4-HA,814,2,14,5660,0,5676,G
4-HA,815,3,2,5639,0,5644,G
4-HA,816,0,5527,0,1,5528,T
4-HA,817,0,5467,0,14,5481,T
4-HA,818,5503,0,3,0,5506,A
4-HA,819,1,1,0,5630,5632,C
4-HA,820,1,5626,0,8,5635,T
4-HA,821,0,5670,0,3,5673,T
4-HA,822,9,0,0,5668,5677,C
4-HA,823,5646,0,2,0,5648,A
4-HA,824,5656,0,1,0,5657,A
4-HA,825,5677,1,2,0,5680,A
4-HA,826,5736,2,1,0,5739,A
4-HA,827,0,5743,0,1,5744,T
4-HA,828,5694,0,4,0,5698,A
4-HA,829,0,3,0,5703,5706,C
4-HA,830,2,5,5684,0,5691,G
4-HA,831,5701,0,3,0,5704,A
4-HA,832,5702,1,5,0,5708,A
4-HA,833,2,1,5820,0,5823,G
4-HA,834,0,5808,0,4,5812,T
4-HA,835,2,12,5925,1,5940,G
4-HA,836,3,11,5935,0,5949,G
4-HA,837,0,8,5964,0,5972,G
4-HA,838,5958,0,16,0,5974,A
4-HA,839,5965,0,1,0,5966,A
4-HA,840,5966,1,12,1,5980,A
4-HA,841,5963,0,7,0,5970,A
4-HA,842,0,0,6199,0,6199,G
4-HA,843,2,0,0,6183,6185,C
4-HA,844,1,6135,1,11,6148,T
4-HA,845,33,3,0,6241,6277,C
4-HA,846,6274,0,5,0,6279,A
4-HA,847,6367,0,3,0,6370,A
4-HA,848,1,6374,0,0,6375,T
4-HA,849,6473,1,1,0,6475,A
4-HA,850,6460,0,1,0,6461,A
4-HA,851,0,6325,0,4,6329,T
4-HA,852,2,25,6336,0,6363,G
4-HA,853,6306,1,6,1,6314,A
4-HA,854,0,10,6570,0,6580,G
4-HA,855,6572,1,5,0,6578,A
4-HA,856,2,6539,0,5,6546,T
4-HA,857,22,1,0,6706,6729,C
4-HA,858,6696,2,5,0,6703,A
4-HA,859,0,6,6873,0,6879,G
4-HA,860,6855,0,25,0,6880,A
4-HA,861,1,6857,1,4,6863,T
4-HA,862,1,0,6852,0,6853,G
4-HA,863,1,4,0,6727,6732,C
4-HA,864,6735,0,7,0,6742,A
4-HA,865,2,3,0,6934,6939,C
4-HA,866,11,0,0,6823,6834,C
4-HA,867,28,1,0,6825,6854,C
4-HA,868,6745,0,0,0,6745,A
4-HA,869,0,6710,0,7,6717,T
4-HA,870,1,6728,0,2,6731,T
4-HA,871,1,21,6813,0,6835,G
4-HA,872,2,0,6830,0,6832,G
4-HA,873,1,6,0,6832,6839,C
4-HA,874,6731,0,4,0,6735,A
4-HA,875,6729,0,3,0,6732,A
4-HA,876,6889,0,4,0,6893,A
4-HA,877,2,6898,0,2,6902,T
4-HA,878,2,2,6904,0,6908,G
4-HA,879,2,4,0,6906,6912,C
4-HA,880,6836,0,2,0,6838,A
4-HA,881,7073,2,2,0,7077,A
4-HA,882,0,7076,0,1,7077,T
4-HA,883,0,7146,0,2,7148,T
4-HA,884,15,0,1,7153,7169,C
4-HA,885,0,7007,0,2,7009,T
4-HA,886,2,15,7122,0,7139,G
4-HA,887,7101,3,4,0,7108,A
4-HA,888,7156,0,4,0,7160,A
4-HA,889,0,7148,0,5,7153,T
4-HA,890,2,0,7075,0,7077,G
4-HA,891,2,4,0,7121,7127,C
4-HA,892,7099,0,4,0,7103,A
4-HA,893,1,7095,0,6,7102,T
4-HA,894,15,3,0,7080,7098,C
4-HA,895,7093,1,2,0,7096,A
4-HA,896,3,0,0,7547,7550,C
4-HA,897,1,7499,0,12,7512,T
4-HA,898,13,1,0,7536,7550,C
4-HA,899,11,0,0,7503,7514,C
4-HA,900,7595,0,7,0,7602,A
4-HA,901,7591,1,3,0,7595,A
4-HA,902,7588,2,2,0,7592,A
4-HA,903,0,7303,0,1,7304,T
4-HA,904,1,15,7355,1,7372,G
4-HA,905,0,9,7387,3,7399,G
4-HA,906,7401,0,4,0,7405,A
4-HA,907,7374,1,12,1,7388,A
4-HA,908,2,0,7411,0,7413,G
4-HA,909,19,2,0,7339,7360,C
4-HA,910,7348,0,2,0,7350,A
4-HA,911,1,7375,1,5,7382,T
4-HA,912,0,7364,0,2,7366,T
4-HA,913,24,0,0,7607,7631,C
4-HA,914,10,4,0,7578,7592,C
4-HA,915,17,3,0,7593,7613,C
4-HA,916,7610,0,6,0,7616,A
4-HA,917,7745,0,4,1,7750,A
4-HA,918,2,7941,0,5,7948,T
4-HA,919,2,46,7886,0,7934,G
4-HA,920,7907,1,24,1,7933,A
4-HA,921,0,0,0,7931,7931,C
4-HA,922,7713,0,8,0,7721,A
4-HA,923,7746,1,2,0,7749,A
4-HA,924,7726,0,4,2,7732,A
4-HA,925,1,2,0,7816,7819,C
4-HA,926,16,2,0,7683,7701,C
4-HA,927,7582,0,8,0,7590,A
4-HA,928,2,7607,0,6,7615,T
4-HA,929,1,7601,1,7,7610,T
4-HA,930,16,4,0,7619,7639,C
4-HA,931,12,0,0,7627,7639,C
4-HA,932,7628,2,5,0,7635,A
4-HA,933,7631,0,1,0,7632,A
4-HA,934,7613,0,0,0,7613,A
4-HA,935,7785,2,3,1,7791,A
4-HA,936,0,7752,0,0,7752,T
4-HA,937,2,0,7809,1,7812,G
4-HA,938,1,7778,0,3,7782,T
4-HA,939,7817,0,4,0,7821,A
4-HA,940,7820,1,3,1,7825,A
4-HA,941,7821,1,2,0,7824,A
4-HA,942,2,0,0,7858,7860,C
4-HA,943,7745,0,10,0,7755,A
4-HA,944,1,16,7889,0,7906,G
4-HA,945,2,17,7890,0,7909,G
4-HA,946,8094,1,10,0,8105,A
4-HA,947,1,8096,0,8,8105,T
4-HA,948,21,3,0,8171,8195,C
4-HA,949,8238,1,8,1,8248,A
4-HA,950,0,2,0,8559,8561,C
4-HA,951,8556,0,4,0,8560,A
4-HA,952,1,8897,0,2,8900,T
4-HA,953,8631,0,7,1,8639,A
4-HA,954,1,5,0,8575,8581,C
4-HA,955,4,12,8320,1,8337,G
4-HA,956,2,7,8322,0,8331,G
4-HA,957,2,11,8266,0,8279,G
4-HA,958,1,1,8335,0,8337,G
4-HA,959,1,1,0,8153,8155,C
4-HA,960,9,1,0,8161,8171,C
4-HA,961,23,7912,1,12,7948,T
4-HA,962,3,2,8837,0,8842,G
4-HA,963,2,8840,0,7,8849,T
4-HA,964,19,1,0,8881,8901,C
4-HA,965,16,3,0,8859,8878,C
4-HA,966,27,4,1,8857,8889,C
4-HA,967,8854,0,5,1,8860,A
4-HA,968,0,15,8929,0,8944,G
4-HA,969,8912,0,10,0,8922,A
4-HA,970,0,8922,2,1,8925,T
4-HA,971,8311,0,0,0,8311,A
4-HA,972,1,8194,0,3,8198,T
4-HA,973,1,0,8251,0,8252,G
4-HA,974,0,8235,0,10,8245,T
4-HA,975,1,8146,0,2,8149,T
4-HA,976,8277,1,1,0,8279,A
4-HA,977,8176,0,5,1,8182,A
4-HA,978,5,13,8275,0,8293,G
4-HA,979,2,2,1,8283,8288,C
4-HA,980,8160,0,2,0,8162,A
4-HA,981,8161,0,7,0,8168,A
4-HA,982,8105,0,7,2,8114,A
4-HA,983,8097,0,25,1,8123,A
4-HA,984,0,0,0,8145,8145,C
4-HA,985,8014,2,2,0,8018,A
4-HA,986,2,1,0,8135,8138,C
4-HA,987,0,7974,0,8,7982,T
4-HA,988,20,4,1,8023,8048,C
4-HA,989,2,8035,1,9,8047,T
4-HA,990,1,16,8098,0,8115,G
4-HA,991,8093,0,7,1,8101,A
4-HA,992,8085,0,7,1,8093,A
4-HA,993,8112,1,4,1,8118,A
4-HA,994,0,8056,1,0,8057,T
4-HA,995,0,7983,2,5,7990,T
4-HA,996,2,13,8077,1,8093,G
4-HA,997,5,3,8046,1,8055,G
4-HA,998,3,0,0,8099,8102,C
4-HA,999,8056,3,5,0,8064,A
4-HA,1000,8093,0,2,0,8095,A
4-HA,1001,1,1,0,8097,8099,C
4-HA,1002,8088,0,4,0,8092,A
4-HA,1003,3,14,8200,0,8217,G
4-HA,1004,0,14,8173,0,8187,G
4-HA,1005,3,16,8177,0,8196,G
4-HA,1006,8147,1,14,0,8162,A
4-HA,1007,0,8120,0,5,8125,T
4-HA,1008,6,0,8128,0,8134,G
4-HA,1009,3,6,1,8141,8151,C
4-HA,1010,5,10,8162,0,8177,G
4-HA,1011,8263,0,17,0,8280,A
4-HA,1012,8111,1,1,0,8113,A
4-HA,1013,8238,0,5,0,8243,A
4-HA,1014,2,8126,0,1,8129,T
4-HA,1015,3,1,8310,0,8314,G
4-HA,1016,1,8304,2,2,8309,T
4-HA,1017,8277,1,7,0,8285,A
4-HA,1018,3,2,0,8286,8291,C
4-HA,1019,18,5,1,8227,8251,C
4-HA,1020,8107,1,8,2,8118,A
4-HA,1021,0,15,8135,0,8150,G
4-HA,1022,7966,1,6,0,7973,A
4-HA,1023,3,8,8050,0,8061,G
4-HA,1024,7937,0,9,0,7946,A
4-HA,1025,7916,1,6,0,7923,A
4-HA,1026,7941,0,9,1,7951,A
4-HA,1027,3,0,1,7942,7946,C
4-HA,1028,7935,0,3,1,7939,A
4-HA,1029,8120,2,5,0,8127,A
4-HA,1030,8096,2,5,0,8103,A
4-HA,1031,2,1,0,8190,8193,C
4-HA,1032,1,8107,1,1,8110,T
4-HA,1033,8025,3,33,1,8062,A
4-HA,1034,0,5,8084,0,8089,G
4-HA,1035,8026,0,13,0,8039,A
4-HA,1036,1,5,8246,0,8252,G
4-HA,1037,1,1,8232,0,8234,G
4-HA,1038,2,1,0,8071,8074,C
4-HA,1039,8063,0,5,1,8069,A
4-HA,1040,1,8076,0,3,8080,T
4-HA,1041,8129,0,1,0,8130,A
4-HA,1042,0,8120,0,5,8125,T
4-HA,1043,1,8087,0,0,8088,T
4-HA,1044,2,8106,0,3,8111,T
4-HA,1045,0,15,7857,0,7872,G
4-HA,1046,2,1,7884,1,7888,G
4-HA,1047,4,9,0,7858,7871,C
4-HA,1048,2,3,7856,1,7862,G
4-HA,1049,1,1,0,7815,7817,C
4-HA,1050,7784,0,2,0,7786,A
4-HA,1051,7849,1,2,1,7853,A
4-HA,1052,0,7809,1,2,7812,T
4-HA,1053,21,2,0,7850,7873,C
4-HA,1054,4,2,7864,0,7870,G
4-HA,1055,1,5,0,7832,7838,C
4-HA,1056,3,13,7850,0,7866,G
4-HA,1057,2,6,7929,0,7937,G
4-HA,1058,1,2,7995,0,7998,G
4-HA,1059,2,7929,2,3,7936,T
4-HA,1060,1,7864,0,1,7866,T
4-HA,1061,1,7863,0,13,7877,T
4-HA,1062,13,0,1,7890,7904,C
4-HA,1063,7926,1,8,0,7935,A
4-HA,1064,0,7937,0,1,7938,T
4-HA,1065,7940,0,5,3,7948,A
4-HA,1066,2,6,8033,1,8042,G
4-HA,1067,7893,3,2,2,7900,A
4-HA,1068,7927,2,6,1,7936,A
4-HA,1069,7909,0,4,0,7913,A
4-HA,1070,7950,1,2,1,7954,A
4-HA,1071,0,7910,1,3,7914,T
4-HA,1072,1,12,8012,0,8025,G
4-HA,1073,2,3,8058,0,8063,G
4-HA,1074,1,7973,1,7,7982,T
4-HA,1075,1,7869,0,5,7875,T
4-HA,1076,0,18,7894,0,7912,G
4-HA,1077,1,10,7961,0,7972,G
4-HA,1078,0,11,7992,0,8003,G
4-HA,1079,7906,2,6,1,7915,A
4-HA,1080,3,21,7980,0,8004,G
4-HA,1081,2,8,7891,0,7901,G
4-HA,1082,2,18,8021,0,8041,G
4-HA,1083,7980,0,7,1,7988,A
4-HA,1084,8105,0,14,0,8119,A
4-HA,1085,1,8083,1,4,8089,T
4-HA,1086,2,12,8093,1,8108,G
4-HA,1087,0,2,8285,0,8287,G
4-HA,1088,1,8128,1,7,8137,T
4-HA,1089,1,9,8173,0,8183,G
4-HA,1090,2,6,8120,0,8128,G
4-HA,1091,7926,1,8,1,7936,A
4-HA,1092,1,7977,0,6,7984,T
4-HA,1093,2,17,8166,0,8185,G
4-HA,1094,2,0,8300,1,8303,G
4-HA,1095,0,8150,0,0,8150,T
4-HA,1096,0,7972,0,6,7978,T
4-HA,1097,4,19,7966,0,7989,G
4-HA,1098,2,3,8174,0,8179,G
4-HA,1099,0,8117,0,7,8124,T
4-HA,1100,8134,1,8,0,8143,A
4-HA,1101,2,4,0,7775,7781,C
4-HA,1102,3,10,7854,0,7867,G
4-HA,1103,0,2,8181,0,8183,G
4-HA,1104,1,8146,2,10,8159,T
4-HA,1105,0,8182,0,4,8186,T
4-HA,1106,0,8141,0,8,8149,T
4-HA,1107,10,1,0,8033,8044,C
4-HA,1108,8003,2,21,0,8026,A
4-HA,1109,4,12,8004,0,8020,G
4-HA,1110,2,2,8017,0,8021,G
4-HA,1111,1,1,0,7991,7993,C
4-HA,1112,7688,0,3,0,7691,A
4-HA,1113,1,7792,0,3,7796,T
4-HA,1114,9,0,0,7804,7813,C
4-HA,1115,7837,0,3,1,7841,A
4-HA,1116,7835,0,2,0,7837,A
4-HA,1117,7834,0,2,0,7836,A
4-HA,1118,7874,0,2,0,7876,A
4-HA,1119,1,7850,0,4,7855,T
4-HA,1120,0,7835,0,2,7837,T
4-HA,1121,7,0,0,7858,7865,C
4-HA,1122,1,7813,1,1,7816,T
4-HA,1123,1,14,7822,0,7837,G
4-HA,1124,7773,0,12,0,7785,A
4-HA,1125,3,18,7880,0,7901,G
4-HA,1126,1,10,7880,1,7892,G
4-HA,1127,3,11,7956,0,7970,G
4-HA,1128,7914,0,6,1,7921,A
4-HA,1129,7922,0,7,1,7930,A
4-HA,1130,2,10,7894,0,7906,G
4-HA,1131,7999,1,13,0,8013,A
4-HA,1132,2,17,8108,0,8127,G
4-HA,1133,0,17,8147,0,8164,G
4-HA,1134,8123,3,13,0,8139,A
4-HA,1135,2,3,0,8144,8149,C
4-HA,1136,8041,1,50,1,8093,A
4-HA,1137,8084,2,10,1,8097,A
4-HA,1138,1,1,8108,0,8110,G
4-HA,1139,1,1,0,8126,8128,C
4-HA,1140,8038,0,10,0,8048,A
4-HA,1141,2,1,8048,0,8051,G
4-HA,1142,1,0,0,8019,8020,C
4-HA,1143,8034,0,1,0,8035,A
4-HA,1144,0,10,8112,0,8122,G
4-HA,1145,8018,0,10,0,8028,A
4-HA,1146,1,8232,0,11,8244,T
4-HA,1147,11,1,0,8287,8299,C
4-HA,1148,0,8233,1,11,8245,T
4-HA,1149,24,1,0,8356,8381,C
4-HA,1150,8362,0,2,0,8364,A
4-HA,1151,8365,0,5,1,8371,A
4-HA,1152,8347,1,1,0,8349,A
4-HA,1153,8176,0,15,0,8191,A
4-HA,1154,2,4,8198,0,8204,G
4-HA,1155,1,2,0,8046,8049,C
4-HA,1156,8023,3,3,0,8029,A
4-HA,1157,1,0,1,8208,8210,C
4-HA,1158,1,8129,0,6,8136,T
4-HA,1159,23,1,0,8138,8162,C
4-HA,1160,8169,0,2,0,8171,A
4-HA,1161,8308,0,14,0,8322,A
4-HA,1162,1,0,8336,0,8337,G
4-HA,1163,5,7,1,8315,8328,C
4-HA,1164,8256,1,12,0,8269,A
4-HA,1165,2,0,8276,0,8278,G
4-HA,1166,4,1,0,8150,8155,C
4-HA,1167,8133,1,5,0,8139,A
4-HA,1168,8108,1,3,0,8112,A
4-HA,1169,1,8045,0,5,8051,T
4-HA,1170,22,2,0,7899,7923,C
4-HA,1171,2,30,7956,0,7988,G
4-HA,1172,7937,2,7,0,7946,A
4-HA,1173,3,7900,0,4,7907,T
4-HA,1174,32,2,0,7881,7915,C
4-HA,1175,7901,1,3,0,7905,A
4-HA,1176,8138,0,1,0,8139,A
4-HA,1177,8131,0,2,0,8133,A
4-HA,1178,4,8095,1,8,8108,T
4-HA,1179,25,142,0,8001,8168,C
4-HA,1180,8055,0,3,0,8058,A
4-HA,1181,8125,1,2,1,8129,A
4-HA,1182,2,8130,0,2,8134,T
4-HA,1183,3,14,8132,0,8149,G
4-HA,1184,2,8,8103,0,8113,G
4-HA,1185,2,7,7982,0,7991,G
4-HA,1186,8036,2,11,1,8050,A
4-HA,1187,8032,1,18,0,8051,A
4-HA,1188,1,1,8194,0,8196,G
4-HA,1189,0,4,0,8181,8185,C
4-HA,1190,1,8152,0,2,8155,T
4-HA,1191,4,14,8504,0,8522,G
4-HA,1192,8501,0,4,1,8506,A
4-HA,1193,8510,2,12,0,8524,A
4-HA,1194,0,8506,2,0,8508,T
4-HA,1195,8343,2,4,0,8349,A
4-HA,1196,0,11,8324,0,8335,G
4-HA,1197,7690,1,5,0,7696,A
4-HA,1198,1,7752,0,11,7764,T
4-HA,1199,2,7773,1,1,7777,T
4-HA,1200,1,22,7783,1,7807,G
4-HA,1201,7778,2,3,0,7783,A
4-HA,1202,2,7736,1,3,7742,T
4-HA,1203,21,5,0,7757,7783,C
4-HA,1204,4,15,7767,0,7786,G
4-HA,1205,3,3,7770,0,7776,G
4-HA,1206,1,11,7783,0,7795,G
4-HA,1207,7795,0,3,0,7798,A
4-HA,1208,7791,0,2,1,7794,A
4-HA,1209,7729,0,9,2,7740,A
4-HA,1210,7741,1,8,1,7751,A
4-HA,1211,3,7,0,7758,7768,C
4-HA,1212,14,3,1,7722,7740,C
4-HA,1213,7706,1,9,0,7716,A
4-HA,1214,7706,2,9,0,7717,A
4-HA,1215,0,6,0,7728,7734,C
4-HA,1216,1,18,7736,0,7755,G
4-HA,1217,7741,1,8,1,7751,A
4-HA,1218,1,10,7745,0,7756,G
4-HA,1219,7676,0,66,0,7742,A
4-HA,1220,7735,2,4,0,7741,A
4-HA,1221,7730,0,8,1,7739,A
4-HA,1222,1,7745,0,7,7753,T
4-HA,1223,0,7742,0,5,7747,T
4-HA,1224,18,1,0,7760,7779,C
4-HA,1225,18,0,0,7752,7770,C
4-HA,1226,7775,0,5,0,7780,A
4-HA,1227,2,7716,0,7,7725,T
4-HA,1228,14,3,1,7739,7757,C
4-HA,1229,7698,0,1,0,7699,A
4-HA,1230,1,6,7755,0,7762,G
4-HA,1231,7694,1,7,0,7702,A
4-HA,1232,1,7692,1,5,7699,T
4-HA,1233,2,7649,1,2,7654,T
4-HA,1234,2,14,7713,0,7729,G
4-HA,1235,7731,0,14,0,7745,A
4-HA,1236,7746,0,2,0,7748,A
4-HA,1237,7755,1,7,0,7763,A
4-HA,1238,7748,0,2,1,7751,A
4-HA,1239,7669,0,11,0,7680,A
4-HA,1240,1,12,7665,0,7678,G
4-HA,1241,7658,2,6,1,7667,A
4-HA,1242,7683,1,6,0,7690,A
4-HA,1243,0,7603,2,1,7606,T
4-HA,1244,1,7615,0,8,7624,T
4-HA,1245,17,1,0,7648,7666,C
4-HA,1246,0,7643,0,12,7655,T
4-HA,1247,18,1,0,7627,7646,C
4-HA,1248,7635,0,9,0,7644,A
4-HA,1249,0,3,7655,0,7658,G
4-HA,1250,7613,0,4,1,7618,A
4-HA,1251,7566,0,9,1,7576,A
4-HA,1252,1,0,7718,0,7719,G
4-HA,1253,1,7629,0,18,7648,T
4-HA,1254,28,1,0,7616,7645,C
4-HA,1255,1,11,7648,0,7660,G
4-HA,1256,7629,2,22,2,7655,A
4-HA,1257,7623,1,21,0,7645,A
4-HA,1258,2,14,7650,1,7667,G
4-HA,1259,0,6,7720,0,7726,G
4-HA,1260,0,17,7732,0,7749,G
4-HA,1261,7509,0,14,1,7524,A
4-HA,1262,3,11,7571,0,7585,G
4-HA,1263,7554,0,5,0,7559,A
4-HA,1264,8039,0,3,0,8042,A
4-HA,1265,0,8045,0,6,8051,T
4-HA,1266,0,8034,0,5,8039,T
4-HA,1267,21,0,1,8039,8061,C
4-HA,1268,7906,0,7,0,7913,A
4-HA,1269,2,11,7913,0,7926,G
4-HA,1270,2,17,7881,0,7900,G
4-HA,1271,7882,2,7,0,7891,A
4-HA,1272,0,2,0,7899,7901,C
4-HA,1273,11,2,0,7317,7330,C
4-HA,1274,0,7299,0,5,7304,T
4-HA,1275,3,7221,2,107,7333,T
4-HA,1276,2,14,7359,0,7375,G
4-HA,1277,7360,0,7,1,7368,A
4-HA,1278,2,11,7507,1,7521,G
4-HA,1279,7480,0,5,1,7486,A
4-HA,1280,7339,1,3,0,7343,A
4-HA,1281,7314,2,16,1,7333,A
4-HA,1282,0,7251,1,4,7256,T
4-HA,1283,7444,1,4,1,7450,A
4-HA,1284,0,7431,0,2,7433,T
4-HA,1285,2,2,7547,0,7551,G
4-HA,1286,0,7528,1,8,7537,T
4-HA,1287,1,7321,1,5,7328,T
4-HA,1288,2,12,7329,1,7344,G
4-HA,1289,7241,1,6,0,7248,A
4-HA,1290,0,14,7315,0,7329,G
4-HA,1291,1,18,7289,0,7308,G
4-HA,1292,7153,0,9,0,7162,A
4-HA,1293,2,4,0,7462,7468,C
4-HA,1294,7304,2,5,1,7312,A
4-HA,1295,1,0,0,7300,7301,C
4-HA,1296,1,7257,0,4,7262,T
4-HA,1297,7648,3,2,2,7655,A
4-HA,1298,7763,0,0,2,7765,A
4-HA,1299,7773,1,4,0,7778,A
4-HA,1300,7825,2,5,2,7834,A
4-HA,1301,1,7821,0,2,7824,T
4-HA,1302,7386,0,3,0,7389,A
4-HA,1303,5,17,7425,0,7447,G
4-HA,1304,7219,2,3,0,7224,A
4-HA,1305,0,7243,0,6,7249,T
4-HA,1306,5,0,0,7241,7246,C
4-HA,1307,0,7096,0,7,7103,T
4-HA,1308,16,0,0,7274,7290,C
4-HA,1309,0,7292,0,5,7297,T
4-HA,1310,2,12,7435,0,7449,G
4-HA,1311,1,1,7618,0,7620,G
4-HA,1312,0,7541,0,9,7550,T
4-HA,1313,42,3,1,7500,7546,C
4-HA,1314,7592,0,3,0,7595,A
4-HA,1315,0,7615,0,4,7619,T
4-HA,1316,7602,0,2,0,7604,A
4-HA,1317,1,1,0,7596,7598,C
4-HA,1318,7322,0,8,1,7331,A
4-HA,1319,7390,0,8,0,7398,A
4-HA,1320,0,1,0,7178,7179,C
4-HA,1321,1,2,7172,0,7175,G
4-HA,1322,2,5,0,7171,7178,C
4-HA,1323,3,8,7144,0,7155,G
4-HA,1324,1,18,7143,0,7162,G
4-HA,1325,7123,1,6,1,7131,A
4-HA,1326,1,0,7307,0,7308,G
4-HA,1327,2,1,0,7281,7284,C
4-HA,1328,0,7223,0,19,7242,T
4-HA,1329,0,7281,1,12,7294,T
4-HA,1330,8,2,1,7303,7314,C
4-HA,1331,1,7336,1,27,7365,T
4-HA,1332,0,7367,0,6,7373,T
4-HA,1333,4,0,7350,0,7354,G
4-HA,1334,0,7282,0,12,7294,T
4-HA,1335,1,7101,0,46,7148,T
4-HA,1336,1,3,7292,0,7296,G
4-HA,1337,0,7,0,7259,7266,C
4-HA,1338,19,1,0,7201,7221,C
4-HA,1339,21,0,0,7293,7314,C
4-HA,1340,3,7272,1,11,7287,T
4-HA,1341,0,7,7392,0,7399,G
4-HA,1342,2,10,7381,0,7393,G
4-HA,1343,7366,1,12,1,7380,A
4-HA,1344,1,18,7423,0,7442,G
4-HA,1345,7272,0,8,0,7280,A
4-HA,1346,7296,0,8,0,7304,A
4-HA,1347,3,3,1,7422,7429,C
4-HA,1348,14,1,0,7397,7412,C
4-HA,1349,7391,1,6,0,7398,A
4-HA,1350,7710,1,12,1,7724,A
4-HA,1351,2,2,0,7745,7749,C
4-HA,1352,7788,0,6,1,7795,A
4-HA,1353,0,7755,0,6,7761,T
4-HA,1354,7729,1,4,0,7734,A
4-HA,1355,2,2,0,7928,7932,C
4-HA,1356,7710,1,3,1,7715,A
4-HA,1357,7707,0,3,0,7710,A
4-HA,1358,0,7662,1,7,7670,T
4-HA,1359,0,7356,1,6,7363,T
4-HA,1360,1,19,7485,0,7505,G
4-HA,1361,7555,0,4,0,7559,A
4-HA,1362,0,7522,1,13,7536,T
4-HA,1363,17,5,0,7559,7581,C
4-HA,1364,1,7414,2,17,7434,T
4-HA,1365,7541,0,0,0,7541,A
4-HA,1366,7540,1,1,1,7543,A
4-HA,1367,0,1,0,7542,7543,C
4-HA,1368,2,7457,0,15,7474,T
4-HA,1369,3,37,7369,0,7409,G
4-HA,1370,7420,0,3,0,7423,A
4-HA,1371,2,0,0,7413,7415,C
4-HA,1372,1,7360,2,7,7370,T
4-HA,1373,14,0,1,7394,7409,C
4-HA,1374,7372,0,6,1,7379,A
4-HA,1375,0,15,7581,1,7597,G
4-HA,1376,7581,0,8,3,7592,A
4-HA,1377,7583,0,7,0,7590,A
4-HA,1378,7561,0,28,0,7589,A
4-HA,1379,0,7504,0,12,7516,T
4-HA,1380,0,36,7587,0,7623,G
4-HA,1381,7620,0,11,0,7631,A
4-HA,1382,7626,1,14,0,7641,A
4-HA,1383,2,2,0,7635,7639,C
4-HA,1384,7490,1,1,0,7492,A
4-HA,1385,7488,1,2,1,7492,A
4-HA,1386,7486,0,7,1,7494,A
4-HA,1387,1,4,0,7529,7534,C
4-HA,1388,1,7432,0,5,7438,T
4-HA,1389,6,1,7488,0,7495,G
4-HA,1390,0,7390,1,4,7395,T
4-HA,1391,0,7403,0,4,7407,T
4-HA,1392,0,7429,0,1,7430,T
4-HA,1393,2,21,7417,1,7441,G
4-HA,1394,7437,1,2,0,7440,A
4-HA,1395,7440,0,2,1,7443,A
4-HA,1396,7409,1,2,0,7412,A
4-HA,1397,7400,1,6,0,7407,A
4-HA,1398,7360,0,3,0,7363,A
4-HA,1399,7391,2,4,0,7397,A
4-HA,1400,0,2,0,7419,7421,C
4-HA,1401,7416,1,5,2,7424,A
4-HA,1402,7410,0,7,0,7417,A
4-HA,1403,7408,2,10,0,7420,A
4-HA,1404,0,11,7449,0,7460,G
4-HA,1405,7488,1,1,0,7490,A
4-HA,1406,7441,0,17,0,7458,A
4-HA,1407,3,1,7461,0,7465,G
4-HA,1408,1,2,0,7443,7446,C
4-HA,1409,7443,0,8,1,7452,A
4-HA,1410,7473,2,6,0,7481,A
4-HA,1411,1,0,0,7499,7500,C
4-HA,1412,0,7440,2,1,7443,T
4-HA,1413,6,10,7504,0,7520,G
4-HA,1414,7422,0,6,0,7428,A
4-HA,1415,1,14,7491,0,7506,G
4-HA,1416,1,13,7508,1,7523,G
4-HA,1417,1,7,7524,0,7532,G
4-HA,1418,7532,0,7,0,7539,A
4-HA,1419,7498,1,1,0,7500,A
4-HA,1420,7462,2,13,1,7478,A
4-HA,1421,7563,0,7,2,7572,A
4-HA,1422,0,7529,0,0,7529,T
4-HA,1423,1,2,7595,0,7598,G
4-HA,1424,1,0,0,7586,7587,C
4-HA,1425,1,7466,0,10,7477,T
4-HA,1426,3,5,7519,0,7527,G
4-HA,1427,7508,0,7,0,7515,A
4-HA,1428,1,7,7973,1,7982,G
4-HA,1429,0,13,8075,0,8088,G
4-HA,1430,7967,1,4,0,7972,A
4-HA,1431,0,7965,0,2,7967,T
4-HA,1432,7890,0,14,0,7904,A
4-HA,1433,2,7869,0,8,7879,T
4-HA,1434,5,27,7954,0,7986,G
4-HA,1435,3,20,8054,0,8077,G
4-HA,1436,2,0,8076,1,8079,G
4-HA,1437,2,2,0,7654,7658,C
4-HA,1438,7470,0,2,0,7472,A
4-HA,1439,7467,2,9,1,7479,A
4-HA,1440,1,7455,0,4,7460,T
4-HA,1441,3,12,7490,0,7505,G
4-HA,1442,2,0,7499,0,7501,G
4-HA,1443,0,7368,0,1,7369,T
4-HA,1444,0,7166,0,17,7183,T
4-HA,1445,3,1,7209,0,7213,G
4-HA,1446,0,7253,0,12,7265,T
4-HA,1447,0,7273,0,6,7279,T
4-HA,1448,0,7284,0,5,7289,T
4-HA,1449,17,2,0,7272,7291,C
4-HA,1450,7287,0,3,0,7290,A
4-HA,1451,7324,0,3,0,7327,A
4-HA,1452,7330,0,1,0,7331,A
4-HA,1453,7435,1,4,0,7440,A
4-HA,1454,0,7387,0,0,7387,T
4-HA,1455,7323,1,2,1,7327,A
4-HA,1456,0,7339,1,8,7348,T
4-HA,1457,7322,0,10,0,7332,A
4-HA,1458,0,0,0,7449,7449,C
4-HA,1459,15,4,0,7396,7415,C
4-HA,1460,7393,1,11,0,7405,A
4-HA,1461,2,3,0,7449,7454,C
4-HA,1462,7423,0,2,0,7425,A
4-HA,1463,7443,0,1,0,7444,A
4-HA,1464,7463,0,2,0,7465,A
4-HA,1465,0,7458,0,4,7462,T
4-HA,1466,2,3,7512,1,7518,G
4-HA,1467,1,7402,0,3,7406,T
4-HA,1468,2,44,7446,2,7494,G
4-HA,1469,7484,0,19,0,7503,A
4-HA,1470,1,1,0,7495,7497,C
4-HA,1471,7382,0,3,0,7385,A
4-HA,1472,7375,0,2,0,7377,A
4-HA,1473,1,7498,2,8,7509,T
4-HA,1474,1,4,7560,0,7565,G
4-HA,1475,2,2,0,7508,7512,C
4-HA,1476,14,1,0,7530,7545,C
4-HA,1477,2,7481,0,12,7495,T
4-HA,1478,2,2,7889,0,7893,G
4-HA,1479,3,4,0,7892,7899,C
4-HA,1480,7906,0,2,0,7908,A
4-HA,1481,0,7896,0,4,7900,T
4-HA,1482,7541,3,6,0,7550,A
4-HA,1483,2,11,7613,0,7626,G
4-HA,1484,0,16,7593,0,7609,G
4-HA,1485,7564,1,6,0,7571,A
4-HA,1486,2,7525,0,8,7535,T
4-HA,1487,21,1,0,7080,7102,C
4-HA,1488,7094,1,1,0,7096,A
4-HA,1489,7110,0,19,0,7129,A
4-HA,1490,1,7100,0,14,7115,T
4-HA,1491,15,1,0,7122,7138,C
4-HA,1492,6973,1,3,2,6979,A
4-HA,1493,1,7,7030,0,7038,G
4-HA,1494,7040,0,6,0,7046,A
4-HA,1495,7038,0,6,0,7044,A
4-HA,1496,7049,0,5,0,7054,A
4-HA,1497,0,7027,0,4,7031,T
4-HA,1498,0,14,6990,0,7004,G
4-HA,1499,10,29,6989,0,7028,G
4-HA,1500,7017,0,6,0,7023,A
4-HA,1501,7077,0,3,0,7080,A
4-HA,1502,1,97,0,6940,7038,C
4-HA,1503,0,6945,0,4,6949,T
4-HA,1504,0,6982,1,5,6988,T
4-HA,1505,6988,0,0,1,6989,A
4-HA,1506,0,6965,0,6,6971,T
4-HA,1507,3,41,6928,1,6973,G
4-HA,1508,6935,0,14,0,6949,A
4-HA,1509,1,0,0,6961,6962,C
4-HA,1510,14,3,1,6876,6894,C
4-HA,1511,6859,1,1,1,6862,A
4-HA,1512,0,5,0,7032,7037,C
4-HA,1513,7,8,7270,0,7285,G
4-HA,1514,7460,2,8,0,7470,A
4-HA,1515,0,7567,1,1,7569,T
4-HA,1516,4,1,7914,1,7920,G
4-HA,1517,0,7824,1,3,7828,T
4-HA,1518,8178,0,12,0,8190,A
4-HA,1519,0,8187,0,4,8191,T
4-HA,1520,8165,0,18,1,8184,A
4-HA,1521,1,3,0,8154,8158,C
4-HA,1522,7309,0,4,0,7313,A
4-HA,1523,0,14,7386,0,7400,G
4-HA,1524,6947,1,2,0,6950,A
4-HA,1525,1,4,6777,0,6782,G
4-HA,1526,6727,1,0,0,6728,A
4-HA,1527,0,6209,1,0,6210,T
4-HA,1528,1,4,6199,0,6204,G
4-HA,1529,6187,2,6,0,6195,A
4-HA,1530,6171,0,12,0,6183,A
4-HA,1531,1,4,6308,0,6313,G
4-HA,1532,0,0,0,6158,6158,C
4-HA,1533,6145,0,1,0,6146,A
4-HA,1534,0,6109,0,5,6114,T
4-HA,1535,0,6112,0,1,6113,T
4-HA,1536,6135,0,4,0,6139,A
4-HA,1537,6136,0,1,0,6137,A
4-HA,1538,6124,0,4,0,6128,A
4-HA,1539,0,0,0,6130,6130,C
4-HA,1540,5885,0,1,0,5886,A
4-HA,1541,5919,0,5,0,5924,A
4-HA,1542,0,2,1,5906,5909,C
4-HA,1543,13,9,0,5860,5882,C
4-HA,1544,7,7,5868,0,5882,G
4-HA,1545,1,3,5949,0,5953,G
4-HA,1546,0,5942,0,10,5952,T
4-HA,1547,0,5936,0,5,5941,T
4-HA,1548,1,5863,0,2,5866,T
4-HA,1549,17,2,1,5870,5890,C
4-HA,1550,5897,2,7,0,5906,A
4-HA,1551,1,8,5998,0,6007,G
4-HA,1552,6000,0,5,1,6006,A
4-HA,1553,0,5965,1,5,5971,T
4-HA,1554,15,81,0,5708,5804,C
4-HA,1555,5780,0,7,0,5787,A
4-HA,1556,5799,0,4,0,5803,A
4-HA,1557,0,15,5791,0,5806,G
4-HA,1558,0,7,5777,1,5785,G
4-HA,1559,0,10,5760,0,5770,G
4-HA,1560,5486,2,6,0,5494,A
4-HA,1561,0,0,5568,0,5568,G
4-HA,1562,0,5562,0,6,5568,T
4-HA,1563,1,5558,1,8,5568,T
4-HA,1564,1,19,5606,0,5626,G
4-HA,1565,5569,1,5,0,5575,A
4-HA,1566,4,0,5602,0,5606,G
4-HA,1567,0,3,0,5593,5596,C
4-HA,1568,0,5509,0,12,5521,T
4-HA,1569,1,6,5534,0,5541,G
4-HA,1570,5499,0,0,0,5499,A
4-HA,1571,5513,2,14,0,5529,A
4-HA,1572,0,1,5529,0,5530,G
4-HA,1573,1,5393,0,1,5395,T
4-HA,1574,23,1,0,5366,5390,C
4-HA,1575,5297,1,8,1,5307,A
4-HA,1576,0,5,5310,0,5315,G
4-HA,1577,1,10,5278,0,5289,G
4-HA,1578,2,1,5160,0,5163,G
4-HA,1579,2,5392,1,1,5396,T
4-HA,1580,5398,0,15,0,5413,A
4-HA,1581,2,1,0,5403,5406,C
4-HA,1582,5384,1,2,0,5387,A
4-HA,1583,5396,0,2,0,5398,A
4-HA,1584,5387,0,1,0,5388,A
4-HA,1585,1,5,5432,0,5438,G
4-HA,1586,5275,0,1,0,5276,A
4-HA,1587,1,5076,1,3,5081,T
4-HA,1588,0,5015,0,2,5017,T
4-HA,1589,1,8,4999,1,5009,G
4-HA,1590,1,8,4997,0,5006,G
4-HA,1591,5014,1,1,1,5017,A
4-HA,1592,1,5021,0,5,5027,T
4-HA,1593,9,1,0,4984,4994,C
4-HA,1594,12,0,0,4907,4919,C
4-HA,1595,0,4856,0,5,4861,T
4-HA,1596,4934,0,1,1,4936,A
4-HA,1597,1,4932,0,3,4936,T
4-HA,1598,2,8,4947,0,4957,G
4-HA,1599,0,7,4957,0,4964,G
4-HA,1600,4840,0,3,0,4843,A
4-HA,1601,0,4807,0,9,4816,T
4-HA,1602,1,4747,0,4,4752,T
4-HA,1603,0,4730,0,3,4733,T
4-HA,1604,10,1,0,4729,4740,C
4-HA,1605,2,0,0,4722,4724,C
4-HA,1606,0,4653,1,5,4659,T
4-HA,1607,0,4639,0,2,4641,T
4-HA,1608,0,4599,0,5,4604,T
4-HA,1609,2,0,4646,0,4648,G
4-HA,1610,1,1,0,4642,4644,C
4-HA,1611,21,0,0,4627,4648,C
4-HA,1612,4568,0,3,0,4571,A
4-HA,1613,0,4538,0,2,4540,T
4-HA,1614,4595,1,4,0,4600,A
4-HA,1615,1,4579,0,3,4583,T
4-HA,1616,13,2,0,4553,4568,C
4-HA,1617,4554,0,3,0,4557,A
4-HA,1618,0,4484,0,2,4486,T
4-HA,1619,1,1,4526,0,4528,G
4-HA,1620,1,4471,1,4,4477,T
4-HA,1621,0,4432,0,3,4435,T
4-HA,1622,0,4417,4,6,4427,T
4-HA,1623,0,4300,1,1,4302,T
4-HA,1624,0,4306,0,5,4311,T
4-HA,1625,1,4308,0,2,4311,T
4-HA,1626,1,1,4320,0,4322,G
4-HA,1627,0,6,1,4298,4305,C
4-HA,1628,0,4185,1,7,4193,T
4-HA,1629,0,4206,0,3,4209,T
4-HA,1630,1,4181,0,3,4185,T
4-HA,1631,1,0,4267,0,4268,G
4-HA,1632,0,4262,0,3,4265,T
4-HA,1633,1,0,4274,0,4275,G
4-HA,1634,0,4260,0,12,4272,T
4-HA,1635,0,4170,0,2,4172,T
4-HA,1636,1,2,4236,0,4239,G
4-HA,1637,0,1,0,4229,4230,C
4-HA,1638,0,4219,1,5,4225,T
4-HA,1639,0,4264,0,1,4265,T
4-HA,1640,0,3997,0,1,3998,T
4-HA,1641,2,1,4022,0,4025,G
4-HA,1642,0,4002,0,4,4006,T
4-HA,1643,0,3989,0,5,3994,T
4-HA,1644,2,6,3994,0,4002,G
4-HA,1645,0,7,3884,0,3891,G
4-HA,1646,0,5,3886,0,3891,G
4-HA,1647,2,0,3908,0,3910,G
4-HA,1648,0,3769,0,9,3778,T
4-HA,1649,1,3742,0,11,3754,T
4-HA,1650,19,1,0,3672,3692,C
4-HA,1651,3657,0,7,0,3664,A
4-HA,1652,1,3672,0,4,3677,T
4-HA,1653,9,2,0,3678,3689,C
4-HA,1654,3689,0,1,0,3690,A
4-HA,1655,0,3561,0,5,3566,T
4-HA,1656,1,0,3541,0,3542,G
4-HA,1657,0,3468,0,5,3473,T
4-HA,1658,0,3,3434,0,3437,G
4-HA,1659,0,5,3347,0,3352,G
4-HA,1660,2,0,3335,1,3338,G
4-HA,1661,0,2,0,3245,3247,C
4-HA,1662,5,0,0,3166,3171,C
4-HA,1663,0,2992,0,3,2995,T
4-HA,1664,1,1,3010,0,3012,G
4-HA,1665,0,2,0,2994,2996,C
4-HA,1666,13,0,0,2997,3010,C
4-HA,1667,3004,0,1,0,3005,A
4-HA,1668,2986,0,1,0,2987,A
4-HA,1669,2989,0,3,0,2992,A
4-HA,1670,2985,0,1,0,2986,A
4-HA,1671,2984,0,3,0,2987,A
4-HA,1672,0,1,2984,0,2985,G
4-HA,1673,1,1,2872,0,2874,G
4-HA,1674,1,2,0,2828,2831,C
4-HA,1675,2818,0,4,0,2822,A
4-HA,1676,2850,0,4,0,2854,A
4-HA,1677,1,0,0,2862,2863,C
4-HA,1678,2859,0,0,0,2859,A
4-HA,1679,0,2848,0,0,2848,T
4-HA,1680,0,2829,0,0,2829,T
4-HA,1681,2747,0,2,0,2749,A
4-HA,1682,0,1,2728,0,2729,G
4-HA,1683,0,0,2728,0,2728,G
4-HA,1684,0,2622,0,1,2623,T
4-HA,1685,2,1,2452,0,2455,G
4-HA,1686,1,2,0,2342,2345,C
4-HA,1687,2306,0,6,0,2312,A
4-HA,1688,2312,0,3,0,2315,A
4-HA,1689,0,0,0,2311,2311,C
4-HA,1690,2274,0,2,0,2276,A
4-HA,1691,0,2210,0,3,2213,T
4-HA,1692,0,2063,0,3,2066,T
4-HA,1693,0,2057,0,6,2063,T
4-HA,1694,8,1,2052,0,2061,G
4-HA,1695,0,1,0,2034,2035,C
4-HA,1696,2037,0,0,0,2037,A
4-HA,1697,0,1916,0,3,1919,T
4-HA,1698,0,1840,0,4,1844,T
4-HA,1699,0,1779,0,0,1779,T
4-HA,1700,0,0,1774,0,1774,G
4-HA,1701,1696,0,0,0,1696,A
5-NP,1,1019,0,0,0,1019,A
5-NP,2,0,1024,0,0,1024,T
5-NP,3,0,0,1019,0,1019,G
5-NP,4,1,0,1020,0,1021,G
5-NP,5,0,0,0,1033,1033,C
5-NP,6,1,1,1057,0,1059,G
5-NP,7,0,1103,0,1,1104,T
5-NP,8,0,0,0,1125,1125,C
5-NP,9,3,0,0,1129,1132,C
5-NP,10,5,1,0,1131,1137,C
5-NP,11,1135,0,0,0,1135,A
5-NP,12,1137,0,1,0,1138,A
5-NP,13,1,1,1132,0,1134,G
5-NP,14,0,0,1166,0,1166,G
5-NP,15,0,1,0,1172,1173,C
5-NP,16,1185,0,0,0,1185,A
5-NP,17,0,0,0,1193,1193,C
5-NP,18,1,0,0,1192,1193,C
5-NP,19,1205,0,0,0,1205,A
5-NP,20,1199,0,1,0,1200,A
5-NP,21,1192,0,1,0,1193,A
5-NP,22,0,0,0,1210,1210,C
5-NP,23,0,2,1213,0,1215,G
5-NP,24,0,0,1356,0,1356,G
5-NP,25,0,1353,0,3,1356,T
5-NP,26,6,1,0,1472,1479,C
5-NP,27,0,1484,0,1,1485,T
5-NP,28,0,1504,0,0,1504,T
5-NP,29,1509,0,0,0,1509,A
5-NP,30,0,1505,1,1,1507,T
5-NP,31,0,11,1516,0,1527,G
5-NP,32,1522,0,0,0,1522,A
5-NP,33,1479,0,3,0,1482,A
5-NP,34,0,2,0,1487,1489,C
5-NP,35,1428,0,1,0,1429,A
5-NP,36,1,1,1540,0,1542,G
5-NP,37,1526,0,2,0,1528,A
5-NP,38,1,1537,0,0,1538,T
5-NP,39,1,2,1536,0,1539,G
5-NP,40,0,2,1537,0,1539,G
5-NP,41,1539,0,3,0,1542,A
5-NP,42,1548,0,0,0,1548,A
5-NP,43,1550,0,0,0,1550,A
5-NP,44,0,0,0,1595,1595,C
5-NP,45,0,1562,0,0,1562,T
5-NP,46,0,4,1591,0,1595,G
5-NP,47,1569,0,2,0,1571,A
5-NP,48,1,1583,0,0,1584,T
5-NP,49,0,3,1588,0,1591,G
5-NP,50,1,5,1590,0,1596,G
5-NP,51,0,4,1591,0,1595,G
5-NP,52,1,2,1591,0,1594,G
5-NP,53,1583,0,0,0,1583,A
5-NP,54,0,1590,0,0,1590,T
5-NP,55,2,1,0,1595,1598,C
5-NP,56,0,0,1607,0,1607,G
5-NP,57,0,0,0,1626,1626,C
5-NP,58,4,1,0,1625,1630,C
5-NP,59,1624,0,0,0,1624,A
5-NP,60,0,1,1648,0,1649,G
5-NP,61,1641,0,0,0,1641,A
5-NP,62,1658,0,1,0,1659,A
5-NP,63,0,1656,0,1,1657,T
5-NP,64,0,0,1658,0,1658,G
5-NP,65,0,0,0,1678,1678,C
5-NP,66,1668,0,1,0,1669,A
5-NP,67,1689,0,1,0,1690,A
5-NP,68,0,1,0,1692,1693,C
5-NP,69,0,1694,0,0,1694,T
5-NP,70,0,5,1700,0,1705,G
5-NP,71,1726,0,2,0,1728,A
5-NP,72,0,4,1850,0,1854,G
5-NP,73,1843,0,3,0,1846,A
5-NP,74,0,1839,0,0,1839,T
5-NP,75,0,1846,0,0,1846,T
5-NP,76,1830,0,1,0,1831,A
5-NP,77,0,5,1832,0,1837,G
5-NP,78,0,3,1833,0,1836,G
5-NP,79,1,0,1840,0,1841,G
5-NP,80,0,0,0,1805,1805,C
5-NP,81,1775,0,3,0,1778,A
5-NP,82,0,1783,0,4,1787,T
5-NP,83,2,29,0,1768,1799,C
5-NP,84,1,1,0,1795,1797,C
5-NP,85,2,1,1810,0,1813,G
5-NP,86,0,1804,0,4,1808,T
5-NP,87,7,1,1,1807,1816,C
5-NP,88,0,3,1818,0,1821,G
5-NP,89,0,2,1823,0,1825,G
5-NP,90,0,2,1835,0,1837,G
5-NP,91,1829,0,0,0,1829,A
5-NP,92,1826,2,0,0,1828,A
5-NP,93,1,2,1842,0,1845,G
5-NP,94,1824,0,2,0,1826,A
5-NP,95,0,1826,1,1,1828,T
5-NP,96,1,2,1838,0,1841,G
5-NP,97,1842,0,2,0,1844,A
5-NP,98,0,1842,0,1,1843,T
5-NP,99,0,1837,0,1,1838,T
5-NP,100,1,6,1832,0,1839,G
5-NP,101,1837,0,0,0,1837,A
5-NP,102,0,1834,0,1,1835,T
5-NP,103,0,1,1842,1,1844,G
5-NP,104,0,3,1888,0,1891,G
5-NP,105,1886,0,1,0,1887,A
5-NP,106,1891,0,3,0,1894,A
5-NP,107,0,1887,0,0,1887,T
5-NP,108,0,1888,0,0,1888,T
5-NP,109,0,4,1898,0,1902,G
5-NP,110,0,2,1894,0,1896,G
5-NP,111,1,4,1895,0,1900,G
5-NP,112,1898,0,0,0,1898,A
5-NP,113,0,2,1893,0,1895,G
5-NP,114,1899,0,1,0,1900,A
5-NP,115,0,1936,0,1,1937,T
5-NP,116,0,1945,0,0,1945,T
5-NP,117,3,0,0,1945,1948,C
5-NP,118,0,1948,0,1,1949,T
5-NP,119,1975,0,0,0,1975,A
5-NP,120,1,0,0,1985,1986,C
5-NP,121,2035,0,0,0,2035,A
5-NP,122,0,2050,0,0,2050,T
5-NP,123,1,0,0,2036,2037,C
5-NP,124,6,0,0,2031,2037,C
5-NP,125,2033,0,0,0,2033,A
5-NP,126,2085,0,0,0,2085,A
5-NP,127,2088,0,0,0,2088,A
5-NP,128,0,2068,0,0,2068,T
5-NP,129,0,1,2069,0,2070,G
5-NP,130,0,2024,0,6,2030,T
5-NP,131,1,2,2044,0,2047,G
5-NP,132,1,0,0,2046,2047,C
5-NP,133,2041,0,1,0,2042,A
5-NP,134,0,0,0,2042,2042,C
5-NP,135,0,2003,0,2,2005,T
5-NP,136,1,6,2116,0,2123,G
5-NP,137,2157,0,1,0,2158,A
5-NP,138,2182,0,4,1,2187,A
5-NP,139,0,74,0,2138,2212,C
5-NP,140,0,2200,0,0,2200,T
5-NP,141,0,2206,0,1,2207,T
5-NP,142,2209,1,0,0,2210,A
5-NP,143,2208,0,0,0,2208,A
5-NP,144,2226,0,1,0,2227,A
5-NP,145,0,0,0,2228,2228,C
5-NP,146,0,2115,0,0,2115,T
5-NP,147,7,0,0,2132,2139,C
5-NP,148,2106,0,2,0,2108,A
5-NP,149,0,0,2138,0,2138,G
5-NP,150,0,2127,0,2,2129,T
5-NP,151,0,6,2145,0,2151,G
5-NP,152,2174,0,1,0,2175,A
5-NP,153,0,2165,0,1,2166,T
5-NP,154,8,1,0,2187,2196,C
5-NP,155,2206,0,0,1,2207,A
5-NP,156,1,2198,1,1,2201,T
5-NP,157,0,3,2199,0,2202,G
5-NP,158,2185,0,7,1,2193,A
5-NP,159,2179,0,4,0,2183,A
5-NP,160,0,7,2183,0,2190,G
5-NP,161,0,7,2161,0,2168,G
5-NP,162,0,0,2165,0,2165,G
5-NP,163,2,0,0,2133,2135,C
5-NP,164,0,2,2148,0,2150,G
5-NP,165,0,1,2155,0,2156,G
5-NP,166,0,2145,0,0,2145,T
5-NP,167,0,2147,0,3,2150,T
5-NP,168,1,5,2147,0,2153,G
5-NP,169,2310,38,5,0,2353,A
5-NP,170,0,2356,0,1,2357,T
5-NP,171,2,0,0,2360,2362,C
5-NP,172,1,0,0,2368,2369,C
5-NP,173,2355,0,1,0,2356,A
5-NP,174,1,9,2351,0,2361,G
5-NP,175,2351,1,0,0,2352,A
5-NP,176,2364,0,0,0,2364,A
5-NP,177,0,0,0,2388,2388,C
5-NP,178,2209,0,0,0,2209,A
5-NP,179,0,0,2240,0,2240,G
5-NP,180,0,0,0,2242,2242,C
5-NP,181,0,2244,1,1,2246,T
5-NP,182,0,2250,0,0,2250,T
5-NP,183,0,6,2241,0,2247,G
5-NP,184,2253,0,2,0,2255,A
5-NP,185,0,0,0,2267,2267,C
5-NP,186,2234,0,2,1,2237,A
5-NP,187,2253,0,3,0,2256,A
5-NP,188,0,2240,0,0,2240,T
5-NP,189,2237,0,1,0,2238,A
5-NP,190,0,7,2251,0,2258,G
5-NP,191,2231,2,2,0,2235,A
5-NP,192,0,3,2242,0,2245,G
5-NP,193,2231,0,1,0,2232,A
5-NP,194,2290,1,0,0,2291,A
5-NP,195,2294,0,1,0,2295,A
5-NP,196,2356,0,1,0,2357,A
5-NP,197,0,2363,0,0,2363,T
5-NP,198,0,4,2357,0,2361,G
5-NP,199,1,0,2356,0,2357,G
5-NP,200,0,2341,0,3,2344,T
5-NP,201,2280,0,2,0,2282,A
5-NP,202,1,0,0,2321,2322,C
5-NP,203,1,2330,0,1,2332,T
5-NP,204,2,0,0,2362,2364,C
5-NP,205,1,2296,0,6,2303,T
5-NP,206,4,0,0,2319,2323,C
5-NP,207,0,2319,0,5,2324,T
5-NP,208,0,1,2341,0,2342,G
5-NP,209,0,1,0,2345,2346,C
5-NP,210,0,2333,0,5,2338,T
5-NP,211,1,2343,0,0,2344,T
5-NP,212,0,2334,0,2,2336,T
5-NP,213,0,2301,0,0,2301,T
5-NP,214,0,2,2308,0,2310,G
5-NP,215,2291,0,1,0,2292,A
5-NP,216,1,2287,0,1,2289,T
5-NP,217,3,2,2276,0,2281,G
5-NP,218,2270,1,3,0,2274,A
5-NP,219,2286,1,0,0,2287,A
5-NP,220,2285,0,2,0,2287,A
5-NP,221,0,2,2286,0,2288,G
5-NP,222,2270,0,7,0,2277,A
5-NP,223,2275,0,2,0,2277,A
5-NP,224,0,6,2292,0,2298,G
5-NP,225,0,3,2357,0,2360,G
5-NP,226,2367,1,0,1,2369,A
5-NP,227,2385,0,2,0,2387,A
5-NP,228,0,2383,0,1,2384,T
5-NP,229,2383,1,2,0,2386,A
5-NP,230,2383,0,0,0,2383,A
5-NP,231,2389,0,0,0,2389,A
5-NP,232,0,2391,0,0,2391,T
5-NP,233,2367,0,2,0,2369,A
5-NP,234,0,1,0,2372,2373,C
5-NP,235,2,1,0,2316,2319,C
5-NP,236,0,2317,0,2,2319,T
5-NP,237,1,1,2330,0,2332,G
5-NP,238,1,2,2370,0,2373,G
5-NP,239,2370,1,4,0,2375,A
5-NP,240,2366,0,3,0,2369,A
5-NP,241,0,9,2386,0,2395,G
5-NP,242,2376,0,4,0,2380,A
5-NP,243,2366,0,1,0,2367,A
5-NP,244,0,2,0,2369,2371,C
5-NP,245,2355,0,2,0,2357,A
5-NP,246,0,0,0,2449,2449,C
5-NP,247,3,1,0,2414,2418,C
5-NP,248,4,1,0,2413,2418,C
5-NP,249,4,0,0,2414,2418,C
5-NP,250,2397,0,2,0,2399,A
5-NP,251,1,0,2395,0,2396,G
5-NP,252,0,0,0,2390,2390,C
5-NP,253,1,0,2392,0,2393,G
5-NP,254,1,0,0,2394,2395,C
5-NP,255,0,3,2366,0,2369,G
5-NP,256,0,5,2390,0,2395,G
5-NP,257,0,2,2405,0,2407,G
5-NP,258,0,2,2413,0,2415,G
5-NP,259,2415,0,0,0,2415,A
5-NP,260,2409,0,0,0,2409,A
5-NP,261,2401,0,5,0,2406,A
5-NP,262,0,5,2407,0,2412,G
5-NP,263,2400,0,4,0,2404,A
5-NP,264,0,2387,0,0,2387,T
5-NP,265,5,0,0,2374,2379,C
5-NP,266,2,0,0,2371,2373,C
5-NP,267,6,0,1,2389,2396,C
5-NP,268,2397,0,2,0,2399,A
5-NP,269,2390,0,2,0,2392,A
5-NP,270,0,4,2401,0,2405,G
5-NP,271,2389,0,0,0,2389,A
5-NP,272,2404,0,0,0,2404,A
5-NP,273,2395,0,1,0,2396,A
5-NP,274,2387,0,4,0,2391,A
5-NP,275,2,0,0,2400,2402,C
5-NP,276,0,2375,1,0,2376,T
5-NP,277,1,3,2375,0,2379,G
5-NP,278,0,2,2378,0,2380,G
5-NP,279,0,3,2365,1,2369,G
5-NP,280,0,3,2368,1,2372,G
5-NP,281,2,4,2381,0,2387,G
5-NP,282,3,1,2407,0,2411,G
5-NP,283,0,0,0,2620,2620,C
5-NP,284,3,0,0,2621,2624,C
5-NP,285,7,0,0,2626,2633,C
5-NP,286,2907,0,1,0,2908,A
5-NP,287,0,2925,0,0,2925,T
5-NP,288,3043,1,1,0,3045,A
5-NP,289,0,3047,0,1,3048,T
5-NP,290,2992,0,2,0,2994,A
5-NP,291,0,0,0,3017,3017,C
5-NP,292,2719,0,0,0,2719,A
5-NP,293,1,2,2789,0,2792,G
5-NP,294,1,4,2777,0,2782,G
5-NP,295,2581,0,2,0,2583,A
5-NP,296,0,3,2604,0,2607,G
5-NP,297,2500,1,2,0,2503,A
5-NP,298,2483,0,2,0,2485,A
5-NP,299,0,2514,0,0,2514,T
5-NP,300,2524,0,0,0,2524,A
5-NP,301,1,0,2531,0,2532,G
5-NP,302,2471,0,5,0,2476,A
5-NP,303,1,2463,0,1,2465,T
5-NP,304,316,4,2155,1,2476,G
5-NP,305,0,5,2492,0,2497,G
5-NP,306,2500,0,0,0,2500,A
5-NP,307,2499,0,0,0,2499,A
5-NP,308,2504,0,0,0,2504,A
5-NP,309,2515,0,1,0,2516,A
5-NP,310,0,2503,1,0,2504,T
5-NP,311,2,3,2529,0,2534,G
5-NP,312,0,4,2534,0,2538,G
5-NP,313,2539,0,2,0,2541,A
5-NP,314,0,2517,0,1,2518,T
5-NP,315,0,2,2519,0,2521,G
5-NP,316,2530,0,3,0,2533,A
5-NP,317,1,9,2536,0,2546,G
5-NP,318,1,4,2528,1,2534,G
5-NP,319,2,9,2558,0,2569,G
5-NP,320,2650,0,0,1,2651,A
5-NP,321,2663,0,0,0,2663,A
5-NP,322,0,0,0,2764,2764,C
5-NP,323,1,2743,0,5,2749,T
5-NP,324,2,0,0,2841,2843,C
5-NP,325,1,1,2893,0,2895,G
5-NP,326,0,2926,0,6,2932,T
5-NP,327,3,2,0,2952,2957,C
5-NP,328,6,1,0,3596,3603,C
5-NP,329,1,3584,0,3,3588,T
5-NP,330,0,3633,0,2,3635,T
5-NP,331,0,3636,0,1,3637,T
5-NP,332,3653,0,1,0,3654,A
5-NP,333,1,3663,0,0,3664,T
5-NP,334,1,22,3643,1,3667,G
5-NP,335,3706,0,4,0,3710,A
5-NP,336,1,1,0,3724,3726,C
5-NP,337,3652,0,1,0,3653,A
5-NP,338,3681,0,0,0,3681,A
5-NP,339,3707,0,4,1,3712,A
5-NP,340,1,2,4048,0,4051,G
5-NP,341,4024,1,4,0,4029,A
5-NP,342,4048,0,2,0,4050,A
5-NP,343,0,4,4368,0,4372,G
5-NP,344,4414,0,2,1,4417,A
5-NP,345,4426,1,11,0,4438,A
5-NP,346,4445,0,2,0,4447,A
5-NP,347,0,4441,0,2,4443,T
5-NP,348,4431,0,2,0,4433,A
5-NP,349,4411,2,3,0,4416,A
5-NP,350,0,11,4517,0,4528,G
5-NP,351,1,0,4507,0,4508,G
5-NP,352,0,3,0,4486,4489,C
5-NP,353,2,22,4467,0,4491,G
5-NP,354,4535,2,1,0,4538,A
5-NP,355,4650,0,0,0,4650,A
5-NP,356,0,4666,1,3,4670,T
5-NP,357,7,0,0,4675,4682,C
5-NP,358,1,4672,1,2,4676,T
5-NP,359,0,5,4683,0,4688,G
5-NP,360,1,1,4672,0,4674,G
5-NP,361,1,5,1,4686,4693,C
5-NP,362,1,3,4698,0,4702,G
5-NP,363,1,1,0,4692,4694,C
5-NP,364,8,0,0,4687,4695,C
5-NP,365,4726,1,0,0,4727,A
5-NP,366,4816,0,5,2,4823,A
5-NP,367,0,0,5005,0,5005,G
5-NP,368,1,27,0,4993,5021,C
5-NP,369,10,1,0,5107,5118,C
5-NP,370,5127,0,3,0,5130,A
5-NP,371,5250,0,1,0,5251,A
5-NP,372,0,1,0,5353,5354,C
5-NP,373,5361,0,1,0,5362,A
5-NP,374,5503,0,2,0,5505,A
5-NP,375,0,5470,0,3,5473,T
5-NP,376,0,14,5648,0,5662,G
5-NP,377,1,0,5675,0,5676,G
5-NP,378,0,5616,0,4,5620,T
5-NP,379,1,20,5634,0,5655,G
5-NP,380,5622,0,4,0,5626,A
5-NP,381,2,11,5860,0,5873,G
5-NP,382,1,6,5869,0,5876,G
5-NP,383,5963,0,1,0,5964,A
5-NP,384,0,6646,0,1,6647,T
5-NP,385,3,3,6734,0,6740,G
5-NP,386,2,4,0,6788,6794,C
5-NP,387,0,6797,0,6,6803,T
5-NP,388,6866,0,4,0,6870,A
5-NP,389,0,0,0,7069,7069,C
5-NP,390,7022,1,3,0,7026,A
5-NP,391,0,7006,0,9,7015,T
5-NP,392,4,2,1,6978,6985,C
5-NP,393,0,6710,2,8,6720,T
5-NP,394,1,14,7110,0,7125,G
5-NP,395,3,4,7318,0,7325,G
5-NP,396,1,7315,0,5,7321,T
5-NP,397,27,1,0,7290,7318,C
5-NP,398,0,7274,1,13,7288,T
5-NP,399,7442,0,3,0,7445,A
5-NP,400,7449,1,5,0,7455,A
5-NP,401,0,0,0,7539,7539,C
5-NP,402,2,7509,1,12,7524,T
5-NP,403,19,2,0,7590,7611,C
5-NP,404,7540,1,14,0,7555,A
5-NP,405,1,1,0,8008,8010,C
5-NP,406,8000,0,5,0,8005,A
5-NP,407,1,8029,1,4,8035,T
5-NP,408,7955,0,1,0,7956,A
5-NP,409,7997,0,4,0,8001,A
5-NP,410,0,8027,1,1,8029,T
5-NP,411,1,34,8126,1,8162,G
5-NP,412,8115,0,3,0,8118,A
5-NP,413,0,8065,0,2,8067,T
5-NP,414,0,7959,1,2,7962,T
5-NP,415,0,7962,1,6,7969,T
5-NP,416,0,26,7926,1,7953,G
5-NP,417,4,1,7965,0,7970,G
5-NP,418,3,3,2,7954,7962,C
5-NP,419,7966,0,5,1,7972,A
5-NP,420,0,7949,0,11,7960,T
5-NP,421,0,7936,0,12,7948,T
5-NP,422,16,0,1,7947,7964,C
5-NP,423,6,3,0,7985,7994,C
5-NP,424,8160,1,3,0,8164,A
5-NP,425,8170,0,1,0,8171,A
5-NP,426,0,8161,0,2,8163,T
5-NP,427,1,8155,0,2,8158,T
5-NP,428,1,8153,0,1,8155,T
5-NP,429,1,22,8229,2,8254,G
5-NP,430,8243,1,6,0,8250,A
5-NP,431,8245,0,9,1,8255,A
5-NP,432,2,8322,1,4,8329,T
5-NP,433,1,17,8240,0,8258,G
5-NP,434,8694,2,9,0,8705,A
5-NP,435,2,8717,0,4,8723,T
5-NP,436,2,5,8761,0,8768,G
5-NP,437,4,7,0,9034,9045,C
5-NP,438,9006,0,12,0,9018,A
5-NP,439,9441,0,24,2,9467,A
5-NP,440,0,0,0,9488,9488,C
5-NP,441,9608,0,7,0,9615,A
5-NP,442,1,9852,0,4,9857,T
5-NP,443,9646,1,4,0,9651,A
5-NP,444,1,0,0,9845,9846,C
5-NP,445,7,4,1,9824,9836,C
5-NP,446,9570,1,11,0,9582,A
5-NP,447,0,21,9701,0,9722,G
5-NP,448,9421,0,22,0,9443,A
5-NP,449,0,17,9702,0,9719,G
5-NP,450,1,19,9646,0,9666,G
5-NP,451,9567,2,19,0,9588,A
5-NP,452,1,1,0,9687,9689,C
5-NP,453,9544,2,9,0,9555,A
5-NP,454,9534,2,10,1,9547,A
5-NP,455,0,23,9584,0,9607,G
5-NP,456,9480,2,20,1,9503,A
5-NP,457,5,2,9574,0,9581,G
5-NP,458,2,6,0,9501,9509,C
5-NP,459,2,9380,2,50,9434,T
5-NP,460,26,1,0,9488,9515,C
5-NP,461,1,9465,1,8,9475,T
5-NP,462,0,9536,1,3,9540,T
5-NP,463,1,0,9577,0,9578,G
5-NP,464,0,9512,0,3,9515,T
5-NP,465,2,9510,0,10,9522,T
5-NP,466,39,8,0,9448,9495,C
5-NP,467,2,48,9425,0,9475,G
5-NP,468,9671,1,10,0,9682,A
5-NP,469,9688,0,6,1,9695,A
5-NP,470,0,1,0,9767,9768,C
5-NP,471,1,9718,0,7,9726,T
5-NP,472,3,4,9941,0,9948,G
5-NP,473,0,23,9961,0,9984,G
5-NP,474,9975,3,11,0,9989,A
5-NP,475,10004,0,16,0,10020,A
5-NP,476,0,9991,1,3,9995,T
5-NP,477,1,32,9911,0,9944,G
5-NP,478,2,17,9964,0,9983,G
5-NP,479,10007,0,15,1,10023,A
5-NP,480,1,10125,0,12,10138,T
5-NP,481,19,1,0,10151,10171,C
5-NP,482,13,1,0,10146,10160,C
5-NP,483,19,2,0,10189,10210,C
5-NP,484,10271,0,10,0,10281,A
5-NP,485,0,18,10372,1,10391,G
5-NP,486,10364,0,1,0,10365,A
5-NP,487,10336,0,3,1,10340,A
5-NP,488,0,10237,0,3,10240,T
5-NP,489,1,3,10368,0,10372,G
5-NP,490,2,10247,1,26,10276,T
5-NP,491,3,5,10310,0,10318,G
5-NP,492,2,1,2,10316,10321,C
5-NP,493,0,10233,1,14,10248,T
5-NP,494,28,2,1,10868,10899,C
5-NP,495,0,10778,1,12,10791,T
5-NP,496,16,0,1,11236,11253,C
5-NP,497,0,11209,0,6,11215,T
5-NP,498,1,24,11211,0,11236,G
5-NP,499,11314,1,10,0,11325,A
5-NP,500,2,11282,0,0,11284,T
5-NP,501,3,1,11277,1,11282,G
5-NP,502,5,3,0,11270,11278,C
5-NP,503,10833,3,19,0,10855,A
5-NP,504,4,17,11141,0,11162,G
5-NP,505,12,15,10883,1,10911,G
5-NP,506,3,1,11021,0,11025,G
5-NP,507,3,1,0,11018,11022,C
5-NP,508,0,10946,0,14,10960,T
5-NP,509,23,1,0,10997,11021,C
5-NP,510,3,61,10983,0,11047,G
5-NP,511,11174,3,13,1,11191,A
5-NP,512,1,1,0,11215,11217,C
5-NP,513,4,10955,0,55,11014,T
5-NP,514,17,0,1,11532,11550,C
5-NP,515,0,11449,0,21,11470,T
5-NP,516,22,2,1,12989,13014,C
5-NP,517,11,5,0,12995,13011,C
5-NP,518,24,3,0,13010,13037,C
5-NP,519,1,13021,0,16,13038,T
5-NP,520,12960,2,6,0,12968,A
5-NP,521,0,9,12949,0,12958,G
5-NP,522,12933,1,7,0,12941,A
5-NP,523,12542,0,13,1,12556,A
5-NP,524,1,18,12550,0,12569,G
5-NP,525,3,4,12248,1,12256,G
5-NP,526,0,12019,0,29,12048,T
5-NP,527,23,2,1,12065,12091,C
5-NP,528,12,4,0,12082,12098,C
5-NP,529,14,17,12079,0,12110,G
5-NP,530,2,25,12178,0,12205,G
5-NP,531,12163,0,17,0,12180,A
5-NP,532,1,1,12323,0,12325,G
5-NP,533,0,0,0,12366,12366,C
5-NP,534,2,12149,1,12,12164,T
5-NP,535,5,2,12201,0,12208,G
5-NP,536,3,3,0,12234,12240,C
5-NP,537,12179,4,25,2,12210,A
5-NP,538,3,9,12248,0,12260,G
5-NP,539,2,3,12278,0,12283,G
5-NP,540,2,12195,0,8,12205,T
5-NP,541,6,1,12161,1,12169,G
5-NP,542,1,4,0,12185,12190,C
5-NP,543,1,12156,0,23,12180,T
5-NP,544,4,0,12210,0,12214,G
5-NP,545,2,3,0,12201,12206,C
5-NP,546,12344,0,7,0,12351,A
5-NP,547,1,1,12582,0,12584,G
5-NP,548,2,12451,0,10,12463,T
5-NP,549,53,0,0,12467,12520,C
5-NP,550,12506,0,5,0,12511,A
5-NP,551,12495,0,8,0,12503,A
5-NP,552,12463,1,28,0,12492,A
5-NP,553,0,18,12550,0,12568,G
5-NP,554,5,37,12579,2,12623,G
5-NP,555,12587,0,13,0,12600,A
5-NP,556,12499,1,8,1,12509,A
5-NP,557,1,12492,0,6,12499,T
5-NP,558,20,7,0,12477,12504,C
5-NP,559,8,25,12472,0,12505,G
5-NP,560,1,22,12888,0,12911,G
5-NP,561,1,33,12901,0,12935,G
5-NP,562,12843,0,16,0,12859,A
5-NP,563,2,0,0,12901,12903,C
5-NP,564,12758,1,1,1,12761,A
5-NP,565,13060,0,13,1,13074,A
5-NP,566,0,13103,0,6,13109,T
5-NP,567,3,20,13173,0,13196,G
5-NP,568,1,0,13333,0,13334,G
5-NP,569,0,12974,1,18,12993,T
5-NP,570,7,17,13084,0,13108,G
5-NP,571,13072,0,14,1,13087,A
5-NP,572,1,13043,0,9,13053,T
5-NP,573,3,20,13048,1,13072,G
5-NP,574,1,45,13308,2,13356,G
5-NP,575,13273,3,31,0,13307,A
5-NP,576,13217,1,113,1,13332,A
5-NP,577,0,2,0,13239,13241,C
5-NP,578,0,13088,0,3,13091,T
5-NP,579,13033,0,10,0,13043,A
5-NP,580,13729,1,3,0,13733,A
5-NP,581,2,13748,0,6,13756,T
5-NP,582,34,3,1,13737,13775,C
5-NP,583,13277,2,7,0,13286,A
5-NP,584,2,29,13471,0,13502,G
5-NP,585,13404,3,7,2,13416,A
5-NP,586,13424,1,19,0,13444,A
5-NP,587,3,13433,0,4,13440,T
5-NP,588,0,38,13248,0,13286,G
5-NP,589,1,0,13448,1,13450,G
5-NP,590,2,13387,0,28,13417,T
5-NP,591,68,0,1,13398,13467,C
5-NP,592,13457,1,6,0,13464,A
5-NP,593,13443,0,6,1,13450,A
5-NP,594,13460,0,9,1,13470,A
5-NP,595,1,15,0,13462,13478,C
5-NP,596,6,24,13423,1,13454,G
5-NP,597,2,29,13455,0,13486,G
5-NP,598,4,29,13295,1,13329,G
5-NP,599,6,22,13353,0,13381,G
5-NP,600,5,32,13373,0,13410,G
5-NP,601,13388,1,28,0,13417,A
5-NP,602,4,13249,1,23,13277,T
5-NP,603,37,4,0,13279,13320,C
5-NP,604,13336,0,8,1,13345,A
5-NP,605,13331,0,13,0,13344,A
5-NP,606,2,4,0,13236,13242,C
5-NP,607,3,26,13120,0,13149,G
5-NP,608,13095,2,7,0,13104,A
5-NP,609,3,13061,0,2,13066,T
5-NP,610,39,4,1,13050,13094,C
5-NP,611,2,19,13089,0,13110,G
5-NP,612,13071,1,4,0,13076,A
5-NP,613,13108,1,2,0,13111,A
5-NP,614,13102,0,5,2,13109,A
5-NP,615,1,13241,0,40,13282,T
5-NP,616,0,13283,1,3,13287,T
5-NP,617,1,13247,0,2,13250,T
5-NP,618,1,13302,0,3,13306,T
5-NP,619,1,13293,0,4,13298,T
5-NP,620,1,27,13303,0,13331,G
5-NP,621,5,33,13294,0,13332,G
5-NP,622,13200,5,22,2,13229,A
5-NP,623,0,15,13325,1,13341,G
5-NP,624,13131,1,8,0,13140,A
5-NP,625,0,19,13834,1,13854,G
5-NP,626,3,3,13883,1,13890,G
5-NP,627,0,13793,0,17,13810,T
5-NP,628,4,27,13871,2,13904,G
5-NP,629,13880,2,18,1,13901,A
5-NP,630,3,22,13986,0,14011,G
5-NP,631,13966,0,16,3,13985,A
5-NP,632,13942,2,12,1,13957,A
5-NP,633,2,13914,1,6,13923,T
5-NP,634,3,27,13301,1,13332,G
5-NP,635,2,15,13215,1,13233,G
5-NP,636,13015,2,82,0,13099,A
5-NP,637,1,9,1,13148,13159,C
5-NP,638,5,25,13163,0,13193,G
5-NP,639,2,9,13343,0,13354,G
5-NP,640,13314,1,6,0,13321,A
5-NP,641,13357,2,9,0,13368,A
5-NP,642,13492,0,13,1,13506,A
5-NP,643,13502,0,20,0,13522,A
5-NP,644,0,2,0,13644,13646,C
5-NP,645,13621,0,6,0,13627,A
5-NP,646,13598,2,15,1,13616,A
5-NP,647,0,12,13596,1,13609,G
5-NP,648,13165,1,12,1,13179,A
5-NP,649,13231,1,11,0,13243,A
5-NP,650,1,2,13567,0,13570,G
5-NP,651,0,13506,0,2,13508,T
5-NP,652,3,5,14269,0,14277,G
5-NP,653,3,4,1,14170,14178,C
5-NP,654,0,14156,2,18,14176,T
5-NP,655,1,14240,3,5,14249,T
5-NP,656,14414,1,1,1,14417,A
5-NP,657,0,14406,1,7,14414,T
5-NP,658,0,44,14431,0,14475,G
5-NP,659,14013,1,45,0,14059,A
5-NP,660,1,36,14081,0,14118,G
5-NP,661,13230,0,13,1,13244,A
5-NP,662,0,16,13299,0,13315,G
5-NP,663,13255,0,23,0,13278,A
5-NP,664,13401,1,9,0,13411,A
5-NP,665,2,13301,0,5,13308,T
5-NP,666,1,2,13532,0,13535,G
5-NP,667,0,13433,2,18,13453,T
5-NP,668,4,4,13496,1,13505,G
5-NP,669,8,2,0,13483,13493,C
5-NP,670,13439,1,19,0,13459,A
5-NP,671,13490,2,14,0,13506,A
5-NP,672,2,4,0,13456,13462,C
5-NP,673,13328,0,1,0,13329,A
5-NP,674,0,13419,1,5,13425,T
5-NP,675,2,13200,1,32,13235,T
5-NP,676,20,1,0,13235,13256,C
5-NP,677,2,13214,1,7,13224,T
5-NP,678,2,13217,0,1,13220,T
5-NP,679,12237,1,1,0,12239,A
5-NP,680,13188,0,4,1,13193,A
5-NP,681,13147,2,17,0,13166,A
5-NP,682,0,12,13155,0,13167,G
5-NP,683,3,15,13099,0,13117,G
5-NP,684,13056,0,6,1,13063,A
5-NP,685,13033,1,6,1,13041,A
5-NP,686,13019,1,7,2,13029,A
5-NP,687,13271,1,1,1,13274,A
5-NP,688,1,13227,0,9,13237,T
5-NP,689,0,13237,2,5,13244,T
5-NP,690,4,13259,0,4,13267,T
5-NP,691,45,0,1,13242,13288,C
5-NP,692,13291,2,7,1,13301,A
5-NP,693,13289,0,5,0,13294,A
5-NP,694,13281,0,14,1,13296,A
5-NP,695,2,2,0,13479,13483,C
5-NP,696,13243,0,4,0,13247,A
5-NP,697,1,0,13534,0,13535,G
5-NP,698,0,3,0,13518,13521,C
5-NP,699,0,13483,1,22,13506,T
5-NP,700,5,4,13754,0,13763,G
5-NP,701,0,6,2,13733,13741,C
5-NP,702,13830,1,16,1,13848,A
5-NP,703,1,0,0,13857,13858,C
5-NP,704,13721,1,5,0,13727,A
5-NP,705,13776,2,8,1,13787,A
5-NP,706,13364,0,12,0,13376,A
5-NP,707,1,43,13871,0,13915,G
5-NP,708,13823,1,35,1,13860,A
5-NP,709,7,0,13878,0,13885,G
5-NP,710,4,6,0,13825,13835,C
5-NP,711,13815,0,7,0,13822,A
5-NP,712,14251,1,11,0,14263,A
5-NP,713,1,14249,0,28,14278,T
5-NP,714,3,22,14298,1,14324,G
5-NP,715,5,1,14376,0,14382,G
5-NP,716,3,13903,1,19,13926,T
5-NP,717,6,35,13928,0,13969,G
5-NP,718,5,28,14065,0,14098,G
5-NP,719,14067,2,19,1,14089,A
5-NP,720,3,14019,0,20,14042,T
5-NP,721,36,3,1,13601,13641,C
5-NP,722,13706,2,4,0,13712,A
5-NP,723,13872,1,13,0,13886,A
5-NP,724,4,0,13944,0,13948,G
5-NP,725,0,13808,0,12,13820,T
5-NP,726,2,17,13858,0,13877,G
5-NP,727,13625,1,14,1,13641,A
5-NP,728,2,35,13688,0,13725,G
5-NP,729,13667,1,30,0,13698,A
5-NP,730,3,18,13704,0,13725,G
5-NP,731,13616,6,16,0,13638,A
5-NP,732,13379,0,5,0,13384,A
5-NP,733,13398,1,24,5,13428,A
5-NP,734,2,4,13500,2,13508,G
5-NP,735,1,13414,0,1,13416,T
5-NP,736,51,12,1,13405,13469,C
5-NP,737,9,23,13385,1,13418,G
5-NP,738,2,32,13402,0,13436,G
5-NP,739,13428,1,15,0,13444,A
5-NP,740,13500,2,4,0,13506,A
5-NP,741,1,0,0,13570,13571,C
5-NP,742,17,2,1,13456,13476,C
5-NP,743,37,3,0,13464,13504,C
5-NP,744,13492,0,10,2,13504,A
5-NP,745,2,9,13548,0,13559,G
5-NP,746,3,18,13530,1,13552,G
5-NP,747,13502,0,7,1,13510,A
5-NP,748,13502,2,7,0,13511,A
5-NP,749,13433,1,9,1,13444,A
5-NP,750,0,6,0,13534,13540,C
5-NP,751,4,0,13490,0,13494,G
5-NP,752,4,0,0,13482,13486,C
5-NP,753,0,13425,0,9,13434,T
5-NP,754,1,26,13452,0,13479,G
5-NP,755,13399,2,7,2,13410,A
5-NP,756,2,22,13597,0,13621,G
5-NP,757,13627,2,14,0,13643,A
5-NP,758,1,13562,1,3,13567,T
5-NP,759,32,6,0,13423,13461,C
5-NP,760,6,20,13480,1,13507,G
5-NP,761,13476,1,10,0,13487,A
5-NP,762,13477,1,8,0,13486,A
5-NP,763,1,11,13500,0,13512,G
5-NP,764,13564,0,5,0,13569,A
5-NP,765,0,13368,0,21,13389,T
5-NP,766,15,3,0,13515,13533,C
5-NP,767,1,13492,0,37,13530,T
5-NP,768,44,3,1,13548,13596,C
5-NP,769,13632,0,6,1,13639,A
5-NP,770,3,13599,0,20,13622,T
5-NP,771,13661,0,1,0,13662,A
5-NP,772,1,13601,2,1,13605,T
5-NP,773,0,13501,1,5,13507,T
5-NP,774,0,13469,0,3,13472,T
5-NP,775,0,13302,0,2,13304,T
5-NP,776,1,13331,1,4,13337,T
5-NP,777,13360,0,8,0,13368,A
5-NP,778,3,0,13360,1,13364,G
5-NP,779,2,4,0,13353,13359,C
5-NP,780,13315,1,11,0,13327,A
5-NP,781,13254,1,7,0,13262,A
5-NP,782,2,15,13765,0,13782,G
5-NP,783,13735,0,10,0,13745,A
5-NP,784,2,13765,0,6,13773,T
5-NP,785,8,1,0,13873,13882,C
5-NP,786,2,13777,2,33,13814,T
5-NP,787,6,2,14203,1,14212,G
5-NP,788,1,2,0,14246,14249,C
5-NP,789,14260,1,8,1,14270,A
5-NP,790,0,14443,1,2,14446,T
5-NP,791,0,13825,0,2,13827,T
5-NP,792,2,20,14738,0,14760,G
5-NP,793,14997,0,10,1,15008,A
5-NP,794,4,14997,2,7,15010,T
5-NP,795,15043,1,6,0,15050,A
5-NP,796,1,14696,1,5,14703,T
5-NP,797,1,14598,1,5,14605,T
5-NP,798,5,35,14666,1,14707,G
5-NP,799,14527,2,19,0,14548,A
5-NP,800,0,13,14663,0,14676,G
5-NP,801,13734,0,47,1,13782,A
5-NP,802,0,18,13517,1,13536,G
5-NP,803,7,24,13733,1,13765,G
5-NP,804,13681,2,17,2,13702,A
5-NP,805,0,13648,0,13,13661,T
5-NP,806,37,0,0,13697,13734,C
5-NP,807,13657,0,15,1,13673,A
5-NP,808,1,1,13752,0,13754,G
5-NP,809,3,13686,0,9,13698,T
5-NP,810,1,13569,1,4,13575,T
5-NP,811,2,5,13592,0,13599,G
5-NP,812,1,2,0,13467,13470,C
5-NP,813,2,12604,1,844,13451,T
5-NP,814,55,6,0,13510,13571,C
5-NP,815,13578,0,6,2,13586,A
5-NP,816,2,3,0,13599,13604,C
5-NP,817,13551,2,3,0,13556,A
5-NP,818,13617,0,7,0,13624,A
5-NP,819,13611,0,2,0,13613,A
5-NP,820,0,13549,2,12,13563,T
5-NP,821,27,3,0,13605,13635,C
5-NP,822,1,13583,0,13,13597,T
5-NP,823,4,13550,0,4,13558,T
5-NP,824,4,3,13594,1,13602,G
5-NP,825,1,2,1,13565,13569,C
5-NP,826,30,1,0,13790,13821,C
5-NP,827,4,13780,0,18,13802,T
5-NP,828,13836,0,2,0,13838,A
5-NP,829,2,2,0,13859,13863,C
5-NP,830,12,0,0,13851,13863,C
5-NP,831,3,13793,1,17,13814,T
5-NP,832,2,2,14021,0,14025,G
5-NP,833,3,7,0,13929,13939,C
5-NP,834,8,0,0,13989,13997,C
5-NP,835,4,13715,1,11,13731,T
5-NP,836,2,0,13914,1,13917,G
5-NP,837,1,13776,0,11,13788,T
5-NP,838,2,7,13965,1,13975,G
5-NP,839,3,4,1,14016,14024,C
5-NP,840,8,2,14296,1,14307,G
5-NP,841,0,14044,1,6,14051,T
5-NP,842,14035,0,4,2,14041,A
5-NP,843,1,14014,0,7,14022,T
5-NP,844,4,38,13975,0,14017,G
5-NP,845,4,47,14511,0,14562,G
5-NP,846,14460,2,15,0,14477,A
5-NP,847,7,2,1,14222,14232,C
5-NP,848,18,1,1,14227,14247,C
5-NP,849,3,14021,1,11,14036,T
5-NP,850,7,1,14749,1,14758,G
5-NP,851,2,3,0,14787,14792,C
5-NP,852,14788,3,26,0,14817,A
5-NP,853,5,0,15101,1,15107,G
5-NP,854,3,14329,1,3,14336,T
5-NP,855,14980,0,1,0,14981,A
5-NP,856,0,14881,3,16,14900,T
5-NP,857,10,3,0,14849,14862,C
5-NP,858,19,6,0,14882,14907,C
5-NP,859,14177,2,6,2,14187,A
5-NP,860,1,1,14274,0,14276,G
5-NP,861,3,14178,0,6,14187,T
5-NP,862,7,33,14365,0,14405,G
5-NP,863,5,17,14342,0,14364,G
5-NP,864,4,4,14166,0,14174,G
5-NP,865,0,14141,0,13,14154,T
5-NP,866,14124,0,3,1,14128,A
5-NP,867,2,7,1,14088,14098,C
5-NP,868,4,72,13964,0,14040,G
5-NP,869,13981,1,12,0,13994,A
5-NP,870,1,1,0,13999,14001,C
5-NP,871,3,13596,1,21,13621,T
5-NP,872,1,13652,0,4,13657,T
5-NP,873,17,3,0,13596,13616,C
5-NP,874,4,24,13620,0,13648,G
5-NP,875,13629,1,4,0,13634,A
5-NP,876,13648,0,1,2,13651,A
5-NP,877,13691,0,3,0,13694,A
5-NP,878,13677,2,0,2,13681,A
5-NP,879,13595,1,19,1,13616,A
5-NP,880,3,14,13694,0,13711,G
5-NP,881,13638,2,28,0,13668,A
5-NP,882,0,26,13759,0,13785,G
5-NP,883,1,31,13879,0,13911,G
5-NP,884,3,18,13914,0,13935,G
5-NP,885,13960,2,17,0,13979,A
5-NP,886,1,13976,0,4,13981,T
5-NP,887,14051,1,9,0,14061,A
5-NP,888,0,14047,2,17,14066,T
5-NP,889,1,14076,0,4,14081,T
5-NP,890,18,1,1,14197,14217,C
5-NP,891,22,0,0,14058,14080,C
5-NP,892,0,13858,0,7,13865,T
5-NP,893,1,13870,0,6,13877,T
5-NP,894,1,29,13987,0,14017,G
5-NP,895,0,1,14123,0,14124,G
5-NP,896,1,13959,0,13,13973,T
5-NP,897,2,36,13909,1,13948,G
5-NP,898,1,17,13813,1,13832,G
5-NP,899,4,24,14559,2,14589,G
5-NP,900,14570,1,17,1,14589,A
5-NP,901,14614,1,4,0,14619,A
5-NP,902,0,14606,1,6,14613,T
5-NP,903,14313,1,7,0,14321,A
5-NP,904,2,35,14282,1,14320,G
5-NP,905,14162,2,28,0,14192,A
5-NP,906,3,6,0,14178,14187,C
5-NP,907,22,1,1,14022,14046,C
5-NP,908,29,1,2,13614,13646,C
5-NP,909,0,13749,0,28,13777,T
5-NP,910,3,13758,1,4,13766,T
5-NP,911,1,13754,1,16,13772,T
5-NP,912,30,5,1,13758,13794,C
5-NP,913,13764,1,3,0,13768,A
5-NP,914,13779,1,4,0,13784,A
5-NP,915,13724,3,3,4,13734,A
5-NP,916,0,1,0,13753,13754,C
5-NP,917,1,13247,0,14,13262,T
5-NP,918,13213,0,6,0,13219,A
5-NP,919,0,1,0,13401,13402,C
5-NP,920,0,13349,0,17,13366,T
5-NP,921,1,13315,0,6,13322,T
5-NP,922,14,1,0,13383,13398,C
5-NP,923,13362,0,2,3,13367,A
5-NP,924,13371,0,6,0,13377,A
5-NP,925,13324,0,2,0,13326,A
5-NP,926,13320,0,8,0,13328,A
5-NP,927,0,13186,0,2,13188,T
5-NP,928,12962,0,11,1,12974,A
5-NP,929,2,4,13183,1,13190,G
5-NP,930,0,4,1,13228,13233,C
5-NP,931,33,1,0,13403,13437,C
5-NP,932,13423,3,2,1,13429,A
5-NP,933,13474,1,1,0,13476,A
5-NP,934,14027,1,6,0,14034,A
5-NP,935,2,14064,1,1,14068,T
5-NP,936,14142,1,3,0,14146,A
5-NP,937,0,14126,0,2,14128,T
5-NP,938,13844,0,7,1,13852,A
5-NP,939,2,4,0,13891,13897,C
5-NP,940,13507,1,10,3,13521,A
5-NP,941,4,0,13918,0,13922,G
5-NP,942,0,0,0,13873,13873,C
5-NP,943,1,13365,0,20,13386,T
5-NP,944,0,13514,0,4,13518,T
5-NP,945,13609,2,5,1,13617,A
5-NP,946,13646,3,4,0,13653,A
5-NP,947,0,13615,1,4,13620,T
5-NP,948,36,3,0,13585,13624,C
5-NP,949,13036,2,30,1,13069,A
5-NP,950,1,33,13206,0,13240,G
5-NP,951,13209,1,18,0,13228,A
5-NP,952,2,0,1,13327,13330,C
5-NP,953,14,1,0,13206,13221,C
5-NP,954,1,13011,0,4,13016,T
5-NP,955,13152,0,4,0,13156,A
5-NP,956,13124,1,11,3,13139,A
5-NP,957,1,2,1,13234,13238,C
5-NP,958,3,35,13196,0,13234,G
5-NP,959,12943,3,6,0,12952,A
5-NP,960,1,19,12965,1,12986,G
5-NP,961,12832,0,26,1,12859,A
5-NP,962,13014,0,12,0,13026,A
5-NP,963,2,12984,0,7,12993,T
5-NP,964,20,0,3,12831,12854,C
5-NP,965,15,8,1,12833,12857,C
5-NP,966,12571,2,35,1,12609,A
5-NP,967,5,5,12673,0,12683,G
5-NP,968,1,4,0,12676,12681,C
5-NP,969,12760,1,9,1,12771,A
5-NP,970,1,2,0,12862,12865,C
5-NP,971,12632,0,13,0,12645,A
5-NP,972,2,2,0,12689,12693,C
5-NP,973,12650,1,9,0,12660,A
5-NP,974,12757,1,17,0,12775,A
5-NP,975,0,33,12795,1,12829,G
5-NP,976,12572,1,26,0,12599,A
5-NP,977,285,2,12372,0,12659,G
5-NP,978,1,12370,0,14,12385,T
5-NP,979,71,0,0,12302,12373,C
5-NP,980,12307,3,14,0,12324,A
5-NP,981,1,0,12322,0,12323,G
5-NP,982,1,3,0,12281,12285,C
5-NP,983,2,12073,2,6,12083,T
5-NP,984,6,11,12226,1,12244,G
5-NP,985,3,2,12335,0,12340,G
5-NP,986,1,12210,0,8,12219,T
5-NP,987,1,0,12328,0,12329,G
5-NP,988,5,12135,1,9,12150,T
5-NP,989,16,24,12129,1,12170,G
5-NP,990,5,5,12119,0,12129,G
5-NP,991,12065,1,10,0,12076,A
5-NP,992,0,12081,1,10,12092,T
5-NP,993,5,28,11469,0,11502,G
5-NP,994,5,1,11402,0,11408,G
5-NP,995,4,5,0,11370,11379,C
5-NP,996,11237,0,16,1,11254,A
5-NP,997,2,11241,5,7,11255,T
5-NP,998,6,6,11168,0,11180,G
5-NP,999,1,1,1,11266,11269,C
5-NP,1000,40,3,0,11249,11292,C
5-NP,1001,11329,0,8,1,11338,A
5-NP,1002,1,11280,0,10,11291,T
5-NP,1003,0,11099,0,14,11113,T
5-NP,1004,19,1,0,11129,11149,C
5-NP,1005,1,10941,1,11,10954,T
5-NP,1006,6,3,10954,0,10963,G
5-NP,1007,3,3,0,10942,10948,C
5-NP,1008,3,10516,1,21,10541,T
5-NP,1009,5,2,10599,2,10608,G
5-NP,1010,5,3,1,10367,10376,C
5-NP,1011,10380,0,1,0,10381,A
5-NP,1012,2,10382,0,5,10389,T
5-NP,1013,0,10280,0,2,10282,T
5-NP,1014,0,10261,0,5,10266,T
5-NP,1015,0,14,10238,0,10252,G
5-NP,1016,10226,1,5,1,10233,A
5-NP,1017,10231,0,14,0,10245,A
5-NP,1018,1,16,10353,0,10370,G
5-NP,1019,10298,1,20,0,10319,A
5-NP,1020,1,10280,0,2,10283,T
5-NP,1021,0,10256,6,4,10266,T
5-NP,1022,2,10275,0,3,10280,T
5-NP,1023,10275,3,4,0,10282,A
5-NP,1024,10299,2,3,1,10305,A
5-NP,1025,0,10,10300,0,10310,G
5-NP,1026,10267,2,28,0,10297,A
5-NP,1027,1,10268,0,5,10274,T
5-NP,1028,2,9958,0,0,9960,T
5-NP,1029,0,1,10040,0,10041,G
5-NP,1030,0,10022,1,10,10033,T
5-NP,1031,1,10009,0,6,10016,T
5-NP,1032,10030,0,2,1,10033,A
5-NP,1033,10058,0,9,2,10069,A
5-NP,1034,1,1,10100,0,10102,G
5-NP,1035,0,1,1,10160,10162,C
5-NP,1036,3,9862,1,26,9892,T
5-NP,1037,1,9944,1,8,9954,T
5-NP,1038,20,0,0,9979,9999,C
5-NP,1039,9994,0,10,0,10004,A
5-NP,1040,2,9973,1,13,9989,T
5-NP,1041,14,2,0,10000,10016,C
5-NP,1042,9810,1,8,0,9819,A
5-NP,1043,0,5,9822,0,9827,G
5-NP,1044,9650,2,8,2,9662,A
5-NP,1045,1,23,9668,0,9692,G
5-NP,1046,2,15,9698,0,9715,G
5-NP,1047,3,24,9616,1,9644,G
5-NP,1048,9607,3,23,1,9634,A
5-NP,1049,1,0,0,9639,9640,C
5-NP,1050,9632,2,2,0,9636,A
5-NP,1051,9661,0,5,0,9666,A
5-NP,1052,9668,1,6,0,9675,A
5-NP,1053,9691,0,12,1,9704,A
5-NP,1054,2,0,9751,0,9753,G
5-NP,1055,1,9409,0,9,9419,T
5-NP,1056,9358,0,2,0,9360,A
5-NP,1057,2,9298,1,14,9315,T
5-NP,1058,17,0,0,9282,9299,C
5-NP,1059,1,9198,1,6,9206,T
5-NP,1060,18,1,0,9298,9317,C
5-NP,1061,13,0,1,9233,9247,C
5-NP,1062,3,9155,1,8,9167,T
5-NP,1063,20,6,1,9139,9166,C
5-NP,1064,2,14,9131,0,9147,G
5-NP,1065,3,16,9190,0,9209,G
5-NP,1066,1,16,9190,0,9207,G
5-NP,1067,1,7,9163,0,9171,G
5-NP,1068,2,14,9152,0,9168,G
5-NP,1069,8946,0,6,0,8952,A
5-NP,1070,8949,0,3,0,8952,A
5-NP,1071,8953,0,5,1,8959,A
5-NP,1072,0,0,0,9024,9024,C
5-NP,1073,1,8929,0,11,8941,T
5-NP,1074,3,2,9002,0,9007,G
5-NP,1075,2,8898,0,16,8916,T
5-NP,1076,38,0,0,8905,8943,C
5-NP,1077,9096,0,11,1,9108,A
5-NP,1078,9163,2,7,1,9173,A
5-NP,1079,2,2,0,9249,9253,C
5-NP,1080,1,9218,1,2,9222,T
5-NP,1081,8974,1,10,0,8985,A
5-NP,1082,1,11,9018,0,9030,G
5-NP,1083,8812,0,8,1,8821,A
5-NP,1084,0,7,8828,0,8835,G
5-NP,1085,1,21,8808,0,8830,G
5-NP,1086,8287,1,12,0,8300,A
5-NP,1087,2,1,8458,1,8462,G
5-NP,1088,0,8316,0,6,8322,T
5-NP,1089,8322,0,4,0,8326,A
5-NP,1090,1,0,0,8325,8326,C
5-NP,1091,8192,0,0,0,8192,A
5-NP,1092,8191,1,5,0,8197,A
5-NP,1093,8069,0,2,0,8071,A
5-NP,1094,0,7965,0,2,7967,T
5-NP,1095,1,7892,0,2,7895,T
5-NP,1096,0,2,7615,0,7617,G
5-NP,1097,3,1,0,7496,7500,C
5-NP,1098,2,7447,2,11,7462,T
5-NP,1099,1,7439,0,6,7446,T
5-NP,1100,15,0,0,7450,7465,C
5-NP,1101,7484,0,1,0,7485,A
5-NP,1102,7501,0,2,0,7503,A
5-NP,1103,7510,0,1,0,7511,A
5-NP,1104,0,7504,0,2,7506,T
5-NP,1105,0,23,7489,0,7512,G
5-NP,1106,7291,1,18,0,7310,A
5-NP,1107,2,17,7319,2,7340,G
5-NP,1108,7332,0,14,0,7346,A
5-NP,1109,7333,1,8,0,7342,A
5-NP,1110,3,1,0,7343,7347,C
5-NP,1111,7234,0,6,0,7240,A
5-NP,1112,2,7223,0,6,7231,T
5-NP,1113,1,12,7259,0,7272,G
5-NP,1114,0,6,7300,0,7306,G
5-NP,1115,7250,0,19,0,7269,A
5-NP,1116,0,7103,0,2,7105,T
5-NP,1117,6980,0,0,0,6980,A
5-NP,1118,7271,0,3,0,7274,A
5-NP,1119,0,7113,0,1,7114,T
5-NP,1120,7087,0,5,0,7092,A
5-NP,1121,0,7024,0,4,7028,T
5-NP,1122,1,18,6403,0,6422,G
5-NP,1123,2,11,6242,2,6257,G
5-NP,1124,0,6,6202,0,6208,G
5-NP,1125,6160,0,5,0,6165,A
5-NP,1126,0,6133,0,0,6133,T
5-NP,1127,13,8,0,4491,4512,C
5-NP,1128,4,20,4487,0,4511,G
5-NP,1129,4499,0,4,0,4503,A
5-NP,1130,1,1,4503,0,4505,G
5-NP,1131,0,0,0,4481,4481,C
5-NP,1132,4394,1,2,0,4397,A
5-NP,1133,1,2,0,4493,4496,C
5-NP,1134,0,4424,0,1,4425,T
5-NP,1135,11,0,0,4448,4459,C
5-NP,1136,1,4435,0,7,4443,T
5-NP,1137,0,4314,0,36,4350,T
5-NP,1138,0,15,4335,0,4350,G
5-NP,1139,4317,1,3,0,4321,A
5-NP,1140,4328,0,2,0,4330,A
5-NP,1141,0,1,0,4313,4314,C
5-NP,1142,0,3149,0,0,3149,T
5-NP,1143,1,5,3158,0,3164,G
5-NP,1144,3030,0,8,0,3038,A
5-NP,1145,0,0,3045,0,3045,G
5-NP,1146,3051,0,1,0,3052,A
5-NP,1147,2960,0,2,0,2962,A
5-NP,1148,0,0,2966,0,2966,G
5-NP,1149,0,3,0,2848,2851,C
5-NP,1150,1115,0,1718,0,2833,G
5-NP,1151,0,1,2850,0,2851,G
5-NP,1152,2,0,2768,0,2770,G
5-NP,1153,0,2726,0,0,2726,T
5-NP,1154,2611,0,1,0,2612,A
5-NP,1155,1,0,0,2605,2606,C
5-NP,1156,0,1746,0,7,1753,T
5-NP,1157,0,3,1685,0,1688,G
5-NP,1158,0,0,1584,0,1584,G
5-NP,1159,2,0,1538,0,1540,G
5-NP,1160,0,0,0,1499,1499,C
5-NP,1161,2,0,0,1294,1296,C
5-NP,1162,1307,0,0,0,1307,A
5-NP,1163,1,1311,0,0,1312,T
5-NP,1164,1309,0,2,0,1311,A
5-NP,1165,1307,0,3,0,1310,A
5-NP,1166,0,1,1296,0,1297,G
5-NP,1167,0,5,1316,0,1321,G
5-NP,1168,1298,0,0,0,1298,A
5-NP,1169,0,0,0,1294,1294,C
5-NP,1170,4,0,0,1291,1295,C
5-NP,1171,1286,0,0,0,1286,A
5-NP,1172,0,1,1300,0,1301,G
5-NP,1173,0,0,1301,0,1301,G
5-NP,1174,1300,0,0,0,1300,A
5-NP,1175,0,0,1311,0,1311,G
5-NP,1176,0,1253,0,1,1254,T
5-NP,1177,0,2,1254,0,1256,G
5-NP,1178,1,2,1261,0,1264,G
5-NP,1179,1256,0,2,0,1258,A
5-NP,1180,0,0,1264,0,1264,G
5-NP,1181,0,1,1237,0,1238,G
5-NP,1182,1221,0,1,1,1223,A
5-NP,1183,1227,0,1,0,1228,A
5-NP,1184,1220,0,1,0,1221,A
5-NP,1185,0,0,0,1228,1228,C
5-NP,1186,1227,0,1,0,1228,A
5-NP,1187,0,0,0,1261,1261,C
5-NP,1188,0,1238,0,0,1238,T
5-NP,1189,1281,0,0,0,1281,A
5-NP,1190,1287,0,0,0,1287,A
5-NP,1191,0,1285,0,0,1285,T
5-NP,1192,2,0,0,1290,1292,C
5-NP,1193,1277,0,0,0,1277,A
5-NP,1194,1294,0,0,0,1294,A
5-NP,1195,1,1,0,1297,1299,C
5-NP,1196,1261,0,1,1,1263,A
5-NP,1197,1,0,1261,0,1262,G
5-NP,1198,1220,0,2,0,1222,A
5-NP,1199,0,2,1237,0,1239,G
5-NP,1200,0,0,1239,0,1239,G
5-NP,1201,0,0,1222,0,1222,G
5-NP,1202,0,0,0,1223,1223,C
5-NP,1203,0,1,0,1227,1228,C
5-NP,1204,0,1207,0,2,1209,T
5-NP,1205,0,0,0,1234,1234,C
5-NP,1206,1,0,0,1231,1232,C
5-NP,1207,1,0,1235,0,1236,G
5-NP,1208,0,1,0,1235,1236,C
5-NP,1209,1211,0,2,0,1213,A
5-NP,1210,0,0,1276,0,1276,G
5-NP,1211,1,0,1279,0,1280,G
5-NP,1212,1,0,0,1286,1287,C
5-NP,1213,2,1,0,1282,1285,C
5-NP,1214,1272,0,0,0,1272,A
5-NP,1215,1275,0,0,0,1275,A
5-NP,1216,1272,0,1,0,1273,A
5-NP,1217,0,0,0,1285,1285,C
5-NP,1218,2,0,0,1286,1288,C
5-NP,1219,1221,0,0,0,1221,A
5-NP,1220,1,0,1241,0,1242,G
5-NP,1221,0,1229,0,2,1231,T
5-NP,1222,0,0,1242,0,1242,G
5-NP,1223,0,1235,0,3,1238,T
5-NP,1224,0,1,1233,0,1234,G
5-NP,1225,1,0,0,1236,1237,C
5-NP,1226,1224,0,0,0,1224,A
5-NP,1227,1241,0,2,0,1243,A
5-NP,1228,0,0,0,1247,1247,C
5-NP,1229,1,0,0,1235,1236,C
5-NP,1230,0,1215,0,1,1216,T
5-NP,1231,1205,1,0,0,1206,A
5-NP,1232,0,0,0,1208,1208,C
5-NP,1233,0,0,1209,0,1209,G
5-NP,1234,0,1200,0,3,1203,T
5-NP,1235,0,1210,0,0,1210,T
5-NP,1236,0,1204,0,0,1204,T
5-NP,1237,0,1200,0,0,1200,T
5-NP,1238,1,0,0,1198,1199,C
5-NP,1239,0,1190,0,0,1190,T
5-NP,1240,0,0,1230,0,1230,G
5-NP,1241,0,1218,0,7,1225,T
5-NP,1242,1224,0,2,0,1226,A
5-NP,1243,0,0,0,1235,1235,C
5-NP,1244,1215,0,0,0,1215,A
5-NP,1245,1212,0,0,0,1212,A
5-NP,1246,1217,0,0,0,1217,A
5-NP,1247,0,0,1219,0,1219,G
5-NP,1248,1215,1,0,0,1216,A
5-NP,1249,1171,0,1,0,1172,A
5-NP,1250,1174,0,1,0,1175,A
5-NP,1251,0,0,0,1177,1177,C
5-NP,1252,5,0,1,1161,1167,C
5-NP,1253,0,1162,0,1,1163,T
5-NP,1254,0,0,0,1163,1163,C
5-NP,1255,1,0,0,1165,1166,C
5-NP,1256,2,0,0,1162,1164,C
5-NP,1257,1160,0,0,0,1160,A
5-NP,1258,0,1169,0,1,1170,T
5-NP,1259,0,1171,0,1,1172,T
5-NP,1260,1,1167,0,1,1169,T
5-NP,1261,0,0,1168,0,1168,G
5-NP,1262,1165,0,0,0,1165,A
5-NP,1263,1165,0,1,0,1166,A
5-NP,1264,1160,0,1,0,1161,A
5-NP,1265,1160,0,3,0,1163,A
5-NP,1266,0,0,1177,0,1177,G
5-NP,1267,0,1156,0,3,1159,T
5-NP,1268,2,7,0,1155,1164,C
5-NP,1269,1164,0,1,1,1166,A
5-NP,1270,1162,0,2,0,1164,A
5-NP,1271,0,1,0,1169,1170,C
5-NP,1272,3,1,0,1184,1188,C
5-NP,1273,1188,0,0,0,1188,A
5-NP,1274,1,1194,0,0,1195,T
5-NP,1275,2,1,0,1182,1185,C
5-NP,1276,1171,0,0,0,1171,A
5-NP,1277,0,1183,0,2,1185,T
5-NP,1278,0,0,1176,0,1176,G
5-NP,1279,1,0,1180,0,1181,G
5-NP,1280,1,1,0,1180,1182,C
5-NP,1281,1149,1,1,0,1151,A
5-NP,1282,0,0,1150,0,1150,G
5-NP,1283,0,0,0,1137,1137,C
5-NP,1284,1138,0,0,0,1138,A
5-NP,1285,0,1128,2,4,1134,T
5-NP,1286,1,1125,0,1,1127,T
5-NP,1287,1,1,0,1133,1135,C
5-NP,1288,1127,0,1,0,1128,A
5-NP,1289,0,0,0,1140,1140,C
5-NP,1290,0,1143,0,1,1144,T
5-NP,1291,1,0,1158,0,1159,G
5-NP,1292,0,0,1161,0,1161,G
5-NP,1293,1159,0,3,0,1162,A
5-NP,1294,1160,0,0,0,1160,A
5-NP,1295,1158,0,0,1,1159,A
5-NP,1296,0,1143,0,0,1143,T
5-NP,1297,1140,0,2,0,1142,A
5-NP,1298,0,1,0,1136,1137,C
5-NP,1299,1,2,1129,0,1132,G
5-NP,1300,0,0,1126,0,1126,G
5-NP,1301,1120,0,0,0,1120,A
5-NP,1302,1104,0,4,0,1108,A
5-NP,1303,1,2,1119,0,1122,G
5-NP,1304,0,0,1122,0,1122,G
5-NP,1305,1127,0,2,0,1129,A
5-NP,1306,1123,0,3,0,1126,A
5-NP,1307,1,2,1124,0,1127,G
5-NP,1308,1121,0,3,0,1124,A
5-NP,1309,1127,1,2,0,1130,A
5-NP,1310,0,0,0,1142,1142,C
5-NP,1311,0,1120,0,0,1120,T
5-NP,1312,0,1131,0,2,1133,T
5-NP,1313,0,0,0,1137,1137,C
5-NP,1314,1132,0,1,0,1133,A
5-NP,1315,0,3,1133,0,1136,G
5-NP,1316,1134,0,1,0,1135,A
5-NP,1317,0,0,0,1138,1138,C
5-NP,1318,1123,0,0,0,1123,A
5-NP,1319,0,1092,1,0,1093,T
5-NP,1320,0,0,1095,0,1095,G
5-NP,1321,1077,0,1,0,1078,A
5-NP,1322,0,1,1096,0,1097,G
5-NP,1323,0,1,1098,1,1100,G
5-NP,1324,0,0,1098,0,1098,G
5-NP,1325,0,2,0,1097,1099,C
5-NP,1326,1092,0,1,0,1093,A
5-NP,1327,0,0,1097,0,1097,G
5-NP,1328,1093,0,1,0,1094,A
5-NP,1329,1095,0,0,0,1095,A
5-NP,1330,1098,0,1,0,1099,A
5-NP,1331,1,1081,0,1,1083,T
5-NP,1332,3,0,0,1090,1093,C
5-NP,1333,1096,0,0,0,1096,A
5-NP,1334,0,1087,0,0,1087,T
5-NP,1335,1089,0,1,0,1090,A
5-NP,1336,1087,0,1,0,1088,A
5-NP,1337,0,3,1105,0,1108,G
5-NP,1338,1083,0,2,0,1085,A
5-NP,1339,1100,0,0,0,1100,A
5-NP,1340,0,1065,0,0,1065,T
5-NP,1341,0,1,1071,0,1072,G
5-NP,1342,1072,0,2,0,1074,A
5-NP,1343,1,1066,0,1,1068,T
5-NP,1344,0,0,1077,0,1077,G
5-NP,1345,0,0,1076,0,1076,G
5-NP,1346,1057,0,1,0,1058,A
5-NP,1347,1057,0,0,0,1057,A
5-NP,1348,1025,1,1,0,1027,A
5-NP,1349,0,0,1052,0,1052,G
5-NP,1350,0,1044,0,2,1046,T
5-NP,1351,2,0,1050,0,1052,G
5-NP,1352,1,0,0,1046,1047,C
5-NP,1353,1059,0,0,0,1059,A
5-NP,1354,1064,0,0,0,1064,A
5-NP,1355,1063,0,1,0,1064,A
5-NP,1356,1077,0,6,0,1083,A
5-NP,1357,0,30,0,1050,1080,C
5-NP,1358,1,0,0,1070,1071,C
5-NP,1359,1051,0,15,0,1066,A
5-NP,1360,0,2,1075,0,1077,G
5-NP,1361,1063,0,13,0,1076,A
5-NP,1362,1084,0,0,0,1084,A
5-NP,1363,0,0,1088,1,1089,G
5-NP,1364,1078,0,0,0,1078,A
5-NP,1365,1017,0,0,21,1038,A
5-NP,1366,0,0,1056,0,1056,G
5-NP,1367,0,1043,0,1,1044,T
5-NP,1368,0,0,1050,0,1050,G
5-NP,1369,0,1046,0,1,1047,T
5-NP,1370,8,0,0,1031,1039,C
5-NP,1371,1045,1,0,0,1046,A
5-NP,1372,0,1058,0,0,1058,T
5-NP,1373,0,1051,0,0,1051,T
5-NP,1374,2,0,0,1054,1056,C
5-NP,1375,1,0,0,1023,1024,C
5-NP,1376,0,2,1024,0,1026,G
5-NP,1377,1008,0,0,0,1008,A
5-NP,1378,0,0,1029,0,1029,G
5-NP,1379,0,0,1045,0,1045,G
5-NP,1380,0,0,1048,0,1048,G
5-NP,1381,1010,0,3,1,1014,A
5-NP,1382,1,0,1019,0,1020,G
5-NP,1383,1,3,1019,0,1023,G
5-NP,1384,1,3,1012,0,1016,G
5-NP,1385,0,0,1022,0,1022,G
5-NP,1386,1011,0,1,0,1012,A
5-NP,1387,0,0,1011,0,1011,G
5-NP,1388,0,983,0,0,983,T
5-NP,1389,0,0,0,979,979,C
5-NP,1390,0,1003,0,0,1003,T
5-NP,1391,0,993,1,1,995,T
5-NP,1392,1,0,0,1002,1003,C
5-NP,1393,0,4,997,0,1001,G
5-NP,1394,993,0,1,0,994,A
5-NP,1395,0,0,998,0,998,G
5-NP,1396,0,0,0,969,969,C
5-NP,1397,0,970,0,1,971,T
5-NP,1398,1,0,0,967,968,C
5-NP,1399,0,971,0,0,971,T
5-NP,1400,0,1,0,971,972,C
5-NP,1401,970,0,1,0,971,A
5-NP,1402,0,2,979,0,981,G
5-NP,1403,980,0,1,0,981,A
5-NP,1404,2,2,0,972,976,C
5-NP,1405,1,2,974,0,977,G
5-NP,1406,969,0,0,0,969,A
5-NP,1407,0,2,969,0,971,G
5-NP,1408,961,0,2,0,963,A
5-NP,1409,962,0,3,0,965,A
5-NP,1410,0,2,962,0,964,G
5-NP,1411,1,0,948,0,949,G
5-NP,1412,0,0,0,943,943,C
5-NP,1413,948,0,0,0,948,A
5-NP,1414,950,0,0,0,950,A
5-NP,1415,1,1,0,940,942,C
5-NP,1416,0,2,948,0,950,G
5-NP,1417,951,0,0,0,951,A
5-NP,1418,947,0,0,0,947,A
5-NP,1419,1,1,0,942,944,C
5-NP,1420,1,0,0,940,941,C
5-NP,1421,2,0,0,924,926,C
5-NP,1422,1,1,930,0,932,G
5-NP,1423,926,0,1,0,927,A
5-NP,1424,0,925,0,2,927,T
5-NP,1425,0,2,0,909,911,C
5-NP,1426,2,0,906,0,908,G
5-NP,1427,0,906,0,1,907,T
5-NP,1428,0,0,905,0,905,G
5-NP,1429,0,0,0,904,904,C
5-NP,1430,6,0,0,893,899,C
5-NP,1431,4,0,0,898,902,C
5-NP,1432,0,879,0,12,891,T
5-NP,1433,0,0,0,944,944,C
5-NP,1434,0,942,0,2,944,T
5-NP,1435,0,949,1,0,950,T
5-NP,1436,0,951,0,0,951,T
5-NP,1437,0,942,0,0,942,T
5-NP,1438,0,1,944,0,945,G
5-NP,1439,947,0,0,0,947,A
5-NP,1440,0,926,0,1,927,T
5-NP,1441,921,0,0,0,921,A
5-NP,1442,0,771,1,0,772,T
5-NP,1443,1,3,789,0,793,G
5-NP,1444,786,0,0,0,786,A
5-NP,1445,0,0,812,0,812,G
5-NP,1446,0,806,0,2,808,T
5-NP,1447,790,0,0,0,790,A
5-NP,1448,791,0,0,0,791,A
5-NP,1449,0,789,0,0,789,T
5-NP,1450,0,1,791,0,792,G
5-NP,1451,786,0,2,0,788,A
5-NP,1452,697,0,2,0,699,A
5-NP,1453,0,1,691,0,692,G
5-NP,1454,0,2,651,0,653,G
5-NP,1455,651,0,0,0,651,A
5-NP,1456,0,652,0,1,653,T
5-NP,1457,1,0,0,650,651,C
5-NP,1458,0,642,0,0,642,T
5-NP,1459,0,641,0,0,641,T
5-NP,1460,640,0,0,0,640,A
5-NP,1461,0,636,0,0,636,T
5-NP,1462,0,631,0,0,631,T
5-NP,1463,0,622,0,0,622,T
5-NP,1464,0,0,0,611,611,C
5-NP,1465,0,589,0,9,598,T
5-NP,1466,0,597,0,0,597,T
5-NP,1467,0,0,0,596,596,C
5-NP,1468,0,1,594,0,595,G
5-NP,1469,0,1,594,0,595,G
5-NP,1470,596,0,0,0,596,A
5-NP,1471,0,2,592,0,594,G
5-NP,1472,590,0,0,0,590,A
5-NP,1473,0,0,0,586,586,C
5-NP,1474,558,0,0,0,558,A
5-NP,1475,558,0,0,0,558,A
5-NP,1476,0,557,0,0,557,T
5-NP,1477,0,0,556,0,556,G
5-NP,1478,0,0,0,555,555,C
5-NP,1479,537,0,0,0,537,A
5-NP,1480,0,0,537,0,537,G
5-NP,1481,535,0,0,2,537,A
5-NP,1482,507,0,0,0,507,A
5-NP,1483,0,0,507,0,507,G
5-NP,1484,360,0,1,0,361,A
5-NP,1485,0,0,358,0,358,G
5-NP,1486,0,322,0,0,322,T
5-NP,1487,318,0,1,0,319,A
5-NP,1488,0,292,0,1,293,T
5-NP,1489,0,0,293,0,293,G
5-NP,1490,291,0,0,0,291,A
5-NP,1491,0,0,0,292,292,C
5-NP,1492,194,0,0,0,194,A
5-NP,1493,194,0,0,0,194,A
5-NP,1494,0,142,0,0,142,T
5-NP,1495,0,126,0,0,126,T
5-NP,1496,126,0,0,0,126,A
5-NP,1497,125,0,0,0,125,A
6-NA,1,42,0,0,0,42,A
6-NA,2,0,42,0,0,42,T
6-NA,3,0,0,43,0,43,G
6-NA,4,43,0,0,0,43,A
6-NA,5,47,0,0,0,47,A
6-NA,6,0,47,0,0,47,T
6-NA,7,0,0,0,47,47,C
6-NA,8,0,0,0,47,47,C
6-NA,9,47,0,0,0,47,A
6-NA,10,49,0,0,0,49,A
6-NA,11,49,0,0,0,49,A
6-NA,12,0,50,0,0,50,T
6-NA,13,0,0,0,50,50,C
6-NA,14,50,0,0,0,50,A
6-NA,15,49,0,0,0,49,A
6-NA,16,50,0,0,0,50,A
6-NA,17,51,0,0,0,51,A
6-NA,18,0,0,54,0,54,G
6-NA,19,57,0,0,0,57,A
6-NA,20,0,63,0,0,63,T
6-NA,21,63,0,0,0,63,A
6-NA,22,64,0,0,0,64,A
6-NA,23,0,65,0,0,65,T
6-NA,24,65,0,0,0,65,A
6-NA,25,66,0,0,0,66,A
6-NA,26,0,0,0,66,66,C
6-NA,27,0,0,67,0,67,G
6-NA,28,69,0,0,0,69,A
6-NA,29,0,69,0,0,69,T
6-NA,30,0,67,0,1,68,T
6-NA,31,0,0,69,0,69,G
6-NA,32,0,0,73,0,73,G
6-NA,33,0,0,0,73,73,C
6-NA,34,0,73,0,0,73,T
6-NA,35,0,0,0,76,76,C
6-NA,36,0,76,0,0,76,T
6-NA,37,0,0,81,0,81,G
6-NA,38,0,81,0,0,81,T
6-NA,39,0,81,0,0,81,T
6-NA,40,0,84,0,2,86,T
6-NA,41,0,0,0,84,84,C
6-NA,42,0,85,0,0,85,T
6-NA,43,0,0,0,85,85,C
6-NA,44,0,85,0,0,85,T
6-NA,45,1,0,0,86,87,C
6-NA,46,87,0,0,0,87,A
6-NA,47,0,0,0,92,92,C
6-NA,48,1,0,0,92,93,C
6-NA,49,93,0,0,0,93,A
6-NA,50,0,93,0,0,93,T
6-NA,51,0,96,0,0,96,T
6-NA,52,0,96,0,0,96,T
6-NA,53,0,0,0,99,99,C
6-NA,54,0,0,0,99,99,C
6-NA,55,103,0,0,0,103,A
6-NA,56,0,0,0,110,110,C
6-NA,57,109,0,0,0,109,A
6-NA,58,120,0,0,0,120,A
6-NA,59,0,120,0,0,120,T
6-NA,60,128,0,0,0,128,A
6-NA,61,0,127,0,0,127,T
6-NA,62,0,0,127,0,127,G
6-NA,63,0,0,0,127,127,C
6-NA,64,0,127,0,0,127,T
6-NA,65,0,132,0,0,132,T
6-NA,66,0,0,0,134,134,C
6-NA,67,0,134,0,0,134,T
6-NA,68,0,132,0,0,132,T
6-NA,69,0,0,0,129,129,C
6-NA,70,129,0,0,0,129,A
6-NA,71,0,128,0,0,128,T
6-NA,72,0,0,129,0,129,G
6-NA,73,0,0,0,129,129,C
6-NA,74,129,0,0,0,129,A
6-NA,75,128,0,0,0,128,A
6-NA,76,129,0,0,0,129,A
6-NA,77,0,131,0,0,131,T
6-NA,78,0,131,0,0,131,T
6-NA,79,0,0,131,0,131,G
6-NA,80,0,0,0,129,129,C
6-NA,81,0,0,0,131,131,C
6-NA,82,133,0,0,0,133,A
6-NA,83,0,134,0,0,134,T
6-NA,84,1,0,0,139,140,C
6-NA,85,0,142,0,0,142,T
6-NA,86,0,140,0,0,140,T
6-NA,87,1,1,145,0,147,G
6-NA,88,147,0,0,0,147,A
6-NA,89,1,147,0,0,148,T
6-NA,90,147,0,1,0,148,A
6-NA,91,148,0,0,0,148,A
6-NA,92,0,0,0,170,170,C
6-NA,93,0,166,0,0,166,T
6-NA,94,171,0,0,0,171,A
6-NA,95,1,0,0,177,178,C
6-NA,96,0,177,0,0,177,T
6-NA,97,0,0,177,0,177,G
6-NA,98,0,177,0,0,177,T
6-NA,99,178,0,0,0,178,A
6-NA,100,179,0,0,0,179,A
6-NA,101,0,0,0,179,179,C
6-NA,102,163,0,0,0,163,A
6-NA,103,0,164,0,0,164,T
6-NA,104,0,162,0,0,162,T
6-NA,105,0,0,161,0,161,G
6-NA,106,0,1,0,160,161,C
6-NA,107,161,0,0,0,161,A
6-NA,108,0,163,0,0,163,T
6-NA,109,0,163,0,0,163,T
6-NA,110,0,163,0,0,163,T
6-NA,111,0,0,0,163,163,C
6-NA,112,165,0,0,0,165,A
6-NA,113,166,0,0,0,166,A
6-NA,114,1,0,164,0,165,G
6-NA,115,0,0,0,165,165,C
6-NA,116,164,0,0,0,164,A
6-NA,117,174,0,0,0,174,A
6-NA,118,0,178,0,0,178,T
6-NA,119,178,0,0,0,178,A
6-NA,120,0,178,0,0,178,T
6-NA,121,0,0,182,0,182,G
6-NA,122,181,0,1,0,182,A
6-NA,123,184,0,0,0,184,A
6-NA,124,0,183,0,1,184,T
6-NA,125,0,183,0,0,183,T
6-NA,126,0,0,0,186,186,C
6-NA,127,184,0,0,0,184,A
6-NA,128,183,0,0,0,183,A
6-NA,129,0,0,0,183,183,C
6-NA,130,0,180,0,1,181,T
6-NA,131,0,0,0,181,181,C
6-NA,132,0,0,0,177,177,C
6-NA,133,0,0,0,180,180,C
6-NA,134,0,0,0,179,179,C
6-NA,135,1,0,0,180,181,C
6-NA,136,1,0,0,182,183,C
6-NA,137,2,0,0,181,183,C
6-NA,138,185,0,0,0,185,A
6-NA,139,186,0,0,0,186,A
6-NA,140,185,0,0,0,185,A
6-NA,141,0,0,0,193,193,C
6-NA,142,190,0,0,0,190,A
6-NA,143,196,0,0,0,196,A
6-NA,144,0,0,0,197,197,C
6-NA,145,0,0,0,197,197,C
6-NA,146,202,0,0,0,202,A
6-NA,147,204,0,0,1,205,A
6-NA,148,0,0,211,0,211,G
6-NA,149,0,210,0,0,210,T
6-NA,150,0,0,209,0,209,G
6-NA,151,215,0,0,0,215,A
6-NA,152,0,211,0,0,211,T
6-NA,153,0,1,210,0,211,G
6-NA,154,0,0,0,212,212,C
6-NA,155,0,209,0,0,209,T
6-NA,156,0,0,224,0,224,G
6-NA,157,0,224,0,0,224,T
6-NA,158,0,0,224,0,224,G
6-NA,159,0,226,0,0,226,T
6-NA,160,0,1,221,0,222,G
6-NA,161,220,0,1,0,221,A
6-NA,162,222,0,0,0,222,A
6-NA,163,0,0,0,220,220,C
6-NA,164,0,0,0,220,220,C
6-NA,165,210,0,0,0,210,A
6-NA,166,210,0,0,0,210,A
6-NA,167,0,0,0,222,222,C
6-NA,168,222,0,0,0,222,A
6-NA,169,222,0,0,0,222,A
6-NA,170,0,222,0,0,222,T
6-NA,171,222,0,0,0,222,A
6-NA,172,222,0,0,0,222,A
6-NA,173,0,222,0,0,222,T
6-NA,174,219,0,0,0,219,A
6-NA,175,1,0,219,0,220,G
6-NA,176,213,0,1,0,214,A
6-NA,177,213,0,0,0,213,A
6-NA,178,214,0,0,0,214,A
6-NA,179,0,1,214,0,215,G
6-NA,180,218,0,0,0,218,A
6-NA,181,217,1,0,0,218,A
6-NA,182,227,0,1,0,228,A
6-NA,183,0,0,0,230,230,C
6-NA,184,231,0,0,0,231,A
6-NA,185,0,233,0,0,233,T
6-NA,186,235,0,0,0,235,A
6-NA,187,234,0,1,0,235,A
6-NA,188,0,1,0,235,236,C
6-NA,189,232,0,0,0,232,A
6-NA,190,0,0,243,0,243,G
6-NA,191,239,0,0,0,239,A
6-NA,192,0,0,239,0,239,G
6-NA,193,242,0,0,0,242,A
6-NA,194,0,250,0,0,250,T
6-NA,195,247,0,0,0,247,A
6-NA,196,0,0,253,0,253,G
6-NA,197,0,250,0,0,250,T
6-NA,198,0,0,257,0,257,G
6-NA,199,0,253,0,0,253,T
6-NA,200,252,0,0,0,252,A
6-NA,201,0,248,0,2,250,T
6-NA,202,0,0,0,251,251,C
6-NA,203,0,246,0,0,246,T
6-NA,204,0,3,255,0,258,G
6-NA,205,256,0,1,0,257,A
6-NA,206,0,0,0,254,254,C
6-NA,207,1,0,0,255,256,C
6-NA,208,251,0,1,0,252,A
6-NA,209,253,0,0,0,253,A
6-NA,210,0,0,0,255,255,C
6-NA,211,255,0,0,0,255,A
6-NA,212,0,0,0,269,269,C
6-NA,213,0,0,0,263,263,C
6-NA,214,268,0,0,0,268,A
6-NA,215,0,0,0,278,278,C
6-NA,216,0,0,0,276,276,C
6-NA,217,281,0,0,0,281,A
6-NA,218,0,282,0,0,282,T
6-NA,219,278,0,0,0,278,A
6-NA,220,0,1,278,0,279,G
6-NA,221,274,0,2,0,276,A
6-NA,222,0,0,279,0,279,G
6-NA,223,279,0,0,0,279,A
6-NA,224,273,0,0,0,273,A
6-NA,225,0,0,275,0,275,G
6-NA,226,0,0,277,0,277,G
6-NA,227,279,0,0,0,279,A
6-NA,228,277,0,0,0,277,A
6-NA,229,277,0,0,0,277,A
6-NA,230,0,278,0,0,278,T
6-NA,231,276,0,0,0,276,A
6-NA,232,0,276,0,0,276,T
6-NA,233,0,0,278,0,278,G
6-NA,234,0,0,0,278,278,C
6-NA,235,1,0,0,272,273,C
6-NA,236,2,0,0,269,271,C
6-NA,237,1,0,0,271,272,C
6-NA,238,274,0,0,0,274,A
6-NA,239,279,0,0,0,279,A
6-NA,240,280,0,0,0,280,A
6-NA,241,0,0,0,279,279,C
6-NA,242,0,279,0,0,279,T
6-NA,243,272,0,0,0,272,A
6-NA,244,0,1,271,0,272,G
6-NA,245,0,0,0,273,273,C
6-NA,246,273,0,0,0,273,A
6-NA,247,0,0,288,0,288,G
6-NA,248,284,0,0,0,284,A
6-NA,249,296,0,0,0,296,A
6-NA,250,0,294,0,0,294,T
6-NA,251,294,0,0,0,294,A
6-NA,252,0,0,0,294,294,C
6-NA,253,293,0,0,0,293,A
6-NA,254,0,1,293,0,294,G
6-NA,255,295,0,0,0,295,A
6-NA,256,289,0,0,0,289,A
6-NA,257,290,0,0,0,290,A
6-NA,258,0,290,0,0,290,T
6-NA,259,0,290,0,0,290,T
6-NA,260,0,0,293,0,293,G
6-NA,261,0,0,290,0,290,G
6-NA,262,0,291,0,0,291,T
6-NA,263,1,1,0,289,291,C
6-NA,264,290,0,0,0,290,A
6-NA,265,291,0,0,0,291,A
6-NA,266,290,0,1,0,291,A
6-NA,267,0,0,291,0,291,G
6-NA,268,0,0,0,291,291,C
6-NA,269,1,0,0,286,287,C
6-NA,270,1,0,284,0,285,G
6-NA,271,1,0,0,289,290,C
6-NA,272,290,0,0,0,290,A
6-NA,273,298,0,0,0,298,A
6-NA,274,0,298,0,0,298,T
6-NA,275,0,0,298,0,298,G
6-NA,276,0,293,0,0,293,T
6-NA,277,0,0,291,0,291,G
6-NA,278,299,0,0,0,299,A
6-NA,279,0,0,0,300,300,C
6-NA,280,306,0,0,0,306,A
6-NA,281,0,312,0,0,312,T
6-NA,282,0,307,0,1,308,T
6-NA,283,307,0,0,0,307,A
6-NA,284,0,0,0,306,306,C
6-NA,285,302,0,0,0,302,A
6-NA,286,0,0,300,0,300,G
6-NA,287,1,0,296,0,297,G
6-NA,288,0,1,284,0,285,G
6-NA,289,0,296,0,0,296,T
6-NA,290,0,297,0,0,297,T
6-NA,291,0,298,0,0,298,T
6-NA,292,0,0,296,0,296,G
6-NA,293,0,0,0,298,298,C
6-NA,294,298,0,0,0,298,A
6-NA,295,0,0,0,297,297,C
6-NA,296,0,0,0,294,294,C
6-NA,297,0,290,0,0,290,T
6-NA,298,0,289,0,0,289,T
6-NA,299,0,290,0,0,290,T
6-NA,300,0,290,0,0,290,T
6-NA,301,1,293,0,0,294,T
6-NA,302,0,0,0,299,299,C
6-NA,303,0,297,0,0,297,T
6-NA,304,297,0,0,0,297,A
6-NA,305,295,0,1,0,296,A
6-NA,306,0,1,300,0,301,G
6-NA,307,0,1,300,0,301,G
6-NA,308,297,0,0,0,297,A
6-NA,309,0,0,0,301,301,C
6-NA,310,292,0,0,0,292,A
6-NA,311,292,0,0,0,292,A
6-NA,312,0,292,0,1,293,T
6-NA,313,0,293,0,0,293,T
6-NA,314,0,0,0,296,296,C
6-NA,315,0,1,294,0,295,G
6-NA,316,293,0,1,0,294,A
6-NA,317,0,294,0,1,295,T
6-NA,318,0,293,0,0,293,T
6-NA,319,293,0,0,0,293,A
6-NA,320,0,0,295,0,295,G
6-NA,321,0,0,293,0,293,G
6-NA,322,0,0,0,296,296,C
6-NA,323,1,287,0,0,288,T
6-NA,324,0,289,0,0,289,T
6-NA,325,0,289,0,0,289,T
6-NA,326,0,0,0,291,291,C
6-NA,327,0,0,0,292,292,C
6-NA,328,0,0,292,0,292,G
6-NA,329,0,0,0,293,293,C
6-NA,330,0,289,0,0,289,T
6-NA,331,0,0,299,0,299,G
6-NA,332,0,0,298,0,298,G
6-NA,333,0,298,0,0,298,T
6-NA,334,0,4,295,0,299,G
6-NA,335,0,0,298,0,298,G
6-NA,336,0,1,298,0,299,G
6-NA,337,0,0,308,0,308,G
6-NA,338,305,0,1,0,306,A
6-NA,339,0,0,0,307,307,C
6-NA,340,301,1,0,0,302,A
6-NA,341,0,300,0,1,301,T
6-NA,342,0,0,0,301,301,C
6-NA,343,0,299,0,0,299,T
6-NA,344,0,0,301,0,301,G
6-NA,345,1,2,296,0,299,G
6-NA,346,1,1,300,0,302,G
6-NA,347,0,297,0,1,298,T
6-NA,348,0,1,291,0,292,G
6-NA,349,290,0,1,0,291,A
6-NA,350,0,0,0,330,330,C
6-NA,351,334,0,1,0,335,A
6-NA,352,520,0,0,0,520,A
6-NA,353,0,1,565,0,566,G
6-NA,354,571,0,0,0,571,A
6-NA,355,0,0,735,0,735,G
6-NA,356,842,0,0,0,842,A
6-NA,357,1143,0,0,1,1144,A
6-NA,358,1,0,0,2290,2291,C
6-NA,359,4,1,0,2690,2695,C
6-NA,360,0,2707,0,1,2708,T
6-NA,361,1,2749,0,2,2752,T
6-NA,362,2770,0,0,0,2770,A
6-NA,363,1,2786,0,1,2788,T
6-NA,364,1,1,3200,0,3202,G
6-NA,365,0,3242,1,2,3245,T
6-NA,366,2,0,3446,0,3448,G
6-NA,367,1,3428,1,6,3436,T
6-NA,368,1,0,0,3455,3456,C
6-NA,369,3522,1,1,45,3569,A
6-NA,370,0,3566,0,8,3574,T
6-NA,371,0,5,3562,0,3567,G
6-NA,372,1,6,1,3566,3574,C
6-NA,373,1,8,3560,0,3569,G
6-NA,374,4444,0,4,0,4448,A
6-NA,375,0,4476,0,4,4480,T
6-NA,376,6,0,0,4659,4665,C
6-NA,377,5,0,0,4680,4685,C
6-NA,378,0,4873,0,6,4879,T
6-NA,379,0,30,4936,0,4966,G
6-NA,380,4959,1,10,1,4971,A
6-NA,381,0,2,0,4991,4993,C
6-NA,382,4979,0,8,0,4987,A
6-NA,383,5005,1,4,1,5011,A
6-NA,384,2,1,5360,0,5363,G
6-NA,385,0,5355,0,3,5358,T
6-NA,386,1,1,5482,0,5484,G
6-NA,387,0,5472,0,12,5484,T
6-NA,388,0,5463,0,29,5492,T
6-NA,389,5497,0,6,0,5503,A
6-NA,390,0,5496,0,4,5500,T
6-NA,391,13,1,1,5641,5656,C
6-NA,392,5675,0,5,0,5680,A
6-NA,393,5689,0,2,0,5691,A
6-NA,394,0,5669,1,3,5673,T
6-NA,395,1,5655,0,12,5668,T
6-NA,396,1,5665,0,3,5669,T
6-NA,397,4,2,5700,0,5706,G
6-NA,398,0,2,0,6122,6124,C
6-NA,399,13,1,0,6115,6129,C
6-NA,400,15,0,0,6148,6163,C
6-NA,401,0,6143,0,6,6149,T
6-NA,402,0,6157,0,1,6158,T
6-NA,403,4,14,6308,0,6326,G
6-NA,404,2,19,6325,0,6346,G
6-NA,405,6378,0,9,0,6387,A
6-NA,406,0,1,0,6404,6405,C
6-NA,407,6289,0,9,0,6298,A
6-NA,408,1,18,6486,0,6505,G
6-NA,409,0,9,6483,0,6492,G
6-NA,410,3,21,6762,0,6786,G
6-NA,411,6785,2,3,1,6791,A
6-NA,412,6761,1,21,1,6784,A
6-NA,413,0,2,0,6814,6816,C
6-NA,414,6787,0,12,1,6800,A
6-NA,415,7614,1,7,1,7623,A
6-NA,416,1,1,0,7662,7664,C
6-NA,417,7600,0,6,0,7606,A
6-NA,418,2,0,0,7672,7674,C
6-NA,419,0,7551,1,3,7555,T
6-NA,420,7667,0,4,1,7672,A
6-NA,421,7666,0,4,0,7670,A
6-NA,422,7703,0,15,1,7719,A
6-NA,423,0,4,1,7737,7742,C
6-NA,424,7380,0,5,1,7386,A
6-NA,425,7478,1,5,0,7484,A
6-NA,426,0,1,0,7561,7562,C
6-NA,427,2,1,7546,0,7549,G
6-NA,428,0,7528,0,1,7529,T
6-NA,429,7424,0,2,0,7426,A
6-NA,430,1,1,0,7599,7601,C
6-NA,431,7590,0,9,0,7599,A
6-NA,432,1,7650,0,1,7652,T
6-NA,433,1,7645,0,8,7654,T
6-NA,434,19,0,0,8043,8062,C
6-NA,435,8322,0,4,0,8326,A
6-NA,436,8402,1,4,0,8407,A
6-NA,437,8385,0,9,0,8394,A
6-NA,438,0,8407,0,1,8408,T
6-NA,439,8315,0,5,1,8321,A
6-NA,440,8617,0,12,0,8629,A
6-NA,441,2,1,0,8684,8687,C
6-NA,442,8675,1,7,2,8685,A
6-NA,443,1,2,0,8831,8834,C
6-NA,444,8580,0,4,1,8585,A
6-NA,445,1,1,10436,0,10438,G
6-NA,446,0,10287,0,152,10439,T
6-NA,447,10641,1,5,0,10647,A
6-NA,448,0,3,0,10688,10691,C
6-NA,449,2,2,10677,0,10681,G
6-NA,450,0,11201,2,7,11210,T
6-NA,451,0,31,11217,0,11248,G
6-NA,452,11247,1,7,1,11256,A
6-NA,453,1,11340,0,2,11343,T
6-NA,454,10628,2,17,0,10647,A
6-NA,455,0,15,10640,0,10655,G
6-NA,456,1,32,10557,0,10590,G
6-NA,457,10612,1,10,1,10624,A
6-NA,458,3,1,0,10836,10840,C
6-NA,459,16,2,0,10680,10698,C
6-NA,460,21,1,1,10814,10837,C
6-NA,461,21,2,0,10826,10849,C
6-NA,462,0,10918,0,5,10923,T
6-NA,463,0,11125,0,3,11128,T
6-NA,464,11206,0,0,0,11206,A
6-NA,465,2,11191,1,5,11199,T
6-NA,466,16,4,0,11172,11192,C
6-NA,467,5,24,11066,1,11096,G
6-NA,468,4,38,11022,1,11065,G
6-NA,469,11068,0,14,1,11083,A
6-NA,470,2,4,0,11200,11206,C
6-NA,471,21,0,0,11111,11132,C
6-NA,472,21,2,0,11824,11847,C
6-NA,473,1,11788,1,4,11794,T
6-NA,474,12032,0,2,0,12034,A
6-NA,475,1,12025,1,10,12037,T
6-NA,476,1,12059,0,8,12068,T
6-NA,477,1,18,12071,1,12091,G
6-NA,478,12064,3,8,0,12075,A
6-NA,479,1,12014,0,2,12017,T
6-NA,480,1,47,11996,0,12044,G
6-NA,481,11589,1,10,0,11600,A
6-NA,482,11629,1,15,2,11647,A
6-NA,483,0,11660,0,1,11661,T
6-NA,484,2,50,11841,0,11893,G
6-NA,485,12152,3,14,2,12171,A
6-NA,486,4,2,12347,0,12353,G
6-NA,487,3,12297,0,10,12310,T
6-NA,488,1,12343,0,2,12346,T
6-NA,489,12340,2,13,0,12355,A
6-NA,490,2,12,12394,0,12408,G
6-NA,491,2,3,12441,0,12446,G
6-NA,492,0,12390,0,11,12401,T
6-NA,493,5,0,12416,0,12421,G
6-NA,494,1,12122,0,30,12153,T
6-NA,495,1,12097,0,12,12110,T
6-NA,496,33,1,0,12086,12120,C
6-NA,497,14,1,0,12096,12111,C
6-NA,498,30,5,1,11977,12013,C
6-NA,499,0,12347,1,14,12362,T
6-NA,500,0,12377,1,11,12389,T
6-NA,501,1,12379,0,7,12387,T
6-NA,502,29,1,0,12449,12479,C
6-NA,503,12453,0,7,2,12462,A
6-NA,504,0,12840,0,10,12850,T
6-NA,505,3,2,1,12832,12838,C
6-NA,506,3,12642,0,12,12657,T
6-NA,507,2,23,12598,1,12624,G
6-NA,508,6,35,12526,0,12567,G
6-NA,509,4,24,12509,0,12537,G
6-NA,510,1,54,12639,0,12694,G
6-NA,511,12624,4,17,1,12646,A
6-NA,512,3,5,0,12778,12786,C
6-NA,513,17,3,1,12560,12581,C
6-NA,514,12744,0,11,0,12755,A
6-NA,515,12792,2,12,1,12807,A
6-NA,516,2,1,12819,0,12822,G
6-NA,517,4,4,0,12850,12858,C
6-NA,518,12793,0,21,2,12816,A
6-NA,519,12944,1,18,1,12964,A
6-NA,520,1,2,13041,0,13044,G
6-NA,521,3,12932,1,9,12945,T
6-NA,522,1,1,13368,0,13370,G
6-NA,523,3,13225,1,17,13246,T
6-NA,524,8,3,13621,0,13632,G
6-NA,525,9,3,1,13636,13649,C
6-NA,526,13617,1,6,0,13624,A
6-NA,527,3,13755,0,10,13768,T
6-NA,528,13451,1,3,1,13456,A
6-NA,529,6,2,13892,0,13900,G
6-NA,530,1,4,0,13861,13866,C
6-NA,531,13483,2,12,0,13497,A
6-NA,532,2,13427,0,8,13437,T
6-NA,533,4,33,12886,0,12923,G
6-NA,534,7,2,13919,1,13929,G
6-NA,535,2,13956,0,15,13973,T
6-NA,536,45,3,0,13874,13922,C
6-NA,537,26,4,0,13998,14028,C
6-NA,538,13962,1,16,3,13982,A
6-NA,539,3,3,14518,0,14524,G
6-NA,540,3,1,0,14605,14609,C
6-NA,541,0,14559,1,23,14583,T
6-NA,542,39,3,0,14630,14672,C
6-NA,543,14277,0,26,0,14303,A
6-NA,544,14515,0,10,0,14525,A
6-NA,545,6,2,14572,0,14580,G
6-NA,546,1,14596,0,3,14600,T
6-NA,547,0,14549,0,13,14562,T
6-NA,548,2,1,14576,0,14579,G
6-NA,549,1,14560,0,21,14582,T
6-NA,550,52,6,1,14523,14582,C
6-NA,551,14590,0,9,0,14599,A
6-NA,552,1,41,0,14711,14753,C
6-NA,553,5,27,14686,2,14720,G
6-NA,554,14965,3,11,0,14979,A
6-NA,555,1,15048,1,12,15062,T
6-NA,556,5,15,15447,0,15467,G
6-NA,557,2,17,15513,0,15532,G
6-NA,558,15520,1,28,0,15549,A
6-NA,559,15540,2,16,0,15558,A
6-NA,560,15732,0,43,1,15776,A
6-NA,561,15784,1,30,2,15817,A
6-NA,562,3,0,16066,0,16069,G
6-NA,563,3,7,0,15991,16001,C
6-NA,564,15934,2,11,1,15948,A
6-NA,565,0,15923,2,9,15934,T
6-NA,566,3,39,16098,0,16140,G
6-NA,567,1,2,16195,1,16199,G
6-NA,568,2,3,0,16401,16406,C
6-NA,569,2,16274,1,19,16296,T
6-NA,570,6,0,16434,0,16440,G
6-NA,571,3,3,0,16344,16350,C
6-NA,572,16384,0,8,2,16394,A
6-NA,573,3,17169,0,4,17176,T
6-NA,574,11,4,17203,0,17218,G
6-NA,575,0,17311,0,13,17324,T
6-NA,576,1,17740,0,33,17774,T
6-NA,577,1,17680,0,13,17694,T
6-NA,578,8,0,19029,0,19037,G
6-NA,579,2,18923,1,12,18938,T
6-NA,580,19011,2,8,1,19022,A
6-NA,581,1,19099,0,5,19105,T
6-NA,582,18812,1,9,0,18822,A
6-NA,583,18909,2,21,3,18935,A
6-NA,584,1,20,1,18786,18808,C
6-NA,585,6,38,18605,0,18649,G
6-NA,586,2,43,18689,0,18734,G
6-NA,587,1,53,18242,0,18296,G
6-NA,588,8,27,18339,0,18374,G
6-NA,589,1,19,18422,1,18443,G
6-NA,590,18283,1,35,3,18322,A
6-NA,591,1,18416,2,14,18433,T
6-NA,592,12,45,18439,0,18496,G
6-NA,593,18524,2,34,1,18561,A
6-NA,594,4,18658,1,3,18666,T
6-NA,595,18602,0,10,0,18612,A
6-NA,596,18619,1,7,7,18634,A
6-NA,597,18738,0,9,1,18748,A
6-NA,598,18730,1,7,1,18739,A
6-NA,599,18841,0,13,1,18855,A
6-NA,600,1,18849,0,3,18853,T
6-NA,601,8,5,18839,0,18852,G
6-NA,602,9,4,0,18802,18815,C
6-NA,603,18791,1,11,0,18803,A
6-NA,604,18863,1,22,1,18887,A
6-NA,605,1,2,0,19129,19132,C
6-NA,606,0,19084,0,13,19097,T
6-NA,607,2,3,19166,0,19171,G
6-NA,608,2,2,0,19144,19148,C
6-NA,609,1,19153,0,21,19175,T
6-NA,610,19161,2,23,1,19187,A
6-NA,611,3,4,19243,2,19252,G
6-NA,612,5,1,0,19469,19475,C
6-NA,613,2,19365,1,51,19419,T
6-NA,614,1,19347,2,18,19368,T
6-NA,615,28,2,0,19554,19584,C
6-NA,616,19625,1,6,0,19632,A
6-NA,617,3,19656,0,15,19674,T
6-NA,618,0,19680,3,9,19692,T
6-NA,619,1,19719,0,6,19726,T
6-NA,620,19778,2,7,1,19788,A
6-NA,621,1,4,1,19855,19861,C
6-NA,622,19716,0,4,0,19720,A
6-NA,623,19864,3,26,0,19893,A
6-NA,624,0,19771,0,5,19776,T
6-NA,625,1,61,19790,0,19852,G
6-NA,626,5,25,19770,0,19800,G
6-NA,627,2,20,19791,0,19813,G
6-NA,628,19722,3,21,3,19749,A
6-NA,629,19457,1,38,2,19498,A
6-NA,630,3,6,20365,0,20374,G
6-NA,631,4,4,1,22382,22391,C
6-NA,632,0,22407,14,22,22443,T
6-NA,633,1,22828,1,5,22835,T
6-NA,634,6,1,22976,0,22983,G
6-NA,635,3,22926,0,15,22944,T
6-NA,636,23344,2,19,3,23368,A
6-NA,637,96,20,23362,2,23480,G
6-NA,638,23364,2,24,1,23391,A
6-NA,639,0,23356,1,10,23367,T
6-NA,640,21291,3,27,0,21321,A
6-NA,641,3,2,21337,0,21342,G
6-NA,642,5,21060,0,20,21085,T
6-NA,643,10,1,20807,0,20818,G
6-NA,644,2,21940,1,18,21961,T
6-NA,645,3,21990,1,14,22008,T
6-NA,646,21,0,22417,1,22439,G
6-NA,647,4,22363,0,27,22394,T
6-NA,648,1,22471,1,11,22484,T
6-NA,649,0,22457,0,32,22489,T
6-NA,650,39,1,0,22086,22126,C
6-NA,651,21984,1,58,1,22044,A
6-NA,652,2,21918,0,29,21949,T
6-NA,653,7,54,21887,0,21948,G
6-NA,654,3,4,23502,1,23510,G
6-NA,655,3,23264,2,28,23297,T
6-NA,656,86,10,0,23173,23269,C
6-NA,657,45,7,0,23246,23298,C
6-NA,658,23408,2,18,1,23429,A
6-NA,659,23632,1,16,0,23649,A
6-NA,660,23639,1,25,0,23665,A
6-NA,661,4,30,23756,0,23790,G
6-NA,662,23706,1,32,0,23739,A
6-NA,663,22922,1,35,0,22958,A
6-NA,664,22932,0,36,2,22970,A
6-NA,665,1,22958,1,5,22965,T
6-NA,666,34,4,0,23767,23805,C
6-NA,667,37,1,0,23792,23830,C
6-NA,668,2,23647,0,30,23679,T
6-NA,669,27,3,0,23711,23741,C
6-NA,670,23642,1,24,2,23669,A
6-NA,671,9,31,23827,0,23867,G
6-NA,672,3,71,23783,0,23857,G
6-NA,673,24541,1,18,0,24560,A
6-NA,674,4,4,0,24566,24574,C
6-NA,675,23,2,0,24072,24097,C
6-NA,676,45,5,0,24096,24146,C
6-NA,677,24128,4,26,1,24159,A
6-NA,678,2,20,24240,0,24262,G
6-NA,679,3,54,24300,1,24358,G
6-NA,680,24201,0,35,1,24237,A
6-NA,681,3,4,24453,0,24460,G
6-NA,682,1,23941,2,32,23976,T
6-NA,683,85,2,2,23942,24031,C
6-NA,684,23967,5,27,0,23999,A
6-NA,685,0,31,24243,0,24274,G
6-NA,686,24174,2,36,0,24212,A
6-NA,687,24364,2,5,1,24372,A
6-NA,688,1,24289,1,8,24299,T
6-NA,689,7,6,24170,0,24183,G
6-NA,690,3,9,1,24050,24063,C
6-NA,691,23733,1,17,0,23751,A
6-NA,692,1,24441,1,14,24457,T
6-NA,693,2,24458,5,10,24475,T
6-NA,694,5,24522,1,10,24538,T
6-NA,695,7,19,24834,0,24860,G
6-NA,696,3,24819,0,26,24848,T
6-NA,697,24819,1,22,0,24842,A
6-NA,698,2,24689,2,25,24718,T
6-NA,699,58,197,0,24361,24616,C
6-NA,700,24661,2,13,1,24677,A
6-NA,701,24670,1,1,1,24673,A
6-NA,702,1,24660,3,12,24676,T
6-NA,703,4,27,24620,0,24651,G
6-NA,704,4,61,24658,0,24723,G
6-NA,705,25233,2,18,1,25254,A
6-NA,706,25260,1,40,0,25301,A
6-NA,707,4,5,0,25563,25572,C
6-NA,708,1,25637,2,22,25662,T
6-NA,709,0,25629,1,12,25642,T
6-NA,710,7,2,26671,1,26681,G
6-NA,711,4,26651,1,7,26663,T
6-NA,712,26636,1,24,1,26662,A
6-NA,713,6,14,0,27131,27151,C
6-NA,714,26371,1,27,2,26401,A
6-NA,715,5,3,28534,1,28543,G
6-NA,716,3,28294,0,12,28309,T
6-NA,717,29584,1,13,1,29599,A
6-NA,718,3,1,29804,0,29808,G
6-NA,719,3,29098,0,18,29119,T
6-NA,720,29084,2,15,0,29101,A
6-NA,721,29081,1,10,1,29093,A
6-NA,722,1,28909,1,14,28925,T
6-NA,723,4,177,28867,0,29048,G
6-NA,724,28243,1,30,1,28275,A
6-NA,725,1,4,1,28589,28595,C
6-NA,726,4,27693,2,21,27720,T
6-NA,727,7,38,27839,0,27884,G
6-NA,728,27723,4,38,1,27766,A
6-NA,729,1,27903,0,17,27921,T
6-NA,730,10,87,27853,1,27951,G
6-NA,731,5,38,27716,1,27760,G
6-NA,732,6,55,27767,0,27828,G
6-NA,733,27263,1,59,1,27324,A
6-NA,734,4,2,27377,1,27384,G
6-NA,735,3,27196,2,15,27216,T
6-NA,736,11,10,27376,1,27398,G
6-NA,737,7,3,0,27645,27655,C
6-NA,738,0,27605,1,29,27635,T
6-NA,739,2,27598,0,34,27634,T
6-NA,740,38,6,1,27590,27635,C
6-NA,741,27610,3,41,0,27654,A
6-NA,742,7,24,27799,1,27831,G
6-NA,743,3,30,27782,1,27816,G
6-NA,744,27753,0,17,0,27770,A
6-NA,745,27423,1,37,0,27461,A
6-NA,746,27166,4,13,0,27183,A
6-NA,747,27323,0,45,0,27368,A
6-NA,748,11,3,27515,0,27529,G
6-NA,749,2,6,1,27500,27509,C
6-NA,750,2,27382,1,16,27401,T
6-NA,751,4,36,27330,0,27370,G
6-NA,752,27307,0,16,1,27324,A
6-NA,753,3,27668,1,8,27680,T
6-NA,754,27775,2,14,0,27791,A
6-NA,755,4,5,1,29485,29495,C
6-NA,756,3,28992,0,279,29274,T
6-NA,757,29319,0,9,1,29329,A
6-NA,758,29340,1,20,1,29362,A
6-NA,759,29329,1,14,0,29344,A
6-NA,760,30238,3,38,0,30279,A
6-NA,761,0,30268,1,10,30279,T
6-NA,762,30181,4,10,0,30195,A
6-NA,763,3,4,0,30396,30403,C
6-NA,764,3,28856,2,43,28904,T
6-NA,765,29225,3,11,2,29241,A
6-NA,766,4,28997,3,75,29079,T
6-NA,767,2,30543,1,32,30578,T
6-NA,768,106,2,0,30651,30759,C
6-NA,769,29955,1,22,1,29979,A
6-NA,770,3,29945,3,16,29967,T
6-NA,771,1,29870,2,10,29883,T
6-NA,772,7,42,30009,2,30060,G
6-NA,773,29731,4,33,3,29771,A
6-NA,774,10,37,29749,1,29797,G
6-NA,775,2,40,29692,1,29735,G
6-NA,776,28252,3,36,1,28292,A
6-NA,777,6,59,28833,1,28899,G
6-NA,778,10,78,28768,0,28856,G
6-NA,779,13,29,28885,0,28927,G
6-NA,780,8,41,28946,2,28997,G
6-NA,781,28817,2,43,1,28863,A
6-NA,782,28904,5,50,0,28959,A
6-NA,783,28699,1,186,0,28886,A
6-NA,784,28791,3,28,6,28828,A
6-NA,785,2,28825,1,4,28832,T
6-NA,786,67,31,0,28480,28578,C
6-NA,787,16,1,28871,1,28889,G
6-NA,788,1,28729,0,20,28750,T
6-NA,789,3,28684,1,28,28716,T
6-NA,790,112,11,3,28674,28800,C
6-NA,791,28765,1,24,1,28791,A
6-NA,792,3,31030,0,16,31049,T
6-NA,793,30994,4,7,1,31006,A
6-NA,794,4,7,1,31229,31241,C
6-NA,795,2,31104,2,24,31132,T
6-NA,796,31007,1,24,1,31033,A
6-NA,797,7,6,31046,1,31060,G
6-NA,798,8,12,0,31026,31046,C
6-NA,799,31043,6,18,1,31068,A
6-NA,800,6,7,0,31148,31161,C
6-NA,801,29589,1,69,1,29660,A
6-NA,802,3,30232,2,24,30261,T
6-NA,803,2,30134,2,21,30159,T
6-NA,804,9,6,32647,0,32662,G
6-NA,805,5,32422,2,25,32454,T
6-NA,806,128,26,1,32296,32451,C
6-NA,807,32400,6,42,2,32450,A
6-NA,808,2,36,32494,1,32533,G
6-NA,809,8,49,32482,0,32539,G
6-NA,810,32408,6,9,0,32423,A
6-NA,811,31789,2,32,0,31823,A
6-NA,812,360,6,31985,0,32351,G
6-NA,813,1,30044,0,21,30066,T
6-NA,814,5,7,30284,2,30298,G
6-NA,815,14,6,2,30192,30214,C
6-NA,816,5,30194,0,36,30235,T
6-NA,817,93,12,1,30155,30261,C
6-NA,818,30150,1,12,0,30163,A
6-NA,819,29480,2,28,2,29512,A
6-NA,820,3,7,1,29843,29854,C
6-NA,821,30117,2,33,0,30152,A
6-NA,822,0,30199,2,15,30216,T
6-NA,823,6,4,31198,1,31209,G
6-NA,824,4,30914,0,214,31132,T
6-NA,825,88,152,1,30898,31139,C
6-NA,826,17,53,31092,1,31163,G
6-NA,827,30987,8,29,0,31024,A
6-NA,828,1,36,31018,0,31055,G
6-NA,829,5,73,30972,0,31050,G
6-NA,830,30694,4,25,1,30724,A
6-NA,831,5,5,31163,1,31174,G
6-NA,832,4,30206,0,24,30234,T
6-NA,833,19,7,30294,2,30322,G
6-NA,834,6,8,0,30887,30901,C
6-NA,835,2,30773,2,63,30840,T
6-NA,836,87,4,0,30922,31013,C
6-NA,837,22,5,0,31131,31158,C
6-NA,838,5,31078,0,24,31107,T
6-NA,839,17,6,31222,0,31245,G
6-NA,840,3,9,1,30922,30935,C
6-NA,841,1,30688,0,32,30721,T
6-NA,842,31028,3,7,3,31041,A
6-NA,843,3,30433,3,19,30458,T
6-NA,844,36,1,0,30682,30719,C
6-NA,845,37,0,0,30637,30674,C
6-NA,846,0,30500,2,38,30540,T
6-NA,847,40,7,0,30760,30807,C
6-NA,848,8,48,30664,0,30720,G
6-NA,849,31025,1,16,2,31044,A
6-NA,850,0,31076,1,12,31089,T
6-NA,851,31132,1,6,0,31139,A
6-NA,852,2,31026,1,21,31050,T
6-NA,853,36,6,0,31043,31085,C
6-NA,854,34,3,0,30992,31029,C
6-NA,855,6,30782,3,28,30819,T
6-NA,856,7,29,30992,0,31028,G
6-NA,857,7,4,31139,0,31150,G
6-NA,858,1,31513,1,48,31563,T
6-NA,859,4,0,31656,0,31660,G
6-NA,860,3,31429,1,55,31488,T
6-NA,861,120,5,2,31391,31518,C
6-NA,862,31425,2,33,8,31468,A
6-NA,863,4,33,31500,1,31538,G
6-NA,864,31443,7,35,2,31487,A
6-NA,865,0,31135,1,21,31157,T
6-NA,866,5,2,31176,0,31183,G
6-NA,867,2,30632,3,41,30678,T
6-NA,868,5,2,30776,5,30788,G
6-NA,869,4,30705,0,34,30743,T
6-NA,870,66,2,3,30759,30830,C
6-NA,871,15,30752,0,34,30801,T
6-NA,872,14,7,30849,1,30871,G
6-NA,873,2,15,0,30832,30849,C
6-NA,874,30804,2,38,4,30848,A
6-NA,875,6,32,30859,1,30898,G
6-NA,876,30071,2,41,1,30115,A
6-NA,877,196,45,29968,6,30215,G
6-NA,878,30068,3,52,0,30123,A
6-NA,879,1,3,0,30308,30312,C
6-NA,880,30227,0,22,1,30250,A
6-NA,881,30458,8,30,2,30498,A
6-NA,882,3,4,0,30636,30643,C
6-NA,883,4,30583,2,15,30604,T
6-NA,884,9,30,30619,0,30658,G
6-NA,885,3,32,30531,2,30568,G
6-NA,886,30455,1,19,3,30478,A
6-NA,887,30442,2,26,3,30473,A
6-NA,888,29773,2,44,2,29821,A
6-NA,889,5,30,29714,0,29749,G
6-NA,890,3,45,29297,1,29346,G
6-NA,891,28883,4,32,7,28926,A
6-NA,892,2,29795,1,21,29819,T
6-NA,893,51,18,0,29970,30039,C
6-NA,894,59,10,3,30751,30823,C
6-NA,895,30906,2,16,1,30925,A
6-NA,896,30888,3,3,4,30898,A
6-NA,897,1,30905,0,6,30912,T
6-NA,898,29841,1,19,2,29863,A
6-NA,899,4,25,29661,0,29690,G
6-NA,900,9,9,29703,1,29722,G
6-NA,901,8,9,1,29708,29726,C
6-NA,902,40,6,1,29536,29583,C
6-NA,903,67,7,2,28585,28661,C
6-NA,904,28918,3,21,1,28943,A
6-NA,905,6,29199,0,38,29243,T
6-NA,906,45,5,1,29298,29349,C
6-NA,907,13,2,29405,0,29420,G
6-NA,908,3,29218,0,8,29229,T
6-NA,909,28604,1,23,1,28629,A
6-NA,910,4,19,29370,0,29393,G
6-NA,911,29389,4,34,1,29428,A
6-NA,912,2,29550,1,10,29563,T
6-NA,913,28949,5,27,2,28983,A
6-NA,914,1,28641,3,5,28650,T
6-NA,915,28640,0,9,1,28650,A
6-NA,916,28574,0,17,2,28593,A
6-NA,917,29346,4,36,6,29392,A
6-NA,918,1,6,2,30089,30098,C
6-NA,919,29189,4,5,1,29199,A
6-NA,920,2,29091,0,11,29104,T
6-NA,921,28822,1,12,1,28836,A
6-NA,922,28825,3,52,1,28881,A
6-NA,923,28837,2,41,4,28884,A
6-NA,924,1,45,29253,0,29299,G
6-NA,925,3,50,29584,1,29638,G
6-NA,926,28443,4,25,0,28472,A
6-NA,927,6,28255,1,30,28292,T
6-NA,928,69,8,0,28346,28423,C
6-NA,929,28642,2,45,1,28690,A
6-NA,930,2,28695,2,15,28714,T
6-NA,931,28621,3,30,1,28655,A
6-NA,932,3,6,28867,1,28877,G
6-NA,933,3,3,0,28304,28310,C
6-NA,934,27662,1,4,1,27668,A
6-NA,935,2,26679,1,29,26711,T
6-NA,936,0,26839,0,2,26841,T
6-NA,937,2,2,27378,0,27382,G
6-NA,938,3,27359,2,22,27386,T
6-NA,939,1,27487,3,41,27532,T
6-NA,940,1,27454,1,26,27482,T
6-NA,941,31,2,1,27230,27264,C
6-NA,942,24,4,0,27277,27305,C
6-NA,943,27441,3,18,2,27464,A
6-NA,944,5,2,27755,0,27762,G
6-NA,945,2,27644,3,19,27668,T
6-NA,946,0,27263,0,8,27271,T
6-NA,947,27253,2,7,1,27263,A
6-NA,948,2,26993,3,10,27008,T
6-NA,949,2,26557,8,34,26601,T
6-NA,950,0,26775,1,19,26795,T
6-NA,951,5,3,26965,0,26973,G
6-NA,952,3,26955,2,23,26983,T
6-NA,953,14,5,27652,1,27672,G
6-NA,954,5,27578,3,32,27618,T
6-NA,955,3,27404,7,30,27444,T
6-NA,956,94,12,3,27388,27497,C
6-NA,957,27338,4,47,2,27391,A
6-NA,958,6,40,27538,0,27584,G
6-NA,959,2,74,27502,0,27578,G
6-NA,960,27384,1,44,0,27429,A
6-NA,961,1,5,1,27563,27570,C
6-NA,962,0,27009,0,23,27032,T
6-NA,963,1,27144,0,15,27160,T
6-NA,964,2,2,28420,0,28424,G
6-NA,965,4,28359,0,59,28422,T
6-NA,966,1,28394,0,21,28416,T
6-NA,967,15,23,28180,0,28218,G
6-NA,968,3,46,28171,1,28221,G
6-NA,969,28122,4,41,0,28167,A
6-NA,970,2,85,28174,0,28261,G
6-NA,971,28111,5,45,3,28164,A
6-NA,972,0,8,0,28109,28117,C
6-NA,973,26975,0,31,24,27030,A
6-NA,974,6,8,2,27118,27134,C
6-NA,975,27105,1,42,2,27150,A
6-NA,976,4,4,0,27223,27231,C
6-NA,977,43,5,1,26904,26953,C
6-NA,978,56,9,1,26974,27040,C
6-NA,979,26929,3,25,1,26958,A
6-NA,980,2,25,27047,0,27074,G
6-NA,981,27010,2,22,0,27034,A
6-NA,982,27202,0,24,2,27228,A
6-NA,983,27019,0,15,2,27036,A
6-NA,984,26980,0,23,2,27005,A
6-NA,985,26754,4,28,1,26787,A
6-NA,986,26693,2,107,5,26807,A
6-NA,987,4,24,0,26893,26921,C
6-NA,988,5,101,26741,0,26847,G
6-NA,989,26726,1,34,1,26762,A
6-NA,990,1,7,0,26769,26777,C
6-NA,991,26615,0,30,0,26645,A
6-NA,992,93,4,26823,0,26920,G
6-NA,993,4,5,0,27898,27907,C
6-NA,994,2,27684,3,30,27719,T
6-NA,995,57,3,0,27811,27871,C
6-NA,996,21,7,1,27940,27969,C
6-NA,997,27983,0,41,0,28024,A
6-NA,998,6,2,28303,2,28313,G
6-NA,999,3,9,1,28273,28286,C
6-NA,1000,28098,0,19,1,28118,A
6-NA,1001,21,5,28138,1,28165,G
6-NA,1002,1,26663,0,18,26682,T
6-NA,1003,26699,2,20,2,26723,A
6-NA,1004,6,4,26799,2,26811,G
6-NA,1005,2,15,2,26738,26757,C
6-NA,1006,35,6,1,26797,26839,C
6-NA,1007,26414,0,5,1,26420,A
6-NA,1008,0,26359,1,24,26384,T
6-NA,1009,1,26365,0,5,26371,T
6-NA,1010,1,1,27055,0,27057,G
6-NA,1011,1,26826,4,22,26853,T
6-NA,1012,1,26797,0,17,26815,T
6-NA,1013,18,26704,1,22,26745,T
6-NA,1014,9,54,26424,0,26487,G
6-NA,1015,6,30,26775,0,26811,G
6-NA,1016,26611,1,19,2,26633,A
6-NA,1017,5,26901,2,21,26929,T
6-NA,1018,40,2,0,26882,26924,C
6-NA,1019,42,2,0,26478,26522,C
6-NA,1020,17,26476,0,13,26506,T
6-NA,1021,26541,1,19,0,26561,A
6-NA,1022,26638,2,19,0,26659,A
6-NA,1023,2,2,0,27139,27143,C
6-NA,1024,26449,2,25,2,26478,A
6-NA,1025,26616,3,14,0,26633,A
6-NA,1026,2,26428,2,14,26446,T
6-NA,1027,2,35,26408,1,26446,G
6-NA,1028,26097,7,34,1,26139,A
6-NA,1029,9,28,25051,2,25090,G
6-NA,1030,2,20,25617,0,25639,G
6-NA,1031,25519,2,26,0,25547,A
6-NA,1032,25627,2,43,0,25672,A
6-NA,1033,2,37,25771,0,25810,G
6-NA,1034,3,4,25916,0,25923,G
6-NA,1035,1,25457,2,13,25473,T
6-NA,1036,9,57,25478,0,25544,G
6-NA,1037,3,3,26249,1,26256,G
6-NA,1038,8,25862,3,36,25909,T
6-NA,1039,143,5,0,25727,25875,C
6-NA,1040,25890,4,11,1,25906,A
6-NA,1041,1,25803,0,20,25824,T
6-NA,1042,4,67,25657,0,25728,G
6-NA,1043,6,61,25442,0,25509,G
6-NA,1044,4,27,24441,1,24473,G
6-NA,1045,4,2,25953,1,25960,G
6-NA,1046,5,25905,1,23,25934,T
6-NA,1047,4,34,25957,1,25996,G
6-NA,1048,25904,0,15,0,25919,A
6-NA,1049,25911,1,22,2,25936,A
6-NA,1050,26002,3,43,6,26054,A
6-NA,1051,3,30,26361,0,26394,G
6-NA,1052,6,4,26125,0,26135,G
6-NA,1053,3,6,0,25975,25984,C
6-NA,1054,5,25193,2,13,25213,T
6-NA,1055,420,28,24799,2,25249,G
6-NA,1056,8,21,25274,0,25303,G
6-NA,1057,7,3,25485,0,25495,G
6-NA,1058,10,2,0,25484,25496,C
6-NA,1059,24,24,1,25454,25503,C
6-NA,1060,2,24949,3,87,25041,T
6-NA,1061,3,25069,3,9,25084,T
6-NA,1062,2,25101,2,7,25112,T
6-NA,1063,4,27,25180,2,25213,G
6-NA,1064,25123,2,34,1,25160,A
6-NA,1065,3,24909,1,11,24924,T
6-NA,1066,7,25,24521,0,24553,G
6-NA,1067,24196,5,22,2,24225,A
6-NA,1068,1,24323,1,14,24339,T
6-NA,1069,14,30,24382,0,24426,G
6-NA,1070,4,31,24752,1,24788,G
6-NA,1071,24640,3,65,1,24709,A
6-NA,1072,24704,1,11,1,24717,A
6-NA,1073,24690,1,14,0,24705,A
6-NA,1074,1,24651,2,12,24666,T
6-NA,1075,6,67,24702,2,24777,G
6-NA,1076,24712,3,27,1,24743,A
6-NA,1077,4,7,2,24666,24679,C
6-NA,1078,11,0,24840,0,24851,G
6-NA,1079,4,24054,1,22,24081,T
6-NA,1080,6,2,24322,0,24330,G
6-NA,1081,4,24253,2,19,24278,T
6-NA,1082,6,51,24296,0,24353,G
6-NA,1083,6,25,24479,1,24511,G
6-NA,1084,24237,1,28,1,24267,A
6-NA,1085,1,24232,1,15,24249,T
6-NA,1086,29,48,24128,1,24206,G
6-NA,1087,5,23,24151,2,24181,G
6-NA,1088,3,16,24289,0,24308,G
6-NA,1089,24051,2,41,1,24095,A
6-NA,1090,23990,3,32,23,24048,A
6-NA,1091,3,55,23992,0,24050,G
6-NA,1092,23656,1,26,1,23684,A
6-NA,1093,23682,0,29,0,23711,A
6-NA,1094,5,28,0,23572,23605,C
6-NA,1095,7,75,23418,1,23501,G
6-NA,1096,23394,1,27,2,23424,A
6-NA,1097,6,22976,2,7,22991,T
6-NA,1098,51,6,2,23062,23121,C
6-NA,1099,23084,1,23,4,23112,A
6-NA,1100,2,5,23189,0,23196,G
6-NA,1101,14,12,0,23100,23126,C
6-NA,1102,9,58,23099,12,23178,G
6-NA,1103,23010,4,17,1,23032,A
6-NA,1104,3,22,23118,1,23144,G
6-NA,1105,23140,0,13,0,23153,A
6-NA,1106,23152,1,13,0,23166,A
6-NA,1107,1,302,23044,0,23347,G
6-NA,1108,1,23067,1,17,23086,T
6-NA,1109,102,2,212,22571,22887,C
6-NA,1110,22813,1,27,0,22841,A
6-NA,1111,1,7,1,23657,23666,C
6-NA,1112,11,6,23680,0,23697,G
6-NA,1113,5,2,0,23698,23705,C
6-NA,1114,0,23384,3,29,23416,T
6-NA,1115,0,23463,1,6,23470,T
6-NA,1116,23055,1,16,0,23072,A
6-NA,1117,3,49,23985,2,24039,G
6-NA,1118,8,44,23982,2,24036,G
6-NA,1119,8,4,24628,1,24641,G
6-NA,1120,1,22946,0,22,22969,T
6-NA,1121,22981,2,5,0,22988,A
6-NA,1122,1,22889,1,24,22915,T
6-NA,1123,8,40,22891,1,22940,G
6-NA,1124,22879,1,20,2,22902,A
6-NA,1125,22833,0,9,2,22844,A
6-NA,1126,21577,2,36,1,21616,A
6-NA,1127,6,6,0,21723,21735,C
6-NA,1128,43,4,0,21083,21130,C
6-NA,1129,5,20648,3,45,20701,T
6-NA,1130,1,20639,0,19,20659,T
6-NA,1131,20,3,0,20690,20713,C
6-NA,1132,20721,4,10,1,20736,A
6-NA,1133,20741,4,4,2,20751,A
6-NA,1134,20700,2,19,0,20721,A
6-NA,1135,2,1,20884,1,20888,G
6-NA,1136,2,20356,0,36,20394,T
6-NA,1137,123,1,1,20385,20510,C
6-NA,1138,20963,1,10,1,20975,A
6-NA,1139,2,20950,1,21,20974,T
6-NA,1140,3,20973,2,20,20998,T
6-NA,1141,4,21,20982,0,21007,G
6-NA,1142,20945,2,29,3,20979,A
6-NA,1143,21005,4,26,2,21037,A
6-NA,1144,4,24,21797,0,21825,G
6-NA,1145,4,5,21851,1,21861,G
6-NA,1146,6,4,0,21763,21773,C
6-NA,1147,2,21074,2,14,21092,T
6-NA,1148,11,18,21247,2,21278,G
6-NA,1149,7,8,21819,0,21834,G
6-NA,1150,3,21758,1,24,21786,T
6-NA,1151,67,6,1,21634,21708,C
6-NA,1152,50,6,0,21540,21596,C
6-NA,1153,21561,1,18,1,21581,A
6-NA,1154,21667,0,13,0,21680,A
6-NA,1155,0,5,0,21814,21819,C
6-NA,1156,32,7,0,21770,21809,C
6-NA,1157,59,6,0,21679,21744,C
6-NA,1158,1,20709,1,9,20720,T
6-NA,1159,20765,0,4,0,20769,A
6-NA,1160,20747,3,12,2,20764,A
6-NA,1161,4,2,20922,0,20928,G
6-NA,1162,3,20608,2,106,20719,T
6-NA,1163,55,4,0,20629,20688,C
6-NA,1164,51,5,1,20243,20300,C
6-NA,1165,20233,0,10,2,20245,A
6-NA,1166,20190,0,7,1,20198,A
6-NA,1167,20211,2,6,0,20219,A
6-NA,1168,0,20215,1,11,20227,T
6-NA,1169,1,20167,0,5,20173,T
6-NA,1170,4,4,20038,0,20046,G
6-NA,1171,4,8,0,19881,19893,C
6-NA,1172,19906,2,22,1,19931,A
6-NA,1173,3,19,20003,0,20025,G
6-NA,1174,19991,2,16,0,20009,A
6-NA,1175,1,20411,1,4,20417,T
6-NA,1176,20452,2,2,0,20456,A
6-NA,1177,20379,3,11,0,20393,A
6-NA,1178,20417,2,12,0,20431,A
6-NA,1179,0,20327,0,2,20329,T
6-NA,1180,20259,1,8,0,20268,A
6-NA,1181,2,32,20248,0,20282,G
6-NA,1182,4,2,20091,0,20097,G
6-NA,1183,5,6,0,20001,20012,C
6-NA,1184,19286,2,10,0,19298,A
6-NA,1185,19496,4,19,1,19520,A
6-NA,1186,5,2,19707,0,19714,G
6-NA,1187,2,19597,2,33,19634,T
6-NA,1188,117,3,0,19541,19661,C
6-NA,1189,19721,2,18,2,19743,A
6-NA,1190,0,19660,3,11,19674,T
6-NA,1191,19796,1,17,1,19815,A
6-NA,1192,4,2,19868,1,19875,G
6-NA,1193,3,19818,1,14,19836,T
6-NA,1194,0,18859,1,22,18882,T
6-NA,1195,4,57,18439,0,18500,G
6-NA,1196,18354,4,21,0,18379,A
6-NA,1197,1,3,0,18363,18367,C
6-NA,1198,18098,2,16,1,18117,A
6-NA,1199,3,26,18308,0,18337,G
6-NA,1200,17881,19,22,0,17922,A
6-NA,1201,6,14,17924,1,17945,G
6-NA,1202,17620,2,35,0,17657,A
6-NA,1203,2,18765,0,6,18773,T
6-NA,1204,18795,0,13,1,18809,A
6-NA,1205,18760,0,21,1,18782,A
6-NA,1206,1,18765,0,5,18771,T
6-NA,1207,18552,0,34,2,18588,A
6-NA,1208,3,20,18060,1,18084,G
6-NA,1209,1,4,17445,0,17450,G
6-NA,1210,0,15825,1,19,15845,T
6-NA,1211,65,1,1,15756,15823,C
6-NA,1212,22,17,0,15393,15432,C
6-NA,1213,25,23,15427,0,15475,G
6-NA,1214,7,0,15520,0,15527,G
6-NA,1215,1,15474,2,14,15491,T
6-NA,1216,0,15456,0,6,15462,T
6-NA,1217,15292,0,3,0,15295,A
6-NA,1218,1,15032,2,6,15041,T
6-NA,1219,0,15013,5,11,15029,T
6-NA,1220,29,1,0,15022,15052,C
6-NA,1221,4,14231,1,27,14263,T
6-NA,1222,6,12,14298,0,14316,G
6-NA,1223,9,2,14350,0,14361,G
6-NA,1224,3,14290,1,7,14301,T
6-NA,1225,14323,1,2,0,14326,A
6-NA,1226,0,14092,2,20,14114,T
6-NA,1227,0,14113,2,20,14135,T
6-NA,1228,2,14051,0,58,14111,T
6-NA,1229,2,14250,1,5,14258,T
6-NA,1230,14,2,0,14255,14271,C
6-NA,1231,2,13988,1,27,14018,T
6-NA,1232,23,1,0,14634,14658,C
6-NA,1233,1,14580,0,28,14609,T
6-NA,1234,1,3,14984,0,14988,G
6-NA,1235,2,14931,2,14,14949,T
6-NA,1236,2,14847,2,5,14856,T
6-NA,1237,5,18,14849,0,14872,G
6-NA,1238,14697,1,8,0,14706,A
6-NA,1239,14690,4,28,1,14723,A
6-NA,1240,0,18,14852,0,14870,G
6-NA,1241,2,1,14813,0,14816,G
6-NA,1242,5,6,1,14783,14795,C
6-NA,1243,14519,0,11,0,14530,A
6-NA,1244,14539,0,24,0,14563,A
6-NA,1245,14612,0,10,2,14624,A
6-NA,1246,14660,2,20,0,14682,A
6-NA,1247,0,2,14689,0,14691,G
6-NA,1248,7,4,1,14670,14682,C
6-NA,1249,0,14441,0,14,14455,T
6-NA,1250,4,5,14640,1,14650,G
6-NA,1251,1,3,0,14624,14628,C
6-NA,1252,14675,0,15,0,14690,A
6-NA,1253,3,14548,2,70,14623,T
6-NA,1254,14,0,0,14550,14564,C
6-NA,1255,14548,0,6,1,14555,A
6-NA,1256,14551,1,2,0,14554,A
6-NA,1257,2,14492,1,7,14502,T
6-NA,1258,29,6,0,14504,14539,C
6-NA,1259,2,16,14321,1,14340,G
6-NA,1260,3,0,14615,0,14618,G
6-NA,1261,2,14552,1,10,14565,T
6-NA,1262,4,0,14639,0,14643,G
6-NA,1263,1,4,1,14713,14719,C
6-NA,1264,3,14617,0,29,14649,T
6-NA,1265,1,14814,1,9,14825,T
6-NA,1266,1,14836,1,8,14846,T
6-NA,1267,0,14890,0,1,14891,T
6-NA,1268,14988,0,3,0,14991,A
6-NA,1269,2,14368,0,18,14388,T
6-NA,1270,3,2,14415,1,14421,G
6-NA,1271,1,14222,0,10,14233,T
6-NA,1272,4,11,14173,0,14188,G
6-NA,1273,0,19,14396,0,14415,G
6-NA,1274,14121,0,16,0,14137,A
6-NA,1275,1544,1,12786,0,14331,G
6-NA,1276,2,14291,1,13,14307,T
6-NA,1277,1,14212,1,18,14232,T
6-NA,1278,2,20,14366,0,14388,G
6-NA,1279,14335,0,12,0,14347,A
6-NA,1280,2,14326,0,2,14330,T
6-NA,1281,14092,1,8,1,14102,A
6-NA,1282,13518,3,24,0,13545,A
6-NA,1283,1,35,13643,0,13679,G
6-NA,1284,2,35,13451,0,13488,G
6-NA,1285,10,13,13370,0,13393,G
6-NA,1286,5,14,13369,0,13388,G
6-NA,1287,13199,1,10,0,13210,A
6-NA,1288,13150,1,23,1,13175,A
6-NA,1289,3,19,13283,2,13307,G
6-NA,1290,13277,1,6,1,13285,A
6-NA,1291,13272,1,11,0,13284,A
6-NA,1292,13116,0,4,0,13120,A
6-NA,1293,12848,0,36,1,12885,A
6-NA,1294,2,15,12920,2,12939,G
6-NA,1295,12756,1,34,0,12791,A
6-NA,1296,409,7,12372,0,12788,G
6-NA,1297,0,22,12779,0,12801,G
6-NA,1298,12623,1,11,2,12637,A
6-NA,1299,12612,1,16,0,12629,A
6-NA,1300,12652,2,9,0,12663,A
6-NA,1301,0,4,0,12763,12767,C
6-NA,1302,0,12650,0,8,12658,T
6-NA,1303,3,15,12679,0,12697,G
6-NA,1304,12622,2,11,1,12636,A
6-NA,1305,12611,1,20,0,12632,A
6-NA,1306,0,0,12750,0,12750,G
6-NA,1307,0,12586,1,19,12606,T
6-NA,1308,43,0,1,12766,12810,C
6-NA,1309,4,12720,0,16,12740,T
6-NA,1310,1,12642,0,10,12653,T
6-NA,1311,2,1,12677,0,12680,G
6-NA,1312,2,12582,1,46,12631,T
6-NA,1313,1,23,12583,0,12607,G
6-NA,1314,2,34,12562,0,12598,G
6-NA,1315,12398,1,17,0,12416,A
6-NA,1316,1,2,0,12522,12525,C
6-NA,1317,19,3,0,12176,12198,C
6-NA,1318,0,12148,2,19,12169,T
6-NA,1319,21,4,0,12180,12205,C
6-NA,1320,12287,0,8,0,12295,A
6-NA,1321,12287,0,3,1,12291,A
6-NA,1322,12269,1,12,1,12283,A
6-NA,1323,1,5,0,12462,12468,C
6-NA,1324,12085,0,11,0,12096,A
6-NA,1325,0,0,12359,0,12359,G
6-NA,1326,0,12151,0,9,12160,T
6-NA,1327,12161,0,5,0,12166,A
6-NA,1328,0,12167,0,6,12173,T
6-NA,1329,1,11913,1,2,11917,T
6-NA,1330,2,1,12062,0,12065,G
6-NA,1331,1,11990,0,19,12010,T
6-NA,1332,0,11421,0,12,11433,T
6-NA,1333,3,1,11460,0,11464,G
6-NA,1334,1,10717,0,13,10731,T
6-NA,1335,3,3,10795,0,10801,G
6-NA,1336,0,10723,1,16,10740,T
6-NA,1337,1,10591,1,11,10604,T
6-NA,1338,0,10613,0,7,10620,T
6-NA,1339,1,10318,1,6,10326,T
6-NA,1340,1,1,10346,0,10348,G
6-NA,1341,1,10328,1,10,10340,T
6-NA,1342,6,16,10261,1,10284,G
6-NA,1343,1,2,10252,0,10255,G
6-NA,1344,3,4,0,10116,10123,C
6-NA,1345,10085,0,7,1,10093,A
6-NA,1346,1,4,0,10228,10233,C
6-NA,1347,7,0,0,10181,10188,C
6-NA,1348,2,10172,2,8,10184,T
6-NA,1349,21,1,0,10208,10230,C
6-NA,1350,10229,1,9,0,10239,A
6-NA,1351,2,15,10340,0,10357,G
6-NA,1352,0,5,10376,0,10381,G
6-NA,1353,0,10308,1,3,10312,T
6-NA,1354,10266,0,7,0,10273,A
6-NA,1355,2,37,0,9717,9756,C
6-NA,1356,9754,1,9,0,9764,A
6-NA,1357,1,9747,1,2,9751,T
6-NA,1358,9490,0,2,0,9492,A
6-NA,1359,0,9437,0,8,9445,T
6-NA,1360,3,11,8778,0,8792,G
6-NA,1361,1,17,8832,0,8850,G
6-NA,1362,8795,0,5,0,8800,A
6-NA,1363,8713,2,9,0,8724,A
6-NA,1364,0,0,0,8621,8621,C
6-NA,1365,7230,0,15,0,7245,A
6-NA,1366,0,2,7259,0,7261,G
6-NA,1367,1,0,7244,0,7245,G
6-NA,1368,2,4,0,7239,7245,C
6-NA,1369,1,7200,0,13,7214,T
6-NA,1370,24,1,0,6859,6884,C
6-NA,1371,6841,0,5,0,6846,A
6-NA,1372,0,6855,0,6,6861,T
6-NA,1373,4,5,6856,1,6866,G
6-NA,1374,0,2,6873,1,6876,G
6-NA,1375,0,1,0,6619,6620,C
6-NA,1376,6,1,0,6571,6578,C
6-NA,1377,1,6211,3,4,6219,T
6-NA,1378,4,6,6221,0,6231,G
6-NA,1379,6207,0,4,0,6211,A
6-NA,1380,0,6211,1,2,6214,T
6-NA,1381,2,11,6100,0,6113,G
6-NA,1382,0,9,5989,0,5998,G
6-NA,1383,1,5,5677,0,5683,G
6-NA,1384,1,0,5688,0,5689,G
6-NA,1385,2,1,0,5551,5554,C
6-NA,1386,7,7,5550,0,5564,G
6-NA,1387,0,6,5509,1,5516,G
6-NA,1388,5447,0,12,0,5459,A
6-NA,1389,0,1,0,5428,5429,C
6-NA,1390,5429,1,2,0,5432,A
6-NA,1391,0,5340,0,12,5352,T
6-NA,1392,8,0,0,5264,5272,C
6-NA,1393,5246,0,3,0,5249,A
6-NA,1394,5233,0,2,0,5235,A
6-NA,1395,0,5197,0,5,5202,T
6-NA,1396,6,0,0,5099,5105,C
6-NA,1397,0,4936,0,5,4941,T
6-NA,1398,18,0,0,4250,4268,C
6-NA,1399,4252,0,2,1,4255,A
6-NA,1400,0,4223,0,0,4223,T
6-NA,1401,2,0,4228,0,4230,G
6-NA,1402,2,0,0,4192,4194,C
6-NA,1403,7,1,1,4045,4054,C
6-NA,1404,1,3685,0,1,3687,T
6-NA,1405,3650,0,5,0,3655,A
6-NA,1406,0,3652,1,1,3654,T
6-NA,1407,3621,0,1,0,3622,A
6-NA,1408,0,3610,1,0,3611,T
6-NA,1409,3344,0,0,0,3344,A
6-NA,1410,3198,0,0,0,3198,A
7-M,1,55,0,0,0,55,A
7-M,2,0,58,0,0,58,T
7-M,3,0,0,60,0,60,G
7-M,4,59,0,0,0,59,A
7-M,5,0,0,60,0,60,G
7-M,6,0,0,0,63,63,C
7-M,7,0,0,0,65,65,C
7-M,8,0,88,0,0,88,T
7-M,9,0,88,0,0,88,T
7-M,10,0,0,0,88,88,C
7-M,11,0,88,0,0,88,T
7-M,12,90,0,0,0,90,A
7-M,13,90,0,0,0,90,A
7-M,14,0,0,0,90,90,C
7-M,15,0,0,0,90,90,C
7-M,16,0,1,90,0,91,G
7-M,17,91,0,0,0,91,A
7-M,18,0,1,92,0,93,G
7-M,19,0,0,96,0,96,G
7-M,20,0,96,0,0,96,T
7-M,21,0,0,0,96,96,C
7-M,22,0,1,95,0,96,G
7-M,23,97,0,0,0,97,A
7-M,24,97,0,0,0,97,A
7-M,25,97,0,0,0,97,A
7-M,26,0,0,0,109,109,C
7-M,27,0,0,111,0,111,G
7-M,28,0,110,0,0,110,T
7-M,29,113,0,0,0,113,A
7-M,30,0,113,0,0,113,T
7-M,31,0,0,114,0,114,G
7-M,32,0,115,0,0,115,T
7-M,33,0,127,0,0,127,T
7-M,34,0,0,0,131,131,C
7-M,35,0,130,0,0,130,T
7-M,36,1,0,0,143,144,C
7-M,37,0,143,0,0,143,T
7-M,38,0,0,0,153,153,C
7-M,39,0,152,0,0,152,T
7-M,40,155,0,0,0,155,A
7-M,41,0,155,0,0,155,T
7-M,42,0,1,0,155,156,C
7-M,43,0,0,157,0,157,G
7-M,44,0,154,0,1,155,T
7-M,45,0,154,0,0,154,T
7-M,46,3,0,0,155,158,C
7-M,47,0,0,0,157,157,C
7-M,48,160,0,0,0,160,A
7-M,49,0,160,0,0,160,T
7-M,50,1,0,0,158,159,C
7-M,51,160,0,0,0,160,A
7-M,52,0,1,159,0,160,G
7-M,53,0,0,160,0,160,G
7-M,54,0,0,0,162,162,C
7-M,55,1,0,0,161,162,C
7-M,56,1,0,0,161,162,C
7-M,57,0,0,0,171,171,C
7-M,58,1,0,0,172,173,C
7-M,59,0,173,0,1,174,T
7-M,60,2,0,0,171,173,C
7-M,61,174,0,0,0,174,A
7-M,62,173,0,1,0,174,A
7-M,63,177,0,0,0,177,A
7-M,64,0,0,179,0,179,G
7-M,65,0,0,0,180,180,C
7-M,66,0,0,0,176,176,C
7-M,67,0,1,177,0,178,G
7-M,68,179,0,0,0,179,A
7-M,69,0,0,182,0,182,G
7-M,70,184,0,0,0,184,A
7-M,71,0,185,0,0,185,T
7-M,72,0,0,0,183,183,C
7-M,73,0,0,183,0,183,G
7-M,74,0,0,0,185,185,C
7-M,75,0,0,185,0,185,G
7-M,76,0,0,0,185,185,C
7-M,77,185,0,0,0,185,A
7-M,78,0,0,185,1,186,G
7-M,79,185,0,0,0,185,A
7-M,80,0,0,206,0,206,G
7-M,81,204,0,0,0,204,A
7-M,82,0,0,0,206,206,C
7-M,83,0,204,0,0,204,T
7-M,84,0,205,0,0,205,T
7-M,85,0,0,205,0,205,G
7-M,86,205,0,0,0,205,A
7-M,87,205,0,0,0,205,A
7-M,88,0,1,203,0,204,G
7-M,89,202,0,0,0,202,A
7-M,90,0,205,0,0,205,T
7-M,91,0,0,206,0,206,G
7-M,92,0,200,6,0,206,T
7-M,93,0,0,0,206,206,C
7-M,94,0,206,0,0,206,T
7-M,95,0,206,0,0,206,T
7-M,96,0,206,0,1,207,T
7-M,97,0,0,206,0,206,G
7-M,98,0,0,0,203,203,C
7-M,99,0,203,0,0,203,T
7-M,100,0,0,202,0,202,G
7-M,101,0,1,200,0,201,G
7-M,102,197,0,2,0,199,A
7-M,103,204,0,1,0,205,A
7-M,104,204,0,1,0,205,A
7-M,105,206,0,0,0,206,A
7-M,106,208,0,0,0,208,A
7-M,107,210,0,0,0,210,A
7-M,108,0,0,0,211,211,C
7-M,109,209,0,0,0,209,A
7-M,110,0,0,0,210,210,C
7-M,111,208,0,0,0,208,A
7-M,112,0,0,212,0,212,G
7-M,113,213,0,0,0,213,A
7-M,114,0,214,1,0,215,T
7-M,115,0,0,0,216,216,C
7-M,116,0,216,0,0,216,T
7-M,117,0,214,0,0,214,T
7-M,118,0,0,215,0,215,G
7-M,119,212,0,0,0,212,A
7-M,120,0,0,215,0,215,G
7-M,121,0,0,212,0,212,G
7-M,122,0,0,0,210,210,C
7-M,123,0,207,0,0,207,T
7-M,124,0,0,0,232,232,C
7-M,125,0,231,0,0,231,T
7-M,126,2,0,0,229,231,C
7-M,127,232,0,0,0,232,A
7-M,128,0,232,0,0,232,T
7-M,129,0,0,233,0,233,G
7-M,130,0,1,233,0,234,G
7-M,131,233,0,0,0,233,A
7-M,132,231,0,1,0,232,A
7-M,133,0,219,0,0,219,T
7-M,134,0,0,224,0,224,G
7-M,135,0,0,237,0,237,G
7-M,136,0,0,0,239,239,C
7-M,137,0,238,0,0,238,T
7-M,138,238,0,0,0,238,A
7-M,139,237,0,0,0,237,A
7-M,140,240,0,1,0,241,A
7-M,141,0,0,242,0,242,G
7-M,142,239,0,1,0,240,A
7-M,143,0,0,0,239,239,C
7-M,144,222,0,0,0,222,A
7-M,145,223,0,1,0,224,A
7-M,146,0,1,227,0,228,G
7-M,147,227,0,0,0,227,A
7-M,148,0,0,0,230,230,C
7-M,149,1,1,0,228,230,C
7-M,150,229,0,0,0,229,A
7-M,151,235,0,0,0,235,A
7-M,152,0,235,0,0,235,T
7-M,153,0,237,0,1,238,T
7-M,154,1,0,0,242,243,C
7-M,155,0,242,0,0,242,T
7-M,156,0,1,241,0,242,G
7-M,157,0,243,0,0,243,T
7-M,158,1,0,0,241,242,C
7-M,159,239,0,1,0,240,A
7-M,160,0,0,0,249,249,C
7-M,161,0,0,0,249,249,C
7-M,162,0,244,0,0,244,T
7-M,163,0,0,0,245,245,C
7-M,164,0,243,0,0,243,T
7-M,165,0,2,251,0,253,G
7-M,166,253,0,1,0,254,A
7-M,167,0,0,0,255,255,C
7-M,168,0,255,0,0,255,T
7-M,169,251,0,0,0,251,A
7-M,170,252,0,0,0,252,A
7-M,171,249,0,0,0,249,A
7-M,172,0,0,251,0,251,G
7-M,173,0,0,252,0,252,G
7-M,174,0,0,253,0,253,G
7-M,175,258,0,0,0,258,A
7-M,176,0,258,0,0,258,T
7-M,177,0,258,0,0,258,T
7-M,178,0,256,0,0,256,T
7-M,179,0,257,0,0,257,T
7-M,180,0,0,255,0,255,G
7-M,181,0,3,256,0,259,G
7-M,182,0,2,253,0,255,G
7-M,183,0,0,258,0,258,G
7-M,184,0,254,0,0,254,T
7-M,185,0,258,0,0,258,T
7-M,186,0,257,0,1,258,T
7-M,187,0,0,262,0,262,G
7-M,188,0,261,0,0,261,T
7-M,189,1,0,262,0,263,G
7-M,190,0,262,0,1,263,T
7-M,191,0,263,0,0,263,T
7-M,192,3,0,0,264,267,C
7-M,193,268,0,0,0,268,A
7-M,194,0,0,0,271,271,C
7-M,195,0,0,268,0,268,G
7-M,196,0,0,0,273,273,C
7-M,197,0,264,0,0,264,T
7-M,198,0,0,0,277,277,C
7-M,199,277,0,0,0,277,A
7-M,200,0,0,0,277,277,C
7-M,201,0,0,0,277,277,C
7-M,202,1,1,276,0,278,G
7-M,203,0,275,0,0,275,T
7-M,204,1,0,275,0,276,G
7-M,205,0,0,0,277,277,C
7-M,206,0,0,0,279,279,C
7-M,207,0,0,0,276,276,C
7-M,208,269,0,0,0,269,A
7-M,209,0,0,270,0,270,G
7-M,210,0,264,0,0,264,T
7-M,211,0,3,263,0,266,G
7-M,212,267,0,0,0,267,A
7-M,213,0,0,268,0,268,G
7-M,214,0,0,0,269,269,C
7-M,215,0,0,270,0,270,G
7-M,216,265,0,2,0,267,A
7-M,217,0,0,273,0,273,G
7-M,218,0,1,272,0,273,G
7-M,219,271,0,0,0,271,A
7-M,220,0,0,0,278,278,C
7-M,221,0,272,0,1,273,T
7-M,222,0,0,276,0,276,G
7-M,223,0,0,0,277,277,C
7-M,224,275,0,0,0,275,A
7-M,225,0,0,282,0,282,G
7-M,226,0,0,0,284,284,C
7-M,227,0,0,285,0,285,G
7-M,228,0,285,0,0,285,T
7-M,229,283,0,0,0,283,A
7-M,230,0,1,280,0,281,G
7-M,231,278,1,0,0,279,A
7-M,232,0,0,0,281,281,C
7-M,233,0,0,278,0,278,G
7-M,234,0,0,0,275,275,C
7-M,235,1,266,0,0,267,T
7-M,236,0,268,0,0,268,T
7-M,237,0,267,0,0,267,T
7-M,238,0,0,276,0,276,G
7-M,239,0,277,0,0,277,T
7-M,240,2,0,0,274,276,C
7-M,241,3,0,0,275,278,C
7-M,242,278,0,0,0,278,A
7-M,243,276,0,0,0,276,A
7-M,244,276,0,0,0,276,A
7-M,245,277,0,0,0,277,A
7-M,246,0,276,0,0,276,T
7-M,247,0,0,268,0,268,G
7-M,248,0,0,0,264,264,C
7-M,249,0,0,0,264,264,C
7-M,250,3,0,0,266,269,C
7-M,251,0,268,0,1,269,T
7-M,252,0,0,0,280,280,C
7-M,253,280,0,0,0,280,A
7-M,254,284,0,0,0,284,A
7-M,255,0,295,0,0,295,T
7-M,256,0,1,292,0,293,G
7-M,257,0,0,293,0,293,G
7-M,258,0,280,1,0,281,T
7-M,259,298,1,0,0,299,A
7-M,260,299,0,0,0,299,A
7-M,261,0,303,0,0,303,T
7-M,262,0,0,303,0,303,G
7-M,263,0,0,302,0,302,G
7-M,264,289,0,2,0,291,A
7-M,265,0,0,293,0,293,G
7-M,266,285,0,0,0,285,A
7-M,267,0,1,0,282,283,C
7-M,268,0,0,0,298,298,C
7-M,269,0,0,0,304,304,C
7-M,270,307,0,0,0,307,A
7-M,271,306,0,0,0,306,A
7-M,272,305,1,1,0,307,A
7-M,273,0,308,0,0,308,T
7-M,274,310,0,0,0,310,A
7-M,275,310,0,0,0,310,A
7-M,276,1,0,0,300,301,C
7-M,277,301,0,0,0,301,A
7-M,278,0,298,0,0,298,T
7-M,279,0,1,303,0,304,G
7-M,280,0,1,305,0,306,G
7-M,281,306,0,0,0,306,A
7-M,282,0,1,0,306,307,C
7-M,283,299,0,0,0,299,A
7-M,284,294,0,5,0,299,A
7-M,285,298,0,1,0,299,A
7-M,286,0,0,301,0,301,G
7-M,287,0,0,0,306,306,C
7-M,288,302,0,0,0,302,A
7-M,289,0,0,306,0,306,G
7-M,290,0,303,0,2,305,T
7-M,291,0,305,0,0,305,T
7-M,292,309,0,0,1,310,A
7-M,293,308,0,0,0,308,A
7-M,294,309,0,0,0,309,A
7-M,295,0,0,0,317,317,C
7-M,296,0,304,0,0,304,T
7-M,297,0,0,347,0,347,G
7-M,298,0,343,0,0,343,T
7-M,299,345,0,0,0,345,A
7-M,300,0,344,0,0,344,T
7-M,301,343,0,0,0,343,A
7-M,302,0,0,345,0,345,G
7-M,303,0,0,343,0,343,G
7-M,304,341,0,0,0,341,A
7-M,305,341,0,0,0,341,A
7-M,306,314,0,0,1,315,A
7-M,307,1,0,0,316,317,C
7-M,308,0,319,0,0,319,T
7-M,309,0,319,0,0,319,T
7-M,310,319,0,0,0,319,A
7-M,311,318,0,0,0,318,A
7-M,312,0,1,320,0,321,G
7-M,313,315,0,0,0,315,A
7-M,314,0,1,317,0,318,G
7-M,315,0,1,311,0,312,G
7-M,316,0,0,312,0,312,G
7-M,317,308,0,1,0,309,A
7-M,318,0,1,313,0,314,G
7-M,319,315,0,0,0,315,A
7-M,320,0,317,0,0,317,T
7-M,321,313,0,0,0,313,A
7-M,322,316,0,1,0,317,A
7-M,323,0,0,0,323,323,C
7-M,324,1,0,324,0,325,G
7-M,325,0,325,0,2,327,T
7-M,326,0,325,0,0,325,T
7-M,327,0,1,0,329,330,C
7-M,328,1,0,0,329,330,C
7-M,329,328,0,0,0,328,A
7-M,330,0,328,0,0,328,T
7-M,331,0,0,325,0,325,G
7-M,332,0,1,327,0,328,G
7-M,333,1,1,326,0,328,G
7-M,334,0,0,329,0,329,G
7-M,335,0,0,0,328,328,C
7-M,336,1,0,0,329,330,C
7-M,337,330,0,1,0,331,A
7-M,338,334,0,0,0,334,A
7-M,339,331,0,2,0,333,A
7-M,340,0,1,336,0,337,G
7-M,341,336,0,0,0,336,A
7-M,342,332,0,0,0,332,A
7-M,343,329,0,1,0,330,A
7-M,344,1,331,0,0,332,T
7-M,345,328,0,1,0,329,A
7-M,346,0,0,331,0,331,G
7-M,347,0,0,0,332,332,C
7-M,348,0,332,0,0,332,T
7-M,349,2,1,0,325,328,C
7-M,350,0,324,0,0,324,T
7-M,351,0,0,0,343,343,C
7-M,352,342,0,0,0,342,A
7-M,353,0,0,342,0,342,G
7-M,354,0,336,0,1,337,T
7-M,355,0,342,0,0,342,T
7-M,356,343,0,0,0,343,A
7-M,357,0,342,0,1,343,T
7-M,358,0,338,0,0,338,T
7-M,359,2,0,0,341,343,C
7-M,360,12,315,0,0,327,T
7-M,361,0,0,331,0,331,G
7-M,362,0,0,0,337,337,C
7-M,363,0,335,0,0,335,T
7-M,364,0,0,334,0,334,G
7-M,365,0,0,334,0,334,G
7-M,366,0,336,0,0,336,T
7-M,367,0,0,336,0,336,G
7-M,368,0,0,0,335,335,C
7-M,369,335,0,0,0,335,A
7-M,370,0,0,0,340,340,C
7-M,371,0,334,0,0,334,T
7-M,372,0,339,0,0,339,T
7-M,373,0,0,339,0,339,G
7-M,374,0,0,0,339,339,C
7-M,375,0,0,0,340,340,C
7-M,376,336,0,0,0,336,A
7-M,377,0,0,338,0,338,G
7-M,378,0,338,0,0,338,T
7-M,379,0,333,0,0,333,T
7-M,380,0,0,337,0,337,G
7-M,381,1,0,0,332,333,C
7-M,382,330,0,0,0,330,A
7-M,383,0,329,0,0,329,T
7-M,384,0,0,332,0,332,G
7-M,385,0,1,330,0,331,G
7-M,386,0,0,329,0,329,G
7-M,387,0,0,0,335,335,C
7-M,388,1,0,0,341,342,C
7-M,389,0,343,0,0,343,T
7-M,390,0,0,0,351,351,C
7-M,391,369,0,1,0,370,A
7-M,392,0,371,0,0,371,T
7-M,393,378,0,0,0,378,A
7-M,394,0,371,0,0,371,T
7-M,395,364,0,0,0,364,A
7-M,396,0,0,0,388,388,C
7-M,397,371,0,0,0,371,A
7-M,398,372,0,0,0,372,A
7-M,399,0,365,0,1,366,T
7-M,400,355,0,0,0,355,A
7-M,401,0,0,363,0,363,G
7-M,402,0,2,353,0,355,G
7-M,403,351,0,0,0,351,A
7-M,404,0,352,0,0,352,T
7-M,405,0,0,332,0,332,G
7-M,406,0,1,332,0,333,G
7-M,407,0,1,331,0,332,G
7-M,408,0,0,340,0,340,G
7-M,409,0,0,340,0,340,G
7-M,410,0,0,0,337,337,C
7-M,411,0,329,0,0,329,T
7-M,412,0,0,336,0,336,G
7-M,413,0,334,0,0,334,T
7-M,414,338,0,1,0,339,A
7-M,415,338,0,0,0,338,A
7-M,416,0,0,0,344,344,C
7-M,417,2,0,0,338,340,C
7-M,418,334,0,3,0,337,A
7-M,419,0,0,0,338,338,C
7-M,420,0,339,0,0,339,T
7-M,421,0,1,342,0,343,G
7-M,422,340,0,1,0,341,A
7-M,423,343,0,0,0,343,A
7-M,424,0,0,343,0,343,G
7-M,425,0,341,0,0,341,T
7-M,426,0,0,341,0,341,G
7-M,427,0,0,343,0,343,G
7-M,428,0,0,0,343,343,C
7-M,429,343,0,0,0,343,A
7-M,430,0,341,0,0,341,T
7-M,431,0,340,0,0,340,T
7-M,432,0,339,0,0,339,T
7-M,433,0,0,345,0,345,G
7-M,434,0,0,346,0,346,G
7-M,435,0,0,0,347,347,C
7-M,436,0,0,0,345,345,C
7-M,437,0,340,0,0,340,T
7-M,438,4,0,355,0,359,G
7-M,439,0,0,360,0,360,G
7-M,440,0,361,0,0,361,T
7-M,441,362,0,0,0,362,A
7-M,442,0,349,0,0,349,T
7-M,443,0,0,354,0,354,G
7-M,444,0,358,0,0,358,T
7-M,445,0,0,358,0,358,G
7-M,446,0,0,0,359,359,C
7-M,447,343,0,0,0,343,A
7-M,448,342,0,0,0,342,A
7-M,449,0,0,0,349,349,C
7-M,450,348,0,0,0,348,A
7-M,451,0,346,0,0,346,T
7-M,452,0,0,345,0,345,G
7-M,453,0,334,0,0,334,T
7-M,454,0,0,333,0,333,G
7-M,455,330,0,2,0,332,A
7-M,456,0,0,333,0,333,G
7-M,457,1,0,0,331,332,C
7-M,458,325,0,0,0,325,A
7-M,459,0,1,326,0,327,G
7-M,460,326,0,1,0,327,A
7-M,461,0,324,0,0,324,T
7-M,462,0,324,0,0,324,T
7-M,463,0,0,326,0,326,G
7-M,464,0,0,0,325,325,C
7-M,465,0,325,0,0,325,T
7-M,466,0,3,323,0,326,G
7-M,467,324,0,0,0,324,A
7-M,468,0,0,0,341,341,C
7-M,469,0,339,0,0,339,T
7-M,470,1,0,0,339,340,C
7-M,471,2,0,0,336,338,C
7-M,472,0,0,0,340,340,C
7-M,473,341,0,0,0,341,A
7-M,474,0,0,339,0,339,G
7-M,475,0,0,0,338,338,C
7-M,476,340,0,0,0,340,A
7-M,477,0,0,0,338,338,C
7-M,478,314,0,0,0,314,A
7-M,479,0,0,321,0,321,G
7-M,480,0,0,320,0,320,G
7-M,481,0,317,0,0,317,T
7-M,482,2,0,0,328,330,C
7-M,483,0,323,0,0,323,T
7-M,484,1,0,0,326,327,C
7-M,485,325,0,0,0,325,A
7-M,486,0,328,0,0,328,T
7-M,487,327,0,0,0,327,A
7-M,488,0,1,322,0,323,G
7-M,489,0,0,322,0,322,G
7-M,490,0,0,0,323,323,C
7-M,491,303,0,0,0,303,A
7-M,492,0,0,299,0,299,G
7-M,493,302,0,0,0,302,A
7-M,494,0,303,0,0,303,T
7-M,495,0,1,300,0,301,G
7-M,496,0,0,301,0,301,G
7-M,497,0,299,0,0,299,T
7-M,498,0,0,302,0,302,G
7-M,499,0,0,301,0,301,G
7-M,500,0,0,0,303,303,C
7-M,501,301,0,0,0,301,A
7-M,502,301,0,0,0,301,A
7-M,503,0,0,0,302,302,C
7-M,504,298,0,1,0,299,A
7-M,505,300,0,0,0,300,A
7-M,506,0,1,0,296,297,C
7-M,507,2,0,0,293,295,C
7-M,508,292,0,0,0,292,A
7-M,509,293,0,0,0,293,A
7-M,510,0,292,0,2,294,T
7-M,511,2,0,0,295,297,C
7-M,512,1,0,0,293,294,C
7-M,513,289,0,0,0,289,A
7-M,514,0,287,0,0,287,T
7-M,515,0,288,0,0,288,T
7-M,516,290,0,0,0,290,A
7-M,517,288,0,0,0,288,A
7-M,518,0,289,0,0,289,T
7-M,519,286,0,0,0,286,A
7-M,520,284,0,0,0,284,A
7-M,521,281,0,0,0,281,A
7-M,522,282,0,0,0,282,A
7-M,523,0,0,0,287,287,C
7-M,524,287,0,0,0,287,A
7-M,525,0,289,0,0,289,T
7-M,526,0,2,286,0,288,G
7-M,527,284,0,0,0,284,A
7-M,528,0,0,289,0,289,G
7-M,529,286,0,0,0,286,A
7-M,530,286,0,1,0,287,A
7-M,531,0,0,0,286,286,C
7-M,532,274,0,1,0,275,A
7-M,533,0,1,277,0,278,G
7-M,534,275,0,0,0,275,A
7-M,535,278,0,0,0,278,A
7-M,536,0,270,0,4,274,T
7-M,537,0,0,273,0,273,G
7-M,538,0,0,276,0,276,G
7-M,539,0,276,0,0,276,T
7-M,540,0,260,0,1,261,T
7-M,541,0,264,0,0,264,T
7-M,542,0,267,0,0,267,T
7-M,543,0,0,272,0,272,G
7-M,544,0,0,270,0,270,G
7-M,545,0,0,0,269,269,C
7-M,546,1,0,0,269,270,C
7-M,547,260,0,0,0,260,A
7-M,548,0,0,269,0,269,G
7-M,549,0,1,0,267,268,C
7-M,550,270,0,0,0,270,A
7-M,551,0,0,0,276,276,C
7-M,552,0,273,0,1,274,T
7-M,553,275,0,0,0,275,A
7-M,554,0,0,0,277,277,C
7-M,555,282,0,0,0,282,A
7-M,556,0,0,288,0,288,G
7-M,557,0,0,0,276,276,C
7-M,558,0,272,0,0,272,T
7-M,559,269,0,0,0,269,A
7-M,560,267,0,2,0,269,A
7-M,561,1,0,269,0,270,G
7-M,562,0,0,270,0,270,G
7-M,563,0,0,0,275,275,C
7-M,564,0,253,0,0,253,T
7-M,565,254,0,0,0,254,A
7-M,566,0,254,0,0,254,T
7-M,567,0,0,257,0,257,G
7-M,568,0,1,255,0,256,G
7-M,569,248,0,0,0,248,A
7-M,570,0,0,248,0,248,G
7-M,571,0,0,1,243,244,C
7-M,572,240,0,0,0,240,A
7-M,573,239,0,1,0,240,A
7-M,574,235,0,1,0,236,A
7-M,575,0,239,0,0,239,T
7-M,576,1,1,236,0,238,G
7-M,577,0,0,236,1,237,G
7-M,578,0,0,0,239,239,C
7-M,579,0,233,0,1,234,T
7-M,580,0,0,232,0,232,G
7-M,581,0,0,238,0,238,G
7-M,582,240,0,1,0,241,A
7-M,583,0,232,0,1,233,T
7-M,584,1,0,0,230,231,C
7-M,585,229,0,0,0,229,A
7-M,586,242,0,0,0,242,A
7-M,587,0,0,244,0,244,G
7-M,588,0,243,0,0,243,T
7-M,589,0,0,243,0,243,G
7-M,590,238,0,0,0,238,A
7-M,591,235,0,0,0,235,A
7-M,592,0,0,0,237,237,C
7-M,593,237,0,0,0,237,A
7-M,594,0,0,239,0,239,G
7-M,595,0,0,238,0,238,G
7-M,596,0,0,0,240,240,C
7-M,597,235,0,0,0,235,A
7-M,598,1,0,241,0,242,G
7-M,599,0,0,0,242,242,C
7-M,600,0,0,240,0,240,G
7-M,601,0,0,241,0,241,G
7-M,602,240,0,0,0,240,A
7-M,603,0,0,243,0,243,G
7-M,604,0,0,245,0,245,G
7-M,605,1,0,0,244,245,C
7-M,606,0,0,0,245,245,C
7-M,607,241,0,0,0,241,A
7-M,608,0,243,0,0,243,T
7-M,609,0,1,245,0,246,G
7-M,610,0,1,244,0,245,G
7-M,611,239,0,0,0,239,A
7-M,612,0,0,243,0,243,G
7-M,613,237,0,1,0,238,A
7-M,614,0,243,0,0,243,T
7-M,615,0,244,0,0,244,T
7-M,616,0,0,246,0,246,G
7-M,617,0,0,1,244,245,C
7-M,618,0,245,0,0,245,T
7-M,619,248,0,0,0,248,A
7-M,620,0,0,249,0,249,G
7-M,621,0,242,0,0,242,T
7-M,622,0,0,0,245,245,C
7-M,623,242,0,0,0,242,A
7-M,624,0,1,248,0,249,G
7-M,625,0,1,243,0,244,G
7-M,626,0,0,0,248,248,C
7-M,627,0,0,0,248,248,C
7-M,628,249,0,0,0,249,A
7-M,629,0,0,252,0,252,G
7-M,630,0,0,251,0,251,G
7-M,631,0,0,0,253,253,C
7-M,632,251,0,1,0,252,A
7-M,633,0,1,250,0,251,G
7-M,634,248,0,0,0,248,A
7-M,635,0,245,0,0,245,T
7-M,636,0,1,248,0,249,G
7-M,637,0,0,260,0,260,G
7-M,638,0,254,0,0,254,T
7-M,639,0,0,256,0,256,G
7-M,640,0,0,0,257,257,C
7-M,641,253,0,2,0,255,A
7-M,642,0,0,260,0,260,G
7-M,643,0,0,260,0,260,G
7-M,644,1,0,0,256,257,C
7-M,645,258,0,0,0,258,A
7-M,646,249,0,0,0,249,A
7-M,647,0,248,0,0,248,T
7-M,648,0,0,248,0,248,G
7-M,649,248,0,1,0,249,A
7-M,650,0,0,249,0,249,G
7-M,651,242,0,0,0,242,A
7-M,652,0,0,245,0,245,G
7-M,653,0,0,0,252,252,C
7-M,654,1,1,0,257,259,C
7-M,655,260,0,1,0,261,A
7-M,656,0,257,0,0,257,T
7-M,657,0,257,0,1,258,T
7-M,658,0,0,258,0,258,G
7-M,659,0,0,258,0,258,G
7-M,660,0,1,257,0,258,G
7-M,661,260,0,0,0,260,A
7-M,662,0,0,0,260,260,C
7-M,663,0,248,0,0,248,T
7-M,664,1,0,0,244,245,C
7-M,665,250,0,0,0,250,A
7-M,666,0,261,0,0,261,T
7-M,667,1,0,0,257,258,C
7-M,668,0,0,0,256,256,C
7-M,669,0,255,0,1,256,T
7-M,670,257,0,0,0,257,A
7-M,671,0,0,260,0,260,G
7-M,672,0,272,0,0,272,T
7-M,673,0,270,0,0,270,T
7-M,674,2,0,0,266,268,C
7-M,675,2,0,0,262,264,C
7-M,676,261,0,0,0,261,A
7-M,677,0,0,264,0,264,G
7-M,678,1,266,0,0,267,T
7-M,679,266,0,0,0,266,A
7-M,680,0,0,0,265,265,C
7-M,681,0,247,0,0,247,T
7-M,682,0,0,257,0,257,G
7-M,683,0,0,257,0,257,G
7-M,684,0,254,1,1,256,T
7-M,685,0,245,0,0,245,T
7-M,686,0,250,0,0,250,T
7-M,687,251,0,0,0,251,A
7-M,688,247,0,0,0,247,A
7-M,689,0,1,250,0,251,G
7-M,690,250,0,1,0,251,A
7-M,691,0,0,247,0,247,G
7-M,692,233,0,2,0,235,A
7-M,693,0,232,0,0,232,T
7-M,694,0,0,234,0,234,G
7-M,695,232,0,0,0,232,A
7-M,696,0,231,0,0,231,T
7-M,697,0,0,0,233,233,C
7-M,698,0,232,0,0,232,T
7-M,699,0,235,0,0,235,T
7-M,700,2,0,0,231,233,C
7-M,701,0,235,0,0,235,T
7-M,702,0,235,0,0,235,T
7-M,703,0,0,235,0,235,G
7-M,704,233,0,2,0,235,A
7-M,705,236,0,0,0,236,A
7-M,706,235,0,0,0,235,A
7-M,707,237,0,0,0,237,A
7-M,708,1,239,0,0,240,T
7-M,709,0,240,0,0,240,T
7-M,710,0,239,0,0,239,T
7-M,711,0,0,238,0,238,G
7-M,712,0,0,0,239,239,C
7-M,713,240,0,0,0,240,A
7-M,714,0,0,243,0,243,G
7-M,715,242,0,0,0,242,A
7-M,716,0,0,0,249,249,C
7-M,717,0,0,0,247,247,C
7-M,718,0,248,0,0,248,T
7-M,719,256,0,0,0,256,A
7-M,720,0,255,0,0,255,T
7-M,721,0,0,0,255,255,C
7-M,722,254,0,1,0,255,A
7-M,723,0,1,254,0,255,G
7-M,724,255,0,0,0,255,A
7-M,725,245,0,0,0,245,A
7-M,726,244,0,0,0,244,A
7-M,727,0,0,0,244,244,C
7-M,728,0,0,244,0,244,G
7-M,729,242,0,0,0,242,A
7-M,730,245,0,0,0,245,A
7-M,731,0,243,0,0,243,T
7-M,732,0,1,243,0,244,G
7-M,733,0,0,242,0,242,G
7-M,734,0,0,242,0,242,G
7-M,735,0,1,245,0,246,G
7-M,736,0,0,247,0,247,G
7-M,737,0,242,0,1,243,T
7-M,738,0,0,244,0,244,G
7-M,739,0,0,0,244,244,C
7-M,740,244,0,0,0,244,A
7-M,741,0,0,249,0,249,G
7-M,742,239,0,0,0,239,A
7-M,743,0,238,0,0,238,T
7-M,744,0,0,239,0,239,G
7-M,745,0,0,0,234,234,C
7-M,746,230,1,0,0,231,A
7-M,747,231,1,0,0,232,A
7-M,748,0,0,0,234,234,C
7-M,749,0,0,237,0,237,G
7-M,750,235,0,0,0,235,A
7-M,751,0,234,0,0,234,T
7-M,752,0,233,0,0,233,T
7-M,753,1,0,0,234,235,C
7-M,754,230,0,0,0,230,A
7-M,755,231,0,0,0,231,A
7-M,756,0,0,231,0,231,G
7-M,757,0,228,0,0,228,T
7-M,758,0,4,224,0,228,G
7-M,759,223,0,0,0,223,A
7-M,760,0,0,0,224,224,C
7-M,761,0,0,0,222,222,C
7-M,762,1,0,0,221,222,C
7-M,763,0,0,224,0,224,G
7-M,764,0,0,0,223,223,C
7-M,765,0,220,0,2,222,T
7-M,766,0,224,0,1,225,T
7-M,767,0,0,225,0,225,G
7-M,768,0,223,0,0,223,T
7-M,769,0,224,0,0,224,T
7-M,770,0,0,225,0,225,G
7-M,771,0,217,0,0,217,T
7-M,772,0,214,0,1,215,T
7-M,773,0,0,215,0,215,G
7-M,774,0,0,0,212,212,C
7-M,775,0,0,0,214,214,C
7-M,776,0,0,216,0,216,G
7-M,777,0,0,0,215,215,C
7-M,778,0,1,214,0,215,G
7-M,779,213,0,0,0,213,A
7-M,780,212,0,0,0,212,A
7-M,781,0,213,0,0,213,T
7-M,782,211,0,0,0,211,A
7-M,783,0,216,0,0,216,T
7-M,784,0,0,0,220,220,C
7-M,785,222,0,0,0,222,A
7-M,786,0,221,0,0,221,T
7-M,787,0,220,0,0,220,T
7-M,788,0,0,218,0,218,G
7-M,789,0,0,215,0,215,G
7-M,790,0,0,220,0,220,G
7-M,791,220,0,0,0,220,A
7-M,792,0,219,0,1,220,T
7-M,793,1,0,0,210,211,C
7-M,794,0,210,0,1,211,T
7-M,795,0,209,0,0,209,T
7-M,796,0,0,212,0,212,G
7-M,797,1,0,0,211,212,C
7-M,798,213,0,0,1,214,A
7-M,799,0,0,0,215,215,C
7-M,800,0,213,0,0,213,T
7-M,801,0,214,0,0,214,T
7-M,802,0,1,216,0,217,G
7-M,803,222,0,0,0,222,A
7-M,804,0,220,0,0,220,T
7-M,805,217,0,0,0,217,A
7-M,806,0,216,0,0,216,T
7-M,807,0,215,0,0,215,T
7-M,808,0,0,215,0,215,G
7-M,809,0,214,0,0,214,T
7-M,810,0,1,211,0,212,G
7-M,811,0,3,210,0,213,G
7-M,812,211,0,0,0,211,A
7-M,813,0,210,0,0,210,T
7-M,814,0,210,0,0,210,T
7-M,815,1,0,0,210,211,C
7-M,816,0,210,0,1,211,T
7-M,817,0,208,0,0,208,T
7-M,818,0,1,207,0,208,G
7-M,819,208,0,0,0,208,A
7-M,820,0,207,0,0,207,T
7-M,821,0,0,0,203,203,C
7-M,822,0,0,205,0,205,G
7-M,823,0,205,0,0,205,T
7-M,824,0,0,0,205,205,C
7-M,825,0,204,0,0,204,T
7-M,826,0,200,0,1,201,T
7-M,827,0,204,0,0,204,T
7-M,828,0,203,0,0,203,T
7-M,829,0,204,0,0,204,T
7-M,830,0,205,0,0,205,T
7-M,831,0,202,0,1,203,T
7-M,832,0,0,0,205,205,C
7-M,833,203,0,0,0,203,A
7-M,834,204,0,0,0,204,A
7-M,835,204,0,0,0,204,A
7-M,836,0,204,0,0,204,T
7-M,837,0,0,203,0,203,G
7-M,838,0,0,0,202,202,C
7-M,839,0,0,203,0,203,G
7-M,840,0,203,0,1,204,T
7-M,841,0,0,0,204,204,C
7-M,842,0,206,0,0,206,T
7-M,843,199,0,8,0,207,A
7-M,844,0,207,0,0,207,T
7-M,845,2,0,0,203,205,C
7-M,846,0,1,201,0,202,G
7-M,847,205,0,0,0,205,A
7-M,848,0,0,0,205,205,C
7-M,849,0,199,0,0,199,T
7-M,850,1,0,0,207,208,C
7-M,851,0,208,0,0,208,T
7-M,852,0,206,0,0,206,T
7-M,853,1,0,0,205,206,C
7-M,854,203,0,1,0,204,A
7-M,855,207,0,0,0,207,A
7-M,856,206,1,0,0,207,A
7-M,857,0,0,0,207,207,C
7-M,858,205,0,0,0,205,A
7-M,859,0,0,0,192,192,C
7-M,860,0,0,185,0,185,G
7-M,861,0,0,199,0,199,G
7-M,862,0,0,0,195,195,C
7-M,863,0,0,0,195,195,C
7-M,864,0,197,0,0,197,T
7-M,865,0,198,0,0,198,T
7-M,866,198,0,0,0,198,A
7-M,867,199,0,0,0,199,A
7-M,868,198,0,0,0,198,A
7-M,869,196,0,2,0,198,A
7-M,870,0,0,196,0,196,G
7-M,871,167,0,0,0,167,A
7-M,872,0,0,170,0,170,G
7-M,873,0,0,170,0,170,G
7-M,874,0,0,0,167,167,C
7-M,875,0,0,0,168,168,C
7-M,876,0,0,0,170,170,C
7-M,877,0,168,0,1,169,T
7-M,878,0,174,0,0,174,T
7-M,879,0,0,0,175,175,C
7-M,880,0,175,0,0,175,T
7-M,881,176,0,0,0,176,A
7-M,882,0,0,0,176,176,C
7-M,883,0,0,171,0,171,G
7-M,884,0,0,170,0,170,G
7-M,885,163,0,0,0,163,A
7-M,886,165,0,1,0,166,A
7-M,887,0,1,161,0,162,G
7-M,888,0,0,164,0,164,G
7-M,889,159,0,0,0,159,A
7-M,890,1,0,157,0,158,G
7-M,891,0,157,0,0,157,T
7-M,892,158,0,0,0,158,A
7-M,893,0,0,0,160,160,C
7-M,894,0,0,0,157,157,C
7-M,895,0,156,0,0,156,T
7-M,896,0,0,155,0,155,G
7-M,897,149,0,0,0,149,A
7-M,898,0,0,153,0,153,G
7-M,899,0,145,0,1,146,T
7-M,900,0,0,0,145,145,C
7-M,901,0,142,0,0,142,T
7-M,902,143,0,0,0,143,A
7-M,903,0,142,0,1,143,T
7-M,904,0,0,143,0,143,G
7-M,905,136,0,0,0,136,A
7-M,906,0,0,135,0,135,G
7-M,907,0,0,125,0,125,G
7-M,908,0,0,124,0,124,G
7-M,909,122,0,1,0,123,A
7-M,910,123,0,0,0,123,A
7-M,911,0,0,124,0,124,G
7-M,912,122,1,0,0,123,A
7-M,913,125,0,0,0,125,A
7-M,914,1,125,0,0,126,T
7-M,915,127,0,0,0,127,A
7-M,916,0,126,0,0,126,T
7-M,917,0,4,0,120,124,C
7-M,918,0,0,126,0,126,G
7-M,919,126,0,0,0,126,A
7-M,920,125,0,0,0,125,A
7-M,921,122,0,1,0,123,A
7-M,922,0,1,123,0,124,G
7-M,923,0,0,129,0,129,G
7-M,924,129,0,0,0,129,A
7-M,925,129,0,0,0,129,A
7-M,926,0,0,0,129,129,C
7-M,927,128,0,0,0,128,A
7-M,928,0,0,129,0,129,G
7-M,929,0,0,0,129,129,C
7-M,930,128,0,0,0,128,A
7-M,931,0,0,128,0,128,G
7-M,932,120,0,0,0,120,A
7-M,933,120,0,0,0,120,A
7-M,934,0,120,0,0,120,T
7-M,935,0,0,121,0,121,G
7-M,936,0,0,0,121,121,C
7-M,937,0,112,0,0,112,T
7-M,938,0,0,113,0,113,G
7-M,939,0,113,0,0,113,T
7-M,940,0,0,110,0,110,G
7-M,941,0,0,110,0,110,G
7-M,942,104,0,0,0,104,A
7-M,943,0,104,0,0,104,T
7-M,944,0,0,99,0,99,G
7-M,945,0,0,0,100,100,C
7-M,946,0,97,0,0,97,T
7-M,947,0,0,96,0,96,G
7-M,948,93,0,2,0,95,A
7-M,949,0,0,0,96,96,C
7-M,950,0,0,94,0,94,G
7-M,951,92,0,0,0,92,A
7-M,952,0,0,0,91,91,C
7-M,953,89,0,0,0,89,A
7-M,954,0,0,89,0,89,G
7-M,955,0,89,0,0,89,T
7-M,956,0,0,0,88,88,C
7-M,957,88,0,0,0,88,A
7-M,958,0,87,0,0,87,T
7-M,959,0,87,0,0,87,T
7-M,960,0,85,0,1,86,T
7-M,961,0,85,0,0,85,T
7-M,962,0,0,85,0,85,G
7-M,963,0,82,0,0,82,T
7-M,964,1,0,0,80,81,C
7-M,965,80,0,0,0,80,A
7-M,966,0,0,80,0,80,G
7-M,967,0,0,0,81,81,C
7-M,968,81,0,0,0,81,A
7-M,969,0,81,0,0,81,T
7-M,970,79,0,0,0,79,A
7-M,971,0,0,79,0,79,G
7-M,972,79,0,0,0,79,A
7-M,973,0,0,79,0,79,G
7-M,974,0,78,0,0,78,T
7-M,975,0,51,0,0,51,T
7-M,976,0,0,49,0,49,G
7-M,977,0,0,49,0,49,G
7-M,978,49,0,0,0,49,A
7-M,979,0,0,49,0,49,G
7-M,980,0,32,0,0,32,T
7-M,981,32,0,0,0,32,A
7-M,982,31,0,0,0,31,A
8-NS,1,2577,0,0,0,2577,A
8-NS,2,0,2580,0,0,2580,T
8-NS,3,0,0,2763,0,2763,G
8-NS,4,0,8,2997,0,3005,G
8-NS,5,3175,1,0,0,3176,A
8-NS,6,0,5516,0,5,5521,T
8-NS,7,1,5543,0,3,5547,T
8-NS,8,1,1,1,5672,5675,C
8-NS,9,4,1,0,5692,5697,C
8-NS,10,5701,1,3,0,5705,A
8-NS,11,5821,1,8,0,5830,A
8-NS,12,0,4,0,5855,5859,C
8-NS,13,5879,0,3,0,5882,A
8-NS,14,0,0,1,6137,6138,C
8-NS,15,1,6128,0,6,6135,T
8-NS,16,1,1,6133,0,6135,G
8-NS,17,0,6140,0,7,6147,T
8-NS,18,6141,0,7,0,6148,A
8-NS,19,2,7363,0,5,7370,T
8-NS,20,14,3,0,7376,7393,C
8-NS,21,7393,0,2,0,7395,A
8-NS,22,7404,0,10,1,7415,A
8-NS,23,0,0,7512,0,7512,G
8-NS,24,1,7682,1,7,7691,T
8-NS,25,0,7691,0,7,7698,T
8-NS,26,0,7744,0,4,7748,T
8-NS,27,9,0,0,7757,7766,C
8-NS,28,8,1,0,7785,7794,C
8-NS,29,7791,1,8,0,7800,A
8-NS,30,0,10,7891,0,7901,G
8-NS,31,2,1,7954,0,7957,G
8-NS,32,0,7927,0,6,7933,T
8-NS,33,8015,0,4,0,8019,A
8-NS,34,2,15,8075,0,8092,G
8-NS,35,8061,1,16,0,8078,A
8-NS,36,0,8101,1,16,8118,T
8-NS,37,1,8099,0,1,8101,T
8-NS,38,2,5,8223,1,8231,G
8-NS,39,1,2,0,8230,8233,C
8-NS,40,0,8209,0,19,8228,T
8-NS,41,1,8306,0,8,8315,T
8-NS,42,1,8363,0,4,8368,T
8-NS,43,6,1,0,8545,8552,C
8-NS,44,0,8515,2,8,8525,T
8-NS,45,0,8513,2,9,8524,T
8-NS,46,1,8515,0,10,8526,T
8-NS,47,1,34,8573,0,8608,G
8-NS,48,2,1,8587,1,8591,G
8-NS,49,2,5,0,8620,8627,C
8-NS,50,8591,3,7,0,8601,A
8-NS,51,0,8599,0,5,8604,T
8-NS,52,8641,0,3,0,8644,A
8-NS,53,0,8825,0,1,8826,T
8-NS,54,12,4,0,8837,8853,C
8-NS,55,14,7,0,8833,8854,C
8-NS,56,6,9,8809,1,8825,G
8-NS,57,0,16,8842,1,8859,G
8-NS,58,8868,1,8,1,8878,A
8-NS,59,8896,0,6,0,8902,A
8-NS,60,8916,0,7,0,8923,A
8-NS,61,0,2,0,9015,9017,C
8-NS,62,8979,0,0,1,8980,A
8-NS,63,8965,2,7,1,8975,A
8-NS,64,1,1,9203,0,9205,G
8-NS,65,2,9226,0,13,9241,T
8-NS,66,2,9192,2,5,9201,T
8-NS,67,1,0,9234,0,9235,G
8-NS,68,5,9219,0,7,9231,T
8-NS,69,9212,1,8,0,9221,A
8-NS,70,3,51,9241,0,9295,G
8-NS,71,9844,0,13,0,9857,A
8-NS,72,4,6,1,9935,9946,C
8-NS,73,21,0,0,9731,9752,C
8-NS,74,9766,0,5,0,9771,A
8-NS,75,9794,1,9,2,9806,A
8-NS,76,1,34,10273,1,10309,G
8-NS,77,10302,2,9,0,10313,A
8-NS,78,10371,0,4,0,10375,A
8-NS,79,0,2,0,10396,10398,C
8-NS,80,1,10010,1,4,10016,T
8-NS,81,1,48,10089,0,10138,G
8-NS,82,10066,3,10,1,10080,A
8-NS,83,4,1,10374,0,10379,G
8-NS,84,0,10346,1,13,10360,T
8-NS,85,2,8,10124,0,10134,G
8-NS,86,10158,1,11,1,10171,A
8-NS,87,0,10158,0,4,10162,T
8-NS,88,26,5,10249,2,10282,G
8-NS,89,2,4,0,10441,10447,C
8-NS,90,19,2,0,10425,10446,C
8-NS,91,23,3,0,10464,10490,C
8-NS,92,24,3,0,10374,10401,C
8-NS,93,10413,0,1,0,10414,A
8-NS,94,1,10563,1,20,10585,T
8-NS,95,2,10713,0,8,10723,T
8-NS,96,21,1,0,10780,10802,C
8-NS,97,13,0,1,10721,10735,C
8-NS,98,1,10641,0,30,10672,T
8-NS,99,2,10609,0,11,10622,T
8-NS,100,0,41,10564,0,10605,G
8-NS,101,10567,1,6,0,10574,A
8-NS,102,2,10582,2,7,10593,T
8-NS,103,39,3,0,10474,10516,C
8-NS,104,2,22,10427,0,10451,G
8-NS,105,1,6,10489,0,10496,G
8-NS,106,2,1,0,10543,10546,C
8-NS,107,2,10505,1,8,10516,T
8-NS,108,1,10555,1,1,10558,T
8-NS,109,12,1,1,10535,10549,C
8-NS,110,7,0,10566,0,10573,G
8-NS,111,2,2,0,10581,10585,C
8-NS,112,19,4,0,10561,10584,C
8-NS,113,7,28,10583,1,10619,G
8-NS,114,10473,1,3,0,10477,A
8-NS,115,0,22,10950,0,10972,G
8-NS,116,10953,0,4,0,10957,A
8-NS,117,0,10999,0,11,11010,T
8-NS,118,29,7,0,10988,11024,C
8-NS,119,10940,3,11,2,10956,A
8-NS,120,1,16,10968,2,10987,G
8-NS,121,10935,0,15,0,10950,A
8-NS,122,1,10,11011,0,11022,G
8-NS,123,2,1,11144,0,11147,G
8-NS,124,1,11126,0,11,11138,T
8-NS,125,30,6,0,11747,11783,C
8-NS,126,29,6,0,11777,11812,C
8-NS,127,21,0,0,11844,11865,C
8-NS,128,1,11867,0,10,11878,T
8-NS,129,11888,0,3,0,11891,A
8-NS,130,11853,6,13,1,11873,A
8-NS,131,1,34,12037,0,12072,G
8-NS,132,2,42,11982,0,12026,G
8-NS,133,2,14,11892,1,11909,G
8-NS,134,2,13,11551,0,11566,G
8-NS,135,11444,1,15,0,11460,A
8-NS,136,11451,2,15,2,11470,A
8-NS,137,3,9,11552,0,11564,G
8-NS,138,11813,1,18,0,11832,A
8-NS,139,1,16,11940,0,11957,G
8-NS,140,4,1,11891,0,11896,G
8-NS,141,6,3,0,11888,11897,C
8-NS,142,11832,1,6,0,11839,A
8-NS,143,11846,0,12,0,11858,A
8-NS,144,0,11904,0,2,11906,T
8-NS,145,11978,0,5,0,11983,A
8-NS,146,0,0,0,12201,12201,C
8-NS,147,0,11808,2,16,11826,T
8-NS,148,27,2,0,11821,11850,C
8-NS,149,1,11705,1,8,11715,T
8-NS,150,26,25,0,11718,11769,C
8-NS,151,8,23,11885,0,11916,G
8-NS,152,137,1,12376,0,12514,G
8-NS,153,0,12497,1,10,12508,T
8-NS,154,45,1,1,12530,12577,C
8-NS,155,0,12462,0,8,12470,T
8-NS,156,12539,1,15,0,12555,A
8-NS,157,4,27,12514,0,12545,G
8-NS,158,12521,0,29,0,12550,A
8-NS,159,1,3,0,12890,12894,C
8-NS,160,12593,0,13,1,12607,A
8-NS,161,1,12220,0,11,12232,T
8-NS,162,21,1,0,12193,12215,C
8-NS,163,12180,1,7,1,12189,A
8-NS,164,12198,1,7,0,12206,A
8-NS,165,12092,1,14,1,12108,A
8-NS,166,0,4,12122,1,12127,G
8-NS,167,3,9,1,12158,12171,C
8-NS,168,11890,3,13,0,11906,A
8-NS,169,4,2,11963,0,11969,G
8-NS,170,4,4,0,11967,11975,C
8-NS,171,20,2,0,11982,12004,C
8-NS,172,12043,0,5,0,12048,A
8-NS,173,0,3,1,12254,12258,C
8-NS,174,13,3,0,12243,12259,C
8-NS,175,48,3,0,12179,12230,C
8-NS,176,12027,315,12,0,12354,A
8-NS,177,0,12337,0,15,12352,T
8-NS,178,10,3,12369,0,12382,G
8-NS,179,3,12321,2,15,12341,T
8-NS,180,0,12274,0,37,12311,T
8-NS,181,6,19,11982,0,12007,G
8-NS,182,2,17,11886,0,11905,G
8-NS,183,11820,2,18,0,11840,A
8-NS,184,11865,2,7,1,11875,A
8-NS,185,11625,0,47,1,11673,A
8-NS,186,4,3,11727,0,11734,G
8-NS,187,6,0,0,11721,11727,C
8-NS,188,11695,1,3,0,11699,A
8-NS,189,11672,0,7,2,11681,A
8-NS,190,11660,0,4,1,11665,A
8-NS,191,0,11779,2,4,11785,T
8-NS,192,0,11794,0,2,11796,T
8-NS,193,9,2,12025,1,12037,G
8-NS,194,1,12020,0,6,12027,T
8-NS,195,11964,0,17,0,11981,A
8-NS,196,1,14,11951,0,11966,G
8-NS,197,11942,2,7,0,11951,A
8-NS,198,11933,1,10,0,11944,A
8-NS,199,11960,0,1,1,11962,A
8-NS,200,11850,1,13,1,11865,A
8-NS,201,4,16,11925,0,11945,G
8-NS,202,11755,1,9,1,11766,A
8-NS,203,1,11763,0,5,11769,T
8-NS,204,0,11759,0,6,11765,T
8-NS,205,20,3,0,11768,11791,C
8-NS,206,2,11754,0,8,11764,T
8-NS,207,3,12,11807,0,11822,G
8-NS,208,11790,1,10,0,11801,A
8-NS,209,11805,0,4,1,11810,A
8-NS,210,11744,0,11,0,11755,A
8-NS,211,3,13,11802,0,11818,G
8-NS,212,11803,2,12,0,11817,A
8-NS,213,11820,0,19,1,11840,A
8-NS,214,0,30,11883,0,11913,G
8-NS,215,12006,0,13,0,12019,A
8-NS,216,12048,0,13,0,12061,A
8-NS,217,1,12062,0,8,12071,T
8-NS,218,22,3,0,12178,12203,C
8-NS,219,1,12165,1,9,12176,T
8-NS,220,4,26,12199,0,12229,G
8-NS,221,12225,1,9,0,12235,A
8-NS,222,2,12213,0,12,12227,T
8-NS,223,0,10,12105,1,12116,G
8-NS,224,11960,2,20,0,11982,A
8-NS,225,2,21,11925,0,11948,G
8-NS,226,2,2,11930,0,11934,G
8-NS,227,7,4,0,11878,11889,C
8-NS,228,11913,0,10,2,11925,A
8-NS,229,0,0,0,12240,12240,C
8-NS,230,2,12187,0,7,12196,T
8-NS,231,1,12270,0,4,12275,T
8-NS,232,12325,1,1,1,12328,A
8-NS,233,12357,2,7,0,12366,A
8-NS,234,12315,1,5,0,12321,A
8-NS,235,12297,1,9,0,12307,A
8-NS,236,1,12313,0,4,12318,T
8-NS,237,3,80,12246,0,12329,G
8-NS,238,12257,1,16,0,12274,A
8-NS,239,0,10,1,12285,12296,C
8-NS,240,34,4,0,12209,12247,C
8-NS,241,12233,0,5,0,12238,A
8-NS,242,3,12204,0,8,12215,T
8-NS,243,5,22,12493,0,12520,G
8-NS,244,1,2,12638,0,12641,G
8-NS,245,3,12662,1,29,12695,T
8-NS,246,48,2,0,13321,13371,C
8-NS,247,0,13247,1,18,13266,T
8-NS,248,20,3,3,13417,13443,C
8-NS,249,9,2,0,13450,13461,C
8-NS,250,13485,2,10,0,13497,A
8-NS,251,4,2,0,13626,13632,C
8-NS,252,13323,2,14,1,13340,A
8-NS,253,2,2,0,13379,13383,C
8-NS,254,10,2,0,13269,13281,C
8-NS,255,1,12592,1,38,12632,T
8-NS,256,9,6,12670,0,12685,G
8-NS,257,1,4,1,12594,12600,C
8-NS,258,1,12497,1,13,12512,T
8-NS,259,0,12578,1,4,12583,T
8-NS,260,16,4,0,12466,12486,C
8-NS,261,8,2,12522,1,12533,G
8-NS,262,2,8,0,12510,12520,C
8-NS,263,5,36,12487,0,12528,G
8-NS,264,13190,2,13,2,13207,A
8-NS,265,1,13214,1,3,13219,T
8-NS,266,13620,3,5,1,13629,A
8-NS,267,2,4,0,13682,13688,C
8-NS,268,13622,0,16,0,13638,A
8-NS,269,1,13973,1,33,14008,T
8-NS,270,13921,1,5,1,13928,A
8-NS,271,13973,0,13,0,13986,A
8-NS,272,1,2,0,14016,14019,C
8-NS,273,0,13491,2,13,13506,T
8-NS,274,5,49,13645,0,13699,G
8-NS,275,13357,1,100,2,13460,A
8-NS,276,2,1,0,13544,13547,C
8-NS,277,13486,0,16,0,13502,A
8-NS,278,4,13290,2,9,13305,T
8-NS,279,0,37,13293,0,13330,G
8-NS,280,13295,4,11,1,13311,A
8-NS,281,3,2,0,13854,13859,C
8-NS,282,1,13789,1,4,13795,T
8-NS,283,14055,2,2,1,14060,A
8-NS,284,0,14026,1,9,14036,T
8-NS,285,0,13905,1,14,13920,T
8-NS,286,1,23,13932,0,13956,G
8-NS,287,13850,2,17,1,13870,A
8-NS,288,1,15,13836,1,13853,G
8-NS,289,0,40,13824,1,13865,G
8-NS,290,13414,0,8,1,13423,A
8-NS,291,13459,1,15,1,13476,A
8-NS,292,4,13204,0,5,13213,T
8-NS,293,3,13215,0,4,13222,T
8-NS,294,2,0,13507,1,13510,G
8-NS,295,1,13477,0,11,13489,T
8-NS,296,62,3,1,13465,13531,C
8-NS,297,13509,3,16,0,13528,A
8-NS,298,13440,1,83,0,13524,A
8-NS,299,0,24,13497,0,13521,G
8-NS,300,13587,1,5,0,13593,A
8-NS,301,13584,1,7,1,13593,A
8-NS,302,13581,2,13,3,13599,A
8-NS,303,2,2,1,13588,13593,C
8-NS,304,3,13370,0,9,13382,T
8-NS,305,5,37,13563,0,13605,G
8-NS,306,4,1,13771,1,13777,G
8-NS,307,1,13761,0,16,13778,T
8-NS,308,6,13725,0,23,13754,T
8-NS,309,50,0,2,13607,13659,C
8-NS,310,13688,1,14,2,13705,A
8-NS,311,2,13911,0,9,13922,T
8-NS,312,7,5,14025,0,14037,G
8-NS,313,1,2,0,14178,14181,C
8-NS,314,1,13974,0,10,13985,T
8-NS,315,13798,0,23,2,13823,A
8-NS,316,13923,0,9,3,13935,A
8-NS,317,0,14038,0,8,14046,T
8-NS,318,7,3,14039,1,14050,G
8-NS,319,3,4,0,14023,14030,C
8-NS,320,14,5,1,13824,13844,C
8-NS,321,35,5,0,13748,13788,C
8-NS,322,13685,1,25,1,13712,A
8-NS,323,13718,1,13,2,13734,A
8-NS,324,2,1,13821,0,13824,G
8-NS,325,2,7,0,13821,13830,C
8-NS,326,13718,1,18,2,13739,A
8-NS,327,3,13,13846,1,13863,G
8-NS,328,13845,0,4,0,13849,A
8-NS,329,13837,1,10,1,13849,A
8-NS,330,13831,0,5,0,13836,A
8-NS,331,13706,0,8,0,13714,A
8-NS,332,1,13883,2,3,13889,T
8-NS,333,7,22,13922,0,13951,G
8-NS,334,3,17,13943,0,13963,G
8-NS,335,13937,4,17,1,13959,A
8-NS,336,13761,3,23,1,13788,A
8-NS,337,1,23,13747,0,13771,G
8-NS,338,5,32,13791,0,13828,G
8-NS,339,13819,3,12,0,13834,A
8-NS,340,2,3,0,13905,13910,C
8-NS,341,19,1,2,13829,13851,C
8-NS,342,0,13810,1,27,13838,T
8-NS,343,22,1,0,14114,14137,C
8-NS,344,2,14106,1,14,14123,T
8-NS,345,1,14168,1,1,14171,T
8-NS,346,0,14151,0,6,14157,T
8-NS,347,112,3,13958,0,14073,G
8-NS,348,4,8,1,14254,14267,C
8-NS,349,14139,1,12,1,14153,A
8-NS,350,1,14121,0,10,14132,T
8-NS,351,26,3,0,14124,14153,C
8-NS,352,14274,2,6,0,14282,A
8-NS,353,1,20,14792,0,14813,G
8-NS,354,14686,1,60,3,14750,A
8-NS,355,14771,2,11,0,14784,A
8-NS,356,3,14709,1,2,14715,T
8-NS,357,4,29,14574,1,14608,G
8-NS,358,10,59,14678,0,14747,G
8-NS,359,14722,1,19,0,14742,A
8-NS,360,2,2,0,14714,14718,C
8-NS,361,34,7,0,14286,14327,C
8-NS,362,13951,0,49,2,14002,A
8-NS,363,4,13,14203,0,14220,G
8-NS,364,6,0,14167,1,14174,G
8-NS,365,8,9,0,14218,14235,C
8-NS,366,14078,0,8,1,14087,A
8-NS,367,14148,0,11,1,14160,A
8-NS,368,0,14131,0,14,14145,T
8-NS,369,34,0,0,14109,14143,C
8-NS,370,14149,4,8,0,14161,A
8-NS,371,0,14056,0,5,14061,T
8-NS,372,1,21,13908,0,13930,G
8-NS,373,0,27,13974,2,14003,G
8-NS,374,13916,4,14,0,13934,A
8-NS,375,3,20,14102,0,14125,G
8-NS,376,13914,1,12,0,13927,A
8-NS,377,13934,0,7,1,13942,A
8-NS,378,13959,1,15,1,13976,A
8-NS,379,13925,1,17,1,13944,A
8-NS,380,14004,1,18,2,14025,A
8-NS,381,4,4,0,14068,14076,C
8-NS,382,14003,1,7,0,14011,A
8-NS,383,1,13949,0,18,13968,T
8-NS,384,26,2,0,13811,13839,C
8-NS,385,13825,0,13,2,13840,A
8-NS,386,0,13884,0,12,13896,T
8-NS,387,4,2,13957,0,13963,G
8-NS,388,0,13942,2,11,13955,T
8-NS,389,0,13815,1,12,13828,T
8-NS,390,1,29,13770,5,13805,G
8-NS,391,13734,1,9,1,13745,A
8-NS,392,13721,1,20,1,13743,A
8-NS,393,13703,0,14,3,13720,A
8-NS,394,1,2,13792,0,13795,G
8-NS,395,6,12,0,13668,13686,C
8-NS,396,1,51,13650,1,13703,G
8-NS,397,13675,2,10,0,13687,A
8-NS,398,13718,4,8,0,13730,A
8-NS,399,1,13695,3,6,13705,T
8-NS,400,0,13664,2,33,13699,T
8-NS,401,0,13747,0,6,13753,T
8-NS,402,17,1,1,13760,13779,C
8-NS,403,13587,2,25,1,13615,A
8-NS,404,289,1,13366,0,13656,G
8-NS,405,1,13604,0,12,13617,T
8-NS,406,3,2,13626,0,13631,G
8-NS,407,1,13575,0,14,13590,T
8-NS,408,4,32,13624,0,13660,G
8-NS,409,13750,0,11,1,13762,A
8-NS,410,2,13728,1,9,13740,T
8-NS,411,0,13737,0,12,13749,T
8-NS,412,0,13698,0,7,13705,T
8-NS,413,1,13672,0,7,13680,T
8-NS,414,1,13689,0,7,13697,T
8-NS,415,2,82,13576,0,13660,G
8-NS,416,13663,0,17,1,13681,A
8-NS,417,1,3,0,13637,13641,C
8-NS,418,32,7,0,13440,13479,C
8-NS,419,9,39,13527,1,13576,G
8-NS,420,14420,0,8,1,14429,A
8-NS,421,1,1,0,14722,14724,C
8-NS,422,0,14745,0,7,14752,T
8-NS,423,14804,0,14,0,14818,A
8-NS,424,2,16,14798,0,14816,G
8-NS,425,14756,1,43,0,14800,A
8-NS,426,8,47,14881,0,14936,G
8-NS,427,14855,2,22,0,14879,A
8-NS,428,3,13,0,15347,15363,C
8-NS,429,42,1,0,14557,14600,C
8-NS,430,14134,3,8,0,14145,A
8-NS,431,0,15011,1,7,15019,T
8-NS,432,14919,1,8,1,14929,A
8-NS,433,4,0,16127,1,16132,G
8-NS,434,1,16000,1,9,16011,T
8-NS,435,15913,1,5,0,15919,A
8-NS,436,0,15887,1,34,15922,T
8-NS,437,0,15377,1,9,15387,T
8-NS,438,15896,0,6,0,15902,A
8-NS,439,3,2,0,15889,15894,C
8-NS,440,1,15142,0,15,15158,T
8-NS,441,15112,0,2,0,15114,A
8-NS,442,13679,1,18,2,13700,A
8-NS,443,4,42,13751,0,13797,G
8-NS,444,1,25,13770,1,13797,G
8-NS,445,5,4,13789,0,13798,G
8-NS,446,0,2,0,13667,13669,C
8-NS,447,2,13410,0,22,13434,T
8-NS,448,2,13375,0,24,13401,T
8-NS,449,2,13586,0,11,13599,T
8-NS,450,24,4,0,13626,13654,C
8-NS,451,13783,1,54,1,13839,A
8-NS,452,2,8,0,13902,13912,C
8-NS,453,17,3,0,13723,13743,C
8-NS,454,6,17,13727,0,13750,G
8-NS,455,13690,0,0,0,13690,A
8-NS,456,13733,0,10,0,13743,A
8-NS,457,2,13,13768,0,13783,G
8-NS,458,13574,1,19,0,13594,A
8-NS,459,0,31,13652,0,13683,G
8-NS,460,2,14,13446,0,13462,G
8-NS,461,4,40,13534,0,13578,G
8-NS,462,13499,3,32,3,13537,A
8-NS,463,3,3,13559,1,13566,G
8-NS,464,2,7,0,13521,13530,C
8-NS,465,13515,1,10,0,13526,A
8-NS,466,13542,0,8,1,13551,A
8-NS,467,0,13527,0,6,13533,T
8-NS,468,2,13490,0,1,13493,T
8-NS,469,4,1,13495,0,13500,G
8-NS,470,0,13324,0,5,13329,T
8-NS,471,0,13299,1,7,13307,T
8-NS,472,4,19,13314,0,13337,G
8-NS,473,9,2,13305,0,13316,G
8-NS,474,2,2,0,13316,13320,C
8-NS,475,4,29,13311,0,13344,G
8-NS,476,13353,2,6,1,13362,A
8-NS,477,13423,1,17,0,13441,A
8-NS,478,13478,2,5,0,13485,A
8-NS,479,2,13536,1,10,13549,T
8-NS,480,31,5,0,13488,13524,C
8-NS,481,2,13415,3,18,13438,T
8-NS,482,36,3,2,13455,13496,C
8-NS,483,13505,2,13,2,13522,A
8-NS,484,2,1,0,13565,13568,C
8-NS,485,18,4,1,13559,13582,C
8-NS,486,13381,0,16,0,13397,A
8-NS,487,0,13347,1,15,13363,T
8-NS,488,3,13239,1,16,13259,T
8-NS,489,4,4,13305,0,13313,G
8-NS,490,3,2,0,13267,13272,C
8-NS,491,29,1,0,13199,13229,C
8-NS,492,1,13240,0,26,13267,T
8-NS,493,2,13191,1,14,13208,T
8-NS,494,9,0,2,13287,13298,C
8-NS,495,0,13235,0,29,13264,T
8-NS,496,1,13292,0,7,13300,T
8-NS,497,1,13531,0,14,13546,T
8-NS,498,0,13465,1,3,13469,T
8-NS,499,20,4,0,13447,13471,C
8-NS,500,5,5,0,13458,13468,C
8-NS,501,13390,7,19,3,13419,A
8-NS,502,3,16,13597,0,13616,G
8-NS,503,1,27,13507,0,13535,G
8-NS,504,13824,1,11,0,13836,A
8-NS,505,1,4,0,13825,13830,C
8-NS,506,14025,0,10,0,14035,A
8-NS,507,0,14054,0,22,14076,T
8-NS,508,14070,2,9,0,14081,A
8-NS,509,2,6,0,15345,15353,C
8-NS,510,1,15311,1,11,15324,T
8-NS,511,15175,0,6,0,15181,A
8-NS,512,0,15089,0,8,15097,T
8-NS,513,0,14598,2,10,14610,T
8-NS,514,2,15,14572,1,14590,G
8-NS,515,13990,2,23,0,14015,A
8-NS,516,0,22,13982,0,14004,G
8-NS,517,4,14,13940,0,13958,G
8-NS,518,12453,1,4,0,12458,A
8-NS,519,1,12463,1,8,12473,T
8-NS,520,2,0,12408,0,12410,G
8-NS,521,0,12342,0,23,12365,T
8-NS,522,54,4,0,12326,12384,C
8-NS,523,12437,1,6,0,12444,A
8-NS,524,12435,0,6,0,12441,A
8-NS,525,12426,1,1,0,12428,A
8-NS,526,12348,1,1,1,12351,A
8-NS,527,12465,0,4,1,12470,A
8-NS,528,0,12435,0,3,12438,T
8-NS,529,1,4,12410,0,12415,G
8-NS,530,5,2,0,12532,12539,C
8-NS,531,12510,2,5,0,12517,A
8-NS,532,12559,1,10,1,12571,A
8-NS,533,1,12593,0,8,12602,T
8-NS,534,2,12616,1,7,12626,T
8-NS,535,3,27,12591,1,12622,G
8-NS,536,7,36,12492,0,12535,G
8-NS,537,5,14,12531,0,12550,G
8-NS,538,4,3,12663,0,12670,G
8-NS,539,3,12431,1,12,12447,T
8-NS,540,42,0,0,12542,12584,C
8-NS,541,23,7,1,12545,12576,C
8-NS,542,5,12550,1,24,12580,T
8-NS,543,19,5,0,12717,12741,C
8-NS,544,12724,1,2,0,12727,A
8-NS,545,1,12740,1,7,12749,T
8-NS,546,15,3,0,12758,12776,C
8-NS,547,11,4,12661,0,12676,G
8-NS,548,2,14,12666,0,12682,G
8-NS,549,12449,4,15,0,12468,A
8-NS,550,1,27,12459,0,12487,G
8-NS,551,2,40,12531,0,12573,G
8-NS,552,12365,2,18,1,12386,A
8-NS,553,3,0,0,12573,12576,C
8-NS,554,1,12489,1,22,12513,T
8-NS,555,1,12506,1,8,12516,T
8-NS,556,1,38,12562,0,12601,G
8-NS,557,12544,2,10,0,12556,A
8-NS,558,12560,0,14,0,12574,A
8-NS,559,0,12516,1,8,12525,T
8-NS,560,4,17,12216,1,12238,G
8-NS,561,3,17,12417,0,12437,G
8-NS,562,12254,0,8,0,12262,A
8-NS,563,12380,0,16,1,12397,A
8-NS,564,1,12962,0,8,12971,T
8-NS,565,0,23,13042,0,13065,G
8-NS,566,13108,2,6,0,13116,A
8-NS,567,0,13118,0,6,13124,T
8-NS,568,13094,0,11,0,13105,A
8-NS,569,13148,5,16,0,13169,A
8-NS,570,1,6,0,13020,13027,C
8-NS,571,12801,0,5,1,12807,A
8-NS,572,4,3,1,12939,12947,C
8-NS,573,11821,1,9,0,11831,A
8-NS,574,2,3,12091,0,12096,G
8-NS,575,1,11618,0,368,11987,T
8-NS,576,2,11950,1,14,11967,T
8-NS,577,39,2,0,11944,11985,C
8-NS,578,4,38,11879,2,11923,G
8-NS,579,11879,0,15,0,11894,A
8-NS,580,4,0,11918,0,11922,G
8-NS,581,1,11656,0,43,11700,T
8-NS,582,28,2,0,11768,11798,C
8-NS,583,1,11474,3,10,11488,T
8-NS,584,14,1,0,11605,11620,C
8-NS,585,1,11662,0,11,11674,T
8-NS,586,11684,0,1,0,11685,A
8-NS,587,11630,0,47,0,11677,A
8-NS,588,11655,0,5,0,11660,A
8-NS,589,11780,0,7,1,11788,A
8-NS,590,11797,2,5,1,11805,A
8-NS,591,0,11684,0,3,11687,T
8-NS,592,18,2,0,11804,11824,C
8-NS,593,1,11675,0,15,11691,T
8-NS,594,11744,0,5,0,11749,A
8-NS,595,0,0,0,11762,11762,C
8-NS,596,11730,1,13,2,11746,A
8-NS,597,2,16,11759,0,11777,G
8-NS,598,11490,1,19,0,11510,A
8-NS,599,8,16,11560,0,11584,G
8-NS,600,11549,1,7,0,11557,A
8-NS,601,2,11387,3,13,11405,T
8-NS,602,1,11399,0,5,11405,T
8-NS,603,41,3,0,11375,11419,C
8-NS,604,9,5,11434,0,11448,G
8-NS,605,0,0,0,11446,11446,C
8-NS,606,0,11401,1,12,11414,T
8-NS,607,1,11429,1,8,11439,T
8-NS,608,3,17,11350,0,11370,G
8-NS,609,2,21,11447,0,11470,G
8-NS,610,11457,0,8,0,11465,A
8-NS,611,2,3,11469,1,11475,G
8-NS,612,11381,1,6,0,11388,A
8-NS,613,11305,0,10,0,11315,A
8-NS,614,2,4,11532,0,11538,G
8-NS,615,2,6,1,11548,11557,C
8-NS,616,11541,1,11,0,11553,A
8-NS,617,1,1,11834,0,11836,G
8-NS,618,2,11705,0,6,11713,T
8-NS,619,11798,0,5,0,11803,A
8-NS,620,11798,0,13,1,11812,A
8-NS,621,0,11785,0,2,11787,T
8-NS,622,0,36,11797,0,11833,G
8-NS,623,11282,1,9,0,11292,A
8-NS,624,1,21,11499,0,11521,G
8-NS,625,11431,2,13,2,11448,A
8-NS,626,10996,0,9,0,11005,A
8-NS,627,2,10962,0,6,10970,T
8-NS,628,2,18,10835,0,10855,G
8-NS,629,4,22,10861,0,10887,G
8-NS,630,8,24,10824,0,10856,G
8-NS,631,1,19,10784,1,10805,G
8-NS,632,4,15,10755,0,10774,G
8-NS,633,10416,2,8,0,10426,A
8-NS,634,0,10241,1,16,10258,T
8-NS,635,18,2,0,10574,10594,C
8-NS,636,2,10534,0,21,10557,T
8-NS,637,18,0,0,10769,10787,C
8-NS,638,12,2,1,10763,10778,C
8-NS,639,10804,0,10,1,10815,A
8-NS,640,2,1,0,10802,10805,C
8-NS,641,1,10072,1,494,10568,T
8-NS,642,0,10487,0,8,10495,T
8-NS,643,10338,1,7,0,10346,A
8-NS,644,2,1,0,10505,10508,C
8-NS,645,0,10368,0,20,10388,T
8-NS,646,32,3,0,10253,10288,C
8-NS,647,12,1,0,10076,10089,C
8-NS,648,9978,0,4,0,9982,A
8-NS,649,10063,0,3,0,10066,A
8-NS,650,10044,1,5,0,10050,A
8-NS,651,10035,0,10,2,10047,A
8-NS,652,0,2,1,10049,10052,C
8-NS,653,9766,0,8,0,9774,A
8-NS,654,0,13,9799,0,9812,G
8-NS,655,9775,0,3,1,9779,A
8-NS,656,9770,0,7,0,9777,A
8-NS,657,9777,2,8,2,9789,A
8-NS,658,0,9,0,9771,9780,C
8-NS,659,2,19,9786,0,9807,G
8-NS,660,4,11,9814,0,9829,G
8-NS,661,3,11,9799,0,9813,G
8-NS,662,9816,0,10,1,9827,A
8-NS,663,9757,1,10,0,9768,A
8-NS,664,9755,0,21,0,9776,A
8-NS,665,0,9735,0,2,9737,T
8-NS,666,7,18,9839,0,9864,G
8-NS,667,3,1,9833,0,9837,G
8-NS,668,3,6,1,9769,9779,C
8-NS,669,6,18,9769,1,9794,G
8-NS,670,9774,0,7,0,9781,A
8-NS,671,0,30,9823,0,9853,G
8-NS,672,9836,1,5,1,9843,A
8-NS,673,9847,1,7,0,9855,A
8-NS,674,0,7,0,9908,9915,C
8-NS,675,9701,1,9,0,9711,A
8-NS,676,1,3,9703,0,9707,G
8-NS,677,0,1,0,9671,9672,C
8-NS,678,1,9668,3,5,9677,T
8-NS,679,9640,0,5,0,9645,A
8-NS,680,2,25,9558,0,9585,G
8-NS,681,0,0,9615,0,9615,G
8-NS,682,1,9556,0,12,9569,T
8-NS,683,42,5,0,9368,9415,C
8-NS,684,9411,0,3,0,9414,A
8-NS,685,9402,0,7,0,9409,A
8-NS,686,9409,1,2,0,9412,A
8-NS,687,9502,0,4,0,9506,A
8-NS,688,1,0,9528,1,9530,G
8-NS,689,0,9270,0,4,9274,T
8-NS,690,0,9240,1,10,9251,T
8-NS,691,0,9253,1,5,9259,T
8-NS,692,1,15,9246,1,9263,G
8-NS,693,9268,1,13,0,9282,A
8-NS,694,9274,0,8,0,9282,A
8-NS,695,1,22,9360,0,9383,G
8-NS,696,9091,2,44,0,9137,A
8-NS,697,1,5,9226,0,9232,G
8-NS,698,9221,0,9,0,9230,A
8-NS,699,0,9236,0,4,9240,T
8-NS,700,9262,0,2,0,9264,A
8-NS,701,9202,1,7,1,9211,A
8-NS,702,101,3,9066,0,9170,G
8-NS,703,8458,0,15,0,8473,A
8-NS,704,2,8488,1,6,8497,T
8-NS,705,1,14,8536,0,8551,G
8-NS,706,4,1,8540,0,8545,G
8-NS,707,3,3,1,8445,8452,C
8-NS,708,0,8404,2,7,8413,T
8-NS,709,8451,0,2,0,8453,A
8-NS,710,8435,2,2,2,8441,A
8-NS,711,0,8508,0,6,8514,T
8-NS,712,2,8472,1,8,8483,T
8-NS,713,2,13,8494,0,8509,G
8-NS,714,8897,0,10,0,8907,A
8-NS,715,8887,1,11,0,8899,A
8-NS,716,1,10,8900,1,8912,G
8-NS,717,8906,2,5,1,8914,A
8-NS,718,8850,1,8,0,8859,A
8-NS,719,1,0,9069,1,9071,G
8-NS,720,0,8882,0,9,8891,T
8-NS,721,3,21,8892,0,8916,G
8-NS,722,8805,0,22,0,8827,A
8-NS,723,2,19,8826,0,8847,G
8-NS,724,8826,1,38,1,8866,A
8-NS,725,2,1,0,8798,8801,C
8-NS,726,8730,2,8,0,8740,A
8-NS,727,1,1,0,8740,8742,C
8-NS,728,8130,0,15,0,8145,A
8-NS,729,1,6,8469,0,8476,G
8-NS,730,8437,2,8,0,8447,A
8-NS,731,0,8377,0,5,8382,T
8-NS,732,0,8353,0,4,8357,T
8-NS,733,8364,2,5,0,8371,A
8-NS,734,8355,0,5,0,8360,A
8-NS,735,8359,0,5,1,8365,A
8-NS,736,8335,2,4,0,8341,A
8-NS,737,8327,0,5,1,8333,A
8-NS,738,0,1,0,7975,7976,C
8-NS,739,7579,0,2,0,7581,A
8-NS,740,7637,1,8,0,7646,A
8-NS,741,0,2,0,7651,7653,C
8-NS,742,0,7598,0,8,7606,T
8-NS,743,0,15,7686,0,7701,G
8-NS,744,7677,0,7,0,7684,A
8-NS,745,7718,1,2,1,7722,A
8-NS,746,7702,1,6,0,7709,A
8-NS,747,7609,1,2,0,7612,A
8-NS,748,0,7593,1,2,7596,T
8-NS,749,7463,1,4,0,7468,A
8-NS,750,1,0,7531,0,7532,G
8-NS,751,2,1,0,7525,7528,C
8-NS,752,0,7398,0,3,7401,T
8-NS,753,0,7394,1,5,7400,T
8-NS,754,0,7328,0,3,7331,T
8-NS,755,1,31,7351,0,7383,G
8-NS,756,7362,3,5,1,7371,A
8-NS,757,7374,1,6,1,7382,A
8-NS,758,0,2,0,7415,7417,C
8-NS,759,7208,1,1,0,7210,A
8-NS,760,7276,1,3,0,7280,A
8-NS,761,7286,1,5,1,7293,A
8-NS,762,1,7280,1,5,7287,T
8-NS,763,7289,0,2,0,7291,A
8-NS,764,7198,1,11,0,7210,A
8-NS,765,2,1,0,7229,7232,C
8-NS,766,7212,1,3,0,7216,A
8-NS,767,1,7128,1,1,7131,T
8-NS,768,0,7004,1,5,7010,T
8-NS,769,27,2,0,6927,6956,C
8-NS,770,6886,0,12,1,6899,A
8-NS,771,1,6918,0,1,6920,T
8-NS,772,3,3,6907,1,6914,G
8-NS,773,3,3,0,6786,6792,C
8-NS,774,6727,1,4,0,6732,A
8-NS,775,6359,0,12,313,6684,A
8-NS,776,2,1,6674,0,6677,G
8-NS,777,3,1,0,6844,6848,C
8-NS,778,6774,0,1,0,6775,A
8-NS,779,0,6754,1,9,6764,T
8-NS,780,0,6654,0,4,6658,T
8-NS,781,6666,3,7,0,6676,A
8-NS,782,1,2,0,6674,6677,C
8-NS,783,6630,0,5,0,6635,A
8-NS,784,6570,0,10,0,6580,A
8-NS,785,1,48,0,6483,6532,C
8-NS,786,1,5533,0,8,5542,T
8-NS,787,0,2,5551,0,5553,G
8-NS,788,1,1,1,5426,5429,C
8-NS,789,0,5321,0,3,5324,T
8-NS,790,2,0,5349,0,5351,G
8-NS,791,0,5208,0,16,5224,T
8-NS,792,0,5221,0,4,5225,T
8-NS,793,0,5214,1,4,5219,T
8-NS,794,0,4,5152,0,5156,G
8-NS,795,5157,0,8,4,5169,A
8-NS,796,5084,0,4,0,5088,A
8-NS,797,0,0,5097,0,5097,G
8-NS,798,0,5037,0,1,5038,T
8-NS,799,2,5,4848,1,4856,G
8-NS,800,0,14,4883,0,4897,G
8-NS,801,4881,0,5,0,4886,A
8-NS,802,4875,0,12,1,4888,A
8-NS,803,2,5,0,4859,4866,C
8-NS,804,4707,1,9,0,4717,A
8-NS,805,0,2,4738,0,4740,G
8-NS,806,0,3,4661,0,4664,G
8-NS,807,4549,1,6,0,4556,A
8-NS,808,2,3,4598,1,4604,G
8-NS,809,3953,0,8,0,3961,A
8-NS,810,1,3943,0,1,3945,T
8-NS,811,3926,0,3,0,3929,A
8-NS,812,3886,1,9,0,3896,A
8-NS,813,1,15,3890,0,3906,G
8-NS,814,3464,0,3,0,3467,A
8-NS,815,3441,0,0,0,3441,A
8-NS,816,1,1,0,3418,3420,C
8-NS,817,1,2871,0,10,2882,T
8-NS,818,0,2857,0,4,2861,T
8-NS,819,0,2854,1,10,2865,T
8-NS,820,3,0,0,2870,2873,C
8-NS,821,0,2831,0,5,2836,T
8-NS,822,9,0,0,2787,2796,C
8-NS,823,2722,0,0,0,2722,A
8-NS,824,0,2708,1,6,2715,T
8-NS,825,0,2674,0,2,2676,T
8-NS,826,1,2674,1,2,2678,T
8-NS,827,5,2,0,2658,2665,C
8-NS,828,2569,1,3,0,2573,A
8-NS,829,1,0,2570,0,2571,G
8-NS,830,1,1,0,2562,2564,C
8-NS,831,0,2217,0,4,2221,T
8-NS,832,0,2212,0,0,2212,T
8-NS,833,2142,0,0,0,2142,A
8-NS,834,0,2080,0,2,2082,T
8-NS,835,0,2240,0,2,2242,T
8-NS,836,0,2229,0,0,2229,T
8-NS,837,2154,0,1,1,2156,A
8-NS,838,2111,0,3,0,2114,A
8-NS,839,0,2065,0,1,2066,T
8-NS,840,0,3,2052,0,2055,G
8-NS,841,1995,2,3,0,2000,A
8-NS,842,0,1847,0,0,1847,T
8-NS,843,1811,0,2,0,1813,A
8-NS,844,1820,0,1,0,1821,A
8-NS,845,1813,0,4,0,1817,A
8-NS,846,1813,0,4,0,1817,A
8-NS,847,1792,0,1,0,1793,A
8-NS,848,1774,0,3,0,1777,A
8-NS,849,0,0,0,1773,1773,C
8-NS,850,1536,0,0,0,1536,A
8-NS,851,0,0,0,1544,1544,C
8-NS,852,6,0,0,1461,1467,C
8-NS,853,12,1,0,1406,1419,C
8-NS,854,0,1349,0,1,1350,T
8-NS,855,0,1292,0,1,1293,T
8-NS,856,0,0,1294,0,1294,G
8-NS,857,0,1252,0,0,1252,T
8-NS,858,0,1234,0,0,1234,T
8-NS,859,0,1195,0,0,1195,T
8-NS,860,0,0,0,436,436,C
8-NS,861,0,318,0,0,318,T
8-NS,862,267,0,0,0,267,A
8-NS,863,0,0,0,266,266,C
