Gene,Position,A,T,G,C,Coverage,Consensus
1-PB2,1,194,0,0,0,194,A
1-PB2,2,0,195,0,0,195,T
1-PB2,3,0,0,196,0,196,G
1-PB2,4,0,0,197,0,197,G
1-PB2,5,197,0,0,1,198,A
1-PB2,6,199,0,0,0,199,A
1-PB2,7,199,0,0,0,199,A
1-PB2,8,0,0,232,0,232,G
1-PB2,9,228,0,0,0,228,A
1-PB2,10,235,0,0,0,235,A
1-PB2,11,0,248,0,0,248,T
1-PB2,12,247,0,0,0,247,A
1-PB2,13,246,0,0,0,246,A
1-PB2,14,246,0,0,0,246,A
1-PB2,15,246,0,1,0,247,A
1-PB2,16,0,0,253,0,253,G
1-PB2,17,252,0,1,0,253,A
1-PB2,18,255,0,0,0,255,A
1-PB2,19,0,0,0,258,258,C
1-PB2,20,0,257,0,0,257,T
1-PB2,21,265,0,0,0,265,A
1-PB2,22,0,0,0,264,264,C
1-PB2,23,0,0,266,0,266,G
1-PB2,24,0,1,269,0,270,G
1-PB2,25,272,0,1,0,273,A
1-PB2,26,293,0,0,0,293,A
1-PB2,27,0,294,0,0,294,T
1-PB2,28,1,0,0,295,296,C
1-PB2,29,0,297,0,0,297,T
1-PB2,30,0,0,302,0,302,G
1-PB2,31,301,0,1,0,302,A
1-PB2,32,0,302,0,0,302,T
1-PB2,33,0,0,306,0,306,G
1-PB2,34,0,313,0,1,314,T
1-PB2,35,1,0,0,307,308,C
1-PB2,36,0,0,309,0,309,G
1-PB2,37,0,1,0,309,310,C
1-PB2,38,309,0,0,1,310,A
1-PB2,39,1,0,329,0,330,G
1-PB2,40,0,331,0,1,332,T
1-PB2,41,0,0,0,330,330,C
1-PB2,42,0,329,0,0,329,T
1-PB2,43,0,0,0,331,331,C
1-PB2,44,0,0,331,0,331,G
1-PB2,45,0,0,0,334,334,C
1-PB2,46,336,0,0,0,336,A
1-PB2,47,0,0,0,345,345,C
1-PB2,48,0,341,0,0,341,T
1-PB2,49,0,1,0,350,351,C
1-PB2,50,1,0,351,0,352,G
1-PB2,51,0,0,0,353,353,C
1-PB2,52,0,0,354,0,354,G
1-PB2,53,353,1,0,0,354,A
1-PB2,54,0,0,356,0,356,G
1-PB2,55,370,0,0,0,370,A
1-PB2,56,0,372,0,0,372,T
1-PB2,57,371,0,0,0,371,A
1-PB2,58,0,1,0,369,370,C
1-PB2,59,0,369,0,0,369,T
1-PB2,60,0,0,379,2,381,G
1-PB2,61,381,0,1,0,382,A
1-PB2,62,0,0,0,386,386,C
1-PB2,63,386,0,0,0,386,A
1-PB2,64,382,0,0,0,382,A
1-PB2,65,387,0,0,0,387,A
1-PB2,66,403,0,0,0,403,A
1-PB2,67,404,0,0,0,404,A
1-PB2,68,0,0,0,414,414,C
1-PB2,69,0,0,0,413,413,C
1-PB2,70,422,0,0,0,422,A
1-PB2,71,0,0,0,428,428,C
1-PB2,72,429,0,0,0,429,A
1-PB2,73,11,0,431,0,442,G
1-PB2,74,0,436,0,1,437,T
1-PB2,75,0,0,451,0,451,G
1-PB2,76,0,0,451,0,451,G
1-PB2,77,454,0,0,0,454,A
1-PB2,78,0,0,0,482,482,C
1-PB2,79,1,0,0,482,483,C
1-PB2,80,491,0,0,0,491,A
1-PB2,81,0,490,0,0,490,T
1-PB2,82,482,0,3,0,485,A
1-PB2,83,0,485,0,0,485,T
1-PB2,84,1,0,480,0,481,G
1-PB2,85,0,0,486,0,486,G
1-PB2,86,0,0,0,488,488,C
1-PB2,87,0,0,0,480,480,C
1-PB2,88,479,0,0,0,479,A
1-PB2,89,0,517,0,0,517,T
1-PB2,90,517,0,0,0,517,A
1-PB2,91,543,0,0,0,543,A
1-PB2,92,0,544,0,0,544,T
1-PB2,93,0,540,0,0,540,T
1-PB2,94,553,0,0,0,553,A
1-PB2,95,552,0,1,1,554,A
1-PB2,96,0,0,570,0,570,G
1-PB2,97,574,0,0,0,574,A
1-PB2,98,559,0,0,0,559,A
1-PB2,99,0,0,593,1,594,G
1-PB2,100,0,580,0,1,581,T
1-PB2,101,586,0,0,0,586,A
1-PB2,102,0,0,0,586,586,C
1-PB2,103,585,0,3,0,588,A
1-PB2,104,0,0,0,606,606,C
1-PB2,105,596,0,1,0,597,A
1-PB2,106,0,596,0,2,598,T
1-PB2,107,0,1,0,599,600,C
1-PB2,108,1,2,587,0,590,G
1-PB2,109,0,0,596,0,596,G
1-PB2,110,0,0,595,1,596,G
1-PB2,111,0,0,595,0,595,G
1-PB2,112,592,0,1,0,593,A
1-PB2,113,0,0,604,0,604,G
1-PB2,114,602,0,0,0,602,A
1-PB2,115,0,0,0,613,613,C
1-PB2,116,613,0,0,0,613,A
1-PB2,117,0,1,619,0,620,G
1-PB2,118,0,0,628,0,628,G
1-PB2,119,625,0,0,0,625,A
1-PB2,120,629,0,1,0,630,A
1-PB2,121,627,0,2,0,629,A
1-PB2,122,623,0,2,0,625,A
1-PB2,123,1,0,632,0,633,G
1-PB2,124,624,0,0,0,624,A
1-PB2,125,626,0,1,0,627,A
1-PB2,126,0,0,0,626,626,C
1-PB2,127,0,0,0,620,620,C
1-PB2,128,0,0,0,623,623,C
1-PB2,129,0,1,624,0,625,G
1-PB2,130,0,622,0,1,623,T
1-PB2,131,2,0,0,629,631,C
1-PB2,132,629,0,1,0,630,A
1-PB2,133,0,0,0,638,638,C
1-PB2,134,0,639,0,0,639,T
1-PB2,135,0,638,1,0,639,T
1-PB2,136,635,0,0,0,635,A
1-PB2,137,0,1,646,0,647,G
1-PB2,138,0,0,652,0,652,G
1-PB2,139,651,0,0,0,651,A
1-PB2,140,0,648,0,1,649,T
1-PB2,141,0,0,656,0,656,G
1-PB2,142,662,0,1,0,663,A
1-PB2,143,665,0,0,0,665,A
1-PB2,144,665,0,0,0,665,A
1-PB2,145,0,662,0,0,662,T
1-PB2,146,1,2,659,0,662,G
1-PB2,147,0,0,667,0,667,G
1-PB2,148,664,0,2,0,666,A
1-PB2,149,1,660,0,1,662,T
1-PB2,150,0,1,657,0,658,G
1-PB2,151,656,0,1,0,657,A
1-PB2,152,0,662,0,0,662,T
1-PB2,153,0,0,655,0,655,G
1-PB2,154,0,0,664,0,664,G
1-PB2,155,1,0,0,659,660,C
1-PB2,156,652,0,1,0,653,A
1-PB2,157,668,0,1,0,669,A
1-PB2,158,0,673,0,0,673,T
1-PB2,159,0,2,696,0,698,G
1-PB2,160,692,0,1,0,693,A
1-PB2,161,683,0,8,0,691,A
1-PB2,162,691,0,1,0,692,A
1-PB2,163,0,692,0,0,692,T
1-PB2,164,698,0,0,0,698,A
1-PB2,165,0,0,0,718,718,C
1-PB2,166,1,0,0,715,716,C
1-PB2,167,0,0,0,713,713,C
1-PB2,168,704,0,0,0,704,A
1-PB2,169,705,0,0,0,705,A
1-PB2,170,0,706,0,2,708,T
1-PB2,171,0,0,0,706,706,C
1-PB2,172,702,1,0,0,703,A
1-PB2,173,0,1,2,720,723,C
1-PB2,174,0,716,0,1,717,T
1-PB2,175,0,0,717,0,717,G
1-PB2,176,0,0,0,719,719,C
1-PB2,177,0,718,0,0,718,T
1-PB2,178,0,1,729,0,730,G
1-PB2,179,721,0,3,0,724,A
1-PB2,180,0,0,0,732,732,C
1-PB2,181,730,0,2,0,732,A
1-PB2,182,717,0,1,0,718,A
1-PB2,183,712,0,2,0,714,A
1-PB2,184,715,0,0,0,715,A
1-PB2,185,0,0,743,0,743,G
1-PB2,186,0,0,740,0,740,G
1-PB2,187,732,0,4,0,736,A
1-PB2,188,0,735,0,0,735,T
1-PB2,189,728,0,0,0,728,A
1-PB2,190,736,0,1,0,737,A
1-PB2,191,0,0,0,738,738,C
1-PB2,192,736,0,1,0,737,A
1-PB2,193,0,0,734,0,734,G
1-PB2,194,720,0,0,0,720,A
1-PB2,195,725,0,0,0,725,A
1-PB2,196,719,0,0,0,719,A
1-PB2,197,0,712,0,1,713,T
1-PB2,198,0,1,714,0,715,G
1-PB2,199,708,0,0,0,708,A
1-PB2,200,1,714,0,0,715,T
1-PB2,201,0,711,0,0,711,T
1-PB2,202,1,0,0,713,714,C
1-PB2,203,0,0,0,712,712,C
1-PB2,204,708,0,1,0,709,A
1-PB2,205,0,0,707,0,707,G
1-PB2,206,708,0,1,0,709,A
1-PB2,207,1,2,712,0,715,G
1-PB2,208,707,0,0,0,707,A
1-PB2,209,0,0,725,0,725,G
1-PB2,210,722,0,0,0,722,A
1-PB2,211,721,0,1,0,722,A
1-PB2,212,726,0,0,0,726,A
1-PB2,213,0,721,0,0,721,T
1-PB2,214,1,0,727,0,728,G
1-PB2,215,734,0,0,0,734,A
1-PB2,216,729,0,2,0,731,A
1-PB2,217,0,0,0,729,729,C
1-PB2,218,719,0,0,0,719,A
1-PB2,219,717,0,0,0,717,A
1-PB2,220,0,0,739,0,739,G
1-PB2,221,0,0,748,0,748,G
1-PB2,222,749,0,1,1,751,A
1-PB2,223,0,1,0,745,746,C
1-PB2,224,744,0,1,0,745,A
1-PB2,225,748,0,0,0,748,A
1-PB2,226,792,0,0,0,792,A
1-PB2,227,0,0,0,801,801,C
1-PB2,228,0,795,0,0,795,T
1-PB2,229,0,0,0,816,816,C
1-PB2,230,0,795,0,0,795,T
1-PB2,231,800,0,0,0,800,A
1-PB2,232,0,794,0,0,794,T
1-PB2,233,0,1,797,0,798,G
1-PB2,234,0,1,821,0,822,G
1-PB2,235,786,0,3,0,789,A
1-PB2,236,0,0,807,0,807,G
1-PB2,237,0,801,0,1,802,T
1-PB2,238,790,0,0,0,790,A
1-PB2,239,794,0,0,0,794,A
1-PB2,240,793,0,0,0,793,A
1-PB2,241,791,0,0,0,791,A
1-PB2,242,0,785,1,0,786,T
1-PB2,243,1,0,786,0,787,G
1-PB2,244,777,0,1,0,778,A
1-PB2,245,0,0,782,0,782,G
1-PB2,246,0,777,0,0,777,T
1-PB2,247,1,0,777,1,779,G
1-PB2,248,804,1,1,0,806,A
1-PB2,249,1,815,0,0,816,T
1-PB2,250,0,0,814,0,814,G
1-PB2,251,0,0,0,810,810,C
1-PB2,252,0,811,0,1,812,T
1-PB2,253,1,0,847,0,848,G
1-PB2,254,1,1,844,0,846,G
1-PB2,255,857,0,0,0,857,A
1-PB2,256,0,855,0,1,856,T
1-PB2,257,0,1,0,860,861,C
1-PB2,258,865,0,0,0,865,A
1-PB2,259,0,1,896,0,897,G
1-PB2,260,896,0,4,0,900,A
1-PB2,261,0,900,0,0,900,T
1-PB2,262,868,0,1,0,869,A
1-PB2,263,1,0,890,2,893,G
1-PB2,264,887,0,0,0,887,A
1-PB2,265,1,0,907,0,908,G
1-PB2,266,0,892,0,1,893,T
1-PB2,267,0,0,892,0,892,G
1-PB2,268,862,0,2,0,864,A
1-PB2,269,1,862,0,0,863,T
1-PB2,270,0,0,883,0,883,G
1-PB2,271,0,0,897,0,897,G
1-PB2,272,0,889,0,1,890,T
1-PB2,273,888,1,0,0,889,A
1-PB2,274,1,874,0,1,876,T
1-PB2,275,0,0,0,875,875,C
1-PB2,276,884,0,0,0,884,A
1-PB2,277,0,0,1,913,914,C
1-PB2,278,0,0,0,909,909,C
1-PB2,279,0,891,0,1,892,T
1-PB2,280,0,876,0,0,876,T
1-PB2,281,0,879,0,1,880,T
1-PB2,282,0,2,889,0,891,G
1-PB2,283,0,0,889,0,889,G
1-PB2,284,1,0,0,897,898,C
1-PB2,285,0,883,0,1,884,T
1-PB2,286,0,0,889,0,889,G
1-PB2,287,0,884,0,0,884,T
1-PB2,288,888,0,0,0,888,A
1-PB2,289,901,0,0,0,901,A
1-PB2,290,0,0,0,897,897,C
1-PB2,291,889,0,0,0,889,A
1-PB2,292,0,881,0,1,882,T
1-PB2,293,0,0,871,0,871,G
1-PB2,294,0,0,899,0,899,G
1-PB2,295,0,882,0,1,883,T
1-PB2,296,0,0,888,0,888,G
1-PB2,297,0,0,898,0,898,G
1-PB2,298,890,0,1,0,891,A
1-PB2,299,899,0,2,1,902,A
1-PB2,300,0,899,0,0,899,T
1-PB2,301,900,0,0,0,900,A
1-PB2,302,0,1,920,0,921,G
1-PB2,303,909,0,2,0,911,A
1-PB2,304,910,0,0,0,910,A
1-PB2,305,912,1,1,0,914,A
1-PB2,306,0,899,0,0,899,T
1-PB2,307,0,2,892,0,894,G
1-PB2,308,0,0,892,0,892,G
1-PB2,309,897,0,1,0,898,A
1-PB2,310,1,0,0,904,905,C
1-PB2,311,0,0,0,902,902,C
1-PB2,312,0,0,0,889,889,C
1-PB2,313,0,0,896,0,896,G
1-PB2,314,0,901,0,3,904,T
1-PB2,315,2,1,916,0,919,G
1-PB2,316,925,1,0,0,926,A
1-PB2,317,0,0,0,931,931,C
1-PB2,318,929,0,0,0,929,A
1-PB2,319,926,0,2,0,928,A
1-PB2,320,0,0,945,1,946,G
1-PB2,321,1,945,0,1,947,T
1-PB2,322,945,0,0,0,945,A
1-PB2,323,0,0,0,936,936,C
1-PB2,324,0,2,926,0,928,G
1-PB2,325,0,0,953,0,953,G
1-PB2,326,0,954,0,2,956,T
1-PB2,327,0,0,0,963,963,C
1-PB2,328,0,0,0,963,963,C
1-PB2,329,949,0,0,0,949,A
1-PB2,330,1,956,0,1,958,T
1-PB2,331,0,957,0,0,957,T
1-PB2,332,1007,0,0,0,1007,A
1-PB2,333,0,0,0,1005,1005,C
1-PB2,334,1,0,0,977,978,C
1-PB2,335,3,0,1,977,981,C
1-PB2,336,973,0,0,0,973,A
1-PB2,337,976,0,0,0,976,A
1-PB2,338,974,0,0,0,974,A
1-PB2,339,968,0,1,0,969,A
1-PB2,340,0,0,985,0,985,G
1-PB2,341,0,931,1,0,932,T
1-PB2,342,0,0,968,0,968,G
1-PB2,343,0,968,1,0,969,T
1-PB2,344,964,1,1,0,966,A
1-PB2,345,0,1,0,965,966,C
1-PB2,346,956,0,1,0,957,A
1-PB2,347,958,0,1,0,959,A
1-PB2,348,0,1,974,0,975,G
1-PB2,349,958,0,1,0,959,A
1-PB2,350,0,0,1,963,964,C
1-PB2,351,0,951,0,1,952,T
1-PB2,352,0,959,0,2,961,T
1-PB2,353,961,0,0,0,961,A
1-PB2,354,0,961,0,0,961,T
1-PB2,355,0,962,0,0,962,T
1-PB2,356,0,957,0,0,957,T
1-PB2,357,0,0,0,950,950,C
1-PB2,358,2,1,950,0,953,G
1-PB2,359,952,0,1,0,953,A
1-PB2,360,0,0,0,954,954,C
1-PB2,361,950,0,0,0,950,A
1-PB2,362,946,0,0,0,946,A
1-PB2,363,947,0,0,0,947,A
1-PB2,364,0,0,960,1,961,G
1-PB2,365,0,953,0,0,953,T
1-PB2,366,0,0,0,952,952,C
1-PB2,367,0,0,957,0,957,G
1-PB2,368,955,0,0,1,956,A
1-PB2,369,954,0,2,0,956,A
1-PB2,370,955,0,1,0,956,A
1-PB2,371,0,2,978,0,980,G
1-PB2,372,0,0,985,0,985,G
1-PB2,373,0,972,0,0,972,T
1-PB2,374,0,974,0,0,974,T
1-PB2,375,975,0,0,0,975,A
1-PB2,376,976,0,1,0,977,A
1-PB2,377,977,0,0,0,977,A
1-PB2,378,990,0,0,0,990,A
1-PB2,379,0,0,0,1000,1000,C
1-PB2,380,967,0,0,0,967,A
1-PB2,381,0,965,0,1,966,T
1-PB2,382,1,0,963,0,964,G
1-PB2,383,0,2,960,0,962,G
1-PB2,384,959,0,2,0,961,A
1-PB2,385,969,0,0,0,969,A
1-PB2,386,0,0,0,990,990,C
1-PB2,387,0,0,0,1014,1014,C
1-PB2,388,0,991,0,0,991,T
1-PB2,389,0,993,0,0,993,T
1-PB2,390,0,993,0,0,993,T
1-PB2,391,0,0,992,0,992,G
1-PB2,392,0,1,997,0,998,G
1-PB2,393,0,0,0,999,999,C
1-PB2,394,1,0,0,993,994,C
1-PB2,395,1,0,0,986,987,C
1-PB2,396,0,948,0,1,949,T
1-PB2,397,0,0,963,0,963,G
1-PB2,398,0,955,0,10,965,T
1-PB2,399,0,963,0,0,963,T
1-PB2,400,3,0,0,961,964,C
1-PB2,401,958,0,0,0,958,A
1-PB2,402,0,958,0,0,958,T
1-PB2,403,0,954,0,0,954,T
1-PB2,404,0,954,0,1,955,T
1-PB2,405,0,953,0,0,953,T
1-PB2,406,945,2,0,0,947,A
1-PB2,407,0,0,946,0,946,G
1-PB2,408,940,0,0,0,940,A
1-PB2,409,947,0,0,1,948,A
1-PB2,410,946,0,0,0,946,A
1-PB2,411,0,942,0,0,942,T
1-PB2,412,0,0,0,943,943,C
1-PB2,413,945,0,0,0,945,A
1-PB2,414,949,1,1,0,951,A
1-PB2,415,0,0,953,0,953,G
1-PB2,416,0,955,0,1,956,T
1-PB2,417,2,1,0,955,958,C
1-PB2,418,957,1,2,0,960,A
1-PB2,419,959,0,2,0,961,A
1-PB2,420,0,0,961,0,961,G
1-PB2,421,963,0,1,0,964,A
1-PB2,422,0,967,0,0,967,T
1-PB2,423,976,0,1,0,977,A
1-PB2,424,0,1,0,975,976,C
1-PB2,425,0,0,975,2,977,G
1-PB2,426,0,0,1,982,983,C
1-PB2,427,974,0,1,0,975,A
1-PB2,428,0,0,985,0,985,G
1-PB2,429,983,0,0,0,983,A
1-PB2,430,986,0,0,0,986,A
1-PB2,431,1,0,1001,0,1002,G
1-PB2,432,984,0,0,0,984,A
1-PB2,433,0,0,990,0,990,G
1-PB2,434,0,990,0,0,990,T
1-PB2,435,975,0,0,0,975,A
1-PB2,436,1,0,990,0,991,G
1-PB2,437,987,1,3,0,991,A
1-PB2,438,1,0,0,1015,1016,C
1-PB2,439,994,0,0,1,995,A
1-PB2,440,0,970,0,0,970,T
1-PB2,441,959,0,0,0,959,A
1-PB2,442,959,0,0,0,959,A
1-PB2,443,955,0,1,0,956,A
1-PB2,444,0,0,0,962,962,C
1-PB2,445,1,0,0,951,952,C
1-PB2,446,1,0,0,934,935,C
1-PB2,447,1,887,0,0,888,T
1-PB2,448,0,1,898,0,899,G
1-PB2,449,0,0,919,0,919,G
1-PB2,450,0,919,0,1,920,T
1-PB2,451,0,0,0,918,918,C
1-PB2,452,930,0,0,0,930,A
1-PB2,453,0,929,0,0,929,T
1-PB2,454,0,1,935,0,936,G
1-PB2,455,0,0,0,936,936,C
1-PB2,456,923,1,0,0,924,A
1-PB2,457,0,0,929,0,929,G
1-PB2,458,906,0,1,0,907,A
1-PB2,459,1,0,0,920,921,C
1-PB2,460,0,0,0,920,920,C
1-PB2,461,0,906,0,0,906,T
1-PB2,462,0,1,0,906,907,C
1-PB2,463,892,0,0,0,892,A
1-PB2,464,0,0,917,0,917,G
1-PB2,465,0,915,0,0,915,T
1-PB2,466,0,0,921,0,921,G
1-PB2,467,0,0,0,911,911,C
1-PB2,468,0,0,0,905,905,C
1-PB2,469,901,0,1,0,902,A
1-PB2,470,904,0,0,0,904,A
1-PB2,471,897,0,0,0,897,A
1-PB2,472,0,1,906,1,908,G
1-PB2,473,874,0,0,0,874,A
1-PB2,474,0,0,878,0,878,G
1-PB2,475,0,0,870,0,870,G
1-PB2,476,2,0,0,875,877,C
1-PB2,477,871,1,0,0,872,A
1-PB2,478,0,0,0,877,877,C
1-PB2,479,866,0,0,0,866,A
1-PB2,480,898,0,0,0,898,A
1-PB2,481,0,1,902,0,903,G
1-PB2,482,915,0,0,0,915,A
1-PB2,483,0,912,0,1,913,T
1-PB2,484,0,0,908,0,908,G
1-PB2,485,0,910,0,1,911,T
1-PB2,486,915,0,0,0,915,A
1-PB2,487,914,0,0,0,914,A
1-PB2,488,0,917,0,0,917,T
1-PB2,489,0,878,0,2,880,T
1-PB2,490,873,0,0,0,873,A
1-PB2,491,0,856,0,1,857,T
1-PB2,492,0,0,857,0,857,G
1-PB2,493,1,0,860,0,861,G
1-PB2,494,853,0,0,0,853,A
1-PB2,495,846,0,0,0,846,A
1-PB2,496,0,0,852,0,852,G
1-PB2,497,0,846,0,0,846,T
1-PB2,498,0,845,0,1,846,T
1-PB2,499,0,0,851,0,851,G
1-PB2,500,0,843,0,1,844,T
1-PB2,501,0,846,0,1,847,T
1-PB2,502,0,840,1,0,841,T
1-PB2,503,0,845,0,0,845,T
1-PB2,504,0,845,0,0,845,T
1-PB2,505,0,1,0,847,848,C
1-PB2,506,0,0,0,851,851,C
1-PB2,507,1,0,0,855,856,C
1-PB2,508,851,0,1,0,852,A
1-PB2,509,861,0,0,0,861,A
1-PB2,510,0,861,0,0,861,T
1-PB2,511,0,1,862,0,863,G
1-PB2,512,869,0,0,0,869,A
1-PB2,513,863,0,1,0,864,A
1-PB2,514,0,0,878,0,878,G
1-PB2,515,0,864,0,1,865,T
1-PB2,516,1,1,868,0,870,G
1-PB2,517,0,0,860,0,860,G
1-PB2,518,0,1,859,0,860,G
1-PB2,519,868,0,1,0,869,A
1-PB2,520,0,0,863,0,863,G
1-PB2,521,1,2,0,857,860,C
1-PB2,522,0,0,1,869,870,C
1-PB2,523,865,0,1,0,866,A
1-PB2,524,0,1,882,0,883,G
1-PB2,525,0,0,883,0,883,G
1-PB2,526,891,0,0,0,891,A
1-PB2,527,0,890,1,0,891,T
1-PB2,528,891,0,0,0,891,A
1-PB2,529,1,0,0,891,892,C
1-PB2,530,0,887,0,0,887,T
1-PB2,531,889,0,0,0,889,A
1-PB2,532,887,0,0,0,887,A
1-PB2,533,0,0,0,884,884,C
1-PB2,534,860,0,0,0,860,A
1-PB2,535,0,852,0,0,852,T
1-PB2,536,0,0,0,856,856,C
1-PB2,537,841,0,0,0,841,A
1-PB2,538,0,1,849,0,850,G
1-PB2,539,845,0,1,0,846,A
1-PB2,540,845,0,1,0,846,A
1-PB2,541,0,840,0,0,840,T
1-PB2,542,0,1,0,827,828,C
1-PB2,543,824,1,1,0,826,A
1-PB2,544,0,0,0,844,844,C
1-PB2,545,846,0,1,0,847,A
1-PB2,546,854,0,0,0,854,A
1-PB2,547,0,835,0,1,836,T
1-PB2,548,0,833,0,0,833,T
1-PB2,549,843,0,1,0,844,A
1-PB2,550,846,0,0,0,846,A
1-PB2,551,0,0,0,854,854,C
1-PB2,552,849,0,0,0,849,A
1-PB2,553,836,0,1,0,837,A
1-PB2,554,0,843,0,1,844,T
1-PB2,555,841,0,0,0,841,A
1-PB2,556,847,0,0,0,847,A
1-PB2,557,0,0,0,839,839,C
1-PB2,558,0,837,0,0,837,T
1-PB2,559,835,0,0,0,835,A
1-PB2,560,827,0,1,0,828,A
1-PB2,561,830,0,2,0,832,A
1-PB2,562,0,0,829,0,829,G
1-PB2,563,821,0,0,0,821,A
1-PB2,564,0,1,830,0,831,G
1-PB2,565,826,0,4,0,830,A
1-PB2,566,833,0,1,0,834,A
1-PB2,567,834,0,1,0,835,A
1-PB2,568,836,0,0,0,836,A
1-PB2,569,838,0,0,0,838,A
1-PB2,570,838,0,0,0,838,A
1-PB2,571,0,4,839,0,843,G
1-PB2,572,840,0,1,0,841,A
1-PB2,573,835,0,0,0,835,A
1-PB2,574,0,0,835,0,835,G
1-PB2,575,838,0,0,0,838,A
1-PB2,576,838,0,1,0,839,A
1-PB2,577,0,1,0,843,844,C
1-PB2,578,0,828,0,1,829,T
1-PB2,579,0,1,0,839,840,C
1-PB2,580,0,1,0,843,844,C
1-PB2,581,0,1,843,0,844,G
1-PB2,582,842,0,0,0,842,A
1-PB2,583,0,0,841,0,841,G
1-PB2,584,843,0,0,0,843,A
1-PB2,585,0,838,0,0,838,T
1-PB2,586,0,825,0,0,825,T
1-PB2,587,0,0,825,0,825,G
1-PB2,588,0,0,0,820,820,C
1-PB2,589,829,0,0,0,829,A
1-PB2,590,826,0,1,0,827,A
1-PB2,591,829,0,0,0,829,A
1-PB2,592,838,0,0,0,838,A
1-PB2,593,0,836,0,0,836,T
1-PB2,594,0,828,0,0,828,T
1-PB2,595,1,824,0,3,828,T
1-PB2,596,0,0,0,836,836,C
1-PB2,597,0,829,0,2,831,T
1-PB2,598,1,0,0,1030,1031,C
1-PB2,599,2,0,0,1041,1043,C
1-PB2,600,0,0,0,1239,1239,C
1-PB2,601,2,1231,0,0,1233,T
1-PB2,602,0,1264,0,0,1264,T
1-PB2,603,0,1,1272,1,1274,G
1-PB2,604,1274,0,1,0,1275,A
1-PB2,605,0,1314,0,0,1314,T
1-PB2,606,0,1,1357,0,1358,G
1-PB2,607,1,0,1672,0,1673,G
1-PB2,608,0,1704,0,3,1707,T
1-PB2,609,0,1705,0,1,1706,T
1-PB2,610,0,0,1949,1,1950,G
1-PB2,611,0,0,0,1977,1977,C
1-PB2,612,2038,0,0,0,2038,A
1-PB2,613,0,2040,0,3,2043,T
1-PB2,614,2069,0,0,8,2077,A
1-PB2,615,0,1,1,2217,2219,C
1-PB2,616,2681,0,3,5,2689,A
1-PB2,617,0,2769,0,2,2771,T
1-PB2,618,0,0,3007,0,3007,G
1-PB2,619,0,2997,0,0,2997,T
1-PB2,620,0,2995,0,0,2995,T
1-PB2,621,3004,0,2,1,3007,A
1-PB2,622,1,3,3018,1,3023,G
1-PB2,623,3083,1,3,0,3087,A
1-PB2,624,1,2,3159,0,3162,G
1-PB2,625,3099,0,5,0,3104,A
1-PB2,626,0,3,3121,0,3124,G
1-PB2,627,3091,0,3,0,3094,A
1-PB2,628,1,0,3121,0,3122,G
1-PB2,629,3144,1,3,0,3148,A
1-PB2,630,3145,1,7,0,3153,A
1-PB2,631,0,0,0,3183,3183,C
1-PB2,632,0,3169,0,0,3169,T
1-PB2,633,0,3172,0,0,3172,T
1-PB2,634,1,0,3186,0,3187,G
1-PB2,635,1,3185,0,0,3186,T
1-PB2,636,3185,0,2,0,3187,A
1-PB2,637,0,0,0,3178,3178,C
1-PB2,638,2,0,3172,0,3174,G
1-PB2,639,3179,0,2,0,3181,A
1-PB2,640,3174,0,0,0,3174,A
1-PB2,641,3215,0,1,1,3217,A
1-PB2,642,3220,0,2,0,3222,A
1-PB2,643,3227,0,7,0,3234,A
1-PB2,644,0,0,0,3243,3243,C
1-PB2,645,3235,1,1,0,3237,A
1-PB2,646,3252,0,5,0,3257,A
1-PB2,647,0,2,3281,0,3283,G
1-PB2,648,3293,1,0,0,3294,A
1-PB2,649,1,3292,0,3,3296,T
1-PB2,650,0,3280,0,1,3281,T
1-PB2,651,0,3296,0,5,3301,T
1-PB2,652,1,1,0,3313,3315,C
1-PB2,653,0,3312,0,5,3317,T
1-PB2,654,1,0,0,3327,3328,C
1-PB2,655,3,0,0,3325,3328,C
1-PB2,656,3,3,0,3329,3335,C
1-PB2,657,3320,0,0,1,3321,A
1-PB2,658,0,0,3362,0,3362,G
1-PB2,659,0,3366,0,0,3366,T
1-PB2,660,1,3358,1,0,3360,T
1-PB2,661,1,2,3355,0,3358,G
1-PB2,662,1,0,0,3350,3351,C
1-PB2,663,0,3345,1,6,3352,T
1-PB2,664,1,3,3364,0,3368,G
1-PB2,665,3,0,3357,2,3362,G
1-PB2,666,2,3,0,3363,3368,C
1-PB2,667,3,1,3374,0,3378,G
1-PB2,668,1,1,3435,0,3437,G
1-PB2,669,3448,1,2,0,3451,A
1-PB2,670,3453,1,6,0,3460,A
1-PB2,671,0,2,0,3462,3464,C
1-PB2,672,3484,1,2,0,3487,A
1-PB2,673,3508,0,6,0,3514,A
1-PB2,674,0,2,3735,1,3738,G
1-PB2,675,0,2,2,3831,3835,C
1-PB2,676,3864,0,4,1,3869,A
1-PB2,677,1,0,5173,0,5174,G
1-PB2,678,0,5161,0,0,5161,T
1-PB2,679,5192,0,5,0,5197,A
1-PB2,680,0,5196,0,3,5199,T
1-PB2,681,5227,1,5,0,5233,A
1-PB2,682,1,5224,1,4,5230,T
1-PB2,683,5163,0,1,0,5164,A
1-PB2,684,0,2,0,5229,5231,C
1-PB2,685,5007,0,1,0,5008,A
1-PB2,686,0,4725,0,1,4726,T
1-PB2,687,0,4532,0,1,4533,T
1-PB2,688,1,3,4517,0,4521,G
1-PB2,689,4512,1,2,1,4516,A
1-PB2,690,4509,0,2,0,4511,A
1-PB2,691,0,0,4592,0,4592,G
1-PB2,692,0,4548,2,2,4552,T
1-PB2,693,0,4510,0,1,4511,T
1-PB2,694,0,4507,0,8,4515,T
1-PB2,695,0,4520,0,2,4522,T
1-PB2,696,4579,1,2,0,4582,A
1-PB2,697,0,2,0,4615,4617,C
1-PB2,698,4632,1,0,0,4633,A
1-PB2,699,0,4622,0,3,4625,T
1-PB2,700,0,4577,0,0,4577,T
1-PB2,701,0,4583,0,1,4584,T
1-PB2,702,0,2,4669,0,4671,G
1-PB2,703,4703,0,4,0,4707,A
1-PB2,704,0,0,0,4723,4723,C
1-PB2,705,0,4682,0,10,4692,T
1-PB2,706,5,1,0,4679,4685,C
1-PB2,707,4670,0,7,0,4677,A
1-PB2,708,2,4,4622,0,4628,G
1-PB2,709,2,1,4783,0,4786,G
1-PB2,710,0,5,4804,0,4809,G
1-PB2,711,4808,0,5,0,4813,A
1-PB2,712,4808,0,9,4,4821,A
1-PB2,713,0,1,0,4825,4826,C
1-PB2,714,1,0,4875,0,4876,G
1-PB2,715,0,4865,0,3,4868,T
1-PB2,716,2,262,4637,0,4901,G
1-PB2,717,0,4847,0,5,4852,T
1-PB2,718,0,4778,0,62,4840,T
1-PB2,719,2,8,4858,0,4868,G
1-PB2,720,1,2,4863,0,4866,G
1-PB2,721,0,1,4929,0,4930,G
1-PB2,722,4889,1,6,0,4896,A
1-PB2,723,4874,1,6,0,4881,A
1-PB2,724,0,1,0,5077,5078,C
1-PB2,725,5044,0,1,0,5045,A
1-PB2,726,5242,0,0,0,5242,A
1-PB2,727,5258,0,4,0,5262,A
1-PB2,728,0,5295,0,0,5295,T
1-PB2,729,0,0,5407,0,5407,G
1-PB2,730,2,5349,0,11,5362,T
1-PB2,731,5362,2,2,0,5366,A
1-PB2,732,0,2,0,5398,5400,C
1-PB2,733,5262,1,5,0,5268,A
1-PB2,734,0,1,1,5252,5254,C
1-PB2,735,0,5071,0,2,5073,T
1-PB2,736,3,1,2,5582,5588,C
1-PB2,737,1,4,0,5557,5562,C
1-PB2,738,5670,2,9,1,5682,A
1-PB2,739,0,2,5740,1,5743,G
1-PB2,740,1,0,5920,0,5921,G
1-PB2,741,0,5882,0,6,5888,T
1-PB2,742,0,4,5905,1,5910,G
1-PB2,743,0,4,5713,0,5717,G
1-PB2,744,5619,0,25,1,5645,A
1-PB2,745,0,0,5713,0,5713,G
1-PB2,746,0,4,5733,1,5738,G
1-PB2,747,5673,0,7,0,5680,A
1-PB2,748,0,0,5733,0,5733,G
1-PB2,749,0,5572,0,4,5576,T
1-PB2,750,1,5,5599,0,5605,G
1-PB2,751,5592,0,8,0,5600,A
1-PB2,752,2,3,5632,1,5638,G
1-PB2,753,3,1,5680,0,5684,G
1-PB2,754,5619,0,2,0,5621,A
1-PB2,755,5614,0,7,0,5621,A
1-PB2,756,1,5642,0,0,5643,T
1-PB2,757,1,1,5613,0,5615,G
1-PB2,758,5613,3,7,0,5623,A
1-PB2,759,3,1,1,5603,5608,C
1-PB2,760,5,2,5616,0,5623,G
1-PB2,761,5708,1,1,1,5711,A
1-PB2,762,0,5680,1,2,5683,T
1-PB2,763,0,0,5722,0,5722,G
1-PB2,764,0,5722,0,5,5727,T
1-PB2,765,2,5661,1,3,5667,T
1-PB2,766,5,4,5704,0,5713,G
1-PB2,767,5717,0,17,0,5734,A
1-PB2,768,0,6,0,5728,5734,C
1-PB2,769,4,5,0,5714,5723,C
1-PB2,770,5639,0,1,0,5640,A
1-PB2,771,5653,0,1,0,5654,A
1-PB2,772,5666,0,5,0,5671,A
1-PB2,773,0,0,5825,0,5825,G
1-PB2,774,0,0,0,5833,5833,C
1-PB2,775,4,2,1,5803,5810,C
1-PB2,776,1,5853,1,5,5860,T
1-PB2,777,5864,0,3,0,5867,A
1-PB2,778,5866,0,2,0,5868,A
1-PB2,779,2,5875,0,6,5883,T
1-PB2,780,0,5867,0,3,5870,T
1-PB2,781,5815,0,0,0,5815,A
1-PB2,782,1,5631,0,2,5634,T
1-PB2,783,0,5600,1,0,5601,T
1-PB2,784,0,0,5573,0,5573,G
1-PB2,785,0,4,0,5550,5554,C
1-PB2,786,2,4,5544,0,5550,G
1-PB2,787,2,0,5657,1,5660,G
1-PB2,788,1,2,0,5639,5642,C
1-PB2,789,2,2,1,5684,5689,C
1-PB2,790,5676,0,5,0,5681,A
1-PB2,791,0,2,5793,0,5795,G
1-PB2,792,1,2,5863,0,5866,G
1-PB2,793,5866,0,5,0,5871,A
1-PB2,794,5877,0,12,1,5890,A
1-PB2,795,0,0,0,5937,5937,C
1-PB2,796,5824,1,0,1,5826,A
1-PB2,797,0,5957,0,4,5961,T
1-PB2,798,6072,2,1,0,6075,A
1-PB2,799,2,0,6156,1,6159,G
1-PB2,800,1,6049,0,1,6051,T
1-PB2,801,6014,0,2,0,6016,A
1-PB2,802,5996,0,9,0,6005,A
1-PB2,803,3,0,6015,3,6021,G
1-PB2,804,5958,1,10,0,5969,A
1-PB2,805,5867,0,2,0,5869,A
1-PB2,806,4,3,5841,1,5849,G
1-PB2,807,5670,0,8,0,5678,A
1-PB2,808,3,0,5660,0,5663,G
1-PB2,809,0,1,1,5681,5683,C
1-PB2,810,2,5,0,5659,5666,C
1-PB2,811,4,1,5671,2,5678,G
1-PB2,812,0,0,0,5704,5704,C
1-PB2,813,5709,2,2,0,5713,A
1-PB2,814,0,0,6156,0,6156,G
1-PB2,815,0,6118,0,1,6119,T
1-PB2,816,6153,0,1,0,6154,A
1-PB2,817,0,6106,0,3,6109,T
1-PB2,818,5,1,2,6179,6187,C
1-PB2,819,6187,0,5,1,6193,A
1-PB2,820,1,1,6214,0,6216,G
1-PB2,821,1,0,1,6209,6211,C
1-PB2,822,5966,0,3,0,5969,A
1-PB2,823,1,1,5870,0,5872,G
1-PB2,824,5890,0,9,0,5899,A
1-PB2,825,0,5882,0,3,5885,T
1-PB2,826,3,1,0,5913,5917,C
1-PB2,827,3,2,0,5919,5924,C
1-PB2,828,5941,2,4,0,5947,A
1-PB2,829,2,1,0,5962,5965,C
1-PB2,830,1,5945,0,4,5950,T
1-PB2,831,5966,1,0,1,5968,A
1-PB2,832,9,2,5953,1,5965,G
1-PB2,833,2,0,0,5930,5932,C
1-PB2,834,5900,0,2,0,5902,A
1-PB2,835,1,5907,1,7,5916,T
1-PB2,836,0,0,0,5892,5892,C
1-PB2,837,0,5840,0,3,5843,T
1-PB2,838,0,5843,0,2,5845,T
1-PB2,839,1,5843,0,0,5844,T
1-PB2,840,4,0,5784,1,5789,G
1-PB2,841,0,5994,0,5,5999,T
1-PB2,842,0,5996,0,3,5999,T
1-PB2,843,5,1,5989,0,5995,G
1-PB2,844,0,4,6008,0,6012,G
1-PB2,845,5995,0,7,0,6002,A
1-PB2,846,1,0,6032,0,6033,G
1-PB2,847,5989,0,6,0,5995,A
1-PB2,848,1,5969,0,3,5973,T
1-PB2,849,0,1,6097,1,6099,G
1-PB2,850,2,6091,0,3,6096,T
1-PB2,851,4,2,6082,0,6088,G
1-PB2,852,3,4,0,6104,6111,C
1-PB2,853,4,3,0,6076,6083,C
1-PB2,854,6060,0,7,0,6067,A
1-PB2,855,0,2,0,6075,6077,C
1-PB2,856,5965,0,7,1,5973,A
1-PB2,857,1,1,6080,0,6082,G
1-PB2,858,0,3,1,5930,5934,C
1-PB2,859,5929,1,2,0,5932,A
1-PB2,860,0,1,1,5931,5933,C
1-PB2,861,5900,1,7,1,5909,A
1-PB2,862,0,2,0,5970,5972,C
1-PB2,863,5938,0,1,0,5939,A
1-PB2,864,5945,0,6,0,5951,A
1-PB2,865,5939,0,3,0,5942,A
1-PB2,866,0,5767,0,1,5768,T
1-PB2,867,0,5759,0,2,5761,T
1-PB2,868,0,0,5737,0,5737,G
1-PB2,869,0,0,5730,0,5730,G
1-PB2,870,1,31,0,5691,5723,C
1-PB2,871,3,5,5688,0,5696,G
1-PB2,872,3,5,5827,0,5835,G
1-PB2,873,5,1,5852,0,5858,G
1-PB2,874,5834,5,4,0,5843,A
1-PB2,875,2,1,0,5865,5868,C
1-PB2,876,5872,0,10,0,5882,A
1-PB2,877,5906,0,3,0,5909,A
1-PB2,878,1,2,5953,0,5956,G
1-PB2,879,1,1,5989,0,5991,G
1-PB2,880,5959,2,8,0,5969,A
1-PB2,881,1,5747,1,4,5753,T
1-PB2,882,1,2,5694,1,5698,G
1-PB2,883,1,0,5760,0,5761,G
1-PB2,884,1,5660,0,5,5666,T
1-PB2,885,2,6,5719,0,5727,G
1-PB2,886,0,5,5714,0,5719,G
1-PB2,887,5579,2,9,0,5590,A
1-PB2,888,0,0,1,5607,5608,C
1-PB2,889,5550,0,2,0,5552,A
1-PB2,890,0,6499,1,1,6501,T
1-PB2,891,0,6496,0,3,6499,T
1-PB2,892,2,1,0,6508,6511,C
1-PB2,893,0,6477,0,10,6487,T
1-PB2,894,0,6487,0,1,6488,T
1-PB2,895,6491,1,1,0,6493,A
1-PB2,896,0,4,6523,1,6528,G
1-PB2,897,6514,0,6,0,6520,A
1-PB2,898,1,2,1,6517,6521,C
1-PB2,899,5532,0,2,1,5535,A
1-PB2,900,0,0,5611,0,5611,G
1-PB2,901,5571,0,5,2,5578,A
1-PB2,902,5573,1,20,0,5594,A
1-PB2,903,1,0,0,5560,5561,C
1-PB2,904,2,2,0,5574,5578,C
1-PB2,905,4,1,0,5558,5563,C
1-PB2,906,0,4,5541,0,5545,G
1-PB2,907,5543,3,4,1,5551,A
1-PB2,908,0,0,0,5586,5586,C
1-PB2,909,0,5515,0,1,5516,T
1-PB2,910,1,0,5581,0,5582,G
1-PB2,911,5545,0,10,1,5556,A
1-PB2,912,5583,3,5,1,5592,A
1-PB2,913,3,2,5614,0,5619,G
1-PB2,914,5584,0,4,1,5589,A
1-PB2,915,5594,0,5,0,5599,A
1-PB2,916,0,3,1,5589,5593,C
1-PB2,917,5546,0,3,0,5549,A
1-PB2,918,5565,1,15,1,5582,A
1-PB2,919,1,1,5625,0,5627,G
1-PB2,920,1,2,0,5667,5670,C
1-PB2,921,0,5602,0,4,5606,T
1-PB2,922,4,2,5708,1,5715,G
1-PB2,923,2,5684,0,4,5690,T
1-PB2,924,2,2,5824,0,5828,G
1-PB2,925,2,3,6051,1,6057,G
1-PB2,926,6042,2,4,1,6049,A
1-PB2,927,1,6004,0,0,6005,T
1-PB2,928,5963,0,6,1,5970,A
1-PB2,929,0,5900,0,1,5901,T
1-PB2,930,6154,0,2,0,6156,A
1-PB2,931,1,6037,0,6,6044,T
1-PB2,932,2,0,6027,0,6029,G
1-PB2,933,1,1,0,5947,5949,C
1-PB2,934,5653,1,2,0,5656,A
1-PB2,935,5654,0,7,1,5662,A
1-PB2,936,1,1,5658,1,5661,G
1-PB2,937,3,1,5691,0,5695,G
1-PB2,938,0,2,0,5694,5696,C
1-PB2,939,0,5471,0,52,5523,T
1-PB2,940,0,0,5565,0,5565,G
1-PB2,941,2,1,0,5576,5579,C
1-PB2,942,5587,0,6,0,5593,A
1-PB2,943,5602,0,5,0,5607,A
1-PB2,944,0,5553,0,2,5555,T
1-PB2,945,1,3,5578,0,5582,G
1-PB2,946,2,3,5527,0,5532,G
1-PB2,947,0,2,5544,0,5546,G
1-PB2,948,5516,0,5,0,5521,A
1-PB2,949,1,5507,0,0,5508,T
1-PB2,950,1,5470,0,3,5474,T
1-PB2,951,1,1,5488,0,5490,G
1-PB2,952,5465,0,7,1,5473,A
1-PB2,953,0,1,5535,0,5536,G
1-PB2,954,5476,1,3,0,5480,A
1-PB2,955,5415,0,3,0,5418,A
1-PB2,956,3,5353,0,3,5359,T
1-PB2,957,4,1,0,5381,5386,C
1-PB2,958,5381,0,4,0,5385,A
1-PB2,959,1,0,5438,0,5439,G
1-PB2,960,2,2,0,5422,5426,C
1-PB2,961,4,5381,0,10,5395,T
1-PB2,962,7,1,2,5374,5384,C
1-PB2,963,5380,0,3,0,5383,A
1-PB2,964,1,5533,0,3,5537,T
1-PB2,965,1,1,0,5550,5552,C
1-PB2,966,5,0,0,5600,5605,C
1-PB2,967,0,5555,2,9,5566,T
1-PB2,968,1,5524,0,1,5526,T
1-PB2,969,1,0,0,5528,5529,C
1-PB2,970,5528,1,3,0,5532,A
1-PB2,971,1,1,5617,0,5619,G
1-PB2,972,3,1,0,5606,5610,C
1-PB2,973,0,5481,0,8,5489,T
1-PB2,974,1,5492,0,3,5496,T
1-PB2,975,1,5444,0,5,5450,T
1-PB2,976,0,3,5468,2,5473,G
1-PB2,977,1,0,5480,0,5481,G
1-PB2,978,0,5445,0,9,5454,T
1-PB2,979,1,5,5496,1,5503,G
1-PB2,980,0,2,5505,0,5507,G
1-PB2,981,1,1,5557,1,5560,G
1-PB2,982,0,5524,0,2,5526,T
1-PB2,983,0,5520,1,13,5534,T
1-PB2,984,0,5532,0,1,5533,T
1-PB2,985,5552,0,9,1,5562,A
1-PB2,986,0,1,0,5567,5568,C
1-PB2,987,5591,0,3,0,5594,A
1-PB2,988,1,5550,0,2,5553,T
1-PB2,989,0,5405,1,1,5407,T
1-PB2,990,0,5384,0,0,5384,T
1-PB2,991,5386,0,1,0,5387,A
1-PB2,992,5381,0,2,0,5383,A
1-PB2,993,5394,0,2,0,5396,A
1-PB2,994,5355,0,11,0,5366,A
1-PB2,995,1,6,5405,1,5413,G
1-PB2,996,5376,0,5,1,5382,A
1-PB2,997,5388,0,3,0,5391,A
1-PB2,998,0,2,0,5410,5412,C
1-PB2,999,5383,0,4,0,5387,A
1-PB2,1000,5384,0,4,0,5388,A
1-PB2,1001,1,0,5401,0,5402,G
1-PB2,1002,0,2,1,5395,5398,C
1-PB2,1003,3,4,5397,0,5404,G
1-PB2,1004,0,3,5433,0,5436,G
1-PB2,1005,0,0,5449,0,5449,G
1-PB2,1006,0,5404,1,9,5414,T
1-PB2,1007,3,3,2,5410,5418,C
1-PB2,1008,5396,1,24,1,5422,A
1-PB2,1009,0,5375,1,7,5383,T
1-PB2,1010,2,3,2,5404,5411,C
1-PB2,1011,5372,2,8,0,5382,A
1-PB2,1012,0,0,5455,0,5455,G
1-PB2,1013,0,5351,0,4,5355,T
1-PB2,1014,5,2,0,5339,5346,C
1-PB2,1015,5352,0,6,1,5359,A
1-PB2,1016,5373,0,1,0,5374,A
1-PB2,1017,5362,0,1,0,5363,A
1-PB2,1018,5370,0,4,0,5374,A
1-PB2,1019,5417,0,1,0,5418,A
1-PB2,1020,5414,2,11,0,5427,A
1-PB2,1021,1,2,5473,0,5476,G
1-PB2,1022,5448,1,3,0,5452,A
1-PB2,1023,5443,1,8,0,5452,A
1-PB2,1024,3,1,5448,0,5452,G
1-PB2,1025,5416,0,6,0,5422,A
1-PB2,1026,5285,1,13,0,5299,A
1-PB2,1027,0,3,5298,0,5301,G
1-PB2,1028,5260,0,14,0,5274,A
1-PB2,1029,0,2,5285,0,5287,G
1-PB2,1030,1,1,5439,0,5441,G
1-PB2,1031,2,5428,0,4,5434,T
1-PB2,1032,1,2,5540,0,5543,G
1-PB2,1033,0,0,0,5584,5584,C
1-PB2,1034,1,5562,1,8,5572,T
1-PB2,1035,0,5580,1,3,5584,T
1-PB2,1036,5578,1,0,0,5579,A
1-PB2,1037,2,0,1,5580,5583,C
1-PB2,1038,5469,1,5,0,5475,A
1-PB2,1039,0,4,5475,1,5480,G
1-PB2,1040,1,0,5439,0,5440,G
1-PB2,1041,0,3,1,5324,5328,C
1-PB2,1042,5244,0,1,0,5245,A
1-PB2,1043,5252,0,4,0,5256,A
1-PB2,1044,0,5404,0,5,5409,T
1-PB2,1045,1,1,0,5467,5469,C
1-PB2,1046,1,5418,0,15,5434,T
1-PB2,1047,6,0,0,5454,5460,C
1-PB2,1048,2,8,0,5418,5428,C
1-PB2,1049,5431,1,5,0,5437,A
1-PB2,1050,5432,0,3,0,5435,A
1-PB2,1051,5440,2,1,0,5443,A
1-PB2,1052,0,0,0,5479,5479,C
1-PB2,1053,5300,1,1,0,5302,A
1-PB2,1054,0,5255,1,3,5259,T
1-PB2,1055,0,5228,1,2,5231,T
1-PB2,1056,1,0,5330,0,5331,G
1-PB2,1057,5333,0,3,0,5336,A
1-PB2,1058,5430,1,5,0,5436,A
1-PB2,1059,5433,1,3,0,5437,A
1-PB2,1060,5427,1,3,0,5431,A
1-PB2,1061,1,5463,1,0,5465,T
1-PB2,1062,5466,0,1,0,5467,A
1-PB2,1063,5476,1,4,0,5481,A
1-PB2,1064,1,4,5601,2,5608,G
1-PB2,1065,5491,0,6,0,5497,A
1-PB2,1066,0,0,5783,0,5783,G
1-PB2,1067,0,5689,1,0,5690,T
1-PB2,1068,5734,1,3,0,5738,A
1-PB2,1069,2,1,1,5890,5894,C
1-PB2,1070,5827,0,4,0,5831,A
1-PB2,1071,1,5834,0,1,5836,T
1-PB2,1072,1,1,5839,1,5842,G
1-PB2,1073,5688,1,6,0,5695,A
1-PB2,1074,1,8,5750,0,5759,G
1-PB2,1075,1,4,5743,0,5748,G
1-PB2,1076,1,4,6082,1,6088,G
1-PB2,1077,1,0,6133,0,6134,G
1-PB2,1078,0,5969,0,2,5971,T
1-PB2,1079,6003,0,6,0,6009,A
1-PB2,1080,0,5969,0,2,5971,T
1-PB2,1081,2,5,5999,3,6009,G
1-PB2,1082,5986,2,5,0,5993,A
1-PB2,1083,1,5,5977,0,5983,G
1-PB2,1084,0,3,5957,1,5961,G
1-PB2,1085,5446,1,5,2,5454,A
1-PB2,1086,0,3,5631,1,5635,G
1-PB2,1087,0,5601,0,11,5612,T
1-PB2,1088,1,5793,1,4,5799,T
1-PB2,1089,3,0,0,5806,5809,C
1-PB2,1090,5795,3,5,0,5803,A
1-PB2,1091,1,2,0,5822,5825,C
1-PB2,1092,5781,0,1,1,5783,A
1-PB2,1093,5810,1,6,1,5818,A
1-PB2,1094,0,5802,0,3,5805,T
1-PB2,1095,2,3,5687,1,5693,G
1-PB2,1096,2,1,5740,1,5744,G
1-PB2,1097,0,5530,1,3,5534,T
1-PB2,1098,1,7,5568,0,5576,G
1-PB2,1099,3,6,5556,0,5565,G
1-PB2,1100,2,0,5553,0,5555,G
1-PB2,1101,2,5,5609,0,5616,G
1-PB2,1102,5572,0,2,1,5575,A
1-PB2,1103,5592,1,1,0,5594,A
1-PB2,1104,5561,1,3,0,5565,A
1-PB2,1105,5481,1,9,0,5491,A
1-PB2,1106,1,3,5575,4,5583,G
1-PB2,1107,5529,0,10,1,5540,A
1-PB2,1108,1,0,5569,0,5570,G
1-PB2,1109,0,1,0,5549,5550,C
1-PB2,1110,5523,1,4,1,5529,A
1-PB2,1111,5536,0,2,0,5538,A
1-PB2,1112,0,2,2,5761,5765,C
1-PB2,1113,5762,0,4,0,5766,A
1-PB2,1114,0,0,5882,1,5883,G
1-PB2,1115,1,3,0,5821,5825,C
1-PB2,1116,0,5782,0,2,5784,T
1-PB2,1117,5990,0,5,0,5995,A
1-PB2,1118,0,5994,0,1,5995,T
1-PB2,1119,6019,0,3,0,6022,A
1-PB2,1120,1,1,0,6033,6035,C
1-PB2,1121,0,5667,0,3,5670,T
1-PB2,1122,5705,0,2,0,5707,A
1-PB2,1123,5554,0,2,0,5556,A
1-PB2,1124,2,3,5562,0,5567,G
1-PB2,1125,5553,1,5,0,5559,A
1-PB2,1126,5375,0,4,0,5379,A
1-PB2,1127,5369,0,2,0,5371,A
1-PB2,1128,5338,0,9,0,5347,A
1-PB2,1129,1,1,5358,0,5360,G
1-PB2,1130,1,1,1,5364,5367,C
1-PB2,1131,5348,0,3,1,5352,A
1-PB2,1132,5360,0,4,1,5365,A
1-PB2,1133,0,0,0,5400,5400,C
1-PB2,1134,1,1,2,5383,5387,C
1-PB2,1135,5389,1,1,0,5391,A
1-PB2,1136,2,0,5425,0,5427,G
1-PB2,1137,5415,1,2,0,5418,A
1-PB2,1138,5407,0,8,0,5415,A
1-PB2,1139,1,2,5476,0,5479,G
1-PB2,1140,5435,0,8,0,5443,A
1-PB2,1141,0,5441,1,1,5443,T
1-PB2,1142,0,5401,2,3,5406,T
1-PB2,1143,2,4,5417,1,5424,G
1-PB2,1144,3,0,5540,0,5543,G
1-PB2,1145,1,5499,0,6,5506,T
1-PB2,1146,1,5492,0,5,5498,T
1-PB2,1147,5,0,0,5503,5508,C
1-PB2,1148,5582,0,5,0,5587,A
1-PB2,1149,2,0,5821,0,5823,G
1-PB2,1150,1,0,1,5844,5846,C
1-PB2,1151,1,5826,1,11,5839,T
1-PB2,1152,2,4,3,5869,5878,C
1-PB2,1153,5796,1,2,0,5799,A
1-PB2,1154,0,5814,0,3,5817,T
1-PB2,1155,5827,0,0,0,5827,A
1-PB2,1156,0,0,5859,0,5859,G
1-PB2,1157,0,5489,0,5,5494,T
1-PB2,1158,1,3,5493,1,5498,G
1-PB2,1159,5323,1,5,0,5329,A
1-PB2,1160,0,0,5425,1,5426,G
1-PB2,1161,2,5374,0,6,5382,T
1-PB2,1162,0,4,5377,0,5381,G
1-PB2,1163,1,4,5402,0,5407,G
1-PB2,1164,5397,0,2,0,5399,A
1-PB2,1165,5349,0,14,0,5363,A
1-PB2,1166,1,2,5405,1,5409,G
1-PB2,1167,5281,1,5,1,5288,A
1-PB2,1168,2,3,5345,0,5350,G
1-PB2,1169,5273,0,5,0,5278,A
1-PB2,1170,0,2,0,5282,5284,C
1-PB2,1171,4,5,5289,0,5298,G
1-PB2,1172,5234,0,1,1,5236,A
1-PB2,1173,5266,1,5,0,5272,A
1-PB2,1174,1,2,1,5277,5281,C
1-PB2,1175,5233,0,4,0,5237,A
1-PB2,1176,0,0,5601,0,5601,G
1-PB2,1177,1,5508,0,24,5533,T
1-PB2,1178,2,1,1,5533,5537,C
1-PB2,1179,5547,1,1,0,5549,A
1-PB2,1180,5526,0,2,0,5528,A
1-PB2,1181,0,5531,0,1,5532,T
1-PB2,1182,5529,0,0,1,5530,A
1-PB2,1183,0,3,5521,0,5524,G
1-PB2,1184,0,0,2,5501,5503,C
1-PB2,1185,1,90,0,5142,5233,C
1-PB2,1186,1,1,5196,0,5198,G
1-PB2,1187,5195,1,2,0,5198,A
1-PB2,1188,5209,0,6,2,5217,A
1-PB2,1189,2,0,5278,0,5280,G
1-PB2,1190,0,1,1,5411,5413,C
1-PB2,1191,5415,0,1,0,5416,A
1-PB2,1192,5408,0,6,0,5414,A
1-PB2,1193,1,5411,0,1,5413,T
1-PB2,1194,5444,0,2,0,5446,A
1-PB2,1195,5500,0,3,0,5503,A
1-PB2,1196,0,5482,1,2,5485,T
1-PB2,1197,3,1,0,5453,5457,C
1-PB2,1198,1,0,5423,0,5424,G
1-PB2,1199,1,5254,0,2,5257,T
1-PB2,1200,4,0,5234,0,5238,G
1-PB2,1201,2,1,5309,0,5312,G
1-PB2,1202,2,2,1,5315,5320,C
1-PB2,1203,2,0,1,5296,5299,C
1-PB2,1204,5236,0,1,2,5239,A
1-PB2,1205,0,5230,0,8,5238,T
1-PB2,1206,3,3,5264,0,5270,G
1-PB2,1207,2,0,5358,0,5360,G
1-PB2,1208,1,5301,0,5,5307,T
1-PB2,1209,4,0,5376,1,5381,G
1-PB2,1210,0,5261,1,4,5266,T
1-PB2,1211,0,5319,0,8,5327,T
1-PB2,1212,0,5319,0,2,5321,T
1-PB2,1213,3,5322,0,4,5329,T
1-PB2,1214,2,1,0,5419,5422,C
1-PB2,1215,5394,1,4,0,5399,A
1-PB2,1216,2,3,1,5531,5537,C
1-PB2,1217,5434,0,2,2,5438,A
1-PB2,1218,5421,0,13,0,5434,A
1-PB2,1219,2,4,5462,1,5469,G
1-PB2,1220,5383,1,3,0,5387,A
1-PB2,1221,76,1,5400,0,5477,G
1-PB2,1222,1,1,5488,0,5490,G
1-PB2,1223,5421,1,2,0,5424,A
1-PB2,1224,0,5427,0,5,5432,T
1-PB2,1225,0,5352,0,4,5356,T
1-PB2,1226,2,0,5350,0,5352,G
1-PB2,1227,0,2,0,5168,5170,C
1-PB2,1228,5200,0,12,0,5212,A
1-PB2,1229,0,5238,0,4,5242,T
1-PB2,1230,4,3,5407,0,5414,G
1-PB2,1231,5434,0,1,0,5435,A
1-PB2,1232,1,5468,0,0,5469,T
1-PB2,1233,5448,0,0,0,5448,A
1-PB2,1234,5446,1,1,0,5448,A
1-PB2,1235,5429,2,0,0,5431,A
1-PB2,1236,5431,1,8,0,5440,A
1-PB2,1237,0,1,5457,0,5458,G
1-PB2,1238,1,3,0,5546,5550,C
1-PB2,1239,5574,0,4,0,5578,A
1-PB2,1240,0,1,5763,0,5764,G
1-PB2,1241,0,5735,0,6,5741,T
1-PB2,1242,0,5743,0,2,5745,T
1-PB2,1243,5750,0,2,0,5752,A
1-PB2,1244,5,2,5791,0,5798,G
1-PB2,1245,5760,0,4,0,5764,A
1-PB2,1246,0,1,5772,0,5773,G
1-PB2,1247,3,0,5740,2,5745,G
1-PB2,1248,0,5418,0,5,5423,T
1-PB2,1249,1,7,5446,0,5454,G
1-PB2,1250,5439,1,13,0,5453,A
1-PB2,1251,1,2,1,5477,5481,C
1-PB2,1252,1,0,0,5494,5495,C
1-PB2,1253,0,5450,0,7,5457,T
1-PB2,1254,2,3,5490,0,5495,G
1-PB2,1255,5491,1,3,1,5496,A
1-PB2,1256,5484,0,0,2,5486,A
1-PB2,1257,0,5506,0,4,5510,T
1-PB2,1258,0,5548,0,5,5553,T
1-PB2,1259,0,5548,0,5,5553,T
1-PB2,1260,2,1,0,5546,5549,C
1-PB2,1261,3,1,5550,0,5554,G
1-PB2,1262,0,5545,0,9,5554,T
1-PB2,1263,0,1,0,5540,5541,C
1-PB2,1264,5532,1,2,0,5535,A
1-PB2,1265,5552,0,3,0,5555,A
1-PB2,1266,0,3,0,5559,5562,C
1-PB2,1267,5467,0,1,2,5470,A
1-PB2,1268,3,4,5570,0,5577,G
1-PB2,1269,5530,1,7,0,5538,A
1-PB2,1270,2,0,5552,0,5554,G
1-PB2,1271,2,2,0,5553,5557,C
1-PB2,1272,5545,1,2,0,5548,A
1-PB2,1273,5623,0,0,1,5624,A
1-PB2,1274,5611,1,4,0,5616,A
1-PB2,1275,0,5602,0,1,5603,T
1-PB2,1276,1,1,1,5622,5625,C
1-PB2,1277,5527,0,7,0,5534,A
1-PB2,1278,1,0,5540,0,5541,G
1-PB2,1279,0,3,0,5563,5566,C
1-PB2,1280,1,2,5570,0,5573,G
1-PB2,1281,2,1,5928,0,5931,G
1-PB2,1282,0,5866,0,12,5878,T
1-PB2,1283,0,5878,0,3,5881,T
1-PB2,1284,0,5,5890,0,5895,G
1-PB2,1285,5891,0,8,0,5899,A
1-PB2,1286,5947,2,5,0,5954,A
1-PB2,1287,2,0,0,5999,6001,C
1-PB2,1288,3,2,0,5976,5981,C
1-PB2,1289,5,2,0,6035,6042,C
1-PB2,1290,9,1,0,5749,5759,C
1-PB2,1291,5789,1,5,0,5795,A
1-PB2,1292,0,5817,0,4,5821,T
1-PB2,1293,1,2,5833,1,5837,G
1-PB2,1294,0,1,1,5859,5861,C
1-PB2,1295,5814,1,4,0,5819,A
1-PB2,1296,1,5754,0,13,5768,T
1-PB2,1297,2,0,1,5754,5757,C
1-PB2,1298,5679,0,7,0,5686,A
1-PB2,1299,8,1,5780,1,5790,G
1-PB2,1300,0,0,0,5815,5815,C
1-PB2,1301,0,5755,0,31,5786,T
1-PB2,1302,0,5780,0,7,5787,T
1-PB2,1303,0,5767,0,0,5767,T
1-PB2,1304,0,5765,0,2,5767,T
1-PB2,1305,5763,1,2,0,5766,A
1-PB2,1306,5753,2,7,0,5762,A
1-PB2,1307,2,1,5761,0,5764,G
1-PB2,1308,1,1,5699,0,5701,G
1-PB2,1309,0,2,0,5647,5649,C
1-PB2,1310,5634,0,3,0,5637,A
1-PB2,1311,0,5634,2,3,5639,T
1-PB2,1312,0,5657,0,4,5661,T
1-PB2,1313,0,5676,0,2,5678,T
1-PB2,1314,0,5673,0,8,5681,T
1-PB2,1315,3,1,0,5676,5680,C
1-PB2,1316,5662,0,5,0,5667,A
1-PB2,1317,0,3,5654,1,5658,G
1-PB2,1318,5621,1,39,1,5662,A
1-PB2,1319,5656,0,3,1,5660,A
1-PB2,1320,5640,0,8,0,5648,A
1-PB2,1321,0,2,5645,0,5647,G
1-PB2,1322,5697,0,6,0,5703,A
1-PB2,1323,0,5674,0,4,5678,T
1-PB2,1324,4,0,5702,0,5706,G
1-PB2,1325,0,0,0,5708,5708,C
1-PB2,1326,2,1,5712,2,5717,G
1-PB2,1327,5713,0,6,0,5719,A
1-PB2,1328,5697,2,4,3,5706,A
1-PB2,1329,5699,1,3,0,5703,A
1-PB2,1330,0,1,5709,0,5710,G
1-PB2,1331,0,5642,0,5,5647,T
1-PB2,1332,1,0,5652,0,5653,G
1-PB2,1333,1,1,0,5625,5627,C
1-PB2,1334,0,5617,0,7,5624,T
1-PB2,1335,1,5622,0,0,5623,T
1-PB2,1336,1,5626,2,3,5632,T
1-PB2,1337,0,5635,0,3,5638,T
1-PB2,1338,0,5625,0,3,5628,T
1-PB2,1339,3,0,0,5617,5620,C
1-PB2,1340,5626,0,1,0,5627,A
1-PB2,1341,5660,0,2,0,5662,A
1-PB2,1342,5666,0,1,1,5668,A
1-PB2,1343,5690,0,1,0,5691,A
1-PB2,1344,1,5677,0,1,5679,T
1-PB2,1345,1,5678,0,1,5680,T
1-PB2,1346,1,3,5711,0,5715,G
1-PB2,1347,1,6,5710,0,5717,G
1-PB2,1348,0,4,5705,0,5709,G
1-PB2,1349,0,6,5780,0,5786,G
1-PB2,1350,5735,0,11,0,5746,A
1-PB2,1351,0,0,5952,0,5952,G
1-PB2,1352,0,5924,1,4,5929,T
1-PB2,1353,1,5918,1,2,5922,T
1-PB2,1354,1,6,5945,0,5952,G
1-PB2,1355,5954,2,8,0,5964,A
1-PB2,1356,5969,2,12,0,5983,A
1-PB2,1357,0,2,0,6102,6104,C
1-PB2,1358,6007,1,5,0,6013,A
1-PB2,1359,0,0,0,6210,6210,C
1-PB2,1360,6029,1,2,0,6032,A
1-PB2,1361,0,6012,0,1,6013,T
1-PB2,1362,1,5963,0,10,5974,T
1-PB2,1363,2,4,6079,0,6085,G
1-PB2,1364,6088,2,4,0,6094,A
1-PB2,1365,1,1,0,6059,6061,C
1-PB2,1366,5891,0,5,2,5898,A
1-PB2,1367,5603,0,8,0,5611,A
1-PB2,1368,1,5696,0,4,5701,T
1-PB2,1369,1,1,5785,0,5787,G
1-PB2,1370,0,5775,0,3,5778,T
1-PB2,1371,0,4,5794,0,5798,G
1-PB2,1372,5759,0,9,1,5769,A
1-PB2,1373,0,5748,1,2,5751,T
1-PB2,1374,2,3,5748,0,5753,G
1-PB2,1375,0,5,5756,0,5761,G
1-PB2,1376,1,1,5775,0,5777,G
1-PB2,1377,5752,0,1,0,5753,A
1-PB2,1378,5710,0,4,0,5714,A
1-PB2,1379,0,5766,0,3,5769,T
1-PB2,1380,2,1,5828,0,5831,G
1-PB2,1381,5851,1,4,0,5856,A
1-PB2,1382,0,5842,0,1,5843,T
1-PB2,1383,0,5832,0,5,5837,T
1-PB2,1384,1,2,5814,0,5817,G
1-PB2,1385,0,3,5984,0,5987,G
1-PB2,1386,5960,1,11,0,5972,A
1-PB2,1387,2,0,6071,0,6073,G
1-PB2,1388,0,5998,0,2,6000,T
1-PB2,1389,5961,1,2,1,5965,A
1-PB2,1390,2,5977,0,4,5983,T
1-PB2,1391,0,6023,0,6,6029,T
1-PB2,1392,6079,1,4,0,6084,A
1-PB2,1393,0,2,1,6098,6101,C
1-PB2,1394,3,1,0,5987,5991,C
1-PB2,1395,5897,0,6,0,5903,A
1-PB2,1396,1,0,5955,1,5957,G
1-PB2,1397,6110,0,1,0,6111,A
1-PB2,1398,0,6053,2,2,6057,T
1-PB2,1399,6007,0,2,0,6009,A
1-PB2,1400,0,5951,0,5,5956,T
1-PB2,1401,2,7,5917,1,5927,G
1-PB2,1402,5951,0,8,0,5959,A
1-PB2,1403,0,0,0,6000,6000,C
1-PB2,1404,1,5963,0,3,5967,T
1-PB2,1405,5,2,1,5959,5967,C
1-PB2,1406,2,1,0,5837,5840,C
1-PB2,1407,5866,0,5,0,5871,A
1-PB2,1408,5902,1,10,0,5913,A
1-PB2,1409,1,2,6099,0,6102,G
1-PB2,1410,0,3,0,6076,6079,C
1-PB2,1411,6042,3,2,1,6048,A
1-PB2,1412,1,0,1,6049,6051,C
1-PB2,1413,6006,0,7,1,6014,A
1-PB2,1414,0,2,6059,1,6062,G
1-PB2,1415,6013,0,4,0,6017,A
1-PB2,1416,0,1,6063,0,6064,G
1-PB2,1417,6094,0,4,0,6098,A
1-PB2,1418,0,5870,0,5,5875,T
1-PB2,1419,2,0,5996,1,5999,G
1-PB2,1420,0,5953,0,11,5964,T
1-PB2,1421,0,5,3,5953,5961,C
1-PB2,1422,5971,0,3,0,5974,A
1-PB2,1423,5954,0,4,0,5958,A
1-PB2,1424,0,5945,0,0,5945,T
1-PB2,1425,1,2,5924,0,5927,G
1-PB2,1426,5811,0,6,0,5817,A
1-PB2,1427,1,1,5870,1,5873,G
1-PB2,1428,5744,1,25,0,5770,A
1-PB2,1429,0,0,5808,0,5808,G
1-PB2,1430,1,1,6148,0,6150,G
1-PB2,1431,6128,1,2,0,6131,A
1-PB2,1432,6139,0,6,0,6145,A
1-PB2,1433,0,6141,0,3,6144,T
1-PB2,1434,6141,0,3,0,6144,A
1-PB2,1435,6103,1,12,0,6116,A
1-PB2,1436,5,8,6114,1,6128,G
1-PB2,1437,6070,0,9,1,6080,A
1-PB2,1438,1,1,6100,0,6102,G
1-PB2,1439,0,5660,0,6,5666,T
1-PB2,1440,7,1,1,5672,5681,C
1-PB2,1441,5677,0,3,0,5680,A
1-PB2,1442,2,0,5718,0,5720,G
1-PB2,1443,1,1,0,5723,5725,C
1-PB2,1444,5724,0,0,0,5724,A
1-PB2,1445,5753,0,3,0,5756,A
1-PB2,1446,5740,0,1,1,5742,A
1-PB2,1447,5755,1,6,1,5763,A
1-PB2,1448,0,5742,0,3,5745,T
1-PB2,1449,2,6,5758,0,5766,G
1-PB2,1450,1,6,5765,0,5772,G
1-PB2,1451,1,1,5810,1,5813,G
1-PB2,1452,0,5721,1,5,5727,T
1-PB2,1453,1,1,5760,0,5762,G
1-PB2,1454,0,5725,0,10,5735,T
1-PB2,1455,1,1,5755,0,5757,G
1-PB2,1456,0,1,5876,1,5878,G
1-PB2,1457,5876,0,3,0,5879,A
1-PB2,1458,1,5826,0,6,5833,T
1-PB2,1459,1,2,5893,1,5897,G
1-PB2,1460,5842,2,5,0,5849,A
1-PB2,1461,5870,0,6,0,5876,A
1-PB2,1462,1,5855,1,6,5863,T
1-PB2,1463,5817,0,3,0,5820,A
1-PB2,1464,1,0,0,6254,6255,C
1-PB2,1465,0,6073,0,10,6083,T
1-PB2,1466,7,3,0,6145,6155,C
1-PB2,1467,2,1,1,6146,6150,C
1-PB2,1468,6124,2,4,0,6130,A
1-PB2,1469,1,0,6361,0,6362,G
1-PB2,1470,0,6316,0,0,6316,T
1-PB2,1471,6347,0,2,0,6349,A
1-PB2,1472,1,4,3,6374,6382,C
1-PB2,1473,5763,2,7,1,5773,A
1-PB2,1474,2,3,5804,1,5810,G
1-PB2,1475,5687,0,8,0,5695,A
1-PB2,1476,3,4,5731,0,5738,G
1-PB2,1477,5477,0,8,1,5486,A
1-PB2,1478,0,7,5353,0,5360,G
1-PB2,1479,5082,1,21,0,5104,A
1-PB2,1480,1,1,5251,0,5253,G
1-PB2,1481,1,5235,0,5,5241,T
1-PB2,1482,2,4,5256,0,5262,G
1-PB2,1483,1,0,5282,1,5284,G
1-PB2,1484,0,5172,0,7,5179,T
1-PB2,1485,1,0,5391,0,5392,G
1-PB2,1486,1,0,5385,0,5386,G
1-PB2,1487,1,5216,0,19,5236,T
1-PB2,1488,1,5235,1,5,5242,T
1-PB2,1489,5147,0,1,0,5148,A
1-PB2,1490,1,0,5208,0,5209,G
1-PB2,1491,0,2,3,5187,5192,C
1-PB2,1492,5154,0,3,0,5157,A
1-PB2,1493,0,5156,0,1,5157,T
1-PB2,1494,1,4880,0,2,4883,T
1-PB2,1495,1,1,4879,2,4883,G
1-PB2,1496,4860,1,3,0,4864,A
1-PB2,1497,2,4863,1,1,4867,T
1-PB2,1498,3,0,0,4872,4875,C
1-PB2,1499,3,2,4800,0,4805,G
1-PB2,1500,1,0,4929,1,4931,G
1-PB2,1501,0,4901,0,2,4903,T
1-PB2,1502,0,4896,0,5,4901,T
1-PB2,1503,0,4912,0,0,4912,T
1-PB2,1504,0,4896,0,3,4899,T
1-PB2,1505,0,4897,0,3,4900,T
1-PB2,1506,0,3,4901,0,4904,G
1-PB2,1507,4862,0,22,0,4884,A
1-PB2,1508,0,2,4912,0,4914,G
1-PB2,1509,4649,0,8,0,4657,A
1-PB2,1510,1,1,4712,0,4714,G
1-PB2,1511,0,4711,0,3,4714,T
1-PB2,1512,1,4698,0,4,4703,T
1-PB2,1513,3,1,0,4713,4717,C
1-PB2,1514,2,1,4718,0,4721,G
1-PB2,1515,4719,2,6,0,4727,A
1-PB2,1516,0,4,4717,0,4721,G
1-PB2,1517,4701,1,17,0,4719,A
1-PB2,1518,1,0,0,4709,4710,C
1-PB2,1519,4,0,0,4657,4661,C
1-PB2,1520,4608,0,6,0,4614,A
1-PB2,1521,4666,0,3,1,4670,A
1-PB2,1522,0,0,0,4676,4676,C
1-PB2,1523,0,0,4681,0,4681,G
1-PB2,1524,0,4636,0,6,4642,T
1-PB2,1525,1,5,4629,0,4635,G
1-PB2,1526,0,2,4633,0,4635,G
1-PB2,1527,2,4,4634,0,4640,G
1-PB2,1528,4544,2,8,0,4554,A
1-PB2,1529,4554,0,5,0,4559,A
1-PB2,1530,0,4410,0,1,4411,T
1-PB2,1531,2,0,4362,0,4364,G
1-PB2,1532,0,6,1,4262,4269,C
1-PB2,1533,4416,1,2,0,4419,A
1-PB2,1534,0,4462,0,3,4465,T
1-PB2,1535,0,4466,0,1,4467,T
1-PB2,1536,4585,0,2,0,4587,A
1-PB2,1537,0,4578,0,3,4581,T
1-PB2,1538,0,4540,0,7,4547,T
1-PB2,1539,4532,0,2,0,4534,A
1-PB2,1540,0,4174,0,6,4180,T
1-PB2,1541,0,1,0,4288,4289,C
1-PB2,1542,8,4204,0,23,4235,T
1-PB2,1543,5,0,0,4233,4238,C
1-PB2,1544,1,0,0,4236,4237,C
1-PB2,1545,0,3968,0,7,3975,T
1-PB2,1546,2,0,3994,0,3996,G
1-PB2,1547,3968,3,2,0,3973,A
1-PB2,1548,1,1,3975,0,3977,G
1-PB2,1549,0,0,3973,0,3973,G
1-PB2,1550,3433,0,2,0,3435,A
1-PB2,1551,1,0,3460,0,3461,G
1-PB2,1552,1,0,3433,0,3434,G
1-PB2,1553,0,3327,0,8,3335,T
1-PB2,1554,3,1,0,3347,3351,C
1-PB2,1555,3311,0,2,0,3313,A
1-PB2,1556,0,0,3354,0,3354,G
1-PB2,1557,1,3337,0,2,3340,T
1-PB2,1558,1,2,3330,3,3336,G
1-PB2,1559,3335,0,3,0,3338,A
1-PB2,1560,3168,0,0,0,3168,A
1-PB2,1561,3177,0,2,0,3179,A
1-PB2,1562,0,0,0,3189,3189,C
1-PB2,1563,3158,0,2,0,3160,A
1-PB2,1564,0,1,0,3154,3155,C
1-PB2,1565,3034,0,3,0,3037,A
1-PB2,1566,3004,0,3,0,3007,A
1-PB2,1567,0,1,3030,0,3031,G
1-PB2,1568,1,2,3075,0,3078,G
1-PB2,1569,3073,1,0,0,3074,A
1-PB2,1570,3032,0,3,0,3035,A
1-PB2,1571,1,0,1,3050,3052,C
1-PB2,1572,0,2985,0,1,2986,T
1-PB2,1573,0,1,2991,1,2993,G
1-PB2,1574,2961,0,3,0,2964,A
1-PB2,1575,0,2,2971,1,2974,G
1-PB2,1576,2909,1,1,0,2911,A
1-PB2,1577,0,1,2694,0,2695,G
1-PB2,1578,2676,0,2,0,2678,A
1-PB2,1579,0,0,0,2665,2665,C
1-PB2,1580,1,2559,0,1,2561,T
1-PB2,1581,0,2,2590,0,2592,G
1-PB2,1582,2579,0,5,0,2584,A
1-PB2,1583,0,1,1,2591,2593,C
1-PB2,1584,2551,0,2,0,2553,A
1-PB2,1585,2548,1,1,0,2550,A
1-PB2,1586,0,2530,0,0,2530,T
1-PB2,1587,2518,0,2,0,2520,A
1-PB2,1588,2518,0,1,0,2519,A
1-PB2,1589,0,0,0,2532,2532,C
1-PB2,1590,0,2260,0,1,2261,T
1-PB2,1591,0,2227,1,1,2229,T
1-PB2,1592,2190,0,0,0,2190,A
1-PB2,1593,1,2183,0,3,2187,T
1-PB2,1594,0,2175,0,3,2178,T
1-PB2,1595,2,0,0,2169,2171,C
1-PB2,1596,1956,0,0,0,1956,A
1-PB2,1597,0,1952,0,0,1952,T
1-PB2,1598,1,0,0,1831,1832,C
1-PB2,1599,2,0,1832,0,1834,G
1-PB2,1600,0,1830,1,3,1834,T
1-PB2,1601,0,0,1,1799,1800,C
1-PB2,1602,2,0,1803,0,1805,G
1-PB2,1603,1802,0,1,0,1803,A
1-PB2,1604,0,1800,0,0,1800,T
1-PB2,1605,0,2,1787,1,1790,G
1-PB2,1606,1780,0,2,0,1782,A
1-PB2,1607,0,1781,0,0,1781,T
1-PB2,1608,0,0,1759,0,1759,G
1-PB2,1609,0,1669,0,1,1670,T
1-PB2,1610,2,0,1666,0,1668,G
1-PB2,1611,0,0,1667,0,1667,G
1-PB2,1612,1,1,1649,0,1651,G
1-PB2,1613,1588,0,1,0,1589,A
1-PB2,1614,0,1,1573,0,1574,G
1-PB2,1615,1400,0,0,0,1400,A
1-PB2,1616,0,1353,0,0,1353,T
1-PB2,1617,0,1296,0,1,1297,T
1-PB2,1618,1286,0,1,0,1287,A
1-PB2,1619,1285,0,0,0,1285,A
1-PB2,1620,0,1,0,1269,1270,C
1-PB2,1621,0,1,1137,0,1138,G
1-PB2,1622,0,0,1112,0,1112,G
1-PB2,1623,0,889,0,0,889,T
1-PB2,1624,1,0,0,868,869,C
1-PB2,1625,0,0,0,868,868,C
1-PB2,1626,0,788,0,1,789,T
1-PB2,1627,0,1,786,0,787,G
1-PB2,1628,793,0,1,0,794,A
1-PB2,1629,0,0,793,0,793,G
1-PB2,1630,0,789,0,1,790,T
1-PB2,1631,0,0,0,760,760,C
1-PB2,1632,0,0,760,0,760,G
1-PB2,1633,1,0,778,0,779,G
1-PB2,1634,0,778,0,0,778,T
1-PB2,1635,0,775,0,0,775,T
1-PB2,1636,0,777,0,0,777,T
1-PB2,1637,0,778,0,0,778,T
1-PB2,1638,0,1,816,0,817,G
1-PB2,1639,0,0,819,0,819,G
1-PB2,1640,0,817,0,1,818,T
1-PB2,1641,0,1,1,817,819,C
1-PB2,1642,810,0,0,0,810,A
1-PB2,1643,844,0,1,0,845,A
1-PB2,1644,0,847,0,0,847,T
1-PB2,1645,853,0,0,0,853,A
1-PB2,1646,0,0,0,885,885,C
1-PB2,1647,0,0,0,844,844,C
1-PB2,1648,0,847,0,0,847,T
1-PB2,1649,864,0,0,0,864,A
1-PB2,1650,1,866,1,0,868,T
1-PB2,1651,0,1,0,875,876,C
1-PB2,1652,846,0,1,0,847,A
1-PB2,1653,842,0,0,0,842,A
1-PB2,1654,0,840,0,0,840,T
1-PB2,1655,1,0,821,0,822,G
1-PB2,1656,0,1,822,0,823,G
1-PB2,1657,817,0,0,0,817,A
1-PB2,1658,0,791,0,0,791,T
1-PB2,1659,0,0,0,788,788,C
1-PB2,1660,782,0,0,0,782,A
1-PB2,1661,0,782,0,1,783,T
1-PB2,1662,0,0,0,786,786,C
1-PB2,1663,790,0,0,0,790,A
1-PB2,1664,1,0,789,0,790,G
1-PB2,1665,781,0,0,0,781,A
1-PB2,1666,783,0,0,0,783,A
1-PB2,1667,794,0,0,0,794,A
1-PB2,1668,0,798,0,0,798,T
1-PB2,1669,0,795,0,0,795,T
1-PB2,1670,0,1,788,0,789,G
1-PB2,1671,0,0,790,0,790,G
1-PB2,1672,0,1,785,0,786,G
1-PB2,1673,789,0,0,0,789,A
1-PB2,1674,789,0,1,0,790,A
1-PB2,1675,0,0,785,0,785,G
1-PB2,1676,0,0,0,782,782,C
1-PB2,1677,0,776,0,2,778,T
1-PB2,1678,0,0,783,0,783,G
1-PB2,1679,0,778,0,3,781,T
1-PB2,1680,0,0,0,784,784,C
1-PB2,1681,787,0,0,0,787,A
1-PB2,1682,783,1,1,0,785,A
1-PB2,1683,786,0,0,0,786,A
1-PB2,1684,798,0,0,1,799,A
1-PB2,1685,0,797,0,0,797,T
1-PB2,1686,0,795,0,0,795,T
1-PB2,1687,0,0,0,791,791,C
1-PB2,1688,784,0,1,0,785,A
1-PB2,1689,784,0,1,0,785,A
1-PB2,1690,0,789,0,0,789,T
1-PB2,1691,0,0,787,0,787,G
1-PB2,1692,0,0,802,0,802,G
1-PB2,1693,1,815,0,1,817,T
1-PB2,1694,0,0,0,821,821,C
1-PB2,1695,0,818,0,0,818,T
1-PB2,1696,0,1,0,823,824,C
1-PB2,1697,821,0,4,0,825,A
1-PB2,1698,1,0,831,0,832,G
1-PB2,1699,827,1,0,0,828,A
1-PB2,1700,834,1,2,0,837,A
1-PB2,1701,0,825,0,0,825,T
1-PB2,1702,0,0,0,810,810,C
1-PB2,1703,1,0,0,825,826,C
1-PB2,1704,0,817,0,4,821,T
1-PB2,1705,0,0,826,0,826,G
1-PB2,1706,1,0,0,820,821,C
1-PB2,1707,827,0,0,0,827,A
1-PB2,1708,838,0,2,0,840,A
1-PB2,1709,0,827,0,0,827,T
1-PB2,1710,0,0,848,0,848,G
1-PB2,1711,0,850,0,1,851,T
1-PB2,1712,0,820,1,0,821,T
1-PB2,1713,0,1,824,0,825,G
1-PB2,1714,0,822,0,1,823,T
1-PB2,1715,825,0,0,0,825,A
1-PB2,1716,0,0,0,822,822,C
1-PB2,1717,800,0,0,0,800,A
1-PB2,1718,813,0,0,0,813,A
1-PB2,1719,0,0,0,793,793,C
1-PB2,1720,774,0,1,0,775,A
1-PB2,1721,770,0,0,0,770,A
1-PB2,1722,752,0,0,0,752,A
1-PB2,1723,756,0,0,0,756,A
1-PB2,1724,0,753,0,0,753,T
1-PB2,1725,0,0,754,0,754,G
1-PB2,1726,0,0,756,0,756,G
1-PB2,1727,755,0,1,0,756,A
1-PB2,1728,764,0,0,0,764,A
1-PB2,1729,0,763,0,0,763,T
1-PB2,1730,0,760,0,0,760,T
1-PB2,1731,0,760,0,0,760,T
1-PB2,1732,0,0,755,0,755,G
1-PB2,1733,762,0,0,0,762,A
1-PB2,1734,762,0,0,0,762,A
1-PB2,1735,0,0,0,758,758,C
1-PB2,1736,1,0,0,749,750,C
1-PB2,1737,768,0,1,0,769,A
1-PB2,1738,0,777,0,2,779,T
1-PB2,1739,0,782,0,0,782,T
1-PB2,1740,1,777,0,0,778,T
1-PB2,1741,0,0,1,777,778,C
1-PB2,1742,777,0,0,0,777,A
1-PB2,1743,778,0,1,0,779,A
1-PB2,1744,1,775,0,0,776,T
1-PB2,1745,1,0,0,788,789,C
1-PB2,1746,0,771,0,0,771,T
1-PB2,1747,0,771,0,1,772,T
1-PB2,1748,0,772,0,0,772,T
1-PB2,1749,772,0,0,0,772,A
1-PB2,1750,0,0,773,0,773,G
1-PB2,1751,0,767,0,2,769,T
1-PB2,1752,0,1,0,785,786,C
1-PB2,1753,0,0,0,791,791,C
1-PB2,1754,1,0,0,782,783,C
1-PB2,1755,3,1,0,779,783,C
1-PB2,1756,783,0,1,0,784,A
1-PB2,1757,780,0,0,0,780,A
1-PB2,1758,0,0,796,0,796,G
1-PB2,1759,0,0,785,0,785,G
1-PB2,1760,1,0,0,776,777,C
1-PB2,1761,0,0,0,771,771,C
1-PB2,1762,775,0,0,0,775,A
1-PB2,1763,0,787,0,0,787,T
1-PB2,1764,0,785,0,1,786,T
1-PB2,1765,790,0,0,0,790,A
1-PB2,1766,1,0,789,1,791,G
1-PB2,1767,777,0,1,0,778,A
1-PB2,1768,820,0,0,1,821,A
1-PB2,1769,0,0,821,0,821,G
1-PB2,1770,0,0,0,825,825,C
1-PB2,1771,0,0,0,835,835,C
1-PB2,1772,825,0,1,0,826,A
1-PB2,1773,837,0,0,0,837,A
1-PB2,1774,0,832,0,0,832,T
1-PB2,1775,840,0,0,0,840,A
1-PB2,1776,0,0,1,841,842,C
1-PB2,1777,785,1,0,0,786,A
1-PB2,1778,0,0,789,0,789,G
1-PB2,1779,0,774,0,0,774,T
1-PB2,1780,0,0,791,1,792,G
1-PB2,1781,0,0,786,0,786,G
1-PB2,1782,0,0,783,0,783,G
1-PB2,1783,0,769,1,0,770,T
1-PB2,1784,1,765,0,1,767,T
1-PB2,1785,0,777,0,1,778,T
1-PB2,1786,0,0,784,0,784,G
1-PB2,1787,0,780,0,0,780,T
1-PB2,1788,0,0,0,780,780,C
1-PB2,1789,768,0,0,0,768,A
1-PB2,1790,0,0,766,0,766,G
1-PB2,1791,762,1,0,0,763,A
1-PB2,1792,760,0,1,0,761,A
1-PB2,1793,0,0,0,765,765,C
1-PB2,1794,0,736,0,1,737,T
1-PB2,1795,0,0,0,760,760,C
1-PB2,1796,0,760,0,0,760,T
1-PB2,1797,778,0,0,0,778,A
1-PB2,1798,0,775,0,0,775,T
1-PB2,1799,0,773,0,0,773,T
1-PB2,1800,2,1,0,772,775,C
1-PB2,1801,0,0,0,775,775,C
1-PB2,1802,769,0,1,0,770,A
1-PB2,1803,770,0,2,0,772,A
1-PB2,1804,0,0,0,772,772,C
1-PB2,1805,764,0,1,0,765,A
1-PB2,1806,759,0,1,0,760,A
1-PB2,1807,765,0,0,1,766,A
1-PB2,1808,0,768,0,0,768,T
1-PB2,1809,0,1,768,0,769,G
1-PB2,1810,758,0,1,0,759,A
1-PB2,1811,0,1,764,1,766,G
1-PB2,1812,760,0,1,0,761,A
1-PB2,1813,0,1,763,0,764,G
1-PB2,1814,766,0,1,0,767,A
1-PB2,1815,0,0,0,765,765,C
1-PB2,1816,2,0,764,0,766,G
1-PB2,1817,0,762,0,0,762,T
1-PB2,1818,772,0,1,0,773,A
1-PB2,1819,0,0,1,773,774,C
1-PB2,1820,0,769,0,1,770,T
1-PB2,1821,0,768,0,0,768,T
1-PB2,1822,0,0,767,0,767,G
1-PB2,1823,0,0,766,0,766,G
1-PB2,1824,0,0,773,0,773,G
1-PB2,1825,754,0,3,0,757,A
1-PB2,1826,0,0,0,763,763,C
1-PB2,1827,765,0,0,0,765,A
1-PB2,1828,0,766,0,7,773,T
1-PB2,1829,0,774,0,0,774,T
1-PB2,1830,0,777,1,0,778,T
1-PB2,1831,0,0,774,0,774,G
1-PB2,1832,776,0,0,0,776,A
1-PB2,1833,0,0,0,774,774,C
1-PB2,1834,771,0,1,0,772,A
1-PB2,1835,0,0,0,780,780,C
1-PB2,1836,1,0,0,762,763,C
1-PB2,1837,760,0,0,0,760,A
1-PB2,1838,1,0,0,767,768,C
1-PB2,1839,0,0,0,765,765,C
1-PB2,1840,0,0,0,773,773,C
1-PB2,1841,771,0,0,0,771,A
1-PB2,1842,1,0,780,0,781,G
1-PB2,1843,777,0,1,0,778,A
1-PB2,1844,0,813,0,0,813,T
1-PB2,1845,797,0,1,0,798,A
1-PB2,1846,798,0,0,0,798,A
1-PB2,1847,0,794,0,0,794,T
1-PB2,1848,792,0,0,0,792,A
1-PB2,1849,783,0,0,0,783,A
1-PB2,1850,783,0,0,0,783,A
1-PB2,1851,1,0,787,0,788,G
1-PB2,1852,0,0,0,787,787,C
1-PB2,1853,0,748,0,1,749,T
1-PB2,1854,0,751,0,1,752,T
1-PB2,1855,0,0,0,754,754,C
1-PB2,1856,0,749,0,0,749,T
1-PB2,1857,1,0,0,763,764,C
1-PB2,1858,0,0,0,760,760,C
1-PB2,1859,0,0,0,768,768,C
1-PB2,1860,0,763,0,1,764,T
1-PB2,1861,0,769,1,0,770,T
1-PB2,1862,1,766,0,0,767,T
1-PB2,1863,0,771,0,0,771,T
1-PB2,1864,0,0,769,0,769,G
1-PB2,1865,0,0,0,772,772,C
1-PB2,1866,754,0,1,0,755,A
1-PB2,1867,0,0,757,0,757,G
1-PB2,1868,0,0,0,754,754,C
1-PB2,1869,0,748,0,1,749,T
1-PB2,1870,0,0,750,0,750,G
1-PB2,1871,0,0,0,751,751,C
1-PB2,1872,0,739,0,1,740,T
1-PB2,1873,1,0,0,751,752,C
1-PB2,1874,0,0,0,749,749,C
1-PB2,1875,753,0,0,0,753,A
1-PB2,1876,0,0,0,759,759,C
1-PB2,1877,0,0,0,757,757,C
1-PB2,1878,753,0,0,0,753,A
1-PB2,1879,758,0,0,0,758,A
1-PB2,1880,754,0,3,0,757,A
1-PB2,1881,0,0,763,0,763,G
1-PB2,1882,0,0,0,759,759,C
1-PB2,1883,744,0,0,0,744,A
1-PB2,1884,748,0,1,0,749,A
1-PB2,1885,746,1,1,0,748,A
1-PB2,1886,0,1,765,0,766,G
1-PB2,1887,0,1,0,767,768,C
1-PB2,1888,765,0,1,0,766,A
1-PB2,1889,1,0,770,0,771,G
1-PB2,1890,758,0,2,0,760,A
1-PB2,1891,775,0,0,0,775,A
1-PB2,1892,0,771,0,1,772,T
1-PB2,1893,0,0,771,0,771,G
1-PB2,1894,0,0,0,771,771,C
1-PB2,1895,760,0,0,0,760,A
1-PB2,1896,0,0,774,0,774,G
1-PB2,1897,0,776,0,0,776,T
1-PB2,1898,0,803,0,0,803,T
1-PB2,1899,0,0,0,805,805,C
1-PB2,1900,0,796,0,0,796,T
1-PB2,1901,1,0,0,812,813,C
1-PB2,1902,0,806,0,3,809,T
1-PB2,1903,0,810,0,0,810,T
1-PB2,1904,0,1,0,814,815,C
1-PB2,1905,809,0,1,0,810,A
1-PB2,1906,0,0,0,812,812,C
1-PB2,1907,0,774,0,0,774,T
1-PB2,1908,0,1,790,0,791,G
1-PB2,1909,783,0,0,0,783,A
1-PB2,1910,0,0,0,808,808,C
1-PB2,1911,0,786,0,0,786,T
1-PB2,1912,0,0,802,0,802,G
1-PB2,1913,0,789,0,2,791,T
1-PB2,1914,0,1,803,0,804,G
1-PB2,1915,802,0,0,0,802,A
1-PB2,1916,811,0,0,0,811,A
1-PB2,1917,0,798,0,1,799,T
1-PB2,1918,1,0,802,0,803,G
1-PB2,1919,0,775,0,1,776,T
1-PB2,1920,0,0,780,0,780,G
1-PB2,1921,760,0,1,0,761,A
1-PB2,1922,0,2,767,0,769,G
1-PB2,1923,0,0,756,0,756,G
1-PB2,1924,1,1,758,0,760,G
1-PB2,1925,0,0,775,0,775,G
1-PB2,1926,773,1,0,0,774,A
1-PB2,1927,0,771,0,0,771,T
1-PB2,1928,0,0,0,778,778,C
1-PB2,1929,772,2,3,0,777,A
1-PB2,1930,0,2,787,0,789,G
1-PB2,1931,0,0,790,0,790,G
1-PB2,1932,0,1,787,0,788,G
1-PB2,1933,788,0,0,0,788,A
1-PB2,1934,0,753,0,0,753,T
1-PB2,1935,0,0,757,0,757,G
1-PB2,1936,746,0,2,0,748,A
1-PB2,1937,0,0,772,0,772,G
1-PB2,1938,766,0,1,0,767,A
1-PB2,1939,758,0,1,0,759,A
1-PB2,1940,0,767,0,0,767,T
1-PB2,1941,758,0,0,0,758,A
1-PB2,1942,0,0,0,772,772,C
1-PB2,1943,1,761,0,1,763,T
1-PB2,1944,0,763,0,1,764,T
1-PB2,1945,0,0,768,0,768,G
1-PB2,1946,1,749,0,2,752,T
1-PB2,1947,752,0,1,0,753,A
1-PB2,1948,748,0,0,0,748,A
1-PB2,1949,1,0,738,0,739,G
1-PB2,1950,0,1,745,0,746,G
1-PB2,1951,0,0,720,0,720,G
1-PB2,1952,1,0,718,0,719,G
1-PB2,1953,0,1,0,723,724,C
1-PB2,1954,722,0,0,0,722,A
1-PB2,1955,734,0,0,0,734,A
1-PB2,1956,0,740,0,0,740,T
1-PB2,1957,0,736,0,2,738,T
1-PB2,1958,0,0,0,753,753,C
1-PB2,1959,0,741,0,1,742,T
1-PB2,1960,0,1,0,753,754,C
1-PB2,1961,0,0,0,755,755,C
1-PB2,1962,0,750,0,0,750,T
1-PB2,1963,1,0,774,0,775,G
1-PB2,1964,0,758,0,0,758,T
1-PB2,1965,765,0,0,0,765,A
1-PB2,1966,0,764,0,0,764,T
1-PB2,1967,0,755,0,0,755,T
1-PB2,1968,0,0,0,759,759,C
1-PB2,1969,749,0,0,0,749,A
1-PB2,1970,758,0,0,0,758,A
1-PB2,1971,0,1,0,761,762,C
1-PB2,1972,0,742,0,1,743,T
1-PB2,1973,744,0,1,0,745,A
1-PB2,1974,0,0,0,762,762,C
1-PB2,1975,766,0,1,0,767,A
1-PB2,1976,767,0,1,0,768,A
1-PB2,1977,0,1,0,766,767,C
1-PB2,1978,758,0,1,0,759,A
1-PB2,1979,760,0,0,0,760,A
1-PB2,1980,0,1,762,0,763,G
1-PB2,1981,763,0,2,0,765,A
1-PB2,1982,0,0,0,769,769,C
1-PB2,1983,0,0,0,753,753,C
1-PB2,1984,751,0,0,0,751,A
1-PB2,1985,0,0,0,792,792,C
1-PB2,1986,0,788,1,0,789,T
1-PB2,1987,791,0,0,0,791,A
1-PB2,1988,787,0,0,1,788,A
1-PB2,1989,786,0,4,0,790,A
1-PB2,1990,791,0,1,0,792,A
1-PB2,1991,0,0,801,0,801,G
1-PB2,1992,791,0,0,0,791,A
1-PB2,1993,0,0,0,799,799,C
1-PB2,1994,0,766,0,2,768,T
1-PB2,1995,771,0,0,0,771,A
1-PB2,1996,773,0,0,0,773,A
1-PB2,1997,0,0,0,774,774,C
1-PB2,1998,773,0,0,0,773,A
1-PB2,1999,776,0,0,0,776,A
1-PB2,2000,0,766,0,0,766,T
1-PB2,2001,0,755,0,0,755,T
1-PB2,2002,0,32,0,735,767,C
1-PB2,2003,0,756,0,0,756,T
1-PB2,2004,0,0,0,771,771,C
1-PB2,2005,1,0,766,1,768,G
1-PB2,2006,0,0,768,0,768,G
1-PB2,2007,771,0,0,0,771,A
1-PB2,2008,769,0,0,0,769,A
1-PB2,2009,766,0,0,0,766,A
1-PB2,2010,765,0,0,0,765,A
1-PB2,2011,0,0,768,0,768,G
1-PB2,2012,765,0,1,0,766,A
1-PB2,2013,0,769,0,0,769,T
1-PB2,2014,0,1,771,0,772,G
1-PB2,2015,0,0,0,764,764,C
1-PB2,2016,0,0,0,768,768,C
1-PB2,2017,0,0,766,0,766,G
1-PB2,2018,0,0,767,0,767,G
1-PB2,2019,0,0,0,770,770,C
1-PB2,2020,769,1,0,0,770,A
1-PB2,2021,0,0,0,816,816,C
1-PB2,2022,0,815,0,0,815,T
1-PB2,2023,0,819,0,1,820,T
1-PB2,2024,0,820,0,1,821,T
1-PB2,2025,821,0,0,0,821,A
1-PB2,2026,818,0,0,0,818,A
1-PB2,2027,0,820,0,0,820,T
1-PB2,2028,739,0,0,0,739,A
1-PB2,2029,0,0,751,0,751,G
1-PB2,2030,751,0,0,0,751,A
1-PB2,2031,750,0,1,0,751,A
1-PB2,2032,1,0,748,0,749,G
1-PB2,2033,759,0,0,0,759,A
1-PB2,2034,0,0,0,764,764,C
1-PB2,2035,0,0,0,756,756,C
1-PB2,2036,0,0,0,760,760,C
1-PB2,2037,751,0,0,0,751,A
1-PB2,2038,0,0,770,0,770,G
1-PB2,2039,763,0,0,0,763,A
1-PB2,2040,0,771,0,0,771,T
1-PB2,2041,0,0,774,0,774,G
1-PB2,2042,746,0,0,0,746,A
1-PB2,2043,745,1,1,0,747,A
1-PB2,2044,753,0,0,0,753,A
1-PB2,2045,0,0,751,0,751,G
1-PB2,2046,0,0,0,749,749,C
1-PB2,2047,738,0,0,0,738,A
1-PB2,2048,0,0,0,748,748,C
1-PB2,2049,742,0,8,0,750,A
1-PB2,2050,0,743,0,0,743,T
1-PB2,2051,0,0,0,753,753,C
1-PB2,2052,0,0,0,759,759,C
1-PB2,2053,0,0,759,0,759,G
1-PB2,2054,0,2,763,0,765,G
1-PB2,2055,761,0,0,0,761,A
1-PB2,2056,0,0,771,0,771,G
1-PB2,2057,0,753,0,0,753,T
1-PB2,2058,0,0,758,0,758,G
1-PB2,2059,0,1,754,0,755,G
1-PB2,2060,736,0,1,0,737,A
1-PB2,2061,0,0,738,0,738,G
1-PB2,2062,0,716,0,0,716,T
1-PB2,2063,0,1,0,715,716,C
1-PB2,2064,0,0,0,721,721,C
1-PB2,2065,0,0,714,0,714,G
1-PB2,2066,0,0,0,720,720,C
1-PB2,2067,0,0,0,719,719,C
1-PB2,2068,0,0,731,0,731,G
1-PB2,2069,0,732,0,0,732,T
1-PB2,2070,1,1,0,740,742,C
1-PB2,2071,0,741,0,0,741,T
1-PB2,2072,0,740,0,0,740,T
1-PB2,2073,0,1,744,0,745,G
1-PB2,2074,738,0,0,0,738,A
1-PB2,2075,0,0,742,0,742,G
1-PB2,2076,729,0,0,0,729,A
1-PB2,2077,0,0,711,0,711,G
1-PB2,2078,0,0,709,1,710,G
1-PB2,2079,0,0,708,0,708,G
1-PB2,2080,0,706,0,0,706,T
1-PB2,2081,0,701,0,0,701,T
1-PB2,2082,0,712,0,1,713,T
1-PB2,2083,0,0,0,714,714,C
1-PB2,2084,1,710,0,0,711,T
1-PB2,2085,0,1,1,739,741,C
1-PB2,2086,739,0,0,0,739,A
1-PB2,2087,0,738,0,0,738,T
1-PB2,2088,0,732,0,0,732,T
1-PB2,2089,735,0,0,0,735,A
1-PB2,2090,0,736,0,0,736,T
1-PB2,2091,735,0,1,0,736,A
1-PB2,2092,0,0,740,0,740,G
1-PB2,2093,0,0,740,0,740,G
1-PB2,2094,1,701,0,0,702,T
1-PB2,2095,702,0,0,0,702,A
1-PB2,2096,698,0,0,0,698,A
1-PB2,2097,0,0,702,0,702,G
1-PB2,2098,1,0,703,0,704,G
1-PB2,2099,694,0,0,0,694,A
1-PB2,2100,691,0,1,0,692,A
1-PB2,2101,0,0,686,1,687,G
1-PB2,2102,677,0,4,0,681,A
1-PB2,2103,0,0,1,683,684,C
1-PB2,2104,681,0,0,0,681,A
1-PB2,2105,0,0,680,0,680,G
1-PB2,2106,677,0,0,0,677,A
1-PB2,2107,665,0,1,0,666,A
1-PB2,2108,0,0,669,0,669,G
1-PB2,2109,674,0,0,0,674,A
1-PB2,2110,0,671,0,0,671,T
1-PB2,2111,669,0,0,0,669,A
1-PB2,2112,0,0,0,667,667,C
1-PB2,2113,0,1,659,0,660,G
1-PB2,2114,0,1,670,0,671,G
1-PB2,2115,669,0,0,0,669,A
1-PB2,2116,0,0,0,667,667,C
1-PB2,2117,1,0,0,663,664,C
1-PB2,2118,653,0,0,0,653,A
1-PB2,2119,0,0,687,0,687,G
1-PB2,2120,0,0,0,688,688,C
1-PB2,2121,688,0,1,0,689,A
1-PB2,2122,0,685,0,0,685,T
1-PB2,2123,0,658,0,0,658,T
1-PB2,2124,658,0,1,0,659,A
1-PB2,2125,656,0,0,0,656,A
1-PB2,2126,1,1,658,0,660,G
1-PB2,2127,0,0,0,654,654,C
1-PB2,2128,620,0,1,0,621,A
1-PB2,2129,0,633,0,0,633,T
1-PB2,2130,0,1,1,630,632,C
1-PB2,2131,635,0,0,0,635,A
1-PB2,2132,636,0,1,0,637,A
1-PB2,2133,0,637,0,0,637,T
1-PB2,2134,0,0,643,0,643,G
1-PB2,2135,640,0,0,0,640,A
1-PB2,2136,640,0,1,0,641,A
1-PB2,2137,0,1,0,654,655,C
1-PB2,2138,0,617,0,0,617,T
1-PB2,2139,0,2,641,0,643,G
1-PB2,2140,642,0,0,0,642,A
1-PB2,2141,0,0,639,0,639,G
1-PB2,2142,0,639,0,0,639,T
1-PB2,2143,633,0,0,0,633,A
1-PB2,2144,635,0,0,0,635,A
1-PB2,2145,0,0,0,638,638,C
1-PB2,2146,0,0,0,618,618,C
1-PB2,2147,0,600,0,16,616,T
1-PB2,2148,0,593,0,1,594,T
1-PB2,2149,0,0,597,0,597,G
1-PB2,2150,0,0,0,593,593,C
1-PB2,2151,598,0,0,0,598,A
1-PB2,2152,597,0,0,0,597,A
1-PB2,2153,584,0,0,0,584,A
1-PB2,2154,576,0,1,0,577,A
1-PB2,2155,0,1,572,1,574,G
1-PB2,2156,0,1,571,0,572,G
1-PB2,2157,0,1,567,0,568,G
1-PB2,2158,0,0,573,0,573,G
1-PB2,2159,573,0,0,0,573,A
1-PB2,2160,572,0,0,0,572,A
1-PB2,2161,571,0,0,0,571,A
1-PB2,2162,574,0,1,0,575,A
1-PB2,2163,0,0,580,0,580,G
1-PB2,2164,1,0,578,0,579,G
1-PB2,2165,0,0,1,578,579,C
1-PB2,2166,0,576,0,0,576,T
1-PB2,2167,572,0,0,0,572,A
1-PB2,2168,572,0,0,0,572,A
1-PB2,2169,0,574,0,0,574,T
1-PB2,2170,0,0,579,1,580,G
1-PB2,2171,0,562,1,0,563,T
1-PB2,2172,0,0,556,0,556,G
1-PB2,2173,0,0,0,553,553,C
1-PB2,2174,0,552,0,1,553,T
1-PB2,2175,555,0,1,0,556,A
1-PB2,2176,554,1,0,0,555,A
1-PB2,2177,0,551,0,0,551,T
1-PB2,2178,0,0,0,549,549,C
1-PB2,2179,0,0,528,0,528,G
1-PB2,2180,0,0,535,0,535,G
1-PB2,2181,0,0,535,0,535,G
1-PB2,2182,0,0,0,536,536,C
1-PB2,2183,534,0,0,0,534,A
1-PB2,2184,533,0,1,0,534,A
1-PB2,2185,0,0,534,0,534,G
1-PB2,2186,0,1,535,0,536,G
1-PB2,2187,537,0,0,0,537,A
1-PB2,2188,0,0,537,0,537,G
1-PB2,2189,523,0,0,0,523,A
1-PB2,2190,0,0,0,519,519,C
1-PB2,2191,0,0,518,0,518,G
1-PB2,2192,0,508,1,0,509,T
1-PB2,2193,0,2,510,0,512,G
1-PB2,2194,0,0,520,0,520,G
1-PB2,2195,0,509,0,2,511,T
1-PB2,2196,0,0,514,1,515,G
1-PB2,2197,0,497,0,0,497,T
1-PB2,2198,0,490,0,0,490,T
1-PB2,2199,0,0,494,0,494,G
1-PB2,2200,0,0,492,0,492,G
1-PB2,2201,0,492,0,0,492,T
1-PB2,2202,481,0,0,0,481,A
1-PB2,2203,460,0,8,1,469,A
1-PB2,2204,0,457,0,0,457,T
1-PB2,2205,0,0,453,0,453,G
1-PB2,2206,451,0,0,0,451,A
1-PB2,2207,443,0,0,0,443,A
1-PB2,2208,443,0,1,0,444,A
1-PB2,2209,0,0,0,440,440,C
1-PB2,2210,1,0,440,0,441,G
1-PB2,2211,438,0,0,0,438,A
1-PB2,2212,435,0,0,0,435,A
1-PB2,2213,435,0,0,0,435,A
1-PB2,2214,432,0,0,0,432,A
1-PB2,2215,0,0,0,435,435,C
1-PB2,2216,1,0,430,0,431,G
1-PB2,2217,0,0,433,0,433,G
1-PB2,2218,0,0,434,0,434,G
1-PB2,2219,437,0,0,0,437,A
1-PB2,2220,0,0,0,440,440,C
1-PB2,2221,0,434,0,0,434,T
1-PB2,2222,0,0,1,446,447,C
1-PB2,2223,0,449,0,0,449,T
1-PB2,2224,451,0,0,0,451,A
1-PB2,2225,0,0,449,0,449,G
1-PB2,2226,0,0,1,438,439,C
1-PB2,2227,439,0,0,0,439,A
1-PB2,2228,0,437,0,0,437,T
1-PB2,2229,412,0,0,0,412,A
1-PB2,2230,0,0,0,415,415,C
1-PB2,2231,1,337,0,0,338,T
1-PB2,2232,0,340,0,0,340,T
1-PB2,2233,330,0,0,0,330,A
1-PB2,2234,1,0,1,327,329,C
1-PB2,2235,0,326,0,0,326,T
1-PB2,2236,0,0,322,0,322,G
1-PB2,2237,308,0,0,0,308,A
1-PB2,2238,0,0,0,311,311,C
1-PB2,2239,261,0,0,0,261,A
1-PB2,2240,0,0,261,0,261,G
1-PB2,2241,1,0,0,258,259,C
1-PB2,2242,0,0,0,259,259,C
1-PB2,2243,250,0,0,0,250,A
1-PB2,2244,0,0,250,0,250,G
1-PB2,2245,245,0,0,0,245,A
1-PB2,2246,0,0,0,244,244,C
1-PB2,2247,222,0,1,0,223,A
1-PB2,2248,0,0,222,0,222,G
1-PB2,2249,0,0,0,206,206,C
1-PB2,2250,0,0,205,0,205,G
1-PB2,2251,204,0,1,0,205,A
1-PB2,2252,0,0,0,205,205,C
1-PB2,2253,0,0,0,203,203,C
1-PB2,2254,201,0,0,0,201,A
1-PB2,2255,202,0,0,0,202,A
1-PB2,2256,201,0,0,0,201,A
1-PB2,2257,202,0,0,0,202,A
1-PB2,2258,0,0,200,0,200,G
1-PB2,2259,190,0,0,0,190,A
1-PB2,2260,190,0,0,0,190,A
1-PB2,2261,0,189,0,0,189,T
1-PB2,2262,0,189,0,0,189,T
1-PB2,2263,0,0,0,190,190,C
1-PB2,2264,0,0,183,0,183,G
1-PB2,2265,0,0,183,0,183,G
1-PB2,2266,183,0,0,0,183,A
1-PB2,2267,0,170,0,0,170,T
1-PB2,2268,0,0,169,0,169,G
1-PB2,2269,0,0,170,0,170,G
1-PB2,2270,0,0,0,168,168,C
1-PB2,2271,0,0,0,168,168,C
1-PB2,2272,168,0,0,0,168,A
1-PB2,2273,0,168,0,0,168,T
1-PB2,2274,0,0,0,167,167,C
1-PB2,2275,168,0,0,0,168,A
1-PB2,2276,168,0,0,0,168,A
1-PB2,2277,0,167,0,0,167,T
1-PB2,2278,0,152,0,0,152,T
1-PB2,2279,144,0,0,0,144,A
1-PB2,2280,144,0,0,0,144,A
2-PB1,1,828,0,0,0,828,A
2-PB1,2,0,833,0,0,833,T
2-PB1,3,0,0,856,0,856,G
2-PB1,4,0,0,940,0,940,G
2-PB1,5,1076,0,2,0,1078,A
2-PB1,6,0,1169,0,0,1169,T
2-PB1,7,0,1,1172,0,1173,G
2-PB1,8,0,1170,0,5,1175,T
2-PB1,9,1,0,0,1276,1277,C
2-PB1,10,1284,0,2,0,1286,A
2-PB1,11,1346,0,0,0,1346,A
2-PB1,12,0,1343,0,1,1344,T
2-PB1,13,1,0,1,1359,1361,C
2-PB1,14,0,2,0,1454,1456,C
2-PB1,15,0,3,1481,0,1484,G
2-PB1,16,1692,0,1,1,1694,A
2-PB1,17,0,0,0,1708,1708,C
2-PB1,18,0,1700,0,6,1706,T
2-PB1,19,1,0,0,2050,2051,C
2-PB1,20,1,2047,0,2,2050,T
2-PB1,21,2066,0,0,0,2066,A
2-PB1,22,0,0,0,2071,2071,C
2-PB1,23,1,2070,0,0,2071,T
2-PB1,24,0,0,2327,2,2329,G
2-PB1,25,0,2348,1,5,2354,T
2-PB1,26,0,2349,0,3,2352,T
2-PB1,27,2,0,0,2345,2347,C
2-PB1,28,0,0,0,2343,2343,C
2-PB1,29,0,2740,0,0,2740,T
2-PB1,30,2764,0,1,0,2765,A
2-PB1,31,2760,0,7,0,2767,A
2-PB1,32,2786,0,3,0,2789,A
2-PB1,33,1,5,2793,0,2799,G
2-PB1,34,1,0,2812,0,2813,G
2-PB1,35,6,2804,0,1,2811,T
2-PB1,36,1,2811,0,5,2817,T
2-PB1,37,0,2,0,2818,2820,C
2-PB1,38,1,0,0,2824,2825,C
2-PB1,39,2822,0,3,0,2825,A
2-PB1,40,0,0,2854,0,2854,G
2-PB1,41,0,2,0,2848,2850,C
2-PB1,42,1,0,2862,0,2863,G
2-PB1,43,1,0,0,2864,2865,C
2-PB1,44,2863,0,0,0,2863,A
2-PB1,45,2870,0,2,1,2873,A
2-PB1,46,2872,0,1,0,2873,A
2-PB1,47,2916,0,1,0,2917,A
2-PB1,48,0,2925,0,3,2928,T
2-PB1,49,0,0,3049,0,3049,G
2-PB1,50,1,0,0,3076,3077,C
2-PB1,51,3,0,0,3100,3103,C
2-PB1,52,3112,0,3,1,3116,A
2-PB1,53,0,3121,0,1,3122,T
2-PB1,54,3334,0,1,0,3335,A
2-PB1,55,3340,0,1,0,3341,A
2-PB1,56,0,0,3499,0,3499,G
2-PB1,57,0,0,0,3502,3502,C
2-PB1,58,3480,0,4,0,3484,A
2-PB1,59,0,0,0,3629,3629,C
2-PB1,60,3630,0,3,0,3633,A
2-PB1,61,3747,2,61,1,3811,A
2-PB1,62,0,0,0,3825,3825,C
2-PB1,63,3780,0,1,0,3781,A
2-PB1,64,0,3826,1,5,3832,T
2-PB1,65,1,3781,0,4,3786,T
2-PB1,66,1,2,0,4827,4830,C
2-PB1,67,2,1,2,4841,4846,C
2-PB1,68,3,1,0,4867,4871,C
2-PB1,69,1,4897,1,7,4906,T
2-PB1,70,0,4864,0,1,4865,T
2-PB1,71,5306,0,0,1,5307,A
2-PB1,72,1,5339,0,0,5340,T
2-PB1,73,5351,0,1,0,5352,A
2-PB1,74,0,2,0,5403,5405,C
2-PB1,75,0,5127,0,7,5134,T
2-PB1,76,3,1,5218,0,5222,G
2-PB1,77,0,2,5231,0,5233,G
2-PB1,78,5221,1,4,1,5227,A
2-PB1,79,0,3,5238,1,5242,G
2-PB1,80,5187,2,8,1,5198,A
2-PB1,81,1,5196,0,3,5200,T
2-PB1,82,1,0,0,5560,5561,C
2-PB1,83,3,0,0,5568,5571,C
2-PB1,84,1,5583,0,3,5587,T
2-PB1,85,2,1,0,5993,5996,C
2-PB1,86,4,1,0,5977,5982,C
2-PB1,87,6034,0,2,0,6036,A
2-PB1,88,1,6040,1,1,6043,T
2-PB1,89,6033,0,2,0,6035,A
2-PB1,90,1,1,1,6053,6056,C
2-PB1,91,5929,0,3,0,5932,A
2-PB1,92,0,2,6146,0,6148,G
2-PB1,93,1,1,0,6219,6221,C
2-PB1,94,4,0,0,6140,6144,C
2-PB1,95,6155,0,1,0,6156,A
2-PB1,96,1,6151,0,3,6155,T
2-PB1,97,3,6,6156,0,6165,G
2-PB1,98,0,4,6491,1,6496,G
2-PB1,99,6530,0,7,0,6537,A
2-PB1,100,6542,1,5,0,6548,A
2-PB1,101,0,1,0,6559,6560,C
2-PB1,102,6478,0,14,1,6493,A
2-PB1,103,2,6,6671,0,6679,G
2-PB1,104,2,1,6788,0,6791,G
2-PB1,105,6799,0,11,0,6810,A
2-PB1,106,6830,0,8,1,6839,A
2-PB1,107,0,3,1,6847,6851,C
2-PB1,108,6749,0,6,0,6755,A
2-PB1,109,0,12,7515,0,7527,G
2-PB1,110,0,9,7504,0,7513,G
2-PB1,111,0,3,7623,1,7627,G
2-PB1,112,0,7553,0,7,7560,T
2-PB1,113,7519,2,11,0,7532,A
2-PB1,114,0,1,0,7592,7593,C
2-PB1,115,7805,0,14,1,7820,A
2-PB1,116,0,3,1,8121,8125,C
2-PB1,117,2,3,2,8025,8032,C
2-PB1,118,7716,0,7,0,7723,A
2-PB1,119,0,7704,1,2,7707,T
2-PB1,120,2,4,7692,0,7698,G
2-PB1,121,1,5,7697,0,7703,G
2-PB1,122,7700,3,15,0,7718,A
2-PB1,123,1,2,0,7736,7739,C
2-PB1,124,7542,0,2,1,7545,A
2-PB1,125,0,0,0,7642,7642,C
2-PB1,126,7583,0,6,0,7589,A
2-PB1,127,1,1,7751,0,7753,G
2-PB1,128,1,7735,1,7,7744,T
2-PB1,129,6,1,1,7968,7976,C
2-PB1,130,7953,0,6,0,7959,A
2-PB1,131,8035,1,6,1,8043,A
2-PB1,132,0,0,0,8056,8056,C
2-PB1,133,8010,0,7,1,8018,A
2-PB1,134,0,2,8167,1,8170,G
2-PB1,135,8020,1,10,0,8031,A
2-PB1,136,7986,0,9,0,7995,A
2-PB1,137,0,0,1,7989,7990,C
2-PB1,138,7778,2,8,0,7788,A
2-PB1,139,0,0,0,8072,8072,C
2-PB1,140,8019,2,10,1,8032,A
2-PB1,141,0,7,1,8388,8396,C
2-PB1,142,7,0,0,8378,8385,C
2-PB1,143,8327,0,3,0,8330,A
2-PB1,144,8397,0,4,0,8401,A
2-PB1,145,1,8574,0,0,8575,T
2-PB1,146,8782,0,1,0,8783,A
2-PB1,147,0,8789,0,5,8794,T
2-PB1,148,2,8617,0,7,8626,T
2-PB1,149,5,1,0,8643,8649,C
2-PB1,150,8370,2,7,2,8381,A
2-PB1,151,2,9,8375,0,8386,G
2-PB1,152,8301,1,7,0,8309,A
2-PB1,153,1,5,8334,1,8341,G
2-PB1,154,8108,1,8,1,8118,A
2-PB1,155,3,10,7898,1,7912,G
2-PB1,156,5,6,7888,0,7899,G
2-PB1,157,2,8,8254,1,8265,G
2-PB1,158,0,5,8274,0,8279,G
2-PB1,159,2,1,8325,0,8328,G
2-PB1,160,8297,0,17,1,8315,A
2-PB1,161,8319,1,16,1,8337,A
2-PB1,162,0,0,8404,1,8405,G
2-PB1,163,2,8323,1,7,8333,T
2-PB1,164,2,6,8285,0,8293,G
2-PB1,165,2,1,8252,0,8255,G
2-PB1,166,8239,0,6,0,8245,A
2-PB1,167,2,0,0,8268,8270,C
2-PB1,168,2,6,8281,2,8291,G
2-PB1,169,8370,3,13,1,8387,A
2-PB1,170,0,1,0,8458,8459,C
2-PB1,171,8402,0,3,0,8405,A
2-PB1,172,8427,0,2,0,8429,A
2-PB1,173,8481,0,11,1,8493,A
2-PB1,174,0,8617,0,3,8620,T
2-PB1,175,8637,1,3,0,8641,A
2-PB1,176,0,1,1,8672,8674,C
2-PB1,177,8521,0,6,1,8528,A
2-PB1,178,2,1,8558,1,8562,G
2-PB1,179,8473,0,6,1,8480,A
2-PB1,180,8576,0,3,0,8579,A
2-PB1,181,8583,0,1,0,8584,A
2-PB1,182,1,1,1,8604,8607,C
2-PB1,183,0,8435,0,3,8438,T
2-PB1,184,1,9,8463,0,8473,G
2-PB1,185,1,8,8441,1,8451,G
2-PB1,186,5,6,8414,0,8425,G
2-PB1,187,2,1,8417,0,8420,G
2-PB1,188,0,4,0,8433,8437,C
2-PB1,189,8360,0,10,0,8370,A
2-PB1,190,3,0,0,8786,8789,C
2-PB1,191,4,2,0,8726,8732,C
2-PB1,192,11,0,0,8744,8755,C
2-PB1,193,11,1,0,8763,8775,C
2-PB1,194,8770,0,6,0,8776,A
2-PB1,195,8864,4,9,0,8877,A
2-PB1,196,0,3,0,8877,8880,C
2-PB1,197,1,8824,0,9,8834,T
2-PB1,198,9,0,0,8861,8870,C
2-PB1,199,8436,0,17,0,8453,A
2-PB1,200,8619,0,6,2,8627,A
2-PB1,201,2,3,0,8623,8628,C
2-PB1,202,10,1,0,8574,8585,C
2-PB1,203,10,0,0,8576,8586,C
2-PB1,204,8479,0,1,0,8480,A
2-PB1,205,8529,0,2,0,8531,A
2-PB1,206,0,8574,0,1,8575,T
2-PB1,207,0,8550,0,0,8550,T
2-PB1,208,1,3,8558,0,8562,G
2-PB1,209,8443,1,6,0,8450,A
2-PB1,210,1,8440,1,1,8443,T
2-PB1,211,7,3,8428,0,8438,G
2-PB1,212,0,8,8530,1,8539,G
2-PB1,213,8626,0,11,0,8637,A
2-PB1,214,1,3,1,8683,8688,C
2-PB1,215,8,2,0,8610,8620,C
2-PB1,216,8597,3,9,1,8610,A
2-PB1,217,0,0,1,8804,8805,C
2-PB1,218,0,8776,1,3,8780,T
2-PB1,219,8903,0,5,1,8909,A
2-PB1,220,2,1,1,9022,9026,C
2-PB1,221,5,0,0,8885,8890,C
2-PB1,222,2,8664,0,12,8678,T
2-PB1,223,1,3,8696,1,8701,G
2-PB1,224,8652,0,15,1,8668,A
2-PB1,225,0,8,8757,1,8766,G
2-PB1,226,1,5,8686,0,8692,G
2-PB1,227,8676,3,3,1,8683,A
2-PB1,228,0,8598,0,2,8600,T
2-PB1,229,8425,0,3,0,8428,A
2-PB1,230,8427,0,5,0,8432,A
2-PB1,231,0,8436,1,1,8438,T
2-PB1,232,1,3,8405,1,8410,G
2-PB1,233,8386,0,7,0,8393,A
2-PB1,234,8339,0,4,0,8343,A
2-PB1,235,1,2,0,8373,8376,C
2-PB1,236,2,4,0,8188,8194,C
2-PB1,237,8219,1,5,1,8226,A
2-PB1,238,8224,0,5,0,8229,A
2-PB1,239,0,2,8310,0,8312,G
2-PB1,240,1,8282,1,2,8286,T
2-PB1,241,3,7,8298,0,8308,G
2-PB1,242,0,5,8436,0,8441,G
2-PB1,243,8420,1,8,0,8429,A
2-PB1,244,1,8375,0,2,8378,T
2-PB1,245,8407,1,0,0,8408,A
2-PB1,246,1,8554,0,5,8560,T
2-PB1,247,27,1,8576,1,8605,G
2-PB1,248,3,4,0,8621,8628,C
2-PB1,249,8599,0,15,0,8614,A
2-PB1,250,3,0,0,8836,8839,C
2-PB1,251,8605,1,0,0,8606,A
2-PB1,252,8757,2,5,0,8764,A
2-PB1,253,8752,0,10,0,8762,A
2-PB1,254,0,1,0,8782,8783,C
2-PB1,255,8503,0,7,0,8510,A
2-PB1,256,2,6,8603,1,8612,G
2-PB1,257,8572,0,15,0,8587,A
2-PB1,258,1,1,0,8616,8618,C
2-PB1,259,1,8278,0,4,8283,T
2-PB1,260,1,3,8459,1,8464,G
2-PB1,261,2,8304,2,10,8318,T
2-PB1,262,0,0,8689,0,8689,G
2-PB1,263,1,8661,0,13,8675,T
2-PB1,264,4,0,0,8730,8734,C
2-PB1,265,6,3,1,8706,8716,C
2-PB1,266,1,8585,2,14,8602,T
2-PB1,267,5,1,8596,0,8602,G
2-PB1,268,2,3,8600,0,8605,G
2-PB1,269,8327,1,86,0,8414,A
2-PB1,270,1,2,8576,0,8579,G
2-PB1,271,2,0,8239,0,8241,G
2-PB1,272,1,1,0,8254,8256,C
2-PB1,273,0,8184,1,6,8191,T
2-PB1,274,8220,1,15,0,8236,A
2-PB1,275,2,8225,0,10,8237,T
2-PB1,276,1,6,8227,0,8234,G
2-PB1,277,1,1,8216,0,8218,G
2-PB1,278,0,19,0,8177,8196,C
2-PB1,279,3,1,0,8051,8055,C
2-PB1,280,1,7933,1,10,7945,T
2-PB1,281,0,8387,0,5,8392,T
2-PB1,282,0,0,0,8418,8418,C
2-PB1,283,4,1,0,8416,8421,C
2-PB1,284,0,8420,0,8,8428,T
2-PB1,285,3,8393,0,3,8399,T
2-PB1,286,2,3,8438,0,8443,G
2-PB1,287,8426,3,3,0,8432,A
2-PB1,288,8436,0,7,1,8444,A
2-PB1,289,3,6,8465,1,8475,G
2-PB1,290,7998,0,5,0,8003,A
2-PB1,291,8087,1,4,0,8092,A
2-PB1,292,0,8080,0,2,8082,T
2-PB1,293,1,1,0,8087,8089,C
2-PB1,294,6,5,0,8066,8077,C
2-PB1,295,5,3,0,8041,8049,C
2-PB1,296,8062,0,14,1,8077,A
2-PB1,297,0,3,0,8158,8161,C
2-PB1,298,4,1,1,8141,8147,C
2-PB1,299,12,2,2,8171,8187,C
2-PB1,300,8060,0,5,1,8066,A
2-PB1,301,1,2,8156,0,8159,G
2-PB1,302,2,0,8187,0,8189,G
2-PB1,303,1,8127,0,8,8136,T
2-PB1,304,8211,0,4,0,8215,A
2-PB1,305,1,8147,0,3,8151,T
2-PB1,306,0,1,1,8173,8175,C
2-PB1,307,1,8181,0,6,8188,T
2-PB1,308,0,8183,0,0,8183,T
2-PB1,309,0,8150,2,3,8155,T
2-PB1,310,6,3,8121,3,8133,G
2-PB1,311,8025,1,17,0,8043,A
2-PB1,312,2,2,8056,0,8060,G
2-PB1,313,7947,0,23,0,7970,A
2-PB1,314,7990,1,2,0,7993,A
2-PB1,315,0,1,0,8070,8071,C
2-PB1,316,2,7959,1,12,7974,T
2-PB1,317,6,0,1,7983,7990,C
2-PB1,318,7969,0,9,0,7978,A
2-PB1,319,1,7965,0,4,7970,T
2-PB1,320,5,1,7979,1,7986,G
2-PB1,321,1,2,0,8157,8160,C
2-PB1,322,6,0,1,8134,8141,C
2-PB1,323,0,8053,0,8,8061,T
2-PB1,324,1,7932,0,6,7939,T
2-PB1,325,3,2,7971,0,7976,G
2-PB1,326,8032,1,6,0,8039,A
2-PB1,327,8034,1,10,0,8045,A
2-PB1,328,8018,1,20,0,8039,A
2-PB1,329,0,1,0,8099,8100,C
2-PB1,330,7870,1,1,0,7872,A
2-PB1,331,7930,3,0,0,7933,A
2-PB1,332,1,7934,0,8,7943,T
2-PB1,333,2,2,7919,1,7924,G
2-PB1,334,0,3,7918,0,7921,G
2-PB1,335,7807,0,13,0,7820,A
2-PB1,336,7813,0,9,1,7823,A
2-PB1,337,2,0,7823,0,7825,G
2-PB1,338,2,17,0,7819,7838,C
2-PB1,339,4,0,0,7763,7767,C
2-PB1,340,6,0,7875,0,7881,G
2-PB1,341,1,7802,1,37,7841,T
2-PB1,342,1,7849,1,9,7860,T
2-PB1,343,12,1,0,7945,7958,C
2-PB1,344,7954,0,5,1,7960,A
2-PB1,345,8061,0,6,1,8068,A
2-PB1,346,0,3,1,8076,8080,C
2-PB1,347,8057,0,9,0,8066,A
2-PB1,348,3,1,8152,0,8156,G
2-PB1,349,7992,0,12,1,8005,A
2-PB1,350,0,0,1,8024,8025,C
2-PB1,351,7994,0,11,0,8005,A
2-PB1,352,8055,0,15,0,8070,A
2-PB1,353,3,9,8160,0,8172,G
2-PB1,354,0,2,8070,0,8072,G
2-PB1,355,1,1,8084,0,8086,G
2-PB1,356,0,7817,0,6,7823,T
2-PB1,357,7,5,7842,0,7854,G
2-PB1,358,2,4,7862,1,7869,G
2-PB1,359,7838,0,28,1,7867,A
2-PB1,360,0,3,0,7881,7884,C
2-PB1,361,7689,2,2,0,7693,A
2-PB1,362,7802,1,7,0,7810,A
2-PB1,363,7794,0,2,0,7796,A
2-PB1,364,0,2,0,7793,7795,C
2-PB1,365,0,7765,0,0,7765,T
2-PB1,366,7747,0,3,0,7750,A
2-PB1,367,7771,0,11,1,7783,A
2-PB1,368,1,3,0,7819,7823,C
2-PB1,369,7,2,1,7797,7807,C
2-PB1,370,10,3,1,7791,7805,C
2-PB1,371,7491,1,2,0,7494,A
2-PB1,372,7469,0,10,0,7479,A
2-PB1,373,3,2,7475,0,7480,G
2-PB1,374,0,0,7513,0,7513,G
2-PB1,375,0,7469,0,7,7476,T
2-PB1,376,3,1,0,7448,7452,C
2-PB1,377,7,0,7431,0,7438,G
2-PB1,378,2,2,1,7437,7442,C
2-PB1,379,1,1,0,7459,7461,C
2-PB1,380,7452,0,3,1,7456,A
2-PB1,381,1,4,7584,1,7590,G
2-PB1,382,7689,1,22,0,7712,A
2-PB1,383,0,0,0,7779,7779,C
2-PB1,384,0,7708,1,6,7715,T
2-PB1,385,0,7689,1,5,7695,T
2-PB1,386,7695,1,8,0,7704,A
2-PB1,387,1,7738,3,6,7748,T
2-PB1,388,1,5,7763,0,7769,G
2-PB1,389,7722,0,2,0,7724,A
2-PB1,390,0,7542,0,1,7543,T
2-PB1,391,0,7289,2,2,7293,T
2-PB1,392,2,5,7252,0,7259,G
2-PB1,393,3,3,7262,1,7269,G
2-PB1,394,7360,1,3,0,7364,A
2-PB1,395,0,3,0,7369,7372,C
2-PB1,396,7282,0,3,0,7285,A
2-PB1,397,0,7237,1,1,7239,T
2-PB1,398,1,7299,0,0,7300,T
2-PB1,399,7349,0,3,0,7352,A
2-PB1,400,7339,1,3,0,7343,A
2-PB1,401,7351,1,15,0,7367,A
2-PB1,402,0,0,1,7368,7369,C
2-PB1,403,7161,0,2,0,7163,A
2-PB1,404,0,0,7246,0,7246,G
2-PB1,405,7199,0,4,3,7206,A
2-PB1,406,7209,0,5,1,7215,A
2-PB1,407,7203,1,6,1,7211,A
2-PB1,408,0,7109,1,3,7113,T
2-PB1,409,1,0,0,7146,7147,C
2-PB1,410,7079,0,53,0,7132,A
2-PB1,411,7145,1,14,0,7160,A
2-PB1,412,0,1,0,7154,7155,C
2-PB1,413,1,3,0,7102,7106,C
2-PB1,414,4,5,7100,0,7109,G
2-PB1,415,3,1,7122,0,7126,G
2-PB1,416,0,2,0,7146,7148,C
2-PB1,417,7129,1,9,2,7141,A
2-PB1,418,1,0,7147,0,7148,G
2-PB1,419,0,2,0,7205,7207,C
2-PB1,420,7200,0,3,0,7203,A
2-PB1,421,7209,2,5,1,7217,A
2-PB1,422,0,0,1,7232,7233,C
2-PB1,423,1,7180,0,5,7186,T
2-PB1,424,2,0,7559,1,7562,G
2-PB1,425,1,3,1,7557,7562,C
2-PB1,426,7570,1,6,0,7577,A
2-PB1,427,0,7552,2,4,7558,T
2-PB1,428,0,7434,1,1,7436,T
2-PB1,429,7907,0,5,1,7913,A
2-PB1,430,5,0,7938,0,7943,G
2-PB1,431,3,1,0,7871,7875,C
2-PB1,432,7,4,0,7867,7878,C
2-PB1,433,7478,1,9,0,7488,A
2-PB1,434,7559,1,3,1,7564,A
2-PB1,435,1,1,2,7600,7604,C
2-PB1,436,7589,0,10,6,7605,A
2-PB1,437,0,1,1,7956,7958,C
2-PB1,438,6,0,0,7391,7397,C
2-PB1,439,7371,0,3,1,7375,A
2-PB1,440,2,7362,0,3,7367,T
2-PB1,441,7358,2,2,1,7363,A
2-PB1,442,2,2,7371,0,7375,G
2-PB1,443,7317,0,3,0,7320,A
2-PB1,444,7236,0,5,0,7241,A
2-PB1,445,0,1,7317,0,7318,G
2-PB1,446,1,6967,0,1,6969,T
2-PB1,447,1,6973,0,1,6975,T
2-PB1,448,0,6986,0,2,6988,T
2-PB1,449,0,6995,0,1,6996,T
2-PB1,450,0,7009,0,3,7012,T
2-PB1,451,6986,1,5,0,6992,A
2-PB1,452,1,6,6986,0,6993,G
2-PB1,453,6942,0,10,0,6952,A
2-PB1,454,1,6926,2,10,6939,T
2-PB1,455,3,4,0,6851,6858,C
2-PB1,456,1,1,6879,0,6881,G
2-PB1,457,6877,1,1,0,6879,A
2-PB1,458,6876,0,3,0,6879,A
2-PB1,459,1,1,0,6925,6927,C
2-PB1,460,2,7,6922,0,6931,G
2-PB1,461,0,4,7267,0,7271,G
2-PB1,462,7249,0,11,0,7260,A
2-PB1,463,0,7197,0,42,7239,T
2-PB1,464,2,7234,0,3,7239,T
2-PB1,465,7244,0,11,1,7256,A
2-PB1,466,7214,0,36,0,7250,A
2-PB1,467,1,7,1,7308,7317,C
2-PB1,468,7223,1,7,0,7231,A
2-PB1,469,0,1,7316,1,7318,G
2-PB1,470,1,0,1,6946,6948,C
2-PB1,471,0,6886,0,7,6893,T
2-PB1,472,6909,0,4,0,6913,A
2-PB1,473,6915,2,6,2,6925,A
2-PB1,474,0,6893,1,1,6895,T
2-PB1,475,2,10,6978,0,6990,G
2-PB1,476,6943,2,5,0,6950,A
2-PB1,477,6963,1,2,1,6967,A
2-PB1,478,3,6840,2,5,6850,T
2-PB1,479,0,1,1,6884,6886,C
2-PB1,480,6871,0,4,1,6876,A
2-PB1,481,0,3,6873,0,6876,G
2-PB1,482,2,4,6862,2,6870,G
2-PB1,483,6837,2,9,1,6849,A
2-PB1,484,6717,1,7,0,6725,A
2-PB1,485,2,3,7142,0,7147,G
2-PB1,486,1,0,7174,0,7175,G
2-PB1,487,1,0,0,7182,7183,C
2-PB1,488,0,7175,0,7,7182,T
2-PB1,489,7173,0,2,0,7175,A
2-PB1,490,7164,3,6,1,7174,A
2-PB1,491,0,7180,0,1,7181,T
2-PB1,492,7167,1,5,0,7173,A
2-PB1,493,2,2,7214,0,7218,G
2-PB1,494,6661,2,6,0,6669,A
2-PB1,495,0,6606,1,7,6614,T
2-PB1,496,0,6566,2,8,6576,T
2-PB1,497,3,6580,0,4,6587,T
2-PB1,498,1,1,0,6860,6862,C
2-PB1,499,2,1,0,6870,6873,C
2-PB1,500,1,6833,1,8,6843,T
2-PB1,501,6,2,2,6853,6863,C
2-PB1,502,6858,0,2,0,6860,A
2-PB1,503,6879,0,3,0,6882,A
2-PB1,504,1,6,6929,0,6936,G
2-PB1,505,2,2,7013,1,7018,G
2-PB1,506,6999,0,8,0,7007,A
2-PB1,507,0,6752,1,6,6759,T
2-PB1,508,1,1,6801,0,6803,G
2-PB1,509,1,6769,0,17,6787,T
2-PB1,510,3,3,6845,0,6851,G
2-PB1,511,6850,2,10,0,6862,A
2-PB1,512,1,6822,0,7,6830,T
2-PB1,513,3,3,6767,0,6773,G
2-PB1,514,1,2,6705,0,6708,G
2-PB1,515,6727,1,8,0,6736,A
2-PB1,516,6753,0,5,0,6758,A
2-PB1,517,2,6718,0,3,6723,T
2-PB1,518,5,0,0,6737,6742,C
2-PB1,519,6665,1,3,0,6669,A
2-PB1,520,6669,0,4,0,6673,A
2-PB1,521,3,6671,0,5,6679,T
2-PB1,522,1,6,6741,0,6748,G
2-PB1,523,1,2,6702,1,6706,G
2-PB1,524,6660,1,9,1,6671,A
2-PB1,525,1,1,1,6556,6559,C
2-PB1,526,6671,3,1,1,6676,A
2-PB1,527,6672,1,2,1,6676,A
2-PB1,528,6666,1,10,1,6678,A
2-PB1,529,1,2,6797,2,6802,G
2-PB1,530,6780,1,4,1,6786,A
2-PB1,531,1,3,6750,1,6755,G
2-PB1,532,1,2,6755,0,6758,G
2-PB1,533,6731,0,5,1,6737,A
2-PB1,534,6753,1,8,0,6762,A
2-PB1,535,6779,1,4,0,6784,A
2-PB1,536,0,6771,0,0,6771,T
2-PB1,537,0,4,6949,0,6953,G
2-PB1,538,0,3,6942,0,6945,G
2-PB1,539,6805,1,9,0,6815,A
2-PB1,540,0,1,6893,0,6894,G
2-PB1,541,6796,0,3,0,6799,A
2-PB1,542,1,6966,0,3,6970,T
2-PB1,543,6965,1,1,1,6968,A
2-PB1,544,7052,1,9,1,7063,A
2-PB1,545,0,0,1,7084,7085,C
2-PB1,546,6891,1,1,1,6894,A
2-PB1,547,6910,1,11,0,6922,A
2-PB1,548,1,2,0,6898,6901,C
2-PB1,549,6824,0,4,0,6828,A
2-PB1,550,1,1,1,6844,6847,C
2-PB1,551,6639,1,6,2,6648,A
2-PB1,552,1,1,0,6760,6762,C
2-PB1,553,0,6635,0,9,6644,T
2-PB1,554,1,6611,0,0,6612,T
2-PB1,555,0,6590,0,8,6598,T
2-PB1,556,2,1,2,6599,6604,C
2-PB1,557,6596,0,3,0,6599,A
2-PB1,558,6620,0,2,0,6622,A
2-PB1,559,6622,0,10,0,6632,A
2-PB1,560,0,3,6745,0,6748,G
2-PB1,561,6656,0,1,0,6657,A
2-PB1,562,6658,0,1,0,6659,A
2-PB1,563,6667,0,5,0,6672,A
2-PB1,564,6674,1,5,0,6680,A
2-PB1,565,6633,1,50,0,6684,A
2-PB1,566,1,8,6746,0,6755,G
2-PB1,567,0,4,6753,0,6757,G
2-PB1,568,6657,1,11,1,6670,A
2-PB1,569,1,8,6875,1,6885,G
2-PB1,570,6829,1,11,0,6841,A
2-PB1,571,2,0,7110,2,7114,G
2-PB1,572,0,7059,0,3,7062,T
2-PB1,573,7091,0,2,0,7093,A
2-PB1,574,7090,0,7,0,7097,A
2-PB1,575,2,9,7132,0,7143,G
2-PB1,576,3,6,7202,1,7212,G
2-PB1,577,2,3,7221,0,7226,G
2-PB1,578,7082,0,12,0,7094,A
2-PB1,579,2,4,2,7207,7215,C
2-PB1,580,6936,1,13,1,6951,A
2-PB1,581,7004,0,6,0,7010,A
2-PB1,582,2,2,0,6989,6993,C
2-PB1,583,6983,0,8,0,6991,A
2-PB1,584,0,6886,1,1,6888,T
2-PB1,585,1,10,6763,1,6775,G
2-PB1,586,6776,0,7,0,6783,A
2-PB1,587,2,1,0,6775,6778,C
2-PB1,588,5,0,0,6654,6659,C
2-PB1,589,6659,0,3,1,6663,A
2-PB1,590,6659,0,6,0,6665,A
2-PB1,591,0,3,6708,0,6711,G
2-PB1,592,6718,0,2,0,6720,A
2-PB1,593,6715,0,1,0,6716,A
2-PB1,594,6679,0,3,0,6682,A
2-PB1,595,6664,1,6,0,6671,A
2-PB1,596,0,6658,0,1,6659,T
2-PB1,597,0,3,6672,0,6675,G
2-PB1,598,0,0,6706,0,6706,G
2-PB1,599,1,6649,0,8,6658,T
2-PB1,600,7,1,1,6603,6612,C
2-PB1,601,6668,0,3,0,6671,A
2-PB1,602,3,2,0,7286,7291,C
2-PB1,603,7490,0,7,0,7497,A
2-PB1,604,0,0,2,7580,7582,C
2-PB1,605,7545,0,2,0,7547,A
2-PB1,606,7972,0,4,0,7976,A
2-PB1,607,7927,1,1,0,7929,A
2-PB1,608,0,7,8986,0,8993,G
2-PB1,609,8955,1,11,1,8968,A
2-PB1,610,9078,0,7,0,9085,A
2-PB1,611,1,2,1,9515,9519,C
2-PB1,612,9305,2,3,0,9310,A
2-PB1,613,9419,0,10,0,9429,A
2-PB1,614,0,9376,1,2,9379,T
2-PB1,615,9303,2,11,1,9317,A
2-PB1,616,2,15,9359,2,9378,G
2-PB1,617,3,7,9021,0,9031,G
2-PB1,618,3,1,9042,0,9046,G
2-PB1,619,8955,1,56,0,9012,A
2-PB1,620,8937,0,6,2,8945,A
2-PB1,621,0,0,9080,0,9080,G
2-PB1,622,9038,1,6,0,9045,A
2-PB1,623,9056,3,2,0,9061,A
2-PB1,624,9095,1,6,0,9102,A
2-PB1,625,9173,0,7,0,9180,A
2-PB1,626,9473,0,4,0,9477,A
2-PB1,627,9486,1,16,1,9504,A
2-PB1,628,1,1,0,9537,9539,C
2-PB1,629,9514,0,0,0,9514,A
2-PB1,630,9510,0,3,1,9514,A
2-PB1,631,9474,0,19,0,9493,A
2-PB1,632,2,7,9813,2,9824,G
2-PB1,633,9791,0,22,0,9813,A
2-PB1,634,1,0,10572,0,10573,G
2-PB1,635,3,10458,2,3,10466,T
2-PB1,636,2,3,12882,2,12889,G
2-PB1,637,12898,2,19,2,12921,A
2-PB1,638,12942,0,19,0,12961,A
2-PB1,639,1,13197,0,5,13203,T
2-PB1,640,13258,0,2,0,13260,A
2-PB1,641,13235,2,20,0,13257,A
2-PB1,642,3,18,13273,4,13298,G
2-PB1,643,12966,1,18,1,12986,A
2-PB1,644,4,2,13079,0,13085,G
2-PB1,645,12492,2,24,1,12519,A
2-PB1,646,0,9,12599,0,12608,G
2-PB1,647,4,2,12593,1,12600,G
2-PB1,648,2,3,0,12635,12640,C
2-PB1,649,0,12597,0,11,12608,T
2-PB1,650,13068,2,10,0,13080,A
2-PB1,651,0,5,5,13922,13932,C
2-PB1,652,6,0,1,13966,13973,C
2-PB1,653,2,14060,1,7,14070,T
2-PB1,654,14780,0,7,0,14787,A
2-PB1,655,14776,1,5,4,14786,A
2-PB1,656,1,14765,0,4,14770,T
2-PB1,657,14744,1,5,0,14750,A
2-PB1,658,14705,2,16,0,14723,A
2-PB1,659,1,12,14768,4,14785,G
2-PB1,660,14362,0,29,1,14392,A
2-PB1,661,1,0,14603,0,14604,G
2-PB1,662,2,3,0,14674,14679,C
2-PB1,663,2,14471,0,23,14496,T
2-PB1,664,0,14550,0,7,14557,T
2-PB1,665,1,14535,8,9,14553,T
2-PB1,666,1,12,14536,1,14550,G
2-PB1,667,14829,1,21,0,14851,A
2-PB1,668,2,1,2,14935,14940,C
2-PB1,669,14880,2,9,0,14891,A
2-PB1,670,0,14856,1,7,14864,T
2-PB1,671,5,14746,2,11,14764,T
2-PB1,672,7,19,15121,6,15153,G
2-PB1,673,15149,1,14,0,15164,A
2-PB1,674,15173,1,28,0,15202,A
2-PB1,675,0,5,1,15249,15255,C
2-PB1,676,15141,1,15,0,15157,A
2-PB1,677,2,3,0,15227,15232,C
2-PB1,678,7,4,15191,0,15202,G
2-PB1,679,15223,2,21,0,15246,A
2-PB1,680,0,15217,1,10,15228,T
2-PB1,681,3,14,15557,1,15575,G
2-PB1,682,15589,3,22,0,15614,A
2-PB1,683,1,2,2,15737,15742,C
2-PB1,684,10,3,4,15694,15711,C
2-PB1,685,15725,1,8,1,15735,A
2-PB1,686,15994,0,14,2,16010,A
2-PB1,687,15512,2,473,0,15987,A
2-PB1,688,2,5,16552,1,16560,G
2-PB1,689,16727,3,26,0,16756,A
2-PB1,690,1,16500,0,9,16510,T
2-PB1,691,4,0,16545,3,16552,G
2-PB1,692,2,7,0,16475,16484,C
2-PB1,693,16392,7,25,1,16425,A
2-PB1,694,5,8,16587,3,16603,G
2-PB1,695,16368,2,23,0,16393,A
2-PB1,696,3,9,16482,1,16495,G
2-PB1,697,15956,2,11,1,15970,A
2-PB1,698,2,2,15911,7,15922,G
2-PB1,699,15703,5,43,0,15751,A
2-PB1,700,3,2,15793,2,15800,G
2-PB1,701,7,3,15780,0,15790,G
2-PB1,702,3,3,1,15745,15752,C
2-PB1,703,15615,2,9,0,15626,A
2-PB1,704,15672,2,9,0,15683,A
2-PB1,705,15750,1,12,1,15764,A
2-PB1,706,2,15815,2,7,15826,T
2-PB1,707,1,15783,0,4,15788,T
2-PB1,708,15821,11,4,1,15837,A
2-PB1,709,15803,2,7,0,15812,A
2-PB1,710,15823,1,14,2,15840,A
2-PB1,711,15890,0,7,2,15899,A
2-PB1,712,15878,1,23,1,15903,A
2-PB1,713,2,8,15957,2,15969,G
2-PB1,714,15795,1,10,1,15807,A
2-PB1,715,15727,0,38,1,15766,A
2-PB1,716,0,14,16124,0,16138,G
2-PB1,717,4,10,16514,0,16528,G
2-PB1,718,12,0,16563,0,16575,G
2-PB1,719,1,2,0,16681,16684,C
2-PB1,720,2,16644,1,13,16660,T
2-PB1,721,16819,2,10,0,16831,A
2-PB1,722,2,17143,1,8,17154,T
2-PB1,723,2,17174,0,8,17184,T
2-PB1,724,11,2,17262,2,17277,G
2-PB1,725,2,7,1,17063,17073,C
2-PB1,726,16466,0,35,0,16501,A
2-PB1,727,16490,2,29,2,16523,A
2-PB1,728,3,5,0,16532,16540,C
2-PB1,729,16482,1,15,1,16499,A
2-PB1,730,2,0,1,16573,16576,C
2-PB1,731,6,6,1,16213,16226,C
2-PB1,732,21,14,1,16169,16205,C
2-PB1,733,5,22,16090,1,16118,G
2-PB1,734,3,7,16184,1,16195,G
2-PB1,735,3,1,16191,0,16195,G
2-PB1,736,16253,1,12,4,16270,A
2-PB1,737,1,16123,0,22,16146,T
2-PB1,738,6,1,16195,3,16205,G
2-PB1,739,3,1,4,16140,16148,C
2-PB1,740,16404,0,17,3,16424,A
2-PB1,741,16732,5,13,1,16751,A
2-PB1,742,16923,1,1,5,16930,A
2-PB1,743,0,16929,1,3,16933,T
2-PB1,744,0,16924,0,3,16927,T
2-PB1,745,16807,1,10,0,16818,A
2-PB1,746,5,9,16794,9,16817,G
2-PB1,747,16684,1,36,2,16723,A
2-PB1,748,4,16,16836,0,16856,G
2-PB1,749,3,9,16589,1,16602,G
2-PB1,750,6,2,17112,0,17120,G
2-PB1,751,0,17039,1,20,17060,T
2-PB1,752,2,17066,0,16,17084,T
2-PB1,753,11,7,0,17150,17168,C
2-PB1,754,13,0,17416,2,17431,G
2-PB1,755,1,17399,0,11,17411,T
2-PB1,756,12,0,17459,1,17472,G
2-PB1,757,1,17404,0,13,17418,T
2-PB1,758,17266,2,5,0,17273,A
2-PB1,759,3,2,0,17255,17260,C
2-PB1,760,1,16115,1,22,16139,T
2-PB1,761,0,16210,0,3,16213,T
2-PB1,762,5,3,0,16139,16147,C
2-PB1,763,6,0,16057,1,16064,G
2-PB1,764,1,16040,0,7,16048,T
2-PB1,765,0,15965,1,25,15991,T
2-PB1,766,1,7,15980,1,15989,G
2-PB1,767,15950,0,11,0,15961,A
2-PB1,768,15970,2,13,0,15985,A
2-PB1,769,16095,0,19,1,16115,A
2-PB1,770,1,1,0,16238,16240,C
2-PB1,771,0,16081,0,14,16095,T
2-PB1,772,2,16025,0,3,16030,T
2-PB1,773,0,16057,0,4,16061,T
2-PB1,774,16355,3,21,1,16380,A
2-PB1,775,3,1,16475,2,16481,G
2-PB1,776,0,3,2,16514,16519,C
2-PB1,777,2,16485,0,14,16501,T
2-PB1,778,16329,3,9,0,16341,A
2-PB1,779,4,3,16304,1,16312,G
2-PB1,780,16292,2,7,1,16302,A
2-PB1,781,16272,0,26,0,16298,A
2-PB1,782,2,1,16362,0,16365,G
2-PB1,783,1,1,0,16054,16056,C
2-PB1,784,16011,1,8,0,16020,A
2-PB1,785,0,15918,0,68,15986,T
2-PB1,786,2,15955,2,12,15971,T
2-PB1,787,1,15964,2,11,15978,T
2-PB1,788,0,2,15988,0,15990,G
2-PB1,789,1,8,0,15966,15975,C
2-PB1,790,10,11,15982,0,16003,G
2-PB1,791,15912,1,16,1,15930,A
2-PB1,792,15855,0,3,0,15858,A
2-PB1,793,15904,0,7,0,15911,A
2-PB1,794,16507,0,10,0,16517,A
2-PB1,795,3,6,16737,0,16746,G
2-PB1,796,4,6,1,16769,16780,C
2-PB1,797,1,16705,4,64,16774,T
2-PB1,798,3,16752,2,14,16771,T
2-PB1,799,4,10,16791,1,16806,G
2-PB1,800,16784,1,18,0,16803,A
2-PB1,801,16792,3,17,0,16812,A
2-PB1,802,2,1,3,16899,16905,C
2-PB1,803,16329,0,9,1,16339,A
2-PB1,804,2,2,17974,0,17978,G
2-PB1,805,4,17781,2,14,17801,T
2-PB1,806,9,2,2,17837,17850,C
2-PB1,807,2,17824,0,26,17852,T
2-PB1,808,4,8,17880,1,17893,G
2-PB1,809,2,3,17916,0,17921,G
2-PB1,810,17909,4,18,2,17933,A
2-PB1,811,1,7,1,18015,18024,C
2-PB1,812,2,17348,0,16,17366,T
2-PB1,813,1,16181,2,11,16195,T
2-PB1,814,4,5,2,16197,16208,C
2-PB1,815,2,5,0,16171,16178,C
2-PB1,816,7,6,16273,1,16287,G
2-PB1,817,2,1,16356,0,16359,G
2-PB1,818,2,16179,1,14,16196,T
2-PB1,819,2,16170,2,24,16198,T
2-PB1,820,2,13,16159,1,16175,G
2-PB1,821,2,21,16293,1,16317,G
2-PB1,822,5,20,16424,1,16450,G
2-PB1,823,16,13,16411,1,16441,G
2-PB1,824,5,3,16491,1,16500,G
2-PB1,825,2,16320,0,7,16329,T
2-PB1,826,16307,0,7,0,16314,A
2-PB1,827,16445,2,17,1,16465,A
2-PB1,828,1,16480,0,10,16491,T
2-PB1,829,1,6,16530,1,16538,G
2-PB1,830,16325,4,10,0,16339,A
2-PB1,831,16203,1,22,1,16227,A
2-PB1,832,16223,1,11,1,16236,A
2-PB1,833,16166,0,26,0,16192,A
2-PB1,834,4,7,16174,5,16190,G
2-PB1,835,16048,3,14,0,16065,A
2-PB1,836,15896,1,19,2,15918,A
2-PB1,837,3,5,16038,0,16046,G
2-PB1,838,6,3,15996,0,16005,G
2-PB1,839,3,2,0,15981,15986,C
2-PB1,840,9,5,1,15954,15969,C
2-PB1,841,15980,1,10,0,15991,A
2-PB1,842,15989,0,7,1,15997,A
2-PB1,843,15988,0,16,3,16007,A
2-PB1,844,2,1,1,16089,16093,C
2-PB1,845,0,15992,0,17,16009,T
2-PB1,846,8,8,16363,2,16381,G
2-PB1,847,14,3,16335,0,16352,G
2-PB1,848,4,6,1,16379,16390,C
2-PB1,849,16418,2,8,1,16429,A
2-PB1,850,16406,3,7,1,16417,A
2-PB1,851,16436,0,8,0,16444,A
2-PB1,852,2,16464,1,3,16470,T
2-PB1,853,3,0,16507,1,16511,G
2-PB1,854,0,16404,0,13,16417,T
2-PB1,855,2,15928,1,18,15949,T
2-PB1,856,4,0,15993,2,15999,G
2-PB1,857,2,15876,1,22,15901,T
2-PB1,858,4,6,15948,1,15959,G
2-PB1,859,15922,2,21,1,15946,A
2-PB1,860,1,6,16004,0,16011,G
2-PB1,861,15989,2,10,1,16002,A
2-PB1,862,15900,1,3,1,15905,A
2-PB1,863,15890,0,15,2,15907,A
2-PB1,864,15929,1,12,1,15943,A
2-PB1,865,16046,0,16,0,16062,A
2-PB1,866,0,16042,0,5,16047,T
2-PB1,867,2,4,16032,0,16038,G
2-PB1,868,15977,1,33,1,16012,A
2-PB1,869,2,15866,0,8,15876,T
2-PB1,870,0,8,16064,2,16074,G
2-PB1,871,16063,4,28,0,16095,A
2-PB1,872,1,2,0,16372,16375,C
2-PB1,873,2,16178,0,115,16295,T
2-PB1,874,16256,0,3,0,16259,A
2-PB1,875,16443,2,9,0,16454,A
2-PB1,876,0,16444,0,2,16446,T
2-PB1,877,3,16533,1,28,16565,T
2-PB1,878,15,4,0,16668,16687,C
2-PB1,879,16662,3,15,2,16682,A
2-PB1,880,5,5,0,16761,16771,C
2-PB1,881,16474,6,4,2,16486,A
2-PB1,882,16497,2,31,1,16531,A
2-PB1,883,4,14,16563,4,16585,G
2-PB1,884,16940,2,25,0,16967,A
2-PB1,885,1,3,1,16955,16960,C
2-PB1,886,16808,1,23,2,16834,A
2-PB1,887,0,5,2,16816,16823,C
2-PB1,888,16617,1,12,7,16637,A
2-PB1,889,2,8,16758,4,16772,G
2-PB1,890,16630,2,16,0,16648,A
2-PB1,891,5,1,16726,1,16733,G
2-PB1,892,0,1,1,16656,16658,C
2-PB1,893,1,16193,1,37,16232,T
2-PB1,894,2,16458,1,9,16470,T
2-PB1,895,0,16450,0,12,16462,T
2-PB1,896,9,3,3,16522,16537,C
2-PB1,897,2,16490,3,36,16531,T
2-PB1,898,0,16397,1,13,16411,T
2-PB1,899,0,16396,1,24,16421,T
2-PB1,900,5,4,1,16406,16416,C
2-PB1,901,16373,1,11,1,16386,A
2-PB1,902,0,1,0,16504,16505,C
2-PB1,903,16256,0,13,1,16270,A
2-PB1,904,16302,0,9,3,16314,A
2-PB1,905,3,16561,0,16,16580,T
2-PB1,906,6,2,3,16837,16848,C
2-PB1,907,16957,1,5,1,16964,A
2-PB1,908,0,1,2,17118,17121,C
2-PB1,909,1,16961,2,11,16975,T
2-PB1,910,5,9,17183,1,17198,G
2-PB1,911,4,20,17060,0,17084,G
2-PB1,912,12,12,17782,3,17809,G
2-PB1,913,5,8,17767,2,17782,G
2-PB1,914,17357,1,112,1,17471,A
2-PB1,915,4,4,2,16834,16844,C
2-PB1,916,17056,1,21,1,17079,A
2-PB1,917,18335,0,15,0,18350,A
2-PB1,918,2,2,1,18553,18558,C
2-PB1,919,18485,1,15,0,18501,A
2-PB1,920,0,2,0,18500,18502,C
2-PB1,921,2,17440,3,9,17454,T
2-PB1,922,17524,0,12,0,17536,A
2-PB1,923,17478,2,16,3,17499,A
2-PB1,924,1,3,17692,1,17697,G
2-PB1,925,0,17552,1,11,17564,T
2-PB1,926,4,10,16318,1,16333,G
2-PB1,927,3,2,16201,2,16208,G
2-PB1,928,16141,4,13,1,16159,A
2-PB1,929,16170,0,23,1,16194,A
2-PB1,930,2,16160,0,8,16170,T
2-PB1,931,3,3,16138,0,16144,G
2-PB1,932,16131,1,5,0,16137,A
2-PB1,933,15872,2,15,0,15889,A
2-PB1,934,16026,1,16,1,16044,A
2-PB1,935,16138,3,4,0,16145,A
2-PB1,936,1,16048,0,8,16057,T
2-PB1,937,12,8,0,16086,16106,C
2-PB1,938,16073,1,9,3,16086,A
2-PB1,939,16052,1,21,0,16074,A
2-PB1,940,16026,1,22,2,16051,A
2-PB1,941,16026,2,25,0,16053,A
2-PB1,942,3,0,2,16132,16137,C
2-PB1,943,6,2,0,16026,16034,C
2-PB1,944,28,4,1,15966,15999,C
2-PB1,945,1,15946,1,18,15966,T
2-PB1,946,8,4,1,16007,16020,C
2-PB1,947,5,7,16010,2,16024,G
2-PB1,948,16012,1,11,0,16024,A
2-PB1,949,16003,1,7,2,16013,A
2-PB1,950,2,16013,0,3,16018,T
2-PB1,951,2,0,16082,1,16085,G
2-PB1,952,0,15932,4,11,15947,T
2-PB1,953,1,15914,1,4,15920,T
2-PB1,954,2,15924,0,12,15938,T
2-PB1,955,0,15894,2,10,15906,T
2-PB1,956,1,15904,1,6,15912,T
2-PB1,957,2,11,15915,1,15929,G
2-PB1,958,2,3,15865,2,15872,G
2-PB1,959,2,5,0,15853,15860,C
2-PB1,960,8,6,15765,0,15779,G
2-PB1,961,15774,1,5,1,15781,A
2-PB1,962,1,16309,0,10,16320,T
2-PB1,963,2,9,16974,1,16986,G
2-PB1,964,17999,1,7,0,18007,A
2-PB1,965,2,18049,2,22,18075,T
2-PB1,966,1,18081,2,8,18092,T
2-PB1,967,18228,2,16,0,18246,A
2-PB1,968,3,4,2,18284,18293,C
2-PB1,969,18357,1,13,0,18371,A
2-PB1,970,2,18341,3,9,18355,T
2-PB1,971,17395,1,14,0,17410,A
2-PB1,972,3,3,7,17533,17546,C
2-PB1,973,15777,0,11,0,15788,A
2-PB1,974,0,15727,1,31,15759,T
2-PB1,975,5,1,2,15711,15719,C
2-PB1,976,15655,1,8,0,15664,A
2-PB1,977,1,3,1,15690,15695,C
2-PB1,978,15538,0,5,3,15546,A
2-PB1,979,15531,1,6,1,15539,A
2-PB1,980,15466,3,40,0,15509,A
2-PB1,981,3,4,14962,3,14972,G
2-PB1,982,15736,2,21,0,15759,A
2-PB1,983,15782,0,13,0,15795,A
2-PB1,984,1,15760,2,18,15781,T
2-PB1,985,13,3,0,15760,15776,C
2-PB1,986,15857,2,25,1,15885,A
2-PB1,987,15958,2,17,1,15978,A
2-PB1,988,1,4,1,16044,16050,C
2-PB1,989,4,1,0,16056,16061,C
2-PB1,990,2,15156,0,7,15165,T
2-PB1,991,9,16,15333,2,15360,G
2-PB1,992,15274,1,20,0,15295,A
2-PB1,993,3,0,15340,0,15343,G
2-PB1,994,1,15228,1,13,15243,T
2-PB1,995,6,12,14950,0,14968,G
2-PB1,996,2,1,15735,0,15738,G
2-PB1,997,1,15623,0,15,15639,T
2-PB1,998,0,15605,0,15,15620,T
2-PB1,999,9,3,1,15654,15667,C
2-PB1,1000,15446,3,19,2,15470,A
2-PB1,1001,4,5,15814,2,15825,G
2-PB1,1002,15793,2,10,0,15805,A
2-PB1,1003,15821,4,16,0,15841,A
2-PB1,1004,15751,0,13,2,15766,A
2-PB1,1005,1,3,0,14766,14770,C
2-PB1,1006,14983,0,9,0,14992,A
2-PB1,1007,2,14959,0,16,14977,T
2-PB1,1008,9,1,1,15205,15216,C
2-PB1,1009,11,2,1,15202,15216,C
2-PB1,1010,1,14667,2,12,14682,T
2-PB1,1011,12,12,14714,4,14742,G
2-PB1,1012,14634,1,18,1,14654,A
2-PB1,1013,1,2,14808,1,14812,G
2-PB1,1014,4,3,1,14714,14722,C
2-PB1,1015,14264,1,8,0,14273,A
2-PB1,1016,1,14250,0,18,14269,T
2-PB1,1017,2,3,0,14155,14160,C
2-PB1,1018,5,1,14136,0,14142,G
2-PB1,1019,1,3,2,14654,14660,C
2-PB1,1020,14715,0,11,0,14726,A
2-PB1,1021,1,0,0,15246,15247,C
2-PB1,1022,11,5,1,15168,15185,C
2-PB1,1023,15189,0,16,2,15207,A
2-PB1,1024,15458,2,7,2,15469,A
2-PB1,1025,2,15427,0,12,15441,T
2-PB1,1026,15437,0,6,0,15443,A
2-PB1,1027,15397,2,10,1,15410,A
2-PB1,1028,1,14824,1,13,14839,T
2-PB1,1029,0,2,14917,0,14919,G
2-PB1,1030,1,14432,1,17,14451,T
2-PB1,1031,5,14358,1,32,14396,T
2-PB1,1032,8,5,1,14401,14415,C
2-PB1,1033,1,14285,1,16,14303,T
2-PB1,1034,10,6,1,14319,14336,C
2-PB1,1035,14353,0,4,1,14358,A
2-PB1,1036,14353,2,6,0,14361,A
2-PB1,1037,14354,4,16,0,14374,A
2-PB1,1038,1,6,1,14419,14427,C
2-PB1,1039,14366,1,4,0,14371,A
2-PB1,1040,14357,1,4,1,14363,A
2-PB1,1041,14293,2,9,1,14305,A
2-PB1,1042,14377,0,25,0,14402,A
2-PB1,1043,1,14595,3,11,14610,T
2-PB1,1044,7,9,14642,1,14659,G
2-PB1,1045,6,1,14620,0,14627,G
2-PB1,1046,5,5,2,14574,14586,C
2-PB1,1047,14572,0,20,3,14595,A
2-PB1,1048,14623,2,16,0,14641,A
2-PB1,1049,0,10,14739,0,14749,G
2-PB1,1050,14733,3,18,1,14755,A
2-PB1,1051,0,4,0,14776,14780,C
2-PB1,1052,2,14539,1,7,14549,T
2-PB1,1053,9,15,14774,1,14799,G
2-PB1,1054,6,9,14777,1,14793,G
2-PB1,1055,0,4,14869,1,14874,G
2-PB1,1056,14865,1,18,1,14885,A
2-PB1,1057,14863,1,9,0,14873,A
2-PB1,1058,14796,1,14,1,14812,A
2-PB1,1059,14735,1,19,0,14755,A
2-PB1,1060,4,10,15462,0,15476,G
2-PB1,1061,2,5,15457,1,15465,G
2-PB1,1062,15410,2,9,0,15421,A
2-PB1,1063,2,15305,0,7,15314,T
2-PB1,1064,15274,2,13,0,15289,A
2-PB1,1065,3,0,1,15319,15323,C
2-PB1,1066,15450,0,8,1,15459,A
2-PB1,1067,2,15417,0,5,15424,T
2-PB1,1068,4,3,15524,7,15538,G
2-PB1,1069,0,15018,0,23,15041,T
2-PB1,1070,2,14976,2,18,14998,T
2-PB1,1071,13,5,4,14941,14963,C
2-PB1,1072,6,7,14985,0,14998,G
2-PB1,1073,14946,1,15,1,14963,A
2-PB1,1074,2,14,15387,1,15404,G
2-PB1,1075,15112,1,24,1,15138,A
2-PB1,1076,1,6,15350,4,15361,G
2-PB1,1077,1,15167,0,2,15170,T
2-PB1,1078,15129,0,2,0,15131,A
2-PB1,1079,15169,2,15,3,15189,A
2-PB1,1080,4,7,15224,2,15237,G
2-PB1,1081,15167,1,20,0,15188,A
2-PB1,1082,2,12,15432,0,15446,G
2-PB1,1083,14990,1,18,2,15011,A
2-PB1,1084,15120,2,10,0,15132,A
2-PB1,1085,0,14959,3,7,14969,T
2-PB1,1086,6,2,14929,5,14942,G
2-PB1,1087,14921,0,19,0,14940,A
2-PB1,1088,14818,1,29,0,14848,A
2-PB1,1089,1,0,14901,0,14902,G
2-PB1,1090,1,0,1,14879,14881,C
2-PB1,1091,0,14661,2,8,14671,T
2-PB1,1092,8,2,2,14773,14785,C
2-PB1,1093,11,2,3,14740,14756,C
2-PB1,1094,13,9,14777,3,14802,G
2-PB1,1095,4,11,14823,1,14839,G
2-PB1,1096,14853,1,11,1,14866,A
2-PB1,1097,0,3,0,15223,15226,C
2-PB1,1098,15169,1,16,1,15187,A
2-PB1,1099,3,1,4,15421,15429,C
2-PB1,1100,15403,0,10,1,15414,A
2-PB1,1101,15431,2,13,1,15447,A
2-PB1,1102,15423,1,11,0,15435,A
2-PB1,1103,1,15459,0,0,15460,T
2-PB1,1104,15394,1,37,0,15432,A
2-PB1,1105,0,0,3,15458,15461,C
2-PB1,1106,5,3,1,15313,15322,C
2-PB1,1107,3,14995,1,12,15011,T
2-PB1,1108,5,6,15123,0,15134,G
2-PB1,1109,2,2,3,15142,15149,C
2-PB1,1110,15130,0,10,0,15140,A
2-PB1,1111,6,4,15147,0,15157,G
2-PB1,1112,15047,5,1,0,15053,A
2-PB1,1113,15041,4,2,0,15047,A
2-PB1,1114,15109,1,7,0,15117,A
2-PB1,1115,0,15031,0,5,15036,T
2-PB1,1116,2,2,15076,5,15085,G
2-PB1,1117,2,3,1,15024,15030,C
2-PB1,1118,2,14998,2,11,15013,T
2-PB1,1119,15282,1,11,0,15294,A
2-PB1,1120,2,3,15272,2,15279,G
2-PB1,1121,1,4,7,15286,15298,C
2-PB1,1122,15285,0,15,0,15300,A
2-PB1,1123,15223,1,15,1,15240,A
2-PB1,1124,1,3,15177,0,15181,G
2-PB1,1125,2,3,1,15160,15166,C
2-PB1,1126,14903,0,1,0,14904,A
2-PB1,1127,3,15273,0,8,15284,T
2-PB1,1128,1,15294,0,18,15313,T
2-PB1,1129,3,12,15781,2,15798,G
2-PB1,1130,15935,3,25,0,15963,A
2-PB1,1131,2,3,1,15970,15976,C
2-PB1,1132,12,2,2,15975,15991,C
2-PB1,1133,5,15532,1,18,15556,T
2-PB1,1134,3,11,15850,2,15866,G
2-PB1,1135,15896,2,10,0,15908,A
2-PB1,1136,15895,0,26,0,15921,A
2-PB1,1137,3,1,16178,1,16183,G
2-PB1,1138,1,15437,1,12,15451,T
2-PB1,1139,15533,0,0,1,15534,A
2-PB1,1140,0,15448,0,15,15463,T
2-PB1,1141,1,15446,1,12,15460,T
2-PB1,1142,1,15418,0,10,15429,T
2-PB1,1143,5,6,2,15260,15273,C
2-PB1,1144,15197,2,8,0,15207,A
2-PB1,1145,15209,1,8,0,15218,A
2-PB1,1146,2,14965,0,9,14976,T
2-PB1,1147,5,4,15076,2,15087,G
2-PB1,1148,14950,4,7,0,14961,A
2-PB1,1149,15037,1,15,0,15053,A
2-PB1,1150,3,14986,1,14,15004,T
2-PB1,1151,6,1,0,15113,15120,C
2-PB1,1152,15099,2,15,1,15117,A
2-PB1,1153,15160,3,10,1,15174,A
2-PB1,1154,2,8,4,15150,15164,C
2-PB1,1155,15110,2,17,0,15129,A
2-PB1,1156,15050,4,27,1,15082,A
2-PB1,1157,4,12,15051,1,15068,G
2-PB1,1158,3,7,15195,0,15205,G
2-PB1,1159,15142,2,12,0,15156,A
2-PB1,1160,15103,2,24,2,15131,A
2-PB1,1161,0,3,15143,0,15146,G
2-PB1,1162,15085,0,14,1,15100,A
2-PB1,1163,15071,0,11,0,15082,A
2-PB1,1164,15071,0,11,0,15082,A
2-PB1,1165,15089,0,15,3,15107,A
2-PB1,1166,0,15049,2,2,15053,T
2-PB1,1167,0,14881,0,1,14882,T
2-PB1,1168,0,7,14924,2,14933,G
2-PB1,1169,14845,4,23,2,14874,A
2-PB1,1170,0,4,14933,2,14939,G
2-PB1,1171,14922,0,16,0,14938,A
2-PB1,1172,15066,4,4,0,15074,A
2-PB1,1173,15307,1,8,1,15317,A
2-PB1,1174,15365,0,1,1,15367,A
2-PB1,1175,0,15358,1,2,15361,T
2-PB1,1176,15363,0,4,0,15367,A
2-PB1,1177,15338,0,21,5,15364,A
2-PB1,1178,3,7,15474,0,15484,G
2-PB1,1179,4,1,15452,0,15457,G
2-PB1,1180,2,3,1,15409,15415,C
2-PB1,1181,6,3,0,15332,15341,C
2-PB1,1182,1,15152,4,63,15220,T
2-PB1,1183,9,2,4,17126,17141,C
2-PB1,1184,1,17360,3,22,17386,T
2-PB1,1185,1,17443,1,10,17455,T
2-PB1,1186,8,4,6,17770,17788,C
2-PB1,1187,1,17695,0,5,17701,T
2-PB1,1188,17756,0,5,0,17761,A
2-PB1,1189,17761,1,9,0,17771,A
2-PB1,1190,2,17750,0,5,17757,T
2-PB1,1191,17837,0,7,1,17845,A
2-PB1,1192,1,4,17395,2,17402,G
2-PB1,1193,15854,3,13,2,15872,A
2-PB1,1194,3,15808,0,17,15828,T
2-PB1,1195,2,17,15544,0,15563,G
2-PB1,1196,9,2,15849,0,15860,G
2-PB1,1197,1,3,0,15812,15816,C
2-PB1,1198,15818,1,11,0,15830,A
2-PB1,1199,1,5,3,15883,15892,C
2-PB1,1200,15590,1,15,1,15607,A
2-PB1,1201,4,5,16274,1,16284,G
2-PB1,1202,3,3,0,16259,16265,C
2-PB1,1203,16267,2,12,0,16281,A
2-PB1,1204,0,16757,0,20,16777,T
2-PB1,1205,9,6,5,16564,16584,C
2-PB1,1206,16722,2,11,0,16735,A
2-PB1,1207,1,16684,0,11,16696,T
2-PB1,1208,0,16544,0,10,16554,T
2-PB1,1209,7,14,16484,5,16510,G
2-PB1,1210,15855,1,36,1,15893,A
2-PB1,1211,5,1,16408,0,16414,G
2-PB1,1212,1,1,1,16371,16374,C
2-PB1,1213,6,1,0,16117,16124,C
2-PB1,1214,18,2,1,16306,16327,C
2-PB1,1215,5,16191,3,23,16222,T
2-PB1,1216,4,9,16695,0,16708,G
2-PB1,1217,5,4,16952,3,16964,G
2-PB1,1218,16948,0,13,0,16961,A
2-PB1,1219,17142,0,9,0,17151,A
2-PB1,1220,0,16614,0,7,16621,T
2-PB1,1221,3,6,16941,0,16950,G
2-PB1,1222,17034,2,29,0,17065,A
2-PB1,1223,2,17050,0,16,17068,T
2-PB1,1224,3,9,17082,1,17095,G
2-PB1,1225,16894,0,25,2,16921,A
2-PB1,1226,2,16657,0,6,16665,T
2-PB1,1227,6,13,16715,0,16734,G
2-PB1,1228,12,9,16944,1,16966,G
2-PB1,1229,6,1,16997,0,17004,G
2-PB1,1230,2,5,1,16805,16813,C
2-PB1,1231,16801,11,11,0,16823,A
2-PB1,1232,1,16851,0,17,16869,T
2-PB1,1233,4,0,17315,0,17319,G
2-PB1,1234,2,17307,0,26,17335,T
2-PB1,1235,1,17372,2,12,17387,T
2-PB1,1236,11,4,2,17406,17423,C
2-PB1,1237,17215,2,31,1,17249,A
2-PB1,1238,17353,0,11,0,17364,A
2-PB1,1239,3,0,1,17358,17362,C
2-PB1,1240,17412,1,7,1,17421,A
2-PB1,1241,1,17387,0,8,17396,T
2-PB1,1242,4,5,17527,3,17539,G
2-PB1,1243,2,7,1,17505,17515,C
2-PB1,1244,1,17458,0,8,17467,T
2-PB1,1245,17608,2,3,0,17613,A
2-PB1,1246,17566,2,13,0,17581,A
2-PB1,1247,6,2,17903,2,17913,G
2-PB1,1248,2,17808,0,15,17825,T
2-PB1,1249,17715,1,8,1,17725,A
2-PB1,1250,1,7,1,17856,17865,C
2-PB1,1251,6,17,17795,0,17818,G
2-PB1,1252,2,2,19033,0,19037,G
2-PB1,1253,0,18938,2,15,18955,T
2-PB1,1254,0,18897,3,3,18903,T
2-PB1,1255,1,18922,1,7,18931,T
2-PB1,1256,0,18733,3,3,18739,T
2-PB1,1257,18768,2,14,0,18784,A
2-PB1,1258,4,9,18771,0,18784,G
2-PB1,1259,6,10,18742,3,18761,G
2-PB1,1260,18150,1,51,1,18203,A
2-PB1,1261,2,1,17981,0,17984,G
2-PB1,1262,2,18073,1,18,18094,T
2-PB1,1263,15,2,0,18153,18170,C
2-PB1,1264,1,18170,1,14,18186,T
2-PB1,1265,12,9,0,18191,18212,C
2-PB1,1266,8,4,18235,2,18249,G
2-PB1,1267,18851,0,15,1,18867,A
2-PB1,1268,1,18909,1,7,18918,T
2-PB1,1269,19024,3,6,0,19033,A
2-PB1,1270,6,1,3,18996,19006,C
2-PB1,1271,1,18597,0,32,18630,T
2-PB1,1272,6,10,18626,2,18644,G
2-PB1,1273,18486,1,111,0,18598,A
2-PB1,1274,18933,0,15,2,18950,A
2-PB1,1275,0,18895,0,31,18926,T
2-PB1,1276,8,5,1,18415,18429,C
2-PB1,1277,0,18335,3,17,18355,T
2-PB1,1278,2,18276,1,7,18286,T
2-PB1,1279,5,5,18326,1,18337,G
2-PB1,1280,3,7,18337,2,18349,G
2-PB1,1281,18262,4,51,1,18318,A
2-PB1,1282,5,4,0,18343,18352,C
2-PB1,1283,18001,1,3,0,18005,A
2-PB1,1284,18123,2,7,1,18133,A
2-PB1,1285,18188,1,13,1,18203,A
2-PB1,1286,18216,0,34,2,18252,A
2-PB1,1287,5,7,18631,2,18645,G
2-PB1,1288,18628,2,17,0,18647,A
2-PB1,1289,18632,2,19,1,18654,A
2-PB1,1290,18635,2,26,1,18664,A
2-PB1,1291,0,18617,2,8,18627,T
2-PB1,1292,18672,1,12,2,18687,A
2-PB1,1293,3,2,0,19325,19330,C
2-PB1,1294,19119,3,25,0,19147,A
2-PB1,1295,2,1,1,19275,19279,C
2-PB1,1296,14,2,0,18915,18931,C
2-PB1,1297,18819,1,14,2,18836,A
2-PB1,1298,19131,0,12,2,19145,A
2-PB1,1299,4,9,19731,3,19747,G
2-PB1,1300,19927,1,33,0,19961,A
2-PB1,1301,4,3,1,20175,20183,C
2-PB1,1302,19572,4,17,0,19593,A
2-PB1,1303,20241,2,31,2,20276,A
2-PB1,1304,3,8,1,20340,20352,C
2-PB1,1305,20582,0,25,2,20609,A
2-PB1,1306,1,20664,2,5,20672,T
2-PB1,1307,20415,3,12,1,20431,A
2-PB1,1308,4,4,5,20774,20787,C
2-PB1,1309,5,19926,1,14,19946,T
2-PB1,1310,6,10,20177,5,20198,G
2-PB1,1311,2,2,20202,3,20209,G
2-PB1,1312,5,19502,2,12,19521,T
2-PB1,1313,16,24,19478,0,19518,G
2-PB1,1314,10,14,19237,0,19261,G
2-PB1,1315,7,7,19325,3,19342,G
2-PB1,1316,19264,3,16,2,19285,A
2-PB1,1317,3,18866,0,10,18879,T
2-PB1,1318,6,18,18864,1,18889,G
2-PB1,1319,5,9,18672,1,18687,G
2-PB1,1320,4,7,18832,0,18843,G
2-PB1,1321,2,7,1,19127,19137,C
2-PB1,1322,3,18996,2,37,19038,T
2-PB1,1323,10,4,0,19151,19165,C
2-PB1,1324,10,66,1,19039,19116,C
2-PB1,1325,19108,3,8,0,19119,A
2-PB1,1326,19093,0,8,1,19102,A
2-PB1,1327,1,19014,1,12,19028,T
2-PB1,1328,11,2,0,18878,18891,C
2-PB1,1329,9,1,0,18711,18721,C
2-PB1,1330,3,18460,5,34,18502,T
2-PB1,1331,5,0,0,18469,18474,C
2-PB1,1332,9,7,1,18383,18400,C
2-PB1,1333,5,7,18394,0,18406,G
2-PB1,1334,18384,1,14,1,18400,A
2-PB1,1335,1,9,0,18378,18388,C
2-PB1,1336,7,5,18404,0,18416,G
2-PB1,1337,18531,0,1,0,18532,A
2-PB1,1338,0,18488,3,21,18512,T
2-PB1,1339,0,18480,2,11,18493,T
2-PB1,1340,1,18464,1,7,18473,T
2-PB1,1341,1,18483,2,15,18501,T
2-PB1,1342,6,5,18550,0,18561,G
2-PB1,1343,6,10,0,18691,18707,C
2-PB1,1344,7,6,0,18709,18722,C
2-PB1,1345,27,2,2,19369,19400,C
2-PB1,1346,0,18974,0,40,19014,T
2-PB1,1347,5,9,5,19789,19808,C
2-PB1,1348,19948,0,9,0,19957,A
2-PB1,1349,0,20041,0,3,20044,T
2-PB1,1350,20014,0,9,1,20024,A
2-PB1,1351,4,0,20245,0,20249,G
2-PB1,1352,4,19839,0,24,19867,T
2-PB1,1353,2,9,20028,1,20040,G
2-PB1,1354,19230,1,15,0,19246,A
2-PB1,1355,19229,3,19,1,19252,A
2-PB1,1356,6,18247,2,13,18268,T
2-PB1,1357,7,1,18171,0,18179,G
2-PB1,1358,1,4,1,18322,18328,C
2-PB1,1359,18314,1,18,1,18334,A
2-PB1,1360,1,4,1,18403,18409,C
2-PB1,1361,13,2,2,18212,18229,C
2-PB1,1362,18041,0,7,0,18048,A
2-PB1,1363,18014,0,4,1,18019,A
2-PB1,1364,17968,0,16,1,17985,A
2-PB1,1365,1,17418,2,6,17427,T
2-PB1,1366,11,5,2,18005,18023,C
2-PB1,1367,18012,2,11,1,18026,A
2-PB1,1368,3,17993,0,16,18012,T
2-PB1,1369,4,5,18049,8,18066,G
2-PB1,1370,18092,6,30,3,18131,A
2-PB1,1371,3,18,18322,0,18343,G
2-PB1,1372,3,7,18299,0,18309,G
2-PB1,1373,13,6,18378,1,18398,G
2-PB1,1374,18205,0,29,0,18234,A
2-PB1,1375,18460,0,16,0,18476,A
2-PB1,1376,0,18514,0,8,18522,T
2-PB1,1377,18526,2,15,1,18544,A
2-PB1,1378,3,9,5,18549,18566,C
2-PB1,1379,18557,0,10,0,18567,A
2-PB1,1380,18499,1,28,0,18528,A
2-PB1,1381,4,3,18431,0,18438,G
2-PB1,1382,4,3,6,18248,18261,C
2-PB1,1383,18092,4,16,2,18114,A
2-PB1,1384,3,9,18313,1,18326,G
2-PB1,1385,3,12,18316,4,18335,G
2-PB1,1386,18205,1,20,4,18230,A
2-PB1,1387,3,18,18351,2,18374,G
2-PB1,1388,1,17928,2,15,17946,T
2-PB1,1389,3,12,18147,0,18162,G
2-PB1,1390,2,4,18231,0,18237,G
2-PB1,1391,18149,0,29,2,18180,A
2-PB1,1392,3,18198,1,4,18206,T
2-PB1,1393,17653,4,11,1,17669,A
2-PB1,1394,3,5,17830,0,17838,G
2-PB1,1395,17994,1,10,0,18005,A
2-PB1,1396,0,17949,0,11,17960,T
2-PB1,1397,2,17851,0,12,17865,T
2-PB1,1398,6,3,0,18483,18492,C
2-PB1,1399,2,18337,0,11,18350,T
2-PB1,1400,18352,1,12,0,18365,A
2-PB1,1401,3,9,0,18345,18357,C
2-PB1,1402,17971,3,17,1,17992,A
2-PB1,1403,4,11,18009,0,18024,G
2-PB1,1404,1,13,17616,1,17631,G
2-PB1,1405,17823,4,18,1,17846,A
2-PB1,1406,2,2,0,17804,17808,C
2-PB1,1407,10,5,1,17229,17245,C
2-PB1,1408,6,17099,2,28,17135,T
2-PB1,1409,9,3,17207,3,17222,G
2-PB1,1410,3,5,2,17189,17199,C
2-PB1,1411,17205,2,8,0,17215,A
2-PB1,1412,17282,2,15,2,17301,A
2-PB1,1413,4,1,17331,0,17336,G
2-PB1,1414,2,16980,1,14,16997,T
2-PB1,1415,0,16992,0,5,16997,T
2-PB1,1416,16672,1,10,0,16683,A
2-PB1,1417,1,1,16741,1,16744,G
2-PB1,1418,5,16599,1,11,16616,T
2-PB1,1419,6,19,16591,1,16617,G
2-PB1,1420,4,9,16573,1,16587,G
2-PB1,1421,7,13,16700,1,16721,G
2-PB1,1422,16603,0,18,1,16622,A
2-PB1,1423,16671,0,7,1,16679,A
2-PB1,1424,1,16631,1,13,16646,T
2-PB1,1425,8,0,1,16684,16693,C
2-PB1,1426,16626,0,17,0,16643,A
2-PB1,1427,16682,0,19,1,16702,A
2-PB1,1428,0,4,0,16669,16673,C
2-PB1,1429,16637,1,4,1,16643,A
2-PB1,1430,1,16105,1,4,16111,T
2-PB1,1431,4,17,16111,2,16134,G
2-PB1,1432,16046,0,64,2,16112,A
2-PB1,1433,1,0,16290,0,16291,G
2-PB1,1434,4,3,2,16175,16184,C
2-PB1,1435,16126,1,2,0,16129,A
2-PB1,1436,16135,2,8,1,16146,A
2-PB1,1437,16140,0,6,2,16148,A
2-PB1,1438,16349,0,16,3,16368,A
2-PB1,1439,16365,0,15,0,16380,A
2-PB1,1440,3,4,16382,0,16389,G
2-PB1,1441,16149,0,10,0,16159,A
2-PB1,1442,15901,1,52,1,15955,A
2-PB1,1443,2,0,16750,0,16752,G
2-PB1,1444,1,16685,1,18,16705,T
2-PB1,1445,20,1,1,16745,16767,C
2-PB1,1446,8,1,1,16789,16799,C
2-PB1,1447,2,16567,2,19,16590,T
2-PB1,1448,16858,3,4,0,16865,A
2-PB1,1449,2,16805,1,5,16813,T
2-PB1,1450,16821,3,7,0,16831,A
2-PB1,1451,2,16807,1,3,16813,T
2-PB1,1452,16020,0,3,1,16024,A
2-PB1,1453,16033,0,12,0,16045,A
2-PB1,1454,16007,1,8,0,16016,A
2-PB1,1455,1,15955,1,1,15958,T
2-PB1,1456,15741,0,2,0,15743,A
2-PB1,1457,15670,3,7,1,15681,A
2-PB1,1458,15757,0,5,0,15762,A
2-PB1,1459,15769,1,16,2,15788,A
2-PB1,1460,1,1,0,15804,15806,C
2-PB1,1461,14950,2,16,0,14968,A
2-PB1,1462,3,12,14980,1,14996,G
2-PB1,1463,5,11,14999,0,15015,G
2-PB1,1464,4,6,15001,1,15012,G
2-PB1,1465,14968,1,36,0,15005,A
2-PB1,1466,0,3,0,15159,15162,C
2-PB1,1467,15047,0,5,0,15052,A
2-PB1,1468,0,15178,3,6,15187,T
2-PB1,1469,1,15174,2,16,15193,T
2-PB1,1470,0,15172,1,12,15185,T
2-PB1,1471,2,8,15211,0,15221,G
2-PB1,1472,15051,0,10,0,15061,A
2-PB1,1473,15101,1,4,0,15106,A
2-PB1,1474,0,15091,0,14,15105,T
2-PB1,1475,2,14648,1,55,14706,T
2-PB1,1476,6,2,0,14811,14819,C
2-PB1,1477,14600,5,12,2,14619,A
2-PB1,1478,3,3,2,14649,14657,C
2-PB1,1479,2,14619,1,4,14626,T
2-PB1,1480,14608,0,9,1,14618,A
2-PB1,1481,0,1,14603,1,14605,G
2-PB1,1482,1,1,1,14623,14626,C
2-PB1,1483,3,13785,0,20,13808,T
2-PB1,1484,0,14617,1,11,14629,T
2-PB1,1485,2,14513,1,9,14525,T
2-PB1,1486,3,14527,1,1,14532,T
2-PB1,1487,1,14510,0,12,14523,T
2-PB1,1488,2,14522,0,3,14527,T
2-PB1,1489,0,14447,0,4,14451,T
2-PB1,1490,14427,3,8,1,14439,A
2-PB1,1491,2,14380,0,4,14386,T
2-PB1,1492,7,5,0,14431,14443,C
2-PB1,1493,5,3,14565,0,14573,G
2-PB1,1494,15147,1,2,2,15152,A
2-PB1,1495,1,15177,0,7,15185,T
2-PB1,1496,15218,0,3,1,15222,A
2-PB1,1497,2,15289,0,15,15306,T
2-PB1,1498,3,9,15286,1,15299,G
2-PB1,1499,4,5,15404,1,15414,G
2-PB1,1500,15416,1,7,0,15424,A
2-PB1,1501,1,15262,2,19,15284,T
2-PB1,1502,1,15090,1,4,15096,T
2-PB1,1503,0,14476,0,2,14478,T
2-PB1,1504,0,4,14531,0,14535,G
2-PB1,1505,2,14411,0,5,14418,T
2-PB1,1506,3,4,14386,0,14393,G
2-PB1,1507,7,4,14401,0,14412,G
2-PB1,1508,1,2,1,14165,14169,C
2-PB1,1509,0,14172,1,12,14185,T
2-PB1,1510,14220,0,3,0,14223,A
2-PB1,1511,14346,0,3,0,14349,A
2-PB1,1512,2,14469,1,2,14474,T
2-PB1,1513,1,14480,0,7,14488,T
2-PB1,1514,2,14485,5,5,14497,T
2-PB1,1515,0,14467,1,3,14471,T
2-PB1,1516,14451,2,10,1,14464,A
2-PB1,1517,4,7,14619,0,14630,G
2-PB1,1518,1,2,0,14622,14625,C
2-PB1,1519,14539,2,14,1,14556,A
2-PB1,1520,4,14381,1,16,14402,T
2-PB1,1521,2,12,14184,0,14198,G
2-PB1,1522,2,6,14482,2,14492,G
2-PB1,1523,14397,1,20,2,14420,A
2-PB1,1524,1,1,14462,0,14464,G
2-PB1,1525,1,4,1,14384,14390,C
2-PB1,1526,0,14168,0,6,14174,T
2-PB1,1527,1,1,14303,3,14308,G
2-PB1,1528,3,2,0,14235,14240,C
2-PB1,1529,2,6,0,14231,14239,C
2-PB1,1530,13,3,0,14285,14301,C
2-PB1,1531,13616,1,19,3,13639,A
2-PB1,1532,2,1,14467,0,14470,G
2-PB1,1533,1,14401,2,11,14415,T
2-PB1,1534,1,14374,2,15,14392,T
2-PB1,1535,0,14412,1,6,14419,T
2-PB1,1536,4,14112,1,6,14123,T
2-PB1,1537,6,8,14129,1,14144,G
2-PB1,1538,3,9,14170,0,14182,G
2-PB1,1539,14080,3,21,1,14105,A
2-PB1,1540,3,2,14136,1,14142,G
2-PB1,1541,2,12845,0,2,12849,T
2-PB1,1542,12798,1,13,0,12812,A
2-PB1,1543,0,13175,1,8,13184,T
2-PB1,1544,3,0,0,13222,13225,C
2-PB1,1545,2,13215,0,9,13226,T
2-PB1,1546,4,2,13329,0,13335,G
2-PB1,1547,3,15,13469,1,13488,G
2-PB1,1548,13464,1,6,0,13471,A
2-PB1,1549,13474,1,9,0,13484,A
2-PB1,1550,3,13409,0,2,13414,T
2-PB1,1551,12788,1,4,1,12794,A
2-PB1,1552,12785,0,10,1,12796,A
2-PB1,1553,12765,0,14,2,12781,A
2-PB1,1554,2,1,1,12808,12812,C
2-PB1,1555,2,5,12535,1,12543,G
2-PB1,1556,12300,1,13,1,12315,A
2-PB1,1557,1,0,12322,0,12323,G
2-PB1,1558,0,12267,2,11,12280,T
2-PB1,1559,7,5,2,12330,12344,C
2-PB1,1560,12264,0,19,0,12283,A
2-PB1,1561,3,2,12455,0,12460,G
2-PB1,1562,3,3,1,12449,12456,C
2-PB1,1563,2,12402,1,9,12414,T
2-PB1,1564,3,4,12786,5,12798,G
2-PB1,1565,12647,0,10,0,12657,A
2-PB1,1566,0,12675,0,1,12676,T
2-PB1,1567,12675,0,4,1,12680,A
2-PB1,1568,1,12411,0,9,12421,T
2-PB1,1569,7,10,12463,1,12481,G
2-PB1,1570,11734,2,63,2,11801,A
2-PB1,1571,2,1,11951,0,11954,G
2-PB1,1572,1,1,2,11932,11936,C
2-PB1,1573,10978,0,2,1,10981,A
2-PB1,1574,0,10968,0,5,10973,T
2-PB1,1575,1,10898,0,4,10903,T
2-PB1,1576,1,5,11029,1,11036,G
2-PB1,1577,0,13,11351,0,11364,G
2-PB1,1578,11025,0,21,0,11046,A
2-PB1,1579,1,2,11082,0,11085,G
2-PB1,1580,0,10425,1,11,10437,T
2-PB1,1581,10364,0,2,0,10366,A
2-PB1,1582,10345,0,9,1,10355,A
2-PB1,1583,0,3,1,10422,10426,C
2-PB1,1584,10320,0,6,1,10327,A
2-PB1,1585,1,1,10462,3,10467,G
2-PB1,1586,2,8757,1,4,8764,T
2-PB1,1587,2,1,8848,0,8851,G
2-PB1,1588,8914,1,13,0,8928,A
2-PB1,1589,0,8918,1,3,8922,T
2-PB1,1590,8890,0,6,0,8896,A
2-PB1,1591,8876,1,6,0,8883,A
2-PB1,1592,8440,0,19,0,8459,A
2-PB1,1593,0,5,8536,0,8541,G
2-PB1,1594,7819,0,10,0,7829,A
2-PB1,1595,7782,0,9,0,7791,A
2-PB1,1596,1,0,0,7818,7819,C
2-PB1,1597,7382,0,6,0,7388,A
2-PB1,1598,7446,1,10,0,7457,A
2-PB1,1599,0,1,2,7487,7490,C
2-PB1,1600,7529,0,11,1,7541,A
2-PB1,1601,1,7498,27,0,7526,T
2-PB1,1602,3,3,7179,0,7185,G
2-PB1,1603,7174,2,11,0,7187,A
2-PB1,1604,1,7174,0,1,7176,T
2-PB1,1605,6969,2,4,0,6975,A
2-PB1,1606,7018,0,4,0,7022,A
2-PB1,1607,6801,0,6,1,6808,A
2-PB1,1608,2,0,2,6846,6850,C
2-PB1,1609,6353,1,1,0,6355,A
2-PB1,1610,6332,0,1,1,6334,A
2-PB1,1611,1,6138,1,6,6146,T
2-PB1,1612,3,8,6117,1,6129,G
2-PB1,1613,6240,1,11,0,6252,A
2-PB1,1614,0,1,0,6362,6363,C
2-PB1,1615,1,0,1,6179,6181,C
2-PB1,1616,0,5749,0,3,5752,T
2-PB1,1617,0,5505,1,3,5509,T
2-PB1,1618,0,8,5532,2,5542,G
2-PB1,1619,2,2,5567,0,5571,G
2-PB1,1620,5602,0,12,0,5614,A
2-PB1,1621,2,0,0,5610,5612,C
2-PB1,1622,1,2,0,5536,5539,C
2-PB1,1623,5483,2,2,1,5488,A
2-PB1,1624,2,1,5580,0,5583,G
2-PB1,1625,1,0,0,5589,5590,C
2-PB1,1626,5592,1,5,0,5598,A
2-PB1,1627,5493,0,101,0,5594,A
2-PB1,1628,2,0,2,5580,5584,C
2-PB1,1629,5524,0,6,0,5530,A
2-PB1,1630,1,0,5681,0,5682,G
2-PB1,1631,0,1,0,5673,5674,C
2-PB1,1632,2,0,1,5696,5699,C
2-PB1,1633,7,1,1,5648,5657,C
2-PB1,1634,5642,0,1,0,5643,A
2-PB1,1635,5636,3,3,1,5643,A
2-PB1,1636,5632,0,2,0,5634,A
2-PB1,1637,0,5642,0,2,5644,T
2-PB1,1638,1,3,5621,0,5625,G
2-PB1,1639,4,1,5517,0,5522,G
2-PB1,1640,1,0,0,5517,5518,C
2-PB1,1641,1,5480,0,2,5483,T
2-PB1,1642,3,4,0,5626,5633,C
2-PB1,1643,1,5599,0,10,5610,T
2-PB1,1644,5,0,0,5643,5648,C
2-PB1,1645,8,1,0,5662,5671,C
2-PB1,1646,5681,0,4,0,5685,A
2-PB1,1647,5684,1,2,1,5688,A
2-PB1,1648,0,5656,2,2,5660,T
2-PB1,1649,0,5601,0,0,5601,T
2-PB1,1650,3,1,5625,0,5629,G
2-PB1,1651,1,5476,0,7,5484,T
2-PB1,1652,0,5484,0,3,5487,T
2-PB1,1653,4,11,0,5471,5486,C
2-PB1,1654,5481,0,8,0,5489,A
2-PB1,1655,1,5464,0,6,5471,T
2-PB1,1656,0,3,0,5480,5483,C
2-PB1,1657,5508,0,3,0,5511,A
2-PB1,1658,5507,0,1,0,5508,A
2-PB1,1659,5497,0,12,1,5510,A
2-PB1,1660,0,1,5651,0,5652,G
2-PB1,1661,5635,1,5,0,5641,A
2-PB1,1662,0,5650,1,2,5653,T
2-PB1,1663,0,5654,1,1,5656,T
2-PB1,1664,5675,3,3,0,5681,A
2-PB1,1665,0,0,1,5808,5809,C
2-PB1,1666,5776,2,8,0,5786,A
2-PB1,1667,3,3,5863,1,5870,G
2-PB1,1668,5839,1,3,0,5843,A
2-PB1,1669,0,5958,1,3,5962,T
2-PB1,1670,5983,0,2,0,5985,A
2-PB1,1671,1,0,0,6349,6350,C
2-PB1,1672,6476,1,6,0,6483,A
2-PB1,1673,1,6,0,6905,6912,C
2-PB1,1674,6811,0,7,1,6819,A
2-PB1,1675,0,6881,0,3,6884,T
2-PB1,1676,6812,0,5,0,6817,A
2-PB1,1677,1,6797,0,2,6800,T
2-PB1,1678,6633,1,6,0,6640,A
2-PB1,1679,0,3,6629,1,6633,G
2-PB1,1680,0,2,6570,1,6573,G
2-PB1,1681,2,6219,1,2,6224,T
2-PB1,1682,7,3,6103,2,6115,G
2-PB1,1683,3,5,0,6391,6399,C
2-PB1,1684,3,0,0,6361,6364,C
2-PB1,1685,6448,0,5,0,6453,A
2-PB1,1686,1,6455,0,1,6457,T
2-PB1,1687,6481,0,4,1,6486,A
2-PB1,1688,2,6,6506,6,6520,G
2-PB1,1689,6316,0,8,0,6324,A
2-PB1,1690,2,1,6388,1,6392,G
2-PB1,1691,2,3,6363,1,6369,G
2-PB1,1692,6133,2,7,0,6142,A
2-PB1,1693,0,1,6178,2,6181,G
2-PB1,1694,6125,1,6,0,6132,A
2-PB1,1695,1,2,1,6152,6156,C
2-PB1,1696,6128,0,6,0,6134,A
2-PB1,1697,2,2,0,6251,6255,C
2-PB1,1698,6232,1,5,0,6238,A
2-PB1,1699,1,2,0,6253,6256,C
2-PB1,1700,6194,0,3,0,6197,A
2-PB1,1701,6225,0,2,1,6228,A
2-PB1,1702,6274,0,3,0,6277,A
2-PB1,1703,0,6275,1,4,6280,T
2-PB1,1704,0,1,0,6275,6276,C
2-PB1,1705,3,1,0,6283,6287,C
2-PB1,1706,6193,0,10,0,6203,A
2-PB1,1707,2,3,6227,1,6233,G
2-PB1,1708,6210,1,6,1,6218,A
2-PB1,1709,1,1,1,6308,6311,C
2-PB1,1710,3,5,6286,0,6294,G
2-PB1,1711,6228,1,8,0,6237,A
2-PB1,1712,1,4,6247,0,6252,G
2-PB1,1713,6252,0,3,0,6255,A
2-PB1,1714,6262,0,4,0,6266,A
2-PB1,1715,1,3,6302,0,6306,G
2-PB1,1716,6257,0,14,0,6271,A
2-PB1,1717,0,6257,0,16,6273,T
2-PB1,1718,6,0,0,6216,6222,C
2-PB1,1719,6230,1,7,0,6238,A
2-PB1,1720,0,6215,0,1,6216,T
2-PB1,1721,0,6205,0,0,6205,T
2-PB1,1722,2,2,0,6212,6216,C
2-PB1,1723,2,3,6216,0,6221,G
2-PB1,1724,6149,2,4,0,6155,A
2-PB1,1725,0,1,6173,0,6174,G
2-PB1,1726,6112,0,0,0,6112,A
2-PB1,1727,0,6296,1,3,6300,T
2-PB1,1728,6336,0,3,0,6339,A
2-PB1,1729,6358,0,5,0,6363,A
2-PB1,1730,6353,0,11,1,6365,A
2-PB1,1731,1,1,6377,0,6379,G
2-PB1,1732,6350,0,4,0,6354,A
2-PB1,1733,6269,0,4,1,6274,A
2-PB1,1734,6154,1,4,0,6159,A
2-PB1,1735,0,0,0,6241,6241,C
2-PB1,1736,0,6234,0,1,6235,T
2-PB1,1737,7,2,6246,1,6256,G
2-PB1,1738,1,6212,0,8,6221,T
2-PB1,1739,2,8,6192,1,6203,G
2-PB1,1740,2,0,6192,1,6195,G
2-PB1,1741,2,5,6271,0,6278,G
2-PB1,1742,6228,0,77,0,6305,A
2-PB1,1743,1,6272,1,5,6279,T
2-PB1,1744,2,0,0,6230,6232,C
2-PB1,1745,6225,0,1,1,6227,A
2-PB1,1746,6273,0,4,0,6277,A
2-PB1,1747,6316,0,6,0,6322,A
2-PB1,1748,1,2,0,6322,6325,C
2-PB1,1749,1,0,1,6284,6286,C
2-PB1,1750,6,1,0,6259,6266,C
2-PB1,1751,6253,0,2,1,6256,A
2-PB1,1752,6370,1,5,1,6377,A
2-PB1,1753,1,6360,1,3,6365,T
2-PB1,1754,0,1,1,6380,6382,C
2-PB1,1755,6324,2,3,1,6330,A
2-PB1,1756,6276,0,7,0,6283,A
2-PB1,1757,0,6,6405,0,6411,G
2-PB1,1758,0,5,6398,0,6403,G
2-PB1,1759,2,0,6386,0,6388,G
2-PB1,1760,2,5,0,6382,6389,C
2-PB1,1761,6219,0,9,0,6228,A
2-PB1,1762,1,9,6450,0,6460,G
2-PB1,1763,2,2,6516,0,6520,G
2-PB1,1764,6542,0,2,1,6545,A
2-PB1,1765,0,0,0,6617,6617,C
2-PB1,1766,1,6450,0,1,6452,T
2-PB1,1767,6598,0,5,0,6603,A
2-PB1,1768,0,6595,0,1,6596,T
2-PB1,1769,0,6581,0,1,6582,T
2-PB1,1770,1,1,6601,1,6604,G
2-PB1,1771,3,0,6597,0,6600,G
2-PB1,1772,1,6504,0,1,6506,T
2-PB1,1773,6516,0,3,0,6519,A
2-PB1,1774,1,6427,0,5,6433,T
2-PB1,1775,2,0,0,6446,6448,C
2-PB1,1776,6296,1,5,1,6303,A
2-PB1,1777,0,1,6359,2,6362,G
2-PB1,1778,6353,0,4,1,6358,A
2-PB1,1779,0,6303,0,4,6307,T
2-PB1,1780,0,8,6052,0,6060,G
2-PB1,1781,1,6,6046,1,6054,G
2-PB1,1782,0,8,6033,0,6041,G
2-PB1,1783,1,3,6074,0,6078,G
2-PB1,1784,1,4,6075,1,6081,G
2-PB1,1785,6040,2,5,0,6047,A
2-PB1,1786,1,1,0,6031,6033,C
2-PB1,1787,5,0,2,5985,5992,C
2-PB1,1788,6006,0,2,0,6008,A
2-PB1,1789,6482,0,3,0,6485,A
2-PB1,1790,6506,2,3,0,6511,A
2-PB1,1791,1,0,0,6688,6689,C
2-PB1,1792,1,6605,0,7,6613,T
2-PB1,1793,0,6581,0,2,6583,T
2-PB1,1794,6617,0,0,0,6617,A
2-PB1,1795,0,6617,0,0,6617,T
2-PB1,1796,6611,0,8,0,6619,A
2-PB1,1797,0,1,1,6632,6634,C
2-PB1,1798,6018,1,2,0,6021,A
2-PB1,1799,6055,0,2,0,6057,A
2-PB1,1800,0,5887,1,1,5889,T
2-PB1,1801,5986,2,1,0,5989,A
2-PB1,1802,1,5986,0,2,5989,T
2-PB1,1803,0,3,0,5967,5970,C
2-PB1,1804,5,3,1,5957,5966,C
2-PB1,1805,3,1,5954,0,5958,G
2-PB1,1806,1,3,5954,0,5958,G
2-PB1,1807,5961,1,2,0,5964,A
2-PB1,1808,5966,0,4,0,5970,A
2-PB1,1809,0,5954,0,1,5955,T
2-PB1,1810,0,0,0,6026,6026,C
2-PB1,1811,0,6005,1,8,6014,T
2-PB1,1812,1,6032,0,6,6039,T
2-PB1,1813,4,1,2,6030,6037,C
2-PB1,1814,6023,3,5,0,6031,A
2-PB1,1815,0,1,0,6068,6069,C
2-PB1,1816,6020,0,20,0,6040,A
2-PB1,1817,1,6552,1,4,6558,T
2-PB1,1818,3,3,0,6574,6580,C
2-PB1,1819,7,1,1,6602,6611,C
2-PB1,1820,5,4,2,6637,6648,C
2-PB1,1821,0,6605,0,7,6612,T
2-PB1,1822,2,2,6628,2,6634,G
2-PB1,1823,6604,2,3,0,6609,A
2-PB1,1824,6587,0,12,0,6599,A
2-PB1,1825,1,0,6616,1,6618,G
2-PB1,1826,2,6141,1,6,6150,T
2-PB1,1827,4,0,0,6174,6178,C
2-PB1,1828,1,6084,1,4,6090,T
2-PB1,1829,1,0,6278,1,6280,G
2-PB1,1830,1,1,0,6287,6289,C
2-PB1,1831,0,6288,0,2,6290,T
2-PB1,1832,1,6292,1,2,6296,T
2-PB1,1833,6261,0,4,0,6265,A
2-PB1,1834,6266,2,3,0,6271,A
2-PB1,1835,6284,1,7,0,6292,A
2-PB1,1836,1,0,6360,0,6361,G
2-PB1,1837,0,6217,0,1,6218,T
2-PB1,1838,2,7,6081,0,6090,G
2-PB1,1839,4,5,6071,0,6080,G
2-PB1,1840,2,4,6109,1,6116,G
2-PB1,1841,6086,0,17,0,6103,A
2-PB1,1842,2,2,6133,0,6137,G
2-PB1,1843,0,1,0,6115,6116,C
2-PB1,1844,0,6087,0,4,6091,T
2-PB1,1845,0,2,6086,1,6089,G
2-PB1,1846,6067,1,5,0,6073,A
2-PB1,1847,0,6082,0,0,6082,T
2-PB1,1848,1,3,6096,0,6100,G
2-PB1,1849,2,3,6084,0,6089,G
2-PB1,1850,6073,1,2,0,6076,A
2-PB1,1851,1,6041,0,4,6046,T
2-PB1,1852,0,1,6045,2,6048,G
2-PB1,1853,6019,2,6,0,6027,A
2-PB1,1854,1,1,6132,0,6134,G
2-PB1,1855,6130,0,5,0,6135,A
2-PB1,1856,6128,0,3,0,6131,A
2-PB1,1857,0,6096,2,1,6099,T
2-PB1,1858,0,6036,0,2,6038,T
2-PB1,1859,6055,1,0,0,6056,A
2-PB1,1860,1,6054,0,5,6060,T
2-PB1,1861,4,2,0,6049,6055,C
2-PB1,1862,2,4,6123,1,6130,G
2-PB1,1863,3,4,6052,1,6060,G
2-PB1,1864,1,2,6051,0,6054,G
2-PB1,1865,3,1,6048,0,6052,G
2-PB1,1866,6053,2,4,0,6059,A
2-PB1,1867,6053,0,7,1,6061,A
2-PB1,1868,2,3,6109,0,6114,G
2-PB1,1869,6158,0,5,0,6163,A
2-PB1,1870,0,2,0,6218,6220,C
2-PB1,1871,0,6118,0,4,6122,T
2-PB1,1872,0,6322,1,4,6327,T
2-PB1,1873,0,6321,0,7,6328,T
2-PB1,1874,1,0,6389,4,6394,G
2-PB1,1875,1,6392,0,2,6395,T
2-PB1,1876,6357,0,7,1,6365,A
2-PB1,1877,6326,0,2,0,6328,A
2-PB1,1878,0,6205,0,9,6214,T
2-PB1,1879,1,0,0,6305,6306,C
2-PB1,1880,7,1,0,6289,6297,C
2-PB1,1881,2,2,1,6288,6293,C
2-PB1,1882,4,1,1,6318,6324,C
2-PB1,1883,0,6275,0,7,6282,T
2-PB1,1884,0,1,6312,1,6314,G
2-PB1,1885,6298,1,2,0,6301,A
2-PB1,1886,6312,0,6,0,6318,A
2-PB1,1887,0,6303,0,13,6316,T
2-PB1,1888,4,1,0,6308,6313,C
2-PB1,1889,5,3,0,6281,6289,C
2-PB1,1890,4,1,0,6258,6263,C
2-PB1,1891,0,6221,0,17,6238,T
2-PB1,1892,1,6246,1,12,6260,T
2-PB1,1893,0,6218,0,3,6221,T
2-PB1,1894,1,2,6225,0,6228,G
2-PB1,1895,1,6201,0,4,6206,T
2-PB1,1896,4,1,0,6179,6184,C
2-PB1,1897,6101,1,5,0,6107,A
2-PB1,1898,0,0,6220,0,6220,G
2-PB1,1899,0,2,0,6207,6209,C
2-PB1,1900,4,0,1,6215,6220,C
2-PB1,1901,6218,1,4,0,6223,A
2-PB1,1902,0,6234,1,3,6238,T
2-PB1,1903,6227,0,4,0,6231,A
2-PB1,1904,6239,0,1,0,6240,A
2-PB1,1905,6241,0,5,1,6247,A
2-PB1,1906,2,0,6297,0,6299,G
2-PB1,1907,6104,0,1,0,6105,A
2-PB1,1908,6125,0,5,1,6131,A
2-PB1,1909,6125,0,11,0,6136,A
2-PB1,1910,1,6138,0,2,6141,T
2-PB1,1911,2,6126,0,3,6131,T
2-PB1,1912,0,6,6126,1,6133,G
2-PB1,1913,6100,1,3,0,6104,A
2-PB1,1914,6011,0,4,0,6015,A
2-PB1,1915,1,6219,0,2,6222,T
2-PB1,1916,3,4,1,6270,6278,C
2-PB1,1917,3,6269,0,8,6280,T
2-PB1,1918,1,0,6396,3,6400,G
2-PB1,1919,0,6394,0,7,6401,T
2-PB1,1920,6496,0,1,1,6498,A
2-PB1,1921,6487,2,3,0,6492,A
2-PB1,1922,6497,0,6,1,6504,A
2-PB1,1923,0,3,1,6565,6569,C
2-PB1,1924,6363,0,0,0,6363,A
2-PB1,1925,6566,2,0,0,6568,A
2-PB1,1926,0,6574,1,1,6576,T
2-PB1,1927,2,3,6537,0,6542,G
2-PB1,1928,0,0,0,6630,6630,C
2-PB1,1929,1,6547,0,4,6552,T
2-PB1,1930,1,0,6834,3,6838,G
2-PB1,1931,2,6827,0,3,6832,T
2-PB1,1932,6952,0,4,0,6956,A
2-PB1,1933,4,3,6972,0,6979,G
2-PB1,1934,0,6749,0,4,6753,T
2-PB1,1935,6718,0,0,0,6718,A
2-PB1,1936,6679,1,0,0,6680,A
2-PB1,1937,0,6626,0,2,6628,T
2-PB1,1938,0,0,6617,0,6617,G
2-PB1,1939,1,1,0,6487,6489,C
2-PB1,1940,0,2,1,6435,6438,C
2-PB1,1941,6321,0,9,1,6331,A
2-PB1,1942,2,1,6373,1,6377,G
2-PB1,1943,1,3,0,6585,6589,C
2-PB1,1944,4,0,0,6578,6582,C
2-PB1,1945,2,1,0,6578,6581,C
2-PB1,1946,6534,1,3,0,6538,A
2-PB1,1947,2,6524,1,6,6533,T
2-PB1,1948,1,5,6536,1,6543,G
2-PB1,1949,0,0,6559,0,6559,G
2-PB1,1950,0,6512,0,3,6515,T
2-PB1,1951,6,0,0,6472,6478,C
2-PB1,1952,7,3,0,6238,6248,C
2-PB1,1953,4,2,6308,0,6314,G
2-PB1,1954,5,2,6319,0,6326,G
2-PB1,1955,0,1,0,6304,6305,C
2-PB1,1956,5,1,1,6329,6336,C
2-PB1,1957,6340,0,0,0,6340,A
2-PB1,1958,6342,0,4,0,6346,A
2-PB1,1959,6351,0,2,1,6354,A
2-PB1,1960,6389,0,6,0,6395,A
2-PB1,1961,2,0,6507,0,6509,G
2-PB1,1962,0,6305,1,0,6306,T
2-PB1,1963,6371,0,2,1,6374,A
2-PB1,1964,1,6356,2,3,6362,T
2-PB1,1965,1,2,6383,0,6386,G
2-PB1,1966,0,3,6505,0,6508,G
2-PB1,1967,6453,0,3,0,6456,A
2-PB1,1968,6554,1,4,0,6559,A
2-PB1,1969,0,6527,0,0,6527,T
2-PB1,1970,6409,3,0,0,6412,A
2-PB1,1971,1,6400,0,4,6405,T
2-PB1,1972,0,3,6347,0,6350,G
2-PB1,1973,6361,0,2,0,6363,A
2-PB1,1974,1,6331,0,4,6336,T
2-PB1,1975,1,0,6116,0,6117,G
2-PB1,1976,3,3,0,6121,6127,C
2-PB1,1977,2,2,0,6043,6047,C
2-PB1,1978,2,0,6053,0,6055,G
2-PB1,1979,0,6041,0,0,6041,T
2-PB1,1980,0,6037,0,5,6042,T
2-PB1,1981,1,0,6043,0,6044,G
2-PB1,1982,1,7,1,6086,6095,C
2-PB1,1983,6096,1,2,0,6099,A
2-PB1,1984,6084,1,5,0,6090,A
2-PB1,1985,1,0,1,6087,6089,C
2-PB1,1986,5,3,0,5971,5979,C
2-PB1,1987,6209,2,4,0,6215,A
2-PB1,1988,0,0,2,6221,6223,C
2-PB1,1989,6221,2,5,0,6228,A
2-PB1,1990,0,2,0,6256,6258,C
2-PB1,1991,6117,0,4,1,6122,A
2-PB1,1992,0,3,0,6688,6691,C
2-PB1,1993,1,6490,0,6,6497,T
2-PB1,1994,4,4,3,6577,6588,C
2-PB1,1995,4,0,2,6588,6594,C
2-PB1,1996,1,6510,0,7,6518,T
2-PB1,1997,1,2,6531,2,6536,G
2-PB1,1998,1,6,6525,0,6532,G
2-PB1,1999,6502,0,1,0,6503,A
2-PB1,2000,0,6505,0,2,6507,T
2-PB1,2001,1,5767,0,6,5774,T
2-PB1,2002,2,1,0,5848,5851,C
2-PB1,2003,6,0,0,5805,5811,C
2-PB1,2004,8,0,0,5828,5836,C
2-PB1,2005,5848,2,5,0,5855,A
2-PB1,2006,5844,0,2,0,5846,A
2-PB1,2007,0,3,5876,0,5879,G
2-PB1,2008,5840,0,11,0,5851,A
2-PB1,2009,0,1,5840,0,5841,G
2-PB1,2010,2,4,5837,2,5845,G
2-PB1,2011,5745,1,13,0,5759,A
2-PB1,2012,5739,1,9,1,5750,A
2-PB1,2013,0,0,1,5743,5744,C
2-PB1,2014,5,2,2,5695,5704,C
2-PB1,2015,4,1,5835,0,5840,G
2-PB1,2016,1,0,0,5815,5816,C
2-PB1,2017,1,5804,0,5,5810,T
2-PB1,2018,4,4,4,5821,5833,C
2-PB1,2019,0,5767,0,7,5774,T
2-PB1,2020,6277,0,1,0,6278,A
2-PB1,2021,0,6268,0,6,6274,T
2-PB1,2022,1,6295,0,0,6296,T
2-PB1,2023,4,0,2,6312,6318,C
2-PB1,2024,0,6045,1,7,6053,T
2-PB1,2025,6075,0,2,0,6077,A
2-PB1,2026,6059,1,3,0,6063,A
2-PB1,2027,6080,2,5,0,6087,A
2-PB1,2028,0,0,0,6097,6097,C
2-PB1,2029,5530,0,3,1,5534,A
2-PB1,2030,0,1,0,5529,5530,C
2-PB1,2031,5451,1,2,0,5454,A
2-PB1,2032,5522,0,4,1,5527,A
2-PB1,2033,0,1,5556,0,5557,G
2-PB1,2034,2,2,1,5529,5534,C
2-PB1,2035,0,0,0,5560,5560,C
2-PB1,2036,5505,0,5,0,5510,A
2-PB1,2037,5495,0,4,0,5499,A
2-PB1,2038,5501,0,8,0,5509,A
2-PB1,2039,0,3,5572,0,5575,G
2-PB1,2040,0,6,5570,0,5576,G
2-PB1,2041,1,1,5443,1,5446,G
2-PB1,2042,1,3,5448,2,5454,G
2-PB1,2043,5401,0,2,0,5403,A
2-PB1,2044,5419,1,5,0,5425,A
2-PB1,2045,1,5427,0,2,5430,T
2-PB1,2046,0,5453,0,5,5458,T
2-PB1,2047,3,0,0,5485,5488,C
2-PB1,2048,0,5419,0,12,5431,T
2-PB1,2049,0,5421,0,2,5423,T
2-PB1,2050,0,3,5422,0,5425,G
2-PB1,2051,5401,1,5,0,5407,A
2-PB1,2052,0,5,5437,2,5444,G
2-PB1,2053,0,0,5446,0,5446,G
2-PB1,2054,5431,1,1,0,5433,A
2-PB1,2055,1,5367,0,5,5373,T
2-PB1,2056,0,6,5419,0,5425,G
2-PB1,2057,5408,2,5,0,5415,A
2-PB1,2058,5411,0,9,0,5420,A
2-PB1,2059,2,3,1,5459,5465,C
2-PB1,2060,5397,1,4,0,5402,A
2-PB1,2061,0,2,5490,2,5494,G
2-PB1,2062,5444,1,6,0,5451,A
2-PB1,2063,2,5432,0,4,5438,T
2-PB1,2064,0,0,5482,1,5483,G
2-PB1,2065,0,5555,0,3,5558,T
2-PB1,2066,5568,1,1,0,5570,A
2-PB1,2067,1,2,1,5560,5564,C
2-PB1,2068,2,6,2,5483,5493,C
2-PB1,2069,5416,0,2,0,5418,A
2-PB1,2070,0,2,5363,1,5366,G
2-PB1,2071,5292,0,5,0,5297,A
2-PB1,2072,5274,1,5,0,5280,A
2-PB1,2073,0,0,5318,0,5318,G
2-PB1,2074,1,4947,0,1,4949,T
2-PB1,2075,1,1,4965,3,4970,G
2-PB1,2076,0,0,0,4968,4968,C
2-PB1,2077,2,4951,0,7,4960,T
2-PB1,2078,5,1,4962,0,4968,G
2-PB1,2079,1,1,1,4944,4947,C
2-PB1,2080,4938,0,0,0,4938,A
2-PB1,2081,4939,0,4,0,4943,A
2-PB1,2082,0,1,0,4856,4857,C
2-PB1,2083,0,4828,0,5,4833,T
2-PB1,2084,1,4758,0,0,4759,T
2-PB1,2085,0,2,4745,1,4748,G
2-PB1,2086,0,4734,0,3,4737,T
2-PB1,2087,1,4729,0,3,4733,T
2-PB1,2088,1,4,0,4728,4733,C
2-PB1,2089,1,1,4724,0,4726,G
2-PB1,2090,4718,0,2,0,4720,A
2-PB1,2091,0,1,4715,0,4716,G
2-PB1,2092,4712,0,0,0,4712,A
2-PB1,2093,4711,1,1,0,4713,A
2-PB1,2094,4734,0,0,0,4734,A
2-PB1,2095,1,4728,0,0,4729,T
2-PB1,2096,1,4730,0,2,4733,T
2-PB1,2097,0,4733,0,1,4734,T
2-PB1,2098,0,4738,0,1,4739,T
2-PB1,2099,1,4727,0,1,4729,T
2-PB1,2100,2,2,0,4759,4763,C
2-PB1,2101,5,1,0,4764,4770,C
2-PB1,2102,6,2,1,4778,4787,C
2-PB1,2103,0,4775,0,6,4781,T
2-PB1,2104,4792,0,1,0,4793,A
2-PB1,2105,1,0,4860,0,4861,G
2-PB1,2106,1,4852,0,0,4853,T
2-PB1,2107,4899,0,1,0,4900,A
2-PB1,2108,1,0,4958,1,4960,G
2-PB1,2109,2,4893,0,8,4903,T
2-PB1,2110,0,5107,0,3,5110,T
2-PB1,2111,10,2,0,5143,5155,C
2-PB1,2112,5314,2,1,0,5317,A
2-PB1,2113,0,5315,0,2,5317,T
2-PB1,2114,5345,0,1,0,5346,A
2-PB1,2115,0,5341,0,0,5341,T
2-PB1,2116,5144,0,2,0,5146,A
2-PB1,2117,0,2,5131,0,5133,G
2-PB1,2118,0,1,5103,0,5104,G
2-PB1,2119,4534,1,0,2,4537,A
2-PB1,2120,2,5,4533,0,4540,G
2-PB1,2121,4308,0,2,1,4311,A
2-PB1,2122,0,8,0,4298,4306,C
2-PB1,2123,2,0,0,4136,4138,C
2-PB1,2124,1,2,4126,0,4129,G
2-PB1,2125,4120,0,0,0,4120,A
2-PB1,2126,0,4091,0,1,4092,T
2-PB1,2127,0,4103,0,0,4103,T
2-PB1,2128,1,1,4091,0,4093,G
2-PB1,2129,0,0,4102,0,4102,G
2-PB1,2130,4103,0,0,0,4103,A
2-PB1,2131,4102,0,1,0,4103,A
2-PB1,2132,0,4088,0,0,4088,T
2-PB1,2133,0,4084,0,3,4087,T
2-PB1,2134,0,4074,0,2,4076,T
2-PB1,2135,1,2,0,4082,4085,C
2-PB1,2136,0,4082,0,2,4084,T
2-PB1,2137,4079,0,4,0,4083,A
2-PB1,2138,2,0,4106,1,4109,G
2-PB1,2139,0,1,1,4091,4093,C
2-PB1,2140,4084,2,2,0,4088,A
2-PB1,2141,0,4087,0,3,4090,T
2-PB1,2142,0,0,4058,0,4058,G
2-PB1,2143,1,0,4229,0,4230,G
2-PB1,2144,0,4199,0,10,4209,T
2-PB1,2145,1,3,4206,0,4210,G
2-PB1,2146,2,1,4194,1,4198,G
2-PB1,2147,4146,0,7,0,4153,A
2-PB1,2148,0,0,4173,0,4173,G
2-PB1,2149,1,1,4166,0,4168,G
2-PB1,2150,1,2,1,4114,4118,C
2-PB1,2151,3,8,1,4084,4096,C
2-PB1,2152,3808,1,5,1,3815,A
2-PB1,2153,0,3812,0,1,3813,T
2-PB1,2154,2,1,3854,0,3857,G
2-PB1,2155,1,1,3880,0,3882,G
2-PB1,2156,0,3749,0,2,3751,T
2-PB1,2157,2,0,3858,0,3860,G
2-PB1,2158,0,3774,0,7,3781,T
2-PB1,2159,2,2,2,3736,3742,C
2-PB1,2160,1,3747,0,2,3750,T
2-PB1,2161,3714,0,3,0,3717,A
2-PB1,2162,1,3,3716,0,3720,G
2-PB1,2163,1,0,3634,0,3635,G
2-PB1,2164,1,0,3581,0,3582,G
2-PB1,2165,2,1,0,3501,3504,C
2-PB1,2166,4,1,0,3331,3336,C
2-PB1,2167,1,3,0,3282,3286,C
2-PB1,2168,1,1,3270,0,3272,G
2-PB1,2169,0,0,3289,0,3289,G
2-PB1,2170,3294,0,0,0,3294,A
2-PB1,2171,0,3287,0,0,3287,T
2-PB1,2172,0,3175,0,1,3176,T
2-PB1,2173,0,0,3140,0,3140,G
2-PB1,2174,3112,0,15,0,3127,A
2-PB1,2175,0,3146,0,2,3148,T
2-PB1,2176,0,0,3143,0,3143,G
2-PB1,2177,0,1,0,3111,3112,C
2-PB1,2178,0,0,0,3102,3102,C
2-PB1,2179,3059,0,6,0,3065,A
2-PB1,2180,0,0,3073,0,3073,G
2-PB1,2181,3063,0,2,0,3065,A
2-PB1,2182,3068,0,2,0,3070,A
2-PB1,2183,2,3049,0,5,3056,T
2-PB1,2184,0,2992,0,9,3001,T
2-PB1,2185,0,6,3013,0,3019,G
2-PB1,2186,2987,0,3,0,2990,A
2-PB1,2187,0,0,1,3000,3001,C
2-PB1,2188,1,2958,0,7,2966,T
2-PB1,2189,0,2944,1,1,2946,T
2-PB1,2190,1,2,1,2934,2938,C
2-PB1,2191,1,2,2928,1,2932,G
2-PB1,2192,2926,0,2,0,2928,A
2-PB1,2193,1,1,2859,0,2861,G
2-PB1,2194,0,2889,0,3,2892,T
2-PB1,2195,3,3,0,2898,2904,C
2-PB1,2196,0,2904,0,10,2914,T
2-PB1,2197,0,1,2909,0,2910,G
2-PB1,2198,0,0,2913,0,2913,G
2-PB1,2199,2911,0,0,0,2911,A
2-PB1,2200,2700,0,4,0,2704,A
2-PB1,2201,1,1,2727,0,2729,G
2-PB1,2202,0,1,2771,0,2772,G
2-PB1,2203,2766,1,4,0,2771,A
2-PB1,2204,1,2754,0,2,2757,T
2-PB1,2205,0,2760,0,0,2760,T
2-PB1,2206,2745,0,3,0,2748,A
2-PB1,2207,2752,0,3,0,2755,A
2-PB1,2208,2,0,2762,0,2764,G
2-PB1,2209,2751,0,2,0,2753,A
2-PB1,2210,2576,0,2,0,2578,A
2-PB1,2211,0,2,2343,0,2345,G
2-PB1,2212,2,1,2323,0,2326,G
2-PB1,2213,2320,0,4,0,2324,A
2-PB1,2214,2313,0,6,2,2321,A
2-PB1,2215,0,0,2327,0,2327,G
2-PB1,2216,2203,0,1,0,2204,A
2-PB1,2217,0,0,2206,0,2206,G
2-PB1,2218,0,2096,0,4,2100,T
2-PB1,2219,0,2092,0,2,2094,T
2-PB1,2220,1,0,0,2105,2106,C
2-PB1,2221,0,2028,0,4,2032,T
2-PB1,2222,0,0,1,2030,2031,C
2-PB1,2223,1,2013,0,2,2016,T
2-PB1,2224,1,1,2005,0,2007,G
2-PB1,2225,1948,0,2,0,1950,A
2-PB1,2226,1,0,1922,0,1923,G
2-PB1,2227,1893,0,2,0,1895,A
2-PB1,2228,0,1832,0,2,1834,T
2-PB1,2229,2,2,0,1726,1730,C
2-PB1,2230,1740,0,1,0,1741,A
2-PB1,2231,0,1729,0,0,1729,T
2-PB1,2232,0,0,1727,0,1727,G
2-PB1,2233,1717,0,2,0,1719,A
2-PB1,2234,1708,0,4,0,1712,A
2-PB1,2235,1,1,1686,0,1688,G
2-PB1,2236,1657,0,0,0,1657,A
2-PB1,2237,0,1646,0,0,1646,T
2-PB1,2238,1,1,1,1624,1627,C
2-PB1,2239,0,1542,0,0,1542,T
2-PB1,2240,1,0,1551,0,1552,G
2-PB1,2241,0,1542,0,3,1545,T
2-PB1,2242,0,1522,0,17,1539,T
2-PB1,2243,2,1,1,1525,1529,C
2-PB1,2244,0,0,1,1454,1455,C
2-PB1,2245,1446,0,3,0,1449,A
2-PB1,2246,3,1,0,1459,1463,C
2-PB1,2247,2,0,0,1372,1374,C
2-PB1,2248,1325,0,1,0,1326,A
2-PB1,2249,0,1254,0,0,1254,T
2-PB1,2250,0,1182,0,44,1226,T
2-PB1,2251,0,1,1222,0,1223,G
2-PB1,2252,1215,0,0,0,1215,A
2-PB1,2253,1209,0,3,0,1212,A
2-PB1,2254,0,1,1206,0,1207,G
2-PB1,2255,980,0,1,0,981,A
2-PB1,2256,979,1,1,0,981,A
2-PB1,2257,0,0,0,962,962,C
2-PB1,2258,0,922,0,1,923,T
2-PB1,2259,0,0,0,923,923,C
2-PB1,2260,879,0,1,0,880,A
2-PB1,2261,0,0,881,0,881,G
2-PB1,2262,875,0,0,0,875,A
2-PB1,2263,0,0,0,838,838,C
2-PB1,2264,1,0,813,0,814,G
2-PB1,2265,1,0,795,0,796,G
2-PB1,2266,0,0,0,788,788,C
2-PB1,2267,788,0,0,0,788,A
2-PB1,2268,783,0,0,0,783,A
2-PB1,2269,779,0,0,0,779,A
2-PB1,2270,776,0,0,0,776,A
2-PB1,2271,777,0,0,0,777,A
2-PB1,2272,0,757,0,0,757,T
2-PB1,2273,734,0,0,0,734,A
2-PB1,2274,728,0,0,0,728,A
3-PA,1,72,0,0,0,72,A
3-PA,2,0,72,0,0,72,T
3-PA,3,0,0,76,0,76,G
3-PA,4,0,0,77,0,77,G
3-PA,5,77,0,0,0,77,A
3-PA,6,77,0,0,0,77,A
3-PA,7,0,0,80,0,80,G
3-PA,8,82,0,0,0,82,A
3-PA,9,0,81,0,0,81,T
3-PA,10,0,82,0,0,82,T
3-PA,11,0,84,0,0,84,T
3-PA,12,0,83,0,0,83,T
3-PA,13,0,0,86,0,86,G
3-PA,14,0,86,0,0,86,T
3-PA,15,0,0,87,0,87,G
3-PA,16,0,0,0,90,90,C
3-PA,17,0,0,91,0,91,G
3-PA,18,107,1,0,0,108,A
3-PA,19,0,0,0,109,109,C
3-PA,20,109,0,0,0,109,A
3-PA,21,109,0,0,0,109,A
3-PA,22,0,113,0,0,113,T
3-PA,23,0,0,137,0,137,G
3-PA,24,0,0,0,139,139,C
3-PA,25,0,139,0,0,139,T
3-PA,26,0,139,0,0,139,T
3-PA,27,0,0,0,138,138,C
3-PA,28,141,0,0,0,141,A
3-PA,29,143,0,0,0,143,A
3-PA,30,0,0,0,146,146,C
3-PA,31,0,0,0,145,145,C
3-PA,32,0,0,0,143,143,C
3-PA,33,0,0,144,0,144,G
3-PA,34,144,0,0,0,144,A
3-PA,35,0,143,0,0,143,T
3-PA,36,0,0,146,0,146,G
3-PA,37,147,0,0,0,147,A
3-PA,38,0,150,0,0,150,T
3-PA,39,0,151,0,0,151,T
3-PA,40,0,0,153,0,153,G
3-PA,41,0,153,0,0,153,T
3-PA,42,0,0,0,153,153,C
3-PA,43,0,0,153,0,153,G
3-PA,44,154,0,0,0,154,A
3-PA,45,155,0,0,0,155,A
3-PA,46,0,0,0,155,155,C
3-PA,47,0,154,0,1,155,T
3-PA,48,0,154,0,0,154,T
3-PA,49,0,0,152,0,152,G
3-PA,50,0,0,0,154,154,C
3-PA,51,155,0,0,0,155,A
3-PA,52,0,0,157,0,157,G
3-PA,53,157,0,0,0,157,A
3-PA,54,157,0,0,0,157,A
3-PA,55,157,0,0,0,157,A
3-PA,56,158,0,0,0,158,A
3-PA,57,162,0,0,0,162,A
3-PA,58,0,0,163,0,163,G
3-PA,59,0,0,0,167,167,C
3-PA,60,166,0,0,0,166,A
3-PA,61,176,0,0,0,176,A
3-PA,62,0,177,0,0,177,T
3-PA,63,0,0,179,0,179,G
3-PA,64,184,0,1,0,185,A
3-PA,65,185,0,0,0,185,A
3-PA,66,185,0,1,0,186,A
3-PA,67,0,1,200,0,201,G
3-PA,68,217,0,0,0,217,A
3-PA,69,0,1,256,0,257,G
3-PA,70,0,260,0,0,260,T
3-PA,71,266,0,0,0,266,A
3-PA,72,0,266,0,0,266,T
3-PA,73,0,0,265,0,265,G
3-PA,74,2,2,265,0,269,G
3-PA,75,0,0,267,0,267,G
3-PA,76,1,0,269,0,270,G
3-PA,77,265,0,0,0,265,A
3-PA,78,0,0,264,0,264,G
3-PA,79,1,0,262,0,263,G
3-PA,80,261,0,0,0,261,A
3-PA,81,0,267,0,0,267,T
3-PA,82,0,0,0,267,267,C
3-PA,83,0,256,0,5,261,T
3-PA,84,0,0,266,0,266,G
3-PA,85,266,0,0,0,266,A
3-PA,86,267,0,0,0,267,A
3-PA,87,268,0,0,0,268,A
3-PA,88,266,0,0,0,266,A
3-PA,89,0,263,0,0,263,T
3-PA,90,0,263,0,0,263,T
3-PA,91,0,0,262,0,262,G
3-PA,92,263,0,0,0,263,A
3-PA,93,264,0,0,0,264,A
3-PA,94,265,0,0,0,265,A
3-PA,95,0,0,0,266,266,C
3-PA,96,265,0,0,0,265,A
3-PA,97,265,0,0,0,265,A
3-PA,98,265,0,0,0,265,A
3-PA,99,0,0,0,267,267,C
3-PA,100,268,0,0,0,268,A
3-PA,101,269,0,0,0,269,A
3-PA,102,268,0,0,0,268,A
3-PA,103,0,269,0,0,269,T
3-PA,104,0,270,0,0,270,T
3-PA,105,0,268,0,0,268,T
3-PA,106,0,0,270,0,270,G
3-PA,107,0,2,0,268,270,C
3-PA,108,268,0,0,0,268,A
3-PA,109,0,0,283,0,283,G
3-PA,110,0,1,0,288,289,C
3-PA,111,316,0,0,0,316,A
3-PA,112,322,0,0,0,322,A
3-PA,113,0,323,0,0,323,T
3-PA,114,330,1,0,1,332,A
3-PA,115,1,330,0,0,331,T
3-PA,116,0,0,335,0,335,G
3-PA,117,0,0,0,336,336,C
3-PA,118,331,0,0,0,331,A
3-PA,119,0,0,0,336,336,C
3-PA,120,0,328,0,0,328,T
3-PA,121,1,0,0,408,409,C
3-PA,122,424,0,1,0,425,A
3-PA,123,0,0,0,433,433,C
3-PA,124,0,429,0,1,430,T
3-PA,125,0,430,0,0,430,T
3-PA,126,0,0,429,0,429,G
3-PA,127,0,0,438,0,438,G
3-PA,128,433,0,0,0,433,A
3-PA,129,0,1,442,0,443,G
3-PA,130,0,0,429,0,429,G
3-PA,131,0,411,0,0,411,T
3-PA,132,0,0,425,0,425,G
3-PA,133,0,427,0,0,427,T
3-PA,134,1,0,440,0,441,G
3-PA,135,0,437,0,4,441,T
3-PA,136,0,440,0,1,441,T
3-PA,137,0,441,0,1,442,T
3-PA,138,0,0,0,445,445,C
3-PA,139,446,0,0,0,446,A
3-PA,140,0,444,0,0,444,T
3-PA,141,0,0,455,0,455,G
3-PA,142,0,449,0,0,449,T
3-PA,143,449,0,0,0,449,A
3-PA,144,0,451,0,0,451,T
3-PA,145,0,449,0,0,449,T
3-PA,146,0,0,0,454,454,C
3-PA,147,451,0,0,0,451,A
3-PA,148,0,1,456,0,457,G
3-PA,149,456,0,0,0,456,A
3-PA,150,0,451,0,0,451,T
3-PA,151,0,453,0,0,453,T
3-PA,152,0,453,0,0,453,T
3-PA,153,0,0,0,452,452,C
3-PA,154,0,0,0,462,462,C
3-PA,155,461,0,0,0,461,A
3-PA,156,0,466,0,1,467,T
3-PA,157,0,465,0,0,465,T
3-PA,158,0,467,0,0,467,T
3-PA,159,0,0,0,466,466,C
3-PA,160,468,0,0,0,468,A
3-PA,161,0,494,0,0,494,T
3-PA,162,0,1,0,492,493,C
3-PA,163,491,0,1,0,492,A
3-PA,164,492,0,0,0,492,A
3-PA,165,0,490,0,2,492,T
3-PA,166,0,0,510,0,510,G
3-PA,167,513,0,0,0,513,A
3-PA,168,514,0,2,0,516,A
3-PA,169,0,0,0,514,514,C
3-PA,170,511,0,0,0,511,A
3-PA,171,520,0,0,0,520,A
3-PA,172,0,0,527,0,527,G
3-PA,173,0,0,526,0,526,G
3-PA,174,1,0,0,524,525,C
3-PA,175,1,0,513,0,514,G
3-PA,176,542,0,0,0,542,A
3-PA,177,542,0,1,0,543,A
3-PA,178,0,545,0,0,545,T
3-PA,179,0,0,0,550,550,C
3-PA,180,544,0,0,0,544,A
3-PA,181,544,0,1,0,545,A
3-PA,182,0,548,0,0,548,T
3-PA,183,548,0,0,0,548,A
3-PA,184,0,1,563,0,564,G
3-PA,185,0,559,0,0,559,T
3-PA,186,0,2,563,0,565,G
3-PA,187,0,0,563,0,563,G
3-PA,188,0,562,0,0,562,T
3-PA,189,559,0,1,0,560,A
3-PA,190,0,0,572,0,572,G
3-PA,191,570,0,0,0,570,A
3-PA,192,568,0,2,0,570,A
3-PA,193,0,0,0,568,568,C
3-PA,194,0,556,0,0,556,T
3-PA,195,0,555,0,0,555,T
3-PA,196,0,0,553,0,553,G
3-PA,197,550,0,1,0,551,A
3-PA,198,0,0,0,555,555,C
3-PA,199,0,1,544,0,545,G
3-PA,200,554,0,0,0,554,A
3-PA,201,0,562,0,0,562,T
3-PA,202,0,0,0,564,564,C
3-PA,203,0,0,1,566,567,C
3-PA,204,569,0,0,0,569,A
3-PA,205,569,0,0,0,569,A
3-PA,206,570,0,0,1,571,A
3-PA,207,0,572,0,0,572,T
3-PA,208,1,0,574,0,575,G
3-PA,209,0,0,0,570,570,C
3-PA,210,565,0,0,0,565,A
3-PA,211,0,0,0,588,588,C
3-PA,212,0,579,0,0,579,T
3-PA,213,0,0,655,0,655,G
3-PA,214,0,652,0,0,652,T
3-PA,215,0,651,0,1,652,T
3-PA,216,648,0,1,0,649,A
3-PA,217,646,2,2,0,650,A
3-PA,218,646,0,2,0,648,A
3-PA,219,0,0,652,0,652,G
3-PA,220,0,0,0,640,640,C
3-PA,221,635,0,0,0,635,A
3-PA,222,0,0,0,632,632,C
3-PA,223,595,0,0,0,595,A
3-PA,224,0,0,632,0,632,G
3-PA,225,629,0,0,0,629,A
3-PA,226,0,632,0,0,632,T
3-PA,227,0,631,0,0,631,T
3-PA,228,0,623,0,1,624,T
3-PA,229,0,0,626,0,626,G
3-PA,230,633,0,0,0,633,A
3-PA,231,631,0,1,0,632,A
3-PA,232,632,0,1,0,633,A
3-PA,233,0,612,0,0,612,T
3-PA,234,607,0,0,0,607,A
3-PA,235,618,0,0,0,618,A
3-PA,236,0,615,1,0,616,T
3-PA,237,1,1,0,613,615,C
3-PA,238,0,0,615,0,615,G
3-PA,239,614,0,0,0,614,A
3-PA,240,0,1,618,0,619,G
3-PA,241,0,0,631,0,631,G
3-PA,242,0,0,633,0,633,G
3-PA,243,0,0,635,0,635,G
3-PA,244,623,0,0,0,623,A
3-PA,245,0,0,627,0,627,G
3-PA,246,641,0,1,0,642,A
3-PA,247,0,0,647,0,647,G
3-PA,248,650,0,1,0,651,A
3-PA,249,0,0,0,649,649,C
3-PA,250,640,0,1,0,641,A
3-PA,251,0,0,659,0,659,G
3-PA,252,661,0,0,0,661,A
3-PA,253,667,0,1,0,668,A
3-PA,254,0,0,0,664,664,C
3-PA,255,645,0,0,0,645,A
3-PA,256,643,0,0,0,643,A
3-PA,257,0,641,0,0,641,T
3-PA,258,0,1,672,0,673,G
3-PA,259,0,0,677,0,677,G
3-PA,260,0,0,0,670,670,C
3-PA,261,1,0,0,671,672,C
3-PA,262,0,662,0,0,662,T
3-PA,263,0,1,686,0,687,G
3-PA,264,1,0,685,0,686,G
3-PA,265,686,0,1,0,687,A
3-PA,266,0,1,0,691,692,C
3-PA,267,651,0,1,0,652,A
3-PA,268,0,0,761,0,761,G
3-PA,269,0,761,0,1,762,T
3-PA,270,763,0,2,0,765,A
3-PA,271,0,0,767,0,767,G
3-PA,272,0,754,0,0,754,T
3-PA,273,763,0,0,0,763,A
3-PA,274,761,0,0,0,761,A
3-PA,275,762,0,0,0,762,A
3-PA,276,0,0,0,770,770,C
3-PA,277,695,0,0,0,695,A
3-PA,278,0,0,715,0,715,G
3-PA,279,0,698,0,0,698,T
3-PA,280,707,0,0,0,707,A
3-PA,281,0,709,0,0,709,T
3-PA,282,0,0,0,724,724,C
3-PA,283,0,725,0,0,725,T
3-PA,284,1,0,724,0,725,G
3-PA,285,0,0,0,720,720,C
3-PA,286,710,0,0,0,710,A
3-PA,287,704,0,1,0,705,A
3-PA,288,0,0,0,708,708,C
3-PA,289,698,1,0,0,699,A
3-PA,290,0,0,0,726,726,C
3-PA,291,0,710,0,0,710,T
3-PA,292,717,0,0,0,717,A
3-PA,293,0,0,0,716,716,C
3-PA,294,0,716,0,0,716,T
3-PA,295,0,0,716,0,716,G
3-PA,296,0,1,716,0,717,G
3-PA,297,707,0,1,0,708,A
3-PA,298,0,0,704,0,704,G
3-PA,299,0,0,0,685,685,C
3-PA,300,0,680,0,3,683,T
3-PA,301,1,1,684,0,686,G
3-PA,302,0,0,685,0,685,G
3-PA,303,681,0,4,0,685,A
3-PA,304,687,0,0,0,687,A
3-PA,305,686,0,0,0,686,A
3-PA,306,689,0,1,0,690,A
3-PA,307,0,1,0,688,689,C
3-PA,308,1,0,0,686,687,C
3-PA,309,0,0,688,0,688,G
3-PA,310,687,0,0,0,687,A
3-PA,311,687,0,1,0,688,A
3-PA,312,0,0,702,0,702,G
3-PA,313,0,703,0,1,704,T
3-PA,314,0,700,0,0,700,T
3-PA,315,0,699,0,0,699,T
3-PA,316,0,0,0,706,706,C
3-PA,317,0,711,1,0,712,T
3-PA,318,716,0,0,0,716,A
3-PA,319,0,0,0,712,712,C
3-PA,320,0,1,0,711,712,C
3-PA,321,705,0,0,0,705,A
3-PA,322,0,1,703,0,704,G
3-PA,323,702,0,0,0,702,A
3-PA,324,0,1,0,687,688,C
3-PA,325,0,727,0,0,727,T
3-PA,326,0,728,0,0,728,T
3-PA,327,0,0,741,0,741,G
3-PA,328,0,741,0,0,741,T
3-PA,329,745,0,0,0,745,A
3-PA,330,0,742,0,0,742,T
3-PA,331,0,0,722,0,722,G
3-PA,332,756,0,1,0,757,A
3-PA,333,1,747,0,0,748,T
3-PA,334,0,741,0,0,741,T
3-PA,335,744,0,0,0,744,A
3-PA,336,0,0,0,748,748,C
3-PA,337,749,0,0,0,749,A
3-PA,338,747,2,0,0,749,A
3-PA,339,0,0,760,0,760,G
3-PA,340,0,0,767,0,767,G
3-PA,341,725,0,0,0,725,A
3-PA,342,0,0,741,0,741,G
3-PA,343,745,0,0,0,745,A
3-PA,344,743,0,0,0,743,A
3-PA,345,0,0,0,743,743,C
3-PA,346,725,1,1,0,727,A
3-PA,347,0,0,732,0,732,G
3-PA,348,726,0,2,0,728,A
3-PA,349,0,723,0,0,723,T
3-PA,350,0,719,0,0,719,T
3-PA,351,1,0,0,704,705,C
3-PA,352,1,0,703,0,704,G
3-PA,353,0,704,0,0,704,T
3-PA,354,1,0,0,705,706,C
3-PA,355,0,0,707,0,707,G
3-PA,356,720,0,0,0,720,A
3-PA,357,715,0,0,0,715,A
3-PA,358,717,0,0,0,717,A
3-PA,359,0,721,0,0,721,T
3-PA,360,0,719,0,1,720,T
3-PA,361,0,3,718,0,721,G
3-PA,362,0,0,718,0,718,G
3-PA,363,0,0,716,0,716,G
3-PA,364,0,0,721,0,721,G
3-PA,365,0,703,0,1,704,T
3-PA,366,1,0,714,0,715,G
3-PA,367,714,0,4,0,718,A
3-PA,368,0,0,0,718,718,C
3-PA,369,722,0,0,0,722,A
3-PA,370,722,0,0,0,722,A
3-PA,371,1,1,735,0,737,G
3-PA,372,0,0,740,0,740,G
3-PA,373,728,0,1,1,730,A
3-PA,374,0,0,738,0,738,G
3-PA,375,721,0,0,0,721,A
3-PA,376,0,0,725,0,725,G
3-PA,377,711,0,0,0,711,A
3-PA,378,708,0,2,0,710,A
3-PA,379,0,0,735,0,735,G
3-PA,380,0,714,0,0,714,T
3-PA,381,0,0,0,723,723,C
3-PA,382,0,0,0,723,723,C
3-PA,383,722,1,2,0,725,A
3-PA,384,0,0,0,749,749,C
3-PA,385,763,1,0,0,764,A
3-PA,386,0,777,0,0,777,T
3-PA,387,780,0,0,0,780,A
3-PA,388,0,760,0,0,760,T
3-PA,389,757,0,0,0,757,A
3-PA,390,0,744,0,0,744,T
3-PA,391,0,739,0,0,739,T
3-PA,392,755,0,0,0,755,A
3-PA,393,0,0,0,755,755,C
3-PA,394,0,0,0,711,711,C
3-PA,395,2,689,0,1,692,T
3-PA,396,0,676,0,1,677,T
3-PA,397,0,0,680,0,680,G
3-PA,398,677,0,0,0,677,A
3-PA,399,681,0,0,0,681,A
3-PA,400,677,0,1,0,678,A
3-PA,401,661,0,0,0,661,A
3-PA,402,0,0,669,0,669,G
3-PA,403,0,0,673,0,673,G
3-PA,404,0,0,0,671,671,C
3-PA,405,0,0,0,672,672,C
3-PA,406,674,0,0,0,674,A
3-PA,407,677,0,0,0,677,A
3-PA,408,0,677,0,0,677,T
3-PA,409,678,0,0,0,678,A
3-PA,410,676,0,1,0,677,A
3-PA,411,1,0,696,0,697,G
3-PA,412,691,0,0,0,691,A
3-PA,413,0,687,0,1,688,T
3-PA,414,0,690,0,0,690,T
3-PA,415,689,0,0,0,689,A
3-PA,416,690,0,1,0,691,A
3-PA,417,692,1,1,0,694,A
3-PA,418,0,701,0,0,701,T
3-PA,419,0,0,0,700,700,C
3-PA,420,0,677,0,0,677,T
3-PA,421,0,1,686,0,687,G
3-PA,422,686,0,1,0,687,A
3-PA,423,0,0,700,0,700,G
3-PA,424,698,1,1,0,700,A
3-PA,425,698,0,2,0,700,A
3-PA,426,0,21,0,682,703,C
3-PA,427,697,0,2,0,699,A
3-PA,428,0,1,0,712,713,C
3-PA,429,710,0,1,1,712,A
3-PA,430,0,0,0,713,713,C
3-PA,431,713,0,0,0,713,A
3-PA,432,0,0,0,722,722,C
3-PA,433,720,0,0,1,721,A
3-PA,434,0,714,0,1,715,T
3-PA,435,0,710,0,0,710,T
3-PA,436,1,0,0,709,710,C
3-PA,437,702,0,2,0,704,A
3-PA,438,0,66,0,638,704,C
3-PA,439,697,0,0,0,697,A
3-PA,440,0,699,0,0,699,T
3-PA,441,0,676,0,4,680,T
3-PA,442,0,687,0,3,690,T
3-PA,443,1,685,0,0,686,T
3-PA,444,0,0,0,697,697,C
3-PA,445,0,686,0,0,686,T
3-PA,446,1,1,0,694,696,C
3-PA,447,690,0,0,0,690,A
3-PA,448,0,687,0,1,688,T
3-PA,449,0,691,0,1,692,T
3-PA,450,0,0,0,699,699,C
3-PA,451,695,0,1,0,696,A
3-PA,452,0,0,1,697,698,C
3-PA,453,0,689,0,0,689,T
3-PA,454,0,0,714,0,714,G
3-PA,455,0,1,709,0,710,G
3-PA,456,0,0,715,0,715,G
3-PA,457,0,0,714,0,714,G
3-PA,458,704,0,1,0,705,A
3-PA,459,0,0,709,0,709,G
3-PA,460,0,0,713,0,713,G
3-PA,461,708,0,0,0,708,A
3-PA,462,710,0,1,0,711,A
3-PA,463,696,0,0,0,696,A
3-PA,464,0,686,0,0,686,T
3-PA,465,0,1,685,1,687,G
3-PA,466,0,0,683,0,683,G
3-PA,467,0,0,0,684,684,C
3-PA,468,0,0,0,681,681,C
3-PA,469,679,0,0,0,679,A
3-PA,470,0,0,0,682,682,C
3-PA,471,676,0,1,0,677,A
3-PA,472,685,0,0,0,685,A
3-PA,473,689,0,0,0,689,A
3-PA,474,1,0,694,0,695,G
3-PA,475,0,0,694,0,694,G
3-PA,476,0,0,0,695,695,C
3-PA,477,700,0,2,0,702,A
3-PA,478,0,0,713,0,713,G
3-PA,479,712,0,0,0,712,A
3-PA,480,0,0,0,724,724,C
3-PA,481,0,723,0,0,723,T
3-PA,482,724,0,2,0,726,A
3-PA,483,0,1,0,724,725,C
3-PA,484,710,0,1,0,711,A
3-PA,485,0,0,1,720,721,C
3-PA,486,0,689,0,0,689,T
3-PA,487,0,1,0,686,687,C
3-PA,488,0,676,0,0,676,T
3-PA,489,0,0,0,666,666,C
3-PA,490,0,0,665,0,665,G
3-PA,491,661,0,0,0,661,A
3-PA,492,0,1,0,656,657,C
3-PA,493,0,0,662,0,662,G
3-PA,494,659,0,0,0,659,A
3-PA,495,1,0,659,0,660,G
3-PA,496,0,1,656,0,657,G
3-PA,497,656,0,1,0,657,A
3-PA,498,659,0,1,0,660,A
3-PA,499,658,0,2,0,660,A
3-PA,500,0,0,660,0,660,G
3-PA,501,0,1,0,661,662,C
3-PA,502,650,0,0,0,650,A
3-PA,503,0,0,661,0,661,G
3-PA,504,0,1,660,0,661,G
3-PA,505,0,0,665,0,665,G
3-PA,506,0,0,0,667,667,C
3-PA,507,0,660,0,0,660,T
3-PA,508,659,0,3,0,662,A
3-PA,509,0,1,673,0,674,G
3-PA,510,0,0,714,0,714,G
3-PA,511,717,0,0,0,717,A
3-PA,512,0,689,0,0,689,T
3-PA,513,1,679,0,0,680,T
3-PA,514,680,0,1,0,681,A
3-PA,515,697,0,0,0,697,A
3-PA,516,0,0,698,0,698,G
3-PA,517,698,0,2,0,700,A
3-PA,518,0,0,0,694,694,C
3-PA,519,0,0,0,631,631,C
3-PA,520,625,0,0,0,625,A
3-PA,521,0,1,627,0,628,G
3-PA,522,0,0,634,0,634,G
3-PA,523,0,0,0,636,636,C
3-PA,524,0,619,0,1,620,T
3-PA,525,0,0,634,0,634,G
3-PA,526,0,631,0,0,631,T
3-PA,527,1,629,0,0,630,T
3-PA,528,0,632,0,0,632,T
3-PA,529,629,0,1,0,630,A
3-PA,530,0,0,0,638,638,C
3-PA,531,1,0,0,626,627,C
3-PA,532,618,0,0,0,618,A
3-PA,533,0,618,0,0,618,T
3-PA,534,579,0,0,0,579,A
3-PA,535,583,0,1,0,584,A
3-PA,536,0,0,585,0,585,G
3-PA,537,586,0,1,0,587,A
3-PA,538,0,0,0,588,588,C
3-PA,539,566,0,1,0,567,A
3-PA,540,568,0,0,0,568,A
3-PA,541,0,0,579,0,579,G
3-PA,542,577,0,0,0,577,A
3-PA,543,577,0,0,0,577,A
3-PA,544,570,0,0,0,570,A
3-PA,545,0,545,0,2,547,T
3-PA,546,0,0,581,0,581,G
3-PA,547,0,0,582,0,582,G
3-PA,548,0,0,0,579,579,C
3-PA,549,0,1,0,580,581,C
3-PA,550,575,0,0,0,575,A
3-PA,551,575,0,0,0,575,A
3-PA,552,0,541,0,0,541,T
3-PA,553,567,0,1,0,568,A
3-PA,554,0,0,565,0,565,G
3-PA,555,566,0,0,0,566,A
3-PA,556,0,1,571,0,572,G
3-PA,557,0,1,573,0,574,G
3-PA,558,0,0,0,567,567,C
3-PA,559,1,0,0,566,567,C
3-PA,560,0,547,0,0,547,T
3-PA,561,0,0,0,552,552,C
3-PA,562,0,551,0,0,551,T
3-PA,563,0,0,553,0,553,G
3-PA,564,0,0,554,0,554,G
3-PA,565,1,0,551,0,552,G
3-PA,566,549,0,0,0,549,A
3-PA,567,0,531,0,1,532,T
3-PA,568,1,522,0,0,523,T
3-PA,569,1,0,0,557,558,C
3-PA,570,0,0,0,553,553,C
3-PA,571,0,545,0,0,545,T
3-PA,572,0,545,0,0,545,T
3-PA,573,0,544,0,0,544,T
3-PA,574,0,0,0,546,546,C
3-PA,575,0,0,549,0,549,G
3-PA,576,0,545,0,0,545,T
3-PA,577,0,0,0,550,550,C
3-PA,578,533,0,0,0,533,A
3-PA,579,0,0,586,0,586,G
3-PA,580,0,587,0,0,587,T
3-PA,581,0,0,0,586,586,C
3-PA,582,0,0,0,591,591,C
3-PA,583,0,0,592,0,592,G
3-PA,584,592,0,1,0,593,A
3-PA,585,590,0,0,0,590,A
3-PA,586,594,0,0,0,594,A
3-PA,587,0,0,594,0,594,G
3-PA,588,559,0,2,0,561,A
3-PA,589,0,0,579,0,579,G
3-PA,590,0,0,582,0,582,G
3-PA,591,0,0,0,581,581,C
3-PA,592,0,0,583,0,583,G
3-PA,593,584,0,0,0,584,A
3-PA,594,585,0,0,0,585,A
3-PA,595,0,0,589,0,589,G
3-PA,596,593,0,1,0,594,A
3-PA,597,594,0,1,0,595,A
3-PA,598,593,0,1,0,594,A
3-PA,599,0,0,0,606,606,C
3-PA,600,604,1,0,0,605,A
3-PA,601,609,0,0,0,609,A
3-PA,602,1,603,0,0,604,T
3-PA,603,0,603,0,2,605,T
3-PA,604,0,0,605,0,605,G
3-PA,605,606,0,0,0,606,A
3-PA,606,604,0,2,0,606,A
3-PA,607,0,0,606,0,606,G
3-PA,608,602,0,0,0,602,A
3-PA,609,603,0,0,0,603,A
3-PA,610,603,0,0,0,603,A
3-PA,611,600,0,0,0,600,A
3-PA,612,602,0,0,0,602,A
3-PA,613,0,608,0,0,608,T
3-PA,614,0,606,0,1,607,T
3-PA,615,0,607,0,0,607,T
3-PA,616,0,0,607,0,607,G
3-PA,617,607,0,0,0,607,A
3-PA,618,612,0,0,0,612,A
3-PA,619,614,0,0,0,614,A
3-PA,620,0,629,0,0,629,T
3-PA,621,0,0,0,723,723,C
3-PA,622,723,0,0,1,724,A
3-PA,623,0,0,0,742,742,C
3-PA,624,741,0,1,0,742,A
3-PA,625,0,1,751,1,753,G
3-PA,626,1,1,794,4,800,G
3-PA,627,821,0,3,0,824,A
3-PA,628,842,0,0,0,842,A
3-PA,629,0,0,0,864,864,C
3-PA,630,0,838,0,0,838,T
3-PA,631,924,1,1,0,926,A
3-PA,632,0,944,0,1,945,T
3-PA,633,0,0,1001,2,1003,G
3-PA,634,0,2,0,999,1001,C
3-PA,635,1,1,989,2,993,G
3-PA,636,0,979,0,1,980,T
3-PA,637,976,0,0,0,976,A
3-PA,638,1,2,976,0,979,G
3-PA,639,0,0,978,0,978,G
3-PA,640,0,0,0,966,966,C
3-PA,641,0,940,0,0,940,T
3-PA,642,0,933,0,1,934,T
3-PA,643,1,0,929,2,932,G
3-PA,644,1,0,0,929,930,C
3-PA,645,0,0,0,937,937,C
3-PA,646,1,0,945,0,946,G
3-PA,647,947,0,0,0,947,A
3-PA,648,0,1,0,955,956,C
3-PA,649,1,0,0,956,957,C
3-PA,650,952,0,2,0,954,A
3-PA,651,960,0,2,0,962,A
3-PA,652,956,1,1,0,958,A
3-PA,653,0,0,986,0,986,G
3-PA,654,0,986,0,2,988,T
3-PA,655,1,0,0,998,999,C
3-PA,656,0,988,0,1,989,T
3-PA,657,1,0,0,996,997,C
3-PA,658,2,0,0,997,999,C
3-PA,659,3,1,0,1005,1009,C
3-PA,660,1004,0,1,0,1005,A
3-PA,661,0,0,0,1010,1010,C
3-PA,662,0,0,0,999,999,C
3-PA,663,0,0,1004,0,1004,G
3-PA,664,1014,0,1,0,1015,A
3-PA,665,1023,0,1,0,1024,A
3-PA,666,0,0,0,1037,1037,C
3-PA,667,0,1026,0,0,1026,T
3-PA,668,0,1060,0,1,1061,T
3-PA,669,0,2,1,1080,1083,C
3-PA,670,0,1070,0,17,1087,T
3-PA,671,0,1,0,1081,1082,C
3-PA,672,0,0,0,1082,1082,C
3-PA,673,0,1072,0,1,1073,T
3-PA,674,0,0,1088,3,1091,G
3-PA,675,0,0,0,1089,1089,C
3-PA,676,0,0,0,1091,1091,C
3-PA,677,0,1076,0,2,1078,T
3-PA,678,0,1075,0,0,1075,T
3-PA,679,2,0,1074,0,1076,G
3-PA,680,1072,0,1,0,1073,A
3-PA,681,0,0,1095,0,1095,G
3-PA,682,1087,0,1,0,1088,A
3-PA,683,1105,0,0,0,1105,A
3-PA,684,0,1134,0,0,1134,T
3-PA,685,0,1148,0,0,1148,T
3-PA,686,0,1147,0,0,1147,T
3-PA,687,0,1149,0,1,1150,T
3-PA,688,1143,0,1,0,1144,A
3-PA,689,3,0,1140,1,1144,G
3-PA,690,1137,0,2,0,1139,A
3-PA,691,0,0,1188,1,1189,G
3-PA,692,0,0,0,1191,1191,C
3-PA,693,0,0,0,1206,1206,C
3-PA,694,2,1230,0,0,1232,T
3-PA,695,1296,0,0,0,1296,A
3-PA,696,0,1299,0,1,1300,T
3-PA,697,2,0,1305,3,1310,G
3-PA,698,0,1303,0,1,1304,T
3-PA,699,1,1,1316,0,1318,G
3-PA,700,0,0,1294,1,1295,G
3-PA,701,1289,0,2,0,1291,A
3-PA,702,0,1274,0,1,1275,T
3-PA,703,0,1,1259,0,1260,G
3-PA,704,0,0,1297,0,1297,G
3-PA,705,1300,1,1,0,1302,A
3-PA,706,0,1297,0,1,1298,T
3-PA,707,0,1299,0,0,1299,T
3-PA,708,0,0,0,1289,1289,C
3-PA,709,1,2,1298,0,1301,G
3-PA,710,1309,0,2,0,1311,A
3-PA,711,1306,0,3,0,1309,A
3-PA,712,0,1,0,1320,1321,C
3-PA,713,0,0,0,1289,1289,C
3-PA,714,1,0,1296,0,1297,G
3-PA,715,1286,0,1,0,1287,A
3-PA,716,1299,0,1,0,1300,A
3-PA,717,0,0,0,1315,1315,C
3-PA,718,0,0,1305,0,1305,G
3-PA,719,0,0,1347,0,1347,G
3-PA,720,0,2,0,1350,1352,C
3-PA,721,0,1346,0,0,1346,T
3-PA,722,2,0,1389,0,1391,G
3-PA,723,0,0,0,1398,1398,C
3-PA,724,1412,0,0,0,1412,A
3-PA,725,1,1407,0,1,1409,T
3-PA,726,0,1402,0,0,1402,T
3-PA,727,6,0,1397,4,1407,G
3-PA,728,1366,0,2,0,1368,A
3-PA,729,0,1,1393,0,1394,G
3-PA,730,1,0,1389,0,1390,G
3-PA,731,1,0,1384,0,1385,G
3-PA,732,0,0,0,1382,1382,C
3-PA,733,1377,1,0,0,1378,A
3-PA,734,1382,0,1,0,1383,A
3-PA,735,0,0,1396,0,1396,G
3-PA,736,0,0,0,1400,1400,C
3-PA,737,0,1402,0,1,1403,T
3-PA,738,0,1399,0,2,1401,T
3-PA,739,1,1407,0,2,1410,T
3-PA,740,0,0,0,1409,1409,C
3-PA,741,1,1408,1,1,1411,T
3-PA,742,1,1,0,1412,1414,C
3-PA,743,1415,0,0,0,1415,A
3-PA,744,1412,0,0,0,1412,A
3-PA,745,1402,0,1,0,1403,A
3-PA,746,0,1407,0,1,1408,T
3-PA,747,1,0,1458,0,1459,G
3-PA,748,0,1450,0,0,1450,T
3-PA,749,0,0,0,1475,1475,C
3-PA,750,0,0,0,1480,1480,C
3-PA,751,1485,0,1,0,1486,A
3-PA,752,1486,0,0,0,1486,A
3-PA,753,1487,0,1,0,1488,A
3-PA,754,0,1,1507,0,1508,G
3-PA,755,1503,0,1,0,1504,A
3-PA,756,1463,0,2,0,1465,A
3-PA,757,0,1,1472,0,1473,G
3-PA,758,0,1452,0,0,1452,T
3-PA,759,0,1,1450,0,1451,G
3-PA,760,1442,0,1,0,1443,A
3-PA,761,1446,0,1,0,1447,A
3-PA,762,0,1450,0,0,1450,T
3-PA,763,1,0,1435,0,1436,G
3-PA,764,0,0,0,1458,1458,C
3-PA,765,1,0,0,1461,1462,C
3-PA,766,1,0,0,1461,1462,C
3-PA,767,1472,0,0,0,1472,A
3-PA,768,1488,0,0,0,1488,A
3-PA,769,1496,0,1,0,1497,A
3-PA,770,0,1495,0,0,1495,T
3-PA,771,0,1487,0,0,1487,T
3-PA,772,1,0,1486,0,1487,G
3-PA,773,1479,0,0,0,1479,A
3-PA,774,1478,0,1,0,1479,A
3-PA,775,0,0,0,1483,1483,C
3-PA,776,0,0,0,1483,1483,C
3-PA,777,0,1474,0,2,1476,T
3-PA,778,0,1528,0,0,1528,T
3-PA,779,0,1532,0,0,1532,T
3-PA,780,0,1575,0,1,1576,T
3-PA,781,2,0,1,1578,1581,C
3-PA,782,0,1580,0,1,1581,T
3-PA,783,1,0,1587,0,1588,G
3-PA,784,1579,0,4,0,1583,A
3-PA,785,1598,0,0,1,1599,A
3-PA,786,3,0,1607,0,1610,G
3-PA,787,1579,0,1,0,1580,A
3-PA,788,0,1,0,1587,1588,C
3-PA,789,1573,0,0,0,1573,A
3-PA,790,1587,0,10,0,1597,A
3-PA,791,0,1,0,1777,1778,C
3-PA,792,1778,0,0,0,1778,A
3-PA,793,0,1,1,1777,1779,C
3-PA,794,1,2,0,1757,1760,C
3-PA,795,1754,0,1,0,1755,A
3-PA,796,1744,0,17,0,1761,A
3-PA,797,0,1,1766,0,1767,G
3-PA,798,1767,0,2,0,1769,A
3-PA,799,0,0,0,1764,1764,C
3-PA,800,1,1,0,1635,1637,C
3-PA,801,1639,0,0,0,1639,A
3-PA,802,1635,0,0,0,1635,A
3-PA,803,0,1636,0,1,1637,T
3-PA,804,0,0,0,1641,1641,C
3-PA,805,1635,0,2,0,1637,A
3-PA,806,1622,0,0,0,1622,A
3-PA,807,1624,0,0,0,1624,A
3-PA,808,0,0,0,1651,1651,C
3-PA,809,0,1637,0,1,1638,T
3-PA,810,0,1642,0,1,1643,T
3-PA,811,3,0,0,1652,1655,C
3-PA,812,0,1,0,1658,1659,C
3-PA,813,1,1,1668,0,1670,G
3-PA,814,1671,0,0,0,1671,A
3-PA,815,1675,0,1,0,1676,A
3-PA,816,0,1674,0,0,1674,T
3-PA,817,0,0,1647,0,1647,G
3-PA,818,0,0,1658,0,1658,G
3-PA,819,1667,0,0,0,1667,A
3-PA,820,0,0,0,1688,1688,C
3-PA,821,1,0,0,1681,1682,C
3-PA,822,0,1742,0,1,1743,T
3-PA,823,0,0,1,1810,1811,C
3-PA,824,2,0,0,1813,1815,C
3-PA,825,0,1812,0,0,1812,T
3-PA,826,0,1816,0,0,1816,T
3-PA,827,1,1,1901,7,1910,G
3-PA,828,0,1900,0,2,1902,T
3-PA,829,0,1894,0,0,1894,T
3-PA,830,1897,0,0,0,1897,A
3-PA,831,0,1837,0,1,1838,T
3-PA,832,0,3,0,1825,1828,C
3-PA,833,1794,0,1,0,1795,A
3-PA,834,0,1,1795,0,1796,G
3-PA,835,0,0,0,1795,1795,C
3-PA,836,0,1,1730,0,1731,G
3-PA,837,0,0,1793,0,1793,G
3-PA,838,0,1780,0,2,1782,T
3-PA,839,0,0,0,1788,1788,C
3-PA,840,2,0,0,1784,1786,C
3-PA,841,1799,0,0,0,1799,A
3-PA,842,1808,0,0,0,1808,A
3-PA,843,1806,1,0,0,1807,A
3-PA,844,0,1808,0,0,1808,T
3-PA,845,0,1808,0,0,1808,T
3-PA,846,0,0,0,1812,1812,C
3-PA,847,1,0,0,1800,1801,C
3-PA,848,0,1796,0,2,1798,T
3-PA,849,2,0,2,1801,1805,C
3-PA,850,0,1,0,1810,1811,C
3-PA,851,0,1801,0,1,1802,T
3-PA,852,0,3,1801,1,1805,G
3-PA,853,1807,0,0,0,1807,A
3-PA,854,0,1811,0,0,1811,T
3-PA,855,1,0,1791,0,1792,G
3-PA,856,0,2,1771,0,1773,G
3-PA,857,1761,0,2,1,1764,A
3-PA,858,0,1753,0,1,1754,T
3-PA,859,0,0,1750,1,1751,G
3-PA,860,0,0,0,1824,1824,C
3-PA,861,0,1811,0,2,1813,T
3-PA,862,0,1826,0,0,1826,T
3-PA,863,0,1830,0,0,1830,T
3-PA,864,1826,0,0,0,1826,A
3-PA,865,1833,0,0,0,1833,A
3-PA,866,1832,0,0,0,1832,A
3-PA,867,1834,1,4,0,1839,A
3-PA,868,0,1832,0,0,1832,T
3-PA,869,0,1714,0,0,1714,T
3-PA,870,3,1,1711,1,1716,G
3-PA,871,1695,0,4,0,1699,A
3-PA,872,0,0,1711,0,1711,G
3-PA,873,0,1,0,1709,1710,C
3-PA,874,1703,0,0,0,1703,A
3-PA,875,1,1704,0,2,1707,T
3-PA,876,0,62,1,1632,1695,C
3-PA,877,1,0,1724,0,1725,G
3-PA,878,1731,0,0,0,1731,A
3-PA,879,1720,0,1,0,1721,A
3-PA,880,0,3,1726,0,1729,G
3-PA,881,1701,0,1,0,1702,A
3-PA,882,0,0,0,1712,1712,C
3-PA,883,1,1,0,1702,1704,C
3-PA,884,1,0,0,1671,1672,C
3-PA,885,1664,0,1,0,1665,A
3-PA,886,1670,0,1,0,1671,A
3-PA,887,0,0,1681,0,1681,G
3-PA,888,0,1674,0,0,1674,T
3-PA,889,0,0,0,1686,1686,C
3-PA,890,1686,0,0,0,1686,A
3-PA,891,0,1,0,1683,1684,C
3-PA,892,3,0,1682,2,1687,G
3-PA,893,1695,0,1,0,1696,A
3-PA,894,1712,0,0,0,1712,A
3-PA,895,0,0,1768,0,1768,G
3-PA,896,0,3,1758,1,1762,G
3-PA,897,1741,0,5,0,1746,A
3-PA,898,0,0,1759,4,1763,G
3-PA,899,1750,0,3,0,1753,A
3-PA,900,1752,0,2,1,1755,A
3-PA,901,0,1,1758,0,1759,G
3-PA,902,0,2,1734,0,1736,G
3-PA,903,1,1,1740,1,1743,G
3-PA,904,1680,0,26,0,1706,A
3-PA,905,0,1712,0,0,1712,T
3-PA,906,1,2,0,1702,1705,C
3-PA,907,1,0,0,1862,1863,C
3-PA,908,3,0,0,1888,1891,C
3-PA,909,1912,0,1,0,1913,A
3-PA,910,0,1917,0,0,1917,T
3-PA,911,0,1935,0,2,1937,T
3-PA,912,1987,0,1,0,1988,A
3-PA,913,1,1989,0,0,1990,T
3-PA,914,1984,0,0,0,1984,A
3-PA,915,0,1978,0,1,1979,T
3-PA,916,3,2,1777,2,1784,G
3-PA,917,1776,0,1,0,1777,A
3-PA,918,1,1755,0,0,1756,T
3-PA,919,2,1,1763,0,1766,G
3-PA,920,0,0,0,1755,1755,C
3-PA,921,0,1,1749,0,1750,G
3-PA,922,1746,0,3,0,1749,A
3-PA,923,0,1751,0,3,1754,T
3-PA,924,1,2,0,1756,1759,C
3-PA,925,1753,0,0,0,1753,A
3-PA,926,1736,1,3,0,1740,A
3-PA,927,0,0,1758,0,1758,G
3-PA,928,0,1733,1,0,1734,T
3-PA,929,4,1,1748,0,1753,G
3-PA,930,1,0,0,1754,1755,C
3-PA,931,1742,0,2,0,1744,A
3-PA,932,0,1750,0,0,1750,T
3-PA,933,1744,0,0,0,1744,A
3-PA,934,1760,0,1,0,1761,A
3-PA,935,1760,0,0,0,1760,A
3-PA,936,1751,0,1,0,1752,A
3-PA,937,1748,0,1,0,1749,A
3-PA,938,0,0,0,1756,1756,C
3-PA,939,1730,0,0,0,1730,A
3-PA,940,0,1731,0,2,1733,T
3-PA,941,0,1736,0,1,1737,T
3-PA,942,3,0,0,1736,1739,C
3-PA,943,0,1725,0,1,1726,T
3-PA,944,0,1726,0,0,1726,T
3-PA,945,0,1729,0,1,1730,T
3-PA,946,1,3,1727,1,1732,G
3-PA,947,0,0,1728,0,1728,G
3-PA,948,1723,0,2,0,1725,A
3-PA,949,1,1728,1,2,1732,T
3-PA,950,0,1,1739,0,1740,G
3-PA,951,0,1,1754,0,1755,G
3-PA,952,1757,0,0,0,1757,A
3-PA,953,1747,0,0,0,1747,A
3-PA,954,1757,0,3,0,1760,A
3-PA,955,1,0,1763,0,1764,G
3-PA,956,1761,0,1,0,1762,A
3-PA,957,1912,0,1,0,1913,A
3-PA,958,0,0,0,1965,1965,C
3-PA,959,1,1,0,1961,1963,C
3-PA,960,0,1947,0,1,1948,T
3-PA,961,0,1974,0,0,1974,T
3-PA,962,1982,0,0,0,1982,A
3-PA,963,0,1980,0,0,1980,T
3-PA,964,1968,0,1,0,1969,A
3-PA,965,0,2000,0,1,2001,T
3-PA,966,1834,0,4,0,1838,A
3-PA,967,0,1,1850,1,1852,G
3-PA,968,0,1833,0,3,1836,T
3-PA,969,0,0,1,1843,1844,C
3-PA,970,1826,0,0,0,1826,A
3-PA,971,1817,0,1,1,1819,A
3-PA,972,1815,1,1,0,1817,A
3-PA,973,0,0,0,1826,1826,C
3-PA,974,1,0,0,1799,1800,C
3-PA,975,1779,0,1,0,1780,A
3-PA,976,0,1,0,1815,1816,C
3-PA,977,1809,0,3,0,1812,A
3-PA,978,0,0,0,1815,1815,C
3-PA,979,0,0,1820,0,1820,G
3-PA,980,1797,0,0,0,1797,A
3-PA,981,1799,0,0,0,1799,A
3-PA,982,1807,0,3,0,1810,A
3-PA,983,1801,0,2,1,1804,A
3-PA,984,0,1,1823,0,1824,G
3-PA,985,0,3,1796,0,1799,G
3-PA,986,1,1,1819,0,1821,G
3-PA,987,1812,0,2,0,1814,A
3-PA,988,1822,0,0,0,1822,A
3-PA,989,0,1818,0,1,1819,T
3-PA,990,1824,0,0,0,1824,A
3-PA,991,1819,0,0,0,1819,A
3-PA,992,1822,0,1,0,1823,A
3-PA,993,0,1817,0,0,1817,T
3-PA,994,0,1811,0,1,1812,T
3-PA,995,1,0,0,1816,1817,C
3-PA,996,1820,0,0,0,1820,A
3-PA,997,1825,1,0,0,1826,A
3-PA,998,1829,0,0,0,1829,A
3-PA,999,0,1825,0,1,1826,T
3-PA,1000,0,1834,0,0,1834,T
3-PA,1001,1838,0,0,0,1838,A
3-PA,1002,0,0,0,1844,1844,C
3-PA,1003,1,0,0,1848,1849,C
3-PA,1004,0,1837,0,0,1837,T
3-PA,1005,0,2,1848,3,1853,G
3-PA,1006,0,1,0,1867,1868,C
3-PA,1007,0,1866,0,0,1866,T
3-PA,1008,2,0,1896,1,1899,G
3-PA,1009,0,1889,0,2,1891,T
3-PA,1010,0,3,2,1888,1893,C
3-PA,1011,1888,0,3,0,1891,A
3-PA,1012,0,1896,0,2,1898,T
3-PA,1013,1,2,1889,0,1892,G
3-PA,1014,0,1,1886,1,1888,G
3-PA,1015,1879,0,1,0,1880,A
3-PA,1016,1906,0,3,0,1909,A
3-PA,1017,1,0,1898,0,1899,G
3-PA,1018,1,2,0,1889,1892,C
3-PA,1019,1881,0,2,0,1883,A
3-PA,1020,1892,0,2,0,1894,A
3-PA,1021,1,0,1906,1,1908,G
3-PA,1022,0,1903,0,0,1903,T
3-PA,1023,1901,0,1,0,1902,A
3-PA,1024,0,0,0,1909,1909,C
3-PA,1025,0,1875,0,3,1878,T
3-PA,1026,3,2,1893,1,1899,G
3-PA,1027,1,1877,0,2,1880,T
3-PA,1028,0,2,0,1886,1888,C
3-PA,1029,1882,0,0,0,1882,A
3-PA,1030,1,2,1892,0,1895,G
3-PA,1031,1877,0,0,0,1877,A
3-PA,1032,1883,1,0,0,1884,A
3-PA,1033,0,1916,0,0,1916,T
3-PA,1034,0,1902,0,2,1904,T
3-PA,1035,0,0,1901,1,1902,G
3-PA,1036,2,0,1,1885,1888,C
3-PA,1037,1892,0,1,0,1893,A
3-PA,1038,1,0,1892,0,1893,G
3-PA,1039,0,0,1876,1,1877,G
3-PA,1040,1887,0,0,0,1887,A
3-PA,1041,0,0,0,1918,1918,C
3-PA,1042,1869,0,0,0,1869,A
3-PA,1043,0,1869,0,1,1870,T
3-PA,1044,0,1890,0,0,1890,T
3-PA,1045,0,1,1892,0,1893,G
3-PA,1046,1895,0,0,0,1895,A
3-PA,1047,1892,0,1,0,1893,A
3-PA,1048,1882,0,1,0,1883,A
3-PA,1049,1880,0,2,0,1882,A
3-PA,1050,0,1864,0,0,1864,T
3-PA,1051,1,1,1886,1,1889,G
3-PA,1052,1866,0,6,0,1872,A
3-PA,1053,1,1,1887,0,1889,G
3-PA,1054,1,1,1885,1,1888,G
3-PA,1055,1867,0,0,0,1867,A
3-PA,1056,2,0,1878,0,1880,G
3-PA,1057,1871,1,0,0,1872,A
3-PA,1058,1865,0,0,0,1865,A
3-PA,1059,0,0,1861,0,1861,G
3-PA,1060,1,0,1828,0,1829,G
3-PA,1061,0,1865,0,2,1867,T
3-PA,1062,0,1878,0,1,1879,T
3-PA,1063,0,0,0,1867,1867,C
3-PA,1064,3,2,1,1872,1878,C
3-PA,1065,1891,0,0,0,1891,A
3-PA,1066,1883,1,1,0,1885,A
3-PA,1067,1,2,1900,0,1903,G
3-PA,1068,1,1,1906,0,1908,G
3-PA,1069,1883,0,1,0,1884,A
3-PA,1070,0,1,1,1902,1904,C
3-PA,1071,0,1906,0,0,1906,T
3-PA,1072,1909,0,0,0,1909,A
3-PA,1073,1900,0,0,0,1900,A
3-PA,1074,1907,0,2,0,1909,A
3-PA,1075,1902,0,2,0,1904,A
3-PA,1076,1891,1,0,1,1893,A
3-PA,1077,0,2,1,1883,1886,C
3-PA,1078,1882,0,1,0,1883,A
3-PA,1079,0,1874,0,2,1876,T
3-PA,1080,1,1,1889,0,1891,G
3-PA,1081,1890,0,3,0,1893,A
3-PA,1082,1880,1,1,0,1882,A
3-PA,1083,0,0,1901,0,1901,G
3-PA,1084,1895,0,0,0,1895,A
3-PA,1085,1900,0,0,0,1900,A
3-PA,1086,1891,0,0,0,1891,A
3-PA,1087,1888,0,0,1,1889,A
3-PA,1088,0,1,0,1896,1897,C
3-PA,1089,1,2,1883,0,1886,G
3-PA,1090,1889,0,2,0,1891,A
3-PA,1091,0,0,1886,0,1886,G
3-PA,1092,0,1876,0,1,1877,T
3-PA,1093,1,0,0,1922,1923,C
3-PA,1094,1920,0,2,0,1922,A
3-PA,1095,1948,2,1,0,1951,A
3-PA,1096,0,1,0,1949,1950,C
3-PA,1097,0,1944,0,0,1944,T
3-PA,1098,0,0,1963,1,1964,G
3-PA,1099,1955,0,0,0,1955,A
3-PA,1100,1965,0,2,0,1967,A
3-PA,1101,0,0,1972,0,1972,G
3-PA,1102,0,1921,0,1,1922,T
3-PA,1103,1,2,1927,1,1931,G
3-PA,1104,0,2,1916,0,1918,G
3-PA,1105,0,0,1923,0,1923,G
3-PA,1106,1,0,0,1926,1927,C
3-PA,1107,0,1906,0,3,1909,T
3-PA,1108,0,3,2,1922,1927,C
3-PA,1109,0,1913,0,0,1913,T
3-PA,1110,0,1924,0,0,1924,T
3-PA,1111,2,1,1960,0,1963,G
3-PA,1112,3,0,1963,1,1967,G
3-PA,1113,1,1939,0,2,1942,T
3-PA,1114,0,1,1953,0,1954,G
3-PA,1115,1930,0,2,0,1932,A
3-PA,1116,1947,0,0,0,1947,A
3-PA,1117,1944,0,2,0,1946,A
3-PA,1118,1948,0,0,0,1948,A
3-PA,1119,0,0,1,1961,1962,C
3-PA,1120,1933,0,0,0,1933,A
3-PA,1121,0,1929,0,0,1929,T
3-PA,1122,1,0,1926,2,1929,G
3-PA,1123,1,0,1968,0,1969,G
3-PA,1124,0,0,0,1989,1989,C
3-PA,1125,1987,0,2,1,1990,A
3-PA,1126,0,2,1,1993,1996,C
3-PA,1127,1,1,1,1993,1996,C
3-PA,1128,2028,0,0,1,2029,A
3-PA,1129,2,4,2047,3,2056,G
3-PA,1130,2040,0,2,0,2042,A
3-PA,1131,0,0,2063,2,2065,G
3-PA,1132,2065,0,1,0,2066,A
3-PA,1133,2057,1,1,0,2059,A
3-PA,1134,0,2,2068,1,2071,G
3-PA,1135,0,0,2062,2,2064,G
3-PA,1136,0,2002,0,3,2005,T
3-PA,1137,2019,0,2,0,2021,A
3-PA,1138,0,0,2016,0,2016,G
3-PA,1139,2017,0,1,0,2018,A
3-PA,1140,1,0,0,2036,2037,C
3-PA,1141,0,2010,0,0,2010,T
3-PA,1142,0,2010,0,0,2010,T
3-PA,1143,0,2014,0,3,2017,T
3-PA,1144,0,1,2017,0,2018,G
3-PA,1145,2012,0,0,0,2012,A
3-PA,1146,2013,0,0,0,2013,A
3-PA,1147,2017,0,1,0,2018,A
3-PA,1148,2003,0,1,0,2004,A
3-PA,1149,0,0,0,2044,2044,C
3-PA,1150,0,2039,0,2,2041,T
3-PA,1151,0,2,2054,0,2056,G
3-PA,1152,1,4,1,2054,2060,C
3-PA,1153,2061,1,0,0,2062,A
3-PA,1154,0,4,2054,1,2059,G
3-PA,1155,2053,1,0,0,2054,A
3-PA,1156,1,2,2125,1,2129,G
3-PA,1157,2134,1,2,0,2137,A
3-PA,1158,0,0,0,2108,2108,C
3-PA,1159,2105,0,2,0,2107,A
3-PA,1160,0,2095,0,0,2095,T
3-PA,1161,2100,0,1,0,2101,A
3-PA,1162,2108,0,1,0,2109,A
3-PA,1163,0,0,2099,0,2099,G
3-PA,1164,0,0,0,2086,2086,C
3-PA,1165,0,0,2061,0,2061,G
3-PA,1166,2096,0,1,0,2097,A
3-PA,1167,0,2082,0,2,2084,T
3-PA,1168,0,2100,0,0,2100,T
3-PA,1169,0,2102,0,0,2102,T
3-PA,1170,2,0,2112,2,2116,G
3-PA,1171,2113,0,1,0,2114,A
3-PA,1172,2111,1,1,0,2113,A
3-PA,1173,0,1,2126,0,2127,G
3-PA,1174,0,0,3,2184,2187,C
3-PA,1175,2159,0,0,0,2159,A
3-PA,1176,2324,0,0,0,2324,A
3-PA,1177,0,2333,0,0,2333,T
3-PA,1178,2341,0,0,0,2341,A
3-PA,1179,1,2351,0,2,2354,T
3-PA,1180,2,1,2357,2,2362,G
3-PA,1181,2379,0,2,0,2381,A
3-PA,1182,1,2374,0,2,2377,T
3-PA,1183,2313,1,0,0,2314,A
3-PA,1184,1,0,2311,1,2313,G
3-PA,1185,0,2201,0,1,2202,T
3-PA,1186,1,2,2210,0,2213,G
3-PA,1187,2202,0,3,1,2206,A
3-PA,1188,1,0,0,2198,2199,C
3-PA,1189,1,0,2193,0,2194,G
3-PA,1190,2191,0,2,0,2193,A
3-PA,1191,2195,1,1,0,2197,A
3-PA,1192,0,0,0,2222,2222,C
3-PA,1193,4,0,0,2215,2219,C
3-PA,1194,0,2216,0,0,2216,T
3-PA,1195,1,0,2289,0,2290,G
3-PA,1196,2286,0,1,0,2287,A
3-PA,1197,2295,0,1,0,2296,A
3-PA,1198,1,2298,0,0,2299,T
3-PA,1199,0,2282,0,0,2282,T
3-PA,1200,2272,0,0,0,2272,A
3-PA,1201,2246,0,0,0,2246,A
3-PA,1202,1,0,2259,1,2261,G
3-PA,1203,1,0,2255,0,2256,G
3-PA,1204,2,2207,0,6,2215,T
3-PA,1205,2,1,0,2221,2224,C
3-PA,1206,2218,0,1,0,2219,A
3-PA,1207,1,0,0,2299,2300,C
3-PA,1208,0,2297,0,7,2304,T
3-PA,1209,0,2303,0,0,2303,T
3-PA,1210,0,2303,0,1,2304,T
3-PA,1211,0,0,0,2306,2306,C
3-PA,1212,2308,0,2,0,2310,A
3-PA,1213,2305,0,2,0,2307,A
3-PA,1214,0,0,2332,4,2336,G
3-PA,1215,0,0,0,2332,2332,C
3-PA,1216,0,2302,0,0,2302,T
3-PA,1217,0,2,2356,0,2358,G
3-PA,1218,0,1,2361,1,2363,G
3-PA,1219,2393,0,1,0,2394,A
3-PA,1220,0,2419,0,0,2419,T
3-PA,1221,2423,0,0,0,2423,A
3-PA,1222,0,1,1,2435,2437,C
3-PA,1223,2405,0,1,0,2406,A
3-PA,1224,3,0,2436,0,2439,G
3-PA,1225,2434,2,2,1,2439,A
3-PA,1226,2396,0,1,0,2397,A
3-PA,1227,0,2378,0,0,2378,T
3-PA,1228,1,4,2384,0,2389,G
3-PA,1229,2368,0,1,0,2369,A
3-PA,1230,1,1,2394,0,2396,G
3-PA,1231,0,2381,0,1,2382,T
3-PA,1232,0,2370,0,1,2371,T
3-PA,1233,3,0,1,2412,2416,C
3-PA,1234,2423,0,2,0,2425,A
3-PA,1235,2417,0,5,0,2422,A
3-PA,1236,0,1,0,2430,2431,C
3-PA,1237,2411,0,0,0,2411,A
3-PA,1238,2402,0,1,0,2403,A
3-PA,1239,1,3,2394,0,2398,G
3-PA,1240,0,0,2407,0,2407,G
3-PA,1241,0,2,0,2423,2425,C
3-PA,1242,0,0,0,2423,2423,C
3-PA,1243,0,2406,0,0,2406,T
3-PA,1244,2,0,2423,2,2427,G
3-PA,1245,0,2422,0,1,2423,T
3-PA,1246,4,1,2452,2,2459,G
3-PA,1247,2456,0,2,0,2458,A
3-PA,1248,0,1,2446,0,2447,G
3-PA,1249,0,3,0,2421,2424,C
3-PA,1250,0,2404,0,1,2405,T
3-PA,1251,2459,0,0,0,2459,A
3-PA,1252,2464,0,3,0,2467,A
3-PA,1253,1,0,0,2469,2470,C
3-PA,1254,1,2451,0,1,2453,T
3-PA,1255,4,1,2454,4,2463,G
3-PA,1256,2455,0,4,0,2459,A
3-PA,1257,0,2444,0,0,2444,T
3-PA,1258,0,2440,0,2,2442,T
3-PA,1259,2,2,0,2459,2463,C
3-PA,1260,2517,0,0,0,2517,A
3-PA,1261,0,0,2549,0,2549,G
3-PA,1262,0,2527,0,4,2531,T
3-PA,1263,0,0,0,2537,2537,C
3-PA,1264,0,2526,0,1,2527,T
3-PA,1265,0,3,2642,0,2645,G
3-PA,1266,2,0,2640,1,2643,G
3-PA,1267,2635,0,6,0,2641,A
3-PA,1268,0,2647,0,0,2647,T
3-PA,1269,2534,0,1,0,2535,A
3-PA,1270,0,1,2521,4,2526,G
3-PA,1271,2504,0,4,0,2508,A
3-PA,1272,1,0,2503,0,2504,G
3-PA,1273,0,2,0,2486,2488,C
3-PA,1274,0,2455,0,2,2457,T
3-PA,1275,0,2459,0,0,2459,T
3-PA,1276,0,3,2463,0,2466,G
3-PA,1277,2464,0,5,0,2469,A
3-PA,1278,1,2466,0,0,2467,T
3-PA,1279,0,1,2450,0,2451,G
3-PA,1280,2469,0,0,0,2469,A
3-PA,1281,2469,0,0,0,2469,A
3-PA,1282,2487,0,1,0,2488,A
3-PA,1283,0,2464,0,0,2464,T
3-PA,1284,0,2475,0,0,2475,T
3-PA,1285,0,3,2497,0,2500,G
3-PA,1286,2,0,2494,0,2496,G
3-PA,1287,2502,1,3,0,2506,A
3-PA,1288,1,1,2498,0,2500,G
3-PA,1289,2467,0,1,0,2468,A
3-PA,1290,0,1,2487,0,2488,G
3-PA,1291,0,2,2493,0,2495,G
3-PA,1292,2514,0,2,0,2516,A
3-PA,1293,0,3,0,2522,2525,C
3-PA,1294,1,1,2506,0,2508,G
3-PA,1295,0,2506,0,1,2507,T
3-PA,1296,2525,0,0,0,2525,A
3-PA,1297,0,1,2537,0,2538,G
3-PA,1298,0,0,0,2555,2555,C
3-PA,1299,0,0,0,2519,2519,C
3-PA,1300,0,0,0,2498,2498,C
3-PA,1301,0,0,1,2514,2515,C
3-PA,1302,2514,0,2,0,2516,A
3-PA,1303,2579,0,1,0,2580,A
3-PA,1304,0,2574,0,0,2574,T
3-PA,1305,0,2562,0,1,2563,T
3-PA,1306,0,2,2555,1,2558,G
3-PA,1307,2520,0,2,0,2522,A
3-PA,1308,0,0,2524,0,2524,G
3-PA,1309,1,0,0,2522,2523,C
3-PA,1310,2509,0,0,1,2510,A
3-PA,1311,0,0,0,2566,2566,C
3-PA,1312,2487,0,0,0,2487,A
3-PA,1313,0,2542,0,1,2543,T
3-PA,1314,0,2542,0,0,2542,T
3-PA,1315,4,1,2538,0,2543,G
3-PA,1316,0,1,1,2525,2527,C
3-PA,1317,2527,0,0,0,2527,A
3-PA,1318,2524,0,1,0,2525,A
3-PA,1319,0,0,2528,1,2529,G
3-PA,1320,0,1,1,2485,2487,C
3-PA,1321,2486,0,1,1,2488,A
3-PA,1322,0,2421,0,0,2421,T
3-PA,1323,1,1,2423,0,2425,G
3-PA,1324,2416,0,1,0,2417,A
3-PA,1325,0,3,2417,1,2421,G
3-PA,1326,2421,0,3,0,2424,A
3-PA,1327,2420,0,1,0,2421,A
3-PA,1328,1,1,2405,0,2407,G
3-PA,1329,1,0,2400,0,2401,G
3-PA,1330,2393,0,1,1,2395,A
3-PA,1331,2396,1,0,0,2397,A
3-PA,1332,0,2398,0,1,2399,T
3-PA,1333,0,2401,0,0,2401,T
3-PA,1334,2404,0,0,0,2404,A
3-PA,1335,1,2407,0,0,2408,T
3-PA,1336,0,2409,0,0,2409,T
3-PA,1337,0,2409,0,0,2409,T
3-PA,1338,0,1,0,2389,2390,C
3-PA,1339,2387,0,2,0,2389,A
3-PA,1340,0,2,1,2433,2436,C
3-PA,1341,2428,1,1,0,2430,A
3-PA,1342,1,1,2441,0,2443,G
3-PA,1343,2,0,0,2438,2440,C
3-PA,1344,2430,0,0,0,2430,A
3-PA,1345,1,1,2440,0,2442,G
3-PA,1346,2425,0,5,0,2430,A
3-PA,1347,0,0,2449,0,2449,G
3-PA,1348,1,0,2438,0,2439,G
3-PA,1349,0,2362,0,2,2364,T
3-PA,1350,0,0,2407,1,2408,G
3-PA,1351,0,2379,0,3,2382,T
3-PA,1352,5,2,1,2359,2367,C
3-PA,1353,3,1,1,2386,2391,C
3-PA,1354,3,2,1,2376,2382,C
3-PA,1355,2427,0,1,0,2428,A
3-PA,1356,0,2454,0,1,2455,T
3-PA,1357,0,2446,0,1,2447,T
3-PA,1358,0,0,2463,1,2464,G
3-PA,1359,1,2414,0,0,2415,T
3-PA,1360,2398,0,1,0,2399,A
3-PA,1361,0,1,2401,1,2403,G
3-PA,1362,2344,0,0,0,2344,A
3-PA,1363,0,244,2099,0,2343,G
3-PA,1364,0,0,0,2302,2302,C
3-PA,1365,1,1,0,2271,2273,C
3-PA,1366,2299,0,0,0,2299,A
3-PA,1367,0,1,1,2302,2304,C
3-PA,1368,0,2292,1,2,2295,T
3-PA,1369,3,1,2287,0,2291,G
3-PA,1370,2277,1,0,0,2278,A
3-PA,1371,2246,0,1,0,2247,A
3-PA,1372,0,2302,0,1,2303,T
3-PA,1373,2303,0,1,0,2304,A
3-PA,1374,0,0,0,2336,2336,C
3-PA,1375,2265,0,0,0,2265,A
3-PA,1376,0,2277,0,0,2277,T
3-PA,1377,2258,0,3,0,2261,A
3-PA,1378,2265,0,1,0,2266,A
3-PA,1379,0,2259,0,0,2259,T
3-PA,1380,1,0,2213,3,2217,G
3-PA,1381,2201,0,0,0,2201,A
3-PA,1382,2164,0,1,0,2165,A
3-PA,1383,0,1,2165,0,2166,G
3-PA,1384,0,0,2154,0,2154,G
3-PA,1385,1,0,2160,0,2161,G
3-PA,1386,1,1,2147,0,2149,G
3-PA,1387,2,0,2189,0,2191,G
3-PA,1388,0,2135,0,1,2136,T
3-PA,1389,2144,1,1,0,2146,A
3-PA,1390,0,2154,0,1,2155,T
3-PA,1391,2159,0,0,0,2159,A
3-PA,1392,0,1,4,2306,2311,C
3-PA,1393,2210,0,0,0,2210,A
3-PA,1394,0,2162,0,1,2163,T
3-PA,1395,0,2126,0,1,2127,T
3-PA,1396,2098,0,0,0,2098,A
3-PA,1397,2119,0,0,0,2119,A
3-PA,1398,1,0,0,2114,2115,C
3-PA,1399,2070,0,0,0,2070,A
3-PA,1400,0,0,0,2074,2074,C
3-PA,1401,0,1818,0,1,1819,T
3-PA,1402,0,2,1878,0,1880,G
3-PA,1403,1,0,0,1871,1872,C
3-PA,1404,0,1,0,1871,1872,C
3-PA,1405,0,0,0,1883,1883,C
3-PA,1406,0,1784,0,1,1785,T
3-PA,1407,1,0,1840,0,1841,G
3-PA,1408,0,0,0,1840,1840,C
3-PA,1409,0,1839,0,2,1841,T
3-PA,1410,1,1,0,1870,1872,C
3-PA,1411,1780,0,0,0,1780,A
3-PA,1412,1793,1,0,0,1794,A
3-PA,1413,0,1791,0,1,1792,T
3-PA,1414,0,0,1793,0,1793,G
3-PA,1415,0,1,0,1786,1787,C
3-PA,1416,1718,0,2,0,1720,A
3-PA,1417,0,1709,0,4,1713,T
3-PA,1418,0,1,1,1711,1713,C
3-PA,1419,1,1,0,1732,1734,C
3-PA,1420,0,1662,0,0,1662,T
3-PA,1421,0,0,1699,0,1699,G
3-PA,1422,0,1686,0,3,1689,T
3-PA,1423,1,0,1691,0,1692,G
3-PA,1424,0,3,1,1689,1693,C
3-PA,1425,1658,0,2,0,1660,A
3-PA,1426,0,0,1670,1,1671,G
3-PA,1427,0,0,1,1654,1655,C
3-PA,1428,1632,0,1,0,1633,A
3-PA,1429,1631,0,0,0,1631,A
3-PA,1430,0,1541,0,1,1542,T
3-PA,1431,0,0,1538,0,1538,G
3-PA,1432,0,1,1541,0,1542,G
3-PA,1433,1540,0,2,0,1542,A
3-PA,1434,0,1,1,1534,1536,C
3-PA,1435,0,0,1522,0,1522,G
3-PA,1436,1535,0,0,0,1535,A
3-PA,1437,0,1531,0,0,1531,T
3-PA,1438,0,1538,0,0,1538,T
3-PA,1439,0,1535,0,0,1535,T
3-PA,1440,1,1528,0,0,1529,T
3-PA,1441,1,0,1,1533,1535,C
3-PA,1442,1535,0,0,0,1535,A
3-PA,1443,1543,0,0,0,1543,A
3-PA,1444,0,0,0,1544,1544,C
3-PA,1445,0,1519,0,0,1519,T
3-PA,1446,1519,0,0,0,1519,A
3-PA,1447,1516,0,0,0,1516,A
3-PA,1448,0,1507,0,0,1507,T
3-PA,1449,0,1504,0,1,1505,T
3-PA,1450,0,0,0,1506,1506,C
3-PA,1451,0,0,0,1504,1504,C
3-PA,1452,2,0,0,1510,1512,C
3-PA,1453,1512,0,1,0,1513,A
3-PA,1454,0,1523,0,3,1526,T
3-PA,1455,3,0,1532,2,1537,G
3-PA,1456,1531,0,2,0,1533,A
3-PA,1457,0,1516,0,1,1517,T
3-PA,1458,1520,0,0,0,1520,A
3-PA,1459,1508,0,1,0,1509,A
3-PA,1460,1,1,1513,0,1515,G
3-PA,1461,0,0,2,1499,1501,C
3-PA,1462,1490,0,0,0,1490,A
3-PA,1463,1427,0,2,0,1429,A
3-PA,1464,0,0,1443,1,1444,G
3-PA,1465,1,1428,0,0,1429,T
3-PA,1466,0,0,1431,0,1431,G
3-PA,1467,0,0,0,1432,1432,C
3-PA,1468,1405,0,0,1,1406,A
3-PA,1469,0,0,1425,0,1425,G
3-PA,1470,1414,0,1,0,1415,A
3-PA,1471,1430,0,0,0,1430,A
3-PA,1472,0,0,0,1435,1435,C
3-PA,1473,0,1385,0,0,1385,T
3-PA,1474,1390,0,0,0,1390,A
3-PA,1475,1392,0,0,0,1392,A
3-PA,1476,1387,0,0,1,1388,A
3-PA,1477,0,0,1387,0,1387,G
3-PA,1478,1310,0,0,0,1310,A
3-PA,1479,2,1,1308,0,1311,G
3-PA,1480,0,1,1269,0,1270,G
3-PA,1481,1,0,1263,0,1264,G
3-PA,1482,1238,0,2,0,1240,A
3-PA,1483,1206,0,0,0,1206,A
3-PA,1484,0,0,1201,0,1201,G
3-PA,1485,0,0,1196,0,1196,G
3-PA,1486,2,1,0,1182,1185,C
3-PA,1487,0,0,1191,0,1191,G
3-PA,1488,1187,0,1,0,1188,A
3-PA,1489,1184,0,1,0,1185,A
3-PA,1490,1188,0,0,0,1188,A
3-PA,1491,1190,0,0,0,1190,A
3-PA,1492,1186,0,1,0,1187,A
3-PA,1493,0,0,0,1186,1186,C
3-PA,1494,0,0,0,1184,1184,C
3-PA,1495,1184,0,0,0,1184,A
3-PA,1496,1187,0,0,0,1187,A
3-PA,1497,0,1186,0,1,1187,T
3-PA,1498,0,1185,0,1,1186,T
3-PA,1499,0,1192,0,0,1192,T
3-PA,1500,1198,0,0,0,1198,A
3-PA,1501,1,1186,0,0,1187,T
3-PA,1502,1186,0,0,0,1186,A
3-PA,1503,0,1175,0,1,1176,T
3-PA,1504,0,0,1160,0,1160,G
3-PA,1505,0,1,1143,0,1144,G
3-PA,1506,1143,0,0,0,1143,A
3-PA,1507,0,1129,0,7,1136,T
3-PA,1508,0,1115,0,0,1115,T
3-PA,1509,0,4,0,1096,1100,C
3-PA,1510,1099,0,0,0,1099,A
3-PA,1511,0,1102,0,1,1103,T
3-PA,1512,0,0,0,1104,1104,C
3-PA,1513,1099,0,0,0,1099,A
3-PA,1514,0,1085,0,0,1085,T
3-PA,1515,1074,0,0,0,1074,A
3-PA,1516,1074,0,0,0,1074,A
3-PA,1517,1073,0,1,0,1074,A
3-PA,1518,0,0,1063,0,1063,G
3-PA,1519,1,0,1027,0,1028,G
3-PA,1520,0,0,1012,0,1012,G
3-PA,1521,997,0,0,0,997,A
3-PA,1522,982,0,0,0,982,A
3-PA,1523,0,0,986,0,986,G
3-PA,1524,961,0,0,0,961,A
3-PA,1525,0,956,0,0,956,T
3-PA,1526,0,0,0,956,956,C
3-PA,1527,0,927,0,1,928,T
3-PA,1528,0,0,0,940,940,C
3-PA,1529,936,0,1,1,938,A
3-PA,1530,0,937,0,0,937,T
3-PA,1531,0,936,1,0,937,T
3-PA,1532,0,900,0,0,900,T
3-PA,1533,891,0,0,0,891,A
3-PA,1534,890,0,0,0,890,A
3-PA,1535,0,0,888,0,888,G
3-PA,1536,0,3,891,0,894,G
3-PA,1537,812,0,0,0,812,A
3-PA,1538,810,0,0,0,810,A
3-PA,1539,0,804,0,0,804,T
3-PA,1540,1,0,800,0,801,G
3-PA,1541,806,0,0,0,806,A
3-PA,1542,0,1,0,805,806,C
3-PA,1543,796,0,0,0,796,A
3-PA,1544,0,1,0,794,795,C
3-PA,1545,757,0,0,1,758,A
3-PA,1546,1,1,756,0,758,G
3-PA,1547,744,0,1,0,745,A
3-PA,1548,1,2,2,719,724,C
3-PA,1549,0,0,702,0,702,G
3-PA,1550,0,596,0,0,596,T
3-PA,1551,0,0,594,0,594,G
3-PA,1552,0,0,595,0,595,G
3-PA,1553,0,591,1,1,593,T
3-PA,1554,591,0,0,0,591,A
3-PA,1555,569,0,0,0,569,A
3-PA,1556,567,0,0,0,567,A
3-PA,1557,0,561,0,0,561,T
3-PA,1558,0,542,0,0,542,T
3-PA,1559,0,540,0,0,540,T
3-PA,1560,0,520,0,0,520,T
3-PA,1561,0,0,521,0,521,G
3-PA,1562,0,515,0,0,515,T
3-PA,1563,1,0,513,0,514,G
3-PA,1564,510,0,0,0,510,A
3-PA,1565,0,0,500,0,500,G
3-PA,1566,0,0,0,498,498,C
3-PA,1567,498,0,0,0,498,A
3-PA,1568,0,499,0,0,499,T
3-PA,1569,0,1,493,0,494,G
3-PA,1570,0,1,499,0,500,G
3-PA,1571,497,0,0,0,497,A
3-PA,1572,0,0,497,0,497,G
3-PA,1573,0,477,0,1,478,T
3-PA,1574,0,449,1,2,452,T
3-PA,1575,0,451,0,0,451,T
3-PA,1576,0,451,0,1,452,T
3-PA,1577,0,0,0,455,455,C
3-PA,1578,0,451,0,0,451,T
3-PA,1579,0,0,0,449,449,C
3-PA,1580,0,422,0,0,422,T
3-PA,1581,0,0,1,417,418,C
3-PA,1582,410,0,0,0,410,A
3-PA,1583,0,0,0,410,410,C
3-PA,1584,0,373,0,0,373,T
3-PA,1585,0,0,368,0,368,G
3-PA,1586,357,0,1,0,358,A
3-PA,1587,0,0,1,360,361,C
3-PA,1588,1,0,0,355,356,C
3-PA,1589,1,0,0,338,339,C
3-PA,1590,0,0,332,0,332,G
3-PA,1591,331,0,0,0,331,A
3-PA,1592,0,0,334,0,334,G
3-PA,1593,332,0,0,0,332,A
3-PA,1594,0,0,1,309,310,C
3-PA,1595,0,295,0,0,295,T
3-PA,1596,0,243,0,0,243,T
3-PA,1597,0,0,244,0,244,G
3-PA,1598,241,0,0,0,241,A
3-PA,1599,0,0,243,0,243,G
3-PA,1600,0,0,0,241,241,C
3-PA,1601,0,0,0,208,208,C
3-PA,1602,210,0,0,0,210,A
3-PA,1603,0,0,0,206,206,C
3-PA,1604,205,0,0,0,205,A
3-PA,1605,0,206,0,0,206,T
3-PA,1606,202,0,0,0,202,A
3-PA,1607,199,0,0,0,199,A
3-PA,1608,195,0,0,0,195,A
3-PA,1609,1,189,0,0,190,T
3-PA,1610,0,0,188,0,188,G
3-PA,1611,0,0,145,0,145,G
3-PA,1612,0,0,135,0,135,G
3-PA,1613,126,0,0,0,126,A
3-PA,1614,0,0,130,0,130,G
3-PA,1615,126,0,0,0,126,A
3-PA,1616,118,0,0,0,118,A
3-PA,1617,117,0,0,0,117,A
3-PA,1618,0,112,0,0,112,T
3-PA,1619,113,0,0,0,113,A
3-PA,1620,0,0,0,113,113,C
3-PA,1621,0,68,0,0,68,T
3-PA,1622,0,0,69,0,69,G
3-PA,1623,0,53,0,0,53,T
3-PA,1624,0,0,52,0,52,G
3-PA,1625,0,51,0,0,51,T
3-PA,1626,0,0,0,48,48,C
3-PA,1627,0,0,0,47,47,C
3-PA,1628,0,47,0,0,47,T
3-PA,1629,0,47,0,0,47,T
3-PA,1630,0,0,47,0,47,G
3-PA,1631,47,0,0,0,47,A
3-PA,1632,0,0,47,0,47,G
3-PA,1633,45,0,0,0,45,A
3-PA,1634,0,45,0,0,45,T
3-PA,1635,45,0,0,0,45,A
3-PA,1636,0,0,48,0,48,G
3-PA,1637,0,0,48,0,48,G
3-PA,1638,47,0,1,0,48,A
3-PA,1639,0,0,48,0,48,G
3-PA,1640,47,0,0,0,47,A
3-PA,1641,0,47,0,0,47,T
3-PA,1642,49,0,0,0,49,A
3-PA,1643,0,49,0,0,49,T
3-PA,1644,0,0,52,0,52,G
3-PA,1645,0,52,0,0,52,T
3-PA,1646,0,52,0,0,52,T
3-PA,1647,54,0,0,0,54,A
3-PA,1648,6,0,0,48,54,C
3-PA,1649,0,54,0,0,54,T
3-PA,1650,55,0,0,0,55,A
3-PA,1651,55,0,0,0,55,A
3-PA,1652,0,0,55,0,55,G
3-PA,1653,53,0,0,0,53,A
3-PA,1654,51,0,0,0,51,A
3-PA,1655,0,0,51,0,51,G
3-PA,1656,0,51,0,0,51,T
3-PA,1657,0,0,51,0,51,G
3-PA,1658,0,0,0,52,52,C
3-PA,1659,0,0,0,52,52,C
3-PA,1660,52,0,0,0,52,A
3-PA,1661,0,52,0,0,52,T
3-PA,1662,52,0,0,0,52,A
3-PA,1663,0,0,52,0,52,G
3-PA,1664,0,0,52,0,52,G
3-PA,1665,0,0,0,51,51,C
3-PA,1666,1,0,0,51,52,C
3-PA,1667,52,0,0,0,52,A
3-PA,1668,52,0,0,0,52,A
3-PA,1669,52,0,0,0,52,A
3-PA,1670,0,52,0,0,52,T
3-PA,1671,0,51,0,0,51,T
3-PA,1672,0,50,0,0,50,T
3-PA,1673,0,0,0,51,51,C
3-PA,1674,51,0,0,0,51,A
3-PA,1675,51,0,1,0,52,A
3-PA,1676,0,0,52,0,52,G
3-PA,1677,0,0,52,0,52,G
3-PA,1678,0,0,0,52,52,C
3-PA,1679,0,0,0,48,48,C
3-PA,1680,0,0,49,0,49,G
3-PA,1681,51,0,1,0,52,A
3-PA,1682,0,52,0,0,52,T
3-PA,1683,0,0,54,0,54,G
3-PA,1684,0,53,0,0,53,T
3-PA,1685,0,55,0,0,55,T
3-PA,1686,0,0,0,54,54,C
3-PA,1687,0,55,0,0,55,T
3-PA,1688,0,54,0,0,54,T
3-PA,1689,0,0,54,0,54,G
3-PA,1690,0,51,0,0,51,T
3-PA,1691,51,0,0,0,51,A
3-PA,1692,0,49,0,0,49,T
3-PA,1693,0,0,49,0,49,G
3-PA,1694,0,49,0,0,49,T
3-PA,1695,0,0,48,0,48,G
3-PA,1696,49,0,0,0,49,A
3-PA,1697,0,0,50,0,50,G
3-PA,1698,0,0,50,0,50,G
3-PA,1699,48,0,0,0,48,A
3-PA,1700,0,0,0,50,50,C
3-PA,1701,49,0,0,0,49,A
3-PA,1702,48,0,0,0,48,A
3-PA,1703,49,0,0,0,49,A
3-PA,1704,0,0,0,49,49,C
3-PA,1705,0,0,49,0,49,G
3-PA,1706,0,0,50,0,50,G
3-PA,1707,50,0,0,0,50,A
3-PA,1708,50,0,0,0,50,A
3-PA,1709,0,0,0,50,50,C
3-PA,1710,50,0,0,0,50,A
3-PA,1711,0,50,0,0,50,T
3-PA,1712,0,0,0,50,50,C
3-PA,1713,49,0,0,0,49,A
3-PA,1714,50,0,0,0,50,A
3-PA,1715,48,0,0,0,48,A
3-PA,1716,0,0,48,0,48,G
3-PA,1717,0,0,48,0,48,G
3-PA,1718,0,47,0,0,47,T
3-PA,1719,0,0,0,47,47,C
3-PA,1720,47,0,0,0,47,A
3-PA,1721,47,0,0,0,47,A
3-PA,1722,48,0,0,0,48,A
3-PA,1723,47,0,0,0,47,A
3-PA,1724,0,48,0,0,48,T
3-PA,1725,0,0,49,0,49,G
3-PA,1726,49,0,0,0,49,A
3-PA,1727,49,0,0,0,49,A
3-PA,1728,49,0,0,0,49,A
3-PA,1729,0,49,0,0,49,T
3-PA,1730,0,0,51,0,51,G
3-PA,1731,0,0,51,0,51,G
3-PA,1732,0,0,51,0,51,G
3-PA,1733,0,0,52,0,52,G
3-PA,1734,50,0,0,0,50,A
3-PA,1735,51,0,0,0,51,A
3-PA,1736,0,50,0,1,51,T
3-PA,1737,0,0,52,0,52,G
3-PA,1738,0,0,52,0,52,G
3-PA,1739,51,0,0,0,51,A
3-PA,1740,0,0,53,0,53,G
3-PA,1741,53,0,0,0,53,A
3-PA,1742,0,52,0,0,52,T
3-PA,1743,0,0,52,0,52,G
3-PA,1744,51,0,0,0,51,A
3-PA,1745,0,0,51,0,51,G
3-PA,1746,48,0,0,0,48,A
3-PA,1747,0,0,0,50,50,C
3-PA,1748,0,0,50,0,50,G
3-PA,1749,0,50,0,0,50,T
3-PA,1750,0,49,0,1,50,T
3-PA,1751,0,0,50,0,50,G
3-PA,1752,0,0,0,50,50,C
3-PA,1753,0,0,0,50,50,C
3-PA,1754,0,50,0,0,50,T
3-PA,1755,0,0,0,54,54,C
3-PA,1756,0,0,0,54,54,C
3-PA,1757,0,54,0,0,54,T
3-PA,1758,0,53,0,0,53,T
3-PA,1759,0,0,0,53,53,C
3-PA,1760,52,0,0,0,52,A
3-PA,1761,0,0,52,0,52,G
3-PA,1762,0,51,1,0,52,T
3-PA,1763,0,0,0,52,52,C
3-PA,1764,52,0,0,0,52,A
3-PA,1765,0,0,0,60,60,C
3-PA,1766,0,59,0,0,59,T
3-PA,1767,0,0,0,59,59,C
3-PA,1768,0,0,0,58,58,C
3-PA,1769,59,0,0,0,59,A
3-PA,1770,0,0,59,0,59,G
3-PA,1771,0,0,0,59,59,C
3-PA,1772,58,0,0,0,58,A
3-PA,1773,0,0,59,0,59,G
3-PA,1774,55,0,0,0,55,A
3-PA,1775,0,55,0,0,55,T
3-PA,1776,0,0,0,55,55,C
3-PA,1777,0,0,55,0,55,G
3-PA,1778,55,0,0,0,55,A
3-PA,1779,0,0,55,0,55,G
3-PA,1780,55,0,0,0,55,A
3-PA,1781,0,0,56,0,56,G
3-PA,1782,0,0,0,54,54,C
3-PA,1783,54,0,0,0,54,A
3-PA,1784,0,53,0,1,54,T
3-PA,1785,0,0,54,0,54,G
3-PA,1786,54,0,0,0,54,A
3-PA,1787,0,54,0,0,54,T
3-PA,1788,0,54,0,0,54,T
3-PA,1789,0,0,55,0,55,G
3-PA,1790,52,0,0,0,52,A
3-PA,1791,51,0,0,0,51,A
3-PA,1792,0,0,53,0,53,G
3-PA,1793,0,0,0,53,53,C
3-PA,1794,0,0,0,48,48,C
3-PA,1795,0,0,49,0,49,G
3-PA,1796,49,0,0,0,49,A
3-PA,1797,0,0,49,0,49,G
3-PA,1798,0,48,0,0,48,T
3-PA,1799,0,0,0,49,49,C
3-PA,1800,0,0,0,49,49,C
3-PA,1801,0,49,0,0,49,T
3-PA,1802,0,0,0,52,52,C
3-PA,1803,1,0,51,0,52,G
3-PA,1804,0,0,52,0,52,G
3-PA,1805,0,52,0,0,52,T
3-PA,1806,0,0,0,50,50,C
3-PA,1807,55,0,0,0,55,A
3-PA,1808,55,0,0,0,55,A
3-PA,1809,55,0,0,0,55,A
3-PA,1810,0,0,56,0,56,G
3-PA,1811,56,0,0,0,56,A
3-PA,1812,0,0,56,0,56,G
3-PA,1813,53,0,0,0,53,A
3-PA,1814,53,0,0,0,53,A
3-PA,1815,53,0,0,0,53,A
3-PA,1816,0,0,53,0,53,G
3-PA,1817,53,0,0,0,53,A
3-PA,1818,0,0,0,53,53,C
3-PA,1819,53,0,0,0,53,A
3-PA,1820,0,53,0,0,53,T
3-PA,1821,0,1,52,0,53,G
3-PA,1822,53,0,0,0,53,A
3-PA,1823,0,0,0,54,54,C
3-PA,1824,0,0,0,54,54,C
3-PA,1825,53,0,0,0,53,A
3-PA,1826,52,0,1,0,53,A
3-PA,1827,53,0,0,0,53,A
3-PA,1828,0,0,53,0,53,G
3-PA,1829,53,0,0,0,53,A
3-PA,1830,0,0,53,0,53,G
3-PA,1831,0,52,0,0,52,T
3-PA,1832,0,53,0,0,53,T
3-PA,1833,0,52,0,0,52,T
3-PA,1834,0,53,0,0,53,T
3-PA,1835,0,53,0,0,53,T
3-PA,1836,0,53,0,0,53,T
3-PA,1837,0,0,54,0,54,G
3-PA,1838,54,0,0,0,54,A
3-PA,1839,0,0,54,0,54,G
3-PA,1840,55,0,0,0,55,A
3-PA,1841,55,0,0,0,55,A
3-PA,1842,0,55,0,0,55,T
3-PA,1843,55,0,0,0,55,A
3-PA,1844,54,0,0,0,54,A
3-PA,1845,0,0,54,0,54,G
3-PA,1846,0,55,0,0,55,T
3-PA,1847,0,0,0,55,55,C
3-PA,1848,56,0,0,0,56,A
3-PA,1849,0,0,56,0,56,G
3-PA,1850,56,0,0,0,56,A
3-PA,1851,56,0,0,0,56,A
3-PA,1852,0,0,59,0,59,G
3-PA,1853,0,0,0,57,57,C
3-PA,1854,56,0,0,0,56,A
3-PA,1855,1,52,0,0,53,T
3-PA,1856,0,0,55,0,55,G
3-PA,1857,0,0,55,0,55,G
3-PA,1858,0,0,0,55,55,C
3-PA,1859,1,0,0,54,55,C
3-PA,1860,0,0,0,56,56,C
3-PA,1861,56,0,0,0,56,A
3-PA,1862,0,56,0,0,56,T
3-PA,1863,0,56,0,0,56,T
3-PA,1864,0,0,58,0,58,G
3-PA,1865,0,1,56,0,57,G
3-PA,1866,0,0,57,0,57,G
3-PA,1867,0,0,58,0,58,G
3-PA,1868,57,0,0,0,57,A
3-PA,1869,0,0,57,0,57,G
3-PA,1870,0,55,0,0,55,T
3-PA,1871,0,0,0,55,55,C
3-PA,1872,0,0,0,63,63,C
3-PA,1873,0,0,0,62,62,C
3-PA,1874,0,0,0,62,62,C
3-PA,1875,0,0,0,61,61,C
3-PA,1876,61,0,0,0,61,A
3-PA,1877,61,0,0,0,61,A
3-PA,1878,0,0,63,0,63,G
3-PA,1879,0,0,63,0,63,G
3-PA,1880,0,0,62,0,62,G
3-PA,1881,59,0,0,0,59,A
3-PA,1882,0,0,59,0,59,G
3-PA,1883,0,58,0,0,58,T
3-PA,1884,0,0,58,0,58,G
3-PA,1885,0,0,58,0,58,G
3-PA,1886,58,0,0,0,58,A
3-PA,1887,58,0,0,0,58,A
3-PA,1888,0,0,58,0,58,G
3-PA,1889,58,0,0,0,58,A
3-PA,1890,58,0,0,0,58,A
3-PA,1891,0,0,56,0,56,G
3-PA,1892,0,0,56,0,56,G
3-PA,1893,0,54,0,0,54,T
3-PA,1894,0,54,0,0,54,T
3-PA,1895,0,0,0,56,56,C
3-PA,1896,0,0,0,56,56,C
3-PA,1897,56,0,0,0,56,A
3-PA,1898,0,56,0,0,56,T
3-PA,1899,0,55,0,0,55,T
3-PA,1900,0,0,55,0,55,G
3-PA,1901,0,0,55,0,55,G
3-PA,1902,0,0,55,0,55,G
3-PA,1903,55,0,0,0,55,A
3-PA,1904,54,0,0,0,54,A
3-PA,1905,55,0,0,0,55,A
3-PA,1906,0,0,56,0,56,G
3-PA,1907,0,56,0,0,56,T
3-PA,1908,0,0,0,58,58,C
3-PA,1909,0,57,0,0,57,T
3-PA,1910,0,0,57,0,57,G
3-PA,1911,0,57,0,0,57,T
3-PA,1912,57,0,0,0,57,A
3-PA,1913,0,0,58,0,58,G
3-PA,1914,0,0,58,0,58,G
3-PA,1915,58,0,0,0,58,A
3-PA,1916,0,0,0,59,59,C
3-PA,1917,0,58,0,0,58,T
3-PA,1918,0,0,0,61,61,C
3-PA,1919,0,60,0,0,60,T
3-PA,1920,60,0,0,0,60,A
3-PA,1921,0,60,0,0,60,T
3-PA,1922,0,59,0,0,59,T
3-PA,1923,0,0,60,0,60,G
3-PA,1924,0,0,60,0,60,G
3-PA,1925,0,0,0,60,60,C
3-PA,1926,0,60,0,0,60,T
3-PA,1927,57,0,0,0,57,A
3-PA,1928,57,0,0,0,57,A
3-PA,1929,0,0,57,0,57,G
3-PA,1930,0,57,0,0,57,T
3-PA,1931,0,0,0,57,57,C
3-PA,1932,55,0,0,0,55,A
3-PA,1933,0,0,56,0,56,G
3-PA,1934,0,56,0,0,56,T
3-PA,1935,57,0,0,0,57,A
3-PA,1936,0,56,0,0,56,T
3-PA,1937,0,58,0,0,58,T
3-PA,1938,0,0,0,57,57,C
3-PA,1939,57,0,0,0,57,A
3-PA,1940,57,0,0,0,57,A
3-PA,1941,0,57,0,0,57,T
3-PA,1942,55,0,0,0,55,A
3-PA,1943,0,0,56,0,56,G
3-PA,1944,0,0,0,57,57,C
3-PA,1945,0,0,0,57,57,C
3-PA,1946,0,53,0,0,53,T
3-PA,1947,0,0,53,0,53,G
3-PA,1948,0,53,0,0,53,T
3-PA,1949,52,0,0,0,52,A
3-PA,1950,0,53,0,0,53,T
3-PA,1951,0,0,53,0,53,G
3-PA,1952,0,0,0,52,52,C
3-PA,1953,51,0,0,0,51,A
3-PA,1954,0,49,0,0,49,T
3-PA,1955,0,0,0,48,48,C
3-PA,1956,43,0,0,0,43,A
3-PA,1957,0,0,0,43,43,C
3-PA,1958,0,0,0,44,44,C
3-PA,1959,44,0,0,0,44,A
3-PA,1960,0,0,0,44,44,C
3-PA,1961,43,0,0,0,43,A
3-PA,1962,43,0,0,0,43,A
3-PA,1963,0,43,0,0,43,T
3-PA,1964,0,43,0,0,43,T
3-PA,1965,0,0,43,0,43,G
3-PA,1966,0,0,43,0,43,G
3-PA,1967,43,0,0,0,43,A
3-PA,1968,43,0,0,0,43,A
3-PA,1969,0,0,43,0,43,G
3-PA,1970,0,0,43,0,43,G
3-PA,1971,41,0,0,0,41,A
3-PA,1972,0,36,0,0,36,T
3-PA,1973,0,36,0,0,36,T
3-PA,1974,0,36,0,0,36,T
3-PA,1975,0,35,0,0,35,T
3-PA,1976,0,0,0,36,36,C
3-PA,1977,36,0,0,0,36,A
3-PA,1978,0,0,36,0,36,G
3-PA,1979,0,0,0,36,36,C
3-PA,1980,0,0,36,0,36,G
3-PA,1981,0,0,36,0,36,G
3-PA,1982,36,0,0,0,36,A
3-PA,1983,0,0,36,0,36,G
3-PA,1984,0,35,0,0,35,T
3-PA,1985,0,0,0,36,36,C
3-PA,1986,36,0,0,0,36,A
3-PA,1987,36,0,0,0,36,A
3-PA,1988,0,0,36,0,36,G
3-PA,1989,36,0,0,0,36,A
3-PA,1990,36,0,0,0,36,A
3-PA,1991,35,0,0,0,35,A
3-PA,1992,36,0,0,0,36,A
3-PA,1993,0,0,0,36,36,C
3-PA,1994,0,36,0,0,36,T
3-PA,1995,0,0,36,0,36,G
3-PA,1996,0,0,0,36,36,C
3-PA,1997,0,35,0,0,35,T
3-PA,1998,0,0,0,36,36,C
3-PA,1999,0,0,0,36,36,C
3-PA,2000,0,35,0,0,35,T
3-PA,2001,0,35,0,0,35,T
3-PA,2002,0,0,35,0,35,G
3-PA,2003,0,35,0,0,35,T
3-PA,2004,0,34,0,0,34,T
3-PA,2005,0,0,36,0,36,G
3-PA,2006,0,36,0,0,36,T
3-PA,2007,0,36,0,0,36,T
3-PA,2008,0,0,0,36,36,C
3-PA,2009,36,0,0,0,36,A
3-PA,2010,0,0,39,0,39,G
3-PA,2011,0,0,39,0,39,G
3-PA,2012,0,0,0,39,39,C
3-PA,2013,0,38,0,0,38,T
3-PA,2014,0,0,0,42,42,C
3-PA,2015,0,43,0,0,43,T
3-PA,2016,0,43,0,0,43,T
3-PA,2017,43,0,0,0,43,A
3-PA,2018,0,0,43,0,43,G
3-PA,2019,0,0,43,0,43,G
3-PA,2020,0,0,43,0,43,G
3-PA,2021,42,1,0,0,43,A
3-PA,2022,0,0,0,43,43,C
3-PA,2023,41,0,0,0,41,A
3-PA,2024,41,0,0,0,41,A
3-PA,2025,0,0,0,41,41,C
3-PA,2026,0,0,0,40,40,C
3-PA,2027,0,40,0,0,40,T
3-PA,2028,0,0,0,40,40,C
3-PA,2029,0,0,40,0,40,G
3-PA,2030,40,0,0,0,40,A
3-PA,2031,41,0,0,0,41,A
3-PA,2032,0,0,0,42,42,C
3-PA,2033,0,0,0,42,42,C
3-PA,2034,0,42,0,0,42,T
3-PA,2035,0,0,42,0,42,G
3-PA,2036,0,0,43,0,43,G
3-PA,2037,0,0,43,0,43,G
3-PA,2038,42,0,0,0,42,A
3-PA,2039,0,0,0,42,42,C
3-PA,2040,0,0,0,41,41,C
3-PA,2041,0,40,0,0,40,T
3-PA,2042,0,41,0,0,41,T
3-PA,2043,0,41,0,0,41,T
3-PA,2044,0,0,41,0,41,G
3-PA,2045,42,0,0,0,42,A
3-PA,2046,0,42,0,0,42,T
3-PA,2047,0,0,0,43,43,C
3-PA,2048,0,44,0,0,44,T
3-PA,2049,0,43,0,0,43,T
3-PA,2050,0,0,43,0,43,G
3-PA,2051,0,0,43,0,43,G
3-PA,2052,0,1,42,0,43,G
3-PA,2053,0,0,44,0,44,G
3-PA,2054,0,0,43,0,43,G
3-PA,2055,0,0,44,0,44,G
3-PA,2056,0,0,0,44,44,C
3-PA,2057,0,44,0,0,44,T
3-PA,2058,44,0,0,0,44,A
3-PA,2059,0,44,0,0,44,T
3-PA,2060,45,0,0,0,45,A
3-PA,2061,0,45,0,0,45,T
3-PA,2062,0,0,42,0,42,G
3-PA,2063,43,0,0,0,43,A
3-PA,2064,41,0,0,0,41,A
3-PA,2065,0,0,41,0,41,G
3-PA,2066,0,0,0,42,42,C
3-PA,2067,39,0,0,0,39,A
3-PA,2068,41,0,0,0,41,A
3-PA,2069,0,41,0,0,41,T
3-PA,2070,0,41,0,0,41,T
3-PA,2071,0,0,41,0,41,G
3-PA,2072,39,0,0,0,39,A
3-PA,2073,0,0,39,0,39,G
3-PA,2074,0,0,39,0,39,G
3-PA,2075,38,0,0,0,38,A
3-PA,2076,0,0,39,0,39,G
3-PA,2077,0,34,0,0,34,T
3-PA,2078,0,0,35,0,35,G
3-PA,2079,0,0,0,35,35,C
3-PA,2080,0,0,0,34,34,C
3-PA,2081,0,34,0,0,34,T
3-PA,2082,0,0,34,0,34,G
3-PA,2083,34,0,0,0,34,A
3-PA,2084,0,34,0,0,34,T
3-PA,2085,0,34,0,0,34,T
3-PA,2086,33,0,0,0,33,A
3-PA,2087,33,0,0,0,33,A
3-PA,2088,0,33,0,0,33,T
3-PA,2089,0,0,33,0,33,G
3-PA,2090,33,0,0,0,33,A
3-PA,2091,0,32,0,1,33,T
3-PA,2092,0,0,0,34,34,C
3-PA,2093,0,0,0,33,33,C
3-PA,2094,0,0,0,33,33,C
3-PA,2095,0,31,0,0,31,T
3-PA,2096,0,0,32,0,32,G
3-PA,2097,0,0,31,0,31,G
3-PA,2098,0,0,32,0,32,G
3-PA,2099,0,30,0,0,30,T
3-PA,2100,0,30,0,0,30,T
3-PA,2101,0,30,0,0,30,T
3-PA,2102,0,30,0,0,30,T
3-PA,2103,0,0,30,0,30,G
3-PA,2104,0,0,0,30,30,C
3-PA,2105,0,29,0,0,29,T
3-PA,2106,0,0,0,28,28,C
3-PA,2107,25,0,0,0,25,A
3-PA,2108,25,0,0,0,25,A
3-PA,2109,0,25,0,0,25,T
3-PA,2110,0,0,25,0,25,G
3-PA,2111,0,0,0,24,24,C
3-PA,2112,0,0,24,0,24,G
3-PA,2113,0,24,0,0,24,T
3-PA,2114,0,0,0,24,24,C
3-PA,2115,0,24,0,0,24,T
3-PA,2116,0,24,0,0,24,T
3-PA,2117,0,0,23,0,23,G
3-PA,2118,0,0,23,0,23,G
3-PA,2119,0,23,0,0,23,T
3-PA,2120,0,22,0,0,22,T
3-PA,2121,0,0,0,21,21,C
3-PA,2122,20,0,0,0,20,A
3-PA,2123,20,0,0,0,20,A
3-PA,2124,0,0,0,19,19,C
3-PA,2125,0,20,0,0,20,T
3-PA,2126,0,0,0,21,21,C
3-PA,2127,0,0,0,20,20,C
3-PA,2128,0,20,0,0,20,T
3-PA,2129,0,19,0,0,19,T
3-PA,2130,0,0,0,20,20,C
3-PA,2131,0,0,0,20,20,C
3-PA,2132,0,18,0,0,18,T
3-PA,2133,0,0,18,0,18,G
3-PA,2134,18,0,0,0,18,A
3-PA,2135,0,0,0,16,16,C
3-PA,2136,16,0,0,0,16,A
3-PA,2137,0,0,0,14,14,C
3-PA,2138,14,0,0,0,14,A
3-PA,2139,0,14,0,0,14,T
3-PA,2140,0,0,14,0,14,G
3-PA,2141,0,0,0,14,14,C
3-PA,2142,14,0,0,0,14,A
3-PA,2143,0,14,0,0,14,T
3-PA,2144,0,14,0,0,14,T
3-PA,2145,13,0,0,0,13,A
3-PA,2146,13,0,0,0,13,A
3-PA,2147,13,0,0,0,13,A
3-PA,2148,13,0,0,0,13,A
3-PA,2149,0,13,0,0,13,T
3-PA,2150,11,0,0,0,11,A
3-PA,2151,0,0,11,0,11,G
4-HA,1,92,0,0,0,92,A
4-HA,2,0,95,0,0,95,T
4-HA,3,0,0,99,0,99,G
4-HA,4,99,0,0,0,99,A
4-HA,5,98,0,0,0,98,A
4-HA,6,1,0,102,0,103,G
4-HA,7,103,0,0,0,103,A
4-HA,8,0,0,0,118,118,C
4-HA,9,0,116,0,1,117,T
4-HA,10,121,0,0,0,121,A
4-HA,11,0,130,0,0,130,T
4-HA,12,0,0,0,131,131,C
4-HA,13,130,0,0,0,130,A
4-HA,14,0,131,0,0,131,T
4-HA,15,0,134,0,0,134,T
4-HA,16,0,0,149,0,149,G
4-HA,17,0,0,0,150,150,C
4-HA,18,0,150,0,0,150,T
4-HA,19,0,150,0,0,150,T
4-HA,20,0,150,0,0,150,T
4-HA,21,0,0,167,0,167,G
4-HA,22,166,0,0,0,166,A
4-HA,23,0,0,172,0,172,G
4-HA,24,0,0,0,173,173,C
4-HA,25,0,173,0,0,173,T
4-HA,26,183,0,1,0,184,A
4-HA,27,0,0,0,186,186,C
4-HA,28,190,0,0,0,190,A
4-HA,29,0,206,0,0,206,T
4-HA,30,0,205,0,0,205,T
4-HA,31,0,0,0,207,207,C
4-HA,32,0,205,0,0,205,T
4-HA,33,206,0,0,0,206,A
4-HA,34,0,204,0,0,204,T
4-HA,35,0,0,208,0,208,G
4-HA,36,0,203,0,3,206,T
4-HA,37,0,0,0,203,203,C
4-HA,38,0,200,0,1,201,T
4-HA,39,1,0,200,0,201,G
4-HA,40,0,0,200,0,200,G
4-HA,41,0,200,0,0,200,T
4-HA,42,0,197,0,0,197,T
4-HA,43,0,200,0,0,200,T
4-HA,44,0,199,0,0,199,T
4-HA,45,0,107,0,89,196,T
4-HA,46,0,0,198,0,198,G
4-HA,47,0,0,0,203,203,C
4-HA,48,0,202,0,1,203,T
4-HA,49,0,0,0,206,206,C
4-HA,50,204,1,0,0,205,A
4-HA,51,208,0,0,0,208,A
4-HA,52,207,1,0,0,208,A
4-HA,53,208,0,0,0,208,A
4-HA,54,206,0,0,0,206,A
4-HA,55,0,0,0,210,210,C
4-HA,56,0,207,0,0,207,T
4-HA,57,0,209,0,0,209,T
4-HA,58,0,0,0,210,210,C
4-HA,59,0,0,0,211,211,C
4-HA,60,0,211,0,0,211,T
4-HA,61,1,0,214,0,215,G
4-HA,62,1,1,213,0,215,G
4-HA,63,216,0,0,0,216,A
4-HA,64,219,0,0,0,219,A
4-HA,65,220,0,0,0,220,A
4-HA,66,0,222,0,0,222,T
4-HA,67,0,0,223,0,223,G
4-HA,68,221,0,0,0,221,A
4-HA,69,0,0,0,227,227,C
4-HA,70,226,0,2,0,228,A
4-HA,71,227,0,0,0,227,A
4-HA,72,0,0,0,231,231,C
4-HA,73,231,0,0,0,231,A
4-HA,74,0,0,235,0,235,G
4-HA,75,0,1,0,233,234,C
4-HA,76,234,0,1,0,235,A
4-HA,77,0,0,0,242,242,C
4-HA,78,0,0,239,0,239,G
4-HA,79,0,0,243,0,243,G
4-HA,80,0,0,0,245,245,C
4-HA,81,240,0,1,0,241,A
4-HA,82,243,0,0,0,243,A
4-HA,83,0,0,0,246,246,C
4-HA,84,0,0,248,0,248,G
4-HA,85,0,0,0,249,249,C
4-HA,86,0,243,0,0,243,T
4-HA,87,0,0,247,0,247,G
4-HA,88,0,246,0,0,246,T
4-HA,89,0,0,257,0,257,G
4-HA,90,0,0,0,257,257,C
4-HA,91,0,0,0,265,265,C
4-HA,92,0,261,0,1,262,T
4-HA,93,0,261,0,0,261,T
4-HA,94,0,0,265,0,265,G
4-HA,95,0,0,269,0,269,G
4-HA,96,0,0,270,0,270,G
4-HA,97,0,0,0,271,271,C
4-HA,98,265,0,1,0,266,A
4-HA,99,0,1,0,269,270,C
4-HA,100,0,0,0,263,263,C
4-HA,101,302,0,0,0,302,A
4-HA,102,0,303,0,0,303,T
4-HA,103,0,0,306,0,306,G
4-HA,104,0,0,0,307,307,C
4-HA,105,299,0,0,0,299,A
4-HA,106,0,0,329,0,329,G
4-HA,107,0,330,0,0,330,T
4-HA,108,332,0,1,0,333,A
4-HA,109,0,0,0,332,332,C
4-HA,110,0,0,0,319,319,C
4-HA,111,320,0,0,0,320,A
4-HA,112,320,0,0,0,320,A
4-HA,113,320,0,0,0,320,A
4-HA,114,0,0,0,321,321,C
4-HA,115,0,1,309,0,310,G
4-HA,116,0,0,317,0,317,G
4-HA,117,316,0,0,0,316,A
4-HA,118,316,0,0,0,316,A
4-HA,119,1,0,0,315,316,C
4-HA,120,308,0,1,0,309,A
4-HA,121,321,0,0,0,321,A
4-HA,122,0,320,0,0,320,T
4-HA,123,330,1,0,0,331,A
4-HA,124,1,0,330,0,331,G
4-HA,125,1,323,0,0,324,T
4-HA,126,0,0,325,0,325,G
4-HA,127,324,0,0,0,324,A
4-HA,128,323,0,0,0,323,A
4-HA,129,323,0,0,0,323,A
4-HA,130,322,0,0,0,322,A
4-HA,131,0,0,0,324,324,C
4-HA,132,322,0,0,0,322,A
4-HA,133,322,0,0,0,322,A
4-HA,134,0,322,0,0,322,T
4-HA,135,0,0,0,321,321,C
4-HA,136,322,0,0,0,322,A
4-HA,137,0,0,0,321,321,C
4-HA,138,0,0,322,0,322,G
4-HA,139,322,0,0,0,322,A
4-HA,140,320,0,0,0,320,A
4-HA,141,0,317,0,0,317,T
4-HA,142,0,0,317,0,317,G
4-HA,143,320,0,0,0,320,A
4-HA,144,0,0,0,321,321,C
4-HA,145,0,0,0,322,322,C
4-HA,146,329,0,0,0,329,A
4-HA,147,330,0,0,0,330,A
4-HA,148,331,0,0,0,331,A
4-HA,149,0,330,0,0,330,T
4-HA,150,0,330,0,0,330,T
4-HA,151,0,0,335,0,335,G
4-HA,152,333,0,1,0,334,A
4-HA,153,332,0,1,0,333,A
4-HA,154,0,1,336,0,337,G
4-HA,155,0,334,0,0,334,T
4-HA,156,0,348,0,0,348,T
4-HA,157,353,0,0,0,353,A
4-HA,158,0,0,0,355,355,C
4-HA,159,0,356,0,0,356,T
4-HA,160,354,0,0,0,354,A
4-HA,161,360,0,1,0,361,A
4-HA,162,0,362,0,2,364,T
4-HA,163,0,0,365,0,365,G
4-HA,164,0,0,0,385,385,C
4-HA,165,1,377,0,1,379,T
4-HA,166,377,0,1,0,378,A
4-HA,167,0,0,0,377,377,C
4-HA,168,0,379,0,0,379,T
4-HA,169,0,0,386,0,386,G
4-HA,170,381,0,0,0,381,A
4-HA,171,0,0,384,0,384,G
4-HA,172,0,0,0,383,383,C
4-HA,173,0,372,0,0,372,T
4-HA,174,0,0,384,0,384,G
4-HA,175,0,0,391,0,391,G
4-HA,176,0,391,0,0,391,T
4-HA,177,0,391,0,0,391,T
4-HA,178,1,0,0,389,390,C
4-HA,179,387,0,0,0,387,A
4-HA,180,0,1,391,0,392,G
4-HA,181,391,0,2,0,393,A
4-HA,182,0,0,402,0,402,G
4-HA,183,0,389,0,1,390,T
4-HA,184,0,384,0,0,384,T
4-HA,185,1,1,0,384,386,C
4-HA,186,0,0,0,385,385,C
4-HA,187,0,383,0,0,383,T
4-HA,188,0,0,0,387,387,C
4-HA,189,382,0,1,0,383,A
4-HA,190,387,0,1,0,388,A
4-HA,191,0,0,0,389,389,C
4-HA,192,376,0,3,1,380,A
4-HA,193,0,0,389,0,389,G
4-HA,194,0,0,387,0,387,G
4-HA,195,0,386,0,0,386,T
4-HA,196,0,0,386,0,386,G
4-HA,197,383,0,1,0,384,A
4-HA,198,385,0,1,0,386,A
4-HA,199,402,0,0,0,402,A
4-HA,200,0,398,0,0,398,T
4-HA,201,400,0,0,0,400,A
4-HA,202,0,395,0,0,395,T
4-HA,203,0,0,392,0,392,G
4-HA,204,0,0,0,396,396,C
4-HA,205,0,0,394,0,394,G
4-HA,206,397,0,0,0,397,A
4-HA,207,1,0,0,396,397,C
4-HA,208,388,0,0,0,388,A
4-HA,209,0,0,411,0,411,G
4-HA,210,0,408,0,0,408,T
4-HA,211,0,0,0,405,405,C
4-HA,212,0,0,0,408,408,C
4-HA,213,0,404,0,1,405,T
4-HA,214,0,0,0,414,414,C
4-HA,215,414,0,0,0,414,A
4-HA,216,0,415,0,0,415,T
4-HA,217,0,0,1,412,413,C
4-HA,218,389,0,0,0,389,A
4-HA,219,0,0,391,0,391,G
4-HA,220,382,0,1,0,383,A
4-HA,221,0,381,0,0,381,T
4-HA,222,0,0,0,387,387,C
4-HA,223,0,0,0,381,381,C
4-HA,224,0,384,0,0,384,T
4-HA,225,0,382,0,0,382,T
4-HA,226,0,0,384,0,384,G
4-HA,227,385,0,0,0,385,A
4-HA,228,0,380,0,0,380,T
4-HA,229,0,0,383,0,383,G
4-HA,230,0,0,382,0,382,G
4-HA,231,378,0,0,0,378,A
4-HA,232,0,0,378,0,378,G
4-HA,233,371,0,0,0,371,A
4-HA,234,0,1,369,0,370,G
4-HA,235,379,0,0,0,379,A
4-HA,236,381,0,1,0,382,A
4-HA,237,0,0,0,389,389,C
4-HA,238,0,378,0,0,378,T
4-HA,239,0,0,385,0,385,G
4-HA,240,0,0,0,383,383,C
4-HA,241,382,0,2,0,384,A
4-HA,242,0,0,0,398,398,C
4-HA,243,391,0,2,0,393,A
4-HA,244,0,0,0,427,427,C
4-HA,245,0,428,0,0,428,T
4-HA,246,423,0,0,0,423,A
4-HA,247,422,0,1,0,423,A
4-HA,248,0,421,0,0,421,T
4-HA,249,420,0,0,0,420,A
4-HA,250,0,0,422,0,422,G
4-HA,251,406,0,1,0,407,A
4-HA,252,0,396,0,0,396,T
4-HA,253,0,0,381,0,381,G
4-HA,254,1,0,0,382,383,C
4-HA,255,1,0,379,0,380,G
4-HA,256,0,0,0,402,402,C
4-HA,257,0,404,0,0,404,T
4-HA,258,423,0,0,0,423,A
4-HA,259,0,424,0,1,425,T
4-HA,260,0,425,0,3,428,T
4-HA,261,0,0,442,0,442,G
4-HA,262,0,0,441,0,441,G
4-HA,263,1,2,442,0,445,G
4-HA,264,439,1,1,0,441,A
4-HA,265,0,0,438,0,438,G
4-HA,266,439,0,0,0,439,A
4-HA,267,0,0,0,537,537,C
4-HA,268,1,0,0,552,553,C
4-HA,269,0,0,0,561,561,C
4-HA,270,0,560,0,0,560,T
4-HA,271,0,0,0,572,572,C
4-HA,272,570,0,0,0,570,A
4-HA,273,400,1,219,0,620,A
4-HA,274,0,633,0,0,633,T
4-HA,275,0,0,642,0,642,G
4-HA,276,0,640,0,1,641,T
4-HA,277,0,0,642,0,642,G
4-HA,278,642,0,0,0,642,A
4-HA,279,0,641,0,0,641,T
4-HA,280,0,2,637,0,639,G
4-HA,281,0,0,640,0,640,G
4-HA,282,0,0,0,640,640,C
4-HA,283,0,642,0,1,643,T
4-HA,284,1,638,0,1,640,T
4-HA,285,0,0,0,640,640,C
4-HA,286,1,1,0,640,642,C
4-HA,287,643,0,0,0,643,A
4-HA,288,647,0,0,0,647,A
4-HA,289,649,0,0,0,649,A
4-HA,290,654,0,0,0,654,A
4-HA,291,0,661,0,0,661,T
4-HA,292,659,0,0,0,659,A
4-HA,293,661,0,0,0,661,A
4-HA,294,0,0,670,0,670,G
4-HA,295,679,0,2,0,681,A
4-HA,296,688,0,0,0,688,A
4-HA,297,690,0,1,0,691,A
4-HA,298,0,689,0,0,689,T
4-HA,299,1,1,686,0,688,G
4-HA,300,0,0,695,0,695,G
4-HA,301,0,0,694,0,694,G
4-HA,302,690,0,1,0,691,A
4-HA,303,0,0,0,706,706,C
4-HA,304,0,0,0,701,701,C
4-HA,305,0,715,0,2,717,T
4-HA,306,0,721,0,1,722,T
4-HA,307,1,720,0,0,721,T
4-HA,308,0,733,0,0,733,T
4-HA,309,0,729,0,0,729,T
4-HA,310,0,0,738,0,738,G
4-HA,311,0,732,0,8,740,T
4-HA,312,0,735,0,0,735,T
4-HA,313,0,0,739,0,739,G
4-HA,314,723,0,1,0,724,A
4-HA,315,728,0,0,0,728,A
4-HA,316,0,0,0,730,730,C
4-HA,317,0,0,730,0,730,G
4-HA,318,0,0,0,758,758,C
4-HA,319,756,0,1,0,757,A
4-HA,320,0,0,767,0,767,G
4-HA,321,0,0,0,770,770,C
4-HA,322,770,0,0,0,770,A
4-HA,323,769,1,0,0,770,A
4-HA,324,773,0,0,0,773,A
4-HA,325,0,0,833,0,833,G
4-HA,326,0,1,0,834,835,C
4-HA,327,0,1,0,828,829,C
4-HA,328,0,827,0,0,827,T
4-HA,329,829,0,0,0,829,A
4-HA,330,0,0,0,851,851,C
4-HA,331,846,0,3,0,849,A
4-HA,332,3,0,849,0,852,G
4-HA,333,1,1,0,840,842,C
4-HA,334,826,0,0,0,826,A
4-HA,335,833,0,0,0,833,A
4-HA,336,0,1,0,884,885,C
4-HA,337,0,887,0,0,887,T
4-HA,338,0,0,889,0,889,G
4-HA,339,0,889,0,0,889,T
4-HA,340,0,888,0,0,888,T
4-HA,341,890,0,2,0,892,A
4-HA,342,1,0,0,996,997,C
4-HA,343,0,0,0,1010,1010,C
4-HA,344,1,0,0,1047,1048,C
4-HA,345,0,1008,0,1,1009,T
4-HA,346,0,1009,0,0,1009,T
4-HA,347,1010,1,0,0,1011,A
4-HA,348,0,1016,0,0,1016,T
4-HA,349,1,1,1009,1,1012,G
4-HA,350,1011,0,1,0,1012,A
4-HA,351,0,943,0,1,944,T
4-HA,352,0,0,971,0,971,G
4-HA,353,1,942,0,0,943,T
4-HA,354,0,0,950,0,950,G
4-HA,355,0,1,0,950,951,C
4-HA,356,0,0,0,950,950,C
4-HA,357,0,0,978,0,978,G
4-HA,358,0,0,1003,0,1003,G
4-HA,359,1007,0,0,0,1007,A
4-HA,360,0,1008,0,0,1008,T
4-HA,361,0,1000,0,0,1000,T
4-HA,362,1027,0,0,0,1027,A
4-HA,363,0,1023,0,1,1024,T
4-HA,364,0,0,1034,0,1034,G
4-HA,365,0,1,1,1034,1036,C
4-HA,366,0,19,0,1008,1027,C
4-HA,367,1,1047,0,0,1048,T
4-HA,368,1,0,0,1128,1129,C
4-HA,369,1,0,0,1158,1159,C
4-HA,370,2,2,0,1158,1162,C
4-HA,371,0,1156,0,1,1157,T
4-HA,372,0,1160,0,0,1160,T
4-HA,373,1153,0,2,0,1155,A
4-HA,374,0,0,1190,0,1190,G
4-HA,375,0,1,1189,0,1190,G
4-HA,376,0,1165,0,0,1165,T
4-HA,377,2,0,0,1155,1157,C
4-HA,378,1138,0,2,0,1140,A
4-HA,379,0,0,0,1193,1193,C
4-HA,380,0,1191,0,1,1192,T
4-HA,381,1185,0,2,0,1187,A
4-HA,382,0,0,1188,1,1189,G
4-HA,383,0,1170,0,0,1170,T
4-HA,384,0,1167,0,0,1167,T
4-HA,385,0,0,1189,0,1189,G
4-HA,386,0,0,0,1186,1186,C
4-HA,387,0,0,0,1183,1183,C
4-HA,388,0,1164,0,0,1164,T
4-HA,389,2,0,0,1179,1181,C
4-HA,390,1223,0,0,0,1223,A
4-HA,391,0,1223,0,1,1224,T
4-HA,392,0,0,0,1230,1230,C
4-HA,393,0,0,0,1229,1229,C
4-HA,394,1,1,1222,0,1224,G
4-HA,395,2,1,1236,0,1239,G
4-HA,396,0,0,0,1234,1234,C
4-HA,397,1245,0,2,0,1247,A
4-HA,398,0,1,0,1266,1267,C
4-HA,399,1239,0,1,0,1240,A
4-HA,400,0,0,0,1253,1253,C
4-HA,401,0,1245,0,2,1247,T
4-HA,402,1,1,1259,1,1262,G
4-HA,403,0,0,1276,0,1276,G
4-HA,404,1268,0,1,0,1269,A
4-HA,405,0,0,1300,0,1300,G
4-HA,406,0,1290,0,0,1290,T
4-HA,407,0,1284,0,0,1284,T
4-HA,408,0,1279,0,8,1287,T
4-HA,409,1283,0,0,0,1283,A
4-HA,410,1287,0,1,0,1288,A
4-HA,411,0,0,1,1295,1296,C
4-HA,412,1267,0,1,0,1268,A
4-HA,413,1268,0,1,0,1269,A
4-HA,414,0,1265,0,1,1266,T
4-HA,415,0,0,1263,1,1264,G
4-HA,416,1260,0,2,0,1262,A
4-HA,417,1259,0,2,0,1261,A
4-HA,418,1258,0,0,0,1258,A
4-HA,419,0,0,1267,0,1267,G
4-HA,420,1,0,0,1268,1269,C
4-HA,421,0,1263,0,1,1264,T
4-HA,422,1,1259,0,0,1260,T
4-HA,423,1,0,1,1282,1284,C
4-HA,424,1284,0,0,0,1284,A
4-HA,425,1281,0,0,0,1281,A
4-HA,426,0,1285,0,0,1285,T
4-HA,427,0,1280,0,1,1281,T
4-HA,428,0,1,1313,0,1314,G
4-HA,429,1,0,1326,1,1328,G
4-HA,430,1333,0,0,0,1333,A
4-HA,431,0,0,0,1337,1337,C
4-HA,432,0,1317,0,1,1318,T
4-HA,433,0,0,1322,0,1322,G
4-HA,434,0,2,1322,0,1324,G
4-HA,435,1325,0,0,0,1325,A
4-HA,436,0,0,1333,0,1333,G
4-HA,437,0,1298,0,1,1299,T
4-HA,438,1,2,0,1277,1280,C
4-HA,439,1299,0,0,0,1299,A
4-HA,440,0,0,0,1305,1305,C
4-HA,441,1,1296,0,0,1297,T
4-HA,442,3,0,1,1303,1307,C
4-HA,443,1295,0,1,0,1296,A
4-HA,444,1310,1,0,0,1311,A
4-HA,445,1305,0,3,0,1308,A
4-HA,446,1308,0,0,0,1308,A
4-HA,447,0,0,0,1314,1314,C
4-HA,448,0,0,1304,0,1304,G
4-HA,449,0,0,1333,0,1333,G
4-HA,450,1333,2,0,0,1335,A
4-HA,451,1328,1,0,0,1329,A
4-HA,452,0,0,1,1331,1332,C
4-HA,453,1322,0,2,1,1325,A
4-HA,454,1342,0,0,0,1342,A
4-HA,455,0,0,1349,0,1349,G
4-HA,456,0,0,0,1348,1348,C
4-HA,457,0,1336,1,1,1338,T
4-HA,458,0,0,0,1342,1342,C
4-HA,459,0,1333,0,0,1333,T
4-HA,460,0,1,1344,0,1345,G
4-HA,461,0,1,0,1340,1341,C
4-HA,462,0,1344,0,1,1345,T
4-HA,463,0,1363,0,3,1366,T
4-HA,464,1,0,1396,0,1397,G
4-HA,465,1,1,1,1400,1403,C
4-HA,466,1402,0,0,0,1402,A
4-HA,467,0,1386,0,0,1386,T
4-HA,468,1386,0,0,0,1386,A
4-HA,469,1383,0,0,0,1383,A
4-HA,470,0,1,1382,0,1383,G
4-HA,471,0,1,1384,1,1386,G
4-HA,472,1343,0,2,0,1345,A
4-HA,473,0,0,1346,0,1346,G
4-HA,474,1325,1,4,0,1330,A
4-HA,475,0,1410,0,1,1411,T
4-HA,476,0,1,0,1453,1454,C
4-HA,477,0,1452,0,1,1453,T
4-HA,478,1463,0,0,0,1463,A
4-HA,479,1462,0,0,0,1462,A
4-HA,480,0,849,0,607,1456,T
4-HA,481,1460,0,0,0,1460,A
4-HA,482,1454,0,2,0,1456,A
4-HA,483,0,0,0,1468,1468,C
4-HA,484,1395,0,2,0,1397,A
4-HA,485,0,0,1405,0,1405,G
4-HA,486,0,1381,0,1,1382,T
4-HA,487,0,1409,0,1,1410,T
4-HA,488,0,1413,0,1,1414,T
4-HA,489,0,0,0,1440,1440,C
4-HA,490,0,1439,0,1,1440,T
4-HA,491,1,1447,0,1,1449,T
4-HA,492,0,1447,0,1,1448,T
4-HA,493,1439,0,0,0,1439,A
4-HA,494,0,0,1437,0,1437,G
4-HA,495,0,1436,0,0,1436,T
4-HA,496,1436,0,0,0,1436,A
4-HA,497,0,1,1445,0,1446,G
4-HA,498,1411,0,0,0,1411,A
4-HA,499,0,1412,1,0,1413,T
4-HA,500,0,1409,0,0,1409,T
4-HA,501,0,1,1445,1,1447,G
4-HA,502,1438,0,3,0,1441,A
4-HA,503,1445,1,1,0,1447,A
4-HA,504,0,1444,1,0,1445,T
4-HA,505,0,1434,0,0,1434,T
4-HA,506,0,2,1460,0,1462,G
4-HA,507,0,0,1456,0,1456,G
4-HA,508,0,1458,0,1,1459,T
4-HA,509,1,1454,0,0,1455,T
4-HA,510,0,0,1441,0,1441,G
4-HA,511,1437,1,2,0,1440,A
4-HA,512,0,0,0,1449,1449,C
4-HA,513,1,0,0,1444,1445,C
4-HA,514,0,0,0,1432,1432,C
4-HA,515,1411,0,2,0,1413,A
4-HA,516,0,0,0,1410,1410,C
4-HA,517,0,1403,0,1,1404,T
4-HA,518,0,0,0,1402,1402,C
4-HA,519,1422,0,0,0,1422,A
4-HA,520,1428,0,0,0,1428,A
4-HA,521,1429,0,0,0,1429,A
4-HA,522,1445,0,0,0,1445,A
4-HA,523,0,1462,0,2,1464,T
4-HA,524,0,1463,0,1,1464,T
4-HA,525,1,1,0,1470,1472,C
4-HA,526,1475,0,0,0,1475,A
4-HA,527,1468,2,4,0,1474,A
4-HA,528,1473,0,0,1,1474,A
4-HA,529,0,1475,0,0,1475,T
4-HA,530,1524,0,0,0,1524,A
4-HA,531,1,1,0,1523,1525,C
4-HA,532,0,0,0,1487,1487,C
4-HA,533,0,2,0,1486,1488,C
4-HA,534,1479,0,0,0,1479,A
4-HA,535,0,0,1551,1,1552,G
4-HA,536,0,0,1,1557,1558,C
4-HA,537,1555,0,1,0,1556,A
4-HA,538,0,1557,0,2,1559,T
4-HA,539,1,1536,0,0,1537,T
4-HA,540,1,0,1595,0,1596,G
4-HA,541,1595,0,0,0,1595,A
4-HA,542,1599,0,4,0,1603,A
4-HA,543,0,2,0,1600,1602,C
4-HA,544,1,0,1565,0,1566,G
4-HA,545,0,1583,0,0,1583,T
4-HA,546,0,0,1589,0,1589,G
4-HA,547,1593,0,1,0,1594,A
4-HA,548,0,0,0,1596,1596,C
4-HA,549,0,1535,0,0,1535,T
4-HA,550,1579,0,0,0,1579,A
4-HA,551,0,1572,0,2,1574,T
4-HA,552,1,0,1587,0,1588,G
4-HA,553,0,1,0,1587,1588,C
4-HA,554,1,0,0,1568,1569,C
4-HA,555,1567,0,1,0,1568,A
4-HA,556,1567,0,0,0,1567,A
4-HA,557,1599,0,2,2,1603,A
4-HA,558,0,0,0,1608,1608,C
4-HA,559,1549,1,1,0,1551,A
4-HA,560,1544,7,2,0,1553,A
4-HA,561,0,1548,0,1,1549,T
4-HA,562,0,2,1548,0,1550,G
4-HA,563,1549,0,0,1,1550,A
4-HA,564,1547,0,1,0,1548,A
4-HA,565,0,0,0,1519,1519,C
4-HA,566,1529,0,0,0,1529,A
4-HA,567,1545,0,0,0,1545,A
4-HA,568,0,1548,0,0,1548,T
4-HA,569,0,1546,0,0,1546,T
4-HA,570,0,1545,0,1,1546,T
4-HA,571,1,0,1543,0,1544,G
4-HA,572,1541,0,1,0,1542,A
4-HA,573,0,1,1,1544,1546,C
4-HA,574,1535,0,0,0,1535,A
4-HA,575,1535,0,0,0,1535,A
4-HA,576,1547,0,0,0,1547,A
4-HA,577,0,1563,0,0,1563,T
4-HA,578,0,1555,0,0,1555,T
4-HA,579,0,1,1565,0,1566,G
4-HA,580,0,1558,0,0,1558,T
4-HA,581,1568,0,2,0,1570,A
4-HA,582,0,0,0,1601,1601,C
4-HA,583,1602,0,1,0,1603,A
4-HA,584,0,1632,0,1,1633,T
4-HA,585,0,1615,0,0,1615,T
4-HA,586,0,1610,0,0,1610,T
4-HA,587,1,0,1602,0,1603,G
4-HA,588,0,0,1597,1,1598,G
4-HA,589,0,2,1595,0,1597,G
4-HA,590,0,2,1601,0,1603,G
4-HA,591,1,3,1573,0,1577,G
4-HA,592,14,0,1612,0,1626,G
4-HA,593,0,1607,0,0,1607,T
4-HA,594,0,1615,0,0,1615,T
4-HA,595,0,0,1,1617,1618,C
4-HA,596,1623,0,0,0,1623,A
4-HA,597,0,0,0,1632,1632,C
4-HA,598,0,0,0,1635,1635,C
4-HA,599,1623,0,6,0,1629,A
4-HA,600,0,0,0,1646,1646,C
4-HA,601,1,3,0,1620,1624,C
4-HA,602,2,0,0,1609,1611,C
4-HA,603,1,1,1611,0,1613,G
4-HA,604,0,0,1696,0,1696,G
4-HA,605,0,0,1699,0,1699,G
4-HA,606,1,1671,0,0,1672,T
4-HA,607,1686,0,0,0,1686,A
4-HA,608,0,0,0,1679,1679,C
4-HA,609,0,1,1652,0,1653,G
4-HA,610,0,0,1670,0,1670,G
4-HA,611,1671,0,1,0,1672,A
4-HA,612,0,0,1,1669,1670,C
4-HA,613,1587,0,0,0,1587,A
4-HA,614,1586,1,0,0,1587,A
4-HA,615,0,1590,0,0,1590,T
4-HA,616,0,1,1612,0,1613,G
4-HA,617,1612,0,6,0,1618,A
4-HA,618,0,0,0,1616,1616,C
4-HA,619,0,1,0,1598,1599,C
4-HA,620,1601,0,0,0,1601,A
4-HA,621,1597,0,0,0,1597,A
4-HA,622,1624,0,1,0,1625,A
4-HA,623,0,1614,0,0,1614,T
4-HA,624,0,0,0,1642,1642,C
4-HA,625,0,1615,0,0,1615,T
4-HA,626,0,1607,0,1,1608,T
4-HA,627,0,0,0,1648,1648,C
4-HA,628,1,0,0,1647,1648,C
4-HA,629,0,1649,0,0,1649,T
4-HA,630,0,0,1672,1,1673,G
4-HA,631,0,1640,0,2,1642,T
4-HA,632,1657,0,1,0,1658,A
4-HA,633,0,1641,0,0,1641,T
4-HA,634,2,0,1652,0,1654,G
4-HA,635,0,0,0,1653,1653,C
4-HA,636,0,1642,0,4,1646,T
4-HA,637,3,4,1,1637,1645,C
4-HA,638,1647,0,2,0,1649,A
4-HA,639,1646,0,2,0,1648,A
4-HA,640,0,0,1654,0,1654,G
4-HA,641,0,0,0,1662,1662,C
4-HA,642,1663,0,1,0,1664,A
4-HA,643,0,1637,0,1,1638,T
4-HA,644,1,1,0,1638,1640,C
4-HA,645,1633,0,0,0,1633,A
4-HA,646,0,0,1661,0,1661,G
4-HA,647,0,1,1661,0,1662,G
4-HA,648,1666,0,1,0,1667,A
4-HA,649,1644,0,0,0,1644,A
4-HA,650,0,0,1694,0,1694,G
4-HA,651,1684,0,3,0,1687,A
4-HA,652,1712,0,0,0,1712,A
4-HA,653,0,1715,0,3,1718,T
4-HA,654,0,1,0,1721,1722,C
4-HA,655,1702,0,6,0,1708,A
4-HA,656,1,0,0,1713,1714,C
4-HA,657,1705,1,2,0,1708,A
4-HA,658,0,1,1746,0,1747,G
4-HA,659,0,1717,0,1,1718,T
4-HA,660,2,0,0,1724,1726,C
4-HA,661,0,1684,1,2,1687,T
4-HA,662,0,0,0,1737,1737,C
4-HA,663,0,1739,0,3,1742,T
4-HA,664,1759,0,0,0,1759,A
4-HA,665,0,1,1,1754,1756,C
4-HA,666,2,2,0,1752,1756,C
4-HA,667,1721,0,1,0,1722,A
4-HA,668,1722,1,0,0,1723,A
4-HA,669,1711,1,0,0,1712,A
4-HA,670,1706,0,0,0,1706,A
4-HA,671,0,0,1708,1,1709,G
4-HA,672,1671,0,0,0,1671,A
4-HA,673,1667,0,1,0,1668,A
4-HA,674,0,0,1662,0,1662,G
4-HA,675,0,0,0,1657,1657,C
4-HA,676,0,0,0,1664,1664,C
4-HA,677,1675,0,1,0,1676,A
4-HA,678,1670,3,0,0,1673,A
4-HA,679,0,0,0,1677,1677,C
4-HA,680,1679,0,1,0,1680,A
4-HA,681,1675,0,0,3,1678,A
4-HA,682,1683,0,2,0,1685,A
4-HA,683,0,2,0,1727,1729,C
4-HA,684,0,1701,0,2,1703,T
4-HA,685,0,0,1709,0,1709,G
4-HA,686,0,1708,0,0,1708,T
4-HA,687,1702,0,0,0,1702,A
4-HA,688,1710,0,1,0,1711,A
4-HA,689,0,1694,0,0,1694,T
4-HA,690,0,0,0,1706,1706,C
4-HA,691,0,0,0,1699,1699,C
4-HA,692,1,0,0,1679,1680,C
4-HA,693,0,1,1682,0,1683,G
4-HA,694,1676,0,3,0,1679,A
4-HA,695,1686,0,0,0,1686,A
4-HA,696,0,1688,0,0,1688,T
4-HA,697,1689,0,0,0,1689,A
4-HA,698,0,1679,0,0,1679,T
4-HA,699,2,0,0,1674,1676,C
4-HA,700,0,1,1669,0,1670,G
4-HA,701,0,0,1733,0,1733,G
4-HA,702,1740,0,0,0,1740,A
4-HA,703,0,1733,0,4,1737,T
4-HA,704,1,1,0,1744,1746,C
4-HA,705,0,1741,0,0,1741,T
4-HA,706,1734,0,3,0,1737,A
4-HA,707,0,1,1745,0,1746,G
4-HA,708,1755,0,2,0,1757,A
4-HA,709,0,0,0,1752,1752,C
4-HA,710,2,1,0,1683,1686,C
4-HA,711,2,1,0,1685,1688,C
4-HA,712,1671,0,0,0,1671,A
4-HA,713,1,2,1771,4,1778,G
4-HA,714,1773,0,2,0,1775,A
4-HA,715,0,1,1797,1,1799,G
4-HA,716,0,1778,0,0,1778,T
4-HA,717,1765,0,0,0,1765,A
4-HA,718,1759,0,2,0,1761,A
4-HA,719,0,0,1801,0,1801,G
4-HA,720,1,3,1813,0,1817,G
4-HA,721,1790,0,0,0,1790,A
4-HA,722,1656,0,3,0,1659,A
4-HA,723,0,1655,0,0,1655,T
4-HA,724,1684,0,2,0,1686,A
4-HA,725,0,1686,0,0,1686,T
4-HA,726,0,0,0,1718,1718,C
4-HA,727,2,0,0,1708,1710,C
4-HA,728,139,0,0,1500,1639,C
4-HA,729,0,1621,0,4,1625,T
4-HA,730,1649,1,1,0,1651,A
4-HA,731,0,0,1653,0,1653,G
4-HA,732,1,1,1,1656,1659,C
4-HA,733,1603,0,10,0,1613,A
4-HA,734,0,1,1671,1,1673,G
4-HA,735,1651,0,2,0,1653,A
4-HA,736,1656,0,0,0,1656,A
4-HA,737,0,1657,0,0,1657,T
4-HA,738,1643,0,1,0,1644,A
4-HA,739,1648,1,2,0,1651,A
4-HA,740,0,1,1652,0,1653,G
4-HA,741,1,2,0,1649,1652,C
4-HA,742,1657,0,0,0,1657,A
4-HA,743,0,1619,0,4,1623,T
4-HA,744,0,3,1,1725,1729,C
4-HA,745,0,1720,0,1,1721,T
4-HA,746,1733,1,0,0,1734,A
4-HA,747,0,1722,0,1,1723,T
4-HA,748,0,1722,0,0,1722,T
4-HA,749,0,0,1734,1,1735,G
4-HA,750,0,0,1719,0,1719,G
4-HA,751,1721,0,1,0,1722,A
4-HA,752,2,1,0,1727,1730,C
4-HA,753,1604,0,1,0,1605,A
4-HA,754,1628,0,0,0,1628,A
4-HA,755,0,1763,0,1,1764,T
4-HA,756,1851,0,2,0,1853,A
4-HA,757,0,0,1934,0,1934,G
4-HA,758,0,1908,0,0,1908,T
4-HA,759,1917,0,1,0,1918,A
4-HA,760,1950,0,0,1,1951,A
4-HA,761,2103,0,0,0,2103,A
4-HA,762,2164,0,2,1,2167,A
4-HA,763,1,0,0,2239,2240,C
4-HA,764,0,4,0,2144,2148,C
4-HA,765,0,5,2150,1,2156,G
4-HA,766,0,1,2251,0,2252,G
4-HA,767,1,2,2327,1,2331,G
4-HA,768,2353,1,0,0,2354,A
4-HA,769,0,2,2401,1,2404,G
4-HA,770,2534,0,3,0,2537,A
4-HA,771,0,0,0,2548,2548,C
4-HA,772,2541,0,4,12,2557,A
4-HA,773,0,2565,0,1,2566,T
4-HA,774,2598,1,2,0,2601,A
4-HA,775,0,0,0,2749,2749,C
4-HA,776,1,2743,0,3,2747,T
4-HA,777,0,2800,0,0,2800,T
4-HA,778,1,2832,1,2,2836,T
4-HA,779,0,2833,0,0,2833,T
4-HA,780,0,2,2919,0,2921,G
4-HA,781,2942,0,1,0,2943,A
4-HA,782,1,2947,1,3,2952,T
4-HA,783,1,3171,0,0,3172,T
4-HA,784,3165,0,1,1,3167,A
4-HA,785,3229,0,2,0,3231,A
4-HA,786,1,0,0,3357,3358,C
4-HA,787,3363,0,3,0,3366,A
4-HA,788,2,1,3732,1,3736,G
4-HA,789,1,1,0,3721,3723,C
4-HA,790,3725,0,3,0,3728,A
4-HA,791,1,1,0,3793,3795,C
4-HA,792,3785,0,7,0,3792,A
4-HA,793,0,4,3943,0,3947,G
4-HA,794,0,2,3950,0,3952,G
4-HA,795,2,0,4265,1,4268,G
4-HA,796,4222,2,25,0,4249,A
4-HA,797,4434,0,12,0,4446,A
4-HA,798,1,4450,0,1,4452,T
4-HA,799,1,0,0,4490,4491,C
4-HA,800,0,4560,0,1,4561,T
4-HA,801,4606,0,0,0,4606,A
4-HA,802,4587,0,2,0,4589,A
4-HA,803,0,4583,0,4,4587,T
4-HA,804,0,4486,0,1,4487,T
4-HA,805,2,3,4626,2,4633,G
4-HA,806,0,3,0,4949,4952,C
4-HA,807,2,5278,0,8,5288,T
4-HA,808,0,2,1,5566,5569,C
4-HA,809,1,0,0,5574,5575,C
4-HA,810,0,5555,0,1,5556,T
4-HA,811,5587,0,3,0,5590,A
4-HA,812,2,5,5616,4,5627,G
4-HA,813,1,11,5737,1,5750,G
4-HA,814,0,5,5793,0,5798,G
4-HA,815,2,0,5732,1,5735,G
4-HA,816,0,5660,1,4,5665,T
4-HA,817,1,5629,0,3,5633,T
4-HA,818,5642,0,7,0,5649,A
4-HA,819,1,12,0,5805,5818,C
4-HA,820,1,5783,1,14,5799,T
4-HA,821,2,5858,0,0,5860,T
4-HA,822,0,1,0,5856,5857,C
4-HA,823,5826,0,2,0,5828,A
4-HA,824,5833,0,3,0,5836,A
4-HA,825,5870,0,0,0,5870,A
4-HA,826,5928,0,4,0,5932,A
4-HA,827,0,5953,0,0,5953,T
4-HA,828,5892,0,4,0,5896,A
4-HA,829,3,1,0,5898,5902,C
4-HA,830,1,1,5893,0,5895,G
4-HA,831,5905,1,2,0,5908,A
4-HA,832,5925,1,2,1,5929,A
4-HA,833,2,1,6059,0,6062,G
4-HA,834,2,6048,1,5,6056,T
4-HA,835,0,6,6174,0,6180,G
4-HA,836,7,2,6187,0,6196,G
4-HA,837,4,2,6224,0,6230,G
4-HA,838,6205,0,11,0,6216,A
4-HA,839,6230,2,3,0,6235,A
4-HA,840,6238,2,4,0,6244,A
4-HA,841,6230,0,15,0,6245,A
4-HA,842,1,0,6476,0,6477,G
4-HA,843,0,2,0,6497,6499,C
4-HA,844,0,6435,0,9,6444,T
4-HA,845,5,1,1,6630,6637,C
4-HA,846,6621,1,6,1,6629,A
4-HA,847,6724,1,8,0,6733,A
4-HA,848,0,6733,0,2,6735,T
4-HA,849,6863,0,5,0,6868,A
4-HA,850,6867,2,4,1,6874,A
4-HA,851,0,6726,0,0,6726,T
4-HA,852,2,3,6757,0,6762,G
4-HA,853,6708,2,13,0,6723,A
4-HA,854,0,4,7132,0,7136,G
4-HA,855,7135,0,9,0,7144,A
4-HA,856,0,7100,0,4,7104,T
4-HA,857,3,3,1,7313,7320,C
4-HA,858,7269,1,10,1,7281,A
4-HA,859,1,0,7519,1,7521,G
4-HA,860,7519,0,17,0,7536,A
4-HA,861,0,7525,0,4,7529,T
4-HA,862,2,2,7516,0,7520,G
4-HA,863,0,1,0,7404,7405,C
4-HA,864,7406,1,5,0,7412,A
4-HA,865,0,3,0,7653,7656,C
4-HA,866,9,1,0,7550,7560,C
4-HA,867,4,0,0,7589,7593,C
4-HA,868,7444,1,4,0,7449,A
4-HA,869,0,7439,0,6,7445,T
4-HA,870,1,7443,0,2,7446,T
4-HA,871,2,1,7599,2,7604,G
4-HA,872,2,0,7584,1,7587,G
4-HA,873,0,0,0,7602,7602,C
4-HA,874,7501,0,3,0,7504,A
4-HA,875,7489,0,3,0,7492,A
4-HA,876,7717,1,1,0,7719,A
4-HA,877,0,7731,0,1,7732,T
4-HA,878,2,3,7736,0,7741,G
4-HA,879,0,1,1,7738,7740,C
4-HA,880,7644,0,8,0,7652,A
4-HA,881,7947,2,4,0,7953,A
4-HA,882,0,7957,0,13,7970,T
4-HA,883,0,8035,0,13,8048,T
4-HA,884,5,1,0,8069,8075,C
4-HA,885,1,7920,0,5,7926,T
4-HA,886,18,5,8066,2,8091,G
4-HA,887,8052,1,9,2,8064,A
4-HA,888,8142,0,6,0,8148,A
4-HA,889,0,8147,0,8,8155,T
4-HA,890,3,1,8108,1,8113,G
4-HA,891,1,51,0,8122,8174,C
4-HA,892,8150,1,9,0,8160,A
4-HA,893,0,8151,1,4,8156,T
4-HA,894,4,3,0,8149,8156,C
4-HA,895,8154,1,1,1,8157,A
4-HA,896,1,2,0,8653,8656,C
4-HA,897,0,8585,0,19,8604,T
4-HA,898,4,3,0,8644,8651,C
4-HA,899,4,0,2,8596,8602,C
4-HA,900,8705,0,5,0,8710,A
4-HA,901,8697,0,5,0,8702,A
4-HA,902,8689,0,7,0,8696,A
4-HA,903,0,8418,0,3,8421,T
4-HA,904,2,4,8484,2,8492,G
4-HA,905,1,0,8524,0,8525,G
4-HA,906,8533,0,7,0,8540,A
4-HA,907,8530,1,13,0,8544,A
4-HA,908,0,0,8549,0,8549,G
4-HA,909,1,1,0,8485,8487,C
4-HA,910,8481,0,4,0,8485,A
4-HA,911,1,8504,0,4,8509,T
4-HA,912,1,8487,1,7,8496,T
4-HA,913,10,1,0,8830,8841,C
4-HA,914,5,1,0,8791,8797,C
4-HA,915,3,1,0,8792,8796,C
4-HA,916,8790,0,4,0,8794,A
4-HA,917,8978,0,1,1,8980,A
4-HA,918,0,9184,0,6,9190,T
4-HA,919,1,10,9182,1,9194,G
4-HA,920,9165,2,8,0,9175,A
4-HA,921,1,1,0,9187,9189,C
4-HA,922,8951,0,9,0,8960,A
4-HA,923,8977,0,2,0,8979,A
4-HA,924,8956,0,12,0,8968,A
4-HA,925,0,1,0,9021,9022,C
4-HA,926,2,2,0,8922,8926,C
4-HA,927,8756,1,1,0,8758,A
4-HA,928,0,8817,0,7,8824,T
4-HA,929,1,8817,1,2,8821,T
4-HA,930,4,3,0,8833,8840,C
4-HA,931,4,5,0,8837,8846,C
4-HA,932,8853,0,3,0,8856,A
4-HA,933,8849,1,0,0,8850,A
4-HA,934,8827,0,6,1,8834,A
4-HA,935,9052,0,3,0,9055,A
4-HA,936,0,9043,0,1,9044,T
4-HA,937,1,0,9019,1,9021,G
4-HA,938,1,8989,0,10,9000,T
4-HA,939,1,8963,0,5,8969,T
4-HA,940,9205,2,4,0,9211,A
4-HA,941,9197,1,9,0,9207,A
4-HA,942,3,2,1,9237,9243,C
4-HA,943,9166,13,5,0,9184,A
4-HA,944,1,6,9335,0,9342,G
4-HA,945,0,0,9429,0,9429,G
4-HA,946,9580,1,17,0,9598,A
4-HA,947,0,9577,0,37,9614,T
4-HA,948,5,0,0,9709,9714,C
4-HA,949,9749,0,24,1,9774,A
4-HA,950,1,2,3,10148,10154,C
4-HA,951,10149,1,2,0,10152,A
4-HA,952,1,10531,0,1,10533,T
4-HA,953,10278,0,6,0,10284,A
4-HA,954,2,6,1,10156,10165,C
4-HA,955,6,6,9806,2,9820,G
4-HA,956,1,4,9870,1,9876,G
4-HA,957,1,3,9833,0,9837,G
4-HA,958,4,2,9885,0,9891,G
4-HA,959,0,0,0,9719,9719,C
4-HA,960,4,1,0,9696,9701,C
4-HA,961,1,9425,2,16,9444,T
4-HA,962,3,3,10479,3,10488,G
4-HA,963,0,10512,0,24,10536,T
4-HA,964,5,0,0,10601,10606,C
4-HA,965,4,2,1,10577,10584,C
4-HA,966,7,3,2,10582,10594,C
4-HA,967,10544,1,14,1,10560,A
4-HA,968,3,5,10662,2,10672,G
4-HA,969,10642,1,9,2,10654,A
4-HA,970,4,10649,0,0,10653,T
4-HA,971,9983,0,2,1,9986,A
4-HA,972,0,9862,0,4,9866,T
4-HA,973,7,3,9913,0,9923,G
4-HA,974,0,9879,1,13,9893,T
4-HA,975,1,9765,0,3,9769,T
4-HA,976,9906,2,9,1,9918,A
4-HA,977,9792,1,9,2,9804,A
4-HA,978,2,8,9920,0,9930,G
4-HA,979,1,7,2,9910,9920,C
4-HA,980,9771,0,3,1,9775,A
4-HA,981,9765,1,6,0,9772,A
4-HA,982,9694,0,5,0,9699,A
4-HA,983,9717,1,14,0,9732,A
4-HA,984,2,1,0,9730,9733,C
4-HA,985,9657,0,5,2,9664,A
4-HA,986,0,2,0,9767,9769,C
4-HA,987,3,9596,1,7,9607,T
4-HA,988,11,4,0,9645,9660,C
4-HA,989,0,9623,0,31,9654,T
4-HA,990,1,4,9738,1,9744,G
4-HA,991,9725,1,6,1,9733,A
4-HA,992,9705,0,2,2,9709,A
4-HA,993,9712,1,11,0,9724,A
4-HA,994,3,9670,1,2,9676,T
4-HA,995,0,9579,1,9,9589,T
4-HA,996,1,4,9745,2,9752,G
4-HA,997,3,2,9702,0,9707,G
4-HA,998,0,4,0,9763,9767,C
4-HA,999,9725,0,4,2,9731,A
4-HA,1000,9737,1,4,1,9743,A
4-HA,1001,2,3,2,9742,9749,C
4-HA,1002,9727,1,2,1,9731,A
4-HA,1003,1,10,9836,0,9847,G
4-HA,1004,4,7,9772,0,9783,G
4-HA,1005,3,5,9766,0,9774,G
4-HA,1006,9745,1,13,0,9759,A
4-HA,1007,1,9689,0,3,9693,T
4-HA,1008,1,2,9726,0,9729,G
4-HA,1009,0,4,1,9723,9728,C
4-HA,1010,5,2,9761,0,9768,G
4-HA,1011,9881,0,5,2,9888,A
4-HA,1012,9689,0,7,0,9696,A
4-HA,1013,9795,1,5,0,9801,A
4-HA,1014,1,9700,0,4,9705,T
4-HA,1015,3,0,9912,1,9916,G
4-HA,1016,0,9893,0,5,9898,T
4-HA,1017,9867,0,8,0,9875,A
4-HA,1018,5,3,4,9844,9856,C
4-HA,1019,4,5,3,9812,9824,C
4-HA,1020,9618,1,5,1,9625,A
4-HA,1021,4,6,9659,2,9671,G
4-HA,1022,9421,2,6,1,9430,A
4-HA,1023,2,4,9524,0,9530,G
4-HA,1024,9346,0,15,1,9362,A
4-HA,1025,9359,0,9,0,9368,A
4-HA,1026,9367,1,13,0,9381,A
4-HA,1027,0,0,1,9387,9388,C
4-HA,1028,9320,1,4,0,9325,A
4-HA,1029,9521,2,2,0,9525,A
4-HA,1030,9491,3,9,1,9504,A
4-HA,1031,1,3,2,9596,9602,C
4-HA,1032,2,9506,0,2,9510,T
4-HA,1033,9460,2,5,1,9468,A
4-HA,1034,4,1,9488,2,9495,G
4-HA,1035,9411,0,10,0,9421,A
4-HA,1036,2,4,9699,0,9705,G
4-HA,1037,1,2,9671,2,9676,G
4-HA,1038,1,3,1,9511,9516,C
4-HA,1039,9534,0,7,1,9542,A
4-HA,1040,0,9520,0,5,9525,T
4-HA,1041,9573,1,3,0,9577,A
4-HA,1042,1,9545,1,4,9551,T
4-HA,1043,0,9491,0,1,9492,T
4-HA,1044,0,9512,0,1,9513,T
4-HA,1045,2,6,9209,0,9217,G
4-HA,1046,3,2,9319,0,9324,G
4-HA,1047,2,20,1,9275,9298,C
4-HA,1048,7,2,9306,3,9318,G
4-HA,1049,1,0,1,9396,9398,C
4-HA,1050,9320,0,2,1,9323,A
4-HA,1051,9329,0,4,1,9334,A
4-HA,1052,0,9325,0,4,9329,T
4-HA,1053,9137,2,2,0,9141,A
4-HA,1054,1,1,9329,0,9331,G
4-HA,1055,3,0,0,9307,9310,C
4-HA,1056,5,12,9335,1,9353,G
4-HA,1057,2,3,9393,0,9398,G
4-HA,1058,1,2,9394,0,9397,G
4-HA,1059,2,9330,0,18,9350,T
4-HA,1060,2,9280,0,3,9285,T
4-HA,1061,2,9295,0,9,9306,T
4-HA,1062,4,3,1,9310,9318,C
4-HA,1063,9327,0,11,0,9338,A
4-HA,1064,2,9346,1,3,9352,T
4-HA,1065,9288,1,9,1,9299,A
4-HA,1066,3,5,9393,1,9402,G
4-HA,1067,9167,0,2,0,9169,A
4-HA,1068,9210,0,5,0,9215,A
4-HA,1069,9196,0,4,1,9201,A
4-HA,1070,9240,0,7,1,9248,A
4-HA,1071,0,9240,0,2,9242,T
4-HA,1072,0,5,9388,0,9393,G
4-HA,1073,1,1,9466,1,9469,G
4-HA,1074,2,9376,1,10,9389,T
4-HA,1075,1,9265,0,1,9267,T
4-HA,1076,6,10,9285,2,9303,G
4-HA,1077,1,3,9381,1,9386,G
4-HA,1078,2,2,9440,1,9445,G
4-HA,1079,9339,1,17,1,9358,A
4-HA,1080,0,10,9466,1,9477,G
4-HA,1081,1,11,9361,0,9373,G
4-HA,1082,4,7,9525,1,9537,G
4-HA,1083,9476,3,10,0,9489,A
4-HA,1084,9569,1,20,1,9591,A
4-HA,1085,0,9592,0,1,9593,T
4-HA,1086,5,3,9591,0,9599,G
4-HA,1087,2,0,9794,1,9797,G
4-HA,1088,0,9652,0,4,9656,T
4-HA,1089,0,5,9650,0,9655,G
4-HA,1090,2,1,9632,2,9637,G
4-HA,1091,9315,1,18,0,9334,A
4-HA,1092,0,9403,2,7,9412,T
4-HA,1093,2,5,9612,1,9620,G
4-HA,1094,2,0,9746,2,9750,G
4-HA,1095,1,9580,0,4,9585,T
4-HA,1096,0,9339,0,9,9348,T
4-HA,1097,5,6,9341,0,9352,G
4-HA,1098,2,1,9528,2,9533,G
4-HA,1099,0,9516,0,5,9521,T
4-HA,1100,9529,0,6,0,9535,A
4-HA,1101,0,11,2,9027,9040,C
4-HA,1102,2,7,9131,1,9141,G
4-HA,1103,2,1,9547,0,9550,G
4-HA,1104,0,9534,0,12,9546,T
4-HA,1105,0,9523,0,8,9531,T
4-HA,1106,0,9520,0,7,9527,T
4-HA,1107,6,2,4,9361,9373,C
4-HA,1108,9337,3,21,2,9363,A
4-HA,1109,4,6,9362,0,9372,G
4-HA,1110,4,3,9335,0,9342,G
4-HA,1111,2,2,1,9305,9310,C
4-HA,1112,8903,2,3,1,8909,A
4-HA,1113,2,8959,0,3,8964,T
4-HA,1114,3,0,0,8964,8967,C
4-HA,1115,8986,1,2,0,8989,A
4-HA,1116,8986,1,2,0,8989,A
4-HA,1117,8988,1,1,0,8990,A
4-HA,1118,9015,2,17,0,9034,A
4-HA,1119,0,9034,0,1,9035,T
4-HA,1120,0,8999,0,3,9002,T
4-HA,1121,1,1,0,9022,9024,C
4-HA,1122,1,8981,0,7,8989,T
4-HA,1123,2,2,8992,3,8999,G
4-HA,1124,8948,1,6,1,8956,A
4-HA,1125,8877,0,11,3,8891,A
4-HA,1126,0,3,9059,0,9062,G
4-HA,1127,2,5,9229,0,9236,G
4-HA,1128,9212,2,4,0,9218,A
4-HA,1129,9205,0,6,0,9211,A
4-HA,1130,2,8,9134,6,9150,G
4-HA,1131,9254,1,9,0,9264,A
4-HA,1132,0,1,9386,0,9387,G
4-HA,1133,1,3,9415,0,9419,G
4-HA,1134,9399,0,13,0,9412,A
4-HA,1135,1,1,1,9412,9415,C
4-HA,1136,9336,0,7,1,9344,A
4-HA,1137,9319,1,12,1,9333,A
4-HA,1138,21,2,9340,3,9366,G
4-HA,1139,4,1,3,9393,9401,C
4-HA,1140,9287,2,9,2,9300,A
4-HA,1141,0,2,9275,2,9279,G
4-HA,1142,4,1,3,9232,9240,C
4-HA,1143,9198,1,9,0,9208,A
4-HA,1144,2,6,9310,1,9319,G
4-HA,1145,9196,0,14,1,9211,A
4-HA,1146,1,9437,1,29,9468,T
4-HA,1147,1,2,0,9528,9531,C
4-HA,1148,1,9425,1,17,9444,T
4-HA,1149,6,3,2,9555,9566,C
4-HA,1150,9543,0,0,1,9544,A
4-HA,1151,9551,0,2,1,9554,A
4-HA,1152,9544,1,2,3,9550,A
4-HA,1153,9347,1,20,1,9369,A
4-HA,1154,0,1,9408,1,9410,G
4-HA,1155,1,2,1,9235,9239,C
4-HA,1156,9184,0,2,0,9186,A
4-HA,1157,0,4,0,9481,9485,C
4-HA,1158,1,9370,1,16,9388,T
4-HA,1159,8,3,1,9445,9457,C
4-HA,1160,9465,0,3,3,9471,A
4-HA,1161,9677,0,9,1,9687,A
4-HA,1162,3,2,9690,1,9696,G
4-HA,1163,4,3,5,9660,9672,C
4-HA,1164,9564,0,10,20,9594,A
4-HA,1165,1,4,9658,0,9663,G
4-HA,1166,0,2,5,9481,9488,C
4-HA,1167,9455,2,4,0,9461,A
4-HA,1168,9427,1,0,2,9430,A
4-HA,1169,0,9392,0,8,9400,T
4-HA,1170,2,4,1,9234,9241,C
4-HA,1171,3,5,9277,0,9285,G
4-HA,1172,9251,0,6,1,9258,A
4-HA,1173,0,9208,0,8,9216,T
4-HA,1174,4,4,0,9176,9184,C
4-HA,1175,9157,0,2,0,9159,A
4-HA,1176,9393,1,6,1,9401,A
4-HA,1177,9408,0,1,0,9409,A
4-HA,1178,1,9374,0,10,9385,T
4-HA,1179,8,0,2,9406,9416,C
4-HA,1180,9266,0,2,1,9269,A
4-HA,1181,9394,0,2,0,9396,A
4-HA,1182,2,9388,0,4,9394,T
4-HA,1183,5,8,9428,0,9441,G
4-HA,1184,3,5,9419,1,9428,G
4-HA,1185,1,4,9291,2,9298,G
4-HA,1186,9352,1,9,0,9362,A
4-HA,1187,9343,0,14,2,9359,A
4-HA,1188,1,1,9561,1,9564,G
4-HA,1189,1,2,2,9574,9579,C
4-HA,1190,1,9482,0,12,9495,T
4-HA,1191,4,6,9979,0,9989,G
4-HA,1192,9959,1,8,0,9968,A
4-HA,1193,9969,0,7,0,9976,A
4-HA,1194,1,9963,2,2,9968,T
4-HA,1195,9754,0,2,0,9756,A
4-HA,1196,0,6,9738,0,9744,G
4-HA,1197,8961,0,11,0,8972,A
4-HA,1198,0,9062,1,3,9066,T
4-HA,1199,0,9079,0,2,9081,T
4-HA,1200,0,2,9137,0,9139,G
4-HA,1201,9097,0,1,0,9098,A
4-HA,1202,0,9050,0,2,9052,T
4-HA,1203,6,4,1,9098,9109,C
4-HA,1204,0,8,9110,1,9119,G
4-HA,1205,4,6,9102,0,9112,G
4-HA,1206,1,4,9120,0,9125,G
4-HA,1207,9101,1,9,0,9111,A
4-HA,1208,9132,2,6,2,9142,A
4-HA,1209,9094,1,14,0,9109,A
4-HA,1210,9102,0,8,1,9111,A
4-HA,1211,0,2,0,9127,9129,C
4-HA,1212,10,2,0,9115,9127,C
4-HA,1213,9045,2,7,1,9055,A
4-HA,1214,9044,0,5,1,9050,A
4-HA,1215,0,2,0,9074,9076,C
4-HA,1216,2,6,9114,2,9124,G
4-HA,1217,9101,1,2,0,9104,A
4-HA,1218,3,3,9101,0,9107,G
4-HA,1219,9093,0,7,0,9100,A
4-HA,1220,9078,0,14,1,9093,A
4-HA,1221,9112,1,9,0,9122,A
4-HA,1222,0,9145,1,4,9150,T
4-HA,1223,2,9111,1,8,9122,T
4-HA,1224,4,1,1,9184,9190,C
4-HA,1225,2,5,0,9145,9152,C
4-HA,1226,9154,2,5,0,9161,A
4-HA,1227,0,9032,1,100,9133,T
4-HA,1228,4,3,1,9156,9164,C
4-HA,1229,9105,2,5,0,9112,A
4-HA,1230,0,3,9183,0,9186,G
4-HA,1231,9089,2,10,1,9102,A
4-HA,1232,0,9100,1,5,9106,T
4-HA,1233,0,9048,0,7,9055,T
4-HA,1234,5,8,9114,1,9128,G
4-HA,1235,9116,2,11,0,9129,A
4-HA,1236,9129,2,2,0,9133,A
4-HA,1237,9141,0,7,0,9148,A
4-HA,1238,9138,0,4,0,9142,A
4-HA,1239,9033,2,14,0,9049,A
4-HA,1240,0,3,9058,0,9061,G
4-HA,1241,9024,0,11,0,9035,A
4-HA,1242,9075,0,10,0,9085,A
4-HA,1243,0,8926,2,1,8929,T
4-HA,1244,1,8940,0,5,8946,T
4-HA,1245,0,0,0,9020,9020,C
4-HA,1246,1,8986,0,11,8998,T
4-HA,1247,7,5,1,8986,8999,C
4-HA,1248,8973,0,6,1,8980,A
4-HA,1249,3,1,9004,1,9009,G
4-HA,1250,8977,0,6,0,8983,A
4-HA,1251,8907,1,11,0,8919,A
4-HA,1252,2,2,9056,0,9060,G
4-HA,1253,1,8949,1,11,8962,T
4-HA,1254,4,2,1,9015,9022,C
4-HA,1255,3,4,9025,1,9033,G
4-HA,1256,9011,2,5,0,9018,A
4-HA,1257,9006,1,13,1,9021,A
4-HA,1258,0,7,9041,0,9048,G
4-HA,1259,1,9,9122,2,9134,G
4-HA,1260,4,7,9120,0,9131,G
4-HA,1261,8908,1,16,1,8926,A
4-HA,1262,3,4,8978,0,8985,G
4-HA,1263,8967,1,11,0,8979,A
4-HA,1264,9669,1,1,0,9671,A
4-HA,1265,2,9663,3,5,9673,T
4-HA,1266,1,9653,2,8,9664,T
4-HA,1267,1,15,5,9646,9667,C
4-HA,1268,9472,1,11,0,9484,A
4-HA,1269,3,6,9504,0,9513,G
4-HA,1270,0,4,9493,5,9502,G
4-HA,1271,9459,1,18,1,9479,A
4-HA,1272,3,2,0,9507,9512,C
4-HA,1273,3,1,0,8820,8824,C
4-HA,1274,0,8787,2,13,8802,T
4-HA,1275,1,8754,2,69,8826,T
4-HA,1276,3,6,8883,2,8894,G
4-HA,1277,8860,1,17,1,8879,A
4-HA,1278,2,2,9111,0,9115,G
4-HA,1279,9084,1,7,0,9092,A
4-HA,1280,8983,0,3,2,8988,A
4-HA,1281,8959,0,6,0,8965,A
4-HA,1282,0,8885,0,5,8890,T
4-HA,1283,9204,1,4,0,9209,A
4-HA,1284,0,9184,2,2,9188,T
4-HA,1285,2,1,9314,4,9321,G
4-HA,1286,2,9300,1,9,9312,T
4-HA,1287,0,9054,2,3,9059,T
4-HA,1288,7,4,9069,3,9083,G
4-HA,1289,8981,2,6,0,8989,A
4-HA,1290,1,4,9015,0,9020,G
4-HA,1291,0,6,8979,3,8988,G
4-HA,1292,8785,0,15,0,8800,A
4-HA,1293,2,2,0,9058,9062,C
4-HA,1294,8932,1,5,0,8938,A
4-HA,1295,0,2,0,9183,9185,C
4-HA,1296,8,1,1,9192,9202,C
4-HA,1297,9198,1,2,0,9201,A
4-HA,1298,9446,0,7,1,9454,A
4-HA,1299,9430,0,5,0,9435,A
4-HA,1300,9505,0,3,0,9508,A
4-HA,1301,0,9503,1,1,9505,T
4-HA,1302,9218,1,2,0,9221,A
4-HA,1303,0,1,9307,2,9310,G
4-HA,1304,9078,1,11,0,9090,A
4-HA,1305,1,9130,1,7,9139,T
4-HA,1306,5,2,2,9165,9174,C
4-HA,1307,0,8980,2,10,8992,T
4-HA,1308,7,3,1,9171,9182,C
4-HA,1309,1,9142,2,0,9145,T
4-HA,1310,6,6,9336,0,9348,G
4-HA,1311,2,1,9541,0,9544,G
4-HA,1312,1,9455,0,12,9468,T
4-HA,1313,11,3,1,9462,9477,C
4-HA,1314,9527,1,6,1,9535,A
4-HA,1315,1,9536,1,6,9544,T
4-HA,1316,9549,0,6,0,9555,A
4-HA,1317,0,0,0,9531,9531,C
4-HA,1318,9148,0,4,1,9153,A
4-HA,1319,9223,0,9,0,9232,A
4-HA,1320,0,1,0,8966,8967,C
4-HA,1321,3,0,8953,0,8956,G
4-HA,1322,1,3,0,8937,8941,C
4-HA,1323,3,4,8899,2,8908,G
4-HA,1324,2,1,8929,0,8932,G
4-HA,1325,8933,1,8,2,8944,A
4-HA,1326,3,0,9126,1,9130,G
4-HA,1327,1,3,0,9120,9124,C
4-HA,1328,1,9042,1,16,9060,T
4-HA,1329,0,9084,1,42,9127,T
4-HA,1330,8,5,2,9134,9149,C
4-HA,1331,0,9197,0,17,9214,T
4-HA,1332,1,9212,1,3,9217,T
4-HA,1333,0,0,9184,2,9186,G
4-HA,1334,0,9101,1,10,9112,T
4-HA,1335,0,8852,1,2,8855,T
4-HA,1336,1,1,9041,3,9046,G
4-HA,1337,1,1,0,9001,9003,C
4-HA,1338,5,1,0,8971,8977,C
4-HA,1339,11,2,1,9021,9035,C
4-HA,1340,3,8968,0,13,8984,T
4-HA,1341,6,5,9124,2,9137,G
4-HA,1342,2,5,9111,3,9121,G
4-HA,1343,9102,1,17,1,9121,A
4-HA,1344,3,5,9154,0,9162,G
4-HA,1345,8951,0,11,2,8964,A
4-HA,1346,8979,1,8,0,8988,A
4-HA,1347,0,3,0,9144,9147,C
4-HA,1348,9,2,0,9108,9119,C
4-HA,1349,9090,1,11,0,9102,A
4-HA,1350,9529,1,6,1,9537,A
4-HA,1351,1,1,1,9563,9566,C
4-HA,1352,9579,1,28,1,9609,A
4-HA,1353,1,9563,0,16,9580,T
4-HA,1354,9545,0,6,0,9551,A
4-HA,1355,3,1,2,9735,9741,C
4-HA,1356,9455,0,6,0,9461,A
4-HA,1357,9454,0,4,0,9458,A
4-HA,1358,1,9427,1,3,9432,T
4-HA,1359,0,9029,1,4,9034,T
4-HA,1360,2,3,9219,0,9224,G
4-HA,1361,9263,0,3,1,9267,A
4-HA,1362,0,9236,0,12,9248,T
4-HA,1363,7,1,0,9285,9293,C
4-HA,1364,1,9090,0,12,9103,T
4-HA,1365,9186,0,1,0,9187,A
4-HA,1366,9183,1,7,0,9191,A
4-HA,1367,2,2,0,9191,9195,C
4-HA,1368,2,9047,1,7,9057,T
4-HA,1369,6,14,8952,2,8974,G
4-HA,1370,9004,0,7,2,9013,A
4-HA,1371,0,2,0,9018,9020,C
4-HA,1372,1,8962,0,8,8971,T
4-HA,1373,6,3,2,9015,9026,C
4-HA,1374,8957,0,10,0,8967,A
4-HA,1375,2,3,9224,0,9229,G
4-HA,1376,9199,1,8,0,9208,A
4-HA,1377,9217,0,4,1,9222,A
4-HA,1378,9216,1,3,0,9220,A
4-HA,1379,1,9126,0,7,9134,T
4-HA,1380,1,2,9301,0,9304,G
4-HA,1381,9304,0,8,0,9312,A
4-HA,1382,9298,2,21,0,9321,A
4-HA,1383,3,2,1,9322,9328,C
4-HA,1384,9153,2,2,0,9157,A
4-HA,1385,9149,1,2,0,9152,A
4-HA,1386,9131,0,6,0,9137,A
4-HA,1387,0,3,0,9190,9193,C
4-HA,1388,0,9090,0,1,9091,T
4-HA,1389,2,1,9165,1,9169,G
4-HA,1390,0,9049,1,3,9053,T
4-HA,1391,2,9068,0,6,9076,T
4-HA,1392,0,9074,1,4,9079,T
4-HA,1393,0,6,9077,1,9084,G
4-HA,1394,9071,1,6,0,9078,A
4-HA,1395,9078,1,2,0,9081,A
4-HA,1396,9048,0,2,0,9050,A
4-HA,1397,9050,1,0,1,9052,A
4-HA,1398,8980,0,6,1,8987,A
4-HA,1399,9022,2,5,2,9031,A
4-HA,1400,2,3,3,9053,9061,C
4-HA,1401,9053,0,3,1,9057,A
4-HA,1402,9064,0,2,0,9066,A
4-HA,1403,9051,1,14,0,9066,A
4-HA,1404,2,1,9155,1,9159,G
4-HA,1405,9200,3,5,0,9208,A
4-HA,1406,9165,0,11,0,9176,A
4-HA,1407,6,1,9179,0,9186,G
4-HA,1408,2,4,1,9159,9166,C
4-HA,1409,9149,2,11,0,9162,A
4-HA,1410,9210,2,8,0,9220,A
4-HA,1411,1,1,0,9234,9236,C
4-HA,1412,2,9169,1,2,9174,T
4-HA,1413,6,3,9234,0,9243,G
4-HA,1414,9098,0,12,0,9110,A
4-HA,1415,3,8,9219,0,9230,G
4-HA,1416,2,7,9244,1,9254,G
4-HA,1417,1,0,9249,0,9250,G
4-HA,1418,9259,0,5,1,9265,A
4-HA,1419,9202,1,2,0,9205,A
4-HA,1420,9159,2,10,0,9171,A
4-HA,1421,9287,0,6,0,9293,A
4-HA,1422,2,9260,2,0,9264,T
4-HA,1423,4,0,9345,1,9350,G
4-HA,1424,1,3,1,9337,9342,C
4-HA,1425,1,9226,1,6,9234,T
4-HA,1426,3,3,9293,2,9301,G
4-HA,1427,9287,1,8,0,9296,A
4-HA,1428,4,3,9899,2,9908,G
4-HA,1429,3,3,10099,0,10105,G
4-HA,1430,9959,1,8,0,9968,A
4-HA,1431,0,9927,0,5,9932,T
4-HA,1432,9849,2,3,0,9854,A
4-HA,1433,1,9821,1,4,9827,T
4-HA,1434,4,19,9992,0,10015,G
4-HA,1435,3,5,10107,0,10115,G
4-HA,1436,9,1,10085,0,10095,G
4-HA,1437,1,1,1,9521,9524,C
4-HA,1438,9248,0,1,0,9249,A
4-HA,1439,9250,1,9,1,9261,A
4-HA,1440,1,9247,1,4,9253,T
4-HA,1441,7,5,9296,1,9309,G
4-HA,1442,1,1,9311,0,9313,G
4-HA,1443,0,9145,0,3,9148,T
4-HA,1444,0,8940,0,10,8950,T
4-HA,1445,1,1,9001,0,9003,G
4-HA,1446,1,9059,3,15,9078,T
4-HA,1447,1,9051,3,14,9069,T
4-HA,1448,0,9059,0,21,9080,T
4-HA,1449,5,1,0,9091,9097,C
4-HA,1450,9071,2,4,0,9077,A
4-HA,1451,9121,0,0,0,9121,A
4-HA,1452,9124,0,1,0,9125,A
4-HA,1453,9251,2,0,0,9253,A
4-HA,1454,0,9218,0,2,9220,T
4-HA,1455,9135,1,2,2,9140,A
4-HA,1456,0,9154,1,6,9161,T
4-HA,1457,9135,1,3,0,9139,A
4-HA,1458,0,6,0,9304,9310,C
4-HA,1459,3,0,0,9261,9264,C
4-HA,1460,9229,1,4,0,9234,A
4-HA,1461,4,5,0,9255,9264,C
4-HA,1462,9229,0,0,0,9229,A
4-HA,1463,9239,1,5,1,9246,A
4-HA,1464,9266,1,6,0,9273,A
4-HA,1465,0,9255,0,5,9260,T
4-HA,1466,3,1,9328,1,9333,G
4-HA,1467,0,9162,1,12,9175,T
4-HA,1468,3,7,9306,0,9316,G
4-HA,1469,9288,1,31,0,9320,A
4-HA,1470,3,2,2,9299,9306,C
4-HA,1471,9186,0,2,0,9188,A
4-HA,1472,9175,1,1,0,9177,A
4-HA,1473,0,9371,0,4,9375,T
4-HA,1474,4,1,9453,1,9459,G
4-HA,1475,2,5,1,9389,9397,C
4-HA,1476,5,5,1,9433,9444,C
4-HA,1477,12,9350,1,10,9373,T
4-HA,1478,2,4,9893,2,9901,G
4-HA,1479,0,3,5,9902,9910,C
4-HA,1480,9934,0,3,0,9937,A
4-HA,1481,0,9923,0,3,9926,T
4-HA,1482,9560,0,10,0,9570,A
4-HA,1483,4,7,9659,0,9670,G
4-HA,1484,2,8,9620,1,9631,G
4-HA,1485,9579,2,11,0,9592,A
4-HA,1486,1,9535,0,4,9540,T
4-HA,1487,4,1,2,9048,9055,C
4-HA,1488,9034,0,4,2,9040,A
4-HA,1489,9086,1,2,0,9089,A
4-HA,1490,0,9070,0,3,9073,T
4-HA,1491,2,2,2,9075,9081,C
4-HA,1492,8854,0,8,1,8863,A
4-HA,1493,0,3,8932,0,8935,G
4-HA,1494,8940,1,3,1,8945,A
4-HA,1495,8938,1,5,0,8944,A
4-HA,1496,8942,0,4,1,8947,A
4-HA,1497,2,8900,0,1,8903,T
4-HA,1498,5,4,8854,0,8863,G
4-HA,1499,2,3,8896,1,8902,G
4-HA,1500,8894,0,3,0,8897,A
4-HA,1501,8945,1,11,0,8957,A
4-HA,1502,1,1,0,8964,8966,C
4-HA,1503,1,8870,0,9,8880,T
4-HA,1504,0,8928,0,4,8932,T
4-HA,1505,8924,1,5,0,8930,A
4-HA,1506,0,8899,0,15,8914,T
4-HA,1507,0,14,8896,1,8911,G
4-HA,1508,8846,2,34,1,8883,A
4-HA,1509,0,1,0,8895,8896,C
4-HA,1510,7,3,0,8794,8804,C
4-HA,1511,8756,1,7,0,8764,A
4-HA,1512,0,3,0,9012,9015,C
4-HA,1513,2,1,9328,1,9332,G
4-HA,1514,9571,1,6,0,9578,A
4-HA,1515,1,9695,0,3,9699,T
4-HA,1516,5,0,10071,0,10076,G
4-HA,1517,1,10005,0,6,10012,T
4-HA,1518,10445,1,4,0,10450,A
4-HA,1519,0,10448,0,6,10454,T
4-HA,1520,10399,1,19,0,10419,A
4-HA,1521,1,5,5,10409,10420,C
4-HA,1522,9286,1,6,0,9293,A
4-HA,1523,6,5,9439,3,9453,G
4-HA,1524,8801,3,8,0,8812,A
4-HA,1525,1,3,8574,0,8578,G
4-HA,1526,8525,1,1,1,8528,A
4-HA,1527,1,7816,1,3,7821,T
4-HA,1528,4,3,7799,0,7806,G
4-HA,1529,7797,0,6,0,7803,A
4-HA,1530,7737,1,36,0,7774,A
4-HA,1531,0,1,7962,0,7963,G
4-HA,1532,1,1,0,7742,7744,C
4-HA,1533,7716,1,2,0,7719,A
4-HA,1534,1,7694,0,2,7697,T
4-HA,1535,0,7688,0,1,7689,T
4-HA,1536,7745,0,5,0,7750,A
4-HA,1537,7746,0,3,0,7749,A
4-HA,1538,7730,0,12,1,7743,A
4-HA,1539,2,2,1,7739,7744,C
4-HA,1540,7404,0,2,1,7407,A
4-HA,1541,7428,2,4,1,7435,A
4-HA,1542,0,2,1,7426,7429,C
4-HA,1543,0,4,0,7373,7377,C
4-HA,1544,3,4,7357,0,7364,G
4-HA,1545,3,1,7414,0,7418,G
4-HA,1546,2,7426,0,10,7438,T
4-HA,1547,0,7406,0,7,7413,T
4-HA,1548,8,1,0,7403,7412,C
4-HA,1549,5,4,2,7399,7410,C
4-HA,1550,7271,1,93,0,7365,A
4-HA,1551,8,2,7474,1,7485,G
4-HA,1552,7468,0,7,0,7475,A
4-HA,1553,1,7462,0,7,7470,T
4-HA,1554,0,2,1,7220,7223,C
4-HA,1555,7137,3,0,0,7140,A
4-HA,1556,7136,1,3,0,7140,A
4-HA,1557,6800,0,6,1,6807,A
4-HA,1558,2,4,6798,0,6804,G
4-HA,1559,1,3,6788,1,6793,G
4-HA,1560,6775,1,16,1,6793,A
4-HA,1561,0,0,6953,0,6953,G
4-HA,1562,0,6946,0,6,6952,T
4-HA,1563,0,6946,0,6,6952,T
4-HA,1564,1,2,7020,1,7024,G
4-HA,1565,6962,1,12,0,6975,A
4-HA,1566,2,0,7028,0,7030,G
4-HA,1567,1,1,0,7024,7026,C
4-HA,1568,0,6890,0,4,6894,T
4-HA,1569,0,1,6941,1,6943,G
4-HA,1570,6891,0,2,0,6893,A
4-HA,1571,6917,1,16,1,6935,A
4-HA,1572,1,0,6942,0,6943,G
4-HA,1573,0,6769,0,12,6781,T
4-HA,1574,5,4,1,6788,6798,C
4-HA,1575,6661,0,5,0,6666,A
4-HA,1576,1,4,6663,0,6668,G
4-HA,1577,0,4,6650,0,6654,G
4-HA,1578,5,2,6443,0,6450,G
4-HA,1579,0,6774,0,1,6775,T
4-HA,1580,6771,1,8,0,6780,A
4-HA,1581,1,1,0,6780,6782,C
4-HA,1582,6744,1,1,0,6746,A
4-HA,1583,6737,0,4,0,6741,A
4-HA,1584,6748,0,1,0,6749,A
4-HA,1585,1,2,6833,0,6836,G
4-HA,1586,6637,0,1,0,6638,A
4-HA,1587,0,6385,0,3,6388,T
4-HA,1588,0,6283,1,4,6288,T
4-HA,1589,1,3,6287,0,6291,G
4-HA,1590,2,1,6276,1,6280,G
4-HA,1591,6300,2,8,0,6310,A
4-HA,1592,1,6310,0,9,6320,T
4-HA,1593,0,1,0,6300,6301,C
4-HA,1594,3,1,0,6139,6143,C
4-HA,1595,0,6058,1,6,6065,T
4-HA,1596,6121,0,2,0,6123,A
4-HA,1597,0,6111,2,14,6127,T
4-HA,1598,1,4,6100,0,6105,G
4-HA,1599,1,2,6111,0,6114,G
4-HA,1600,5939,0,1,0,5940,A
4-HA,1601,1,5905,0,13,5919,T
4-HA,1602,0,5807,0,7,5814,T
4-HA,1603,0,5818,2,8,5828,T
4-HA,1604,1,0,0,5833,5834,C
4-HA,1605,3,2,0,5816,5821,C
4-HA,1606,0,5678,0,19,5697,T
4-HA,1607,0,5678,1,5,5684,T
4-HA,1608,0,5643,0,4,5647,T
4-HA,1609,1,1,5701,0,5703,G
4-HA,1610,0,1,0,5683,5684,C
4-HA,1611,4,3,0,5673,5680,C
4-HA,1612,5545,0,4,0,5549,A
4-HA,1613,1,5497,0,3,5501,T
4-HA,1614,5566,1,0,0,5567,A
4-HA,1615,0,5554,1,8,5563,T
4-HA,1616,3,2,1,5522,5528,C
4-HA,1617,5513,0,6,0,5519,A
4-HA,1618,0,5389,0,6,5395,T
4-HA,1619,1,0,5441,0,5442,G
4-HA,1620,2,5399,1,5,5407,T
4-HA,1621,1,5331,0,1,5333,T
4-HA,1622,0,5308,2,7,5317,T
4-HA,1623,0,5157,0,1,5158,T
4-HA,1624,0,5150,2,2,5154,T
4-HA,1625,1,5148,0,4,5153,T
4-HA,1626,2,0,5177,0,5179,G
4-HA,1627,2,2,0,5157,5161,C
4-HA,1628,0,5001,0,5,5006,T
4-HA,1629,1,5019,0,3,5023,T
4-HA,1630,0,5004,2,2,5008,T
4-HA,1631,0,0,5136,0,5136,G
4-HA,1632,2,5122,0,6,5130,T
4-HA,1633,2,0,5135,1,5138,G
4-HA,1634,1,5119,0,6,5126,T
4-HA,1635,0,4993,0,5,4998,T
4-HA,1636,0,1,5061,0,5062,G
4-HA,1637,0,1,0,5053,5054,C
4-HA,1638,0,4999,0,2,5001,T
4-HA,1639,1,5058,1,0,5060,T
4-HA,1640,0,4702,0,0,4702,T
4-HA,1641,1,1,4742,1,4745,G
4-HA,1642,0,4711,1,7,4719,T
4-HA,1643,0,4713,0,6,4719,T
4-HA,1644,1,6,4698,0,4705,G
4-HA,1645,1,4,4601,0,4606,G
4-HA,1646,0,0,4623,0,4623,G
4-HA,1647,0,0,4639,0,4639,G
4-HA,1648,0,4439,0,18,4457,T
4-HA,1649,1,4417,0,8,4426,T
4-HA,1650,3,2,0,4333,4338,C
4-HA,1651,4270,0,4,0,4274,A
4-HA,1652,0,4294,0,8,4302,T
4-HA,1653,3,2,1,4297,4303,C
4-HA,1654,4280,0,4,0,4284,A
4-HA,1655,0,4116,1,3,4120,T
4-HA,1656,0,1,4074,0,4075,G
4-HA,1657,0,3999,0,4,4003,T
4-HA,1658,0,3,3948,0,3951,G
4-HA,1659,0,3,3819,0,3822,G
4-HA,1660,1,0,3795,0,3796,G
4-HA,1661,1,2,0,3673,3676,C
4-HA,1662,3,0,0,3568,3571,C
4-HA,1663,2,3331,0,2,3335,T
4-HA,1664,1,0,3355,1,3357,G
4-HA,1665,0,1,0,3342,3343,C
4-HA,1666,3,0,1,3347,3351,C
4-HA,1667,3328,0,2,0,3330,A
4-HA,1668,3294,0,0,0,3294,A
4-HA,1669,3299,0,0,0,3299,A
4-HA,1670,3285,0,1,0,3286,A
4-HA,1671,3284,0,2,0,3286,A
4-HA,1672,0,1,3292,0,3293,G
4-HA,1673,0,0,3187,0,3187,G
4-HA,1674,2,2,0,3134,3138,C
4-HA,1675,3123,1,2,0,3126,A
4-HA,1676,3163,0,5,0,3168,A
4-HA,1677,4,0,0,3165,3169,C
4-HA,1678,3166,0,0,0,3166,A
4-HA,1679,0,3162,0,1,3163,T
4-HA,1680,1,3116,0,0,3117,T
4-HA,1681,3018,0,3,2,3023,A
4-HA,1682,1,1,2988,0,2990,G
4-HA,1683,0,0,2995,0,2995,G
4-HA,1684,0,2884,0,4,2888,T
4-HA,1685,1,0,2690,0,2691,G
4-HA,1686,0,0,0,2577,2577,C
4-HA,1687,2524,0,3,0,2527,A
4-HA,1688,2515,0,6,0,2521,A
4-HA,1689,1,0,0,2513,2514,C
4-HA,1690,2483,0,0,0,2483,A
4-HA,1691,0,2418,1,0,2419,T
4-HA,1692,0,2212,0,3,2215,T
4-HA,1693,0,2210,0,1,2211,T
4-HA,1694,2,1,2205,0,2208,G
4-HA,1695,1,1,0,2179,2181,C
4-HA,1696,2168,0,0,0,2168,A
4-HA,1697,0,2040,0,2,2042,T
4-HA,1698,0,1968,0,3,1971,T
4-HA,1699,0,1896,0,0,1896,T
4-HA,1700,0,0,1888,0,1888,G
4-HA,1701,1834,0,0,0,1834,A
5-NP,1,314,0,0,0,314,A
5-NP,2,0,314,0,0,314,T
5-NP,3,0,0,315,0,315,G
5-NP,4,0,0,315,0,315,G
5-NP,5,0,0,0,317,317,C
5-NP,6,0,0,323,0,323,G
5-NP,7,0,343,0,0,343,T
5-NP,8,0,0,0,347,347,C
5-NP,9,0,0,0,352,352,C
5-NP,10,0,0,0,353,353,C
5-NP,11,353,0,0,0,353,A
5-NP,12,353,0,0,0,353,A
5-NP,13,0,0,358,0,358,G
5-NP,14,0,0,371,0,371,G
5-NP,15,0,0,0,376,376,C
5-NP,16,375,0,0,0,375,A
5-NP,17,0,0,0,381,381,C
5-NP,18,1,0,0,380,381,C
5-NP,19,384,0,0,0,384,A
5-NP,20,384,0,0,0,384,A
5-NP,21,384,0,0,0,384,A
5-NP,22,0,0,0,386,386,C
5-NP,23,1,1,398,0,400,G
5-NP,24,0,0,437,0,437,G
5-NP,25,0,437,0,1,438,T
5-NP,26,0,0,0,483,483,C
5-NP,27,0,483,0,0,483,T
5-NP,28,0,488,0,0,488,T
5-NP,29,488,1,0,0,489,A
5-NP,30,0,490,0,0,490,T
5-NP,31,0,1,488,0,489,G
5-NP,32,476,0,0,1,477,A
5-NP,33,0,0,451,0,451,G
5-NP,34,0,0,0,459,459,C
5-NP,35,460,0,0,0,460,A
5-NP,36,0,0,494,0,494,G
5-NP,37,488,0,0,0,488,A
5-NP,38,0,490,0,0,490,T
5-NP,39,0,0,489,0,489,G
5-NP,40,0,1,487,0,488,G
5-NP,41,482,0,0,0,482,A
5-NP,42,489,0,0,0,489,A
5-NP,43,491,0,1,0,492,A
5-NP,44,0,0,0,507,507,C
5-NP,45,0,490,0,0,490,T
5-NP,46,0,0,498,0,498,G
5-NP,47,491,0,0,0,491,A
5-NP,48,0,492,0,0,492,T
5-NP,49,0,0,496,0,496,G
5-NP,50,0,0,498,0,498,G
5-NP,51,0,1,497,0,498,G
5-NP,52,0,0,503,0,503,G
5-NP,53,493,0,0,0,493,A
5-NP,54,0,493,0,0,493,T
5-NP,55,0,0,0,498,498,C
5-NP,56,1,0,496,0,497,G
5-NP,57,1,0,0,507,508,C
5-NP,58,0,0,0,508,508,C
5-NP,59,504,0,0,0,504,A
5-NP,60,0,0,516,0,516,G
5-NP,61,513,0,0,1,514,A
5-NP,62,526,0,0,0,526,A
5-NP,63,1,530,0,0,531,T
5-NP,64,0,0,527,0,527,G
5-NP,65,0,0,0,531,531,C
5-NP,66,525,0,0,0,525,A
5-NP,67,533,0,3,0,536,A
5-NP,68,0,0,0,534,534,C
5-NP,69,0,531,0,0,531,T
5-NP,70,0,2,537,0,539,G
5-NP,71,552,0,0,0,552,A
5-NP,72,0,0,594,0,594,G
5-NP,73,594,0,0,0,594,A
5-NP,74,0,588,1,0,589,T
5-NP,75,0,590,0,1,591,T
5-NP,76,587,0,2,0,589,A
5-NP,77,0,2,598,0,600,G
5-NP,78,0,0,602,0,602,G
5-NP,79,0,0,601,0,601,G
5-NP,80,0,0,0,593,593,C
5-NP,81,587,0,0,0,587,A
5-NP,82,0,588,0,1,589,T
5-NP,83,1,0,0,588,589,C
5-NP,84,0,0,0,591,591,C
5-NP,85,0,0,598,0,598,G
5-NP,86,0,600,0,0,600,T
5-NP,87,1,0,0,597,598,C
5-NP,88,0,0,598,0,598,G
5-NP,89,0,0,599,0,599,G
5-NP,90,0,1,601,0,602,G
5-NP,91,598,0,0,0,598,A
5-NP,92,592,0,0,0,592,A
5-NP,93,0,0,599,0,599,G
5-NP,94,599,0,0,0,599,A
5-NP,95,0,605,0,1,606,T
5-NP,96,0,1,607,0,608,G
5-NP,97,611,0,1,0,612,A
5-NP,98,0,614,0,0,614,T
5-NP,99,0,607,0,0,607,T
5-NP,100,0,0,610,0,610,G
5-NP,101,610,0,0,0,610,A
5-NP,102,0,605,0,0,605,T
5-NP,103,0,0,606,0,606,G
5-NP,104,0,0,598,0,598,G
5-NP,105,0,0,593,0,593,G
5-NP,106,628,0,0,0,628,A
5-NP,107,0,630,0,0,630,T
5-NP,108,0,633,0,0,633,T
5-NP,109,0,0,640,0,640,G
5-NP,110,0,0,639,0,639,G
5-NP,111,0,1,634,0,635,G
5-NP,112,633,0,0,0,633,A
5-NP,113,0,1,631,0,632,G
5-NP,114,628,1,0,0,629,A
5-NP,115,0,639,0,0,639,T
5-NP,116,0,641,0,0,641,T
5-NP,117,0,0,0,643,643,C
5-NP,118,1,641,0,1,643,T
5-NP,119,653,0,0,0,653,A
5-NP,120,0,0,0,653,653,C
5-NP,121,675,0,1,0,676,A
5-NP,122,0,681,0,1,682,T
5-NP,123,0,0,0,675,675,C
5-NP,124,1,1,0,678,680,C
5-NP,125,684,0,0,0,684,A
5-NP,126,703,0,0,0,703,A
5-NP,127,702,0,0,0,702,A
5-NP,128,0,691,0,0,691,T
5-NP,129,0,0,694,0,694,G
5-NP,130,0,680,0,1,681,T
5-NP,131,0,0,691,0,691,G
5-NP,132,0,1,0,689,690,C
5-NP,133,688,0,0,0,688,A
5-NP,134,0,0,0,687,687,C
5-NP,135,0,681,0,2,683,T
5-NP,136,0,0,728,0,728,G
5-NP,137,746,0,0,0,746,A
5-NP,138,755,0,1,0,756,A
5-NP,139,0,0,0,773,773,C
5-NP,140,0,762,0,1,763,T
5-NP,141,0,765,0,1,766,T
5-NP,142,766,0,0,0,766,A
5-NP,143,765,0,1,0,766,A
5-NP,144,769,0,0,0,769,A
5-NP,145,0,0,0,770,770,C
5-NP,146,0,736,0,1,737,T
5-NP,147,0,0,0,745,745,C
5-NP,148,729,0,1,0,730,A
5-NP,149,0,0,744,0,744,G
5-NP,150,0,744,0,0,744,T
5-NP,151,0,1,745,0,746,G
5-NP,152,765,0,0,0,765,A
5-NP,153,0,767,0,1,768,T
5-NP,154,0,0,0,781,781,C
5-NP,155,781,0,0,0,781,A
5-NP,156,0,776,0,2,778,T
5-NP,157,1,0,777,0,778,G
5-NP,158,772,0,1,0,773,A
5-NP,159,767,0,2,0,769,A
5-NP,160,0,0,773,0,773,G
5-NP,161,0,0,760,0,760,G
5-NP,162,0,0,763,0,763,G
5-NP,163,0,1,0,754,755,C
5-NP,164,0,3,757,0,760,G
5-NP,165,0,0,765,0,765,G
5-NP,166,0,768,0,0,768,T
5-NP,167,0,764,0,0,764,T
5-NP,168,0,0,767,0,767,G
5-NP,169,845,0,2,0,847,A
5-NP,170,0,848,0,0,848,T
5-NP,171,0,1,0,846,847,C
5-NP,172,0,0,1,848,849,C
5-NP,173,843,0,2,0,845,A
5-NP,174,0,0,848,0,848,G
5-NP,175,846,0,0,0,846,A
5-NP,176,850,0,0,0,850,A
5-NP,177,0,0,0,859,859,C
5-NP,178,787,0,0,0,787,A
5-NP,179,2,0,797,0,799,G
5-NP,180,0,0,0,792,792,C
5-NP,181,0,796,0,0,796,T
5-NP,182,0,804,0,1,805,T
5-NP,183,0,0,803,0,803,G
5-NP,184,809,0,0,0,809,A
5-NP,185,1,0,0,816,817,C
5-NP,186,806,0,2,0,808,A
5-NP,187,816,0,0,0,816,A
5-NP,188,0,804,0,1,805,T
5-NP,189,806,0,0,0,806,A
5-NP,190,0,0,808,0,808,G
5-NP,191,800,0,3,1,804,A
5-NP,192,0,0,810,0,810,G
5-NP,193,803,0,0,0,803,A
5-NP,194,823,0,0,0,823,A
5-NP,195,820,0,0,0,820,A
5-NP,196,854,0,0,0,854,A
5-NP,197,0,857,0,0,857,T
5-NP,198,0,0,856,0,856,G
5-NP,199,0,0,857,0,857,G
5-NP,200,0,849,0,1,850,T
5-NP,201,826,0,0,0,826,A
5-NP,202,0,0,0,834,834,C
5-NP,203,0,836,0,0,836,T
5-NP,204,0,0,0,857,857,C
5-NP,205,0,823,0,4,827,T
5-NP,206,0,0,0,839,839,C
5-NP,207,0,837,0,0,837,T
5-NP,208,0,0,849,0,849,G
5-NP,209,0,1,0,848,849,C
5-NP,210,0,840,1,3,844,T
5-NP,211,0,843,0,0,843,T
5-NP,212,0,843,1,1,845,T
5-NP,213,0,832,0,1,833,T
5-NP,214,0,0,841,0,841,G
5-NP,215,830,0,2,0,832,A
5-NP,216,0,834,0,1,835,T
5-NP,217,0,0,837,0,837,G
5-NP,218,835,0,0,0,835,A
5-NP,219,837,0,1,0,838,A
5-NP,220,842,0,1,0,843,A
5-NP,221,1,0,843,0,844,G
5-NP,222,843,1,1,0,845,A
5-NP,223,843,0,1,0,844,A
5-NP,224,0,2,860,0,862,G
5-NP,225,0,0,886,0,886,G
5-NP,226,893,0,0,0,893,A
5-NP,227,902,0,1,0,903,A
5-NP,228,1,903,0,2,906,T
5-NP,229,900,0,0,0,900,A
5-NP,230,904,0,1,0,905,A
5-NP,231,909,0,0,0,909,A
5-NP,232,0,911,0,0,911,T
5-NP,233,910,0,0,0,910,A
5-NP,234,0,0,0,908,908,C
5-NP,235,0,0,0,892,892,C
5-NP,236,0,888,0,0,888,T
5-NP,237,1,0,891,0,892,G
5-NP,238,0,0,912,0,912,G
5-NP,239,915,0,1,0,916,A
5-NP,240,908,0,3,0,911,A
5-NP,241,0,0,919,0,919,G
5-NP,242,918,0,0,0,918,A
5-NP,243,912,0,1,0,913,A
5-NP,244,1,1,0,912,914,C
5-NP,245,908,0,0,0,908,A
5-NP,246,2,0,0,922,924,C
5-NP,247,1,0,0,917,918,C
5-NP,248,1,0,0,914,915,C
5-NP,249,0,0,0,918,918,C
5-NP,250,885,0,1,0,886,A
5-NP,251,0,0,891,0,891,G
5-NP,252,0,1,0,885,886,C
5-NP,253,0,0,892,0,892,G
5-NP,254,0,0,0,888,888,C
5-NP,255,0,1,874,0,875,G
5-NP,256,1,2,882,0,885,G
5-NP,257,0,0,882,0,882,G
5-NP,258,0,1,890,0,891,G
5-NP,259,886,1,0,0,887,A
5-NP,260,888,0,0,0,888,A
5-NP,261,884,0,3,0,887,A
5-NP,262,0,0,892,0,892,G
5-NP,263,887,0,2,0,889,A
5-NP,264,0,891,0,1,892,T
5-NP,265,0,1,0,888,889,C
5-NP,266,0,0,0,886,886,C
5-NP,267,0,0,0,890,890,C
5-NP,268,891,0,1,0,892,A
5-NP,269,890,0,1,0,891,A
5-NP,270,0,0,895,0,895,G
5-NP,271,885,0,0,0,885,A
5-NP,272,897,0,0,0,897,A
5-NP,273,888,0,3,0,891,A
5-NP,274,899,0,0,0,899,A
5-NP,275,0,0,0,894,894,C
5-NP,276,0,892,0,0,892,T
5-NP,277,0,0,894,0,894,G
5-NP,278,0,0,898,0,898,G
5-NP,279,0,0,894,0,894,G
5-NP,280,0,0,892,0,892,G
5-NP,281,1,0,892,0,893,G
5-NP,282,0,0,900,0,900,G
5-NP,283,0,0,0,956,956,C
5-NP,284,0,0,0,954,954,C
5-NP,285,2,0,0,960,962,C
5-NP,286,1094,0,0,0,1094,A
5-NP,287,1,1100,0,0,1101,T
5-NP,288,1172,0,1,0,1173,A
5-NP,289,0,1181,0,0,1181,T
5-NP,290,1154,0,6,0,1160,A
5-NP,291,0,0,0,1175,1175,C
5-NP,292,1068,0,3,0,1071,A
5-NP,293,0,0,1094,0,1094,G
5-NP,294,0,1,1093,0,1094,G
5-NP,295,967,0,0,0,967,A
5-NP,296,0,2,989,0,991,G
5-NP,297,944,0,3,0,947,A
5-NP,298,0,0,954,0,954,G
5-NP,299,0,951,0,0,951,T
5-NP,300,944,0,0,0,944,A
5-NP,301,0,0,941,0,941,G
5-NP,302,928,1,1,0,930,A
5-NP,303,0,929,0,0,929,T
5-NP,304,0,1,927,0,928,G
5-NP,305,0,0,928,0,928,G
5-NP,306,926,0,0,0,926,A
5-NP,307,921,0,0,0,921,A
5-NP,308,924,0,0,0,924,A
5-NP,309,923,1,1,0,925,A
5-NP,310,0,927,0,0,927,T
5-NP,311,0,0,945,0,945,G
5-NP,312,0,1,947,0,948,G
5-NP,313,943,0,1,0,944,A
5-NP,314,0,943,0,1,944,T
5-NP,315,0,1,946,0,947,G
5-NP,316,945,0,3,0,948,A
5-NP,317,0,0,961,0,961,G
5-NP,318,0,0,960,0,960,G
5-NP,319,1,2,990,0,993,G
5-NP,320,1125,0,3,0,1128,A
5-NP,321,1162,0,0,0,1162,A
5-NP,322,1,0,0,1280,1281,C
5-NP,323,0,1274,0,7,1281,T
5-NP,324,1,0,0,1389,1390,C
5-NP,325,0,1,1454,0,1455,G
5-NP,326,0,1535,0,0,1535,T
5-NP,327,1,0,0,1592,1593,C
5-NP,328,1,0,0,2446,2447,C
5-NP,329,0,2448,1,2,2451,T
5-NP,330,0,2508,0,0,2508,T
5-NP,331,1,2503,0,1,2505,T
5-NP,332,2541,0,0,0,2541,A
5-NP,333,0,2556,0,0,2556,T
5-NP,334,0,5,2562,1,2568,G
5-NP,335,2633,2,12,0,2647,A
5-NP,336,0,0,0,2681,2681,C
5-NP,337,2654,0,0,0,2654,A
5-NP,338,2679,0,0,0,2679,A
5-NP,339,2739,1,1,0,2741,A
5-NP,340,1,0,3257,0,3258,G
5-NP,341,3245,1,2,0,3248,A
5-NP,342,3252,0,17,0,3269,A
5-NP,343,0,2,3865,0,3867,G
5-NP,344,3950,0,3,0,3953,A
5-NP,345,3988,0,1,0,3989,A
5-NP,346,3980,0,3,0,3983,A
5-NP,347,0,3999,0,0,3999,T
5-NP,348,4009,0,2,0,4011,A
5-NP,349,4022,1,8,0,4031,A
5-NP,350,3,2,4220,0,4225,G
5-NP,351,1,0,4219,0,4220,G
5-NP,352,0,2,0,4203,4205,C
5-NP,353,3,3,4201,0,4207,G
5-NP,354,4262,0,2,0,4264,A
5-NP,355,4439,0,4,0,4443,A
5-NP,356,0,4475,0,6,4481,T
5-NP,357,1,1,0,4491,4493,C
5-NP,358,0,4479,0,4,4483,T
5-NP,359,3,2,4487,1,4493,G
5-NP,360,1,0,4512,0,4513,G
5-NP,361,0,2,0,4539,4541,C
5-NP,362,7,0,4538,0,4545,G
5-NP,363,1,1,1,4564,4567,C
5-NP,364,0,2,0,4569,4571,C
5-NP,365,4601,0,3,0,4604,A
5-NP,366,4781,0,4,0,4785,A
5-NP,367,0,0,5132,1,5133,G
5-NP,368,0,2,0,5151,5153,C
5-NP,369,0,0,0,5362,5362,C
5-NP,370,5374,0,7,0,5381,A
5-NP,371,5602,0,4,0,5606,A
5-NP,372,0,2,0,5814,5816,C
5-NP,373,5836,0,1,0,5837,A
5-NP,374,6167,2,8,0,6177,A
5-NP,375,0,6231,0,0,6231,T
5-NP,376,0,11,6651,3,6665,G
5-NP,377,2,0,6719,4,6725,G
5-NP,378,1,6663,0,6,6670,T
5-NP,379,5,7,6687,3,6702,G
5-NP,380,6656,0,12,1,6669,A
5-NP,381,0,7,7127,0,7134,G
5-NP,382,2,4,7139,1,7146,G
5-NP,383,7339,1,6,0,7346,A
5-NP,384,2,8586,0,4,8592,T
5-NP,385,0,2,8839,1,8842,G
5-NP,386,1,1,0,8919,8921,C
5-NP,387,3,8918,0,15,8936,T
5-NP,388,9047,2,8,0,9057,A
5-NP,389,0,0,1,9365,9366,C
5-NP,390,9404,0,3,0,9407,A
5-NP,391,0,9404,2,12,9418,T
5-NP,392,2,2,1,9375,9380,C
5-NP,393,1,9135,1,5,9142,T
5-NP,394,2,2,9819,0,9823,G
5-NP,395,3,1,10217,0,10221,G
5-NP,396,1,10197,0,23,10221,T
5-NP,397,5,0,0,10246,10251,C
5-NP,398,0,10192,0,9,10201,T
5-NP,399,10533,0,4,0,10537,A
5-NP,400,10561,2,9,0,10572,A
5-NP,401,2,0,0,10712,10714,C
5-NP,402,1,10681,0,18,10700,T
5-NP,403,4,3,0,10921,10928,C
5-NP,404,10861,1,15,0,10877,A
5-NP,405,0,1,0,11525,11526,C
5-NP,406,11513,0,5,0,11518,A
5-NP,407,1,11580,0,4,11585,T
5-NP,408,11496,0,2,0,11498,A
5-NP,409,11541,0,7,0,11548,A
5-NP,410,0,11620,0,6,11626,T
5-NP,411,3,6,11802,1,11812,G
5-NP,412,11770,0,5,0,11775,A
5-NP,413,0,11747,1,7,11755,T
5-NP,414,2,11611,0,4,11617,T
5-NP,415,2,11619,1,13,11635,T
5-NP,416,4,11,11583,1,11599,G
5-NP,417,1,1,11624,0,11626,G
5-NP,418,0,6,1,11630,11637,C
5-NP,419,11639,0,10,1,11650,A
5-NP,420,0,11648,0,15,11663,T
5-NP,421,1,11633,1,18,11653,T
5-NP,422,5,0,1,11657,11663,C
5-NP,423,10,1,0,11697,11708,C
5-NP,424,11979,0,1,1,11981,A
5-NP,425,11998,0,2,0,12000,A
5-NP,426,0,12002,1,3,12006,T
5-NP,427,1,11991,1,2,11995,T
5-NP,428,3,11983,2,3,11991,T
5-NP,429,1,4,12136,0,12141,G
5-NP,430,12127,0,6,0,12133,A
5-NP,431,12156,0,8,0,12164,A
5-NP,432,1,12259,0,1,12261,T
5-NP,433,1,9,12162,2,12174,G
5-NP,434,12836,0,14,0,12850,A
5-NP,435,3,12869,2,13,12887,T
5-NP,436,2,3,12984,0,12989,G
5-NP,437,3,5,1,13569,13578,C
5-NP,438,13508,3,17,2,13530,A
5-NP,439,14341,1,17,1,14360,A
5-NP,440,2,5,0,14395,14402,C
5-NP,441,14644,0,5,1,14650,A
5-NP,442,2,15142,0,6,15150,T
5-NP,443,14874,0,9,0,14883,A
5-NP,444,2,13,1,15225,15241,C
5-NP,445,7,4,2,15215,15228,C
5-NP,446,14799,2,12,1,14814,A
5-NP,447,290,4,14816,12,15122,G
5-NP,448,14710,1,31,1,14743,A
5-NP,449,1,7,15332,0,15340,G
5-NP,450,6,11,15268,3,15288,G
5-NP,451,15114,3,35,1,15153,A
5-NP,452,2,6,0,15369,15377,C
5-NP,453,15173,3,21,1,15198,A
5-NP,454,15173,1,19,3,15196,A
5-NP,455,3,13,15277,6,15299,G
5-NP,456,15111,2,31,2,15146,A
5-NP,457,1,2,15306,0,15309,G
5-NP,458,2,2,0,15186,15190,C
5-NP,459,1,15078,0,29,15108,T
5-NP,460,11,1,3,15204,15219,C
5-NP,461,1,15134,1,22,15158,T
5-NP,462,0,15247,1,2,15250,T
5-NP,463,7,6,15290,6,15309,G
5-NP,464,2,15213,0,8,15223,T
5-NP,465,1,15214,1,7,15223,T
5-NP,466,8,3,0,15169,15180,C
5-NP,467,3,12,15161,2,15178,G
5-NP,468,15515,0,9,2,15526,A
5-NP,469,15512,1,9,2,15524,A
5-NP,470,0,1,0,15676,15677,C
5-NP,471,0,15602,1,16,15619,T
5-NP,472,5,9,15893,1,15908,G
5-NP,473,2,15,15955,5,15977,G
5-NP,474,15954,2,17,2,15975,A
5-NP,475,16014,0,16,1,16031,A
5-NP,476,2,15991,0,4,15997,T
5-NP,477,1,9,15943,0,15953,G
5-NP,478,3,8,16034,1,16046,G
5-NP,479,16228,1,24,2,16255,A
5-NP,480,2,16407,0,18,16427,T
5-NP,481,5,3,1,16463,16472,C
5-NP,482,7,3,1,16441,16452,C
5-NP,483,11,2,1,16484,16498,C
5-NP,484,16613,1,21,2,16637,A
5-NP,485,5,6,16837,2,16850,G
5-NP,486,16824,0,7,2,16833,A
5-NP,487,16811,0,11,1,16823,A
5-NP,488,1,16658,1,3,16663,T
5-NP,489,7,1,16919,1,16928,G
5-NP,490,2,16778,0,17,16797,T
5-NP,491,9,6,16909,2,16926,G
5-NP,492,1,1,0,16945,16947,C
5-NP,493,1,16838,1,34,16874,T
5-NP,494,9,6,3,17994,18012,C
5-NP,495,2,17889,0,14,17905,T
5-NP,496,6,4,6,18646,18662,C
5-NP,497,3,18579,1,11,18594,T
5-NP,498,8,9,18556,8,18581,G
5-NP,499,18687,2,27,1,18717,A
5-NP,500,3,18634,0,3,18640,T
5-NP,501,3,4,18626,2,18635,G
5-NP,502,3,6,3,18609,18621,C
5-NP,503,17877,0,21,0,17898,A
5-NP,504,6,9,18452,2,18469,G
5-NP,505,2,8,18019,3,18032,G
5-NP,506,13,2,18238,0,18253,G
5-NP,507,3,6,2,18210,18221,C
5-NP,508,1,18106,0,17,18124,T
5-NP,509,8,7,1,18234,18250,C
5-NP,510,2,13,18236,1,18252,G
5-NP,511,18489,2,29,2,18522,A
5-NP,512,1,1,0,18559,18561,C
5-NP,513,1,18166,1,61,18229,T
5-NP,514,13,0,1,19241,19255,C
5-NP,515,0,19060,0,31,19091,T
5-NP,516,8,4,0,21699,21711,C
5-NP,517,14,3,1,21731,21749,C
5-NP,518,16,3,3,21764,21786,C
5-NP,519,2,21741,1,15,21759,T
5-NP,520,21612,2,5,0,21619,A
5-NP,521,8,7,21612,9,21636,G
5-NP,522,21598,1,7,0,21606,A
5-NP,523,20924,0,27,4,20955,A
5-NP,524,3,11,20960,3,20977,G
5-NP,525,3,2,20465,1,20471,G
5-NP,526,1,20130,1,21,20153,T
5-NP,527,6,5,1,20196,20208,C
5-NP,528,9,18,1,20193,20221,C
5-NP,529,6,9,20204,2,20221,G
5-NP,530,5,9,20344,7,20365,G
5-NP,531,20288,0,30,0,20318,A
5-NP,532,3,6,20570,0,20579,G
5-NP,533,1,7,0,20668,20676,C
5-NP,534,3,20304,1,31,20339,T
5-NP,535,9,3,20455,3,20470,G
5-NP,536,2,8,2,20499,20511,C
5-NP,537,20403,8,34,1,20446,A
5-NP,538,2,5,20544,3,20554,G
5-NP,539,4,1,20511,9,20525,G
5-NP,540,0,20344,1,22,20367,T
5-NP,541,4,4,20335,2,20345,G
5-NP,542,2,7,0,20410,20419,C
5-NP,543,2,20365,0,31,20398,T
5-NP,544,12,5,20490,0,20507,G
5-NP,545,3,7,1,20470,20481,C
5-NP,546,20675,1,26,0,20702,A
5-NP,547,10,2,21036,4,21052,G
5-NP,548,3,20771,2,25,20801,T
5-NP,549,9,6,5,20826,20846,C
5-NP,550,20780,2,4,2,20788,A
5-NP,551,20817,1,11,2,20831,A
5-NP,552,20788,2,38,2,20830,A
5-NP,553,3,13,20955,1,20972,G
5-NP,554,1,17,21049,3,21070,G
5-NP,555,20953,3,25,0,20981,A
5-NP,556,20838,0,16,3,20857,A
5-NP,557,1,20863,0,3,20867,T
5-NP,558,7,7,0,20832,20846,C
5-NP,559,8,13,20827,0,20848,G
5-NP,560,4,11,21512,0,21527,G
5-NP,561,6,8,21543,0,21557,G
5-NP,562,21445,4,20,1,21470,A
5-NP,563,0,3,3,21566,21572,C
5-NP,564,21322,2,5,1,21330,A
5-NP,565,21854,0,14,0,21868,A
5-NP,566,2,21927,1,12,21942,T
5-NP,567,2,8,22076,2,22088,G
5-NP,568,3,3,22573,1,22580,G
5-NP,569,1,22252,0,26,22279,T
5-NP,570,4,5,22449,2,22460,G
5-NP,571,22340,4,39,0,22383,A
5-NP,572,1,22361,1,18,22381,T
5-NP,573,5,9,22396,0,22410,G
5-NP,574,6,10,22628,1,22645,G
5-NP,575,22438,6,36,1,22481,A
5-NP,576,22457,2,67,1,22527,A
5-NP,577,1,4,1,22505,22511,C
5-NP,578,2,21751,1,14,21768,T
5-NP,579,13,13,22999,3,23028,G
5-NP,580,22878,3,16,1,22898,A
5-NP,581,3,22958,0,10,22971,T
5-NP,582,18,4,2,22989,23013,C
5-NP,583,22501,5,19,1,22526,A
5-NP,584,6,7,22998,1,23012,G
5-NP,585,22850,5,21,0,22876,A
5-NP,586,22896,1,23,2,22922,A
5-NP,587,1,22937,0,14,22952,T
5-NP,588,5,10,22195,1,22211,G
5-NP,589,5,5,22460,0,22470,G
5-NP,590,4,22358,0,35,22397,T
5-NP,591,19,5,0,22431,22455,C
5-NP,592,22423,0,13,0,22436,A
5-NP,593,22248,0,7,0,22255,A
5-NP,594,22260,2,22,1,22285,A
5-NP,595,2,15,0,22315,22332,C
5-NP,596,6,24,22292,1,22323,G
5-NP,597,5,27,22367,0,22399,G
5-NP,598,4,11,22190,0,22205,G
5-NP,599,7,14,22188,2,22211,G
5-NP,600,22015,3,30,0,22048,A
5-NP,601,22246,5,28,0,22279,A
5-NP,602,2,22213,0,13,22228,T
5-NP,603,7,2,2,22263,22274,C
5-NP,604,22215,0,22,2,22239,A
5-NP,605,22211,1,18,2,22232,A
5-NP,606,2,3,0,22100,22105,C
5-NP,607,3,14,21944,2,21963,G
5-NP,608,21827,3,17,1,21848,A
5-NP,609,2,21816,3,5,21826,T
5-NP,610,10,3,0,21846,21859,C
5-NP,611,3,7,21865,0,21875,G
5-NP,612,21755,3,11,1,21770,A
5-NP,613,21789,0,8,0,21797,A
5-NP,614,21824,1,7,1,21833,A
5-NP,615,0,22141,2,2,22145,T
5-NP,616,3,22155,2,3,22163,T
5-NP,617,0,22123,0,5,22128,T
5-NP,618,2,22169,0,5,22176,T
5-NP,619,1,22231,0,8,22240,T
5-NP,620,5,16,22254,1,22276,G
5-NP,621,4,15,22249,2,22270,G
5-NP,622,22121,3,25,0,22149,A
5-NP,623,7,11,22320,1,22339,G
5-NP,624,21936,2,29,2,21969,A
5-NP,625,6,9,23192,0,23207,G
5-NP,626,2,3,23315,0,23320,G
5-NP,627,2,23069,1,25,23097,T
5-NP,628,5,17,23310,4,23336,G
5-NP,629,23255,8,33,2,23298,A
5-NP,630,4,11,23421,4,23440,G
5-NP,631,23317,2,39,0,23358,A
5-NP,632,23268,2,38,1,23309,A
5-NP,633,0,23196,1,4,23201,T
5-NP,634,8,28,22127,3,22166,G
5-NP,635,7,11,21914,2,21934,G
5-NP,636,9,2,21944,0,21955,G
5-NP,637,2,12,2,21806,21822,C
5-NP,638,4,12,21878,1,21895,G
5-NP,639,2,4,22007,1,22014,G
5-NP,640,21925,1,5,2,21933,A
5-NP,641,22024,3,10,0,22037,A
5-NP,642,22385,2,7,1,22395,A
5-NP,643,22440,2,25,2,22469,A
5-NP,644,2,6,9,22644,22661,C
5-NP,645,22572,0,14,0,22586,A
5-NP,646,22529,3,25,1,22558,A
5-NP,647,3,10,22569,0,22582,G
5-NP,648,21954,4,20,1,21979,A
5-NP,649,22097,0,23,2,22122,A
5-NP,650,1,4,22715,1,22721,G
5-NP,651,2,22614,3,2,22621,T
5-NP,652,6,3,23835,1,23845,G
5-NP,653,9,5,1,23668,23683,C
5-NP,654,1,23710,2,33,23746,T
5-NP,655,0,23838,1,9,23848,T
5-NP,656,24109,0,4,0,24113,A
5-NP,657,3,24090,4,15,24112,T
5-NP,658,10,16,24172,8,24206,G
5-NP,659,23376,2,32,1,23411,A
5-NP,660,1,14,23499,7,23521,G
5-NP,661,22003,1,34,0,22038,A
5-NP,662,2,7,22203,0,22212,G
5-NP,663,22004,1,28,2,22035,A
5-NP,664,22231,3,10,0,22244,A
5-NP,665,0,22015,2,6,22023,T
5-NP,666,2,2,22377,4,22385,G
5-NP,667,5,22180,2,45,22232,T
5-NP,668,8,6,22291,0,22305,G
5-NP,669,4,8,1,22242,22255,C
5-NP,670,22149,1,10,1,22161,A
5-NP,671,22174,3,29,2,22208,A
5-NP,672,0,3,2,22148,22153,C
5-NP,673,21888,0,5,0,21893,A
5-NP,674,1,21950,2,15,21968,T
5-NP,675,2,21655,2,32,21691,T
5-NP,676,5,2,2,21764,21773,C
5-NP,677,0,21661,5,14,21680,T
5-NP,678,3,21662,1,2,21668,T
5-NP,679,21689,2,3,1,21695,A
5-NP,680,21592,1,6,0,21599,A
5-NP,681,21584,1,17,2,21604,A
5-NP,682,2,8,21601,0,21611,G
5-NP,683,2,5,21546,1,21554,G
5-NP,684,21416,2,19,2,21439,A
5-NP,685,21392,1,18,0,21411,A
5-NP,686,21399,1,20,1,21421,A
5-NP,687,21769,1,7,2,21779,A
5-NP,688,3,21731,5,9,21748,T
5-NP,689,1,21726,4,5,21736,T
5-NP,690,2,21765,3,10,21780,T
5-NP,691,12,2,1,21786,21801,C
5-NP,692,21790,1,17,0,21808,A
5-NP,693,21805,0,9,0,21814,A
5-NP,694,21779,3,9,2,21793,A
5-NP,695,3,1,4,22125,22133,C
5-NP,696,21790,0,14,1,21805,A
5-NP,697,4,3,22329,2,22338,G
5-NP,698,0,2,0,22321,22323,C
5-NP,699,964,21268,5,24,22261,T
5-NP,700,14,6,22758,6,22784,G
5-NP,701,4,7,2,22748,22761,C
5-NP,702,22884,4,38,2,22928,A
5-NP,703,2,6,9,22961,22978,C
5-NP,704,22748,0,14,1,22763,A
5-NP,705,22810,1,2,0,22813,A
5-NP,706,22206,0,29,1,22236,A
5-NP,707,10,15,23187,5,23217,G
5-NP,708,23070,4,40,0,23114,A
5-NP,709,8,5,23091,0,23104,G
5-NP,710,8,6,5,22976,22995,C
5-NP,711,22951,2,7,2,22962,A
5-NP,712,23772,0,25,0,23797,A
5-NP,713,2,23757,1,13,23773,T
5-NP,714,12,18,23910,4,23944,G
5-NP,715,7,2,24011,2,24022,G
5-NP,716,4,23174,2,31,23211,T
5-NP,717,6,24,23249,0,23279,G
5-NP,718,4,12,23463,0,23479,G
5-NP,719,23437,2,27,0,23466,A
5-NP,720,3,23398,0,19,23420,T
5-NP,721,11,7,5,22774,22797,C
5-NP,722,22894,2,7,0,22903,A
5-NP,723,23186,1,26,0,23213,A
5-NP,724,4,4,23361,6,23375,G
5-NP,725,2,23126,1,17,23146,T
5-NP,726,11,16,23153,4,23184,G
5-NP,727,22821,2,43,3,22869,A
5-NP,728,3,17,22960,2,22982,G
5-NP,729,22910,3,36,3,22952,A
5-NP,730,2,7,22966,2,22977,G
5-NP,731,22768,2,24,1,22795,A
5-NP,732,22338,2,10,1,22351,A
5-NP,733,22401,1,29,0,22431,A
5-NP,734,3,1,22558,2,22564,G
5-NP,735,0,22408,0,11,22419,T
5-NP,736,14,8,0,22430,22452,C
5-NP,737,7,12,22363,0,22382,G
5-NP,738,14,8,22421,1,22444,G
5-NP,739,22479,0,20,2,22501,A
5-NP,740,22533,2,12,0,22547,A
5-NP,741,3,9,1,22707,22720,C
5-NP,742,13,2,1,22561,22577,C
5-NP,743,20,80,3,22545,22648,C
5-NP,744,22556,0,26,3,22585,A
5-NP,745,7,11,22660,2,22680,G
5-NP,746,4,10,22667,5,22686,G
5-NP,747,22601,0,23,1,22625,A
5-NP,748,22591,0,12,1,22604,A
5-NP,749,22460,1,35,0,22496,A
5-NP,750,1,5,0,22658,22664,C
5-NP,751,4,1,22599,1,22605,G
5-NP,752,3,2,0,22607,22612,C
5-NP,753,2,22501,2,29,22534,T
5-NP,754,9,9,22601,4,22623,G
5-NP,755,22477,3,27,2,22509,A
5-NP,756,3,8,22869,1,22881,G
5-NP,757,22911,2,14,0,22927,A
5-NP,758,3,22836,1,19,22859,T
5-NP,759,14,12,3,22567,22596,C
5-NP,760,4,8,22622,2,22636,G
5-NP,761,22589,1,10,0,22600,A
5-NP,762,22591,2,15,0,22608,A
5-NP,763,2,7,22658,0,22667,G
5-NP,764,22705,2,9,0,22716,A
5-NP,765,3,22435,0,36,22474,T
5-NP,766,8,58,1,22598,22665,C
5-NP,767,3,22564,1,45,22613,T
5-NP,768,13,4,6,22703,22726,C
5-NP,769,22761,3,12,1,22777,A
5-NP,770,2,22735,1,4,22742,T
5-NP,771,22779,0,5,0,22784,A
5-NP,772,2,22672,1,7,22682,T
5-NP,773,0,22536,0,4,22540,T
5-NP,774,0,22471,2,4,22477,T
5-NP,775,0,22209,1,3,22213,T
5-NP,776,1,22220,1,5,22227,T
5-NP,777,22333,1,12,0,22346,A
5-NP,778,4,5,22302,2,22313,G
5-NP,779,4,15,3,22289,22311,C
5-NP,780,22247,1,9,1,22258,A
5-NP,781,22022,1,151,0,22174,A
5-NP,782,0,8,22984,0,22992,G
5-NP,783,22954,4,14,2,22974,A
5-NP,784,2,23023,2,15,23042,T
5-NP,785,5,7,2,23191,23205,C
5-NP,786,2,23054,1,30,23087,T
5-NP,787,10,4,23719,4,23737,G
5-NP,788,7,11,1,23790,23809,C
5-NP,789,23828,3,19,0,23850,A
5-NP,790,2,24063,2,19,24086,T
5-NP,791,0,23036,2,7,23045,T
5-NP,792,5,5,24673,4,24687,G
5-NP,793,25099,3,26,0,25128,A
5-NP,794,3,25125,1,11,25140,T
5-NP,795,25185,0,27,1,25213,A
5-NP,796,2,24692,1,9,24704,T
5-NP,797,5,24508,1,13,24527,T
5-NP,798,10,22,24760,6,24798,G
5-NP,799,24459,2,34,2,24497,A
5-NP,800,6,8,24709,4,24727,G
5-NP,801,23252,1,34,0,23287,A
5-NP,802,2,13,22975,1,22991,G
5-NP,803,5,15,23387,1,23408,G
5-NP,804,23303,1,19,0,23323,A
5-NP,805,3,23219,1,22,23245,T
5-NP,806,12,6,4,23353,23375,C
5-NP,807,23207,2,17,2,23228,A
5-NP,808,5,3,23371,1,23380,G
5-NP,809,4,23254,1,16,23275,T
5-NP,810,5,23046,0,3,23054,T
5-NP,811,2,3,23070,3,23078,G
5-NP,812,3,6,1,22762,22772,C
5-NP,813,1,22683,1,31,22716,T
5-NP,814,19,9,4,22874,22906,C
5-NP,815,22883,3,20,2,22908,A
5-NP,816,1,2,3,22946,22952,C
5-NP,817,22867,2,2,1,22872,A
5-NP,818,22993,0,5,1,22999,A
5-NP,819,22984,3,6,1,22994,A
5-NP,820,3,22874,0,17,22894,T
5-NP,821,6,0,1,22999,23006,C
5-NP,822,2,22925,1,18,22946,T
5-NP,823,3,22886,0,12,22901,T
5-NP,824,8,1,22973,3,22985,G
5-NP,825,6,8,0,22983,22997,C
5-NP,826,8,6,0,23376,23390,C
5-NP,827,4,23321,2,17,23344,T
5-NP,828,23421,3,17,0,23441,A
5-NP,829,5,4,6,23511,23526,C
5-NP,830,5,2,4,23530,23541,C
5-NP,831,3,23364,1,23,23391,T
5-NP,832,8,9,23706,4,23727,G
5-NP,833,3,6,2,23649,23660,C
5-NP,834,9,2,1,23699,23711,C
5-NP,835,3,23110,2,27,23142,T
5-NP,836,5,3,23466,2,23476,G
5-NP,837,5,23215,4,15,23239,T
5-NP,838,9,0,23597,0,23606,G
5-NP,839,11,10,2,23666,23689,C
5-NP,840,16,5,24134,6,24161,G
5-NP,841,0,23672,1,13,23686,T
5-NP,842,23654,2,3,0,23659,A
5-NP,843,4,23661,3,27,23695,T
5-NP,844,5,12,23664,2,23683,G
5-NP,845,6,6,24685,3,24700,G
5-NP,846,24550,3,27,0,24580,A
5-NP,847,5,10,4,24234,24253,C
5-NP,848,8,2,1,24244,24255,C
5-NP,849,3,23819,1,21,23844,T
5-NP,850,2,4,25221,1,25228,G
5-NP,851,10,15,8,25234,25267,C
5-NP,852,25222,2,31,1,25256,A
5-NP,853,4,1,25740,5,25750,G
5-NP,854,2,24193,1,18,24214,T
5-NP,855,25233,2,4,0,25239,A
5-NP,856,3,25072,1,25,25101,T
5-NP,857,10,8,3,25014,25035,C
5-NP,858,6,7,6,25074,25093,C
5-NP,859,23802,2,10,0,23814,A
5-NP,860,5,1,23980,1,23987,G
5-NP,861,2,23820,5,17,23844,T
5-NP,862,10,28,24174,1,24213,G
5-NP,863,12,18,24107,0,24137,G
5-NP,864,5,4,23789,2,23800,G
5-NP,865,1,23698,1,27,23727,T
5-NP,866,23692,1,15,2,23710,A
5-NP,867,5,4,2,23612,23623,C
5-NP,868,9,18,23513,2,23542,G
5-NP,869,23391,2,33,3,23429,A
5-NP,870,4,0,1,23453,23458,C
5-NP,871,1,22571,1,248,22821,T
5-NP,872,1,22822,0,8,22831,T
5-NP,873,7,4,0,22799,22810,C
5-NP,874,7,5,22818,2,22832,G
5-NP,875,22820,1,9,1,22831,A
5-NP,876,22843,0,9,0,22852,A
5-NP,877,22919,0,5,0,22924,A
5-NP,878,22910,0,2,2,22914,A
5-NP,879,22848,3,25,1,22877,A
5-NP,880,5,14,22980,2,23001,G
5-NP,881,22875,1,74,0,22950,A
5-NP,882,4,22,23282,1,23309,G
5-NP,883,3,18,23538,0,23559,G
5-NP,884,6,10,23585,1,23602,G
5-NP,885,23621,0,40,1,23662,A
5-NP,886,1,23636,1,12,23650,T
5-NP,887,23815,2,11,1,23829,A
5-NP,888,3,23780,0,24,23807,T
5-NP,889,2,23772,3,17,23794,T
5-NP,890,10,5,1,24012,24028,C
5-NP,891,7,1,0,23819,23827,C
5-NP,892,2,23431,0,11,23444,T
5-NP,893,2,23415,2,7,23426,T
5-NP,894,2,11,23775,9,23797,G
5-NP,895,0,1,23948,0,23949,G
5-NP,896,2,23713,2,22,23739,T
5-NP,897,8,14,23663,0,23685,G
5-NP,898,10,8,23581,0,23599,G
5-NP,899,1,15,24939,3,24958,G
5-NP,900,24919,1,18,1,24939,A
5-NP,901,24952,2,21,1,24976,A
5-NP,902,1,24957,0,10,24968,T
5-NP,903,24324,1,152,0,24477,A
5-NP,904,2,12,24480,2,24496,G
5-NP,905,24216,3,22,10,24251,A
5-NP,906,4,10,1,24242,24257,C
5-NP,907,14,4,1,23967,23986,C
5-NP,908,33,1,1,23266,23301,C
5-NP,909,4,23430,3,55,23492,T
5-NP,910,3,23481,1,20,23505,T
5-NP,911,1,23514,1,21,23537,T
5-NP,912,9,5,2,23549,23565,C
5-NP,913,23493,1,12,1,23507,A
5-NP,914,23534,3,6,0,23543,A
5-NP,915,23447,1,22,2,23472,A
5-NP,916,0,2,2,23499,23503,C
5-NP,917,0,22786,2,13,22801,T
5-NP,918,22700,2,6,0,22708,A
5-NP,919,1,3,0,23015,23019,C
5-NP,920,1,22896,1,37,22935,T
5-NP,921,2,22887,1,11,22901,T
5-NP,922,6,3,4,22977,22990,C
5-NP,923,22959,1,9,0,22969,A
5-NP,924,22954,0,8,0,22962,A
5-NP,925,22886,2,9,1,22898,A
5-NP,926,22886,1,11,0,22898,A
5-NP,927,1,22634,1,3,22639,T
5-NP,928,22226,1,25,1,22253,A
5-NP,929,6,3,22629,3,22641,G
5-NP,930,2,10,1,22703,22716,C
5-NP,931,12,3,2,23031,23048,C
5-NP,932,23064,3,7,0,23074,A
5-NP,933,23207,0,4,0,23211,A
5-NP,934,24171,4,13,1,24189,A
5-NP,935,0,24238,3,2,24243,T
5-NP,936,24354,1,33,1,24389,A
5-NP,937,2,24331,2,10,24345,T
5-NP,938,23868,2,17,1,23888,A
5-NP,939,4,8,4,23922,23938,C
5-NP,940,23288,1,17,0,23306,A
5-NP,941,4,0,23975,2,23981,G
5-NP,942,1,3,3,23900,23907,C
5-NP,943,0,22982,1,62,23045,T
5-NP,944,2,23265,0,7,23274,T
5-NP,945,23444,0,2,1,23447,A
5-NP,946,23476,2,8,0,23486,A
5-NP,947,0,23403,2,19,23424,T
5-NP,948,6,8,1,23425,23440,C
5-NP,949,22579,4,20,2,22605,A
5-NP,950,11,12,22879,2,22904,G
5-NP,951,22848,1,36,1,22886,A
5-NP,952,1,4,2,23045,23052,C
5-NP,953,12,2,0,22846,22860,C
5-NP,954,1,22549,0,15,22565,T
5-NP,955,22785,0,7,0,22792,A
5-NP,956,22723,1,39,3,22766,A
5-NP,957,5,9,4,22904,22922,C
5-NP,958,6,19,22904,2,22931,G
5-NP,959,22228,3,13,2,22246,A
5-NP,960,16,9,22264,1,22290,G
5-NP,961,22038,1,33,0,22072,A
5-NP,962,22322,5,18,0,22345,A
5-NP,963,2,22249,0,13,22264,T
5-NP,964,7,0,1,22047,22055,C
5-NP,965,6,17,2,22055,22080,C
5-NP,966,21755,5,27,2,21789,A
5-NP,967,7,1,22078,1,22087,G
5-NP,968,2,8,1,22043,22054,C
5-NP,969,22287,0,15,0,22302,A
5-NP,970,4,6,0,22467,22477,C
5-NP,971,22106,2,27,1,22136,A
5-NP,972,6,6,7,22201,22220,C
5-NP,973,22184,2,11,1,22198,A
5-NP,974,22271,1,30,1,22303,A
5-NP,975,2,16,22396,2,22416,G
5-NP,976,22030,4,43,1,22078,A
5-NP,977,2,2,22177,0,22181,G
5-NP,978,3,21602,1,21,21627,T
5-NP,979,7,9,2,21596,21614,C
5-NP,980,21496,1,35,1,21533,A
5-NP,981,6,1,21541,0,21548,G
5-NP,982,3,5,5,21513,21526,C
5-NP,983,2,21259,1,39,21301,T
5-NP,984,7,17,21598,2,21624,G
5-NP,985,3,0,21805,0,21808,G
5-NP,986,2,21559,0,32,21593,T
5-NP,987,19,1,21793,2,21815,G
5-NP,988,2,21477,2,19,21500,T
5-NP,989,3,13,21480,4,21500,G
5-NP,990,8,6,21437,3,21454,G
5-NP,991,20987,288,17,0,21292,A
5-NP,992,2,21318,0,24,21344,T
5-NP,993,3,8,20366,0,20377,G
5-NP,994,9,0,20263,1,20273,G
5-NP,995,3,6,4,20197,20210,C
5-NP,996,20066,1,23,0,20090,A
5-NP,997,2,20074,6,18,20100,T
5-NP,998,5,2,19926,1,19934,G
5-NP,999,1,6,2,20131,20140,C
5-NP,1000,13,3,1,20146,20163,C
5-NP,1001,20242,1,16,1,20260,A
5-NP,1002,0,20172,0,18,20190,T
5-NP,1003,0,19862,0,25,19887,T
5-NP,1004,9,4,4,19989,20006,C
5-NP,1005,1,19740,1,14,19756,T
5-NP,1006,3,4,19719,2,19728,G
5-NP,1007,1,9,1,19715,19726,C
5-NP,1008,3,19079,0,28,19110,T
5-NP,1009,9,3,19219,0,19231,G
5-NP,1010,1,1,1,18914,18917,C
5-NP,1011,18929,1,4,1,18935,A
5-NP,1012,1,18929,1,11,18942,T
5-NP,1013,2,18763,0,6,18771,T
5-NP,1014,2,18742,0,7,18751,T
5-NP,1015,1,0,18730,1,18732,G
5-NP,1016,18682,5,9,1,18697,A
5-NP,1017,18697,1,21,0,18719,A
5-NP,1018,3,6,18904,0,18913,G
5-NP,1019,18864,1,4,1,18870,A
5-NP,1020,1,18760,0,5,18766,T
5-NP,1021,1,18748,0,4,18753,T
5-NP,1022,3,18758,2,1,18764,T
5-NP,1023,18766,1,4,0,18771,A
5-NP,1024,18759,2,12,19,18792,A
5-NP,1025,1,7,18809,2,18819,G
5-NP,1026,18692,1,61,0,18754,A
5-NP,1027,1,18723,0,2,18726,T
5-NP,1028,0,18198,1,12,18211,T
5-NP,1029,4,0,18385,1,18390,G
5-NP,1030,5,18332,0,25,18362,T
5-NP,1031,4,18338,1,12,18355,T
5-NP,1032,18351,3,4,0,18358,A
5-NP,1033,18383,1,15,3,18402,A
5-NP,1034,7,2,18447,0,18456,G
5-NP,1035,5,6,1,18497,18509,C
5-NP,1036,1,17991,2,52,18046,T
5-NP,1037,1,18086,1,19,18107,T
5-NP,1038,7,5,3,18133,18148,C
5-NP,1039,18116,2,22,2,18142,A
5-NP,1040,1,18078,0,20,18099,T
5-NP,1041,4,12,9,18128,18153,C
5-NP,1042,17812,0,22,0,17834,A
5-NP,1043,6,13,17803,2,17824,G
5-NP,1044,17447,3,24,1,17475,A
5-NP,1045,2,19,17511,0,17532,G
5-NP,1046,4,4,17559,0,17567,G
5-NP,1047,4,6,17415,1,17426,G
5-NP,1048,17340,1,39,1,17381,A
5-NP,1049,3,6,2,17382,17393,C
5-NP,1050,17361,1,8,2,17372,A
5-NP,1051,17449,0,3,0,17452,A
5-NP,1052,17485,0,2,1,17488,A
5-NP,1053,17505,1,31,1,17538,A
5-NP,1054,2,0,17635,0,17637,G
5-NP,1055,1,16925,1,14,16941,T
5-NP,1056,16832,0,6,2,16840,A
5-NP,1057,2,16721,2,24,16749,T
5-NP,1058,5,4,2,16764,16775,C
5-NP,1059,1,16584,0,29,16614,T
5-NP,1060,11,0,3,16766,16780,C
5-NP,1061,8,1,1,16640,16650,C
5-NP,1062,3,16072,0,360,16435,T
5-NP,1063,3,11,1,16340,16355,C
5-NP,1064,5,21,16291,0,16317,G
5-NP,1065,4,21,16420,0,16445,G
5-NP,1066,1,18,16405,2,16426,G
5-NP,1067,2,8,16358,0,16368,G
5-NP,1068,5,9,16332,0,16346,G
5-NP,1069,15936,2,7,0,15945,A
5-NP,1070,15938,2,10,0,15950,A
5-NP,1071,15947,2,26,1,15976,A
5-NP,1072,0,3,2,16112,16117,C
5-NP,1073,1,15980,1,9,15991,T
5-NP,1074,6,2,16163,0,16171,G
5-NP,1075,0,15929,0,80,16009,T
5-NP,1076,12,4,3,16018,16037,C
5-NP,1077,16327,2,14,1,16344,A
5-NP,1078,16467,1,9,0,16477,A
5-NP,1079,3,0,4,16565,16572,C
5-NP,1080,1,16513,1,4,16519,T
5-NP,1081,16080,3,7,3,16093,A
5-NP,1082,4,6,16189,4,16203,G
5-NP,1083,15763,1,20,0,15784,A
5-NP,1084,2,8,15830,0,15840,G
5-NP,1085,3,8,15820,0,15831,G
5-NP,1086,14829,1,27,0,14857,A
5-NP,1087,4,1,15178,1,15184,G
5-NP,1088,0,14892,1,12,14905,T
5-NP,1089,14904,3,8,0,14915,A
5-NP,1090,1,4,3,14898,14906,C
5-NP,1091,14622,1,4,0,14627,A
5-NP,1092,14617,1,3,0,14621,A
5-NP,1093,14455,0,6,0,14461,A
5-NP,1094,2,14304,1,3,14310,T
5-NP,1095,1,14144,1,6,14152,T
5-NP,1096,3,5,13661,0,13669,G
5-NP,1097,4,0,0,13528,13532,C
5-NP,1098,2,13505,0,15,13522,T
5-NP,1099,0,13489,2,13,13504,T
5-NP,1100,7,6,5,13484,13502,C
5-NP,1101,13527,0,0,0,13527,A
5-NP,1102,13568,1,3,0,13572,A
5-NP,1103,13570,1,12,0,13583,A
5-NP,1104,0,13584,0,7,13591,T
5-NP,1105,2,10,13552,0,13564,G
5-NP,1106,13249,1,20,0,13270,A
5-NP,1107,2,6,13347,0,13355,G
5-NP,1108,13338,1,17,0,13356,A
5-NP,1109,13331,4,11,0,13346,A
5-NP,1110,2,97,2,13242,13343,C
5-NP,1111,13118,2,6,0,13126,A
5-NP,1112,1,13111,2,6,13120,T
5-NP,1113,0,3,13246,2,13251,G
5-NP,1114,0,5,13296,1,13302,G
5-NP,1115,13226,1,14,0,13241,A
5-NP,1116,1,12937,0,4,12942,T
5-NP,1117,12767,0,3,0,12770,A
5-NP,1118,13346,0,3,0,13349,A
5-NP,1119,0,12981,1,1,12983,T
5-NP,1120,12889,1,8,0,12898,A
5-NP,1121,0,12810,1,6,12817,T
5-NP,1122,2,6,11587,0,11595,G
5-NP,1123,7,2,11240,0,11249,G
5-NP,1124,0,0,11180,0,11180,G
5-NP,1125,11096,4,4,0,11104,A
5-NP,1126,1,11068,0,2,11071,T
5-NP,1127,3,4,2,8061,8070,C
5-NP,1128,1,9,8064,0,8074,G
5-NP,1129,8019,0,16,2,8037,A
5-NP,1130,5,0,8040,0,8045,G
5-NP,1131,2,1,0,7994,7997,C
5-NP,1132,7814,1,4,1,7820,A
5-NP,1133,1,3,0,8030,8034,C
5-NP,1134,2,7868,0,9,7879,T
5-NP,1135,5,1,2,7930,7938,C
5-NP,1136,0,7885,0,17,7902,T
5-NP,1137,0,7697,0,7,7704,T
5-NP,1138,3,3,7720,0,7726,G
5-NP,1139,7663,2,5,0,7670,A
5-NP,1140,7675,1,8,0,7684,A
5-NP,1141,0,1,0,7673,7674,C
5-NP,1142,0,5450,0,4,5454,T
5-NP,1143,2,6,5477,0,5485,G
5-NP,1144,5182,0,11,0,5193,A
5-NP,1145,0,0,5219,1,5220,G
5-NP,1146,5205,0,4,0,5209,A
5-NP,1147,5093,0,0,2,5095,A
5-NP,1148,0,1,5121,0,5122,G
5-NP,1149,0,2,0,4959,4961,C
5-NP,1150,1,1,4925,1,4928,G
5-NP,1151,2,0,4920,0,4922,G
5-NP,1152,1,0,4784,0,4785,G
5-NP,1153,0,4719,1,1,4721,T
5-NP,1154,4590,0,2,1,4593,A
5-NP,1155,2,1,0,4577,4580,C
5-NP,1156,0,3559,0,2,3561,T
5-NP,1157,0,0,3532,0,3532,G
5-NP,1158,0,2,3408,0,3410,G
5-NP,1159,2,0,3340,1,3343,G
5-NP,1160,0,1,0,3282,3283,C
5-NP,1161,3,0,1,2985,2989,C
5-NP,1162,3038,0,3,0,3041,A
5-NP,1163,0,3045,0,1,3046,T
5-NP,1164,3045,0,2,0,3047,A
5-NP,1165,3049,0,4,0,3053,A
5-NP,1166,1,5,2997,0,3003,G
5-NP,1167,2,1,3073,0,3076,G
5-NP,1168,3009,0,1,0,3010,A
5-NP,1169,0,1,0,3013,3014,C
5-NP,1170,1,0,2,3017,3020,C
5-NP,1171,3007,0,1,0,3008,A
5-NP,1172,0,2,3062,0,3064,G
5-NP,1173,1,2,3088,0,3091,G
5-NP,1174,3074,0,5,0,3079,A
5-NP,1175,0,0,3100,0,3100,G
5-NP,1176,0,2949,0,1,2950,T
5-NP,1177,2,2,2963,1,2968,G
5-NP,1178,0,3,3005,2,3010,G
5-NP,1179,2987,0,8,0,2995,A
5-NP,1180,2,1,3021,0,3024,G
5-NP,1181,0,1,2945,0,2946,G
5-NP,1182,2915,0,3,0,2918,A
5-NP,1183,2913,0,2,1,2916,A
5-NP,1184,2907,0,1,0,2908,A
5-NP,1185,0,2,0,2927,2929,C
5-NP,1186,2920,1,0,0,2921,A
5-NP,1187,0,0,0,3004,3004,C
5-NP,1188,0,2948,0,0,2948,T
5-NP,1189,3022,0,1,0,3023,A
5-NP,1190,3024,0,1,0,3025,A
5-NP,1191,0,3014,0,7,3021,T
5-NP,1192,0,0,1,3062,3063,C
5-NP,1193,3028,0,0,0,3028,A
5-NP,1194,3071,0,0,0,3071,A
5-NP,1195,1,1,0,3080,3082,C
5-NP,1196,2980,0,0,0,2980,A
5-NP,1197,0,2,2994,0,2996,G
5-NP,1198,2883,0,7,0,2890,A
5-NP,1199,1,3,2927,1,2932,G
5-NP,1200,0,0,2945,0,2945,G
5-NP,1201,0,2,2919,0,2921,G
5-NP,1202,0,1,0,2909,2910,C
5-NP,1203,0,1,0,2895,2896,C
5-NP,1204,0,2844,0,4,2848,T
5-NP,1205,0,1,0,2888,2889,C
5-NP,1206,2,2,0,2883,2887,C
5-NP,1207,4,1,2883,0,2888,G
5-NP,1208,1,1,0,2880,2882,C
5-NP,1209,2826,0,5,0,2831,A
5-NP,1210,0,0,2981,0,2981,G
5-NP,1211,1,0,2977,0,2978,G
5-NP,1212,0,1,0,2979,2980,C
5-NP,1213,2,1,0,2985,2988,C
5-NP,1214,2951,0,0,0,2951,A
5-NP,1215,2973,0,0,0,2973,A
5-NP,1216,2969,0,3,0,2972,A
5-NP,1217,0,1,0,2985,2986,C
5-NP,1218,2,1,0,2980,2983,C
5-NP,1219,2796,0,1,0,2797,A
5-NP,1220,0,0,2860,0,2860,G
5-NP,1221,0,2821,0,0,2821,T
5-NP,1222,1,0,2855,0,2856,G
5-NP,1223,0,2841,0,2,2843,T
5-NP,1224,0,0,2825,0,2825,G
5-NP,1225,0,1,0,2836,2837,C
5-NP,1226,2801,0,1,0,2802,A
5-NP,1227,2850,1,2,0,2853,A
5-NP,1228,0,1,0,2840,2841,C
5-NP,1229,1,0,0,2832,2833,C
5-NP,1230,1,2795,1,4,2801,T
5-NP,1231,2783,1,2,0,2786,A
5-NP,1232,0,3,0,2784,2787,C
5-NP,1233,2,0,2793,0,2795,G
5-NP,1234,0,2766,0,0,2766,T
5-NP,1235,0,2775,0,1,2776,T
5-NP,1236,0,2724,1,2,2727,T
5-NP,1237,0,2711,0,1,2712,T
5-NP,1238,1,0,0,2717,2718,C
5-NP,1239,0,2676,0,3,2679,T
5-NP,1240,0,0,2765,0,2765,G
5-NP,1241,0,2751,0,2,2753,T
5-NP,1242,2755,0,1,0,2756,A
5-NP,1243,0,2,1,2764,2767,C
5-NP,1244,2715,0,1,0,2716,A
5-NP,1245,2728,0,0,0,2728,A
5-NP,1246,2726,0,1,0,2727,A
5-NP,1247,0,0,2743,0,2743,G
5-NP,1248,2729,0,1,0,2730,A
5-NP,1249,2649,0,1,0,2650,A
5-NP,1250,2643,0,3,0,2646,A
5-NP,1251,1,1,0,2654,2656,C
5-NP,1252,0,0,0,2622,2622,C
5-NP,1253,0,2603,0,2,2605,T
5-NP,1254,1,0,1,2608,2610,C
5-NP,1255,1,1,0,2609,2611,C
5-NP,1256,4,1,0,2599,2604,C
5-NP,1257,2594,0,1,1,2596,A
5-NP,1258,0,2606,0,1,2607,T
5-NP,1259,0,2615,0,2,2617,T
5-NP,1260,0,2605,0,1,2606,T
5-NP,1261,0,3,2599,0,2602,G
5-NP,1262,2602,0,1,1,2604,A
5-NP,1263,2598,0,5,0,2603,A
5-NP,1264,2596,0,2,0,2598,A
5-NP,1265,2597,0,2,0,2599,A
5-NP,1266,1,0,2634,0,2635,G
5-NP,1267,0,2600,0,2,2602,T
5-NP,1268,2,0,1,2607,2610,C
5-NP,1269,2609,0,3,0,2612,A
5-NP,1270,2622,0,3,0,2625,A
5-NP,1271,0,0,0,2632,2632,C
5-NP,1272,2,1,0,2659,2662,C
5-NP,1273,2660,0,0,1,2661,A
5-NP,1274,0,2656,0,7,2663,T
5-NP,1275,1,4,0,2648,2653,C
5-NP,1276,2635,0,2,0,2637,A
5-NP,1277,0,2652,0,2,2654,T
5-NP,1278,2,3,2647,0,2652,G
5-NP,1279,0,0,2645,0,2645,G
5-NP,1280,1,0,1,2634,2636,C
5-NP,1281,2545,0,4,0,2549,A
5-NP,1282,0,0,2547,0,2547,G
5-NP,1283,0,1,0,2518,2519,C
5-NP,1284,2538,1,0,0,2539,A
5-NP,1285,0,2533,0,1,2534,T
5-NP,1286,0,2494,0,3,2497,T
5-NP,1287,0,1,2,2511,2514,C
5-NP,1288,2491,0,2,0,2493,A
5-NP,1289,1,0,0,2526,2527,C
5-NP,1290,0,2510,0,1,2511,T
5-NP,1291,0,0,2532,1,2533,G
5-NP,1292,0,0,2558,1,2559,G
5-NP,1293,2547,0,1,1,2549,A
5-NP,1294,2538,1,5,0,2544,A
5-NP,1295,2551,0,1,0,2552,A
5-NP,1296,0,2516,0,1,2517,T
5-NP,1297,2513,0,1,1,2515,A
5-NP,1298,1,1,2,2496,2500,C
5-NP,1299,0,2,2465,0,2467,G
5-NP,1300,0,2,2479,1,2482,G
5-NP,1301,2391,0,4,1,2396,A
5-NP,1302,0,3,2450,0,2453,G
5-NP,1303,0,1,2447,0,2448,G
5-NP,1304,1,1,2451,0,2453,G
5-NP,1305,2445,0,1,0,2446,A
5-NP,1306,2435,0,2,0,2437,A
5-NP,1307,1,1,2441,0,2443,G
5-NP,1308,2435,0,2,0,2437,A
5-NP,1309,2424,0,5,0,2429,A
5-NP,1310,0,0,0,2463,2463,C
5-NP,1311,1,2422,1,1,2425,T
5-NP,1312,0,2439,0,4,2443,T
5-NP,1313,1,1,2,2433,2437,C
5-NP,1314,2432,0,3,0,2435,A
5-NP,1315,1,0,2450,0,2451,G
5-NP,1316,2429,1,1,0,2431,A
5-NP,1317,0,1,1,2443,2445,C
5-NP,1318,2419,0,0,1,2420,A
5-NP,1319,0,2358,0,0,2358,T
5-NP,1320,1,1,2358,0,2360,G
5-NP,1321,2309,0,2,1,2312,A
5-NP,1322,1,0,2336,0,2337,G
5-NP,1323,0,1,2334,0,2335,G
5-NP,1324,2,0,2319,0,2321,G
5-NP,1325,0,0,1,2325,2326,C
5-NP,1326,2290,1,3,0,2294,A
5-NP,1327,0,0,2317,0,2317,G
5-NP,1328,2305,0,2,0,2307,A
5-NP,1329,2320,0,1,0,2321,A
5-NP,1330,2317,0,1,0,2318,A
5-NP,1331,0,2289,0,2,2291,T
5-NP,1332,3,0,0,2302,2305,C
5-NP,1333,2304,1,0,1,2306,A
5-NP,1334,0,2295,1,1,2297,T
5-NP,1335,2304,0,1,1,2306,A
5-NP,1336,2289,0,1,0,2290,A
5-NP,1337,1,2,2338,0,2341,G
5-NP,1338,2306,0,2,0,2308,A
5-NP,1339,2340,0,0,0,2340,A
5-NP,1340,0,2278,0,0,2278,T
5-NP,1341,0,1,2302,0,2303,G
5-NP,1342,2295,0,4,0,2299,A
5-NP,1343,0,2288,0,1,2289,T
5-NP,1344,0,2,2298,0,2300,G
5-NP,1345,0,2,2301,1,2304,G
5-NP,1346,2235,0,2,0,2237,A
5-NP,1347,2224,0,0,0,2224,A
5-NP,1348,0,1,2170,0,2171,G
5-NP,1349,1,0,2229,0,2230,G
5-NP,1350,0,2181,0,6,2187,T
5-NP,1351,0,0,2189,0,2189,G
5-NP,1352,0,1,1,2188,2190,C
5-NP,1353,2186,1,0,0,2187,A
5-NP,1354,2183,0,1,0,2184,A
5-NP,1355,2187,0,0,0,2187,A
5-NP,1356,2209,1,2,0,2212,A
5-NP,1357,0,0,0,2226,2226,C
5-NP,1358,1,1,0,2198,2200,C
5-NP,1359,2163,0,2,0,2165,A
5-NP,1360,0,1,2183,0,2184,G
5-NP,1361,2182,0,4,0,2186,A
5-NP,1362,2182,0,0,0,2182,A
5-NP,1363,1,0,2182,0,2183,G
5-NP,1364,2165,0,2,0,2167,A
5-NP,1365,2101,0,2,0,2103,A
5-NP,1366,1,1,2134,0,2136,G
5-NP,1367,0,2107,0,0,2107,T
5-NP,1368,0,0,2121,0,2121,G
5-NP,1369,1,2084,0,1,2086,T
5-NP,1370,4,0,0,2086,2090,C
5-NP,1371,2093,0,0,0,2093,A
5-NP,1372,0,2117,0,0,2117,T
5-NP,1373,1,2107,0,0,2108,T
5-NP,1374,0,0,1,2132,2133,C
5-NP,1375,1,2,0,2081,2084,C
5-NP,1376,8,0,2075,1,2084,G
5-NP,1377,2,0,2081,0,2083,G
5-NP,1378,0,5,2079,0,2084,G
5-NP,1379,0,0,2099,0,2099,G
5-NP,1380,0,3,2091,0,2094,G
5-NP,1381,1994,1,0,0,1995,A
5-NP,1382,0,3,2011,0,2014,G
5-NP,1383,1,4,2000,0,2005,G
5-NP,1384,0,0,1994,0,1994,G
5-NP,1385,3,1,2006,0,2010,G
5-NP,1386,1983,0,3,0,1986,A
5-NP,1387,1,1,1989,0,1991,G
5-NP,1388,0,1971,0,0,1971,T
5-NP,1389,0,1964,0,0,1964,T
5-NP,1390,0,1966,0,0,1966,T
5-NP,1391,0,1958,0,1,1959,T
5-NP,1392,0,0,0,1965,1965,C
5-NP,1393,0,1,1959,0,1960,G
5-NP,1394,1948,0,0,0,1948,A
5-NP,1395,0,0,1940,0,1940,G
5-NP,1396,1,0,0,1921,1922,C
5-NP,1397,0,1923,1,0,1924,T
5-NP,1398,1,0,1,1954,1956,C
5-NP,1399,0,1945,0,1,1946,T
5-NP,1400,1,1,0,1956,1958,C
5-NP,1401,1958,0,1,0,1959,A
5-NP,1402,0,0,1965,2,1967,G
5-NP,1403,1966,0,2,0,1968,A
5-NP,1404,0,1,1,1947,1949,C
5-NP,1405,0,0,1947,0,1947,G
5-NP,1406,1902,0,2,0,1904,A
5-NP,1407,0,0,1913,0,1913,G
5-NP,1408,1887,0,1,0,1888,A
5-NP,1409,1874,1,1,0,1876,A
5-NP,1410,1,1,1879,0,1881,G
5-NP,1411,0,1,1858,0,1859,G
5-NP,1412,0,0,0,1853,1853,C
5-NP,1413,1833,0,1,0,1834,A
5-NP,1414,1840,0,3,0,1843,A
5-NP,1415,0,1,0,1825,1826,C
5-NP,1416,0,1,1832,0,1833,G
5-NP,1417,1832,0,1,0,1833,A
5-NP,1418,1836,0,2,0,1838,A
5-NP,1419,0,1,1,1833,1835,C
5-NP,1420,2,0,0,1828,1830,C
5-NP,1421,1,0,0,1783,1784,C
5-NP,1422,1,1,1790,0,1792,G
5-NP,1423,1785,1,2,0,1788,A
5-NP,1424,0,1792,0,0,1792,T
5-NP,1425,1,0,0,1757,1758,C
5-NP,1426,1,0,1762,0,1763,G
5-NP,1427,0,1743,0,2,1745,T
5-NP,1428,0,0,1748,0,1748,G
5-NP,1429,1,0,0,1741,1742,C
5-NP,1430,1,3,0,1737,1741,C
5-NP,1431,1,2,0,1742,1745,C
5-NP,1432,0,1716,0,3,1719,T
5-NP,1433,1,0,0,1799,1800,C
5-NP,1434,0,1789,0,3,1792,T
5-NP,1435,0,1799,0,1,1800,T
5-NP,1436,0,1787,1,0,1788,T
5-NP,1437,1,1772,0,0,1773,T
5-NP,1438,0,0,1794,0,1794,G
5-NP,1439,1782,0,3,0,1785,A
5-NP,1440,0,1768,0,1,1769,T
5-NP,1441,1757,0,2,0,1759,A
5-NP,1442,0,1480,0,1,1481,T
5-NP,1443,1,1,1531,0,1533,G
5-NP,1444,1513,1,0,0,1514,A
5-NP,1445,0,0,1539,0,1539,G
5-NP,1446,0,1534,0,0,1534,T
5-NP,1447,1486,0,0,0,1486,A
5-NP,1448,1488,0,2,0,1490,A
5-NP,1449,0,1480,0,0,1480,T
5-NP,1450,0,0,1480,0,1480,G
5-NP,1451,1470,0,1,0,1471,A
5-NP,1452,1265,0,2,0,1267,A
5-NP,1453,0,0,1272,0,1272,G
5-NP,1454,0,1,1181,0,1182,G
5-NP,1455,1176,0,0,0,1176,A
5-NP,1456,0,1174,0,2,1176,T
5-NP,1457,0,0,0,1174,1174,C
5-NP,1458,0,1160,0,1,1161,T
5-NP,1459,0,1158,0,1,1159,T
5-NP,1460,1162,0,1,0,1163,A
5-NP,1461,0,1159,0,1,1160,T
5-NP,1462,0,1142,0,1,1143,T
5-NP,1463,0,1124,0,3,1127,T
5-NP,1464,1,0,0,1089,1090,C
5-NP,1465,1,1048,0,1,1050,T
5-NP,1466,0,1047,0,1,1048,T
5-NP,1467,1,0,0,1052,1053,C
5-NP,1468,1,1,1039,0,1041,G
5-NP,1469,1,0,1040,1,1042,G
5-NP,1470,1037,0,0,1,1038,A
5-NP,1471,0,0,1039,0,1039,G
5-NP,1472,1030,1,1,0,1032,A
5-NP,1473,0,0,1,1012,1013,C
5-NP,1474,963,0,0,0,963,A
5-NP,1475,965,0,3,0,968,A
5-NP,1476,0,965,0,2,967,T
5-NP,1477,0,0,965,0,965,G
5-NP,1478,1,1,0,963,965,C
5-NP,1479,920,0,1,0,921,A
5-NP,1480,0,0,917,0,917,G
5-NP,1481,916,0,0,0,916,A
5-NP,1482,846,0,0,0,846,A
5-NP,1483,0,0,849,0,849,G
5-NP,1484,573,0,1,0,574,A
5-NP,1485,0,0,572,0,572,G
5-NP,1486,0,519,0,1,520,T
5-NP,1487,517,0,0,0,517,A
5-NP,1488,0,0,0,515,515,C
5-NP,1489,0,0,467,0,467,G
5-NP,1490,461,0,0,0,461,A
5-NP,1491,0,0,0,453,453,C
5-NP,1492,293,0,0,0,293,A
5-NP,1493,293,0,0,0,293,A
5-NP,1494,0,244,0,0,244,T
5-NP,1495,0,231,0,0,231,T
5-NP,1496,233,0,0,0,233,A
5-NP,1497,225,0,0,0,225,A
6-NA,1,2,0,0,0,2,A
6-NA,2,0,2,0,0,2,T
6-NA,3,0,0,2,0,2,G
6-NA,4,2,0,0,0,2,A
6-NA,5,3,0,0,0,3,A
6-NA,6,0,3,0,0,3,T
6-NA,7,0,0,0,3,3,C
6-NA,8,0,0,0,3,3,C
6-NA,9,3,0,0,0,3,A
6-NA,10,3,0,0,0,3,A
6-NA,11,3,0,0,0,3,A
6-NA,12,0,3,0,0,3,T
6-NA,13,0,0,0,3,3,C
6-NA,14,2,1,0,0,3,A
6-NA,15,3,0,0,0,3,A
6-NA,16,3,0,0,0,3,A
6-NA,17,3,0,0,0,3,A
6-NA,18,0,0,4,0,4,G
6-NA,19,5,0,0,0,5,A
6-NA,20,0,5,0,0,5,T
6-NA,21,5,0,0,0,5,A
6-NA,22,5,0,0,0,5,A
6-NA,23,0,5,0,0,5,T
6-NA,24,5,0,0,0,5,A
6-NA,25,5,0,0,0,5,A
6-NA,26,0,0,0,5,5,C
6-NA,27,0,0,5,0,5,G
6-NA,28,5,0,0,0,5,A
6-NA,29,0,5,0,0,5,T
6-NA,30,0,5,0,0,5,T
6-NA,31,0,0,5,0,5,G
6-NA,32,0,0,5,0,5,G
6-NA,33,0,0,0,5,5,C
6-NA,34,0,5,0,0,5,T
6-NA,35,0,0,0,5,5,C
6-NA,36,0,5,0,0,5,T
6-NA,37,0,0,5,0,5,G
6-NA,38,0,5,0,0,5,T
6-NA,39,0,5,0,0,5,T
6-NA,40,0,6,0,0,6,T
6-NA,41,0,0,0,6,6,C
6-NA,42,0,6,0,0,6,T
6-NA,43,0,0,0,6,6,C
6-NA,44,0,6,0,0,6,T
6-NA,45,0,0,0,6,6,C
6-NA,46,6,0,0,0,6,A
6-NA,47,0,0,0,6,6,C
6-NA,48,0,0,0,6,6,C
6-NA,49,5,0,0,0,5,A
6-NA,50,0,5,0,0,5,T
6-NA,51,0,5,0,0,5,T
6-NA,52,0,5,0,0,5,T
6-NA,53,0,0,0,5,5,C
6-NA,54,0,0,0,5,5,C
6-NA,55,5,0,0,0,5,A
6-NA,56,0,0,0,5,5,C
6-NA,57,5,0,0,0,5,A
6-NA,58,6,0,0,0,6,A
6-NA,59,0,6,0,0,6,T
6-NA,60,6,0,0,0,6,A
6-NA,61,0,6,0,0,6,T
6-NA,62,0,0,6,0,6,G
6-NA,63,0,0,0,6,6,C
6-NA,64,0,6,0,0,6,T
6-NA,65,0,6,0,0,6,T
6-NA,66,0,0,0,6,6,C
6-NA,67,0,6,0,0,6,T
6-NA,68,0,6,0,0,6,T
6-NA,69,0,0,0,6,6,C
6-NA,70,6,0,0,0,6,A
6-NA,71,0,6,0,0,6,T
6-NA,72,0,0,6,0,6,G
6-NA,73,0,0,0,6,6,C
6-NA,74,6,0,0,0,6,A
6-NA,75,6,0,0,0,6,A
6-NA,76,6,0,0,0,6,A
6-NA,77,0,6,0,0,6,T
6-NA,78,0,6,0,0,6,T
6-NA,79,0,0,6,0,6,G
6-NA,80,0,0,0,6,6,C
6-NA,81,0,0,0,6,6,C
6-NA,82,6,0,0,0,6,A
6-NA,83,0,6,0,0,6,T
6-NA,84,0,0,0,6,6,C
6-NA,85,0,6,0,0,6,T
6-NA,86,0,6,0,0,6,T
6-NA,87,0,0,6,0,6,G
6-NA,88,6,0,0,0,6,A
6-NA,89,0,6,0,0,6,T
6-NA,90,6,0,0,0,6,A
6-NA,91,6,0,0,0,6,A
6-NA,92,0,0,0,6,6,C
6-NA,93,0,6,0,0,6,T
6-NA,94,6,0,0,0,6,A
6-NA,95,0,0,0,7,7,C
6-NA,96,0,7,0,0,7,T
6-NA,97,0,0,8,0,8,G
6-NA,98,0,8,0,0,8,T
6-NA,99,8,0,0,0,8,A
6-NA,100,8,0,0,0,8,A
6-NA,101,0,0,0,8,8,C
6-NA,102,8,0,0,0,8,A
6-NA,103,0,8,0,0,8,T
6-NA,104,0,8,0,0,8,T
6-NA,105,0,0,9,0,9,G
6-NA,106,0,0,0,9,9,C
6-NA,107,9,0,0,0,9,A
6-NA,108,0,9,0,0,9,T
6-NA,109,0,9,0,0,9,T
6-NA,110,0,9,0,0,9,T
6-NA,111,0,0,0,9,9,C
6-NA,112,9,0,0,0,9,A
6-NA,113,9,0,0,0,9,A
6-NA,114,0,0,9,0,9,G
6-NA,115,0,0,0,9,9,C
6-NA,116,9,0,0,0,9,A
6-NA,117,9,0,0,0,9,A
6-NA,118,0,9,0,0,9,T
6-NA,119,9,0,0,0,9,A
6-NA,120,0,9,0,0,9,T
6-NA,121,0,0,9,0,9,G
6-NA,122,9,0,0,0,9,A
6-NA,123,10,0,0,0,10,A
6-NA,124,0,10,0,0,10,T
6-NA,125,0,10,0,0,10,T
6-NA,126,0,0,0,10,10,C
6-NA,127,10,0,0,0,10,A
6-NA,128,10,0,0,0,10,A
6-NA,129,0,0,0,10,10,C
6-NA,130,0,10,0,0,10,T
6-NA,131,0,10,0,0,10,T
6-NA,132,0,0,0,11,11,C
6-NA,133,0,0,0,11,11,C
6-NA,134,1,0,0,10,11,C
6-NA,135,0,0,0,11,11,C
6-NA,136,0,0,0,11,11,C
6-NA,137,1,0,0,10,11,C
6-NA,138,11,0,0,0,11,A
6-NA,139,11,0,0,0,11,A
6-NA,140,11,0,0,0,11,A
6-NA,141,0,0,0,11,11,C
6-NA,142,11,0,0,0,11,A
6-NA,143,11,0,0,0,11,A
6-NA,144,0,0,0,11,11,C
6-NA,145,0,0,0,10,10,C
6-NA,146,11,0,0,0,11,A
6-NA,147,11,0,0,0,11,A
6-NA,148,0,0,11,0,11,G
6-NA,149,0,11,0,0,11,T
6-NA,150,0,0,11,0,11,G
6-NA,151,11,0,0,0,11,A
6-NA,152,0,11,0,0,11,T
6-NA,153,0,0,11,0,11,G
6-NA,154,0,0,0,11,11,C
6-NA,155,0,11,0,0,11,T
6-NA,156,0,0,11,0,11,G
6-NA,157,0,10,0,0,10,T
6-NA,158,0,0,10,0,10,G
6-NA,159,0,10,0,0,10,T
6-NA,160,0,0,10,0,10,G
6-NA,161,10,0,0,0,10,A
6-NA,162,10,0,0,0,10,A
6-NA,163,0,0,0,10,10,C
6-NA,164,0,0,0,10,10,C
6-NA,165,10,0,0,0,10,A
6-NA,166,10,0,0,0,10,A
6-NA,167,0,0,0,12,12,C
6-NA,168,12,0,0,0,12,A
6-NA,169,12,0,0,0,12,A
6-NA,170,0,12,0,0,12,T
6-NA,171,11,0,0,0,11,A
6-NA,172,11,0,0,0,11,A
6-NA,173,0,11,0,0,11,T
6-NA,174,11,0,0,0,11,A
6-NA,175,0,0,11,0,11,G
6-NA,176,11,0,0,0,11,A
6-NA,177,11,0,0,0,11,A
6-NA,178,11,0,0,0,11,A
6-NA,179,0,0,11,0,11,G
6-NA,180,11,0,0,0,11,A
6-NA,181,11,0,0,0,11,A
6-NA,182,11,0,0,0,11,A
6-NA,183,0,0,0,11,11,C
6-NA,184,11,0,0,0,11,A
6-NA,185,0,11,0,0,11,T
6-NA,186,11,0,0,0,11,A
6-NA,187,11,0,0,0,11,A
6-NA,188,0,0,0,11,11,C
6-NA,189,10,0,0,0,10,A
6-NA,190,0,0,11,0,11,G
6-NA,191,11,0,0,0,11,A
6-NA,192,0,0,11,0,11,G
6-NA,193,10,0,0,0,10,A
6-NA,194,0,11,0,0,11,T
6-NA,195,10,0,0,0,10,A
6-NA,196,0,0,10,0,10,G
6-NA,197,0,10,0,0,10,T
6-NA,198,0,0,10,0,10,G
6-NA,199,0,9,0,0,9,T
6-NA,200,9,0,0,0,9,A
6-NA,201,0,10,0,0,10,T
6-NA,202,0,0,0,10,10,C
6-NA,203,0,10,0,0,10,T
6-NA,204,0,0,10,0,10,G
6-NA,205,10,0,0,0,10,A
6-NA,206,0,0,0,10,10,C
6-NA,207,0,0,0,9,9,C
6-NA,208,9,0,0,0,9,A
6-NA,209,9,0,0,0,9,A
6-NA,210,0,0,0,9,9,C
6-NA,211,9,0,0,0,9,A
6-NA,212,0,0,0,9,9,C
6-NA,213,0,0,0,9,9,C
6-NA,214,7,0,0,0,7,A
6-NA,215,0,0,0,8,8,C
6-NA,216,0,0,0,8,8,C
6-NA,217,8,0,0,0,8,A
6-NA,218,0,8,0,0,8,T
6-NA,219,8,0,0,0,8,A
6-NA,220,0,0,8,0,8,G
6-NA,221,8,0,0,0,8,A
6-NA,222,0,0,8,0,8,G
6-NA,223,8,0,0,0,8,A
6-NA,224,8,0,0,0,8,A
6-NA,225,0,0,8,0,8,G
6-NA,226,0,0,8,0,8,G
6-NA,227,7,0,0,0,7,A
6-NA,228,8,0,0,0,8,A
6-NA,229,9,0,0,0,9,A
6-NA,230,0,9,0,0,9,T
6-NA,231,9,0,0,0,9,A
6-NA,232,0,9,0,0,9,T
6-NA,233,0,0,9,0,9,G
6-NA,234,0,0,0,9,9,C
6-NA,235,0,0,0,9,9,C
6-NA,236,0,0,0,9,9,C
6-NA,237,0,0,0,9,9,C
6-NA,238,9,0,0,0,9,A
6-NA,239,0,0,9,0,9,G
6-NA,240,9,0,0,0,9,A
6-NA,241,0,9,0,0,9,T
6-NA,242,0,11,0,0,11,T
6-NA,243,11,0,0,0,11,A
6-NA,244,0,0,11,0,11,G
6-NA,245,0,0,0,11,11,C
6-NA,246,11,0,0,0,11,A
6-NA,247,0,0,11,0,11,G
6-NA,248,11,0,0,0,11,A
6-NA,249,11,0,0,0,11,A
6-NA,250,0,10,0,0,10,T
6-NA,251,11,0,0,0,11,A
6-NA,252,0,0,0,11,11,C
6-NA,253,11,0,0,0,11,A
6-NA,254,0,0,11,0,11,G
6-NA,255,11,0,0,0,11,A
6-NA,256,11,0,0,0,11,A
6-NA,257,11,0,0,0,11,A
6-NA,258,0,11,0,0,11,T
6-NA,259,0,11,0,0,11,T
6-NA,260,0,0,12,0,12,G
6-NA,261,0,0,11,0,11,G
6-NA,262,0,11,0,0,11,T
6-NA,263,0,0,0,12,12,C
6-NA,264,9,0,0,0,9,A
6-NA,265,10,0,0,0,10,A
6-NA,266,10,0,0,0,10,A
6-NA,267,10,0,0,0,10,A
6-NA,268,0,0,0,10,10,C
6-NA,269,0,0,0,10,10,C
6-NA,270,0,0,11,0,11,G
6-NA,271,0,0,0,11,11,C
6-NA,272,11,0,0,0,11,A
6-NA,273,10,0,0,0,10,A
6-NA,274,0,11,0,0,11,T
6-NA,275,0,0,11,0,11,G
6-NA,276,0,0,0,10,10,C
6-NA,277,0,0,10,0,10,G
6-NA,278,10,0,0,0,10,A
6-NA,279,0,0,0,10,10,C
6-NA,280,11,0,0,0,11,A
6-NA,281,0,11,0,0,11,T
6-NA,282,0,11,0,0,11,T
6-NA,283,11,0,0,0,11,A
6-NA,284,0,0,0,11,11,C
6-NA,285,11,0,0,0,11,A
6-NA,286,0,0,12,0,12,G
6-NA,287,0,0,11,0,11,G
6-NA,288,11,0,0,0,11,A
6-NA,289,0,11,0,0,11,T
6-NA,290,0,11,0,0,11,T
6-NA,291,0,11,0,0,11,T
6-NA,292,0,0,11,0,11,G
6-NA,293,0,0,0,11,11,C
6-NA,294,11,0,0,0,11,A
6-NA,295,0,0,0,11,11,C
6-NA,296,0,0,0,11,11,C
6-NA,297,0,11,0,0,11,T
6-NA,298,0,11,0,0,11,T
6-NA,299,0,11,0,0,11,T
6-NA,300,0,11,0,0,11,T
6-NA,301,0,11,0,0,11,T
6-NA,302,0,0,0,11,11,C
6-NA,303,0,11,0,0,11,T
6-NA,304,11,0,0,0,11,A
6-NA,305,11,0,0,0,11,A
6-NA,306,0,0,11,0,11,G
6-NA,307,0,0,11,0,11,G
6-NA,308,11,0,0,0,11,A
6-NA,309,0,0,0,11,11,C
6-NA,310,11,0,0,0,11,A
6-NA,311,11,0,0,0,11,A
6-NA,312,0,11,0,0,11,T
6-NA,313,0,11,0,0,11,T
6-NA,314,0,0,0,12,12,C
6-NA,315,0,0,12,0,12,G
6-NA,316,12,0,0,0,12,A
6-NA,317,0,12,0,0,12,T
6-NA,318,0,12,0,0,12,T
6-NA,319,12,0,0,0,12,A
6-NA,320,0,0,12,0,12,G
6-NA,321,0,0,12,0,12,G
6-NA,322,0,0,0,12,12,C
6-NA,323,0,12,0,0,12,T
6-NA,324,0,12,0,0,12,T
6-NA,325,0,12,0,0,12,T
6-NA,326,0,0,0,13,13,C
6-NA,327,0,0,0,13,13,C
6-NA,328,0,0,13,0,13,G
6-NA,329,0,0,0,13,13,C
6-NA,330,0,13,0,0,13,T
6-NA,331,0,0,13,0,13,G
6-NA,332,0,0,13,0,13,G
6-NA,333,0,13,0,0,13,T
6-NA,334,0,0,13,0,13,G
6-NA,335,0,0,13,0,13,G
6-NA,336,0,0,12,0,12,G
6-NA,337,0,0,13,0,13,G
6-NA,338,13,0,0,0,13,A
6-NA,339,0,0,0,13,13,C
6-NA,340,12,0,0,0,12,A
6-NA,341,0,12,0,0,12,T
6-NA,342,0,0,0,12,12,C
6-NA,343,0,12,0,0,12,T
6-NA,344,0,0,12,0,12,G
6-NA,345,0,0,12,0,12,G
6-NA,346,0,0,17,0,17,G
6-NA,347,0,17,0,0,17,T
6-NA,348,0,0,17,0,17,G
6-NA,349,18,0,0,0,18,A
6-NA,350,0,0,0,77,77,C
6-NA,351,83,0,0,0,83,A
6-NA,352,324,0,0,0,324,A
6-NA,353,0,0,418,0,418,G
6-NA,354,434,0,0,0,434,A
6-NA,355,0,0,691,0,691,G
6-NA,356,863,0,0,1,864,A
6-NA,357,1333,0,0,0,1333,A
6-NA,358,1,0,0,3165,3166,C
6-NA,359,1,1,0,3932,3934,C
6-NA,360,1,3952,0,0,3953,T
6-NA,361,2,4036,0,1,4039,T
6-NA,362,4045,0,0,0,4045,A
6-NA,363,1,4096,0,1,4098,T
6-NA,364,2,1,4644,0,4647,G
6-NA,365,0,4695,0,1,4696,T
6-NA,366,2,2,4993,0,4997,G
6-NA,367,0,5011,0,4,5015,T
6-NA,368,2,1,0,5038,5041,C
6-NA,369,5249,0,5,52,5306,A
6-NA,370,0,5320,0,3,5323,T
6-NA,371,0,2,5321,1,5324,G
6-NA,372,0,1,0,5338,5339,C
6-NA,373,6,8,5332,0,5346,G
6-NA,374,6756,0,6,0,6762,A
6-NA,375,1,6773,0,2,6776,T
6-NA,376,2,0,0,7112,7114,C
6-NA,377,1,0,0,7146,7147,C
6-NA,378,3,7499,0,8,7510,T
6-NA,379,5,8,7716,1,7730,G
6-NA,380,7704,3,14,0,7721,A
6-NA,381,0,3,0,7755,7758,C
6-NA,382,7743,0,4,1,7748,A
6-NA,383,7810,0,14,0,7824,A
6-NA,384,0,0,8504,0,8504,G
6-NA,385,0,8516,0,3,8519,T
6-NA,386,1,2,8756,2,8761,G
6-NA,387,1,8776,0,5,8782,T
6-NA,388,0,8795,0,8,8803,T
6-NA,389,8805,1,3,2,8811,A
6-NA,390,1,8813,0,9,8823,T
6-NA,391,3,0,0,9085,9088,C
6-NA,392,9119,1,1,0,9121,A
6-NA,393,9099,1,2,1,9103,A
6-NA,394,0,9101,1,3,9105,T
6-NA,395,0,9074,0,9,9083,T
6-NA,396,0,9071,1,7,9079,T
6-NA,397,4,2,9148,0,9154,G
6-NA,398,0,5,0,10002,10007,C
6-NA,399,4,1,1,10016,10022,C
6-NA,400,4,1,0,10059,10064,C
6-NA,401,1,10057,0,12,10070,T
6-NA,402,2,10079,0,11,10092,T
6-NA,403,5,11,10377,1,10394,G
6-NA,404,2,6,10420,0,10428,G
6-NA,405,10497,1,16,0,10514,A
6-NA,406,1,7,0,10528,10536,C
6-NA,407,10315,2,13,0,10330,A
6-NA,408,4,13,10854,0,10871,G
6-NA,409,5,5,10842,0,10852,G
6-NA,410,2,5,11512,0,11519,G
6-NA,411,11501,2,12,0,11515,A
6-NA,412,11464,2,13,0,11479,A
6-NA,413,3,1,0,11561,11565,C
6-NA,414,11539,1,10,0,11550,A
6-NA,415,13354,1,11,0,13366,A
6-NA,416,1,3,1,13541,13546,C
6-NA,417,13489,1,10,1,13501,A
6-NA,418,2,5,1,13633,13641,C
6-NA,419,2,13437,0,11,13450,T
6-NA,420,13638,0,6,2,13646,A
6-NA,421,13587,2,35,0,13624,A
6-NA,422,13652,0,13,0,13665,A
6-NA,423,2,2,0,13686,13690,C
6-NA,424,13077,0,0,0,13077,A
6-NA,425,13112,0,13,0,13125,A
6-NA,426,0,2,0,13130,13132,C
6-NA,427,11,1,13137,0,13149,G
6-NA,428,0,13094,0,6,13100,T
6-NA,429,6,2,13089,0,13097,G
6-NA,430,1,2,1,13148,13152,C
6-NA,431,13178,2,8,0,13188,A
6-NA,432,0,13220,0,7,13227,T
6-NA,433,0,13231,1,8,13240,T
6-NA,434,3,3,1,13416,13423,C
6-NA,435,13713,0,6,0,13719,A
6-NA,436,13765,2,11,0,13778,A
6-NA,437,13846,0,7,1,13854,A
6-NA,438,0,13864,1,7,13872,T
6-NA,439,3,23,13828,2,13856,G
6-NA,440,14151,4,25,0,14180,A
6-NA,441,0,3,0,14246,14249,C
6-NA,442,14201,2,17,2,14222,A
6-NA,443,2,1,1,14502,14506,C
6-NA,444,14297,1,12,0,14310,A
6-NA,445,6,0,18476,3,18485,G
6-NA,446,0,18466,0,2,18468,T
6-NA,447,18788,1,13,1,18803,A
6-NA,448,3,9,2,18841,18855,C
6-NA,449,167,0,18604,1,18772,G
6-NA,450,2,19601,0,22,19625,T
6-NA,451,4,7,19643,4,19658,G
6-NA,452,19750,1,16,1,19768,A
6-NA,453,0,19902,1,3,19906,T
6-NA,454,17840,5,10,2,17857,A
6-NA,455,3,10,17844,1,17858,G
6-NA,456,3,12,17748,4,17767,G
6-NA,457,17807,2,27,1,17837,A
6-NA,458,2,3,1,18172,18178,C
6-NA,459,11,4,0,17805,17820,C
6-NA,460,18,0,2,18049,18069,C
6-NA,461,22,2,0,18076,18100,C
6-NA,462,0,18133,2,113,18248,T
6-NA,463,1,18611,0,4,18616,T
6-NA,464,18765,1,5,0,18771,A
6-NA,465,2,18727,2,7,18738,T
6-NA,466,5,13,0,18706,18724,C
6-NA,467,16,14,18506,1,18537,G
6-NA,468,3,12,18496,1,18512,G
6-NA,469,18510,3,29,0,18542,A
6-NA,470,1,4,0,18759,18764,C
6-NA,471,7,4,0,18633,18644,C
6-NA,472,13,3,0,19816,19832,C
6-NA,473,0,19757,0,11,19768,T
6-NA,474,20109,0,6,0,20115,A
6-NA,475,1,20121,2,10,20134,T
6-NA,476,2,20107,3,12,20124,T
6-NA,477,10,6,20162,3,20181,G
6-NA,478,20182,1,11,0,20194,A
6-NA,479,2,20096,3,10,20111,T
6-NA,480,6,13,20168,1,20188,G
6-NA,481,19335,0,17,3,19355,A
6-NA,482,19434,3,17,1,19455,A
6-NA,483,1,19400,1,9,19411,T
6-NA,484,2,14,19792,1,19809,G
6-NA,485,20179,5,20,3,20207,A
6-NA,486,10,1,20495,0,20506,G
6-NA,487,1,20418,4,14,20437,T
6-NA,488,0,20463,0,5,20468,T
6-NA,489,20525,3,19,1,20548,A
6-NA,490,1,13,20557,0,20571,G
6-NA,491,2,7,20643,1,20653,G
6-NA,492,3,20530,0,14,20547,T
6-NA,493,6,2,20453,2,20463,G
6-NA,494,3,20061,2,34,20100,T
6-NA,495,2,20029,1,19,20051,T
6-NA,496,14,2,1,20273,20290,C
6-NA,497,9,2,0,20370,20381,C
6-NA,498,0,20304,0,22,20326,T
6-NA,499,1,20300,0,16,20317,T
6-NA,500,1,20172,3,76,20252,T
6-NA,501,3,20252,1,19,20275,T
6-NA,502,12,4,1,20324,20341,C
6-NA,503,20268,2,22,3,20295,A
6-NA,504,0,20802,0,15,20817,T
6-NA,505,4,3,2,20760,20769,C
6-NA,506,3,20526,2,12,20543,T
6-NA,507,7,26,20496,3,20532,G
6-NA,508,3,32,20437,0,20472,G
6-NA,509,5,14,20468,1,20488,G
6-NA,510,7,17,20744,1,20769,G
6-NA,511,20721,4,21,2,20748,A
6-NA,512,1,2,0,21023,21026,C
6-NA,513,7,4,1,20686,20698,C
6-NA,514,20998,0,21,0,21019,A
6-NA,515,21038,2,57,0,21097,A
6-NA,516,6,3,21128,1,21138,G
6-NA,517,3,6,3,21177,21189,C
6-NA,518,21101,5,5,0,21111,A
6-NA,519,21395,2,22,1,21420,A
6-NA,520,6,1,21562,2,21571,G
6-NA,521,0,21377,0,14,21391,T
6-NA,522,3,3,22160,1,22167,G
6-NA,523,2,21862,0,30,21894,T
6-NA,524,9,2,22598,0,22609,G
6-NA,525,4,6,2,22607,22619,C
6-NA,526,22493,0,37,1,22531,A
6-NA,527,2,22769,1,9,22781,T
6-NA,528,22160,6,18,0,22184,A
6-NA,529,67,2,22907,0,22976,G
6-NA,530,3,2,4,22912,22921,C
6-NA,531,22225,3,14,29,22271,A
6-NA,532,2,22183,1,12,22198,T
6-NA,533,4,15,21385,1,21405,G
6-NA,534,10,4,22392,2,22408,G
6-NA,535,5,22427,0,35,22467,T
6-NA,536,16,4,2,22264,22286,C
6-NA,537,12,3,2,22284,22301,C
6-NA,538,21765,2,23,1,21791,A
6-NA,539,5,1,22081,0,22087,G
6-NA,540,1,5,0,22093,22099,C
6-NA,541,1,21999,1,33,22034,T
6-NA,542,16,5,0,22044,22065,C
6-NA,543,21350,3,15,2,21370,A
6-NA,544,21522,0,20,4,21546,A
6-NA,545,3,4,21607,2,21616,G
6-NA,546,1,21580,0,10,21591,T
6-NA,547,2,21461,2,23,21488,T
6-NA,548,5,2,21375,1,21383,G
6-NA,549,0,21344,2,21,21367,T
6-NA,550,18,2,0,21311,21331,C
6-NA,551,21339,0,21,1,21361,A
6-NA,552,2,4,2,21480,21488,C
6-NA,553,4,7,21354,0,21365,G
6-NA,554,21509,1,15,3,21528,A
6-NA,555,1,21597,0,15,21613,T
6-NA,556,6,7,21885,0,21898,G
6-NA,557,1,12,21930,2,21945,G
6-NA,558,21914,2,41,1,21958,A
6-NA,559,21968,1,26,1,21996,A
6-NA,560,22114,2,21,4,22141,A
6-NA,561,22085,0,27,3,22115,A
6-NA,562,5,2,22325,0,22332,G
6-NA,563,3,6,7,22187,22203,C
6-NA,564,22079,0,29,2,22110,A
6-NA,565,0,22039,1,6,22046,T
6-NA,566,5,14,22194,1,22214,G
6-NA,567,18,3,22247,2,22270,G
6-NA,568,4,1,0,22505,22510,C
6-NA,569,2,22298,0,42,22342,T
6-NA,570,9,3,22454,3,22469,G
6-NA,571,4,3,1,22330,22338,C
6-NA,572,22393,1,13,0,22407,A
6-NA,573,2,23080,0,7,23089,T
6-NA,574,4,3,23109,3,23119,G
6-NA,575,2,22995,1,15,23013,T
6-NA,576,1,23390,0,31,23422,T
6-NA,577,0,23257,0,20,23277,T
6-NA,578,2,3,24484,4,24493,G
6-NA,579,3,24390,3,11,24407,T
6-NA,580,24455,3,4,3,24465,A
6-NA,581,1,24490,0,7,24498,T
6-NA,582,23919,1,9,2,23931,A
6-NA,583,24025,1,16,1,24043,A
6-NA,584,2,9,1,23860,23872,C
6-NA,585,10,23,23569,1,23603,G
6-NA,586,13,28,23645,0,23686,G
6-NA,587,4,28,22912,1,22945,G
6-NA,588,5,8,23005,1,23019,G
6-NA,589,6,5,23039,1,23051,G
6-NA,590,22876,2,66,2,22946,A
6-NA,591,2,22969,2,11,22984,T
6-NA,592,10,3,22990,1,23004,G
6-NA,593,22988,2,111,2,23103,A
6-NA,594,3,23162,0,15,23180,T
6-NA,595,23104,0,11,2,23117,A
6-NA,596,23161,2,7,1,23171,A
6-NA,597,23205,2,16,1,23224,A
6-NA,598,23209,0,10,1,23220,A
6-NA,599,23304,1,8,0,23313,A
6-NA,600,0,23273,0,3,23276,T
6-NA,601,6,2,23225,1,23234,G
6-NA,602,2,5,1,23199,23207,C
6-NA,603,23112,1,39,0,23152,A
6-NA,604,23208,2,24,2,23236,A
6-NA,605,4,5,2,23458,23469,C
6-NA,606,2,23387,0,16,23405,T
6-NA,607,8,1,23506,3,23518,G
6-NA,608,1,3,0,23427,23431,C
6-NA,609,1,23449,0,11,23461,T
6-NA,610,23431,1,16,1,23449,A
6-NA,611,4,1,23496,0,23501,G
6-NA,612,2,2,0,23672,23676,C
6-NA,613,0,23558,1,43,23602,T
6-NA,614,1,23430,1,17,23449,T
6-NA,615,8,4,5,23651,23668,C
6-NA,616,23714,1,9,2,23726,A
6-NA,617,2,23746,0,6,23754,T
6-NA,618,0,23783,0,12,23795,T
6-NA,619,0,23833,0,12,23845,T
6-NA,620,23873,3,8,1,23885,A
6-NA,621,0,6,8,24062,24076,C
6-NA,622,23861,1,11,0,23873,A
6-NA,623,24052,5,17,3,24077,A
6-NA,624,2,23848,0,15,23865,T
6-NA,625,9,31,23863,1,23904,G
6-NA,626,4,12,23836,2,23854,G
6-NA,627,2,11,23817,7,23837,G
6-NA,628,23649,2,48,0,23699,A
6-NA,629,1,2,24299,1,24303,G
6-NA,630,2,4,24403,1,24410,G
6-NA,631,3,4,1,26016,26024,C
6-NA,632,2,25900,3,23,25928,T
6-NA,633,2,26205,1,6,26214,T
6-NA,634,10,1,26485,3,26499,G
6-NA,635,2,26475,0,9,26486,T
6-NA,636,26887,2,36,0,26925,A
6-NA,637,4,5,27032,3,27044,G
6-NA,638,26352,2,35,3,26392,A
6-NA,639,0,26379,2,6,26387,T
6-NA,640,23984,1,4,0,23989,A
6-NA,641,3,4,23999,1,24007,G
6-NA,642,3,23656,1,11,23671,T
6-NA,643,4,1,23080,2,23087,G
6-NA,644,3,24135,0,23,24161,T
6-NA,645,3,24156,1,17,24177,T
6-NA,646,0,0,24545,2,24547,G
6-NA,647,1,24400,2,59,24462,T
6-NA,648,1,24428,0,23,24452,T
6-NA,649,4,24465,0,14,24483,T
6-NA,650,9,6,1,23969,23985,C
6-NA,651,23897,6,28,0,23931,A
6-NA,652,3,23777,2,12,23794,T
6-NA,653,23,13,23752,7,23795,G
6-NA,654,6,2,25097,2,25107,G
6-NA,655,2,24765,2,36,24805,T
6-NA,656,17,7,2,24764,24790,C
6-NA,657,17,9,0,24763,24789,C
6-NA,658,24844,0,52,0,24896,A
6-NA,659,25046,0,20,1,25067,A
6-NA,660,25057,0,42,2,25101,A
6-NA,661,4,10,25226,1,25241,G
6-NA,662,25177,1,12,1,25191,A
6-NA,663,24177,2,24,1,24204,A
6-NA,664,24224,2,29,1,24256,A
6-NA,665,6,24166,1,14,24187,T
6-NA,666,6,5,1,25113,25125,C
6-NA,667,14,2,0,25120,25136,C
6-NA,668,2,24942,1,28,24973,T
6-NA,669,8,8,1,25030,25047,C
6-NA,670,24935,2,26,5,24968,A
6-NA,671,6,14,25214,2,25236,G
6-NA,672,7,16,25197,2,25222,G
6-NA,673,25786,1,18,0,25805,A
6-NA,674,5,6,3,25825,25839,C
6-NA,675,16,7,1,25266,25290,C
6-NA,676,22,5,2,25283,25312,C
6-NA,677,25342,3,11,2,25358,A
6-NA,678,5,10,25441,3,25459,G
6-NA,679,4,20,25545,3,25572,G
6-NA,680,25281,3,53,1,25338,A
6-NA,681,0,5,25700,1,25706,G
6-NA,682,1,25101,2,24,25128,T
6-NA,683,19,90,0,25070,25179,C
6-NA,684,25103,1,25,6,25135,A
6-NA,685,4,11,25315,1,25331,G
6-NA,686,25237,1,29,1,25268,A
6-NA,687,25255,3,8,2,25268,A
6-NA,688,0,25101,0,14,25115,T
6-NA,689,5,0,25239,0,25244,G
6-NA,690,5,6,2,25197,25210,C
6-NA,691,13,1,25355,1,25370,G
6-NA,692,1,25240,3,25,25269,T
6-NA,693,1,25301,1,13,25316,T
6-NA,694,2,25119,1,11,25133,T
6-NA,695,7,7,25323,2,25339,G
6-NA,696,3,25361,3,24,25391,T
6-NA,697,25377,2,7,2,25388,A
6-NA,698,2,25243,0,19,25264,T
6-NA,699,10,5,1,25234,25250,C
6-NA,700,25078,1,30,1,25110,A
6-NA,701,25136,1,5,0,25142,A
6-NA,702,2,25117,3,13,25135,T
6-NA,703,4,19,25082,1,25106,G
6-NA,704,11,18,25128,0,25157,G
6-NA,705,25574,1,38,0,25613,A
6-NA,706,25592,1,65,0,25658,A
6-NA,707,0,3,0,25885,25888,C
6-NA,708,2,25913,2,35,25952,T
6-NA,709,0,25885,0,10,25895,T
6-NA,710,3,2,26851,1,26857,G
6-NA,711,8,26852,0,15,26875,T
6-NA,712,26837,2,17,1,26857,A
6-NA,713,5,13,11,27240,27269,C
6-NA,714,26284,4,30,2,26320,A
6-NA,715,5,6,28217,7,28235,G
6-NA,716,2,28006,0,14,28022,T
6-NA,717,29033,0,13,0,29046,A
6-NA,718,7,4,29192,2,29205,G
6-NA,719,1,28325,0,15,28341,T
6-NA,720,28323,0,15,0,28338,A
6-NA,721,28291,3,8,3,28305,A
6-NA,722,2,28079,4,12,28097,T
6-NA,723,4,26,28183,4,28217,G
6-NA,724,27223,2,21,0,27246,A
6-NA,725,2,2,1,27523,27528,C
6-NA,726,1,26569,0,20,26590,T
6-NA,727,13,13,26676,3,26705,G
6-NA,728,26606,2,32,1,26641,A
6-NA,729,4,26764,2,17,26787,T
6-NA,730,4,29,26803,0,26836,G
6-NA,731,3,16,26612,4,26635,G
6-NA,732,11,22,26624,4,26661,G
6-NA,733,26065,4,48,2,26119,A
6-NA,734,5,2,26182,2,26191,G
6-NA,735,4,25912,1,17,25934,T
6-NA,736,4,1,26018,0,26023,G
6-NA,737,2,4,0,25987,25993,C
6-NA,738,1,25842,2,17,25862,T
6-NA,739,3,25843,2,15,25863,T
6-NA,740,5,8,2,25791,25806,C
6-NA,741,17,19,25654,0,25690,G
6-NA,742,7,13,25935,0,25955,G
6-NA,743,6,19,25940,1,25966,G
6-NA,744,25918,4,19,1,25942,A
6-NA,745,25754,0,10,0,25764,A
6-NA,746,25597,2,54,0,25653,A
6-NA,747,25828,3,40,2,25873,A
6-NA,748,1,5,25998,0,26004,G
6-NA,749,3,6,0,25986,25995,C
6-NA,750,3,25750,0,10,25763,T
6-NA,751,7,12,25775,1,25795,G
6-NA,752,25736,4,23,5,25768,A
6-NA,753,2,26022,0,8,26032,T
6-NA,754,26086,0,21,1,26108,A
6-NA,755,2,2,2,27651,27657,C
6-NA,756,0,27394,0,14,27408,T
6-NA,757,27378,0,3,1,27382,A
6-NA,758,27376,2,14,4,27396,A
6-NA,759,27447,2,2,1,27452,A
6-NA,760,28004,1,17,2,28024,A
6-NA,761,1,27987,1,8,27997,T
6-NA,762,27803,6,10,0,27819,A
6-NA,763,1,7,0,28015,28023,C
6-NA,764,2,26369,5,49,26425,T
6-NA,765,26777,3,9,3,26792,A
6-NA,766,2,26624,1,32,26659,T
6-NA,767,4,28759,1,24,28788,T
6-NA,768,12,7,3,29196,29218,C
6-NA,769,28630,2,12,1,28645,A
6-NA,770,2,28577,2,11,28592,T
6-NA,771,1,28577,1,3,28582,T
6-NA,772,28135,1,12,0,28148,A
6-NA,773,28190,2,18,1,28211,A
6-NA,774,5,16,28388,3,28412,G
6-NA,775,3,10,28401,5,28419,G
6-NA,776,26088,1,23,1,26113,A
6-NA,777,5,20,26393,0,26418,G
6-NA,778,6,24,26395,1,26426,G
6-NA,779,7,16,26434,0,26457,G
6-NA,780,4,9,26467,0,26480,G
6-NA,781,26377,3,29,1,26410,A
6-NA,782,26451,0,21,2,26474,A
6-NA,783,26337,2,19,3,26361,A
6-NA,784,26260,2,27,0,26289,A
6-NA,785,1,26262,0,7,26270,T
6-NA,786,16,8,0,26137,26161,C
6-NA,787,5,2,26499,1,26507,G
6-NA,788,4,26385,1,9,26399,T
6-NA,789,2,26344,1,30,26377,T
6-NA,790,23,6,3,26433,26465,C
6-NA,791,26482,2,8,2,26494,A
6-NA,792,1,28423,0,9,28433,T
6-NA,793,28394,1,4,0,28399,A
6-NA,794,5,3,5,28612,28625,C
6-NA,795,7,28474,1,12,28494,T
6-NA,796,28407,2,33,0,28442,A
6-NA,797,9,5,28390,1,28405,G
6-NA,798,3,9,1,28407,28420,C
6-NA,799,28377,2,25,1,28405,A
6-NA,800,4,5,1,28491,28501,C
6-NA,801,26882,0,7,0,26889,A
6-NA,802,4,27377,1,8,27390,T
6-NA,803,2,27226,1,5,27234,T
6-NA,804,3,3,29158,4,29168,G
6-NA,805,6,28943,3,34,28986,T
6-NA,806,22,13,5,28928,28968,C
6-NA,807,28924,3,29,1,28957,A
6-NA,808,4,14,29003,2,29023,G
6-NA,809,3,13,29057,4,29077,G
6-NA,810,28952,2,10,3,28967,A
6-NA,811,28385,2,29,1,28417,A
6-NA,812,2,2,28802,0,28806,G
6-NA,813,3,27051,1,35,27090,T
6-NA,814,7,5,27278,1,27291,G
6-NA,815,3,8,0,27257,27268,C
6-NA,816,3,27206,1,29,27239,T
6-NA,817,23,11,0,27362,27396,C
6-NA,818,27213,3,18,2,27236,A
6-NA,819,8,6,27546,2,27562,G
6-NA,820,4,8,7,27518,27537,C
6-NA,821,27319,3,18,0,27340,A
6-NA,822,1,27326,3,20,27350,T
6-NA,823,5,3,28392,1,28401,G
6-NA,824,1,28343,2,22,28368,T
6-NA,825,20,6,5,28338,28369,C
6-NA,826,11,16,28356,2,28385,G
6-NA,827,28249,1,15,0,28265,A
6-NA,828,11,13,28136,1,28161,G
6-NA,829,4,18,28185,5,28212,G
6-NA,830,27910,2,24,0,27936,A
6-NA,831,10,0,28387,2,28399,G
6-NA,832,3,27297,1,31,27332,T
6-NA,833,18,7,27387,1,27413,G
6-NA,834,0,4,3,27809,27816,C
6-NA,835,0,27729,3,24,27756,T
6-NA,836,29,31,4,27903,27967,C
6-NA,837,15,6,2,28080,28103,C
6-NA,838,5,28013,2,28,28048,T
6-NA,839,13,4,28151,11,28179,G
6-NA,840,2,3,2,27810,27817,C
6-NA,841,0,27475,0,27,27502,T
6-NA,842,27754,4,11,1,27770,A
6-NA,843,3,27195,2,17,27217,T
6-NA,844,8,3,1,27443,27455,C
6-NA,845,16,5,0,27394,27415,C
6-NA,846,2,27245,3,25,27275,T
6-NA,847,10,13,1,27475,27499,C
6-NA,848,16,13,27432,0,27461,G
6-NA,849,27711,2,13,2,27728,A
6-NA,850,1,27754,0,15,27770,T
6-NA,851,27797,1,6,1,27805,A
6-NA,852,1,27760,3,15,27779,T
6-NA,853,3,5,3,27689,27700,C
6-NA,854,14,1,1,27645,27661,C
6-NA,855,2,27356,3,27,27388,T
6-NA,856,6,15,27518,2,27541,G
6-NA,857,2,2,27682,3,27689,G
6-NA,858,3,27935,3,23,27964,T
6-NA,859,6,2,28085,2,28095,G
6-NA,860,2,27889,0,21,27912,T
6-NA,861,21,17,4,27851,27893,C
6-NA,862,27858,4,28,3,27893,A
6-NA,863,10,6,27962,5,27983,G
6-NA,864,27880,5,38,0,27923,A
6-NA,865,2,27618,1,15,27636,T
6-NA,866,6,1,27669,2,27678,G
6-NA,867,5,27093,0,20,27118,T
6-NA,868,10,2,27186,8,27206,G
6-NA,869,4,27124,1,33,27162,T
6-NA,870,10,10,7,27222,27249,C
6-NA,871,2,27118,1,44,27165,T
6-NA,872,5,1,27224,8,27238,G
6-NA,873,5,9,4,27209,27227,C
6-NA,874,27118,6,30,0,27154,A
6-NA,875,1,12,27155,5,27173,G
6-NA,876,26369,2,33,1,26405,A
6-NA,877,5,12,26472,4,26493,G
6-NA,878,26399,5,31,0,26435,A
6-NA,879,3,3,3,26621,26630,C
6-NA,880,26297,1,290,0,26588,A
6-NA,881,26728,5,20,0,26753,A
6-NA,882,3,5,3,26900,26911,C
6-NA,883,8,26862,0,19,26889,T
6-NA,884,6,14,26879,3,26902,G
6-NA,885,4,10,26800,2,26816,G
6-NA,886,26479,4,223,1,26707,A
6-NA,887,26647,3,32,0,26682,A
6-NA,888,25927,1,59,2,25989,A
6-NA,889,5,14,26512,0,26531,G
6-NA,890,12,6,26363,0,26381,G
6-NA,891,8,5,2,26324,26339,C
6-NA,892,1,26137,0,47,26185,T
6-NA,893,22,10,6,26844,26882,C
6-NA,894,14,7,6,27207,27234,C
6-NA,895,27331,1,7,1,27340,A
6-NA,896,27300,3,9,0,27312,A
6-NA,897,0,27314,3,7,27324,T
6-NA,898,26098,3,18,0,26119,A
6-NA,899,3,8,25994,2,26007,G
6-NA,900,4,3,26009,0,26016,G
6-NA,901,3,12,1,25992,26008,C
6-NA,902,8,5,0,25405,25418,C
6-NA,903,22,6,1,25017,25046,C
6-NA,904,25237,2,8,3,25250,A
6-NA,905,0,25440,0,26,25466,T
6-NA,906,9,5,1,25523,25538,C
6-NA,907,8,0,25610,3,25621,G
6-NA,908,0,25475,0,8,25483,T
6-NA,909,25023,3,11,0,25037,A
6-NA,910,6,4,25644,1,25655,G
6-NA,911,25682,0,17,1,25700,A
6-NA,912,2,25800,0,6,25808,T
6-NA,913,25328,1,8,1,25338,A
6-NA,914,2,25049,0,7,25058,T
6-NA,915,24995,1,4,0,25000,A
6-NA,916,24960,1,13,2,24976,A
6-NA,917,25627,3,19,1,25650,A
6-NA,918,2,29,1,26180,26212,C
6-NA,919,25370,4,4,0,25378,A
6-NA,920,3,25341,0,4,25348,T
6-NA,921,25090,1,7,3,25101,A
6-NA,922,25114,2,9,4,25129,A
6-NA,923,25081,0,31,1,25113,A
6-NA,924,7,20,25417,2,25446,G
6-NA,925,5,9,25676,2,25692,G
6-NA,926,24663,2,16,0,24681,A
6-NA,927,4,24423,0,19,24446,T
6-NA,928,15,6,2,24535,24558,C
6-NA,929,24715,1,19,1,24736,A
6-NA,930,3,24746,0,21,24770,T
6-NA,931,24720,2,15,2,24739,A
6-NA,932,2,2,24928,2,24934,G
6-NA,933,2,2,0,24453,24457,C
6-NA,934,23921,4,11,0,23936,A
6-NA,935,2,23155,0,12,23169,T
6-NA,936,1,23236,0,3,23240,T
6-NA,937,6,1,23980,2,23989,G
6-NA,938,3,23953,4,20,23980,T
6-NA,939,1,24306,0,25,24332,T
6-NA,940,3,24259,0,26,24288,T
6-NA,941,12,1,3,24135,24151,C
6-NA,942,9,3,2,24243,24257,C
6-NA,943,24462,3,67,2,24534,A
6-NA,944,4,2,24934,0,24940,G
6-NA,945,1,24895,2,17,24915,T
6-NA,946,1,24048,2,11,24062,T
6-NA,947,24086,4,7,0,24097,A
6-NA,948,5,23865,2,18,23890,T
6-NA,949,3,3,23943,4,23953,G
6-NA,950,1,23731,1,22,23755,T
6-NA,951,2,2,23913,1,23918,G
6-NA,952,3,23177,2,16,23198,T
6-NA,953,9,3,23836,1,23849,G
6-NA,954,2,23798,1,33,23834,T
6-NA,955,0,23670,0,16,23686,T
6-NA,956,17,6,4,23671,23698,C
6-NA,957,23428,1,19,1,23449,A
6-NA,958,6,9,23607,2,23624,G
6-NA,959,7,15,23570,2,23594,G
6-NA,960,23400,1,14,1,23416,A
6-NA,961,2,2,1,23474,23479,C
6-NA,962,0,22715,0,12,22727,T
6-NA,963,2,22773,1,9,22785,T
6-NA,964,5,2,23619,3,23629,G
6-NA,965,2,23579,0,13,23594,T
6-NA,966,4,23544,1,8,23557,T
6-NA,967,7,7,23325,3,23342,G
6-NA,968,5,15,23332,1,23353,G
6-NA,969,23277,2,32,0,23311,A
6-NA,970,6,11,23350,2,23369,G
6-NA,971,23265,6,32,0,23303,A
6-NA,972,3,5,3,23158,23169,C
6-NA,973,22171,1,27,0,22199,A
6-NA,974,3,6,1,22255,22265,C
6-NA,975,22250,2,14,1,22267,A
6-NA,976,7,4,1,22423,22435,C
6-NA,977,14,2,1,22171,22188,C
6-NA,978,33,5,0,22174,22212,C
6-NA,979,22049,1,26,2,22078,A
6-NA,980,2,8,22190,0,22200,G
6-NA,981,22155,2,11,1,22169,A
6-NA,982,22304,3,7,0,22314,A
6-NA,983,22109,1,7,10,22127,A
6-NA,984,22078,1,7,1,22087,A
6-NA,985,21909,1,6,1,21917,A
6-NA,986,21888,0,8,28,21924,A
6-NA,987,2,9,1,22005,22017,C
6-NA,988,4,16,21944,0,21964,G
6-NA,989,21888,1,19,0,21908,A
6-NA,990,4,4,2,21918,21928,C
6-NA,991,21752,1,40,0,21793,A
6-NA,992,7,1,22032,2,22042,G
6-NA,993,4,13,0,22733,22750,C
6-NA,994,1,22592,4,31,22628,T
6-NA,995,19,8,11,22737,22775,C
6-NA,996,11,3,4,22848,22866,C
6-NA,997,22846,6,41,0,22893,A
6-NA,998,13,1,23182,0,23196,G
6-NA,999,4,7,9,23175,23195,C
6-NA,1000,23016,2,14,1,23033,A
6-NA,1001,9,3,23020,2,23034,G
6-NA,1002,2,21870,2,6,21880,T
6-NA,1003,21897,2,17,0,21916,A
6-NA,1004,43,3,21897,1,21944,G
6-NA,1005,8,8,0,21893,21909,C
6-NA,1006,15,6,3,21901,21925,C
6-NA,1007,21532,1,5,0,21538,A
6-NA,1008,0,21503,0,10,21513,T
6-NA,1009,1,21474,0,2,21477,T
6-NA,1010,2,2,22124,4,22132,G
6-NA,1011,1,21924,2,37,21964,T
6-NA,1012,0,21924,1,7,21932,T
6-NA,1013,3,21873,0,12,21888,T
6-NA,1014,3,11,21679,1,21694,G
6-NA,1015,5,6,21922,2,21935,G
6-NA,1016,21580,1,266,0,21847,A
6-NA,1017,2,21864,1,14,21881,T
6-NA,1018,8,4,2,21874,21888,C
6-NA,1019,7,3,0,21359,21369,C
6-NA,1020,2,21391,2,16,21411,T
6-NA,1021,21436,0,16,1,21453,A
6-NA,1022,21476,4,14,1,21495,A
6-NA,1023,5,38,15,21853,21911,C
6-NA,1024,21262,1,6,2,21271,A
6-NA,1025,21816,3,3,1,21823,A
6-NA,1026,0,21760,0,9,21769,T
6-NA,1027,1,7,22064,3,22075,G
6-NA,1028,21954,5,23,3,21985,A
6-NA,1029,21779,1,55,2,21837,A
6-NA,1030,1,6,21962,2,21971,G
6-NA,1031,21839,2,23,1,21865,A
6-NA,1032,21080,3,24,0,21107,A
6-NA,1033,2,5,21218,1,21226,G
6-NA,1034,6,4,21209,1,21220,G
6-NA,1035,3,20791,1,14,20809,T
6-NA,1036,8,16,20726,0,20750,G
6-NA,1037,5,1,21500,3,21509,G
6-NA,1038,1,21398,0,30,21429,T
6-NA,1039,33,3,1,21263,21300,C
6-NA,1040,21310,0,10,1,21321,A
6-NA,1041,0,21259,0,14,21273,T
6-NA,1042,2,13,21227,3,21245,G
6-NA,1043,3,10,21456,2,21471,G
6-NA,1044,21222,1,32,0,21255,A
6-NA,1045,4,3,21985,1,21993,G
6-NA,1046,3,20825,2,14,20844,T
6-NA,1047,3,5,20861,3,20872,G
6-NA,1048,20805,1,24,0,20830,A
6-NA,1049,20815,3,8,1,20827,A
6-NA,1050,20835,1,37,0,20873,A
6-NA,1051,1,7,21041,1,21050,G
6-NA,1052,4,2,20805,1,20812,G
6-NA,1053,5,53,0,20642,20700,C
6-NA,1054,4,19889,1,16,19910,T
6-NA,1055,3,13,19943,1,19960,G
6-NA,1056,4,4,20000,0,20008,G
6-NA,1057,5,4,20169,3,20181,G
6-NA,1058,3,8,1,20148,20160,C
6-NA,1059,7,3,4,20097,20111,C
6-NA,1060,1,19631,0,155,19787,T
6-NA,1061,3,19821,0,12,19836,T
6-NA,1062,2,19851,0,3,19856,T
6-NA,1063,3,6,19891,3,19903,G
6-NA,1064,19863,4,25,0,19892,A
6-NA,1065,1,19648,3,4,19656,T
6-NA,1066,5,6,19210,1,19222,G
6-NA,1067,18970,1,16,0,18987,A
6-NA,1068,0,18972,0,8,18980,T
6-NA,1069,7,8,19018,1,19034,G
6-NA,1070,2,3,19218,0,19223,G
6-NA,1071,19174,2,14,0,19190,A
6-NA,1072,19125,0,10,1,19136,A
6-NA,1073,19139,2,10,3,19154,A
6-NA,1074,0,19123,1,6,19130,T
6-NA,1075,4,8,19279,1,19292,G
6-NA,1076,19381,2,20,0,19403,A
6-NA,1077,2,6,0,19512,19520,C
6-NA,1078,6,0,19495,2,19503,G
6-NA,1079,1,19080,0,15,19096,T
6-NA,1080,18953,0,22,0,18975,A
6-NA,1081,0,19216,0,7,19223,T
6-NA,1082,4,13,19271,2,19290,G
6-NA,1083,12,8,19533,0,19553,G
6-NA,1084,19148,5,18,2,19173,A
6-NA,1085,2,18749,1,12,18764,T
6-NA,1086,10,21,18557,1,18589,G
6-NA,1087,6,11,18494,0,18511,G
6-NA,1088,2,6,18636,0,18644,G
6-NA,1089,18571,2,13,0,18586,A
6-NA,1090,18450,2,20,1,18473,A
6-NA,1091,5,16,18426,2,18449,G
6-NA,1092,17972,0,20,0,17992,A
6-NA,1093,17966,1,23,0,17990,A
6-NA,1094,5,6,1,17923,17935,C
6-NA,1095,4,9,17841,0,17854,G
6-NA,1096,17781,1,16,1,17799,A
6-NA,1097,5,17387,1,7,17400,T
6-NA,1098,8,7,1,17471,17487,C
6-NA,1099,17435,1,18,1,17455,A
6-NA,1100,0,1,17569,0,17570,G
6-NA,1101,2,5,3,17496,17506,C
6-NA,1102,8,9,17515,0,17532,G
6-NA,1103,17429,3,8,0,17440,A
6-NA,1104,2,2,17468,3,17475,G
6-NA,1105,17433,0,19,1,17453,A
6-NA,1106,17451,1,9,3,17464,A
6-NA,1107,1,1,17567,1,17570,G
6-NA,1108,3,17364,0,19,17386,T
6-NA,1109,13,3,2,17213,17231,C
6-NA,1110,17173,0,15,3,17191,A
6-NA,1111,4,8,0,17769,17781,C
6-NA,1112,3,4,17791,1,17799,G
6-NA,1113,3,1,0,17799,17803,C
6-NA,1114,2,17643,1,14,17660,T
6-NA,1115,1,17659,2,10,17672,T
6-NA,1116,17316,1,11,0,17328,A
6-NA,1117,2,16,17756,1,17775,G
6-NA,1118,5,13,17758,1,17777,G
6-NA,1119,3,4,18207,2,18216,G
6-NA,1120,1,16570,2,12,16585,T
6-NA,1121,16564,2,7,0,16573,A
6-NA,1122,0,16474,1,6,16481,T
6-NA,1123,1,9,16440,1,16451,G
6-NA,1124,16391,0,16,2,16409,A
6-NA,1125,16361,0,10,0,16371,A
6-NA,1126,15345,0,23,1,15369,A
6-NA,1127,0,2,0,15398,15400,C
6-NA,1128,5,2,0,14794,14801,C
6-NA,1129,1,14410,0,11,14422,T
6-NA,1130,2,14395,3,17,14417,T
6-NA,1131,117,1,2,14299,14419,C
6-NA,1132,14419,0,7,0,14426,A
6-NA,1133,14434,3,4,0,14441,A
6-NA,1134,14429,3,8,1,14441,A
6-NA,1135,2,1,14544,0,14547,G
6-NA,1136,3,14037,0,14,14054,T
6-NA,1137,10,4,2,14080,14096,C
6-NA,1138,14374,3,4,0,14381,A
6-NA,1139,0,14372,1,9,14382,T
6-NA,1140,0,14375,0,6,14381,T
6-NA,1141,3,4,14361,7,14375,G
6-NA,1142,14323,1,7,1,14332,A
6-NA,1143,14361,1,16,0,14378,A
6-NA,1144,1,6,14237,0,14244,G
6-NA,1145,4,2,14151,0,14157,G
6-NA,1146,3,3,0,14012,14018,C
6-NA,1147,3,13343,0,12,13358,T
6-NA,1148,8,5,13416,1,13430,G
6-NA,1149,4,3,13714,2,13723,G
6-NA,1150,2,13509,0,206,13717,T
6-NA,1151,13,3,0,13672,13688,C
6-NA,1152,6,3,0,13548,13557,C
6-NA,1153,13432,1,11,1,13445,A
6-NA,1154,13433,0,9,1,13443,A
6-NA,1155,1,3,0,13496,13500,C
6-NA,1156,5,0,1,13437,13443,C
6-NA,1157,11,2,1,13303,13317,C
6-NA,1158,17,1,2,12267,12287,C
6-NA,1159,12366,1,2,0,12369,A
6-NA,1160,12373,2,7,0,12382,A
6-NA,1161,1,1,12473,2,12477,G
6-NA,1162,2,12346,0,12,12360,T
6-NA,1163,6,2,1,12375,12384,C
6-NA,1164,4,2,2,12200,12208,C
6-NA,1165,12159,0,4,0,12163,A
6-NA,1166,12133,0,5,0,12138,A
6-NA,1167,12158,1,5,0,12164,A
6-NA,1168,0,12150,0,8,12158,T
6-NA,1169,0,12032,0,6,12038,T
6-NA,1170,2,3,11926,1,11932,G
6-NA,1171,1,7,1,11808,11817,C
6-NA,1172,11775,1,21,2,11799,A
6-NA,1173,2,4,11787,0,11793,G
6-NA,1174,11757,2,12,0,11771,A
6-NA,1175,1,3,2,11619,11625,C
6-NA,1176,11961,1,1,0,11963,A
6-NA,1177,11968,1,4,0,11973,A
6-NA,1178,11972,0,12,1,11985,A
6-NA,1179,1,11922,1,0,11924,T
6-NA,1180,11892,0,6,0,11898,A
6-NA,1181,1,5,11894,0,11900,G
6-NA,1182,3,0,11839,0,11842,G
6-NA,1183,1,1,1,11763,11766,C
6-NA,1184,10453,3,1,1,10458,A
6-NA,1185,10496,0,10,3,10509,A
6-NA,1186,1,1,10549,0,10551,G
6-NA,1187,0,10456,0,11,10467,T
6-NA,1188,8,1,2,10461,10472,C
6-NA,1189,10415,0,4,1,10420,A
6-NA,1190,0,10342,1,4,10347,T
6-NA,1191,10323,0,6,0,10329,A
6-NA,1192,2,1,10342,0,10345,G
6-NA,1193,1,10317,2,1,10321,T
6-NA,1194,1,9534,1,7,9543,T
6-NA,1195,0,8,9247,0,9255,G
6-NA,1196,9129,0,18,0,9147,A
6-NA,1197,0,5,1,9128,9134,C
6-NA,1198,8932,1,4,0,8937,A
6-NA,1199,1,3,8959,1,8964,G
6-NA,1200,8616,0,14,1,8631,A
6-NA,1201,0,3,8613,0,8616,G
6-NA,1202,8377,1,14,0,8392,A
6-NA,1203,1,8662,0,1,8664,T
6-NA,1204,8678,0,3,0,8681,A
6-NA,1205,8662,1,5,0,8668,A
6-NA,1206,1,8640,0,2,8643,T
6-NA,1207,8427,0,6,1,8434,A
6-NA,1208,0,0,7876,0,7876,G
6-NA,1209,1,0,7246,1,7248,G
6-NA,1210,1,5656,2,8,5667,T
6-NA,1211,7,0,2,5659,5668,C
6-NA,1212,6,2,0,5211,5219,C
6-NA,1213,3,3,5225,0,5231,G
6-NA,1214,1,0,5235,1,5237,G
6-NA,1215,0,5207,1,2,5210,T
6-NA,1216,0,5158,1,3,5162,T
6-NA,1217,4919,0,2,0,4921,A
6-NA,1218,0,4650,0,0,4650,T
6-NA,1219,0,4634,1,1,4636,T
6-NA,1220,2,0,3,4631,4636,C
6-NA,1221,0,3801,0,7,3808,T
6-NA,1222,1,3,3706,1,3711,G
6-NA,1223,0,0,3687,1,3688,G
6-NA,1224,0,3623,0,0,3623,T
6-NA,1225,3628,0,0,0,3628,A
6-NA,1226,1,3503,0,1,3505,T
6-NA,1227,0,3500,0,4,3504,T
6-NA,1228,5,3499,0,6,3510,T
6-NA,1229,0,3531,0,4,3535,T
6-NA,1230,1,0,1,3540,3542,C
6-NA,1231,0,3478,0,1,3479,T
6-NA,1232,2,2,1,3554,3559,C
6-NA,1233,0,3552,0,0,3552,T
6-NA,1234,1,1,3624,5,3631,G
6-NA,1235,0,3625,0,2,3627,T
6-NA,1236,0,3603,0,1,3604,T
6-NA,1237,0,0,3598,2,3600,G
6-NA,1238,3558,0,2,0,3560,A
6-NA,1239,3540,0,25,0,3565,A
6-NA,1240,0,0,3600,0,3600,G
6-NA,1241,1,0,3582,2,3585,G
6-NA,1242,1,1,2,3579,3583,C
6-NA,1243,3530,0,2,0,3532,A
6-NA,1244,3535,0,3,0,3538,A
6-NA,1245,3557,0,1,1,3559,A
6-NA,1246,3558,0,2,0,3560,A
6-NA,1247,0,0,3561,0,3561,G
6-NA,1248,2,0,0,3564,3566,C
6-NA,1249,1,3530,0,0,3531,T
6-NA,1250,2,0,3587,0,3589,G
6-NA,1251,1,1,1,3582,3585,C
6-NA,1252,3592,0,2,0,3594,A
6-NA,1253,0,3567,0,5,3572,T
6-NA,1254,0,1,0,3554,3555,C
6-NA,1255,3557,0,0,0,3557,A
6-NA,1256,3560,0,1,0,3561,A
6-NA,1257,0,3549,0,1,3550,T
6-NA,1258,2,3,1,3558,3564,C
6-NA,1259,0,3,3523,0,3526,G
6-NA,1260,0,1,3600,0,3601,G
6-NA,1261,0,3591,0,3,3594,T
6-NA,1262,0,1,3614,0,3615,G
6-NA,1263,2,0,0,3625,3627,C
6-NA,1264,0,3605,1,7,3613,T
6-NA,1265,1,3672,0,2,3675,T
6-NA,1266,0,3680,0,1,3681,T
6-NA,1267,0,3688,1,3,3692,T
6-NA,1268,3731,0,0,0,3731,A
6-NA,1269,1,3599,0,2,3602,T
6-NA,1270,0,0,3609,2,3611,G
6-NA,1271,0,3561,0,4,3565,T
6-NA,1272,0,1,3532,0,3533,G
6-NA,1273,0,2,3615,0,3617,G
6-NA,1274,3546,0,2,0,3548,A
6-NA,1275,0,0,3600,1,3601,G
6-NA,1276,0,3583,0,2,3585,T
6-NA,1277,0,3566,0,4,3570,T
6-NA,1278,1,1,3631,0,3633,G
6-NA,1279,3619,0,2,0,3621,A
6-NA,1280,2,3625,0,0,3627,T
6-NA,1281,3603,0,7,0,3610,A
6-NA,1282,3495,1,5,0,3501,A
6-NA,1283,0,4,3547,0,3551,G
6-NA,1284,0,4,3505,0,3509,G
6-NA,1285,0,2,3464,0,3466,G
6-NA,1286,0,1,3463,0,3464,G
6-NA,1287,3424,0,1,0,3425,A
6-NA,1288,3421,0,1,0,3422,A
6-NA,1289,0,2,3457,0,3459,G
6-NA,1290,3450,1,2,0,3453,A
6-NA,1291,3448,2,4,0,3454,A
6-NA,1292,3407,0,2,0,3409,A
6-NA,1293,3358,0,5,0,3363,A
6-NA,1294,2,3,3374,0,3379,G
6-NA,1295,3335,0,7,1,3343,A
6-NA,1296,0,3,3335,1,3339,G
6-NA,1297,1,0,3343,0,3344,G
6-NA,1298,3293,0,1,0,3294,A
6-NA,1299,3285,0,4,0,3289,A
6-NA,1300,3289,0,0,0,3289,A
6-NA,1301,0,1,1,3306,3308,C
6-NA,1302,0,3296,0,0,3296,T
6-NA,1303,1,1,3307,1,3310,G
6-NA,1304,3296,1,6,0,3303,A
6-NA,1305,3301,0,2,0,3303,A
6-NA,1306,0,1,3322,0,3323,G
6-NA,1307,0,3286,0,6,3292,T
6-NA,1308,2,2,1,3339,3344,C
6-NA,1309,0,3340,0,3,3343,T
6-NA,1310,0,3320,0,1,3321,T
6-NA,1311,1,0,3329,1,3331,G
6-NA,1312,0,3318,0,2,3320,T
6-NA,1313,0,5,3324,0,3329,G
6-NA,1314,0,2,3316,0,3318,G
6-NA,1315,3246,0,8,0,3254,A
6-NA,1316,0,0,0,3243,3243,C
6-NA,1317,3131,0,0,1,3132,A
6-NA,1318,0,3107,0,1,3108,T
6-NA,1319,2,1,1,3119,3123,C
6-NA,1320,4,0,3120,0,3124,G
6-NA,1321,3213,1,3,0,3217,A
6-NA,1322,3220,0,2,0,3222,A
6-NA,1323,1,0,2,3237,3240,C
6-NA,1324,3199,1,0,0,3200,A
6-NA,1325,0,0,3352,0,3352,G
6-NA,1326,0,3325,0,0,3325,T
6-NA,1327,3319,0,3,0,3322,A
6-NA,1328,0,3321,0,1,3322,T
6-NA,1329,0,3169,0,1,3170,T
6-NA,1330,0,0,3218,2,3220,G
6-NA,1331,0,3203,1,2,3206,T
6-NA,1332,0,3114,0,1,3115,T
6-NA,1333,0,0,3123,0,3123,G
6-NA,1334,0,2791,0,3,2794,T
6-NA,1335,1,0,2814,0,2815,G
6-NA,1336,0,2776,0,6,2782,T
6-NA,1337,0,2750,0,3,2753,T
6-NA,1338,0,2747,0,6,2753,T
6-NA,1339,0,2669,0,12,2681,T
6-NA,1340,0,1,2682,1,2684,G
6-NA,1341,0,2680,1,2,2683,T
6-NA,1342,0,0,2663,0,2663,G
6-NA,1343,3,0,2649,0,2652,G
6-NA,1344,0,0,0,2617,2617,C
6-NA,1345,2595,0,0,0,2595,A
6-NA,1346,0,0,1,2645,2646,C
6-NA,1347,0,0,0,2643,2643,C
6-NA,1348,0,2637,0,6,2643,T
6-NA,1349,4,2,3,2646,2655,C
6-NA,1350,2653,0,2,0,2655,A
6-NA,1351,0,0,2695,0,2695,G
6-NA,1352,1,0,2689,1,2691,G
6-NA,1353,0,2678,0,2,2680,T
6-NA,1354,2657,0,2,0,2659,A
6-NA,1355,3,0,0,2553,2556,C
6-NA,1356,2545,0,3,0,2548,A
6-NA,1357,0,2545,0,2,2547,T
6-NA,1358,2489,0,2,0,2491,A
6-NA,1359,0,2485,0,2,2487,T
6-NA,1360,2,3,2281,0,2286,G
6-NA,1361,0,2,2292,0,2294,G
6-NA,1362,2271,0,0,0,2271,A
6-NA,1363,2249,0,3,0,2252,A
6-NA,1364,1,1,0,2225,2227,C
6-NA,1365,1858,0,1,0,1859,A
6-NA,1366,0,1,1860,1,1862,G
6-NA,1367,0,0,1852,1,1853,G
6-NA,1368,0,0,0,1855,1855,C
6-NA,1369,0,1848,0,4,1852,T
6-NA,1370,6,2,3,1737,1748,C
6-NA,1371,1738,0,1,0,1739,A
6-NA,1372,0,1735,0,4,1739,T
6-NA,1373,0,0,1747,1,1748,G
6-NA,1374,0,0,1745,0,1745,G
6-NA,1375,1,12,0,1634,1647,C
6-NA,1376,1,0,0,1637,1638,C
6-NA,1377,0,1533,0,2,1535,T
6-NA,1378,0,1,1531,0,1532,G
6-NA,1379,1533,0,0,0,1533,A
6-NA,1380,0,1530,0,0,1530,T
6-NA,1381,0,1,1504,0,1505,G
6-NA,1382,0,0,1466,1,1467,G
6-NA,1383,0,0,1377,0,1377,G
6-NA,1384,0,0,1376,0,1376,G
6-NA,1385,0,0,0,1342,1342,C
6-NA,1386,0,1,1346,0,1347,G
6-NA,1387,0,1,1325,0,1326,G
6-NA,1388,1298,0,2,0,1300,A
6-NA,1389,0,0,0,1302,1302,C
6-NA,1390,1296,1,0,0,1297,A
6-NA,1391,0,1263,1,3,1267,T
6-NA,1392,2,0,1,1258,1261,C
6-NA,1393,1253,0,1,0,1254,A
6-NA,1394,1251,0,0,0,1251,A
6-NA,1395,0,1242,0,1,1243,T
6-NA,1396,0,0,0,1220,1220,C
6-NA,1397,0,1175,0,1,1176,T
6-NA,1398,2,0,0,966,968,C
6-NA,1399,962,0,1,0,963,A
6-NA,1400,0,953,0,0,953,T
6-NA,1401,0,0,951,0,951,G
6-NA,1402,0,0,0,945,945,C
6-NA,1403,0,1,0,910,911,C
6-NA,1404,0,781,0,2,783,T
6-NA,1405,772,0,0,0,772,A
6-NA,1406,0,773,0,1,774,T
6-NA,1407,757,0,0,0,757,A
6-NA,1408,0,752,0,0,752,T
6-NA,1409,671,0,0,0,671,A
6-NA,1410,643,0,0,0,643,A
7-M,1,32,0,0,0,32,A
7-M,2,0,32,0,0,32,T
7-M,3,0,0,31,0,31,G
7-M,4,32,0,0,0,32,A
7-M,5,0,0,37,0,37,G
7-M,6,0,0,0,39,39,C
7-M,7,0,0,0,41,41,C
7-M,8,0,54,0,0,54,T
7-M,9,0,54,0,0,54,T
7-M,10,0,0,0,54,54,C
7-M,11,0,54,0,0,54,T
7-M,12,57,0,0,0,57,A
7-M,13,57,0,0,0,57,A
7-M,14,0,0,0,57,57,C
7-M,15,0,0,0,57,57,C
7-M,16,0,0,54,1,55,G
7-M,17,55,0,0,0,55,A
7-M,18,0,0,56,0,56,G
7-M,19,0,0,60,0,60,G
7-M,20,0,60,0,0,60,T
7-M,21,0,0,0,59,59,C
7-M,22,0,0,60,0,60,G
7-M,23,61,0,0,0,61,A
7-M,24,62,0,0,0,62,A
7-M,25,62,0,0,0,62,A
7-M,26,0,0,0,71,71,C
7-M,27,0,0,73,0,73,G
7-M,28,0,73,0,0,73,T
7-M,29,76,0,0,0,76,A
7-M,30,0,76,0,0,76,T
7-M,31,0,0,80,0,80,G
7-M,32,0,80,0,0,80,T
7-M,33,0,92,0,0,92,T
7-M,34,0,0,0,98,98,C
7-M,35,0,96,0,0,96,T
7-M,36,0,0,0,100,100,C
7-M,37,0,102,0,0,102,T
7-M,38,0,0,0,108,108,C
7-M,39,0,108,0,0,108,T
7-M,40,110,0,0,0,110,A
7-M,41,0,110,0,0,110,T
7-M,42,0,0,0,111,111,C
7-M,43,0,0,112,0,112,G
7-M,44,0,114,0,0,114,T
7-M,45,0,113,0,0,113,T
7-M,46,0,0,0,115,115,C
7-M,47,0,0,0,118,118,C
7-M,48,119,0,0,0,119,A
7-M,49,0,119,0,0,119,T
7-M,50,0,0,0,120,120,C
7-M,51,120,0,0,0,120,A
7-M,52,0,0,121,0,121,G
7-M,53,0,0,122,0,122,G
7-M,54,0,0,0,122,122,C
7-M,55,0,0,0,122,122,C
7-M,56,0,0,0,125,125,C
7-M,57,0,0,0,132,132,C
7-M,58,0,0,0,134,134,C
7-M,59,0,134,0,0,134,T
7-M,60,0,0,0,134,134,C
7-M,61,134,0,0,0,134,A
7-M,62,137,0,0,0,137,A
7-M,63,143,0,0,0,143,A
7-M,64,0,0,142,0,142,G
7-M,65,0,0,0,142,142,C
7-M,66,0,0,0,142,142,C
7-M,67,0,0,140,0,140,G
7-M,68,141,0,0,0,141,A
7-M,69,0,0,143,0,143,G
7-M,70,144,0,0,0,144,A
7-M,71,0,144,0,0,144,T
7-M,72,0,0,0,144,144,C
7-M,73,0,0,144,0,144,G
7-M,74,0,0,0,144,144,C
7-M,75,0,0,143,0,143,G
7-M,76,0,0,0,145,145,C
7-M,77,144,0,0,0,144,A
7-M,78,0,0,147,0,147,G
7-M,79,146,0,0,0,146,A
7-M,80,0,0,165,0,165,G
7-M,81,163,0,0,0,163,A
7-M,82,0,0,0,168,168,C
7-M,83,0,167,0,0,167,T
7-M,84,0,168,0,0,168,T
7-M,85,0,1,168,0,169,G
7-M,86,170,0,0,0,170,A
7-M,87,167,0,0,0,167,A
7-M,88,0,0,168,0,168,G
7-M,89,165,0,0,0,165,A
7-M,90,0,166,0,0,166,T
7-M,91,0,0,168,0,168,G
7-M,92,0,168,0,0,168,T
7-M,93,0,0,0,168,168,C
7-M,94,0,162,0,0,162,T
7-M,95,0,164,0,0,164,T
7-M,96,0,163,0,0,163,T
7-M,97,0,0,164,0,164,G
7-M,98,0,0,0,164,164,C
7-M,99,0,162,0,0,162,T
7-M,100,0,0,160,0,160,G
7-M,101,0,0,161,0,161,G
7-M,102,0,0,164,0,164,G
7-M,103,162,0,0,0,162,A
7-M,104,164,0,0,0,164,A
7-M,105,163,0,0,0,163,A
7-M,106,164,0,0,0,164,A
7-M,107,165,0,1,0,166,A
7-M,108,0,0,0,168,168,C
7-M,109,167,0,0,0,167,A
7-M,110,0,0,0,169,169,C
7-M,111,167,1,0,0,168,A
7-M,112,0,0,173,0,173,G
7-M,113,172,0,0,0,172,A
7-M,114,0,176,0,1,177,T
7-M,115,0,0,0,180,180,C
7-M,116,0,179,0,0,179,T
7-M,117,0,179,0,0,179,T
7-M,118,0,0,177,0,177,G
7-M,119,179,0,0,0,179,A
7-M,120,0,0,180,0,180,G
7-M,121,0,0,172,0,172,G
7-M,122,0,0,0,173,173,C
7-M,123,0,170,0,1,171,T
7-M,124,1,0,0,197,198,C
7-M,125,0,196,0,1,197,T
7-M,126,2,0,0,197,199,C
7-M,127,198,0,0,0,198,A
7-M,128,0,202,0,0,202,T
7-M,129,0,0,201,0,201,G
7-M,130,0,0,202,0,202,G
7-M,131,202,0,0,0,202,A
7-M,132,202,0,1,0,203,A
7-M,133,0,194,0,0,194,T
7-M,134,0,0,206,0,206,G
7-M,135,0,0,216,0,216,G
7-M,136,0,0,0,221,221,C
7-M,137,0,221,0,0,221,T
7-M,138,221,0,0,0,221,A
7-M,139,220,0,0,0,220,A
7-M,140,222,0,0,0,222,A
7-M,141,0,0,230,0,230,G
7-M,142,228,0,0,0,228,A
7-M,143,0,0,0,230,230,C
7-M,144,214,0,0,0,214,A
7-M,145,214,0,2,0,216,A
7-M,146,0,0,223,0,223,G
7-M,147,222,0,0,0,222,A
7-M,148,0,0,0,222,222,C
7-M,149,1,0,0,218,219,C
7-M,150,220,0,0,0,220,A
7-M,151,220,0,0,0,220,A
7-M,152,0,221,0,2,223,T
7-M,153,0,223,0,1,224,T
7-M,154,0,0,0,228,228,C
7-M,155,0,226,0,0,226,T
7-M,156,0,0,227,0,227,G
7-M,157,0,227,0,0,227,T
7-M,158,0,0,0,227,227,C
7-M,159,227,0,0,0,227,A
7-M,160,0,0,0,240,240,C
7-M,161,1,0,0,242,243,C
7-M,162,0,242,0,0,242,T
7-M,163,0,0,0,242,242,C
7-M,164,0,242,0,1,243,T
7-M,165,0,2,251,0,253,G
7-M,166,255,0,0,0,255,A
7-M,167,0,0,0,256,256,C
7-M,168,0,257,0,0,257,T
7-M,169,250,0,0,0,250,A
7-M,170,248,0,1,0,249,A
7-M,171,0,1,247,0,248,G
7-M,172,0,0,249,0,249,G
7-M,173,0,0,253,0,253,G
7-M,174,0,0,256,0,256,G
7-M,175,258,0,0,0,258,A
7-M,176,0,257,0,1,258,T
7-M,177,0,258,0,0,258,T
7-M,178,0,259,0,0,259,T
7-M,179,0,258,0,1,259,T
7-M,180,0,1,257,0,258,G
7-M,181,1,0,259,0,260,G
7-M,182,0,0,258,0,258,G
7-M,183,0,0,260,0,260,G
7-M,184,0,254,0,0,254,T
7-M,185,0,254,0,0,254,T
7-M,186,0,253,0,0,253,T
7-M,187,0,0,257,0,257,G
7-M,188,0,257,0,0,257,T
7-M,189,0,0,259,0,259,G
7-M,190,0,259,0,0,259,T
7-M,191,0,261,0,0,261,T
7-M,192,0,0,0,262,262,C
7-M,193,263,0,0,0,263,A
7-M,194,0,0,0,272,272,C
7-M,195,0,0,272,0,272,G
7-M,196,0,0,0,268,268,C
7-M,197,0,264,0,0,264,T
7-M,198,0,0,0,271,271,C
7-M,199,268,0,0,1,269,A
7-M,200,0,1,0,271,272,C
7-M,201,0,0,0,272,272,C
7-M,202,0,0,275,0,275,G
7-M,203,0,275,0,1,276,T
7-M,204,0,0,276,0,276,G
7-M,205,0,0,0,279,279,C
7-M,206,0,0,0,277,277,C
7-M,207,0,0,0,277,277,C
7-M,208,274,0,0,0,274,A
7-M,209,0,0,277,1,278,G
7-M,210,0,277,0,1,278,T
7-M,211,0,0,276,0,276,G
7-M,212,283,0,1,0,284,A
7-M,213,0,0,287,0,287,G
7-M,214,0,0,0,288,288,C
7-M,215,0,0,287,0,287,G
7-M,216,284,0,0,0,284,A
7-M,217,1,0,293,0,294,G
7-M,218,0,0,295,0,295,G
7-M,219,293,0,0,0,293,A
7-M,220,1,0,0,299,300,C
7-M,221,0,298,0,0,298,T
7-M,222,0,0,298,0,298,G
7-M,223,0,1,0,297,298,C
7-M,224,297,0,0,0,297,A
7-M,225,1,0,307,0,308,G
7-M,226,0,0,0,300,300,C
7-M,227,0,0,303,0,303,G
7-M,228,0,305,0,0,305,T
7-M,229,299,0,1,0,300,A
7-M,230,0,0,299,0,299,G
7-M,231,294,0,0,0,294,A
7-M,232,0,0,0,298,298,C
7-M,233,0,0,300,0,300,G
7-M,234,0,0,0,298,298,C
7-M,235,0,293,0,0,293,T
7-M,236,0,292,0,0,292,T
7-M,237,0,292,0,0,292,T
7-M,238,0,0,298,0,298,G
7-M,239,0,296,0,0,296,T
7-M,240,0,0,0,300,300,C
7-M,241,0,0,0,300,300,C
7-M,242,300,0,0,0,300,A
7-M,243,301,0,1,0,302,A
7-M,244,301,0,1,0,302,A
7-M,245,301,0,0,0,301,A
7-M,246,0,299,0,0,299,T
7-M,247,0,0,291,0,291,G
7-M,248,0,0,0,296,296,C
7-M,249,0,0,0,296,296,C
7-M,250,0,0,0,298,298,C
7-M,251,0,297,0,0,297,T
7-M,252,0,0,0,316,316,C
7-M,253,315,0,0,0,315,A
7-M,254,318,0,0,0,318,A
7-M,255,0,322,0,0,322,T
7-M,256,0,0,319,0,319,G
7-M,257,0,0,325,0,325,G
7-M,258,0,1,325,0,326,G
7-M,259,324,0,0,0,324,A
7-M,260,328,0,1,0,329,A
7-M,261,0,324,0,0,324,T
7-M,262,0,0,323,1,324,G
7-M,263,0,0,325,0,325,G
7-M,264,321,0,1,0,322,A
7-M,265,0,0,322,0,322,G
7-M,266,316,0,1,0,317,A
7-M,267,1,0,0,310,311,C
7-M,268,0,0,0,326,326,C
7-M,269,0,0,0,328,328,C
7-M,270,336,0,0,0,336,A
7-M,271,335,0,1,0,336,A
7-M,272,335,0,0,0,335,A
7-M,273,0,335,0,0,335,T
7-M,274,343,0,1,0,344,A
7-M,275,344,0,0,0,344,A
7-M,276,0,0,0,339,339,C
7-M,277,336,0,0,0,336,A
7-M,278,0,334,0,0,334,T
7-M,279,0,0,339,0,339,G
7-M,280,0,0,340,0,340,G
7-M,281,339,0,1,0,340,A
7-M,282,1,0,0,338,339,C
7-M,283,333,0,0,0,333,A
7-M,284,334,0,1,0,335,A
7-M,285,334,0,1,0,335,A
7-M,286,0,0,342,0,342,G
7-M,287,0,0,0,356,356,C
7-M,288,341,0,0,0,341,A
7-M,289,0,0,346,0,346,G
7-M,290,0,342,0,2,344,T
7-M,291,0,344,0,0,344,T
7-M,292,349,0,0,0,349,A
7-M,293,349,0,0,0,349,A
7-M,294,349,0,0,0,349,A
7-M,295,0,0,0,357,357,C
7-M,296,0,346,0,0,346,T
7-M,297,0,0,372,0,372,G
7-M,298,0,374,0,0,374,T
7-M,299,377,0,0,0,377,A
7-M,300,0,376,0,0,376,T
7-M,301,368,0,1,0,369,A
7-M,302,0,0,370,0,370,G
7-M,303,344,0,1,0,345,A
7-M,304,346,0,0,0,346,A
7-M,305,345,0,0,0,345,A
7-M,306,354,0,2,0,356,A
7-M,307,0,0,0,366,366,C
7-M,308,0,366,0,0,366,T
7-M,309,0,370,0,0,370,T
7-M,310,369,0,0,0,369,A
7-M,311,369,0,0,0,369,A
7-M,312,0,0,370,1,371,G
7-M,313,366,0,1,0,367,A
7-M,314,0,0,370,0,370,G
7-M,315,0,0,368,0,368,G
7-M,316,0,0,367,0,367,G
7-M,317,365,0,0,0,365,A
7-M,318,0,0,365,0,365,G
7-M,319,372,0,1,0,373,A
7-M,320,0,370,0,0,370,T
7-M,321,369,0,0,0,369,A
7-M,322,373,0,0,0,373,A
7-M,323,0,0,0,374,374,C
7-M,324,0,0,368,0,368,G
7-M,325,0,365,0,0,365,T
7-M,326,0,362,0,0,362,T
7-M,327,0,1,0,365,366,C
7-M,328,0,0,0,366,366,C
7-M,329,367,0,0,0,367,A
7-M,330,0,367,0,0,367,T
7-M,331,0,0,362,1,363,G
7-M,332,0,0,362,0,362,G
7-M,333,0,0,363,0,363,G
7-M,334,1,0,364,0,365,G
7-M,335,0,0,0,364,364,C
7-M,336,0,0,0,362,362,C
7-M,337,362,0,0,0,362,A
7-M,338,369,0,0,0,369,A
7-M,339,372,0,0,0,372,A
7-M,340,0,0,376,0,376,G
7-M,341,378,0,1,0,379,A
7-M,342,375,0,0,0,375,A
7-M,343,376,0,0,0,376,A
7-M,344,0,374,0,0,374,T
7-M,345,375,0,1,0,376,A
7-M,346,0,0,378,0,378,G
7-M,347,0,0,0,371,371,C
7-M,348,0,372,0,0,372,T
7-M,349,0,0,0,372,372,C
7-M,350,0,364,0,1,365,T
7-M,351,0,0,1,383,384,C
7-M,352,386,0,0,0,386,A
7-M,353,0,0,386,0,386,G
7-M,354,0,382,0,0,382,T
7-M,355,0,390,0,0,390,T
7-M,356,394,0,0,0,394,A
7-M,357,0,392,0,2,394,T
7-M,358,0,390,0,0,390,T
7-M,359,0,0,0,396,396,C
7-M,360,0,375,0,1,376,T
7-M,361,0,0,382,0,382,G
7-M,362,0,0,0,382,382,C
7-M,363,0,376,0,0,376,T
7-M,364,0,0,376,0,376,G
7-M,365,0,1,375,0,376,G
7-M,366,0,376,0,0,376,T
7-M,367,0,0,376,0,376,G
7-M,368,0,1,0,373,374,C
7-M,369,374,0,0,0,374,A
7-M,370,0,0,0,377,377,C
7-M,371,0,369,0,0,369,T
7-M,372,0,376,0,0,376,T
7-M,373,0,0,375,0,375,G
7-M,374,0,1,0,374,375,C
7-M,375,0,0,0,374,374,C
7-M,376,369,0,0,0,369,A
7-M,377,0,0,373,0,373,G
7-M,378,0,374,0,1,375,T
7-M,379,0,372,0,0,372,T
7-M,380,0,0,375,0,375,G
7-M,381,0,0,0,369,369,C
7-M,382,369,0,1,0,370,A
7-M,383,0,368,0,0,368,T
7-M,384,0,1,366,0,367,G
7-M,385,2,0,372,0,374,G
7-M,386,0,0,374,0,374,G
7-M,387,0,0,0,378,378,C
7-M,388,0,0,0,392,392,C
7-M,389,0,393,0,0,393,T
7-M,390,0,0,0,407,407,C
7-M,391,421,0,2,0,423,A
7-M,392,0,424,0,0,424,T
7-M,393,435,0,0,0,435,A
7-M,394,0,431,0,1,432,T
7-M,395,424,0,0,0,424,A
7-M,396,0,0,0,463,463,C
7-M,397,442,0,0,0,442,A
7-M,398,439,0,0,0,439,A
7-M,399,0,438,0,0,438,T
7-M,400,420,0,0,0,420,A
7-M,401,0,0,423,0,423,G
7-M,402,0,0,424,0,424,G
7-M,403,425,0,0,0,425,A
7-M,404,0,425,0,0,425,T
7-M,405,0,1,396,0,397,G
7-M,406,0,0,397,0,397,G
7-M,407,1,0,398,0,399,G
7-M,408,0,0,408,0,408,G
7-M,409,0,0,413,0,413,G
7-M,410,0,0,0,407,407,C
7-M,411,0,399,0,2,401,T
7-M,412,0,1,402,0,403,G
7-M,413,0,401,0,0,401,T
7-M,414,403,0,0,0,403,A
7-M,415,402,0,0,0,402,A
7-M,416,0,0,0,402,402,C
7-M,417,0,0,0,402,402,C
7-M,418,397,0,0,0,397,A
7-M,419,0,0,0,400,400,C
7-M,420,0,395,0,0,395,T
7-M,421,0,0,398,0,398,G
7-M,422,398,0,0,0,398,A
7-M,423,400,0,0,0,400,A
7-M,424,0,0,401,0,401,G
7-M,425,0,395,0,1,396,T
7-M,426,392,0,0,0,392,A
7-M,427,0,0,397,0,397,G
7-M,428,0,0,0,398,398,C
7-M,429,400,0,0,0,400,A
7-M,430,0,391,0,0,391,T
7-M,431,0,392,0,0,392,T
7-M,432,0,392,0,0,392,T
7-M,433,0,0,399,0,399,G
7-M,434,0,0,400,0,400,G
7-M,435,0,0,0,403,403,C
7-M,436,0,0,0,398,398,C
7-M,437,0,397,0,0,397,T
7-M,438,4,0,416,0,420,G
7-M,439,0,0,424,0,424,G
7-M,440,0,425,0,0,425,T
7-M,441,431,0,0,0,431,A
7-M,442,0,397,0,0,397,T
7-M,443,0,0,405,0,405,G
7-M,444,0,402,0,1,403,T
7-M,445,0,0,403,0,403,G
7-M,446,0,0,0,406,406,C
7-M,447,381,0,1,0,382,A
7-M,448,386,0,0,0,386,A
7-M,449,0,0,0,390,390,C
7-M,450,390,0,1,0,391,A
7-M,451,0,391,0,0,391,T
7-M,452,0,0,387,0,387,G
7-M,453,0,377,0,0,377,T
7-M,454,0,0,377,0,377,G
7-M,455,371,0,0,0,371,A
7-M,456,0,0,375,0,375,G
7-M,457,0,0,0,376,376,C
7-M,458,360,0,0,0,360,A
7-M,459,0,0,366,0,366,G
7-M,460,364,0,0,0,364,A
7-M,461,0,363,0,0,363,T
7-M,462,0,363,0,1,364,T
7-M,463,0,0,367,0,367,G
7-M,464,0,1,0,367,368,C
7-M,465,0,363,0,0,363,T
7-M,466,0,0,365,0,365,G
7-M,467,362,0,0,0,362,A
7-M,468,0,0,0,388,388,C
7-M,469,0,389,0,0,389,T
7-M,470,0,0,0,391,391,C
7-M,471,0,1,0,387,388,C
7-M,472,0,1,0,388,389,C
7-M,473,385,0,0,0,385,A
7-M,474,0,0,390,0,390,G
7-M,475,0,0,0,389,389,C
7-M,476,391,0,1,0,392,A
7-M,477,0,0,0,391,391,C
7-M,478,363,0,0,0,363,A
7-M,479,0,0,374,0,374,G
7-M,480,0,0,374,0,374,G
7-M,481,0,371,0,0,371,T
7-M,482,0,0,0,386,386,C
7-M,483,1,379,0,0,380,T
7-M,484,1,1,0,384,386,C
7-M,485,387,0,0,0,387,A
7-M,486,0,386,0,0,386,T
7-M,487,386,0,0,0,386,A
7-M,488,1,1,379,0,381,G
7-M,489,0,0,378,0,378,G
7-M,490,0,0,0,378,378,C
7-M,491,364,0,0,0,364,A
7-M,492,0,0,355,0,355,G
7-M,493,358,0,0,0,358,A
7-M,494,0,358,0,0,358,T
7-M,495,0,0,360,0,360,G
7-M,496,0,0,360,0,360,G
7-M,497,0,358,0,0,358,T
7-M,498,0,0,360,0,360,G
7-M,499,0,0,365,0,365,G
7-M,500,0,0,0,364,364,C
7-M,501,360,0,0,0,360,A
7-M,502,358,0,0,0,358,A
7-M,503,0,0,0,360,360,C
7-M,504,362,0,0,0,362,A
7-M,505,363,0,0,0,363,A
7-M,506,0,1,1,359,361,C
7-M,507,0,0,0,362,362,C
7-M,508,356,0,0,0,356,A
7-M,509,356,0,0,0,356,A
7-M,510,0,354,0,0,354,T
7-M,511,0,0,0,356,356,C
7-M,512,0,0,0,352,352,C
7-M,513,350,0,0,0,350,A
7-M,514,0,351,0,0,351,T
7-M,515,0,354,0,0,354,T
7-M,516,355,0,0,0,355,A
7-M,517,354,0,0,0,354,A
7-M,518,0,353,0,0,353,T
7-M,519,355,0,0,0,355,A
7-M,520,353,0,0,0,353,A
7-M,521,348,0,1,0,349,A
7-M,522,353,0,0,0,353,A
7-M,523,0,0,0,362,362,C
7-M,524,362,0,0,0,362,A
7-M,525,0,357,0,0,357,T
7-M,526,0,0,359,0,359,G
7-M,527,355,0,0,1,356,A
7-M,528,0,0,359,0,359,G
7-M,529,354,0,1,0,355,A
7-M,530,356,0,0,0,356,A
7-M,531,0,0,0,359,359,C
7-M,532,340,0,0,0,340,A
7-M,533,0,0,344,0,344,G
7-M,534,342,0,0,0,342,A
7-M,535,342,0,0,0,342,A
7-M,536,0,343,0,0,343,T
7-M,537,1,0,341,0,342,G
7-M,538,0,0,344,0,344,G
7-M,539,0,343,0,0,343,T
7-M,540,0,325,0,1,326,T
7-M,541,1,330,0,0,331,T
7-M,542,0,328,0,0,328,T
7-M,543,0,1,334,0,335,G
7-M,544,0,0,333,0,333,G
7-M,545,0,0,0,331,331,C
7-M,546,0,0,0,337,337,C
7-M,547,331,0,0,0,331,A
7-M,548,0,0,350,0,350,G
7-M,549,0,0,0,350,350,C
7-M,550,349,0,1,0,350,A
7-M,551,0,0,0,355,355,C
7-M,552,0,347,0,0,347,T
7-M,553,349,0,0,0,349,A
7-M,554,0,0,2,356,358,C
7-M,555,369,0,0,0,369,A
7-M,556,0,0,383,0,383,G
7-M,557,0,0,0,370,370,C
7-M,558,0,368,0,0,368,T
7-M,559,365,0,1,0,366,A
7-M,560,361,0,0,0,361,A
7-M,561,0,1,372,0,373,G
7-M,562,0,0,371,1,372,G
7-M,563,0,0,0,368,368,C
7-M,564,0,353,0,0,353,T
7-M,565,351,0,0,0,351,A
7-M,566,0,351,0,0,351,T
7-M,567,0,0,354,0,354,G
7-M,568,1,2,352,0,355,G
7-M,569,344,0,0,0,344,A
7-M,570,0,0,348,0,348,G
7-M,571,1,0,0,335,336,C
7-M,572,336,0,0,0,336,A
7-M,573,334,0,0,0,334,A
7-M,574,324,0,0,0,324,A
7-M,575,0,332,0,0,332,T
7-M,576,0,0,332,0,332,G
7-M,577,0,0,324,0,324,G
7-M,578,0,0,0,330,330,C
7-M,579,2,322,0,1,325,T
7-M,580,1,1,326,0,328,G
7-M,581,0,0,329,0,329,G
7-M,582,331,0,0,0,331,A
7-M,583,0,330,0,0,330,T
7-M,584,0,0,0,330,330,C
7-M,585,327,0,0,0,327,A
7-M,586,331,0,0,0,331,A
7-M,587,0,0,333,0,333,G
7-M,588,0,330,0,0,330,T
7-M,589,0,0,331,0,331,G
7-M,590,319,0,1,0,320,A
7-M,591,0,0,320,0,320,G
7-M,592,0,1,0,319,320,C
7-M,593,319,0,1,0,320,A
7-M,594,0,0,322,0,322,G
7-M,595,0,0,319,0,319,G
7-M,596,0,0,0,320,320,C
7-M,597,318,0,0,0,318,A
7-M,598,0,0,317,0,317,G
7-M,599,0,0,0,315,315,C
7-M,600,0,0,316,0,316,G
7-M,601,1,0,317,0,318,G
7-M,602,309,0,0,0,309,A
7-M,603,0,0,318,0,318,G
7-M,604,0,0,324,0,324,G
7-M,605,0,0,0,323,323,C
7-M,606,0,0,0,319,319,C
7-M,607,314,0,0,0,314,A
7-M,608,0,313,0,0,313,T
7-M,609,0,0,317,0,317,G
7-M,610,0,0,316,0,316,G
7-M,611,316,0,0,0,316,A
7-M,612,0,0,310,0,310,G
7-M,613,304,0,1,0,305,A
7-M,614,0,321,0,0,321,T
7-M,615,0,318,0,0,318,T
7-M,616,0,0,318,0,318,G
7-M,617,0,0,0,318,318,C
7-M,618,0,317,0,0,317,T
7-M,619,312,0,1,0,313,A
7-M,620,0,0,309,0,309,G
7-M,621,0,310,0,0,310,T
7-M,622,0,0,0,308,308,C
7-M,623,302,0,0,0,302,A
7-M,624,0,0,307,0,307,G
7-M,625,0,0,303,0,303,G
7-M,626,0,0,0,304,304,C
7-M,627,0,0,0,308,308,C
7-M,628,310,0,0,0,310,A
7-M,629,0,0,315,0,315,G
7-M,630,0,0,315,1,316,G
7-M,631,0,0,0,315,315,C
7-M,632,312,0,0,0,312,A
7-M,633,0,0,311,0,311,G
7-M,634,306,0,1,0,307,A
7-M,635,0,309,0,0,309,T
7-M,636,0,0,311,0,311,G
7-M,637,0,0,312,0,312,G
7-M,638,0,305,0,0,305,T
7-M,639,0,304,0,0,304,T
7-M,640,0,0,0,312,312,C
7-M,641,311,1,0,0,312,A
7-M,642,0,0,316,0,316,G
7-M,643,0,0,318,0,318,G
7-M,644,0,1,0,319,320,C
7-M,645,307,0,0,0,307,A
7-M,646,312,0,0,0,312,A
7-M,647,0,310,0,0,310,T
7-M,648,0,1,309,0,310,G
7-M,649,311,0,0,0,311,A
7-M,650,0,0,314,0,314,G
7-M,651,305,0,0,0,305,A
7-M,652,0,0,303,0,303,G
7-M,653,0,0,0,309,309,C
7-M,654,0,0,0,314,314,C
7-M,655,317,0,0,0,317,A
7-M,656,0,316,0,0,316,T
7-M,657,0,315,0,0,315,T
7-M,658,0,0,315,0,315,G
7-M,659,0,0,311,0,311,G
7-M,660,0,1,314,0,315,G
7-M,661,311,0,0,0,311,A
7-M,662,0,0,0,309,309,C
7-M,663,0,293,0,1,294,T
7-M,664,0,0,0,290,290,C
7-M,665,294,0,0,0,294,A
7-M,666,0,300,0,1,301,T
7-M,667,0,0,0,306,306,C
7-M,668,0,0,0,300,300,C
7-M,669,0,297,0,0,297,T
7-M,670,297,0,0,0,297,A
7-M,671,0,0,303,0,303,G
7-M,672,0,346,0,1,347,T
7-M,673,0,339,0,1,340,T
7-M,674,0,0,0,339,339,C
7-M,675,0,0,0,333,333,C
7-M,676,331,0,0,0,331,A
7-M,677,0,0,338,0,338,G
7-M,678,0,339,0,0,339,T
7-M,679,338,0,0,0,338,A
7-M,680,0,0,0,338,338,C
7-M,681,0,305,0,0,305,T
7-M,682,0,0,321,0,321,G
7-M,683,0,0,327,0,327,G
7-M,684,0,327,0,0,327,T
7-M,685,0,0,0,330,330,C
7-M,686,0,323,0,0,323,T
7-M,687,322,0,0,0,322,A
7-M,688,323,0,1,0,324,A
7-M,689,0,0,329,0,329,G
7-M,690,326,0,0,0,326,A
7-M,691,0,0,320,0,320,G
7-M,692,308,0,0,0,308,A
7-M,693,0,301,0,0,301,T
7-M,694,0,0,308,0,308,G
7-M,695,307,0,1,0,308,A
7-M,696,0,308,0,0,308,T
7-M,697,0,0,0,308,308,C
7-M,698,0,304,0,0,304,T
7-M,699,0,303,0,0,303,T
7-M,700,0,0,0,305,305,C
7-M,701,0,287,0,19,306,T
7-M,702,0,306,0,1,307,T
7-M,703,0,0,307,0,307,G
7-M,704,305,0,0,0,305,A
7-M,705,306,0,0,0,306,A
7-M,706,306,0,0,0,306,A
7-M,707,309,0,0,0,309,A
7-M,708,0,311,0,0,311,T
7-M,709,0,313,0,0,313,T
7-M,710,0,314,0,0,314,T
7-M,711,0,0,312,0,312,G
7-M,712,0,0,0,312,312,C
7-M,713,312,0,0,0,312,A
7-M,714,0,2,315,0,317,G
7-M,715,316,0,0,0,316,A
7-M,716,1,0,0,325,326,C
7-M,717,1,0,0,321,322,C
7-M,718,0,327,0,0,327,T
7-M,719,338,0,0,0,338,A
7-M,720,0,338,0,0,338,T
7-M,721,0,0,0,339,339,C
7-M,722,339,0,0,0,339,A
7-M,723,0,0,337,0,337,G
7-M,724,337,0,1,0,338,A
7-M,725,329,0,1,0,330,A
7-M,726,329,0,0,0,329,A
7-M,727,0,0,0,329,329,C
7-M,728,0,1,332,0,333,G
7-M,729,329,0,0,0,329,A
7-M,730,333,0,0,0,333,A
7-M,731,0,333,0,0,333,T
7-M,732,0,0,333,0,333,G
7-M,733,0,1,338,0,339,G
7-M,734,0,0,339,0,339,G
7-M,735,0,1,335,0,336,G
7-M,736,0,0,343,0,343,G
7-M,737,0,333,0,0,333,T
7-M,738,0,0,333,0,333,G
7-M,739,0,0,0,333,333,C
7-M,740,333,0,0,0,333,A
7-M,741,0,0,334,0,334,G
7-M,742,329,0,0,0,329,A
7-M,743,0,328,0,1,329,T
7-M,744,0,0,326,0,326,G
7-M,745,0,0,0,329,329,C
7-M,746,326,0,0,0,326,A
7-M,747,326,0,0,0,326,A
7-M,748,0,0,0,325,325,C
7-M,749,0,0,321,0,321,G
7-M,750,321,0,0,0,321,A
7-M,751,0,323,0,0,323,T
7-M,752,0,323,0,0,323,T
7-M,753,0,0,0,323,323,C
7-M,754,320,0,2,0,322,A
7-M,755,320,0,0,0,320,A
7-M,756,314,0,0,1,315,A
7-M,757,0,316,0,0,316,T
7-M,758,0,0,316,0,316,G
7-M,759,319,0,0,0,319,A
7-M,760,0,1,0,320,321,C
7-M,761,0,0,0,322,322,C
7-M,762,0,0,0,319,319,C
7-M,763,316,0,0,0,316,A
7-M,764,0,0,0,326,326,C
7-M,765,0,324,0,0,324,T
7-M,766,0,326,0,0,326,T
7-M,767,0,0,329,0,329,G
7-M,768,0,325,0,0,325,T
7-M,769,0,325,0,0,325,T
7-M,770,0,0,327,0,327,G
7-M,771,0,322,0,0,322,T
7-M,772,0,318,0,0,318,T
7-M,773,0,0,317,0,317,G
7-M,774,0,0,0,316,316,C
7-M,775,0,0,0,315,315,C
7-M,776,0,0,315,0,315,G
7-M,777,0,0,0,314,314,C
7-M,778,0,0,321,0,321,G
7-M,779,319,0,0,0,319,A
7-M,780,321,0,0,0,321,A
7-M,781,0,323,0,0,323,T
7-M,782,324,0,0,0,324,A
7-M,783,0,328,0,0,328,T
7-M,784,0,0,0,334,334,C
7-M,785,333,0,0,0,333,A
7-M,786,0,335,0,0,335,T
7-M,787,0,333,0,0,333,T
7-M,788,0,0,332,0,332,G
7-M,789,0,0,331,0,331,G
7-M,790,1,0,332,0,333,G
7-M,791,328,0,1,0,329,A
7-M,792,0,328,0,0,328,T
7-M,793,0,0,0,322,322,C
7-M,794,0,322,0,0,322,T
7-M,795,0,322,0,0,322,T
7-M,796,0,0,323,0,323,G
7-M,797,0,0,0,324,324,C
7-M,798,327,0,0,0,327,A
7-M,799,0,1,0,329,330,C
7-M,800,0,316,0,0,316,T
7-M,801,0,321,0,0,321,T
7-M,802,0,0,322,0,322,G
7-M,803,330,0,1,0,331,A
7-M,804,0,334,0,0,334,T
7-M,805,324,0,0,0,324,A
7-M,806,0,327,0,0,327,T
7-M,807,0,320,0,0,320,T
7-M,808,0,0,322,0,322,G
7-M,809,0,316,0,1,317,T
7-M,810,0,0,317,0,317,G
7-M,811,0,0,316,0,316,G
7-M,812,303,0,1,0,304,A
7-M,813,0,307,0,0,307,T
7-M,814,0,306,0,0,306,T
7-M,815,0,0,0,307,307,C
7-M,816,0,303,1,0,304,T
7-M,817,1,301,0,0,302,T
7-M,818,0,0,301,0,301,G
7-M,819,297,0,0,0,297,A
7-M,820,0,300,0,0,300,T
7-M,821,0,0,0,299,299,C
7-M,822,0,0,299,0,299,G
7-M,823,0,299,0,0,299,T
7-M,824,1,0,0,298,299,C
7-M,825,0,296,0,1,297,T
7-M,826,0,298,0,0,298,T
7-M,827,0,298,0,0,298,T
7-M,828,0,296,0,0,296,T
7-M,829,0,295,0,1,296,T
7-M,830,0,296,0,0,296,T
7-M,831,0,296,0,0,296,T
7-M,832,0,1,0,293,294,C
7-M,833,294,0,0,0,294,A
7-M,834,294,0,0,0,294,A
7-M,835,294,0,0,0,294,A
7-M,836,0,293,0,0,293,T
7-M,837,0,0,296,0,296,G
7-M,838,0,0,0,294,294,C
7-M,839,0,0,296,0,296,G
7-M,840,0,301,0,2,303,T
7-M,841,0,0,1,300,301,C
7-M,842,0,295,0,8,303,T
7-M,843,303,0,0,0,303,A
7-M,844,0,302,0,0,302,T
7-M,845,0,0,0,302,302,C
7-M,846,0,0,300,0,300,G
7-M,847,297,0,0,0,297,A
7-M,848,0,0,0,298,298,C
7-M,849,0,287,0,0,287,T
7-M,850,1,0,0,302,303,C
7-M,851,0,299,0,1,300,T
7-M,852,0,301,0,0,301,T
7-M,853,0,0,0,300,300,C
7-M,854,302,0,0,0,302,A
7-M,855,302,0,0,0,302,A
7-M,856,302,0,0,0,302,A
7-M,857,0,0,0,301,301,C
7-M,858,299,0,1,0,300,A
7-M,859,0,1,0,283,284,C
7-M,860,0,0,283,0,283,G
7-M,861,0,0,292,0,292,G
7-M,862,1,0,0,295,296,C
7-M,863,0,0,0,293,293,C
7-M,864,0,291,0,0,291,T
7-M,865,0,295,0,0,295,T
7-M,866,296,0,0,0,296,A
7-M,867,298,0,0,0,298,A
7-M,868,299,0,0,0,299,A
7-M,869,297,0,0,0,297,A
7-M,870,0,0,292,0,292,G
7-M,871,253,0,1,0,254,A
7-M,872,1,0,254,0,255,G
7-M,873,0,1,251,0,252,G
7-M,874,0,0,0,251,251,C
7-M,875,0,0,0,251,251,C
7-M,876,1,0,0,248,249,C
7-M,877,0,246,0,1,247,T
7-M,878,0,247,0,0,247,T
7-M,879,0,0,0,247,247,C
7-M,880,0,245,0,0,245,T
7-M,881,248,0,0,0,248,A
7-M,882,0,0,0,244,244,C
7-M,883,0,0,242,0,242,G
7-M,884,0,0,243,0,243,G
7-M,885,236,0,0,0,236,A
7-M,886,235,0,0,0,235,A
7-M,887,0,0,232,0,232,G
7-M,888,0,0,237,0,237,G
7-M,889,235,0,0,0,235,A
7-M,890,0,0,238,0,238,G
7-M,891,0,238,0,0,238,T
7-M,892,239,0,0,0,239,A
7-M,893,0,0,0,237,237,C
7-M,894,0,0,0,237,237,C
7-M,895,0,234,0,0,234,T
7-M,896,0,0,234,0,234,G
7-M,897,216,0,0,0,216,A
7-M,898,0,0,227,0,227,G
7-M,899,0,216,0,1,217,T
7-M,900,0,0,0,217,217,C
7-M,901,0,214,0,1,215,T
7-M,902,212,0,1,0,213,A
7-M,903,0,214,0,0,214,T
7-M,904,0,0,215,0,215,G
7-M,905,203,0,0,0,203,A
7-M,906,0,0,201,0,201,G
7-M,907,0,0,174,0,174,G
7-M,908,0,0,176,0,176,G
7-M,909,172,0,0,0,172,A
7-M,910,171,0,0,0,171,A
7-M,911,0,0,171,0,171,G
7-M,912,168,0,0,0,168,A
7-M,913,169,0,0,0,169,A
7-M,914,0,169,0,0,169,T
7-M,915,165,0,0,0,165,A
7-M,916,0,164,0,0,164,T
7-M,917,1,1,0,159,161,C
7-M,918,0,0,161,0,161,G
7-M,919,162,0,0,0,162,A
7-M,920,161,0,0,0,161,A
7-M,921,161,0,0,0,161,A
7-M,922,0,0,159,0,159,G
7-M,923,0,1,163,0,164,G
7-M,924,162,0,0,0,162,A
7-M,925,160,0,0,0,160,A
7-M,926,0,0,0,158,158,C
7-M,927,159,0,0,0,159,A
7-M,928,0,0,160,0,160,G
7-M,929,0,0,0,160,160,C
7-M,930,159,0,0,0,159,A
7-M,931,0,0,159,0,159,G
7-M,932,150,0,0,0,150,A
7-M,933,149,0,0,0,149,A
7-M,934,0,150,0,0,150,T
7-M,935,0,0,147,0,147,G
7-M,936,0,0,0,148,148,C
7-M,937,0,139,0,0,139,T
7-M,938,0,0,139,0,139,G
7-M,939,0,138,0,0,138,T
7-M,940,0,0,138,0,138,G
7-M,941,0,0,137,0,137,G
7-M,942,130,0,0,0,130,A
7-M,943,0,130,0,0,130,T
7-M,944,0,0,124,0,124,G
7-M,945,0,0,0,121,121,C
7-M,946,0,113,0,1,114,T
7-M,947,0,0,111,0,111,G
7-M,948,109,0,0,0,109,A
7-M,949,0,1,0,109,110,C
7-M,950,0,0,109,0,109,G
7-M,951,107,0,0,0,107,A
7-M,952,0,0,0,106,106,C
7-M,953,98,0,0,0,98,A
7-M,954,0,0,98,0,98,G
7-M,955,0,97,0,1,98,T
7-M,956,0,0,0,96,96,C
7-M,957,97,0,0,0,97,A
7-M,958,0,94,0,0,94,T
7-M,959,0,94,0,0,94,T
7-M,960,0,93,0,0,93,T
7-M,961,0,91,0,0,91,T
7-M,962,0,0,91,0,91,G
7-M,963,0,86,0,0,86,T
7-M,964,0,0,0,86,86,C
7-M,965,81,0,0,0,81,A
7-M,966,0,0,81,0,81,G
7-M,967,0,0,0,80,80,C
7-M,968,80,0,0,0,80,A
7-M,969,0,80,0,0,80,T
7-M,970,76,0,0,0,76,A
7-M,971,0,0,75,0,75,G
7-M,972,75,0,0,0,75,A
7-M,973,0,0,75,0,75,G
7-M,974,0,74,0,0,74,T
7-M,975,0,47,0,0,47,T
7-M,976,0,0,47,0,47,G
7-M,977,0,0,47,0,47,G
7-M,978,46,0,1,0,47,A
7-M,979,0,0,47,0,47,G
7-M,980,0,35,0,0,35,T
7-M,981,35,0,0,0,35,A
7-M,982,35,0,0,0,35,A
8-NS,1,2330,0,0,0,2330,A
8-NS,2,0,2345,0,0,2345,T
8-NS,3,0,0,2542,0,2542,G
8-NS,4,0,1,2793,0,2794,G
8-NS,5,3025,0,2,0,3027,A
8-NS,6,0,6363,0,2,6365,T
8-NS,7,3,6383,0,10,6396,T
8-NS,8,1,0,0,6649,6650,C
8-NS,9,1,1,0,6667,6669,C
8-NS,10,6673,2,2,1,6678,A
8-NS,11,6763,0,4,0,6767,A
8-NS,12,0,0,0,6795,6795,C
8-NS,13,6794,1,3,1,6799,A
8-NS,14,0,2,2,6877,6881,C
8-NS,15,0,6897,0,0,6897,T
8-NS,16,7,2,7644,2,7655,G
8-NS,17,3,7659,0,7,7669,T
8-NS,18,4,2,7729,0,7735,G
8-NS,19,1,7741,0,17,7759,T
8-NS,20,4,1,2,7754,7761,C
8-NS,21,7758,0,9,1,7768,A
8-NS,22,7773,0,5,2,7780,A
8-NS,23,1,1,7899,0,7901,G
8-NS,24,1,8131,0,2,8134,T
8-NS,25,0,8142,0,4,8146,T
8-NS,26,0,8199,0,4,8203,T
8-NS,27,3,3,0,8195,8201,C
8-NS,28,2,3,0,8250,8255,C
8-NS,29,8253,0,10,1,8264,A
8-NS,30,4,9,8415,1,8429,G
8-NS,31,3,1,8487,2,8493,G
8-NS,32,0,8444,0,4,8448,T
8-NS,33,8528,0,4,1,8533,A
8-NS,34,2,3,8615,2,8622,G
8-NS,35,8601,0,11,1,8613,A
8-NS,36,1,8644,0,5,8650,T
8-NS,37,0,8649,0,0,8649,T
8-NS,38,5,2,8770,3,8780,G
8-NS,39,3,0,0,8771,8774,C
8-NS,40,0,8748,0,17,8765,T
8-NS,41,1,8845,1,7,8854,T
8-NS,42,0,8907,0,8,8915,T
8-NS,43,7,1,1,9090,9099,C
8-NS,44,0,9056,0,10,9066,T
8-NS,45,0,9078,0,2,9080,T
8-NS,46,2,9081,0,2,9085,T
8-NS,47,3,4,9200,2,9209,G
8-NS,48,1,2,9201,0,9204,G
8-NS,49,1,4,0,9233,9238,C
8-NS,50,9207,1,13,0,9221,A
8-NS,51,1,9045,0,178,9224,T
8-NS,52,9295,0,1,1,9297,A
8-NS,53,2,9487,0,11,9500,T
8-NS,54,1,1,0,9535,9537,C
8-NS,55,4,6,1,9518,9529,C
8-NS,56,10,7,9489,0,9506,G
8-NS,57,1,2,9568,1,9572,G
8-NS,58,9574,0,5,0,9579,A
8-NS,59,9613,0,5,1,9619,A
8-NS,60,9641,1,8,1,9651,A
8-NS,61,3,0,0,9719,9722,C
8-NS,62,9705,0,4,1,9710,A
8-NS,63,9701,0,15,1,9717,A
8-NS,64,2,0,10223,0,10225,G
8-NS,65,1,10255,0,8,10264,T
8-NS,66,1,10217,1,3,10222,T
8-NS,67,2,2,10245,1,10250,G
8-NS,68,3,10241,1,6,10251,T
8-NS,69,10239,0,7,1,10247,A
8-NS,70,3,7,10311,3,10324,G
8-NS,71,10947,0,12,0,10959,A
8-NS,72,1,5,1,11066,11073,C
8-NS,73,7,1,1,10861,10870,C
8-NS,74,10842,1,8,0,10851,A
8-NS,75,10910,1,10,0,10921,A
8-NS,76,1,6,11411,1,11419,G
8-NS,77,11427,0,8,0,11435,A
8-NS,78,11547,1,3,1,11552,A
8-NS,79,1,0,0,11580,11581,C
8-NS,80,1,11153,1,18,11173,T
8-NS,81,8,11,11331,5,11355,G
8-NS,82,11281,0,14,0,11295,A
8-NS,83,0,1,11652,0,11653,G
8-NS,84,1,11596,0,11,11608,T
8-NS,85,2,5,11395,0,11402,G
8-NS,86,11419,1,21,0,11441,A
8-NS,87,0,11417,0,7,11424,T
8-NS,88,2,0,11579,0,11581,G
8-NS,89,1,3,0,11802,11806,C
8-NS,90,7,2,0,11798,11807,C
8-NS,91,11,4,0,11847,11862,C
8-NS,92,13,1,0,11704,11718,C
8-NS,93,11756,0,4,1,11761,A
8-NS,94,0,12011,0,8,12019,T
8-NS,95,3,12170,0,7,12180,T
8-NS,96,5,1,0,12267,12273,C
8-NS,97,1,2,0,12131,12134,C
8-NS,98,0,12046,0,30,12076,T
8-NS,99,0,11990,0,7,11997,T
8-NS,100,5,10,11965,2,11982,G
8-NS,101,11911,0,4,1,11916,A
8-NS,102,1,11962,1,8,11972,T
8-NS,103,4,2,1,11876,11883,C
8-NS,104,2,7,11801,0,11810,G
8-NS,105,5,4,11924,0,11933,G
8-NS,106,2,1,1,11954,11958,C
8-NS,107,1,11885,0,10,11896,T
8-NS,108,0,11942,0,1,11943,T
8-NS,109,3,5,0,11939,11947,C
8-NS,110,2,2,11972,1,11977,G
8-NS,111,2,4,0,11973,11979,C
8-NS,112,4,1,0,11980,11985,C
8-NS,113,6,6,12008,0,12020,G
8-NS,114,11789,0,7,2,11798,A
8-NS,115,2,3,12288,0,12293,G
8-NS,116,12256,3,13,1,12273,A
8-NS,117,1,12304,1,6,12312,T
8-NS,118,2,4,0,12297,12303,C
8-NS,119,12280,1,19,1,12301,A
8-NS,120,12239,0,12,2,12253,A
8-NS,121,12305,1,14,0,12320,A
8-NS,122,1,5,12483,1,12490,G
8-NS,123,1,1,12710,1,12713,G
8-NS,124,1,12624,0,16,12641,T
8-NS,125,9,3,1,13038,13051,C
8-NS,126,6,2,2,13091,13101,C
8-NS,127,13,4,2,13161,13180,C
8-NS,128,1,13181,0,7,13189,T
8-NS,129,13272,0,1,2,13275,A
8-NS,130,13240,2,4,3,13249,A
8-NS,131,4,21,13480,4,13509,G
8-NS,132,3,19,13432,1,13455,G
8-NS,133,4,7,13325,0,13336,G
8-NS,134,6,3,13163,3,13175,G
8-NS,135,13078,0,6,0,13084,A
8-NS,136,13024,1,26,0,13051,A
8-NS,137,5,7,13163,7,13182,G
8-NS,138,13495,1,31,0,13527,A
8-NS,139,5,2,13737,1,13745,G
8-NS,140,1,4,13640,0,13645,G
8-NS,141,2,1,1,13683,13687,C
8-NS,142,13587,1,13,4,13605,A
8-NS,143,13613,0,21,2,13636,A
8-NS,144,0,13681,0,2,13683,T
8-NS,145,13769,4,5,0,13778,A
8-NS,146,0,3,0,14055,14058,C
8-NS,147,2,13614,1,20,13637,T
8-NS,148,6,3,2,13640,13651,C
8-NS,149,1,13450,0,12,13463,T
8-NS,150,4,1,1,13601,13607,C
8-NS,151,4,7,13749,2,13762,G
8-NS,152,0,1,14555,3,14559,G
8-NS,153,0,14540,1,8,14549,T
8-NS,154,4,1,2,14608,14615,C
8-NS,155,0,14483,0,20,14503,T
8-NS,156,14655,1,6,1,14663,A
8-NS,157,6,11,14631,3,14651,G
8-NS,158,14664,0,20,0,14684,A
8-NS,159,1,8,0,15138,15147,C
8-NS,160,14841,3,8,0,14852,A
8-NS,161,0,14495,0,4,14499,T
8-NS,162,2,2,2,14482,14488,C
8-NS,163,14419,1,11,1,14432,A
8-NS,164,14433,2,13,10,14458,A
8-NS,165,14051,1,270,0,14322,A
8-NS,166,3,4,14375,1,14383,G
8-NS,167,2,7,3,14449,14461,C
8-NS,168,14158,0,10,0,14168,A
8-NS,169,3,4,14243,0,14250,G
8-NS,170,1,9,0,14245,14255,C
8-NS,171,7,1,0,14279,14287,C
8-NS,172,14351,0,6,1,14358,A
8-NS,173,2,4,1,14611,14618,C
8-NS,174,5,3,0,14624,14632,C
8-NS,175,15,7,1,14598,14621,C
8-NS,176,14497,264,4,0,14765,A
8-NS,177,0,14787,0,5,14792,T
8-NS,178,3,5,14786,4,14798,G
8-NS,179,0,14753,0,19,14772,T
8-NS,180,1,14697,1,16,14715,T
8-NS,181,6,9,14432,1,14448,G
8-NS,182,2,5,14299,0,14306,G
8-NS,183,14196,1,13,1,14211,A
8-NS,184,14245,3,11,0,14259,A
8-NS,185,14066,1,16,0,14083,A
8-NS,186,0,2,14166,1,14169,G
8-NS,187,4,1,1,14153,14159,C
8-NS,188,14155,1,4,0,14160,A
8-NS,189,14103,1,11,3,14118,A
8-NS,190,14089,2,7,1,14099,A
8-NS,191,1,14241,1,5,14248,T
8-NS,192,1,14241,0,3,14245,T
8-NS,193,4,2,14542,1,14549,G
8-NS,194,2,14517,0,11,14530,T
8-NS,195,14447,2,17,2,14468,A
8-NS,196,1,3,14475,0,14479,G
8-NS,197,14461,0,13,2,14476,A
8-NS,198,14462,0,10,0,14472,A
8-NS,199,14477,1,3,0,14481,A
8-NS,200,14368,0,10,2,14380,A
8-NS,201,2,3,14466,0,14471,G
8-NS,202,14289,1,9,0,14299,A
8-NS,203,0,14280,0,3,14283,T
8-NS,204,0,14282,1,3,14286,T
8-NS,205,7,2,1,14323,14333,C
8-NS,206,3,14307,0,8,14318,T
8-NS,207,3,6,14344,3,14356,G
8-NS,208,14331,1,10,0,14342,A
8-NS,209,14347,0,3,1,14351,A
8-NS,210,14284,1,23,2,14310,A
8-NS,211,7,10,14374,1,14392,G
8-NS,212,14341,1,13,0,14355,A
8-NS,213,14362,0,17,1,14380,A
8-NS,214,0,10,14480,2,14492,G
8-NS,215,14611,1,14,1,14627,A
8-NS,216,14682,2,11,2,14697,A
8-NS,217,3,14707,0,9,14719,T
8-NS,218,1,2,1,14844,14848,C
8-NS,219,1,14801,0,18,14820,T
8-NS,220,4,6,14910,4,14924,G
8-NS,221,14889,3,13,0,14905,A
8-NS,222,2,14900,0,11,14913,T
8-NS,223,4,9,14813,7,14833,G
8-NS,224,14607,3,20,1,14631,A
8-NS,225,1,11,14621,0,14633,G
8-NS,226,3,1,14606,1,14611,G
8-NS,227,5,2,0,14605,14612,C
8-NS,228,14604,1,13,0,14618,A
8-NS,229,1,2,2,15061,15066,C
8-NS,230,0,14999,0,12,15011,T
8-NS,231,2,15090,1,5,15098,T
8-NS,232,15190,0,0,1,15191,A
8-NS,233,15236,1,9,0,15246,A
8-NS,234,15203,1,11,0,15215,A
8-NS,235,15175,3,14,1,15193,A
8-NS,236,0,15201,0,8,15209,T
8-NS,237,5,12,15203,3,15223,G
8-NS,238,15176,2,10,0,15188,A
8-NS,239,1,2,0,15222,15225,C
8-NS,240,13,3,5,15135,15156,C
8-NS,241,15129,3,7,0,15139,A
8-NS,242,2,15117,1,12,15132,T
8-NS,243,4,12,15539,2,15557,G
8-NS,244,3,3,15731,1,15738,G
8-NS,245,1,15790,1,14,15806,T
8-NS,246,12,2,0,16664,16678,C
8-NS,247,2,16508,1,42,16553,T
8-NS,248,4,3,1,16830,16838,C
8-NS,249,11,6,1,16825,16843,C
8-NS,250,16843,0,18,0,16861,A
8-NS,251,4,2,0,17055,17061,C
8-NS,252,16657,2,12,2,16673,A
8-NS,253,4,5,2,16688,16699,C
8-NS,254,9,3,0,16556,16568,C
8-NS,255,3,15732,1,54,15790,T
8-NS,256,4,4,15820,8,15836,G
8-NS,257,2,1,1,15747,15751,C
8-NS,258,2,15601,1,12,15616,T
8-NS,259,2,15737,2,4,15745,T
8-NS,260,1,4,2,15622,15629,C
8-NS,261,4,3,15647,1,15655,G
8-NS,262,2,7,0,15642,15651,C
8-NS,263,7,12,15614,0,15633,G
8-NS,264,16524,1,21,1,16547,A
8-NS,265,0,16521,1,5,16527,T
8-NS,266,17071,0,11,1,17083,A
8-NS,267,1,2,1,17126,17130,C
8-NS,268,16999,3,13,1,17016,A
8-NS,269,0,17535,0,4,17539,T
8-NS,270,17416,0,9,1,17426,A
8-NS,271,17516,1,13,0,17530,A
8-NS,272,5,0,2,17567,17574,C
8-NS,273,1,16899,2,12,16914,T
8-NS,274,6,11,17131,1,17149,G
8-NS,275,16776,2,11,1,16790,A
8-NS,276,1,3,1,16898,16903,C
8-NS,277,16850,2,12,2,16866,A
8-NS,278,2,16670,0,9,16681,T
8-NS,279,2,10,16678,3,16693,G
8-NS,280,16658,2,14,1,16675,A
8-NS,281,3,2,0,17299,17304,C
8-NS,282,0,17182,1,8,17191,T
8-NS,283,17426,1,8,1,17436,A
8-NS,284,0,17404,1,5,17410,T
8-NS,285,1,17268,0,11,17280,T
8-NS,286,7,8,17282,8,17305,G
8-NS,287,17171,1,33,0,17205,A
8-NS,288,1,10,17208,2,17221,G
8-NS,289,3,7,17189,1,17200,G
8-NS,290,16632,2,4,0,16638,A
8-NS,291,16683,0,40,0,16723,A
8-NS,292,1,16382,1,2,16386,T
8-NS,293,0,16369,1,7,16377,T
8-NS,294,3,3,16678,2,16686,G
8-NS,295,2,16634,1,21,16658,T
8-NS,296,9,5,2,16686,16702,C
8-NS,297,16700,1,15,1,16717,A
8-NS,298,16687,2,8,1,16698,A
8-NS,299,3,9,16711,2,16725,G
8-NS,300,16760,1,10,3,16774,A
8-NS,301,16798,1,4,0,16803,A
8-NS,302,16787,0,13,1,16801,A
8-NS,303,0,1,0,16769,16770,C
8-NS,304,0,16533,2,4,16539,T
8-NS,305,5,8,16833,1,16847,G
8-NS,306,5,2,17064,1,17072,G
8-NS,307,4,17042,0,11,17057,T
8-NS,308,6,16996,1,26,17029,T
8-NS,309,13,6,5,16924,16948,C
8-NS,310,16998,1,11,0,17010,A
8-NS,311,0,17272,0,12,17284,T
8-NS,312,6,7,17394,2,17409,G
8-NS,313,3,7,2,17552,17564,C
8-NS,314,0,17283,1,15,17299,T
8-NS,315,17103,0,11,0,17114,A
8-NS,316,17137,0,7,0,17144,A
8-NS,317,3,17297,0,5,17305,T
8-NS,318,4,4,17319,3,17330,G
8-NS,319,2,5,1,17294,17302,C
8-NS,320,7,5,0,17050,17062,C
8-NS,321,14,9,1,17008,17032,C
8-NS,322,16937,2,8,3,16950,A
8-NS,323,17090,0,14,0,17104,A
8-NS,324,1,1,17178,0,17180,G
8-NS,325,4,2,2,17199,17207,C
8-NS,326,17078,2,9,2,17091,A
8-NS,327,4,5,17172,4,17185,G
8-NS,328,17056,3,22,2,17083,A
8-NS,329,17134,2,16,1,17153,A
8-NS,330,17135,0,23,2,17160,A
8-NS,331,1,2,17487,2,17492,G
8-NS,332,0,17328,0,7,17335,T
8-NS,333,4,19,17358,2,17383,G
8-NS,334,2,9,17365,3,17379,G
8-NS,335,17374,1,31,1,17407,A
8-NS,336,17315,1,15,2,17333,A
8-NS,337,1,13,17299,0,17313,G
8-NS,338,3,5,17362,0,17370,G
8-NS,339,17361,2,18,0,17381,A
8-NS,340,3,5,1,17272,17281,C
8-NS,341,13,5,3,17209,17230,C
8-NS,342,0,17215,1,13,17229,T
8-NS,343,9,4,6,17508,17527,C
8-NS,344,3,17476,2,11,17492,T
8-NS,345,3,17534,1,7,17545,T
8-NS,346,2,17478,2,5,17487,T
8-NS,347,3,5,17360,4,17372,G
8-NS,348,2,6,0,17611,17619,C
8-NS,349,17459,4,6,2,17471,A
8-NS,350,1,17427,0,14,17442,T
8-NS,351,3,6,5,17458,17472,C
8-NS,352,17587,3,5,1,17596,A
8-NS,353,2,10,18223,2,18237,G
8-NS,354,18151,1,7,3,18162,A
8-NS,355,18195,0,13,2,18210,A
8-NS,356,0,18114,3,3,18120,T
8-NS,357,7,6,17996,2,18011,G
8-NS,358,5,14,18150,0,18169,G
8-NS,359,18149,1,17,1,18168,A
8-NS,360,2,2,3,18130,18137,C
8-NS,361,8,9,3,17715,17735,C
8-NS,362,17344,0,20,2,17366,A
8-NS,363,3,5,17616,0,17624,G
8-NS,364,3,1,17586,2,17592,G
8-NS,365,1,2,5,17648,17656,C
8-NS,366,17519,1,10,1,17531,A
8-NS,367,17593,2,10,1,17606,A
8-NS,368,2,17576,1,7,17586,T
8-NS,369,15,6,1,17566,17588,C
8-NS,370,17577,0,13,1,17591,A
8-NS,371,2,17477,1,7,17487,T
8-NS,372,5,10,17285,1,17301,G
8-NS,373,2,8,17409,1,17420,G
8-NS,374,17295,0,22,1,17318,A
8-NS,375,1,3,17552,0,17556,G
8-NS,376,17274,1,14,1,17290,A
8-NS,377,17296,1,4,1,17302,A
8-NS,378,17303,0,10,5,17318,A
8-NS,379,17297,0,7,1,17305,A
8-NS,380,17401,1,15,1,17418,A
8-NS,381,1,2,0,17492,17495,C
8-NS,382,17439,1,7,2,17449,A
8-NS,383,3,17353,1,25,17382,T
8-NS,384,10,5,4,17257,17276,C
8-NS,385,17265,0,18,0,17283,A
8-NS,386,1,17336,2,15,17354,T
8-NS,387,3,0,17409,2,17414,G
8-NS,388,2,17376,2,22,17402,T
8-NS,389,2,17248,3,14,17267,T
8-NS,390,6,5,17246,0,17257,G
8-NS,391,17167,2,7,2,17178,A
8-NS,392,17161,2,20,1,17184,A
8-NS,393,17148,0,15,0,17163,A
8-NS,394,3,3,17224,0,17230,G
8-NS,395,0,7,1,17109,17117,C
8-NS,396,6,11,17144,0,17161,G
8-NS,397,17132,1,6,2,17141,A
8-NS,398,17189,0,3,0,17192,A
8-NS,399,1,17144,2,6,17153,T
8-NS,400,1,17141,0,15,17157,T
8-NS,401,2,17183,0,9,17194,T
8-NS,402,6,4,4,17221,17235,C
8-NS,403,17073,3,18,0,17094,A
8-NS,404,4,1,17157,1,17163,G
8-NS,405,1,17083,1,13,17098,T
8-NS,406,193,2,16915,0,17110,G
8-NS,407,1,17011,1,13,17026,T
8-NS,408,3,6,17049,1,17059,G
8-NS,409,17138,1,8,1,17148,A
8-NS,410,3,17110,0,7,17120,T
8-NS,411,0,17086,1,9,17096,T
8-NS,412,0,17066,0,6,17072,T
8-NS,413,0,17027,1,14,17042,T
8-NS,414,2,17072,0,6,17080,T
8-NS,415,2,13,17044,0,17059,G
8-NS,416,17011,2,12,1,17026,A
8-NS,417,1,16745,0,19,16765,T
8-NS,418,12,8,0,16920,16940,C
8-NS,419,13,7,17004,0,17024,G
8-NS,420,18137,0,6,0,18143,A
8-NS,421,3,4,4,18332,18343,C
8-NS,422,0,18357,3,11,18371,T
8-NS,423,18487,3,10,1,18501,A
8-NS,424,4,6,18483,7,18500,G
8-NS,425,18466,2,43,0,18511,A
8-NS,426,3,9,18697,5,18714,G
8-NS,427,18547,3,27,0,18577,A
8-NS,428,3,5,4,19162,19174,C
8-NS,429,17,3,3,18012,18035,C
8-NS,430,17623,3,7,0,17633,A
8-NS,431,3,18637,0,9,18649,T
8-NS,432,18577,1,13,0,18591,A
8-NS,433,4,0,20068,4,20076,G
8-NS,434,1,19841,0,12,19854,T
8-NS,435,19802,1,4,0,19807,A
8-NS,436,1,19773,0,9,19783,T
8-NS,437,0,19103,1,7,19111,T
8-NS,438,19679,0,5,0,19684,A
8-NS,439,3,11,3,19689,19706,C
8-NS,440,0,18791,0,6,18797,T
8-NS,441,18739,0,4,1,18744,A
8-NS,442,16950,1,14,0,16965,A
8-NS,443,5,16,17071,3,17095,G
8-NS,444,3,4,17090,1,17098,G
8-NS,445,7,2,17070,0,17079,G
8-NS,446,3,2,0,16864,16869,C
8-NS,447,0,16539,1,24,16564,T
8-NS,448,0,16483,1,23,16507,T
8-NS,449,0,16698,1,15,16714,T
8-NS,450,10,3,2,16761,16776,C
8-NS,451,16960,2,10,1,16973,A
8-NS,452,4,7,3,17044,17058,C
8-NS,453,10,8,0,16857,16875,C
8-NS,454,6,5,16914,5,16930,G
8-NS,455,16867,3,4,0,16874,A
8-NS,456,16916,2,14,0,16932,A
8-NS,457,2,6,16984,6,16998,G
8-NS,458,16808,1,14,0,16823,A
8-NS,459,9,21,16463,0,16493,G
8-NS,460,5,8,16609,1,16623,G
8-NS,461,9,17,16737,1,16764,G
8-NS,462,16696,0,22,0,16718,A
8-NS,463,4,2,16741,1,16748,G
8-NS,464,1,4,3,16691,16699,C
8-NS,465,16685,0,11,0,16696,A
8-NS,466,16676,1,8,1,16686,A
8-NS,467,2,16654,0,3,16659,T
8-NS,468,0,16589,0,3,16592,T
8-NS,469,2,2,16605,0,16609,G
8-NS,470,0,16323,0,5,16328,T
8-NS,471,0,16306,0,12,16318,T
8-NS,472,3,5,16251,1,16260,G
8-NS,473,4,2,16230,0,16236,G
8-NS,474,3,489,0,15767,16259,C
8-NS,475,2,6,16305,1,16314,G
8-NS,476,16336,2,3,1,16342,A
8-NS,477,16411,0,2,2,16415,A
8-NS,478,16397,1,5,1,16404,A
8-NS,479,0,16381,1,12,16394,T
8-NS,480,4,16326,0,16,16346,T
8-NS,481,2,16422,0,13,16437,T
8-NS,482,5,1,1,16415,16422,C
8-NS,483,16437,3,19,1,16460,A
8-NS,484,1,16,0,16461,16478,C
8-NS,485,11,0,1,16428,16440,C
8-NS,486,16338,2,3,4,16347,A
8-NS,487,0,16294,0,9,16303,T
8-NS,488,2,16221,0,4,16227,T
8-NS,489,4,3,16301,4,16312,G
8-NS,490,1,5,0,16237,16243,C
8-NS,491,12,4,0,16256,16272,C
8-NS,492,2,16292,2,27,16323,T
8-NS,493,2,16238,0,36,16276,T
8-NS,494,5,6,5,16394,16410,C
8-NS,495,2,16336,1,20,16359,T
8-NS,496,1,16374,1,7,16383,T
8-NS,497,3,16648,0,9,16660,T
8-NS,498,1,16556,1,11,16569,T
8-NS,499,6,2,1,16554,16563,C
8-NS,500,12,7,1,16547,16567,C
8-NS,501,16510,4,18,2,16534,A
8-NS,502,7,5,16775,1,16788,G
8-NS,503,3,8,16657,1,16669,G
8-NS,504,17007,4,7,0,17018,A
8-NS,505,1,1,6,17028,17036,C
8-NS,506,17238,1,9,0,17248,A
8-NS,507,0,17321,1,5,17327,T
8-NS,508,17313,2,31,0,17346,A
8-NS,509,4,3,5,18828,18840,C
8-NS,510,2,18733,0,8,18743,T
8-NS,511,18468,2,6,0,18476,A
8-NS,512,0,18374,0,13,18387,T
8-NS,513,0,17769,2,9,17780,T
8-NS,514,8,10,17759,6,17783,G
8-NS,515,17001,1,28,0,17030,A
8-NS,516,3,8,17021,0,17032,G
8-NS,517,0,4,16944,1,16949,G
8-NS,518,15081,1,2,0,15084,A
8-NS,519,3,15079,1,10,15093,T
8-NS,520,2,2,15019,0,15023,G
8-NS,521,4,14931,1,27,14963,T
8-NS,522,2,3,0,14995,15000,C
8-NS,523,15042,0,2,0,15044,A
8-NS,524,15044,0,5,1,15050,A
8-NS,525,15029,0,3,0,15032,A
8-NS,526,14987,0,1,1,14989,A
8-NS,527,15088,1,11,1,15101,A
8-NS,528,0,15023,0,4,15027,T
8-NS,529,1,2,15027,0,15030,G
8-NS,530,3,1,1,15152,15157,C
8-NS,531,15141,0,4,0,15145,A
8-NS,532,15244,2,5,1,15252,A
8-NS,533,0,15259,1,5,15265,T
8-NS,534,1,15287,0,5,15293,T
8-NS,535,9,15,15257,1,15282,G
8-NS,536,4,14,15144,1,15163,G
8-NS,537,1,6,15146,0,15153,G
8-NS,538,2,2,15287,0,15291,G
8-NS,539,40,15005,0,15,15060,T
8-NS,540,2,0,2,15254,15258,C
8-NS,541,4,5,1,15217,15227,C
8-NS,542,0,15170,0,27,15197,T
8-NS,543,9,7,2,15398,15416,C
8-NS,544,15372,3,3,0,15378,A
8-NS,545,3,15379,1,25,15408,T
8-NS,546,2,10,1,15402,15415,C
8-NS,547,4,13,15249,0,15266,G
8-NS,548,8,8,15264,1,15281,G
8-NS,549,15013,2,18,0,15033,A
8-NS,550,1,6,15063,0,15070,G
8-NS,551,2,5,15140,1,15148,G
8-NS,552,14895,0,23,0,14918,A
8-NS,553,2,3,0,15076,15081,C
8-NS,554,1,15005,1,12,15019,T
8-NS,555,0,15016,3,6,15025,T
8-NS,556,5,10,15123,1,15139,G
8-NS,557,15028,0,9,0,15037,A
8-NS,558,15029,0,9,0,15038,A
8-NS,559,1,14972,0,6,14979,T
8-NS,560,7,7,14560,3,14577,G
8-NS,561,6,9,14762,0,14777,G
8-NS,562,14562,2,9,1,14574,A
8-NS,563,14703,1,12,1,14717,A
8-NS,564,0,15412,1,1,15414,T
8-NS,565,7,7,15516,2,15532,G
8-NS,566,15577,0,13,0,15590,A
8-NS,567,1,15588,0,5,15594,T
8-NS,568,15591,1,11,0,15603,A
8-NS,569,15657,1,6,0,15664,A
8-NS,570,2,3,7,15482,15494,C
8-NS,571,15186,4,7,0,15197,A
8-NS,572,3,4,3,15324,15334,C
8-NS,573,13948,0,9,0,13957,A
8-NS,574,2,1,14250,0,14253,G
8-NS,575,4,14107,0,7,14118,T
8-NS,576,4,14042,1,10,14057,T
8-NS,577,8,5,0,14061,14074,C
8-NS,578,13,13,13965,1,13992,G
8-NS,579,13943,1,12,0,13956,A
8-NS,580,1,0,13990,3,13994,G
8-NS,581,0,13788,0,7,13795,T
8-NS,582,7,6,0,13874,13887,C
8-NS,583,2,13439,1,112,13554,T
8-NS,584,9,1,2,13654,13666,C
8-NS,585,2,13721,0,7,13730,T
8-NS,586,13731,0,2,0,13733,A
8-NS,587,13729,1,6,0,13736,A
8-NS,588,13680,1,3,1,13685,A
8-NS,589,13846,0,3,0,13849,A
8-NS,590,13851,2,5,0,13858,A
8-NS,591,0,13700,0,3,13703,T
8-NS,592,2,2,0,13872,13876,C
8-NS,593,1,13746,0,4,13751,T
8-NS,594,13811,3,5,0,13819,A
8-NS,595,2,6,5,13821,13834,C
8-NS,596,13808,1,9,0,13818,A
8-NS,597,2,6,13839,6,13853,G
8-NS,598,13555,0,10,1,13566,A
8-NS,599,4,6,13643,1,13654,G
8-NS,600,13608,2,17,0,13627,A
8-NS,601,1,13442,1,5,13449,T
8-NS,602,2,13454,1,6,13463,T
8-NS,603,13,4,0,13446,13463,C
8-NS,604,2,3,13489,1,13495,G
8-NS,605,2,3,3,13505,13513,C
8-NS,606,0,13446,1,13,13460,T
8-NS,607,3,13472,0,16,13491,T
8-NS,608,2,10,13401,4,13417,G
8-NS,609,2,10,13494,2,13508,G
8-NS,610,13490,1,16,0,13507,A
8-NS,611,2,3,13520,2,13527,G
8-NS,612,13394,2,12,0,13408,A
8-NS,613,13290,0,8,1,13299,A
8-NS,614,0,2,13550,3,13555,G
8-NS,615,4,5,4,13579,13592,C
8-NS,616,13530,0,11,0,13541,A
8-NS,617,5,0,13806,3,13814,G
8-NS,618,0,13653,0,3,13656,T
8-NS,619,13746,0,5,0,13751,A
8-NS,620,13738,2,6,1,13747,A
8-NS,621,0,13695,0,6,13701,T
8-NS,622,2,7,13755,3,13767,G
8-NS,623,13092,0,26,0,13118,A
8-NS,624,0,3,13421,0,13424,G
8-NS,625,13332,1,9,0,13342,A
8-NS,626,12885,0,8,0,12893,A
8-NS,627,1,12847,0,10,12858,T
8-NS,628,2,11,12639,1,12653,G
8-NS,629,2,12,12667,0,12681,G
8-NS,630,3,15,12621,0,12639,G
8-NS,631,2,5,12571,0,12578,G
8-NS,632,0,9,12612,1,12622,G
8-NS,633,12207,2,23,0,12232,A
8-NS,634,1,3,0,12389,12393,C
8-NS,635,4,2,0,12419,12425,C
8-NS,636,2,12293,0,20,12315,T
8-NS,637,8,5,6,12421,12440,C
8-NS,638,6,4,0,12458,12468,C
8-NS,639,12506,0,18,0,12524,A
8-NS,640,1,2,0,12536,12539,C
8-NS,641,0,12229,2,12,12243,T
8-NS,642,0,12165,1,5,12171,T
8-NS,643,11716,1,6,0,11723,A
8-NS,644,0,1,1,11954,11956,C
8-NS,645,3,11796,1,19,11819,T
8-NS,646,9,5,1,11753,11768,C
8-NS,647,5,2,1,11614,11622,C
8-NS,648,11545,0,0,0,11545,A
8-NS,649,11578,0,1,0,11579,A
8-NS,650,11571,0,6,0,11577,A
8-NS,651,11577,0,11,2,11590,A
8-NS,652,3,1,0,11599,11603,C
8-NS,653,11235,0,6,2,11243,A
8-NS,654,1,5,11276,1,11283,G
8-NS,655,11228,1,8,0,11237,A
8-NS,656,11239,1,5,0,11245,A
8-NS,657,11232,1,14,0,11247,A
8-NS,658,1,8,0,11205,11214,C
8-NS,659,4,10,11209,0,11223,G
8-NS,660,3,4,11239,1,11247,G
8-NS,661,0,2,11266,0,11268,G
8-NS,662,11272,1,4,0,11277,A
8-NS,663,11201,1,4,0,11206,A
8-NS,664,11199,1,16,0,11216,A
8-NS,665,0,11187,1,2,11190,T
8-NS,666,2,7,11325,2,11336,G
8-NS,667,6,3,11301,0,11310,G
8-NS,668,1,3,1,11194,11199,C
8-NS,669,7,2,11208,0,11217,G
8-NS,670,11188,2,7,0,11197,A
8-NS,671,3,7,11292,0,11302,G
8-NS,672,11305,5,2,0,11312,A
8-NS,673,11304,2,3,0,11309,A
8-NS,674,1,5,6,11400,11412,C
8-NS,675,11098,2,9,1,11110,A
8-NS,676,2,3,11107,0,11112,G
8-NS,677,2,2,1,11085,11090,C
8-NS,678,0,11087,1,5,11093,T
8-NS,679,11018,0,6,1,11025,A
8-NS,680,1,5,10921,2,10929,G
8-NS,681,4,0,10921,0,10925,G
8-NS,682,1,10851,1,14,10867,T
8-NS,683,9,3,1,10613,10626,C
8-NS,684,10621,1,3,0,10625,A
8-NS,685,10600,1,3,0,10604,A
8-NS,686,10582,0,5,0,10587,A
8-NS,687,10593,0,9,1,10603,A
8-NS,688,2,0,10639,0,10641,G
8-NS,689,0,10271,1,2,10274,T
8-NS,690,0,10258,0,5,10263,T
8-NS,691,2,10260,0,2,10264,T
8-NS,692,3,2,10274,1,10280,G
8-NS,693,10276,0,17,0,10293,A
8-NS,694,10286,0,12,0,10298,A
8-NS,695,1,2,10287,0,10290,G
8-NS,696,10196,1,6,0,10203,A
8-NS,697,10109,1,14,0,10124,A
8-NS,698,10327,0,3,0,10330,A
8-NS,699,1,10341,0,6,10348,T
8-NS,700,10382,0,2,0,10384,A
8-NS,701,10339,1,8,0,10348,A
8-NS,702,0,4,10327,1,10332,G
8-NS,703,9703,0,58,0,9761,A
8-NS,704,0,9743,2,3,9748,T
8-NS,705,3,6,9863,0,9872,G
8-NS,706,3,1,9859,0,9863,G
8-NS,707,1,5,1,9812,9819,C
8-NS,708,1,9787,1,5,9794,T
8-NS,709,9838,0,7,0,9845,A
8-NS,710,9827,1,7,0,9835,A
8-NS,711,1,9894,0,2,9897,T
8-NS,712,0,9869,0,7,9876,T
8-NS,713,3,0,9904,5,9912,G
8-NS,714,9728,1,3,1,9733,A
8-NS,715,9689,0,11,0,9700,A
8-NS,716,2,1,9716,0,9719,G
8-NS,717,9732,0,12,0,9744,A
8-NS,718,9619,0,13,0,9632,A
8-NS,719,2,2,9881,0,9885,G
8-NS,720,0,9655,0,13,9668,T
8-NS,721,5,6,9663,0,9674,G
8-NS,722,9360,1,208,0,9569,A
8-NS,723,4,4,9594,0,9602,G
8-NS,724,9591,3,18,0,9612,A
8-NS,725,6,3,2,9534,9545,C
8-NS,726,9459,0,9,0,9468,A
8-NS,727,2,2,5,9460,9469,C
8-NS,728,8666,5,14,1,8686,A
8-NS,729,0,2,8999,1,9002,G
8-NS,730,8947,0,3,1,8951,A
8-NS,731,0,8890,1,14,8905,T
8-NS,732,0,8883,0,3,8886,T
8-NS,733,8887,1,2,0,8890,A
8-NS,734,8890,1,2,0,8893,A
8-NS,735,8890,0,1,0,8891,A
8-NS,736,8844,0,7,1,8852,A
8-NS,737,8837,1,3,2,8843,A
8-NS,738,1,568,2,7840,8411,C
8-NS,739,7906,0,7,0,7913,A
8-NS,740,7948,0,3,0,7951,A
8-NS,741,1,2,2,7968,7973,C
8-NS,742,0,7856,0,7,7863,T
8-NS,743,0,4,7958,0,7962,G
8-NS,744,7933,1,3,1,7938,A
8-NS,745,7964,0,4,0,7968,A
8-NS,746,7957,0,2,0,7959,A
8-NS,747,7865,1,5,0,7871,A
8-NS,748,1,7852,1,2,7856,T
8-NS,749,7725,0,8,0,7733,A
8-NS,750,1,0,7809,0,7810,G
8-NS,751,1,1,0,7804,7806,C
8-NS,752,0,7603,0,7,7610,T
8-NS,753,1,7613,0,5,7619,T
8-NS,754,1,7545,0,1,7547,T
8-NS,755,2,4,7583,1,7590,G
8-NS,756,7581,2,9,0,7592,A
8-NS,757,7593,1,11,0,7605,A
8-NS,758,1,1,0,7638,7640,C
8-NS,759,7403,1,4,0,7408,A
8-NS,760,7461,0,1,0,7462,A
8-NS,761,7473,3,3,0,7479,A
8-NS,762,0,7458,0,4,7462,T
8-NS,763,7455,0,1,0,7456,A
8-NS,764,7301,1,13,0,7315,A
8-NS,765,0,3,0,7342,7345,C
8-NS,766,7322,0,4,0,7326,A
8-NS,767,0,7204,1,2,7207,T
8-NS,768,2,7010,0,8,7020,T
8-NS,769,5,0,1,6967,6973,C
8-NS,770,6932,0,4,0,6936,A
8-NS,771,2,6899,1,6,6908,T
8-NS,772,0,2,6919,0,6921,G
8-NS,773,2,1,1,6760,6764,C
8-NS,774,6670,0,2,0,6672,A
8-NS,775,6630,0,6,0,6636,A
8-NS,776,2,1,6662,0,6665,G
8-NS,777,1,3,2,6784,6790,C
8-NS,778,6663,0,2,0,6665,A
8-NS,779,0,6663,2,5,6670,T
8-NS,780,0,6624,1,1,6626,T
8-NS,781,6623,1,2,0,6626,A
8-NS,782,1,2,0,6601,6604,C
8-NS,783,6429,0,0,0,6429,A
8-NS,784,3,0,5459,0,5462,G
8-NS,785,2,1,1,5484,5488,C
8-NS,786,0,5474,1,7,5482,T
8-NS,787,2,0,5493,0,5495,G
8-NS,788,0,1,1,5387,5389,C
8-NS,789,0,5305,0,1,5306,T
8-NS,790,2,3,5350,1,5356,G
8-NS,791,0,5233,0,6,5239,T
8-NS,792,1,5225,0,5,5231,T
8-NS,793,1,5218,0,0,5219,T
8-NS,794,2,3,5176,1,5182,G
8-NS,795,5168,1,10,0,5179,A
8-NS,796,5058,0,5,0,5063,A
8-NS,797,1,1,5070,0,5072,G
8-NS,798,0,4987,1,1,4989,T
8-NS,799,4,3,4678,1,4686,G
8-NS,800,1,0,4730,0,4731,G
8-NS,801,4725,0,3,0,4728,A
8-NS,802,4726,0,9,1,4736,A
8-NS,803,1,5,6,4701,4713,C
8-NS,804,4547,0,6,0,4553,A
8-NS,805,0,1,4595,0,4596,G
8-NS,806,2,3,4505,1,4511,G
8-NS,807,4395,1,9,0,4405,A
8-NS,808,1,0,4440,0,4441,G
8-NS,809,3655,1,9,0,3665,A
8-NS,810,0,3646,0,2,3648,T
8-NS,811,3626,0,1,0,3627,A
8-NS,812,3575,0,3,0,3578,A
8-NS,813,0,1,3576,0,3577,G
8-NS,814,3111,0,2,0,3113,A
8-NS,815,3079,0,0,0,3079,A
8-NS,816,0,0,1,3040,3041,C
8-NS,817,1,2465,0,3,2469,T
8-NS,818,1,2444,0,0,2445,T
8-NS,819,1,2433,0,6,2440,T
8-NS,820,0,0,0,2444,2444,C
8-NS,821,0,2408,0,11,2419,T
8-NS,822,5,2,0,2363,2370,C
8-NS,823,2298,0,1,0,2299,A
8-NS,824,0,2289,1,1,2291,T
8-NS,825,0,2255,0,5,2260,T
8-NS,826,1,2235,0,8,2244,T
8-NS,827,0,0,3,2221,2224,C
8-NS,828,2122,0,1,0,2123,A
8-NS,829,1,0,2127,0,2128,G
8-NS,830,1,0,0,2115,2116,C
8-NS,831,1,1930,0,1,1932,T
8-NS,832,0,1923,0,2,1925,T
8-NS,833,1857,0,0,0,1857,A
8-NS,834,0,1846,0,1,1847,T
8-NS,835,0,1844,0,0,1844,T
8-NS,836,0,1829,0,0,1829,T
8-NS,837,1753,0,1,0,1754,A
8-NS,838,1694,0,1,1,1696,A
8-NS,839,0,1641,0,0,1641,T
8-NS,840,0,1,1622,0,1623,G
8-NS,841,1550,0,0,0,1550,A
8-NS,842,0,1403,0,0,1403,T
8-NS,843,1380,0,0,0,1380,A
8-NS,844,1377,0,1,0,1378,A
8-NS,845,1374,0,3,0,1377,A
8-NS,846,1377,0,0,0,1377,A
8-NS,847,1342,0,4,1,1347,A
8-NS,848,1332,1,5,1,1339,A
8-NS,849,0,0,0,1333,1333,C
8-NS,850,1130,0,0,0,1130,A
8-NS,851,0,0,0,1130,1130,C
8-NS,852,1,0,0,1068,1069,C
8-NS,853,4,0,0,1033,1037,C
8-NS,854,0,946,0,0,946,T
8-NS,855,0,906,0,0,906,T
8-NS,856,0,0,907,0,907,G
8-NS,857,0,859,0,0,859,T
8-NS,858,0,854,0,0,854,T
8-NS,859,0,831,0,0,831,T
8-NS,860,0,0,0,266,266,C
8-NS,861,0,181,0,0,181,T
8-NS,862,152,0,0,0,152,A
8-NS,863,0,0,0,148,148,C
