Gene,Position,A,T,G,C,Coverage,Consensus
1-PB2,1,401,0,0,0,401,A
1-PB2,2,0,401,0,0,401,T
1-PB2,3,0,0,408,0,408,G
1-PB2,4,0,3,409,0,412,G
1-PB2,5,412,0,0,0,412,A
1-PB2,6,412,0,0,0,412,A
1-PB2,7,413,0,0,0,413,A
1-PB2,8,0,0,460,0,460,G
1-PB2,9,460,0,1,0,461,A
1-PB2,10,459,0,0,0,459,A
1-PB2,11,0,474,0,0,474,T
1-PB2,12,474,0,0,0,474,A
1-PB2,13,477,0,0,0,477,A
1-PB2,14,480,0,0,0,480,A
1-PB2,15,478,0,2,0,480,A
1-PB2,16,0,3,499,0,502,G
1-PB2,17,503,0,0,0,503,A
1-PB2,18,502,0,0,0,502,A
1-PB2,19,0,0,0,518,518,C
1-PB2,20,0,519,0,0,519,T
1-PB2,21,538,0,0,0,538,A
1-PB2,22,0,0,0,537,537,C
1-PB2,23,0,1,538,0,539,G
1-PB2,24,0,2,549,0,551,G
1-PB2,25,554,0,0,0,554,A
1-PB2,26,568,0,0,0,568,A
1-PB2,27,0,572,0,0,572,T
1-PB2,28,1,0,0,574,575,C
1-PB2,29,0,578,0,2,580,T
1-PB2,30,0,2,587,0,589,G
1-PB2,31,595,0,0,0,595,A
1-PB2,32,0,597,0,0,597,T
1-PB2,33,0,0,599,0,599,G
1-PB2,34,0,600,0,3,603,T
1-PB2,35,4,0,1,595,600,C
1-PB2,36,1,0,599,0,600,G
1-PB2,37,1,0,0,599,600,C
1-PB2,38,600,0,0,0,600,A
1-PB2,39,0,1,646,0,647,G
1-PB2,40,0,649,0,0,649,T
1-PB2,41,1,0,0,650,651,C
1-PB2,42,0,648,0,0,648,T
1-PB2,43,0,0,0,652,652,C
1-PB2,44,0,0,649,0,649,G
1-PB2,45,0,0,0,653,653,C
1-PB2,46,653,0,0,0,653,A
1-PB2,47,0,0,0,665,665,C
1-PB2,48,0,660,0,0,660,T
1-PB2,49,1,0,0,679,680,C
1-PB2,50,0,1,679,0,680,G
1-PB2,51,1,0,0,678,679,C
1-PB2,52,0,0,676,0,676,G
1-PB2,53,679,0,0,0,679,A
1-PB2,54,0,4,681,0,685,G
1-PB2,55,694,0,1,0,695,A
1-PB2,56,0,695,0,0,695,T
1-PB2,57,694,0,0,0,694,A
1-PB2,58,0,0,0,690,690,C
1-PB2,59,0,683,0,2,685,T
1-PB2,60,0,5,685,0,690,G
1-PB2,61,690,0,2,0,692,A
1-PB2,62,0,0,0,697,697,C
1-PB2,63,693,0,1,0,694,A
1-PB2,64,693,0,1,0,694,A
1-PB2,65,701,0,0,0,701,A
1-PB2,66,711,0,0,0,711,A
1-PB2,67,708,0,1,0,709,A
1-PB2,68,1,0,0,713,714,C
1-PB2,69,2,0,0,709,711,C
1-PB2,70,729,0,0,0,729,A
1-PB2,71,0,0,0,736,736,C
1-PB2,72,733,0,1,0,734,A
1-PB2,73,0,0,756,0,756,G
1-PB2,74,0,756,0,1,757,T
1-PB2,75,0,4,783,1,788,G
1-PB2,76,0,1,794,0,795,G
1-PB2,77,793,0,0,0,793,A
1-PB2,78,0,1,0,816,817,C
1-PB2,79,0,0,0,810,810,C
1-PB2,80,815,0,0,0,815,A
1-PB2,81,0,818,0,0,818,T
1-PB2,82,808,0,1,0,809,A
1-PB2,83,0,809,0,0,809,T
1-PB2,84,1,1,807,0,809,G
1-PB2,85,0,0,811,0,811,G
1-PB2,86,2,1,1,811,815,C
1-PB2,87,0,1,0,797,798,C
1-PB2,88,795,0,0,0,795,A
1-PB2,89,0,864,0,0,864,T
1-PB2,90,865,0,0,0,865,A
1-PB2,91,893,0,0,0,893,A
1-PB2,92,0,891,0,0,891,T
1-PB2,93,0,890,1,0,891,T
1-PB2,94,898,0,0,0,898,A
1-PB2,95,896,0,0,0,896,A
1-PB2,96,0,2,916,0,918,G
1-PB2,97,914,0,0,0,914,A
1-PB2,98,895,0,0,0,895,A
1-PB2,99,0,3,937,0,940,G
1-PB2,100,0,931,0,0,931,T
1-PB2,101,932,0,0,0,932,A
1-PB2,102,1,1,0,939,941,C
1-PB2,103,940,0,1,0,941,A
1-PB2,104,1,0,0,957,958,C
1-PB2,105,951,0,0,1,952,A
1-PB2,106,0,952,0,0,952,T
1-PB2,107,2,0,0,958,960,C
1-PB2,108,0,3,946,0,949,G
1-PB2,109,0,2,949,0,951,G
1-PB2,110,0,1,945,0,946,G
1-PB2,111,1,2,945,0,948,G
1-PB2,112,946,1,1,0,948,A
1-PB2,113,0,2,945,0,947,G
1-PB2,114,937,0,0,0,937,A
1-PB2,115,1,0,0,946,947,C
1-PB2,116,938,0,1,0,939,A
1-PB2,117,0,0,948,0,948,G
1-PB2,118,0,2,965,0,967,G
1-PB2,119,971,0,1,0,972,A
1-PB2,120,968,0,1,0,969,A
1-PB2,121,969,0,1,0,970,A
1-PB2,122,968,0,0,0,968,A
1-PB2,123,1,3,970,0,974,G
1-PB2,124,968,0,0,0,968,A
1-PB2,125,973,0,0,0,973,A
1-PB2,126,0,1,0,964,965,C
1-PB2,127,1,0,0,962,963,C
1-PB2,128,2,0,0,960,962,C
1-PB2,129,0,0,968,0,968,G
1-PB2,130,0,960,0,4,964,T
1-PB2,131,0,0,0,969,969,C
1-PB2,132,973,0,1,0,974,A
1-PB2,133,0,1,0,980,981,C
1-PB2,134,0,972,0,1,973,T
1-PB2,135,0,981,0,0,981,T
1-PB2,136,982,0,0,0,982,A
1-PB2,137,0,1,1000,0,1001,G
1-PB2,138,0,3,999,0,1002,G
1-PB2,139,998,0,3,0,1001,A
1-PB2,140,0,997,0,0,997,T
1-PB2,141,0,2,1005,0,1007,G
1-PB2,142,1025,0,0,0,1025,A
1-PB2,143,1028,0,0,0,1028,A
1-PB2,144,1029,0,0,0,1029,A
1-PB2,145,0,1030,0,0,1030,T
1-PB2,146,0,1,1023,0,1024,G
1-PB2,147,0,2,1027,0,1029,G
1-PB2,148,1027,0,2,0,1029,A
1-PB2,149,0,1028,0,0,1028,T
1-PB2,150,0,2,1020,0,1022,G
1-PB2,151,1011,0,1,0,1012,A
1-PB2,152,0,1017,0,1,1018,T
1-PB2,153,1,1,1018,0,1020,G
1-PB2,154,0,1,1023,0,1024,G
1-PB2,155,0,0,0,1021,1021,C
1-PB2,156,1020,0,0,0,1020,A
1-PB2,157,1032,0,1,0,1033,A
1-PB2,158,0,1033,0,0,1033,T
1-PB2,159,0,4,1069,0,1073,G
1-PB2,160,1069,0,1,0,1070,A
1-PB2,161,1064,0,2,1,1067,A
1-PB2,162,1076,0,0,0,1076,A
1-PB2,163,0,1078,0,1,1079,T
1-PB2,164,1082,0,0,0,1082,A
1-PB2,165,1,0,0,1102,1103,C
1-PB2,166,2,1,0,1093,1096,C
1-PB2,167,3,0,0,1088,1091,C
1-PB2,168,1081,0,0,0,1081,A
1-PB2,169,1081,0,0,0,1081,A
1-PB2,170,0,1082,0,1,1083,T
1-PB2,171,5,1,0,1081,1087,C
1-PB2,172,1086,0,0,0,1086,A
1-PB2,173,0,0,0,1107,1107,C
1-PB2,174,0,1094,0,1,1095,T
1-PB2,175,0,0,1104,0,1104,G
1-PB2,176,1,1,0,1100,1102,C
1-PB2,177,0,1095,0,2,1097,T
1-PB2,178,1,6,1109,0,1116,G
1-PB2,179,1116,0,1,0,1117,A
1-PB2,180,1,0,0,1123,1124,C
1-PB2,181,1124,0,0,0,1124,A
1-PB2,182,1110,0,1,0,1111,A
1-PB2,183,1112,0,3,0,1115,A
1-PB2,184,1108,0,1,1,1110,A
1-PB2,185,0,2,1130,0,1132,G
1-PB2,186,0,6,1128,0,1134,G
1-PB2,187,1118,0,1,0,1119,A
1-PB2,188,0,1129,0,0,1129,T
1-PB2,189,1121,0,1,0,1122,A
1-PB2,190,1123,1,0,0,1124,A
1-PB2,191,0,0,0,1137,1137,C
1-PB2,192,1132,0,0,0,1132,A
1-PB2,193,0,3,1133,0,1136,G
1-PB2,194,1113,2,0,0,1115,A
1-PB2,195,1112,0,0,0,1112,A
1-PB2,196,1114,0,0,0,1114,A
1-PB2,197,1,1108,0,0,1109,T
1-PB2,198,1,2,1110,0,1113,G
1-PB2,199,0,1,1130,0,1131,G
1-PB2,200,0,1125,0,1,1126,T
1-PB2,201,0,1123,0,0,1123,T
1-PB2,202,4,0,0,1112,1116,C
1-PB2,203,5,0,0,1117,1122,C
1-PB2,204,1115,0,1,1,1117,A
1-PB2,205,0,0,1121,0,1121,G
1-PB2,206,1119,1,2,0,1122,A
1-PB2,207,0,2,1123,0,1125,G
1-PB2,208,1097,0,5,0,1102,A
1-PB2,209,0,2,1117,0,1119,G
1-PB2,210,1119,0,2,1,1122,A
1-PB2,211,1119,0,1,0,1120,A
1-PB2,212,1120,0,4,0,1124,A
1-PB2,213,0,1113,0,2,1115,T
1-PB2,214,0,11,1117,0,1128,G
1-PB2,215,1131,0,0,1,1132,A
1-PB2,216,1129,0,0,0,1129,A
1-PB2,217,1,0,0,1127,1128,C
1-PB2,218,1113,0,1,0,1114,A
1-PB2,219,1118,0,0,0,1118,A
1-PB2,220,0,1,1135,0,1136,G
1-PB2,221,0,5,1143,0,1148,G
1-PB2,222,1147,0,3,0,1150,A
1-PB2,223,0,0,0,1152,1152,C
1-PB2,224,1150,0,0,0,1150,A
1-PB2,225,1150,0,1,0,1151,A
1-PB2,226,1209,2,0,0,1211,A
1-PB2,227,1,1,0,1218,1220,C
1-PB2,228,0,1199,0,0,1199,T
1-PB2,229,4,0,0,1216,1220,C
1-PB2,230,0,1203,0,1,1204,T
1-PB2,231,1209,0,1,1,1211,A
1-PB2,232,0,1211,0,1,1212,T
1-PB2,233,1,2,1208,0,1211,G
1-PB2,234,0,6,1234,0,1240,G
1-PB2,235,1189,0,1,0,1190,A
1-PB2,236,0,0,1245,0,1245,G
1-PB2,237,0,1242,0,0,1242,T
1-PB2,238,1259,0,0,0,1259,A
1-PB2,239,1260,0,1,0,1261,A
1-PB2,240,1262,0,0,0,1262,A
1-PB2,241,1259,0,1,0,1260,A
1-PB2,242,225,1016,1,0,1242,T
1-PB2,243,0,8,1237,0,1245,G
1-PB2,244,1228,0,1,1,1230,A
1-PB2,245,0,0,1237,0,1237,G
1-PB2,246,0,1174,0,1,1175,T
1-PB2,247,1,6,1156,0,1163,G
1-PB2,248,1182,0,0,0,1182,A
1-PB2,249,0,1186,0,0,1186,T
1-PB2,250,0,3,1183,0,1186,G
1-PB2,251,0,0,0,1184,1184,C
1-PB2,252,0,1183,0,0,1183,T
1-PB2,253,1,4,1206,0,1211,G
1-PB2,254,1,4,1204,0,1209,G
1-PB2,255,1221,0,1,0,1222,A
1-PB2,256,0,1220,0,1,1221,T
1-PB2,257,2,0,0,1225,1227,C
1-PB2,258,1220,0,0,0,1220,A
1-PB2,259,1,2,1248,0,1251,G
1-PB2,260,1250,0,2,0,1252,A
1-PB2,261,0,1249,1,0,1250,T
1-PB2,262,1217,0,0,0,1217,A
1-PB2,263,0,4,1239,0,1243,G
1-PB2,264,1223,2,2,1,1228,A
1-PB2,265,0,2,1235,0,1237,G
1-PB2,266,0,1214,1,0,1215,T
1-PB2,267,1,1,1202,0,1204,G
1-PB2,268,1185,0,2,1,1188,A
1-PB2,269,0,1190,0,1,1191,T
1-PB2,270,1,3,1208,0,1212,G
1-PB2,271,0,1,1231,0,1232,G
1-PB2,272,0,1216,0,1,1217,T
1-PB2,273,1215,0,0,1,1216,A
1-PB2,274,0,1198,0,1,1199,T
1-PB2,275,6,0,0,1200,1206,C
1-PB2,276,1219,0,1,1,1221,A
1-PB2,277,1,0,0,1237,1238,C
1-PB2,278,2,0,0,1237,1239,C
1-PB2,279,0,1202,0,3,1205,T
1-PB2,280,0,1184,0,1,1185,T
1-PB2,281,0,1188,0,2,1190,T
1-PB2,282,0,2,1202,0,1204,G
1-PB2,283,2,0,1206,0,1208,G
1-PB2,284,0,0,1,1221,1222,C
1-PB2,285,0,1197,0,3,1200,T
1-PB2,286,1,1,1215,0,1217,G
1-PB2,287,0,1216,0,0,1216,T
1-PB2,288,1219,0,3,0,1222,A
1-PB2,289,1227,0,2,0,1229,A
1-PB2,290,0,1,0,1223,1224,C
1-PB2,291,1201,1,0,1,1203,A
1-PB2,292,0,1203,0,0,1203,T
1-PB2,293,0,2,1190,0,1192,G
1-PB2,294,0,1,1208,0,1209,G
1-PB2,295,0,1196,0,3,1199,T
1-PB2,296,1,0,1192,0,1193,G
1-PB2,297,0,0,1207,0,1207,G
1-PB2,298,1202,0,1,0,1203,A
1-PB2,299,1206,0,0,0,1206,A
1-PB2,300,0,1202,0,3,1205,T
1-PB2,301,1202,0,1,0,1203,A
1-PB2,302,1,3,1222,0,1226,G
1-PB2,303,1214,0,0,0,1214,A
1-PB2,304,1208,1,1,0,1210,A
1-PB2,305,1211,0,0,0,1211,A
1-PB2,306,0,1193,0,0,1193,T
1-PB2,307,0,1,1185,0,1186,G
1-PB2,308,0,5,1180,0,1185,G
1-PB2,309,1186,0,2,0,1188,A
1-PB2,310,2,0,0,1193,1195,C
1-PB2,311,3,0,0,1163,1166,C
1-PB2,312,4,2,0,1170,1176,C
1-PB2,313,1,0,1183,0,1184,G
1-PB2,314,0,1193,0,1,1194,T
1-PB2,315,0,9,1213,0,1222,G
1-PB2,316,1218,0,1,0,1219,A
1-PB2,317,0,2,0,1223,1225,C
1-PB2,318,1220,1,1,0,1222,A
1-PB2,319,1223,0,3,0,1226,A
1-PB2,320,0,0,1260,0,1260,G
1-PB2,321,0,1254,0,1,1255,T
1-PB2,322,1243,0,1,1,1245,A
1-PB2,323,3,0,0,1235,1238,C
1-PB2,324,1,9,1210,0,1220,G
1-PB2,325,0,0,1252,0,1252,G
1-PB2,326,1,1243,0,0,1244,T
1-PB2,327,3,0,0,1249,1252,C
1-PB2,328,6,1,0,1247,1254,C
1-PB2,329,1218,0,3,0,1221,A
1-PB2,330,0,1227,0,0,1227,T
1-PB2,331,0,1228,0,0,1228,T
1-PB2,332,1276,1,0,0,1277,A
1-PB2,333,1,0,0,1276,1277,C
1-PB2,334,3,0,0,1234,1237,C
1-PB2,335,5,1,0,1235,1241,C
1-PB2,336,1228,0,1,0,1229,A
1-PB2,337,1233,0,0,1,1234,A
1-PB2,338,1237,0,0,0,1237,A
1-PB2,339,1228,0,0,0,1228,A
1-PB2,340,0,2,1241,0,1243,G
1-PB2,341,0,1197,0,0,1197,T
1-PB2,342,2,1,1213,0,1216,G
1-PB2,343,0,1216,0,1,1217,T
1-PB2,344,1213,1,1,0,1215,A
1-PB2,345,1,1,0,1213,1215,C
1-PB2,346,1203,0,0,0,1203,A
1-PB2,347,1204,0,2,0,1206,A
1-PB2,348,0,2,1207,1,1210,G
1-PB2,349,1205,0,1,0,1206,A
1-PB2,350,0,0,0,1207,1207,C
1-PB2,351,0,1179,0,0,1179,T
1-PB2,352,0,1200,0,2,1202,T
1-PB2,353,1203,0,1,0,1204,A
1-PB2,354,0,1200,0,1,1201,T
1-PB2,355,0,1200,0,2,1202,T
1-PB2,356,0,1199,0,0,1199,T
1-PB2,357,3,0,0,1180,1183,C
1-PB2,358,1,12,1164,0,1177,G
1-PB2,359,1177,0,1,0,1178,A
1-PB2,360,2,0,0,1176,1178,C
1-PB2,361,1172,0,0,0,1172,A
1-PB2,362,1181,0,0,0,1181,A
1-PB2,363,1181,0,1,2,1184,A
1-PB2,364,0,0,1188,0,1188,G
1-PB2,365,0,1184,0,0,1184,T
1-PB2,366,1181,0,1,0,1182,A
1-PB2,367,0,2,1211,0,1213,G
1-PB2,368,1207,1,1,1,1210,A
1-PB2,369,1209,1,0,0,1210,A
1-PB2,370,1212,0,0,0,1212,A
1-PB2,371,0,4,1238,0,1242,G
1-PB2,372,0,0,1246,0,1246,G
1-PB2,373,0,1227,0,0,1227,T
1-PB2,374,1,1224,0,2,1227,T
1-PB2,375,1225,1,0,1,1227,A
1-PB2,376,1225,0,0,0,1225,A
1-PB2,377,1224,0,1,0,1225,A
1-PB2,378,1247,0,0,0,1247,A
1-PB2,379,1,0,0,1259,1260,C
1-PB2,380,1218,0,0,0,1218,A
1-PB2,381,0,1216,0,0,1216,T
1-PB2,382,0,2,1213,0,1215,G
1-PB2,383,0,7,1215,0,1222,G
1-PB2,384,1216,0,1,0,1217,A
1-PB2,385,1223,0,1,0,1224,A
1-PB2,386,2,1,0,1263,1266,C
1-PB2,387,0,0,0,1280,1280,C
1-PB2,388,0,1275,0,2,1277,T
1-PB2,389,0,1272,0,0,1272,T
1-PB2,390,1,1276,0,0,1277,T
1-PB2,391,0,2,1272,0,1274,G
1-PB2,392,1,0,1286,0,1287,G
1-PB2,393,0,1,0,1279,1280,C
1-PB2,394,1,0,0,1275,1276,C
1-PB2,395,1,0,0,1263,1264,C
1-PB2,396,0,1203,0,3,1206,T
1-PB2,397,0,0,1226,0,1226,G
1-PB2,398,0,1224,1,2,1227,T
1-PB2,399,1,1224,0,1,1226,T
1-PB2,400,7,0,0,1221,1228,C
1-PB2,401,1207,0,1,0,1208,A
1-PB2,402,0,1206,0,1,1207,T
1-PB2,403,0,1204,0,4,1208,T
1-PB2,404,0,1205,0,1,1206,T
1-PB2,405,0,1205,0,0,1205,T
1-PB2,406,1188,0,0,0,1188,A
1-PB2,407,1,1,1184,0,1186,G
1-PB2,408,1187,0,1,0,1188,A
1-PB2,409,1183,1,1,0,1185,A
1-PB2,410,1190,0,0,0,1190,A
1-PB2,411,0,1180,0,2,1182,T
1-PB2,412,6,1,0,1178,1185,C
1-PB2,413,1175,0,2,0,1177,A
1-PB2,414,1185,1,0,0,1186,A
1-PB2,415,0,0,1201,0,1201,G
1-PB2,416,0,1196,1,1,1198,T
1-PB2,417,9,0,0,1189,1198,C
1-PB2,418,1201,0,0,0,1201,A
1-PB2,419,1202,1,1,0,1204,A
1-PB2,420,0,2,1201,0,1203,G
1-PB2,421,1205,0,0,0,1205,A
1-PB2,422,0,1206,1,0,1207,T
1-PB2,423,1220,0,1,0,1221,A
1-PB2,424,1,2,0,1216,1219,C
1-PB2,425,1,0,1221,0,1222,G
1-PB2,426,0,0,0,1228,1228,C
1-PB2,427,1211,0,0,1,1212,A
1-PB2,428,0,0,1226,0,1226,G
1-PB2,429,1220,0,0,0,1220,A
1-PB2,430,1232,0,0,0,1232,A
1-PB2,431,0,3,1243,0,1246,G
1-PB2,432,1224,0,3,0,1227,A
1-PB2,433,0,1,1233,0,1234,G
1-PB2,434,0,1222,0,1,1223,T
1-PB2,435,1208,0,3,0,1211,A
1-PB2,436,0,2,1229,0,1231,G
1-PB2,437,1233,0,3,1,1237,A
1-PB2,438,0,1,0,1289,1290,C
1-PB2,439,1272,1,0,0,1273,A
1-PB2,440,0,1244,0,0,1244,T
1-PB2,441,1237,0,1,0,1238,A
1-PB2,442,1232,0,1,0,1233,A
1-PB2,443,1256,2,1,0,1259,A
1-PB2,444,1,0,0,1259,1260,C
1-PB2,445,5,0,0,1241,1246,C
1-PB2,446,4,1,0,1229,1234,C
1-PB2,447,1,1185,0,2,1188,T
1-PB2,448,0,3,1197,0,1200,G
1-PB2,449,0,3,1222,0,1225,G
1-PB2,450,0,1219,0,2,1221,T
1-PB2,451,8,0,0,1208,1216,C
1-PB2,452,1219,0,0,0,1219,A
1-PB2,453,0,1216,0,1,1217,T
1-PB2,454,0,0,1226,0,1226,G
1-PB2,455,0,0,0,1225,1225,C
1-PB2,456,1211,0,2,0,1213,A
1-PB2,457,1,3,1207,0,1211,G
1-PB2,458,1193,0,0,0,1193,A
1-PB2,459,2,0,1,1208,1211,C
1-PB2,460,4,0,0,1201,1205,C
1-PB2,461,1,1184,0,2,1187,T
1-PB2,462,0,0,0,1192,1192,C
1-PB2,463,1178,0,1,0,1179,A
1-PB2,464,0,1,1211,0,1212,G
1-PB2,465,0,1211,0,1,1212,T
1-PB2,466,1,0,1214,0,1215,G
1-PB2,467,1,0,0,1216,1217,C
1-PB2,468,4,0,0,1190,1194,C
1-PB2,469,1187,0,2,0,1189,A
1-PB2,470,1195,0,0,0,1195,A
1-PB2,471,1190,0,1,0,1191,A
1-PB2,472,0,1,1201,0,1202,G
1-PB2,473,1164,0,0,0,1164,A
1-PB2,474,0,2,1174,0,1176,G
1-PB2,475,0,2,1164,0,1166,G
1-PB2,476,1,2,0,1170,1173,C
1-PB2,477,1174,0,0,0,1174,A
1-PB2,478,1,0,0,1172,1173,C
1-PB2,479,1170,0,2,0,1172,A
1-PB2,480,1206,0,0,0,1206,A
1-PB2,481,0,2,1212,0,1214,G
1-PB2,482,1239,0,0,0,1239,A
1-PB2,483,0,1227,1,0,1228,T
1-PB2,484,0,0,1229,0,1229,G
1-PB2,485,0,1222,0,2,1224,T
1-PB2,486,1223,0,0,0,1223,A
1-PB2,487,1218,0,0,0,1218,A
1-PB2,488,1,1223,0,0,1224,T
1-PB2,489,0,1169,0,1,1170,T
1-PB2,490,1164,0,0,0,1164,A
1-PB2,491,0,1132,0,1,1133,T
1-PB2,492,4,3,1125,1,1133,G
1-PB2,493,0,1,1131,0,1132,G
1-PB2,494,1125,0,1,1,1127,A
1-PB2,495,1123,0,1,1,1125,A
1-PB2,496,0,1,1129,1,1131,G
1-PB2,497,1,1125,0,0,1126,T
1-PB2,498,0,1125,0,2,1127,T
1-PB2,499,0,1,1136,0,1137,G
1-PB2,500,0,1129,1,0,1130,T
1-PB2,501,0,1125,0,2,1127,T
1-PB2,502,0,1124,0,0,1124,T
1-PB2,503,0,1120,0,2,1122,T
1-PB2,504,0,1126,0,0,1126,T
1-PB2,505,4,0,0,1117,1121,C
1-PB2,506,4,0,0,1121,1125,C
1-PB2,507,3,0,0,1122,1125,C
1-PB2,508,1126,0,0,0,1126,A
1-PB2,509,1129,0,0,0,1129,A
1-PB2,510,0,1133,0,0,1133,T
1-PB2,511,0,4,1135,0,1139,G
1-PB2,512,1138,0,0,0,1138,A
1-PB2,513,1134,0,2,0,1136,A
1-PB2,514,2,0,1139,0,1141,G
1-PB2,515,0,1139,0,0,1139,T
1-PB2,516,1,1,1129,0,1131,G
1-PB2,517,0,1,1131,0,1132,G
1-PB2,518,0,2,1132,0,1134,G
1-PB2,519,1138,0,2,0,1140,A
1-PB2,520,1,0,1143,0,1144,G
1-PB2,521,0,0,0,1137,1137,C
1-PB2,522,3,0,0,1140,1143,C
1-PB2,523,1133,0,1,0,1134,A
1-PB2,524,0,2,1162,0,1164,G
1-PB2,525,0,2,1175,0,1177,G
1-PB2,526,1185,0,1,0,1186,A
1-PB2,527,0,1179,0,0,1179,T
1-PB2,528,1180,0,0,0,1180,A
1-PB2,529,2,0,0,1175,1177,C
1-PB2,530,0,1162,0,2,1164,T
1-PB2,531,1163,0,0,0,1163,A
1-PB2,532,1162,1,2,0,1165,A
1-PB2,533,1,2,0,1157,1160,C
1-PB2,534,1137,0,1,0,1138,A
1-PB2,535,0,1125,0,0,1125,T
1-PB2,536,1,1,0,1129,1131,C
1-PB2,537,1107,0,4,0,1111,A
1-PB2,538,0,1,1128,0,1129,G
1-PB2,539,1129,0,0,0,1129,A
1-PB2,540,1129,0,0,0,1129,A
1-PB2,541,0,1127,0,0,1127,T
1-PB2,542,3,0,0,1093,1096,C
1-PB2,543,1095,0,1,0,1096,A
1-PB2,544,0,0,0,1116,1116,C
1-PB2,545,1116,0,0,0,1116,A
1-PB2,546,1122,0,1,0,1123,A
1-PB2,547,0,1102,0,1,1103,T
1-PB2,548,0,1109,0,0,1109,T
1-PB2,549,1115,0,0,0,1115,A
1-PB2,550,1122,0,0,0,1122,A
1-PB2,551,0,1,0,1130,1131,C
1-PB2,552,1117,0,0,0,1117,A
1-PB2,553,1107,0,0,0,1107,A
1-PB2,554,0,1133,0,1,1134,T
1-PB2,555,1121,0,0,0,1121,A
1-PB2,556,1123,1,1,0,1125,A
1-PB2,557,3,1,0,1122,1126,C
1-PB2,558,0,1118,0,0,1118,T
1-PB2,559,1113,0,1,0,1114,A
1-PB2,560,1105,0,1,0,1106,A
1-PB2,561,1102,1,2,0,1105,A
1-PB2,562,1,2,1102,0,1105,G
1-PB2,563,1087,0,0,0,1087,A
1-PB2,564,0,4,1096,0,1100,G
1-PB2,565,1092,0,1,0,1093,A
1-PB2,566,1095,0,1,0,1096,A
1-PB2,567,1093,0,1,0,1094,A
1-PB2,568,1092,0,1,0,1093,A
1-PB2,569,1104,0,2,0,1106,A
1-PB2,570,1104,0,1,0,1105,A
1-PB2,571,1,2,1106,0,1109,G
1-PB2,572,1103,0,0,1,1104,A
1-PB2,573,1091,0,5,1,1097,A
1-PB2,574,0,1,1105,0,1106,G
1-PB2,575,1109,0,0,0,1109,A
1-PB2,576,1107,0,2,0,1109,A
1-PB2,577,1,0,0,1118,1119,C
1-PB2,578,0,1099,0,0,1099,T
1-PB2,579,4,1,0,1101,1106,C
1-PB2,580,1,0,0,1104,1105,C
1-PB2,581,0,4,1100,0,1104,G
1-PB2,582,1098,0,1,1,1100,A
1-PB2,583,0,2,1102,0,1104,G
1-PB2,584,1101,0,0,0,1101,A
1-PB2,585,0,1097,0,2,1099,T
1-PB2,586,0,1080,0,3,1083,T
1-PB2,587,0,1,1090,0,1091,G
1-PB2,588,1,0,0,1088,1089,C
1-PB2,589,1090,1,0,1,1092,A
1-PB2,590,1090,1,0,0,1091,A
1-PB2,591,1091,0,0,0,1091,A
1-PB2,592,1096,0,2,0,1098,A
1-PB2,593,0,1098,0,0,1098,T
1-PB2,594,0,1090,0,1,1091,T
1-PB2,595,0,1092,0,0,1092,T
1-PB2,596,4,0,0,1090,1094,C
1-PB2,597,1,1097,0,0,1098,T
1-PB2,598,4,1,0,1139,1144,C
1-PB2,599,3,0,0,1151,1154,C
1-PB2,600,1,1,0,1209,1211,C
1-PB2,601,1,1209,0,0,1210,T
1-PB2,602,1,1223,0,1,1225,T
1-PB2,603,0,2,1230,0,1232,G
1-PB2,604,1233,0,0,1,1234,A
1-PB2,605,0,1262,0,0,1262,T
1-PB2,606,1,3,1270,0,1274,G
1-PB2,607,0,0,1374,1,1375,G
1-PB2,608,0,1397,0,1,1398,T
1-PB2,609,0,1386,0,2,1388,T
1-PB2,610,0,0,1474,0,1474,G
1-PB2,611,1,0,0,1478,1479,C
1-PB2,612,1506,0,1,0,1507,A
1-PB2,613,0,1510,0,0,1510,T
1-PB2,614,1521,0,2,1,1524,A
1-PB2,615,1,1,0,1592,1594,C
1-PB2,616,1724,0,0,3,1727,A
1-PB2,617,0,1757,0,1,1758,T
1-PB2,618,0,0,1834,0,1834,G
1-PB2,619,0,1816,1,3,1820,T
1-PB2,620,0,1820,0,0,1820,T
1-PB2,621,1810,0,0,0,1810,A
1-PB2,622,0,6,1803,0,1809,G
1-PB2,623,1824,1,2,0,1827,A
1-PB2,624,0,8,1838,0,1846,G
1-PB2,625,1763,1,0,0,1764,A
1-PB2,626,0,6,1769,0,1775,G
1-PB2,627,1733,0,2,0,1735,A
1-PB2,628,0,10,1731,0,1741,G
1-PB2,629,1747,0,2,0,1749,A
1-PB2,630,1754,0,2,0,1756,A
1-PB2,631,0,0,0,1759,1759,C
1-PB2,632,0,1754,0,2,1756,T
1-PB2,633,0,1748,0,0,1748,T
1-PB2,634,1,0,1751,0,1752,G
1-PB2,635,0,1753,0,1,1754,T
1-PB2,636,1751,0,2,0,1753,A
1-PB2,637,1,1,0,1740,1742,C
1-PB2,638,0,7,1740,0,1747,G
1-PB2,639,1754,0,1,0,1755,A
1-PB2,640,1751,0,0,0,1751,A
1-PB2,641,1772,0,0,0,1772,A
1-PB2,642,1772,0,2,0,1774,A
1-PB2,643,1766,1,3,1,1771,A
1-PB2,644,0,2,0,1776,1778,C
1-PB2,645,1776,0,0,0,1776,A
1-PB2,646,1777,1,3,0,1781,A
1-PB2,647,0,6,1790,0,1796,G
1-PB2,648,1797,0,0,0,1797,A
1-PB2,649,0,1792,0,0,1792,T
1-PB2,650,0,1777,0,2,1779,T
1-PB2,651,0,1792,0,1,1793,T
1-PB2,652,3,1,0,1791,1795,C
1-PB2,653,2,1786,0,2,1790,T
1-PB2,654,8,1,1,1788,1798,C
1-PB2,655,4,1,0,1786,1791,C
1-PB2,656,6,1,0,1794,1801,C
1-PB2,657,1795,0,1,0,1796,A
1-PB2,658,0,1,1813,0,1814,G
1-PB2,659,0,1810,0,3,1813,T
1-PB2,660,0,1800,0,1,1801,T
1-PB2,661,1,2,1807,0,1810,G
1-PB2,662,1,0,0,1806,1807,C
1-PB2,663,0,1804,0,2,1806,T
1-PB2,664,1,4,1801,0,1806,G
1-PB2,665,1,5,1794,0,1800,G
1-PB2,666,0,1,0,1799,1800,C
1-PB2,667,0,9,1794,0,1803,G
1-PB2,668,0,4,1820,0,1824,G
1-PB2,669,1827,0,2,0,1829,A
1-PB2,670,1839,0,0,1,1840,A
1-PB2,671,1,1,0,1840,1842,C
1-PB2,672,1851,0,1,0,1852,A
1-PB2,673,1848,0,3,1,1852,A
1-PB2,674,0,2,1924,0,1926,G
1-PB2,675,0,1,1,1966,1968,C
1-PB2,676,1979,1,0,0,1980,A
1-PB2,677,2,0,2403,0,2405,G
1-PB2,678,0,2399,0,0,2399,T
1-PB2,679,2409,0,7,0,2416,A
1-PB2,680,0,2412,1,0,2413,T
1-PB2,681,2415,0,0,0,2415,A
1-PB2,682,0,2410,0,2,2412,T
1-PB2,683,2360,0,0,0,2360,A
1-PB2,684,3,0,0,2381,2384,C
1-PB2,685,2265,1,0,1,2267,A
1-PB2,686,0,2140,1,2,2143,T
1-PB2,687,0,2073,0,1,2074,T
1-PB2,688,1,4,2072,1,2078,G
1-PB2,689,2080,0,1,0,2081,A
1-PB2,690,2075,0,0,0,2075,A
1-PB2,691,0,0,2106,0,2106,G
1-PB2,692,0,2093,1,0,2094,T
1-PB2,693,1,2078,0,0,2079,T
1-PB2,694,0,2073,1,4,2078,T
1-PB2,695,0,2084,0,0,2084,T
1-PB2,696,2107,0,2,0,2109,A
1-PB2,697,0,1,0,2121,2122,C
1-PB2,698,2126,0,0,0,2126,A
1-PB2,699,1,2121,0,2,2124,T
1-PB2,700,0,2108,0,0,2108,T
1-PB2,701,0,2109,0,0,2109,T
1-PB2,702,1,11,2132,0,2144,G
1-PB2,703,2158,1,0,0,2159,A
1-PB2,704,0,1,0,2168,2169,C
1-PB2,705,0,2155,2,0,2157,T
1-PB2,706,4,0,0,2156,2160,C
1-PB2,707,2151,1,3,0,2155,A
1-PB2,708,0,3,2133,0,2136,G
1-PB2,709,0,5,2175,0,2180,G
1-PB2,710,0,10,2174,0,2184,G
1-PB2,711,2181,0,3,0,2184,A
1-PB2,712,2185,0,4,0,2189,A
1-PB2,713,0,2,0,2179,2181,C
1-PB2,714,1,0,2194,0,2195,G
1-PB2,715,0,2192,0,1,2193,T
1-PB2,716,0,1,2209,0,2210,G
1-PB2,717,0,2189,0,1,2190,T
1-PB2,718,1,2180,0,1,2182,T
1-PB2,719,1,7,2180,0,2188,G
1-PB2,720,1,5,2178,0,2184,G
1-PB2,721,2,13,2198,0,2213,G
1-PB2,722,2205,0,1,0,2206,A
1-PB2,723,2197,1,1,0,2199,A
1-PB2,724,0,2,0,2255,2257,C
1-PB2,725,2237,1,0,0,2238,A
1-PB2,726,2295,0,0,0,2295,A
1-PB2,727,2300,1,0,0,2301,A
1-PB2,728,0,2307,0,0,2307,T
1-PB2,729,2,1,2335,0,2338,G
1-PB2,730,1,2310,0,2,2313,T
1-PB2,731,2321,0,2,0,2323,A
1-PB2,732,4,0,0,2327,2331,C
1-PB2,733,2280,0,3,0,2283,A
1-PB2,734,0,1,0,2284,2285,C
1-PB2,735,1,2211,0,8,2220,T
1-PB2,736,4,1,0,2342,2347,C
1-PB2,737,5,0,0,2348,2353,C
1-PB2,738,2388,1,1,0,2390,A
1-PB2,739,0,2,2403,0,2405,G
1-PB2,740,1,3,2450,0,2454,G
1-PB2,741,1,2436,3,0,2440,T
1-PB2,742,1,4,2443,0,2448,G
1-PB2,743,0,3,2379,0,2382,G
1-PB2,744,2348,0,1,0,2349,A
1-PB2,745,1,3,2357,0,2361,G
1-PB2,746,0,7,2355,0,2362,G
1-PB2,747,2315,0,0,0,2315,A
1-PB2,748,1,3,2330,0,2334,G
1-PB2,749,0,2273,0,0,2273,T
1-PB2,750,1,9,2271,0,2281,G
1-PB2,751,2280,1,3,0,2284,A
1-PB2,752,0,5,2281,1,2287,G
1-PB2,753,2,8,2282,0,2292,G
1-PB2,754,2279,1,0,0,2280,A
1-PB2,755,2280,0,2,0,2282,A
1-PB2,756,0,2275,0,0,2275,T
1-PB2,757,1,8,2263,0,2272,G
1-PB2,758,2262,2,6,0,2270,A
1-PB2,759,2,4,0,2260,2266,C
1-PB2,760,0,9,2256,0,2265,G
1-PB2,761,2294,2,1,0,2297,A
1-PB2,762,0,2278,0,1,2279,T
1-PB2,763,0,1,2285,0,2286,G
1-PB2,764,0,2284,0,0,2284,T
1-PB2,765,0,2270,0,0,2270,T
1-PB2,766,0,5,2283,0,2288,G
1-PB2,767,2285,0,5,0,2290,A
1-PB2,768,1,2,0,2287,2290,C
1-PB2,769,8,2,0,2272,2282,C
1-PB2,770,2257,0,0,0,2257,A
1-PB2,771,2259,0,1,1,2261,A
1-PB2,772,2266,0,1,0,2267,A
1-PB2,773,0,0,2316,0,2316,G
1-PB2,774,4,0,0,2314,2318,C
1-PB2,775,3,0,0,2310,2313,C
1-PB2,776,0,2324,2,2,2328,T
1-PB2,777,2329,0,2,1,2332,A
1-PB2,778,2330,0,1,0,2331,A
1-PB2,779,0,2334,0,0,2334,T
1-PB2,780,0,2325,0,0,2325,T
1-PB2,781,2298,0,1,0,2299,A
1-PB2,782,0,2245,0,3,2248,T
1-PB2,783,0,2232,0,5,2237,T
1-PB2,784,0,0,2230,0,2230,G
1-PB2,785,2,1,0,2221,2224,C
1-PB2,786,2,3,2212,0,2217,G
1-PB2,787,0,2,2245,0,2247,G
1-PB2,788,0,3,0,2242,2245,C
1-PB2,789,3,1,1,2251,2256,C
1-PB2,790,2247,2,2,0,2251,A
1-PB2,791,1,5,2271,0,2277,G
1-PB2,792,0,11,2286,0,2297,G
1-PB2,793,2301,0,0,0,2301,A
1-PB2,794,2309,0,1,0,2310,A
1-PB2,795,2,0,0,2325,2327,C
1-PB2,796,2274,0,4,0,2278,A
1-PB2,797,1,2297,1,1,2300,T
1-PB2,798,2325,0,1,0,2326,A
1-PB2,799,1,2,2345,0,2348,G
1-PB2,800,0,2313,0,0,2313,T
1-PB2,801,2295,0,1,0,2296,A
1-PB2,802,2288,1,1,0,2290,A
1-PB2,803,0,6,2290,0,2296,G
1-PB2,804,2279,0,1,0,2280,A
1-PB2,805,2249,0,0,0,2249,A
1-PB2,806,1,6,2223,1,2231,G
1-PB2,807,2145,0,0,0,2145,A
1-PB2,808,0,0,2145,0,2145,G
1-PB2,809,4,0,0,2138,2142,C
1-PB2,810,7,1,0,2124,2132,C
1-PB2,811,1,2,2135,0,2138,G
1-PB2,812,0,1,0,2158,2159,C
1-PB2,813,2159,1,2,0,2162,A
1-PB2,814,0,2,2283,0,2285,G
1-PB2,815,1,2272,0,0,2273,T
1-PB2,816,2274,0,1,0,2275,A
1-PB2,817,0,2260,0,3,2263,T
1-PB2,818,5,1,0,2271,2277,C
1-PB2,819,2263,1,1,1,2266,A
1-PB2,820,1,3,2269,0,2273,G
1-PB2,821,1,0,0,2261,2262,C
1-PB2,822,2163,0,0,0,2163,A
1-PB2,823,0,3,2135,0,2138,G
1-PB2,824,2149,1,1,0,2151,A
1-PB2,825,0,2131,0,2,2133,T
1-PB2,826,5,0,0,2139,2144,C
1-PB2,827,3,0,1,2149,2153,C
1-PB2,828,2154,1,4,1,2160,A
1-PB2,829,2,0,0,2166,2168,C
1-PB2,830,0,2159,0,1,2160,T
1-PB2,831,2157,0,5,0,2162,A
1-PB2,832,0,1,2162,0,2163,G
1-PB2,833,4,0,1,2120,2125,C
1-PB2,834,2137,0,0,0,2137,A
1-PB2,835,0,2145,0,1,2146,T
1-PB2,836,1,0,0,2167,2168,C
1-PB2,837,0,2148,1,1,2150,T
1-PB2,838,0,2190,0,1,2191,T
1-PB2,839,0,2196,0,1,2197,T
1-PB2,840,2193,0,1,0,2194,A
1-PB2,841,0,2201,1,1,2203,T
1-PB2,842,0,2180,0,3,2183,T
1-PB2,843,0,4,2181,0,2185,G
1-PB2,844,1,4,2182,0,2187,G
1-PB2,845,2129,1,4,0,2134,A
1-PB2,846,0,4,2139,0,2143,G
1-PB2,847,2123,0,2,0,2125,A
1-PB2,848,0,2113,0,1,2114,T
1-PB2,849,0,0,2150,0,2150,G
1-PB2,850,1,2132,0,1,2134,T
1-PB2,851,3,2,2126,1,2132,G
1-PB2,852,1,2106,0,7,2114,T
1-PB2,853,12,1,0,2107,2120,C
1-PB2,854,2125,1,0,0,2126,A
1-PB2,855,1,0,0,2126,2127,C
1-PB2,856,2079,1,4,0,2084,A
1-PB2,857,0,1,2107,0,2108,G
1-PB2,858,1,2,0,2048,2051,C
1-PB2,859,2045,0,0,1,2046,A
1-PB2,860,2,0,0,2041,2043,C
1-PB2,861,2037,0,1,0,2038,A
1-PB2,862,3,0,0,2047,2050,C
1-PB2,863,2054,0,0,0,2054,A
1-PB2,864,2049,0,1,0,2050,A
1-PB2,865,2050,0,1,0,2051,A
1-PB2,866,0,1993,0,0,1993,T
1-PB2,867,0,1991,0,0,1991,T
1-PB2,868,1,4,1980,0,1985,G
1-PB2,869,1,3,1976,0,1980,G
1-PB2,870,1,0,0,1976,1977,C
1-PB2,871,2,3,1954,0,1959,G
1-PB2,872,2,4,1984,0,1990,G
1-PB2,873,0,4,1995,0,1999,G
1-PB2,874,2002,0,1,0,2003,A
1-PB2,875,0,1,0,2006,2007,C
1-PB2,876,2005,0,2,0,2007,A
1-PB2,877,2014,0,1,1,2016,A
1-PB2,878,0,3,2025,0,2028,G
1-PB2,879,1,2,2022,0,2025,G
1-PB2,880,2034,0,3,0,2037,A
1-PB2,881,1,1939,0,2,1942,T
1-PB2,882,1,3,1881,0,1885,G
1-PB2,883,0,2,1895,0,1897,G
1-PB2,884,0,1867,0,1,1868,T
1-PB2,885,1,5,1859,0,1865,G
1-PB2,886,2,3,1849,1,1855,G
1-PB2,887,1809,1,1,0,1811,A
1-PB2,888,0,0,0,1806,1806,C
1-PB2,889,1766,0,1,0,1767,A
1-PB2,890,0,1947,0,1,1948,T
1-PB2,891,0,1935,0,1,1936,T
1-PB2,892,5,0,0,1925,1930,C
1-PB2,893,1,1902,0,1,1904,T
1-PB2,894,0,1899,0,0,1899,T
1-PB2,895,1902,0,0,0,1902,A
1-PB2,896,1,0,1915,0,1916,G
1-PB2,897,1909,0,1,0,1910,A
1-PB2,898,0,1,0,1909,1910,C
1-PB2,899,1451,0,2,0,1453,A
1-PB2,900,0,5,1466,0,1471,G
1-PB2,901,1463,0,1,0,1464,A
1-PB2,902,1468,0,1,0,1469,A
1-PB2,903,2,0,0,1466,1468,C
1-PB2,904,3,1,0,1463,1467,C
1-PB2,905,2,1,0,1456,1459,C
1-PB2,906,0,4,1454,0,1458,G
1-PB2,907,1453,0,1,0,1454,A
1-PB2,908,0,0,0,1475,1475,C
1-PB2,909,0,1433,0,2,1435,T
1-PB2,910,0,3,1437,0,1440,G
1-PB2,911,1434,0,1,1,1436,A
1-PB2,912,1448,0,0,0,1448,A
1-PB2,913,0,6,1451,0,1457,G
1-PB2,914,1447,0,0,0,1447,A
1-PB2,915,1446,0,2,0,1448,A
1-PB2,916,1,0,0,1447,1448,C
1-PB2,917,1441,0,0,0,1441,A
1-PB2,918,1440,0,4,0,1444,A
1-PB2,919,0,0,1450,0,1450,G
1-PB2,920,1,0,1,1465,1467,C
1-PB2,921,0,1454,0,1,1455,T
1-PB2,922,1,0,1472,0,1473,G
1-PB2,923,0,1467,0,3,1470,T
1-PB2,924,0,5,1491,0,1496,G
1-PB2,925,0,4,1548,0,1552,G
1-PB2,926,1553,0,4,0,1557,A
1-PB2,927,0,1552,1,1,1554,T
1-PB2,928,1551,0,0,0,1551,A
1-PB2,929,0,1538,0,0,1538,T
1-PB2,930,1580,0,0,0,1580,A
1-PB2,931,0,1557,1,1,1559,T
1-PB2,932,0,1,1555,0,1556,G
1-PB2,933,0,2,0,1534,1536,C
1-PB2,934,1466,0,1,0,1467,A
1-PB2,935,1462,0,2,0,1464,A
1-PB2,936,0,0,1460,0,1460,G
1-PB2,937,0,1,1461,0,1462,G
1-PB2,938,0,2,0,1459,1461,C
1-PB2,939,0,1427,0,2,1429,T
1-PB2,940,1,1,1431,1,1434,G
1-PB2,941,0,0,0,1434,1434,C
1-PB2,942,1433,0,1,0,1434,A
1-PB2,943,1441,0,1,0,1442,A
1-PB2,944,0,1434,0,0,1434,T
1-PB2,945,4,1,1433,0,1438,G
1-PB2,946,0,5,1423,0,1428,G
1-PB2,947,2,0,1428,0,1430,G
1-PB2,948,1433,0,2,1,1436,A
1-PB2,949,0,1430,0,0,1430,T
1-PB2,950,0,1420,0,0,1420,T
1-PB2,951,0,8,1417,0,1425,G
1-PB2,952,1417,1,1,0,1419,A
1-PB2,953,0,3,1441,0,1444,G
1-PB2,954,1427,0,1,0,1428,A
1-PB2,955,1417,0,0,0,1417,A
1-PB2,956,1,1403,0,1,1405,T
1-PB2,957,5,1,0,1411,1417,C
1-PB2,958,1410,1,3,0,1414,A
1-PB2,959,0,0,1427,0,1427,G
1-PB2,960,0,0,0,1422,1422,C
1-PB2,961,1,1411,0,1,1413,T
1-PB2,962,5,1,1,1401,1408,C
1-PB2,963,1410,0,0,0,1410,A
1-PB2,964,0,1442,0,2,1444,T
1-PB2,965,2,1,0,1448,1451,C
1-PB2,966,4,0,1,1459,1464,C
1-PB2,967,0,1454,0,2,1456,T
1-PB2,968,0,1455,0,1,1456,T
1-PB2,969,3,0,0,1453,1456,C
1-PB2,970,1455,0,0,0,1455,A
1-PB2,971,1,2,1467,0,1470,G
1-PB2,972,0,0,0,1471,1471,C
1-PB2,973,1,1448,0,0,1449,T
1-PB2,974,0,1448,0,0,1448,T
1-PB2,975,0,1445,1,0,1446,T
1-PB2,976,1,4,1444,0,1449,G
1-PB2,977,1,1,1443,0,1445,G
1-PB2,978,0,1441,0,2,1443,T
1-PB2,979,1,4,1445,0,1450,G
1-PB2,980,0,1,1439,0,1440,G
1-PB2,981,1,1,1454,0,1456,G
1-PB2,982,0,1452,0,1,1453,T
1-PB2,983,0,1446,0,2,1448,T
1-PB2,984,0,1447,0,2,1449,T
1-PB2,985,1455,0,2,0,1457,A
1-PB2,986,0,1,0,1461,1462,C
1-PB2,987,1461,0,0,0,1461,A
1-PB2,988,0,1456,0,0,1456,T
1-PB2,989,0,1427,0,1,1428,T
1-PB2,990,0,1424,1,0,1425,T
1-PB2,991,1423,0,0,0,1423,A
1-PB2,992,1423,0,0,0,1423,A
1-PB2,993,1422,0,0,1,1423,A
1-PB2,994,1412,0,3,0,1415,A
1-PB2,995,2,1,1418,0,1421,G
1-PB2,996,1402,0,0,0,1402,A
1-PB2,997,1402,1,1,0,1404,A
1-PB2,998,1,1,0,1410,1412,C
1-PB2,999,1396,0,1,0,1397,A
1-PB2,1000,1396,0,0,0,1396,A
1-PB2,1001,0,0,1397,0,1397,G
1-PB2,1002,1,0,0,1404,1405,C
1-PB2,1003,0,2,1398,1,1401,G
1-PB2,1004,1,1,1414,0,1416,G
1-PB2,1005,1,4,1415,0,1420,G
1-PB2,1006,0,1413,0,1,1414,T
1-PB2,1007,3,0,0,1407,1410,C
1-PB2,1008,1411,0,0,0,1411,A
1-PB2,1009,0,1398,0,2,1400,T
1-PB2,1010,4,0,0,1399,1403,C
1-PB2,1011,1397,1,1,0,1399,A
1-PB2,1012,0,0,1423,0,1423,G
1-PB2,1013,0,1405,0,0,1405,T
1-PB2,1014,4,1,0,1402,1407,C
1-PB2,1015,1408,0,1,0,1409,A
1-PB2,1016,1416,0,1,0,1417,A
1-PB2,1017,1411,0,0,0,1411,A
1-PB2,1018,1413,0,1,0,1414,A
1-PB2,1019,1421,0,0,0,1421,A
1-PB2,1020,1422,0,2,0,1424,A
1-PB2,1021,0,1,1430,0,1431,G
1-PB2,1022,1420,0,0,0,1420,A
1-PB2,1023,1414,0,3,0,1417,A
1-PB2,1024,0,2,1415,0,1417,G
1-PB2,1025,1407,0,1,0,1408,A
1-PB2,1026,1364,1,6,0,1371,A
1-PB2,1027,0,3,1367,0,1370,G
1-PB2,1028,1364,0,1,0,1365,A
1-PB2,1029,1,5,1362,0,1368,G
1-PB2,1030,1,0,1400,0,1401,G
1-PB2,1031,0,1401,0,1,1402,T
1-PB2,1032,0,0,1426,0,1426,G
1-PB2,1033,0,0,0,1428,1428,C
1-PB2,1034,0,1414,0,4,1418,T
1-PB2,1035,0,1426,0,1,1427,T
1-PB2,1036,1425,0,3,0,1428,A
1-PB2,1037,2,0,0,1424,1426,C
1-PB2,1038,1413,0,0,0,1413,A
1-PB2,1039,1,3,1416,0,1420,G
1-PB2,1040,1,1,1410,0,1412,G
1-PB2,1041,0,1,0,1395,1396,C
1-PB2,1042,1375,0,0,0,1375,A
1-PB2,1043,1387,1,1,0,1389,A
1-PB2,1044,0,1411,0,2,1413,T
1-PB2,1045,5,0,0,1419,1424,C
1-PB2,1046,0,1407,1,4,1412,T
1-PB2,1047,2,2,0,1409,1413,C
1-PB2,1048,4,0,0,1418,1422,C
1-PB2,1049,1416,0,1,0,1417,A
1-PB2,1050,1411,1,2,0,1414,A
1-PB2,1051,1422,1,1,1,1425,A
1-PB2,1052,0,1,0,1415,1416,C
1-PB2,1053,1358,0,0,0,1358,A
1-PB2,1054,0,1346,0,1,1347,T
1-PB2,1055,0,1337,0,0,1337,T
1-PB2,1056,1,5,1347,0,1353,G
1-PB2,1057,1353,0,2,0,1355,A
1-PB2,1058,1369,0,0,0,1369,A
1-PB2,1059,1369,0,1,0,1370,A
1-PB2,1060,1373,0,0,0,1373,A
1-PB2,1061,0,1383,0,0,1383,T
1-PB2,1062,1375,1,1,0,1377,A
1-PB2,1063,1374,3,0,0,1377,A
1-PB2,1064,0,3,1407,0,1410,G
1-PB2,1065,1377,1,0,0,1378,A
1-PB2,1066,1,2,1432,0,1435,G
1-PB2,1067,1,1410,0,3,1414,T
1-PB2,1068,1419,0,3,0,1422,A
1-PB2,1069,1,0,0,1452,1453,C
1-PB2,1070,1436,0,1,0,1437,A
1-PB2,1071,1,1435,0,1,1437,T
1-PB2,1072,0,4,1433,1,1438,G
1-PB2,1073,1396,0,6,0,1402,A
1-PB2,1074,0,4,1413,0,1417,G
1-PB2,1075,0,4,1415,0,1419,G
1-PB2,1076,2,2,1462,1,1467,G
1-PB2,1077,1,1,1472,0,1474,G
1-PB2,1078,0,1439,0,2,1441,T
1-PB2,1079,1442,0,0,1,1443,A
1-PB2,1080,0,1435,0,2,1437,T
1-PB2,1081,0,1,1444,0,1445,G
1-PB2,1082,1444,0,2,1,1447,A
1-PB2,1083,1,1,1440,0,1442,G
1-PB2,1084,0,6,1407,0,1413,G
1-PB2,1085,1313,0,0,0,1313,A
1-PB2,1086,0,1,1346,0,1347,G
1-PB2,1087,0,1342,0,1,1343,T
1-PB2,1088,0,1383,0,0,1383,T
1-PB2,1089,5,2,0,1393,1400,C
1-PB2,1090,1401,0,1,0,1402,A
1-PB2,1091,0,1,0,1405,1406,C
1-PB2,1092,1396,0,1,0,1397,A
1-PB2,1093,1396,0,0,0,1396,A
1-PB2,1094,0,1397,0,0,1397,T
1-PB2,1095,0,7,1368,0,1375,G
1-PB2,1096,0,2,1379,0,1381,G
1-PB2,1097,0,1339,0,1,1340,T
1-PB2,1098,0,1,1337,0,1338,G
1-PB2,1099,1,3,1339,0,1343,G
1-PB2,1100,2,3,1333,0,1338,G
1-PB2,1101,1,2,1353,1,1357,G
1-PB2,1102,1349,1,0,1,1351,A
1-PB2,1103,1350,0,0,0,1350,A
1-PB2,1104,1345,0,0,0,1345,A
1-PB2,1105,1317,0,3,1,1321,A
1-PB2,1106,2,3,1342,0,1347,G
1-PB2,1107,1334,0,2,0,1336,A
1-PB2,1108,2,2,1339,0,1343,G
1-PB2,1109,0,1,0,1337,1338,C
1-PB2,1110,1323,0,1,0,1324,A
1-PB2,1111,1331,0,0,0,1331,A
1-PB2,1112,2,0,0,1395,1397,C
1-PB2,1113,1389,0,3,1,1393,A
1-PB2,1114,1,0,1412,0,1413,G
1-PB2,1115,0,1,0,1402,1403,C
1-PB2,1116,0,1396,0,0,1396,T
1-PB2,1117,1453,0,0,0,1453,A
1-PB2,1118,0,1449,0,0,1449,T
1-PB2,1119,1455,2,2,0,1459,A
1-PB2,1120,0,0,1,1459,1460,C
1-PB2,1121,0,1394,0,0,1394,T
1-PB2,1122,1404,0,0,0,1404,A
1-PB2,1123,1368,1,1,0,1370,A
1-PB2,1124,0,3,1375,0,1378,G
1-PB2,1125,1373,0,0,0,1373,A
1-PB2,1126,1333,0,0,0,1333,A
1-PB2,1127,1330,0,2,0,1332,A
1-PB2,1128,1319,0,4,0,1323,A
1-PB2,1129,0,2,1336,0,1338,G
1-PB2,1130,1,1,0,1328,1330,C
1-PB2,1131,1321,0,2,0,1323,A
1-PB2,1132,1331,0,0,0,1331,A
1-PB2,1133,2,0,0,1329,1331,C
1-PB2,1134,2,1,0,1326,1329,C
1-PB2,1135,1333,0,0,0,1333,A
1-PB2,1136,1,0,1337,0,1338,G
1-PB2,1137,1336,1,1,0,1338,A
1-PB2,1138,1333,0,2,1,1336,A
1-PB2,1139,0,1,1349,0,1350,G
1-PB2,1140,1347,0,0,0,1347,A
1-PB2,1141,0,1336,0,0,1336,T
1-PB2,1142,0,1327,0,2,1329,T
1-PB2,1143,1,8,1328,0,1337,G
1-PB2,1144,0,1,1344,0,1345,G
1-PB2,1145,0,1340,0,3,1343,T
1-PB2,1146,1,1340,0,1,1342,T
1-PB2,1147,5,1,0,1342,1348,C
1-PB2,1148,1355,0,1,0,1356,A
1-PB2,1149,0,0,1400,0,1400,G
1-PB2,1150,0,1,3,1402,1406,C
1-PB2,1151,0,1396,0,5,1401,T
1-PB2,1152,2,0,1,1412,1415,C
1-PB2,1153,1393,0,1,0,1394,A
1-PB2,1154,0,1405,0,2,1407,T
1-PB2,1155,1408,0,0,0,1408,A
1-PB2,1156,0,2,1417,0,1419,G
1-PB2,1157,0,1349,0,0,1349,T
1-PB2,1158,1,2,1347,0,1350,G
1-PB2,1159,1314,0,1,0,1315,A
1-PB2,1160,0,0,1325,1,1326,G
1-PB2,1161,0,1310,0,0,1310,T
1-PB2,1162,0,1,1304,0,1305,G
1-PB2,1163,1,1,1308,1,1311,G
1-PB2,1164,1307,2,1,0,1310,A
1-PB2,1165,1296,0,1,2,1299,A
1-PB2,1166,0,3,1308,0,1311,G
1-PB2,1167,1288,0,2,6,1296,A
1-PB2,1168,0,3,1305,0,1308,G
1-PB2,1169,1284,0,0,0,1284,A
1-PB2,1170,2,10,0,1274,1286,C
1-PB2,1171,0,1,1286,0,1287,G
1-PB2,1172,1271,0,0,0,1271,A
1-PB2,1173,1292,0,3,0,1295,A
1-PB2,1174,1,1,0,1288,1290,C
1-PB2,1175,1281,0,1,0,1282,A
1-PB2,1176,2,1,1361,0,1364,G
1-PB2,1177,0,1350,0,1,1351,T
1-PB2,1178,4,0,0,1346,1350,C
1-PB2,1179,1349,0,0,0,1349,A
1-PB2,1180,1352,0,0,0,1352,A
1-PB2,1181,0,1352,0,0,1352,T
1-PB2,1182,1348,0,0,0,1348,A
1-PB2,1183,1,0,1351,0,1352,G
1-PB2,1184,0,1,0,1340,1341,C
1-PB2,1185,0,0,0,1291,1291,C
1-PB2,1186,2,3,1285,0,1290,G
1-PB2,1187,1295,0,0,0,1295,A
1-PB2,1188,1294,0,1,0,1295,A
1-PB2,1189,1,1,1315,0,1317,G
1-PB2,1190,0,0,0,1348,1348,C
1-PB2,1191,1345,0,2,0,1347,A
1-PB2,1192,1349,0,2,0,1351,A
1-PB2,1193,0,1355,0,0,1355,T
1-PB2,1194,1361,0,0,1,1362,A
1-PB2,1195,1376,0,0,2,1378,A
1-PB2,1196,0,1376,0,0,1376,T
1-PB2,1197,7,0,0,1354,1361,C
1-PB2,1198,2,1,1355,0,1358,G
1-PB2,1199,1,1322,0,1,1324,T
1-PB2,1200,1,3,1316,0,1320,G
1-PB2,1201,0,1,1326,0,1327,G
1-PB2,1202,1,2,0,1317,1320,C
1-PB2,1203,0,0,0,1328,1328,C
1-PB2,1204,1315,0,1,0,1316,A
1-PB2,1205,0,1321,0,0,1321,T
1-PB2,1206,0,2,1318,1,1321,G
1-PB2,1207,0,1,1341,0,1342,G
1-PB2,1208,0,1336,0,0,1336,T
1-PB2,1209,3,2,1340,0,1345,G
1-PB2,1210,0,1327,0,2,1329,T
1-PB2,1211,0,1342,0,2,1344,T
1-PB2,1212,0,1347,0,1,1348,T
1-PB2,1213,1,1351,0,0,1352,T
1-PB2,1214,3,1,0,1377,1381,C
1-PB2,1215,1377,0,1,0,1378,A
1-PB2,1216,1,0,0,1462,1463,C
1-PB2,1217,1431,1,0,0,1432,A
1-PB2,1218,1455,0,3,0,1458,A
1-PB2,1219,0,2,1462,0,1464,G
1-PB2,1220,1450,0,3,0,1453,A
1-PB2,1221,79,1,1387,0,1467,G
1-PB2,1222,1,4,1479,0,1484,G
1-PB2,1223,1473,0,2,0,1475,A
1-PB2,1224,0,1479,1,1,1481,T
1-PB2,1225,0,1456,0,0,1456,T
1-PB2,1226,1,1,1462,0,1464,G
1-PB2,1227,0,0,1,1440,1441,C
1-PB2,1228,1453,0,2,0,1455,A
1-PB2,1229,0,1468,0,0,1468,T
1-PB2,1230,0,2,1554,0,1556,G
1-PB2,1231,1553,0,3,0,1556,A
1-PB2,1232,0,1563,0,1,1564,T
1-PB2,1233,1553,0,0,0,1553,A
1-PB2,1234,1549,0,0,0,1549,A
1-PB2,1235,1548,0,0,1,1549,A
1-PB2,1236,1559,0,1,0,1560,A
1-PB2,1237,0,1,1563,0,1564,G
1-PB2,1238,1,1,0,1601,1603,C
1-PB2,1239,1650,0,0,0,1650,A
1-PB2,1240,0,2,1711,0,1713,G
1-PB2,1241,0,1707,0,1,1708,T
1-PB2,1242,0,1708,0,0,1708,T
1-PB2,1243,1708,0,0,1,1709,A
1-PB2,1244,0,0,1727,0,1727,G
1-PB2,1245,1710,0,1,0,1711,A
1-PB2,1246,0,4,1711,0,1715,G
1-PB2,1247,2,1,1704,0,1707,G
1-PB2,1248,0,1638,0,3,1641,T
1-PB2,1249,0,9,1660,0,1669,G
1-PB2,1250,1670,0,1,0,1671,A
1-PB2,1251,1,0,0,1675,1676,C
1-PB2,1252,1,0,0,1674,1675,C
1-PB2,1253,0,1644,1,3,1648,T
1-PB2,1254,1,6,1658,0,1665,G
1-PB2,1255,1654,2,1,0,1657,A
1-PB2,1256,1661,0,0,1,1662,A
1-PB2,1257,0,1660,1,1,1662,T
1-PB2,1258,1,1683,0,1,1685,T
1-PB2,1259,0,1688,0,0,1688,T
1-PB2,1260,3,2,1,1691,1697,C
1-PB2,1261,0,1,1696,1,1698,G
1-PB2,1262,0,1691,0,1,1692,T
1-PB2,1263,7,0,0,1694,1701,C
1-PB2,1264,1697,1,1,0,1699,A
1-PB2,1265,1700,2,1,0,1703,A
1-PB2,1266,0,0,0,1704,1704,C
1-PB2,1267,1685,0,1,0,1686,A
1-PB2,1268,0,4,1697,0,1701,G
1-PB2,1269,1693,0,6,0,1699,A
1-PB2,1270,0,1,1705,0,1706,G
1-PB2,1271,1,1,0,1698,1700,C
1-PB2,1272,1692,0,1,0,1693,A
1-PB2,1273,1717,0,3,0,1720,A
1-PB2,1274,1725,0,3,0,1728,A
1-PB2,1275,0,1719,0,1,1720,T
1-PB2,1276,2,0,0,1719,1721,C
1-PB2,1277,1698,0,1,1,1700,A
1-PB2,1278,0,1,1704,0,1705,G
1-PB2,1279,1,1,0,1704,1706,C
1-PB2,1280,0,6,1696,0,1702,G
1-PB2,1281,2,1,1784,0,1787,G
1-PB2,1282,0,1774,0,1,1775,T
1-PB2,1283,0,1774,1,1,1776,T
1-PB2,1284,2,5,1783,0,1790,G
1-PB2,1285,1789,0,3,0,1792,A
1-PB2,1286,1807,0,4,0,1811,A
1-PB2,1287,1,0,0,1824,1825,C
1-PB2,1288,8,0,0,1805,1813,C
1-PB2,1289,8,0,0,1831,1839,C
1-PB2,1290,0,0,0,1768,1768,C
1-PB2,1291,1780,0,3,1,1784,A
1-PB2,1292,0,1798,0,1,1799,T
1-PB2,1293,0,0,1808,0,1808,G
1-PB2,1294,1,1,0,1815,1817,C
1-PB2,1295,1805,0,0,0,1805,A
1-PB2,1296,0,1792,0,1,1793,T
1-PB2,1297,6,0,1,1777,1784,C
1-PB2,1298,1772,0,0,0,1772,A
1-PB2,1299,1,0,1813,0,1814,G
1-PB2,1300,1,2,0,1818,1821,C
1-PB2,1301,0,1811,1,2,1814,T
1-PB2,1302,0,1817,0,1,1818,T
1-PB2,1303,0,1809,0,1,1810,T
1-PB2,1304,1,1813,0,1,1815,T
1-PB2,1305,1817,0,0,0,1817,A
1-PB2,1306,1811,1,2,0,1814,A
1-PB2,1307,1,5,1813,0,1819,G
1-PB2,1308,1,3,1801,0,1805,G
1-PB2,1309,2,0,0,1797,1799,C
1-PB2,1310,1793,0,0,0,1793,A
1-PB2,1311,1,1793,0,1,1795,T
1-PB2,1312,0,1798,0,2,1800,T
1-PB2,1313,0,1802,0,0,1802,T
1-PB2,1314,0,1812,0,0,1812,T
1-PB2,1315,4,1,0,1807,1812,C
1-PB2,1316,1804,0,2,0,1806,A
1-PB2,1317,0,2,1809,0,1811,G
1-PB2,1318,1800,0,1,0,1801,A
1-PB2,1319,1807,0,1,0,1808,A
1-PB2,1320,1801,1,3,0,1805,A
1-PB2,1321,0,4,1813,0,1817,G
1-PB2,1322,1831,2,3,0,1836,A
1-PB2,1323,0,1828,1,1,1830,T
1-PB2,1324,3,1,1829,0,1833,G
1-PB2,1325,1,1,0,1830,1832,C
1-PB2,1326,0,6,1824,0,1830,G
1-PB2,1327,1834,0,1,0,1835,A
1-PB2,1328,1829,0,1,0,1830,A
1-PB2,1329,1829,0,2,0,1831,A
1-PB2,1330,1,4,1828,0,1833,G
1-PB2,1331,0,1796,0,5,1801,T
1-PB2,1332,1,4,1800,0,1805,G
1-PB2,1333,0,2,0,1799,1801,C
1-PB2,1334,0,1799,0,3,1802,T
1-PB2,1335,0,1803,0,0,1803,T
1-PB2,1336,0,1810,0,3,1813,T
1-PB2,1337,0,1788,1,24,1813,T
1-PB2,1338,1,1812,0,2,1815,T
1-PB2,1339,1,1,0,1809,1811,C
1-PB2,1340,1809,0,1,0,1810,A
1-PB2,1341,1823,0,2,0,1825,A
1-PB2,1342,1814,0,1,0,1815,A
1-PB2,1343,1828,0,0,0,1828,A
1-PB2,1344,0,1832,1,0,1833,T
1-PB2,1345,0,1826,1,1,1828,T
1-PB2,1346,1,1,1831,0,1833,G
1-PB2,1347,2,7,1826,0,1835,G
1-PB2,1348,0,2,1827,0,1829,G
1-PB2,1349,2,5,1849,0,1856,G
1-PB2,1350,1837,0,2,0,1839,A
1-PB2,1351,0,1,1859,0,1860,G
1-PB2,1352,0,1855,0,5,1860,T
1-PB2,1353,0,1847,0,2,1849,T
1-PB2,1354,1,7,1858,0,1866,G
1-PB2,1355,1865,1,1,0,1867,A
1-PB2,1356,1870,0,4,1,1875,A
1-PB2,1357,1,1,1,1866,1869,C
1-PB2,1358,1853,0,0,5,1858,A
1-PB2,1359,1845,0,0,1,1846,A
1-PB2,1360,1907,0,2,1,1910,A
1-PB2,1361,0,1911,0,0,1911,T
1-PB2,1362,5,0,0,1916,1921,C
1-PB2,1363,1,8,1906,0,1915,G
1-PB2,1364,1917,0,1,0,1918,A
1-PB2,1365,0,0,0,1917,1917,C
1-PB2,1366,1889,0,0,0,1889,A
1-PB2,1367,0,0,1943,0,1943,G
1-PB2,1368,2,1916,0,1,1919,T
1-PB2,1369,1,1,1952,0,1954,G
1-PB2,1370,0,1947,1,1,1949,T
1-PB2,1371,0,5,1941,1,1947,G
1-PB2,1372,1947,0,3,0,1950,A
1-PB2,1373,0,1950,1,0,1951,T
1-PB2,1374,2,3,1945,1,1951,G
1-PB2,1375,0,4,1943,1,1948,G
1-PB2,1376,0,3,1911,0,1914,G
1-PB2,1377,1901,0,2,0,1903,A
1-PB2,1378,1880,1,0,0,1881,A
1-PB2,1379,0,1882,0,1,1883,T
1-PB2,1380,1,4,1908,0,1913,G
1-PB2,1381,1912,0,0,0,1912,A
1-PB2,1382,1,1915,1,0,1917,T
1-PB2,1383,0,1908,1,1,1910,T
1-PB2,1384,1,7,1887,0,1895,G
1-PB2,1385,1,4,1927,0,1932,G
1-PB2,1386,1918,1,1,0,1920,A
1-PB2,1387,0,0,1951,0,1951,G
1-PB2,1388,0,1925,2,0,1927,T
1-PB2,1389,1913,0,0,0,1913,A
1-PB2,1390,0,1920,2,0,1922,T
1-PB2,1391,0,1942,1,0,1943,T
1-PB2,1392,1958,1,2,0,1961,A
1-PB2,1393,5,1,0,1960,1966,C
1-PB2,1394,9,0,0,1918,1927,C
1-PB2,1395,1905,0,1,0,1906,A
1-PB2,1396,1,5,1912,0,1918,G
1-PB2,1397,1975,1,2,0,1978,A
1-PB2,1398,0,1972,0,1,1973,T
1-PB2,1399,1958,0,3,0,1961,A
1-PB2,1400,0,1946,0,0,1946,T
1-PB2,1401,2,12,1922,0,1936,G
1-PB2,1402,1935,0,3,1,1939,A
1-PB2,1403,3,1,0,1951,1955,C
1-PB2,1404,0,1950,0,2,1952,T
1-PB2,1405,6,2,1,1947,1956,C
1-PB2,1406,1,1,0,1927,1929,C
1-PB2,1407,1932,0,1,0,1933,A
1-PB2,1408,1940,0,0,0,1940,A
1-PB2,1409,1,2,1981,0,1984,G
1-PB2,1410,1,1,0,1970,1972,C
1-PB2,1411,1980,0,1,0,1981,A
1-PB2,1412,1,1,0,1979,1981,C
1-PB2,1413,1955,2,0,0,1957,A
1-PB2,1414,1,5,1958,0,1964,G
1-PB2,1415,1960,0,0,0,1960,A
1-PB2,1416,1,3,1973,1,1978,G
1-PB2,1417,1986,0,3,0,1989,A
1-PB2,1418,0,1931,0,3,1934,T
1-PB2,1419,2,0,1965,1,1968,G
1-PB2,1420,0,1957,0,1,1958,T
1-PB2,1421,8,2,0,1935,1945,C
1-PB2,1422,1953,0,0,0,1953,A
1-PB2,1423,1946,1,1,0,1948,A
1-PB2,1424,0,1947,0,0,1947,T
1-PB2,1425,0,4,1939,0,1943,G
1-PB2,1426,1915,0,1,0,1916,A
1-PB2,1427,0,3,1928,0,1931,G
1-PB2,1428,1902,0,1,0,1903,A
1-PB2,1429,0,3,1912,0,1915,G
1-PB2,1430,1,3,2044,0,2048,G
1-PB2,1431,2045,0,1,0,2046,A
1-PB2,1432,2050,0,0,0,2050,A
1-PB2,1433,0,2049,0,1,2050,T
1-PB2,1434,2043,0,0,0,2043,A
1-PB2,1435,2044,1,2,0,2047,A
1-PB2,1436,0,2,2045,0,2047,G
1-PB2,1437,2033,0,1,0,2034,A
1-PB2,1438,1,2,2042,0,2045,G
1-PB2,1439,0,1922,0,0,1922,T
1-PB2,1440,3,0,1,1925,1929,C
1-PB2,1441,1928,1,3,0,1932,A
1-PB2,1442,1,2,1945,0,1948,G
1-PB2,1443,3,0,0,1963,1966,C
1-PB2,1444,1964,0,0,0,1964,A
1-PB2,1445,1971,1,0,0,1972,A
1-PB2,1446,1967,0,0,0,1967,A
1-PB2,1447,1968,1,0,0,1969,A
1-PB2,1448,0,1964,1,1,1966,T
1-PB2,1449,0,1,1965,0,1966,G
1-PB2,1450,0,6,1967,0,1973,G
1-PB2,1451,0,3,1988,0,1991,G
1-PB2,1452,0,1970,0,2,1972,T
1-PB2,1453,1,1,1964,0,1966,G
1-PB2,1454,1,1970,0,0,1971,T
1-PB2,1455,1,6,1969,1,1977,G
1-PB2,1456,0,4,2018,0,2022,G
1-PB2,1457,2016,0,2,1,2019,A
1-PB2,1458,0,2012,0,1,2013,T
1-PB2,1459,0,8,2025,0,2033,G
1-PB2,1460,2008,1,8,0,2017,A
1-PB2,1461,2023,0,2,0,2025,A
1-PB2,1462,0,2021,0,5,2026,T
1-PB2,1463,2012,0,0,0,2012,A
1-PB2,1464,0,0,0,2169,2169,C
1-PB2,1465,0,2112,0,5,2117,T
1-PB2,1466,5,0,0,2132,2137,C
1-PB2,1467,9,0,1,2130,2140,C
1-PB2,1468,2144,0,0,0,2144,A
1-PB2,1469,3,1,2215,0,2219,G
1-PB2,1470,0,2206,0,0,2206,T
1-PB2,1471,2224,0,1,0,2225,A
1-PB2,1472,0,0,0,2231,2231,C
1-PB2,1473,2018,1,2,0,2021,A
1-PB2,1474,4,4,2019,0,2027,G
1-PB2,1475,1980,1,0,0,1981,A
1-PB2,1476,0,3,1992,0,1995,G
1-PB2,1477,1948,0,1,0,1949,A
1-PB2,1478,1,0,1896,0,1897,G
1-PB2,1479,0,6,1890,0,1896,G
1-PB2,1480,0,0,1895,0,1895,G
1-PB2,1481,0,1857,1,0,1858,T
1-PB2,1482,0,12,1851,0,1863,G
1-PB2,1483,0,2,1866,0,1868,G
1-PB2,1484,0,1841,0,2,1843,T
1-PB2,1485,1,6,1892,0,1899,G
1-PB2,1486,0,0,1897,0,1897,G
1-PB2,1487,0,1848,0,0,1848,T
1-PB2,1488,0,1852,0,2,1854,T
1-PB2,1489,1821,0,0,0,1821,A
1-PB2,1490,0,1,1832,0,1833,G
1-PB2,1491,1,0,1,1829,1831,C
1-PB2,1492,1823,0,0,0,1823,A
1-PB2,1493,0,1816,0,1,1817,T
1-PB2,1494,0,1728,0,1,1729,T
1-PB2,1495,1,7,1715,0,1723,G
1-PB2,1496,1722,2,1,0,1725,A
1-PB2,1497,0,1725,0,1,1726,T
1-PB2,1498,4,0,0,1724,1728,C
1-PB2,1499,0,5,1710,0,1715,G
1-PB2,1500,0,0,1772,0,1772,G
1-PB2,1501,0,1759,0,0,1759,T
1-PB2,1502,1,1752,0,1,1754,T
1-PB2,1503,0,1759,0,2,1761,T
1-PB2,1504,3,1752,0,0,1755,T
1-PB2,1505,0,1754,1,3,1758,T
1-PB2,1506,0,1,1760,0,1761,G
1-PB2,1507,1747,1,4,0,1752,A
1-PB2,1508,0,2,1755,1,1758,G
1-PB2,1509,1687,0,1,0,1688,A
1-PB2,1510,0,0,1709,0,1709,G
1-PB2,1511,1,1704,0,1,1706,T
1-PB2,1512,0,1705,0,1,1706,T
1-PB2,1513,3,0,0,1703,1706,C
1-PB2,1514,0,5,1702,0,1707,G
1-PB2,1515,1707,0,4,0,1711,A
1-PB2,1516,0,4,1707,1,1712,G
1-PB2,1517,1708,0,2,0,1710,A
1-PB2,1518,1,0,0,1701,1702,C
1-PB2,1519,6,1,0,1673,1680,C
1-PB2,1520,1668,1,1,0,1670,A
1-PB2,1521,1694,0,3,0,1697,A
1-PB2,1522,0,0,0,1700,1700,C
1-PB2,1523,1,1,1710,0,1712,G
1-PB2,1524,0,1707,0,1,1708,T
1-PB2,1525,0,4,1700,0,1704,G
1-PB2,1526,0,1,1713,0,1714,G
1-PB2,1527,1,3,1707,0,1711,G
1-PB2,1528,1697,0,0,0,1697,A
1-PB2,1529,1705,1,1,0,1707,A
1-PB2,1530,0,1661,0,0,1661,T
1-PB2,1531,0,2,1755,0,1757,G
1-PB2,1532,1,1743,0,3,1747,T
1-PB2,1533,1756,0,0,0,1756,A
1-PB2,1534,0,1754,1,1,1756,T
1-PB2,1535,0,1733,0,1,1734,T
1-PB2,1536,1782,0,1,0,1783,A
1-PB2,1537,0,1765,0,1,1766,T
1-PB2,1538,0,1759,0,0,1759,T
1-PB2,1539,1758,0,0,0,1758,A
1-PB2,1540,1,1577,0,7,1585,T
1-PB2,1541,3,1,0,1659,1663,C
1-PB2,1542,0,1634,0,2,1636,T
1-PB2,1543,3,1,1,1637,1642,C
1-PB2,1544,1,0,1,1644,1646,C
1-PB2,1545,0,1599,0,0,1599,T
1-PB2,1546,0,2,1609,0,1611,G
1-PB2,1547,1603,0,0,0,1603,A
1-PB2,1548,1,0,1604,0,1605,G
1-PB2,1549,0,2,1599,0,1601,G
1-PB2,1550,1454,0,2,0,1456,A
1-PB2,1551,0,0,1467,0,1467,G
1-PB2,1552,1,1,1467,0,1469,G
1-PB2,1553,0,1422,0,1,1423,T
1-PB2,1554,6,0,0,1424,1430,C
1-PB2,1555,1407,0,1,0,1408,A
1-PB2,1556,0,1,1436,0,1437,G
1-PB2,1557,0,1433,0,1,1434,T
1-PB2,1558,1,0,1432,0,1433,G
1-PB2,1559,1432,0,3,0,1435,A
1-PB2,1560,1389,0,1,0,1390,A
1-PB2,1561,1393,0,1,0,1394,A
1-PB2,1562,0,0,0,1394,1394,C
1-PB2,1563,1381,0,0,0,1381,A
1-PB2,1564,0,0,0,1383,1383,C
1-PB2,1565,1324,0,2,0,1326,A
1-PB2,1566,0,3,1327,0,1330,G
1-PB2,1567,1,7,1321,0,1329,G
1-PB2,1568,0,2,1343,0,1345,G
1-PB2,1569,1338,0,0,1,1339,A
1-PB2,1570,1329,0,0,0,1329,A
1-PB2,1571,0,0,0,1345,1345,C
1-PB2,1572,0,1329,0,1,1330,T
1-PB2,1573,0,3,1330,0,1333,G
1-PB2,1574,1314,1,2,0,1317,A
1-PB2,1575,0,2,1326,0,1328,G
1-PB2,1576,1303,0,3,0,1306,A
1-PB2,1577,0,2,1252,0,1254,G
1-PB2,1578,1249,1,0,0,1250,A
1-PB2,1579,1,0,0,1248,1249,C
1-PB2,1580,0,1211,0,0,1211,T
1-PB2,1581,0,1,1247,0,1248,G
1-PB2,1582,1240,0,2,0,1242,A
1-PB2,1583,0,0,1,1245,1246,C
1-PB2,1584,1237,0,0,0,1237,A
1-PB2,1585,1240,0,0,0,1240,A
1-PB2,1586,1,1237,0,0,1238,T
1-PB2,1587,1255,0,0,0,1255,A
1-PB2,1588,1257,0,1,0,1258,A
1-PB2,1589,0,0,0,1264,1264,C
1-PB2,1590,0,1178,0,0,1178,T
1-PB2,1591,0,1162,0,0,1162,T
1-PB2,1592,1153,0,1,0,1154,A
1-PB2,1593,0,1148,0,1,1149,T
1-PB2,1594,0,1145,0,0,1145,T
1-PB2,1595,3,0,0,1137,1140,C
1-PB2,1596,1077,1,0,1,1079,A
1-PB2,1597,1,1076,0,0,1077,T
1-PB2,1598,2,1,0,1041,1044,C
1-PB2,1599,0,2,1049,0,1051,G
1-PB2,1600,0,1051,0,3,1054,T
1-PB2,1601,5,0,0,1042,1047,C
1-PB2,1602,1,1,1044,0,1046,G
1-PB2,1603,1047,0,0,0,1047,A
1-PB2,1604,2,1047,0,0,1049,T
1-PB2,1605,0,1,1047,0,1048,G
1-PB2,1606,1051,0,1,0,1052,A
1-PB2,1607,0,1052,0,0,1052,T
1-PB2,1608,2,0,1053,0,1055,G
1-PB2,1609,0,1021,0,0,1021,T
1-PB2,1610,3,6,1003,0,1012,G
1-PB2,1611,0,3,1016,0,1019,G
1-PB2,1612,0,0,1012,0,1012,G
1-PB2,1613,996,0,1,0,997,A
1-PB2,1614,1,1,995,0,997,G
1-PB2,1615,943,1,0,0,944,A
1-PB2,1616,0,917,0,0,917,T
1-PB2,1617,0,889,0,0,889,T
1-PB2,1618,883,0,1,0,884,A
1-PB2,1619,883,0,0,1,884,A
1-PB2,1620,1,0,0,880,881,C
1-PB2,1621,1,1,838,0,840,G
1-PB2,1622,4,1,851,0,856,G
1-PB2,1623,0,804,0,1,805,T
1-PB2,1624,2,0,0,793,795,C
1-PB2,1625,4,0,0,790,794,C
1-PB2,1626,0,752,0,1,753,T
1-PB2,1627,0,4,757,0,761,G
1-PB2,1628,756,0,1,1,758,A
1-PB2,1629,0,0,759,0,759,G
1-PB2,1630,0,760,0,1,761,T
1-PB2,1631,5,0,0,730,735,C
1-PB2,1632,1,0,730,0,731,G
1-PB2,1633,0,0,751,0,751,G
1-PB2,1634,0,748,0,1,749,T
1-PB2,1635,1,746,0,0,747,T
1-PB2,1636,0,746,0,0,746,T
1-PB2,1637,0,741,0,0,741,T
1-PB2,1638,0,1,761,0,762,G
1-PB2,1639,0,0,770,1,771,G
1-PB2,1640,0,773,0,0,773,T
1-PB2,1641,3,0,0,769,772,C
1-PB2,1642,761,0,0,0,761,A
1-PB2,1643,786,0,1,0,787,A
1-PB2,1644,0,785,0,0,785,T
1-PB2,1645,793,0,0,0,793,A
1-PB2,1646,0,2,0,807,809,C
1-PB2,1647,1,0,0,778,779,C
1-PB2,1648,0,776,1,0,777,T
1-PB2,1649,792,1,0,0,793,A
1-PB2,1650,0,789,0,0,789,T
1-PB2,1651,1,0,0,794,795,C
1-PB2,1652,767,0,0,1,768,A
1-PB2,1653,770,0,0,0,770,A
1-PB2,1654,0,765,0,0,765,T
1-PB2,1655,0,2,744,0,746,G
1-PB2,1656,0,1,747,0,748,G
1-PB2,1657,735,0,1,1,737,A
1-PB2,1658,0,718,0,1,719,T
1-PB2,1659,4,1,0,713,718,C
1-PB2,1660,718,0,0,0,718,A
1-PB2,1661,0,722,0,0,722,T
1-PB2,1662,1,1,0,719,721,C
1-PB2,1663,722,0,0,0,722,A
1-PB2,1664,1,0,720,0,721,G
1-PB2,1665,718,1,0,0,719,A
1-PB2,1666,722,0,0,0,722,A
1-PB2,1667,725,0,0,0,725,A
1-PB2,1668,0,729,0,0,729,T
1-PB2,1669,0,726,0,0,726,T
1-PB2,1670,0,1,721,0,722,G
1-PB2,1671,0,0,719,0,719,G
1-PB2,1672,0,2,719,0,721,G
1-PB2,1673,716,0,1,0,717,A
1-PB2,1674,718,0,0,0,718,A
1-PB2,1675,57,1,660,0,718,G
1-PB2,1676,1,1,0,718,720,C
1-PB2,1677,0,716,0,0,716,T
1-PB2,1678,0,1,728,0,729,G
1-PB2,1679,1,724,0,0,725,T
1-PB2,1680,3,1,0,721,725,C
1-PB2,1681,726,0,0,0,726,A
1-PB2,1682,725,0,0,0,725,A
1-PB2,1683,724,0,0,0,724,A
1-PB2,1684,726,0,0,1,727,A
1-PB2,1685,0,729,0,0,729,T
1-PB2,1686,0,723,0,1,724,T
1-PB2,1687,3,0,0,723,726,C
1-PB2,1688,717,1,0,0,718,A
1-PB2,1689,715,0,0,0,715,A
1-PB2,1690,0,716,0,0,716,T
1-PB2,1691,0,4,712,0,716,G
1-PB2,1692,0,2,720,0,722,G
1-PB2,1693,0,726,0,1,727,T
1-PB2,1694,1,0,0,733,734,C
1-PB2,1695,1,731,0,1,733,T
1-PB2,1696,3,0,0,733,736,C
1-PB2,1697,737,0,0,0,737,A
1-PB2,1698,0,2,750,0,752,G
1-PB2,1699,750,0,0,0,750,A
1-PB2,1700,757,0,1,0,758,A
1-PB2,1701,0,754,0,0,754,T
1-PB2,1702,2,0,0,747,749,C
1-PB2,1703,2,0,0,724,726,C
1-PB2,1704,0,727,0,1,728,T
1-PB2,1705,715,0,0,0,715,A
1-PB2,1706,1,0,0,732,733,C
1-PB2,1707,734,0,0,0,734,A
1-PB2,1708,751,0,0,0,751,A
1-PB2,1709,0,733,0,0,733,T
1-PB2,1710,0,1,749,0,750,G
1-PB2,1711,0,749,0,0,749,T
1-PB2,1712,0,713,0,0,713,T
1-PB2,1713,0,0,725,0,725,G
1-PB2,1714,0,723,0,1,724,T
1-PB2,1715,723,0,0,0,723,A
1-PB2,1716,0,0,0,726,726,C
1-PB2,1717,693,0,2,0,695,A
1-PB2,1718,701,0,0,0,701,A
1-PB2,1719,0,2,0,693,695,C
1-PB2,1720,684,0,0,0,684,A
1-PB2,1721,681,1,0,0,682,A
1-PB2,1722,663,0,0,0,663,A
1-PB2,1723,668,0,0,0,668,A
1-PB2,1724,0,668,0,0,668,T
1-PB2,1725,0,0,669,0,669,G
1-PB2,1726,0,3,670,0,673,G
1-PB2,1727,674,0,0,0,674,A
1-PB2,1728,676,0,1,0,677,A
1-PB2,1729,0,675,0,1,676,T
1-PB2,1730,0,677,0,0,677,T
1-PB2,1731,0,677,0,1,678,T
1-PB2,1732,0,2,676,0,678,G
1-PB2,1733,680,0,1,0,681,A
1-PB2,1734,681,0,0,0,681,A
1-PB2,1735,1,0,0,679,680,C
1-PB2,1736,5,0,0,656,661,C
1-PB2,1737,667,0,0,0,667,A
1-PB2,1738,0,675,0,0,675,T
1-PB2,1739,0,674,0,0,674,T
1-PB2,1740,0,675,0,1,676,T
1-PB2,1741,1,1,0,674,676,C
1-PB2,1742,680,0,0,0,680,A
1-PB2,1743,681,0,0,0,681,A
1-PB2,1744,0,677,0,1,678,T
1-PB2,1745,1,0,0,699,700,C
1-PB2,1746,0,687,0,1,688,T
1-PB2,1747,0,686,0,0,686,T
1-PB2,1748,0,689,0,0,689,T
1-PB2,1749,688,0,0,0,688,A
1-PB2,1750,0,0,690,0,690,G
1-PB2,1751,0,686,0,0,686,T
1-PB2,1752,2,0,0,699,701,C
1-PB2,1753,0,1,0,700,701,C
1-PB2,1754,0,2,0,689,691,C
1-PB2,1755,2,0,0,685,687,C
1-PB2,1756,686,0,0,0,686,A
1-PB2,1757,684,0,0,0,684,A
1-PB2,1758,0,0,699,0,699,G
1-PB2,1759,0,1,692,0,693,G
1-PB2,1760,0,2,0,691,693,C
1-PB2,1761,1,0,0,682,683,C
1-PB2,1762,681,1,0,0,682,A
1-PB2,1763,0,693,0,0,693,T
1-PB2,1764,0,695,0,0,695,T
1-PB2,1765,694,0,1,0,695,A
1-PB2,1766,0,0,691,1,692,G
1-PB2,1767,675,0,0,0,675,A
1-PB2,1768,707,0,1,0,708,A
1-PB2,1769,0,0,712,0,712,G
1-PB2,1770,0,0,0,719,719,C
1-PB2,1771,2,0,0,716,718,C
1-PB2,1772,710,0,0,0,710,A
1-PB2,1773,728,0,0,0,728,A
1-PB2,1774,0,727,0,1,728,T
1-PB2,1775,731,0,1,0,732,A
1-PB2,1776,0,0,0,734,734,C
1-PB2,1777,686,0,0,0,686,A
1-PB2,1778,1,2,683,0,686,G
1-PB2,1779,0,671,0,0,671,T
1-PB2,1780,0,1,668,0,669,G
1-PB2,1781,0,2,670,0,672,G
1-PB2,1782,0,2,676,0,678,G
1-PB2,1783,0,675,0,0,675,T
1-PB2,1784,0,672,0,2,674,T
1-PB2,1785,0,678,0,0,678,T
1-PB2,1786,0,0,685,0,685,G
1-PB2,1787,0,685,0,0,685,T
1-PB2,1788,5,0,0,677,682,C
1-PB2,1789,670,1,1,0,672,A
1-PB2,1790,0,1,674,0,675,G
1-PB2,1791,671,0,0,0,671,A
1-PB2,1792,675,0,0,0,675,A
1-PB2,1793,1,0,0,668,669,C
1-PB2,1794,0,654,0,0,654,T
1-PB2,1795,0,0,0,674,674,C
1-PB2,1796,0,676,0,1,677,T
1-PB2,1797,687,1,1,0,689,A
1-PB2,1798,0,685,1,1,687,T
1-PB2,1799,0,688,0,0,688,T
1-PB2,1800,1,0,0,689,690,C
1-PB2,1801,1,0,0,691,692,C
1-PB2,1802,690,0,0,0,690,A
1-PB2,1803,692,0,1,0,693,A
1-PB2,1804,1,0,0,690,691,C
1-PB2,1805,686,0,0,0,686,A
1-PB2,1806,687,0,0,1,688,A
1-PB2,1807,694,0,0,0,694,A
1-PB2,1808,0,696,0,0,696,T
1-PB2,1809,0,2,697,0,699,G
1-PB2,1810,687,0,3,0,690,A
1-PB2,1811,0,1,693,0,694,G
1-PB2,1812,689,0,0,0,689,A
1-PB2,1813,0,0,694,0,694,G
1-PB2,1814,687,0,2,0,689,A
1-PB2,1815,0,1,0,687,688,C
1-PB2,1816,0,1,693,0,694,G
1-PB2,1817,0,695,0,0,695,T
1-PB2,1818,707,0,0,0,707,A
1-PB2,1819,1,0,0,710,711,C
1-PB2,1820,0,702,0,0,702,T
1-PB2,1821,0,703,0,0,703,T
1-PB2,1822,1,1,697,0,699,G
1-PB2,1823,0,1,698,1,700,G
1-PB2,1824,0,1,703,0,704,G
1-PB2,1825,700,1,0,0,701,A
1-PB2,1826,0,1,0,704,705,C
1-PB2,1827,706,0,0,0,706,A
1-PB2,1828,0,705,0,0,705,T
1-PB2,1829,0,704,0,0,704,T
1-PB2,1830,0,703,0,0,703,T
1-PB2,1831,0,1,701,0,702,G
1-PB2,1832,700,0,2,0,702,A
1-PB2,1833,0,0,0,700,700,C
1-PB2,1834,698,0,2,0,700,A
1-PB2,1835,1,0,1,709,711,C
1-PB2,1836,4,0,0,699,703,C
1-PB2,1837,712,0,0,0,712,A
1-PB2,1838,1,0,0,713,714,C
1-PB2,1839,1,0,0,715,716,C
1-PB2,1840,1,0,1,714,716,C
1-PB2,1841,715,0,0,0,715,A
1-PB2,1842,0,2,716,0,718,G
1-PB2,1843,710,0,0,0,710,A
1-PB2,1844,0,742,0,0,742,T
1-PB2,1845,732,0,0,0,732,A
1-PB2,1846,728,0,0,1,729,A
1-PB2,1847,1,723,0,0,724,T
1-PB2,1848,722,0,0,0,722,A
1-PB2,1849,724,0,0,0,724,A
1-PB2,1850,715,0,0,0,715,A
1-PB2,1851,0,0,721,0,721,G
1-PB2,1852,0,0,0,715,715,C
1-PB2,1853,0,677,0,0,677,T
1-PB2,1854,1,678,0,0,679,T
1-PB2,1855,2,0,0,680,682,C
1-PB2,1856,0,675,0,1,676,T
1-PB2,1857,2,0,0,699,701,C
1-PB2,1858,2,0,0,697,699,C
1-PB2,1859,2,0,0,704,706,C
1-PB2,1860,0,709,0,0,709,T
1-PB2,1861,0,707,0,0,707,T
1-PB2,1862,0,706,0,0,706,T
1-PB2,1863,0,703,0,0,703,T
1-PB2,1864,0,1,704,0,705,G
1-PB2,1865,0,1,0,702,703,C
1-PB2,1866,691,0,0,0,691,A
1-PB2,1867,0,0,694,0,694,G
1-PB2,1868,0,0,0,689,689,C
1-PB2,1869,0,685,0,2,687,T
1-PB2,1870,0,0,694,0,694,G
1-PB2,1871,0,0,0,693,693,C
1-PB2,1872,0,690,0,4,694,T
1-PB2,1873,1,1,0,700,702,C
1-PB2,1874,1,0,0,703,704,C
1-PB2,1875,707,0,0,0,707,A
1-PB2,1876,1,0,0,708,709,C
1-PB2,1877,3,0,0,701,704,C
1-PB2,1878,698,0,0,0,698,A
1-PB2,1879,696,0,0,0,696,A
1-PB2,1880,700,0,0,1,701,A
1-PB2,1881,0,1,709,0,710,G
1-PB2,1882,0,0,0,709,709,C
1-PB2,1883,690,0,0,0,690,A
1-PB2,1884,688,0,1,0,689,A
1-PB2,1885,687,0,0,0,687,A
1-PB2,1886,1,0,699,0,700,G
1-PB2,1887,1,0,0,699,700,C
1-PB2,1888,689,0,0,0,689,A
1-PB2,1889,0,0,689,0,689,G
1-PB2,1890,682,0,2,0,684,A
1-PB2,1891,694,0,0,0,694,A
1-PB2,1892,0,695,0,0,695,T
1-PB2,1893,0,0,692,0,692,G
1-PB2,1894,0,0,0,691,691,C
1-PB2,1895,681,0,0,0,681,A
1-PB2,1896,0,1,687,0,688,G
1-PB2,1897,0,686,0,1,687,T
1-PB2,1898,0,713,0,0,713,T
1-PB2,1899,1,1,0,716,718,C
1-PB2,1900,0,706,0,0,706,T
1-PB2,1901,2,0,0,723,725,C
1-PB2,1902,0,724,0,0,724,T
1-PB2,1903,0,722,0,0,722,T
1-PB2,1904,2,0,0,723,725,C
1-PB2,1905,714,1,1,0,716,A
1-PB2,1906,1,0,0,715,716,C
1-PB2,1907,0,693,0,0,693,T
1-PB2,1908,0,3,701,0,704,G
1-PB2,1909,702,0,0,0,702,A
1-PB2,1910,1,0,0,717,718,C
1-PB2,1911,0,711,0,0,711,T
1-PB2,1912,1,1,721,0,723,G
1-PB2,1913,1,716,0,0,717,T
1-PB2,1914,0,1,730,0,731,G
1-PB2,1915,731,0,0,0,731,A
1-PB2,1916,739,0,0,0,739,A
1-PB2,1917,0,720,0,0,720,T
1-PB2,1918,0,1,721,0,722,G
1-PB2,1919,0,694,1,1,696,T
1-PB2,1920,0,2,697,0,699,G
1-PB2,1921,681,0,1,0,682,A
1-PB2,1922,0,0,684,0,684,G
1-PB2,1923,1,2,680,0,683,G
1-PB2,1924,1,1,676,0,678,G
1-PB2,1925,0,2,710,0,712,G
1-PB2,1926,706,1,0,0,707,A
1-PB2,1927,0,703,0,0,703,T
1-PB2,1928,0,1,0,705,706,C
1-PB2,1929,697,0,1,0,698,A
1-PB2,1930,0,5,703,1,709,G
1-PB2,1931,0,1,706,0,707,G
1-PB2,1932,1,5,702,0,708,G
1-PB2,1933,706,0,0,0,706,A
1-PB2,1934,0,673,0,0,673,T
1-PB2,1935,0,1,672,0,673,G
1-PB2,1936,671,1,0,0,672,A
1-PB2,1937,0,2,683,0,685,G
1-PB2,1938,681,0,0,0,681,A
1-PB2,1939,672,0,0,0,672,A
1-PB2,1940,0,682,0,0,682,T
1-PB2,1941,680,0,0,0,680,A
1-PB2,1942,1,0,0,689,690,C
1-PB2,1943,0,681,0,1,682,T
1-PB2,1944,0,685,0,0,685,T
1-PB2,1945,0,0,687,0,687,G
1-PB2,1946,0,669,0,0,669,T
1-PB2,1947,669,0,0,0,669,A
1-PB2,1948,661,1,2,0,664,A
1-PB2,1949,0,0,651,0,651,G
1-PB2,1950,0,1,651,0,652,G
1-PB2,1951,0,2,639,0,641,G
1-PB2,1952,0,0,642,0,642,G
1-PB2,1953,0,0,0,647,647,C
1-PB2,1954,645,0,0,0,645,A
1-PB2,1955,658,0,0,0,658,A
1-PB2,1956,0,660,0,0,660,T
1-PB2,1957,0,660,0,0,660,T
1-PB2,1958,5,0,0,663,668,C
1-PB2,1959,1,654,0,2,657,T
1-PB2,1960,1,2,0,672,675,C
1-PB2,1961,2,2,0,668,672,C
1-PB2,1962,0,673,0,1,674,T
1-PB2,1963,0,0,689,0,689,G
1-PB2,1964,0,662,0,0,662,T
1-PB2,1965,666,0,0,0,666,A
1-PB2,1966,0,664,0,0,664,T
1-PB2,1967,0,646,0,3,649,T
1-PB2,1968,2,0,0,654,656,C
1-PB2,1969,646,0,0,0,646,A
1-PB2,1970,659,1,0,0,660,A
1-PB2,1971,0,0,0,662,662,C
1-PB2,1972,0,647,0,0,647,T
1-PB2,1973,648,0,0,0,648,A
1-PB2,1974,0,0,0,679,679,C
1-PB2,1975,676,0,0,0,676,A
1-PB2,1976,674,0,1,0,675,A
1-PB2,1977,0,0,0,676,676,C
1-PB2,1978,668,1,0,0,669,A
1-PB2,1979,660,0,1,0,661,A
1-PB2,1980,0,3,660,0,663,G
1-PB2,1981,664,0,1,0,665,A
1-PB2,1982,2,0,0,665,667,C
1-PB2,1983,4,0,0,650,654,C
1-PB2,1984,646,0,1,0,647,A
1-PB2,1985,0,0,0,674,674,C
1-PB2,1986,0,670,0,0,670,T
1-PB2,1987,673,0,0,0,673,A
1-PB2,1988,671,0,0,0,671,A
1-PB2,1989,667,0,0,0,667,A
1-PB2,1990,666,0,1,0,667,A
1-PB2,1991,0,2,675,1,678,G
1-PB2,1992,670,0,0,0,670,A
1-PB2,1993,0,0,0,675,675,C
1-PB2,1994,0,653,0,1,654,T
1-PB2,1995,654,0,0,1,655,A
1-PB2,1996,654,1,0,0,655,A
1-PB2,1997,0,1,0,656,657,C
1-PB2,1998,655,0,0,0,655,A
1-PB2,1999,653,1,0,0,654,A
1-PB2,2000,0,643,0,1,644,T
1-PB2,2001,0,638,0,0,638,T
1-PB2,2002,2,0,0,636,638,C
1-PB2,2003,0,635,0,0,635,T
1-PB2,2004,1,0,0,638,639,C
1-PB2,2005,0,2,635,1,638,G
1-PB2,2006,0,1,640,0,641,G
1-PB2,2007,638,0,1,0,639,A
1-PB2,2008,637,0,0,0,637,A
1-PB2,2009,637,0,0,0,637,A
1-PB2,2010,634,0,1,1,636,A
1-PB2,2011,0,1,638,0,639,G
1-PB2,2012,638,0,1,0,639,A
1-PB2,2013,0,640,0,0,640,T
1-PB2,2014,0,0,639,0,639,G
1-PB2,2015,0,1,0,635,636,C
1-PB2,2016,2,0,0,634,636,C
1-PB2,2017,0,0,636,0,636,G
1-PB2,2018,0,1,637,0,638,G
1-PB2,2019,0,0,0,635,635,C
1-PB2,2020,640,0,0,0,640,A
1-PB2,2021,0,0,0,649,649,C
1-PB2,2022,0,644,0,0,644,T
1-PB2,2023,0,644,0,0,644,T
1-PB2,2024,0,642,0,0,642,T
1-PB2,2025,645,0,1,0,646,A
1-PB2,2026,649,0,0,1,650,A
1-PB2,2027,1,645,0,0,646,T
1-PB2,2028,0,646,0,0,646,T
1-PB2,2029,0,1,644,0,645,G
1-PB2,2030,616,0,3,1,620,A
1-PB2,2031,617,0,1,0,618,A
1-PB2,2032,1,1,620,0,622,G
1-PB2,2033,629,0,0,0,629,A
1-PB2,2034,0,0,1,631,632,C
1-PB2,2035,1,0,0,623,624,C
1-PB2,2036,0,0,0,626,626,C
1-PB2,2037,623,0,1,0,624,A
1-PB2,2038,0,0,636,0,636,G
1-PB2,2039,637,0,0,0,637,A
1-PB2,2040,0,638,0,0,638,T
1-PB2,2041,0,3,635,0,638,G
1-PB2,2042,619,0,0,0,619,A
1-PB2,2043,617,0,0,0,617,A
1-PB2,2044,621,0,0,0,621,A
1-PB2,2045,0,0,620,0,620,G
1-PB2,2046,0,0,0,618,618,C
1-PB2,2047,605,0,0,1,606,A
1-PB2,2048,0,0,0,617,617,C
1-PB2,2049,621,0,0,0,621,A
1-PB2,2050,0,625,0,0,625,T
1-PB2,2051,2,0,0,636,638,C
1-PB2,2052,1,6,0,623,630,C
1-PB2,2053,0,1,637,0,638,G
1-PB2,2054,1,3,635,1,640,G
1-PB2,2055,636,0,0,0,636,A
1-PB2,2056,0,0,642,0,642,G
1-PB2,2057,0,634,0,1,635,T
1-PB2,2058,0,0,633,0,633,G
1-PB2,2059,0,0,637,0,637,G
1-PB2,2060,628,0,0,0,628,A
1-PB2,2061,0,0,630,0,630,G
1-PB2,2062,0,617,0,0,617,T
1-PB2,2063,0,0,0,613,613,C
1-PB2,2064,1,1,0,611,613,C
1-PB2,2065,0,0,610,0,610,G
1-PB2,2066,2,0,0,606,608,C
1-PB2,2067,2,1,0,604,607,C
1-PB2,2068,0,0,614,0,614,G
1-PB2,2069,0,613,0,0,613,T
1-PB2,2070,3,0,0,615,618,C
1-PB2,2071,0,617,0,0,617,T
1-PB2,2072,0,616,0,0,616,T
1-PB2,2073,1,2,611,0,614,G
1-PB2,2074,611,0,0,0,611,A
1-PB2,2075,0,2,611,0,613,G
1-PB2,2076,613,0,0,0,613,A
1-PB2,2077,0,0,597,0,597,G
1-PB2,2078,0,1,594,0,595,G
1-PB2,2079,0,0,598,0,598,G
1-PB2,2080,0,598,0,1,599,T
1-PB2,2081,1,595,0,1,597,T
1-PB2,2082,1,603,0,1,605,T
1-PB2,2083,4,0,0,599,603,C
1-PB2,2084,0,601,0,0,601,T
1-PB2,2085,2,0,0,616,618,C
1-PB2,2086,611,0,0,0,611,A
1-PB2,2087,0,606,0,0,606,T
1-PB2,2088,0,602,0,0,602,T
1-PB2,2089,603,0,0,0,603,A
1-PB2,2090,0,605,0,0,605,T
1-PB2,2091,591,1,1,0,593,A
1-PB2,2092,0,0,599,0,599,G
1-PB2,2093,0,0,599,0,599,G
1-PB2,2094,0,570,0,0,570,T
1-PB2,2095,566,0,0,0,566,A
1-PB2,2096,559,0,0,0,559,A
1-PB2,2097,0,1,564,0,565,G
1-PB2,2098,0,0,569,0,569,G
1-PB2,2099,565,0,0,0,565,A
1-PB2,2100,560,0,1,0,561,A
1-PB2,2101,0,4,552,0,556,G
1-PB2,2102,549,0,0,0,549,A
1-PB2,2103,0,0,0,551,551,C
1-PB2,2104,544,0,0,0,544,A
1-PB2,2105,0,3,541,0,544,G
1-PB2,2106,543,0,1,0,544,A
1-PB2,2107,544,0,0,0,544,A
1-PB2,2108,0,0,545,0,545,G
1-PB2,2109,548,0,0,0,548,A
1-PB2,2110,0,545,0,0,545,T
1-PB2,2111,545,0,0,0,545,A
1-PB2,2112,0,0,0,541,541,C
1-PB2,2113,0,1,538,0,539,G
1-PB2,2114,0,0,545,0,545,G
1-PB2,2115,545,0,0,0,545,A
1-PB2,2116,1,0,0,536,537,C
1-PB2,2117,1,0,0,534,535,C
1-PB2,2118,517,0,0,0,517,A
1-PB2,2119,0,0,542,0,542,G
1-PB2,2120,0,0,0,543,543,C
1-PB2,2121,547,0,0,0,547,A
1-PB2,2122,0,546,0,0,546,T
1-PB2,2123,0,519,0,0,519,T
1-PB2,2124,519,0,0,0,519,A
1-PB2,2125,519,0,0,0,519,A
1-PB2,2126,0,2,518,0,520,G
1-PB2,2127,1,0,0,518,519,C
1-PB2,2128,481,0,1,0,482,A
1-PB2,2129,1,495,0,0,496,T
1-PB2,2130,1,0,0,492,493,C
1-PB2,2131,491,0,0,0,491,A
1-PB2,2132,494,0,0,0,494,A
1-PB2,2133,0,491,0,0,491,T
1-PB2,2134,0,2,495,0,497,G
1-PB2,2135,491,0,1,0,492,A
1-PB2,2136,489,0,0,0,489,A
1-PB2,2137,1,0,0,493,494,C
1-PB2,2138,0,474,0,2,476,T
1-PB2,2139,0,0,494,0,494,G
1-PB2,2140,493,0,0,0,493,A
1-PB2,2141,0,0,494,0,494,G
1-PB2,2142,0,495,0,1,496,T
1-PB2,2143,485,0,0,0,485,A
1-PB2,2144,484,0,0,0,484,A
1-PB2,2145,0,0,0,484,484,C
1-PB2,2146,1,0,0,472,473,C
1-PB2,2147,0,464,0,1,465,T
1-PB2,2148,0,452,0,0,452,T
1-PB2,2149,0,0,454,0,454,G
1-PB2,2150,0,0,0,453,453,C
1-PB2,2151,454,0,0,0,454,A
1-PB2,2152,450,0,1,0,451,A
1-PB2,2153,451,0,0,0,451,A
1-PB2,2154,443,0,1,0,444,A
1-PB2,2155,0,2,443,0,445,G
1-PB2,2156,0,0,440,1,441,G
1-PB2,2157,0,0,436,0,436,G
1-PB2,2158,3,1,434,0,438,G
1-PB2,2159,439,0,0,0,439,A
1-PB2,2160,438,0,1,0,439,A
1-PB2,2161,438,0,1,0,439,A
1-PB2,2162,439,0,0,0,439,A
1-PB2,2163,0,0,445,0,445,G
1-PB2,2164,0,0,445,0,445,G
1-PB2,2165,0,0,0,442,442,C
1-PB2,2166,0,436,0,0,436,T
1-PB2,2167,437,0,0,0,437,A
1-PB2,2168,435,0,0,0,435,A
1-PB2,2169,0,436,0,0,436,T
1-PB2,2170,0,0,444,0,444,G
1-PB2,2171,1,424,0,1,426,T
1-PB2,2172,0,1,422,0,423,G
1-PB2,2173,0,1,0,422,423,C
1-PB2,2174,0,421,0,1,422,T
1-PB2,2175,427,0,0,0,427,A
1-PB2,2176,424,0,0,0,424,A
1-PB2,2177,0,425,0,0,425,T
1-PB2,2178,0,0,0,415,415,C
1-PB2,2179,1,0,403,0,404,G
1-PB2,2180,0,1,405,0,406,G
1-PB2,2181,0,0,409,0,409,G
1-PB2,2182,1,0,0,409,410,C
1-PB2,2183,414,0,0,0,414,A
1-PB2,2184,409,0,1,0,410,A
1-PB2,2185,1,0,410,0,411,G
1-PB2,2186,0,0,414,0,414,G
1-PB2,2187,412,0,1,0,413,A
1-PB2,2188,0,0,411,0,411,G
1-PB2,2189,393,0,0,0,393,A
1-PB2,2190,0,0,0,390,390,C
1-PB2,2191,0,0,389,0,389,G
1-PB2,2192,0,389,0,0,389,T
1-PB2,2193,0,2,386,0,388,G
1-PB2,2194,0,0,394,0,394,G
1-PB2,2195,0,386,0,0,386,T
1-PB2,2196,0,0,388,0,388,G
1-PB2,2197,0,376,0,1,377,T
1-PB2,2198,0,374,0,0,374,T
1-PB2,2199,0,3,370,0,373,G
1-PB2,2200,0,0,373,0,373,G
1-PB2,2201,1,371,0,0,372,T
1-PB2,2202,363,0,0,0,363,A
1-PB2,2203,360,0,0,0,360,A
1-PB2,2204,0,351,0,0,351,T
1-PB2,2205,0,0,346,0,346,G
1-PB2,2206,342,0,0,0,342,A
1-PB2,2207,336,0,0,0,336,A
1-PB2,2208,337,0,1,0,338,A
1-PB2,2209,1,0,0,335,336,C
1-PB2,2210,0,2,334,0,336,G
1-PB2,2211,333,1,1,0,335,A
1-PB2,2212,335,0,0,0,335,A
1-PB2,2213,334,0,0,0,334,A
1-PB2,2214,332,0,0,0,332,A
1-PB2,2215,0,0,0,336,336,C
1-PB2,2216,1,0,333,0,334,G
1-PB2,2217,0,0,335,0,335,G
1-PB2,2218,0,0,335,0,335,G
1-PB2,2219,335,0,0,0,335,A
1-PB2,2220,0,0,0,336,336,C
1-PB2,2221,0,330,0,1,331,T
1-PB2,2222,3,0,0,348,351,C
1-PB2,2223,0,349,0,1,350,T
1-PB2,2224,354,0,0,0,354,A
1-PB2,2225,0,0,355,0,355,G
1-PB2,2226,1,0,0,346,347,C
1-PB2,2227,346,0,0,0,346,A
1-PB2,2228,0,343,0,0,343,T
1-PB2,2229,331,0,0,0,331,A
1-PB2,2230,0,0,0,336,336,C
1-PB2,2231,0,296,0,1,297,T
1-PB2,2232,0,296,0,0,296,T
1-PB2,2233,290,0,0,0,290,A
1-PB2,2234,0,0,0,290,290,C
1-PB2,2235,0,289,0,0,289,T
1-PB2,2236,0,1,286,0,287,G
1-PB2,2237,280,0,0,0,280,A
1-PB2,2238,0,0,0,283,283,C
1-PB2,2239,262,0,0,0,262,A
1-PB2,2240,0,0,265,0,265,G
1-PB2,2241,0,0,0,263,263,C
1-PB2,2242,2,0,0,261,263,C
1-PB2,2243,260,1,0,0,261,A
1-PB2,2244,0,0,263,0,263,G
1-PB2,2245,262,0,0,0,262,A
1-PB2,2246,0,0,1,261,262,C
1-PB2,2247,250,0,0,0,250,A
1-PB2,2248,0,0,249,0,249,G
1-PB2,2249,1,1,0,228,230,C
1-PB2,2250,0,2,228,0,230,G
1-PB2,2251,229,0,1,0,230,A
1-PB2,2252,0,0,0,229,229,C
1-PB2,2253,2,0,0,228,230,C
1-PB2,2254,227,0,0,0,227,A
1-PB2,2255,227,0,0,0,227,A
1-PB2,2256,229,0,0,0,229,A
1-PB2,2257,229,0,0,0,229,A
1-PB2,2258,0,0,229,0,229,G
1-PB2,2259,222,0,0,0,222,A
1-PB2,2260,222,0,0,0,222,A
1-PB2,2261,0,217,0,0,217,T
1-PB2,2262,0,219,0,0,219,T
1-PB2,2263,0,0,0,220,220,C
1-PB2,2264,1,0,216,0,217,G
1-PB2,2265,0,1,216,0,217,G
1-PB2,2266,217,0,0,0,217,A
1-PB2,2267,0,207,0,0,207,T
1-PB2,2268,0,1,206,0,207,G
1-PB2,2269,0,0,204,0,204,G
1-PB2,2270,1,0,0,204,205,C
1-PB2,2271,0,0,0,205,205,C
1-PB2,2272,207,0,0,0,207,A
1-PB2,2273,0,207,0,0,207,T
1-PB2,2274,1,0,0,204,205,C
1-PB2,2275,206,0,0,0,206,A
1-PB2,2276,206,0,0,0,206,A
1-PB2,2277,0,201,0,0,201,T
1-PB2,2278,0,186,0,0,186,T
1-PB2,2279,178,0,0,0,178,A
1-PB2,2280,176,0,0,0,176,A
2-PB1,1,164,0,0,0,164,A
2-PB1,2,0,166,0,0,166,T
2-PB1,3,0,0,167,0,167,G
2-PB1,4,0,2,174,0,176,G
2-PB1,5,196,0,1,0,197,A
2-PB1,6,1,209,0,0,210,T
2-PB1,7,0,0,213,0,213,G
2-PB1,8,0,213,0,0,213,T
2-PB1,9,0,0,0,231,231,C
2-PB1,10,229,0,0,0,229,A
2-PB1,11,243,0,0,0,243,A
2-PB1,12,0,245,0,0,245,T
2-PB1,13,0,0,0,249,249,C
2-PB1,14,1,1,0,264,266,C
2-PB1,15,0,4,270,0,274,G
2-PB1,16,305,0,0,0,305,A
2-PB1,17,0,0,0,310,310,C
2-PB1,18,0,311,0,0,311,T
2-PB1,19,1,0,0,355,356,C
2-PB1,20,0,356,0,0,356,T
2-PB1,21,364,0,0,0,364,A
2-PB1,22,0,0,0,364,364,C
2-PB1,23,0,364,0,0,364,T
2-PB1,24,0,0,417,0,417,G
2-PB1,25,0,419,1,0,420,T
2-PB1,26,0,420,0,0,420,T
2-PB1,27,1,0,0,416,417,C
2-PB1,28,1,0,0,414,415,C
2-PB1,29,0,493,0,1,494,T
2-PB1,30,498,0,0,0,498,A
2-PB1,31,499,0,0,0,499,A
2-PB1,32,502,0,0,1,503,A
2-PB1,33,8,3,492,0,503,G
2-PB1,34,0,1,507,0,508,G
2-PB1,35,0,510,0,0,510,T
2-PB1,36,0,511,0,0,511,T
2-PB1,37,0,0,0,511,511,C
2-PB1,38,0,0,0,515,515,C
2-PB1,39,516,0,1,0,517,A
2-PB1,40,0,0,523,0,523,G
2-PB1,41,0,0,0,520,520,C
2-PB1,42,0,0,522,0,522,G
2-PB1,43,0,2,0,521,523,C
2-PB1,44,525,0,0,0,525,A
2-PB1,45,526,0,0,0,526,A
2-PB1,46,526,0,0,0,526,A
2-PB1,47,530,0,0,0,530,A
2-PB1,48,0,533,0,0,533,T
2-PB1,49,0,1,555,0,556,G
2-PB1,50,0,0,1,559,560,C
2-PB1,51,4,0,0,557,561,C
2-PB1,52,560,0,2,0,562,A
2-PB1,53,0,562,0,1,563,T
2-PB1,54,600,0,0,0,600,A
2-PB1,55,601,0,0,0,601,A
2-PB1,56,0,0,622,0,622,G
2-PB1,57,0,0,0,626,626,C
2-PB1,58,625,0,0,0,625,A
2-PB1,59,0,0,0,647,647,C
2-PB1,60,643,1,1,0,645,A
2-PB1,61,675,0,2,0,677,A
2-PB1,62,0,1,0,678,679,C
2-PB1,63,672,0,0,0,672,A
2-PB1,64,0,682,0,0,682,T
2-PB1,65,0,680,0,0,680,T
2-PB1,66,2,0,0,821,823,C
2-PB1,67,3,0,0,823,826,C
2-PB1,68,2,0,0,834,836,C
2-PB1,69,0,837,0,0,837,T
2-PB1,70,0,835,0,0,835,T
2-PB1,71,909,0,0,0,909,A
2-PB1,72,0,915,0,0,915,T
2-PB1,73,918,0,0,1,919,A
2-PB1,74,0,1,0,926,927,C
2-PB1,75,0,884,0,1,885,T
2-PB1,76,1,1,893,0,895,G
2-PB1,77,0,0,894,0,894,G
2-PB1,78,893,0,1,0,894,A
2-PB1,79,1,2,892,0,895,G
2-PB1,80,894,0,0,0,894,A
2-PB1,81,0,895,0,0,895,T
2-PB1,82,1,0,0,950,951,C
2-PB1,83,0,0,0,956,956,C
2-PB1,84,0,960,0,2,962,T
2-PB1,85,1,1,0,1024,1026,C
2-PB1,86,1,0,0,1025,1026,C
2-PB1,87,1034,0,0,0,1034,A
2-PB1,88,0,1034,0,0,1034,T
2-PB1,89,1029,0,1,0,1030,A
2-PB1,90,1,0,0,1032,1033,C
2-PB1,91,1012,0,0,0,1012,A
2-PB1,92,0,0,1056,0,1056,G
2-PB1,93,1,0,0,1060,1061,C
2-PB1,94,2,0,0,1055,1057,C
2-PB1,95,1060,1,0,0,1061,A
2-PB1,96,0,1056,0,0,1056,T
2-PB1,97,0,1,1054,0,1055,G
2-PB1,98,0,2,1091,0,1093,G
2-PB1,99,1102,0,0,0,1102,A
2-PB1,100,1107,0,0,0,1107,A
2-PB1,101,0,0,0,1108,1108,C
2-PB1,102,1099,0,1,0,1100,A
2-PB1,103,0,2,1119,0,1121,G
2-PB1,104,1,3,1132,0,1136,G
2-PB1,105,1137,0,0,0,1137,A
2-PB1,106,1144,0,1,0,1145,A
2-PB1,107,0,0,0,1150,1150,C
2-PB1,108,1136,0,1,0,1137,A
2-PB1,109,0,4,1237,0,1241,G
2-PB1,110,1,5,1238,0,1244,G
2-PB1,111,0,0,1266,0,1266,G
2-PB1,112,0,1262,0,0,1262,T
2-PB1,113,1259,1,0,0,1260,A
2-PB1,114,1,0,0,1274,1275,C
2-PB1,115,1314,0,1,0,1315,A
2-PB1,116,1,0,0,1371,1372,C
2-PB1,117,4,1,0,1359,1364,C
2-PB1,118,1331,0,0,0,1331,A
2-PB1,119,0,1331,0,0,1331,T
2-PB1,120,1,3,1337,0,1341,G
2-PB1,121,0,3,1340,1,1344,G
2-PB1,122,1342,0,1,0,1343,A
2-PB1,123,0,1,0,1344,1345,C
2-PB1,124,1315,1,1,0,1317,A
2-PB1,125,2,1,0,1342,1345,C
2-PB1,126,1337,1,0,0,1338,A
2-PB1,127,1,2,1359,0,1362,G
2-PB1,128,0,1354,0,2,1356,T
2-PB1,129,8,0,0,1402,1410,C
2-PB1,130,1409,0,1,0,1410,A
2-PB1,131,1420,0,3,0,1423,A
2-PB1,132,1,0,0,1418,1419,C
2-PB1,133,1421,0,0,0,1421,A
2-PB1,134,0,1,1434,0,1435,G
2-PB1,135,1410,0,0,0,1410,A
2-PB1,136,1408,0,0,0,1408,A
2-PB1,137,0,0,0,1409,1409,C
2-PB1,138,1380,0,1,0,1381,A
2-PB1,139,0,0,0,1421,1421,C
2-PB1,140,1420,0,2,0,1422,A
2-PB1,141,2,1,0,1482,1485,C
2-PB1,142,7,0,0,1475,1482,C
2-PB1,143,1481,1,0,0,1482,A
2-PB1,144,1497,0,1,0,1498,A
2-PB1,145,0,1530,0,0,1530,T
2-PB1,146,1573,0,0,0,1573,A
2-PB1,147,0,1565,1,0,1566,T
2-PB1,148,0,1543,0,0,1543,T
2-PB1,149,7,1,0,1544,1552,C
2-PB1,150,1509,0,1,0,1510,A
2-PB1,151,0,5,1504,0,1509,G
2-PB1,152,1490,0,0,1,1491,A
2-PB1,153,0,4,1496,0,1500,G
2-PB1,154,1466,0,1,0,1467,A
2-PB1,155,0,4,1429,0,1433,G
2-PB1,156,0,3,1426,0,1429,G
2-PB1,157,0,1,1469,0,1470,G
2-PB1,158,0,1,1471,0,1472,G
2-PB1,159,1,1,1479,1,1482,G
2-PB1,160,1475,0,4,0,1479,A
2-PB1,161,1483,0,1,0,1484,A
2-PB1,162,2,0,1492,0,1494,G
2-PB1,163,0,1476,0,0,1476,T
2-PB1,164,2,5,1465,0,1472,G
2-PB1,165,0,4,1468,0,1472,G
2-PB1,166,1468,0,5,0,1473,A
2-PB1,167,0,1,0,1478,1479,C
2-PB1,168,0,8,1478,0,1486,G
2-PB1,169,1488,0,3,0,1491,A
2-PB1,170,1,0,0,1502,1503,C
2-PB1,171,1490,0,0,0,1490,A
2-PB1,172,1495,0,0,0,1495,A
2-PB1,173,1500,0,0,0,1500,A
2-PB1,174,0,1515,0,1,1516,T
2-PB1,175,1518,1,0,0,1519,A
2-PB1,176,0,0,0,1524,1524,C
2-PB1,177,1503,0,0,0,1503,A
2-PB1,178,0,0,1505,0,1505,G
2-PB1,179,1493,0,0,0,1493,A
2-PB1,180,1513,0,1,0,1514,A
2-PB1,181,1510,0,0,0,1510,A
2-PB1,182,3,0,0,1513,1516,C
2-PB1,183,0,1503,0,0,1503,T
2-PB1,184,0,3,1499,0,1502,G
2-PB1,185,0,5,1493,0,1498,G
2-PB1,186,1467,0,3,0,1470,A
2-PB1,187,0,1,1475,0,1476,G
2-PB1,188,0,0,0,1481,1481,C
2-PB1,189,1487,2,1,0,1490,A
2-PB1,190,1,0,0,1550,1551,C
2-PB1,191,1,1,0,1540,1542,C
2-PB1,192,4,0,0,1536,1540,C
2-PB1,193,2,1,0,1544,1547,C
2-PB1,194,1550,0,1,0,1551,A
2-PB1,195,1566,0,1,0,1567,A
2-PB1,196,0,1,0,1568,1569,C
2-PB1,197,0,1561,0,0,1561,T
2-PB1,198,5,0,0,1561,1566,C
2-PB1,199,1512,0,0,0,1512,A
2-PB1,200,1538,1,0,0,1539,A
2-PB1,201,0,0,0,1537,1537,C
2-PB1,202,5,1,0,1529,1535,C
2-PB1,203,5,1,0,1532,1538,C
2-PB1,204,1532,0,1,0,1533,A
2-PB1,205,1538,0,0,1,1539,A
2-PB1,206,0,1544,0,0,1544,T
2-PB1,207,0,1537,0,0,1537,T
2-PB1,208,0,2,1546,0,1548,G
2-PB1,209,1526,1,0,0,1527,A
2-PB1,210,0,1527,0,1,1528,T
2-PB1,211,1,6,1518,0,1525,G
2-PB1,212,1,5,1532,0,1538,G
2-PB1,213,1550,0,2,0,1552,A
2-PB1,214,1,0,0,1566,1567,C
2-PB1,215,6,0,0,1547,1553,C
2-PB1,216,1541,0,3,0,1544,A
2-PB1,217,1,0,0,1593,1594,C
2-PB1,218,0,1588,0,1,1589,T
2-PB1,219,1608,0,0,0,1608,A
2-PB1,220,1,0,0,1630,1631,C
2-PB1,221,1,0,0,1612,1613,C
2-PB1,222,0,1570,0,2,1572,T
2-PB1,223,3,0,1578,0,1581,G
2-PB1,224,1564,0,0,1,1565,A
2-PB1,225,0,6,1576,0,1582,G
2-PB1,226,0,5,1565,0,1570,G
2-PB1,227,1565,0,1,0,1566,A
2-PB1,228,1,1557,1,0,1559,T
2-PB1,229,1536,0,1,0,1537,A
2-PB1,230,1538,0,1,0,1539,A
2-PB1,231,0,1536,2,1,1539,T
2-PB1,232,0,5,1539,0,1544,G
2-PB1,233,1537,0,0,1,1538,A
2-PB1,234,1534,0,0,1,1535,A
2-PB1,235,3,1,0,1525,1529,C
2-PB1,236,6,0,0,1499,1505,C
2-PB1,237,1508,1,0,0,1509,A
2-PB1,238,1516,0,2,0,1518,A
2-PB1,239,0,1,1523,0,1524,G
2-PB1,240,1,1523,1,0,1525,T
2-PB1,241,0,2,1514,1,1517,G
2-PB1,242,0,2,1533,1,1536,G
2-PB1,243,1540,0,0,0,1540,A
2-PB1,244,1,1527,0,0,1528,T
2-PB1,245,1534,0,2,0,1536,A
2-PB1,246,0,1577,3,1,1581,T
2-PB1,247,1,0,1596,0,1597,G
2-PB1,248,0,0,0,1589,1589,C
2-PB1,249,1590,1,0,0,1591,A
2-PB1,250,0,1,0,1643,1644,C
2-PB1,251,1617,0,0,1,1618,A
2-PB1,252,1650,0,1,0,1651,A
2-PB1,253,1645,0,2,1,1648,A
2-PB1,254,0,0,0,1647,1647,C
2-PB1,255,1600,0,0,0,1600,A
2-PB1,256,0,4,1624,0,1628,G
2-PB1,257,1624,0,1,0,1625,A
2-PB1,258,2,0,0,1626,1628,C
2-PB1,259,2,1576,1,1,1580,T
2-PB1,260,0,1,1614,0,1615,G
2-PB1,261,1,1607,0,3,1611,T
2-PB1,262,0,1,1687,0,1688,G
2-PB1,263,1,1684,0,2,1687,T
2-PB1,264,6,1,0,1679,1686,C
2-PB1,265,2,1,1,1675,1679,C
2-PB1,266,0,1665,0,1,1666,T
2-PB1,267,0,4,1665,0,1669,G
2-PB1,268,0,1,1670,0,1671,G
2-PB1,269,1631,0,3,1,1635,A
2-PB1,270,0,1,1674,0,1675,G
2-PB1,271,0,1,1634,0,1635,G
2-PB1,272,0,2,0,1632,1634,C
2-PB1,273,0,1626,0,0,1626,T
2-PB1,274,1622,2,0,0,1624,A
2-PB1,275,0,1623,0,1,1624,T
2-PB1,276,0,2,1623,0,1625,G
2-PB1,277,0,2,1622,0,1624,G
2-PB1,278,1,1,0,1616,1618,C
2-PB1,279,2,0,0,1596,1598,C
2-PB1,280,0,1579,0,1,1580,T
2-PB1,281,0,1679,0,0,1679,T
2-PB1,282,0,1,0,1685,1686,C
2-PB1,283,4,0,0,1679,1683,C
2-PB1,284,0,1683,0,1,1684,T
2-PB1,285,0,1682,0,1,1683,T
2-PB1,286,1,1,1683,0,1685,G
2-PB1,287,1685,0,2,0,1687,A
2-PB1,288,1687,1,0,0,1688,A
2-PB1,289,0,5,1688,0,1693,G
2-PB1,290,1618,0,1,0,1619,A
2-PB1,291,1630,0,1,1,1632,A
2-PB1,292,1,1631,0,0,1632,T
2-PB1,293,3,0,0,1630,1633,C
2-PB1,294,4,1,0,1632,1637,C
2-PB1,295,3,2,0,1623,1628,C
2-PB1,296,1633,0,1,0,1634,A
2-PB1,297,1,0,0,1649,1650,C
2-PB1,298,3,0,0,1644,1647,C
2-PB1,299,2,0,0,1646,1648,C
2-PB1,300,1632,0,0,0,1632,A
2-PB1,301,0,2,1653,0,1655,G
2-PB1,302,0,2,1658,0,1660,G
2-PB1,303,0,1649,0,1,1650,T
2-PB1,304,1673,0,1,0,1674,A
2-PB1,305,0,1664,0,0,1664,T
2-PB1,306,2,1,0,1661,1664,C
2-PB1,307,0,1658,0,0,1658,T
2-PB1,308,1,1657,0,2,1660,T
2-PB1,309,0,1655,0,1,1656,T
2-PB1,310,1,6,1643,0,1650,G
2-PB1,311,1634,1,0,0,1635,A
2-PB1,312,0,4,1632,0,1636,G
2-PB1,313,1606,1,0,1,1608,A
2-PB1,314,1610,0,0,0,1610,A
2-PB1,315,3,0,0,1623,1626,C
2-PB1,316,0,1610,0,1,1611,T
2-PB1,317,3,0,0,1610,1613,C
2-PB1,318,1613,0,0,0,1613,A
2-PB1,319,0,1614,0,1,1615,T
2-PB1,320,1,3,1618,0,1622,G
2-PB1,321,2,0,0,1659,1661,C
2-PB1,322,0,0,0,1659,1659,C
2-PB1,323,0,1656,0,1,1657,T
2-PB1,324,0,1639,0,2,1641,T
2-PB1,325,0,5,1643,0,1648,G
2-PB1,326,1660,0,0,0,1660,A
2-PB1,327,1665,0,0,0,1665,A
2-PB1,328,1661,0,1,0,1662,A
2-PB1,329,2,1,0,1668,1671,C
2-PB1,330,1632,1,1,0,1634,A
2-PB1,331,1644,0,0,0,1644,A
2-PB1,332,0,1645,0,1,1646,T
2-PB1,333,0,4,1637,0,1641,G
2-PB1,334,0,2,1636,0,1638,G
2-PB1,335,1620,0,1,0,1621,A
2-PB1,336,1622,0,0,0,1622,A
2-PB1,337,0,0,1621,0,1621,G
2-PB1,338,0,0,1,1615,1616,C
2-PB1,339,4,1,0,1602,1607,C
2-PB1,340,1,0,1623,0,1624,G
2-PB1,341,0,1612,0,0,1612,T
2-PB1,342,2,1616,0,1,1619,T
2-PB1,343,11,0,1,1623,1635,C
2-PB1,344,1635,0,0,0,1635,A
2-PB1,345,1654,0,1,0,1655,A
2-PB1,346,3,0,0,1655,1658,C
2-PB1,347,1641,0,0,0,1641,A
2-PB1,348,0,1,1654,0,1655,G
2-PB1,349,1620,0,1,0,1621,A
2-PB1,350,1,0,0,1627,1628,C
2-PB1,351,1628,0,0,0,1628,A
2-PB1,352,1603,0,3,0,1606,A
2-PB1,353,0,1,1606,0,1607,G
2-PB1,354,1516,0,4,0,1520,A
2-PB1,355,0,2,1564,0,1566,G
2-PB1,356,0,1558,1,1,1560,T
2-PB1,357,0,1,1581,0,1582,G
2-PB1,358,0,5,1570,0,1575,G
2-PB1,359,1570,1,3,0,1574,A
2-PB1,360,2,0,0,1576,1578,C
2-PB1,361,1550,0,0,0,1550,A
2-PB1,362,1591,1,0,0,1592,A
2-PB1,363,1597,0,3,0,1600,A
2-PB1,364,2,0,0,1600,1602,C
2-PB1,365,0,1595,0,0,1595,T
2-PB1,366,1597,0,3,0,1600,A
2-PB1,367,1618,0,1,0,1619,A
2-PB1,368,0,0,0,1618,1618,C
2-PB1,369,3,0,0,1615,1618,C
2-PB1,370,4,0,1,1615,1620,C
2-PB1,371,1577,0,0,0,1577,A
2-PB1,372,1575,1,1,1,1578,A
2-PB1,373,1,3,1575,0,1579,G
2-PB1,374,0,4,1574,0,1578,G
2-PB1,375,1,1565,0,4,1570,T
2-PB1,376,3,0,0,1557,1560,C
2-PB1,377,0,0,1550,0,1550,G
2-PB1,378,1,0,0,1545,1546,C
2-PB1,379,1,0,0,1554,1555,C
2-PB1,380,1552,0,0,0,1552,A
2-PB1,381,0,1,1592,0,1593,G
2-PB1,382,1610,0,2,0,1612,A
2-PB1,383,0,1,0,1619,1620,C
2-PB1,384,0,1611,0,1,1612,T
2-PB1,385,0,1608,1,1,1610,T
2-PB1,386,1607,1,1,0,1609,A
2-PB1,387,0,1617,0,0,1617,T
2-PB1,388,1,6,1612,0,1619,G
2-PB1,389,1610,0,0,0,1610,A
2-PB1,390,0,1577,2,0,1579,T
2-PB1,391,0,1528,1,0,1529,T
2-PB1,392,1,4,1513,0,1518,G
2-PB1,393,1,4,1520,0,1525,G
2-PB1,394,1543,0,1,0,1544,A
2-PB1,395,0,4,0,1536,1540,C
2-PB1,396,1522,0,0,0,1522,A
2-PB1,397,0,1507,0,1,1508,T
2-PB1,398,0,1522,0,0,1522,T
2-PB1,399,1529,0,0,0,1529,A
2-PB1,400,1528,0,0,0,1528,A
2-PB1,401,1529,0,1,0,1530,A
2-PB1,402,1,1,0,1529,1531,C
2-PB1,403,1493,0,0,0,1493,A
2-PB1,404,0,2,1506,0,1508,G
2-PB1,405,1504,0,0,0,1504,A
2-PB1,406,1496,0,2,0,1498,A
2-PB1,407,1506,0,0,0,1506,A
2-PB1,408,2,1488,1,1,1492,T
2-PB1,409,8,0,0,1489,1497,C
2-PB1,410,1491,0,1,0,1492,A
2-PB1,411,1496,1,1,0,1498,A
2-PB1,412,2,2,0,1492,1496,C
2-PB1,413,3,1,0,1481,1485,C
2-PB1,414,1,2,1489,0,1492,G
2-PB1,415,0,1,1494,0,1495,G
2-PB1,416,0,1,0,1495,1496,C
2-PB1,417,1493,0,1,0,1494,A
2-PB1,418,3,2,1495,0,1500,G
2-PB1,419,0,1,0,1517,1518,C
2-PB1,420,1514,0,0,1,1515,A
2-PB1,421,1521,0,1,0,1522,A
2-PB1,422,2,0,0,1517,1519,C
2-PB1,423,0,1514,0,1,1515,T
2-PB1,424,0,2,1575,0,1577,G
2-PB1,425,0,0,0,1575,1575,C
2-PB1,426,1575,0,0,0,1575,A
2-PB1,427,0,1575,0,0,1575,T
2-PB1,428,0,1560,0,0,1560,T
2-PB1,429,1647,0,3,0,1650,A
2-PB1,430,0,0,1660,0,1660,G
2-PB1,431,1,0,2,1648,1651,C
2-PB1,432,3,1,0,1651,1655,C
2-PB1,433,1595,1,0,0,1596,A
2-PB1,434,1600,0,1,0,1601,A
2-PB1,435,1,0,0,1607,1608,C
2-PB1,436,1608,0,0,0,1608,A
2-PB1,437,1,0,0,1660,1661,C
2-PB1,438,8,1,0,1548,1557,C
2-PB1,439,1551,0,1,0,1552,A
2-PB1,440,1,1553,0,0,1554,T
2-PB1,441,1550,1,0,0,1551,A
2-PB1,442,0,3,1553,0,1556,G
2-PB1,443,1541,0,0,0,1541,A
2-PB1,444,1515,0,2,0,1517,A
2-PB1,445,0,1,1523,0,1524,G
2-PB1,446,0,1467,0,0,1467,T
2-PB1,447,0,1464,1,0,1465,T
2-PB1,448,0,1464,0,1,1465,T
2-PB1,449,0,1464,0,2,1466,T
2-PB1,450,0,1469,0,0,1469,T
2-PB1,451,1467,0,0,0,1467,A
2-PB1,452,0,3,1470,0,1473,G
2-PB1,453,1470,0,1,0,1471,A
2-PB1,454,0,1465,0,0,1465,T
2-PB1,455,4,0,0,1434,1438,C
2-PB1,456,1,6,1432,1,1440,G
2-PB1,457,1440,0,1,0,1441,A
2-PB1,458,1445,0,0,0,1445,A
2-PB1,459,1,0,0,1444,1445,C
2-PB1,460,1,4,1438,0,1443,G
2-PB1,461,0,2,1515,0,1517,G
2-PB1,462,1514,0,0,0,1514,A
2-PB1,463,0,1515,0,0,1515,T
2-PB1,464,1,1512,0,0,1513,T
2-PB1,465,1511,0,3,0,1514,A
2-PB1,466,1515,0,1,0,1516,A
2-PB1,467,0,1,0,1522,1523,C
2-PB1,468,1507,0,1,0,1508,A
2-PB1,469,0,3,1524,0,1527,G
2-PB1,470,0,0,0,1472,1472,C
2-PB1,471,0,1471,0,3,1474,T
2-PB1,472,1483,1,0,0,1484,A
2-PB1,473,1479,0,1,0,1480,A
2-PB1,474,0,1479,0,0,1479,T
2-PB1,475,2,3,1492,0,1497,G
2-PB1,476,1478,1,2,0,1481,A
2-PB1,477,1481,0,1,2,1484,A
2-PB1,478,0,1449,0,0,1449,T
2-PB1,479,5,0,0,1457,1462,C
2-PB1,480,1452,0,1,0,1453,A
2-PB1,481,0,1,1455,0,1456,G
2-PB1,482,1,4,1444,0,1449,G
2-PB1,483,1451,0,0,0,1451,A
2-PB1,484,1423,0,1,0,1424,A
2-PB1,485,0,1,1488,0,1489,G
2-PB1,486,1,0,1494,0,1495,G
2-PB1,487,0,0,0,1485,1485,C
2-PB1,488,0,1476,0,1,1477,T
2-PB1,489,1482,0,1,0,1483,A
2-PB1,490,1486,0,0,0,1486,A
2-PB1,491,1,1488,0,0,1489,T
2-PB1,492,1494,0,0,0,1494,A
2-PB1,493,0,8,1491,1,1500,G
2-PB1,494,1411,1,0,0,1412,A
2-PB1,495,0,1404,0,0,1404,T
2-PB1,496,0,1395,0,0,1395,T
2-PB1,497,1,1389,0,2,1392,T
2-PB1,498,3,0,0,1432,1435,C
2-PB1,499,3,0,0,1435,1438,C
2-PB1,500,0,1432,0,2,1434,T
2-PB1,501,2,0,0,1437,1439,C
2-PB1,502,1435,0,2,0,1437,A
2-PB1,503,1444,0,0,0,1444,A
2-PB1,504,0,7,1434,1,1442,G
2-PB1,505,0,6,1457,0,1463,G
2-PB1,506,1462,0,0,0,1462,A
2-PB1,507,0,1398,0,1,1399,T
2-PB1,508,0,1,1404,0,1405,G
2-PB1,509,0,1400,0,0,1400,T
2-PB1,510,0,1,1412,0,1413,G
2-PB1,511,1411,0,1,0,1412,A
2-PB1,512,1,1403,0,0,1404,T
2-PB1,513,0,3,1391,0,1394,G
2-PB1,514,0,6,1385,0,1391,G
2-PB1,515,1388,0,3,0,1391,A
2-PB1,516,1390,0,0,0,1390,A
2-PB1,517,1,1382,0,0,1383,T
2-PB1,518,7,0,0,1381,1388,C
2-PB1,519,1369,0,0,0,1369,A
2-PB1,520,1371,0,1,0,1372,A
2-PB1,521,0,1367,0,0,1367,T
2-PB1,522,1,4,1373,0,1378,G
2-PB1,523,0,2,1371,0,1373,G
2-PB1,524,1368,0,2,0,1370,A
2-PB1,525,0,0,0,1345,1345,C
2-PB1,526,1353,1,0,0,1354,A
2-PB1,527,1358,1,1,0,1360,A
2-PB1,528,1359,0,0,0,1359,A
2-PB1,529,0,1,1365,0,1366,G
2-PB1,530,1357,0,4,0,1361,A
2-PB1,531,0,2,1359,0,1361,G
2-PB1,532,0,7,1358,0,1365,G
2-PB1,533,1352,1,1,0,1354,A
2-PB1,534,1351,0,0,0,1351,A
2-PB1,535,1356,0,0,0,1356,A
2-PB1,536,0,1352,1,0,1353,T
2-PB1,537,0,0,1378,0,1378,G
2-PB1,538,0,6,1375,0,1381,G
2-PB1,539,1364,0,0,0,1364,A
2-PB1,540,7,3,1358,1,1369,G
2-PB1,541,1353,0,1,0,1354,A
2-PB1,542,0,1377,1,0,1378,T
2-PB1,543,1382,0,1,0,1383,A
2-PB1,544,1401,0,0,0,1401,A
2-PB1,545,1,0,0,1404,1405,C
2-PB1,546,1383,0,1,0,1384,A
2-PB1,547,1383,0,2,0,1385,A
2-PB1,548,0,1,0,1382,1383,C
2-PB1,549,1364,0,2,0,1366,A
2-PB1,550,1,0,0,1374,1375,C
2-PB1,551,1325,2,0,0,1327,A
2-PB1,552,0,1,0,1338,1339,C
2-PB1,553,0,1311,1,2,1314,T
2-PB1,554,0,1315,0,0,1315,T
2-PB1,555,0,1311,0,1,1312,T
2-PB1,556,2,0,0,1309,1311,C
2-PB1,557,1309,0,0,0,1309,A
2-PB1,558,1316,0,0,1,1317,A
2-PB1,559,1316,0,1,0,1317,A
2-PB1,560,0,5,1328,0,1333,G
2-PB1,561,1316,0,0,0,1316,A
2-PB1,562,1315,0,0,0,1315,A
2-PB1,563,1316,0,1,0,1317,A
2-PB1,564,1315,0,0,0,1315,A
2-PB1,565,1312,0,3,0,1315,A
2-PB1,566,0,2,1318,0,1320,G
2-PB1,567,0,3,1319,0,1322,G
2-PB1,568,1306,0,2,0,1308,A
2-PB1,569,0,4,1337,0,1341,G
2-PB1,570,1335,0,0,0,1335,A
2-PB1,571,0,0,1378,0,1378,G
2-PB1,572,0,1370,0,0,1370,T
2-PB1,573,1364,0,0,0,1364,A
2-PB1,574,1366,0,1,0,1367,A
2-PB1,575,0,3,1363,0,1366,G
2-PB1,576,0,3,1379,0,1382,G
2-PB1,577,0,3,1378,0,1381,G
2-PB1,578,1348,0,2,0,1350,A
2-PB1,579,0,1,0,1358,1359,C
2-PB1,580,1287,0,3,0,1290,A
2-PB1,581,1300,0,0,0,1300,A
2-PB1,582,0,0,0,1297,1297,C
2-PB1,583,1290,0,0,0,1290,A
2-PB1,584,0,1278,0,0,1278,T
2-PB1,585,0,8,1268,0,1276,G
2-PB1,586,1274,0,1,0,1275,A
2-PB1,587,2,0,0,1264,1266,C
2-PB1,588,5,0,0,1244,1249,C
2-PB1,589,1255,0,2,0,1257,A
2-PB1,590,1254,0,0,0,1254,A
2-PB1,591,0,0,1261,0,1261,G
2-PB1,592,1261,0,0,0,1261,A
2-PB1,593,1261,0,1,0,1262,A
2-PB1,594,1251,0,1,0,1252,A
2-PB1,595,1251,0,1,0,1252,A
2-PB1,596,0,1254,0,0,1254,T
2-PB1,597,1,4,1248,0,1253,G
2-PB1,598,0,2,1249,0,1251,G
2-PB1,599,0,1232,0,1,1233,T
2-PB1,600,7,1,0,1212,1220,C
2-PB1,601,1227,0,0,0,1227,A
2-PB1,602,0,0,0,1312,1312,C
2-PB1,603,1346,1,0,0,1347,A
2-PB1,604,1,0,0,1348,1349,C
2-PB1,605,1348,0,1,0,1349,A
2-PB1,606,1388,0,1,0,1389,A
2-PB1,607,1381,0,1,0,1382,A
2-PB1,608,0,5,1500,0,1505,G
2-PB1,609,1509,0,0,0,1509,A
2-PB1,610,1521,0,2,0,1523,A
2-PB1,611,1,2,0,1570,1573,C
2-PB1,612,1532,0,0,0,1532,A
2-PB1,613,1541,0,0,0,1541,A
2-PB1,614,0,1534,0,0,1534,T
2-PB1,615,1524,0,2,0,1526,A
2-PB1,616,0,2,1528,0,1530,G
2-PB1,617,1,3,1468,0,1472,G
2-PB1,618,1,4,1472,1,1478,G
2-PB1,619,1473,0,1,0,1474,A
2-PB1,620,1444,0,2,0,1446,A
2-PB1,621,0,5,1465,0,1470,G
2-PB1,622,1464,0,2,0,1466,A
2-PB1,623,1464,0,0,0,1464,A
2-PB1,624,1473,0,0,0,1473,A
2-PB1,625,1476,0,0,0,1476,A
2-PB1,626,1524,0,0,0,1524,A
2-PB1,627,1527,0,0,1,1528,A
2-PB1,628,1,0,0,1528,1529,C
2-PB1,629,1522,0,0,0,1522,A
2-PB1,630,1524,0,0,0,1524,A
2-PB1,631,1514,0,0,0,1514,A
2-PB1,632,1,3,1561,0,1565,G
2-PB1,633,1562,0,0,0,1562,A
2-PB1,634,0,1,1644,0,1645,G
2-PB1,635,0,1625,0,1,1626,T
2-PB1,636,0,6,1923,0,1929,G
2-PB1,637,1932,1,2,0,1935,A
2-PB1,638,1940,0,1,1,1942,A
2-PB1,639,1,1972,3,0,1976,T
2-PB1,640,1979,0,1,0,1980,A
2-PB1,641,1970,1,1,2,1974,A
2-PB1,642,0,10,1966,0,1976,G
2-PB1,643,1928,1,1,1,1931,A
2-PB1,644,0,3,1944,0,1947,G
2-PB1,645,1862,1,1,0,1864,A
2-PB1,646,0,9,1878,0,1887,G
2-PB1,647,0,2,1875,0,1877,G
2-PB1,648,0,0,0,1884,1884,C
2-PB1,649,1,1879,1,0,1881,T
2-PB1,650,1945,1,3,0,1949,A
2-PB1,651,4,0,0,2067,2071,C
2-PB1,652,2,0,0,2074,2076,C
2-PB1,653,0,2087,1,2,2090,T
2-PB1,654,2199,0,0,0,2199,A
2-PB1,655,2185,1,2,0,2188,A
2-PB1,656,1,2191,0,2,2194,T
2-PB1,657,2185,0,1,0,2186,A
2-PB1,658,2179,1,0,0,2180,A
2-PB1,659,0,5,2177,0,2182,G
2-PB1,660,2116,0,4,0,2120,A
2-PB1,661,1,1,2134,1,2137,G
2-PB1,662,1,0,0,2143,2144,C
2-PB1,663,0,2111,0,3,2114,T
2-PB1,664,0,2120,0,0,2120,T
2-PB1,665,0,2120,2,1,2123,T
2-PB1,666,0,9,2120,0,2129,G
2-PB1,667,2158,0,4,0,2162,A
2-PB1,668,1,0,0,2176,2177,C
2-PB1,669,2166,0,1,0,2167,A
2-PB1,670,0,2161,1,4,2166,T
2-PB1,671,0,2152,1,2,2155,T
2-PB1,672,6,12,2168,0,2186,G
2-PB1,673,2181,0,3,0,2184,A
2-PB1,674,2189,0,3,1,2193,A
2-PB1,675,1,1,0,2191,2193,C
2-PB1,676,2183,0,0,1,2184,A
2-PB1,677,1,2,0,2179,2182,C
2-PB1,678,1,8,2166,0,2175,G
2-PB1,679,2182,0,5,0,2187,A
2-PB1,680,1,2200,0,0,2201,T
2-PB1,681,0,15,2234,0,2249,G
2-PB1,682,2243,0,5,0,2248,A
2-PB1,683,2,1,0,2255,2258,C
2-PB1,684,8,1,0,2246,2255,C
2-PB1,685,2263,1,0,0,2264,A
2-PB1,686,2277,3,3,2,2285,A
2-PB1,687,2284,0,2,1,2287,A
2-PB1,688,2,6,2356,0,2364,G
2-PB1,689,2392,0,3,0,2395,A
2-PB1,690,0,2368,1,4,2373,T
2-PB1,691,1,2,2369,0,2372,G
2-PB1,692,2,0,0,2362,2364,C
2-PB1,693,2360,0,3,0,2363,A
2-PB1,694,0,2,2389,0,2391,G
2-PB1,695,2372,0,3,0,2375,A
2-PB1,696,15,7,2351,1,2374,G
2-PB1,697,2310,0,5,0,2315,A
2-PB1,698,0,4,2309,0,2313,G
2-PB1,699,2276,2,5,0,2283,A
2-PB1,700,0,3,2278,0,2281,G
2-PB1,701,0,0,2287,0,2287,G
2-PB1,702,1,1,1,2280,2283,C
2-PB1,703,2271,0,1,1,2273,A
2-PB1,704,2269,0,4,0,2273,A
2-PB1,705,2288,1,2,0,2291,A
2-PB1,706,1,2292,0,0,2293,T
2-PB1,707,0,2294,0,1,2295,T
2-PB1,708,2307,2,1,1,2311,A
2-PB1,709,2302,2,0,0,2304,A
2-PB1,710,2312,0,1,0,2313,A
2-PB1,711,2320,0,1,0,2321,A
2-PB1,712,2311,0,2,0,2313,A
2-PB1,713,0,2,2325,0,2327,G
2-PB1,714,2302,2,0,0,2304,A
2-PB1,715,2293,0,1,0,2294,A
2-PB1,716,0,7,2319,0,2326,G
2-PB1,717,1,5,2369,0,2375,G
2-PB1,718,1,2,2366,0,2369,G
2-PB1,719,1,0,0,2382,2383,C
2-PB1,720,0,2381,0,0,2381,T
2-PB1,721,2405,1,0,0,2406,A
2-PB1,722,0,2422,0,3,2425,T
2-PB1,723,0,2438,0,1,2439,T
2-PB1,724,2,0,2436,0,2438,G
2-PB1,725,2,0,1,2425,2428,C
2-PB1,726,2363,1,3,0,2367,A
2-PB1,727,2375,1,1,0,2377,A
2-PB1,728,0,1,0,2378,2379,C
2-PB1,729,2376,0,0,0,2376,A
2-PB1,730,4,8,0,2375,2387,C
2-PB1,731,5,0,0,2331,2336,C
2-PB1,732,3,3,0,2325,2331,C
2-PB1,733,3,8,2319,1,2331,G
2-PB1,734,0,5,2328,0,2333,G
2-PB1,735,1,2,2335,0,2338,G
2-PB1,736,2352,0,3,1,2356,A
2-PB1,737,0,2341,0,1,2342,T
2-PB1,738,0,1,2346,0,2347,G
2-PB1,739,2,0,0,2324,2326,C
2-PB1,740,2363,0,0,0,2363,A
2-PB1,741,2396,0,8,1,2405,A
2-PB1,742,2434,0,0,0,2434,A
2-PB1,743,0,2430,0,1,2431,T
2-PB1,744,0,2435,0,0,2435,T
2-PB1,745,2416,0,2,0,2418,A
2-PB1,746,0,4,2418,0,2422,G
2-PB1,747,2393,0,4,0,2397,A
2-PB1,748,0,2,2405,0,2407,G
2-PB1,749,3,8,2367,0,2378,G
2-PB1,750,0,2,2441,0,2443,G
2-PB1,751,2,2428,0,2,2432,T
2-PB1,752,1,2423,0,4,2428,T
2-PB1,753,12,0,0,2421,2433,C
2-PB1,754,0,1,2473,1,2475,G
2-PB1,755,0,2467,0,5,2472,T
2-PB1,756,1,0,2473,1,2475,G
2-PB1,757,0,2464,0,5,2469,T
2-PB1,758,2458,0,1,0,2459,A
2-PB1,759,1,1,0,2452,2454,C
2-PB1,760,0,2318,0,1,2319,T
2-PB1,761,1,2337,0,0,2338,T
2-PB1,762,5,0,0,2319,2324,C
2-PB1,763,1,1,2312,0,2314,G
2-PB1,764,0,2313,0,0,2313,T
2-PB1,765,0,2303,1,3,2307,T
2-PB1,766,0,10,2300,0,2310,G
2-PB1,767,2309,0,2,0,2311,A
2-PB1,768,2304,0,1,0,2305,A
2-PB1,769,2336,0,2,0,2338,A
2-PB1,770,1,0,0,2348,2349,C
2-PB1,771,0,2329,1,0,2330,T
2-PB1,772,0,2319,0,1,2320,T
2-PB1,773,0,2318,0,2,2320,T
2-PB1,774,2361,0,1,0,2362,A
2-PB1,775,0,0,2375,0,2375,G
2-PB1,776,2,0,0,2385,2387,C
2-PB1,777,1,2379,0,0,2380,T
2-PB1,778,2366,1,0,0,2367,A
2-PB1,779,0,3,2355,1,2359,G
2-PB1,780,2361,1,0,0,2362,A
2-PB1,781,2357,1,3,1,2362,A
2-PB1,782,1,2,2366,0,2369,G
2-PB1,783,1,1,0,2328,2330,C
2-PB1,784,2329,0,0,0,2329,A
2-PB1,785,0,2318,0,0,2318,T
2-PB1,786,0,2312,0,2,2314,T
2-PB1,787,0,2313,0,1,2314,T
2-PB1,788,2,2,2324,0,2328,G
2-PB1,789,3,2,0,2310,2315,C
2-PB1,790,0,8,2313,0,2321,G
2-PB1,791,2321,0,0,0,2321,A
2-PB1,792,2306,0,3,0,2309,A
2-PB1,793,2307,0,2,0,2309,A
2-PB1,794,2395,0,3,0,2398,A
2-PB1,795,0,1,2421,0,2422,G
2-PB1,796,1,0,0,2425,2426,C
2-PB1,797,1,2414,3,2,2420,T
2-PB1,798,0,2425,0,1,2426,T
2-PB1,799,1,11,2413,0,2425,G
2-PB1,800,2428,0,3,0,2431,A
2-PB1,801,2424,0,4,0,2428,A
2-PB1,802,0,1,0,2440,2441,C
2-PB1,803,2351,0,0,1,2352,A
2-PB1,804,0,1,2539,0,2540,G
2-PB1,805,0,2517,0,0,2517,T
2-PB1,806,8,0,0,2520,2528,C
2-PB1,807,0,2532,0,1,2533,T
2-PB1,808,3,6,2528,0,2537,G
2-PB1,809,0,7,2537,1,2545,G
2-PB1,810,2548,0,2,0,2550,A
2-PB1,811,3,1,0,2551,2555,C
2-PB1,812,0,2464,0,3,2467,T
2-PB1,813,0,2327,0,1,2328,T
2-PB1,814,2,0,0,2318,2320,C
2-PB1,815,2,1,0,2316,2319,C
2-PB1,816,1,8,2326,0,2335,G
2-PB1,817,1,0,2342,0,2343,G
2-PB1,818,0,2321,0,0,2321,T
2-PB1,819,2,2314,0,1,2317,T
2-PB1,820,1,5,2304,0,2310,G
2-PB1,821,0,5,2308,0,2313,G
2-PB1,822,0,1,2318,0,2319,G
2-PB1,823,0,7,2301,0,2308,G
2-PB1,824,1,2,2325,0,2328,G
2-PB1,825,0,2298,1,0,2299,T
2-PB1,826,2299,0,1,0,2300,A
2-PB1,827,2307,0,3,0,2310,A
2-PB1,828,0,2317,0,2,2319,T
2-PB1,829,0,9,2313,1,2323,G
2-PB1,830,2285,0,0,1,2286,A
2-PB1,831,2267,0,2,0,2269,A
2-PB1,832,2267,0,0,0,2267,A
2-PB1,833,2263,0,4,0,2267,A
2-PB1,834,0,5,2265,0,2270,G
2-PB1,835,2235,1,2,0,2238,A
2-PB1,836,2212,0,4,1,2217,A
2-PB1,837,0,2,2223,0,2225,G
2-PB1,838,1,3,2210,0,2214,G
2-PB1,839,2,0,0,2208,2210,C
2-PB1,840,4,1,0,2203,2208,C
2-PB1,841,2213,0,1,0,2214,A
2-PB1,842,2211,1,1,0,2213,A
2-PB1,843,2212,1,0,0,2213,A
2-PB1,844,3,0,1,2212,2216,C
2-PB1,845,0,2215,0,0,2215,T
2-PB1,846,1,6,2239,0,2246,G
2-PB1,847,2,0,2236,0,2238,G
2-PB1,848,0,0,0,2244,2244,C
2-PB1,849,2248,0,1,0,2249,A
2-PB1,850,2247,0,2,0,2249,A
2-PB1,851,2253,0,0,1,2254,A
2-PB1,852,0,2248,0,1,2249,T
2-PB1,853,1,4,2252,0,2257,G
2-PB1,854,1,2240,0,1,2242,T
2-PB1,855,0,2181,0,0,2181,T
2-PB1,856,3,2,2186,0,2191,G
2-PB1,857,1,2173,0,4,2178,T
2-PB1,858,0,7,2180,0,2187,G
2-PB1,859,2175,1,2,0,2178,A
2-PB1,860,1,6,2177,0,2184,G
2-PB1,861,2179,0,2,0,2181,A
2-PB1,862,2164,1,0,0,2165,A
2-PB1,863,2161,0,1,0,2162,A
2-PB1,864,2173,0,0,0,2173,A
2-PB1,865,2183,0,1,0,2184,A
2-PB1,866,0,2177,0,0,2177,T
2-PB1,867,1,4,2170,0,2175,G
2-PB1,868,2166,0,2,0,2168,A
2-PB1,869,2,2138,1,1,2142,T
2-PB1,870,1,14,2142,0,2157,G
2-PB1,871,2150,0,4,0,2154,A
2-PB1,872,1,1,0,2180,2182,C
2-PB1,873,0,2176,0,0,2176,T
2-PB1,874,2174,0,0,0,2174,A
2-PB1,875,2183,1,0,0,2184,A
2-PB1,876,1,2185,0,0,2186,T
2-PB1,877,1,2201,0,0,2202,T
2-PB1,878,13,0,0,2202,2215,C
2-PB1,879,2210,0,2,0,2212,A
2-PB1,880,2,0,1,2208,2211,C
2-PB1,881,2189,0,1,0,2190,A
2-PB1,882,2188,0,4,0,2192,A
2-PB1,883,0,2,2201,0,2203,G
2-PB1,884,2228,1,2,0,2231,A
2-PB1,885,0,0,0,2223,2223,C
2-PB1,886,2202,1,2,0,2205,A
2-PB1,887,1,0,0,2195,2196,C
2-PB1,888,2161,2,4,0,2167,A
2-PB1,889,2,3,2178,0,2183,G
2-PB1,890,2171,0,4,0,2175,A
2-PB1,891,0,0,2190,0,2190,G
2-PB1,892,0,0,0,2176,2176,C
2-PB1,893,1,2114,0,7,2122,T
2-PB1,894,0,2146,1,1,2148,T
2-PB1,895,0,2141,0,1,2142,T
2-PB1,896,12,0,0,2140,2152,C
2-PB1,897,0,2145,0,3,2148,T
2-PB1,898,0,2136,0,0,2136,T
2-PB1,899,0,2120,1,2,2123,T
2-PB1,900,9,2,0,2112,2123,C
2-PB1,901,2114,0,2,0,2116,A
2-PB1,902,1,0,0,2131,2132,C
2-PB1,903,2098,2,1,0,2101,A
2-PB1,904,2113,0,0,0,2113,A
2-PB1,905,0,2129,0,1,2130,T
2-PB1,906,7,1,0,2146,2154,C
2-PB1,907,2164,0,0,0,2164,A
2-PB1,908,4,1,0,2168,2173,C
2-PB1,909,1,2159,0,1,2161,T
2-PB1,910,0,1,2174,0,2175,G
2-PB1,911,1,6,2151,0,2158,G
2-PB1,912,0,5,2221,0,2226,G
2-PB1,913,4,6,2214,1,2225,G
2-PB1,914,2195,0,1,1,2197,A
2-PB1,915,3,0,0,2092,2095,C
2-PB1,916,2111,1,5,1,2118,A
2-PB1,917,2257,0,3,0,2260,A
2-PB1,918,1,0,0,2283,2284,C
2-PB1,919,2280,0,2,0,2282,A
2-PB1,920,2,0,2,2277,2281,C
2-PB1,921,0,2157,0,1,2158,T
2-PB1,922,2165,0,1,0,2166,A
2-PB1,923,2166,0,2,0,2168,A
2-PB1,924,1,2,2179,0,2182,G
2-PB1,925,0,2169,0,2,2171,T
2-PB1,926,0,5,2026,1,2032,G
2-PB1,927,0,5,2004,1,2010,G
2-PB1,928,1998,2,1,0,2001,A
2-PB1,929,2007,0,0,0,2007,A
2-PB1,930,0,1999,0,0,1999,T
2-PB1,931,2,5,1988,0,1995,G
2-PB1,932,1991,0,1,0,1992,A
2-PB1,933,1959,0,2,0,1961,A
2-PB1,934,1966,0,3,0,1969,A
2-PB1,935,1977,1,0,0,1978,A
2-PB1,936,1,1962,0,0,1963,T
2-PB1,937,5,0,0,1960,1965,C
2-PB1,938,1957,1,1,0,1959,A
2-PB1,939,1958,0,0,0,1958,A
2-PB1,940,1951,0,2,0,1953,A
2-PB1,941,1962,0,1,0,1963,A
2-PB1,942,3,0,0,1964,1967,C
2-PB1,943,6,1,0,1948,1955,C
2-PB1,944,1,0,0,1946,1947,C
2-PB1,945,0,1938,0,1,1939,T
2-PB1,946,5,1,0,1945,1951,C
2-PB1,947,0,3,1954,0,1957,G
2-PB1,948,1955,1,0,1,1957,A
2-PB1,949,1949,0,1,0,1950,A
2-PB1,950,1,1945,0,1,1947,T
2-PB1,951,1,2,1955,0,1958,G
2-PB1,952,0,1923,0,3,1926,T
2-PB1,953,1,1927,1,1,1930,T
2-PB1,954,0,1936,0,0,1936,T
2-PB1,955,1,1923,0,0,1924,T
2-PB1,956,1,1925,0,1,1927,T
2-PB1,957,0,2,1926,0,1928,G
2-PB1,958,1,2,1921,0,1924,G
2-PB1,959,0,2,0,1920,1922,C
2-PB1,960,0,3,1892,0,1895,G
2-PB1,961,1888,1,0,0,1889,A
2-PB1,962,0,1929,0,1,1930,T
2-PB1,963,0,5,2012,0,2017,G
2-PB1,964,2108,0,0,0,2108,A
2-PB1,965,0,2113,0,0,2113,T
2-PB1,966,0,2118,0,1,2119,T
2-PB1,967,2124,1,1,0,2126,A
2-PB1,968,1,0,0,2126,2127,C
2-PB1,969,2135,0,1,0,2136,A
2-PB1,970,1,2127,1,1,2130,T
2-PB1,971,2007,0,0,0,2007,A
2-PB1,972,1,1,0,2020,2022,C
2-PB1,973,1793,0,1,0,1794,A
2-PB1,974,0,1780,0,0,1780,T
2-PB1,975,9,1,0,1763,1773,C
2-PB1,976,1756,0,4,0,1760,A
2-PB1,977,2,2,0,1758,1762,C
2-PB1,978,1733,1,0,0,1734,A
2-PB1,979,1737,0,0,0,1737,A
2-PB1,980,1733,0,0,0,1733,A
2-PB1,981,1,3,1650,0,1654,G
2-PB1,982,1723,0,0,0,1723,A
2-PB1,983,1722,0,2,0,1724,A
2-PB1,984,1,1727,0,0,1728,T
2-PB1,985,9,2,1,1720,1732,C
2-PB1,986,1750,0,0,0,1750,A
2-PB1,987,1757,0,0,0,1757,A
2-PB1,988,2,0,1,1756,1759,C
2-PB1,989,3,1,0,1757,1761,C
2-PB1,990,0,1645,0,1,1646,T
2-PB1,991,0,7,1651,1,1659,G
2-PB1,992,1652,0,1,0,1653,A
2-PB1,993,1,0,1656,0,1657,G
2-PB1,994,0,1644,0,0,1644,T
2-PB1,995,0,7,1594,0,1601,G
2-PB1,996,4,0,1694,0,1698,G
2-PB1,997,0,1677,0,3,1680,T
2-PB1,998,0,1675,1,2,1678,T
2-PB1,999,6,0,0,1675,1681,C
2-PB1,1000,1662,0,1,0,1663,A
2-PB1,1001,0,4,1689,1,1694,G
2-PB1,1002,1689,0,2,0,1691,A
2-PB1,1003,1693,0,1,0,1694,A
2-PB1,1004,1680,0,2,0,1682,A
2-PB1,1005,0,1,0,1526,1527,C
2-PB1,1006,1531,0,1,0,1532,A
2-PB1,1007,0,1529,0,3,1532,T
2-PB1,1008,5,0,0,1532,1537,C
2-PB1,1009,2,1,0,1539,1542,C
2-PB1,1010,0,1475,1,2,1478,T
2-PB1,1011,0,7,1475,0,1482,G
2-PB1,1012,1471,1,0,0,1472,A
2-PB1,1013,0,0,1489,0,1489,G
2-PB1,1014,1,0,0,1476,1477,C
2-PB1,1015,1427,0,0,0,1427,A
2-PB1,1016,0,1431,0,0,1431,T
2-PB1,1017,1,0,1,1422,1424,C
2-PB1,1018,1,1,1413,2,1417,G
2-PB1,1019,3,0,1,1472,1476,C
2-PB1,1020,1475,0,2,0,1477,A
2-PB1,1021,3,0,0,1531,1534,C
2-PB1,1022,5,2,0,1522,1529,C
2-PB1,1023,1530,0,0,0,1530,A
2-PB1,1024,1552,0,3,0,1555,A
2-PB1,1025,0,1557,0,0,1557,T
2-PB1,1026,1554,0,0,0,1554,A
2-PB1,1027,1557,0,0,0,1557,A
2-PB1,1028,1,1503,0,0,1504,T
2-PB1,1029,2,1,1514,0,1517,G
2-PB1,1030,0,1483,0,0,1483,T
2-PB1,1031,0,1474,0,0,1474,T
2-PB1,1032,9,2,1,1471,1483,C
2-PB1,1033,0,1466,0,2,1468,T
2-PB1,1034,3,0,0,1466,1469,C
2-PB1,1035,1472,0,0,0,1472,A
2-PB1,1036,1465,2,1,0,1468,A
2-PB1,1037,1474,0,1,0,1475,A
2-PB1,1038,1,0,0,1479,1480,C
2-PB1,1039,1471,0,1,0,1472,A
2-PB1,1040,1467,0,1,2,1470,A
2-PB1,1041,1464,0,2,0,1466,A
2-PB1,1042,1468,0,1,0,1469,A
2-PB1,1043,0,1498,0,0,1498,T
2-PB1,1044,0,5,1493,0,1498,G
2-PB1,1045,0,1,1492,0,1493,G
2-PB1,1046,1,0,0,1490,1491,C
2-PB1,1047,1489,0,2,0,1491,A
2-PB1,1048,1495,2,0,0,1497,A
2-PB1,1049,1,6,1499,0,1506,G
2-PB1,1050,1500,1,3,0,1504,A
2-PB1,1051,2,0,0,1514,1516,C
2-PB1,1052,1,1484,0,1,1486,T
2-PB1,1053,1,2,1513,0,1516,G
2-PB1,1054,2,3,1507,0,1512,G
2-PB1,1055,0,4,1518,0,1522,G
2-PB1,1056,1521,0,1,0,1522,A
2-PB1,1057,1523,0,2,0,1525,A
2-PB1,1058,1520,0,1,0,1521,A
2-PB1,1059,1511,0,3,0,1514,A
2-PB1,1060,0,2,1558,1,1561,G
2-PB1,1061,1,3,1551,0,1555,G
2-PB1,1062,1547,0,1,0,1548,A
2-PB1,1063,1,1540,0,1,1542,T
2-PB1,1064,1533,0,4,0,1537,A
2-PB1,1065,1,0,0,1539,1540,C
2-PB1,1066,1547,0,0,0,1547,A
2-PB1,1067,0,1543,0,0,1543,T
2-PB1,1068,0,2,1549,0,1551,G
2-PB1,1069,1,1517,0,4,1522,T
2-PB1,1070,0,1520,0,0,1520,T
2-PB1,1071,10,2,0,1507,1519,C
2-PB1,1072,2,4,1512,0,1518,G
2-PB1,1073,1526,1,3,1,1531,A
2-PB1,1074,0,2,1563,1,1566,G
2-PB1,1075,1539,0,1,0,1540,A
2-PB1,1076,1,2,1558,0,1561,G
2-PB1,1077,1,1540,0,0,1541,T
2-PB1,1078,1532,0,1,0,1533,A
2-PB1,1079,1532,0,4,0,1536,A
2-PB1,1080,1,7,1537,0,1545,G
2-PB1,1081,1539,0,3,0,1542,A
2-PB1,1082,0,6,1561,0,1567,G
2-PB1,1083,1537,0,1,0,1538,A
2-PB1,1084,1549,1,0,0,1550,A
2-PB1,1085,1,1528,0,1,1530,T
2-PB1,1086,0,2,1524,0,1526,G
2-PB1,1087,1525,0,1,0,1526,A
2-PB1,1088,1515,0,0,0,1515,A
2-PB1,1089,1,0,1520,0,1521,G
2-PB1,1090,0,0,0,1517,1517,C
2-PB1,1091,1,1488,0,3,1492,T
2-PB1,1092,2,0,1,1493,1496,C
2-PB1,1093,6,1,0,1494,1501,C
2-PB1,1094,1,3,1502,0,1506,G
2-PB1,1095,2,2,1501,0,1505,G
2-PB1,1096,1508,1,2,0,1511,A
2-PB1,1097,2,0,0,1540,1542,C
2-PB1,1098,1546,0,0,0,1546,A
2-PB1,1099,0,0,0,1559,1559,C
2-PB1,1100,1559,0,1,1,1561,A
2-PB1,1101,1560,0,1,0,1561,A
2-PB1,1102,1567,0,0,0,1567,A
2-PB1,1103,0,1564,0,1,1565,T
2-PB1,1104,1568,0,0,0,1568,A
2-PB1,1105,1,0,0,1566,1567,C
2-PB1,1106,5,2,0,1537,1544,C
2-PB1,1107,0,1516,0,2,1518,T
2-PB1,1108,4,1,1529,0,1534,G
2-PB1,1109,1,0,0,1534,1535,C
2-PB1,1110,1532,0,0,0,1532,A
2-PB1,1111,0,1,1534,1,1536,G
2-PB1,1112,1523,0,2,0,1525,A
2-PB1,1113,1527,0,1,0,1528,A
2-PB1,1114,1527,0,0,0,1527,A
2-PB1,1115,0,1521,0,0,1521,T
2-PB1,1116,1,0,1527,0,1528,G
2-PB1,1117,1,0,0,1517,1518,C
2-PB1,1118,0,1513,0,1,1514,T
2-PB1,1119,1538,1,1,0,1540,A
2-PB1,1120,0,2,1534,0,1536,G
2-PB1,1121,0,0,0,1539,1539,C
2-PB1,1122,1536,0,2,0,1538,A
2-PB1,1123,1530,1,3,0,1534,A
2-PB1,1124,1,2,1529,0,1532,G
2-PB1,1125,2,0,0,1524,1526,C
2-PB1,1126,1514,0,0,0,1514,A
2-PB1,1127,0,1544,0,2,1546,T
2-PB1,1128,0,1539,1,2,1542,T
2-PB1,1129,0,1,1588,0,1589,G
2-PB1,1130,1605,0,2,0,1607,A
2-PB1,1131,1,1,0,1610,1612,C
2-PB1,1132,2,0,0,1608,1610,C
2-PB1,1133,0,1563,0,4,1567,T
2-PB1,1134,0,3,1595,0,1598,G
2-PB1,1135,1596,1,0,0,1597,A
2-PB1,1136,1598,0,2,0,1600,A
2-PB1,1137,0,1,1636,0,1637,G
2-PB1,1138,0,1589,0,1,1590,T
2-PB1,1139,1589,0,1,0,1590,A
2-PB1,1140,0,1578,0,1,1579,T
2-PB1,1141,0,1572,0,1,1573,T
2-PB1,1142,1,1563,0,3,1567,T
2-PB1,1143,2,1,0,1557,1560,C
2-PB1,1144,1559,0,1,0,1560,A
2-PB1,1145,1561,0,0,0,1561,A
2-PB1,1146,0,2,0,1531,1533,C
2-PB1,1147,1,5,1531,0,1537,G
2-PB1,1148,1540,0,1,0,1541,A
2-PB1,1149,1544,0,0,0,1544,A
2-PB1,1150,0,1543,0,0,1543,T
2-PB1,1151,4,1,0,1546,1551,C
2-PB1,1152,1555,0,0,0,1555,A
2-PB1,1153,1557,0,2,0,1559,A
2-PB1,1154,2,1,0,1550,1553,C
2-PB1,1155,1556,1,0,0,1557,A
2-PB1,1156,1555,0,2,0,1557,A
2-PB1,1157,1,3,1553,0,1557,G
2-PB1,1158,0,4,1570,0,1574,G
2-PB1,1159,1571,0,0,0,1571,A
2-PB1,1160,1564,0,2,0,1566,A
2-PB1,1161,0,3,1568,0,1571,G
2-PB1,1162,1564,0,1,0,1565,A
2-PB1,1163,1567,0,0,0,1567,A
2-PB1,1164,1564,0,1,0,1565,A
2-PB1,1165,1561,0,3,0,1564,A
2-PB1,1166,0,1558,0,0,1558,T
2-PB1,1167,2,1537,0,0,1539,T
2-PB1,1168,2,9,1537,0,1548,G
2-PB1,1169,1539,1,5,0,1545,A
2-PB1,1170,0,5,1546,0,1551,G
2-PB1,1171,1549,0,1,0,1550,A
2-PB1,1172,1557,0,1,0,1558,A
2-PB1,1173,1581,1,0,0,1582,A
2-PB1,1174,1587,0,0,1,1588,A
2-PB1,1175,0,1593,0,0,1593,T
2-PB1,1176,1591,0,0,1,1592,A
2-PB1,1177,1590,0,3,0,1593,A
2-PB1,1178,0,4,1590,0,1594,G
2-PB1,1179,0,2,1593,0,1595,G
2-PB1,1180,0,1,0,1588,1589,C
2-PB1,1181,0,0,0,1576,1576,C
2-PB1,1182,1,1561,0,3,1565,T
2-PB1,1183,2,0,0,1774,1776,C
2-PB1,1184,0,1799,1,3,1803,T
2-PB1,1185,0,1805,0,0,1805,T
2-PB1,1186,1,0,0,1839,1840,C
2-PB1,1187,0,1831,0,1,1832,T
2-PB1,1188,1838,0,0,0,1838,A
2-PB1,1189,1839,0,2,0,1841,A
2-PB1,1190,0,1840,0,0,1840,T
2-PB1,1191,1846,2,0,0,1848,A
2-PB1,1192,0,6,1817,0,1823,G
2-PB1,1193,1684,1,0,0,1685,A
2-PB1,1194,0,1684,0,0,1684,T
2-PB1,1195,0,6,1643,0,1649,G
2-PB1,1196,3,0,1664,0,1667,G
2-PB1,1197,2,1,0,1660,1663,C
2-PB1,1198,1670,0,0,0,1670,A
2-PB1,1199,0,0,0,1673,1673,C
2-PB1,1200,1642,0,0,0,1642,A
2-PB1,1201,1,4,1696,0,1701,G
2-PB1,1202,2,2,0,1683,1687,C
2-PB1,1203,1698,1,0,0,1699,A
2-PB1,1204,0,1743,0,2,1745,T
2-PB1,1205,3,1,0,1735,1739,C
2-PB1,1206,1754,0,0,0,1754,A
2-PB1,1207,1,1749,0,1,1751,T
2-PB1,1208,2,1735,0,2,1739,T
2-PB1,1209,0,2,1735,0,1737,G
2-PB1,1210,1680,0,1,0,1681,A
2-PB1,1211,0,0,1745,0,1745,G
2-PB1,1212,1,1,1,1735,1738,C
2-PB1,1213,7,1,0,1697,1705,C
2-PB1,1214,1,0,0,1734,1735,C
2-PB1,1215,0,1721,0,4,1725,T
2-PB1,1216,2,5,1870,0,1877,G
2-PB1,1217,0,7,1910,0,1917,G
2-PB1,1218,1911,0,5,0,1916,A
2-PB1,1219,1981,1,0,0,1982,A
2-PB1,1220,0,1937,0,1,1938,T
2-PB1,1221,0,2,2000,0,2002,G
2-PB1,1222,2037,1,0,0,2038,A
2-PB1,1223,0,2049,0,1,2050,T
2-PB1,1224,1,7,2051,0,2059,G
2-PB1,1225,2033,0,1,0,2034,A
2-PB1,1226,2,2012,0,0,2014,T
2-PB1,1227,1,2,2010,0,2013,G
2-PB1,1228,2,7,2032,1,2042,G
2-PB1,1229,1,1,2045,1,2048,G
2-PB1,1230,2,0,0,2039,2041,C
2-PB1,1231,2044,0,2,0,2046,A
2-PB1,1232,0,2053,0,2,2055,T
2-PB1,1233,0,1,2163,0,2164,G
2-PB1,1234,0,2172,0,1,2173,T
2-PB1,1235,1,2212,0,1,2214,T
2-PB1,1236,14,1,0,2205,2220,C
2-PB1,1237,2222,0,1,0,2223,A
2-PB1,1238,2226,2,2,0,2230,A
2-PB1,1239,2,0,0,2226,2228,C
2-PB1,1240,2234,0,0,0,2234,A
2-PB1,1241,1,2226,0,2,2229,T
2-PB1,1242,1,1,2231,0,2233,G
2-PB1,1243,1,1,0,2233,2235,C
2-PB1,1244,1,2217,0,2,2220,T
2-PB1,1245,0,9,2200,0,2209,G
2-PB1,1246,2272,1,0,0,2273,A
2-PB1,1247,0,1,2301,0,2302,G
2-PB1,1248,0,2305,0,0,2305,T
2-PB1,1249,2291,1,2,0,2294,A
2-PB1,1250,2,3,0,2307,2312,C
2-PB1,1251,1,6,2314,0,2321,G
2-PB1,1252,1,0,2480,0,2481,G
2-PB1,1253,1,2476,0,1,2478,T
2-PB1,1254,1,2432,0,3,2436,T
2-PB1,1255,0,2438,0,1,2439,T
2-PB1,1256,0,2430,0,0,2430,T
2-PB1,1257,2431,0,2,1,2434,A
2-PB1,1258,0,5,2427,0,2432,G
2-PB1,1259,0,5,2429,0,2434,G
2-PB1,1260,2362,2,4,0,2368,A
2-PB1,1261,0,1,2350,0,2351,G
2-PB1,1262,0,2366,0,1,2367,T
2-PB1,1263,5,0,0,2364,2369,C
2-PB1,1264,2,2364,1,2,2369,T
2-PB1,1265,7,2,0,2362,2371,C
2-PB1,1266,4,13,2361,0,2378,G
2-PB1,1267,2465,0,1,0,2466,A
2-PB1,1268,0,2465,0,2,2467,T
2-PB1,1269,2477,1,1,0,2479,A
2-PB1,1270,0,0,1,2475,2476,C
2-PB1,1271,0,2442,0,3,2445,T
2-PB1,1272,1,11,2439,0,2451,G
2-PB1,1273,2446,0,0,0,2446,A
2-PB1,1274,2488,0,0,0,2488,A
2-PB1,1275,0,2484,1,2,2487,T
2-PB1,1276,4,0,0,2427,2431,C
2-PB1,1277,1,2419,0,2,2422,T
2-PB1,1278,0,2402,0,1,2403,T
2-PB1,1279,1,6,2412,0,2419,G
2-PB1,1280,1,6,2410,2,2419,G
2-PB1,1281,2415,0,2,0,2417,A
2-PB1,1282,0,0,0,2422,2422,C
2-PB1,1283,2366,0,1,0,2367,A
2-PB1,1284,2381,2,0,1,2384,A
2-PB1,1285,2389,0,0,0,2389,A
2-PB1,1286,2401,0,2,0,2403,A
2-PB1,1287,0,2,2446,0,2448,G
2-PB1,1288,2454,1,0,0,2455,A
2-PB1,1289,2446,0,1,0,2447,A
2-PB1,1290,2459,0,2,0,2461,A
2-PB1,1291,0,2460,0,0,2460,T
2-PB1,1292,2465,0,2,0,2467,A
2-PB1,1293,3,1,0,2543,2547,C
2-PB1,1294,2528,0,3,0,2531,A
2-PB1,1295,3,0,0,2538,2541,C
2-PB1,1296,7,0,1,2490,2498,C
2-PB1,1297,2502,0,1,0,2503,A
2-PB1,1298,2533,1,0,0,2534,A
2-PB1,1299,0,11,2615,0,2626,G
2-PB1,1300,2651,1,2,0,2654,A
2-PB1,1301,2,0,0,2674,2676,C
2-PB1,1302,2594,0,2,0,2596,A
2-PB1,1303,2676,0,3,0,2679,A
2-PB1,1304,1,1,0,2689,2691,C
2-PB1,1305,2722,0,0,0,2722,A
2-PB1,1306,0,2726,1,3,2730,T
2-PB1,1307,2707,1,1,1,2710,A
2-PB1,1308,1,0,0,2768,2769,C
2-PB1,1309,2,2678,0,4,2684,T
2-PB1,1310,1,5,2718,0,2724,G
2-PB1,1311,1,4,2718,0,2723,G
2-PB1,1312,0,2677,0,0,2677,T
2-PB1,1313,1,8,2658,0,2667,G
2-PB1,1314,0,7,2644,0,2651,G
2-PB1,1315,0,9,2644,1,2654,G
2-PB1,1316,2646,0,5,0,2651,A
2-PB1,1317,1,2615,0,1,2617,T
2-PB1,1318,1,6,2610,1,2618,G
2-PB1,1319,0,5,2591,1,2597,G
2-PB1,1320,2,0,2610,0,2612,G
2-PB1,1321,0,2,0,2658,2660,C
2-PB1,1322,0,2645,0,4,2649,T
2-PB1,1323,4,0,1,2671,2676,C
2-PB1,1324,4,2,0,2659,2665,C
2-PB1,1325,2670,0,0,0,2670,A
2-PB1,1326,2678,0,0,0,2678,A
2-PB1,1327,0,2668,1,1,2670,T
2-PB1,1328,5,1,2,2650,2658,C
2-PB1,1329,6,0,0,2638,2644,C
2-PB1,1330,1,2617,1,0,2619,T
2-PB1,1331,3,0,0,2617,2620,C
2-PB1,1332,2,1,0,2601,2604,C
2-PB1,1333,2,6,2601,0,2609,G
2-PB1,1334,2607,1,1,0,2609,A
2-PB1,1335,0,4,0,2612,2616,C
2-PB1,1336,2,13,2605,1,2621,G
2-PB1,1337,2638,0,1,0,2639,A
2-PB1,1338,0,2628,0,2,2630,T
2-PB1,1339,0,2633,0,0,2633,T
2-PB1,1340,1,2634,0,0,2635,T
2-PB1,1341,0,2640,0,0,2640,T
2-PB1,1342,1,1,2639,0,2641,G
2-PB1,1343,1,1,0,2665,2667,C
2-PB1,1344,6,1,0,2656,2663,C
2-PB1,1345,7,0,0,2756,2763,C
2-PB1,1346,0,2720,0,5,2725,T
2-PB1,1347,7,1,0,2818,2826,C
2-PB1,1348,2845,1,1,0,2847,A
2-PB1,1349,0,2851,0,5,2856,T
2-PB1,1350,2857,0,1,0,2858,A
2-PB1,1351,1,1,2901,0,2903,G
2-PB1,1352,2,2859,0,2,2863,T
2-PB1,1353,1,10,2898,0,2909,G
2-PB1,1354,2815,1,0,1,2817,A
2-PB1,1355,2831,1,2,0,2834,A
2-PB1,1356,0,2727,1,2,2730,T
2-PB1,1357,2,6,2749,1,2758,G
2-PB1,1358,5,2,1,2783,2791,C
2-PB1,1359,2786,0,1,0,2787,A
2-PB1,1360,4,1,0,2770,2775,C
2-PB1,1361,4,2,0,2750,2756,C
2-PB1,1362,2710,1,1,0,2712,A
2-PB1,1363,0,8,2612,0,2620,G
2-PB1,1364,2613,0,1,0,2614,A
2-PB1,1365,1,2613,0,0,2614,T
2-PB1,1366,8,1,0,2761,2770,C
2-PB1,1367,2764,1,0,0,2765,A
2-PB1,1368,0,2769,0,1,2770,T
2-PB1,1369,1,2,2774,0,2777,G
2-PB1,1370,2777,0,8,0,2785,A
2-PB1,1371,1,5,2787,0,2793,G
2-PB1,1372,1,6,2719,0,2726,G
2-PB1,1373,3,9,2731,0,2743,G
2-PB1,1374,2717,1,4,0,2722,A
2-PB1,1375,2760,0,3,0,2763,A
2-PB1,1376,0,2767,0,3,2770,T
2-PB1,1377,2773,0,3,0,2776,A
2-PB1,1378,3,2,0,2777,2782,C
2-PB1,1379,2786,0,2,0,2788,A
2-PB1,1380,2783,1,4,0,2788,A
2-PB1,1381,1,0,2784,0,2785,G
2-PB1,1382,0,0,0,2761,2761,C
2-PB1,1383,2739,0,2,0,2741,A
2-PB1,1384,0,6,2765,0,2771,G
2-PB1,1385,0,14,2766,0,2780,G
2-PB1,1386,2764,1,4,0,2769,A
2-PB1,1387,3,4,2783,0,2790,G
2-PB1,1388,0,2751,0,0,2751,T
2-PB1,1389,2,9,2766,0,2777,G
2-PB1,1390,2,14,2780,0,2796,G
2-PB1,1391,2785,0,2,0,2787,A
2-PB1,1392,0,2791,0,0,2791,T
2-PB1,1393,2735,0,3,0,2738,A
2-PB1,1394,0,8,2761,0,2769,G
2-PB1,1395,2810,0,1,0,2811,A
2-PB1,1396,0,2804,1,1,2806,T
2-PB1,1397,1,2796,0,1,2798,T
2-PB1,1398,4,0,0,2892,2896,C
2-PB1,1399,0,2881,0,2,2883,T
2-PB1,1400,2884,0,0,0,2884,A
2-PB1,1401,1,2,0,2875,2878,C
2-PB1,1402,2820,0,4,0,2824,A
2-PB1,1403,2,7,2825,0,2834,G
2-PB1,1404,0,9,2779,0,2788,G
2-PB1,1405,2833,0,3,0,2836,A
2-PB1,1406,4,2,0,2821,2827,C
2-PB1,1407,5,1,0,2770,2776,C
2-PB1,1408,1,2748,0,2,2751,T
2-PB1,1409,0,2,2754,0,2756,G
2-PB1,1410,0,0,0,2753,2753,C
2-PB1,1411,2760,0,1,0,2761,A
2-PB1,1412,2776,1,5,0,2782,A
2-PB1,1413,0,1,2792,0,2793,G
2-PB1,1414,0,2743,0,1,2744,T
2-PB1,1415,0,2739,0,1,2740,T
2-PB1,1416,2717,0,3,0,2720,A
2-PB1,1417,1,1,2722,0,2724,G
2-PB1,1418,0,2709,0,4,2713,T
2-PB1,1419,0,6,2704,0,2710,G
2-PB1,1420,1,10,2696,0,2707,G
2-PB1,1421,2,5,2723,0,2730,G
2-PB1,1422,2719,2,0,0,2721,A
2-PB1,1423,2730,0,0,0,2730,A
2-PB1,1424,0,2727,0,2,2729,T
2-PB1,1425,11,1,1,2725,2738,C
2-PB1,1426,2736,0,3,0,2739,A
2-PB1,1427,2742,0,4,0,2746,A
2-PB1,1428,2,0,0,2746,2748,C
2-PB1,1429,2740,0,1,0,2741,A
2-PB1,1430,0,2673,0,2,2675,T
2-PB1,1431,1,11,2678,0,2690,G
2-PB1,1432,2685,0,5,0,2690,A
2-PB1,1433,0,1,2719,0,2720,G
2-PB1,1434,3,0,0,2703,2706,C
2-PB1,1435,2699,0,0,0,2699,A
2-PB1,1436,2699,0,0,0,2699,A
2-PB1,1437,2704,0,1,0,2705,A
2-PB1,1438,2712,0,4,1,2717,A
2-PB1,1439,2720,0,2,0,2722,A
2-PB1,1440,0,5,2721,0,2726,G
2-PB1,1441,2695,1,1,0,2697,A
2-PB1,1442,2657,0,2,0,2659,A
2-PB1,1443,1,2,2768,0,2771,G
2-PB1,1444,0,2764,0,3,2767,T
2-PB1,1445,7,1,0,2770,2778,C
2-PB1,1446,5,0,0,2782,2787,C
2-PB1,1447,0,2769,1,4,2774,T
2-PB1,1448,2804,1,3,0,2808,A
2-PB1,1449,0,2796,0,3,2799,T
2-PB1,1450,2798,0,0,0,2798,A
2-PB1,1451,0,2803,0,1,2804,T
2-PB1,1452,2690,0,0,0,2690,A
2-PB1,1453,2696,1,1,0,2698,A
2-PB1,1454,2683,1,0,0,2684,A
2-PB1,1455,0,2686,0,0,2686,T
2-PB1,1456,2656,0,2,0,2658,A
2-PB1,1457,2643,1,2,0,2646,A
2-PB1,1458,2676,0,0,0,2676,A
2-PB1,1459,2679,0,3,0,2682,A
2-PB1,1460,2,1,0,2683,2686,C
2-PB1,1461,2546,0,0,1,2547,A
2-PB1,1462,0,2,2547,1,2550,G
2-PB1,1463,1,8,2557,0,2566,G
2-PB1,1464,0,14,2555,0,2569,G
2-PB1,1465,2560,2,5,0,2567,A
2-PB1,1466,1,0,1,2591,2593,C
2-PB1,1467,2573,0,1,0,2574,A
2-PB1,1468,3,2596,0,1,2600,T
2-PB1,1469,0,2582,1,4,2587,T
2-PB1,1470,1,2590,0,1,2592,T
2-PB1,1471,0,7,2596,0,2603,G
2-PB1,1472,2592,0,2,1,2595,A
2-PB1,1473,2599,0,1,2,2602,A
2-PB1,1474,0,2593,1,2,2596,T
2-PB1,1475,0,2541,1,1,2543,T
2-PB1,1476,7,1,0,2552,2560,C
2-PB1,1477,2534,0,1,0,2535,A
2-PB1,1478,1,0,0,2537,2538,C
2-PB1,1479,0,2528,0,3,2531,T
2-PB1,1480,2545,0,1,0,2546,A
2-PB1,1481,0,0,2537,0,2537,G
2-PB1,1482,0,0,0,2550,2550,C
2-PB1,1483,0,2512,0,2,2514,T
2-PB1,1484,0,2552,0,1,2553,T
2-PB1,1485,0,2533,1,0,2534,T
2-PB1,1486,0,2537,1,0,2538,T
2-PB1,1487,0,2530,0,2,2532,T
2-PB1,1488,0,2531,0,0,2531,T
2-PB1,1489,0,2521,0,0,2521,T
2-PB1,1490,2517,2,0,1,2520,A
2-PB1,1491,0,2501,0,1,2502,T
2-PB1,1492,7,0,0,2508,2515,C
2-PB1,1493,0,5,2516,0,2521,G
2-PB1,1494,2597,0,2,0,2599,A
2-PB1,1495,0,2617,0,0,2617,T
2-PB1,1496,2628,0,0,0,2628,A
2-PB1,1497,1,2641,0,3,2645,T
2-PB1,1498,0,13,2634,1,2648,G
2-PB1,1499,1,10,2642,0,2653,G
2-PB1,1500,2655,0,3,0,2658,A
2-PB1,1501,1,2638,0,2,2641,T
2-PB1,1502,0,2622,0,0,2622,T
2-PB1,1503,0,2534,1,0,2535,T
2-PB1,1504,1,3,2536,0,2540,G
2-PB1,1505,1,2531,0,0,2532,T
2-PB1,1506,1,3,2520,0,2524,G
2-PB1,1507,1,1,2531,0,2533,G
2-PB1,1508,3,0,0,2507,2510,C
2-PB1,1509,0,2499,0,1,2500,T
2-PB1,1510,2508,0,1,0,2509,A
2-PB1,1511,2534,1,0,0,2535,A
2-PB1,1512,0,2555,0,0,2555,T
2-PB1,1513,1,2548,0,1,2550,T
2-PB1,1514,0,2551,0,0,2551,T
2-PB1,1515,0,2549,0,4,2553,T
2-PB1,1516,2553,0,1,0,2554,A
2-PB1,1517,0,1,2582,0,2583,G
2-PB1,1518,0,1,0,2582,2583,C
2-PB1,1519,2578,2,0,0,2580,A
2-PB1,1520,0,2554,0,2,2556,T
2-PB1,1521,0,4,2520,0,2524,G
2-PB1,1522,0,5,2561,1,2567,G
2-PB1,1523,2556,0,1,0,2557,A
2-PB1,1524,0,1,2562,0,2563,G
2-PB1,1525,1,0,0,2553,2554,C
2-PB1,1526,0,2508,0,3,2511,T
2-PB1,1527,0,1,2525,1,2527,G
2-PB1,1528,2,0,0,2523,2525,C
2-PB1,1529,8,1,1,2514,2524,C
2-PB1,1530,5,0,0,2531,2536,C
2-PB1,1531,2457,0,2,0,2459,A
2-PB1,1532,2,2,2601,0,2605,G
2-PB1,1533,0,2607,0,1,2608,T
2-PB1,1534,0,2602,0,1,2603,T
2-PB1,1535,2,2601,1,0,2604,T
2-PB1,1536,1,2568,0,1,2570,T
2-PB1,1537,0,4,2555,0,2559,G
2-PB1,1538,0,7,2565,0,2572,G
2-PB1,1539,2546,1,4,0,2551,A
2-PB1,1540,0,2,2553,0,2555,G
2-PB1,1541,0,2368,1,2,2371,T
2-PB1,1542,0,2,2478,0,2480,G
2-PB1,1543,0,2475,0,1,2476,T
2-PB1,1544,11,1,0,2461,2473,C
2-PB1,1545,1,2472,0,1,2474,T
2-PB1,1546,2,4,2484,1,2491,G
2-PB1,1547,0,5,2514,0,2519,G
2-PB1,1548,2515,1,1,0,2517,A
2-PB1,1549,2514,0,4,0,2518,A
2-PB1,1550,2,2513,1,0,2516,T
2-PB1,1551,2329,0,3,0,2332,A
2-PB1,1552,2325,0,5,0,2330,A
2-PB1,1553,2319,1,4,0,2324,A
2-PB1,1554,0,1,0,2331,2332,C
2-PB1,1555,1,10,2302,0,2313,G
2-PB1,1556,2266,0,3,0,2269,A
2-PB1,1557,0,0,2270,0,2270,G
2-PB1,1558,0,2262,0,0,2262,T
2-PB1,1559,7,0,1,2259,2267,C
2-PB1,1560,2259,0,1,0,2260,A
2-PB1,1561,1,1,2295,0,2297,G
2-PB1,1562,2,0,0,2296,2298,C
2-PB1,1563,0,2296,0,0,2296,T
2-PB1,1564,1,4,2354,0,2359,G
2-PB1,1565,2349,0,0,0,2349,A
2-PB1,1566,0,2356,0,0,2356,T
2-PB1,1567,2355,0,1,0,2356,A
2-PB1,1568,0,2316,0,0,2316,T
2-PB1,1569,0,8,2330,0,2338,G
2-PB1,1570,2231,0,4,0,2235,A
2-PB1,1571,0,0,2293,0,2293,G
2-PB1,1572,2,1,1,2280,2284,C
2-PB1,1573,2165,0,0,0,2165,A
2-PB1,1574,1,2157,0,1,2159,T
2-PB1,1575,0,2154,0,0,2154,T
2-PB1,1576,1,6,2163,0,2170,G
2-PB1,1577,0,5,2240,0,2245,G
2-PB1,1578,2204,0,2,1,2207,A
2-PB1,1579,0,1,2209,1,2211,G
2-PB1,1580,0,2120,0,2,2122,T
2-PB1,1581,2119,0,0,0,2119,A
2-PB1,1582,2108,1,4,0,2113,A
2-PB1,1583,1,0,0,2131,2132,C
2-PB1,1584,2123,0,1,0,2124,A
2-PB1,1585,0,2,2159,0,2161,G
2-PB1,1586,0,1920,0,2,1922,T
2-PB1,1587,2,10,1931,0,1943,G
2-PB1,1588,1973,1,3,0,1977,A
2-PB1,1589,0,1963,0,3,1966,T
2-PB1,1590,1965,0,0,0,1965,A
2-PB1,1591,1959,0,0,0,1959,A
2-PB1,1592,1891,0,3,1,1895,A
2-PB1,1593,1,5,1906,0,1912,G
2-PB1,1594,1823,0,0,0,1823,A
2-PB1,1595,1824,0,0,0,1824,A
2-PB1,1596,6,1,0,1823,1830,C
2-PB1,1597,1771,0,1,0,1772,A
2-PB1,1598,1790,0,1,0,1791,A
2-PB1,1599,1,3,0,1790,1794,C
2-PB1,1600,1823,0,2,0,1825,A
2-PB1,1601,0,1820,1,2,1823,T
2-PB1,1602,0,11,1793,0,1804,G
2-PB1,1603,1799,0,2,0,1801,A
2-PB1,1604,1,1801,0,0,1802,T
2-PB1,1605,1785,0,1,1,1787,A
2-PB1,1606,1800,0,1,0,1801,A
2-PB1,1607,1791,1,4,1,1797,A
2-PB1,1608,2,0,0,1802,1804,C
2-PB1,1609,1742,0,1,0,1743,A
2-PB1,1610,1735,0,0,0,1735,A
2-PB1,1611,0,1703,1,0,1704,T
2-PB1,1612,0,9,1703,0,1712,G
2-PB1,1613,1742,0,1,0,1743,A
2-PB1,1614,0,0,0,1755,1755,C
2-PB1,1615,6,1,0,1708,1715,C
2-PB1,1616,0,1656,0,2,1658,T
2-PB1,1617,0,1618,0,0,1618,T
2-PB1,1618,0,4,1616,0,1620,G
2-PB1,1619,0,4,1638,0,1642,G
2-PB1,1620,1655,0,1,0,1656,A
2-PB1,1621,0,1,0,1656,1657,C
2-PB1,1622,5,0,0,1635,1640,C
2-PB1,1623,1625,0,2,0,1627,A
2-PB1,1624,0,0,1636,0,1636,G
2-PB1,1625,0,2,0,1638,1640,C
2-PB1,1626,1634,1,2,0,1637,A
2-PB1,1627,1640,1,0,0,1641,A
2-PB1,1628,0,0,0,1639,1639,C
2-PB1,1629,1622,0,0,0,1622,A
2-PB1,1630,0,1,1664,0,1665,G
2-PB1,1631,1,0,0,1652,1653,C
2-PB1,1632,7,0,0,1659,1666,C
2-PB1,1633,4,0,0,1654,1658,C
2-PB1,1634,1670,0,0,0,1670,A
2-PB1,1635,1672,0,0,0,1672,A
2-PB1,1636,1670,1,1,0,1672,A
2-PB1,1637,0,1670,0,1,1671,T
2-PB1,1638,2,4,1663,0,1669,G
2-PB1,1639,0,0,1643,0,1643,G
2-PB1,1640,3,1,0,1637,1641,C
2-PB1,1641,0,1623,0,1,1624,T
2-PB1,1642,4,1,1,1671,1677,C
2-PB1,1643,0,1668,0,2,1670,T
2-PB1,1644,4,1,0,1673,1678,C
2-PB1,1645,4,0,0,1682,1686,C
2-PB1,1646,1689,0,1,0,1690,A
2-PB1,1647,1690,0,0,0,1690,A
2-PB1,1648,0,1680,0,0,1680,T
2-PB1,1649,0,1664,0,1,1665,T
2-PB1,1650,0,2,1665,0,1667,G
2-PB1,1651,2,1608,0,4,1614,T
2-PB1,1652,0,1608,0,0,1608,T
2-PB1,1653,7,2,2,1607,1618,C
2-PB1,1654,1611,0,0,0,1611,A
2-PB1,1655,0,1610,0,1,1611,T
2-PB1,1656,3,0,0,1610,1613,C
2-PB1,1657,1611,0,0,0,1611,A
2-PB1,1658,1614,0,0,1,1615,A
2-PB1,1659,1604,0,3,0,1607,A
2-PB1,1660,0,1,1634,1,1636,G
2-PB1,1661,1631,1,0,0,1632,A
2-PB1,1662,0,1633,1,0,1634,T
2-PB1,1663,0,1639,0,0,1639,T
2-PB1,1664,1641,0,1,0,1642,A
2-PB1,1665,2,0,0,1676,1678,C
2-PB1,1666,1671,0,2,0,1673,A
2-PB1,1667,0,5,1677,1,1683,G
2-PB1,1668,1671,1,2,1,1675,A
2-PB1,1669,0,1693,0,3,1696,T
2-PB1,1670,1703,0,1,0,1704,A
2-PB1,1671,2,1,0,1836,1839,C
2-PB1,1672,1873,3,3,0,1879,A
2-PB1,1673,2,0,0,1977,1979,C
2-PB1,1674,1940,0,0,0,1940,A
2-PB1,1675,0,1962,0,0,1962,T
2-PB1,1676,1949,0,2,0,1951,A
2-PB1,1677,0,1948,0,0,1948,T
2-PB1,1678,1889,0,1,0,1890,A
2-PB1,1679,0,4,1891,0,1895,G
2-PB1,1680,2,5,1835,0,1842,G
2-PB1,1681,0,1740,0,0,1740,T
2-PB1,1682,2,0,1699,0,1701,G
2-PB1,1683,2,0,0,1766,1768,C
2-PB1,1684,7,1,0,1755,1763,C
2-PB1,1685,1785,0,1,0,1786,A
2-PB1,1686,0,1785,0,1,1786,T
2-PB1,1687,1796,0,1,0,1797,A
2-PB1,1688,0,8,1797,1,1806,G
2-PB1,1689,1764,0,1,0,1765,A
2-PB1,1690,1,5,1779,0,1785,G
2-PB1,1691,0,3,1780,0,1783,G
2-PB1,1692,1712,1,1,0,1714,A
2-PB1,1693,0,2,1716,0,1718,G
2-PB1,1694,1702,0,3,0,1705,A
2-PB1,1695,0,1,0,1712,1713,C
2-PB1,1696,1700,0,0,0,1700,A
2-PB1,1697,0,0,1,1723,1724,C
2-PB1,1698,1716,1,4,0,1721,A
2-PB1,1699,0,1,0,1726,1727,C
2-PB1,1700,1716,0,0,0,1716,A
2-PB1,1701,1724,0,2,1,1727,A
2-PB1,1702,1731,0,1,0,1732,A
2-PB1,1703,1,1727,0,0,1728,T
2-PB1,1704,1,2,0,1725,1728,C
2-PB1,1705,3,1,0,1732,1736,C
2-PB1,1706,1713,1,1,0,1715,A
2-PB1,1707,0,4,1718,0,1722,G
2-PB1,1708,1719,0,1,1,1721,A
2-PB1,1709,1,0,0,1733,1734,C
2-PB1,1710,0,4,1721,0,1725,G
2-PB1,1711,1718,0,5,0,1723,A
2-PB1,1712,1,1,1721,0,1723,G
2-PB1,1713,1721,0,0,0,1721,A
2-PB1,1714,1726,0,3,0,1729,A
2-PB1,1715,0,7,1729,0,1736,G
2-PB1,1716,1727,1,3,0,1731,A
2-PB1,1717,0,1719,0,2,1721,T
2-PB1,1718,6,1,0,1715,1722,C
2-PB1,1719,1721,0,1,1,1723,A
2-PB1,1720,0,1720,0,0,1720,T
2-PB1,1721,0,1721,0,0,1721,T
2-PB1,1722,6,1,0,1711,1718,C
2-PB1,1723,2,4,1715,1,1722,G
2-PB1,1724,1705,0,1,0,1706,A
2-PB1,1725,1,2,1712,0,1715,G
2-PB1,1726,1701,0,1,0,1702,A
2-PB1,1727,0,1759,0,0,1759,T
2-PB1,1728,1773,0,0,1,1774,A
2-PB1,1729,1772,0,3,0,1775,A
2-PB1,1730,1768,0,5,1,1774,A
2-PB1,1731,4,1,1773,0,1778,G
2-PB1,1732,1772,0,0,1,1773,A
2-PB1,1733,1726,0,2,1,1729,A
2-PB1,1734,0,1,1742,0,1743,G
2-PB1,1735,1,0,0,1747,1748,C
2-PB1,1736,0,1724,0,0,1724,T
2-PB1,1737,11,1,1723,0,1735,G
2-PB1,1738,0,1727,0,0,1727,T
2-PB1,1739,0,5,1716,0,1721,G
2-PB1,1740,2,3,1722,0,1727,G
2-PB1,1741,0,5,1749,0,1754,G
2-PB1,1742,1753,0,1,0,1754,A
2-PB1,1743,1,1736,0,2,1739,T
2-PB1,1744,6,1,0,1724,1731,C
2-PB1,1745,1730,0,1,1,1732,A
2-PB1,1746,1742,0,1,0,1743,A
2-PB1,1747,1765,0,0,0,1765,A
2-PB1,1748,1,0,1,1759,1761,C
2-PB1,1749,4,1,0,1748,1753,C
2-PB1,1750,4,0,1,1739,1744,C
2-PB1,1751,1745,0,0,0,1745,A
2-PB1,1752,1780,0,2,0,1782,A
2-PB1,1753,1,1777,0,2,1780,T
2-PB1,1754,10,1,0,1775,1786,C
2-PB1,1755,1766,0,1,0,1767,A
2-PB1,1756,1738,0,2,1,1741,A
2-PB1,1757,1,4,1771,0,1776,G
2-PB1,1758,1,1,1761,0,1763,G
2-PB1,1759,0,2,1770,0,1772,G
2-PB1,1760,1,0,1,1771,1773,C
2-PB1,1761,1746,1,1,0,1748,A
2-PB1,1762,1,4,1773,0,1778,G
2-PB1,1763,1,3,1787,0,1791,G
2-PB1,1764,1794,1,3,0,1798,A
2-PB1,1765,2,0,1,1806,1809,C
2-PB1,1766,0,1773,0,1,1774,T
2-PB1,1767,1810,1,0,0,1811,A
2-PB1,1768,0,1807,0,1,1808,T
2-PB1,1769,0,1810,0,0,1810,T
2-PB1,1770,0,5,1803,0,1808,G
2-PB1,1771,1,3,1805,1,1810,G
2-PB1,1772,0,1800,0,1,1801,T
2-PB1,1773,1807,0,0,0,1807,A
2-PB1,1774,0,1776,0,0,1776,T
2-PB1,1775,2,1,0,1780,1783,C
2-PB1,1776,1735,0,1,0,1736,A
2-PB1,1777,0,2,1753,0,1755,G
2-PB1,1778,1745,2,1,1,1749,A
2-PB1,1779,0,1730,1,1,1732,T
2-PB1,1780,1,2,1659,0,1662,G
2-PB1,1781,0,3,1663,0,1666,G
2-PB1,1782,1,4,1660,0,1665,G
2-PB1,1783,0,3,1663,0,1666,G
2-PB1,1784,3,8,1668,1,1680,G
2-PB1,1785,1671,0,3,0,1674,A
2-PB1,1786,1,2,0,1663,1666,C
2-PB1,1787,4,1,0,1648,1653,C
2-PB1,1788,1654,0,0,0,1654,A
2-PB1,1789,1792,1,0,0,1793,A
2-PB1,1790,1792,1,3,0,1796,A
2-PB1,1791,0,1,1,1834,1836,C
2-PB1,1792,0,1815,0,0,1815,T
2-PB1,1793,0,1817,0,0,1817,T
2-PB1,1794,1821,0,2,0,1823,A
2-PB1,1795,0,1823,0,0,1823,T
2-PB1,1796,1822,0,1,0,1823,A
2-PB1,1797,1,1,0,1823,1825,C
2-PB1,1798,1679,0,1,0,1680,A
2-PB1,1799,1689,0,0,1,1690,A
2-PB1,1800,1,1637,0,0,1638,T
2-PB1,1801,1663,0,0,0,1663,A
2-PB1,1802,0,1658,0,1,1659,T
2-PB1,1803,3,4,0,1645,1652,C
2-PB1,1804,0,1,0,1655,1656,C
2-PB1,1805,2,2,1656,0,1660,G
2-PB1,1806,0,3,1656,0,1659,G
2-PB1,1807,1666,0,0,0,1666,A
2-PB1,1808,1657,0,1,0,1658,A
2-PB1,1809,0,1660,0,0,1660,T
2-PB1,1810,1,0,0,1663,1664,C
2-PB1,1811,0,1653,0,4,1657,T
2-PB1,1812,0,1664,0,1,1665,T
2-PB1,1813,1,0,1,1665,1667,C
2-PB1,1814,1669,0,2,0,1671,A
2-PB1,1815,2,0,0,1681,1683,C
2-PB1,1816,1675,0,0,0,1675,A
2-PB1,1817,0,1852,0,0,1852,T
2-PB1,1818,3,0,0,1846,1849,C
2-PB1,1819,6,1,0,1843,1850,C
2-PB1,1820,4,1,0,1856,1861,C
2-PB1,1821,1,1860,0,0,1861,T
2-PB1,1822,0,4,1859,0,1863,G
2-PB1,1823,1863,0,1,0,1864,A
2-PB1,1824,1859,1,0,0,1860,A
2-PB1,1825,0,1,1864,0,1865,G
2-PB1,1826,0,1743,0,4,1747,T
2-PB1,1827,10,0,0,1738,1748,C
2-PB1,1828,0,1720,0,3,1723,T
2-PB1,1829,1,1,1727,0,1729,G
2-PB1,1830,0,2,0,1714,1716,C
2-PB1,1831,3,0,0,1715,1718,C
2-PB1,1832,1,1779,0,0,1780,T
2-PB1,1833,1781,0,0,0,1781,A
2-PB1,1834,1789,0,0,0,1789,A
2-PB1,1835,1800,0,0,1,1801,A
2-PB1,1836,1,2,1814,0,1817,G
2-PB1,1837,0,1799,0,0,1799,T
2-PB1,1838,1,4,1759,0,1764,G
2-PB1,1839,1,2,1758,0,1761,G
2-PB1,1840,0,4,1754,0,1758,G
2-PB1,1841,1745,0,5,0,1750,A
2-PB1,1842,0,2,1761,0,1763,G
2-PB1,1843,1,1,0,1757,1759,C
2-PB1,1844,0,1740,0,1,1741,T
2-PB1,1845,1,4,1752,0,1757,G
2-PB1,1846,1748,0,2,0,1750,A
2-PB1,1847,1,1756,0,0,1757,T
2-PB1,1848,1,5,1754,1,1761,G
2-PB1,1849,0,5,1758,0,1763,G
2-PB1,1850,1762,0,2,0,1764,A
2-PB1,1851,2,1752,0,1,1755,T
2-PB1,1852,0,5,1754,0,1759,G
2-PB1,1853,1750,0,2,0,1752,A
2-PB1,1854,0,4,1769,0,1773,G
2-PB1,1855,1770,1,0,1,1772,A
2-PB1,1856,1772,0,1,0,1773,A
2-PB1,1857,0,1770,0,0,1770,T
2-PB1,1858,1,1765,0,0,1766,T
2-PB1,1859,1774,0,0,0,1774,A
2-PB1,1860,0,1773,0,1,1774,T
2-PB1,1861,2,0,0,1769,1771,C
2-PB1,1862,1,2,1775,1,1779,G
2-PB1,1863,0,7,1759,0,1766,G
2-PB1,1864,0,3,1759,0,1762,G
2-PB1,1865,0,1,1760,1,1762,G
2-PB1,1866,1753,0,0,0,1753,A
2-PB1,1867,1748,0,3,1,1752,A
2-PB1,1868,0,6,1758,0,1764,G
2-PB1,1869,1776,2,5,0,1783,A
2-PB1,1870,2,0,0,1788,1790,C
2-PB1,1871,0,1762,0,1,1763,T
2-PB1,1872,1,1795,0,0,1796,T
2-PB1,1873,2,1794,0,0,1796,T
2-PB1,1874,1,0,1807,1,1809,G
2-PB1,1875,1,1811,0,0,1812,T
2-PB1,1876,1801,0,1,0,1802,A
2-PB1,1877,1790,0,1,0,1791,A
2-PB1,1878,1,1765,0,0,1766,T
2-PB1,1879,5,0,0,1764,1769,C
2-PB1,1880,2,3,0,1763,1768,C
2-PB1,1881,5,0,0,1749,1754,C
2-PB1,1882,5,1,0,1758,1764,C
2-PB1,1883,1,1759,0,0,1760,T
2-PB1,1884,0,8,1759,0,1767,G
2-PB1,1885,1764,0,1,0,1765,A
2-PB1,1886,1776,0,0,0,1776,A
2-PB1,1887,0,1774,0,1,1775,T
2-PB1,1888,9,0,0,1760,1769,C
2-PB1,1889,3,1,0,1767,1771,C
2-PB1,1890,4,1,0,1760,1765,C
2-PB1,1891,0,1756,0,1,1757,T
2-PB1,1892,1,1757,0,0,1758,T
2-PB1,1893,0,1752,0,3,1755,T
2-PB1,1894,0,1,1756,0,1757,G
2-PB1,1895,0,1751,1,2,1754,T
2-PB1,1896,4,0,0,1742,1746,C
2-PB1,1897,1730,0,1,0,1731,A
2-PB1,1898,1,1,1757,0,1759,G
2-PB1,1899,3,1,1,1750,1755,C
2-PB1,1900,3,0,0,1751,1754,C
2-PB1,1901,1757,1,2,0,1760,A
2-PB1,1902,0,1760,0,0,1760,T
2-PB1,1903,1758,0,1,0,1759,A
2-PB1,1904,1759,2,1,0,1762,A
2-PB1,1905,1761,0,1,0,1762,A
2-PB1,1906,0,0,1797,0,1797,G
2-PB1,1907,1748,1,0,0,1749,A
2-PB1,1908,1761,0,1,0,1762,A
2-PB1,1909,1762,1,0,0,1763,A
2-PB1,1910,0,1752,0,0,1752,T
2-PB1,1911,0,1754,0,0,1754,T
2-PB1,1912,2,3,1749,0,1754,G
2-PB1,1913,1744,0,2,0,1746,A
2-PB1,1914,1,1,1765,0,1767,G
2-PB1,1915,0,1769,0,1,1770,T
2-PB1,1916,3,1,0,1779,1783,C
2-PB1,1917,1,1773,1,0,1775,T
2-PB1,1918,2,3,1811,0,1816,G
2-PB1,1919,0,1812,0,0,1812,T
2-PB1,1920,1835,0,1,0,1836,A
2-PB1,1921,1839,0,2,0,1841,A
2-PB1,1922,1840,1,0,0,1841,A
2-PB1,1923,1,1,0,1848,1850,C
2-PB1,1924,1794,0,0,0,1794,A
2-PB1,1925,1834,0,1,0,1835,A
2-PB1,1926,0,1830,0,0,1830,T
2-PB1,1927,1,3,1832,0,1836,G
2-PB1,1928,2,0,0,1857,1859,C
2-PB1,1929,0,1847,0,2,1849,T
2-PB1,1930,0,1,1912,0,1913,G
2-PB1,1931,0,1912,0,2,1914,T
2-PB1,1932,1944,0,1,0,1945,A
2-PB1,1933,1,4,1943,0,1948,G
2-PB1,1934,0,1902,0,1,1903,T
2-PB1,1935,1892,0,0,0,1892,A
2-PB1,1936,1878,0,0,0,1878,A
2-PB1,1937,0,1858,0,1,1859,T
2-PB1,1938,0,1,1856,0,1857,G
2-PB1,1939,3,1,0,1831,1835,C
2-PB1,1940,4,1,0,1801,1806,C
2-PB1,1941,1790,0,1,0,1791,A
2-PB1,1942,0,0,1805,1,1806,G
2-PB1,1943,1,0,0,1849,1850,C
2-PB1,1944,3,2,0,1846,1851,C
2-PB1,1945,3,1,0,1827,1831,C
2-PB1,1946,1824,0,2,1,1827,A
2-PB1,1947,0,1832,0,0,1832,T
2-PB1,1948,1,3,1821,0,1825,G
2-PB1,1949,1,2,1832,0,1835,G
2-PB1,1950,1,1793,0,24,1818,T
2-PB1,1951,5,0,0,1803,1808,C
2-PB1,1952,4,2,0,1742,1748,C
2-PB1,1953,1,1,1763,0,1765,G
2-PB1,1954,0,2,1767,0,1769,G
2-PB1,1955,2,2,0,1763,1767,C
2-PB1,1956,5,1,0,1761,1767,C
2-PB1,1957,1766,0,1,0,1767,A
2-PB1,1958,1776,0,2,0,1778,A
2-PB1,1959,1778,0,0,0,1778,A
2-PB1,1960,1783,0,0,0,1783,A
2-PB1,1961,0,3,1805,0,1808,G
2-PB1,1962,0,1754,0,0,1754,T
2-PB1,1963,1765,0,0,0,1765,A
2-PB1,1964,0,1761,0,0,1761,T
2-PB1,1965,0,4,1760,0,1764,G
2-PB1,1966,0,3,1800,0,1803,G
2-PB1,1967,1797,0,2,0,1799,A
2-PB1,1968,1812,0,2,0,1814,A
2-PB1,1969,0,1814,0,2,1816,T
2-PB1,1970,1774,0,2,0,1776,A
2-PB1,1971,0,1769,0,0,1769,T
2-PB1,1972,0,7,1743,0,1750,G
2-PB1,1973,1748,1,2,1,1752,A
2-PB1,1974,1,1747,0,2,1750,T
2-PB1,1975,0,0,1708,0,1708,G
2-PB1,1976,3,0,2,1697,1702,C
2-PB1,1977,4,0,0,1681,1685,C
2-PB1,1978,1,0,1684,0,1685,G
2-PB1,1979,1,1684,0,1,1686,T
2-PB1,1980,1,1683,0,1,1685,T
2-PB1,1981,0,0,1695,0,1695,G
2-PB1,1982,1,2,0,1718,1721,C
2-PB1,1983,1719,0,3,0,1722,A
2-PB1,1984,1751,0,0,0,1751,A
2-PB1,1985,1,1,0,1752,1754,C
2-PB1,1986,0,1729,0,1,1730,T
2-PB1,1987,1733,1,2,1,1737,A
2-PB1,1988,3,0,0,1722,1725,C
2-PB1,1989,1729,0,1,0,1730,A
2-PB1,1990,2,0,0,1723,1725,C
2-PB1,1991,1660,1,2,1,1664,A
2-PB1,1992,0,1,0,1802,1803,C
2-PB1,1993,0,1769,1,2,1772,T
2-PB1,1994,4,0,1,1772,1777,C
2-PB1,1995,2,0,0,1781,1783,C
2-PB1,1996,0,1769,0,0,1769,T
2-PB1,1997,0,1,1769,0,1770,G
2-PB1,1998,0,8,1760,0,1768,G
2-PB1,1999,1763,0,0,0,1763,A
2-PB1,2000,0,1761,0,0,1761,T
2-PB1,2001,1,1583,0,0,1584,T
2-PB1,2002,1,0,0,1600,1601,C
2-PB1,2003,5,0,0,1586,1591,C
2-PB1,2004,4,0,0,1591,1595,C
2-PB1,2005,1597,0,0,2,1599,A
2-PB1,2006,1597,0,1,1,1599,A
2-PB1,2007,2,9,1585,0,1596,G
2-PB1,2008,1588,0,3,2,1593,A
2-PB1,2009,0,2,1595,1,1598,G
2-PB1,2010,0,7,1590,0,1597,G
2-PB1,2011,1549,0,1,1,1551,A
2-PB1,2012,1553,0,2,0,1555,A
2-PB1,2013,4,0,1,1552,1557,C
2-PB1,2014,7,0,0,1535,1542,C
2-PB1,2015,0,0,1562,0,1562,G
2-PB1,2016,3,0,1,1558,1562,C
2-PB1,2017,0,1557,0,0,1557,T
2-PB1,2018,3,0,0,1565,1568,C
2-PB1,2019,0,1555,0,0,1555,T
2-PB1,2020,1688,0,1,1,1690,A
2-PB1,2021,0,1683,0,2,1685,T
2-PB1,2022,0,1688,0,0,1688,T
2-PB1,2023,5,0,0,1694,1699,C
2-PB1,2024,0,1618,0,2,1620,T
2-PB1,2025,1624,0,2,0,1626,A
2-PB1,2026,1627,0,0,0,1627,A
2-PB1,2027,1628,0,0,0,1628,A
2-PB1,2028,0,0,0,1636,1636,C
2-PB1,2029,1508,1,0,0,1509,A
2-PB1,2030,0,0,0,1508,1508,C
2-PB1,2031,1475,0,0,0,1475,A
2-PB1,2032,1482,1,4,0,1487,A
2-PB1,2033,2,0,1495,0,1497,G
2-PB1,2034,0,0,0,1494,1494,C
2-PB1,2035,2,0,0,1500,1502,C
2-PB1,2036,1492,0,0,0,1492,A
2-PB1,2037,1490,0,0,0,1490,A
2-PB1,2038,1488,0,0,0,1488,A
2-PB1,2039,0,4,1498,0,1502,G
2-PB1,2040,0,3,1500,0,1503,G
2-PB1,2041,2,5,1465,0,1472,G
2-PB1,2042,0,2,1475,0,1477,G
2-PB1,2043,1468,1,1,0,1470,A
2-PB1,2044,1474,0,0,1,1475,A
2-PB1,2045,0,1471,0,0,1471,T
2-PB1,2046,1,1473,0,1,1475,T
2-PB1,2047,3,0,0,1476,1479,C
2-PB1,2048,1,1459,0,0,1460,T
2-PB1,2049,1,1457,0,0,1458,T
2-PB1,2050,0,2,1449,0,1451,G
2-PB1,2051,1457,0,1,0,1458,A
2-PB1,2052,0,2,1460,0,1462,G
2-PB1,2053,0,3,1452,0,1455,G
2-PB1,2054,1450,0,1,1,1452,A
2-PB1,2055,0,1440,0,3,1443,T
2-PB1,2056,0,12,1432,0,1444,G
2-PB1,2057,1441,1,2,0,1444,A
2-PB1,2058,1446,0,1,0,1447,A
2-PB1,2059,1,0,0,1456,1457,C
2-PB1,2060,1436,0,0,1,1437,A
2-PB1,2061,0,1,1454,0,1455,G
2-PB1,2062,1456,0,1,0,1457,A
2-PB1,2063,0,1451,0,0,1451,T
2-PB1,2064,0,1,1465,0,1466,G
2-PB1,2065,1,1489,0,1,1491,T
2-PB1,2066,1493,0,1,0,1494,A
2-PB1,2067,0,1,0,1490,1491,C
2-PB1,2068,4,2,0,1465,1471,C
2-PB1,2069,1457,0,0,1,1458,A
2-PB1,2070,0,0,1440,0,1440,G
2-PB1,2071,1425,0,2,0,1427,A
2-PB1,2072,1422,1,0,0,1423,A
2-PB1,2073,0,0,1428,0,1428,G
2-PB1,2074,0,1344,0,0,1344,T
2-PB1,2075,0,0,1347,0,1347,G
2-PB1,2076,0,0,0,1340,1340,C
2-PB1,2077,0,1335,0,3,1338,T
2-PB1,2078,0,0,1341,0,1341,G
2-PB1,2079,1,1,0,1334,1336,C
2-PB1,2080,1333,0,4,0,1337,A
2-PB1,2081,1337,2,1,0,1340,A
2-PB1,2082,2,1,0,1318,1321,C
2-PB1,2083,0,1314,0,0,1314,T
2-PB1,2084,0,1301,0,0,1301,T
2-PB1,2085,0,2,1297,0,1299,G
2-PB1,2086,0,1299,0,2,1301,T
2-PB1,2087,0,1297,0,0,1297,T
2-PB1,2088,6,0,0,1289,1295,C
2-PB1,2089,1,4,1294,0,1299,G
2-PB1,2090,1296,0,0,0,1296,A
2-PB1,2091,1,2,1291,0,1294,G
2-PB1,2092,1292,0,1,0,1293,A
2-PB1,2093,1291,0,0,0,1291,A
2-PB1,2094,1298,0,1,0,1299,A
2-PB1,2095,0,1288,1,1,1290,T
2-PB1,2096,0,1286,0,0,1286,T
2-PB1,2097,0,1289,0,0,1289,T
2-PB1,2098,0,1289,0,1,1290,T
2-PB1,2099,1,1286,0,1,1288,T
2-PB1,2100,2,0,0,1299,1301,C
2-PB1,2101,4,0,0,1297,1301,C
2-PB1,2102,3,0,0,1300,1303,C
2-PB1,2103,0,1295,1,2,1298,T
2-PB1,2104,1292,0,0,0,1292,A
2-PB1,2105,0,0,1306,0,1306,G
2-PB1,2106,0,1304,1,1,1306,T
2-PB1,2107,1325,0,1,0,1326,A
2-PB1,2108,0,2,1333,0,1335,G
2-PB1,2109,0,1318,0,2,1320,T
2-PB1,2110,0,1367,0,3,1370,T
2-PB1,2111,7,0,1,1367,1375,C
2-PB1,2112,1419,0,0,0,1419,A
2-PB1,2113,0,1417,0,0,1417,T
2-PB1,2114,1423,0,2,0,1425,A
2-PB1,2115,1,1424,0,0,1425,T
2-PB1,2116,1376,0,1,0,1377,A
2-PB1,2117,0,1,1371,0,1372,G
2-PB1,2118,0,5,1364,0,1369,G
2-PB1,2119,1208,0,1,0,1209,A
2-PB1,2120,0,7,1201,0,1208,G
2-PB1,2121,1131,0,1,0,1132,A
2-PB1,2122,1,1,0,1130,1132,C
2-PB1,2123,1,0,0,1085,1086,C
2-PB1,2124,2,3,1086,0,1091,G
2-PB1,2125,1082,0,0,0,1082,A
2-PB1,2126,0,1072,1,0,1073,T
2-PB1,2127,0,1074,0,1,1075,T
2-PB1,2128,0,1,1077,0,1078,G
2-PB1,2129,0,1,1073,0,1074,G
2-PB1,2130,1076,0,0,0,1076,A
2-PB1,2131,1073,0,2,0,1075,A
2-PB1,2132,0,1060,0,0,1060,T
2-PB1,2133,0,1067,0,0,1067,T
2-PB1,2134,0,1064,0,3,1067,T
2-PB1,2135,5,0,0,1063,1068,C
2-PB1,2136,2,1063,4,0,1069,T
2-PB1,2137,1066,0,0,0,1066,A
2-PB1,2138,0,0,1066,0,1066,G
2-PB1,2139,1,0,0,1060,1061,C
2-PB1,2140,1059,1,0,0,1060,A
2-PB1,2141,0,1053,0,1,1054,T
2-PB1,2142,1,1,1046,0,1048,G
2-PB1,2143,0,0,1081,0,1081,G
2-PB1,2144,0,1073,0,0,1073,T
2-PB1,2145,1,3,1069,0,1073,G
2-PB1,2146,0,0,1070,0,1070,G
2-PB1,2147,1056,0,3,1,1060,A
2-PB1,2148,0,0,1058,0,1058,G
2-PB1,2149,0,0,1056,1,1057,G
2-PB1,2150,1,0,0,1050,1051,C
2-PB1,2151,1,0,0,1051,1052,C
2-PB1,2152,974,0,0,1,975,A
2-PB1,2153,0,971,0,1,972,T
2-PB1,2154,1,1,978,0,980,G
2-PB1,2155,0,1,987,0,988,G
2-PB1,2156,1,965,0,2,968,T
2-PB1,2157,1,0,988,0,989,G
2-PB1,2158,0,970,0,0,970,T
2-PB1,2159,2,0,0,962,964,C
2-PB1,2160,0,963,0,1,964,T
2-PB1,2161,950,0,1,0,951,A
2-PB1,2162,1,0,945,0,946,G
2-PB1,2163,0,1,937,0,938,G
2-PB1,2164,4,2,921,0,927,G
2-PB1,2165,1,0,1,907,909,C
2-PB1,2166,2,0,2,876,880,C
2-PB1,2167,1,1,0,874,876,C
2-PB1,2168,1,1,869,0,871,G
2-PB1,2169,0,4,864,0,868,G
2-PB1,2170,867,0,0,0,867,A
2-PB1,2171,0,868,1,0,869,T
2-PB1,2172,0,842,0,0,842,T
2-PB1,2173,0,1,837,0,838,G
2-PB1,2174,834,0,0,0,834,A
2-PB1,2175,0,839,0,0,839,T
2-PB1,2176,1,1,834,0,836,G
2-PB1,2177,2,1,0,828,831,C
2-PB1,2178,1,0,0,827,828,C
2-PB1,2179,823,0,1,0,824,A
2-PB1,2180,0,1,824,0,825,G
2-PB1,2181,822,0,2,0,824,A
2-PB1,2182,821,0,0,0,821,A
2-PB1,2183,0,820,0,0,820,T
2-PB1,2184,0,795,0,0,795,T
2-PB1,2185,0,1,793,0,794,G
2-PB1,2186,791,0,1,0,792,A
2-PB1,2187,0,0,0,791,791,C
2-PB1,2188,0,787,0,0,787,T
2-PB1,2189,0,781,0,2,783,T
2-PB1,2190,1,0,0,776,777,C
2-PB1,2191,0,3,771,0,774,G
2-PB1,2192,776,0,0,0,776,A
2-PB1,2193,0,0,765,0,765,G
2-PB1,2194,0,771,0,0,771,T
2-PB1,2195,2,0,0,766,768,C
2-PB1,2196,0,770,0,1,771,T
2-PB1,2197,0,0,769,0,769,G
2-PB1,2198,0,0,769,1,770,G
2-PB1,2199,766,1,3,0,770,A
2-PB1,2200,728,1,1,0,730,A
2-PB1,2201,0,0,733,0,733,G
2-PB1,2202,0,2,746,0,748,G
2-PB1,2203,749,0,0,0,749,A
2-PB1,2204,1,740,0,1,742,T
2-PB1,2205,0,743,0,1,744,T
2-PB1,2206,740,0,0,0,740,A
2-PB1,2207,738,0,0,0,738,A
2-PB1,2208,0,2,735,0,737,G
2-PB1,2209,732,0,1,0,733,A
2-PB1,2210,697,0,0,0,697,A
2-PB1,2211,0,1,647,0,648,G
2-PB1,2212,0,0,647,0,647,G
2-PB1,2213,642,0,2,0,644,A
2-PB1,2214,642,0,1,0,643,A
2-PB1,2215,0,1,643,0,644,G
2-PB1,2216,615,1,0,0,616,A
2-PB1,2217,0,0,618,0,618,G
2-PB1,2218,0,592,0,0,592,T
2-PB1,2219,0,588,0,0,588,T
2-PB1,2220,1,1,0,588,590,C
2-PB1,2221,0,576,0,1,577,T
2-PB1,2222,1,0,0,575,576,C
2-PB1,2223,0,574,0,0,574,T
2-PB1,2224,0,0,567,0,567,G
2-PB1,2225,556,1,0,0,557,A
2-PB1,2226,1,1,550,0,552,G
2-PB1,2227,544,0,0,0,544,A
2-PB1,2228,0,531,0,0,531,T
2-PB1,2229,3,0,0,499,502,C
2-PB1,2230,509,0,0,0,509,A
2-PB1,2231,0,503,0,1,504,T
2-PB1,2232,0,0,504,0,504,G
2-PB1,2233,499,0,0,0,499,A
2-PB1,2234,497,0,0,0,497,A
2-PB1,2235,0,0,487,0,487,G
2-PB1,2236,477,0,0,0,477,A
2-PB1,2237,0,478,0,0,478,T
2-PB1,2238,0,0,0,475,475,C
2-PB1,2239,0,444,0,1,445,T
2-PB1,2240,0,0,446,0,446,G
2-PB1,2241,0,445,0,1,446,T
2-PB1,2242,1,443,0,0,444,T
2-PB1,2243,2,0,0,441,443,C
2-PB1,2244,3,0,0,424,427,C
2-PB1,2245,425,0,0,0,425,A
2-PB1,2246,0,0,0,426,426,C
2-PB1,2247,1,0,0,404,405,C
2-PB1,2248,396,0,0,0,396,A
2-PB1,2249,0,377,0,0,377,T
2-PB1,2250,0,373,0,0,373,T
2-PB1,2251,0,0,371,0,371,G
2-PB1,2252,371,0,0,0,371,A
2-PB1,2253,370,0,0,0,370,A
2-PB1,2254,0,1,368,0,369,G
2-PB1,2255,324,0,1,0,325,A
2-PB1,2256,323,0,0,0,323,A
2-PB1,2257,0,0,0,323,323,C
2-PB1,2258,0,310,0,0,310,T
2-PB1,2259,0,1,0,311,312,C
2-PB1,2260,296,0,0,0,296,A
2-PB1,2261,0,1,293,0,294,G
2-PB1,2262,293,0,0,0,293,A
2-PB1,2263,0,0,0,286,286,C
2-PB1,2264,0,0,281,0,281,G
2-PB1,2265,0,0,275,0,275,G
2-PB1,2266,0,0,0,273,273,C
2-PB1,2267,272,1,0,0,273,A
2-PB1,2268,271,0,0,0,271,A
2-PB1,2269,268,0,0,0,268,A
2-PB1,2270,266,0,0,0,266,A
2-PB1,2271,266,0,1,0,267,A
2-PB1,2272,0,266,0,0,266,T
2-PB1,2273,253,0,0,0,253,A
2-PB1,2274,253,0,0,0,253,A
3-PA,1,123,0,0,0,123,A
3-PA,2,0,123,0,0,123,T
3-PA,3,0,0,138,0,138,G
3-PA,4,0,1,138,0,139,G
3-PA,5,140,0,0,0,140,A
3-PA,6,141,0,0,0,141,A
3-PA,7,0,1,146,0,147,G
3-PA,8,151,0,0,0,151,A
3-PA,9,0,149,0,0,149,T
3-PA,10,1,150,0,0,151,T
3-PA,11,0,157,0,0,157,T
3-PA,12,0,156,0,0,156,T
3-PA,13,0,0,160,0,160,G
3-PA,14,0,160,0,0,160,T
3-PA,15,0,0,158,0,158,G
3-PA,16,0,0,0,169,169,C
3-PA,17,0,1,169,0,170,G
3-PA,18,190,0,0,0,190,A
3-PA,19,0,0,0,191,191,C
3-PA,20,190,0,0,0,190,A
3-PA,21,192,0,0,0,192,A
3-PA,22,0,198,0,0,198,T
3-PA,23,0,0,227,0,227,G
3-PA,24,0,0,0,228,228,C
3-PA,25,0,227,0,2,229,T
3-PA,26,0,230,0,0,230,T
3-PA,27,1,0,0,231,232,C
3-PA,28,238,0,0,0,238,A
3-PA,29,242,0,0,0,242,A
3-PA,30,1,0,0,245,246,C
3-PA,31,1,0,0,246,247,C
3-PA,32,0,0,0,249,249,C
3-PA,33,1,1,249,1,252,G
3-PA,34,254,0,0,0,254,A
3-PA,35,0,254,0,0,254,T
3-PA,36,0,0,257,0,257,G
3-PA,37,256,0,0,0,256,A
3-PA,38,0,261,0,0,261,T
3-PA,39,0,264,0,0,264,T
3-PA,40,0,0,266,0,266,G
3-PA,41,0,268,0,0,268,T
3-PA,42,0,1,0,266,267,C
3-PA,43,0,0,269,0,269,G
3-PA,44,268,0,0,0,268,A
3-PA,45,269,0,1,0,270,A
3-PA,46,0,0,0,273,273,C
3-PA,47,0,274,0,0,274,T
3-PA,48,0,275,0,0,275,T
3-PA,49,0,1,275,0,276,G
3-PA,50,0,0,0,275,275,C
3-PA,51,276,0,0,0,276,A
3-PA,52,0,1,278,0,279,G
3-PA,53,278,0,0,0,278,A
3-PA,54,279,0,0,0,279,A
3-PA,55,279,0,0,0,279,A
3-PA,56,281,0,0,0,281,A
3-PA,57,281,0,1,0,282,A
3-PA,58,0,0,284,0,284,G
3-PA,59,1,0,0,296,297,C
3-PA,60,297,0,0,0,297,A
3-PA,61,304,0,0,0,304,A
3-PA,62,0,307,0,0,307,T
3-PA,63,0,2,306,0,308,G
3-PA,64,318,0,0,0,318,A
3-PA,65,316,0,0,0,316,A
3-PA,66,319,0,0,0,319,A
3-PA,67,0,0,337,0,337,G
3-PA,68,349,0,1,0,350,A
3-PA,69,0,0,410,0,410,G
3-PA,70,0,410,0,0,410,T
3-PA,71,413,0,0,0,413,A
3-PA,72,0,412,1,0,413,T
3-PA,73,0,1,417,0,418,G
3-PA,74,0,1,416,1,418,G
3-PA,75,0,0,419,0,419,G
3-PA,76,0,2,414,0,416,G
3-PA,77,416,0,0,0,416,A
3-PA,78,0,0,410,0,410,G
3-PA,79,0,1,417,1,419,G
3-PA,80,417,0,0,0,417,A
3-PA,81,0,422,0,0,422,T
3-PA,82,1,0,0,424,425,C
3-PA,83,0,417,0,2,419,T
3-PA,84,0,1,419,0,420,G
3-PA,85,419,0,0,0,419,A
3-PA,86,421,0,0,0,421,A
3-PA,87,425,0,0,0,425,A
3-PA,88,419,0,1,0,420,A
3-PA,89,0,421,0,0,421,T
3-PA,90,0,421,0,0,421,T
3-PA,91,1,4,416,0,421,G
3-PA,92,424,0,0,0,424,A
3-PA,93,421,0,1,0,422,A
3-PA,94,422,0,1,0,423,A
3-PA,95,0,0,0,424,424,C
3-PA,96,429,0,0,0,429,A
3-PA,97,430,0,0,0,430,A
3-PA,98,429,0,0,0,429,A
3-PA,99,0,0,0,434,434,C
3-PA,100,432,0,0,0,432,A
3-PA,101,439,0,0,0,439,A
3-PA,102,442,0,0,0,442,A
3-PA,103,0,444,0,0,444,T
3-PA,104,1,446,0,0,447,T
3-PA,105,0,447,0,0,447,T
3-PA,106,0,0,445,0,445,G
3-PA,107,0,1,0,446,447,C
3-PA,108,446,0,0,0,446,A
3-PA,109,0,0,457,0,457,G
3-PA,110,0,0,0,458,458,C
3-PA,111,480,0,0,0,480,A
3-PA,112,492,0,0,0,492,A
3-PA,113,0,497,0,0,497,T
3-PA,114,502,0,1,0,503,A
3-PA,115,0,504,0,0,504,T
3-PA,116,0,1,506,0,507,G
3-PA,117,0,0,0,509,509,C
3-PA,118,507,0,0,0,507,A
3-PA,119,1,0,0,511,512,C
3-PA,120,0,508,0,1,509,T
3-PA,121,2,0,0,604,606,C
3-PA,122,619,0,1,0,620,A
3-PA,123,8,0,1,620,629,C
3-PA,124,1,627,0,0,628,T
3-PA,125,0,629,0,0,629,T
3-PA,126,0,2,628,0,630,G
3-PA,127,0,3,632,0,635,G
3-PA,128,628,1,0,0,629,A
3-PA,129,0,4,631,0,635,G
3-PA,130,0,0,622,0,622,G
3-PA,131,0,596,0,0,596,T
3-PA,132,0,1,628,0,629,G
3-PA,133,0,634,0,0,634,T
3-PA,134,0,0,649,0,649,G
3-PA,135,1,649,0,0,650,T
3-PA,136,0,648,0,0,648,T
3-PA,137,0,648,0,1,649,T
3-PA,138,1,0,0,650,651,C
3-PA,139,653,0,1,0,654,A
3-PA,140,0,652,0,0,652,T
3-PA,141,0,1,664,0,665,G
3-PA,142,0,654,0,0,654,T
3-PA,143,658,0,0,0,658,A
3-PA,144,0,658,0,0,658,T
3-PA,145,0,659,0,0,659,T
3-PA,146,0,1,0,659,660,C
3-PA,147,660,0,0,0,660,A
3-PA,148,0,4,661,0,665,G
3-PA,149,666,0,0,0,666,A
3-PA,150,0,672,0,1,673,T
3-PA,151,0,670,0,0,670,T
3-PA,152,0,668,0,0,668,T
3-PA,153,0,0,0,671,671,C
3-PA,154,0,0,0,680,680,C
3-PA,155,680,0,0,0,680,A
3-PA,156,0,683,0,0,683,T
3-PA,157,0,678,0,0,678,T
3-PA,158,0,675,0,4,679,T
3-PA,159,1,0,0,676,677,C
3-PA,160,680,1,2,0,683,A
3-PA,161,0,703,0,1,704,T
3-PA,162,2,0,0,703,705,C
3-PA,163,706,0,2,0,708,A
3-PA,164,710,0,0,0,710,A
3-PA,165,0,710,0,0,710,T
3-PA,166,0,6,730,0,736,G
3-PA,167,736,0,0,0,736,A
3-PA,168,732,0,3,0,735,A
3-PA,169,1,0,0,734,735,C
3-PA,170,726,0,0,0,726,A
3-PA,171,731,0,1,0,732,A
3-PA,172,2,1,732,0,735,G
3-PA,173,0,2,733,0,735,G
3-PA,174,0,0,0,737,737,C
3-PA,175,0,2,730,0,732,G
3-PA,176,769,0,0,0,769,A
3-PA,177,767,0,2,0,769,A
3-PA,178,0,774,0,0,774,T
3-PA,179,0,0,0,785,785,C
3-PA,180,779,0,0,0,779,A
3-PA,181,778,0,0,0,778,A
3-PA,182,0,787,0,0,787,T
3-PA,183,787,0,0,0,787,A
3-PA,184,0,1,804,0,805,G
3-PA,185,0,804,0,0,804,T
3-PA,186,0,2,806,0,808,G
3-PA,187,0,0,808,0,808,G
3-PA,188,0,809,0,2,811,T
3-PA,189,807,0,1,0,808,A
3-PA,190,1,2,820,0,823,G
3-PA,191,815,0,0,0,815,A
3-PA,192,817,0,0,0,817,A
3-PA,193,0,0,0,815,815,C
3-PA,194,0,801,0,0,801,T
3-PA,195,0,804,0,0,804,T
3-PA,196,1,1,799,0,801,G
3-PA,197,800,0,2,0,802,A
3-PA,198,1,1,0,801,803,C
3-PA,199,1,1,801,1,804,G
3-PA,200,822,0,0,0,822,A
3-PA,201,0,836,0,2,838,T
3-PA,202,4,0,1,835,840,C
3-PA,203,0,0,0,844,844,C
3-PA,204,849,0,0,0,849,A
3-PA,205,850,0,0,0,850,A
3-PA,206,852,0,0,0,852,A
3-PA,207,0,855,0,0,855,T
3-PA,208,0,1,855,0,856,G
3-PA,209,0,0,0,847,847,C
3-PA,210,838,0,0,0,838,A
3-PA,211,1,0,0,872,873,C
3-PA,212,0,863,0,0,863,T
3-PA,213,0,0,986,0,986,G
3-PA,214,0,986,0,0,986,T
3-PA,215,0,986,0,0,986,T
3-PA,216,986,0,0,0,986,A
3-PA,217,987,0,0,0,987,A
3-PA,218,983,0,0,0,983,A
3-PA,219,0,1,994,0,995,G
3-PA,220,0,0,1,980,981,C
3-PA,221,968,0,0,1,969,A
3-PA,222,0,0,0,971,971,C
3-PA,223,908,0,1,0,909,A
3-PA,224,0,2,953,0,955,G
3-PA,225,952,0,0,0,952,A
3-PA,226,1,950,0,0,951,T
3-PA,227,0,951,0,0,951,T
3-PA,228,1,949,0,0,950,T
3-PA,229,0,5,954,0,959,G
3-PA,230,954,0,2,0,956,A
3-PA,231,961,0,0,0,961,A
3-PA,232,959,0,0,0,959,A
3-PA,233,0,937,0,0,937,T
3-PA,234,938,0,1,0,939,A
3-PA,235,953,0,0,0,953,A
3-PA,236,1,948,0,0,949,T
3-PA,237,4,0,0,949,953,C
3-PA,238,1,2,951,0,954,G
3-PA,239,945,0,4,0,949,A
3-PA,240,0,2,955,0,957,G
3-PA,241,0,2,960,0,962,G
3-PA,242,0,3,957,0,960,G
3-PA,243,0,3,959,1,963,G
3-PA,244,948,1,3,0,952,A
3-PA,245,0,3,951,0,954,G
3-PA,246,967,0,5,0,972,A
3-PA,247,0,0,978,0,978,G
3-PA,248,976,0,4,0,980,A
3-PA,249,1,0,0,978,979,C
3-PA,250,963,0,1,0,964,A
3-PA,251,0,6,971,0,977,G
3-PA,252,974,0,3,0,977,A
3-PA,253,984,0,0,0,984,A
3-PA,254,1,0,0,976,977,C
3-PA,255,951,1,0,0,952,A
3-PA,256,956,0,0,0,956,A
3-PA,257,0,946,0,1,947,T
3-PA,258,0,3,992,1,996,G
3-PA,259,0,0,1006,0,1006,G
3-PA,260,2,0,0,987,989,C
3-PA,261,1,0,0,990,991,C
3-PA,262,0,986,0,0,986,T
3-PA,263,1,3,1015,0,1019,G
3-PA,264,1,1,1016,0,1018,G
3-PA,265,1021,0,1,0,1022,A
3-PA,266,0,0,0,1025,1025,C
3-PA,267,995,0,0,0,995,A
3-PA,268,0,1,1108,0,1109,G
3-PA,269,0,1108,0,0,1108,T
3-PA,270,1116,1,1,0,1118,A
3-PA,271,2,1,1112,0,1115,G
3-PA,272,0,1101,0,1,1102,T
3-PA,273,1101,0,0,0,1101,A
3-PA,274,1106,0,0,0,1106,A
3-PA,275,1103,0,0,0,1103,A
3-PA,276,1,0,0,1108,1109,C
3-PA,277,1021,0,0,0,1021,A
3-PA,278,0,0,1039,0,1039,G
3-PA,279,0,1029,0,1,1030,T
3-PA,280,1047,0,0,1,1048,A
3-PA,281,0,1051,0,0,1051,T
3-PA,282,2,0,0,1065,1067,C
3-PA,283,0,1060,0,2,1062,T
3-PA,284,0,1,1058,0,1059,G
3-PA,285,2,0,0,1063,1065,C
3-PA,286,1049,0,1,0,1050,A
3-PA,287,1048,0,1,0,1049,A
3-PA,288,0,0,0,1059,1059,C
3-PA,289,1048,0,0,0,1048,A
3-PA,290,0,0,0,1095,1095,C
3-PA,291,0,1082,0,1,1083,T
3-PA,292,1086,0,0,0,1086,A
3-PA,293,1,0,0,1080,1081,C
3-PA,294,0,1075,0,1,1076,T
3-PA,295,1,3,1071,0,1075,G
3-PA,296,0,3,1066,0,1069,G
3-PA,297,1064,0,2,0,1066,A
3-PA,298,0,0,1065,0,1065,G
3-PA,299,1,0,0,1039,1040,C
3-PA,300,0,1039,0,4,1043,T
3-PA,301,0,1,1042,0,1043,G
3-PA,302,1,4,1040,0,1045,G
3-PA,303,1044,0,0,0,1044,A
3-PA,304,1044,0,0,0,1044,A
3-PA,305,1040,0,1,0,1041,A
3-PA,306,1044,1,2,1,1048,A
3-PA,307,1,0,0,1045,1046,C
3-PA,308,9,0,0,1037,1046,C
3-PA,309,1,3,1040,1,1045,G
3-PA,310,1044,0,1,1,1046,A
3-PA,311,1038,0,1,0,1039,A
3-PA,312,0,1,1057,0,1058,G
3-PA,313,0,1054,0,3,1057,T
3-PA,314,0,1056,0,0,1056,T
3-PA,315,1,1055,0,0,1056,T
3-PA,316,3,7,0,1055,1065,C
3-PA,317,0,1068,0,0,1068,T
3-PA,318,1073,0,0,0,1073,A
3-PA,319,2,0,0,1066,1068,C
3-PA,320,2,0,0,1064,1066,C
3-PA,321,1062,0,0,0,1062,A
3-PA,322,0,2,1058,0,1060,G
3-PA,323,1059,0,0,0,1059,A
3-PA,324,1,0,0,1040,1041,C
3-PA,325,2,1068,0,0,1070,T
3-PA,326,0,1075,0,0,1075,T
3-PA,327,1,2,1091,0,1094,G
3-PA,328,0,1092,0,0,1092,T
3-PA,329,1089,0,2,0,1091,A
3-PA,330,0,1094,0,0,1094,T
3-PA,331,0,3,1076,0,1079,G
3-PA,332,1133,0,0,0,1133,A
3-PA,333,0,1111,0,2,1113,T
3-PA,334,3,1113,0,0,1116,T
3-PA,335,1113,0,0,0,1113,A
3-PA,336,0,0,0,1107,1107,C
3-PA,337,1100,1,0,1,1102,A
3-PA,338,1103,0,0,0,1103,A
3-PA,339,0,6,1101,0,1107,G
3-PA,340,0,6,1111,0,1117,G
3-PA,341,1060,1,1,1,1063,A
3-PA,342,2,5,1069,0,1076,G
3-PA,343,1072,0,2,0,1074,A
3-PA,344,1071,0,2,0,1073,A
3-PA,345,0,1,0,1073,1074,C
3-PA,346,1059,0,0,0,1059,A
3-PA,347,0,2,1059,0,1061,G
3-PA,348,1056,1,0,0,1057,A
3-PA,349,0,1044,0,0,1044,T
3-PA,350,0,1038,0,0,1038,T
3-PA,351,7,0,1,1015,1023,C
3-PA,352,1022,0,1,0,1023,A
3-PA,353,0,1021,0,0,1021,T
3-PA,354,9,1,0,1015,1025,C
3-PA,355,0,3,1022,0,1025,G
3-PA,356,1029,1,0,0,1030,A
3-PA,357,1031,0,0,0,1031,A
3-PA,358,1031,0,1,0,1032,A
3-PA,359,0,1027,0,0,1027,T
3-PA,360,0,1022,0,0,1022,T
3-PA,361,0,1,1022,0,1023,G
3-PA,362,0,2,1020,0,1022,G
3-PA,363,4,1,1013,0,1018,G
3-PA,364,1,0,1023,0,1024,G
3-PA,365,0,1014,0,0,1014,T
3-PA,366,0,4,1024,0,1028,G
3-PA,367,1026,1,2,0,1029,A
3-PA,368,0,0,0,1037,1037,C
3-PA,369,1041,0,0,1,1042,A
3-PA,370,1039,1,1,0,1041,A
3-PA,371,0,5,1054,0,1059,G
3-PA,372,0,3,1056,0,1059,G
3-PA,373,1050,0,1,1,1052,A
3-PA,374,0,1,1056,0,1057,G
3-PA,375,1029,0,1,1,1031,A
3-PA,376,0,1,1029,0,1030,G
3-PA,377,1013,0,2,1,1016,A
3-PA,378,1009,0,3,0,1012,A
3-PA,379,0,0,1048,0,1048,G
3-PA,380,0,1013,0,1,1014,T
3-PA,381,2,1,0,1020,1023,C
3-PA,382,1,0,0,1025,1026,C
3-PA,383,1029,0,1,0,1030,A
3-PA,384,1,1,0,1047,1049,C
3-PA,385,1080,0,0,0,1080,A
3-PA,386,0,1110,0,0,1110,T
3-PA,387,1130,0,0,0,1130,A
3-PA,388,0,1081,0,0,1081,T
3-PA,389,1072,0,0,0,1072,A
3-PA,390,0,1059,0,0,1059,T
3-PA,391,0,1050,0,0,1050,T
3-PA,392,1090,0,0,0,1090,A
3-PA,393,1,0,0,1079,1080,C
3-PA,394,0,0,0,1040,1040,C
3-PA,395,0,1017,0,3,1020,T
3-PA,396,0,1002,0,1,1003,T
3-PA,397,1,2,1009,0,1012,G
3-PA,398,1014,0,1,0,1015,A
3-PA,399,1015,0,0,0,1015,A
3-PA,400,1012,0,0,0,1012,A
3-PA,401,976,0,1,0,977,A
3-PA,402,0,3,980,0,983,G
3-PA,403,0,0,988,0,988,G
3-PA,404,0,1,0,986,987,C
3-PA,405,1,1,0,985,987,C
3-PA,406,982,1,0,0,983,A
3-PA,407,984,0,0,0,984,A
3-PA,408,0,987,0,0,987,T
3-PA,409,985,0,0,0,985,A
3-PA,410,984,0,1,0,985,A
3-PA,411,0,2,995,0,997,G
3-PA,412,987,1,0,0,988,A
3-PA,413,0,987,0,1,988,T
3-PA,414,1,980,0,0,981,T
3-PA,415,981,0,0,0,981,A
3-PA,416,982,0,1,0,983,A
3-PA,417,986,0,0,0,986,A
3-PA,418,0,990,0,1,991,T
3-PA,419,0,0,0,994,994,C
3-PA,420,0,961,1,1,963,T
3-PA,421,0,1,976,0,977,G
3-PA,422,977,0,1,0,978,A
3-PA,423,0,4,983,0,987,G
3-PA,424,988,0,0,0,988,A
3-PA,425,988,0,1,0,989,A
3-PA,426,1,1,0,988,990,C
3-PA,427,987,0,0,0,987,A
3-PA,428,0,1,0,993,994,C
3-PA,429,995,0,0,0,995,A
3-PA,430,0,0,0,1010,1010,C
3-PA,431,998,0,2,0,1000,A
3-PA,432,0,0,0,1024,1024,C
3-PA,433,1010,1,0,1,1012,A
3-PA,434,0,1009,0,0,1009,T
3-PA,435,0,1003,1,1,1005,T
3-PA,436,2,0,0,1006,1008,C
3-PA,437,1000,0,0,0,1000,A
3-PA,438,0,0,0,1011,1011,C
3-PA,439,1002,0,0,0,1002,A
3-PA,440,0,1004,0,0,1004,T
3-PA,441,1,966,0,2,969,T
3-PA,442,0,982,0,1,983,T
3-PA,443,0,982,0,1,983,T
3-PA,444,4,1,0,991,996,C
3-PA,445,0,989,0,1,990,T
3-PA,446,4,1,0,994,999,C
3-PA,447,1000,0,1,0,1001,A
3-PA,448,0,1004,0,0,1004,T
3-PA,449,0,1002,0,1,1003,T
3-PA,450,2,0,1,1005,1008,C
3-PA,451,1000,0,0,0,1000,A
3-PA,452,1,1,0,1004,1006,C
3-PA,453,0,990,0,0,990,T
3-PA,454,0,3,1011,0,1014,G
3-PA,455,0,1,1013,0,1014,G
3-PA,456,0,4,1011,0,1015,G
3-PA,457,0,2,1018,0,1020,G
3-PA,458,1014,0,1,0,1015,A
3-PA,459,0,1,1020,0,1021,G
3-PA,460,1,2,1024,0,1027,G
3-PA,461,1013,0,2,0,1015,A
3-PA,462,1014,0,0,0,1014,A
3-PA,463,999,0,1,0,1000,A
3-PA,464,0,991,0,0,991,T
3-PA,465,1,3,991,0,995,G
3-PA,466,0,1,993,1,995,G
3-PA,467,0,1,0,994,995,C
3-PA,468,0,0,0,994,994,C
3-PA,469,989,0,1,0,990,A
3-PA,470,0,0,0,999,999,C
3-PA,471,995,0,0,0,995,A
3-PA,472,1007,0,0,0,1007,A
3-PA,473,1008,0,1,0,1009,A
3-PA,474,0,4,1002,0,1006,G
3-PA,475,0,0,1007,0,1007,G
3-PA,476,0,0,0,1010,1010,C
3-PA,477,1012,0,3,0,1015,A
3-PA,478,0,1,1034,0,1035,G
3-PA,479,1032,0,1,0,1033,A
3-PA,480,0,0,0,1055,1055,C
3-PA,481,0,1041,0,0,1041,T
3-PA,482,1041,0,2,0,1043,A
3-PA,483,1,1,0,1037,1039,C
3-PA,484,1030,0,1,0,1031,A
3-PA,485,0,0,0,1041,1041,C
3-PA,486,0,1004,0,2,1006,T
3-PA,487,4,0,0,1020,1024,C
3-PA,488,0,1016,0,0,1016,T
3-PA,489,2,0,0,994,996,C
3-PA,490,0,3,995,0,998,G
3-PA,491,995,1,0,0,996,A
3-PA,492,2,0,0,989,991,C
3-PA,493,0,1,996,0,997,G
3-PA,494,986,0,1,0,987,A
3-PA,495,0,1,993,0,994,G
3-PA,496,0,2,998,0,1000,G
3-PA,497,989,0,0,1,990,A
3-PA,498,989,1,1,0,991,A
3-PA,499,986,1,0,0,987,A
3-PA,500,0,0,990,0,990,G
3-PA,501,0,2,0,982,984,C
3-PA,502,981,0,0,0,981,A
3-PA,503,0,1,980,0,981,G
3-PA,504,953,0,2,0,955,A
3-PA,505,0,0,988,0,988,G
3-PA,506,0,0,0,982,982,C
3-PA,507,0,987,0,0,987,T
3-PA,508,988,0,0,0,988,A
3-PA,509,0,3,994,0,997,G
3-PA,510,0,1,1033,0,1034,G
3-PA,511,1038,1,0,0,1039,A
3-PA,512,0,1008,0,1,1009,T
3-PA,513,0,1009,0,0,1009,T
3-PA,514,1007,0,0,0,1007,A
3-PA,515,1015,0,0,0,1015,A
3-PA,516,0,1,1018,0,1019,G
3-PA,517,1017,0,1,0,1018,A
3-PA,518,0,1,0,1013,1014,C
3-PA,519,1,0,0,928,929,C
3-PA,520,916,0,1,0,917,A
3-PA,521,2,0,921,0,923,G
3-PA,522,0,0,926,0,926,G
3-PA,523,1,0,0,932,933,C
3-PA,524,0,920,0,1,921,T
3-PA,525,0,2,940,0,942,G
3-PA,526,0,936,1,1,938,T
3-PA,527,0,936,0,1,937,T
3-PA,528,0,939,0,0,939,T
3-PA,529,940,0,0,0,940,A
3-PA,530,2,0,0,957,959,C
3-PA,531,3,0,0,938,941,C
3-PA,532,934,0,0,0,934,A
3-PA,533,0,933,0,1,934,T
3-PA,534,903,1,0,0,904,A
3-PA,535,905,1,0,0,906,A
3-PA,536,0,2,920,0,922,G
3-PA,537,923,0,0,0,923,A
3-PA,538,1,0,0,923,924,C
3-PA,539,892,0,0,0,892,A
3-PA,540,896,0,1,0,897,A
3-PA,541,1,4,899,0,904,G
3-PA,542,901,0,0,0,901,A
3-PA,543,900,1,0,0,901,A
3-PA,544,900,0,1,0,901,A
3-PA,545,0,879,0,0,879,T
3-PA,546,0,1,899,0,900,G
3-PA,547,0,0,898,0,898,G
3-PA,548,1,0,0,897,898,C
3-PA,549,0,0,0,900,900,C
3-PA,550,895,0,0,0,895,A
3-PA,551,912,0,1,0,913,A
3-PA,552,0,0,0,915,915,C
3-PA,553,910,0,0,0,910,A
3-PA,554,1,2,909,0,912,G
3-PA,555,885,0,0,0,885,A
3-PA,556,0,1,888,0,889,G
3-PA,557,0,0,892,0,892,G
3-PA,558,0,1,0,893,894,C
3-PA,559,1,0,0,897,898,C
3-PA,560,0,869,0,1,870,T
3-PA,561,0,0,0,880,880,C
3-PA,562,0,881,0,1,882,T
3-PA,563,0,0,887,0,887,G
3-PA,564,0,1,883,0,884,G
3-PA,565,0,1,872,0,873,G
3-PA,566,867,0,0,0,867,A
3-PA,567,0,841,0,1,842,T
3-PA,568,0,825,0,0,825,T
3-PA,569,1,1,0,891,893,C
3-PA,570,0,0,0,877,877,C
3-PA,571,0,867,0,0,867,T
3-PA,572,0,865,1,2,868,T
3-PA,573,0,872,0,2,874,T
3-PA,574,5,1,0,874,880,C
3-PA,575,0,0,882,0,882,G
3-PA,576,0,879,0,0,879,T
3-PA,577,3,1,0,871,875,C
3-PA,578,858,1,0,0,859,A
3-PA,579,0,1,972,0,973,G
3-PA,580,0,975,0,1,976,T
3-PA,581,1,0,0,973,974,C
3-PA,582,1,1,0,975,977,C
3-PA,583,3,5,978,0,986,G
3-PA,584,989,0,0,0,989,A
3-PA,585,986,0,0,0,986,A
3-PA,586,987,0,1,0,988,A
3-PA,587,0,8,979,1,988,G
3-PA,588,950,0,2,0,952,A
3-PA,589,0,2,962,0,964,G
3-PA,590,0,2,968,0,970,G
3-PA,591,1,0,0,966,967,C
3-PA,592,1,2,967,0,970,G
3-PA,593,969,0,0,0,969,A
3-PA,594,969,1,0,0,970,A
3-PA,595,0,2,972,0,974,G
3-PA,596,975,0,0,0,975,A
3-PA,597,978,0,1,0,979,A
3-PA,598,972,0,2,0,974,A
3-PA,599,1,0,0,983,984,C
3-PA,600,978,0,0,0,978,A
3-PA,601,982,0,0,0,982,A
3-PA,602,1,981,0,1,983,T
3-PA,603,0,980,0,0,980,T
3-PA,604,0,4,983,0,987,G
3-PA,605,982,0,0,0,982,A
3-PA,606,981,0,0,0,981,A
3-PA,607,0,4,982,0,986,G
3-PA,608,981,1,0,0,982,A
3-PA,609,981,0,0,0,981,A
3-PA,610,984,1,0,0,985,A
3-PA,611,986,0,0,0,986,A
3-PA,612,988,0,0,1,989,A
3-PA,613,0,984,0,0,984,T
3-PA,614,0,985,0,0,985,T
3-PA,615,0,986,0,0,986,T
3-PA,616,0,1,987,0,988,G
3-PA,617,990,0,0,0,990,A
3-PA,618,988,0,1,1,990,A
3-PA,619,991,0,0,0,991,A
3-PA,620,0,997,0,0,997,T
3-PA,621,6,1,0,1087,1094,C
3-PA,622,1095,0,0,0,1095,A
3-PA,623,0,0,0,1107,1107,C
3-PA,624,1106,1,0,0,1107,A
3-PA,625,1,5,1120,0,1126,G
3-PA,626,0,2,1162,0,1164,G
3-PA,627,1172,0,3,0,1175,A
3-PA,628,1193,0,0,0,1193,A
3-PA,629,2,0,0,1195,1197,C
3-PA,630,0,1136,0,1,1137,T
3-PA,631,1224,0,0,0,1224,A
3-PA,632,0,1251,0,0,1251,T
3-PA,633,1,0,1291,0,1292,G
3-PA,634,3,0,0,1274,1277,C
3-PA,635,3,0,1268,0,1271,G
3-PA,636,0,1267,0,1,1268,T
3-PA,637,1258,0,1,0,1259,A
3-PA,638,1,0,1262,0,1263,G
3-PA,639,0,1,1260,0,1261,G
3-PA,640,1,2,0,1244,1247,C
3-PA,641,0,1209,0,0,1209,T
3-PA,642,0,1196,0,0,1196,T
3-PA,643,0,1,1198,0,1199,G
3-PA,644,1,0,0,1197,1198,C
3-PA,645,3,0,0,1196,1199,C
3-PA,646,2,2,1209,0,1213,G
3-PA,647,1214,1,1,0,1216,A
3-PA,648,0,0,0,1220,1220,C
3-PA,649,4,0,0,1218,1222,C
3-PA,650,1222,1,1,0,1224,A
3-PA,651,1225,0,0,0,1225,A
3-PA,652,1225,0,2,0,1227,A
3-PA,653,0,1,1250,0,1251,G
3-PA,654,1,1236,1,0,1238,T
3-PA,655,1,0,0,1244,1245,C
3-PA,656,0,1236,0,0,1236,T
3-PA,657,2,0,0,1243,1245,C
3-PA,658,3,2,1,1236,1242,C
3-PA,659,2,1,0,1251,1254,C
3-PA,660,1249,0,1,0,1250,A
3-PA,661,2,1,0,1251,1254,C
3-PA,662,2,1,0,1229,1232,C
3-PA,663,1,5,1236,0,1242,G
3-PA,664,1250,0,0,0,1250,A
3-PA,665,1253,1,3,0,1257,A
3-PA,666,3,0,0,1260,1263,C
3-PA,667,0,1251,0,2,1253,T
3-PA,668,0,1283,0,1,1284,T
3-PA,669,2,0,0,1306,1308,C
3-PA,670,0,1299,0,1,1300,T
3-PA,671,1,0,0,1308,1309,C
3-PA,672,5,0,0,1307,1312,C
3-PA,673,0,1293,0,1,1294,T
3-PA,674,0,0,1320,0,1320,G
3-PA,675,1,1,0,1311,1313,C
3-PA,676,4,0,0,1310,1314,C
3-PA,677,1,1300,0,1,1302,T
3-PA,678,0,1287,1,0,1288,T
3-PA,679,1,4,1285,0,1290,G
3-PA,680,1287,0,1,1,1289,A
3-PA,681,0,5,1299,0,1304,G
3-PA,682,1302,0,0,0,1302,A
3-PA,683,1304,0,0,0,1304,A
3-PA,684,0,1334,0,0,1334,T
3-PA,685,1,1331,0,1,1333,T
3-PA,686,1,1335,0,0,1336,T
3-PA,687,0,1338,0,0,1338,T
3-PA,688,1336,1,1,0,1338,A
3-PA,689,2,1,1338,0,1341,G
3-PA,690,1320,0,4,1,1325,A
3-PA,691,0,0,1372,0,1372,G
3-PA,692,0,1,0,1356,1357,C
3-PA,693,4,0,0,1360,1364,C
3-PA,694,0,1383,0,1,1384,T
3-PA,695,1446,2,0,1,1449,A
3-PA,696,0,1452,1,0,1453,T
3-PA,697,0,0,1462,0,1462,G
3-PA,698,0,1461,0,1,1462,T
3-PA,699,0,4,1457,1,1462,G
3-PA,700,1,4,1441,0,1446,G
3-PA,701,1438,0,1,0,1439,A
3-PA,702,0,1412,0,1,1413,T
3-PA,703,1,3,1379,0,1383,G
3-PA,704,0,4,1407,1,1412,G
3-PA,705,1400,0,0,0,1400,A
3-PA,706,0,1399,0,1,1400,T
3-PA,707,1,1396,1,0,1398,T
3-PA,708,8,0,0,1385,1393,C
3-PA,709,1,9,1388,1,1399,G
3-PA,710,1400,0,2,1,1403,A
3-PA,711,1401,0,0,0,1401,A
3-PA,712,0,0,0,1414,1414,C
3-PA,713,5,1,0,1352,1358,C
3-PA,714,0,5,1359,0,1364,G
3-PA,715,1359,1,1,0,1361,A
3-PA,716,1363,0,2,0,1365,A
3-PA,717,0,0,0,1377,1377,C
3-PA,718,1,1,1365,0,1367,G
3-PA,719,0,0,1393,0,1393,G
3-PA,720,1,1,0,1395,1397,C
3-PA,721,0,1391,0,1,1392,T
3-PA,722,0,1,1426,0,1427,G
3-PA,723,0,0,0,1431,1431,C
3-PA,724,1444,0,1,0,1445,A
3-PA,725,0,1445,0,0,1445,T
3-PA,726,0,1432,0,1,1433,T
3-PA,727,1,5,1429,0,1435,G
3-PA,728,1381,0,4,0,1385,A
3-PA,729,0,3,1404,0,1407,G
3-PA,730,0,2,1402,0,1404,G
3-PA,731,1,1,1390,0,1392,G
3-PA,732,0,0,0,1375,1375,C
3-PA,733,1363,1,1,0,1365,A
3-PA,734,1376,0,1,0,1377,A
3-PA,735,1,0,1386,0,1387,G
3-PA,736,1,0,0,1394,1395,C
3-PA,737,1,1391,0,0,1392,T
3-PA,738,0,1380,0,0,1380,T
3-PA,739,0,1387,0,1,1388,T
3-PA,740,1,1,0,1393,1395,C
3-PA,741,0,1394,0,1,1395,T
3-PA,742,3,1,1,1401,1406,C
3-PA,743,1394,0,1,0,1395,A
3-PA,744,1385,0,2,0,1387,A
3-PA,745,1380,0,1,0,1381,A
3-PA,746,0,1376,0,0,1376,T
3-PA,747,0,0,1434,0,1434,G
3-PA,748,0,1423,0,3,1426,T
3-PA,749,3,0,0,1442,1445,C
3-PA,750,6,0,0,1442,1448,C
3-PA,751,1451,0,0,0,1451,A
3-PA,752,1445,0,1,0,1446,A
3-PA,753,1446,0,1,0,1447,A
3-PA,754,0,2,1459,0,1461,G
3-PA,755,1454,0,0,0,1454,A
3-PA,756,1414,0,1,0,1415,A
3-PA,757,0,0,1430,0,1430,G
3-PA,758,0,1413,0,2,1415,T
3-PA,759,0,3,1413,0,1416,G
3-PA,760,1407,1,0,0,1408,A
3-PA,761,1402,1,1,0,1404,A
3-PA,762,0,1406,0,1,1407,T
3-PA,763,0,3,1400,1,1404,G
3-PA,764,1,0,0,1393,1394,C
3-PA,765,4,0,0,1386,1390,C
3-PA,766,5,0,0,1380,1385,C
3-PA,767,1385,1,0,0,1386,A
3-PA,768,1414,1,1,0,1416,A
3-PA,769,1418,2,0,0,1420,A
3-PA,770,0,1418,0,0,1418,T
3-PA,771,0,1414,0,0,1414,T
3-PA,772,1,7,1407,0,1415,G
3-PA,773,1404,0,1,0,1405,A
3-PA,774,1407,0,0,0,1407,A
3-PA,775,4,1,0,1413,1418,C
3-PA,776,2,0,0,1413,1415,C
3-PA,777,0,1396,0,0,1396,T
3-PA,778,0,1437,0,0,1437,T
3-PA,779,1,1436,0,0,1437,T
3-PA,780,1,1449,0,0,1450,T
3-PA,781,1,0,0,1465,1466,C
3-PA,782,0,1462,0,1,1463,T
3-PA,783,0,4,1459,0,1463,G
3-PA,784,1455,0,2,0,1457,A
3-PA,785,1464,0,2,0,1466,A
3-PA,786,0,5,1474,0,1479,G
3-PA,787,1441,0,2,0,1443,A
3-PA,788,2,1,0,1445,1448,C
3-PA,789,1424,0,2,0,1426,A
3-PA,790,1435,0,0,0,1435,A
3-PA,791,4,0,1,1563,1568,C
3-PA,792,1569,0,2,0,1571,A
3-PA,793,3,1,0,1563,1567,C
3-PA,794,5,1,1,1549,1556,C
3-PA,795,1538,1,1,0,1540,A
3-PA,796,1543,0,2,0,1545,A
3-PA,797,0,3,1546,0,1549,G
3-PA,798,1547,0,1,0,1548,A
3-PA,799,0,0,0,1549,1549,C
3-PA,800,6,2,0,1409,1417,C
3-PA,801,1405,0,1,0,1406,A
3-PA,802,1408,1,1,0,1410,A
3-PA,803,0,1412,0,0,1412,T
3-PA,804,4,0,0,1411,1415,C
3-PA,805,1406,0,0,0,1406,A
3-PA,806,1399,0,0,0,1399,A
3-PA,807,1404,0,1,0,1405,A
3-PA,808,0,2,0,1415,1417,C
3-PA,809,0,1403,0,1,1404,T
3-PA,810,0,1402,0,2,1404,T
3-PA,811,4,0,0,1407,1411,C
3-PA,812,2,1,0,1406,1409,C
3-PA,813,2,8,1412,0,1422,G
3-PA,814,1419,0,0,0,1419,A
3-PA,815,1425,0,0,0,1425,A
3-PA,816,0,1423,0,0,1423,T
3-PA,817,1,3,1410,0,1414,G
3-PA,818,0,3,1418,0,1421,G
3-PA,819,1423,0,2,0,1425,A
3-PA,820,2,0,1,1422,1425,C
3-PA,821,5,0,0,1420,1425,C
3-PA,822,0,1459,0,2,1461,T
3-PA,823,4,0,0,1490,1494,C
3-PA,824,3,1,0,1494,1498,C
3-PA,825,1,1495,1,2,1499,T
3-PA,826,0,1501,0,1,1502,T
3-PA,827,0,2,1548,0,1550,G
3-PA,828,0,1528,0,2,1530,T
3-PA,829,0,1520,1,0,1521,T
3-PA,830,1516,0,0,1,1517,A
3-PA,831,0,1469,0,0,1469,T
3-PA,832,2,0,1,1443,1446,C
3-PA,833,1407,0,0,0,1407,A
3-PA,834,1,0,1410,0,1411,G
3-PA,835,0,1,0,1400,1401,C
3-PA,836,0,1,1365,0,1366,G
3-PA,837,0,6,1404,0,1410,G
3-PA,838,1,1410,1,0,1412,T
3-PA,839,7,2,0,1404,1413,C
3-PA,840,0,1,1,1411,1413,C
3-PA,841,1417,0,1,0,1418,A
3-PA,842,1420,0,0,0,1420,A
3-PA,843,1423,1,1,0,1425,A
3-PA,844,0,1421,0,0,1421,T
3-PA,845,0,1415,0,1,1416,T
3-PA,846,1,1,1,1393,1396,C
3-PA,847,2,1,0,1368,1371,C
3-PA,848,0,1367,1,1,1369,T
3-PA,849,3,0,0,1369,1372,C
3-PA,850,3,0,0,1376,1379,C
3-PA,851,0,1373,0,0,1373,T
3-PA,852,1,2,1379,0,1382,G
3-PA,853,1380,2,0,0,1382,A
3-PA,854,0,1379,0,0,1379,T
3-PA,855,2,3,1359,0,1364,G
3-PA,856,0,5,1334,0,1339,G
3-PA,857,1332,0,1,0,1333,A
3-PA,858,1,1324,0,0,1325,T
3-PA,859,0,0,1331,0,1331,G
3-PA,860,1,0,1,1381,1383,C
3-PA,861,0,1364,0,0,1364,T
3-PA,862,1,1374,0,1,1376,T
3-PA,863,0,1375,0,0,1375,T
3-PA,864,1375,0,0,0,1375,A
3-PA,865,1380,0,0,0,1380,A
3-PA,866,1372,0,1,0,1373,A
3-PA,867,1385,0,1,0,1386,A
3-PA,868,0,1383,0,0,1383,T
3-PA,869,0,1243,0,0,1243,T
3-PA,870,0,9,1235,0,1244,G
3-PA,871,1241,0,2,0,1243,A
3-PA,872,0,2,1255,0,1257,G
3-PA,873,1,0,0,1249,1250,C
3-PA,874,1237,0,1,0,1238,A
3-PA,875,0,1259,0,1,1260,T
3-PA,876,0,1250,0,0,1250,T
3-PA,877,0,1,1241,0,1242,G
3-PA,878,1244,0,1,0,1245,A
3-PA,879,1228,1,0,1,1230,A
3-PA,880,1,2,1238,0,1241,G
3-PA,881,1210,0,0,0,1210,A
3-PA,882,2,0,0,1218,1220,C
3-PA,883,4,0,0,1205,1209,C
3-PA,884,1,1,0,1189,1191,C
3-PA,885,1182,0,1,0,1183,A
3-PA,886,1183,0,0,0,1183,A
3-PA,887,1,2,1186,0,1189,G
3-PA,888,0,1193,0,0,1193,T
3-PA,889,7,1,0,1185,1193,C
3-PA,890,1188,1,0,0,1189,A
3-PA,891,0,0,0,1189,1189,C
3-PA,892,1,1,1181,0,1183,G
3-PA,893,1193,0,2,0,1195,A
3-PA,894,1194,0,0,0,1194,A
3-PA,895,0,1,1228,0,1229,G
3-PA,896,1,4,1221,1,1227,G
3-PA,897,1223,0,0,0,1223,A
3-PA,898,1,2,1225,0,1228,G
3-PA,899,1228,0,3,0,1231,A
3-PA,900,1225,2,2,0,1229,A
3-PA,901,0,1,1229,1,1231,G
3-PA,902,2,4,1223,0,1229,G
3-PA,903,1,0,1233,0,1234,G
3-PA,904,1196,0,1,0,1197,A
3-PA,905,0,1193,0,0,1193,T
3-PA,906,1,1,0,1193,1195,C
3-PA,907,3,0,0,1293,1296,C
3-PA,908,3,2,0,1294,1299,C
3-PA,909,1320,0,1,0,1321,A
3-PA,910,0,1318,0,0,1318,T
3-PA,911,0,1321,0,0,1321,T
3-PA,912,1351,0,0,0,1351,A
3-PA,913,0,1351,0,0,1351,T
3-PA,914,1347,0,0,0,1347,A
3-PA,915,0,1341,0,1,1342,T
3-PA,916,0,2,1168,0,1170,G
3-PA,917,1170,0,0,0,1170,A
3-PA,918,0,1157,0,0,1157,T
3-PA,919,0,1,1158,0,1159,G
3-PA,920,2,3,0,1144,1149,C
3-PA,921,0,5,1135,1,1141,G
3-PA,922,1154,0,0,0,1154,A
3-PA,923,0,1146,0,0,1146,T
3-PA,924,3,0,0,1147,1150,C
3-PA,925,1149,0,0,0,1149,A
3-PA,926,1139,0,0,0,1139,A
3-PA,927,0,1,1146,0,1147,G
3-PA,928,0,1133,0,0,1133,T
3-PA,929,0,1,1148,0,1149,G
3-PA,930,0,1,0,1154,1155,C
3-PA,931,1156,0,0,0,1156,A
3-PA,932,0,1159,0,0,1159,T
3-PA,933,1157,0,0,0,1157,A
3-PA,934,1174,1,0,0,1175,A
3-PA,935,1178,0,1,0,1179,A
3-PA,936,1172,0,0,0,1172,A
3-PA,937,1169,1,2,0,1172,A
3-PA,938,0,0,0,1170,1170,C
3-PA,939,1159,0,0,0,1159,A
3-PA,940,0,1160,0,1,1161,T
3-PA,941,0,1164,0,0,1164,T
3-PA,942,2,0,0,1172,1174,C
3-PA,943,0,1161,0,1,1162,T
3-PA,944,0,1160,0,0,1160,T
3-PA,945,1,1162,0,0,1163,T
3-PA,946,0,4,1164,0,1168,G
3-PA,947,0,2,1168,0,1170,G
3-PA,948,1167,0,2,0,1169,A
3-PA,949,0,1162,1,0,1163,T
3-PA,950,0,3,1170,0,1173,G
3-PA,951,0,2,1206,0,1208,G
3-PA,952,1207,0,0,0,1207,A
3-PA,953,1207,0,0,0,1207,A
3-PA,954,1207,0,1,0,1208,A
3-PA,955,0,1,1220,0,1221,G
3-PA,956,1215,0,4,0,1219,A
3-PA,957,1355,0,1,0,1356,A
3-PA,958,1,0,0,1387,1388,C
3-PA,959,3,0,2,1387,1392,C
3-PA,960,0,1379,0,1,1380,T
3-PA,961,0,1411,0,1,1412,T
3-PA,962,1418,0,0,0,1418,A
3-PA,963,1,1415,0,0,1416,T
3-PA,964,1408,0,2,0,1410,A
3-PA,965,0,1419,0,0,1419,T
3-PA,966,1308,0,0,0,1308,A
3-PA,967,0,1,1328,0,1329,G
3-PA,968,0,1315,0,1,1316,T
3-PA,969,8,1,0,1295,1304,C
3-PA,970,1291,0,0,0,1291,A
3-PA,971,1286,0,2,0,1288,A
3-PA,972,1290,0,2,0,1292,A
3-PA,973,0,0,0,1289,1289,C
3-PA,974,4,0,0,1275,1279,C
3-PA,975,1259,0,3,0,1262,A
3-PA,976,0,0,0,1267,1267,C
3-PA,977,1268,0,0,0,1268,A
3-PA,978,3,1,0,1272,1276,C
3-PA,979,0,7,1267,0,1274,G
3-PA,980,1267,0,0,0,1267,A
3-PA,981,1268,0,0,0,1268,A
3-PA,982,1263,0,1,1,1265,A
3-PA,983,1262,0,1,0,1263,A
3-PA,984,1,1,1277,0,1279,G
3-PA,985,0,3,1270,0,1273,G
3-PA,986,0,3,1279,0,1282,G
3-PA,987,1285,0,0,0,1285,A
3-PA,988,1285,0,0,0,1285,A
3-PA,989,0,1285,0,0,1285,T
3-PA,990,1280,0,2,0,1282,A
3-PA,991,1283,1,0,0,1284,A
3-PA,992,1290,1,1,0,1292,A
3-PA,993,0,1283,0,0,1283,T
3-PA,994,0,1276,0,0,1276,T
3-PA,995,5,0,0,1277,1282,C
3-PA,996,1281,0,0,0,1281,A
3-PA,997,1285,0,0,0,1285,A
3-PA,998,1292,0,0,0,1292,A
3-PA,999,0,1294,0,1,1295,T
3-PA,1000,0,1302,0,1,1303,T
3-PA,1001,1305,1,1,0,1307,A
3-PA,1002,0,1,0,1303,1304,C
3-PA,1003,1,1,0,1305,1307,C
3-PA,1004,0,1290,0,0,1290,T
3-PA,1005,0,0,1309,0,1309,G
3-PA,1006,0,0,0,1307,1307,C
3-PA,1007,0,1306,0,0,1306,T
3-PA,1008,0,0,1335,0,1335,G
3-PA,1009,0,1331,1,0,1332,T
3-PA,1010,9,1,0,1328,1338,C
3-PA,1011,1341,0,1,0,1342,A
3-PA,1012,0,1337,0,1,1338,T
3-PA,1013,1,1,1334,0,1336,G
3-PA,1014,1,2,1337,0,1340,G
3-PA,1015,1336,0,1,0,1337,A
3-PA,1016,1362,1,2,0,1365,A
3-PA,1017,1,0,1356,0,1357,G
3-PA,1018,1,0,0,1354,1355,C
3-PA,1019,1345,0,2,0,1347,A
3-PA,1020,1353,0,2,0,1355,A
3-PA,1021,0,1,1363,0,1364,G
3-PA,1022,1,1364,0,0,1365,T
3-PA,1023,1365,0,0,0,1365,A
3-PA,1024,0,0,0,1360,1360,C
3-PA,1025,0,1330,0,1,1331,T
3-PA,1026,0,0,1348,0,1348,G
3-PA,1027,0,1342,0,0,1342,T
3-PA,1028,4,2,0,1335,1341,C
3-PA,1029,1333,0,1,0,1334,A
3-PA,1030,0,3,1340,0,1343,G
3-PA,1031,1345,0,0,0,1345,A
3-PA,1032,1344,0,0,0,1344,A
3-PA,1033,0,1374,1,0,1375,T
3-PA,1034,1,1364,0,0,1365,T
3-PA,1035,0,2,1354,0,1356,G
3-PA,1036,1,1,0,1353,1355,C
3-PA,1037,1350,0,1,0,1351,A
3-PA,1038,1,2,1353,0,1356,G
3-PA,1039,1,7,1343,0,1351,G
3-PA,1040,1349,0,3,0,1352,A
3-PA,1041,2,0,0,1364,1366,C
3-PA,1042,1336,1,0,0,1337,A
3-PA,1043,0,1346,0,1,1347,T
3-PA,1044,0,1344,0,0,1344,T
3-PA,1045,0,2,1351,0,1353,G
3-PA,1046,1358,0,2,0,1360,A
3-PA,1047,1353,0,1,0,1354,A
3-PA,1048,1354,0,2,0,1356,A
3-PA,1049,1353,0,0,0,1353,A
3-PA,1050,0,1331,0,0,1331,T
3-PA,1051,0,1,1353,0,1354,G
3-PA,1052,1342,0,1,0,1343,A
3-PA,1053,1,2,1353,0,1356,G
3-PA,1054,0,1,1356,0,1357,G
3-PA,1055,1346,0,0,0,1346,A
3-PA,1056,0,2,1347,0,1349,G
3-PA,1057,1344,0,0,0,1344,A
3-PA,1058,1341,0,2,0,1343,A
3-PA,1059,0,0,1338,0,1338,G
3-PA,1060,1,0,1301,0,1302,G
3-PA,1061,1,1366,0,3,1370,T
3-PA,1062,0,1381,0,0,1381,T
3-PA,1063,1,0,0,1378,1379,C
3-PA,1064,2,1,0,1368,1371,C
3-PA,1065,1376,1,1,0,1378,A
3-PA,1066,1371,0,0,0,1371,A
3-PA,1067,0,3,1382,0,1385,G
3-PA,1068,0,4,1401,0,1405,G
3-PA,1069,1381,1,2,0,1384,A
3-PA,1070,1,0,1,1378,1380,C
3-PA,1071,0,1375,0,1,1376,T
3-PA,1072,1381,0,0,0,1381,A
3-PA,1073,1380,0,2,0,1382,A
3-PA,1074,1382,0,1,0,1383,A
3-PA,1075,1377,0,0,1,1378,A
3-PA,1076,1376,1,1,0,1378,A
3-PA,1077,1,1,0,1356,1358,C
3-PA,1078,1352,1,0,0,1353,A
3-PA,1079,1,1337,0,0,1338,T
3-PA,1080,0,5,1352,0,1357,G
3-PA,1081,1354,1,4,0,1359,A
3-PA,1082,1360,0,1,1,1362,A
3-PA,1083,0,2,1371,0,1373,G
3-PA,1084,1367,0,0,0,1367,A
3-PA,1085,1363,0,0,0,1363,A
3-PA,1086,1356,0,0,0,1356,A
3-PA,1087,1353,1,1,1,1356,A
3-PA,1088,0,1,0,1359,1360,C
3-PA,1089,0,5,1347,0,1352,G
3-PA,1090,1359,0,1,0,1360,A
3-PA,1091,1,1,1358,0,1360,G
3-PA,1092,0,1356,0,0,1356,T
3-PA,1093,9,1,0,1379,1389,C
3-PA,1094,1390,0,1,0,1391,A
3-PA,1095,1425,1,0,0,1426,A
3-PA,1096,4,0,0,1419,1423,C
3-PA,1097,0,1422,0,1,1423,T
3-PA,1098,0,3,1443,0,1446,G
3-PA,1099,1439,1,0,1,1441,A
3-PA,1100,1445,0,2,0,1447,A
3-PA,1101,0,2,1452,0,1454,G
3-PA,1102,0,1421,1,1,1423,T
3-PA,1103,1,4,1423,0,1428,G
3-PA,1104,1,2,1413,0,1416,G
3-PA,1105,1,0,1420,0,1421,G
3-PA,1106,0,1,0,1426,1427,C
3-PA,1107,0,1412,0,3,1415,T
3-PA,1108,2,0,0,1422,1424,C
3-PA,1109,0,1425,0,0,1425,T
3-PA,1110,1,1428,0,0,1429,T
3-PA,1111,0,2,1468,0,1470,G
3-PA,1112,1,3,1474,0,1478,G
3-PA,1113,0,1468,0,1,1469,T
3-PA,1114,1,8,1453,0,1462,G
3-PA,1115,1451,0,2,0,1453,A
3-PA,1116,1471,0,1,0,1472,A
3-PA,1117,1458,0,2,2,1462,A
3-PA,1118,1470,1,0,0,1471,A
3-PA,1119,1,0,0,1486,1487,C
3-PA,1120,1453,0,1,1,1455,A
3-PA,1121,1,1454,0,0,1455,T
3-PA,1122,0,6,1448,0,1454,G
3-PA,1123,1,0,1478,0,1479,G
3-PA,1124,0,1,1,1477,1479,C
3-PA,1125,1475,1,1,0,1477,A
3-PA,1126,0,1,0,1480,1481,C
3-PA,1127,7,0,0,1480,1487,C
3-PA,1128,1518,0,0,0,1518,A
3-PA,1129,0,2,1533,0,1535,G
3-PA,1130,1527,0,3,0,1530,A
3-PA,1131,0,1,1543,0,1544,G
3-PA,1132,1544,1,0,0,1545,A
3-PA,1133,1537,0,3,1,1541,A
3-PA,1134,0,6,1544,0,1550,G
3-PA,1135,0,3,1546,0,1549,G
3-PA,1136,1,1539,0,3,1543,T
3-PA,1137,1525,0,0,0,1525,A
3-PA,1138,0,2,1519,0,1521,G
3-PA,1139,1525,0,3,0,1528,A
3-PA,1140,0,0,0,1532,1532,C
3-PA,1141,0,1516,0,0,1516,T
3-PA,1142,0,1514,0,2,1516,T
3-PA,1143,0,1508,0,0,1508,T
3-PA,1144,0,2,1514,0,1516,G
3-PA,1145,1517,1,1,0,1519,A
3-PA,1146,1523,0,0,0,1523,A
3-PA,1147,1516,0,1,0,1517,A
3-PA,1148,1513,0,0,0,1513,A
3-PA,1149,0,0,0,1542,1542,C
3-PA,1150,0,1536,0,1,1537,T
3-PA,1151,2,1,1553,0,1556,G
3-PA,1152,0,1,0,1555,1556,C
3-PA,1153,1557,0,2,0,1559,A
3-PA,1154,0,2,1554,0,1556,G
3-PA,1155,1540,0,3,0,1543,A
3-PA,1156,0,2,1631,0,1633,G
3-PA,1157,1635,0,3,1,1639,A
3-PA,1158,1,0,0,1626,1627,C
3-PA,1159,1620,0,0,0,1620,A
3-PA,1160,0,1602,0,0,1602,T
3-PA,1161,1599,0,0,0,1599,A
3-PA,1162,1600,1,3,0,1604,A
3-PA,1163,1,2,1600,0,1603,G
3-PA,1164,0,1,0,1600,1601,C
3-PA,1165,1,5,1564,0,1570,G
3-PA,1166,1618,0,0,0,1618,A
3-PA,1167,0,1604,1,0,1605,T
3-PA,1168,1,1602,0,1,1604,T
3-PA,1169,0,1609,0,0,1609,T
3-PA,1170,0,2,1609,0,1611,G
3-PA,1171,1615,0,1,0,1616,A
3-PA,1172,1611,1,4,0,1616,A
3-PA,1173,0,2,1620,0,1622,G
3-PA,1174,1,0,0,1649,1650,C
3-PA,1175,1624,0,0,0,1624,A
3-PA,1176,1762,0,0,0,1762,A
3-PA,1177,0,1761,0,0,1761,T
3-PA,1178,1769,0,1,0,1770,A
3-PA,1179,0,1770,0,2,1772,T
3-PA,1180,1,5,1769,1,1776,G
3-PA,1181,1798,0,3,0,1801,A
3-PA,1182,0,1794,0,2,1796,T
3-PA,1183,1724,0,2,0,1726,A
3-PA,1184,0,2,1730,0,1732,G
3-PA,1185,0,1663,1,0,1664,T
3-PA,1186,0,5,1657,0,1662,G
3-PA,1187,1658,0,2,0,1660,A
3-PA,1188,1,1,0,1655,1657,C
3-PA,1189,0,6,1643,0,1649,G
3-PA,1190,1664,0,1,0,1665,A
3-PA,1191,1667,0,2,0,1669,A
3-PA,1192,0,0,0,1691,1691,C
3-PA,1193,1,0,0,1691,1692,C
3-PA,1194,0,1684,0,0,1684,T
3-PA,1195,1,7,1715,0,1723,G
3-PA,1196,1719,0,1,0,1720,A
3-PA,1197,1723,0,0,0,1723,A
3-PA,1198,0,1726,0,1,1727,T
3-PA,1199,3,1696,0,1,1700,T
3-PA,1200,1696,0,2,2,1700,A
3-PA,1201,1675,1,1,0,1677,A
3-PA,1202,0,4,1676,0,1680,G
3-PA,1203,0,1,1682,0,1683,G
3-PA,1204,0,1654,0,4,1658,T
3-PA,1205,3,0,0,1648,1651,C
3-PA,1206,1653,0,0,0,1653,A
3-PA,1207,0,1642,1,0,1643,T
3-PA,1208,0,1684,0,1,1685,T
3-PA,1209,0,1691,0,0,1691,T
3-PA,1210,0,1692,0,1,1693,T
3-PA,1211,5,0,0,1685,1690,C
3-PA,1212,1685,0,3,0,1688,A
3-PA,1213,1686,0,1,0,1687,A
3-PA,1214,0,2,1716,0,1718,G
3-PA,1215,0,0,0,1714,1714,C
3-PA,1216,0,1699,0,1,1700,T
3-PA,1217,1,4,1746,0,1751,G
3-PA,1218,0,6,1752,0,1758,G
3-PA,1219,1790,1,0,0,1791,A
3-PA,1220,2,1800,0,1,1803,T
3-PA,1221,1801,0,0,0,1801,A
3-PA,1222,3,0,0,1808,1811,C
3-PA,1223,1772,1,1,0,1774,A
3-PA,1224,1,6,1790,0,1797,G
3-PA,1225,1786,0,1,0,1787,A
3-PA,1226,1752,0,1,0,1753,A
3-PA,1227,0,1734,1,1,1736,T
3-PA,1228,0,7,1723,0,1730,G
3-PA,1229,1710,0,2,0,1712,A
3-PA,1230,0,1,1733,0,1734,G
3-PA,1231,0,1723,0,1,1724,T
3-PA,1232,1,1718,0,1,1720,T
3-PA,1233,12,1,0,1748,1761,C
3-PA,1234,1765,2,1,0,1768,A
3-PA,1235,1767,0,2,3,1772,A
3-PA,1236,0,1,0,1766,1767,C
3-PA,1237,1741,0,1,0,1742,A
3-PA,1238,1738,0,1,1,1740,A
3-PA,1239,1,2,1733,0,1736,G
3-PA,1240,0,1,1746,0,1747,G
3-PA,1241,2,0,0,1754,1756,C
3-PA,1242,1,1,0,1734,1736,C
3-PA,1243,2,1719,0,2,1723,T
3-PA,1244,0,1,1733,0,1734,G
3-PA,1245,1,1735,0,1,1737,T
3-PA,1246,0,3,1759,0,1762,G
3-PA,1247,1752,2,2,1,1757,A
3-PA,1248,0,0,1753,0,1753,G
3-PA,1249,2,1,0,1739,1742,C
3-PA,1250,0,1729,0,1,1730,T
3-PA,1251,1783,0,0,0,1783,A
3-PA,1252,1780,0,1,0,1781,A
3-PA,1253,1,1,0,1784,1786,C
3-PA,1254,0,1774,0,0,1774,T
3-PA,1255,0,8,1762,0,1770,G
3-PA,1256,1764,0,0,0,1764,A
3-PA,1257,0,1767,0,2,1769,T
3-PA,1258,0,1769,0,2,1771,T
3-PA,1259,5,0,0,1763,1768,C
3-PA,1260,1810,1,1,0,1812,A
3-PA,1261,0,1,1852,0,1853,G
3-PA,1262,0,1840,0,3,1843,T
3-PA,1263,1,0,0,1846,1847,C
3-PA,1264,0,1833,0,2,1835,T
3-PA,1265,0,7,1896,0,1903,G
3-PA,1266,0,8,1898,0,1906,G
3-PA,1267,1909,0,2,0,1911,A
3-PA,1268,0,1908,0,1,1909,T
3-PA,1269,1794,0,3,0,1797,A
3-PA,1270,1,2,1788,1,1792,G
3-PA,1271,1756,1,2,0,1759,A
3-PA,1272,0,1,1768,0,1769,G
3-PA,1273,1,2,0,1761,1764,C
3-PA,1274,1,1734,0,1,1736,T
3-PA,1275,3,2,0,1729,1734,C
3-PA,1276,0,8,1732,0,1740,G
3-PA,1277,1741,0,1,0,1742,A
3-PA,1278,0,1746,0,0,1746,T
3-PA,1279,0,3,1744,0,1747,G
3-PA,1280,1734,1,1,0,1736,A
3-PA,1281,1730,0,1,0,1731,A
3-PA,1282,2,1,1717,0,1720,G
3-PA,1283,0,1767,0,1,1768,T
3-PA,1284,1,1771,0,0,1772,T
3-PA,1285,0,2,1792,0,1794,G
3-PA,1286,0,5,1794,0,1799,G
3-PA,1287,1793,0,2,0,1795,A
3-PA,1288,0,0,1797,0,1797,G
3-PA,1289,1768,1,2,0,1771,A
3-PA,1290,1,5,1786,0,1792,G
3-PA,1291,0,4,1786,0,1790,G
3-PA,1292,1804,0,0,0,1804,A
3-PA,1293,1,2,0,1806,1809,C
3-PA,1294,29,0,1762,0,1791,G
3-PA,1295,2,1775,0,1,1778,T
3-PA,1296,1785,0,1,0,1786,A
3-PA,1297,0,1,1805,0,1806,G
3-PA,1298,3,0,0,1815,1818,C
3-PA,1299,1,0,2,1793,1796,C
3-PA,1300,8,0,0,1787,1795,C
3-PA,1301,2,0,0,1803,1805,C
3-PA,1302,1812,0,0,0,1812,A
3-PA,1303,1876,0,0,0,1876,A
3-PA,1304,0,1874,0,0,1874,T
3-PA,1305,0,1860,0,2,1862,T
3-PA,1306,0,7,1856,0,1863,G
3-PA,1307,1827,0,3,0,1830,A
3-PA,1308,1,1,1833,0,1835,G
3-PA,1309,3,0,0,1826,1829,C
3-PA,1310,1819,0,1,0,1820,A
3-PA,1311,3,0,0,1852,1855,C
3-PA,1312,1807,1,0,1,1809,A
3-PA,1313,0,1855,0,1,1856,T
3-PA,1314,1,1857,0,1,1859,T
3-PA,1315,3,2,1856,0,1861,G
3-PA,1316,2,0,0,1847,1849,C
3-PA,1317,1850,0,3,1,1854,A
3-PA,1318,1850,0,0,1,1851,A
3-PA,1319,0,1,1857,0,1858,G
3-PA,1320,1,4,0,1832,1837,C
3-PA,1321,1832,1,0,1,1834,A
3-PA,1322,0,1788,0,1,1789,T
3-PA,1323,0,10,1784,0,1794,G
3-PA,1324,1781,0,0,0,1781,A
3-PA,1325,1,1,1789,0,1791,G
3-PA,1326,1788,1,1,0,1790,A
3-PA,1327,1784,0,2,0,1786,A
3-PA,1328,0,3,1780,0,1783,G
3-PA,1329,1,7,1771,0,1779,G
3-PA,1330,1776,1,2,1,1780,A
3-PA,1331,1776,0,1,1,1778,A
3-PA,1332,0,1780,0,1,1781,T
3-PA,1333,0,1776,1,0,1777,T
3-PA,1334,1776,0,0,0,1776,A
3-PA,1335,0,1789,0,1,1790,T
3-PA,1336,0,1788,0,1,1789,T
3-PA,1337,0,1797,0,1,1798,T
3-PA,1338,11,0,0,1767,1778,C
3-PA,1339,1767,1,3,1,1772,A
3-PA,1340,0,0,0,1811,1811,C
3-PA,1341,1803,0,1,0,1804,A
3-PA,1342,0,0,1826,0,1826,G
3-PA,1343,2,0,0,1823,1825,C
3-PA,1344,1812,0,1,0,1813,A
3-PA,1345,1,3,1827,0,1831,G
3-PA,1346,1823,1,2,0,1826,A
3-PA,1347,0,2,1832,0,1834,G
3-PA,1348,0,1,1836,0,1837,G
3-PA,1349,0,1790,0,0,1790,T
3-PA,1350,0,0,1813,1,1814,G
3-PA,1351,0,1802,0,3,1805,T
3-PA,1352,2,0,0,1799,1801,C
3-PA,1353,2,0,0,1816,1818,C
3-PA,1354,6,0,0,1808,1814,C
3-PA,1355,1827,0,0,0,1827,A
3-PA,1356,1,1835,0,1,1837,T
3-PA,1357,0,1825,0,0,1825,T
3-PA,1358,1,3,1841,0,1845,G
3-PA,1359,1,1816,0,1,1818,T
3-PA,1360,1789,0,0,0,1789,A
3-PA,1361,0,4,1784,0,1788,G
3-PA,1362,1744,0,1,0,1745,A
3-PA,1363,0,1,1749,0,1750,G
3-PA,1364,1,0,0,1710,1711,C
3-PA,1365,5,0,0,1684,1689,C
3-PA,1366,1721,0,3,0,1724,A
3-PA,1367,1,0,0,1726,1727,C
3-PA,1368,0,1708,0,2,1710,T
3-PA,1369,0,1,1708,0,1709,G
3-PA,1370,1702,0,0,0,1702,A
3-PA,1371,1674,0,0,0,1674,A
3-PA,1372,1,1725,0,0,1726,T
3-PA,1373,1749,1,0,0,1750,A
3-PA,1374,1,2,0,1771,1774,C
3-PA,1375,1729,1,1,1,1732,A
3-PA,1376,0,1740,0,0,1740,T
3-PA,1377,1729,0,2,1,1732,A
3-PA,1378,1750,0,1,0,1751,A
3-PA,1379,0,1746,0,2,1748,T
3-PA,1380,0,5,1715,0,1720,G
3-PA,1381,1709,0,0,0,1709,A
3-PA,1382,1671,0,0,0,1671,A
3-PA,1383,0,0,1673,0,1673,G
3-PA,1384,2,4,1662,0,1668,G
3-PA,1385,0,1,1688,0,1689,G
3-PA,1386,0,5,1673,0,1678,G
3-PA,1387,0,1,1705,0,1706,G
3-PA,1388,0,1663,0,0,1663,T
3-PA,1389,1675,0,1,0,1676,A
3-PA,1390,1,1678,0,0,1679,T
3-PA,1391,1694,1,1,0,1696,A
3-PA,1392,1,0,0,1850,1851,C
3-PA,1393,1801,0,0,0,1801,A
3-PA,1394,0,1767,0,2,1769,T
3-PA,1395,0,1751,1,3,1755,T
3-PA,1396,1738,0,1,0,1739,A
3-PA,1397,1780,0,1,0,1781,A
3-PA,1398,0,0,0,1781,1781,C
3-PA,1399,1747,0,0,1,1748,A
3-PA,1400,0,0,0,1748,1748,C
3-PA,1401,0,1571,0,1,1572,T
3-PA,1402,1,0,1616,1,1618,G
3-PA,1403,0,0,0,1617,1617,C
3-PA,1404,4,0,0,1607,1611,C
3-PA,1405,4,0,0,1618,1622,C
3-PA,1406,0,1591,0,0,1591,T
3-PA,1407,0,4,1632,0,1636,G
3-PA,1408,0,1,0,1636,1637,C
3-PA,1409,0,1638,0,2,1640,T
3-PA,1410,8,0,0,1670,1678,C
3-PA,1411,1606,1,2,0,1609,A
3-PA,1412,1634,0,0,0,1634,A
3-PA,1413,0,1638,0,0,1638,T
3-PA,1414,0,1,1635,1,1637,G
3-PA,1415,2,0,0,1633,1635,C
3-PA,1416,1617,0,0,0,1617,A
3-PA,1417,0,1613,0,2,1615,T
3-PA,1418,5,2,0,1614,1621,C
3-PA,1419,5,0,0,1623,1628,C
3-PA,1420,0,1572,0,1,1573,T
3-PA,1421,2,2,1608,0,1612,G
3-PA,1422,1,1610,1,0,1612,T
3-PA,1423,0,3,1607,0,1610,G
3-PA,1424,1,0,0,1608,1609,C
3-PA,1425,1584,0,0,0,1584,A
3-PA,1426,2,1,1593,0,1596,G
3-PA,1427,1,0,0,1596,1597,C
3-PA,1428,1562,1,0,0,1563,A
3-PA,1429,1561,0,1,0,1562,A
3-PA,1430,0,1506,1,0,1507,T
3-PA,1431,1,2,1488,0,1491,G
3-PA,1432,4,3,1493,0,1500,G
3-PA,1433,1499,0,0,0,1499,A
3-PA,1434,1,0,0,1502,1503,C
3-PA,1435,1,9,1474,0,1484,G
3-PA,1436,1513,0,0,0,1513,A
3-PA,1437,0,1510,0,2,1512,T
3-PA,1438,3,1507,0,1,1511,T
3-PA,1439,0,1507,0,0,1507,T
3-PA,1440,1,1506,0,2,1509,T
3-PA,1441,4,0,0,1507,1511,C
3-PA,1442,1505,0,2,0,1507,A
3-PA,1443,1519,0,0,0,1519,A
3-PA,1444,1,0,0,1518,1519,C
3-PA,1445,0,1495,0,1,1496,T
3-PA,1446,1490,0,1,0,1491,A
3-PA,1447,1497,1,0,1,1499,A
3-PA,1448,0,1499,0,1,1500,T
3-PA,1449,2,1500,0,1,1503,T
3-PA,1450,6,1,1,1501,1509,C
3-PA,1451,3,0,0,1493,1496,C
3-PA,1452,4,0,1,1497,1502,C
3-PA,1453,1500,0,0,0,1500,A
3-PA,1454,0,1528,0,1,1529,T
3-PA,1455,0,1,1532,0,1533,G
3-PA,1456,1532,0,0,0,1532,A
3-PA,1457,0,1517,0,0,1517,T
3-PA,1458,1508,0,0,0,1508,A
3-PA,1459,1517,0,0,0,1517,A
3-PA,1460,0,1,1521,0,1522,G
3-PA,1461,1,1,1,1512,1515,C
3-PA,1462,1509,0,1,0,1510,A
3-PA,1463,1458,2,5,0,1465,A
3-PA,1464,0,0,1498,0,1498,G
3-PA,1465,0,1489,0,1,1490,T
3-PA,1466,1,1,1490,0,1492,G
3-PA,1467,0,1,0,1485,1486,C
3-PA,1468,1466,0,1,0,1467,A
3-PA,1469,1,2,1493,0,1496,G
3-PA,1470,1497,1,0,0,1498,A
3-PA,1471,1522,0,0,0,1522,A
3-PA,1472,0,0,0,1531,1531,C
3-PA,1473,1,1477,0,0,1478,T
3-PA,1474,1489,0,2,0,1491,A
3-PA,1475,1491,0,0,0,1491,A
3-PA,1476,1487,0,2,0,1489,A
3-PA,1477,0,0,1492,0,1492,G
3-PA,1478,1433,1,1,0,1435,A
3-PA,1479,0,2,1432,0,1434,G
3-PA,1480,0,3,1392,0,1395,G
3-PA,1481,0,2,1385,0,1387,G
3-PA,1482,1374,0,0,0,1374,A
3-PA,1483,1356,0,0,0,1356,A
3-PA,1484,1,1,1349,0,1351,G
3-PA,1485,0,0,1354,0,1354,G
3-PA,1486,1,1,0,1349,1351,C
3-PA,1487,0,2,1344,0,1346,G
3-PA,1488,1338,1,2,0,1341,A
3-PA,1489,1340,1,0,0,1341,A
3-PA,1490,1340,0,1,0,1341,A
3-PA,1491,1340,1,0,0,1341,A
3-PA,1492,1340,2,1,0,1343,A
3-PA,1493,0,0,0,1339,1339,C
3-PA,1494,5,0,0,1329,1334,C
3-PA,1495,1338,0,0,0,1338,A
3-PA,1496,1355,0,1,0,1356,A
3-PA,1497,0,1359,0,0,1359,T
3-PA,1498,0,1361,0,0,1361,T
3-PA,1499,0,1364,0,0,1364,T
3-PA,1500,1374,0,0,0,1374,A
3-PA,1501,0,1374,0,1,1375,T
3-PA,1502,1369,0,2,0,1371,A
3-PA,1503,0,1368,0,1,1369,T
3-PA,1504,1,5,1355,0,1361,G
3-PA,1505,1,4,1342,0,1347,G
3-PA,1506,1343,0,0,0,1343,A
3-PA,1507,0,1340,0,0,1340,T
3-PA,1508,1,1333,0,2,1336,T
3-PA,1509,5,0,0,1322,1327,C
3-PA,1510,1334,1,0,0,1335,A
3-PA,1511,1,1349,0,0,1350,T
3-PA,1512,2,0,0,1351,1353,C
3-PA,1513,1345,0,0,1,1346,A
3-PA,1514,0,1332,0,1,1333,T
3-PA,1515,1324,0,1,0,1325,A
3-PA,1516,1323,0,1,0,1324,A
3-PA,1517,1312,1,2,0,1315,A
3-PA,1518,0,4,1304,0,1308,G
3-PA,1519,0,2,1284,0,1286,G
3-PA,1520,1,4,1260,0,1265,G
3-PA,1521,1259,0,0,0,1259,A
3-PA,1522,1245,0,2,0,1247,A
3-PA,1523,0,4,1244,0,1248,G
3-PA,1524,1241,0,0,0,1241,A
3-PA,1525,0,1236,0,2,1238,T
3-PA,1526,2,0,0,1236,1238,C
3-PA,1527,0,1215,0,0,1215,T
3-PA,1528,6,0,0,1240,1246,C
3-PA,1529,1244,0,1,0,1245,A
3-PA,1530,1,1237,1,0,1239,T
3-PA,1531,0,1241,0,1,1242,T
3-PA,1532,1,1223,0,1,1225,T
3-PA,1533,1217,0,0,0,1217,A
3-PA,1534,1216,0,1,0,1217,A
3-PA,1535,0,2,1214,2,1218,G
3-PA,1536,0,1,1240,0,1241,G
3-PA,1537,1149,0,1,0,1150,A
3-PA,1538,1153,0,2,0,1155,A
3-PA,1539,0,1152,0,0,1152,T
3-PA,1540,1,4,1154,0,1159,G
3-PA,1541,1179,0,1,0,1180,A
3-PA,1542,0,0,0,1186,1186,C
3-PA,1543,1180,0,3,0,1183,A
3-PA,1544,0,2,1,1174,1177,C
3-PA,1545,1144,0,1,0,1145,A
3-PA,1546,0,1,1143,0,1144,G
3-PA,1547,1141,1,1,0,1143,A
3-PA,1548,0,1,0,1120,1121,C
3-PA,1549,0,2,1105,0,1107,G
3-PA,1550,0,1034,0,1,1035,T
3-PA,1551,0,4,1031,0,1035,G
3-PA,1552,0,1,1040,0,1041,G
3-PA,1553,0,1038,0,0,1038,T
3-PA,1554,1031,0,3,0,1034,A
3-PA,1555,1010,0,0,0,1010,A
3-PA,1556,1012,0,0,0,1012,A
3-PA,1557,0,1012,0,0,1012,T
3-PA,1558,0,992,0,0,992,T
3-PA,1559,0,994,0,0,994,T
3-PA,1560,0,979,0,0,979,T
3-PA,1561,0,0,980,0,980,G
3-PA,1562,0,960,0,1,961,T
3-PA,1563,0,6,954,0,960,G
3-PA,1564,956,1,0,0,957,A
3-PA,1565,0,1,955,0,956,G
3-PA,1566,0,0,0,951,951,C
3-PA,1567,951,0,0,0,951,A
3-PA,1568,0,952,0,2,954,T
3-PA,1569,0,0,955,0,955,G
3-PA,1570,1,1,953,0,955,G
3-PA,1571,953,0,0,0,953,A
3-PA,1572,0,0,954,0,954,G
3-PA,1573,0,942,0,0,942,T
3-PA,1574,0,914,1,2,917,T
3-PA,1575,0,930,0,0,930,T
3-PA,1576,0,929,0,0,929,T
3-PA,1577,3,0,0,929,932,C
3-PA,1578,1,920,0,1,922,T
3-PA,1579,3,0,0,920,923,C
3-PA,1580,0,893,0,3,896,T
3-PA,1581,4,0,0,889,893,C
3-PA,1582,889,0,0,0,889,A
3-PA,1583,0,0,0,883,883,C
3-PA,1584,0,853,0,0,853,T
3-PA,1585,0,3,851,0,854,G
3-PA,1586,851,0,1,0,852,A
3-PA,1587,1,0,0,852,853,C
3-PA,1588,3,1,0,846,850,C
3-PA,1589,2,2,0,830,834,C
3-PA,1590,1,2,831,0,834,G
3-PA,1591,830,0,0,0,830,A
3-PA,1592,0,1,835,0,836,G
3-PA,1593,835,0,0,0,835,A
3-PA,1594,0,0,0,822,822,C
3-PA,1595,0,802,0,1,803,T
3-PA,1596,0,757,0,0,757,T
3-PA,1597,0,1,758,0,759,G
3-PA,1598,753,0,2,0,755,A
3-PA,1599,0,0,757,0,757,G
3-PA,1600,0,0,0,753,753,C
3-PA,1601,0,0,0,713,713,C
3-PA,1602,724,0,0,0,724,A
3-PA,1603,0,0,0,724,724,C
3-PA,1604,726,0,0,0,726,A
3-PA,1605,0,723,0,1,724,T
3-PA,1606,713,0,0,0,713,A
3-PA,1607,708,1,0,0,709,A
3-PA,1608,708,0,1,0,709,A
3-PA,1609,0,702,0,0,702,T
3-PA,1610,0,4,691,0,695,G
3-PA,1611,0,2,632,0,634,G
3-PA,1612,0,0,624,0,624,G
3-PA,1613,610,0,0,0,610,A
3-PA,1614,0,0,611,0,611,G
3-PA,1615,598,0,1,0,599,A
3-PA,1616,589,0,1,0,590,A
3-PA,1617,590,0,1,0,591,A
3-PA,1618,0,586,0,0,586,T
3-PA,1619,580,1,1,0,582,A
3-PA,1620,0,237,0,334,571,C
3-PA,1621,0,400,0,0,400,T
3-PA,1622,0,0,397,0,397,G
3-PA,1623,0,307,0,1,308,T
3-PA,1624,0,0,310,0,310,G
3-PA,1625,0,304,0,0,304,T
3-PA,1626,0,1,0,262,263,C
3-PA,1627,1,0,0,255,256,C
3-PA,1628,0,249,0,0,249,T
3-PA,1629,1,252,0,0,253,T
3-PA,1630,0,1,251,0,252,G
3-PA,1631,252,0,0,0,252,A
3-PA,1632,0,0,256,0,256,G
3-PA,1633,249,0,1,0,250,A
3-PA,1634,0,250,0,0,250,T
3-PA,1635,239,0,1,0,240,A
3-PA,1636,0,0,253,0,253,G
3-PA,1637,0,0,254,0,254,G
3-PA,1638,252,0,0,0,252,A
3-PA,1639,0,0,256,0,256,G
3-PA,1640,259,0,0,0,259,A
3-PA,1641,0,258,0,0,258,T
3-PA,1642,260,0,1,0,261,A
3-PA,1643,0,264,0,0,264,T
3-PA,1644,0,1,266,0,267,G
3-PA,1645,0,269,0,0,269,T
3-PA,1646,0,266,0,0,266,T
3-PA,1647,272,0,0,0,272,A
3-PA,1648,1,1,0,273,275,C
3-PA,1649,0,273,0,0,273,T
3-PA,1650,275,0,0,0,275,A
3-PA,1651,268,0,0,0,268,A
3-PA,1652,1,0,272,0,273,G
3-PA,1653,268,0,0,0,268,A
3-PA,1654,260,0,0,0,260,A
3-PA,1655,0,0,254,0,254,G
3-PA,1656,0,258,0,0,258,T
3-PA,1657,0,0,264,0,264,G
3-PA,1658,0,0,0,263,263,C
3-PA,1659,0,0,0,262,262,C
3-PA,1660,264,0,0,0,264,A
3-PA,1661,0,264,0,0,264,T
3-PA,1662,262,0,1,0,263,A
3-PA,1663,0,0,264,0,264,G
3-PA,1664,0,0,266,0,266,G
3-PA,1665,0,0,0,266,266,C
3-PA,1666,1,0,0,260,261,C
3-PA,1667,265,0,0,0,265,A
3-PA,1668,264,0,0,0,264,A
3-PA,1669,263,0,0,0,263,A
3-PA,1670,0,268,0,1,269,T
3-PA,1671,0,268,0,0,268,T
3-PA,1672,0,267,0,0,267,T
3-PA,1673,1,0,0,269,270,C
3-PA,1674,263,1,0,0,264,A
3-PA,1675,268,0,0,0,268,A
3-PA,1676,0,1,266,0,267,G
3-PA,1677,0,0,272,0,272,G
3-PA,1678,0,0,0,273,273,C
3-PA,1679,0,0,0,269,269,C
3-PA,1680,0,0,269,0,269,G
3-PA,1681,276,0,0,0,276,A
3-PA,1682,0,277,0,0,277,T
3-PA,1683,0,0,287,0,287,G
3-PA,1684,0,290,0,0,290,T
3-PA,1685,0,297,0,0,297,T
3-PA,1686,2,0,0,303,305,C
3-PA,1687,0,302,0,0,302,T
3-PA,1688,0,303,0,0,303,T
3-PA,1689,0,0,304,0,304,G
3-PA,1690,0,297,0,0,297,T
3-PA,1691,299,0,0,0,299,A
3-PA,1692,0,294,0,0,294,T
3-PA,1693,0,0,292,0,292,G
3-PA,1694,0,280,0,0,280,T
3-PA,1695,0,1,282,0,283,G
3-PA,1696,280,0,0,0,280,A
3-PA,1697,0,1,281,0,282,G
3-PA,1698,0,0,277,0,277,G
3-PA,1699,279,0,0,0,279,A
3-PA,1700,0,0,0,276,276,C
3-PA,1701,276,0,0,0,276,A
3-PA,1702,276,0,0,0,276,A
3-PA,1703,276,0,0,1,277,A
3-PA,1704,0,0,0,278,278,C
3-PA,1705,0,0,277,0,277,G
3-PA,1706,0,1,282,0,283,G
3-PA,1707,280,0,0,0,280,A
3-PA,1708,280,0,0,0,280,A
3-PA,1709,0,0,0,282,282,C
3-PA,1710,282,0,0,0,282,A
3-PA,1711,0,282,0,0,282,T
3-PA,1712,1,0,0,281,282,C
3-PA,1713,280,1,0,0,281,A
3-PA,1714,282,0,0,0,282,A
3-PA,1715,274,0,0,1,275,A
3-PA,1716,0,0,277,0,277,G
3-PA,1717,0,0,279,0,279,G
3-PA,1718,0,276,0,0,276,T
3-PA,1719,274,0,0,0,274,A
3-PA,1720,278,0,0,0,278,A
3-PA,1721,277,1,1,0,279,A
3-PA,1722,277,0,0,0,277,A
3-PA,1723,280,0,0,0,280,A
3-PA,1724,0,279,0,0,279,T
3-PA,1725,0,0,276,0,276,G
3-PA,1726,270,0,0,0,270,A
3-PA,1727,273,0,0,0,273,A
3-PA,1728,270,0,0,0,270,A
3-PA,1729,0,269,0,0,269,T
3-PA,1730,0,0,277,0,277,G
3-PA,1731,0,1,279,0,280,G
3-PA,1732,0,1,280,0,281,G
3-PA,1733,0,0,280,0,280,G
3-PA,1734,279,0,1,0,280,A
3-PA,1735,280,0,0,0,280,A
3-PA,1736,0,278,0,0,278,T
3-PA,1737,0,0,284,0,284,G
3-PA,1738,0,0,286,0,286,G
3-PA,1739,279,0,0,0,279,A
3-PA,1740,0,1,286,0,287,G
3-PA,1741,286,0,1,0,287,A
3-PA,1742,0,281,0,0,281,T
3-PA,1743,0,0,281,1,282,G
3-PA,1744,280,0,0,0,280,A
3-PA,1745,0,1,279,0,280,G
3-PA,1746,281,0,0,0,281,A
3-PA,1747,1,0,0,274,275,C
3-PA,1748,1,0,273,0,274,G
3-PA,1749,0,272,0,0,272,T
3-PA,1750,1,272,0,0,273,T
3-PA,1751,0,0,271,0,271,G
3-PA,1752,1,0,0,270,271,C
3-PA,1753,0,0,0,272,272,C
3-PA,1754,0,274,0,0,274,T
3-PA,1755,0,0,0,285,285,C
3-PA,1756,1,0,0,285,286,C
3-PA,1757,0,284,0,0,284,T
3-PA,1758,0,287,0,0,287,T
3-PA,1759,0,0,0,287,287,C
3-PA,1760,283,0,0,0,283,A
3-PA,1761,0,0,283,0,283,G
3-PA,1762,0,278,1,0,279,T
3-PA,1763,0,0,0,282,282,C
3-PA,1764,274,0,0,0,274,A
3-PA,1765,0,0,0,282,282,C
3-PA,1766,0,283,0,0,283,T
3-PA,1767,0,0,0,283,283,C
3-PA,1768,0,0,0,284,284,C
3-PA,1769,280,0,1,0,281,A
3-PA,1770,0,0,283,0,283,G
3-PA,1771,0,0,0,284,284,C
3-PA,1772,282,0,0,0,282,A
3-PA,1773,0,0,285,0,285,G
3-PA,1774,273,1,0,0,274,A
3-PA,1775,0,277,0,0,277,T
3-PA,1776,0,1,0,273,274,C
3-PA,1777,0,0,274,0,274,G
3-PA,1778,271,0,1,0,272,A
3-PA,1779,0,0,274,0,274,G
3-PA,1780,268,0,0,0,268,A
3-PA,1781,0,0,272,0,272,G
3-PA,1782,0,0,0,271,271,C
3-PA,1783,270,0,0,0,270,A
3-PA,1784,0,270,0,0,270,T
3-PA,1785,0,2,274,0,276,G
3-PA,1786,278,0,1,0,279,A
3-PA,1787,0,278,0,0,278,T
3-PA,1788,0,278,0,0,278,T
3-PA,1789,0,1,278,0,279,G
3-PA,1790,275,0,0,0,275,A
3-PA,1791,274,0,0,0,274,A
3-PA,1792,1,0,274,0,275,G
3-PA,1793,1,0,0,274,275,C
3-PA,1794,0,0,0,272,272,C
3-PA,1795,0,0,272,0,272,G
3-PA,1796,270,0,0,0,270,A
3-PA,1797,0,0,271,0,271,G
3-PA,1798,0,270,0,0,270,T
3-PA,1799,1,0,0,270,271,C
3-PA,1800,0,0,0,272,272,C
3-PA,1801,0,273,0,0,273,T
3-PA,1802,0,0,0,274,274,C
3-PA,1803,0,1,273,0,274,G
3-PA,1804,0,0,286,0,286,G
3-PA,1805,0,287,0,0,287,T
3-PA,1806,0,283,0,0,283,T
3-PA,1807,284,0,0,0,284,A
3-PA,1808,284,0,0,0,284,A
3-PA,1809,284,0,0,0,284,A
3-PA,1810,1,0,289,0,290,G
3-PA,1811,285,1,0,0,286,A
3-PA,1812,0,1,286,0,287,G
3-PA,1813,274,0,2,0,276,A
3-PA,1814,276,0,0,0,276,A
3-PA,1815,281,0,0,0,281,A
3-PA,1816,1,0,282,0,283,G
3-PA,1817,281,0,0,0,281,A
3-PA,1818,1,0,0,280,281,C
3-PA,1819,271,0,0,0,271,A
3-PA,1820,0,275,0,0,275,T
3-PA,1821,0,0,276,0,276,G
3-PA,1822,283,0,0,0,283,A
3-PA,1823,0,1,1,282,284,C
3-PA,1824,2,0,0,281,283,C
3-PA,1825,282,0,0,0,282,A
3-PA,1826,282,0,0,0,282,A
3-PA,1827,282,0,1,0,283,A
3-PA,1828,0,1,283,0,284,G
3-PA,1829,283,0,1,0,284,A
3-PA,1830,0,0,287,0,287,G
3-PA,1831,0,280,0,0,280,T
3-PA,1832,1,275,0,0,276,T
3-PA,1833,0,272,0,0,272,T
3-PA,1834,0,275,0,0,275,T
3-PA,1835,0,275,0,0,275,T
3-PA,1836,0,277,0,0,277,T
3-PA,1837,1,0,277,0,278,G
3-PA,1838,275,0,0,0,275,A
3-PA,1839,0,1,275,0,276,G
3-PA,1840,277,0,0,0,277,A
3-PA,1841,277,0,0,0,277,A
3-PA,1842,0,278,0,0,278,T
3-PA,1843,276,0,0,0,276,A
3-PA,1844,286,0,0,0,286,A
3-PA,1845,288,0,0,0,288,A
3-PA,1846,0,286,0,1,287,T
3-PA,1847,1,0,0,287,288,C
3-PA,1848,288,0,0,0,288,A
3-PA,1849,0,1,288,0,289,G
3-PA,1850,288,0,0,0,288,A
3-PA,1851,289,0,0,0,289,A
3-PA,1852,0,1,296,0,297,G
3-PA,1853,0,0,0,292,292,C
3-PA,1854,289,0,0,0,289,A
3-PA,1855,1,285,0,0,286,T
3-PA,1856,0,0,287,0,287,G
3-PA,1857,0,0,291,0,291,G
3-PA,1858,2,0,0,287,289,C
3-PA,1859,0,1,0,295,296,C
3-PA,1860,1,0,0,293,294,C
3-PA,1861,294,0,0,0,294,A
3-PA,1862,0,293,0,0,293,T
3-PA,1863,0,294,0,0,294,T
3-PA,1864,0,0,297,0,297,G
3-PA,1865,0,0,300,0,300,G
3-PA,1866,0,0,293,0,293,G
3-PA,1867,0,0,292,0,292,G
3-PA,1868,278,0,0,0,278,A
3-PA,1869,1,0,282,0,283,G
3-PA,1870,0,279,0,0,279,T
3-PA,1871,1,0,0,281,282,C
3-PA,1872,0,1,0,291,292,C
3-PA,1873,1,0,0,292,293,C
3-PA,1874,0,0,0,293,293,C
3-PA,1875,0,0,0,292,292,C
3-PA,1876,293,0,0,0,293,A
3-PA,1877,294,0,0,0,294,A
3-PA,1878,0,0,294,0,294,G
3-PA,1879,0,0,292,0,292,G
3-PA,1880,0,0,294,0,294,G
3-PA,1881,272,0,0,0,272,A
3-PA,1882,0,0,276,0,276,G
3-PA,1883,0,274,0,0,274,T
3-PA,1884,0,0,274,0,274,G
3-PA,1885,0,0,276,0,276,G
3-PA,1886,275,0,0,0,275,A
3-PA,1887,275,0,1,0,276,A
3-PA,1888,0,0,277,0,277,G
3-PA,1889,271,0,0,0,271,A
3-PA,1890,273,0,0,0,273,A
3-PA,1891,0,0,270,0,270,G
3-PA,1892,0,0,270,0,270,G
3-PA,1893,0,268,0,0,268,T
3-PA,1894,0,265,0,0,265,T
3-PA,1895,1,0,0,268,269,C
3-PA,1896,1,0,0,268,269,C
3-PA,1897,271,0,0,0,271,A
3-PA,1898,0,273,0,0,273,T
3-PA,1899,0,272,0,0,272,T
3-PA,1900,0,0,274,0,274,G
3-PA,1901,0,0,272,0,272,G
3-PA,1902,0,1,269,0,270,G
3-PA,1903,269,0,0,0,269,A
3-PA,1904,267,0,0,0,267,A
3-PA,1905,271,0,0,0,271,A
3-PA,1906,0,0,284,0,284,G
3-PA,1907,0,283,0,0,283,T
3-PA,1908,0,0,0,285,285,C
3-PA,1909,0,281,0,0,281,T
3-PA,1910,0,0,284,0,284,G
3-PA,1911,0,281,0,1,282,T
3-PA,1912,284,0,0,0,284,A
3-PA,1913,0,0,284,0,284,G
3-PA,1914,0,1,278,0,279,G
3-PA,1915,271,0,0,0,271,A
3-PA,1916,0,0,0,273,273,C
3-PA,1917,0,267,0,0,267,T
3-PA,1918,0,0,0,285,285,C
3-PA,1919,0,285,0,0,285,T
3-PA,1920,285,0,0,0,285,A
3-PA,1921,0,284,0,0,284,T
3-PA,1922,0,279,0,0,279,T
3-PA,1923,0,1,285,0,286,G
3-PA,1924,0,0,284,0,284,G
3-PA,1925,0,0,0,285,285,C
3-PA,1926,0,286,0,0,286,T
3-PA,1927,272,0,0,0,272,A
3-PA,1928,271,0,0,0,271,A
3-PA,1929,0,0,275,0,275,G
3-PA,1930,0,275,0,0,275,T
3-PA,1931,1,0,0,273,274,C
3-PA,1932,266,0,0,0,266,A
3-PA,1933,0,0,280,0,280,G
3-PA,1934,1,279,0,0,280,T
3-PA,1935,281,0,0,0,281,A
3-PA,1936,0,279,0,1,280,T
3-PA,1937,0,281,0,0,281,T
3-PA,1938,1,0,0,279,280,C
3-PA,1939,279,0,0,0,279,A
3-PA,1940,278,0,0,0,278,A
3-PA,1941,0,278,0,0,278,T
3-PA,1942,269,0,0,0,269,A
3-PA,1943,0,0,273,0,273,G
3-PA,1944,0,0,0,272,272,C
3-PA,1945,1,0,0,269,270,C
3-PA,1946,0,267,0,0,267,T
3-PA,1947,0,1,273,0,274,G
3-PA,1948,0,275,0,0,275,T
3-PA,1949,276,0,0,0,276,A
3-PA,1950,0,275,0,0,275,T
3-PA,1951,0,0,268,0,268,G
3-PA,1952,0,0,0,266,266,C
3-PA,1953,253,0,1,0,254,A
3-PA,1954,1,255,0,0,256,T
3-PA,1955,1,0,0,255,256,C
3-PA,1956,248,1,0,0,249,A
3-PA,1957,0,0,0,251,251,C
3-PA,1958,1,0,0,249,250,C
3-PA,1959,250,0,0,0,250,A
3-PA,1960,1,0,0,249,250,C
3-PA,1961,248,0,1,0,249,A
3-PA,1962,254,0,0,0,254,A
3-PA,1963,0,251,0,0,251,T
3-PA,1964,0,252,0,0,252,T
3-PA,1965,0,0,249,0,249,G
3-PA,1966,0,0,246,0,246,G
3-PA,1967,246,0,0,0,246,A
3-PA,1968,247,0,0,0,247,A
3-PA,1969,0,3,243,0,246,G
3-PA,1970,0,0,248,0,248,G
3-PA,1971,247,0,0,0,247,A
3-PA,1972,0,247,0,0,247,T
3-PA,1973,0,245,0,0,245,T
3-PA,1974,1,241,0,0,242,T
3-PA,1975,0,244,0,0,244,T
3-PA,1976,0,0,0,244,244,C
3-PA,1977,240,0,2,0,242,A
3-PA,1978,0,0,242,0,242,G
3-PA,1979,0,0,0,241,241,C
3-PA,1980,0,1,238,0,239,G
3-PA,1981,0,1,238,0,239,G
3-PA,1982,239,0,0,0,239,A
3-PA,1983,231,0,0,0,231,A
3-PA,1984,0,233,0,0,233,T
3-PA,1985,0,1,0,233,234,C
3-PA,1986,0,0,234,0,234,G
3-PA,1987,237,0,0,0,237,A
3-PA,1988,0,0,236,0,236,G
3-PA,1989,237,0,0,0,237,A
3-PA,1990,235,0,0,0,235,A
3-PA,1991,237,0,0,0,237,A
3-PA,1992,235,0,0,0,235,A
3-PA,1993,0,0,0,235,235,C
3-PA,1994,0,231,0,0,231,T
3-PA,1995,0,0,232,0,232,G
3-PA,1996,0,0,0,231,231,C
3-PA,1997,0,230,0,0,230,T
3-PA,1998,0,0,0,235,235,C
3-PA,1999,1,1,0,231,233,C
3-PA,2000,0,236,0,0,236,T
3-PA,2001,0,236,0,0,236,T
3-PA,2002,0,0,235,0,235,G
3-PA,2003,0,235,0,0,235,T
3-PA,2004,0,235,0,0,235,T
3-PA,2005,0,0,237,0,237,G
3-PA,2006,0,235,0,0,235,T
3-PA,2007,0,237,0,0,237,T
3-PA,2008,3,0,0,234,237,C
3-PA,2009,233,0,0,0,233,A
3-PA,2010,0,0,235,0,235,G
3-PA,2011,0,0,237,0,237,G
3-PA,2012,0,0,0,239,239,C
3-PA,2013,0,237,0,0,237,T
3-PA,2014,0,0,0,247,247,C
3-PA,2015,0,244,0,0,244,T
3-PA,2016,0,244,0,0,244,T
3-PA,2017,245,0,0,0,245,A
3-PA,2018,0,0,246,0,246,G
3-PA,2019,0,0,244,0,244,G
3-PA,2020,0,2,240,0,242,G
3-PA,2021,233,0,0,0,233,A
3-PA,2022,0,0,0,233,233,C
3-PA,2023,227,0,0,0,227,A
3-PA,2024,228,0,0,0,228,A
3-PA,2025,0,0,0,229,229,C
3-PA,2026,0,0,0,228,228,C
3-PA,2027,0,229,0,0,229,T
3-PA,2028,0,0,0,225,225,C
3-PA,2029,0,1,225,0,226,G
3-PA,2030,226,0,0,0,226,A
3-PA,2031,226,0,0,0,226,A
3-PA,2032,0,0,0,226,226,C
3-PA,2033,1,0,0,221,222,C
3-PA,2034,0,212,0,1,213,T
3-PA,2035,0,0,210,0,210,G
3-PA,2036,0,0,212,0,212,G
3-PA,2037,208,0,1,0,209,A
3-PA,2038,212,0,0,0,212,A
3-PA,2039,0,0,0,211,211,C
3-PA,2040,0,0,0,214,214,C
3-PA,2041,0,213,0,1,214,T
3-PA,2042,0,214,0,0,214,T
3-PA,2043,0,213,0,0,213,T
3-PA,2044,0,0,214,0,214,G
3-PA,2045,216,0,0,0,216,A
3-PA,2046,0,215,0,0,215,T
3-PA,2047,1,0,0,216,217,C
3-PA,2048,0,210,0,0,210,T
3-PA,2049,0,209,0,0,209,T
3-PA,2050,0,1,208,0,209,G
3-PA,2051,0,1,208,0,209,G
3-PA,2052,0,0,209,0,209,G
3-PA,2053,0,1,208,0,209,G
3-PA,2054,0,1,205,0,206,G
3-PA,2055,0,0,207,0,207,G
3-PA,2056,0,0,0,204,204,C
3-PA,2057,0,202,0,0,202,T
3-PA,2058,213,0,0,0,213,A
3-PA,2059,0,213,0,0,213,T
3-PA,2060,213,0,0,0,213,A
3-PA,2061,0,210,0,1,211,T
3-PA,2062,0,0,201,0,201,G
3-PA,2063,195,1,0,0,196,A
3-PA,2064,197,0,0,0,197,A
3-PA,2065,0,0,195,0,195,G
3-PA,2066,1,0,0,197,198,C
3-PA,2067,190,0,0,0,190,A
3-PA,2068,193,0,0,0,193,A
3-PA,2069,0,194,0,0,194,T
3-PA,2070,0,194,0,0,194,T
3-PA,2071,0,0,192,0,192,G
3-PA,2072,193,0,0,0,193,A
3-PA,2073,0,1,192,0,193,G
3-PA,2074,0,0,192,0,192,G
3-PA,2075,183,0,0,0,183,A
3-PA,2076,0,0,186,0,186,G
3-PA,2077,0,170,0,0,170,T
3-PA,2078,0,0,168,0,168,G
3-PA,2079,1,0,0,168,169,C
3-PA,2080,0,2,0,166,168,C
3-PA,2081,0,168,0,0,168,T
3-PA,2082,0,1,166,0,167,G
3-PA,2083,169,0,0,0,169,A
3-PA,2084,0,169,0,0,169,T
3-PA,2085,0,161,0,0,161,T
3-PA,2086,159,0,0,0,159,A
3-PA,2087,156,0,0,0,156,A
3-PA,2088,0,157,0,0,157,T
3-PA,2089,0,1,158,0,159,G
3-PA,2090,158,0,0,0,158,A
3-PA,2091,0,151,0,0,151,T
3-PA,2092,0,0,0,149,149,C
3-PA,2093,0,0,0,148,148,C
3-PA,2094,1,0,0,144,145,C
3-PA,2095,0,145,0,0,145,T
3-PA,2096,0,0,143,0,143,G
3-PA,2097,0,0,144,0,144,G
3-PA,2098,0,0,144,0,144,G
3-PA,2099,0,143,0,0,143,T
3-PA,2100,0,134,0,0,134,T
3-PA,2101,0,135,0,0,135,T
3-PA,2102,0,136,0,0,136,T
3-PA,2103,0,0,138,0,138,G
3-PA,2104,0,0,0,138,138,C
3-PA,2105,0,133,0,0,133,T
3-PA,2106,1,0,0,133,134,C
3-PA,2107,127,0,0,0,127,A
3-PA,2108,128,0,0,0,128,A
3-PA,2109,0,126,0,0,126,T
3-PA,2110,0,0,127,0,127,G
3-PA,2111,0,0,0,127,127,C
3-PA,2112,0,0,127,0,127,G
3-PA,2113,0,126,0,0,126,T
3-PA,2114,0,0,0,127,127,C
3-PA,2115,0,127,0,0,127,T
3-PA,2116,0,126,0,0,126,T
3-PA,2117,0,0,123,0,123,G
3-PA,2118,0,0,126,0,126,G
3-PA,2119,0,124,0,0,124,T
3-PA,2120,0,122,0,0,122,T
3-PA,2121,0,114,0,0,114,T
3-PA,2122,114,0,0,0,114,A
3-PA,2123,113,0,0,0,113,A
3-PA,2124,1,0,0,113,114,C
3-PA,2125,0,114,0,0,114,T
3-PA,2126,0,0,0,114,114,C
3-PA,2127,1,0,0,106,107,C
3-PA,2128,0,106,0,0,106,T
3-PA,2129,0,104,0,0,104,T
3-PA,2130,1,0,0,102,103,C
3-PA,2131,1,0,0,103,104,C
3-PA,2132,0,104,0,0,104,T
3-PA,2133,0,0,104,0,104,G
3-PA,2134,105,0,0,0,105,A
3-PA,2135,0,0,0,105,105,C
3-PA,2136,97,0,0,0,97,A
3-PA,2137,0,0,0,92,92,C
3-PA,2138,91,0,0,0,91,A
3-PA,2139,0,90,0,0,90,T
3-PA,2140,0,0,91,0,91,G
3-PA,2141,0,0,0,91,91,C
3-PA,2142,89,0,0,0,89,A
3-PA,2143,0,88,0,0,88,T
3-PA,2144,0,85,0,0,85,T
3-PA,2145,85,0,0,0,85,A
3-PA,2146,83,0,0,0,83,A
3-PA,2147,83,0,0,0,83,A
3-PA,2148,83,0,0,0,83,A
3-PA,2149,0,83,0,0,83,T
3-PA,2150,69,0,0,0,69,A
3-PA,2151,0,0,69,0,69,G
4-HA,1,455,0,0,0,455,A
4-HA,2,0,457,0,0,457,T
4-HA,3,0,0,461,0,461,G
4-HA,4,467,0,0,0,467,A
4-HA,5,471,0,0,0,471,A
4-HA,6,0,1,506,0,507,G
4-HA,7,506,0,0,0,506,A
4-HA,8,0,0,0,556,556,C
4-HA,9,0,556,0,1,557,T
4-HA,10,571,0,3,0,574,A
4-HA,11,0,597,0,0,597,T
4-HA,12,2,0,0,598,600,C
4-HA,13,602,0,1,0,603,A
4-HA,14,0,603,0,0,603,T
4-HA,15,0,604,0,0,604,T
4-HA,16,0,1,655,0,656,G
4-HA,17,0,0,0,661,661,C
4-HA,18,0,661,0,0,661,T
4-HA,19,0,662,0,0,662,T
4-HA,20,0,663,0,0,663,T
4-HA,21,3,5,692,1,701,G
4-HA,22,703,0,3,0,706,A
4-HA,23,0,0,731,0,731,G
4-HA,24,0,0,0,734,734,C
4-HA,25,0,733,0,0,733,T
4-HA,26,784,0,0,0,784,A
4-HA,27,2,0,0,793,795,C
4-HA,28,812,0,0,0,812,A
4-HA,29,0,854,0,2,856,T
4-HA,30,0,849,0,0,849,T
4-HA,31,2,1,0,861,864,C
4-HA,32,0,858,0,0,858,T
4-HA,33,882,0,0,0,882,A
4-HA,34,0,883,0,1,884,T
4-HA,35,0,2,882,0,884,G
4-HA,36,0,881,0,1,882,T
4-HA,37,1,0,0,879,880,C
4-HA,38,0,877,0,0,877,T
4-HA,39,0,3,877,0,880,G
4-HA,40,1,0,880,0,881,G
4-HA,41,0,882,0,0,882,T
4-HA,42,1,880,1,0,882,T
4-HA,43,0,881,0,0,881,T
4-HA,44,0,881,0,0,881,T
4-HA,45,2,0,0,878,880,C
4-HA,46,0,1,878,0,879,G
4-HA,47,2,0,0,893,895,C
4-HA,48,0,886,0,2,888,T
4-HA,49,4,0,0,900,904,C
4-HA,50,903,0,1,0,904,A
4-HA,51,905,0,0,0,905,A
4-HA,52,904,0,1,0,905,A
4-HA,53,904,0,0,0,904,A
4-HA,54,904,0,0,1,905,A
4-HA,55,1,0,0,909,910,C
4-HA,56,0,906,0,0,906,T
4-HA,57,0,909,1,0,910,T
4-HA,58,2,0,0,909,911,C
4-HA,59,0,2,0,911,913,C
4-HA,60,0,910,0,2,912,T
4-HA,61,0,3,921,0,924,G
4-HA,62,1,2,921,0,924,G
4-HA,63,925,1,0,0,926,A
4-HA,64,953,0,0,1,954,A
4-HA,65,957,0,1,0,958,A
4-HA,66,0,972,0,1,973,T
4-HA,67,0,2,980,0,982,G
4-HA,68,978,1,3,0,982,A
4-HA,69,0,2,0,992,994,C
4-HA,70,992,0,2,0,994,A
4-HA,71,993,0,0,1,994,A
4-HA,72,1,0,0,1010,1011,C
4-HA,73,1007,0,0,0,1007,A
4-HA,74,0,0,1012,0,1012,G
4-HA,75,0,0,0,1013,1013,C
4-HA,76,1012,0,0,0,1012,A
4-HA,77,0,0,0,1044,1044,C
4-HA,78,0,2,1035,0,1037,G
4-HA,79,1,0,1048,0,1049,G
4-HA,80,0,0,0,1053,1053,C
4-HA,81,1048,0,0,0,1048,A
4-HA,82,1062,0,0,0,1062,A
4-HA,83,1,1,0,1076,1078,C
4-HA,84,0,1,1090,0,1091,G
4-HA,85,0,0,0,1094,1094,C
4-HA,86,0,1082,0,0,1082,T
4-HA,87,1,3,1097,0,1101,G
4-HA,88,0,1099,0,0,1099,T
4-HA,89,1,0,1126,0,1127,G
4-HA,90,2,0,0,1140,1142,C
4-HA,91,1,0,0,1160,1161,C
4-HA,92,0,1158,0,0,1158,T
4-HA,93,0,1150,0,2,1152,T
4-HA,94,0,4,1156,0,1160,G
4-HA,95,0,3,1158,0,1161,G
4-HA,96,0,0,1185,0,1185,G
4-HA,97,0,1,0,1185,1186,C
4-HA,98,1170,0,2,0,1172,A
4-HA,99,3,1,0,1190,1194,C
4-HA,100,4,1,0,1181,1186,C
4-HA,101,1280,0,0,0,1280,A
4-HA,102,0,1281,0,2,1283,T
4-HA,103,0,1,1281,0,1282,G
4-HA,104,0,1,0,1283,1284,C
4-HA,105,1258,0,1,0,1259,A
4-HA,106,0,2,1342,0,1344,G
4-HA,107,0,1343,0,2,1345,T
4-HA,108,1348,0,0,0,1348,A
4-HA,109,3,1,0,1344,1348,C
4-HA,110,6,1,0,1291,1298,C
4-HA,111,1306,0,2,0,1308,A
4-HA,112,1305,0,1,0,1306,A
4-HA,113,1303,0,0,1,1304,A
4-HA,114,0,0,0,1315,1315,C
4-HA,115,0,7,1276,0,1283,G
4-HA,116,0,4,1330,0,1334,G
4-HA,117,1328,0,1,0,1329,A
4-HA,118,1328,1,6,0,1335,A
4-HA,119,0,1,0,1330,1331,C
4-HA,120,1309,0,1,0,1310,A
4-HA,121,1342,1,1,0,1344,A
4-HA,122,0,1345,1,0,1346,T
4-HA,123,1365,0,1,1,1367,A
4-HA,124,2,1,1365,0,1368,G
4-HA,125,0,1346,0,0,1346,T
4-HA,126,1,6,1342,0,1349,G
4-HA,127,1343,0,0,0,1343,A
4-HA,128,1349,0,1,2,1352,A
4-HA,129,1352,0,1,1,1354,A
4-HA,130,1352,0,1,0,1353,A
4-HA,131,1,0,0,1362,1363,C
4-HA,132,1353,0,1,0,1354,A
4-HA,133,1357,1,3,0,1361,A
4-HA,134,0,1365,0,0,1365,T
4-HA,135,8,2,0,1353,1363,C
4-HA,136,1363,0,0,0,1363,A
4-HA,137,1,0,0,1370,1371,C
4-HA,138,1,5,1365,0,1371,G
4-HA,139,1367,0,0,0,1367,A
4-HA,140,1364,0,0,0,1364,A
4-HA,141,0,1354,0,1,1355,T
4-HA,142,0,6,1352,0,1358,G
4-HA,143,1362,0,3,1,1366,A
4-HA,144,1,1,0,1363,1365,C
4-HA,145,6,1,0,1363,1370,C
4-HA,146,1380,0,0,0,1380,A
4-HA,147,1381,0,1,0,1382,A
4-HA,148,1381,1,0,0,1382,A
4-HA,149,0,1386,0,1,1387,T
4-HA,150,0,1385,0,0,1385,T
4-HA,151,1,3,1382,0,1386,G
4-HA,152,1383,0,0,0,1383,A
4-HA,153,1385,0,1,0,1386,A
4-HA,154,1,0,1390,0,1391,G
4-HA,155,1,1388,0,0,1389,T
4-HA,156,0,1426,0,0,1426,T
4-HA,157,1438,1,0,0,1439,A
4-HA,158,1,0,0,1445,1446,C
4-HA,159,0,1451,0,1,1452,T
4-HA,160,1446,0,1,0,1447,A
4-HA,161,1473,0,1,0,1474,A
4-HA,162,0,1473,0,0,1473,T
4-HA,163,0,1,1477,0,1478,G
4-HA,164,0,1,0,1536,1537,C
4-HA,165,0,1520,0,2,1522,T
4-HA,166,1528,0,1,0,1529,A
4-HA,167,1,0,0,1525,1526,C
4-HA,168,0,1514,0,1,1515,T
4-HA,169,1,5,1522,0,1528,G
4-HA,170,1514,0,1,0,1515,A
4-HA,171,0,0,1516,0,1516,G
4-HA,172,0,0,0,1514,1514,C
4-HA,173,0,1469,0,1,1470,T
4-HA,174,0,3,1520,0,1523,G
4-HA,175,1,2,1549,0,1552,G
4-HA,176,2,1553,0,0,1555,T
4-HA,177,0,1554,0,0,1554,T
4-HA,178,4,0,0,1546,1550,C
4-HA,179,1544,0,1,1,1546,A
4-HA,180,0,8,1543,0,1551,G
4-HA,181,1549,0,1,0,1550,A
4-HA,182,0,0,1581,0,1581,G
4-HA,183,0,1567,0,1,1568,T
4-HA,184,1,1539,0,1,1541,T
4-HA,185,6,0,0,1541,1547,C
4-HA,186,6,0,0,1551,1557,C
4-HA,187,0,1554,0,1,1555,T
4-HA,188,1,0,0,1563,1564,C
4-HA,189,1560,0,0,0,1560,A
4-HA,190,1562,0,0,0,1562,A
4-HA,191,3,0,0,1569,1572,C
4-HA,192,1539,0,0,0,1539,A
4-HA,193,0,3,1572,0,1575,G
4-HA,194,1,3,1572,0,1576,G
4-HA,195,0,1565,0,1,1566,T
4-HA,196,1,2,1567,1,1571,G
4-HA,197,1571,0,1,0,1572,A
4-HA,198,1575,0,1,0,1576,A
4-HA,199,1621,0,0,0,1621,A
4-HA,200,0,1611,0,0,1611,T
4-HA,201,1628,0,0,0,1628,A
4-HA,202,0,1602,0,1,1603,T
4-HA,203,1,2,1598,1,1602,G
4-HA,204,1,3,0,1603,1607,C
4-HA,205,0,7,1604,0,1611,G
4-HA,206,1611,0,1,0,1612,A
4-HA,207,1,0,0,1608,1609,C
4-HA,208,1575,0,0,0,1575,A
4-HA,209,0,0,1687,0,1687,G
4-HA,210,0,1684,0,0,1684,T
4-HA,211,5,0,0,1699,1704,C
4-HA,212,1,0,0,1701,1702,C
4-HA,213,2,1688,0,1,1691,T
4-HA,214,3,1,0,1724,1728,C
4-HA,215,1731,0,0,0,1731,A
4-HA,216,0,1729,0,0,1729,T
4-HA,217,3,1,0,1727,1731,C
4-HA,218,1657,0,3,0,1660,A
4-HA,219,0,1,1672,0,1673,G
4-HA,220,1651,1,3,0,1655,A
4-HA,221,0,1655,0,1,1656,T
4-HA,222,6,0,0,1663,1669,C
4-HA,223,2,0,0,1659,1661,C
4-HA,224,1,1667,0,0,1668,T
4-HA,225,1,1660,0,1,1662,T
4-HA,226,0,4,1661,0,1665,G
4-HA,227,1674,1,1,0,1676,A
4-HA,228,0,1669,1,0,1670,T
4-HA,229,0,4,1678,1,1683,G
4-HA,230,0,2,1685,0,1687,G
4-HA,231,1663,1,1,0,1665,A
4-HA,232,0,5,1664,0,1669,G
4-HA,233,1657,2,0,0,1659,A
4-HA,234,1,11,1639,0,1651,G
4-HA,235,1686,0,0,0,1686,A
4-HA,236,1694,0,1,0,1695,A
4-HA,237,3,0,0,1699,1702,C
4-HA,238,0,1677,0,1,1678,T
4-HA,239,0,0,1694,0,1694,G
4-HA,240,3,1,0,1690,1694,C
4-HA,241,1693,0,1,0,1694,A
4-HA,242,0,0,0,1745,1745,C
4-HA,243,1708,0,3,0,1711,A
4-HA,244,0,0,0,1903,1903,C
4-HA,245,0,1889,0,2,1891,T
4-HA,246,1906,0,1,1,1908,A
4-HA,247,1904,0,1,0,1905,A
4-HA,248,0,1900,0,2,1902,T
4-HA,249,1895,0,0,0,1895,A
4-HA,250,0,0,1897,1,1898,G
4-HA,251,1855,0,0,1,1856,A
4-HA,252,0,1831,0,0,1831,T
4-HA,253,1,5,1768,0,1774,G
4-HA,254,1,2,0,1774,1777,C
4-HA,255,0,1762,1,0,1763,T
4-HA,256,9,0,0,1896,1905,C
4-HA,257,0,1902,1,0,1903,T
4-HA,258,1949,2,0,1,1952,A
4-HA,259,0,1953,0,0,1953,T
4-HA,260,0,1948,0,1,1949,T
4-HA,261,0,5,1947,0,1952,G
4-HA,262,0,6,1932,0,1938,G
4-HA,263,0,3,1941,0,1944,G
4-HA,264,1914,0,3,1,1918,A
4-HA,265,0,4,1879,0,1883,G
4-HA,266,1841,0,0,0,1841,A
4-HA,267,3,0,0,1958,1961,C
4-HA,268,8,1,0,1976,1985,C
4-HA,269,3,0,0,2019,2022,C
4-HA,270,0,2015,0,1,2016,T
4-HA,271,4,0,0,2025,2029,C
4-HA,272,2032,1,0,0,2033,A
4-HA,273,1790,0,209,0,1999,A
4-HA,274,0,2056,0,0,2056,T
4-HA,275,0,4,2077,0,2081,G
4-HA,276,1,2073,0,3,2077,T
4-HA,277,0,9,2055,0,2064,G
4-HA,278,2053,3,3,0,2059,A
4-HA,279,1,2057,0,1,2059,T
4-HA,280,1,7,2040,0,2048,G
4-HA,281,0,2,2046,0,2048,G
4-HA,282,1,3,0,2037,2041,C
4-HA,283,0,2036,0,5,2041,T
4-HA,284,0,2027,0,1,2028,T
4-HA,285,5,0,1,2025,2031,C
4-HA,286,1,0,0,2029,2030,C
4-HA,287,2030,1,0,0,2031,A
4-HA,288,2038,0,1,0,2039,A
4-HA,289,2037,0,3,0,2040,A
4-HA,290,2050,1,3,0,2054,A
4-HA,291,1,2047,0,0,2048,T
4-HA,292,2044,1,1,0,2046,A
4-HA,293,2052,0,2,1,2055,A
4-HA,294,0,5,2061,0,2066,G
4-HA,295,2077,0,1,0,2078,A
4-HA,296,2077,1,1,0,2079,A
4-HA,297,2081,0,2,1,2084,A
4-HA,298,1,2085,0,1,2087,T
4-HA,299,0,2,2077,0,2079,G
4-HA,300,0,9,2079,0,2088,G
4-HA,301,1,7,2081,0,2089,G
4-HA,302,2092,0,1,0,2093,A
4-HA,303,3,0,0,2097,2100,C
4-HA,304,4,0,0,2083,2087,C
4-HA,305,0,2113,0,2,2115,T
4-HA,306,0,2112,0,2,2114,T
4-HA,307,1,2114,0,1,2116,T
4-HA,308,0,2133,0,0,2133,T
4-HA,309,0,2130,0,0,2130,T
4-HA,310,0,2,2140,0,2142,G
4-HA,311,1,2137,0,3,2141,T
4-HA,312,0,2138,0,1,2139,T
4-HA,313,1,12,2125,0,2138,G
4-HA,314,2115,0,4,0,2119,A
4-HA,315,2131,0,2,0,2133,A
4-HA,316,1,0,0,2130,2131,C
4-HA,317,1,0,2121,0,2122,G
4-HA,318,1,1,0,2143,2145,C
4-HA,319,2140,1,1,0,2142,A
4-HA,320,0,2,2151,0,2153,G
4-HA,321,1,5,0,2153,2159,C
4-HA,322,2157,0,1,0,2158,A
4-HA,323,2153,1,0,0,2154,A
4-HA,324,2158,0,1,1,2160,A
4-HA,325,1,0,2239,0,2240,G
4-HA,326,2,2,0,2231,2235,C
4-HA,327,4,0,0,2218,2222,C
4-HA,328,0,2220,0,1,2221,T
4-HA,329,2222,0,1,1,2224,A
4-HA,330,0,1,0,2248,2249,C
4-HA,331,2246,0,2,0,2248,A
4-HA,332,1,1,2250,0,2252,G
4-HA,333,1,0,0,2239,2240,C
4-HA,334,2179,0,0,0,2179,A
4-HA,335,2190,0,1,0,2191,A
4-HA,336,1,0,0,2281,2282,C
4-HA,337,1,2273,0,1,2275,T
4-HA,338,0,1,2291,0,2292,G
4-HA,339,1,2262,0,1,2264,T
4-HA,340,0,2260,0,2,2262,T
4-HA,341,2267,0,2,0,2269,A
4-HA,342,3,1,0,2425,2429,C
4-HA,343,6,1,0,2427,2434,C
4-HA,344,5,1,0,2466,2472,C
4-HA,345,0,2391,1,2,2394,T
4-HA,346,0,2392,0,1,2393,T
4-HA,347,2389,0,0,1,2390,A
4-HA,348,0,2390,0,0,2390,T
4-HA,349,0,5,2380,0,2385,G
4-HA,350,2373,1,2,2,2378,A
4-HA,351,0,2218,0,0,2218,T
4-HA,352,0,1,2231,0,2232,G
4-HA,353,1,2191,0,1,2193,T
4-HA,354,1,1,2187,1,2190,G
4-HA,355,3,2,0,2187,2192,C
4-HA,356,4,3,0,2176,2183,C
4-HA,357,0,3,2224,0,2227,G
4-HA,358,0,4,2251,1,2256,G
4-HA,359,2260,0,0,0,2260,A
4-HA,360,0,2268,0,1,2269,T
4-HA,361,0,2226,0,1,2227,T
4-HA,362,2238,0,2,0,2240,A
4-HA,363,0,2235,1,0,2236,T
4-HA,364,3,2,2238,0,2243,G
4-HA,365,2,0,1,2234,2237,C
4-HA,366,2,1,0,2221,2224,C
4-HA,367,0,2209,0,2,2211,T
4-HA,368,5,0,0,2313,2318,C
4-HA,369,8,0,3,2327,2338,C
4-HA,370,3,0,0,2339,2342,C
4-HA,371,1,2330,0,1,2332,T
4-HA,372,0,2334,1,1,2336,T
4-HA,373,2335,0,1,2,2338,A
4-HA,374,0,2,2386,1,2389,G
4-HA,375,0,1,2389,1,2391,G
4-HA,376,0,2341,0,0,2341,T
4-HA,377,13,1,0,2291,2305,C
4-HA,378,2274,1,0,1,2276,A
4-HA,379,1,1,1,2320,2323,C
4-HA,380,0,2322,0,1,2323,T
4-HA,381,2324,0,2,0,2326,A
4-HA,382,0,1,2325,0,2326,G
4-HA,383,1,2281,0,2,2284,T
4-HA,384,0,2267,0,0,2267,T
4-HA,385,0,1,2290,0,2291,G
4-HA,386,1,0,1,2284,2286,C
4-HA,387,4,0,0,2288,2292,C
4-HA,388,0,2257,0,2,2259,T
4-HA,389,4,1,0,2268,2273,C
4-HA,390,2346,0,0,0,2346,A
4-HA,391,0,2348,0,2,2350,T
4-HA,392,5,1,0,2343,2349,C
4-HA,393,3,2,0,2347,2352,C
4-HA,394,0,5,2331,0,2336,G
4-HA,395,1,1,2339,0,2341,G
4-HA,396,1,1,0,2347,2349,C
4-HA,397,2369,0,0,0,2369,A
4-HA,398,2,0,0,2408,2410,C
4-HA,399,2361,1,0,0,2362,A
4-HA,400,1,0,0,2374,2375,C
4-HA,401,0,2371,0,1,2372,T
4-HA,402,0,4,2389,0,2393,G
4-HA,403,0,4,2415,0,2419,G
4-HA,404,2402,0,3,0,2405,A
4-HA,405,2,1,2427,0,2430,G
4-HA,406,0,2407,0,0,2407,T
4-HA,407,0,2392,0,1,2393,T
4-HA,408,0,2390,0,4,2394,T
4-HA,409,2372,1,1,3,2377,A
4-HA,410,2382,0,3,0,2385,A
4-HA,411,1,1,0,2399,2401,C
4-HA,412,2356,0,0,0,2356,A
4-HA,413,2362,0,0,0,2362,A
4-HA,414,0,2336,0,3,2339,T
4-HA,415,0,7,2327,0,2334,G
4-HA,416,2331,2,0,0,2333,A
4-HA,417,2321,3,2,0,2326,A
4-HA,418,2329,0,2,0,2331,A
4-HA,419,0,0,2342,0,2342,G
4-HA,420,1,1,0,2350,2352,C
4-HA,421,0,2343,0,2,2345,T
4-HA,422,1,2342,0,1,2344,T
4-HA,423,11,0,0,2351,2362,C
4-HA,424,2369,0,0,0,2369,A
4-HA,425,2371,0,0,0,2371,A
4-HA,426,0,2364,0,4,2368,T
4-HA,427,0,2374,0,0,2374,T
4-HA,428,0,7,2405,1,2413,G
4-HA,429,1,5,2436,0,2442,G
4-HA,430,2437,2,0,0,2439,A
4-HA,431,1,0,0,2449,2450,C
4-HA,432,0,2424,0,1,2425,T
4-HA,433,2,4,2427,0,2433,G
4-HA,434,1,5,2439,0,2445,G
4-HA,435,2435,2,2,0,2439,A
4-HA,436,0,1,2449,0,2450,G
4-HA,437,1,2401,1,3,2406,T
4-HA,438,8,0,0,2378,2386,C
4-HA,439,2415,0,4,0,2419,A
4-HA,440,1,0,0,2427,2428,C
4-HA,441,1,2420,0,3,2424,T
4-HA,442,10,1,0,2407,2418,C
4-HA,443,2395,0,2,0,2397,A
4-HA,444,2424,0,0,0,2424,A
4-HA,445,2411,0,1,1,2413,A
4-HA,446,2419,0,1,0,2420,A
4-HA,447,0,1,1,2420,2422,C
4-HA,448,0,1,2399,0,2400,G
4-HA,449,0,7,2423,0,2430,G
4-HA,450,2432,0,2,0,2434,A
4-HA,451,2429,2,3,0,2434,A
4-HA,452,2,0,0,2430,2432,C
4-HA,453,2417,1,0,1,2419,A
4-HA,454,2437,0,5,0,2442,A
4-HA,455,0,1,2453,0,2454,G
4-HA,456,2,0,0,2442,2444,C
4-HA,457,0,2423,0,1,2424,T
4-HA,458,5,2,0,2437,2444,C
4-HA,459,0,2429,0,1,2430,T
4-HA,460,1,1,2443,0,2445,G
4-HA,461,1,0,0,2436,2437,C
4-HA,462,0,2436,0,3,2439,T
4-HA,463,2,2473,0,2,2477,T
4-HA,464,0,2,2511,0,2513,G
4-HA,465,3,0,0,2537,2540,C
4-HA,466,2537,0,2,0,2539,A
4-HA,467,0,2516,0,1,2517,T
4-HA,468,2512,0,0,0,2512,A
4-HA,469,2501,0,1,0,2502,A
4-HA,470,0,3,2494,0,2497,G
4-HA,471,2,7,2493,0,2502,G
4-HA,472,2392,0,1,0,2393,A
4-HA,473,0,4,2367,0,2371,G
4-HA,474,2345,0,3,0,2348,A
4-HA,475,0,2423,0,0,2423,T
4-HA,476,9,1,0,2421,2431,C
4-HA,477,0,2437,0,1,2438,T
4-HA,478,2451,0,1,0,2452,A
4-HA,479,2444,0,0,0,2444,A
4-HA,480,0,2436,0,2,2438,T
4-HA,481,2436,0,0,0,2436,A
4-HA,482,2401,0,3,0,2404,A
4-HA,483,2,1,0,2422,2425,C
4-HA,484,2322,0,1,0,2323,A
4-HA,485,0,0,2342,0,2342,G
4-HA,486,1,2304,0,0,2305,T
4-HA,487,0,2337,0,0,2337,T
4-HA,488,2,2346,0,0,2348,T
4-HA,489,2,0,0,2392,2394,C
4-HA,490,0,2393,1,0,2394,T
4-HA,491,0,2403,0,1,2404,T
4-HA,492,0,2403,0,0,2403,T
4-HA,493,2385,0,3,0,2388,A
4-HA,494,0,0,2393,0,2393,G
4-HA,495,1,2385,0,0,2386,T
4-HA,496,2368,1,0,0,2369,A
4-HA,497,0,6,2374,0,2380,G
4-HA,498,2318,0,3,0,2321,A
4-HA,499,0,2322,0,0,2322,T
4-HA,500,0,2304,0,0,2304,T
4-HA,501,3,11,2352,1,2367,G
4-HA,502,2361,0,3,0,2364,A
4-HA,503,2363,0,0,0,2363,A
4-HA,504,1,2363,1,0,2365,T
4-HA,505,0,2338,0,0,2338,T
4-HA,506,0,8,2346,0,2354,G
4-HA,507,0,1,2359,0,2360,G
4-HA,508,0,2360,0,1,2361,T
4-HA,509,1,2357,0,0,2358,T
4-HA,510,0,10,2316,0,2326,G
4-HA,511,2328,0,0,0,2328,A
4-HA,512,4,1,0,2318,2323,C
4-HA,513,5,1,0,2306,2312,C
4-HA,514,4,1,0,2303,2308,C
4-HA,515,2300,0,2,0,2302,A
4-HA,516,2,0,0,2319,2321,C
4-HA,517,0,2317,0,0,2317,T
4-HA,518,0,2325,0,0,2325,T
4-HA,519,2323,0,0,0,2323,A
4-HA,520,2316,1,0,0,2317,A
4-HA,521,2314,0,0,0,2314,A
4-HA,522,2326,1,1,0,2328,A
4-HA,523,0,2373,0,0,2373,T
4-HA,524,1,2355,0,1,2357,T
4-HA,525,4,0,0,2366,2370,C
4-HA,526,2360,1,0,0,2361,A
4-HA,527,2358,0,2,0,2360,A
4-HA,528,2369,0,0,0,2369,A
4-HA,529,0,2367,0,2,2369,T
4-HA,530,2426,5,1,0,2432,A
4-HA,531,3,0,0,2428,2431,C
4-HA,532,1,0,0,2394,2395,C
4-HA,533,6,0,0,2391,2397,C
4-HA,534,2380,0,2,0,2382,A
4-HA,535,0,1,2524,0,2525,G
4-HA,536,1,0,0,2533,2534,C
4-HA,537,2533,0,0,0,2533,A
4-HA,538,0,2525,0,1,2526,T
4-HA,539,0,2483,0,1,2484,T
4-HA,540,18,8,2556,0,2582,G
4-HA,541,2577,0,2,2,2581,A
4-HA,542,2573,1,4,0,2578,A
4-HA,543,0,1,0,2575,2576,C
4-HA,544,0,0,2502,0,2502,G
4-HA,545,1,2509,1,2,2513,T
4-HA,546,3,9,2505,0,2517,G
4-HA,547,2511,0,5,0,2516,A
4-HA,548,4,1,0,2518,2523,C
4-HA,549,0,2419,0,1,2420,T
4-HA,550,2477,0,0,0,2477,A
4-HA,551,0,2469,0,2,2471,T
4-HA,552,3,0,2492,0,2495,G
4-HA,553,1,1,1,2488,2491,C
4-HA,554,6,1,1,2457,2465,C
4-HA,555,2459,0,2,0,2461,A
4-HA,556,2459,0,0,0,2459,A
4-HA,557,2493,0,2,1,2496,A
4-HA,558,1,0,0,2507,2508,C
4-HA,559,2438,0,1,0,2439,A
4-HA,560,2445,0,2,0,2447,A
4-HA,561,0,2434,1,1,2436,T
4-HA,562,2,9,2432,0,2443,G
4-HA,563,2440,0,3,0,2443,A
4-HA,564,2434,0,5,0,2439,A
4-HA,565,0,0,0,2388,2388,C
4-HA,566,2398,0,0,0,2398,A
4-HA,567,2416,0,0,0,2416,A
4-HA,568,1,2412,1,1,2415,T
4-HA,569,1,2404,0,2,2407,T
4-HA,570,0,2409,0,1,2410,T
4-HA,571,2,18,2389,0,2409,G
4-HA,572,2408,1,5,0,2414,A
4-HA,573,2,1,0,2412,2415,C
4-HA,574,2423,1,1,0,2425,A
4-HA,575,2426,0,2,0,2428,A
4-HA,576,2455,1,1,0,2457,A
4-HA,577,1,2478,0,0,2479,T
4-HA,578,0,2469,0,1,2470,T
4-HA,579,0,3,2498,0,2501,G
4-HA,580,1,2496,0,0,2497,T
4-HA,581,2504,0,1,0,2505,A
4-HA,582,1,0,0,2568,2569,C
4-HA,583,2564,0,1,0,2565,A
4-HA,584,0,2610,0,1,2611,T
4-HA,585,0,2578,0,0,2578,T
4-HA,586,0,2554,3,0,2557,T
4-HA,587,0,4,2535,0,2539,G
4-HA,588,4,2,2525,1,2532,G
4-HA,589,0,7,2528,1,2536,G
4-HA,590,1,5,2541,1,2548,G
4-HA,591,2,6,2502,0,2510,G
4-HA,592,1,2,2564,0,2567,G
4-HA,593,0,2530,1,3,2534,T
4-HA,594,0,2554,0,1,2555,T
4-HA,595,4,0,0,2558,2562,C
4-HA,596,2564,0,4,0,2568,A
4-HA,597,3,1,0,2581,2585,C
4-HA,598,5,3,0,2566,2574,C
4-HA,599,2580,0,1,0,2581,A
4-HA,600,1,0,0,2599,2600,C
4-HA,601,3,0,1,2556,2560,C
4-HA,602,4,2,0,2546,2552,C
4-HA,603,2,1,2553,0,2556,G
4-HA,604,0,3,2647,0,2650,G
4-HA,605,3,2,2648,0,2653,G
4-HA,606,1,2631,0,3,2635,T
4-HA,607,2635,0,1,0,2636,A
4-HA,608,0,4,0,2613,2617,C
4-HA,609,1,9,2591,1,2602,G
4-HA,610,0,3,2633,0,2636,G
4-HA,611,2633,1,0,0,2634,A
4-HA,612,0,1,0,2633,2634,C
4-HA,613,2499,0,0,0,2499,A
4-HA,614,2505,0,1,1,2507,A
4-HA,615,0,2504,0,1,2505,T
4-HA,616,0,11,2532,0,2543,G
4-HA,617,2543,0,0,0,2543,A
4-HA,618,5,1,0,2534,2540,C
4-HA,619,7,1,0,2492,2500,C
4-HA,620,2499,1,0,0,2500,A
4-HA,621,2493,0,0,0,2493,A
4-HA,622,2536,0,0,0,2536,A
4-HA,623,0,2532,0,0,2532,T
4-HA,624,6,2,0,2553,2561,C
4-HA,625,0,2499,0,0,2499,T
4-HA,626,1,2481,1,3,2486,T
4-HA,627,6,0,0,2505,2511,C
4-HA,628,4,1,0,2523,2528,C
4-HA,629,2,2507,1,3,2513,T
4-HA,630,1,2,2527,0,2530,G
4-HA,631,0,2498,0,1,2499,T
4-HA,632,2513,0,2,0,2515,A
4-HA,633,2,2498,0,1,2501,T
4-HA,634,2,2,2513,0,2517,G
4-HA,635,1,1,0,2534,2536,C
4-HA,636,0,2523,0,2,2525,T
4-HA,637,7,3,0,2503,2513,C
4-HA,638,2500,1,3,0,2504,A
4-HA,639,2511,0,0,0,2511,A
4-HA,640,1,1,2518,0,2520,G
4-HA,641,2,1,0,2522,2525,C
4-HA,642,2527,0,3,1,2531,A
4-HA,643,0,2509,0,0,2509,T
4-HA,644,9,1,0,2490,2500,C
4-HA,645,2498,0,0,0,2498,A
4-HA,646,0,4,2510,0,2514,G
4-HA,647,0,3,2506,0,2509,G
4-HA,648,2516,0,1,1,2518,A
4-HA,649,2483,0,4,0,2487,A
4-HA,650,0,7,2527,0,2534,G
4-HA,651,2521,0,0,1,2522,A
4-HA,652,2537,1,0,0,2538,A
4-HA,653,0,2553,0,1,2554,T
4-HA,654,9,2,0,2543,2554,C
4-HA,655,2526,0,2,0,2528,A
4-HA,656,1,0,0,2528,2529,C
4-HA,657,2508,0,0,1,2509,A
4-HA,658,0,3,2559,1,2563,G
4-HA,659,0,2518,0,0,2518,T
4-HA,660,5,0,0,2538,2543,C
4-HA,661,0,2501,0,4,2505,T
4-HA,662,5,0,1,2571,2577,C
4-HA,663,0,2581,0,0,2581,T
4-HA,664,2608,0,1,0,2609,A
4-HA,665,3,1,0,2593,2597,C
4-HA,666,7,0,0,2594,2601,C
4-HA,667,2556,1,2,0,2559,A
4-HA,668,2564,1,1,0,2566,A
4-HA,669,2561,0,0,0,2561,A
4-HA,670,2560,0,2,0,2562,A
4-HA,671,0,5,2560,0,2565,G
4-HA,672,2506,0,0,2,2508,A
4-HA,673,2488,0,2,0,2490,A
4-HA,674,4,0,2496,0,2500,G
4-HA,675,3,3,0,2488,2494,C
4-HA,676,7,1,0,2502,2510,C
4-HA,677,2492,0,3,1,2496,A
4-HA,678,2507,6,2,0,2515,A
4-HA,679,4,2,0,2510,2516,C
4-HA,680,2504,0,1,0,2505,A
4-HA,681,2509,0,0,5,2514,A
4-HA,682,2511,0,2,1,2514,A
4-HA,683,3,0,0,2566,2569,C
4-HA,684,1,2550,0,3,2554,T
4-HA,685,0,3,2562,0,2565,G
4-HA,686,1,2555,0,1,2557,T
4-HA,687,2552,0,3,0,2555,A
4-HA,688,2559,0,2,0,2561,A
4-HA,689,0,2550,0,0,2550,T
4-HA,690,7,1,0,2561,2569,C
4-HA,691,5,1,1,2557,2564,C
4-HA,692,5,2,0,2501,2508,C
4-HA,693,2,8,2501,0,2511,G
4-HA,694,2499,0,0,1,2500,A
4-HA,695,2504,0,1,0,2505,A
4-HA,696,0,2512,0,1,2513,T
4-HA,697,2509,0,0,1,2510,A
4-HA,698,0,2506,0,0,2506,T
4-HA,699,6,2,0,2470,2478,C
4-HA,700,1,5,2468,0,2474,G
4-HA,701,0,1,2539,0,2540,G
4-HA,702,2536,1,0,0,2537,A
4-HA,703,0,2566,0,2,2568,T
4-HA,704,5,0,0,2564,2569,C
4-HA,705,1,2563,0,5,2569,T
4-HA,706,2556,0,4,0,2560,A
4-HA,707,0,5,2580,0,2585,G
4-HA,708,2593,0,4,0,2597,A
4-HA,709,4,2,0,2580,2586,C
4-HA,710,6,0,0,2504,2510,C
4-HA,711,6,0,1,2514,2521,C
4-HA,712,2505,0,1,1,2507,A
4-HA,713,0,3,2650,0,2653,G
4-HA,714,2648,0,0,0,2648,A
4-HA,715,0,2,2686,0,2688,G
4-HA,716,1,2655,0,1,2657,T
4-HA,717,2645,0,1,0,2646,A
4-HA,718,2640,0,3,0,2643,A
4-HA,719,0,4,2686,0,2690,G
4-HA,720,1,8,2699,0,2708,G
4-HA,721,2669,1,1,0,2671,A
4-HA,722,2437,0,2,0,2439,A
4-HA,723,0,2431,0,0,2431,T
4-HA,724,2436,0,1,0,2437,A
4-HA,725,1,2420,0,3,2424,T
4-HA,726,7,1,0,2447,2455,C
4-HA,727,4,1,0,2443,2448,C
4-HA,728,4,0,0,2400,2404,C
4-HA,729,0,2380,0,1,2381,T
4-HA,730,2385,0,0,0,2385,A
4-HA,731,0,2,2390,1,2393,G
4-HA,732,2,2,0,2387,2391,C
4-HA,733,2337,0,1,0,2338,A
4-HA,734,2,6,2407,0,2415,G
4-HA,735,2385,0,2,0,2387,A
4-HA,736,2385,1,0,1,2387,A
4-HA,737,0,2387,0,1,2388,T
4-HA,738,2385,0,1,0,2386,A
4-HA,739,2385,0,1,0,2386,A
4-HA,740,1,1,2380,0,2382,G
4-HA,741,3,0,0,2380,2383,C
4-HA,742,2381,0,1,0,2382,A
4-HA,743,0,2306,0,1,2307,T
4-HA,744,4,0,0,2437,2441,C
4-HA,745,2,2432,0,2,2436,T
4-HA,746,2444,0,0,0,2444,A
4-HA,747,1,2439,0,1,2441,T
4-HA,748,0,2421,0,1,2422,T
4-HA,749,0,3,2431,0,2434,G
4-HA,750,2,6,2420,1,2429,G
4-HA,751,2423,2,0,0,2425,A
4-HA,752,2,0,0,2428,2430,C
4-HA,753,2272,0,0,0,2272,A
4-HA,754,2336,0,0,1,2337,A
4-HA,755,1,2399,0,1,2401,T
4-HA,756,2429,0,1,0,2430,A
4-HA,757,0,2,2445,0,2447,G
4-HA,758,0,2424,0,3,2427,T
4-HA,759,2422,0,0,0,2422,A
4-HA,760,2417,0,2,0,2419,A
4-HA,761,2465,0,2,0,2467,A
4-HA,762,2493,1,0,0,2494,A
4-HA,763,3,0,1,2480,2484,C
4-HA,764,6,1,0,2405,2412,C
4-HA,765,2280,1,64,0,2345,A
4-HA,766,0,2,2373,0,2375,G
4-HA,767,0,2,2384,0,2386,G
4-HA,768,2381,1,1,0,2383,A
4-HA,769,0,4,2396,0,2400,G
4-HA,770,2376,1,3,0,2380,A
4-HA,771,1,0,0,2374,2375,C
4-HA,772,2348,0,2,0,2350,A
4-HA,773,0,2352,0,0,2352,T
4-HA,774,2357,0,1,0,2358,A
4-HA,775,2,0,0,2393,2395,C
4-HA,776,1,2368,0,3,2372,T
4-HA,777,0,2377,1,1,2379,T
4-HA,778,0,2387,0,0,2387,T
4-HA,779,1,2368,0,2,2371,T
4-HA,780,1,9,2376,0,2386,G
4-HA,781,2378,0,1,1,2380,A
4-HA,782,0,2375,0,0,2375,T
4-HA,783,0,2409,0,0,2409,T
4-HA,784,2386,0,0,1,2387,A
4-HA,785,2391,0,1,0,2392,A
4-HA,786,4,0,0,2408,2412,C
4-HA,787,2379,1,3,0,2383,A
4-HA,788,0,2,2454,0,2456,G
4-HA,789,1,0,0,2439,2440,C
4-HA,790,2444,0,2,0,2446,A
4-HA,791,0,3,0,2448,2451,C
4-HA,792,2424,1,2,0,2427,A
4-HA,793,2,4,2442,0,2448,G
4-HA,794,0,7,2435,0,2442,G
4-HA,795,0,5,2495,0,2500,G
4-HA,796,2477,0,3,1,2481,A
4-HA,797,2469,0,2,0,2471,A
4-HA,798,0,2467,0,0,2467,T
4-HA,799,9,0,0,2458,2467,C
4-HA,800,1,2478,0,2,2481,T
4-HA,801,2485,1,3,0,2489,A
4-HA,802,2471,0,2,0,2473,A
4-HA,803,1,2464,0,0,2465,T
4-HA,804,0,2395,0,0,2395,T
4-HA,805,1,5,2408,0,2414,G
4-HA,806,0,0,0,2468,2468,C
4-HA,807,0,2524,0,3,2527,T
4-HA,808,11,0,0,2576,2587,C
4-HA,809,7,0,1,2569,2577,C
4-HA,810,1,2574,1,1,2577,T
4-HA,811,2587,0,1,0,2588,A
4-HA,812,0,7,2587,0,2594,G
4-HA,813,1,4,2608,0,2613,G
4-HA,814,0,7,2588,0,2595,G
4-HA,815,3,2,2538,0,2543,G
4-HA,816,0,2485,0,1,2486,T
4-HA,817,0,2464,0,1,2465,T
4-HA,818,2463,0,1,0,2464,A
4-HA,819,1,0,0,2494,2495,C
4-HA,820,0,2479,0,1,2480,T
4-HA,821,0,2496,0,2,2498,T
4-HA,822,2,0,0,2477,2479,C
4-HA,823,2472,0,2,0,2474,A
4-HA,824,2474,0,2,0,2476,A
4-HA,825,2482,1,0,1,2484,A
4-HA,826,2489,0,2,0,2491,A
4-HA,827,0,2481,1,0,2482,T
4-HA,828,2467,0,0,0,2467,A
4-HA,829,2,2,0,2461,2465,C
4-HA,830,1,10,2445,1,2457,G
4-HA,831,2464,0,0,0,2464,A
4-HA,832,2464,1,2,0,2467,A
4-HA,833,0,1,2497,0,2498,G
4-HA,834,1,2486,0,0,2487,T
4-HA,835,0,12,2477,1,2490,G
4-HA,836,5,5,2480,0,2490,G
4-HA,837,1,7,2494,0,2502,G
4-HA,838,2494,0,2,0,2496,A
4-HA,839,2492,0,1,0,2493,A
4-HA,840,2496,0,0,1,2497,A
4-HA,841,2485,0,3,0,2488,A
4-HA,842,2,1,2533,0,2536,G
4-HA,843,1,0,0,2532,2533,C
4-HA,844,0,2513,0,3,2516,T
4-HA,845,7,1,0,2540,2548,C
4-HA,846,2546,0,0,0,2546,A
4-HA,847,2564,0,1,0,2565,A
4-HA,848,0,2568,0,2,2570,T
4-HA,849,2581,0,0,0,2581,A
4-HA,850,2583,0,0,0,2583,A
4-HA,851,0,2527,0,2,2529,T
4-HA,852,0,7,2524,0,2531,G
4-HA,853,2498,0,2,1,2501,A
4-HA,854,0,8,2546,0,2554,G
4-HA,855,2549,0,2,0,2551,A
4-HA,856,1,2524,0,4,2529,T
4-HA,857,8,1,1,2549,2559,C
4-HA,858,2532,0,0,0,2532,A
4-HA,859,1,5,2571,0,2577,G
4-HA,860,2575,0,2,0,2577,A
4-HA,861,0,2566,0,2,2568,T
4-HA,862,1,0,2556,0,2557,G
4-HA,863,3,1,0,2507,2511,C
4-HA,864,2513,0,2,0,2515,A
4-HA,865,1,1,1,2551,2554,C
4-HA,866,7,1,0,2502,2510,C
4-HA,867,7,1,0,2511,2519,C
4-HA,868,2474,0,0,0,2474,A
4-HA,869,0,2463,0,0,2463,T
4-HA,870,0,2465,0,1,2466,T
4-HA,871,1,6,2478,0,2485,G
4-HA,872,2,0,2476,0,2478,G
4-HA,873,0,1,0,2475,2476,C
4-HA,874,2429,0,1,0,2430,A
4-HA,875,2423,0,2,0,2425,A
4-HA,876,2460,0,0,0,2460,A
4-HA,877,0,2454,0,0,2454,T
4-HA,878,0,3,2454,0,2457,G
4-HA,879,2,1,0,2457,2460,C
4-HA,880,2423,0,2,1,2426,A
4-HA,881,2463,0,2,0,2465,A
4-HA,882,0,2465,0,0,2465,T
4-HA,883,0,2473,0,1,2474,T
4-HA,884,8,0,0,2470,2478,C
4-HA,885,2,2431,0,0,2433,T
4-HA,886,1,4,2450,0,2455,G
4-HA,887,2449,0,0,0,2449,A
4-HA,888,2460,2,1,0,2463,A
4-HA,889,0,2460,0,1,2461,T
4-HA,890,0,1,2420,0,2421,G
4-HA,891,0,1,0,2429,2430,C
4-HA,892,2417,0,3,0,2420,A
4-HA,893,0,2411,1,1,2413,T
4-HA,894,6,0,0,2407,2413,C
4-HA,895,2404,0,1,0,2405,A
4-HA,896,4,1,0,2489,2494,C
4-HA,897,0,2481,0,2,2483,T
4-HA,898,12,0,0,2474,2486,C
4-HA,899,10,1,0,2458,2469,C
4-HA,900,2477,0,0,0,2477,A
4-HA,901,2475,0,2,0,2477,A
4-HA,902,2471,1,1,0,2473,A
4-HA,903,0,2360,1,1,2362,T
4-HA,904,1,6,2366,0,2373,G
4-HA,905,1,7,2374,0,2382,G
4-HA,906,2383,2,2,1,2388,A
4-HA,907,2373,0,4,1,2378,A
4-HA,908,2,0,2386,0,2388,G
4-HA,909,2,0,0,2341,2343,C
4-HA,910,2320,1,1,0,2322,A
4-HA,911,0,2334,0,0,2334,T
4-HA,912,0,2325,0,1,2326,T
4-HA,913,3,0,0,2388,2391,C
4-HA,914,4,1,0,2389,2394,C
4-HA,915,2,0,0,2386,2388,C
4-HA,916,2383,0,0,0,2383,A
4-HA,917,2422,0,1,2,2425,A
4-HA,918,1,2441,0,5,2447,T
4-HA,919,0,14,2436,0,2450,G
4-HA,920,2444,0,2,0,2446,A
4-HA,921,1,1,0,2439,2441,C
4-HA,922,2342,0,0,0,2342,A
4-HA,923,2340,0,2,0,2342,A
4-HA,924,2335,0,0,2,2337,A
4-HA,925,2,0,0,2344,2346,C
4-HA,926,11,0,0,2298,2309,C
4-HA,927,2250,0,1,0,2251,A
4-HA,928,1,2257,0,2,2260,T
4-HA,929,1,2261,0,2,2264,T
4-HA,930,9,0,0,2262,2271,C
4-HA,931,5,2,0,2262,2269,C
4-HA,932,2271,0,2,0,2273,A
4-HA,933,2265,0,1,1,2267,A
4-HA,934,2259,0,0,1,2260,A
4-HA,935,2281,0,2,0,2283,A
4-HA,936,0,2276,0,0,2276,T
4-HA,937,0,1,2268,0,2269,G
4-HA,938,0,2247,0,2,2249,T
4-HA,939,0,2243,1,2,2246,T
4-HA,940,2287,0,0,0,2287,A
4-HA,941,2290,0,0,0,2290,A
4-HA,942,2,0,0,2292,2294,C
4-HA,943,2269,1,2,0,2272,A
4-HA,944,0,4,2266,1,2271,G
4-HA,945,1,6,2268,0,2275,G
4-HA,946,2299,0,2,0,2301,A
4-HA,947,2,2299,0,0,2301,T
4-HA,948,13,1,1,2308,2323,C
4-HA,949,2332,0,1,0,2333,A
4-HA,950,3,2,0,2382,2387,C
4-HA,951,2383,1,0,0,2384,A
4-HA,952,1,2439,0,0,2440,T
4-HA,953,2393,0,0,0,2393,A
4-HA,954,1,0,0,2356,2357,C
4-HA,955,3,10,2259,0,2272,G
4-HA,956,2,5,2276,0,2283,G
4-HA,957,0,2,2268,1,2271,G
4-HA,958,3,0,2263,0,2266,G
4-HA,959,2,1,0,2203,2206,C
4-HA,960,7,0,0,2178,2185,C
4-HA,961,0,2124,0,2,2126,T
4-HA,962,0,2,2269,0,2271,G
4-HA,963,0,2278,0,2,2280,T
4-HA,964,7,2,0,2281,2290,C
4-HA,965,10,1,0,2273,2284,C
4-HA,966,5,0,0,2276,2281,C
4-HA,967,2263,1,0,0,2264,A
4-HA,968,1,1,2274,0,2276,G
4-HA,969,2268,0,0,0,2268,A
4-HA,970,0,2257,0,0,2257,T
4-HA,971,2019,1,2,0,2022,A
4-HA,972,0,1977,0,0,1977,T
4-HA,973,0,0,1988,0,1988,G
4-HA,974,0,1979,0,1,1980,T
4-HA,975,0,1942,0,0,1942,T
4-HA,976,1951,0,0,0,1951,A
4-HA,977,1916,0,2,0,1918,A
4-HA,978,0,8,1926,0,1934,G
4-HA,979,4,0,0,1928,1932,C
4-HA,980,1877,0,0,0,1877,A
4-HA,981,1879,0,0,1,1880,A
4-HA,982,1863,0,1,0,1864,A
4-HA,983,1866,1,2,0,1869,A
4-HA,984,1,0,0,1874,1875,C
4-HA,985,1845,0,0,0,1845,A
4-HA,986,1,0,0,1869,1870,C
4-HA,987,0,1827,1,0,1828,T
4-HA,988,7,0,0,1839,1846,C
4-HA,989,1,1846,0,2,1849,T
4-HA,990,1,3,1856,1,1861,G
4-HA,991,1860,0,1,0,1861,A
4-HA,992,1858,0,0,0,1858,A
4-HA,993,1856,0,0,0,1856,A
4-HA,994,0,1836,0,0,1836,T
4-HA,995,0,1800,0,1,1801,T
4-HA,996,1,6,1810,0,1817,G
4-HA,997,2,2,1814,0,1818,G
4-HA,998,0,0,0,1825,1825,C
4-HA,999,1811,0,1,0,1812,A
4-HA,1000,1821,0,1,0,1822,A
4-HA,1001,1,1,0,1820,1822,C
4-HA,1002,1814,0,0,0,1814,A
4-HA,1003,0,2,1827,0,1829,G
4-HA,1004,2,3,1808,0,1813,G
4-HA,1005,0,5,1792,0,1797,G
4-HA,1006,1797,1,1,0,1799,A
4-HA,1007,1,1781,0,1,1783,T
4-HA,1008,1,2,1780,0,1783,G
4-HA,1009,1,0,0,1775,1776,C
4-HA,1010,2,5,1769,1,1777,G
4-HA,1011,1787,0,0,0,1787,A
4-HA,1012,1738,0,0,0,1738,A
4-HA,1013,1749,1,2,0,1752,A
4-HA,1014,0,1717,0,0,1717,T
4-HA,1015,2,1,1751,0,1754,G
4-HA,1016,0,1750,0,2,1752,T
4-HA,1017,1748,0,0,0,1748,A
4-HA,1018,4,1,1,1734,1740,C
4-HA,1019,5,2,0,1707,1714,C
4-HA,1020,1671,0,0,0,1671,A
4-HA,1021,0,7,1672,0,1679,G
4-HA,1022,1634,0,1,0,1635,A
4-HA,1023,1,2,1652,0,1655,G
4-HA,1024,1603,0,3,0,1606,A
4-HA,1025,1598,1,0,3,1602,A
4-HA,1026,1607,0,2,0,1609,A
4-HA,1027,1,2,0,1599,1602,C
4-HA,1028,1587,0,0,0,1587,A
4-HA,1029,1594,0,0,0,1594,A
4-HA,1030,1579,0,1,0,1580,A
4-HA,1031,2,0,0,1590,1592,C
4-HA,1032,0,1571,0,0,1571,T
4-HA,1033,1539,0,1,0,1540,A
4-HA,1034,0,3,1538,0,1541,G
4-HA,1035,1526,1,3,0,1530,A
4-HA,1036,0,0,1549,0,1549,G
4-HA,1037,0,1,1542,0,1543,G
4-HA,1038,1,0,0,1514,1515,C
4-HA,1039,1514,0,0,0,1514,A
4-HA,1040,0,1496,0,1,1497,T
4-HA,1041,1502,0,1,0,1503,A
4-HA,1042,0,1493,0,0,1493,T
4-HA,1043,0,1485,0,0,1485,T
4-HA,1044,0,1482,0,0,1482,T
4-HA,1045,0,4,1404,0,1408,G
4-HA,1046,1,0,1407,0,1408,G
4-HA,1047,1,0,0,1399,1400,C
4-HA,1048,2,0,1401,0,1403,G
4-HA,1049,0,0,0,1393,1393,C
4-HA,1050,1374,1,1,1,1377,A
4-HA,1051,1385,0,0,0,1385,A
4-HA,1052,0,1381,0,0,1381,T
4-HA,1053,5,1,0,1376,1382,C
4-HA,1054,1,0,1388,0,1389,G
4-HA,1055,0,1,0,1372,1373,C
4-HA,1056,0,2,1372,1,1375,G
4-HA,1057,0,2,1378,0,1380,G
4-HA,1058,0,0,1384,0,1384,G
4-HA,1059,1,1375,0,0,1376,T
4-HA,1060,0,1347,1,1,1349,T
4-HA,1061,0,1350,0,0,1350,T
4-HA,1062,2,0,0,1348,1350,C
4-HA,1063,1353,0,0,0,1353,A
4-HA,1064,0,1353,0,0,1353,T
4-HA,1065,1346,2,0,0,1348,A
4-HA,1066,0,0,1364,0,1364,G
4-HA,1067,1289,0,0,0,1289,A
4-HA,1068,1292,0,0,0,1292,A
4-HA,1069,1292,0,0,0,1292,A
4-HA,1070,1289,0,2,0,1291,A
4-HA,1071,0,1280,1,0,1281,T
4-HA,1072,1,4,1279,0,1284,G
4-HA,1073,0,1,1284,0,1285,G
4-HA,1074,0,1274,0,2,1276,T
4-HA,1075,1,1206,0,1,1208,T
4-HA,1076,2,3,1196,1,1202,G
4-HA,1077,0,1,1183,1,1185,G
4-HA,1078,0,2,1190,0,1192,G
4-HA,1079,1162,1,1,0,1164,A
4-HA,1080,0,1,1166,0,1167,G
4-HA,1081,0,0,1121,0,1121,G
4-HA,1082,2,4,1121,0,1127,G
4-HA,1083,1124,0,2,0,1126,A
4-HA,1084,1135,0,1,0,1136,A
4-HA,1085,0,1134,0,0,1134,T
4-HA,1086,0,1,1145,0,1146,G
4-HA,1087,0,0,1174,0,1174,G
4-HA,1088,1,1162,0,0,1163,T
4-HA,1089,1,3,1157,0,1161,G
4-HA,1090,0,1,1150,0,1151,G
4-HA,1091,1115,0,2,0,1117,A
4-HA,1092,0,1122,0,2,1124,T
4-HA,1093,1,3,1126,0,1130,G
4-HA,1094,0,0,1149,0,1149,G
4-HA,1095,0,1114,0,2,1116,T
4-HA,1096,0,1066,0,1,1067,T
4-HA,1097,1,2,1073,0,1076,G
4-HA,1098,0,0,1081,0,1081,G
4-HA,1099,0,1079,0,0,1079,T
4-HA,1100,1080,0,0,0,1080,A
4-HA,1101,2,2,0,1017,1021,C
4-HA,1102,0,1,1026,0,1027,G
4-HA,1103,0,0,1076,0,1076,G
4-HA,1104,0,1072,0,2,1074,T
4-HA,1105,0,1074,0,0,1074,T
4-HA,1106,0,1073,0,1,1074,T
4-HA,1107,0,1,0,1058,1059,C
4-HA,1108,1056,0,2,0,1058,A
4-HA,1109,0,2,1058,0,1060,G
4-HA,1110,1,1,1053,0,1055,G
4-HA,1111,0,0,0,1054,1054,C
4-HA,1112,1017,0,0,0,1017,A
4-HA,1113,0,1022,0,1,1023,T
4-HA,1114,3,1,0,1018,1022,C
4-HA,1115,1024,0,0,0,1024,A
4-HA,1116,1025,0,0,0,1025,A
4-HA,1117,1026,0,0,0,1026,A
4-HA,1118,1037,0,0,0,1037,A
4-HA,1119,0,1032,0,1,1033,T
4-HA,1120,0,1033,0,0,1033,T
4-HA,1121,5,2,0,1024,1031,C
4-HA,1122,0,1027,0,2,1029,T
4-HA,1123,1,0,1027,1,1029,G
4-HA,1124,1026,0,0,0,1026,A
4-HA,1125,1018,0,1,0,1019,A
4-HA,1126,0,1,1026,0,1027,G
4-HA,1127,0,2,1046,0,1048,G
4-HA,1128,1042,0,0,1,1043,A
4-HA,1129,1043,0,2,0,1045,A
4-HA,1130,0,1,1036,0,1037,G
4-HA,1131,1044,0,0,0,1044,A
4-HA,1132,0,3,1055,0,1058,G
4-HA,1133,0,6,1054,0,1060,G
4-HA,1134,1058,1,1,0,1060,A
4-HA,1135,0,2,0,1054,1056,C
4-HA,1136,1043,0,0,0,1043,A
4-HA,1137,1043,0,0,0,1043,A
4-HA,1138,0,0,1043,0,1043,G
4-HA,1139,1,0,0,1042,1043,C
4-HA,1140,1030,0,0,0,1030,A
4-HA,1141,0,0,1031,0,1031,G
4-HA,1142,1,0,0,1028,1029,C
4-HA,1143,1030,0,0,0,1030,A
4-HA,1144,1,1,1041,0,1043,G
4-HA,1145,1035,0,0,0,1035,A
4-HA,1146,0,1054,0,1,1055,T
4-HA,1147,1,2,0,1060,1063,C
4-HA,1148,1,1047,0,2,1050,T
4-HA,1149,1,0,0,1063,1064,C
4-HA,1150,1065,0,0,0,1065,A
4-HA,1151,1063,1,0,0,1064,A
4-HA,1152,1065,0,0,0,1065,A
4-HA,1153,1038,0,2,0,1040,A
4-HA,1154,1,0,1048,0,1049,G
4-HA,1155,1,1,0,1015,1017,C
4-HA,1156,1008,0,0,0,1008,A
4-HA,1157,1,0,0,1021,1022,C
4-HA,1158,0,1017,0,0,1017,T
4-HA,1159,5,1,0,1014,1020,C
4-HA,1160,1016,0,0,0,1016,A
4-HA,1161,1035,0,0,0,1035,A
4-HA,1162,1,1,1034,0,1036,G
4-HA,1163,1,0,0,1031,1032,C
4-HA,1164,1025,0,0,0,1025,A
4-HA,1165,4,1,1028,0,1033,G
4-HA,1166,1,0,0,1016,1017,C
4-HA,1167,1010,1,0,0,1011,A
4-HA,1168,1010,0,0,0,1010,A
4-HA,1169,0,1005,0,0,1005,T
4-HA,1170,2,0,0,974,976,C
4-HA,1171,2,2,982,0,986,G
4-HA,1172,986,1,0,0,987,A
4-HA,1173,0,984,0,0,984,T
4-HA,1174,4,1,0,974,979,C
4-HA,1175,975,0,0,0,975,A
4-HA,1176,1000,0,0,0,1000,A
4-HA,1177,1002,0,1,0,1003,A
4-HA,1178,0,999,0,1,1000,T
4-HA,1179,4,0,0,995,999,C
4-HA,1180,980,0,0,0,980,A
4-HA,1181,985,0,2,0,987,A
4-HA,1182,0,987,0,0,987,T
4-HA,1183,0,3,983,0,986,G
4-HA,1184,1,2,983,0,986,G
4-HA,1185,0,2,975,0,977,G
4-HA,1186,976,0,0,0,976,A
4-HA,1187,975,0,0,0,975,A
4-HA,1188,0,0,989,0,989,G
4-HA,1189,0,0,0,996,996,C
4-HA,1190,0,989,0,2,991,T
4-HA,1191,0,0,1029,0,1029,G
4-HA,1192,1028,0,0,0,1028,A
4-HA,1193,1030,0,1,0,1031,A
4-HA,1194,0,1031,0,1,1032,T
4-HA,1195,1002,0,0,0,1002,A
4-HA,1196,1,0,999,0,1000,G
4-HA,1197,915,0,1,0,916,A
4-HA,1198,0,929,0,0,929,T
4-HA,1199,0,925,0,0,925,T
4-HA,1200,0,2,937,0,939,G
4-HA,1201,932,1,1,0,934,A
4-HA,1202,0,932,0,0,932,T
4-HA,1203,2,0,0,933,935,C
4-HA,1204,1,1,926,1,929,G
4-HA,1205,0,0,926,0,926,G
4-HA,1206,0,1,928,0,929,G
4-HA,1207,930,0,0,0,930,A
4-HA,1208,927,0,0,0,927,A
4-HA,1209,926,0,0,0,926,A
4-HA,1210,932,0,1,0,933,A
4-HA,1211,0,1,0,931,932,C
4-HA,1212,4,0,0,928,932,C
4-HA,1213,925,0,1,0,926,A
4-HA,1214,924,0,0,0,924,A
4-HA,1215,1,2,0,924,927,C
4-HA,1216,1,8,921,0,930,G
4-HA,1217,928,0,1,0,929,A
4-HA,1218,0,3,927,0,930,G
4-HA,1219,928,0,1,0,929,A
4-HA,1220,933,1,1,0,935,A
4-HA,1221,939,0,1,0,940,A
4-HA,1222,0,937,0,2,939,T
4-HA,1223,0,934,0,3,937,T
4-HA,1224,3,0,0,940,943,C
4-HA,1225,4,0,0,929,933,C
4-HA,1226,930,1,0,0,931,A
4-HA,1227,0,928,0,0,928,T
4-HA,1228,1,1,1,928,931,C
4-HA,1229,920,2,0,0,922,A
4-HA,1230,1,3,919,0,923,G
4-HA,1231,914,0,0,0,914,A
4-HA,1232,0,918,0,0,918,T
4-HA,1233,0,910,0,0,910,T
4-HA,1234,0,3,915,0,918,G
4-HA,1235,914,0,0,0,914,A
4-HA,1236,916,0,0,0,916,A
4-HA,1237,914,0,0,0,914,A
4-HA,1238,916,0,1,0,917,A
4-HA,1239,899,0,3,0,902,A
4-HA,1240,0,5,898,0,903,G
4-HA,1241,896,0,1,0,897,A
4-HA,1242,901,1,0,0,902,A
4-HA,1243,0,892,0,0,892,T
4-HA,1244,0,893,0,1,894,T
4-HA,1245,2,0,0,897,899,C
4-HA,1246,0,893,0,1,894,T
4-HA,1247,2,0,0,896,898,C
4-HA,1248,894,0,0,0,894,A
4-HA,1249,0,0,896,0,896,G
4-HA,1250,893,0,0,0,893,A
4-HA,1251,886,0,0,0,886,A
4-HA,1252,0,0,896,0,896,G
4-HA,1253,0,892,0,0,892,T
4-HA,1254,0,0,0,887,887,C
4-HA,1255,1,2,887,0,890,G
4-HA,1256,885,0,3,0,888,A
4-HA,1257,884,0,2,0,886,A
4-HA,1258,0,0,881,0,881,G
4-HA,1259,0,2,882,0,884,G
4-HA,1260,0,2,884,0,886,G
4-HA,1261,848,0,2,0,850,A
4-HA,1262,0,5,849,0,854,G
4-HA,1263,857,0,1,0,858,A
4-HA,1264,918,0,1,0,919,A
4-HA,1265,0,917,0,0,917,T
4-HA,1266,2,915,0,1,918,T
4-HA,1267,3,0,1,914,918,C
4-HA,1268,890,0,0,0,890,A
4-HA,1269,0,0,895,0,895,G
4-HA,1270,0,0,892,0,892,G
4-HA,1271,884,0,0,0,884,A
4-HA,1272,0,0,0,883,883,C
4-HA,1273,2,1,0,808,811,C
4-HA,1274,0,807,0,1,808,T
4-HA,1275,0,768,0,41,809,T
4-HA,1276,0,3,809,0,812,G
4-HA,1277,813,0,0,0,813,A
4-HA,1278,0,0,823,0,823,G
4-HA,1279,813,0,0,0,813,A
4-HA,1280,698,0,0,0,698,A
4-HA,1281,693,0,0,0,693,A
4-HA,1282,0,680,0,0,680,T
4-HA,1283,704,0,1,0,705,A
4-HA,1284,1,702,0,0,703,T
4-HA,1285,1,0,695,0,696,G
4-HA,1286,0,692,0,0,692,T
4-HA,1287,0,672,0,0,672,T
4-HA,1288,1,0,669,0,670,G
4-HA,1289,667,0,0,0,667,A
4-HA,1290,0,2,666,0,668,G
4-HA,1291,0,1,664,0,665,G
4-HA,1292,657,0,1,0,658,A
4-HA,1293,0,0,0,674,674,C
4-HA,1294,658,0,2,0,660,A
4-HA,1295,1,0,0,677,678,C
4-HA,1296,3,0,0,678,681,C
4-HA,1297,680,0,0,0,680,A
4-HA,1298,707,0,0,0,707,A
4-HA,1299,704,0,1,0,705,A
4-HA,1300,713,0,1,0,714,A
4-HA,1301,0,713,0,0,713,T
4-HA,1302,695,0,0,0,695,A
4-HA,1303,0,0,700,0,700,G
4-HA,1304,684,0,0,0,684,A
4-HA,1305,0,695,0,0,695,T
4-HA,1306,0,0,0,698,698,C
4-HA,1307,0,683,0,0,683,T
4-HA,1308,2,0,0,698,700,C
4-HA,1309,0,700,0,0,700,T
4-HA,1310,0,1,716,0,717,G
4-HA,1311,1,1,736,0,738,G
4-HA,1312,1,736,0,1,738,T
4-HA,1313,3,0,0,734,737,C
4-HA,1314,743,0,1,0,744,A
4-HA,1315,0,744,0,0,744,T
4-HA,1316,745,0,0,0,745,A
4-HA,1317,1,0,0,738,739,C
4-HA,1318,727,0,0,0,727,A
4-HA,1319,732,0,1,0,733,A
4-HA,1320,0,1,0,713,714,C
4-HA,1321,0,0,716,0,716,G
4-HA,1322,0,0,0,714,714,C
4-HA,1323,1,0,702,0,703,G
4-HA,1324,0,0,707,0,707,G
4-HA,1325,704,1,1,0,706,A
4-HA,1326,1,1,712,0,714,G
4-HA,1327,0,0,0,712,712,C
4-HA,1328,0,707,0,1,708,T
4-HA,1329,0,708,0,0,708,T
4-HA,1330,3,0,0,708,711,C
4-HA,1331,0,717,0,0,717,T
4-HA,1332,0,719,0,0,719,T
4-HA,1333,0,0,717,0,717,G
4-HA,1334,0,716,0,0,716,T
4-HA,1335,0,701,0,0,701,T
4-HA,1336,0,0,712,0,712,G
4-HA,1337,0,0,0,711,711,C
4-HA,1338,2,0,0,704,706,C
4-HA,1339,2,1,0,714,717,C
4-HA,1340,0,716,0,1,717,T
4-HA,1341,0,0,719,0,719,G
4-HA,1342,0,3,718,0,721,G
4-HA,1343,722,1,1,0,724,A
4-HA,1344,0,1,724,0,725,G
4-HA,1345,713,0,0,0,713,A
4-HA,1346,714,0,1,0,715,A
4-HA,1347,1,0,0,719,720,C
4-HA,1348,1,0,0,716,717,C
4-HA,1349,714,0,1,0,715,A
4-HA,1350,735,0,0,0,735,A
4-HA,1351,3,2,0,738,743,C
4-HA,1352,748,0,0,0,748,A
4-HA,1353,0,747,0,1,748,T
4-HA,1354,748,1,0,0,749,A
4-HA,1355,0,0,0,765,765,C
4-HA,1356,744,0,0,0,744,A
4-HA,1357,744,0,0,0,744,A
4-HA,1358,0,748,0,0,748,T
4-HA,1359,0,725,1,0,726,T
4-HA,1360,0,2,739,0,741,G
4-HA,1361,744,0,0,0,744,A
4-HA,1362,0,742,0,0,742,T
4-HA,1363,1,0,0,744,745,C
4-HA,1364,0,725,0,1,726,T
4-HA,1365,734,0,0,0,734,A
4-HA,1366,732,0,0,0,732,A
4-HA,1367,0,0,0,734,734,C
4-HA,1368,0,727,0,0,727,T
4-HA,1369,0,5,719,0,724,G
4-HA,1370,726,0,0,0,726,A
4-HA,1371,1,0,0,727,728,C
4-HA,1372,1,721,0,2,724,T
4-HA,1373,2,0,0,722,724,C
4-HA,1374,723,0,0,0,723,A
4-HA,1375,0,2,731,0,733,G
4-HA,1376,733,0,0,0,733,A
4-HA,1377,731,0,0,1,732,A
4-HA,1378,730,0,1,0,731,A
4-HA,1379,0,725,0,0,725,T
4-HA,1380,0,0,734,0,734,G
4-HA,1381,733,0,1,0,734,A
4-HA,1382,733,0,0,0,733,A
4-HA,1383,0,2,0,735,737,C
4-HA,1384,723,0,0,0,723,A
4-HA,1385,727,1,0,0,728,A
4-HA,1386,724,0,0,0,724,A
4-HA,1387,0,0,0,730,730,C
4-HA,1388,0,723,0,0,723,T
4-HA,1389,0,1,724,0,725,G
4-HA,1390,0,711,1,1,713,T
4-HA,1391,0,712,0,0,712,T
4-HA,1392,0,713,0,2,715,T
4-HA,1393,1,4,713,0,718,G
4-HA,1394,717,0,1,0,718,A
4-HA,1395,716,0,1,1,718,A
4-HA,1396,713,1,1,0,715,A
4-HA,1397,715,0,0,0,715,A
4-HA,1398,705,0,0,0,705,A
4-HA,1399,713,1,0,0,714,A
4-HA,1400,1,0,0,717,718,C
4-HA,1401,718,0,1,0,719,A
4-HA,1402,715,0,1,0,716,A
4-HA,1403,718,0,0,1,719,A
4-HA,1404,0,4,721,0,725,G
4-HA,1405,725,0,2,0,727,A
4-HA,1406,725,0,1,0,726,A
4-HA,1407,0,0,729,0,729,G
4-HA,1408,1,1,0,720,722,C
4-HA,1409,725,0,0,0,725,A
4-HA,1410,729,0,0,0,729,A
4-HA,1411,1,0,0,724,725,C
4-HA,1412,0,721,0,1,722,T
4-HA,1413,0,1,725,0,726,G
4-HA,1414,713,1,1,0,715,A
4-HA,1415,0,2,723,0,725,G
4-HA,1416,0,3,724,0,727,G
4-HA,1417,0,2,722,0,724,G
4-HA,1418,729,0,0,0,729,A
4-HA,1419,722,0,1,0,723,A
4-HA,1420,715,1,1,0,717,A
4-HA,1421,733,0,0,0,733,A
4-HA,1422,0,728,0,0,728,T
4-HA,1423,1,1,730,0,732,G
4-HA,1424,0,0,1,730,731,C
4-HA,1425,0,727,0,0,727,T
4-HA,1426,0,1,727,0,728,G
4-HA,1427,726,0,0,0,726,A
4-HA,1428,0,1,774,0,775,G
4-HA,1429,0,0,788,0,788,G
4-HA,1430,778,1,1,0,780,A
4-HA,1431,0,777,0,0,777,T
4-HA,1432,772,0,1,0,773,A
4-HA,1433,0,765,0,0,765,T
4-HA,1434,0,0,775,0,775,G
4-HA,1435,1,2,787,0,790,G
4-HA,1436,0,0,786,0,786,G
4-HA,1437,0,0,0,751,751,C
4-HA,1438,739,1,1,0,741,A
4-HA,1439,740,0,1,0,741,A
4-HA,1440,0,739,0,0,739,T
4-HA,1441,1,3,736,0,740,G
4-HA,1442,0,0,741,1,742,G
4-HA,1443,0,728,0,1,729,T
4-HA,1444,0,709,0,2,711,T
4-HA,1445,0,1,709,0,710,G
4-HA,1446,0,713,0,2,715,T
4-HA,1447,0,712,0,0,712,T
4-HA,1448,0,717,0,0,717,T
4-HA,1449,2,0,0,716,718,C
4-HA,1450,718,0,0,0,718,A
4-HA,1451,721,0,0,0,721,A
4-HA,1452,723,0,0,0,723,A
4-HA,1453,732,0,0,0,732,A
4-HA,1454,0,726,0,0,726,T
4-HA,1455,730,0,0,0,730,A
4-HA,1456,0,731,1,0,732,T
4-HA,1457,731,1,0,0,732,A
4-HA,1458,0,0,0,743,743,C
4-HA,1459,4,0,0,731,735,C
4-HA,1460,731,0,0,0,731,A
4-HA,1461,0,0,0,737,737,C
4-HA,1462,728,0,0,0,728,A
4-HA,1463,731,0,0,0,731,A
4-HA,1464,733,0,0,0,733,A
4-HA,1465,0,727,0,0,727,T
4-HA,1466,2,1,727,0,730,G
4-HA,1467,0,712,0,2,714,T
4-HA,1468,0,5,713,0,718,G
4-HA,1469,718,0,0,0,718,A
4-HA,1470,0,1,0,715,716,C
4-HA,1471,699,0,0,0,699,A
4-HA,1472,700,0,1,0,701,A
4-HA,1473,0,706,0,1,707,T
4-HA,1474,0,1,715,1,717,G
4-HA,1475,2,0,0,710,712,C
4-HA,1476,2,0,0,709,711,C
4-HA,1477,0,706,0,3,709,T
4-HA,1478,0,0,743,0,743,G
4-HA,1479,1,1,0,745,747,C
4-HA,1480,746,0,0,0,746,A
4-HA,1481,0,746,0,1,747,T
4-HA,1482,725,0,0,0,725,A
4-HA,1483,1,0,730,0,731,G
4-HA,1484,1,4,725,0,730,G
4-HA,1485,723,0,0,0,723,A
4-HA,1486,0,721,0,0,721,T
4-HA,1487,2,0,0,684,686,C
4-HA,1488,680,0,0,0,680,A
4-HA,1489,685,0,0,0,685,A
4-HA,1490,0,683,0,0,683,T
4-HA,1491,3,0,0,681,684,C
4-HA,1492,674,0,0,0,674,A
4-HA,1493,0,1,680,0,681,G
4-HA,1494,682,0,1,0,683,A
4-HA,1495,681,0,0,0,681,A
4-HA,1496,683,1,0,0,684,A
4-HA,1497,1,682,0,0,683,T
4-HA,1498,1,2,672,0,675,G
4-HA,1499,0,3,680,0,683,G
4-HA,1500,682,0,2,0,684,A
4-HA,1501,688,0,0,0,688,A
4-HA,1502,1,0,0,682,683,C
4-HA,1503,0,676,0,1,677,T
4-HA,1504,0,682,0,0,682,T
4-HA,1505,681,0,0,0,681,A
4-HA,1506,0,680,0,0,680,T
4-HA,1507,0,2,681,0,683,G
4-HA,1508,672,0,2,0,674,A
4-HA,1509,0,0,0,675,675,C
4-HA,1510,1,0,0,664,665,C
4-HA,1511,667,0,0,0,667,A
4-HA,1512,1,3,0,688,692,C
4-HA,1513,0,2,702,0,704,G
4-HA,1514,717,0,0,0,717,A
4-HA,1515,0,725,0,0,725,T
4-HA,1516,0,0,757,0,757,G
4-HA,1517,0,753,0,1,754,T
4-HA,1518,786,1,0,0,787,A
4-HA,1519,0,785,1,1,787,T
4-HA,1520,781,0,0,0,781,A
4-HA,1521,1,0,0,781,782,C
4-HA,1522,713,0,0,1,714,A
4-HA,1523,0,0,721,0,721,G
4-HA,1524,693,1,0,0,694,A
4-HA,1525,0,0,668,0,668,G
4-HA,1526,661,0,0,0,661,A
4-HA,1527,0,616,0,0,616,T
4-HA,1528,1,1,611,1,614,G
4-HA,1529,615,0,0,0,615,A
4-HA,1530,609,0,0,0,609,A
4-HA,1531,0,1,622,0,623,G
4-HA,1532,0,0,0,618,618,C
4-HA,1533,617,0,0,0,617,A
4-HA,1534,0,618,0,0,618,T
4-HA,1535,0,617,0,0,617,T
4-HA,1536,617,0,1,0,618,A
4-HA,1537,617,0,0,0,617,A
4-HA,1538,618,0,0,0,618,A
4-HA,1539,0,0,0,620,620,C
4-HA,1540,589,1,0,0,590,A
4-HA,1541,591,0,0,0,591,A
4-HA,1542,0,0,0,592,592,C
4-HA,1543,5,0,0,586,591,C
4-HA,1544,0,1,584,0,585,G
4-HA,1545,1,0,592,0,593,G
4-HA,1546,0,601,0,0,601,T
4-HA,1547,0,598,0,0,598,T
4-HA,1548,1,0,0,597,598,C
4-HA,1549,1,0,0,596,597,C
4-HA,1550,595,0,0,1,596,A
4-HA,1551,0,3,608,0,611,G
4-HA,1552,609,0,0,0,609,A
4-HA,1553,0,610,0,0,610,T
4-HA,1554,7,0,0,587,594,C
4-HA,1555,585,0,0,0,585,A
4-HA,1556,588,0,1,0,589,A
4-HA,1557,1,1,585,0,587,G
4-HA,1558,1,3,585,0,589,G
4-HA,1559,0,4,584,0,588,G
4-HA,1560,554,1,1,0,556,A
4-HA,1561,0,1,560,0,561,G
4-HA,1562,0,558,0,1,559,T
4-HA,1563,0,559,0,0,559,T
4-HA,1564,0,1,561,0,562,G
4-HA,1565,557,0,1,0,558,A
4-HA,1566,0,0,556,0,556,G
4-HA,1567,0,0,0,558,558,C
4-HA,1568,0,552,0,1,553,T
4-HA,1569,0,1,553,0,554,G
4-HA,1570,553,0,0,0,553,A
4-HA,1571,554,0,2,0,556,A
4-HA,1572,1,0,553,0,554,G
4-HA,1573,0,542,0,2,544,T
4-HA,1574,1,0,0,539,540,C
4-HA,1575,539,0,0,0,539,A
4-HA,1576,1,1,546,0,548,G
4-HA,1577,0,0,543,0,543,G
4-HA,1578,549,0,0,0,549,A
4-HA,1579,0,551,0,0,551,T
4-HA,1580,543,0,1,0,544,A
4-HA,1581,0,0,0,543,543,C
4-HA,1582,533,0,0,0,533,A
4-HA,1583,530,0,0,0,530,A
4-HA,1584,530,0,0,0,530,A
4-HA,1585,0,1,538,0,539,G
4-HA,1586,516,0,0,0,516,A
4-HA,1587,0,510,0,0,510,T
4-HA,1588,0,509,0,0,509,T
4-HA,1589,0,1,509,0,510,G
4-HA,1590,0,3,510,0,513,G
4-HA,1591,512,0,0,0,512,A
4-HA,1592,0,512,0,0,512,T
4-HA,1593,1,0,0,503,504,C
4-HA,1594,0,0,0,494,494,C
4-HA,1595,0,491,1,0,492,T
4-HA,1596,495,0,0,0,495,A
4-HA,1597,0,495,0,0,495,T
4-HA,1598,0,0,494,0,494,G
4-HA,1599,0,0,490,0,490,G
4-HA,1600,479,0,0,0,479,A
4-HA,1601,1,477,0,0,478,T
4-HA,1602,0,472,0,0,472,T
4-HA,1603,0,470,0,2,472,T
4-HA,1604,1,0,0,479,480,C
4-HA,1605,1,0,0,476,477,C
4-HA,1606,0,466,0,0,466,T
4-HA,1607,0,462,0,0,462,T
4-HA,1608,0,459,0,1,460,T
4-HA,1609,0,0,459,0,459,G
4-HA,1610,0,0,0,459,459,C
4-HA,1611,1,0,0,459,460,C
4-HA,1612,449,0,0,0,449,A
4-HA,1613,0,443,0,0,443,T
4-HA,1614,450,0,0,0,450,A
4-HA,1615,0,449,0,0,449,T
4-HA,1616,2,0,0,446,448,C
4-HA,1617,447,0,0,0,447,A
4-HA,1618,0,436,0,0,436,T
4-HA,1619,0,0,438,0,438,G
4-HA,1620,0,437,0,1,438,T
4-HA,1621,0,434,0,0,434,T
4-HA,1622,0,434,0,0,434,T
4-HA,1623,0,421,0,0,421,T
4-HA,1624,0,422,0,1,423,T
4-HA,1625,0,422,0,0,422,T
4-HA,1626,0,0,423,0,423,G
4-HA,1627,1,0,0,423,424,C
4-HA,1628,0,412,0,0,412,T
4-HA,1629,0,412,0,0,412,T
4-HA,1630,0,411,0,0,411,T
4-HA,1631,1,0,418,0,419,G
4-HA,1632,0,418,0,1,419,T
4-HA,1633,0,0,419,0,419,G
4-HA,1634,0,418,0,0,418,T
4-HA,1635,0,413,0,0,413,T
4-HA,1636,0,1,415,0,416,G
4-HA,1637,0,0,0,416,416,C
4-HA,1638,0,411,0,0,411,T
4-HA,1639,0,415,0,0,415,T
4-HA,1640,0,395,0,0,395,T
4-HA,1641,0,0,396,0,396,G
4-HA,1642,0,396,0,0,396,T
4-HA,1643,0,396,0,0,396,T
4-HA,1644,0,0,393,0,393,G
4-HA,1645,0,0,388,1,389,G
4-HA,1646,0,1,386,0,387,G
4-HA,1647,0,0,390,0,390,G
4-HA,1648,0,385,0,0,385,T
4-HA,1649,0,384,0,0,384,T
4-HA,1650,4,0,0,377,381,C
4-HA,1651,378,0,0,0,378,A
4-HA,1652,0,382,0,0,382,T
4-HA,1653,0,0,0,378,378,C
4-HA,1654,378,0,0,0,378,A
4-HA,1655,1,364,0,0,365,T
4-HA,1656,1,0,364,0,365,G
4-HA,1657,0,355,0,0,355,T
4-HA,1658,1,0,352,0,353,G
4-HA,1659,0,0,345,0,345,G
4-HA,1660,1,0,341,0,342,G
4-HA,1661,0,0,0,335,335,C
4-HA,1662,1,0,0,328,329,C
4-HA,1663,0,303,1,0,304,T
4-HA,1664,0,0,308,0,308,G
4-HA,1665,0,0,0,307,307,C
4-HA,1666,1,0,0,306,307,C
4-HA,1667,305,0,0,0,305,A
4-HA,1668,303,0,0,0,303,A
4-HA,1669,304,0,0,0,304,A
4-HA,1670,305,0,0,0,305,A
4-HA,1671,303,0,1,0,304,A
4-HA,1672,0,0,303,0,303,G
4-HA,1673,0,0,292,0,292,G
4-HA,1674,0,0,0,288,288,C
4-HA,1675,288,0,1,0,289,A
4-HA,1676,290,0,0,0,290,A
4-HA,1677,0,0,0,290,290,C
4-HA,1678,289,1,0,0,290,A
4-HA,1679,0,288,0,0,288,T
4-HA,1680,0,286,0,0,286,T
4-HA,1681,275,0,0,0,275,A
4-HA,1682,0,0,275,0,275,G
4-HA,1683,0,0,271,0,271,G
4-HA,1684,0,267,0,0,267,T
4-HA,1685,2,0,249,0,251,G
4-HA,1686,0,0,0,238,238,C
4-HA,1687,229,0,1,0,230,A
4-HA,1688,230,0,0,0,230,A
4-HA,1689,1,0,0,229,230,C
4-HA,1690,228,0,0,0,228,A
4-HA,1691,0,224,0,0,224,T
4-HA,1692,0,198,0,0,198,T
4-HA,1693,0,196,0,0,196,T
4-HA,1694,0,0,195,0,195,G
4-HA,1695,0,0,0,195,195,C
4-HA,1696,195,0,0,0,195,A
4-HA,1697,0,188,0,0,188,T
4-HA,1698,0,183,0,1,184,T
4-HA,1699,0,174,0,0,174,T
4-HA,1700,0,0,174,0,174,G
4-HA,1701,166,0,0,0,166,A
5-NP,1,463,0,0,0,463,A
5-NP,2,0,464,0,0,464,T
5-NP,3,0,0,460,0,460,G
5-NP,4,0,0,466,0,466,G
5-NP,5,0,0,0,469,469,C
5-NP,6,0,0,490,0,490,G
5-NP,7,0,506,0,2,508,T
5-NP,8,0,0,0,517,517,C
5-NP,9,3,0,0,519,522,C
5-NP,10,3,0,0,515,518,C
5-NP,11,522,0,0,0,522,A
5-NP,12,520,0,0,0,520,A
5-NP,13,0,0,530,0,530,G
5-NP,14,0,0,542,0,542,G
5-NP,15,0,2,0,541,543,C
5-NP,16,548,0,1,0,549,A
5-NP,17,0,0,0,556,556,C
5-NP,18,1,0,0,555,556,C
5-NP,19,563,0,0,0,563,A
5-NP,20,561,0,0,0,561,A
5-NP,21,565,0,0,0,565,A
5-NP,22,0,1,0,563,564,C
5-NP,23,0,4,562,0,566,G
5-NP,24,0,0,607,0,607,G
5-NP,25,0,606,0,2,608,T
5-NP,26,2,0,0,670,672,C
5-NP,27,0,670,0,1,671,T
5-NP,28,0,682,0,0,682,T
5-NP,29,682,0,1,0,683,A
5-NP,30,0,685,0,0,685,T
5-NP,31,0,6,685,0,691,G
5-NP,32,690,0,1,1,692,A
5-NP,33,672,0,0,0,672,A
5-NP,34,0,0,0,676,676,C
5-NP,35,661,0,0,0,661,A
5-NP,36,0,1,713,0,714,G
5-NP,37,710,0,1,0,711,A
5-NP,38,0,714,0,0,714,T
5-NP,39,1,1,712,1,715,G
5-NP,40,0,1,716,0,717,G
5-NP,41,714,0,0,0,714,A
5-NP,42,711,0,2,0,713,A
5-NP,43,715,0,1,0,716,A
5-NP,44,0,1,0,746,747,C
5-NP,45,0,738,0,0,738,T
5-NP,46,0,2,745,0,747,G
5-NP,47,742,0,0,1,743,A
5-NP,48,0,748,0,0,748,T
5-NP,49,1,1,746,0,748,G
5-NP,50,0,0,745,0,745,G
5-NP,51,0,2,745,0,747,G
5-NP,52,0,2,744,0,746,G
5-NP,53,741,0,1,0,742,A
5-NP,54,0,739,0,0,739,T
5-NP,55,1,1,0,742,744,C
5-NP,56,0,0,742,0,742,G
5-NP,57,0,0,0,749,749,C
5-NP,58,1,0,0,752,753,C
5-NP,59,751,0,0,0,751,A
5-NP,60,0,2,761,0,763,G
5-NP,61,757,0,0,1,758,A
5-NP,62,768,0,0,0,768,A
5-NP,63,0,768,0,0,768,T
5-NP,64,0,1,767,0,768,G
5-NP,65,0,1,0,772,773,C
5-NP,66,774,0,1,0,775,A
5-NP,67,787,2,0,0,789,A
5-NP,68,0,0,0,790,790,C
5-NP,69,0,787,0,0,787,T
5-NP,70,0,6,787,0,793,G
5-NP,71,801,1,1,0,803,A
5-NP,72,0,2,846,0,848,G
5-NP,73,845,1,0,0,846,A
5-NP,74,0,844,0,0,844,T
5-NP,75,0,845,0,1,846,T
5-NP,76,840,0,0,1,841,A
5-NP,77,0,1,841,0,842,G
5-NP,78,0,1,842,0,843,G
5-NP,79,0,0,838,0,838,G
5-NP,80,0,0,0,825,825,C
5-NP,81,816,0,0,0,816,A
5-NP,82,0,826,0,0,826,T
5-NP,83,2,0,0,824,826,C
5-NP,84,2,0,0,824,826,C
5-NP,85,0,1,835,0,836,G
5-NP,86,0,834,0,0,834,T
5-NP,87,0,0,0,830,830,C
5-NP,88,1,1,833,0,835,G
5-NP,89,0,1,833,0,834,G
5-NP,90,1,1,838,0,840,G
5-NP,91,829,0,1,0,830,A
5-NP,92,832,0,0,0,832,A
5-NP,93,0,0,834,0,834,G
5-NP,94,836,0,0,0,836,A
5-NP,95,0,845,0,0,845,T
5-NP,96,0,1,846,0,847,G
5-NP,97,852,0,1,0,853,A
5-NP,98,0,854,0,0,854,T
5-NP,99,0,853,0,0,853,T
5-NP,100,0,2,854,0,856,G
5-NP,101,852,0,3,0,855,A
5-NP,102,0,858,0,0,858,T
5-NP,103,1,3,850,1,855,G
5-NP,104,0,3,841,0,844,G
5-NP,105,2,1,835,0,838,G
5-NP,106,879,1,1,0,881,A
5-NP,107,0,881,0,0,881,T
5-NP,108,0,883,0,0,883,T
5-NP,109,1,3,887,0,891,G
5-NP,110,0,2,890,0,892,G
5-NP,111,0,3,895,0,898,G
5-NP,112,895,0,2,0,897,A
5-NP,113,0,3,892,1,896,G
5-NP,114,875,0,1,0,876,A
5-NP,115,0,894,0,0,894,T
5-NP,116,0,890,0,0,890,T
5-NP,117,4,1,0,890,895,C
5-NP,118,1,888,0,0,889,T
5-NP,119,906,0,0,0,906,A
5-NP,120,0,1,0,909,910,C
5-NP,121,924,2,0,0,926,A
5-NP,122,0,931,1,0,932,T
5-NP,123,2,0,1,919,922,C
5-NP,124,1,1,0,926,928,C
5-NP,125,927,0,0,0,927,A
5-NP,126,933,0,1,1,935,A
5-NP,127,934,0,0,1,935,A
5-NP,128,0,930,0,0,930,T
5-NP,129,0,1,931,0,932,G
5-NP,130,0,923,0,0,923,T
5-NP,131,1,0,929,0,930,G
5-NP,132,0,0,0,929,929,C
5-NP,133,926,0,0,0,926,A
5-NP,134,0,0,0,926,926,C
5-NP,135,0,915,0,1,916,T
5-NP,136,0,3,958,0,961,G
5-NP,137,977,2,1,0,980,A
5-NP,138,995,0,0,1,996,A
5-NP,139,0,0,0,1008,1008,C
5-NP,140,0,1005,0,0,1005,T
5-NP,141,1,1008,0,1,1010,T
5-NP,142,1008,0,0,1,1009,A
5-NP,143,1010,0,0,1,1011,A
5-NP,144,1008,1,4,0,1013,A
5-NP,145,0,0,0,1017,1017,C
5-NP,146,2,977,0,0,979,T
5-NP,147,3,0,0,986,989,C
5-NP,148,978,0,0,0,978,A
5-NP,149,0,1,989,0,990,G
5-NP,150,1,988,0,0,989,T
5-NP,151,0,4,995,0,999,G
5-NP,152,1013,0,0,1,1014,A
5-NP,153,2,1008,0,1,1011,T
5-NP,154,3,0,0,1021,1024,C
5-NP,155,1029,0,1,1,1031,A
5-NP,156,0,1029,0,1,1030,T
5-NP,157,0,3,1028,0,1031,G
5-NP,158,1025,0,0,1,1026,A
5-NP,159,1021,0,0,0,1021,A
5-NP,160,1,4,1020,0,1025,G
5-NP,161,1,3,1009,0,1013,G
5-NP,162,1,0,1010,0,1011,G
5-NP,163,1,1,0,997,999,C
5-NP,164,0,3,1003,1,1007,G
5-NP,165,0,2,1011,0,1013,G
5-NP,166,0,1012,0,1,1013,T
5-NP,167,0,1008,0,0,1008,T
5-NP,168,0,2,1011,0,1013,G
5-NP,169,1125,0,3,1,1129,A
5-NP,170,0,1126,0,0,1126,T
5-NP,171,0,0,0,1128,1128,C
5-NP,172,2,0,0,1132,1134,C
5-NP,173,1124,0,0,0,1124,A
5-NP,174,0,3,1130,0,1133,G
5-NP,175,1134,0,0,0,1134,A
5-NP,176,1131,0,0,0,1131,A
5-NP,177,0,0,0,1135,1135,C
5-NP,178,1063,0,1,0,1064,A
5-NP,179,0,0,1079,0,1079,G
5-NP,180,1,1,0,1078,1080,C
5-NP,181,2,1078,0,0,1080,T
5-NP,182,1,1094,0,0,1095,T
5-NP,183,1,5,1087,0,1093,G
5-NP,184,1096,0,2,0,1098,A
5-NP,185,2,1,0,1105,1108,C
5-NP,186,1097,0,0,0,1097,A
5-NP,187,1112,0,0,0,1112,A
5-NP,188,1,1108,1,0,1110,T
5-NP,189,1112,0,1,0,1113,A
5-NP,190,0,2,1119,1,1122,G
5-NP,191,1118,0,0,0,1118,A
5-NP,192,1,1,1126,0,1128,G
5-NP,193,1121,1,0,0,1122,A
5-NP,194,1144,0,0,0,1144,A
5-NP,195,1145,0,0,0,1145,A
5-NP,196,1183,0,0,1,1184,A
5-NP,197,0,1183,0,1,1184,T
5-NP,198,0,3,1180,0,1183,G
5-NP,199,0,0,1185,0,1185,G
5-NP,200,0,1178,1,0,1179,T
5-NP,201,1163,0,1,0,1164,A
5-NP,202,2,0,0,1179,1181,C
5-NP,203,0,1186,0,1,1187,T
5-NP,204,4,0,0,1195,1199,C
5-NP,205,1,1167,0,2,1170,T
5-NP,206,1,0,0,1184,1185,C
5-NP,207,0,1181,0,1,1182,T
5-NP,208,1,0,1189,1,1191,G
5-NP,209,1,0,0,1191,1192,C
5-NP,210,0,1183,0,0,1183,T
5-NP,211,0,1180,0,0,1180,T
5-NP,212,1,1181,0,0,1182,T
5-NP,213,0,1177,1,0,1178,T
5-NP,214,0,2,1181,0,1183,G
5-NP,215,1173,0,2,3,1178,A
5-NP,216,0,1181,0,1,1182,T
5-NP,217,0,3,1176,0,1179,G
5-NP,218,1174,0,1,0,1175,A
5-NP,219,1176,0,0,0,1176,A
5-NP,220,1178,0,0,0,1178,A
5-NP,221,0,2,1181,0,1183,G
5-NP,222,1175,0,0,0,1175,A
5-NP,223,1178,0,0,0,1178,A
5-NP,224,0,1,1188,0,1189,G
5-NP,225,5,4,1218,0,1227,G
5-NP,226,1231,1,2,0,1234,A
5-NP,227,1245,0,1,0,1246,A
5-NP,228,0,1244,0,0,1244,T
5-NP,229,1244,0,0,0,1244,A
5-NP,230,1238,0,0,0,1238,A
5-NP,231,1243,0,1,0,1244,A
5-NP,232,0,1247,0,0,1247,T
5-NP,233,1242,0,0,0,1242,A
5-NP,234,1,0,0,1242,1243,C
5-NP,235,1,0,0,1219,1220,C
5-NP,236,0,1210,0,0,1210,T
5-NP,237,0,1,1216,0,1217,G
5-NP,238,1,2,1235,0,1238,G
5-NP,239,1239,1,0,0,1240,A
5-NP,240,1231,0,2,0,1233,A
5-NP,241,0,4,1249,0,1253,G
5-NP,242,1244,1,0,0,1245,A
5-NP,243,1229,0,5,0,1234,A
5-NP,244,0,1,0,1237,1238,C
5-NP,245,1235,0,1,0,1236,A
5-NP,246,3,1,0,1267,1271,C
5-NP,247,2,0,0,1239,1241,C
5-NP,248,2,0,0,1236,1238,C
5-NP,249,2,0,0,1246,1248,C
5-NP,250,1228,0,1,0,1229,A
5-NP,251,1,0,1230,0,1231,G
5-NP,252,0,0,0,1229,1229,C
5-NP,253,0,1,1228,0,1229,G
5-NP,254,2,2,0,1233,1237,C
5-NP,255,0,4,1207,0,1211,G
5-NP,256,0,3,1223,0,1226,G
5-NP,257,0,4,1220,0,1224,G
5-NP,258,1,4,1224,0,1229,G
5-NP,259,1226,1,1,0,1228,A
5-NP,260,1225,2,0,0,1227,A
5-NP,261,1222,1,1,0,1224,A
5-NP,262,0,3,1227,0,1230,G
5-NP,263,1223,0,0,0,1223,A
5-NP,264,0,1225,0,0,1225,T
5-NP,265,3,1,0,1209,1213,C
5-NP,266,1,0,0,1206,1207,C
5-NP,267,4,0,0,1213,1217,C
5-NP,268,1221,0,1,0,1222,A
5-NP,269,1216,0,0,0,1216,A
5-NP,270,1,1,1227,0,1229,G
5-NP,271,1218,0,0,0,1218,A
5-NP,272,1220,0,0,0,1220,A
5-NP,273,1210,0,0,0,1210,A
5-NP,274,1213,1,1,0,1215,A
5-NP,275,1,1,0,1217,1219,C
5-NP,276,1,1207,0,0,1208,T
5-NP,277,0,3,1204,0,1207,G
5-NP,278,0,3,1213,0,1216,G
5-NP,279,0,7,1206,1,1214,G
5-NP,280,0,1,1211,0,1212,G
5-NP,281,0,3,1218,0,1221,G
5-NP,282,0,1,1235,0,1236,G
5-NP,283,2,0,0,1327,1329,C
5-NP,284,5,1,0,1321,1327,C
5-NP,285,6,0,0,1319,1325,C
5-NP,286,1508,1,1,0,1510,A
5-NP,287,0,1508,0,0,1508,T
5-NP,288,1599,0,1,0,1600,A
5-NP,289,1,1597,0,0,1598,T
5-NP,290,1584,0,0,1,1585,A
5-NP,291,1,0,1,1605,1607,C
5-NP,292,1469,0,1,1,1471,A
5-NP,293,1,3,1492,0,1496,G
5-NP,294,0,3,1494,1,1498,G
5-NP,295,1346,0,0,0,1346,A
5-NP,296,0,11,1354,0,1365,G
5-NP,297,1301,0,2,0,1303,A
5-NP,298,0,2,1317,0,1319,G
5-NP,299,0,1311,0,0,1311,T
5-NP,300,1305,0,1,0,1306,A
5-NP,301,0,1,1310,0,1311,G
5-NP,302,1291,0,1,0,1292,A
5-NP,303,0,1279,0,8,1287,T
5-NP,304,0,1,1283,0,1284,G
5-NP,305,0,3,1292,0,1295,G
5-NP,306,1292,0,0,0,1292,A
5-NP,307,1285,1,0,0,1286,A
5-NP,308,1282,0,0,1,1283,A
5-NP,309,1295,1,1,0,1297,A
5-NP,310,0,1295,0,0,1295,T
5-NP,311,1,4,1300,0,1305,G
5-NP,312,1,7,1303,0,1311,G
5-NP,313,1304,0,1,0,1305,A
5-NP,314,1,1303,0,0,1304,T
5-NP,315,2,2,1304,0,1308,G
5-NP,316,1310,0,1,1,1312,A
5-NP,317,0,3,1315,0,1318,G
5-NP,318,0,4,1312,0,1316,G
5-NP,319,3,3,1314,1,1321,G
5-NP,320,1336,0,0,0,1336,A
5-NP,321,1340,0,0,0,1340,A
5-NP,322,4,0,0,1356,1360,C
5-NP,323,1,1354,0,2,1357,T
5-NP,324,4,0,0,1392,1396,C
5-NP,325,0,0,1407,0,1407,G
5-NP,326,0,1415,0,0,1415,T
5-NP,327,2,0,0,1423,1425,C
5-NP,328,1,0,0,1551,1552,C
5-NP,329,0,1542,0,1,1543,T
5-NP,330,1,1547,0,1,1549,T
5-NP,331,0,1539,0,0,1539,T
5-NP,332,1542,0,1,0,1543,A
5-NP,333,0,1539,0,0,1539,T
5-NP,334,0,9,1531,0,1540,G
5-NP,335,1547,0,2,0,1549,A
5-NP,336,0,1,0,1550,1551,C
5-NP,337,1525,0,0,0,1525,A
5-NP,338,1526,0,0,0,1526,A
5-NP,339,1529,0,0,0,1529,A
5-NP,340,0,6,1587,0,1593,G
5-NP,341,1594,0,0,0,1594,A
5-NP,342,1596,0,1,0,1597,A
5-NP,343,1,10,1649,0,1660,G
5-NP,344,1673,0,1,0,1674,A
5-NP,345,1679,0,1,0,1680,A
5-NP,346,1679,0,0,0,1679,A
5-NP,347,0,1672,0,0,1672,T
5-NP,348,1666,0,1,0,1667,A
5-NP,349,1642,0,1,0,1643,A
5-NP,350,0,6,1655,0,1661,G
5-NP,351,0,0,1657,0,1657,G
5-NP,352,1,0,1,1633,1635,C
5-NP,353,0,9,1625,0,1634,G
5-NP,354,1639,0,0,0,1639,A
5-NP,355,1658,0,0,0,1658,A
5-NP,356,0,1665,0,0,1665,T
5-NP,357,1,0,0,1674,1675,C
5-NP,358,0,1671,0,1,1672,T
5-NP,359,0,5,1670,0,1675,G
5-NP,360,2,0,1676,0,1678,G
5-NP,361,2,1,0,1677,1680,C
5-NP,362,1,2,1677,0,1680,G
5-NP,363,3,1,0,1673,1677,C
5-NP,364,6,0,0,1666,1672,C
5-NP,365,1674,2,1,0,1677,A
5-NP,366,1699,0,0,0,1699,A
5-NP,367,0,0,1749,0,1749,G
5-NP,368,1,2,1,1737,1741,C
5-NP,369,2,0,0,1774,1776,C
5-NP,370,1780,0,1,0,1781,A
5-NP,371,1804,0,0,0,1804,A
5-NP,372,0,0,1,1826,1827,C
5-NP,373,1829,1,0,0,1830,A
5-NP,374,1860,0,0,0,1860,A
5-NP,375,0,1852,0,3,1855,T
5-NP,376,0,6,1870,0,1876,G
5-NP,377,0,5,1872,1,1878,G
5-NP,378,0,1850,0,0,1850,T
5-NP,379,3,2,1858,0,1863,G
5-NP,380,1851,0,1,0,1852,A
5-NP,381,0,7,1889,0,1896,G
5-NP,382,0,7,1889,0,1896,G
5-NP,383,1900,0,0,1,1901,A
5-NP,384,0,2034,0,0,2034,T
5-NP,385,1,2,2045,0,2048,G
5-NP,386,3,1,0,2050,2054,C
5-NP,387,0,2055,0,2,2057,T
5-NP,388,2073,1,0,0,2074,A
5-NP,389,1,0,0,2108,2109,C
5-NP,390,2096,1,0,0,2097,A
5-NP,391,0,2091,1,2,2094,T
5-NP,392,2,0,0,2077,2079,C
5-NP,393,0,1991,0,0,1991,T
5-NP,394,0,3,2064,0,2067,G
5-NP,395,0,1,2115,0,2116,G
5-NP,396,0,2115,0,4,2119,T
5-NP,397,2,0,0,2114,2116,C
5-NP,398,0,2098,0,2,2100,T
5-NP,399,2117,0,1,0,2118,A
5-NP,400,2114,1,3,0,2118,A
5-NP,401,1,0,0,2136,2137,C
5-NP,402,0,2126,1,2,2129,T
5-NP,403,15,2,0,2129,2146,C
5-NP,404,2114,0,2,0,2116,A
5-NP,405,0,0,0,2201,2201,C
5-NP,406,2202,1,0,0,2203,A
5-NP,407,0,2207,0,0,2207,T
5-NP,408,2182,0,0,0,2182,A
5-NP,409,2192,1,0,0,2193,A
5-NP,410,0,2211,0,1,2212,T
5-NP,411,0,7,2230,0,2237,G
5-NP,412,2224,0,1,1,2226,A
5-NP,413,0,2209,1,1,2211,T
5-NP,414,1,2168,0,1,2170,T
5-NP,415,0,2170,1,1,2172,T
5-NP,416,1,18,2143,1,2163,G
5-NP,417,2,2,2162,0,2166,G
5-NP,418,3,1,0,2169,2173,C
5-NP,419,2160,0,1,0,2161,A
5-NP,420,0,2162,0,2,2164,T
5-NP,421,0,2155,0,4,2159,T
5-NP,422,5,2,0,2157,2164,C
5-NP,423,4,5,0,2153,2162,C
5-NP,424,2195,0,0,1,2196,A
5-NP,425,2204,0,0,0,2204,A
5-NP,426,0,2194,0,0,2194,T
5-NP,427,0,2196,0,1,2197,T
5-NP,428,0,2197,0,0,2197,T
5-NP,429,0,4,2212,0,2216,G
5-NP,430,2211,0,2,0,2213,A
5-NP,431,2213,0,2,0,2215,A
5-NP,432,0,2230,0,0,2230,T
5-NP,433,0,2,2208,0,2210,G
5-NP,434,2277,0,1,0,2278,A
5-NP,435,0,2283,0,0,2283,T
5-NP,436,3,1,2288,0,2292,G
5-NP,437,1,0,0,2350,2351,C
5-NP,438,2338,0,2,0,2340,A
5-NP,439,2438,1,1,1,2441,A
5-NP,440,1,0,0,2443,2444,C
5-NP,441,2482,0,0,0,2482,A
5-NP,442,1,2530,0,0,2531,T
5-NP,443,2497,0,1,0,2498,A
5-NP,444,2,0,0,2553,2555,C
5-NP,445,7,1,0,2537,2545,C
5-NP,446,2486,1,4,0,2491,A
5-NP,447,1,3,2520,0,2524,G
5-NP,448,2462,0,1,0,2463,A
5-NP,449,0,8,2500,0,2508,G
5-NP,450,1,7,2490,0,2498,G
5-NP,451,2482,0,4,0,2486,A
5-NP,452,1,1,0,2506,2508,C
5-NP,453,2470,0,1,0,2471,A
5-NP,454,2462,1,2,0,2465,A
5-NP,455,1,8,2466,1,2476,G
5-NP,456,2435,1,1,0,2437,A
5-NP,457,0,0,2458,0,2458,G
5-NP,458,0,0,0,2441,2441,C
5-NP,459,0,2410,0,6,2416,T
5-NP,460,5,0,0,2424,2429,C
5-NP,461,0,2418,0,3,2421,T
5-NP,462,0,2430,0,0,2430,T
5-NP,463,1,3,2436,0,2440,G
5-NP,464,0,2428,0,0,2428,T
5-NP,465,0,2430,0,0,2430,T
5-NP,466,14,2,0,2406,2422,C
5-NP,467,2,17,2395,1,2415,G
5-NP,468,2447,0,0,0,2447,A
5-NP,469,2445,0,2,1,2448,A
5-NP,470,1,1,0,2467,2469,C
5-NP,471,0,2455,0,2,2457,T
5-NP,472,2,2,2500,0,2504,G
5-NP,473,0,1,2513,0,2514,G
5-NP,474,2516,0,2,0,2518,A
5-NP,475,2524,0,1,0,2525,A
5-NP,476,0,2513,1,0,2514,T
5-NP,477,0,7,2499,0,2506,G
5-NP,478,0,7,2510,0,2517,G
5-NP,479,2532,1,3,0,2536,A
5-NP,480,0,2558,0,2,2560,T
5-NP,481,6,0,0,2548,2554,C
5-NP,482,4,0,2,2550,2556,C
5-NP,483,2,2,0,2569,2573,C
5-NP,484,2603,0,2,0,2605,A
5-NP,485,0,9,2638,0,2647,G
5-NP,486,2646,0,1,0,2647,A
5-NP,487,2629,1,1,0,2631,A
5-NP,488,2,2596,0,1,2599,T
5-NP,489,1,5,2623,0,2629,G
5-NP,490,0,2611,0,3,2614,T
5-NP,491,0,2,2611,0,2613,G
5-NP,492,4,1,0,2616,2621,C
5-NP,493,2,2610,1,4,2617,T
5-NP,494,8,0,0,2795,2803,C
5-NP,495,0,2782,0,0,2782,T
5-NP,496,6,0,0,2882,2888,C
5-NP,497,1,2886,2,0,2889,T
5-NP,498,0,4,2881,0,2885,G
5-NP,499,2918,0,2,0,2920,A
5-NP,500,0,2909,0,0,2909,T
5-NP,501,0,4,2906,0,2910,G
5-NP,502,2,0,0,2907,2909,C
5-NP,503,2805,0,2,0,2807,A
5-NP,504,0,8,2870,0,2878,G
5-NP,505,0,3,2820,0,2823,G
5-NP,506,1,2,2886,0,2889,G
5-NP,507,2,0,0,2883,2885,C
5-NP,508,0,2863,0,3,2866,T
5-NP,509,5,1,0,2862,2868,C
5-NP,510,2817,0,2,0,2819,A
5-NP,511,2871,0,1,0,2872,A
5-NP,512,2,1,0,2868,2871,C
5-NP,513,0,2871,0,1,2872,T
5-NP,514,5,0,0,2989,2994,C
5-NP,515,1,2946,0,4,2951,T
5-NP,516,13,0,0,3239,3252,C
5-NP,517,3,2,0,3248,3253,C
5-NP,518,10,1,0,3241,3252,C
5-NP,519,0,3242,0,1,3243,T
5-NP,520,3235,0,0,1,3236,A
5-NP,521,0,3,3232,0,3235,G
5-NP,522,3232,0,0,1,3233,A
5-NP,523,3162,2,1,2,3167,A
5-NP,524,0,4,3172,0,3176,G
5-NP,525,1,4,3158,0,3163,G
5-NP,526,0,3126,0,0,3126,T
5-NP,527,4,1,0,3116,3121,C
5-NP,528,5,1,0,3120,3126,C
5-NP,529,3,6,3109,0,3118,G
5-NP,530,0,8,3134,0,3142,G
5-NP,531,3114,1,3,0,3118,A
5-NP,532,0,1,3160,0,3161,G
5-NP,533,2,0,0,3169,3171,C
5-NP,534,0,3128,0,3,3131,T
5-NP,535,2,1,3138,1,3142,G
5-NP,536,4,0,0,3138,3142,C
5-NP,537,3134,2,3,0,3139,A
5-NP,538,0,7,3155,0,3162,G
5-NP,539,0,1,3168,0,3169,G
5-NP,540,0,3153,0,5,3158,T
5-NP,541,0,3,3130,1,3134,G
5-NP,542,2,0,0,3141,3143,C
5-NP,543,0,3121,0,4,3125,T
5-NP,544,2,1,3125,0,3128,G
5-NP,545,1,1,0,3124,3126,C
5-NP,546,3159,0,1,0,3160,A
5-NP,547,1,2,3211,0,3214,G
5-NP,548,1,3182,0,1,3184,T
5-NP,549,10,0,0,3183,3193,C
5-NP,550,3186,0,1,0,3187,A
5-NP,551,3186,0,2,0,3188,A
5-NP,552,3184,0,4,0,3188,A
5-NP,553,1,6,3196,1,3204,G
5-NP,554,1,11,3212,0,3224,G
5-NP,555,3206,0,3,1,3210,A
5-NP,556,3178,0,2,1,3181,A
5-NP,557,1,3173,0,0,3174,T
5-NP,558,7,2,0,3158,3167,C
5-NP,559,0,6,3160,1,3167,G
5-NP,560,1,5,3248,0,3254,G
5-NP,561,2,15,3245,0,3262,G
5-NP,562,3258,0,1,0,3259,A
5-NP,563,1,1,0,3248,3250,C
5-NP,564,3207,1,0,0,3208,A
5-NP,565,3290,2,0,0,3292,A
5-NP,566,0,3297,1,1,3299,T
5-NP,567,3,7,3317,0,3327,G
5-NP,568,2,3,3398,0,3403,G
5-NP,569,0,3352,0,0,3352,T
5-NP,570,0,9,3357,0,3366,G
5-NP,571,3357,2,2,0,3361,A
5-NP,572,1,3350,0,2,3353,T
5-NP,573,3,6,3347,0,3356,G
5-NP,574,0,14,3370,0,3384,G
5-NP,575,3366,0,6,2,3374,A
5-NP,576,3368,0,1,0,3369,A
5-NP,577,3,1,0,3360,3364,C
5-NP,578,0,3266,0,0,3266,T
5-NP,579,0,3,3433,0,3436,G
5-NP,580,3426,2,2,11,3441,A
5-NP,581,1,3441,1,0,3443,T
5-NP,582,18,1,1,3432,3452,C
5-NP,583,3403,1,0,0,3404,A
5-NP,584,0,10,3478,0,3488,G
5-NP,585,3467,0,2,1,3470,A
5-NP,586,3476,0,0,1,3477,A
5-NP,587,2,3470,1,0,3473,T
5-NP,588,2,6,3409,0,3417,G
5-NP,589,1,5,3463,0,3469,G
5-NP,590,1,3463,0,7,3471,T
5-NP,591,10,3,0,3455,3468,C
5-NP,592,3458,0,1,0,3459,A
5-NP,593,3444,0,2,0,3446,A
5-NP,594,3444,0,2,0,3446,A
5-NP,595,0,3,0,3450,3453,C
5-NP,596,1,4,3437,1,3443,G
5-NP,597,1,1,3452,0,3454,G
5-NP,598,1,7,3414,0,3422,G
5-NP,599,1,6,3422,0,3429,G
5-NP,600,3,4,3430,0,3437,G
5-NP,601,3441,2,3,0,3446,A
5-NP,602,1,3409,0,2,3412,T
5-NP,603,10,1,0,3397,3408,C
5-NP,604,3409,1,3,0,3413,A
5-NP,605,3412,1,1,0,3414,A
5-NP,606,0,0,0,3388,3388,C
5-NP,607,1,6,3357,0,3364,G
5-NP,608,3358,1,2,0,3361,A
5-NP,609,0,3353,0,1,3354,T
5-NP,610,11,1,0,3341,3353,C
5-NP,611,3,2,3354,0,3359,G
5-NP,612,3355,2,1,1,3359,A
5-NP,613,3353,0,1,0,3354,A
5-NP,614,3356,2,0,1,3359,A
5-NP,615,0,3386,0,0,3386,T
5-NP,616,2,3387,0,0,3389,T
5-NP,617,0,3385,0,1,3386,T
5-NP,618,0,3397,0,1,3398,T
5-NP,619,0,3403,0,3,3406,T
5-NP,620,2,2,3403,0,3407,G
5-NP,621,1,7,3396,2,3406,G
5-NP,622,3375,2,4,0,3381,A
5-NP,623,0,2,3417,0,3419,G
5-NP,624,3355,0,1,1,3357,A
5-NP,625,0,3,3543,0,3546,G
5-NP,626,0,9,3557,0,3566,G
5-NP,627,1,3558,1,4,3564,T
5-NP,628,1,12,3560,0,3573,G
5-NP,629,3567,1,5,1,3574,A
5-NP,630,2,14,3572,0,3588,G
5-NP,631,3566,0,7,0,3573,A
5-NP,632,3570,1,0,0,3571,A
5-NP,633,0,3554,2,0,3556,T
5-NP,634,0,3,3436,0,3439,G
5-NP,635,3,6,3396,0,3405,G
5-NP,636,0,3,3425,0,3428,G
5-NP,637,4,3,0,3406,3413,C
5-NP,638,3,9,3406,0,3418,G
5-NP,639,2,6,3435,1,3444,G
5-NP,640,3427,0,5,0,3432,A
5-NP,641,3435,0,1,1,3437,A
5-NP,642,3496,0,2,0,3498,A
5-NP,643,3509,2,1,0,3512,A
5-NP,644,2,0,0,3527,3529,C
5-NP,645,3512,0,0,1,3513,A
5-NP,646,3517,1,0,0,3518,A
5-NP,647,0,0,3520,0,3520,G
5-NP,648,3423,0,0,0,3423,A
5-NP,649,3445,0,3,0,3448,A
5-NP,650,0,1,3550,0,3551,G
5-NP,651,0,3551,1,0,3552,T
5-NP,652,1,3,3705,0,3709,G
5-NP,653,4,0,0,3674,3678,C
5-NP,654,0,3687,0,3,3690,T
5-NP,655,0,3700,2,0,3702,T
5-NP,656,3751,0,3,0,3754,A
5-NP,657,0,3765,0,1,3766,T
5-NP,658,1,8,3772,0,3781,G
5-NP,659,3687,1,3,1,3692,A
5-NP,660,1,9,3695,0,3705,G
5-NP,661,3490,0,5,0,3495,A
5-NP,662,0,5,3511,1,3517,G
5-NP,663,3507,0,2,0,3509,A
5-NP,664,3563,1,1,0,3565,A
5-NP,665,0,3543,0,0,3543,T
5-NP,666,1,0,3591,0,3592,G
5-NP,667,3,3565,0,3,3571,T
5-NP,668,2,1,3579,0,3582,G
5-NP,669,1,0,1,3579,3581,C
5-NP,670,3560,0,1,0,3561,A
5-NP,671,3565,0,3,0,3568,A
5-NP,672,2,1,0,3552,3555,C
5-NP,673,3511,0,0,0,3511,A
5-NP,674,0,3523,1,0,3524,T
5-NP,675,0,3459,0,2,3461,T
5-NP,676,4,0,0,3489,3493,C
5-NP,677,0,3469,0,1,3470,T
5-NP,678,3,3473,0,1,3477,T
5-NP,679,3481,1,0,0,3482,A
5-NP,680,3456,0,0,1,3457,A
5-NP,681,3450,0,4,0,3454,A
5-NP,682,0,0,3459,0,3459,G
5-NP,683,0,8,3441,0,3449,G
5-NP,684,3442,0,0,0,3442,A
5-NP,685,3434,1,0,0,3435,A
5-NP,686,3428,0,1,1,3430,A
5-NP,687,3483,1,1,0,3485,A
5-NP,688,0,3393,0,87,3480,T
5-NP,689,2,3479,0,0,3481,T
5-NP,690,0,3498,0,2,3500,T
5-NP,691,10,0,0,3495,3505,C
5-NP,692,3497,0,2,1,3500,A
5-NP,693,3499,0,1,0,3500,A
5-NP,694,3493,0,2,0,3495,A
5-NP,695,2,2,0,3534,3538,C
5-NP,696,3466,1,3,0,3470,A
5-NP,697,0,0,3554,0,3554,G
5-NP,698,1,0,0,3555,3556,C
5-NP,699,0,3545,0,5,3550,T
5-NP,700,0,2,3613,1,3616,G
5-NP,701,3,2,0,3605,3610,C
5-NP,702,3634,1,8,2,3645,A
5-NP,703,5,0,0,3643,3648,C
5-NP,704,3615,1,1,0,3617,A
5-NP,705,3627,1,2,0,3630,A
5-NP,706,3525,0,2,0,3527,A
5-NP,707,2,8,3669,0,3679,G
5-NP,708,3653,0,7,0,3660,A
5-NP,709,1,1,3680,0,3682,G
5-NP,710,2,0,0,3660,3662,C
5-NP,711,3653,0,0,0,3653,A
5-NP,712,3774,1,2,0,3777,A
5-NP,713,1,3763,0,2,3766,T
5-NP,714,2,11,3779,0,3792,G
5-NP,715,1,4,3796,0,3801,G
5-NP,716,0,3698,0,1,3699,T
5-NP,717,6,8,3675,0,3689,G
5-NP,718,0,4,3710,0,3714,G
5-NP,719,3701,0,1,1,3703,A
5-NP,720,1,3696,0,2,3699,T
5-NP,721,8,2,1,3606,3617,C
5-NP,722,3623,0,1,0,3624,A
5-NP,723,3652,1,2,0,3655,A
5-NP,724,0,0,3667,0,3667,G
5-NP,725,0,3649,0,2,3651,T
5-NP,726,0,17,3628,0,3645,G
5-NP,727,3572,1,6,0,3579,A
5-NP,728,1,7,3596,1,3605,G
5-NP,729,3590,0,4,0,3594,A
5-NP,730,1,9,3585,0,3595,G
5-NP,731,3565,1,3,0,3569,A
5-NP,732,3518,2,1,0,3521,A
5-NP,733,3521,0,5,0,3526,A
5-NP,734,2,1,3550,0,3553,G
5-NP,735,2,3532,0,3,3537,T
5-NP,736,17,1,0,3517,3535,C
5-NP,737,3,9,3508,0,3520,G
5-NP,738,4,8,3527,0,3539,G
5-NP,739,3538,0,1,3,3542,A
5-NP,740,3550,0,2,0,3552,A
5-NP,741,3,2,0,3559,3564,C
5-NP,742,7,2,2,3520,3531,C
5-NP,743,10,1,0,3533,3544,C
5-NP,744,3531,1,4,0,3536,A
5-NP,745,0,4,3551,0,3555,G
5-NP,746,0,10,3549,0,3559,G
5-NP,747,3545,0,0,1,3546,A
5-NP,748,3542,0,2,1,3545,A
5-NP,749,3531,0,4,0,3535,A
5-NP,750,1,4,0,3527,3532,C
5-NP,751,2,2,3519,1,3524,G
5-NP,752,3,2,0,3514,3519,C
5-NP,753,1,3505,1,1,3508,T
5-NP,754,0,11,3500,0,3511,G
5-NP,755,3489,1,3,1,3494,A
5-NP,756,0,6,3550,0,3556,G
5-NP,757,3553,1,1,0,3555,A
5-NP,758,0,3554,1,1,3556,T
5-NP,759,10,4,0,3487,3501,C
5-NP,760,0,5,3504,0,3509,G
5-NP,761,3510,1,1,0,3512,A
5-NP,762,3505,0,2,1,3508,A
5-NP,763,1,2,3531,0,3534,G
5-NP,764,3533,0,2,0,3535,A
5-NP,765,1,3486,2,2,3491,T
5-NP,766,4,0,0,3504,3508,C
5-NP,767,0,3499,1,3,3503,T
5-NP,768,11,1,0,3511,3523,C
5-NP,769,3533,1,2,0,3536,A
5-NP,770,1,3530,1,1,3533,T
5-NP,771,3544,1,0,0,3545,A
5-NP,772,0,3524,1,0,3525,T
5-NP,773,1,3500,0,2,3503,T
5-NP,774,0,3488,0,1,3489,T
5-NP,775,1,3458,0,1,3460,T
5-NP,776,0,3463,1,1,3465,T
5-NP,777,3469,0,3,0,3472,A
5-NP,778,0,2,3469,1,3472,G
5-NP,779,0,0,0,3461,3461,C
5-NP,780,3454,1,1,0,3456,A
5-NP,781,3449,2,1,0,3452,A
5-NP,782,1,12,3552,0,3565,G
5-NP,783,3565,0,1,0,3566,A
5-NP,784,0,3571,0,0,3571,T
5-NP,785,4,0,0,3590,3594,C
5-NP,786,1,3585,1,1,3588,T
5-NP,787,1,1,3710,0,3712,G
5-NP,788,2,3,1,3713,3719,C
5-NP,789,3718,1,1,0,3720,A
5-NP,790,0,3763,0,0,3763,T
5-NP,791,1,3639,0,1,3641,T
5-NP,792,1,11,3886,1,3899,G
5-NP,793,3960,0,2,0,3962,A
5-NP,794,0,3954,0,0,3954,T
5-NP,795,3974,0,0,0,3974,A
5-NP,796,3,3879,1,1,3884,T
5-NP,797,0,3859,1,2,3862,T
5-NP,798,1,22,3865,0,3888,G
5-NP,799,3834,0,3,0,3837,A
5-NP,800,0,7,3853,0,3860,G
5-NP,801,3634,1,8,0,3643,A
5-NP,802,2,3,3573,0,3578,G
5-NP,803,1,10,3622,0,3633,G
5-NP,804,3614,2,1,0,3617,A
5-NP,805,1,3604,2,1,3608,T
5-NP,806,9,1,0,3618,3628,C
5-NP,807,3597,1,3,0,3601,A
5-NP,808,0,3,3624,0,3627,G
5-NP,809,0,3581,1,4,3586,T
5-NP,810,1,3579,0,1,3581,T
5-NP,811,2,2,3577,0,3581,G
5-NP,812,5,1,0,3540,3546,C
5-NP,813,0,3538,1,4,3543,T
5-NP,814,19,0,0,3540,3559,C
5-NP,815,3563,1,0,0,3564,A
5-NP,816,2,2,0,3573,3577,C
5-NP,817,3570,0,0,0,3570,A
5-NP,818,3593,1,1,1,3596,A
5-NP,819,3590,0,2,0,3592,A
5-NP,820,0,3575,0,0,3575,T
5-NP,821,11,0,0,3567,3578,C
5-NP,822,0,3566,0,1,3567,T
5-NP,823,1,3560,0,3,3564,T
5-NP,824,0,1,3576,0,3577,G
5-NP,825,2,3,0,3571,3576,C
5-NP,826,8,1,0,3610,3619,C
5-NP,827,0,3613,0,2,3615,T
5-NP,828,3639,2,0,0,3641,A
5-NP,829,9,1,0,3622,3632,C
5-NP,830,7,1,0,3627,3635,C
5-NP,831,1,3623,0,4,3628,T
5-NP,832,2,2,3676,0,3680,G
5-NP,833,3,1,0,3653,3657,C
5-NP,834,6,0,0,3664,3670,C
5-NP,835,0,3610,0,0,3610,T
5-NP,836,0,1,3718,0,3719,G
5-NP,837,1,3685,0,3,3689,T
5-NP,838,0,1,3740,0,3741,G
5-NP,839,11,5,0,3753,3769,C
5-NP,840,4,3,3819,0,3826,G
5-NP,841,0,3770,0,2,3772,T
5-NP,842,3759,2,2,0,3763,A
5-NP,843,0,3764,0,2,3766,T
5-NP,844,0,13,3751,0,3764,G
5-NP,845,1,18,3894,1,3914,G
5-NP,846,3901,0,2,0,3903,A
5-NP,847,4,0,1,3822,3827,C
5-NP,848,8,0,0,3795,3803,C
5-NP,849,1,3727,0,4,3732,T
5-NP,850,1,2,3919,0,3922,G
5-NP,851,3,2,1,3917,3923,C
5-NP,852,3925,1,5,0,3931,A
5-NP,853,2,2,3992,0,3996,G
5-NP,854,2,3813,0,1,3816,T
5-NP,855,3958,2,0,0,3960,A
5-NP,856,0,3943,0,2,3945,T
5-NP,857,9,1,0,3910,3920,C
5-NP,858,7,2,1,3921,3931,C
5-NP,859,3744,0,1,0,3745,A
5-NP,860,1,2,3757,0,3760,G
5-NP,861,1,3738,0,2,3741,T
5-NP,862,2,6,3778,0,3786,G
5-NP,863,1,9,3761,0,3771,G
5-NP,864,1,3,3696,1,3701,G
5-NP,865,0,3695,0,4,3699,T
5-NP,866,3683,0,1,0,3684,A
5-NP,867,2,1,0,3681,3684,C
5-NP,868,1,19,3641,0,3661,G
5-NP,869,3653,1,3,0,3657,A
5-NP,870,3,0,0,3659,3662,C
5-NP,871,0,3557,1,1,3559,T
5-NP,872,0,3554,0,0,3554,T
5-NP,873,7,0,1,3542,3550,C
5-NP,874,2,4,3554,0,3560,G
5-NP,875,3562,1,0,0,3563,A
5-NP,876,3558,0,3,1,3562,A
5-NP,877,3569,0,0,0,3569,A
5-NP,878,3570,0,2,0,3572,A
5-NP,879,3550,2,7,1,3560,A
5-NP,880,2,5,3569,0,3576,G
5-NP,881,3562,0,5,0,3567,A
5-NP,882,1,3,3587,0,3591,G
5-NP,883,1,5,3609,0,3615,G
5-NP,884,0,10,3616,1,3627,G
5-NP,885,3625,1,4,0,3630,A
5-NP,886,0,3620,0,2,3622,T
5-NP,887,3641,0,1,0,3642,A
5-NP,888,0,3644,0,1,3645,T
5-NP,889,0,3647,1,2,3650,T
5-NP,890,10,0,0,3668,3678,C
5-NP,891,9,0,0,3633,3642,C
5-NP,892,0,3587,0,0,3587,T
5-NP,893,1,3580,0,2,3583,T
5-NP,894,0,17,3609,0,3626,G
5-NP,895,2,2,3646,0,3650,G
5-NP,896,2,3623,0,0,3625,T
5-NP,897,0,7,3599,0,3606,G
5-NP,898,1,10,3588,0,3599,G
5-NP,899,2,12,3779,0,3793,G
5-NP,900,3794,1,2,0,3797,A
5-NP,901,3803,0,0,0,3803,A
5-NP,902,0,3803,0,1,3804,T
5-NP,903,3748,0,4,0,3752,A
5-NP,904,2,8,3748,0,3758,G
5-NP,905,3723,1,3,0,3727,A
5-NP,906,5,2,0,3710,3717,C
5-NP,907,8,0,0,3681,3689,C
5-NP,908,3,0,0,3551,3554,C
5-NP,909,1,3561,0,10,3572,T
5-NP,910,1,3582,0,1,3584,T
5-NP,911,1,3592,0,4,3597,T
5-NP,912,3,0,0,3590,3593,C
5-NP,913,3575,0,1,0,3576,A
5-NP,914,3566,1,1,0,3568,A
5-NP,915,3558,0,2,0,3560,A
5-NP,916,5,0,0,3562,3567,C
5-NP,917,2,3451,0,1,3454,T
5-NP,918,3432,0,0,0,3432,A
5-NP,919,3,0,0,3464,3467,C
5-NP,920,0,3451,0,1,3452,T
5-NP,921,0,3455,0,0,3455,T
5-NP,922,8,1,0,3450,3459,C
5-NP,923,3447,1,0,0,3448,A
5-NP,924,3445,0,0,0,3445,A
5-NP,925,3438,1,0,0,3439,A
5-NP,926,3442,0,0,0,3442,A
5-NP,927,0,3409,0,1,3410,T
5-NP,928,3343,0,1,0,3344,A
5-NP,929,0,2,3386,0,3388,G
5-NP,930,5,2,0,3407,3414,C
5-NP,931,6,3,0,3443,3452,C
5-NP,932,3455,1,2,0,3458,A
5-NP,933,3462,0,0,0,3462,A
5-NP,934,3588,0,1,0,3589,A
5-NP,935,1,3596,0,0,3597,T
5-NP,936,3615,0,1,0,3616,A
5-NP,937,0,3615,0,2,3617,T
5-NP,938,3550,0,1,0,3551,A
5-NP,939,1,1,0,3555,3557,C
5-NP,940,3421,0,1,1,3423,A
5-NP,941,2,3,3500,0,3505,G
5-NP,942,0,0,0,3492,3492,C
5-NP,943,0,3362,0,1,3363,T
5-NP,944,0,3389,1,0,3390,T
5-NP,945,3415,0,1,0,3416,A
5-NP,946,3417,1,0,0,3418,A
5-NP,947,1,3415,0,2,3418,T
5-NP,948,5,3,0,3401,3409,C
5-NP,949,3280,0,3,0,3283,A
5-NP,950,0,9,3311,0,3320,G
5-NP,951,3315,2,2,0,3319,A
5-NP,952,1,2,0,3336,3339,C
5-NP,953,6,1,0,3291,3298,C
5-NP,954,0,3251,0,1,3252,T
5-NP,955,3299,0,1,0,3300,A
5-NP,956,3296,1,1,0,3298,A
5-NP,957,2,1,1,3311,3315,C
5-NP,958,1,9,3298,0,3308,G
5-NP,959,3236,2,1,0,3239,A
5-NP,960,0,10,3239,0,3249,G
5-NP,961,3204,0,2,0,3206,A
5-NP,962,3235,0,3,0,3238,A
5-NP,963,0,3233,0,2,3235,T
5-NP,964,8,0,1,3187,3196,C
5-NP,965,4,3,0,3197,3204,C
5-NP,966,3171,0,3,0,3174,A
5-NP,967,2,1,3194,0,3197,G
5-NP,968,2,2,0,3197,3201,C
5-NP,969,3219,0,1,0,3220,A
5-NP,970,1,1,0,3229,3231,C
5-NP,971,3180,0,2,0,3182,A
5-NP,972,2,4,0,3176,3182,C
5-NP,973,3164,0,0,0,3164,A
5-NP,974,3190,0,1,0,3191,A
5-NP,975,1,12,3198,0,3211,G
5-NP,976,3155,0,7,0,3162,A
5-NP,977,0,0,3187,0,3187,G
5-NP,978,0,3102,0,3,3105,T
5-NP,979,11,0,0,3092,3103,C
5-NP,980,3094,0,5,0,3099,A
5-NP,981,0,1,3095,0,3096,G
5-NP,982,1,0,0,3098,3099,C
5-NP,983,1,3057,0,4,3062,T
5-NP,984,1,5,3094,1,3101,G
5-NP,985,0,5,3097,0,3102,G
5-NP,986,3,3075,0,0,3078,T
5-NP,987,1,2,3096,0,3099,G
5-NP,988,0,3054,0,2,3056,T
5-NP,989,1,10,3038,0,3049,G
5-NP,990,1,8,3026,0,3035,G
5-NP,991,3018,0,1,0,3019,A
5-NP,992,0,3023,0,1,3024,T
5-NP,993,4,11,2840,1,2856,G
5-NP,994,2,4,2827,0,2833,G
5-NP,995,0,0,0,2821,2821,C
5-NP,996,2779,1,2,0,2782,A
5-NP,997,0,2776,3,2,2781,T
5-NP,998,1,0,2768,0,2769,G
5-NP,999,2,3,0,2789,2794,C
5-NP,1000,11,1,0,2775,2787,C
5-NP,1001,2797,0,1,0,2798,A
5-NP,1002,0,2778,0,3,2781,T
5-NP,1003,0,2733,0,3,2736,T
5-NP,1004,12,0,1,2738,2751,C
5-NP,1005,1,2704,0,0,2705,T
5-NP,1006,4,2,2699,0,2705,G
5-NP,1007,0,1,1,2700,2702,C
5-NP,1008,0,2573,0,3,2576,T
5-NP,1009,3,0,2588,0,2591,G
5-NP,1010,4,0,0,2516,2520,C
5-NP,1011,2515,0,1,0,2516,A
5-NP,1012,0,2515,0,0,2515,T
5-NP,1013,0,2478,0,2,2480,T
5-NP,1014,0,2478,1,1,2480,T
5-NP,1015,0,6,2474,0,2480,G
5-NP,1016,2481,0,0,0,2481,A
5-NP,1017,2478,1,1,0,2480,A
5-NP,1018,0,5,2497,0,2502,G
5-NP,1019,2497,1,1,0,2499,A
5-NP,1020,2,2480,0,2,2484,T
5-NP,1021,1,2477,1,0,2479,T
5-NP,1022,0,2481,0,0,2481,T
5-NP,1023,2482,0,2,0,2484,A
5-NP,1024,2477,0,1,0,2478,A
5-NP,1025,1,5,2478,0,2484,G
5-NP,1026,2482,0,1,0,2483,A
5-NP,1027,0,2483,0,1,2484,T
5-NP,1028,0,2419,0,1,2420,T
5-NP,1029,0,4,2434,0,2438,G
5-NP,1030,0,2428,0,1,2429,T
5-NP,1031,1,2432,0,1,2434,T
5-NP,1032,2430,0,2,1,2433,A
5-NP,1033,2437,0,3,0,2440,A
5-NP,1034,0,1,2452,0,2453,G
5-NP,1035,2,0,0,2458,2460,C
5-NP,1036,0,2405,0,3,2408,T
5-NP,1037,0,2428,0,0,2428,T
5-NP,1038,6,1,0,2426,2433,C
5-NP,1039,2425,0,3,0,2428,A
5-NP,1040,1,2421,0,2,2424,T
5-NP,1041,3,0,0,2429,2432,C
5-NP,1042,2390,0,2,0,2392,A
5-NP,1043,0,1,2390,1,2392,G
5-NP,1044,2351,0,2,0,2353,A
5-NP,1045,0,4,2352,1,2357,G
5-NP,1046,1,12,2346,0,2359,G
5-NP,1047,0,8,2339,0,2347,G
5-NP,1048,2346,1,6,0,2353,A
5-NP,1049,0,1,0,2349,2350,C
5-NP,1050,2338,0,0,0,2338,A
5-NP,1051,2339,0,2,1,2342,A
5-NP,1052,2348,0,3,0,2351,A
5-NP,1053,2363,0,2,0,2365,A
5-NP,1054,1,3,2379,0,2383,G
5-NP,1055,0,2308,1,0,2309,T
5-NP,1056,2284,1,0,0,2285,A
5-NP,1057,1,2271,0,3,2275,T
5-NP,1058,5,0,0,2281,2286,C
5-NP,1059,0,2262,0,1,2263,T
5-NP,1060,11,0,0,2281,2292,C
5-NP,1061,2,0,0,2266,2268,C
5-NP,1062,0,2257,0,0,2257,T
5-NP,1063,0,1,0,2253,2254,C
5-NP,1064,0,5,2241,0,2246,G
5-NP,1065,1,2,2253,1,2257,G
5-NP,1066,1,9,2250,1,2261,G
5-NP,1067,3,3,2242,0,2248,G
5-NP,1068,2,3,2244,1,2250,G
5-NP,1069,2205,0,1,0,2206,A
5-NP,1070,2210,1,0,0,2211,A
5-NP,1071,2212,0,2,0,2214,A
5-NP,1072,5,0,0,2229,2234,C
5-NP,1073,0,2214,0,0,2214,T
5-NP,1074,1,0,2249,0,2250,G
5-NP,1075,1,2231,1,2,2235,T
5-NP,1076,14,2,0,2224,2240,C
5-NP,1077,2273,0,3,0,2276,A
5-NP,1078,2293,1,3,0,2297,A
5-NP,1079,0,1,0,2310,2311,C
5-NP,1080,0,2301,0,0,2301,T
5-NP,1081,2255,0,2,1,2258,A
5-NP,1082,0,5,2263,0,2268,G
5-NP,1083,2234,1,2,0,2237,A
5-NP,1084,0,6,2233,0,2239,G
5-NP,1085,0,9,2229,0,2238,G
5-NP,1086,2131,0,1,0,2132,A
5-NP,1087,1,0,2192,0,2193,G
5-NP,1088,2,2167,0,1,2170,T
5-NP,1089,2164,0,1,0,2165,A
5-NP,1090,2,0,0,2164,2166,C
5-NP,1091,2142,0,0,0,2142,A
5-NP,1092,2140,0,1,0,2141,A
5-NP,1093,2120,1,1,0,2122,A
5-NP,1094,0,2106,0,1,2107,T
5-NP,1095,0,2094,0,0,2094,T
5-NP,1096,0,4,2035,0,2039,G
5-NP,1097,1,0,0,2010,2011,C
5-NP,1098,0,2009,1,0,2010,T
5-NP,1099,0,2006,1,2,2009,T
5-NP,1100,7,0,0,2008,2015,C
5-NP,1101,2012,0,1,0,2013,A
5-NP,1102,2017,1,0,1,2019,A
5-NP,1103,2015,1,0,1,2017,A
5-NP,1104,1,2015,0,1,2017,T
5-NP,1105,0,7,2007,0,2014,G
5-NP,1106,1979,0,3,0,1982,A
5-NP,1107,0,6,1992,0,1998,G
5-NP,1108,2001,0,1,0,2002,A
5-NP,1109,2004,0,1,0,2005,A
5-NP,1110,0,0,0,2010,2010,C
5-NP,1111,1987,0,1,1,1989,A
5-NP,1112,1,1985,1,1,1988,T
5-NP,1113,0,3,2006,1,2010,G
5-NP,1114,0,2,2014,0,2016,G
5-NP,1115,2011,0,3,0,2014,A
5-NP,1116,0,1988,0,1,1989,T
5-NP,1117,1966,0,0,0,1966,A
5-NP,1118,2078,1,0,0,2079,A
5-NP,1119,0,2030,0,1,2031,T
5-NP,1120,2007,1,1,0,2009,A
5-NP,1121,0,2001,0,2,2003,T
5-NP,1122,3,8,1857,0,1868,G
5-NP,1123,0,1,1822,0,1823,G
5-NP,1124,3,4,1811,0,1818,G
5-NP,1125,1810,1,0,0,1811,A
5-NP,1126,0,1806,1,0,1807,T
5-NP,1127,3,1,0,1459,1463,C
5-NP,1128,0,8,1452,0,1460,G
5-NP,1129,1456,0,1,0,1457,A
5-NP,1130,1,1,1457,0,1459,G
5-NP,1131,0,0,0,1453,1453,C
5-NP,1132,1432,0,1,0,1433,A
5-NP,1133,0,0,0,1502,1502,C
5-NP,1134,0,1478,0,0,1478,T
5-NP,1135,6,2,1,1480,1489,C
5-NP,1136,0,1478,0,5,1483,T
5-NP,1137,0,1462,0,2,1464,T
5-NP,1138,0,6,1459,0,1465,G
5-NP,1139,1460,0,1,0,1461,A
5-NP,1140,1465,0,0,0,1465,A
5-NP,1141,0,0,0,1463,1463,C
5-NP,1142,0,1163,0,0,1163,T
5-NP,1143,0,2,1171,0,1173,G
5-NP,1144,1139,0,4,0,1143,A
5-NP,1145,0,1,1146,0,1147,G
5-NP,1146,1145,0,1,1,1147,A
5-NP,1147,1142,1,0,0,1143,A
5-NP,1148,0,2,1147,0,1149,G
5-NP,1149,2,0,0,1128,1130,C
5-NP,1150,4,1,1126,0,1131,G
5-NP,1151,0,3,1136,0,1139,G
5-NP,1152,0,2,1132,0,1134,G
5-NP,1153,0,1129,0,0,1129,T
5-NP,1154,1106,0,0,0,1106,A
5-NP,1155,0,0,0,1105,1105,C
5-NP,1156,0,955,0,0,955,T
5-NP,1157,0,1,962,0,963,G
5-NP,1158,1,1,948,0,950,G
5-NP,1159,0,2,944,0,946,G
5-NP,1160,1,0,0,939,940,C
5-NP,1161,3,0,0,889,892,C
5-NP,1162,899,0,1,0,900,A
5-NP,1163,0,902,0,0,902,T
5-NP,1164,901,0,0,0,901,A
5-NP,1165,903,1,0,0,904,A
5-NP,1166,1,1,895,0,897,G
5-NP,1167,0,2,918,0,920,G
5-NP,1168,906,0,1,1,908,A
5-NP,1169,1,0,0,905,906,C
5-NP,1170,4,0,0,901,905,C
5-NP,1171,901,0,0,0,901,A
5-NP,1172,0,1,924,0,925,G
5-NP,1173,1,2,928,0,931,G
5-NP,1174,927,0,0,0,927,A
5-NP,1175,1,1,927,0,929,G
5-NP,1176,0,887,0,0,887,T
5-NP,1177,0,1,890,0,891,G
5-NP,1178,0,0,898,0,898,G
5-NP,1179,900,0,1,0,901,A
5-NP,1180,0,0,901,0,901,G
5-NP,1181,2,6,876,0,884,G
5-NP,1182,879,0,0,0,879,A
5-NP,1183,872,0,0,1,873,A
5-NP,1184,880,0,1,0,881,A
5-NP,1185,0,0,0,888,888,C
5-NP,1186,890,0,0,0,890,A
5-NP,1187,1,1,0,905,907,C
5-NP,1188,0,890,0,0,890,T
5-NP,1189,901,0,0,0,901,A
5-NP,1190,902,0,0,0,902,A
5-NP,1191,0,901,0,1,902,T
5-NP,1192,1,0,0,909,910,C
5-NP,1193,900,0,1,0,901,A
5-NP,1194,912,0,1,0,913,A
5-NP,1195,0,0,0,913,913,C
5-NP,1196,895,0,0,0,895,A
5-NP,1197,0,1,896,0,897,G
5-NP,1198,867,0,0,0,867,A
5-NP,1199,0,3,869,0,872,G
5-NP,1200,0,1,873,0,874,G
5-NP,1201,1,0,870,0,871,G
5-NP,1202,0,0,0,872,872,C
5-NP,1203,0,0,0,860,860,C
5-NP,1204,1,845,0,2,848,T
5-NP,1205,1,0,0,851,852,C
5-NP,1206,1,1,0,855,857,C
5-NP,1207,1,0,854,0,855,G
5-NP,1208,0,0,0,855,855,C
5-NP,1209,845,1,1,0,847,A
5-NP,1210,0,0,893,0,893,G
5-NP,1211,0,0,892,0,892,G
5-NP,1212,0,0,0,895,895,C
5-NP,1213,1,0,0,895,896,C
5-NP,1214,886,0,0,0,886,A
5-NP,1215,888,0,1,0,889,A
5-NP,1216,892,0,0,0,892,A
5-NP,1217,1,0,0,895,896,C
5-NP,1218,2,1,0,894,897,C
5-NP,1219,841,0,0,0,841,A
5-NP,1220,1,1,855,0,857,G
5-NP,1221,0,849,0,0,849,T
5-NP,1222,0,0,857,1,858,G
5-NP,1223,0,852,0,2,854,T
5-NP,1224,1,0,850,0,851,G
5-NP,1225,1,0,0,854,855,C
5-NP,1226,848,0,1,0,849,A
5-NP,1227,860,0,0,0,860,A
5-NP,1228,1,1,0,858,860,C
5-NP,1229,1,0,0,863,864,C
5-NP,1230,1,857,0,0,858,T
5-NP,1231,854,0,0,0,854,A
5-NP,1232,0,0,0,854,854,C
5-NP,1233,1,0,849,0,850,G
5-NP,1234,0,844,1,0,845,T
5-NP,1235,0,849,0,0,849,T
5-NP,1236,0,833,0,0,833,T
5-NP,1237,0,822,0,0,822,T
5-NP,1238,2,0,0,825,827,C
5-NP,1239,0,805,0,0,805,T
5-NP,1240,0,1,830,0,831,G
5-NP,1241,0,827,0,0,827,T
5-NP,1242,828,0,1,0,829,A
5-NP,1243,1,1,0,833,835,C
5-NP,1244,822,0,0,1,823,A
5-NP,1245,821,0,0,0,821,A
5-NP,1246,819,0,1,0,820,A
5-NP,1247,0,0,827,0,827,G
5-NP,1248,822,0,0,0,822,A
5-NP,1249,789,0,0,0,789,A
5-NP,1250,787,0,1,0,788,A
5-NP,1251,2,0,0,789,791,C
5-NP,1252,1,0,0,779,780,C
5-NP,1253,0,771,0,2,773,T
5-NP,1254,2,0,0,780,782,C
5-NP,1255,2,1,0,777,780,C
5-NP,1256,2,0,0,772,774,C
5-NP,1257,0,767,0,1,768,T
5-NP,1258,0,781,1,0,782,T
5-NP,1259,1,778,0,0,779,T
5-NP,1260,0,782,0,0,782,T
5-NP,1261,0,2,778,0,780,G
5-NP,1262,778,1,0,0,779,A
5-NP,1263,778,0,1,0,779,A
5-NP,1264,777,0,0,0,777,A
5-NP,1265,770,0,0,0,770,A
5-NP,1266,0,0,776,0,776,G
5-NP,1267,0,773,0,0,773,T
5-NP,1268,6,2,0,765,773,C
5-NP,1269,772,0,0,0,772,A
5-NP,1270,774,0,1,0,775,A
5-NP,1271,1,2,0,778,781,C
5-NP,1272,5,0,1,782,788,C
5-NP,1273,789,0,0,0,789,A
5-NP,1274,0,791,0,0,791,T
5-NP,1275,1,0,0,780,781,C
5-NP,1276,769,1,1,0,771,A
5-NP,1277,0,778,0,1,779,T
5-NP,1278,0,0,779,0,779,G
5-NP,1279,0,0,773,0,773,G
5-NP,1280,0,0,0,768,768,C
5-NP,1281,757,0,0,0,757,A
5-NP,1282,0,0,754,0,754,G
5-NP,1283,1,0,0,745,746,C
5-NP,1284,751,0,0,0,751,A
5-NP,1285,0,750,0,0,750,T
5-NP,1286,0,748,1,0,749,T
5-NP,1287,4,0,0,749,753,C
5-NP,1288,747,0,0,0,747,A
5-NP,1289,0,0,0,759,759,C
5-NP,1290,0,755,0,1,756,T
5-NP,1291,0,0,768,0,768,G
5-NP,1292,1,2,771,0,774,G
5-NP,1293,772,0,1,0,773,A
5-NP,1294,775,0,0,0,775,A
5-NP,1295,776,0,1,0,777,A
5-NP,1296,0,774,1,1,776,T
5-NP,1297,775,0,1,0,776,A
5-NP,1298,0,1,0,771,772,C
5-NP,1299,0,1,763,0,764,G
5-NP,1300,0,1,765,0,766,G
5-NP,1301,750,0,0,0,750,A
5-NP,1302,1,3,757,0,761,G
5-NP,1303,0,1,759,0,760,G
5-NP,1304,0,2,757,0,759,G
5-NP,1305,761,0,0,1,762,A
5-NP,1306,761,1,0,0,762,A
5-NP,1307,0,4,761,0,765,G
5-NP,1308,756,0,2,0,758,A
5-NP,1309,761,1,0,0,762,A
5-NP,1310,1,0,0,764,765,C
5-NP,1311,0,754,1,0,755,T
5-NP,1312,0,752,0,0,752,T
5-NP,1313,0,0,0,748,748,C
5-NP,1314,747,0,1,0,748,A
5-NP,1315,0,3,749,0,752,G
5-NP,1316,747,0,1,0,748,A
5-NP,1317,1,0,0,746,747,C
5-NP,1318,739,0,0,0,739,A
5-NP,1319,1,724,0,0,725,T
5-NP,1320,0,3,722,0,725,G
5-NP,1321,716,0,0,0,716,A
5-NP,1322,0,3,720,0,723,G
5-NP,1323,0,1,717,0,718,G
5-NP,1324,0,0,718,0,718,G
5-NP,1325,0,0,0,716,716,C
5-NP,1326,711,0,0,0,711,A
5-NP,1327,0,1,713,0,714,G
5-NP,1328,712,0,1,0,713,A
5-NP,1329,720,0,0,0,720,A
5-NP,1330,724,0,0,0,724,A
5-NP,1331,0,721,0,1,722,T
5-NP,1332,4,0,0,718,722,C
5-NP,1333,719,0,0,0,719,A
5-NP,1334,0,722,0,0,722,T
5-NP,1335,721,0,1,0,722,A
5-NP,1336,719,0,1,0,720,A
5-NP,1337,0,1,726,0,727,G
5-NP,1338,709,1,0,0,710,A
5-NP,1339,712,0,1,0,713,A
5-NP,1340,0,692,0,0,692,T
5-NP,1341,0,3,694,0,697,G
5-NP,1342,692,0,0,0,692,A
5-NP,1343,0,692,0,1,693,T
5-NP,1344,0,2,694,0,696,G
5-NP,1345,0,1,698,0,699,G
5-NP,1346,680,0,0,0,680,A
5-NP,1347,674,0,0,1,675,A
5-NP,1348,0,1,654,0,655,G
5-NP,1349,0,1,665,0,666,G
5-NP,1350,0,655,0,1,656,T
5-NP,1351,0,0,655,0,655,G
5-NP,1352,1,1,0,650,652,C
5-NP,1353,650,0,0,0,650,A
5-NP,1354,650,0,0,1,651,A
5-NP,1355,645,0,1,0,646,A
5-NP,1356,653,0,0,0,653,A
5-NP,1357,0,0,0,653,653,C
5-NP,1358,1,2,0,643,646,C
5-NP,1359,631,1,0,0,632,A
5-NP,1360,0,0,636,0,636,G
5-NP,1361,637,0,0,0,637,A
5-NP,1362,635,0,1,0,636,A
5-NP,1363,0,2,636,0,638,G
5-NP,1364,631,1,0,0,632,A
5-NP,1365,618,0,1,0,619,A
5-NP,1366,0,1,629,0,630,G
5-NP,1367,0,619,0,0,619,T
5-NP,1368,1,0,623,0,624,G
5-NP,1369,1,614,0,0,615,T
5-NP,1370,1,0,0,618,619,C
5-NP,1371,616,0,0,0,616,A
5-NP,1372,0,623,0,1,624,T
5-NP,1373,0,623,0,0,623,T
5-NP,1374,2,0,0,623,625,C
5-NP,1375,1,0,0,600,601,C
5-NP,1376,2,0,599,0,601,G
5-NP,1377,0,3,603,0,606,G
5-NP,1378,0,0,605,0,605,G
5-NP,1379,0,2,606,0,608,G
5-NP,1380,0,1,604,0,605,G
5-NP,1381,573,0,0,0,573,A
5-NP,1382,0,1,572,0,573,G
5-NP,1383,0,1,568,0,569,G
5-NP,1384,0,2,565,0,567,G
5-NP,1385,0,6,561,0,567,G
5-NP,1386,566,0,0,0,566,A
5-NP,1387,0,0,570,0,570,G
5-NP,1388,0,558,1,0,559,T
5-NP,1389,0,557,0,1,558,T
5-NP,1390,0,562,1,0,563,T
5-NP,1391,0,559,0,0,559,T
5-NP,1392,1,0,0,559,560,C
5-NP,1393,0,1,557,0,558,G
5-NP,1394,556,0,2,0,558,A
5-NP,1395,0,1,567,0,568,G
5-NP,1396,1,0,0,567,568,C
5-NP,1397,0,573,0,0,573,T
5-NP,1398,0,0,0,579,579,C
5-NP,1399,0,577,0,0,577,T
5-NP,1400,0,0,0,578,578,C
5-NP,1401,578,0,1,0,579,A
5-NP,1402,0,0,580,0,580,G
5-NP,1403,580,0,0,0,580,A
5-NP,1404,1,0,0,578,579,C
5-NP,1405,0,0,575,0,575,G
5-NP,1406,570,0,0,0,570,A
5-NP,1407,0,0,571,0,571,G
5-NP,1408,569,0,0,0,569,A
5-NP,1409,564,1,0,0,565,A
5-NP,1410,0,0,564,0,564,G
5-NP,1411,0,1,557,0,558,G
5-NP,1412,2,0,0,556,558,C
5-NP,1413,555,0,0,0,555,A
5-NP,1414,557,1,0,0,558,A
5-NP,1415,1,0,0,556,557,C
5-NP,1416,0,0,554,0,554,G
5-NP,1417,555,0,0,0,555,A
5-NP,1418,555,0,0,0,555,A
5-NP,1419,1,0,0,553,554,C
5-NP,1420,1,0,1,552,554,C
5-NP,1421,3,0,0,543,546,C
5-NP,1422,1,0,545,0,546,G
5-NP,1423,548,0,0,0,548,A
5-NP,1424,0,544,1,1,546,T
5-NP,1425,1,0,0,536,537,C
5-NP,1426,0,0,536,0,536,G
5-NP,1427,0,528,0,0,528,T
5-NP,1428,0,0,528,0,528,G
5-NP,1429,0,0,0,527,527,C
5-NP,1430,0,1,0,527,528,C
5-NP,1431,1,0,0,528,529,C
5-NP,1432,0,515,1,1,517,T
5-NP,1433,0,0,0,542,542,C
5-NP,1434,0,538,0,0,538,T
5-NP,1435,0,540,0,2,542,T
5-NP,1436,0,539,0,0,539,T
5-NP,1437,0,535,0,0,535,T
5-NP,1438,0,5,532,0,537,G
5-NP,1439,535,0,1,0,536,A
5-NP,1440,0,530,0,1,531,T
5-NP,1441,524,0,0,0,524,A
5-NP,1442,0,415,0,0,415,T
5-NP,1443,0,1,419,0,420,G
5-NP,1444,415,0,0,0,415,A
5-NP,1445,0,7,416,0,423,G
5-NP,1446,0,420,2,0,422,T
5-NP,1447,411,0,0,0,411,A
5-NP,1448,414,0,0,0,414,A
5-NP,1449,0,411,0,0,411,T
5-NP,1450,0,0,411,0,411,G
5-NP,1451,406,0,0,0,406,A
5-NP,1452,361,0,2,0,363,A
5-NP,1453,0,1,362,0,363,G
5-NP,1454,0,1,338,0,339,G
5-NP,1455,340,0,0,0,340,A
5-NP,1456,0,342,0,0,342,T
5-NP,1457,1,0,0,337,338,C
5-NP,1458,0,332,1,0,333,T
5-NP,1459,0,332,1,0,333,T
5-NP,1460,331,0,0,0,331,A
5-NP,1461,0,331,0,0,331,T
5-NP,1462,0,324,0,0,324,T
5-NP,1463,0,323,0,0,323,T
5-NP,1464,1,0,0,308,309,C
5-NP,1465,0,299,0,0,299,T
5-NP,1466,1,296,0,0,297,T
5-NP,1467,0,1,0,297,298,C
5-NP,1468,0,0,297,0,297,G
5-NP,1469,0,1,295,0,296,G
5-NP,1470,294,0,0,0,294,A
5-NP,1471,0,1,294,0,295,G
5-NP,1472,293,0,0,0,293,A
5-NP,1473,0,0,0,293,293,C
5-NP,1474,270,0,0,0,270,A
5-NP,1475,271,0,0,0,271,A
5-NP,1476,0,271,0,0,271,T
5-NP,1477,0,0,271,0,271,G
5-NP,1478,0,0,0,270,270,C
5-NP,1479,258,0,0,0,258,A
5-NP,1480,0,0,257,0,257,G
5-NP,1481,256,0,0,1,257,A
5-NP,1482,240,0,0,0,240,A
5-NP,1483,0,1,239,0,240,G
5-NP,1484,168,0,0,0,168,A
5-NP,1485,0,0,167,0,167,G
5-NP,1486,0,151,0,0,151,T
5-NP,1487,150,0,0,0,150,A
5-NP,1488,0,0,0,149,149,C
5-NP,1489,0,0,136,0,136,G
5-NP,1490,135,0,1,0,136,A
5-NP,1491,0,0,0,133,133,C
5-NP,1492,93,0,1,0,94,A
5-NP,1493,93,0,0,0,93,A
5-NP,1494,0,81,0,0,81,T
5-NP,1495,0,76,0,0,76,T
5-NP,1496,76,0,0,0,76,A
5-NP,1497,75,0,0,0,75,A
6-NA,1,48,0,0,0,48,A
6-NA,2,0,48,0,0,48,T
6-NA,3,0,0,48,0,48,G
6-NA,4,48,0,0,0,48,A
6-NA,5,49,0,0,0,49,A
6-NA,6,0,49,0,0,49,T
6-NA,7,0,0,0,50,50,C
6-NA,8,0,0,0,50,50,C
6-NA,9,50,0,0,0,50,A
6-NA,10,52,0,0,0,52,A
6-NA,11,53,0,0,0,53,A
6-NA,12,0,54,0,0,54,T
6-NA,13,1,0,0,53,54,C
6-NA,14,54,0,0,0,54,A
6-NA,15,56,0,0,0,56,A
6-NA,16,56,0,0,0,56,A
6-NA,17,59,0,0,0,59,A
6-NA,18,0,1,67,0,68,G
6-NA,19,73,0,0,0,73,A
6-NA,20,0,74,0,0,74,T
6-NA,21,74,0,0,0,74,A
6-NA,22,74,0,0,0,74,A
6-NA,23,0,74,0,0,74,T
6-NA,24,75,0,0,0,75,A
6-NA,25,76,0,0,0,76,A
6-NA,26,1,0,0,77,78,C
6-NA,27,0,0,81,0,81,G
6-NA,28,81,0,0,0,81,A
6-NA,29,0,81,0,0,81,T
6-NA,30,0,81,0,0,81,T
6-NA,31,1,1,80,0,82,G
6-NA,32,0,0,86,0,86,G
6-NA,33,0,0,0,86,86,C
6-NA,34,0,86,0,0,86,T
6-NA,35,0,0,0,90,90,C
6-NA,36,0,90,0,0,90,T
6-NA,37,0,0,100,0,100,G
6-NA,38,0,101,0,0,101,T
6-NA,39,0,101,0,0,101,T
6-NA,40,0,103,0,0,103,T
6-NA,41,0,0,0,107,107,C
6-NA,42,0,106,0,0,106,T
6-NA,43,2,0,0,105,107,C
6-NA,44,0,105,0,1,106,T
6-NA,45,0,0,0,110,110,C
6-NA,46,109,0,0,0,109,A
6-NA,47,1,0,0,115,116,C
6-NA,48,0,0,0,116,116,C
6-NA,49,116,0,0,0,116,A
6-NA,50,0,117,0,0,117,T
6-NA,51,1,119,0,0,120,T
6-NA,52,0,120,0,0,120,T
6-NA,53,0,0,0,123,123,C
6-NA,54,0,0,0,124,124,C
6-NA,55,126,0,1,0,127,A
6-NA,56,1,0,0,132,133,C
6-NA,57,133,0,0,0,133,A
6-NA,58,135,0,0,0,135,A
6-NA,59,0,134,0,0,134,T
6-NA,60,143,0,0,0,143,A
6-NA,61,0,144,0,0,144,T
6-NA,62,0,0,145,0,145,G
6-NA,63,0,0,0,146,146,C
6-NA,64,0,146,0,0,146,T
6-NA,65,0,149,0,0,149,T
6-NA,66,0,0,0,149,149,C
6-NA,67,0,150,0,0,150,T
6-NA,68,0,149,0,0,149,T
6-NA,69,0,0,0,149,149,C
6-NA,70,148,0,0,0,148,A
6-NA,71,0,149,0,0,149,T
6-NA,72,0,0,148,0,148,G
6-NA,73,0,0,0,148,148,C
6-NA,74,149,0,0,0,149,A
6-NA,75,149,0,0,0,149,A
6-NA,76,149,0,0,0,149,A
6-NA,77,0,155,0,0,155,T
6-NA,78,0,155,0,0,155,T
6-NA,79,0,0,155,0,155,G
6-NA,80,0,0,0,155,155,C
6-NA,81,0,0,0,154,154,C
6-NA,82,160,0,0,0,160,A
6-NA,83,1,159,0,0,160,T
6-NA,84,0,0,0,166,166,C
6-NA,85,0,167,0,0,167,T
6-NA,86,1,165,0,0,166,T
6-NA,87,0,2,175,0,177,G
6-NA,88,176,0,0,0,176,A
6-NA,89,0,178,0,0,178,T
6-NA,90,177,0,0,0,177,A
6-NA,91,177,0,0,0,177,A
6-NA,92,0,0,0,195,195,C
6-NA,93,0,194,0,0,194,T
6-NA,94,201,0,0,0,201,A
6-NA,95,0,0,0,209,209,C
6-NA,96,0,207,0,0,207,T
6-NA,97,0,0,212,0,212,G
6-NA,98,0,210,0,2,212,T
6-NA,99,213,0,0,0,213,A
6-NA,100,216,0,0,0,216,A
6-NA,101,0,0,0,211,211,C
6-NA,102,210,0,0,0,210,A
6-NA,103,0,212,0,0,212,T
6-NA,104,0,206,0,0,206,T
6-NA,105,0,0,207,0,207,G
6-NA,106,0,1,0,208,209,C
6-NA,107,211,0,0,0,211,A
6-NA,108,0,211,0,0,211,T
6-NA,109,0,209,0,0,209,T
6-NA,110,0,210,0,0,210,T
6-NA,111,0,0,1,205,206,C
6-NA,112,208,0,0,0,208,A
6-NA,113,209,0,0,0,209,A
6-NA,114,0,0,209,0,209,G
6-NA,115,0,0,0,209,209,C
6-NA,116,208,0,0,0,208,A
6-NA,117,218,0,0,0,218,A
6-NA,118,0,219,0,0,219,T
6-NA,119,218,0,0,1,219,A
6-NA,120,0,220,0,0,220,T
6-NA,121,0,2,226,0,228,G
6-NA,122,227,0,1,0,228,A
6-NA,123,229,1,0,0,230,A
6-NA,124,0,230,0,0,230,T
6-NA,125,0,229,0,0,229,T
6-NA,126,3,0,0,225,228,C
6-NA,127,229,0,0,0,229,A
6-NA,128,227,0,2,0,229,A
6-NA,129,0,0,0,230,230,C
6-NA,130,0,228,0,0,228,T
6-NA,131,0,0,0,228,228,C
6-NA,132,2,0,0,227,229,C
6-NA,133,0,0,0,238,238,C
6-NA,134,2,0,0,236,238,C
6-NA,135,0,0,0,241,241,C
6-NA,136,0,0,0,250,250,C
6-NA,137,1,0,1,249,251,C
6-NA,138,250,0,1,0,251,A
6-NA,139,251,0,0,0,251,A
6-NA,140,250,0,0,0,250,A
6-NA,141,0,0,0,261,261,C
6-NA,142,258,0,0,0,258,A
6-NA,143,261,0,1,0,262,A
6-NA,144,0,0,0,263,263,C
6-NA,145,0,0,0,264,264,C
6-NA,146,269,0,0,0,269,A
6-NA,147,272,0,0,0,272,A
6-NA,148,0,0,275,0,275,G
6-NA,149,0,274,0,0,274,T
6-NA,150,1,2,274,0,277,G
6-NA,151,277,0,1,0,278,A
6-NA,152,0,276,0,1,277,T
6-NA,153,0,0,278,0,278,G
6-NA,154,0,0,0,275,275,C
6-NA,155,0,272,0,0,272,T
6-NA,156,0,0,288,0,288,G
6-NA,157,0,284,0,0,284,T
6-NA,158,0,0,286,0,286,G
6-NA,159,0,284,0,0,284,T
6-NA,160,0,0,279,0,279,G
6-NA,161,281,0,0,0,281,A
6-NA,162,284,0,0,0,284,A
6-NA,163,0,0,0,283,283,C
6-NA,164,0,0,0,285,285,C
6-NA,165,275,0,1,0,276,A
6-NA,166,280,0,0,0,280,A
6-NA,167,1,0,0,287,288,C
6-NA,168,286,0,0,0,286,A
6-NA,169,292,0,0,0,292,A
6-NA,170,1,292,0,0,293,T
6-NA,171,290,1,0,0,291,A
6-NA,172,295,0,0,0,295,A
6-NA,173,0,296,0,0,296,T
6-NA,174,292,0,0,0,292,A
6-NA,175,0,1,297,0,298,G
6-NA,176,293,0,0,0,293,A
6-NA,177,295,0,0,0,295,A
6-NA,178,292,0,0,0,292,A
6-NA,179,0,1,293,0,294,G
6-NA,180,297,0,1,0,298,A
6-NA,181,294,0,1,0,295,A
6-NA,182,312,0,2,0,314,A
6-NA,183,1,0,0,311,312,C
6-NA,184,315,0,0,0,315,A
6-NA,185,0,318,0,1,319,T
6-NA,186,321,0,0,0,321,A
6-NA,187,323,0,0,0,323,A
6-NA,188,0,0,0,324,324,C
6-NA,189,321,0,0,0,321,A
6-NA,190,0,0,331,0,331,G
6-NA,191,326,0,1,0,327,A
6-NA,192,0,0,332,0,332,G
6-NA,193,334,0,0,0,334,A
6-NA,194,0,345,0,0,345,T
6-NA,195,344,0,0,0,344,A
6-NA,196,0,1,352,0,353,G
6-NA,197,0,351,0,0,351,T
6-NA,198,0,0,362,0,362,G
6-NA,199,0,359,0,0,359,T
6-NA,200,361,0,0,0,361,A
6-NA,201,0,359,0,0,359,T
6-NA,202,1,0,0,357,358,C
6-NA,203,0,352,0,1,353,T
6-NA,204,0,1,361,0,362,G
6-NA,205,358,0,0,0,358,A
6-NA,206,0,0,0,360,360,C
6-NA,207,0,0,0,357,357,C
6-NA,208,355,0,0,0,355,A
6-NA,209,358,0,2,0,360,A
6-NA,210,0,0,0,367,367,C
6-NA,211,366,0,2,0,368,A
6-NA,212,0,0,0,381,381,C
6-NA,213,3,0,0,373,376,C
6-NA,214,390,0,1,0,391,A
6-NA,215,1,0,0,407,408,C
6-NA,216,1,0,0,408,409,C
6-NA,217,411,0,0,0,411,A
6-NA,218,0,409,1,0,410,T
6-NA,219,408,1,0,0,409,A
6-NA,220,0,2,407,0,409,G
6-NA,221,401,1,0,0,402,A
6-NA,222,0,1,408,0,409,G
6-NA,223,399,0,0,0,399,A
6-NA,224,392,0,0,0,392,A
6-NA,225,0,1,397,0,398,G
6-NA,226,0,1,400,0,401,G
6-NA,227,400,1,0,0,401,A
6-NA,228,404,0,0,0,404,A
6-NA,229,403,0,0,0,403,A
6-NA,230,0,401,0,0,401,T
6-NA,231,401,0,0,0,401,A
6-NA,232,0,399,0,0,399,T
6-NA,233,0,1,396,0,397,G
6-NA,234,1,389,0,0,390,T
6-NA,235,2,0,0,395,397,C
6-NA,236,1,0,0,402,403,C
6-NA,237,0,0,0,405,405,C
6-NA,238,401,0,1,0,402,A
6-NA,239,415,1,0,0,416,A
6-NA,240,416,0,0,0,416,A
6-NA,241,0,0,0,416,416,C
6-NA,242,0,412,1,0,413,T
6-NA,243,412,0,0,0,412,A
6-NA,244,0,0,416,0,416,G
6-NA,245,0,0,0,414,414,C
6-NA,246,417,0,0,0,417,A
6-NA,247,0,1,429,0,430,G
6-NA,248,428,0,0,0,428,A
6-NA,249,437,0,0,0,437,A
6-NA,250,0,432,0,0,432,T
6-NA,251,437,0,1,0,438,A
6-NA,252,0,0,0,436,436,C
6-NA,253,432,0,1,0,433,A
6-NA,254,0,1,435,0,436,G
6-NA,255,435,0,0,0,435,A
6-NA,256,432,0,0,0,432,A
6-NA,257,432,0,0,0,432,A
6-NA,258,0,425,0,0,425,T
6-NA,259,0,424,0,0,424,T
6-NA,260,0,1,427,0,428,G
6-NA,261,0,0,432,0,432,G
6-NA,262,0,429,0,0,429,T
6-NA,263,2,0,0,427,429,C
6-NA,264,428,0,0,0,428,A
6-NA,265,431,0,0,1,432,A
6-NA,266,427,0,1,1,429,A
6-NA,267,0,1,430,0,431,G
6-NA,268,0,0,0,435,435,C
6-NA,269,1,1,0,430,432,C
6-NA,270,0,0,436,0,436,G
6-NA,271,0,0,0,438,438,C
6-NA,272,435,0,1,1,437,A
6-NA,273,440,0,0,0,440,A
6-NA,274,0,442,0,0,442,T
6-NA,275,0,0,442,0,442,G
6-NA,276,0,0,0,438,438,C
6-NA,277,1,3,435,0,439,G
6-NA,278,443,1,1,0,445,A
6-NA,279,0,1,0,447,448,C
6-NA,280,449,0,0,1,450,A
6-NA,281,0,457,0,0,457,T
6-NA,282,0,453,0,0,453,T
6-NA,283,456,0,0,0,456,A
6-NA,284,2,0,1,453,456,C
6-NA,285,456,0,0,0,456,A
6-NA,286,0,1,452,0,453,G
6-NA,287,0,1,450,0,451,G
6-NA,288,459,0,0,0,459,A
6-NA,289,0,450,0,0,450,T
6-NA,290,0,445,0,0,445,T
6-NA,291,0,443,0,0,443,T
6-NA,292,0,0,440,0,440,G
6-NA,293,0,0,0,442,442,C
6-NA,294,446,0,0,0,446,A
6-NA,295,2,0,0,446,448,C
6-NA,296,1,0,0,443,444,C
6-NA,297,0,440,0,1,441,T
6-NA,298,0,443,0,0,443,T
6-NA,299,0,453,0,0,453,T
6-NA,300,0,451,0,1,452,T
6-NA,301,0,465,0,0,465,T
6-NA,302,1,0,0,468,469,C
6-NA,303,0,470,0,0,470,T
6-NA,304,464,0,0,0,464,A
6-NA,305,464,0,0,0,464,A
6-NA,306,0,0,465,0,465,G
6-NA,307,0,4,461,0,465,G
6-NA,308,460,0,0,0,460,A
6-NA,309,0,1,0,459,460,C
6-NA,310,456,0,1,0,457,A
6-NA,311,458,0,0,0,458,A
6-NA,312,0,458,0,0,458,T
6-NA,313,1,458,0,0,459,T
6-NA,314,2,0,0,467,469,C
6-NA,315,0,1,466,0,467,G
6-NA,316,465,0,0,0,465,A
6-NA,317,0,466,0,0,466,T
6-NA,318,0,465,0,1,466,T
6-NA,319,461,0,0,0,461,A
6-NA,320,0,0,467,0,467,G
6-NA,321,0,0,469,0,469,G
6-NA,322,0,0,0,466,466,C
6-NA,323,0,453,0,1,454,T
6-NA,324,0,459,0,0,459,T
6-NA,325,0,459,0,0,459,T
6-NA,326,0,0,0,459,459,C
6-NA,327,1,0,0,460,461,C
6-NA,328,0,0,459,0,459,G
6-NA,329,0,0,0,460,460,C
6-NA,330,0,457,0,0,457,T
6-NA,331,0,1,476,0,477,G
6-NA,332,0,0,478,0,478,G
6-NA,333,0,477,0,0,477,T
6-NA,334,0,1,475,0,476,G
6-NA,335,0,3,478,0,481,G
6-NA,336,0,0,484,0,484,G
6-NA,337,0,1,489,0,490,G
6-NA,338,485,0,1,0,486,A
6-NA,339,1,0,0,500,501,C
6-NA,340,495,0,0,0,495,A
6-NA,341,0,494,0,0,494,T
6-NA,342,1,0,0,496,497,C
6-NA,343,0,496,0,0,496,T
6-NA,344,1,1,500,0,502,G
6-NA,345,0,2,502,0,504,G
6-NA,346,0,0,510,0,510,G
6-NA,347,0,506,0,0,506,T
6-NA,348,0,3,499,0,502,G
6-NA,349,499,2,1,0,502,A
6-NA,350,0,0,0,512,512,C
6-NA,351,514,0,0,0,514,A
6-NA,352,552,0,0,0,552,A
6-NA,353,0,4,555,0,559,G
6-NA,354,555,0,0,0,555,A
6-NA,355,0,1,579,0,580,G
6-NA,356,599,0,0,0,599,A
6-NA,357,647,0,0,0,647,A
6-NA,358,1,0,1,794,796,C
6-NA,359,0,0,0,844,844,C
6-NA,360,0,846,0,1,847,T
6-NA,361,1,852,0,0,853,T
6-NA,362,854,0,0,0,854,A
6-NA,363,0,856,0,1,857,T
6-NA,364,0,1,898,0,899,G
6-NA,365,1,900,0,0,901,T
6-NA,366,0,0,922,0,922,G
6-NA,367,0,906,0,2,908,T
6-NA,368,4,0,0,901,905,C
6-NA,369,925,0,0,3,928,A
6-NA,370,0,926,0,2,928,T
6-NA,371,1,1,925,0,927,G
6-NA,372,1,0,1,924,926,C
6-NA,373,0,4,925,0,929,G
6-NA,374,1031,0,1,0,1032,A
6-NA,375,0,1040,0,0,1040,T
6-NA,376,3,0,0,1069,1072,C
6-NA,377,2,0,0,1073,1075,C
6-NA,378,0,1098,0,3,1101,T
6-NA,379,0,1,1118,1,1120,G
6-NA,380,1118,0,1,0,1119,A
6-NA,381,0,0,0,1122,1122,C
6-NA,382,1117,0,1,0,1118,A
6-NA,383,1101,0,1,0,1102,A
6-NA,384,0,0,1148,0,1148,G
6-NA,385,0,1151,0,0,1151,T
6-NA,386,0,1,1164,0,1165,G
6-NA,387,0,1162,0,1,1163,T
6-NA,388,0,1161,0,1,1162,T
6-NA,389,1165,0,1,0,1166,A
6-NA,390,0,1158,0,3,1161,T
6-NA,391,2,0,0,1188,1190,C
6-NA,392,1190,0,1,0,1191,A
6-NA,393,1184,0,2,0,1186,A
6-NA,394,1,1187,0,0,1188,T
6-NA,395,0,1184,0,0,1184,T
6-NA,396,0,1182,0,0,1182,T
6-NA,397,0,0,1194,0,1194,G
6-NA,398,0,1,0,1278,1279,C
6-NA,399,5,0,0,1278,1283,C
6-NA,400,3,1,0,1278,1282,C
6-NA,401,0,1271,0,3,1274,T
6-NA,402,1,1285,0,1,1287,T
6-NA,403,0,7,1302,1,1310,G
6-NA,404,0,2,1315,0,1317,G
6-NA,405,1321,1,0,0,1322,A
6-NA,406,1,1,0,1331,1333,C
6-NA,407,1305,0,1,0,1306,A
6-NA,408,0,5,1337,0,1342,G
6-NA,409,0,4,1336,0,1340,G
6-NA,410,0,9,1390,1,1400,G
6-NA,411,1402,1,0,0,1403,A
6-NA,412,1400,0,1,0,1401,A
6-NA,413,0,2,0,1405,1407,C
6-NA,414,1390,0,0,0,1390,A
6-NA,415,1542,0,1,0,1543,A
6-NA,416,2,0,0,1545,1547,C
6-NA,417,1529,0,1,0,1530,A
6-NA,418,0,0,0,1541,1541,C
6-NA,419,0,1518,0,0,1518,T
6-NA,420,1544,0,0,0,1544,A
6-NA,421,1543,0,0,0,1543,A
6-NA,422,1551,0,2,0,1553,A
6-NA,423,0,1,0,1555,1556,C
6-NA,424,1485,0,1,0,1486,A
6-NA,425,1506,0,0,0,1506,A
6-NA,426,1,0,0,1521,1522,C
6-NA,427,2,0,1515,0,1517,G
6-NA,428,0,1508,0,2,1510,T
6-NA,429,1489,0,1,0,1490,A
6-NA,430,1,1,0,1516,1518,C
6-NA,431,1522,0,1,0,1523,A
6-NA,432,0,1539,0,0,1539,T
6-NA,433,0,1538,0,1,1539,T
6-NA,434,5,0,0,1542,1547,C
6-NA,435,1569,0,0,0,1569,A
6-NA,436,1574,0,1,0,1575,A
6-NA,437,1590,0,1,0,1591,A
6-NA,438,0,1591,0,0,1591,T
6-NA,439,1,11,1570,1,1583,G
6-NA,440,1595,0,19,1,1615,A
6-NA,441,2,0,0,1620,1622,C
6-NA,442,1617,0,0,0,1617,A
6-NA,443,0,0,0,1643,1643,C
6-NA,444,1626,0,1,0,1627,A
6-NA,445,0,2,1983,0,1985,G
6-NA,446,0,1982,0,2,1984,T
6-NA,447,2015,0,0,0,2015,A
6-NA,448,0,1,0,2023,2024,C
6-NA,449,0,1,2015,1,2017,G
6-NA,450,0,2087,1,0,2088,T
6-NA,451,1,7,2082,0,2090,G
6-NA,452,2095,0,1,0,2096,A
6-NA,453,0,2102,1,0,2103,T
6-NA,454,1914,0,2,0,1916,A
6-NA,455,0,7,1923,0,1930,G
6-NA,456,0,3,1926,0,1929,G
6-NA,457,1926,0,5,0,1931,A
6-NA,458,2,0,0,1959,1961,C
6-NA,459,6,0,0,1931,1937,C
6-NA,460,4,0,0,1950,1954,C
6-NA,461,4,1,1,1944,1950,C
6-NA,462,0,1957,1,2,1960,T
6-NA,463,0,1990,0,1,1991,T
6-NA,464,2000,0,1,0,2001,A
6-NA,465,0,2014,0,0,2014,T
6-NA,466,4,2,0,2003,2009,C
6-NA,467,0,1,2003,0,2004,G
6-NA,468,1,6,2004,0,2011,G
6-NA,469,2012,1,0,0,2013,A
6-NA,470,4,0,1,2026,2031,C
6-NA,471,5,1,0,2012,2018,C
6-NA,472,3,0,0,2132,2135,C
6-NA,473,0,2136,0,0,2136,T
6-NA,474,2159,0,0,0,2159,A
6-NA,475,0,2157,0,3,2160,T
6-NA,476,0,2162,0,0,2162,T
6-NA,477,1,11,2154,0,2166,G
6-NA,478,2167,1,0,0,2168,A
6-NA,479,0,2159,0,0,2159,T
6-NA,480,0,13,2148,0,2161,G
6-NA,481,2085,0,1,0,2086,A
6-NA,482,2088,2,3,0,2093,A
6-NA,483,0,2082,0,1,2083,T
6-NA,484,0,12,2103,0,2115,G
6-NA,485,2157,0,3,0,2160,A
6-NA,486,0,3,2168,0,2171,G
6-NA,487,0,2168,0,1,2169,T
6-NA,488,1,2172,0,0,2173,T
6-NA,489,2165,0,1,0,2166,A
6-NA,490,0,3,2171,0,2174,G
6-NA,491,1,1,2179,0,2181,G
6-NA,492,0,2164,0,0,2164,T
6-NA,493,0,2,2158,0,2160,G
6-NA,494,0,2129,1,5,2135,T
6-NA,495,0,2125,0,2,2127,T
6-NA,496,4,0,0,2153,2157,C
6-NA,497,3,0,0,2167,2170,C
6-NA,498,0,2161,0,1,2162,T
6-NA,499,0,2167,1,3,2171,T
6-NA,500,0,2156,2,1,2159,T
6-NA,501,0,2161,0,1,2162,T
6-NA,502,5,0,0,2172,2177,C
6-NA,503,2175,0,3,0,2178,A
6-NA,504,1,2226,0,0,2227,T
6-NA,505,6,0,0,2224,2230,C
6-NA,506,1,2209,0,0,2210,T
6-NA,507,0,6,2193,0,2199,G
6-NA,508,2,7,2179,0,2188,G
6-NA,509,1,7,2186,0,2194,G
6-NA,510,0,7,2211,2,2220,G
6-NA,511,2219,1,5,0,2225,A
6-NA,512,1,1,1,2241,2244,C
6-NA,513,6,1,1,2193,2201,C
6-NA,514,2235,0,0,0,2235,A
6-NA,515,2230,0,3,0,2233,A
6-NA,516,0,1,2235,1,2237,G
6-NA,517,1,1,0,2250,2252,C
6-NA,518,2242,0,0,0,2242,A
6-NA,519,2267,0,1,0,2268,A
6-NA,520,0,0,2291,0,2291,G
6-NA,521,0,2263,0,0,2263,T
6-NA,522,3,0,2326,0,2329,G
6-NA,523,2,2303,0,5,2310,T
6-NA,524,0,5,2379,1,2385,G
6-NA,525,0,0,0,2386,2386,C
6-NA,526,2377,0,1,0,2378,A
6-NA,527,0,2401,0,3,2404,T
6-NA,528,2365,0,2,0,2367,A
6-NA,529,0,1,2452,0,2453,G
6-NA,530,0,0,0,2446,2446,C
6-NA,531,2412,0,1,0,2413,A
6-NA,532,0,2398,0,2,2400,T
6-NA,533,0,5,2347,0,2352,G
6-NA,534,2,1,2514,0,2517,G
6-NA,535,1,2520,0,3,2524,T
6-NA,536,7,0,0,2483,2490,C
6-NA,537,4,0,0,2503,2507,C
6-NA,538,2490,0,1,0,2491,A
6-NA,539,3,0,2584,1,2588,G
6-NA,540,1,0,0,2587,2588,C
6-NA,541,0,2578,0,5,2583,T
6-NA,542,8,0,0,2583,2591,C
6-NA,543,2524,0,0,0,2524,A
6-NA,544,2545,0,4,0,2549,A
6-NA,545,0,1,2561,0,2562,G
6-NA,546,0,2586,0,0,2586,T
6-NA,547,0,2567,0,2,2569,T
6-NA,548,1,6,2574,0,2581,G
6-NA,549,0,2574,0,2,2576,T
6-NA,550,14,1,0,2561,2576,C
6-NA,551,2580,0,1,0,2581,A
6-NA,552,1,1,1,2590,2593,C
6-NA,553,3,5,2574,1,2583,G
6-NA,554,2623,0,2,0,2625,A
6-NA,555,0,2635,0,1,2636,T
6-NA,556,2,6,2686,0,2694,G
6-NA,557,1,6,2697,0,2704,G
6-NA,558,2708,0,1,0,2709,A
6-NA,559,2719,0,3,0,2722,A
6-NA,560,2744,0,4,0,2748,A
6-NA,561,2748,1,5,1,2755,A
6-NA,562,1,3,2778,0,2782,G
6-NA,563,2,0,0,2762,2764,C
6-NA,564,2749,0,4,0,2753,A
6-NA,565,0,2755,0,1,2756,T
6-NA,566,0,1,2780,0,2781,G
6-NA,567,1,0,2809,0,2810,G
6-NA,568,2,0,0,2841,2843,C
6-NA,569,0,2823,0,0,2823,T
6-NA,570,2,1,2838,0,2841,G
6-NA,571,2,0,0,2827,2829,C
6-NA,572,2839,1,0,0,2840,A
6-NA,573,0,2931,0,0,2931,T
6-NA,574,0,1,2936,0,2937,G
6-NA,575,0,2949,0,2,2951,T
6-NA,576,0,3028,1,2,3031,T
6-NA,577,0,3015,0,4,3019,T
6-NA,578,4,4,3203,0,3211,G
6-NA,579,0,3195,0,2,3197,T
6-NA,580,3205,0,1,0,3206,A
6-NA,581,0,3218,0,0,3218,T
6-NA,582,3174,0,1,0,3175,A
6-NA,583,3183,0,2,0,3185,A
6-NA,584,1,2,0,3159,3162,C
6-NA,585,2,5,3120,1,3128,G
6-NA,586,0,13,3124,0,3137,G
6-NA,587,0,6,3071,0,3077,G
6-NA,588,0,7,3085,0,3092,G
6-NA,589,1,10,3086,1,3098,G
6-NA,590,3082,0,1,0,3083,A
6-NA,591,0,3082,0,0,3082,T
6-NA,592,3,7,3077,1,3088,G
6-NA,593,3102,0,8,0,3110,A
6-NA,594,0,3126,0,0,3126,T
6-NA,595,3117,1,0,0,3118,A
6-NA,596,3161,0,1,0,3162,A
6-NA,597,3166,0,0,1,3167,A
6-NA,598,3171,0,3,0,3174,A
6-NA,599,3189,0,1,0,3190,A
6-NA,600,1,3179,0,0,3180,T
6-NA,601,0,3,3181,1,3185,G
6-NA,602,3,1,0,3181,3185,C
6-NA,603,3176,0,1,0,3177,A
6-NA,604,3192,1,1,0,3194,A
6-NA,605,2,1,0,3218,3221,C
6-NA,606,0,3206,0,0,3206,T
6-NA,607,1,2,3210,0,3213,G
6-NA,608,1,0,0,3216,3217,C
6-NA,609,0,3223,0,2,3225,T
6-NA,610,3224,0,4,0,3228,A
6-NA,611,0,3,3226,0,3229,G
6-NA,612,1,0,0,3258,3259,C
6-NA,613,2,3247,0,2,3251,T
6-NA,614,1,3236,0,2,3239,T
6-NA,615,15,1,0,3257,3273,C
6-NA,616,3286,0,1,0,3287,A
6-NA,617,2,3284,0,2,3288,T
6-NA,618,0,3290,1,0,3291,T
6-NA,619,0,3305,0,2,3307,T
6-NA,620,3307,2,4,0,3313,A
6-NA,621,4,1,0,3334,3339,C
6-NA,622,3311,0,4,0,3315,A
6-NA,623,3342,1,2,0,3345,A
6-NA,624,0,3317,0,0,3317,T
6-NA,625,1,11,3298,0,3310,G
6-NA,626,2,5,3296,2,3305,G
6-NA,627,0,8,3300,1,3309,G
6-NA,628,3298,1,5,0,3304,A
6-NA,629,0,3,3371,0,3374,G
6-NA,630,1,0,3403,0,3404,G
6-NA,631,2,0,0,3590,3592,C
6-NA,632,1,3581,1,5,3588,T
6-NA,633,1,3627,0,0,3628,T
6-NA,634,0,1,3664,1,3666,G
6-NA,635,0,3672,0,1,3673,T
6-NA,636,3718,1,4,1,3724,A
6-NA,637,0,2,3734,0,3736,G
6-NA,638,3658,0,2,0,3660,A
6-NA,639,1,3683,0,0,3684,T
6-NA,640,3399,0,0,0,3399,A
6-NA,641,1,5,3396,0,3402,G
6-NA,642,1,3361,0,3,3365,T
6-NA,643,4,0,3273,0,3277,G
6-NA,644,1,3452,0,0,3453,T
6-NA,645,0,3449,0,2,3451,T
6-NA,646,9,1,3507,0,3517,G
6-NA,647,1,3514,1,2,3518,T
6-NA,648,0,3516,1,1,3518,T
6-NA,649,0,3515,0,5,3520,T
6-NA,650,15,2,0,3456,3473,C
6-NA,651,3450,1,2,3,3456,A
6-NA,652,0,3444,0,0,3444,T
6-NA,653,0,20,3429,1,3450,G
6-NA,654,1,2,3648,0,3651,G
6-NA,655,1,3607,0,2,3610,T
6-NA,656,8,1,0,3579,3588,C
6-NA,657,5,1,0,3579,3585,C
6-NA,658,3608,0,0,0,3608,A
6-NA,659,3633,0,3,1,3637,A
6-NA,660,3643,0,5,1,3649,A
6-NA,661,0,12,3654,0,3666,G
6-NA,662,3658,2,1,0,3661,A
6-NA,663,3550,0,0,0,3550,A
6-NA,664,3550,0,0,1,3551,A
6-NA,665,2,3554,1,0,3557,T
6-NA,666,9,2,0,3642,3653,C
6-NA,667,7,2,1,3650,3660,C
6-NA,668,0,3644,0,4,3648,T
6-NA,669,2,1,0,3652,3655,C
6-NA,670,3636,1,5,0,3642,A
6-NA,671,1,5,3675,0,3681,G
6-NA,672,2,12,3656,1,3671,G
6-NA,673,3759,0,2,0,3761,A
6-NA,674,4,4,0,3750,3758,C
6-NA,675,3,2,0,3686,3691,C
6-NA,676,2,2,1,3685,3690,C
6-NA,677,3685,2,7,0,3694,A
6-NA,678,0,0,3705,0,3705,G
6-NA,679,1,10,3697,0,3708,G
6-NA,680,3679,3,5,0,3687,A
6-NA,681,1,2,3736,0,3739,G
6-NA,682,1,3671,0,0,3672,T
6-NA,683,16,0,0,3658,3674,C
6-NA,684,3657,1,3,0,3661,A
6-NA,685,1,6,3679,0,3686,G
6-NA,686,3675,0,4,1,3680,A
6-NA,687,3679,0,1,0,3680,A
6-NA,688,0,3662,0,1,3663,T
6-NA,689,1,2,3681,0,3684,G
6-NA,690,6,1,0,3666,3673,C
6-NA,691,1,6,3688,0,3695,G
6-NA,692,0,3678,1,2,3681,T
6-NA,693,0,3686,0,0,3686,T
6-NA,694,0,3665,0,0,3665,T
6-NA,695,0,3,3693,0,3696,G
6-NA,696,2,3699,0,4,3705,T
6-NA,697,3706,1,1,0,3708,A
6-NA,698,1,3692,1,2,3696,T
6-NA,699,19,1,0,3674,3694,C
6-NA,700,3675,1,0,0,3676,A
6-NA,701,3680,1,0,0,3681,A
6-NA,702,0,3674,0,0,3674,T
6-NA,703,2,13,3655,0,3670,G
6-NA,704,0,10,3669,0,3679,G
6-NA,705,3730,0,1,0,3731,A
6-NA,706,3739,0,4,0,3743,A
6-NA,707,2,0,0,3764,3766,C
6-NA,708,0,3774,0,1,3775,T
6-NA,709,0,3769,0,1,3770,T
6-NA,710,2,2,3876,0,3880,G
6-NA,711,2,3872,0,6,3880,T
6-NA,712,3872,0,4,0,3876,A
6-NA,713,1,0,0,3935,3936,C
6-NA,714,3819,7,0,4,3830,A
6-NA,715,2,2,4087,0,4091,G
6-NA,716,0,4067,0,4,4071,T
6-NA,717,4193,0,0,0,4193,A
6-NA,718,1,4,4213,0,4218,G
6-NA,719,1,4136,0,1,4138,T
6-NA,720,4130,0,0,1,4131,A
6-NA,721,4132,0,5,1,4138,A
6-NA,722,0,4115,0,0,4115,T
6-NA,723,0,17,4123,0,4140,G
6-NA,724,3976,0,2,0,3978,A
6-NA,725,3,0,0,4016,4019,C
6-NA,726,1,3901,0,3,3905,T
6-NA,727,1,6,3909,0,3916,G
6-NA,728,3909,0,4,2,3915,A
6-NA,729,0,3929,0,0,3929,T
6-NA,730,4,5,3924,0,3933,G
6-NA,731,3,5,3908,0,3916,G
6-NA,732,0,13,3909,0,3922,G
6-NA,733,3854,0,7,1,3862,A
6-NA,734,1,2,3869,1,3873,G
6-NA,735,0,3833,0,3,3836,T
6-NA,736,2,1,3847,0,3850,G
6-NA,737,1,0,0,3853,3854,C
6-NA,738,0,3828,0,6,3834,T
6-NA,739,1,3828,1,0,3830,T
6-NA,740,5,0,0,3803,3808,C
6-NA,741,1,5,3781,0,3787,G
6-NA,742,0,4,3819,0,3823,G
6-NA,743,0,6,3831,0,3837,G
6-NA,744,3827,0,5,1,3833,A
6-NA,745,3786,1,3,1,3791,A
6-NA,746,3781,0,2,2,3785,A
6-NA,747,3800,1,5,1,3807,A
6-NA,748,0,0,3823,0,3823,G
6-NA,749,2,1,2,3825,3830,C
6-NA,750,0,3793,0,0,3793,T
6-NA,751,1,10,3789,0,3800,G
6-NA,752,3792,0,3,1,3796,A
6-NA,753,0,3838,0,2,3840,T
6-NA,754,3857,0,2,0,3859,A
6-NA,755,5,6,1,4037,4049,C
6-NA,756,0,4006,1,3,4010,T
6-NA,757,4013,0,1,1,4015,A
6-NA,758,4005,2,1,1,4009,A
6-NA,759,4017,0,1,0,4018,A
6-NA,760,4096,2,0,0,4098,A
6-NA,761,0,4097,0,2,4099,T
6-NA,762,4078,3,0,0,4081,A
6-NA,763,3,0,0,4099,4102,C
6-NA,764,0,3896,0,3,3899,T
6-NA,765,3952,0,0,0,3952,A
6-NA,766,1,3932,1,2,3936,T
6-NA,767,0,4270,0,4,4274,T
6-NA,768,21,3,0,4309,4333,C
6-NA,769,4270,0,3,0,4273,A
6-NA,770,0,4260,0,3,4263,T
6-NA,771,1,4248,0,4,4253,T
6-NA,772,4180,1,4,0,4185,A
6-NA,773,4196,0,1,0,4197,A
6-NA,774,1,4,4218,0,4223,G
6-NA,775,4,10,4206,0,4220,G
6-NA,776,3938,1,1,1,3941,A
6-NA,777,1,9,3974,0,3984,G
6-NA,778,0,6,3987,0,3993,G
6-NA,779,1,3,3987,0,3991,G
6-NA,780,1,11,3985,2,3999,G
6-NA,781,3986,0,6,0,3992,A
6-NA,782,3984,1,3,1,3989,A
6-NA,783,3970,1,0,0,3971,A
6-NA,784,3962,2,3,0,3967,A
6-NA,785,2,3963,0,1,3966,T
6-NA,786,9,1,0,3939,3949,C
6-NA,787,3,2,4012,0,4017,G
6-NA,788,1,3996,0,4,4001,T
6-NA,789,2,3997,0,2,4001,T
6-NA,790,19,0,0,3986,4005,C
6-NA,791,3980,0,0,1,3981,A
6-NA,792,0,4277,0,2,4279,T
6-NA,793,4270,0,1,1,4272,A
6-NA,794,3,2,1,4290,4296,C
6-NA,795,0,4289,0,2,4291,T
6-NA,796,4284,0,2,0,4286,A
6-NA,797,0,2,4284,0,4286,G
6-NA,798,2,0,0,4282,4284,C
6-NA,799,4278,2,2,0,4282,A
6-NA,800,2,2,0,4290,4294,C
6-NA,801,4105,0,1,0,4106,A
6-NA,802,0,4404,1,2,4407,T
6-NA,803,0,4381,0,2,4383,T
6-NA,804,2,6,4684,0,4692,G
6-NA,805,0,4666,0,5,4671,T
6-NA,806,12,2,0,4650,4664,C
6-NA,807,4653,0,9,1,4663,A
6-NA,808,1,5,4676,0,4682,G
6-NA,809,1,12,4670,0,4683,G
6-NA,810,4671,2,1,2,4676,A
6-NA,811,4592,0,3,0,4595,A
6-NA,812,1,4,4665,0,4670,G
6-NA,813,0,4411,0,3,4414,T
6-NA,814,4,4,4433,0,4441,G
6-NA,815,0,1,0,4437,4438,C
6-NA,816,3,4423,0,3,4429,T
6-NA,817,10,0,0,4440,4450,C
6-NA,818,4420,2,4,0,4426,A
6-NA,819,1,1,4459,0,4461,G
6-NA,820,2,0,0,4453,4455,C
6-NA,821,4434,2,2,0,4438,A
6-NA,822,1,4436,0,2,4439,T
6-NA,823,3,1,4581,0,4585,G
6-NA,824,2,4584,1,3,4590,T
6-NA,825,26,1,0,4561,4588,C
6-NA,826,1,6,4586,0,4593,G
6-NA,827,4571,1,2,0,4574,A
6-NA,828,1,7,4542,0,4550,G
6-NA,829,0,10,4543,2,4555,G
6-NA,830,4509,2,5,0,4516,A
6-NA,831,1,3,4580,0,4584,G
6-NA,832,0,4414,0,4,4418,T
6-NA,833,1,1,4433,0,4435,G
6-NA,834,0,2,0,4510,4512,C
6-NA,835,0,4495,0,2,4497,T
6-NA,836,14,1,0,4509,4524,C
6-NA,837,5,2,0,4523,4530,C
6-NA,838,1,4521,0,5,4527,T
6-NA,839,1,3,4541,0,4545,G
6-NA,840,1,0,0,4511,4512,C
6-NA,841,0,4477,0,4,4481,T
6-NA,842,4523,0,1,0,4524,A
6-NA,843,0,4460,1,0,4461,T
6-NA,844,9,19,0,4471,4499,C
6-NA,845,8,1,1,4470,4480,C
6-NA,846,1,4477,0,6,4484,T
6-NA,847,3,2,0,4502,4507,C
6-NA,848,2,8,4488,0,4498,G
6-NA,849,4542,2,3,0,4547,A
6-NA,850,1,4545,1,3,4550,T
6-NA,851,4544,0,1,1,4546,A
6-NA,852,2,4533,0,2,4537,T
6-NA,853,18,11,3,4488,4520,C
6-NA,854,7,0,0,4513,4520,C
6-NA,855,1,4479,0,1,4481,T
6-NA,856,0,6,4499,0,4505,G
6-NA,857,0,3,4519,1,4523,G
6-NA,858,0,4557,0,5,4562,T
6-NA,859,0,1,4562,1,4564,G
6-NA,860,1,4521,0,4,4526,T
6-NA,861,15,1,1,4518,4535,C
6-NA,862,4517,1,2,0,4520,A
6-NA,863,0,5,4526,1,4532,G
6-NA,864,4521,4,1,0,4526,A
6-NA,865,0,4468,0,4,4472,T
6-NA,866,8,1,4476,0,4485,G
6-NA,867,1,4403,0,6,4410,T
6-NA,868,1,1,4413,3,4418,G
6-NA,869,2,4385,0,10,4397,T
6-NA,870,21,3,1,4509,4534,C
6-NA,871,0,4579,0,7,4586,T
6-NA,872,5,3,4628,0,4636,G
6-NA,873,5,1,0,4625,4631,C
6-NA,874,4626,2,4,0,4632,A
6-NA,875,1018,2,3596,0,4616,G
6-NA,876,4559,2,3,0,4564,A
6-NA,877,1,9,4562,2,4574,G
6-NA,878,4562,4,1,0,4567,A
6-NA,879,4,1,0,4564,4569,C
6-NA,880,4292,0,2,2,4296,A
6-NA,881,4268,2,5,1,4276,A
6-NA,882,3,0,0,4314,4317,C
6-NA,883,0,4307,0,1,4308,T
6-NA,884,4,4,4304,1,4313,G
6-NA,885,0,5,4300,1,4306,G
6-NA,886,4292,0,4,0,4296,A
6-NA,887,4277,0,6,0,4283,A
6-NA,888,4205,0,5,0,4210,A
6-NA,889,1,3,4279,0,4283,G
6-NA,890,2,4,4261,0,4267,G
6-NA,891,1,1,1,4263,4266,C
6-NA,892,0,4251,0,3,4254,T
6-NA,893,8,3,1,4331,4343,C
6-NA,894,11,1,0,4352,4364,C
6-NA,895,4367,0,2,0,4369,A
6-NA,896,4371,1,1,0,4373,A
6-NA,897,0,4373,0,2,4375,T
6-NA,898,4247,0,2,0,4249,A
6-NA,899,0,5,4223,1,4229,G
6-NA,900,0,2,4244,0,4246,G
6-NA,901,3,0,0,4245,4248,C
6-NA,902,10,1,0,4158,4169,C
6-NA,903,13,3,1,4108,4125,C
6-NA,904,4168,0,0,1,4169,A
6-NA,905,0,4209,0,2,4211,T
6-NA,906,16,3,1,4190,4210,C
6-NA,907,3,1,4222,0,4226,G
6-NA,908,0,4214,0,2,4216,T
6-NA,909,4149,2,0,1,4152,A
6-NA,910,2,2,4239,0,4243,G
6-NA,911,4245,0,4,0,4249,A
6-NA,912,0,4261,0,4,4265,T
6-NA,913,4202,0,1,0,4203,A
6-NA,914,2,4143,1,1,4147,T
6-NA,915,4141,0,2,0,4143,A
6-NA,916,4121,0,2,0,4123,A
6-NA,917,4216,0,1,0,4217,A
6-NA,918,1,0,0,4289,4290,C
6-NA,919,4164,0,3,0,4167,A
6-NA,920,1,4152,0,1,4154,T
6-NA,921,4122,0,0,0,4122,A
6-NA,922,4120,0,1,1,4122,A
6-NA,923,4123,0,1,1,4125,A
6-NA,924,2,3,4161,1,4167,G
6-NA,925,1,18,4177,0,4196,G
6-NA,926,4050,1,1,1,4053,A
6-NA,927,1,4000,0,3,4004,T
6-NA,928,13,0,1,4016,4030,C
6-NA,929,4045,0,4,0,4049,A
6-NA,930,0,4051,2,2,4055,T
6-NA,931,4047,0,3,0,4050,A
6-NA,932,0,3,4085,0,4088,G
6-NA,933,0,0,0,4031,4031,C
6-NA,934,3950,0,2,0,3952,A
6-NA,935,0,3845,1,1,3847,T
6-NA,936,1,3861,0,2,3864,T
6-NA,937,1,7,3986,1,3995,G
6-NA,938,1,4001,1,2,4005,T
6-NA,939,2,4067,0,2,4071,T
6-NA,940,0,4017,0,53,4070,T
6-NA,941,7,2,1,4038,4048,C
6-NA,942,4,0,1,4059,4064,C
6-NA,943,4091,18,3,0,4112,A
6-NA,944,1,5,4163,1,4170,G
6-NA,945,0,4164,0,1,4165,T
6-NA,946,0,4029,1,2,4032,T
6-NA,947,4029,2,2,0,4033,A
6-NA,948,2,3972,0,0,3974,T
6-NA,949,5,2,3971,0,3978,G
6-NA,950,0,3929,1,4,3934,T
6-NA,951,3,2,3934,0,3939,G
6-NA,952,3,3844,0,3,3850,T
6-NA,953,2,0,3950,0,3952,G
6-NA,954,0,3937,0,3,3940,T
6-NA,955,0,3922,0,0,3922,T
6-NA,956,11,0,1,3917,3929,C
6-NA,957,3886,0,1,0,3887,A
6-NA,958,0,10,3902,0,3912,G
6-NA,959,2,3,3893,0,3898,G
6-NA,960,3881,1,5,0,3887,A
6-NA,961,3,0,0,3903,3906,C
6-NA,962,1,3772,1,3,3777,T
6-NA,963,2,3784,0,0,3786,T
6-NA,964,2,2,3940,0,3944,G
6-NA,965,1,3938,1,2,3942,T
6-NA,966,1,3936,0,4,3941,T
6-NA,967,4,8,3909,0,3921,G
6-NA,968,1,15,3893,0,3909,G
6-NA,969,3899,2,3,1,3905,A
6-NA,970,1,13,3890,0,3904,G
6-NA,971,3877,1,11,1,3890,A
6-NA,972,3,0,0,3885,3888,C
6-NA,973,3741,1,3,0,3745,A
6-NA,974,3,2,0,3757,3762,C
6-NA,975,3765,1,4,4,3774,A
6-NA,976,1,2,0,3772,3775,C
6-NA,977,14,0,0,3743,3757,C
6-NA,978,7,1,0,3750,3758,C
6-NA,979,3754,0,2,0,3756,A
6-NA,980,2,11,3757,0,3770,G
6-NA,981,3769,1,0,0,3770,A
6-NA,982,3787,0,0,0,3787,A
6-NA,983,3756,1,1,1,3759,A
6-NA,984,3761,0,0,0,3761,A
6-NA,985,3731,0,1,0,3732,A
6-NA,986,3740,0,4,1,3745,A
6-NA,987,1,3,0,3747,3751,C
6-NA,988,2,19,3720,0,3741,G
6-NA,989,3735,1,2,0,3738,A
6-NA,990,2,1,1,3734,3738,C
6-NA,991,3722,0,5,0,3727,A
6-NA,992,12,2,3755,0,3769,G
6-NA,993,0,0,1,3869,3870,C
6-NA,994,1,3861,0,3,3865,T
6-NA,995,11,2,0,3859,3872,C
6-NA,996,14,2,0,3878,3894,C
6-NA,997,3888,1,5,0,3894,A
6-NA,998,2,2,3930,0,3934,G
6-NA,999,0,2,0,3926,3928,C
6-NA,1000,3911,2,0,0,3913,A
6-NA,1001,0,4,3916,0,3920,G
6-NA,1002,0,3771,0,0,3771,T
6-NA,1003,3771,1,2,0,3774,A
6-NA,1004,1,3,3775,0,3779,G
6-NA,1005,3,1,0,3777,3781,C
6-NA,1006,7,6,0,3768,3781,C
6-NA,1007,3719,0,2,1,3722,A
6-NA,1008,0,3723,0,1,3724,T
6-NA,1009,0,3710,0,1,3711,T
6-NA,1010,4,3,3793,1,3801,G
6-NA,1011,0,3773,0,3,3776,T
6-NA,1012,0,3757,0,3,3760,T
6-NA,1013,2,3758,0,0,3760,T
6-NA,1014,2,10,3722,0,3734,G
6-NA,1015,0,4,3767,1,3772,G
6-NA,1016,3766,0,1,0,3767,A
6-NA,1017,0,3771,1,1,3773,T
6-NA,1018,8,0,1,3756,3765,C
6-NA,1019,14,3,0,3691,3708,C
6-NA,1020,3,3708,0,2,3713,T
6-NA,1021,3710,0,8,0,3718,A
6-NA,1022,3723,0,6,1,3730,A
6-NA,1023,3,0,0,3773,3776,C
6-NA,1024,3700,0,0,0,3700,A
6-NA,1025,3739,1,0,1,3741,A
6-NA,1026,1,3713,2,1,3717,T
6-NA,1027,2,6,3742,0,3750,G
6-NA,1028,3735,0,5,0,3740,A
6-NA,1029,3714,0,4,0,3718,A
6-NA,1030,2,4,3728,0,3734,G
6-NA,1031,3720,1,1,0,3722,A
6-NA,1032,3629,0,5,0,3634,A
6-NA,1033,0,4,3642,0,3646,G
6-NA,1034,2,2,3649,0,3653,G
6-NA,1035,0,3600,0,3,3603,T
6-NA,1036,0,7,3578,2,3587,G
6-NA,1037,0,2,3686,0,3688,G
6-NA,1038,1,3673,0,4,3678,T
6-NA,1039,23,5,0,3633,3661,C
6-NA,1040,3671,1,1,0,3673,A
6-NA,1041,0,3647,3,2,3652,T
6-NA,1042,2,4,3630,0,3636,G
6-NA,1043,0,8,3658,1,3667,G
6-NA,1044,3643,1,4,0,3648,A
6-NA,1045,0,1,3757,0,3758,G
6-NA,1046,2,3598,0,3,3603,T
6-NA,1047,0,4,3602,0,3606,G
6-NA,1048,3595,0,2,0,3597,A
6-NA,1049,3598,2,2,0,3602,A
6-NA,1050,3604,0,8,1,3613,A
6-NA,1051,0,3,3635,0,3638,G
6-NA,1052,2,0,3623,0,3625,G
6-NA,1053,2,1,0,3603,3606,C
6-NA,1054,1,3493,0,4,3498,T
6-NA,1055,2,6,3497,0,3505,G
6-NA,1056,2,5,3503,0,3510,G
6-NA,1057,0,1,3534,0,3535,G
6-NA,1058,4,1,0,3536,3541,C
6-NA,1059,4,0,0,3535,3539,C
6-NA,1060,0,3484,0,6,3490,T
6-NA,1061,1,3486,0,2,3489,T
6-NA,1062,0,3488,0,2,3490,T
6-NA,1063,0,4,3497,0,3501,G
6-NA,1064,3494,0,0,0,3494,A
6-NA,1065,1,3468,0,1,3470,T
6-NA,1066,0,7,3402,0,3409,G
6-NA,1067,3364,0,2,0,3366,A
6-NA,1068,0,3375,0,2,3377,T
6-NA,1069,0,7,3380,0,3387,G
6-NA,1070,2,6,3431,0,3439,G
6-NA,1071,3425,0,1,0,3426,A
6-NA,1072,3417,0,3,0,3420,A
6-NA,1073,3429,2,0,0,3431,A
6-NA,1074,1,3426,0,0,3427,T
6-NA,1075,1,9,3428,0,3438,G
6-NA,1076,3418,1,5,0,3424,A
6-NA,1077,4,1,0,3441,3446,C
6-NA,1078,3,0,3456,0,3459,G
6-NA,1079,1,3386,0,2,3389,T
6-NA,1080,0,2,3414,0,3416,G
6-NA,1081,2,3408,0,1,3411,T
6-NA,1082,2,4,3411,0,3417,G
6-NA,1083,1,8,3426,0,3435,G
6-NA,1084,3425,0,3,0,3428,A
6-NA,1085,0,3409,0,1,3410,T
6-NA,1086,3,6,3400,0,3409,G
6-NA,1087,2,1,3388,1,3392,G
6-NA,1088,2,6,3407,0,3415,G
6-NA,1089,3387,2,2,0,3391,A
6-NA,1090,3378,0,3,0,3381,A
6-NA,1091,0,8,3384,0,3392,G
6-NA,1092,3351,0,3,0,3354,A
6-NA,1093,3358,1,0,0,3359,A
6-NA,1094,2,3,0,3326,3331,C
6-NA,1095,1,8,3308,0,3317,G
6-NA,1096,3313,0,1,0,3314,A
6-NA,1097,0,3263,0,2,3265,T
6-NA,1098,7,4,0,3261,3272,C
6-NA,1099,3256,0,1,0,3257,A
6-NA,1100,0,2,3258,0,3260,G
6-NA,1101,1,3,0,3253,3257,C
6-NA,1102,0,6,3256,0,3262,G
6-NA,1103,3243,1,1,1,3246,A
6-NA,1104,0,3,3250,0,3253,G
6-NA,1105,3242,0,1,0,3243,A
6-NA,1106,3243,0,1,0,3244,A
6-NA,1107,0,1,3279,0,3280,G
6-NA,1108,1,3254,1,3,3259,T
6-NA,1109,15,0,0,3221,3236,C
6-NA,1110,3228,0,0,0,3228,A
6-NA,1111,1,1,0,3333,3335,C
6-NA,1112,1,1,3335,0,3337,G
6-NA,1113,2,0,0,3342,3344,C
6-NA,1114,0,3329,0,4,3333,T
6-NA,1115,0,3335,0,1,3336,T
6-NA,1116,3276,0,3,0,3279,A
6-NA,1117,2,3,3376,0,3381,G
6-NA,1118,0,9,3374,0,3383,G
6-NA,1119,0,3,3453,0,3456,G
6-NA,1120,0,3240,0,0,3240,T
6-NA,1121,3239,0,1,0,3240,A
6-NA,1122,1,3224,0,0,3225,T
6-NA,1123,1,10,3208,0,3219,G
6-NA,1124,3208,1,2,0,3211,A
6-NA,1125,3202,0,0,0,3202,A
6-NA,1126,3079,0,1,0,3080,A
6-NA,1127,3,3,0,3055,3061,C
6-NA,1128,8,0,0,2919,2927,C
6-NA,1129,2,2744,0,4,2750,T
6-NA,1130,0,2748,1,1,2750,T
6-NA,1131,7,0,0,2750,2757,C
6-NA,1132,2746,0,1,0,2747,A
6-NA,1133,2750,0,1,0,2751,A
6-NA,1134,2740,2,4,0,2746,A
6-NA,1135,0,1,2776,0,2777,G
6-NA,1136,1,2713,1,2,2717,T
6-NA,1137,13,0,0,2724,2737,C
6-NA,1138,2784,1,1,0,2786,A
6-NA,1139,0,2788,0,1,2789,T
6-NA,1140,0,2796,0,3,2799,T
6-NA,1141,0,1,2798,0,2799,G
6-NA,1142,2784,0,2,0,2786,A
6-NA,1143,2785,0,4,0,2789,A
6-NA,1144,0,6,2771,0,2777,G
6-NA,1145,0,0,2776,0,2776,G
6-NA,1146,1,1,0,2770,2772,C
6-NA,1147,0,2655,0,3,2658,T
6-NA,1148,1,3,2666,0,2670,G
6-NA,1149,1,0,2721,0,2722,G
6-NA,1150,1,2721,0,2,2724,T
6-NA,1151,7,3,0,2705,2715,C
6-NA,1152,8,1,1,2696,2706,C
6-NA,1153,2688,0,2,0,2690,A
6-NA,1154,2722,0,0,0,2722,A
6-NA,1155,2,2,0,2732,2736,C
6-NA,1156,7,0,1,2712,2720,C
6-NA,1157,11,2,0,2695,2708,C
6-NA,1158,0,2559,0,2,2561,T
6-NA,1159,2567,0,1,0,2568,A
6-NA,1160,2561,0,1,1,2563,A
6-NA,1161,0,2,2581,0,2583,G
6-NA,1162,1,2562,0,7,2570,T
6-NA,1163,5,0,0,2556,2561,C
6-NA,1164,12,2,1,2495,2510,C
6-NA,1165,2502,0,3,0,2505,A
6-NA,1166,2496,1,1,0,2498,A
6-NA,1167,2505,0,1,0,2506,A
6-NA,1168,0,2504,0,1,2505,T
6-NA,1169,0,2497,0,1,2498,T
6-NA,1170,0,3,2483,0,2486,G
6-NA,1171,0,0,0,2481,2481,C
6-NA,1172,2466,1,0,0,2467,A
6-NA,1173,2,3,2482,0,2487,G
6-NA,1174,2474,0,2,0,2476,A
6-NA,1175,0,2523,1,0,2524,T
6-NA,1176,2516,0,1,0,2517,A
6-NA,1177,2506,0,0,0,2506,A
6-NA,1178,2504,0,3,0,2507,A
6-NA,1179,0,2501,0,0,2501,T
6-NA,1180,2488,0,0,2,2490,A
6-NA,1181,0,1,2495,0,2496,G
6-NA,1182,1,3,2456,0,2460,G
6-NA,1183,2,0,0,2451,2453,C
6-NA,1184,2367,0,0,1,2368,A
6-NA,1185,2389,1,5,0,2395,A
6-NA,1186,0,2,2408,0,2410,G
6-NA,1187,1,2399,1,1,2402,T
6-NA,1188,17,0,0,2385,2402,C
6-NA,1189,2414,0,0,0,2414,A
6-NA,1190,0,2401,0,2,2403,T
6-NA,1191,2429,0,2,0,2431,A
6-NA,1192,1,2,2444,0,2447,G
6-NA,1193,1,2438,1,0,2440,T
6-NA,1194,1,2340,0,2,2343,T
6-NA,1195,0,12,2292,0,2304,G
6-NA,1196,2289,0,3,0,2292,A
6-NA,1197,2,1,0,2284,2287,C
6-NA,1198,2242,0,3,0,2245,A
6-NA,1199,0,2,2265,0,2267,G
6-NA,1200,2222,0,2,0,2224,A
6-NA,1201,0,4,2293,0,2297,G
6-NA,1202,0,1,2304,0,2305,G
6-NA,1203,1,2288,0,1,2290,T
6-NA,1204,2277,0,0,0,2277,A
6-NA,1205,2271,0,1,1,2273,A
6-NA,1206,0,2276,0,0,2276,T
6-NA,1207,2256,2,1,0,2259,A
6-NA,1208,0,3,2183,0,2186,G
6-NA,1209,1,5,2119,0,2125,G
6-NA,1210,1,1866,0,3,1870,T
6-NA,1211,5,0,0,1842,1847,C
6-NA,1212,5,1,0,1830,1836,C
6-NA,1213,3,5,1814,0,1822,G
6-NA,1214,0,0,1827,0,1827,G
6-NA,1215,1,1823,0,2,1826,T
6-NA,1216,0,1819,1,0,1820,T
6-NA,1217,1787,1,0,0,1788,A
6-NA,1218,0,1753,1,0,1754,T
6-NA,1219,0,1747,0,0,1747,T
6-NA,1220,2,1,0,1741,1744,C
6-NA,1221,0,1656,0,1,1657,T
6-NA,1222,1,5,1667,0,1673,G
6-NA,1223,1,0,1664,0,1665,G
6-NA,1224,3,1659,2,0,1664,T
6-NA,1225,1661,0,1,0,1662,A
6-NA,1226,0,1635,0,2,1637,T
6-NA,1227,0,1642,0,1,1643,T
6-NA,1228,0,1644,1,2,1647,T
6-NA,1229,1,1653,0,0,1654,T
6-NA,1230,5,0,0,1648,1653,C
6-NA,1231,0,1633,1,0,1634,T
6-NA,1232,4,0,0,1637,1641,C
6-NA,1233,0,1638,0,1,1639,T
6-NA,1234,1,1,1667,0,1669,G
6-NA,1235,0,1664,1,1,1666,T
6-NA,1236,0,1655,1,1,1657,T
6-NA,1237,2,1,1657,0,1660,G
6-NA,1238,1644,0,2,0,1646,A
6-NA,1239,1649,0,4,0,1653,A
6-NA,1240,0,2,1663,1,1666,G
6-NA,1241,1,3,1664,0,1668,G
6-NA,1242,0,1,0,1666,1667,C
6-NA,1243,1637,0,2,0,1639,A
6-NA,1244,1640,0,0,0,1640,A
6-NA,1245,1652,1,0,0,1653,A
6-NA,1246,1644,0,6,0,1650,A
6-NA,1247,0,1,1652,0,1653,G
6-NA,1248,0,0,0,1652,1652,C
6-NA,1249,0,1632,1,2,1635,T
6-NA,1250,0,0,1650,0,1650,G
6-NA,1251,1,2,0,1649,1652,C
6-NA,1252,1648,0,2,0,1650,A
6-NA,1253,0,1646,0,2,1648,T
6-NA,1254,4,0,0,1637,1641,C
6-NA,1255,1644,0,2,0,1646,A
6-NA,1256,1651,0,1,0,1652,A
6-NA,1257,1,1646,1,0,1648,T
6-NA,1258,4,0,0,1644,1648,C
6-NA,1259,1,3,1621,0,1625,G
6-NA,1260,1,0,1658,0,1659,G
6-NA,1261,1,1655,0,1,1657,T
6-NA,1262,2,1,1671,0,1674,G
6-NA,1263,0,0,0,1681,1681,C
6-NA,1264,0,1661,0,4,1665,T
6-NA,1265,0,1682,0,1,1683,T
6-NA,1266,0,1679,0,2,1681,T
6-NA,1267,0,1688,0,0,1688,T
6-NA,1268,1701,0,0,0,1701,A
6-NA,1269,0,1650,0,0,1650,T
6-NA,1270,0,1,1653,0,1654,G
6-NA,1271,1,1632,0,2,1635,T
6-NA,1272,1,3,1611,0,1615,G
6-NA,1273,0,1,1647,0,1648,G
6-NA,1274,1609,0,2,0,1611,A
6-NA,1275,0,1,1647,0,1648,G
6-NA,1276,0,1634,0,0,1634,T
6-NA,1277,0,1619,0,0,1619,T
6-NA,1278,0,9,1627,0,1636,G
6-NA,1279,1629,0,0,0,1629,A
6-NA,1280,1,1631,0,0,1632,T
6-NA,1281,1626,0,1,0,1627,A
6-NA,1282,1586,0,1,0,1587,A
6-NA,1283,0,1,1592,0,1593,G
6-NA,1284,0,2,1573,1,1576,G
6-NA,1285,1,3,1551,0,1555,G
6-NA,1286,0,0,1551,0,1551,G
6-NA,1287,1531,1,1,0,1533,A
6-NA,1288,1529,0,1,0,1530,A
6-NA,1289,1,2,1540,0,1543,G
6-NA,1290,1536,0,1,0,1537,A
6-NA,1291,1532,0,1,0,1533,A
6-NA,1292,1512,0,1,0,1513,A
6-NA,1293,1485,0,0,0,1485,A
6-NA,1294,0,3,1483,1,1487,G
6-NA,1295,1466,0,4,0,1470,A
6-NA,1296,0,1,1471,0,1472,G
6-NA,1297,1,5,1460,0,1466,G
6-NA,1298,1459,0,0,0,1459,A
6-NA,1299,1457,0,1,1,1459,A
6-NA,1300,1460,0,1,0,1461,A
6-NA,1301,0,0,0,1472,1472,C
6-NA,1302,0,1462,0,2,1464,T
6-NA,1303,1,3,1468,0,1472,G
6-NA,1304,1463,0,1,0,1464,A
6-NA,1305,1462,0,3,0,1465,A
6-NA,1306,12,0,1468,0,1480,G
6-NA,1307,0,1467,0,2,1469,T
6-NA,1308,1,0,0,1486,1487,C
6-NA,1309,0,1468,0,2,1470,T
6-NA,1310,2,1457,0,0,1459,T
6-NA,1311,0,2,1460,0,1462,G
6-NA,1312,0,1452,0,0,1452,T
6-NA,1313,1,2,1450,0,1453,G
6-NA,1314,0,4,1450,0,1454,G
6-NA,1315,1445,0,0,0,1445,A
6-NA,1316,6,0,0,1447,1453,C
6-NA,1317,3,0,0,1414,1417,C
6-NA,1318,0,1415,0,0,1415,T
6-NA,1319,1,1,0,1416,1418,C
6-NA,1320,0,5,1414,0,1419,G
6-NA,1321,1432,1,0,0,1433,A
6-NA,1322,1436,0,1,0,1437,A
6-NA,1323,0,0,0,1445,1445,C
6-NA,1324,1415,0,1,0,1416,A
6-NA,1325,0,0,1476,0,1476,G
6-NA,1326,0,1455,0,0,1455,T
6-NA,1327,1456,1,1,0,1458,A
6-NA,1328,0,1467,0,0,1467,T
6-NA,1329,0,1432,0,0,1432,T
6-NA,1330,0,2,1446,0,1448,G
6-NA,1331,0,1441,0,0,1441,T
6-NA,1332,0,1389,0,1,1390,T
6-NA,1333,0,0,1396,0,1396,G
6-NA,1334,0,1270,0,1,1271,T
6-NA,1335,1,0,1274,0,1275,G
6-NA,1336,1,1257,0,2,1260,T
6-NA,1337,1,1248,0,0,1249,T
6-NA,1338,0,1254,0,0,1254,T
6-NA,1339,0,1222,0,0,1222,T
6-NA,1340,0,0,1222,0,1222,G
6-NA,1341,0,1223,0,1,1224,T
6-NA,1342,0,2,1209,0,1211,G
6-NA,1343,0,1,1207,0,1208,G
6-NA,1344,1,0,0,1188,1189,C
6-NA,1345,1186,0,0,0,1186,A
6-NA,1346,1,2,0,1195,1198,C
6-NA,1347,3,0,0,1191,1194,C
6-NA,1348,0,1188,0,1,1189,T
6-NA,1349,1,0,0,1193,1194,C
6-NA,1350,1193,0,2,1,1196,A
6-NA,1351,1,4,1202,0,1207,G
6-NA,1352,0,3,1205,0,1208,G
6-NA,1353,0,1202,0,0,1202,T
6-NA,1354,1196,0,2,0,1198,A
6-NA,1355,3,0,0,1154,1157,C
6-NA,1356,1134,0,0,0,1134,A
6-NA,1357,0,1134,0,0,1134,T
6-NA,1358,1103,0,1,0,1104,A
6-NA,1359,0,1101,0,0,1101,T
6-NA,1360,0,1,1038,0,1039,G
6-NA,1361,1,0,1041,0,1042,G
6-NA,1362,1042,0,0,0,1042,A
6-NA,1363,1032,0,1,1,1034,A
6-NA,1364,0,0,0,1022,1022,C
6-NA,1365,849,0,0,0,849,A
6-NA,1366,0,2,847,1,850,G
6-NA,1367,0,0,849,0,849,G
6-NA,1368,0,0,0,852,852,C
6-NA,1369,0,844,0,1,845,T
6-NA,1370,1,0,1,807,809,C
6-NA,1371,805,0,0,0,805,A
6-NA,1372,0,803,0,1,804,T
6-NA,1373,0,2,804,0,806,G
6-NA,1374,0,0,806,0,806,G
6-NA,1375,0,1,0,768,769,C
6-NA,1376,0,0,0,761,761,C
6-NA,1377,0,730,0,0,730,T
6-NA,1378,0,1,727,0,728,G
6-NA,1379,723,0,0,0,723,A
6-NA,1380,1,723,0,1,725,T
6-NA,1381,0,1,711,0,712,G
6-NA,1382,0,1,692,0,693,G
6-NA,1383,0,2,646,0,648,G
6-NA,1384,0,0,649,1,650,G
6-NA,1385,0,0,0,636,636,C
6-NA,1386,0,0,636,0,636,G
6-NA,1387,1,2,625,0,628,G
6-NA,1388,619,1,0,0,620,A
6-NA,1389,0,0,0,620,620,C
6-NA,1390,615,0,1,0,616,A
6-NA,1391,0,600,0,1,601,T
6-NA,1392,3,1,0,595,599,C
6-NA,1393,588,0,1,0,589,A
6-NA,1394,590,0,0,0,590,A
6-NA,1395,0,588,0,0,588,T
6-NA,1396,1,0,0,573,574,C
6-NA,1397,0,563,0,1,564,T
6-NA,1398,2,0,0,481,483,C
6-NA,1399,479,0,1,0,480,A
6-NA,1400,0,476,0,0,476,T
6-NA,1401,0,0,476,0,476,G
6-NA,1402,0,0,0,472,472,C
6-NA,1403,2,0,0,444,446,C
6-NA,1404,0,398,0,1,399,T
6-NA,1405,394,0,0,0,394,A
6-NA,1406,0,394,0,0,394,T
6-NA,1407,390,0,0,0,390,A
6-NA,1408,0,390,0,0,390,T
6-NA,1409,368,0,0,0,368,A
6-NA,1410,351,0,0,0,351,A
7-M,1,81,0,0,0,81,A
7-M,2,0,83,0,0,83,T
7-M,3,0,0,82,0,82,G
7-M,4,83,0,0,0,83,A
7-M,5,0,0,90,0,90,G
7-M,6,0,0,0,96,96,C
7-M,7,0,1,0,97,98,C
7-M,8,0,129,0,0,129,T
7-M,9,0,130,0,0,130,T
7-M,10,0,0,0,131,131,C
7-M,11,0,130,0,0,130,T
7-M,12,133,0,0,0,133,A
7-M,13,133,0,1,0,134,A
7-M,14,0,0,0,133,133,C
7-M,15,0,0,0,132,132,C
7-M,16,0,0,134,0,134,G
7-M,17,136,0,0,0,136,A
7-M,18,0,0,140,0,140,G
7-M,19,0,0,145,0,145,G
7-M,20,0,145,0,0,145,T
7-M,21,0,0,0,144,144,C
7-M,22,0,0,146,0,146,G
7-M,23,152,0,0,0,152,A
7-M,24,152,0,0,0,152,A
7-M,25,154,0,0,0,154,A
7-M,26,0,0,0,178,178,C
7-M,27,0,0,182,0,182,G
7-M,28,0,185,0,0,185,T
7-M,29,188,0,0,0,188,A
7-M,30,0,188,0,0,188,T
7-M,31,0,1,191,0,192,G
7-M,32,0,193,0,0,193,T
7-M,33,0,215,0,0,215,T
7-M,34,0,0,0,225,225,C
7-M,35,0,223,0,1,224,T
7-M,36,0,0,0,235,235,C
7-M,37,0,233,0,1,234,T
7-M,38,1,0,0,244,245,C
7-M,39,0,245,0,0,245,T
7-M,40,245,0,0,0,245,A
7-M,41,0,246,0,0,246,T
7-M,42,0,0,0,246,246,C
7-M,43,0,0,250,0,250,G
7-M,44,0,249,0,0,249,T
7-M,45,1,247,0,0,248,T
7-M,46,0,0,1,251,252,C
7-M,47,0,0,0,260,260,C
7-M,48,262,0,0,0,262,A
7-M,49,0,261,0,0,261,T
7-M,50,1,0,0,261,262,C
7-M,51,261,0,0,0,261,A
7-M,52,0,1,263,0,264,G
7-M,53,0,0,264,0,264,G
7-M,54,0,0,0,267,267,C
7-M,55,2,0,0,264,266,C
7-M,56,1,0,0,266,267,C
7-M,57,0,0,0,278,278,C
7-M,58,0,1,0,278,279,C
7-M,59,0,280,0,0,280,T
7-M,60,0,0,0,281,281,C
7-M,61,282,0,0,0,282,A
7-M,62,283,0,0,0,283,A
7-M,63,287,0,0,0,287,A
7-M,64,0,0,291,0,291,G
7-M,65,0,0,0,291,291,C
7-M,66,0,0,0,289,289,C
7-M,67,0,1,288,0,289,G
7-M,68,288,0,0,0,288,A
7-M,69,0,1,287,0,288,G
7-M,70,293,0,0,0,293,A
7-M,71,0,294,0,1,295,T
7-M,72,2,0,0,291,293,C
7-M,73,1,0,296,0,297,G
7-M,74,0,0,0,298,298,C
7-M,75,1,0,297,0,298,G
7-M,76,0,0,0,297,297,C
7-M,77,298,0,0,0,298,A
7-M,78,0,0,297,0,297,G
7-M,79,295,0,0,0,295,A
7-M,80,0,1,309,0,310,G
7-M,81,310,0,0,0,310,A
7-M,82,0,0,0,312,312,C
7-M,83,0,313,0,0,313,T
7-M,84,0,312,0,0,312,T
7-M,85,0,2,316,0,318,G
7-M,86,318,0,0,0,318,A
7-M,87,318,0,0,0,318,A
7-M,88,0,0,319,0,319,G
7-M,89,318,0,0,0,318,A
7-M,90,0,321,0,0,321,T
7-M,91,4,0,319,0,323,G
7-M,92,0,323,0,1,324,T
7-M,93,1,0,1,321,323,C
7-M,94,0,321,0,1,322,T
7-M,95,0,321,0,0,321,T
7-M,96,0,319,0,0,319,T
7-M,97,0,0,320,0,320,G
7-M,98,0,0,0,320,320,C
7-M,99,0,318,0,0,318,T
7-M,100,0,1,316,0,317,G
7-M,101,0,0,319,0,319,G
7-M,102,0,0,329,0,329,G
7-M,103,329,0,0,0,329,A
7-M,104,328,0,0,0,328,A
7-M,105,330,0,0,0,330,A
7-M,106,332,0,0,0,332,A
7-M,107,337,0,0,0,337,A
7-M,108,0,0,0,338,338,C
7-M,109,339,0,0,0,339,A
7-M,110,0,0,0,339,339,C
7-M,111,336,0,0,0,336,A
7-M,112,0,1,339,0,340,G
7-M,113,345,0,0,0,345,A
7-M,114,1,352,0,0,353,T
7-M,115,1,0,0,356,357,C
7-M,116,0,353,0,0,353,T
7-M,117,0,354,0,0,354,T
7-M,118,0,1,353,0,354,G
7-M,119,354,0,0,0,354,A
7-M,120,0,0,355,0,355,G
7-M,121,0,0,352,0,352,G
7-M,122,0,0,0,354,354,C
7-M,123,0,351,0,1,352,T
7-M,124,1,0,0,379,380,C
7-M,125,0,376,0,1,377,T
7-M,126,1,0,0,380,381,C
7-M,127,380,0,0,0,380,A
7-M,128,0,384,0,0,384,T
7-M,129,0,1,382,0,383,G
7-M,130,0,0,379,0,379,G
7-M,131,379,0,0,0,379,A
7-M,132,378,0,0,0,378,A
7-M,133,0,360,0,0,360,T
7-M,134,0,0,373,0,373,G
7-M,135,0,0,387,0,387,G
7-M,136,0,0,0,387,387,C
7-M,137,0,386,0,0,386,T
7-M,138,387,0,1,0,388,A
7-M,139,385,0,0,0,385,A
7-M,140,392,0,0,0,392,A
7-M,141,0,1,397,1,399,G
7-M,142,397,0,1,0,398,A
7-M,143,0,0,0,395,395,C
7-M,144,376,0,0,0,376,A
7-M,145,375,0,0,0,375,A
7-M,146,0,1,394,0,395,G
7-M,147,394,0,1,0,395,A
7-M,148,0,0,0,397,397,C
7-M,149,1,0,0,392,393,C
7-M,150,386,0,0,0,386,A
7-M,151,392,0,1,0,393,A
7-M,152,0,394,0,0,394,T
7-M,153,0,398,0,0,398,T
7-M,154,1,0,0,395,396,C
7-M,155,0,398,0,0,398,T
7-M,156,0,0,398,0,398,G
7-M,157,0,397,0,0,397,T
7-M,158,2,0,0,396,398,C
7-M,159,403,0,0,0,403,A
7-M,160,0,0,0,417,417,C
7-M,161,1,0,0,411,412,C
7-M,162,0,412,0,0,412,T
7-M,163,1,0,0,417,418,C
7-M,164,0,415,0,0,415,T
7-M,165,0,1,423,0,424,G
7-M,166,426,0,1,1,428,A
7-M,167,0,1,0,426,427,C
7-M,168,0,426,0,1,427,T
7-M,169,418,0,0,0,418,A
7-M,170,416,0,1,0,417,A
7-M,171,0,0,418,0,418,G
7-M,172,0,1,417,1,419,G
7-M,173,0,2,417,0,419,G
7-M,174,0,2,420,0,422,G
7-M,175,433,0,0,0,433,A
7-M,176,0,430,0,0,430,T
7-M,177,0,430,0,0,430,T
7-M,178,0,430,0,0,430,T
7-M,179,0,427,0,0,427,T
7-M,180,0,1,428,0,429,G
7-M,181,0,4,424,0,428,G
7-M,182,0,0,428,0,428,G
7-M,183,0,0,433,0,433,G
7-M,184,0,422,0,1,423,T
7-M,185,0,425,0,0,425,T
7-M,186,0,424,0,0,424,T
7-M,187,0,0,436,0,436,G
7-M,188,0,435,0,0,435,T
7-M,189,0,0,437,0,437,G
7-M,190,0,440,0,0,440,T
7-M,191,1,437,0,0,438,T
7-M,192,2,0,0,439,441,C
7-M,193,440,0,0,0,440,A
7-M,194,1,0,0,447,448,C
7-M,195,0,0,448,0,448,G
7-M,196,0,0,0,445,445,C
7-M,197,0,438,0,0,438,T
7-M,198,2,1,0,455,458,C
7-M,199,458,0,0,0,458,A
7-M,200,0,0,0,464,464,C
7-M,201,0,0,0,461,461,C
7-M,202,0,0,463,0,463,G
7-M,203,0,457,0,0,457,T
7-M,204,0,0,455,0,455,G
7-M,205,0,0,0,455,455,C
7-M,206,2,0,0,456,458,C
7-M,207,1,0,0,458,459,C
7-M,208,449,0,0,0,449,A
7-M,209,0,0,459,0,459,G
7-M,210,1,455,0,0,456,T
7-M,211,1,3,451,0,455,G
7-M,212,454,0,1,0,455,A
7-M,213,0,0,457,0,457,G
7-M,214,1,0,0,452,453,C
7-M,215,0,2,455,0,457,G
7-M,216,453,0,0,0,453,A
7-M,217,0,1,456,0,457,G
7-M,218,0,0,456,0,456,G
7-M,219,454,0,0,0,454,A
7-M,220,1,0,0,456,457,C
7-M,221,0,449,0,0,449,T
7-M,222,0,0,453,0,453,G
7-M,223,0,0,0,452,452,C
7-M,224,452,0,0,0,452,A
7-M,225,0,1,468,0,469,G
7-M,226,1,0,0,464,465,C
7-M,227,0,0,469,0,469,G
7-M,228,0,469,0,0,469,T
7-M,229,461,0,1,0,462,A
7-M,230,0,2,462,0,464,G
7-M,231,461,1,0,0,462,A
7-M,232,0,0,0,461,461,C
7-M,233,0,0,467,0,467,G
7-M,234,0,1,0,465,466,C
7-M,235,0,462,0,0,462,T
7-M,236,0,461,0,0,461,T
7-M,237,0,460,0,0,460,T
7-M,238,2,0,470,0,472,G
7-M,239,0,471,0,1,472,T
7-M,240,1,0,0,468,469,C
7-M,241,0,0,0,472,472,C
7-M,242,470,0,0,0,470,A
7-M,243,470,0,0,0,470,A
7-M,244,472,0,0,0,472,A
7-M,245,473,0,0,0,473,A
7-M,246,0,471,0,0,471,T
7-M,247,0,0,469,0,469,G
7-M,248,0,0,0,468,468,C
7-M,249,3,0,0,465,468,C
7-M,250,1,0,0,478,479,C
7-M,251,0,475,0,0,475,T
7-M,252,0,0,0,490,490,C
7-M,253,493,0,0,0,493,A
7-M,254,496,0,1,0,497,A
7-M,255,0,505,0,0,505,T
7-M,256,0,1,506,0,507,G
7-M,257,1,2,512,0,515,G
7-M,258,0,3,509,0,512,G
7-M,259,512,0,0,0,512,A
7-M,260,510,1,0,0,511,A
7-M,261,0,498,0,0,498,T
7-M,262,0,1,497,0,498,G
7-M,263,0,0,492,0,492,G
7-M,264,493,0,0,0,493,A
7-M,265,0,1,491,0,492,G
7-M,266,483,1,0,0,484,A
7-M,267,1,0,0,473,474,C
7-M,268,1,0,0,496,497,C
7-M,269,1,0,0,499,500,C
7-M,270,506,0,0,0,506,A
7-M,271,507,0,0,0,507,A
7-M,272,507,0,0,0,507,A
7-M,273,0,507,0,0,507,T
7-M,274,524,0,0,0,524,A
7-M,275,526,0,0,0,526,A
7-M,276,0,0,0,509,509,C
7-M,277,506,0,0,0,506,A
7-M,278,0,504,0,0,504,T
7-M,279,1,1,514,0,516,G
7-M,280,0,2,514,0,516,G
7-M,281,516,0,0,0,516,A
7-M,282,0,0,0,516,516,C
7-M,283,509,0,0,0,509,A
7-M,284,509,0,0,0,509,A
7-M,285,508,0,1,0,509,A
7-M,286,0,1,513,0,514,G
7-M,287,1,0,0,524,525,C
7-M,288,518,0,0,0,518,A
7-M,289,0,2,525,0,527,G
7-M,290,0,527,0,0,527,T
7-M,291,0,526,0,0,526,T
7-M,292,530,0,0,0,530,A
7-M,293,526,0,0,0,526,A
7-M,294,527,0,0,0,527,A
7-M,295,0,0,0,533,533,C
7-M,296,0,513,0,1,514,T
7-M,297,0,0,551,0,551,G
7-M,298,0,546,0,0,546,T
7-M,299,549,0,0,0,549,A
7-M,300,1,548,0,0,549,T
7-M,301,539,0,0,0,539,A
7-M,302,0,0,538,0,538,G
7-M,303,502,0,2,0,504,A
7-M,304,512,0,0,0,512,A
7-M,305,512,0,0,0,512,A
7-M,306,523,0,0,0,523,A
7-M,307,0,0,0,536,536,C
7-M,308,0,532,0,0,532,T
7-M,309,0,532,0,0,532,T
7-M,310,532,0,0,0,532,A
7-M,311,529,0,1,0,530,A
7-M,312,0,1,529,0,530,G
7-M,313,525,0,1,0,526,A
7-M,314,1,4,524,0,529,G
7-M,315,1,0,524,0,525,G
7-M,316,0,1,527,0,528,G
7-M,317,529,0,0,0,529,A
7-M,318,0,0,535,0,535,G
7-M,319,541,0,0,0,541,A
7-M,320,0,539,0,0,539,T
7-M,321,539,0,0,0,539,A
7-M,322,544,0,0,0,544,A
7-M,323,0,0,0,551,551,C
7-M,324,21,1,523,0,545,G
7-M,325,0,550,0,1,551,T
7-M,326,1,546,0,0,547,T
7-M,327,1,1,0,550,552,C
7-M,328,1,1,0,550,552,C
7-M,329,548,1,0,0,549,A
7-M,330,0,548,0,0,548,T
7-M,331,0,2,541,0,543,G
7-M,332,0,2,542,0,544,G
7-M,333,0,1,540,0,541,G
7-M,334,0,1,544,0,545,G
7-M,335,0,0,0,543,543,C
7-M,336,1,0,0,537,538,C
7-M,337,536,0,0,0,536,A
7-M,338,541,0,0,0,541,A
7-M,339,537,0,0,0,537,A
7-M,340,0,1,547,0,548,G
7-M,341,549,0,0,0,549,A
7-M,342,548,0,0,0,548,A
7-M,343,548,0,0,0,548,A
7-M,344,0,551,0,0,551,T
7-M,345,548,0,0,0,548,A
7-M,346,0,0,549,0,549,G
7-M,347,0,0,0,548,548,C
7-M,348,0,543,0,1,544,T
7-M,349,0,0,0,551,551,C
7-M,350,0,545,0,0,545,T
7-M,351,0,0,0,564,564,C
7-M,352,564,0,1,0,565,A
7-M,353,0,0,567,0,567,G
7-M,354,0,562,0,0,562,T
7-M,355,0,567,0,0,567,T
7-M,356,571,0,0,0,571,A
7-M,357,1,567,0,0,568,T
7-M,358,0,567,0,0,567,T
7-M,359,0,0,0,571,571,C
7-M,360,0,550,0,1,551,T
7-M,361,0,0,560,0,560,G
7-M,362,0,0,0,565,565,C
7-M,363,0,560,0,1,561,T
7-M,364,0,3,557,0,560,G
7-M,365,0,0,563,0,563,G
7-M,366,0,559,0,0,559,T
7-M,367,0,0,565,0,565,G
7-M,368,1,0,0,558,559,C
7-M,369,566,0,0,0,566,A
7-M,370,0,0,0,564,564,C
7-M,371,0,560,0,0,560,T
7-M,372,0,568,0,0,568,T
7-M,373,0,1,568,0,569,G
7-M,374,0,0,0,566,566,C
7-M,375,1,3,0,560,564,C
7-M,376,565,0,0,0,565,A
7-M,377,0,0,565,0,565,G
7-M,378,0,563,0,2,565,T
7-M,379,0,566,0,0,566,T
7-M,380,0,0,573,0,573,G
7-M,381,0,0,0,568,568,C
7-M,382,567,0,0,0,567,A
7-M,383,0,567,0,0,567,T
7-M,384,1,1,565,0,567,G
7-M,385,0,1,578,0,579,G
7-M,386,1,0,576,0,577,G
7-M,387,0,0,0,580,580,C
7-M,388,0,0,0,588,588,C
7-M,389,0,587,0,2,589,T
7-M,390,2,1,0,589,592,C
7-M,391,625,0,0,0,625,A
7-M,392,0,628,0,0,628,T
7-M,393,648,0,0,0,648,A
7-M,394,0,642,0,0,642,T
7-M,395,629,0,0,0,629,A
7-M,396,0,0,0,660,660,C
7-M,397,637,0,0,0,637,A
7-M,398,641,0,1,0,642,A
7-M,399,0,637,1,0,638,T
7-M,400,594,0,1,0,595,A
7-M,401,0,4,605,0,609,G
7-M,402,0,3,607,0,610,G
7-M,403,606,0,2,0,608,A
7-M,404,0,604,0,0,604,T
7-M,405,0,0,574,0,574,G
7-M,406,0,1,572,0,573,G
7-M,407,0,1,570,0,571,G
7-M,408,0,2,574,0,576,G
7-M,409,0,3,570,0,573,G
7-M,410,1,0,0,565,566,C
7-M,411,0,556,0,0,556,T
7-M,412,0,0,559,0,559,G
7-M,413,0,557,0,0,557,T
7-M,414,558,0,0,0,558,A
7-M,415,557,0,0,0,557,A
7-M,416,2,0,0,559,561,C
7-M,417,1,1,0,556,558,C
7-M,418,550,0,0,0,550,A
7-M,419,2,0,0,550,552,C
7-M,420,0,551,0,0,551,T
7-M,421,1,1,552,0,554,G
7-M,422,550,0,0,0,550,A
7-M,423,544,1,1,0,546,A
7-M,424,0,0,551,0,551,G
7-M,425,0,547,0,0,547,T
7-M,426,0,1,546,0,547,G
7-M,427,0,0,547,0,547,G
7-M,428,0,1,0,542,543,C
7-M,429,545,0,0,0,545,A
7-M,430,0,541,0,0,541,T
7-M,431,0,543,0,0,543,T
7-M,432,0,542,0,1,543,T
7-M,433,0,1,557,0,558,G
7-M,434,0,1,558,0,559,G
7-M,435,0,0,0,557,557,C
7-M,436,1,0,0,555,556,C
7-M,437,0,552,0,1,553,T
7-M,438,0,1,588,0,589,G
7-M,439,0,0,595,0,595,G
7-M,440,2,593,0,0,595,T
7-M,441,597,0,0,0,597,A
7-M,442,0,575,0,0,575,T
7-M,443,0,0,593,0,593,G
7-M,444,0,593,0,0,593,T
7-M,445,2,1,584,0,587,G
7-M,446,0,0,0,595,595,C
7-M,447,565,0,0,0,565,A
7-M,448,562,0,0,0,562,A
7-M,449,0,1,0,564,565,C
7-M,450,563,1,0,0,564,A
7-M,451,0,565,0,0,565,T
7-M,452,0,2,558,0,560,G
7-M,453,0,538,0,0,538,T
7-M,454,0,2,537,0,539,G
7-M,455,536,0,1,0,537,A
7-M,456,0,0,536,0,536,G
7-M,457,1,0,0,535,536,C
7-M,458,521,0,0,0,521,A
7-M,459,0,0,523,0,523,G
7-M,460,518,0,1,0,519,A
7-M,461,0,520,0,0,520,T
7-M,462,0,520,0,0,520,T
7-M,463,0,0,524,0,524,G
7-M,464,0,0,0,527,527,C
7-M,465,0,520,1,2,523,T
7-M,466,1,1,521,0,523,G
7-M,467,524,0,1,0,525,A
7-M,468,0,0,0,549,549,C
7-M,469,1,557,1,0,559,T
7-M,470,3,0,0,555,558,C
7-M,471,0,1,0,557,558,C
7-M,472,1,1,0,556,558,C
7-M,473,554,0,0,0,554,A
7-M,474,1,0,562,0,563,G
7-M,475,1,0,0,560,561,C
7-M,476,562,0,1,0,563,A
7-M,477,1,0,0,560,561,C
7-M,478,515,0,1,0,516,A
7-M,479,0,1,521,0,522,G
7-M,480,0,2,526,0,528,G
7-M,481,0,523,0,2,525,T
7-M,482,1,0,0,541,542,C
7-M,483,0,531,0,0,531,T
7-M,484,0,0,0,539,539,C
7-M,485,540,0,0,0,540,A
7-M,486,0,538,0,0,538,T
7-M,487,539,0,1,0,540,A
7-M,488,0,0,519,0,519,G
7-M,489,0,1,510,0,511,G
7-M,490,1,0,0,509,510,C
7-M,491,488,0,0,0,488,A
7-M,492,0,0,485,0,485,G
7-M,493,491,1,0,0,492,A
7-M,494,0,494,0,0,494,T
7-M,495,0,2,492,0,494,G
7-M,496,1,0,493,0,494,G
7-M,497,0,487,0,0,487,T
7-M,498,0,3,496,0,499,G
7-M,499,0,1,497,0,498,G
7-M,500,0,0,0,500,500,C
7-M,501,495,0,0,0,495,A
7-M,502,495,0,0,0,495,A
7-M,503,0,0,0,502,502,C
7-M,504,502,0,0,0,502,A
7-M,505,504,0,0,0,504,A
7-M,506,2,0,0,505,507,C
7-M,507,0,0,0,508,508,C
7-M,508,503,0,0,0,503,A
7-M,509,507,0,0,0,507,A
7-M,510,0,511,0,0,511,T
7-M,511,0,1,0,510,511,C
7-M,512,0,0,0,508,508,C
7-M,513,498,0,0,0,498,A
7-M,514,0,496,0,0,496,T
7-M,515,0,498,0,1,499,T
7-M,516,495,0,0,0,495,A
7-M,517,499,1,0,0,500,A
7-M,518,0,501,0,0,501,T
7-M,519,499,0,0,0,499,A
7-M,520,498,0,0,0,498,A
7-M,521,487,0,0,0,487,A
7-M,522,495,0,0,0,495,A
7-M,523,1,0,0,504,505,C
7-M,524,502,0,1,0,503,A
7-M,525,1,502,0,0,503,T
7-M,526,0,1,504,0,505,G
7-M,527,501,0,0,0,501,A
7-M,528,0,1,508,0,509,G
7-M,529,501,1,2,1,505,A
7-M,530,508,0,0,0,508,A
7-M,531,0,2,0,513,515,C
7-M,532,495,0,1,0,496,A
7-M,533,0,1,502,0,503,G
7-M,534,498,0,0,0,498,A
7-M,535,501,0,0,0,501,A
7-M,536,0,499,0,0,499,T
7-M,537,0,4,492,0,496,G
7-M,538,0,1,494,0,495,G
7-M,539,0,489,0,0,489,T
7-M,540,0,469,0,1,470,T
7-M,541,0,479,0,0,479,T
7-M,542,0,480,0,0,480,T
7-M,543,0,1,482,0,483,G
7-M,544,0,1,477,0,478,G
7-M,545,1,1,0,481,483,C
7-M,546,0,1,0,483,484,C
7-M,547,471,0,0,0,471,A
7-M,548,0,0,488,0,488,G
7-M,549,2,0,0,487,489,C
7-M,550,491,0,0,0,491,A
7-M,551,0,0,0,499,499,C
7-M,552,0,492,0,0,492,T
7-M,553,495,0,0,0,495,A
7-M,554,1,0,0,498,499,C
7-M,555,499,0,0,0,499,A
7-M,556,0,0,509,0,509,G
7-M,557,0,0,0,493,493,C
7-M,558,0,489,0,0,489,T
7-M,559,488,0,0,0,488,A
7-M,560,484,0,1,0,485,A
7-M,561,0,2,490,0,492,G
7-M,562,0,0,493,0,493,G
7-M,563,1,0,0,491,492,C
7-M,564,0,470,0,1,471,T
7-M,565,471,0,0,0,471,A
7-M,566,0,470,0,0,470,T
7-M,567,0,1,469,0,470,G
7-M,568,0,1,472,0,473,G
7-M,569,463,0,0,0,463,A
7-M,570,1,0,465,0,466,G
7-M,571,2,0,0,455,457,C
7-M,572,456,0,0,0,456,A
7-M,573,454,0,0,0,454,A
7-M,574,452,0,1,0,453,A
7-M,575,0,460,0,0,460,T
7-M,576,1,0,459,0,460,G
7-M,577,0,0,457,0,457,G
7-M,578,0,0,0,456,456,C
7-M,579,0,452,0,1,453,T
7-M,580,0,1,453,0,454,G
7-M,581,0,1,459,0,460,G
7-M,582,459,0,0,0,459,A
7-M,583,0,456,0,1,457,T
7-M,584,3,0,0,447,450,C
7-M,585,449,0,1,1,451,A
7-M,586,456,0,0,0,456,A
7-M,587,0,0,456,0,456,G
7-M,588,0,452,0,0,452,T
7-M,589,1,2,448,0,451,G
7-M,590,442,0,0,0,442,A
7-M,591,0,1,440,0,441,G
7-M,592,0,1,0,439,440,C
7-M,593,440,0,0,0,440,A
7-M,594,0,2,442,0,444,G
7-M,595,0,0,441,0,441,G
7-M,596,0,0,0,440,440,C
7-M,597,434,1,1,0,436,A
7-M,598,0,1,441,0,442,G
7-M,599,0,0,0,442,442,C
7-M,600,1,0,439,0,440,G
7-M,601,0,1,439,0,440,G
7-M,602,439,0,0,0,439,A
7-M,603,0,0,442,0,442,G
7-M,604,0,0,441,1,442,G
7-M,605,0,0,0,443,443,C
7-M,606,0,0,0,447,447,C
7-M,607,439,0,0,0,439,A
7-M,608,0,441,0,0,441,T
7-M,609,0,0,443,0,443,G
7-M,610,4,0,437,0,441,G
7-M,611,441,1,0,0,442,A
7-M,612,0,1,437,0,438,G
7-M,613,432,0,0,0,432,A
7-M,614,0,443,0,0,443,T
7-M,615,0,439,0,0,439,T
7-M,616,0,0,440,0,440,G
7-M,617,1,0,2,438,441,C
7-M,618,0,437,0,0,437,T
7-M,619,444,0,0,0,444,A
7-M,620,0,0,445,0,445,G
7-M,621,0,441,0,0,441,T
7-M,622,1,0,0,444,445,C
7-M,623,434,0,1,0,435,A
7-M,624,0,0,440,0,440,G
7-M,625,0,1,439,0,440,G
7-M,626,0,0,0,435,435,C
7-M,627,2,0,0,434,436,C
7-M,628,435,0,0,0,435,A
7-M,629,0,4,436,0,440,G
7-M,630,0,0,439,0,439,G
7-M,631,0,0,0,441,441,C
7-M,632,442,0,0,0,442,A
7-M,633,1,0,441,1,443,G
7-M,634,438,0,0,0,438,A
7-M,635,0,439,0,0,439,T
7-M,636,0,0,442,0,442,G
7-M,637,0,0,452,0,452,G
7-M,638,0,450,0,0,450,T
7-M,639,0,1,448,0,449,G
7-M,640,0,1,0,448,449,C
7-M,641,446,1,0,0,447,A
7-M,642,0,1,457,0,458,G
7-M,643,0,0,455,0,455,G
7-M,644,0,0,0,455,455,C
7-M,645,451,0,0,0,451,A
7-M,646,446,0,1,0,447,A
7-M,647,0,445,0,0,445,T
7-M,648,0,3,441,0,444,G
7-M,649,440,0,0,0,440,A
7-M,650,0,0,441,0,441,G
7-M,651,429,0,1,0,430,A
7-M,652,0,1,436,0,437,G
7-M,653,1,0,0,433,434,C
7-M,654,0,1,0,443,444,C
7-M,655,449,0,0,0,449,A
7-M,656,0,450,0,0,450,T
7-M,657,0,445,0,0,445,T
7-M,658,0,2,444,0,446,G
7-M,659,0,5,443,0,448,G
7-M,660,0,1,446,0,447,G
7-M,661,450,0,0,0,450,A
7-M,662,0,0,0,452,452,C
7-M,663,0,429,0,0,429,T
7-M,664,1,0,0,434,435,C
7-M,665,439,0,0,0,439,A
7-M,666,0,457,0,0,457,T
7-M,667,0,1,0,457,458,C
7-M,668,1,0,0,459,460,C
7-M,669,0,457,0,0,457,T
7-M,670,456,0,0,0,456,A
7-M,671,0,0,465,0,465,G
7-M,672,0,522,0,0,522,T
7-M,673,0,520,0,0,520,T
7-M,674,1,0,0,513,514,C
7-M,675,2,0,0,506,508,C
7-M,676,504,1,1,0,506,A
7-M,677,0,0,517,0,517,G
7-M,678,0,515,0,0,515,T
7-M,679,515,0,0,0,515,A
7-M,680,0,0,0,514,514,C
7-M,681,0,457,0,1,458,T
7-M,682,0,0,476,0,476,G
7-M,683,0,1,495,0,496,G
7-M,684,0,495,0,0,495,T
7-M,685,0,0,0,496,496,C
7-M,686,0,487,0,1,488,T
7-M,687,488,0,1,0,489,A
7-M,688,489,0,0,0,489,A
7-M,689,0,1,491,0,492,G
7-M,690,485,0,0,0,485,A
7-M,691,0,3,467,0,470,G
7-M,692,450,0,0,0,450,A
7-M,693,0,447,0,2,449,T
7-M,694,0,3,448,0,451,G
7-M,695,451,0,0,0,451,A
7-M,696,0,447,0,2,449,T
7-M,697,4,0,0,447,451,C
7-M,698,0,443,0,0,443,T
7-M,699,0,449,0,0,449,T
7-M,700,0,0,0,452,452,C
7-M,701,0,450,1,0,451,T
7-M,702,0,450,0,1,451,T
7-M,703,0,2,448,0,450,G
7-M,704,450,0,0,0,450,A
7-M,705,451,0,0,0,451,A
7-M,706,448,0,0,0,448,A
7-M,707,451,0,0,0,451,A
7-M,708,0,450,0,0,450,T
7-M,709,0,451,0,0,451,T
7-M,710,0,453,0,0,453,T
7-M,711,0,0,453,0,453,G
7-M,712,0,0,0,452,452,C
7-M,713,452,0,0,0,452,A
7-M,714,0,2,449,0,451,G
7-M,715,450,0,0,0,450,A
7-M,716,0,0,0,461,461,C
7-M,717,0,0,0,462,462,C
7-M,718,0,463,0,0,463,T
7-M,719,475,0,0,0,475,A
7-M,720,0,474,0,0,474,T
7-M,721,1,0,0,476,477,C
7-M,722,472,1,0,0,473,A
7-M,723,0,0,472,0,472,G
7-M,724,466,0,1,0,467,A
7-M,725,461,0,2,0,463,A
7-M,726,467,0,0,0,467,A
7-M,727,1,0,0,464,465,C
7-M,728,0,1,473,0,474,G
7-M,729,469,0,0,0,469,A
7-M,730,471,0,0,0,471,A
7-M,731,0,470,0,1,471,T
7-M,732,0,0,470,0,470,G
7-M,733,0,1,470,1,472,G
7-M,734,0,2,472,0,474,G
7-M,735,0,0,473,0,473,G
7-M,736,0,2,471,0,473,G
7-M,737,0,461,0,0,461,T
7-M,738,1,0,459,0,460,G
7-M,739,0,0,0,462,462,C
7-M,740,463,0,0,0,463,A
7-M,741,0,2,464,0,466,G
7-M,742,457,2,0,0,459,A
7-M,743,0,453,0,0,453,T
7-M,744,0,0,452,0,452,G
7-M,745,0,0,0,447,447,C
7-M,746,449,0,0,0,449,A
7-M,747,448,0,1,0,449,A
7-M,748,0,0,0,455,455,C
7-M,749,0,2,449,0,451,G
7-M,750,456,0,0,0,456,A
7-M,751,0,459,0,0,459,T
7-M,752,0,455,0,0,455,T
7-M,753,3,0,0,459,462,C
7-M,754,459,0,0,0,459,A
7-M,755,459,0,0,0,459,A
7-M,756,0,0,461,0,461,G
7-M,757,0,452,0,0,452,T
7-M,758,0,3,444,0,447,G
7-M,759,443,0,0,0,443,A
7-M,760,0,0,0,445,445,C
7-M,761,1,1,0,441,443,C
7-M,762,0,0,0,445,445,C
7-M,763,1,0,442,0,443,G
7-M,764,0,0,0,442,442,C
7-M,765,0,444,0,0,444,T
7-M,766,0,442,0,0,442,T
7-M,767,0,0,445,0,445,G
7-M,768,0,444,0,0,444,T
7-M,769,0,442,0,0,442,T
7-M,770,0,0,442,0,442,G
7-M,771,0,432,1,0,433,T
7-M,772,0,426,0,0,426,T
7-M,773,0,0,421,0,421,G
7-M,774,1,0,0,418,419,C
7-M,775,0,0,0,424,424,C
7-M,776,0,2,423,0,425,G
7-M,777,0,0,0,416,416,C
7-M,778,1,1,420,0,422,G
7-M,779,423,0,0,0,423,A
7-M,780,420,0,0,0,420,A
7-M,781,0,427,0,0,427,T
7-M,782,426,0,0,0,426,A
7-M,783,0,432,0,0,432,T
7-M,784,2,0,0,440,442,C
7-M,785,437,0,0,0,437,A
7-M,786,0,436,0,0,436,T
7-M,787,0,429,0,0,429,T
7-M,788,1,0,428,0,429,G
7-M,789,0,0,429,0,429,G
7-M,790,0,2,426,0,428,G
7-M,791,428,0,0,0,428,A
7-M,792,0,424,0,0,424,T
7-M,793,0,0,0,409,409,C
7-M,794,0,406,0,0,406,T
7-M,795,0,409,0,0,409,T
7-M,796,0,1,413,0,414,G
7-M,797,0,0,0,412,412,C
7-M,798,412,0,0,0,412,A
7-M,799,0,1,0,416,417,C
7-M,800,0,409,0,1,410,T
7-M,801,0,411,0,0,411,T
7-M,802,0,2,408,0,410,G
7-M,803,415,0,0,0,415,A
7-M,804,0,415,0,0,415,T
7-M,805,402,0,0,0,402,A
7-M,806,0,401,0,0,401,T
7-M,807,0,395,0,0,395,T
7-M,808,0,0,397,0,397,G
7-M,809,0,395,0,0,395,T
7-M,810,0,0,397,0,397,G
7-M,811,0,0,397,0,397,G
7-M,812,380,0,1,0,381,A
7-M,813,0,383,0,0,383,T
7-M,814,0,380,0,0,380,T
7-M,815,2,0,0,380,382,C
7-M,816,0,381,0,0,381,T
7-M,817,0,377,0,1,378,T
7-M,818,0,2,375,0,377,G
7-M,819,381,0,0,0,381,A
7-M,820,0,381,0,0,381,T
7-M,821,3,0,0,371,374,C
7-M,822,0,0,376,0,376,G
7-M,823,0,374,0,0,374,T
7-M,824,0,0,0,373,373,C
7-M,825,0,372,0,1,373,T
7-M,826,0,370,0,0,370,T
7-M,827,0,0,0,368,368,C
7-M,828,0,369,0,0,369,T
7-M,829,0,375,0,0,375,T
7-M,830,0,374,0,1,375,T
7-M,831,0,377,0,0,377,T
7-M,832,0,0,0,377,377,C
7-M,833,374,0,1,0,375,A
7-M,834,378,0,1,0,379,A
7-M,835,379,0,0,0,379,A
7-M,836,0,376,0,0,376,T
7-M,837,0,1,376,0,377,G
7-M,838,0,0,0,370,370,C
7-M,839,0,0,370,0,370,G
7-M,840,0,376,0,0,376,T
7-M,841,0,0,0,373,373,C
7-M,842,0,373,0,0,373,T
7-M,843,373,0,1,0,374,A
7-M,844,0,374,0,0,374,T
7-M,845,0,0,0,373,373,C
7-M,846,0,0,372,0,372,G
7-M,847,369,0,0,0,369,A
7-M,848,0,0,0,372,372,C
7-M,849,0,361,0,0,361,T
7-M,850,1,0,0,367,368,C
7-M,851,0,364,0,3,367,T
7-M,852,0,367,0,0,367,T
7-M,853,0,0,0,369,369,C
7-M,854,369,0,1,0,370,A
7-M,855,370,0,0,0,370,A
7-M,856,367,0,0,0,367,A
7-M,857,0,0,0,370,370,C
7-M,858,364,0,0,0,364,A
7-M,859,0,0,0,346,346,C
7-M,860,0,0,340,0,340,G
7-M,861,0,0,354,0,354,G
7-M,862,1,1,0,356,358,C
7-M,863,2,0,0,356,358,C
7-M,864,1,357,0,0,358,T
7-M,865,0,356,0,0,356,T
7-M,866,358,0,0,0,358,A
7-M,867,357,0,0,0,357,A
7-M,868,358,0,0,0,358,A
7-M,869,357,0,1,0,358,A
7-M,870,0,1,350,0,351,G
7-M,871,300,0,0,0,300,A
7-M,872,0,1,298,0,299,G
7-M,873,0,1,296,1,298,G
7-M,874,1,0,0,299,300,C
7-M,875,3,0,0,292,295,C
7-M,876,0,0,0,296,296,C
7-M,877,0,297,0,0,297,T
7-M,878,1,300,0,0,301,T
7-M,879,0,0,0,302,302,C
7-M,880,0,305,0,0,305,T
7-M,881,306,0,0,0,306,A
7-M,882,8,1,0,295,304,C
7-M,883,0,2,300,0,302,G
7-M,884,0,0,303,0,303,G
7-M,885,294,0,0,0,294,A
7-M,886,299,0,0,0,299,A
7-M,887,0,0,296,0,296,G
7-M,888,0,2,294,0,296,G
7-M,889,290,0,0,0,290,A
7-M,890,0,0,296,0,296,G
7-M,891,0,294,0,1,295,T
7-M,892,298,0,0,0,298,A
7-M,893,1,0,0,297,298,C
7-M,894,1,0,0,294,295,C
7-M,895,1,293,0,0,294,T
7-M,896,0,2,294,0,296,G
7-M,897,289,0,1,0,290,A
7-M,898,0,0,304,0,304,G
7-M,899,0,292,0,0,292,T
7-M,900,1,0,0,291,292,C
7-M,901,0,282,0,0,282,T
7-M,902,282,0,0,0,282,A
7-M,903,0,281,0,0,281,T
7-M,904,0,0,282,0,282,G
7-M,905,279,0,0,0,279,A
7-M,906,0,1,276,0,277,G
7-M,907,1,1,253,0,255,G
7-M,908,0,2,252,0,254,G
7-M,909,251,0,0,0,251,A
7-M,910,249,0,0,0,249,A
7-M,911,0,3,245,0,248,G
7-M,912,246,0,0,0,246,A
7-M,913,252,0,0,0,252,A
7-M,914,0,251,0,0,251,T
7-M,915,249,0,0,0,249,A
7-M,916,0,250,0,0,250,T
7-M,917,1,10,0,235,246,C
7-M,918,0,1,249,0,250,G
7-M,919,249,0,1,0,250,A
7-M,920,247,0,1,0,248,A
7-M,921,248,0,0,0,248,A
7-M,922,0,0,243,0,243,G
7-M,923,0,1,246,0,247,G
7-M,924,246,0,0,0,246,A
7-M,925,246,0,0,0,246,A
7-M,926,1,1,0,244,246,C
7-M,927,243,0,0,0,243,A
7-M,928,0,0,247,0,247,G
7-M,929,0,0,0,249,249,C
7-M,930,245,0,0,0,245,A
7-M,931,0,0,246,0,246,G
7-M,932,222,0,0,0,222,A
7-M,933,226,0,0,0,226,A
7-M,934,0,226,0,0,226,T
7-M,935,0,0,219,0,219,G
7-M,936,0,0,0,219,219,C
7-M,937,0,212,0,1,213,T
7-M,938,0,0,215,0,215,G
7-M,939,0,215,0,0,215,T
7-M,940,0,1,214,0,215,G
7-M,941,0,0,214,0,214,G
7-M,942,201,0,1,0,202,A
7-M,943,0,203,0,0,203,T
7-M,944,0,0,198,0,198,G
7-M,945,0,0,0,196,196,C
7-M,946,0,187,0,0,187,T
7-M,947,1,0,186,0,187,G
7-M,948,187,0,0,0,187,A
7-M,949,1,0,0,185,186,C
7-M,950,0,0,185,0,185,G
7-M,951,185,0,0,0,185,A
7-M,952,0,0,0,185,185,C
7-M,953,180,0,0,0,180,A
7-M,954,0,0,181,0,181,G
7-M,955,1,178,0,0,179,T
7-M,956,2,0,0,178,180,C
7-M,957,181,0,0,0,181,A
7-M,958,0,180,0,0,180,T
7-M,959,0,178,0,0,178,T
7-M,960,0,177,0,1,178,T
7-M,961,0,175,0,0,175,T
7-M,962,0,0,175,0,175,G
7-M,963,0,161,0,0,161,T
7-M,964,2,0,0,158,160,C
7-M,965,158,0,0,0,158,A
7-M,966,0,0,158,0,158,G
7-M,967,0,0,0,158,158,C
7-M,968,157,0,0,0,157,A
7-M,969,0,156,0,1,157,T
7-M,970,150,0,0,0,150,A
7-M,971,0,0,150,0,150,G
7-M,972,145,0,0,0,145,A
7-M,973,0,0,144,0,144,G
7-M,974,0,143,0,0,143,T
7-M,975,0,99,0,0,99,T
7-M,976,0,0,97,0,97,G
7-M,977,0,0,97,0,97,G
7-M,978,96,0,0,0,96,A
7-M,979,0,0,96,0,96,G
7-M,980,0,56,0,0,56,T
7-M,981,54,0,0,0,54,A
7-M,982,53,0,0,0,53,A
8-NS,1,152,0,0,0,152,A
8-NS,2,0,152,0,0,152,T
8-NS,3,0,0,160,0,160,G
8-NS,4,0,0,173,0,173,G
8-NS,5,183,0,0,0,183,A
8-NS,6,0,364,0,0,364,T
8-NS,7,0,366,0,0,366,T
8-NS,8,0,0,1,376,377,C
8-NS,9,0,0,0,379,379,C
8-NS,10,378,0,0,0,378,A
8-NS,11,379,0,1,0,380,A
8-NS,12,0,0,0,381,381,C
8-NS,13,379,0,0,0,379,A
8-NS,14,0,0,0,383,383,C
8-NS,15,0,383,0,0,383,T
8-NS,16,0,0,427,0,427,G
8-NS,17,0,429,0,0,429,T
8-NS,18,0,0,435,0,435,G
8-NS,19,0,435,0,1,436,T
8-NS,20,2,0,0,434,436,C
8-NS,21,435,0,0,0,435,A
8-NS,22,435,1,0,0,436,A
8-NS,23,1,0,440,0,441,G
8-NS,24,0,452,0,0,452,T
8-NS,25,0,451,0,0,451,T
8-NS,26,0,460,0,1,461,T
8-NS,27,0,0,0,459,459,C
8-NS,28,1,2,1,457,461,C
8-NS,29,461,0,0,0,461,A
8-NS,30,0,4,462,0,466,G
8-NS,31,0,0,467,0,467,G
8-NS,32,0,469,0,0,469,T
8-NS,33,466,2,2,0,470,A
8-NS,34,0,1,472,0,473,G
8-NS,35,473,0,0,0,473,A
8-NS,36,0,477,0,0,477,T
8-NS,37,0,477,0,0,477,T
8-NS,38,0,0,484,0,484,G
8-NS,39,0,1,0,478,479,C
8-NS,40,0,478,0,2,480,T
8-NS,41,0,485,0,0,485,T
8-NS,42,0,483,0,0,483,T
8-NS,43,1,0,0,498,499,C
8-NS,44,0,499,0,0,499,T
8-NS,45,0,497,0,0,497,T
8-NS,46,0,499,0,0,499,T
8-NS,47,0,2,498,0,500,G
8-NS,48,0,1,501,0,502,G
8-NS,49,0,1,0,500,501,C
8-NS,50,500,1,0,0,501,A
8-NS,51,0,503,0,0,503,T
8-NS,52,508,0,0,0,508,A
8-NS,53,0,519,1,0,520,T
8-NS,54,0,0,0,523,523,C
8-NS,55,0,2,0,521,523,C
8-NS,56,0,1,523,0,524,G
8-NS,57,0,2,527,0,529,G
8-NS,58,528,0,0,0,528,A
8-NS,59,531,0,0,0,531,A
8-NS,60,533,0,0,0,533,A
8-NS,61,1,0,0,534,535,C
8-NS,62,533,0,0,0,533,A
8-NS,63,534,0,2,1,537,A
8-NS,64,0,0,557,0,557,G
8-NS,65,0,558,0,0,558,T
8-NS,66,0,556,0,0,556,T
8-NS,67,0,1,558,0,559,G
8-NS,68,0,557,0,0,557,T
8-NS,69,555,0,0,0,555,A
8-NS,70,0,6,553,0,559,G
8-NS,71,592,0,0,0,592,A
8-NS,72,0,0,0,601,601,C
8-NS,73,2,0,0,592,594,C
8-NS,74,593,0,0,0,593,A
8-NS,75,598,0,0,0,598,A
8-NS,76,0,1,624,0,625,G
8-NS,77,622,0,1,0,623,A
8-NS,78,628,0,2,0,630,A
8-NS,79,1,0,0,630,631,C
8-NS,80,0,616,0,0,616,T
8-NS,81,0,2,622,0,624,G
8-NS,82,622,0,0,0,622,A
8-NS,83,0,0,635,0,635,G
8-NS,84,1,635,0,0,636,T
8-NS,85,0,1,627,1,629,G
8-NS,86,632,1,0,0,633,A
8-NS,87,0,631,1,0,632,T
8-NS,88,0,0,638,0,638,G
8-NS,89,0,0,0,650,650,C
8-NS,90,0,0,0,645,645,C
8-NS,91,3,0,0,649,652,C
8-NS,92,1,0,0,648,649,C
8-NS,93,649,0,0,0,649,A
8-NS,94,0,659,0,0,659,T
8-NS,95,0,667,0,1,668,T
8-NS,96,0,0,0,669,669,C
8-NS,97,2,0,0,663,665,C
8-NS,98,0,661,0,0,661,T
8-NS,99,0,658,0,0,658,T
8-NS,100,0,2,656,0,658,G
8-NS,101,659,0,0,0,659,A
8-NS,102,0,652,1,1,654,T
8-NS,103,4,0,0,649,653,C
8-NS,104,0,0,649,0,649,G
8-NS,105,1,0,647,0,648,G
8-NS,106,0,0,0,652,652,C
8-NS,107,0,651,0,0,651,T
8-NS,108,0,651,0,0,651,T
8-NS,109,0,0,0,652,652,C
8-NS,110,0,1,653,1,655,G
8-NS,111,0,0,0,657,657,C
8-NS,112,5,0,0,649,654,C
8-NS,113,0,3,651,0,654,G
8-NS,114,658,0,0,0,658,A
8-NS,115,0,1,676,0,677,G
8-NS,116,678,0,0,0,678,A
8-NS,117,0,679,0,1,680,T
8-NS,118,1,1,0,678,680,C
8-NS,119,677,0,0,0,677,A
8-NS,120,0,0,680,0,680,G
8-NS,121,672,0,1,0,673,A
8-NS,122,0,2,683,0,685,G
8-NS,123,0,1,687,0,688,G
8-NS,124,1,687,0,1,689,T
8-NS,125,2,2,0,722,726,C
8-NS,126,1,0,0,727,728,C
8-NS,127,0,0,0,730,730,C
8-NS,128,0,729,0,1,730,T
8-NS,129,731,0,0,0,731,A
8-NS,130,729,0,0,0,729,A
8-NS,131,0,2,743,0,745,G
8-NS,132,0,4,741,0,745,G
8-NS,133,1,1,741,0,743,G
8-NS,134,1,1,720,0,722,G
8-NS,135,716,0,0,0,716,A
8-NS,136,719,0,2,0,721,A
8-NS,137,0,0,726,0,726,G
8-NS,138,746,0,0,0,746,A
8-NS,139,1,0,750,0,751,G
8-NS,140,1,0,757,0,758,G
8-NS,141,0,0,0,758,758,C
8-NS,142,758,1,1,0,760,A
8-NS,143,765,0,0,0,765,A
8-NS,144,0,767,0,0,767,T
8-NS,145,772,0,1,0,773,A
8-NS,146,0,0,0,787,787,C
8-NS,147,0,762,0,1,763,T
8-NS,148,0,0,0,764,764,C
8-NS,149,0,762,0,1,763,T
8-NS,150,2,2,0,762,766,C
8-NS,151,0,1,772,0,773,G
8-NS,152,0,0,810,1,811,G
8-NS,153,0,809,0,0,809,T
8-NS,154,3,0,0,815,818,C
8-NS,155,0,819,0,0,819,T
8-NS,156,829,0,0,0,829,A
8-NS,157,0,4,824,0,828,G
8-NS,158,830,0,0,0,830,A
8-NS,159,0,0,0,860,860,C
8-NS,160,851,0,0,0,851,A
8-NS,161,0,840,1,0,841,T
8-NS,162,3,0,0,840,843,C
8-NS,163,843,0,0,0,843,A
8-NS,164,844,0,0,0,844,A
8-NS,165,839,0,0,0,839,A
8-NS,166,0,1,839,0,840,G
8-NS,167,0,0,0,840,840,C
8-NS,168,827,0,2,0,829,A
8-NS,169,0,0,836,0,836,G
8-NS,170,1,0,0,833,834,C
8-NS,171,3,0,0,827,830,C
8-NS,172,840,0,0,0,840,A
8-NS,173,1,1,0,846,848,C
8-NS,174,5,1,0,847,853,C
8-NS,175,0,0,0,852,852,C
8-NS,176,862,0,0,0,862,A
8-NS,177,0,866,0,0,866,T
8-NS,178,0,0,865,0,865,G
8-NS,179,0,862,0,2,864,T
8-NS,180,0,859,0,1,860,T
8-NS,181,2,1,856,0,859,G
8-NS,182,0,0,853,0,853,G
8-NS,183,844,0,1,0,845,A
8-NS,184,846,1,0,0,847,A
8-NS,185,838,0,0,0,838,A
8-NS,186,2,0,841,0,843,G
8-NS,187,1,0,0,842,843,C
8-NS,188,842,0,0,1,843,A
8-NS,189,840,0,0,0,840,A
8-NS,190,836,0,0,0,836,A
8-NS,191,0,839,0,0,839,T
8-NS,192,1,838,0,0,839,T
8-NS,193,0,1,856,0,857,G
8-NS,194,0,862,0,0,862,T
8-NS,195,859,0,0,0,859,A
8-NS,196,0,3,857,0,860,G
8-NS,197,859,0,0,0,859,A
8-NS,198,855,0,1,0,856,A
8-NS,199,858,0,1,0,859,A
8-NS,200,852,0,1,0,853,A
8-NS,201,0,1,857,0,858,G
8-NS,202,842,0,0,0,842,A
8-NS,203,0,836,1,1,838,T
8-NS,204,0,841,0,0,841,T
8-NS,205,0,0,0,844,844,C
8-NS,206,0,841,0,1,842,T
8-NS,207,1,1,842,0,844,G
8-NS,208,843,0,0,0,843,A
8-NS,209,846,1,0,0,847,A
8-NS,210,841,0,0,0,841,A
8-NS,211,0,3,845,0,848,G
8-NS,212,846,0,2,0,848,A
8-NS,213,851,0,0,0,851,A
8-NS,214,0,4,858,0,862,G
8-NS,215,867,1,1,0,869,A
8-NS,216,876,0,0,0,876,A
8-NS,217,0,882,0,0,882,T
8-NS,218,1,0,0,890,891,C
8-NS,219,0,887,0,1,888,T
8-NS,220,2,1,885,0,888,G
8-NS,221,891,0,0,0,891,A
8-NS,222,0,891,0,0,891,T
8-NS,223,1,0,885,0,886,G
8-NS,224,875,0,1,0,876,A
8-NS,225,0,3,875,0,878,G
8-NS,226,0,3,870,0,873,G
8-NS,227,0,1,0,871,872,C
8-NS,228,875,0,0,0,875,A
8-NS,229,0,0,0,896,896,C
8-NS,230,0,891,0,0,891,T
8-NS,231,0,897,0,0,897,T
8-NS,232,898,0,1,0,899,A
8-NS,233,899,0,0,1,900,A
8-NS,234,895,0,0,1,896,A
8-NS,235,898,1,0,0,899,A
8-NS,236,0,905,0,0,905,T
8-NS,237,0,2,901,0,903,G
8-NS,238,894,0,0,1,895,A
8-NS,239,1,0,0,894,895,C
8-NS,240,1,0,1,890,892,C
8-NS,241,896,1,0,0,897,A
8-NS,242,0,891,0,0,891,T
8-NS,243,0,4,916,0,920,G
8-NS,244,0,1,922,0,923,G
8-NS,245,0,917,0,1,918,T
8-NS,246,2,0,0,949,951,C
8-NS,247,0,941,0,1,942,T
8-NS,248,2,2,0,952,956,C
8-NS,249,0,0,0,957,957,C
8-NS,250,963,0,0,0,963,A
8-NS,251,0,0,0,971,971,C
8-NS,252,950,0,1,2,953,A
8-NS,253,2,1,0,974,977,C
8-NS,254,4,0,0,961,965,C
8-NS,255,0,928,0,0,928,T
8-NS,256,1,0,933,0,934,G
8-NS,257,0,1,0,927,928,C
8-NS,258,0,923,1,0,924,T
8-NS,259,0,935,0,0,935,T
8-NS,260,4,3,0,915,922,C
8-NS,261,0,1,924,0,925,G
8-NS,262,0,0,0,925,925,C
8-NS,263,1,2,925,0,928,G
8-NS,264,961,0,2,0,963,A
8-NS,265,0,960,0,0,960,T
8-NS,266,977,1,1,1,980,A
8-NS,267,0,0,0,980,980,C
8-NS,268,972,0,0,0,972,A
8-NS,269,0,987,0,0,987,T
8-NS,270,984,0,0,0,984,A
8-NS,271,986,0,0,0,986,A
8-NS,272,0,0,0,988,988,C
8-NS,273,0,945,0,0,945,T
8-NS,274,1,4,954,0,959,G
8-NS,275,940,0,0,0,940,A
8-NS,276,0,0,0,947,947,C
8-NS,277,943,0,0,1,944,A
8-NS,278,0,933,0,0,933,T
8-NS,279,1,3,931,0,935,G
8-NS,280,938,0,2,0,940,A
8-NS,281,1,0,0,979,980,C
8-NS,282,0,971,0,0,971,T
8-NS,283,988,0,1,0,989,A
8-NS,284,0,988,0,1,989,T
8-NS,285,0,984,0,1,985,T
8-NS,286,0,3,984,0,987,G
8-NS,287,980,0,0,0,980,A
8-NS,288,0,5,973,0,978,G
8-NS,289,0,3,972,0,975,G
8-NS,290,935,0,1,0,936,A
8-NS,291,939,0,0,0,939,A
8-NS,292,0,916,0,0,916,T
8-NS,293,0,914,0,0,914,T
8-NS,294,0,0,926,0,926,G
8-NS,295,0,927,0,1,928,T
8-NS,296,7,0,0,923,930,C
8-NS,297,925,0,1,0,926,A
8-NS,298,927,0,1,0,928,A
8-NS,299,0,4,923,0,927,G
8-NS,300,931,0,0,0,931,A
8-NS,301,922,2,0,1,925,A
8-NS,302,928,1,0,0,929,A
8-NS,303,1,0,0,926,927,C
8-NS,304,0,914,0,0,914,T
8-NS,305,0,5,921,0,926,G
8-NS,306,0,0,934,0,934,G
8-NS,307,0,932,0,0,932,T
8-NS,308,0,929,0,0,929,T
8-NS,309,1,0,0,927,928,C
8-NS,310,929,0,1,0,930,A
8-NS,311,0,940,0,1,941,T
8-NS,312,0,0,944,0,944,G
8-NS,313,0,1,0,945,946,C
8-NS,314,0,940,0,0,940,T
8-NS,315,930,0,1,0,931,A
8-NS,316,938,0,0,0,938,A
8-NS,317,0,942,0,0,942,T
8-NS,318,1,0,954,0,955,G
8-NS,319,0,0,0,959,959,C
8-NS,320,2,0,0,942,944,C
8-NS,321,3,2,0,939,944,C
8-NS,322,937,0,2,1,940,A
8-NS,323,948,0,1,0,949,A
8-NS,324,274,0,677,0,951,G
8-NS,325,1,0,0,955,956,C
8-NS,326,946,1,1,0,948,A
8-NS,327,0,0,951,0,951,G
8-NS,328,934,0,0,1,935,A
8-NS,329,938,1,1,0,940,A
8-NS,330,928,0,1,0,929,A
8-NS,331,0,1,948,0,949,G
8-NS,332,0,939,0,0,939,T
8-NS,333,1,3,935,0,939,G
8-NS,334,1,0,940,0,941,G
8-NS,335,940,0,3,0,943,A
8-NS,336,937,0,2,0,939,A
8-NS,337,0,2,932,0,934,G
8-NS,338,0,2,940,0,942,G
8-NS,339,940,1,1,0,942,A
8-NS,340,2,0,0,925,927,C
8-NS,341,1,0,0,933,934,C
8-NS,342,0,926,0,1,927,T
8-NS,343,3,0,0,944,947,C
8-NS,344,0,940,0,0,940,T
8-NS,345,1,951,0,1,953,T
8-NS,346,1,950,0,1,952,T
8-NS,347,1,1,949,0,951,G
8-NS,348,0,0,0,964,964,C
8-NS,349,958,0,1,0,959,A
8-NS,350,0,955,0,0,955,T
8-NS,351,2,2,0,950,954,C
8-NS,352,960,0,0,0,960,A
8-NS,353,0,0,1003,0,1003,G
8-NS,354,995,0,0,3,998,A
8-NS,355,1003,0,0,0,1003,A
8-NS,356,1,997,0,0,998,T
8-NS,357,1,3,980,0,984,G
8-NS,358,2,5,990,1,998,G
8-NS,359,995,0,0,0,995,A
8-NS,360,1,2,0,994,997,C
8-NS,361,4,0,0,970,974,C
8-NS,362,955,1,3,0,959,A
8-NS,363,0,0,966,0,966,G
8-NS,364,0,1,965,0,966,G
8-NS,365,1,0,0,966,967,C
8-NS,366,954,1,0,1,956,A
8-NS,367,961,1,0,0,962,A
8-NS,368,0,963,0,0,963,T
8-NS,369,4,0,0,955,959,C
8-NS,370,960,0,0,0,960,A
8-NS,371,0,956,0,1,957,T
8-NS,372,0,1,948,0,949,G
8-NS,373,0,1,951,0,952,G
8-NS,374,950,0,1,0,951,A
8-NS,375,0,2,958,0,960,G
8-NS,376,943,0,1,0,944,A
8-NS,377,942,0,1,0,943,A
8-NS,378,943,1,1,1,946,A
8-NS,379,944,0,1,0,945,A
8-NS,380,950,1,1,0,952,A
8-NS,381,0,0,0,952,952,C
8-NS,382,948,0,0,0,948,A
8-NS,383,0,949,1,0,950,T
8-NS,384,1,1,0,938,940,C
8-NS,385,938,0,0,0,938,A
8-NS,386,0,945,0,0,945,T
8-NS,387,1,1,943,0,945,G
8-NS,388,0,946,0,0,946,T
8-NS,389,0,936,0,1,937,T
8-NS,390,0,2,934,0,936,G
8-NS,391,926,0,0,0,926,A
8-NS,392,926,0,0,0,926,A
8-NS,393,923,0,1,0,924,A
8-NS,394,0,1,925,0,926,G
8-NS,395,2,2,0,913,917,C
8-NS,396,0,2,911,1,914,G
8-NS,397,914,0,1,0,915,A
8-NS,398,919,0,0,0,919,A
8-NS,399,0,922,1,0,923,T
8-NS,400,0,900,0,19,919,T
8-NS,401,0,918,0,0,918,T
8-NS,402,3,0,0,919,922,C
8-NS,403,893,0,1,0,894,A
8-NS,404,2,1,892,0,895,G
8-NS,405,0,908,1,1,910,T
8-NS,406,1,0,913,0,914,G
8-NS,407,0,915,0,0,915,T
8-NS,408,0,1,916,0,917,G
8-NS,409,925,0,0,0,925,A
8-NS,410,0,923,0,0,923,T
8-NS,411,0,922,0,0,922,T
8-NS,412,0,920,3,0,923,T
8-NS,413,0,919,0,0,919,T
8-NS,414,0,920,0,0,920,T
8-NS,415,0,6,894,0,900,G
8-NS,416,907,0,2,0,909,A
8-NS,417,1,0,0,909,910,C
8-NS,418,1,2,0,899,902,C
8-NS,419,0,2,896,0,898,G
8-NS,420,945,1,0,1,947,A
8-NS,421,1,0,0,960,961,C
8-NS,422,0,965,0,1,966,T
8-NS,423,967,0,2,0,969,A
8-NS,424,0,1,973,0,974,G
8-NS,425,976,0,1,0,977,A
8-NS,426,0,1,978,0,979,G
8-NS,427,984,1,1,0,986,A
8-NS,428,0,0,0,1006,1006,C
8-NS,429,2,0,0,965,967,C
8-NS,430,944,1,1,0,946,A
8-NS,431,0,967,0,0,967,T
8-NS,432,958,0,0,0,958,A
8-NS,433,0,0,960,0,960,G
8-NS,434,0,937,0,1,938,T
8-NS,435,0,0,888,0,888,G
8-NS,436,0,948,0,0,948,T
8-NS,437,0,958,0,0,958,T
8-NS,438,979,0,1,0,980,A
8-NS,439,1,0,0,979,980,C
8-NS,440,0,968,1,0,969,T
8-NS,441,969,0,0,0,969,A
8-NS,442,914,0,3,0,917,A
8-NS,443,2,0,923,0,925,G
8-NS,444,0,2,920,0,922,G
8-NS,445,1,0,921,0,922,G
8-NS,446,1,0,0,905,906,C
8-NS,447,0,895,0,2,897,T
8-NS,448,0,896,0,1,897,T
8-NS,449,0,914,0,1,915,T
8-NS,450,2,0,0,918,920,C
8-NS,451,928,0,1,0,929,A
8-NS,452,3,0,0,927,930,C
8-NS,453,0,3,0,922,925,C
8-NS,454,0,0,924,0,924,G
8-NS,455,927,0,0,0,927,A
8-NS,456,925,3,1,0,929,A
8-NS,457,0,2,930,0,932,G
8-NS,458,915,0,2,0,917,A
8-NS,459,1,3,912,0,916,G
8-NS,460,0,1,903,0,904,G
8-NS,461,0,5,907,0,912,G
8-NS,462,912,0,1,0,913,A
8-NS,463,0,1,910,0,911,G
8-NS,464,3,1,0,904,908,C
8-NS,465,904,0,0,0,904,A
8-NS,466,906,0,2,0,908,A
8-NS,467,0,908,0,0,908,T
8-NS,468,0,902,0,0,902,T
8-NS,469,0,0,904,0,904,G
8-NS,470,0,886,0,0,886,T
8-NS,471,0,888,0,0,888,T
8-NS,472,0,2,886,0,888,G
8-NS,473,0,1,886,0,887,G
8-NS,474,0,2,0,885,887,C
8-NS,475,0,3,884,0,887,G
8-NS,476,888,0,2,0,890,A
8-NS,477,897,0,0,0,897,A
8-NS,478,900,0,0,0,900,A
8-NS,479,0,902,0,0,902,T
8-NS,480,4,0,0,898,902,C
8-NS,481,0,897,0,0,897,T
8-NS,482,0,0,0,903,903,C
8-NS,483,900,0,1,0,901,A
8-NS,484,0,0,0,903,903,C
8-NS,485,2,0,0,903,905,C
8-NS,486,900,0,0,0,900,A
8-NS,487,0,898,0,0,898,T
8-NS,488,0,887,0,2,889,T
8-NS,489,0,1,890,0,891,G
8-NS,490,0,0,0,887,887,C
8-NS,491,1,1,0,883,885,C
8-NS,492,0,883,0,2,885,T
8-NS,493,0,881,1,3,885,T
8-NS,494,0,0,0,890,890,C
8-NS,495,0,886,0,0,886,T
8-NS,496,0,885,0,0,885,T
8-NS,497,0,899,0,1,900,T
8-NS,498,0,901,1,0,902,T
8-NS,499,2,2,1,900,905,C
8-NS,500,2,0,0,902,904,C
8-NS,501,902,0,1,0,903,A
8-NS,502,1,0,914,0,915,G
8-NS,503,0,3,910,0,913,G
8-NS,504,928,2,0,0,930,A
8-NS,505,1,1,0,932,934,C
8-NS,506,940,0,1,0,941,A
8-NS,507,0,941,0,1,942,T
8-NS,508,942,1,1,0,944,A
8-NS,509,2,0,0,1025,1027,C
8-NS,510,0,1019,0,1,1020,T
8-NS,511,1001,0,0,0,1001,A
8-NS,512,0,1000,0,0,1000,T
8-NS,513,0,971,0,0,971,T
8-NS,514,1,3,966,0,970,G
8-NS,515,927,0,0,0,927,A
8-NS,516,0,1,927,0,928,G
8-NS,517,0,1,924,0,925,G
8-NS,518,822,0,0,0,822,A
8-NS,519,0,814,0,0,814,T
8-NS,520,2,1,810,0,813,G
8-NS,521,0,812,0,1,813,T
8-NS,522,2,0,0,809,811,C
8-NS,523,814,0,0,0,814,A
8-NS,524,813,0,0,0,813,A
8-NS,525,811,0,0,0,811,A
8-NS,526,808,0,0,0,808,A
8-NS,527,810,0,0,0,810,A
8-NS,528,0,812,0,0,812,T
8-NS,529,0,2,809,0,811,G
8-NS,530,1,0,0,817,818,C
8-NS,531,815,2,0,2,819,A
8-NS,532,821,0,2,0,823,A
8-NS,533,0,826,0,0,826,T
8-NS,534,0,821,0,0,821,T
8-NS,535,0,3,822,0,825,G
8-NS,536,0,6,810,0,816,G
8-NS,537,0,0,820,0,820,G
8-NS,538,1,1,825,0,827,G
8-NS,539,0,813,0,0,813,T
8-NS,540,3,0,0,816,819,C
8-NS,541,0,1,0,812,813,C
8-NS,542,0,805,0,4,809,T
8-NS,543,1,0,0,819,820,C
8-NS,544,817,0,0,0,817,A
8-NS,545,0,822,0,0,822,T
8-NS,546,2,0,0,812,814,C
8-NS,547,5,2,801,0,808,G
8-NS,548,0,1,815,0,816,G
8-NS,549,797,1,2,0,800,A
8-NS,550,0,3,801,0,804,G
8-NS,551,0,1,808,0,809,G
8-NS,552,797,0,1,0,798,A
8-NS,553,1,0,0,805,806,C
8-NS,554,0,791,0,2,793,T
8-NS,555,0,787,0,0,787,T
8-NS,556,1,3,788,0,792,G
8-NS,557,793,0,0,0,793,A
8-NS,558,793,0,0,0,793,A
8-NS,559,0,787,0,1,788,T
8-NS,560,0,3,771,0,774,G
8-NS,561,0,2,785,0,787,G
8-NS,562,776,0,0,0,776,A
8-NS,563,779,0,0,0,779,A
8-NS,564,0,825,0,0,825,T
8-NS,565,1,1,821,0,823,G
8-NS,566,828,0,0,0,828,A
8-NS,567,0,829,0,0,829,T
8-NS,568,825,0,0,0,825,A
8-NS,569,834,1,0,0,835,A
8-NS,570,1,0,0,830,831,C
8-NS,571,821,0,0,0,821,A
8-NS,572,0,0,0,829,829,C
8-NS,573,748,0,0,0,748,A
8-NS,574,1,0,759,0,760,G
8-NS,575,0,756,0,0,756,T
8-NS,576,1,753,0,0,754,T
8-NS,577,1,0,0,754,755,C
8-NS,578,0,2,743,1,746,G
8-NS,579,742,0,0,0,742,A
8-NS,580,0,1,745,0,746,G
8-NS,581,0,739,0,2,741,T
8-NS,582,4,0,0,742,746,C
8-NS,583,0,731,0,0,731,T
8-NS,584,3,0,0,733,736,C
8-NS,585,0,739,0,0,739,T
8-NS,586,740,0,0,0,740,A
8-NS,587,742,0,0,0,742,A
8-NS,588,738,0,0,0,738,A
8-NS,589,745,0,1,0,746,A
8-NS,590,746,0,0,0,746,A
8-NS,591,0,735,1,0,736,T
8-NS,592,0,0,0,740,740,C
8-NS,593,1,727,0,1,729,T
8-NS,594,735,0,1,0,736,A
8-NS,595,0,1,0,734,735,C
8-NS,596,732,0,1,0,733,A
8-NS,597,1,0,736,0,737,G
8-NS,598,719,0,0,0,719,A
8-NS,599,0,1,729,0,730,G
8-NS,600,735,1,1,0,737,A
8-NS,601,0,729,0,0,729,T
8-NS,602,0,730,0,0,730,T
8-NS,603,3,0,0,727,730,C
8-NS,604,0,1,732,0,733,G
8-NS,605,0,0,1,730,731,C
8-NS,606,0,727,0,1,728,T
8-NS,607,0,734,0,0,734,T
8-NS,608,0,1,724,0,725,G
8-NS,609,0,4,723,0,727,G
8-NS,610,728,0,0,0,728,A
8-NS,611,0,1,728,0,729,G
8-NS,612,721,1,1,0,723,A
8-NS,613,715,0,0,0,715,A
8-NS,614,0,1,723,0,724,G
8-NS,615,0,1,0,720,721,C
8-NS,616,719,0,3,0,722,A
8-NS,617,0,0,735,0,735,G
8-NS,618,0,731,0,0,731,T
8-NS,619,730,0,0,1,731,A
8-NS,620,730,0,0,0,730,A
8-NS,621,0,731,0,0,731,T
8-NS,622,0,1,735,0,736,G
8-NS,623,704,0,0,0,704,A
8-NS,624,0,4,711,0,715,G
8-NS,625,710,0,0,0,710,A
8-NS,626,690,0,0,0,690,A
8-NS,627,0,684,0,0,684,T
8-NS,628,0,0,667,0,667,G
8-NS,629,0,3,662,0,665,G
8-NS,630,0,0,665,0,665,G
8-NS,631,0,0,665,0,665,G
8-NS,632,0,1,661,0,662,G
8-NS,633,639,0,2,0,641,A
8-NS,634,1,1,0,643,645,C
8-NS,635,0,0,0,645,645,C
8-NS,636,0,635,0,1,636,T
8-NS,637,2,0,0,646,648,C
8-NS,638,2,1,0,641,644,C
8-NS,639,651,0,2,0,653,A
8-NS,640,1,0,0,651,652,C
8-NS,641,0,642,0,1,643,T
8-NS,642,0,643,0,0,643,T
8-NS,643,635,0,0,0,635,A
8-NS,644,0,0,0,633,633,C
8-NS,645,0,625,0,0,625,T
8-NS,646,597,2,0,0,599,A
8-NS,647,1,0,0,603,604,C
8-NS,648,609,0,0,0,609,A
8-NS,649,612,0,0,0,612,A
8-NS,650,609,0,0,0,609,A
8-NS,651,610,0,0,0,610,A
8-NS,652,1,1,0,607,609,C
8-NS,653,593,0,0,0,593,A
8-NS,654,0,2,594,0,596,G
8-NS,655,584,0,0,0,584,A
8-NS,656,585,0,0,0,585,A
8-NS,657,586,0,1,0,587,A
8-NS,658,0,0,0,579,579,C
8-NS,659,1,2,575,0,578,G
8-NS,660,0,0,577,0,577,G
8-NS,661,0,1,578,0,579,G
8-NS,662,578,0,0,0,578,A
8-NS,663,580,0,0,0,580,A
8-NS,664,578,0,2,0,580,A
8-NS,665,0,576,0,0,576,T
8-NS,666,0,0,582,1,583,G
8-NS,667,1,1,582,0,584,G
8-NS,668,1,3,0,576,580,C
8-NS,669,1,3,575,0,579,G
8-NS,670,573,0,2,0,575,A
8-NS,671,0,0,576,0,576,G
8-NS,672,576,0,0,0,576,A
8-NS,673,578,0,0,0,578,A
8-NS,674,0,0,0,580,580,C
8-NS,675,564,0,0,0,564,A
8-NS,676,0,0,568,0,568,G
8-NS,677,1,3,0,556,560,C
8-NS,678,0,563,0,0,563,T
8-NS,679,560,0,0,0,560,A
8-NS,680,0,1,561,0,562,G
8-NS,681,0,0,565,0,565,G
8-NS,682,0,565,0,0,565,T
8-NS,683,6,0,0,548,554,C
8-NS,684,553,0,0,0,553,A
8-NS,685,552,0,0,0,552,A
8-NS,686,549,2,0,0,551,A
8-NS,687,562,0,0,0,562,A
8-NS,688,1,0,561,0,562,G
8-NS,689,0,544,0,0,544,T
8-NS,690,0,545,0,1,546,T
8-NS,691,0,544,0,0,544,T
8-NS,692,0,2,539,0,541,G
8-NS,693,544,0,0,0,544,A
8-NS,694,546,0,0,0,546,A
8-NS,695,0,1,549,0,550,G
8-NS,696,539,0,0,0,539,A
8-NS,697,1,0,542,0,543,G
8-NS,698,538,0,2,0,540,A
8-NS,699,1,541,0,0,542,T
8-NS,700,544,0,0,0,544,A
8-NS,701,540,0,0,0,540,A
8-NS,702,0,1,538,0,539,G
8-NS,703,493,0,2,0,495,A
8-NS,704,0,497,0,1,498,T
8-NS,705,0,0,505,0,505,G
8-NS,706,0,0,505,0,505,G
8-NS,707,1,0,0,502,503,C
8-NS,708,0,493,0,0,493,T
8-NS,709,500,0,0,0,500,A
8-NS,710,496,0,0,0,496,A
8-NS,711,0,498,0,0,498,T
8-NS,712,1,493,0,0,494,T
8-NS,713,0,1,497,0,498,G
8-NS,714,489,0,0,0,489,A
8-NS,715,489,0,0,0,489,A
8-NS,716,0,1,491,0,492,G
8-NS,717,492,0,0,0,492,A
8-NS,718,489,0,0,0,489,A
8-NS,719,1,0,500,0,501,G
8-NS,720,0,489,0,0,489,T
8-NS,721,0,1,487,0,488,G
8-NS,722,485,0,1,0,486,A
8-NS,723,0,1,487,0,488,G
8-NS,724,487,0,2,0,489,A
8-NS,725,0,0,0,482,482,C
8-NS,726,477,0,0,0,477,A
8-NS,727,0,0,0,476,476,C
8-NS,728,445,0,0,0,445,A
8-NS,729,0,1,459,0,460,G
8-NS,730,461,0,0,0,461,A
8-NS,731,0,459,0,0,459,T
8-NS,732,0,455,0,0,455,T
8-NS,733,456,0,0,0,456,A
8-NS,734,454,0,1,0,455,A
8-NS,735,456,0,0,0,456,A
8-NS,736,451,0,0,0,451,A
8-NS,737,455,0,0,0,455,A
8-NS,738,0,0,0,440,440,C
8-NS,739,410,0,0,0,410,A
8-NS,740,410,0,1,0,411,A
8-NS,741,0,0,0,411,411,C
8-NS,742,0,409,0,0,409,T
8-NS,743,0,1,413,0,414,G
8-NS,744,412,0,1,0,413,A
8-NS,745,411,0,1,0,412,A
8-NS,746,413,0,0,0,413,A
8-NS,747,410,1,0,0,411,A
8-NS,748,0,407,0,0,407,T
8-NS,749,403,0,1,0,404,A
8-NS,750,0,0,407,0,407,G
8-NS,751,0,1,0,407,408,C
8-NS,752,0,397,0,0,397,T
8-NS,753,0,394,0,0,394,T
8-NS,754,0,390,0,0,390,T
8-NS,755,0,0,389,1,390,G
8-NS,756,391,0,0,0,391,A
8-NS,757,392,0,0,0,392,A
8-NS,758,1,0,0,392,393,C
8-NS,759,386,0,0,0,386,A
8-NS,760,388,0,1,0,389,A
8-NS,761,390,0,1,0,391,A
8-NS,762,0,391,0,0,391,T
8-NS,763,389,0,0,0,389,A
8-NS,764,383,0,0,0,383,A
8-NS,765,0,0,0,383,383,C
8-NS,766,382,0,0,0,382,A
8-NS,767,0,377,0,0,377,T
8-NS,768,0,367,1,1,369,T
8-NS,769,3,0,0,359,362,C
8-NS,770,360,0,0,0,360,A
8-NS,771,0,362,0,0,362,T
8-NS,772,0,0,361,0,361,G
8-NS,773,0,0,0,353,353,C
8-NS,774,344,0,0,0,344,A
8-NS,775,344,0,0,0,344,A
8-NS,776,0,0,345,0,345,G
8-NS,777,1,1,0,355,357,C
8-NS,778,350,0,0,0,350,A
8-NS,779,0,353,0,0,353,T
8-NS,780,0,353,0,1,354,T
8-NS,781,353,0,0,0,353,A
8-NS,782,1,0,0,352,353,C
8-NS,783,351,0,1,0,352,A
8-NS,784,348,0,1,0,349,A
8-NS,785,0,0,0,349,349,C
8-NS,786,0,304,0,0,304,T
8-NS,787,0,0,305,0,305,G
8-NS,788,1,0,0,293,294,C
8-NS,789,0,284,0,0,284,T
8-NS,790,0,1,282,0,283,G
8-NS,791,0,279,0,0,279,T
8-NS,792,0,279,0,0,279,T
8-NS,793,0,278,0,0,278,T
8-NS,794,0,0,276,0,276,G
8-NS,795,272,1,2,0,275,A
8-NS,796,264,0,1,0,265,A
8-NS,797,0,0,266,0,266,G
8-NS,798,0,262,0,0,262,T
8-NS,799,0,0,255,0,255,G
8-NS,800,0,1,256,0,257,G
8-NS,801,256,0,0,0,256,A
8-NS,802,255,0,1,0,256,A
8-NS,803,0,0,0,256,256,C
8-NS,804,248,0,0,0,248,A
8-NS,805,0,0,247,0,247,G
8-NS,806,0,0,243,0,243,G
8-NS,807,233,0,1,0,234,A
8-NS,808,0,1,238,0,239,G
8-NS,809,200,0,0,0,200,A
8-NS,810,0,200,0,0,200,T
8-NS,811,201,0,0,0,201,A
8-NS,812,200,0,0,0,200,A
8-NS,813,0,0,198,0,198,G
8-NS,814,187,0,0,0,187,A
8-NS,815,185,0,0,0,185,A
8-NS,816,0,0,0,185,185,C
8-NS,817,0,164,0,0,164,T
8-NS,818,0,163,0,0,163,T
8-NS,819,0,162,0,0,162,T
8-NS,820,0,0,0,161,161,C
8-NS,821,0,159,0,1,160,T
8-NS,822,0,0,0,159,159,C
8-NS,823,156,0,0,0,156,A
8-NS,824,0,155,0,0,155,T
8-NS,825,0,152,0,0,152,T
8-NS,826,0,151,0,0,151,T
8-NS,827,0,0,0,151,151,C
8-NS,828,143,0,0,0,143,A
8-NS,829,0,1,142,0,143,G
8-NS,830,0,0,0,143,143,C
8-NS,831,0,131,0,0,131,T
8-NS,832,0,129,0,0,129,T
8-NS,833,125,0,0,0,125,A
8-NS,834,0,125,0,0,125,T
8-NS,835,0,121,0,1,122,T
8-NS,836,0,121,0,0,121,T
8-NS,837,116,0,0,0,116,A
8-NS,838,111,0,1,0,112,A
8-NS,839,0,113,0,0,113,T
8-NS,840,0,1,110,0,111,G
8-NS,841,110,0,0,0,110,A
8-NS,842,0,105,0,0,105,T
8-NS,843,102,0,0,0,102,A
8-NS,844,102,0,0,0,102,A
8-NS,845,102,0,0,0,102,A
8-NS,846,102,0,0,0,102,A
8-NS,847,100,0,0,0,100,A
8-NS,848,100,0,0,0,100,A
8-NS,849,0,0,0,100,100,C
8-NS,850,87,0,0,0,87,A
8-NS,851,0,0,0,87,87,C
8-NS,852,0,0,0,85,85,C
8-NS,853,0,0,0,83,83,C
8-NS,854,0,78,0,0,78,T
8-NS,855,0,74,0,0,74,T
8-NS,856,0,0,74,0,74,G
8-NS,857,0,69,0,0,69,T
8-NS,858,0,67,0,0,67,T
8-NS,859,0,65,0,0,65,T
8-NS,860,0,0,0,28,28,C
8-NS,861,0,19,0,0,19,T
8-NS,862,17,0,0,0,17,A
8-NS,863,0,0,0,17,17,C
