Gene,Position,A,T,G,C,Coverage,Consensus
1-PB2,1,392,0,0,0,392,A
1-PB2,2,0,392,0,0,392,T
1-PB2,3,0,0,406,0,406,G
1-PB2,4,0,0,398,0,398,G
1-PB2,5,402,0,0,0,402,A
1-PB2,6,403,0,0,0,403,A
1-PB2,7,404,0,0,0,404,A
1-PB2,8,0,1,465,0,466,G
1-PB2,9,458,0,0,0,458,A
1-PB2,10,463,0,1,0,464,A
1-PB2,11,0,487,0,0,487,T
1-PB2,12,483,0,0,0,483,A
1-PB2,13,484,0,0,0,484,A
1-PB2,14,490,0,0,0,490,A
1-PB2,15,489,0,0,0,489,A
1-PB2,16,0,0,509,0,509,G
1-PB2,17,509,0,0,0,509,A
1-PB2,18,515,0,0,0,515,A
1-PB2,19,0,0,0,520,520,C
1-PB2,20,0,520,0,0,520,T
1-PB2,21,524,0,0,0,524,A
1-PB2,22,0,1,0,525,526,C
1-PB2,23,0,1,525,0,526,G
1-PB2,24,0,0,532,0,532,G
1-PB2,25,532,0,0,0,532,A
1-PB2,26,544,0,0,0,544,A
1-PB2,27,0,549,0,0,549,T
1-PB2,28,2,0,0,548,550,C
1-PB2,29,0,551,0,1,552,T
1-PB2,30,0,0,554,0,554,G
1-PB2,31,553,0,0,0,553,A
1-PB2,32,0,554,0,0,554,T
1-PB2,33,0,1,558,0,559,G
1-PB2,34,0,573,0,1,574,T
1-PB2,35,3,0,0,569,572,C
1-PB2,36,0,0,568,0,568,G
1-PB2,37,0,4,0,569,573,C
1-PB2,38,568,0,0,1,569,A
1-PB2,39,0,1,601,0,602,G
1-PB2,40,0,606,0,0,606,T
1-PB2,41,1,0,0,608,609,C
1-PB2,42,0,612,0,1,613,T
1-PB2,43,1,0,0,614,615,C
1-PB2,44,0,1,609,0,610,G
1-PB2,45,1,0,0,608,609,C
1-PB2,46,611,0,0,0,611,A
1-PB2,47,1,0,0,614,615,C
1-PB2,48,0,620,0,0,620,T
1-PB2,49,0,0,0,649,649,C
1-PB2,50,0,0,646,0,646,G
1-PB2,51,0,1,0,653,654,C
1-PB2,52,0,3,648,0,651,G
1-PB2,53,651,0,0,0,651,A
1-PB2,54,0,1,656,0,657,G
1-PB2,55,666,0,1,1,668,A
1-PB2,56,0,666,0,0,666,T
1-PB2,57,670,0,1,0,671,A
1-PB2,58,0,0,0,672,672,C
1-PB2,59,1,663,0,3,667,T
1-PB2,60,0,2,678,0,680,G
1-PB2,61,684,0,1,0,685,A
1-PB2,62,0,0,0,690,690,C
1-PB2,63,693,0,0,0,693,A
1-PB2,64,691,0,0,1,692,A
1-PB2,65,701,0,2,1,704,A
1-PB2,66,705,0,0,0,705,A
1-PB2,67,704,0,0,0,704,A
1-PB2,68,4,0,0,705,709,C
1-PB2,69,2,0,0,710,712,C
1-PB2,70,733,0,2,0,735,A
1-PB2,71,0,0,0,742,742,C
1-PB2,72,733,0,0,0,733,A
1-PB2,73,1,0,759,0,760,G
1-PB2,74,0,743,1,2,746,T
1-PB2,75,0,2,783,0,785,G
1-PB2,76,0,3,781,0,784,G
1-PB2,77,785,0,1,0,786,A
1-PB2,78,0,0,0,825,825,C
1-PB2,79,0,0,0,826,826,C
1-PB2,80,841,0,0,0,841,A
1-PB2,81,0,845,0,0,845,T
1-PB2,82,844,0,0,0,844,A
1-PB2,83,0,839,0,1,840,T
1-PB2,84,1,1,840,0,842,G
1-PB2,85,1,0,852,0,853,G
1-PB2,86,0,0,0,853,853,C
1-PB2,87,0,1,0,849,850,C
1-PB2,88,841,0,0,0,841,A
1-PB2,89,0,888,0,0,888,T
1-PB2,90,884,0,0,0,884,A
1-PB2,91,920,0,0,0,920,A
1-PB2,92,0,926,0,0,926,T
1-PB2,93,0,915,0,0,915,T
1-PB2,94,927,0,0,0,927,A
1-PB2,95,926,0,0,0,926,A
1-PB2,96,0,0,948,0,948,G
1-PB2,97,941,1,0,0,942,A
1-PB2,98,934,0,1,0,935,A
1-PB2,99,1,1,976,0,978,G
1-PB2,100,0,963,0,1,964,T
1-PB2,101,976,0,2,0,978,A
1-PB2,102,1,1,0,975,977,C
1-PB2,103,985,0,0,0,985,A
1-PB2,104,1,0,0,999,1000,C
1-PB2,105,994,0,0,0,994,A
1-PB2,106,0,992,1,2,995,T
1-PB2,107,0,0,0,1006,1006,C
1-PB2,108,0,2,988,0,990,G
1-PB2,109,0,2,991,0,993,G
1-PB2,110,0,1,977,0,978,G
1-PB2,111,0,1,981,0,982,G
1-PB2,112,985,0,1,0,986,A
1-PB2,113,1,2,987,0,990,G
1-PB2,114,986,0,1,0,987,A
1-PB2,115,0,0,0,1006,1006,C
1-PB2,116,1000,0,2,0,1002,A
1-PB2,117,0,3,1015,0,1018,G
1-PB2,118,0,1,1029,0,1030,G
1-PB2,119,1032,0,0,0,1032,A
1-PB2,120,1035,0,0,0,1035,A
1-PB2,121,1030,0,0,0,1030,A
1-PB2,122,1034,0,1,0,1035,A
1-PB2,123,0,1,1020,0,1021,G
1-PB2,124,1025,0,0,0,1025,A
1-PB2,125,1030,0,1,0,1031,A
1-PB2,126,0,0,0,1033,1033,C
1-PB2,127,1,0,0,1027,1028,C
1-PB2,128,0,2,0,1034,1036,C
1-PB2,129,0,1,1033,0,1034,G
1-PB2,130,1,1023,0,1,1025,T
1-PB2,131,4,1,0,1032,1037,C
1-PB2,132,1040,0,0,0,1040,A
1-PB2,133,1,0,0,1060,1061,C
1-PB2,134,0,1055,0,0,1055,T
1-PB2,135,0,1064,0,0,1064,T
1-PB2,136,1067,0,0,0,1067,A
1-PB2,137,0,4,1070,0,1074,G
1-PB2,138,0,1,1068,0,1069,G
1-PB2,139,1062,1,2,0,1065,A
1-PB2,140,0,1069,0,0,1069,T
1-PB2,141,0,4,1086,0,1090,G
1-PB2,142,1095,0,0,0,1095,A
1-PB2,143,1104,0,0,0,1104,A
1-PB2,144,1110,0,0,0,1110,A
1-PB2,145,0,1111,0,0,1111,T
1-PB2,146,0,0,1103,0,1103,G
1-PB2,147,0,1,1109,0,1110,G
1-PB2,148,1103,0,0,0,1103,A
1-PB2,149,0,1110,0,1,1111,T
1-PB2,150,1,4,1100,0,1105,G
1-PB2,151,1103,0,0,0,1103,A
1-PB2,152,0,1104,0,0,1104,T
1-PB2,153,0,3,1109,0,1112,G
1-PB2,154,0,1,1109,0,1110,G
1-PB2,155,0,2,0,1114,1116,C
1-PB2,156,1108,0,0,0,1108,A
1-PB2,157,1118,1,0,0,1119,A
1-PB2,158,0,1126,0,2,1128,T
1-PB2,159,0,4,1148,1,1153,G
1-PB2,160,1150,0,1,0,1151,A
1-PB2,161,1146,0,2,0,1148,A
1-PB2,162,1155,0,0,0,1155,A
1-PB2,163,0,1154,0,0,1154,T
1-PB2,164,1161,0,0,0,1161,A
1-PB2,165,0,1,0,1171,1172,C
1-PB2,166,2,1,0,1154,1157,C
1-PB2,167,2,0,0,1160,1162,C
1-PB2,168,1156,0,1,0,1157,A
1-PB2,169,1155,0,0,0,1155,A
1-PB2,170,0,1151,0,1,1152,T
1-PB2,171,3,0,0,1149,1152,C
1-PB2,172,1147,0,0,0,1147,A
1-PB2,173,0,0,0,1172,1172,C
1-PB2,174,0,1156,0,0,1156,T
1-PB2,175,0,0,1162,0,1162,G
1-PB2,176,0,1,0,1155,1156,C
1-PB2,177,0,1152,0,0,1152,T
1-PB2,178,1,5,1154,0,1160,G
1-PB2,179,1145,0,1,0,1146,A
1-PB2,180,0,0,0,1165,1165,C
1-PB2,181,1160,0,0,0,1160,A
1-PB2,182,1141,0,0,0,1141,A
1-PB2,183,1150,0,0,0,1150,A
1-PB2,184,1141,0,2,0,1143,A
1-PB2,185,1,2,1154,0,1157,G
1-PB2,186,0,1,1157,0,1158,G
1-PB2,187,1153,0,1,0,1154,A
1-PB2,188,0,1158,0,0,1158,T
1-PB2,189,1159,0,1,1,1161,A
1-PB2,190,1176,0,0,0,1176,A
1-PB2,191,2,1,0,1173,1176,C
1-PB2,192,1174,0,0,0,1174,A
1-PB2,193,0,2,1171,0,1173,G
1-PB2,194,1158,0,0,0,1158,A
1-PB2,195,1167,0,0,0,1167,A
1-PB2,196,1165,0,0,0,1165,A
1-PB2,197,0,1158,0,0,1158,T
1-PB2,198,0,1,1155,0,1156,G
1-PB2,199,1141,0,2,0,1143,A
1-PB2,200,0,1173,0,0,1173,T
1-PB2,201,0,1165,0,0,1165,T
1-PB2,202,2,0,0,1165,1167,C
1-PB2,203,4,0,0,1161,1165,C
1-PB2,204,1166,0,0,0,1166,A
1-PB2,205,0,3,1171,0,1174,G
1-PB2,206,1173,0,0,0,1173,A
1-PB2,207,0,3,1171,0,1174,G
1-PB2,208,1161,0,0,0,1161,A
1-PB2,209,1,4,1171,0,1176,G
1-PB2,210,1164,0,2,0,1166,A
1-PB2,211,1171,0,0,0,1171,A
1-PB2,212,1170,0,0,0,1170,A
1-PB2,213,0,1164,0,0,1164,T
1-PB2,214,0,5,1170,0,1175,G
1-PB2,215,1182,0,2,0,1184,A
1-PB2,216,1182,0,1,0,1183,A
1-PB2,217,2,0,0,1179,1181,C
1-PB2,218,1174,0,0,0,1174,A
1-PB2,219,1176,0,3,0,1179,A
1-PB2,220,1,1,1189,0,1191,G
1-PB2,221,0,3,1190,0,1193,G
1-PB2,222,1198,0,1,0,1199,A
1-PB2,223,0,0,0,1205,1205,C
1-PB2,224,1208,0,0,0,1208,A
1-PB2,225,1205,0,1,0,1206,A
1-PB2,226,1242,0,0,0,1242,A
1-PB2,227,0,0,0,1259,1259,C
1-PB2,228,0,1246,0,1,1247,T
1-PB2,229,0,0,0,1280,1280,C
1-PB2,230,0,1261,0,0,1261,T
1-PB2,231,1266,0,0,0,1266,A
1-PB2,232,0,1273,0,0,1273,T
1-PB2,233,0,1,1271,0,1272,G
1-PB2,234,0,3,1296,0,1299,G
1-PB2,235,1247,0,3,0,1250,A
1-PB2,236,0,1,1257,0,1258,G
1-PB2,237,0,1256,0,0,1256,T
1-PB2,238,1251,0,0,0,1251,A
1-PB2,239,1258,0,0,0,1258,A
1-PB2,240,1251,0,1,0,1252,A
1-PB2,241,1257,0,1,0,1258,A
1-PB2,242,0,1254,0,0,1254,T
1-PB2,243,0,5,1237,0,1242,G
1-PB2,244,1222,0,0,0,1222,A
1-PB2,245,0,0,1236,0,1236,G
1-PB2,246,0,1220,0,2,1222,T
1-PB2,247,0,2,1221,0,1223,G
1-PB2,248,1232,0,1,0,1233,A
1-PB2,249,0,1239,0,1,1240,T
1-PB2,250,0,1,1252,0,1253,G
1-PB2,251,0,0,0,1237,1237,C
1-PB2,252,0,1235,0,1,1236,T
1-PB2,253,1,3,1278,0,1282,G
1-PB2,254,0,2,1279,0,1281,G
1-PB2,255,1286,0,0,0,1286,A
1-PB2,256,0,1273,0,1,1274,T
1-PB2,257,5,0,1,1281,1287,C
1-PB2,258,1295,0,1,0,1296,A
1-PB2,259,0,2,1314,0,1316,G
1-PB2,260,1307,0,2,0,1309,A
1-PB2,261,0,1321,1,0,1322,T
1-PB2,262,1291,0,0,0,1291,A
1-PB2,263,0,3,1320,0,1323,G
1-PB2,264,1310,0,2,0,1312,A
1-PB2,265,0,0,1323,0,1323,G
1-PB2,266,0,1290,0,0,1290,T
1-PB2,267,0,2,1290,0,1292,G
1-PB2,268,1262,0,1,0,1263,A
1-PB2,269,0,1269,0,1,1270,T
1-PB2,270,1,0,1293,0,1294,G
1-PB2,271,0,0,1311,0,1311,G
1-PB2,272,0,1282,1,1,1284,T
1-PB2,273,1280,0,0,0,1280,A
1-PB2,274,0,1260,0,2,1262,T
1-PB2,275,5,0,1,1263,1269,C
1-PB2,276,1272,0,1,0,1273,A
1-PB2,277,0,0,0,1314,1314,C
1-PB2,278,2,0,0,1304,1306,C
1-PB2,279,0,1285,0,0,1285,T
1-PB2,280,0,1276,0,2,1278,T
1-PB2,281,0,1282,0,0,1282,T
1-PB2,282,0,0,1297,0,1297,G
1-PB2,283,0,2,1284,0,1286,G
1-PB2,284,1,0,0,1302,1303,C
1-PB2,285,0,1284,1,1,1286,T
1-PB2,286,1,0,1293,0,1294,G
1-PB2,287,1,1292,0,0,1293,T
1-PB2,288,1295,0,0,0,1295,A
1-PB2,289,1297,0,1,0,1298,A
1-PB2,290,0,0,0,1300,1300,C
1-PB2,291,1276,0,1,0,1277,A
1-PB2,292,0,1277,1,0,1278,T
1-PB2,293,2,2,1257,0,1261,G
1-PB2,294,0,0,1287,0,1287,G
1-PB2,295,0,1263,0,0,1263,T
1-PB2,296,0,2,1272,0,1274,G
1-PB2,297,0,8,1279,0,1287,G
1-PB2,298,1289,0,1,0,1290,A
1-PB2,299,1299,0,0,0,1299,A
1-PB2,300,0,1305,1,0,1306,T
1-PB2,301,1303,0,0,0,1303,A
1-PB2,302,0,1,1325,0,1326,G
1-PB2,303,1319,0,2,0,1321,A
1-PB2,304,1328,0,0,0,1328,A
1-PB2,305,1322,0,0,0,1322,A
1-PB2,306,0,1290,0,0,1290,T
1-PB2,307,0,8,1281,0,1289,G
1-PB2,308,0,5,1274,0,1279,G
1-PB2,309,1273,0,4,0,1277,A
1-PB2,310,0,0,0,1286,1286,C
1-PB2,311,0,0,0,1276,1276,C
1-PB2,312,2,1,0,1257,1260,C
1-PB2,313,1,0,1278,0,1279,G
1-PB2,314,0,1283,0,1,1284,T
1-PB2,315,0,7,1311,0,1318,G
1-PB2,316,1313,0,1,0,1314,A
1-PB2,317,0,0,0,1335,1335,C
1-PB2,318,1334,0,0,0,1334,A
1-PB2,319,1326,0,0,0,1326,A
1-PB2,320,0,0,1352,0,1352,G
1-PB2,321,0,1339,0,0,1339,T
1-PB2,322,1328,0,1,0,1329,A
1-PB2,323,0,2,0,1330,1332,C
1-PB2,324,0,2,1301,0,1303,G
1-PB2,325,0,0,1343,0,1343,G
1-PB2,326,0,1337,0,1,1338,T
1-PB2,327,5,0,0,1346,1351,C
1-PB2,328,2,0,0,1346,1348,C
1-PB2,329,1324,0,4,0,1328,A
1-PB2,330,0,1337,0,2,1339,T
1-PB2,331,0,1346,0,0,1346,T
1-PB2,332,1397,0,0,0,1397,A
1-PB2,333,1,0,0,1396,1397,C
1-PB2,334,4,0,0,1354,1358,C
1-PB2,335,2,0,0,1370,1372,C
1-PB2,336,1357,0,0,0,1357,A
1-PB2,337,1365,0,1,0,1366,A
1-PB2,338,1356,0,0,0,1356,A
1-PB2,339,1347,0,1,0,1348,A
1-PB2,340,0,1,1364,0,1365,G
1-PB2,341,0,1307,0,0,1307,T
1-PB2,342,0,0,1339,0,1339,G
1-PB2,343,0,1345,0,1,1346,T
1-PB2,344,1347,1,0,0,1348,A
1-PB2,345,0,0,0,1341,1341,C
1-PB2,346,1344,0,0,0,1344,A
1-PB2,347,1347,0,0,0,1347,A
1-PB2,348,0,0,1343,0,1343,G
1-PB2,349,1314,0,2,0,1316,A
1-PB2,350,1,0,0,1337,1338,C
1-PB2,351,0,1315,0,0,1315,T
1-PB2,352,1,1325,0,0,1326,T
1-PB2,353,1323,0,1,0,1324,A
1-PB2,354,0,1323,0,0,1323,T
1-PB2,355,0,1329,0,0,1329,T
1-PB2,356,0,1311,0,0,1311,T
1-PB2,357,3,0,0,1306,1309,C
1-PB2,358,0,8,1299,2,1309,G
1-PB2,359,1288,0,0,0,1288,A
1-PB2,360,0,0,0,1301,1301,C
1-PB2,361,1300,0,0,0,1300,A
1-PB2,362,1300,0,1,0,1301,A
1-PB2,363,1296,0,2,0,1298,A
1-PB2,364,3,0,1302,0,1305,G
1-PB2,365,0,1295,0,1,1296,T
1-PB2,366,4,0,0,1307,1311,C
1-PB2,367,0,4,1310,0,1314,G
1-PB2,368,1305,0,1,0,1306,A
1-PB2,369,1294,0,1,0,1295,A
1-PB2,370,1305,0,0,0,1305,A
1-PB2,371,0,7,1339,0,1346,G
1-PB2,372,0,0,1353,0,1353,G
1-PB2,373,0,1332,0,0,1332,T
1-PB2,374,0,1343,0,0,1343,T
1-PB2,375,1344,0,0,0,1344,A
1-PB2,376,1342,1,0,0,1343,A
1-PB2,377,1342,0,1,0,1343,A
1-PB2,378,1356,0,0,0,1356,A
1-PB2,379,1,0,0,1365,1366,C
1-PB2,380,1330,0,0,0,1330,A
1-PB2,381,0,1308,0,0,1308,T
1-PB2,382,0,0,1311,0,1311,G
1-PB2,383,0,5,1296,0,1301,G
1-PB2,384,1308,0,1,0,1309,A
1-PB2,385,1310,0,2,0,1312,A
1-PB2,386,0,0,0,1326,1326,C
1-PB2,387,1,1,0,1345,1347,C
1-PB2,388,0,1332,0,1,1333,T
1-PB2,389,0,1333,0,1,1334,T
1-PB2,390,0,1333,2,2,1337,T
1-PB2,391,0,4,1331,0,1335,G
1-PB2,392,4,0,1320,0,1324,G
1-PB2,393,2,1,1,1318,1322,C
1-PB2,394,2,1,0,1313,1316,C
1-PB2,395,0,0,0,1319,1319,C
1-PB2,396,0,1288,0,2,1290,T
1-PB2,397,0,1,1320,0,1321,G
1-PB2,398,0,1317,0,1,1318,T
1-PB2,399,0,1311,0,0,1311,T
1-PB2,400,6,0,0,1310,1316,C
1-PB2,401,1310,1,0,0,1311,A
1-PB2,402,0,1315,0,0,1315,T
1-PB2,403,0,1311,0,0,1311,T
1-PB2,404,0,1322,0,0,1322,T
1-PB2,405,0,1318,0,0,1318,T
1-PB2,406,1307,0,0,0,1307,A
1-PB2,407,0,4,1288,0,1292,G
1-PB2,408,1300,0,0,0,1300,A
1-PB2,409,1305,0,0,0,1305,A
1-PB2,410,1305,0,0,0,1305,A
1-PB2,411,0,1286,0,0,1286,T
1-PB2,412,10,0,0,1289,1299,C
1-PB2,413,1292,0,0,0,1292,A
1-PB2,414,1304,0,0,0,1304,A
1-PB2,415,0,1,1305,0,1306,G
1-PB2,416,0,1295,1,1,1297,T
1-PB2,417,11,0,0,1286,1297,C
1-PB2,418,1313,0,0,0,1313,A
1-PB2,419,1305,0,4,0,1309,A
1-PB2,420,0,1,1307,0,1308,G
1-PB2,421,1311,0,0,0,1311,A
1-PB2,422,0,1304,0,0,1304,T
1-PB2,423,1325,0,0,0,1325,A
1-PB2,424,2,0,0,1322,1324,C
1-PB2,425,1,0,1325,0,1326,G
1-PB2,426,2,0,0,1326,1328,C
1-PB2,427,1318,0,0,0,1318,A
1-PB2,428,0,1,1328,0,1329,G
1-PB2,429,1328,0,1,0,1329,A
1-PB2,430,1333,0,2,0,1335,A
1-PB2,431,0,3,1362,0,1365,G
1-PB2,432,1326,0,1,0,1327,A
1-PB2,433,0,1,1341,0,1342,G
1-PB2,434,0,1330,0,0,1330,T
1-PB2,435,1324,0,0,0,1324,A
1-PB2,436,0,4,1348,0,1352,G
1-PB2,437,1355,1,0,0,1356,A
1-PB2,438,3,0,0,1407,1410,C
1-PB2,439,1383,0,1,0,1384,A
1-PB2,440,0,1365,0,0,1365,T
1-PB2,441,1358,0,0,0,1358,A
1-PB2,442,1361,0,1,0,1362,A
1-PB2,443,1341,0,1,0,1342,A
1-PB2,444,3,0,0,1362,1365,C
1-PB2,445,6,1,0,1343,1350,C
1-PB2,446,4,0,0,1341,1345,C
1-PB2,447,0,1289,0,0,1289,T
1-PB2,448,0,3,1289,0,1292,G
1-PB2,449,0,0,1313,0,1313,G
1-PB2,450,0,1310,0,1,1311,T
1-PB2,451,2,0,0,1303,1305,C
1-PB2,452,1326,0,0,0,1326,A
1-PB2,453,0,1324,0,0,1324,T
1-PB2,454,0,4,1326,0,1330,G
1-PB2,455,3,0,0,1322,1325,C
1-PB2,456,1316,0,0,0,1316,A
1-PB2,457,1,0,1332,0,1333,G
1-PB2,458,1301,0,0,0,1301,A
1-PB2,459,1,0,0,1329,1330,C
1-PB2,460,0,0,0,1328,1328,C
1-PB2,461,0,1294,0,1,1295,T
1-PB2,462,2,1,0,1298,1301,C
1-PB2,463,1297,0,3,0,1300,A
1-PB2,464,0,0,1302,0,1302,G
1-PB2,465,0,1302,0,1,1303,T
1-PB2,466,0,0,1288,0,1288,G
1-PB2,467,3,0,0,1287,1290,C
1-PB2,468,5,0,0,1265,1270,C
1-PB2,469,1269,0,1,0,1270,A
1-PB2,470,1269,0,0,0,1269,A
1-PB2,471,1266,1,0,0,1267,A
1-PB2,472,1,2,1260,1,1264,G
1-PB2,473,1230,0,1,0,1231,A
1-PB2,474,0,1,1247,0,1248,G
1-PB2,475,1,1,1242,0,1244,G
1-PB2,476,0,1,0,1246,1247,C
1-PB2,477,1245,0,2,0,1247,A
1-PB2,478,0,0,0,1256,1256,C
1-PB2,479,1256,0,0,0,1256,A
1-PB2,480,1273,0,0,0,1273,A
1-PB2,481,0,2,1283,0,1285,G
1-PB2,482,1288,0,0,0,1288,A
1-PB2,483,0,1288,0,0,1288,T
1-PB2,484,2,1,1295,0,1298,G
1-PB2,485,0,1295,0,0,1295,T
1-PB2,486,1298,0,0,1,1299,A
1-PB2,487,1298,0,0,1,1299,A
1-PB2,488,0,1303,0,0,1303,T
1-PB2,489,0,1261,0,0,1261,T
1-PB2,490,1256,0,0,0,1256,A
1-PB2,491,0,1229,0,0,1229,T
1-PB2,492,1,6,1211,1,1219,G
1-PB2,493,0,2,1222,0,1224,G
1-PB2,494,1217,0,0,0,1217,A
1-PB2,495,1210,0,1,0,1211,A
1-PB2,496,1,1,1211,0,1213,G
1-PB2,497,0,1210,0,0,1210,T
1-PB2,498,0,1218,0,0,1218,T
1-PB2,499,0,0,1225,0,1225,G
1-PB2,500,0,1205,0,0,1205,T
1-PB2,501,0,1208,0,0,1208,T
1-PB2,502,0,1212,0,0,1212,T
1-PB2,503,0,1208,0,0,1208,T
1-PB2,504,0,1209,0,0,1209,T
1-PB2,505,5,0,0,1198,1203,C
1-PB2,506,4,0,0,1205,1209,C
1-PB2,507,2,0,0,1215,1217,C
1-PB2,508,1201,0,2,1,1204,A
1-PB2,509,1209,0,2,0,1211,A
1-PB2,510,0,1225,0,0,1225,T
1-PB2,511,0,1,1227,0,1228,G
1-PB2,512,1219,0,1,0,1220,A
1-PB2,513,1225,0,0,0,1225,A
1-PB2,514,1,0,1237,0,1238,G
1-PB2,515,0,1216,0,0,1216,T
1-PB2,516,0,1,1223,0,1224,G
1-PB2,517,0,1,1213,0,1214,G
1-PB2,518,0,5,1205,0,1210,G
1-PB2,519,1210,0,3,0,1213,A
1-PB2,520,0,0,1211,0,1211,G
1-PB2,521,2,1,0,1200,1203,C
1-PB2,522,4,0,0,1214,1218,C
1-PB2,523,1228,0,1,1,1230,A
1-PB2,524,0,2,1253,0,1255,G
1-PB2,525,0,6,1257,0,1263,G
1-PB2,526,1268,0,1,0,1269,A
1-PB2,527,0,1267,0,0,1267,T
1-PB2,528,1275,0,2,0,1277,A
1-PB2,529,0,0,0,1268,1268,C
1-PB2,530,0,1261,0,0,1261,T
1-PB2,531,1265,0,0,0,1265,A
1-PB2,532,1250,1,2,0,1253,A
1-PB2,533,0,0,0,1270,1270,C
1-PB2,534,1240,0,0,0,1240,A
1-PB2,535,0,1228,0,0,1228,T
1-PB2,536,2,1,0,1227,1230,C
1-PB2,537,1216,0,1,0,1217,A
1-PB2,538,0,3,1236,0,1239,G
1-PB2,539,1223,0,0,0,1223,A
1-PB2,540,1238,0,0,0,1238,A
1-PB2,541,0,1230,0,1,1231,T
1-PB2,542,3,1,0,1204,1208,C
1-PB2,543,1212,0,1,0,1213,A
1-PB2,544,0,0,0,1240,1240,C
1-PB2,545,1244,0,0,0,1244,A
1-PB2,546,1244,0,0,0,1244,A
1-PB2,547,0,1236,0,0,1236,T
1-PB2,548,0,1232,0,0,1232,T
1-PB2,549,1240,1,0,0,1241,A
1-PB2,550,1240,0,1,0,1241,A
1-PB2,551,1,0,0,1245,1246,C
1-PB2,552,1238,0,1,0,1239,A
1-PB2,553,1217,0,0,0,1217,A
1-PB2,554,0,1227,0,0,1227,T
1-PB2,555,1232,0,0,0,1232,A
1-PB2,556,1234,0,0,0,1234,A
1-PB2,557,0,0,0,1231,1231,C
1-PB2,558,0,1230,0,0,1230,T
1-PB2,559,1224,0,0,0,1224,A
1-PB2,560,1213,0,0,0,1213,A
1-PB2,561,1223,0,0,0,1223,A
1-PB2,562,1,5,1213,0,1219,G
1-PB2,563,1197,0,0,0,1197,A
1-PB2,564,0,7,1207,0,1214,G
1-PB2,565,1203,0,1,0,1204,A
1-PB2,566,1203,6,0,0,1209,A
1-PB2,567,1212,0,0,0,1212,A
1-PB2,568,1211,1,0,0,1212,A
1-PB2,569,1218,0,0,1,1219,A
1-PB2,570,1216,0,1,0,1217,A
1-PB2,571,1,2,1216,1,1220,G
1-PB2,572,1219,0,2,0,1221,A
1-PB2,573,1214,0,1,0,1215,A
1-PB2,574,0,5,1208,0,1213,G
1-PB2,575,1219,0,3,0,1222,A
1-PB2,576,1227,0,0,0,1227,A
1-PB2,577,0,0,0,1224,1224,C
1-PB2,578,0,1188,0,0,1188,T
1-PB2,579,5,0,0,1211,1216,C
1-PB2,580,8,1,0,1209,1218,C
1-PB2,581,0,3,1226,0,1229,G
1-PB2,582,1217,0,1,0,1218,A
1-PB2,583,1,3,1222,0,1226,G
1-PB2,584,1220,0,0,0,1220,A
1-PB2,585,0,1212,0,0,1212,T
1-PB2,586,0,1194,1,0,1195,T
1-PB2,587,5,1,1196,0,1202,G
1-PB2,588,1,0,0,1204,1205,C
1-PB2,589,1214,0,0,0,1214,A
1-PB2,590,1213,0,2,0,1215,A
1-PB2,591,1209,0,0,0,1209,A
1-PB2,592,1212,0,0,0,1212,A
1-PB2,593,0,1203,0,0,1203,T
1-PB2,594,0,1207,0,1,1208,T
1-PB2,595,0,1206,0,0,1206,T
1-PB2,596,7,0,0,1191,1198,C
1-PB2,597,0,1185,1,2,1188,T
1-PB2,598,1,0,0,1318,1319,C
1-PB2,599,3,1,0,1322,1326,C
1-PB2,600,6,4,0,1478,1488,C
1-PB2,601,0,1482,1,2,1485,T
1-PB2,602,0,1522,0,0,1522,T
1-PB2,603,0,3,1519,1,1523,G
1-PB2,604,1506,0,0,0,1506,A
1-PB2,605,0,1562,0,0,1562,T
1-PB2,606,0,5,1591,0,1596,G
1-PB2,607,1,0,1791,0,1792,G
1-PB2,608,0,1835,0,3,1838,T
1-PB2,609,0,1833,0,1,1834,T
1-PB2,610,0,2,1985,0,1987,G
1-PB2,611,1,0,0,2008,2009,C
1-PB2,612,2067,0,0,0,2067,A
1-PB2,613,1,2060,0,0,2061,T
1-PB2,614,2083,0,0,5,2088,A
1-PB2,615,2,0,0,2219,2221,C
1-PB2,616,2463,0,1,3,2467,A
1-PB2,617,0,2549,0,0,2549,T
1-PB2,618,8,3,2686,0,2697,G
1-PB2,619,0,2682,0,0,2682,T
1-PB2,620,0,2686,0,0,2686,T
1-PB2,621,2680,0,2,0,2682,A
1-PB2,622,0,8,2671,0,2679,G
1-PB2,623,2715,0,1,0,2716,A
1-PB2,624,0,6,2730,0,2736,G
1-PB2,625,2671,0,1,0,2672,A
1-PB2,626,0,9,2680,0,2689,G
1-PB2,627,2638,0,6,0,2644,A
1-PB2,628,0,8,2666,0,2674,G
1-PB2,629,2662,0,4,1,2667,A
1-PB2,630,2680,0,1,0,2681,A
1-PB2,631,0,0,0,2708,2708,C
1-PB2,632,0,2691,0,0,2691,T
1-PB2,633,0,2688,0,0,2688,T
1-PB2,634,5,3,2681,0,2689,G
1-PB2,635,0,2682,0,0,2682,T
1-PB2,636,2698,0,3,0,2701,A
1-PB2,637,2,2,0,2681,2685,C
1-PB2,638,1,13,2665,0,2679,G
1-PB2,639,2675,1,0,0,2676,A
1-PB2,640,2672,0,0,0,2672,A
1-PB2,641,2717,0,0,0,2717,A
1-PB2,642,2729,0,0,0,2729,A
1-PB2,643,2729,0,0,0,2729,A
1-PB2,644,0,1,0,2744,2745,C
1-PB2,645,2741,0,2,0,2743,A
1-PB2,646,2744,0,1,0,2745,A
1-PB2,647,1,5,2748,0,2754,G
1-PB2,648,2757,0,3,1,2761,A
1-PB2,649,0,2764,0,0,2764,T
1-PB2,650,0,2763,0,0,2763,T
1-PB2,651,0,2780,0,0,2780,T
1-PB2,652,3,1,0,2785,2789,C
1-PB2,653,1,2782,0,0,2783,T
1-PB2,654,6,1,0,2773,2780,C
1-PB2,655,5,0,0,2772,2777,C
1-PB2,656,2,1,0,2794,2797,C
1-PB2,657,2798,0,0,0,2798,A
1-PB2,658,0,1,2831,0,2832,G
1-PB2,659,0,2830,0,0,2830,T
1-PB2,660,0,2841,1,0,2842,T
1-PB2,661,2,1,2833,1,2837,G
1-PB2,662,3,0,0,2829,2832,C
1-PB2,663,0,2843,0,0,2843,T
1-PB2,664,0,2,2850,0,2852,G
1-PB2,665,1,1,2815,0,2817,G
1-PB2,666,4,3,0,2829,2836,C
1-PB2,667,2,2,2854,0,2858,G
1-PB2,668,0,7,2897,0,2904,G
1-PB2,669,2887,0,2,0,2889,A
1-PB2,670,2900,0,1,0,2901,A
1-PB2,671,1,1,0,2897,2899,C
1-PB2,672,2937,0,0,0,2937,A
1-PB2,673,2926,0,6,0,2932,A
1-PB2,674,0,3,3045,0,3048,G
1-PB2,675,4,1,0,3130,3135,C
1-PB2,676,3158,0,1,0,3159,A
1-PB2,677,0,1,3916,0,3917,G
1-PB2,678,0,3887,0,0,3887,T
1-PB2,679,3939,1,1,0,3941,A
1-PB2,680,0,3937,0,2,3939,T
1-PB2,681,3961,2,1,0,3964,A
1-PB2,682,0,3962,1,1,3964,T
1-PB2,683,3922,0,1,0,3923,A
1-PB2,684,0,3,0,3973,3976,C
1-PB2,685,3844,0,0,0,3844,A
1-PB2,686,0,3694,0,0,3694,T
1-PB2,687,0,3607,0,1,3608,T
1-PB2,688,0,10,3596,0,3606,G
1-PB2,689,3593,1,0,0,3594,A
1-PB2,690,3592,0,2,0,3594,A
1-PB2,691,2,0,3654,0,3656,G
1-PB2,692,0,3634,0,0,3634,T
1-PB2,693,0,3623,0,0,3623,T
1-PB2,694,0,3623,0,2,3625,T
1-PB2,695,0,3634,0,1,3635,T
1-PB2,696,3647,1,2,0,3650,A
1-PB2,697,2,9,0,3677,3688,C
1-PB2,698,3674,0,0,0,3674,A
1-PB2,699,0,3683,0,0,3683,T
1-PB2,700,0,3640,1,0,3641,T
1-PB2,701,0,3659,0,0,3659,T
1-PB2,702,0,20,3668,0,3688,G
1-PB2,703,3695,0,1,0,3696,A
1-PB2,704,1,1,0,3730,3732,C
1-PB2,705,1,3716,0,2,3719,T
1-PB2,706,13,0,0,3699,3712,C
1-PB2,707,3694,0,6,1,3701,A
1-PB2,708,11,5,3667,0,3683,G
1-PB2,709,1,3,3730,0,3734,G
1-PB2,710,1,2,3758,0,3761,G
1-PB2,711,3742,0,2,0,3744,A
1-PB2,712,3760,0,3,0,3763,A
1-PB2,713,2,2,0,3757,3761,C
1-PB2,714,2,2,3810,0,3814,G
1-PB2,715,0,3786,0,1,3787,T
1-PB2,716,1,1,3836,0,3838,G
1-PB2,717,0,3797,1,1,3799,T
1-PB2,718,0,3817,0,1,3818,T
1-PB2,719,1,4,3802,0,3807,G
1-PB2,720,0,8,3793,0,3801,G
1-PB2,721,1,14,3822,1,3838,G
1-PB2,722,3807,0,3,0,3810,A
1-PB2,723,3808,0,3,2,3813,A
1-PB2,724,1,0,0,3914,3915,C
1-PB2,725,3916,0,1,0,3917,A
1-PB2,726,4027,0,0,0,4027,A
1-PB2,727,4046,1,2,0,4049,A
1-PB2,728,0,4083,0,0,4083,T
1-PB2,729,2,1,4147,0,4150,G
1-PB2,730,0,4094,0,1,4095,T
1-PB2,731,4105,0,3,1,4109,A
1-PB2,732,1,0,3,4123,4127,C
1-PB2,733,4059,0,2,0,4061,A
1-PB2,734,0,1,0,4070,4071,C
1-PB2,735,0,3947,0,6,3953,T
1-PB2,736,9,1,0,4214,4224,C
1-PB2,737,3,0,1,4232,4236,C
1-PB2,738,4287,1,0,0,4288,A
1-PB2,739,0,4,4344,1,4349,G
1-PB2,740,0,5,4423,1,4429,G
1-PB2,741,0,4385,0,1,4386,T
1-PB2,742,2,5,4425,0,4432,G
1-PB2,743,0,3,4346,1,4350,G
1-PB2,744,4245,0,2,0,4247,A
1-PB2,745,2,7,4338,0,4347,G
1-PB2,746,0,9,4351,0,4360,G
1-PB2,747,4256,1,0,0,4257,A
1-PB2,748,1,1,4347,0,4349,G
1-PB2,749,0,4219,0,3,4222,T
1-PB2,750,2,9,4291,0,4302,G
1-PB2,751,4277,0,5,0,4282,A
1-PB2,752,0,9,4300,0,4309,G
1-PB2,753,0,5,4335,0,4340,G
1-PB2,754,4320,1,1,0,4322,A
1-PB2,755,4316,0,1,0,4317,A
1-PB2,756,0,4317,0,2,4319,T
1-PB2,757,3,9,4291,2,4305,G
1-PB2,758,4286,0,3,0,4289,A
1-PB2,759,0,1,0,4285,4286,C
1-PB2,760,1,7,4284,0,4292,G
1-PB2,761,4307,0,5,0,4312,A
1-PB2,762,0,4304,0,0,4304,T
1-PB2,763,0,0,4346,0,4346,G
1-PB2,764,0,4322,0,3,4325,T
1-PB2,765,0,4309,0,1,4310,T
1-PB2,766,11,13,4320,1,4345,G
1-PB2,767,4333,0,2,0,4335,A
1-PB2,768,2,8,1,4332,4343,C
1-PB2,769,10,3,0,4330,4343,C
1-PB2,770,4296,0,0,0,4296,A
1-PB2,771,4295,0,1,0,4296,A
1-PB2,772,4302,0,3,0,4305,A
1-PB2,773,0,5,4390,0,4395,G
1-PB2,774,8,0,0,4400,4408,C
1-PB2,775,6,0,0,4407,4413,C
1-PB2,776,0,4441,0,1,4442,T
1-PB2,777,4447,0,1,0,4448,A
1-PB2,778,4442,0,1,1,4444,A
1-PB2,779,0,4459,0,0,4459,T
1-PB2,780,0,4455,0,0,4455,T
1-PB2,781,4408,0,0,1,4409,A
1-PB2,782,0,4330,0,0,4330,T
1-PB2,783,0,4307,0,8,4315,T
1-PB2,784,1,3,4304,1,4309,G
1-PB2,785,4,5,1,4284,4294,C
1-PB2,786,2,6,4285,0,4293,G
1-PB2,787,2,5,4354,0,4361,G
1-PB2,788,7,0,1,4318,4326,C
1-PB2,789,2,0,0,4359,4361,C
1-PB2,790,4379,1,0,0,4380,A
1-PB2,791,0,6,4427,0,4433,G
1-PB2,792,1,18,4447,0,4466,G
1-PB2,793,4463,1,2,0,4466,A
1-PB2,794,4481,2,3,0,4486,A
1-PB2,795,0,0,0,4499,4499,C
1-PB2,796,4462,0,4,0,4466,A
1-PB2,797,1,4540,0,1,4542,T
1-PB2,798,4606,0,1,0,4607,A
1-PB2,799,1,3,4634,1,4639,G
1-PB2,800,0,4581,0,1,4582,T
1-PB2,801,4572,1,1,0,4574,A
1-PB2,802,4546,0,1,4,4551,A
1-PB2,803,0,5,4567,0,4572,G
1-PB2,804,4539,1,3,0,4543,A
1-PB2,805,4482,0,0,0,4482,A
1-PB2,806,0,7,4461,0,4468,G
1-PB2,807,4333,0,5,0,4338,A
1-PB2,808,0,4,4348,0,4352,G
1-PB2,809,2,2,0,4333,4337,C
1-PB2,810,5,1,0,4333,4339,C
1-PB2,811,2,2,4357,0,4361,G
1-PB2,812,5,1,1,4374,4381,C
1-PB2,813,4417,0,1,0,4418,A
1-PB2,814,0,0,4680,0,4680,G
1-PB2,815,1,4632,0,2,4635,T
1-PB2,816,4666,0,1,0,4667,A
1-PB2,817,0,4633,0,2,4635,T
1-PB2,818,11,4,0,4678,4693,C
1-PB2,819,4688,0,3,0,4691,A
1-PB2,820,0,1,4688,0,4689,G
1-PB2,821,4,1,1,4686,4692,C
1-PB2,822,4510,0,0,0,4510,A
1-PB2,823,17,6,4395,0,4418,G
1-PB2,824,4419,1,2,0,4422,A
1-PB2,825,0,4409,2,1,4412,T
1-PB2,826,11,1,0,4436,4448,C
1-PB2,827,10,2,0,4449,4461,C
1-PB2,828,4459,0,0,0,4459,A
1-PB2,829,3,0,0,4494,4497,C
1-PB2,830,0,4483,1,3,4487,T
1-PB2,831,4491,1,2,0,4494,A
1-PB2,832,2,4,4466,0,4472,G
1-PB2,833,4,0,0,4425,4429,C
1-PB2,834,4411,0,0,1,4412,A
1-PB2,835,1,4418,0,0,4419,T
1-PB2,836,9,0,0,4479,4488,C
1-PB2,837,0,4458,0,1,4459,T
1-PB2,838,0,4562,0,0,4562,T
1-PB2,839,1,4587,0,1,4589,T
1-PB2,840,4571,0,0,1,4572,A
1-PB2,841,0,4550,1,1,4552,T
1-PB2,842,0,4546,0,1,4547,T
1-PB2,843,1,6,4534,0,4541,G
1-PB2,844,0,8,4540,0,4548,G
1-PB2,845,4469,0,2,0,4471,A
1-PB2,846,0,7,4466,0,4473,G
1-PB2,847,4439,0,2,0,4441,A
1-PB2,848,0,4406,0,0,4406,T
1-PB2,849,2,0,4491,0,4493,G
1-PB2,850,0,4444,0,4,4448,T
1-PB2,851,0,7,4473,0,4480,G
1-PB2,852,2,0,0,4475,4477,C
1-PB2,853,9,0,0,4469,4478,C
1-PB2,854,4447,1,1,0,4449,A
1-PB2,855,2,2,0,4476,4480,C
1-PB2,856,4398,0,6,0,4404,A
1-PB2,857,1,6,4451,0,4458,G
1-PB2,858,2,2,0,4366,4370,C
1-PB2,859,4367,1,5,0,4373,A
1-PB2,860,2,0,0,4374,4376,C
1-PB2,861,4350,0,1,0,4351,A
1-PB2,862,7,2,0,4405,4414,C
1-PB2,863,4387,1,0,0,4388,A
1-PB2,864,4382,0,1,0,4383,A
1-PB2,865,4371,1,0,0,4372,A
1-PB2,866,0,4278,0,1,4279,T
1-PB2,867,0,4290,0,1,4291,T
1-PB2,868,0,6,4280,0,4286,G
1-PB2,869,0,4,4232,1,4237,G
1-PB2,870,3,1,0,4244,4248,C
1-PB2,871,2,3,4240,0,4245,G
1-PB2,872,0,8,4305,0,4313,G
1-PB2,873,1,13,4284,0,4298,G
1-PB2,874,4216,0,1,0,4217,A
1-PB2,875,3,1,0,4252,4256,C
1-PB2,876,4277,0,1,0,4278,A
1-PB2,877,4312,0,4,0,4316,A
1-PB2,878,1,9,4278,1,4289,G
1-PB2,879,1,5,4357,0,4363,G
1-PB2,880,4219,0,3,0,4222,A
1-PB2,881,0,4176,0,0,4176,T
1-PB2,882,1,4,4149,1,4155,G
1-PB2,883,0,1,4208,0,4209,G
1-PB2,884,0,4011,0,3,4014,T
1-PB2,885,0,4,4177,0,4181,G
1-PB2,886,0,8,4171,0,4179,G
1-PB2,887,3998,1,2,1,4002,A
1-PB2,888,1,1,0,4067,4069,C
1-PB2,889,4039,0,1,0,4040,A
1-PB2,890,1,4537,0,1,4539,T
1-PB2,891,1,4519,0,2,4522,T
1-PB2,892,14,3,0,4482,4499,C
1-PB2,893,0,4514,2,0,4516,T
1-PB2,894,0,4523,0,0,4523,T
1-PB2,895,4489,0,0,0,4489,A
1-PB2,896,0,8,4516,0,4524,G
1-PB2,897,4489,0,6,0,4495,A
1-PB2,898,4,0,0,4480,4484,C
1-PB2,899,3811,0,3,0,3814,A
1-PB2,900,0,9,3829,0,3838,G
1-PB2,901,3770,0,2,0,3772,A
1-PB2,902,3773,0,3,0,3776,A
1-PB2,903,4,0,1,3676,3681,C
1-PB2,904,8,1,0,3811,3820,C
1-PB2,905,3,2,1,3832,3838,C
1-PB2,906,2,13,3760,0,3775,G
1-PB2,907,3738,0,3,0,3741,A
1-PB2,908,0,1,0,3806,3807,C
1-PB2,909,0,3799,1,0,3800,T
1-PB2,910,1,7,3839,0,3847,G
1-PB2,911,3800,0,2,0,3802,A
1-PB2,912,3848,1,5,0,3854,A
1-PB2,913,0,15,3844,0,3859,G
1-PB2,914,3846,0,0,0,3846,A
1-PB2,915,3866,0,1,1,3868,A
1-PB2,916,1,0,0,3807,3808,C
1-PB2,917,3852,0,2,0,3854,A
1-PB2,918,3884,0,3,0,3887,A
1-PB2,919,0,4,3847,0,3851,G
1-PB2,920,1,0,0,3867,3868,C
1-PB2,921,0,3865,0,0,3865,T
1-PB2,922,2,4,3969,0,3975,G
1-PB2,923,0,3922,0,0,3922,T
1-PB2,924,2,5,4013,0,4020,G
1-PB2,925,1,5,4172,0,4178,G
1-PB2,926,4066,0,1,0,4067,A
1-PB2,927,0,4105,1,0,4106,T
1-PB2,928,4106,1,0,0,4107,A
1-PB2,929,0,4057,0,0,4057,T
1-PB2,930,4182,0,1,0,4183,A
1-PB2,931,0,4131,1,0,4132,T
1-PB2,932,3,4,4098,0,4105,G
1-PB2,933,5,0,0,4026,4031,C
1-PB2,934,3897,1,3,0,3901,A
1-PB2,935,3897,0,4,0,3901,A
1-PB2,936,0,6,3904,0,3910,G
1-PB2,937,0,2,3913,0,3915,G
1-PB2,938,3,5,2,3890,3900,C
1-PB2,939,0,3850,0,2,3852,T
1-PB2,940,0,2,3879,0,3881,G
1-PB2,941,1,0,0,3863,3864,C
1-PB2,942,3877,1,0,0,3878,A
1-PB2,943,3917,0,4,0,3921,A
1-PB2,944,0,3865,0,0,3865,T
1-PB2,945,0,7,3889,1,3897,G
1-PB2,946,5,3,3852,0,3860,G
1-PB2,947,0,9,3874,0,3883,G
1-PB2,948,3778,1,3,0,3782,A
1-PB2,949,0,3810,0,1,3811,T
1-PB2,950,0,3833,0,1,3834,T
1-PB2,951,1,12,3827,0,3840,G
1-PB2,952,3809,0,2,0,3811,A
1-PB2,953,0,11,3850,0,3861,G
1-PB2,954,3830,0,0,0,3830,A
1-PB2,955,3803,0,0,0,3803,A
1-PB2,956,0,3706,0,2,3708,T
1-PB2,957,22,0,0,3753,3775,C
1-PB2,958,3771,0,3,0,3774,A
1-PB2,959,0,1,3772,0,3773,G
1-PB2,960,5,0,0,3761,3766,C
1-PB2,961,1,3709,0,0,3710,T
1-PB2,962,11,1,0,3743,3755,C
1-PB2,963,3743,0,0,0,3743,A
1-PB2,964,0,3795,0,2,3797,T
1-PB2,965,13,0,0,3796,3809,C
1-PB2,966,7,0,0,3832,3839,C
1-PB2,967,0,3807,0,3,3810,T
1-PB2,968,0,3800,0,2,3802,T
1-PB2,969,4,2,0,3811,3817,C
1-PB2,970,3810,0,4,0,3814,A
1-PB2,971,3,7,3827,0,3837,G
1-PB2,972,1,0,0,3812,3813,C
1-PB2,973,0,3756,1,4,3761,T
1-PB2,974,0,3792,0,1,3793,T
1-PB2,975,0,3764,0,0,3764,T
1-PB2,976,1,10,3753,0,3764,G
1-PB2,977,0,1,3770,0,3771,G
1-PB2,978,0,3688,0,4,3692,T
1-PB2,979,0,7,3782,0,3789,G
1-PB2,980,0,5,3738,0,3743,G
1-PB2,981,0,1,3823,0,3824,G
1-PB2,982,0,3710,0,0,3710,T
1-PB2,983,0,3762,0,0,3762,T
1-PB2,984,0,3791,0,0,3791,T
1-PB2,985,3780,0,1,0,3781,A
1-PB2,986,1,1,0,3825,3827,C
1-PB2,987,3823,0,2,0,3825,A
1-PB2,988,0,3793,3,0,3796,T
1-PB2,989,0,3742,0,2,3744,T
1-PB2,990,1,3737,1,0,3739,T
1-PB2,991,3724,0,0,0,3724,A
1-PB2,992,3729,0,0,1,3730,A
1-PB2,993,3731,0,0,0,3731,A
1-PB2,994,3709,0,6,1,3716,A
1-PB2,995,1,9,3714,0,3724,G
1-PB2,996,3699,0,4,0,3703,A
1-PB2,997,3683,1,3,0,3687,A
1-PB2,998,1,0,0,3716,3717,C
1-PB2,999,3713,0,2,0,3715,A
1-PB2,1000,3706,0,3,1,3710,A
1-PB2,1001,0,4,3678,0,3682,G
1-PB2,1002,5,0,0,3680,3685,C
1-PB2,1003,0,7,3681,0,3688,G
1-PB2,1004,1,5,3684,0,3690,G
1-PB2,1005,2,1,3686,0,3689,G
1-PB2,1006,0,3657,2,3,3662,T
1-PB2,1007,15,2,0,3673,3690,C
1-PB2,1008,3719,2,2,0,3723,A
1-PB2,1009,0,3660,0,3,3663,T
1-PB2,1010,10,1,1,3699,3711,C
1-PB2,1011,3701,1,2,1,3705,A
1-PB2,1012,0,1,3771,0,3772,G
1-PB2,1013,1,3680,0,1,3682,T
1-PB2,1014,25,1,0,3672,3698,C
1-PB2,1015,3717,0,0,0,3717,A
1-PB2,1016,3733,0,1,0,3734,A
1-PB2,1017,3736,0,0,0,3736,A
1-PB2,1018,3746,0,0,0,3746,A
1-PB2,1019,3724,0,5,1,3730,A
1-PB2,1020,18,4,3638,0,3660,G
1-PB2,1021,0,12,3721,0,3733,G
1-PB2,1022,3750,0,0,1,3751,A
1-PB2,1023,3757,0,4,0,3761,A
1-PB2,1024,0,3,3755,0,3758,G
1-PB2,1025,3737,0,1,0,3738,A
1-PB2,1026,3629,0,6,0,3635,A
1-PB2,1027,7,5,3625,0,3637,G
1-PB2,1028,3611,0,3,0,3614,A
1-PB2,1029,0,4,3612,0,3616,G
1-PB2,1030,3,0,3688,0,3691,G
1-PB2,1031,0,3633,1,1,3635,T
1-PB2,1032,0,3,3760,0,3763,G
1-PB2,1033,0,0,0,3739,3739,C
1-PB2,1034,0,3763,1,2,3766,T
1-PB2,1035,0,3810,0,0,3810,T
1-PB2,1036,3791,0,1,0,3792,A
1-PB2,1037,3,11,0,3773,3787,C
1-PB2,1038,3762,1,2,0,3765,A
1-PB2,1039,1,5,3752,1,3759,G
1-PB2,1040,3,4,3727,0,3734,G
1-PB2,1041,5,1,0,3660,3666,C
1-PB2,1042,3647,0,1,0,3648,A
1-PB2,1043,3652,0,1,0,3653,A
1-PB2,1044,1,3713,0,1,3715,T
1-PB2,1045,10,2,0,3747,3759,C
1-PB2,1046,0,3704,1,7,3712,T
1-PB2,1047,9,1,0,3709,3719,C
1-PB2,1048,6,0,0,3723,3729,C
1-PB2,1049,3744,0,2,0,3746,A
1-PB2,1050,3739,0,2,0,3741,A
1-PB2,1051,3760,0,1,0,3761,A
1-PB2,1052,0,1,0,3776,3777,C
1-PB2,1053,3674,0,0,0,3674,A
1-PB2,1054,1,3622,0,1,3624,T
1-PB2,1055,0,3635,0,0,3635,T
1-PB2,1056,1,13,3679,0,3693,G
1-PB2,1057,3683,0,1,1,3685,A
1-PB2,1058,3745,0,1,0,3746,A
1-PB2,1059,3751,1,0,1,3753,A
1-PB2,1060,3744,0,0,0,3744,A
1-PB2,1061,1,3740,0,0,3741,T
1-PB2,1062,3758,1,0,0,3759,A
1-PB2,1063,3751,0,2,0,3753,A
1-PB2,1064,0,14,3831,0,3845,G
1-PB2,1065,3754,0,7,0,3761,A
1-PB2,1066,5,1,3898,0,3904,G
1-PB2,1067,0,3823,0,1,3824,T
1-PB2,1068,3883,1,1,0,3885,A
1-PB2,1069,1,0,0,3969,3970,C
1-PB2,1070,3935,0,0,0,3935,A
1-PB2,1071,0,3920,0,1,3921,T
1-PB2,1072,0,4,3938,1,3943,G
1-PB2,1073,3816,1,6,0,3823,A
1-PB2,1074,1,6,3884,0,3891,G
1-PB2,1075,0,3,3894,0,3897,G
1-PB2,1076,2,3,4053,0,4058,G
1-PB2,1077,2,1,4100,0,4103,G
1-PB2,1078,0,3930,0,1,3931,T
1-PB2,1079,4016,0,3,0,4019,A
1-PB2,1080,0,3997,0,1,3998,T
1-PB2,1081,0,9,4008,0,4017,G
1-PB2,1082,4007,0,2,0,4009,A
1-PB2,1083,1,5,3992,2,4000,G
1-PB2,1084,0,9,3947,0,3956,G
1-PB2,1085,3717,0,3,0,3720,A
1-PB2,1086,0,3,3803,0,3806,G
1-PB2,1087,1,3817,0,0,3818,T
1-PB2,1088,0,3933,1,5,3939,T
1-PB2,1089,16,0,0,3973,3989,C
1-PB2,1090,3993,1,1,0,3995,A
1-PB2,1091,3,1,0,4010,4014,C
1-PB2,1092,4003,1,0,0,4004,A
1-PB2,1093,3975,0,2,0,3977,A
1-PB2,1094,0,3976,0,1,3977,T
1-PB2,1095,0,6,3913,1,3920,G
1-PB2,1096,0,1,3927,0,3928,G
1-PB2,1097,0,3786,0,1,3787,T
1-PB2,1098,1,6,3851,0,3858,G
1-PB2,1099,1,13,3805,1,3820,G
1-PB2,1100,2,7,3809,1,3819,G
1-PB2,1101,0,7,3866,0,3873,G
1-PB2,1102,3849,0,0,0,3849,A
1-PB2,1103,3857,0,2,1,3860,A
1-PB2,1104,3852,0,2,1,3855,A
1-PB2,1105,3777,0,8,1,3786,A
1-PB2,1106,0,18,3818,0,3836,G
1-PB2,1107,3777,0,7,1,3785,A
1-PB2,1108,0,4,3788,0,3792,G
1-PB2,1109,1,0,0,3776,3777,C
1-PB2,1110,3775,1,1,0,3777,A
1-PB2,1111,3784,0,2,0,3786,A
1-PB2,1112,1,0,0,3895,3896,C
1-PB2,1113,3901,0,2,0,3903,A
1-PB2,1114,1,3,3974,0,3978,G
1-PB2,1115,3,0,0,3940,3943,C
1-PB2,1116,0,3920,1,0,3921,T
1-PB2,1117,4070,0,0,0,4070,A
1-PB2,1118,1,4070,0,1,4072,T
1-PB2,1119,4084,0,2,0,4086,A
1-PB2,1120,2,1,0,4094,4097,C
1-PB2,1121,0,3942,0,4,3946,T
1-PB2,1122,3986,0,1,0,3987,A
1-PB2,1123,3918,0,1,0,3919,A
1-PB2,1124,1,13,3905,0,3919,G
1-PB2,1125,3921,1,0,0,3922,A
1-PB2,1126,3817,0,1,0,3818,A
1-PB2,1127,3826,0,0,0,3826,A
1-PB2,1128,3807,0,4,0,3811,A
1-PB2,1129,1,3,3807,0,3811,G
1-PB2,1130,0,0,0,3774,3774,C
1-PB2,1131,3801,0,2,0,3803,A
1-PB2,1132,3787,0,7,0,3794,A
1-PB2,1133,1,0,0,3808,3809,C
1-PB2,1134,7,1,0,3810,3818,C
1-PB2,1135,3838,0,0,0,3838,A
1-PB2,1136,1,9,3834,0,3844,G
1-PB2,1137,3827,0,2,0,3829,A
1-PB2,1138,3815,0,7,0,3822,A
1-PB2,1139,0,14,3870,0,3884,G
1-PB2,1140,3838,1,0,0,3839,A
1-PB2,1141,0,3839,0,1,3840,T
1-PB2,1142,0,3822,0,2,3824,T
1-PB2,1143,0,12,3828,0,3840,G
1-PB2,1144,0,2,3896,0,3898,G
1-PB2,1145,0,3877,0,4,3881,T
1-PB2,1146,1,3841,1,2,3845,T
1-PB2,1147,17,1,0,3872,3890,C
1-PB2,1148,3951,0,2,0,3953,A
1-PB2,1149,0,1,4087,0,4088,G
1-PB2,1150,4,1,0,4093,4098,C
1-PB2,1151,0,4101,0,4,4105,T
1-PB2,1152,9,0,0,4117,4126,C
1-PB2,1153,4125,0,4,0,4129,A
1-PB2,1154,0,4124,0,0,4124,T
1-PB2,1155,4133,0,2,0,4135,A
1-PB2,1156,11,0,4173,0,4184,G
1-PB2,1157,0,3938,0,0,3938,T
1-PB2,1158,1,12,3989,1,4003,G
1-PB2,1159,3878,1,2,0,3881,A
1-PB2,1160,1,4,3971,1,3977,G
1-PB2,1161,0,3910,0,0,3910,T
1-PB2,1162,2,8,3916,0,3926,G
1-PB2,1163,1,5,3952,0,3958,G
1-PB2,1164,3929,0,21,0,3950,A
1-PB2,1165,3938,0,1,0,3939,A
1-PB2,1166,0,6,3948,0,3954,G
1-PB2,1167,3900,0,3,0,3903,A
1-PB2,1168,2,8,3919,0,3929,G
1-PB2,1169,3879,1,2,1,3883,A
1-PB2,1170,1,25,0,3878,3904,C
1-PB2,1171,1,23,3895,0,3919,G
1-PB2,1172,3853,0,0,0,3853,A
1-PB2,1173,3864,0,7,0,3871,A
1-PB2,1174,1,3,2,3901,3907,C
1-PB2,1175,3891,0,0,0,3891,A
1-PB2,1176,1,1,4093,0,4095,G
1-PB2,1177,0,4027,1,1,4029,T
1-PB2,1178,11,0,1,4038,4050,C
1-PB2,1179,4113,0,1,0,4114,A
1-PB2,1180,4084,0,1,0,4085,A
1-PB2,1181,0,4075,0,2,4077,T
1-PB2,1182,4090,0,2,0,4092,A
1-PB2,1183,1,4,4063,0,4068,G
1-PB2,1184,4,0,0,4037,4041,C
1-PB2,1185,6,4,0,3966,3976,C
1-PB2,1186,2,7,3945,1,3955,G
1-PB2,1187,3927,0,0,0,3927,A
1-PB2,1188,3946,0,0,1,3947,A
1-PB2,1189,0,3,3973,0,3976,G
1-PB2,1190,3,0,0,4089,4092,C
1-PB2,1191,4113,0,1,0,4114,A
1-PB2,1192,4095,0,1,0,4096,A
1-PB2,1193,0,4099,0,0,4099,T
1-PB2,1194,4121,0,1,0,4122,A
1-PB2,1195,4119,0,0,0,4119,A
1-PB2,1196,1,4117,0,3,4121,T
1-PB2,1197,19,1,0,4092,4112,C
1-PB2,1198,2,0,4079,0,4081,G
1-PB2,1199,0,3986,0,3,3989,T
1-PB2,1200,4,4,4000,0,4008,G
1-PB2,1201,0,4,3984,0,3988,G
1-PB2,1202,3,1,0,3978,3982,C
1-PB2,1203,4,2,1,4027,4034,C
1-PB2,1204,3983,0,0,0,3983,A
1-PB2,1205,0,4000,0,2,4002,T
1-PB2,1206,2,10,4033,0,4045,G
1-PB2,1207,1,2,4100,0,4103,G
1-PB2,1208,0,3996,0,3,3999,T
1-PB2,1209,1,2,4118,0,4121,G
1-PB2,1210,0,3998,1,2,4001,T
1-PB2,1211,0,4048,0,2,4050,T
1-PB2,1212,1,4081,0,0,4082,T
1-PB2,1213,0,4077,1,3,4081,T
1-PB2,1214,21,4,1,4102,4128,C
1-PB2,1215,4139,1,2,0,4142,A
1-PB2,1216,1,1,0,4268,4270,C
1-PB2,1217,4227,0,1,1,4229,A
1-PB2,1218,4193,0,0,0,4193,A
1-PB2,1219,0,5,4223,1,4229,G
1-PB2,1220,4155,0,2,0,4157,A
1-PB2,1221,109,9,4108,0,4226,G
1-PB2,1222,0,19,4214,0,4233,G
1-PB2,1223,4187,0,0,0,4187,A
1-PB2,1224,2,4181,0,0,4183,T
1-PB2,1225,3,4172,0,2,4177,T
1-PB2,1226,0,7,4181,0,4188,G
1-PB2,1227,0,2,0,4107,4109,C
1-PB2,1228,4155,0,2,0,4157,A
1-PB2,1229,0,4183,0,0,4183,T
1-PB2,1230,1,17,4274,1,4293,G
1-PB2,1231,4303,0,0,0,4303,A
1-PB2,1232,0,4337,0,0,4337,T
1-PB2,1233,4334,0,1,0,4335,A
1-PB2,1234,4330,2,0,0,4332,A
1-PB2,1235,4326,0,0,0,4326,A
1-PB2,1236,4310,0,4,0,4314,A
1-PB2,1237,2,1,4316,0,4319,G
1-PB2,1238,3,0,0,4372,4375,C
1-PB2,1239,4411,1,1,0,4413,A
1-PB2,1240,0,0,4512,0,4512,G
1-PB2,1241,0,4497,1,1,4499,T
1-PB2,1242,0,4509,0,0,4509,T
1-PB2,1243,4516,0,2,0,4518,A
1-PB2,1244,1,7,4517,0,4525,G
1-PB2,1245,4493,1,1,0,4495,A
1-PB2,1246,1,5,4484,0,4490,G
1-PB2,1247,2,0,4457,1,4460,G
1-PB2,1248,0,4211,0,3,4214,T
1-PB2,1249,0,33,4265,0,4298,G
1-PB2,1250,4329,2,2,1,4334,A
1-PB2,1251,2,0,0,4382,4384,C
1-PB2,1252,12,1,0,4375,4388,C
1-PB2,1253,0,4391,0,2,4393,T
1-PB2,1254,0,23,4391,0,4414,G
1-PB2,1255,4377,1,0,0,4378,A
1-PB2,1256,4385,0,0,0,4385,A
1-PB2,1257,0,4407,0,0,4407,T
1-PB2,1258,0,4444,0,1,4445,T
1-PB2,1259,2,4468,0,0,4470,T
1-PB2,1260,19,2,0,4448,4469,C
1-PB2,1261,4,2,4462,0,4468,G
1-PB2,1262,1,4419,0,4,4424,T
1-PB2,1263,13,0,1,4435,4449,C
1-PB2,1264,4468,0,0,0,4468,A
1-PB2,1265,4449,0,0,0,4449,A
1-PB2,1266,2,1,0,4468,4471,C
1-PB2,1267,4406,0,0,0,4406,A
1-PB2,1268,0,8,4447,0,4455,G
1-PB2,1269,4405,0,7,0,4412,A
1-PB2,1270,0,1,4434,0,4435,G
1-PB2,1271,4,0,0,4433,4437,C
1-PB2,1272,4456,0,0,0,4456,A
1-PB2,1273,4490,0,2,0,4492,A
1-PB2,1274,4478,1,1,0,4480,A
1-PB2,1275,0,4437,1,0,4438,T
1-PB2,1276,14,1,0,4457,4472,C
1-PB2,1277,4461,0,2,0,4463,A
1-PB2,1278,0,7,4421,0,4428,G
1-PB2,1279,5,0,1,4436,4442,C
1-PB2,1280,0,8,4455,0,4463,G
1-PB2,1281,0,5,4665,0,4670,G
1-PB2,1282,0,4609,1,3,4613,T
1-PB2,1283,3,4656,0,0,4659,T
1-PB2,1284,1,24,4616,0,4641,G
1-PB2,1285,4637,0,1,0,4638,A
1-PB2,1286,4658,0,5,2,4665,A
1-PB2,1287,3,4,0,4678,4685,C
1-PB2,1288,11,0,0,4643,4654,C
1-PB2,1289,7,0,0,4686,4693,C
1-PB2,1290,7,1,0,4582,4590,C
1-PB2,1291,4594,0,6,0,4600,A
1-PB2,1292,1,4614,0,0,4615,T
1-PB2,1293,12,4,4600,0,4616,G
1-PB2,1294,2,1,0,4639,4642,C
1-PB2,1295,4612,0,1,0,4613,A
1-PB2,1296,1,4558,0,6,4565,T
1-PB2,1297,20,0,0,4562,4582,C
1-PB2,1298,4557,0,1,0,4558,A
1-PB2,1299,0,0,4596,0,4596,G
1-PB2,1300,3,1,0,4595,4599,C
1-PB2,1301,0,4614,0,17,4631,T
1-PB2,1302,0,4635,0,2,4637,T
1-PB2,1303,1,4616,0,0,4617,T
1-PB2,1304,1,4616,0,1,4618,T
1-PB2,1305,4637,1,0,0,4638,A
1-PB2,1306,4622,0,2,0,4624,A
1-PB2,1307,1,12,4600,0,4613,G
1-PB2,1308,3,3,4576,0,4582,G
1-PB2,1309,8,0,0,4548,4556,C
1-PB2,1310,4578,1,0,0,4579,A
1-PB2,1311,0,4579,0,0,4579,T
1-PB2,1312,1,4599,0,0,4600,T
1-PB2,1313,0,4607,0,0,4607,T
1-PB2,1314,0,4611,0,1,4612,T
1-PB2,1315,17,0,0,4616,4633,C
1-PB2,1316,4626,0,4,0,4630,A
1-PB2,1317,1,12,4598,0,4611,G
1-PB2,1318,4609,0,2,0,4611,A
1-PB2,1319,4617,0,3,1,4621,A
1-PB2,1320,4592,0,15,1,4608,A
1-PB2,1321,0,3,4608,0,4611,G
1-PB2,1322,4629,0,0,0,4629,A
1-PB2,1323,0,4611,0,13,4624,T
1-PB2,1324,0,3,4632,0,4635,G
1-PB2,1325,8,3,0,4599,4610,C
1-PB2,1326,3,13,4657,0,4673,G
1-PB2,1327,4597,2,3,0,4602,A
1-PB2,1328,4619,0,1,1,4621,A
1-PB2,1329,4641,0,1,0,4642,A
1-PB2,1330,2,0,4655,0,4657,G
1-PB2,1331,0,4533,0,4,4537,T
1-PB2,1332,0,6,4570,1,4577,G
1-PB2,1333,7,0,0,4495,4502,C
1-PB2,1334,1,4568,0,4,4573,T
1-PB2,1335,0,4583,0,0,4583,T
1-PB2,1336,0,4570,0,13,4583,T
1-PB2,1337,0,4585,1,0,4586,T
1-PB2,1338,1,4559,0,0,4560,T
1-PB2,1339,28,0,0,4547,4575,C
1-PB2,1340,4584,0,0,0,4584,A
1-PB2,1341,4593,1,1,0,4595,A
1-PB2,1342,4571,0,0,0,4571,A
1-PB2,1343,4572,0,0,0,4572,A
1-PB2,1344,0,4561,0,0,4561,T
1-PB2,1345,0,4604,0,0,4604,T
1-PB2,1346,1,8,4597,0,4606,G
1-PB2,1347,0,7,4555,0,4562,G
1-PB2,1348,0,12,4557,0,4569,G
1-PB2,1349,0,15,4618,1,4634,G
1-PB2,1350,4592,0,2,0,4594,A
1-PB2,1351,1,5,4697,0,4703,G
1-PB2,1352,0,4675,1,2,4678,T
1-PB2,1353,1,4682,0,0,4683,T
1-PB2,1354,0,22,4672,0,4694,G
1-PB2,1355,4623,0,3,0,4626,A
1-PB2,1356,4631,1,8,0,4640,A
1-PB2,1357,1,1,0,4780,4782,C
1-PB2,1358,4721,1,3,0,4725,A
1-PB2,1359,1,1,0,4862,4864,C
1-PB2,1360,4810,0,0,0,4810,A
1-PB2,1361,1,4779,0,1,4781,T
1-PB2,1362,0,4773,0,1,4774,T
1-PB2,1363,1,6,4808,1,4816,G
1-PB2,1364,4800,1,2,0,4803,A
1-PB2,1365,2,3,0,4792,4797,C
1-PB2,1366,4615,1,2,0,4618,A
1-PB2,1367,0,0,4738,0,4738,G
1-PB2,1368,0,4570,0,1,4571,T
1-PB2,1369,1,4,4646,0,4651,G
1-PB2,1370,1,4585,0,6,4592,T
1-PB2,1371,8,8,4608,0,4624,G
1-PB2,1372,4604,0,3,0,4607,A
1-PB2,1373,1,4592,0,2,4595,T
1-PB2,1374,2,4,4582,1,4589,G
1-PB2,1375,1,6,4579,0,4586,G
1-PB2,1376,1,9,4541,0,4551,G
1-PB2,1377,4503,0,6,0,4509,A
1-PB2,1378,4485,0,0,0,4485,A
1-PB2,1379,0,4453,0,0,4453,T
1-PB2,1380,1,8,4481,0,4490,G
1-PB2,1381,4499,0,0,0,4499,A
1-PB2,1382,0,4473,0,0,4473,T
1-PB2,1383,0,4462,0,1,4463,T
1-PB2,1384,1,3,4429,0,4433,G
1-PB2,1385,2,8,4509,0,4519,G
1-PB2,1386,4493,0,7,0,4500,A
1-PB2,1387,1,2,4538,1,4542,G
1-PB2,1388,0,4483,0,0,4483,T
1-PB2,1389,4456,0,2,0,4458,A
1-PB2,1390,0,4468,0,0,4468,T
1-PB2,1391,0,4498,0,0,4498,T
1-PB2,1392,4527,0,3,0,4530,A
1-PB2,1393,2,0,0,4518,4520,C
1-PB2,1394,5,6,0,4480,4491,C
1-PB2,1395,4484,1,2,0,4487,A
1-PB2,1396,0,2,4501,0,4503,G
1-PB2,1397,4555,1,2,0,4558,A
1-PB2,1398,0,4524,0,0,4524,T
1-PB2,1399,4505,0,0,0,4505,A
1-PB2,1400,1,4467,0,1,4469,T
1-PB2,1401,0,13,4445,0,4458,G
1-PB2,1402,4433,0,2,0,4435,A
1-PB2,1403,2,1,0,4437,4440,C
1-PB2,1404,1,4367,0,3,4371,T
1-PB2,1405,12,1,0,4353,4366,C
1-PB2,1406,6,2,0,4337,4345,C
1-PB2,1407,4377,0,1,0,4378,A
1-PB2,1408,4412,1,0,0,4413,A
1-PB2,1409,1,2,4483,0,4486,G
1-PB2,1410,5,2,1,4455,4463,C
1-PB2,1411,4465,0,2,0,4467,A
1-PB2,1412,2,1,0,4455,4458,C
1-PB2,1413,4442,0,6,0,4448,A
1-PB2,1414,1,4,4450,0,4455,G
1-PB2,1415,4417,1,1,0,4419,A
1-PB2,1416,1,3,4439,0,4443,G
1-PB2,1417,4444,0,2,0,4446,A
1-PB2,1418,0,4329,0,1,4330,T
1-PB2,1419,2,0,4388,0,4390,G
1-PB2,1420,1,4315,0,5,4321,T
1-PB2,1421,11,3,0,4329,4343,C
1-PB2,1422,4354,0,2,0,4356,A
1-PB2,1423,4348,0,1,0,4349,A
1-PB2,1424,0,4333,0,0,4333,T
1-PB2,1425,0,8,4330,1,4339,G
1-PB2,1426,4281,0,0,0,4281,A
1-PB2,1427,11,4,4277,1,4293,G
1-PB2,1428,4215,0,2,0,4217,A
1-PB2,1429,0,6,4215,1,4222,G
1-PB2,1430,0,10,4357,0,4367,G
1-PB2,1431,4346,0,3,0,4349,A
1-PB2,1432,4351,0,1,1,4353,A
1-PB2,1433,1,4349,0,0,4350,T
1-PB2,1434,4355,0,0,1,4356,A
1-PB2,1435,4359,0,1,0,4360,A
1-PB2,1436,0,5,4358,0,4363,G
1-PB2,1437,4311,0,3,0,4314,A
1-PB2,1438,0,5,4338,0,4343,G
1-PB2,1439,1,4073,0,3,4077,T
1-PB2,1440,10,0,0,4078,4088,C
1-PB2,1441,4104,0,4,1,4109,A
1-PB2,1442,0,1,4118,0,4119,G
1-PB2,1443,2,0,0,4109,4111,C
1-PB2,1444,4139,0,0,0,4139,A
1-PB2,1445,4148,0,0,0,4148,A
1-PB2,1446,4142,0,0,0,4142,A
1-PB2,1447,4136,0,0,0,4136,A
1-PB2,1448,0,4128,0,0,4128,T
1-PB2,1449,0,2,4131,0,4133,G
1-PB2,1450,1,10,4120,0,4131,G
1-PB2,1451,0,2,4155,0,4157,G
1-PB2,1452,0,4085,0,1,4086,T
1-PB2,1453,1,0,4113,0,4114,G
1-PB2,1454,1,4091,0,1,4093,T
1-PB2,1455,2,9,4103,0,4114,G
1-PB2,1456,0,3,4153,0,4156,G
1-PB2,1457,4146,0,1,0,4147,A
1-PB2,1458,0,4105,1,0,4106,T
1-PB2,1459,0,10,4136,1,4147,G
1-PB2,1460,4127,0,1,0,4128,A
1-PB2,1461,4134,0,0,0,4134,A
1-PB2,1462,0,4110,1,1,4112,T
1-PB2,1463,4052,0,1,0,4053,A
1-PB2,1464,2,0,0,4264,4266,C
1-PB2,1465,0,4150,0,1,4151,T
1-PB2,1466,14,1,0,4166,4181,C
1-PB2,1467,5,1,1,4231,4238,C
1-PB2,1468,4227,1,4,0,4232,A
1-PB2,1469,1,2,4340,1,4344,G
1-PB2,1470,0,4305,1,1,4307,T
1-PB2,1471,4319,0,0,0,4319,A
1-PB2,1472,3,2,0,4327,4332,C
1-PB2,1473,3960,0,6,0,3966,A
1-PB2,1474,0,2,3988,0,3990,G
1-PB2,1475,3886,1,0,1,3888,A
1-PB2,1476,1,3,3914,0,3918,G
1-PB2,1477,3766,0,0,0,3766,A
1-PB2,1478,0,1,3671,0,3672,G
1-PB2,1479,0,7,3646,0,3653,G
1-PB2,1480,0,2,3641,0,3643,G
1-PB2,1481,1,3570,0,3,3574,T
1-PB2,1482,0,5,3595,0,3600,G
1-PB2,1483,0,1,3613,0,3614,G
1-PB2,1484,0,3571,0,0,3571,T
1-PB2,1485,4,3,3613,0,3620,G
1-PB2,1486,1,0,3619,0,3620,G
1-PB2,1487,0,3539,0,0,3539,T
1-PB2,1488,0,3551,1,1,3553,T
1-PB2,1489,3527,1,0,0,3528,A
1-PB2,1490,0,5,3504,0,3509,G
1-PB2,1491,1,1,1,3502,3505,C
1-PB2,1492,3499,0,1,0,3500,A
1-PB2,1493,0,3489,0,3,3492,T
1-PB2,1494,0,3351,0,1,3352,T
1-PB2,1495,1,7,3328,2,3338,G
1-PB2,1496,3310,0,0,0,3310,A
1-PB2,1497,2,1,1,3272,3276,C
1-PB2,1498,2,1,1,3294,3298,C
1-PB2,1499,1,1,3306,0,3308,G
1-PB2,1500,2,1,3362,0,3365,G
1-PB2,1501,0,3326,0,0,3326,T
1-PB2,1502,0,3328,0,0,3328,T
1-PB2,1503,0,3325,0,0,3325,T
1-PB2,1504,0,3323,0,2,3325,T
1-PB2,1505,1,3329,0,0,3330,T
1-PB2,1506,0,9,3351,1,3361,G
1-PB2,1507,3340,1,2,0,3343,A
1-PB2,1508,0,3,3345,0,3348,G
1-PB2,1509,3208,0,1,0,3209,A
1-PB2,1510,0,1,3232,0,3233,G
1-PB2,1511,0,3213,0,1,3214,T
1-PB2,1512,0,3178,0,0,3178,T
1-PB2,1513,12,0,0,3209,3221,C
1-PB2,1514,0,4,3223,0,3227,G
1-PB2,1515,3222,0,3,1,3226,A
1-PB2,1516,0,1,3224,0,3225,G
1-PB2,1517,3195,0,4,0,3199,A
1-PB2,1518,1,1,0,3192,3194,C
1-PB2,1519,3,0,0,3161,3164,C
1-PB2,1520,3149,1,0,0,3150,A
1-PB2,1521,3172,0,2,0,3174,A
1-PB2,1522,3,1,0,3187,3191,C
1-PB2,1523,0,2,3197,0,3199,G
1-PB2,1524,0,3165,0,0,3165,T
1-PB2,1525,0,1,3173,0,3174,G
1-PB2,1526,1,3,3170,0,3174,G
1-PB2,1527,1,8,3164,0,3173,G
1-PB2,1528,3151,0,0,1,3152,A
1-PB2,1529,3172,0,0,0,3172,A
1-PB2,1530,0,3075,0,1,3076,T
1-PB2,1531,2,3,3133,0,3138,G
1-PB2,1532,0,3097,0,5,3102,T
1-PB2,1533,3126,0,1,1,3128,A
1-PB2,1534,0,3127,0,0,3127,T
1-PB2,1535,0,3080,0,0,3080,T
1-PB2,1536,3116,1,0,0,3117,A
1-PB2,1537,0,3088,0,0,3088,T
1-PB2,1538,0,3057,0,2,3059,T
1-PB2,1539,3038,0,0,0,3038,A
1-PB2,1540,0,2667,0,4,2671,T
1-PB2,1541,3,1,0,2757,2761,C
1-PB2,1542,0,2709,0,1,2710,T
1-PB2,1543,7,0,0,2727,2734,C
1-PB2,1544,1,0,0,2730,2731,C
1-PB2,1545,0,2639,0,0,2639,T
1-PB2,1546,0,0,2635,0,2635,G
1-PB2,1547,2631,1,2,0,2634,A
1-PB2,1548,0,2,2613,0,2615,G
1-PB2,1549,0,5,2618,0,2623,G
1-PB2,1550,2297,0,1,0,2298,A
1-PB2,1551,1,1,2310,0,2312,G
1-PB2,1552,0,1,2293,0,2294,G
1-PB2,1553,0,2166,0,2,2168,T
1-PB2,1554,5,2,0,2190,2197,C
1-PB2,1555,2156,0,2,0,2158,A
1-PB2,1556,2,1,2182,0,2185,G
1-PB2,1557,0,2173,1,4,2178,T
1-PB2,1558,1,5,2166,0,2172,G
1-PB2,1559,2167,0,0,0,2167,A
1-PB2,1560,2081,0,1,0,2082,A
1-PB2,1561,2084,0,2,1,2087,A
1-PB2,1562,0,0,0,2074,2074,C
1-PB2,1563,2062,0,0,0,2062,A
1-PB2,1564,1,1,0,2066,2068,C
1-PB2,1565,1984,1,3,0,1988,A
1-PB2,1566,0,1,2001,0,2002,G
1-PB2,1567,1,0,1981,0,1982,G
1-PB2,1568,0,6,1988,0,1994,G
1-PB2,1569,1976,0,1,1,1978,A
1-PB2,1570,1959,0,0,0,1959,A
1-PB2,1571,0,0,0,1969,1969,C
1-PB2,1572,0,1927,0,0,1927,T
1-PB2,1573,2,5,1918,0,1925,G
1-PB2,1574,1885,0,5,0,1890,A
1-PB2,1575,4,2,1900,0,1906,G
1-PB2,1576,1856,0,3,0,1859,A
1-PB2,1577,1,5,1752,0,1758,G
1-PB2,1578,1739,0,3,0,1742,A
1-PB2,1579,0,2,0,1754,1756,C
1-PB2,1580,0,1670,0,0,1670,T
1-PB2,1581,2,4,1678,0,1684,G
1-PB2,1582,1675,1,0,0,1676,A
1-PB2,1583,1,0,0,1677,1678,C
1-PB2,1584,1671,0,0,0,1671,A
1-PB2,1585,1670,0,1,0,1671,A
1-PB2,1586,0,1657,0,0,1657,T
1-PB2,1587,1662,1,1,0,1664,A
1-PB2,1588,1659,0,1,0,1660,A
1-PB2,1589,1,0,0,1665,1666,C
1-PB2,1590,0,1511,0,1,1512,T
1-PB2,1591,0,1488,0,0,1488,T
1-PB2,1592,1472,0,0,0,1472,A
1-PB2,1593,0,1464,0,1,1465,T
1-PB2,1594,0,1452,0,0,1452,T
1-PB2,1595,2,0,0,1455,1457,C
1-PB2,1596,1318,0,0,0,1318,A
1-PB2,1597,0,1304,0,0,1304,T
1-PB2,1598,4,0,0,1265,1269,C
1-PB2,1599,1,1,1266,0,1268,G
1-PB2,1600,0,1259,0,0,1259,T
1-PB2,1601,2,1,1,1247,1251,C
1-PB2,1602,0,2,1247,0,1249,G
1-PB2,1603,1246,0,0,0,1246,A
1-PB2,1604,0,1245,0,2,1247,T
1-PB2,1605,1,1,1234,0,1236,G
1-PB2,1606,1235,0,0,0,1235,A
1-PB2,1607,0,1226,0,0,1226,T
1-PB2,1608,1,0,1217,1,1219,G
1-PB2,1609,0,1164,0,0,1164,T
1-PB2,1610,1,3,1164,0,1168,G
1-PB2,1611,0,2,1144,0,1146,G
1-PB2,1612,0,1,1147,1,1149,G
1-PB2,1613,1097,0,2,0,1099,A
1-PB2,1614,1,4,1081,0,1086,G
1-PB2,1615,979,0,0,0,979,A
1-PB2,1616,0,949,0,1,950,T
1-PB2,1617,0,908,0,0,908,T
1-PB2,1618,909,0,0,0,909,A
1-PB2,1619,901,0,0,0,901,A
1-PB2,1620,0,0,0,884,884,C
1-PB2,1621,1,2,824,1,828,G
1-PB2,1622,0,0,819,0,819,G
1-PB2,1623,0,658,0,0,658,T
1-PB2,1624,0,0,0,661,661,C
1-PB2,1625,1,0,0,655,656,C
1-PB2,1626,0,594,1,0,595,T
1-PB2,1627,0,0,592,0,592,G
1-PB2,1628,591,0,0,0,591,A
1-PB2,1629,0,0,593,0,593,G
1-PB2,1630,0,582,0,0,582,T
1-PB2,1631,3,0,0,571,574,C
1-PB2,1632,0,1,568,0,569,G
1-PB2,1633,0,0,577,0,577,G
1-PB2,1634,0,564,0,0,564,T
1-PB2,1635,0,578,0,0,578,T
1-PB2,1636,0,573,0,0,573,T
1-PB2,1637,0,573,0,0,573,T
1-PB2,1638,0,2,587,0,589,G
1-PB2,1639,0,0,591,0,591,G
1-PB2,1640,0,582,0,0,582,T
1-PB2,1641,3,0,0,590,593,C
1-PB2,1642,579,0,0,0,579,A
1-PB2,1643,595,0,0,0,595,A
1-PB2,1644,0,600,0,0,600,T
1-PB2,1645,595,0,3,0,598,A
1-PB2,1646,0,1,2,604,607,C
1-PB2,1647,2,0,0,592,594,C
1-PB2,1648,0,594,0,0,594,T
1-PB2,1649,594,0,0,0,594,A
1-PB2,1650,0,592,1,0,593,T
1-PB2,1651,1,2,0,589,592,C
1-PB2,1652,572,0,0,0,572,A
1-PB2,1653,572,0,0,0,572,A
1-PB2,1654,0,575,0,0,575,T
1-PB2,1655,1,1,556,0,558,G
1-PB2,1656,0,2,554,0,556,G
1-PB2,1657,552,0,0,0,552,A
1-PB2,1658,0,552,0,0,552,T
1-PB2,1659,2,0,0,547,549,C
1-PB2,1660,549,0,0,0,549,A
1-PB2,1661,0,544,0,0,544,T
1-PB2,1662,1,0,0,553,554,C
1-PB2,1663,551,0,1,0,552,A
1-PB2,1664,0,2,553,0,555,G
1-PB2,1665,547,0,1,0,548,A
1-PB2,1666,553,0,0,0,553,A
1-PB2,1667,549,0,1,0,550,A
1-PB2,1668,0,552,0,0,552,T
1-PB2,1669,0,545,0,0,545,T
1-PB2,1670,0,0,549,0,549,G
1-PB2,1671,0,0,543,0,543,G
1-PB2,1672,1,0,539,0,540,G
1-PB2,1673,542,0,0,0,542,A
1-PB2,1674,540,0,0,0,540,A
1-PB2,1675,0,1,539,0,540,G
1-PB2,1676,0,0,0,535,535,C
1-PB2,1677,0,540,0,0,540,T
1-PB2,1678,0,0,544,0,544,G
1-PB2,1679,0,530,0,1,531,T
1-PB2,1680,2,0,0,536,538,C
1-PB2,1681,544,0,0,0,544,A
1-PB2,1682,543,0,0,0,543,A
1-PB2,1683,543,0,1,0,544,A
1-PB2,1684,547,0,0,0,547,A
1-PB2,1685,0,547,0,0,547,T
1-PB2,1686,0,545,0,0,545,T
1-PB2,1687,1,0,0,541,542,C
1-PB2,1688,541,0,0,0,541,A
1-PB2,1689,539,0,2,0,541,A
1-PB2,1690,0,542,0,1,543,T
1-PB2,1691,0,1,537,0,538,G
1-PB2,1692,0,0,546,0,546,G
1-PB2,1693,0,547,0,2,549,T
1-PB2,1694,5,0,0,543,548,C
1-PB2,1695,2,6,0,538,546,C
1-PB2,1696,1,0,0,564,565,C
1-PB2,1697,567,0,0,0,567,A
1-PB2,1698,1,0,566,0,567,G
1-PB2,1699,561,0,1,0,562,A
1-PB2,1700,572,0,0,0,572,A
1-PB2,1701,0,563,0,0,563,T
1-PB2,1702,3,0,0,550,553,C
1-PB2,1703,0,0,0,561,561,C
1-PB2,1704,0,560,0,1,561,T
1-PB2,1705,0,0,558,0,558,G
1-PB2,1706,1,1,0,557,559,C
1-PB2,1707,561,0,0,0,561,A
1-PB2,1708,563,0,0,0,563,A
1-PB2,1709,0,558,0,0,558,T
1-PB2,1710,0,0,574,0,574,G
1-PB2,1711,0,561,0,1,562,T
1-PB2,1712,0,557,0,0,557,T
1-PB2,1713,0,1,567,0,568,G
1-PB2,1714,0,561,0,1,562,T
1-PB2,1715,559,0,1,0,560,A
1-PB2,1716,1,0,0,561,562,C
1-PB2,1717,554,0,0,0,554,A
1-PB2,1718,560,0,1,0,561,A
1-PB2,1719,0,0,0,551,551,C
1-PB2,1720,542,0,0,0,542,A
1-PB2,1721,548,0,0,0,548,A
1-PB2,1722,538,0,0,0,538,A
1-PB2,1723,541,0,0,0,541,A
1-PB2,1724,0,539,0,0,539,T
1-PB2,1725,0,0,536,0,536,G
1-PB2,1726,0,4,533,0,537,G
1-PB2,1727,530,0,0,0,530,A
1-PB2,1728,542,0,0,0,542,A
1-PB2,1729,0,539,0,0,539,T
1-PB2,1730,0,538,0,0,538,T
1-PB2,1731,0,540,0,0,540,T
1-PB2,1732,0,3,527,0,530,G
1-PB2,1733,537,0,0,0,537,A
1-PB2,1734,541,0,0,0,541,A
1-PB2,1735,0,0,0,534,534,C
1-PB2,1736,1,0,0,532,533,C
1-PB2,1737,532,0,0,0,532,A
1-PB2,1738,0,538,0,0,538,T
1-PB2,1739,0,541,0,0,541,T
1-PB2,1740,0,537,0,0,537,T
1-PB2,1741,2,0,0,534,536,C
1-PB2,1742,537,0,0,0,537,A
1-PB2,1743,538,0,0,0,538,A
1-PB2,1744,0,543,0,0,543,T
1-PB2,1745,2,0,0,550,552,C
1-PB2,1746,0,534,0,0,534,T
1-PB2,1747,1,531,0,0,532,T
1-PB2,1748,0,536,0,0,536,T
1-PB2,1749,544,0,0,0,544,A
1-PB2,1750,0,0,535,0,535,G
1-PB2,1751,1,531,0,0,532,T
1-PB2,1752,1,0,0,545,546,C
1-PB2,1753,2,1,0,538,541,C
1-PB2,1754,0,0,1,533,534,C
1-PB2,1755,3,0,0,535,538,C
1-PB2,1756,536,0,0,0,536,A
1-PB2,1757,530,0,1,0,531,A
1-PB2,1758,0,0,544,0,544,G
1-PB2,1759,0,1,532,0,533,G
1-PB2,1760,1,0,0,533,534,C
1-PB2,1761,1,0,0,532,533,C
1-PB2,1762,538,0,1,0,539,A
1-PB2,1763,0,538,0,0,538,T
1-PB2,1764,0,546,0,0,546,T
1-PB2,1765,546,0,0,0,546,A
1-PB2,1766,0,0,547,0,547,G
1-PB2,1767,532,0,0,0,532,A
1-PB2,1768,546,0,1,0,547,A
1-PB2,1769,0,1,546,0,547,G
1-PB2,1770,0,1,0,541,542,C
1-PB2,1771,0,0,0,547,547,C
1-PB2,1772,541,0,1,0,542,A
1-PB2,1773,542,1,0,0,543,A
1-PB2,1774,0,547,0,0,547,T
1-PB2,1775,549,0,0,0,549,A
1-PB2,1776,0,0,0,550,550,C
1-PB2,1777,520,0,0,0,520,A
1-PB2,1778,0,0,520,0,520,G
1-PB2,1779,0,508,0,0,508,T
1-PB2,1780,0,0,511,0,511,G
1-PB2,1781,0,0,505,0,505,G
1-PB2,1782,0,0,504,0,504,G
1-PB2,1783,0,488,1,0,489,T
1-PB2,1784,0,492,0,0,492,T
1-PB2,1785,0,499,0,0,499,T
1-PB2,1786,0,0,505,0,505,G
1-PB2,1787,0,503,0,0,503,T
1-PB2,1788,1,0,0,504,505,C
1-PB2,1789,501,0,0,0,501,A
1-PB2,1790,0,0,501,0,501,G
1-PB2,1791,496,0,1,0,497,A
1-PB2,1792,498,0,0,0,498,A
1-PB2,1793,0,0,0,499,499,C
1-PB2,1794,0,484,0,1,485,T
1-PB2,1795,0,0,0,495,495,C
1-PB2,1796,0,494,0,0,494,T
1-PB2,1797,497,0,0,0,497,A
1-PB2,1798,0,494,0,0,494,T
1-PB2,1799,0,485,0,3,488,T
1-PB2,1800,1,0,0,492,493,C
1-PB2,1801,1,0,0,490,491,C
1-PB2,1802,493,0,0,0,493,A
1-PB2,1803,494,0,0,0,494,A
1-PB2,1804,0,0,0,492,492,C
1-PB2,1805,488,0,0,0,488,A
1-PB2,1806,485,0,0,0,485,A
1-PB2,1807,487,0,0,0,487,A
1-PB2,1808,0,486,0,0,486,T
1-PB2,1809,0,0,487,0,487,G
1-PB2,1810,483,0,2,0,485,A
1-PB2,1811,0,1,486,0,487,G
1-PB2,1812,480,0,0,0,480,A
1-PB2,1813,0,2,472,0,474,G
1-PB2,1814,472,0,0,0,472,A
1-PB2,1815,0,0,0,475,475,C
1-PB2,1816,0,0,487,0,487,G
1-PB2,1817,0,484,0,1,485,T
1-PB2,1818,494,1,0,0,495,A
1-PB2,1819,0,0,0,492,492,C
1-PB2,1820,0,489,0,0,489,T
1-PB2,1821,0,491,0,0,491,T
1-PB2,1822,0,0,484,0,484,G
1-PB2,1823,0,0,484,0,484,G
1-PB2,1824,0,1,484,0,485,G
1-PB2,1825,481,0,0,0,481,A
1-PB2,1826,0,0,0,485,485,C
1-PB2,1827,492,0,0,0,492,A
1-PB2,1828,0,486,0,0,486,T
1-PB2,1829,0,491,0,0,491,T
1-PB2,1830,0,489,0,0,489,T
1-PB2,1831,0,2,487,0,489,G
1-PB2,1832,482,0,0,0,482,A
1-PB2,1833,0,0,0,488,488,C
1-PB2,1834,482,0,1,0,483,A
1-PB2,1835,0,3,0,474,477,C
1-PB2,1836,0,0,0,467,467,C
1-PB2,1837,458,0,0,0,458,A
1-PB2,1838,0,0,0,472,472,C
1-PB2,1839,1,0,0,476,477,C
1-PB2,1840,3,0,0,474,477,C
1-PB2,1841,478,0,0,0,478,A
1-PB2,1842,469,0,0,0,469,A
1-PB2,1843,478,0,0,0,478,A
1-PB2,1844,0,508,0,0,508,T
1-PB2,1845,503,0,0,0,503,A
1-PB2,1846,506,0,0,0,506,A
1-PB2,1847,0,502,0,0,502,T
1-PB2,1848,504,0,0,0,504,A
1-PB2,1849,499,0,0,0,499,A
1-PB2,1850,493,0,0,0,493,A
1-PB2,1851,0,0,497,0,497,G
1-PB2,1852,1,0,0,499,500,C
1-PB2,1853,0,478,0,0,478,T
1-PB2,1854,0,481,0,0,481,T
1-PB2,1855,0,0,0,484,484,C
1-PB2,1856,0,475,0,0,475,T
1-PB2,1857,1,0,0,484,485,C
1-PB2,1858,0,0,0,484,484,C
1-PB2,1859,0,0,0,489,489,C
1-PB2,1860,0,488,0,0,488,T
1-PB2,1861,0,489,0,1,490,T
1-PB2,1862,0,483,0,0,483,T
1-PB2,1863,0,487,0,0,487,T
1-PB2,1864,0,0,487,0,487,G
1-PB2,1865,2,0,0,487,489,C
1-PB2,1866,484,0,0,0,484,A
1-PB2,1867,0,1,484,0,485,G
1-PB2,1868,1,2,0,485,488,C
1-PB2,1869,0,481,0,2,483,T
1-PB2,1870,0,1,474,0,475,G
1-PB2,1871,1,0,0,478,479,C
1-PB2,1872,0,474,0,0,474,T
1-PB2,1873,2,0,0,474,476,C
1-PB2,1874,2,0,0,477,479,C
1-PB2,1875,481,0,1,0,482,A
1-PB2,1876,0,0,0,482,482,C
1-PB2,1877,2,0,0,486,488,C
1-PB2,1878,489,0,0,0,489,A
1-PB2,1879,490,1,0,0,491,A
1-PB2,1880,485,0,0,0,485,A
1-PB2,1881,0,0,491,0,491,G
1-PB2,1882,0,0,0,482,482,C
1-PB2,1883,478,0,0,0,478,A
1-PB2,1884,487,0,0,0,487,A
1-PB2,1885,478,0,1,0,479,A
1-PB2,1886,0,1,480,0,481,G
1-PB2,1887,0,0,0,480,480,C
1-PB2,1888,480,0,0,0,480,A
1-PB2,1889,0,1,480,0,481,G
1-PB2,1890,475,0,0,0,475,A
1-PB2,1891,483,0,0,0,483,A
1-PB2,1892,0,481,0,0,481,T
1-PB2,1893,0,0,483,0,483,G
1-PB2,1894,0,0,0,480,480,C
1-PB2,1895,476,0,1,0,477,A
1-PB2,1896,0,0,478,0,478,G
1-PB2,1897,0,484,0,0,484,T
1-PB2,1898,0,488,0,0,488,T
1-PB2,1899,1,0,0,495,496,C
1-PB2,1900,0,487,0,0,487,T
1-PB2,1901,1,0,0,494,495,C
1-PB2,1902,0,494,0,1,495,T
1-PB2,1903,0,496,0,0,496,T
1-PB2,1904,4,1,0,496,501,C
1-PB2,1905,490,1,0,0,491,A
1-PB2,1906,0,2,0,496,498,C
1-PB2,1907,0,488,0,0,488,T
1-PB2,1908,2,1,489,0,492,G
1-PB2,1909,483,0,0,0,483,A
1-PB2,1910,0,0,0,492,492,C
1-PB2,1911,0,491,0,0,491,T
1-PB2,1912,0,0,499,0,499,G
1-PB2,1913,0,491,0,0,491,T
1-PB2,1914,0,0,498,0,498,G
1-PB2,1915,493,0,0,1,494,A
1-PB2,1916,498,0,0,0,498,A
1-PB2,1917,0,489,0,0,489,T
1-PB2,1918,0,0,493,0,493,G
1-PB2,1919,0,474,0,0,474,T
1-PB2,1920,3,1,480,0,484,G
1-PB2,1921,460,0,1,0,461,A
1-PB2,1922,0,2,467,0,469,G
1-PB2,1923,0,1,469,0,470,G
1-PB2,1924,0,1,471,0,472,G
1-PB2,1925,0,1,471,0,472,G
1-PB2,1926,467,0,0,0,467,A
1-PB2,1927,1,460,0,0,461,T
1-PB2,1928,1,0,0,472,473,C
1-PB2,1929,473,0,0,0,473,A
1-PB2,1930,0,0,479,0,479,G
1-PB2,1931,1,1,466,0,468,G
1-PB2,1932,0,2,476,0,478,G
1-PB2,1933,475,0,0,0,475,A
1-PB2,1934,0,451,0,0,451,T
1-PB2,1935,0,0,454,0,454,G
1-PB2,1936,453,0,0,0,453,A
1-PB2,1937,0,1,459,0,460,G
1-PB2,1938,457,0,0,0,457,A
1-PB2,1939,447,0,1,0,448,A
1-PB2,1940,0,455,0,0,455,T
1-PB2,1941,456,0,0,0,456,A
1-PB2,1942,0,0,0,463,463,C
1-PB2,1943,0,461,0,1,462,T
1-PB2,1944,0,463,0,0,463,T
1-PB2,1945,0,0,464,0,464,G
1-PB2,1946,0,457,0,1,458,T
1-PB2,1947,457,0,0,0,457,A
1-PB2,1948,459,0,0,0,459,A
1-PB2,1949,0,0,451,0,451,G
1-PB2,1950,0,0,447,0,447,G
1-PB2,1951,0,1,443,0,444,G
1-PB2,1952,0,0,447,0,447,G
1-PB2,1953,0,0,0,446,446,C
1-PB2,1954,447,0,0,0,447,A
1-PB2,1955,450,0,0,0,450,A
1-PB2,1956,0,448,0,0,448,T
1-PB2,1957,0,447,0,0,447,T
1-PB2,1958,1,0,0,458,459,C
1-PB2,1959,0,453,0,0,453,T
1-PB2,1960,2,0,0,463,465,C
1-PB2,1961,1,0,0,464,465,C
1-PB2,1962,0,463,0,0,463,T
1-PB2,1963,0,0,483,0,483,G
1-PB2,1964,1,467,0,0,468,T
1-PB2,1965,471,0,0,0,471,A
1-PB2,1966,0,470,0,0,470,T
1-PB2,1967,0,459,0,0,459,T
1-PB2,1968,3,0,0,460,463,C
1-PB2,1969,459,0,0,0,459,A
1-PB2,1970,470,0,0,0,470,A
1-PB2,1971,0,0,0,469,469,C
1-PB2,1972,0,460,0,0,460,T
1-PB2,1973,465,0,0,0,465,A
1-PB2,1974,1,1,0,478,480,C
1-PB2,1975,481,0,0,0,481,A
1-PB2,1976,474,0,1,0,475,A
1-PB2,1977,0,0,0,477,477,C
1-PB2,1978,477,0,0,0,477,A
1-PB2,1979,468,0,0,0,468,A
1-PB2,1980,0,1,471,0,472,G
1-PB2,1981,466,0,0,0,466,A
1-PB2,1982,0,1,0,471,472,C
1-PB2,1983,1,0,0,460,461,C
1-PB2,1984,457,0,0,0,457,A
1-PB2,1985,0,0,0,484,484,C
1-PB2,1986,0,483,0,0,483,T
1-PB2,1987,488,0,0,0,488,A
1-PB2,1988,482,0,0,0,482,A
1-PB2,1989,485,0,0,0,485,A
1-PB2,1990,491,0,0,0,491,A
1-PB2,1991,0,0,487,0,487,G
1-PB2,1992,480,0,0,0,480,A
1-PB2,1993,0,0,0,483,483,C
1-PB2,1994,0,481,0,1,482,T
1-PB2,1995,479,0,0,0,479,A
1-PB2,1996,476,0,0,0,476,A
1-PB2,1997,0,0,0,478,478,C
1-PB2,1998,478,0,1,0,479,A
1-PB2,1999,476,0,0,0,476,A
1-PB2,2000,0,465,0,0,465,T
1-PB2,2001,0,467,0,0,467,T
1-PB2,2002,1,0,0,470,471,C
1-PB2,2003,0,459,0,0,459,T
1-PB2,2004,0,0,0,475,475,C
1-PB2,2005,0,1,472,0,473,G
1-PB2,2006,0,1,470,0,471,G
1-PB2,2007,475,0,1,0,476,A
1-PB2,2008,475,0,0,0,475,A
1-PB2,2009,478,0,0,0,478,A
1-PB2,2010,477,0,0,0,477,A
1-PB2,2011,0,1,472,0,473,G
1-PB2,2012,472,0,0,0,472,A
1-PB2,2013,0,476,0,0,476,T
1-PB2,2014,0,1,478,0,479,G
1-PB2,2015,0,0,0,480,480,C
1-PB2,2016,0,0,0,482,482,C
1-PB2,2017,0,1,480,0,481,G
1-PB2,2018,0,0,472,0,472,G
1-PB2,2019,0,0,0,481,481,C
1-PB2,2020,477,0,0,0,477,A
1-PB2,2021,0,0,0,501,501,C
1-PB2,2022,0,504,0,0,504,T
1-PB2,2023,0,496,1,0,497,T
1-PB2,2024,0,507,0,0,507,T
1-PB2,2025,507,0,0,0,507,A
1-PB2,2026,506,0,0,0,506,A
1-PB2,2027,0,508,0,0,508,T
1-PB2,2028,473,0,0,0,473,A
1-PB2,2029,0,0,476,0,476,G
1-PB2,2030,477,0,0,0,477,A
1-PB2,2031,482,0,0,0,482,A
1-PB2,2032,0,0,477,0,477,G
1-PB2,2033,472,0,1,0,473,A
1-PB2,2034,1,0,0,475,476,C
1-PB2,2035,3,0,0,475,478,C
1-PB2,2036,3,0,0,477,480,C
1-PB2,2037,479,0,0,0,479,A
1-PB2,2038,0,0,485,0,485,G
1-PB2,2039,487,1,0,0,488,A
1-PB2,2040,0,491,0,0,491,T
1-PB2,2041,0,0,487,0,487,G
1-PB2,2042,480,0,0,0,480,A
1-PB2,2043,475,0,0,0,475,A
1-PB2,2044,478,0,0,0,478,A
1-PB2,2045,0,0,472,0,472,G
1-PB2,2046,0,0,0,474,474,C
1-PB2,2047,464,0,0,0,464,A
1-PB2,2048,0,0,0,471,471,C
1-PB2,2049,476,0,0,0,476,A
1-PB2,2050,0,464,0,0,464,T
1-PB2,2051,0,1,0,464,465,C
1-PB2,2052,0,1,0,476,477,C
1-PB2,2053,1,1,475,0,477,G
1-PB2,2054,0,0,481,0,481,G
1-PB2,2055,473,0,0,0,473,A
1-PB2,2056,0,0,482,0,482,G
1-PB2,2057,0,467,0,1,468,T
1-PB2,2058,0,1,471,0,472,G
1-PB2,2059,0,0,475,0,475,G
1-PB2,2060,462,0,0,0,462,A
1-PB2,2061,0,0,464,0,464,G
1-PB2,2062,0,443,0,1,444,T
1-PB2,2063,1,0,0,453,454,C
1-PB2,2064,0,0,0,456,456,C
1-PB2,2065,1,1,450,0,452,G
1-PB2,2066,0,0,0,447,447,C
1-PB2,2067,0,0,0,452,452,C
1-PB2,2068,0,0,452,1,453,G
1-PB2,2069,0,448,0,0,448,T
1-PB2,2070,1,0,0,460,461,C
1-PB2,2071,0,457,0,0,457,T
1-PB2,2072,0,460,0,0,460,T
1-PB2,2073,0,1,455,0,456,G
1-PB2,2074,459,0,0,0,459,A
1-PB2,2075,0,0,459,0,459,G
1-PB2,2076,456,0,0,0,456,A
1-PB2,2077,0,0,446,0,446,G
1-PB2,2078,0,1,440,0,441,G
1-PB2,2079,0,0,437,0,437,G
1-PB2,2080,0,430,0,0,430,T
1-PB2,2081,0,432,0,0,432,T
1-PB2,2082,0,432,0,1,433,T
1-PB2,2083,2,0,0,432,434,C
1-PB2,2084,0,432,0,0,432,T
1-PB2,2085,3,0,0,443,446,C
1-PB2,2086,440,0,1,0,441,A
1-PB2,2087,0,438,0,1,439,T
1-PB2,2088,0,436,0,0,436,T
1-PB2,2089,437,0,0,0,437,A
1-PB2,2090,1,436,0,0,437,T
1-PB2,2091,432,0,0,0,432,A
1-PB2,2092,0,0,434,0,434,G
1-PB2,2093,0,0,431,0,431,G
1-PB2,2094,0,413,0,0,413,T
1-PB2,2095,413,0,0,0,413,A
1-PB2,2096,411,0,0,0,411,A
1-PB2,2097,0,1,410,0,411,G
1-PB2,2098,0,0,414,0,414,G
1-PB2,2099,413,0,0,0,413,A
1-PB2,2100,409,1,1,0,411,A
1-PB2,2101,0,3,410,0,413,G
1-PB2,2102,406,0,0,0,406,A
1-PB2,2103,0,0,0,402,402,C
1-PB2,2104,400,0,0,0,400,A
1-PB2,2105,0,3,399,0,402,G
1-PB2,2106,395,0,1,0,396,A
1-PB2,2107,393,0,0,0,393,A
1-PB2,2108,0,1,393,0,394,G
1-PB2,2109,396,0,0,0,396,A
1-PB2,2110,0,395,0,0,395,T
1-PB2,2111,393,0,0,0,393,A
1-PB2,2112,0,0,0,390,390,C
1-PB2,2113,0,0,392,0,392,G
1-PB2,2114,0,1,393,0,394,G
1-PB2,2115,388,0,0,0,388,A
1-PB2,2116,0,0,0,381,381,C
1-PB2,2117,1,0,0,382,383,C
1-PB2,2118,380,0,0,0,380,A
1-PB2,2119,0,0,385,0,385,G
1-PB2,2120,0,0,0,386,386,C
1-PB2,2121,392,0,0,0,392,A
1-PB2,2122,0,391,0,0,391,T
1-PB2,2123,0,373,0,0,373,T
1-PB2,2124,375,0,0,0,375,A
1-PB2,2125,376,0,0,0,376,A
1-PB2,2126,0,0,372,0,372,G
1-PB2,2127,0,0,0,372,372,C
1-PB2,2128,362,0,0,0,362,A
1-PB2,2129,0,367,0,0,367,T
1-PB2,2130,1,0,0,367,368,C
1-PB2,2131,367,0,0,0,367,A
1-PB2,2132,362,0,0,0,362,A
1-PB2,2133,0,366,0,0,366,T
1-PB2,2134,0,1,366,0,367,G
1-PB2,2135,364,0,0,0,364,A
1-PB2,2136,361,0,0,0,361,A
1-PB2,2137,0,1,0,365,366,C
1-PB2,2138,0,348,0,0,348,T
1-PB2,2139,0,0,355,0,355,G
1-PB2,2140,355,0,0,0,355,A
1-PB2,2141,0,1,353,0,354,G
1-PB2,2142,0,350,0,0,350,T
1-PB2,2143,346,0,1,0,347,A
1-PB2,2144,343,0,0,0,343,A
1-PB2,2145,1,0,0,346,347,C
1-PB2,2146,0,0,0,341,341,C
1-PB2,2147,0,343,0,0,343,T
1-PB2,2148,0,336,0,1,337,T
1-PB2,2149,0,0,338,0,338,G
1-PB2,2150,0,0,0,335,335,C
1-PB2,2151,338,0,0,0,338,A
1-PB2,2152,334,0,0,0,334,A
1-PB2,2153,329,0,0,0,329,A
1-PB2,2154,330,0,0,0,330,A
1-PB2,2155,0,0,328,0,328,G
1-PB2,2156,0,0,326,0,326,G
1-PB2,2157,0,0,327,0,327,G
1-PB2,2158,0,2,325,0,327,G
1-PB2,2159,324,0,0,0,324,A
1-PB2,2160,328,0,0,0,328,A
1-PB2,2161,324,0,0,0,324,A
1-PB2,2162,327,0,0,0,327,A
1-PB2,2163,1,0,322,0,323,G
1-PB2,2164,0,0,323,0,323,G
1-PB2,2165,1,0,0,320,321,C
1-PB2,2166,0,320,0,0,320,T
1-PB2,2167,326,0,0,0,326,A
1-PB2,2168,324,0,0,0,324,A
1-PB2,2169,0,324,0,0,324,T
1-PB2,2170,0,0,325,0,325,G
1-PB2,2171,0,316,0,0,316,T
1-PB2,2172,0,0,314,0,314,G
1-PB2,2173,0,0,0,309,309,C
1-PB2,2174,0,310,0,0,310,T
1-PB2,2175,311,0,0,0,311,A
1-PB2,2176,308,0,0,0,308,A
1-PB2,2177,0,306,0,0,306,T
1-PB2,2178,1,0,0,307,308,C
1-PB2,2179,0,0,292,0,292,G
1-PB2,2180,0,0,294,0,294,G
1-PB2,2181,0,0,293,0,293,G
1-PB2,2182,0,0,0,294,294,C
1-PB2,2183,294,0,0,0,294,A
1-PB2,2184,290,0,2,0,292,A
1-PB2,2185,0,0,294,0,294,G
1-PB2,2186,0,1,293,0,294,G
1-PB2,2187,292,0,0,0,292,A
1-PB2,2188,0,1,288,0,289,G
1-PB2,2189,279,0,0,0,279,A
1-PB2,2190,0,0,0,283,283,C
1-PB2,2191,0,0,282,0,282,G
1-PB2,2192,0,283,1,0,284,T
1-PB2,2193,0,0,281,0,281,G
1-PB2,2194,0,0,281,0,281,G
1-PB2,2195,0,276,0,0,276,T
1-PB2,2196,0,0,275,0,275,G
1-PB2,2197,0,273,0,0,273,T
1-PB2,2198,0,271,0,0,271,T
1-PB2,2199,0,0,269,0,269,G
1-PB2,2200,0,0,266,0,266,G
1-PB2,2201,0,270,0,0,270,T
1-PB2,2202,262,0,0,0,262,A
1-PB2,2203,257,0,0,0,257,A
1-PB2,2204,0,251,0,0,251,T
1-PB2,2205,0,0,250,0,250,G
1-PB2,2206,245,0,0,0,245,A
1-PB2,2207,245,0,0,0,245,A
1-PB2,2208,245,0,1,0,246,A
1-PB2,2209,0,1,0,238,239,C
1-PB2,2210,0,0,243,0,243,G
1-PB2,2211,244,0,0,0,244,A
1-PB2,2212,244,0,0,0,244,A
1-PB2,2213,240,0,0,0,240,A
1-PB2,2214,237,0,0,0,237,A
1-PB2,2215,0,0,0,245,245,C
1-PB2,2216,0,1,237,0,238,G
1-PB2,2217,0,0,235,0,235,G
1-PB2,2218,0,0,241,0,241,G
1-PB2,2219,238,0,0,0,238,A
1-PB2,2220,0,0,0,237,237,C
1-PB2,2221,0,230,0,0,230,T
1-PB2,2222,1,0,0,242,243,C
1-PB2,2223,0,246,0,0,246,T
1-PB2,2224,242,0,0,0,242,A
1-PB2,2225,0,0,240,0,240,G
1-PB2,2226,1,0,0,238,239,C
1-PB2,2227,242,0,0,0,242,A
1-PB2,2228,0,237,0,0,237,T
1-PB2,2229,221,0,1,0,222,A
1-PB2,2230,0,0,0,227,227,C
1-PB2,2231,0,200,0,1,201,T
1-PB2,2232,0,202,0,0,202,T
1-PB2,2233,196,0,0,0,196,A
1-PB2,2234,0,0,0,196,196,C
1-PB2,2235,0,191,0,0,191,T
1-PB2,2236,0,0,194,0,194,G
1-PB2,2237,188,0,0,0,188,A
1-PB2,2238,0,0,0,188,188,C
1-PB2,2239,175,0,1,0,176,A
1-PB2,2240,0,0,178,0,178,G
1-PB2,2241,0,0,0,173,173,C
1-PB2,2242,0,0,0,177,177,C
1-PB2,2243,175,0,0,0,175,A
1-PB2,2244,0,0,175,0,175,G
1-PB2,2245,172,0,0,0,172,A
1-PB2,2246,0,0,0,172,172,C
1-PB2,2247,155,0,0,0,155,A
1-PB2,2248,0,1,151,0,152,G
1-PB2,2249,0,0,0,140,140,C
1-PB2,2250,0,1,140,0,141,G
1-PB2,2251,139,0,0,0,139,A
1-PB2,2252,0,0,0,136,136,C
1-PB2,2253,0,0,0,140,140,C
1-PB2,2254,141,0,0,0,141,A
1-PB2,2255,140,0,1,0,141,A
1-PB2,2256,141,0,0,0,141,A
1-PB2,2257,139,0,0,0,139,A
1-PB2,2258,0,1,138,0,139,G
1-PB2,2259,131,0,0,0,131,A
1-PB2,2260,133,0,0,0,133,A
1-PB2,2261,0,132,0,0,132,T
1-PB2,2262,0,132,0,0,132,T
1-PB2,2263,0,1,0,131,132,C
1-PB2,2264,0,0,130,0,130,G
1-PB2,2265,0,0,129,0,129,G
1-PB2,2266,129,0,0,0,129,A
1-PB2,2267,0,123,0,0,123,T
1-PB2,2268,0,0,123,0,123,G
1-PB2,2269,0,0,126,0,126,G
1-PB2,2270,0,0,0,119,119,C
1-PB2,2271,0,0,0,123,123,C
1-PB2,2272,125,0,0,0,125,A
1-PB2,2273,0,123,0,0,123,T
1-PB2,2274,1,0,0,121,122,C
1-PB2,2275,124,0,0,0,124,A
1-PB2,2276,124,0,0,0,124,A
1-PB2,2277,0,119,0,1,120,T
1-PB2,2278,0,109,0,0,109,T
1-PB2,2279,106,0,0,0,106,A
1-PB2,2280,103,0,0,0,103,A
2-PB1,1,255,0,0,0,255,A
2-PB1,2,0,258,0,0,258,T
2-PB1,3,0,0,261,0,261,G
2-PB1,4,0,4,264,0,268,G
2-PB1,5,311,0,1,0,312,A
2-PB1,6,0,348,0,1,349,T
2-PB1,7,0,0,348,0,348,G
2-PB1,8,1,350,0,1,352,T
2-PB1,9,1,1,0,377,379,C
2-PB1,10,379,0,2,0,381,A
2-PB1,11,401,0,0,0,401,A
2-PB1,12,0,404,0,0,404,T
2-PB1,13,2,0,0,407,409,C
2-PB1,14,1,1,0,439,441,C
2-PB1,15,0,1,439,0,440,G
2-PB1,16,489,0,0,0,489,A
2-PB1,17,0,0,0,502,502,C
2-PB1,18,0,500,0,0,500,T
2-PB1,19,1,0,0,584,585,C
2-PB1,20,0,586,0,0,586,T
2-PB1,21,597,0,0,0,597,A
2-PB1,22,1,0,0,595,596,C
2-PB1,23,0,594,0,0,594,T
2-PB1,24,0,0,672,0,672,G
2-PB1,25,0,682,0,0,682,T
2-PB1,26,0,680,0,0,680,T
2-PB1,27,2,0,0,675,677,C
2-PB1,28,1,0,0,674,675,C
2-PB1,29,0,775,0,0,775,T
2-PB1,30,782,0,0,0,782,A
2-PB1,31,777,0,2,0,779,A
2-PB1,32,782,0,0,0,782,A
2-PB1,33,0,4,785,0,789,G
2-PB1,34,0,1,796,0,797,G
2-PB1,35,0,787,0,2,789,T
2-PB1,36,0,805,0,0,805,T
2-PB1,37,1,0,0,799,800,C
2-PB1,38,1,1,0,800,802,C
2-PB1,39,803,0,0,0,803,A
2-PB1,40,6,1,807,0,814,G
2-PB1,41,0,0,0,809,809,C
2-PB1,42,0,1,821,0,822,G
2-PB1,43,2,0,0,826,828,C
2-PB1,44,823,0,0,0,823,A
2-PB1,45,832,0,0,0,832,A
2-PB1,46,829,0,0,0,829,A
2-PB1,47,837,0,1,0,838,A
2-PB1,48,0,843,0,0,843,T
2-PB1,49,0,1,874,0,875,G
2-PB1,50,0,0,0,892,892,C
2-PB1,51,3,1,0,899,903,C
2-PB1,52,894,0,0,0,894,A
2-PB1,53,0,904,0,0,904,T
2-PB1,54,972,0,0,0,972,A
2-PB1,55,977,0,0,0,977,A
2-PB1,56,0,1,1005,0,1006,G
2-PB1,57,0,0,0,1014,1014,C
2-PB1,58,1018,0,0,0,1018,A
2-PB1,59,0,0,0,1060,1060,C
2-PB1,60,1054,0,0,0,1054,A
2-PB1,61,1100,0,1,0,1101,A
2-PB1,62,0,0,0,1102,1102,C
2-PB1,63,1108,0,0,0,1108,A
2-PB1,64,0,1118,0,0,1118,T
2-PB1,65,0,1102,0,0,1102,T
2-PB1,66,2,0,0,1344,1346,C
2-PB1,67,0,0,0,1352,1352,C
2-PB1,68,1,0,0,1364,1365,C
2-PB1,69,0,1380,0,0,1380,T
2-PB1,70,0,1381,0,0,1381,T
2-PB1,71,1520,0,0,0,1520,A
2-PB1,72,0,1526,0,0,1526,T
2-PB1,73,1533,0,1,0,1534,A
2-PB1,74,1,0,0,1554,1555,C
2-PB1,75,0,1516,0,1,1517,T
2-PB1,76,0,1,1523,0,1524,G
2-PB1,77,0,3,1515,0,1518,G
2-PB1,78,1524,0,0,0,1524,A
2-PB1,79,0,11,1519,1,1531,G
2-PB1,80,1520,0,1,0,1521,A
2-PB1,81,0,1532,0,0,1532,T
2-PB1,82,3,0,0,1626,1629,C
2-PB1,83,2,0,0,1636,1638,C
2-PB1,84,1,1640,0,1,1642,T
2-PB1,85,1,1,0,1740,1742,C
2-PB1,86,2,4,0,1738,1744,C
2-PB1,87,1766,0,0,0,1766,A
2-PB1,88,0,1759,1,0,1760,T
2-PB1,89,1764,0,1,0,1765,A
2-PB1,90,1,0,0,1775,1776,C
2-PB1,91,1753,0,2,0,1755,A
2-PB1,92,0,1,1811,0,1812,G
2-PB1,93,3,0,0,1825,1828,C
2-PB1,94,0,0,0,1819,1819,C
2-PB1,95,1823,0,1,0,1824,A
2-PB1,96,0,1816,0,7,1823,T
2-PB1,97,0,5,1817,0,1822,G
2-PB1,98,0,3,1914,0,1917,G
2-PB1,99,1919,0,1,1,1921,A
2-PB1,100,1949,0,3,0,1952,A
2-PB1,101,0,0,0,1964,1964,C
2-PB1,102,1936,0,1,0,1937,A
2-PB1,103,0,4,1962,0,1966,G
2-PB1,104,0,3,1989,1,1993,G
2-PB1,105,1987,0,4,0,1991,A
2-PB1,106,2006,0,2,0,2008,A
2-PB1,107,0,1,0,2017,2018,C
2-PB1,108,2023,0,0,0,2023,A
2-PB1,109,1,4,2230,0,2235,G
2-PB1,110,0,8,2210,0,2218,G
2-PB1,111,1,0,2252,0,2253,G
2-PB1,112,0,2240,0,2,2242,T
2-PB1,113,2271,0,2,0,2273,A
2-PB1,114,2,2,0,2287,2291,C
2-PB1,115,2371,0,1,1,2373,A
2-PB1,116,0,2,0,2470,2472,C
2-PB1,117,3,0,1,2454,2458,C
2-PB1,118,2400,0,1,0,2401,A
2-PB1,119,0,2388,0,2,2390,T
2-PB1,120,1,7,2399,1,2408,G
2-PB1,121,0,10,2386,0,2396,G
2-PB1,122,2397,0,1,0,2398,A
2-PB1,123,0,0,0,2419,2419,C
2-PB1,124,2400,0,1,0,2401,A
2-PB1,125,1,1,1,2450,2453,C
2-PB1,126,2442,0,2,0,2444,A
2-PB1,127,0,1,2493,0,2494,G
2-PB1,128,0,2505,0,0,2505,T
2-PB1,129,10,2,0,2574,2586,C
2-PB1,130,2579,0,0,0,2579,A
2-PB1,131,2605,0,3,0,2608,A
2-PB1,132,0,1,0,2615,2616,C
2-PB1,133,2605,1,0,0,2606,A
2-PB1,134,0,7,2632,0,2639,G
2-PB1,135,2600,0,2,1,2603,A
2-PB1,136,2614,0,0,0,2614,A
2-PB1,137,0,1,0,2618,2619,C
2-PB1,138,2584,0,2,0,2586,A
2-PB1,139,2,1,0,2661,2664,C
2-PB1,140,2637,0,3,0,2640,A
2-PB1,141,0,2,0,2765,2767,C
2-PB1,142,2,0,0,2760,2762,C
2-PB1,143,2760,1,0,0,2761,A
2-PB1,144,2771,0,1,0,2772,A
2-PB1,145,1,2872,0,0,2873,T
2-PB1,146,2949,0,0,0,2949,A
2-PB1,147,0,2950,0,0,2950,T
2-PB1,148,0,2935,0,1,2936,T
2-PB1,149,6,0,0,2938,2944,C
2-PB1,150,2875,0,5,0,2880,A
2-PB1,151,13,5,2872,1,2891,G
2-PB1,152,2844,0,0,3,2847,A
2-PB1,153,0,2,2880,0,2882,G
2-PB1,154,2777,0,2,0,2779,A
2-PB1,155,2,5,2749,0,2756,G
2-PB1,156,0,9,2730,0,2739,G
2-PB1,157,1,6,2821,0,2828,G
2-PB1,158,1,4,2832,0,2837,G
2-PB1,159,0,1,2856,0,2857,G
2-PB1,160,2862,0,1,0,2863,A
2-PB1,161,2868,1,1,0,2870,A
2-PB1,162,1,0,2886,1,2888,G
2-PB1,163,0,2808,0,1,2809,T
2-PB1,164,0,7,2859,0,2866,G
2-PB1,165,1,5,2825,0,2831,G
2-PB1,166,2832,2,4,0,2838,A
2-PB1,167,0,2,0,2863,2865,C
2-PB1,168,0,7,2865,0,2872,G
2-PB1,169,2894,0,1,0,2895,A
2-PB1,170,0,0,0,2925,2925,C
2-PB1,171,2922,0,0,0,2922,A
2-PB1,172,2928,0,0,0,2928,A
2-PB1,173,2920,0,0,0,2920,A
2-PB1,174,0,2944,0,0,2944,T
2-PB1,175,2972,0,1,0,2973,A
2-PB1,176,3,2,0,2972,2977,C
2-PB1,177,2942,0,3,0,2945,A
2-PB1,178,0,6,2958,0,2964,G
2-PB1,179,2951,0,1,0,2952,A
2-PB1,180,2973,0,0,0,2973,A
2-PB1,181,2969,0,1,1,2971,A
2-PB1,182,0,0,0,2970,2970,C
2-PB1,183,0,2927,0,0,2927,T
2-PB1,184,0,3,2926,0,2929,G
2-PB1,185,0,2,2880,2,2884,G
2-PB1,186,0,4,2865,0,2869,G
2-PB1,187,3,2,2877,0,2882,G
2-PB1,188,5,0,0,2923,2928,C
2-PB1,189,2920,0,1,0,2921,A
2-PB1,190,2,1,0,3033,3036,C
2-PB1,191,5,0,1,3029,3035,C
2-PB1,192,2,1,0,3023,3026,C
2-PB1,193,6,1,0,3036,3043,C
2-PB1,194,3038,0,1,0,3039,A
2-PB1,195,3084,0,1,0,3085,A
2-PB1,196,0,0,0,3076,3076,C
2-PB1,197,0,3057,0,0,3057,T
2-PB1,198,7,1,2,3066,3076,C
2-PB1,199,3011,1,1,0,3013,A
2-PB1,200,3042,0,1,0,3043,A
2-PB1,201,0,1,0,3048,3049,C
2-PB1,202,5,1,0,3023,3029,C
2-PB1,203,3,0,1,3052,3056,C
2-PB1,204,3038,0,0,0,3038,A
2-PB1,205,3054,0,0,0,3054,A
2-PB1,206,0,3054,0,0,3054,T
2-PB1,207,0,3071,0,1,3072,T
2-PB1,208,0,7,3070,0,3077,G
2-PB1,209,3054,1,1,0,3056,A
2-PB1,210,0,3042,0,3,3045,T
2-PB1,211,1,11,3033,0,3045,G
2-PB1,212,2,7,3077,1,3087,G
2-PB1,213,3121,2,5,0,3128,A
2-PB1,214,2,1,0,3132,3135,C
2-PB1,215,7,0,1,3099,3107,C
2-PB1,216,3109,0,2,0,3111,A
2-PB1,217,0,0,0,3210,3210,C
2-PB1,218,0,3207,0,0,3207,T
2-PB1,219,3229,1,2,0,3232,A
2-PB1,220,1,0,0,3264,3265,C
2-PB1,221,7,0,0,3227,3234,C
2-PB1,222,0,3176,0,3,3179,T
2-PB1,223,1,6,3203,0,3210,G
2-PB1,224,3185,0,1,0,3186,A
2-PB1,225,0,6,3214,0,3220,G
2-PB1,226,0,9,3195,0,3204,G
2-PB1,227,3183,1,0,0,3184,A
2-PB1,228,0,3165,0,1,3166,T
2-PB1,229,3157,0,0,0,3157,A
2-PB1,230,3140,0,1,0,3141,A
2-PB1,231,0,3136,0,1,3137,T
2-PB1,232,0,11,3124,0,3135,G
2-PB1,233,3117,0,1,0,3118,A
2-PB1,234,3086,1,1,0,3088,A
2-PB1,235,0,0,0,3130,3130,C
2-PB1,236,7,0,0,3091,3098,C
2-PB1,237,3123,0,1,0,3124,A
2-PB1,238,3109,0,0,0,3109,A
2-PB1,239,0,2,3127,0,3129,G
2-PB1,240,1,3083,0,1,3085,T
2-PB1,241,0,5,3118,1,3124,G
2-PB1,242,0,4,3163,0,3167,G
2-PB1,243,3166,0,1,0,3167,A
2-PB1,244,0,3150,0,0,3150,T
2-PB1,245,3178,0,0,0,3178,A
2-PB1,246,1,3252,0,0,3253,T
2-PB1,247,0,5,3254,1,3260,G
2-PB1,248,1,0,0,3282,3283,C
2-PB1,249,3256,0,17,0,3273,A
2-PB1,250,2,0,0,3351,3353,C
2-PB1,251,3284,0,2,0,3286,A
2-PB1,252,3342,0,0,0,3342,A
2-PB1,253,3325,0,1,0,3326,A
2-PB1,254,1,0,0,3346,3347,C
2-PB1,255,3284,0,0,0,3284,A
2-PB1,256,0,5,3294,0,3299,G
2-PB1,257,3301,0,2,0,3303,A
2-PB1,258,3,0,0,3314,3317,C
2-PB1,259,0,3234,0,1,3235,T
2-PB1,260,0,3,3301,0,3304,G
2-PB1,261,0,3236,1,1,3238,T
2-PB1,262,0,0,3375,0,3375,G
2-PB1,263,0,3361,0,3,3364,T
2-PB1,264,8,0,1,3349,3358,C
2-PB1,265,2,1,0,3353,3356,C
2-PB1,266,0,3355,0,1,3356,T
2-PB1,267,0,3,3349,0,3352,G
2-PB1,268,0,1,3336,0,3337,G
2-PB1,269,3271,0,2,0,3273,A
2-PB1,270,0,6,3317,0,3323,G
2-PB1,271,0,2,3238,0,3240,G
2-PB1,272,5,1,0,3241,3247,C
2-PB1,273,0,3254,0,2,3256,T
2-PB1,274,3250,0,2,0,3252,A
2-PB1,275,2,3232,0,2,3236,T
2-PB1,276,1,2,3236,0,3239,G
2-PB1,277,0,4,3199,0,3203,G
2-PB1,278,1,0,0,3206,3207,C
2-PB1,279,10,0,0,3174,3184,C
2-PB1,280,0,3173,0,0,3173,T
2-PB1,281,1,3311,0,1,3313,T
2-PB1,282,3,0,0,3307,3310,C
2-PB1,283,6,1,0,3315,3322,C
2-PB1,284,1,3338,0,0,3339,T
2-PB1,285,0,3334,0,0,3334,T
2-PB1,286,1,9,3331,0,3341,G
2-PB1,287,3326,0,0,0,3326,A
2-PB1,288,3331,0,0,0,3331,A
2-PB1,289,0,17,3321,0,3338,G
2-PB1,290,3231,0,0,0,3231,A
2-PB1,291,3267,0,1,0,3268,A
2-PB1,292,0,3232,0,0,3232,T
2-PB1,293,5,0,0,3254,3259,C
2-PB1,294,2,0,1,3227,3230,C
2-PB1,295,8,1,0,3224,3233,C
2-PB1,296,3217,0,1,0,3218,A
2-PB1,297,1,2,0,3262,3265,C
2-PB1,298,4,0,0,3247,3251,C
2-PB1,299,9,0,0,3272,3281,C
2-PB1,300,3241,0,0,0,3241,A
2-PB1,301,0,4,3245,0,3249,G
2-PB1,302,0,3,3254,0,3257,G
2-PB1,303,0,3204,0,2,3206,T
2-PB1,304,3274,0,0,0,3274,A
2-PB1,305,0,3262,0,1,3263,T
2-PB1,306,3,0,0,3283,3286,C
2-PB1,307,1,3264,0,0,3265,T
2-PB1,308,0,3276,0,0,3276,T
2-PB1,309,0,3282,0,3,3285,T
2-PB1,310,0,10,3249,0,3259,G
2-PB1,311,3238,2,0,0,3240,A
2-PB1,312,0,11,3236,0,3247,G
2-PB1,313,3213,0,0,0,3213,A
2-PB1,314,3214,0,1,0,3215,A
2-PB1,315,0,0,0,3238,3238,C
2-PB1,316,1,3183,0,2,3186,T
2-PB1,317,9,1,0,3205,3215,C
2-PB1,318,3191,0,0,0,3191,A
2-PB1,319,0,3195,0,1,3196,T
2-PB1,320,0,2,3201,0,3203,G
2-PB1,321,6,1,0,3230,3237,C
2-PB1,322,2,0,0,3259,3261,C
2-PB1,323,1,3253,1,7,3262,T
2-PB1,324,0,3225,0,1,3226,T
2-PB1,325,0,9,3224,0,3233,G
2-PB1,326,3242,0,1,0,3243,A
2-PB1,327,3237,0,4,0,3241,A
2-PB1,328,3255,0,1,0,3256,A
2-PB1,329,3,1,0,3294,3298,C
2-PB1,330,3221,0,1,0,3222,A
2-PB1,331,3221,0,0,0,3221,A
2-PB1,332,0,3222,0,0,3222,T
2-PB1,333,0,6,3207,1,3214,G
2-PB1,334,0,3,3195,0,3198,G
2-PB1,335,3166,0,0,0,3166,A
2-PB1,336,3150,0,2,0,3152,A
2-PB1,337,0,5,3163,1,3169,G
2-PB1,338,3,1,0,3151,3155,C
2-PB1,339,4,0,0,3148,3152,C
2-PB1,340,2,0,3186,0,3188,G
2-PB1,341,1,3141,0,1,3143,T
2-PB1,342,0,3149,0,1,3150,T
2-PB1,343,16,0,1,3178,3195,C
2-PB1,344,3192,0,0,0,3192,A
2-PB1,345,3233,0,1,1,3235,A
2-PB1,346,3,1,0,3237,3241,C
2-PB1,347,3256,0,1,0,3257,A
2-PB1,348,0,4,3271,0,3275,G
2-PB1,349,3208,1,2,0,3211,A
2-PB1,350,0,1,0,3238,3239,C
2-PB1,351,3237,0,0,0,3237,A
2-PB1,352,3226,1,2,0,3229,A
2-PB1,353,4,11,3227,0,3242,G
2-PB1,354,2,6,3190,0,3198,G
2-PB1,355,0,3,3194,0,3197,G
2-PB1,356,1,3050,0,1,3052,T
2-PB1,357,0,2,3145,0,3147,G
2-PB1,358,0,11,3138,0,3149,G
2-PB1,359,3165,1,4,0,3170,A
2-PB1,360,3,1,0,3170,3174,C
2-PB1,361,3136,0,0,0,3136,A
2-PB1,362,3172,0,0,0,3172,A
2-PB1,363,3173,0,1,0,3174,A
2-PB1,364,1,0,0,3179,3180,C
2-PB1,365,0,3142,0,15,3157,T
2-PB1,366,3186,0,0,0,3186,A
2-PB1,367,3146,0,1,0,3147,A
2-PB1,368,1,0,0,3197,3198,C
2-PB1,369,5,0,1,3199,3205,C
2-PB1,370,6,1,0,3204,3211,C
2-PB1,371,3136,0,2,0,3138,A
2-PB1,372,3133,0,0,0,3133,A
2-PB1,373,0,4,3126,0,3130,G
2-PB1,374,0,1,3139,0,3140,G
2-PB1,375,0,3055,0,3,3058,T
2-PB1,376,9,1,0,3097,3107,C
2-PB1,377,2,1,3102,0,3105,G
2-PB1,378,5,1,0,3086,3092,C
2-PB1,379,2,1,0,3117,3120,C
2-PB1,380,3121,0,1,0,3122,A
2-PB1,381,5,11,3165,0,3181,G
2-PB1,382,3184,0,1,0,3185,A
2-PB1,383,0,0,0,3215,3215,C
2-PB1,384,0,3202,0,0,3202,T
2-PB1,385,0,3201,0,2,3203,T
2-PB1,386,3187,0,2,0,3189,A
2-PB1,387,1,3200,0,0,3201,T
2-PB1,388,2,20,3205,0,3227,G
2-PB1,389,3192,0,0,0,3192,A
2-PB1,390,0,3159,0,0,3159,T
2-PB1,391,0,3078,0,1,3079,T
2-PB1,392,1,9,3056,0,3066,G
2-PB1,393,0,10,3033,1,3044,G
2-PB1,394,3084,0,6,0,3090,A
2-PB1,395,3,0,0,3105,3108,C
2-PB1,396,3074,0,1,1,3076,A
2-PB1,397,0,3064,0,0,3064,T
2-PB1,398,0,3085,0,0,3085,T
2-PB1,399,3110,0,0,0,3110,A
2-PB1,400,3084,0,0,0,3084,A
2-PB1,401,3091,0,1,0,3092,A
2-PB1,402,2,0,0,3105,3107,C
2-PB1,403,3057,0,0,0,3057,A
2-PB1,404,0,15,3056,0,3071,G
2-PB1,405,3064,0,1,0,3065,A
2-PB1,406,3060,0,0,0,3060,A
2-PB1,407,3058,1,0,0,3059,A
2-PB1,408,0,2988,0,1,2989,T
2-PB1,409,16,0,0,3020,3036,C
2-PB1,410,3034,0,0,0,3034,A
2-PB1,411,3022,0,1,0,3023,A
2-PB1,412,1,0,0,3035,3036,C
2-PB1,413,2,1,0,3028,3031,C
2-PB1,414,0,5,3011,2,3018,G
2-PB1,415,1,2,3002,0,3005,G
2-PB1,416,2,1,0,3026,3029,C
2-PB1,417,3039,0,0,0,3039,A
2-PB1,418,1,3,3028,0,3032,G
2-PB1,419,2,0,0,3056,3058,C
2-PB1,420,3054,0,0,0,3054,A
2-PB1,421,3050,1,1,0,3052,A
2-PB1,422,0,0,0,3046,3046,C
2-PB1,423,0,3015,0,0,3015,T
2-PB1,424,1,3,3123,1,3128,G
2-PB1,425,5,0,0,3125,3130,C
2-PB1,426,3125,2,1,0,3128,A
2-PB1,427,0,3117,0,0,3117,T
2-PB1,428,0,3096,0,0,3096,T
2-PB1,429,3230,1,0,2,3233,A
2-PB1,430,1,2,3185,0,3188,G
2-PB1,431,4,0,0,3160,3164,C
2-PB1,432,3,3,0,3201,3207,C
2-PB1,433,3086,0,4,0,3090,A
2-PB1,434,3115,0,1,0,3116,A
2-PB1,435,1,1,0,3135,3137,C
2-PB1,436,3120,1,1,0,3122,A
2-PB1,437,2,1,0,3206,3209,C
2-PB1,438,9,2,0,3050,3061,C
2-PB1,439,3062,0,0,1,3063,A
2-PB1,440,0,3034,0,0,3034,T
2-PB1,441,3077,0,1,0,3078,A
2-PB1,442,1,2,3045,0,3048,G
2-PB1,443,3034,0,0,0,3034,A
2-PB1,444,3003,0,1,0,3004,A
2-PB1,445,0,2,3009,0,3011,G
2-PB1,446,0,2885,0,0,2885,T
2-PB1,447,0,2894,0,0,2894,T
2-PB1,448,0,2931,0,0,2931,T
2-PB1,449,0,2942,0,0,2942,T
2-PB1,450,0,2936,0,0,2936,T
2-PB1,451,2936,0,0,0,2936,A
2-PB1,452,2,6,2929,0,2937,G
2-PB1,453,2921,0,0,1,2922,A
2-PB1,454,0,2892,0,1,2893,T
2-PB1,455,9,0,0,2862,2871,C
2-PB1,456,0,17,2856,0,2873,G
2-PB1,457,2863,0,0,0,2863,A
2-PB1,458,2860,1,0,0,2861,A
2-PB1,459,3,1,0,2873,2877,C
2-PB1,460,0,5,2886,0,2891,G
2-PB1,461,1,10,2964,0,2975,G
2-PB1,462,2960,0,0,0,2960,A
2-PB1,463,0,2976,0,1,2977,T
2-PB1,464,0,2983,0,0,2983,T
2-PB1,465,2982,1,4,0,2987,A
2-PB1,466,2973,0,0,0,2973,A
2-PB1,467,1,0,0,2984,2985,C
2-PB1,468,2957,0,0,1,2958,A
2-PB1,469,0,0,2965,1,2966,G
2-PB1,470,0,1,0,2845,2846,C
2-PB1,471,0,2854,0,1,2855,T
2-PB1,472,2878,0,0,1,2879,A
2-PB1,473,2873,0,0,0,2873,A
2-PB1,474,0,2873,0,0,2873,T
2-PB1,475,2,18,2887,0,2907,G
2-PB1,476,2891,0,0,0,2891,A
2-PB1,477,2875,0,1,0,2876,A
2-PB1,478,0,2806,0,0,2806,T
2-PB1,479,13,1,0,2824,2838,C
2-PB1,480,2830,0,2,0,2832,A
2-PB1,481,1,5,2817,0,2823,G
2-PB1,482,1,8,2796,0,2805,G
2-PB1,483,2807,0,0,0,2807,A
2-PB1,484,2772,0,0,0,2772,A
2-PB1,485,1,1,2883,0,2885,G
2-PB1,486,0,4,2872,0,2876,G
2-PB1,487,5,1,0,2886,2892,C
2-PB1,488,1,2931,0,2,2934,T
2-PB1,489,2931,0,0,0,2931,A
2-PB1,490,2930,1,1,1,2933,A
2-PB1,491,2,2933,0,0,2935,T
2-PB1,492,2943,0,0,0,2943,A
2-PB1,493,15,11,2923,0,2949,G
2-PB1,494,2737,0,0,0,2737,A
2-PB1,495,0,2698,0,1,2699,T
2-PB1,496,0,2694,0,1,2695,T
2-PB1,497,0,2662,0,1,2663,T
2-PB1,498,5,0,0,2733,2738,C
2-PB1,499,2,0,1,2742,2745,C
2-PB1,500,0,2727,0,0,2727,T
2-PB1,501,6,0,1,2770,2777,C
2-PB1,502,2784,0,1,0,2785,A
2-PB1,503,2781,0,0,0,2781,A
2-PB1,504,0,4,2777,0,2781,G
2-PB1,505,2,6,2799,0,2807,G
2-PB1,506,2785,1,1,0,2787,A
2-PB1,507,0,2658,0,0,2658,T
2-PB1,508,1,0,2709,0,2710,G
2-PB1,509,0,2680,0,0,2680,T
2-PB1,510,0,8,2734,0,2742,G
2-PB1,511,2735,0,2,1,2738,A
2-PB1,512,0,2728,0,1,2729,T
2-PB1,513,0,4,2708,1,2713,G
2-PB1,514,0,12,2699,0,2711,G
2-PB1,515,2718,0,1,0,2719,A
2-PB1,516,2718,1,2,0,2721,A
2-PB1,517,0,2634,0,0,2634,T
2-PB1,518,11,0,0,2668,2679,C
2-PB1,519,2671,1,0,0,2672,A
2-PB1,520,2672,0,1,0,2673,A
2-PB1,521,0,2665,0,0,2665,T
2-PB1,522,2,3,2689,0,2694,G
2-PB1,523,0,5,2701,0,2706,G
2-PB1,524,2690,0,2,0,2692,A
2-PB1,525,0,2706,0,0,2706,T
2-PB1,526,2709,0,2,0,2711,A
2-PB1,527,2698,0,1,0,2699,A
2-PB1,528,2715,0,1,0,2716,A
2-PB1,529,0,4,2732,0,2736,G
2-PB1,530,2712,0,0,0,2712,A
2-PB1,531,7,2,2686,0,2695,G
2-PB1,532,0,8,2684,0,2692,G
2-PB1,533,2680,0,0,0,2680,A
2-PB1,534,2681,0,0,0,2681,A
2-PB1,535,2696,0,1,0,2697,A
2-PB1,536,0,2682,0,0,2682,T
2-PB1,537,0,5,2733,0,2738,G
2-PB1,538,0,10,2718,0,2728,G
2-PB1,539,2688,0,2,0,2690,A
2-PB1,540,0,8,2721,0,2729,G
2-PB1,541,2681,0,1,0,2682,A
2-PB1,542,0,2749,0,1,2750,T
2-PB1,543,2744,0,1,0,2745,A
2-PB1,544,2747,1,0,1,2749,A
2-PB1,545,0,0,0,2765,2765,C
2-PB1,546,2724,0,0,0,2724,A
2-PB1,547,2730,0,2,0,2732,A
2-PB1,548,1,1,0,2719,2721,C
2-PB1,549,2684,2,4,0,2690,A
2-PB1,550,3,0,0,2699,2702,C
2-PB1,551,2666,0,1,2,2669,A
2-PB1,552,1,0,0,2685,2686,C
2-PB1,553,0,2653,0,1,2654,T
2-PB1,554,0,2649,0,0,2649,T
2-PB1,555,0,2641,0,0,2641,T
2-PB1,556,8,0,0,2646,2654,C
2-PB1,557,2661,0,0,0,2661,A
2-PB1,558,2665,0,0,0,2665,A
2-PB1,559,2665,0,0,0,2665,A
2-PB1,560,0,4,2687,0,2691,G
2-PB1,561,2674,0,0,0,2674,A
2-PB1,562,2685,0,0,0,2685,A
2-PB1,563,2695,0,2,0,2697,A
2-PB1,564,2691,0,1,0,2692,A
2-PB1,565,2692,0,2,0,2694,A
2-PB1,566,0,3,2704,0,2707,G
2-PB1,567,0,12,2700,0,2712,G
2-PB1,568,2668,1,1,0,2670,A
2-PB1,569,0,8,2728,0,2736,G
2-PB1,570,2717,1,7,0,2725,A
2-PB1,571,1,2,2795,0,2798,G
2-PB1,572,0,2756,0,0,2756,T
2-PB1,573,2809,0,0,0,2809,A
2-PB1,574,2810,0,3,0,2813,A
2-PB1,575,0,3,2799,0,2802,G
2-PB1,576,0,8,2795,0,2803,G
2-PB1,577,1,9,2805,1,2816,G
2-PB1,578,2779,0,4,0,2783,A
2-PB1,579,2,0,0,2794,2796,C
2-PB1,580,2755,0,1,0,2756,A
2-PB1,581,2770,0,3,0,2773,A
2-PB1,582,1,0,0,2744,2745,C
2-PB1,583,2754,0,0,0,2754,A
2-PB1,584,0,2698,0,1,2699,T
2-PB1,585,0,12,2694,0,2706,G
2-PB1,586,2691,1,7,0,2699,A
2-PB1,587,2,1,0,2678,2681,C
2-PB1,588,5,0,0,2658,2663,C
2-PB1,589,2699,0,0,0,2699,A
2-PB1,590,2695,0,0,1,2696,A
2-PB1,591,1,4,2701,0,2706,G
2-PB1,592,2716,0,2,0,2718,A
2-PB1,593,2720,0,1,0,2721,A
2-PB1,594,2701,0,0,0,2701,A
2-PB1,595,2688,0,0,0,2688,A
2-PB1,596,0,2677,0,0,2677,T
2-PB1,597,0,8,2681,0,2689,G
2-PB1,598,0,1,2680,0,2681,G
2-PB1,599,2,2645,1,3,2651,T
2-PB1,600,19,0,0,2623,2642,C
2-PB1,601,2676,0,1,0,2677,A
2-PB1,602,0,0,0,2869,2869,C
2-PB1,603,2921,0,3,0,2924,A
2-PB1,604,2,0,0,2943,2945,C
2-PB1,605,2942,1,0,0,2943,A
2-PB1,606,3051,0,0,1,3052,A
2-PB1,607,3036,0,2,0,3038,A
2-PB1,608,0,18,3252,0,3270,G
2-PB1,609,3238,0,1,0,3239,A
2-PB1,610,3287,0,0,0,3287,A
2-PB1,611,2,0,0,3398,3400,C
2-PB1,612,3326,0,1,0,3327,A
2-PB1,613,3336,1,0,0,3337,A
2-PB1,614,0,3334,0,1,3335,T
2-PB1,615,3326,0,3,0,3329,A
2-PB1,616,1,11,3313,0,3325,G
2-PB1,617,0,8,3219,0,3227,G
2-PB1,618,0,9,3231,0,3240,G
2-PB1,619,3227,0,0,1,3228,A
2-PB1,620,3198,0,3,0,3201,A
2-PB1,621,0,7,3227,0,3234,G
2-PB1,622,3228,0,2,0,3230,A
2-PB1,623,3247,0,2,0,3249,A
2-PB1,624,3260,0,0,0,3260,A
2-PB1,625,3272,0,0,0,3272,A
2-PB1,626,3344,2,1,0,3347,A
2-PB1,627,3354,0,0,0,3354,A
2-PB1,628,0,0,0,3375,3375,C
2-PB1,629,3370,0,0,0,3370,A
2-PB1,630,3363,1,0,0,3364,A
2-PB1,631,3356,0,3,0,3359,A
2-PB1,632,0,9,3382,0,3391,G
2-PB1,633,3405,0,0,0,3405,A
2-PB1,634,0,0,3539,0,3539,G
2-PB1,635,0,3439,0,0,3439,T
2-PB1,636,0,13,4038,0,4051,G
2-PB1,637,4065,0,1,0,4066,A
2-PB1,638,4079,0,6,0,4085,A
2-PB1,639,1,4131,0,1,4133,T
2-PB1,640,4156,0,2,0,4158,A
2-PB1,641,4150,1,1,0,4152,A
2-PB1,642,0,15,4130,0,4145,G
2-PB1,643,4049,0,2,1,4052,A
2-PB1,644,0,10,4069,0,4079,G
2-PB1,645,3917,0,1,0,3918,A
2-PB1,646,0,3,3937,0,3940,G
2-PB1,647,0,3,3904,0,3907,G
2-PB1,648,3,0,1,3914,3918,C
2-PB1,649,1,3908,1,1,3911,T
2-PB1,650,4050,1,1,0,4052,A
2-PB1,651,4,0,0,4264,4268,C
2-PB1,652,6,0,2,4282,4290,C
2-PB1,653,0,4335,2,2,4339,T
2-PB1,654,4501,0,1,0,4502,A
2-PB1,655,4477,0,1,0,4478,A
2-PB1,656,0,4502,0,0,4502,T
2-PB1,657,4506,0,1,0,4507,A
2-PB1,658,4494,0,1,0,4495,A
2-PB1,659,1,12,4470,0,4483,G
2-PB1,660,4342,0,2,1,4345,A
2-PB1,661,3,3,4369,0,4375,G
2-PB1,662,3,1,0,4372,4376,C
2-PB1,663,0,4330,0,4,4334,T
2-PB1,664,1,4359,0,0,4360,T
2-PB1,665,1,4376,0,0,4377,T
2-PB1,666,1,28,4341,2,4372,G
2-PB1,667,4460,1,1,1,4463,A
2-PB1,668,1,0,1,4488,4490,C
2-PB1,669,4480,0,1,0,4481,A
2-PB1,670,0,4458,0,1,4459,T
2-PB1,671,1,4448,0,1,4450,T
2-PB1,672,0,32,4513,1,4546,G
2-PB1,673,4521,0,3,1,4525,A
2-PB1,674,4554,0,1,0,4555,A
2-PB1,675,3,2,0,4531,4536,C
2-PB1,676,4538,1,0,0,4539,A
2-PB1,677,2,2,0,4532,4536,C
2-PB1,678,1,11,4526,1,4539,G
2-PB1,679,4530,0,5,0,4535,A
2-PB1,680,0,4544,0,1,4545,T
2-PB1,681,2,19,4597,0,4618,G
2-PB1,682,4618,0,3,0,4621,A
2-PB1,683,0,0,1,4633,4634,C
2-PB1,684,14,0,0,4641,4655,C
2-PB1,685,4667,0,1,0,4668,A
2-PB1,686,4698,2,2,0,4702,A
2-PB1,687,4705,1,3,1,4710,A
2-PB1,688,1,11,4814,2,4828,G
2-PB1,689,4839,0,2,0,4841,A
2-PB1,690,0,4795,0,0,4795,T
2-PB1,691,0,3,4851,0,4854,G
2-PB1,692,0,3,0,4773,4776,C
2-PB1,693,4802,0,3,0,4805,A
2-PB1,694,0,18,4835,0,4853,G
2-PB1,695,4792,0,1,0,4793,A
2-PB1,696,1,13,4790,0,4804,G
2-PB1,697,4669,1,0,1,4671,A
2-PB1,698,0,8,4681,0,4689,G
2-PB1,699,4614,2,19,0,4635,A
2-PB1,700,2,18,4612,0,4632,G
2-PB1,701,2,12,4615,0,4629,G
2-PB1,702,4,3,0,4613,4620,C
2-PB1,703,4643,1,0,0,4644,A
2-PB1,704,4648,0,1,0,4649,A
2-PB1,705,4686,1,0,0,4687,A
2-PB1,706,0,4705,0,0,4705,T
2-PB1,707,1,4712,0,10,4723,T
2-PB1,708,4721,2,0,0,4723,A
2-PB1,709,4711,0,1,1,4713,A
2-PB1,710,4725,0,0,1,4726,A
2-PB1,711,4765,0,0,0,4765,A
2-PB1,712,4734,0,1,0,4735,A
2-PB1,713,0,4,4737,0,4741,G
2-PB1,714,4700,0,3,0,4703,A
2-PB1,715,4699,0,5,1,4705,A
2-PB1,716,3,7,4743,0,4753,G
2-PB1,717,0,15,4787,0,4802,G
2-PB1,718,1,4,4802,0,4807,G
2-PB1,719,0,2,0,4868,4870,C
2-PB1,720,0,4885,0,5,4890,T
2-PB1,721,4949,0,1,0,4950,A
2-PB1,722,1,5025,0,0,5026,T
2-PB1,723,0,5023,0,2,5025,T
2-PB1,724,0,5,5052,0,5057,G
2-PB1,725,3,0,0,5022,5025,C
2-PB1,726,4940,0,3,1,4944,A
2-PB1,727,4957,0,9,0,4966,A
2-PB1,728,0,0,0,4958,4958,C
2-PB1,729,4901,0,3,11,4915,A
2-PB1,730,1,0,0,4954,4955,C
2-PB1,731,6,0,1,4846,4853,C
2-PB1,732,5,1,0,4861,4867,C
2-PB1,733,1,11,4856,0,4868,G
2-PB1,734,1,6,4855,0,4862,G
2-PB1,735,0,7,4853,0,4860,G
2-PB1,736,4828,0,29,0,4857,A
2-PB1,737,0,4844,0,0,4844,T
2-PB1,738,2,7,4881,0,4890,G
2-PB1,739,2,0,0,4866,4868,C
2-PB1,740,4944,0,0,0,4944,A
2-PB1,741,5024,0,1,0,5025,A
2-PB1,742,5059,0,1,0,5060,A
2-PB1,743,0,5048,0,0,5048,T
2-PB1,744,0,5039,0,0,5039,T
2-PB1,745,5015,0,14,0,5029,A
2-PB1,746,0,4,5016,0,5020,G
2-PB1,747,4979,0,5,1,4985,A
2-PB1,748,0,12,5011,1,5024,G
2-PB1,749,1,9,4907,0,4917,G
2-PB1,750,0,1,5034,0,5035,G
2-PB1,751,1,4941,1,0,4943,T
2-PB1,752,0,5017,0,1,5018,T
2-PB1,753,35,0,0,5026,5061,C
2-PB1,754,3,1,5136,0,5140,G
2-PB1,755,0,5101,0,1,5102,T
2-PB1,756,1,0,5147,0,5148,G
2-PB1,757,0,5115,0,3,5118,T
2-PB1,758,5078,0,1,0,5079,A
2-PB1,759,0,0,0,5100,5100,C
2-PB1,760,1,4877,0,3,4881,T
2-PB1,761,0,4893,0,0,4893,T
2-PB1,762,13,4,0,4876,4893,C
2-PB1,763,3,1,4903,0,4907,G
2-PB1,764,0,4900,0,1,4901,T
2-PB1,765,0,4897,0,2,4899,T
2-PB1,766,1,26,4867,0,4894,G
2-PB1,767,4862,1,1,0,4864,A
2-PB1,768,4880,2,3,0,4885,A
2-PB1,769,4906,0,2,0,4908,A
2-PB1,770,2,5,0,4932,4939,C
2-PB1,771,0,4899,0,1,4900,T
2-PB1,772,0,4900,0,0,4900,T
2-PB1,773,0,4901,0,2,4903,T
2-PB1,774,4967,0,1,0,4968,A
2-PB1,775,0,6,4963,0,4969,G
2-PB1,776,5,1,0,4972,4978,C
2-PB1,777,0,5003,0,1,5004,T
2-PB1,778,4942,0,1,0,4943,A
2-PB1,779,0,10,4922,1,4933,G
2-PB1,780,4930,0,0,0,4930,A
2-PB1,781,4930,0,1,0,4931,A
2-PB1,782,2,2,4951,0,4955,G
2-PB1,783,2,2,0,4858,4862,C
2-PB1,784,4884,0,1,0,4885,A
2-PB1,785,1,4857,0,0,4858,T
2-PB1,786,0,4859,0,0,4859,T
2-PB1,787,2,4864,0,0,4866,T
2-PB1,788,1,4,4849,0,4854,G
2-PB1,789,9,0,0,4829,4838,C
2-PB1,790,1,20,4856,0,4877,G
2-PB1,791,4846,0,0,0,4846,A
2-PB1,792,4836,0,1,0,4837,A
2-PB1,793,4861,0,2,0,4863,A
2-PB1,794,4985,0,5,1,4991,A
2-PB1,795,0,2,5038,1,5041,G
2-PB1,796,5,0,0,5046,5051,C
2-PB1,797,0,5056,0,3,5059,T
2-PB1,798,0,5072,0,1,5073,T
2-PB1,799,0,23,5053,0,5076,G
2-PB1,800,5057,2,3,0,5062,A
2-PB1,801,5054,0,1,0,5055,A
2-PB1,802,2,4,0,5091,5097,C
2-PB1,803,4989,0,3,0,4992,A
2-PB1,804,2,4,5379,1,5386,G
2-PB1,805,1,5320,0,4,5325,T
2-PB1,806,16,0,0,5340,5356,C
2-PB1,807,0,5373,0,2,5375,T
2-PB1,808,0,12,5363,0,5375,G
2-PB1,809,0,19,5344,1,5364,G
2-PB1,810,5363,0,3,0,5366,A
2-PB1,811,2,0,1,5394,5397,C
2-PB1,812,0,5251,1,1,5253,T
2-PB1,813,0,4963,0,2,4965,T
2-PB1,814,13,1,0,4935,4949,C
2-PB1,815,6,2,0,4955,4963,C
2-PB1,816,12,9,4982,0,5003,G
2-PB1,817,0,3,5004,0,5007,G
2-PB1,818,0,4966,0,0,4966,T
2-PB1,819,0,4990,0,3,4993,T
2-PB1,820,2,11,4948,0,4961,G
2-PB1,821,6,7,4972,0,4985,G
2-PB1,822,0,12,4997,1,5010,G
2-PB1,823,1,13,5015,0,5029,G
2-PB1,824,1,1,5055,0,5057,G
2-PB1,825,0,4960,0,0,4960,T
2-PB1,826,4994,0,1,0,4995,A
2-PB1,827,5028,0,2,0,5030,A
2-PB1,828,0,5033,0,1,5034,T
2-PB1,829,2,23,5015,0,5040,G
2-PB1,830,4990,0,0,0,4990,A
2-PB1,831,4946,1,1,0,4948,A
2-PB1,832,4952,0,1,0,4953,A
2-PB1,833,4935,0,4,0,4939,A
2-PB1,834,0,6,4912,0,4918,G
2-PB1,835,4884,0,2,0,4886,A
2-PB1,836,4842,0,7,1,4850,A
2-PB1,837,0,8,4857,0,4865,G
2-PB1,838,3,5,4814,1,4823,G
2-PB1,839,2,2,0,4825,4829,C
2-PB1,840,14,1,0,4837,4852,C
2-PB1,841,4883,0,0,0,4883,A
2-PB1,842,4890,0,2,0,4892,A
2-PB1,843,4860,0,1,0,4861,A
2-PB1,844,1,1,0,4902,4904,C
2-PB1,845,0,4894,0,0,4894,T
2-PB1,846,1,11,4945,0,4957,G
2-PB1,847,2,5,4914,0,4921,G
2-PB1,848,6,0,0,4934,4940,C
2-PB1,849,4965,1,2,0,4968,A
2-PB1,850,4958,0,0,1,4959,A
2-PB1,851,4943,0,2,0,4945,A
2-PB1,852,0,4978,0,0,4978,T
2-PB1,853,1,1,4981,0,4983,G
2-PB1,854,0,4940,0,0,4940,T
2-PB1,855,0,4862,0,0,4862,T
2-PB1,856,3,1,4862,1,4867,G
2-PB1,857,0,4825,0,1,4826,T
2-PB1,858,3,18,4841,0,4862,G
2-PB1,859,4846,0,3,0,4849,A
2-PB1,860,0,17,4868,0,4885,G
2-PB1,861,4888,1,1,0,4890,A
2-PB1,862,4852,1,1,0,4854,A
2-PB1,863,4850,0,3,0,4853,A
2-PB1,864,4858,0,1,0,4859,A
2-PB1,865,4880,0,2,1,4883,A
2-PB1,866,0,4838,0,0,4838,T
2-PB1,867,0,14,4869,0,4883,G
2-PB1,868,4828,0,16,1,4845,A
2-PB1,869,0,4807,0,0,4807,T
2-PB1,870,5,24,4844,0,4873,G
2-PB1,871,4837,0,4,0,4841,A
2-PB1,872,1,0,0,4898,4899,C
2-PB1,873,1,4893,0,0,4894,T
2-PB1,874,4919,0,0,0,4919,A
2-PB1,875,4937,0,0,0,4937,A
2-PB1,876,0,4915,0,0,4915,T
2-PB1,877,0,4962,0,0,4962,T
2-PB1,878,36,4,0,4976,5016,C
2-PB1,879,5000,0,2,0,5002,A
2-PB1,880,2,3,0,5028,5033,C
2-PB1,881,4995,0,0,0,4995,A
2-PB1,882,4972,0,4,7,4983,A
2-PB1,883,0,22,4970,0,4992,G
2-PB1,884,5072,1,3,0,5076,A
2-PB1,885,2,0,0,5089,5091,C
2-PB1,886,5036,1,7,0,5044,A
2-PB1,887,0,0,0,5042,5042,C
2-PB1,888,5001,0,5,0,5006,A
2-PB1,889,0,10,5024,0,5034,G
2-PB1,890,5002,0,1,0,5003,A
2-PB1,891,0,5,4996,1,5002,G
2-PB1,892,1,1,0,4968,4970,C
2-PB1,893,2,4874,0,9,4885,T
2-PB1,894,0,4949,1,0,4950,T
2-PB1,895,1,4901,0,3,4905,T
2-PB1,896,18,1,1,4951,4971,C
2-PB1,897,0,4958,1,0,4959,T
2-PB1,898,0,4954,0,1,4955,T
2-PB1,899,0,4947,0,3,4950,T
2-PB1,900,23,1,0,4935,4959,C
2-PB1,901,4911,0,4,0,4915,A
2-PB1,902,2,0,0,4999,5001,C
2-PB1,903,4931,0,2,0,4933,A
2-PB1,904,4961,0,1,0,4962,A
2-PB1,905,0,4963,0,0,4963,T
2-PB1,906,21,0,0,5055,5076,C
2-PB1,907,5076,0,2,0,5078,A
2-PB1,908,3,0,0,5128,5131,C
2-PB1,909,0,5074,0,3,5077,T
2-PB1,910,1,6,5122,0,5129,G
2-PB1,911,1,7,5058,0,5066,G
2-PB1,912,0,12,5229,0,5241,G
2-PB1,913,1,22,5185,0,5208,G
2-PB1,914,5134,0,8,1,5143,A
2-PB1,915,1,1,0,5002,5004,C
2-PB1,916,5072,0,3,0,5075,A
2-PB1,917,5361,0,7,0,5368,A
2-PB1,918,1,1,0,5402,5404,C
2-PB1,919,5392,0,1,0,5393,A
2-PB1,920,0,1,0,5395,5396,C
2-PB1,921,0,5226,0,7,5233,T
2-PB1,922,5287,0,2,0,5289,A
2-PB1,923,5259,0,3,1,5263,A
2-PB1,924,0,0,5272,0,5272,G
2-PB1,925,0,5194,0,1,5195,T
2-PB1,926,1,10,4891,0,4902,G
2-PB1,927,0,19,4843,1,4863,G
2-PB1,928,4850,0,7,0,4857,A
2-PB1,929,4872,0,1,0,4873,A
2-PB1,930,0,4856,0,0,4856,T
2-PB1,931,1,34,4816,0,4851,G
2-PB1,932,4859,0,1,0,4860,A
2-PB1,933,4809,0,2,0,4811,A
2-PB1,934,4835,0,3,0,4838,A
2-PB1,935,4831,0,1,0,4832,A
2-PB1,936,0,4771,1,2,4774,T
2-PB1,937,41,0,0,4774,4815,C
2-PB1,938,4826,0,0,0,4826,A
2-PB1,939,4800,0,1,0,4801,A
2-PB1,940,4800,0,5,0,4805,A
2-PB1,941,4754,0,4,0,4758,A
2-PB1,942,4,0,0,4805,4809,C
2-PB1,943,14,0,0,4769,4783,C
2-PB1,944,12,0,0,4763,4775,C
2-PB1,945,1,4721,0,3,4725,T
2-PB1,946,6,2,1,4763,4772,C
2-PB1,947,2,11,4787,0,4800,G
2-PB1,948,4781,0,0,0,4781,A
2-PB1,949,4787,0,0,0,4787,A
2-PB1,950,0,4790,0,1,4791,T
2-PB1,951,0,1,4819,0,4820,G
2-PB1,952,1,4738,0,4,4743,T
2-PB1,953,1,4703,0,1,4705,T
2-PB1,954,0,4762,0,2,4764,T
2-PB1,955,1,4759,0,0,4760,T
2-PB1,956,0,4756,0,1,4757,T
2-PB1,957,2,8,4745,0,4755,G
2-PB1,958,2,1,4679,0,4682,G
2-PB1,959,7,5,0,4692,4704,C
2-PB1,960,1,6,4702,1,4710,G
2-PB1,961,4704,0,0,0,4704,A
2-PB1,962,0,4816,0,0,4816,T
2-PB1,963,0,27,4937,0,4964,G
2-PB1,964,5212,0,4,0,5216,A
2-PB1,965,0,5234,0,2,5236,T
2-PB1,966,0,5251,1,2,5254,T
2-PB1,967,5269,0,2,0,5271,A
2-PB1,968,1,4,0,5297,5302,C
2-PB1,969,5322,0,2,0,5324,A
2-PB1,970,0,5290,0,2,5292,T
2-PB1,971,5060,1,2,0,5063,A
2-PB1,972,2,0,0,5099,5101,C
2-PB1,973,4685,0,0,0,4685,A
2-PB1,974,1,4678,1,2,4682,T
2-PB1,975,15,2,0,4652,4669,C
2-PB1,976,4623,0,1,0,4624,A
2-PB1,977,1,0,0,4664,4665,C
2-PB1,978,4654,0,0,1,4655,A
2-PB1,979,4656,0,5,1,4662,A
2-PB1,980,4648,0,0,0,4648,A
2-PB1,981,2,14,4461,1,4478,G
2-PB1,982,4674,0,2,0,4676,A
2-PB1,983,4680,0,3,0,4683,A
2-PB1,984,0,4641,0,0,4641,T
2-PB1,985,13,0,0,4672,4685,C
2-PB1,986,4709,0,3,0,4712,A
2-PB1,987,4690,0,0,0,4690,A
2-PB1,988,1,1,0,4734,4736,C
2-PB1,989,11,2,1,4711,4725,C
2-PB1,990,0,4521,1,4,4526,T
2-PB1,991,0,14,4568,0,4582,G
2-PB1,992,4543,2,2,0,4547,A
2-PB1,993,1,1,4551,0,4553,G
2-PB1,994,1,4521,1,0,4523,T
2-PB1,995,1,19,4429,0,4449,G
2-PB1,996,0,4,4639,0,4643,G
2-PB1,997,0,4603,1,1,4605,T
2-PB1,998,0,4607,1,2,4610,T
2-PB1,999,21,2,2,4632,4657,C
2-PB1,1000,4603,1,3,0,4607,A
2-PB1,1001,0,14,4655,0,4669,G
2-PB1,1002,4667,1,1,0,4669,A
2-PB1,1003,4678,1,3,1,4683,A
2-PB1,1004,4631,0,1,0,4632,A
2-PB1,1005,0,0,0,4345,4345,C
2-PB1,1006,4365,1,0,0,4366,A
2-PB1,1007,0,4311,0,3,4314,T
2-PB1,1008,8,4,0,4385,4397,C
2-PB1,1009,7,1,1,4405,4414,C
2-PB1,1010,0,4309,0,2,4311,T
2-PB1,1011,1,29,4282,0,4312,G
2-PB1,1012,4272,0,6,0,4278,A
2-PB1,1013,1,2,4299,0,4302,G
2-PB1,1014,4,2,0,4289,4295,C
2-PB1,1015,4217,0,1,0,4218,A
2-PB1,1016,0,4173,0,3,4176,T
2-PB1,1017,8,0,1,4174,4183,C
2-PB1,1018,0,4,4188,0,4192,G
2-PB1,1019,5,1,0,4281,4287,C
2-PB1,1020,4293,0,2,0,4295,A
2-PB1,1021,2,3,1,4394,4400,C
2-PB1,1022,14,1,0,4409,4424,C
2-PB1,1023,4458,0,0,1,4459,A
2-PB1,1024,4506,0,0,0,4506,A
2-PB1,1025,1,4489,0,0,4490,T
2-PB1,1026,4492,0,0,0,4492,A
2-PB1,1027,4476,0,0,0,4476,A
2-PB1,1028,1,4357,0,1,4359,T
2-PB1,1029,7,1,4368,0,4376,G
2-PB1,1030,0,4242,0,6,4248,T
2-PB1,1031,0,4214,1,4,4219,T
2-PB1,1032,22,2,0,4222,4246,C
2-PB1,1033,1,4230,0,3,4234,T
2-PB1,1034,16,0,1,4239,4256,C
2-PB1,1035,4271,0,2,0,4273,A
2-PB1,1036,4262,0,2,0,4264,A
2-PB1,1037,4267,0,3,1,4271,A
2-PB1,1038,1,1,1,4277,4280,C
2-PB1,1039,4294,1,0,0,4295,A
2-PB1,1040,4286,0,0,0,4286,A
2-PB1,1041,4261,0,0,0,4261,A
2-PB1,1042,4276,0,1,0,4277,A
2-PB1,1043,0,4320,0,0,4320,T
2-PB1,1044,17,7,4291,0,4315,G
2-PB1,1045,1,3,4272,1,4277,G
2-PB1,1046,5,3,0,4290,4298,C
2-PB1,1047,4303,0,2,0,4305,A
2-PB1,1048,4302,0,3,1,4306,A
2-PB1,1049,1,14,4331,0,4346,G
2-PB1,1050,4315,0,3,0,4318,A
2-PB1,1051,0,1,0,4364,4365,C
2-PB1,1052,0,4300,0,1,4301,T
2-PB1,1053,0,7,4343,0,4350,G
2-PB1,1054,4,10,4325,0,4339,G
2-PB1,1055,0,14,4351,0,4365,G
2-PB1,1056,4372,1,3,0,4376,A
2-PB1,1057,4383,0,0,0,4383,A
2-PB1,1058,4370,0,0,0,4370,A
2-PB1,1059,4338,0,7,1,4346,A
2-PB1,1060,3,4,4460,0,4467,G
2-PB1,1061,0,11,4435,0,4446,G
2-PB1,1062,4447,0,3,0,4450,A
2-PB1,1063,0,4404,0,2,4406,T
2-PB1,1064,4399,0,6,0,4405,A
2-PB1,1065,2,0,0,4412,4414,C
2-PB1,1066,4450,1,3,0,4454,A
2-PB1,1067,0,4429,0,1,4430,T
2-PB1,1068,2,2,4468,0,4472,G
2-PB1,1069,0,4364,2,1,4367,T
2-PB1,1070,0,4369,0,0,4369,T
2-PB1,1071,28,4,0,4332,4364,C
2-PB1,1072,0,11,4368,0,4379,G
2-PB1,1073,4366,1,1,0,4368,A
2-PB1,1074,1,9,4443,0,4453,G
2-PB1,1075,4374,0,1,0,4375,A
2-PB1,1076,2,3,4455,0,4460,G
2-PB1,1077,0,4383,0,1,4384,T
2-PB1,1078,4432,0,1,0,4433,A
2-PB1,1079,4439,1,5,0,4445,A
2-PB1,1080,0,15,4441,0,4456,G
2-PB1,1081,4442,0,0,1,4443,A
2-PB1,1082,2,14,4476,0,4492,G
2-PB1,1083,4409,0,1,0,4410,A
2-PB1,1084,4426,0,0,0,4426,A
2-PB1,1085,1,4380,0,1,4382,T
2-PB1,1086,1,18,4382,1,4402,G
2-PB1,1087,4385,0,4,0,4389,A
2-PB1,1088,4359,0,4,0,4363,A
2-PB1,1089,2,5,4353,1,4361,G
2-PB1,1090,2,0,0,4329,4331,C
2-PB1,1091,0,4238,0,1,4239,T
2-PB1,1092,5,0,0,4285,4290,C
2-PB1,1093,10,2,0,4285,4297,C
2-PB1,1094,0,3,4310,0,4313,G
2-PB1,1095,0,21,4296,0,4317,G
2-PB1,1096,4347,0,4,0,4351,A
2-PB1,1097,2,1,0,4405,4408,C
2-PB1,1098,4420,1,3,0,4424,A
2-PB1,1099,1,20,0,4459,4480,C
2-PB1,1100,4454,1,8,0,4463,A
2-PB1,1101,4465,0,1,0,4466,A
2-PB1,1102,4459,0,1,0,4460,A
2-PB1,1103,0,4426,0,20,4446,T
2-PB1,1104,4440,1,3,0,4444,A
2-PB1,1105,5,0,0,4433,4438,C
2-PB1,1106,7,0,0,4416,4423,C
2-PB1,1107,0,4351,0,7,4358,T
2-PB1,1108,0,3,4401,1,4405,G
2-PB1,1109,2,3,0,4411,4416,C
2-PB1,1110,4429,0,2,0,4431,A
2-PB1,1111,1,13,4426,0,4440,G
2-PB1,1112,4404,0,2,0,4406,A
2-PB1,1113,4402,0,0,0,4402,A
2-PB1,1114,4427,0,0,0,4427,A
2-PB1,1115,1,4406,0,2,4409,T
2-PB1,1116,2,5,4417,1,4425,G
2-PB1,1117,2,0,0,4378,4380,C
2-PB1,1118,0,4398,0,4,4402,T
2-PB1,1119,4436,0,4,0,4440,A
2-PB1,1120,1,3,4425,0,4429,G
2-PB1,1121,2,1,1,4412,4416,C
2-PB1,1122,4433,0,0,0,4433,A
2-PB1,1123,4430,0,4,0,4434,A
2-PB1,1124,0,3,4400,0,4403,G
2-PB1,1125,1,1,0,4386,4388,C
2-PB1,1126,4336,0,1,0,4337,A
2-PB1,1127,0,4409,0,2,4411,T
2-PB1,1128,0,4439,0,1,4440,T
2-PB1,1129,0,15,4540,0,4555,G
2-PB1,1130,4581,0,2,0,4583,A
2-PB1,1131,4,2,1,4556,4563,C
2-PB1,1132,4,0,0,4577,4581,C
2-PB1,1133,2,4487,1,5,4495,T
2-PB1,1134,0,10,4574,0,4584,G
2-PB1,1135,4579,0,0,1,4580,A
2-PB1,1136,4591,0,3,0,4594,A
2-PB1,1137,0,3,4644,0,4647,G
2-PB1,1138,0,4480,0,1,4481,T
2-PB1,1139,4519,0,7,0,4526,A
2-PB1,1140,0,4493,0,2,4495,T
2-PB1,1141,0,4485,0,1,4486,T
2-PB1,1142,2,4477,0,0,4479,T
2-PB1,1143,17,0,0,4445,4462,C
2-PB1,1144,4460,0,3,0,4463,A
2-PB1,1145,4456,0,1,1,4458,A
2-PB1,1146,1,4376,0,0,4377,T
2-PB1,1147,1,21,4386,0,4408,G
2-PB1,1148,4395,0,0,0,4395,A
2-PB1,1149,4387,0,2,0,4389,A
2-PB1,1150,0,4345,0,1,4346,T
2-PB1,1151,31,0,0,4368,4399,C
2-PB1,1152,4405,0,3,0,4408,A
2-PB1,1153,4395,0,1,0,4396,A
2-PB1,1154,0,0,0,4406,4406,C
2-PB1,1155,4406,1,5,0,4412,A
2-PB1,1156,4374,1,3,0,4378,A
2-PB1,1157,0,9,4368,0,4377,G
2-PB1,1158,0,13,4370,0,4383,G
2-PB1,1159,4357,0,1,0,4358,A
2-PB1,1160,4374,1,6,0,4381,A
2-PB1,1161,3,14,4370,0,4387,G
2-PB1,1162,4363,1,0,0,4364,A
2-PB1,1163,4375,0,0,0,4375,A
2-PB1,1164,4400,1,1,0,4402,A
2-PB1,1165,4384,0,1,1,4386,A
2-PB1,1166,0,4340,0,0,4340,T
2-PB1,1167,0,4310,0,1,4311,T
2-PB1,1168,0,20,4307,0,4327,G
2-PB1,1169,4308,0,2,0,4310,A
2-PB1,1170,1,8,4314,0,4323,G
2-PB1,1171,4318,0,0,0,4318,A
2-PB1,1172,4364,1,0,0,4365,A
2-PB1,1173,4405,0,0,0,4405,A
2-PB1,1174,4407,0,1,0,4408,A
2-PB1,1175,0,4395,0,0,4395,T
2-PB1,1176,4406,0,0,0,4406,A
2-PB1,1177,4412,0,3,0,4415,A
2-PB1,1178,0,4,4386,0,4390,G
2-PB1,1179,1,3,4373,0,4377,G
2-PB1,1180,4,2,1,4326,4333,C
2-PB1,1181,8,0,0,4320,4328,C
2-PB1,1182,1,4258,1,2,4262,T
2-PB1,1183,8,0,0,4779,4787,C
2-PB1,1184,0,4822,0,1,4823,T
2-PB1,1185,0,4836,0,2,4838,T
2-PB1,1186,7,1,1,4939,4948,C
2-PB1,1187,0,4946,0,1,4947,T
2-PB1,1188,4976,0,0,0,4976,A
2-PB1,1189,4967,0,1,0,4968,A
2-PB1,1190,0,4960,0,0,4960,T
2-PB1,1191,4991,1,1,0,4993,A
2-PB1,1192,0,7,4868,0,4875,G
2-PB1,1193,4522,0,0,1,4523,A
2-PB1,1194,0,4502,0,0,4502,T
2-PB1,1195,1,12,4448,0,4461,G
2-PB1,1196,1,3,4458,3,4465,G
2-PB1,1197,2,2,0,4474,4478,C
2-PB1,1198,4502,0,2,0,4504,A
2-PB1,1199,2,0,0,4502,4504,C
2-PB1,1200,4451,0,2,1,4454,A
2-PB1,1201,0,2,4564,1,4567,G
2-PB1,1202,2,0,0,4563,4565,C
2-PB1,1203,4577,1,0,0,4578,A
2-PB1,1204,0,4635,0,3,4638,T
2-PB1,1205,11,1,1,4584,4597,C
2-PB1,1206,4634,1,0,0,4635,A
2-PB1,1207,0,4611,0,3,4614,T
2-PB1,1208,0,4618,0,1,4619,T
2-PB1,1209,3,15,4592,0,4610,G
2-PB1,1210,4418,1,3,2,4424,A
2-PB1,1211,0,3,4519,0,4522,G
2-PB1,1212,6,1,0,4467,4474,C
2-PB1,1213,7,0,0,4430,4437,C
2-PB1,1214,5,0,0,4517,4522,C
2-PB1,1215,0,4493,0,8,4501,T
2-PB1,1216,1,3,4718,0,4722,G
2-PB1,1217,2,11,4763,0,4776,G
2-PB1,1218,4762,0,7,0,4769,A
2-PB1,1219,4843,0,1,1,4845,A
2-PB1,1220,0,4737,0,0,4737,T
2-PB1,1221,1,14,4823,0,4838,G
2-PB1,1222,4876,0,1,0,4877,A
2-PB1,1223,0,4909,0,0,4909,T
2-PB1,1224,1,10,4895,0,4906,G
2-PB1,1225,4816,1,2,0,4819,A
2-PB1,1226,0,4766,0,0,4766,T
2-PB1,1227,2,3,4762,1,4768,G
2-PB1,1228,1,13,4748,0,4762,G
2-PB1,1229,1,5,4768,1,4775,G
2-PB1,1230,3,0,1,4734,4738,C
2-PB1,1231,4787,0,5,0,4792,A
2-PB1,1232,0,4806,0,5,4811,T
2-PB1,1233,1,6,4934,0,4941,G
2-PB1,1234,0,4921,0,2,4923,T
2-PB1,1235,0,4953,0,0,4953,T
2-PB1,1236,35,0,0,4917,4952,C
2-PB1,1237,4920,1,2,0,4923,A
2-PB1,1238,4917,0,4,1,4922,A
2-PB1,1239,3,2,0,4924,4929,C
2-PB1,1240,4939,1,3,0,4943,A
2-PB1,1241,0,4924,0,3,4927,T
2-PB1,1242,0,6,4932,0,4938,G
2-PB1,1243,3,0,1,4937,4941,C
2-PB1,1244,0,4973,0,1,4974,T
2-PB1,1245,5011,1,1,0,5013,A
2-PB1,1246,5007,0,0,1,5008,A
2-PB1,1247,2,2,5098,0,5102,G
2-PB1,1248,0,5038,0,1,5039,T
2-PB1,1249,5047,0,1,1,5049,A
2-PB1,1250,2,4,0,5075,5081,C
2-PB1,1251,2,16,5039,0,5057,G
2-PB1,1252,0,1,5299,0,5300,G
2-PB1,1253,0,5238,0,4,5242,T
2-PB1,1254,0,5232,0,0,5232,T
2-PB1,1255,0,5253,0,0,5253,T
2-PB1,1256,0,5252,0,1,5253,T
2-PB1,1257,5247,0,4,1,5252,A
2-PB1,1258,4,7,5211,0,5222,G
2-PB1,1259,1,11,5206,0,5218,G
2-PB1,1260,5088,0,5,0,5093,A
2-PB1,1261,0,2,5064,0,5066,G
2-PB1,1262,1,5071,0,4,5076,T
2-PB1,1263,10,0,0,5083,5093,C
2-PB1,1264,2,5085,0,3,5090,T
2-PB1,1265,13,0,0,5102,5115,C
2-PB1,1266,3,8,5130,0,5141,G
2-PB1,1267,5203,1,2,0,5206,A
2-PB1,1268,0,5254,0,0,5254,T
2-PB1,1269,5254,0,1,0,5255,A
2-PB1,1270,4,1,1,5273,5279,C
2-PB1,1271,1,5196,1,7,5205,T
2-PB1,1272,1,21,5188,0,5210,G
2-PB1,1273,5179,0,1,1,5181,A
2-PB1,1274,5236,0,1,0,5237,A
2-PB1,1275,1,5237,0,3,5241,T
2-PB1,1276,16,1,0,5116,5133,C
2-PB1,1277,0,5126,0,3,5129,T
2-PB1,1278,1,5136,0,0,5137,T
2-PB1,1279,4,10,5125,0,5139,G
2-PB1,1280,2,17,5088,0,5107,G
2-PB1,1281,5071,0,4,0,5075,A
2-PB1,1282,2,3,0,5118,5123,C
2-PB1,1283,5064,0,1,0,5065,A
2-PB1,1284,5066,1,2,0,5069,A
2-PB1,1285,5083,0,1,0,5084,A
2-PB1,1286,5083,0,5,0,5088,A
2-PB1,1287,0,12,5180,0,5192,G
2-PB1,1288,5184,1,2,1,5188,A
2-PB1,1289,5187,0,1,0,5188,A
2-PB1,1290,5219,0,0,0,5219,A
2-PB1,1291,0,5189,0,2,5191,T
2-PB1,1292,5205,0,4,1,5210,A
2-PB1,1293,3,0,1,5400,5404,C
2-PB1,1294,5298,0,4,0,5302,A
2-PB1,1295,4,1,1,5382,5388,C
2-PB1,1296,6,2,0,5323,5331,C
2-PB1,1297,5306,0,1,0,5307,A
2-PB1,1298,5341,0,3,0,5344,A
2-PB1,1299,0,14,5451,0,5465,G
2-PB1,1300,5479,1,5,0,5485,A
2-PB1,1301,1,1,0,5579,5581,C
2-PB1,1302,5458,0,1,1,5460,A
2-PB1,1303,5576,1,3,0,5580,A
2-PB1,1304,2,0,0,5614,5616,C
2-PB1,1305,5671,0,3,0,5674,A
2-PB1,1306,0,5660,0,0,5660,T
2-PB1,1307,5619,0,2,0,5621,A
2-PB1,1308,1,0,0,5698,5699,C
2-PB1,1309,0,5496,1,3,5500,T
2-PB1,1310,1,8,5584,0,5593,G
2-PB1,1311,1,1,5568,0,5570,G
2-PB1,1312,0,5394,0,1,5395,T
2-PB1,1313,4,5,5429,0,5438,G
2-PB1,1314,0,7,5357,0,5364,G
2-PB1,1315,0,5,5390,0,5395,G
2-PB1,1316,5354,0,2,0,5356,A
2-PB1,1317,0,5284,0,3,5287,T
2-PB1,1318,2,10,5267,1,5280,G
2-PB1,1319,1,8,5210,0,5219,G
2-PB1,1320,0,2,5225,0,5227,G
2-PB1,1321,5,0,0,5322,5327,C
2-PB1,1322,1,5273,0,7,5281,T
2-PB1,1323,5,0,0,5338,5343,C
2-PB1,1324,9,3,0,5350,5362,C
2-PB1,1325,5375,0,1,0,5376,A
2-PB1,1326,5351,0,1,0,5352,A
2-PB1,1327,1,5289,0,1,5291,T
2-PB1,1328,11,2,1,5268,5282,C
2-PB1,1329,8,1,0,5255,5264,C
2-PB1,1330,0,5169,0,13,5182,T
2-PB1,1331,12,0,0,5165,5177,C
2-PB1,1332,3,1,2,5182,5188,C
2-PB1,1333,2,13,5178,0,5193,G
2-PB1,1334,5179,0,2,0,5181,A
2-PB1,1335,3,1,0,5184,5188,C
2-PB1,1336,0,30,5170,0,5200,G
2-PB1,1337,5202,0,1,0,5203,A
2-PB1,1338,0,5197,0,0,5197,T
2-PB1,1339,1,5205,0,1,5207,T
2-PB1,1340,1,5202,0,1,5204,T
2-PB1,1341,1,5214,0,2,5217,T
2-PB1,1342,1,3,5243,0,5247,G
2-PB1,1343,3,4,0,5232,5239,C
2-PB1,1344,13,3,0,5213,5229,C
2-PB1,1345,9,1,0,5366,5376,C
2-PB1,1346,0,5306,0,11,5317,T
2-PB1,1347,9,1,0,5454,5464,C
2-PB1,1348,5546,0,1,0,5547,A
2-PB1,1349,1,5577,0,2,5580,T
2-PB1,1350,5601,0,1,0,5602,A
2-PB1,1351,1,1,5672,0,5674,G
2-PB1,1352,1,5550,0,4,5555,T
2-PB1,1353,0,17,5577,0,5594,G
2-PB1,1354,5442,1,4,0,5447,A
2-PB1,1355,5450,0,2,0,5452,A
2-PB1,1356,1,2,0,5164,5167,C
2-PB1,1357,2,12,5147,0,5161,G
2-PB1,1358,3,3,1,5276,5283,C
2-PB1,1359,5278,0,3,0,5281,A
2-PB1,1360,4,1,0,5291,5296,C
2-PB1,1361,6,2,0,5255,5263,C
2-PB1,1362,5256,0,1,0,5257,A
2-PB1,1363,5231,0,1,0,5232,A
2-PB1,1364,5244,0,0,1,5245,A
2-PB1,1365,0,5094,1,0,5095,T
2-PB1,1366,32,0,0,5255,5287,C
2-PB1,1367,5259,0,0,0,5259,A
2-PB1,1368,0,5284,0,0,5284,T
2-PB1,1369,0,9,5294,2,5305,G
2-PB1,1370,5268,0,6,0,5274,A
2-PB1,1371,8,7,5293,0,5308,G
2-PB1,1372,0,9,5301,0,5310,G
2-PB1,1373,2,14,5297,0,5313,G
2-PB1,1374,5292,0,5,0,5297,A
2-PB1,1375,5374,0,2,0,5376,A
2-PB1,1376,2,5377,0,1,5380,T
2-PB1,1377,5381,0,0,0,5381,A
2-PB1,1378,5,2,0,5405,5412,C
2-PB1,1379,5420,0,3,1,5424,A
2-PB1,1380,5392,0,6,1,5399,A
2-PB1,1381,2,4,5343,0,5349,G
2-PB1,1382,5,1,0,5320,5326,C
2-PB1,1383,5317,0,1,0,5318,A
2-PB1,1384,1,2,5357,0,5360,G
2-PB1,1385,2,11,5326,0,5339,G
2-PB1,1386,5294,0,1,0,5295,A
2-PB1,1387,2,10,5323,0,5335,G
2-PB1,1388,1,5188,0,1,5190,T
2-PB1,1389,3,11,5281,0,5295,G
2-PB1,1390,8,6,5278,2,5294,G
2-PB1,1391,5283,0,4,0,5287,A
2-PB1,1392,0,5288,0,1,5289,T
2-PB1,1393,5223,1,3,0,5227,A
2-PB1,1394,2,10,5234,0,5246,G
2-PB1,1395,5278,0,3,0,5281,A
2-PB1,1396,0,5272,0,1,5273,T
2-PB1,1397,0,5256,1,1,5258,T
2-PB1,1398,13,0,1,5407,5421,C
2-PB1,1399,0,5379,0,1,5380,T
2-PB1,1400,5383,0,0,0,5383,A
2-PB1,1401,4,1,0,5374,5379,C
2-PB1,1402,5280,0,4,0,5284,A
2-PB1,1403,0,7,5292,0,5299,G
2-PB1,1404,1,12,5163,0,5176,G
2-PB1,1405,5201,1,14,0,5216,A
2-PB1,1406,0,0,0,5203,5203,C
2-PB1,1407,6,1,0,5102,5109,C
2-PB1,1408,3,5058,0,14,5075,T
2-PB1,1409,3,3,5094,0,5100,G
2-PB1,1410,4,0,0,5102,5106,C
2-PB1,1411,5128,2,3,0,5133,A
2-PB1,1412,5122,0,8,0,5130,A
2-PB1,1413,0,0,5141,0,5141,G
2-PB1,1414,0,5034,0,2,5036,T
2-PB1,1415,0,5068,0,0,5068,T
2-PB1,1416,5007,0,2,1,5010,A
2-PB1,1417,0,1,5018,0,5019,G
2-PB1,1418,0,4939,0,6,4945,T
2-PB1,1419,0,6,4963,0,4969,G
2-PB1,1420,1,4,4971,1,4977,G
2-PB1,1421,0,15,4974,0,4989,G
2-PB1,1422,4975,1,10,0,4986,A
2-PB1,1423,5002,0,2,0,5004,A
2-PB1,1424,0,4985,0,2,4987,T
2-PB1,1425,32,2,0,4970,5004,C
2-PB1,1426,5014,0,0,1,5015,A
2-PB1,1427,5031,2,2,0,5035,A
2-PB1,1428,4,3,1,4996,5004,C
2-PB1,1429,5007,0,3,0,5010,A
2-PB1,1430,1,4888,0,0,4889,T
2-PB1,1431,0,16,4905,0,4921,G
2-PB1,1432,4891,2,8,0,4901,A
2-PB1,1433,0,5,4903,0,4908,G
2-PB1,1434,8,0,0,4901,4909,C
2-PB1,1435,4919,0,1,0,4920,A
2-PB1,1436,4924,0,1,0,4925,A
2-PB1,1437,4928,0,3,0,4931,A
2-PB1,1438,4961,1,3,0,4965,A
2-PB1,1439,4963,0,0,0,4963,A
2-PB1,1440,1,2,4946,0,4949,G
2-PB1,1441,4895,0,2,0,4897,A
2-PB1,1442,4859,0,3,0,4862,A
2-PB1,1443,0,0,4960,0,4960,G
2-PB1,1444,1,4903,0,2,4906,T
2-PB1,1445,15,0,0,4908,4923,C
2-PB1,1446,12,1,0,4947,4960,C
2-PB1,1447,0,4953,0,1,4954,T
2-PB1,1448,5022,0,0,1,5023,A
2-PB1,1449,0,5006,0,0,5006,T
2-PB1,1450,5017,0,0,1,5018,A
2-PB1,1451,0,5017,0,0,5017,T
2-PB1,1452,4929,0,0,0,4929,A
2-PB1,1453,4930,1,0,0,4931,A
2-PB1,1454,4922,0,2,0,4924,A
2-PB1,1455,0,4902,0,0,4902,T
2-PB1,1456,4853,0,1,0,4854,A
2-PB1,1457,4825,0,1,0,4826,A
2-PB1,1458,4826,0,2,0,4828,A
2-PB1,1459,4812,0,4,0,4816,A
2-PB1,1460,2,2,0,4837,4841,C
2-PB1,1461,4645,1,0,0,4646,A
2-PB1,1462,0,6,4647,2,4655,G
2-PB1,1463,0,13,4636,0,4649,G
2-PB1,1464,21,11,4619,0,4651,G
2-PB1,1465,4615,1,7,0,4623,A
2-PB1,1466,1,2,0,4684,4687,C
2-PB1,1467,4652,0,2,0,4654,A
2-PB1,1468,0,4672,0,0,4672,T
2-PB1,1469,1,4681,0,0,4682,T
2-PB1,1470,1,4691,1,1,4694,T
2-PB1,1471,1,31,4645,0,4677,G
2-PB1,1472,4634,1,3,0,4638,A
2-PB1,1473,4660,0,0,0,4660,A
2-PB1,1474,0,4641,0,2,4643,T
2-PB1,1475,0,4549,0,3,4552,T
2-PB1,1476,34,1,0,4543,4578,C
2-PB1,1477,4499,0,1,0,4500,A
2-PB1,1478,3,0,0,4536,4539,C
2-PB1,1479,0,4538,0,2,4540,T
2-PB1,1480,4544,0,1,0,4545,A
2-PB1,1481,0,4,4499,0,4503,G
2-PB1,1482,3,1,0,4500,4504,C
2-PB1,1483,0,4488,0,3,4491,T
2-PB1,1484,0,4524,0,1,4525,T
2-PB1,1485,0,4501,0,1,4502,T
2-PB1,1486,2,4505,0,0,4507,T
2-PB1,1487,0,4515,0,2,4517,T
2-PB1,1488,0,4520,0,1,4521,T
2-PB1,1489,0,4520,0,0,4520,T
2-PB1,1490,4505,0,2,0,4507,A
2-PB1,1491,1,4468,0,1,4470,T
2-PB1,1492,11,1,0,4516,4528,C
2-PB1,1493,0,17,4531,0,4548,G
2-PB1,1494,4647,0,0,0,4647,A
2-PB1,1495,0,4650,0,2,4652,T
2-PB1,1496,4651,1,1,0,4653,A
2-PB1,1497,0,4713,0,2,4715,T
2-PB1,1498,1,15,4645,0,4661,G
2-PB1,1499,1,21,4661,0,4683,G
2-PB1,1500,4693,0,4,0,4697,A
2-PB1,1501,0,4634,0,1,4635,T
2-PB1,1502,0,4623,0,1,4624,T
2-PB1,1503,1,4517,0,0,4518,T
2-PB1,1504,0,1,4545,0,4546,G
2-PB1,1505,0,4479,0,1,4480,T
2-PB1,1506,0,8,4492,0,4500,G
2-PB1,1507,9,6,4440,0,4455,G
2-PB1,1508,4,1,1,4368,4374,C
2-PB1,1509,0,4466,0,1,4467,T
2-PB1,1510,4481,0,0,0,4481,A
2-PB1,1511,4517,0,0,0,4517,A
2-PB1,1512,0,4494,0,0,4494,T
2-PB1,1513,0,4516,0,1,4517,T
2-PB1,1514,0,4506,1,2,4509,T
2-PB1,1515,0,4524,0,0,4524,T
2-PB1,1516,4526,0,2,1,4529,A
2-PB1,1517,0,2,4529,0,4531,G
2-PB1,1518,5,0,0,4543,4548,C
2-PB1,1519,4515,1,3,1,4520,A
2-PB1,1520,2,4508,0,3,4513,T
2-PB1,1521,1,12,4435,0,4448,G
2-PB1,1522,0,5,4503,0,4508,G
2-PB1,1523,4469,0,2,0,4471,A
2-PB1,1524,11,1,4453,0,4465,G
2-PB1,1525,3,5,0,4422,4430,C
2-PB1,1526,0,4429,1,0,4430,T
2-PB1,1527,1,5,4443,0,4449,G
2-PB1,1528,5,1,0,4355,4361,C
2-PB1,1529,14,0,0,4358,4372,C
2-PB1,1530,10,0,1,4425,4436,C
2-PB1,1531,4329,0,3,0,4332,A
2-PB1,1532,4,2,4479,1,4486,G
2-PB1,1533,0,4473,0,2,4475,T
2-PB1,1534,0,4455,0,17,4472,T
2-PB1,1535,0,4481,0,1,4482,T
2-PB1,1536,0,4423,0,0,4423,T
2-PB1,1537,0,6,4415,0,4421,G
2-PB1,1538,0,11,4399,0,4410,G
2-PB1,1539,4400,0,2,0,4402,A
2-PB1,1540,75,2,4321,0,4398,G
2-PB1,1541,0,4102,0,0,4102,T
2-PB1,1542,4075,0,0,0,4075,A
2-PB1,1543,1,4142,0,0,4143,T
2-PB1,1544,9,0,0,4176,4185,C
2-PB1,1545,0,4193,0,0,4193,T
2-PB1,1546,2,6,4186,1,4195,G
2-PB1,1547,0,8,4225,0,4233,G
2-PB1,1548,4243,0,0,0,4243,A
2-PB1,1549,4242,0,2,0,4244,A
2-PB1,1550,0,4210,0,0,4210,T
2-PB1,1551,4089,0,0,0,4089,A
2-PB1,1552,4068,0,2,0,4070,A
2-PB1,1553,4065,0,3,0,4068,A
2-PB1,1554,3,2,0,4087,4092,C
2-PB1,1555,1,12,4003,1,4017,G
2-PB1,1556,3968,0,1,0,3969,A
2-PB1,1557,1,2,3934,1,3938,G
2-PB1,1558,2,3894,1,4,3901,T
2-PB1,1559,12,1,0,3936,3949,C
2-PB1,1560,3964,1,2,0,3967,A
2-PB1,1561,1,4,3958,0,3963,G
2-PB1,1562,4,0,0,3972,3976,C
2-PB1,1563,0,3981,1,2,3984,T
2-PB1,1564,1,11,4080,0,4092,G
2-PB1,1565,4067,0,19,0,4086,A
2-PB1,1566,0,4073,0,0,4073,T
2-PB1,1567,4086,0,0,0,4086,A
2-PB1,1568,0,4021,0,1,4022,T
2-PB1,1569,1,13,4038,0,4052,G
2-PB1,1570,3832,0,6,1,3839,A
2-PB1,1571,0,2,3886,0,3888,G
2-PB1,1572,3,2,3,3877,3885,C
2-PB1,1573,3680,0,0,0,3680,A
2-PB1,1574,1,3655,0,0,3656,T
2-PB1,1575,0,3662,0,1,3663,T
2-PB1,1576,0,4,3697,0,3701,G
2-PB1,1577,1,8,3779,0,3788,G
2-PB1,1578,3707,0,2,0,3709,A
2-PB1,1579,2,2,3729,1,3734,G
2-PB1,1580,1,3562,0,2,3565,T
2-PB1,1581,3565,0,1,0,3566,A
2-PB1,1582,3556,1,3,0,3560,A
2-PB1,1583,1,0,0,3566,3567,C
2-PB1,1584,3539,0,0,0,3539,A
2-PB1,1585,0,2,3573,0,3575,G
2-PB1,1586,0,3127,0,2,3129,T
2-PB1,1587,1,7,3169,0,3177,G
2-PB1,1588,3190,0,1,0,3191,A
2-PB1,1589,0,3182,0,1,3183,T
2-PB1,1590,3174,0,0,0,3174,A
2-PB1,1591,3171,0,2,0,3173,A
2-PB1,1592,3058,0,3,0,3061,A
2-PB1,1593,0,6,3086,0,3092,G
2-PB1,1594,2903,0,5,0,2908,A
2-PB1,1595,2895,1,1,0,2897,A
2-PB1,1596,3,1,0,2911,2915,C
2-PB1,1597,2802,0,0,0,2802,A
2-PB1,1598,2827,1,3,0,2831,A
2-PB1,1599,3,0,0,2844,2847,C
2-PB1,1600,2865,0,4,1,2870,A
2-PB1,1601,0,2845,1,1,2847,T
2-PB1,1602,1,3,2782,0,2786,G
2-PB1,1603,2784,1,0,0,2785,A
2-PB1,1604,0,2771,0,0,2771,T
2-PB1,1605,2748,0,1,0,2749,A
2-PB1,1606,2756,0,1,0,2757,A
2-PB1,1607,2715,1,1,0,2717,A
2-PB1,1608,2,0,0,2753,2755,C
2-PB1,1609,2625,0,0,0,2625,A
2-PB1,1610,2607,0,0,0,2607,A
2-PB1,1611,0,2517,1,1,2519,T
2-PB1,1612,1,9,2533,1,2544,G
2-PB1,1613,2568,0,1,1,2570,A
2-PB1,1614,2,1,0,2588,2591,C
2-PB1,1615,2,2,0,2529,2533,C
2-PB1,1616,0,2410,0,1,2411,T
2-PB1,1617,0,2346,0,0,2346,T
2-PB1,1618,0,6,2355,0,2361,G
2-PB1,1619,0,9,2349,0,2358,G
2-PB1,1620,2359,0,1,0,2360,A
2-PB1,1621,1,0,0,2367,2368,C
2-PB1,1622,4,0,1,2345,2350,C
2-PB1,1623,2329,0,0,0,2329,A
2-PB1,1624,2,2,2358,1,2363,G
2-PB1,1625,1,0,0,2362,2363,C
2-PB1,1626,2374,1,0,0,2375,A
2-PB1,1627,2365,0,0,0,2365,A
2-PB1,1628,2,1,0,2364,2367,C
2-PB1,1629,2345,0,2,0,2347,A
2-PB1,1630,1,0,2376,0,2377,G
2-PB1,1631,1,1,0,2361,2363,C
2-PB1,1632,4,0,1,2371,2376,C
2-PB1,1633,1,0,0,2385,2386,C
2-PB1,1634,2403,0,0,0,2403,A
2-PB1,1635,2385,0,1,0,2386,A
2-PB1,1636,2388,0,0,0,2388,A
2-PB1,1637,0,2388,0,0,2388,T
2-PB1,1638,0,4,2373,1,2378,G
2-PB1,1639,0,2,2323,0,2325,G
2-PB1,1640,1,0,0,2329,2330,C
2-PB1,1641,0,2298,0,3,2301,T
2-PB1,1642,3,0,0,2392,2395,C
2-PB1,1643,1,2367,0,5,2373,T
2-PB1,1644,11,0,0,2405,2416,C
2-PB1,1645,3,0,1,2413,2417,C
2-PB1,1646,2435,1,0,0,2436,A
2-PB1,1647,2423,0,0,0,2423,A
2-PB1,1648,0,2406,0,1,2407,T
2-PB1,1649,0,2405,0,0,2405,T
2-PB1,1650,0,1,2436,0,2437,G
2-PB1,1651,0,2379,0,3,2382,T
2-PB1,1652,1,2375,0,1,2377,T
2-PB1,1653,18,4,2,2395,2419,C
2-PB1,1654,2419,0,0,0,2419,A
2-PB1,1655,0,2394,0,3,2397,T
2-PB1,1656,8,1,0,2400,2409,C
2-PB1,1657,2415,0,1,0,2416,A
2-PB1,1658,2412,0,0,0,2412,A
2-PB1,1659,2407,0,3,0,2410,A
2-PB1,1660,0,4,2453,0,2457,G
2-PB1,1661,2443,1,0,0,2444,A
2-PB1,1662,0,2435,0,2,2437,T
2-PB1,1663,0,2469,0,0,2469,T
2-PB1,1664,2468,0,3,1,2472,A
2-PB1,1665,2,2,0,2506,2510,C
2-PB1,1666,2517,0,3,0,2520,A
2-PB1,1667,0,4,2555,1,2560,G
2-PB1,1668,2530,1,2,0,2533,A
2-PB1,1669,0,2555,1,0,2556,T
2-PB1,1670,2573,0,1,0,2574,A
2-PB1,1671,0,0,0,2727,2727,C
2-PB1,1672,2765,1,2,1,2769,A
2-PB1,1673,1,0,0,2945,2946,C
2-PB1,1674,2910,0,2,0,2912,A
2-PB1,1675,1,2940,0,1,2942,T
2-PB1,1676,2915,0,1,0,2916,A
2-PB1,1677,0,2891,0,0,2891,T
2-PB1,1678,2849,0,1,0,2850,A
2-PB1,1679,6,1,2813,0,2820,G
2-PB1,1680,0,4,2800,0,2804,G
2-PB1,1681,1,2630,0,2,2633,T
2-PB1,1682,0,0,2614,0,2614,G
2-PB1,1683,3,2,0,2685,2690,C
2-PB1,1684,6,0,1,2693,2700,C
2-PB1,1685,2742,0,0,0,2742,A
2-PB1,1686,0,2737,0,0,2737,T
2-PB1,1687,2746,0,0,0,2746,A
2-PB1,1688,0,6,2754,0,2760,G
2-PB1,1689,2698,0,2,0,2700,A
2-PB1,1690,0,3,2710,1,2714,G
2-PB1,1691,0,8,2694,0,2702,G
2-PB1,1692,2582,0,3,0,2585,A
2-PB1,1693,0,9,2622,0,2631,G
2-PB1,1694,2611,0,0,1,2612,A
2-PB1,1695,0,0,0,2617,2617,C
2-PB1,1696,2600,0,4,0,2604,A
2-PB1,1697,0,1,0,2644,2645,C
2-PB1,1698,2642,0,2,0,2644,A
2-PB1,1699,0,0,0,2655,2655,C
2-PB1,1700,2657,0,0,0,2657,A
2-PB1,1701,2665,0,0,0,2665,A
2-PB1,1702,2659,0,0,0,2659,A
2-PB1,1703,0,2650,0,0,2650,T
2-PB1,1704,6,0,1,2647,2654,C
2-PB1,1705,8,2,0,2653,2663,C
2-PB1,1706,2636,0,2,1,2639,A
2-PB1,1707,1,2,2639,0,2642,G
2-PB1,1708,2634,0,0,0,2634,A
2-PB1,1709,3,0,0,2658,2661,C
2-PB1,1710,0,5,2650,0,2655,G
2-PB1,1711,2638,0,0,0,2638,A
2-PB1,1712,0,2,2649,0,2651,G
2-PB1,1713,2640,0,0,0,2640,A
2-PB1,1714,2642,0,2,0,2644,A
2-PB1,1715,0,7,2648,0,2655,G
2-PB1,1716,2643,1,1,0,2645,A
2-PB1,1717,0,2648,0,0,2648,T
2-PB1,1718,2,0,0,2638,2640,C
2-PB1,1719,2644,0,1,0,2645,A
2-PB1,1720,0,2639,0,0,2639,T
2-PB1,1721,0,2625,0,0,2625,T
2-PB1,1722,10,1,0,2635,2646,C
2-PB1,1723,1,4,2647,0,2652,G
2-PB1,1724,2613,1,0,0,2614,A
2-PB1,1725,0,7,2626,0,2633,G
2-PB1,1726,2606,0,1,0,2607,A
2-PB1,1727,0,2702,0,0,2702,T
2-PB1,1728,2712,0,0,0,2712,A
2-PB1,1729,2718,0,0,0,2718,A
2-PB1,1730,2734,0,1,0,2735,A
2-PB1,1731,6,3,2713,0,2722,G
2-PB1,1732,2718,0,1,0,2719,A
2-PB1,1733,2646,0,2,0,2648,A
2-PB1,1734,0,2,2672,0,2674,G
2-PB1,1735,1,1,1,2654,2657,C
2-PB1,1736,0,2638,0,0,2638,T
2-PB1,1737,1,1,2664,0,2666,G
2-PB1,1738,1,2638,0,0,2639,T
2-PB1,1739,0,1,2652,0,2653,G
2-PB1,1740,0,1,2649,0,2650,G
2-PB1,1741,1,6,2665,0,2672,G
2-PB1,1742,2679,0,0,0,2679,A
2-PB1,1743,0,2661,0,0,2661,T
2-PB1,1744,9,0,0,2638,2647,C
2-PB1,1745,2662,0,0,0,2662,A
2-PB1,1746,2673,0,0,0,2673,A
2-PB1,1747,2672,0,0,0,2672,A
2-PB1,1748,0,2,0,2674,2676,C
2-PB1,1749,2,0,0,2667,2669,C
2-PB1,1750,5,0,0,2673,2678,C
2-PB1,1751,2684,0,0,1,2685,A
2-PB1,1752,2703,1,1,0,2705,A
2-PB1,1753,0,2701,0,0,2701,T
2-PB1,1754,2,0,0,2714,2716,C
2-PB1,1755,2700,0,1,0,2701,A
2-PB1,1756,2681,0,1,1,2683,A
2-PB1,1757,0,3,2714,1,2718,G
2-PB1,1758,0,2,2682,0,2684,G
2-PB1,1759,0,0,2695,0,2695,G
2-PB1,1760,4,3,0,2699,2706,C
2-PB1,1761,2670,4,4,1,2679,A
2-PB1,1762,0,3,2711,0,2714,G
2-PB1,1763,0,8,2733,1,2742,G
2-PB1,1764,2750,1,2,0,2753,A
2-PB1,1765,0,0,0,2769,2769,C
2-PB1,1766,0,2744,0,0,2744,T
2-PB1,1767,2817,1,2,0,2820,A
2-PB1,1768,0,2797,1,1,2799,T
2-PB1,1769,0,2809,0,1,2810,T
2-PB1,1770,0,3,2805,1,2809,G
2-PB1,1771,2,1,2814,0,2817,G
2-PB1,1772,0,2766,2,0,2768,T
2-PB1,1773,2798,0,0,1,2799,A
2-PB1,1774,0,2746,0,1,2747,T
2-PB1,1775,4,2,1,2759,2766,C
2-PB1,1776,2722,0,0,0,2722,A
2-PB1,1777,0,1,2752,0,2753,G
2-PB1,1778,2722,0,3,0,2725,A
2-PB1,1779,0,2727,0,0,2727,T
2-PB1,1780,0,8,2646,0,2654,G
2-PB1,1781,0,5,2630,0,2635,G
2-PB1,1782,0,4,2625,1,2630,G
2-PB1,1783,0,4,2622,0,2626,G
2-PB1,1784,1,9,2626,0,2636,G
2-PB1,1785,2618,1,4,0,2623,A
2-PB1,1786,1,1,0,2609,2611,C
2-PB1,1787,2,1,0,2614,2617,C
2-PB1,1788,2638,0,0,0,2638,A
2-PB1,1789,2801,0,0,0,2801,A
2-PB1,1790,2806,0,0,1,2807,A
2-PB1,1791,1,1,0,2873,2875,C
2-PB1,1792,0,2861,0,0,2861,T
2-PB1,1793,0,2849,1,0,2850,T
2-PB1,1794,2869,0,0,1,2870,A
2-PB1,1795,0,2868,0,3,2871,T
2-PB1,1796,2869,1,0,0,2870,A
2-PB1,1797,2,0,0,2859,2861,C
2-PB1,1798,2709,1,0,0,2710,A
2-PB1,1799,2723,0,1,0,2724,A
2-PB1,1800,0,2663,0,1,2664,T
2-PB1,1801,2703,0,0,0,2703,A
2-PB1,1802,0,2694,0,1,2695,T
2-PB1,1803,5,0,0,2691,2696,C
2-PB1,1804,4,3,0,2687,2694,C
2-PB1,1805,2,4,2703,0,2709,G
2-PB1,1806,0,5,2702,0,2707,G
2-PB1,1807,2705,0,1,0,2706,A
2-PB1,1808,2710,0,0,0,2710,A
2-PB1,1809,0,2718,0,0,2718,T
2-PB1,1810,3,0,0,2724,2727,C
2-PB1,1811,0,2726,0,2,2728,T
2-PB1,1812,0,2732,0,0,2732,T
2-PB1,1813,6,0,0,2719,2725,C
2-PB1,1814,2725,0,0,0,2725,A
2-PB1,1815,1,1,0,2720,2722,C
2-PB1,1816,2724,0,1,0,2725,A
2-PB1,1817,0,2891,0,1,2892,T
2-PB1,1818,3,0,0,2915,2918,C
2-PB1,1819,4,1,0,2887,2892,C
2-PB1,1820,2,0,0,2941,2943,C
2-PB1,1821,0,2925,0,7,2932,T
2-PB1,1822,1,3,2936,0,2940,G
2-PB1,1823,2910,0,10,0,2920,A
2-PB1,1824,2914,0,2,0,2916,A
2-PB1,1825,0,1,2927,0,2928,G
2-PB1,1826,0,2752,1,0,2753,T
2-PB1,1827,7,0,0,2756,2763,C
2-PB1,1828,1,2730,1,0,2732,T
2-PB1,1829,1,0,2782,0,2783,G
2-PB1,1830,1,0,0,2788,2789,C
2-PB1,1831,0,2799,0,3,2802,T
2-PB1,1832,0,2804,0,0,2804,T
2-PB1,1833,2795,0,0,1,2796,A
2-PB1,1834,2798,0,0,0,2798,A
2-PB1,1835,2793,0,0,0,2793,A
2-PB1,1836,0,1,2816,0,2817,G
2-PB1,1837,1,2775,0,2,2778,T
2-PB1,1838,0,5,2721,0,2726,G
2-PB1,1839,0,4,2690,0,2694,G
2-PB1,1840,14,10,2696,1,2721,G
2-PB1,1841,2695,0,7,0,2702,A
2-PB1,1842,0,8,2723,0,2731,G
2-PB1,1843,3,1,1,2714,2719,C
2-PB1,1844,1,2734,0,1,2736,T
2-PB1,1845,1,3,2728,1,2733,G
2-PB1,1846,2703,0,1,0,2704,A
2-PB1,1847,0,2723,0,0,2723,T
2-PB1,1848,0,6,2743,1,2750,G
2-PB1,1849,1,2,2733,0,2736,G
2-PB1,1850,2737,0,2,0,2739,A
2-PB1,1851,0,2745,0,0,2745,T
2-PB1,1852,0,13,2725,1,2739,G
2-PB1,1853,2703,0,1,0,2704,A
2-PB1,1854,1,6,2733,0,2740,G
2-PB1,1855,2754,0,2,1,2757,A
2-PB1,1856,2761,0,0,0,2761,A
2-PB1,1857,0,2741,0,0,2741,T
2-PB1,1858,0,2742,0,0,2742,T
2-PB1,1859,2749,0,0,0,2749,A
2-PB1,1860,0,2728,0,1,2729,T
2-PB1,1861,7,0,1,2731,2739,C
2-PB1,1862,2,1,2732,0,2735,G
2-PB1,1863,0,4,2707,0,2711,G
2-PB1,1864,0,5,2709,0,2714,G
2-PB1,1865,0,4,2711,1,2716,G
2-PB1,1866,2712,0,0,0,2712,A
2-PB1,1867,2710,0,3,0,2713,A
2-PB1,1868,0,5,2749,0,2754,G
2-PB1,1869,2709,0,3,0,2712,A
2-PB1,1870,4,0,0,2756,2760,C
2-PB1,1871,0,2737,0,0,2737,T
2-PB1,1872,1,2792,0,7,2800,T
2-PB1,1873,0,2804,0,3,2807,T
2-PB1,1874,0,1,2801,1,2803,G
2-PB1,1875,0,2805,0,2,2807,T
2-PB1,1876,2792,0,0,0,2792,A
2-PB1,1877,2788,0,1,0,2789,A
2-PB1,1878,1,2729,0,0,2730,T
2-PB1,1879,3,0,1,2745,2749,C
2-PB1,1880,2,1,0,2734,2737,C
2-PB1,1881,2,1,1,2725,2729,C
2-PB1,1882,1,0,0,2745,2746,C
2-PB1,1883,0,2745,0,2,2747,T
2-PB1,1884,1,11,2740,0,2752,G
2-PB1,1885,2726,1,0,0,2727,A
2-PB1,1886,2729,1,2,0,2732,A
2-PB1,1887,0,2749,0,2,2751,T
2-PB1,1888,4,1,0,2716,2721,C
2-PB1,1889,6,1,0,2726,2733,C
2-PB1,1890,5,0,0,2698,2703,C
2-PB1,1891,0,2707,0,1,2708,T
2-PB1,1892,1,2725,0,1,2727,T
2-PB1,1893,0,2712,0,0,2712,T
2-PB1,1894,0,5,2719,0,2724,G
2-PB1,1895,0,2700,0,0,2700,T
2-PB1,1896,12,1,0,2695,2708,C
2-PB1,1897,2683,0,1,0,2684,A
2-PB1,1898,0,2,2717,1,2720,G
2-PB1,1899,0,0,0,2695,2695,C
2-PB1,1900,4,2,0,2704,2710,C
2-PB1,1901,2718,1,2,0,2721,A
2-PB1,1902,0,2731,0,0,2731,T
2-PB1,1903,2723,0,3,0,2726,A
2-PB1,1904,2725,0,1,0,2726,A
2-PB1,1905,2726,0,1,0,2727,A
2-PB1,1906,0,3,2737,0,2740,G
2-PB1,1907,2667,0,0,0,2667,A
2-PB1,1908,2680,0,2,0,2682,A
2-PB1,1909,2691,0,0,0,2691,A
2-PB1,1910,0,2666,0,0,2666,T
2-PB1,1911,0,2675,0,1,2676,T
2-PB1,1912,0,17,2651,0,2668,G
2-PB1,1913,2664,0,1,0,2665,A
2-PB1,1914,2625,0,0,0,2625,A
2-PB1,1915,0,2700,0,0,2700,T
2-PB1,1916,13,0,0,2724,2737,C
2-PB1,1917,1,2740,0,1,2742,T
2-PB1,1918,0,1,2771,0,2772,G
2-PB1,1919,0,2774,0,1,2775,T
2-PB1,1920,2816,0,0,0,2816,A
2-PB1,1921,2803,0,3,0,2806,A
2-PB1,1922,2816,0,0,0,2816,A
2-PB1,1923,0,1,0,2816,2817,C
2-PB1,1924,2739,0,0,0,2739,A
2-PB1,1925,2798,0,0,0,2798,A
2-PB1,1926,0,2771,0,0,2771,T
2-PB1,1927,0,3,2718,0,2721,G
2-PB1,1928,1,1,0,2750,2752,C
2-PB1,1929,0,2739,0,0,2739,T
2-PB1,1930,0,1,2816,0,2817,G
2-PB1,1931,0,2800,0,2,2802,T
2-PB1,1932,2870,0,0,0,2870,A
2-PB1,1933,0,2,2865,0,2867,G
2-PB1,1934,0,2820,2,0,2822,T
2-PB1,1935,2803,0,0,0,2803,A
2-PB1,1936,2778,0,0,0,2778,A
2-PB1,1937,0,2751,0,1,2752,T
2-PB1,1938,0,2,2740,0,2742,G
2-PB1,1939,5,0,0,2686,2691,C
2-PB1,1940,3,0,0,2671,2674,C
2-PB1,1941,2627,0,3,1,2631,A
2-PB1,1942,1,1,2629,0,2631,G
2-PB1,1943,0,2,6,2652,2660,C
2-PB1,1944,1,0,0,2637,2638,C
2-PB1,1945,6,0,0,2666,2672,C
2-PB1,1946,2668,0,1,0,2669,A
2-PB1,1947,1,2663,0,1,2665,T
2-PB1,1948,1,5,2651,0,2657,G
2-PB1,1949,3,2,2670,0,2675,G
2-PB1,1950,0,2653,0,1,2654,T
2-PB1,1951,7,0,0,2608,2615,C
2-PB1,1952,3,0,0,2600,2603,C
2-PB1,1953,2571,0,3,1,2575,A
2-PB1,1954,0,1,2614,0,2615,G
2-PB1,1955,3,1,0,2579,2583,C
2-PB1,1956,8,0,0,2609,2617,C
2-PB1,1957,2622,0,0,0,2622,A
2-PB1,1958,2585,0,0,0,2585,A
2-PB1,1959,2593,1,0,0,2594,A
2-PB1,1960,2591,0,0,0,2591,A
2-PB1,1961,0,1,2640,0,2641,G
2-PB1,1962,0,2561,0,0,2561,T
2-PB1,1963,2583,0,0,0,2583,A
2-PB1,1964,0,2559,0,0,2559,T
2-PB1,1965,0,4,2571,0,2575,G
2-PB1,1966,0,4,2610,0,2614,G
2-PB1,1967,2597,0,2,0,2599,A
2-PB1,1968,2618,0,0,0,2618,A
2-PB1,1969,0,2605,0,1,2606,T
2-PB1,1970,2578,0,1,0,2579,A
2-PB1,1971,0,2562,0,0,2562,T
2-PB1,1972,0,7,2534,0,2541,G
2-PB1,1973,2532,0,2,0,2534,A
2-PB1,1974,0,2519,0,3,2522,T
2-PB1,1975,1,5,2448,0,2454,G
2-PB1,1976,1,0,1,2436,2438,C
2-PB1,1977,2,0,1,2419,2422,C
2-PB1,1978,2,0,2436,0,2438,G
2-PB1,1979,0,2433,0,0,2433,T
2-PB1,1980,0,2433,0,2,2435,T
2-PB1,1981,1,1,2425,0,2427,G
2-PB1,1982,5,1,0,2469,2475,C
2-PB1,1983,2480,0,0,0,2480,A
2-PB1,1984,2499,0,1,0,2500,A
2-PB1,1985,2,0,0,2506,2508,C
2-PB1,1986,0,2476,0,0,2476,T
2-PB1,1987,2490,0,1,0,2491,A
2-PB1,1988,1,0,0,2482,2483,C
2-PB1,1989,2469,0,0,1,2470,A
2-PB1,1990,0,0,1,2471,2472,C
2-PB1,1991,2382,0,2,1,2385,A
2-PB1,1992,0,0,0,2572,2572,C
2-PB1,1993,0,2482,0,1,2483,T
2-PB1,1994,9,0,0,2530,2539,C
2-PB1,1995,3,1,0,2536,2540,C
2-PB1,1996,0,2498,1,1,2500,T
2-PB1,1997,0,4,2512,0,2516,G
2-PB1,1998,0,8,2509,0,2517,G
2-PB1,1999,2493,0,0,1,2494,A
2-PB1,2000,0,2494,0,0,2494,T
2-PB1,2001,0,2268,0,3,2271,T
2-PB1,2002,10,2,0,2299,2311,C
2-PB1,2003,0,0,0,2291,2291,C
2-PB1,2004,3,0,2,2312,2317,C
2-PB1,2005,2322,0,0,1,2323,A
2-PB1,2006,2312,0,1,0,2313,A
2-PB1,2007,1,3,2323,0,2327,G
2-PB1,2008,2310,0,1,0,2311,A
2-PB1,2009,1,4,2309,0,2314,G
2-PB1,2010,1,4,2307,0,2312,G
2-PB1,2011,2289,0,0,0,2289,A
2-PB1,2012,2289,0,2,1,2292,A
2-PB1,2013,0,0,0,2286,2286,C
2-PB1,2014,5,0,0,2256,2261,C
2-PB1,2015,0,1,2283,0,2284,G
2-PB1,2016,0,0,0,2288,2288,C
2-PB1,2017,0,2287,0,1,2288,T
2-PB1,2018,7,0,1,2291,2299,C
2-PB1,2019,0,2298,0,0,2298,T
2-PB1,2020,2424,0,1,1,2426,A
2-PB1,2021,0,2429,0,2,2431,T
2-PB1,2022,1,2422,0,0,2423,T
2-PB1,2023,8,0,0,2448,2456,C
2-PB1,2024,1,2364,1,0,2366,T
2-PB1,2025,2376,0,0,0,2376,A
2-PB1,2026,2367,0,0,0,2367,A
2-PB1,2027,2364,0,0,2,2366,A
2-PB1,2028,2,0,1,2372,2375,C
2-PB1,2029,2214,1,0,1,2216,A
2-PB1,2030,1,1,0,2241,2243,C
2-PB1,2031,2205,0,2,1,2208,A
2-PB1,2032,2210,0,0,0,2210,A
2-PB1,2033,0,2,2214,0,2216,G
2-PB1,2034,1,1,0,2200,2202,C
2-PB1,2035,9,0,0,2216,2225,C
2-PB1,2036,2207,0,0,0,2207,A
2-PB1,2037,2197,0,1,1,2199,A
2-PB1,2038,2205,0,2,0,2207,A
2-PB1,2039,0,4,2230,0,2234,G
2-PB1,2040,1,3,2218,0,2222,G
2-PB1,2041,0,1,2184,0,2185,G
2-PB1,2042,0,2,2192,0,2194,G
2-PB1,2043,2196,0,0,0,2196,A
2-PB1,2044,2203,0,1,0,2204,A
2-PB1,2045,0,2196,0,0,2196,T
2-PB1,2046,0,2189,0,0,2189,T
2-PB1,2047,7,0,0,2194,2201,C
2-PB1,2048,0,2194,0,0,2194,T
2-PB1,2049,0,2189,0,0,2189,T
2-PB1,2050,1,7,2193,0,2201,G
2-PB1,2051,2193,0,1,0,2194,A
2-PB1,2052,1,2,2209,0,2212,G
2-PB1,2053,0,3,2185,0,2188,G
2-PB1,2054,2191,0,0,1,2192,A
2-PB1,2055,0,2179,0,0,2179,T
2-PB1,2056,1,9,2178,0,2188,G
2-PB1,2057,2197,0,2,0,2199,A
2-PB1,2058,2187,0,5,0,2192,A
2-PB1,2059,0,0,0,2203,2203,C
2-PB1,2060,2176,0,0,0,2176,A
2-PB1,2061,0,3,2193,0,2196,G
2-PB1,2062,2199,0,0,0,2199,A
2-PB1,2063,0,2185,0,1,2186,T
2-PB1,2064,28,2,2171,0,2201,G
2-PB1,2065,0,2232,1,0,2233,T
2-PB1,2066,2216,1,2,0,2219,A
2-PB1,2067,1,1,0,2209,2211,C
2-PB1,2068,6,2,0,2196,2204,C
2-PB1,2069,2176,0,0,0,2176,A
2-PB1,2070,0,3,2140,0,2143,G
2-PB1,2071,2119,0,0,0,2119,A
2-PB1,2072,2106,0,0,0,2106,A
2-PB1,2073,0,1,2119,0,2120,G
2-PB1,2074,0,1987,0,1,1988,T
2-PB1,2075,1,2,2004,0,2007,G
2-PB1,2076,0,2,0,1986,1988,C
2-PB1,2077,0,2003,0,3,2006,T
2-PB1,2078,1,0,2006,0,2007,G
2-PB1,2079,1,1,0,2000,2002,C
2-PB1,2080,1998,0,1,0,1999,A
2-PB1,2081,1983,0,1,0,1984,A
2-PB1,2082,1,0,0,1970,1971,C
2-PB1,2083,0,1958,0,3,1961,T
2-PB1,2084,0,1935,0,0,1935,T
2-PB1,2085,0,0,1934,0,1934,G
2-PB1,2086,0,1927,0,0,1927,T
2-PB1,2087,0,1909,0,0,1909,T
2-PB1,2088,9,0,0,1909,1918,C
2-PB1,2089,1,7,1920,0,1928,G
2-PB1,2090,1928,0,0,0,1928,A
2-PB1,2091,0,8,1907,0,1915,G
2-PB1,2092,1927,0,1,0,1928,A
2-PB1,2093,1925,0,0,0,1925,A
2-PB1,2094,1919,0,0,0,1919,A
2-PB1,2095,0,1907,1,0,1908,T
2-PB1,2096,0,1910,0,0,1910,T
2-PB1,2097,0,1901,0,1,1902,T
2-PB1,2098,0,1918,0,1,1919,T
2-PB1,2099,0,1897,0,1,1898,T
2-PB1,2100,7,0,0,1882,1889,C
2-PB1,2101,2,0,0,1909,1911,C
2-PB1,2102,3,0,1,1906,1910,C
2-PB1,2103,0,1910,0,2,1912,T
2-PB1,2104,1916,0,0,0,1916,A
2-PB1,2105,0,0,1921,0,1921,G
2-PB1,2106,0,1910,0,0,1910,T
2-PB1,2107,1936,0,1,0,1937,A
2-PB1,2108,0,1,1948,0,1949,G
2-PB1,2109,0,1913,0,1,1914,T
2-PB1,2110,0,1952,0,1,1953,T
2-PB1,2111,15,0,0,1952,1967,C
2-PB1,2112,2003,0,2,0,2005,A
2-PB1,2113,0,2011,0,0,2011,T
2-PB1,2114,2004,0,0,0,2004,A
2-PB1,2115,0,1998,0,2,2000,T
2-PB1,2116,1940,0,1,1,1942,A
2-PB1,2117,0,2,1909,0,1911,G
2-PB1,2118,0,5,1888,0,1893,G
2-PB1,2119,1708,0,1,0,1709,A
2-PB1,2120,0,4,1705,0,1709,G
2-PB1,2121,1603,0,1,0,1604,A
2-PB1,2122,1,0,0,1614,1615,C
2-PB1,2123,4,1,0,1541,1546,C
2-PB1,2124,1,4,1545,0,1550,G
2-PB1,2125,1546,0,0,0,1546,A
2-PB1,2126,0,1530,0,0,1530,T
2-PB1,2127,0,1536,0,0,1536,T
2-PB1,2128,0,2,1539,0,1541,G
2-PB1,2129,0,6,1532,0,1538,G
2-PB1,2130,1535,0,1,0,1536,A
2-PB1,2131,1541,0,1,0,1542,A
2-PB1,2132,0,1533,1,0,1534,T
2-PB1,2133,0,1537,0,0,1537,T
2-PB1,2134,0,1532,0,0,1532,T
2-PB1,2135,3,0,0,1530,1533,C
2-PB1,2136,0,1537,1,1,1539,T
2-PB1,2137,1537,0,1,0,1538,A
2-PB1,2138,0,1,1527,0,1528,G
2-PB1,2139,3,1,0,1521,1525,C
2-PB1,2140,1526,0,0,0,1526,A
2-PB1,2141,0,1519,0,0,1519,T
2-PB1,2142,0,1,1495,0,1496,G
2-PB1,2143,0,0,1527,0,1527,G
2-PB1,2144,0,1513,0,1,1514,T
2-PB1,2145,1,2,1514,0,1517,G
2-PB1,2146,0,1,1514,0,1515,G
2-PB1,2147,1490,0,1,0,1491,A
2-PB1,2148,1,2,1492,0,1495,G
2-PB1,2149,0,2,1476,0,1478,G
2-PB1,2150,2,0,0,1415,1417,C
2-PB1,2151,0,1,0,1434,1435,C
2-PB1,2152,1349,0,0,0,1349,A
2-PB1,2153,0,1349,0,1,1350,T
2-PB1,2154,0,0,1359,0,1359,G
2-PB1,2155,0,1,1359,0,1360,G
2-PB1,2156,0,1334,0,1,1335,T
2-PB1,2157,0,1,1347,0,1348,G
2-PB1,2158,0,1319,0,1,1320,T
2-PB1,2159,2,0,0,1297,1299,C
2-PB1,2160,0,1315,0,0,1315,T
2-PB1,2161,1310,0,0,0,1310,A
2-PB1,2162,0,4,1295,0,1299,G
2-PB1,2163,0,2,1242,0,1244,G
2-PB1,2164,0,1,1229,0,1230,G
2-PB1,2165,0,0,0,1177,1177,C
2-PB1,2166,4,0,0,1138,1142,C
2-PB1,2167,1,2,0,1152,1155,C
2-PB1,2168,0,1,1166,0,1167,G
2-PB1,2169,0,2,1170,0,1172,G
2-PB1,2170,1165,0,0,0,1165,A
2-PB1,2171,0,1158,0,0,1158,T
2-PB1,2172,0,1128,0,0,1128,T
2-PB1,2173,0,2,1117,1,1120,G
2-PB1,2174,1113,0,2,0,1115,A
2-PB1,2175,0,1113,0,0,1113,T
2-PB1,2176,1,1,1100,0,1102,G
2-PB1,2177,0,1,0,1091,1092,C
2-PB1,2178,4,0,0,1086,1090,C
2-PB1,2179,1079,0,2,0,1081,A
2-PB1,2180,0,2,1084,0,1086,G
2-PB1,2181,1084,0,0,0,1084,A
2-PB1,2182,1084,0,0,0,1084,A
2-PB1,2183,2,1070,1,0,1073,T
2-PB1,2184,0,1058,0,0,1058,T
2-PB1,2185,1,4,1055,0,1060,G
2-PB1,2186,1042,0,0,0,1042,A
2-PB1,2187,0,0,0,1044,1044,C
2-PB1,2188,0,1033,1,1,1035,T
2-PB1,2189,0,1028,0,0,1028,T
2-PB1,2190,4,0,0,1032,1036,C
2-PB1,2191,0,2,1039,0,1041,G
2-PB1,2192,1034,0,1,0,1035,A
2-PB1,2193,0,0,1008,0,1008,G
2-PB1,2194,0,1017,0,2,1019,T
2-PB1,2195,4,0,0,1012,1016,C
2-PB1,2196,0,1027,0,0,1027,T
2-PB1,2197,0,1,1024,0,1025,G
2-PB1,2198,0,0,1023,0,1023,G
2-PB1,2199,1025,0,1,0,1026,A
2-PB1,2200,941,0,2,0,943,A
2-PB1,2201,0,1,940,0,941,G
2-PB1,2202,0,2,944,0,946,G
2-PB1,2203,950,0,0,0,950,A
2-PB1,2204,0,934,0,1,935,T
2-PB1,2205,0,943,0,0,943,T
2-PB1,2206,940,0,1,0,941,A
2-PB1,2207,939,0,0,0,939,A
2-PB1,2208,1,0,937,0,938,G
2-PB1,2209,926,0,1,0,927,A
2-PB1,2210,889,0,0,0,889,A
2-PB1,2211,0,0,830,0,830,G
2-PB1,2212,0,1,829,0,830,G
2-PB1,2213,826,1,0,0,827,A
2-PB1,2214,829,0,1,0,830,A
2-PB1,2215,0,3,828,0,831,G
2-PB1,2216,783,0,0,0,783,A
2-PB1,2217,0,0,780,0,780,G
2-PB1,2218,0,738,0,0,738,T
2-PB1,2219,0,724,0,0,724,T
2-PB1,2220,1,0,0,731,732,C
2-PB1,2221,0,719,0,0,719,T
2-PB1,2222,2,0,0,724,726,C
2-PB1,2223,0,727,0,0,727,T
2-PB1,2224,1,2,718,0,721,G
2-PB1,2225,701,0,1,0,702,A
2-PB1,2226,0,3,692,0,695,G
2-PB1,2227,686,0,0,0,686,A
2-PB1,2228,0,665,0,0,665,T
2-PB1,2229,3,0,0,624,627,C
2-PB1,2230,636,0,0,0,636,A
2-PB1,2231,0,630,0,0,630,T
2-PB1,2232,0,0,627,0,627,G
2-PB1,2233,625,0,1,0,626,A
2-PB1,2234,626,0,1,0,627,A
2-PB1,2235,0,2,609,1,612,G
2-PB1,2236,604,0,0,0,604,A
2-PB1,2237,0,597,0,0,597,T
2-PB1,2238,1,0,0,586,587,C
2-PB1,2239,0,560,0,0,560,T
2-PB1,2240,0,0,561,0,561,G
2-PB1,2241,0,547,0,0,547,T
2-PB1,2242,0,545,0,0,545,T
2-PB1,2243,5,0,0,537,542,C
2-PB1,2244,1,0,0,524,525,C
2-PB1,2245,516,0,0,0,516,A
2-PB1,2246,0,0,0,519,519,C
2-PB1,2247,1,0,0,492,493,C
2-PB1,2248,479,0,0,0,479,A
2-PB1,2249,0,454,0,0,454,T
2-PB1,2250,0,449,0,1,450,T
2-PB1,2251,1,1,444,0,446,G
2-PB1,2252,441,0,0,0,441,A
2-PB1,2253,446,0,1,0,447,A
2-PB1,2254,0,1,443,0,444,G
2-PB1,2255,387,0,0,0,387,A
2-PB1,2256,383,0,0,0,383,A
2-PB1,2257,1,0,0,374,375,C
2-PB1,2258,0,361,0,1,362,T
2-PB1,2259,0,0,0,363,363,C
2-PB1,2260,345,0,1,0,346,A
2-PB1,2261,0,0,346,0,346,G
2-PB1,2262,343,0,0,0,343,A
2-PB1,2263,0,1,0,331,332,C
2-PB1,2264,0,1,327,0,328,G
2-PB1,2265,0,0,322,0,322,G
2-PB1,2266,0,0,0,314,314,C
2-PB1,2267,316,0,0,0,316,A
2-PB1,2268,315,1,0,0,316,A
2-PB1,2269,311,0,5,0,316,A
2-PB1,2270,315,0,0,0,315,A
2-PB1,2271,313,0,1,0,314,A
2-PB1,2272,0,306,0,0,306,T
2-PB1,2273,292,0,0,0,292,A
2-PB1,2274,293,0,0,0,293,A
3-PA,1,55,0,0,0,55,A
3-PA,2,0,55,0,0,55,T
3-PA,3,0,0,61,0,61,G
3-PA,4,0,0,61,0,61,G
3-PA,5,61,0,0,0,61,A
3-PA,6,60,0,0,0,60,A
3-PA,7,0,1,61,0,62,G
3-PA,8,62,0,0,0,62,A
3-PA,9,0,62,0,0,62,T
3-PA,10,0,63,0,0,63,T
3-PA,11,0,65,0,0,65,T
3-PA,12,0,66,0,0,66,T
3-PA,13,0,0,68,0,68,G
3-PA,14,0,67,0,0,67,T
3-PA,15,0,0,66,0,66,G
3-PA,16,0,0,0,67,67,C
3-PA,17,0,0,69,0,69,G
3-PA,18,75,0,0,0,75,A
3-PA,19,0,0,0,75,75,C
3-PA,20,75,0,0,0,75,A
3-PA,21,77,0,0,0,77,A
3-PA,22,0,80,0,0,80,T
3-PA,23,0,0,88,0,88,G
3-PA,24,0,0,0,89,89,C
3-PA,25,0,90,0,0,90,T
3-PA,26,0,88,0,0,88,T
3-PA,27,0,0,0,90,90,C
3-PA,28,90,0,0,0,90,A
3-PA,29,95,0,0,0,95,A
3-PA,30,0,0,0,98,98,C
3-PA,31,0,0,0,98,98,C
3-PA,32,1,0,0,95,96,C
3-PA,33,0,0,99,0,99,G
3-PA,34,96,0,0,0,96,A
3-PA,35,0,98,0,0,98,T
3-PA,36,0,0,100,0,100,G
3-PA,37,100,0,1,0,101,A
3-PA,38,0,106,0,0,106,T
3-PA,39,0,107,0,0,107,T
3-PA,40,0,0,110,0,110,G
3-PA,41,0,107,0,0,107,T
3-PA,42,1,0,0,109,110,C
3-PA,43,0,0,108,0,108,G
3-PA,44,110,0,0,0,110,A
3-PA,45,108,0,0,0,108,A
3-PA,46,0,0,0,110,110,C
3-PA,47,0,112,0,0,112,T
3-PA,48,0,113,0,0,113,T
3-PA,49,0,0,112,0,112,G
3-PA,50,0,0,0,111,111,C
3-PA,51,110,0,0,0,110,A
3-PA,52,0,0,112,0,112,G
3-PA,53,111,0,0,0,111,A
3-PA,54,111,0,0,0,111,A
3-PA,55,110,0,0,0,110,A
3-PA,56,112,0,0,0,112,A
3-PA,57,112,0,0,0,112,A
3-PA,58,0,0,114,0,114,G
3-PA,59,0,0,0,118,118,C
3-PA,60,118,0,0,0,118,A
3-PA,61,123,0,0,0,123,A
3-PA,62,0,128,0,0,128,T
3-PA,63,0,1,125,0,126,G
3-PA,64,130,0,0,0,130,A
3-PA,65,131,0,0,0,131,A
3-PA,66,132,0,0,0,132,A
3-PA,67,0,0,138,0,138,G
3-PA,68,140,0,0,0,140,A
3-PA,69,0,0,168,0,168,G
3-PA,70,0,172,0,0,172,T
3-PA,71,171,0,0,0,171,A
3-PA,72,0,173,0,0,173,T
3-PA,73,0,0,174,0,174,G
3-PA,74,0,1,168,0,169,G
3-PA,75,0,1,168,0,169,G
3-PA,76,0,0,172,0,172,G
3-PA,77,173,0,0,0,173,A
3-PA,78,0,0,172,0,172,G
3-PA,79,0,0,172,0,172,G
3-PA,80,170,0,0,0,170,A
3-PA,81,0,173,0,1,174,T
3-PA,82,0,0,0,174,174,C
3-PA,83,0,175,0,0,175,T
3-PA,84,0,1,174,0,175,G
3-PA,85,176,0,0,0,176,A
3-PA,86,176,0,0,0,176,A
3-PA,87,175,0,0,0,175,A
3-PA,88,175,0,0,0,175,A
3-PA,89,0,174,0,0,174,T
3-PA,90,0,174,0,0,174,T
3-PA,91,0,1,175,0,176,G
3-PA,92,174,0,0,0,174,A
3-PA,93,173,0,0,0,173,A
3-PA,94,175,0,0,0,175,A
3-PA,95,0,0,0,176,176,C
3-PA,96,175,0,0,0,175,A
3-PA,97,179,0,0,0,179,A
3-PA,98,177,0,1,0,178,A
3-PA,99,0,0,0,180,180,C
3-PA,100,177,0,0,0,177,A
3-PA,101,179,0,0,0,179,A
3-PA,102,177,0,0,0,177,A
3-PA,103,0,180,0,0,180,T
3-PA,104,0,183,0,0,183,T
3-PA,105,0,183,0,0,183,T
3-PA,106,0,0,184,0,184,G
3-PA,107,0,0,0,181,181,C
3-PA,108,183,0,0,0,183,A
3-PA,109,0,0,189,0,189,G
3-PA,110,0,0,0,189,189,C
3-PA,111,209,0,0,0,209,A
3-PA,112,208,0,0,0,208,A
3-PA,113,0,211,0,0,211,T
3-PA,114,221,0,0,0,221,A
3-PA,115,0,221,0,0,221,T
3-PA,116,1,0,226,0,227,G
3-PA,117,0,1,0,228,229,C
3-PA,118,229,0,0,0,229,A
3-PA,119,0,0,0,235,235,C
3-PA,120,0,236,0,0,236,T
3-PA,121,1,0,0,272,273,C
3-PA,122,279,0,0,0,279,A
3-PA,123,0,0,0,284,284,C
3-PA,124,0,278,0,0,278,T
3-PA,125,0,279,0,0,279,T
3-PA,126,0,0,278,0,278,G
3-PA,127,0,0,282,0,282,G
3-PA,128,279,0,1,0,280,A
3-PA,129,0,0,285,0,285,G
3-PA,130,0,0,288,0,288,G
3-PA,131,0,274,0,0,274,T
3-PA,132,0,0,300,0,300,G
3-PA,133,1,292,0,0,293,T
3-PA,134,0,0,304,0,304,G
3-PA,135,0,302,0,0,302,T
3-PA,136,0,303,0,0,303,T
3-PA,137,0,307,0,0,307,T
3-PA,138,0,0,0,313,313,C
3-PA,139,311,0,0,0,311,A
3-PA,140,0,312,0,0,312,T
3-PA,141,0,0,316,0,316,G
3-PA,142,0,304,0,0,304,T
3-PA,143,311,0,0,0,311,A
3-PA,144,0,313,0,0,313,T
3-PA,145,0,310,0,1,311,T
3-PA,146,2,0,0,311,313,C
3-PA,147,308,0,0,0,308,A
3-PA,148,0,2,312,0,314,G
3-PA,149,314,0,0,0,314,A
3-PA,150,0,316,0,0,316,T
3-PA,151,0,314,0,2,316,T
3-PA,152,0,316,0,0,316,T
3-PA,153,2,0,0,312,314,C
3-PA,154,0,0,0,326,326,C
3-PA,155,326,0,0,0,326,A
3-PA,156,0,326,0,0,326,T
3-PA,157,0,325,0,0,325,T
3-PA,158,0,330,0,0,330,T
3-PA,159,1,0,0,330,331,C
3-PA,160,331,0,0,0,331,A
3-PA,161,0,340,0,0,340,T
3-PA,162,0,0,0,340,340,C
3-PA,163,337,0,0,0,337,A
3-PA,164,336,0,0,0,336,A
3-PA,165,0,339,0,0,339,T
3-PA,166,0,1,347,0,348,G
3-PA,167,349,0,0,0,349,A
3-PA,168,348,0,1,0,349,A
3-PA,169,0,0,0,350,350,C
3-PA,170,347,0,0,0,347,A
3-PA,171,351,0,0,0,351,A
3-PA,172,0,1,351,0,352,G
3-PA,173,0,0,352,0,352,G
3-PA,174,0,0,0,350,350,C
3-PA,175,0,3,351,0,354,G
3-PA,176,376,0,1,0,377,A
3-PA,177,371,0,0,0,371,A
3-PA,178,0,379,0,0,379,T
3-PA,179,2,0,0,380,382,C
3-PA,180,386,0,0,0,386,A
3-PA,181,381,0,0,0,381,A
3-PA,182,0,387,0,0,387,T
3-PA,183,388,0,0,0,388,A
3-PA,184,0,1,389,0,390,G
3-PA,185,0,391,0,0,391,T
3-PA,186,0,0,388,0,388,G
3-PA,187,0,0,390,0,390,G
3-PA,188,0,385,0,1,386,T
3-PA,189,389,0,0,0,389,A
3-PA,190,0,7,385,0,392,G
3-PA,191,388,0,0,0,388,A
3-PA,192,394,0,0,0,394,A
3-PA,193,0,0,0,388,388,C
3-PA,194,0,393,0,0,393,T
3-PA,195,0,394,0,1,395,T
3-PA,196,0,0,393,0,393,G
3-PA,197,388,0,1,0,389,A
3-PA,198,0,0,0,391,391,C
3-PA,199,0,2,391,0,393,G
3-PA,200,397,0,0,0,397,A
3-PA,201,0,404,0,1,405,T
3-PA,202,1,0,0,409,410,C
3-PA,203,0,0,0,413,413,C
3-PA,204,417,0,0,0,417,A
3-PA,205,415,0,0,0,415,A
3-PA,206,415,0,0,0,415,A
3-PA,207,0,416,0,0,416,T
3-PA,208,0,1,413,0,414,G
3-PA,209,0,0,1,412,413,C
3-PA,210,409,1,1,0,411,A
3-PA,211,0,0,0,424,424,C
3-PA,212,0,422,0,0,422,T
3-PA,213,0,0,471,0,471,G
3-PA,214,0,470,0,1,471,T
3-PA,215,0,471,0,0,471,T
3-PA,216,470,0,0,0,470,A
3-PA,217,461,0,0,0,461,A
3-PA,218,465,0,0,0,465,A
3-PA,219,0,0,465,0,465,G
3-PA,220,0,0,0,463,463,C
3-PA,221,452,0,0,0,452,A
3-PA,222,0,1,0,454,455,C
3-PA,223,432,0,0,0,432,A
3-PA,224,0,2,445,0,447,G
3-PA,225,442,0,0,0,442,A
3-PA,226,0,447,0,0,447,T
3-PA,227,0,446,0,0,446,T
3-PA,228,0,448,0,0,448,T
3-PA,229,0,5,442,0,447,G
3-PA,230,447,0,1,0,448,A
3-PA,231,451,0,0,0,451,A
3-PA,232,451,0,0,0,451,A
3-PA,233,0,438,0,0,438,T
3-PA,234,437,0,0,0,437,A
3-PA,235,436,0,0,0,436,A
3-PA,236,0,436,0,0,436,T
3-PA,237,2,0,0,439,441,C
3-PA,238,0,0,441,0,441,G
3-PA,239,431,0,0,0,431,A
3-PA,240,0,0,440,0,440,G
3-PA,241,0,1,444,0,445,G
3-PA,242,0,0,443,0,443,G
3-PA,243,0,1,443,1,445,G
3-PA,244,438,0,1,0,439,A
3-PA,245,0,1,450,0,451,G
3-PA,246,462,0,0,0,462,A
3-PA,247,0,0,462,0,462,G
3-PA,248,465,0,0,0,465,A
3-PA,249,0,0,0,468,468,C
3-PA,250,466,0,0,0,466,A
3-PA,251,0,2,471,0,473,G
3-PA,252,471,0,0,0,471,A
3-PA,253,480,0,0,0,480,A
3-PA,254,0,0,0,479,479,C
3-PA,255,464,0,0,0,464,A
3-PA,256,464,0,0,0,464,A
3-PA,257,0,461,0,0,461,T
3-PA,258,0,0,488,0,488,G
3-PA,259,0,0,489,0,489,G
3-PA,260,0,0,0,478,478,C
3-PA,261,1,0,0,485,486,C
3-PA,262,0,482,0,1,483,T
3-PA,263,1,0,500,0,501,G
3-PA,264,1,4,492,0,497,G
3-PA,265,496,0,0,0,496,A
3-PA,266,0,0,0,500,500,C
3-PA,267,488,0,0,0,488,A
3-PA,268,0,0,543,0,543,G
3-PA,269,0,544,0,0,544,T
3-PA,270,548,0,2,0,550,A
3-PA,271,0,0,551,0,551,G
3-PA,272,0,540,0,0,540,T
3-PA,273,547,0,0,0,547,A
3-PA,274,546,0,0,0,546,A
3-PA,275,542,0,0,0,542,A
3-PA,276,0,0,0,551,551,C
3-PA,277,522,0,0,0,522,A
3-PA,278,0,0,532,0,532,G
3-PA,279,0,522,0,0,522,T
3-PA,280,530,0,0,0,530,A
3-PA,281,0,534,0,0,534,T
3-PA,282,0,0,0,533,533,C
3-PA,283,0,534,0,0,534,T
3-PA,284,0,0,528,1,529,G
3-PA,285,0,1,0,528,529,C
3-PA,286,529,0,0,0,529,A
3-PA,287,534,0,0,0,534,A
3-PA,288,0,0,0,538,538,C
3-PA,289,527,0,1,0,528,A
3-PA,290,0,0,0,545,545,C
3-PA,291,0,537,0,0,537,T
3-PA,292,541,0,1,0,542,A
3-PA,293,0,0,0,538,538,C
3-PA,294,0,540,0,2,542,T
3-PA,295,0,1,534,0,535,G
3-PA,296,0,2,531,0,533,G
3-PA,297,530,0,0,0,530,A
3-PA,298,0,0,533,0,533,G
3-PA,299,0,0,0,518,518,C
3-PA,300,0,526,0,0,526,T
3-PA,301,1,2,520,0,523,G
3-PA,302,0,2,522,0,524,G
3-PA,303,523,0,1,0,524,A
3-PA,304,526,0,0,0,526,A
3-PA,305,518,0,0,0,518,A
3-PA,306,524,0,0,0,524,A
3-PA,307,1,0,0,523,524,C
3-PA,308,0,0,0,530,530,C
3-PA,309,0,0,527,0,527,G
3-PA,310,523,0,0,0,523,A
3-PA,311,527,0,0,0,527,A
3-PA,312,0,0,534,0,534,G
3-PA,313,0,529,0,1,530,T
3-PA,314,0,530,0,1,531,T
3-PA,315,0,531,1,0,532,T
3-PA,316,1,0,0,532,533,C
3-PA,317,0,542,0,0,542,T
3-PA,318,539,0,0,0,539,A
3-PA,319,0,0,0,541,541,C
3-PA,320,2,0,0,539,541,C
3-PA,321,534,0,1,0,535,A
3-PA,322,0,2,536,0,538,G
3-PA,323,535,0,0,0,535,A
3-PA,324,0,0,0,531,531,C
3-PA,325,0,541,0,0,541,T
3-PA,326,0,544,0,0,544,T
3-PA,327,0,0,548,0,548,G
3-PA,328,0,547,0,2,549,T
3-PA,329,549,0,0,0,549,A
3-PA,330,0,547,0,0,547,T
3-PA,331,0,2,541,0,543,G
3-PA,332,565,0,0,0,565,A
3-PA,333,0,558,0,0,558,T
3-PA,334,0,561,0,0,561,T
3-PA,335,559,0,0,0,559,A
3-PA,336,0,0,0,556,556,C
3-PA,337,556,0,0,0,556,A
3-PA,338,555,0,1,0,556,A
3-PA,339,0,1,560,0,561,G
3-PA,340,0,0,567,0,567,G
3-PA,341,549,0,0,0,549,A
3-PA,342,1,0,554,0,555,G
3-PA,343,550,0,2,0,552,A
3-PA,344,556,0,0,0,556,A
3-PA,345,0,0,0,551,551,C
3-PA,346,553,0,0,0,553,A
3-PA,347,0,2,553,0,555,G
3-PA,348,549,0,0,0,549,A
3-PA,349,0,540,0,0,540,T
3-PA,350,0,539,0,0,539,T
3-PA,351,4,0,0,529,533,C
3-PA,352,534,0,0,0,534,A
3-PA,353,0,534,0,0,534,T
3-PA,354,2,0,0,526,528,C
3-PA,355,0,1,532,0,533,G
3-PA,356,538,0,0,0,538,A
3-PA,357,536,0,0,0,536,A
3-PA,358,532,0,1,0,533,A
3-PA,359,0,538,0,0,538,T
3-PA,360,0,537,0,0,537,T
3-PA,361,0,1,535,0,536,G
3-PA,362,1,1,528,0,530,G
3-PA,363,0,1,528,0,529,G
3-PA,364,0,0,531,0,531,G
3-PA,365,0,526,0,1,527,T
3-PA,366,0,2,530,0,532,G
3-PA,367,536,0,0,0,536,A
3-PA,368,0,0,0,543,543,C
3-PA,369,547,0,0,0,547,A
3-PA,370,542,0,0,0,542,A
3-PA,371,0,0,547,0,547,G
3-PA,372,0,3,548,0,551,G
3-PA,373,549,0,2,0,551,A
3-PA,374,0,0,550,0,550,G
3-PA,375,545,0,0,0,545,A
3-PA,376,0,0,549,0,549,G
3-PA,377,549,0,0,0,549,A
3-PA,378,541,0,1,0,542,A
3-PA,379,4,0,553,0,557,G
3-PA,380,0,529,0,0,529,T
3-PA,381,0,0,0,540,540,C
3-PA,382,0,0,0,548,548,C
3-PA,383,550,0,0,0,550,A
3-PA,384,2,1,0,554,557,C
3-PA,385,554,0,0,0,554,A
3-PA,386,0,559,0,0,559,T
3-PA,387,582,0,0,0,582,A
3-PA,388,0,560,0,0,560,T
3-PA,389,565,0,0,0,565,A
3-PA,390,0,561,0,1,562,T
3-PA,391,0,547,0,0,547,T
3-PA,392,543,0,0,0,543,A
3-PA,393,0,503,0,0,503,T
3-PA,394,1,0,0,540,541,C
3-PA,395,0,536,0,0,536,T
3-PA,396,0,542,0,0,542,T
3-PA,397,0,2,541,0,543,G
3-PA,398,540,1,0,0,541,A
3-PA,399,543,0,0,0,543,A
3-PA,400,543,0,0,0,543,A
3-PA,401,501,0,0,0,501,A
3-PA,402,0,1,502,0,503,G
3-PA,403,0,0,500,0,500,G
3-PA,404,2,0,0,500,502,C
3-PA,405,1,0,1,509,511,C
3-PA,406,510,0,0,0,510,A
3-PA,407,510,0,0,0,510,A
3-PA,408,0,510,0,0,510,T
3-PA,409,508,0,0,0,508,A
3-PA,410,507,0,1,0,508,A
3-PA,411,0,2,514,0,516,G
3-PA,412,509,0,2,0,511,A
3-PA,413,0,502,0,0,502,T
3-PA,414,0,512,0,0,512,T
3-PA,415,512,0,0,0,512,A
3-PA,416,508,0,0,0,508,A
3-PA,417,510,0,0,0,510,A
3-PA,418,0,511,0,0,511,T
3-PA,419,1,0,0,509,510,C
3-PA,420,0,504,0,0,504,T
3-PA,421,0,2,511,0,513,G
3-PA,422,513,0,0,0,513,A
3-PA,423,0,1,514,0,515,G
3-PA,424,516,0,0,0,516,A
3-PA,425,518,0,0,0,518,A
3-PA,426,0,0,0,517,517,C
3-PA,427,517,1,1,0,519,A
3-PA,428,0,0,0,516,516,C
3-PA,429,521,0,0,0,521,A
3-PA,430,0,0,0,526,526,C
3-PA,431,518,0,0,0,518,A
3-PA,432,1,0,0,529,530,C
3-PA,433,520,0,0,0,520,A
3-PA,434,0,524,0,0,524,T
3-PA,435,1,517,0,0,518,T
3-PA,436,2,0,0,523,525,C
3-PA,437,524,0,0,0,524,A
3-PA,438,1,0,0,528,529,C
3-PA,439,527,0,0,0,527,A
3-PA,440,0,517,0,0,517,T
3-PA,441,0,501,0,0,501,T
3-PA,442,0,506,0,0,506,T
3-PA,443,0,507,0,0,507,T
3-PA,444,1,0,0,518,519,C
3-PA,445,0,513,0,0,513,T
3-PA,446,5,0,0,513,518,C
3-PA,447,520,0,0,0,520,A
3-PA,448,0,518,0,0,518,T
3-PA,449,0,523,0,1,524,T
3-PA,450,0,0,0,520,520,C
3-PA,451,511,0,0,0,511,A
3-PA,452,0,0,0,522,522,C
3-PA,453,0,512,0,0,512,T
3-PA,454,0,0,524,0,524,G
3-PA,455,0,2,514,0,516,G
3-PA,456,0,1,511,0,512,G
3-PA,457,0,2,521,0,523,G
3-PA,458,515,0,0,0,515,A
3-PA,459,0,2,516,0,518,G
3-PA,460,0,2,513,0,515,G
3-PA,461,508,0,2,0,510,A
3-PA,462,513,0,0,0,513,A
3-PA,463,507,0,0,0,507,A
3-PA,464,0,503,0,1,504,T
3-PA,465,0,0,505,0,505,G
3-PA,466,0,0,496,0,496,G
3-PA,467,0,0,0,498,498,C
3-PA,468,0,0,0,499,499,C
3-PA,469,503,0,0,0,503,A
3-PA,470,0,0,0,497,497,C
3-PA,471,501,0,0,0,501,A
3-PA,472,502,0,0,0,502,A
3-PA,473,506,0,0,0,506,A
3-PA,474,0,0,503,0,503,G
3-PA,475,0,0,499,0,499,G
3-PA,476,2,0,0,499,501,C
3-PA,477,507,0,0,0,507,A
3-PA,478,0,2,511,0,513,G
3-PA,479,512,0,0,0,512,A
3-PA,480,0,0,0,516,516,C
3-PA,481,0,516,0,0,516,T
3-PA,482,515,0,0,0,515,A
3-PA,483,0,0,0,511,511,C
3-PA,484,500,0,0,0,500,A
3-PA,485,0,0,0,510,510,C
3-PA,486,0,488,0,0,488,T
3-PA,487,0,0,0,502,502,C
3-PA,488,0,491,0,0,491,T
3-PA,489,2,0,0,493,495,C
3-PA,490,1,0,492,0,493,G
3-PA,491,491,0,0,0,491,A
3-PA,492,0,1,0,492,493,C
3-PA,493,0,0,495,0,495,G
3-PA,494,484,0,0,0,484,A
3-PA,495,0,1,488,0,489,G
3-PA,496,0,1,491,0,492,G
3-PA,497,493,0,0,0,493,A
3-PA,498,499,0,1,0,500,A
3-PA,499,496,0,0,0,496,A
3-PA,500,0,0,494,0,494,G
3-PA,501,1,0,0,491,492,C
3-PA,502,488,0,0,0,488,A
3-PA,503,0,1,495,0,496,G
3-PA,504,1,4,491,0,496,G
3-PA,505,0,1,494,0,495,G
3-PA,506,0,0,0,497,497,C
3-PA,507,0,499,0,0,499,T
3-PA,508,500,0,0,0,500,A
3-PA,509,0,0,502,0,502,G
3-PA,510,0,1,512,0,513,G
3-PA,511,509,0,0,0,509,A
3-PA,512,0,499,0,1,500,T
3-PA,513,0,490,0,0,490,T
3-PA,514,486,0,0,0,486,A
3-PA,515,484,0,0,0,484,A
3-PA,516,0,1,481,0,482,G
3-PA,517,480,0,0,0,480,A
3-PA,518,0,0,0,480,480,C
3-PA,519,0,0,0,435,435,C
3-PA,520,433,0,0,0,433,A
3-PA,521,0,0,437,0,437,G
3-PA,522,0,0,431,0,431,G
3-PA,523,2,0,0,438,440,C
3-PA,524,0,431,0,0,431,T
3-PA,525,0,2,448,0,450,G
3-PA,526,0,446,0,0,446,T
3-PA,527,0,450,0,0,450,T
3-PA,528,0,448,0,0,448,T
3-PA,529,450,0,0,0,450,A
3-PA,530,0,0,0,455,455,C
3-PA,531,0,0,0,450,450,C
3-PA,532,450,0,0,0,450,A
3-PA,533,0,451,0,1,452,T
3-PA,534,436,0,0,0,436,A
3-PA,535,437,0,0,0,437,A
3-PA,536,0,1,440,0,441,G
3-PA,537,443,0,0,0,443,A
3-PA,538,0,0,0,441,441,C
3-PA,539,428,0,0,0,428,A
3-PA,540,425,0,1,0,426,A
3-PA,541,0,1,426,0,427,G
3-PA,542,428,0,1,0,429,A
3-PA,543,433,0,0,0,433,A
3-PA,544,428,0,0,0,428,A
3-PA,545,0,417,0,1,418,T
3-PA,546,0,0,431,0,431,G
3-PA,547,0,0,425,0,425,G
3-PA,548,2,0,0,426,428,C
3-PA,549,0,1,0,431,432,C
3-PA,550,433,0,0,0,433,A
3-PA,551,428,0,0,0,428,A
3-PA,552,0,412,0,0,412,T
3-PA,553,426,0,0,0,426,A
3-PA,554,0,1,424,0,425,G
3-PA,555,420,0,1,0,421,A
3-PA,556,0,1,421,0,422,G
3-PA,557,0,1,420,0,421,G
3-PA,558,1,0,0,421,422,C
3-PA,559,0,0,0,426,426,C
3-PA,560,0,418,0,0,418,T
3-PA,561,1,0,0,427,428,C
3-PA,562,0,424,0,0,424,T
3-PA,563,0,2,428,0,430,G
3-PA,564,0,1,427,0,428,G
3-PA,565,0,2,420,0,422,G
3-PA,566,422,0,0,0,422,A
3-PA,567,0,407,0,0,407,T
3-PA,568,0,411,0,0,411,T
3-PA,569,0,0,0,510,510,C
3-PA,570,1,0,0,512,513,C
3-PA,571,0,511,0,0,511,T
3-PA,572,1,517,0,0,518,T
3-PA,573,1,514,0,0,515,T
3-PA,574,2,0,1,518,521,C
3-PA,575,1,0,518,0,519,G
3-PA,576,0,516,0,0,516,T
3-PA,577,1,0,0,522,523,C
3-PA,578,520,0,0,0,520,A
3-PA,579,0,0,631,0,631,G
3-PA,580,0,640,0,1,641,T
3-PA,581,2,0,0,639,641,C
3-PA,582,1,0,0,652,653,C
3-PA,583,0,3,651,1,655,G
3-PA,584,642,0,0,6,648,A
3-PA,585,658,1,0,0,659,A
3-PA,586,657,0,0,0,657,A
3-PA,587,1,0,687,0,688,G
3-PA,588,668,0,1,0,669,A
3-PA,589,0,1,682,0,683,G
3-PA,590,0,2,675,0,677,G
3-PA,591,1,0,0,685,686,C
3-PA,592,0,1,693,0,694,G
3-PA,593,689,0,0,0,689,A
3-PA,594,699,1,0,0,700,A
3-PA,595,0,1,704,0,705,G
3-PA,596,707,0,0,0,707,A
3-PA,597,711,0,0,0,711,A
3-PA,598,706,0,0,0,706,A
3-PA,599,0,0,0,718,718,C
3-PA,600,715,0,0,0,715,A
3-PA,601,713,0,0,0,713,A
3-PA,602,0,715,0,1,716,T
3-PA,603,1,716,0,0,717,T
3-PA,604,3,1,711,1,716,G
3-PA,605,711,0,0,0,711,A
3-PA,606,711,0,1,0,712,A
3-PA,607,0,3,710,0,713,G
3-PA,608,711,0,0,0,711,A
3-PA,609,709,0,0,0,709,A
3-PA,610,710,0,0,0,710,A
3-PA,611,716,0,0,0,716,A
3-PA,612,710,0,0,0,710,A
3-PA,613,0,710,0,0,710,T
3-PA,614,0,723,0,0,723,T
3-PA,615,0,723,0,0,723,T
3-PA,616,0,3,716,0,719,G
3-PA,617,718,0,0,0,718,A
3-PA,618,724,0,0,0,724,A
3-PA,619,727,0,2,0,729,A
3-PA,620,0,741,0,0,741,T
3-PA,621,4,0,0,862,866,C
3-PA,622,856,0,0,0,856,A
3-PA,623,0,1,0,881,882,C
3-PA,624,878,1,1,0,880,A
3-PA,625,0,2,904,0,906,G
3-PA,626,0,7,948,0,955,G
3-PA,627,970,0,0,0,970,A
3-PA,628,992,0,2,0,994,A
3-PA,629,0,0,0,1009,1009,C
3-PA,630,0,972,0,0,972,T
3-PA,631,1057,0,0,0,1057,A
3-PA,632,0,1076,0,1,1077,T
3-PA,633,0,1,1138,0,1139,G
3-PA,634,1,1,0,1138,1140,C
3-PA,635,1,0,1127,0,1128,G
3-PA,636,0,1117,0,1,1118,T
3-PA,637,1128,0,0,0,1128,A
3-PA,638,1,0,1128,0,1129,G
3-PA,639,0,1,1119,0,1120,G
3-PA,640,2,0,0,1112,1114,C
3-PA,641,0,1112,0,0,1112,T
3-PA,642,0,1104,0,1,1105,T
3-PA,643,0,3,1090,0,1093,G
3-PA,644,0,2,0,1100,1102,C
3-PA,645,3,0,0,1107,1110,C
3-PA,646,8,3,1110,0,1121,G
3-PA,647,1114,1,0,0,1115,A
3-PA,648,0,0,0,1149,1149,C
3-PA,649,4,0,0,1143,1147,C
3-PA,650,1153,0,0,0,1153,A
3-PA,651,1158,0,0,0,1158,A
3-PA,652,1158,0,1,1,1160,A
3-PA,653,0,1,1165,0,1166,G
3-PA,654,0,1157,0,1,1158,T
3-PA,655,3,0,0,1169,1172,C
3-PA,656,0,1172,0,0,1172,T
3-PA,657,3,1,0,1181,1185,C
3-PA,658,3,0,0,1188,1191,C
3-PA,659,1,1,0,1197,1199,C
3-PA,660,1208,0,0,0,1208,A
3-PA,661,1,0,0,1193,1194,C
3-PA,662,0,0,0,1202,1202,C
3-PA,663,0,5,1206,0,1211,G
3-PA,664,1217,0,0,0,1217,A
3-PA,665,1216,0,0,0,1216,A
3-PA,666,0,0,0,1245,1245,C
3-PA,667,0,1236,1,1,1238,T
3-PA,668,0,1279,0,0,1279,T
3-PA,669,3,0,0,1301,1304,C
3-PA,670,0,1294,0,0,1294,T
3-PA,671,0,0,0,1307,1307,C
3-PA,672,0,0,0,1301,1301,C
3-PA,673,0,1293,0,0,1293,T
3-PA,674,0,2,1309,0,1311,G
3-PA,675,1,0,0,1310,1311,C
3-PA,676,1,0,0,1317,1318,C
3-PA,677,0,1316,0,0,1316,T
3-PA,678,0,1315,0,0,1315,T
3-PA,679,0,5,1315,0,1320,G
3-PA,680,1315,1,1,0,1317,A
3-PA,681,0,7,1345,0,1352,G
3-PA,682,1337,0,1,0,1338,A
3-PA,683,1353,0,0,0,1353,A
3-PA,684,0,1383,0,1,1384,T
3-PA,685,0,1395,0,1,1396,T
3-PA,686,0,1407,0,0,1407,T
3-PA,687,0,1408,0,0,1408,T
3-PA,688,1405,0,0,0,1405,A
3-PA,689,2,4,1384,0,1390,G
3-PA,690,1377,0,1,0,1378,A
3-PA,691,0,1,1463,0,1464,G
3-PA,692,1,0,0,1454,1455,C
3-PA,693,1,0,0,1479,1480,C
3-PA,694,0,1513,0,1,1514,T
3-PA,695,1588,0,0,0,1588,A
3-PA,696,0,1596,0,0,1596,T
3-PA,697,0,0,1607,0,1607,G
3-PA,698,0,1592,0,0,1592,T
3-PA,699,4,6,1593,0,1603,G
3-PA,700,1,1,1591,0,1593,G
3-PA,701,1578,0,2,0,1580,A
3-PA,702,0,1575,0,2,1577,T
3-PA,703,0,4,1566,0,1570,G
3-PA,704,4,5,1604,0,1613,G
3-PA,705,1596,0,0,0,1596,A
3-PA,706,0,1602,0,0,1602,T
3-PA,707,0,1610,0,0,1610,T
3-PA,708,8,0,0,1594,1602,C
3-PA,709,1,16,1580,0,1597,G
3-PA,710,1601,0,2,0,1603,A
3-PA,711,1608,0,1,0,1609,A
3-PA,712,1,0,0,1618,1619,C
3-PA,713,2,0,0,1598,1600,C
3-PA,714,0,9,1603,0,1612,G
3-PA,715,1589,0,0,1,1590,A
3-PA,716,1598,0,3,0,1601,A
3-PA,717,0,0,0,1624,1624,C
3-PA,718,1,6,1602,0,1609,G
3-PA,719,1,2,1644,0,1647,G
3-PA,720,4,0,0,1666,1670,C
3-PA,721,0,1646,0,0,1646,T
3-PA,722,3,3,1700,0,1706,G
3-PA,723,2,0,0,1710,1712,C
3-PA,724,1733,0,1,0,1734,A
3-PA,725,0,1733,0,0,1733,T
3-PA,726,0,1721,0,0,1721,T
3-PA,727,3,7,1714,0,1724,G
3-PA,728,1678,0,0,0,1678,A
3-PA,729,0,10,1682,0,1692,G
3-PA,730,0,3,1677,0,1680,G
3-PA,731,2,0,1676,0,1678,G
3-PA,732,1,1,0,1673,1675,C
3-PA,733,1676,0,0,0,1676,A
3-PA,734,1674,0,0,0,1674,A
3-PA,735,1,2,1704,0,1707,G
3-PA,736,1,0,0,1693,1694,C
3-PA,737,0,1708,0,0,1708,T
3-PA,738,0,1710,0,0,1710,T
3-PA,739,0,1722,0,1,1723,T
3-PA,740,8,0,0,1711,1719,C
3-PA,741,0,1718,0,1,1719,T
3-PA,742,11,1,1,1714,1727,C
3-PA,743,1737,0,1,0,1738,A
3-PA,744,1727,0,0,0,1727,A
3-PA,745,1717,0,1,0,1718,A
3-PA,746,0,1724,0,0,1724,T
3-PA,747,0,1,1786,0,1787,G
3-PA,748,0,1776,0,0,1776,T
3-PA,749,11,1,0,1796,1808,C
3-PA,750,7,0,0,1811,1818,C
3-PA,751,1808,0,1,0,1809,A
3-PA,752,1817,0,0,0,1817,A
3-PA,753,1829,0,1,0,1830,A
3-PA,754,0,3,1876,0,1879,G
3-PA,755,1872,0,0,0,1872,A
3-PA,756,1851,0,4,0,1855,A
3-PA,757,0,3,1895,0,1898,G
3-PA,758,0,1873,0,0,1873,T
3-PA,759,0,6,1879,0,1885,G
3-PA,760,1885,0,0,0,1885,A
3-PA,761,1885,0,3,0,1888,A
3-PA,762,1,1894,0,1,1896,T
3-PA,763,2,10,1872,1,1885,G
3-PA,764,0,0,0,1895,1895,C
3-PA,765,3,0,0,1892,1895,C
3-PA,766,8,0,0,1895,1903,C
3-PA,767,1893,0,0,0,1893,A
3-PA,768,1908,0,0,0,1908,A
3-PA,769,1920,0,0,0,1920,A
3-PA,770,1,1922,0,0,1923,T
3-PA,771,0,1926,0,1,1927,T
3-PA,772,1,7,1909,0,1917,G
3-PA,773,1903,0,1,0,1904,A
3-PA,774,1892,0,3,0,1895,A
3-PA,775,0,0,0,1922,1922,C
3-PA,776,6,0,0,1912,1918,C
3-PA,777,0,1904,0,0,1904,T
3-PA,778,0,1955,0,0,1955,T
3-PA,779,0,1959,0,0,1959,T
3-PA,780,0,2007,0,2,2009,T
3-PA,781,5,0,0,2006,2011,C
3-PA,782,0,2005,0,0,2005,T
3-PA,783,1,5,1999,0,2005,G
3-PA,784,2000,0,1,0,2001,A
3-PA,785,2022,0,1,0,2023,A
3-PA,786,0,14,2036,0,2050,G
3-PA,787,2027,0,0,0,2027,A
3-PA,788,0,2,0,2029,2031,C
3-PA,789,2001,0,4,0,2005,A
3-PA,790,2013,0,1,0,2014,A
3-PA,791,0,0,0,2207,2207,C
3-PA,792,2200,0,2,0,2202,A
3-PA,793,1,0,0,2219,2220,C
3-PA,794,5,0,0,2209,2214,C
3-PA,795,2211,0,2,0,2213,A
3-PA,796,2203,0,2,0,2205,A
3-PA,797,0,7,2201,0,2208,G
3-PA,798,2198,0,3,0,2201,A
3-PA,799,1,1,0,2197,2199,C
3-PA,800,2,1,0,2111,2114,C
3-PA,801,2123,0,0,0,2123,A
3-PA,802,2111,0,1,0,2112,A
3-PA,803,0,2111,0,0,2111,T
3-PA,804,7,0,0,2108,2115,C
3-PA,805,2119,0,1,0,2120,A
3-PA,806,2107,0,0,0,2107,A
3-PA,807,2092,1,0,0,2093,A
3-PA,808,0,0,0,2125,2125,C
3-PA,809,0,2106,0,0,2106,T
3-PA,810,0,2131,0,0,2131,T
3-PA,811,4,0,0,2137,2141,C
3-PA,812,2,2,0,2158,2162,C
3-PA,813,1,7,2153,1,2162,G
3-PA,814,2172,0,0,0,2172,A
3-PA,815,2181,0,0,0,2181,A
3-PA,816,0,2171,0,0,2171,T
3-PA,817,0,3,2151,0,2154,G
3-PA,818,0,6,2140,0,2146,G
3-PA,819,2150,0,4,0,2154,A
3-PA,820,3,4,0,2174,2181,C
3-PA,821,7,0,0,2169,2176,C
3-PA,822,0,2207,0,0,2207,T
3-PA,823,1,0,0,2290,2291,C
3-PA,824,1,0,0,2295,2296,C
3-PA,825,0,2283,0,2,2285,T
3-PA,826,0,2288,1,0,2289,T
3-PA,827,1,1,2388,0,2390,G
3-PA,828,0,2376,0,0,2376,T
3-PA,829,0,2382,0,1,2383,T
3-PA,830,2366,0,0,0,2366,A
3-PA,831,0,2311,0,0,2311,T
3-PA,832,5,0,0,2299,2304,C
3-PA,833,2266,0,0,0,2266,A
3-PA,834,1,3,2254,0,2258,G
3-PA,835,1,2,0,2254,2257,C
3-PA,836,0,3,2193,0,2196,G
3-PA,837,0,1,2246,0,2247,G
3-PA,838,0,2239,0,4,2243,T
3-PA,839,6,1,0,2260,2267,C
3-PA,840,7,0,0,2263,2270,C
3-PA,841,2285,0,0,0,2285,A
3-PA,842,2296,0,0,0,2296,A
3-PA,843,2297,0,0,0,2297,A
3-PA,844,0,2278,0,0,2278,T
3-PA,845,0,2290,0,0,2290,T
3-PA,846,10,0,1,2266,2277,C
3-PA,847,5,0,0,2238,2243,C
3-PA,848,0,2230,0,1,2231,T
3-PA,849,7,0,0,2252,2259,C
3-PA,850,2,0,1,2276,2279,C
3-PA,851,1,2267,1,1,2270,T
3-PA,852,0,1,2298,0,2299,G
3-PA,853,2279,0,1,0,2280,A
3-PA,854,0,2283,0,0,2283,T
3-PA,855,0,5,2270,0,2275,G
3-PA,856,0,4,2247,0,2251,G
3-PA,857,2241,1,1,0,2243,A
3-PA,858,0,2246,0,1,2247,T
3-PA,859,11,0,2228,0,2239,G
3-PA,860,2,0,0,2341,2343,C
3-PA,861,0,2343,0,1,2344,T
3-PA,862,0,2346,0,1,2347,T
3-PA,863,0,2357,0,0,2357,T
3-PA,864,2353,0,0,0,2353,A
3-PA,865,2361,0,1,0,2362,A
3-PA,866,2359,0,1,1,2361,A
3-PA,867,2367,0,0,0,2367,A
3-PA,868,0,2358,0,1,2359,T
3-PA,869,0,2264,0,0,2264,T
3-PA,870,0,21,2233,0,2254,G
3-PA,871,2231,0,4,0,2235,A
3-PA,872,0,2,2266,0,2268,G
3-PA,873,0,1,0,2280,2281,C
3-PA,874,2290,0,0,0,2290,A
3-PA,875,0,2327,0,0,2327,T
3-PA,876,0,2326,0,0,2326,T
3-PA,877,0,3,2303,0,2306,G
3-PA,878,2323,0,0,0,2323,A
3-PA,879,2305,0,4,0,2309,A
3-PA,880,1,6,2312,0,2319,G
3-PA,881,2280,0,3,0,2283,A
3-PA,882,2,0,0,2322,2324,C
3-PA,883,5,0,0,2296,2301,C
3-PA,884,4,0,0,2303,2307,C
3-PA,885,2301,0,1,1,2303,A
3-PA,886,2329,0,1,0,2330,A
3-PA,887,1,0,2378,0,2379,G
3-PA,888,1,2376,0,2,2379,T
3-PA,889,10,0,0,2376,2386,C
3-PA,890,2397,0,2,0,2399,A
3-PA,891,2,0,0,2399,2401,C
3-PA,892,0,2,2392,0,2394,G
3-PA,893,2370,0,3,0,2373,A
3-PA,894,2388,0,0,0,2388,A
3-PA,895,0,0,2470,0,2470,G
3-PA,896,1,6,2449,0,2456,G
3-PA,897,2423,0,4,0,2427,A
3-PA,898,0,6,2456,0,2462,G
3-PA,899,2443,0,1,0,2444,A
3-PA,900,2454,0,6,0,2460,A
3-PA,901,1,6,2456,0,2463,G
3-PA,902,0,5,2426,1,2432,G
3-PA,903,0,2,2433,0,2435,G
3-PA,904,2356,0,1,0,2357,A
3-PA,905,0,2377,0,0,2377,T
3-PA,906,6,1,0,2381,2388,C
3-PA,907,5,0,0,2536,2541,C
3-PA,908,3,0,0,2580,2583,C
3-PA,909,2603,0,0,0,2603,A
3-PA,910,0,2599,0,0,2599,T
3-PA,911,0,2626,0,0,2626,T
3-PA,912,2681,0,0,0,2681,A
3-PA,913,1,2670,0,2,2673,T
3-PA,914,2657,0,3,0,2660,A
3-PA,915,0,2644,0,2,2646,T
3-PA,916,0,9,2410,0,2419,G
3-PA,917,2413,0,0,0,2413,A
3-PA,918,0,2374,0,0,2374,T
3-PA,919,0,2,2382,1,2385,G
3-PA,920,2,0,0,2355,2357,C
3-PA,921,0,12,2344,1,2357,G
3-PA,922,2375,0,0,0,2375,A
3-PA,923,0,2372,1,0,2373,T
3-PA,924,12,0,0,2375,2387,C
3-PA,925,2373,0,0,0,2373,A
3-PA,926,2336,0,2,0,2338,A
3-PA,927,0,0,2369,0,2369,G
3-PA,928,0,2351,0,0,2351,T
3-PA,929,0,3,2373,0,2376,G
3-PA,930,1,0,0,2385,2386,C
3-PA,931,2383,0,2,0,2385,A
3-PA,932,0,2383,0,1,2384,T
3-PA,933,2388,0,0,0,2388,A
3-PA,934,2407,0,0,0,2407,A
3-PA,935,2419,0,0,0,2419,A
3-PA,936,2400,0,3,0,2403,A
3-PA,937,2402,0,0,0,2402,A
3-PA,938,1,0,0,2423,2424,C
3-PA,939,2389,0,0,0,2389,A
3-PA,940,0,2383,0,0,2383,T
3-PA,941,0,2388,0,0,2388,T
3-PA,942,7,1,0,2400,2408,C
3-PA,943,0,2386,1,0,2387,T
3-PA,944,0,2385,0,0,2385,T
3-PA,945,0,2377,0,0,2377,T
3-PA,946,0,4,2367,0,2371,G
3-PA,947,0,4,2377,1,2382,G
3-PA,948,2364,0,3,0,2367,A
3-PA,949,1,2369,0,0,2370,T
3-PA,950,0,9,2380,0,2389,G
3-PA,951,22,1,2395,0,2418,G
3-PA,952,2415,0,0,0,2415,A
3-PA,953,2432,0,0,0,2432,A
3-PA,954,2442,0,2,0,2444,A
3-PA,955,0,7,2465,0,2472,G
3-PA,956,2464,0,1,0,2465,A
3-PA,957,2669,1,2,0,2672,A
3-PA,958,2,1,0,2712,2715,C
3-PA,959,2,0,0,2721,2723,C
3-PA,960,0,2702,0,11,2713,T
3-PA,961,0,2765,0,0,2765,T
3-PA,962,2786,0,1,0,2787,A
3-PA,963,0,2779,0,0,2779,T
3-PA,964,2771,0,0,0,2771,A
3-PA,965,0,2808,0,0,2808,T
3-PA,966,2629,1,0,0,2630,A
3-PA,967,0,1,2645,0,2646,G
3-PA,968,1,2629,0,0,2630,T
3-PA,969,11,0,0,2617,2628,C
3-PA,970,2603,0,1,0,2604,A
3-PA,971,2599,0,1,0,2600,A
3-PA,972,2584,0,2,0,2586,A
3-PA,973,0,0,0,2613,2613,C
3-PA,974,3,1,0,2579,2583,C
3-PA,975,2554,1,1,0,2556,A
3-PA,976,0,0,0,2583,2583,C
3-PA,977,2560,1,7,1,2569,A
3-PA,978,0,1,0,2586,2587,C
3-PA,979,0,13,2592,0,2605,G
3-PA,980,2564,0,1,0,2565,A
3-PA,981,2578,0,1,1,2580,A
3-PA,982,2581,0,1,0,2582,A
3-PA,983,2583,0,2,0,2585,A
3-PA,984,0,3,2608,0,2611,G
3-PA,985,0,5,2576,0,2581,G
3-PA,986,0,6,2584,0,2590,G
3-PA,987,2597,1,4,0,2602,A
3-PA,988,2614,0,0,0,2614,A
3-PA,989,0,2623,0,0,2623,T
3-PA,990,2619,0,0,0,2619,A
3-PA,991,2622,0,0,0,2622,A
3-PA,992,2625,0,1,0,2626,A
3-PA,993,0,2605,0,0,2605,T
3-PA,994,2,2597,0,0,2599,T
3-PA,995,18,2,0,2585,2605,C
3-PA,996,2613,0,0,0,2613,A
3-PA,997,2617,0,0,0,2617,A
3-PA,998,2625,0,0,0,2625,A
3-PA,999,0,2620,0,1,2621,T
3-PA,1000,0,2637,0,0,2637,T
3-PA,1001,2632,0,0,0,2632,A
3-PA,1002,2,0,0,2633,2635,C
3-PA,1003,6,0,0,2649,2655,C
3-PA,1004,0,2609,0,1,2610,T
3-PA,1005,1,0,2626,0,2627,G
3-PA,1006,2,2,0,2651,2655,C
3-PA,1007,0,2668,0,0,2668,T
3-PA,1008,1,1,2711,0,2713,G
3-PA,1009,0,2702,0,0,2702,T
3-PA,1010,8,0,0,2715,2723,C
3-PA,1011,2726,0,4,0,2730,A
3-PA,1012,0,2730,0,1,2731,T
3-PA,1013,0,3,2718,0,2721,G
3-PA,1014,0,3,2708,0,2711,G
3-PA,1015,2720,0,1,0,2721,A
3-PA,1016,2768,1,3,0,2772,A
3-PA,1017,0,3,2729,0,2732,G
3-PA,1018,1,9,0,2743,2753,C
3-PA,1019,2756,0,0,0,2756,A
3-PA,1020,2767,1,0,0,2768,A
3-PA,1021,3,2,2775,1,2781,G
3-PA,1022,0,2751,0,0,2751,T
3-PA,1023,2768,0,0,0,2768,A
3-PA,1024,2,0,0,2775,2777,C
3-PA,1025,0,2705,0,1,2706,T
3-PA,1026,0,1,2730,0,2731,G
3-PA,1027,1,2690,0,2,2693,T
3-PA,1028,17,0,0,2694,2711,C
3-PA,1029,2720,0,1,0,2721,A
3-PA,1030,0,13,2727,0,2740,G
3-PA,1031,2723,1,0,0,2724,A
3-PA,1032,2733,0,1,0,2734,A
3-PA,1033,0,2769,0,0,2769,T
3-PA,1034,0,2746,0,0,2746,T
3-PA,1035,2,0,2729,0,2731,G
3-PA,1036,1,0,0,2732,2733,C
3-PA,1037,2742,3,4,0,2749,A
3-PA,1038,2,5,2744,0,2751,G
3-PA,1039,1,6,2699,0,2706,G
3-PA,1040,2725,1,2,0,2728,A
3-PA,1041,2,0,0,2762,2764,C
3-PA,1042,2708,0,2,0,2710,A
3-PA,1043,0,2719,0,1,2720,T
3-PA,1044,0,2736,0,1,2737,T
3-PA,1045,14,10,2737,0,2761,G
3-PA,1046,2742,0,2,0,2744,A
3-PA,1047,2747,0,0,0,2747,A
3-PA,1048,2743,0,0,0,2743,A
3-PA,1049,2734,0,0,0,2734,A
3-PA,1050,0,2719,0,0,2719,T
3-PA,1051,0,5,2737,1,2743,G
3-PA,1052,2710,0,3,0,2713,A
3-PA,1053,1,5,2732,0,2738,G
3-PA,1054,0,9,2723,0,2732,G
3-PA,1055,2712,0,0,0,2712,A
3-PA,1056,1,3,2733,0,2737,G
3-PA,1057,2723,0,2,0,2725,A
3-PA,1058,2719,0,7,0,2726,A
3-PA,1059,0,3,2726,0,2729,G
3-PA,1060,1,0,2691,0,2692,G
3-PA,1061,0,2752,0,0,2752,T
3-PA,1062,1,2789,0,1,2791,T
3-PA,1063,9,1,0,2783,2793,C
3-PA,1064,5,0,0,2801,2806,C
3-PA,1065,2828,0,1,0,2829,A
3-PA,1066,2794,0,2,0,2796,A
3-PA,1067,2,5,2847,0,2854,G
3-PA,1068,1,8,2872,0,2881,G
3-PA,1069,2837,0,1,0,2838,A
3-PA,1070,1,1,0,2865,2867,C
3-PA,1071,0,2892,0,0,2892,T
3-PA,1072,2886,0,0,0,2886,A
3-PA,1073,2894,0,1,0,2895,A
3-PA,1074,2898,0,0,0,2898,A
3-PA,1075,2897,0,0,1,2898,A
3-PA,1076,2874,0,3,1,2878,A
3-PA,1077,3,0,0,2853,2856,C
3-PA,1078,2829,0,2,0,2831,A
3-PA,1079,0,2808,0,0,2808,T
3-PA,1080,0,8,2839,0,2847,G
3-PA,1081,2830,0,2,0,2832,A
3-PA,1082,2845,0,2,0,2847,A
3-PA,1083,0,9,2848,0,2857,G
3-PA,1084,2860,0,0,0,2860,A
3-PA,1085,2855,0,1,0,2856,A
3-PA,1086,2852,0,0,0,2852,A
3-PA,1087,2846,0,3,0,2849,A
3-PA,1088,1,0,0,2857,2858,C
3-PA,1089,0,13,2825,0,2838,G
3-PA,1090,2839,0,5,0,2844,A
3-PA,1091,2,0,2831,0,2833,G
3-PA,1092,0,2800,0,2,2802,T
3-PA,1093,9,0,0,2863,2872,C
3-PA,1094,2891,0,0,0,2891,A
3-PA,1095,2906,0,1,0,2907,A
3-PA,1096,0,0,0,2903,2903,C
3-PA,1097,0,2905,0,0,2905,T
3-PA,1098,1,8,2958,0,2967,G
3-PA,1099,2941,0,1,0,2942,A
3-PA,1100,2949,0,2,0,2951,A
3-PA,1101,1,1,2966,0,2968,G
3-PA,1102,0,2867,0,1,2868,T
3-PA,1103,1,0,2890,0,2891,G
3-PA,1104,0,2,2871,0,2873,G
3-PA,1105,24,4,2861,0,2889,G
3-PA,1106,0,19,0,2876,2895,C
3-PA,1107,0,2871,0,1,2872,T
3-PA,1108,6,0,0,2896,2902,C
3-PA,1109,0,2902,0,1,2903,T
3-PA,1110,0,2915,0,0,2915,T
3-PA,1111,0,9,2955,0,2964,G
3-PA,1112,0,1,2977,0,2978,G
3-PA,1113,0,2940,0,0,2940,T
3-PA,1114,0,11,2954,0,2965,G
3-PA,1115,2962,0,0,0,2962,A
3-PA,1116,2976,0,1,0,2977,A
3-PA,1117,2977,0,1,0,2978,A
3-PA,1118,2973,0,1,0,2974,A
3-PA,1119,1,0,0,2988,2989,C
3-PA,1120,2938,0,2,0,2940,A
3-PA,1121,1,2925,0,2,2928,T
3-PA,1122,11,5,2905,0,2921,G
3-PA,1123,1,5,2906,0,2912,G
3-PA,1124,2,1,0,2923,2926,C
3-PA,1125,2920,0,3,1,2924,A
3-PA,1126,1,5,0,2936,2942,C
3-PA,1127,2,0,0,2957,2959,C
3-PA,1128,2994,0,1,0,2995,A
3-PA,1129,1,7,3029,0,3037,G
3-PA,1130,2990,0,1,0,2991,A
3-PA,1131,2,5,3026,0,3033,G
3-PA,1132,3022,1,1,0,3024,A
3-PA,1133,3027,1,1,0,3029,A
3-PA,1134,1,3,3037,1,3042,G
3-PA,1135,0,0,3025,1,3026,G
3-PA,1136,1,2932,1,3,2937,T
3-PA,1137,3010,0,4,0,3014,A
3-PA,1138,0,12,2982,0,2994,G
3-PA,1139,2993,1,1,0,2995,A
3-PA,1140,1,0,0,3022,3023,C
3-PA,1141,0,2986,0,0,2986,T
3-PA,1142,0,2991,0,0,2991,T
3-PA,1143,0,2993,0,1,2994,T
3-PA,1144,1,10,2977,1,2989,G
3-PA,1145,2982,0,1,0,2983,A
3-PA,1146,2985,0,0,0,2985,A
3-PA,1147,2993,0,0,0,2993,A
3-PA,1148,2978,1,0,0,2979,A
3-PA,1149,0,0,0,3034,3034,C
3-PA,1150,0,2994,0,1,2995,T
3-PA,1151,1,0,3033,0,3034,G
3-PA,1152,1,1,0,3017,3019,C
3-PA,1153,3031,0,2,0,3033,A
3-PA,1154,0,4,3034,0,3038,G
3-PA,1155,3027,0,0,0,3027,A
3-PA,1156,0,7,3142,0,3149,G
3-PA,1157,3156,0,0,1,3157,A
3-PA,1158,2,0,2,3136,3140,C
3-PA,1159,3136,0,0,0,3136,A
3-PA,1160,0,3100,0,0,3100,T
3-PA,1161,3113,0,0,0,3113,A
3-PA,1162,3115,0,1,0,3116,A
3-PA,1163,2,7,3100,0,3109,G
3-PA,1164,3,3,0,3073,3079,C
3-PA,1165,0,14,3054,0,3068,G
3-PA,1166,3121,0,0,0,3121,A
3-PA,1167,0,3091,0,0,3091,T
3-PA,1168,0,3102,0,0,3102,T
3-PA,1169,0,3103,0,0,3103,T
3-PA,1170,1,8,3101,0,3110,G
3-PA,1171,3125,0,1,0,3126,A
3-PA,1172,3114,1,7,0,3122,A
3-PA,1173,4,0,3117,0,3121,G
3-PA,1174,3,1,0,3165,3169,C
3-PA,1175,3163,0,2,0,3165,A
3-PA,1176,3331,0,0,0,3331,A
3-PA,1177,0,3328,0,1,3329,T
3-PA,1178,3359,0,1,0,3360,A
3-PA,1179,0,3351,1,0,3352,T
3-PA,1180,1,12,3357,1,3371,G
3-PA,1181,3387,1,2,0,3390,A
3-PA,1182,0,3377,2,1,3380,T
3-PA,1183,3284,0,1,0,3285,A
3-PA,1184,0,2,3278,0,3280,G
3-PA,1185,0,3141,0,0,3141,T
3-PA,1186,2,10,3148,0,3160,G
3-PA,1187,3145,0,3,0,3148,A
3-PA,1188,0,1,0,3126,3127,C
3-PA,1189,3,14,3095,0,3112,G
3-PA,1190,3106,0,1,0,3107,A
3-PA,1191,3098,0,4,0,3102,A
3-PA,1192,4,1,0,3126,3131,C
3-PA,1193,5,1,0,3137,3143,C
3-PA,1194,0,3142,0,3,3145,T
3-PA,1195,0,23,3213,0,3236,G
3-PA,1196,3214,2,2,0,3218,A
3-PA,1197,3219,0,2,0,3221,A
3-PA,1198,1,3211,0,0,3212,T
3-PA,1199,1,3211,0,0,3212,T
3-PA,1200,3199,0,1,0,3200,A
3-PA,1201,3167,1,3,0,3171,A
3-PA,1202,0,8,3171,0,3179,G
3-PA,1203,0,3,3161,0,3164,G
3-PA,1204,2,3088,1,4,3095,T
3-PA,1205,9,1,0,3105,3115,C
3-PA,1206,3117,0,3,0,3120,A
3-PA,1207,0,1,0,3217,3218,C
3-PA,1208,0,3228,0,0,3228,T
3-PA,1209,0,3205,0,2,3207,T
3-PA,1210,0,3210,0,0,3210,T
3-PA,1211,10,1,0,3201,3212,C
3-PA,1212,3217,0,3,0,3220,A
3-PA,1213,3217,0,1,0,3218,A
3-PA,1214,0,3,3246,1,3250,G
3-PA,1215,3,1,0,3234,3238,C
3-PA,1216,0,3195,0,7,3202,T
3-PA,1217,0,9,3245,0,3254,G
3-PA,1218,0,8,3264,0,3272,G
3-PA,1219,3287,0,3,0,3290,A
3-PA,1220,0,3332,0,0,3332,T
3-PA,1221,3308,0,5,1,3314,A
3-PA,1222,1,0,1,3333,3335,C
3-PA,1223,3287,0,3,0,3290,A
3-PA,1224,5,6,3300,0,3311,G
3-PA,1225,3303,0,0,0,3303,A
3-PA,1226,3257,0,1,0,3258,A
3-PA,1227,0,3222,0,0,3222,T
3-PA,1228,0,12,3223,0,3235,G
3-PA,1229,3196,0,3,1,3200,A
3-PA,1230,2,1,3255,0,3258,G
3-PA,1231,1,3223,0,3,3227,T
3-PA,1232,0,3196,0,1,3197,T
3-PA,1233,15,1,0,3219,3235,C
3-PA,1234,3274,0,0,0,3274,A
3-PA,1235,3262,0,4,0,3266,A
3-PA,1236,2,0,0,3267,3269,C
3-PA,1237,3243,0,0,0,3243,A
3-PA,1238,3239,0,2,0,3241,A
3-PA,1239,1,2,3217,0,3220,G
3-PA,1240,1,6,3191,0,3198,G
3-PA,1241,1,17,0,3157,3175,C
3-PA,1242,3,0,0,3222,3225,C
3-PA,1243,1,3203,0,2,3206,T
3-PA,1244,0,2,3256,0,3258,G
3-PA,1245,1,3214,0,0,3215,T
3-PA,1246,2,13,3263,0,3278,G
3-PA,1247,3270,0,4,0,3274,A
3-PA,1248,1,1,3255,0,3257,G
3-PA,1249,4,0,0,3205,3209,C
3-PA,1250,0,3229,0,2,3231,T
3-PA,1251,3267,0,0,0,3267,A
3-PA,1252,3258,0,1,0,3259,A
3-PA,1253,1,0,0,3281,3282,C
3-PA,1254,2,3257,0,2,3261,T
3-PA,1255,1,17,3258,0,3276,G
3-PA,1256,3245,0,3,0,3248,A
3-PA,1257,0,3229,0,0,3229,T
3-PA,1258,0,3239,0,1,3240,T
3-PA,1259,9,1,0,3247,3257,C
3-PA,1260,3310,0,1,0,3311,A
3-PA,1261,0,3,3359,0,3362,G
3-PA,1262,2,3311,0,5,3318,T
3-PA,1263,15,0,1,3325,3341,C
3-PA,1264,0,3319,0,1,3320,T
3-PA,1265,0,5,3424,0,3429,G
3-PA,1266,0,7,3438,0,3445,G
3-PA,1267,3432,0,0,0,3432,A
3-PA,1268,1,3457,0,1,3459,T
3-PA,1269,3305,0,1,0,3306,A
3-PA,1270,0,9,3293,0,3302,G
3-PA,1271,3283,0,2,0,3285,A
3-PA,1272,1,1,3287,0,3289,G
3-PA,1273,2,0,0,3248,3250,C
3-PA,1274,1,3189,0,1,3191,T
3-PA,1275,0,3205,0,0,3205,T
3-PA,1276,1,8,3208,0,3217,G
3-PA,1277,3215,1,0,0,3216,A
3-PA,1278,0,3208,0,1,3209,T
3-PA,1279,0,10,3200,0,3210,G
3-PA,1280,3210,0,2,1,3213,A
3-PA,1281,3204,0,1,0,3205,A
3-PA,1282,3207,0,0,0,3207,A
3-PA,1283,1,3177,0,0,3178,T
3-PA,1284,0,3208,0,0,3208,T
3-PA,1285,0,2,3229,0,3231,G
3-PA,1286,0,12,3217,0,3229,G
3-PA,1287,3220,2,5,0,3227,A
3-PA,1288,2,6,3223,0,3231,G
3-PA,1289,3180,0,3,0,3183,A
3-PA,1290,1,8,3185,0,3194,G
3-PA,1291,0,11,3190,0,3201,G
3-PA,1292,3229,0,1,0,3230,A
3-PA,1293,0,0,0,3262,3262,C
3-PA,1294,0,0,3244,1,3245,G
3-PA,1295,1,3260,0,0,3261,T
3-PA,1296,3257,0,1,1,3259,A
3-PA,1297,0,2,3285,0,3287,G
3-PA,1298,0,0,1,3245,3246,C
3-PA,1299,4,0,0,3247,3251,C
3-PA,1300,3,0,0,3221,3224,C
3-PA,1301,4,1,0,3273,3278,C
3-PA,1302,3288,0,0,0,3288,A
3-PA,1303,3375,0,1,0,3376,A
3-PA,1304,0,3346,0,2,3348,T
3-PA,1305,0,3361,0,1,3362,T
3-PA,1306,0,14,3333,0,3347,G
3-PA,1307,3268,0,4,0,3272,A
3-PA,1308,2,2,3274,0,3278,G
3-PA,1309,3,3,0,3265,3271,C
3-PA,1310,3265,1,1,0,3267,A
3-PA,1311,2,1,0,3302,3305,C
3-PA,1312,3249,0,0,0,3249,A
3-PA,1313,0,3316,0,2,3318,T
3-PA,1314,0,3292,1,1,3294,T
3-PA,1315,0,3,3299,0,3302,G
3-PA,1316,3,0,1,3277,3281,C
3-PA,1317,3292,0,0,0,3292,A
3-PA,1318,3281,0,2,1,3284,A
3-PA,1319,0,2,3285,0,3287,G
3-PA,1320,2,0,0,3236,3238,C
3-PA,1321,3229,0,0,0,3229,A
3-PA,1322,1,3150,0,0,3151,T
3-PA,1323,0,8,3143,0,3151,G
3-PA,1324,3132,0,0,0,3132,A
3-PA,1325,1,5,3142,0,3148,G
3-PA,1326,3143,0,3,0,3146,A
3-PA,1327,3153,0,1,0,3154,A
3-PA,1328,0,5,3129,0,3134,G
3-PA,1329,1,10,3117,0,3128,G
3-PA,1330,3142,0,1,0,3143,A
3-PA,1331,3145,0,2,1,3148,A
3-PA,1332,0,3124,0,0,3124,T
3-PA,1333,0,3141,0,0,3141,T
3-PA,1334,3162,0,0,1,3163,A
3-PA,1335,0,3156,0,1,3157,T
3-PA,1336,0,3144,1,1,3146,T
3-PA,1337,0,3157,0,1,3158,T
3-PA,1338,15,2,0,3098,3115,C
3-PA,1339,3097,0,0,1,3098,A
3-PA,1340,0,3,0,3175,3178,C
3-PA,1341,3167,0,1,1,3169,A
3-PA,1342,0,0,3196,0,3196,G
3-PA,1343,2,0,0,3176,3178,C
3-PA,1344,3181,0,1,0,3182,A
3-PA,1345,0,6,3195,0,3201,G
3-PA,1346,3190,1,1,0,3192,A
3-PA,1347,0,1,3199,0,3200,G
3-PA,1348,0,0,3206,0,3206,G
3-PA,1349,0,3082,0,1,3083,T
3-PA,1350,0,2,3159,0,3161,G
3-PA,1351,0,3086,0,11,3097,T
3-PA,1352,7,0,0,3108,3115,C
3-PA,1353,2,0,2,3132,3136,C
3-PA,1354,9,1,1,3137,3148,C
3-PA,1355,3184,0,0,0,3184,A
3-PA,1356,1,3184,0,1,3186,T
3-PA,1357,0,3191,0,3,3194,T
3-PA,1358,0,1,3219,0,3220,G
3-PA,1359,0,3154,0,2,3156,T
3-PA,1360,3109,0,2,0,3111,A
3-PA,1361,1,4,3084,0,3089,G
3-PA,1362,3017,0,1,0,3018,A
3-PA,1363,3,4,3026,0,3033,G
3-PA,1364,3,0,0,3007,3010,C
3-PA,1365,3,0,0,2978,2981,C
3-PA,1366,3026,1,2,0,3029,A
3-PA,1367,0,0,0,3034,3034,C
3-PA,1368,0,3033,0,1,3034,T
3-PA,1369,0,3,3023,0,3026,G
3-PA,1370,3021,0,1,0,3022,A
3-PA,1371,2964,0,1,0,2965,A
3-PA,1372,1,3039,0,0,3040,T
3-PA,1373,3051,1,1,0,3053,A
3-PA,1374,3,1,0,3078,3082,C
3-PA,1375,3024,0,1,0,3025,A
3-PA,1376,0,3046,0,2,3048,T
3-PA,1377,3018,0,0,0,3018,A
3-PA,1378,3038,0,0,0,3038,A
3-PA,1379,0,3029,0,1,3030,T
3-PA,1380,0,3,2981,0,2984,G
3-PA,1381,2948,0,0,0,2948,A
3-PA,1382,2884,0,3,0,2887,A
3-PA,1383,0,2,2897,0,2899,G
3-PA,1384,0,8,2853,0,2861,G
3-PA,1385,0,3,2881,0,2884,G
3-PA,1386,1,6,2869,0,2876,G
3-PA,1387,3,0,2900,0,2903,G
3-PA,1388,0,2858,0,2,2860,T
3-PA,1389,2881,0,2,0,2883,A
3-PA,1390,0,2901,0,0,2901,T
3-PA,1391,2913,0,1,0,2914,A
3-PA,1392,0,2,0,3141,3143,C
3-PA,1393,3049,0,0,0,3049,A
3-PA,1394,0,2981,0,1,2982,T
3-PA,1395,0,2954,0,1,2955,T
3-PA,1396,2922,0,1,0,2923,A
3-PA,1397,2960,0,2,0,2962,A
3-PA,1398,0,1,0,2951,2952,C
3-PA,1399,2904,1,1,0,2906,A
3-PA,1400,1,1,0,2911,2913,C
3-PA,1401,0,2609,0,1,2610,T
3-PA,1402,0,0,2670,0,2670,G
3-PA,1403,1,0,0,2642,2643,C
3-PA,1404,5,1,0,2627,2633,C
3-PA,1405,1,0,0,2655,2656,C
3-PA,1406,1,2590,0,5,2596,T
3-PA,1407,0,1,2686,0,2687,G
3-PA,1408,0,0,0,2667,2667,C
3-PA,1409,1,2666,0,4,2671,T
3-PA,1410,9,2,0,2728,2739,C
3-PA,1411,2631,0,1,0,2632,A
3-PA,1412,2653,0,0,0,2653,A
3-PA,1413,0,2645,0,0,2645,T
3-PA,1414,2,2,2633,0,2637,G
3-PA,1415,0,0,0,2622,2622,C
3-PA,1416,2581,0,0,0,2581,A
3-PA,1417,0,2543,0,3,2546,T
3-PA,1418,4,0,1,2541,2546,C
3-PA,1419,2,2,1,2577,2582,C
3-PA,1420,0,2482,0,0,2482,T
3-PA,1421,1,1,2540,0,2542,G
3-PA,1422,0,2518,0,1,2519,T
3-PA,1423,1,2,2517,0,2520,G
3-PA,1424,4,1,0,2511,2516,C
3-PA,1425,2487,0,1,0,2488,A
3-PA,1426,1,0,2486,0,2487,G
3-PA,1427,3,0,0,2482,2485,C
3-PA,1428,2452,1,1,0,2454,A
3-PA,1429,2448,0,0,0,2448,A
3-PA,1430,0,2350,0,0,2350,T
3-PA,1431,2,8,2338,0,2348,G
3-PA,1432,0,20,2323,0,2343,G
3-PA,1433,2355,0,2,0,2357,A
3-PA,1434,1,0,0,2341,2342,C
3-PA,1435,0,18,2318,0,2336,G
3-PA,1436,2356,0,0,0,2356,A
3-PA,1437,0,2353,0,1,2354,T
3-PA,1438,0,2363,1,0,2364,T
3-PA,1439,0,2352,0,0,2352,T
3-PA,1440,0,2346,1,0,2347,T
3-PA,1441,13,1,0,2350,2364,C
3-PA,1442,2364,0,1,0,2365,A
3-PA,1443,2364,0,2,0,2366,A
3-PA,1444,1,1,0,2355,2357,C
3-PA,1445,0,2326,2,0,2328,T
3-PA,1446,2332,0,0,0,2332,A
3-PA,1447,2319,0,1,0,2320,A
3-PA,1448,0,2310,0,1,2311,T
3-PA,1449,0,2290,0,0,2290,T
3-PA,1450,12,0,1,2316,2329,C
3-PA,1451,6,0,0,2309,2315,C
3-PA,1452,5,0,0,2319,2324,C
3-PA,1453,2324,0,1,0,2325,A
3-PA,1454,0,2346,1,2,2349,T
3-PA,1455,1,10,2336,0,2347,G
3-PA,1456,2340,0,0,0,2340,A
3-PA,1457,0,2343,1,0,2344,T
3-PA,1458,2335,0,1,0,2336,A
3-PA,1459,2330,0,3,0,2333,A
3-PA,1460,0,3,2330,0,2333,G
3-PA,1461,2,1,0,2317,2320,C
3-PA,1462,2325,0,1,0,2326,A
3-PA,1463,2257,1,0,0,2258,A
3-PA,1464,1,1,2289,0,2291,G
3-PA,1465,0,2278,0,1,2279,T
3-PA,1466,2,2,2270,0,2274,G
3-PA,1467,1,1,0,2273,2275,C
3-PA,1468,2258,0,1,0,2259,A
3-PA,1469,0,10,2288,0,2298,G
3-PA,1470,2286,0,0,0,2286,A
3-PA,1471,2301,0,1,0,2302,A
3-PA,1472,0,0,0,2297,2297,C
3-PA,1473,0,2250,0,1,2251,T
3-PA,1474,2269,0,0,0,2269,A
3-PA,1475,2263,1,0,0,2264,A
3-PA,1476,2249,1,2,0,2252,A
3-PA,1477,0,3,2260,0,2263,G
3-PA,1478,2172,0,1,0,2173,A
3-PA,1479,0,4,2166,0,2170,G
3-PA,1480,1,0,2098,0,2099,G
3-PA,1481,0,3,2105,0,2108,G
3-PA,1482,2099,0,1,0,2100,A
3-PA,1483,2050,0,1,0,2051,A
3-PA,1484,0,2,2050,0,2052,G
3-PA,1485,0,4,2014,0,2018,G
3-PA,1486,2,2,0,2033,2037,C
3-PA,1487,1,3,2041,0,2045,G
3-PA,1488,2037,1,0,0,2038,A
3-PA,1489,2037,0,0,0,2037,A
3-PA,1490,2032,0,1,0,2033,A
3-PA,1491,2031,0,0,0,2031,A
3-PA,1492,2029,0,1,2,2032,A
3-PA,1493,0,0,0,2034,2034,C
3-PA,1494,11,0,0,2022,2033,C
3-PA,1495,2031,0,0,0,2031,A
3-PA,1496,2042,0,0,0,2042,A
3-PA,1497,0,2038,0,0,2038,T
3-PA,1498,0,2036,0,0,2036,T
3-PA,1499,0,2054,0,1,2055,T
3-PA,1500,2059,0,0,0,2059,A
3-PA,1501,0,2041,0,0,2041,T
3-PA,1502,2042,0,1,0,2043,A
3-PA,1503,0,2033,0,1,2034,T
3-PA,1504,0,7,2010,0,2017,G
3-PA,1505,1,9,1983,0,1993,G
3-PA,1506,1996,0,0,0,1996,A
3-PA,1507,0,1978,0,1,1979,T
3-PA,1508,0,1954,0,1,1955,T
3-PA,1509,10,0,1,1931,1942,C
3-PA,1510,1943,1,2,0,1946,A
3-PA,1511,0,1952,0,3,1955,T
3-PA,1512,5,0,0,1951,1956,C
3-PA,1513,1958,0,1,1,1960,A
3-PA,1514,0,1933,0,0,1933,T
3-PA,1515,1909,0,0,0,1909,A
3-PA,1516,1910,0,0,0,1910,A
3-PA,1517,1913,0,1,0,1914,A
3-PA,1518,0,0,1905,0,1905,G
3-PA,1519,0,5,1852,0,1857,G
3-PA,1520,0,4,1839,0,1843,G
3-PA,1521,1821,0,1,0,1822,A
3-PA,1522,1790,0,1,0,1791,A
3-PA,1523,0,1,1795,0,1796,G
3-PA,1524,1778,0,0,0,1778,A
3-PA,1525,0,1769,0,1,1770,T
3-PA,1526,3,0,0,1769,1772,C
3-PA,1527,0,1733,0,2,1735,T
3-PA,1528,6,0,0,1769,1775,C
3-PA,1529,1770,0,1,0,1771,A
3-PA,1530,0,1762,0,0,1762,T
3-PA,1531,0,1761,0,0,1761,T
3-PA,1532,0,1740,0,0,1740,T
3-PA,1533,1729,1,0,0,1730,A
3-PA,1534,1726,0,1,0,1727,A
3-PA,1535,1,3,1717,0,1721,G
3-PA,1536,0,8,1720,0,1728,G
3-PA,1537,1634,0,0,0,1634,A
3-PA,1538,1637,0,0,0,1637,A
3-PA,1539,0,1636,1,1,1638,T
3-PA,1540,1,7,1621,0,1629,G
3-PA,1541,1652,1,2,0,1655,A
3-PA,1542,0,0,0,1658,1658,C
3-PA,1543,1639,0,3,0,1642,A
3-PA,1544,2,0,0,1636,1638,C
3-PA,1545,1594,0,1,0,1595,A
3-PA,1546,1,3,1593,0,1597,G
3-PA,1547,1577,0,0,0,1577,A
3-PA,1548,0,1,1,1548,1550,C
3-PA,1549,0,0,1540,0,1540,G
3-PA,1550,0,1411,0,0,1411,T
3-PA,1551,1,7,1396,0,1404,G
3-PA,1552,0,0,1414,0,1414,G
3-PA,1553,0,1419,0,0,1419,T
3-PA,1554,1413,0,0,0,1413,A
3-PA,1555,1374,0,0,0,1374,A
3-PA,1556,1379,0,0,0,1379,A
3-PA,1557,0,1358,0,0,1358,T
3-PA,1558,0,1345,0,0,1345,T
3-PA,1559,0,1343,0,0,1343,T
3-PA,1560,0,1314,0,0,1314,T
3-PA,1561,0,1,1324,0,1325,G
3-PA,1562,0,1283,0,1,1284,T
3-PA,1563,0,9,1280,0,1289,G
3-PA,1564,1270,0,1,0,1271,A
3-PA,1565,0,0,1264,0,1264,G
3-PA,1566,0,0,0,1259,1259,C
3-PA,1567,1268,0,0,0,1268,A
3-PA,1568,0,1261,0,0,1261,T
3-PA,1569,0,2,1269,0,1271,G
3-PA,1570,1,2,1264,0,1267,G
3-PA,1571,1258,0,0,0,1258,A
3-PA,1572,0,1,1263,0,1264,G
3-PA,1573,0,1234,0,0,1234,T
3-PA,1574,0,1208,0,1,1209,T
3-PA,1575,0,1215,0,1,1216,T
3-PA,1576,0,1201,0,1,1202,T
3-PA,1577,1,0,0,1218,1219,C
3-PA,1578,0,1207,0,3,1210,T
3-PA,1579,5,0,0,1187,1192,C
3-PA,1580,0,1145,0,1,1146,T
3-PA,1581,6,0,0,1136,1142,C
3-PA,1582,1147,0,0,0,1147,A
3-PA,1583,0,0,0,1140,1140,C
3-PA,1584,0,1110,0,0,1110,T
3-PA,1585,0,2,1104,0,1106,G
3-PA,1586,1086,0,1,0,1087,A
3-PA,1587,0,0,0,1095,1095,C
3-PA,1588,3,0,0,1081,1084,C
3-PA,1589,1,0,0,1069,1070,C
3-PA,1590,1,2,1072,0,1075,G
3-PA,1591,1070,0,2,0,1072,A
3-PA,1592,0,4,1066,0,1070,G
3-PA,1593,1068,0,0,0,1068,A
3-PA,1594,0,0,0,1022,1022,C
3-PA,1595,0,1003,0,0,1003,T
3-PA,1596,0,940,0,0,940,T
3-PA,1597,0,2,942,0,944,G
3-PA,1598,930,0,0,0,930,A
3-PA,1599,0,0,929,0,929,G
3-PA,1600,0,0,0,918,918,C
3-PA,1601,1,0,0,883,884,C
3-PA,1602,875,0,1,1,877,A
3-PA,1603,0,1,0,873,874,C
3-PA,1604,868,0,1,0,869,A
3-PA,1605,0,873,0,0,873,T
3-PA,1606,860,0,0,0,860,A
3-PA,1607,854,0,0,0,854,A
3-PA,1608,856,0,0,0,856,A
3-PA,1609,0,835,0,0,835,T
3-PA,1610,0,0,838,0,838,G
3-PA,1611,0,1,740,0,741,G
3-PA,1612,0,1,732,0,733,G
3-PA,1613,713,0,0,0,713,A
3-PA,1614,1,2,708,0,711,G
3-PA,1615,685,0,0,0,685,A
3-PA,1616,680,0,0,0,680,A
3-PA,1617,672,0,1,0,673,A
3-PA,1618,0,663,0,0,663,T
3-PA,1619,641,0,0,0,641,A
3-PA,1620,1,0,0,645,646,C
3-PA,1621,0,353,0,0,353,T
3-PA,1622,0,0,354,0,354,G
3-PA,1623,0,193,0,0,193,T
3-PA,1624,0,0,194,0,194,G
3-PA,1625,0,175,0,0,175,T
3-PA,1626,0,0,0,88,88,C
3-PA,1627,0,0,0,77,77,C
3-PA,1628,0,68,0,0,68,T
3-PA,1629,0,67,0,0,67,T
3-PA,1630,0,1,67,0,68,G
3-PA,1631,66,0,0,0,66,A
3-PA,1632,0,0,69,0,69,G
3-PA,1633,61,0,0,0,61,A
3-PA,1634,0,60,0,0,60,T
3-PA,1635,61,0,0,0,61,A
3-PA,1636,0,0,61,0,61,G
3-PA,1637,0,0,62,0,62,G
3-PA,1638,61,0,0,0,61,A
3-PA,1639,0,0,64,0,64,G
3-PA,1640,62,0,0,0,62,A
3-PA,1641,0,63,0,0,63,T
3-PA,1642,66,0,0,0,66,A
3-PA,1643,0,66,0,0,66,T
3-PA,1644,0,0,64,0,64,G
3-PA,1645,0,61,0,0,61,T
3-PA,1646,0,62,0,0,62,T
3-PA,1647,60,0,0,0,60,A
3-PA,1648,0,0,0,61,61,C
3-PA,1649,0,60,0,0,60,T
3-PA,1650,59,0,0,0,59,A
3-PA,1651,59,0,0,0,59,A
3-PA,1652,0,0,62,0,62,G
3-PA,1653,59,0,0,0,59,A
3-PA,1654,60,0,0,0,60,A
3-PA,1655,0,0,61,0,61,G
3-PA,1656,0,58,0,0,58,T
3-PA,1657,0,0,61,0,61,G
3-PA,1658,0,0,0,62,62,C
3-PA,1659,0,0,0,63,63,C
3-PA,1660,63,0,0,0,63,A
3-PA,1661,0,63,0,0,63,T
3-PA,1662,63,0,0,0,63,A
3-PA,1663,0,0,63,0,63,G
3-PA,1664,0,0,62,0,62,G
3-PA,1665,0,0,0,62,62,C
3-PA,1666,0,0,0,60,60,C
3-PA,1667,61,0,0,0,61,A
3-PA,1668,61,0,0,0,61,A
3-PA,1669,62,0,0,0,62,A
3-PA,1670,0,65,0,0,65,T
3-PA,1671,0,64,0,0,64,T
3-PA,1672,0,63,0,0,63,T
3-PA,1673,0,0,0,63,63,C
3-PA,1674,65,0,0,0,65,A
3-PA,1675,65,0,0,0,65,A
3-PA,1676,0,0,67,0,67,G
3-PA,1677,0,0,61,0,61,G
3-PA,1678,0,0,0,64,64,C
3-PA,1679,0,0,0,64,64,C
3-PA,1680,0,0,61,0,61,G
3-PA,1681,58,0,0,0,58,A
3-PA,1682,0,62,0,0,62,T
3-PA,1683,0,0,64,0,64,G
3-PA,1684,0,64,0,0,64,T
3-PA,1685,0,62,0,0,62,T
3-PA,1686,0,0,0,62,62,C
3-PA,1687,0,62,0,0,62,T
3-PA,1688,0,63,0,0,63,T
3-PA,1689,0,0,65,0,65,G
3-PA,1690,0,64,0,0,64,T
3-PA,1691,65,0,0,0,65,A
3-PA,1692,0,64,0,0,64,T
3-PA,1693,0,0,65,0,65,G
3-PA,1694,0,62,0,0,62,T
3-PA,1695,0,0,63,0,63,G
3-PA,1696,62,0,0,0,62,A
3-PA,1697,0,0,62,0,62,G
3-PA,1698,0,0,61,0,61,G
3-PA,1699,61,0,0,0,61,A
3-PA,1700,0,0,0,61,61,C
3-PA,1701,61,0,0,0,61,A
3-PA,1702,62,0,0,0,62,A
3-PA,1703,61,0,0,0,61,A
3-PA,1704,0,0,0,63,63,C
3-PA,1705,0,0,63,0,63,G
3-PA,1706,0,0,64,0,64,G
3-PA,1707,64,0,1,0,65,A
3-PA,1708,64,0,0,0,64,A
3-PA,1709,0,0,0,65,65,C
3-PA,1710,65,0,0,0,65,A
3-PA,1711,0,67,0,0,67,T
3-PA,1712,0,0,0,66,66,C
3-PA,1713,66,0,0,0,66,A
3-PA,1714,66,0,0,0,66,A
3-PA,1715,66,0,0,0,66,A
3-PA,1716,0,0,67,0,67,G
3-PA,1717,0,0,64,0,64,G
3-PA,1718,0,65,0,0,65,T
3-PA,1719,0,0,0,66,66,C
3-PA,1720,66,0,0,0,66,A
3-PA,1721,65,0,0,0,65,A
3-PA,1722,66,0,0,0,66,A
3-PA,1723,66,0,0,0,66,A
3-PA,1724,0,67,0,0,67,T
3-PA,1725,0,0,67,0,67,G
3-PA,1726,66,0,0,0,66,A
3-PA,1727,66,0,0,0,66,A
3-PA,1728,66,0,0,0,66,A
3-PA,1729,1,65,0,0,66,T
3-PA,1730,0,0,68,0,68,G
3-PA,1731,0,0,68,0,68,G
3-PA,1732,0,0,66,0,66,G
3-PA,1733,0,0,68,0,68,G
3-PA,1734,68,0,0,0,68,A
3-PA,1735,68,0,0,0,68,A
3-PA,1736,0,69,0,0,69,T
3-PA,1737,0,0,68,0,68,G
3-PA,1738,0,0,70,0,70,G
3-PA,1739,68,0,0,0,68,A
3-PA,1740,0,0,68,0,68,G
3-PA,1741,68,0,0,0,68,A
3-PA,1742,0,66,0,0,66,T
3-PA,1743,0,0,68,0,68,G
3-PA,1744,66,0,1,0,67,A
3-PA,1745,0,0,64,0,64,G
3-PA,1746,64,0,0,0,64,A
3-PA,1747,0,0,0,64,64,C
3-PA,1748,0,0,63,0,63,G
3-PA,1749,0,65,0,0,65,T
3-PA,1750,0,63,0,0,63,T
3-PA,1751,0,0,66,0,66,G
3-PA,1752,0,0,0,64,64,C
3-PA,1753,0,0,0,66,66,C
3-PA,1754,0,65,0,0,65,T
3-PA,1755,0,0,0,65,65,C
3-PA,1756,0,0,0,65,65,C
3-PA,1757,0,63,0,0,63,T
3-PA,1758,0,63,0,0,63,T
3-PA,1759,0,0,0,64,64,C
3-PA,1760,64,0,0,0,64,A
3-PA,1761,0,0,65,0,65,G
3-PA,1762,0,64,0,0,64,T
3-PA,1763,0,0,0,64,64,C
3-PA,1764,62,0,0,0,62,A
3-PA,1765,0,0,0,63,63,C
3-PA,1766,0,64,0,0,64,T
3-PA,1767,0,64,0,0,64,T
3-PA,1768,0,0,0,66,66,C
3-PA,1769,66,0,0,0,66,A
3-PA,1770,0,0,66,0,66,G
3-PA,1771,0,0,0,66,66,C
3-PA,1772,64,0,0,0,64,A
3-PA,1773,0,0,66,0,66,G
3-PA,1774,64,0,1,0,65,A
3-PA,1775,0,63,0,0,63,T
3-PA,1776,0,0,0,62,62,C
3-PA,1777,0,0,65,0,65,G
3-PA,1778,64,0,0,0,64,A
3-PA,1779,0,1,63,0,64,G
3-PA,1780,65,0,0,0,65,A
3-PA,1781,0,0,64,0,64,G
3-PA,1782,0,0,0,64,64,C
3-PA,1783,65,0,0,0,65,A
3-PA,1784,0,65,0,0,65,T
3-PA,1785,0,0,64,0,64,G
3-PA,1786,67,0,0,0,67,A
3-PA,1787,0,66,0,0,66,T
3-PA,1788,0,65,0,0,65,T
3-PA,1789,0,0,66,0,66,G
3-PA,1790,64,0,0,0,64,A
3-PA,1791,64,0,0,0,64,A
3-PA,1792,0,0,65,0,65,G
3-PA,1793,0,0,0,65,65,C
3-PA,1794,0,0,0,64,64,C
3-PA,1795,0,0,62,0,62,G
3-PA,1796,61,0,0,0,61,A
3-PA,1797,0,1,61,0,62,G
3-PA,1798,0,63,0,0,63,T
3-PA,1799,0,0,0,62,62,C
3-PA,1800,0,0,0,63,63,C
3-PA,1801,0,62,0,0,62,T
3-PA,1802,0,0,0,63,63,C
3-PA,1803,0,0,62,0,62,G
3-PA,1804,0,0,64,0,64,G
3-PA,1805,0,64,0,0,64,T
3-PA,1806,0,64,0,0,64,T
3-PA,1807,64,0,0,0,64,A
3-PA,1808,63,0,0,0,63,A
3-PA,1809,64,0,0,0,64,A
3-PA,1810,0,0,65,0,65,G
3-PA,1811,62,0,0,0,62,A
3-PA,1812,0,0,64,0,64,G
3-PA,1813,62,0,0,0,62,A
3-PA,1814,59,0,0,0,59,A
3-PA,1815,62,0,0,0,62,A
3-PA,1816,0,0,62,0,62,G
3-PA,1817,62,0,0,0,62,A
3-PA,1818,0,0,0,62,62,C
3-PA,1819,61,0,0,0,61,A
3-PA,1820,0,57,0,1,58,T
3-PA,1821,0,0,60,0,60,G
3-PA,1822,59,0,0,0,59,A
3-PA,1823,0,0,0,60,60,C
3-PA,1824,0,0,0,59,59,C
3-PA,1825,60,0,0,0,60,A
3-PA,1826,59,0,0,0,59,A
3-PA,1827,59,0,0,0,59,A
3-PA,1828,0,2,58,0,60,G
3-PA,1829,60,0,0,0,60,A
3-PA,1830,0,0,61,0,61,G
3-PA,1831,0,60,0,0,60,T
3-PA,1832,0,61,0,0,61,T
3-PA,1833,0,60,0,0,60,T
3-PA,1834,0,60,0,0,60,T
3-PA,1835,0,60,0,0,60,T
3-PA,1836,0,61,0,0,61,T
3-PA,1837,0,0,61,0,61,G
3-PA,1838,60,0,0,0,60,A
3-PA,1839,0,0,61,0,61,G
3-PA,1840,61,0,0,0,61,A
3-PA,1841,61,0,0,0,61,A
3-PA,1842,0,61,0,0,61,T
3-PA,1843,61,0,0,0,61,A
3-PA,1844,61,0,0,0,61,A
3-PA,1845,0,0,61,0,61,G
3-PA,1846,0,61,0,0,61,T
3-PA,1847,0,0,0,61,61,C
3-PA,1848,62,0,0,0,62,A
3-PA,1849,0,0,62,0,62,G
3-PA,1850,62,0,0,0,62,A
3-PA,1851,62,0,0,0,62,A
3-PA,1852,0,0,62,0,62,G
3-PA,1853,0,0,0,59,59,C
3-PA,1854,59,0,0,0,59,A
3-PA,1855,0,60,0,0,60,T
3-PA,1856,0,0,60,0,60,G
3-PA,1857,0,0,59,0,59,G
3-PA,1858,0,0,0,58,58,C
3-PA,1859,0,0,0,60,60,C
3-PA,1860,0,0,0,60,60,C
3-PA,1861,62,0,0,0,62,A
3-PA,1862,0,62,0,0,62,T
3-PA,1863,0,63,0,0,63,T
3-PA,1864,0,0,62,0,62,G
3-PA,1865,0,0,61,0,61,G
3-PA,1866,0,0,62,0,62,G
3-PA,1867,0,0,62,0,62,G
3-PA,1868,57,0,0,0,57,A
3-PA,1869,0,0,61,0,61,G
3-PA,1870,0,60,0,0,60,T
3-PA,1871,0,0,0,60,60,C
3-PA,1872,1,0,0,59,60,C
3-PA,1873,0,0,0,60,60,C
3-PA,1874,0,0,0,62,62,C
3-PA,1875,0,0,0,64,64,C
3-PA,1876,65,0,0,0,65,A
3-PA,1877,65,0,0,0,65,A
3-PA,1878,0,2,63,0,65,G
3-PA,1879,0,0,65,0,65,G
3-PA,1880,0,0,64,0,64,G
3-PA,1881,59,0,0,0,59,A
3-PA,1882,0,0,59,0,59,G
3-PA,1883,0,59,0,0,59,T
3-PA,1884,0,0,62,0,62,G
3-PA,1885,0,0,62,0,62,G
3-PA,1886,63,0,0,0,63,A
3-PA,1887,61,0,0,0,61,A
3-PA,1888,0,0,61,0,61,G
3-PA,1889,62,0,0,0,62,A
3-PA,1890,62,0,0,0,62,A
3-PA,1891,0,0,61,0,61,G
3-PA,1892,0,0,59,0,59,G
3-PA,1893,0,59,0,0,59,T
3-PA,1894,0,58,0,0,58,T
3-PA,1895,0,0,0,60,60,C
3-PA,1896,0,0,0,58,58,C
3-PA,1897,58,0,0,0,58,A
3-PA,1898,0,60,0,0,60,T
3-PA,1899,0,61,0,0,61,T
3-PA,1900,0,0,60,0,60,G
3-PA,1901,0,0,59,0,59,G
3-PA,1902,0,1,58,0,59,G
3-PA,1903,60,0,0,0,60,A
3-PA,1904,60,0,0,0,60,A
3-PA,1905,59,0,0,0,59,A
3-PA,1906,0,0,60,0,60,G
3-PA,1907,0,59,0,0,59,T
3-PA,1908,0,0,0,61,61,C
3-PA,1909,0,60,0,0,60,T
3-PA,1910,0,0,60,0,60,G
3-PA,1911,0,60,0,0,60,T
3-PA,1912,60,0,0,0,60,A
3-PA,1913,0,0,59,0,59,G
3-PA,1914,0,0,60,0,60,G
3-PA,1915,58,0,0,0,58,A
3-PA,1916,0,0,0,60,60,C
3-PA,1917,0,57,0,0,57,T
3-PA,1918,0,0,0,57,57,C
3-PA,1919,0,58,0,0,58,T
3-PA,1920,58,0,0,0,58,A
3-PA,1921,0,56,0,0,56,T
3-PA,1922,0,58,0,0,58,T
3-PA,1923,0,0,58,0,58,G
3-PA,1924,0,0,59,0,59,G
3-PA,1925,0,0,0,59,59,C
3-PA,1926,0,57,0,0,57,T
3-PA,1927,50,0,0,0,50,A
3-PA,1928,52,0,0,0,52,A
3-PA,1929,0,0,51,0,51,G
3-PA,1930,0,52,0,0,52,T
3-PA,1931,0,0,0,53,53,C
3-PA,1932,50,0,0,0,50,A
3-PA,1933,0,0,50,0,50,G
3-PA,1934,0,50,0,1,51,T
3-PA,1935,51,0,0,0,51,A
3-PA,1936,0,50,0,0,50,T
3-PA,1937,0,50,0,0,50,T
3-PA,1938,0,0,0,52,52,C
3-PA,1939,51,0,0,0,51,A
3-PA,1940,51,0,0,0,51,A
3-PA,1941,0,50,0,0,50,T
3-PA,1942,48,0,0,0,48,A
3-PA,1943,0,0,48,0,48,G
3-PA,1944,0,0,0,47,47,C
3-PA,1945,0,0,0,47,47,C
3-PA,1946,0,46,0,0,46,T
3-PA,1947,0,0,47,0,47,G
3-PA,1948,0,46,0,0,46,T
3-PA,1949,47,0,0,0,47,A
3-PA,1950,0,47,0,0,47,T
3-PA,1951,0,0,45,0,45,G
3-PA,1952,0,0,0,44,44,C
3-PA,1953,42,0,0,0,42,A
3-PA,1954,0,42,0,0,42,T
3-PA,1955,0,0,0,41,41,C
3-PA,1956,41,0,0,0,41,A
3-PA,1957,0,0,0,41,41,C
3-PA,1958,0,0,0,40,40,C
3-PA,1959,41,0,0,0,41,A
3-PA,1960,0,0,0,41,41,C
3-PA,1961,40,0,0,0,40,A
3-PA,1962,40,0,0,0,40,A
3-PA,1963,0,39,0,0,39,T
3-PA,1964,0,40,0,0,40,T
3-PA,1965,0,0,37,0,37,G
3-PA,1966,0,0,38,0,38,G
3-PA,1967,37,0,0,0,37,A
3-PA,1968,38,0,0,0,38,A
3-PA,1969,0,0,36,0,36,G
3-PA,1970,0,0,36,0,36,G
3-PA,1971,36,0,0,0,36,A
3-PA,1972,0,37,0,0,37,T
3-PA,1973,0,36,0,0,36,T
3-PA,1974,0,35,0,0,35,T
3-PA,1975,0,36,0,0,36,T
3-PA,1976,0,0,0,37,37,C
3-PA,1977,37,0,0,0,37,A
3-PA,1978,0,0,36,0,36,G
3-PA,1979,0,0,0,37,37,C
3-PA,1980,0,0,35,0,35,G
3-PA,1981,0,0,36,0,36,G
3-PA,1982,35,0,0,0,35,A
3-PA,1983,0,0,38,0,38,G
3-PA,1984,0,38,0,0,38,T
3-PA,1985,1,0,0,38,39,C
3-PA,1986,37,0,1,0,38,A
3-PA,1987,39,0,0,0,39,A
3-PA,1988,0,0,38,0,38,G
3-PA,1989,39,0,0,0,39,A
3-PA,1990,38,0,0,0,38,A
3-PA,1991,39,0,0,0,39,A
3-PA,1992,38,0,0,0,38,A
3-PA,1993,0,0,0,38,38,C
3-PA,1994,0,37,0,0,37,T
3-PA,1995,0,0,36,0,36,G
3-PA,1996,0,0,0,36,36,C
3-PA,1997,0,37,0,0,37,T
3-PA,1998,0,0,0,37,37,C
3-PA,1999,0,0,0,37,37,C
3-PA,2000,0,37,0,0,37,T
3-PA,2001,0,35,0,0,35,T
3-PA,2002,1,0,35,0,36,G
3-PA,2003,0,37,0,0,37,T
3-PA,2004,0,37,0,0,37,T
3-PA,2005,0,0,36,0,36,G
3-PA,2006,0,37,0,0,37,T
3-PA,2007,0,34,0,0,34,T
3-PA,2008,0,0,0,36,36,C
3-PA,2009,34,0,0,0,34,A
3-PA,2010,0,0,32,0,32,G
3-PA,2011,0,0,32,0,32,G
3-PA,2012,0,0,0,34,34,C
3-PA,2013,0,35,0,0,35,T
3-PA,2014,0,0,0,35,35,C
3-PA,2015,0,35,0,0,35,T
3-PA,2016,0,35,0,0,35,T
3-PA,2017,33,0,0,0,33,A
3-PA,2018,0,0,36,0,36,G
3-PA,2019,0,0,34,0,34,G
3-PA,2020,0,0,34,0,34,G
3-PA,2021,32,0,0,0,32,A
3-PA,2022,0,0,0,32,32,C
3-PA,2023,29,0,0,0,29,A
3-PA,2024,30,0,0,0,30,A
3-PA,2025,0,0,0,31,31,C
3-PA,2026,0,0,0,30,30,C
3-PA,2027,0,29,0,0,29,T
3-PA,2028,1,0,0,29,30,C
3-PA,2029,0,0,30,0,30,G
3-PA,2030,29,0,0,0,29,A
3-PA,2031,27,0,0,0,27,A
3-PA,2032,0,0,0,28,28,C
3-PA,2033,0,0,0,30,30,C
3-PA,2034,0,27,0,0,27,T
3-PA,2035,0,0,28,0,28,G
3-PA,2036,0,0,28,0,28,G
3-PA,2037,0,0,27,0,27,G
3-PA,2038,26,0,0,0,26,A
3-PA,2039,0,0,0,28,28,C
3-PA,2040,0,0,0,26,26,C
3-PA,2041,0,26,0,0,26,T
3-PA,2042,0,25,0,0,25,T
3-PA,2043,0,25,0,0,25,T
3-PA,2044,0,0,24,0,24,G
3-PA,2045,24,0,0,0,24,A
3-PA,2046,0,23,0,0,23,T
3-PA,2047,0,0,0,26,26,C
3-PA,2048,0,26,0,0,26,T
3-PA,2049,0,25,0,0,25,T
3-PA,2050,0,0,26,0,26,G
3-PA,2051,0,0,26,0,26,G
3-PA,2052,0,0,25,0,25,G
3-PA,2053,0,0,23,0,23,G
3-PA,2054,0,0,25,0,25,G
3-PA,2055,0,0,25,0,25,G
3-PA,2056,0,0,0,24,24,C
3-PA,2057,0,26,0,0,26,T
3-PA,2058,26,0,0,0,26,A
3-PA,2059,0,26,0,0,26,T
3-PA,2060,25,0,0,0,25,A
3-PA,2061,0,26,0,0,26,T
3-PA,2062,0,0,26,0,26,G
3-PA,2063,24,0,0,0,24,A
3-PA,2064,25,0,0,0,25,A
3-PA,2065,0,0,26,0,26,G
3-PA,2066,0,0,0,27,27,C
3-PA,2067,26,0,0,0,26,A
3-PA,2068,26,0,0,0,26,A
3-PA,2069,0,26,0,0,26,T
3-PA,2070,0,26,0,0,26,T
3-PA,2071,0,0,26,0,26,G
3-PA,2072,25,0,0,0,25,A
3-PA,2073,0,0,26,0,26,G
3-PA,2074,0,0,25,0,25,G
3-PA,2075,23,0,0,0,23,A
3-PA,2076,0,0,23,0,23,G
3-PA,2077,0,20,0,0,20,T
3-PA,2078,0,0,19,0,19,G
3-PA,2079,0,0,0,19,19,C
3-PA,2080,0,0,0,19,19,C
3-PA,2081,0,17,0,0,17,T
3-PA,2082,0,0,19,0,19,G
3-PA,2083,19,0,0,0,19,A
3-PA,2084,0,20,0,0,20,T
3-PA,2085,0,18,0,0,18,T
3-PA,2086,18,0,0,0,18,A
3-PA,2087,19,0,0,0,19,A
3-PA,2088,0,19,0,0,19,T
3-PA,2089,0,0,19,0,19,G
3-PA,2090,19,0,0,0,19,A
3-PA,2091,0,17,0,0,17,T
3-PA,2092,0,0,0,17,17,C
3-PA,2093,0,0,0,15,15,C
3-PA,2094,0,0,0,16,16,C
3-PA,2095,0,16,0,0,16,T
3-PA,2096,0,0,16,0,16,G
3-PA,2097,0,0,16,0,16,G
3-PA,2098,0,0,16,0,16,G
3-PA,2099,0,17,0,0,17,T
3-PA,2100,0,17,0,0,17,T
3-PA,2101,0,17,0,0,17,T
3-PA,2102,0,17,0,0,17,T
3-PA,2103,0,0,17,0,17,G
3-PA,2104,0,0,0,17,17,C
3-PA,2105,0,17,0,0,17,T
3-PA,2106,0,0,0,17,17,C
3-PA,2107,17,0,0,0,17,A
3-PA,2108,17,0,0,0,17,A
3-PA,2109,0,16,0,0,16,T
3-PA,2110,0,0,17,0,17,G
3-PA,2111,0,0,0,16,16,C
3-PA,2112,0,0,17,0,17,G
3-PA,2113,0,17,0,0,17,T
3-PA,2114,0,0,0,16,16,C
3-PA,2115,0,17,0,0,17,T
3-PA,2116,0,17,0,0,17,T
3-PA,2117,0,0,17,0,17,G
3-PA,2118,0,0,17,0,17,G
3-PA,2119,0,17,0,0,17,T
3-PA,2120,0,15,0,0,15,T
3-PA,2121,0,0,0,16,16,C
3-PA,2122,15,0,0,0,15,A
3-PA,2123,16,0,0,0,16,A
3-PA,2124,0,0,0,16,16,C
3-PA,2125,0,16,0,0,16,T
3-PA,2126,1,0,0,15,16,C
3-PA,2127,0,0,0,16,16,C
3-PA,2128,0,15,0,0,15,T
3-PA,2129,0,15,0,0,15,T
3-PA,2130,0,0,0,16,16,C
3-PA,2131,0,0,0,16,16,C
3-PA,2132,0,15,0,0,15,T
3-PA,2133,0,0,14,0,14,G
3-PA,2134,12,0,0,0,12,A
3-PA,2135,0,0,0,12,12,C
3-PA,2136,11,0,0,0,11,A
3-PA,2137,0,0,0,11,11,C
3-PA,2138,11,0,0,0,11,A
3-PA,2139,0,10,0,0,10,T
3-PA,2140,0,0,10,0,10,G
3-PA,2141,0,0,0,11,11,C
3-PA,2142,11,0,0,0,11,A
3-PA,2143,0,11,0,0,11,T
3-PA,2144,0,11,0,0,11,T
3-PA,2145,11,0,0,0,11,A
3-PA,2146,11,0,0,0,11,A
3-PA,2147,10,0,0,0,10,A
3-PA,2148,11,0,0,0,11,A
3-PA,2149,0,11,0,0,11,T
3-PA,2150,9,0,0,0,9,A
3-PA,2151,0,0,9,0,9,G
4-HA,1,61,0,0,0,61,A
4-HA,2,0,62,0,0,62,T
4-HA,3,0,0,60,0,60,G
4-HA,4,62,0,0,0,62,A
4-HA,5,64,0,0,0,64,A
4-HA,6,0,0,71,0,71,G
4-HA,7,72,0,0,0,72,A
4-HA,8,0,0,0,78,78,C
4-HA,9,0,79,0,0,79,T
4-HA,10,84,0,0,0,84,A
4-HA,11,0,87,0,0,87,T
4-HA,12,0,0,0,87,87,C
4-HA,13,88,0,0,0,88,A
4-HA,14,0,88,0,0,88,T
4-HA,15,0,87,0,0,87,T
4-HA,16,0,0,91,0,91,G
4-HA,17,0,0,0,93,93,C
4-HA,18,0,93,0,0,93,T
4-HA,19,0,94,0,0,94,T
4-HA,20,0,93,0,0,93,T
4-HA,21,0,0,95,0,95,G
4-HA,22,94,0,0,0,94,A
4-HA,23,0,0,99,0,99,G
4-HA,24,0,0,0,101,101,C
4-HA,25,0,101,0,0,101,T
4-HA,26,109,0,0,0,109,A
4-HA,27,0,0,0,113,113,C
4-HA,28,114,0,0,0,114,A
4-HA,29,0,125,0,0,125,T
4-HA,30,0,125,0,0,125,T
4-HA,31,0,0,0,129,129,C
4-HA,32,0,128,0,0,128,T
4-HA,33,128,0,0,0,128,A
4-HA,34,0,127,0,0,127,T
4-HA,35,0,0,129,0,129,G
4-HA,36,0,128,0,0,128,T
4-HA,37,0,0,0,127,127,C
4-HA,38,0,127,0,0,127,T
4-HA,39,0,0,126,0,126,G
4-HA,40,0,0,126,0,126,G
4-HA,41,0,125,0,0,125,T
4-HA,42,0,125,0,0,125,T
4-HA,43,0,129,0,0,129,T
4-HA,44,0,126,0,0,126,T
4-HA,45,1,0,0,127,128,C
4-HA,46,0,0,124,0,124,G
4-HA,47,1,0,0,132,133,C
4-HA,48,0,130,0,0,130,T
4-HA,49,1,0,0,130,131,C
4-HA,50,132,0,0,0,132,A
4-HA,51,129,0,0,0,129,A
4-HA,52,129,0,0,0,129,A
4-HA,53,128,0,0,0,128,A
4-HA,54,131,0,0,0,131,A
4-HA,55,0,0,0,132,132,C
4-HA,56,0,131,0,0,131,T
4-HA,57,0,132,0,0,132,T
4-HA,58,1,0,0,131,132,C
4-HA,59,0,0,0,134,134,C
4-HA,60,0,131,0,0,131,T
4-HA,61,0,1,136,0,137,G
4-HA,62,0,1,132,0,133,G
4-HA,63,138,0,0,0,138,A
4-HA,64,144,0,0,0,144,A
4-HA,65,142,0,0,0,142,A
4-HA,66,0,145,0,0,145,T
4-HA,67,0,0,147,0,147,G
4-HA,68,146,0,0,0,146,A
4-HA,69,0,0,0,150,150,C
4-HA,70,152,0,0,0,152,A
4-HA,71,151,0,0,0,151,A
4-HA,72,0,0,0,149,149,C
4-HA,73,149,0,0,0,149,A
4-HA,74,0,0,150,0,150,G
4-HA,75,0,0,0,149,149,C
4-HA,76,147,0,0,0,147,A
4-HA,77,0,1,0,152,153,C
4-HA,78,0,1,153,0,154,G
4-HA,79,0,0,151,0,151,G
4-HA,80,0,0,0,156,156,C
4-HA,81,156,0,0,0,156,A
4-HA,82,159,0,0,0,159,A
4-HA,83,0,0,0,158,158,C
4-HA,84,0,0,159,0,159,G
4-HA,85,0,0,0,160,160,C
4-HA,86,0,157,0,0,157,T
4-HA,87,0,0,158,0,158,G
4-HA,88,0,156,0,0,156,T
4-HA,89,0,0,157,0,157,G
4-HA,90,0,0,0,160,160,C
4-HA,91,0,0,0,165,165,C
4-HA,92,0,165,0,0,165,T
4-HA,93,0,163,0,0,163,T
4-HA,94,0,0,161,0,161,G
4-HA,95,0,0,161,0,161,G
4-HA,96,0,0,165,0,165,G
4-HA,97,0,0,0,169,169,C
4-HA,98,169,0,1,0,170,A
4-HA,99,1,0,0,174,175,C
4-HA,100,0,0,0,171,171,C
4-HA,101,184,0,0,0,184,A
4-HA,102,0,184,0,0,184,T
4-HA,103,0,0,184,0,184,G
4-HA,104,0,0,0,187,187,C
4-HA,105,184,0,0,0,184,A
4-HA,106,0,0,196,0,196,G
4-HA,107,0,192,0,0,192,T
4-HA,108,196,0,0,0,196,A
4-HA,109,0,0,0,192,192,C
4-HA,110,0,0,0,188,188,C
4-HA,111,194,0,0,0,194,A
4-HA,112,191,0,1,0,192,A
4-HA,113,194,0,0,0,194,A
4-HA,114,0,2,0,191,193,C
4-HA,115,0,0,185,0,185,G
4-HA,116,0,0,188,0,188,G
4-HA,117,189,0,0,0,189,A
4-HA,118,193,0,0,0,193,A
4-HA,119,0,0,0,193,193,C
4-HA,120,191,0,0,0,191,A
4-HA,121,194,0,0,0,194,A
4-HA,122,0,194,0,0,194,T
4-HA,123,196,0,0,0,196,A
4-HA,124,0,0,198,0,198,G
4-HA,125,0,189,0,0,189,T
4-HA,126,0,1,192,0,193,G
4-HA,127,191,0,0,0,191,A
4-HA,128,196,0,0,0,196,A
4-HA,129,194,0,0,0,194,A
4-HA,130,195,0,0,0,195,A
4-HA,131,0,0,0,198,198,C
4-HA,132,194,0,0,0,194,A
4-HA,133,197,0,0,0,197,A
4-HA,134,0,197,0,0,197,T
4-HA,135,0,0,0,196,196,C
4-HA,136,196,0,0,0,196,A
4-HA,137,0,0,0,199,199,C
4-HA,138,0,0,200,0,200,G
4-HA,139,199,0,0,0,199,A
4-HA,140,1,0,194,0,195,G
4-HA,141,0,195,0,0,195,T
4-HA,142,0,2,194,0,196,G
4-HA,143,198,0,0,0,198,A
4-HA,144,0,0,0,201,201,C
4-HA,145,1,0,0,200,201,C
4-HA,146,203,0,0,0,203,A
4-HA,147,204,0,0,0,204,A
4-HA,148,206,0,0,0,206,A
4-HA,149,0,205,0,1,206,T
4-HA,150,0,205,0,0,205,T
4-HA,151,0,0,204,0,204,G
4-HA,152,203,0,0,0,203,A
4-HA,153,207,0,0,0,207,A
4-HA,154,0,0,207,0,207,G
4-HA,155,0,207,0,0,207,T
4-HA,156,0,209,0,0,209,T
4-HA,157,212,0,0,0,212,A
4-HA,158,0,0,0,210,210,C
4-HA,159,0,213,0,0,213,T
4-HA,160,215,0,0,0,215,A
4-HA,161,218,0,0,0,218,A
4-HA,162,0,218,0,0,218,T
4-HA,163,0,0,220,0,220,G
4-HA,164,1,0,0,232,233,C
4-HA,165,0,230,0,0,230,T
4-HA,166,232,0,0,0,232,A
4-HA,167,0,0,0,230,230,C
4-HA,168,0,233,0,0,233,T
4-HA,169,0,0,232,0,232,G
4-HA,170,232,0,1,0,233,A
4-HA,171,0,0,232,0,232,G
4-HA,172,0,0,0,232,232,C
4-HA,173,0,227,0,0,227,T
4-HA,174,0,0,229,0,229,G
4-HA,175,0,0,232,0,232,G
4-HA,176,0,230,0,0,230,T
4-HA,177,0,233,0,0,233,T
4-HA,178,1,0,0,230,231,C
4-HA,179,228,0,1,0,229,A
4-HA,180,0,0,227,1,228,G
4-HA,181,230,0,0,0,230,A
4-HA,182,0,0,238,0,238,G
4-HA,183,0,240,0,0,240,T
4-HA,184,0,238,0,0,238,T
4-HA,185,1,0,0,235,236,C
4-HA,186,0,0,0,241,241,C
4-HA,187,0,238,0,0,238,T
4-HA,188,2,0,0,238,240,C
4-HA,189,241,0,0,0,241,A
4-HA,190,239,0,0,0,239,A
4-HA,191,1,0,0,243,244,C
4-HA,192,240,0,1,0,241,A
4-HA,193,0,0,243,0,243,G
4-HA,194,0,0,240,0,240,G
4-HA,195,0,235,0,0,235,T
4-HA,196,0,0,246,0,246,G
4-HA,197,244,0,0,0,244,A
4-HA,198,243,0,0,0,243,A
4-HA,199,252,0,0,0,252,A
4-HA,200,0,248,0,0,248,T
4-HA,201,250,0,0,0,250,A
4-HA,202,0,252,0,0,252,T
4-HA,203,0,0,248,0,248,G
4-HA,204,1,0,0,251,252,C
4-HA,205,0,1,249,0,250,G
4-HA,206,253,0,0,0,253,A
4-HA,207,0,0,0,252,252,C
4-HA,208,249,0,0,0,249,A
4-HA,209,0,0,260,0,260,G
4-HA,210,0,256,0,1,257,T
4-HA,211,0,0,0,261,261,C
4-HA,212,0,0,0,260,260,C
4-HA,213,0,260,0,0,260,T
4-HA,214,0,1,0,260,261,C
4-HA,215,261,0,0,0,261,A
4-HA,216,0,259,0,0,259,T
4-HA,217,0,0,0,262,262,C
4-HA,218,249,0,0,0,249,A
4-HA,219,0,1,253,0,254,G
4-HA,220,246,0,0,0,246,A
4-HA,221,0,249,0,0,249,T
4-HA,222,1,0,0,252,253,C
4-HA,223,1,0,0,248,249,C
4-HA,224,0,252,0,0,252,T
4-HA,225,0,253,0,0,253,T
4-HA,226,1,1,251,0,253,G
4-HA,227,249,0,0,0,249,A
4-HA,228,0,252,0,0,252,T
4-HA,229,0,1,256,0,257,G
4-HA,230,0,0,254,0,254,G
4-HA,231,254,0,0,0,254,A
4-HA,232,0,0,255,0,255,G
4-HA,233,254,0,0,0,254,A
4-HA,234,1,0,250,0,251,G
4-HA,235,256,0,0,0,256,A
4-HA,236,257,0,0,0,257,A
4-HA,237,0,1,0,258,259,C
4-HA,238,0,255,0,1,256,T
4-HA,239,0,0,254,0,254,G
4-HA,240,1,0,0,252,253,C
4-HA,241,254,0,0,0,254,A
4-HA,242,0,0,0,261,261,C
4-HA,243,259,0,0,0,259,A
4-HA,244,0,0,0,300,300,C
4-HA,245,0,301,0,0,301,T
4-HA,246,305,0,0,0,305,A
4-HA,247,306,0,0,0,306,A
4-HA,248,0,303,0,1,304,T
4-HA,249,306,0,0,0,306,A
4-HA,250,0,2,302,0,304,G
4-HA,251,296,0,0,0,296,A
4-HA,252,0,291,0,0,291,T
4-HA,253,0,0,284,0,284,G
4-HA,254,0,0,0,283,283,C
4-HA,255,0,283,0,0,283,T
4-HA,256,0,0,0,297,297,C
4-HA,257,0,299,0,0,299,T
4-HA,258,309,0,0,0,309,A
4-HA,259,0,310,0,0,310,T
4-HA,260,0,310,0,0,310,T
4-HA,261,0,0,324,0,324,G
4-HA,262,0,0,323,0,323,G
4-HA,263,0,0,323,0,323,G
4-HA,264,321,1,0,1,323,A
4-HA,265,0,1,323,0,324,G
4-HA,266,318,0,1,0,319,A
4-HA,267,0,0,0,432,432,C
4-HA,268,0,0,0,466,466,C
4-HA,269,0,0,0,488,488,C
4-HA,270,0,488,0,0,488,T
4-HA,271,1,0,0,514,515,C
4-HA,272,522,0,0,0,522,A
4-HA,273,298,0,276,0,574,A
4-HA,274,0,579,0,0,579,T
4-HA,275,0,2,591,0,593,G
4-HA,276,0,590,0,1,591,T
4-HA,277,0,1,589,0,590,G
4-HA,278,590,2,0,0,592,A
4-HA,279,0,587,0,0,587,T
4-HA,280,0,4,577,0,581,G
4-HA,281,0,0,577,0,577,G
4-HA,282,0,0,0,588,588,C
4-HA,283,0,592,0,0,592,T
4-HA,284,0,590,0,0,590,T
4-HA,285,0,0,0,598,598,C
4-HA,286,1,1,0,594,596,C
4-HA,287,599,0,0,0,599,A
4-HA,288,602,0,0,0,602,A
4-HA,289,602,0,0,0,602,A
4-HA,290,606,0,0,0,606,A
4-HA,291,0,609,0,0,609,T
4-HA,292,608,0,1,0,609,A
4-HA,293,606,0,0,0,606,A
4-HA,294,1,2,612,0,615,G
4-HA,295,622,0,0,0,622,A
4-HA,296,623,0,1,0,624,A
4-HA,297,618,0,0,0,618,A
4-HA,298,0,630,0,0,630,T
4-HA,299,0,0,623,0,623,G
4-HA,300,0,1,620,0,621,G
4-HA,301,0,0,613,0,613,G
4-HA,302,613,0,0,0,613,A
4-HA,303,1,1,0,627,629,C
4-HA,304,2,0,0,630,632,C
4-HA,305,0,651,0,0,651,T
4-HA,306,0,654,0,0,654,T
4-HA,307,0,653,0,0,653,T
4-HA,308,0,658,0,0,658,T
4-HA,309,0,659,0,0,659,T
4-HA,310,0,0,667,0,667,G
4-HA,311,0,664,0,1,665,T
4-HA,312,0,662,0,0,662,T
4-HA,313,0,4,661,0,665,G
4-HA,314,659,0,0,0,659,A
4-HA,315,666,0,0,0,666,A
4-HA,316,1,0,0,667,668,C
4-HA,317,0,0,662,0,662,G
4-HA,318,0,0,0,692,692,C
4-HA,319,686,0,1,0,687,A
4-HA,320,0,0,693,0,693,G
4-HA,321,0,0,0,700,700,C
4-HA,322,698,0,0,0,698,A
4-HA,323,701,0,0,0,701,A
4-HA,324,703,0,1,0,704,A
4-HA,325,0,1,748,0,749,G
4-HA,326,1,0,0,745,746,C
4-HA,327,0,0,0,753,753,C
4-HA,328,0,757,0,0,757,T
4-HA,329,757,0,0,0,757,A
4-HA,330,1,0,0,770,771,C
4-HA,331,769,0,0,0,769,A
4-HA,332,0,1,771,0,772,G
4-HA,333,1,0,0,774,775,C
4-HA,334,759,0,1,1,761,A
4-HA,335,771,0,0,0,771,A
4-HA,336,0,1,0,829,830,C
4-HA,337,0,828,0,0,828,T
4-HA,338,0,0,838,0,838,G
4-HA,339,0,828,0,0,828,T
4-HA,340,0,831,0,0,831,T
4-HA,341,832,0,0,0,832,A
4-HA,342,0,1,0,910,911,C
4-HA,343,2,0,0,917,919,C
4-HA,344,5,0,0,959,964,C
4-HA,345,0,946,0,2,948,T
4-HA,346,0,951,0,1,952,T
4-HA,347,957,0,1,0,958,A
4-HA,348,0,952,0,5,957,T
4-HA,349,0,3,947,0,950,G
4-HA,350,943,0,2,0,945,A
4-HA,351,0,907,0,0,907,T
4-HA,352,0,0,934,0,934,G
4-HA,353,0,916,0,1,917,T
4-HA,354,1,1,921,0,923,G
4-HA,355,1,0,0,922,923,C
4-HA,356,0,0,0,926,926,C
4-HA,357,0,0,959,0,959,G
4-HA,358,0,5,962,0,967,G
4-HA,359,968,0,0,0,968,A
4-HA,360,0,971,0,0,971,T
4-HA,361,0,966,0,0,966,T
4-HA,362,968,0,0,0,968,A
4-HA,363,1,970,0,1,972,T
4-HA,364,0,1,963,0,964,G
4-HA,365,1,1,0,975,977,C
4-HA,366,4,0,0,966,970,C
4-HA,367,1,979,1,0,981,T
4-HA,368,1,0,0,1060,1061,C
4-HA,369,0,0,0,1072,1072,C
4-HA,370,2,0,0,1075,1077,C
4-HA,371,0,1063,0,0,1063,T
4-HA,372,0,1072,0,0,1072,T
4-HA,373,1074,0,0,0,1074,A
4-HA,374,0,0,1096,0,1096,G
4-HA,375,0,3,1096,0,1099,G
4-HA,376,1,1095,0,1,1097,T
4-HA,377,5,0,0,1092,1097,C
4-HA,378,1084,0,0,0,1084,A
4-HA,379,1,0,0,1120,1121,C
4-HA,380,0,1125,0,0,1125,T
4-HA,381,1124,1,0,0,1125,A
4-HA,382,0,0,1122,0,1122,G
4-HA,383,0,1107,0,0,1107,T
4-HA,384,0,1113,0,0,1113,T
4-HA,385,0,3,1123,0,1126,G
4-HA,386,1,0,0,1125,1126,C
4-HA,387,0,0,1,1125,1126,C
4-HA,388,0,1125,0,0,1125,T
4-HA,389,3,0,0,1142,1145,C
4-HA,390,1170,0,0,0,1170,A
4-HA,391,0,1179,0,1,1180,T
4-HA,392,0,0,0,1182,1182,C
4-HA,393,0,1,1,1181,1183,C
4-HA,394,0,3,1169,0,1172,G
4-HA,395,0,0,1180,0,1180,G
4-HA,396,2,0,0,1183,1185,C
4-HA,397,1192,0,0,0,1192,A
4-HA,398,1,0,0,1217,1218,C
4-HA,399,1197,0,7,0,1204,A
4-HA,400,1,1,0,1207,1209,C
4-HA,401,0,1211,0,1,1212,T
4-HA,402,1,1,1215,0,1217,G
4-HA,403,0,1,1226,0,1227,G
4-HA,404,1227,0,1,0,1228,A
4-HA,405,0,1,1267,0,1268,G
4-HA,406,0,1254,0,1,1255,T
4-HA,407,0,1248,0,0,1248,T
4-HA,408,0,1241,0,26,1267,T
4-HA,409,1253,0,1,0,1254,A
4-HA,410,1259,0,0,0,1259,A
4-HA,411,0,0,0,1262,1262,C
4-HA,412,1248,0,0,0,1248,A
4-HA,413,1228,0,1,0,1229,A
4-HA,414,1225,1,1,0,1227,A
4-HA,415,0,3,1236,0,1239,G
4-HA,416,1236,0,0,0,1236,A
4-HA,417,1234,0,1,0,1235,A
4-HA,418,1239,0,1,0,1240,A
4-HA,419,5,1,1240,0,1246,G
4-HA,420,2,0,0,1259,1261,C
4-HA,421,0,1256,0,1,1257,T
4-HA,422,0,1262,0,0,1262,T
4-HA,423,3,0,0,1275,1278,C
4-HA,424,1282,0,0,0,1282,A
4-HA,425,1287,0,0,0,1287,A
4-HA,426,0,1287,0,1,1288,T
4-HA,427,0,1277,0,0,1277,T
4-HA,428,0,3,1315,0,1318,G
4-HA,429,0,4,1319,0,1323,G
4-HA,430,1313,0,0,0,1313,A
4-HA,431,0,0,0,1327,1327,C
4-HA,432,0,1327,0,0,1327,T
4-HA,433,0,1,1334,0,1335,G
4-HA,434,0,1,1330,0,1331,G
4-HA,435,1314,0,1,0,1315,A
4-HA,436,1,4,1329,0,1334,G
4-HA,437,0,1312,0,0,1312,T
4-HA,438,6,0,0,1298,1304,C
4-HA,439,1323,0,0,0,1323,A
4-HA,440,0,0,0,1327,1327,C
4-HA,441,1,1316,0,4,1321,T
4-HA,442,4,0,0,1322,1326,C
4-HA,443,1313,1,0,0,1314,A
4-HA,444,1334,0,0,0,1334,A
4-HA,445,1326,0,0,0,1326,A
4-HA,446,1331,0,0,0,1331,A
4-HA,447,0,0,0,1336,1336,C
4-HA,448,0,1,1323,0,1324,G
4-HA,449,0,8,1318,0,1326,G
4-HA,450,1319,0,2,0,1321,A
4-HA,451,1331,0,1,0,1332,A
4-HA,452,0,1,0,1340,1341,C
4-HA,453,1344,0,0,0,1344,A
4-HA,454,1352,0,1,0,1353,A
4-HA,455,0,1,1351,0,1352,G
4-HA,456,1,0,0,1357,1358,C
4-HA,457,0,1341,0,0,1341,T
4-HA,458,1,0,0,1356,1357,C
4-HA,459,0,1350,0,0,1350,T
4-HA,460,1,1,1348,0,1350,G
4-HA,461,0,0,0,1360,1360,C
4-HA,462,0,1356,0,1,1357,T
4-HA,463,0,1408,0,0,1408,T
4-HA,464,0,1,1421,0,1422,G
4-HA,465,1,2,0,1431,1434,C
4-HA,466,1440,0,0,0,1440,A
4-HA,467,1,1434,0,0,1435,T
4-HA,468,1438,1,0,0,1439,A
4-HA,469,1427,0,1,0,1428,A
4-HA,470,0,2,1427,0,1429,G
4-HA,471,0,2,1422,0,1424,G
4-HA,472,1393,0,1,0,1394,A
4-HA,473,0,3,1399,0,1402,G
4-HA,474,1384,1,1,1,1387,A
4-HA,475,0,1449,0,0,1449,T
4-HA,476,4,0,0,1463,1467,C
4-HA,477,0,1472,0,0,1472,T
4-HA,478,1470,0,0,1,1471,A
4-HA,479,1475,0,0,0,1475,A
4-HA,480,0,1476,0,0,1476,T
4-HA,481,1478,0,0,1,1479,A
4-HA,482,1466,0,0,1,1467,A
4-HA,483,1,1,0,1470,1472,C
4-HA,484,1419,0,0,0,1419,A
4-HA,485,1,0,1429,0,1430,G
4-HA,486,0,1404,0,0,1404,T
4-HA,487,0,1426,0,0,1426,T
4-HA,488,0,1434,0,0,1434,T
4-HA,489,0,0,0,1453,1453,C
4-HA,490,0,1458,0,0,1458,T
4-HA,491,0,1469,0,0,1469,T
4-HA,492,0,1465,0,0,1465,T
4-HA,493,1465,0,0,1,1466,A
4-HA,494,1,1,1463,0,1465,G
4-HA,495,0,1449,0,0,1449,T
4-HA,496,1450,0,0,1,1451,A
4-HA,497,1,2,1444,1,1448,G
4-HA,498,1426,0,1,1,1428,A
4-HA,499,0,1434,0,0,1434,T
4-HA,500,0,1427,0,1,1428,T
4-HA,501,0,4,1447,0,1451,G
4-HA,502,1446,0,0,0,1446,A
4-HA,503,1444,0,1,0,1445,A
4-HA,504,0,1450,0,0,1450,T
4-HA,505,0,1437,1,0,1438,T
4-HA,506,0,5,1448,0,1453,G
4-HA,507,0,0,1446,0,1446,G
4-HA,508,1,1449,0,0,1450,T
4-HA,509,0,1449,0,1,1450,T
4-HA,510,0,3,1435,0,1438,G
4-HA,511,1446,0,0,0,1446,A
4-HA,512,0,0,0,1444,1444,C
4-HA,513,0,0,0,1440,1440,C
4-HA,514,0,1,1,1418,1420,C
4-HA,515,1420,0,0,0,1420,A
4-HA,516,0,0,0,1414,1414,C
4-HA,517,0,1407,0,1,1408,T
4-HA,518,2,0,0,1404,1406,C
4-HA,519,1421,0,0,0,1421,A
4-HA,520,1426,0,0,0,1426,A
4-HA,521,1435,0,0,0,1435,A
4-HA,522,1440,0,0,0,1440,A
4-HA,523,1,1474,0,0,1475,T
4-HA,524,0,1470,0,0,1470,T
4-HA,525,17,0,0,1456,1473,C
4-HA,526,1478,0,0,0,1478,A
4-HA,527,1475,0,1,0,1476,A
4-HA,528,1480,0,0,0,1480,A
4-HA,529,1,1477,0,0,1478,T
4-HA,530,1499,1,0,0,1500,A
4-HA,531,1,0,0,1504,1505,C
4-HA,532,5,2,0,1465,1472,C
4-HA,533,2,0,0,1481,1483,C
4-HA,534,1470,0,5,1,1476,A
4-HA,535,0,0,1536,0,1536,G
4-HA,536,4,0,0,1535,1539,C
4-HA,537,1544,0,0,0,1544,A
4-HA,538,0,1527,0,3,1530,T
4-HA,539,0,1496,0,0,1496,T
4-HA,540,1,9,1518,0,1528,G
4-HA,541,1542,0,0,0,1542,A
4-HA,542,1534,0,0,0,1534,A
4-HA,543,1,0,0,1543,1544,C
4-HA,544,11,0,1498,0,1509,G
4-HA,545,0,1516,0,0,1516,T
4-HA,546,8,7,1511,0,1526,G
4-HA,547,1527,0,0,0,1527,A
4-HA,548,0,0,0,1534,1534,C
4-HA,549,0,1488,0,3,1491,T
4-HA,550,1536,0,0,0,1536,A
4-HA,551,0,1532,1,0,1533,T
4-HA,552,0,0,1532,0,1532,G
4-HA,553,0,0,0,1543,1543,C
4-HA,554,5,0,0,1527,1532,C
4-HA,555,1526,0,0,0,1526,A
4-HA,556,1525,0,0,0,1525,A
4-HA,557,1543,0,6,3,1552,A
4-HA,558,0,0,0,1557,1557,C
4-HA,559,1533,0,0,0,1533,A
4-HA,560,1529,0,0,0,1529,A
4-HA,561,0,1516,0,1,1517,T
4-HA,562,0,11,1511,0,1522,G
4-HA,563,1525,0,1,0,1526,A
4-HA,564,1521,0,1,1,1523,A
4-HA,565,1,0,0,1499,1500,C
4-HA,566,1505,0,0,0,1505,A
4-HA,567,1506,1,0,0,1507,A
4-HA,568,0,1504,0,0,1504,T
4-HA,569,0,1508,0,1,1509,T
4-HA,570,0,1503,0,2,1505,T
4-HA,571,0,10,1493,0,1503,G
4-HA,572,1504,1,4,0,1509,A
4-HA,573,1,0,0,1503,1504,C
4-HA,574,1511,0,0,0,1511,A
4-HA,575,1512,0,2,1,1515,A
4-HA,576,1527,0,0,0,1527,A
4-HA,577,0,1537,0,0,1537,T
4-HA,578,0,1522,0,0,1522,T
4-HA,579,0,0,1535,0,1535,G
4-HA,580,0,1529,0,2,1531,T
4-HA,581,1538,0,1,1,1540,A
4-HA,582,4,1,0,1565,1570,C
4-HA,583,1575,0,0,0,1575,A
4-HA,584,0,1576,0,0,1576,T
4-HA,585,0,1562,0,0,1562,T
4-HA,586,0,1557,0,0,1557,T
4-HA,587,0,3,1543,1,1547,G
4-HA,588,0,2,1536,0,1538,G
4-HA,589,0,1,1536,0,1537,G
4-HA,590,0,0,1543,1,1544,G
4-HA,591,0,1,1522,0,1523,G
4-HA,592,0,0,1561,0,1561,G
4-HA,593,0,1549,0,0,1549,T
4-HA,594,0,1548,0,1,1549,T
4-HA,595,0,1,0,1562,1563,C
4-HA,596,1555,0,1,0,1556,A
4-HA,597,1,0,0,1562,1563,C
4-HA,598,2,0,0,1566,1568,C
4-HA,599,1557,0,1,0,1558,A
4-HA,600,1,0,0,1573,1574,C
4-HA,601,1,0,0,1557,1558,C
4-HA,602,1,0,0,1555,1556,C
4-HA,603,1,3,1559,0,1563,G
4-HA,604,1,0,1596,0,1597,G
4-HA,605,0,2,1595,0,1597,G
4-HA,606,0,1578,0,0,1578,T
4-HA,607,1601,0,1,0,1602,A
4-HA,608,0,2,0,1587,1589,C
4-HA,609,0,2,1576,0,1578,G
4-HA,610,0,4,1582,0,1586,G
4-HA,611,1598,0,2,0,1600,A
4-HA,612,2,1,0,1592,1595,C
4-HA,613,1522,0,0,0,1522,A
4-HA,614,1529,0,0,0,1529,A
4-HA,615,0,1522,0,1,1523,T
4-HA,616,1,5,1534,0,1540,G
4-HA,617,1536,0,0,0,1536,A
4-HA,618,0,0,0,1534,1534,C
4-HA,619,3,0,0,1524,1527,C
4-HA,620,1534,0,0,0,1534,A
4-HA,621,1531,0,1,0,1532,A
4-HA,622,1545,0,0,0,1545,A
4-HA,623,0,1537,0,0,1537,T
4-HA,624,1,0,0,1561,1562,C
4-HA,625,0,1461,0,2,1463,T
4-HA,626,0,1442,0,0,1442,T
4-HA,627,3,0,0,1473,1476,C
4-HA,628,2,0,0,1483,1485,C
4-HA,629,0,1472,0,1,1473,T
4-HA,630,1,1,1491,0,1493,G
4-HA,631,0,1482,0,1,1483,T
4-HA,632,1495,0,0,0,1495,A
4-HA,633,0,1480,0,0,1480,T
4-HA,634,1,0,1494,0,1495,G
4-HA,635,0,0,0,1496,1496,C
4-HA,636,0,1466,0,4,1470,T
4-HA,637,6,1,0,1481,1488,C
4-HA,638,1490,0,1,0,1491,A
4-HA,639,1490,0,2,0,1492,A
4-HA,640,0,0,1479,0,1479,G
4-HA,641,0,0,0,1494,1494,C
4-HA,642,1504,0,0,0,1504,A
4-HA,643,0,1479,0,0,1479,T
4-HA,644,0,1,1,1485,1487,C
4-HA,645,1478,0,3,0,1481,A
4-HA,646,0,2,1486,0,1488,G
4-HA,647,0,0,1488,0,1488,G
4-HA,648,1496,0,0,0,1496,A
4-HA,649,1482,0,0,0,1482,A
4-HA,650,1,2,1481,0,1484,G
4-HA,651,1483,0,1,1,1485,A
4-HA,652,1509,0,0,0,1509,A
4-HA,653,0,1516,0,1,1517,T
4-HA,654,2,0,0,1516,1518,C
4-HA,655,1507,0,0,0,1507,A
4-HA,656,0,2,0,1508,1510,C
4-HA,657,1503,0,1,0,1504,A
4-HA,658,0,0,1528,0,1528,G
4-HA,659,0,1478,0,0,1478,T
4-HA,660,5,0,0,1496,1501,C
4-HA,661,0,1486,0,0,1486,T
4-HA,662,3,0,0,1516,1519,C
4-HA,663,0,1514,0,0,1514,T
4-HA,664,1528,0,0,0,1528,A
4-HA,665,0,1,0,1526,1527,C
4-HA,666,4,0,0,1530,1534,C
4-HA,667,1509,0,0,0,1509,A
4-HA,668,1508,0,0,0,1508,A
4-HA,669,1505,0,0,0,1505,A
4-HA,670,1503,0,0,0,1503,A
4-HA,671,0,5,1493,0,1498,G
4-HA,672,1475,0,0,0,1475,A
4-HA,673,1472,0,0,0,1472,A
4-HA,674,0,1,1462,0,1463,G
4-HA,675,2,1,0,1452,1455,C
4-HA,676,3,0,2,1474,1479,C
4-HA,677,1483,0,0,0,1483,A
4-HA,678,1490,2,0,0,1492,A
4-HA,679,0,0,1,1489,1490,C
4-HA,680,1497,0,0,0,1497,A
4-HA,681,1496,0,0,2,1498,A
4-HA,682,1492,0,0,0,1492,A
4-HA,683,0,0,0,1528,1528,C
4-HA,684,0,1501,1,2,1504,T
4-HA,685,0,0,1521,0,1521,G
4-HA,686,0,1510,0,0,1510,T
4-HA,687,1520,0,0,0,1520,A
4-HA,688,1515,0,1,0,1516,A
4-HA,689,1,1477,0,1,1479,T
4-HA,690,1,0,0,1513,1514,C
4-HA,691,3,0,0,1508,1511,C
4-HA,692,3,0,0,1499,1502,C
4-HA,693,1,3,1494,0,1498,G
4-HA,694,1494,0,0,0,1494,A
4-HA,695,1495,0,0,0,1495,A
4-HA,696,0,1491,0,1,1492,T
4-HA,697,1513,0,0,0,1513,A
4-HA,698,0,1487,0,1,1488,T
4-HA,699,1,2,0,1484,1487,C
4-HA,700,1,0,1481,0,1482,G
4-HA,701,0,2,1527,0,1529,G
4-HA,702,1518,0,0,0,1518,A
4-HA,703,0,1529,1,6,1536,T
4-HA,704,4,1,0,1536,1541,C
4-HA,705,0,1541,0,0,1541,T
4-HA,706,1542,0,0,0,1542,A
4-HA,707,0,1,1541,0,1542,G
4-HA,708,1539,0,1,0,1540,A
4-HA,709,1,0,0,1538,1539,C
4-HA,710,1,0,0,1497,1498,C
4-HA,711,1,0,0,1504,1505,C
4-HA,712,1504,0,0,0,1504,A
4-HA,713,0,4,1589,0,1593,G
4-HA,714,1591,0,2,0,1593,A
4-HA,715,1,0,1616,0,1617,G
4-HA,716,0,1588,0,0,1588,T
4-HA,717,1601,0,0,0,1601,A
4-HA,718,1599,0,2,0,1601,A
4-HA,719,0,3,1610,0,1613,G
4-HA,720,0,2,1617,0,1619,G
4-HA,721,1603,0,0,0,1603,A
4-HA,722,1501,0,2,0,1503,A
4-HA,723,0,1490,0,3,1493,T
4-HA,724,1488,0,0,0,1488,A
4-HA,725,1,1474,0,0,1475,T
4-HA,726,3,0,0,1496,1499,C
4-HA,727,1,0,0,1494,1495,C
4-HA,728,3,0,0,1472,1475,C
4-HA,729,0,1470,0,0,1470,T
4-HA,730,1479,0,0,0,1479,A
4-HA,731,0,0,1477,0,1477,G
4-HA,732,0,0,0,1478,1478,C
4-HA,733,1449,1,0,0,1450,A
4-HA,734,1,4,1486,0,1491,G
4-HA,735,1475,0,1,0,1476,A
4-HA,736,1484,0,0,0,1484,A
4-HA,737,0,1484,1,0,1485,T
4-HA,738,1491,0,0,0,1491,A
4-HA,739,1492,0,2,1,1495,A
4-HA,740,0,3,1482,0,1485,G
4-HA,741,2,0,0,1480,1482,C
4-HA,742,1495,0,0,0,1495,A
4-HA,743,0,1450,0,2,1452,T
4-HA,744,2,0,0,1540,1542,C
4-HA,745,0,1542,0,0,1542,T
4-HA,746,1551,2,0,0,1553,A
4-HA,747,0,1550,0,1,1551,T
4-HA,748,0,1546,0,1,1547,T
4-HA,749,1,2,1549,0,1552,G
4-HA,750,0,3,1538,1,1542,G
4-HA,751,1538,0,0,0,1538,A
4-HA,752,2,0,0,1529,1531,C
4-HA,753,1443,0,0,0,1443,A
4-HA,754,1474,0,2,0,1476,A
4-HA,755,0,1544,0,0,1544,T
4-HA,756,1597,0,0,0,1597,A
4-HA,757,2,0,1625,0,1627,G
4-HA,758,0,1592,0,2,1594,T
4-HA,759,1610,0,0,0,1610,A
4-HA,760,1617,0,0,0,1617,A
4-HA,761,1662,0,0,0,1662,A
4-HA,762,1692,0,0,0,1692,A
4-HA,763,0,0,0,1716,1716,C
4-HA,764,2,0,0,1663,1665,C
4-HA,765,0,1,1664,1,1666,G
4-HA,766,2,2,1667,0,1671,G
4-HA,767,0,0,1702,0,1702,G
4-HA,768,1721,0,0,0,1721,A
4-HA,769,0,3,1748,0,1751,G
4-HA,770,1821,0,2,0,1823,A
4-HA,771,0,0,0,1839,1839,C
4-HA,772,1832,0,2,9,1843,A
4-HA,773,0,1851,0,0,1851,T
4-HA,774,1820,0,37,0,1857,A
4-HA,775,1,0,0,1910,1911,C
4-HA,776,0,1914,0,0,1914,T
4-HA,777,1,1947,0,0,1948,T
4-HA,778,0,1958,0,2,1960,T
4-HA,779,0,1957,0,1,1958,T
4-HA,780,2,4,1986,0,1992,G
4-HA,781,1987,0,0,2,1989,A
4-HA,782,0,1996,0,1,1997,T
4-HA,783,1,2095,0,1,2097,T
4-HA,784,2090,0,1,0,2091,A
4-HA,785,2110,0,1,0,2111,A
4-HA,786,2,2,0,2162,2166,C
4-HA,787,2170,0,0,0,2170,A
4-HA,788,0,1,2288,1,2290,G
4-HA,789,2,2,0,2279,2283,C
4-HA,790,2279,1,1,0,2281,A
4-HA,791,1,1,0,2323,2325,C
4-HA,792,2297,1,4,0,2302,A
4-HA,793,0,2,2348,0,2350,G
4-HA,794,0,1,2348,0,2349,G
4-HA,795,0,3,2461,0,2464,G
4-HA,796,2448,0,3,0,2451,A
4-HA,797,2502,0,1,0,2503,A
4-HA,798,0,2520,0,1,2521,T
4-HA,799,6,0,0,2540,2546,C
4-HA,800,0,2582,0,1,2583,T
4-HA,801,2591,0,0,0,2591,A
4-HA,802,2587,0,0,0,2587,A
4-HA,803,0,2584,0,0,2584,T
4-HA,804,0,2540,0,0,2540,T
4-HA,805,2,0,2575,0,2577,G
4-HA,806,3,0,0,2668,2671,C
4-HA,807,0,2806,0,2,2808,T
4-HA,808,10,2,0,2908,2920,C
4-HA,809,3,0,0,2928,2931,C
4-HA,810,0,2934,0,4,2938,T
4-HA,811,2939,1,0,0,2940,A
4-HA,812,0,5,2954,0,2959,G
4-HA,813,0,8,2968,0,2976,G
4-HA,814,11,11,2972,0,2994,G
4-HA,815,2,0,2997,0,2999,G
4-HA,816,0,2910,0,0,2910,T
4-HA,817,0,2929,0,1,2930,T
4-HA,818,2946,0,0,0,2946,A
4-HA,819,1,1,0,3004,3006,C
4-HA,820,0,3011,0,2,3013,T
4-HA,821,0,3081,0,0,3081,T
4-HA,822,7,1,0,3065,3073,C
4-HA,823,3052,1,1,0,3054,A
4-HA,824,3064,1,0,0,3065,A
4-HA,825,3058,0,0,0,3058,A
4-HA,826,3144,1,0,0,3145,A
4-HA,827,0,3149,0,1,3150,T
4-HA,828,3133,0,1,0,3134,A
4-HA,829,3,0,0,3126,3129,C
4-HA,830,3108,0,0,0,3108,A
4-HA,831,3112,0,0,1,3113,A
4-HA,832,3116,1,1,0,3118,A
4-HA,833,2,0,3179,1,3182,G
4-HA,834,0,3138,0,1,3139,T
4-HA,835,1,7,3185,0,3193,G
4-HA,836,3,6,3173,0,3182,G
4-HA,837,1,7,3191,0,3199,G
4-HA,838,3203,0,2,0,3205,A
4-HA,839,3226,0,0,0,3226,A
4-HA,840,3223,0,0,0,3223,A
4-HA,841,3202,0,4,0,3206,A
4-HA,842,0,2,3278,0,3280,G
4-HA,843,2,0,0,3272,3274,C
4-HA,844,0,3254,0,1,3255,T
4-HA,845,14,0,0,3317,3331,C
4-HA,846,3356,0,0,1,3357,A
4-HA,847,3390,0,0,0,3390,A
4-HA,848,0,3392,0,0,3392,T
4-HA,849,3423,0,0,0,3423,A
4-HA,850,3416,1,0,0,3417,A
4-HA,851,0,3390,0,0,3390,T
4-HA,852,0,17,3394,0,3411,G
4-HA,853,3387,0,3,0,3390,A
4-HA,854,1,9,3508,0,3518,G
4-HA,855,3513,0,1,0,3514,A
4-HA,856,0,3503,0,0,3503,T
4-HA,857,14,1,0,3582,3597,C
4-HA,858,3576,0,0,0,3576,A
4-HA,859,0,6,3642,0,3648,G
4-HA,860,3641,0,2,0,3643,A
4-HA,861,0,3636,0,1,3637,T
4-HA,862,0,3,3625,0,3628,G
4-HA,863,3,2,0,3575,3580,C
4-HA,864,3565,0,7,0,3572,A
4-HA,865,1,0,0,3674,3675,C
4-HA,866,10,0,1,3642,3653,C
4-HA,867,8,0,0,3666,3674,C
4-HA,868,3655,0,0,0,3655,A
4-HA,869,0,3648,0,0,3648,T
4-HA,870,0,3645,1,0,3646,T
4-HA,871,1,14,3660,0,3675,G
4-HA,872,1,1,3671,1,3674,G
4-HA,873,3,1,0,3682,3686,C
4-HA,874,3648,0,1,0,3649,A
4-HA,875,3645,0,0,0,3645,A
4-HA,876,3706,0,2,1,3709,A
4-HA,877,0,3708,0,1,3709,T
4-HA,878,0,4,3725,0,3729,G
4-HA,879,3,3,0,3719,3725,C
4-HA,880,3698,0,1,1,3700,A
4-HA,881,3790,0,0,1,3791,A
4-HA,882,1,3792,0,1,3794,T
4-HA,883,0,3814,0,0,3814,T
4-HA,884,16,0,0,3816,3832,C
4-HA,885,0,3776,0,1,3777,T
4-HA,886,1,15,3816,0,3832,G
4-HA,887,3815,0,0,1,3816,A
4-HA,888,3839,1,1,1,3842,A
4-HA,889,0,3847,0,2,3849,T
4-HA,890,5,0,3800,0,3805,G
4-HA,891,13,1,0,3821,3835,C
4-HA,892,3831,0,1,1,3833,A
4-HA,893,1,3825,0,0,3826,T
4-HA,894,14,0,1,3808,3823,C
4-HA,895,3809,1,2,1,3813,A
4-HA,896,0,0,0,3991,3991,C
4-HA,897,1,3968,0,5,3974,T
4-HA,898,11,0,0,3989,4000,C
4-HA,899,7,1,0,3971,3979,C
4-HA,900,4021,0,1,1,4023,A
4-HA,901,3997,0,1,2,4000,A
4-HA,902,3995,0,1,1,3997,A
4-HA,903,0,3925,0,0,3925,T
4-HA,904,2,6,3941,0,3949,G
4-HA,905,0,3,3940,0,3943,G
4-HA,906,3942,0,2,2,3946,A
4-HA,907,3938,0,4,1,3943,A
4-HA,908,0,1,3945,0,3946,G
4-HA,909,4,2,0,3919,3925,C
4-HA,910,3919,0,0,0,3919,A
4-HA,911,1,3936,0,0,3937,T
4-HA,912,0,3926,0,2,3928,T
4-HA,913,4,0,0,4082,4086,C
4-HA,914,1,1,0,4064,4066,C
4-HA,915,9,0,0,4090,4099,C
4-HA,916,4065,0,4,24,4093,A
4-HA,917,4147,1,5,2,4155,A
4-HA,918,0,4191,0,0,4191,T
4-HA,919,1,24,4186,0,4211,G
4-HA,920,4200,1,1,0,4202,A
4-HA,921,0,2,0,4218,4220,C
4-HA,922,4122,0,1,0,4123,A
4-HA,923,4135,1,3,0,4139,A
4-HA,924,4103,1,5,0,4109,A
4-HA,925,3,0,0,4123,4126,C
4-HA,926,13,2,0,4100,4115,C
4-HA,927,4073,0,1,0,4074,A
4-HA,928,0,4077,0,1,4078,T
4-HA,929,1,4055,0,1,4057,T
4-HA,930,14,5,1,4071,4091,C
4-HA,931,8,0,0,4086,4094,C
4-HA,932,4118,0,1,0,4119,A
4-HA,933,4113,0,0,0,4113,A
4-HA,934,4109,0,9,0,4118,A
4-HA,935,4166,0,0,0,4166,A
4-HA,936,0,4166,0,2,4168,T
4-HA,937,2,1,4139,0,4142,G
4-HA,938,0,4127,0,1,4128,T
4-HA,939,0,4143,0,0,4143,T
4-HA,940,4217,0,2,0,4219,A
4-HA,941,4202,0,2,0,4204,A
4-HA,942,3,0,0,4219,4222,C
4-HA,943,4201,0,2,0,4203,A
4-HA,944,1,9,4247,0,4257,G
4-HA,945,0,22,4238,0,4260,G
4-HA,946,4380,0,2,0,4382,A
4-HA,947,0,4339,0,5,4344,T
4-HA,948,21,1,0,4446,4468,C
4-HA,949,4498,0,5,0,4503,A
4-HA,950,23,0,0,4657,4680,C
4-HA,951,4700,0,0,0,4700,A
4-HA,952,0,4809,0,1,4810,T
4-HA,953,4735,1,1,0,4737,A
4-HA,954,6,1,1,4701,4709,C
4-HA,955,2,11,4553,1,4567,G
4-HA,956,0,8,4506,0,4514,G
4-HA,957,0,12,4418,0,4430,G
4-HA,958,1,2,4459,0,4462,G
4-HA,959,7,1,0,4382,4390,C
4-HA,960,3,0,0,4415,4418,C
4-HA,961,0,4353,0,6,4359,T
4-HA,962,1,3,4699,0,4703,G
4-HA,963,0,4698,1,4,4703,T
4-HA,964,11,0,0,4740,4751,C
4-HA,965,15,1,0,4738,4754,C
4-HA,966,5,1,0,4764,4770,C
4-HA,967,4774,0,1,0,4775,A
4-HA,968,1,9,4798,1,4809,G
4-HA,969,4796,0,0,1,4797,A
4-HA,970,0,4793,0,1,4794,T
4-HA,971,4575,0,1,1,4577,A
4-HA,972,0,4510,0,1,4511,T
4-HA,973,0,1,4525,0,4526,G
4-HA,974,0,4515,0,3,4518,T
4-HA,975,1,4476,0,1,4478,T
4-HA,976,4534,0,0,1,4535,A
4-HA,977,4473,0,1,0,4474,A
4-HA,978,1,5,4506,1,4513,G
4-HA,979,4,2,1,4484,4491,C
4-HA,980,4476,0,0,1,4477,A
4-HA,981,4487,0,1,0,4488,A
4-HA,982,4449,0,1,0,4450,A
4-HA,983,4452,0,2,3,4457,A
4-HA,984,2,0,0,4457,4459,C
4-HA,985,4434,0,0,1,4435,A
4-HA,986,1,0,0,4483,4484,C
4-HA,987,0,4420,0,3,4423,T
4-HA,988,16,0,0,4456,4472,C
4-HA,989,0,4461,0,3,4464,T
4-HA,990,1,18,4468,1,4488,G
4-HA,991,4493,1,0,0,4494,A
4-HA,992,4469,0,14,1,4484,A
4-HA,993,4511,0,1,0,4512,A
4-HA,994,0,4488,0,0,4488,T
4-HA,995,0,4449,0,0,4449,T
4-HA,996,0,11,4464,0,4475,G
4-HA,997,0,6,4435,0,4441,G
4-HA,998,2,3,0,4467,4472,C
4-HA,999,4474,0,1,0,4475,A
4-HA,1000,4484,0,0,1,4485,A
4-HA,1001,0,1,0,4485,4486,C
4-HA,1002,4462,0,1,0,4463,A
4-HA,1003,2,8,4500,0,4510,G
4-HA,1004,0,6,4478,0,4484,G
4-HA,1005,0,8,4450,0,4458,G
4-HA,1006,4437,0,3,0,4440,A
4-HA,1007,0,4448,0,1,4449,T
4-HA,1008,1,6,4463,0,4470,G
4-HA,1009,4,0,0,4471,4475,C
4-HA,1010,1,14,4502,0,4517,G
4-HA,1011,4553,1,1,0,4555,A
4-HA,1012,4512,0,0,1,4513,A
4-HA,1013,4559,0,1,2,4562,A
4-HA,1014,1,4530,0,0,4531,T
4-HA,1015,23,3,4590,0,4616,G
4-HA,1016,1,4585,0,2,4588,T
4-HA,1017,4592,1,8,1,4602,A
4-HA,1018,3,0,0,4608,4611,C
4-HA,1019,11,0,0,4583,4594,C
4-HA,1020,4561,0,1,0,4562,A
4-HA,1021,0,11,4552,1,4564,G
4-HA,1022,4484,0,0,0,4484,A
4-HA,1023,16,13,4502,0,4531,G
4-HA,1024,4488,0,0,0,4488,A
4-HA,1025,4506,0,1,0,4507,A
4-HA,1026,4476,1,7,1,4485,A
4-HA,1027,0,1,0,4524,4525,C
4-HA,1028,4508,0,1,0,4509,A
4-HA,1029,4550,0,1,0,4551,A
4-HA,1030,4531,0,3,0,4534,A
4-HA,1031,4,0,0,4584,4588,C
4-HA,1032,0,4546,0,1,4547,T
4-HA,1033,4537,0,1,0,4538,A
4-HA,1034,0,8,4538,0,4546,G
4-HA,1035,4494,0,4,0,4498,A
4-HA,1036,1,6,4586,0,4593,G
4-HA,1037,2,2,4570,0,4574,G
4-HA,1038,3,0,17,4493,4513,C
4-HA,1039,4545,1,2,0,4548,A
4-HA,1040,0,4555,0,1,4556,T
4-HA,1041,4593,0,1,0,4594,A
4-HA,1042,3,4570,0,1,4574,T
4-HA,1043,0,4564,0,0,4564,T
4-HA,1044,0,4568,0,1,4569,T
4-HA,1045,1,13,4476,0,4490,G
4-HA,1046,3,6,4469,0,4478,G
4-HA,1047,6,2,0,4437,4445,C
4-HA,1048,0,4,4467,0,4471,G
4-HA,1049,3,0,1,4434,4438,C
4-HA,1050,4426,0,2,0,4428,A
4-HA,1051,4441,0,0,0,4441,A
4-HA,1052,0,4419,0,0,4419,T
4-HA,1053,13,1,0,4459,4473,C
4-HA,1054,1,0,4479,0,4480,G
4-HA,1055,4,4,0,4437,4445,C
4-HA,1056,3,5,4462,0,4470,G
4-HA,1057,1,5,4492,0,4498,G
4-HA,1058,0,2,4511,0,4513,G
4-HA,1059,0,4469,0,1,4470,T
4-HA,1060,0,4463,0,0,4463,T
4-HA,1061,1,4469,0,0,4470,T
4-HA,1062,25,0,0,4473,4498,C
4-HA,1063,4507,0,2,0,4509,A
4-HA,1064,0,4528,0,1,4529,T
4-HA,1065,4524,0,2,0,4526,A
4-HA,1066,0,9,4574,1,4584,G
4-HA,1067,4481,0,0,1,4482,A
4-HA,1068,4508,0,0,0,4508,A
4-HA,1069,4494,0,0,0,4494,A
4-HA,1070,4490,0,3,0,4493,A
4-HA,1071,0,4502,0,1,4503,T
4-HA,1072,3,9,4533,0,4545,G
4-HA,1073,0,3,4564,0,4567,G
4-HA,1074,0,4521,1,2,4524,T
4-HA,1075,0,4525,0,0,4525,T
4-HA,1076,1,9,4505,1,4516,G
4-HA,1077,0,2,4520,0,4522,G
4-HA,1078,0,7,4554,1,4562,G
4-HA,1079,4495,0,4,0,4499,A
4-HA,1080,0,7,4557,0,4564,G
4-HA,1081,2,8,4522,0,4532,G
4-HA,1082,2,4,4592,0,4598,G
4-HA,1083,4551,0,6,0,4557,A
4-HA,1084,4600,0,1,0,4601,A
4-HA,1085,0,4628,0,0,4628,T
4-HA,1086,2,9,4695,0,4706,G
4-HA,1087,3,0,4801,0,4804,G
4-HA,1088,0,4679,0,3,4682,T
4-HA,1089,1,11,4747,0,4759,G
4-HA,1090,0,11,4739,0,4750,G
4-HA,1091,4610,0,13,0,4623,A
4-HA,1092,0,4676,0,1,4677,T
4-HA,1093,1,13,4728,1,4743,G
4-HA,1094,2,3,4776,0,4781,G
4-HA,1095,1,4632,2,1,4636,T
4-HA,1096,0,4513,0,3,4516,T
4-HA,1097,1,16,4494,0,4511,G
4-HA,1098,0,4,4576,0,4580,G
4-HA,1099,0,4499,0,0,4499,T
4-HA,1100,4530,0,1,0,4531,A
4-HA,1101,5,2,0,4403,4410,C
4-HA,1102,3,12,4447,0,4462,G
4-HA,1103,0,3,4583,0,4586,G
4-HA,1104,0,4559,0,4,4563,T
4-HA,1105,0,4576,0,2,4578,T
4-HA,1106,0,4565,0,2,4567,T
4-HA,1107,11,1,0,4502,4514,C
4-HA,1108,4512,0,9,0,4521,A
4-HA,1109,1,7,4517,0,4525,G
4-HA,1110,3,4,4471,0,4478,G
4-HA,1111,4,3,0,4482,4489,C
4-HA,1112,4361,1,0,0,4362,A
4-HA,1113,0,4372,1,1,4374,T
4-HA,1114,15,0,1,4381,4397,C
4-HA,1115,4409,0,1,0,4410,A
4-HA,1116,4407,0,1,0,4408,A
4-HA,1117,4414,0,0,0,4414,A
4-HA,1118,4400,1,0,0,4401,A
4-HA,1119,0,4400,0,1,4401,T
4-HA,1120,0,4390,0,1,4391,T
4-HA,1121,15,1,0,4403,4419,C
4-HA,1122,0,4401,1,1,4403,T
4-HA,1123,1,6,4401,1,4409,G
4-HA,1124,4370,0,4,2,4376,A
4-HA,1125,4346,0,2,1,4349,A
4-HA,1126,1,7,4381,1,4390,G
4-HA,1127,1,6,4437,0,4444,G
4-HA,1128,4427,0,1,0,4428,A
4-HA,1129,4451,0,0,0,4451,A
4-HA,1130,1,8,4412,0,4421,G
4-HA,1131,4467,1,6,0,4474,A
4-HA,1132,0,12,4489,1,4502,G
4-HA,1133,0,21,4478,0,4499,G
4-HA,1134,4500,0,5,0,4505,A
4-HA,1135,1,2,0,4487,4490,C
4-HA,1136,4465,0,8,1,4474,A
4-HA,1137,4462,0,8,0,4470,A
4-HA,1138,1,8,4462,0,4471,G
4-HA,1139,5,2,0,4467,4474,C
4-HA,1140,4447,0,5,0,4452,A
4-HA,1141,0,3,4471,0,4474,G
4-HA,1142,3,1,0,4418,4422,C
4-HA,1143,4459,0,1,0,4460,A
4-HA,1144,1,9,4517,0,4527,G
4-HA,1145,4453,0,0,1,4454,A
4-HA,1146,1,4553,1,2,4557,T
4-HA,1147,18,0,0,4596,4614,C
4-HA,1148,0,4577,1,4,4582,T
4-HA,1149,23,0,0,4629,4652,C
4-HA,1150,4642,0,1,1,4644,A
4-HA,1151,4655,1,0,1,4657,A
4-HA,1152,4639,0,0,0,4639,A
4-HA,1153,4555,0,4,0,4559,A
4-HA,1154,0,4,4556,0,4560,G
4-HA,1155,3,1,0,4483,4487,C
4-HA,1156,4461,0,2,0,4463,A
4-HA,1157,0,1,0,4562,4563,C
4-HA,1158,0,4513,1,3,4517,T
4-HA,1159,22,1,1,4539,4563,C
4-HA,1160,4583,0,0,0,4583,A
4-HA,1161,4639,0,3,0,4642,A
4-HA,1162,1,3,4618,0,4622,G
4-HA,1163,1,1,0,4623,4625,C
4-HA,1164,4614,1,3,0,4618,A
4-HA,1165,0,3,4612,0,4615,G
4-HA,1166,2,2,0,4557,4561,C
4-HA,1167,4568,0,2,0,4570,A
4-HA,1168,4542,0,1,0,4543,A
4-HA,1169,0,4474,1,0,4475,T
4-HA,1170,18,2,1,4453,4474,C
4-HA,1171,9,17,4480,0,4506,G
4-HA,1172,4453,1,0,0,4454,A
4-HA,1173,1,4436,0,1,4438,T
4-HA,1174,26,2,1,4437,4466,C
4-HA,1175,4461,0,1,0,4462,A
4-HA,1176,4559,0,2,0,4561,A
4-HA,1177,4544,0,0,0,4544,A
4-HA,1178,0,4514,0,1,4515,T
4-HA,1179,23,0,0,4534,4557,C
4-HA,1180,4515,0,2,0,4517,A
4-HA,1181,4522,0,1,0,4523,A
4-HA,1182,0,4554,0,2,4556,T
4-HA,1183,1,13,4535,0,4549,G
4-HA,1184,3,5,4518,1,4527,G
4-HA,1185,2,13,4473,1,4489,G
4-HA,1186,4508,0,3,0,4511,A
4-HA,1187,4524,0,2,0,4526,A
4-HA,1188,0,3,4574,0,4577,G
4-HA,1189,5,1,0,4576,4582,C
4-HA,1190,0,4557,1,5,4563,T
4-HA,1191,0,19,4739,0,4758,G
4-HA,1192,4770,0,2,1,4773,A
4-HA,1193,4758,0,7,0,4765,A
4-HA,1194,1,4750,0,2,4753,T
4-HA,1195,4679,1,0,0,4680,A
4-HA,1196,0,13,4646,0,4659,G
4-HA,1197,4346,1,2,1,4350,A
4-HA,1198,0,4360,0,0,4360,T
4-HA,1199,3,4388,1,1,4393,T
4-HA,1200,0,25,4384,0,4409,G
4-HA,1201,4375,0,1,0,4376,A
4-HA,1202,0,4355,0,0,4355,T
4-HA,1203,19,1,1,4374,4395,C
4-HA,1204,4,7,4375,0,4386,G
4-HA,1205,1,8,4348,0,4357,G
4-HA,1206,2,13,4360,0,4375,G
4-HA,1207,4392,1,2,0,4395,A
4-HA,1208,4400,0,2,1,4403,A
4-HA,1209,4390,1,3,0,4394,A
4-HA,1210,4335,0,2,1,4338,A
4-HA,1211,2,0,0,4392,4394,C
4-HA,1212,6,2,0,4395,4403,C
4-HA,1213,4394,0,2,0,4396,A
4-HA,1214,4378,0,1,0,4379,A
4-HA,1215,6,2,0,4383,4391,C
4-HA,1216,1,9,4407,0,4417,G
4-HA,1217,4399,1,1,0,4401,A
4-HA,1218,0,21,4370,1,4392,G
4-HA,1219,4402,0,1,0,4403,A
4-HA,1220,4376,0,1,0,4377,A
4-HA,1221,4398,0,0,0,4398,A
4-HA,1222,0,4370,0,0,4370,T
4-HA,1223,1,4346,0,2,4349,T
4-HA,1224,19,0,2,4354,4375,C
4-HA,1225,10,1,0,4392,4403,C
4-HA,1226,4391,1,3,0,4395,A
4-HA,1227,0,4335,0,1,4336,T
4-HA,1228,13,1,0,4371,4385,C
4-HA,1229,4380,0,1,0,4381,A
4-HA,1230,0,13,4408,0,4421,G
4-HA,1231,4355,0,1,0,4356,A
4-HA,1232,0,4353,0,1,4354,T
4-HA,1233,0,4370,0,1,4371,T
4-HA,1234,0,14,4382,0,4396,G
4-HA,1235,4382,1,6,0,4389,A
4-HA,1236,4402,1,0,1,4404,A
4-HA,1237,4424,1,0,0,4425,A
4-HA,1238,4426,0,0,0,4426,A
4-HA,1239,4388,1,3,0,4392,A
4-HA,1240,1,6,4361,0,4368,G
4-HA,1241,4364,0,1,0,4365,A
4-HA,1242,4381,0,1,0,4382,A
4-HA,1243,1,4284,0,2,4287,T
4-HA,1244,0,4323,1,0,4324,T
4-HA,1245,19,2,1,4313,4335,C
4-HA,1246,0,4348,0,3,4351,T
4-HA,1247,17,1,2,4309,4329,C
4-HA,1248,4336,0,2,0,4338,A
4-HA,1249,1,1,4337,0,4339,G
4-HA,1250,4309,0,1,1,4311,A
4-HA,1251,4282,0,2,0,4284,A
4-HA,1252,0,2,4316,0,4318,G
4-HA,1253,1,4199,0,1,4201,T
4-HA,1254,21,0,1,4292,4314,C
4-HA,1255,4,15,4296,0,4315,G
4-HA,1256,4311,0,1,0,4312,A
4-HA,1257,4290,0,6,0,4296,A
4-HA,1258,0,8,4313,0,4321,G
4-HA,1259,1,10,4287,0,4298,G
4-HA,1260,0,14,4303,0,4317,G
4-HA,1261,4231,0,8,0,4239,A
4-HA,1262,0,12,4250,0,4262,G
4-HA,1263,4261,0,4,0,4265,A
4-HA,1264,4524,0,1,0,4525,A
4-HA,1265,0,4503,0,0,4503,T
4-HA,1266,0,4494,0,1,4495,T
4-HA,1267,22,2,1,4485,4510,C
4-HA,1268,4411,2,13,0,4426,A
4-HA,1269,0,5,4432,0,4437,G
4-HA,1270,1,13,4386,0,4400,G
4-HA,1271,4348,1,3,0,4352,A
4-HA,1272,2,0,0,4375,4377,C
4-HA,1273,9,0,0,4164,4173,C
4-HA,1274,0,4125,0,1,4126,T
4-HA,1275,0,4097,0,66,4163,T
4-HA,1276,0,25,4191,0,4216,G
4-HA,1277,4203,0,1,0,4204,A
4-HA,1278,0,13,4267,0,4280,G
4-HA,1279,4252,0,2,0,4254,A
4-HA,1280,4067,0,1,0,4068,A
4-HA,1281,4067,0,1,1,4069,A
4-HA,1282,0,4012,0,0,4012,T
4-HA,1283,4119,0,2,1,4122,A
4-HA,1284,0,4099,0,0,4099,T
4-HA,1285,0,1,4143,0,4144,G
4-HA,1286,0,4121,0,6,4127,T
4-HA,1287,0,4042,0,3,4045,T
4-HA,1288,1,7,4044,0,4052,G
4-HA,1289,4002,0,1,0,4003,A
4-HA,1290,1,3,4040,1,4045,G
4-HA,1291,0,21,3998,0,4019,G
4-HA,1292,3920,2,2,11,3935,A
4-HA,1293,1,1,0,4011,4013,C
4-HA,1294,3928,0,2,0,3930,A
4-HA,1295,0,1,0,4042,4043,C
4-HA,1296,15,1,0,4046,4062,C
4-HA,1297,4075,0,2,0,4077,A
4-HA,1298,4161,0,0,0,4161,A
4-HA,1299,4142,0,0,0,4142,A
4-HA,1300,4197,0,2,0,4199,A
4-HA,1301,0,4177,0,2,4179,T
4-HA,1302,4108,0,0,0,4108,A
4-HA,1303,1,8,4108,0,4117,G
4-HA,1304,4039,1,2,1,4043,A
4-HA,1305,0,4036,0,1,4037,T
4-HA,1306,7,0,0,4075,4082,C
4-HA,1307,0,3990,0,3,3993,T
4-HA,1308,7,0,1,4096,4104,C
4-HA,1309,0,4105,0,1,4106,T
4-HA,1310,1,5,4165,0,4171,G
4-HA,1311,2,1,4229,0,4232,G
4-HA,1312,2,4199,0,2,4203,T
4-HA,1313,20,2,2,4209,4233,C
4-HA,1314,4242,0,1,0,4243,A
4-HA,1315,0,4258,1,5,4264,T
4-HA,1316,4260,0,3,0,4263,A
4-HA,1317,2,2,0,4245,4249,C
4-HA,1318,4134,0,1,0,4135,A
4-HA,1319,4162,0,2,0,4164,A
4-HA,1320,1,3,1,4037,4042,C
4-HA,1321,0,7,3996,1,4004,G
4-HA,1322,1,4,0,4027,4032,C
4-HA,1323,0,8,3997,1,4006,G
4-HA,1324,1,4,3989,2,3996,G
4-HA,1325,3978,0,4,0,3982,A
4-HA,1326,0,2,4047,0,4049,G
4-HA,1327,3,0,0,4047,4050,C
4-HA,1328,0,4044,0,5,4049,T
4-HA,1329,0,4067,1,7,4075,T
4-HA,1330,10,0,0,4082,4092,C
4-HA,1331,1,4098,1,2,4102,T
4-HA,1332,0,4115,0,3,4118,T
4-HA,1333,3,2,4119,0,4124,G
4-HA,1334,0,4093,1,2,4096,T
4-HA,1335,0,4031,0,1,4032,T
4-HA,1336,1,6,4063,0,4070,G
4-HA,1337,4,1,0,4056,4061,C
4-HA,1338,7,0,0,4042,4049,C
4-HA,1339,5,1,0,4085,4091,C
4-HA,1340,1,4093,1,4,4099,T
4-HA,1341,0,4,4145,0,4149,G
4-HA,1342,5,14,4096,1,4116,G
4-HA,1343,4140,0,1,0,4141,A
4-HA,1344,1,11,4161,1,4174,G
4-HA,1345,4087,0,0,0,4087,A
4-HA,1346,4113,0,1,0,4114,A
4-HA,1347,1,1,0,4146,4148,C
4-HA,1348,11,1,0,4148,4160,C
4-HA,1349,4172,0,1,1,4174,A
4-HA,1350,4294,0,2,0,4296,A
4-HA,1351,1,1,0,4315,4317,C
4-HA,1352,4354,0,1,0,4355,A
4-HA,1353,0,4337,0,1,4338,T
4-HA,1354,4317,1,1,0,4319,A
4-HA,1355,3,0,0,4357,4360,C
4-HA,1356,4260,0,2,0,4262,A
4-HA,1357,4254,1,0,0,4255,A
4-HA,1358,1,4236,0,1,4238,T
4-HA,1359,0,4121,0,1,4122,T
4-HA,1360,0,13,4158,0,4171,G
4-HA,1361,4153,1,10,3,4167,A
4-HA,1362,0,4129,0,5,4134,T
4-HA,1363,11,0,0,4169,4180,C
4-HA,1364,0,4130,0,2,4132,T
4-HA,1365,4178,0,0,0,4178,A
4-HA,1366,4165,0,3,1,4169,A
4-HA,1367,5,0,0,4149,4154,C
4-HA,1368,0,4143,0,2,4145,T
4-HA,1369,2,23,4091,0,4116,G
4-HA,1370,4110,0,1,0,4111,A
4-HA,1371,6,0,0,4100,4106,C
4-HA,1372,0,4074,2,2,4078,T
4-HA,1373,11,0,0,4104,4115,C
4-HA,1374,4122,0,1,0,4123,A
4-HA,1375,1,13,4203,0,4217,G
4-HA,1376,4188,0,0,0,4188,A
4-HA,1377,4198,0,2,0,4200,A
4-HA,1378,4195,0,1,0,4196,A
4-HA,1379,0,4176,1,1,4178,T
4-HA,1380,1,18,4195,0,4214,G
4-HA,1381,4191,0,2,0,4193,A
4-HA,1382,4208,0,7,0,4215,A
4-HA,1383,2,1,0,4218,4221,C
4-HA,1384,4170,0,1,0,4171,A
4-HA,1385,4160,0,0,0,4160,A
4-HA,1386,4141,0,1,0,4142,A
4-HA,1387,0,1,0,4164,4165,C
4-HA,1388,0,4110,0,1,4111,T
4-HA,1389,0,2,4144,1,4147,G
4-HA,1390,0,4089,0,1,4090,T
4-HA,1391,0,4105,0,1,4106,T
4-HA,1392,0,4135,0,0,4135,T
4-HA,1393,28,20,4087,0,4135,G
4-HA,1394,4127,0,0,1,4128,A
4-HA,1395,4133,0,3,0,4136,A
4-HA,1396,4114,0,0,0,4114,A
4-HA,1397,4116,0,1,1,4118,A
4-HA,1398,4060,0,1,0,4061,A
4-HA,1399,4091,1,0,0,4092,A
4-HA,1400,1,1,0,4116,4118,C
4-HA,1401,4111,0,0,0,4111,A
4-HA,1402,4109,0,0,1,4110,A
4-HA,1403,4107,0,0,1,4108,A
4-HA,1404,1,9,4108,0,4118,G
4-HA,1405,4138,1,2,1,4142,A
4-HA,1406,4119,0,3,0,4122,A
4-HA,1407,1,4,4113,0,4118,G
4-HA,1408,2,1,0,4106,4109,C
4-HA,1409,4139,0,2,0,4141,A
4-HA,1410,4161,1,1,0,4163,A
4-HA,1411,1,0,0,4142,4143,C
4-HA,1412,1,4084,1,0,4086,T
4-HA,1413,0,6,4152,0,4158,G
4-HA,1414,4119,1,4,0,4124,A
4-HA,1415,0,6,4150,0,4156,G
4-HA,1416,0,8,4166,0,4174,G
4-HA,1417,2,12,4169,1,4184,G
4-HA,1418,4204,1,1,0,4206,A
4-HA,1419,4191,0,2,0,4193,A
4-HA,1420,4163,0,26,0,4189,A
4-HA,1421,4217,1,0,0,4218,A
4-HA,1422,0,4189,0,0,4189,T
4-HA,1423,1,2,4206,0,4209,G
4-HA,1424,1,0,0,4204,4205,C
4-HA,1425,0,4190,0,2,4192,T
4-HA,1426,0,15,4196,0,4211,G
4-HA,1427,4208,0,1,0,4209,A
4-HA,1428,0,4,4351,0,4355,G
4-HA,1429,0,5,4408,0,4413,G
4-HA,1430,4349,0,2,0,4351,A
4-HA,1431,0,4328,0,0,4328,T
4-HA,1432,4311,0,1,0,4312,A
4-HA,1433,0,4280,0,5,4285,T
4-HA,1434,2,5,4329,0,4336,G
4-HA,1435,2,2,4341,0,4345,G
4-HA,1436,1,2,4335,0,4338,G
4-HA,1437,3,0,0,4152,4155,C
4-HA,1438,4093,1,1,0,4095,A
4-HA,1439,4079,1,2,1,4083,A
4-HA,1440,1,4062,0,1,4064,T
4-HA,1441,0,10,4081,0,4091,G
4-HA,1442,0,4,4086,0,4090,G
4-HA,1443,0,3997,0,2,3999,T
4-HA,1444,0,3928,0,1,3929,T
4-HA,1445,0,1,3942,0,3943,G
4-HA,1446,1,3937,0,4,3942,T
4-HA,1447,0,3940,2,2,3944,T
4-HA,1448,0,3960,0,4,3964,T
4-HA,1449,22,1,0,3971,3994,C
4-HA,1450,3990,0,1,0,3991,A
4-HA,1451,3995,0,1,0,3996,A
4-HA,1452,4006,0,1,0,4007,A
4-HA,1453,4062,0,0,0,4062,A
4-HA,1454,0,4022,0,0,4022,T
4-HA,1455,4007,0,1,0,4008,A
4-HA,1456,0,3993,0,2,3995,T
4-HA,1457,3940,1,2,0,3943,A
4-HA,1458,0,0,0,3993,3993,C
4-HA,1459,7,2,0,3992,4001,C
4-HA,1460,3974,0,4,0,3978,A
4-HA,1461,0,0,0,4016,4016,C
4-HA,1462,4006,2,0,0,4008,A
4-HA,1463,4020,0,0,0,4020,A
4-HA,1464,4021,0,0,0,4021,A
4-HA,1465,0,4007,0,2,4009,T
4-HA,1466,0,0,4029,0,4029,G
4-HA,1467,2,3975,0,3,3980,T
4-HA,1468,2,28,3993,0,4023,G
4-HA,1469,4023,1,3,0,4027,A
4-HA,1470,2,0,0,4006,4008,C
4-HA,1471,3954,0,0,0,3954,A
4-HA,1472,3944,0,0,0,3944,A
4-HA,1473,0,3990,0,0,3990,T
4-HA,1474,1,4,3999,0,4004,G
4-HA,1475,2,2,0,3924,3928,C
4-HA,1476,5,0,2,3977,3984,C
4-HA,1477,1,3980,0,2,3983,T
4-HA,1478,1,3,4116,0,4120,G
4-HA,1479,2,0,0,4109,4111,C
4-HA,1480,4135,0,0,0,4135,A
4-HA,1481,0,4127,0,0,4127,T
4-HA,1482,3996,1,1,0,3998,A
4-HA,1483,0,1,4012,0,4013,G
4-HA,1484,1,10,3989,0,4000,G
4-HA,1485,3963,0,1,0,3964,A
4-HA,1486,0,3930,0,0,3930,T
4-HA,1487,11,0,1,3769,3781,C
4-HA,1488,3777,0,1,0,3778,A
4-HA,1489,3790,0,1,0,3791,A
4-HA,1490,0,3772,1,1,3774,T
4-HA,1491,15,0,0,3781,3796,C
4-HA,1492,3736,0,1,1,3738,A
4-HA,1493,1,7,3748,0,3756,G
4-HA,1494,3755,1,0,0,3756,A
4-HA,1495,3765,0,0,0,3765,A
4-HA,1496,3753,0,0,0,3753,A
4-HA,1497,0,3739,0,0,3739,T
4-HA,1498,2,6,3710,0,3718,G
4-HA,1499,0,15,3716,0,3731,G
4-HA,1500,3724,0,0,0,3724,A
4-HA,1501,3736,0,1,0,3737,A
4-HA,1502,2,0,0,3740,3742,C
4-HA,1503,0,3692,0,0,3692,T
4-HA,1504,0,3723,0,2,3725,T
4-HA,1505,3719,0,2,0,3721,A
4-HA,1506,0,3706,0,0,3706,T
4-HA,1507,2,19,3691,0,3712,G
4-HA,1508,3682,0,5,0,3687,A
4-HA,1509,2,1,0,3689,3692,C
4-HA,1510,4,0,0,3659,3663,C
4-HA,1511,3663,0,1,0,3664,A
4-HA,1512,2,18,0,3725,3745,C
4-HA,1513,21,8,3834,0,3863,G
4-HA,1514,3913,0,0,0,3913,A
4-HA,1515,0,3940,0,0,3940,T
4-HA,1516,16,1,4093,0,4110,G
4-HA,1517,1,4029,0,2,4032,T
4-HA,1518,4166,0,1,0,4167,A
4-HA,1519,0,4149,0,0,4149,T
4-HA,1520,4123,0,4,0,4127,A
4-HA,1521,1,3,0,4131,4135,C
4-HA,1522,3727,1,1,0,3729,A
4-HA,1523,1,11,3741,0,3753,G
4-HA,1524,3550,0,0,0,3550,A
4-HA,1525,0,3,3466,0,3469,G
4-HA,1526,3430,0,0,0,3430,A
4-HA,1527,0,3182,0,2,3184,T
4-HA,1528,0,13,3166,0,3179,G
4-HA,1529,3164,1,1,0,3166,A
4-HA,1530,3151,0,4,0,3155,A
4-HA,1531,1,3,3224,0,3228,G
4-HA,1532,4,0,0,3151,3155,C
4-HA,1533,3152,0,0,0,3152,A
4-HA,1534,0,3143,0,0,3143,T
4-HA,1535,0,3141,0,0,3141,T
4-HA,1536,3166,0,2,0,3168,A
4-HA,1537,3161,1,0,0,3162,A
4-HA,1538,3149,0,2,0,3151,A
4-HA,1539,2,0,0,3167,3169,C
4-HA,1540,3039,0,0,0,3039,A
4-HA,1541,3023,0,0,0,3023,A
4-HA,1542,1,0,0,3025,3026,C
4-HA,1543,3,0,0,3015,3018,C
4-HA,1544,7,1,2996,0,3004,G
4-HA,1545,0,1,3052,0,3053,G
4-HA,1546,1,3050,0,4,3055,T
4-HA,1547,1,3013,1,1,3016,T
4-HA,1548,7,0,0,3040,3047,C
4-HA,1549,5,0,0,3046,3051,C
4-HA,1550,3049,0,3,0,3052,A
4-HA,1551,0,9,3074,1,3084,G
4-HA,1552,3075,0,0,0,3075,A
4-HA,1553,1,3041,0,0,3042,T
4-HA,1554,12,1,0,2969,2982,C
4-HA,1555,2943,0,0,0,2943,A
4-HA,1556,2930,0,2,0,2932,A
4-HA,1557,0,8,2934,0,2942,G
4-HA,1558,2,5,2920,0,2927,G
4-HA,1559,1,8,2912,0,2921,G
4-HA,1560,2816,0,3,0,2819,A
4-HA,1561,0,0,2848,0,2848,G
4-HA,1562,1,2857,0,0,2858,T
4-HA,1563,0,2850,0,1,2851,T
4-HA,1564,0,9,2856,0,2865,G
4-HA,1565,2829,0,7,0,2836,A
4-HA,1566,0,1,2840,0,2841,G
4-HA,1567,2,1,0,2813,2816,C
4-HA,1568,0,2815,0,2,2817,T
4-HA,1569,0,5,2807,0,2812,G
4-HA,1570,2798,1,1,0,2800,A
4-HA,1571,2777,0,4,0,2781,A
4-HA,1572,0,0,2780,1,2781,G
4-HA,1573,1,0,0,2660,2661,C
4-HA,1574,1,0,0,2685,2686,C
4-HA,1575,2707,0,0,0,2707,A
4-HA,1576,0,3,2702,1,2706,G
4-HA,1577,1,6,2688,0,2695,G
4-HA,1578,2,1,2648,0,2651,G
4-HA,1579,0,2779,0,1,2780,T
4-HA,1580,2828,0,1,0,2829,A
4-HA,1581,3,0,0,2819,2822,C
4-HA,1582,2816,0,1,0,2817,A
4-HA,1583,2821,0,2,0,2823,A
4-HA,1584,2822,0,2,0,2824,A
4-HA,1585,0,9,2792,0,2801,G
4-HA,1586,2736,0,1,0,2737,A
4-HA,1587,0,4,0,2519,2523,C
4-HA,1588,0,2570,0,4,2574,T
4-HA,1589,1,4,2587,0,2592,G
4-HA,1590,0,5,2584,0,2589,G
4-HA,1591,2595,1,1,0,2597,A
4-HA,1592,0,2600,0,2,2602,T
4-HA,1593,4,0,0,2571,2575,C
4-HA,1594,2,0,0,2545,2547,C
4-HA,1595,0,2542,0,1,2543,T
4-HA,1596,2559,0,0,0,2559,A
4-HA,1597,0,2558,0,1,2559,T
4-HA,1598,0,4,2544,0,2548,G
4-HA,1599,0,3,2545,0,2548,G
4-HA,1600,2465,0,0,0,2465,A
4-HA,1601,0,2451,0,0,2451,T
4-HA,1602,0,2436,0,1,2437,T
4-HA,1603,0,2402,0,1,2403,T
4-HA,1604,5,0,0,2395,2400,C
4-HA,1605,8,0,0,2401,2409,C
4-HA,1606,0,2397,1,0,2398,T
4-HA,1607,0,2395,0,0,2395,T
4-HA,1608,0,2374,0,0,2374,T
4-HA,1609,0,3,2401,0,2404,G
4-HA,1610,3,1,0,2388,2392,C
4-HA,1611,7,0,0,2389,2396,C
4-HA,1612,2359,0,0,0,2359,A
4-HA,1613,0,2348,0,0,2348,T
4-HA,1614,2375,0,0,0,2375,A
4-HA,1615,0,2354,0,0,2354,T
4-HA,1616,16,1,0,2332,2349,C
4-HA,1617,2353,0,1,0,2354,A
4-HA,1618,0,2322,0,2,2324,T
4-HA,1619,0,1,2346,0,2347,G
4-HA,1620,0,2334,0,0,2334,T
4-HA,1621,0,2292,0,0,2292,T
4-HA,1622,0,2296,1,0,2297,T
4-HA,1623,0,2230,0,1,2231,T
4-HA,1624,0,2236,0,1,2237,T
4-HA,1625,0,2233,0,0,2233,T
4-HA,1626,0,2,2233,0,2235,G
4-HA,1627,1,0,0,2217,2218,C
4-HA,1628,0,2141,0,13,2154,T
4-HA,1629,0,2159,0,0,2159,T
4-HA,1630,0,2150,0,1,2151,T
4-HA,1631,0,0,2190,0,2190,G
4-HA,1632,0,2193,0,1,2194,T
4-HA,1633,1,1,2187,0,2189,G
4-HA,1634,0,2186,0,3,2189,T
4-HA,1635,0,2138,0,1,2139,T
4-HA,1636,2,4,2142,0,2148,G
4-HA,1637,0,1,0,2126,2127,C
4-HA,1638,0,2123,0,1,2124,T
4-HA,1639,0,2147,0,1,2148,T
4-HA,1640,1,2026,0,0,2027,T
4-HA,1641,0,4,2039,0,2043,G
4-HA,1642,0,2028,0,1,2029,T
4-HA,1643,0,2015,0,2,2017,T
4-HA,1644,0,5,2008,0,2013,G
4-HA,1645,0,5,1951,0,1956,G
4-HA,1646,1,3,1939,0,1943,G
4-HA,1647,0,1,1955,0,1956,G
4-HA,1648,0,1913,0,1,1914,T
4-HA,1649,0,1890,0,1,1891,T
4-HA,1650,10,1,0,1855,1866,C
4-HA,1651,1847,0,1,0,1848,A
4-HA,1652,0,1833,0,2,1835,T
4-HA,1653,4,1,1,1843,1849,C
4-HA,1654,1827,0,0,0,1827,A
4-HA,1655,0,1784,0,1,1785,T
4-HA,1656,0,1,1773,0,1774,G
4-HA,1657,0,1733,0,1,1734,T
4-HA,1658,2,2,1705,0,1709,G
4-HA,1659,0,2,1647,0,1649,G
4-HA,1660,0,1,1642,1,1644,G
4-HA,1661,1,0,0,1578,1579,C
4-HA,1662,1,0,0,1542,1543,C
4-HA,1663,0,1492,0,1,1493,T
4-HA,1664,0,1,1495,0,1496,G
4-HA,1665,0,0,10,1466,1476,C
4-HA,1666,3,0,0,1492,1495,C
4-HA,1667,1498,0,0,0,1498,A
4-HA,1668,1493,0,0,0,1493,A
4-HA,1669,1489,0,0,0,1489,A
4-HA,1670,1486,0,0,0,1486,A
4-HA,1671,1478,0,0,0,1478,A
4-HA,1672,0,2,1464,0,1466,G
4-HA,1673,0,2,1419,0,1421,G
4-HA,1674,0,0,0,1398,1398,C
4-HA,1675,1404,0,0,0,1404,A
4-HA,1676,1410,0,0,0,1410,A
4-HA,1677,0,0,0,1417,1417,C
4-HA,1678,1414,0,0,0,1414,A
4-HA,1679,0,1403,0,0,1403,T
4-HA,1680,0,1403,0,0,1403,T
4-HA,1681,1359,0,3,0,1362,A
4-HA,1682,0,0,1343,0,1343,G
4-HA,1683,0,0,1347,0,1347,G
4-HA,1684,0,1289,0,0,1289,T
4-HA,1685,0,0,1201,0,1201,G
4-HA,1686,1,0,0,1152,1153,C
4-HA,1687,1141,0,1,0,1142,A
4-HA,1688,1130,0,1,0,1131,A
4-HA,1689,0,0,0,1137,1137,C
4-HA,1690,1134,0,1,0,1135,A
4-HA,1691,0,1108,1,0,1109,T
4-HA,1692,0,1035,0,2,1037,T
4-HA,1693,0,1037,0,3,1040,T
4-HA,1694,1,0,1036,0,1037,G
4-HA,1695,1,1,0,1014,1016,C
4-HA,1696,1016,0,0,0,1016,A
4-HA,1697,0,947,0,0,947,T
4-HA,1698,0,916,0,0,916,T
4-HA,1699,0,888,0,0,888,T
4-HA,1700,0,0,886,0,886,G
4-HA,1701,853,0,0,0,853,A
5-NP,1,170,0,0,0,170,A
5-NP,2,0,172,0,0,172,T
5-NP,3,0,0,173,0,173,G
5-NP,4,0,0,171,0,171,G
5-NP,5,0,0,0,168,168,C
5-NP,6,0,1,179,0,180,G
5-NP,7,0,194,0,0,194,T
5-NP,8,0,0,0,195,195,C
5-NP,9,1,0,0,196,197,C
5-NP,10,1,0,0,199,200,C
5-NP,11,199,0,0,0,199,A
5-NP,12,196,1,1,0,198,A
5-NP,13,0,0,200,0,200,G
5-NP,14,0,0,207,0,207,G
5-NP,15,0,0,0,210,210,C
5-NP,16,213,0,0,0,213,A
5-NP,17,0,0,0,218,218,C
5-NP,18,0,0,0,219,219,C
5-NP,19,219,0,0,0,219,A
5-NP,20,220,0,0,0,220,A
5-NP,21,218,0,0,0,218,A
5-NP,22,0,0,0,222,222,C
5-NP,23,0,0,219,0,219,G
5-NP,24,0,0,245,0,245,G
5-NP,25,0,244,0,0,244,T
5-NP,26,1,0,0,270,271,C
5-NP,27,0,270,0,0,270,T
5-NP,28,0,273,0,0,273,T
5-NP,29,272,0,0,0,272,A
5-NP,30,0,271,0,0,271,T
5-NP,31,0,2,273,0,275,G
5-NP,32,275,0,0,0,275,A
5-NP,33,271,0,0,0,271,A
5-NP,34,0,0,0,273,273,C
5-NP,35,263,0,1,0,264,A
5-NP,36,0,0,281,0,281,G
5-NP,37,279,0,0,0,279,A
5-NP,38,0,281,0,0,281,T
5-NP,39,0,1,281,0,282,G
5-NP,40,0,0,279,0,279,G
5-NP,41,281,0,0,0,281,A
5-NP,42,287,0,2,0,289,A
5-NP,43,284,0,1,0,285,A
5-NP,44,0,0,0,295,295,C
5-NP,45,0,293,0,0,293,T
5-NP,46,0,1,300,0,301,G
5-NP,47,294,0,0,1,295,A
5-NP,48,0,301,0,0,301,T
5-NP,49,0,2,297,0,299,G
5-NP,50,0,1,297,0,298,G
5-NP,51,0,1,300,0,301,G
5-NP,52,0,3,302,0,305,G
5-NP,53,298,0,0,0,298,A
5-NP,54,0,301,0,1,302,T
5-NP,55,0,0,0,303,303,C
5-NP,56,0,0,303,0,303,G
5-NP,57,0,303,0,0,303,T
5-NP,58,0,0,0,314,314,C
5-NP,59,313,0,0,0,313,A
5-NP,60,0,1,317,0,318,G
5-NP,61,313,0,0,0,313,A
5-NP,62,321,0,0,0,321,A
5-NP,63,0,322,0,0,322,T
5-NP,64,0,0,327,0,327,G
5-NP,65,0,0,0,331,331,C
5-NP,66,329,0,0,0,329,A
5-NP,67,325,0,1,0,326,A
5-NP,68,1,0,1,324,326,C
5-NP,69,0,328,0,0,328,T
5-NP,70,0,1,331,0,332,G
5-NP,71,328,0,0,0,328,A
5-NP,72,0,0,354,0,354,G
5-NP,73,345,0,0,0,345,A
5-NP,74,0,347,0,0,347,T
5-NP,75,0,349,0,0,349,T
5-NP,76,349,0,0,0,349,A
5-NP,77,0,0,350,0,350,G
5-NP,78,0,0,347,0,347,G
5-NP,79,0,0,343,0,343,G
5-NP,80,0,0,0,341,341,C
5-NP,81,340,0,0,0,340,A
5-NP,82,0,341,0,0,341,T
5-NP,83,1,0,0,338,339,C
5-NP,84,1,1,0,343,345,C
5-NP,85,0,0,342,0,342,G
5-NP,86,0,345,0,1,346,T
5-NP,87,1,1,0,343,345,C
5-NP,88,0,2,343,0,345,G
5-NP,89,0,0,345,0,345,G
5-NP,90,0,0,345,1,346,G
5-NP,91,345,0,0,0,345,A
5-NP,92,342,0,0,0,342,A
5-NP,93,0,1,350,0,351,G
5-NP,94,343,0,0,0,343,A
5-NP,95,0,351,0,0,351,T
5-NP,96,0,0,350,0,350,G
5-NP,97,351,0,0,0,351,A
5-NP,98,0,354,0,0,354,T
5-NP,99,0,357,0,0,357,T
5-NP,100,0,0,357,0,357,G
5-NP,101,356,0,0,0,356,A
5-NP,102,0,352,0,0,352,T
5-NP,103,0,2,353,0,355,G
5-NP,104,0,0,355,0,355,G
5-NP,105,0,0,350,0,350,G
5-NP,106,365,0,0,0,365,A
5-NP,107,0,370,0,0,370,T
5-NP,108,0,370,0,0,370,T
5-NP,109,0,0,374,0,374,G
5-NP,110,0,0,367,0,367,G
5-NP,111,0,1,368,0,369,G
5-NP,112,370,0,1,0,371,A
5-NP,113,0,2,373,0,375,G
5-NP,114,371,0,0,0,371,A
5-NP,115,0,379,0,0,379,T
5-NP,116,0,380,0,0,380,T
5-NP,117,0,0,0,381,381,C
5-NP,118,0,374,0,4,378,T
5-NP,119,382,0,1,0,383,A
5-NP,120,1,0,0,384,385,C
5-NP,121,400,0,0,0,400,A
5-NP,122,0,399,0,0,399,T
5-NP,123,1,0,0,394,395,C
5-NP,124,0,0,0,402,402,C
5-NP,125,405,0,0,0,405,A
5-NP,126,414,0,0,0,414,A
5-NP,127,409,0,0,0,409,A
5-NP,128,0,416,0,0,416,T
5-NP,129,0,1,409,0,410,G
5-NP,130,0,401,0,1,402,T
5-NP,131,0,0,405,0,405,G
5-NP,132,0,0,0,405,405,C
5-NP,133,406,0,0,0,406,A
5-NP,134,0,0,0,411,411,C
5-NP,135,0,409,0,1,410,T
5-NP,136,0,2,428,0,430,G
5-NP,137,425,0,0,0,425,A
5-NP,138,435,0,0,0,435,A
5-NP,139,0,1,0,445,446,C
5-NP,140,0,443,0,1,444,T
5-NP,141,0,445,0,0,445,T
5-NP,142,442,0,0,0,442,A
5-NP,143,441,0,1,0,442,A
5-NP,144,442,0,2,0,444,A
5-NP,145,0,0,0,446,446,C
5-NP,146,0,441,0,0,441,T
5-NP,147,2,0,0,442,444,C
5-NP,148,438,0,0,0,438,A
5-NP,149,0,0,442,0,442,G
5-NP,150,0,439,0,0,439,T
5-NP,151,0,0,448,0,448,G
5-NP,152,458,0,0,0,458,A
5-NP,153,0,457,0,0,457,T
5-NP,154,2,0,0,467,469,C
5-NP,155,467,0,0,0,467,A
5-NP,156,0,469,0,0,469,T
5-NP,157,0,1,469,0,470,G
5-NP,158,468,0,0,0,468,A
5-NP,159,466,0,0,0,466,A
5-NP,160,0,1,464,0,465,G
5-NP,161,0,1,454,0,455,G
5-NP,162,0,2,454,0,456,G
5-NP,163,1,0,0,455,456,C
5-NP,164,0,0,462,0,462,G
5-NP,165,0,1,463,0,464,G
5-NP,166,0,458,0,0,458,T
5-NP,167,0,461,0,0,461,T
5-NP,168,0,0,460,0,460,G
5-NP,169,491,0,0,0,491,A
5-NP,170,0,490,0,0,490,T
5-NP,171,1,0,0,489,490,C
5-NP,172,0,0,0,494,494,C
5-NP,173,491,0,0,0,491,A
5-NP,174,0,2,489,0,491,G
5-NP,175,491,0,0,0,491,A
5-NP,176,493,0,1,0,494,A
5-NP,177,1,0,0,495,496,C
5-NP,178,463,0,0,0,463,A
5-NP,179,0,0,464,0,464,G
5-NP,180,0,0,0,461,461,C
5-NP,181,0,465,0,0,465,T
5-NP,182,0,467,0,0,467,T
5-NP,183,0,4,471,0,475,G
5-NP,184,475,0,0,0,475,A
5-NP,185,1,0,0,477,478,C
5-NP,186,476,0,1,0,477,A
5-NP,187,474,0,0,0,474,A
5-NP,188,0,475,0,0,475,T
5-NP,189,473,0,0,0,473,A
5-NP,190,0,1,473,0,474,G
5-NP,191,469,0,0,0,469,A
5-NP,192,0,1,471,0,472,G
5-NP,193,467,0,0,0,467,A
5-NP,194,477,0,1,0,478,A
5-NP,195,477,0,0,1,478,A
5-NP,196,482,0,0,0,482,A
5-NP,197,0,479,0,0,479,T
5-NP,198,0,2,483,0,485,G
5-NP,199,0,1,484,0,485,G
5-NP,200,0,479,0,0,479,T
5-NP,201,480,0,0,0,480,A
5-NP,202,0,0,0,480,480,C
5-NP,203,0,483,0,1,484,T
5-NP,204,0,0,0,495,495,C
5-NP,205,0,482,0,1,483,T
5-NP,206,0,0,0,482,482,C
5-NP,207,0,483,0,0,483,T
5-NP,208,0,0,488,1,489,G
5-NP,209,0,0,0,489,489,C
5-NP,210,0,487,0,1,488,T
5-NP,211,0,490,0,0,490,T
5-NP,212,0,486,0,0,486,T
5-NP,213,0,485,0,0,485,T
5-NP,214,3,1,483,0,487,G
5-NP,215,478,0,0,1,479,A
5-NP,216,0,482,0,0,482,T
5-NP,217,0,1,484,0,485,G
5-NP,218,481,0,0,0,481,A
5-NP,219,483,0,0,0,483,A
5-NP,220,482,0,0,0,482,A
5-NP,221,0,0,483,0,483,G
5-NP,222,484,1,0,0,485,A
5-NP,223,483,0,0,0,483,A
5-NP,224,0,0,488,0,488,G
5-NP,225,0,3,505,0,508,G
5-NP,226,506,0,0,0,506,A
5-NP,227,511,0,0,0,511,A
5-NP,228,0,513,0,0,513,T
5-NP,229,513,0,0,0,513,A
5-NP,230,513,0,0,0,513,A
5-NP,231,516,0,0,0,516,A
5-NP,232,0,516,0,0,516,T
5-NP,233,510,0,0,0,510,A
5-NP,234,1,0,0,516,517,C
5-NP,235,2,0,0,513,515,C
5-NP,236,0,510,0,0,510,T
5-NP,237,0,1,514,0,515,G
5-NP,238,9,0,504,0,513,G
5-NP,239,514,0,0,0,514,A
5-NP,240,512,0,0,0,512,A
5-NP,241,0,3,507,0,510,G
5-NP,242,512,0,0,0,512,A
5-NP,243,506,0,0,0,506,A
5-NP,244,0,0,0,505,505,C
5-NP,245,497,0,0,0,497,A
5-NP,246,0,0,0,512,512,C
5-NP,247,1,0,0,504,505,C
5-NP,248,1,0,0,502,503,C
5-NP,249,1,0,0,509,510,C
5-NP,250,497,0,0,0,497,A
5-NP,251,0,0,498,0,498,G
5-NP,252,1,0,0,495,496,C
5-NP,253,0,1,489,0,490,G
5-NP,254,0,1,0,496,497,C
5-NP,255,0,0,489,0,489,G
5-NP,256,0,1,492,0,493,G
5-NP,257,0,0,495,0,495,G
5-NP,258,0,1,492,0,493,G
5-NP,259,492,0,0,0,492,A
5-NP,260,497,0,0,0,497,A
5-NP,261,497,0,0,0,497,A
5-NP,262,0,4,490,0,494,G
5-NP,263,492,0,0,0,492,A
5-NP,264,0,487,0,0,487,T
5-NP,265,3,0,0,486,489,C
5-NP,266,1,0,0,489,490,C
5-NP,267,0,0,0,495,495,C
5-NP,268,496,0,0,0,496,A
5-NP,269,497,0,0,0,497,A
5-NP,270,0,1,497,0,498,G
5-NP,271,499,0,0,0,499,A
5-NP,272,503,0,0,0,503,A
5-NP,273,503,0,0,0,503,A
5-NP,274,503,0,0,0,503,A
5-NP,275,0,0,0,500,500,C
5-NP,276,0,497,0,0,497,T
5-NP,277,0,1,501,0,502,G
5-NP,278,0,0,501,0,501,G
5-NP,279,0,0,496,0,496,G
5-NP,280,0,2,497,0,499,G
5-NP,281,1,1,501,0,503,G
5-NP,282,0,1,508,0,509,G
5-NP,283,0,1,0,531,532,C
5-NP,284,0,0,0,533,533,C
5-NP,285,2,0,0,538,540,C
5-NP,286,607,0,1,0,608,A
5-NP,287,0,607,0,0,607,T
5-NP,288,645,0,0,0,645,A
5-NP,289,0,642,0,0,642,T
5-NP,290,641,0,0,0,641,A
5-NP,291,0,0,0,637,637,C
5-NP,292,592,0,0,0,592,A
5-NP,293,0,1,600,0,601,G
5-NP,294,0,1,597,0,598,G
5-NP,295,543,0,2,0,545,A
5-NP,296,0,2,545,0,547,G
5-NP,297,522,0,0,0,522,A
5-NP,298,0,0,535,0,535,G
5-NP,299,0,528,0,0,528,T
5-NP,300,527,0,1,0,528,A
5-NP,301,0,0,532,0,532,G
5-NP,302,521,0,0,0,521,A
5-NP,303,0,517,0,1,518,T
5-NP,304,0,1,518,0,519,G
5-NP,305,1,2,518,0,521,G
5-NP,306,520,0,0,0,520,A
5-NP,307,517,0,0,0,517,A
5-NP,308,516,0,0,0,516,A
5-NP,309,520,0,0,0,520,A
5-NP,310,0,519,0,0,519,T
5-NP,311,1,2,520,0,523,G
5-NP,312,1,1,518,0,520,G
5-NP,313,522,0,0,0,522,A
5-NP,314,0,518,0,0,518,T
5-NP,315,0,1,517,0,518,G
5-NP,316,515,0,0,0,515,A
5-NP,317,0,0,522,0,522,G
5-NP,318,1,2,511,0,514,G
5-NP,319,0,2,519,0,521,G
5-NP,320,543,0,1,0,544,A
5-NP,321,552,0,0,0,552,A
5-NP,322,1,0,0,568,569,C
5-NP,323,0,554,0,0,554,T
5-NP,324,1,0,0,589,590,C
5-NP,325,0,0,608,0,608,G
5-NP,326,0,614,0,0,614,T
5-NP,327,1,0,0,624,625,C
5-NP,328,0,0,0,769,769,C
5-NP,329,0,777,0,0,777,T
5-NP,330,0,780,0,0,780,T
5-NP,331,0,776,0,0,776,T
5-NP,332,780,0,0,0,780,A
5-NP,333,0,784,1,1,786,T
5-NP,334,0,6,775,1,782,G
5-NP,335,787,0,1,0,788,A
5-NP,336,0,0,0,797,797,C
5-NP,337,790,0,0,0,790,A
5-NP,338,798,0,0,0,798,A
5-NP,339,799,0,0,0,799,A
5-NP,340,0,0,873,0,873,G
5-NP,341,876,0,0,0,876,A
5-NP,342,876,0,0,1,877,A
5-NP,343,0,2,964,0,966,G
5-NP,344,981,0,1,0,982,A
5-NP,345,992,0,1,0,993,A
5-NP,346,991,0,1,0,992,A
5-NP,347,0,992,0,0,992,T
5-NP,348,993,0,0,0,993,A
5-NP,349,993,0,1,0,994,A
5-NP,350,0,1,1012,0,1013,G
5-NP,351,0,1,1018,0,1019,G
5-NP,352,0,0,0,1010,1010,C
5-NP,353,0,2,1021,0,1023,G
5-NP,354,1023,0,0,0,1023,A
5-NP,355,1044,0,0,0,1044,A
5-NP,356,0,1049,0,1,1050,T
5-NP,357,0,0,0,1053,1053,C
5-NP,358,0,1053,0,1,1054,T
5-NP,359,0,1,1052,0,1053,G
5-NP,360,2,2,1048,0,1052,G
5-NP,361,1,0,0,1058,1059,C
5-NP,362,1,0,1054,0,1055,G
5-NP,363,0,1,0,1048,1049,C
5-NP,364,0,0,0,1056,1056,C
5-NP,365,1071,0,0,0,1071,A
5-NP,366,1081,0,0,0,1081,A
5-NP,367,1,1,1128,0,1130,G
5-NP,368,1,0,0,1131,1132,C
5-NP,369,1,0,0,1170,1171,C
5-NP,370,1171,0,1,0,1172,A
5-NP,371,1207,0,0,0,1207,A
5-NP,372,1,0,0,1231,1232,C
5-NP,373,1239,1,0,0,1240,A
5-NP,374,1261,0,0,0,1261,A
5-NP,375,0,1265,0,0,1265,T
5-NP,376,0,4,1295,0,1299,G
5-NP,377,0,0,1294,0,1294,G
5-NP,378,0,1282,0,0,1282,T
5-NP,379,0,2,1304,0,1306,G
5-NP,380,1300,0,0,0,1300,A
5-NP,381,0,3,1335,0,1338,G
5-NP,382,0,3,1334,0,1337,G
5-NP,383,1364,0,0,0,1364,A
5-NP,384,1,1525,0,1,1527,T
5-NP,385,0,1,1563,0,1564,G
5-NP,386,3,0,0,1575,1578,C
5-NP,387,0,1585,0,1,1586,T
5-NP,388,1604,0,0,0,1604,A
5-NP,389,2,1,0,1646,1649,C
5-NP,390,1646,1,0,0,1647,A
5-NP,391,1,1651,0,1,1653,T
5-NP,392,1,0,0,1658,1659,C
5-NP,393,0,1608,0,0,1608,T
5-NP,394,0,1,1707,0,1708,G
5-NP,395,0,0,1752,0,1752,G
5-NP,396,0,1746,0,2,1748,T
5-NP,397,2,0,0,1762,1764,C
5-NP,398,0,1758,0,1,1759,T
5-NP,399,1808,0,1,0,1809,A
5-NP,400,1808,0,1,0,1809,A
5-NP,401,0,1,0,1833,1834,C
5-NP,402,0,1831,0,3,1834,T
5-NP,403,6,1,0,1854,1861,C
5-NP,404,1847,0,1,0,1848,A
5-NP,405,0,1,0,1963,1964,C
5-NP,406,1957,0,1,0,1958,A
5-NP,407,0,1978,0,1,1979,T
5-NP,408,1964,0,0,0,1964,A
5-NP,409,1974,0,0,0,1974,A
5-NP,410,0,1991,0,1,1992,T
5-NP,411,1,9,2022,0,2032,G
5-NP,412,2024,0,0,0,2024,A
5-NP,413,0,2013,1,0,2014,T
5-NP,414,0,1988,0,0,1988,T
5-NP,415,0,2002,0,0,2002,T
5-NP,416,0,8,1990,0,1998,G
5-NP,417,0,3,1998,0,2001,G
5-NP,418,2,0,0,2002,2004,C
5-NP,419,2014,0,1,0,2015,A
5-NP,420,0,2023,0,1,2024,T
5-NP,421,0,2028,0,0,2028,T
5-NP,422,4,0,0,2028,2032,C
5-NP,423,0,2026,0,0,2026,T
5-NP,424,2120,0,0,0,2120,A
5-NP,425,2116,0,0,1,2117,A
5-NP,426,0,2132,0,1,2133,T
5-NP,427,0,2131,0,0,2131,T
5-NP,428,0,2126,0,0,2126,T
5-NP,429,0,4,2143,0,2147,G
5-NP,430,2134,0,0,0,2134,A
5-NP,431,2152,0,1,0,2153,A
5-NP,432,7,2155,0,0,2162,T
5-NP,433,0,3,2128,1,2132,G
5-NP,434,2211,0,1,0,2212,A
5-NP,435,0,2225,0,0,2225,T
5-NP,436,1,1,2249,0,2251,G
5-NP,437,1,2,0,2317,2320,C
5-NP,438,2305,0,5,0,2310,A
5-NP,439,2437,0,0,0,2437,A
5-NP,440,0,1,0,2454,2455,C
5-NP,441,2488,0,1,0,2489,A
5-NP,442,0,2569,0,0,2569,T
5-NP,443,2520,0,1,1,2522,A
5-NP,444,2,0,0,2580,2582,C
5-NP,445,3,1,1,2578,2583,C
5-NP,446,2545,0,0,0,2545,A
5-NP,447,0,6,2564,0,2570,G
5-NP,448,2531,0,4,0,2535,A
5-NP,449,2,8,2586,0,2596,G
5-NP,450,0,10,2553,1,2564,G
5-NP,451,2587,0,0,0,2587,A
5-NP,452,2,1,0,2633,2636,C
5-NP,453,2612,0,1,0,2613,A
5-NP,454,2617,0,1,0,2618,A
5-NP,455,0,9,2614,0,2623,G
5-NP,456,2562,0,6,0,2568,A
5-NP,457,0,2,2608,0,2610,G
5-NP,458,4,0,0,2608,2612,C
5-NP,459,0,2611,0,5,2616,T
5-NP,460,7,0,0,2624,2631,C
5-NP,461,0,2616,0,3,2619,T
5-NP,462,0,2648,0,0,2648,T
5-NP,463,0,1,2646,0,2647,G
5-NP,464,0,2631,0,1,2632,T
5-NP,465,1,2634,1,3,2639,T
5-NP,466,12,0,0,2627,2639,C
5-NP,467,1,16,2611,0,2628,G
5-NP,468,2648,1,0,0,2649,A
5-NP,469,2667,0,1,0,2668,A
5-NP,470,0,0,0,2693,2693,C
5-NP,471,0,2700,0,0,2700,T
5-NP,472,0,1,2740,0,2741,G
5-NP,473,0,2,2735,1,2738,G
5-NP,474,2733,0,2,0,2735,A
5-NP,475,2744,1,2,0,2747,A
5-NP,476,0,2731,0,0,2731,T
5-NP,477,1,7,2737,0,2745,G
5-NP,478,0,7,2749,0,2756,G
5-NP,479,2765,0,1,0,2766,A
5-NP,480,0,2820,0,1,2821,T
5-NP,481,5,1,0,2833,2839,C
5-NP,482,7,1,0,2848,2856,C
5-NP,483,2,1,0,2873,2876,C
5-NP,484,2943,0,0,0,2943,A
5-NP,485,0,9,2983,0,2992,G
5-NP,486,3005,0,0,0,3005,A
5-NP,487,3005,0,0,0,3005,A
5-NP,488,0,3008,0,0,3008,T
5-NP,489,2,0,3083,0,3085,G
5-NP,490,1,3038,0,0,3039,T
5-NP,491,2,2,3087,1,3092,G
5-NP,492,2,1,1,3100,3104,C
5-NP,493,0,3081,0,2,3083,T
5-NP,494,8,0,0,3371,3379,C
5-NP,495,1,3365,0,1,3367,T
5-NP,496,4,0,0,3543,3547,C
5-NP,497,0,3549,0,2,3551,T
5-NP,498,1,3,3592,0,3596,G
5-NP,499,3614,0,3,0,3617,A
5-NP,500,0,3627,1,0,3628,T
5-NP,501,1,0,3622,0,3623,G
5-NP,502,0,1,1,3623,3625,C
5-NP,503,3568,0,4,0,3572,A
5-NP,504,0,5,3665,0,3670,G
5-NP,505,1,8,3607,0,3616,G
5-NP,506,1,3,3658,1,3663,G
5-NP,507,3,1,0,3648,3652,C
5-NP,508,0,3650,0,2,3652,T
5-NP,509,9,3,0,3684,3696,C
5-NP,510,0,11,3676,0,3687,G
5-NP,511,3733,0,5,1,3739,A
5-NP,512,1,1,0,3760,3762,C
5-NP,513,1,3711,0,3,3715,T
5-NP,514,7,0,0,3919,3926,C
5-NP,515,0,3886,0,0,3886,T
5-NP,516,8,1,0,4537,4546,C
5-NP,517,3,1,0,4557,4561,C
5-NP,518,2,2,0,4580,4584,C
5-NP,519,0,4598,0,0,4598,T
5-NP,520,4553,0,0,0,4553,A
5-NP,521,0,5,4552,0,4557,G
5-NP,522,4523,0,1,0,4524,A
5-NP,523,4430,1,1,1,4433,A
5-NP,524,0,6,4450,0,4456,G
5-NP,525,0,0,4412,1,4413,G
5-NP,526,0,4340,0,2,4342,T
5-NP,527,8,0,0,4390,4398,C
5-NP,528,7,4,0,4387,4398,C
5-NP,529,1,9,4397,0,4407,G
5-NP,530,0,8,4414,0,4422,G
5-NP,531,4390,0,5,1,4396,A
5-NP,532,0,4,4468,0,4472,G
5-NP,533,2,0,0,4470,4472,C
5-NP,534,0,4435,0,6,4441,T
5-NP,535,1,1,4448,0,4450,G
5-NP,536,5,1,0,4468,4474,C
5-NP,537,4457,0,3,0,4460,A
5-NP,538,0,5,4481,0,4486,G
5-NP,539,0,4,4456,0,4460,G
5-NP,540,0,4371,0,1,4372,T
5-NP,541,0,5,4435,0,4440,G
5-NP,542,2,0,0,4455,4457,C
5-NP,543,0,4481,0,7,4488,T
5-NP,544,1,2,4521,0,4524,G
5-NP,545,3,2,0,4514,4519,C
5-NP,546,4572,0,2,0,4574,A
5-NP,547,0,1,4669,0,4670,G
5-NP,548,0,4619,1,2,4622,T
5-NP,549,5,0,0,4663,4668,C
5-NP,550,4670,0,1,0,4671,A
5-NP,551,4666,0,1,0,4667,A
5-NP,552,4649,0,9,2,4660,A
5-NP,553,0,6,4692,0,4698,G
5-NP,554,0,20,4687,0,4707,G
5-NP,555,4698,0,0,0,4698,A
5-NP,556,4681,0,1,1,4683,A
5-NP,557,0,4682,0,2,4684,T
5-NP,558,13,4,0,4700,4717,C
5-NP,559,4,8,4674,0,4686,G
5-NP,560,15,8,4764,1,4788,G
5-NP,561,1,12,4781,0,4794,G
5-NP,562,4771,0,2,0,4773,A
5-NP,563,3,1,1,4824,4829,C
5-NP,564,4769,0,2,0,4771,A
5-NP,565,4900,0,0,0,4900,A
5-NP,566,0,4945,0,2,4947,T
5-NP,567,0,7,4985,1,4993,G
5-NP,568,0,4,5063,0,5067,G
5-NP,569,0,4992,0,13,5005,T
5-NP,570,1,10,5132,0,5143,G
5-NP,571,5082,0,5,0,5087,A
5-NP,572,0,5138,0,2,5140,T
5-NP,573,0,18,5130,0,5148,G
5-NP,574,0,19,5183,0,5202,G
5-NP,575,5124,1,1,0,5126,A
5-NP,576,5186,0,4,1,5191,A
5-NP,577,0,1,0,5199,5200,C
5-NP,578,0,5069,0,1,5070,T
5-NP,579,3,16,5299,0,5318,G
5-NP,580,5262,1,3,0,5266,A
5-NP,581,1,5279,1,1,5282,T
5-NP,582,15,1,2,5317,5335,C
5-NP,583,5260,0,2,1,5263,A
5-NP,584,0,10,5426,0,5436,G
5-NP,585,5330,0,2,0,5332,A
5-NP,586,5360,0,2,1,5363,A
5-NP,587,0,5408,0,1,5409,T
5-NP,588,6,16,5296,0,5318,G
5-NP,589,2,2,5373,0,5377,G
5-NP,590,0,5341,0,3,5344,T
5-NP,591,15,0,0,5365,5380,C
5-NP,592,5390,0,0,0,5390,A
5-NP,593,5341,0,2,0,5343,A
5-NP,594,5355,0,1,1,5357,A
5-NP,595,1,0,0,5368,5369,C
5-NP,596,0,13,5374,1,5388,G
5-NP,597,1,13,5362,0,5376,G
5-NP,598,0,5,5330,3,5338,G
5-NP,599,2,15,5345,0,5362,G
5-NP,600,5355,1,1,0,5357,A
5-NP,601,5399,0,3,1,5403,A
5-NP,602,0,5366,0,4,5370,T
5-NP,603,26,1,0,5405,5432,C
5-NP,604,5430,0,2,0,5432,A
5-NP,605,5409,0,0,0,5409,A
5-NP,606,1,1,0,5403,5405,C
5-NP,607,0,15,5349,0,5364,G
5-NP,608,5328,1,1,0,5330,A
5-NP,609,0,5308,0,1,5309,T
5-NP,610,21,1,0,5333,5355,C
5-NP,611,1,18,5371,1,5391,G
5-NP,612,5313,1,0,0,5314,A
5-NP,613,5345,0,0,1,5346,A
5-NP,614,5341,0,1,1,5343,A
5-NP,615,1,5426,1,0,5428,T
5-NP,616,0,5436,0,0,5436,T
5-NP,617,0,5439,0,0,5439,T
5-NP,618,0,5445,0,0,5445,T
5-NP,619,0,5474,0,0,5474,T
5-NP,620,1,13,5455,0,5469,G
5-NP,621,0,20,5438,0,5458,G
5-NP,622,5383,0,1,0,5384,A
5-NP,623,1,7,5472,0,5480,G
5-NP,624,5378,0,1,0,5379,A
5-NP,625,1,14,5673,0,5688,G
5-NP,626,0,1,5694,0,5695,G
5-NP,627,1,5560,0,2,5563,T
5-NP,628,1,21,5685,0,5707,G
5-NP,629,5680,0,11,1,5692,A
5-NP,630,2,19,5730,0,5751,G
5-NP,631,5701,0,3,0,5704,A
5-NP,632,5719,0,1,0,5720,A
5-NP,633,0,5711,1,0,5712,T
5-NP,634,2,17,5528,0,5547,G
5-NP,635,1,9,5483,0,5493,G
5-NP,636,1,4,5460,0,5465,G
5-NP,637,4,4,0,5454,5462,C
5-NP,638,1,17,5480,0,5498,G
5-NP,639,2,19,5553,0,5574,G
5-NP,640,5538,0,0,0,5538,A
5-NP,641,5575,0,3,0,5578,A
5-NP,642,5695,0,0,1,5696,A
5-NP,643,5689,0,4,3,5696,A
5-NP,644,2,0,0,5735,5737,C
5-NP,645,5732,0,0,0,5732,A
5-NP,646,5714,0,0,0,5714,A
5-NP,647,1,6,5695,0,5702,G
5-NP,648,5559,0,1,1,5561,A
5-NP,649,5599,0,0,0,5599,A
5-NP,650,0,1,5736,0,5737,G
5-NP,651,2,5661,0,0,5663,T
5-NP,652,4,5,5973,0,5982,G
5-NP,653,6,0,0,5941,5947,C
5-NP,654,0,5955,1,2,5958,T
5-NP,655,0,6024,1,2,6027,T
5-NP,656,6098,0,0,0,6098,A
5-NP,657,2,6102,0,0,6104,T
5-NP,658,0,11,6122,1,6134,G
5-NP,659,5991,0,7,0,5998,A
5-NP,660,0,30,6005,1,6036,G
5-NP,661,5787,0,4,0,5791,A
5-NP,662,2,15,5828,0,5845,G
5-NP,663,5824,1,2,0,5827,A
5-NP,664,5898,1,1,0,5900,A
5-NP,665,0,5852,0,1,5853,T
5-NP,666,4,3,5926,0,5933,G
5-NP,667,0,5850,1,4,5855,T
5-NP,668,0,10,5917,0,5927,G
5-NP,669,3,2,0,5891,5896,C
5-NP,670,5910,1,3,0,5914,A
5-NP,671,5926,0,3,0,5929,A
5-NP,672,2,1,0,5934,5937,C
5-NP,673,5912,0,1,0,5913,A
5-NP,674,0,5938,0,1,5939,T
5-NP,675,0,5871,0,0,5871,T
5-NP,676,15,0,0,5877,5892,C
5-NP,677,0,5873,1,1,5875,T
5-NP,678,1,5885,1,9,5896,T
5-NP,679,5896,1,1,0,5898,A
5-NP,680,5861,0,2,0,5863,A
5-NP,681,5866,0,0,0,5866,A
5-NP,682,1,11,5866,0,5878,G
5-NP,683,2,19,5847,0,5868,G
5-NP,684,5861,0,0,0,5861,A
5-NP,685,5860,0,0,1,5861,A
5-NP,686,5871,0,1,0,5872,A
5-NP,687,5937,0,0,1,5938,A
5-NP,688,0,5915,0,0,5915,T
5-NP,689,1,5913,0,0,5914,T
5-NP,690,0,5922,1,1,5924,T
5-NP,691,23,2,0,5915,5940,C
5-NP,692,5949,0,10,1,5960,A
5-NP,693,5957,1,0,0,5958,A
5-NP,694,5933,0,2,0,5935,A
5-NP,695,4,2,0,6019,6025,C
5-NP,696,5964,1,1,0,5966,A
5-NP,697,0,4,6053,0,6057,G
5-NP,698,8,0,0,6074,6082,C
5-NP,699,0,6058,1,5,6064,T
5-NP,700,3,8,6166,0,6177,G
5-NP,701,5,4,1,6157,6167,C
5-NP,702,6222,1,5,0,6228,A
5-NP,703,1,0,0,6243,6244,C
5-NP,704,6208,0,1,0,6209,A
5-NP,705,6213,1,2,0,6216,A
5-NP,706,6099,0,5,2,6106,A
5-NP,707,0,15,6276,0,6291,G
5-NP,708,6236,1,10,0,6247,A
5-NP,709,0,4,6298,0,6302,G
5-NP,710,5,1,0,6317,6323,C
5-NP,711,6312,0,3,0,6315,A
5-NP,712,6464,0,4,1,6469,A
5-NP,713,0,6491,0,0,6491,T
5-NP,714,3,25,6487,0,6515,G
5-NP,715,2,3,6499,0,6504,G
5-NP,716,1,6307,0,4,6312,T
5-NP,717,2,22,6353,0,6377,G
5-NP,718,0,14,6384,0,6398,G
5-NP,719,6408,1,4,0,6413,A
5-NP,720,0,6382,0,1,6383,T
5-NP,721,29,1,0,6264,6294,C
5-NP,722,6329,0,2,0,6331,A
5-NP,723,6371,0,10,0,6381,A
5-NP,724,34,2,6387,0,6423,G
5-NP,725,0,6340,0,1,6341,T
5-NP,726,1,16,6354,0,6371,G
5-NP,727,6319,0,4,0,6323,A
5-NP,728,1,18,6320,2,6341,G
5-NP,729,6328,0,5,0,6333,A
5-NP,730,0,12,6324,0,6336,G
5-NP,731,6286,1,4,0,6291,A
5-NP,732,6198,0,0,1,6199,A
5-NP,733,6209,1,4,1,6215,A
5-NP,734,0,0,6226,0,6226,G
5-NP,735,0,6144,0,0,6144,T
5-NP,736,33,7,0,6151,6191,C
5-NP,737,2,15,6160,0,6177,G
5-NP,738,0,23,6169,1,6193,G
5-NP,739,6220,0,1,0,6221,A
5-NP,740,6189,0,2,0,6191,A
5-NP,741,2,0,0,6227,6229,C
5-NP,742,28,1,1,6191,6221,C
5-NP,743,8,0,1,6238,6247,C
5-NP,744,6236,0,3,0,6239,A
5-NP,745,1,11,6261,0,6273,G
5-NP,746,0,16,6212,0,6228,G
5-NP,747,6218,0,1,1,6220,A
5-NP,748,6236,0,0,0,6236,A
5-NP,749,6184,0,3,1,6188,A
5-NP,750,2,2,0,6243,6247,C
5-NP,751,1,3,6206,0,6210,G
5-NP,752,5,0,0,6206,6211,C
5-NP,753,0,6188,0,5,6193,T
5-NP,754,2,29,6212,0,6243,G
5-NP,755,6204,0,1,0,6205,A
5-NP,756,0,30,6270,1,6301,G
5-NP,757,6308,0,0,0,6308,A
5-NP,758,2,6226,0,0,6228,T
5-NP,759,21,4,1,6165,6191,C
5-NP,760,4,17,6218,0,6239,G
5-NP,761,6212,0,0,0,6212,A
5-NP,762,6216,0,0,0,6216,A
5-NP,763,0,7,6205,0,6212,G
5-NP,764,6217,1,1,0,6219,A
5-NP,765,0,6224,0,0,6224,T
5-NP,766,20,3,0,6258,6281,C
5-NP,767,0,6303,0,7,6310,T
5-NP,768,22,1,0,6337,6360,C
5-NP,769,6390,0,1,0,6391,A
5-NP,770,0,6370,1,1,6372,T
5-NP,771,6395,0,2,0,6397,A
5-NP,772,1,6378,0,1,6380,T
5-NP,773,1,6343,0,1,6345,T
5-NP,774,0,6329,0,0,6329,T
5-NP,775,0,6255,0,1,6256,T
5-NP,776,0,6265,2,4,6271,T
5-NP,777,6306,0,1,0,6307,A
5-NP,778,0,6,6248,0,6254,G
5-NP,779,4,1,0,6272,6277,C
5-NP,780,6275,0,4,0,6279,A
5-NP,781,6247,0,3,0,6250,A
5-NP,782,0,14,6403,0,6417,G
5-NP,783,6379,1,1,0,6381,A
5-NP,784,0,6396,1,0,6397,T
5-NP,785,10,0,0,6445,6455,C
5-NP,786,0,6400,1,8,6409,T
5-NP,787,1,4,6584,0,6589,G
5-NP,788,7,1,1,6597,6606,C
5-NP,789,6597,3,0,0,6600,A
5-NP,790,1,6666,0,0,6667,T
5-NP,791,0,6528,0,1,6529,T
5-NP,792,1,33,6855,0,6889,G
5-NP,793,6969,1,2,0,6972,A
5-NP,794,0,6988,0,1,6989,T
5-NP,795,7003,0,1,0,7004,A
5-NP,796,0,6886,0,0,6886,T
5-NP,797,0,6835,0,1,6836,T
5-NP,798,2,26,6859,0,6887,G
5-NP,799,6797,0,2,0,6799,A
5-NP,800,0,13,6847,0,6860,G
5-NP,801,6539,1,6,0,6546,A
5-NP,802,2,16,6464,0,6482,G
5-NP,803,0,22,6522,0,6544,G
5-NP,804,6493,0,1,0,6494,A
5-NP,805,3,6448,0,1,6452,T
5-NP,806,21,2,0,6530,6553,C
5-NP,807,6483,0,1,0,6484,A
5-NP,808,0,1,6531,0,6532,G
5-NP,809,0,6519,1,2,6522,T
5-NP,810,2,6472,0,0,6474,T
5-NP,811,0,4,6446,0,6450,G
5-NP,812,3,1,0,6386,6390,C
5-NP,813,0,6382,0,6,6388,T
5-NP,814,35,0,0,6387,6422,C
5-NP,815,6391,1,4,2,6398,A
5-NP,816,6,3,0,6453,6462,C
5-NP,817,6455,0,3,0,6458,A
5-NP,818,6455,0,0,0,6455,A
5-NP,819,6414,1,1,0,6416,A
5-NP,820,0,6372,0,0,6372,T
5-NP,821,20,2,0,6444,6466,C
5-NP,822,0,6437,0,3,6440,T
5-NP,823,0,6433,1,0,6434,T
5-NP,824,0,9,6437,0,6446,G
5-NP,825,7,4,1,6427,6439,C
5-NP,826,16,0,1,6475,6492,C
5-NP,827,1,6529,0,2,6532,T
5-NP,828,6411,0,1,0,6412,A
5-NP,829,1,1,0,6553,6555,C
5-NP,830,9,1,0,6535,6545,C
5-NP,831,2,6519,0,7,6528,T
5-NP,832,1,6,6604,0,6611,G
5-NP,833,6,0,0,6525,6531,C
5-NP,834,8,0,2,6590,6600,C
5-NP,835,0,6494,0,4,6498,T
5-NP,836,1,0,6708,0,6709,G
5-NP,837,2,6611,0,1,6614,T
5-NP,838,3,3,6768,0,6774,G
5-NP,839,24,2,0,6802,6828,C
5-NP,840,0,4,6940,0,6944,G
5-NP,841,1,6819,0,7,6827,T
5-NP,842,6812,0,1,0,6813,A
5-NP,843,1,6809,1,0,6811,T
5-NP,844,1,20,6797,1,6819,G
5-NP,845,1,23,6988,1,7013,G
5-NP,846,6948,1,3,0,6952,A
5-NP,847,4,2,0,6817,6823,C
5-NP,848,8,0,0,6819,6827,C
5-NP,849,2,6685,0,7,6694,T
5-NP,850,2,6,6987,1,6996,G
5-NP,851,5,3,0,6992,7000,C
5-NP,852,7041,1,8,0,7050,A
5-NP,853,1,1,7167,0,7169,G
5-NP,854,0,6915,0,4,6919,T
5-NP,855,7191,0,0,0,7191,A
5-NP,856,2,7124,0,2,7128,T
5-NP,857,16,3,1,7122,7142,C
5-NP,858,9,0,0,7162,7171,C
5-NP,859,6877,0,2,0,6879,A
5-NP,860,1,2,6897,0,6900,G
5-NP,861,0,6827,0,1,6828,T
5-NP,862,1,11,6910,1,6923,G
5-NP,863,1,18,6861,0,6880,G
5-NP,864,1,4,6793,0,6798,G
5-NP,865,0,6779,0,6,6785,T
5-NP,866,6825,1,1,0,6827,A
5-NP,867,5,2,0,6824,6831,C
5-NP,868,3,44,6742,1,6790,G
5-NP,869,6745,1,2,0,6748,A
5-NP,870,2,0,0,6774,6776,C
5-NP,871,0,6595,0,0,6595,T
5-NP,872,2,6606,0,1,6609,T
5-NP,873,21,1,0,6633,6655,C
5-NP,874,1,19,6634,2,6656,G
5-NP,875,6609,0,3,1,6613,A
5-NP,876,6658,1,3,0,6662,A
5-NP,877,6679,0,1,0,6680,A
5-NP,878,6651,0,1,1,6653,A
5-NP,879,6643,1,3,0,6647,A
5-NP,880,1,8,6653,0,6662,G
5-NP,881,6619,0,8,0,6627,A
5-NP,882,0,8,6670,0,6678,G
5-NP,883,3,10,6707,0,6720,G
5-NP,884,1,14,6742,0,6757,G
5-NP,885,6729,1,9,0,6739,A
5-NP,886,0,6733,0,1,6734,T
5-NP,887,6820,0,0,0,6820,A
5-NP,888,0,6792,0,0,6792,T
5-NP,889,4,6823,0,1,6828,T
5-NP,890,26,0,0,6872,6898,C
5-NP,891,10,0,0,6878,6888,C
5-NP,892,1,6805,1,2,6809,T
5-NP,893,1,6819,0,1,6821,T
5-NP,894,0,11,6878,0,6889,G
5-NP,895,1,3,6910,0,6914,G
5-NP,896,1,6828,0,2,6831,T
5-NP,897,0,9,6858,0,6867,G
5-NP,898,0,2,6816,0,6818,G
5-NP,899,1,16,7112,0,7129,G
5-NP,900,7100,1,1,0,7102,A
5-NP,901,7143,0,1,0,7144,A
5-NP,902,1,7131,0,3,7135,T
5-NP,903,7041,0,3,0,7044,A
5-NP,904,0,10,7036,1,7047,G
5-NP,905,6922,0,9,0,6931,A
5-NP,906,3,0,0,6912,6915,C
5-NP,907,13,0,2,6825,6840,C
5-NP,908,9,0,0,6799,6808,C
5-NP,909,1,6897,0,10,6908,T
5-NP,910,0,6894,1,2,6897,T
5-NP,911,0,6914,1,0,6915,T
5-NP,912,20,2,1,6921,6944,C
5-NP,913,6924,2,0,0,6926,A
5-NP,914,6925,0,1,0,6926,A
5-NP,915,6908,2,0,0,6910,A
5-NP,916,4,1,1,6907,6913,C
5-NP,917,0,6742,0,0,6742,T
5-NP,918,6715,0,1,0,6716,A
5-NP,919,1,0,0,6777,6778,C
5-NP,920,1,6750,0,1,6752,T
5-NP,921,0,6706,0,0,6706,T
5-NP,922,12,1,1,6780,6794,C
5-NP,923,6787,0,1,0,6788,A
5-NP,924,6796,0,1,0,6797,A
5-NP,925,6751,0,0,1,6752,A
5-NP,926,6737,0,5,0,6742,A
5-NP,927,0,6669,0,0,6669,T
5-NP,928,6580,1,3,0,6584,A
5-NP,929,2,2,6635,0,6639,G
5-NP,930,8,4,1,6672,6685,C
5-NP,931,12,1,0,6770,6783,C
5-NP,932,6807,0,3,0,6810,A
5-NP,933,6814,0,0,0,6814,A
5-NP,934,7041,1,0,0,7042,A
5-NP,935,1,7081,1,0,7083,T
5-NP,936,7119,1,0,0,7120,A
5-NP,937,0,7101,0,0,7101,T
5-NP,938,7009,1,3,0,7013,A
5-NP,939,0,2,0,7035,7037,C
5-NP,940,6904,1,6,0,6911,A
5-NP,941,0,3,7058,1,7062,G
5-NP,942,5,0,0,7014,7019,C
5-NP,943,0,6867,0,4,6871,T
5-NP,944,0,6960,0,0,6960,T
5-NP,945,7014,1,1,0,7016,A
5-NP,946,7018,0,1,0,7019,A
5-NP,947,0,6976,0,0,6976,T
5-NP,948,30,2,0,6979,7011,C
5-NP,949,6793,1,4,0,6798,A
5-NP,950,0,21,6868,0,6889,G
5-NP,951,6848,1,3,0,6852,A
5-NP,952,2,0,1,6905,6908,C
5-NP,953,14,1,0,6877,6892,C
5-NP,954,0,6830,0,2,6832,T
5-NP,955,6907,0,1,0,6908,A
5-NP,956,6883,0,3,0,6886,A
5-NP,957,2,1,0,6914,6917,C
5-NP,958,1,28,6894,0,6923,G
5-NP,959,6810,2,0,0,6812,A
5-NP,960,0,25,6797,1,6823,G
5-NP,961,6770,0,12,0,6782,A
5-NP,962,6836,0,0,0,6836,A
5-NP,963,0,6810,0,3,6813,T
5-NP,964,20,2,2,6744,6768,C
5-NP,965,6,2,0,6790,6798,C
5-NP,966,6671,0,5,0,6676,A
5-NP,967,0,2,6686,0,6688,G
5-NP,968,3,1,0,6696,6700,C
5-NP,969,6744,0,1,0,6745,A
5-NP,970,2,2,0,6771,6775,C
5-NP,971,6674,2,5,0,6681,A
5-NP,972,3,1,0,6709,6713,C
5-NP,973,6713,1,5,0,6719,A
5-NP,974,6742,1,3,0,6746,A
5-NP,975,0,15,6722,1,6738,G
5-NP,976,6698,0,4,0,6702,A
5-NP,977,1,0,6686,0,6687,G
5-NP,978,0,6593,0,2,6595,T
5-NP,979,30,1,0,6601,6632,C
5-NP,980,6614,0,9,2,6625,A
5-NP,981,2,5,6617,1,6625,G
5-NP,982,1,0,0,6583,6584,C
5-NP,983,3,6558,0,4,6565,T
5-NP,984,0,5,6642,0,6647,G
5-NP,985,2,3,6661,0,6666,G
5-NP,986,1,6600,0,1,6602,T
5-NP,987,1,1,6701,0,6703,G
5-NP,988,0,6627,0,2,6629,T
5-NP,989,2,14,6610,0,6626,G
5-NP,990,1,11,6566,0,6578,G
5-NP,991,6568,0,1,0,6569,A
5-NP,992,0,6582,0,3,6585,T
5-NP,993,1,6,6408,1,6416,G
5-NP,994,2,4,6390,0,6396,G
5-NP,995,5,0,1,6410,6416,C
5-NP,996,6362,0,3,0,6365,A
5-NP,997,0,6366,0,5,6371,T
5-NP,998,2,3,6334,0,6339,G
5-NP,999,8,2,0,6319,6329,C
5-NP,1000,11,2,0,6371,6384,C
5-NP,1001,6417,0,1,0,6418,A
5-NP,1002,0,6377,0,2,6379,T
5-NP,1003,0,6307,0,1,6308,T
5-NP,1004,12,0,0,6334,6346,C
5-NP,1005,1,6317,0,3,6321,T
5-NP,1006,1,9,6277,0,6287,G
5-NP,1007,6,1,0,6268,6275,C
5-NP,1008,0,6152,0,10,6162,T
5-NP,1009,3,6,6192,0,6201,G
5-NP,1010,8,0,0,6156,6164,C
5-NP,1011,6165,1,0,0,6166,A
5-NP,1012,0,6145,0,1,6146,T
5-NP,1013,0,6126,0,2,6128,T
5-NP,1014,0,6122,0,0,6122,T
5-NP,1015,4,24,6103,0,6131,G
5-NP,1016,6110,0,1,1,6112,A
5-NP,1017,6122,0,2,1,6125,A
5-NP,1018,0,18,6164,0,6182,G
5-NP,1019,6150,0,0,1,6151,A
5-NP,1020,0,6123,0,1,6124,T
5-NP,1021,0,6115,0,1,6116,T
5-NP,1022,0,6116,0,0,6116,T
5-NP,1023,6119,0,2,0,6121,A
5-NP,1024,6130,0,0,2,6132,A
5-NP,1025,0,15,6107,0,6122,G
5-NP,1026,6110,0,1,0,6111,A
5-NP,1027,1,6086,1,0,6088,T
5-NP,1028,0,6028,0,1,6029,T
5-NP,1029,1,0,6080,0,6081,G
5-NP,1030,0,6065,0,5,6070,T
5-NP,1031,0,6064,0,3,6067,T
5-NP,1032,6085,1,1,0,6087,A
5-NP,1033,6085,0,2,0,6087,A
5-NP,1034,0,4,6064,1,6069,G
5-NP,1035,5,0,1,6082,6088,C
5-NP,1036,0,5939,1,8,5948,T
5-NP,1037,1,5980,0,0,5981,T
5-NP,1038,18,0,2,6004,6024,C
5-NP,1039,6004,0,5,1,6010,A
5-NP,1040,0,5961,0,0,5961,T
5-NP,1041,10,0,1,6005,6016,C
5-NP,1042,5947,0,0,0,5947,A
5-NP,1043,0,11,5924,0,5935,G
5-NP,1044,5856,0,1,0,5857,A
5-NP,1045,0,8,5864,1,5873,G
5-NP,1046,0,7,5826,0,5833,G
5-NP,1047,12,12,5797,0,5821,G
5-NP,1048,5805,0,11,0,5816,A
5-NP,1049,1,2,0,5845,5848,C
5-NP,1050,5891,0,4,0,5895,A
5-NP,1051,5894,0,1,0,5895,A
5-NP,1052,5905,0,0,0,5905,A
5-NP,1053,5912,0,2,0,5914,A
5-NP,1054,1,0,5927,0,5928,G
5-NP,1055,0,5748,0,0,5748,T
5-NP,1056,5742,0,1,0,5743,A
5-NP,1057,0,5665,0,3,5668,T
5-NP,1058,7,0,0,5694,5701,C
5-NP,1059,1,5592,0,2,5595,T
5-NP,1060,12,2,0,5647,5661,C
5-NP,1061,6,1,0,5627,5634,C
5-NP,1062,0,5568,1,2,5571,T
5-NP,1063,8,1,0,5593,5602,C
5-NP,1064,2,10,5603,1,5616,G
5-NP,1065,1,2,5627,0,5630,G
5-NP,1066,0,8,5631,0,5639,G
5-NP,1067,1,13,5613,0,5627,G
5-NP,1068,1,9,5630,0,5640,G
5-NP,1069,5570,0,3,0,5573,A
5-NP,1070,5573,0,0,0,5573,A
5-NP,1071,5542,1,1,0,5544,A
5-NP,1072,4,2,0,5575,5581,C
5-NP,1073,0,5573,0,0,5573,T
5-NP,1074,2,1,5622,1,5626,G
5-NP,1075,1,5560,0,7,5568,T
5-NP,1076,19,0,2,5566,5587,C
5-NP,1077,5660,1,2,1,5664,A
5-NP,1078,5669,0,2,0,5671,A
5-NP,1079,0,1,0,5717,5718,C
5-NP,1080,0,5691,0,0,5691,T
5-NP,1081,5604,0,2,0,5606,A
5-NP,1082,0,10,5614,0,5624,G
5-NP,1083,5512,0,4,0,5516,A
5-NP,1084,1,8,5511,0,5520,G
5-NP,1085,2,6,5531,3,5542,G
5-NP,1086,5315,0,2,1,5318,A
5-NP,1087,20,0,5373,0,5393,G
5-NP,1088,1,5328,0,0,5329,T
5-NP,1089,5333,0,1,0,5334,A
5-NP,1090,5,0,0,5349,5354,C
5-NP,1091,5306,0,1,0,5307,A
5-NP,1092,5274,1,2,0,5277,A
5-NP,1093,5249,1,0,0,5250,A
5-NP,1094,0,5205,0,0,5205,T
5-NP,1095,0,5173,0,1,5174,T
5-NP,1096,0,3,5070,0,5073,G
5-NP,1097,2,1,0,5023,5026,C
5-NP,1098,0,4972,2,19,4993,T
5-NP,1099,0,4996,1,1,4998,T
5-NP,1100,11,1,0,4995,5007,C
5-NP,1101,5028,1,1,0,5030,A
5-NP,1102,5025,1,0,0,5026,A
5-NP,1103,5029,0,0,0,5029,A
5-NP,1104,0,5016,0,1,5017,T
5-NP,1105,1,4,5038,0,5043,G
5-NP,1106,4932,0,7,1,4940,A
5-NP,1107,0,17,4972,1,4990,G
5-NP,1108,4984,0,2,0,4986,A
5-NP,1109,4976,0,1,0,4977,A
5-NP,1110,3,0,0,4991,4994,C
5-NP,1111,4946,1,1,0,4948,A
5-NP,1112,0,4941,0,0,4941,T
5-NP,1113,0,6,5035,0,5041,G
5-NP,1114,0,11,5057,0,5068,G
5-NP,1115,5026,1,3,0,5030,A
5-NP,1116,0,4980,0,0,4980,T
5-NP,1117,4956,0,3,0,4959,A
5-NP,1118,5268,0,0,0,5268,A
5-NP,1119,0,5172,0,1,5173,T
5-NP,1120,5145,0,3,0,5148,A
5-NP,1121,0,5096,2,2,5100,T
5-NP,1122,0,10,4846,0,4856,G
5-NP,1123,1,9,4754,0,4764,G
5-NP,1124,2,11,4718,0,4731,G
5-NP,1125,4710,0,0,0,4710,A
5-NP,1126,0,4672,0,0,4672,T
5-NP,1127,9,1,0,3986,3996,C
5-NP,1128,0,11,3997,0,4008,G
5-NP,1129,3985,0,1,0,3986,A
5-NP,1130,1,5,3982,0,3988,G
5-NP,1131,3,0,0,3970,3973,C
5-NP,1132,3933,0,1,0,3934,A
5-NP,1133,3,0,0,4133,4136,C
5-NP,1134,0,4064,0,2,4066,T
5-NP,1135,15,0,0,4104,4119,C
5-NP,1136,0,4117,1,2,4120,T
5-NP,1137,0,4098,1,2,4101,T
5-NP,1138,0,24,4104,1,4129,G
5-NP,1139,4095,1,0,0,4096,A
5-NP,1140,4106,0,3,0,4109,A
5-NP,1141,0,1,0,4103,4104,C
5-NP,1142,0,3509,0,0,3509,T
5-NP,1143,0,6,3523,0,3529,G
5-NP,1144,3442,0,0,0,3442,A
5-NP,1145,1,2,3472,1,3476,G
5-NP,1146,3461,0,0,1,3462,A
5-NP,1147,3427,0,0,0,3427,A
5-NP,1148,2,3,3438,0,3443,G
5-NP,1149,5,0,0,3371,3376,C
5-NP,1150,13,3,3376,0,3392,G
5-NP,1151,0,6,3376,0,3382,G
5-NP,1152,1,1,3387,0,3389,G
5-NP,1153,0,3364,0,1,3365,T
5-NP,1154,3276,0,0,0,3276,A
5-NP,1155,3,0,0,3308,3311,C
5-NP,1156,0,3033,0,1,3034,T
5-NP,1157,1,3,3047,0,3051,G
5-NP,1158,6,1,2975,0,2982,G
5-NP,1159,1,2,3008,0,3011,G
5-NP,1160,1,1,0,2959,2961,C
5-NP,1161,3,1,0,2914,2918,C
5-NP,1162,2921,0,2,0,2923,A
5-NP,1163,0,2940,0,2,2942,T
5-NP,1164,2937,1,0,0,2938,A
5-NP,1165,2936,0,0,1,2937,A
5-NP,1166,1,5,2926,0,2932,G
5-NP,1167,0,5,2966,0,2971,G
5-NP,1168,2865,0,2,0,2867,A
5-NP,1169,2,1,0,2872,2875,C
5-NP,1170,4,0,0,2883,2887,C
5-NP,1171,2885,1,0,1,2887,A
5-NP,1172,0,0,2944,0,2944,G
5-NP,1173,0,3,2926,0,2929,G
5-NP,1174,2915,0,2,0,2917,A
5-NP,1175,1,2,2949,0,2952,G
5-NP,1176,0,2822,0,0,2822,T
5-NP,1177,1,1,2862,1,2865,G
5-NP,1178,0,6,2869,0,2875,G
5-NP,1179,2846,1,1,0,2848,A
5-NP,1180,0,4,2890,0,2894,G
5-NP,1181,1,8,2826,0,2835,G
5-NP,1182,2815,0,0,0,2815,A
5-NP,1183,2827,0,1,0,2828,A
5-NP,1184,2819,0,2,0,2821,A
5-NP,1185,0,0,0,2836,2836,C
5-NP,1186,2835,0,0,0,2835,A
5-NP,1187,1,0,0,2884,2885,C
5-NP,1188,0,2852,0,0,2852,T
5-NP,1189,2912,0,0,0,2912,A
5-NP,1190,2901,0,0,0,2901,A
5-NP,1191,0,2914,0,0,2914,T
5-NP,1192,8,1,0,2932,2941,C
5-NP,1193,2910,0,0,0,2910,A
5-NP,1194,2940,0,11,0,2951,A
5-NP,1195,0,0,1,2960,2961,C
5-NP,1196,2889,0,0,0,2889,A
5-NP,1197,0,4,2885,0,2889,G
5-NP,1198,2796,1,0,1,2798,A
5-NP,1199,0,4,2823,0,2827,G
5-NP,1200,0,3,2813,0,2816,G
5-NP,1201,3,2,2778,0,2783,G
5-NP,1202,3,0,0,2762,2765,C
5-NP,1203,3,1,0,2763,2767,C
5-NP,1204,0,2722,0,1,2723,T
5-NP,1205,2,0,0,2765,2767,C
5-NP,1206,2,4,0,2773,2779,C
5-NP,1207,1,3,2784,0,2788,G
5-NP,1208,2,1,1,2760,2764,C
5-NP,1209,2766,0,2,0,2768,A
5-NP,1210,0,3,2834,0,2837,G
5-NP,1211,1,5,2829,0,2835,G
5-NP,1212,6,0,1,2838,2845,C
5-NP,1213,8,0,0,2848,2856,C
5-NP,1214,2826,0,2,0,2828,A
5-NP,1215,2834,1,1,0,2836,A
5-NP,1216,2835,0,0,0,2835,A
5-NP,1217,0,0,0,2845,2845,C
5-NP,1218,6,0,0,2850,2856,C
5-NP,1219,2729,0,0,0,2729,A
5-NP,1220,0,0,2765,0,2765,G
5-NP,1221,0,2715,0,0,2715,T
5-NP,1222,0,3,2747,0,2750,G
5-NP,1223,0,2715,0,1,2716,T
5-NP,1224,2,3,2737,0,2742,G
5-NP,1225,4,1,0,2726,2731,C
5-NP,1226,2707,0,0,0,2707,A
5-NP,1227,2746,0,2,0,2748,A
5-NP,1228,1,1,0,2720,2722,C
5-NP,1229,6,0,0,2716,2722,C
5-NP,1230,0,2706,0,0,2706,T
5-NP,1231,2703,0,2,0,2705,A
5-NP,1232,0,0,0,2693,2693,C
5-NP,1233,0,1,2706,0,2707,G
5-NP,1234,0,2673,0,2,2675,T
5-NP,1235,0,2691,1,0,2692,T
5-NP,1236,0,2654,0,0,2654,T
5-NP,1237,0,2634,0,0,2634,T
5-NP,1238,12,1,1,2639,2653,C
5-NP,1239,0,2616,0,0,2616,T
5-NP,1240,1,0,2672,0,2673,G
5-NP,1241,0,2670,0,0,2670,T
5-NP,1242,2678,0,0,0,2678,A
5-NP,1243,1,0,0,2689,2690,C
5-NP,1244,2645,0,0,0,2645,A
5-NP,1245,2654,0,0,0,2654,A
5-NP,1246,2652,0,0,0,2652,A
5-NP,1247,0,11,2650,0,2661,G
5-NP,1248,2646,0,0,0,2646,A
5-NP,1249,2583,0,1,0,2584,A
5-NP,1250,2549,0,6,0,2555,A
5-NP,1251,0,0,0,2578,2578,C
5-NP,1252,4,0,0,2482,2486,C
5-NP,1253,0,2424,0,4,2428,T
5-NP,1254,5,0,0,2456,2461,C
5-NP,1255,1,0,0,2467,2468,C
5-NP,1256,4,0,0,2472,2476,C
5-NP,1257,2472,0,0,0,2472,A
5-NP,1258,0,2469,0,2,2471,T
5-NP,1259,0,2476,0,0,2476,T
5-NP,1260,0,2484,0,0,2484,T
5-NP,1261,0,9,2476,0,2485,G
5-NP,1262,2480,0,0,0,2480,A
5-NP,1263,2485,0,0,0,2485,A
5-NP,1264,2488,0,0,0,2488,A
5-NP,1265,2476,0,1,0,2477,A
5-NP,1266,0,0,2503,0,2503,G
5-NP,1267,0,2431,0,0,2431,T
5-NP,1268,15,0,0,2451,2466,C
5-NP,1269,2492,1,0,0,2493,A
5-NP,1270,2474,1,4,0,2479,A
5-NP,1271,0,0,0,2487,2487,C
5-NP,1272,8,0,0,2504,2512,C
5-NP,1273,2519,0,0,0,2519,A
5-NP,1274,0,2468,0,2,2470,T
5-NP,1275,3,1,0,2506,2510,C
5-NP,1276,2487,0,0,0,2487,A
5-NP,1277,1,2492,0,0,2493,T
5-NP,1278,1,8,2491,0,2500,G
5-NP,1279,0,0,2488,0,2488,G
5-NP,1280,1,0,0,2495,2496,C
5-NP,1281,2458,0,1,0,2459,A
5-NP,1282,0,3,2461,0,2464,G
5-NP,1283,8,0,0,2433,2441,C
5-NP,1284,2465,0,1,0,2466,A
5-NP,1285,0,2446,0,0,2446,T
5-NP,1286,0,2428,0,0,2428,T
5-NP,1287,9,1,0,2422,2432,C
5-NP,1288,2424,0,4,0,2428,A
5-NP,1289,2,0,0,2441,2443,C
5-NP,1290,0,2386,0,2,2388,T
5-NP,1291,0,0,2345,0,2345,G
5-NP,1292,1,5,2351,0,2357,G
5-NP,1293,2347,1,0,0,2348,A
5-NP,1294,2334,0,0,0,2334,A
5-NP,1295,2337,0,1,0,2338,A
5-NP,1296,0,2302,0,1,2303,T
5-NP,1297,2303,0,2,0,2305,A
5-NP,1298,0,0,0,2314,2314,C
5-NP,1299,1,1,2285,0,2287,G
5-NP,1300,0,3,2272,0,2275,G
5-NP,1301,2201,0,0,6,2207,A
5-NP,1302,0,1,2251,0,2252,G
5-NP,1303,0,1,2232,0,2233,G
5-NP,1304,0,5,2239,0,2244,G
5-NP,1305,2250,0,0,0,2250,A
5-NP,1306,2245,0,1,0,2246,A
5-NP,1307,1,9,2234,0,2244,G
5-NP,1308,2234,0,1,0,2235,A
5-NP,1309,2231,0,1,0,2232,A
5-NP,1310,0,1,0,2240,2241,C
5-NP,1311,0,2198,1,1,2200,T
5-NP,1312,0,2217,0,0,2217,T
5-NP,1313,6,0,0,2233,2239,C
5-NP,1314,2241,0,2,0,2243,A
5-NP,1315,0,5,2242,2,2249,G
5-NP,1316,2225,1,0,0,2226,A
5-NP,1317,1,0,0,2230,2231,C
5-NP,1318,2220,0,1,0,2221,A
5-NP,1319,0,2164,0,0,2164,T
5-NP,1320,1,6,2165,0,2172,G
5-NP,1321,2142,0,4,0,2146,A
5-NP,1322,0,3,2141,0,2144,G
5-NP,1323,0,3,2134,0,2137,G
5-NP,1324,1,3,2139,0,2143,G
5-NP,1325,0,2,0,2140,2142,C
5-NP,1326,2117,0,0,0,2117,A
5-NP,1327,3,3,2126,0,2132,G
5-NP,1328,2129,0,1,0,2130,A
5-NP,1329,2146,0,0,0,2146,A
5-NP,1330,2139,1,0,0,2140,A
5-NP,1331,0,2114,0,0,2114,T
5-NP,1332,11,1,0,2103,2115,C
5-NP,1333,2110,0,0,0,2110,A
5-NP,1334,0,2092,0,0,2092,T
5-NP,1335,2120,0,0,0,2120,A
5-NP,1336,2105,0,0,0,2105,A
5-NP,1337,0,10,2132,0,2142,G
5-NP,1338,2094,0,1,0,2095,A
5-NP,1339,2111,0,0,0,2111,A
5-NP,1340,0,2046,0,0,2046,T
5-NP,1341,0,2,2072,0,2074,G
5-NP,1342,2049,0,1,0,2050,A
5-NP,1343,0,2050,0,0,2050,T
5-NP,1344,1,3,2051,0,2055,G
5-NP,1345,0,8,2051,0,2059,G
5-NP,1346,2006,1,0,0,2007,A
5-NP,1347,1997,0,2,0,1999,A
5-NP,1348,1,2,1963,0,1966,G
5-NP,1349,0,1,1985,0,1986,G
5-NP,1350,0,1935,0,13,1948,T
5-NP,1351,7,3,1944,0,1954,G
5-NP,1352,2,0,0,1938,1940,C
5-NP,1353,1957,0,1,0,1958,A
5-NP,1354,1957,0,1,0,1958,A
5-NP,1355,1944,0,0,0,1944,A
5-NP,1356,1941,0,2,0,1943,A
5-NP,1357,0,0,0,1950,1950,C
5-NP,1358,3,0,0,1935,1938,C
5-NP,1359,1894,0,0,0,1894,A
5-NP,1360,0,2,1904,0,1906,G
5-NP,1361,1913,0,0,0,1913,A
5-NP,1362,1902,1,2,0,1905,A
5-NP,1363,0,2,1908,0,1910,G
5-NP,1364,1891,0,0,0,1891,A
5-NP,1365,1819,0,4,0,1823,A
5-NP,1366,0,1,1861,0,1862,G
5-NP,1367,0,1811,0,7,1818,T
5-NP,1368,0,0,1861,0,1861,G
5-NP,1369,0,1801,0,1,1802,T
5-NP,1370,8,0,0,1809,1817,C
5-NP,1371,1833,0,0,0,1833,A
5-NP,1372,0,1823,0,0,1823,T
5-NP,1373,0,1814,0,1,1815,T
5-NP,1374,5,1,0,1830,1836,C
5-NP,1375,0,20,0,1791,1811,C
5-NP,1376,2,1,1804,0,1807,G
5-NP,1377,0,0,1806,0,1806,G
5-NP,1378,3,2,1802,0,1807,G
5-NP,1379,0,0,1808,0,1808,G
5-NP,1380,0,2,1805,0,1807,G
5-NP,1381,1741,0,1,0,1742,A
5-NP,1382,0,2,1745,0,1747,G
5-NP,1383,0,1,1741,0,1742,G
5-NP,1384,0,1,1739,0,1740,G
5-NP,1385,0,7,1746,0,1753,G
5-NP,1386,1732,1,0,0,1733,A
5-NP,1387,0,0,1734,0,1734,G
5-NP,1388,0,1710,0,2,1712,T
5-NP,1389,0,1711,0,0,1711,T
5-NP,1390,0,1722,0,0,1722,T
5-NP,1391,0,1714,0,0,1714,T
5-NP,1392,5,0,0,1717,1722,C
5-NP,1393,0,7,1717,0,1724,G
5-NP,1394,1697,1,1,0,1699,A
5-NP,1395,0,1,1742,0,1743,G
5-NP,1396,2,0,0,1708,1710,C
5-NP,1397,0,1722,0,1,1723,T
5-NP,1398,2,0,0,1730,1732,C
5-NP,1399,0,1723,0,1,1724,T
5-NP,1400,5,1,0,1733,1739,C
5-NP,1401,1739,0,0,0,1739,A
5-NP,1402,0,1,1772,0,1773,G
5-NP,1403,1763,0,0,0,1763,A
5-NP,1404,0,0,1,1759,1760,C
5-NP,1405,0,4,1751,0,1755,G
5-NP,1406,1727,0,4,0,1731,A
5-NP,1407,1,2,1728,0,1731,G
5-NP,1408,1724,0,0,0,1724,A
5-NP,1409,1724,0,0,0,1724,A
5-NP,1410,0,0,1723,0,1723,G
5-NP,1411,1,3,1685,0,1689,G
5-NP,1412,3,0,0,1690,1693,C
5-NP,1413,1690,0,1,0,1691,A
5-NP,1414,1679,0,0,0,1679,A
5-NP,1415,1,0,1,1678,1680,C
5-NP,1416,0,2,1684,0,1686,G
5-NP,1417,1689,0,0,0,1689,A
5-NP,1418,1649,0,0,0,1649,A
5-NP,1419,2,0,0,1659,1661,C
5-NP,1420,1,0,0,1645,1646,C
5-NP,1421,2,0,0,1648,1650,C
5-NP,1422,0,6,1650,0,1656,G
5-NP,1423,1642,0,0,0,1642,A
5-NP,1424,0,1652,0,1,1653,T
5-NP,1425,8,0,0,1619,1627,C
5-NP,1426,0,0,1633,0,1633,G
5-NP,1427,0,1608,0,1,1609,T
5-NP,1428,0,3,1602,0,1605,G
5-NP,1429,2,0,0,1592,1594,C
5-NP,1430,6,0,0,1591,1597,C
5-NP,1431,3,0,1,1589,1593,C
5-NP,1432,0,1566,0,1,1567,T
5-NP,1433,2,0,0,1632,1634,C
5-NP,1434,0,1637,0,0,1637,T
5-NP,1435,0,1633,0,0,1633,T
5-NP,1436,0,1642,0,0,1642,T
5-NP,1437,0,1630,0,0,1630,T
5-NP,1438,0,1,1647,0,1648,G
5-NP,1439,1639,0,0,0,1639,A
5-NP,1440,0,1614,0,0,1614,T
5-NP,1441,1593,0,1,0,1594,A
5-NP,1442,0,1343,0,0,1343,T
5-NP,1443,0,3,1362,0,1365,G
5-NP,1444,1354,0,0,0,1354,A
5-NP,1445,0,1,1359,0,1360,G
5-NP,1446,0,1356,0,1,1357,T
5-NP,1447,1317,0,1,0,1318,A
5-NP,1448,1318,0,0,0,1318,A
5-NP,1449,0,1307,0,0,1307,T
5-NP,1450,1,4,1308,0,1313,G
5-NP,1451,1316,0,0,0,1316,A
5-NP,1452,1178,0,1,0,1179,A
5-NP,1453,0,2,1172,0,1174,G
5-NP,1454,0,3,1101,0,1104,G
5-NP,1455,1094,0,0,0,1094,A
5-NP,1456,0,1082,0,0,1082,T
5-NP,1457,2,0,0,1080,1082,C
5-NP,1458,0,1063,0,2,1065,T
5-NP,1459,0,1062,0,1,1063,T
5-NP,1460,1067,0,1,0,1068,A
5-NP,1461,0,1058,0,1,1059,T
5-NP,1462,0,1043,0,0,1043,T
5-NP,1463,0,1029,0,0,1029,T
5-NP,1464,2,0,1,1005,1008,C
5-NP,1465,0,960,0,0,960,T
5-NP,1466,0,955,0,0,955,T
5-NP,1467,6,0,0,953,959,C
5-NP,1468,1,1,960,0,962,G
5-NP,1469,0,3,959,0,962,G
5-NP,1470,948,1,0,0,949,A
5-NP,1471,0,3,957,1,961,G
5-NP,1472,943,0,0,0,943,A
5-NP,1473,0,4,0,927,931,C
5-NP,1474,893,0,0,0,893,A
5-NP,1475,893,0,0,0,893,A
5-NP,1476,0,885,0,0,885,T
5-NP,1477,0,0,889,0,889,G
5-NP,1478,0,0,0,889,889,C
5-NP,1479,851,0,0,0,851,A
5-NP,1480,0,2,856,0,858,G
5-NP,1481,846,0,0,1,847,A
5-NP,1482,792,0,0,0,792,A
5-NP,1483,0,0,790,0,790,G
5-NP,1484,508,0,1,0,509,A
5-NP,1485,0,0,510,0,510,G
5-NP,1486,0,476,0,0,476,T
5-NP,1487,469,0,1,0,470,A
5-NP,1488,0,2,0,464,466,C
5-NP,1489,0,1,439,0,440,G
5-NP,1490,431,1,0,0,432,A
5-NP,1491,0,0,0,428,428,C
5-NP,1492,306,0,1,0,307,A
5-NP,1493,299,0,0,0,299,A
5-NP,1494,0,248,0,0,248,T
5-NP,1495,0,241,0,0,241,T
5-NP,1496,239,0,0,0,239,A
5-NP,1497,227,0,0,0,227,A
6-NA,1,17,0,0,0,17,A
6-NA,2,0,17,0,0,17,T
6-NA,3,0,0,17,0,17,G
6-NA,4,17,0,0,0,17,A
6-NA,5,17,0,0,0,17,A
6-NA,6,0,17,0,0,17,T
6-NA,7,0,0,0,17,17,C
6-NA,8,0,0,0,17,17,C
6-NA,9,17,0,0,0,17,A
6-NA,10,20,0,0,0,20,A
6-NA,11,21,0,0,0,21,A
6-NA,12,0,21,0,0,21,T
6-NA,13,0,0,0,21,21,C
6-NA,14,21,0,0,0,21,A
6-NA,15,21,0,0,0,21,A
6-NA,16,21,0,0,0,21,A
6-NA,17,22,0,0,0,22,A
6-NA,18,0,0,22,0,22,G
6-NA,19,24,0,0,0,24,A
6-NA,20,0,25,0,0,25,T
6-NA,21,25,0,0,0,25,A
6-NA,22,25,0,0,0,25,A
6-NA,23,0,25,0,0,25,T
6-NA,24,25,0,0,0,25,A
6-NA,25,26,0,0,0,26,A
6-NA,26,0,0,0,27,27,C
6-NA,27,0,0,27,0,27,G
6-NA,28,26,0,0,0,26,A
6-NA,29,0,27,0,0,27,T
6-NA,30,0,27,0,0,27,T
6-NA,31,0,0,27,0,27,G
6-NA,32,0,0,28,0,28,G
6-NA,33,0,0,0,29,29,C
6-NA,34,0,29,0,0,29,T
6-NA,35,0,0,0,29,29,C
6-NA,36,0,29,0,0,29,T
6-NA,37,0,0,29,0,29,G
6-NA,38,0,29,0,0,29,T
6-NA,39,0,29,0,0,29,T
6-NA,40,0,30,0,0,30,T
6-NA,41,1,0,0,29,30,C
6-NA,42,0,30,0,0,30,T
6-NA,43,0,0,0,30,30,C
6-NA,44,0,30,0,0,30,T
6-NA,45,0,0,0,29,29,C
6-NA,46,30,0,0,0,30,A
6-NA,47,0,0,0,32,32,C
6-NA,48,1,0,0,32,33,C
6-NA,49,34,0,0,0,34,A
6-NA,50,0,34,0,0,34,T
6-NA,51,0,34,0,0,34,T
6-NA,52,0,35,0,0,35,T
6-NA,53,0,0,0,37,37,C
6-NA,54,0,0,0,37,37,C
6-NA,55,36,0,0,0,36,A
6-NA,56,0,0,0,37,37,C
6-NA,57,37,0,0,0,37,A
6-NA,58,38,0,0,0,38,A
6-NA,59,0,38,0,0,38,T
6-NA,60,39,0,0,0,39,A
6-NA,61,0,39,0,0,39,T
6-NA,62,0,0,39,0,39,G
6-NA,63,0,0,0,39,39,C
6-NA,64,0,39,0,0,39,T
6-NA,65,0,41,0,0,41,T
6-NA,66,0,0,0,41,41,C
6-NA,67,0,40,0,0,40,T
6-NA,68,0,41,0,0,41,T
6-NA,69,0,0,0,41,41,C
6-NA,70,41,0,0,0,41,A
6-NA,71,0,41,0,0,41,T
6-NA,72,0,0,41,0,41,G
6-NA,73,0,0,0,41,41,C
6-NA,74,40,0,0,0,40,A
6-NA,75,41,0,0,0,41,A
6-NA,76,41,0,0,0,41,A
6-NA,77,0,42,0,0,42,T
6-NA,78,0,42,0,0,42,T
6-NA,79,0,0,43,0,43,G
6-NA,80,0,0,0,43,43,C
6-NA,81,0,0,0,43,43,C
6-NA,82,42,0,0,0,42,A
6-NA,83,0,43,0,0,43,T
6-NA,84,0,0,0,44,44,C
6-NA,85,0,45,0,0,45,T
6-NA,86,0,46,0,0,46,T
6-NA,87,0,0,47,0,47,G
6-NA,88,47,0,0,0,47,A
6-NA,89,0,47,0,0,47,T
6-NA,90,47,0,0,0,47,A
6-NA,91,47,0,0,0,47,A
6-NA,92,0,0,0,57,57,C
6-NA,93,0,57,0,0,57,T
6-NA,94,61,0,0,0,61,A
6-NA,95,0,0,0,61,61,C
6-NA,96,0,62,0,0,62,T
6-NA,97,0,0,62,0,62,G
6-NA,98,0,63,0,0,63,T
6-NA,99,63,0,0,0,63,A
6-NA,100,63,0,0,0,63,A
6-NA,101,0,0,0,62,62,C
6-NA,102,62,0,0,0,62,A
6-NA,103,0,61,0,0,61,T
6-NA,104,0,61,0,0,61,T
6-NA,105,1,0,61,0,62,G
6-NA,106,0,0,0,62,62,C
6-NA,107,65,0,0,0,65,A
6-NA,108,0,66,0,0,66,T
6-NA,109,0,65,0,0,65,T
6-NA,110,0,66,0,0,66,T
6-NA,111,0,0,0,65,65,C
6-NA,112,65,0,0,0,65,A
6-NA,113,65,0,0,0,65,A
6-NA,114,0,0,65,0,65,G
6-NA,115,0,0,0,67,67,C
6-NA,116,68,0,0,0,68,A
6-NA,117,74,0,0,0,74,A
6-NA,118,0,74,0,0,74,T
6-NA,119,73,0,0,0,73,A
6-NA,120,0,75,0,0,75,T
6-NA,121,0,0,77,0,77,G
6-NA,122,77,0,0,0,77,A
6-NA,123,79,0,0,0,79,A
6-NA,124,0,79,0,0,79,T
6-NA,125,0,81,0,0,81,T
6-NA,126,1,0,0,80,81,C
6-NA,127,79,0,0,0,79,A
6-NA,128,80,0,0,0,80,A
6-NA,129,0,0,0,80,80,C
6-NA,130,0,80,0,0,80,T
6-NA,131,0,0,0,78,78,C
6-NA,132,1,1,0,77,79,C
6-NA,133,0,0,0,79,79,C
6-NA,134,0,0,0,80,80,C
6-NA,135,0,0,0,79,79,C
6-NA,136,0,0,0,79,79,C
6-NA,137,0,0,0,81,81,C
6-NA,138,81,0,0,0,81,A
6-NA,139,79,0,0,0,79,A
6-NA,140,80,0,0,0,80,A
6-NA,141,0,0,0,85,85,C
6-NA,142,85,0,0,0,85,A
6-NA,143,85,0,0,0,85,A
6-NA,144,0,0,0,86,86,C
6-NA,145,0,0,0,85,85,C
6-NA,146,86,0,0,0,86,A
6-NA,147,87,0,0,0,87,A
6-NA,148,0,0,88,0,88,G
6-NA,149,0,87,0,0,87,T
6-NA,150,0,0,87,0,87,G
6-NA,151,93,0,0,0,93,A
6-NA,152,0,92,0,0,92,T
6-NA,153,0,0,92,0,92,G
6-NA,154,0,0,0,90,90,C
6-NA,155,0,90,0,0,90,T
6-NA,156,0,0,98,0,98,G
6-NA,157,0,96,0,0,96,T
6-NA,158,0,0,97,0,97,G
6-NA,159,0,96,0,0,96,T
6-NA,160,0,2,94,0,96,G
6-NA,161,94,0,1,0,95,A
6-NA,162,94,0,0,0,94,A
6-NA,163,0,0,0,98,98,C
6-NA,164,0,0,0,94,94,C
6-NA,165,95,0,0,0,95,A
6-NA,166,94,0,0,0,94,A
6-NA,167,0,0,0,100,100,C
6-NA,168,102,0,0,0,102,A
6-NA,169,100,0,0,0,100,A
6-NA,170,0,100,0,0,100,T
6-NA,171,102,0,0,0,102,A
6-NA,172,99,0,0,0,99,A
6-NA,173,0,100,0,0,100,T
6-NA,174,101,0,0,0,101,A
6-NA,175,0,0,102,0,102,G
6-NA,176,100,0,0,0,100,A
6-NA,177,100,0,0,0,100,A
6-NA,178,98,0,0,0,98,A
6-NA,179,0,0,100,0,100,G
6-NA,180,101,0,0,0,101,A
6-NA,181,100,0,0,0,100,A
6-NA,182,103,0,2,0,105,A
6-NA,183,0,0,0,105,105,C
6-NA,184,106,0,0,0,106,A
6-NA,185,0,105,0,0,105,T
6-NA,186,107,0,0,0,107,A
6-NA,187,106,0,0,0,106,A
6-NA,188,0,0,0,108,108,C
6-NA,189,109,0,0,0,109,A
6-NA,190,0,1,108,0,109,G
6-NA,191,110,0,0,0,110,A
6-NA,192,0,0,109,0,109,G
6-NA,193,110,0,0,0,110,A
6-NA,194,0,107,0,0,107,T
6-NA,195,105,0,0,0,105,A
6-NA,196,0,0,109,0,109,G
6-NA,197,0,109,0,0,109,T
6-NA,198,0,1,108,0,109,G
6-NA,199,0,112,0,0,112,T
6-NA,200,111,0,0,0,111,A
6-NA,201,0,111,0,0,111,T
6-NA,202,2,0,0,111,113,C
6-NA,203,0,109,0,0,109,T
6-NA,204,0,0,110,0,110,G
6-NA,205,111,0,0,0,111,A
6-NA,206,0,0,1,109,110,C
6-NA,207,0,0,0,111,111,C
6-NA,208,111,0,0,0,111,A
6-NA,209,110,0,0,0,110,A
6-NA,210,0,0,0,111,111,C
6-NA,211,111,0,0,0,111,A
6-NA,212,0,0,0,113,113,C
6-NA,213,0,0,0,111,111,C
6-NA,214,114,0,0,0,114,A
6-NA,215,0,0,0,121,121,C
6-NA,216,1,0,0,118,119,C
6-NA,217,117,0,0,0,117,A
6-NA,218,0,116,0,0,116,T
6-NA,219,119,0,0,0,119,A
6-NA,220,0,0,120,0,120,G
6-NA,221,117,0,0,0,117,A
6-NA,222,0,1,117,0,118,G
6-NA,223,117,0,0,0,117,A
6-NA,224,112,0,0,0,112,A
6-NA,225,0,0,115,0,115,G
6-NA,226,0,0,116,0,116,G
6-NA,227,118,0,0,0,118,A
6-NA,228,117,0,0,0,117,A
6-NA,229,116,0,0,0,116,A
6-NA,230,0,118,0,0,118,T
6-NA,231,115,0,0,0,115,A
6-NA,232,0,116,0,0,116,T
6-NA,233,0,0,112,0,112,G
6-NA,234,0,0,0,115,115,C
6-NA,235,1,0,0,110,111,C
6-NA,236,0,0,0,110,110,C
6-NA,237,1,0,0,116,117,C
6-NA,238,117,0,0,0,117,A
6-NA,239,117,0,0,0,117,A
6-NA,240,116,0,0,0,116,A
6-NA,241,0,118,0,0,118,T
6-NA,242,0,119,0,0,119,T
6-NA,243,116,0,0,0,116,A
6-NA,244,0,0,117,0,117,G
6-NA,245,0,0,0,117,117,C
6-NA,246,116,1,0,0,117,A
6-NA,247,0,0,120,0,120,G
6-NA,248,116,0,0,0,116,A
6-NA,249,120,1,0,0,121,A
6-NA,250,0,125,0,0,125,T
6-NA,251,121,0,0,0,121,A
6-NA,252,0,0,0,125,125,C
6-NA,253,123,0,0,0,123,A
6-NA,254,0,0,122,0,122,G
6-NA,255,122,0,1,0,123,A
6-NA,256,122,0,0,0,122,A
6-NA,257,122,0,0,0,122,A
6-NA,258,0,116,0,0,116,T
6-NA,259,0,120,0,0,120,T
6-NA,260,0,1,115,0,116,G
6-NA,261,0,0,116,0,116,G
6-NA,262,0,118,0,0,118,T
6-NA,263,0,0,0,118,118,C
6-NA,264,121,0,0,0,121,A
6-NA,265,119,0,0,0,119,A
6-NA,266,118,0,0,0,118,A
6-NA,267,116,0,0,0,116,A
6-NA,268,0,0,0,116,116,C
6-NA,269,0,0,0,117,117,C
6-NA,270,0,0,115,0,115,G
6-NA,271,0,0,0,117,117,C
6-NA,272,115,0,0,0,115,A
6-NA,273,120,0,0,0,120,A
6-NA,274,0,118,0,0,118,T
6-NA,275,0,1,119,0,120,G
6-NA,276,0,0,0,117,117,C
6-NA,277,0,0,118,0,118,G
6-NA,278,117,0,0,0,117,A
6-NA,279,0,0,0,122,122,C
6-NA,280,122,0,0,0,122,A
6-NA,281,0,125,0,0,125,T
6-NA,282,0,121,0,0,121,T
6-NA,283,121,0,0,0,121,A
6-NA,284,0,0,0,125,125,C
6-NA,285,124,0,0,0,124,A
6-NA,286,0,0,125,0,125,G
6-NA,287,0,0,121,0,121,G
6-NA,288,121,0,0,0,121,A
6-NA,289,0,125,0,0,125,T
6-NA,290,0,124,0,0,124,T
6-NA,291,0,124,0,0,124,T
6-NA,292,0,0,120,0,120,G
6-NA,293,0,0,0,123,123,C
6-NA,294,122,0,0,0,122,A
6-NA,295,1,0,0,122,123,C
6-NA,296,0,0,0,123,123,C
6-NA,297,0,124,0,0,124,T
6-NA,298,0,125,0,0,125,T
6-NA,299,0,122,0,0,122,T
6-NA,300,0,124,0,0,124,T
6-NA,301,0,126,0,0,126,T
6-NA,302,2,0,0,125,127,C
6-NA,303,0,126,0,0,126,T
6-NA,304,126,0,0,0,126,A
6-NA,305,124,0,0,0,124,A
6-NA,306,0,1,123,0,124,G
6-NA,307,0,0,123,0,123,G
6-NA,308,123,0,0,0,123,A
6-NA,309,1,0,0,123,124,C
6-NA,310,126,0,0,0,126,A
6-NA,311,126,0,0,0,126,A
6-NA,312,0,122,0,0,122,T
6-NA,313,0,123,0,0,123,T
6-NA,314,2,0,0,123,125,C
6-NA,315,0,1,123,0,124,G
6-NA,316,121,0,0,0,121,A
6-NA,317,0,124,0,0,124,T
6-NA,318,0,127,0,0,127,T
6-NA,319,126,0,0,0,126,A
6-NA,320,0,1,122,0,123,G
6-NA,321,0,0,123,0,123,G
6-NA,322,0,0,0,122,122,C
6-NA,323,0,123,0,0,123,T
6-NA,324,0,123,0,0,123,T
6-NA,325,0,125,0,0,125,T
6-NA,326,1,0,0,123,124,C
6-NA,327,0,0,0,127,127,C
6-NA,328,0,0,126,0,126,G
6-NA,329,0,0,0,123,123,C
6-NA,330,0,123,0,0,123,T
6-NA,331,0,0,127,0,127,G
6-NA,332,0,0,127,0,127,G
6-NA,333,0,128,0,0,128,T
6-NA,334,0,1,125,0,126,G
6-NA,335,0,1,124,0,125,G
6-NA,336,0,0,128,0,128,G
6-NA,337,0,0,130,0,130,G
6-NA,338,128,0,0,0,128,A
6-NA,339,0,0,0,131,131,C
6-NA,340,124,0,1,0,125,A
6-NA,341,0,125,0,0,125,T
6-NA,342,0,0,0,124,124,C
6-NA,343,0,127,0,0,127,T
6-NA,344,0,0,128,0,128,G
6-NA,345,0,0,129,0,129,G
6-NA,346,0,0,130,0,130,G
6-NA,347,0,131,0,0,131,T
6-NA,348,0,2,127,0,129,G
6-NA,349,133,0,0,0,133,A
6-NA,350,1,0,0,143,144,C
6-NA,351,148,0,0,0,148,A
6-NA,352,188,0,0,0,188,A
6-NA,353,0,0,202,0,202,G
6-NA,354,201,0,0,0,201,A
6-NA,355,0,0,254,0,254,G
6-NA,356,275,0,0,1,276,A
6-NA,357,364,0,0,0,364,A
6-NA,358,0,0,0,630,630,C
6-NA,359,1,0,0,742,743,C
6-NA,360,0,735,0,0,735,T
6-NA,361,0,752,0,1,753,T
6-NA,362,749,0,0,0,749,A
6-NA,363,1,758,0,1,760,T
6-NA,364,0,2,856,1,859,G
6-NA,365,1,867,0,0,868,T
6-NA,366,1,2,929,0,932,G
6-NA,367,0,936,0,0,936,T
6-NA,368,2,2,0,937,941,C
6-NA,369,934,0,0,28,962,A
6-NA,370,0,970,0,1,971,T
6-NA,371,0,2,973,0,975,G
6-NA,372,0,1,0,970,971,C
6-NA,373,0,1,969,0,970,G
6-NA,374,1184,0,0,0,1184,A
6-NA,375,0,1203,0,0,1203,T
6-NA,376,1,0,0,1249,1250,C
6-NA,377,1,0,0,1256,1257,C
6-NA,378,0,1297,0,1,1298,T
6-NA,379,0,9,1319,0,1328,G
6-NA,380,1319,1,1,0,1321,A
6-NA,381,0,0,1,1332,1333,C
6-NA,382,1330,0,1,0,1331,A
6-NA,383,1327,1,0,1,1329,A
6-NA,384,0,1,1422,0,1423,G
6-NA,385,0,1430,0,0,1430,T
6-NA,386,0,3,1472,0,1475,G
6-NA,387,0,1471,0,2,1473,T
6-NA,388,0,1475,0,1,1476,T
6-NA,389,1481,0,1,0,1482,A
6-NA,390,0,1485,0,0,1485,T
6-NA,391,3,1,0,1531,1535,C
6-NA,392,1529,0,0,0,1529,A
6-NA,393,1534,0,1,0,1535,A
6-NA,394,0,1537,0,0,1537,T
6-NA,395,0,1540,0,0,1540,T
6-NA,396,0,1537,0,2,1539,T
6-NA,397,0,1,1544,1,1546,G
6-NA,398,0,2,0,1660,1662,C
6-NA,399,3,0,0,1657,1660,C
6-NA,400,3,2,0,1667,1672,C
6-NA,401,0,1668,0,3,1671,T
6-NA,402,1,1687,0,0,1688,T
6-NA,403,0,4,1711,0,1715,G
6-NA,404,0,3,1712,1,1716,G
6-NA,405,1735,1,1,0,1737,A
6-NA,406,0,0,0,1752,1752,C
6-NA,407,1726,0,1,0,1727,A
6-NA,408,1,2,1782,0,1785,G
6-NA,409,0,3,1760,0,1763,G
6-NA,410,0,6,1844,2,1852,G
6-NA,411,1831,0,2,0,1833,A
6-NA,412,1854,0,0,0,1854,A
6-NA,413,0,0,0,1879,1879,C
6-NA,414,1882,0,0,0,1882,A
6-NA,415,2114,0,2,0,2116,A
6-NA,416,1,0,0,2160,2161,C
6-NA,417,2138,0,1,0,2139,A
6-NA,418,2,0,0,2201,2203,C
6-NA,419,1,2172,0,0,2173,T
6-NA,420,2195,0,0,0,2195,A
6-NA,421,2182,0,1,0,2183,A
6-NA,422,2193,0,7,0,2200,A
6-NA,423,2,1,0,2222,2225,C
6-NA,424,2158,0,0,0,2158,A
6-NA,425,2165,0,1,1,2167,A
6-NA,426,1,0,0,2164,2165,C
6-NA,427,0,0,2160,0,2160,G
6-NA,428,0,2136,0,0,2136,T
6-NA,429,0,1,2162,0,2163,G
6-NA,430,0,0,0,2180,2180,C
6-NA,431,2185,0,0,1,2186,A
6-NA,432,0,2198,0,0,2198,T
6-NA,433,0,2204,0,2,2206,T
6-NA,434,8,0,0,2240,2248,C
6-NA,435,2305,0,0,0,2305,A
6-NA,436,2303,0,0,0,2303,A
6-NA,437,2315,0,6,0,2321,A
6-NA,438,0,2339,0,0,2339,T
6-NA,439,0,9,2329,0,2338,G
6-NA,440,2387,0,0,0,2387,A
6-NA,441,3,2,0,2393,2398,C
6-NA,442,2375,0,3,0,2378,A
6-NA,443,2,2,0,2428,2432,C
6-NA,444,2413,0,0,0,2413,A
6-NA,445,0,2,3074,0,3076,G
6-NA,446,0,3051,0,0,3051,T
6-NA,447,3146,0,1,0,3147,A
6-NA,448,2,1,0,3179,3182,C
6-NA,449,1,3,3159,0,3163,G
6-NA,450,0,3262,0,3,3265,T
6-NA,451,16,18,3259,0,3293,G
6-NA,452,3294,0,1,0,3295,A
6-NA,453,0,3349,0,0,3349,T
6-NA,454,3184,0,1,1,3186,A
6-NA,455,3,5,3166,0,3174,G
6-NA,456,2,4,3109,1,3116,G
6-NA,457,3183,0,4,0,3187,A
6-NA,458,1,0,0,3251,3252,C
6-NA,459,1,1,1,3204,3207,C
6-NA,460,2,0,0,3277,3279,C
6-NA,461,3,1,0,3281,3285,C
6-NA,462,0,3323,0,1,3324,T
6-NA,463,0,3366,0,1,3367,T
6-NA,464,3410,0,0,0,3410,A
6-NA,465,0,3400,0,1,3401,T
6-NA,466,3,1,0,3393,3397,C
6-NA,467,1,4,3356,0,3361,G
6-NA,468,0,7,3317,1,3325,G
6-NA,469,3339,0,5,0,3344,A
6-NA,470,0,2,0,3414,3416,C
6-NA,471,4,8,0,3393,3405,C
6-NA,472,2,1,1,3591,3595,C
6-NA,473,0,3586,0,4,3590,T
6-NA,474,3634,0,2,0,3636,A
6-NA,475,0,3635,0,0,3635,T
6-NA,476,1,3660,0,1,3662,T
6-NA,477,1,7,3666,0,3674,G
6-NA,478,3634,0,1,0,3635,A
6-NA,479,1,3689,0,0,3690,T
6-NA,480,0,8,3690,0,3698,G
6-NA,481,3590,1,1,1,3593,A
6-NA,482,3596,0,2,0,3598,A
6-NA,483,1,3618,0,2,3621,T
6-NA,484,0,9,3645,1,3655,G
6-NA,485,3556,0,0,2,3558,A
6-NA,486,1,2,3673,0,3676,G
6-NA,487,0,3649,0,0,3649,T
6-NA,488,0,3693,0,0,3693,T
6-NA,489,1,6,3643,2,3652,G
6-NA,490,1,4,3655,0,3660,G
6-NA,491,0,0,3686,0,3686,G
6-NA,492,0,3639,0,0,3639,T
6-NA,493,0,2,3705,0,3707,G
6-NA,494,0,3696,0,3,3699,T
6-NA,495,0,3675,0,3,3678,T
6-NA,496,8,0,0,3750,3758,C
6-NA,497,6,0,0,3773,3779,C
6-NA,498,1,3766,0,7,3774,T
6-NA,499,0,3790,0,8,3798,T
6-NA,500,0,3785,0,1,3786,T
6-NA,501,1,3782,0,1,3784,T
6-NA,502,9,0,2,3791,3802,C
6-NA,503,3774,0,0,0,3774,A
6-NA,504,0,3859,0,3,3862,T
6-NA,505,8,0,0,3863,3871,C
6-NA,506,0,3849,0,0,3849,T
6-NA,507,1,3,3797,1,3802,G
6-NA,508,0,1,3770,1,3772,G
6-NA,509,3,2,3734,0,3739,G
6-NA,510,2,7,3793,0,3802,G
6-NA,511,3820,3,0,0,3823,A
6-NA,512,3,0,0,3902,3905,C
6-NA,513,7,2,0,3868,3877,C
6-NA,514,3924,1,4,0,3929,A
6-NA,515,3920,0,5,1,3926,A
6-NA,516,1,5,3904,0,3910,G
6-NA,517,3,2,0,3939,3944,C
6-NA,518,3940,0,4,0,3944,A
6-NA,519,3957,0,2,1,3960,A
6-NA,520,0,0,4007,0,4007,G
6-NA,521,0,3969,0,1,3970,T
6-NA,522,1,2,4112,0,4115,G
6-NA,523,0,4068,0,4,4072,T
6-NA,524,0,0,4219,0,4219,G
6-NA,525,2,3,0,4227,4232,C
6-NA,526,4228,0,0,0,4228,A
6-NA,527,0,4279,0,0,4279,T
6-NA,528,4230,0,2,0,4232,A
6-NA,529,1,1,4340,0,4342,G
6-NA,530,2,0,0,4332,4334,C
6-NA,531,4278,0,3,0,4281,A
6-NA,532,0,4285,0,1,4286,T
6-NA,533,2,6,4215,0,4223,G
6-NA,534,0,3,4427,0,4430,G
6-NA,535,0,4432,0,5,4437,T
6-NA,536,6,0,0,4409,4415,C
6-NA,537,6,1,0,4431,4438,C
6-NA,538,4424,0,2,0,4426,A
6-NA,539,0,1,4575,0,4576,G
6-NA,540,7,1,0,4572,4580,C
6-NA,541,0,4588,0,6,4594,T
6-NA,542,5,2,0,4594,4601,C
6-NA,543,4532,0,1,0,4533,A
6-NA,544,4552,0,1,0,4553,A
6-NA,545,1,0,4594,0,4595,G
6-NA,546,0,4607,2,1,4610,T
6-NA,547,0,4600,0,1,4601,T
6-NA,548,15,3,4601,0,4619,G
6-NA,549,0,4603,0,1,4604,T
6-NA,550,19,1,0,4579,4599,C
6-NA,551,4600,0,1,0,4601,A
6-NA,552,1,2,1,4626,4630,C
6-NA,553,1,12,4621,0,4634,G
6-NA,554,4619,0,1,0,4620,A
6-NA,555,0,4686,0,2,4688,T
6-NA,556,0,15,4743,0,4758,G
6-NA,557,1,10,4750,1,4762,G
6-NA,558,4751,1,8,0,4760,A
6-NA,559,4790,0,3,0,4793,A
6-NA,560,4827,0,4,0,4831,A
6-NA,561,4823,0,11,0,4834,A
6-NA,562,1,2,4881,1,4885,G
6-NA,563,0,1,0,4896,4897,C
6-NA,564,4877,0,7,0,4884,A
6-NA,565,0,4900,0,1,4901,T
6-NA,566,2,4,4931,0,4937,G
6-NA,567,0,4,4899,0,4903,G
6-NA,568,4,0,1,4971,4976,C
6-NA,569,0,4970,0,5,4975,T
6-NA,570,3,2,5001,0,5006,G
6-NA,571,1,2,0,4975,4978,C
6-NA,572,5018,0,2,0,5020,A
6-NA,573,0,5171,0,2,5173,T
6-NA,574,2,1,5203,0,5206,G
6-NA,575,0,5210,2,2,5214,T
6-NA,576,0,5339,1,1,5341,T
6-NA,577,0,5346,0,5,5351,T
6-NA,578,3,1,5634,0,5638,G
6-NA,579,1,5572,0,2,5575,T
6-NA,580,5616,1,2,0,5619,A
6-NA,581,1,5645,0,0,5646,T
6-NA,582,5599,0,0,0,5599,A
6-NA,583,5625,0,1,0,5626,A
6-NA,584,1,2,0,5566,5569,C
6-NA,585,4,8,5549,0,5561,G
6-NA,586,1,6,5547,0,5554,G
6-NA,587,0,15,5441,0,5456,G
6-NA,588,2,10,5461,0,5473,G
6-NA,589,2,11,5486,0,5499,G
6-NA,590,5441,1,8,0,5450,A
6-NA,591,0,5501,0,2,5503,T
6-NA,592,1,25,5517,0,5543,G
6-NA,593,5560,1,4,0,5565,A
6-NA,594,0,5604,0,0,5604,T
6-NA,595,5593,0,1,2,5596,A
6-NA,596,5641,0,0,1,5642,A
6-NA,597,5639,0,0,0,5639,A
6-NA,598,5639,0,1,0,5640,A
6-NA,599,5643,0,0,0,5643,A
6-NA,600,0,5653,0,2,5655,T
6-NA,601,2,3,5650,0,5655,G
6-NA,602,1,3,0,5636,5640,C
6-NA,603,5624,0,4,0,5628,A
6-NA,604,5641,0,6,0,5647,A
6-NA,605,1,1,0,5710,5712,C
6-NA,606,0,5693,0,1,5694,T
6-NA,607,11,5,5698,0,5714,G
6-NA,608,6,0,0,5699,5705,C
6-NA,609,0,5728,1,1,5730,T
6-NA,610,5723,1,9,0,5733,A
6-NA,611,1,2,5725,0,5728,G
6-NA,612,7,0,0,5780,5787,C
6-NA,613,0,5778,0,4,5782,T
6-NA,614,2,5758,0,1,5761,T
6-NA,615,16,0,0,5841,5857,C
6-NA,616,5882,0,1,0,5883,A
6-NA,617,0,5892,1,1,5894,T
6-NA,618,0,5912,0,1,5913,T
6-NA,619,0,5953,0,0,5953,T
6-NA,620,5966,0,1,0,5967,A
6-NA,621,4,2,0,5999,6005,C
6-NA,622,5972,0,2,0,5974,A
6-NA,623,5992,0,0,0,5992,A
6-NA,624,1,5987,0,0,5988,T
6-NA,625,0,8,5946,0,5954,G
6-NA,626,0,12,5917,0,5929,G
6-NA,627,0,13,5911,1,5925,G
6-NA,628,5874,0,5,1,5880,A
6-NA,629,2,4,6047,0,6053,G
6-NA,630,0,4,6055,0,6059,G
6-NA,631,5,1,0,6346,6352,C
6-NA,632,0,6417,1,7,6425,T
6-NA,633,0,6501,0,1,6502,T
6-NA,634,1,8,6551,0,6560,G
6-NA,635,0,6525,0,0,6525,T
6-NA,636,6658,2,9,0,6669,A
6-NA,637,0,11,6728,0,6739,G
6-NA,638,6569,1,5,0,6575,A
6-NA,639,0,6614,0,0,6614,T
6-NA,640,6209,0,1,0,6210,A
6-NA,641,0,4,6206,0,6210,G
6-NA,642,2,6093,1,3,6099,T
6-NA,643,1,2,6080,1,6084,G
6-NA,644,0,6293,0,5,6298,T
6-NA,645,0,6313,0,3,6316,T
6-NA,646,6,5,6402,0,6413,G
6-NA,647,0,6358,1,13,6372,T
6-NA,648,0,6368,0,2,6370,T
6-NA,649,0,6397,1,2,6400,T
6-NA,650,17,2,1,6316,6336,C
6-NA,651,6324,0,1,0,6325,A
6-NA,652,1,6279,1,2,6283,T
6-NA,653,1,20,6265,2,6288,G
6-NA,654,0,2,6573,0,6575,G
6-NA,655,0,6507,0,6,6513,T
6-NA,656,18,0,0,6501,6519,C
6-NA,657,10,0,0,6544,6554,C
6-NA,658,6572,0,6,0,6578,A
6-NA,659,6617,2,3,0,6622,A
6-NA,660,6623,0,4,0,6627,A
6-NA,661,1,13,6667,0,6681,G
6-NA,662,6650,0,1,0,6651,A
6-NA,663,6487,0,2,0,6489,A
6-NA,664,6471,0,2,0,6473,A
6-NA,665,1,6401,0,0,6402,T
6-NA,666,17,1,1,6577,6596,C
6-NA,667,10,1,1,6593,6605,C
6-NA,668,0,6592,0,3,6595,T
6-NA,669,9,1,0,6606,6616,C
6-NA,670,6605,0,6,0,6611,A
6-NA,671,8,9,6606,0,6623,G
6-NA,672,0,12,6612,0,6624,G
6-NA,673,6710,0,7,0,6717,A
6-NA,674,0,1,0,6747,6748,C
6-NA,675,13,0,0,6578,6591,C
6-NA,676,4,1,0,6653,6658,C
6-NA,677,6625,2,11,0,6638,A
6-NA,678,0,8,6694,0,6702,G
6-NA,679,1,12,6712,0,6725,G
6-NA,680,6678,1,6,0,6685,A
6-NA,681,0,0,6757,0,6757,G
6-NA,682,0,6618,0,7,6625,T
6-NA,683,17,1,0,6644,6662,C
6-NA,684,6668,1,7,0,6676,A
6-NA,685,1,12,6729,1,6743,G
6-NA,686,6697,1,4,0,6702,A
6-NA,687,6708,1,1,0,6710,A
6-NA,688,1,6696,0,0,6697,T
6-NA,689,2,6,6717,0,6725,G
6-NA,690,8,4,1,6669,6682,C
6-NA,691,1,3,6749,0,6753,G
6-NA,692,0,6688,0,4,6692,T
6-NA,693,0,6730,1,2,6733,T
6-NA,694,1,6726,0,3,6730,T
6-NA,695,2,4,6778,0,6784,G
6-NA,696,0,6746,0,28,6774,T
6-NA,697,6800,0,4,0,6804,A
6-NA,698,1,6724,1,2,6728,T
6-NA,699,18,1,0,6774,6793,C
6-NA,700,6790,0,4,0,6794,A
6-NA,701,6763,0,1,1,6765,A
6-NA,702,0,6777,0,2,6779,T
6-NA,703,5,9,6764,0,6778,G
6-NA,704,0,20,6763,0,6783,G
6-NA,705,6787,2,86,0,6875,A
6-NA,706,6878,0,4,0,6882,A
6-NA,707,4,2,0,6954,6960,C
6-NA,708,0,7016,0,4,7020,T
6-NA,709,1,7010,0,0,7011,T
6-NA,710,16,6,7161,1,7184,G
6-NA,711,0,7169,0,3,7172,T
6-NA,712,7169,1,1,0,7171,A
6-NA,713,2,1,0,7247,7250,C
6-NA,714,7113,0,1,0,7114,A
6-NA,715,0,2,7560,0,7562,G
6-NA,716,0,7485,0,0,7485,T
6-NA,717,7802,0,1,0,7803,A
6-NA,718,0,0,7850,0,7850,G
6-NA,719,0,7707,0,3,7710,T
6-NA,720,7708,1,2,0,7711,A
6-NA,721,7696,0,1,0,7697,A
6-NA,722,0,7695,0,2,7697,T
6-NA,723,17,26,7679,0,7722,G
6-NA,724,7492,0,4,0,7496,A
6-NA,725,4,1,0,7612,7617,C
6-NA,726,0,7418,1,2,7421,T
6-NA,727,3,12,7421,0,7436,G
6-NA,728,7333,1,11,0,7345,A
6-NA,729,1,7450,1,5,7457,T
6-NA,730,0,8,7434,0,7442,G
6-NA,731,9,9,7351,0,7369,G
6-NA,732,1,10,7356,2,7369,G
6-NA,733,7231,0,4,1,7236,A
6-NA,734,1,2,7286,0,7289,G
6-NA,735,0,7229,0,2,7231,T
6-NA,736,1,4,7266,1,7272,G
6-NA,737,7,2,0,7249,7258,C
6-NA,738,1,7241,0,6,7248,T
6-NA,739,2,7212,1,0,7215,T
6-NA,740,17,1,0,7226,7244,C
6-NA,741,3,9,7228,0,7240,G
6-NA,742,1,14,7273,0,7288,G
6-NA,743,1,12,7293,2,7308,G
6-NA,744,7269,0,2,1,7272,A
6-NA,745,7254,2,2,0,7258,A
6-NA,746,7198,0,38,1,7237,A
6-NA,747,7261,1,9,1,7272,A
6-NA,748,2,5,7290,0,7297,G
6-NA,749,7,3,0,7286,7296,C
6-NA,750,0,7264,0,4,7268,T
6-NA,751,0,17,7288,0,7305,G
6-NA,752,7221,1,4,0,7226,A
6-NA,753,0,7345,0,3,7348,T
6-NA,754,7341,0,0,0,7341,A
6-NA,755,4,0,0,7714,7718,C
6-NA,756,0,7692,0,3,7695,T
6-NA,757,7681,0,2,0,7683,A
6-NA,758,7692,0,1,0,7693,A
6-NA,759,7687,1,1,0,7689,A
6-NA,760,7816,1,0,0,7817,A
6-NA,761,0,7821,0,0,7821,T
6-NA,762,7739,1,3,0,7743,A
6-NA,763,4,0,0,7818,7822,C
6-NA,764,0,7561,0,5,7566,T
6-NA,765,7661,0,0,0,7661,A
6-NA,766,2,7598,2,5,7607,T
6-NA,767,2,8196,0,2,8200,T
6-NA,768,23,2,0,8300,8325,C
6-NA,769,8223,0,1,1,8225,A
6-NA,770,0,8187,0,1,8188,T
6-NA,771,1,8212,1,0,8214,T
6-NA,772,8077,0,6,1,8084,A
6-NA,773,8102,0,3,1,8106,A
6-NA,774,0,6,8164,0,8170,G
6-NA,775,2,8,8131,0,8141,G
6-NA,776,7603,1,7,1,7612,A
6-NA,777,2,7,7753,0,7762,G
6-NA,778,2,9,7738,0,7749,G
6-NA,779,3,17,7732,0,7752,G
6-NA,780,3,18,7758,1,7780,G
6-NA,781,7762,0,10,1,7773,A
6-NA,782,7825,1,3,0,7829,A
6-NA,783,7785,1,7,0,7793,A
6-NA,784,7744,0,1,0,7745,A
6-NA,785,0,7717,1,1,7719,T
6-NA,786,29,0,1,7739,7769,C
6-NA,787,4,2,7834,0,7840,G
6-NA,788,0,7809,0,2,7811,T
6-NA,789,1,7766,2,6,7775,T
6-NA,790,23,1,1,7813,7838,C
6-NA,791,7836,0,2,0,7838,A
6-NA,792,0,8321,0,3,8324,T
6-NA,793,8307,0,0,1,8308,A
6-NA,794,4,1,0,8407,8412,C
6-NA,795,0,8375,0,1,8376,T
6-NA,796,8382,0,11,0,8393,A
6-NA,797,0,13,8344,1,8358,G
6-NA,798,5,3,1,8346,8355,C
6-NA,799,8310,1,3,0,8314,A
6-NA,800,1,0,0,8371,8372,C
6-NA,801,8097,0,0,0,8097,A
6-NA,802,3,8178,0,3,8184,T
6-NA,803,0,8178,0,1,8179,T
6-NA,804,3,5,8664,0,8672,G
6-NA,805,1,8611,0,2,8614,T
6-NA,806,25,3,1,8597,8626,C
6-NA,807,8621,3,12,0,8636,A
6-NA,808,2,7,8653,0,8662,G
6-NA,809,0,15,8626,0,8641,G
6-NA,810,8570,1,1,0,8572,A
6-NA,811,8515,0,2,1,8518,A
6-NA,812,1,8,8647,0,8656,G
6-NA,813,0,8246,0,1,8247,T
6-NA,814,2,8,8272,0,8282,G
6-NA,815,4,0,0,8272,8276,C
6-NA,816,1,8307,0,7,8315,T
6-NA,817,27,6,0,8340,8373,C
6-NA,818,8347,0,4,1,8352,A
6-NA,819,0,5,8373,0,8378,G
6-NA,820,6,1,3,8382,8392,C
6-NA,821,8390,0,4,0,8394,A
6-NA,822,0,8400,0,3,8403,T
6-NA,823,7,2,8639,0,8648,G
6-NA,824,1,8592,0,3,8596,T
6-NA,825,20,2,3,8609,8634,C
6-NA,826,2,11,8624,0,8637,G
6-NA,827,8511,0,17,0,8528,A
6-NA,828,0,7,8536,1,8544,G
6-NA,829,2,9,8526,0,8537,G
6-NA,830,8465,2,3,0,8470,A
6-NA,831,1,2,8548,0,8551,G
6-NA,832,0,8327,0,5,8332,T
6-NA,833,0,10,8335,0,8345,G
6-NA,834,6,2,0,8452,8460,C
6-NA,835,0,8446,0,8,8454,T
6-NA,836,26,0,0,8491,8517,C
6-NA,837,10,1,1,8527,8539,C
6-NA,838,1,8559,0,4,8564,T
6-NA,839,1,6,8549,0,8556,G
6-NA,840,3,3,0,8502,8508,C
6-NA,841,1,8454,0,11,8466,T
6-NA,842,8544,1,2,0,8547,A
6-NA,843,1,8409,0,2,8412,T
6-NA,844,8,1,0,8456,8465,C
6-NA,845,17,11,2,8429,8459,C
6-NA,846,0,8397,0,9,8406,T
6-NA,847,16,3,0,8576,8595,C
6-NA,848,4,14,8547,0,8565,G
6-NA,849,8603,0,1,0,8604,A
6-NA,850,0,8635,0,3,8638,T
6-NA,851,8623,0,2,0,8625,A
6-NA,852,1,8614,0,1,8616,T
6-NA,853,9,0,2,8574,8585,C
6-NA,854,10,1,0,8588,8599,C
6-NA,855,2,8533,0,6,8541,T
6-NA,856,4,3,8546,0,8553,G
6-NA,857,1,3,8529,0,8533,G
6-NA,858,1,8663,1,9,8674,T
6-NA,859,2,2,8697,0,8701,G
6-NA,860,0,8696,0,5,8701,T
6-NA,861,22,2,1,8692,8717,C
6-NA,862,8714,1,5,0,8720,A
6-NA,863,0,7,8687,1,8695,G
6-NA,864,8678,3,3,0,8684,A
6-NA,865,0,8626,0,1,8627,T
6-NA,866,3,5,8657,0,8665,G
6-NA,867,0,8532,0,4,8536,T
6-NA,868,2,5,8573,3,8583,G
6-NA,869,0,8528,0,7,8535,T
6-NA,870,15,1,1,8556,8573,C
6-NA,871,1,8551,0,10,8562,T
6-NA,872,2,7,8574,1,8584,G
6-NA,873,7,4,0,8571,8582,C
6-NA,874,8582,0,4,0,8586,A
6-NA,875,0,14,8571,0,8585,G
6-NA,876,8387,0,5,1,8393,A
6-NA,877,1,16,8423,2,8442,G
6-NA,878,8388,3,3,0,8394,A
6-NA,879,3,0,0,8468,8471,C
6-NA,880,8455,0,5,0,8460,A
6-NA,881,8437,3,42,0,8482,A
6-NA,882,2,2,0,8535,8539,C
6-NA,883,1,8549,0,2,8552,T
6-NA,884,1,8,8559,0,8568,G
6-NA,885,3,13,8503,0,8519,G
6-NA,886,8501,0,5,0,8506,A
6-NA,887,8469,0,1,1,8471,A
6-NA,888,8326,0,4,0,8330,A
6-NA,889,2,8,8417,0,8427,G
6-NA,890,2,8,8364,0,8374,G
6-NA,891,13,1,0,8372,8386,C
6-NA,892,0,8263,0,46,8309,T
6-NA,893,15,0,1,8538,8554,C
6-NA,894,9,0,0,8640,8649,C
6-NA,895,8690,1,1,23,8715,A
6-NA,896,8656,0,3,1,8660,A
6-NA,897,1,8696,0,1,8698,T
6-NA,898,8411,0,8,0,8419,A
6-NA,899,0,10,8382,0,8392,G
6-NA,900,2,9,8348,0,8359,G
6-NA,901,8,2,1,8318,8329,C
6-NA,902,12,1,2,8182,8197,C
6-NA,903,7,2,2,8121,8132,C
6-NA,904,8186,0,1,0,8187,A
6-NA,905,2,8229,0,7,8238,T
6-NA,906,17,3,0,8318,8338,C
6-NA,907,2,3,8355,0,8360,G
6-NA,908,0,8318,0,4,8322,T
6-NA,909,8130,1,3,0,8134,A
6-NA,910,1,11,8368,1,8381,G
6-NA,911,8360,0,2,0,8362,A
6-NA,912,1,8420,0,2,8423,T
6-NA,913,8274,0,1,0,8275,A
6-NA,914,0,8211,0,2,8213,T
6-NA,915,8222,0,1,0,8223,A
6-NA,916,8197,1,1,0,8199,A
6-NA,917,8355,1,3,0,8359,A
6-NA,918,4,3,0,8563,8570,C
6-NA,919,8361,0,5,0,8366,A
6-NA,920,0,8314,0,1,8315,T
6-NA,921,8287,1,1,0,8289,A
6-NA,922,8284,1,9,0,8294,A
6-NA,923,8275,0,8,1,8284,A
6-NA,924,3,10,8324,1,8338,G
6-NA,925,1,23,8409,2,8435,G
6-NA,926,8151,3,2,0,8156,A
6-NA,927,1,8120,0,10,8131,T
6-NA,928,13,4,0,8177,8194,C
6-NA,929,8275,1,3,0,8279,A
6-NA,930,0,8243,0,2,8245,T
6-NA,931,8287,1,3,0,8291,A
6-NA,932,2,5,8274,0,8281,G
6-NA,933,3,1,0,8208,8212,C
6-NA,934,8052,0,3,0,8055,A
6-NA,935,0,7859,1,5,7865,T
6-NA,936,0,7902,0,0,7902,T
6-NA,937,1,5,8092,0,8098,G
6-NA,938,1,8062,2,5,8070,T
6-NA,939,0,8176,0,7,8183,T
6-NA,940,2,8145,0,4,8151,T
6-NA,941,14,1,1,8132,8148,C
6-NA,942,10,3,0,8192,8205,C
6-NA,943,8268,0,3,0,8271,A
6-NA,944,1,1,8388,0,8390,G
6-NA,945,2,8361,0,4,8367,T
6-NA,946,1,8199,0,4,8204,T
6-NA,947,8211,1,2,0,8214,A
6-NA,948,0,8114,1,2,8117,T
6-NA,949,3,2,8147,0,8152,G
6-NA,950,0,8045,0,5,8050,T
6-NA,951,1,2,8093,0,8096,G
6-NA,952,3,7847,0,4,7854,T
6-NA,953,2,5,8020,0,8027,G
6-NA,954,0,7987,0,6,7993,T
6-NA,955,0,7943,0,2,7945,T
6-NA,956,23,4,0,7942,7969,C
6-NA,957,7911,0,6,0,7917,A
6-NA,958,3,9,7954,0,7966,G
6-NA,959,0,21,7887,1,7909,G
6-NA,960,7826,0,4,1,7831,A
6-NA,961,4,1,0,7910,7915,C
6-NA,962,0,7762,0,2,7764,T
6-NA,963,1,7787,0,1,7789,T
6-NA,964,3,3,7980,0,7986,G
6-NA,965,3,7963,0,4,7970,T
6-NA,966,3,7997,1,2,8003,T
6-NA,967,5,2,7947,1,7955,G
6-NA,968,0,12,7917,0,7929,G
6-NA,969,7861,1,16,0,7878,A
6-NA,970,0,19,7956,0,7975,G
6-NA,971,7917,1,11,0,7929,A
6-NA,972,3,21,1,7866,7891,C
6-NA,973,7670,0,11,0,7681,A
6-NA,974,2,3,0,7662,7667,C
6-NA,975,7635,0,11,0,7646,A
6-NA,976,4,1,1,7675,7681,C
6-NA,977,16,2,0,7573,7591,C
6-NA,978,10,2,0,7635,7647,C
6-NA,979,7656,1,5,1,7663,A
6-NA,980,2,24,7680,0,7706,G
6-NA,981,7729,0,1,0,7730,A
6-NA,982,7746,0,1,0,7747,A
6-NA,983,7727,0,1,0,7728,A
6-NA,984,7711,1,0,0,7712,A
6-NA,985,7626,0,5,0,7631,A
6-NA,986,7630,0,3,1,7634,A
6-NA,987,4,3,0,7680,7687,C
6-NA,988,2,40,7626,0,7668,G
6-NA,989,7620,0,4,0,7624,A
6-NA,990,1,0,0,7626,7627,C
6-NA,991,7588,0,5,0,7593,A
6-NA,992,2,7,7637,0,7646,G
6-NA,993,11,1,0,7784,7796,C
6-NA,994,3,7708,1,12,7724,T
6-NA,995,16,2,1,7763,7782,C
6-NA,996,15,4,0,7816,7835,C
6-NA,997,7869,0,8,0,7877,A
6-NA,998,3,6,7938,0,7947,G
6-NA,999,4,2,0,7930,7936,C
6-NA,1000,7909,0,4,0,7913,A
6-NA,1001,0,1,7966,0,7967,G
6-NA,1002,0,7679,0,1,7680,T
6-NA,1003,7668,2,1,0,7671,A
6-NA,1004,2,2,7694,1,7699,G
6-NA,1005,8,2,0,7648,7658,C
6-NA,1006,3,2,0,7689,7694,C
6-NA,1007,7634,0,0,0,7634,A
6-NA,1008,0,7636,0,0,7636,T
6-NA,1009,1,7641,1,1,7644,T
6-NA,1010,1,2,7793,0,7796,G
6-NA,1011,1,7712,1,5,7719,T
6-NA,1012,0,7708,0,3,7711,T
6-NA,1013,5,7678,0,1,7684,T
6-NA,1014,5,21,7606,0,7632,G
6-NA,1015,1,20,7645,0,7666,G
6-NA,1016,7623,2,4,0,7629,A
6-NA,1017,0,7611,0,2,7613,T
6-NA,1018,30,0,0,7617,7647,C
6-NA,1019,13,2,0,7533,7548,C
6-NA,1020,5,7600,1,3,7609,T
6-NA,1021,7610,0,6,0,7616,A
6-NA,1022,7631,0,2,0,7633,A
6-NA,1023,3,2,0,7740,7745,C
6-NA,1024,7562,0,0,0,7562,A
6-NA,1025,7656,1,1,1,7659,A
6-NA,1026,0,7620,0,0,7620,T
6-NA,1027,0,15,7713,0,7728,G
6-NA,1028,7684,0,6,0,7690,A
6-NA,1029,7635,0,7,1,7643,A
6-NA,1030,3,8,7682,0,7693,G
6-NA,1031,7613,0,1,0,7614,A
6-NA,1032,7409,0,34,0,7443,A
6-NA,1033,2,14,7474,1,7491,G
6-NA,1034,1,4,7493,0,7498,G
6-NA,1035,1,7279,0,1,7281,T
6-NA,1036,2,8,7344,0,7354,G
6-NA,1037,9,1,7545,0,7555,G
6-NA,1038,0,7452,0,6,7458,T
6-NA,1039,26,0,1,7457,7484,C
6-NA,1040,7482,0,4,0,7486,A
6-NA,1041,0,7528,1,4,7533,T
6-NA,1042,2,7,7537,0,7546,G
6-NA,1043,2,17,7585,0,7604,G
6-NA,1044,7473,3,8,0,7484,A
6-NA,1045,0,0,7715,0,7715,G
6-NA,1046,0,7412,1,1,7414,T
6-NA,1047,0,18,7399,0,7417,G
6-NA,1048,7375,1,3,0,7379,A
6-NA,1049,7404,0,2,0,7406,A
6-NA,1050,7414,0,13,3,7430,A
6-NA,1051,2,8,7437,0,7447,G
6-NA,1052,2,7,7326,1,7336,G
6-NA,1053,6,1,0,7308,7315,C
6-NA,1054,0,7120,0,7,7127,T
6-NA,1055,1,9,7164,0,7174,G
6-NA,1056,2,9,7117,0,7128,G
6-NA,1057,2,8,7161,0,7171,G
6-NA,1058,10,0,0,7114,7124,C
6-NA,1059,9,0,0,7162,7171,C
6-NA,1060,2,7079,1,9,7091,T
6-NA,1061,0,7124,0,1,7125,T
6-NA,1062,0,7158,1,0,7159,T
6-NA,1063,3,13,7175,1,7192,G
6-NA,1064,7139,0,3,1,7143,A
6-NA,1065,0,7094,0,1,7095,T
6-NA,1066,2,13,6966,1,6982,G
6-NA,1067,6883,1,2,0,6886,A
6-NA,1068,0,6918,0,2,6920,T
6-NA,1069,0,7,6933,0,6940,G
6-NA,1070,1,17,7000,0,7018,G
6-NA,1071,7000,0,2,1,7003,A
6-NA,1072,6987,0,5,0,6992,A
6-NA,1073,7013,0,2,0,7015,A
6-NA,1074,1,6960,0,1,6962,T
6-NA,1075,1,16,7001,0,7018,G
6-NA,1076,6949,0,5,0,6954,A
6-NA,1077,6,3,1,6911,6921,C
6-NA,1078,1,2,6987,0,6990,G
6-NA,1079,0,6786,0,1,6787,T
6-NA,1080,1,4,6864,0,6869,G
6-NA,1081,0,6823,0,5,6828,T
6-NA,1082,2,11,6842,1,6856,G
6-NA,1083,0,12,6869,0,6881,G
6-NA,1084,6780,0,6,0,6786,A
6-NA,1085,0,6799,0,4,6803,T
6-NA,1086,2,11,6778,0,6791,G
6-NA,1087,2,7,6756,0,6765,G
6-NA,1088,2,14,6797,1,6814,G
6-NA,1089,6718,1,3,1,6723,A
6-NA,1090,6715,0,3,0,6718,A
6-NA,1091,0,14,6726,1,6741,G
6-NA,1092,6655,0,4,0,6659,A
6-NA,1093,6617,0,3,10,6630,A
6-NA,1094,2,3,0,6611,6616,C
6-NA,1095,2,39,6549,1,6591,G
6-NA,1096,6550,1,1,1,6553,A
6-NA,1097,0,6403,0,0,6403,T
6-NA,1098,15,1,0,6462,6478,C
6-NA,1099,6469,0,7,0,6476,A
6-NA,1100,1,9,6464,2,6476,G
6-NA,1101,5,2,1,6425,6433,C
6-NA,1102,18,10,6463,0,6491,G
6-NA,1103,6392,1,4,0,6397,A
6-NA,1104,1,8,6464,0,6473,G
6-NA,1105,6459,1,1,0,6461,A
6-NA,1106,6471,1,4,2,6478,A
6-NA,1107,0,1,6499,1,6501,G
6-NA,1108,0,6365,0,6,6371,T
6-NA,1109,16,0,0,6349,6365,C
6-NA,1110,6335,0,4,0,6339,A
6-NA,1111,1,2,1,6492,6496,C
6-NA,1112,4,5,6487,0,6496,G
6-NA,1113,9,0,0,6481,6490,C
6-NA,1114,0,6443,0,4,6447,T
6-NA,1115,0,6476,0,0,6476,T
6-NA,1116,6416,0,9,0,6425,A
6-NA,1117,0,6,6492,0,6498,G
6-NA,1118,2,16,6477,1,6496,G
6-NA,1119,0,4,6608,0,6612,G
6-NA,1120,0,6143,0,1,6144,T
6-NA,1121,6203,1,1,0,6205,A
6-NA,1122,0,6165,1,2,6168,T
6-NA,1123,2,16,6147,0,6165,G
6-NA,1124,6165,1,2,1,6169,A
6-NA,1125,6120,0,1,0,6121,A
6-NA,1126,5795,0,5,0,5800,A
6-NA,1127,1,0,0,5878,5879,C
6-NA,1128,11,0,0,5746,5757,C
6-NA,1129,1,5643,0,3,5647,T
6-NA,1130,0,5645,0,2,5647,T
6-NA,1131,10,2,1,5647,5660,C
6-NA,1132,5684,0,2,0,5686,A
6-NA,1133,5692,1,1,0,5694,A
6-NA,1134,5675,0,1,1,5677,A
6-NA,1135,0,1,5712,0,5713,G
6-NA,1136,0,5541,0,2,5543,T
6-NA,1137,24,0,0,5576,5600,C
6-NA,1138,5659,0,2,1,5662,A
6-NA,1139,0,5661,0,2,5663,T
6-NA,1140,0,5670,0,1,5671,T
6-NA,1141,3,2,5677,0,5682,G
6-NA,1142,5648,0,2,0,5650,A
6-NA,1143,5652,0,8,0,5660,A
6-NA,1144,0,4,5626,0,5630,G
6-NA,1145,1,8,5546,0,5555,G
6-NA,1146,4,2,1,5532,5539,C
6-NA,1147,0,5339,0,4,5343,T
6-NA,1148,2,6,5387,0,5395,G
6-NA,1149,0,4,5459,1,5464,G
6-NA,1150,1,5403,0,10,5414,T
6-NA,1151,14,12,1,5360,5387,C
6-NA,1152,7,0,0,5388,5395,C
6-NA,1153,5380,0,3,0,5383,A
6-NA,1154,5361,0,5,0,5366,A
6-NA,1155,1,0,0,5396,5397,C
6-NA,1156,8,2,0,5339,5349,C
6-NA,1157,8,0,0,5312,5320,C
6-NA,1158,5,1,1,5116,5123,C
6-NA,1159,5151,1,4,0,5156,A
6-NA,1160,5133,0,1,0,5134,A
6-NA,1161,1,1,5180,0,5182,G
6-NA,1162,2,5055,0,3,5060,T
6-NA,1163,11,1,0,5121,5133,C
6-NA,1164,10,6,0,5087,5103,C
6-NA,1165,5104,0,1,0,5105,A
6-NA,1166,5082,1,0,0,5083,A
6-NA,1167,5108,0,0,0,5108,A
6-NA,1168,0,5058,0,0,5058,T
6-NA,1169,0,5082,0,0,5082,T
6-NA,1170,0,5,5045,1,5051,G
6-NA,1171,8,1,1,5025,5035,C
6-NA,1172,5036,1,3,0,5040,A
6-NA,1173,0,7,5048,0,5055,G
6-NA,1174,5043,0,1,0,5044,A
6-NA,1175,1,5134,0,0,5135,T
6-NA,1176,5145,0,1,0,5146,A
6-NA,1177,5123,0,1,0,5124,A
6-NA,1178,5126,0,2,0,5128,A
6-NA,1179,1,5115,0,0,5116,T
6-NA,1180,5076,0,5,0,5081,A
6-NA,1181,1,11,5036,0,5048,G
6-NA,1182,5,5,5004,0,5014,G
6-NA,1183,7,4,1,4957,4969,C
6-NA,1184,4840,0,3,0,4843,A
6-NA,1185,4846,0,3,0,4849,A
6-NA,1186,0,1,4927,0,4928,G
6-NA,1187,1,4885,1,9,4896,T
6-NA,1188,24,1,0,4871,4896,C
6-NA,1189,4896,1,3,0,4900,A
6-NA,1190,1,4881,0,0,4882,T
6-NA,1191,4922,2,4,0,4928,A
6-NA,1192,2,1,4928,0,4931,G
6-NA,1193,0,4900,0,0,4900,T
6-NA,1194,0,4712,0,1,4713,T
6-NA,1195,8,4,4496,0,4508,G
6-NA,1196,1,4,4410,0,4415,G
6-NA,1197,3,0,0,4430,4433,C
6-NA,1198,4460,0,2,0,4462,A
6-NA,1199,1,5,4510,0,4516,G
6-NA,1200,4445,3,3,0,4451,A
6-NA,1201,3,5,4621,0,4629,G
6-NA,1202,0,1,4641,1,4643,G
6-NA,1203,0,4601,0,2,4603,T
6-NA,1204,4604,0,1,0,4605,A
6-NA,1205,4573,1,24,0,4598,A
6-NA,1206,0,4572,0,3,4575,T
6-NA,1207,4556,0,21,0,4577,A
6-NA,1208,0,7,4508,0,4515,G
6-NA,1209,1,1,4384,0,4386,G
6-NA,1210,0,3761,0,1,3762,T
6-NA,1211,8,0,0,3735,3743,C
6-NA,1212,8,0,0,3714,3722,C
6-NA,1213,8,4,3714,0,3726,G
6-NA,1214,1,0,3732,0,3733,G
6-NA,1215,0,3736,0,1,3737,T
6-NA,1216,0,3707,0,0,3707,T
6-NA,1217,3640,0,0,0,3640,A
6-NA,1218,0,3539,0,0,3539,T
6-NA,1219,0,3555,1,0,3556,T
6-NA,1220,9,0,0,3537,3546,C
6-NA,1221,0,3369,2,4,3375,T
6-NA,1222,1,11,3342,0,3354,G
6-NA,1223,0,1,3354,0,3355,G
6-NA,1224,1,3333,0,2,3336,T
6-NA,1225,3352,0,0,0,3352,A
6-NA,1226,0,3250,0,1,3251,T
6-NA,1227,0,3269,0,2,3271,T
6-NA,1228,0,3258,0,2,3260,T
6-NA,1229,0,3278,0,3,3281,T
6-NA,1230,6,0,0,3266,3272,C
6-NA,1231,1,3221,0,4,3226,T
6-NA,1232,13,0,0,3250,3263,C
6-NA,1233,0,3244,0,2,3246,T
6-NA,1234,2,1,3306,0,3309,G
6-NA,1235,0,3302,0,0,3302,T
6-NA,1236,0,3272,0,0,3272,T
6-NA,1237,0,4,3278,1,3283,G
6-NA,1238,3249,0,6,0,3255,A
6-NA,1239,3255,0,1,0,3256,A
6-NA,1240,2,10,3269,0,3281,G
6-NA,1241,2,4,3242,0,3248,G
6-NA,1242,5,2,0,3253,3260,C
6-NA,1243,3232,0,0,0,3232,A
6-NA,1244,3225,0,4,0,3229,A
6-NA,1245,3244,0,0,0,3244,A
6-NA,1246,3250,0,3,0,3253,A
6-NA,1247,0,4,3239,0,3243,G
6-NA,1248,4,0,0,3221,3225,C
6-NA,1249,0,3189,0,0,3189,T
6-NA,1250,2,1,3231,0,3234,G
6-NA,1251,2,1,0,3217,3220,C
6-NA,1252,3239,0,2,0,3241,A
6-NA,1253,1,3200,0,1,3202,T
6-NA,1254,4,0,1,3197,3202,C
6-NA,1255,3206,0,1,0,3207,A
6-NA,1256,3200,0,0,1,3201,A
6-NA,1257,0,3165,2,0,3167,T
6-NA,1258,6,3,0,3201,3210,C
6-NA,1259,0,3,3166,0,3169,G
6-NA,1260,0,0,3209,0,3209,G
6-NA,1261,1,3190,1,2,3194,T
6-NA,1262,1,1,3201,0,3203,G
6-NA,1263,3,0,0,3201,3204,C
6-NA,1264,0,3182,2,7,3191,T
6-NA,1265,0,3240,0,1,3241,T
6-NA,1266,0,3234,0,1,3235,T
6-NA,1267,0,3264,0,1,3265,T
6-NA,1268,3278,0,0,0,3278,A
6-NA,1269,0,3162,0,1,3163,T
6-NA,1270,27,2,3151,0,3180,G
6-NA,1271,0,3125,0,1,3126,T
6-NA,1272,0,5,3103,0,3108,G
6-NA,1273,0,8,3115,0,3123,G
6-NA,1274,3039,0,0,0,3039,A
6-NA,1275,0,0,3094,0,3094,G
6-NA,1276,0,3063,0,0,3063,T
6-NA,1277,0,3038,1,13,3052,T
6-NA,1278,1,8,3084,0,3093,G
6-NA,1279,3083,0,3,0,3086,A
6-NA,1280,0,3070,0,3,3073,T
6-NA,1281,3071,0,0,0,3071,A
6-NA,1282,2952,0,0,0,2952,A
6-NA,1283,0,4,2980,0,2984,G
6-NA,1284,1,6,2917,0,2924,G
6-NA,1285,1,5,2908,2,2916,G
6-NA,1286,0,2,2909,0,2911,G
6-NA,1287,2859,0,2,0,2861,A
6-NA,1288,2849,1,1,0,2851,A
6-NA,1289,0,6,2878,0,2884,G
6-NA,1290,2845,0,0,0,2845,A
6-NA,1291,2875,0,0,0,2875,A
6-NA,1292,2837,0,2,0,2839,A
6-NA,1293,2784,0,6,0,2790,A
6-NA,1294,0,4,2786,1,2791,G
6-NA,1295,2760,0,1,0,2761,A
6-NA,1296,0,2,2754,0,2756,G
6-NA,1297,0,4,2752,0,2756,G
6-NA,1298,2719,1,1,0,2721,A
6-NA,1299,2733,0,0,0,2733,A
6-NA,1300,2736,0,2,0,2738,A
6-NA,1301,0,11,0,2727,2738,C
6-NA,1302,0,2719,0,0,2719,T
6-NA,1303,1,4,2732,0,2737,G
6-NA,1304,2715,0,4,0,2719,A
6-NA,1305,2721,0,5,0,2726,A
6-NA,1306,5,1,2719,0,2725,G
6-NA,1307,0,2657,1,4,2662,T
6-NA,1308,5,0,1,2695,2701,C
6-NA,1309,0,2688,0,3,2691,T
6-NA,1310,0,2683,0,0,2683,T
6-NA,1311,0,1,2708,0,2709,G
6-NA,1312,0,2690,0,4,2694,T
6-NA,1313,1,2,2689,0,2692,G
6-NA,1314,0,4,2680,0,2684,G
6-NA,1315,2621,0,0,0,2621,A
6-NA,1316,0,0,0,2612,2612,C
6-NA,1317,2522,0,0,0,2522,A
6-NA,1318,0,2499,1,1,2501,T
6-NA,1319,5,0,0,2516,2521,C
6-NA,1320,0,7,2536,0,2543,G
6-NA,1321,2585,0,0,0,2585,A
6-NA,1322,2579,0,0,0,2579,A
6-NA,1323,0,0,0,2581,2581,C
6-NA,1324,2553,0,0,0,2553,A
6-NA,1325,0,0,2621,0,2621,G
6-NA,1326,0,2606,0,1,2607,T
6-NA,1327,2598,1,0,0,2599,A
6-NA,1328,0,2581,0,0,2581,T
6-NA,1329,0,2495,0,0,2495,T
6-NA,1330,0,1,2511,0,2512,G
6-NA,1331,1,2483,0,5,2489,T
6-NA,1332,15,0,0,2259,2274,C
6-NA,1333,1,1,2289,0,2291,G
6-NA,1334,1,2290,0,6,2297,T
6-NA,1335,0,0,2313,0,2313,G
6-NA,1336,0,2298,1,2,2301,T
6-NA,1337,0,2270,0,1,2271,T
6-NA,1338,0,2294,0,0,2294,T
6-NA,1339,0,2225,0,2,2227,T
6-NA,1340,0,1,2227,0,2228,G
6-NA,1341,0,2208,0,1,2209,T
6-NA,1342,1,1,2209,0,2211,G
6-NA,1343,0,1,2198,0,2199,G
6-NA,1344,3,0,0,2183,2186,C
6-NA,1345,2119,0,2,0,2121,A
6-NA,1346,1,0,0,2171,2172,C
6-NA,1347,3,0,0,2167,2170,C
6-NA,1348,0,2125,1,1,2127,T
6-NA,1349,4,0,0,2174,2178,C
6-NA,1350,2182,0,4,0,2186,A
6-NA,1351,1,2,2190,0,2193,G
6-NA,1352,1,1,2197,0,2199,G
6-NA,1353,0,2178,0,0,2178,T
6-NA,1354,2159,0,0,0,2159,A
6-NA,1355,7,0,0,2043,2050,C
6-NA,1356,2024,0,0,0,2024,A
6-NA,1357,0,2028,0,0,2028,T
6-NA,1358,1979,0,0,0,1979,A
6-NA,1359,0,1976,0,0,1976,T
6-NA,1360,1,2,1847,0,1850,G
6-NA,1361,0,1,1850,0,1851,G
6-NA,1362,1825,0,1,0,1826,A
6-NA,1363,1799,0,0,3,1802,A
6-NA,1364,0,0,0,1768,1768,C
6-NA,1365,1475,0,0,0,1475,A
6-NA,1366,0,2,1468,0,1470,G
6-NA,1367,1,1,1459,0,1461,G
6-NA,1368,3,0,0,1444,1447,C
6-NA,1369,1,1443,0,2,1446,T
6-NA,1370,5,0,0,1365,1370,C
6-NA,1371,1359,0,3,1,1363,A
6-NA,1372,0,1364,0,0,1364,T
6-NA,1373,1,2,1365,0,1368,G
6-NA,1374,0,3,1366,0,1369,G
6-NA,1375,1,0,0,1307,1308,C
6-NA,1376,0,0,1,1298,1299,C
6-NA,1377,0,1231,0,0,1231,T
6-NA,1378,0,1,1230,0,1231,G
6-NA,1379,1212,0,2,0,1214,A
6-NA,1380,0,1214,0,0,1214,T
6-NA,1381,0,1,1198,0,1199,G
6-NA,1382,0,2,1177,0,1179,G
6-NA,1383,1,1,1103,0,1105,G
6-NA,1384,1,3,1105,0,1109,G
6-NA,1385,0,1,0,1073,1074,C
6-NA,1386,1,1,1081,0,1083,G
6-NA,1387,0,2,1068,0,1070,G
6-NA,1388,1053,0,2,0,1055,A
6-NA,1389,0,0,0,1050,1050,C
6-NA,1390,1051,0,0,0,1051,A
6-NA,1391,0,1031,0,1,1032,T
6-NA,1392,3,0,1,1012,1016,C
6-NA,1393,1019,0,1,0,1020,A
6-NA,1394,1007,0,0,0,1007,A
6-NA,1395,0,1007,0,0,1007,T
6-NA,1396,3,0,0,974,977,C
6-NA,1397,0,925,0,1,926,T
6-NA,1398,3,0,0,825,828,C
6-NA,1399,819,0,0,0,819,A
6-NA,1400,0,810,0,0,810,T
6-NA,1401,1,1,810,0,812,G
6-NA,1402,2,0,0,796,798,C
6-NA,1403,2,0,1,765,768,C
6-NA,1404,0,701,1,0,702,T
6-NA,1405,694,0,0,0,694,A
6-NA,1406,0,696,0,0,696,T
6-NA,1407,684,0,1,0,685,A
6-NA,1408,0,678,0,0,678,T
6-NA,1409,613,0,0,0,613,A
6-NA,1410,587,0,0,0,587,A
7-M,1,28,0,0,0,28,A
7-M,2,0,28,0,0,28,T
7-M,3,0,0,28,0,28,G
7-M,4,30,0,0,0,30,A
7-M,5,0,0,34,0,34,G
7-M,6,0,0,0,34,34,C
7-M,7,0,0,0,35,35,C
7-M,8,0,46,0,0,46,T
7-M,9,0,45,0,0,45,T
7-M,10,0,0,0,48,48,C
7-M,11,0,48,0,0,48,T
7-M,12,49,0,0,0,49,A
7-M,13,48,0,0,0,48,A
7-M,14,0,0,0,49,49,C
7-M,15,0,0,0,49,49,C
7-M,16,0,0,48,0,48,G
7-M,17,47,0,0,0,47,A
7-M,18,0,0,49,0,49,G
7-M,19,0,0,53,0,53,G
7-M,20,0,52,0,0,52,T
7-M,21,0,0,0,50,50,C
7-M,22,0,0,51,0,51,G
7-M,23,55,0,0,0,55,A
7-M,24,56,0,0,0,56,A
7-M,25,59,0,0,0,59,A
7-M,26,0,0,0,65,65,C
7-M,27,0,1,63,0,64,G
7-M,28,0,65,0,0,65,T
7-M,29,68,0,0,0,68,A
7-M,30,0,68,0,0,68,T
7-M,31,0,0,67,0,67,G
7-M,32,0,72,0,0,72,T
7-M,33,0,83,0,0,83,T
7-M,34,1,0,0,85,86,C
7-M,35,0,84,0,0,84,T
7-M,36,0,0,0,87,87,C
7-M,37,0,87,0,0,87,T
7-M,38,0,0,0,91,91,C
7-M,39,0,91,0,0,91,T
7-M,40,91,0,0,0,91,A
7-M,41,0,91,0,0,91,T
7-M,42,0,0,0,92,92,C
7-M,43,0,0,92,0,92,G
7-M,44,0,92,0,0,92,T
7-M,45,0,92,0,0,92,T
7-M,46,1,0,0,97,98,C
7-M,47,0,0,0,100,100,C
7-M,48,99,0,0,0,99,A
7-M,49,0,97,0,0,97,T
7-M,50,0,0,0,101,101,C
7-M,51,100,0,0,0,100,A
7-M,52,0,0,96,0,96,G
7-M,53,0,0,97,0,97,G
7-M,54,0,0,0,100,100,C
7-M,55,0,0,0,97,97,C
7-M,56,0,0,0,99,99,C
7-M,57,0,0,0,103,103,C
7-M,58,0,0,0,106,106,C
7-M,59,0,107,0,0,107,T
7-M,60,1,0,0,106,107,C
7-M,61,106,0,0,0,106,A
7-M,62,106,0,0,0,106,A
7-M,63,107,0,1,0,108,A
7-M,64,0,0,112,0,112,G
7-M,65,0,0,0,111,111,C
7-M,66,0,0,0,113,113,C
7-M,67,0,1,112,0,113,G
7-M,68,113,0,0,0,113,A
7-M,69,0,2,111,0,113,G
7-M,70,113,0,0,0,113,A
7-M,71,0,114,0,0,114,T
7-M,72,1,0,0,114,115,C
7-M,73,0,0,115,0,115,G
7-M,74,0,0,0,115,115,C
7-M,75,0,0,112,0,112,G
7-M,76,0,0,0,114,114,C
7-M,77,115,0,0,0,115,A
7-M,78,0,0,115,0,115,G
7-M,79,112,0,0,0,112,A
7-M,80,0,0,126,0,126,G
7-M,81,127,0,0,0,127,A
7-M,82,0,0,0,130,130,C
7-M,83,0,130,0,0,130,T
7-M,84,0,129,0,0,129,T
7-M,85,0,0,129,0,129,G
7-M,86,127,0,1,0,128,A
7-M,87,127,0,0,0,127,A
7-M,88,1,1,124,0,126,G
7-M,89,126,0,0,0,126,A
7-M,90,0,127,0,0,127,T
7-M,91,0,0,129,0,129,G
7-M,92,0,129,0,2,131,T
7-M,93,0,0,0,129,129,C
7-M,94,0,132,0,0,132,T
7-M,95,0,135,0,0,135,T
7-M,96,0,134,0,0,134,T
7-M,97,0,0,134,0,134,G
7-M,98,0,0,0,134,134,C
7-M,99,0,134,0,0,134,T
7-M,100,0,0,133,0,133,G
7-M,101,0,0,132,0,132,G
7-M,102,0,0,134,0,134,G
7-M,103,135,0,0,0,135,A
7-M,104,136,0,0,0,136,A
7-M,105,137,0,0,0,137,A
7-M,106,138,0,1,0,139,A
7-M,107,142,0,0,0,142,A
7-M,108,0,1,0,142,143,C
7-M,109,141,0,0,0,141,A
7-M,110,0,0,0,141,141,C
7-M,111,139,0,0,0,139,A
7-M,112,0,0,146,0,146,G
7-M,113,146,0,0,0,146,A
7-M,114,0,152,0,0,152,T
7-M,115,2,0,0,148,150,C
7-M,116,0,150,0,0,150,T
7-M,117,0,150,0,0,150,T
7-M,118,0,1,148,0,149,G
7-M,119,151,0,0,0,151,A
7-M,120,0,0,149,0,149,G
7-M,121,0,0,152,0,152,G
7-M,122,0,0,0,155,155,C
7-M,123,0,150,0,0,150,T
7-M,124,0,0,0,168,168,C
7-M,125,0,166,0,0,166,T
7-M,126,1,0,0,170,171,C
7-M,127,172,0,0,0,172,A
7-M,128,0,172,0,0,172,T
7-M,129,0,1,172,0,173,G
7-M,130,0,2,167,0,169,G
7-M,131,172,0,0,0,172,A
7-M,132,0,0,160,0,160,G
7-M,133,0,159,0,0,159,T
7-M,134,0,0,166,0,166,G
7-M,135,0,0,170,0,170,G
7-M,136,0,0,0,173,173,C
7-M,137,0,176,0,0,176,T
7-M,138,177,0,0,0,177,A
7-M,139,174,0,0,0,174,A
7-M,140,178,0,0,0,178,A
7-M,141,0,1,177,0,178,G
7-M,142,180,0,0,0,180,A
7-M,143,0,0,0,180,180,C
7-M,144,176,0,0,0,176,A
7-M,145,174,0,0,0,174,A
7-M,146,0,1,179,0,180,G
7-M,147,180,0,0,0,180,A
7-M,148,0,0,0,182,182,C
7-M,149,0,0,0,183,183,C
7-M,150,180,0,0,0,180,A
7-M,151,183,0,0,0,183,A
7-M,152,0,182,0,0,182,T
7-M,153,0,183,0,0,183,T
7-M,154,0,0,0,186,186,C
7-M,155,0,186,0,0,186,T
7-M,156,0,0,189,0,189,G
7-M,157,0,186,0,0,186,T
7-M,158,3,0,0,185,188,C
7-M,159,189,0,0,0,189,A
7-M,160,0,0,0,197,197,C
7-M,161,0,0,0,194,194,C
7-M,162,0,195,0,0,195,T
7-M,163,0,0,0,196,196,C
7-M,164,0,194,0,0,194,T
7-M,165,0,0,197,0,197,G
7-M,166,198,0,0,0,198,A
7-M,167,0,0,0,198,198,C
7-M,168,0,195,0,0,195,T
7-M,169,196,0,0,0,196,A
7-M,170,192,0,0,0,192,A
7-M,171,0,0,195,0,195,G
7-M,172,0,0,197,0,197,G
7-M,173,0,1,195,0,196,G
7-M,174,0,1,196,0,197,G
7-M,175,192,0,0,0,192,A
7-M,176,0,198,0,0,198,T
7-M,177,0,197,0,0,197,T
7-M,178,0,197,0,0,197,T
7-M,179,0,197,0,0,197,T
7-M,180,0,0,197,0,197,G
7-M,181,0,1,196,0,197,G
7-M,182,0,1,192,0,193,G
7-M,183,0,0,195,0,195,G
7-M,184,0,186,0,0,186,T
7-M,185,0,191,0,0,191,T
7-M,186,0,191,0,0,191,T
7-M,187,0,0,196,0,196,G
7-M,188,0,196,0,0,196,T
7-M,189,0,0,199,0,199,G
7-M,190,0,202,0,0,202,T
7-M,191,0,203,0,0,203,T
7-M,192,0,0,0,204,204,C
7-M,193,205,0,0,0,205,A
7-M,194,0,0,0,211,211,C
7-M,195,0,0,209,0,209,G
7-M,196,0,0,0,210,210,C
7-M,197,0,199,0,0,199,T
7-M,198,3,0,0,207,210,C
7-M,199,213,0,0,0,213,A
7-M,200,1,0,0,214,215,C
7-M,201,0,1,0,212,213,C
7-M,202,0,0,216,1,217,G
7-M,203,0,202,1,0,203,T
7-M,204,0,0,208,0,208,G
7-M,205,0,0,0,206,206,C
7-M,206,1,0,0,205,206,C
7-M,207,0,0,0,208,208,C
7-M,208,203,0,5,0,208,A
7-M,209,0,0,208,0,208,G
7-M,210,0,212,0,0,212,T
7-M,211,0,1,215,0,216,G
7-M,212,217,0,0,0,217,A
7-M,213,0,0,217,0,217,G
7-M,214,0,0,0,217,217,C
7-M,215,0,1,216,0,217,G
7-M,216,216,0,0,0,216,A
7-M,217,0,0,220,0,220,G
7-M,218,0,1,218,0,219,G
7-M,219,218,0,0,0,218,A
7-M,220,0,0,0,221,221,C
7-M,221,0,219,0,0,219,T
7-M,222,0,0,217,0,217,G
7-M,223,0,0,0,222,222,C
7-M,224,222,0,0,0,222,A
7-M,225,0,0,227,0,227,G
7-M,226,0,0,0,228,228,C
7-M,227,0,0,231,0,231,G
7-M,228,0,227,0,0,227,T
7-M,229,228,0,0,0,228,A
7-M,230,0,0,229,0,229,G
7-M,231,226,0,0,0,226,A
7-M,232,0,0,0,230,230,C
7-M,233,1,0,232,0,233,G
7-M,234,0,0,0,231,231,C
7-M,235,0,226,0,0,226,T
7-M,236,0,228,0,0,228,T
7-M,237,0,228,0,0,228,T
7-M,238,0,1,232,0,233,G
7-M,239,0,233,0,0,233,T
7-M,240,2,0,0,234,236,C
7-M,241,1,0,0,235,236,C
7-M,242,237,0,0,0,237,A
7-M,243,239,0,0,0,239,A
7-M,244,237,0,0,0,237,A
7-M,245,235,0,0,0,235,A
7-M,246,0,235,0,0,235,T
7-M,247,0,0,236,0,236,G
7-M,248,0,1,0,227,228,C
7-M,249,1,0,0,225,226,C
7-M,250,1,0,0,233,234,C
7-M,251,0,233,0,0,233,T
7-M,252,1,0,1,240,242,C
7-M,253,242,0,0,0,242,A
7-M,254,245,0,0,0,245,A
7-M,255,0,245,0,0,245,T
7-M,256,0,0,250,0,250,G
7-M,257,0,0,248,0,248,G
7-M,258,0,0,252,0,252,G
7-M,259,250,0,0,0,250,A
7-M,260,247,0,0,0,247,A
7-M,261,0,243,0,0,243,T
7-M,262,0,2,241,0,243,G
7-M,263,0,0,243,0,243,G
7-M,264,240,0,0,0,240,A
7-M,265,0,0,239,0,239,G
7-M,266,239,0,0,0,239,A
7-M,267,0,1,0,236,237,C
7-M,268,0,0,0,245,245,C
7-M,269,1,0,0,248,249,C
7-M,270,252,0,0,0,252,A
7-M,271,250,0,0,0,250,A
7-M,272,250,0,0,0,250,A
7-M,273,0,249,0,1,250,T
7-M,274,260,0,0,0,260,A
7-M,275,260,0,0,0,260,A
7-M,276,0,0,0,255,255,C
7-M,277,252,0,0,0,252,A
7-M,278,0,254,0,0,254,T
7-M,279,0,0,253,0,253,G
7-M,280,0,0,254,0,254,G
7-M,281,251,0,0,0,251,A
7-M,282,0,0,0,253,253,C
7-M,283,243,0,0,0,243,A
7-M,284,246,0,0,0,246,A
7-M,285,242,0,0,0,242,A
7-M,286,0,1,247,0,248,G
7-M,287,0,0,0,254,254,C
7-M,288,249,0,0,0,249,A
7-M,289,0,0,257,0,257,G
7-M,290,0,253,0,0,253,T
7-M,291,0,254,0,0,254,T
7-M,292,262,0,0,0,262,A
7-M,293,260,0,0,0,260,A
7-M,294,263,0,0,0,263,A
7-M,295,0,0,0,263,263,C
7-M,296,0,253,0,0,253,T
7-M,297,0,0,276,0,276,G
7-M,298,0,269,0,0,269,T
7-M,299,278,0,0,0,278,A
7-M,300,0,276,0,0,276,T
7-M,301,279,0,0,0,279,A
7-M,302,0,0,278,0,278,G
7-M,303,265,0,0,0,265,A
7-M,304,270,0,0,0,270,A
7-M,305,270,0,0,0,270,A
7-M,306,275,0,0,0,275,A
7-M,307,0,0,0,286,286,C
7-M,308,0,284,0,0,284,T
7-M,309,0,283,0,0,283,T
7-M,310,286,0,0,0,286,A
7-M,311,285,0,0,0,285,A
7-M,312,0,1,284,0,285,G
7-M,313,287,0,1,0,288,A
7-M,314,0,0,285,0,285,G
7-M,315,0,0,284,0,284,G
7-M,316,0,0,285,0,285,G
7-M,317,291,0,1,0,292,A
7-M,318,0,2,291,0,293,G
7-M,319,298,0,0,0,298,A
7-M,320,0,296,0,0,296,T
7-M,321,296,0,0,0,296,A
7-M,322,303,0,0,0,303,A
7-M,323,0,0,0,303,303,C
7-M,324,1,0,306,0,307,G
7-M,325,0,301,0,0,301,T
7-M,326,0,300,0,1,301,T
7-M,327,0,1,0,301,302,C
7-M,328,0,0,0,303,303,C
7-M,329,298,0,0,0,298,A
7-M,330,0,301,0,0,301,T
7-M,331,0,0,303,0,303,G
7-M,332,1,1,294,0,296,G
7-M,333,0,0,291,0,291,G
7-M,334,0,0,294,0,294,G
7-M,335,0,0,0,296,296,C
7-M,336,0,1,0,297,298,C
7-M,337,301,0,1,0,302,A
7-M,338,305,0,0,0,305,A
7-M,339,306,0,0,0,306,A
7-M,340,0,0,311,0,311,G
7-M,341,312,0,0,0,312,A
7-M,342,308,0,0,0,308,A
7-M,343,306,0,0,0,306,A
7-M,344,0,307,0,1,308,T
7-M,345,304,0,0,0,304,A
7-M,346,0,1,306,0,307,G
7-M,347,0,0,0,308,308,C
7-M,348,0,311,0,0,311,T
7-M,349,1,0,0,309,310,C
7-M,350,0,307,0,0,307,T
7-M,351,1,0,0,326,327,C
7-M,352,326,0,1,0,327,A
7-M,353,0,0,327,0,327,G
7-M,354,0,321,0,0,321,T
7-M,355,0,324,0,1,325,T
7-M,356,326,0,0,0,326,A
7-M,357,0,323,0,0,323,T
7-M,358,0,324,0,0,324,T
7-M,359,1,0,0,324,325,C
7-M,360,0,321,0,0,321,T
7-M,361,0,0,326,0,326,G
7-M,362,1,0,0,323,324,C
7-M,363,0,325,0,0,325,T
7-M,364,0,0,325,0,325,G
7-M,365,1,0,321,0,322,G
7-M,366,0,324,0,0,324,T
7-M,367,0,1,321,0,322,G
7-M,368,0,0,0,321,321,C
7-M,369,322,0,0,0,322,A
7-M,370,0,0,0,320,320,C
7-M,371,0,318,0,0,318,T
7-M,372,0,320,0,0,320,T
7-M,373,0,0,317,0,317,G
7-M,374,0,0,0,321,321,C
7-M,375,0,0,0,318,318,C
7-M,376,316,0,0,0,316,A
7-M,377,0,0,320,0,320,G
7-M,378,0,322,0,0,322,T
7-M,379,0,318,0,0,318,T
7-M,380,0,0,316,0,316,G
7-M,381,0,0,0,311,311,C
7-M,382,311,0,0,0,311,A
7-M,383,0,308,0,0,308,T
7-M,384,0,1,309,0,310,G
7-M,385,0,2,312,0,314,G
7-M,386,0,0,321,0,321,G
7-M,387,2,0,0,317,319,C
7-M,388,1,0,0,325,326,C
7-M,389,0,333,0,0,333,T
7-M,390,1,0,1,335,337,C
7-M,391,355,0,0,0,355,A
7-M,392,0,353,0,0,353,T
7-M,393,364,0,0,0,364,A
7-M,394,0,361,0,0,361,T
7-M,395,353,0,0,0,353,A
7-M,396,1,0,0,372,373,C
7-M,397,362,0,0,0,362,A
7-M,398,364,0,0,0,364,A
7-M,399,0,359,0,0,359,T
7-M,400,344,0,0,0,344,A
7-M,401,0,0,345,0,345,G
7-M,402,0,1,344,0,345,G
7-M,403,336,0,0,0,336,A
7-M,404,0,341,0,0,341,T
7-M,405,0,0,318,0,318,G
7-M,406,1,0,319,0,320,G
7-M,407,0,1,317,0,318,G
7-M,408,0,0,319,0,319,G
7-M,409,0,0,321,0,321,G
7-M,410,0,0,0,314,314,C
7-M,411,0,317,0,0,317,T
7-M,412,1,0,318,0,319,G
7-M,413,0,311,0,0,311,T
7-M,414,317,0,0,0,317,A
7-M,415,311,0,0,0,311,A
7-M,416,0,0,0,320,320,C
7-M,417,0,0,0,313,313,C
7-M,418,311,0,0,0,311,A
7-M,419,0,0,0,315,315,C
7-M,420,0,312,0,0,312,T
7-M,421,0,0,314,0,314,G
7-M,422,311,0,0,0,311,A
7-M,423,311,0,0,0,311,A
7-M,424,0,0,309,0,309,G
7-M,425,0,307,0,0,307,T
7-M,426,0,2,299,0,301,G
7-M,427,0,0,300,0,300,G
7-M,428,0,0,0,304,304,C
7-M,429,306,0,0,0,306,A
7-M,430,0,303,0,0,303,T
7-M,431,0,307,0,0,307,T
7-M,432,0,307,0,1,308,T
7-M,433,0,0,310,0,310,G
7-M,434,0,0,311,0,311,G
7-M,435,0,0,0,312,312,C
7-M,436,0,0,0,309,309,C
7-M,437,0,309,0,0,309,T
7-M,438,0,1,319,0,320,G
7-M,439,0,0,319,0,319,G
7-M,440,0,317,0,0,317,T
7-M,441,326,0,0,0,326,A
7-M,442,0,310,0,0,310,T
7-M,443,0,1,315,0,316,G
7-M,444,0,319,0,0,319,T
7-M,445,0,0,321,0,321,G
7-M,446,0,0,0,324,324,C
7-M,447,309,0,0,0,309,A
7-M,448,309,0,0,0,309,A
7-M,449,0,0,0,313,313,C
7-M,450,314,0,0,0,314,A
7-M,451,0,319,0,0,319,T
7-M,452,0,0,312,0,312,G
7-M,453,0,307,0,0,307,T
7-M,454,0,1,301,0,302,G
7-M,455,299,1,1,0,301,A
7-M,456,0,0,306,0,306,G
7-M,457,0,0,0,305,305,C
7-M,458,294,0,0,0,294,A
7-M,459,0,0,296,0,296,G
7-M,460,296,0,0,0,296,A
7-M,461,0,294,0,0,294,T
7-M,462,0,291,0,0,291,T
7-M,463,0,0,299,0,299,G
7-M,464,0,0,0,296,296,C
7-M,465,0,295,0,1,296,T
7-M,466,0,1,294,0,295,G
7-M,467,296,0,0,0,296,A
7-M,468,0,0,0,305,305,C
7-M,469,0,309,0,1,310,T
7-M,470,1,0,0,313,314,C
7-M,471,1,0,0,311,312,C
7-M,472,0,0,0,313,313,C
7-M,473,309,0,1,0,310,A
7-M,474,0,0,324,0,324,G
7-M,475,0,1,0,314,315,C
7-M,476,320,0,0,0,320,A
7-M,477,0,0,0,323,323,C
7-M,478,308,0,0,0,308,A
7-M,479,0,1,309,0,310,G
7-M,480,0,0,310,0,310,G
7-M,481,0,306,0,0,306,T
7-M,482,1,0,1,314,316,C
7-M,483,0,318,0,0,318,T
7-M,484,1,0,0,319,320,C
7-M,485,316,0,1,0,317,A
7-M,486,0,320,0,0,320,T
7-M,487,321,0,0,0,321,A
7-M,488,0,2,317,0,319,G
7-M,489,0,1,313,0,314,G
7-M,490,0,0,0,313,313,C
7-M,491,303,0,0,0,303,A
7-M,492,0,0,297,0,297,G
7-M,493,299,0,0,0,299,A
7-M,494,0,300,0,0,300,T
7-M,495,0,0,301,1,302,G
7-M,496,0,0,300,0,300,G
7-M,497,0,291,0,0,291,T
7-M,498,0,0,300,0,300,G
7-M,499,0,0,301,0,301,G
7-M,500,0,0,0,298,298,C
7-M,501,295,0,0,0,295,A
7-M,502,299,0,0,0,299,A
7-M,503,1,0,0,301,302,C
7-M,504,304,0,0,0,304,A
7-M,505,302,0,2,0,304,A
7-M,506,0,0,0,307,307,C
7-M,507,0,0,0,306,306,C
7-M,508,294,0,0,0,294,A
7-M,509,297,0,0,0,297,A
7-M,510,0,294,0,0,294,T
7-M,511,3,0,0,293,296,C
7-M,512,0,0,0,295,295,C
7-M,513,289,0,0,0,289,A
7-M,514,0,293,0,0,293,T
7-M,515,1,295,0,0,296,T
7-M,516,296,0,0,0,296,A
7-M,517,293,0,0,1,294,A
7-M,518,0,295,0,0,295,T
7-M,519,295,0,0,0,295,A
7-M,520,294,0,0,0,294,A
7-M,521,289,0,0,0,289,A
7-M,522,290,0,1,0,291,A
7-M,523,0,0,0,299,299,C
7-M,524,299,0,0,0,299,A
7-M,525,0,298,0,0,298,T
7-M,526,0,0,301,0,301,G
7-M,527,297,0,1,0,298,A
7-M,528,0,0,297,0,297,G
7-M,529,294,0,2,0,296,A
7-M,530,302,0,0,0,302,A
7-M,531,0,0,0,298,298,C
7-M,532,291,0,0,0,291,A
7-M,533,0,1,293,0,294,G
7-M,534,288,0,0,0,288,A
7-M,535,292,0,0,0,292,A
7-M,536,0,290,0,0,290,T
7-M,537,0,0,288,0,288,G
7-M,538,0,0,289,0,289,G
7-M,539,0,284,0,0,284,T
7-M,540,0,282,0,0,282,T
7-M,541,0,292,0,0,292,T
7-M,542,0,292,0,0,292,T
7-M,543,0,0,291,0,291,G
7-M,544,0,0,292,0,292,G
7-M,545,0,0,0,291,291,C
7-M,546,1,0,0,293,294,C
7-M,547,290,0,0,0,290,A
7-M,548,0,0,291,0,291,G
7-M,549,0,0,0,296,296,C
7-M,550,297,0,1,0,298,A
7-M,551,0,0,0,308,308,C
7-M,552,0,304,0,1,305,T
7-M,553,302,0,0,0,302,A
7-M,554,0,0,0,309,309,C
7-M,555,316,0,1,0,317,A
7-M,556,0,0,318,0,318,G
7-M,557,0,0,0,310,310,C
7-M,558,0,305,0,0,305,T
7-M,559,309,0,0,0,309,A
7-M,560,302,0,0,0,302,A
7-M,561,0,2,304,0,306,G
7-M,562,0,0,307,0,307,G
7-M,563,1,0,0,306,307,C
7-M,564,0,299,0,0,299,T
7-M,565,295,0,0,0,295,A
7-M,566,0,298,0,0,298,T
7-M,567,0,0,299,0,299,G
7-M,568,0,2,300,0,302,G
7-M,569,298,0,0,0,298,A
7-M,570,0,0,300,0,300,G
7-M,571,0,0,0,286,286,C
7-M,572,284,0,0,0,284,A
7-M,573,285,0,0,0,285,A
7-M,574,286,0,0,0,286,A
7-M,575,0,291,0,0,291,T
7-M,576,0,0,289,0,289,G
7-M,577,0,1,284,0,285,G
7-M,578,1,0,0,284,285,C
7-M,579,0,286,0,0,286,T
7-M,580,1,1,284,0,286,G
7-M,581,0,2,286,0,288,G
7-M,582,288,0,0,0,288,A
7-M,583,0,288,0,1,289,T
7-M,584,1,0,0,281,282,C
7-M,585,282,0,0,0,282,A
7-M,586,283,0,0,0,283,A
7-M,587,0,0,292,0,292,G
7-M,588,0,285,0,0,285,T
7-M,589,0,1,287,0,288,G
7-M,590,286,0,0,0,286,A
7-M,591,0,0,289,0,289,G
7-M,592,1,0,0,284,285,C
7-M,593,283,0,1,0,284,A
7-M,594,0,2,280,0,282,G
7-M,595,0,0,280,0,280,G
7-M,596,0,0,0,286,286,C
7-M,597,281,0,2,0,283,A
7-M,598,0,0,286,0,286,G
7-M,599,0,0,0,284,284,C
7-M,600,0,1,284,0,285,G
7-M,601,0,1,279,0,280,G
7-M,602,278,0,0,0,278,A
7-M,603,0,0,285,0,285,G
7-M,604,0,0,282,0,282,G
7-M,605,0,0,0,275,275,C
7-M,606,0,0,0,286,286,C
7-M,607,279,0,0,0,279,A
7-M,608,0,280,0,0,280,T
7-M,609,0,0,287,0,287,G
7-M,610,0,0,290,0,290,G
7-M,611,283,0,0,0,283,A
7-M,612,0,0,290,0,290,G
7-M,613,277,0,0,0,277,A
7-M,614,0,284,0,0,284,T
7-M,615,0,286,0,0,286,T
7-M,616,1,0,289,0,290,G
7-M,617,0,0,0,283,283,C
7-M,618,0,284,0,0,284,T
7-M,619,284,0,0,0,284,A
7-M,620,0,0,285,0,285,G
7-M,621,0,281,0,0,281,T
7-M,622,1,0,0,288,289,C
7-M,623,275,0,0,0,275,A
7-M,624,0,1,281,0,282,G
7-M,625,0,0,280,0,280,G
7-M,626,1,0,0,276,277,C
7-M,627,0,0,0,277,277,C
7-M,628,280,0,0,0,280,A
7-M,629,1,0,279,0,280,G
7-M,630,0,0,283,0,283,G
7-M,631,0,0,0,279,279,C
7-M,632,284,0,0,0,284,A
7-M,633,0,0,282,0,282,G
7-M,634,279,0,0,0,279,A
7-M,635,0,281,0,0,281,T
7-M,636,0,0,289,0,289,G
7-M,637,1,0,289,0,290,G
7-M,638,0,285,0,0,285,T
7-M,639,0,0,286,0,286,G
7-M,640,0,0,0,279,279,C
7-M,641,283,0,1,0,284,A
7-M,642,0,1,285,0,286,G
7-M,643,0,0,281,0,281,G
7-M,644,0,0,0,278,278,C
7-M,645,283,0,0,0,283,A
7-M,646,275,0,0,0,275,A
7-M,647,0,277,0,0,277,T
7-M,648,0,0,275,0,275,G
7-M,649,273,0,0,0,273,A
7-M,650,0,0,276,0,276,G
7-M,651,260,0,0,0,260,A
7-M,652,0,1,270,0,271,G
7-M,653,0,0,0,257,257,C
7-M,654,0,0,0,269,269,C
7-M,655,277,0,0,0,277,A
7-M,656,0,275,0,0,275,T
7-M,657,0,278,0,0,278,T
7-M,658,0,0,279,0,279,G
7-M,659,1,0,276,0,277,G
7-M,660,0,1,276,0,277,G
7-M,661,277,0,0,0,277,A
7-M,662,0,0,0,271,271,C
7-M,663,0,264,0,0,264,T
7-M,664,0,0,0,268,268,C
7-M,665,270,0,0,0,270,A
7-M,666,0,276,0,0,276,T
7-M,667,1,0,0,280,281,C
7-M,668,0,0,0,282,282,C
7-M,669,0,281,0,0,281,T
7-M,670,286,0,0,0,286,A
7-M,671,0,0,285,0,285,G
7-M,672,0,315,0,0,315,T
7-M,673,0,311,0,0,311,T
7-M,674,3,0,0,310,313,C
7-M,675,0,0,0,313,313,C
7-M,676,313,0,0,0,313,A
7-M,677,0,0,317,0,317,G
7-M,678,0,320,0,0,320,T
7-M,679,316,0,1,0,317,A
7-M,680,0,0,0,315,315,C
7-M,681,0,279,0,0,279,T
7-M,682,0,0,290,0,290,G
7-M,683,1,0,303,0,304,G
7-M,684,0,293,0,0,293,T
7-M,685,1,0,0,301,302,C
7-M,686,0,295,0,0,295,T
7-M,687,296,0,0,0,296,A
7-M,688,295,0,0,0,295,A
7-M,689,0,2,294,0,296,G
7-M,690,292,0,0,0,292,A
7-M,691,0,0,283,0,283,G
7-M,692,270,0,0,0,270,A
7-M,693,0,268,0,0,268,T
7-M,694,0,1,270,0,271,G
7-M,695,269,0,0,0,269,A
7-M,696,0,261,0,0,261,T
7-M,697,1,0,0,264,265,C
7-M,698,0,263,0,1,264,T
7-M,699,0,265,0,0,265,T
7-M,700,0,0,0,268,268,C
7-M,701,0,268,0,0,268,T
7-M,702,0,270,0,0,270,T
7-M,703,0,0,270,0,270,G
7-M,704,270,0,0,0,270,A
7-M,705,267,0,0,0,267,A
7-M,706,270,0,0,0,270,A
7-M,707,269,0,0,0,269,A
7-M,708,0,267,0,0,267,T
7-M,709,0,268,0,0,268,T
7-M,710,0,271,0,0,271,T
7-M,711,0,0,270,0,270,G
7-M,712,0,0,0,270,270,C
7-M,713,266,0,0,0,266,A
7-M,714,0,1,265,0,266,G
7-M,715,261,0,0,0,261,A
7-M,716,0,0,0,275,275,C
7-M,717,0,0,0,275,275,C
7-M,718,0,275,0,0,275,T
7-M,719,274,0,0,0,274,A
7-M,720,0,275,0,0,275,T
7-M,721,0,0,0,277,277,C
7-M,722,276,0,1,0,277,A
7-M,723,0,0,276,0,276,G
7-M,724,273,0,0,0,273,A
7-M,725,265,0,0,0,265,A
7-M,726,265,0,0,0,265,A
7-M,727,0,0,0,267,267,C
7-M,728,0,0,268,0,268,G
7-M,729,260,0,0,0,260,A
7-M,730,263,0,0,0,263,A
7-M,731,0,265,0,0,265,T
7-M,732,1,0,261,0,262,G
7-M,733,0,1,263,0,264,G
7-M,734,0,1,262,0,263,G
7-M,735,0,0,263,0,263,G
7-M,736,0,0,261,0,261,G
7-M,737,0,257,0,0,257,T
7-M,738,1,0,258,0,259,G
7-M,739,0,0,0,259,259,C
7-M,740,259,0,0,0,259,A
7-M,741,1,0,261,0,262,G
7-M,742,254,0,0,0,254,A
7-M,743,1,252,0,0,253,T
7-M,744,0,0,251,0,251,G
7-M,745,0,0,0,252,252,C
7-M,746,251,0,0,0,251,A
7-M,747,249,0,0,0,249,A
7-M,748,0,0,0,252,252,C
7-M,749,0,1,249,0,250,G
7-M,750,254,0,0,0,254,A
7-M,751,0,255,0,0,255,T
7-M,752,0,254,0,0,254,T
7-M,753,2,0,0,253,255,C
7-M,754,252,0,0,0,252,A
7-M,755,253,0,0,0,253,A
7-M,756,0,0,251,0,251,G
7-M,757,0,250,0,0,250,T
7-M,758,0,1,242,0,243,G
7-M,759,243,0,0,0,243,A
7-M,760,0,0,0,242,242,C
7-M,761,0,0,0,240,240,C
7-M,762,1,0,0,233,234,C
7-M,763,0,0,236,0,236,G
7-M,764,0,0,0,235,235,C
7-M,765,0,237,0,0,237,T
7-M,766,0,240,0,0,240,T
7-M,767,0,0,237,0,237,G
7-M,768,0,240,0,0,240,T
7-M,769,0,237,0,0,237,T
7-M,770,0,0,235,0,235,G
7-M,771,0,235,0,0,235,T
7-M,772,0,236,0,0,236,T
7-M,773,0,0,237,0,237,G
7-M,774,0,0,0,230,230,C
7-M,775,0,0,0,232,232,C
7-M,776,0,1,232,0,233,G
7-M,777,0,0,0,233,233,C
7-M,778,0,1,234,0,235,G
7-M,779,234,0,0,0,234,A
7-M,780,237,0,0,0,237,A
7-M,781,0,237,0,0,237,T
7-M,782,237,0,0,0,237,A
7-M,783,0,239,0,0,239,T
7-M,784,1,1,0,242,244,C
7-M,785,243,0,0,0,243,A
7-M,786,0,242,0,0,242,T
7-M,787,0,239,0,0,239,T
7-M,788,0,2,236,0,238,G
7-M,789,1,0,235,0,236,G
7-M,790,0,0,240,0,240,G
7-M,791,237,0,0,0,237,A
7-M,792,0,235,0,0,235,T
7-M,793,2,0,0,227,229,C
7-M,794,0,228,0,0,228,T
7-M,795,0,227,0,1,228,T
7-M,796,0,0,232,0,232,G
7-M,797,1,0,0,228,229,C
7-M,798,232,0,0,0,232,A
7-M,799,0,0,0,234,234,C
7-M,800,0,230,0,0,230,T
7-M,801,0,229,0,1,230,T
7-M,802,0,0,232,0,232,G
7-M,803,234,0,0,0,234,A
7-M,804,0,233,0,0,233,T
7-M,805,230,0,0,0,230,A
7-M,806,0,226,0,0,226,T
7-M,807,0,226,0,0,226,T
7-M,808,0,0,225,0,225,G
7-M,809,0,224,0,0,224,T
7-M,810,0,0,217,0,217,G
7-M,811,0,3,216,0,219,G
7-M,812,213,0,0,0,213,A
7-M,813,0,214,0,0,214,T
7-M,814,0,210,0,0,210,T
7-M,815,2,0,0,212,214,C
7-M,816,0,210,0,0,210,T
7-M,817,0,207,0,0,207,T
7-M,818,0,0,209,0,209,G
7-M,819,208,0,0,0,208,A
7-M,820,0,209,0,0,209,T
7-M,821,1,0,0,202,203,C
7-M,822,0,0,204,1,205,G
7-M,823,0,199,0,0,199,T
7-M,824,0,0,0,199,199,C
7-M,825,0,200,0,1,201,T
7-M,826,0,203,0,0,203,T
7-M,827,0,202,0,0,202,T
7-M,828,0,202,0,0,202,T
7-M,829,0,205,0,0,205,T
7-M,830,0,202,0,0,202,T
7-M,831,0,203,0,0,203,T
7-M,832,1,0,0,201,202,C
7-M,833,203,0,0,0,203,A
7-M,834,204,0,0,0,204,A
7-M,835,204,0,0,0,204,A
7-M,836,0,201,0,0,201,T
7-M,837,0,0,205,0,205,G
7-M,838,2,1,0,204,207,C
7-M,839,0,0,207,0,207,G
7-M,840,1,208,0,0,209,T
7-M,841,1,0,0,212,213,C
7-M,842,0,213,0,0,213,T
7-M,843,209,0,0,0,209,A
7-M,844,0,208,0,1,209,T
7-M,845,2,0,0,206,208,C
7-M,846,0,1,206,0,207,G
7-M,847,207,0,0,0,207,A
7-M,848,0,0,0,203,203,C
7-M,849,0,190,0,0,190,T
7-M,850,2,0,0,195,197,C
7-M,851,0,198,0,0,198,T
7-M,852,0,197,0,0,197,T
7-M,853,0,0,0,199,199,C
7-M,854,200,0,0,0,200,A
7-M,855,200,0,0,0,200,A
7-M,856,199,0,0,0,199,A
7-M,857,0,0,0,198,198,C
7-M,858,194,0,0,0,194,A
7-M,859,0,1,0,183,184,C
7-M,860,0,0,185,0,185,G
7-M,861,0,0,188,0,188,G
7-M,862,0,0,0,183,183,C
7-M,863,1,0,0,187,188,C
7-M,864,0,188,0,0,188,T
7-M,865,0,190,0,0,190,T
7-M,866,190,0,0,0,190,A
7-M,867,192,0,0,0,192,A
7-M,868,192,0,0,0,192,A
7-M,869,190,0,0,0,190,A
7-M,870,0,0,190,0,190,G
7-M,871,158,0,0,0,158,A
7-M,872,0,1,153,0,154,G
7-M,873,0,0,152,0,152,G
7-M,874,0,0,0,150,150,C
7-M,875,0,0,0,153,153,C
7-M,876,1,0,0,155,156,C
7-M,877,0,152,0,1,153,T
7-M,878,0,154,0,0,154,T
7-M,879,0,0,0,151,151,C
7-M,880,0,151,0,0,151,T
7-M,881,153,0,0,0,153,A
7-M,882,0,0,0,153,153,C
7-M,883,0,0,149,0,149,G
7-M,884,0,0,149,0,149,G
7-M,885,138,0,0,0,138,A
7-M,886,141,0,0,0,141,A
7-M,887,0,0,140,0,140,G
7-M,888,0,0,138,0,138,G
7-M,889,134,0,0,0,134,A
7-M,890,0,0,135,0,135,G
7-M,891,0,136,0,0,136,T
7-M,892,133,0,1,0,134,A
7-M,893,0,0,0,129,129,C
7-M,894,0,0,0,135,135,C
7-M,895,0,135,0,0,135,T
7-M,896,0,0,137,0,137,G
7-M,897,129,0,0,0,129,A
7-M,898,0,0,132,0,132,G
7-M,899,0,121,0,0,121,T
7-M,900,0,0,0,119,119,C
7-M,901,0,123,0,0,123,T
7-M,902,121,0,0,0,121,A
7-M,903,0,121,0,0,121,T
7-M,904,0,0,122,0,122,G
7-M,905,115,0,0,0,115,A
7-M,906,0,0,116,0,116,G
7-M,907,0,0,105,0,105,G
7-M,908,0,0,108,0,108,G
7-M,909,106,0,0,0,106,A
7-M,910,104,0,0,0,104,A
7-M,911,0,0,105,0,105,G
7-M,912,103,0,0,0,103,A
7-M,913,102,0,0,0,102,A
7-M,914,0,102,0,0,102,T
7-M,915,100,0,0,0,100,A
7-M,916,0,99,0,0,99,T
7-M,917,0,0,0,98,98,C
7-M,918,0,0,100,1,101,G
7-M,919,100,0,0,0,100,A
7-M,920,99,0,1,0,100,A
7-M,921,100,0,0,0,100,A
7-M,922,0,0,97,0,97,G
7-M,923,0,0,98,0,98,G
7-M,924,95,0,0,0,95,A
7-M,925,97,0,0,0,97,A
7-M,926,0,0,0,94,94,C
7-M,927,94,0,1,0,95,A
7-M,928,0,0,94,0,94,G
7-M,929,0,0,0,95,95,C
7-M,930,94,0,0,0,94,A
7-M,931,0,0,93,0,93,G
7-M,932,91,0,0,0,91,A
7-M,933,91,0,0,0,91,A
7-M,934,0,91,0,0,91,T
7-M,935,0,0,89,0,89,G
7-M,936,0,0,0,88,88,C
7-M,937,0,84,0,0,84,T
7-M,938,0,0,85,0,85,G
7-M,939,0,83,0,0,83,T
7-M,940,0,0,83,0,83,G
7-M,941,0,0,82,0,82,G
7-M,942,79,0,0,0,79,A
7-M,943,0,79,0,0,79,T
7-M,944,0,0,75,0,75,G
7-M,945,0,0,0,74,74,C
7-M,946,0,75,0,0,75,T
7-M,947,0,0,74,0,74,G
7-M,948,73,0,0,0,73,A
7-M,949,0,0,0,72,72,C
7-M,950,0,0,73,0,73,G
7-M,951,70,0,0,0,70,A
7-M,952,0,0,0,71,71,C
7-M,953,70,0,0,0,70,A
7-M,954,0,0,70,0,70,G
7-M,955,0,70,0,0,70,T
7-M,956,1,0,0,67,68,C
7-M,957,68,0,0,0,68,A
7-M,958,0,69,0,0,69,T
7-M,959,0,68,0,0,68,T
7-M,960,0,68,0,0,68,T
7-M,961,0,68,0,0,68,T
7-M,962,0,0,67,0,67,G
7-M,963,0,64,0,0,64,T
7-M,964,0,0,0,64,64,C
7-M,965,61,0,0,0,61,A
7-M,966,0,0,61,0,61,G
7-M,967,0,0,0,61,61,C
7-M,968,60,0,0,0,60,A
7-M,969,0,60,0,0,60,T
7-M,970,55,0,0,0,55,A
7-M,971,0,0,56,0,56,G
7-M,972,54,0,0,0,54,A
7-M,973,0,0,54,0,54,G
7-M,974,0,52,0,0,52,T
7-M,975,0,36,0,0,36,T
7-M,976,0,0,36,0,36,G
7-M,977,0,0,36,0,36,G
7-M,978,36,0,0,0,36,A
7-M,979,0,0,36,0,36,G
7-M,980,0,22,0,0,22,T
7-M,981,20,0,0,0,20,A
7-M,982,20,0,0,0,20,A
8-NS,1,537,0,0,0,537,A
8-NS,2,0,537,0,0,537,T
8-NS,3,0,0,569,0,569,G
8-NS,4,0,3,605,0,608,G
8-NS,5,651,0,0,0,651,A
8-NS,6,0,1329,0,0,1329,T
8-NS,7,0,1338,0,0,1338,T
8-NS,8,2,0,0,1377,1379,C
8-NS,9,0,2,0,1381,1383,C
8-NS,10,1395,0,0,0,1395,A
8-NS,11,1412,0,1,0,1413,A
8-NS,12,0,0,0,1413,1413,C
8-NS,13,1419,0,0,0,1419,A
8-NS,14,0,0,0,1437,1437,C
8-NS,15,0,1431,0,0,1431,T
8-NS,16,0,1,1608,0,1609,G
8-NS,17,0,1607,0,0,1607,T
8-NS,18,0,0,1625,1,1626,G
8-NS,19,0,1619,0,8,1627,T
8-NS,20,2,0,0,1629,1631,C
8-NS,21,1633,0,2,0,1635,A
8-NS,22,1626,1,0,1,1628,A
8-NS,23,1,1,1644,0,1646,G
8-NS,24,1,1675,0,1,1677,T
8-NS,25,0,1680,0,1,1681,T
8-NS,26,0,1700,0,0,1700,T
8-NS,27,3,2,0,1692,1697,C
8-NS,28,5,1,0,1696,1702,C
8-NS,29,1684,2,0,0,1686,A
8-NS,30,1,2,1722,0,1725,G
8-NS,31,0,0,1723,0,1723,G
8-NS,32,1,1681,0,0,1682,T
8-NS,33,1733,0,0,0,1733,A
8-NS,34,1,3,1749,0,1753,G
8-NS,35,1739,0,0,0,1739,A
8-NS,36,0,1757,0,0,1757,T
8-NS,37,0,1769,0,0,1769,T
8-NS,38,0,0,1789,0,1789,G
8-NS,39,3,0,0,1771,1774,C
8-NS,40,0,1790,0,2,1792,T
8-NS,41,0,1798,0,1,1799,T
8-NS,42,0,1825,0,0,1825,T
8-NS,43,3,1,0,1845,1849,C
8-NS,44,0,1840,0,1,1841,T
8-NS,45,0,1843,0,0,1843,T
8-NS,46,0,1844,0,1,1845,T
8-NS,47,0,6,1845,0,1851,G
8-NS,48,2,0,1821,0,1823,G
8-NS,49,1,1,0,1834,1836,C
8-NS,50,1848,0,2,0,1850,A
8-NS,51,0,1856,0,0,1856,T
8-NS,52,1873,0,0,0,1873,A
8-NS,53,0,1902,0,12,1914,T
8-NS,54,2,1,0,1917,1920,C
8-NS,55,1,0,0,1912,1913,C
8-NS,56,0,1,1912,0,1913,G
8-NS,57,0,5,1917,0,1922,G
8-NS,58,1916,0,0,0,1916,A
8-NS,59,1933,0,0,0,1933,A
8-NS,60,1930,0,1,0,1931,A
8-NS,61,2,0,0,1973,1975,C
8-NS,62,1972,0,0,0,1972,A
8-NS,63,1962,0,1,0,1963,A
8-NS,64,0,0,2032,0,2032,G
8-NS,65,0,2046,0,0,2046,T
8-NS,66,0,2059,0,0,2059,T
8-NS,67,0,4,2056,0,2060,G
8-NS,68,0,2064,0,1,2065,T
8-NS,69,2054,0,1,0,2055,A
8-NS,70,1,9,2045,0,2055,G
8-NS,71,2186,0,2,0,2188,A
8-NS,72,1,0,0,2225,2226,C
8-NS,73,0,3,1,2192,2196,C
8-NS,74,2205,0,1,0,2206,A
8-NS,75,2211,0,1,0,2212,A
8-NS,76,1,5,2306,0,2312,G
8-NS,77,2295,0,0,0,2295,A
8-NS,78,2334,0,1,0,2335,A
8-NS,79,1,0,0,2345,2346,C
8-NS,80,0,2311,0,0,2311,T
8-NS,81,0,6,2336,0,2342,G
8-NS,82,2289,0,0,0,2289,A
8-NS,83,1,0,2363,0,2364,G
8-NS,84,1,2365,0,0,2366,T
8-NS,85,0,3,2329,0,2332,G
8-NS,86,2329,0,1,0,2330,A
8-NS,87,1,2346,0,0,2347,T
8-NS,88,0,4,2365,0,2369,G
8-NS,89,4,2,0,2391,2397,C
8-NS,90,2,0,0,2400,2402,C
8-NS,91,4,0,0,2426,2430,C
8-NS,92,1,1,0,2415,2417,C
8-NS,93,2444,0,0,0,2444,A
8-NS,94,0,2472,0,2,2474,T
8-NS,95,0,2508,0,0,2508,T
8-NS,96,3,0,0,2515,2518,C
8-NS,97,3,1,0,2510,2514,C
8-NS,98,0,2501,0,3,2504,T
8-NS,99,0,2501,0,0,2501,T
8-NS,100,2,8,2486,0,2496,G
8-NS,101,2464,1,1,0,2466,A
8-NS,102,0,2500,0,1,2501,T
8-NS,103,3,0,0,2476,2479,C
8-NS,104,2,4,2446,0,2452,G
8-NS,105,0,1,2470,0,2471,G
8-NS,106,7,0,0,2485,2492,C
8-NS,107,1,2474,1,0,2476,T
8-NS,108,0,2503,0,0,2503,T
8-NS,109,4,0,0,2501,2505,C
8-NS,110,2,1,2510,0,2513,G
8-NS,111,2,0,0,2500,2502,C
8-NS,112,2,0,0,2513,2515,C
8-NS,113,1,2,2527,0,2530,G
8-NS,114,2462,0,1,0,2463,A
8-NS,115,1,3,2601,0,2605,G
8-NS,116,2596,0,1,0,2597,A
8-NS,117,0,2622,0,0,2622,T
8-NS,118,7,0,0,2624,2631,C
8-NS,119,2611,0,2,0,2613,A
8-NS,120,0,4,2612,0,2616,G
8-NS,121,2604,0,1,0,2605,A
8-NS,122,1,4,2603,0,2608,G
8-NS,123,0,0,2649,0,2649,G
8-NS,124,0,2703,0,0,2703,T
8-NS,125,1,1,0,2813,2815,C
8-NS,126,2,0,1,2832,2835,C
8-NS,127,2,1,0,2864,2867,C
8-NS,128,0,2871,0,0,2871,T
8-NS,129,2877,0,1,1,2879,A
8-NS,130,2858,0,2,0,2860,A
8-NS,131,0,5,2903,0,2908,G
8-NS,132,0,6,2881,0,2887,G
8-NS,133,0,2,2880,0,2882,G
8-NS,134,0,2,2808,0,2810,G
8-NS,135,2797,0,2,0,2799,A
8-NS,136,2822,0,3,3,2828,A
8-NS,137,0,5,2846,0,2851,G
8-NS,138,2907,1,0,0,2908,A
8-NS,139,1,0,2960,0,2961,G
8-NS,140,1,0,2918,0,2919,G
8-NS,141,0,0,1,2954,2955,C
8-NS,142,2959,1,0,0,2960,A
8-NS,143,2958,1,1,0,2960,A
8-NS,144,1,2980,0,0,2981,T
8-NS,145,3010,0,0,0,3010,A
8-NS,146,0,0,0,3056,3056,C
8-NS,147,0,2981,0,1,2982,T
8-NS,148,4,0,0,2990,2994,C
8-NS,149,0,2954,0,4,2958,T
8-NS,150,9,1,0,2987,2997,C
8-NS,151,1,8,3011,2,3022,G
8-NS,152,0,0,3184,0,3184,G
8-NS,153,0,3180,0,0,3180,T
8-NS,154,4,0,0,3229,3233,C
8-NS,155,0,3207,0,0,3207,T
8-NS,156,3245,1,1,0,3247,A
8-NS,157,0,6,3237,0,3243,G
8-NS,158,3247,0,6,0,3253,A
8-NS,159,0,1,0,3348,3349,C
8-NS,160,3289,1,0,0,3290,A
8-NS,161,0,3271,0,1,3272,T
8-NS,162,4,0,0,3274,3278,C
8-NS,163,3262,0,1,0,3263,A
8-NS,164,3263,1,0,0,3264,A
8-NS,165,3241,0,0,0,3241,A
8-NS,166,1,4,3240,0,3245,G
8-NS,167,0,1,0,3269,3270,C
8-NS,168,3222,0,0,0,3222,A
8-NS,169,0,3,3212,0,3215,G
8-NS,170,2,3,0,3220,3225,C
8-NS,171,3,1,0,3251,3255,C
8-NS,172,3259,0,0,0,3259,A
8-NS,173,3,1,0,3311,3315,C
8-NS,174,7,0,0,3313,3320,C
8-NS,175,2,0,0,3327,3329,C
8-NS,176,3333,1,0,0,3334,A
8-NS,177,0,3377,0,0,3377,T
8-NS,178,0,2,3382,0,3384,G
8-NS,179,0,3358,0,2,3360,T
8-NS,180,0,3392,0,0,3392,T
8-NS,181,0,10,3372,1,3383,G
8-NS,182,0,6,3344,0,3350,G
8-NS,183,3311,0,1,0,3312,A
8-NS,184,3339,0,3,0,3342,A
8-NS,185,3324,0,3,0,3327,A
8-NS,186,1,1,3332,0,3334,G
8-NS,187,6,0,0,3316,3322,C
8-NS,188,3333,0,1,0,3334,A
8-NS,189,3325,0,0,0,3325,A
8-NS,190,3318,0,0,1,3319,A
8-NS,191,0,3358,0,0,3358,T
8-NS,192,0,3363,0,0,3363,T
8-NS,193,0,1,3431,0,3432,G
8-NS,194,1,3404,0,1,3406,T
8-NS,195,3415,0,1,0,3416,A
8-NS,196,2,11,3391,0,3404,G
8-NS,197,3414,1,0,0,3415,A
8-NS,198,3415,0,0,0,3415,A
8-NS,199,3420,0,1,0,3421,A
8-NS,200,3414,0,0,0,3414,A
8-NS,201,0,5,3416,0,3421,G
8-NS,202,3381,0,0,0,3381,A
8-NS,203,0,3380,0,2,3382,T
8-NS,204,0,3386,0,0,3386,T
8-NS,205,15,0,0,3384,3399,C
8-NS,206,0,3402,0,3,3405,T
8-NS,207,0,6,3394,0,3400,G
8-NS,208,3384,0,0,0,3384,A
8-NS,209,3380,0,0,0,3380,A
8-NS,210,3389,0,0,0,3389,A
8-NS,211,1,4,3393,0,3398,G
8-NS,212,3390,0,2,0,3392,A
8-NS,213,3412,0,1,0,3413,A
8-NS,214,1,6,3415,0,3422,G
8-NS,215,3438,0,1,0,3439,A
8-NS,216,3458,0,1,0,3459,A
8-NS,217,0,3460,0,0,3460,T
8-NS,218,9,1,0,3484,3494,C
8-NS,219,0,3507,0,0,3507,T
8-NS,220,0,7,3531,0,3538,G
8-NS,221,3525,0,1,0,3526,A
8-NS,222,1,3530,0,1,3532,T
8-NS,223,0,36,3472,0,3508,G
8-NS,224,3481,0,7,0,3488,A
8-NS,225,0,6,3467,0,3473,G
8-NS,226,0,5,3470,0,3475,G
8-NS,227,4,0,1,3456,3461,C
8-NS,228,3456,0,0,0,3456,A
8-NS,229,0,0,0,3560,3560,C
8-NS,230,0,3558,0,0,3558,T
8-NS,231,0,3584,0,0,3584,T
8-NS,232,3611,0,0,0,3611,A
8-NS,233,3635,1,0,0,3636,A
8-NS,234,3628,0,0,0,3628,A
8-NS,235,3617,0,0,0,3617,A
8-NS,236,0,3627,1,0,3628,T
8-NS,237,1,11,3606,0,3618,G
8-NS,238,3627,1,2,0,3630,A
8-NS,239,1,1,1,3638,3641,C
8-NS,240,7,1,0,3618,3626,C
8-NS,241,3631,0,1,0,3632,A
8-NS,242,0,3607,0,3,3610,T
8-NS,243,0,4,3697,1,3702,G
8-NS,244,0,1,3726,0,3727,G
8-NS,245,0,3731,0,1,3732,T
8-NS,246,8,0,0,3905,3913,C
8-NS,247,1,3868,0,3,3872,T
8-NS,248,8,1,0,3926,3935,C
8-NS,249,6,2,0,3951,3959,C
8-NS,250,3961,1,2,0,3964,A
8-NS,251,2,1,0,4011,4014,C
8-NS,252,3923,0,2,1,3926,A
8-NS,253,3,1,1,3960,3965,C
8-NS,254,3,2,0,3922,3927,C
8-NS,255,0,3783,0,3,3786,T
8-NS,256,1,1,3810,0,3812,G
8-NS,257,2,1,0,3783,3786,C
8-NS,258,0,3747,0,1,3748,T
8-NS,259,1,3783,0,0,3784,T
8-NS,260,18,1,0,3764,3783,C
8-NS,261,1,4,3773,0,3778,G
8-NS,262,4,2,0,3785,3791,C
8-NS,263,3,11,3794,0,3808,G
8-NS,264,3924,0,4,0,3928,A
8-NS,265,0,3942,0,2,3944,T
8-NS,266,4056,1,1,1,4059,A
8-NS,267,0,3,0,4092,4095,C
8-NS,268,4072,0,0,0,4072,A
8-NS,269,0,4154,0,1,4155,T
8-NS,270,4135,0,1,0,4136,A
8-NS,271,4141,0,2,0,4143,A
8-NS,272,2,2,0,4156,4160,C
8-NS,273,0,4059,0,4,4063,T
8-NS,274,0,19,4069,0,4088,G
8-NS,275,4000,0,3,0,4003,A
8-NS,276,2,0,0,4039,4041,C
8-NS,277,4018,0,4,1,4023,A
8-NS,278,0,4021,0,0,4021,T
8-NS,279,1,12,4010,0,4023,G
8-NS,280,4010,0,2,0,4012,A
8-NS,281,2,0,0,4125,4127,C
8-NS,282,0,4110,0,1,4111,T
8-NS,283,4173,0,2,0,4175,A
8-NS,284,0,4128,0,1,4129,T
8-NS,285,0,4131,0,2,4133,T
8-NS,286,0,7,4129,1,4137,G
8-NS,287,4110,1,1,0,4112,A
8-NS,288,0,3,4104,0,4107,G
8-NS,289,2,17,4078,0,4097,G
8-NS,290,4005,0,2,0,4007,A
8-NS,291,4032,0,0,0,4032,A
8-NS,292,0,3953,0,1,3954,T
8-NS,293,0,3968,0,0,3968,T
8-NS,294,2,0,4044,0,4046,G
8-NS,295,1,4035,1,2,4039,T
8-NS,296,22,1,0,4023,4046,C
8-NS,297,4050,1,2,0,4053,A
8-NS,298,4048,0,0,0,4048,A
8-NS,299,1,16,4030,1,4048,G
8-NS,300,4068,0,3,0,4071,A
8-NS,301,4063,1,0,0,4064,A
8-NS,302,4051,0,3,0,4054,A
8-NS,303,1,4,0,4075,4080,C
8-NS,304,0,4031,0,0,4031,T
8-NS,305,0,8,4108,0,4116,G
8-NS,306,0,0,4168,0,4168,G
8-NS,307,1,4141,0,0,4142,T
8-NS,308,0,4144,0,5,4149,T
8-NS,309,17,2,0,4137,4156,C
8-NS,310,4166,0,0,0,4166,A
8-NS,311,0,4208,0,1,4209,T
8-NS,312,1,4,4225,0,4230,G
8-NS,313,7,1,0,4239,4247,C
8-NS,314,1,4199,0,3,4203,T
8-NS,315,4130,0,1,0,4131,A
8-NS,316,4172,0,0,0,4172,A
8-NS,317,0,4197,0,0,4197,T
8-NS,318,0,3,4198,0,4201,G
8-NS,319,5,2,0,4164,4171,C
8-NS,320,8,0,0,4095,4103,C
8-NS,321,5,0,0,4136,4141,C
8-NS,322,4135,1,0,1,4137,A
8-NS,323,4161,0,5,0,4166,A
8-NS,324,0,2,4176,0,4178,G
8-NS,325,3,2,0,4178,4183,C
8-NS,326,4171,0,4,0,4175,A
8-NS,327,2,9,4181,0,4192,G
8-NS,328,4167,0,0,0,4167,A
8-NS,329,4162,1,1,1,4165,A
8-NS,330,4164,0,3,0,4167,A
8-NS,331,1,1,4230,0,4232,G
8-NS,332,0,4167,0,6,4173,T
8-NS,333,2,7,4185,0,4194,G
8-NS,334,0,10,4176,0,4186,G
8-NS,335,4195,1,3,0,4199,A
8-NS,336,4181,1,5,0,4187,A
8-NS,337,0,10,4179,0,4189,G
8-NS,338,2,9,4153,0,4164,G
8-NS,339,4175,0,5,0,4180,A
8-NS,340,0,0,0,4139,4139,C
8-NS,341,6,2,1,4143,4152,C
8-NS,342,0,4162,0,1,4163,T
8-NS,343,3,0,0,4216,4219,C
8-NS,344,0,4213,1,1,4215,T
8-NS,345,0,4245,0,0,4245,T
8-NS,346,0,4253,0,1,4254,T
8-NS,347,0,2,4243,0,4245,G
8-NS,348,1,1,0,4266,4268,C
8-NS,349,4247,0,1,0,4248,A
8-NS,350,2,4218,0,11,4231,T
8-NS,351,4,1,0,4254,4259,C
8-NS,352,4298,0,1,0,4299,A
8-NS,353,0,11,4393,0,4404,G
8-NS,354,4390,0,0,2,4392,A
8-NS,355,4394,1,0,0,4395,A
8-NS,356,1,4363,0,1,4365,T
8-NS,357,0,7,4326,0,4333,G
8-NS,358,6,8,4344,0,4358,G
8-NS,359,4342,0,4,0,4346,A
8-NS,360,2,3,0,4307,4312,C
8-NS,361,4,1,0,4276,4281,C
8-NS,362,4234,0,3,0,4237,A
8-NS,363,2,2,4254,0,4258,G
8-NS,364,1,3,4250,0,4254,G
8-NS,365,2,0,1,4269,4272,C
8-NS,366,4265,0,3,1,4269,A
8-NS,367,4276,1,0,0,4277,A
8-NS,368,1,4278,0,1,4280,T
8-NS,369,14,1,0,4264,4279,C
8-NS,370,4301,0,0,0,4301,A
8-NS,371,0,4262,0,2,4264,T
8-NS,372,1,6,4237,0,4244,G
8-NS,373,2,14,4239,0,4255,G
8-NS,374,4214,0,4,0,4218,A
8-NS,375,0,12,4270,1,4283,G
8-NS,376,4209,0,1,0,4210,A
8-NS,377,4219,1,0,1,4221,A
8-NS,378,4234,0,0,0,4234,A
8-NS,379,4228,0,1,0,4229,A
8-NS,380,4226,0,3,2,4231,A
8-NS,381,0,0,0,4267,4267,C
8-NS,382,4249,1,1,0,4251,A
8-NS,383,0,4207,0,1,4208,T
8-NS,384,15,1,0,4197,4213,C
8-NS,385,4198,0,3,0,4201,A
8-NS,386,0,4225,1,0,4226,T
8-NS,387,0,4,4242,0,4246,G
8-NS,388,1,4217,0,1,4219,T
8-NS,389,0,4224,0,3,4227,T
8-NS,390,0,13,4204,0,4217,G
8-NS,391,4203,0,0,1,4204,A
8-NS,392,4206,1,2,0,4209,A
8-NS,393,4218,1,2,0,4221,A
8-NS,394,0,5,4185,0,4190,G
8-NS,395,7,0,0,4156,4163,C
8-NS,396,0,19,4155,0,4174,G
8-NS,397,4167,0,0,0,4167,A
8-NS,398,4178,0,0,0,4178,A
8-NS,399,0,4156,0,0,4156,T
8-NS,400,0,4165,0,4,4169,T
8-NS,401,0,4158,0,0,4158,T
8-NS,402,15,1,0,4165,4181,C
8-NS,403,4174,0,0,0,4174,A
8-NS,404,4164,1,1,0,4166,A
8-NS,405,0,4150,1,1,4152,T
8-NS,406,1,1,4165,0,4167,G
8-NS,407,0,4159,0,4,4163,T
8-NS,408,1,28,4157,0,4186,G
8-NS,409,4193,0,0,0,4193,A
8-NS,410,0,4169,0,0,4169,T
8-NS,411,0,4172,1,1,4174,T
8-NS,412,0,4142,0,2,4144,T
8-NS,413,2,4151,0,1,4154,T
8-NS,414,0,4178,0,1,4179,T
8-NS,415,0,17,4159,1,4177,G
8-NS,416,4130,0,1,0,4131,A
8-NS,417,1,4044,0,0,4045,T
8-NS,418,17,2,0,4109,4128,C
8-NS,419,1,19,4139,0,4159,G
8-NS,420,4404,1,1,0,4406,A
8-NS,421,1,1,1,4419,4422,C
8-NS,422,0,4460,0,2,4462,T
8-NS,423,4469,1,3,0,4473,A
8-NS,424,1,10,4464,0,4475,G
8-NS,425,4484,0,4,0,4488,A
8-NS,426,1,16,4519,0,4536,G
8-NS,427,4480,0,1,0,4481,A
8-NS,428,0,2,0,4598,4600,C
8-NS,429,8,10,0,4415,4433,C
8-NS,430,4329,0,1,0,4330,A
8-NS,431,0,4507,0,1,4508,T
8-NS,432,4514,0,3,0,4517,A
8-NS,433,0,0,4820,0,4820,G
8-NS,434,0,4745,0,0,4745,T
8-NS,435,4761,0,1,0,4762,A
8-NS,436,0,4746,0,1,4747,T
8-NS,437,0,4649,0,2,4651,T
8-NS,438,4745,1,1,0,4747,A
8-NS,439,1,1,0,4762,4764,C
8-NS,440,0,4594,0,2,4596,T
8-NS,441,4583,1,0,1,4585,A
8-NS,442,4224,0,0,1,4225,A
8-NS,443,0,7,4215,0,4222,G
8-NS,444,1,6,4188,0,4195,G
8-NS,445,6,3,4188,0,4197,G
8-NS,446,1,2,0,4185,4188,C
8-NS,447,0,4129,1,7,4137,T
8-NS,448,0,4135,0,2,4137,T
8-NS,449,1,4171,0,3,4175,T
8-NS,450,10,14,0,4153,4177,C
8-NS,451,4203,1,2,1,4207,A
8-NS,452,0,0,1,4230,4231,C
8-NS,453,6,1,0,4183,4190,C
8-NS,454,1,6,4211,0,4218,G
8-NS,455,4153,0,0,0,4153,A
8-NS,456,4160,1,0,1,4162,A
8-NS,457,1,3,4210,0,4214,G
8-NS,458,4104,0,2,1,4107,A
8-NS,459,0,5,4163,0,4168,G
8-NS,460,0,10,4087,0,4097,G
8-NS,461,1,14,4106,0,4121,G
8-NS,462,4103,0,8,1,4112,A
8-NS,463,38,4,4093,0,4135,G
8-NS,464,3,0,0,4114,4117,C
8-NS,465,4146,0,0,0,4146,A
8-NS,466,4139,0,2,0,4141,A
8-NS,467,0,4145,0,0,4145,T
8-NS,468,0,4119,0,2,4121,T
8-NS,469,0,2,4109,0,4111,G
8-NS,470,0,4050,0,1,4051,T
8-NS,471,0,4058,1,1,4060,T
8-NS,472,0,9,4046,0,4055,G
8-NS,473,3,3,4022,0,4028,G
8-NS,474,3,3,0,4027,4033,C
8-NS,475,2,10,4056,0,4068,G
8-NS,476,4072,1,0,0,4073,A
8-NS,477,4081,1,13,0,4095,A
8-NS,478,4079,0,0,1,4080,A
8-NS,479,0,4118,0,0,4118,T
8-NS,480,11,1,0,4089,4101,C
8-NS,481,0,4066,2,2,4070,T
8-NS,482,18,0,0,4075,4093,C
8-NS,483,4095,0,6,1,4102,A
8-NS,484,3,0,0,4107,4110,C
8-NS,485,7,0,0,4122,4129,C
8-NS,486,4096,0,0,0,4096,A
8-NS,487,0,4061,0,4,4065,T
8-NS,488,0,4024,0,2,4026,T
8-NS,489,1,7,4012,0,4020,G
8-NS,490,1,3,0,3996,4000,C
8-NS,491,6,1,1,3966,3974,C
8-NS,492,1,3988,1,6,3996,T
8-NS,493,0,3983,0,0,3983,T
8-NS,494,7,1,0,4011,4019,C
8-NS,495,0,3995,0,0,3995,T
8-NS,496,0,4020,0,1,4021,T
8-NS,497,2,4071,0,0,4073,T
8-NS,498,2,4041,0,1,4044,T
8-NS,499,10,0,0,4055,4065,C
8-NS,500,4,0,0,4060,4064,C
8-NS,501,4069,0,2,0,4071,A
8-NS,502,2,11,4102,0,4115,G
8-NS,503,1,10,4077,0,4088,G
8-NS,504,4159,1,3,0,4163,A
8-NS,505,0,0,0,4164,4164,C
8-NS,506,4212,0,0,0,4212,A
8-NS,507,0,4222,0,0,4222,T
8-NS,508,4211,2,1,0,4214,A
8-NS,509,0,2,0,4519,4521,C
8-NS,510,0,4515,0,1,4516,T
8-NS,511,4480,2,2,1,4485,A
8-NS,512,0,4450,0,2,4452,T
8-NS,513,0,4314,0,2,4316,T
8-NS,514,0,5,4327,0,4332,G
8-NS,515,4156,0,2,0,4158,A
8-NS,516,2,11,4147,0,4160,G
8-NS,517,0,5,4134,0,4139,G
8-NS,518,3801,0,0,0,3801,A
8-NS,519,0,3821,1,0,3822,T
8-NS,520,1,1,3790,0,3792,G
8-NS,521,0,3733,0,5,3738,T
8-NS,522,21,2,0,3758,3781,C
8-NS,523,3811,0,0,0,3811,A
8-NS,524,3810,0,0,0,3810,A
8-NS,525,3792,0,0,0,3792,A
8-NS,526,3785,0,1,0,3786,A
8-NS,527,3804,0,0,0,3804,A
8-NS,528,1,3784,0,0,3785,T
8-NS,529,2,3,3774,0,3779,G
8-NS,530,2,3,0,3808,3813,C
8-NS,531,3816,0,2,0,3818,A
8-NS,532,3818,0,1,0,3819,A
8-NS,533,0,3820,0,1,3821,T
8-NS,534,0,3836,0,0,3836,T
8-NS,535,0,3,3809,0,3812,G
8-NS,536,0,11,3756,2,3769,G
8-NS,537,3,7,3755,0,3765,G
8-NS,538,0,3,3806,0,3809,G
8-NS,539,0,3754,0,0,3754,T
8-NS,540,5,0,0,3778,3783,C
8-NS,541,10,24,0,3750,3784,C
8-NS,542,0,3783,0,10,3793,T
8-NS,543,6,2,0,3824,3832,C
8-NS,544,3834,1,0,0,3835,A
8-NS,545,0,3791,0,0,3791,T
8-NS,546,9,1,0,3844,3854,C
8-NS,547,2,4,3800,0,3806,G
8-NS,548,0,2,3817,1,3820,G
8-NS,549,3742,0,2,0,3744,A
8-NS,550,0,5,3743,0,3748,G
8-NS,551,0,11,3774,0,3785,G
8-NS,552,3699,0,1,0,3700,A
8-NS,553,1,0,0,3737,3738,C
8-NS,554,0,3740,0,1,3741,T
8-NS,555,0,3749,0,1,3750,T
8-NS,556,1,14,3745,0,3760,G
8-NS,557,3748,0,2,0,3750,A
8-NS,558,3738,1,2,0,3741,A
8-NS,559,1,3728,0,1,3730,T
8-NS,560,1,3,3658,0,3662,G
8-NS,561,1,7,3679,0,3687,G
8-NS,562,3616,1,1,0,3618,A
8-NS,563,3672,0,1,1,3674,A
8-NS,564,0,3774,0,0,3774,T
8-NS,565,1,11,3801,0,3813,G
8-NS,566,3828,2,0,0,3830,A
8-NS,567,0,3818,0,1,3819,T
8-NS,568,3824,0,1,0,3825,A
8-NS,569,3821,0,1,0,3822,A
8-NS,570,0,0,1,3778,3779,C
8-NS,571,3685,0,1,0,3686,A
8-NS,572,1,1,0,3742,3744,C
8-NS,573,3469,0,1,0,3470,A
8-NS,574,1,0,3499,0,3500,G
8-NS,575,0,3455,1,7,3463,T
8-NS,576,0,3437,0,1,3438,T
8-NS,577,13,0,0,3440,3453,C
8-NS,578,1,8,3437,0,3446,G
8-NS,579,3422,1,3,0,3426,A
8-NS,580,0,2,3448,0,3450,G
8-NS,581,1,3378,0,4,3383,T
8-NS,582,21,20,0,3339,3380,C
8-NS,583,0,3327,0,5,3332,T
8-NS,584,7,0,0,3335,3342,C
8-NS,585,0,3381,0,2,3383,T
8-NS,586,3382,0,0,0,3382,A
8-NS,587,3370,0,0,1,3371,A
8-NS,588,3369,0,1,0,3370,A
8-NS,589,3390,0,0,0,3390,A
8-NS,590,3379,0,0,0,3379,A
8-NS,591,0,3340,0,0,3340,T
8-NS,592,13,0,0,3367,3380,C
8-NS,593,1,3350,1,1,3353,T
8-NS,594,3356,1,2,0,3359,A
8-NS,595,1,0,0,3367,3368,C
8-NS,596,3350,0,2,0,3352,A
8-NS,597,0,6,3344,0,3350,G
8-NS,598,3306,0,0,0,3306,A
8-NS,599,0,7,3303,0,3310,G
8-NS,600,3292,0,3,0,3295,A
8-NS,601,0,3243,0,1,3244,T
8-NS,602,0,3238,1,1,3240,T
8-NS,603,10,2,1,3241,3254,C
8-NS,604,2,2,3259,0,3263,G
8-NS,605,3,0,0,3246,3249,C
8-NS,606,0,3245,0,1,3246,T
8-NS,607,0,3257,0,4,3261,T
8-NS,608,0,3,3238,0,3241,G
8-NS,609,0,12,3227,0,3239,G
8-NS,610,3244,1,6,0,3251,A
8-NS,611,2,3,3245,1,3251,G
8-NS,612,3235,1,1,0,3237,A
8-NS,613,3205,0,1,0,3206,A
8-NS,614,0,0,3240,0,3240,G
8-NS,615,3,1,0,3241,3245,C
8-NS,616,3253,0,0,0,3253,A
8-NS,617,1,0,3285,0,3286,G
8-NS,618,0,3263,0,2,3265,T
8-NS,619,3273,0,2,0,3275,A
8-NS,620,3274,0,0,0,3274,A
8-NS,621,0,3243,0,0,3243,T
8-NS,622,0,11,3271,1,3283,G
8-NS,623,3164,0,2,0,3166,A
8-NS,624,2,10,3198,1,3211,G
8-NS,625,3181,1,2,0,3184,A
8-NS,626,3084,0,0,0,3084,A
8-NS,627,0,3054,0,1,3055,T
8-NS,628,0,2,3004,0,3006,G
8-NS,629,0,2,3000,0,3002,G
8-NS,630,1,6,2977,0,2984,G
8-NS,631,0,3,2953,0,2956,G
8-NS,632,0,0,2968,0,2968,G
8-NS,633,2875,0,4,0,2879,A
8-NS,634,5,0,0,2904,2909,C
8-NS,635,12,1,0,2899,2912,C
8-NS,636,0,2789,0,1,2790,T
8-NS,637,3,0,0,2802,2805,C
8-NS,638,3,1,0,2833,2837,C
8-NS,639,2843,0,0,0,2843,A
8-NS,640,2,1,0,2847,2850,C
8-NS,641,1,2791,0,0,2792,T
8-NS,642,0,2786,0,2,2788,T
8-NS,643,2719,0,0,0,2719,A
8-NS,644,0,1,0,2722,2723,C
8-NS,645,0,2674,0,5,2679,T
8-NS,646,14,3,0,2646,2663,C
8-NS,647,8,0,0,2657,2665,C
8-NS,648,2654,2,1,0,2657,A
8-NS,649,2666,0,0,0,2666,A
8-NS,650,2666,0,1,0,2667,A
8-NS,651,2670,0,1,1,2672,A
8-NS,652,1,0,0,2678,2679,C
8-NS,653,2631,0,0,0,2631,A
8-NS,654,0,5,2623,0,2628,G
8-NS,655,2615,0,0,0,2615,A
8-NS,656,2612,0,1,0,2613,A
8-NS,657,2604,0,0,0,2604,A
8-NS,658,0,1,0,2609,2610,C
8-NS,659,0,2,2609,0,2611,G
8-NS,660,0,2,2598,0,2600,G
8-NS,661,1,10,2593,0,2604,G
8-NS,662,2601,0,1,0,2602,A
8-NS,663,2595,0,0,0,2595,A
8-NS,664,2603,0,1,0,2604,A
8-NS,665,0,2580,0,0,2580,T
8-NS,666,1,6,2612,0,2619,G
8-NS,667,0,3,2587,0,2590,G
8-NS,668,4,5,0,2551,2560,C
8-NS,669,0,4,2585,0,2589,G
8-NS,670,2585,0,1,0,2586,A
8-NS,671,0,10,2585,0,2595,G
8-NS,672,2589,0,0,0,2589,A
8-NS,673,2590,0,0,0,2590,A
8-NS,674,1,0,0,2585,2586,C
8-NS,675,2553,0,3,0,2556,A
8-NS,676,0,2,2534,0,2536,G
8-NS,677,4,0,0,2514,2518,C
8-NS,678,0,2540,0,0,2540,T
8-NS,679,2537,0,0,0,2537,A
8-NS,680,0,5,2495,0,2500,G
8-NS,681,0,0,2504,0,2504,G
8-NS,682,1,2456,0,1,2458,T
8-NS,683,17,0,0,2437,2454,C
8-NS,684,2467,0,2,0,2469,A
8-NS,685,2455,0,0,0,2455,A
8-NS,686,2464,0,0,0,2464,A
8-NS,687,2486,0,0,0,2486,A
8-NS,688,1,2,2483,0,2486,G
8-NS,689,0,2412,0,0,2412,T
8-NS,690,0,2410,0,0,2410,T
8-NS,691,1,2422,0,1,2424,T
8-NS,692,0,8,2428,0,2436,G
8-NS,693,2442,0,3,0,2445,A
8-NS,694,2440,1,0,0,2441,A
8-NS,695,0,6,2444,0,2450,G
8-NS,696,2393,0,1,0,2394,A
8-NS,697,1,3,2402,0,2406,G
8-NS,698,2407,1,0,0,2408,A
8-NS,699,0,2408,0,0,2408,T
8-NS,700,2414,0,0,0,2414,A
8-NS,701,2402,0,1,0,2403,A
8-NS,702,0,7,2385,0,2392,G
8-NS,703,2253,0,0,0,2253,A
8-NS,704,0,2226,0,0,2226,T
8-NS,705,1,2,2246,0,2249,G
8-NS,706,0,2,2224,0,2226,G
8-NS,707,1,0,0,2204,2205,C
8-NS,708,0,2241,0,1,2242,T
8-NS,709,2232,0,0,0,2232,A
8-NS,710,2235,0,0,0,2235,A
8-NS,711,0,2233,0,0,2233,T
8-NS,712,0,2230,0,0,2230,T
8-NS,713,0,6,2226,1,2233,G
8-NS,714,2215,0,0,1,2216,A
8-NS,715,2204,0,0,0,2204,A
8-NS,716,2,3,2187,0,2192,G
8-NS,717,2206,0,0,0,2206,A
8-NS,718,2177,0,1,0,2178,A
8-NS,719,0,0,2195,1,2196,G
8-NS,720,1,2153,0,0,2154,T
8-NS,721,1,7,2155,0,2163,G
8-NS,722,2134,0,5,0,2139,A
8-NS,723,0,8,2129,0,2137,G
8-NS,724,2128,0,5,0,2133,A
8-NS,725,0,1,0,2131,2132,C
8-NS,726,2102,0,0,1,2103,A
8-NS,727,1,0,0,2123,2124,C
8-NS,728,1997,0,0,1,1998,A
8-NS,729,0,3,2030,0,2033,G
8-NS,730,2023,0,1,0,2024,A
8-NS,731,0,2001,0,0,2001,T
8-NS,732,0,1998,0,1,1999,T
8-NS,733,2003,0,0,0,2003,A
8-NS,734,1999,0,0,0,1999,A
8-NS,735,1990,1,0,0,1991,A
8-NS,736,1989,1,0,0,1990,A
8-NS,737,1990,0,1,0,1991,A
8-NS,738,0,1,0,1923,1924,C
8-NS,739,1824,1,1,0,1826,A
8-NS,740,1815,2,1,0,1818,A
8-NS,741,0,1,0,1833,1834,C
8-NS,742,0,1811,0,1,1812,T
8-NS,743,0,6,1821,0,1827,G
8-NS,744,1828,1,0,0,1829,A
8-NS,745,1829,0,0,0,1829,A
8-NS,746,1827,1,1,0,1829,A
8-NS,747,1814,0,0,0,1814,A
8-NS,748,0,1789,0,0,1789,T
8-NS,749,1761,0,1,0,1762,A
8-NS,750,1,1,1769,0,1771,G
8-NS,751,1,1,0,1765,1767,C
8-NS,752,1,1708,1,0,1710,T
8-NS,753,0,1712,0,0,1712,T
8-NS,754,0,1693,0,0,1693,T
8-NS,755,0,12,1707,0,1719,G
8-NS,756,1714,0,0,0,1714,A
8-NS,757,1705,0,1,0,1706,A
8-NS,758,1,1,0,1715,1717,C
8-NS,759,1679,0,0,0,1679,A
8-NS,760,1687,0,0,0,1687,A
8-NS,761,1683,0,0,0,1683,A
8-NS,762,0,1666,0,1,1667,T
8-NS,763,1681,0,1,0,1682,A
8-NS,764,1641,0,1,0,1642,A
8-NS,765,1,1,0,1639,1641,C
8-NS,766,1637,0,0,0,1637,A
8-NS,767,0,1603,0,1,1604,T
8-NS,768,0,1523,0,0,1523,T
8-NS,769,9,0,0,1522,1531,C
8-NS,770,1531,0,0,2,1533,A
8-NS,771,0,1508,0,0,1508,T
8-NS,772,1,0,1508,0,1509,G
8-NS,773,0,0,0,1493,1493,C
8-NS,774,1475,0,0,0,1475,A
8-NS,775,1470,0,2,0,1472,A
8-NS,776,0,3,1451,0,1454,G
8-NS,777,1,0,0,1477,1478,C
8-NS,778,1451,0,0,0,1451,A
8-NS,779,0,1447,0,0,1447,T
8-NS,780,0,1439,0,0,1439,T
8-NS,781,1442,0,0,0,1442,A
8-NS,782,0,0,0,1433,1433,C
8-NS,783,1399,0,4,0,1403,A
8-NS,784,1,0,1213,0,1214,G
8-NS,785,2,0,0,1216,1218,C
8-NS,786,0,1217,1,3,1221,T
8-NS,787,1,0,1221,0,1222,G
8-NS,788,0,0,0,1196,1196,C
8-NS,789,0,1180,0,0,1180,T
8-NS,790,0,0,1192,0,1192,G
8-NS,791,0,1169,0,0,1169,T
8-NS,792,0,1166,0,0,1166,T
8-NS,793,0,1168,0,0,1168,T
8-NS,794,0,0,1162,0,1162,G
8-NS,795,1160,0,0,0,1160,A
8-NS,796,1131,0,0,0,1131,A
8-NS,797,0,0,1126,0,1126,G
8-NS,798,0,1111,0,0,1111,T
8-NS,799,1,1,1036,0,1038,G
8-NS,800,1,2,1047,0,1050,G
8-NS,801,1049,0,0,0,1049,A
8-NS,802,1047,0,0,0,1047,A
8-NS,803,0,1,0,1034,1035,C
8-NS,804,1009,0,0,0,1009,A
8-NS,805,0,0,1004,0,1004,G
8-NS,806,1,3,985,0,989,G
8-NS,807,971,0,3,0,974,A
8-NS,808,0,0,970,0,970,G
8-NS,809,813,0,1,0,814,A
8-NS,810,0,799,0,0,799,T
8-NS,811,807,0,0,0,807,A
8-NS,812,795,0,1,0,796,A
8-NS,813,0,0,793,0,793,G
8-NS,814,710,0,0,0,710,A
8-NS,815,696,0,0,0,696,A
8-NS,816,0,0,0,693,693,C
8-NS,817,0,588,0,2,590,T
8-NS,818,0,583,0,0,583,T
8-NS,819,0,573,0,0,573,T
8-NS,820,0,1,0,572,573,C
8-NS,821,0,567,0,0,567,T
8-NS,822,2,0,0,560,562,C
8-NS,823,554,0,0,0,554,A
8-NS,824,0,543,0,0,543,T
8-NS,825,0,533,0,0,533,T
8-NS,826,0,536,1,0,537,T
8-NS,827,3,0,0,533,536,C
8-NS,828,514,0,1,0,515,A
8-NS,829,0,1,512,0,513,G
8-NS,830,0,1,0,510,511,C
8-NS,831,0,476,1,0,477,T
8-NS,832,0,470,0,0,470,T
8-NS,833,464,0,0,0,464,A
8-NS,834,0,459,0,0,459,T
8-NS,835,0,463,0,0,463,T
8-NS,836,0,456,0,0,456,T
8-NS,837,431,0,0,0,431,A
8-NS,838,418,0,0,0,418,A
8-NS,839,0,411,0,0,411,T
8-NS,840,1,0,408,0,409,G
8-NS,841,401,0,0,0,401,A
8-NS,842,0,362,0,0,362,T
8-NS,843,361,0,0,0,361,A
8-NS,844,362,0,0,0,362,A
8-NS,845,362,0,0,0,362,A
8-NS,846,362,0,0,0,362,A
8-NS,847,354,0,0,0,354,A
8-NS,848,352,0,0,0,352,A
8-NS,849,0,0,0,351,351,C
8-NS,850,287,0,0,0,287,A
8-NS,851,0,0,0,305,305,C
8-NS,852,1,0,0,287,288,C
8-NS,853,0,0,0,279,279,C
8-NS,854,0,259,0,0,259,T
8-NS,855,0,257,0,0,257,T
8-NS,856,0,0,255,0,255,G
8-NS,857,0,247,0,0,247,T
8-NS,858,0,242,0,0,242,T
8-NS,859,0,230,0,0,230,T
8-NS,860,0,0,0,96,96,C
8-NS,861,0,67,0,0,67,T
8-NS,862,50,0,0,0,50,A
8-NS,863,0,0,0,49,49,C
