Gene,Position,A,T,G,C,Coverage,Consensus
1-PB2,1,305,0,0,0,305,A
1-PB2,2,0,306,0,0,306,T
1-PB2,3,0,0,311,0,311,G
1-PB2,4,0,1,310,0,311,G
1-PB2,5,310,0,0,0,310,A
1-PB2,6,308,0,0,1,309,A
1-PB2,7,312,0,0,0,312,A
1-PB2,8,0,1,350,0,351,G
1-PB2,9,354,0,0,0,354,A
1-PB2,10,354,0,0,0,354,A
1-PB2,11,0,366,0,0,366,T
1-PB2,12,366,0,0,0,366,A
1-PB2,13,366,0,0,0,366,A
1-PB2,14,366,0,0,0,366,A
1-PB2,15,366,0,1,0,367,A
1-PB2,16,0,1,376,0,377,G
1-PB2,17,377,0,0,0,377,A
1-PB2,18,377,0,0,0,377,A
1-PB2,19,0,0,0,384,384,C
1-PB2,20,0,386,0,0,386,T
1-PB2,21,391,0,1,0,392,A
1-PB2,22,0,2,0,389,391,C
1-PB2,23,0,0,392,0,392,G
1-PB2,24,0,1,394,0,395,G
1-PB2,25,398,0,0,0,398,A
1-PB2,26,410,0,0,0,410,A
1-PB2,27,0,413,0,0,413,T
1-PB2,28,0,0,0,415,415,C
1-PB2,29,0,416,0,0,416,T
1-PB2,30,0,2,418,0,420,G
1-PB2,31,420,0,0,0,420,A
1-PB2,32,0,420,0,0,420,T
1-PB2,33,0,0,422,0,422,G
1-PB2,34,0,427,0,1,428,T
1-PB2,35,1,1,0,427,429,C
1-PB2,36,0,0,429,0,429,G
1-PB2,37,0,0,0,427,427,C
1-PB2,38,427,0,0,0,427,A
1-PB2,39,0,0,451,0,451,G
1-PB2,40,0,456,0,0,456,T
1-PB2,41,1,0,0,458,459,C
1-PB2,42,0,456,0,2,458,T
1-PB2,43,1,1,0,454,456,C
1-PB2,44,0,0,457,0,457,G
1-PB2,45,1,0,0,456,457,C
1-PB2,46,455,0,1,0,456,A
1-PB2,47,0,0,0,460,460,C
1-PB2,48,0,459,0,0,459,T
1-PB2,49,1,0,0,466,467,C
1-PB2,50,0,0,469,0,469,G
1-PB2,51,0,0,0,470,470,C
1-PB2,52,0,1,468,0,469,G
1-PB2,53,470,0,1,0,471,A
1-PB2,54,1,0,469,0,470,G
1-PB2,55,478,1,1,0,480,A
1-PB2,56,0,482,0,0,482,T
1-PB2,57,483,0,0,0,483,A
1-PB2,58,0,0,0,479,479,C
1-PB2,59,0,479,0,0,479,T
1-PB2,60,0,3,488,1,492,G
1-PB2,61,492,0,1,0,493,A
1-PB2,62,0,0,0,502,502,C
1-PB2,63,502,0,0,0,502,A
1-PB2,64,500,0,0,0,500,A
1-PB2,65,512,0,0,0,512,A
1-PB2,66,518,0,0,0,518,A
1-PB2,67,519,0,0,0,519,A
1-PB2,68,0,0,0,524,524,C
1-PB2,69,2,1,0,517,520,C
1-PB2,70,538,0,0,0,538,A
1-PB2,71,0,0,0,550,550,C
1-PB2,72,546,0,0,0,546,A
1-PB2,73,1,0,566,0,567,G
1-PB2,74,0,567,0,0,567,T
1-PB2,75,0,0,577,0,577,G
1-PB2,76,0,2,581,0,583,G
1-PB2,77,583,0,1,0,584,A
1-PB2,78,0,0,0,624,624,C
1-PB2,79,1,0,0,617,618,C
1-PB2,80,628,0,0,0,628,A
1-PB2,81,0,625,0,4,629,T
1-PB2,82,624,0,0,0,624,A
1-PB2,83,0,622,0,0,622,T
1-PB2,84,0,0,637,0,637,G
1-PB2,85,1,0,636,0,637,G
1-PB2,86,0,0,0,634,634,C
1-PB2,87,0,0,0,632,632,C
1-PB2,88,634,0,0,1,635,A
1-PB2,89,0,676,0,0,676,T
1-PB2,90,677,0,0,0,677,A
1-PB2,91,716,0,1,0,717,A
1-PB2,92,0,719,0,0,719,T
1-PB2,93,0,718,0,0,718,T
1-PB2,94,726,0,1,0,727,A
1-PB2,95,723,0,1,1,725,A
1-PB2,96,1,1,739,0,741,G
1-PB2,97,740,0,0,0,740,A
1-PB2,98,726,0,0,0,726,A
1-PB2,99,1,0,749,0,750,G
1-PB2,100,0,749,0,0,749,T
1-PB2,101,751,0,2,0,753,A
1-PB2,102,0,0,0,754,754,C
1-PB2,103,754,0,1,0,755,A
1-PB2,104,1,0,0,776,777,C
1-PB2,105,773,0,0,0,773,A
1-PB2,106,0,775,0,0,775,T
1-PB2,107,1,0,0,776,777,C
1-PB2,108,0,1,768,0,769,G
1-PB2,109,0,1,771,0,772,G
1-PB2,110,0,0,770,0,770,G
1-PB2,111,0,0,773,0,773,G
1-PB2,112,769,0,1,0,770,A
1-PB2,113,1,1,766,0,768,G
1-PB2,114,761,0,2,0,763,A
1-PB2,115,0,0,0,771,771,C
1-PB2,116,770,0,1,0,771,A
1-PB2,117,0,0,773,0,773,G
1-PB2,118,0,1,788,0,789,G
1-PB2,119,794,0,0,0,794,A
1-PB2,120,792,0,2,0,794,A
1-PB2,121,794,0,0,0,794,A
1-PB2,122,791,1,0,0,792,A
1-PB2,123,0,1,791,0,792,G
1-PB2,124,790,0,0,0,790,A
1-PB2,125,795,0,1,0,796,A
1-PB2,126,1,0,0,795,796,C
1-PB2,127,0,1,0,792,793,C
1-PB2,128,0,0,0,796,796,C
1-PB2,129,0,1,798,0,799,G
1-PB2,130,0,799,0,0,799,T
1-PB2,131,1,0,0,801,802,C
1-PB2,132,807,0,0,0,807,A
1-PB2,133,0,0,0,812,812,C
1-PB2,134,0,812,0,0,812,T
1-PB2,135,0,812,0,1,813,T
1-PB2,136,810,0,1,0,811,A
1-PB2,137,0,1,818,0,819,G
1-PB2,138,0,0,818,0,818,G
1-PB2,139,819,0,0,0,819,A
1-PB2,140,0,810,0,0,810,T
1-PB2,141,1,4,821,0,826,G
1-PB2,142,836,0,0,0,836,A
1-PB2,143,836,1,0,0,837,A
1-PB2,144,838,0,1,0,839,A
1-PB2,145,0,838,0,0,838,T
1-PB2,146,1,2,834,1,838,G
1-PB2,147,0,0,844,0,844,G
1-PB2,148,842,0,1,0,843,A
1-PB2,149,0,845,0,0,845,T
1-PB2,150,1,0,840,0,841,G
1-PB2,151,834,0,2,0,836,A
1-PB2,152,0,837,1,0,838,T
1-PB2,153,1,0,838,0,839,G
1-PB2,154,0,0,839,0,839,G
1-PB2,155,0,0,0,841,841,C
1-PB2,156,838,0,0,0,838,A
1-PB2,157,847,0,0,0,847,A
1-PB2,158,1,846,0,0,847,T
1-PB2,159,0,4,878,0,882,G
1-PB2,160,879,0,1,0,880,A
1-PB2,161,877,0,0,0,877,A
1-PB2,162,876,0,0,0,876,A
1-PB2,163,0,877,0,0,877,T
1-PB2,164,883,0,0,0,883,A
1-PB2,165,1,0,0,900,901,C
1-PB2,166,3,0,0,894,897,C
1-PB2,167,1,0,0,895,896,C
1-PB2,168,893,0,0,0,893,A
1-PB2,169,892,0,1,0,893,A
1-PB2,170,0,893,0,0,893,T
1-PB2,171,1,0,0,892,893,C
1-PB2,172,889,0,1,0,890,A
1-PB2,173,0,0,0,910,910,C
1-PB2,174,0,899,0,0,899,T
1-PB2,175,0,1,905,0,906,G
1-PB2,176,1,0,0,903,904,C
1-PB2,177,1,897,2,1,901,T
1-PB2,178,0,3,904,0,907,G
1-PB2,179,906,1,0,0,907,A
1-PB2,180,0,0,0,918,918,C
1-PB2,181,913,0,0,0,913,A
1-PB2,182,901,0,0,0,901,A
1-PB2,183,907,0,1,2,910,A
1-PB2,184,898,0,2,0,900,A
1-PB2,185,0,2,914,0,916,G
1-PB2,186,1,0,915,0,916,G
1-PB2,187,914,0,1,0,915,A
1-PB2,188,0,914,1,0,915,T
1-PB2,189,906,0,1,0,907,A
1-PB2,190,912,0,0,0,912,A
1-PB2,191,1,1,0,924,926,C
1-PB2,192,926,0,0,0,926,A
1-PB2,193,0,0,924,0,924,G
1-PB2,194,906,0,0,0,906,A
1-PB2,195,905,0,0,0,905,A
1-PB2,196,903,0,1,0,904,A
1-PB2,197,0,904,0,1,905,T
1-PB2,198,0,2,904,0,906,G
1-PB2,199,0,0,911,0,911,G
1-PB2,200,0,899,0,2,901,T
1-PB2,201,1,906,0,0,907,T
1-PB2,202,0,0,0,907,907,C
1-PB2,203,1,1,0,906,908,C
1-PB2,204,1,0,910,0,911,G
1-PB2,205,0,1,911,0,912,G
1-PB2,206,906,0,1,0,907,A
1-PB2,207,0,2,907,0,909,G
1-PB2,208,898,0,2,1,901,A
1-PB2,209,0,0,924,0,924,G
1-PB2,210,922,0,1,0,923,A
1-PB2,211,921,0,1,0,922,A
1-PB2,212,923,0,2,0,925,A
1-PB2,213,0,920,0,0,920,T
1-PB2,214,0,4,932,0,936,G
1-PB2,215,937,0,2,0,939,A
1-PB2,216,938,1,1,0,940,A
1-PB2,217,0,1,0,939,940,C
1-PB2,218,933,0,0,0,933,A
1-PB2,219,936,0,1,0,937,A
1-PB2,220,0,1,954,0,955,G
1-PB2,221,1,0,968,0,969,G
1-PB2,222,970,0,1,1,972,A
1-PB2,223,0,1,0,965,966,C
1-PB2,224,960,0,2,0,962,A
1-PB2,225,965,0,0,0,965,A
1-PB2,226,964,0,0,0,964,A
1-PB2,227,1,0,0,956,957,C
1-PB2,228,2,0,0,933,935,C
1-PB2,229,0,0,0,1026,1026,C
1-PB2,230,1,1024,0,0,1025,T
1-PB2,231,1037,0,0,0,1037,A
1-PB2,232,0,1036,0,0,1036,T
1-PB2,233,0,1,1038,0,1039,G
1-PB2,234,0,5,1071,0,1076,G
1-PB2,235,1010,1,1,0,1012,A
1-PB2,236,0,0,1020,0,1020,G
1-PB2,237,0,1019,0,1,1020,T
1-PB2,238,1010,0,1,0,1011,A
1-PB2,239,1018,0,1,0,1019,A
1-PB2,240,1016,0,0,0,1016,A
1-PB2,241,1016,0,2,0,1018,A
1-PB2,242,0,1010,1,0,1011,T
1-PB2,243,0,0,1013,0,1013,G
1-PB2,244,1000,0,1,0,1001,A
1-PB2,245,0,0,1004,0,1004,G
1-PB2,246,0,1001,0,1,1002,T
1-PB2,247,1,0,1004,0,1005,G
1-PB2,248,1018,0,1,0,1019,A
1-PB2,249,0,1028,2,0,1030,T
1-PB2,250,0,0,1030,0,1030,G
1-PB2,251,0,0,0,1029,1029,C
1-PB2,252,0,1021,0,1,1022,T
1-PB2,253,0,0,1065,0,1065,G
1-PB2,254,0,1,1061,0,1062,G
1-PB2,255,1070,0,1,0,1071,A
1-PB2,256,0,1071,0,1,1072,T
1-PB2,257,0,0,0,1075,1075,C
1-PB2,258,1071,0,2,0,1073,A
1-PB2,259,0,0,1094,0,1094,G
1-PB2,260,1094,1,1,0,1096,A
1-PB2,261,1,1094,0,0,1095,T
1-PB2,262,1057,0,0,0,1057,A
1-PB2,263,0,0,1074,0,1074,G
1-PB2,264,1066,0,1,0,1067,A
1-PB2,265,0,0,1085,0,1085,G
1-PB2,266,0,1072,0,0,1072,T
1-PB2,267,0,1,1059,0,1060,G
1-PB2,268,1047,0,0,0,1047,A
1-PB2,269,0,1049,0,1,1050,T
1-PB2,270,1,2,1084,0,1087,G
1-PB2,271,0,0,1098,0,1098,G
1-PB2,272,1,1078,0,0,1079,T
1-PB2,273,1081,0,1,0,1082,A
1-PB2,274,0,1075,0,1,1076,T
1-PB2,275,3,0,0,1076,1079,C
1-PB2,276,1092,0,1,0,1093,A
1-PB2,277,1,0,0,1119,1120,C
1-PB2,278,4,0,0,1117,1121,C
1-PB2,279,1,1099,0,0,1100,T
1-PB2,280,0,1100,0,1,1101,T
1-PB2,281,0,1100,0,1,1101,T
1-PB2,282,0,1,1116,0,1117,G
1-PB2,283,1,0,1124,0,1125,G
1-PB2,284,0,1,0,1134,1135,C
1-PB2,285,0,1112,0,1,1113,T
1-PB2,286,0,1,1117,0,1118,G
1-PB2,287,0,1117,0,0,1117,T
1-PB2,288,1120,0,1,0,1121,A
1-PB2,289,1125,0,0,0,1125,A
1-PB2,290,0,0,0,1127,1127,C
1-PB2,291,1108,0,0,0,1108,A
1-PB2,292,0,1108,0,0,1108,T
1-PB2,293,0,1,1097,0,1098,G
1-PB2,294,0,0,1120,0,1120,G
1-PB2,295,1,1112,0,1,1114,T
1-PB2,296,2,1,1107,1,1111,G
1-PB2,297,0,1,1127,0,1128,G
1-PB2,298,1127,0,0,1,1128,A
1-PB2,299,1134,0,1,0,1135,A
1-PB2,300,0,1134,0,0,1134,T
1-PB2,301,1128,0,0,0,1128,A
1-PB2,302,0,2,1146,0,1148,G
1-PB2,303,1141,0,0,1,1142,A
1-PB2,304,1140,0,2,0,1142,A
1-PB2,305,1142,0,0,0,1142,A
1-PB2,306,0,1124,0,0,1124,T
1-PB2,307,2,0,1122,0,1124,G
1-PB2,308,2,1,1123,0,1126,G
1-PB2,309,1125,0,0,0,1125,A
1-PB2,310,0,0,0,1130,1130,C
1-PB2,311,0,0,0,1122,1122,C
1-PB2,312,0,1,0,1118,1119,C
1-PB2,313,2,0,1118,0,1120,G
1-PB2,314,0,1124,0,2,1126,T
1-PB2,315,0,3,1149,0,1152,G
1-PB2,316,1149,0,1,0,1150,A
1-PB2,317,0,0,0,1149,1149,C
1-PB2,318,1151,0,1,0,1152,A
1-PB2,319,1148,0,0,0,1148,A
1-PB2,320,0,0,1174,0,1174,G
1-PB2,321,0,1170,0,0,1170,T
1-PB2,322,1162,0,2,0,1164,A
1-PB2,323,0,0,0,1157,1157,C
1-PB2,324,1,3,1138,0,1142,G
1-PB2,325,0,0,1179,0,1179,G
1-PB2,326,0,1172,0,0,1172,T
1-PB2,327,7,0,1,1177,1185,C
1-PB2,328,0,0,0,1185,1185,C
1-PB2,329,1168,0,0,0,1168,A
1-PB2,330,0,1172,0,1,1173,T
1-PB2,331,0,1170,0,0,1170,T
1-PB2,332,1222,0,1,0,1223,A
1-PB2,333,0,1,0,1222,1223,C
1-PB2,334,2,0,0,1203,1205,C
1-PB2,335,3,0,0,1202,1205,C
1-PB2,336,1187,0,0,0,1187,A
1-PB2,337,1199,0,0,0,1199,A
1-PB2,338,1197,0,0,0,1197,A
1-PB2,339,1192,0,3,0,1195,A
1-PB2,340,0,0,1205,0,1205,G
1-PB2,341,0,1161,0,0,1161,T
1-PB2,342,0,0,1182,0,1182,G
1-PB2,343,0,1182,0,1,1183,T
1-PB2,344,1182,0,1,0,1183,A
1-PB2,345,0,0,0,1182,1182,C
1-PB2,346,1165,1,0,0,1166,A
1-PB2,347,1167,0,1,0,1168,A
1-PB2,348,0,1,1181,0,1182,G
1-PB2,349,1175,1,2,0,1178,A
1-PB2,350,0,0,0,1180,1180,C
1-PB2,351,1,1160,1,2,1164,T
1-PB2,352,0,1169,0,1,1170,T
1-PB2,353,1169,0,2,0,1171,A
1-PB2,354,0,1167,0,1,1168,T
1-PB2,355,1,1166,0,0,1167,T
1-PB2,356,1,1162,1,0,1164,T
1-PB2,357,1,1,0,1159,1161,C
1-PB2,358,0,6,1152,0,1158,G
1-PB2,359,1156,0,2,0,1158,A
1-PB2,360,0,0,0,1158,1158,C
1-PB2,361,1148,0,1,0,1149,A
1-PB2,362,1150,0,0,0,1150,A
1-PB2,363,1153,0,0,0,1153,A
1-PB2,364,0,0,1166,0,1166,G
1-PB2,365,0,1163,0,1,1164,T
1-PB2,366,4,0,0,1160,1164,C
1-PB2,367,0,0,1168,0,1168,G
1-PB2,368,1166,0,1,0,1167,A
1-PB2,369,1163,0,4,0,1167,A
1-PB2,370,1168,0,0,0,1168,A
1-PB2,371,2,1,1207,0,1210,G
1-PB2,372,0,0,1214,0,1214,G
1-PB2,373,0,1202,0,0,1202,T
1-PB2,374,0,1199,0,0,1199,T
1-PB2,375,1201,0,0,0,1201,A
1-PB2,376,1197,0,0,0,1197,A
1-PB2,377,1199,0,1,0,1200,A
1-PB2,378,1208,1,3,0,1212,A
1-PB2,379,0,0,0,1215,1215,C
1-PB2,380,1190,0,0,0,1190,A
1-PB2,381,0,1185,1,0,1186,T
1-PB2,382,2,2,1181,0,1185,G
1-PB2,383,0,1,1191,0,1192,G
1-PB2,384,1190,0,0,0,1190,A
1-PB2,385,1199,0,2,0,1201,A
1-PB2,386,0,0,0,1235,1235,C
1-PB2,387,0,1,0,1229,1230,C
1-PB2,388,0,1225,1,0,1226,T
1-PB2,389,0,1229,0,0,1229,T
1-PB2,390,0,1228,1,0,1229,T
1-PB2,391,0,1,1222,0,1223,G
1-PB2,392,0,1,1228,0,1229,G
1-PB2,393,0,0,0,1225,1225,C
1-PB2,394,3,0,0,1220,1223,C
1-PB2,395,1,1,0,1208,1210,C
1-PB2,396,0,1174,0,1,1175,T
1-PB2,397,0,0,1193,0,1193,G
1-PB2,398,0,1191,0,1,1192,T
1-PB2,399,0,1198,0,2,1200,T
1-PB2,400,3,0,0,1193,1196,C
1-PB2,401,1181,0,0,0,1181,A
1-PB2,402,0,1180,0,0,1180,T
1-PB2,403,0,1183,0,0,1183,T
1-PB2,404,0,1186,0,0,1186,T
1-PB2,405,0,1186,2,0,1188,T
1-PB2,406,1169,0,0,0,1169,A
1-PB2,407,0,1,1168,0,1169,G
1-PB2,408,1165,0,1,0,1166,A
1-PB2,409,1164,0,1,0,1165,A
1-PB2,410,1165,0,0,0,1165,A
1-PB2,411,0,1164,0,0,1164,T
1-PB2,412,2,0,0,1158,1160,C
1-PB2,413,1159,0,1,0,1160,A
1-PB2,414,1164,0,1,0,1165,A
1-PB2,415,0,0,1174,0,1174,G
1-PB2,416,0,1172,0,2,1174,T
1-PB2,417,1,1,0,1171,1173,C
1-PB2,418,1174,0,3,0,1177,A
1-PB2,419,1176,0,2,0,1178,A
1-PB2,420,0,0,1186,0,1186,G
1-PB2,421,1187,0,0,0,1187,A
1-PB2,422,0,1186,0,1,1187,T
1-PB2,423,1184,0,2,0,1186,A
1-PB2,424,1,0,0,1182,1183,C
1-PB2,425,2,1,1176,1,1180,G
1-PB2,426,1,0,1,1177,1179,C
1-PB2,427,1170,0,2,0,1172,A
1-PB2,428,0,0,1185,0,1185,G
1-PB2,429,1181,0,0,0,1181,A
1-PB2,430,1185,0,1,0,1186,A
1-PB2,431,0,3,1203,0,1206,G
1-PB2,432,1170,0,2,0,1172,A
1-PB2,433,0,0,1188,0,1188,G
1-PB2,434,0,1180,0,0,1180,T
1-PB2,435,1167,1,3,0,1171,A
1-PB2,436,0,0,1184,0,1184,G
1-PB2,437,1183,0,0,0,1183,A
1-PB2,438,0,0,0,1213,1213,C
1-PB2,439,1196,0,0,0,1196,A
1-PB2,440,0,1165,0,0,1165,T
1-PB2,441,1161,0,1,0,1162,A
1-PB2,442,1161,0,1,0,1162,A
1-PB2,443,1177,0,1,0,1178,A
1-PB2,444,0,1,0,1178,1179,C
1-PB2,445,0,0,0,1155,1155,C
1-PB2,446,1,1,0,1149,1151,C
1-PB2,447,0,1084,0,1,1085,T
1-PB2,448,3,1,1090,0,1094,G
1-PB2,449,0,0,1113,0,1113,G
1-PB2,450,0,1104,0,1,1105,T
1-PB2,451,2,1,0,1101,1104,C
1-PB2,452,1110,0,0,0,1110,A
1-PB2,453,0,1108,0,0,1108,T
1-PB2,454,2,0,1117,0,1119,G
1-PB2,455,1,0,0,1115,1116,C
1-PB2,456,1107,0,2,0,1109,A
1-PB2,457,0,1,1114,0,1115,G
1-PB2,458,1086,0,2,0,1088,A
1-PB2,459,0,4,0,1101,1105,C
1-PB2,460,0,1,0,1103,1104,C
1-PB2,461,0,1085,0,1,1086,T
1-PB2,462,1,1,0,1087,1089,C
1-PB2,463,1078,0,0,0,1078,A
1-PB2,464,1,0,1103,0,1104,G
1-PB2,465,0,1098,0,0,1098,T
1-PB2,466,1,0,1094,0,1095,G
1-PB2,467,0,0,1,1088,1089,C
1-PB2,468,2,0,0,1081,1083,C
1-PB2,469,1082,0,0,1,1083,A
1-PB2,470,1080,0,0,1,1081,A
1-PB2,471,1078,0,0,0,1078,A
1-PB2,472,0,0,1080,0,1080,G
1-PB2,473,1053,0,0,0,1053,A
1-PB2,474,0,2,1049,0,1051,G
1-PB2,475,0,0,1051,0,1051,G
1-PB2,476,0,1,0,1049,1050,C
1-PB2,477,1052,0,3,0,1055,A
1-PB2,478,0,2,0,1055,1057,C
1-PB2,479,1054,0,0,0,1054,A
1-PB2,480,1076,0,1,0,1077,A
1-PB2,481,0,1,1085,0,1086,G
1-PB2,482,1102,0,2,0,1104,A
1-PB2,483,0,1091,0,0,1091,T
1-PB2,484,0,1,1092,0,1093,G
1-PB2,485,0,1088,0,1,1089,T
1-PB2,486,1092,0,0,0,1092,A
1-PB2,487,1090,0,0,0,1090,A
1-PB2,488,0,1090,0,0,1090,T
1-PB2,489,0,1044,0,0,1044,T
1-PB2,490,1034,0,0,0,1034,A
1-PB2,491,0,1003,0,0,1003,T
1-PB2,492,0,1,1004,1,1006,G
1-PB2,493,0,1,1002,0,1003,G
1-PB2,494,999,0,0,0,999,A
1-PB2,495,998,0,0,0,998,A
1-PB2,496,0,0,998,0,998,G
1-PB2,497,0,997,1,0,998,T
1-PB2,498,0,999,0,0,999,T
1-PB2,499,0,0,1002,0,1002,G
1-PB2,500,1,996,0,2,999,T
1-PB2,501,0,996,0,0,996,T
1-PB2,502,0,994,0,0,994,T
1-PB2,503,1,991,0,0,992,T
1-PB2,504,0,992,0,1,993,T
1-PB2,505,1,0,0,989,990,C
1-PB2,506,3,1,0,983,987,C
1-PB2,507,1,0,0,991,992,C
1-PB2,508,993,1,0,0,994,A
1-PB2,509,993,0,1,0,994,A
1-PB2,510,0,998,0,0,998,T
1-PB2,511,1,1,999,0,1001,G
1-PB2,512,1002,0,1,0,1003,A
1-PB2,513,1002,0,0,0,1002,A
1-PB2,514,0,1,1007,0,1008,G
1-PB2,515,0,1000,0,1,1001,T
1-PB2,516,0,1,1000,0,1001,G
1-PB2,517,0,0,992,1,993,G
1-PB2,518,1,0,992,0,993,G
1-PB2,519,998,2,4,0,1004,A
1-PB2,520,0,0,1005,0,1005,G
1-PB2,521,1,0,0,999,1000,C
1-PB2,522,1,0,0,1009,1010,C
1-PB2,523,1003,2,0,0,1005,A
1-PB2,524,0,0,1018,0,1018,G
1-PB2,525,0,0,1023,0,1023,G
1-PB2,526,1028,0,3,0,1031,A
1-PB2,527,0,1029,0,0,1029,T
1-PB2,528,1028,1,0,0,1029,A
1-PB2,529,0,0,0,1026,1026,C
1-PB2,530,0,1026,0,1,1027,T
1-PB2,531,1022,0,0,0,1022,A
1-PB2,532,1018,0,0,0,1018,A
1-PB2,533,0,0,0,1025,1025,C
1-PB2,534,1009,0,0,0,1009,A
1-PB2,535,0,1005,0,0,1005,T
1-PB2,536,0,0,0,1008,1008,C
1-PB2,537,996,0,3,0,999,A
1-PB2,538,0,7,1009,0,1016,G
1-PB2,539,1012,0,1,0,1013,A
1-PB2,540,1007,0,0,0,1007,A
1-PB2,541,0,1004,0,1,1005,T
1-PB2,542,2,1,0,980,983,C
1-PB2,543,988,0,0,0,988,A
1-PB2,544,0,0,0,1005,1005,C
1-PB2,545,1001,1,1,0,1003,A
1-PB2,546,1016,0,0,0,1016,A
1-PB2,547,0,999,0,0,999,T
1-PB2,548,1,1001,0,0,1002,T
1-PB2,549,1006,1,0,0,1007,A
1-PB2,550,1005,2,3,0,1010,A
1-PB2,551,0,0,0,1019,1019,C
1-PB2,552,1014,0,0,0,1014,A
1-PB2,553,1004,0,0,0,1004,A
1-PB2,554,0,1013,0,0,1013,T
1-PB2,555,1004,0,0,0,1004,A
1-PB2,556,1009,0,0,0,1009,A
1-PB2,557,0,0,0,1007,1007,C
1-PB2,558,0,1011,0,0,1011,T
1-PB2,559,1009,0,1,0,1010,A
1-PB2,560,1003,0,0,0,1003,A
1-PB2,561,1004,1,3,0,1008,A
1-PB2,562,0,3,1005,0,1008,G
1-PB2,563,997,0,0,0,997,A
1-PB2,564,0,1,1002,0,1003,G
1-PB2,565,1000,0,1,0,1001,A
1-PB2,566,998,0,0,0,998,A
1-PB2,567,997,0,1,0,998,A
1-PB2,568,998,0,1,0,999,A
1-PB2,569,997,0,2,0,999,A
1-PB2,570,997,0,2,0,999,A
1-PB2,571,0,0,999,0,999,G
1-PB2,572,997,0,1,0,998,A
1-PB2,573,987,0,0,0,987,A
1-PB2,574,0,1,992,0,993,G
1-PB2,575,998,0,0,0,998,A
1-PB2,576,996,1,1,1,999,A
1-PB2,577,0,0,0,1013,1013,C
1-PB2,578,0,998,0,0,998,T
1-PB2,579,2,0,0,1001,1003,C
1-PB2,580,1,1,0,1005,1007,C
1-PB2,581,1,2,1008,0,1011,G
1-PB2,582,1008,0,2,0,1010,A
1-PB2,583,0,2,1004,0,1006,G
1-PB2,584,1000,0,4,0,1004,A
1-PB2,585,0,1000,0,0,1000,T
1-PB2,586,0,994,0,0,994,T
1-PB2,587,0,0,997,0,997,G
1-PB2,588,1,0,0,993,994,C
1-PB2,589,998,0,0,0,998,A
1-PB2,590,997,0,1,0,998,A
1-PB2,591,999,0,1,0,1000,A
1-PB2,592,1014,0,0,0,1014,A
1-PB2,593,0,1015,0,0,1015,T
1-PB2,594,0,1015,0,0,1015,T
1-PB2,595,0,1013,0,0,1013,T
1-PB2,596,1,1,0,1007,1009,C
1-PB2,597,0,1006,0,3,1009,T
1-PB2,598,3,0,0,1083,1086,C
1-PB2,599,2,0,0,1086,1088,C
1-PB2,600,0,0,0,1161,1161,C
1-PB2,601,0,1160,0,1,1161,T
1-PB2,602,0,1166,0,1,1167,T
1-PB2,603,0,1,1163,0,1164,G
1-PB2,604,1167,0,0,0,1167,A
1-PB2,605,0,1227,0,0,1227,T
1-PB2,606,0,4,1243,0,1247,G
1-PB2,607,0,1,1374,0,1375,G
1-PB2,608,0,1397,0,2,1399,T
1-PB2,609,1,1397,0,0,1398,T
1-PB2,610,0,0,1493,0,1493,G
1-PB2,611,0,0,0,1496,1496,C
1-PB2,612,1531,0,1,0,1532,A
1-PB2,613,0,1533,0,0,1533,T
1-PB2,614,1542,1,0,1,1544,A
1-PB2,615,1,0,0,1610,1611,C
1-PB2,616,1793,2,0,6,1801,A
1-PB2,617,1,1838,0,2,1841,T
1-PB2,618,0,0,1933,0,1933,G
1-PB2,619,1,1912,0,1,1914,T
1-PB2,620,0,1921,0,0,1921,T
1-PB2,621,1910,0,0,0,1910,A
1-PB2,622,3,1,1908,0,1912,G
1-PB2,623,1929,0,1,0,1930,A
1-PB2,624,0,1,1947,0,1948,G
1-PB2,625,1888,0,1,0,1889,A
1-PB2,626,0,1,1893,0,1894,G
1-PB2,627,1857,1,3,1,1862,A
1-PB2,628,0,2,1875,0,1877,G
1-PB2,629,1878,0,1,0,1879,A
1-PB2,630,1881,0,0,0,1881,A
1-PB2,631,0,2,0,1890,1892,C
1-PB2,632,0,1885,0,2,1887,T
1-PB2,633,0,1882,0,2,1884,T
1-PB2,634,1,0,1880,1,1882,G
1-PB2,635,0,1884,0,1,1885,T
1-PB2,636,1881,0,3,1,1885,A
1-PB2,637,0,2,0,1877,1879,C
1-PB2,638,3,9,1863,0,1875,G
1-PB2,639,1890,0,3,1,1894,A
1-PB2,640,1885,0,1,2,1888,A
1-PB2,641,1908,0,0,2,1910,A
1-PB2,642,1908,1,1,2,1912,A
1-PB2,643,1910,0,1,3,1914,A
1-PB2,644,1,0,0,1922,1923,C
1-PB2,645,1918,0,0,2,1920,A
1-PB2,646,1920,0,3,2,1925,A
1-PB2,647,0,2,1929,0,1931,G
1-PB2,648,1938,0,1,1,1940,A
1-PB2,649,0,1938,0,1,1939,T
1-PB2,650,0,1934,1,0,1935,T
1-PB2,651,0,1939,0,1,1940,T
1-PB2,652,2,0,0,1940,1942,C
1-PB2,653,0,1947,0,1,1948,T
1-PB2,654,4,0,0,1940,1944,C
1-PB2,655,1,0,0,1944,1945,C
1-PB2,656,2,1,1,1949,1953,C
1-PB2,657,1950,0,0,1,1951,A
1-PB2,658,0,0,1956,0,1956,G
1-PB2,659,0,1964,0,1,1965,T
1-PB2,660,1,1958,0,0,1959,T
1-PB2,661,0,1,1960,0,1961,G
1-PB2,662,0,2,0,1958,1960,C
1-PB2,663,0,1959,0,0,1959,T
1-PB2,664,0,1,1961,0,1962,G
1-PB2,665,2,0,1954,0,1956,G
1-PB2,666,1,2,0,1960,1963,C
1-PB2,667,2,2,1959,0,1963,G
1-PB2,668,2,5,1976,0,1983,G
1-PB2,669,1989,0,1,0,1990,A
1-PB2,670,1993,1,3,0,1997,A
1-PB2,671,0,1,0,1997,1998,C
1-PB2,672,1999,1,0,2,2002,A
1-PB2,673,2003,0,3,0,2006,A
1-PB2,674,0,0,2077,0,2077,G
1-PB2,675,1,0,0,2104,2105,C
1-PB2,676,2115,0,1,0,2116,A
1-PB2,677,0,0,2585,0,2585,G
1-PB2,678,0,2582,0,1,2583,T
1-PB2,679,2599,0,3,0,2602,A
1-PB2,680,0,2600,1,2,2603,T
1-PB2,681,2603,0,1,0,2604,A
1-PB2,682,0,2605,0,1,2606,T
1-PB2,683,2566,1,3,0,2570,A
1-PB2,684,0,0,0,2589,2589,C
1-PB2,685,2492,0,0,0,2492,A
1-PB2,686,3,2367,0,1,2371,T
1-PB2,687,0,2295,0,0,2295,T
1-PB2,688,2,3,2293,1,2299,G
1-PB2,689,2293,1,2,0,2296,A
1-PB2,690,2284,0,2,0,2286,A
1-PB2,691,0,0,2322,0,2322,G
1-PB2,692,0,2300,0,1,2301,T
1-PB2,693,0,2283,0,2,2285,T
1-PB2,694,0,2290,0,3,2293,T
1-PB2,695,0,2296,0,0,2296,T
1-PB2,696,2322,0,2,0,2324,A
1-PB2,697,0,0,0,2336,2336,C
1-PB2,698,2339,0,1,0,2340,A
1-PB2,699,0,2332,0,4,2336,T
1-PB2,700,0,2327,1,0,2328,T
1-PB2,701,1,2328,0,1,2330,T
1-PB2,702,0,8,2364,1,2373,G
1-PB2,703,2378,0,0,1,2379,A
1-PB2,704,0,0,1,2383,2384,C
1-PB2,705,0,2374,1,2,2377,T
1-PB2,706,2,1,1,2375,2379,C
1-PB2,707,2374,0,0,0,2374,A
1-PB2,708,0,4,2360,0,2364,G
1-PB2,709,0,2,2411,0,2413,G
1-PB2,710,1,6,2411,0,2418,G
1-PB2,711,2427,0,1,0,2428,A
1-PB2,712,2419,0,1,1,2421,A
1-PB2,713,2,1,0,2424,2427,C
1-PB2,714,0,0,2453,0,2453,G
1-PB2,715,1,2448,0,2,2451,T
1-PB2,716,1,0,2464,0,2465,G
1-PB2,717,0,2447,0,3,2450,T
1-PB2,718,0,2447,0,0,2447,T
1-PB2,719,0,1,2445,0,2446,G
1-PB2,720,0,1,2443,0,2444,G
1-PB2,721,0,6,2457,0,2463,G
1-PB2,722,2445,0,5,0,2450,A
1-PB2,723,2437,0,1,0,2438,A
1-PB2,724,0,1,1,2504,2506,C
1-PB2,725,2491,0,0,0,2491,A
1-PB2,726,2551,1,0,0,2552,A
1-PB2,727,2556,0,1,1,2558,A
1-PB2,728,0,2578,0,0,2578,T
1-PB2,729,2,0,2614,0,2616,G
1-PB2,730,0,2598,1,4,2603,T
1-PB2,731,2604,0,3,0,2607,A
1-PB2,732,2,0,0,2612,2614,C
1-PB2,733,2574,0,4,0,2578,A
1-PB2,734,7,0,0,2569,2576,C
1-PB2,735,0,2494,0,6,2500,T
1-PB2,736,4,0,1,2694,2699,C
1-PB2,737,2,0,0,2694,2696,C
1-PB2,738,2727,0,4,0,2731,A
1-PB2,739,0,2,2746,0,2748,G
1-PB2,740,0,0,2820,1,2821,G
1-PB2,741,0,2815,0,1,2816,T
1-PB2,742,1,5,2806,1,2813,G
1-PB2,743,0,3,2759,0,2762,G
1-PB2,744,2733,0,7,0,2740,A
1-PB2,745,2,5,2750,0,2757,G
1-PB2,746,0,1,2756,0,2757,G
1-PB2,747,2711,0,0,0,2711,A
1-PB2,748,0,1,2721,0,2722,G
1-PB2,749,0,2659,0,1,2660,T
1-PB2,750,0,2,2670,0,2672,G
1-PB2,751,2668,1,3,1,2673,A
1-PB2,752,0,1,2686,0,2687,G
1-PB2,753,2,5,2683,0,2690,G
1-PB2,754,2671,0,1,0,2672,A
1-PB2,755,2673,0,3,0,2676,A
1-PB2,756,0,2681,0,2,2683,T
1-PB2,757,0,8,2667,0,2675,G
1-PB2,758,2671,0,0,0,2671,A
1-PB2,759,0,2,0,2665,2667,C
1-PB2,760,6,6,2652,0,2664,G
1-PB2,761,2689,0,1,0,2690,A
1-PB2,762,2,2683,0,0,2685,T
1-PB2,763,0,1,2707,0,2708,G
1-PB2,764,0,2702,0,0,2702,T
1-PB2,765,0,2685,0,0,2685,T
1-PB2,766,1,11,2697,0,2709,G
1-PB2,767,2719,1,6,0,2726,A
1-PB2,768,0,1,0,2723,2724,C
1-PB2,769,2,2,1,2714,2719,C
1-PB2,770,2687,0,1,0,2688,A
1-PB2,771,2688,0,0,0,2688,A
1-PB2,772,2698,0,5,4,2707,A
1-PB2,773,0,0,2765,0,2765,G
1-PB2,774,1,1,0,2776,2778,C
1-PB2,775,3,0,0,2774,2777,C
1-PB2,776,0,2787,1,2,2790,T
1-PB2,777,2796,0,1,0,2797,A
1-PB2,778,2798,0,0,0,2798,A
1-PB2,779,0,2794,0,2,2796,T
1-PB2,780,0,2789,0,0,2789,T
1-PB2,781,2763,0,0,0,2763,A
1-PB2,782,1,2714,0,1,2716,T
1-PB2,783,0,2709,0,0,2709,T
1-PB2,784,0,1,2694,0,2695,G
1-PB2,785,1,3,0,2680,2684,C
1-PB2,786,4,5,2676,0,2685,G
1-PB2,787,0,1,2726,0,2727,G
1-PB2,788,0,1,0,2724,2725,C
1-PB2,789,1,0,0,2745,2746,C
1-PB2,790,2747,1,2,0,2750,A
1-PB2,791,2,2,2772,0,2776,G
1-PB2,792,3,4,2782,1,2790,G
1-PB2,793,2787,1,1,1,2790,A
1-PB2,794,2796,0,5,0,2801,A
1-PB2,795,0,0,0,2816,2816,C
1-PB2,796,2787,0,2,0,2789,A
1-PB2,797,0,2829,0,0,2829,T
1-PB2,798,2877,0,1,0,2878,A
1-PB2,799,5,0,2900,0,2905,G
1-PB2,800,1,2862,0,0,2863,T
1-PB2,801,2829,0,2,0,2831,A
1-PB2,802,2822,0,1,0,2823,A
1-PB2,803,1,2,2825,0,2828,G
1-PB2,804,2805,1,1,0,2807,A
1-PB2,805,2765,0,0,0,2765,A
1-PB2,806,1,4,2749,0,2754,G
1-PB2,807,2676,1,2,0,2679,A
1-PB2,808,2,0,2672,0,2674,G
1-PB2,809,0,2,0,2670,2672,C
1-PB2,810,1,1,0,2669,2671,C
1-PB2,811,1,2,2667,0,2670,G
1-PB2,812,0,2,0,2681,2683,C
1-PB2,813,2679,0,1,4,2684,A
1-PB2,814,4,1,2924,0,2929,G
1-PB2,815,0,2919,0,2,2921,T
1-PB2,816,2934,0,1,0,2935,A
1-PB2,817,0,2924,0,2,2926,T
1-PB2,818,4,5,0,2937,2946,C
1-PB2,819,2941,1,3,0,2945,A
1-PB2,820,1,3,2946,0,2950,G
1-PB2,821,1,1,0,2944,2946,C
1-PB2,822,2854,1,2,0,2857,A
1-PB2,823,0,1,2823,0,2824,G
1-PB2,824,2833,2,1,0,2836,A
1-PB2,825,0,2836,1,1,2838,T
1-PB2,826,3,0,0,2842,2845,C
1-PB2,827,2,2,0,2834,2838,C
1-PB2,828,2847,1,2,0,2850,A
1-PB2,829,0,0,0,2854,2854,C
1-PB2,830,1,2854,0,1,2856,T
1-PB2,831,2865,1,2,0,2868,A
1-PB2,832,3,1,2864,0,2868,G
1-PB2,833,0,1,0,2840,2841,C
1-PB2,834,2848,0,0,0,2848,A
1-PB2,835,1,2845,0,0,2846,T
1-PB2,836,0,2,1,2864,2867,C
1-PB2,837,0,2849,0,3,2852,T
1-PB2,838,1,2906,0,0,2907,T
1-PB2,839,1,2916,0,2,2919,T
1-PB2,840,2925,0,2,0,2927,A
1-PB2,841,1,2928,0,2,2931,T
1-PB2,842,0,2914,0,2,2916,T
1-PB2,843,3,1,2904,1,2909,G
1-PB2,844,1,4,2914,0,2919,G
1-PB2,845,2859,1,2,0,2862,A
1-PB2,846,6,4,2868,0,2878,G
1-PB2,847,2842,0,1,0,2843,A
1-PB2,848,0,2822,0,1,2823,T
1-PB2,849,2,2,2873,0,2877,G
1-PB2,850,1,2884,0,2,2887,T
1-PB2,851,0,3,2875,0,2878,G
1-PB2,852,0,2,0,2887,2889,C
1-PB2,853,4,1,0,2885,2890,C
1-PB2,854,2890,0,1,0,2891,A
1-PB2,855,2,1,1,2888,2892,C
1-PB2,856,2867,0,4,0,2871,A
1-PB2,857,2,4,2913,1,2920,G
1-PB2,858,0,2,0,2860,2862,C
1-PB2,859,2857,0,3,0,2860,A
1-PB2,860,1,2,0,2861,2864,C
1-PB2,861,2853,0,3,0,2856,A
1-PB2,862,0,1,0,2869,2870,C
1-PB2,863,2869,0,0,0,2869,A
1-PB2,864,2871,1,2,0,2874,A
1-PB2,865,2871,0,0,0,2871,A
1-PB2,866,0,2802,1,0,2803,T
1-PB2,867,0,2807,0,0,2807,T
1-PB2,868,2,7,2795,0,2804,G
1-PB2,869,0,0,2795,1,2796,G
1-PB2,870,0,2,1,2793,2796,C
1-PB2,871,2,2,2771,1,2776,G
1-PB2,872,0,9,2776,0,2785,G
1-PB2,873,2773,1,2,0,2776,A
1-PB2,874,2839,0,2,1,2842,A
1-PB2,875,1,0,0,2850,2851,C
1-PB2,876,2847,0,1,1,2849,A
1-PB2,877,2847,1,3,0,2851,A
1-PB2,878,0,2,2866,0,2868,G
1-PB2,879,2,3,2869,1,2875,G
1-PB2,880,2878,0,4,0,2882,A
1-PB2,881,0,2754,0,1,2755,T
1-PB2,882,1,4,2747,0,2752,G
1-PB2,883,1,0,2763,0,2764,G
1-PB2,884,0,2751,0,1,2752,T
1-PB2,885,0,7,2746,0,2753,G
1-PB2,886,1,4,2742,0,2747,G
1-PB2,887,2720,1,3,0,2724,A
1-PB2,888,0,0,0,2718,2718,C
1-PB2,889,2693,0,1,1,2695,A
1-PB2,890,0,3078,0,0,3078,T
1-PB2,891,0,3049,0,1,3050,T
1-PB2,892,3,0,0,3042,3045,C
1-PB2,893,0,2990,0,0,2990,T
1-PB2,894,0,2981,0,1,2982,T
1-PB2,895,2983,0,0,0,2983,A
1-PB2,896,0,9,2983,0,2992,G
1-PB2,897,2983,0,1,0,2984,A
1-PB2,898,0,2,0,2981,2983,C
1-PB2,899,2485,0,1,0,2486,A
1-PB2,900,0,3,2509,0,2512,G
1-PB2,901,2488,0,3,0,2491,A
1-PB2,902,2506,1,1,0,2508,A
1-PB2,903,0,0,0,2505,2505,C
1-PB2,904,2,0,0,2498,2500,C
1-PB2,905,2,1,0,2500,2503,C
1-PB2,906,1,11,2491,0,2503,G
1-PB2,907,2505,1,2,1,2509,A
1-PB2,908,0,0,0,2513,2513,C
1-PB2,909,0,2481,0,3,2484,T
1-PB2,910,1,3,2498,0,2502,G
1-PB2,911,2493,1,3,0,2497,A
1-PB2,912,2501,1,3,0,2505,A
1-PB2,913,5,4,2507,0,2516,G
1-PB2,914,2507,0,0,0,2507,A
1-PB2,915,2507,0,3,0,2510,A
1-PB2,916,0,1,0,2504,2505,C
1-PB2,917,2493,1,2,0,2496,A
1-PB2,918,2507,0,8,0,2515,A
1-PB2,919,1,0,2534,0,2535,G
1-PB2,920,0,2,0,2553,2555,C
1-PB2,921,0,2530,0,2,2532,T
1-PB2,922,2,0,2559,0,2561,G
1-PB2,923,0,2553,0,2,2555,T
1-PB2,924,1,5,2594,0,2600,G
1-PB2,925,0,3,2665,0,2668,G
1-PB2,926,2668,0,4,0,2672,A
1-PB2,927,0,2662,0,1,2663,T
1-PB2,928,2642,0,0,0,2642,A
1-PB2,929,0,2616,0,0,2616,T
1-PB2,930,2678,0,6,0,2684,A
1-PB2,931,0,2644,0,2,2646,T
1-PB2,932,1,1,2644,0,2646,G
1-PB2,933,0,1,0,2608,2609,C
1-PB2,934,2518,3,0,0,2521,A
1-PB2,935,2515,0,2,0,2517,A
1-PB2,936,9,2,2503,0,2514,G
1-PB2,937,3,0,2515,0,2518,G
1-PB2,938,0,0,0,2527,2527,C
1-PB2,939,0,2480,0,2,2482,T
1-PB2,940,1,1,2497,0,2499,G
1-PB2,941,0,0,0,2511,2511,C
1-PB2,942,2516,0,0,0,2516,A
1-PB2,943,2523,0,1,1,2525,A
1-PB2,944,0,2513,0,0,2513,T
1-PB2,945,0,10,2519,1,2530,G
1-PB2,946,1,1,2522,0,2524,G
1-PB2,947,0,4,2520,0,2524,G
1-PB2,948,2516,0,1,1,2518,A
1-PB2,949,0,2512,0,0,2512,T
1-PB2,950,1,2494,0,1,2496,T
1-PB2,951,2,4,2496,0,2502,G
1-PB2,952,2493,0,5,0,2498,A
1-PB2,953,0,4,2508,0,2512,G
1-PB2,954,2478,0,8,0,2486,A
1-PB2,955,2470,0,0,0,2470,A
1-PB2,956,0,2454,0,0,2454,T
1-PB2,957,4,1,1,2466,2472,C
1-PB2,958,2452,0,2,0,2454,A
1-PB2,959,0,6,2467,0,2473,G
1-PB2,960,0,1,0,2463,2464,C
1-PB2,961,0,2452,0,4,2456,T
1-PB2,962,6,2,0,2446,2454,C
1-PB2,963,2447,1,1,0,2449,A
1-PB2,964,0,2503,0,1,2504,T
1-PB2,965,3,0,0,2504,2507,C
1-PB2,966,2,1,0,2520,2523,C
1-PB2,967,0,2507,1,3,2511,T
1-PB2,968,0,2492,1,4,2497,T
1-PB2,969,2,2,1,2496,2501,C
1-PB2,970,2503,0,1,0,2504,A
1-PB2,971,1,2,2531,0,2534,G
1-PB2,972,1,2,0,2519,2522,C
1-PB2,973,0,2487,0,6,2493,T
1-PB2,974,1,2494,0,0,2495,T
1-PB2,975,1,2472,0,0,2473,T
1-PB2,976,0,1,2480,0,2481,G
1-PB2,977,0,1,2483,0,2484,G
1-PB2,978,0,2476,1,2,2479,T
1-PB2,979,2,6,2480,0,2488,G
1-PB2,980,1,2,2475,0,2478,G
1-PB2,981,0,1,2503,1,2505,G
1-PB2,982,0,2492,0,4,2496,T
1-PB2,983,1,2491,0,0,2492,T
1-PB2,984,0,2493,0,0,2493,T
1-PB2,985,2499,0,3,0,2502,A
1-PB2,986,0,3,0,2510,2513,C
1-PB2,987,2510,0,1,0,2511,A
1-PB2,988,0,2492,0,1,2493,T
1-PB2,989,1,2461,0,0,2462,T
1-PB2,990,1,2446,0,8,2455,T
1-PB2,991,2450,0,2,0,2452,A
1-PB2,992,2450,1,2,0,2453,A
1-PB2,993,2449,1,5,0,2455,A
1-PB2,994,2430,0,1,0,2431,A
1-PB2,995,0,3,2451,0,2454,G
1-PB2,996,2444,0,1,0,2445,A
1-PB2,997,2449,0,1,0,2450,A
1-PB2,998,1,2,0,2445,2448,C
1-PB2,999,2437,0,2,0,2439,A
1-PB2,1000,2438,0,2,0,2440,A
1-PB2,1001,1,1,2439,0,2441,G
1-PB2,1002,0,3,0,2433,2436,C
1-PB2,1003,0,4,2422,1,2427,G
1-PB2,1004,0,4,2428,0,2432,G
1-PB2,1005,5,0,2435,0,2440,G
1-PB2,1006,2,2432,1,1,2436,T
1-PB2,1007,12,0,0,2421,2433,C
1-PB2,1008,2441,0,1,0,2442,A
1-PB2,1009,0,2426,0,5,2431,T
1-PB2,1010,1,1,0,2436,2438,C
1-PB2,1011,2424,0,3,0,2427,A
1-PB2,1012,1,0,2454,1,2456,G
1-PB2,1013,1,2419,0,3,2423,T
1-PB2,1014,5,0,0,2417,2422,C
1-PB2,1015,2428,0,2,0,2430,A
1-PB2,1016,2432,0,1,0,2433,A
1-PB2,1017,2430,0,1,0,2431,A
1-PB2,1018,2430,1,1,1,2433,A
1-PB2,1019,2441,0,1,0,2442,A
1-PB2,1020,2443,0,3,0,2446,A
1-PB2,1021,0,2,2447,0,2449,G
1-PB2,1022,2435,1,2,0,2438,A
1-PB2,1023,2430,0,1,0,2431,A
1-PB2,1024,1,0,2428,0,2429,G
1-PB2,1025,2423,0,0,0,2423,A
1-PB2,1026,2339,0,6,0,2345,A
1-PB2,1027,0,3,2343,0,2346,G
1-PB2,1028,2337,1,3,0,2341,A
1-PB2,1029,1,3,2340,0,2344,G
1-PB2,1030,0,0,2381,0,2381,G
1-PB2,1031,1,2375,0,2,2378,T
1-PB2,1032,0,1,2408,0,2409,G
1-PB2,1033,1,2,0,2425,2428,C
1-PB2,1034,0,2417,1,6,2424,T
1-PB2,1035,0,2431,0,0,2431,T
1-PB2,1036,2435,0,1,0,2436,A
1-PB2,1037,0,0,0,2438,2438,C
1-PB2,1038,2415,0,1,0,2416,A
1-PB2,1039,0,2,2427,0,2429,G
1-PB2,1040,1,1,2418,0,2420,G
1-PB2,1041,0,1,0,2378,2379,C
1-PB2,1042,2357,0,2,0,2359,A
1-PB2,1043,2372,0,1,0,2373,A
1-PB2,1044,1,2396,0,2,2399,T
1-PB2,1045,3,0,0,2440,2443,C
1-PB2,1046,0,2435,1,2,2438,T
1-PB2,1047,4,1,0,2437,2442,C
1-PB2,1048,1,0,0,2440,2441,C
1-PB2,1049,2433,0,1,0,2434,A
1-PB2,1050,2429,0,0,0,2429,A
1-PB2,1051,2423,2,6,0,2431,A
1-PB2,1052,0,0,0,2441,2441,C
1-PB2,1053,2398,0,0,0,2398,A
1-PB2,1054,0,2375,0,0,2375,T
1-PB2,1055,0,2317,0,0,2317,T
1-PB2,1056,0,3,2316,0,2319,G
1-PB2,1057,2307,0,3,1,2311,A
1-PB2,1058,0,6,2278,0,2284,G
1-PB2,1059,2385,0,0,0,2385,A
1-PB2,1060,2385,0,0,0,2385,A
1-PB2,1061,0,2400,0,2,2402,T
1-PB2,1062,2404,0,1,0,2405,A
1-PB2,1063,2407,0,2,0,2409,A
1-PB2,1064,0,1,2486,0,2487,G
1-PB2,1065,2440,0,1,1,2442,A
1-PB2,1066,0,1,2517,0,2518,G
1-PB2,1067,0,2434,0,3,2437,T
1-PB2,1068,2449,0,2,0,2451,A
1-PB2,1069,0,2,0,2498,2500,C
1-PB2,1070,2475,1,7,0,2483,A
1-PB2,1071,0,2484,0,1,2485,T
1-PB2,1072,0,1,2471,0,2472,G
1-PB2,1073,2406,1,6,0,2413,A
1-PB2,1074,1,5,2412,0,2418,G
1-PB2,1075,0,3,2426,0,2429,G
1-PB2,1076,1,2,2522,0,2525,G
1-PB2,1077,1,3,2533,0,2537,G
1-PB2,1078,1,2495,0,2,2498,T
1-PB2,1079,2503,0,1,0,2504,A
1-PB2,1080,0,2483,0,0,2483,T
1-PB2,1081,0,3,2489,1,2493,G
1-PB2,1082,2493,0,4,0,2497,A
1-PB2,1083,0,2,2488,0,2490,G
1-PB2,1084,0,4,2463,0,2467,G
1-PB2,1085,2289,0,1,0,2290,A
1-PB2,1086,1,0,2341,0,2342,G
1-PB2,1087,1,2321,1,7,2330,T
1-PB2,1088,0,2394,0,0,2394,T
1-PB2,1089,6,1,0,2403,2410,C
1-PB2,1090,2399,1,0,0,2400,A
1-PB2,1091,0,1,0,2398,2399,C
1-PB2,1092,2403,0,0,0,2403,A
1-PB2,1093,2426,0,2,0,2428,A
1-PB2,1094,1,2426,1,1,2429,T
1-PB2,1095,1,2,2388,0,2391,G
1-PB2,1096,1,1,2409,0,2411,G
1-PB2,1097,0,2341,1,3,2345,T
1-PB2,1098,1,3,2348,0,2352,G
1-PB2,1099,0,1,2353,0,2354,G
1-PB2,1100,0,5,2345,0,2350,G
1-PB2,1101,1,4,2369,0,2374,G
1-PB2,1102,2350,0,3,0,2353,A
1-PB2,1103,2351,1,2,0,2354,A
1-PB2,1104,2342,0,2,0,2344,A
1-PB2,1105,2296,0,8,0,2304,A
1-PB2,1106,0,1,2333,0,2334,G
1-PB2,1107,2320,0,4,1,2325,A
1-PB2,1108,3,1,2319,0,2323,G
1-PB2,1109,0,0,0,2324,2324,C
1-PB2,1110,2293,0,2,0,2295,A
1-PB2,1111,2299,0,4,0,2303,A
1-PB2,1112,0,0,0,2368,2368,C
1-PB2,1113,2358,0,0,0,2358,A
1-PB2,1114,1,0,2399,0,2400,G
1-PB2,1115,0,0,0,2370,2370,C
1-PB2,1116,0,2360,0,1,2361,T
1-PB2,1117,2438,1,1,1,2441,A
1-PB2,1118,0,2443,1,0,2444,T
1-PB2,1119,2449,0,2,0,2451,A
1-PB2,1120,0,0,0,2455,2455,C
1-PB2,1121,0,2323,1,1,2325,T
1-PB2,1122,2339,0,1,0,2340,A
1-PB2,1123,2303,0,0,0,2303,A
1-PB2,1124,0,3,2306,0,2309,G
1-PB2,1125,2307,0,1,0,2308,A
1-PB2,1126,2244,0,0,0,2244,A
1-PB2,1127,2233,2,1,0,2236,A
1-PB2,1128,2217,0,7,0,2224,A
1-PB2,1129,0,1,2242,0,2243,G
1-PB2,1130,1,1,0,2242,2244,C
1-PB2,1131,2230,0,1,0,2231,A
1-PB2,1132,2242,0,2,0,2244,A
1-PB2,1133,1,6,0,2245,2252,C
1-PB2,1134,1,3,0,2246,2250,C
1-PB2,1135,2248,0,1,0,2249,A
1-PB2,1136,2,2,2258,0,2262,G
1-PB2,1137,2256,0,1,0,2257,A
1-PB2,1138,2254,1,4,0,2259,A
1-PB2,1139,0,2,2269,0,2271,G
1-PB2,1140,2262,1,1,1,2265,A
1-PB2,1141,0,2250,0,1,2251,T
1-PB2,1142,0,2228,0,1,2229,T
1-PB2,1143,1,4,2238,0,2243,G
1-PB2,1144,1,3,2287,1,2292,G
1-PB2,1145,0,2282,0,2,2284,T
1-PB2,1146,0,2277,1,1,2279,T
1-PB2,1147,4,0,0,2270,2274,C
1-PB2,1148,2259,0,3,0,2262,A
1-PB2,1149,2250,0,3,0,2253,A
1-PB2,1150,0,1,0,2399,2400,C
1-PB2,1151,0,2391,1,6,2398,T
1-PB2,1152,6,0,0,2413,2419,C
1-PB2,1153,2395,0,2,0,2397,A
1-PB2,1154,1,2398,0,1,2400,T
1-PB2,1155,2401,0,5,1,2407,A
1-PB2,1156,1,0,2415,0,2416,G
1-PB2,1157,0,2332,0,3,2335,T
1-PB2,1158,0,7,2354,0,2361,G
1-PB2,1159,2277,1,3,0,2281,A
1-PB2,1160,0,0,2307,0,2307,G
1-PB2,1161,0,2300,0,3,2303,T
1-PB2,1162,2,1,2289,0,2292,G
1-PB2,1163,1,2,2309,0,2312,G
1-PB2,1164,2313,1,0,0,2314,A
1-PB2,1165,2296,0,3,0,2299,A
1-PB2,1166,0,5,2307,0,2312,G
1-PB2,1167,2264,1,4,0,2269,A
1-PB2,1168,0,3,2282,0,2285,G
1-PB2,1169,2264,0,3,1,2268,A
1-PB2,1170,1,1,0,2270,2272,C
1-PB2,1171,2,9,2256,0,2267,G
1-PB2,1172,2246,0,1,1,2248,A
1-PB2,1173,2263,0,2,1,2266,A
1-PB2,1174,1,1,0,2262,2264,C
1-PB2,1175,2253,0,3,0,2256,A
1-PB2,1176,1,0,2359,0,2360,G
1-PB2,1177,2,2353,0,1,2356,T
1-PB2,1178,8,1,0,2344,2353,C
1-PB2,1179,2353,0,4,0,2357,A
1-PB2,1180,2351,0,1,0,2352,A
1-PB2,1181,0,2352,1,1,2354,T
1-PB2,1182,2351,0,2,0,2353,A
1-PB2,1183,0,1,2354,0,2355,G
1-PB2,1184,0,1,0,2344,2345,C
1-PB2,1185,3,0,0,2269,2272,C
1-PB2,1186,0,2,2265,0,2267,G
1-PB2,1187,2266,2,0,0,2268,A
1-PB2,1188,2223,0,3,49,2275,A
1-PB2,1189,0,0,2298,0,2298,G
1-PB2,1190,1,1,0,2330,2332,C
1-PB2,1191,2336,0,1,0,2337,A
1-PB2,1192,2330,0,0,0,2330,A
1-PB2,1193,2,2328,0,0,2330,T
1-PB2,1194,2338,0,0,1,2339,A
1-PB2,1195,2364,0,0,0,2364,A
1-PB2,1196,0,2360,0,1,2361,T
1-PB2,1197,3,0,0,2341,2344,C
1-PB2,1198,2,0,2335,0,2337,G
1-PB2,1199,0,2269,0,1,2270,T
1-PB2,1200,0,0,2269,0,2269,G
1-PB2,1201,0,1,2295,0,2296,G
1-PB2,1202,1,3,0,2291,2295,C
1-PB2,1203,2,0,0,2288,2290,C
1-PB2,1204,2271,0,0,0,2271,A
1-PB2,1205,0,2269,0,1,2270,T
1-PB2,1206,1,5,2264,0,2270,G
1-PB2,1207,2,3,2292,1,2298,G
1-PB2,1208,2,2293,1,2,2298,T
1-PB2,1209,0,1,2303,1,2305,G
1-PB2,1210,0,2246,0,2,2248,T
1-PB2,1211,0,2253,0,1,2254,T
1-PB2,1212,1,2254,1,2,2258,T
1-PB2,1213,0,2261,0,0,2261,T
1-PB2,1214,2,1,0,2293,2296,C
1-PB2,1215,2288,0,1,0,2289,A
1-PB2,1216,0,0,1,2348,2349,C
1-PB2,1217,2327,0,1,1,2329,A
1-PB2,1218,2321,1,3,0,2325,A
1-PB2,1219,1,1,2323,0,2325,G
1-PB2,1220,2316,0,0,0,2316,A
1-PB2,1221,2267,0,28,0,2295,A
1-PB2,1222,0,2,2336,0,2338,G
1-PB2,1223,2332,0,1,0,2333,A
1-PB2,1224,1,2335,0,1,2337,T
1-PB2,1225,0,2317,0,1,2318,T
1-PB2,1226,0,1,2317,0,2318,G
1-PB2,1227,1,3,0,2282,2286,C
1-PB2,1228,2301,0,1,0,2302,A
1-PB2,1229,1,2322,0,1,2324,T
1-PB2,1230,0,2,2397,0,2399,G
1-PB2,1231,2408,0,3,0,2411,A
1-PB2,1232,0,2425,0,0,2425,T
1-PB2,1233,2411,0,3,0,2414,A
1-PB2,1234,2415,0,2,0,2417,A
1-PB2,1235,2416,0,1,2,2419,A
1-PB2,1236,2418,0,2,0,2420,A
1-PB2,1237,0,0,2424,0,2424,G
1-PB2,1238,1,3,0,2465,2469,C
1-PB2,1239,2476,1,2,1,2480,A
1-PB2,1240,0,0,2545,0,2545,G
1-PB2,1241,0,2531,2,0,2533,T
1-PB2,1242,1,2535,1,0,2537,T
1-PB2,1243,2537,0,0,0,2537,A
1-PB2,1244,0,2,2555,0,2557,G
1-PB2,1245,2537,0,2,0,2539,A
1-PB2,1246,0,2,2546,0,2548,G
1-PB2,1247,2,1,2526,0,2529,G
1-PB2,1248,0,2435,0,4,2439,T
1-PB2,1249,1,7,2433,0,2441,G
1-PB2,1250,2451,0,0,0,2451,A
1-PB2,1251,1,1,0,2457,2459,C
1-PB2,1252,2,0,0,2457,2459,C
1-PB2,1253,0,2385,0,4,2389,T
1-PB2,1254,0,6,2387,0,2393,G
1-PB2,1255,2389,1,0,0,2390,A
1-PB2,1256,2386,0,4,0,2390,A
1-PB2,1257,0,2386,0,0,2386,T
1-PB2,1258,0,2397,0,0,2397,T
1-PB2,1259,1,2402,0,0,2403,T
1-PB2,1260,5,0,0,2399,2404,C
1-PB2,1261,1,1,2394,0,2396,G
1-PB2,1262,0,2394,0,4,2398,T
1-PB2,1263,5,2,0,2397,2404,C
1-PB2,1264,2400,1,0,0,2401,A
1-PB2,1265,2407,0,0,0,2407,A
1-PB2,1266,0,0,0,2404,2404,C
1-PB2,1267,2376,1,0,0,2377,A
1-PB2,1268,0,3,2407,0,2410,G
1-PB2,1269,2394,0,4,0,2398,A
1-PB2,1270,1,0,2398,0,2399,G
1-PB2,1271,1,0,0,2398,2399,C
1-PB2,1272,2387,0,7,0,2394,A
1-PB2,1273,2422,0,0,1,2423,A
1-PB2,1274,2422,0,0,0,2422,A
1-PB2,1275,0,2418,0,0,2418,T
1-PB2,1276,3,0,1,2417,2421,C
1-PB2,1277,2407,0,1,0,2408,A
1-PB2,1278,0,1,2403,0,2404,G
1-PB2,1279,0,3,0,2409,2412,C
1-PB2,1280,1,0,2416,0,2417,G
1-PB2,1281,1,2,2524,0,2527,G
1-PB2,1282,1,2512,0,0,2513,T
1-PB2,1283,0,2511,0,2,2513,T
1-PB2,1284,1,7,2506,0,2514,G
1-PB2,1285,2514,1,3,0,2518,A
1-PB2,1286,2524,0,7,0,2531,A
1-PB2,1287,1,1,0,2538,2540,C
1-PB2,1288,6,1,0,2517,2524,C
1-PB2,1289,1,1,1,2543,2546,C
1-PB2,1290,0,1,1,2446,2448,C
1-PB2,1291,2455,1,1,0,2457,A
1-PB2,1292,1,2459,0,2,2462,T
1-PB2,1293,1,1,2457,0,2459,G
1-PB2,1294,0,1,0,2465,2466,C
1-PB2,1295,2448,0,0,0,2448,A
1-PB2,1296,1,2421,0,1,2423,T
1-PB2,1297,3,1,0,2422,2426,C
1-PB2,1298,2416,1,0,0,2417,A
1-PB2,1299,0,0,2452,1,2453,G
1-PB2,1300,0,1,0,2456,2457,C
1-PB2,1301,0,2421,0,2,2423,T
1-PB2,1302,0,2428,0,0,2428,T
1-PB2,1303,1,2417,1,2,2421,T
1-PB2,1304,1,2416,0,2,2419,T
1-PB2,1305,2418,1,0,0,2419,A
1-PB2,1306,2416,1,1,0,2418,A
1-PB2,1307,0,3,2410,0,2413,G
1-PB2,1308,2,0,2404,0,2406,G
1-PB2,1309,0,3,0,2375,2378,C
1-PB2,1310,2368,0,0,0,2368,A
1-PB2,1311,1,2364,0,1,2366,T
1-PB2,1312,0,2357,1,0,2358,T
1-PB2,1313,0,2369,0,1,2370,T
1-PB2,1314,0,2370,0,1,2371,T
1-PB2,1315,3,0,0,2370,2373,C
1-PB2,1316,2363,3,3,0,2369,A
1-PB2,1317,1,3,2368,0,2372,G
1-PB2,1318,2366,0,3,0,2369,A
1-PB2,1319,2370,1,0,1,2372,A
1-PB2,1320,2365,0,1,0,2366,A
1-PB2,1321,0,0,2367,0,2367,G
1-PB2,1322,2377,0,3,0,2380,A
1-PB2,1323,1,2379,0,1,2381,T
1-PB2,1324,0,1,2374,0,2375,G
1-PB2,1325,0,2,0,2379,2381,C
1-PB2,1326,1,3,2377,0,2381,G
1-PB2,1327,2377,0,2,0,2379,A
1-PB2,1328,2378,0,0,1,2379,A
1-PB2,1329,2381,1,1,0,2383,A
1-PB2,1330,0,0,2388,0,2388,G
1-PB2,1331,0,2363,0,1,2364,T
1-PB2,1332,2,0,2361,0,2363,G
1-PB2,1333,0,0,0,2359,2359,C
1-PB2,1334,0,2351,0,4,2355,T
1-PB2,1335,0,2354,0,1,2355,T
1-PB2,1336,0,2349,3,5,2357,T
1-PB2,1337,0,2362,0,0,2362,T
1-PB2,1338,0,2351,0,2,2353,T
1-PB2,1339,4,0,0,2353,2357,C
1-PB2,1340,2361,1,0,0,2362,A
1-PB2,1341,2367,1,2,0,2370,A
1-PB2,1342,2367,0,0,0,2367,A
1-PB2,1343,2375,1,0,0,2376,A
1-PB2,1344,0,2360,1,0,2361,T
1-PB2,1345,0,2370,0,1,2371,T
1-PB2,1346,0,0,2380,0,2380,G
1-PB2,1347,0,4,2372,0,2376,G
1-PB2,1348,0,5,2370,0,2375,G
1-PB2,1349,0,4,2415,0,2419,G
1-PB2,1350,2400,1,3,0,2404,A
1-PB2,1351,1,1,2450,0,2452,G
1-PB2,1352,0,2447,0,4,2451,T
1-PB2,1353,0,2448,1,0,2449,T
1-PB2,1354,1,7,2449,1,2458,G
1-PB2,1355,2456,0,5,0,2461,A
1-PB2,1356,2459,0,4,0,2463,A
1-PB2,1357,0,3,0,2528,2531,C
1-PB2,1358,2500,1,0,0,2501,A
1-PB2,1359,0,1,0,2550,2551,C
1-PB2,1360,2505,1,0,0,2506,A
1-PB2,1361,1,2516,0,0,2517,T
1-PB2,1362,1,0,0,2515,2516,C
1-PB2,1363,7,3,2512,0,2522,G
1-PB2,1364,2526,1,1,0,2528,A
1-PB2,1365,0,0,0,2517,2517,C
1-PB2,1366,2438,0,0,0,2438,A
1-PB2,1367,1,0,2520,0,2521,G
1-PB2,1368,0,2459,0,3,2462,T
1-PB2,1369,0,0,2498,0,2498,G
1-PB2,1370,1,2484,0,2,2487,T
1-PB2,1371,2,4,2490,1,2497,G
1-PB2,1372,2498,0,0,0,2498,A
1-PB2,1373,0,2491,0,1,2492,T
1-PB2,1374,0,4,2481,0,2485,G
1-PB2,1375,1,3,2493,0,2497,G
1-PB2,1376,1,3,2452,0,2456,G
1-PB2,1377,2435,0,2,0,2437,A
1-PB2,1378,2413,0,0,0,2413,A
1-PB2,1379,0,2395,0,1,2396,T
1-PB2,1380,1,3,2409,0,2413,G
1-PB2,1381,2419,0,0,0,2419,A
1-PB2,1382,0,2409,0,2,2411,T
1-PB2,1383,0,2408,0,1,2409,T
1-PB2,1384,1,2,2407,0,2410,G
1-PB2,1385,1,4,2395,1,2401,G
1-PB2,1386,2387,3,2,1,2393,A
1-PB2,1387,2313,0,2,1,2316,A
1-PB2,1388,0,2381,0,0,2381,T
1-PB2,1389,2395,0,0,0,2395,A
1-PB2,1390,0,2405,1,0,2406,T
1-PB2,1391,0,2410,0,1,2411,T
1-PB2,1392,2427,1,2,0,2430,A
1-PB2,1393,0,0,0,2433,2433,C
1-PB2,1394,3,0,0,2379,2382,C
1-PB2,1395,2366,0,2,0,2368,A
1-PB2,1396,0,4,2379,0,2383,G
1-PB2,1397,2418,0,0,1,2419,A
1-PB2,1398,0,2404,0,3,2407,T
1-PB2,1399,2390,1,1,0,2392,A
1-PB2,1400,0,2376,0,0,2376,T
1-PB2,1401,1,8,2357,0,2366,G
1-PB2,1402,2367,3,1,0,2371,A
1-PB2,1403,0,1,0,2384,2385,C
1-PB2,1404,1,2374,0,4,2379,T
1-PB2,1405,3,0,0,2363,2366,C
1-PB2,1406,0,0,0,2330,2330,C
1-PB2,1407,2331,1,3,0,2335,A
1-PB2,1408,2333,0,9,1,2343,A
1-PB2,1409,0,1,2385,0,2386,G
1-PB2,1410,1,0,0,2375,2376,C
1-PB2,1411,2366,0,1,0,2367,A
1-PB2,1412,1,1,0,2364,2366,C
1-PB2,1413,2346,0,0,1,2347,A
1-PB2,1414,0,2,2353,0,2355,G
1-PB2,1415,2342,6,0,0,2348,A
1-PB2,1416,0,1,2358,0,2359,G
1-PB2,1417,2359,0,3,0,2362,A
1-PB2,1418,1,2279,0,2,2282,T
1-PB2,1419,2,0,2318,0,2320,G
1-PB2,1420,1,2305,0,1,2307,T
1-PB2,1421,13,1,0,2270,2284,C
1-PB2,1422,2303,1,3,0,2307,A
1-PB2,1423,2301,0,1,0,2302,A
1-PB2,1424,1,2296,0,0,2297,T
1-PB2,1425,0,6,2289,0,2295,G
1-PB2,1426,2243,2,2,0,2247,A
1-PB2,1427,0,2,2253,0,2255,G
1-PB2,1428,2226,1,1,0,2228,A
1-PB2,1429,0,3,2240,0,2243,G
1-PB2,1430,5,3,2339,0,2347,G
1-PB2,1431,2346,1,1,0,2348,A
1-PB2,1432,2346,0,1,0,2347,A
1-PB2,1433,0,2346,0,0,2346,T
1-PB2,1434,2338,0,4,0,2342,A
1-PB2,1435,2338,0,3,0,2341,A
1-PB2,1436,0,4,2335,0,2339,G
1-PB2,1437,2333,0,2,0,2335,A
1-PB2,1438,0,1,2336,0,2337,G
1-PB2,1439,2,2190,0,3,2195,T
1-PB2,1440,6,1,1,2189,2197,C
1-PB2,1441,2192,1,7,0,2200,A
1-PB2,1442,3,0,2211,0,2214,G
1-PB2,1443,0,1,1,2234,2236,C
1-PB2,1444,2233,0,2,0,2235,A
1-PB2,1445,2233,1,0,0,2234,A
1-PB2,1446,2232,1,0,0,2233,A
1-PB2,1447,2230,0,3,0,2233,A
1-PB2,1448,0,2231,0,0,2231,T
1-PB2,1449,1,0,2235,0,2236,G
1-PB2,1450,1,1,2231,1,2234,G
1-PB2,1451,0,1,2228,1,2230,G
1-PB2,1452,1,2199,0,1,2201,T
1-PB2,1453,0,0,2207,0,2207,G
1-PB2,1454,1,2202,0,1,2204,T
1-PB2,1455,2,1,2206,0,2209,G
1-PB2,1456,0,1,2249,0,2250,G
1-PB2,1457,2242,1,0,0,2243,A
1-PB2,1458,1,2230,0,0,2231,T
1-PB2,1459,0,4,2230,1,2235,G
1-PB2,1460,2232,0,0,0,2232,A
1-PB2,1461,2250,0,0,0,2250,A
1-PB2,1462,0,2248,0,0,2248,T
1-PB2,1463,2222,0,1,0,2223,A
1-PB2,1464,1,4,0,2341,2346,C
1-PB2,1465,0,2302,0,1,2303,T
1-PB2,1466,7,1,0,2322,2330,C
1-PB2,1467,0,2,0,2329,2331,C
1-PB2,1468,2338,0,3,0,2341,A
1-PB2,1469,2,0,2410,0,2412,G
1-PB2,1470,0,2399,0,0,2399,T
1-PB2,1471,2409,0,2,0,2411,A
1-PB2,1472,3,87,0,2325,2415,C
1-PB2,1473,2188,0,0,0,2188,A
1-PB2,1474,1,4,2198,0,2203,G
1-PB2,1475,2152,0,3,0,2155,A
1-PB2,1476,0,0,2155,0,2155,G
1-PB2,1477,2057,0,2,0,2059,A
1-PB2,1478,0,3,2002,0,2005,G
1-PB2,1479,0,1,1996,0,1997,G
1-PB2,1480,1,2,1993,0,1996,G
1-PB2,1481,0,1963,1,2,1966,T
1-PB2,1482,0,5,1960,0,1965,G
1-PB2,1483,0,0,1975,0,1975,G
1-PB2,1484,1,1955,1,1,1958,T
1-PB2,1485,2,2,1996,0,2000,G
1-PB2,1486,1,0,2004,1,2006,G
1-PB2,1487,0,1957,1,1,1959,T
1-PB2,1488,1,1952,1,3,1957,T
1-PB2,1489,1943,0,0,0,1943,A
1-PB2,1490,0,1,1951,0,1952,G
1-PB2,1491,2,0,0,1941,1943,C
1-PB2,1492,1940,0,0,1,1941,A
1-PB2,1493,0,1935,0,1,1936,T
1-PB2,1494,1,1840,0,1,1842,T
1-PB2,1495,0,4,1834,0,1838,G
1-PB2,1496,1843,0,0,1,1844,A
1-PB2,1497,1,1841,1,1,1844,T
1-PB2,1498,3,1,0,1842,1846,C
1-PB2,1499,0,0,1832,0,1832,G
1-PB2,1500,0,0,1856,0,1856,G
1-PB2,1501,0,1856,0,0,1856,T
1-PB2,1502,0,1848,0,1,1849,T
1-PB2,1503,0,1855,0,1,1856,T
1-PB2,1504,0,1858,0,0,1858,T
1-PB2,1505,1,1851,0,2,1854,T
1-PB2,1506,0,4,1855,0,1859,G
1-PB2,1507,1846,1,6,0,1853,A
1-PB2,1508,1,4,1850,0,1855,G
1-PB2,1509,1779,0,2,0,1781,A
1-PB2,1510,0,0,1798,0,1798,G
1-PB2,1511,0,1801,0,1,1802,T
1-PB2,1512,0,1798,0,2,1800,T
1-PB2,1513,7,2,0,1788,1797,C
1-PB2,1514,1,2,1795,0,1798,G
1-PB2,1515,1797,1,0,0,1798,A
1-PB2,1516,0,1,1800,0,1801,G
1-PB2,1517,1800,0,0,0,1800,A
1-PB2,1518,1,0,0,1797,1798,C
1-PB2,1519,2,0,0,1771,1773,C
1-PB2,1520,1755,0,0,0,1755,A
1-PB2,1521,1769,0,5,0,1774,A
1-PB2,1522,0,1,0,1774,1775,C
1-PB2,1523,0,0,1777,0,1777,G
1-PB2,1524,0,1771,0,1,1772,T
1-PB2,1525,3,2,1766,0,1771,G
1-PB2,1526,1,0,1770,0,1771,G
1-PB2,1527,0,0,1774,1,1775,G
1-PB2,1528,1755,2,4,0,1761,A
1-PB2,1529,1769,0,0,0,1769,A
1-PB2,1530,0,1714,0,0,1714,T
1-PB2,1531,1,0,1772,0,1773,G
1-PB2,1532,0,1767,0,0,1767,T
1-PB2,1533,1766,0,0,0,1766,A
1-PB2,1534,0,1766,0,2,1768,T
1-PB2,1535,0,1747,0,0,1747,T
1-PB2,1536,1758,0,0,0,1758,A
1-PB2,1537,0,1750,1,0,1751,T
1-PB2,1538,0,1728,0,0,1728,T
1-PB2,1539,1718,0,1,0,1719,A
1-PB2,1540,1,1504,0,2,1507,T
1-PB2,1541,5,0,0,1554,1559,C
1-PB2,1542,0,1540,0,1,1541,T
1-PB2,1543,4,0,0,1543,1547,C
1-PB2,1544,1,0,0,1543,1544,C
1-PB2,1545,0,1503,0,0,1503,T
1-PB2,1546,1,1,1506,0,1508,G
1-PB2,1547,1499,0,1,0,1500,A
1-PB2,1548,0,0,1503,0,1503,G
1-PB2,1549,0,1,1501,0,1502,G
1-PB2,1550,1333,0,0,0,1333,A
1-PB2,1551,0,0,1345,0,1345,G
1-PB2,1552,0,0,1337,0,1337,G
1-PB2,1553,1,1276,0,2,1279,T
1-PB2,1554,4,0,0,1276,1280,C
1-PB2,1555,1265,0,1,0,1266,A
1-PB2,1556,0,0,1278,0,1278,G
1-PB2,1557,0,1277,0,1,1278,T
1-PB2,1558,1,1,1272,0,1274,G
1-PB2,1559,1280,0,0,0,1280,A
1-PB2,1560,1228,0,0,0,1228,A
1-PB2,1561,1237,0,0,0,1237,A
1-PB2,1562,0,0,0,1237,1237,C
1-PB2,1563,1231,0,0,0,1231,A
1-PB2,1564,0,0,0,1231,1231,C
1-PB2,1565,1189,0,1,0,1190,A
1-PB2,1566,0,1,1193,0,1194,G
1-PB2,1567,0,2,1191,0,1193,G
1-PB2,1568,1,1,1200,0,1202,G
1-PB2,1569,1195,0,2,0,1197,A
1-PB2,1570,1190,1,0,0,1191,A
1-PB2,1571,0,0,0,1196,1196,C
1-PB2,1572,1,1175,0,1,1177,T
1-PB2,1573,0,2,1177,1,1180,G
1-PB2,1574,1174,0,1,0,1175,A
1-PB2,1575,1,1,1167,1,1170,G
1-PB2,1576,1141,0,1,0,1142,A
1-PB2,1577,0,2,1087,0,1089,G
1-PB2,1578,1084,0,0,0,1084,A
1-PB2,1579,0,0,0,1080,1080,C
1-PB2,1580,0,1041,0,1,1042,T
1-PB2,1581,1,3,1050,0,1054,G
1-PB2,1582,1051,1,1,0,1053,A
1-PB2,1583,0,1,0,1057,1058,C
1-PB2,1584,1053,0,1,0,1054,A
1-PB2,1585,1048,0,0,0,1048,A
1-PB2,1586,0,1039,0,1,1040,T
1-PB2,1587,1043,0,0,0,1043,A
1-PB2,1588,1042,0,1,0,1043,A
1-PB2,1589,0,0,0,1053,1053,C
1-PB2,1590,0,985,0,1,986,T
1-PB2,1591,0,979,0,0,979,T
1-PB2,1592,964,0,1,0,965,A
1-PB2,1593,0,965,0,1,966,T
1-PB2,1594,0,958,0,1,959,T
1-PB2,1595,1,0,0,957,958,C
1-PB2,1596,892,0,0,1,893,A
1-PB2,1597,0,898,0,0,898,T
1-PB2,1598,0,0,0,866,866,C
1-PB2,1599,0,0,867,0,867,G
1-PB2,1600,0,868,0,0,868,T
1-PB2,1601,0,0,0,854,854,C
1-PB2,1602,0,0,854,0,854,G
1-PB2,1603,855,0,1,0,856,A
1-PB2,1604,0,848,0,1,849,T
1-PB2,1605,0,0,849,0,849,G
1-PB2,1606,849,0,1,0,850,A
1-PB2,1607,0,844,0,3,847,T
1-PB2,1608,0,0,843,0,843,G
1-PB2,1609,0,811,0,0,811,T
1-PB2,1610,0,0,804,0,804,G
1-PB2,1611,0,0,804,0,804,G
1-PB2,1612,0,1,803,0,804,G
1-PB2,1613,786,0,0,0,786,A
1-PB2,1614,0,2,781,0,783,G
1-PB2,1615,730,0,1,0,731,A
1-PB2,1616,1,718,0,0,719,T
1-PB2,1617,0,698,0,0,698,T
1-PB2,1618,697,0,0,0,697,A
1-PB2,1619,694,0,0,0,694,A
1-PB2,1620,1,0,0,685,686,C
1-PB2,1621,0,0,656,0,656,G
1-PB2,1622,0,0,653,0,653,G
1-PB2,1623,0,583,0,0,583,T
1-PB2,1624,0,0,0,568,568,C
1-PB2,1625,0,0,0,575,575,C
1-PB2,1626,0,522,0,0,522,T
1-PB2,1627,0,0,520,0,520,G
1-PB2,1628,516,0,1,0,517,A
1-PB2,1629,0,0,519,0,519,G
1-PB2,1630,0,519,0,0,519,T
1-PB2,1631,1,1,0,494,496,C
1-PB2,1632,1,0,493,0,494,G
1-PB2,1633,0,5,497,0,502,G
1-PB2,1634,0,502,0,1,503,T
1-PB2,1635,0,501,0,0,501,T
1-PB2,1636,0,503,0,0,503,T
1-PB2,1637,0,504,0,0,504,T
1-PB2,1638,0,1,515,0,516,G
1-PB2,1639,1,0,514,0,515,G
1-PB2,1640,0,519,0,1,520,T
1-PB2,1641,1,0,0,518,519,C
1-PB2,1642,512,0,0,0,512,A
1-PB2,1643,530,0,0,0,530,A
1-PB2,1644,0,528,0,0,528,T
1-PB2,1645,530,0,0,0,530,A
1-PB2,1646,0,0,0,542,542,C
1-PB2,1647,2,0,0,519,521,C
1-PB2,1648,0,522,0,0,522,T
1-PB2,1649,527,0,1,0,528,A
1-PB2,1650,0,529,0,0,529,T
1-PB2,1651,1,1,0,530,532,C
1-PB2,1652,521,0,0,1,522,A
1-PB2,1653,520,0,0,0,520,A
1-PB2,1654,0,521,0,0,521,T
1-PB2,1655,0,1,508,0,509,G
1-PB2,1656,0,2,511,0,513,G
1-PB2,1657,509,0,0,0,509,A
1-PB2,1658,0,502,0,0,502,T
1-PB2,1659,1,0,0,503,504,C
1-PB2,1660,510,0,0,0,510,A
1-PB2,1661,0,510,0,1,511,T
1-PB2,1662,0,0,0,510,510,C
1-PB2,1663,510,0,0,0,510,A
1-PB2,1664,1,0,515,0,516,G
1-PB2,1665,515,0,0,0,515,A
1-PB2,1666,512,0,1,0,513,A
1-PB2,1667,515,0,0,0,515,A
1-PB2,1668,0,513,0,0,513,T
1-PB2,1669,0,509,0,0,509,T
1-PB2,1670,0,0,507,0,507,G
1-PB2,1671,0,0,500,0,500,G
1-PB2,1672,0,0,508,0,508,G
1-PB2,1673,507,0,0,0,507,A
1-PB2,1674,504,0,1,0,505,A
1-PB2,1675,0,0,505,0,505,G
1-PB2,1676,0,0,0,505,505,C
1-PB2,1677,0,500,0,0,500,T
1-PB2,1678,0,0,509,0,509,G
1-PB2,1679,0,507,0,0,507,T
1-PB2,1680,1,0,0,505,506,C
1-PB2,1681,510,0,0,0,510,A
1-PB2,1682,511,0,0,0,511,A
1-PB2,1683,507,0,0,0,507,A
1-PB2,1684,515,0,0,0,515,A
1-PB2,1685,0,513,0,0,513,T
1-PB2,1686,0,511,0,0,511,T
1-PB2,1687,3,0,0,507,510,C
1-PB2,1688,511,0,0,0,511,A
1-PB2,1689,510,0,0,0,510,A
1-PB2,1690,0,509,0,0,509,T
1-PB2,1691,0,1,506,0,507,G
1-PB2,1692,0,0,514,0,514,G
1-PB2,1693,0,520,0,0,520,T
1-PB2,1694,2,0,0,520,522,C
1-PB2,1695,0,523,0,0,523,T
1-PB2,1696,0,0,0,524,524,C
1-PB2,1697,525,1,0,0,526,A
1-PB2,1698,0,0,534,0,534,G
1-PB2,1699,531,0,0,0,531,A
1-PB2,1700,533,0,0,0,533,A
1-PB2,1701,0,518,0,0,518,T
1-PB2,1702,2,0,0,502,504,C
1-PB2,1703,0,0,0,504,504,C
1-PB2,1704,0,502,0,1,503,T
1-PB2,1705,1,0,503,0,504,G
1-PB2,1706,0,0,0,501,501,C
1-PB2,1707,502,0,0,0,502,A
1-PB2,1708,510,0,0,0,510,A
1-PB2,1709,0,503,0,1,504,T
1-PB2,1710,0,0,517,0,517,G
1-PB2,1711,0,517,0,0,517,T
1-PB2,1712,0,500,0,0,500,T
1-PB2,1713,0,0,503,0,503,G
1-PB2,1714,0,501,0,0,501,T
1-PB2,1715,500,0,2,0,502,A
1-PB2,1716,0,0,1,504,505,C
1-PB2,1717,501,0,0,0,501,A
1-PB2,1718,501,1,0,0,502,A
1-PB2,1719,0,0,0,496,496,C
1-PB2,1720,485,0,0,0,485,A
1-PB2,1721,484,0,0,0,484,A
1-PB2,1722,471,0,0,1,472,A
1-PB2,1723,473,0,1,0,474,A
1-PB2,1724,0,471,0,2,473,T
1-PB2,1725,1,0,470,0,471,G
1-PB2,1726,0,0,470,0,470,G
1-PB2,1727,468,0,0,0,468,A
1-PB2,1728,473,0,0,0,473,A
1-PB2,1729,0,471,0,0,471,T
1-PB2,1730,0,471,0,0,471,T
1-PB2,1731,0,473,0,0,473,T
1-PB2,1732,0,2,470,0,472,G
1-PB2,1733,473,1,0,0,474,A
1-PB2,1734,474,0,0,0,474,A
1-PB2,1735,0,0,0,472,472,C
1-PB2,1736,2,1,0,461,464,C
1-PB2,1737,471,0,0,0,471,A
1-PB2,1738,0,476,0,2,478,T
1-PB2,1739,0,479,0,0,479,T
1-PB2,1740,0,477,1,0,478,T
1-PB2,1741,1,0,0,478,479,C
1-PB2,1742,481,0,0,0,481,A
1-PB2,1743,480,0,0,0,480,A
1-PB2,1744,0,480,0,0,480,T
1-PB2,1745,2,0,0,486,488,C
1-PB2,1746,0,477,0,1,478,T
1-PB2,1747,0,476,0,1,477,T
1-PB2,1748,0,481,0,0,481,T
1-PB2,1749,481,0,0,0,481,A
1-PB2,1750,0,0,476,0,476,G
1-PB2,1751,0,479,0,0,479,T
1-PB2,1752,0,0,0,488,488,C
1-PB2,1753,1,0,0,489,490,C
1-PB2,1754,1,0,0,483,484,C
1-PB2,1755,0,0,0,486,486,C
1-PB2,1756,485,0,0,0,485,A
1-PB2,1757,481,0,0,0,481,A
1-PB2,1758,0,0,491,0,491,G
1-PB2,1759,0,0,488,0,488,G
1-PB2,1760,0,0,0,487,487,C
1-PB2,1761,0,0,0,484,484,C
1-PB2,1762,484,0,0,0,484,A
1-PB2,1763,0,491,0,0,491,T
1-PB2,1764,0,492,0,0,492,T
1-PB2,1765,492,0,0,0,492,A
1-PB2,1766,0,0,493,0,493,G
1-PB2,1767,480,0,1,0,481,A
1-PB2,1768,498,0,0,0,498,A
1-PB2,1769,0,0,500,0,500,G
1-PB2,1770,0,0,0,506,506,C
1-PB2,1771,2,0,0,503,505,C
1-PB2,1772,501,0,0,0,501,A
1-PB2,1773,504,0,0,0,504,A
1-PB2,1774,0,507,0,0,507,T
1-PB2,1775,509,0,1,0,510,A
1-PB2,1776,0,0,0,513,513,C
1-PB2,1777,476,0,0,0,476,A
1-PB2,1778,0,0,476,0,476,G
1-PB2,1779,0,464,0,0,464,T
1-PB2,1780,0,1,462,0,463,G
1-PB2,1781,0,0,463,0,463,G
1-PB2,1782,0,0,462,0,462,G
1-PB2,1783,0,457,0,0,457,T
1-PB2,1784,0,457,0,0,457,T
1-PB2,1785,0,462,0,0,462,T
1-PB2,1786,0,0,467,0,467,G
1-PB2,1787,2,463,0,1,466,T
1-PB2,1788,2,0,0,464,466,C
1-PB2,1789,458,0,1,0,459,A
1-PB2,1790,0,0,461,0,461,G
1-PB2,1791,458,0,0,0,458,A
1-PB2,1792,458,0,0,0,458,A
1-PB2,1793,0,0,0,458,458,C
1-PB2,1794,0,438,0,0,438,T
1-PB2,1795,0,0,0,446,446,C
1-PB2,1796,0,445,0,1,446,T
1-PB2,1797,448,0,0,0,448,A
1-PB2,1798,1,447,0,0,448,T
1-PB2,1799,0,445,0,0,445,T
1-PB2,1800,0,0,0,442,442,C
1-PB2,1801,0,1,0,435,436,C
1-PB2,1802,434,0,0,0,434,A
1-PB2,1803,437,0,1,0,438,A
1-PB2,1804,0,0,0,438,438,C
1-PB2,1805,432,0,0,0,432,A
1-PB2,1806,433,0,2,0,435,A
1-PB2,1807,433,0,0,0,433,A
1-PB2,1808,0,436,0,0,436,T
1-PB2,1809,0,1,435,0,436,G
1-PB2,1810,430,0,0,0,430,A
1-PB2,1811,0,0,433,0,433,G
1-PB2,1812,428,0,4,0,432,A
1-PB2,1813,0,0,434,0,434,G
1-PB2,1814,426,0,2,0,428,A
1-PB2,1815,0,0,0,426,426,C
1-PB2,1816,0,0,429,0,429,G
1-PB2,1817,0,433,0,0,433,T
1-PB2,1818,436,0,0,0,436,A
1-PB2,1819,1,0,0,433,434,C
1-PB2,1820,0,428,0,0,428,T
1-PB2,1821,0,430,0,0,430,T
1-PB2,1822,0,0,428,0,428,G
1-PB2,1823,0,1,426,0,427,G
1-PB2,1824,0,2,427,0,429,G
1-PB2,1825,421,0,2,0,423,A
1-PB2,1826,0,0,0,429,429,C
1-PB2,1827,433,0,0,0,433,A
1-PB2,1828,0,436,0,0,436,T
1-PB2,1829,0,434,0,0,434,T
1-PB2,1830,0,435,0,0,435,T
1-PB2,1831,1,0,437,0,438,G
1-PB2,1832,434,0,1,0,435,A
1-PB2,1833,0,0,0,435,435,C
1-PB2,1834,435,0,0,0,435,A
1-PB2,1835,0,0,0,440,440,C
1-PB2,1836,0,0,0,436,436,C
1-PB2,1837,444,0,0,0,444,A
1-PB2,1838,0,0,0,446,446,C
1-PB2,1839,0,0,0,448,448,C
1-PB2,1840,0,1,0,447,448,C
1-PB2,1841,445,1,0,0,446,A
1-PB2,1842,1,1,453,0,455,G
1-PB2,1843,456,0,0,0,456,A
1-PB2,1844,0,480,0,0,480,T
1-PB2,1845,472,0,1,0,473,A
1-PB2,1846,470,0,0,0,470,A
1-PB2,1847,0,466,0,0,466,T
1-PB2,1848,466,0,0,0,466,A
1-PB2,1849,464,0,0,0,464,A
1-PB2,1850,465,1,0,0,466,A
1-PB2,1851,0,0,468,0,468,G
1-PB2,1852,0,0,0,464,464,C
1-PB2,1853,0,448,0,4,452,T
1-PB2,1854,1,455,0,0,456,T
1-PB2,1855,0,0,0,456,456,C
1-PB2,1856,0,456,0,0,456,T
1-PB2,1857,0,0,0,464,464,C
1-PB2,1858,1,0,0,461,462,C
1-PB2,1859,0,2,0,463,465,C
1-PB2,1860,0,467,0,1,468,T
1-PB2,1861,0,466,0,0,466,T
1-PB2,1862,0,465,0,2,467,T
1-PB2,1863,0,464,0,1,465,T
1-PB2,1864,0,0,469,0,469,G
1-PB2,1865,0,0,0,471,471,C
1-PB2,1866,465,0,0,0,465,A
1-PB2,1867,0,1,464,0,465,G
1-PB2,1868,0,0,0,462,462,C
1-PB2,1869,0,458,0,1,459,T
1-PB2,1870,0,0,458,0,458,G
1-PB2,1871,0,0,0,461,461,C
1-PB2,1872,1,459,0,0,460,T
1-PB2,1873,0,0,0,468,468,C
1-PB2,1874,0,2,0,468,470,C
1-PB2,1875,468,0,0,0,468,A
1-PB2,1876,0,0,0,468,468,C
1-PB2,1877,0,0,0,467,467,C
1-PB2,1878,465,0,0,0,465,A
1-PB2,1879,462,0,1,0,463,A
1-PB2,1880,458,0,1,0,459,A
1-PB2,1881,0,1,463,0,464,G
1-PB2,1882,0,0,0,465,465,C
1-PB2,1883,462,0,0,0,462,A
1-PB2,1884,463,0,0,0,463,A
1-PB2,1885,461,0,1,0,462,A
1-PB2,1886,0,0,466,0,466,G
1-PB2,1887,0,0,0,468,468,C
1-PB2,1888,466,0,0,0,466,A
1-PB2,1889,0,0,466,0,466,G
1-PB2,1890,458,0,3,0,461,A
1-PB2,1891,472,0,0,0,472,A
1-PB2,1892,0,473,0,0,473,T
1-PB2,1893,0,0,471,0,471,G
1-PB2,1894,0,0,0,471,471,C
1-PB2,1895,462,0,0,0,462,A
1-PB2,1896,0,0,465,0,465,G
1-PB2,1897,0,466,0,0,466,T
1-PB2,1898,0,477,0,0,477,T
1-PB2,1899,2,0,0,476,478,C
1-PB2,1900,0,471,0,0,471,T
1-PB2,1901,0,0,0,477,477,C
1-PB2,1902,0,475,0,1,476,T
1-PB2,1903,0,474,0,2,476,T
1-PB2,1904,0,0,0,477,477,C
1-PB2,1905,468,1,0,0,469,A
1-PB2,1906,0,1,0,469,470,C
1-PB2,1907,0,453,0,0,453,T
1-PB2,1908,0,1,457,0,458,G
1-PB2,1909,459,0,0,0,459,A
1-PB2,1910,0,0,0,481,481,C
1-PB2,1911,0,475,0,0,475,T
1-PB2,1912,0,0,473,0,473,G
1-PB2,1913,0,471,0,0,471,T
1-PB2,1914,0,467,0,0,467,T
1-PB2,1915,478,0,0,0,478,A
1-PB2,1916,493,0,0,0,493,A
1-PB2,1917,0,494,0,0,494,T
1-PB2,1918,0,0,495,0,495,G
1-PB2,1919,0,471,0,0,471,T
1-PB2,1920,457,0,0,0,457,A
1-PB2,1921,460,0,1,0,461,A
1-PB2,1922,1,0,461,0,462,G
1-PB2,1923,0,1,460,0,461,G
1-PB2,1924,0,0,462,0,462,G
1-PB2,1925,0,0,463,0,463,G
1-PB2,1926,460,0,0,0,460,A
1-PB2,1927,0,461,0,0,461,T
1-PB2,1928,1,0,0,457,458,C
1-PB2,1929,460,0,0,0,460,A
1-PB2,1930,0,1,466,0,467,G
1-PB2,1931,0,0,467,0,467,G
1-PB2,1932,0,1,467,0,468,G
1-PB2,1933,466,0,0,0,466,A
1-PB2,1934,0,455,0,0,455,T
1-PB2,1935,0,1,455,0,456,G
1-PB2,1936,454,0,1,0,455,A
1-PB2,1937,0,2,469,0,471,G
1-PB2,1938,462,0,2,0,464,A
1-PB2,1939,462,0,0,0,462,A
1-PB2,1940,0,471,0,0,471,T
1-PB2,1941,470,0,0,0,470,A
1-PB2,1942,0,0,0,475,475,C
1-PB2,1943,0,473,0,0,473,T
1-PB2,1944,0,470,0,1,471,T
1-PB2,1945,0,0,474,0,474,G
1-PB2,1946,0,458,0,0,458,T
1-PB2,1947,458,0,0,0,458,A
1-PB2,1948,456,0,0,0,456,A
1-PB2,1949,1,1,448,0,450,G
1-PB2,1950,0,1,446,0,447,G
1-PB2,1951,0,0,437,0,437,G
1-PB2,1952,0,0,441,0,441,G
1-PB2,1953,1,0,1,441,443,C
1-PB2,1954,438,1,0,0,439,A
1-PB2,1955,449,0,0,0,449,A
1-PB2,1956,0,450,0,0,450,T
1-PB2,1957,0,449,0,0,449,T
1-PB2,1958,0,0,0,454,454,C
1-PB2,1959,0,448,0,0,448,T
1-PB2,1960,1,0,0,450,451,C
1-PB2,1961,0,0,0,456,456,C
1-PB2,1962,0,449,0,3,452,T
1-PB2,1963,0,0,463,0,463,G
1-PB2,1964,0,452,0,0,452,T
1-PB2,1965,454,0,0,0,454,A
1-PB2,1966,0,455,0,0,455,T
1-PB2,1967,0,447,0,0,447,T
1-PB2,1968,2,0,0,447,449,C
1-PB2,1969,448,0,0,0,448,A
1-PB2,1970,450,0,0,0,450,A
1-PB2,1971,0,0,0,450,450,C
1-PB2,1972,0,446,0,0,446,T
1-PB2,1973,444,0,1,1,446,A
1-PB2,1974,0,0,0,450,450,C
1-PB2,1975,449,0,1,0,450,A
1-PB2,1976,450,0,0,0,450,A
1-PB2,1977,0,0,0,448,448,C
1-PB2,1978,444,1,0,0,445,A
1-PB2,1979,441,0,0,0,441,A
1-PB2,1980,0,0,438,0,438,G
1-PB2,1981,443,0,0,0,443,A
1-PB2,1982,0,0,0,443,443,C
1-PB2,1983,0,0,0,436,436,C
1-PB2,1984,436,0,0,0,436,A
1-PB2,1985,0,0,0,450,450,C
1-PB2,1986,0,451,0,0,451,T
1-PB2,1987,453,0,0,0,453,A
1-PB2,1988,450,0,0,0,450,A
1-PB2,1989,452,0,0,0,452,A
1-PB2,1990,453,0,0,0,453,A
1-PB2,1991,0,0,459,0,459,G
1-PB2,1992,456,0,1,0,457,A
1-PB2,1993,0,0,0,455,455,C
1-PB2,1994,0,448,0,0,448,T
1-PB2,1995,451,0,1,0,452,A
1-PB2,1996,454,0,0,0,454,A
1-PB2,1997,0,0,0,453,453,C
1-PB2,1998,452,0,0,0,452,A
1-PB2,1999,451,0,0,0,451,A
1-PB2,2000,0,439,0,0,439,T
1-PB2,2001,0,441,0,0,441,T
1-PB2,2002,2,0,0,443,445,C
1-PB2,2003,0,442,0,1,443,T
1-PB2,2004,0,0,0,445,445,C
1-PB2,2005,0,0,445,0,445,G
1-PB2,2006,0,0,447,0,447,G
1-PB2,2007,446,0,0,0,446,A
1-PB2,2008,446,0,0,0,446,A
1-PB2,2009,443,0,0,0,443,A
1-PB2,2010,444,0,1,0,445,A
1-PB2,2011,0,0,444,0,444,G
1-PB2,2012,445,0,0,0,445,A
1-PB2,2013,0,445,0,0,445,T
1-PB2,2014,0,1,443,0,444,G
1-PB2,2015,1,0,0,441,442,C
1-PB2,2016,0,0,0,441,441,C
1-PB2,2017,0,0,441,0,441,G
1-PB2,2018,0,0,438,0,438,G
1-PB2,2019,0,0,0,441,441,C
1-PB2,2020,441,0,0,0,441,A
1-PB2,2021,0,0,0,447,447,C
1-PB2,2022,0,445,0,0,445,T
1-PB2,2023,0,442,1,1,444,T
1-PB2,2024,0,444,0,0,444,T
1-PB2,2025,446,0,0,0,446,A
1-PB2,2026,449,0,0,0,449,A
1-PB2,2027,0,449,0,0,449,T
1-PB2,2028,0,446,0,0,446,T
1-PB2,2029,0,0,446,0,446,G
1-PB2,2030,436,0,1,0,437,A
1-PB2,2031,434,0,0,0,434,A
1-PB2,2032,0,1,436,0,437,G
1-PB2,2033,439,0,1,0,440,A
1-PB2,2034,0,0,0,441,441,C
1-PB2,2035,1,0,0,438,439,C
1-PB2,2036,0,0,0,439,439,C
1-PB2,2037,437,0,0,0,437,A
1-PB2,2038,0,1,446,0,447,G
1-PB2,2039,447,0,0,0,447,A
1-PB2,2040,0,447,0,0,447,T
1-PB2,2041,0,1,445,0,446,G
1-PB2,2042,436,0,0,0,436,A
1-PB2,2043,440,0,0,0,440,A
1-PB2,2044,440,0,1,0,441,A
1-PB2,2045,0,0,441,0,441,G
1-PB2,2046,1,0,0,440,441,C
1-PB2,2047,432,0,0,0,432,A
1-PB2,2048,0,1,0,437,438,C
1-PB2,2049,439,0,0,0,439,A
1-PB2,2050,0,437,0,0,437,T
1-PB2,2051,0,0,0,442,442,C
1-PB2,2052,0,1,0,442,443,C
1-PB2,2053,0,0,450,0,450,G
1-PB2,2054,1,0,449,0,450,G
1-PB2,2055,448,0,1,0,449,A
1-PB2,2056,0,1,450,0,451,G
1-PB2,2057,0,444,0,0,444,T
1-PB2,2058,1,1,442,0,444,G
1-PB2,2059,0,0,443,0,443,G
1-PB2,2060,433,0,0,0,433,A
1-PB2,2061,0,0,434,0,434,G
1-PB2,2062,1,426,0,0,427,T
1-PB2,2063,1,0,0,423,424,C
1-PB2,2064,0,0,0,423,423,C
1-PB2,2065,1,0,421,0,422,G
1-PB2,2066,1,0,0,424,425,C
1-PB2,2067,0,0,0,421,421,C
1-PB2,2068,1,0,428,0,429,G
1-PB2,2069,0,429,0,1,430,T
1-PB2,2070,0,0,0,430,430,C
1-PB2,2071,0,432,0,0,432,T
1-PB2,2072,0,430,0,0,430,T
1-PB2,2073,0,0,433,0,433,G
1-PB2,2074,432,0,0,0,432,A
1-PB2,2075,0,0,433,0,433,G
1-PB2,2076,432,0,0,0,432,A
1-PB2,2077,0,0,424,0,424,G
1-PB2,2078,0,0,421,1,422,G
1-PB2,2079,0,0,425,0,425,G
1-PB2,2080,0,421,0,0,421,T
1-PB2,2081,0,422,0,0,422,T
1-PB2,2082,0,428,0,1,429,T
1-PB2,2083,3,0,0,428,431,C
1-PB2,2084,0,431,0,0,431,T
1-PB2,2085,0,0,0,442,442,C
1-PB2,2086,440,0,0,0,440,A
1-PB2,2087,0,437,0,0,437,T
1-PB2,2088,0,434,0,0,434,T
1-PB2,2089,433,0,0,0,433,A
1-PB2,2090,0,436,0,0,436,T
1-PB2,2091,418,0,1,0,419,A
1-PB2,2092,0,0,424,0,424,G
1-PB2,2093,0,0,428,0,428,G
1-PB2,2094,0,408,0,0,408,T
1-PB2,2095,407,0,0,0,407,A
1-PB2,2096,403,0,0,0,403,A
1-PB2,2097,0,0,404,0,404,G
1-PB2,2098,0,0,406,0,406,G
1-PB2,2099,406,0,0,0,406,A
1-PB2,2100,401,0,0,0,401,A
1-PB2,2101,0,1,399,0,400,G
1-PB2,2102,395,0,0,0,395,A
1-PB2,2103,0,0,0,398,398,C
1-PB2,2104,396,0,1,0,397,A
1-PB2,2105,0,0,396,0,396,G
1-PB2,2106,388,0,1,0,389,A
1-PB2,2107,385,0,1,0,386,A
1-PB2,2108,0,2,382,0,384,G
1-PB2,2109,0,1,375,0,376,G
1-PB2,2110,0,384,0,0,384,T
1-PB2,2111,384,0,0,0,384,A
1-PB2,2112,0,0,0,383,383,C
1-PB2,2113,0,1,379,0,380,G
1-PB2,2114,0,0,383,0,383,G
1-PB2,2115,383,0,0,0,383,A
1-PB2,2116,0,0,0,377,377,C
1-PB2,2117,0,0,0,375,375,C
1-PB2,2118,366,0,0,0,366,A
1-PB2,2119,0,0,375,0,375,G
1-PB2,2120,0,0,0,375,375,C
1-PB2,2121,375,0,0,0,375,A
1-PB2,2122,0,376,0,0,376,T
1-PB2,2123,0,356,0,0,356,T
1-PB2,2124,355,0,0,0,355,A
1-PB2,2125,354,0,0,0,354,A
1-PB2,2126,0,0,352,0,352,G
1-PB2,2127,0,0,0,352,352,C
1-PB2,2128,328,0,0,0,328,A
1-PB2,2129,0,333,0,0,333,T
1-PB2,2130,0,0,0,333,333,C
1-PB2,2131,334,0,0,0,334,A
1-PB2,2132,333,0,0,0,333,A
1-PB2,2133,0,335,0,0,335,T
1-PB2,2134,0,0,338,0,338,G
1-PB2,2135,337,0,0,0,337,A
1-PB2,2136,337,0,0,0,337,A
1-PB2,2137,0,0,0,338,338,C
1-PB2,2138,0,315,0,0,315,T
1-PB2,2139,0,0,318,0,318,G
1-PB2,2140,318,0,0,0,318,A
1-PB2,2141,0,1,318,0,319,G
1-PB2,2142,0,317,0,1,318,T
1-PB2,2143,316,0,0,0,316,A
1-PB2,2144,317,0,0,0,317,A
1-PB2,2145,0,0,0,320,320,C
1-PB2,2146,0,0,0,314,314,C
1-PB2,2147,0,307,0,0,307,T
1-PB2,2148,1,290,0,1,292,T
1-PB2,2149,0,0,292,0,292,G
1-PB2,2150,0,0,0,290,290,C
1-PB2,2151,291,0,0,0,291,A
1-PB2,2152,292,0,0,0,292,A
1-PB2,2153,285,0,0,0,285,A
1-PB2,2154,282,0,0,0,282,A
1-PB2,2155,0,1,280,0,281,G
1-PB2,2156,0,1,282,0,283,G
1-PB2,2157,0,0,281,0,281,G
1-PB2,2158,0,1,281,0,282,G
1-PB2,2159,281,1,0,0,282,A
1-PB2,2160,281,0,0,0,281,A
1-PB2,2161,281,0,0,0,281,A
1-PB2,2162,283,0,0,0,283,A
1-PB2,2163,0,1,282,0,283,G
1-PB2,2164,0,0,284,0,284,G
1-PB2,2165,0,0,0,283,283,C
1-PB2,2166,0,282,0,0,282,T
1-PB2,2167,282,0,0,0,282,A
1-PB2,2168,281,0,0,0,281,A
1-PB2,2169,0,283,0,0,283,T
1-PB2,2170,0,0,286,0,286,G
1-PB2,2171,0,276,0,0,276,T
1-PB2,2172,0,0,271,0,271,G
1-PB2,2173,0,0,0,272,272,C
1-PB2,2174,0,265,0,0,265,T
1-PB2,2175,266,0,1,0,267,A
1-PB2,2176,265,0,1,0,266,A
1-PB2,2177,0,266,0,0,266,T
1-PB2,2178,2,0,0,263,265,C
1-PB2,2179,0,0,258,0,258,G
1-PB2,2180,0,1,259,0,260,G
1-PB2,2181,0,0,260,0,260,G
1-PB2,2182,0,0,0,255,255,C
1-PB2,2183,258,0,0,0,258,A
1-PB2,2184,255,1,0,0,256,A
1-PB2,2185,1,1,252,0,254,G
1-PB2,2186,0,0,255,0,255,G
1-PB2,2187,254,0,0,0,254,A
1-PB2,2188,0,0,252,0,252,G
1-PB2,2189,239,0,0,0,239,A
1-PB2,2190,0,0,0,239,239,C
1-PB2,2191,0,0,237,0,237,G
1-PB2,2192,0,233,0,0,233,T
1-PB2,2193,0,0,232,0,232,G
1-PB2,2194,0,1,236,0,237,G
1-PB2,2195,0,230,0,0,230,T
1-PB2,2196,0,0,231,0,231,G
1-PB2,2197,0,229,0,0,229,T
1-PB2,2198,0,227,0,0,227,T
1-PB2,2199,0,0,227,0,227,G
1-PB2,2200,0,0,228,0,228,G
1-PB2,2201,0,228,0,0,228,T
1-PB2,2202,224,0,0,0,224,A
1-PB2,2203,216,0,0,0,216,A
1-PB2,2204,0,212,0,0,212,T
1-PB2,2205,0,0,211,0,211,G
1-PB2,2206,211,0,0,0,211,A
1-PB2,2207,210,0,1,0,211,A
1-PB2,2208,213,0,0,0,213,A
1-PB2,2209,0,0,0,209,209,C
1-PB2,2210,0,0,210,0,210,G
1-PB2,2211,209,0,0,0,209,A
1-PB2,2212,210,0,0,0,210,A
1-PB2,2213,210,0,0,0,210,A
1-PB2,2214,208,0,0,0,208,A
1-PB2,2215,0,0,0,207,207,C
1-PB2,2216,0,0,206,0,206,G
1-PB2,2217,0,0,207,0,207,G
1-PB2,2218,0,1,207,0,208,G
1-PB2,2219,208,0,0,0,208,A
1-PB2,2220,0,0,0,210,210,C
1-PB2,2221,0,208,0,1,209,T
1-PB2,2222,1,0,0,211,212,C
1-PB2,2223,0,211,0,0,211,T
1-PB2,2224,210,0,0,0,210,A
1-PB2,2225,0,0,211,0,211,G
1-PB2,2226,0,0,0,210,210,C
1-PB2,2227,209,0,0,0,209,A
1-PB2,2228,1,208,0,1,210,T
1-PB2,2229,203,0,0,0,203,A
1-PB2,2230,0,1,0,204,205,C
1-PB2,2231,0,178,0,0,178,T
1-PB2,2232,0,176,0,0,176,T
1-PB2,2233,171,0,0,0,171,A
1-PB2,2234,0,0,0,171,171,C
1-PB2,2235,0,170,0,0,170,T
1-PB2,2236,0,0,169,1,170,G
1-PB2,2237,163,0,0,0,163,A
1-PB2,2238,0,0,0,162,162,C
1-PB2,2239,155,0,0,0,155,A
1-PB2,2240,0,0,154,0,154,G
1-PB2,2241,0,0,0,154,154,C
1-PB2,2242,0,0,0,155,155,C
1-PB2,2243,154,0,0,0,154,A
1-PB2,2244,0,0,154,0,154,G
1-PB2,2245,154,0,0,0,154,A
1-PB2,2246,0,0,0,154,154,C
1-PB2,2247,142,0,0,0,142,A
1-PB2,2248,0,0,142,0,142,G
1-PB2,2249,0,0,0,132,132,C
1-PB2,2250,0,1,130,0,131,G
1-PB2,2251,131,0,0,0,131,A
1-PB2,2252,0,0,0,131,131,C
1-PB2,2253,1,0,0,130,131,C
1-PB2,2254,131,0,0,0,131,A
1-PB2,2255,130,0,0,0,130,A
1-PB2,2256,126,0,0,0,126,A
1-PB2,2257,130,0,0,0,130,A
1-PB2,2258,0,0,130,0,130,G
1-PB2,2259,121,0,0,0,121,A
1-PB2,2260,121,0,0,0,121,A
1-PB2,2261,0,121,0,0,121,T
1-PB2,2262,0,121,0,0,121,T
1-PB2,2263,0,0,0,120,120,C
1-PB2,2264,0,0,116,0,116,G
1-PB2,2265,0,0,116,0,116,G
1-PB2,2266,116,0,0,0,116,A
1-PB2,2267,0,107,0,1,108,T
1-PB2,2268,1,0,106,0,107,G
1-PB2,2269,1,0,103,0,104,G
1-PB2,2270,0,0,0,104,104,C
1-PB2,2271,1,0,0,103,104,C
1-PB2,2272,105,0,0,0,105,A
1-PB2,2273,0,105,0,0,105,T
1-PB2,2274,2,0,0,101,103,C
1-PB2,2275,104,0,0,0,104,A
1-PB2,2276,103,0,0,0,103,A
1-PB2,2277,0,104,0,0,104,T
1-PB2,2278,0,98,0,0,98,T
1-PB2,2279,96,0,0,0,96,A
1-PB2,2280,95,0,0,0,95,A
2-PB1,1,166,0,0,0,166,A
2-PB1,2,0,165,0,0,165,T
2-PB1,3,0,0,168,0,168,G
2-PB1,4,0,0,179,0,179,G
2-PB1,5,199,0,0,0,199,A
2-PB1,6,0,212,0,0,212,T
2-PB1,7,0,0,212,0,212,G
2-PB1,8,0,212,0,0,212,T
2-PB1,9,0,0,0,229,229,C
2-PB1,10,230,0,0,0,230,A
2-PB1,11,241,0,0,0,241,A
2-PB1,12,0,240,0,0,240,T
2-PB1,13,0,0,0,246,246,C
2-PB1,14,0,0,0,259,259,C
2-PB1,15,0,2,260,0,262,G
2-PB1,16,295,0,0,0,295,A
2-PB1,17,0,0,0,294,294,C
2-PB1,18,0,294,0,0,294,T
2-PB1,19,0,0,0,337,337,C
2-PB1,20,0,337,0,1,338,T
2-PB1,21,341,0,0,0,341,A
2-PB1,22,0,0,0,341,341,C
2-PB1,23,0,341,0,0,341,T
2-PB1,24,0,0,378,0,378,G
2-PB1,25,0,380,0,1,381,T
2-PB1,26,0,382,0,0,382,T
2-PB1,27,0,0,0,381,381,C
2-PB1,28,1,0,0,379,380,C
2-PB1,29,0,444,0,0,444,T
2-PB1,30,447,0,0,0,447,A
2-PB1,31,447,0,1,0,448,A
2-PB1,32,450,0,1,0,451,A
2-PB1,33,0,1,451,0,452,G
2-PB1,34,0,0,456,0,456,G
2-PB1,35,0,458,0,0,458,T
2-PB1,36,0,457,0,0,457,T
2-PB1,37,0,0,0,456,456,C
2-PB1,38,0,0,0,455,455,C
2-PB1,39,456,1,0,0,457,A
2-PB1,40,0,0,460,0,460,G
2-PB1,41,0,0,0,461,461,C
2-PB1,42,0,0,462,0,462,G
2-PB1,43,0,0,0,461,461,C
2-PB1,44,461,1,0,0,462,A
2-PB1,45,463,0,0,0,463,A
2-PB1,46,461,0,0,0,461,A
2-PB1,47,469,0,0,0,469,A
2-PB1,48,0,468,0,1,469,T
2-PB1,49,0,0,496,0,496,G
2-PB1,50,0,0,0,497,497,C
2-PB1,51,0,0,0,505,505,C
2-PB1,52,502,0,1,0,503,A
2-PB1,53,0,505,0,0,505,T
2-PB1,54,534,0,1,0,535,A
2-PB1,55,537,0,0,0,537,A
2-PB1,56,0,0,561,0,561,G
2-PB1,57,3,0,0,558,561,C
2-PB1,58,558,0,1,1,560,A
2-PB1,59,0,2,0,587,589,C
2-PB1,60,585,0,1,0,586,A
2-PB1,61,619,0,0,0,619,A
2-PB1,62,0,0,0,621,621,C
2-PB1,63,625,0,0,0,625,A
2-PB1,64,0,631,0,0,631,T
2-PB1,65,1,624,0,0,625,T
2-PB1,66,0,0,0,787,787,C
2-PB1,67,1,0,0,782,783,C
2-PB1,68,1,0,0,787,788,C
2-PB1,69,0,796,0,0,796,T
2-PB1,70,0,796,0,0,796,T
2-PB1,71,867,0,0,0,867,A
2-PB1,72,0,873,0,0,873,T
2-PB1,73,876,0,0,0,876,A
2-PB1,74,0,0,0,886,886,C
2-PB1,75,1,868,0,0,869,T
2-PB1,76,0,0,872,0,872,G
2-PB1,77,0,1,874,0,875,G
2-PB1,78,869,0,0,0,869,A
2-PB1,79,0,0,868,0,868,G
2-PB1,80,865,0,0,0,865,A
2-PB1,81,1,868,0,0,869,T
2-PB1,82,3,1,0,923,927,C
2-PB1,83,1,1,0,930,932,C
2-PB1,84,0,941,0,1,942,T
2-PB1,85,0,0,0,997,997,C
2-PB1,86,0,0,0,1002,1002,C
2-PB1,87,1008,0,0,0,1008,A
2-PB1,88,0,1009,0,0,1009,T
2-PB1,89,1009,0,0,0,1009,A
2-PB1,90,2,0,0,1009,1011,C
2-PB1,91,1004,0,0,0,1004,A
2-PB1,92,0,0,1049,0,1049,G
2-PB1,93,0,0,0,1063,1063,C
2-PB1,94,1,0,0,1057,1058,C
2-PB1,95,1057,0,1,0,1058,A
2-PB1,96,0,1059,0,1,1060,T
2-PB1,97,0,5,1051,0,1056,G
2-PB1,98,0,4,1107,0,1111,G
2-PB1,99,1124,0,0,0,1124,A
2-PB1,100,1125,0,0,0,1125,A
2-PB1,101,0,2,0,1123,1125,C
2-PB1,102,1111,1,6,0,1118,A
2-PB1,103,0,0,1139,0,1139,G
2-PB1,104,0,8,1145,0,1153,G
2-PB1,105,1155,0,0,0,1155,A
2-PB1,106,1155,0,2,0,1157,A
2-PB1,107,0,0,0,1169,1169,C
2-PB1,108,1155,1,1,0,1157,A
2-PB1,109,0,3,1298,1,1302,G
2-PB1,110,0,3,1302,0,1305,G
2-PB1,111,1,0,1333,0,1334,G
2-PB1,112,0,1331,0,1,1332,T
2-PB1,113,1327,0,1,0,1328,A
2-PB1,114,0,0,0,1340,1340,C
2-PB1,115,1376,0,1,0,1377,A
2-PB1,116,0,0,0,1417,1417,C
2-PB1,117,1,0,0,1418,1419,C
2-PB1,118,1377,0,0,0,1377,A
2-PB1,119,0,1383,0,0,1383,T
2-PB1,120,1,2,1389,0,1392,G
2-PB1,121,1,2,1390,0,1393,G
2-PB1,122,1396,0,0,0,1396,A
2-PB1,123,0,0,0,1398,1398,C
2-PB1,124,1381,0,2,0,1383,A
2-PB1,125,1,2,0,1410,1413,C
2-PB1,126,1416,0,1,0,1417,A
2-PB1,127,1,1,1445,0,1447,G
2-PB1,128,1,1438,0,1,1440,T
2-PB1,129,3,0,0,1492,1495,C
2-PB1,130,1493,0,2,0,1495,A
2-PB1,131,1505,0,3,0,1508,A
2-PB1,132,0,1,0,1506,1507,C
2-PB1,133,1501,0,2,0,1503,A
2-PB1,134,0,4,1515,0,1519,G
2-PB1,135,1505,0,0,0,1505,A
2-PB1,136,1501,0,0,0,1501,A
2-PB1,137,0,0,0,1505,1505,C
2-PB1,138,1486,0,4,0,1490,A
2-PB1,139,0,1,0,1487,1488,C
2-PB1,140,1483,0,0,0,1483,A
2-PB1,141,0,1468,0,1,1469,T
2-PB1,142,2,1,0,1592,1595,C
2-PB1,143,1598,0,1,0,1599,A
2-PB1,144,1612,0,0,0,1612,A
2-PB1,145,0,1637,0,0,1637,T
2-PB1,146,1694,0,0,0,1694,A
2-PB1,147,0,1696,0,0,1696,T
2-PB1,148,1,1679,0,0,1680,T
2-PB1,149,2,0,0,1673,1675,C
2-PB1,150,1661,0,1,0,1662,A
2-PB1,151,0,0,1665,0,1665,G
2-PB1,152,1652,0,1,0,1653,A
2-PB1,153,1,1,1658,0,1660,G
2-PB1,154,1631,0,1,0,1632,A
2-PB1,155,1,1,1606,0,1608,G
2-PB1,156,0,2,1609,0,1611,G
2-PB1,157,0,3,1672,0,1675,G
2-PB1,158,0,3,1677,0,1680,G
2-PB1,159,0,2,1684,1,1687,G
2-PB1,160,1680,1,0,0,1681,A
2-PB1,161,1686,0,1,0,1687,A
2-PB1,162,1,0,1698,0,1699,G
2-PB1,163,0,1684,0,3,1687,T
2-PB1,164,2,3,1687,0,1692,G
2-PB1,165,0,1,1682,0,1683,G
2-PB1,166,1680,0,1,0,1681,A
2-PB1,167,1,0,0,1679,1680,C
2-PB1,168,1,3,1686,0,1690,G
2-PB1,169,1703,0,0,0,1703,A
2-PB1,170,0,0,0,1711,1711,C
2-PB1,171,1710,0,0,0,1710,A
2-PB1,172,1709,1,0,0,1710,A
2-PB1,173,1719,1,0,0,1720,A
2-PB1,174,0,1749,0,2,1751,T
2-PB1,175,1757,0,2,0,1759,A
2-PB1,176,1,1,0,1762,1764,C
2-PB1,177,1751,1,1,0,1753,A
2-PB1,178,1,5,1752,0,1758,G
2-PB1,179,1749,0,0,0,1749,A
2-PB1,180,1758,0,0,0,1758,A
2-PB1,181,1754,0,0,0,1754,A
2-PB1,182,0,0,0,1753,1753,C
2-PB1,183,0,1738,0,1,1739,T
2-PB1,184,0,6,1734,0,1740,G
2-PB1,185,0,1,1737,0,1738,G
2-PB1,186,1,2,1729,0,1732,G
2-PB1,187,3,3,1731,0,1737,G
2-PB1,188,0,1,0,1735,1736,C
2-PB1,189,1734,0,3,0,1737,A
2-PB1,190,1,0,0,1807,1808,C
2-PB1,191,0,0,0,1797,1797,C
2-PB1,192,1,1,0,1794,1796,C
2-PB1,193,3,1,0,1804,1808,C
2-PB1,194,1805,0,5,0,1810,A
2-PB1,195,1836,0,1,0,1837,A
2-PB1,196,4,0,0,1834,1838,C
2-PB1,197,1,1836,0,1,1838,T
2-PB1,198,2,0,0,1838,1840,C
2-PB1,199,1799,0,2,0,1801,A
2-PB1,200,1836,1,1,0,1838,A
2-PB1,201,1,0,0,1835,1836,C
2-PB1,202,1,1,0,1824,1826,C
2-PB1,203,4,0,0,1824,1828,C
2-PB1,204,1820,0,0,0,1820,A
2-PB1,205,1821,0,1,0,1822,A
2-PB1,206,0,1834,0,0,1834,T
2-PB1,207,0,1823,0,0,1823,T
2-PB1,208,0,5,1821,0,1826,G
2-PB1,209,1805,0,1,1,1807,A
2-PB1,210,0,1811,0,1,1812,T
2-PB1,211,0,6,1801,0,1807,G
2-PB1,212,1,3,1822,0,1826,G
2-PB1,213,1837,0,1,0,1838,A
2-PB1,214,2,0,0,1849,1851,C
2-PB1,215,2,0,0,1838,1840,C
2-PB1,216,1843,0,3,0,1846,A
2-PB1,217,1,0,0,1878,1879,C
2-PB1,218,0,1883,0,0,1883,T
2-PB1,219,1910,1,2,0,1913,A
2-PB1,220,1,0,0,1926,1927,C
2-PB1,221,0,0,0,1916,1916,C
2-PB1,222,0,1889,0,2,1891,T
2-PB1,223,1,1,1894,0,1896,G
2-PB1,224,1892,0,3,0,1895,A
2-PB1,225,0,4,1899,0,1903,G
2-PB1,226,0,1,1896,1,1898,G
2-PB1,227,1900,0,0,0,1900,A
2-PB1,228,0,1888,0,2,1890,T
2-PB1,229,1869,0,0,0,1869,A
2-PB1,230,1867,0,1,0,1868,A
2-PB1,231,0,1865,0,1,1866,T
2-PB1,232,0,4,1866,0,1870,G
2-PB1,233,1870,0,2,0,1872,A
2-PB1,234,1860,0,0,0,1860,A
2-PB1,235,1,2,0,1863,1866,C
2-PB1,236,6,0,1,1836,1843,C
2-PB1,237,1847,0,0,0,1847,A
2-PB1,238,1849,0,1,0,1850,A
2-PB1,239,0,0,1860,0,1860,G
2-PB1,240,0,1864,0,0,1864,T
2-PB1,241,0,1,1859,1,1861,G
2-PB1,242,0,2,1902,0,1904,G
2-PB1,243,1895,0,0,0,1895,A
2-PB1,244,0,1893,0,0,1893,T
2-PB1,245,1894,0,1,0,1895,A
2-PB1,246,0,1914,0,3,1917,T
2-PB1,247,1,0,1924,0,1925,G
2-PB1,248,0,4,0,1925,1929,C
2-PB1,249,1926,0,2,0,1928,A
2-PB1,250,0,1,0,1982,1983,C
2-PB1,251,1948,0,1,0,1949,A
2-PB1,252,1977,0,0,1,1978,A
2-PB1,253,1981,0,2,0,1983,A
2-PB1,254,0,0,0,1984,1984,C
2-PB1,255,1935,1,0,0,1936,A
2-PB1,256,0,5,1957,1,1963,G
2-PB1,257,1957,0,3,0,1960,A
2-PB1,258,0,0,0,1962,1962,C
2-PB1,259,0,1915,0,0,1915,T
2-PB1,260,0,0,1946,0,1946,G
2-PB1,261,1,1920,0,1,1922,T
2-PB1,262,0,0,2001,1,2002,G
2-PB1,263,0,2002,0,1,2003,T
2-PB1,264,3,1,0,2008,2012,C
2-PB1,265,1,1,0,2008,2010,C
2-PB1,266,0,2005,0,3,2008,T
2-PB1,267,1,1,2002,0,2004,G
2-PB1,268,0,1,2003,0,2004,G
2-PB1,269,1972,1,2,0,1975,A
2-PB1,270,1,1,2005,0,2007,G
2-PB1,271,0,0,1977,0,1977,G
2-PB1,272,1,0,0,1978,1979,C
2-PB1,273,0,1956,0,4,1960,T
2-PB1,274,1965,0,2,0,1967,A
2-PB1,275,0,1964,0,1,1965,T
2-PB1,276,1,1,1961,0,1963,G
2-PB1,277,1,0,1965,0,1966,G
2-PB1,278,0,0,0,1958,1958,C
2-PB1,279,2,0,0,1932,1934,C
2-PB1,280,0,1913,0,1,1914,T
2-PB1,281,1,2021,0,0,2022,T
2-PB1,282,2,0,0,2025,2027,C
2-PB1,283,3,0,0,2024,2027,C
2-PB1,284,0,2026,1,2,2029,T
2-PB1,285,0,2027,0,1,2028,T
2-PB1,286,0,2,2035,0,2037,G
2-PB1,287,2036,1,1,0,2038,A
2-PB1,288,2037,1,1,0,2039,A
2-PB1,289,2,3,2038,0,2043,G
2-PB1,290,1964,0,1,0,1965,A
2-PB1,291,1982,1,1,0,1984,A
2-PB1,292,0,1986,0,0,1986,T
2-PB1,293,0,0,0,1989,1989,C
2-PB1,294,1,1,0,1983,1985,C
2-PB1,295,5,0,0,1984,1989,C
2-PB1,296,1979,0,5,0,1984,A
2-PB1,297,1,0,0,1992,1993,C
2-PB1,298,3,2,0,1990,1995,C
2-PB1,299,2,1,0,1999,2002,C
2-PB1,300,1977,1,1,0,1979,A
2-PB1,301,0,2,1991,0,1993,G
2-PB1,302,0,2,2002,0,2004,G
2-PB1,303,0,1995,1,2,1998,T
2-PB1,304,2014,0,0,0,2014,A
2-PB1,305,0,1997,0,1,1998,T
2-PB1,306,1,0,0,2001,2002,C
2-PB1,307,0,2007,0,0,2007,T
2-PB1,308,0,2005,0,1,2006,T
2-PB1,309,0,1995,0,1,1996,T
2-PB1,310,1,6,1983,0,1990,G
2-PB1,311,1978,0,1,0,1979,A
2-PB1,312,0,8,1977,0,1985,G
2-PB1,313,1965,0,1,0,1966,A
2-PB1,314,1968,0,0,0,1968,A
2-PB1,315,0,0,0,1979,1979,C
2-PB1,316,1,1957,1,0,1959,T
2-PB1,317,2,0,0,1961,1963,C
2-PB1,318,1961,0,0,0,1961,A
2-PB1,319,0,1956,0,0,1956,T
2-PB1,320,1,0,1961,0,1962,G
2-PB1,321,0,3,0,1992,1995,C
2-PB1,322,4,0,0,1995,1999,C
2-PB1,323,2,1988,0,1,1991,T
2-PB1,324,1,1978,0,3,1982,T
2-PB1,325,0,3,1991,0,1994,G
2-PB1,326,2000,0,0,1,2001,A
2-PB1,327,2005,0,0,1,2006,A
2-PB1,328,2003,1,4,0,2008,A
2-PB1,329,0,1,1,2017,2019,C
2-PB1,330,1972,1,1,0,1974,A
2-PB1,331,1987,0,2,1,1990,A
2-PB1,332,1,1984,1,1,1987,T
2-PB1,333,0,1,1982,0,1983,G
2-PB1,334,0,0,1984,0,1984,G
2-PB1,335,1967,0,1,0,1968,A
2-PB1,336,1960,1,2,0,1963,A
2-PB1,337,0,0,1961,0,1961,G
2-PB1,338,0,0,0,1961,1961,C
2-PB1,339,1,0,1,1953,1955,C
2-PB1,340,2,0,1979,0,1981,G
2-PB1,341,0,1976,0,1,1977,T
2-PB1,342,0,1975,0,0,1975,T
2-PB1,343,6,0,0,1985,1991,C
2-PB1,344,1991,0,0,1,1992,A
2-PB1,345,2011,0,3,1,2015,A
2-PB1,346,0,0,0,2013,2013,C
2-PB1,347,2015,0,0,0,2015,A
2-PB1,348,0,1,2032,0,2033,G
2-PB1,349,2003,0,0,0,2003,A
2-PB1,350,0,0,0,2004,2004,C
2-PB1,351,2006,0,0,0,2006,A
2-PB1,352,2018,0,3,0,2021,A
2-PB1,353,0,0,2040,0,2040,G
2-PB1,354,0,2,2017,2,2021,G
2-PB1,355,1,1,2020,0,2022,G
2-PB1,356,0,1990,0,3,1993,T
2-PB1,357,0,3,1993,0,1996,G
2-PB1,358,0,4,1993,0,1997,G
2-PB1,359,1996,0,2,0,1998,A
2-PB1,360,0,1,0,1998,1999,C
2-PB1,361,1971,0,0,0,1971,A
2-PB1,362,1998,0,0,0,1998,A
2-PB1,363,1994,0,0,0,1994,A
2-PB1,364,0,0,0,1995,1995,C
2-PB1,365,0,1988,0,1,1989,T
2-PB1,366,1988,0,0,0,1988,A
2-PB1,367,1997,1,0,0,1998,A
2-PB1,368,0,1,0,1994,1995,C
2-PB1,369,2,0,0,1991,1993,C
2-PB1,370,4,0,0,1988,1992,C
2-PB1,371,1954,0,0,0,1954,A
2-PB1,372,1951,0,0,0,1951,A
2-PB1,373,0,4,1946,0,1950,G
2-PB1,374,0,1,1955,0,1956,G
2-PB1,375,0,1947,0,3,1950,T
2-PB1,376,5,0,0,1936,1941,C
2-PB1,377,1,1,1940,0,1942,G
2-PB1,378,1,0,0,1934,1935,C
2-PB1,379,2,0,0,1940,1942,C
2-PB1,380,1942,0,0,0,1942,A
2-PB1,381,1,6,1971,0,1978,G
2-PB1,382,2006,0,0,0,2006,A
2-PB1,383,0,0,0,2006,2006,C
2-PB1,384,0,1997,0,0,1997,T
2-PB1,385,0,1991,0,1,1992,T
2-PB1,386,1994,1,0,0,1995,A
2-PB1,387,0,2001,1,0,2002,T
2-PB1,388,0,2,2008,0,2010,G
2-PB1,389,2008,0,2,0,2010,A
2-PB1,390,1,1968,0,0,1969,T
2-PB1,391,0,1920,0,0,1920,T
2-PB1,392,0,2,1912,0,1914,G
2-PB1,393,0,3,1917,0,1920,G
2-PB1,394,1933,0,3,0,1936,A
2-PB1,395,1,0,0,1933,1934,C
2-PB1,396,1914,1,1,0,1916,A
2-PB1,397,0,1898,0,0,1898,T
2-PB1,398,0,1918,0,0,1918,T
2-PB1,399,1929,1,1,0,1931,A
2-PB1,400,1930,0,0,0,1930,A
2-PB1,401,1931,1,0,1,1933,A
2-PB1,402,1,0,0,1932,1933,C
2-PB1,403,1898,0,0,0,1898,A
2-PB1,404,1,1,1906,0,1908,G
2-PB1,405,1899,1,1,0,1901,A
2-PB1,406,1907,0,1,0,1908,A
2-PB1,407,1903,0,1,0,1904,A
2-PB1,408,0,1888,0,1,1889,T
2-PB1,409,5,0,0,1891,1896,C
2-PB1,410,1886,2,0,1,1889,A
2-PB1,411,1886,0,3,0,1889,A
2-PB1,412,0,2,0,1883,1885,C
2-PB1,413,1,0,0,1872,1873,C
2-PB1,414,1,1,1875,0,1877,G
2-PB1,415,1,0,1879,0,1880,G
2-PB1,416,1,1,0,1888,1890,C
2-PB1,417,1886,0,2,0,1888,A
2-PB1,418,1,1,1889,0,1891,G
2-PB1,419,1,0,0,1901,1902,C
2-PB1,420,1893,0,0,1,1894,A
2-PB1,421,1896,0,1,0,1897,A
2-PB1,422,0,0,0,1899,1899,C
2-PB1,423,1,1885,0,1,1887,T
2-PB1,424,0,0,1942,1,1943,G
2-PB1,425,0,1,0,1939,1940,C
2-PB1,426,1935,2,0,0,1937,A
2-PB1,427,0,1934,1,2,1937,T
2-PB1,428,0,1908,0,0,1908,T
2-PB1,429,2023,1,3,0,2027,A
2-PB1,430,0,0,2026,0,2026,G
2-PB1,431,0,0,0,2021,2021,C
2-PB1,432,3,1,0,2022,2026,C
2-PB1,433,1949,0,0,0,1949,A
2-PB1,434,1962,0,0,0,1962,A
2-PB1,435,1,0,0,1964,1965,C
2-PB1,436,1964,0,1,3,1968,A
2-PB1,437,2,0,0,2021,2023,C
2-PB1,438,3,0,0,1883,1886,C
2-PB1,439,1884,0,1,1,1886,A
2-PB1,440,0,1887,0,0,1887,T
2-PB1,441,1886,0,1,0,1887,A
2-PB1,442,1,2,1890,0,1893,G
2-PB1,443,1869,0,1,1,1871,A
2-PB1,444,1857,0,1,0,1858,A
2-PB1,445,0,2,1878,0,1880,G
2-PB1,446,0,1820,0,1,1821,T
2-PB1,447,0,1815,0,0,1815,T
2-PB1,448,0,1830,0,0,1830,T
2-PB1,449,0,1821,0,0,1821,T
2-PB1,450,0,1830,0,0,1830,T
2-PB1,451,1825,0,0,0,1825,A
2-PB1,452,0,8,1822,0,1830,G
2-PB1,453,1826,0,0,0,1826,A
2-PB1,454,1,1812,0,0,1813,T
2-PB1,455,3,1,0,1784,1788,C
2-PB1,456,1,6,1782,0,1789,G
2-PB1,457,1791,0,0,0,1791,A
2-PB1,458,1793,0,0,0,1793,A
2-PB1,459,0,0,0,1803,1803,C
2-PB1,460,2,4,1792,0,1798,G
2-PB1,461,1,1,1870,0,1872,G
2-PB1,462,1873,0,0,0,1873,A
2-PB1,463,1,1871,0,0,1872,T
2-PB1,464,0,1871,0,0,1871,T
2-PB1,465,1868,0,3,0,1871,A
2-PB1,466,1869,0,4,1,1874,A
2-PB1,467,0,0,0,1884,1884,C
2-PB1,468,1868,0,0,0,1868,A
2-PB1,469,0,1,1877,0,1878,G
2-PB1,470,0,0,0,1797,1797,C
2-PB1,471,0,1793,0,1,1794,T
2-PB1,472,1793,0,2,0,1795,A
2-PB1,473,1794,0,2,0,1796,A
2-PB1,474,0,1796,0,1,1797,T
2-PB1,475,0,3,1804,0,1807,G
2-PB1,476,1798,0,0,0,1798,A
2-PB1,477,1794,0,2,0,1796,A
2-PB1,478,0,1769,0,0,1769,T
2-PB1,479,3,1,0,1772,1776,C
2-PB1,480,1770,0,2,0,1772,A
2-PB1,481,1,1,1764,0,1766,G
2-PB1,482,0,2,1763,0,1765,G
2-PB1,483,1760,1,1,0,1762,A
2-PB1,484,1738,0,0,0,1738,A
2-PB1,485,0,1,1808,0,1809,G
2-PB1,486,1,0,1810,0,1811,G
2-PB1,487,1,0,0,1812,1813,C
2-PB1,488,1,1812,0,0,1813,T
2-PB1,489,1811,0,0,0,1811,A
2-PB1,490,1814,0,1,0,1815,A
2-PB1,491,0,1815,1,1,1817,T
2-PB1,492,1821,0,0,0,1821,A
2-PB1,493,0,4,1820,0,1824,G
2-PB1,494,1719,0,1,0,1720,A
2-PB1,495,0,1699,0,0,1699,T
2-PB1,496,0,1693,0,1,1694,T
2-PB1,497,0,1698,1,0,1699,T
2-PB1,498,3,0,0,1738,1741,C
2-PB1,499,3,0,0,1752,1755,C
2-PB1,500,1,1751,0,4,1756,T
2-PB1,501,1,2,0,1752,1755,C
2-PB1,502,1752,0,0,0,1752,A
2-PB1,503,1756,0,1,0,1757,A
2-PB1,504,1,0,1761,0,1762,G
2-PB1,505,1,2,1781,0,1784,G
2-PB1,506,1779,1,1,0,1781,A
2-PB1,507,0,1709,0,0,1709,T
2-PB1,508,0,0,1721,0,1721,G
2-PB1,509,0,1711,0,0,1711,T
2-PB1,510,1,0,1725,0,1726,G
2-PB1,511,1722,1,0,1,1724,A
2-PB1,512,0,1717,0,0,1717,T
2-PB1,513,0,3,1697,0,1700,G
2-PB1,514,3,4,1681,0,1688,G
2-PB1,515,1684,0,1,0,1685,A
2-PB1,516,1685,0,1,0,1686,A
2-PB1,517,0,1670,0,1,1671,T
2-PB1,518,7,0,0,1668,1675,C
2-PB1,519,1666,0,0,0,1666,A
2-PB1,520,1672,0,0,0,1672,A
2-PB1,521,1,1666,0,1,1668,T
2-PB1,522,0,4,1678,0,1682,G
2-PB1,523,0,0,1693,0,1693,G
2-PB1,524,1690,0,1,0,1691,A
2-PB1,525,0,1684,0,0,1684,T
2-PB1,526,1682,0,1,0,1683,A
2-PB1,527,1679,2,0,0,1681,A
2-PB1,528,1690,0,0,0,1690,A
2-PB1,529,0,1,1700,0,1701,G
2-PB1,530,1682,0,2,0,1684,A
2-PB1,531,0,0,1677,1,1678,G
2-PB1,532,0,2,1675,0,1677,G
2-PB1,533,1669,0,2,0,1671,A
2-PB1,534,1671,0,3,0,1674,A
2-PB1,535,1671,2,2,0,1675,A
2-PB1,536,0,1666,0,2,1668,T
2-PB1,537,0,2,1680,0,1682,G
2-PB1,538,0,3,1677,0,1680,G
2-PB1,539,1666,0,3,0,1669,A
2-PB1,540,0,3,1673,0,1676,G
2-PB1,541,1659,1,0,0,1660,A
2-PB1,542,0,1680,0,1,1681,T
2-PB1,543,1678,0,1,0,1679,A
2-PB1,544,1690,0,1,0,1691,A
2-PB1,545,1,1,0,1692,1694,C
2-PB1,546,1660,0,0,0,1660,A
2-PB1,547,1664,1,1,0,1666,A
2-PB1,548,1,0,0,1664,1665,C
2-PB1,549,1655,0,1,0,1656,A
2-PB1,550,0,0,0,1652,1652,C
2-PB1,551,1611,0,1,0,1612,A
2-PB1,552,0,0,0,1630,1630,C
2-PB1,553,1,1620,0,1,1622,T
2-PB1,554,1,1615,0,0,1616,T
2-PB1,555,0,1617,0,0,1617,T
2-PB1,556,3,0,1,1618,1622,C
2-PB1,557,1620,0,0,0,1620,A
2-PB1,558,1617,1,2,0,1620,A
2-PB1,559,1619,1,1,0,1621,A
2-PB1,560,0,2,1628,0,1630,G
2-PB1,561,1608,0,1,0,1609,A
2-PB1,562,1615,0,1,0,1616,A
2-PB1,563,1614,0,1,1,1616,A
2-PB1,564,1614,0,1,2,1617,A
2-PB1,565,1602,0,10,0,1612,A
2-PB1,566,1,0,1620,0,1621,G
2-PB1,567,0,2,1618,0,1620,G
2-PB1,568,1603,0,2,0,1605,A
2-PB1,569,0,1,1635,0,1636,G
2-PB1,570,1618,1,3,0,1622,A
2-PB1,571,0,2,1680,0,1682,G
2-PB1,572,0,1676,0,1,1677,T
2-PB1,573,1666,0,5,0,1671,A
2-PB1,574,1677,1,1,0,1679,A
2-PB1,575,0,3,1675,0,1678,G
2-PB1,576,0,2,1684,0,1686,G
2-PB1,577,1,3,1683,1,1688,G
2-PB1,578,1652,0,1,0,1653,A
2-PB1,579,1,1,0,1657,1659,C
2-PB1,580,1628,0,1,0,1629,A
2-PB1,581,1628,0,2,0,1630,A
2-PB1,582,0,0,0,1631,1631,C
2-PB1,583,1622,2,0,0,1624,A
2-PB1,584,0,1603,0,0,1603,T
2-PB1,585,0,5,1585,1,1591,G
2-PB1,586,1592,0,4,0,1596,A
2-PB1,587,0,0,0,1595,1595,C
2-PB1,588,5,1,0,1561,1567,C
2-PB1,589,1572,0,1,0,1573,A
2-PB1,590,1573,0,0,1,1574,A
2-PB1,591,0,2,1583,0,1585,G
2-PB1,592,1586,0,0,1,1587,A
2-PB1,593,1585,0,1,0,1586,A
2-PB1,594,1580,0,1,0,1581,A
2-PB1,595,1577,1,0,0,1578,A
2-PB1,596,0,1577,0,0,1577,T
2-PB1,597,1,2,1576,0,1579,G
2-PB1,598,0,0,1585,0,1585,G
2-PB1,599,0,1557,0,3,1560,T
2-PB1,600,5,0,0,1548,1553,C
2-PB1,601,1561,0,0,0,1561,A
2-PB1,602,0,0,0,1683,1683,C
2-PB1,603,1720,0,1,0,1721,A
2-PB1,604,0,1,0,1729,1730,C
2-PB1,605,1722,0,2,0,1724,A
2-PB1,606,1779,1,1,0,1781,A
2-PB1,607,1770,0,5,0,1775,A
2-PB1,608,0,4,1933,0,1937,G
2-PB1,609,1937,0,2,0,1939,A
2-PB1,610,1956,0,0,0,1956,A
2-PB1,611,1,0,0,2036,2037,C
2-PB1,612,1985,0,0,0,1985,A
2-PB1,613,2004,0,1,0,2005,A
2-PB1,614,0,2002,0,0,2002,T
2-PB1,615,1986,0,3,0,1989,A
2-PB1,616,2,4,1984,0,1990,G
2-PB1,617,1,1,1911,0,1913,G
2-PB1,618,1,2,1913,0,1916,G
2-PB1,619,1910,1,2,0,1913,A
2-PB1,620,1894,0,2,0,1896,A
2-PB1,621,1,0,1922,0,1923,G
2-PB1,622,1919,0,0,0,1919,A
2-PB1,623,1919,0,0,0,1919,A
2-PB1,624,1929,0,0,0,1929,A
2-PB1,625,1941,1,2,0,1944,A
2-PB1,626,2004,0,0,0,2004,A
2-PB1,627,2004,2,0,0,2006,A
2-PB1,628,2,0,0,2006,2008,C
2-PB1,629,2004,0,3,0,2007,A
2-PB1,630,2004,1,0,1,2006,A
2-PB1,631,1998,0,4,1,2003,A
2-PB1,632,0,1,2063,0,2064,G
2-PB1,633,2060,0,1,0,2061,A
2-PB1,634,0,2,2185,0,2187,G
2-PB1,635,0,2165,0,1,2166,T
2-PB1,636,0,4,2561,0,2565,G
2-PB1,637,2569,0,1,1,2571,A
2-PB1,638,2573,0,2,0,2575,A
2-PB1,639,1,2620,1,0,2622,T
2-PB1,640,2623,0,0,1,2624,A
2-PB1,641,2642,0,3,1,2646,A
2-PB1,642,1,8,2637,0,2646,G
2-PB1,643,2597,0,5,0,2602,A
2-PB1,644,0,2,2611,1,2614,G
2-PB1,645,2475,1,0,1,2477,A
2-PB1,646,0,4,2486,0,2490,G
2-PB1,647,2,2,2482,0,2486,G
2-PB1,648,1,1,0,2488,2490,C
2-PB1,649,0,2486,1,1,2488,T
2-PB1,650,2576,0,0,1,2577,A
2-PB1,651,0,0,0,2735,2735,C
2-PB1,652,2,0,0,2746,2748,C
2-PB1,653,0,2763,1,0,2764,T
2-PB1,654,2877,0,2,0,2879,A
2-PB1,655,2871,0,1,2,2874,A
2-PB1,656,1,2883,1,0,2885,T
2-PB1,657,2872,0,3,0,2875,A
2-PB1,658,2867,0,2,0,2869,A
2-PB1,659,0,7,2881,0,2888,G
2-PB1,660,2819,0,1,0,2820,A
2-PB1,661,1,0,2848,0,2849,G
2-PB1,662,1,0,0,2861,2862,C
2-PB1,663,0,2809,0,1,2810,T
2-PB1,664,0,2823,0,1,2824,T
2-PB1,665,0,2821,0,2,2823,T
2-PB1,666,1,10,2817,2,2830,G
2-PB1,667,2874,1,5,0,2880,A
2-PB1,668,0,1,0,2889,2890,C
2-PB1,669,2883,0,2,0,2885,A
2-PB1,670,0,2867,1,2,2870,T
2-PB1,671,0,2872,0,0,2872,T
2-PB1,672,0,15,2901,0,2916,G
2-PB1,673,2908,1,3,0,2912,A
2-PB1,674,2917,0,2,0,2919,A
2-PB1,675,1,1,0,2929,2931,C
2-PB1,676,2925,0,0,0,2925,A
2-PB1,677,1,0,0,2928,2929,C
2-PB1,678,1,3,2923,0,2927,G
2-PB1,679,2935,1,3,0,2939,A
2-PB1,680,0,2955,0,3,2958,T
2-PB1,681,0,12,3039,0,3051,G
2-PB1,682,3059,0,6,0,3065,A
2-PB1,683,1,1,0,3077,3079,C
2-PB1,684,11,1,0,3064,3076,C
2-PB1,685,3089,1,0,0,3090,A
2-PB1,686,3119,2,2,0,3123,A
2-PB1,687,3123,0,5,0,3128,A
2-PB1,688,0,2,3214,0,3216,G
2-PB1,689,3240,0,3,0,3243,A
2-PB1,690,0,3217,0,3,3220,T
2-PB1,691,0,1,3228,0,3229,G
2-PB1,692,0,0,0,3221,3221,C
2-PB1,693,3215,1,4,0,3220,A
2-PB1,694,1,5,3252,0,3258,G
2-PB1,695,3225,1,1,0,3227,A
2-PB1,696,0,4,3236,0,3240,G
2-PB1,697,3176,1,0,0,3177,A
2-PB1,698,0,2,3178,0,3180,G
2-PB1,699,3149,0,12,0,3161,A
2-PB1,700,0,4,3155,0,3159,G
2-PB1,701,2,0,3158,0,3160,G
2-PB1,702,2,1,0,3155,3158,C
2-PB1,703,3152,0,3,0,3155,A
2-PB1,704,3158,1,1,0,3160,A
2-PB1,705,3180,1,2,0,3183,A
2-PB1,706,0,3192,1,0,3193,T
2-PB1,707,0,3185,0,0,3185,T
2-PB1,708,3198,1,0,0,3199,A
2-PB1,709,3189,1,1,1,3192,A
2-PB1,710,3192,1,2,2,3197,A
2-PB1,711,3204,0,0,1,3205,A
2-PB1,712,3211,0,3,0,3214,A
2-PB1,713,0,2,3222,0,3224,G
2-PB1,714,3206,1,0,0,3207,A
2-PB1,715,3204,0,4,0,3208,A
2-PB1,716,0,3,3230,0,3233,G
2-PB1,717,4,6,3280,0,3290,G
2-PB1,718,1,0,3288,0,3289,G
2-PB1,719,2,0,0,3321,3323,C
2-PB1,720,0,3306,0,6,3312,T
2-PB1,721,3342,0,1,0,3343,A
2-PB1,722,0,3402,0,0,3402,T
2-PB1,723,0,3410,0,1,3411,T
2-PB1,724,0,5,3408,1,3414,G
2-PB1,725,3,2,0,3389,3394,C
2-PB1,726,3307,0,8,0,3315,A
2-PB1,727,3325,1,5,0,3331,A
2-PB1,728,1,1,0,3338,3340,C
2-PB1,729,3335,0,1,0,3336,A
2-PB1,730,2,2,0,3346,3350,C
2-PB1,731,2,0,0,3306,3308,C
2-PB1,732,3,2,1,3308,3314,C
2-PB1,733,1,11,3293,1,3306,G
2-PB1,734,0,4,3311,1,3316,G
2-PB1,735,0,5,3310,0,3315,G
2-PB1,736,3346,0,0,0,3346,A
2-PB1,737,1,3319,0,1,3321,T
2-PB1,738,1,0,3335,1,3337,G
2-PB1,739,1,0,0,3315,3316,C
2-PB1,740,3351,1,1,1,3354,A
2-PB1,741,3411,1,3,0,3415,A
2-PB1,742,3447,0,1,0,3448,A
2-PB1,743,0,3450,0,0,3450,T
2-PB1,744,0,3445,0,2,3447,T
2-PB1,745,3441,2,4,0,3447,A
2-PB1,746,0,1,3448,0,3449,G
2-PB1,747,3424,1,3,0,3428,A
2-PB1,748,2,4,3445,0,3451,G
2-PB1,749,0,7,3393,0,3400,G
2-PB1,750,2,1,3497,1,3501,G
2-PB1,751,3,3501,0,2,3506,T
2-PB1,752,1,3508,0,2,3511,T
2-PB1,753,12,3,0,3501,3516,C
2-PB1,754,4,6,3543,0,3553,G
2-PB1,755,2,3542,0,7,3551,T
2-PB1,756,0,1,3553,0,3554,G
2-PB1,757,0,3544,0,3,3547,T
2-PB1,758,3540,1,0,0,3541,A
2-PB1,759,0,1,1,3536,3538,C
2-PB1,760,0,3393,0,1,3394,T
2-PB1,761,2,3406,0,1,3409,T
2-PB1,762,6,2,0,3388,3396,C
2-PB1,763,3,1,3393,0,3397,G
2-PB1,764,2,3385,0,1,3388,T
2-PB1,765,1,3386,0,3,3390,T
2-PB1,766,2,6,3380,0,3388,G
2-PB1,767,3395,0,1,0,3396,A
2-PB1,768,3383,1,2,1,3387,A
2-PB1,769,3411,1,4,1,3417,A
2-PB1,770,1,0,0,3431,3432,C
2-PB1,771,0,3396,1,1,3398,T
2-PB1,772,0,3396,0,0,3396,T
2-PB1,773,0,3396,0,0,3396,T
2-PB1,774,3446,0,7,0,3453,A
2-PB1,775,0,2,3454,1,3457,G
2-PB1,776,1,0,0,3463,3464,C
2-PB1,777,0,3471,0,0,3471,T
2-PB1,778,3434,0,0,0,3434,A
2-PB1,779,0,2,3427,1,3430,G
2-PB1,780,3433,0,4,0,3437,A
2-PB1,781,3423,0,3,0,3426,A
2-PB1,782,0,7,3437,0,3444,G
2-PB1,783,1,0,0,3400,3401,C
2-PB1,784,3392,0,1,0,3393,A
2-PB1,785,0,3380,0,1,3381,T
2-PB1,786,0,3379,0,0,3379,T
2-PB1,787,0,3381,0,0,3381,T
2-PB1,788,1,4,3378,1,3384,G
2-PB1,789,1,2,0,3385,3388,C
2-PB1,790,1,3,3380,0,3384,G
2-PB1,791,3382,0,0,0,3382,A
2-PB1,792,3370,1,0,0,3371,A
2-PB1,793,3374,0,1,0,3375,A
2-PB1,794,3459,0,11,1,3471,A
2-PB1,795,1,2,3506,0,3509,G
2-PB1,796,0,0,0,3510,3510,C
2-PB1,797,0,3506,0,7,3513,T
2-PB1,798,0,3517,0,1,3518,T
2-PB1,799,0,16,3511,0,3527,G
2-PB1,800,3525,1,1,0,3527,A
2-PB1,801,3518,0,5,1,3524,A
2-PB1,802,0,1,0,3537,3538,C
2-PB1,803,3440,0,0,1,3441,A
2-PB1,804,1,0,3700,0,3701,G
2-PB1,805,2,3652,1,2,3657,T
2-PB1,806,12,1,0,3656,3669,C
2-PB1,807,0,3669,0,0,3669,T
2-PB1,808,2,6,3671,0,3679,G
2-PB1,809,0,2,3673,0,3675,G
2-PB1,810,3683,0,3,1,3687,A
2-PB1,811,0,0,0,3696,3696,C
2-PB1,812,1,3601,0,3,3605,T
2-PB1,813,0,3391,1,0,3392,T
2-PB1,814,3,1,0,3390,3394,C
2-PB1,815,2,2,0,3389,3393,C
2-PB1,816,3,3,3409,0,3415,G
2-PB1,817,0,1,3423,0,3424,G
2-PB1,818,1,3410,0,1,3412,T
2-PB1,819,1,3404,0,0,3405,T
2-PB1,820,1,4,3391,0,3396,G
2-PB1,821,0,9,3424,0,3433,G
2-PB1,822,1,7,3454,0,3462,G
2-PB1,823,1,4,3454,0,3459,G
2-PB1,824,2,0,3477,0,3479,G
2-PB1,825,0,3457,1,5,3463,T
2-PB1,826,3458,0,2,0,3460,A
2-PB1,827,3467,0,0,0,3467,A
2-PB1,828,2,3472,0,3,3477,T
2-PB1,829,0,9,3473,0,3482,G
2-PB1,830,3448,1,1,0,3450,A
2-PB1,831,3419,0,3,1,3423,A
2-PB1,832,3417,0,2,2,3421,A
2-PB1,833,3411,0,4,0,3415,A
2-PB1,834,1,2,3415,0,3418,G
2-PB1,835,3384,0,0,1,3385,A
2-PB1,836,3345,1,6,1,3353,A
2-PB1,837,1,3,3366,0,3370,G
2-PB1,838,1,3,3359,0,3363,G
2-PB1,839,1,1,0,3346,3348,C
2-PB1,840,8,0,1,3345,3354,C
2-PB1,841,3358,0,0,1,3359,A
2-PB1,842,3363,0,1,0,3364,A
2-PB1,843,3363,1,0,0,3364,A
2-PB1,844,1,0,0,3366,3367,C
2-PB1,845,0,3362,1,3,3366,T
2-PB1,846,0,4,3394,1,3399,G
2-PB1,847,1,2,3394,0,3397,G
2-PB1,848,0,2,0,3392,3394,C
2-PB1,849,3408,0,0,1,3409,A
2-PB1,850,3397,0,1,0,3398,A
2-PB1,851,3404,0,0,0,3404,A
2-PB1,852,0,3412,0,0,3412,T
2-PB1,853,0,0,3419,0,3419,G
2-PB1,854,0,3407,0,0,3407,T
2-PB1,855,0,3334,0,0,3334,T
2-PB1,856,0,4,3335,0,3339,G
2-PB1,857,1,3324,0,3,3328,T
2-PB1,858,1,8,3318,0,3327,G
2-PB1,859,3331,0,1,0,3332,A
2-PB1,860,3,6,3334,0,3343,G
2-PB1,861,3327,1,0,0,3328,A
2-PB1,862,3315,2,2,0,3319,A
2-PB1,863,3317,0,0,0,3317,A
2-PB1,864,3320,1,1,0,3322,A
2-PB1,865,3341,1,1,0,3343,A
2-PB1,866,0,3339,0,1,3340,T
2-PB1,867,0,4,3336,0,3340,G
2-PB1,868,3334,0,1,0,3335,A
2-PB1,869,0,3307,0,0,3307,T
2-PB1,870,0,6,3337,0,3343,G
2-PB1,871,3327,2,4,0,3333,A
2-PB1,872,1,0,0,3371,3372,C
2-PB1,873,0,3353,3,3,3359,T
2-PB1,874,3349,0,1,0,3350,A
2-PB1,875,3380,1,0,1,3382,A
2-PB1,876,1,3371,0,2,3374,T
2-PB1,877,1,3408,0,1,3410,T
2-PB1,878,8,0,0,3430,3438,C
2-PB1,879,3434,0,1,0,3435,A
2-PB1,880,1,3,0,3429,3433,C
2-PB1,881,3398,1,1,0,3400,A
2-PB1,882,3401,1,5,0,3407,A
2-PB1,883,0,8,3409,0,3417,G
2-PB1,884,3467,1,2,0,3470,A
2-PB1,885,0,0,0,3468,3468,C
2-PB1,886,3441,1,4,0,3446,A
2-PB1,887,0,1,0,3446,3447,C
2-PB1,888,3402,0,5,0,3407,A
2-PB1,889,1,3,3427,1,3432,G
2-PB1,890,3406,1,5,0,3412,A
2-PB1,891,0,0,3425,0,3425,G
2-PB1,892,0,1,0,3401,3402,C
2-PB1,893,0,3334,0,5,3339,T
2-PB1,894,0,3351,0,3,3354,T
2-PB1,895,2,3359,1,2,3364,T
2-PB1,896,2,1,0,3375,3378,C
2-PB1,897,2,3365,2,1,3370,T
2-PB1,898,1,3346,1,3,3351,T
2-PB1,899,0,3347,0,2,3349,T
2-PB1,900,6,0,0,3364,3370,C
2-PB1,901,3361,1,3,0,3365,A
2-PB1,902,1,2,1,3376,3380,C
2-PB1,903,3352,1,0,0,3353,A
2-PB1,904,3354,0,0,0,3354,A
2-PB1,905,0,3405,0,0,3405,T
2-PB1,906,6,0,0,3433,3439,C
2-PB1,907,3458,0,0,0,3458,A
2-PB1,908,0,2,0,3469,3471,C
2-PB1,909,1,3444,0,0,3445,T
2-PB1,910,4,3,3461,1,3469,G
2-PB1,911,1,7,3446,0,3454,G
2-PB1,912,0,6,3563,0,3569,G
2-PB1,913,0,4,3563,1,3568,G
2-PB1,914,3507,0,1,2,3510,A
2-PB1,915,3,2,0,3417,3422,C
2-PB1,916,3446,1,0,0,3447,A
2-PB1,917,3639,0,2,0,3641,A
2-PB1,918,0,2,1,3674,3677,C
2-PB1,919,3658,2,0,0,3660,A
2-PB1,920,1,0,0,3662,3663,C
2-PB1,921,2,3482,1,2,3487,T
2-PB1,922,3500,0,2,2,3504,A
2-PB1,923,3492,1,6,0,3499,A
2-PB1,924,1,1,3519,0,3521,G
2-PB1,925,1,3505,0,2,3508,T
2-PB1,926,0,2,3305,0,3307,G
2-PB1,927,0,4,3268,0,3272,G
2-PB1,928,3260,0,2,0,3262,A
2-PB1,929,3268,0,1,0,3269,A
2-PB1,930,0,3265,0,0,3265,T
2-PB1,931,0,10,3249,0,3259,G
2-PB1,932,3248,2,3,0,3253,A
2-PB1,933,3206,0,1,0,3207,A
2-PB1,934,3233,1,1,0,3235,A
2-PB1,935,3251,0,1,0,3252,A
2-PB1,936,0,3232,1,1,3234,T
2-PB1,937,12,1,0,3229,3242,C
2-PB1,938,3240,0,2,0,3242,A
2-PB1,939,3239,0,0,0,3239,A
2-PB1,940,3232,1,2,1,3236,A
2-PB1,941,3240,0,1,0,3241,A
2-PB1,942,1,0,0,3241,3242,C
2-PB1,943,6,2,0,3215,3223,C
2-PB1,944,6,1,0,3217,3224,C
2-PB1,945,0,3219,1,2,3222,T
2-PB1,946,4,1,0,3226,3231,C
2-PB1,947,2,4,3225,1,3232,G
2-PB1,948,3235,1,0,0,3236,A
2-PB1,949,3234,0,0,0,3234,A
2-PB1,950,2,3234,0,0,3236,T
2-PB1,951,3,1,3239,1,3244,G
2-PB1,952,0,3208,1,5,3214,T
2-PB1,953,0,3212,0,0,3212,T
2-PB1,954,0,3215,0,2,3217,T
2-PB1,955,0,3214,1,1,3216,T
2-PB1,956,0,3211,0,2,3213,T
2-PB1,957,1,3,3207,0,3211,G
2-PB1,958,1,3,3205,0,3209,G
2-PB1,959,2,1,0,3208,3211,C
2-PB1,960,1,2,3191,0,3194,G
2-PB1,961,3195,0,0,0,3195,A
2-PB1,962,1,3286,1,2,3290,T
2-PB1,963,1,7,3372,0,3380,G
2-PB1,964,3554,0,3,1,3558,A
2-PB1,965,0,3561,0,1,3562,T
2-PB1,966,0,3561,0,7,3568,T
2-PB1,967,3587,0,2,0,3589,A
2-PB1,968,1,1,0,3590,3592,C
2-PB1,969,3605,1,5,0,3611,A
2-PB1,970,0,3594,0,2,3596,T
2-PB1,971,3454,0,0,0,3454,A
2-PB1,972,1,0,0,3479,3480,C
2-PB1,973,3206,1,2,0,3209,A
2-PB1,974,0,3209,0,4,3213,T
2-PB1,975,3,1,0,3202,3206,C
2-PB1,976,3181,1,1,0,3183,A
2-PB1,977,0,2,0,3181,3183,C
2-PB1,978,3145,0,1,13,3159,A
2-PB1,979,3155,0,1,0,3156,A
2-PB1,980,3149,0,2,0,3151,A
2-PB1,981,1,9,3045,0,3055,G
2-PB1,982,3218,0,0,0,3218,A
2-PB1,983,3224,0,3,0,3227,A
2-PB1,984,0,3227,0,0,3227,T
2-PB1,985,11,2,0,3203,3216,C
2-PB1,986,3229,0,3,2,3234,A
2-PB1,987,3251,1,2,0,3254,A
2-PB1,988,0,1,0,3260,3261,C
2-PB1,989,2,0,0,3259,3261,C
2-PB1,990,0,3104,0,1,3105,T
2-PB1,991,1,3,3131,0,3135,G
2-PB1,992,3124,3,3,0,3130,A
2-PB1,993,0,0,3133,0,3133,G
2-PB1,994,2,3115,0,3,3120,T
2-PB1,995,3,10,3066,0,3079,G
2-PB1,996,0,0,3246,0,3246,G
2-PB1,997,0,3221,1,1,3223,T
2-PB1,998,0,3219,0,6,3225,T
2-PB1,999,9,3,2,3218,3232,C
2-PB1,1000,3187,1,4,0,3192,A
2-PB1,1001,0,6,3248,0,3254,G
2-PB1,1002,3245,0,5,0,3250,A
2-PB1,1003,3250,0,2,0,3252,A
2-PB1,1004,3241,0,0,1,3242,A
2-PB1,1005,0,1,0,2999,3000,C
2-PB1,1006,3023,0,1,0,3024,A
2-PB1,1007,0,3019,0,4,3023,T
2-PB1,1008,3,0,1,3044,3048,C
2-PB1,1009,5,3,0,3055,3063,C
2-PB1,1010,0,2972,0,4,2976,T
2-PB1,1011,3,6,2979,0,2988,G
2-PB1,1012,2974,1,2,0,2977,A
2-PB1,1013,0,1,2998,0,2999,G
2-PB1,1014,2,1,0,2982,2985,C
2-PB1,1015,2884,0,0,0,2884,A
2-PB1,1016,0,2888,0,4,2892,T
2-PB1,1017,3,2,0,2868,2873,C
2-PB1,1018,2,1,2860,1,2864,G
2-PB1,1019,1,0,0,2941,2942,C
2-PB1,1020,2944,0,4,0,2948,A
2-PB1,1021,1,0,1,3045,3047,C
2-PB1,1022,2,1,0,3045,3048,C
2-PB1,1023,3043,0,3,0,3046,A
2-PB1,1024,3079,2,0,0,3081,A
2-PB1,1025,0,3079,0,1,3080,T
2-PB1,1026,3076,0,2,0,3078,A
2-PB1,1027,3076,0,0,0,3076,A
2-PB1,1028,1,2976,1,2,2980,T
2-PB1,1029,2,1,3001,0,3004,G
2-PB1,1030,0,2923,0,0,2923,T
2-PB1,1031,1,2896,0,2,2899,T
2-PB1,1032,7,0,0,2908,2915,C
2-PB1,1033,0,2880,0,3,2883,T
2-PB1,1034,6,5,1,2884,2896,C
2-PB1,1035,2891,0,1,0,2892,A
2-PB1,1036,2888,0,1,1,2890,A
2-PB1,1037,2885,1,2,1,2889,A
2-PB1,1038,0,0,0,2895,2895,C
2-PB1,1039,2886,0,3,0,2889,A
2-PB1,1040,2885,2,0,0,2887,A
2-PB1,1041,2874,1,3,0,2878,A
2-PB1,1042,2880,1,2,0,2883,A
2-PB1,1043,0,2884,0,2,2886,T
2-PB1,1044,2,5,2884,1,2892,G
2-PB1,1045,0,2,2880,0,2882,G
2-PB1,1046,1,1,0,2872,2874,C
2-PB1,1047,2871,0,3,0,2874,A
2-PB1,1048,2877,0,3,0,2880,A
2-PB1,1049,1,5,2876,0,2882,G
2-PB1,1050,2878,0,1,0,2879,A
2-PB1,1051,1,2854,0,0,2855,T
2-PB1,1052,0,2906,0,0,2906,T
2-PB1,1053,1,3,2919,0,2923,G
2-PB1,1054,1,1,2919,0,2921,G
2-PB1,1055,0,2,2947,1,2950,G
2-PB1,1056,2944,0,2,0,2946,A
2-PB1,1057,2942,0,0,0,2942,A
2-PB1,1058,2919,0,1,0,2920,A
2-PB1,1059,2917,0,2,0,2919,A
2-PB1,1060,0,4,2999,0,3003,G
2-PB1,1061,0,1,3002,0,3003,G
2-PB1,1062,2998,1,2,0,3001,A
2-PB1,1063,2,2992,0,1,2995,T
2-PB1,1064,2989,0,3,0,2992,A
2-PB1,1065,0,3,1,2994,2998,C
2-PB1,1066,3026,1,4,0,3031,A
2-PB1,1067,0,3026,0,0,3026,T
2-PB1,1068,1,1,3048,0,3050,G
2-PB1,1069,0,2967,0,1,2968,T
2-PB1,1070,2,2964,0,2,2968,T
2-PB1,1071,10,3,0,2943,2956,C
2-PB1,1072,3,9,2949,0,2961,G
2-PB1,1073,2953,0,4,0,2957,A
2-PB1,1074,0,3,3017,0,3020,G
2-PB1,1075,2963,0,3,0,2966,A
2-PB1,1076,0,1,2995,0,2996,G
2-PB1,1077,0,2980,0,0,2980,T
2-PB1,1078,2967,0,2,0,2969,A
2-PB1,1079,2978,0,1,1,2980,A
2-PB1,1080,0,6,2989,0,2995,G
2-PB1,1081,2976,0,6,0,2982,A
2-PB1,1082,0,4,3027,1,3032,G
2-PB1,1083,2976,1,3,1,2981,A
2-PB1,1084,2998,1,1,1,3001,A
2-PB1,1085,0,2976,0,1,2977,T
2-PB1,1086,0,4,2969,2,2975,G
2-PB1,1087,2970,0,2,0,2972,A
2-PB1,1088,2953,1,5,0,2959,A
2-PB1,1089,7,0,2949,0,2956,G
2-PB1,1090,1,0,0,2945,2946,C
2-PB1,1091,2,2913,0,1,2916,T
2-PB1,1092,2,1,1,2927,2931,C
2-PB1,1093,7,1,0,2920,2928,C
2-PB1,1094,4,0,2934,0,2938,G
2-PB1,1095,0,7,2942,0,2949,G
2-PB1,1096,2952,1,1,0,2954,A
2-PB1,1097,3,1,0,2999,3003,C
2-PB1,1098,3001,1,1,0,3003,A
2-PB1,1099,0,0,0,3039,3039,C
2-PB1,1100,3044,1,0,1,3046,A
2-PB1,1101,3043,1,1,0,3045,A
2-PB1,1102,3043,0,5,1,3049,A
2-PB1,1103,1,3053,0,1,3055,T
2-PB1,1104,3049,0,0,0,3049,A
2-PB1,1105,0,0,0,3045,3045,C
2-PB1,1106,1,0,0,3024,3025,C
2-PB1,1107,2,2994,0,3,2999,T
2-PB1,1108,1,0,3003,0,3004,G
2-PB1,1109,1,0,0,3012,3013,C
2-PB1,1110,3006,0,2,0,3008,A
2-PB1,1111,0,2,3008,0,3010,G
2-PB1,1112,2998,0,1,0,2999,A
2-PB1,1113,2994,2,1,0,2997,A
2-PB1,1114,3005,0,0,0,3005,A
2-PB1,1115,0,3005,0,1,3006,T
2-PB1,1116,0,0,3004,0,3004,G
2-PB1,1117,0,2,0,2995,2997,C
2-PB1,1118,0,2992,0,2,2994,T
2-PB1,1119,3019,0,2,0,3021,A
2-PB1,1120,0,1,3017,0,3018,G
2-PB1,1121,3,0,0,3012,3015,C
2-PB1,1122,3009,0,2,0,3011,A
2-PB1,1123,3005,1,1,0,3007,A
2-PB1,1124,0,0,2996,0,2996,G
2-PB1,1125,3,0,0,2988,2991,C
2-PB1,1126,2956,0,0,0,2956,A
2-PB1,1127,1,3024,0,1,3026,T
2-PB1,1128,0,3026,0,1,3027,T
2-PB1,1129,0,6,3100,0,3106,G
2-PB1,1130,3130,0,1,0,3131,A
2-PB1,1131,0,0,0,3122,3122,C
2-PB1,1132,1,0,0,3134,3135,C
2-PB1,1133,1,3068,2,2,3073,T
2-PB1,1134,0,3,3124,0,3127,G
2-PB1,1135,3131,1,1,0,3133,A
2-PB1,1136,3133,0,4,0,3137,A
2-PB1,1137,2,0,3188,0,3190,G
2-PB1,1138,0,3108,0,1,3109,T
2-PB1,1139,3116,0,0,0,3116,A
2-PB1,1140,1,3096,0,3,3100,T
2-PB1,1141,0,3091,0,1,3092,T
2-PB1,1142,1,3092,2,0,3095,T
2-PB1,1143,5,0,0,3044,3049,C
2-PB1,1144,3047,1,1,0,3049,A
2-PB1,1145,3045,1,2,0,3048,A
2-PB1,1146,0,3016,0,0,3016,T
2-PB1,1147,0,11,3011,0,3022,G
2-PB1,1148,3015,1,1,0,3017,A
2-PB1,1149,3014,0,1,0,3015,A
2-PB1,1150,0,3006,0,2,3008,T
2-PB1,1151,5,0,0,3015,3020,C
2-PB1,1152,3017,0,1,0,3018,A
2-PB1,1153,3021,1,2,0,3024,A
2-PB1,1154,0,0,0,3026,3026,C
2-PB1,1155,3016,1,3,0,3020,A
2-PB1,1156,3003,0,3,0,3006,A
2-PB1,1157,1,5,3000,0,3006,G
2-PB1,1158,0,6,3009,0,3015,G
2-PB1,1159,3017,0,3,0,3020,A
2-PB1,1160,3000,0,8,0,3008,A
2-PB1,1161,0,3,3009,0,3012,G
2-PB1,1162,3003,0,0,0,3003,A
2-PB1,1163,2997,0,0,0,2997,A
2-PB1,1164,2995,0,1,0,2996,A
2-PB1,1165,2988,0,1,0,2989,A
2-PB1,1166,1,2978,0,1,2980,T
2-PB1,1167,0,2967,0,1,2968,T
2-PB1,1168,1,2,2970,0,2973,G
2-PB1,1169,2976,1,0,0,2977,A
2-PB1,1170,2970,1,0,0,2971,A
2-PB1,1171,2969,0,0,0,2969,A
2-PB1,1172,3006,0,0,0,3006,A
2-PB1,1173,3049,0,2,0,3051,A
2-PB1,1174,3054,1,0,0,3055,A
2-PB1,1175,0,3048,0,2,3050,T
2-PB1,1176,3050,0,1,0,3051,A
2-PB1,1177,3047,0,7,0,3054,A
2-PB1,1178,1,4,3066,0,3071,G
2-PB1,1179,0,3,3066,0,3069,G
2-PB1,1180,3,1,0,3056,3060,C
2-PB1,1181,7,0,0,3040,3047,C
2-PB1,1182,0,3042,0,4,3046,T
2-PB1,1183,2,1,0,3418,3421,C
2-PB1,1184,0,3473,0,2,3475,T
2-PB1,1185,0,3478,0,1,3479,T
2-PB1,1186,1,2,0,3562,3565,C
2-PB1,1187,3,3544,1,1,3549,T
2-PB1,1188,3555,0,1,0,3556,A
2-PB1,1189,3559,0,0,0,3559,A
2-PB1,1190,0,3562,0,0,3562,T
2-PB1,1191,3567,3,1,0,3571,A
2-PB1,1192,1,6,3476,0,3483,G
2-PB1,1193,3188,1,2,0,3191,A
2-PB1,1194,0,3195,0,3,3198,T
2-PB1,1195,0,11,3141,0,3152,G
2-PB1,1196,2,2,3201,0,3205,G
2-PB1,1197,3,1,0,3188,3192,C
2-PB1,1198,3198,0,3,0,3201,A
2-PB1,1199,1,0,0,3201,3202,C
2-PB1,1200,3157,0,5,0,3162,A
2-PB1,1201,0,1,3281,0,3282,G
2-PB1,1202,0,1,0,3267,3268,C
2-PB1,1203,3280,0,2,0,3282,A
2-PB1,1204,1,3360,0,2,3363,T
2-PB1,1205,0,1,0,3346,3347,C
2-PB1,1206,3371,1,3,1,3376,A
2-PB1,1207,0,3369,0,1,3370,T
2-PB1,1208,1,3351,1,0,3353,T
2-PB1,1209,0,4,3338,1,3343,G
2-PB1,1210,3235,0,7,0,3242,A
2-PB1,1211,0,1,3344,0,3345,G
2-PB1,1212,0,2,0,3336,3338,C
2-PB1,1213,4,0,0,3270,3274,C
2-PB1,1214,2,1,1,3321,3325,C
2-PB1,1215,1,3308,2,8,3319,T
2-PB1,1216,0,6,3520,0,3526,G
2-PB1,1217,0,7,3591,0,3598,G
2-PB1,1218,3594,3,3,0,3600,A
2-PB1,1219,3704,2,0,1,3707,A
2-PB1,1220,0,3626,1,0,3627,T
2-PB1,1221,0,8,3715,0,3723,G
2-PB1,1222,3781,0,4,1,3786,A
2-PB1,1223,0,3766,1,5,3772,T
2-PB1,1224,0,4,3771,0,3775,G
2-PB1,1225,3738,0,2,1,3741,A
2-PB1,1226,0,3713,0,0,3713,T
2-PB1,1227,2,4,3709,0,3715,G
2-PB1,1228,0,6,3767,0,3773,G
2-PB1,1229,1,2,3777,0,3780,G
2-PB1,1230,0,2,0,3740,3742,C
2-PB1,1231,3744,0,2,1,3747,A
2-PB1,1232,0,3753,0,2,3755,T
2-PB1,1233,1,1,3870,0,3872,G
2-PB1,1234,0,3873,0,7,3880,T
2-PB1,1235,0,3893,0,2,3895,T
2-PB1,1236,17,2,2,3885,3906,C
2-PB1,1237,3867,1,4,0,3872,A
2-PB1,1238,3875,0,2,0,3877,A
2-PB1,1239,1,0,0,3879,3880,C
2-PB1,1240,3898,0,1,0,3899,A
2-PB1,1241,1,3889,0,1,3891,T
2-PB1,1242,1,0,3928,0,3929,G
2-PB1,1243,1,0,1,3929,3931,C
2-PB1,1244,0,3919,0,6,3925,T
2-PB1,1245,3954,0,2,0,3956,A
2-PB1,1246,3950,0,2,0,3952,A
2-PB1,1247,4,0,4042,0,4046,G
2-PB1,1248,0,4033,0,2,4035,T
2-PB1,1249,4025,1,0,0,4026,A
2-PB1,1250,2,3,0,4041,4046,C
2-PB1,1251,43,5,3994,0,4042,G
2-PB1,1252,0,0,4295,0,4295,G
2-PB1,1253,0,4281,2,3,4286,T
2-PB1,1254,0,4273,1,2,4276,T
2-PB1,1255,0,4279,1,2,4282,T
2-PB1,1256,0,4254,1,3,4258,T
2-PB1,1257,4257,0,5,0,4262,A
2-PB1,1258,2,2,4248,0,4252,G
2-PB1,1259,0,13,4236,1,4250,G
2-PB1,1260,4160,3,6,0,4169,A
2-PB1,1261,2,2,4148,0,4152,G
2-PB1,1262,0,4119,0,3,4122,T
2-PB1,1263,7,0,1,4116,4124,C
2-PB1,1264,1,4127,0,2,4130,T
2-PB1,1265,9,2,0,4116,4127,C
2-PB1,1266,4,9,4114,0,4127,G
2-PB1,1267,4127,0,0,0,4127,A
2-PB1,1268,1,4117,0,6,4124,T
2-PB1,1269,8,8,0,4080,4096,C
2-PB1,1270,4,2,0,4235,4241,C
2-PB1,1271,0,4229,0,9,4238,T
2-PB1,1272,2,7,4248,0,4257,G
2-PB1,1273,4257,0,1,0,4258,A
2-PB1,1274,4306,0,2,0,4308,A
2-PB1,1275,0,4311,1,3,4315,T
2-PB1,1276,7,0,0,4217,4224,C
2-PB1,1277,2,4197,1,5,4205,T
2-PB1,1278,4,4188,1,2,4195,T
2-PB1,1279,2,8,4193,1,4204,G
2-PB1,1280,2,7,4204,0,4213,G
2-PB1,1281,4206,0,6,0,4212,A
2-PB1,1282,0,2,1,4214,4217,C
2-PB1,1283,4175,0,2,0,4177,A
2-PB1,1284,4189,0,2,0,4191,A
2-PB1,1285,4199,0,0,0,4199,A
2-PB1,1286,4205,0,6,0,4211,A
2-PB1,1287,1,7,4297,0,4305,G
2-PB1,1288,4311,1,0,0,4312,A
2-PB1,1289,4301,0,1,0,4302,A
2-PB1,1290,4306,1,4,0,4311,A
2-PB1,1291,0,4303,0,1,4304,T
2-PB1,1292,4306,0,5,0,4311,A
2-PB1,1293,0,1,0,4431,4432,C
2-PB1,1294,4407,0,3,0,4410,A
2-PB1,1295,1,0,0,4424,4425,C
2-PB1,1296,2,0,0,4378,4380,C
2-PB1,1297,4373,1,2,0,4376,A
2-PB1,1298,4426,0,1,0,4427,A
2-PB1,1299,5,9,4538,1,4553,G
2-PB1,1300,4593,0,5,1,4599,A
2-PB1,1301,0,3,0,4632,4635,C
2-PB1,1302,4519,2,5,0,4526,A
2-PB1,1303,4650,0,5,0,4655,A
2-PB1,1304,0,0,2,4666,4668,C
2-PB1,1305,4710,0,4,0,4714,A
2-PB1,1306,3,4724,0,1,4728,T
2-PB1,1307,4683,1,3,0,4687,A
2-PB1,1308,2,0,0,4741,4743,C
2-PB1,1309,1,4619,0,2,4622,T
2-PB1,1310,2,7,4650,0,4659,G
2-PB1,1311,1,1,4658,0,4660,G
2-PB1,1312,1,4575,0,1,4577,T
2-PB1,1313,2,6,4579,1,4588,G
2-PB1,1314,5,7,4547,0,4559,G
2-PB1,1315,0,4,4574,0,4578,G
2-PB1,1316,4576,0,3,0,4579,A
2-PB1,1317,0,4540,1,1,4542,T
2-PB1,1318,3,7,4523,0,4533,G
2-PB1,1319,1,7,4487,0,4495,G
2-PB1,1320,4450,0,7,0,4457,A
2-PB1,1321,0,0,0,4611,4611,C
2-PB1,1322,2,4597,0,7,4606,T
2-PB1,1323,7,2,0,4639,4648,C
2-PB1,1324,8,3,1,4628,4640,C
2-PB1,1325,4628,4,1,1,4634,A
2-PB1,1326,4628,0,4,1,4633,A
2-PB1,1327,0,4622,0,4,4626,T
2-PB1,1328,7,0,3,4640,4650,C
2-PB1,1329,7,0,0,4625,4632,C
2-PB1,1330,0,4551,0,3,4554,T
2-PB1,1331,4,0,1,4550,4555,C
2-PB1,1332,1,4442,0,3,4446,T
2-PB1,1333,0,5,4442,0,4447,G
2-PB1,1334,4445,0,3,0,4448,A
2-PB1,1335,0,4447,0,5,4452,T
2-PB1,1336,2,15,4502,0,4519,G
2-PB1,1337,4544,0,0,0,4544,A
2-PB1,1338,0,4545,0,1,4546,T
2-PB1,1339,1,4529,0,2,4532,T
2-PB1,1340,1,4523,1,4,4529,T
2-PB1,1341,1,4539,0,1,4541,T
2-PB1,1342,0,3,4543,0,4546,G
2-PB1,1343,0,1,0,4586,4587,C
2-PB1,1344,9,3,0,4578,4590,C
2-PB1,1345,5,0,0,4710,4715,C
2-PB1,1346,2,4664,0,17,4683,T
2-PB1,1347,5,1,0,4831,4837,C
2-PB1,1348,4861,1,2,0,4864,A
2-PB1,1349,0,4875,0,2,4877,T
2-PB1,1350,4882,0,0,0,4882,A
2-PB1,1351,1,1,4925,0,4927,G
2-PB1,1352,0,4849,0,5,4854,T
2-PB1,1353,2,13,4851,1,4867,G
2-PB1,1354,4714,0,2,1,4717,A
2-PB1,1355,4721,0,5,0,4726,A
2-PB1,1356,2,4560,0,2,4564,T
2-PB1,1357,2,3,4539,1,4545,G
2-PB1,1358,2,4,0,4564,4570,C
2-PB1,1359,4577,0,2,0,4579,A
2-PB1,1360,1,3,2,4570,4576,C
2-PB1,1361,8,2,0,4536,4546,C
2-PB1,1362,4519,0,2,0,4521,A
2-PB1,1363,4524,0,0,0,4524,A
2-PB1,1364,4507,1,0,0,4508,A
2-PB1,1365,0,4418,0,1,4419,T
2-PB1,1366,8,2,1,4539,4550,C
2-PB1,1367,4549,1,0,0,4550,A
2-PB1,1368,1,4550,1,1,4553,T
2-PB1,1369,1,2,4561,0,4564,G
2-PB1,1370,4542,0,12,0,4554,A
2-PB1,1371,1,7,4578,0,4586,G
2-PB1,1372,1,4,4566,0,4571,G
2-PB1,1373,6,11,4575,2,4594,G
2-PB1,1374,4564,1,4,1,4570,A
2-PB1,1375,4617,0,3,2,4622,A
2-PB1,1376,0,4632,0,2,4634,T
2-PB1,1377,4641,2,3,0,4646,A
2-PB1,1378,5,0,0,4647,4652,C
2-PB1,1379,4665,1,2,0,4668,A
2-PB1,1380,4653,0,9,0,4662,A
2-PB1,1381,2,0,4646,1,4649,G
2-PB1,1382,2,0,0,4614,4616,C
2-PB1,1383,4594,0,4,1,4599,A
2-PB1,1384,2,5,4640,0,4647,G
2-PB1,1385,1,13,4639,0,4653,G
2-PB1,1386,4624,0,4,0,4628,A
2-PB1,1387,1,2,4654,0,4657,G
2-PB1,1388,1,4589,0,2,4592,T
2-PB1,1389,2,3,4655,0,4660,G
2-PB1,1390,2,10,4659,0,4671,G
2-PB1,1391,4665,1,5,0,4671,A
2-PB1,1392,0,4672,0,0,4672,T
2-PB1,1393,4622,2,1,0,4625,A
2-PB1,1394,1,5,4664,0,4670,G
2-PB1,1395,4721,0,1,0,4722,A
2-PB1,1396,0,4708,0,1,4709,T
2-PB1,1397,1,4694,0,3,4698,T
2-PB1,1398,8,0,1,4809,4818,C
2-PB1,1399,1,4810,0,1,4812,T
2-PB1,1400,4808,0,0,0,4808,A
2-PB1,1401,0,2,0,4808,4810,C
2-PB1,1402,4736,0,6,1,4743,A
2-PB1,1403,2,2,4732,0,4736,G
2-PB1,1404,0,16,4658,0,4674,G
2-PB1,1405,4713,3,4,0,4720,A
2-PB1,1406,1,1,0,4685,4687,C
2-PB1,1407,5,0,0,4580,4585,C
2-PB1,1408,5,4546,0,7,4558,T
2-PB1,1409,3,0,4566,0,4569,G
2-PB1,1410,5,0,0,4554,4559,C
2-PB1,1411,4560,0,4,0,4564,A
2-PB1,1412,4610,0,3,1,4614,A
2-PB1,1413,2,0,4622,0,4624,G
2-PB1,1414,0,4554,0,1,4555,T
2-PB1,1415,0,4558,0,1,4559,T
2-PB1,1416,4514,1,2,0,4517,A
2-PB1,1417,3,1,4527,0,4531,G
2-PB1,1418,3,4506,1,3,4513,T
2-PB1,1419,3,7,4496,1,4507,G
2-PB1,1420,2,2,4495,0,4499,G
2-PB1,1421,2,10,4512,0,4524,G
2-PB1,1422,4484,1,5,0,4490,A
2-PB1,1423,4515,1,8,0,4524,A
2-PB1,1424,1,4509,0,2,4512,T
2-PB1,1425,8,2,0,4519,4529,C
2-PB1,1426,4511,1,8,0,4520,A
2-PB1,1427,4530,4,1,1,4536,A
2-PB1,1428,2,1,0,4528,4531,C
2-PB1,1429,4516,3,2,0,4521,A
2-PB1,1430,0,4424,1,3,4428,T
2-PB1,1431,2,11,4420,0,4433,G
2-PB1,1432,4423,2,7,0,4432,A
2-PB1,1433,1,0,4457,0,4458,G
2-PB1,1434,0,0,1,4443,4444,C
2-PB1,1435,4420,1,3,0,4424,A
2-PB1,1436,4423,1,3,1,4428,A
2-PB1,1437,4431,0,1,0,4432,A
2-PB1,1438,4456,2,4,1,4463,A
2-PB1,1439,4466,0,2,0,4468,A
2-PB1,1440,1,2,4461,0,4464,G
2-PB1,1441,4416,0,4,2,4422,A
2-PB1,1442,4368,2,11,1,4382,A
2-PB1,1443,2,0,4506,0,4508,G
2-PB1,1444,1,4495,0,3,4499,T
2-PB1,1445,7,3,0,4500,4510,C
2-PB1,1446,8,2,0,4514,4524,C
2-PB1,1447,1,4495,0,2,4498,T
2-PB1,1448,4556,2,3,0,4561,A
2-PB1,1449,1,4542,0,2,4545,T
2-PB1,1450,4549,2,2,0,4553,A
2-PB1,1451,0,4550,0,0,4550,T
2-PB1,1452,4428,0,1,0,4429,A
2-PB1,1453,4431,0,1,0,4432,A
2-PB1,1454,4413,1,2,0,4416,A
2-PB1,1455,2,4412,0,0,4414,T
2-PB1,1456,4377,0,0,1,4378,A
2-PB1,1457,4353,1,5,0,4359,A
2-PB1,1458,4364,0,3,1,4368,A
2-PB1,1459,4377,0,3,1,4381,A
2-PB1,1460,2,0,0,4376,4378,C
2-PB1,1461,4215,0,1,0,4216,A
2-PB1,1462,1,3,4209,1,4214,G
2-PB1,1463,1,4,4215,0,4220,G
2-PB1,1464,1,10,4211,0,4222,G
2-PB1,1465,4222,1,6,1,4230,A
2-PB1,1466,2,3,1,4236,4242,C
2-PB1,1467,4216,0,1,0,4217,A
2-PB1,1468,1,4239,0,2,4242,T
2-PB1,1469,0,4246,0,2,4248,T
2-PB1,1470,2,4243,0,3,4248,T
2-PB1,1471,0,5,4243,0,4248,G
2-PB1,1472,4212,2,2,1,4217,A
2-PB1,1473,4222,0,1,1,4224,A
2-PB1,1474,0,4223,0,3,4226,T
2-PB1,1475,3,4152,0,1,4156,T
2-PB1,1476,10,3,0,4156,4169,C
2-PB1,1477,4132,0,5,0,4137,A
2-PB1,1478,0,0,0,4136,4136,C
2-PB1,1479,0,4130,1,2,4133,T
2-PB1,1480,4133,0,3,1,4137,A
2-PB1,1481,0,0,4138,0,4138,G
2-PB1,1482,4,1,1,4134,4140,C
2-PB1,1483,1,4080,1,7,4089,T
2-PB1,1484,3,4150,0,0,4153,T
2-PB1,1485,2,4138,0,1,4141,T
2-PB1,1486,0,4139,0,0,4139,T
2-PB1,1487,2,4137,0,2,4141,T
2-PB1,1488,0,4128,1,2,4131,T
2-PB1,1489,0,4120,0,1,4121,T
2-PB1,1490,4120,0,1,0,4121,A
2-PB1,1491,1,4106,0,2,4109,T
2-PB1,1492,3,1,0,4114,4118,C
2-PB1,1493,0,5,4134,0,4139,G
2-PB1,1494,4259,1,1,0,4261,A
2-PB1,1495,0,4261,1,2,4264,T
2-PB1,1496,4258,2,2,0,4262,A
2-PB1,1497,1,4291,0,2,4294,T
2-PB1,1498,1,8,4280,1,4290,G
2-PB1,1499,4,6,4306,0,4316,G
2-PB1,1500,4313,0,7,1,4321,A
2-PB1,1501,0,4294,1,2,4297,T
2-PB1,1502,0,4261,1,1,4263,T
2-PB1,1503,0,4134,0,0,4134,T
2-PB1,1504,2,3,4134,1,4140,G
2-PB1,1505,0,4124,1,4,4129,T
2-PB1,1506,3,6,4115,0,4124,G
2-PB1,1507,2,1,4125,1,4129,G
2-PB1,1508,1,1,0,4101,4103,C
2-PB1,1509,0,4095,1,1,4097,T
2-PB1,1510,4104,0,1,0,4105,A
2-PB1,1511,4127,1,0,0,4128,A
2-PB1,1512,0,4138,0,1,4139,T
2-PB1,1513,0,4138,0,1,4139,T
2-PB1,1514,0,4137,0,1,4138,T
2-PB1,1515,0,4134,0,1,4135,T
2-PB1,1516,4122,1,6,0,4129,A
2-PB1,1517,0,1,4152,2,4155,G
2-PB1,1518,1,2,0,4152,4155,C
2-PB1,1519,4131,2,0,0,4133,A
2-PB1,1520,0,4095,0,2,4097,T
2-PB1,1521,0,8,4041,0,4049,G
2-PB1,1522,0,7,4091,0,4098,G
2-PB1,1523,4092,2,3,0,4097,A
2-PB1,1524,0,2,4101,0,4103,G
2-PB1,1525,1,2,0,4084,4087,C
2-PB1,1526,1,4038,0,3,4042,T
2-PB1,1527,0,0,4052,0,4052,G
2-PB1,1528,0,1,0,4044,4045,C
2-PB1,1529,4,2,0,4033,4039,C
2-PB1,1530,6,0,0,4060,4066,C
2-PB1,1531,3969,1,1,0,3971,A
2-PB1,1532,0,0,4146,0,4146,G
2-PB1,1533,0,4142,0,2,4144,T
2-PB1,1534,0,4142,0,0,4142,T
2-PB1,1535,0,4149,0,1,4150,T
2-PB1,1536,1,4102,0,0,4103,T
2-PB1,1537,2,3,4083,0,4088,G
2-PB1,1538,2,8,4089,0,4099,G
2-PB1,1539,4067,0,3,0,4070,A
2-PB1,1540,6,0,4072,0,4078,G
2-PB1,1541,0,3736,0,0,3736,T
2-PB1,1542,1,0,3871,0,3872,G
2-PB1,1543,0,3862,0,4,3866,T
2-PB1,1544,9,0,1,3857,3867,C
2-PB1,1545,3,3866,1,1,3871,T
2-PB1,1546,3,0,3867,0,3870,G
2-PB1,1547,4,9,3900,0,3913,G
2-PB1,1548,3911,1,1,0,3913,A
2-PB1,1549,3909,1,1,0,3911,A
2-PB1,1550,0,3892,1,2,3895,T
2-PB1,1551,3597,0,0,1,3598,A
2-PB1,1552,3600,0,2,0,3602,A
2-PB1,1553,3597,0,4,0,3601,A
2-PB1,1554,0,1,0,3601,3602,C
2-PB1,1555,4,6,3556,1,3567,G
2-PB1,1556,3509,3,0,1,3513,A
2-PB1,1557,1,0,3509,1,3511,G
2-PB1,1558,1,3494,0,4,3499,T
2-PB1,1559,6,1,0,3502,3509,C
2-PB1,1560,3479,0,7,1,3487,A
2-PB1,1561,0,0,3534,0,3534,G
2-PB1,1562,0,0,0,3530,3530,C
2-PB1,1563,0,3521,1,3,3525,T
2-PB1,1564,2,9,3595,0,3606,G
2-PB1,1565,3579,0,1,1,3581,A
2-PB1,1566,1,3582,1,2,3586,T
2-PB1,1567,3589,1,1,0,3591,A
2-PB1,1568,0,3532,0,0,3532,T
2-PB1,1569,0,12,3541,0,3553,G
2-PB1,1570,3402,0,3,0,3405,A
2-PB1,1571,3,2,3446,1,3452,G
2-PB1,1572,1,1,0,3450,3452,C
2-PB1,1573,3243,0,0,0,3243,A
2-PB1,1574,0,3239,2,0,3241,T
2-PB1,1575,2,3224,0,3,3229,T
2-PB1,1576,0,1,3267,0,3268,G
2-PB1,1577,0,3,3351,0,3354,G
2-PB1,1578,3290,1,4,0,3295,A
2-PB1,1579,0,0,3298,0,3298,G
2-PB1,1580,1,3151,0,3,3155,T
2-PB1,1581,3139,0,1,1,3141,A
2-PB1,1582,3136,2,5,1,3144,A
2-PB1,1583,0,1,0,3167,3168,C
2-PB1,1584,3144,0,3,1,3148,A
2-PB1,1585,2,0,3192,0,3194,G
2-PB1,1586,1,2861,1,1,2864,T
2-PB1,1587,0,4,2878,0,2882,G
2-PB1,1588,2900,1,4,0,2905,A
2-PB1,1589,0,2901,0,3,2904,T
2-PB1,1590,2903,0,1,0,2904,A
2-PB1,1591,2901,0,1,0,2902,A
2-PB1,1592,2805,0,11,0,2816,A
2-PB1,1593,1,6,2834,0,2841,G
2-PB1,1594,2700,1,3,0,2704,A
2-PB1,1595,2688,0,7,0,2695,A
2-PB1,1596,0,2,0,2703,2705,C
2-PB1,1597,2607,1,6,0,2614,A
2-PB1,1598,2639,1,2,0,2642,A
2-PB1,1599,1,0,0,2650,2651,C
2-PB1,1600,2677,0,0,0,2677,A
2-PB1,1601,0,2665,7,1,2673,T
2-PB1,1602,1,3,2614,0,2618,G
2-PB1,1603,2621,0,3,0,2624,A
2-PB1,1604,0,2618,0,0,2618,T
2-PB1,1605,2577,0,2,0,2579,A
2-PB1,1606,2603,0,0,1,2604,A
2-PB1,1607,2574,2,0,0,2576,A
2-PB1,1608,0,1,0,2591,2592,C
2-PB1,1609,2458,0,0,0,2458,A
2-PB1,1610,2454,0,0,1,2455,A
2-PB1,1611,1,2399,0,2,2402,T
2-PB1,1612,0,6,2397,1,2404,G
2-PB1,1613,2444,0,4,1,2449,A
2-PB1,1614,0,0,0,2460,2460,C
2-PB1,1615,3,0,3,2408,2414,C
2-PB1,1616,0,2340,0,0,2340,T
2-PB1,1617,2,2273,0,0,2275,T
2-PB1,1618,0,4,2268,0,2272,G
2-PB1,1619,1,7,2271,0,2279,G
2-PB1,1620,2299,1,1,0,2301,A
2-PB1,1621,0,3,0,2289,2292,C
2-PB1,1622,2,0,0,2270,2272,C
2-PB1,1623,2246,0,1,0,2247,A
2-PB1,1624,1,0,2262,0,2263,G
2-PB1,1625,1,0,0,2273,2274,C
2-PB1,1626,2269,1,1,0,2271,A
2-PB1,1627,2268,1,2,0,2271,A
2-PB1,1628,0,1,0,2263,2264,C
2-PB1,1629,2247,0,3,0,2250,A
2-PB1,1630,0,0,2298,0,2298,G
2-PB1,1631,0,0,0,2293,2293,C
2-PB1,1632,2,0,1,2294,2297,C
2-PB1,1633,3,0,0,2289,2292,C
2-PB1,1634,2298,1,0,0,2299,A
2-PB1,1635,2292,1,0,2,2295,A
2-PB1,1636,2293,1,5,0,2299,A
2-PB1,1637,1,2298,0,0,2299,T
2-PB1,1638,0,2,2281,1,2284,G
2-PB1,1639,0,1,2271,0,2272,G
2-PB1,1640,2,0,1,2271,2274,C
2-PB1,1641,0,2256,0,6,2262,T
2-PB1,1642,3,0,0,2315,2318,C
2-PB1,1643,0,2300,0,7,2307,T
2-PB1,1644,5,1,0,2312,2318,C
2-PB1,1645,1,2,0,2337,2340,C
2-PB1,1646,2342,0,0,0,2342,A
2-PB1,1647,2349,0,0,0,2349,A
2-PB1,1648,0,2332,0,0,2332,T
2-PB1,1649,1,2312,0,1,2314,T
2-PB1,1650,1,4,2316,0,2321,G
2-PB1,1651,0,2279,0,5,2284,T
2-PB1,1652,0,2274,0,2,2276,T
2-PB1,1653,4,8,0,2266,2278,C
2-PB1,1654,2276,0,1,0,2277,A
2-PB1,1655,0,2281,0,1,2282,T
2-PB1,1656,1,1,0,2272,2274,C
2-PB1,1657,2286,0,0,1,2287,A
2-PB1,1658,2289,0,1,0,2290,A
2-PB1,1659,2285,0,0,0,2285,A
2-PB1,1660,0,0,2336,0,2336,G
2-PB1,1661,2329,1,3,0,2333,A
2-PB1,1662,0,2324,0,0,2324,T
2-PB1,1663,0,2325,0,3,2328,T
2-PB1,1664,2335,0,2,0,2337,A
2-PB1,1665,0,1,0,2378,2379,C
2-PB1,1666,2368,1,1,0,2370,A
2-PB1,1667,0,1,2395,0,2396,G
2-PB1,1668,2377,0,2,0,2379,A
2-PB1,1669,0,2426,0,1,2427,T
2-PB1,1670,2430,0,2,0,2432,A
2-PB1,1671,1,1,0,2555,2557,C
2-PB1,1672,2602,0,4,0,2606,A
2-PB1,1673,0,2,0,2758,2760,C
2-PB1,1674,2724,0,0,0,2724,A
2-PB1,1675,0,2737,0,0,2737,T
2-PB1,1676,2708,0,1,0,2709,A
2-PB1,1677,0,2705,0,1,2706,T
2-PB1,1678,2644,0,0,0,2644,A
2-PB1,1679,1,0,2641,0,2642,G
2-PB1,1680,1,1,2599,0,2601,G
2-PB1,1681,0,2498,0,2,2500,T
2-PB1,1682,2,1,2466,0,2469,G
2-PB1,1683,1,0,1,2549,2551,C
2-PB1,1684,7,2,1,2538,2548,C
2-PB1,1685,2584,0,0,0,2584,A
2-PB1,1686,0,2581,0,0,2581,T
2-PB1,1687,2592,0,4,0,2596,A
2-PB1,1688,1,6,2603,0,2610,G
2-PB1,1689,2560,0,3,0,2563,A
2-PB1,1690,0,1,2577,0,2578,G
2-PB1,1691,0,6,2569,0,2575,G
2-PB1,1692,2492,0,2,0,2494,A
2-PB1,1693,0,9,2487,0,2496,G
2-PB1,1694,2475,0,2,0,2477,A
2-PB1,1695,0,2,0,2483,2485,C
2-PB1,1696,2480,2,5,1,2488,A
2-PB1,1697,1,1,0,2514,2516,C
2-PB1,1698,2518,0,2,0,2520,A
2-PB1,1699,0,1,0,2516,2517,C
2-PB1,1700,2494,0,1,0,2495,A
2-PB1,1701,2521,0,0,0,2521,A
2-PB1,1702,2543,0,1,0,2544,A
2-PB1,1703,0,2546,0,0,2546,T
2-PB1,1704,0,0,0,2547,2547,C
2-PB1,1705,2,1,0,2543,2546,C
2-PB1,1706,2510,0,4,0,2514,A
2-PB1,1707,1,6,2514,0,2521,G
2-PB1,1708,2518,1,2,1,2522,A
2-PB1,1709,4,1,0,2532,2537,C
2-PB1,1710,2,9,2518,0,2529,G
2-PB1,1711,2507,0,3,1,2511,A
2-PB1,1712,1,0,2507,0,2508,G
2-PB1,1713,2506,0,2,0,2508,A
2-PB1,1714,2503,0,7,0,2510,A
2-PB1,1715,0,4,2522,0,2526,G
2-PB1,1716,2514,1,5,0,2520,A
2-PB1,1717,0,2507,1,0,2508,T
2-PB1,1718,8,0,0,2493,2501,C
2-PB1,1719,2499,0,0,0,2499,A
2-PB1,1720,0,2483,0,0,2483,T
2-PB1,1721,0,2484,1,0,2485,T
2-PB1,1722,2,4,0,2484,2490,C
2-PB1,1723,0,3,2488,0,2491,G
2-PB1,1724,2474,0,1,1,2476,A
2-PB1,1725,0,2,2481,0,2483,G
2-PB1,1726,2469,0,0,0,2469,A
2-PB1,1727,0,2539,0,0,2539,T
2-PB1,1728,2552,0,1,0,2553,A
2-PB1,1729,2559,0,0,0,2559,A
2-PB1,1730,2556,1,2,0,2559,A
2-PB1,1731,4,3,2560,0,2567,G
2-PB1,1732,2561,0,2,0,2563,A
2-PB1,1733,2488,0,7,1,2496,A
2-PB1,1734,1,0,2512,0,2513,G
2-PB1,1735,0,1,0,2522,2523,C
2-PB1,1736,0,2500,0,0,2500,T
2-PB1,1737,1,1,2511,0,2513,G
2-PB1,1738,1,2506,0,1,2508,T
2-PB1,1739,2,4,2485,0,2491,G
2-PB1,1740,0,1,2491,0,2492,G
2-PB1,1741,0,9,2497,0,2506,G
2-PB1,1742,2515,0,0,0,2515,A
2-PB1,1743,0,2487,0,0,2487,T
2-PB1,1744,7,0,0,2471,2478,C
2-PB1,1745,2486,0,1,0,2487,A
2-PB1,1746,2496,1,0,0,2497,A
2-PB1,1747,2507,0,1,0,2508,A
2-PB1,1748,0,8,0,2497,2505,C
2-PB1,1749,0,0,0,2484,2484,C
2-PB1,1750,7,1,1,2470,2479,C
2-PB1,1751,2474,0,1,0,2475,A
2-PB1,1752,2525,0,2,0,2527,A
2-PB1,1753,0,2522,0,0,2522,T
2-PB1,1754,6,0,0,2524,2530,C
2-PB1,1755,2499,0,1,0,2500,A
2-PB1,1756,2494,0,1,0,2495,A
2-PB1,1757,0,2,2528,0,2530,G
2-PB1,1758,1,2,2524,0,2527,G
2-PB1,1759,1,0,2517,0,2518,G
2-PB1,1760,1,0,0,2518,2519,C
2-PB1,1761,2478,2,0,1,2481,A
2-PB1,1762,0,2,2528,0,2530,G
2-PB1,1763,0,6,2532,1,2539,G
2-PB1,1764,2556,0,2,0,2558,A
2-PB1,1765,0,0,0,2580,2580,C
2-PB1,1766,0,2540,0,2,2542,T
2-PB1,1767,2616,1,0,0,2617,A
2-PB1,1768,0,2604,0,2,2606,T
2-PB1,1769,0,2611,1,0,2612,T
2-PB1,1770,0,0,2619,1,2620,G
2-PB1,1771,1,0,2622,0,2623,G
2-PB1,1772,0,2592,1,4,2597,T
2-PB1,1773,2602,0,0,0,2602,A
2-PB1,1774,0,2575,0,2,2577,T
2-PB1,1775,7,0,0,2573,2580,C
2-PB1,1776,2545,0,1,0,2546,A
2-PB1,1777,1,0,2579,0,2580,G
2-PB1,1778,2567,0,3,0,2570,A
2-PB1,1779,0,2554,0,4,2558,T
2-PB1,1780,1,1,2457,0,2459,G
2-PB1,1781,0,2,2461,0,2463,G
2-PB1,1782,7,1,2461,0,2469,G
2-PB1,1783,0,2,2466,0,2468,G
2-PB1,1784,1,9,2474,0,2484,G
2-PB1,1785,2469,1,1,0,2471,A
2-PB1,1786,1,47,0,2410,2458,C
2-PB1,1787,3,0,0,2446,2449,C
2-PB1,1788,2449,0,1,0,2450,A
2-PB1,1789,2612,0,1,0,2613,A
2-PB1,1790,2619,0,0,0,2619,A
2-PB1,1791,0,0,0,2673,2673,C
2-PB1,1792,1,2636,0,2,2639,T
2-PB1,1793,0,2635,0,0,2635,T
2-PB1,1794,2642,0,3,0,2645,A
2-PB1,1795,0,2648,1,0,2649,T
2-PB1,1796,2649,0,2,0,2651,A
2-PB1,1797,0,1,0,2657,2658,C
2-PB1,1798,2456,0,0,0,2456,A
2-PB1,1799,2456,0,0,0,2456,A
2-PB1,1800,0,2412,1,0,2413,T
2-PB1,1801,2443,0,0,0,2443,A
2-PB1,1802,1,2437,0,1,2439,T
2-PB1,1803,3,0,0,2430,2433,C
2-PB1,1804,0,1,0,2438,2439,C
2-PB1,1805,2,0,2433,0,2435,G
2-PB1,1806,0,8,2430,0,2438,G
2-PB1,1807,2447,0,0,0,2447,A
2-PB1,1808,2445,1,2,1,2449,A
2-PB1,1809,0,2447,0,0,2447,T
2-PB1,1810,1,0,0,2470,2471,C
2-PB1,1811,2,2467,0,0,2469,T
2-PB1,1812,0,2475,1,3,2479,T
2-PB1,1813,2,1,0,2486,2489,C
2-PB1,1814,2479,1,5,0,2485,A
2-PB1,1815,1,1,0,2500,2502,C
2-PB1,1816,2491,1,0,0,2492,A
2-PB1,1817,2,2716,0,3,2721,T
2-PB1,1818,1,0,0,2722,2723,C
2-PB1,1819,1,2,1,2735,2739,C
2-PB1,1820,1,1,0,2742,2744,C
2-PB1,1821,0,2735,0,8,2743,T
2-PB1,1822,0,1,2742,0,2743,G
2-PB1,1823,2742,0,3,0,2745,A
2-PB1,1824,2736,0,1,0,2737,A
2-PB1,1825,1,1,2741,0,2743,G
2-PB1,1826,0,2573,0,6,2579,T
2-PB1,1827,5,2,0,2583,2590,C
2-PB1,1828,1,2540,0,1,2542,T
2-PB1,1829,1,0,2602,0,2603,G
2-PB1,1830,0,0,0,2601,2601,C
2-PB1,1831,0,2600,0,2,2602,T
2-PB1,1832,0,2601,0,4,2605,T
2-PB1,1833,2600,1,4,0,2605,A
2-PB1,1834,2597,0,1,0,2598,A
2-PB1,1835,2596,1,1,0,2598,A
2-PB1,1836,2536,1,2,0,2539,A
2-PB1,1837,0,2567,0,2,2569,T
2-PB1,1838,0,1,2565,0,2566,G
2-PB1,1839,2,1,2566,0,2569,G
2-PB1,1840,3,4,2560,0,2567,G
2-PB1,1841,2553,0,4,0,2557,A
2-PB1,1842,1,1,2572,0,2574,G
2-PB1,1843,0,0,0,2559,2559,C
2-PB1,1844,0,2546,0,2,2548,T
2-PB1,1845,0,2,2568,0,2570,G
2-PB1,1846,2561,1,4,1,2567,A
2-PB1,1847,1,2557,0,1,2559,T
2-PB1,1848,0,4,2560,0,2564,G
2-PB1,1849,1,1,2570,0,2572,G
2-PB1,1850,2574,0,1,1,2576,A
2-PB1,1851,0,2566,0,1,2567,T
2-PB1,1852,0,3,2565,0,2568,G
2-PB1,1853,2558,0,1,0,2559,A
2-PB1,1854,0,4,2602,0,2606,G
2-PB1,1855,2604,1,2,1,2608,A
2-PB1,1856,2603,1,0,1,2605,A
2-PB1,1857,1,2601,0,1,2603,T
2-PB1,1858,0,2584,0,0,2584,T
2-PB1,1859,2592,0,0,0,2592,A
2-PB1,1860,1,2590,0,0,2591,T
2-PB1,1861,1,5,0,2583,2589,C
2-PB1,1862,2,0,2600,0,2602,G
2-PB1,1863,3,3,2579,0,2585,G
2-PB1,1864,0,1,2578,0,2579,G
2-PB1,1865,2,1,2576,1,2580,G
2-PB1,1866,2574,1,2,0,2577,A
2-PB1,1867,2573,1,3,0,2577,A
2-PB1,1868,1,2,2594,0,2597,G
2-PB1,1869,2603,0,2,0,2605,A
2-PB1,1870,0,2,0,2624,2626,C
2-PB1,1871,0,2592,0,0,2592,T
2-PB1,1872,1,2640,0,0,2641,T
2-PB1,1873,0,2637,1,0,2638,T
2-PB1,1874,3,0,2664,0,2667,G
2-PB1,1875,0,2668,0,1,2669,T
2-PB1,1876,2659,0,1,0,2660,A
2-PB1,1877,2648,0,2,1,2651,A
2-PB1,1878,0,2602,0,0,2602,T
2-PB1,1879,2,0,1,2609,2612,C
2-PB1,1880,1,0,1,2620,2622,C
2-PB1,1881,1,1,0,2589,2591,C
2-PB1,1882,0,1,1,2604,2606,C
2-PB1,1883,0,2583,0,7,2590,T
2-PB1,1884,0,2,2597,1,2600,G
2-PB1,1885,2600,1,1,0,2602,A
2-PB1,1886,2610,0,0,0,2610,A
2-PB1,1887,0,2603,0,4,2607,T
2-PB1,1888,5,3,0,2589,2597,C
2-PB1,1889,1,1,0,2587,2589,C
2-PB1,1890,6,0,1,2568,2575,C
2-PB1,1891,0,2564,0,6,2570,T
2-PB1,1892,0,2582,0,0,2582,T
2-PB1,1893,2,2569,0,0,2571,T
2-PB1,1894,2,0,2564,0,2566,G
2-PB1,1895,0,2558,0,4,2562,T
2-PB1,1896,3,2,1,2557,2563,C
2-PB1,1897,2528,0,5,0,2533,A
2-PB1,1898,1,1,2575,0,2577,G
2-PB1,1899,0,0,1,2569,2570,C
2-PB1,1900,4,2,0,2567,2573,C
2-PB1,1901,2575,0,1,0,2576,A
2-PB1,1902,0,2582,1,1,2584,T
2-PB1,1903,2579,0,2,0,2581,A
2-PB1,1904,2585,1,1,0,2587,A
2-PB1,1905,2588,0,3,1,2592,A
2-PB1,1906,1,3,2612,0,2616,G
2-PB1,1907,2557,0,0,0,2557,A
2-PB1,1908,2557,0,2,0,2559,A
2-PB1,1909,2557,0,0,0,2557,A
2-PB1,1910,0,2553,0,0,2553,T
2-PB1,1911,0,2556,0,0,2556,T
2-PB1,1912,4,3,2556,0,2563,G
2-PB1,1913,2540,0,2,0,2542,A
2-PB1,1914,1,0,2576,0,2577,G
2-PB1,1915,0,2575,0,1,2576,T
2-PB1,1916,5,0,0,2589,2594,C
2-PB1,1917,1,2581,0,0,2582,T
2-PB1,1918,0,0,2626,0,2626,G
2-PB1,1919,1,2621,0,0,2622,T
2-PB1,1920,2658,0,0,0,2658,A
2-PB1,1921,2653,0,2,0,2655,A
2-PB1,1922,2657,0,0,1,2658,A
2-PB1,1923,0,0,1,2658,2659,C
2-PB1,1924,2580,0,0,0,2580,A
2-PB1,1925,2623,0,0,0,2623,A
2-PB1,1926,0,2619,0,0,2619,T
2-PB1,1927,6,1,2597,0,2604,G
2-PB1,1928,0,2,0,2620,2622,C
2-PB1,1929,0,2599,0,1,2600,T
2-PB1,1930,0,2,2662,0,2664,G
2-PB1,1931,1,2662,0,1,2664,T
2-PB1,1932,2700,0,5,0,2705,A
2-PB1,1933,1,1,2706,0,2708,G
2-PB1,1934,1,2652,0,2,2655,T
2-PB1,1935,2641,0,3,0,2644,A
2-PB1,1936,2619,1,0,0,2620,A
2-PB1,1937,0,2603,0,0,2603,T
2-PB1,1938,1,3,2596,0,2600,G
2-PB1,1939,0,3,0,2570,2573,C
2-PB1,1940,5,0,0,2546,2551,C
2-PB1,1941,2514,0,2,0,2516,A
2-PB1,1942,0,1,2573,0,2574,G
2-PB1,1943,0,1,0,2613,2614,C
2-PB1,1944,1,0,0,2603,2604,C
2-PB1,1945,2,0,1,2598,2601,C
2-PB1,1946,2595,1,2,0,2598,A
2-PB1,1947,0,2596,0,3,2599,T
2-PB1,1948,2,4,2597,0,2603,G
2-PB1,1949,1,1,2632,0,2634,G
2-PB1,1950,0,2626,0,2,2628,T
2-PB1,1951,4,0,0,2578,2582,C
2-PB1,1952,3,0,0,2544,2547,C
2-PB1,1953,0,2537,1,4,2542,T
2-PB1,1954,4,1,2578,0,2583,G
2-PB1,1955,2,0,0,2568,2570,C
2-PB1,1956,6,1,0,2574,2581,C
2-PB1,1957,2573,0,2,0,2575,A
2-PB1,1958,2538,0,0,1,2539,A
2-PB1,1959,2537,0,0,0,2537,A
2-PB1,1960,2537,0,0,1,2538,A
2-PB1,1961,0,0,2577,0,2577,G
2-PB1,1962,0,2545,0,0,2545,T
2-PB1,1963,2537,0,1,0,2538,A
2-PB1,1964,0,2535,0,0,2535,T
2-PB1,1965,0,4,2534,0,2538,G
2-PB1,1966,0,3,2570,0,2573,G
2-PB1,1967,2563,0,0,1,2564,A
2-PB1,1968,2586,0,2,0,2588,A
2-PB1,1969,0,2576,0,0,2576,T
2-PB1,1970,2532,0,1,0,2533,A
2-PB1,1971,1,2528,0,2,2531,T
2-PB1,1972,0,2,2507,0,2509,G
2-PB1,1973,2515,1,1,0,2517,A
2-PB1,1974,2,2502,0,1,2505,T
2-PB1,1975,1,2,2436,0,2439,G
2-PB1,1976,0,0,0,2438,2438,C
2-PB1,1977,5,1,0,2409,2415,C
2-PB1,1978,1,0,2420,0,2421,G
2-PB1,1979,2,2408,0,0,2410,T
2-PB1,1980,1,2406,0,5,2412,T
2-PB1,1981,0,3,2405,0,2408,G
2-PB1,1982,0,0,0,2452,2452,C
2-PB1,1983,2453,0,1,0,2454,A
2-PB1,1984,2470,1,3,0,2474,A
2-PB1,1985,0,1,0,2476,2477,C
2-PB1,1986,1,2457,0,2,2460,T
2-PB1,1987,2460,0,3,0,2463,A
2-PB1,1988,0,1,0,2460,2461,C
2-PB1,1989,2459,1,0,0,2460,A
2-PB1,1990,1,1,0,2460,2462,C
2-PB1,1991,2378,0,0,0,2378,A
2-PB1,1992,0,0,0,2561,2561,C
2-PB1,1993,0,2521,0,3,2524,T
2-PB1,1994,2,7,0,2528,2537,C
2-PB1,1995,2,3,0,2533,2538,C
2-PB1,1996,0,2525,0,2,2527,T
2-PB1,1997,0,3,2525,0,2528,G
2-PB1,1998,1,0,2527,0,2528,G
2-PB1,1999,2521,0,0,0,2521,A
2-PB1,2000,0,2518,1,1,2520,T
2-PB1,2001,0,2249,0,1,2250,T
2-PB1,2002,2,0,0,2246,2248,C
2-PB1,2003,2,0,0,2238,2240,C
2-PB1,2004,0,2226,0,1,2227,T
2-PB1,2005,2272,0,0,0,2272,A
2-PB1,2006,2268,0,1,0,2269,A
2-PB1,2007,0,3,2270,0,2273,G
2-PB1,2008,2254,0,9,0,2263,A
2-PB1,2009,1,1,2250,0,2252,G
2-PB1,2010,0,3,2251,0,2254,G
2-PB1,2011,2204,0,1,1,2206,A
2-PB1,2012,2203,1,2,0,2206,A
2-PB1,2013,0,0,0,2201,2201,C
2-PB1,2014,5,0,1,2171,2177,C
2-PB1,2015,1,0,2213,0,2214,G
2-PB1,2016,1,2,0,2211,2214,C
2-PB1,2017,0,2200,0,4,2204,T
2-PB1,2018,5,0,0,2221,2226,C
2-PB1,2019,1,2207,0,2,2210,T
2-PB1,2020,2340,1,1,0,2342,A
2-PB1,2021,0,2337,0,4,2341,T
2-PB1,2022,1,2346,0,0,2347,T
2-PB1,2023,6,1,0,2343,2350,C
2-PB1,2024,0,2292,0,1,2293,T
2-PB1,2025,2295,0,0,0,2295,A
2-PB1,2026,2297,0,0,0,2297,A
2-PB1,2027,2301,0,0,0,2301,A
2-PB1,2028,0,1,0,2298,2299,C
2-PB1,2029,2128,0,0,0,2128,A
2-PB1,2030,0,0,0,2127,2127,C
2-PB1,2031,2096,1,0,0,2097,A
2-PB1,2032,2120,0,2,0,2122,A
2-PB1,2033,0,0,2131,0,2131,G
2-PB1,2034,3,0,0,2121,2124,C
2-PB1,2035,1,0,0,2128,2129,C
2-PB1,2036,2112,0,1,0,2113,A
2-PB1,2037,2120,0,0,0,2120,A
2-PB1,2038,2115,0,2,0,2117,A
2-PB1,2039,0,1,2127,0,2128,G
2-PB1,2040,1,2,2125,0,2128,G
2-PB1,2041,2,0,2104,0,2106,G
2-PB1,2042,0,5,2097,1,2103,G
2-PB1,2043,2085,0,2,0,2087,A
2-PB1,2044,2098,0,0,0,2098,A
2-PB1,2045,0,2091,0,1,2092,T
2-PB1,2046,0,2107,0,0,2107,T
2-PB1,2047,4,0,0,2103,2107,C
2-PB1,2048,1,2091,0,1,2093,T
2-PB1,2049,0,2096,0,1,2097,T
2-PB1,2050,1,0,2098,0,2099,G
2-PB1,2051,2097,0,5,1,2103,A
2-PB1,2052,0,1,2107,0,2108,G
2-PB1,2053,0,1,2101,0,2102,G
2-PB1,2054,2102,0,0,0,2102,A
2-PB1,2055,0,2093,0,0,2093,T
2-PB1,2056,0,12,2089,0,2101,G
2-PB1,2057,2096,1,1,0,2098,A
2-PB1,2058,2099,0,2,0,2101,A
2-PB1,2059,0,2,0,2102,2104,C
2-PB1,2060,2077,0,2,0,2079,A
2-PB1,2061,0,0,2096,0,2096,G
2-PB1,2062,2081,0,1,0,2082,A
2-PB1,2063,0,2086,0,1,2087,T
2-PB1,2064,2,0,2091,0,2093,G
2-PB1,2065,0,2105,0,1,2106,T
2-PB1,2066,2103,0,2,0,2105,A
2-PB1,2067,0,0,0,2101,2101,C
2-PB1,2068,2,0,0,2088,2090,C
2-PB1,2069,2068,0,1,0,2069,A
2-PB1,2070,0,0,2039,0,2039,G
2-PB1,2071,2007,0,1,0,2008,A
2-PB1,2072,1996,0,1,0,1997,A
2-PB1,2073,0,0,2008,0,2008,G
2-PB1,2074,0,1905,0,2,1907,T
2-PB1,2075,0,0,1918,0,1918,G
2-PB1,2076,2,0,0,1904,1906,C
2-PB1,2077,0,1907,0,3,1910,T
2-PB1,2078,4,1,1907,0,1912,G
2-PB1,2079,2,0,0,1907,1909,C
2-PB1,2080,1906,0,0,0,1906,A
2-PB1,2081,1907,0,1,0,1908,A
2-PB1,2082,0,0,0,1870,1870,C
2-PB1,2083,0,1860,0,1,1861,T
2-PB1,2084,0,1839,0,0,1839,T
2-PB1,2085,3,1,1830,1,1835,G
2-PB1,2086,1,1838,0,0,1839,T
2-PB1,2087,1,1834,0,0,1835,T
2-PB1,2088,7,0,0,1828,1835,C
2-PB1,2089,2,5,1826,0,1833,G
2-PB1,2090,1833,1,1,0,1835,A
2-PB1,2091,0,3,1834,0,1837,G
2-PB1,2092,1835,0,0,0,1835,A
2-PB1,2093,1826,1,2,0,1829,A
2-PB1,2094,1827,0,1,0,1828,A
2-PB1,2095,0,1830,0,0,1830,T
2-PB1,2096,0,1833,1,0,1834,T
2-PB1,2097,0,1831,0,1,1832,T
2-PB1,2098,0,1831,0,0,1831,T
2-PB1,2099,1,1821,0,0,1822,T
2-PB1,2100,0,0,0,1830,1830,C
2-PB1,2101,0,0,0,1836,1836,C
2-PB1,2102,1,0,0,1836,1837,C
2-PB1,2103,1,1835,0,3,1839,T
2-PB1,2104,1836,1,1,0,1838,A
2-PB1,2105,0,0,1843,0,1843,G
2-PB1,2106,0,1844,0,0,1844,T
2-PB1,2107,1848,0,0,0,1848,A
2-PB1,2108,0,0,1859,0,1859,G
2-PB1,2109,0,1838,0,1,1839,T
2-PB1,2110,1,1882,1,1,1885,T
2-PB1,2111,5,1,0,1892,1898,C
2-PB1,2112,1930,0,0,0,1930,A
2-PB1,2113,1,1928,0,2,1931,T
2-PB1,2114,1928,0,0,0,1928,A
2-PB1,2115,0,1930,0,0,1930,T
2-PB1,2116,1866,1,1,1,1869,A
2-PB1,2117,0,1,1857,0,1858,G
2-PB1,2118,0,3,1840,1,1844,G
2-PB1,2119,1629,0,5,0,1634,A
2-PB1,2120,0,7,1630,0,1637,G
2-PB1,2121,1552,1,0,0,1553,A
2-PB1,2122,0,1,0,1551,1552,C
2-PB1,2123,1,2,0,1491,1494,C
2-PB1,2124,0,1,1496,0,1497,G
2-PB1,2125,1497,0,0,0,1497,A
2-PB1,2126,0,1488,0,1,1489,T
2-PB1,2127,0,1489,0,0,1489,T
2-PB1,2128,0,2,1491,0,1493,G
2-PB1,2129,0,2,1486,0,1488,G
2-PB1,2130,1490,0,0,1,1491,A
2-PB1,2131,1489,0,0,0,1489,A
2-PB1,2132,1,1484,2,2,1489,T
2-PB1,2133,0,1489,0,0,1489,T
2-PB1,2134,0,1482,0,0,1482,T
2-PB1,2135,3,0,0,1481,1484,C
2-PB1,2136,0,1482,0,3,1485,T
2-PB1,2137,1479,0,0,0,1479,A
2-PB1,2138,1,0,1484,0,1485,G
2-PB1,2139,0,1,1,1479,1481,C
2-PB1,2140,1475,1,2,0,1478,A
2-PB1,2141,0,1471,1,0,1472,T
2-PB1,2142,0,3,1441,0,1444,G
2-PB1,2143,0,0,1470,0,1470,G
2-PB1,2144,2,1463,0,1,1466,T
2-PB1,2145,1,1,1460,0,1462,G
2-PB1,2146,1,0,1460,0,1461,G
2-PB1,2147,1442,0,2,1,1445,A
2-PB1,2148,1,1,1450,0,1452,G
2-PB1,2149,0,0,1444,0,1444,G
2-PB1,2150,1,1,0,1434,1436,C
2-PB1,2151,0,0,0,1422,1422,C
2-PB1,2152,1320,0,1,0,1321,A
2-PB1,2153,0,1320,0,2,1322,T
2-PB1,2154,0,1,1328,0,1329,G
2-PB1,2155,0,0,1335,0,1335,G
2-PB1,2156,0,1292,0,1,1293,T
2-PB1,2157,1,0,1291,0,1292,G
2-PB1,2158,0,1273,0,3,1276,T
2-PB1,2159,1,0,0,1261,1262,C
2-PB1,2160,0,1267,0,0,1267,T
2-PB1,2161,1249,0,0,0,1249,A
2-PB1,2162,0,2,1247,0,1249,G
2-PB1,2163,0,1,1213,0,1214,G
2-PB1,2164,0,2,1197,0,1199,G
2-PB1,2165,2,0,0,1167,1169,C
2-PB1,2166,2,0,0,1113,1115,C
2-PB1,2167,2,0,0,1090,1092,C
2-PB1,2168,2,4,1082,0,1088,G
2-PB1,2169,0,2,1093,0,1095,G
2-PB1,2170,1093,1,0,1,1095,A
2-PB1,2171,1,1089,0,1,1091,T
2-PB1,2172,0,1047,0,0,1047,T
2-PB1,2173,0,1,1036,0,1037,G
2-PB1,2174,1036,0,1,1,1038,A
2-PB1,2175,0,1040,0,1,1041,T
2-PB1,2176,2,0,1039,0,1041,G
2-PB1,2177,1,0,0,1030,1031,C
2-PB1,2178,0,2,0,1025,1027,C
2-PB1,2179,1019,0,1,0,1020,A
2-PB1,2180,0,3,1017,1,1021,G
2-PB1,2181,1021,0,0,0,1021,A
2-PB1,2182,1015,1,2,1,1019,A
2-PB1,2183,2,1015,0,1,1018,T
2-PB1,2184,0,991,0,1,992,T
2-PB1,2185,0,3,990,0,993,G
2-PB1,2186,990,0,0,0,990,A
2-PB1,2187,0,0,0,988,988,C
2-PB1,2188,0,973,0,6,979,T
2-PB1,2189,1,978,0,0,979,T
2-PB1,2190,1,1,0,973,975,C
2-PB1,2191,1,0,970,0,971,G
2-PB1,2192,972,0,0,0,972,A
2-PB1,2193,0,1,951,0,952,G
2-PB1,2194,0,959,0,1,960,T
2-PB1,2195,2,0,0,961,963,C
2-PB1,2196,0,961,0,1,962,T
2-PB1,2197,0,0,962,0,962,G
2-PB1,2198,0,2,961,0,963,G
2-PB1,2199,962,0,0,0,962,A
2-PB1,2200,896,0,1,0,897,A
2-PB1,2201,0,0,898,0,898,G
2-PB1,2202,0,2,908,0,910,G
2-PB1,2203,908,0,0,0,908,A
2-PB1,2204,0,902,0,0,902,T
2-PB1,2205,0,901,0,0,901,T
2-PB1,2206,900,0,0,0,900,A
2-PB1,2207,900,1,1,0,902,A
2-PB1,2208,0,1,900,0,901,G
2-PB1,2209,896,0,0,0,896,A
2-PB1,2210,884,0,1,0,885,A
2-PB1,2211,776,0,1,0,777,A
2-PB1,2212,0,1,781,0,782,G
2-PB1,2213,783,0,0,0,783,A
2-PB1,2214,782,1,0,0,783,A
2-PB1,2215,0,3,781,0,784,G
2-PB1,2216,727,1,1,0,729,A
2-PB1,2217,1,0,729,0,730,G
2-PB1,2218,0,698,0,1,699,T
2-PB1,2219,1,690,0,1,692,T
2-PB1,2220,5,0,0,694,699,C
2-PB1,2221,0,686,0,0,686,T
2-PB1,2222,2,1,0,684,687,C
2-PB1,2223,1,686,0,1,688,T
2-PB1,2224,0,2,682,0,684,G
2-PB1,2225,668,0,2,0,670,A
2-PB1,2226,1,1,662,0,664,G
2-PB1,2227,656,0,0,0,656,A
2-PB1,2228,0,640,0,1,641,T
2-PB1,2229,1,0,0,612,613,C
2-PB1,2230,611,0,1,0,612,A
2-PB1,2231,0,611,0,0,611,T
2-PB1,2232,0,0,611,0,611,G
2-PB1,2233,607,0,2,0,609,A
2-PB1,2234,605,0,2,0,607,A
2-PB1,2235,0,1,596,0,597,G
2-PB1,2236,580,0,2,0,582,A
2-PB1,2237,0,576,0,1,577,T
2-PB1,2238,2,0,0,569,571,C
2-PB1,2239,0,530,1,0,531,T
2-PB1,2240,0,0,530,0,530,G
2-PB1,2241,0,529,0,1,530,T
2-PB1,2242,0,524,0,1,525,T
2-PB1,2243,2,0,0,522,524,C
2-PB1,2244,0,1,0,503,504,C
2-PB1,2245,499,0,0,0,499,A
2-PB1,2246,0,0,0,499,499,C
2-PB1,2247,0,0,0,470,470,C
2-PB1,2248,449,0,0,0,449,A
2-PB1,2249,0,421,0,0,421,T
2-PB1,2250,0,399,0,1,400,T
2-PB1,2251,0,0,398,0,398,G
2-PB1,2252,397,0,0,0,397,A
2-PB1,2253,393,0,0,0,393,A
2-PB1,2254,0,1,392,0,393,G
2-PB1,2255,337,0,0,0,337,A
2-PB1,2256,337,0,0,0,337,A
2-PB1,2257,0,0,0,336,336,C
2-PB1,2258,0,321,0,0,321,T
2-PB1,2259,0,0,0,322,322,C
2-PB1,2260,312,0,0,0,312,A
2-PB1,2261,0,0,312,0,312,G
2-PB1,2262,312,0,0,0,312,A
2-PB1,2263,0,0,0,293,293,C
2-PB1,2264,0,0,288,0,288,G
2-PB1,2265,0,0,284,0,284,G
2-PB1,2266,0,0,0,281,281,C
2-PB1,2267,283,0,1,0,284,A
2-PB1,2268,284,0,0,0,284,A
2-PB1,2269,284,0,0,0,284,A
2-PB1,2270,282,0,0,0,282,A
2-PB1,2271,282,0,0,0,282,A
2-PB1,2272,0,273,0,0,273,T
2-PB1,2273,266,0,0,0,266,A
2-PB1,2274,265,0,0,0,265,A
3-PA,1,108,0,0,0,108,A
3-PA,2,0,108,0,0,108,T
3-PA,3,0,0,119,0,119,G
3-PA,4,0,0,120,1,121,G
3-PA,5,122,0,0,0,122,A
3-PA,6,122,0,0,0,122,A
3-PA,7,0,0,123,0,123,G
3-PA,8,127,0,0,0,127,A
3-PA,9,0,127,0,0,127,T
3-PA,10,0,127,0,0,127,T
3-PA,11,0,129,0,0,129,T
3-PA,12,0,129,0,0,129,T
3-PA,13,0,0,128,0,128,G
3-PA,14,0,129,0,0,129,T
3-PA,15,0,0,130,0,130,G
3-PA,16,0,0,0,136,136,C
3-PA,17,0,0,136,0,136,G
3-PA,18,149,0,0,0,149,A
3-PA,19,0,0,0,149,149,C
3-PA,20,149,0,0,0,149,A
3-PA,21,152,0,0,0,152,A
3-PA,22,0,161,0,0,161,T
3-PA,23,0,0,184,0,184,G
3-PA,24,0,0,0,187,187,C
3-PA,25,0,187,0,1,188,T
3-PA,26,0,189,0,0,189,T
3-PA,27,0,0,0,189,189,C
3-PA,28,192,0,1,0,193,A
3-PA,29,199,0,0,0,199,A
3-PA,30,0,0,0,210,210,C
3-PA,31,0,0,0,209,209,C
3-PA,32,2,0,0,210,212,C
3-PA,33,1,0,213,0,214,G
3-PA,34,214,0,0,0,214,A
3-PA,35,0,215,0,0,215,T
3-PA,36,0,0,215,0,215,G
3-PA,37,218,0,0,0,218,A
3-PA,38,0,226,0,0,226,T
3-PA,39,0,226,0,0,226,T
3-PA,40,0,0,226,0,226,G
3-PA,41,0,225,0,0,225,T
3-PA,42,0,0,0,226,226,C
3-PA,43,0,2,224,0,226,G
3-PA,44,225,0,0,0,225,A
3-PA,45,226,0,0,0,226,A
3-PA,46,0,0,0,228,228,C
3-PA,47,0,227,0,0,227,T
3-PA,48,0,228,0,0,228,T
3-PA,49,0,1,227,0,228,G
3-PA,50,0,0,0,229,229,C
3-PA,51,228,0,1,0,229,A
3-PA,52,0,0,231,0,231,G
3-PA,53,232,0,0,0,232,A
3-PA,54,232,0,0,0,232,A
3-PA,55,234,0,0,0,234,A
3-PA,56,238,0,0,0,238,A
3-PA,57,239,0,1,0,240,A
3-PA,58,0,1,240,0,241,G
3-PA,59,0,0,0,248,248,C
3-PA,60,247,0,0,0,247,A
3-PA,61,267,0,0,0,267,A
3-PA,62,0,270,0,0,270,T
3-PA,63,2,1,275,0,278,G
3-PA,64,279,1,0,0,280,A
3-PA,65,279,0,0,0,279,A
3-PA,66,280,0,2,0,282,A
3-PA,67,0,1,294,0,295,G
3-PA,68,307,0,0,0,307,A
3-PA,69,0,0,361,0,361,G
3-PA,70,0,362,0,0,362,T
3-PA,71,363,0,0,0,363,A
3-PA,72,0,364,0,0,364,T
3-PA,73,0,0,366,0,366,G
3-PA,74,0,0,367,0,367,G
3-PA,75,0,2,361,0,363,G
3-PA,76,1,1,361,0,363,G
3-PA,77,363,0,0,0,363,A
3-PA,78,0,1,366,0,367,G
3-PA,79,0,3,373,0,376,G
3-PA,80,374,0,0,0,374,A
3-PA,81,0,378,0,1,379,T
3-PA,82,2,0,0,379,381,C
3-PA,83,0,380,0,0,380,T
3-PA,84,0,1,380,0,381,G
3-PA,85,380,0,0,0,380,A
3-PA,86,379,0,0,0,379,A
3-PA,87,380,0,0,1,381,A
3-PA,88,380,0,0,1,381,A
3-PA,89,0,383,0,0,383,T
3-PA,90,0,383,0,0,383,T
3-PA,91,0,0,383,0,383,G
3-PA,92,383,0,1,0,384,A
3-PA,93,384,0,0,0,384,A
3-PA,94,383,0,0,0,383,A
3-PA,95,0,0,0,385,385,C
3-PA,96,386,0,0,0,386,A
3-PA,97,386,0,0,0,386,A
3-PA,98,387,0,0,0,387,A
3-PA,99,0,0,0,387,387,C
3-PA,100,387,0,0,0,387,A
3-PA,101,394,0,0,0,394,A
3-PA,102,395,0,0,0,395,A
3-PA,103,0,393,0,0,393,T
3-PA,104,0,400,0,0,400,T
3-PA,105,0,398,0,1,399,T
3-PA,106,1,0,400,0,401,G
3-PA,107,2,0,0,400,402,C
3-PA,108,402,0,1,0,403,A
3-PA,109,0,0,413,1,414,G
3-PA,110,0,0,0,415,415,C
3-PA,111,439,0,0,0,439,A
3-PA,112,445,0,0,0,445,A
3-PA,113,0,445,0,0,445,T
3-PA,114,450,0,1,0,451,A
3-PA,115,0,450,0,1,451,T
3-PA,116,0,0,453,0,453,G
3-PA,117,0,1,0,453,454,C
3-PA,118,449,0,1,0,450,A
3-PA,119,0,0,0,457,457,C
3-PA,120,0,454,0,1,455,T
3-PA,121,1,0,0,540,541,C
3-PA,122,548,0,0,0,548,A
3-PA,123,0,0,0,558,558,C
3-PA,124,0,557,0,0,557,T
3-PA,125,1,557,0,0,558,T
3-PA,126,1,0,555,0,556,G
3-PA,127,0,0,567,0,567,G
3-PA,128,563,0,1,0,564,A
3-PA,129,0,2,573,0,575,G
3-PA,130,0,0,577,0,577,G
3-PA,131,0,565,0,0,565,T
3-PA,132,0,0,579,0,579,G
3-PA,133,0,581,0,0,581,T
3-PA,134,1,0,591,0,592,G
3-PA,135,0,589,1,0,590,T
3-PA,136,0,588,1,0,589,T
3-PA,137,0,593,0,1,594,T
3-PA,138,1,2,0,592,595,C
3-PA,139,598,1,1,0,600,A
3-PA,140,0,597,0,0,597,T
3-PA,141,0,0,608,0,608,G
3-PA,142,0,608,0,0,608,T
3-PA,143,609,0,1,0,610,A
3-PA,144,0,607,0,0,607,T
3-PA,145,0,609,0,1,610,T
3-PA,146,0,0,0,609,609,C
3-PA,147,607,0,0,0,607,A
3-PA,148,0,0,616,0,616,G
3-PA,149,618,0,1,1,620,A
3-PA,150,0,622,0,0,622,T
3-PA,151,0,620,0,0,620,T
3-PA,152,0,621,0,0,621,T
3-PA,153,1,0,0,618,619,C
3-PA,154,0,0,0,631,631,C
3-PA,155,632,0,0,0,632,A
3-PA,156,0,631,0,1,632,T
3-PA,157,0,629,0,1,630,T
3-PA,158,0,631,0,1,632,T
3-PA,159,0,0,0,634,634,C
3-PA,160,629,1,4,0,634,A
3-PA,161,0,640,0,0,640,T
3-PA,162,0,0,0,641,641,C
3-PA,163,642,0,0,0,642,A
3-PA,164,643,0,0,0,643,A
3-PA,165,0,644,0,0,644,T
3-PA,166,0,2,665,0,667,G
3-PA,167,668,0,1,0,669,A
3-PA,168,668,0,0,0,668,A
3-PA,169,0,0,0,674,674,C
3-PA,170,670,1,1,0,672,A
3-PA,171,678,0,0,0,678,A
3-PA,172,0,2,676,0,678,G
3-PA,173,0,8,668,0,676,G
3-PA,174,660,0,1,0,661,A
3-PA,175,0,2,701,0,703,G
3-PA,176,732,0,0,0,732,A
3-PA,177,736,0,0,0,736,A
3-PA,178,1,734,0,0,735,T
3-PA,179,0,1,0,751,752,C
3-PA,180,750,0,0,0,750,A
3-PA,181,751,1,0,0,752,A
3-PA,182,0,756,0,0,756,T
3-PA,183,755,0,1,0,756,A
3-PA,184,0,0,773,0,773,G
3-PA,185,0,776,0,0,776,T
3-PA,186,0,6,776,0,782,G
3-PA,187,1,1,782,0,784,G
3-PA,188,0,781,0,0,781,T
3-PA,189,781,0,0,0,781,A
3-PA,190,0,0,790,0,790,G
3-PA,191,789,0,0,0,789,A
3-PA,192,790,0,1,0,791,A
3-PA,193,0,0,0,790,790,C
3-PA,194,0,784,1,1,786,T
3-PA,195,0,785,0,0,785,T
3-PA,196,0,1,786,0,787,G
3-PA,197,786,0,0,0,786,A
3-PA,198,0,0,0,785,785,C
3-PA,199,0,1,781,0,782,G
3-PA,200,807,0,0,0,807,A
3-PA,201,0,817,0,0,817,T
3-PA,202,2,0,0,813,815,C
3-PA,203,1,0,0,826,827,C
3-PA,204,826,0,0,0,826,A
3-PA,205,826,0,0,0,826,A
3-PA,206,828,0,1,0,829,A
3-PA,207,0,828,0,0,828,T
3-PA,208,0,0,828,0,828,G
3-PA,209,0,1,0,823,824,C
3-PA,210,812,0,0,0,812,A
3-PA,211,0,0,0,844,844,C
3-PA,212,0,835,0,1,836,T
3-PA,213,3,0,947,0,950,G
3-PA,214,0,947,0,0,947,T
3-PA,215,0,949,0,1,950,T
3-PA,216,950,0,1,0,951,A
3-PA,217,949,0,1,0,950,A
3-PA,218,948,0,0,0,948,A
3-PA,219,0,0,951,0,951,G
3-PA,220,0,0,0,945,945,C
3-PA,221,935,0,0,0,935,A
3-PA,222,0,0,0,929,929,C
3-PA,223,889,0,1,0,890,A
3-PA,224,0,2,924,0,926,G
3-PA,225,927,0,0,0,927,A
3-PA,226,0,926,0,0,926,T
3-PA,227,0,925,0,0,925,T
3-PA,228,0,923,0,0,923,T
3-PA,229,0,3,923,0,926,G
3-PA,230,929,0,1,0,930,A
3-PA,231,927,0,0,0,927,A
3-PA,232,927,0,0,1,928,A
3-PA,233,1,917,0,0,918,T
3-PA,234,918,0,0,0,918,A
3-PA,235,917,0,2,0,919,A
3-PA,236,0,916,0,0,916,T
3-PA,237,1,902,0,0,903,T
3-PA,238,0,0,924,0,924,G
3-PA,239,923,0,2,0,925,A
3-PA,240,1,1,930,0,932,G
3-PA,241,0,2,941,0,943,G
3-PA,242,1,3,932,0,936,G
3-PA,243,0,4,933,0,937,G
3-PA,244,925,0,1,0,926,A
3-PA,245,0,3,928,0,931,G
3-PA,246,953,1,0,0,954,A
3-PA,247,0,0,965,0,965,G
3-PA,248,964,0,0,1,965,A
3-PA,249,0,0,0,967,967,C
3-PA,250,961,0,2,0,963,A
3-PA,251,0,4,974,0,978,G
3-PA,252,978,0,0,0,978,A
3-PA,253,986,0,2,0,988,A
3-PA,254,0,0,0,986,986,C
3-PA,255,962,0,0,0,962,A
3-PA,256,959,1,0,0,960,A
3-PA,257,0,957,0,0,957,T
3-PA,258,0,0,1009,0,1009,G
3-PA,259,0,0,1009,0,1009,G
3-PA,260,0,0,0,1001,1001,C
3-PA,261,0,0,0,1008,1008,C
3-PA,262,0,998,0,1,999,T
3-PA,263,0,2,1025,0,1027,G
3-PA,264,0,1,1027,0,1028,G
3-PA,265,1022,0,1,0,1023,A
3-PA,266,0,2,0,1036,1038,C
3-PA,267,1009,0,0,0,1009,A
3-PA,268,0,0,1143,0,1143,G
3-PA,269,0,1140,1,0,1141,T
3-PA,270,1153,0,2,0,1155,A
3-PA,271,0,0,1154,0,1154,G
3-PA,272,0,1136,0,0,1136,T
3-PA,273,1137,0,0,0,1137,A
3-PA,274,1138,0,1,0,1139,A
3-PA,275,1133,0,2,0,1135,A
3-PA,276,1,0,0,1150,1151,C
3-PA,277,1092,0,1,0,1093,A
3-PA,278,0,0,1115,0,1115,G
3-PA,279,1,1100,1,0,1102,T
3-PA,280,1115,1,1,0,1117,A
3-PA,281,0,1112,0,2,1114,T
3-PA,282,2,0,0,1129,1131,C
3-PA,283,0,1127,0,0,1127,T
3-PA,284,0,3,1128,0,1131,G
3-PA,285,0,0,0,1131,1131,C
3-PA,286,1131,0,0,0,1131,A
3-PA,287,1121,0,1,0,1122,A
3-PA,288,4,0,0,1133,1137,C
3-PA,289,1130,1,0,0,1131,A
3-PA,290,1,0,0,1179,1180,C
3-PA,291,0,1163,0,2,1165,T
3-PA,292,1171,0,1,0,1172,A
3-PA,293,0,0,0,1170,1170,C
3-PA,294,1,1168,0,1,1170,T
3-PA,295,2,1,1164,0,1167,G
3-PA,296,0,0,1171,0,1171,G
3-PA,297,1153,0,2,0,1155,A
3-PA,298,0,0,1162,0,1162,G
3-PA,299,1,0,0,1125,1126,C
3-PA,300,0,1123,0,1,1124,T
3-PA,301,0,1,1118,0,1119,G
3-PA,302,1,1,1116,0,1118,G
3-PA,303,1,2,1109,0,1112,G
3-PA,304,1112,0,3,0,1115,A
3-PA,305,1117,0,2,0,1119,A
3-PA,306,1119,0,1,0,1120,A
3-PA,307,0,0,0,1118,1118,C
3-PA,308,1,1,0,1116,1118,C
3-PA,309,0,0,1124,0,1124,G
3-PA,310,1124,0,0,0,1124,A
3-PA,311,1115,0,2,1,1118,A
3-PA,312,0,0,1128,0,1128,G
3-PA,313,1,1128,0,0,1129,T
3-PA,314,0,1127,0,0,1127,T
3-PA,315,0,1129,0,0,1129,T
3-PA,316,1,0,0,1127,1128,C
3-PA,317,1,1135,0,1,1137,T
3-PA,318,1137,1,0,0,1138,A
3-PA,319,0,2,0,1128,1130,C
3-PA,320,2,0,0,1138,1140,C
3-PA,321,1128,0,0,0,1128,A
3-PA,322,0,1,1146,0,1147,G
3-PA,323,1149,0,0,0,1149,A
3-PA,324,0,1151,0,0,1151,T
3-PA,325,0,1153,0,1,1154,T
3-PA,326,0,1152,0,0,1152,T
3-PA,327,0,0,1159,0,1159,G
3-PA,328,0,1148,0,11,1159,T
3-PA,329,1160,0,0,0,1160,A
3-PA,330,0,1160,0,0,1160,T
3-PA,331,0,1,1151,0,1152,G
3-PA,332,1208,0,0,0,1208,A
3-PA,333,0,1206,0,0,1206,T
3-PA,334,2,1203,0,0,1205,T
3-PA,335,1203,1,3,0,1207,A
3-PA,336,0,2,0,1199,1201,C
3-PA,337,1201,0,1,0,1202,A
3-PA,338,1201,0,2,0,1203,A
3-PA,339,1,1,1198,0,1200,G
3-PA,340,0,2,1207,0,1209,G
3-PA,341,1170,1,2,0,1173,A
3-PA,342,1,1,1187,0,1189,G
3-PA,343,1183,0,2,0,1185,A
3-PA,344,1181,0,2,0,1183,A
3-PA,345,0,1,0,1182,1183,C
3-PA,346,1177,0,1,0,1178,A
3-PA,347,0,1,1181,0,1182,G
3-PA,348,1177,0,0,0,1177,A
3-PA,349,0,1163,0,0,1163,T
3-PA,350,0,1165,0,0,1165,T
3-PA,351,2,2,0,1155,1159,C
3-PA,352,1155,0,0,0,1155,A
3-PA,353,0,1159,0,0,1159,T
3-PA,354,0,1,0,1156,1157,C
3-PA,355,0,1,1154,1,1156,G
3-PA,356,1171,0,0,0,1171,A
3-PA,357,1169,0,0,0,1169,A
3-PA,358,1175,0,0,0,1175,A
3-PA,359,0,1172,0,1,1173,T
3-PA,360,0,1165,0,0,1165,T
3-PA,361,0,0,1166,0,1166,G
3-PA,362,0,3,1160,0,1163,G
3-PA,363,1,1,1164,0,1166,G
3-PA,364,0,0,1172,0,1172,G
3-PA,365,0,1154,1,2,1157,T
3-PA,366,1,4,1166,1,1172,G
3-PA,367,1175,0,0,0,1175,A
3-PA,368,0,1,0,1180,1181,C
3-PA,369,1185,0,0,0,1185,A
3-PA,370,1185,0,1,0,1186,A
3-PA,371,1,1,1199,0,1201,G
3-PA,372,1,2,1193,0,1196,G
3-PA,373,1193,1,2,0,1196,A
3-PA,374,0,0,1204,0,1204,G
3-PA,375,1182,0,2,0,1184,A
3-PA,376,1,0,1187,0,1188,G
3-PA,377,1178,0,2,0,1180,A
3-PA,378,1178,0,3,1,1182,A
3-PA,379,0,0,1225,0,1225,G
3-PA,380,2,1209,0,0,1211,T
3-PA,381,2,0,0,1218,1220,C
3-PA,382,1,1,0,1218,1220,C
3-PA,383,1224,0,3,1,1228,A
3-PA,384,1,2,0,1235,1238,C
3-PA,385,1266,0,0,1,1267,A
3-PA,386,1,1296,0,0,1297,T
3-PA,387,1306,0,0,0,1306,A
3-PA,388,0,1278,0,0,1278,T
3-PA,389,1271,0,1,0,1272,A
3-PA,390,0,1258,1,1,1260,T
3-PA,391,0,1256,0,0,1256,T
3-PA,392,1280,0,1,0,1281,A
3-PA,393,0,1,0,1270,1271,C
3-PA,394,0,1,0,1223,1224,C
3-PA,395,0,1204,0,2,1206,T
3-PA,396,0,1184,0,0,1184,T
3-PA,397,0,2,1187,0,1189,G
3-PA,398,1188,0,0,0,1188,A
3-PA,399,1188,0,1,0,1189,A
3-PA,400,1188,0,0,0,1188,A
3-PA,401,1123,0,3,0,1126,A
3-PA,402,2,1,1136,0,1139,G
3-PA,403,0,1,1144,0,1145,G
3-PA,404,1,1,0,1140,1142,C
3-PA,405,3,0,0,1136,1139,C
3-PA,406,1143,0,1,0,1144,A
3-PA,407,1141,0,0,0,1141,A
3-PA,408,0,1144,0,0,1144,T
3-PA,409,1142,0,0,0,1142,A
3-PA,410,1140,0,1,0,1141,A
3-PA,411,0,4,1149,0,1153,G
3-PA,412,1147,0,0,0,1147,A
3-PA,413,1,1144,1,0,1146,T
3-PA,414,0,1139,1,3,1143,T
3-PA,415,1142,0,0,0,1142,A
3-PA,416,1142,0,0,0,1142,A
3-PA,417,1143,0,1,0,1144,A
3-PA,418,1,1152,0,0,1153,T
3-PA,419,3,1,0,1150,1154,C
3-PA,420,1,1121,0,1,1123,T
3-PA,421,0,1,1131,0,1132,G
3-PA,422,1134,0,2,0,1136,A
3-PA,423,0,2,1144,0,1146,G
3-PA,424,1146,1,0,0,1147,A
3-PA,425,1148,0,1,0,1149,A
3-PA,426,0,0,0,1149,1149,C
3-PA,427,1139,0,0,0,1139,A
3-PA,428,0,1,0,1144,1145,C
3-PA,429,1142,2,1,0,1145,A
3-PA,430,0,1,0,1155,1156,C
3-PA,431,1141,0,1,3,1145,A
3-PA,432,1,1,0,1156,1158,C
3-PA,433,1152,0,1,0,1153,A
3-PA,434,0,1153,0,0,1153,T
3-PA,435,0,1144,0,0,1144,T
3-PA,436,2,0,0,1148,1150,C
3-PA,437,1144,1,0,0,1145,A
3-PA,438,0,0,0,1153,1153,C
3-PA,439,1139,0,2,0,1141,A
3-PA,440,1,1138,0,0,1139,T
3-PA,441,1,1109,0,0,1110,T
3-PA,442,0,1121,0,0,1121,T
3-PA,443,0,1119,0,1,1120,T
3-PA,444,4,0,0,1120,1124,C
3-PA,445,0,1120,0,2,1122,T
3-PA,446,1,1,0,1120,1122,C
3-PA,447,1116,1,0,0,1117,A
3-PA,448,0,1114,0,0,1114,T
3-PA,449,0,1119,0,2,1121,T
3-PA,450,3,0,0,1123,1126,C
3-PA,451,1118,0,0,0,1118,A
3-PA,452,0,0,0,1124,1124,C
3-PA,453,0,1122,0,0,1122,T
3-PA,454,0,0,1119,0,1119,G
3-PA,455,0,5,1116,0,1121,G
3-PA,456,1100,0,1,0,1101,A
3-PA,457,0,0,1121,0,1121,G
3-PA,458,1119,1,3,0,1123,A
3-PA,459,1,0,1133,0,1134,G
3-PA,460,0,0,1139,0,1139,G
3-PA,461,1123,0,1,0,1124,A
3-PA,462,1122,0,4,0,1126,A
3-PA,463,1111,0,1,2,1114,A
3-PA,464,0,1105,0,0,1105,T
3-PA,465,2,1,1097,0,1100,G
3-PA,466,0,1,1096,0,1097,G
3-PA,467,2,2,0,1099,1103,C
3-PA,468,2,1,0,1100,1103,C
3-PA,469,1105,0,0,0,1105,A
3-PA,470,1,1,0,1104,1106,C
3-PA,471,1104,0,0,0,1104,A
3-PA,472,1108,1,1,0,1110,A
3-PA,473,1107,0,3,0,1110,A
3-PA,474,1,0,1116,0,1117,G
3-PA,475,0,0,1119,0,1119,G
3-PA,476,0,0,0,1118,1118,C
3-PA,477,1113,0,1,0,1114,A
3-PA,478,0,3,1130,0,1133,G
3-PA,479,1127,0,4,0,1131,A
3-PA,480,0,1,0,1147,1148,C
3-PA,481,1,1146,0,0,1147,T
3-PA,482,1142,1,1,1,1145,A
3-PA,483,0,2,0,1137,1139,C
3-PA,484,1122,0,0,0,1122,A
3-PA,485,0,0,2,1128,1130,C
3-PA,486,0,1099,0,0,1099,T
3-PA,487,0,0,0,1105,1105,C
3-PA,488,1,1091,0,1,1093,T
3-PA,489,1,0,0,1073,1074,C
3-PA,490,0,0,1073,0,1073,G
3-PA,491,1071,0,0,0,1071,A
3-PA,492,0,2,0,1063,1065,C
3-PA,493,0,2,1074,0,1076,G
3-PA,494,1066,0,1,0,1067,A
3-PA,495,1,1,1073,0,1075,G
3-PA,496,0,1,1079,0,1080,G
3-PA,497,1071,0,0,0,1071,A
3-PA,498,1073,0,0,0,1073,A
3-PA,499,1070,0,3,1,1074,A
3-PA,500,1,0,1078,0,1079,G
3-PA,501,0,0,0,1074,1074,C
3-PA,502,1056,1,0,0,1057,A
3-PA,503,0,0,1068,0,1068,G
3-PA,504,0,1,1071,0,1072,G
3-PA,505,0,1,1073,0,1074,G
3-PA,506,1,0,0,1069,1070,C
3-PA,507,0,1064,0,0,1064,T
3-PA,508,1062,0,0,0,1062,A
3-PA,509,0,0,1079,0,1079,G
3-PA,510,0,1,1128,0,1129,G
3-PA,511,1133,0,0,0,1133,A
3-PA,512,0,1104,0,1,1105,T
3-PA,513,0,1093,0,0,1093,T
3-PA,514,1094,1,0,0,1095,A
3-PA,515,1099,0,0,0,1099,A
3-PA,516,0,1,1102,0,1103,G
3-PA,517,1100,0,2,0,1102,A
3-PA,518,0,0,0,1097,1097,C
3-PA,519,0,0,0,1013,1013,C
3-PA,520,1002,0,0,0,1002,A
3-PA,521,0,1,1009,0,1010,G
3-PA,522,0,0,1013,0,1013,G
3-PA,523,1,1,0,1018,1020,C
3-PA,524,0,1005,0,0,1005,T
3-PA,525,1,0,1020,0,1021,G
3-PA,526,0,1016,0,1,1017,T
3-PA,527,0,1014,0,0,1014,T
3-PA,528,0,1015,0,0,1015,T
3-PA,529,1018,1,0,0,1019,A
3-PA,530,0,0,0,1039,1039,C
3-PA,531,2,0,0,1021,1023,C
3-PA,532,1010,0,0,0,1010,A
3-PA,533,0,1010,0,0,1010,T
3-PA,534,973,0,0,0,973,A
3-PA,535,979,0,1,0,980,A
3-PA,536,0,0,993,0,993,G
3-PA,537,993,0,0,0,993,A
3-PA,538,0,1,0,995,996,C
3-PA,539,964,0,0,0,964,A
3-PA,540,962,0,1,0,963,A
3-PA,541,0,1,974,0,975,G
3-PA,542,976,0,0,0,976,A
3-PA,543,973,0,0,0,973,A
3-PA,544,967,0,0,0,967,A
3-PA,545,0,942,0,0,942,T
3-PA,546,0,1,957,0,958,G
3-PA,547,0,0,953,0,953,G
3-PA,548,1,0,0,951,952,C
3-PA,549,2,0,1,951,954,C
3-PA,550,949,0,0,0,949,A
3-PA,551,972,0,0,0,972,A
3-PA,552,0,1,0,973,974,C
3-PA,553,964,2,1,0,967,A
3-PA,554,0,0,971,0,971,G
3-PA,555,945,0,3,0,948,A
3-PA,556,0,1,970,0,971,G
3-PA,557,0,0,980,0,980,G
3-PA,558,0,0,0,967,967,C
3-PA,559,1,1,0,974,976,C
3-PA,560,0,948,0,1,949,T
3-PA,561,947,0,0,0,947,A
3-PA,562,0,962,0,0,962,T
3-PA,563,0,0,963,0,963,G
3-PA,564,0,1,961,1,963,G
3-PA,565,0,1,935,0,936,G
3-PA,566,913,1,1,0,915,A
3-PA,567,0,905,0,0,905,T
3-PA,568,0,900,0,1,901,T
3-PA,569,1,0,0,1025,1026,C
3-PA,570,0,0,0,1013,1013,C
3-PA,571,0,945,0,2,947,T
3-PA,572,0,949,0,0,949,T
3-PA,573,0,957,0,1,958,T
3-PA,574,6,2,0,955,963,C
3-PA,575,0,0,968,0,968,G
3-PA,576,0,965,0,0,965,T
3-PA,577,0,2,1,961,964,C
3-PA,578,945,0,1,0,946,A
3-PA,579,0,0,1087,0,1087,G
3-PA,580,0,1087,0,1,1088,T
3-PA,581,1,1,0,1088,1090,C
3-PA,582,0,2,0,1092,1094,C
3-PA,583,1,1,1100,0,1102,G
3-PA,584,1103,0,1,1,1105,A
3-PA,585,1103,0,0,0,1103,A
3-PA,586,1101,0,2,0,1103,A
3-PA,587,0,2,1111,0,1113,G
3-PA,588,1068,1,2,0,1071,A
3-PA,589,0,0,1089,0,1089,G
3-PA,590,0,0,1091,0,1091,G
3-PA,591,0,0,0,1090,1090,C
3-PA,592,3,2,1089,0,1094,G
3-PA,593,1094,0,0,1,1095,A
3-PA,594,1100,0,0,0,1100,A
3-PA,595,0,2,1099,0,1101,G
3-PA,596,1105,0,0,0,1105,A
3-PA,597,1107,0,0,0,1107,A
3-PA,598,1105,0,0,0,1105,A
3-PA,599,1,0,0,1122,1123,C
3-PA,600,1117,0,0,0,1117,A
3-PA,601,1122,0,0,0,1122,A
3-PA,602,0,1123,1,0,1124,T
3-PA,603,0,1124,0,0,1124,T
3-PA,604,1,0,1127,0,1128,G
3-PA,605,1126,0,0,0,1126,A
3-PA,606,1120,0,0,0,1120,A
3-PA,607,1,2,1123,0,1126,G
3-PA,608,1120,0,1,0,1121,A
3-PA,609,1122,0,0,0,1122,A
3-PA,610,1118,0,0,2,1120,A
3-PA,611,1125,0,0,0,1125,A
3-PA,612,1126,1,0,0,1127,A
3-PA,613,0,1130,0,0,1130,T
3-PA,614,0,1133,0,0,1133,T
3-PA,615,0,1130,0,1,1131,T
3-PA,616,0,4,1133,0,1137,G
3-PA,617,1133,0,1,0,1134,A
3-PA,618,1137,0,0,0,1137,A
3-PA,619,1137,0,0,1,1138,A
3-PA,620,0,1159,0,1,1160,T
3-PA,621,2,0,0,1276,1278,C
3-PA,622,1276,1,0,0,1277,A
3-PA,623,1,0,0,1292,1293,C
3-PA,624,1288,1,1,1,1291,A
3-PA,625,0,1,1324,0,1325,G
3-PA,626,0,6,1368,0,1374,G
3-PA,627,1400,1,2,0,1403,A
3-PA,628,1419,0,1,0,1420,A
3-PA,629,1,0,0,1431,1432,C
3-PA,630,0,1378,0,1,1379,T
3-PA,631,1488,0,3,0,1491,A
3-PA,632,0,1526,0,1,1527,T
3-PA,633,2,0,1584,0,1586,G
3-PA,634,1,0,0,1578,1579,C
3-PA,635,6,0,1560,0,1566,G
3-PA,636,0,1560,0,0,1560,T
3-PA,637,1544,1,1,0,1546,A
3-PA,638,0,3,1557,0,1560,G
3-PA,639,0,0,1560,0,1560,G
3-PA,640,0,0,0,1546,1546,C
3-PA,641,0,1524,0,1,1525,T
3-PA,642,0,1506,0,0,1506,T
3-PA,643,2,0,1500,0,1502,G
3-PA,644,1,0,0,1504,1505,C
3-PA,645,1,0,0,1512,1513,C
3-PA,646,1,4,1517,0,1522,G
3-PA,647,1516,3,1,0,1520,A
3-PA,648,0,1,0,1533,1534,C
3-PA,649,1,1,1,1528,1531,C
3-PA,650,1534,0,0,0,1534,A
3-PA,651,1539,0,2,1,1542,A
3-PA,652,1537,1,3,1,1542,A
3-PA,653,0,0,1586,0,1586,G
3-PA,654,0,1581,0,1,1582,T
3-PA,655,1,1,0,1580,1582,C
3-PA,656,0,1572,0,0,1572,T
3-PA,657,2,0,0,1578,1580,C
3-PA,658,0,0,0,1590,1590,C
3-PA,659,1,1,0,1600,1602,C
3-PA,660,1603,0,1,0,1604,A
3-PA,661,0,0,0,1611,1611,C
3-PA,662,2,3,0,1590,1595,C
3-PA,663,1,6,1600,0,1607,G
3-PA,664,1633,1,0,0,1634,A
3-PA,665,1631,0,2,0,1633,A
3-PA,666,0,1,0,1649,1650,C
3-PA,667,0,1639,0,1,1640,T
3-PA,668,1,1668,0,0,1669,T
3-PA,669,1,0,0,1688,1689,C
3-PA,670,0,1679,0,3,1682,T
3-PA,671,2,0,0,1693,1695,C
3-PA,672,2,0,0,1686,1688,C
3-PA,673,0,1681,0,0,1681,T
3-PA,674,6,1,1700,0,1707,G
3-PA,675,4,0,0,1699,1703,C
3-PA,676,2,0,1,1702,1705,C
3-PA,677,0,1685,0,0,1685,T
3-PA,678,2,1670,0,0,1672,T
3-PA,679,1,4,1671,0,1676,G
3-PA,680,1674,1,0,0,1675,A
3-PA,681,0,6,1687,0,1693,G
3-PA,682,1686,0,1,0,1687,A
3-PA,683,1695,0,1,0,1696,A
3-PA,684,1,1733,0,1,1735,T
3-PA,685,0,1746,0,0,1746,T
3-PA,686,0,1748,0,0,1748,T
3-PA,687,0,1752,0,0,1752,T
3-PA,688,1746,0,3,0,1749,A
3-PA,689,2,1,1748,1,1752,G
3-PA,690,1731,0,6,0,1737,A
3-PA,691,0,0,1813,0,1813,G
3-PA,692,2,2,0,1806,1810,C
3-PA,693,1,0,0,1824,1825,C
3-PA,694,0,1856,0,0,1856,T
3-PA,695,1925,0,1,0,1926,A
3-PA,696,1,1925,0,2,1928,T
3-PA,697,0,1,1937,0,1938,G
3-PA,698,1,1934,0,1,1936,T
3-PA,699,0,1,1945,0,1946,G
3-PA,700,1,1,1915,0,1917,G
3-PA,701,1914,0,1,0,1915,A
3-PA,702,0,1897,0,1,1898,T
3-PA,703,0,2,1874,0,1876,G
3-PA,704,1,2,1926,0,1929,G
3-PA,705,1925,2,3,0,1930,A
3-PA,706,0,1921,0,0,1921,T
3-PA,707,0,1917,0,0,1917,T
3-PA,708,6,1,0,1903,1910,C
3-PA,709,0,7,1908,0,1915,G
3-PA,710,1916,2,1,0,1919,A
3-PA,711,1922,1,1,0,1924,A
3-PA,712,0,1,0,1935,1936,C
3-PA,713,1,1,0,1888,1890,C
3-PA,714,1,7,1893,0,1901,G
3-PA,715,1895,0,1,0,1896,A
3-PA,716,1898,0,1,0,1899,A
3-PA,717,0,0,0,1921,1921,C
3-PA,718,2,3,1910,0,1915,G
3-PA,719,0,0,1964,0,1964,G
3-PA,720,1,1,0,1964,1966,C
3-PA,721,0,1958,0,3,1961,T
3-PA,722,0,0,1992,0,1992,G
3-PA,723,0,1,0,1997,1998,C
3-PA,724,2012,0,1,0,2013,A
3-PA,725,0,2012,0,0,2012,T
3-PA,726,0,1990,0,0,1990,T
3-PA,727,0,1,1994,0,1995,G
3-PA,728,1963,0,0,0,1963,A
3-PA,729,0,2,1981,0,1983,G
3-PA,730,1,4,1973,0,1978,G
3-PA,731,1,2,1968,0,1971,G
3-PA,732,0,9,0,1949,1958,C
3-PA,733,1946,2,0,0,1948,A
3-PA,734,1952,1,3,0,1956,A
3-PA,735,1,0,1968,0,1969,G
3-PA,736,0,0,0,1964,1964,C
3-PA,737,0,1956,0,6,1962,T
3-PA,738,2,1953,1,0,1956,T
3-PA,739,0,1979,0,1,1980,T
3-PA,740,5,0,0,1978,1983,C
3-PA,741,0,1980,0,1,1981,T
3-PA,742,2,1,0,1985,1988,C
3-PA,743,1984,0,0,0,1984,A
3-PA,744,1968,0,0,0,1968,A
3-PA,745,1974,0,0,0,1974,A
3-PA,746,0,1972,0,0,1972,T
3-PA,747,0,2,2030,0,2032,G
3-PA,748,0,2025,0,1,2026,T
3-PA,749,1,0,0,2048,2049,C
3-PA,750,6,0,0,2051,2057,C
3-PA,751,2066,0,0,0,2066,A
3-PA,752,2066,1,0,0,2067,A
3-PA,753,2068,0,2,0,2070,A
3-PA,754,0,2,2093,0,2095,G
3-PA,755,2075,0,2,0,2077,A
3-PA,756,2044,0,4,0,2048,A
3-PA,757,0,1,2059,0,2060,G
3-PA,758,0,2037,0,0,2037,T
3-PA,759,10,3,2021,1,2035,G
3-PA,760,2029,0,1,0,2030,A
3-PA,761,2021,1,4,0,2026,A
3-PA,762,0,2038,0,1,2039,T
3-PA,763,0,1,2036,0,2037,G
3-PA,764,0,0,0,2031,2031,C
3-PA,765,3,0,0,2032,2035,C
3-PA,766,7,0,1,2031,2039,C
3-PA,767,2048,0,0,0,2048,A
3-PA,768,2068,0,0,0,2068,A
3-PA,769,2074,0,1,0,2075,A
3-PA,770,0,2070,0,3,2073,T
3-PA,771,0,2064,0,1,2065,T
3-PA,772,3,5,2064,0,2072,G
3-PA,773,2058,0,0,0,2058,A
3-PA,774,2063,0,1,1,2065,A
3-PA,775,0,0,0,2068,2068,C
3-PA,776,2,0,0,2063,2065,C
3-PA,777,0,2044,0,2,2046,T
3-PA,778,0,2102,0,1,2103,T
3-PA,779,0,2107,0,0,2107,T
3-PA,780,0,2139,0,1,2140,T
3-PA,781,2,2,0,2149,2153,C
3-PA,782,0,2147,0,1,2148,T
3-PA,783,1,3,2148,1,2153,G
3-PA,784,2153,0,0,0,2153,A
3-PA,785,2176,0,0,0,2176,A
3-PA,786,0,6,2183,0,2189,G
3-PA,787,2158,0,1,0,2159,A
3-PA,788,1,0,0,2166,2167,C
3-PA,789,2142,1,3,0,2146,A
3-PA,790,2160,0,2,1,2163,A
3-PA,791,1,0,0,2387,2388,C
3-PA,792,2398,0,4,0,2402,A
3-PA,793,0,1,0,2402,2403,C
3-PA,794,3,2,0,2369,2374,C
3-PA,795,2372,0,0,1,2373,A
3-PA,796,2377,1,4,0,2382,A
3-PA,797,0,7,2373,0,2380,G
3-PA,798,2377,1,1,0,2379,A
3-PA,799,1,0,2,2372,2375,C
3-PA,800,2,0,0,2196,2198,C
3-PA,801,2186,0,1,0,2187,A
3-PA,802,2193,0,1,0,2194,A
3-PA,803,2,2190,0,0,2192,T
3-PA,804,4,1,1,2188,2194,C
3-PA,805,2183,0,0,1,2184,A
3-PA,806,2182,0,1,0,2183,A
3-PA,807,2186,0,0,1,2187,A
3-PA,808,0,0,0,2199,2199,C
3-PA,809,0,2186,0,0,2186,T
3-PA,810,0,2199,0,1,2200,T
3-PA,811,3,0,1,2205,2209,C
3-PA,812,4,0,0,2208,2212,C
3-PA,813,1,3,2226,0,2230,G
3-PA,814,2232,0,0,0,2232,A
3-PA,815,2229,0,0,1,2230,A
3-PA,816,0,2228,1,0,2229,T
3-PA,817,0,7,2215,1,2223,G
3-PA,818,1,5,2227,1,2234,G
3-PA,819,2226,0,2,0,2228,A
3-PA,820,0,1,0,2240,2241,C
3-PA,821,5,0,0,2235,2240,C
3-PA,822,0,2304,1,2,2307,T
3-PA,823,1,0,0,2349,2350,C
3-PA,824,1,1,0,2357,2359,C
3-PA,825,0,2357,0,2,2359,T
3-PA,826,0,2368,0,0,2368,T
3-PA,827,0,0,2456,0,2456,G
3-PA,828,0,2447,0,2,2449,T
3-PA,829,1,2438,0,1,2440,T
3-PA,830,2441,0,0,0,2441,A
3-PA,831,1,2375,0,0,2376,T
3-PA,832,1,0,0,2356,2357,C
3-PA,833,2324,0,0,0,2324,A
3-PA,834,0,1,2323,0,2324,G
3-PA,835,0,0,0,2327,2327,C
3-PA,836,3,2,2246,0,2251,G
3-PA,837,1,1,2303,0,2305,G
3-PA,838,0,2321,0,0,2321,T
3-PA,839,5,1,0,2318,2324,C
3-PA,840,4,1,0,2321,2326,C
3-PA,841,2333,0,1,0,2334,A
3-PA,842,2346,0,0,0,2346,A
3-PA,843,2343,0,3,0,2346,A
3-PA,844,0,2354,0,0,2354,T
3-PA,845,0,2339,0,2,2341,T
3-PA,846,1,0,0,2328,2329,C
3-PA,847,1,1,0,2315,2317,C
3-PA,848,0,2311,0,4,2315,T
3-PA,849,3,2,0,2321,2326,C
3-PA,850,1,1,0,2338,2340,C
3-PA,851,0,2327,0,3,2330,T
3-PA,852,1,3,2341,0,2345,G
3-PA,853,2331,1,2,0,2334,A
3-PA,854,1,2331,1,0,2333,T
3-PA,855,0,5,2316,0,2321,G
3-PA,856,1,3,2288,0,2292,G
3-PA,857,2288,0,2,0,2290,A
3-PA,858,0,2275,0,2,2277,T
3-PA,859,1,0,2283,0,2284,G
3-PA,860,0,0,0,2380,2380,C
3-PA,861,0,2361,1,0,2362,T
3-PA,862,0,2367,0,4,2371,T
3-PA,863,1,2372,0,0,2373,T
3-PA,864,2370,1,1,0,2372,A
3-PA,865,2390,0,0,0,2390,A
3-PA,866,2384,0,0,0,2384,A
3-PA,867,2399,0,0,0,2399,A
3-PA,868,0,2393,0,0,2393,T
3-PA,869,0,2279,0,1,2280,T
3-PA,870,1,9,2265,1,2276,G
3-PA,871,2264,3,2,0,2269,A
3-PA,872,1,0,2287,0,2288,G
3-PA,873,0,1,0,2288,2289,C
3-PA,874,2284,0,0,0,2284,A
3-PA,875,0,2334,0,1,2335,T
3-PA,876,2,2317,0,0,2319,T
3-PA,877,1,2,2319,0,2322,G
3-PA,878,2324,0,1,0,2325,A
3-PA,879,2307,1,5,0,2313,A
3-PA,880,5,1,2311,0,2317,G
3-PA,881,2271,0,9,0,2280,A
3-PA,882,3,0,0,2277,2280,C
3-PA,883,2,1,0,2265,2268,C
3-PA,884,1,2,0,2241,2244,C
3-PA,885,2232,0,3,0,2235,A
3-PA,886,2239,0,1,1,2241,A
3-PA,887,1,0,2251,0,2252,G
3-PA,888,0,2258,2,0,2260,T
3-PA,889,9,0,0,2244,2253,C
3-PA,890,2252,0,3,0,2255,A
3-PA,891,0,1,1,2248,2250,C
3-PA,892,3,4,2237,0,2244,G
3-PA,893,2274,0,2,0,2276,A
3-PA,894,2268,0,3,1,2272,A
3-PA,895,1,0,2356,0,2357,G
3-PA,896,0,6,2352,0,2358,G
3-PA,897,2341,0,4,0,2345,A
3-PA,898,0,1,2363,0,2364,G
3-PA,899,2355,1,8,0,2364,A
3-PA,900,2362,1,5,0,2368,A
3-PA,901,0,7,2360,0,2367,G
3-PA,902,1,5,2330,0,2336,G
3-PA,903,1,3,2345,0,2349,G
3-PA,904,2286,1,2,0,2289,A
3-PA,905,0,2269,0,2,2271,T
3-PA,906,2,0,0,2292,2294,C
3-PA,907,3,0,1,2441,2445,C
3-PA,908,7,0,1,2468,2476,C
3-PA,909,2499,1,0,0,2500,A
3-PA,910,0,2504,0,3,2507,T
3-PA,911,0,2523,0,1,2524,T
3-PA,912,2588,0,0,0,2588,A
3-PA,913,0,2591,0,0,2591,T
3-PA,914,2585,0,1,0,2586,A
3-PA,915,1,2571,1,0,2573,T
3-PA,916,4,2,2313,1,2320,G
3-PA,917,2306,1,3,0,2310,A
3-PA,918,0,2289,1,0,2290,T
3-PA,919,2,0,2304,0,2306,G
3-PA,920,0,2,1,2295,2298,C
3-PA,921,0,9,2277,0,2286,G
3-PA,922,2297,1,1,0,2299,A
3-PA,923,0,2291,0,3,2294,T
3-PA,924,8,0,1,2295,2304,C
3-PA,925,2298,1,2,0,2301,A
3-PA,926,2282,0,2,4,2288,A
3-PA,927,1,1,2309,0,2311,G
3-PA,928,1,2286,0,2,2289,T
3-PA,929,3,1,2303,0,2307,G
3-PA,930,1,1,0,2313,2315,C
3-PA,931,2311,0,1,0,2312,A
3-PA,932,0,2312,1,1,2314,T
3-PA,933,2312,0,1,0,2313,A
3-PA,934,2350,0,0,0,2350,A
3-PA,935,2349,1,0,0,2350,A
3-PA,936,2337,0,4,0,2341,A
3-PA,937,2344,1,0,0,2345,A
3-PA,938,0,0,1,2339,2340,C
3-PA,939,2319,1,0,0,2320,A
3-PA,940,1,2327,0,0,2328,T
3-PA,941,0,2330,0,0,2330,T
3-PA,942,3,0,1,2332,2336,C
3-PA,943,0,2295,0,0,2295,T
3-PA,944,1,2297,0,0,2298,T
3-PA,945,0,2295,0,0,2295,T
3-PA,946,3,1,2294,0,2298,G
3-PA,947,0,0,2309,0,2309,G
3-PA,948,2298,1,3,1,2303,A
3-PA,949,0,2297,0,1,2298,T
3-PA,950,0,0,2324,0,2324,G
3-PA,951,0,3,2347,0,2350,G
3-PA,952,2360,0,2,0,2362,A
3-PA,953,2363,0,1,0,2364,A
3-PA,954,2360,0,2,2,2364,A
3-PA,955,0,1,2390,0,2391,G
3-PA,956,2380,0,0,0,2380,A
3-PA,957,2625,1,3,0,2629,A
3-PA,958,0,0,0,2675,2675,C
3-PA,959,2,0,0,2667,2669,C
3-PA,960,0,2651,0,1,2652,T
3-PA,961,0,2707,0,0,2707,T
3-PA,962,2718,0,1,0,2719,A
3-PA,963,0,2714,0,0,2714,T
3-PA,964,2701,0,0,0,2701,A
3-PA,965,0,2738,0,1,2739,T
3-PA,966,2558,0,2,0,2560,A
3-PA,967,1,3,2584,0,2588,G
3-PA,968,0,2567,0,2,2569,T
3-PA,969,5,1,0,2554,2560,C
3-PA,970,2541,0,0,0,2541,A
3-PA,971,2543,0,1,0,2544,A
3-PA,972,2540,0,1,0,2541,A
3-PA,973,1,0,0,2548,2549,C
3-PA,974,4,1,0,2517,2522,C
3-PA,975,2499,0,1,0,2500,A
3-PA,976,0,0,0,2524,2524,C
3-PA,977,2526,2,2,0,2530,A
3-PA,978,3,0,0,2535,2538,C
3-PA,979,0,5,2541,0,2546,G
3-PA,980,2531,0,0,1,2532,A
3-PA,981,2533,0,0,2,2535,A
3-PA,982,2528,0,2,0,2530,A
3-PA,983,2523,0,6,0,2529,A
3-PA,984,0,2,2548,0,2550,G
3-PA,985,0,4,2522,0,2526,G
3-PA,986,0,3,2541,0,2544,G
3-PA,987,2533,0,1,0,2534,A
3-PA,988,2531,0,1,0,2532,A
3-PA,989,0,2530,1,3,2534,T
3-PA,990,2532,1,2,0,2535,A
3-PA,991,2538,0,0,1,2539,A
3-PA,992,2545,0,0,2,2547,A
3-PA,993,1,2532,2,1,2536,T
3-PA,994,0,2527,0,1,2528,T
3-PA,995,1,0,1,2549,2551,C
3-PA,996,2549,0,0,0,2549,A
3-PA,997,2556,0,0,1,2557,A
3-PA,998,2559,0,1,0,2560,A
3-PA,999,0,2544,0,0,2544,T
3-PA,1000,0,2555,1,1,2557,T
3-PA,1001,2569,0,1,0,2570,A
3-PA,1002,0,1,0,2567,2568,C
3-PA,1003,0,1,0,2566,2567,C
3-PA,1004,0,2538,0,1,2539,T
3-PA,1005,0,1,2572,0,2573,G
3-PA,1006,0,1,0,2574,2575,C
3-PA,1007,0,2580,0,1,2581,T
3-PA,1008,0,1,2625,0,2626,G
3-PA,1009,0,2632,0,1,2633,T
3-PA,1010,5,1,0,2639,2645,C
3-PA,1011,2646,0,3,1,2650,A
3-PA,1012,2,2641,0,1,2644,T
3-PA,1013,0,1,2641,0,2642,G
3-PA,1014,1,6,2642,0,2649,G
3-PA,1015,2648,0,1,0,2649,A
3-PA,1016,2694,0,2,0,2696,A
3-PA,1017,1,0,2692,0,2693,G
3-PA,1018,0,1,0,2688,2689,C
3-PA,1019,2687,0,0,0,2687,A
3-PA,1020,2695,0,2,0,2697,A
3-PA,1021,0,0,2711,0,2711,G
3-PA,1022,0,2710,0,0,2710,T
3-PA,1023,2692,1,1,0,2694,A
3-PA,1024,4,0,0,2704,2708,C
3-PA,1025,0,2669,0,0,2669,T
3-PA,1026,0,0,2694,1,2695,G
3-PA,1027,0,2671,0,1,2672,T
3-PA,1028,1,2,0,2676,2679,C
3-PA,1029,2672,0,1,0,2673,A
3-PA,1030,2,5,2693,0,2700,G
3-PA,1031,2700,0,0,0,2700,A
3-PA,1032,2700,0,2,1,2703,A
3-PA,1033,0,2740,0,0,2740,T
3-PA,1034,0,2726,0,0,2726,T
3-PA,1035,1,0,2725,0,2726,G
3-PA,1036,1,2,1,2719,2723,C
3-PA,1037,2720,1,1,0,2722,A
3-PA,1038,0,4,2716,1,2721,G
3-PA,1039,0,6,2689,0,2695,G
3-PA,1040,2688,1,3,0,2692,A
3-PA,1041,3,2,0,2678,2683,C
3-PA,1042,1,0,2651,1,2653,G
3-PA,1043,0,2699,0,2,2701,T
3-PA,1044,0,2705,1,2,2708,T
3-PA,1045,0,3,2712,0,2715,G
3-PA,1046,2724,1,6,0,2731,A
3-PA,1047,2725,0,3,0,2728,A
3-PA,1048,2728,0,2,0,2730,A
3-PA,1049,2725,1,3,0,2729,A
3-PA,1050,0,2709,1,2,2712,T
3-PA,1051,1,4,2736,0,2741,G
3-PA,1052,2723,1,1,0,2725,A
3-PA,1053,0,1,2742,0,2743,G
3-PA,1054,0,4,2741,0,2745,G
3-PA,1055,2742,0,1,0,2743,A
3-PA,1056,0,2,2739,1,2742,G
3-PA,1057,2743,0,1,1,2745,A
3-PA,1058,2735,0,4,0,2739,A
3-PA,1059,0,4,2732,0,2736,G
3-PA,1060,0,0,2709,0,2709,G
3-PA,1061,0,2808,0,2,2810,T
3-PA,1062,0,2815,0,0,2815,T
3-PA,1063,4,0,1,2804,2809,C
3-PA,1064,4,0,3,2799,2806,C
3-PA,1065,2810,0,1,0,2811,A
3-PA,1066,2803,3,2,0,2808,A
3-PA,1067,2,3,2824,0,2829,G
3-PA,1068,0,3,2879,0,2882,G
3-PA,1069,2829,0,2,0,2831,A
3-PA,1070,2,0,0,2842,2844,C
3-PA,1071,0,2844,0,2,2846,T
3-PA,1072,2852,0,0,0,2852,A
3-PA,1073,2848,1,0,0,2849,A
3-PA,1074,2851,0,0,1,2852,A
3-PA,1075,2852,1,0,0,2853,A
3-PA,1076,2831,0,0,3,2834,A
3-PA,1077,0,6,0,2800,2806,C
3-PA,1078,2796,0,2,0,2798,A
3-PA,1079,1,2783,0,0,2784,T
3-PA,1080,1,2,2801,0,2804,G
3-PA,1081,2805,0,3,0,2808,A
3-PA,1082,2808,2,3,0,2813,A
3-PA,1083,0,1,2822,0,2823,G
3-PA,1084,2817,0,0,0,2817,A
3-PA,1085,2817,0,1,0,2818,A
3-PA,1086,2807,1,1,1,2810,A
3-PA,1087,2818,0,2,0,2820,A
3-PA,1088,0,2,0,2817,2819,C
3-PA,1089,1,8,2795,0,2804,G
3-PA,1090,2822,1,2,0,2825,A
3-PA,1091,1,0,2824,0,2825,G
3-PA,1092,0,2812,0,0,2812,T
3-PA,1093,13,1,0,2852,2866,C
3-PA,1094,2868,0,1,0,2869,A
3-PA,1095,2911,2,0,0,2913,A
3-PA,1096,0,0,0,2913,2913,C
3-PA,1097,0,2901,0,2,2903,T
3-PA,1098,6,6,2936,1,2949,G
3-PA,1099,2936,1,2,0,2939,A
3-PA,1100,2943,0,5,0,2948,A
3-PA,1101,1,0,2951,0,2952,G
3-PA,1102,0,2883,1,0,2884,T
3-PA,1103,2,6,2879,1,2888,G
3-PA,1104,0,1,2866,0,2867,G
3-PA,1105,4,2,2866,0,2872,G
3-PA,1106,2,0,0,2880,2882,C
3-PA,1107,0,2847,0,3,2850,T
3-PA,1108,2,0,0,2868,2870,C
3-PA,1109,0,2858,0,0,2858,T
3-PA,1110,1,2870,0,0,2871,T
3-PA,1111,1,1,2922,0,2924,G
3-PA,1112,2,0,2936,0,2938,G
3-PA,1113,0,2918,0,2,2920,T
3-PA,1114,2,6,2910,1,2919,G
3-PA,1115,2908,1,0,0,2909,A
3-PA,1116,2928,0,0,1,2929,A
3-PA,1117,2914,0,1,0,2915,A
3-PA,1118,2923,2,0,1,2926,A
3-PA,1119,0,0,0,2934,2934,C
3-PA,1120,2890,1,3,0,2894,A
3-PA,1121,0,2896,0,0,2896,T
3-PA,1122,1,2,2892,0,2895,G
3-PA,1123,1,2,2927,0,2930,G
3-PA,1124,0,3,0,2930,2933,C
3-PA,1125,2944,0,2,0,2946,A
3-PA,1126,1,0,0,2950,2951,C
3-PA,1127,3,0,0,2963,2966,C
3-PA,1128,3018,0,0,0,3018,A
3-PA,1129,0,6,3039,0,3045,G
3-PA,1130,3033,1,3,0,3037,A
3-PA,1131,4,0,3058,1,3063,G
3-PA,1132,3039,1,2,0,3042,A
3-PA,1133,3043,1,6,0,3050,A
3-PA,1134,1,1,3060,0,3062,G
3-PA,1135,0,0,3059,0,3059,G
3-PA,1136,2,3050,0,1,3053,T
3-PA,1137,3017,0,2,0,3019,A
3-PA,1138,1,8,3007,0,3016,G
3-PA,1139,3007,0,2,0,3009,A
3-PA,1140,0,1,0,3021,3022,C
3-PA,1141,0,2986,0,1,2987,T
3-PA,1142,0,2978,0,2,2980,T
3-PA,1143,0,2981,1,0,2982,T
3-PA,1144,0,7,2983,0,2990,G
3-PA,1145,2981,0,7,0,2988,A
3-PA,1146,2991,0,1,0,2992,A
3-PA,1147,2985,1,2,1,2989,A
3-PA,1148,2986,0,0,0,2986,A
3-PA,1149,1,0,0,3035,3036,C
3-PA,1150,1,3016,0,2,3019,T
3-PA,1151,4,2,3048,0,3054,G
3-PA,1152,0,1,0,3045,3046,C
3-PA,1153,3042,0,6,0,3048,A
3-PA,1154,0,3,3050,0,3053,G
3-PA,1155,3033,1,3,0,3037,A
3-PA,1156,0,1,3136,0,3137,G
3-PA,1157,3144,0,2,0,3146,A
3-PA,1158,2,0,0,3114,3116,C
3-PA,1159,3111,0,2,0,3113,A
3-PA,1160,0,3087,0,0,3087,T
3-PA,1161,3087,1,2,1,3091,A
3-PA,1162,3092,0,3,1,3096,A
3-PA,1163,0,0,3091,1,3092,G
3-PA,1164,0,3,0,3086,3089,C
3-PA,1165,2,6,3037,0,3045,G
3-PA,1166,3104,0,1,0,3105,A
3-PA,1167,0,3080,0,1,3081,T
3-PA,1168,0,3074,0,5,3079,T
3-PA,1169,0,3075,0,3,3078,T
3-PA,1170,2,2,3086,0,3090,G
3-PA,1171,3092,1,2,1,3096,A
3-PA,1172,3094,1,4,1,3100,A
3-PA,1173,0,1,3112,0,3113,G
3-PA,1174,0,1,0,3183,3184,C
3-PA,1175,3152,0,1,1,3154,A
3-PA,1176,3342,0,4,0,3346,A
3-PA,1177,0,3337,0,3,3340,T
3-PA,1178,3345,1,1,1,3348,A
3-PA,1179,0,3367,0,3,3370,T
3-PA,1180,0,8,3378,0,3386,G
3-PA,1181,3410,3,2,0,3415,A
3-PA,1182,2,3403,0,2,3407,T
3-PA,1183,3308,0,0,0,3308,A
3-PA,1184,0,1,3324,0,3325,G
3-PA,1185,1,3176,0,7,3184,T
3-PA,1186,1,5,3172,0,3178,G
3-PA,1187,3180,0,5,0,3185,A
3-PA,1188,2,0,0,3156,3158,C
3-PA,1189,2,5,3149,0,3156,G
3-PA,1190,3173,0,0,0,3173,A
3-PA,1191,3164,1,7,0,3172,A
3-PA,1192,0,0,5,3190,3195,C
3-PA,1193,3,1,0,3195,3199,C
3-PA,1194,0,3177,1,6,3184,T
3-PA,1195,7,6,3277,1,3291,G
3-PA,1196,3293,0,4,0,3297,A
3-PA,1197,3306,1,0,2,3309,A
3-PA,1198,0,3303,1,1,3305,T
3-PA,1199,0,3265,0,0,3265,T
3-PA,1200,3275,0,1,0,3276,A
3-PA,1201,3241,0,1,0,3242,A
3-PA,1202,1,6,3249,0,3256,G
3-PA,1203,0,2,3258,0,3260,G
3-PA,1204,1,3174,0,3,3178,T
3-PA,1205,7,1,0,3161,3169,C
3-PA,1206,3174,1,4,0,3179,A
3-PA,1207,1,2,0,3270,3273,C
3-PA,1208,2,3266,0,8,3276,T
3-PA,1209,1,3276,1,1,3279,T
3-PA,1210,0,3277,0,7,3284,T
3-PA,1211,0,0,0,3272,3272,C
3-PA,1212,3272,0,5,0,3277,A
3-PA,1213,3270,0,5,0,3275,A
3-PA,1214,5,0,3319,0,3324,G
3-PA,1215,1,1,0,3316,3318,C
3-PA,1216,0,3251,0,4,3255,T
3-PA,1217,1,1,3335,0,3337,G
3-PA,1218,0,1,3349,0,3350,G
3-PA,1219,3393,1,2,0,3396,A
3-PA,1220,0,3416,0,0,3416,T
3-PA,1221,3413,0,2,0,3415,A
3-PA,1222,0,0,0,3428,3428,C
3-PA,1223,3377,1,2,0,3380,A
3-PA,1224,1,5,3410,0,3416,G
3-PA,1225,3405,1,0,1,3407,A
3-PA,1226,3360,0,1,0,3361,A
3-PA,1227,2,3326,0,0,3328,T
3-PA,1228,0,10,3342,0,3352,G
3-PA,1229,3333,0,3,0,3336,A
3-PA,1230,0,0,3376,0,3376,G
3-PA,1231,0,3355,1,1,3357,T
3-PA,1232,2,3354,1,0,3357,T
3-PA,1233,7,0,2,3366,3375,C
3-PA,1234,3403,0,3,0,3406,A
3-PA,1235,3397,2,2,3,3404,A
3-PA,1236,0,0,0,3403,3403,C
3-PA,1237,3368,0,3,0,3371,A
3-PA,1238,3362,0,9,0,3371,A
3-PA,1239,2,4,3362,0,3368,G
3-PA,1240,0,0,3395,0,3395,G
3-PA,1241,2,2,0,3410,3414,C
3-PA,1242,3,3,0,3383,3389,C
3-PA,1243,1,3349,0,1,3351,T
3-PA,1244,0,0,3386,0,3386,G
3-PA,1245,0,3379,0,6,3385,T
3-PA,1246,0,12,3397,1,3410,G
3-PA,1247,3401,0,4,0,3405,A
3-PA,1248,2,0,3408,0,3410,G
3-PA,1249,0,0,6,3383,3389,C
3-PA,1250,0,3364,0,1,3365,T
3-PA,1251,3438,0,0,0,3438,A
3-PA,1252,3442,0,1,0,3443,A
3-PA,1253,2,0,0,3450,3452,C
3-PA,1254,1,3419,1,1,3422,T
3-PA,1255,7,9,3404,3,3423,G
3-PA,1256,3408,2,0,0,3410,A
3-PA,1257,0,3409,0,0,3409,T
3-PA,1258,0,3408,0,0,3408,T
3-PA,1259,16,2,1,3395,3414,C
3-PA,1260,3458,2,1,0,3461,A
3-PA,1261,0,2,3520,0,3522,G
3-PA,1262,0,3519,0,3,3522,T
3-PA,1263,9,0,1,3509,3519,C
3-PA,1264,1,3511,0,2,3514,T
3-PA,1265,1,4,3628,0,3633,G
3-PA,1266,2,9,3624,0,3635,G
3-PA,1267,3631,1,4,0,3636,A
3-PA,1268,0,3636,0,5,3641,T
3-PA,1269,3486,1,7,0,3494,A
3-PA,1270,1,6,3475,0,3482,G
3-PA,1271,3423,0,4,0,3427,A
3-PA,1272,0,0,3444,0,3444,G
3-PA,1273,1,1,0,3431,3433,C
3-PA,1274,0,3366,0,2,3368,T
3-PA,1275,10,1,0,3373,3384,C
3-PA,1276,0,2,3388,0,3390,G
3-PA,1277,3395,0,0,0,3395,A
3-PA,1278,0,3392,0,1,3393,T
3-PA,1279,1,9,3375,1,3386,G
3-PA,1280,3424,0,0,0,3424,A
3-PA,1281,3408,1,1,0,3410,A
3-PA,1282,3421,1,1,0,3423,A
3-PA,1283,0,3419,0,0,3419,T
3-PA,1284,0,3416,0,0,3416,T
3-PA,1285,0,3,3443,1,3447,G
3-PA,1286,5,8,3431,1,3445,G
3-PA,1287,3434,0,5,0,3439,A
3-PA,1288,0,3,3437,0,3440,G
3-PA,1289,3388,1,4,0,3393,A
3-PA,1290,2,4,3411,0,3417,G
3-PA,1291,0,4,3436,0,3440,G
3-PA,1292,3463,2,2,0,3467,A
3-PA,1293,0,1,0,3467,3468,C
3-PA,1294,2,0,3446,0,3448,G
3-PA,1295,0,3454,0,1,3455,T
3-PA,1296,3475,0,1,0,3476,A
3-PA,1297,0,1,3484,0,3485,G
3-PA,1298,3,2,0,3515,3520,C
3-PA,1299,3,2,1,3476,3482,C
3-PA,1300,2,5,0,3442,3449,C
3-PA,1301,3,1,3,3415,3422,C
3-PA,1302,3425,2,1,0,3428,A
3-PA,1303,3535,0,3,0,3538,A
3-PA,1304,0,3532,1,3,3536,T
3-PA,1305,0,3513,0,1,3514,T
3-PA,1306,0,11,3495,0,3506,G
3-PA,1307,3446,0,4,0,3450,A
3-PA,1308,1,1,3458,0,3460,G
3-PA,1309,0,1,1,3453,3455,C
3-PA,1310,3435,1,2,0,3438,A
3-PA,1311,1,2,0,3495,3498,C
3-PA,1312,3409,0,0,0,3409,A
3-PA,1313,0,3478,0,4,3482,T
3-PA,1314,2,3486,0,0,3488,T
3-PA,1315,0,1,3492,1,3494,G
3-PA,1316,0,1,0,3491,3492,C
3-PA,1317,3479,0,2,0,3481,A
3-PA,1318,3483,0,3,0,3486,A
3-PA,1319,1,1,3481,0,3483,G
3-PA,1320,2,0,0,3442,3444,C
3-PA,1321,3425,2,4,0,3431,A
3-PA,1322,1,3343,0,4,3348,T
3-PA,1323,0,6,3348,0,3354,G
3-PA,1324,3338,1,4,0,3343,A
3-PA,1325,0,3,3349,0,3352,G
3-PA,1326,3346,0,0,0,3346,A
3-PA,1327,3354,0,1,0,3355,A
3-PA,1328,0,3,3345,0,3348,G
3-PA,1329,1,3,3357,0,3361,G
3-PA,1330,3359,0,2,0,3361,A
3-PA,1331,3362,0,0,0,3362,A
3-PA,1332,0,3364,0,0,3364,T
3-PA,1333,0,3364,0,5,3369,T
3-PA,1334,3381,0,6,0,3387,A
3-PA,1335,2,3391,0,1,3394,T
3-PA,1336,0,3386,0,2,3388,T
3-PA,1337,2,3392,0,2,3396,T
3-PA,1338,4,1,0,3355,3360,C
3-PA,1339,3348,0,2,0,3350,A
3-PA,1340,0,1,0,3425,3426,C
3-PA,1341,3402,0,5,0,3407,A
3-PA,1342,0,1,3428,0,3429,G
3-PA,1343,0,0,0,3428,3428,C
3-PA,1344,3407,0,4,1,3412,A
3-PA,1345,1,3,3430,0,3434,G
3-PA,1346,3426,0,2,0,3428,A
3-PA,1347,0,3,3442,0,3445,G
3-PA,1348,0,1,3446,0,3447,G
3-PA,1349,0,3333,1,3,3337,T
3-PA,1350,1,0,3377,0,3378,G
3-PA,1351,1,3344,2,5,3352,T
3-PA,1352,5,1,0,3357,3363,C
3-PA,1353,4,0,0,3389,3393,C
3-PA,1354,4,0,0,3374,3378,C
3-PA,1355,3406,0,0,0,3406,A
3-PA,1356,2,3413,0,4,3419,T
3-PA,1357,0,3404,0,3,3407,T
3-PA,1358,1,0,3426,0,3427,G
3-PA,1359,2,3369,0,0,3371,T
3-PA,1360,3329,0,0,0,3329,A
3-PA,1361,1,3,3316,1,3321,G
3-PA,1362,3231,0,0,1,3232,A
3-PA,1363,1,3,3241,0,3245,G
3-PA,1364,1,0,0,3203,3204,C
3-PA,1365,4,2,0,3155,3161,C
3-PA,1366,3198,0,3,0,3201,A
3-PA,1367,1,0,0,3199,3200,C
3-PA,1368,1,3179,0,1,3181,T
3-PA,1369,0,6,3169,0,3175,G
3-PA,1370,3164,1,1,0,3166,A
3-PA,1371,3110,0,0,0,3110,A
3-PA,1372,0,3168,0,0,3168,T
3-PA,1373,3183,2,2,0,3187,A
3-PA,1374,0,1,0,3213,3214,C
3-PA,1375,3113,0,2,0,3115,A
3-PA,1376,0,3121,0,2,3123,T
3-PA,1377,3109,0,0,1,3110,A
3-PA,1378,3110,0,0,0,3110,A
3-PA,1379,3,3099,0,0,3102,T
3-PA,1380,0,3,3065,0,3068,G
3-PA,1381,3058,1,0,1,3060,A
3-PA,1382,3003,0,6,1,3010,A
3-PA,1383,7,4,2996,0,3007,G
3-PA,1384,1,1,2990,0,2992,G
3-PA,1385,0,5,3025,0,3030,G
3-PA,1386,1,2,3041,0,3044,G
3-PA,1387,0,0,3062,0,3062,G
3-PA,1388,1,3007,0,2,3010,T
3-PA,1389,3011,1,5,0,3017,A
3-PA,1390,1,3033,0,1,3035,T
3-PA,1391,3079,0,0,0,3079,A
3-PA,1392,1,0,0,3362,3363,C
3-PA,1393,3274,0,2,0,3276,A
3-PA,1394,0,3211,0,0,3211,T
3-PA,1395,0,3186,0,0,3186,T
3-PA,1396,3147,1,1,0,3149,A
3-PA,1397,3204,0,0,0,3204,A
3-PA,1398,0,0,0,3202,3202,C
3-PA,1399,3142,0,0,0,3142,A
3-PA,1400,0,1,1,3139,3141,C
3-PA,1401,1,2814,0,0,2815,T
3-PA,1402,1,0,2901,0,2902,G
3-PA,1403,0,9,0,2890,2899,C
3-PA,1404,3,1,0,2873,2877,C
3-PA,1405,4,0,0,2891,2895,C
3-PA,1406,0,2821,1,3,2825,T
3-PA,1407,1,0,2913,0,2914,G
3-PA,1408,0,2,0,2916,2918,C
3-PA,1409,1,2906,0,1,2908,T
3-PA,1410,8,0,0,2981,2989,C
3-PA,1411,2887,0,2,0,2889,A
3-PA,1412,2910,0,1,0,2911,A
3-PA,1413,0,2915,0,2,2917,T
3-PA,1414,0,1,2909,1,2911,G
3-PA,1415,0,2,0,2912,2914,C
3-PA,1416,2850,0,0,0,2850,A
3-PA,1417,1,2841,1,2,2845,T
3-PA,1418,2,1,0,2833,2836,C
3-PA,1419,2,0,0,2854,2856,C
3-PA,1420,0,2749,0,6,2755,T
3-PA,1421,5,0,2816,1,2822,G
3-PA,1422,1,2808,1,2,2812,T
3-PA,1423,0,2,2808,0,2810,G
3-PA,1424,1,3,0,2807,2811,C
3-PA,1425,2761,0,3,0,2764,A
3-PA,1426,1,0,2783,0,2784,G
3-PA,1427,0,1,0,2779,2780,C
3-PA,1428,2750,0,1,0,2751,A
3-PA,1429,2749,0,1,0,2750,A
3-PA,1430,0,2672,0,1,2673,T
3-PA,1431,0,1,2673,0,2674,G
3-PA,1432,0,2,2666,0,2668,G
3-PA,1433,2667,0,5,0,2672,A
3-PA,1434,0,0,0,2669,2669,C
3-PA,1435,2,4,2629,0,2635,G
3-PA,1436,2652,1,2,0,2655,A
3-PA,1437,2,2654,0,1,2657,T
3-PA,1438,1,2649,0,2,2652,T
3-PA,1439,1,2651,0,2,2654,T
3-PA,1440,0,2651,0,3,2654,T
3-PA,1441,3,1,0,2654,2658,C
3-PA,1442,2658,0,2,0,2660,A
3-PA,1443,2665,0,0,0,2665,A
3-PA,1444,0,0,0,2665,2665,C
3-PA,1445,1,2608,0,0,2609,T
3-PA,1446,2610,0,1,0,2611,A
3-PA,1447,2606,0,0,0,2606,A
3-PA,1448,0,2613,0,1,2614,T
3-PA,1449,0,2614,0,2,2616,T
3-PA,1450,3,1,1,2612,2617,C
3-PA,1451,3,2,0,2603,2608,C
3-PA,1452,2,0,0,2608,2610,C
3-PA,1453,2605,0,0,1,2606,A
3-PA,1454,0,2637,0,5,2642,T
3-PA,1455,1,3,2636,0,2640,G
3-PA,1456,2640,1,0,0,2641,A
3-PA,1457,0,2624,1,3,2628,T
3-PA,1458,2618,0,1,0,2619,A
3-PA,1459,2624,0,2,0,2626,A
3-PA,1460,0,0,2622,0,2622,G
3-PA,1461,1,0,0,2612,2613,C
3-PA,1462,2608,0,1,0,2609,A
3-PA,1463,2527,0,0,1,2528,A
3-PA,1464,0,0,2572,0,2572,G
3-PA,1465,0,2554,0,2,2556,T
3-PA,1466,0,1,2554,0,2555,G
3-PA,1467,0,0,0,2552,2552,C
3-PA,1468,2526,1,4,0,2531,A
3-PA,1469,3,4,2566,0,2573,G
3-PA,1470,2562,1,2,0,2565,A
3-PA,1471,2586,0,1,0,2587,A
3-PA,1472,1,0,0,2579,2580,C
3-PA,1473,0,2512,0,1,2513,T
3-PA,1474,2527,2,0,0,2529,A
3-PA,1475,2525,0,0,0,2525,A
3-PA,1476,2527,0,1,0,2528,A
3-PA,1477,2,1,2526,0,2529,G
3-PA,1478,2413,0,4,0,2417,A
3-PA,1479,0,4,2419,0,2423,G
3-PA,1480,0,2,2364,0,2366,G
3-PA,1481,0,1,2356,0,2357,G
3-PA,1482,2343,0,0,0,2343,A
3-PA,1483,2293,0,5,0,2298,A
3-PA,1484,0,1,2297,0,2298,G
3-PA,1485,1,1,2296,0,2298,G
3-PA,1486,0,1,0,2295,2296,C
3-PA,1487,0,7,2285,2,2294,G
3-PA,1488,2287,0,0,0,2287,A
3-PA,1489,2288,0,0,0,2288,A
3-PA,1490,2288,0,1,0,2289,A
3-PA,1491,2280,0,5,0,2285,A
3-PA,1492,2286,1,2,0,2289,A
3-PA,1493,2,0,0,2287,2289,C
3-PA,1494,3,2,0,2270,2275,C
3-PA,1495,2269,0,1,0,2270,A
3-PA,1496,2285,0,0,0,2285,A
3-PA,1497,0,2282,2,0,2284,T
3-PA,1498,1,2282,0,0,2283,T
3-PA,1499,0,2282,1,1,2284,T
3-PA,1500,2287,0,0,0,2287,A
3-PA,1501,1,2280,2,2,2285,T
3-PA,1502,2276,0,2,0,2278,A
3-PA,1503,0,2265,1,4,2270,T
3-PA,1504,1,4,2242,0,2247,G
3-PA,1505,4,2,2223,0,2229,G
3-PA,1506,2222,0,1,0,2223,A
3-PA,1507,0,2210,0,1,2211,T
3-PA,1508,0,2192,0,0,2192,T
3-PA,1509,4,2,0,2180,2186,C
3-PA,1510,2190,1,1,0,2192,A
3-PA,1511,0,2211,0,3,2214,T
3-PA,1512,1,1,0,2212,2214,C
3-PA,1513,2211,0,0,0,2211,A
3-PA,1514,0,2193,0,0,2193,T
3-PA,1515,2173,0,3,0,2176,A
3-PA,1516,2173,0,1,0,2174,A
3-PA,1517,2168,0,3,1,2172,A
3-PA,1518,1,7,2162,0,2170,G
3-PA,1519,0,0,2139,0,2139,G
3-PA,1520,0,2,2112,0,2114,G
3-PA,1521,2089,2,3,0,2094,A
3-PA,1522,2068,0,3,0,2071,A
3-PA,1523,0,1,2079,0,2080,G
3-PA,1524,2067,1,0,0,2068,A
3-PA,1525,3,2056,0,5,2064,T
3-PA,1526,4,2,0,2051,2057,C
3-PA,1527,0,2013,0,4,2017,T
3-PA,1528,7,0,0,2047,2054,C
3-PA,1529,2047,0,1,0,2048,A
3-PA,1530,1,2040,1,0,2042,T
3-PA,1531,3,2043,0,1,2047,T
3-PA,1532,0,2028,0,0,2028,T
3-PA,1533,2012,8,0,0,2020,A
3-PA,1534,2019,0,2,0,2021,A
3-PA,1535,0,3,2016,0,2019,G
3-PA,1536,0,3,2029,0,2032,G
3-PA,1537,1914,0,1,0,1915,A
3-PA,1538,1906,0,3,0,1909,A
3-PA,1539,0,1900,0,1,1901,T
3-PA,1540,1,5,1903,0,1909,G
3-PA,1541,1930,2,2,0,1934,A
3-PA,1542,0,0,0,1927,1927,C
3-PA,1543,1913,0,1,0,1914,A
3-PA,1544,0,0,0,1910,1910,C
3-PA,1545,1848,0,1,0,1849,A
3-PA,1546,0,1,1858,0,1859,G
3-PA,1547,1847,1,1,0,1849,A
3-PA,1548,2,0,0,1818,1820,C
3-PA,1549,1,0,1801,0,1802,G
3-PA,1550,0,1664,0,0,1664,T
3-PA,1551,0,3,1669,0,1672,G
3-PA,1552,1,0,1669,0,1670,G
3-PA,1553,0,1671,0,1,1672,T
3-PA,1554,1668,0,0,0,1668,A
3-PA,1555,1640,0,1,0,1641,A
3-PA,1556,1639,1,1,0,1641,A
3-PA,1557,0,1635,0,0,1635,T
3-PA,1558,1,1597,0,0,1598,T
3-PA,1559,0,1600,0,0,1600,T
3-PA,1560,1,1584,0,0,1585,T
3-PA,1561,0,0,1584,0,1584,G
3-PA,1562,1,1555,0,1,1557,T
3-PA,1563,1,3,1553,0,1557,G
3-PA,1564,1549,1,1,0,1551,A
3-PA,1565,0,1,1550,0,1551,G
3-PA,1566,3,0,0,1532,1535,C
3-PA,1567,1540,1,0,0,1541,A
3-PA,1568,0,1537,0,1,1538,T
3-PA,1569,0,1,1535,0,1536,G
3-PA,1570,1,3,1533,0,1537,G
3-PA,1571,1542,1,1,0,1544,A
3-PA,1572,0,1,1541,0,1542,G
3-PA,1573,1,1519,0,2,1522,T
3-PA,1574,0,1491,0,1,1492,T
3-PA,1575,0,1494,0,0,1494,T
3-PA,1576,0,1493,0,2,1495,T
3-PA,1577,3,0,0,1492,1495,C
3-PA,1578,0,1482,0,2,1484,T
3-PA,1579,3,0,0,1479,1482,C
3-PA,1580,0,1438,0,3,1441,T
3-PA,1581,1,0,0,1429,1430,C
3-PA,1582,1427,1,0,1,1429,A
3-PA,1583,0,1,0,1428,1429,C
3-PA,1584,1,1379,0,1,1381,T
3-PA,1585,0,5,1376,0,1381,G
3-PA,1586,1370,0,3,0,1373,A
3-PA,1587,1,5,0,1374,1380,C
3-PA,1588,2,1,0,1369,1372,C
3-PA,1589,1,2,0,1349,1352,C
3-PA,1590,1,4,1345,0,1350,G
3-PA,1591,1341,0,4,0,1345,A
3-PA,1592,0,3,1346,0,1349,G
3-PA,1593,1347,0,2,0,1349,A
3-PA,1594,1,0,0,1318,1319,C
3-PA,1595,0,1294,1,1,1296,T
3-PA,1596,0,1222,0,1,1223,T
3-PA,1597,0,3,1220,0,1223,G
3-PA,1598,1215,0,4,0,1219,A
3-PA,1599,0,0,1220,0,1220,G
3-PA,1600,0,0,0,1212,1212,C
3-PA,1601,1,0,1,1160,1162,C
3-PA,1602,1165,0,0,0,1165,A
3-PA,1603,0,1,0,1160,1161,C
3-PA,1604,1162,0,2,0,1164,A
3-PA,1605,0,1162,0,1,1163,T
3-PA,1606,1155,0,0,0,1155,A
3-PA,1607,1149,0,2,0,1151,A
3-PA,1608,1147,0,0,0,1147,A
3-PA,1609,0,1140,0,0,1140,T
3-PA,1610,1,1,1130,0,1132,G
3-PA,1611,0,1,1022,0,1023,G
3-PA,1612,0,1,1008,0,1009,G
3-PA,1613,993,0,0,0,993,A
3-PA,1614,0,2,986,0,988,G
3-PA,1615,976,0,2,0,978,A
3-PA,1616,963,0,1,0,964,A
3-PA,1617,967,0,0,0,967,A
3-PA,1618,1,965,0,0,966,T
3-PA,1619,951,0,0,0,951,A
3-PA,1620,2,0,0,943,945,C
3-PA,1621,0,591,0,1,592,T
3-PA,1622,1,0,591,0,592,G
3-PA,1623,0,446,0,0,446,T
3-PA,1624,1,0,453,0,454,G
3-PA,1625,0,432,0,1,433,T
3-PA,1626,1,0,0,354,355,C
3-PA,1627,0,0,0,350,350,C
3-PA,1628,0,333,0,0,333,T
3-PA,1629,0,332,0,0,332,T
3-PA,1630,0,0,333,0,333,G
3-PA,1631,333,0,0,0,333,A
3-PA,1632,0,1,337,0,338,G
3-PA,1633,326,0,0,0,326,A
3-PA,1634,0,326,0,0,326,T
3-PA,1635,321,0,0,0,321,A
3-PA,1636,0,0,332,0,332,G
3-PA,1637,0,1,334,0,335,G
3-PA,1638,333,0,1,0,334,A
3-PA,1639,0,1,332,0,333,G
3-PA,1640,326,0,0,0,326,A
3-PA,1641,0,327,0,0,327,T
3-PA,1642,328,0,0,0,328,A
3-PA,1643,0,327,0,0,327,T
3-PA,1644,0,1,328,0,329,G
3-PA,1645,0,331,0,0,331,T
3-PA,1646,0,329,0,0,329,T
3-PA,1647,339,0,0,0,339,A
3-PA,1648,0,0,0,339,339,C
3-PA,1649,0,333,0,1,334,T
3-PA,1650,335,0,0,0,335,A
3-PA,1651,331,0,0,1,332,A
3-PA,1652,0,0,329,0,329,G
3-PA,1653,327,0,0,0,327,A
3-PA,1654,318,0,0,0,318,A
3-PA,1655,1,0,313,0,314,G
3-PA,1656,0,313,0,0,313,T
3-PA,1657,0,0,320,0,320,G
3-PA,1658,0,0,0,321,321,C
3-PA,1659,0,0,0,322,322,C
3-PA,1660,322,0,0,0,322,A
3-PA,1661,0,320,0,0,320,T
3-PA,1662,320,0,0,0,320,A
3-PA,1663,0,1,321,0,322,G
3-PA,1664,0,1,319,0,320,G
3-PA,1665,0,0,0,316,316,C
3-PA,1666,0,0,0,317,317,C
3-PA,1667,316,1,0,0,317,A
3-PA,1668,315,0,0,1,316,A
3-PA,1669,313,0,0,1,314,A
3-PA,1670,0,318,0,0,318,T
3-PA,1671,0,318,0,0,318,T
3-PA,1672,0,318,0,0,318,T
3-PA,1673,1,0,0,316,317,C
3-PA,1674,304,0,0,1,305,A
3-PA,1675,303,1,3,0,307,A
3-PA,1676,1,1,311,0,313,G
3-PA,1677,0,0,313,0,313,G
3-PA,1678,0,0,0,315,315,C
3-PA,1679,0,0,0,311,311,C
3-PA,1680,312,0,0,1,313,A
3-PA,1681,321,0,0,0,321,A
3-PA,1682,0,322,0,0,322,T
3-PA,1683,0,0,337,0,337,G
3-PA,1684,0,336,0,0,336,T
3-PA,1685,0,356,0,0,356,T
3-PA,1686,0,0,0,358,358,C
3-PA,1687,0,355,0,0,355,T
3-PA,1688,0,357,0,0,357,T
3-PA,1689,340,0,0,0,340,A
3-PA,1690,0,345,0,0,345,T
3-PA,1691,345,0,0,0,345,A
3-PA,1692,0,347,0,0,347,T
3-PA,1693,0,0,346,0,346,G
3-PA,1694,0,327,0,0,327,T
3-PA,1695,0,0,329,0,329,G
3-PA,1696,323,0,2,0,325,A
3-PA,1697,0,0,327,0,327,G
3-PA,1698,0,0,329,0,329,G
3-PA,1699,327,0,0,0,327,A
3-PA,1700,1,0,0,326,327,C
3-PA,1701,325,0,0,0,325,A
3-PA,1702,324,0,0,0,324,A
3-PA,1703,325,0,0,0,325,A
3-PA,1704,0,0,0,326,326,C
3-PA,1705,0,1,325,0,326,G
3-PA,1706,0,1,325,0,326,G
3-PA,1707,322,0,0,0,322,A
3-PA,1708,323,0,1,0,324,A
3-PA,1709,0,2,0,324,326,C
3-PA,1710,325,0,0,0,325,A
3-PA,1711,0,326,0,0,326,T
3-PA,1712,0,0,0,326,326,C
3-PA,1713,325,0,0,0,325,A
3-PA,1714,326,0,0,0,326,A
3-PA,1715,320,0,0,0,320,A
3-PA,1716,0,1,324,0,325,G
3-PA,1717,0,0,325,0,325,G
3-PA,1718,0,323,0,0,323,T
3-PA,1719,0,0,0,320,320,C
3-PA,1720,318,0,0,0,318,A
3-PA,1721,322,1,0,0,323,A
3-PA,1722,323,0,0,0,323,A
3-PA,1723,321,0,0,0,321,A
3-PA,1724,0,324,0,0,324,T
3-PA,1725,0,0,326,0,326,G
3-PA,1726,325,0,0,0,325,A
3-PA,1727,325,0,0,0,325,A
3-PA,1728,326,0,0,0,326,A
3-PA,1729,0,324,0,0,324,T
3-PA,1730,0,0,329,0,329,G
3-PA,1731,0,0,329,0,329,G
3-PA,1732,0,1,331,0,332,G
3-PA,1733,0,0,336,0,336,G
3-PA,1734,334,0,0,0,334,A
3-PA,1735,334,1,0,0,335,A
3-PA,1736,0,335,0,0,335,T
3-PA,1737,0,0,338,0,338,G
3-PA,1738,0,0,341,0,341,G
3-PA,1739,338,0,0,0,338,A
3-PA,1740,0,0,341,0,341,G
3-PA,1741,335,0,0,0,335,A
3-PA,1742,0,332,0,0,332,T
3-PA,1743,0,0,332,0,332,G
3-PA,1744,330,0,0,0,330,A
3-PA,1745,1,0,331,0,332,G
3-PA,1746,331,0,0,0,331,A
3-PA,1747,0,0,0,327,327,C
3-PA,1748,1,0,326,0,327,G
3-PA,1749,0,323,0,0,323,T
3-PA,1750,0,322,0,0,322,T
3-PA,1751,0,0,324,0,324,G
3-PA,1752,1,0,0,321,322,C
3-PA,1753,0,0,0,326,326,C
3-PA,1754,0,325,0,0,325,T
3-PA,1755,0,0,0,333,333,C
3-PA,1756,0,0,0,331,331,C
3-PA,1757,0,333,0,0,333,T
3-PA,1758,0,334,0,0,334,T
3-PA,1759,0,0,0,335,335,C
3-PA,1760,330,0,0,0,330,A
3-PA,1761,1,0,330,0,331,G
3-PA,1762,0,330,0,0,330,T
3-PA,1763,2,0,0,329,331,C
3-PA,1764,322,0,1,0,323,A
3-PA,1765,0,1,0,335,336,C
3-PA,1766,0,335,0,2,337,T
3-PA,1767,1,0,0,337,338,C
3-PA,1768,0,0,0,338,338,C
3-PA,1769,337,0,1,0,338,A
3-PA,1770,0,0,337,0,337,G
3-PA,1771,1,0,0,338,339,C
3-PA,1772,331,0,0,0,331,A
3-PA,1773,0,1,334,0,335,G
3-PA,1774,319,0,0,0,319,A
3-PA,1775,0,319,0,0,319,T
3-PA,1776,2,0,0,317,319,C
3-PA,1777,0,0,321,0,321,G
3-PA,1778,321,0,0,0,321,A
3-PA,1779,0,0,323,0,323,G
3-PA,1780,323,0,0,0,323,A
3-PA,1781,0,0,326,0,326,G
3-PA,1782,0,1,0,322,323,C
3-PA,1783,323,0,0,0,323,A
3-PA,1784,0,324,0,0,324,T
3-PA,1785,0,0,327,0,327,G
3-PA,1786,330,0,0,0,330,A
3-PA,1787,0,328,0,1,329,T
3-PA,1788,0,326,0,0,326,T
3-PA,1789,0,0,327,0,327,G
3-PA,1790,327,0,0,0,327,A
3-PA,1791,327,0,0,0,327,A
3-PA,1792,0,0,329,0,329,G
3-PA,1793,0,2,0,323,325,C
3-PA,1794,1,0,0,322,323,C
3-PA,1795,0,0,325,0,325,G
3-PA,1796,324,0,0,0,324,A
3-PA,1797,0,0,329,0,329,G
3-PA,1798,0,324,0,0,324,T
3-PA,1799,1,0,0,322,323,C
3-PA,1800,0,0,0,325,325,C
3-PA,1801,1,325,0,0,326,T
3-PA,1802,0,0,0,326,326,C
3-PA,1803,0,0,326,0,326,G
3-PA,1804,0,0,339,0,339,G
3-PA,1805,0,339,0,0,339,T
3-PA,1806,0,335,0,0,335,T
3-PA,1807,333,1,0,0,334,A
3-PA,1808,336,0,0,0,336,A
3-PA,1809,334,0,0,0,334,A
3-PA,1810,0,1,338,0,339,G
3-PA,1811,336,0,0,1,337,A
3-PA,1812,0,0,336,0,336,G
3-PA,1813,328,0,0,0,328,A
3-PA,1814,329,0,0,0,329,A
3-PA,1815,327,0,1,0,328,A
3-PA,1816,0,0,331,0,331,G
3-PA,1817,330,0,1,0,331,A
3-PA,1818,1,0,0,329,330,C
3-PA,1819,326,0,0,0,326,A
3-PA,1820,0,325,0,0,325,T
3-PA,1821,0,0,327,0,327,G
3-PA,1822,326,0,0,0,326,A
3-PA,1823,0,0,0,326,326,C
3-PA,1824,1,0,0,323,324,C
3-PA,1825,320,0,0,0,320,A
3-PA,1826,319,0,0,0,319,A
3-PA,1827,320,0,0,0,320,A
3-PA,1828,0,0,321,0,321,G
3-PA,1829,320,0,0,0,320,A
3-PA,1830,0,0,322,0,322,G
3-PA,1831,0,313,0,1,314,T
3-PA,1832,0,313,0,0,313,T
3-PA,1833,0,311,0,0,311,T
3-PA,1834,0,311,0,1,312,T
3-PA,1835,0,311,1,0,312,T
3-PA,1836,0,314,0,0,314,T
3-PA,1837,0,0,312,0,312,G
3-PA,1838,310,0,0,0,310,A
3-PA,1839,0,2,311,0,313,G
3-PA,1840,311,0,0,0,311,A
3-PA,1841,311,0,0,0,311,A
3-PA,1842,0,309,0,2,311,T
3-PA,1843,309,1,0,0,310,A
3-PA,1844,322,0,1,0,323,A
3-PA,1845,325,0,0,0,325,A
3-PA,1846,0,324,0,0,324,T
3-PA,1847,2,1,0,320,323,C
3-PA,1848,320,0,0,0,320,A
3-PA,1849,0,2,319,0,321,G
3-PA,1850,318,0,0,0,318,A
3-PA,1851,321,0,0,0,321,A
3-PA,1852,0,0,319,0,319,G
3-PA,1853,0,0,0,313,313,C
3-PA,1854,311,0,0,0,311,A
3-PA,1855,0,311,0,0,311,T
3-PA,1856,1,2,308,0,311,G
3-PA,1857,0,0,314,0,314,G
3-PA,1858,0,0,0,312,312,C
3-PA,1859,1,0,0,327,328,C
3-PA,1860,0,0,0,330,330,C
3-PA,1861,333,0,0,0,333,A
3-PA,1862,0,334,0,0,334,T
3-PA,1863,0,333,0,0,333,T
3-PA,1864,0,0,333,0,333,G
3-PA,1865,0,1,333,0,334,G
3-PA,1866,1,1,330,0,332,G
3-PA,1867,0,0,332,0,332,G
3-PA,1868,317,0,1,0,318,A
3-PA,1869,0,0,321,0,321,G
3-PA,1870,0,309,0,2,311,T
3-PA,1871,0,0,0,314,314,C
3-PA,1872,1,0,0,320,321,C
3-PA,1873,0,0,0,322,322,C
3-PA,1874,1,0,0,320,321,C
3-PA,1875,0,0,0,323,323,C
3-PA,1876,321,0,0,0,321,A
3-PA,1877,321,0,0,0,321,A
3-PA,1878,0,1,320,0,321,G
3-PA,1879,0,1,315,0,316,G
3-PA,1880,1,1,316,0,318,G
3-PA,1881,291,0,0,0,291,A
3-PA,1882,0,0,296,0,296,G
3-PA,1883,1,293,0,1,295,T
3-PA,1884,0,0,294,0,294,G
3-PA,1885,0,0,295,0,295,G
3-PA,1886,296,1,0,0,297,A
3-PA,1887,295,0,0,0,295,A
3-PA,1888,0,1,294,0,295,G
3-PA,1889,289,0,0,0,289,A
3-PA,1890,290,0,0,0,290,A
3-PA,1891,0,1,288,0,289,G
3-PA,1892,0,0,288,0,288,G
3-PA,1893,0,288,0,0,288,T
3-PA,1894,0,287,0,0,287,T
3-PA,1895,1,0,0,289,290,C
3-PA,1896,2,0,0,287,289,C
3-PA,1897,288,0,0,0,288,A
3-PA,1898,0,288,0,0,288,T
3-PA,1899,0,286,0,0,286,T
3-PA,1900,0,0,286,0,286,G
3-PA,1901,1,0,284,1,286,G
3-PA,1902,0,0,285,0,285,G
3-PA,1903,285,0,0,0,285,A
3-PA,1904,283,0,0,0,283,A
3-PA,1905,289,0,0,0,289,A
3-PA,1906,0,0,300,0,300,G
3-PA,1907,0,299,0,0,299,T
3-PA,1908,0,0,0,303,303,C
3-PA,1909,0,298,0,3,301,T
3-PA,1910,0,0,301,0,301,G
3-PA,1911,0,301,0,0,301,T
3-PA,1912,299,0,0,0,299,A
3-PA,1913,0,0,299,0,299,G
3-PA,1914,0,0,298,0,298,G
3-PA,1915,281,0,0,0,281,A
3-PA,1916,0,0,0,283,283,C
3-PA,1917,0,279,0,0,279,T
3-PA,1918,0,0,0,292,292,C
3-PA,1919,0,292,1,0,293,T
3-PA,1920,294,0,0,0,294,A
3-PA,1921,0,293,0,0,293,T
3-PA,1922,0,290,1,0,291,T
3-PA,1923,0,1,293,0,294,G
3-PA,1924,0,0,294,0,294,G
3-PA,1925,0,0,0,295,295,C
3-PA,1926,0,292,0,0,292,T
3-PA,1927,276,0,0,0,276,A
3-PA,1928,278,0,0,0,278,A
3-PA,1929,0,0,279,0,279,G
3-PA,1930,0,276,0,0,276,T
3-PA,1931,2,0,0,275,277,C
3-PA,1932,269,0,0,0,269,A
3-PA,1933,0,0,278,0,278,G
3-PA,1934,0,278,0,0,278,T
3-PA,1935,284,0,0,0,284,A
3-PA,1936,0,284,0,0,284,T
3-PA,1937,0,276,0,0,276,T
3-PA,1938,2,0,0,276,278,C
3-PA,1939,274,0,0,0,274,A
3-PA,1940,274,0,0,0,274,A
3-PA,1941,0,274,1,0,275,T
3-PA,1942,260,0,0,0,260,A
3-PA,1943,1,0,262,0,263,G
3-PA,1944,0,0,0,256,256,C
3-PA,1945,0,0,0,256,256,C
3-PA,1946,0,253,0,1,254,T
3-PA,1947,0,1,255,0,256,G
3-PA,1948,0,255,0,0,255,T
3-PA,1949,255,0,0,0,255,A
3-PA,1950,0,256,0,0,256,T
3-PA,1951,1,0,249,0,250,G
3-PA,1952,0,0,0,254,254,C
3-PA,1953,249,0,0,0,249,A
3-PA,1954,0,249,0,0,249,T
3-PA,1955,1,0,0,249,250,C
3-PA,1956,241,0,0,0,241,A
3-PA,1957,0,0,0,239,239,C
3-PA,1958,3,0,0,238,241,C
3-PA,1959,241,1,0,0,242,A
3-PA,1960,0,0,0,246,246,C
3-PA,1961,245,0,0,0,245,A
3-PA,1962,244,0,0,0,244,A
3-PA,1963,0,239,0,0,239,T
3-PA,1964,0,236,0,1,237,T
3-PA,1965,0,0,236,0,236,G
3-PA,1966,0,0,233,0,233,G
3-PA,1967,232,0,0,0,232,A
3-PA,1968,232,0,0,0,232,A
3-PA,1969,0,1,231,0,232,G
3-PA,1970,0,0,232,0,232,G
3-PA,1971,232,0,0,0,232,A
3-PA,1972,0,231,0,0,231,T
3-PA,1973,0,232,0,0,232,T
3-PA,1974,0,230,0,0,230,T
3-PA,1975,0,231,0,1,232,T
3-PA,1976,0,0,0,231,231,C
3-PA,1977,231,0,0,0,231,A
3-PA,1978,0,0,231,0,231,G
3-PA,1979,0,0,0,228,228,C
3-PA,1980,0,1,224,0,225,G
3-PA,1981,0,0,226,0,226,G
3-PA,1982,227,0,0,0,227,A
3-PA,1983,0,0,229,0,229,G
3-PA,1984,0,229,0,0,229,T
3-PA,1985,1,0,0,229,230,C
3-PA,1986,229,0,0,0,229,A
3-PA,1987,229,0,0,0,229,A
3-PA,1988,0,0,229,0,229,G
3-PA,1989,229,0,0,0,229,A
3-PA,1990,228,0,0,0,228,A
3-PA,1991,226,0,0,0,226,A
3-PA,1992,219,0,1,0,220,A
3-PA,1993,0,0,0,219,219,C
3-PA,1994,0,216,0,0,216,T
3-PA,1995,0,0,218,0,218,G
3-PA,1996,0,0,0,217,217,C
3-PA,1997,0,217,0,0,217,T
3-PA,1998,1,0,0,217,218,C
3-PA,1999,0,0,0,217,217,C
3-PA,2000,0,216,1,0,217,T
3-PA,2001,0,217,0,0,217,T
3-PA,2002,0,0,218,0,218,G
3-PA,2003,1,216,0,0,217,T
3-PA,2004,0,215,0,0,215,T
3-PA,2005,0,0,218,0,218,G
3-PA,2006,0,218,0,0,218,T
3-PA,2007,1,214,0,0,215,T
3-PA,2008,0,0,0,217,217,C
3-PA,2009,212,0,0,0,212,A
3-PA,2010,0,0,212,0,212,G
3-PA,2011,0,1,211,0,212,G
3-PA,2012,0,0,0,214,214,C
3-PA,2013,0,213,0,0,213,T
3-PA,2014,0,0,0,218,218,C
3-PA,2015,0,215,0,0,215,T
3-PA,2016,0,215,0,0,215,T
3-PA,2017,215,0,0,0,215,A
3-PA,2018,0,0,214,0,214,G
3-PA,2019,0,0,211,0,211,G
3-PA,2020,0,1,208,0,209,G
3-PA,2021,204,0,0,0,204,A
3-PA,2022,0,0,0,204,204,C
3-PA,2023,193,0,0,0,193,A
3-PA,2024,198,0,0,0,198,A
3-PA,2025,0,0,0,200,200,C
3-PA,2026,1,0,0,199,200,C
3-PA,2027,0,200,0,0,200,T
3-PA,2028,0,0,0,197,197,C
3-PA,2029,0,1,196,0,197,G
3-PA,2030,197,0,0,0,197,A
3-PA,2031,197,0,0,0,197,A
3-PA,2032,0,0,0,198,198,C
3-PA,2033,0,0,0,190,190,C
3-PA,2034,0,189,0,0,189,T
3-PA,2035,0,0,189,0,189,G
3-PA,2036,0,0,189,0,189,G
3-PA,2037,0,1,189,0,190,G
3-PA,2038,190,0,0,0,190,A
3-PA,2039,0,0,0,191,191,C
3-PA,2040,0,0,0,189,189,C
3-PA,2041,0,180,0,0,180,T
3-PA,2042,0,180,0,0,180,T
3-PA,2043,0,180,0,1,181,T
3-PA,2044,0,0,181,0,181,G
3-PA,2045,182,0,0,0,182,A
3-PA,2046,0,182,0,0,182,T
3-PA,2047,0,0,0,182,182,C
3-PA,2048,0,178,0,0,178,T
3-PA,2049,0,178,0,0,178,T
3-PA,2050,0,0,179,0,179,G
3-PA,2051,0,0,179,0,179,G
3-PA,2052,0,1,177,0,178,G
3-PA,2053,0,0,180,0,180,G
3-PA,2054,0,0,178,0,178,G
3-PA,2055,0,0,175,0,175,G
3-PA,2056,0,0,0,174,174,C
3-PA,2057,0,173,0,0,173,T
3-PA,2058,177,0,0,0,177,A
3-PA,2059,0,177,0,0,177,T
3-PA,2060,175,0,1,0,176,A
3-PA,2061,0,177,0,0,177,T
3-PA,2062,0,0,169,0,169,G
3-PA,2063,170,0,0,0,170,A
3-PA,2064,169,0,0,0,169,A
3-PA,2065,0,0,169,0,169,G
3-PA,2066,0,0,0,169,169,C
3-PA,2067,159,0,0,0,159,A
3-PA,2068,165,0,0,0,165,A
3-PA,2069,0,165,0,0,165,T
3-PA,2070,0,164,0,0,164,T
3-PA,2071,0,0,165,0,165,G
3-PA,2072,164,0,0,0,164,A
3-PA,2073,0,1,163,0,164,G
3-PA,2074,0,0,163,0,163,G
3-PA,2075,151,0,0,0,151,A
3-PA,2076,0,0,151,0,151,G
3-PA,2077,0,136,0,1,137,T
3-PA,2078,0,0,137,0,137,G
3-PA,2079,0,0,0,136,136,C
3-PA,2080,0,0,0,135,135,C
3-PA,2081,0,133,0,0,133,T
3-PA,2082,0,2,133,0,135,G
3-PA,2083,135,0,0,0,135,A
3-PA,2084,0,135,0,0,135,T
3-PA,2085,0,130,0,0,130,T
3-PA,2086,129,0,0,0,129,A
3-PA,2087,127,0,0,0,127,A
3-PA,2088,0,127,0,0,127,T
3-PA,2089,0,0,126,0,126,G
3-PA,2090,126,0,0,0,126,A
3-PA,2091,0,122,0,0,122,T
3-PA,2092,1,0,0,121,122,C
3-PA,2093,0,0,0,120,120,C
3-PA,2094,0,0,0,121,121,C
3-PA,2095,0,119,0,0,119,T
3-PA,2096,0,0,118,0,118,G
3-PA,2097,0,1,118,0,119,G
3-PA,2098,0,0,118,0,118,G
3-PA,2099,0,118,0,0,118,T
3-PA,2100,0,107,0,0,107,T
3-PA,2101,0,107,0,0,107,T
3-PA,2102,0,106,0,0,106,T
3-PA,2103,0,0,105,0,105,G
3-PA,2104,0,0,0,106,106,C
3-PA,2105,0,105,0,0,105,T
3-PA,2106,0,0,0,105,105,C
3-PA,2107,94,0,0,0,94,A
3-PA,2108,94,0,0,0,94,A
3-PA,2109,0,94,0,0,94,T
3-PA,2110,0,0,94,0,94,G
3-PA,2111,0,0,0,93,93,C
3-PA,2112,0,0,91,0,91,G
3-PA,2113,0,91,0,0,91,T
3-PA,2114,0,0,0,91,91,C
3-PA,2115,0,90,0,0,90,T
3-PA,2116,0,91,0,0,91,T
3-PA,2117,0,0,91,0,91,G
3-PA,2118,0,0,93,0,93,G
3-PA,2119,0,91,0,0,91,T
3-PA,2120,0,91,0,0,91,T
3-PA,2121,0,0,0,89,89,C
3-PA,2122,86,0,0,0,86,A
3-PA,2123,86,0,0,0,86,A
3-PA,2124,0,0,0,86,86,C
3-PA,2125,0,86,0,0,86,T
3-PA,2126,0,0,0,85,85,C
3-PA,2127,0,0,0,80,80,C
3-PA,2128,0,80,0,0,80,T
3-PA,2129,0,80,0,0,80,T
3-PA,2130,0,0,0,80,80,C
3-PA,2131,1,0,0,79,80,C
3-PA,2132,0,78,1,0,79,T
3-PA,2133,0,0,78,0,78,G
3-PA,2134,78,0,0,0,78,A
3-PA,2135,0,0,0,76,76,C
3-PA,2136,72,0,0,0,72,A
3-PA,2137,0,0,0,69,69,C
3-PA,2138,69,0,0,0,69,A
3-PA,2139,0,69,0,0,69,T
3-PA,2140,0,0,69,0,69,G
3-PA,2141,0,0,0,67,67,C
3-PA,2142,63,0,0,0,63,A
3-PA,2143,0,64,0,0,64,T
3-PA,2144,0,62,0,0,62,T
3-PA,2145,62,0,0,0,62,A
3-PA,2146,62,0,0,0,62,A
3-PA,2147,62,0,0,0,62,A
3-PA,2148,61,0,0,0,61,A
3-PA,2149,0,59,0,0,59,T
3-PA,2150,49,0,0,0,49,A
3-PA,2151,0,0,49,0,49,G
4-HA,1,274,0,0,0,274,A
4-HA,2,0,277,0,0,277,T
4-HA,3,0,0,282,0,282,G
4-HA,4,282,0,1,0,283,A
4-HA,5,287,0,1,0,288,A
4-HA,6,0,0,304,0,304,G
4-HA,7,304,0,0,0,304,A
4-HA,8,0,0,0,338,338,C
4-HA,9,0,340,0,1,341,T
4-HA,10,359,0,0,0,359,A
4-HA,11,0,383,0,0,383,T
4-HA,12,1,0,0,383,384,C
4-HA,13,384,0,0,0,384,A
4-HA,14,0,384,0,0,384,T
4-HA,15,1,383,0,0,384,T
4-HA,16,0,0,421,0,421,G
4-HA,17,0,0,0,420,420,C
4-HA,18,0,421,0,0,421,T
4-HA,19,0,422,0,0,422,T
4-HA,20,0,422,0,0,422,T
4-HA,21,0,1,453,0,454,G
4-HA,22,454,0,0,0,454,A
4-HA,23,0,0,473,0,473,G
4-HA,24,0,0,0,474,474,C
4-HA,25,0,472,0,0,472,T
4-HA,26,505,0,0,0,505,A
4-HA,27,0,0,0,510,510,C
4-HA,28,517,0,0,0,517,A
4-HA,29,0,559,0,0,559,T
4-HA,30,0,560,0,0,560,T
4-HA,31,1,0,0,563,564,C
4-HA,32,0,562,0,0,562,T
4-HA,33,576,0,0,0,576,A
4-HA,34,0,576,0,0,576,T
4-HA,35,1,0,573,0,574,G
4-HA,36,0,575,0,3,578,T
4-HA,37,0,0,0,577,577,C
4-HA,38,0,577,0,0,577,T
4-HA,39,1,0,580,0,581,G
4-HA,40,0,0,582,0,582,G
4-HA,41,0,581,0,0,581,T
4-HA,42,0,581,0,0,581,T
4-HA,43,0,583,0,0,583,T
4-HA,44,0,583,0,0,583,T
4-HA,45,2,0,0,579,581,C
4-HA,46,0,0,579,0,579,G
4-HA,47,0,0,0,586,586,C
4-HA,48,0,583,0,0,583,T
4-HA,49,1,0,0,590,591,C
4-HA,50,590,1,0,0,591,A
4-HA,51,593,0,0,0,593,A
4-HA,52,591,0,0,0,591,A
4-HA,53,592,0,0,0,592,A
4-HA,54,594,0,0,0,594,A
4-HA,55,0,0,0,597,597,C
4-HA,56,0,596,0,0,596,T
4-HA,57,0,598,0,0,598,T
4-HA,58,0,0,0,597,597,C
4-HA,59,0,0,0,597,597,C
4-HA,60,0,596,0,1,597,T
4-HA,61,0,1,600,0,601,G
4-HA,62,1,0,605,0,606,G
4-HA,63,607,0,0,0,607,A
4-HA,64,619,0,0,0,619,A
4-HA,65,623,0,0,0,623,A
4-HA,66,0,634,0,0,634,T
4-HA,67,0,1,637,0,638,G
4-HA,68,637,0,0,0,637,A
4-HA,69,0,0,0,642,642,C
4-HA,70,640,0,0,0,640,A
4-HA,71,643,0,0,0,643,A
4-HA,72,0,1,0,651,652,C
4-HA,73,651,0,1,0,652,A
4-HA,74,0,1,658,0,659,G
4-HA,75,1,0,0,656,657,C
4-HA,76,657,0,0,0,657,A
4-HA,77,0,0,0,677,677,C
4-HA,78,0,2,671,0,673,G
4-HA,79,4,1,677,0,682,G
4-HA,80,0,0,0,687,687,C
4-HA,81,686,0,1,0,687,A
4-HA,82,695,0,0,0,695,A
4-HA,83,0,0,0,698,698,C
4-HA,84,0,0,710,0,710,G
4-HA,85,0,0,0,713,713,C
4-HA,86,0,709,0,0,709,T
4-HA,87,0,0,720,0,720,G
4-HA,88,0,718,0,0,718,T
4-HA,89,0,0,757,0,757,G
4-HA,90,0,1,0,766,767,C
4-HA,91,1,0,0,780,781,C
4-HA,92,0,782,0,1,783,T
4-HA,93,0,776,0,1,777,T
4-HA,94,1,1,778,0,780,G
4-HA,95,0,0,776,1,777,G
4-HA,96,1,0,799,0,800,G
4-HA,97,0,0,0,797,797,C
4-HA,98,799,0,0,0,799,A
4-HA,99,0,0,0,804,804,C
4-HA,100,0,0,0,791,791,C
4-HA,101,850,0,2,0,852,A
4-HA,102,0,854,0,0,854,T
4-HA,103,0,0,855,0,855,G
4-HA,104,0,0,0,859,859,C
4-HA,105,855,0,0,0,855,A
4-HA,106,0,0,917,0,917,G
4-HA,107,0,916,0,0,916,T
4-HA,108,920,0,2,0,922,A
4-HA,109,0,1,0,917,918,C
4-HA,110,0,0,0,906,906,C
4-HA,111,906,0,0,0,906,A
4-HA,112,904,0,0,1,905,A
4-HA,113,901,0,1,0,902,A
4-HA,114,0,0,0,906,906,C
4-HA,115,0,1,883,0,884,G
4-HA,116,0,2,890,0,892,G
4-HA,117,891,0,0,0,891,A
4-HA,118,892,0,2,0,894,A
4-HA,119,0,0,0,896,896,C
4-HA,120,0,1,895,0,896,G
4-HA,121,905,0,0,0,905,A
4-HA,122,0,906,0,0,906,T
4-HA,123,922,0,0,0,922,A
4-HA,124,1,0,920,0,921,G
4-HA,125,0,920,0,1,921,T
4-HA,126,0,3,921,0,924,G
4-HA,127,923,0,1,0,924,A
4-HA,128,925,0,0,0,925,A
4-HA,129,923,0,1,0,924,A
4-HA,130,918,0,0,0,918,A
4-HA,131,0,1,0,930,931,C
4-HA,132,932,0,0,0,932,A
4-HA,133,940,0,0,0,940,A
4-HA,134,0,941,0,1,942,T
4-HA,135,3,0,0,938,941,C
4-HA,136,941,0,1,0,942,A
4-HA,137,0,2,0,941,943,C
4-HA,138,2,5,936,0,943,G
4-HA,139,942,1,0,0,943,A
4-HA,140,940,0,1,0,941,A
4-HA,141,0,937,0,0,937,T
4-HA,142,1,1,937,0,939,G
4-HA,143,946,0,2,0,948,A
4-HA,144,0,0,0,943,943,C
4-HA,145,1,0,0,945,946,C
4-HA,146,945,0,0,0,945,A
4-HA,147,951,0,1,0,952,A
4-HA,148,954,0,1,0,955,A
4-HA,149,0,954,1,0,955,T
4-HA,150,0,952,0,0,952,T
4-HA,151,0,2,958,0,960,G
4-HA,152,956,0,0,0,956,A
4-HA,153,957,0,2,0,959,A
4-HA,154,0,0,963,0,963,G
4-HA,155,1,959,0,0,960,T
4-HA,156,0,988,0,0,988,T
4-HA,157,995,0,0,0,995,A
4-HA,158,0,1,0,1001,1002,C
4-HA,159,0,1003,0,0,1003,T
4-HA,160,1003,0,1,0,1004,A
4-HA,161,1026,0,1,0,1027,A
4-HA,162,0,1028,0,1,1029,T
4-HA,163,0,0,1033,0,1033,G
4-HA,164,1,0,0,1063,1064,C
4-HA,165,0,1056,0,0,1056,T
4-HA,166,1054,0,2,0,1056,A
4-HA,167,0,0,0,1051,1051,C
4-HA,168,0,1045,0,0,1045,T
4-HA,169,0,2,1046,0,1048,G
4-HA,170,1048,0,0,0,1048,A
4-HA,171,0,0,1056,0,1056,G
4-HA,172,1,1,0,1056,1058,C
4-HA,173,1,1034,0,0,1035,T
4-HA,174,0,2,1064,0,1066,G
4-HA,175,0,1,1088,0,1089,G
4-HA,176,0,1090,1,2,1093,T
4-HA,177,0,1091,0,0,1091,T
4-HA,178,1,0,0,1086,1087,C
4-HA,179,1087,1,1,0,1089,A
4-HA,180,0,4,1085,1,1090,G
4-HA,181,1089,0,1,0,1090,A
4-HA,182,0,0,1112,0,1112,G
4-HA,183,0,1103,0,1,1104,T
4-HA,184,1,1090,0,2,1093,T
4-HA,185,1,0,0,1091,1092,C
4-HA,186,1,1,0,1101,1103,C
4-HA,187,0,1095,0,0,1095,T
4-HA,188,2,0,0,1099,1101,C
4-HA,189,1100,0,0,0,1100,A
4-HA,190,1102,0,1,0,1103,A
4-HA,191,0,0,0,1114,1114,C
4-HA,192,1093,0,0,0,1093,A
4-HA,193,0,0,1106,0,1106,G
4-HA,194,10,0,1097,0,1107,G
4-HA,195,0,1106,0,0,1106,T
4-HA,196,0,3,1107,0,1110,G
4-HA,197,1104,0,2,0,1106,A
4-HA,198,1109,0,1,0,1110,A
4-HA,199,1131,0,0,0,1131,A
4-HA,200,1,1124,1,0,1126,T
4-HA,201,1133,0,0,1,1134,A
4-HA,202,0,1122,0,0,1122,T
4-HA,203,0,0,1125,0,1125,G
4-HA,204,0,3,0,1125,1128,C
4-HA,205,1,2,1130,0,1133,G
4-HA,206,1128,0,2,0,1130,A
4-HA,207,1,0,0,1135,1136,C
4-HA,208,1112,1,1,0,1114,A
4-HA,209,0,0,1191,0,1191,G
4-HA,210,0,1192,0,1,1193,T
4-HA,211,2,0,0,1204,1206,C
4-HA,212,2,0,0,1203,1205,C
4-HA,213,0,1200,0,1,1201,T
4-HA,214,1,0,0,1232,1233,C
4-HA,215,1227,1,1,0,1229,A
4-HA,216,0,1232,0,1,1233,T
4-HA,217,1,0,0,1233,1234,C
4-HA,218,1174,0,1,0,1175,A
4-HA,219,0,1,1180,0,1181,G
4-HA,220,1168,0,1,0,1169,A
4-HA,221,0,1171,0,0,1171,T
4-HA,222,1,0,0,1171,1172,C
4-HA,223,1,0,0,1157,1158,C
4-HA,224,0,1154,0,1,1155,T
4-HA,225,0,1152,0,0,1152,T
4-HA,226,2,0,1150,0,1152,G
4-HA,227,1155,0,1,0,1156,A
4-HA,228,0,1152,0,0,1152,T
4-HA,229,1,3,1155,0,1159,G
4-HA,230,0,1,1157,0,1158,G
4-HA,231,1159,0,1,0,1160,A
4-HA,232,1158,0,2,0,1160,A
4-HA,233,1162,0,0,0,1162,A
4-HA,234,1165,0,0,0,1165,A
4-HA,235,1164,0,2,0,1166,A
4-HA,236,1169,0,0,0,1169,A
4-HA,237,0,0,0,1173,1173,C
4-HA,238,0,1166,0,0,1166,T
4-HA,239,1,0,1166,0,1167,G
4-HA,240,0,0,0,1170,1170,C
4-HA,241,1171,1,0,0,1172,A
4-HA,242,2,0,0,1206,1208,C
4-HA,243,1199,0,2,0,1201,A
4-HA,244,0,0,1,1344,1345,C
4-HA,245,1,1340,0,1,1342,T
4-HA,246,1364,0,1,0,1365,A
4-HA,247,1365,0,0,0,1365,A
4-HA,248,0,1367,0,0,1367,T
4-HA,249,1361,0,0,0,1361,A
4-HA,250,1,0,1367,0,1368,G
4-HA,251,1337,0,1,0,1338,A
4-HA,252,0,1315,0,0,1315,T
4-HA,253,3,0,1244,0,1247,G
4-HA,254,1,0,0,1248,1249,C
4-HA,255,0,1248,0,0,1248,T
4-HA,256,4,0,0,1318,1322,C
4-HA,257,0,1318,0,0,1318,T
4-HA,258,1359,0,0,0,1359,A
4-HA,259,0,1358,0,0,1358,T
4-HA,260,0,1350,0,0,1350,T
4-HA,261,0,0,1370,0,1370,G
4-HA,262,1,0,1367,0,1368,G
4-HA,263,0,5,1365,0,1370,G
4-HA,264,1354,0,3,0,1357,A
4-HA,265,0,2,1346,0,1348,G
4-HA,266,1332,0,1,0,1333,A
4-HA,267,0,1,1,1466,1468,C
4-HA,268,2,0,0,1491,1493,C
4-HA,269,4,1,0,1493,1498,C
4-HA,270,0,1498,0,7,1505,T
4-HA,271,1,0,0,1547,1548,C
4-HA,272,1542,0,0,0,1542,A
4-HA,273,1,0,1638,0,1639,G
4-HA,274,0,1642,0,2,1644,T
4-HA,275,0,13,1635,1,1649,G
4-HA,276,1,1592,1,2,1596,T
4-HA,277,0,3,1598,0,1601,G
4-HA,278,1580,13,5,0,1598,A
4-HA,279,0,1598,1,1,1600,T
4-HA,280,0,1,1589,0,1590,G
4-HA,281,0,0,1587,0,1587,G
4-HA,282,1,0,0,1567,1568,C
4-HA,283,0,1564,0,2,1566,T
4-HA,284,1,1567,0,1,1569,T
4-HA,285,1,0,0,1570,1571,C
4-HA,286,1,4,0,1566,1571,C
4-HA,287,1573,2,0,0,1575,A
4-HA,288,1587,0,0,0,1587,A
4-HA,289,1579,1,0,0,1580,A
4-HA,290,1624,0,0,0,1624,A
4-HA,291,1,1642,0,0,1643,T
4-HA,292,1635,1,1,0,1637,A
4-HA,293,1636,0,1,0,1637,A
4-HA,294,0,1629,0,0,1629,T
4-HA,295,1648,0,0,0,1648,A
4-HA,296,1659,1,0,0,1660,A
4-HA,297,1655,1,0,0,1656,A
4-HA,298,0,1660,0,0,1660,T
4-HA,299,0,4,1643,0,1647,G
4-HA,300,0,2,1646,1,1649,G
4-HA,301,1,3,1638,0,1642,G
4-HA,302,1649,0,5,0,1654,A
4-HA,303,0,0,0,1664,1664,C
4-HA,304,3,0,0,1655,1658,C
4-HA,305,0,1679,0,3,1682,T
4-HA,306,0,1685,0,1,1686,T
4-HA,307,0,1683,0,3,1686,T
4-HA,308,0,1689,1,0,1690,T
4-HA,309,1,1686,0,0,1687,T
4-HA,310,0,1,1703,0,1704,G
4-HA,311,0,1702,0,1,1703,T
4-HA,312,0,1688,0,1,1689,T
4-HA,313,3,4,1687,0,1694,G
4-HA,314,1678,0,1,0,1679,A
4-HA,315,1691,0,0,0,1691,A
4-HA,316,0,2,0,1689,1691,C
4-HA,317,0,0,1685,0,1685,G
4-HA,318,1,1,0,1713,1715,C
4-HA,319,1710,0,4,0,1714,A
4-HA,320,1,0,1728,0,1729,G
4-HA,321,0,1,0,1729,1730,C
4-HA,322,1728,0,1,0,1729,A
4-HA,323,1723,1,0,0,1724,A
4-HA,324,1715,0,3,0,1718,A
4-HA,325,0,0,1775,0,1775,G
4-HA,326,0,0,0,1772,1772,C
4-HA,327,3,0,0,1752,1755,C
4-HA,328,1,1,0,1743,1745,C
4-HA,329,1758,1,0,0,1759,A
4-HA,330,0,1,0,1797,1798,C
4-HA,331,1794,0,0,0,1794,A
4-HA,332,6,0,1789,0,1795,G
4-HA,333,1,0,0,1799,1800,C
4-HA,334,1776,0,0,0,1776,A
4-HA,335,1786,0,1,0,1787,A
4-HA,336,0,0,0,1864,1864,C
4-HA,337,0,1855,0,0,1855,T
4-HA,338,1,1,1859,0,1861,G
4-HA,339,2,1840,0,0,1842,T
4-HA,340,0,1839,0,3,1842,T
4-HA,341,1845,0,2,0,1847,A
4-HA,342,0,1,0,1989,1990,C
4-HA,343,2,0,0,1997,1999,C
4-HA,344,3,0,0,2045,2048,C
4-HA,345,0,1979,0,0,1979,T
4-HA,346,0,1984,0,0,1984,T
4-HA,347,1988,0,1,0,1989,A
4-HA,348,0,1986,1,0,1987,T
4-HA,349,0,3,1984,0,1987,G
4-HA,350,1983,0,2,0,1985,A
4-HA,351,0,1898,0,0,1898,T
4-HA,352,0,0,1925,0,1925,G
4-HA,353,0,1889,0,1,1890,T
4-HA,354,0,1,1893,0,1894,G
4-HA,355,2,1,0,1894,1897,C
4-HA,356,5,0,0,1892,1897,C
4-HA,357,0,1,1950,0,1951,G
4-HA,358,2,2,1967,0,1971,G
4-HA,359,1979,0,1,0,1980,A
4-HA,360,0,1982,0,0,1982,T
4-HA,361,0,1965,0,1,1966,T
4-HA,362,1973,1,0,0,1974,A
4-HA,363,2,1976,0,0,1978,T
4-HA,364,2,1,1981,1,1985,G
4-HA,365,0,1,2,1979,1982,C
4-HA,366,1,0,0,1968,1969,C
4-HA,367,0,1989,0,2,1991,T
4-HA,368,3,0,0,2086,2089,C
4-HA,369,1,22,0,2077,2100,C
4-HA,370,2,1,0,2106,2109,C
4-HA,371,0,2095,0,4,2099,T
4-HA,372,0,2096,0,1,2097,T
4-HA,373,2097,1,0,0,2098,A
4-HA,374,0,2,2138,1,2141,G
4-HA,375,0,1,2144,0,2145,G
4-HA,376,0,2117,0,0,2117,T
4-HA,377,8,0,0,2076,2084,C
4-HA,378,2063,0,2,0,2065,A
4-HA,379,0,0,0,2116,2116,C
4-HA,380,0,2115,1,0,2116,T
4-HA,381,2111,0,0,0,2111,A
4-HA,382,0,1,2111,0,2112,G
4-HA,383,1,2084,0,0,2085,T
4-HA,384,1,2075,0,0,2076,T
4-HA,385,1,2,2088,1,2092,G
4-HA,386,0,2,0,2091,2093,C
4-HA,387,1,1,0,2094,2096,C
4-HA,388,1,2081,1,2,2085,T
4-HA,389,1,0,0,2086,2087,C
4-HA,390,2137,1,0,0,2138,A
4-HA,391,0,2141,0,2,2143,T
4-HA,392,0,1,0,2146,2147,C
4-HA,393,2,1,0,2141,2144,C
4-HA,394,1,1,2124,0,2126,G
4-HA,395,1,0,2146,0,2147,G
4-HA,396,1,0,0,2148,2149,C
4-HA,397,2160,0,4,0,2164,A
4-HA,398,0,0,0,2215,2215,C
4-HA,399,2171,0,2,0,2173,A
4-HA,400,0,0,0,2184,2184,C
4-HA,401,1,2173,0,2,2176,T
4-HA,402,0,2,2192,0,2194,G
4-HA,403,0,2,2217,0,2219,G
4-HA,404,2208,1,5,0,2214,A
4-HA,405,1,0,2250,0,2251,G
4-HA,406,0,2234,0,2,2236,T
4-HA,407,0,2215,0,0,2215,T
4-HA,408,1,2204,0,14,2219,T
4-HA,409,2216,0,1,0,2217,A
4-HA,410,2223,0,4,0,2227,A
4-HA,411,0,2,0,2234,2236,C
4-HA,412,2194,0,0,0,2194,A
4-HA,413,2200,0,4,0,2204,A
4-HA,414,0,2192,0,0,2192,T
4-HA,415,1,3,2189,1,2194,G
4-HA,416,2190,0,2,0,2192,A
4-HA,417,2181,3,3,0,2187,A
4-HA,418,2189,0,2,0,2191,A
4-HA,419,0,1,2201,0,2202,G
4-HA,420,1,0,0,2205,2206,C
4-HA,421,1,2200,0,0,2201,T
4-HA,422,0,2203,1,1,2205,T
4-HA,423,3,1,0,2214,2218,C
4-HA,424,2218,0,1,0,2219,A
4-HA,425,2223,0,0,0,2223,A
4-HA,426,0,2227,0,0,2227,T
4-HA,427,0,2221,0,1,2222,T
4-HA,428,1,3,2271,0,2275,G
4-HA,429,0,5,2284,1,2290,G
4-HA,430,2289,1,3,0,2293,A
4-HA,431,1,0,0,2294,2295,C
4-HA,432,0,2278,0,1,2279,T
4-HA,433,2,2,2280,0,2284,G
4-HA,434,1,15,2285,0,2301,G
4-HA,435,2289,0,4,0,2293,A
4-HA,436,0,0,2297,0,2297,G
4-HA,437,1,2256,0,2,2259,T
4-HA,438,10,0,0,2219,2229,C
4-HA,439,2248,0,1,0,2249,A
4-HA,440,0,0,0,2255,2255,C
4-HA,441,0,2248,0,0,2248,T
4-HA,442,8,0,0,2246,2254,C
4-HA,443,2239,0,0,0,2239,A
4-HA,444,2262,0,1,0,2263,A
4-HA,445,2242,0,2,1,2245,A
4-HA,446,2256,0,0,0,2256,A
4-HA,447,0,0,0,2262,2262,C
4-HA,448,0,1,2239,0,2240,G
4-HA,449,0,6,2256,0,2262,G
4-HA,450,2263,0,1,0,2264,A
4-HA,451,2264,0,0,0,2264,A
4-HA,452,0,0,0,2268,2268,C
4-HA,453,2266,0,0,0,2266,A
4-HA,454,2274,0,2,0,2276,A
4-HA,455,1,0,2288,0,2289,G
4-HA,456,2,0,0,2285,2287,C
4-HA,457,0,2265,0,1,2266,T
4-HA,458,1,0,0,2280,2281,C
4-HA,459,0,2260,0,1,2261,T
4-HA,460,1,0,2274,0,2275,G
4-HA,461,0,0,0,2268,2268,C
4-HA,462,0,2271,0,3,2274,T
4-HA,463,0,2319,0,1,2320,T
4-HA,464,1,0,2364,0,2365,G
4-HA,465,0,0,0,2380,2380,C
4-HA,466,2380,0,0,0,2380,A
4-HA,467,0,2354,0,1,2355,T
4-HA,468,2351,0,0,0,2351,A
4-HA,469,2341,1,1,0,2343,A
4-HA,470,1,1,2342,0,2344,G
4-HA,471,0,0,2342,0,2342,G
4-HA,472,2260,4,3,0,2267,A
4-HA,473,2,1,2233,0,2236,G
4-HA,474,2214,0,3,1,2218,A
4-HA,475,0,2258,1,1,2260,T
4-HA,476,3,0,0,2278,2281,C
4-HA,477,1,2281,0,0,2282,T
4-HA,478,2285,0,0,0,2285,A
4-HA,479,2278,0,2,0,2280,A
4-HA,480,2255,0,1,0,2256,A
4-HA,481,2260,0,1,0,2261,A
4-HA,482,2261,0,0,0,2261,A
4-HA,483,0,1,0,2274,2275,C
4-HA,484,2209,0,2,0,2211,A
4-HA,485,0,0,2227,0,2227,G
4-HA,486,0,2222,0,2,2224,T
4-HA,487,1,2263,0,1,2265,T
4-HA,488,0,2266,0,1,2267,T
4-HA,489,2,1,0,2315,2318,C
4-HA,490,0,2312,3,2,2317,T
4-HA,491,1,2314,0,3,2318,T
4-HA,492,0,2314,0,1,2315,T
4-HA,493,2317,0,1,0,2318,A
4-HA,494,2,0,2308,0,2310,G
4-HA,495,1,2310,0,1,2312,T
4-HA,496,2305,1,0,0,2306,A
4-HA,497,0,1,2312,0,2313,G
4-HA,498,2275,0,1,0,2276,A
4-HA,499,0,2274,0,1,2275,T
4-HA,500,0,2270,0,1,2271,T
4-HA,501,3,4,2304,0,2311,G
4-HA,502,2305,0,1,0,2306,A
4-HA,503,2308,0,0,0,2308,A
4-HA,504,0,2302,1,1,2304,T
4-HA,505,1,2277,0,0,2278,T
4-HA,506,1,3,2292,0,2296,G
4-HA,507,2,2,2293,0,2297,G
4-HA,508,0,2300,0,1,2301,T
4-HA,509,1,2296,0,2,2299,T
4-HA,510,1,11,2266,1,2279,G
4-HA,511,2286,0,1,0,2287,A
4-HA,512,0,0,0,2284,2284,C
4-HA,513,3,0,0,2271,2274,C
4-HA,514,1,0,0,2313,2314,C
4-HA,515,2318,0,1,0,2319,A
4-HA,516,0,0,0,2330,2330,C
4-HA,517,0,2325,0,0,2325,T
4-HA,518,0,2331,0,0,2331,T
4-HA,519,2325,0,2,1,2328,A
4-HA,520,2312,0,2,0,2314,A
4-HA,521,2317,0,1,1,2319,A
4-HA,522,1,0,0,2268,2269,C
4-HA,523,0,2335,0,2,2337,T
4-HA,524,1,2340,0,2,2343,T
4-HA,525,3,0,1,2357,2361,C
4-HA,526,2358,0,2,0,2360,A
4-HA,527,2365,0,1,0,2366,A
4-HA,528,2362,0,0,0,2362,A
4-HA,529,0,2360,0,0,2360,T
4-HA,530,2395,0,2,0,2397,A
4-HA,531,1,0,0,2388,2389,C
4-HA,532,6,1,0,2318,2325,C
4-HA,533,1,1,0,2330,2332,C
4-HA,534,2329,0,1,1,2331,A
4-HA,535,0,0,2449,0,2449,G
4-HA,536,3,0,0,2455,2458,C
4-HA,537,2458,1,0,0,2459,A
4-HA,538,0,2341,110,2,2453,T
4-HA,539,1,2424,0,0,2425,T
4-HA,540,1,6,2486,1,2494,G
4-HA,541,2495,0,0,0,2495,A
4-HA,542,2490,1,5,1,2497,A
4-HA,543,0,2,0,2491,2493,C
4-HA,544,2,1,2425,0,2428,G
4-HA,545,1,2450,0,0,2451,T
4-HA,546,1,8,2443,0,2452,G
4-HA,547,2448,0,5,0,2453,A
4-HA,548,0,0,0,2454,2454,C
4-HA,549,0,2375,0,0,2375,T
4-HA,550,2425,0,1,0,2426,A
4-HA,551,1,2419,1,2,2423,T
4-HA,552,3,0,2436,0,2439,G
4-HA,553,0,1,0,2434,2435,C
4-HA,554,1,1,0,2415,2417,C
4-HA,555,2416,0,1,1,2418,A
4-HA,556,2415,0,1,1,2417,A
4-HA,557,2448,1,0,0,2449,A
4-HA,558,0,1,0,2447,2448,C
4-HA,559,2381,1,0,1,2383,A
4-HA,560,2384,0,1,0,2385,A
4-HA,561,0,2365,0,1,2366,T
4-HA,562,1,17,2353,0,2371,G
4-HA,563,2370,0,2,0,2372,A
4-HA,564,2359,0,4,0,2363,A
4-HA,565,1,1,0,2323,2325,C
4-HA,566,2337,0,0,0,2337,A
4-HA,567,2347,0,1,0,2348,A
4-HA,568,0,2344,0,1,2345,T
4-HA,569,1,2343,0,0,2344,T
4-HA,570,0,2346,0,1,2347,T
4-HA,571,0,5,2341,0,2346,G
4-HA,572,2343,2,4,1,2350,A
4-HA,573,1,0,0,2350,2351,C
4-HA,574,2347,0,0,0,2347,A
4-HA,575,2347,0,0,0,2347,A
4-HA,576,2381,1,0,0,2382,A
4-HA,577,0,2392,0,0,2392,T
4-HA,578,0,2385,0,0,2385,T
4-HA,579,1,0,2400,0,2401,G
4-HA,580,0,2391,0,3,2394,T
4-HA,581,2395,0,2,1,2398,A
4-HA,582,0,1,0,2453,2454,C
4-HA,583,2457,0,0,0,2457,A
4-HA,584,0,2492,0,0,2492,T
4-HA,585,0,2460,0,0,2460,T
4-HA,586,0,2451,0,0,2451,T
4-HA,587,1,4,2431,0,2436,G
4-HA,588,0,6,2427,0,2433,G
4-HA,589,0,3,2428,0,2431,G
4-HA,590,2,8,2420,0,2430,G
4-HA,591,3,6,2392,0,2401,G
4-HA,592,0,0,2460,0,2460,G
4-HA,593,0,2430,1,3,2434,T
4-HA,594,0,2438,0,5,2443,T
4-HA,595,3,1,0,2435,2439,C
4-HA,596,2446,0,4,0,2450,A
4-HA,597,0,1,0,2463,2464,C
4-HA,598,3,2,0,2462,2467,C
4-HA,599,2467,0,4,0,2471,A
4-HA,600,1,1,0,2493,2495,C
4-HA,601,1,0,0,2451,2452,C
4-HA,602,4,0,0,2440,2444,C
4-HA,603,1,1,2446,1,2449,G
4-HA,604,3,1,2509,0,2513,G
4-HA,605,0,2,2518,0,2520,G
4-HA,606,0,2508,0,1,2509,T
4-HA,607,2502,2,3,0,2507,A
4-HA,608,0,2,0,2491,2493,C
4-HA,609,2,2,2462,0,2466,G
4-HA,610,1,1,2505,0,2507,G
4-HA,611,2515,0,0,0,2515,A
4-HA,612,0,0,0,2514,2514,C
4-HA,613,2446,1,0,0,2447,A
4-HA,614,2443,0,0,0,2443,A
4-HA,615,2431,0,0,0,2431,A
4-HA,616,1,4,2482,0,2487,G
4-HA,617,2490,1,3,0,2494,A
4-HA,618,0,3,0,2485,2488,C
4-HA,619,2,0,0,2440,2442,C
4-HA,620,2450,0,2,0,2452,A
4-HA,621,2450,1,0,1,2452,A
4-HA,622,2487,1,0,0,2488,A
4-HA,623,0,2482,0,0,2482,T
4-HA,624,6,3,0,2483,2492,C
4-HA,625,0,2374,0,1,2375,T
4-HA,626,0,2356,0,1,2357,T
4-HA,627,3,0,0,2381,2384,C
4-HA,628,0,1,0,2386,2387,C
4-HA,629,0,2375,0,6,2381,T
4-HA,630,0,0,2399,0,2399,G
4-HA,631,0,2369,0,0,2369,T
4-HA,632,2388,0,1,0,2389,A
4-HA,633,2,2367,0,3,2372,T
4-HA,634,1,1,2381,0,2383,G
4-HA,635,1,1,0,2376,2378,C
4-HA,636,0,2366,0,4,2370,T
4-HA,637,7,0,0,2366,2373,C
4-HA,638,2376,0,2,0,2378,A
4-HA,639,2369,0,3,0,2372,A
4-HA,640,1,1,2386,0,2388,G
4-HA,641,0,0,0,2396,2396,C
4-HA,642,2395,0,1,0,2396,A
4-HA,643,0,2377,0,1,2378,T
4-HA,644,1,0,0,2378,2379,C
4-HA,645,2372,0,2,0,2374,A
4-HA,646,0,5,2389,0,2394,G
4-HA,647,0,4,2390,0,2394,G
4-HA,648,2397,0,1,0,2398,A
4-HA,649,2375,1,1,0,2377,A
4-HA,650,0,4,2442,0,2446,G
4-HA,651,2445,0,1,0,2446,A
4-HA,652,2470,0,1,2,2473,A
4-HA,653,0,2489,0,0,2489,T
4-HA,654,4,0,0,2486,2490,C
4-HA,655,2468,1,0,0,2469,A
4-HA,656,1,2,0,2465,2468,C
4-HA,657,2460,0,2,0,2462,A
4-HA,658,0,0,2503,0,2503,G
4-HA,659,0,2458,0,1,2459,T
4-HA,660,5,0,0,2461,2466,C
4-HA,661,0,2433,0,2,2435,T
4-HA,662,1,0,0,2481,2482,C
4-HA,663,0,2483,0,2,2485,T
4-HA,664,2496,2,1,1,2500,A
4-HA,665,1,1,0,2499,2501,C
4-HA,666,8,2,0,2484,2494,C
4-HA,667,2465,1,0,0,2466,A
4-HA,668,2472,2,0,0,2474,A
4-HA,669,2463,0,0,0,2463,A
4-HA,670,2460,0,6,0,2466,A
4-HA,671,0,2,2476,1,2479,G
4-HA,672,2437,0,2,0,2439,A
4-HA,673,2408,1,3,0,2412,A
4-HA,674,3,0,2416,0,2419,G
4-HA,675,1,1,0,2424,2426,C
4-HA,676,5,1,0,2417,2423,C
4-HA,677,2424,1,2,0,2427,A
4-HA,678,2424,10,0,0,2434,A
4-HA,679,2,2,0,2430,2434,C
4-HA,680,2430,0,1,1,2432,A
4-HA,681,2424,0,0,10,2434,A
4-HA,682,2428,0,0,0,2428,A
4-HA,683,2,1,0,2483,2486,C
4-HA,684,0,2463,0,2,2465,T
4-HA,685,0,0,2481,0,2481,G
4-HA,686,0,2469,0,1,2470,T
4-HA,687,2471,0,1,0,2472,A
4-HA,688,2480,0,0,0,2480,A
4-HA,689,0,2466,0,0,2466,T
4-HA,690,2,1,0,2469,2472,C
4-HA,691,3,1,0,2479,2483,C
4-HA,692,7,0,0,2426,2433,C
4-HA,693,2,6,2434,0,2442,G
4-HA,694,2434,0,1,0,2435,A
4-HA,695,2440,0,0,0,2440,A
4-HA,696,0,2442,0,0,2442,T
4-HA,697,2441,0,1,0,2442,A
4-HA,698,1,2438,0,1,2440,T
4-HA,699,5,3,0,2415,2423,C
4-HA,700,2,3,2412,0,2417,G
4-HA,701,0,2,2477,0,2479,G
4-HA,702,2482,0,0,0,2482,A
4-HA,703,0,2494,0,0,2494,T
4-HA,704,3,0,0,2495,2498,C
4-HA,705,0,2494,0,1,2495,T
4-HA,706,2493,0,0,1,2494,A
4-HA,707,9,7,2484,0,2500,G
4-HA,708,2510,0,3,0,2513,A
4-HA,709,0,1,1,2506,2508,C
4-HA,710,2,1,0,2434,2437,C
4-HA,711,1,0,0,2441,2442,C
4-HA,712,2420,1,1,1,2423,A
4-HA,713,0,4,2558,0,2562,G
4-HA,714,2557,0,1,0,2558,A
4-HA,715,1,0,2586,0,2587,G
4-HA,716,0,2574,0,1,2575,T
4-HA,717,2557,0,0,0,2557,A
4-HA,718,2556,0,1,1,2558,A
4-HA,719,1,0,2601,0,2602,G
4-HA,720,0,1,2624,0,2625,G
4-HA,721,2602,2,0,0,2604,A
4-HA,722,2402,0,3,0,2405,A
4-HA,723,0,2398,0,1,2399,T
4-HA,724,2393,1,1,0,2395,A
4-HA,725,0,2385,0,1,2386,T
4-HA,726,3,2,0,2406,2411,C
4-HA,727,1,2,0,2399,2402,C
4-HA,728,5,0,0,2356,2361,C
4-HA,729,0,2343,1,1,2345,T
4-HA,730,2357,1,0,0,2358,A
4-HA,731,0,0,2360,0,2360,G
4-HA,732,0,2,0,2357,2359,C
4-HA,733,2296,0,1,0,2297,A
4-HA,734,0,5,2340,0,2345,G
4-HA,735,2313,0,0,0,2313,A
4-HA,736,2321,0,0,0,2321,A
4-HA,737,0,2321,0,0,2321,T
4-HA,738,2313,0,1,0,2314,A
4-HA,739,2318,0,1,0,2319,A
4-HA,740,0,0,2323,0,2323,G
4-HA,741,0,0,0,2326,2326,C
4-HA,742,2329,0,1,0,2330,A
4-HA,743,0,2264,0,1,2265,T
4-HA,744,2,0,0,2353,2355,C
4-HA,745,0,2350,0,1,2351,T
4-HA,746,2361,1,0,0,2362,A
4-HA,747,1,2349,0,2,2352,T
4-HA,748,0,2339,0,0,2339,T
4-HA,749,2,0,2347,0,2349,G
4-HA,750,1,8,2329,0,2338,G
4-HA,751,2336,1,2,0,2339,A
4-HA,752,0,0,0,2335,2335,C
4-HA,753,2193,0,3,0,2196,A
4-HA,754,2239,0,0,0,2239,A
4-HA,755,0,2324,0,0,2324,T
4-HA,756,2349,0,1,0,2350,A
4-HA,757,0,1,2369,0,2370,G
4-HA,758,0,2353,0,0,2353,T
4-HA,759,2348,0,0,0,2348,A
4-HA,760,2353,0,0,0,2353,A
4-HA,761,2386,0,2,1,2389,A
4-HA,762,2395,0,4,0,2399,A
4-HA,763,1,0,0,2414,2415,C
4-HA,764,4,3,0,2297,2304,C
4-HA,765,1,0,2294,0,2295,G
4-HA,766,1,1,2308,0,2310,G
4-HA,767,1,3,2336,0,2340,G
4-HA,768,2341,1,1,0,2343,A
4-HA,769,1,1,2351,0,2353,G
4-HA,770,2374,0,3,0,2377,A
4-HA,771,0,0,0,2377,2377,C
4-HA,772,2369,0,2,3,2374,A
4-HA,773,0,2377,0,0,2377,T
4-HA,774,2380,2,2,0,2384,A
4-HA,775,0,0,0,2428,2428,C
4-HA,776,0,2398,0,2,2400,T
4-HA,777,0,2411,0,4,2415,T
4-HA,778,2,2421,0,1,2424,T
4-HA,779,0,2405,0,3,2408,T
4-HA,780,0,8,2418,1,2427,G
4-HA,781,2440,0,0,0,2440,A
4-HA,782,0,2430,0,0,2430,T
4-HA,783,1,2492,0,0,2493,T
4-HA,784,2476,1,0,0,2477,A
4-HA,785,2494,0,0,0,2494,A
4-HA,786,0,1,0,2525,2526,C
4-HA,787,2515,0,1,0,2516,A
4-HA,788,2,3,2600,0,2605,G
4-HA,789,0,1,0,2596,2597,C
4-HA,790,2593,1,2,0,2596,A
4-HA,791,6,2,0,2608,2616,C
4-HA,792,2582,0,5,0,2587,A
4-HA,793,1,3,2603,0,2607,G
4-HA,794,4,0,2602,0,2606,G
4-HA,795,0,7,2675,0,2682,G
4-HA,796,2667,0,4,0,2671,A
4-HA,797,2681,0,1,0,2682,A
4-HA,798,0,2677,0,1,2678,T
4-HA,799,4,0,0,2684,2688,C
4-HA,800,1,2690,0,0,2691,T
4-HA,801,2704,0,0,0,2704,A
4-HA,802,2691,0,1,0,2692,A
4-HA,803,1,2694,0,0,2695,T
4-HA,804,0,2628,0,0,2628,T
4-HA,805,0,2,2645,0,2647,G
4-HA,806,1,0,0,2707,2708,C
4-HA,807,0,2769,0,4,2773,T
4-HA,808,2,1,0,2845,2848,C
4-HA,809,1,0,0,2849,2850,C
4-HA,810,1,2843,0,5,2849,T
4-HA,811,2857,1,1,0,2859,A
4-HA,812,0,1,2858,0,2859,G
4-HA,813,0,8,2879,0,2887,G
4-HA,814,1,4,2892,0,2897,G
4-HA,815,1,2,2870,0,2873,G
4-HA,816,0,2813,0,0,2813,T
4-HA,817,0,2789,0,0,2789,T
4-HA,818,2792,0,1,0,2793,A
4-HA,819,0,0,0,2853,2853,C
4-HA,820,1,2838,0,1,2840,T
4-HA,821,0,2859,0,1,2860,T
4-HA,822,3,0,0,2847,2850,C
4-HA,823,2841,0,1,0,2842,A
4-HA,824,2845,1,0,0,2846,A
4-HA,825,2849,1,0,0,2850,A
4-HA,826,2873,0,0,0,2873,A
4-HA,827,1,2867,1,0,2869,T
4-HA,828,2852,0,3,0,2855,A
4-HA,829,0,1,0,2853,2854,C
4-HA,830,1,4,2849,0,2854,G
4-HA,831,2853,1,1,0,2855,A
4-HA,832,2856,0,0,1,2857,A
4-HA,833,0,0,2885,0,2885,G
4-HA,834,0,2875,0,2,2877,T
4-HA,835,2,3,2895,0,2900,G
4-HA,836,2,1,2898,1,2902,G
4-HA,837,1,10,2898,0,2909,G
4-HA,838,2901,0,1,0,2902,A
4-HA,839,2900,1,0,0,2901,A
4-HA,840,2898,0,3,0,2901,A
4-HA,841,2892,0,1,0,2893,A
4-HA,842,1,1,2940,0,2942,G
4-HA,843,0,1,0,2931,2932,C
4-HA,844,0,2922,0,4,2926,T
4-HA,845,4,1,0,2954,2959,C
4-HA,846,2945,0,2,0,2947,A
4-HA,847,2967,0,1,0,2968,A
4-HA,848,0,2967,0,1,2968,T
4-HA,849,2994,0,1,0,2995,A
4-HA,850,2989,1,1,0,2991,A
4-HA,851,0,2931,0,0,2931,T
4-HA,852,2,4,2930,1,2937,G
4-HA,853,2917,0,2,0,2919,A
4-HA,854,1,4,2992,0,2997,G
4-HA,855,2998,0,0,0,2998,A
4-HA,856,1,2978,0,0,2979,T
4-HA,857,4,0,0,3023,3027,C
4-HA,858,3017,0,1,0,3018,A
4-HA,859,0,3,3068,0,3071,G
4-HA,860,3066,1,2,1,3070,A
4-HA,861,0,3057,1,3,3061,T
4-HA,862,0,1,3056,1,3058,G
4-HA,863,1,0,1,2994,2996,C
4-HA,864,2997,0,3,1,3001,A
4-HA,865,1,2,0,3043,3046,C
4-HA,866,5,1,0,3007,3013,C
4-HA,867,4,0,0,3019,3023,C
4-HA,868,2972,0,1,0,2973,A
4-HA,869,0,2950,1,3,2954,T
4-HA,870,0,2961,0,2,2963,T
4-HA,871,1,6,2983,0,2990,G
4-HA,872,0,0,2985,0,2985,G
4-HA,873,1,1,0,2993,2995,C
4-HA,874,2937,0,1,0,2938,A
4-HA,875,2926,0,1,0,2927,A
4-HA,876,2980,3,0,0,2983,A
4-HA,877,0,2982,0,0,2982,T
4-HA,878,1,2,2980,0,2983,G
4-HA,879,0,1,0,2978,2979,C
4-HA,880,2953,1,2,0,2956,A
4-HA,881,3023,0,2,0,3025,A
4-HA,882,0,3030,1,0,3031,T
4-HA,883,1,3051,0,1,3053,T
4-HA,884,4,0,1,3056,3061,C
4-HA,885,2,3000,0,2,3004,T
4-HA,886,0,8,3030,0,3038,G
4-HA,887,3037,1,0,0,3038,A
4-HA,888,3044,0,6,0,3050,A
4-HA,889,1,3050,0,0,3051,T
4-HA,890,1,1,3021,0,3023,G
4-HA,891,0,1,0,3031,3032,C
4-HA,892,3024,1,1,0,3026,A
4-HA,893,0,3024,0,1,3025,T
4-HA,894,2,0,0,3022,3024,C
4-HA,895,3022,1,3,0,3026,A
4-HA,896,0,0,0,3148,3148,C
4-HA,897,1,3132,0,2,3135,T
4-HA,898,11,2,0,3132,3145,C
4-HA,899,3,1,0,3120,3124,C
4-HA,900,3149,1,2,0,3152,A
4-HA,901,3147,1,0,1,3149,A
4-HA,902,3142,2,1,0,3145,A
4-HA,903,0,3029,0,0,3029,T
4-HA,904,1,2,3044,0,3047,G
4-HA,905,0,3,3056,0,3059,G
4-HA,906,3062,2,0,1,3065,A
4-HA,907,3044,1,3,0,3048,A
4-HA,908,1,1,3052,0,3054,G
4-HA,909,2,1,1,3020,3024,C
4-HA,910,2982,1,0,0,2983,A
4-HA,911,0,2987,0,0,2987,T
4-HA,912,0,2975,0,2,2977,T
4-HA,913,3,3,0,3067,3073,C
4-HA,914,1,2,0,3057,3060,C
4-HA,915,5,1,0,3058,3064,C
4-HA,916,3065,0,1,0,3066,A
4-HA,917,3097,0,0,2,3099,A
4-HA,918,0,3138,0,0,3138,T
4-HA,919,1,8,3122,1,3132,G
4-HA,920,3130,6,0,0,3136,A
4-HA,921,2,0,0,3128,3130,C
4-HA,922,3050,0,2,0,3052,A
4-HA,923,3062,1,0,0,3063,A
4-HA,924,3050,4,1,3,3058,A
4-HA,925,2,0,0,3085,3087,C
4-HA,926,4,3,0,3031,3038,C
4-HA,927,2983,0,1,0,2984,A
4-HA,928,1,2993,0,1,2995,T
4-HA,929,1,2975,0,2,2978,T
4-HA,930,6,2,1,2988,2997,C
4-HA,931,4,1,0,2989,2994,C
4-HA,932,2989,0,4,0,2993,A
4-HA,933,2988,2,0,1,2991,A
4-HA,934,2977,0,0,0,2977,A
4-HA,935,3029,0,0,1,3030,A
4-HA,936,0,3015,0,0,3015,T
4-HA,937,1,1,3020,1,3023,G
4-HA,938,0,3017,1,1,3019,T
4-HA,939,3032,0,0,0,3032,A
4-HA,940,3033,0,2,0,3035,A
4-HA,941,3039,0,1,0,3040,A
4-HA,942,1,1,0,3050,3052,C
4-HA,943,3012,0,1,0,3013,A
4-HA,944,0,2,3047,0,3049,G
4-HA,945,0,6,3042,0,3048,G
4-HA,946,3090,0,4,2,3096,A
4-HA,947,1,3085,1,1,3088,T
4-HA,948,17,0,0,3106,3123,C
4-HA,949,3132,0,2,0,3134,A
4-HA,950,0,1,0,3243,3244,C
4-HA,951,3242,1,1,0,3244,A
4-HA,952,0,3358,0,1,3359,T
4-HA,953,3270,0,4,0,3274,A
4-HA,954,0,0,1,3252,3253,C
4-HA,955,1,3,3159,0,3163,G
4-HA,956,0,3,3166,0,3169,G
4-HA,957,0,3,3146,0,3149,G
4-HA,958,1,3,3159,0,3163,G
4-HA,959,1,2,0,3093,3096,C
4-HA,960,2,2,1,3078,3083,C
4-HA,961,0,3012,0,4,3016,T
4-HA,962,0,0,3263,0,3263,G
4-HA,963,1,3263,0,8,3272,T
4-HA,964,8,0,0,3273,3281,C
4-HA,965,8,3,0,3268,3279,C
4-HA,966,5,2,0,3269,3276,C
4-HA,967,3254,2,2,0,3258,A
4-HA,968,0,0,3288,0,3288,G
4-HA,969,3292,0,0,0,3292,A
4-HA,970,0,3277,0,0,3277,T
4-HA,971,3050,0,1,0,3051,A
4-HA,972,0,3010,0,2,3012,T
4-HA,973,0,1,3025,0,3026,G
4-HA,974,0,3021,0,0,3021,T
4-HA,975,0,2962,0,0,2962,T
4-HA,976,2987,0,1,0,2988,A
4-HA,977,2954,0,3,0,2957,A
4-HA,978,0,14,2980,0,2994,G
4-HA,979,2,1,0,2984,2987,C
4-HA,980,2922,1,0,1,2924,A
4-HA,981,2927,1,2,0,2930,A
4-HA,982,2900,0,0,1,2901,A
4-HA,983,2900,0,0,0,2900,A
4-HA,984,0,0,0,2903,2903,C
4-HA,985,2882,1,0,0,2883,A
4-HA,986,0,1,0,2907,2908,C
4-HA,987,0,2858,0,1,2859,T
4-HA,988,5,2,0,2878,2885,C
4-HA,989,0,2880,0,2,2882,T
4-HA,990,4,1,2896,1,2902,G
4-HA,991,2900,1,0,0,2901,A
4-HA,992,2891,3,2,1,2897,A
4-HA,993,2905,0,0,0,2905,A
4-HA,994,0,2885,0,0,2885,T
4-HA,995,1,2851,0,0,2852,T
4-HA,996,1,2,2877,1,2881,G
4-HA,997,3,1,2886,0,2890,G
4-HA,998,1,2,0,2885,2888,C
4-HA,999,2869,0,1,0,2870,A
4-HA,1000,2871,0,2,0,2873,A
4-HA,1001,0,2,0,2869,2871,C
4-HA,1002,2869,0,3,0,2872,A
4-HA,1003,0,2,2897,0,2899,G
4-HA,1004,0,7,2884,1,2892,G
4-HA,1005,1,5,2883,1,2890,G
4-HA,1006,2886,1,5,0,2892,A
4-HA,1007,1,2889,0,1,2891,T
4-HA,1008,1,0,2887,0,2888,G
4-HA,1009,1,4,0,2885,2890,C
4-HA,1010,0,6,2890,0,2896,G
4-HA,1011,2924,0,0,1,2925,A
4-HA,1012,2871,0,1,0,2872,A
4-HA,1013,2900,0,0,0,2900,A
4-HA,1014,0,2870,0,1,2871,T
4-HA,1015,0,1,2918,0,2919,G
4-HA,1016,2,2913,0,1,2916,T
4-HA,1017,2909,0,3,0,2912,A
4-HA,1018,1,1,0,2912,2914,C
4-HA,1019,3,1,0,2889,2893,C
4-HA,1020,2849,0,2,0,2851,A
4-HA,1021,0,6,2851,0,2857,G
4-HA,1022,2815,0,1,0,2816,A
4-HA,1023,0,2,2843,0,2845,G
4-HA,1024,2790,0,1,0,2791,A
4-HA,1025,2789,0,5,0,2794,A
4-HA,1026,2794,0,5,0,2799,A
4-HA,1027,0,0,0,2798,2798,C
4-HA,1028,2786,0,1,1,2788,A
4-HA,1029,2830,0,1,0,2831,A
4-HA,1030,2820,0,2,0,2822,A
4-HA,1031,0,0,0,2841,2841,C
4-HA,1032,0,2820,2,0,2822,T
4-HA,1033,2789,0,2,0,2791,A
4-HA,1034,0,1,2800,0,2801,G
4-HA,1035,2768,0,5,0,2773,A
4-HA,1036,1,0,2820,0,2821,G
4-HA,1037,1,1,2820,0,2822,G
4-HA,1038,2,0,0,2760,2762,C
4-HA,1039,2761,1,0,0,2762,A
4-HA,1040,0,2757,0,2,2759,T
4-HA,1041,2781,0,1,0,2782,A
4-HA,1042,0,2766,1,0,2767,T
4-HA,1043,1,2754,2,0,2757,T
4-HA,1044,0,2754,0,0,2754,T
4-HA,1045,1,3,2669,1,2674,G
4-HA,1046,2,4,2673,1,2680,G
4-HA,1047,1,2,0,2672,2675,C
4-HA,1048,3,0,2670,0,2673,G
4-HA,1049,1,0,0,2653,2654,C
4-HA,1050,2636,0,0,1,2637,A
4-HA,1051,2654,0,1,0,2655,A
4-HA,1052,0,2635,0,7,2642,T
4-HA,1053,5,10,0,2640,2655,C
4-HA,1054,1,0,2653,0,2654,G
4-HA,1055,2,2,0,2638,2642,C
4-HA,1056,1,5,2640,0,2646,G
4-HA,1057,2,3,2654,0,2659,G
4-HA,1058,0,0,2663,0,2663,G
4-HA,1059,1,2646,0,1,2648,T
4-HA,1060,0,2627,0,2,2629,T
4-HA,1061,0,2630,0,1,2631,T
4-HA,1062,2,0,0,2637,2639,C
4-HA,1063,2648,0,1,0,2649,A
4-HA,1064,1,2647,0,1,2649,T
4-HA,1065,2645,0,7,0,2652,A
4-HA,1066,1,2,2672,0,2675,G
4-HA,1067,2604,0,0,0,2604,A
4-HA,1068,2601,1,2,0,2604,A
4-HA,1069,2598,1,1,1,2601,A
4-HA,1070,2609,0,1,0,2610,A
4-HA,1071,0,2604,0,0,2604,T
4-HA,1072,0,4,2626,0,2630,G
4-HA,1073,1,0,2639,0,2640,G
4-HA,1074,1,2615,0,0,2616,T
4-HA,1075,1,2551,0,0,2552,T
4-HA,1076,0,3,2558,0,2561,G
4-HA,1077,0,1,2564,0,2565,G
4-HA,1078,0,4,2570,0,2574,G
4-HA,1079,2547,1,5,2,2555,A
4-HA,1080,7,4,2552,0,2563,G
4-HA,1081,0,0,2539,1,2540,G
4-HA,1082,1,5,2550,0,2556,G
4-HA,1083,2535,0,6,0,2541,A
4-HA,1084,2565,0,3,1,2569,A
4-HA,1085,1,2565,0,1,2567,T
4-HA,1086,2,5,2564,0,2571,G
4-HA,1087,2,2,2614,0,2618,G
4-HA,1088,1,2594,0,2,2597,T
4-HA,1089,4,7,2581,0,2592,G
4-HA,1090,0,1,2587,0,2588,G
4-HA,1091,2545,1,2,0,2548,A
4-HA,1092,1,2563,0,0,2564,T
4-HA,1093,1,5,2601,0,2607,G
4-HA,1094,1,0,2625,0,2626,G
4-HA,1095,0,2585,0,2,2587,T
4-HA,1096,1,2514,1,1,2517,T
4-HA,1097,2,2,2521,0,2525,G
4-HA,1098,3,0,2569,0,2572,G
4-HA,1099,1,2564,1,2,2568,T
4-HA,1100,2564,0,1,0,2565,A
4-HA,1101,0,1,0,2451,2452,C
4-HA,1102,1,4,2462,0,2467,G
4-HA,1103,0,1,2548,0,2549,G
4-HA,1104,0,2540,0,5,2545,T
4-HA,1105,1,2542,1,2,2546,T
4-HA,1106,0,2538,0,4,2542,T
4-HA,1107,2,5,0,2503,2510,C
4-HA,1108,2495,0,9,0,2504,A
4-HA,1109,2,3,2497,0,2502,G
4-HA,1110,1,0,2509,0,2510,G
4-HA,1111,0,1,1,2501,2503,C
4-HA,1112,2410,0,0,0,2410,A
4-HA,1113,1,2420,0,1,2422,T
4-HA,1114,2,2,0,2422,2426,C
4-HA,1115,2431,0,0,0,2431,A
4-HA,1116,2434,0,0,0,2434,A
4-HA,1117,2431,0,0,1,2432,A
4-HA,1118,2435,0,2,0,2437,A
4-HA,1119,0,2431,0,0,2431,T
4-HA,1120,0,2433,0,0,2433,T
4-HA,1121,3,0,1,2437,2441,C
4-HA,1122,1,2407,0,0,2408,T
4-HA,1123,0,1,2416,0,2417,G
4-HA,1124,2405,0,2,0,2407,A
4-HA,1125,0,2,2422,0,2424,G
4-HA,1126,0,3,2417,0,2420,G
4-HA,1127,3,0,2438,0,2441,G
4-HA,1128,2426,0,4,0,2430,A
4-HA,1129,2423,0,5,0,2428,A
4-HA,1130,2,5,2410,1,2418,G
4-HA,1131,2440,1,2,0,2443,A
4-HA,1132,0,1,2454,0,2455,G
4-HA,1133,0,6,2456,0,2462,G
4-HA,1134,2446,1,4,0,2451,A
4-HA,1135,0,1,1,2447,2449,C
4-HA,1136,2421,3,1,0,2425,A
4-HA,1137,2421,0,6,1,2428,A
4-HA,1138,0,0,2430,0,2430,G
4-HA,1139,0,1,0,2427,2428,C
4-HA,1140,2400,0,1,0,2401,A
4-HA,1141,1,2,2397,0,2400,G
4-HA,1142,0,1,0,2393,2394,C
4-HA,1143,2390,2,0,0,2392,A
4-HA,1144,0,3,2409,1,2413,G
4-HA,1145,2406,0,2,0,2408,A
4-HA,1146,0,2433,1,3,2437,T
4-HA,1147,2,0,0,2465,2467,C
4-HA,1148,0,2445,1,4,2450,T
4-HA,1149,5,1,0,2475,2481,C
4-HA,1150,2468,0,4,0,2472,A
4-HA,1151,2468,0,0,2,2470,A
4-HA,1152,2474,0,0,0,2474,A
4-HA,1153,2440,0,4,0,2444,A
4-HA,1154,0,0,2445,0,2445,G
4-HA,1155,0,0,0,2397,2397,C
4-HA,1156,2371,0,4,1,2376,A
4-HA,1157,1,0,0,2405,2406,C
4-HA,1158,0,2391,1,3,2395,T
4-HA,1159,7,0,0,2393,2400,C
4-HA,1160,2404,0,0,0,2404,A
4-HA,1161,2442,0,3,0,2445,A
4-HA,1162,0,0,2446,0,2446,G
4-HA,1163,1,1,0,2441,2443,C
4-HA,1164,2423,0,4,0,2427,A
4-HA,1165,0,1,2442,0,2443,G
4-HA,1166,0,1,0,2405,2406,C
4-HA,1167,2395,1,1,0,2397,A
4-HA,1168,2393,1,1,0,2395,A
4-HA,1169,0,2395,0,0,2395,T
4-HA,1170,2,0,0,2339,2341,C
4-HA,1171,4,5,2352,0,2361,G
4-HA,1172,2352,1,1,0,2354,A
4-HA,1173,0,2345,0,1,2346,T
4-HA,1174,7,5,0,2323,2335,C
4-HA,1175,2340,0,1,0,2341,A
4-HA,1176,2377,0,1,1,2379,A
4-HA,1177,2389,0,3,0,2392,A
4-HA,1178,1,2383,0,0,2384,T
4-HA,1179,5,0,0,2383,2388,C
4-HA,1180,2351,0,0,1,2352,A
4-HA,1181,2365,0,1,0,2366,A
4-HA,1182,0,2364,0,1,2365,T
4-HA,1183,0,2,2366,0,2368,G
4-HA,1184,2,3,2360,0,2365,G
4-HA,1185,0,1,2344,2,2347,G
4-HA,1186,2350,0,3,0,2353,A
4-HA,1187,2348,1,2,0,2351,A
4-HA,1188,0,0,2386,0,2386,G
4-HA,1189,0,2,0,2380,2382,C
4-HA,1190,2,2356,0,2,2360,T
4-HA,1191,2,4,2448,0,2454,G
4-HA,1192,2446,0,1,0,2447,A
4-HA,1193,2445,1,1,0,2447,A
4-HA,1194,0,2451,0,0,2451,T
4-HA,1195,2403,0,0,0,2403,A
4-HA,1196,0,4,2393,0,2397,G
4-HA,1197,2211,1,1,0,2213,A
4-HA,1198,0,2222,0,0,2222,T
4-HA,1199,1,2228,0,1,2230,T
4-HA,1200,0,7,2241,0,2248,G
4-HA,1201,2236,0,1,0,2237,A
4-HA,1202,0,2214,0,0,2214,T
4-HA,1203,6,5,0,2233,2244,C
4-HA,1204,0,3,2230,0,2233,G
4-HA,1205,0,1,2228,0,2229,G
4-HA,1206,0,3,2232,0,2235,G
4-HA,1207,2232,0,0,1,2233,A
4-HA,1208,2234,0,0,0,2234,A
4-HA,1209,2218,0,1,0,2219,A
4-HA,1210,2223,0,0,1,2224,A
4-HA,1211,0,0,0,2228,2228,C
4-HA,1212,4,1,0,2220,2225,C
4-HA,1213,2210,1,0,0,2211,A
4-HA,1214,2199,2,2,0,2203,A
4-HA,1215,2,1,0,2208,2211,C
4-HA,1216,2,3,2217,1,2223,G
4-HA,1217,2219,2,0,0,2221,A
4-HA,1218,1,0,2219,0,2220,G
4-HA,1219,2212,0,2,2,2216,A
4-HA,1220,2219,0,2,0,2221,A
4-HA,1221,2216,1,1,1,2219,A
4-HA,1222,0,2223,1,1,2225,T
4-HA,1223,1,2219,0,1,2221,T
4-HA,1224,4,2,0,2222,2228,C
4-HA,1225,1,5,0,2217,2223,C
4-HA,1226,2220,1,2,0,2223,A
4-HA,1227,0,2214,1,1,2216,T
4-HA,1228,2,1,0,2219,2222,C
4-HA,1229,2205,0,3,0,2208,A
4-HA,1230,0,2,2221,0,2223,G
4-HA,1231,2209,1,1,0,2211,A
4-HA,1232,0,2212,0,1,2213,T
4-HA,1233,0,2197,0,2,2199,T
4-HA,1234,0,2,2216,1,2219,G
4-HA,1235,2219,0,0,0,2219,A
4-HA,1236,2221,0,0,1,2222,A
4-HA,1237,2219,0,0,0,2219,A
4-HA,1238,2215,0,3,0,2218,A
4-HA,1239,2198,0,4,1,2203,A
4-HA,1240,1,4,2199,0,2204,G
4-HA,1241,2195,0,0,0,2195,A
4-HA,1242,2199,0,0,0,2199,A
4-HA,1243,0,2173,0,1,2174,T
4-HA,1244,0,2166,0,1,2167,T
4-HA,1245,2,0,0,2176,2178,C
4-HA,1246,1,2178,0,1,2180,T
4-HA,1247,1,1,0,2177,2179,C
4-HA,1248,2176,0,2,0,2178,A
4-HA,1249,0,1,2178,0,2179,G
4-HA,1250,2173,0,0,0,2173,A
4-HA,1251,2156,0,3,0,2159,A
4-HA,1252,0,0,2174,0,2174,G
4-HA,1253,1,2165,0,0,2166,T
4-HA,1254,5,1,0,2161,2167,C
4-HA,1255,1,1,2170,0,2172,G
4-HA,1256,2167,0,3,0,2170,A
4-HA,1257,2164,0,2,0,2166,A
4-HA,1258,0,0,2167,0,2167,G
4-HA,1259,0,3,2169,3,2175,G
4-HA,1260,2,5,2173,0,2180,G
4-HA,1261,2130,0,1,0,2131,A
4-HA,1262,1,1,2133,0,2135,G
4-HA,1263,2133,0,0,0,2133,A
4-HA,1264,2233,0,0,0,2233,A
4-HA,1265,0,2237,1,1,2239,T
4-HA,1266,0,2236,0,0,2236,T
4-HA,1267,2,0,0,2238,2240,C
4-HA,1268,2184,0,6,0,2190,A
4-HA,1269,1,0,2189,0,2190,G
4-HA,1270,1,4,2174,0,2179,G
4-HA,1271,2183,0,1,0,2184,A
4-HA,1272,0,0,0,2179,2179,C
4-HA,1273,3,2,0,2000,2005,C
4-HA,1274,2,1987,0,3,1992,T
4-HA,1275,0,1933,0,63,1996,T
4-HA,1276,0,2,2005,0,2007,G
4-HA,1277,2003,1,3,0,2007,A
4-HA,1278,1,4,2035,0,2040,G
4-HA,1279,2021,0,1,0,2022,A
4-HA,1280,1882,0,0,1,1883,A
4-HA,1281,1879,0,1,0,1880,A
4-HA,1282,0,1843,0,5,1848,T
4-HA,1283,1899,0,1,0,1900,A
4-HA,1284,1,1884,0,1,1886,T
4-HA,1285,1,1,1909,0,1911,G
4-HA,1286,0,1906,0,3,1909,T
4-HA,1287,0,1839,0,2,1841,T
4-HA,1288,1,4,1838,0,1843,G
4-HA,1289,1816,0,3,0,1819,A
4-HA,1290,0,2,1820,0,1822,G
4-HA,1291,0,1,1808,0,1809,G
4-HA,1292,1779,0,2,0,1781,A
4-HA,1293,1,0,0,1851,1852,C
4-HA,1294,1825,0,1,0,1826,A
4-HA,1295,0,0,0,1820,1820,C
4-HA,1296,1,1812,0,3,1816,T
4-HA,1297,1894,2,1,0,1897,A
4-HA,1298,1918,2,0,0,1920,A
4-HA,1299,1917,0,1,0,1918,A
4-HA,1300,1937,2,0,0,1939,A
4-HA,1301,0,1931,0,1,1932,T
4-HA,1302,1848,0,1,0,1849,A
4-HA,1303,0,1,1862,0,1863,G
4-HA,1304,1805,1,1,0,1807,A
4-HA,1305,0,1814,0,0,1814,T
4-HA,1306,1,1,0,1799,1801,C
4-HA,1307,0,1780,0,3,1783,T
4-HA,1308,4,0,0,1809,1813,C
4-HA,1309,0,1815,0,0,1815,T
4-HA,1310,0,2,1851,0,1853,G
4-HA,1311,0,0,1889,0,1889,G
4-HA,1312,0,1877,0,2,1879,T
4-HA,1313,6,1,0,1880,1887,C
4-HA,1314,1886,0,3,0,1889,A
4-HA,1315,0,1894,0,1,1895,T
4-HA,1316,1889,0,2,0,1891,A
4-HA,1317,0,1,0,1887,1888,C
4-HA,1318,1831,0,0,0,1831,A
4-HA,1319,1835,1,1,0,1837,A
4-HA,1320,0,0,0,1780,1780,C
4-HA,1321,1,1,1777,0,1779,G
4-HA,1322,0,2,0,1780,1782,C
4-HA,1323,0,5,1766,0,1771,G
4-HA,1324,1,6,1771,0,1778,G
4-HA,1325,1778,1,0,1,1780,A
4-HA,1326,0,0,1804,0,1804,G
4-HA,1327,1,0,0,1800,1801,C
4-HA,1328,0,1779,1,5,1785,T
4-HA,1329,0,1793,0,2,1795,T
4-HA,1330,5,1,0,1790,1796,C
4-HA,1331,1,1802,0,0,1803,T
4-HA,1332,0,1806,0,0,1806,T
4-HA,1333,0,0,1797,0,1797,G
4-HA,1334,0,1786,0,3,1789,T
4-HA,1335,0,1757,0,1,1758,T
4-HA,1336,0,0,1793,0,1793,G
4-HA,1337,0,0,0,1791,1791,C
4-HA,1338,1,1,0,1772,1774,C
4-HA,1339,0,1,0,1797,1798,C
4-HA,1340,0,1789,0,2,1791,T
4-HA,1341,0,2,1813,0,1815,G
4-HA,1342,0,2,1814,0,1816,G
4-HA,1343,1810,0,3,0,1813,A
4-HA,1344,0,6,1818,0,1824,G
4-HA,1345,1788,0,3,0,1791,A
4-HA,1346,1792,0,3,0,1795,A
4-HA,1347,0,0,0,1820,1820,C
4-HA,1348,3,0,0,1808,1811,C
4-HA,1349,1806,0,2,0,1808,A
4-HA,1350,1879,0,3,0,1882,A
4-HA,1351,0,0,1,1884,1885,C
4-HA,1352,1895,0,1,0,1896,A
4-HA,1353,0,1889,0,1,1890,T
4-HA,1354,1886,0,0,0,1886,A
4-HA,1355,1,0,0,1918,1919,C
4-HA,1356,1878,0,2,0,1880,A
4-HA,1357,1881,0,1,0,1882,A
4-HA,1358,0,1878,0,1,1879,T
4-HA,1359,0,1815,0,0,1815,T
4-HA,1360,0,6,1846,0,1852,G
4-HA,1361,1855,1,1,0,1857,A
4-HA,1362,2,1850,0,1,1853,T
4-HA,1363,2,0,0,1856,1858,C
4-HA,1364,1,1825,0,1,1827,T
4-HA,1365,1845,0,1,0,1846,A
4-HA,1366,1838,0,1,0,1839,A
4-HA,1367,1,0,0,1843,1844,C
4-HA,1368,0,1830,0,3,1833,T
4-HA,1369,0,5,1809,0,1814,G
4-HA,1370,1814,1,2,0,1817,A
4-HA,1371,0,0,0,1823,1823,C
4-HA,1372,1,1819,0,2,1822,T
4-HA,1373,3,0,0,1825,1828,C
4-HA,1374,1817,0,1,0,1818,A
4-HA,1375,0,3,1839,0,1842,G
4-HA,1376,1839,0,0,0,1839,A
4-HA,1377,1840,0,1,0,1841,A
4-HA,1378,1839,1,0,0,1840,A
4-HA,1379,0,1828,0,1,1829,T
4-HA,1380,1,7,1844,0,1852,G
4-HA,1381,1845,2,3,0,1850,A
4-HA,1382,1851,1,2,0,1854,A
4-HA,1383,0,0,0,1851,1851,C
4-HA,1384,1813,0,0,0,1813,A
4-HA,1385,1812,0,1,1,1814,A
4-HA,1386,1813,0,2,0,1815,A
4-HA,1387,0,1,0,1822,1823,C
4-HA,1388,0,1803,0,0,1803,T
4-HA,1389,1,0,1803,0,1804,G
4-HA,1390,0,1790,1,1,1792,T
4-HA,1391,0,1786,0,2,1788,T
4-HA,1392,0,1793,1,2,1796,T
4-HA,1393,2,5,1787,0,1794,G
4-HA,1394,1789,0,0,0,1789,A
4-HA,1395,1792,1,1,0,1794,A
4-HA,1396,1783,0,1,0,1784,A
4-HA,1397,1785,0,0,0,1785,A
4-HA,1398,1770,1,0,0,1771,A
4-HA,1399,1780,1,0,0,1781,A
4-HA,1400,0,0,0,1783,1783,C
4-HA,1401,1782,0,0,0,1782,A
4-HA,1402,1785,0,0,0,1785,A
4-HA,1403,1779,0,3,0,1782,A
4-HA,1404,0,3,1792,0,1795,G
4-HA,1405,1795,0,0,0,1795,A
4-HA,1406,1782,0,2,0,1784,A
4-HA,1407,0,1,1786,0,1787,G
4-HA,1408,0,0,0,1788,1788,C
4-HA,1409,1784,0,2,0,1786,A
4-HA,1410,1794,0,1,0,1795,A
4-HA,1411,0,0,0,1799,1799,C
4-HA,1412,1,1787,0,0,1788,T
4-HA,1413,0,3,1795,0,1798,G
4-HA,1414,1780,0,1,0,1781,A
4-HA,1415,2,1,1784,0,1787,G
4-HA,1416,0,2,1789,0,1791,G
4-HA,1417,0,0,1791,0,1791,G
4-HA,1418,1788,0,1,0,1789,A
4-HA,1419,1779,0,1,0,1780,A
4-HA,1420,1776,0,1,0,1777,A
4-HA,1421,1800,0,1,0,1801,A
4-HA,1422,0,1796,0,0,1796,T
4-HA,1423,0,0,1802,0,1802,G
4-HA,1424,2,1,0,1792,1795,C
4-HA,1425,1,1776,0,0,1777,T
4-HA,1426,1,1,1786,0,1788,G
4-HA,1427,1787,0,0,0,1787,A
4-HA,1428,1,4,1870,0,1875,G
4-HA,1429,0,1,1902,0,1903,G
4-HA,1430,1869,1,3,0,1873,A
4-HA,1431,0,1873,1,0,1874,T
4-HA,1432,1863,0,3,0,1866,A
4-HA,1433,1,1859,0,0,1860,T
4-HA,1434,1,3,1873,0,1877,G
4-HA,1435,2,3,1875,0,1880,G
4-HA,1436,1,0,1881,0,1882,G
4-HA,1437,0,1,0,1790,1791,C
4-HA,1438,1743,0,0,0,1743,A
4-HA,1439,1749,0,0,0,1749,A
4-HA,1440,0,1748,0,0,1748,T
4-HA,1441,0,3,1752,0,1755,G
4-HA,1442,3,5,1745,0,1753,G
4-HA,1443,0,1734,0,0,1734,T
4-HA,1444,0,1696,0,1,1697,T
4-HA,1445,2,1,1703,0,1706,G
4-HA,1446,0,1721,0,1,1722,T
4-HA,1447,1,1706,0,1,1708,T
4-HA,1448,1,1721,0,1,1723,T
4-HA,1449,4,1,0,1719,1724,C
4-HA,1450,1721,0,0,1,1722,A
4-HA,1451,1723,1,0,1,1725,A
4-HA,1452,1724,0,0,0,1724,A
4-HA,1453,1731,1,1,0,1733,A
4-HA,1454,0,1726,0,0,1726,T
4-HA,1455,1712,0,0,0,1712,A
4-HA,1456,0,1718,0,0,1718,T
4-HA,1457,1715,0,1,0,1716,A
4-HA,1458,2,0,0,1731,1733,C
4-HA,1459,6,0,0,1716,1722,C
4-HA,1460,1717,0,0,0,1717,A
4-HA,1461,0,0,0,1727,1727,C
4-HA,1462,1733,1,0,0,1734,A
4-HA,1463,1731,0,2,0,1733,A
4-HA,1464,1731,2,1,1,1735,A
4-HA,1465,0,1736,0,0,1736,T
4-HA,1466,1,0,1745,0,1746,G
4-HA,1467,0,1713,0,1,1714,T
4-HA,1468,0,6,1719,0,1725,G
4-HA,1469,1720,0,2,0,1722,A
4-HA,1470,0,0,1,1721,1722,C
4-HA,1471,1703,2,0,0,1705,A
4-HA,1472,1708,0,0,0,1708,A
4-HA,1473,0,1717,0,0,1717,T
4-HA,1474,1,0,1725,0,1726,G
4-HA,1475,0,1,0,1713,1714,C
4-HA,1476,1,1,0,1718,1720,C
4-HA,1477,0,1707,0,5,1712,T
4-HA,1478,1,0,1792,0,1793,G
4-HA,1479,1,0,0,1792,1793,C
4-HA,1480,1792,0,0,1,1793,A
4-HA,1481,1,1792,0,0,1793,T
4-HA,1482,1718,0,2,0,1720,A
4-HA,1483,0,1,1726,0,1727,G
4-HA,1484,0,3,1722,0,1725,G
4-HA,1485,1717,1,2,0,1720,A
4-HA,1486,0,1716,0,0,1716,T
4-HA,1487,2,1,0,1645,1648,C
4-HA,1488,1641,1,0,0,1642,A
4-HA,1489,1650,0,0,0,1650,A
4-HA,1490,1,1649,0,0,1650,T
4-HA,1491,0,0,0,1651,1651,C
4-HA,1492,1616,0,0,0,1616,A
4-HA,1493,0,1,1626,0,1627,G
4-HA,1494,1628,0,1,0,1629,A
4-HA,1495,1626,0,0,0,1626,A
4-HA,1496,1624,0,0,0,1624,A
4-HA,1497,1,1615,0,1,1617,T
4-HA,1498,1,2,1603,0,1606,G
4-HA,1499,1,5,1606,0,1612,G
4-HA,1500,1607,0,3,0,1610,A
4-HA,1501,1614,0,0,0,1614,A
4-HA,1502,0,0,0,1611,1611,C
4-HA,1503,0,1597,0,1,1598,T
4-HA,1504,0,1602,2,0,1604,T
4-HA,1505,1606,0,2,0,1608,A
4-HA,1506,2,1608,0,0,1610,T
4-HA,1507,0,6,1598,0,1604,G
4-HA,1508,1600,0,3,0,1603,A
4-HA,1509,0,1,0,1603,1604,C
4-HA,1510,2,0,2,1575,1579,C
4-HA,1511,1571,0,0,0,1571,A
4-HA,1512,0,0,0,1591,1591,C
4-HA,1513,0,2,1618,0,1620,G
4-HA,1514,1650,0,1,0,1651,A
4-HA,1515,1,1668,0,0,1669,T
4-HA,1516,0,0,1735,0,1735,G
4-HA,1517,0,1717,0,1,1718,T
4-HA,1518,1767,2,3,0,1772,A
4-HA,1519,0,1772,0,1,1773,T
4-HA,1520,1766,2,1,0,1769,A
4-HA,1521,0,1,0,1767,1768,C
4-HA,1522,1592,2,2,0,1596,A
4-HA,1523,0,5,1600,0,1605,G
4-HA,1524,1514,0,0,0,1514,A
4-HA,1525,0,0,1471,0,1471,G
4-HA,1526,1471,1,1,0,1473,A
4-HA,1527,0,1354,0,1,1355,T
4-HA,1528,0,1,1353,0,1354,G
4-HA,1529,1356,0,0,0,1356,A
4-HA,1530,1350,0,1,0,1351,A
4-HA,1531,0,0,1377,0,1377,G
4-HA,1532,0,0,0,1339,1339,C
4-HA,1533,1339,0,0,0,1339,A
4-HA,1534,1,1329,0,1,1331,T
4-HA,1535,0,1325,1,0,1326,T
4-HA,1536,1332,0,0,0,1332,A
4-HA,1537,1333,0,0,0,1333,A
4-HA,1538,1335,0,0,1,1336,A
4-HA,1539,0,0,0,1336,1336,C
4-HA,1540,1286,0,1,0,1287,A
4-HA,1541,1288,1,1,0,1290,A
4-HA,1542,0,0,0,1290,1290,C
4-HA,1543,1,3,0,1280,1284,C
4-HA,1544,0,1,1286,0,1287,G
4-HA,1545,0,0,1300,0,1300,G
4-HA,1546,0,1301,0,0,1301,T
4-HA,1547,0,1292,0,0,1292,T
4-HA,1548,0,1276,0,0,1276,T
4-HA,1549,2,1,0,1273,1276,C
4-HA,1550,1276,0,1,0,1277,A
4-HA,1551,0,3,1293,0,1296,G
4-HA,1552,1296,0,2,0,1298,A
4-HA,1553,0,1292,0,0,1292,T
4-HA,1554,5,0,0,1270,1275,C
4-HA,1555,1268,0,0,0,1268,A
4-HA,1556,1269,0,0,2,1271,A
4-HA,1557,0,2,1270,0,1272,G
4-HA,1558,0,0,1266,0,1266,G
4-HA,1559,0,1,1262,0,1263,G
4-HA,1560,1215,0,1,0,1216,A
4-HA,1561,0,0,1235,0,1235,G
4-HA,1562,0,1234,0,1,1235,T
4-HA,1563,0,1233,0,1,1234,T
4-HA,1564,1,3,1240,0,1244,G
4-HA,1565,1233,0,1,0,1234,A
4-HA,1566,0,0,1248,0,1248,G
4-HA,1567,0,1,0,1243,1244,C
4-HA,1568,0,1233,0,4,1237,T
4-HA,1569,0,1,1241,0,1242,G
4-HA,1570,1235,0,2,0,1237,A
4-HA,1571,1239,0,2,0,1241,A
4-HA,1572,1,0,1243,0,1244,G
4-HA,1573,1,1222,0,1,1224,T
4-HA,1574,1,0,0,1217,1218,C
4-HA,1575,1211,0,0,0,1211,A
4-HA,1576,0,1,1207,0,1208,G
4-HA,1577,0,2,1206,0,1208,G
4-HA,1578,1,0,1174,0,1175,G
4-HA,1579,0,1206,0,2,1208,T
4-HA,1580,1212,0,0,0,1212,A
4-HA,1581,0,1,0,1207,1208,C
4-HA,1582,1205,0,1,0,1206,A
4-HA,1583,1202,1,0,0,1203,A
4-HA,1584,1207,0,0,0,1207,A
4-HA,1585,0,0,1219,0,1219,G
4-HA,1586,1178,0,0,0,1178,A
4-HA,1587,0,1133,0,0,1133,T
4-HA,1588,0,1115,0,0,1115,T
4-HA,1589,0,3,1114,0,1117,G
4-HA,1590,0,4,1110,0,1114,G
4-HA,1591,1113,0,1,0,1114,A
4-HA,1592,0,1118,0,1,1119,T
4-HA,1593,0,11,0,1109,1120,C
4-HA,1594,0,1,0,1090,1091,C
4-HA,1595,0,1080,0,1,1081,T
4-HA,1596,1089,0,0,0,1089,A
4-HA,1597,1,1089,0,0,1090,T
4-HA,1598,1,1,1084,0,1086,G
4-HA,1599,1,2,1083,0,1086,G
4-HA,1600,1063,0,0,0,1063,A
4-HA,1601,0,1052,0,1,1053,T
4-HA,1602,0,1041,1,0,1042,T
4-HA,1603,0,1035,0,4,1039,T
4-HA,1604,1,1,0,1046,1048,C
4-HA,1605,0,0,0,1039,1039,C
4-HA,1606,0,1022,1,1,1024,T
4-HA,1607,0,1023,0,0,1023,T
4-HA,1608,0,1016,0,1,1017,T
4-HA,1609,2,0,1020,0,1022,G
4-HA,1610,0,1,0,1022,1023,C
4-HA,1611,1,0,0,1023,1024,C
4-HA,1612,1011,1,0,0,1012,A
4-HA,1613,1,1005,0,0,1006,T
4-HA,1614,1013,0,0,0,1013,A
4-HA,1615,0,1008,0,2,1010,T
4-HA,1616,1,0,0,1001,1002,C
4-HA,1617,1000,0,0,0,1000,A
4-HA,1618,1,988,0,1,990,T
4-HA,1619,0,0,995,0,995,G
4-HA,1620,0,987,1,0,988,T
4-HA,1621,0,977,0,0,977,T
4-HA,1622,0,974,0,0,974,T
4-HA,1623,1,950,0,0,951,T
4-HA,1624,0,951,0,0,951,T
4-HA,1625,0,949,0,0,949,T
4-HA,1626,1,0,950,0,951,G
4-HA,1627,0,0,0,947,947,C
4-HA,1628,0,922,0,0,922,T
4-HA,1629,0,922,0,0,922,T
4-HA,1630,0,921,0,2,923,T
4-HA,1631,0,0,929,0,929,G
4-HA,1632,0,929,0,0,929,T
4-HA,1633,1,1,927,0,929,G
4-HA,1634,0,929,0,0,929,T
4-HA,1635,0,913,0,0,913,T
4-HA,1636,0,0,922,0,922,G
4-HA,1637,0,1,0,924,925,C
4-HA,1638,0,914,0,2,916,T
4-HA,1639,0,917,0,0,917,T
4-HA,1640,0,866,0,0,866,T
4-HA,1641,0,0,864,0,864,G
4-HA,1642,0,861,0,0,861,T
4-HA,1643,0,857,0,0,857,T
4-HA,1644,1,0,857,0,858,G
4-HA,1645,0,0,843,0,843,G
4-HA,1646,0,1,836,0,837,G
4-HA,1647,0,2,837,0,839,G
4-HA,1648,0,820,0,1,821,T
4-HA,1649,0,815,0,0,815,T
4-HA,1650,4,0,0,806,810,C
4-HA,1651,801,0,0,0,801,A
4-HA,1652,0,799,0,2,801,T
4-HA,1653,0,0,1,794,795,C
4-HA,1654,795,0,0,0,795,A
4-HA,1655,0,765,0,1,766,T
4-HA,1656,0,0,759,0,759,G
4-HA,1657,0,737,0,1,738,T
4-HA,1658,0,1,732,0,733,G
4-HA,1659,0,0,715,0,715,G
4-HA,1660,0,0,711,0,711,G
4-HA,1661,0,0,0,697,697,C
4-HA,1662,0,0,0,678,678,C
4-HA,1663,0,639,0,2,641,T
4-HA,1664,0,0,638,0,638,G
4-HA,1665,2,0,0,639,641,C
4-HA,1666,2,0,0,643,645,C
4-HA,1667,638,0,1,0,639,A
4-HA,1668,635,0,0,0,635,A
4-HA,1669,635,0,0,0,635,A
4-HA,1670,634,0,0,0,634,A
4-HA,1671,629,1,3,0,633,A
4-HA,1672,1,1,625,0,627,G
4-HA,1673,0,0,610,0,610,G
4-HA,1674,0,0,0,604,604,C
4-HA,1675,603,0,0,0,603,A
4-HA,1676,606,0,0,0,606,A
4-HA,1677,1,0,0,604,605,C
4-HA,1678,605,0,0,0,605,A
4-HA,1679,0,602,0,0,602,T
4-HA,1680,0,598,0,0,598,T
4-HA,1681,572,1,1,0,574,A
4-HA,1682,0,0,570,0,570,G
4-HA,1683,1,0,566,0,567,G
4-HA,1684,0,550,0,1,551,T
4-HA,1685,0,0,516,0,516,G
4-HA,1686,1,2,0,505,508,C
4-HA,1687,497,0,1,0,498,A
4-HA,1688,497,0,1,0,498,A
4-HA,1689,0,0,0,496,496,C
4-HA,1690,493,0,0,0,493,A
4-HA,1691,0,484,0,0,484,T
4-HA,1692,0,451,0,0,451,T
4-HA,1693,0,451,0,0,451,T
4-HA,1694,0,0,449,0,449,G
4-HA,1695,0,0,0,445,445,C
4-HA,1696,441,0,0,0,441,A
4-HA,1697,0,414,0,0,414,T
4-HA,1698,0,401,0,0,401,T
4-HA,1699,0,385,0,0,385,T
4-HA,1700,0,0,385,0,385,G
4-HA,1701,364,0,0,0,364,A
5-NP,1,154,0,0,0,154,A
5-NP,2,0,154,0,0,154,T
5-NP,3,0,0,154,0,154,G
5-NP,4,0,0,153,0,153,G
5-NP,5,0,0,0,154,154,C
5-NP,6,0,0,161,0,161,G
5-NP,7,0,168,0,1,169,T
5-NP,8,0,0,0,172,172,C
5-NP,9,0,0,0,172,172,C
5-NP,10,0,0,0,173,173,C
5-NP,11,173,0,0,0,173,A
5-NP,12,174,0,0,0,174,A
5-NP,13,0,1,176,0,177,G
5-NP,14,0,0,186,0,186,G
5-NP,15,0,0,0,186,186,C
5-NP,16,187,0,0,0,187,A
5-NP,17,0,0,0,187,187,C
5-NP,18,0,0,0,187,187,C
5-NP,19,188,0,0,0,188,A
5-NP,20,189,0,0,0,189,A
5-NP,21,189,0,0,0,189,A
5-NP,22,0,0,0,189,189,C
5-NP,23,0,1,188,0,189,G
5-NP,24,0,0,208,0,208,G
5-NP,25,0,207,0,0,207,T
5-NP,26,0,0,0,225,225,C
5-NP,27,0,225,0,0,225,T
5-NP,28,0,235,0,0,235,T
5-NP,29,236,0,0,0,236,A
5-NP,30,0,235,0,1,236,T
5-NP,31,0,0,237,0,237,G
5-NP,32,239,0,0,0,239,A
5-NP,33,238,0,0,0,238,A
5-NP,34,0,0,0,238,238,C
5-NP,35,232,0,0,0,232,A
5-NP,36,0,1,247,0,248,G
5-NP,37,248,0,0,0,248,A
5-NP,38,0,247,0,0,247,T
5-NP,39,0,2,247,0,249,G
5-NP,40,0,1,248,0,249,G
5-NP,41,247,0,1,0,248,A
5-NP,42,249,0,0,0,249,A
5-NP,43,248,0,0,0,248,A
5-NP,44,0,0,0,258,258,C
5-NP,45,0,253,0,0,253,T
5-NP,46,0,0,260,0,260,G
5-NP,47,256,0,0,0,256,A
5-NP,48,0,259,0,0,259,T
5-NP,49,0,1,258,0,259,G
5-NP,50,0,0,261,0,261,G
5-NP,51,0,0,262,0,262,G
5-NP,52,0,0,261,0,261,G
5-NP,53,259,0,0,1,260,A
5-NP,54,0,258,0,0,258,T
5-NP,55,0,1,0,258,259,C
5-NP,56,0,0,259,1,260,G
5-NP,57,0,0,0,262,262,C
5-NP,58,0,0,0,267,267,C
5-NP,59,266,0,0,1,267,A
5-NP,60,0,1,275,0,276,G
5-NP,61,276,0,0,1,277,A
5-NP,62,279,0,0,1,280,A
5-NP,63,0,280,0,0,280,T
5-NP,64,0,0,282,0,282,G
5-NP,65,0,2,0,280,282,C
5-NP,66,278,0,0,1,279,A
5-NP,67,285,0,1,1,287,A
5-NP,68,0,0,0,286,286,C
5-NP,69,0,286,0,0,286,T
5-NP,70,0,1,287,0,288,G
5-NP,71,294,0,2,0,296,A
5-NP,72,0,1,306,0,307,G
5-NP,73,308,0,0,0,308,A
5-NP,74,0,307,0,0,307,T
5-NP,75,0,308,0,1,309,T
5-NP,76,307,0,0,0,307,A
5-NP,77,0,0,305,0,305,G
5-NP,78,0,0,305,0,305,G
5-NP,79,1,0,305,0,306,G
5-NP,80,0,0,0,309,309,C
5-NP,81,305,0,0,0,305,A
5-NP,82,0,305,0,0,305,T
5-NP,83,0,0,0,306,306,C
5-NP,84,0,0,0,304,304,C
5-NP,85,0,0,309,0,309,G
5-NP,86,0,309,0,1,310,T
5-NP,87,0,0,0,309,309,C
5-NP,88,0,1,309,0,310,G
5-NP,89,0,0,308,0,308,G
5-NP,90,0,0,314,0,314,G
5-NP,91,311,0,0,0,311,A
5-NP,92,314,0,0,0,314,A
5-NP,93,0,0,315,0,315,G
5-NP,94,314,0,0,0,314,A
5-NP,95,0,314,0,0,314,T
5-NP,96,0,1,315,0,316,G
5-NP,97,316,1,0,0,317,A
5-NP,98,0,318,0,0,318,T
5-NP,99,0,315,0,0,315,T
5-NP,100,0,0,316,0,316,G
5-NP,101,318,0,0,0,318,A
5-NP,102,1,316,0,0,317,T
5-NP,103,0,1,316,0,317,G
5-NP,104,0,0,319,0,319,G
5-NP,105,319,0,0,0,319,A
5-NP,106,321,0,1,0,322,A
5-NP,107,0,320,0,0,320,T
5-NP,108,0,321,0,0,321,T
5-NP,109,0,1,321,0,322,G
5-NP,110,1,0,319,0,320,G
5-NP,111,0,1,322,0,323,G
5-NP,112,318,0,1,0,319,A
5-NP,113,0,2,315,0,317,G
5-NP,114,323,0,0,0,323,A
5-NP,115,0,328,0,0,328,T
5-NP,116,0,326,0,0,326,T
5-NP,117,1,0,0,327,328,C
5-NP,118,0,325,0,0,325,T
5-NP,119,326,1,0,0,327,A
5-NP,120,0,0,0,326,326,C
5-NP,121,340,0,0,0,340,A
5-NP,122,0,344,0,0,344,T
5-NP,123,0,0,0,345,345,C
5-NP,124,0,0,0,347,347,C
5-NP,125,348,0,0,0,348,A
5-NP,126,353,0,0,0,353,A
5-NP,127,353,0,0,0,353,A
5-NP,128,0,354,0,0,354,T
5-NP,129,0,1,354,0,355,G
5-NP,130,0,349,0,0,349,T
5-NP,131,0,1,350,0,351,G
5-NP,132,0,1,0,350,351,C
5-NP,133,348,0,0,0,348,A
5-NP,134,0,0,0,349,349,C
5-NP,135,0,341,0,1,342,T
5-NP,136,0,0,350,0,350,G
5-NP,137,354,0,0,0,354,A
5-NP,138,362,0,0,0,362,A
5-NP,139,0,0,0,365,365,C
5-NP,140,0,364,0,0,364,T
5-NP,141,0,363,0,0,363,T
5-NP,142,364,0,0,0,364,A
5-NP,143,364,0,0,0,364,A
5-NP,144,365,0,0,1,366,A
5-NP,145,0,0,0,366,366,C
5-NP,146,0,363,0,0,363,T
5-NP,147,0,1,0,365,366,C
5-NP,148,359,0,1,0,360,A
5-NP,149,2,0,362,0,364,G
5-NP,150,0,365,0,0,365,T
5-NP,151,0,0,370,0,370,G
5-NP,152,374,0,0,0,374,A
5-NP,153,0,373,0,0,373,T
5-NP,154,2,0,0,372,374,C
5-NP,155,376,0,0,0,376,A
5-NP,156,0,374,0,0,374,T
5-NP,157,0,1,375,0,376,G
5-NP,158,375,0,0,0,375,A
5-NP,159,375,0,0,0,375,A
5-NP,160,1,1,374,0,376,G
5-NP,161,0,0,373,0,373,G
5-NP,162,0,0,376,0,376,G
5-NP,163,0,0,0,371,371,C
5-NP,164,0,0,371,0,371,G
5-NP,165,0,0,375,0,375,G
5-NP,166,0,373,0,0,373,T
5-NP,167,0,373,0,0,373,T
5-NP,168,1,1,375,0,377,G
5-NP,169,413,0,0,0,413,A
5-NP,170,0,413,0,1,414,T
5-NP,171,1,0,0,411,412,C
5-NP,172,0,0,0,414,414,C
5-NP,173,412,0,1,0,413,A
5-NP,174,0,0,417,0,417,G
5-NP,175,412,0,1,0,413,A
5-NP,176,416,0,0,0,416,A
5-NP,177,0,0,0,418,418,C
5-NP,178,397,0,0,0,397,A
5-NP,179,1,1,399,0,401,G
5-NP,180,0,1,0,400,401,C
5-NP,181,0,402,0,0,402,T
5-NP,182,0,406,0,0,406,T
5-NP,183,0,0,405,0,405,G
5-NP,184,406,0,0,0,406,A
5-NP,185,0,0,0,408,408,C
5-NP,186,407,0,0,0,407,A
5-NP,187,410,0,0,0,410,A
5-NP,188,0,408,0,0,408,T
5-NP,189,408,0,0,0,408,A
5-NP,190,0,0,408,0,408,G
5-NP,191,408,0,0,0,408,A
5-NP,192,0,0,410,0,410,G
5-NP,193,407,0,0,0,407,A
5-NP,194,416,0,0,0,416,A
5-NP,195,419,0,0,0,419,A
5-NP,196,424,1,0,0,425,A
5-NP,197,0,428,0,0,428,T
5-NP,198,0,1,430,0,431,G
5-NP,199,2,0,429,0,431,G
5-NP,200,0,427,0,0,427,T
5-NP,201,413,0,0,0,413,A
5-NP,202,0,0,0,416,416,C
5-NP,203,0,419,0,0,419,T
5-NP,204,0,0,0,422,422,C
5-NP,205,0,412,0,0,412,T
5-NP,206,0,0,0,418,418,C
5-NP,207,0,419,0,0,419,T
5-NP,208,0,0,426,0,426,G
5-NP,209,0,0,0,425,425,C
5-NP,210,0,421,0,0,421,T
5-NP,211,0,422,0,0,422,T
5-NP,212,0,416,0,0,416,T
5-NP,213,0,415,0,0,415,T
5-NP,214,0,0,417,0,417,G
5-NP,215,413,0,1,1,415,A
5-NP,216,1,412,0,1,414,T
5-NP,217,0,1,414,0,415,G
5-NP,218,412,0,0,0,412,A
5-NP,219,414,0,0,0,414,A
5-NP,220,414,0,0,0,414,A
5-NP,221,0,1,412,0,413,G
5-NP,222,414,0,0,0,414,A
5-NP,223,417,0,0,0,417,A
5-NP,224,1,1,418,0,420,G
5-NP,225,0,0,426,0,426,G
5-NP,226,428,0,0,0,428,A
5-NP,227,429,0,0,0,429,A
5-NP,228,0,429,0,0,429,T
5-NP,229,428,0,0,0,428,A
5-NP,230,427,0,1,0,428,A
5-NP,231,427,0,0,0,427,A
5-NP,232,0,427,0,0,427,T
5-NP,233,431,0,0,0,431,A
5-NP,234,0,0,0,432,432,C
5-NP,235,1,0,0,426,427,C
5-NP,236,0,425,0,1,426,T
5-NP,237,0,0,427,0,427,G
5-NP,238,0,1,435,0,436,G
5-NP,239,435,0,0,0,435,A
5-NP,240,432,0,1,0,433,A
5-NP,241,0,2,444,0,446,G
5-NP,242,444,0,0,0,444,A
5-NP,243,445,0,0,0,445,A
5-NP,244,0,0,0,444,444,C
5-NP,245,441,0,1,0,442,A
5-NP,246,0,0,1,457,458,C
5-NP,247,0,0,0,449,449,C
5-NP,248,0,0,0,451,451,C
5-NP,249,1,0,0,450,451,C
5-NP,250,446,0,1,0,447,A
5-NP,251,0,0,447,0,447,G
5-NP,252,0,0,0,440,440,C
5-NP,253,0,1,444,0,445,G
5-NP,254,1,0,0,442,443,C
5-NP,255,0,1,439,0,440,G
5-NP,256,0,0,446,0,446,G
5-NP,257,0,1,443,0,444,G
5-NP,258,0,0,447,0,447,G
5-NP,259,445,0,0,0,445,A
5-NP,260,444,0,0,0,444,A
5-NP,261,444,0,0,0,444,A
5-NP,262,0,0,445,0,445,G
5-NP,263,443,0,0,0,443,A
5-NP,264,0,441,0,0,441,T
5-NP,265,0,0,0,440,440,C
5-NP,266,1,0,0,439,440,C
5-NP,267,0,1,0,440,441,C
5-NP,268,440,0,0,0,440,A
5-NP,269,442,0,0,0,442,A
5-NP,270,0,0,443,0,443,G
5-NP,271,441,0,0,0,441,A
5-NP,272,440,0,0,0,440,A
5-NP,273,441,1,0,0,442,A
5-NP,274,442,0,0,0,442,A
5-NP,275,0,0,0,439,439,C
5-NP,276,0,436,0,0,436,T
5-NP,277,0,0,432,0,432,G
5-NP,278,0,0,436,0,436,G
5-NP,279,0,0,434,0,434,G
5-NP,280,0,0,434,0,434,G
5-NP,281,0,0,440,1,441,G
5-NP,282,0,0,438,0,438,G
5-NP,283,0,0,0,463,463,C
5-NP,284,2,0,0,459,461,C
5-NP,285,0,0,0,465,465,C
5-NP,286,501,0,0,0,501,A
5-NP,287,0,502,0,0,502,T
5-NP,288,526,0,0,0,526,A
5-NP,289,1,526,0,0,527,T
5-NP,290,521,0,0,0,521,A
5-NP,291,0,0,0,528,528,C
5-NP,292,477,1,0,0,478,A
5-NP,293,0,1,490,0,491,G
5-NP,294,0,0,490,0,490,G
5-NP,295,474,0,0,0,474,A
5-NP,296,0,0,471,0,471,G
5-NP,297,453,0,1,0,454,A
5-NP,298,449,0,1,0,450,A
5-NP,299,0,460,0,0,460,T
5-NP,300,459,0,1,0,460,A
5-NP,301,0,0,466,0,466,G
5-NP,302,456,0,0,0,456,A
5-NP,303,0,453,0,0,453,T
5-NP,304,0,0,454,0,454,G
5-NP,305,0,1,452,0,453,G
5-NP,306,450,0,0,0,450,A
5-NP,307,449,0,0,0,449,A
5-NP,308,2,0,441,0,443,G
5-NP,309,450,0,0,0,450,A
5-NP,310,0,452,0,0,452,T
5-NP,311,0,1,459,0,460,G
5-NP,312,0,0,464,0,464,G
5-NP,313,464,0,0,0,464,A
5-NP,314,0,463,0,0,463,T
5-NP,315,2,0,459,0,461,G
5-NP,316,462,0,1,0,463,A
5-NP,317,0,1,465,0,466,G
5-NP,318,0,0,463,0,463,G
5-NP,319,1,0,461,0,462,G
5-NP,320,470,1,1,0,472,A
5-NP,321,474,0,1,0,475,A
5-NP,322,0,0,0,492,492,C
5-NP,323,0,490,0,0,490,T
5-NP,324,2,0,0,499,501,C
5-NP,325,1,0,509,0,510,G
5-NP,326,0,525,0,0,525,T
5-NP,327,0,0,0,535,535,C
5-NP,328,0,0,0,692,692,C
5-NP,329,0,686,0,0,686,T
5-NP,330,0,693,0,0,693,T
5-NP,331,0,694,0,0,694,T
5-NP,332,698,0,1,0,699,A
5-NP,333,0,703,0,0,703,T
5-NP,334,0,3,701,0,704,G
5-NP,335,707,0,2,0,709,A
5-NP,336,0,0,0,708,708,C
5-NP,337,705,0,0,0,705,A
5-NP,338,708,0,0,0,708,A
5-NP,339,708,0,1,0,709,A
5-NP,340,0,1,775,0,776,G
5-NP,341,773,0,1,0,774,A
5-NP,342,774,0,0,0,774,A
5-NP,343,0,0,854,0,854,G
5-NP,344,867,0,1,0,868,A
5-NP,345,867,1,0,0,868,A
5-NP,346,868,0,0,0,868,A
5-NP,347,1,871,0,0,872,T
5-NP,348,875,0,1,0,876,A
5-NP,349,871,0,0,0,871,A
5-NP,350,0,0,890,0,890,G
5-NP,351,0,0,893,0,893,G
5-NP,352,0,0,0,881,881,C
5-NP,353,0,3,881,0,884,G
5-NP,354,897,0,0,0,897,A
5-NP,355,922,1,0,0,923,A
5-NP,356,0,931,0,0,931,T
5-NP,357,0,0,0,934,934,C
5-NP,358,0,930,0,0,930,T
5-NP,359,0,0,924,1,925,G
5-NP,360,0,0,929,0,929,G
5-NP,361,0,1,0,929,930,C
5-NP,362,0,1,932,0,933,G
5-NP,363,2,0,0,928,930,C
5-NP,364,0,1,0,928,929,C
5-NP,365,932,0,0,0,932,A
5-NP,366,951,0,0,0,951,A
5-NP,367,0,0,1000,0,1000,G
5-NP,368,0,0,0,997,997,C
5-NP,369,0,0,0,1015,1015,C
5-NP,370,1021,0,1,0,1022,A
5-NP,371,1054,1,0,0,1055,A
5-NP,372,0,1,0,1071,1072,C
5-NP,373,1071,1,0,0,1072,A
5-NP,374,1110,0,1,0,1111,A
5-NP,375,0,1106,1,0,1107,T
5-NP,376,2,3,1160,0,1165,G
5-NP,377,0,0,1170,0,1170,G
5-NP,378,0,1169,0,0,1169,T
5-NP,379,1,0,1167,0,1168,G
5-NP,380,1162,0,1,0,1163,A
5-NP,381,0,0,1216,0,1216,G
5-NP,382,0,1,1218,0,1219,G
5-NP,383,1247,0,0,0,1247,A
5-NP,384,0,1416,0,0,1416,T
5-NP,385,0,0,1454,1,1455,G
5-NP,386,1,0,2,1461,1464,C
5-NP,387,0,1465,0,1,1466,T
5-NP,388,1483,0,0,0,1483,A
5-NP,389,0,0,0,1520,1520,C
5-NP,390,1526,0,0,0,1526,A
5-NP,391,0,1525,0,1,1526,T
5-NP,392,0,0,0,1522,1522,C
5-NP,393,1,1466,0,0,1467,T
5-NP,394,1,4,1558,0,1563,G
5-NP,395,0,0,1621,0,1621,G
5-NP,396,0,1620,0,1,1621,T
5-NP,397,2,0,0,1623,1625,C
5-NP,398,0,1614,0,1,1615,T
5-NP,399,1654,0,0,0,1654,A
5-NP,400,1656,1,0,0,1657,A
5-NP,401,0,1,0,1674,1675,C
5-NP,402,0,1665,0,2,1667,T
5-NP,403,8,1,1,1691,1701,C
5-NP,404,1697,0,2,0,1699,A
5-NP,405,1,0,0,1790,1791,C
5-NP,406,1790,0,0,0,1790,A
5-NP,407,0,1800,0,1,1801,T
5-NP,408,1791,0,0,0,1791,A
5-NP,409,1803,0,0,0,1803,A
5-NP,410,0,1819,0,0,1819,T
5-NP,411,0,4,1855,0,1859,G
5-NP,412,1854,0,2,0,1856,A
5-NP,413,0,1850,0,0,1850,T
5-NP,414,0,1826,0,0,1826,T
5-NP,415,0,1833,0,0,1833,T
5-NP,416,0,2,1824,0,1826,G
5-NP,417,0,1,1830,0,1831,G
5-NP,418,0,1,0,1827,1828,C
5-NP,419,1837,0,1,0,1838,A
5-NP,420,0,1844,1,1,1846,T
5-NP,421,0,1837,0,4,1841,T
5-NP,422,1,0,0,1841,1842,C
5-NP,423,1,0,0,1847,1848,C
5-NP,424,1886,0,1,0,1887,A
5-NP,425,1890,0,0,0,1890,A
5-NP,426,0,1893,0,1,1894,T
5-NP,427,0,1893,0,0,1893,T
5-NP,428,0,1891,1,2,1894,T
5-NP,429,0,2,1919,0,1921,G
5-NP,430,1916,0,2,0,1918,A
5-NP,431,1921,0,0,0,1921,A
5-NP,432,0,1932,1,0,1933,T
5-NP,433,0,0,1925,0,1925,G
5-NP,434,2025,0,2,0,2027,A
5-NP,435,1,2025,1,4,2031,T
5-NP,436,2,1,2044,0,2047,G
5-NP,437,0,1,0,2121,2122,C
5-NP,438,2114,0,1,0,2115,A
5-NP,439,2225,0,3,0,2228,A
5-NP,440,0,1,0,2229,2230,C
5-NP,441,2258,0,0,0,2258,A
5-NP,442,0,2312,0,0,2312,T
5-NP,443,2273,1,1,0,2275,A
5-NP,444,1,2,0,2341,2344,C
5-NP,445,2,2,0,2335,2339,C
5-NP,446,2302,1,2,0,2305,A
5-NP,447,0,3,2327,0,2330,G
5-NP,448,2295,0,1,0,2296,A
5-NP,449,1,3,2356,0,2360,G
5-NP,450,1,8,2342,0,2351,G
5-NP,451,2345,0,2,0,2347,A
5-NP,452,1,2,0,2360,2363,C
5-NP,453,2338,0,4,0,2342,A
5-NP,454,2341,0,3,0,2344,A
5-NP,455,1,7,2345,0,2353,G
5-NP,456,2327,0,6,0,2333,A
5-NP,457,0,0,2356,1,2357,G
5-NP,458,1,0,0,2358,2359,C
5-NP,459,0,2338,0,6,2344,T
5-NP,460,3,2,0,2353,2358,C
5-NP,461,0,2347,1,3,2351,T
5-NP,462,0,2357,0,0,2357,T
5-NP,463,0,1,2366,0,2367,G
5-NP,464,0,2364,0,1,2365,T
5-NP,465,0,2356,0,2,2358,T
5-NP,466,8,1,0,2350,2359,C
5-NP,467,0,5,2357,0,2362,G
5-NP,468,2406,1,1,0,2408,A
5-NP,469,2406,1,0,0,2407,A
5-NP,470,1,1,0,2422,2424,C
5-NP,471,0,2415,0,1,2416,T
5-NP,472,0,3,2462,0,2465,G
5-NP,473,0,3,2460,0,2463,G
5-NP,474,2461,1,4,0,2466,A
5-NP,475,2469,0,4,0,2473,A
5-NP,476,0,2473,0,2,2475,T
5-NP,477,2,1,2471,1,2475,G
5-NP,478,0,6,2474,0,2480,G
5-NP,479,2524,1,4,0,2529,A
5-NP,480,0,2551,0,2,2553,T
5-NP,481,4,1,0,2566,2571,C
5-NP,482,6,2,0,2572,2580,C
5-NP,483,3,3,0,2586,2592,C
5-NP,484,2613,0,1,0,2614,A
5-NP,485,0,3,2650,0,2653,G
5-NP,486,2660,0,5,0,2665,A
5-NP,487,2685,0,0,0,2685,A
5-NP,488,0,2655,0,1,2656,T
5-NP,489,1,0,2688,0,2689,G
5-NP,490,2,2670,0,0,2672,T
5-NP,491,2,1,2690,0,2693,G
5-NP,492,0,0,0,2694,2694,C
5-NP,493,0,2681,0,3,2684,T
5-NP,494,2,0,0,2909,2911,C
5-NP,495,0,2893,0,2,2895,T
5-NP,496,4,1,0,3038,3043,C
5-NP,497,0,3039,0,3,3042,T
5-NP,498,0,6,3044,0,3050,G
5-NP,499,3077,1,0,0,3078,A
5-NP,500,0,3066,1,2,3069,T
5-NP,501,0,1,3070,0,3071,G
5-NP,502,1,0,0,3072,3073,C
5-NP,503,3008,0,4,0,3012,A
5-NP,504,0,3,3104,0,3107,G
5-NP,505,0,6,3051,0,3057,G
5-NP,506,0,0,3106,1,3107,G
5-NP,507,1,0,0,3110,3111,C
5-NP,508,0,3097,0,0,3097,T
5-NP,509,3,1,0,3104,3108,C
5-NP,510,1,11,3095,0,3107,G
5-NP,511,3153,1,2,0,3156,A
5-NP,512,0,0,0,3149,3149,C
5-NP,513,0,3122,0,2,3124,T
5-NP,514,6,0,0,3292,3298,C
5-NP,515,2,3288,0,2,3292,T
5-NP,516,5,1,0,3861,3867,C
5-NP,517,5,0,0,3865,3870,C
5-NP,518,5,0,0,3873,3878,C
5-NP,519,2,3877,0,0,3879,T
5-NP,520,3870,0,1,0,3871,A
5-NP,521,1,2,3868,0,3871,G
5-NP,522,3867,0,2,1,3870,A
5-NP,523,3800,0,1,0,3801,A
5-NP,524,0,5,3813,0,3818,G
5-NP,525,1,0,3802,0,3803,G
5-NP,526,1,3772,0,0,3773,T
5-NP,527,7,0,0,3765,3772,C
5-NP,528,1,2,0,3774,3777,C
5-NP,529,0,4,3778,1,3783,G
5-NP,530,0,3,3812,0,3815,G
5-NP,531,3815,1,1,0,3817,A
5-NP,532,0,2,3856,0,3858,G
5-NP,533,1,0,0,3877,3878,C
5-NP,534,2,3837,0,2,3841,T
5-NP,535,1,4,3844,1,3850,G
5-NP,536,0,4,0,3860,3864,C
5-NP,537,3850,1,10,0,3861,A
5-NP,538,1,1,3881,0,3883,G
5-NP,539,1,1,3911,1,3914,G
5-NP,540,2,3905,0,2,3909,T
5-NP,541,0,0,3865,0,3865,G
5-NP,542,1,1,0,3885,3887,C
5-NP,543,2,3883,0,3,3888,T
5-NP,544,2,1,3892,0,3895,G
5-NP,545,2,0,0,3896,3898,C
5-NP,546,3948,0,2,0,3950,A
5-NP,547,1,0,4033,0,4034,G
5-NP,548,0,4016,0,0,4016,T
5-NP,549,8,0,0,4009,4017,C
5-NP,550,4022,1,2,0,4025,A
5-NP,551,4028,0,7,1,4036,A
5-NP,552,4023,1,8,0,4032,A
5-NP,553,2,5,4057,0,4064,G
5-NP,554,2,4,4083,1,4090,G
5-NP,555,4095,0,3,0,4098,A
5-NP,556,4079,0,3,0,4082,A
5-NP,557,2,4082,0,0,4084,T
5-NP,558,8,2,0,4073,4083,C
5-NP,559,2,5,4078,0,4085,G
5-NP,560,0,5,4216,0,4221,G
5-NP,561,1,8,4214,1,4224,G
5-NP,562,4208,1,1,0,4210,A
5-NP,563,0,3,0,4223,4226,C
5-NP,564,4192,0,1,0,4193,A
5-NP,565,4290,0,1,1,4292,A
5-NP,566,0,4309,0,2,4311,T
5-NP,567,2,10,4320,0,4332,G
5-NP,568,2,0,4385,1,4388,G
5-NP,569,2,4320,0,2,4324,T
5-NP,570,0,4,4345,0,4349,G
5-NP,571,4333,0,6,2,4341,A
5-NP,572,0,4324,0,1,4325,T
5-NP,573,0,8,4333,0,4341,G
5-NP,574,1,12,4420,0,4433,G
5-NP,575,4430,1,3,0,4434,A
5-NP,576,4432,0,1,0,4433,A
5-NP,577,1,1,0,4407,4409,C
5-NP,578,2,4382,0,2,4386,T
5-NP,579,4374,0,2,0,4376,A
5-NP,580,4565,0,0,0,4565,A
5-NP,581,1,4568,1,2,4572,T
5-NP,582,10,1,0,4566,4577,C
5-NP,583,4466,1,2,0,4469,A
5-NP,584,1,7,4529,0,4537,G
5-NP,585,4524,1,0,0,4525,A
5-NP,586,4532,2,2,0,4536,A
5-NP,587,1,4536,1,3,4541,T
5-NP,588,2,10,4534,0,4546,G
5-NP,589,7,4,4591,0,4602,G
5-NP,590,1,4599,1,5,4606,T
5-NP,591,10,0,0,4615,4625,C
5-NP,592,4621,0,1,0,4622,A
5-NP,593,4622,2,4,0,4628,A
5-NP,594,4635,1,2,1,4639,A
5-NP,595,1,3,0,4638,4642,C
5-NP,596,1,3,4624,0,4628,G
5-NP,597,1,6,4644,0,4651,G
5-NP,598,0,6,4600,1,4607,G
5-NP,599,0,3,4610,0,4613,G
5-NP,600,3,6,4614,2,4625,G
5-NP,601,4625,2,5,0,4632,A
5-NP,602,1,4587,0,4,4592,T
5-NP,603,9,1,0,4587,4597,C
5-NP,604,4594,0,5,0,4599,A
5-NP,605,4596,0,7,0,4603,A
5-NP,606,2,0,1,4572,4575,C
5-NP,607,1,6,4556,1,4564,G
5-NP,608,4560,1,0,0,4561,A
5-NP,609,0,4550,0,2,4552,T
5-NP,610,17,0,0,4536,4553,C
5-NP,611,1,2,4555,0,4558,G
5-NP,612,4549,2,1,0,4552,A
5-NP,613,4551,0,0,2,4553,A
5-NP,614,4543,0,2,2,4547,A
5-NP,615,1,4599,1,1,4602,T
5-NP,616,0,4601,0,1,4602,T
5-NP,617,1,4583,0,1,4585,T
5-NP,618,0,4612,1,1,4614,T
5-NP,619,0,4622,0,2,4624,T
5-NP,620,1,5,4614,0,4620,G
5-NP,621,0,11,4609,0,4620,G
5-NP,622,4582,2,9,1,4594,A
5-NP,623,0,4,4623,2,4629,G
5-NP,624,4581,1,2,0,4584,A
5-NP,625,0,6,4759,0,4765,G
5-NP,626,2,1,4776,1,4780,G
5-NP,627,0,4768,0,5,4773,T
5-NP,628,1,14,4768,0,4783,G
5-NP,629,4786,1,6,0,4793,A
5-NP,630,1,7,4813,1,4822,G
5-NP,631,4805,1,4,2,4812,A
5-NP,632,4805,1,2,0,4808,A
5-NP,633,0,4803,0,1,4804,T
5-NP,634,1,6,4666,0,4673,G
5-NP,635,1,3,4642,0,4646,G
5-NP,636,4620,1,11,0,4632,A
5-NP,637,1,6,0,4638,4645,C
5-NP,638,7,6,4645,0,4658,G
5-NP,639,1,5,4708,0,4714,G
5-NP,640,4709,1,0,1,4711,A
5-NP,641,4706,0,1,0,4707,A
5-NP,642,4763,0,2,1,4766,A
5-NP,643,4763,1,7,2,4773,A
5-NP,644,1,6,0,4807,4814,C
5-NP,645,4808,0,6,0,4814,A
5-NP,646,4796,3,2,1,4802,A
5-NP,647,2,2,4804,0,4808,G
5-NP,648,4689,1,5,1,4696,A
5-NP,649,4702,1,2,0,4705,A
5-NP,650,1,3,4835,1,4840,G
5-NP,651,1,4822,0,1,4824,T
5-NP,652,1,1,5060,0,5062,G
5-NP,653,0,2,0,5040,5042,C
5-NP,654,1,5038,0,2,5041,T
5-NP,655,0,5074,0,0,5074,T
5-NP,656,5129,0,2,0,5131,A
5-NP,657,1,5123,0,1,5125,T
5-NP,658,0,6,5152,0,5158,G
5-NP,659,5037,0,11,0,5048,A
5-NP,660,0,7,5073,0,5080,G
5-NP,661,4852,1,4,1,4858,A
5-NP,662,0,12,4870,0,4882,G
5-NP,663,4853,0,2,1,4856,A
5-NP,664,4887,3,2,2,4894,A
5-NP,665,3,4848,0,0,4851,T
5-NP,666,1,1,4903,0,4905,G
5-NP,667,0,4892,0,1,4893,T
5-NP,668,4,2,4904,0,4910,G
5-NP,669,3,1,0,4902,4906,C
5-NP,670,4896,0,3,0,4899,A
5-NP,671,4903,1,8,3,4915,A
5-NP,672,1,3,0,4901,4905,C
5-NP,673,4885,0,2,0,4887,A
5-NP,674,0,4895,0,0,4895,T
5-NP,675,1,4826,1,2,4830,T
5-NP,676,5,2,0,4836,4843,C
5-NP,677,2,4832,0,3,4837,T
5-NP,678,1,4832,0,3,4836,T
5-NP,679,4841,2,0,1,4844,A
5-NP,680,4823,0,1,1,4825,A
5-NP,681,4829,0,1,1,4831,A
5-NP,682,0,5,4822,0,4827,G
5-NP,683,0,7,4814,1,4822,G
5-NP,684,4797,3,2,0,4802,A
5-NP,685,4804,0,1,0,4805,A
5-NP,686,4802,2,2,0,4806,A
5-NP,687,4855,0,1,0,4856,A
5-NP,688,0,4859,1,0,4860,T
5-NP,689,1,4841,0,1,4843,T
5-NP,690,0,4872,0,0,4872,T
5-NP,691,7,0,1,4861,4869,C
5-NP,692,4864,2,3,1,4870,A
5-NP,693,4860,1,2,1,4864,A
5-NP,694,4865,1,2,1,4869,A
5-NP,695,0,1,0,4920,4921,C
5-NP,696,4857,0,3,0,4860,A
5-NP,697,0,1,4950,0,4951,G
5-NP,698,3,2,0,4940,4945,C
5-NP,699,1,4948,0,2,4951,T
5-NP,700,4,2,5050,0,5056,G
5-NP,701,1,2,0,5042,5045,C
5-NP,702,5078,0,4,1,5083,A
5-NP,703,2,1,0,5082,5085,C
5-NP,704,5062,0,2,1,5065,A
5-NP,705,5070,1,11,0,5082,A
5-NP,706,4969,0,16,0,4985,A
5-NP,707,0,10,5155,1,5166,G
5-NP,708,5152,0,5,1,5158,A
5-NP,709,0,3,5196,0,5199,G
5-NP,710,2,2,0,5171,5175,C
5-NP,711,5174,1,1,0,5176,A
5-NP,712,5317,0,3,0,5320,A
5-NP,713,0,5323,0,5,5328,T
5-NP,714,0,8,5336,2,5346,G
5-NP,715,1,4,5363,0,5368,G
5-NP,716,2,5222,0,13,5237,T
5-NP,717,0,7,5224,0,5231,G
5-NP,718,2,6,5254,0,5262,G
5-NP,719,5257,0,5,0,5262,A
5-NP,720,0,5250,1,2,5253,T
5-NP,721,10,1,0,5120,5131,C
5-NP,722,5153,3,2,0,5158,A
5-NP,723,5204,3,3,1,5211,A
5-NP,724,1,0,5226,0,5227,G
5-NP,725,0,5178,0,1,5179,T
5-NP,726,0,12,5186,0,5198,G
5-NP,727,5136,0,4,2,5142,A
5-NP,728,1,9,5155,0,5165,G
5-NP,729,5142,2,2,0,5146,A
5-NP,730,1,5,5148,0,5154,G
5-NP,731,5116,1,2,1,5120,A
5-NP,732,5055,0,0,0,5055,A
5-NP,733,5056,0,4,0,5060,A
5-NP,734,2,0,5082,0,5084,G
5-NP,735,0,5060,0,2,5062,T
5-NP,736,10,1,0,5050,5061,C
5-NP,737,1,6,5044,0,5051,G
5-NP,738,1,7,5060,0,5068,G
5-NP,739,5067,1,2,1,5071,A
5-NP,740,5093,0,1,0,5094,A
5-NP,741,1,3,0,5098,5102,C
5-NP,742,4,0,0,5059,5063,C
5-NP,743,6,1,0,5071,5078,C
5-NP,744,5066,0,1,1,5068,A
5-NP,745,3,3,5074,0,5080,G
5-NP,746,0,9,5070,0,5079,G
5-NP,747,5066,0,1,0,5067,A
5-NP,748,5063,0,4,0,5067,A
5-NP,749,5062,0,6,0,5068,A
5-NP,750,0,9,0,5070,5079,C
5-NP,751,3,3,5073,0,5079,G
5-NP,752,2,2,0,5063,5067,C
5-NP,753,1,5049,1,7,5058,T
5-NP,754,2,11,5052,1,5066,G
5-NP,755,5057,0,3,0,5060,A
5-NP,756,0,7,5127,0,5134,G
5-NP,757,5135,0,1,0,5136,A
5-NP,758,0,5122,0,6,5128,T
5-NP,759,6,3,0,5083,5092,C
5-NP,760,9,6,5083,0,5098,G
5-NP,761,5096,1,0,1,5098,A
5-NP,762,5096,1,1,2,5100,A
5-NP,763,1,6,5105,0,5112,G
5-NP,764,5120,0,3,1,5124,A
5-NP,765,1,5075,0,1,5077,T
5-NP,766,5,0,0,5109,5114,C
5-NP,767,3,5104,0,1,5108,T
5-NP,768,12,0,0,5158,5170,C
5-NP,769,5179,1,0,0,5180,A
5-NP,770,0,5171,0,2,5173,T
5-NP,771,5190,0,0,1,5191,A
5-NP,772,0,5177,1,1,5179,T
5-NP,773,0,5143,0,3,5146,T
5-NP,774,2,5122,1,2,5127,T
5-NP,775,0,5088,0,1,5089,T
5-NP,776,0,5094,1,1,5096,T
5-NP,777,5092,0,10,0,5102,A
5-NP,778,1,0,5102,0,5103,G
5-NP,779,1,1,1,5092,5095,C
5-NP,780,5094,0,2,0,5096,A
5-NP,781,5069,0,5,0,5074,A
5-NP,782,0,7,5231,0,5238,G
5-NP,783,5230,2,1,0,5233,A
5-NP,784,0,5235,0,0,5235,T
5-NP,785,5,1,0,5258,5264,C
5-NP,786,0,5240,0,8,5248,T
5-NP,787,4,1,5391,0,5396,G
5-NP,788,0,3,0,5402,5405,C
5-NP,789,5411,0,2,0,5413,A
5-NP,790,0,5461,1,3,5465,T
5-NP,791,2,5285,0,3,5290,T
5-NP,792,0,2,5606,0,5608,G
5-NP,793,5709,0,3,0,5712,A
5-NP,794,0,5708,1,1,5710,T
5-NP,795,5712,0,2,0,5714,A
5-NP,796,1,5600,0,1,5602,T
5-NP,797,0,5572,0,0,5572,T
5-NP,798,4,9,5583,1,5597,G
5-NP,799,5545,0,4,0,5549,A
5-NP,800,0,2,5576,1,5579,G
5-NP,801,5331,0,7,0,5338,A
5-NP,802,0,3,5244,0,5247,G
5-NP,803,2,3,5308,0,5313,G
5-NP,804,5297,1,1,0,5299,A
5-NP,805,0,5283,1,4,5288,T
5-NP,806,9,0,0,5302,5311,C
5-NP,807,5276,1,0,1,5278,A
5-NP,808,1,1,5292,0,5294,G
5-NP,809,1,5265,1,5,5272,T
5-NP,810,0,5248,0,1,5249,T
5-NP,811,5,2,5235,1,5243,G
5-NP,812,0,2,0,5190,5192,C
5-NP,813,1,5176,0,8,5185,T
5-NP,814,19,2,1,5189,5211,C
5-NP,815,5218,1,2,0,5221,A
5-NP,816,1,3,0,5220,5224,C
5-NP,817,5217,1,1,1,5220,A
5-NP,818,5249,2,1,0,5252,A
5-NP,819,5252,0,1,1,5254,A
5-NP,820,0,5250,0,1,5251,T
5-NP,821,5,1,0,5247,5253,C
5-NP,822,0,5239,1,6,5246,T
5-NP,823,0,5239,0,0,5239,T
5-NP,824,0,0,5250,0,5250,G
5-NP,825,3,1,0,5238,5242,C
5-NP,826,4,1,0,5297,5302,C
5-NP,827,0,5292,1,2,5295,T
5-NP,828,5329,0,2,0,5331,A
5-NP,829,1,2,0,5315,5318,C
5-NP,830,6,0,0,5321,5327,C
5-NP,831,0,5307,1,5,5313,T
5-NP,832,1,0,5385,0,5386,G
5-NP,833,4,0,0,5358,5362,C
5-NP,834,5,2,1,5373,5381,C
5-NP,835,0,5303,0,4,5307,T
5-NP,836,2,2,5359,0,5363,G
5-NP,837,1,5328,1,8,5338,T
5-NP,838,0,2,5387,0,5389,G
5-NP,839,4,3,0,5412,5419,C
5-NP,840,12,0,5497,0,5509,G
5-NP,841,1,5427,1,4,5433,T
5-NP,842,5418,1,2,0,5421,A
5-NP,843,0,5419,1,5,5425,T
5-NP,844,4,10,5417,1,5432,G
5-NP,845,0,8,5649,0,5657,G
5-NP,846,5637,2,5,0,5644,A
5-NP,847,2,0,1,5536,5539,C
5-NP,848,3,1,0,5515,5519,C
5-NP,849,2,5413,1,12,5428,T
5-NP,850,1,0,5656,0,5657,G
5-NP,851,0,5,1,5651,5657,C
5-NP,852,5651,1,8,1,5661,A
5-NP,853,0,1,5765,0,5766,G
5-NP,854,2,5494,0,1,5497,T
5-NP,855,5692,0,2,0,5694,A
5-NP,856,0,5672,0,4,5676,T
5-NP,857,5,1,0,5666,5672,C
5-NP,858,5,3,0,5668,5676,C
5-NP,859,5408,1,2,0,5411,A
5-NP,860,1,2,5432,0,5435,G
5-NP,861,0,5408,1,4,5413,T
5-NP,862,2,10,5496,1,5509,G
5-NP,863,1,7,5494,0,5502,G
5-NP,864,2,4,5400,0,5406,G
5-NP,865,2,5388,0,5,5395,T
5-NP,866,5378,1,2,0,5381,A
5-NP,867,2,11,0,5367,5380,C
5-NP,868,2,15,5350,0,5367,G
5-NP,869,5354,0,3,0,5357,A
5-NP,870,1,2,0,5351,5354,C
5-NP,871,1,5218,0,1,5220,T
5-NP,872,3,5225,0,1,5229,T
5-NP,873,7,2,0,5213,5222,C
5-NP,874,1,9,5222,0,5232,G
5-NP,875,5224,0,3,1,5228,A
5-NP,876,5228,0,3,2,5233,A
5-NP,877,5239,0,2,1,5242,A
5-NP,878,5230,1,0,0,5231,A
5-NP,879,5224,2,1,1,5228,A
5-NP,880,0,3,5250,0,5253,G
5-NP,881,5222,1,6,2,5231,A
5-NP,882,1,8,5271,0,5280,G
5-NP,883,1,5,5296,1,5303,G
5-NP,884,2,7,5303,1,5313,G
5-NP,885,5320,1,3,1,5325,A
5-NP,886,0,5313,0,3,5316,T
5-NP,887,5341,0,0,0,5341,A
5-NP,888,0,5335,0,5,5340,T
5-NP,889,1,5364,1,1,5367,T
5-NP,890,9,0,2,5389,5400,C
5-NP,891,6,0,0,5366,5372,C
5-NP,892,2,5299,0,2,5303,T
5-NP,893,0,5293,0,1,5294,T
5-NP,894,0,7,5329,1,5337,G
5-NP,895,0,1,5360,0,5361,G
5-NP,896,2,5335,0,2,5339,T
5-NP,897,1,4,5316,0,5321,G
5-NP,898,0,6,5294,0,5300,G
5-NP,899,1,13,5482,2,5498,G
5-NP,900,5509,1,2,0,5512,A
5-NP,901,5509,1,5,0,5515,A
5-NP,902,0,5523,1,0,5524,T
5-NP,903,5446,1,3,0,5450,A
5-NP,904,3,8,5439,0,5450,G
5-NP,905,5428,1,4,0,5433,A
5-NP,906,1,0,0,5421,5422,C
5-NP,907,6,2,1,5361,5370,C
5-NP,908,7,0,0,5164,5171,C
5-NP,909,0,5206,0,9,5215,T
5-NP,910,2,5217,0,2,5221,T
5-NP,911,2,5218,0,1,5221,T
5-NP,912,8,0,0,5211,5219,C
5-NP,913,5207,1,0,2,5210,A
5-NP,914,5207,1,0,0,5208,A
5-NP,915,5187,0,3,2,5192,A
5-NP,916,0,0,1,5209,5210,C
5-NP,917,0,5088,0,4,5092,T
5-NP,918,5049,1,1,0,5051,A
5-NP,919,1,1,0,5121,5123,C
5-NP,920,0,5089,1,5,5095,T
5-NP,921,0,5094,1,1,5096,T
5-NP,922,4,1,1,5107,5113,C
5-NP,923,5101,1,2,0,5104,A
5-NP,924,5106,1,2,0,5109,A
5-NP,925,5086,0,0,0,5086,A
5-NP,926,5098,1,1,0,5100,A
5-NP,927,0,5060,1,2,5063,T
5-NP,928,4992,2,6,0,5000,A
5-NP,929,3,1,5048,0,5052,G
5-NP,930,0,3,0,5062,5065,C
5-NP,931,11,2,0,5102,5115,C
5-NP,932,5119,1,1,0,5121,A
5-NP,933,5135,0,1,0,5136,A
5-NP,934,5293,0,0,0,5293,A
5-NP,935,0,5304,0,0,5304,T
5-NP,936,5327,0,1,0,5328,A
5-NP,937,0,5320,0,1,5321,T
5-NP,938,5220,0,11,0,5231,A
5-NP,939,3,1,0,5229,5233,C
5-NP,940,5114,0,5,0,5119,A
5-NP,941,0,3,5265,0,5268,G
5-NP,942,0,0,0,5257,5257,C
5-NP,943,1,5088,0,15,5104,T
5-NP,944,1,5144,0,2,5147,T
5-NP,945,5157,1,2,0,5160,A
5-NP,946,5167,2,0,0,5169,A
5-NP,947,1,5159,0,0,5160,T
5-NP,948,7,0,0,5141,5148,C
5-NP,949,5001,1,2,0,5004,A
5-NP,950,1,7,5046,0,5054,G
5-NP,951,5047,0,4,0,5051,A
5-NP,952,1,1,0,5099,5101,C
5-NP,953,1,0,0,5044,5045,C
5-NP,954,0,4992,1,2,4995,T
5-NP,955,5034,1,1,0,5036,A
5-NP,956,5035,0,2,0,5037,A
5-NP,957,0,3,0,5057,5060,C
5-NP,958,3,13,5041,0,5057,G
5-NP,959,4938,0,5,0,4943,A
5-NP,960,5,10,4947,0,4962,G
5-NP,961,4928,0,1,1,4930,A
5-NP,962,4972,2,3,0,4977,A
5-NP,963,1,4967,0,3,4971,T
5-NP,964,7,2,6,4900,4915,C
5-NP,965,3,2,0,4925,4930,C
5-NP,966,4868,7,4,0,4879,A
5-NP,967,0,0,4908,0,4908,G
5-NP,968,0,1,0,4900,4901,C
5-NP,969,4932,1,0,0,4933,A
5-NP,970,0,1,0,4945,4946,C
5-NP,971,4887,1,4,1,4893,A
5-NP,972,0,2,0,4897,4899,C
5-NP,973,4900,1,4,0,4905,A
5-NP,974,4931,1,3,0,4935,A
5-NP,975,0,6,4943,0,4949,G
5-NP,976,4902,0,5,0,4907,A
5-NP,977,9,1,4909,0,4919,G
5-NP,978,0,4844,1,2,4847,T
5-NP,979,9,0,0,4832,4841,C
5-NP,980,4825,0,7,0,4832,A
5-NP,981,2,3,4824,0,4829,G
5-NP,982,0,2,0,4822,4824,C
5-NP,983,1,4775,0,6,4782,T
5-NP,984,2,7,4831,0,4840,G
5-NP,985,1,0,4851,0,4852,G
5-NP,986,1,4821,1,1,4824,T
5-NP,987,1,0,4864,0,4865,G
5-NP,988,0,4827,0,0,4827,T
5-NP,989,2,11,4813,1,4827,G
5-NP,990,2,3,4826,0,4831,G
5-NP,991,4798,1,8,0,4807,A
5-NP,992,0,4822,0,0,4822,T
5-NP,993,4,8,4643,0,4655,G
5-NP,994,2,3,4636,0,4641,G
5-NP,995,0,0,0,4629,4629,C
5-NP,996,4599,3,4,0,4606,A
5-NP,997,1,4603,0,4,4608,T
5-NP,998,3,0,4583,0,4586,G
5-NP,999,2,3,0,4637,4642,C
5-NP,1000,7,2,0,4635,4644,C
5-NP,1001,4663,0,2,0,4665,A
5-NP,1002,0,4648,0,3,4651,T
5-NP,1003,2,4603,0,1,4606,T
5-NP,1004,5,3,1,4613,4622,C
5-NP,1005,0,4585,0,2,4587,T
5-NP,1006,9,2,4589,0,4600,G
5-NP,1007,3,0,0,4589,4592,C
5-NP,1008,0,4479,1,3,4483,T
5-NP,1009,2,1,4511,0,4514,G
5-NP,1010,0,1,1,4482,4484,C
5-NP,1011,4483,1,0,0,4484,A
5-NP,1012,0,4488,1,1,4490,T
5-NP,1013,1,4457,0,1,4459,T
5-NP,1014,0,4459,0,1,4460,T
5-NP,1015,1,9,4444,1,4455,G
5-NP,1016,4448,1,3,0,4452,A
5-NP,1017,4443,0,9,0,4452,A
5-NP,1018,0,7,4469,0,4476,G
5-NP,1019,4461,0,1,0,4462,A
5-NP,1020,1,4429,1,1,4432,T
5-NP,1021,1,4428,0,0,4429,T
5-NP,1022,2,4435,1,0,4438,T
5-NP,1023,4436,1,1,0,4438,A
5-NP,1024,4439,2,4,0,4445,A
5-NP,1025,1,3,4439,0,4443,G
5-NP,1026,4433,0,2,0,4435,A
5-NP,1027,2,4418,0,2,4422,T
5-NP,1028,2,4316,0,0,4318,T
5-NP,1029,0,0,4349,0,4349,G
5-NP,1030,0,4349,1,3,4353,T
5-NP,1031,1,4341,0,3,4345,T
5-NP,1032,4341,3,3,0,4347,A
5-NP,1033,4350,0,1,0,4351,A
5-NP,1034,1,2,4364,0,4367,G
5-NP,1035,2,1,0,4377,4380,C
5-NP,1036,0,4295,1,7,4303,T
5-NP,1037,1,4319,0,3,4323,T
5-NP,1038,9,0,0,4328,4337,C
5-NP,1039,4333,0,5,0,4338,A
5-NP,1040,1,4328,2,3,4334,T
5-NP,1041,6,1,0,4328,4335,C
5-NP,1042,4273,1,5,0,4279,A
5-NP,1043,0,5,4271,0,4276,G
5-NP,1044,4228,1,6,1,4236,A
5-NP,1045,0,1,4242,1,4244,G
5-NP,1046,2,7,4235,0,4244,G
5-NP,1047,0,6,4225,0,4231,G
5-NP,1048,4219,1,11,0,4231,A
5-NP,1049,2,7,0,4221,4230,C
5-NP,1050,4235,1,0,0,4236,A
5-NP,1051,4243,0,2,1,4246,A
5-NP,1052,4245,0,2,1,4248,A
5-NP,1053,4249,0,5,0,4254,A
5-NP,1054,0,0,4271,0,4271,G
5-NP,1055,1,4168,0,3,4172,T
5-NP,1056,4151,0,1,0,4152,A
5-NP,1057,0,4136,1,7,4144,T
5-NP,1058,6,1,0,4117,4124,C
5-NP,1059,0,4107,0,2,4109,T
5-NP,1060,8,0,0,4121,4129,C
5-NP,1061,3,1,0,4096,4100,C
5-NP,1062,1,4063,0,3,4067,T
5-NP,1063,5,1,0,4056,4062,C
5-NP,1064,2,5,4040,0,4047,G
5-NP,1065,1,5,4049,0,4055,G
5-NP,1066,0,4,4065,0,4069,G
5-NP,1067,0,4,4058,1,4063,G
5-NP,1068,4,4,4044,0,4052,G
5-NP,1069,3976,2,3,0,3981,A
5-NP,1070,3984,1,1,0,3986,A
5-NP,1071,3982,1,3,1,3987,A
5-NP,1072,2,1,0,4009,4012,C
5-NP,1073,1,3987,0,2,3990,T
5-NP,1074,0,1,4011,0,4012,G
5-NP,1075,1,3981,1,1,3984,T
5-NP,1076,10,1,1,3971,3983,C
5-NP,1077,4031,0,3,0,4034,A
5-NP,1078,4044,0,1,0,4045,A
5-NP,1079,2,1,0,4051,4054,C
5-NP,1080,0,4050,0,0,4050,T
5-NP,1081,3985,0,0,0,3985,A
5-NP,1082,0,1,3991,0,3992,G
5-NP,1083,3908,2,3,0,3913,A
5-NP,1084,1,3,3915,0,3919,G
5-NP,1085,0,0,3918,0,3918,G
5-NP,1086,3762,0,2,1,3765,A
5-NP,1087,6,0,3823,1,3830,G
5-NP,1088,0,3781,0,2,3783,T
5-NP,1089,3783,2,4,0,3789,A
5-NP,1090,2,2,0,3788,3792,C
5-NP,1091,3739,0,0,0,3739,A
5-NP,1092,3732,0,3,0,3735,A
5-NP,1093,3709,0,0,0,3709,A
5-NP,1094,1,3677,0,2,3680,T
5-NP,1095,0,3651,0,0,3651,T
5-NP,1096,0,1,3545,0,3546,G
5-NP,1097,1,0,0,3501,3502,C
5-NP,1098,0,3493,0,1,3494,T
5-NP,1099,2,3486,0,2,3490,T
5-NP,1100,8,2,0,3486,3496,C
5-NP,1101,3496,1,1,0,3498,A
5-NP,1102,3499,2,1,1,3503,A
5-NP,1103,3499,1,1,0,3501,A
5-NP,1104,0,3499,0,0,3499,T
5-NP,1105,0,5,3491,0,3496,G
5-NP,1106,3422,1,5,0,3428,A
5-NP,1107,0,4,3436,0,3440,G
5-NP,1108,3450,1,2,0,3453,A
5-NP,1109,3445,1,1,0,3447,A
5-NP,1110,0,0,0,3453,3453,C
5-NP,1111,3422,0,0,0,3422,A
5-NP,1112,0,3411,1,0,3412,T
5-NP,1113,0,4,3465,0,3469,G
5-NP,1114,0,5,3483,0,3488,G
5-NP,1115,3490,0,0,0,3490,A
5-NP,1116,0,3437,0,1,3438,T
5-NP,1117,3404,1,2,0,3407,A
5-NP,1118,3605,0,0,0,3605,A
5-NP,1119,0,3517,0,0,3517,T
5-NP,1120,3510,0,2,0,3512,A
5-NP,1121,1,3489,0,1,3491,T
5-NP,1122,2,3,3233,1,3239,G
5-NP,1123,0,3,3191,0,3194,G
5-NP,1124,1,0,3176,0,3177,G
5-NP,1125,3166,1,0,0,3167,A
5-NP,1126,2,3162,0,0,3164,T
5-NP,1127,6,2,0,2556,2564,C
5-NP,1128,0,6,2557,0,2563,G
5-NP,1129,2559,0,2,0,2561,A
5-NP,1130,2,0,2563,0,2565,G
5-NP,1131,2,1,0,2552,2555,C
5-NP,1132,2517,0,3,0,2520,A
5-NP,1133,0,1,0,2632,2633,C
5-NP,1134,1,2600,0,2,2603,T
5-NP,1135,4,0,0,2609,2613,C
5-NP,1136,0,2599,4,1,2604,T
5-NP,1137,1,2569,0,1,2571,T
5-NP,1138,1,4,2574,0,2579,G
5-NP,1139,2562,0,2,0,2564,A
5-NP,1140,2576,0,0,0,2576,A
5-NP,1141,1,2,0,2571,2574,C
5-NP,1142,0,2041,0,4,2045,T
5-NP,1143,0,3,2049,0,2052,G
5-NP,1144,1994,0,4,0,1998,A
5-NP,1145,0,1,2004,0,2005,G
5-NP,1146,2004,0,2,0,2006,A
5-NP,1147,1989,0,0,0,1989,A
5-NP,1148,0,1,1995,0,1996,G
5-NP,1149,0,0,0,1951,1951,C
5-NP,1150,1,2,1942,0,1945,G
5-NP,1151,0,0,1957,0,1957,G
5-NP,1152,0,1,1945,0,1946,G
5-NP,1153,0,1942,0,1,1943,T
5-NP,1154,1913,0,1,0,1914,A
5-NP,1155,0,3,0,1911,1914,C
5-NP,1156,0,1669,0,0,1669,T
5-NP,1157,3,4,1662,0,1669,G
5-NP,1158,1,0,1654,0,1655,G
5-NP,1159,0,1,1651,0,1652,G
5-NP,1160,0,1,0,1640,1641,C
5-NP,1161,3,1,0,1556,1560,C
5-NP,1162,1567,1,1,0,1569,A
5-NP,1163,0,1565,0,1,1566,T
5-NP,1164,1566,0,2,1,1569,A
5-NP,1165,1569,1,0,0,1570,A
5-NP,1166,0,1,1546,0,1547,G
5-NP,1167,0,0,1590,0,1590,G
5-NP,1168,1561,0,1,0,1562,A
5-NP,1169,0,0,0,1570,1570,C
5-NP,1170,1,0,0,1563,1564,C
5-NP,1171,1555,0,1,0,1556,A
5-NP,1172,0,2,1591,0,1593,G
5-NP,1173,0,2,1599,0,1601,G
5-NP,1174,1594,0,0,0,1594,A
5-NP,1175,1,0,1604,0,1605,G
5-NP,1176,0,1540,0,4,1544,T
5-NP,1177,0,0,1549,0,1549,G
5-NP,1178,0,1,1559,0,1560,G
5-NP,1179,1565,0,2,0,1567,A
5-NP,1180,0,0,1571,0,1571,G
5-NP,1181,0,1,1551,0,1552,G
5-NP,1182,1536,1,0,0,1537,A
5-NP,1183,1530,1,4,1,1536,A
5-NP,1184,1523,1,3,0,1527,A
5-NP,1185,0,1,0,1530,1531,C
5-NP,1186,1528,0,1,0,1529,A
5-NP,1187,0,2,0,1557,1559,C
5-NP,1188,0,1527,0,1,1528,T
5-NP,1189,1562,0,2,1,1565,A
5-NP,1190,1566,0,1,0,1567,A
5-NP,1191,1,1563,0,1,1565,T
5-NP,1192,2,0,0,1577,1579,C
5-NP,1193,1566,0,2,0,1568,A
5-NP,1194,1596,0,1,0,1597,A
5-NP,1195,5,0,0,1592,1597,C
5-NP,1196,1563,0,1,0,1564,A
5-NP,1197,0,0,1565,0,1565,G
5-NP,1198,1517,0,2,0,1519,A
5-NP,1199,0,1,1525,0,1526,G
5-NP,1200,1,0,1526,0,1527,G
5-NP,1201,0,0,1516,0,1516,G
5-NP,1202,1,1,1,1513,1516,C
5-NP,1203,1,0,0,1488,1489,C
5-NP,1204,0,1468,0,0,1468,T
5-NP,1205,0,0,0,1494,1494,C
5-NP,1206,1,1,0,1493,1495,C
5-NP,1207,2,0,1491,1,1494,G
5-NP,1208,0,1,0,1489,1490,C
5-NP,1209,1468,0,4,0,1472,A
5-NP,1210,0,1,1538,0,1539,G
5-NP,1211,0,0,1536,0,1536,G
5-NP,1212,0,0,0,1541,1541,C
5-NP,1213,0,0,1,1542,1543,C
5-NP,1214,1525,0,0,0,1525,A
5-NP,1215,1534,0,1,0,1535,A
5-NP,1216,1533,0,2,0,1535,A
5-NP,1217,0,0,0,1545,1545,C
5-NP,1218,0,0,0,1545,1545,C
5-NP,1219,1460,0,1,0,1461,A
5-NP,1220,0,1,1483,0,1484,G
5-NP,1221,0,1482,0,0,1482,T
5-NP,1222,0,0,1485,0,1485,G
5-NP,1223,0,1481,0,1,1482,T
5-NP,1224,0,0,1471,0,1471,G
5-NP,1225,0,1,0,1474,1475,C
5-NP,1226,1467,0,0,0,1467,A
5-NP,1227,1494,1,1,0,1496,A
5-NP,1228,0,0,0,1493,1493,C
5-NP,1229,0,0,0,1482,1482,C
5-NP,1230,0,1468,1,2,1471,T
5-NP,1231,1471,0,2,0,1473,A
5-NP,1232,0,2,0,1469,1471,C
5-NP,1233,0,0,1473,0,1473,G
5-NP,1234,0,1465,0,1,1466,T
5-NP,1235,0,1481,0,1,1482,T
5-NP,1236,1,1467,1,0,1469,T
5-NP,1237,0,1464,0,0,1464,T
5-NP,1238,1,1,0,1461,1463,C
5-NP,1239,1,1441,0,0,1442,T
5-NP,1240,0,0,1467,0,1467,G
5-NP,1241,0,1463,0,1,1464,T
5-NP,1242,1461,0,0,0,1461,A
5-NP,1243,0,0,0,1477,1477,C
5-NP,1244,1457,0,0,0,1457,A
5-NP,1245,1455,0,0,0,1455,A
5-NP,1246,1453,1,0,0,1454,A
5-NP,1247,0,2,1461,0,1463,G
5-NP,1248,1456,0,1,0,1457,A
5-NP,1249,1421,0,0,0,1421,A
5-NP,1250,1421,1,1,0,1423,A
5-NP,1251,0,0,0,1428,1428,C
5-NP,1252,0,0,0,1413,1413,C
5-NP,1253,0,1401,0,5,1406,T
5-NP,1254,2,0,0,1408,1410,C
5-NP,1255,2,0,0,1407,1409,C
5-NP,1256,2,1,1,1406,1410,C
5-NP,1257,1410,0,0,0,1410,A
5-NP,1258,0,1404,0,2,1406,T
5-NP,1259,0,1412,0,0,1412,T
5-NP,1260,0,1413,0,0,1413,T
5-NP,1261,0,1,1414,1,1416,G
5-NP,1262,1412,0,0,0,1412,A
5-NP,1263,1408,0,0,0,1408,A
5-NP,1264,1412,0,0,0,1412,A
5-NP,1265,1410,0,1,0,1411,A
5-NP,1266,0,0,1420,0,1420,G
5-NP,1267,0,1414,0,0,1414,T
5-NP,1268,5,1,0,1413,1419,C
5-NP,1269,1416,0,0,0,1416,A
5-NP,1270,1424,2,0,0,1426,A
5-NP,1271,1,0,0,1426,1427,C
5-NP,1272,4,0,1,1439,1444,C
5-NP,1273,1446,0,0,0,1446,A
5-NP,1274,0,1449,0,1,1450,T
5-NP,1275,0,0,0,1433,1433,C
5-NP,1276,1422,0,0,0,1422,A
5-NP,1277,0,1426,0,1,1427,T
5-NP,1278,0,0,1430,0,1430,G
5-NP,1279,0,0,1430,0,1430,G
5-NP,1280,0,1,0,1425,1426,C
5-NP,1281,1387,0,1,0,1388,A
5-NP,1282,1,0,1389,0,1390,G
5-NP,1283,1,2,0,1382,1385,C
5-NP,1284,1391,0,0,0,1391,A
5-NP,1285,1,1383,1,0,1385,T
5-NP,1286,0,1380,0,0,1380,T
5-NP,1287,1,0,0,1387,1388,C
5-NP,1288,1379,0,0,0,1379,A
5-NP,1289,0,0,0,1386,1386,C
5-NP,1290,1,1378,0,1,1380,T
5-NP,1291,0,0,1388,0,1388,G
5-NP,1292,2,1,1383,0,1386,G
5-NP,1293,1381,0,0,0,1381,A
5-NP,1294,1383,0,0,1,1384,A
5-NP,1295,1385,1,2,0,1388,A
5-NP,1296,0,1374,0,1,1375,T
5-NP,1297,1380,1,0,0,1381,A
5-NP,1298,1,3,0,1367,1371,C
5-NP,1299,2,3,1358,0,1363,G
5-NP,1300,0,3,1354,0,1357,G
5-NP,1301,1351,0,1,0,1352,A
5-NP,1302,1340,0,0,0,1340,A
5-NP,1303,0,1,1342,0,1343,G
5-NP,1304,0,2,1355,0,1357,G
5-NP,1305,1358,0,1,0,1359,A
5-NP,1306,1352,0,0,0,1352,A
5-NP,1307,0,7,1349,0,1356,G
5-NP,1308,1354,0,0,0,1354,A
5-NP,1309,1352,1,0,0,1353,A
5-NP,1310,0,0,0,1366,1366,C
5-NP,1311,0,1350,1,0,1351,T
5-NP,1312,0,1366,0,1,1367,T
5-NP,1313,2,0,0,1357,1359,C
5-NP,1314,1355,0,5,0,1360,A
5-NP,1315,0,2,1358,0,1360,G
5-NP,1316,1353,0,4,0,1357,A
5-NP,1317,0,0,0,1359,1359,C
5-NP,1318,1349,0,0,0,1349,A
5-NP,1319,1,1315,0,0,1316,T
5-NP,1320,0,2,1312,0,1314,G
5-NP,1321,1297,0,2,0,1299,A
5-NP,1322,0,3,1307,0,1310,G
5-NP,1323,0,5,1299,0,1304,G
5-NP,1324,0,0,1300,0,1300,G
5-NP,1325,0,1,0,1298,1299,C
5-NP,1326,1284,0,3,0,1287,A
5-NP,1327,0,2,1289,0,1291,G
5-NP,1328,1283,0,1,1,1285,A
5-NP,1329,1288,1,1,0,1290,A
5-NP,1330,1290,1,2,1,1294,A
5-NP,1331,0,1294,1,1,1296,T
5-NP,1332,5,0,0,1299,1304,C
5-NP,1333,1303,0,1,0,1304,A
5-NP,1334,0,1297,0,0,1297,T
5-NP,1335,1298,0,1,1,1300,A
5-NP,1336,1285,0,1,0,1286,A
5-NP,1337,0,2,1295,0,1297,G
5-NP,1338,1271,0,0,0,1271,A
5-NP,1339,1280,0,0,0,1280,A
5-NP,1340,0,1254,0,1,1255,T
5-NP,1341,0,3,1241,0,1244,G
5-NP,1342,1244,1,1,0,1246,A
5-NP,1343,0,1238,0,0,1238,T
5-NP,1344,0,0,1241,0,1241,G
5-NP,1345,1,1,1238,1,1241,G
5-NP,1346,1220,0,0,0,1220,A
5-NP,1347,1218,0,1,0,1219,A
5-NP,1348,1177,0,1,0,1178,A
5-NP,1349,0,0,1194,0,1194,G
5-NP,1350,0,1190,0,0,1190,T
5-NP,1351,1,0,1191,0,1192,G
5-NP,1352,0,0,0,1186,1186,C
5-NP,1353,1190,0,0,0,1190,A
5-NP,1354,1187,0,0,0,1187,A
5-NP,1355,1188,1,0,0,1189,A
5-NP,1356,1194,0,2,0,1196,A
5-NP,1357,0,2,0,1193,1195,C
5-NP,1358,3,1,0,1178,1182,C
5-NP,1359,1172,0,0,0,1172,A
5-NP,1360,0,3,1170,0,1173,G
5-NP,1361,1165,3,0,1,1169,A
5-NP,1362,1169,0,0,0,1169,A
5-NP,1363,0,0,1170,0,1170,G
5-NP,1364,1165,0,0,0,1165,A
5-NP,1365,1140,0,0,0,1140,A
5-NP,1366,0,0,1144,0,1144,G
5-NP,1367,0,1131,0,1,1132,T
5-NP,1368,0,1,1138,0,1139,G
5-NP,1369,0,1132,0,1,1133,T
5-NP,1370,5,0,0,1127,1132,C
5-NP,1371,1135,0,0,0,1135,A
5-NP,1372,1,1132,0,1,1134,T
5-NP,1373,0,1134,1,0,1135,T
5-NP,1374,2,0,0,1134,1136,C
5-NP,1375,2,0,0,1116,1118,C
5-NP,1376,0,1,1116,0,1117,G
5-NP,1377,1098,0,0,0,1098,A
5-NP,1378,0,1,1112,0,1113,G
5-NP,1379,0,2,1119,0,1121,G
5-NP,1380,0,2,1114,0,1116,G
5-NP,1381,1090,0,4,0,1094,A
5-NP,1382,0,1,1096,0,1097,G
5-NP,1383,0,2,1091,0,1093,G
5-NP,1384,0,1,1092,1,1094,G
5-NP,1385,1,1,1091,0,1093,G
5-NP,1386,1077,1,1,0,1079,A
5-NP,1387,0,0,1078,0,1078,G
5-NP,1388,1,1052,0,1,1054,T
5-NP,1389,1,0,0,1043,1044,C
5-NP,1390,0,1050,0,1,1051,T
5-NP,1391,0,1049,0,0,1049,T
5-NP,1392,2,0,0,1051,1053,C
5-NP,1393,0,1,1053,0,1054,G
5-NP,1394,1050,0,0,0,1050,A
5-NP,1395,0,0,1058,0,1058,G
5-NP,1396,0,0,0,1037,1037,C
5-NP,1397,0,1033,0,2,1035,T
5-NP,1398,1,0,0,1035,1036,C
5-NP,1399,0,1030,0,2,1032,T
5-NP,1400,0,0,0,1041,1041,C
5-NP,1401,1040,0,0,0,1040,A
5-NP,1402,0,2,1043,0,1045,G
5-NP,1403,1043,0,1,0,1044,A
5-NP,1404,0,1,0,1040,1041,C
5-NP,1405,0,2,1034,0,1036,G
5-NP,1406,1016,1,2,0,1019,A
5-NP,1407,0,1,1017,1,1019,G
5-NP,1408,1013,0,0,0,1013,A
5-NP,1409,1011,1,0,0,1012,A
5-NP,1410,0,1,1007,0,1008,G
5-NP,1411,0,1,1009,0,1010,G
5-NP,1412,1,0,0,1007,1008,C
5-NP,1413,1005,0,1,0,1006,A
5-NP,1414,1003,0,3,1,1007,A
5-NP,1415,0,0,0,1004,1004,C
5-NP,1416,1,2,1002,0,1005,G
5-NP,1417,1002,0,0,0,1002,A
5-NP,1418,1003,1,1,0,1005,A
5-NP,1419,1,0,0,998,999,C
5-NP,1420,3,1,0,991,995,C
5-NP,1421,2,0,0,980,982,C
5-NP,1422,0,1,981,1,983,G
5-NP,1423,986,0,0,0,986,A
5-NP,1424,1,979,0,1,981,T
5-NP,1425,0,0,0,967,967,C
5-NP,1426,0,0,969,0,969,G
5-NP,1427,1,963,0,0,964,T
5-NP,1428,1,0,964,0,965,G
5-NP,1429,0,0,0,961,961,C
5-NP,1430,9,1,0,946,956,C
5-NP,1431,1,0,0,954,955,C
5-NP,1432,0,947,0,1,948,T
5-NP,1433,1,0,0,964,965,C
5-NP,1434,0,963,1,1,965,T
5-NP,1435,0,958,2,0,960,T
5-NP,1436,0,960,0,0,960,T
5-NP,1437,0,953,0,0,953,T
5-NP,1438,0,1,952,1,954,G
5-NP,1439,951,0,0,0,951,A
5-NP,1440,0,939,0,0,939,T
5-NP,1441,931,0,0,0,931,A
5-NP,1442,0,783,0,0,783,T
5-NP,1443,0,3,787,0,790,G
5-NP,1444,783,0,0,0,783,A
5-NP,1445,0,0,786,0,786,G
5-NP,1446,0,783,0,0,783,T
5-NP,1447,755,0,0,0,755,A
5-NP,1448,754,0,0,0,754,A
5-NP,1449,0,751,1,0,752,T
5-NP,1450,0,0,751,0,751,G
5-NP,1451,748,0,0,0,748,A
5-NP,1452,655,0,1,0,656,A
5-NP,1453,0,0,653,0,653,G
5-NP,1454,0,1,609,0,610,G
5-NP,1455,605,0,0,0,605,A
5-NP,1456,0,605,0,0,605,T
5-NP,1457,0,0,0,604,604,C
5-NP,1458,2,593,0,1,596,T
5-NP,1459,0,596,0,0,596,T
5-NP,1460,597,0,0,0,597,A
5-NP,1461,0,596,0,0,596,T
5-NP,1462,0,580,0,1,581,T
5-NP,1463,0,573,0,0,573,T
5-NP,1464,1,1,0,552,554,C
5-NP,1465,0,536,0,0,536,T
5-NP,1466,0,535,0,0,535,T
5-NP,1467,0,0,0,535,535,C
5-NP,1468,0,3,527,0,530,G
5-NP,1469,0,1,529,0,530,G
5-NP,1470,526,0,1,0,527,A
5-NP,1471,0,0,528,0,528,G
5-NP,1472,526,1,0,0,527,A
5-NP,1473,0,0,0,523,523,C
5-NP,1474,490,1,0,0,491,A
5-NP,1475,491,0,1,0,492,A
5-NP,1476,1,488,0,1,490,T
5-NP,1477,0,0,491,0,491,G
5-NP,1478,1,0,0,489,490,C
5-NP,1479,477,0,1,0,478,A
5-NP,1480,0,0,478,0,478,G
5-NP,1481,474,0,0,3,477,A
5-NP,1482,434,0,0,0,434,A
5-NP,1483,0,1,431,0,432,G
5-NP,1484,311,1,1,0,313,A
5-NP,1485,0,0,310,0,310,G
5-NP,1486,0,273,0,0,273,T
5-NP,1487,273,0,0,0,273,A
5-NP,1488,0,249,0,0,249,T
5-NP,1489,0,0,251,0,251,G
5-NP,1490,251,0,0,0,251,A
5-NP,1491,0,0,0,248,248,C
5-NP,1492,160,0,0,0,160,A
5-NP,1493,158,0,0,0,158,A
5-NP,1494,0,113,0,0,113,T
5-NP,1495,0,110,0,0,110,T
5-NP,1496,110,0,0,0,110,A
5-NP,1497,106,0,0,0,106,A
6-NA,1,290,0,0,0,290,A
6-NA,2,0,291,0,0,291,T
6-NA,3,0,0,291,0,291,G
6-NA,4,290,0,3,0,293,A
6-NA,5,313,0,0,0,313,A
6-NA,6,0,313,0,0,313,T
6-NA,7,0,1,0,312,313,C
6-NA,8,3,0,0,311,314,C
6-NA,9,316,0,0,0,316,A
6-NA,10,327,1,0,0,328,A
6-NA,11,331,0,0,0,331,A
6-NA,12,0,338,0,0,338,T
6-NA,13,0,0,0,339,339,C
6-NA,14,338,0,0,0,338,A
6-NA,15,349,0,0,0,349,A
6-NA,16,350,0,0,0,350,A
6-NA,17,370,0,0,0,370,A
6-NA,18,0,0,430,0,430,G
6-NA,19,443,0,0,0,443,A
6-NA,20,1,455,0,0,456,T
6-NA,21,460,0,0,0,460,A
6-NA,22,464,0,0,0,464,A
6-NA,23,0,470,0,2,472,T
6-NA,24,472,0,0,0,472,A
6-NA,25,475,0,0,0,475,A
6-NA,26,0,0,0,501,501,C
6-NA,27,0,1,518,1,520,G
6-NA,28,521,0,0,0,521,A
6-NA,29,0,521,0,0,521,T
6-NA,30,0,520,0,0,520,T
6-NA,31,2,2,523,0,527,G
6-NA,32,1,0,561,0,562,G
6-NA,33,0,0,0,563,563,C
6-NA,34,0,561,0,2,563,T
6-NA,35,1,0,0,583,584,C
6-NA,36,0,585,0,0,585,T
6-NA,37,0,0,611,0,611,G
6-NA,38,0,614,2,0,616,T
6-NA,39,0,621,0,0,621,T
6-NA,40,0,653,0,1,654,T
6-NA,41,0,0,0,662,662,C
6-NA,42,0,661,0,0,661,T
6-NA,43,1,1,0,661,663,C
6-NA,44,0,665,0,0,665,T
6-NA,45,0,0,0,677,677,C
6-NA,46,677,0,0,0,677,A
6-NA,47,0,0,0,717,717,C
6-NA,48,0,0,0,721,721,C
6-NA,49,722,0,0,0,722,A
6-NA,50,0,734,0,0,734,T
6-NA,51,0,753,0,1,754,T
6-NA,52,0,762,0,0,762,T
6-NA,53,0,1,0,782,783,C
6-NA,54,0,0,0,784,784,C
6-NA,55,788,0,0,0,788,A
6-NA,56,0,0,0,833,833,C
6-NA,57,831,0,0,0,831,A
6-NA,58,908,0,0,0,908,A
6-NA,59,0,910,0,0,910,T
6-NA,60,955,0,1,0,956,A
6-NA,61,0,957,0,2,959,T
6-NA,62,0,0,963,0,963,G
6-NA,63,0,0,0,962,962,C
6-NA,64,0,959,0,0,959,T
6-NA,65,0,980,0,0,980,T
6-NA,66,1,0,0,979,980,C
6-NA,67,0,977,0,0,977,T
6-NA,68,1,976,0,1,978,T
6-NA,69,0,0,0,975,975,C
6-NA,70,976,1,0,0,977,A
6-NA,71,0,976,0,3,979,T
6-NA,72,0,1,977,0,978,G
6-NA,73,0,0,0,987,987,C
6-NA,74,985,0,0,0,985,A
6-NA,75,988,0,0,0,988,A
6-NA,76,989,0,0,0,989,A
6-NA,77,0,1009,0,0,1009,T
6-NA,78,0,1010,0,0,1010,T
6-NA,79,2,0,1009,0,1011,G
6-NA,80,0,0,0,1013,1013,C
6-NA,81,1,0,0,1017,1018,C
6-NA,82,1025,0,2,0,1027,A
6-NA,83,0,1030,0,0,1030,T
6-NA,84,0,0,0,1106,1106,C
6-NA,85,0,1104,2,0,1106,T
6-NA,86,0,1108,0,0,1108,T
6-NA,87,0,2,1138,0,1140,G
6-NA,88,1139,0,0,0,1139,A
6-NA,89,0,1145,0,2,1147,T
6-NA,90,1152,0,0,0,1152,A
6-NA,91,1153,0,0,0,1153,A
6-NA,92,0,0,0,1314,1314,C
6-NA,93,0,1307,0,0,1307,T
6-NA,94,1326,0,2,0,1328,A
6-NA,95,0,0,0,1365,1365,C
6-NA,96,0,1360,0,0,1360,T
6-NA,97,1,0,1383,0,1384,G
6-NA,98,0,1384,0,2,1386,T
6-NA,99,1384,0,1,0,1385,A
6-NA,100,1402,0,0,0,1402,A
6-NA,101,0,0,0,1385,1385,C
6-NA,102,1367,0,0,0,1367,A
6-NA,103,0,1387,0,1,1388,T
6-NA,104,0,1370,0,0,1370,T
6-NA,105,1,1,1364,3,1369,G
6-NA,106,0,1,0,1370,1371,C
6-NA,107,1390,0,0,0,1390,A
6-NA,108,0,1398,0,0,1398,T
6-NA,109,0,1392,0,0,1392,T
6-NA,110,0,1392,0,0,1392,T
6-NA,111,2,0,0,1390,1392,C
6-NA,112,1386,0,1,0,1387,A
6-NA,113,1409,0,2,0,1411,A
6-NA,114,1,0,1410,1,1412,G
6-NA,115,0,0,0,1424,1424,C
6-NA,116,1417,0,0,0,1417,A
6-NA,117,1465,1,2,0,1468,A
6-NA,118,0,1488,0,0,1488,T
6-NA,119,1488,0,1,0,1489,A
6-NA,120,0,1487,0,0,1487,T
6-NA,121,0,4,1524,0,1528,G
6-NA,122,1523,2,1,0,1526,A
6-NA,123,1543,0,0,0,1543,A
6-NA,124,0,1547,0,0,1547,T
6-NA,125,1,1545,0,2,1548,T
6-NA,126,0,4,0,1542,1546,C
6-NA,127,1537,2,1,0,1540,A
6-NA,128,1545,0,4,0,1549,A
6-NA,129,0,1,0,1555,1556,C
6-NA,130,0,1538,0,3,1541,T
6-NA,131,3,0,0,1540,1543,C
6-NA,132,1,0,0,1552,1553,C
6-NA,133,1,0,0,1584,1585,C
6-NA,134,1,0,0,1593,1594,C
6-NA,135,3,0,0,1595,1598,C
6-NA,136,3,0,0,1611,1614,C
6-NA,137,5,0,0,1610,1615,C
6-NA,138,1615,0,0,0,1615,A
6-NA,139,1614,0,0,0,1614,A
6-NA,140,1618,0,0,0,1618,A
6-NA,141,0,0,0,1670,1670,C
6-NA,142,1654,1,0,0,1655,A
6-NA,143,1690,0,1,0,1691,A
6-NA,144,2,0,0,1689,1691,C
6-NA,145,2,1,0,1688,1691,C
6-NA,146,1729,1,1,0,1731,A
6-NA,147,1733,0,3,1,1737,A
6-NA,148,0,0,1777,0,1777,G
6-NA,149,0,1774,0,1,1775,T
6-NA,150,1,3,1763,0,1767,G
6-NA,151,1800,1,0,0,1801,A
6-NA,152,0,1786,0,1,1787,T
6-NA,153,0,1,1789,0,1790,G
6-NA,154,0,0,1,1791,1792,C
6-NA,155,0,1778,0,4,1782,T
6-NA,156,0,1,1922,0,1923,G
6-NA,157,0,1913,0,0,1913,T
6-NA,158,1,0,1928,0,1929,G
6-NA,159,0,1931,0,1,1932,T
6-NA,160,0,6,1924,0,1930,G
6-NA,161,1943,1,3,0,1947,A
6-NA,162,1950,0,1,0,1951,A
6-NA,163,3,0,0,1950,1953,C
6-NA,164,7,1,0,1947,1955,C
6-NA,165,1926,0,0,0,1926,A
6-NA,166,1938,0,2,0,1940,A
6-NA,167,0,0,1,1941,1942,C
6-NA,168,1933,0,0,0,1933,A
6-NA,169,2,0,1921,0,1923,G
6-NA,170,0,2074,0,0,2074,T
6-NA,171,2079,0,1,0,2080,A
6-NA,172,2081,0,3,0,2084,A
6-NA,173,0,2083,0,1,2084,T
6-NA,174,2080,0,1,0,2081,A
6-NA,175,1,3,2086,0,2090,G
6-NA,176,2062,0,4,1,2067,A
6-NA,177,2069,0,1,0,2070,A
6-NA,178,2021,0,1,0,2022,A
6-NA,179,0,5,2038,1,2044,G
6-NA,180,2084,0,2,0,2086,A
6-NA,181,2089,0,0,0,2089,A
6-NA,182,2155,2,8,0,2165,A
6-NA,183,0,1,0,2176,2177,C
6-NA,184,2169,0,0,0,2169,A
6-NA,185,1,2193,0,0,2194,T
6-NA,186,2216,0,1,0,2217,A
6-NA,187,2229,1,2,0,2232,A
6-NA,188,0,0,0,2256,2256,C
6-NA,189,2238,0,0,0,2238,A
6-NA,190,0,4,2311,0,2315,G
6-NA,191,2283,0,1,0,2284,A
6-NA,192,0,2,2300,0,2302,G
6-NA,193,2310,1,2,1,2314,A
6-NA,194,0,2401,0,0,2401,T
6-NA,195,2364,0,26,1,2391,A
6-NA,196,0,0,2450,0,2450,G
6-NA,197,0,2434,0,0,2434,T
6-NA,198,1,1,2481,0,2483,G
6-NA,199,0,2479,0,0,2479,T
6-NA,200,2477,1,1,1,2480,A
6-NA,201,0,2478,0,1,2479,T
6-NA,202,0,0,0,2471,2471,C
6-NA,203,0,2442,0,4,2446,T
6-NA,204,2,10,2495,1,2508,G
6-NA,205,2494,0,4,0,2498,A
6-NA,206,0,0,0,2495,2495,C
6-NA,207,2,0,0,2491,2493,C
6-NA,208,2483,0,0,0,2483,A
6-NA,209,2503,0,1,1,2505,A
6-NA,210,0,3,0,2543,2546,C
6-NA,211,2546,1,1,0,2548,A
6-NA,212,0,8,0,2623,2631,C
6-NA,213,0,0,0,2620,2620,C
6-NA,214,2674,1,1,0,2676,A
6-NA,215,1,0,0,2777,2778,C
6-NA,216,5,0,0,2762,2767,C
6-NA,217,2784,0,0,0,2784,A
6-NA,218,0,2783,0,1,2784,T
6-NA,219,2766,0,0,0,2766,A
6-NA,220,2,4,2766,0,2772,G
6-NA,221,2736,0,0,0,2736,A
6-NA,222,1,2,2768,1,2772,G
6-NA,223,2725,0,3,0,2728,A
6-NA,224,2706,1,1,0,2708,A
6-NA,225,0,4,2712,0,2716,G
6-NA,226,0,7,2722,0,2729,G
6-NA,227,2735,1,2,0,2738,A
6-NA,228,2737,0,2,0,2739,A
6-NA,229,2745,0,0,0,2745,A
6-NA,230,0,2739,0,1,2740,T
6-NA,231,2718,0,0,0,2718,A
6-NA,232,0,2710,0,1,2711,T
6-NA,233,0,3,2714,0,2717,G
6-NA,234,2,1,0,2736,2739,C
6-NA,235,4,1,1,2709,2715,C
6-NA,236,3,0,0,2720,2723,C
6-NA,237,2,0,0,2728,2730,C
6-NA,238,2734,0,1,0,2735,A
6-NA,239,2786,0,1,0,2787,A
6-NA,240,2786,0,3,1,2790,A
6-NA,241,2,0,0,2798,2800,C
6-NA,242,0,2795,0,0,2795,T
6-NA,243,2781,0,0,0,2781,A
6-NA,244,1,0,2776,0,2777,G
6-NA,245,1,2,0,2781,2784,C
6-NA,246,2784,0,2,1,2787,A
6-NA,247,0,4,2828,0,2832,G
6-NA,248,2806,1,0,0,2807,A
6-NA,249,2886,2,2,1,2891,A
6-NA,250,0,2881,0,10,2891,T
6-NA,251,2896,0,1,0,2897,A
6-NA,252,0,1,0,2897,2898,C
6-NA,253,2885,1,3,0,2889,A
6-NA,254,2,2,2883,1,2888,G
6-NA,255,2895,0,1,0,2896,A
6-NA,256,2861,1,1,0,2863,A
6-NA,257,2862,0,0,1,2863,A
6-NA,258,0,2805,0,0,2805,T
6-NA,259,1,2802,0,0,2803,T
6-NA,260,2,12,2804,0,2818,G
6-NA,261,3,1,2809,0,2813,G
6-NA,262,2,2817,0,4,2823,T
6-NA,263,8,2,0,2808,2818,C
6-NA,264,2818,0,1,0,2819,A
6-NA,265,2827,0,0,0,2827,A
6-NA,266,2824,0,2,0,2826,A
6-NA,267,0,3,2833,0,2836,G
6-NA,268,1,1,1,2830,2833,C
6-NA,269,3,1,0,2813,2817,C
6-NA,270,5,0,2825,0,2830,G
6-NA,271,0,0,1,2838,2839,C
6-NA,272,2842,0,3,0,2845,A
6-NA,273,2892,1,1,0,2894,A
6-NA,274,0,2887,0,0,2887,T
6-NA,275,0,0,2920,0,2920,G
6-NA,276,1,2915,0,2,2918,T
6-NA,277,0,17,2899,0,2916,G
6-NA,278,2960,1,4,0,2965,A
6-NA,279,0,0,0,3001,3001,C
6-NA,280,3063,0,2,0,3065,A
6-NA,281,0,3088,0,1,3089,T
6-NA,282,0,3073,0,1,3074,T
6-NA,283,3074,0,8,0,3082,A
6-NA,284,1,0,0,3074,3075,C
6-NA,285,3046,1,5,0,3052,A
6-NA,286,0,2,3043,0,3045,G
6-NA,287,0,5,2994,0,2999,G
6-NA,288,1,0,2933,0,2934,G
6-NA,289,0,3018,1,1,3020,T
6-NA,290,0,3019,0,2,3021,T
6-NA,291,0,3022,0,3,3025,T
6-NA,292,4,0,3026,0,3030,G
6-NA,293,0,3,0,3019,3022,C
6-NA,294,3036,1,0,0,3037,A
6-NA,295,1,0,0,3033,3034,C
6-NA,296,1,0,0,2999,3000,C
6-NA,297,0,2981,1,5,2987,T
6-NA,298,0,2993,0,2,2995,T
6-NA,299,1,3016,0,0,3017,T
6-NA,300,2,3015,0,1,3018,T
6-NA,301,0,3077,0,0,3077,T
6-NA,302,4,1,0,3085,3090,C
6-NA,303,0,3084,0,2,3086,T
6-NA,304,3075,0,2,0,3077,A
6-NA,305,3063,0,2,0,3065,A
6-NA,306,0,4,3076,0,3080,G
6-NA,307,0,8,3065,0,3073,G
6-NA,308,3077,0,1,0,3078,A
6-NA,309,0,2,0,3080,3082,C
6-NA,310,3045,0,2,0,3047,A
6-NA,311,3053,0,0,0,3053,A
6-NA,312,1,3058,0,0,3059,T
6-NA,313,0,3059,1,1,3061,T
6-NA,314,10,0,0,3115,3125,C
6-NA,315,2,8,3112,0,3122,G
6-NA,316,3125,1,3,0,3129,A
6-NA,317,2,3121,0,0,3123,T
6-NA,318,0,3125,0,2,3127,T
6-NA,319,3123,0,1,0,3124,A
6-NA,320,2,8,3106,1,3117,G
6-NA,321,3076,0,1,0,3077,A
6-NA,322,2,24,0,3084,3110,C
6-NA,323,0,3103,0,2,3105,T
6-NA,324,1,3104,0,2,3107,T
6-NA,325,0,3112,0,0,3112,T
6-NA,326,5,1,0,3120,3126,C
6-NA,327,4,1,0,3120,3125,C
6-NA,328,0,0,3124,0,3124,G
6-NA,329,0,1,0,3127,3128,C
6-NA,330,1,3108,0,1,3110,T
6-NA,331,1,4,3192,0,3197,G
6-NA,332,6,1,3192,0,3199,G
6-NA,333,0,3200,0,1,3201,T
6-NA,334,1,1,3199,0,3201,G
6-NA,335,0,4,3191,0,3195,G
6-NA,336,1,4,3201,0,3206,G
6-NA,337,1,7,3204,0,3212,G
6-NA,338,3211,1,1,0,3213,A
6-NA,339,1,3,0,3260,3264,C
6-NA,340,3205,1,3,0,3209,A
6-NA,341,0,3198,0,1,3199,T
6-NA,342,1,1,0,3207,3209,C
6-NA,343,0,3193,0,4,3197,T
6-NA,344,0,9,3202,1,3212,G
6-NA,345,0,1,3204,0,3205,G
6-NA,346,0,1,3232,0,3233,G
6-NA,347,0,3224,0,3,3227,T
6-NA,348,1,11,3180,0,3192,G
6-NA,349,3183,1,7,0,3191,A
6-NA,350,0,1,0,3227,3228,C
6-NA,351,3228,0,1,1,3230,A
6-NA,352,3256,0,1,0,3257,A
6-NA,353,0,5,3255,0,3260,G
6-NA,354,3223,0,2,0,3225,A
6-NA,355,0,5,3259,0,3264,G
6-NA,356,3274,1,3,0,3278,A
6-NA,357,3345,0,3,1,3349,A
6-NA,358,1,1,0,3599,3601,C
6-NA,359,6,0,0,3625,3631,C
6-NA,360,1,3631,0,2,3634,T
6-NA,361,0,3626,1,4,3631,T
6-NA,362,3635,0,2,0,3637,A
6-NA,363,1,3637,0,1,3639,T
6-NA,364,0,2,3723,0,3725,G
6-NA,365,1,3699,0,4,3704,T
6-NA,366,0,0,3742,0,3742,G
6-NA,367,1,3632,1,6,3640,T
6-NA,368,14,0,0,3596,3610,C
6-NA,369,3638,1,1,1,3641,A
6-NA,370,0,3644,4,3,3651,T
6-NA,371,0,2,3646,0,3648,G
6-NA,372,1,2,0,3639,3642,C
6-NA,373,1,13,3609,0,3623,G
6-NA,374,3857,1,1,0,3859,A
6-NA,375,1,3850,0,1,3852,T
6-NA,376,5,0,1,3882,3888,C
6-NA,377,0,0,1,3898,3899,C
6-NA,378,0,3898,1,7,3906,T
6-NA,379,1,19,3909,0,3929,G
6-NA,380,3920,2,2,0,3924,A
6-NA,381,0,0,0,3939,3939,C
6-NA,382,3925,2,1,3,3931,A
6-NA,383,3825,0,0,0,3825,A
6-NA,384,3,0,3911,0,3914,G
6-NA,385,0,3888,3,2,3893,T
6-NA,386,2,0,3936,0,3938,G
6-NA,387,0,3900,1,1,3902,T
6-NA,388,1,3893,0,2,3896,T
6-NA,389,3901,1,0,0,3902,A
6-NA,390,1,3902,0,1,3904,T
6-NA,391,8,1,0,3930,3939,C
6-NA,392,3935,0,1,1,3937,A
6-NA,393,3904,0,0,1,3905,A
6-NA,394,2,3891,0,1,3894,T
6-NA,395,0,3873,0,2,3875,T
6-NA,396,0,3870,0,5,3875,T
6-NA,397,0,4,3884,0,3888,G
6-NA,398,1,5,0,4024,4030,C
6-NA,399,11,1,2,4023,4037,C
6-NA,400,7,0,0,4032,4039,C
6-NA,401,1,4029,0,2,4032,T
6-NA,402,1,4029,0,5,4035,T
6-NA,403,0,3,4068,1,4072,G
6-NA,404,0,3,4061,1,4065,G
6-NA,405,4092,1,1,0,4094,A
6-NA,406,3,4,0,4084,4091,C
6-NA,407,3927,0,3,0,3930,A
6-NA,408,1,8,4006,0,4015,G
6-NA,409,0,5,4001,0,4006,G
6-NA,410,8,17,4089,0,4114,G
6-NA,411,4120,1,8,0,4129,A
6-NA,412,4092,1,7,0,4100,A
6-NA,413,0,0,0,4113,4113,C
6-NA,414,4069,1,1,0,4071,A
6-NA,415,4370,0,3,0,4373,A
6-NA,416,0,0,0,4382,4382,C
6-NA,417,4329,2,5,0,4336,A
6-NA,418,0,0,0,4366,4366,C
6-NA,419,0,4277,0,3,4280,T
6-NA,420,4316,0,7,0,4323,A
6-NA,421,4303,0,2,0,4305,A
6-NA,422,4324,0,2,1,4327,A
6-NA,423,0,1,0,4331,4332,C
6-NA,424,4068,0,0,0,4068,A
6-NA,425,4112,0,0,0,4112,A
6-NA,426,0,1,0,4121,4122,C
6-NA,427,0,0,4116,0,4116,G
6-NA,428,0,4108,0,1,4109,T
6-NA,429,4045,0,1,0,4046,A
6-NA,430,0,1,0,4106,4107,C
6-NA,431,4106,1,1,0,4108,A
6-NA,432,2,4118,0,3,4123,T
6-NA,433,0,4125,0,2,4127,T
6-NA,434,6,0,0,4238,4244,C
6-NA,435,4319,0,0,0,4319,A
6-NA,436,4343,0,0,0,4343,A
6-NA,437,4341,2,1,0,4344,A
6-NA,438,0,4348,0,1,4349,T
6-NA,439,4283,1,4,0,4288,A
6-NA,440,4415,1,1,0,4417,A
6-NA,441,1,4,0,4428,4433,C
6-NA,442,4437,1,2,0,4440,A
6-NA,443,0,3,0,4498,4501,C
6-NA,444,4354,0,2,0,4356,A
6-NA,445,3,0,5105,0,5108,G
6-NA,446,0,5097,0,0,5097,T
6-NA,447,5186,0,1,0,5187,A
6-NA,448,1,4,0,5203,5208,C
6-NA,449,1,7,5187,0,5195,G
6-NA,450,0,5395,0,5,5400,T
6-NA,451,3,5,5399,0,5407,G
6-NA,452,5409,0,1,0,5410,A
6-NA,453,0,5421,0,0,5421,T
6-NA,454,5029,1,9,0,5039,A
6-NA,455,2,6,5040,0,5048,G
6-NA,456,1,5,5006,0,5012,G
6-NA,457,5022,0,1,0,5023,A
6-NA,458,2,1,0,5086,5089,C
6-NA,459,4,6,1,4965,4976,C
6-NA,460,6,0,0,5030,5036,C
6-NA,461,3,0,0,5049,5052,C
6-NA,462,0,5073,1,3,5077,T
6-NA,463,0,5143,0,2,5145,T
6-NA,464,5158,0,0,0,5158,A
6-NA,465,2,5170,0,1,5173,T
6-NA,466,4,4,0,5159,5167,C
6-NA,467,6,4,5114,0,5124,G
6-NA,468,2,13,5109,0,5124,G
6-NA,469,5102,3,2,6,5113,A
6-NA,470,2,2,0,5151,5155,C
6-NA,471,4,1,0,5121,5126,C
6-NA,472,2,2,1,5319,5324,C
6-NA,473,0,5319,0,2,5321,T
6-NA,474,5407,1,1,0,5409,A
6-NA,475,1,5406,1,2,5410,T
6-NA,476,0,5413,0,0,5413,T
6-NA,477,1,5,5411,0,5417,G
6-NA,478,5403,0,5,1,5409,A
6-NA,479,0,5384,0,1,5385,T
6-NA,480,1,15,5382,1,5399,G
6-NA,481,5231,1,7,2,5241,A
6-NA,482,5245,0,2,1,5248,A
6-NA,483,1,5222,0,0,5223,T
6-NA,484,0,16,5299,1,5316,G
6-NA,485,5418,1,4,0,5423,A
6-NA,486,2,0,5441,1,5444,G
6-NA,487,1,5443,0,4,5448,T
6-NA,488,0,5439,0,1,5440,T
6-NA,489,5450,3,2,1,5456,A
6-NA,490,2,5,5481,0,5488,G
6-NA,491,4,3,5474,0,5481,G
6-NA,492,1,5479,0,1,5481,T
6-NA,493,0,2,5446,1,5449,G
6-NA,494,1,5362,1,6,5370,T
6-NA,495,0,5341,0,15,5356,T
6-NA,496,9,2,0,5340,5351,C
6-NA,497,7,3,0,5332,5342,C
6-NA,498,6,4,1,5304,5315,C
6-NA,499,0,5476,0,6,5482,T
6-NA,500,2,5500,0,1,5503,T
6-NA,501,2,5497,1,3,5503,T
6-NA,502,4,2,1,5531,5538,C
6-NA,503,5545,1,0,1,5547,A
6-NA,504,1,5691,1,5,5698,T
6-NA,505,3,2,0,5683,5688,C
6-NA,506,0,5618,0,3,5621,T
6-NA,507,1,6,5603,0,5610,G
6-NA,508,1,14,5564,1,5580,G
6-NA,509,2,7,5580,0,5589,G
6-NA,510,5,16,5609,0,5630,G
6-NA,511,5630,1,4,0,5635,A
6-NA,512,0,0,0,5689,5689,C
6-NA,513,4,2,0,5619,5625,C
6-NA,514,5679,1,3,0,5683,A
6-NA,515,5701,1,2,0,5704,A
6-NA,516,1,3,5695,0,5699,G
6-NA,517,1,4,0,5714,5719,C
6-NA,518,5709,3,2,1,5715,A
6-NA,519,5757,0,5,0,5762,A
6-NA,520,2,0,5796,0,5798,G
6-NA,521,0,5763,0,1,5764,T
6-NA,522,3,0,5924,0,5927,G
6-NA,523,1,5870,1,7,5879,T
6-NA,524,2,0,6022,0,6024,G
6-NA,525,1,0,0,6020,6021,C
6-NA,526,5997,2,1,0,6000,A
6-NA,527,3,6049,0,2,6054,T
6-NA,528,5954,0,3,0,5957,A
6-NA,529,1,2,6107,0,6110,G
6-NA,530,3,1,0,6097,6101,C
6-NA,531,6002,0,4,0,6006,A
6-NA,532,0,5994,1,3,5998,T
6-NA,533,2,9,5852,0,5863,G
6-NA,534,6,1,6194,0,6201,G
6-NA,535,0,6197,1,11,6209,T
6-NA,536,17,1,0,6168,6186,C
6-NA,537,5,1,0,6207,6213,C
6-NA,538,6153,0,5,0,6158,A
6-NA,539,2,3,6275,0,6280,G
6-NA,540,1,5,0,6278,6284,C
6-NA,541,1,6258,1,13,6273,T
6-NA,542,14,1,0,6269,6284,C
6-NA,543,6149,3,3,1,6156,A
6-NA,544,6181,1,3,0,6185,A
6-NA,545,12,2,6211,0,6225,G
6-NA,546,0,6310,0,2,6312,T
6-NA,547,1,6280,0,5,6286,T
6-NA,548,1,2,6281,0,6284,G
6-NA,549,2,6281,0,1,6284,T
6-NA,550,14,1,0,6257,6272,C
6-NA,551,6275,2,3,0,6280,A
6-NA,552,0,2,1,6315,6318,C
6-NA,553,2,10,6297,1,6310,G
6-NA,554,6391,3,1,1,6396,A
6-NA,555,0,6402,0,3,6405,T
6-NA,556,2,7,6500,0,6509,G
6-NA,557,2,3,6522,1,6528,G
6-NA,558,6523,3,5,0,6531,A
6-NA,559,6525,0,5,2,6532,A
6-NA,560,6588,0,1,0,6589,A
6-NA,561,6588,0,6,0,6594,A
6-NA,562,0,1,6645,0,6646,G
6-NA,563,1,4,0,6612,6617,C
6-NA,564,6602,0,1,0,6603,A
6-NA,565,1,6599,0,1,6601,T
6-NA,566,2,8,6652,0,6662,G
6-NA,567,0,1,6702,0,6703,G
6-NA,568,1,0,0,6746,6747,C
6-NA,569,1,6721,0,6,6728,T
6-NA,570,2,2,6752,1,6757,G
6-NA,571,2,1,2,6735,6740,C
6-NA,572,6755,1,0,6,6762,A
6-NA,573,1,6960,0,2,6963,T
6-NA,574,2,0,6986,0,6988,G
6-NA,575,1,7029,1,5,7036,T
6-NA,576,0,7138,1,5,7144,T
6-NA,577,2,7130,0,2,7134,T
6-NA,578,9,0,7432,1,7442,G
6-NA,579,1,7426,0,7,7434,T
6-NA,580,7449,0,2,0,7451,A
6-NA,581,0,7460,3,10,7473,T
6-NA,582,7367,0,5,0,7372,A
6-NA,583,7388,1,3,2,7394,A
6-NA,584,1,4,0,7355,7360,C
6-NA,585,5,15,7262,1,7283,G
6-NA,586,0,8,7280,2,7290,G
6-NA,587,2,19,7141,0,7162,G
6-NA,588,2,12,7169,0,7183,G
6-NA,589,1,9,7183,0,7193,G
6-NA,590,7157,3,8,0,7168,A
6-NA,591,3,7190,0,4,7197,T
6-NA,592,2,17,7203,0,7222,G
6-NA,593,7233,4,5,1,7243,A
6-NA,594,0,7244,0,3,7247,T
6-NA,595,7226,0,3,1,7230,A
6-NA,596,7259,2,1,2,7264,A
6-NA,597,7279,1,2,0,7282,A
6-NA,598,7289,0,0,0,7289,A
6-NA,599,7298,2,1,2,7303,A
6-NA,600,0,7294,0,3,7297,T
6-NA,601,3,3,7286,0,7292,G
6-NA,602,1,5,1,7265,7272,C
6-NA,603,7265,4,1,6,7276,A
6-NA,604,7269,1,12,0,7282,A
6-NA,605,3,1,0,7333,7337,C
6-NA,606,1,7325,0,0,7326,T
6-NA,607,2,0,7357,0,7359,G
6-NA,608,0,0,0,7345,7345,C
6-NA,609,0,7348,0,4,7352,T
6-NA,610,7351,0,8,0,7359,A
6-NA,611,1,0,7364,0,7365,G
6-NA,612,6,2,0,7391,7399,C
6-NA,613,1,7378,3,14,7396,T
6-NA,614,1,7360,0,3,7364,T
6-NA,615,19,1,1,7408,7429,C
6-NA,616,7451,0,0,1,7452,A
6-NA,617,2,7441,0,1,7444,T
6-NA,618,1,7451,0,2,7454,T
6-NA,619,0,7459,0,1,7460,T
6-NA,620,7451,1,5,0,7457,A
6-NA,621,0,1,0,7480,7481,C
6-NA,622,7452,0,5,0,7457,A
6-NA,623,7498,0,4,0,7502,A
6-NA,624,0,7457,0,2,7459,T
6-NA,625,2,15,7439,0,7456,G
6-NA,626,3,8,7442,1,7454,G
6-NA,627,2,6,7430,0,7438,G
6-NA,628,7435,5,4,0,7444,A
6-NA,629,7380,2,5,0,7387,A
6-NA,630,0,1,7595,0,7596,G
6-NA,631,2,1,0,8093,8096,C
6-NA,632,0,8102,0,5,8107,T
6-NA,633,1,8196,0,3,8200,T
6-NA,634,14,0,8232,0,8246,G
6-NA,635,2,8233,0,1,8236,T
6-NA,636,8332,0,5,0,8337,A
6-NA,637,1,6,8355,0,8362,G
6-NA,638,8310,2,5,0,8317,A
6-NA,639,1,8307,0,1,8309,T
6-NA,640,7687,1,1,0,7689,A
6-NA,641,0,2,7696,0,7698,G
6-NA,642,0,7623,0,6,7629,T
6-NA,643,1,0,7529,1,7531,G
6-NA,644,3,7841,2,2,7848,T
6-NA,645,2,7843,1,5,7851,T
6-NA,646,1,0,7957,0,7958,G
6-NA,647,3,7926,1,13,7943,T
6-NA,648,2,7942,0,4,7948,T
6-NA,649,1,7938,0,8,7947,T
6-NA,650,16,2,1,7822,7841,C
6-NA,651,7820,3,9,0,7832,A
6-NA,652,2,7801,0,2,7805,T
6-NA,653,0,14,7774,0,7788,G
6-NA,654,4,2,8198,0,8204,G
6-NA,655,2,8063,0,6,8071,T
6-NA,656,10,0,0,8038,8048,C
6-NA,657,17,2,1,8029,8049,C
6-NA,658,8078,0,2,0,8080,A
6-NA,659,8113,1,3,0,8117,A
6-NA,660,8115,1,6,1,8123,A
6-NA,661,1,10,8154,1,8166,G
6-NA,662,8140,4,0,2,8146,A
6-NA,663,7884,1,1,0,7886,A
6-NA,664,7881,3,3,1,7888,A
6-NA,665,1,7889,0,3,7893,T
6-NA,666,10,1,1,8072,8084,C
6-NA,667,8,2,0,8058,8068,C
6-NA,668,1,8032,0,6,8039,T
6-NA,669,4,1,0,8052,8057,C
6-NA,670,8021,2,10,1,8034,A
6-NA,671,1,0,8074,0,8075,G
6-NA,672,3,15,8058,1,8077,G
6-NA,673,8217,3,7,0,8227,A
6-NA,674,0,1,0,8209,8210,C
6-NA,675,9,6,2,8072,8089,C
6-NA,676,10,1,1,8066,8078,C
6-NA,677,8093,2,3,0,8098,A
6-NA,678,0,4,8118,1,8123,G
6-NA,679,2,18,8112,0,8132,G
6-NA,680,8094,4,8,0,8106,A
6-NA,681,0,1,8190,0,8191,G
6-NA,682,1,8063,0,5,8069,T
6-NA,683,16,1,0,8066,8083,C
6-NA,684,8046,1,8,0,8055,A
6-NA,685,1,7,8100,1,8109,G
6-NA,686,8079,2,10,1,8092,A
6-NA,687,8088,0,2,1,8091,A
6-NA,688,0,8059,0,2,8061,T
6-NA,689,1,3,8080,0,8084,G
6-NA,690,4,1,0,8063,8068,C
6-NA,691,4,1,8120,0,8125,G
6-NA,692,0,8082,0,2,8084,T
6-NA,693,2,8092,0,2,8096,T
6-NA,694,2,8036,0,2,8040,T
6-NA,695,2,7,8107,0,8116,G
6-NA,696,1,8145,0,2,8148,T
6-NA,697,8155,0,4,0,8159,A
6-NA,698,3,8112,0,6,8121,T
6-NA,699,8,12,1,8078,8099,C
6-NA,700,8084,0,3,0,8087,A
6-NA,701,8084,3,0,1,8088,A
6-NA,702,2,8090,0,1,8093,T
6-NA,703,0,6,8076,1,8083,G
6-NA,704,3,19,8072,0,8094,G
6-NA,705,8177,1,5,0,8183,A
6-NA,706,8192,1,5,1,8199,A
6-NA,707,1,3,2,8260,8266,C
6-NA,708,0,8274,0,13,8287,T
6-NA,709,0,8281,0,0,8281,T
6-NA,710,4,2,8468,0,8474,G
6-NA,711,3,8482,0,3,8488,T
6-NA,712,8473,1,8,0,8482,A
6-NA,713,1,2,1,8575,8579,C
6-NA,714,8338,1,5,0,8344,A
6-NA,715,0,1,8819,0,8820,G
6-NA,716,1,8753,0,7,8761,T
6-NA,717,9033,1,1,0,9035,A
6-NA,718,2,0,9072,0,9074,G
6-NA,719,0,8933,0,1,8934,T
6-NA,720,8925,5,1,0,8931,A
6-NA,721,8919,0,1,0,8920,A
6-NA,722,0,8870,1,2,8873,T
6-NA,723,2,35,8865,3,8905,G
6-NA,724,8669,2,2,0,8673,A
6-NA,725,1,2,0,8731,8734,C
6-NA,726,5,8447,0,5,8457,T
6-NA,727,1,11,8485,0,8497,G
6-NA,728,8484,0,9,0,8493,A
6-NA,729,1,8521,0,2,8524,T
6-NA,730,1,10,8503,1,8515,G
6-NA,731,4,10,8436,0,8450,G
6-NA,732,1,14,8468,0,8483,G
6-NA,733,8358,1,5,0,8364,A
6-NA,734,5,1,8371,0,8377,G
6-NA,735,4,8327,0,8,8339,T
6-NA,736,3,1,8362,0,8366,G
6-NA,737,1,1,0,8439,8441,C
6-NA,738,2,8423,1,4,8430,T
6-NA,739,0,8417,1,1,8419,T
6-NA,740,3,5,0,8432,8440,C
6-NA,741,8437,0,10,1,8448,A
6-NA,742,7,10,8471,0,8488,G
6-NA,743,0,14,8472,0,8486,G
6-NA,744,8474,2,2,1,8479,A
6-NA,745,8396,1,0,0,8397,A
6-NA,746,8305,1,4,1,8311,A
6-NA,747,8313,6,17,1,8337,A
6-NA,748,1,0,8372,1,8374,G
6-NA,749,1,1,6,8353,8361,C
6-NA,750,0,8314,0,3,8317,T
6-NA,751,1,9,8297,1,8308,G
6-NA,752,8292,1,12,0,8305,A
6-NA,753,1,8363,0,2,8366,T
6-NA,754,8374,2,4,0,8380,A
6-NA,755,0,2,0,8707,8709,C
6-NA,756,1,8645,1,3,8650,T
6-NA,757,8650,0,2,1,8653,A
6-NA,758,8634,3,2,2,8641,A
6-NA,759,8650,0,0,2,8652,A
6-NA,760,8813,1,2,1,8817,A
6-NA,761,1,8807,0,1,8809,T
6-NA,762,8810,1,1,1,8813,A
6-NA,763,1,1,0,8838,8840,C
6-NA,764,0,8541,0,1,8542,T
6-NA,765,8635,1,1,1,8638,A
6-NA,766,1,8581,0,6,8588,T
6-NA,767,4,8853,0,5,8862,T
6-NA,768,15,8,0,8869,8892,C
6-NA,769,8682,3,2,2,8689,A
6-NA,770,0,8685,0,0,8685,T
6-NA,771,3,8648,0,5,8656,T
6-NA,772,4,14,8675,1,8694,G
6-NA,773,8637,2,9,0,8648,A
6-NA,774,0,8,8590,1,8599,G
6-NA,775,1,6,8572,0,8579,G
6-NA,776,8254,1,8,1,8264,A
6-NA,777,2,10,8352,1,8365,G
6-NA,778,2,9,8360,0,8371,G
6-NA,779,4,9,8339,0,8352,G
6-NA,780,3,12,8366,1,8382,G
6-NA,781,8327,1,9,1,8338,A
6-NA,782,8349,2,7,0,8358,A
6-NA,783,8328,1,2,0,8331,A
6-NA,784,8319,4,3,1,8327,A
6-NA,785,0,8326,0,2,8328,T
6-NA,786,24,1,0,8242,8267,C
6-NA,787,6,2,8315,10,8333,G
6-NA,788,1,8305,0,2,8308,T
6-NA,789,1,8300,1,8,8310,T
6-NA,790,33,0,2,8289,8324,C
6-NA,791,8303,0,2,0,8305,A
6-NA,792,0,8724,0,1,8725,T
6-NA,793,8699,2,6,1,8708,A
6-NA,794,3,3,0,8741,8747,C
6-NA,795,1,8716,1,9,8727,T
6-NA,796,8682,3,7,0,8692,A
6-NA,797,3,3,8697,0,8703,G
6-NA,798,5,5,0,8687,8697,C
6-NA,799,8703,0,4,0,8707,A
6-NA,800,2,2,0,8717,8721,C
6-NA,801,8318,0,3,0,8321,A
6-NA,802,1,8550,1,1,8553,T
6-NA,803,0,8528,1,3,8532,T
6-NA,804,2,2,9083,0,9087,G
6-NA,805,1,9029,0,9,9039,T
6-NA,806,17,3,2,9007,9029,C
6-NA,807,9011,0,13,0,9024,A
6-NA,808,3,8,9039,0,9050,G
6-NA,809,0,10,9022,0,9032,G
6-NA,810,9009,1,1,0,9011,A
6-NA,811,8834,0,5,0,8839,A
6-NA,812,1,4,8962,0,8967,G
6-NA,813,0,8356,1,4,8361,T
6-NA,814,3,4,8397,0,8404,G
6-NA,815,5,1,0,8499,8505,C
6-NA,816,0,8597,0,8,8605,T
6-NA,817,9,2,1,8594,8606,C
6-NA,818,8600,0,1,0,8601,A
6-NA,819,8112,1,4,0,8117,A
6-NA,820,1,1722,1,6506,8230,C
6-NA,821,8364,1,4,1,8370,A
6-NA,822,0,8375,0,4,8379,T
6-NA,823,4,2,8600,0,8606,G
6-NA,824,1,8600,0,5,8606,T
6-NA,825,17,3,0,8532,8552,C
6-NA,826,2,12,8530,1,8545,G
6-NA,827,8526,1,1,0,8528,A
6-NA,828,1,9,8505,0,8515,G
6-NA,829,0,14,8511,1,8526,G
6-NA,830,8430,1,8,0,8439,A
6-NA,831,0,4,8525,0,8529,G
6-NA,832,0,8257,0,3,8260,T
6-NA,833,2,4,8258,0,8264,G
6-NA,834,2,1,0,8392,8395,C
6-NA,835,2,8372,0,3,8377,T
6-NA,836,20,4,0,8393,8417,C
6-NA,837,10,4,0,8423,8437,C
6-NA,838,3,8415,0,2,8420,T
6-NA,839,3,3,8453,0,8459,G
6-NA,840,4,2,0,8381,8387,C
6-NA,841,1,8325,0,5,8331,T
6-NA,842,8390,0,2,1,8393,A
6-NA,843,0,8223,0,6,8229,T
6-NA,844,16,1,0,8265,8282,C
6-NA,845,15,0,0,8242,8257,C
6-NA,846,2,8248,0,5,8255,T
6-NA,847,3,3,0,8287,8293,C
6-NA,848,0,15,8267,0,8282,G
6-NA,849,8346,0,5,1,8352,A
6-NA,850,0,8357,0,4,8361,T
6-NA,851,8361,1,3,1,8366,A
6-NA,852,2,8334,1,5,8342,T
6-NA,853,16,1,0,8306,8323,C
6-NA,854,9,1,0,8294,8304,C
6-NA,855,0,8215,0,19,8234,T
6-NA,856,2,4,8234,0,8240,G
6-NA,857,3,3,8267,0,8273,G
6-NA,858,2,8359,0,4,8365,T
6-NA,859,5,1,8368,0,8374,G
6-NA,860,1,8321,0,14,8336,T
6-NA,861,26,5,0,8301,8332,C
6-NA,862,8317,1,5,0,8323,A
6-NA,863,1,4,8330,0,8335,G
6-NA,864,8308,2,7,0,8317,A
6-NA,865,2,8209,0,4,8215,T
6-NA,866,3,0,8220,0,8223,G
6-NA,867,0,8054,0,6,8060,T
6-NA,868,5,0,8064,0,8069,G
6-NA,869,1,8049,1,6,8057,T
6-NA,870,20,1,0,8055,8076,C
6-NA,871,0,8047,2,9,8058,T
6-NA,872,5,3,8015,1,8024,G
6-NA,873,3,2,0,8018,8023,C
6-NA,874,8010,1,6,0,8017,A
6-NA,875,10,5,8011,0,8026,G
6-NA,876,7846,1,9,0,7856,A
6-NA,877,2,11,7873,0,7886,G
6-NA,878,7843,3,11,0,7857,A
6-NA,879,1,1,2,7893,7897,C
6-NA,880,7886,0,6,0,7892,A
6-NA,881,7937,0,4,0,7941,A
6-NA,882,1,78,0,7900,7979,C
6-NA,883,4,7952,1,9,7966,T
6-NA,884,3,5,7975,1,7984,G
6-NA,885,0,5,7953,1,7959,G
6-NA,886,7914,0,10,0,7924,A
6-NA,887,7919,3,5,1,7928,A
6-NA,888,7747,0,8,0,7755,A
6-NA,889,0,9,7726,0,7735,G
6-NA,890,4,9,7630,0,7643,G
6-NA,891,7548,2,9,1,7560,A
6-NA,892,2,7704,0,4,7710,T
6-NA,893,11,3,0,7746,7760,C
6-NA,894,13,3,0,7865,7881,C
6-NA,895,7892,2,2,0,7896,A
6-NA,896,7892,1,0,0,7893,A
6-NA,897,1,7904,0,2,7907,T
6-NA,898,7642,1,3,0,7646,A
6-NA,899,3,9,7601,0,7613,G
6-NA,900,2,5,7622,1,7630,G
6-NA,901,0,8,0,7598,7606,C
6-NA,902,8,1,0,7569,7578,C
6-NA,903,13,2,0,7331,7346,C
6-NA,904,7400,1,0,0,7401,A
6-NA,905,1,7440,0,7,7448,T
6-NA,906,15,1,1,7430,7447,C
6-NA,907,3,0,7463,0,7466,G
6-NA,908,3,7441,0,0,7444,T
6-NA,909,7268,1,5,0,7274,A
6-NA,910,3,3,7425,0,7431,G
6-NA,911,7429,1,5,0,7435,A
6-NA,912,3,7436,1,1,7441,T
6-NA,913,7290,0,3,1,7294,A
6-NA,914,1,7204,0,1,7206,T
6-NA,915,7191,1,9,0,7201,A
6-NA,916,7170,3,1,1,7175,A
6-NA,917,7306,2,2,2,7312,A
6-NA,918,3,3,0,7442,7448,C
6-NA,919,7199,0,2,0,7201,A
6-NA,920,1,7177,0,3,7181,T
6-NA,921,7102,2,2,0,7106,A
6-NA,922,7100,0,8,0,7108,A
6-NA,923,7089,3,9,2,7103,A
6-NA,924,2,5,7147,1,7155,G
6-NA,925,2,15,7204,0,7221,G
6-NA,926,6938,3,4,1,6946,A
6-NA,927,1,6840,1,4,6846,T
6-NA,928,12,0,0,6857,6869,C
6-NA,929,6897,0,7,0,6904,A
6-NA,930,3,6908,1,4,6916,T
6-NA,931,6888,3,4,0,6895,A
6-NA,932,2,3,6945,0,6950,G
6-NA,933,2,4,1,6818,6825,C
6-NA,934,6665,2,0,1,6668,A
6-NA,935,0,6448,0,5,6453,T
6-NA,936,1,6475,1,2,6479,T
6-NA,937,1,1,6551,1,6554,G
6-NA,938,1,6553,2,4,6560,T
6-NA,939,2,6568,0,7,6577,T
6-NA,940,0,6567,1,4,6572,T
6-NA,941,9,1,1,6496,6507,C
6-NA,942,9,2,1,6499,6511,C
6-NA,943,6531,3,0,0,6534,A
6-NA,944,1,0,6583,2,6586,G
6-NA,945,5,6559,1,2,6567,T
6-NA,946,0,6450,1,2,6453,T
6-NA,947,6443,5,0,0,6448,A
6-NA,948,1,6389,1,3,6394,T
6-NA,949,1,6247,2,2,6252,T
6-NA,950,3,6288,0,2,6293,T
6-NA,951,0,1,6302,0,6303,G
6-NA,952,0,6319,0,2,6321,T
6-NA,953,1,2,6427,0,6430,G
6-NA,954,1,6396,1,5,6403,T
6-NA,955,0,6360,3,3,6366,T
6-NA,956,16,2,2,6348,6368,C
6-NA,957,6306,1,6,0,6313,A
6-NA,958,1,5,6343,0,6349,G
6-NA,959,1,16,6322,0,6339,G
6-NA,960,6317,2,8,1,6328,A
6-NA,961,0,0,0,6334,6334,C
6-NA,962,2,6154,1,6,6163,T
6-NA,963,2,6193,3,0,6198,T
6-NA,964,1,0,6413,0,6414,G
6-NA,965,1,6394,0,12,6407,T
6-NA,966,0,6408,1,3,6412,T
6-NA,967,0,8,6343,0,6351,G
6-NA,968,0,8,6349,0,6357,G
6-NA,969,6328,3,17,0,6348,A
6-NA,970,3,14,6360,0,6377,G
6-NA,971,6341,2,6,0,6349,A
6-NA,972,2,0,0,6356,6358,C
6-NA,973,6201,0,7,0,6208,A
6-NA,974,3,1,0,6221,6225,C
6-NA,975,6219,1,11,0,6231,A
6-NA,976,4,1,0,6223,6228,C
6-NA,977,13,2,1,6183,6199,C
6-NA,978,4,0,0,6201,6205,C
6-NA,979,6190,1,4,1,6196,A
6-NA,980,1,4,6228,0,6233,G
6-NA,981,6207,0,7,1,6215,A
6-NA,982,6247,0,3,0,6250,A
6-NA,983,6211,1,1,0,6213,A
6-NA,984,6202,0,1,0,6203,A
6-NA,985,6168,1,6,0,6175,A
6-NA,986,6171,0,2,1,6174,A
6-NA,987,1,6,0,6180,6187,C
6-NA,988,5,28,6131,0,6164,G
6-NA,989,6127,0,7,0,6134,A
6-NA,990,0,2,0,6140,6142,C
6-NA,991,6099,1,3,0,6103,A
6-NA,992,1,2,6162,0,6165,G
6-NA,993,1,1,1,6349,6352,C
6-NA,994,1,6335,0,9,6345,T
6-NA,995,11,2,1,6340,6354,C
6-NA,996,9,2,1,6356,6368,C
6-NA,997,6368,0,7,0,6375,A
6-NA,998,2,0,6437,1,6440,G
6-NA,999,2,3,1,6438,6444,C
6-NA,1000,6412,1,2,1,6416,A
6-NA,1001,5,0,6412,0,6417,G
6-NA,1002,1,6168,3,4,6176,T
6-NA,1003,6180,3,2,0,6185,A
6-NA,1004,1,1,6187,0,6189,G
6-NA,1005,2,1,0,6204,6207,C
6-NA,1006,8,2,1,6215,6226,C
6-NA,1007,6125,0,1,0,6126,A
6-NA,1008,2,6127,0,0,6129,T
6-NA,1009,0,6099,0,2,6101,T
6-NA,1010,2,8,6203,1,6214,G
6-NA,1011,0,6177,2,3,6182,T
6-NA,1012,3,6161,2,3,6169,T
6-NA,1013,3,6164,0,1,6168,T
6-NA,1014,3,5,6121,1,6130,G
6-NA,1015,3,7,6172,0,6182,G
6-NA,1016,6164,1,1,1,6167,A
6-NA,1017,3,6225,0,1,6229,T
6-NA,1018,9,2,0,6217,6228,C
6-NA,1019,9,0,1,6148,6158,C
6-NA,1020,2,6124,0,5,6131,T
6-NA,1021,6130,0,15,0,6145,A
6-NA,1022,6140,1,9,0,6150,A
6-NA,1023,2,1,0,6218,6221,C
6-NA,1024,6105,3,2,0,6110,A
6-NA,1025,6124,1,0,1,6126,A
6-NA,1026,2,6081,0,1,6084,T
6-NA,1027,0,10,6075,0,6085,G
6-NA,1028,6007,4,5,0,6016,A
6-NA,1029,5,3,5844,0,5852,G
6-NA,1030,1,1,5934,0,5936,G
6-NA,1031,5933,0,3,1,5937,A
6-NA,1032,5951,0,2,0,5953,A
6-NA,1033,1,11,5956,1,5969,G
6-NA,1034,1,2,5988,2,5993,G
6-NA,1035,1,5927,0,3,5931,T
6-NA,1036,0,12,5915,1,5928,G
6-NA,1037,0,3,6049,0,6052,G
6-NA,1038,2,6001,1,6,6010,T
6-NA,1039,20,2,0,5970,5992,C
6-NA,1040,5981,0,0,1,5982,A
6-NA,1041,0,5950,0,4,5954,T
6-NA,1042,0,4,5932,0,5936,G
6-NA,1043,1,2,5904,0,5907,G
6-NA,1044,3,7,5711,1,5722,G
6-NA,1045,1,4,5981,0,5986,G
6-NA,1046,2,5968,0,9,5979,T
6-NA,1047,0,11,5983,1,5995,G
6-NA,1048,5978,0,5,0,5983,A
6-NA,1049,5982,1,6,1,5990,A
6-NA,1050,5978,0,9,0,5987,A
6-NA,1051,0,4,6004,0,6008,G
6-NA,1052,0,2,5979,0,5981,G
6-NA,1053,2,0,0,5956,5958,C
6-NA,1054,1,5797,1,5,5804,T
6-NA,1055,3,5,5793,1,5802,G
6-NA,1056,2,6,5803,1,5812,G
6-NA,1057,4,0,5865,0,5869,G
6-NA,1058,5,0,0,5863,5868,C
6-NA,1059,3,0,0,5874,5877,C
6-NA,1060,0,5773,0,7,5780,T
6-NA,1061,2,5785,0,2,5789,T
6-NA,1062,1,5793,0,2,5796,T
6-NA,1063,1,5,5820,0,5826,G
6-NA,1064,5809,2,4,0,5815,A
6-NA,1065,0,5780,0,3,5783,T
6-NA,1066,0,3,5690,1,5694,G
6-NA,1067,5649,0,4,0,5653,A
6-NA,1068,1,5669,0,3,5673,T
6-NA,1069,1,5,5669,1,5676,G
6-NA,1070,2,8,5734,0,5744,G
6-NA,1071,5718,0,12,2,5732,A
6-NA,1072,5712,0,4,0,5716,A
6-NA,1073,5723,0,3,0,5726,A
6-NA,1074,0,5716,0,3,5719,T
6-NA,1075,1,11,5721,0,5733,G
6-NA,1076,5731,1,2,0,5734,A
6-NA,1077,2,2,2,5695,5701,C
6-NA,1078,2,1,5715,0,5718,G
6-NA,1079,0,5585,1,5,5591,T
6-NA,1080,4,0,5642,1,5647,G
6-NA,1081,2,5628,0,2,5632,T
6-NA,1082,3,10,5629,0,5642,G
6-NA,1083,1,3,5677,0,5681,G
6-NA,1084,5626,1,13,0,5640,A
6-NA,1085,0,5624,0,6,5630,T
6-NA,1086,4,4,5612,0,5620,G
6-NA,1087,6,3,5600,1,5610,G
6-NA,1088,3,7,5623,0,5633,G
6-NA,1089,5595,1,1,0,5597,A
6-NA,1090,5582,1,6,1,5590,A
6-NA,1091,0,7,5585,0,5592,G
6-NA,1092,5526,0,1,0,5527,A
6-NA,1093,5527,0,3,0,5530,A
6-NA,1094,0,2,1,5506,5509,C
6-NA,1095,5,12,5474,0,5491,G
6-NA,1096,5468,1,1,1,5471,A
6-NA,1097,2,5393,1,1,5397,T
6-NA,1098,7,2,0,5397,5406,C
6-NA,1099,5390,1,3,2,5396,A
6-NA,1100,0,2,5405,0,5407,G
6-NA,1101,1,1,0,5392,5394,C
6-NA,1102,1,6,5389,0,5396,G
6-NA,1103,5382,1,1,0,5384,A
6-NA,1104,0,6,5396,0,5402,G
6-NA,1105,5403,0,0,0,5403,A
6-NA,1106,5407,0,1,0,5408,A
6-NA,1107,3,0,5433,0,5436,G
6-NA,1108,1,5388,0,4,5393,T
6-NA,1109,17,2,1,5337,5357,C
6-NA,1110,5347,0,6,0,5353,A
6-NA,1111,0,3,1,5501,5505,C
6-NA,1112,5,1,5506,1,5513,G
6-NA,1113,3,1,1,5497,5502,C
6-NA,1114,0,5471,0,8,5479,T
6-NA,1115,0,5487,0,0,5487,T
6-NA,1116,5384,1,6,1,5392,A
6-NA,1117,3,8,5505,0,5516,G
6-NA,1118,0,5,5509,2,5516,G
6-NA,1119,2,0,5612,0,5614,G
6-NA,1120,0,5291,0,4,5295,T
6-NA,1121,5279,0,5,0,5284,A
6-NA,1122,1,5263,0,2,5266,T
6-NA,1123,1,5,5263,1,5270,G
6-NA,1124,5263,0,1,0,5264,A
6-NA,1125,5258,1,0,1,5260,A
6-NA,1126,5062,0,4,0,5066,A
6-NA,1127,3,2,0,5026,5031,C
6-NA,1128,4,30,0,4829,4863,C
6-NA,1129,0,4601,0,1,4602,T
6-NA,1130,0,4581,0,6,4587,T
6-NA,1131,6,0,0,4592,4598,C
6-NA,1132,4589,1,3,0,4593,A
6-NA,1133,4590,1,1,1,4593,A
6-NA,1134,4583,0,3,1,4587,A
6-NA,1135,0,0,4614,0,4614,G
6-NA,1136,2,4521,0,2,4525,T
6-NA,1137,13,1,0,4529,4543,C
6-NA,1138,4615,0,1,1,4617,A
6-NA,1139,0,4616,1,1,4618,T
6-NA,1140,0,4616,0,2,4618,T
6-NA,1141,1,5,4616,0,4622,G
6-NA,1142,4602,1,3,0,4606,A
6-NA,1143,4602,1,8,1,4612,A
6-NA,1144,1,3,4600,0,4604,G
6-NA,1145,2,2,4591,0,4595,G
6-NA,1146,2,1,0,4571,4574,C
6-NA,1147,2,4411,1,4,4418,T
6-NA,1148,0,12,4434,0,4446,G
6-NA,1149,3,3,4534,0,4540,G
6-NA,1150,5,4516,0,4,4525,T
6-NA,1151,6,1,0,4514,4521,C
6-NA,1152,7,3,1,4483,4494,C
6-NA,1153,4481,1,3,0,4485,A
6-NA,1154,4510,0,4,0,4514,A
6-NA,1155,1,2,0,4549,4552,C
6-NA,1156,4,1,0,4512,4517,C
6-NA,1157,5,0,0,4477,4482,C
6-NA,1158,2,4272,0,2,4276,T
6-NA,1159,4267,0,3,0,4270,A
6-NA,1160,4274,1,3,0,4278,A
6-NA,1161,1,0,4297,0,4298,G
6-NA,1162,0,4265,0,5,4270,T
6-NA,1163,12,2,0,4249,4263,C
6-NA,1164,18,3,1,4134,4156,C
6-NA,1165,4140,1,0,0,4141,A
6-NA,1166,4139,0,1,0,4140,A
6-NA,1167,4144,0,0,1,4145,A
6-NA,1168,0,4148,0,0,4148,T
6-NA,1169,0,4131,0,0,4131,T
6-NA,1170,2,0,4105,0,4107,G
6-NA,1171,2,2,1,4085,4090,C
6-NA,1172,4071,2,7,1,4081,A
6-NA,1173,0,3,4094,0,4097,G
6-NA,1174,4098,0,0,0,4098,A
6-NA,1175,0,4156,0,1,4157,T
6-NA,1176,4167,0,0,0,4167,A
6-NA,1177,4150,1,0,0,4151,A
6-NA,1178,4151,0,0,0,4151,A
6-NA,1179,0,4130,0,1,4131,T
6-NA,1180,4109,1,6,0,4116,A
6-NA,1181,1,3,4126,0,4130,G
6-NA,1182,2,1,4104,1,4108,G
6-NA,1183,2,7,0,4082,4091,C
6-NA,1184,3933,1,2,0,3936,A
6-NA,1185,3961,1,2,0,3964,A
6-NA,1186,2,1,3993,0,3996,G
6-NA,1187,0,3976,0,7,3983,T
6-NA,1188,19,0,1,3963,3983,C
6-NA,1189,3988,0,4,1,3993,A
6-NA,1190,1,3974,0,0,3975,T
6-NA,1191,3986,0,1,0,3987,A
6-NA,1192,2,0,4004,0,4006,G
6-NA,1193,0,3993,0,1,3994,T
6-NA,1194,0,3847,0,0,3847,T
6-NA,1195,1,7,3773,0,3781,G
6-NA,1196,3763,1,3,0,3767,A
6-NA,1197,0,2,1,3762,3765,C
6-NA,1198,3682,0,6,1,3689,A
6-NA,1199,1,2,3700,0,3703,G
6-NA,1200,3652,0,9,0,3661,A
6-NA,1201,0,1,3787,2,3790,G
6-NA,1202,1,0,3790,0,3791,G
6-NA,1203,0,3764,0,1,3765,T
6-NA,1204,3748,0,2,0,3750,A
6-NA,1205,3740,1,6,0,3747,A
6-NA,1206,0,3742,0,3,3745,T
6-NA,1207,3737,1,0,0,3738,A
6-NA,1208,0,3,3637,1,3641,G
6-NA,1209,0,0,3554,0,3554,G
6-NA,1210,1,3168,0,0,3169,T
6-NA,1211,7,4,0,3135,3146,C
6-NA,1212,4,1,0,3121,3126,C
6-NA,1213,0,0,3130,1,3131,G
6-NA,1214,1,1,3131,0,3133,G
6-NA,1215,1,3132,0,2,3135,T
6-NA,1216,0,3127,0,1,3128,T
6-NA,1217,3095,2,1,0,3098,A
6-NA,1218,0,3035,0,0,3035,T
6-NA,1219,0,3028,1,1,3030,T
6-NA,1220,8,0,0,3021,3029,C
6-NA,1221,1,2899,0,2,2902,T
6-NA,1222,1,3,2907,0,2911,G
6-NA,1223,2,0,2914,0,2916,G
6-NA,1224,0,2905,0,1,2906,T
6-NA,1225,2907,0,0,0,2907,A
6-NA,1226,0,2874,1,1,2876,T
6-NA,1227,0,2863,0,4,2867,T
6-NA,1228,0,2862,1,5,2868,T
6-NA,1229,0,2877,0,3,2880,T
6-NA,1230,5,0,0,2878,2883,C
6-NA,1231,0,2847,0,5,2852,T
6-NA,1232,3,0,0,2862,2865,C
6-NA,1233,0,2852,0,0,2852,T
6-NA,1234,0,0,2903,0,2903,G
6-NA,1235,1,2896,0,1,2898,T
6-NA,1236,1,2876,0,0,2877,T
6-NA,1237,1,1,2873,0,2875,G
6-NA,1238,2842,0,1,0,2843,A
6-NA,1239,2827,2,7,0,2836,A
6-NA,1240,1,3,2845,1,2850,G
6-NA,1241,1,5,2839,0,2845,G
6-NA,1242,1,0,0,2845,2846,C
6-NA,1243,2782,1,3,1,2787,A
6-NA,1244,2788,0,3,0,2791,A
6-NA,1245,2799,0,2,0,2801,A
6-NA,1246,2789,1,7,1,2798,A
6-NA,1247,0,2,2795,0,2797,G
6-NA,1248,0,1,0,2797,2798,C
6-NA,1249,1,2747,0,3,2751,T
6-NA,1250,0,1,2771,0,2772,G
6-NA,1251,2,0,0,2767,2769,C
6-NA,1252,2774,2,1,0,2777,A
6-NA,1253,0,2769,0,1,2770,T
6-NA,1254,4,0,0,2749,2753,C
6-NA,1255,2752,0,0,0,2752,A
6-NA,1256,2755,1,0,0,2756,A
6-NA,1257,0,2752,0,0,2752,T
6-NA,1258,5,1,0,2746,2752,C
6-NA,1259,1,1,2708,0,2710,G
6-NA,1260,0,1,2733,0,2734,G
6-NA,1261,0,2733,0,3,2736,T
6-NA,1262,1,1,2745,0,2747,G
6-NA,1263,2,1,0,2751,2754,C
6-NA,1264,1,2718,2,13,2734,T
6-NA,1265,0,2758,0,1,2759,T
6-NA,1266,1,2759,0,0,2760,T
6-NA,1267,0,2774,0,0,2774,T
6-NA,1268,2777,0,2,0,2779,A
6-NA,1269,0,2644,1,1,2646,T
6-NA,1270,0,0,2647,0,2647,G
6-NA,1271,0,2616,0,1,2617,T
6-NA,1272,0,4,2583,0,2587,G
6-NA,1273,0,5,2609,0,2614,G
6-NA,1274,2556,0,1,0,2557,A
6-NA,1275,0,0,2588,0,2588,G
6-NA,1276,0,2570,0,3,2573,T
6-NA,1277,0,2566,0,1,2567,T
6-NA,1278,2,5,2586,0,2593,G
6-NA,1279,2584,1,2,0,2587,A
6-NA,1280,0,2590,1,0,2591,T
6-NA,1281,2579,0,1,0,2580,A
6-NA,1282,2508,0,0,0,2508,A
6-NA,1283,0,2,2512,1,2515,G
6-NA,1284,0,6,2456,0,2462,G
6-NA,1285,1,2,2438,0,2441,G
6-NA,1286,0,1,2419,0,2420,G
6-NA,1287,2387,0,1,0,2388,A
6-NA,1288,2387,0,3,0,2390,A
6-NA,1289,1,3,2397,0,2401,G
6-NA,1290,2401,0,0,0,2401,A
6-NA,1291,2397,1,0,0,2398,A
6-NA,1292,2366,0,0,0,2366,A
6-NA,1293,2321,0,3,0,2324,A
6-NA,1294,0,3,2325,0,2328,G
6-NA,1295,2296,0,1,0,2297,A
6-NA,1296,2,0,2294,0,2296,G
6-NA,1297,8,2,2282,1,2293,G
6-NA,1298,2255,0,3,1,2259,A
6-NA,1299,2260,0,0,1,2261,A
6-NA,1300,2261,0,0,0,2261,A
6-NA,1301,0,1,0,2266,2267,C
6-NA,1302,1,2258,0,1,2260,T
6-NA,1303,1,1,2255,0,2257,G
6-NA,1304,2254,0,1,0,2255,A
6-NA,1305,2250,1,1,1,2253,A
6-NA,1306,0,0,2266,0,2266,G
6-NA,1307,0,2243,0,3,2246,T
6-NA,1308,4,0,0,2249,2253,C
6-NA,1309,0,2235,0,3,2238,T
6-NA,1310,0,2220,0,2,2222,T
6-NA,1311,0,0,2225,0,2225,G
6-NA,1312,0,2208,0,4,2212,T
6-NA,1313,1,4,2205,0,2210,G
6-NA,1314,0,4,2202,0,2206,G
6-NA,1315,2179,0,2,0,2181,A
6-NA,1316,1,3,0,2183,2187,C
6-NA,1317,1,0,0,2134,2135,C
6-NA,1318,0,2131,0,4,2135,T
6-NA,1319,1,1,0,2133,2135,C
6-NA,1320,2140,0,1,0,2141,A
6-NA,1321,2143,0,0,0,2143,A
6-NA,1322,2140,1,3,1,2145,A
6-NA,1323,0,0,0,2162,2162,C
6-NA,1324,2100,1,1,0,2102,A
6-NA,1325,1,0,2133,0,2134,G
6-NA,1326,0,2104,0,1,2105,T
6-NA,1327,2099,0,1,0,2100,A
6-NA,1328,0,2095,0,1,2096,T
6-NA,1329,0,2062,0,1,2063,T
6-NA,1330,0,0,2070,0,2070,G
6-NA,1331,0,2061,0,3,2064,T
6-NA,1332,1,1979,0,3,1983,T
6-NA,1333,0,0,1986,0,1986,G
6-NA,1334,0,1851,0,1,1852,T
6-NA,1335,0,0,1856,0,1856,G
6-NA,1336,0,1843,0,4,1847,T
6-NA,1337,0,1825,0,0,1825,T
6-NA,1338,0,1822,1,1,1824,T
6-NA,1339,0,1782,0,0,1782,T
6-NA,1340,0,1,1780,0,1781,G
6-NA,1341,1,1776,0,2,1779,T
6-NA,1342,1,4,1758,0,1763,G
6-NA,1343,1,1,1757,0,1759,G
6-NA,1344,1,0,0,1740,1741,C
6-NA,1345,1739,0,1,0,1740,A
6-NA,1346,0,1,0,1755,1756,C
6-NA,1347,2,0,0,1750,1752,C
6-NA,1348,0,1749,0,3,1752,T
6-NA,1349,2,0,0,1751,1753,C
6-NA,1350,1750,0,1,0,1751,A
6-NA,1351,0,1,1758,0,1759,G
6-NA,1352,1,1,1754,0,1756,G
6-NA,1353,0,1751,0,0,1751,T
6-NA,1354,1748,0,1,0,1749,A
6-NA,1355,0,2,0,1663,1665,C
6-NA,1356,1652,0,5,1,1658,A
6-NA,1357,0,1649,0,1,1650,T
6-NA,1358,1602,0,1,1,1604,A
6-NA,1359,0,1604,0,0,1604,T
6-NA,1360,0,1,1478,0,1479,G
6-NA,1361,0,4,1481,0,1485,G
6-NA,1362,1477,0,0,0,1477,A
6-NA,1363,1462,0,1,0,1463,A
6-NA,1364,1,5,0,1433,1439,C
6-NA,1365,1196,0,1,0,1197,A
6-NA,1366,0,2,1193,0,1195,G
6-NA,1367,0,0,1193,0,1193,G
6-NA,1368,0,0,0,1195,1195,C
6-NA,1369,0,1180,0,2,1182,T
6-NA,1370,5,0,0,1112,1117,C
6-NA,1371,1110,0,0,0,1110,A
6-NA,1372,0,1112,0,0,1112,T
6-NA,1373,0,2,1110,0,1112,G
6-NA,1374,0,0,1113,0,1113,G
6-NA,1375,0,0,0,1074,1074,C
6-NA,1376,2,0,0,1061,1063,C
6-NA,1377,1,999,0,1,1001,T
6-NA,1378,0,3,1000,0,1003,G
6-NA,1379,1001,0,0,0,1001,A
6-NA,1380,1,999,0,0,1000,T
6-NA,1381,1,1,976,0,978,G
6-NA,1382,0,3,954,0,957,G
6-NA,1383,0,1,907,0,908,G
6-NA,1384,0,0,907,0,907,G
6-NA,1385,0,1,0,896,897,C
6-NA,1386,3,0,891,0,894,G
6-NA,1387,0,0,888,0,888,G
6-NA,1388,878,0,1,0,879,A
6-NA,1389,1,1,0,875,877,C
6-NA,1390,873,0,0,0,873,A
6-NA,1391,1,857,0,2,860,T
6-NA,1392,2,0,0,848,850,C
6-NA,1393,844,0,0,0,844,A
6-NA,1394,839,1,2,0,842,A
6-NA,1395,0,842,0,1,843,T
6-NA,1396,2,0,0,809,811,C
6-NA,1397,1,792,0,1,794,T
6-NA,1398,2,2,1,691,696,C
6-NA,1399,695,0,0,0,695,A
6-NA,1400,0,690,0,1,691,T
6-NA,1401,1,0,690,0,691,G
6-NA,1402,0,0,0,687,687,C
6-NA,1403,1,0,0,659,660,C
6-NA,1404,1,591,0,2,594,T
6-NA,1405,584,0,0,0,584,A
6-NA,1406,0,583,0,2,585,T
6-NA,1407,576,0,0,1,577,A
6-NA,1408,0,575,0,0,575,T
6-NA,1409,523,0,0,0,523,A
6-NA,1410,504,0,0,0,504,A
7-M,1,68,0,0,0,68,A
7-M,2,0,70,0,0,70,T
7-M,3,0,0,71,0,71,G
7-M,4,71,0,0,0,71,A
7-M,5,0,0,78,0,78,G
7-M,6,0,0,0,80,80,C
7-M,7,0,0,0,84,84,C
7-M,8,0,100,0,0,100,T
7-M,9,0,100,0,0,100,T
7-M,10,0,0,0,100,100,C
7-M,11,0,100,0,0,100,T
7-M,12,102,0,0,0,102,A
7-M,13,102,0,1,0,103,A
7-M,14,0,0,0,103,103,C
7-M,15,0,1,0,101,102,C
7-M,16,0,0,102,0,102,G
7-M,17,106,0,0,0,106,A
7-M,18,0,0,108,0,108,G
7-M,19,0,0,116,0,116,G
7-M,20,0,116,0,0,116,T
7-M,21,0,0,0,116,116,C
7-M,22,0,0,116,0,116,G
7-M,23,120,0,0,0,120,A
7-M,24,119,0,0,0,119,A
7-M,25,122,0,1,0,123,A
7-M,26,0,0,0,136,136,C
7-M,27,0,0,139,0,139,G
7-M,28,0,142,0,0,142,T
7-M,29,144,0,0,0,144,A
7-M,30,0,143,0,1,144,T
7-M,31,0,0,146,0,146,G
7-M,32,0,146,0,0,146,T
7-M,33,0,160,0,0,160,T
7-M,34,1,0,0,170,171,C
7-M,35,0,174,0,0,174,T
7-M,36,0,0,0,181,181,C
7-M,37,0,181,0,0,181,T
7-M,38,0,0,0,191,191,C
7-M,39,0,190,0,1,191,T
7-M,40,192,0,0,0,192,A
7-M,41,0,193,0,0,193,T
7-M,42,0,0,0,194,194,C
7-M,43,0,0,196,0,196,G
7-M,44,0,196,0,1,197,T
7-M,45,0,196,0,1,197,T
7-M,46,0,0,0,201,201,C
7-M,47,0,0,0,210,210,C
7-M,48,212,0,0,0,212,A
7-M,49,0,212,0,0,212,T
7-M,50,0,0,0,212,212,C
7-M,51,212,0,0,0,212,A
7-M,52,0,0,215,0,215,G
7-M,53,0,0,215,0,215,G
7-M,54,0,0,0,215,215,C
7-M,55,0,0,0,216,216,C
7-M,56,0,0,0,216,216,C
7-M,57,0,0,0,225,225,C
7-M,58,0,0,0,227,227,C
7-M,59,0,225,0,1,226,T
7-M,60,0,0,0,228,228,C
7-M,61,227,0,0,0,227,A
7-M,62,224,0,0,0,224,A
7-M,63,228,0,0,0,228,A
7-M,64,0,0,232,0,232,G
7-M,65,0,0,0,233,233,C
7-M,66,0,0,0,231,231,C
7-M,67,0,0,231,0,231,G
7-M,68,232,0,0,0,232,A
7-M,69,0,0,233,0,233,G
7-M,70,235,0,0,0,235,A
7-M,71,0,234,0,0,234,T
7-M,72,0,0,0,235,235,C
7-M,73,0,1,233,0,234,G
7-M,74,0,0,0,237,237,C
7-M,75,0,0,238,0,238,G
7-M,76,0,0,0,238,238,C
7-M,77,238,0,0,0,238,A
7-M,78,0,0,241,0,241,G
7-M,79,239,0,0,0,239,A
7-M,80,0,0,250,0,250,G
7-M,81,247,0,0,0,247,A
7-M,82,0,0,0,254,254,C
7-M,83,0,255,0,0,255,T
7-M,84,0,255,0,0,255,T
7-M,85,0,0,256,0,256,G
7-M,86,256,1,0,0,257,A
7-M,87,256,0,0,0,256,A
7-M,88,0,0,256,0,256,G
7-M,89,255,1,1,0,257,A
7-M,90,0,259,0,0,259,T
7-M,91,0,0,258,0,258,G
7-M,92,0,258,0,0,258,T
7-M,93,0,0,0,259,259,C
7-M,94,0,256,0,0,256,T
7-M,95,0,256,0,0,256,T
7-M,96,0,257,0,0,257,T
7-M,97,0,1,257,0,258,G
7-M,98,0,1,0,256,257,C
7-M,99,0,257,0,0,257,T
7-M,100,0,0,255,0,255,G
7-M,101,0,0,257,0,257,G
7-M,102,253,0,1,0,254,A
7-M,103,261,0,0,0,261,A
7-M,104,262,0,0,0,262,A
7-M,105,263,0,0,0,263,A
7-M,106,264,0,0,0,264,A
7-M,107,266,0,0,0,266,A
7-M,108,0,0,0,267,267,C
7-M,109,267,0,0,0,267,A
7-M,110,0,0,0,267,267,C
7-M,111,267,0,0,0,267,A
7-M,112,1,0,278,0,279,G
7-M,113,284,0,0,0,284,A
7-M,114,0,289,0,0,289,T
7-M,115,2,0,0,290,292,C
7-M,116,0,292,0,0,292,T
7-M,117,0,293,0,0,293,T
7-M,118,0,0,293,0,293,G
7-M,119,291,0,0,1,292,A
7-M,120,0,0,291,0,291,G
7-M,121,2,0,292,0,294,G
7-M,122,0,0,0,297,297,C
7-M,123,0,294,0,0,294,T
7-M,124,1,0,0,317,318,C
7-M,125,0,319,0,0,319,T
7-M,126,0,0,0,318,318,C
7-M,127,320,0,0,0,320,A
7-M,128,0,320,0,0,320,T
7-M,129,2,2,315,0,319,G
7-M,130,0,2,319,0,321,G
7-M,131,318,0,0,0,318,A
7-M,132,317,0,0,0,317,A
7-M,133,0,310,0,0,310,T
7-M,134,0,0,313,0,313,G
7-M,135,0,0,328,0,328,G
7-M,136,0,0,0,331,331,C
7-M,137,0,332,0,0,332,T
7-M,138,330,0,0,0,330,A
7-M,139,332,0,0,0,332,A
7-M,140,335,0,0,0,335,A
7-M,141,0,1,340,0,341,G
7-M,142,341,0,0,0,341,A
7-M,143,0,0,0,338,338,C
7-M,144,334,0,0,0,334,A
7-M,145,332,0,1,0,333,A
7-M,146,0,0,342,0,342,G
7-M,147,340,1,0,0,341,A
7-M,148,0,0,0,341,341,C
7-M,149,0,0,0,340,340,C
7-M,150,339,0,0,0,339,A
7-M,151,344,0,0,0,344,A
7-M,152,0,345,1,2,348,T
7-M,153,0,349,0,0,349,T
7-M,154,0,0,0,351,351,C
7-M,155,0,347,0,0,347,T
7-M,156,0,0,346,0,346,G
7-M,157,0,346,0,1,347,T
7-M,158,0,0,0,346,346,C
7-M,159,344,0,1,0,345,A
7-M,160,0,0,0,354,354,C
7-M,161,1,0,0,352,353,C
7-M,162,0,355,0,0,355,T
7-M,163,0,0,0,355,355,C
7-M,164,0,356,1,0,357,T
7-M,165,0,0,364,0,364,G
7-M,166,366,0,0,0,366,A
7-M,167,0,0,0,366,366,C
7-M,168,0,366,0,0,366,T
7-M,169,361,0,0,0,361,A
7-M,170,361,0,0,0,361,A
7-M,171,357,0,1,0,358,A
7-M,172,0,1,362,0,363,G
7-M,173,0,0,365,0,365,G
7-M,174,0,1,370,0,371,G
7-M,175,373,0,1,0,374,A
7-M,176,0,373,0,0,373,T
7-M,177,0,371,0,0,371,T
7-M,178,0,370,0,0,370,T
7-M,179,0,374,0,0,374,T
7-M,180,1,1,372,0,374,G
7-M,181,0,0,374,0,374,G
7-M,182,0,0,375,0,375,G
7-M,183,0,0,375,0,375,G
7-M,184,0,376,0,0,376,T
7-M,185,0,376,0,0,376,T
7-M,186,0,375,0,0,375,T
7-M,187,1,0,382,0,383,G
7-M,188,0,385,0,0,385,T
7-M,189,0,0,385,0,385,G
7-M,190,0,383,0,0,383,T
7-M,191,0,384,0,0,384,T
7-M,192,1,0,0,385,386,C
7-M,193,387,0,0,0,387,A
7-M,194,0,0,0,400,400,C
7-M,195,1,0,399,0,400,G
7-M,196,0,0,0,402,402,C
7-M,197,0,394,0,1,395,T
7-M,198,0,0,0,414,414,C
7-M,199,411,0,0,0,411,A
7-M,200,1,0,0,416,417,C
7-M,201,0,0,0,415,415,C
7-M,202,1,0,416,0,417,G
7-M,203,0,415,0,0,415,T
7-M,204,1,0,418,0,419,G
7-M,205,0,0,0,418,418,C
7-M,206,1,0,0,415,416,C
7-M,207,0,0,0,419,419,C
7-M,208,417,0,0,0,417,A
7-M,209,0,0,426,0,426,G
7-M,210,0,421,0,0,421,T
7-M,211,0,2,421,0,423,G
7-M,212,424,0,0,0,424,A
7-M,213,0,0,428,0,428,G
7-M,214,0,0,0,427,427,C
7-M,215,0,1,425,0,426,G
7-M,216,425,0,1,0,426,A
7-M,217,0,2,427,0,429,G
7-M,218,0,0,431,0,431,G
7-M,219,429,0,0,0,429,A
7-M,220,0,0,0,437,437,C
7-M,221,0,428,0,0,428,T
7-M,222,0,0,429,0,429,G
7-M,223,0,0,0,428,428,C
7-M,224,432,0,0,0,432,A
7-M,225,0,0,441,0,441,G
7-M,226,0,0,0,444,444,C
7-M,227,0,1,444,0,445,G
7-M,228,0,443,0,0,443,T
7-M,229,442,0,0,0,442,A
7-M,230,0,0,439,0,439,G
7-M,231,439,0,2,0,441,A
7-M,232,0,0,0,442,442,C
7-M,233,0,0,442,0,442,G
7-M,234,1,0,0,440,441,C
7-M,235,0,434,0,0,434,T
7-M,236,0,438,0,0,438,T
7-M,237,0,437,0,0,437,T
7-M,238,0,0,454,0,454,G
7-M,239,0,454,0,0,454,T
7-M,240,1,0,0,452,453,C
7-M,241,2,0,0,448,450,C
7-M,242,453,0,0,0,453,A
7-M,243,451,0,0,0,451,A
7-M,244,452,0,0,0,452,A
7-M,245,452,0,0,0,452,A
7-M,246,0,452,0,0,452,T
7-M,247,0,0,452,0,452,G
7-M,248,1,0,0,447,448,C
7-M,249,1,0,0,448,449,C
7-M,250,2,0,0,454,456,C
7-M,251,0,456,0,0,456,T
7-M,252,1,1,0,469,471,C
7-M,253,473,0,0,0,473,A
7-M,254,479,0,0,0,479,A
7-M,255,0,491,0,0,491,T
7-M,256,0,0,490,0,490,G
7-M,257,0,0,490,1,491,G
7-M,258,0,470,1,0,471,T
7-M,259,488,1,0,0,489,A
7-M,260,489,1,0,0,490,A
7-M,261,0,492,0,0,492,T
7-M,262,0,0,491,0,491,G
7-M,263,0,1,491,0,492,G
7-M,264,478,0,0,0,478,A
7-M,265,0,0,479,0,479,G
7-M,266,473,0,0,0,473,A
7-M,267,0,0,0,470,470,C
7-M,268,0,0,0,490,490,C
7-M,269,0,0,0,491,491,C
7-M,270,496,0,0,0,496,A
7-M,271,494,0,0,0,494,A
7-M,272,495,0,0,0,495,A
7-M,273,0,495,0,0,495,T
7-M,274,506,0,0,0,506,A
7-M,275,507,0,0,0,507,A
7-M,276,1,0,0,500,501,C
7-M,277,495,0,0,0,495,A
7-M,278,0,493,0,1,494,T
7-M,279,0,1,494,0,495,G
7-M,280,2,0,494,0,496,G
7-M,281,496,0,0,0,496,A
7-M,282,0,0,0,496,496,C
7-M,283,483,1,0,0,484,A
7-M,284,486,0,0,0,486,A
7-M,285,484,0,1,0,485,A
7-M,286,0,0,487,0,487,G
7-M,287,0,0,0,499,499,C
7-M,288,490,0,0,0,490,A
7-M,289,0,0,502,0,502,G
7-M,290,0,500,0,0,500,T
7-M,291,0,500,0,0,500,T
7-M,292,502,0,1,0,503,A
7-M,293,500,0,0,0,500,A
7-M,294,501,0,0,0,501,A
7-M,295,0,0,0,505,505,C
7-M,296,0,494,0,0,494,T
7-M,297,0,0,540,0,540,G
7-M,298,0,532,0,0,532,T
7-M,299,535,0,1,0,536,A
7-M,300,0,536,0,0,536,T
7-M,301,534,0,1,0,535,A
7-M,302,0,0,535,0,535,G
7-M,303,0,0,536,0,536,G
7-M,304,536,0,0,0,536,A
7-M,305,537,0,0,0,537,A
7-M,306,500,0,1,0,501,A
7-M,307,0,0,0,509,509,C
7-M,308,0,506,0,1,507,T
7-M,309,0,512,0,0,512,T
7-M,310,511,0,0,0,511,A
7-M,311,511,0,0,0,511,A
7-M,312,0,1,509,0,510,G
7-M,313,505,0,0,0,505,A
7-M,314,0,1,504,0,505,G
7-M,315,0,0,498,0,498,G
7-M,316,1,1,498,0,500,G
7-M,317,499,0,1,0,500,A
7-M,318,0,1,501,0,502,G
7-M,319,505,0,0,0,505,A
7-M,320,0,505,0,0,505,T
7-M,321,503,0,1,0,504,A
7-M,322,509,0,0,0,509,A
7-M,323,0,0,0,510,510,C
7-M,324,0,0,508,0,508,G
7-M,325,0,506,0,0,506,T
7-M,326,0,498,0,0,498,T
7-M,327,3,0,0,500,503,C
7-M,328,0,0,0,504,504,C
7-M,329,504,0,0,0,504,A
7-M,330,0,502,0,1,503,T
7-M,331,0,0,503,0,503,G
7-M,332,0,1,509,0,510,G
7-M,333,0,0,509,0,509,G
7-M,334,0,0,507,0,507,G
7-M,335,0,0,0,504,504,C
7-M,336,0,0,0,505,505,C
7-M,337,506,0,1,0,507,A
7-M,338,509,1,0,0,510,A
7-M,339,512,0,0,0,512,A
7-M,340,0,2,509,0,511,G
7-M,341,512,0,0,0,512,A
7-M,342,508,0,0,0,508,A
7-M,343,507,0,0,0,507,A
7-M,344,0,506,0,0,506,T
7-M,345,504,0,2,0,506,A
7-M,346,0,0,506,0,506,G
7-M,347,0,0,0,504,504,C
7-M,348,0,507,0,0,507,T
7-M,349,0,0,0,502,502,C
7-M,350,0,499,0,2,501,T
7-M,351,3,0,0,514,517,C
7-M,352,516,0,1,0,517,A
7-M,353,0,0,518,0,518,G
7-M,354,0,511,0,0,511,T
7-M,355,0,519,0,1,520,T
7-M,356,526,0,0,0,526,A
7-M,357,0,526,0,0,526,T
7-M,358,0,523,0,1,524,T
7-M,359,2,0,0,525,527,C
7-M,360,0,516,0,0,516,T
7-M,361,0,0,517,0,517,G
7-M,362,0,0,0,515,515,C
7-M,363,0,511,0,0,511,T
7-M,364,0,0,508,0,508,G
7-M,365,1,0,510,0,511,G
7-M,366,0,508,0,1,509,T
7-M,367,0,0,510,0,510,G
7-M,368,0,0,0,511,511,C
7-M,369,512,0,0,0,512,A
7-M,370,0,0,0,510,510,C
7-M,371,0,508,0,0,508,T
7-M,372,0,513,0,0,513,T
7-M,373,0,0,513,0,513,G
7-M,374,0,0,0,511,511,C
7-M,375,0,0,0,512,512,C
7-M,376,509,0,1,0,510,A
7-M,377,0,2,513,0,515,G
7-M,378,0,515,0,1,516,T
7-M,379,0,509,0,0,509,T
7-M,380,0,0,512,0,512,G
7-M,381,0,1,0,509,510,C
7-M,382,509,0,1,0,510,A
7-M,383,0,508,0,1,509,T
7-M,384,1,1,507,0,509,G
7-M,385,0,1,516,0,517,G
7-M,386,1,0,522,0,523,G
7-M,387,1,0,0,524,525,C
7-M,388,0,0,0,534,534,C
7-M,389,0,535,0,0,535,T
7-M,390,0,0,0,541,541,C
7-M,391,559,0,0,0,559,A
7-M,392,0,559,0,0,559,T
7-M,393,566,0,1,0,567,A
7-M,394,0,561,0,0,561,T
7-M,395,557,0,0,0,557,A
7-M,396,0,0,0,579,579,C
7-M,397,558,0,0,0,558,A
7-M,398,562,0,0,0,562,A
7-M,399,0,560,0,0,560,T
7-M,400,532,0,0,0,532,A
7-M,401,0,2,542,0,544,G
7-M,402,0,0,538,0,538,G
7-M,403,534,0,0,0,534,A
7-M,404,0,532,0,0,532,T
7-M,405,1,0,494,0,495,G
7-M,406,0,1,492,0,493,G
7-M,407,0,1,492,0,493,G
7-M,408,0,0,497,0,497,G
7-M,409,0,1,503,0,504,G
7-M,410,0,0,0,501,501,C
7-M,411,0,492,0,0,492,T
7-M,412,1,0,495,0,496,G
7-M,413,0,494,0,0,494,T
7-M,414,498,0,0,0,498,A
7-M,415,496,0,0,0,496,A
7-M,416,0,0,0,500,500,C
7-M,417,0,0,0,492,492,C
7-M,418,485,0,1,0,486,A
7-M,419,0,0,0,489,489,C
7-M,420,0,488,0,0,488,T
7-M,421,1,1,486,0,488,G
7-M,422,484,0,0,0,484,A
7-M,423,484,0,1,0,485,A
7-M,424,0,0,486,0,486,G
7-M,425,0,481,0,0,481,T
7-M,426,0,0,480,0,480,G
7-M,427,0,0,479,0,479,G
7-M,428,0,0,0,481,481,C
7-M,429,483,0,0,0,483,A
7-M,430,0,482,0,0,482,T
7-M,431,0,479,0,0,479,T
7-M,432,0,479,0,0,479,T
7-M,433,0,1,487,0,488,G
7-M,434,0,0,483,0,483,G
7-M,435,0,0,0,485,485,C
7-M,436,0,0,0,487,487,C
7-M,437,0,483,0,0,483,T
7-M,438,0,3,493,0,496,G
7-M,439,0,0,502,0,502,G
7-M,440,0,501,0,0,501,T
7-M,441,501,0,0,0,501,A
7-M,442,0,474,0,0,474,T
7-M,443,1,0,481,0,482,G
7-M,444,0,484,0,1,485,T
7-M,445,0,0,485,0,485,G
7-M,446,0,1,0,487,488,C
7-M,447,473,0,0,0,473,A
7-M,448,473,0,0,0,473,A
7-M,449,0,0,0,478,478,C
7-M,450,475,0,0,0,475,A
7-M,451,0,476,0,0,476,T
7-M,452,0,0,471,0,471,G
7-M,453,0,458,0,0,458,T
7-M,454,0,2,456,0,458,G
7-M,455,457,0,0,0,457,A
7-M,456,0,0,456,0,456,G
7-M,457,0,0,0,457,457,C
7-M,458,447,0,0,0,447,A
7-M,459,0,0,449,0,449,G
7-M,460,445,0,0,0,445,A
7-M,461,0,447,0,0,447,T
7-M,462,0,448,0,0,448,T
7-M,463,0,0,451,0,451,G
7-M,464,0,1,0,452,453,C
7-M,465,1,452,0,0,453,T
7-M,466,1,1,450,0,452,G
7-M,467,452,0,0,0,452,A
7-M,468,0,0,0,487,487,C
7-M,469,0,493,0,0,493,T
7-M,470,0,0,0,493,493,C
7-M,471,2,0,0,489,491,C
7-M,472,0,0,0,492,492,C
7-M,473,491,0,0,0,491,A
7-M,474,1,0,490,0,491,G
7-M,475,0,0,0,493,493,C
7-M,476,491,0,1,0,492,A
7-M,477,1,0,0,488,489,C
7-M,478,468,0,0,0,468,A
7-M,479,0,0,481,0,481,G
7-M,480,0,0,480,0,480,G
7-M,481,0,482,0,0,482,T
7-M,482,0,1,0,491,492,C
7-M,483,0,491,0,1,492,T
7-M,484,0,0,0,490,490,C
7-M,485,491,0,0,0,491,A
7-M,486,0,491,0,0,491,T
7-M,487,490,0,0,0,490,A
7-M,488,0,0,480,0,480,G
7-M,489,0,0,480,0,480,G
7-M,490,0,0,0,478,478,C
7-M,491,459,0,0,0,459,A
7-M,492,0,0,458,0,458,G
7-M,493,460,0,0,0,460,A
7-M,494,0,458,0,0,458,T
7-M,495,0,0,460,0,460,G
7-M,496,0,0,461,0,461,G
7-M,497,0,456,0,0,456,T
7-M,498,0,1,465,0,466,G
7-M,499,0,0,466,0,466,G
7-M,500,0,1,0,465,466,C
7-M,501,463,0,0,0,463,A
7-M,502,465,0,0,0,465,A
7-M,503,0,0,0,469,469,C
7-M,504,472,0,0,0,472,A
7-M,505,470,0,1,0,471,A
7-M,506,1,6,0,464,471,C
7-M,507,4,0,0,465,469,C
7-M,508,459,0,0,0,459,A
7-M,509,461,0,1,0,462,A
7-M,510,0,462,0,0,462,T
7-M,511,1,0,0,461,462,C
7-M,512,0,0,0,457,457,C
7-M,513,451,0,0,0,451,A
7-M,514,0,451,0,0,451,T
7-M,515,0,451,0,0,451,T
7-M,516,451,0,0,0,451,A
7-M,517,451,0,0,0,451,A
7-M,518,0,449,0,1,450,T
7-M,519,449,0,0,0,449,A
7-M,520,449,0,0,0,449,A
7-M,521,441,0,0,0,441,A
7-M,522,445,0,1,0,446,A
7-M,523,0,0,0,453,453,C
7-M,524,453,1,0,0,454,A
7-M,525,0,453,0,0,453,T
7-M,526,0,1,453,0,454,G
7-M,527,448,0,0,0,448,A
7-M,528,0,1,450,0,451,G
7-M,529,444,1,2,0,447,A
7-M,530,449,0,0,0,449,A
7-M,531,0,0,0,452,452,C
7-M,532,441,0,0,0,441,A
7-M,533,0,1,445,0,446,G
7-M,534,445,0,0,0,445,A
7-M,535,446,0,0,0,446,A
7-M,536,0,443,0,0,443,T
7-M,537,0,0,436,0,436,G
7-M,538,0,0,438,0,438,G
7-M,539,0,437,0,0,437,T
7-M,540,0,427,0,0,427,T
7-M,541,0,436,0,0,436,T
7-M,542,0,438,0,0,438,T
7-M,543,0,2,440,0,442,G
7-M,544,0,1,439,0,440,G
7-M,545,0,0,0,441,441,C
7-M,546,0,2,0,439,441,C
7-M,547,431,0,1,0,432,A
7-M,548,1,0,446,0,447,G
7-M,549,0,0,0,448,448,C
7-M,550,452,0,0,0,452,A
7-M,551,0,0,0,460,460,C
7-M,552,0,457,0,0,457,T
7-M,553,457,0,0,0,457,A
7-M,554,0,0,0,461,461,C
7-M,555,471,0,0,0,471,A
7-M,556,0,0,480,0,480,G
7-M,557,0,0,0,457,457,C
7-M,558,0,451,0,0,451,T
7-M,559,451,0,0,0,451,A
7-M,560,440,0,1,0,441,A
7-M,561,0,0,443,0,443,G
7-M,562,0,1,447,0,448,G
7-M,563,0,0,0,449,449,C
7-M,564,0,424,0,0,424,T
7-M,565,423,0,0,0,423,A
7-M,566,0,422,0,0,422,T
7-M,567,1,1,420,0,422,G
7-M,568,0,0,427,0,427,G
7-M,569,417,0,1,1,419,A
7-M,570,0,0,418,0,418,G
7-M,571,1,0,0,415,416,C
7-M,572,415,0,0,0,415,A
7-M,573,416,0,0,0,416,A
7-M,574,409,0,0,1,410,A
7-M,575,0,416,0,0,416,T
7-M,576,1,0,413,0,414,G
7-M,577,0,0,413,0,413,G
7-M,578,0,1,1,411,413,C
7-M,579,0,403,0,1,404,T
7-M,580,0,3,403,0,406,G
7-M,581,0,0,406,0,406,G
7-M,582,407,0,0,0,407,A
7-M,583,1,408,0,0,409,T
7-M,584,0,0,0,407,407,C
7-M,585,404,0,0,0,404,A
7-M,586,407,0,0,0,407,A
7-M,587,0,0,410,0,410,G
7-M,588,0,409,0,0,409,T
7-M,589,0,2,407,0,409,G
7-M,590,404,0,0,1,405,A
7-M,591,404,0,0,0,404,A
7-M,592,0,0,0,406,406,C
7-M,593,410,0,0,0,410,A
7-M,594,0,1,412,0,413,G
7-M,595,1,0,407,0,408,G
7-M,596,0,0,0,409,409,C
7-M,597,406,0,0,0,406,A
7-M,598,0,0,411,0,411,G
7-M,599,0,0,0,412,412,C
7-M,600,0,0,412,0,412,G
7-M,601,0,1,410,0,411,G
7-M,602,409,0,0,0,409,A
7-M,603,0,0,409,0,409,G
7-M,604,1,1,410,0,412,G
7-M,605,1,1,0,409,411,C
7-M,606,0,0,0,411,411,C
7-M,607,409,0,0,0,409,A
7-M,608,0,408,0,0,408,T
7-M,609,0,0,411,0,411,G
7-M,610,0,2,410,0,412,G
7-M,611,408,0,3,0,411,A
7-M,612,0,0,414,0,414,G
7-M,613,402,0,0,0,402,A
7-M,614,0,407,0,0,407,T
7-M,615,0,406,0,0,406,T
7-M,616,0,0,407,0,407,G
7-M,617,1,1,1,405,408,C
7-M,618,0,409,0,0,409,T
7-M,619,408,1,1,0,410,A
7-M,620,0,0,411,0,411,G
7-M,621,0,409,0,0,409,T
7-M,622,2,1,0,406,409,C
7-M,623,400,0,0,0,400,A
7-M,624,0,2,403,0,405,G
7-M,625,0,0,404,0,404,G
7-M,626,0,0,0,399,399,C
7-M,627,0,0,0,402,402,C
7-M,628,399,1,0,0,400,A
7-M,629,0,0,405,0,405,G
7-M,630,0,0,404,0,404,G
7-M,631,0,0,0,407,407,C
7-M,632,405,0,0,0,405,A
7-M,633,0,1,403,0,404,G
7-M,634,398,0,0,0,398,A
7-M,635,0,401,0,1,402,T
7-M,636,0,0,405,0,405,G
7-M,637,0,2,413,0,415,G
7-M,638,0,407,0,1,408,T
7-M,639,0,0,409,0,409,G
7-M,640,0,0,0,408,408,C
7-M,641,409,0,0,0,409,A
7-M,642,0,0,414,0,414,G
7-M,643,0,0,413,0,413,G
7-M,644,0,0,0,417,417,C
7-M,645,418,0,0,0,418,A
7-M,646,412,0,0,0,412,A
7-M,647,0,411,0,0,411,T
7-M,648,0,0,411,0,411,G
7-M,649,410,0,0,0,410,A
7-M,650,0,0,409,0,409,G
7-M,651,400,0,0,0,400,A
7-M,652,0,0,403,0,403,G
7-M,653,0,0,0,407,407,C
7-M,654,2,1,0,411,414,C
7-M,655,419,0,0,0,419,A
7-M,656,1,415,0,0,416,T
7-M,657,0,418,1,0,419,T
7-M,658,0,0,417,0,417,G
7-M,659,1,0,408,0,409,G
7-M,660,0,0,418,0,418,G
7-M,661,423,0,0,0,423,A
7-M,662,0,0,0,422,422,C
7-M,663,0,405,0,1,406,T
7-M,664,1,0,0,409,410,C
7-M,665,414,0,1,0,415,A
7-M,666,0,438,0,1,439,T
7-M,667,0,0,0,442,442,C
7-M,668,1,0,0,442,443,C
7-M,669,0,442,0,1,443,T
7-M,670,439,1,1,0,441,A
7-M,671,0,0,444,0,444,G
7-M,672,0,455,0,11,466,T
7-M,673,0,457,0,0,457,T
7-M,674,1,0,0,453,454,C
7-M,675,1,0,1,431,433,C
7-M,676,431,0,1,0,432,A
7-M,677,0,0,437,0,437,G
7-M,678,1,436,0,0,437,T
7-M,679,436,0,1,0,437,A
7-M,680,0,0,0,436,436,C
7-M,681,0,418,0,0,418,T
7-M,682,0,0,434,0,434,G
7-M,683,0,1,432,0,433,G
7-M,684,0,429,0,0,429,T
7-M,685,0,417,0,0,417,T
7-M,686,0,421,0,0,421,T
7-M,687,420,0,0,0,420,A
7-M,688,421,0,0,0,421,A
7-M,689,0,0,421,0,421,G
7-M,690,414,1,0,0,415,A
7-M,691,0,0,410,0,410,G
7-M,692,395,0,3,0,398,A
7-M,693,1,395,0,1,397,T
7-M,694,0,0,397,0,397,G
7-M,695,395,0,0,0,395,A
7-M,696,0,396,0,0,396,T
7-M,697,0,0,0,396,396,C
7-M,698,0,392,0,0,392,T
7-M,699,0,396,0,0,396,T
7-M,700,1,0,0,397,398,C
7-M,701,0,397,0,0,397,T
7-M,702,0,396,0,0,396,T
7-M,703,0,0,396,0,396,G
7-M,704,396,0,0,0,396,A
7-M,705,395,0,0,0,395,A
7-M,706,396,0,1,0,397,A
7-M,707,397,0,1,0,398,A
7-M,708,0,398,0,0,398,T
7-M,709,0,400,0,0,400,T
7-M,710,0,400,0,0,400,T
7-M,711,0,0,400,0,400,G
7-M,712,0,0,0,399,399,C
7-M,713,396,1,2,0,399,A
7-M,714,1,0,401,0,402,G
7-M,715,399,0,0,0,399,A
7-M,716,0,1,0,407,408,C
7-M,717,1,0,0,407,408,C
7-M,718,0,405,0,2,407,T
7-M,719,409,0,0,0,409,A
7-M,720,0,409,0,0,409,T
7-M,721,0,0,0,409,409,C
7-M,722,409,0,0,0,409,A
7-M,723,0,0,406,0,406,G
7-M,724,406,0,0,0,406,A
7-M,725,394,0,0,0,394,A
7-M,726,394,0,0,0,394,A
7-M,727,0,0,0,398,398,C
7-M,728,0,1,400,0,401,G
7-M,729,396,0,1,0,397,A
7-M,730,393,0,0,0,393,A
7-M,731,0,397,0,0,397,T
7-M,732,0,1,398,0,399,G
7-M,733,0,0,400,0,400,G
7-M,734,0,1,400,0,401,G
7-M,735,0,0,400,0,400,G
7-M,736,0,0,402,0,402,G
7-M,737,0,394,0,0,394,T
7-M,738,0,0,394,0,394,G
7-M,739,0,0,0,392,392,C
7-M,740,392,0,0,0,392,A
7-M,741,1,1,394,0,396,G
7-M,742,388,0,0,0,388,A
7-M,743,0,384,0,0,384,T
7-M,744,0,0,382,0,382,G
7-M,745,0,0,1,381,382,C
7-M,746,384,0,0,0,384,A
7-M,747,384,0,0,0,384,A
7-M,748,0,0,0,385,385,C
7-M,749,0,0,385,0,385,G
7-M,750,386,0,0,0,386,A
7-M,751,0,382,0,0,382,T
7-M,752,0,382,0,0,382,T
7-M,753,2,0,0,383,385,C
7-M,754,373,0,0,0,373,A
7-M,755,371,0,0,0,371,A
7-M,756,0,0,371,0,371,G
7-M,757,0,360,1,2,363,T
7-M,758,0,2,359,0,361,G
7-M,759,354,1,1,0,356,A
7-M,760,1,0,0,353,354,C
7-M,761,1,0,0,353,354,C
7-M,762,1,0,1,359,361,C
7-M,763,1,0,361,0,362,G
7-M,764,0,0,0,360,360,C
7-M,765,0,362,0,0,362,T
7-M,766,0,360,0,1,361,T
7-M,767,0,0,366,0,366,G
7-M,768,0,366,1,0,367,T
7-M,769,0,366,1,0,367,T
7-M,770,0,0,366,0,366,G
7-M,771,1,362,0,0,363,T
7-M,772,0,359,0,0,359,T
7-M,773,0,0,358,0,358,G
7-M,774,0,0,0,360,360,C
7-M,775,2,0,0,357,359,C
7-M,776,0,0,360,0,360,G
7-M,777,0,1,0,355,356,C
7-M,778,0,2,356,0,358,G
7-M,779,361,0,0,0,361,A
7-M,780,361,0,0,0,361,A
7-M,781,0,360,0,0,360,T
7-M,782,363,0,0,0,363,A
7-M,783,0,363,0,0,363,T
7-M,784,0,0,0,368,368,C
7-M,785,367,0,0,0,367,A
7-M,786,0,367,0,0,367,T
7-M,787,0,367,0,0,367,T
7-M,788,0,1,363,0,364,G
7-M,789,0,0,359,0,359,G
7-M,790,0,0,356,0,356,G
7-M,791,353,0,0,0,353,A
7-M,792,0,355,0,0,355,T
7-M,793,0,0,0,345,345,C
7-M,794,1,345,0,1,347,T
7-M,795,0,345,0,1,346,T
7-M,796,0,0,353,0,353,G
7-M,797,0,0,0,351,351,C
7-M,798,356,0,0,0,356,A
7-M,799,0,0,0,358,358,C
7-M,800,0,351,0,0,351,T
7-M,801,0,354,0,0,354,T
7-M,802,1,0,353,0,354,G
7-M,803,355,0,0,0,355,A
7-M,804,0,355,0,0,355,T
7-M,805,341,0,0,0,341,A
7-M,806,0,339,0,0,339,T
7-M,807,0,336,0,0,336,T
7-M,808,0,0,337,0,337,G
7-M,809,0,335,0,0,335,T
7-M,810,0,0,333,0,333,G
7-M,811,0,1,333,0,334,G
7-M,812,328,0,0,0,328,A
7-M,813,0,324,0,0,324,T
7-M,814,0,325,0,0,325,T
7-M,815,0,0,0,324,324,C
7-M,816,0,323,0,1,324,T
7-M,817,0,322,0,0,322,T
7-M,818,0,0,321,0,321,G
7-M,819,320,0,0,0,320,A
7-M,820,0,321,0,0,321,T
7-M,821,0,0,0,319,319,C
7-M,822,0,0,321,0,321,G
7-M,823,1,319,0,0,320,T
7-M,824,0,0,0,318,318,C
7-M,825,0,313,0,0,313,T
7-M,826,0,320,0,0,320,T
7-M,827,0,321,0,0,321,T
7-M,828,0,320,0,0,320,T
7-M,829,0,320,0,0,320,T
7-M,830,0,320,0,0,320,T
7-M,831,0,318,0,0,318,T
7-M,832,0,0,0,321,321,C
7-M,833,320,0,0,0,320,A
7-M,834,318,1,0,0,319,A
7-M,835,320,0,0,0,320,A
7-M,836,0,318,1,0,319,T
7-M,837,0,0,318,0,318,G
7-M,838,0,0,0,315,315,C
7-M,839,1,0,314,0,315,G
7-M,840,0,321,0,1,322,T
7-M,841,0,0,0,325,325,C
7-M,842,0,324,0,1,325,T
7-M,843,323,0,0,0,323,A
7-M,844,0,324,0,0,324,T
7-M,845,0,1,0,321,322,C
7-M,846,2,2,316,0,320,G
7-M,847,315,1,0,0,316,A
7-M,848,0,0,0,316,316,C
7-M,849,0,308,0,0,308,T
7-M,850,1,0,0,313,314,C
7-M,851,0,314,0,0,314,T
7-M,852,0,315,0,0,315,T
7-M,853,0,0,0,314,314,C
7-M,854,315,0,1,0,316,A
7-M,855,317,0,0,0,317,A
7-M,856,316,0,0,0,316,A
7-M,857,0,0,0,317,317,C
7-M,858,315,0,0,0,315,A
7-M,859,0,0,0,306,306,C
7-M,860,0,0,301,0,301,G
7-M,861,0,0,308,0,308,G
7-M,862,0,0,0,308,308,C
7-M,863,1,0,0,307,308,C
7-M,864,0,307,0,1,308,T
7-M,865,0,308,0,0,308,T
7-M,866,306,0,0,0,306,A
7-M,867,306,0,0,0,306,A
7-M,868,306,0,0,0,306,A
7-M,869,305,0,0,0,305,A
7-M,870,0,0,305,0,305,G
7-M,871,265,0,0,0,265,A
7-M,872,0,0,263,0,263,G
7-M,873,0,1,261,0,262,G
7-M,874,0,1,0,261,262,C
7-M,875,1,0,0,257,258,C
7-M,876,0,0,0,263,263,C
7-M,877,0,263,0,0,263,T
7-M,878,0,264,0,0,264,T
7-M,879,1,1,0,262,264,C
7-M,880,1,263,0,0,264,T
7-M,881,265,0,0,0,265,A
7-M,882,0,0,0,265,265,C
7-M,883,0,1,258,0,259,G
7-M,884,0,0,260,0,260,G
7-M,885,252,0,0,0,252,A
7-M,886,251,0,0,0,251,A
7-M,887,0,0,246,0,246,G
7-M,888,0,1,246,0,247,G
7-M,889,245,0,0,1,246,A
7-M,890,0,0,247,0,247,G
7-M,891,0,245,0,0,245,T
7-M,892,247,0,0,0,247,A
7-M,893,0,0,0,244,244,C
7-M,894,0,0,0,245,245,C
7-M,895,0,244,0,0,244,T
7-M,896,0,0,244,0,244,G
7-M,897,234,0,0,0,234,A
7-M,898,0,0,237,0,237,G
7-M,899,0,233,0,0,233,T
7-M,900,1,0,0,233,234,C
7-M,901,0,225,0,0,225,T
7-M,902,227,0,1,0,228,A
7-M,903,0,228,0,0,228,T
7-M,904,0,0,228,0,228,G
7-M,905,223,0,0,0,223,A
7-M,906,0,0,224,0,224,G
7-M,907,0,0,211,0,211,G
7-M,908,0,0,209,0,209,G
7-M,909,208,0,0,0,208,A
7-M,910,208,0,0,0,208,A
7-M,911,0,0,208,0,208,G
7-M,912,204,0,0,0,204,A
7-M,913,206,0,0,0,206,A
7-M,914,0,205,0,0,205,T
7-M,915,202,0,0,0,202,A
7-M,916,0,202,0,0,202,T
7-M,917,0,0,0,200,200,C
7-M,918,0,1,199,0,200,G
7-M,919,200,0,0,0,200,A
7-M,920,199,0,0,0,199,A
7-M,921,199,0,0,0,199,A
7-M,922,0,0,198,0,198,G
7-M,923,0,1,197,0,198,G
7-M,924,195,0,0,0,195,A
7-M,925,194,0,0,0,194,A
7-M,926,0,0,0,195,195,C
7-M,927,188,0,0,0,188,A
7-M,928,0,0,191,0,191,G
7-M,929,0,0,0,192,192,C
7-M,930,189,0,0,0,189,A
7-M,931,0,0,188,0,188,G
7-M,932,174,0,0,0,174,A
7-M,933,175,0,0,0,175,A
7-M,934,0,173,0,0,173,T
7-M,935,0,0,168,0,168,G
7-M,936,0,0,0,165,165,C
7-M,937,0,152,0,0,152,T
7-M,938,0,0,152,0,152,G
7-M,939,0,151,0,0,151,T
7-M,940,0,0,151,0,151,G
7-M,941,0,0,152,0,152,G
7-M,942,145,0,0,0,145,A
7-M,943,1,144,0,0,145,T
7-M,944,0,0,142,0,142,G
7-M,945,0,0,0,138,138,C
7-M,946,0,124,0,0,124,T
7-M,947,0,0,122,0,122,G
7-M,948,123,0,0,0,123,A
7-M,949,0,0,1,119,120,C
7-M,950,0,0,121,0,121,G
7-M,951,118,0,0,0,118,A
7-M,952,0,0,0,117,117,C
7-M,953,112,0,0,0,112,A
7-M,954,0,0,112,0,112,G
7-M,955,1,111,0,0,112,T
7-M,956,0,0,0,111,111,C
7-M,957,112,0,0,0,112,A
7-M,958,0,111,0,0,111,T
7-M,959,0,110,0,1,111,T
7-M,960,0,110,0,0,110,T
7-M,961,0,110,0,0,110,T
7-M,962,0,0,110,0,110,G
7-M,963,0,103,0,0,103,T
7-M,964,0,0,0,103,103,C
7-M,965,96,0,0,0,96,A
7-M,966,0,0,96,0,96,G
7-M,967,0,0,0,95,95,C
7-M,968,95,0,0,0,95,A
7-M,969,0,95,0,0,95,T
7-M,970,90,0,0,0,90,A
7-M,971,0,0,91,0,91,G
7-M,972,89,0,0,0,89,A
7-M,973,0,0,89,0,89,G
7-M,974,0,86,0,0,86,T
7-M,975,0,52,0,0,52,T
7-M,976,0,0,52,0,52,G
7-M,977,0,0,52,0,52,G
7-M,978,49,0,0,0,49,A
7-M,979,0,0,50,0,50,G
7-M,980,0,35,0,0,35,T
7-M,981,34,0,0,0,34,A
7-M,982,34,0,0,0,34,A
8-NS,1,262,0,0,0,262,A
8-NS,2,0,264,0,0,264,T
8-NS,3,0,0,286,0,286,G
8-NS,4,0,0,312,0,312,G
8-NS,5,325,0,0,0,325,A
8-NS,6,0,543,0,0,543,T
8-NS,7,0,544,0,0,544,T
8-NS,8,2,0,0,551,553,C
8-NS,9,1,0,0,550,551,C
8-NS,10,552,0,0,1,553,A
8-NS,11,561,0,0,0,561,A
8-NS,12,0,0,0,563,563,C
8-NS,13,565,0,0,0,565,A
8-NS,14,0,0,0,586,586,C
8-NS,15,0,588,0,1,589,T
8-NS,16,0,0,589,0,589,G
8-NS,17,1,591,0,0,592,T
8-NS,18,591,0,0,0,591,A
8-NS,19,0,719,0,0,719,T
8-NS,20,1,0,0,718,719,C
8-NS,21,721,0,1,0,722,A
8-NS,22,719,0,0,0,719,A
8-NS,23,0,1,733,0,734,G
8-NS,24,0,752,0,1,753,T
8-NS,25,1,746,0,0,747,T
8-NS,26,0,755,0,0,755,T
8-NS,27,0,1,0,757,758,C
8-NS,28,1,0,0,755,756,C
8-NS,29,756,0,0,0,756,A
8-NS,30,0,0,770,1,771,G
8-NS,31,0,0,776,0,776,G
8-NS,32,0,777,0,0,777,T
8-NS,33,776,0,1,0,777,A
8-NS,34,0,0,784,0,784,G
8-NS,35,782,0,0,0,782,A
8-NS,36,0,793,0,0,793,T
8-NS,37,0,794,0,0,794,T
8-NS,38,0,1,805,0,806,G
8-NS,39,0,0,0,807,807,C
8-NS,40,0,806,0,0,806,T
8-NS,41,0,811,0,1,812,T
8-NS,42,0,814,0,1,815,T
8-NS,43,0,0,0,829,829,C
8-NS,44,0,827,0,0,827,T
8-NS,45,0,828,0,0,828,T
8-NS,46,0,829,0,0,829,T
8-NS,47,0,2,834,0,836,G
8-NS,48,0,1,838,0,839,G
8-NS,49,0,0,1,838,839,C
8-NS,50,839,0,0,0,839,A
8-NS,51,0,840,0,0,840,T
8-NS,52,853,0,0,0,853,A
8-NS,53,0,861,0,0,861,T
8-NS,54,0,0,0,864,864,C
8-NS,55,0,1,0,861,862,C
8-NS,56,2,1,866,0,869,G
8-NS,57,0,1,874,0,875,G
8-NS,58,876,0,0,0,876,A
8-NS,59,877,0,0,0,877,A
8-NS,60,880,0,2,1,883,A
8-NS,61,0,1,0,896,897,C
8-NS,62,891,0,2,1,894,A
8-NS,63,893,0,3,0,896,A
8-NS,64,0,0,941,0,941,G
8-NS,65,0,943,0,1,944,T
8-NS,66,0,943,0,0,943,T
8-NS,67,0,0,947,0,947,G
8-NS,68,0,945,0,2,947,T
8-NS,69,947,0,0,0,947,A
8-NS,70,0,1,948,0,949,G
8-NS,71,992,0,2,0,994,A
8-NS,72,1,0,0,1008,1009,C
8-NS,73,0,0,0,998,998,C
8-NS,74,999,0,0,0,999,A
8-NS,75,1008,0,1,0,1009,A
8-NS,76,0,3,1068,0,1071,G
8-NS,77,1070,0,0,0,1070,A
8-NS,78,1077,0,0,0,1077,A
8-NS,79,0,0,0,1080,1080,C
8-NS,80,0,1062,0,0,1062,T
8-NS,81,0,3,1072,1,1076,G
8-NS,82,1077,0,0,0,1077,A
8-NS,83,0,0,1105,0,1105,G
8-NS,84,0,1102,0,0,1102,T
8-NS,85,0,5,1094,0,1099,G
8-NS,86,1101,0,0,0,1101,A
8-NS,87,0,1100,0,1,1101,T
8-NS,88,0,0,1120,0,1120,G
8-NS,89,1,1,0,1136,1138,C
8-NS,90,3,0,0,1137,1140,C
8-NS,91,2,0,0,1138,1140,C
8-NS,92,1,0,0,1140,1141,C
8-NS,93,1149,0,0,0,1149,A
8-NS,94,0,1153,0,3,1156,T
8-NS,95,0,1172,0,1,1173,T
8-NS,96,1,0,0,1178,1179,C
8-NS,97,1,0,0,1181,1182,C
8-NS,98,0,1179,0,1,1180,T
8-NS,99,0,1175,0,3,1178,T
8-NS,100,0,3,1175,0,1178,G
8-NS,101,1177,0,0,0,1177,A
8-NS,102,0,1180,0,0,1180,T
8-NS,103,3,3,0,1171,1177,C
8-NS,104,0,2,1169,0,1171,G
8-NS,105,1,0,1176,0,1177,G
8-NS,106,0,0,0,1178,1178,C
8-NS,107,0,1177,0,0,1177,T
8-NS,108,0,1179,0,0,1179,T
8-NS,109,1,0,0,1178,1179,C
8-NS,110,1,0,1190,0,1191,G
8-NS,111,0,0,0,1193,1193,C
8-NS,112,1,3,0,1189,1193,C
8-NS,113,0,3,1189,0,1192,G
8-NS,114,1179,1,0,0,1180,A
8-NS,115,0,1,1229,0,1230,G
8-NS,116,1238,0,0,0,1238,A
8-NS,117,0,1243,0,1,1244,T
8-NS,118,1,0,0,1244,1245,C
8-NS,119,1241,0,0,0,1241,A
8-NS,120,0,0,1244,0,1244,G
8-NS,121,1239,0,1,0,1240,A
8-NS,122,1,0,1236,0,1237,G
8-NS,123,1,0,1252,0,1253,G
8-NS,124,1,1263,0,1,1265,T
8-NS,125,1,0,0,1344,1345,C
8-NS,126,0,0,0,1347,1347,C
8-NS,127,0,0,0,1354,1354,C
8-NS,128,0,1358,0,0,1358,T
8-NS,129,1361,0,0,0,1361,A
8-NS,130,1353,0,1,0,1354,A
8-NS,131,1,1,1373,0,1375,G
8-NS,132,0,2,1381,0,1383,G
8-NS,133,0,1,1377,0,1378,G
8-NS,134,1,0,1336,0,1337,G
8-NS,135,1332,0,1,0,1333,A
8-NS,136,1336,0,2,0,1338,A
8-NS,137,1,0,1341,0,1342,G
8-NS,138,1380,0,0,0,1380,A
8-NS,139,0,1,1395,0,1396,G
8-NS,140,0,0,1381,0,1381,G
8-NS,141,1,0,0,1390,1391,C
8-NS,142,1388,0,1,0,1389,A
8-NS,143,1396,0,0,0,1396,A
8-NS,144,0,1401,1,1,1403,T
8-NS,145,1412,0,0,1,1413,A
8-NS,146,0,0,0,1427,1427,C
8-NS,147,0,1401,0,1,1402,T
8-NS,148,2,0,0,1401,1403,C
8-NS,149,1,1386,0,3,1390,T
8-NS,150,1,1,0,1398,1400,C
8-NS,151,2,0,1414,1,1417,G
8-NS,152,0,0,1481,0,1481,G
8-NS,153,0,1480,0,0,1480,T
8-NS,154,4,0,1,1485,1490,C
8-NS,155,0,1485,0,1,1486,T
8-NS,156,1497,0,0,1,1498,A
8-NS,157,0,3,1494,0,1497,G
8-NS,158,1494,0,1,0,1495,A
8-NS,159,0,0,0,1522,1522,C
8-NS,160,1506,1,2,0,1509,A
8-NS,161,0,1478,0,1,1479,T
8-NS,162,0,2,0,1476,1478,C
8-NS,163,1476,0,1,0,1477,A
8-NS,164,1487,0,0,0,1487,A
8-NS,165,1484,0,1,0,1485,A
8-NS,166,2,0,1489,0,1491,G
8-NS,167,1,2,0,1487,1490,C
8-NS,168,1472,1,2,0,1475,A
8-NS,169,0,0,1489,0,1489,G
8-NS,170,0,1,0,1481,1482,C
8-NS,171,2,0,2,1477,1481,C
8-NS,172,1492,0,0,0,1492,A
8-NS,173,0,1,0,1515,1516,C
8-NS,174,1,0,0,1511,1512,C
8-NS,175,4,0,0,1516,1520,C
8-NS,176,1555,0,0,0,1555,A
8-NS,177,0,1555,0,0,1555,T
8-NS,178,1,0,1562,0,1563,G
8-NS,179,1,1553,1,1,1556,T
8-NS,180,0,1546,0,5,1551,T
8-NS,181,1,0,1548,0,1549,G
8-NS,182,0,1,1547,0,1548,G
8-NS,183,1536,1,0,0,1537,A
8-NS,184,1537,0,1,0,1538,A
8-NS,185,1525,0,2,0,1527,A
8-NS,186,0,0,1530,0,1530,G
8-NS,187,0,0,0,1530,1530,C
8-NS,188,1526,0,0,0,1526,A
8-NS,189,1524,0,0,0,1524,A
8-NS,190,1520,0,2,0,1522,A
8-NS,191,0,1546,0,0,1546,T
8-NS,192,0,1546,0,0,1546,T
8-NS,193,0,0,1565,0,1565,G
8-NS,194,0,1563,0,0,1563,T
8-NS,195,1563,0,1,0,1564,A
8-NS,196,0,0,1566,0,1566,G
8-NS,197,1566,1,0,0,1567,A
8-NS,198,1563,0,0,0,1563,A
8-NS,199,1565,1,0,0,1566,A
8-NS,200,1557,0,1,1,1559,A
8-NS,201,0,2,1561,0,1563,G
8-NS,202,1552,0,3,0,1555,A
8-NS,203,0,1550,0,1,1551,T
8-NS,204,0,1551,0,1,1552,T
8-NS,205,7,0,0,1552,1559,C
8-NS,206,0,1560,0,1,1561,T
8-NS,207,0,1,1563,0,1564,G
8-NS,208,1559,1,1,0,1561,A
8-NS,209,1556,0,2,0,1558,A
8-NS,210,1548,0,2,0,1550,A
8-NS,211,0,1,1560,0,1561,G
8-NS,212,1560,0,0,0,1560,A
8-NS,213,1558,0,2,0,1560,A
8-NS,214,0,1,1569,0,1570,G
8-NS,215,1583,0,2,0,1585,A
8-NS,216,1588,0,0,0,1588,A
8-NS,217,0,1585,0,0,1585,T
8-NS,218,3,2,1,1593,1599,C
8-NS,219,0,1596,0,2,1598,T
8-NS,220,0,3,1605,0,1608,G
8-NS,221,1606,0,1,0,1607,A
8-NS,222,1,1602,0,0,1603,T
8-NS,223,0,2,1592,0,1594,G
8-NS,224,1584,1,1,0,1586,A
8-NS,225,0,2,1588,0,1590,G
8-NS,226,2,1,1594,0,1597,G
8-NS,227,0,0,0,1594,1594,C
8-NS,228,1595,0,2,0,1597,A
8-NS,229,0,0,0,1638,1638,C
8-NS,230,0,1627,0,1,1628,T
8-NS,231,0,1637,0,3,1640,T
8-NS,232,1653,0,0,0,1653,A
8-NS,233,1652,1,1,0,1654,A
8-NS,234,1653,0,1,0,1654,A
8-NS,235,1654,0,1,0,1655,A
8-NS,236,1,1648,0,0,1649,T
8-NS,237,1,9,1643,0,1653,G
8-NS,238,1650,0,1,0,1651,A
8-NS,239,0,0,0,1652,1652,C
8-NS,240,2,0,0,1640,1642,C
8-NS,241,1647,0,1,0,1648,A
8-NS,242,0,1648,0,2,1650,T
8-NS,243,0,2,1683,0,1685,G
8-NS,244,0,1,1698,0,1699,G
8-NS,245,0,1700,0,1,1701,T
8-NS,246,2,1,0,1767,1770,C
8-NS,247,3,1765,0,4,1772,T
8-NS,248,6,0,0,1793,1799,C
8-NS,249,0,0,0,1795,1795,C
8-NS,250,1794,0,1,0,1795,A
8-NS,251,0,0,0,1804,1804,C
8-NS,252,1785,0,1,0,1786,A
8-NS,253,0,0,0,1811,1811,C
8-NS,254,0,1,0,1796,1797,C
8-NS,255,0,1726,3,2,1731,T
8-NS,256,0,1,1737,0,1738,G
8-NS,257,0,1,0,1726,1727,C
8-NS,258,0,1720,0,0,1720,T
8-NS,259,1,1727,0,1,1729,T
8-NS,260,0,1,0,1722,1723,C
8-NS,261,0,0,1726,0,1726,G
8-NS,262,0,0,0,1728,1728,C
8-NS,263,0,5,1726,0,1731,G
8-NS,264,1805,0,1,0,1806,A
8-NS,265,0,1794,0,3,1797,T
8-NS,266,1860,0,0,0,1860,A
8-NS,267,0,2,0,1862,1864,C
8-NS,268,1859,0,1,0,1860,A
8-NS,269,0,1900,0,1,1901,T
8-NS,270,1888,0,0,0,1888,A
8-NS,271,1894,0,2,2,1898,A
8-NS,272,0,1,0,1900,1901,C
8-NS,273,0,1847,0,1,1848,T
8-NS,274,1,3,1868,0,1872,G
8-NS,275,1849,0,1,0,1850,A
8-NS,276,1,2,0,1859,1862,C
8-NS,277,1860,0,0,0,1860,A
8-NS,278,0,1842,0,0,1842,T
8-NS,279,0,6,1847,0,1853,G
8-NS,280,1850,0,0,0,1850,A
8-NS,281,0,1,0,1908,1909,C
8-NS,282,1,1893,0,1,1895,T
8-NS,283,1915,1,0,0,1916,A
8-NS,284,1,1915,0,1,1917,T
8-NS,285,1,1905,0,1,1907,T
8-NS,286,1,0,1907,1,1909,G
8-NS,287,1896,0,1,0,1897,A
8-NS,288,2,2,1887,0,1891,G
8-NS,289,1,6,1883,0,1890,G
8-NS,290,1844,0,1,0,1845,A
8-NS,291,1855,0,0,0,1855,A
8-NS,292,0,1830,0,0,1830,T
8-NS,293,1,1829,0,1,1831,T
8-NS,294,0,0,1862,0,1862,G
8-NS,295,0,1851,0,2,1853,T
8-NS,296,7,1,0,1850,1858,C
8-NS,297,1853,0,3,0,1856,A
8-NS,298,1859,0,1,0,1860,A
8-NS,299,0,0,1861,0,1861,G
8-NS,300,1863,0,1,0,1864,A
8-NS,301,1859,1,1,0,1861,A
8-NS,302,1859,0,2,0,1861,A
8-NS,303,0,0,0,1860,1860,C
8-NS,304,1,1838,0,0,1839,T
8-NS,305,1,1,1850,0,1852,G
8-NS,306,0,1,1882,0,1883,G
8-NS,307,0,1883,0,1,1884,T
8-NS,308,1,1874,0,3,1878,T
8-NS,309,6,2,0,1854,1862,C
8-NS,310,1867,0,2,1,1870,A
8-NS,311,0,1891,0,2,1893,T
8-NS,312,0,2,1904,0,1906,G
8-NS,313,2,2,0,1914,1918,C
8-NS,314,0,1893,0,4,1897,T
8-NS,315,1874,0,2,0,1876,A
8-NS,316,1909,0,0,0,1909,A
8-NS,317,1,1923,0,0,1924,T
8-NS,318,1,1,1917,0,1919,G
8-NS,319,0,0,1,1914,1915,C
8-NS,320,1,1,0,1904,1906,C
8-NS,321,3,1,1,1892,1897,C
8-NS,322,1878,2,0,0,1880,A
8-NS,323,1875,0,1,0,1876,A
8-NS,324,0,0,1890,0,1890,G
8-NS,325,0,0,0,1892,1892,C
8-NS,326,1877,0,5,0,1882,A
8-NS,327,0,1,1890,0,1891,G
8-NS,328,1884,0,0,0,1884,A
8-NS,329,1883,0,0,0,1883,A
8-NS,330,1879,0,0,0,1879,A
8-NS,331,1851,0,2,0,1853,A
8-NS,332,0,1879,0,1,1880,T
8-NS,333,1,1,1884,0,1886,G
8-NS,334,0,4,1883,0,1887,G
8-NS,335,1885,0,3,0,1888,A
8-NS,336,1867,0,2,0,1869,A
8-NS,337,0,3,1859,0,1862,G
8-NS,338,1,5,1862,0,1868,G
8-NS,339,1870,0,1,0,1871,A
8-NS,340,0,0,0,1876,1876,C
8-NS,341,1,0,0,1870,1871,C
8-NS,342,0,1863,0,4,1867,T
8-NS,343,1,0,0,1888,1889,C
8-NS,344,0,1877,0,2,1879,T
8-NS,345,0,1892,0,0,1892,T
8-NS,346,0,1884,0,1,1885,T
8-NS,347,1,1,1881,0,1883,G
8-NS,348,1,1,0,1908,1910,C
8-NS,349,1897,0,1,0,1898,A
8-NS,350,0,1895,0,2,1897,T
8-NS,351,1,1,0,1896,1898,C
8-NS,352,1915,0,0,0,1915,A
8-NS,353,0,5,1973,0,1978,G
8-NS,354,1965,0,1,1,1967,A
8-NS,355,1969,0,2,1,1972,A
8-NS,356,1,1973,0,0,1974,T
8-NS,357,1,3,1944,0,1948,G
8-NS,358,4,2,1955,0,1961,G
8-NS,359,1957,0,3,0,1960,A
8-NS,360,0,0,0,1958,1958,C
8-NS,361,1,0,0,1915,1916,C
8-NS,362,1884,0,4,0,1888,A
8-NS,363,0,4,1898,0,1902,G
8-NS,364,0,0,1900,0,1900,G
8-NS,365,0,1,0,1901,1902,C
8-NS,366,1893,1,0,0,1894,A
8-NS,367,1901,0,0,0,1901,A
8-NS,368,0,1899,0,0,1899,T
8-NS,369,5,1,0,1893,1899,C
8-NS,370,1896,0,0,0,1896,A
8-NS,371,0,1883,0,1,1884,T
8-NS,372,1,1,1865,1,1868,G
8-NS,373,0,0,1873,0,1873,G
8-NS,374,1868,1,1,0,1870,A
8-NS,375,0,4,1868,0,1872,G
8-NS,376,1845,2,1,0,1848,A
8-NS,377,1846,1,0,0,1847,A
8-NS,378,1849,0,1,0,1850,A
8-NS,379,1846,0,2,0,1848,A
8-NS,380,1858,0,1,0,1859,A
8-NS,381,0,2,0,1860,1862,C
8-NS,382,1850,0,2,0,1852,A
8-NS,383,0,1851,0,1,1852,T
8-NS,384,3,0,0,1838,1841,C
8-NS,385,1838,0,0,0,1838,A
8-NS,386,0,1843,0,0,1843,T
8-NS,387,0,0,1841,1,1842,G
8-NS,388,1,1837,0,2,1840,T
8-NS,389,0,1824,0,2,1826,T
8-NS,390,0,3,1822,1,1826,G
8-NS,391,1820,0,2,0,1822,A
8-NS,392,1827,0,2,1,1830,A
8-NS,393,1823,0,1,0,1824,A
8-NS,394,0,0,1836,0,1836,G
8-NS,395,0,0,0,1820,1820,C
8-NS,396,1,8,1815,1,1825,G
8-NS,397,1827,1,1,0,1829,A
8-NS,398,1830,1,0,0,1831,A
8-NS,399,0,1830,0,1,1831,T
8-NS,400,0,1802,0,21,1823,T
8-NS,401,0,1829,0,0,1829,T
8-NS,402,1,1,0,1829,1831,C
8-NS,403,1803,0,0,0,1803,A
8-NS,404,0,0,1802,0,1802,G
8-NS,405,1,1814,0,1,1816,T
8-NS,406,0,0,1818,0,1818,G
8-NS,407,0,1809,1,5,1815,T
8-NS,408,0,9,1812,0,1821,G
8-NS,409,1831,0,1,0,1832,A
8-NS,410,1,1829,0,0,1830,T
8-NS,411,0,1828,0,0,1828,T
8-NS,412,0,1825,1,0,1826,T
8-NS,413,0,1825,0,0,1825,T
8-NS,414,0,1823,0,1,1824,T
8-NS,415,2,4,1796,0,1802,G
8-NS,416,1806,0,2,0,1808,A
8-NS,417,0,1,0,1799,1800,C
8-NS,418,6,1,0,1778,1785,C
8-NS,419,1,1,1792,0,1794,G
8-NS,420,1884,0,1,0,1885,A
8-NS,421,0,0,0,1922,1922,C
8-NS,422,0,1920,0,1,1921,T
8-NS,423,1930,0,2,0,1932,A
8-NS,424,0,1,1937,0,1938,G
8-NS,425,1934,1,3,0,1938,A
8-NS,426,1,7,1945,0,1953,G
8-NS,427,1948,0,3,0,1951,A
8-NS,428,1,1,0,2003,2005,C
8-NS,429,2,0,0,1914,1916,C
8-NS,430,1864,1,0,0,1865,A
8-NS,431,0,1984,0,0,1984,T
8-NS,432,1968,0,1,0,1969,A
8-NS,433,0,0,2107,0,2107,G
8-NS,434,0,2099,0,2,2101,T
8-NS,435,2092,0,0,0,2092,A
8-NS,436,1,2083,0,0,2084,T
8-NS,437,0,2048,0,0,2048,T
8-NS,438,2100,0,0,0,2100,A
8-NS,439,0,1,0,2093,2094,C
8-NS,440,0,2009,1,1,2011,T
8-NS,441,2005,0,1,0,2006,A
8-NS,442,1829,0,1,0,1830,A
8-NS,443,1,3,1840,0,1844,G
8-NS,444,1,4,1825,0,1830,G
8-NS,445,3,0,1827,0,1830,G
8-NS,446,0,0,0,1813,1813,C
8-NS,447,0,1791,0,2,1793,T
8-NS,448,2,1788,0,0,1790,T
8-NS,449,0,1812,0,0,1812,T
8-NS,450,2,2,0,1812,1816,C
8-NS,451,1839,0,1,0,1840,A
8-NS,452,2,2,2,1838,1844,C
8-NS,453,0,5,0,1830,1835,C
8-NS,454,0,1,1830,0,1831,G
8-NS,455,1828,0,1,0,1829,A
8-NS,456,1834,1,0,0,1835,A
8-NS,457,5,1,1831,0,1837,G
8-NS,458,1814,0,4,0,1818,A
8-NS,459,1,2,1816,0,1819,G
8-NS,460,2,0,1793,0,1795,G
8-NS,461,0,3,1806,0,1809,G
8-NS,462,1802,0,2,0,1804,A
8-NS,463,0,0,1810,0,1810,G
8-NS,464,0,0,0,1812,1812,C
8-NS,465,1810,0,1,0,1811,A
8-NS,466,1810,1,1,0,1812,A
8-NS,467,0,1811,0,2,1813,T
8-NS,468,0,1801,0,3,1804,T
8-NS,469,0,0,1809,0,1809,G
8-NS,470,1,1779,0,0,1780,T
8-NS,471,0,1778,0,1,1779,T
8-NS,472,0,1,1778,0,1779,G
8-NS,473,1,1,1782,0,1784,G
8-NS,474,3,1,0,1779,1783,C
8-NS,475,0,6,1771,0,1777,G
8-NS,476,1774,0,0,0,1774,A
8-NS,477,1785,0,0,1,1786,A
8-NS,478,1792,0,0,0,1792,A
8-NS,479,0,1792,1,1,1794,T
8-NS,480,1,0,0,1791,1792,C
8-NS,481,1,1780,0,1,1782,T
8-NS,482,7,1,0,1781,1789,C
8-NS,483,1794,1,1,0,1796,A
8-NS,484,0,1,0,1799,1800,C
8-NS,485,2,0,0,1796,1798,C
8-NS,486,1782,0,0,0,1782,A
8-NS,487,0,1776,1,3,1780,T
8-NS,488,3,1749,0,1,1753,T
8-NS,489,0,0,1751,0,1751,G
8-NS,490,1,2,0,1743,1746,C
8-NS,491,2,0,0,1742,1744,C
8-NS,492,0,1738,0,4,1742,T
8-NS,493,0,1741,0,1,1742,T
8-NS,494,0,0,0,1754,1754,C
8-NS,495,0,1750,0,2,1752,T
8-NS,496,1,1750,0,1,1752,T
8-NS,497,1,1768,0,0,1769,T
8-NS,498,0,1766,0,0,1766,T
8-NS,499,3,0,0,1765,1768,C
8-NS,500,4,5,0,1758,1767,C
8-NS,501,1761,0,1,0,1762,A
8-NS,502,2,0,1786,0,1788,G
8-NS,503,0,6,1782,0,1788,G
8-NS,504,1817,1,1,0,1819,A
8-NS,505,0,0,0,1818,1818,C
8-NS,506,1816,0,2,0,1818,A
8-NS,507,0,1814,1,4,1819,T
8-NS,508,1823,0,1,0,1824,A
8-NS,509,1,0,0,1962,1963,C
8-NS,510,0,1954,0,1,1955,T
8-NS,511,1942,2,1,0,1945,A
8-NS,512,0,1935,0,0,1935,T
8-NS,513,0,1881,0,0,1881,T
8-NS,514,0,2,1882,1,1885,G
8-NS,515,1822,0,4,0,1826,A
8-NS,516,0,1,1815,0,1816,G
8-NS,517,4,3,1806,0,1813,G
8-NS,518,1671,0,0,0,1671,A
8-NS,519,0,1672,0,2,1674,T
8-NS,520,3,1,1688,0,1692,G
8-NS,521,0,1678,0,5,1683,T
8-NS,522,5,0,0,1681,1686,C
8-NS,523,1686,0,1,0,1687,A
8-NS,524,1684,1,1,0,1686,A
8-NS,525,1680,0,0,0,1680,A
8-NS,526,1670,0,0,0,1670,A
8-NS,527,1674,1,1,0,1676,A
8-NS,528,0,1661,0,0,1661,T
8-NS,529,0,0,1665,0,1665,G
8-NS,530,0,0,0,1680,1680,C
8-NS,531,1677,0,2,0,1679,A
8-NS,532,1687,0,0,0,1687,A
8-NS,533,0,1684,0,0,1684,T
8-NS,534,1,1683,1,0,1685,T
8-NS,535,0,0,1680,0,1680,G
8-NS,536,1,5,1669,0,1675,G
8-NS,537,6,4,1674,0,1684,G
8-NS,538,1,0,1695,0,1696,G
8-NS,539,0,1663,0,4,1667,T
8-NS,540,3,1,0,1672,1676,C
8-NS,541,5,1,0,1665,1671,C
8-NS,542,0,1669,0,2,1671,T
8-NS,543,2,0,0,1681,1683,C
8-NS,544,1683,0,0,0,1683,A
8-NS,545,0,1681,0,1,1682,T
8-NS,546,1,0,0,1688,1689,C
8-NS,547,0,1,1670,0,1671,G
8-NS,548,0,1,1672,0,1673,G
8-NS,549,1643,0,2,0,1645,A
8-NS,550,0,1,1651,0,1652,G
8-NS,551,2,3,1654,1,1660,G
8-NS,552,1646,0,2,0,1648,A
8-NS,553,0,1,0,1662,1663,C
8-NS,554,0,1657,0,2,1659,T
8-NS,555,0,1657,0,1,1658,T
8-NS,556,1,4,1662,0,1667,G
8-NS,557,1660,0,0,0,1660,A
8-NS,558,1659,1,1,0,1661,A
8-NS,559,0,1659,0,0,1659,T
8-NS,560,0,2,1620,0,1622,G
8-NS,561,1,3,1641,1,1646,G
8-NS,562,1624,0,1,0,1625,A
8-NS,563,1645,0,0,0,1645,A
8-NS,564,1,1693,0,1,1695,T
8-NS,565,0,2,1692,0,1694,G
8-NS,566,1691,0,1,0,1692,A
8-NS,567,1,1692,0,0,1693,T
8-NS,568,1691,0,2,0,1693,A
8-NS,569,1700,0,2,1,1703,A
8-NS,570,1,0,0,1677,1678,C
8-NS,571,1647,2,1,0,1650,A
8-NS,572,1,1,0,1661,1663,C
8-NS,573,1542,0,1,0,1543,A
8-NS,574,0,0,1561,0,1561,G
8-NS,575,0,1547,0,2,1549,T
8-NS,576,0,1548,0,0,1548,T
8-NS,577,3,1,0,1545,1549,C
8-NS,578,2,3,1531,0,1536,G
8-NS,579,1537,0,3,0,1540,A
8-NS,580,0,0,1540,0,1540,G
8-NS,581,0,1522,0,1,1523,T
8-NS,582,3,0,0,1525,1528,C
8-NS,583,8,1490,0,0,1498,T
8-NS,584,2,1,0,1506,1509,C
8-NS,585,0,1512,0,0,1512,T
8-NS,586,1511,0,0,0,1511,A
8-NS,587,1512,0,0,0,1512,A
8-NS,588,1507,0,0,2,1509,A
8-NS,589,1521,0,0,0,1521,A
8-NS,590,1522,1,0,0,1523,A
8-NS,591,0,1515,0,0,1515,T
8-NS,592,0,0,0,1522,1522,C
8-NS,593,0,1504,0,2,1506,T
8-NS,594,1502,1,1,0,1504,A
8-NS,595,0,2,0,1506,1508,C
8-NS,596,1503,1,1,0,1505,A
8-NS,597,0,2,1504,0,1506,G
8-NS,598,1472,0,1,0,1473,A
8-NS,599,0,3,1473,0,1476,G
8-NS,600,1483,1,1,0,1485,A
8-NS,601,1,1476,0,0,1477,T
8-NS,602,1,1480,0,0,1481,T
8-NS,603,5,0,0,1463,1468,C
8-NS,604,0,0,1478,0,1478,G
8-NS,605,1,0,0,1479,1480,C
8-NS,606,0,1469,0,5,1474,T
8-NS,607,0,1476,0,1,1477,T
8-NS,608,0,1,1462,0,1463,G
8-NS,609,0,2,1461,0,1463,G
8-NS,610,1462,3,2,0,1467,A
8-NS,611,1,0,1465,0,1466,G
8-NS,612,1453,0,0,1,1454,A
8-NS,613,1439,0,3,0,1442,A
8-NS,614,0,0,1472,0,1472,G
8-NS,615,1,1,0,1469,1471,C
8-NS,616,1475,0,1,0,1476,A
8-NS,617,0,0,1502,0,1502,G
8-NS,618,1,1492,0,0,1493,T
8-NS,619,1493,0,2,0,1495,A
8-NS,620,1494,1,1,0,1496,A
8-NS,621,1,1487,0,0,1488,T
8-NS,622,0,5,1491,0,1496,G
8-NS,623,1434,0,2,0,1436,A
8-NS,624,0,1,1447,0,1448,G
8-NS,625,1437,0,0,0,1437,A
8-NS,626,1388,1,0,0,1389,A
8-NS,627,0,1387,0,0,1387,T
8-NS,628,0,1,1366,0,1367,G
8-NS,629,0,2,1373,0,1375,G
8-NS,630,1,2,1359,0,1362,G
8-NS,631,0,1,1355,0,1356,G
8-NS,632,3,3,1346,0,1352,G
8-NS,633,1308,0,1,0,1309,A
8-NS,634,0,1255,0,2,1257,T
8-NS,635,1,0,1,1278,1280,C
8-NS,636,0,1282,0,5,1287,T
8-NS,637,0,0,0,1287,1287,C
8-NS,638,1,0,0,1289,1290,C
8-NS,639,1295,0,1,0,1296,A
8-NS,640,0,1,0,1293,1294,C
8-NS,641,0,1264,0,1,1265,T
8-NS,642,0,1257,0,3,1260,T
8-NS,643,1251,0,0,0,1251,A
8-NS,644,0,0,0,1261,1261,C
8-NS,645,0,1259,0,0,1259,T
8-NS,646,5,4,0,1245,1254,C
8-NS,647,2,0,0,1239,1241,C
8-NS,648,1233,1,0,1,1235,A
8-NS,649,1247,0,0,0,1247,A
8-NS,650,1244,0,0,0,1244,A
8-NS,651,1243,1,1,0,1245,A
8-NS,652,0,0,0,1248,1248,C
8-NS,653,1219,0,0,0,1219,A
8-NS,654,2,1,1219,0,1222,G
8-NS,655,1217,1,1,0,1219,A
8-NS,656,1217,0,1,0,1218,A
8-NS,657,1215,0,3,0,1218,A
8-NS,658,0,0,0,1217,1217,C
8-NS,659,0,0,1219,0,1219,G
8-NS,660,0,1,1212,0,1213,G
8-NS,661,0,0,1212,0,1212,G
8-NS,662,1210,0,1,1,1212,A
8-NS,663,1207,0,0,0,1207,A
8-NS,664,1205,0,2,0,1207,A
8-NS,665,0,1204,0,0,1204,T
8-NS,666,1,1,1202,0,1204,G
8-NS,667,1,0,1204,0,1205,G
8-NS,668,1,2,0,1192,1195,C
8-NS,669,1,0,1195,0,1196,G
8-NS,670,1190,0,1,0,1191,A
8-NS,671,0,3,1192,0,1195,G
8-NS,672,1193,0,1,0,1194,A
8-NS,673,1192,0,0,0,1192,A
8-NS,674,0,0,0,1194,1194,C
8-NS,675,1173,0,1,0,1174,A
8-NS,676,0,0,1171,0,1171,G
8-NS,677,0,1,0,1167,1168,C
8-NS,678,0,1168,0,1,1169,T
8-NS,679,1163,0,1,0,1164,A
8-NS,680,0,0,1155,0,1155,G
8-NS,681,0,0,1160,0,1160,G
8-NS,682,0,1156,0,1,1157,T
8-NS,683,4,0,0,1128,1132,C
8-NS,684,1137,0,0,0,1137,A
8-NS,685,1133,1,0,0,1134,A
8-NS,686,1135,0,0,0,1135,A
8-NS,687,1140,0,0,0,1140,A
8-NS,688,0,0,1140,1,1141,G
8-NS,689,0,1116,0,1,1117,T
8-NS,690,0,1116,0,0,1116,T
8-NS,691,0,1117,0,0,1117,T
8-NS,692,0,1,1117,0,1118,G
8-NS,693,1115,1,0,0,1116,A
8-NS,694,1117,0,0,0,1117,A
8-NS,695,0,3,1118,0,1121,G
8-NS,696,1092,1,0,0,1093,A
8-NS,697,0,0,1103,0,1103,G
8-NS,698,1101,0,1,0,1102,A
8-NS,699,0,1102,0,0,1102,T
8-NS,700,1096,0,1,0,1097,A
8-NS,701,1095,1,0,0,1096,A
8-NS,702,0,1,1095,0,1096,G
8-NS,703,1019,0,2,0,1021,A
8-NS,704,0,1025,0,0,1025,T
8-NS,705,0,1,1027,0,1028,G
8-NS,706,0,0,1026,0,1026,G
8-NS,707,1,0,0,1019,1020,C
8-NS,708,0,1011,0,0,1011,T
8-NS,709,1017,0,0,0,1017,A
8-NS,710,1013,0,0,0,1013,A
8-NS,711,0,1016,0,0,1016,T
8-NS,712,1,1010,0,0,1011,T
8-NS,713,0,0,1014,0,1014,G
8-NS,714,995,1,0,0,996,A
8-NS,715,992,0,2,0,994,A
8-NS,716,1,0,993,0,994,G
8-NS,717,990,0,2,0,992,A
8-NS,718,981,0,0,0,981,A
8-NS,719,0,2,996,0,998,G
8-NS,720,0,979,0,1,980,T
8-NS,721,0,2,979,0,981,G
8-NS,722,971,0,1,0,972,A
8-NS,723,1,1,967,0,969,G
8-NS,724,971,0,2,0,973,A
8-NS,725,0,0,0,967,967,C
8-NS,726,958,0,0,1,959,A
8-NS,727,0,0,0,957,957,C
8-NS,728,892,0,0,0,892,A
8-NS,729,1,0,900,0,901,G
8-NS,730,897,1,0,0,898,A
8-NS,731,0,891,0,0,891,T
8-NS,732,1,889,1,0,891,T
8-NS,733,895,1,0,0,896,A
8-NS,734,892,0,1,0,893,A
8-NS,735,896,0,0,0,896,A
8-NS,736,894,0,0,0,894,A
8-NS,737,893,1,0,0,894,A
8-NS,738,1,1,0,847,849,C
8-NS,739,810,1,0,0,811,A
8-NS,740,812,0,1,0,813,A
8-NS,741,0,0,0,814,814,C
8-NS,742,0,808,0,1,809,T
8-NS,743,0,1,809,1,811,G
8-NS,744,809,1,0,1,811,A
8-NS,745,808,1,0,0,809,A
8-NS,746,811,0,0,0,811,A
8-NS,747,804,0,0,0,804,A
8-NS,748,0,802,0,1,803,T
8-NS,749,794,0,0,0,794,A
8-NS,750,0,0,798,1,799,G
8-NS,751,0,0,0,798,798,C
8-NS,752,0,774,0,1,775,T
8-NS,753,0,777,0,0,777,T
8-NS,754,0,770,0,0,770,T
8-NS,755,0,2,770,0,772,G
8-NS,756,773,0,0,0,773,A
8-NS,757,774,0,0,0,774,A
8-NS,758,0,0,0,772,772,C
8-NS,759,752,0,0,0,752,A
8-NS,760,754,0,0,0,754,A
8-NS,761,757,1,0,0,758,A
8-NS,762,0,758,1,0,759,T
8-NS,763,758,0,0,0,758,A
8-NS,764,739,0,0,0,739,A
8-NS,765,0,0,0,735,735,C
8-NS,766,729,0,0,0,729,A
8-NS,767,0,717,0,1,718,T
8-NS,768,0,707,0,2,709,T
8-NS,769,2,0,0,693,695,C
8-NS,770,686,0,1,0,687,A
8-NS,771,1,683,0,0,684,T
8-NS,772,1,0,680,1,682,G
8-NS,773,0,0,0,671,671,C
8-NS,774,665,0,0,0,665,A
8-NS,775,659,0,0,0,659,A
8-NS,776,1,0,658,0,659,G
8-NS,777,0,0,0,664,664,C
8-NS,778,649,0,0,0,649,A
8-NS,779,1,648,0,0,649,T
8-NS,780,0,649,0,0,649,T
8-NS,781,649,0,1,0,650,A
8-NS,782,1,0,1,644,646,C
8-NS,783,644,0,2,0,646,A
8-NS,784,638,0,0,0,638,A
8-NS,785,0,0,0,632,632,C
8-NS,786,0,530,0,0,530,T
8-NS,787,0,0,530,0,530,G
8-NS,788,0,1,0,516,517,C
8-NS,789,0,487,0,0,487,T
8-NS,790,0,0,487,0,487,G
8-NS,791,0,477,0,0,477,T
8-NS,792,0,477,0,0,477,T
8-NS,793,0,477,0,0,477,T
8-NS,794,0,0,473,0,473,G
8-NS,795,468,0,3,0,471,A
8-NS,796,460,0,1,0,461,A
8-NS,797,1,0,459,0,460,G
8-NS,798,0,459,0,0,459,T
8-NS,799,0,0,436,1,437,G
8-NS,800,0,1,437,0,438,G
8-NS,801,437,0,0,0,437,A
8-NS,802,438,0,0,0,438,A
8-NS,803,0,0,0,436,436,C
8-NS,804,422,0,1,0,423,A
8-NS,805,0,0,423,0,423,G
8-NS,806,0,0,416,0,416,G
8-NS,807,406,0,1,0,407,A
8-NS,808,0,1,411,0,412,G
8-NS,809,343,0,2,0,345,A
8-NS,810,0,343,0,0,343,T
8-NS,811,341,0,0,0,341,A
8-NS,812,340,0,0,0,340,A
8-NS,813,0,0,340,0,340,G
8-NS,814,310,0,0,0,310,A
8-NS,815,308,0,1,0,309,A
8-NS,816,0,0,0,303,303,C
8-NS,817,0,249,0,0,249,T
8-NS,818,0,245,0,0,245,T
8-NS,819,0,246,0,0,246,T
8-NS,820,0,0,0,248,248,C
8-NS,821,0,235,0,0,235,T
8-NS,822,1,0,0,228,229,C
8-NS,823,225,0,0,0,225,A
8-NS,824,0,224,0,0,224,T
8-NS,825,0,221,0,0,221,T
8-NS,826,1,221,0,0,222,T
8-NS,827,1,0,0,219,220,C
8-NS,828,211,0,0,0,211,A
8-NS,829,0,0,210,0,210,G
8-NS,830,0,0,0,209,209,C
8-NS,831,0,193,0,1,194,T
8-NS,832,0,190,0,0,190,T
8-NS,833,187,0,0,0,187,A
8-NS,834,0,185,0,0,185,T
8-NS,835,0,186,0,0,186,T
8-NS,836,0,186,0,0,186,T
8-NS,837,182,0,0,0,182,A
8-NS,838,182,0,0,0,182,A
8-NS,839,0,176,0,0,176,T
8-NS,840,0,0,173,0,173,G
8-NS,841,168,0,0,0,168,A
8-NS,842,0,143,0,0,143,T
8-NS,843,139,0,0,0,139,A
8-NS,844,137,0,1,0,138,A
8-NS,845,138,0,0,0,138,A
8-NS,846,139,0,0,0,139,A
8-NS,847,138,0,0,0,138,A
8-NS,848,136,0,0,0,136,A
8-NS,849,0,0,0,135,135,C
8-NS,850,115,0,0,0,115,A
8-NS,851,0,0,0,115,115,C
8-NS,852,0,0,0,106,106,C
8-NS,853,0,0,0,102,102,C
8-NS,854,0,93,0,0,93,T
8-NS,855,0,90,0,0,90,T
8-NS,856,0,0,90,0,90,G
8-NS,857,0,84,0,0,84,T
8-NS,858,0,84,0,0,84,T
8-NS,859,0,83,0,0,83,T
8-NS,860,0,0,0,39,39,C
8-NS,861,0,28,0,0,28,T
8-NS,862,22,0,0,0,22,A
8-NS,863,0,0,0,22,22,C
