Gene,Position,A,T,G,C,Coverage,Consensus
1-PB2,1,70,0,0,0,70,A
1-PB2,2,0,70,0,0,70,T
1-PB2,3,0,0,71,0,71,G
1-PB2,4,0,0,72,0,72,G
1-PB2,5,72,0,0,0,72,A
1-PB2,6,72,0,0,0,72,A
1-PB2,7,71,0,1,0,72,A
1-PB2,8,0,2,76,0,78,G
1-PB2,9,78,0,0,0,78,A
1-PB2,10,78,0,0,0,78,A
1-PB2,11,0,79,0,0,79,T
1-PB2,12,79,0,0,0,79,A
1-PB2,13,79,0,0,0,79,A
1-PB2,14,79,0,0,0,79,A
1-PB2,15,79,0,0,0,79,A
1-PB2,16,0,0,80,0,80,G
1-PB2,17,81,0,1,0,82,A
1-PB2,18,81,0,0,0,81,A
1-PB2,19,0,0,0,86,86,C
1-PB2,20,0,86,0,0,86,T
1-PB2,21,89,0,0,0,89,A
1-PB2,22,0,0,0,89,89,C
1-PB2,23,0,0,89,0,89,G
1-PB2,24,0,0,89,0,89,G
1-PB2,25,89,0,0,0,89,A
1-PB2,26,91,0,0,0,91,A
1-PB2,27,0,91,0,0,91,T
1-PB2,28,0,0,0,92,92,C
1-PB2,29,1,91,0,0,92,T
1-PB2,30,0,0,92,0,92,G
1-PB2,31,94,0,0,0,94,A
1-PB2,32,0,94,0,0,94,T
1-PB2,33,0,0,93,0,93,G
1-PB2,34,0,96,0,0,96,T
1-PB2,35,0,0,0,96,96,C
1-PB2,36,0,0,96,0,96,G
1-PB2,37,0,0,0,96,96,C
1-PB2,38,96,0,0,0,96,A
1-PB2,39,0,0,100,0,100,G
1-PB2,40,0,101,0,0,101,T
1-PB2,41,0,0,0,102,102,C
1-PB2,42,0,102,0,0,102,T
1-PB2,43,0,0,0,102,102,C
1-PB2,44,0,0,102,0,102,G
1-PB2,45,0,0,0,102,102,C
1-PB2,46,102,0,0,0,102,A
1-PB2,47,0,0,0,103,103,C
1-PB2,48,0,102,0,0,102,T
1-PB2,49,0,0,0,106,106,C
1-PB2,50,0,0,106,0,106,G
1-PB2,51,0,0,0,108,108,C
1-PB2,52,0,0,108,0,108,G
1-PB2,53,108,0,1,0,109,A
1-PB2,54,0,0,109,0,109,G
1-PB2,55,116,0,0,0,116,A
1-PB2,56,0,114,0,0,114,T
1-PB2,57,114,0,1,0,115,A
1-PB2,58,0,0,0,115,115,C
1-PB2,59,0,115,0,0,115,T
1-PB2,60,0,2,120,0,122,G
1-PB2,61,122,0,0,0,122,A
1-PB2,62,0,0,0,122,122,C
1-PB2,63,122,0,0,0,122,A
1-PB2,64,123,0,0,0,123,A
1-PB2,65,122,0,0,0,122,A
1-PB2,66,125,0,0,0,125,A
1-PB2,67,126,0,0,0,126,A
1-PB2,68,0,0,0,125,125,C
1-PB2,69,0,0,0,126,126,C
1-PB2,70,127,0,0,0,127,A
1-PB2,71,0,0,0,128,128,C
1-PB2,72,128,0,0,0,128,A
1-PB2,73,0,0,130,0,130,G
1-PB2,74,0,129,0,0,129,T
1-PB2,75,0,0,134,0,134,G
1-PB2,76,0,1,135,0,136,G
1-PB2,77,135,0,0,0,135,A
1-PB2,78,0,0,0,142,142,C
1-PB2,79,0,0,0,140,140,C
1-PB2,80,143,0,0,0,143,A
1-PB2,81,0,144,0,0,144,T
1-PB2,82,144,0,0,0,144,A
1-PB2,83,0,144,0,0,144,T
1-PB2,84,0,2,144,0,146,G
1-PB2,85,0,0,149,0,149,G
1-PB2,86,0,0,0,149,149,C
1-PB2,87,0,0,0,145,145,C
1-PB2,88,145,0,0,0,145,A
1-PB2,89,0,162,0,0,162,T
1-PB2,90,163,0,0,0,163,A
1-PB2,91,171,0,1,0,172,A
1-PB2,92,0,172,0,0,172,T
1-PB2,93,0,170,0,0,170,T
1-PB2,94,173,0,0,0,173,A
1-PB2,95,171,1,0,0,172,A
1-PB2,96,0,0,179,0,179,G
1-PB2,97,179,0,0,0,179,A
1-PB2,98,177,0,0,0,177,A
1-PB2,99,0,0,184,0,184,G
1-PB2,100,0,182,0,0,182,T
1-PB2,101,183,0,0,0,183,A
1-PB2,102,0,0,0,183,183,C
1-PB2,103,180,0,0,0,180,A
1-PB2,104,0,0,0,186,186,C
1-PB2,105,185,0,0,0,185,A
1-PB2,106,0,185,0,0,185,T
1-PB2,107,0,0,0,186,186,C
1-PB2,108,0,1,185,0,186,G
1-PB2,109,0,0,188,0,188,G
1-PB2,110,0,0,187,0,187,G
1-PB2,111,0,0,188,0,188,G
1-PB2,112,186,0,1,0,187,A
1-PB2,113,0,1,187,0,188,G
1-PB2,114,188,0,0,0,188,A
1-PB2,115,0,0,0,189,189,C
1-PB2,116,189,0,0,0,189,A
1-PB2,117,0,1,190,0,191,G
1-PB2,118,0,0,196,0,196,G
1-PB2,119,199,0,0,0,199,A
1-PB2,120,197,0,0,0,197,A
1-PB2,121,198,0,1,0,199,A
1-PB2,122,198,0,0,0,198,A
1-PB2,123,0,0,200,0,200,G
1-PB2,124,200,0,0,0,200,A
1-PB2,125,200,0,0,0,200,A
1-PB2,126,0,0,0,198,198,C
1-PB2,127,0,0,0,195,195,C
1-PB2,128,0,0,0,196,196,C
1-PB2,129,0,0,197,0,197,G
1-PB2,130,0,197,0,0,197,T
1-PB2,131,1,0,0,197,198,C
1-PB2,132,201,0,0,0,201,A
1-PB2,133,0,0,0,201,201,C
1-PB2,134,0,200,0,0,200,T
1-PB2,135,0,198,0,0,198,T
1-PB2,136,199,0,0,0,199,A
1-PB2,137,0,1,203,0,204,G
1-PB2,138,0,0,204,0,204,G
1-PB2,139,204,0,0,0,204,A
1-PB2,140,0,203,0,0,203,T
1-PB2,141,0,0,208,0,208,G
1-PB2,142,212,0,0,0,212,A
1-PB2,143,212,0,0,0,212,A
1-PB2,144,211,0,1,0,212,A
1-PB2,145,0,212,0,0,212,T
1-PB2,146,0,0,216,0,216,G
1-PB2,147,0,0,217,0,217,G
1-PB2,148,218,0,0,0,218,A
1-PB2,149,0,218,0,0,218,T
1-PB2,150,0,1,218,0,219,G
1-PB2,151,215,0,0,0,215,A
1-PB2,152,0,213,1,0,214,T
1-PB2,153,0,0,215,0,215,G
1-PB2,154,0,0,215,0,215,G
1-PB2,155,2,0,0,213,215,C
1-PB2,156,212,0,0,0,212,A
1-PB2,157,216,0,0,0,216,A
1-PB2,158,1,215,0,0,216,T
1-PB2,159,1,0,224,0,225,G
1-PB2,160,225,0,0,0,225,A
1-PB2,161,225,0,0,0,225,A
1-PB2,162,225,0,0,0,225,A
1-PB2,163,0,224,0,0,224,T
1-PB2,164,227,0,0,0,227,A
1-PB2,165,0,0,0,232,232,C
1-PB2,166,0,0,0,230,230,C
1-PB2,167,1,0,0,229,230,C
1-PB2,168,226,0,1,0,227,A
1-PB2,169,227,0,0,0,227,A
1-PB2,170,0,227,0,0,227,T
1-PB2,171,0,0,0,228,228,C
1-PB2,172,227,0,0,0,227,A
1-PB2,173,0,0,0,231,231,C
1-PB2,174,0,230,0,0,230,T
1-PB2,175,0,0,231,0,231,G
1-PB2,176,0,0,0,231,231,C
1-PB2,177,0,229,0,1,230,T
1-PB2,178,0,0,233,0,233,G
1-PB2,179,233,0,0,0,233,A
1-PB2,180,1,0,0,234,235,C
1-PB2,181,235,0,0,0,235,A
1-PB2,182,231,0,0,0,231,A
1-PB2,183,235,0,0,0,235,A
1-PB2,184,233,0,0,0,233,A
1-PB2,185,0,1,236,0,237,G
1-PB2,186,0,0,237,0,237,G
1-PB2,187,235,0,1,0,236,A
1-PB2,188,0,235,0,2,237,T
1-PB2,189,238,0,0,0,238,A
1-PB2,190,238,0,0,0,238,A
1-PB2,191,0,0,0,242,242,C
1-PB2,192,241,0,0,0,241,A
1-PB2,193,0,0,241,0,241,G
1-PB2,194,237,0,0,0,237,A
1-PB2,195,238,0,0,0,238,A
1-PB2,196,239,0,0,0,239,A
1-PB2,197,0,239,0,0,239,T
1-PB2,198,0,0,238,0,238,G
1-PB2,199,0,0,240,0,240,G
1-PB2,200,0,239,0,0,239,T
1-PB2,201,0,240,0,0,240,T
1-PB2,202,0,0,0,238,238,C
1-PB2,203,0,0,0,238,238,C
1-PB2,204,0,1,238,0,239,G
1-PB2,205,0,1,238,0,239,G
1-PB2,206,238,0,1,0,239,A
1-PB2,207,0,0,237,0,237,G
1-PB2,208,236,0,0,0,236,A
1-PB2,209,0,0,239,0,239,G
1-PB2,210,240,0,0,0,240,A
1-PB2,211,242,0,0,0,242,A
1-PB2,212,240,0,1,0,241,A
1-PB2,213,0,239,1,0,240,T
1-PB2,214,0,0,243,0,243,G
1-PB2,215,243,0,0,0,243,A
1-PB2,216,242,0,0,0,242,A
1-PB2,217,0,0,0,241,241,C
1-PB2,218,240,0,0,0,240,A
1-PB2,219,244,0,0,0,244,A
1-PB2,220,0,1,246,0,247,G
1-PB2,221,0,1,250,0,251,G
1-PB2,222,250,0,1,0,251,A
1-PB2,223,0,0,0,249,249,C
1-PB2,224,249,0,0,0,249,A
1-PB2,225,249,0,1,0,250,A
1-PB2,226,250,0,0,0,250,A
1-PB2,227,0,0,0,250,250,C
1-PB2,228,0,0,0,242,242,C
1-PB2,229,0,0,0,261,261,C
1-PB2,230,0,262,0,0,262,T
1-PB2,231,261,0,1,0,262,A
1-PB2,232,1,259,0,2,262,T
1-PB2,233,0,0,263,0,263,G
1-PB2,234,0,0,271,0,271,G
1-PB2,235,262,0,0,0,262,A
1-PB2,236,1,0,266,0,267,G
1-PB2,237,0,266,0,0,266,T
1-PB2,238,265,0,0,0,265,A
1-PB2,239,265,0,0,0,265,A
1-PB2,240,264,0,0,0,264,A
1-PB2,241,263,0,1,0,264,A
1-PB2,242,0,263,0,0,263,T
1-PB2,243,0,2,256,0,258,G
1-PB2,244,255,0,0,0,255,A
1-PB2,245,0,0,255,0,255,G
1-PB2,246,0,255,0,0,255,T
1-PB2,247,0,1,253,0,254,G
1-PB2,248,257,0,0,0,257,A
1-PB2,249,0,259,0,0,259,T
1-PB2,250,0,0,260,0,260,G
1-PB2,251,0,0,0,259,259,C
1-PB2,252,0,257,0,1,258,T
1-PB2,253,0,0,263,0,263,G
1-PB2,254,0,0,264,0,264,G
1-PB2,255,265,0,0,0,265,A
1-PB2,256,0,265,0,0,265,T
1-PB2,257,1,0,0,262,263,C
1-PB2,258,266,0,0,0,266,A
1-PB2,259,0,0,270,0,270,G
1-PB2,260,271,0,0,0,271,A
1-PB2,261,0,271,0,0,271,T
1-PB2,262,266,0,1,0,267,A
1-PB2,263,0,1,271,0,272,G
1-PB2,264,266,0,0,0,266,A
1-PB2,265,0,0,272,0,272,G
1-PB2,266,0,271,0,0,271,T
1-PB2,267,0,0,266,0,266,G
1-PB2,268,258,0,0,0,258,A
1-PB2,269,0,259,0,1,260,T
1-PB2,270,0,1,263,0,264,G
1-PB2,271,0,0,271,0,271,G
1-PB2,272,0,268,0,0,268,T
1-PB2,273,268,0,0,0,268,A
1-PB2,274,0,265,0,0,265,T
1-PB2,275,2,0,0,262,264,C
1-PB2,276,267,0,0,0,267,A
1-PB2,277,0,0,0,268,268,C
1-PB2,278,1,0,0,266,267,C
1-PB2,279,0,263,0,0,263,T
1-PB2,280,0,264,0,0,264,T
1-PB2,281,0,266,0,0,266,T
1-PB2,282,0,0,263,0,263,G
1-PB2,283,0,0,267,0,267,G
1-PB2,284,0,0,0,269,269,C
1-PB2,285,0,266,0,0,266,T
1-PB2,286,0,0,269,0,269,G
1-PB2,287,0,273,0,0,273,T
1-PB2,288,273,0,0,0,273,A
1-PB2,289,275,0,0,0,275,A
1-PB2,290,0,0,0,274,274,C
1-PB2,291,269,0,0,0,269,A
1-PB2,292,0,268,0,0,268,T
1-PB2,293,0,1,265,0,266,G
1-PB2,294,0,0,271,0,271,G
1-PB2,295,0,270,0,0,270,T
1-PB2,296,0,0,265,0,265,G
1-PB2,297,0,1,270,0,271,G
1-PB2,298,272,0,0,0,272,A
1-PB2,299,274,0,0,0,274,A
1-PB2,300,0,275,0,0,275,T
1-PB2,301,275,0,0,0,275,A
1-PB2,302,0,1,277,0,278,G
1-PB2,303,272,0,0,0,272,A
1-PB2,304,272,0,0,0,272,A
1-PB2,305,270,0,0,0,270,A
1-PB2,306,0,265,0,0,265,T
1-PB2,307,1,1,263,0,265,G
1-PB2,308,0,0,264,0,264,G
1-PB2,309,266,1,0,0,267,A
1-PB2,310,1,0,0,265,266,C
1-PB2,311,1,0,0,264,265,C
1-PB2,312,1,0,0,259,260,C
1-PB2,313,0,0,262,0,262,G
1-PB2,314,0,265,0,0,265,T
1-PB2,315,0,1,272,0,273,G
1-PB2,316,273,0,0,0,273,A
1-PB2,317,0,0,0,272,272,C
1-PB2,318,271,0,1,0,272,A
1-PB2,319,272,0,0,0,272,A
1-PB2,320,0,0,278,0,278,G
1-PB2,321,0,274,0,0,274,T
1-PB2,322,274,0,0,0,274,A
1-PB2,323,0,2,0,271,273,C
1-PB2,324,0,1,269,0,270,G
1-PB2,325,0,0,278,0,278,G
1-PB2,326,0,277,0,0,277,T
1-PB2,327,1,0,0,279,280,C
1-PB2,328,1,0,0,279,280,C
1-PB2,329,278,0,0,0,278,A
1-PB2,330,0,279,0,0,279,T
1-PB2,331,0,281,0,0,281,T
1-PB2,332,299,0,0,0,299,A
1-PB2,333,1,0,0,295,296,C
1-PB2,334,0,0,0,290,290,C
1-PB2,335,1,0,0,290,291,C
1-PB2,336,287,0,0,0,287,A
1-PB2,337,286,0,0,0,286,A
1-PB2,338,284,0,0,0,284,A
1-PB2,339,283,0,0,0,283,A
1-PB2,340,0,0,295,0,295,G
1-PB2,341,0,290,0,0,290,T
1-PB2,342,0,0,294,0,294,G
1-PB2,343,0,295,0,0,295,T
1-PB2,344,295,0,0,0,295,A
1-PB2,345,0,0,0,294,294,C
1-PB2,346,290,0,0,0,290,A
1-PB2,347,294,0,0,0,294,A
1-PB2,348,0,1,293,0,294,G
1-PB2,349,290,0,1,0,291,A
1-PB2,350,0,0,0,291,291,C
1-PB2,351,0,283,0,0,283,T
1-PB2,352,0,286,0,0,286,T
1-PB2,353,286,0,0,0,286,A
1-PB2,354,0,284,0,0,284,T
1-PB2,355,0,285,0,0,285,T
1-PB2,356,0,282,0,0,282,T
1-PB2,357,2,0,0,278,280,C
1-PB2,358,0,1,276,0,277,G
1-PB2,359,280,0,0,0,280,A
1-PB2,360,0,0,0,280,280,C
1-PB2,361,278,0,0,0,278,A
1-PB2,362,278,0,0,0,278,A
1-PB2,363,278,0,0,0,278,A
1-PB2,364,0,0,282,0,282,G
1-PB2,365,0,282,0,0,282,T
1-PB2,366,1,0,0,281,282,C
1-PB2,367,0,0,281,0,281,G
1-PB2,368,282,0,0,0,282,A
1-PB2,369,283,0,0,0,283,A
1-PB2,370,281,0,0,0,281,A
1-PB2,371,0,0,286,0,286,G
1-PB2,372,0,1,289,0,290,G
1-PB2,373,0,286,0,0,286,T
1-PB2,374,0,286,0,0,286,T
1-PB2,375,284,0,1,0,285,A
1-PB2,376,283,0,0,0,283,A
1-PB2,377,283,1,0,0,284,A
1-PB2,378,286,0,1,0,287,A
1-PB2,379,1,0,0,287,288,C
1-PB2,380,284,0,0,0,284,A
1-PB2,381,0,280,0,0,280,T
1-PB2,382,0,1,277,0,278,G
1-PB2,383,0,0,276,0,276,G
1-PB2,384,278,0,0,0,278,A
1-PB2,385,281,1,0,0,282,A
1-PB2,386,1,0,0,288,289,C
1-PB2,387,0,0,0,294,294,C
1-PB2,388,0,289,0,0,289,T
1-PB2,389,0,289,0,0,289,T
1-PB2,390,0,290,0,0,290,T
1-PB2,391,0,1,288,0,289,G
1-PB2,392,0,0,289,0,289,G
1-PB2,393,1,0,0,285,286,C
1-PB2,394,0,0,0,289,289,C
1-PB2,395,0,0,0,289,289,C
1-PB2,396,0,284,0,0,284,T
1-PB2,397,0,0,291,0,291,G
1-PB2,398,1,291,0,0,292,T
1-PB2,399,0,291,0,0,291,T
1-PB2,400,0,0,0,292,292,C
1-PB2,401,291,0,0,0,291,A
1-PB2,402,0,290,0,0,290,T
1-PB2,403,0,291,0,0,291,T
1-PB2,404,0,290,0,0,290,T
1-PB2,405,0,291,0,0,291,T
1-PB2,406,290,0,0,0,290,A
1-PB2,407,0,1,289,0,290,G
1-PB2,408,288,1,0,0,289,A
1-PB2,409,289,0,0,0,289,A
1-PB2,410,288,0,0,0,288,A
1-PB2,411,0,288,0,0,288,T
1-PB2,412,1,0,0,287,288,C
1-PB2,413,290,0,0,0,290,A
1-PB2,414,290,0,0,0,290,A
1-PB2,415,0,0,291,0,291,G
1-PB2,416,0,289,0,1,290,T
1-PB2,417,4,0,0,287,291,C
1-PB2,418,291,0,0,0,291,A
1-PB2,419,291,0,0,0,291,A
1-PB2,420,0,0,291,0,291,G
1-PB2,421,292,0,0,0,292,A
1-PB2,422,0,292,0,0,292,T
1-PB2,423,296,0,0,0,296,A
1-PB2,424,0,0,0,295,295,C
1-PB2,425,1,0,294,0,295,G
1-PB2,426,0,0,0,304,304,C
1-PB2,427,302,1,0,0,303,A
1-PB2,428,0,0,306,0,306,G
1-PB2,429,306,0,0,0,306,A
1-PB2,430,310,0,0,0,310,A
1-PB2,431,0,0,314,0,314,G
1-PB2,432,308,0,0,0,308,A
1-PB2,433,0,0,309,0,309,G
1-PB2,434,0,304,0,1,305,T
1-PB2,435,303,0,0,0,303,A
1-PB2,436,0,1,309,0,310,G
1-PB2,437,303,0,0,0,303,A
1-PB2,438,0,1,0,311,312,C
1-PB2,439,307,0,0,0,307,A
1-PB2,440,0,299,0,0,299,T
1-PB2,441,295,0,0,0,295,A
1-PB2,442,297,0,0,0,297,A
1-PB2,443,299,0,0,0,299,A
1-PB2,444,0,0,0,294,294,C
1-PB2,445,1,1,0,292,294,C
1-PB2,446,1,0,0,286,287,C
1-PB2,447,0,259,0,0,259,T
1-PB2,448,0,0,262,0,262,G
1-PB2,449,0,0,263,0,263,G
1-PB2,450,0,263,0,0,263,T
1-PB2,451,0,0,0,257,257,C
1-PB2,452,263,0,0,0,263,A
1-PB2,453,0,261,0,1,262,T
1-PB2,454,0,0,264,0,264,G
1-PB2,455,0,0,0,263,263,C
1-PB2,456,263,0,0,0,263,A
1-PB2,457,0,1,262,0,263,G
1-PB2,458,256,0,0,0,256,A
1-PB2,459,0,0,0,260,260,C
1-PB2,460,0,0,0,258,258,C
1-PB2,461,0,259,0,0,259,T
1-PB2,462,0,0,0,258,258,C
1-PB2,463,254,0,0,0,254,A
1-PB2,464,0,0,264,0,264,G
1-PB2,465,0,263,0,0,263,T
1-PB2,466,0,0,260,0,260,G
1-PB2,467,0,0,0,259,259,C
1-PB2,468,0,1,0,254,255,C
1-PB2,469,253,0,0,0,253,A
1-PB2,470,254,0,0,0,254,A
1-PB2,471,252,0,0,0,252,A
1-PB2,472,0,1,254,0,255,G
1-PB2,473,247,0,0,0,247,A
1-PB2,474,0,0,248,0,248,G
1-PB2,475,0,0,251,0,251,G
1-PB2,476,0,0,0,248,248,C
1-PB2,477,252,0,0,0,252,A
1-PB2,478,1,0,0,251,252,C
1-PB2,479,251,0,0,0,251,A
1-PB2,480,258,0,0,0,258,A
1-PB2,481,0,0,264,0,264,G
1-PB2,482,267,0,0,0,267,A
1-PB2,483,0,267,0,0,267,T
1-PB2,484,0,0,263,0,263,G
1-PB2,485,0,261,0,0,261,T
1-PB2,486,265,0,0,0,265,A
1-PB2,487,264,0,0,0,264,A
1-PB2,488,0,264,0,0,264,T
1-PB2,489,3,0,0,239,242,C
1-PB2,490,245,0,0,0,245,A
1-PB2,491,0,244,0,0,244,T
1-PB2,492,0,0,245,0,245,G
1-PB2,493,0,0,244,0,244,G
1-PB2,494,245,0,0,0,245,A
1-PB2,495,245,0,0,0,245,A
1-PB2,496,0,0,244,0,244,G
1-PB2,497,0,244,0,0,244,T
1-PB2,498,0,244,0,0,244,T
1-PB2,499,0,0,244,0,244,G
1-PB2,500,0,244,0,0,244,T
1-PB2,501,0,244,0,0,244,T
1-PB2,502,0,245,0,0,245,T
1-PB2,503,0,244,0,1,245,T
1-PB2,504,0,246,0,0,246,T
1-PB2,505,0,0,0,245,245,C
1-PB2,506,2,0,0,245,247,C
1-PB2,507,0,0,0,247,247,C
1-PB2,508,244,0,0,0,244,A
1-PB2,509,246,0,0,0,246,A
1-PB2,510,0,245,0,1,246,T
1-PB2,511,0,2,244,0,246,G
1-PB2,512,246,0,1,0,247,A
1-PB2,513,246,0,0,0,246,A
1-PB2,514,0,0,247,0,247,G
1-PB2,515,0,247,0,0,247,T
1-PB2,516,0,0,247,0,247,G
1-PB2,517,0,0,248,0,248,G
1-PB2,518,0,0,248,0,248,G
1-PB2,519,251,0,0,0,251,A
1-PB2,520,0,0,251,0,251,G
1-PB2,521,0,0,1,252,253,C
1-PB2,522,0,0,0,251,251,C
1-PB2,523,248,0,1,0,249,A
1-PB2,524,0,0,255,0,255,G
1-PB2,525,0,0,254,0,254,G
1-PB2,526,254,1,0,0,255,A
1-PB2,527,0,256,0,0,256,T
1-PB2,528,260,0,0,0,260,A
1-PB2,529,0,0,0,261,261,C
1-PB2,530,0,256,0,0,256,T
1-PB2,531,257,0,0,0,257,A
1-PB2,532,257,0,0,0,257,A
1-PB2,533,0,0,0,253,253,C
1-PB2,534,246,0,0,0,246,A
1-PB2,535,0,245,0,0,245,T
1-PB2,536,2,0,0,244,246,C
1-PB2,537,242,1,0,0,243,A
1-PB2,538,0,1,240,0,241,G
1-PB2,539,241,0,0,0,241,A
1-PB2,540,242,0,0,0,242,A
1-PB2,541,0,242,0,0,242,T
1-PB2,542,0,0,0,238,238,C
1-PB2,543,238,0,0,0,238,A
1-PB2,544,0,0,0,241,241,C
1-PB2,545,243,0,0,0,243,A
1-PB2,546,245,0,0,0,245,A
1-PB2,547,0,243,0,0,243,T
1-PB2,548,1,242,0,0,243,T
1-PB2,549,242,0,0,0,242,A
1-PB2,550,244,0,0,0,244,A
1-PB2,551,0,0,0,247,247,C
1-PB2,552,244,0,0,0,244,A
1-PB2,553,241,0,0,0,241,A
1-PB2,554,0,245,0,0,245,T
1-PB2,555,244,0,0,0,244,A
1-PB2,556,244,0,0,0,244,A
1-PB2,557,0,0,0,245,245,C
1-PB2,558,1,244,0,0,245,T
1-PB2,559,245,0,0,0,245,A
1-PB2,560,241,0,0,0,241,A
1-PB2,561,242,0,0,0,242,A
1-PB2,562,0,2,240,0,242,G
1-PB2,563,237,0,0,0,237,A
1-PB2,564,0,2,239,0,241,G
1-PB2,565,238,0,0,0,238,A
1-PB2,566,239,0,0,0,239,A
1-PB2,567,239,0,0,0,239,A
1-PB2,568,239,0,0,0,239,A
1-PB2,569,241,0,0,0,241,A
1-PB2,570,241,0,0,0,241,A
1-PB2,571,0,0,239,0,239,G
1-PB2,572,241,0,0,0,241,A
1-PB2,573,237,0,0,0,237,A
1-PB2,574,0,1,235,0,236,G
1-PB2,575,235,0,0,0,235,A
1-PB2,576,236,0,0,0,236,A
1-PB2,577,0,0,0,238,238,C
1-PB2,578,0,236,0,0,236,T
1-PB2,579,0,0,0,234,234,C
1-PB2,580,2,0,0,233,235,C
1-PB2,581,0,1,237,0,238,G
1-PB2,582,238,0,0,0,238,A
1-PB2,583,0,0,235,0,235,G
1-PB2,584,235,0,0,0,235,A
1-PB2,585,0,234,0,0,234,T
1-PB2,586,0,232,0,0,232,T
1-PB2,587,0,0,234,0,234,G
1-PB2,588,0,0,0,231,231,C
1-PB2,589,234,0,0,0,234,A
1-PB2,590,233,0,0,0,233,A
1-PB2,591,0,0,230,0,230,G
1-PB2,592,232,0,0,0,232,A
1-PB2,593,0,232,0,0,232,T
1-PB2,594,0,231,0,1,232,T
1-PB2,595,0,230,0,0,230,T
1-PB2,596,1,0,0,231,232,C
1-PB2,597,1,229,0,0,230,T
1-PB2,598,1,0,0,267,268,C
1-PB2,599,0,0,0,269,269,C
1-PB2,600,1,0,0,322,323,C
1-PB2,601,0,320,0,0,320,T
1-PB2,602,0,330,0,0,330,T
1-PB2,603,0,1,332,0,333,G
1-PB2,604,337,0,0,0,337,A
1-PB2,605,0,354,0,0,354,T
1-PB2,606,1,0,367,0,368,G
1-PB2,607,0,0,428,0,428,G
1-PB2,608,1,442,0,0,443,T
1-PB2,609,1,444,0,0,445,T
1-PB2,610,0,2,491,0,493,G
1-PB2,611,0,0,0,496,496,C
1-PB2,612,514,0,0,0,514,A
1-PB2,613,0,515,0,0,515,T
1-PB2,614,519,0,0,1,520,A
1-PB2,615,0,1,0,557,558,C
1-PB2,616,642,0,0,1,643,A
1-PB2,617,0,667,0,0,667,T
1-PB2,618,0,1,716,0,717,G
1-PB2,619,0,711,0,1,712,T
1-PB2,620,0,713,0,0,713,T
1-PB2,621,712,0,0,0,712,A
1-PB2,622,0,0,716,0,716,G
1-PB2,623,729,0,0,0,729,A
1-PB2,624,0,3,737,0,740,G
1-PB2,625,725,0,0,0,725,A
1-PB2,626,0,1,725,0,726,G
1-PB2,627,727,0,0,0,727,A
1-PB2,628,0,6,732,0,738,G
1-PB2,629,739,0,0,0,739,A
1-PB2,630,737,0,0,0,737,A
1-PB2,631,0,0,0,741,741,C
1-PB2,632,0,737,0,1,738,T
1-PB2,633,0,736,0,0,736,T
1-PB2,634,0,0,736,0,736,G
1-PB2,635,0,736,0,0,736,T
1-PB2,636,736,0,1,0,737,A
1-PB2,637,0,3,0,735,738,C
1-PB2,638,0,3,733,0,736,G
1-PB2,639,742,0,0,0,742,A
1-PB2,640,738,1,0,0,739,A
1-PB2,641,751,0,0,0,751,A
1-PB2,642,749,0,3,0,752,A
1-PB2,643,751,0,1,0,752,A
1-PB2,644,0,0,0,753,753,C
1-PB2,645,751,0,2,0,753,A
1-PB2,646,758,0,0,0,758,A
1-PB2,647,1,1,760,0,762,G
1-PB2,648,764,0,0,1,765,A
1-PB2,649,1,762,0,1,764,T
1-PB2,650,0,760,0,1,761,T
1-PB2,651,0,768,0,0,768,T
1-PB2,652,0,0,0,773,773,C
1-PB2,653,0,778,0,0,778,T
1-PB2,654,1,0,0,773,774,C
1-PB2,655,1,0,0,779,780,C
1-PB2,656,0,0,0,785,785,C
1-PB2,657,781,0,1,0,782,A
1-PB2,658,0,0,799,0,799,G
1-PB2,659,1,797,0,1,799,T
1-PB2,660,0,799,0,0,799,T
1-PB2,661,0,0,798,0,798,G
1-PB2,662,1,0,0,797,798,C
1-PB2,663,0,799,0,0,799,T
1-PB2,664,1,0,800,0,801,G
1-PB2,665,0,0,799,0,799,G
1-PB2,666,1,2,0,794,797,C
1-PB2,667,1,1,806,0,808,G
1-PB2,668,0,6,811,0,817,G
1-PB2,669,821,0,0,0,821,A
1-PB2,670,815,0,2,0,817,A
1-PB2,671,0,0,0,825,825,C
1-PB2,672,830,0,0,0,830,A
1-PB2,673,828,0,0,0,828,A
1-PB2,674,0,0,872,0,872,G
1-PB2,675,0,0,0,884,884,C
1-PB2,676,889,0,1,0,890,A
1-PB2,677,0,0,1137,0,1137,G
1-PB2,678,0,1134,0,1,1135,T
1-PB2,679,1140,0,1,0,1141,A
1-PB2,680,1,1139,0,0,1140,T
1-PB2,681,1142,0,0,0,1142,A
1-PB2,682,0,1144,0,0,1144,T
1-PB2,683,1129,3,0,1,1133,A
1-PB2,684,1,0,0,1145,1146,C
1-PB2,685,1116,0,0,0,1116,A
1-PB2,686,0,1072,0,3,1075,T
1-PB2,687,0,1045,0,0,1045,T
1-PB2,688,0,1,1045,0,1046,G
1-PB2,689,1047,0,0,0,1047,A
1-PB2,690,1040,0,1,0,1041,A
1-PB2,691,0,0,1054,0,1054,G
1-PB2,692,0,1054,0,0,1054,T
1-PB2,693,0,1046,0,0,1046,T
1-PB2,694,0,1049,0,0,1049,T
1-PB2,695,0,1049,0,0,1049,T
1-PB2,696,1063,0,0,0,1063,A
1-PB2,697,0,0,0,1077,1077,C
1-PB2,698,1076,1,2,0,1079,A
1-PB2,699,0,1075,1,0,1076,T
1-PB2,700,0,1069,0,1,1070,T
1-PB2,701,0,1073,0,0,1073,T
1-PB2,702,0,14,1068,0,1082,G
1-PB2,703,1088,0,0,0,1088,A
1-PB2,704,0,0,0,1094,1094,C
1-PB2,705,0,1088,0,1,1089,T
1-PB2,706,1,0,0,1089,1090,C
1-PB2,707,1086,1,2,0,1089,A
1-PB2,708,0,4,1079,0,1083,G
1-PB2,709,0,0,1106,0,1106,G
1-PB2,710,0,2,1111,0,1113,G
1-PB2,711,1114,0,4,0,1118,A
1-PB2,712,1118,0,0,0,1118,A
1-PB2,713,0,0,0,1126,1126,C
1-PB2,714,0,0,1133,0,1133,G
1-PB2,715,0,1134,0,1,1135,T
1-PB2,716,1,0,1141,0,1142,G
1-PB2,717,0,1138,0,0,1138,T
1-PB2,718,0,1138,0,0,1138,T
1-PB2,719,0,2,1140,0,1142,G
1-PB2,720,0,1,1143,0,1144,G
1-PB2,721,2,5,1144,0,1151,G
1-PB2,722,1144,0,1,0,1145,A
1-PB2,723,1139,0,1,0,1140,A
1-PB2,724,0,0,0,1171,1171,C
1-PB2,725,1162,0,0,0,1162,A
1-PB2,726,1197,0,0,0,1197,A
1-PB2,727,1205,0,0,0,1205,A
1-PB2,728,0,1215,0,1,1216,T
1-PB2,729,0,0,1236,0,1236,G
1-PB2,730,0,1230,0,0,1230,T
1-PB2,731,1228,0,1,0,1229,A
1-PB2,732,1,9,0,1223,1233,C
1-PB2,733,1214,0,1,0,1215,A
1-PB2,734,0,0,1,1213,1214,C
1-PB2,735,1,1180,0,2,1183,T
1-PB2,736,4,1,0,1273,1278,C
1-PB2,737,1,0,0,1279,1280,C
1-PB2,738,1298,1,1,0,1300,A
1-PB2,739,0,0,1309,0,1309,G
1-PB2,740,0,0,1336,0,1336,G
1-PB2,741,0,1336,0,0,1336,T
1-PB2,742,5,3,1329,0,1337,G
1-PB2,743,0,0,1301,0,1301,G
1-PB2,744,1289,2,0,0,1291,A
1-PB2,745,1,1,1300,0,1302,G
1-PB2,746,0,3,1298,0,1301,G
1-PB2,747,1287,0,1,0,1288,A
1-PB2,748,0,0,1303,0,1303,G
1-PB2,749,0,1278,0,1,1279,T
1-PB2,750,0,3,1286,0,1289,G
1-PB2,751,1287,0,0,0,1287,A
1-PB2,752,1,4,1283,0,1288,G
1-PB2,753,0,3,1296,0,1299,G
1-PB2,754,1290,0,1,0,1291,A
1-PB2,755,1292,0,3,0,1295,A
1-PB2,756,0,1291,0,1,1292,T
1-PB2,757,0,4,1290,0,1294,G
1-PB2,758,1289,0,3,1,1293,A
1-PB2,759,1,0,0,1285,1286,C
1-PB2,760,0,4,1286,0,1290,G
1-PB2,761,1304,0,0,0,1304,A
1-PB2,762,0,1292,0,1,1293,T
1-PB2,763,0,0,1305,0,1305,G
1-PB2,764,0,1303,0,0,1303,T
1-PB2,765,0,1293,1,0,1294,T
1-PB2,766,3,9,1293,0,1305,G
1-PB2,767,1306,1,2,0,1309,A
1-PB2,768,0,0,0,1307,1307,C
1-PB2,769,4,1,0,1295,1300,C
1-PB2,770,1290,0,1,0,1291,A
1-PB2,771,1296,0,0,1,1297,A
1-PB2,772,1302,1,1,0,1304,A
1-PB2,773,0,0,1345,0,1345,G
1-PB2,774,0,1,0,1348,1349,C
1-PB2,775,3,4,0,1338,1345,C
1-PB2,776,1,1356,0,1,1358,T
1-PB2,777,1358,0,0,0,1358,A
1-PB2,778,1358,0,1,0,1359,A
1-PB2,779,0,1363,0,0,1363,T
1-PB2,780,0,1356,0,0,1356,T
1-PB2,781,1351,0,0,0,1351,A
1-PB2,782,0,1322,0,0,1322,T
1-PB2,783,0,1325,0,0,1325,T
1-PB2,784,0,1,1315,0,1316,G
1-PB2,785,0,1,0,1309,1310,C
1-PB2,786,2,2,1303,0,1307,G
1-PB2,787,0,0,1341,0,1341,G
1-PB2,788,0,1,0,1337,1338,C
1-PB2,789,4,0,0,1333,1337,C
1-PB2,790,1344,0,0,0,1344,A
1-PB2,791,0,2,1354,0,1356,G
1-PB2,792,0,8,1354,0,1362,G
1-PB2,793,1363,0,2,0,1365,A
1-PB2,794,1380,0,0,0,1380,A
1-PB2,795,0,0,0,1388,1388,C
1-PB2,796,1373,0,0,0,1373,A
1-PB2,797,0,1390,0,1,1391,T
1-PB2,798,1423,0,2,0,1425,A
1-PB2,799,1,1,1447,0,1449,G
1-PB2,800,0,1428,0,1,1429,T
1-PB2,801,1421,0,0,0,1421,A
1-PB2,802,1413,0,0,0,1413,A
1-PB2,803,1,0,1416,0,1417,G
1-PB2,804,1411,0,1,0,1412,A
1-PB2,805,1386,0,0,0,1386,A
1-PB2,806,0,5,1374,0,1379,G
1-PB2,807,1346,0,2,0,1348,A
1-PB2,808,0,0,1350,0,1350,G
1-PB2,809,1,0,0,1346,1347,C
1-PB2,810,2,1,0,1341,1344,C
1-PB2,811,0,2,1349,0,1351,G
1-PB2,812,0,0,0,1356,1356,C
1-PB2,813,1358,0,0,0,1358,A
1-PB2,814,0,0,1441,0,1441,G
1-PB2,815,0,1438,0,0,1438,T
1-PB2,816,1443,1,0,1,1445,A
1-PB2,817,0,1438,0,1,1439,T
1-PB2,818,1,0,0,1447,1448,C
1-PB2,819,1449,0,0,0,1449,A
1-PB2,820,0,1,1450,0,1451,G
1-PB2,821,1,0,0,1452,1453,C
1-PB2,822,1408,0,2,0,1410,A
1-PB2,823,1,0,1398,0,1399,G
1-PB2,824,1417,0,0,0,1417,A
1-PB2,825,0,1410,0,0,1410,T
1-PB2,826,5,0,0,1412,1417,C
1-PB2,827,4,0,0,1420,1424,C
1-PB2,828,1428,0,1,0,1429,A
1-PB2,829,1,0,0,1433,1434,C
1-PB2,830,0,1431,0,1,1432,T
1-PB2,831,1436,0,0,0,1436,A
1-PB2,832,1,0,1430,0,1431,G
1-PB2,833,0,1,0,1436,1437,C
1-PB2,834,1431,0,2,0,1433,A
1-PB2,835,1,1443,0,0,1444,T
1-PB2,836,2,0,0,1464,1466,C
1-PB2,837,0,1455,0,1,1456,T
1-PB2,838,1,1499,0,0,1500,T
1-PB2,839,0,1506,0,0,1506,T
1-PB2,840,1498,1,0,0,1499,A
1-PB2,841,0,1501,0,0,1501,T
1-PB2,842,1,1493,0,0,1494,T
1-PB2,843,1,1,1490,0,1492,G
1-PB2,844,0,1,1495,0,1496,G
1-PB2,845,1463,0,2,0,1465,A
1-PB2,846,0,1,1471,0,1472,G
1-PB2,847,1463,0,0,0,1463,A
1-PB2,848,0,1461,0,0,1461,T
1-PB2,849,0,1,1491,0,1492,G
1-PB2,850,0,1490,0,1,1491,T
1-PB2,851,1,1,1482,0,1484,G
1-PB2,852,2,0,0,1481,1483,C
1-PB2,853,2,0,0,1475,1477,C
1-PB2,854,1481,0,1,0,1482,A
1-PB2,855,0,1,0,1481,1482,C
1-PB2,856,1479,0,0,0,1479,A
1-PB2,857,0,1,1489,0,1490,G
1-PB2,858,0,0,0,1470,1470,C
1-PB2,859,1464,0,2,0,1466,A
1-PB2,860,0,1,0,1463,1464,C
1-PB2,861,1464,0,1,0,1465,A
1-PB2,862,0,1,0,1477,1478,C
1-PB2,863,1478,0,0,0,1478,A
1-PB2,864,1479,0,0,0,1479,A
1-PB2,865,1480,0,0,0,1480,A
1-PB2,866,0,1445,0,3,1448,T
1-PB2,867,0,1447,0,2,1449,T
1-PB2,868,1,5,1439,0,1445,G
1-PB2,869,1,1,1444,0,1446,G
1-PB2,870,0,0,0,1447,1447,C
1-PB2,871,0,3,1430,0,1433,G
1-PB2,872,1,3,1434,0,1438,G
1-PB2,873,1434,0,1,0,1435,A
1-PB2,874,1467,0,1,0,1468,A
1-PB2,875,1,0,0,1472,1473,C
1-PB2,876,1469,0,2,1,1472,A
1-PB2,877,1475,0,1,0,1476,A
1-PB2,878,0,4,1477,0,1481,G
1-PB2,879,0,1,1487,1,1489,G
1-PB2,880,1488,0,2,0,1490,A
1-PB2,881,0,1452,0,0,1452,T
1-PB2,882,1,2,1450,0,1453,G
1-PB2,883,1,0,1455,0,1456,G
1-PB2,884,0,1446,1,1,1448,T
1-PB2,885,0,6,1442,0,1448,G
1-PB2,886,1,1,1447,0,1449,G
1-PB2,887,1433,0,2,0,1435,A
1-PB2,888,0,2,0,1430,1432,C
1-PB2,889,1419,0,0,0,1419,A
1-PB2,890,0,1604,0,0,1604,T
1-PB2,891,0,1596,0,1,1597,T
1-PB2,892,4,0,0,1591,1595,C
1-PB2,893,0,1581,1,0,1582,T
1-PB2,894,0,1573,0,1,1574,T
1-PB2,895,1580,0,1,0,1581,A
1-PB2,896,0,3,1589,0,1592,G
1-PB2,897,1586,0,1,0,1587,A
1-PB2,898,0,0,0,1586,1586,C
1-PB2,899,1383,0,1,0,1384,A
1-PB2,900,0,5,1392,0,1397,G
1-PB2,901,1389,1,2,0,1392,A
1-PB2,902,1384,1,2,0,1387,A
1-PB2,903,0,0,0,1394,1394,C
1-PB2,904,1,0,0,1383,1384,C
1-PB2,905,5,0,0,1379,1384,C
1-PB2,906,0,7,1377,0,1384,G
1-PB2,907,1379,1,2,0,1382,A
1-PB2,908,1,0,0,1390,1391,C
1-PB2,909,0,1375,0,0,1375,T
1-PB2,910,0,2,1385,0,1387,G
1-PB2,911,1379,0,1,0,1380,A
1-PB2,912,1380,0,3,0,1383,A
1-PB2,913,1,8,1387,0,1396,G
1-PB2,914,1395,0,0,0,1395,A
1-PB2,915,1397,0,1,0,1398,A
1-PB2,916,1,3,0,1395,1399,C
1-PB2,917,1394,0,0,0,1394,A
1-PB2,918,1398,0,1,0,1399,A
1-PB2,919,1,2,1415,0,1418,G
1-PB2,920,2,0,0,1424,1426,C
1-PB2,921,0,1408,0,1,1409,T
1-PB2,922,0,0,1426,0,1426,G
1-PB2,923,0,1425,0,0,1425,T
1-PB2,924,0,4,1445,0,1449,G
1-PB2,925,0,0,1500,0,1500,G
1-PB2,926,1499,1,3,0,1503,A
1-PB2,927,0,1498,0,1,1499,T
1-PB2,928,1484,1,2,0,1487,A
1-PB2,929,0,1472,0,0,1472,T
1-PB2,930,1530,0,0,0,1530,A
1-PB2,931,0,1501,0,1,1502,T
1-PB2,932,0,0,1495,1,1496,G
1-PB2,933,1,0,0,1479,1480,C
1-PB2,934,1425,0,1,0,1426,A
1-PB2,935,1428,0,0,0,1428,A
1-PB2,936,1,2,1418,0,1421,G
1-PB2,937,0,0,1429,0,1429,G
1-PB2,938,1,0,0,1420,1421,C
1-PB2,939,1,1397,0,1,1399,T
1-PB2,940,0,0,1403,0,1403,G
1-PB2,941,1,0,0,1408,1409,C
1-PB2,942,1412,0,0,0,1412,A
1-PB2,943,1412,0,0,0,1412,A
1-PB2,944,0,1410,0,0,1410,T
1-PB2,945,0,4,1410,0,1414,G
1-PB2,946,0,3,1395,1,1399,G
1-PB2,947,0,5,1399,0,1404,G
1-PB2,948,1401,1,1,0,1403,A
1-PB2,949,0,1390,0,6,1396,T
1-PB2,950,0,1389,0,1,1390,T
1-PB2,951,0,3,1388,0,1391,G
1-PB2,952,1387,0,1,0,1388,A
1-PB2,953,0,5,1391,0,1396,G
1-PB2,954,1383,0,1,0,1384,A
1-PB2,955,1366,2,1,0,1369,A
1-PB2,956,0,1363,0,1,1364,T
1-PB2,957,1,1,0,1358,1360,C
1-PB2,958,1358,0,1,0,1359,A
1-PB2,959,1,0,1366,0,1367,G
1-PB2,960,0,4,0,1359,1363,C
1-PB2,961,1,1357,0,0,1358,T
1-PB2,962,3,0,0,1351,1354,C
1-PB2,963,1348,0,1,0,1349,A
1-PB2,964,1,1367,0,2,1370,T
1-PB2,965,1,0,0,1377,1378,C
1-PB2,966,3,1,0,1382,1386,C
1-PB2,967,1,1377,0,1,1379,T
1-PB2,968,0,1375,0,0,1375,T
1-PB2,969,1,0,0,1373,1374,C
1-PB2,970,1374,0,0,0,1374,A
1-PB2,971,0,0,1386,0,1386,G
1-PB2,972,1,0,0,1383,1384,C
1-PB2,973,0,1360,0,3,1363,T
1-PB2,974,0,1363,0,0,1363,T
1-PB2,975,1,1358,0,1,1360,T
1-PB2,976,0,3,1358,0,1361,G
1-PB2,977,0,0,1361,0,1361,G
1-PB2,978,0,1360,0,0,1360,T
1-PB2,979,0,2,1362,0,1364,G
1-PB2,980,0,4,1356,0,1360,G
1-PB2,981,2,0,1361,1,1364,G
1-PB2,982,0,1360,0,0,1360,T
1-PB2,983,0,1346,0,1,1347,T
1-PB2,984,0,1351,0,1,1352,T
1-PB2,985,1362,0,0,0,1362,A
1-PB2,986,0,0,0,1361,1361,C
1-PB2,987,1360,1,1,2,1364,A
1-PB2,988,0,1360,0,0,1360,T
1-PB2,989,0,1341,1,0,1342,T
1-PB2,990,0,1333,0,1,1334,T
1-PB2,991,1335,1,2,0,1338,A
1-PB2,992,1336,0,0,0,1336,A
1-PB2,993,1337,0,0,0,1337,A
1-PB2,994,1326,0,2,0,1328,A
1-PB2,995,1,3,1333,0,1337,G
1-PB2,996,1324,0,0,0,1324,A
1-PB2,997,1326,0,0,0,1326,A
1-PB2,998,0,0,0,1331,1331,C
1-PB2,999,1328,0,0,0,1328,A
1-PB2,1000,1326,0,2,0,1328,A
1-PB2,1001,0,0,1329,0,1329,G
1-PB2,1002,1,1,0,1330,1332,C
1-PB2,1003,1,4,1323,0,1328,G
1-PB2,1004,1,0,1344,0,1345,G
1-PB2,1005,0,0,1345,0,1345,G
1-PB2,1006,1,1342,0,1,1344,T
1-PB2,1007,7,0,0,1338,1345,C
1-PB2,1008,1346,0,1,0,1347,A
1-PB2,1009,0,1341,1,3,1345,T
1-PB2,1010,3,0,0,1345,1348,C
1-PB2,1011,1351,0,0,0,1351,A
1-PB2,1012,1,0,1379,0,1380,G
1-PB2,1013,0,1349,0,5,1354,T
1-PB2,1014,6,0,0,1359,1365,C
1-PB2,1015,1367,0,1,0,1368,A
1-PB2,1016,1360,0,0,5,1365,A
1-PB2,1017,0,1356,0,0,1356,T
1-PB2,1018,1379,0,0,0,1379,A
1-PB2,1019,1389,0,0,0,1389,A
1-PB2,1020,1388,0,2,0,1390,A
1-PB2,1021,0,0,1404,0,1404,G
1-PB2,1022,1398,0,0,0,1398,A
1-PB2,1023,1390,0,1,0,1391,A
1-PB2,1024,0,4,1384,0,1388,G
1-PB2,1025,1369,0,0,0,1369,A
1-PB2,1026,1313,0,13,0,1326,A
1-PB2,1027,0,1,1308,0,1309,G
1-PB2,1028,1304,0,5,0,1309,A
1-PB2,1029,0,4,1307,0,1311,G
1-PB2,1030,7,0,1343,0,1350,G
1-PB2,1031,0,1357,0,0,1357,T
1-PB2,1032,0,1,1379,0,1380,G
1-PB2,1033,0,0,0,1379,1379,C
1-PB2,1034,1,1377,0,3,1381,T
1-PB2,1035,0,1380,1,0,1381,T
1-PB2,1036,1380,0,1,0,1381,A
1-PB2,1037,0,1,0,1382,1383,C
1-PB2,1038,1370,0,1,0,1371,A
1-PB2,1039,0,2,1369,0,1371,G
1-PB2,1040,1,0,1366,0,1367,G
1-PB2,1041,1,0,0,1349,1350,C
1-PB2,1042,1330,0,0,0,1330,A
1-PB2,1043,1336,1,0,0,1337,A
1-PB2,1044,0,1351,0,2,1353,T
1-PB2,1045,1,0,0,1359,1360,C
1-PB2,1046,2,1357,1,4,1364,T
1-PB2,1047,3,0,0,1358,1361,C
1-PB2,1048,4,0,1,1360,1365,C
1-PB2,1049,1365,0,1,0,1366,A
1-PB2,1050,1365,0,0,0,1365,A
1-PB2,1051,1366,0,0,1,1367,A
1-PB2,1052,0,0,0,1373,1373,C
1-PB2,1053,1340,0,1,0,1341,A
1-PB2,1054,0,1325,0,1,1326,T
1-PB2,1055,0,1284,1,0,1285,T
1-PB2,1056,0,3,1283,0,1286,G
1-PB2,1057,1280,0,0,0,1280,A
1-PB2,1058,0,4,1257,0,1261,G
1-PB2,1059,1314,0,2,0,1316,A
1-PB2,1060,1315,0,1,0,1316,A
1-PB2,1061,0,1333,0,2,1335,T
1-PB2,1062,1327,1,0,0,1328,A
1-PB2,1063,1326,0,3,1,1330,A
1-PB2,1064,1,2,1361,0,1364,G
1-PB2,1065,1340,1,3,0,1344,A
1-PB2,1066,0,0,1398,0,1398,G
1-PB2,1067,2,1355,1,0,1358,T
1-PB2,1068,1362,0,0,0,1362,A
1-PB2,1069,1,1,0,1383,1385,C
1-PB2,1070,1373,0,0,0,1373,A
1-PB2,1071,0,1375,0,0,1375,T
1-PB2,1072,0,4,1367,0,1371,G
1-PB2,1073,1336,1,5,0,1342,A
1-PB2,1074,0,3,1353,0,1356,G
1-PB2,1075,0,3,1345,0,1348,G
1-PB2,1076,0,1,1401,0,1402,G
1-PB2,1077,0,3,1417,0,1420,G
1-PB2,1078,0,1388,0,1,1389,T
1-PB2,1079,1393,1,0,1,1395,A
1-PB2,1080,0,1382,0,0,1382,T
1-PB2,1081,0,2,1382,0,1384,G
1-PB2,1082,1381,0,1,1,1383,A
1-PB2,1083,0,0,1382,0,1382,G
1-PB2,1084,0,4,1374,0,1378,G
1-PB2,1085,1266,0,0,0,1266,A
1-PB2,1086,0,1,1305,0,1306,G
1-PB2,1087,1,1291,1,1,1294,T
1-PB2,1088,0,1317,0,4,1321,T
1-PB2,1089,8,1,0,1317,1326,C
1-PB2,1090,1322,0,0,0,1322,A
1-PB2,1091,0,1,0,1327,1328,C
1-PB2,1092,1322,0,0,0,1322,A
1-PB2,1093,1329,0,0,0,1329,A
1-PB2,1094,0,1324,0,1,1325,T
1-PB2,1095,1,3,1301,0,1305,G
1-PB2,1096,0,0,1315,0,1315,G
1-PB2,1097,0,1276,0,0,1276,T
1-PB2,1098,0,2,1272,0,1274,G
1-PB2,1099,0,3,1277,0,1280,G
1-PB2,1100,0,0,1277,0,1277,G
1-PB2,1101,0,4,1283,0,1287,G
1-PB2,1102,1272,0,1,0,1273,A
1-PB2,1103,1274,1,1,0,1276,A
1-PB2,1104,1272,0,0,0,1272,A
1-PB2,1105,1247,0,4,0,1251,A
1-PB2,1106,0,1,1264,0,1265,G
1-PB2,1107,1255,1,1,0,1257,A
1-PB2,1108,0,0,1261,0,1261,G
1-PB2,1109,0,0,0,1261,1261,C
1-PB2,1110,1252,1,2,0,1255,A
1-PB2,1111,1250,0,4,0,1254,A
1-PB2,1112,0,0,0,1290,1290,C
1-PB2,1113,1290,0,1,0,1291,A
1-PB2,1114,0,0,1323,0,1323,G
1-PB2,1115,0,1,0,1312,1313,C
1-PB2,1116,0,1306,0,2,1308,T
1-PB2,1117,1346,0,0,0,1346,A
1-PB2,1118,0,1344,0,0,1344,T
1-PB2,1119,1356,0,0,0,1356,A
1-PB2,1120,0,0,0,1357,1357,C
1-PB2,1121,1,1287,0,2,1290,T
1-PB2,1122,1296,0,0,0,1296,A
1-PB2,1123,1273,0,0,0,1273,A
1-PB2,1124,1,2,1276,0,1279,G
1-PB2,1125,1276,0,2,0,1278,A
1-PB2,1126,1250,1,0,0,1251,A
1-PB2,1127,1252,0,0,0,1252,A
1-PB2,1128,1244,0,3,1,1248,A
1-PB2,1129,0,0,1248,0,1248,G
1-PB2,1130,1,0,0,1250,1251,C
1-PB2,1131,1244,0,1,0,1245,A
1-PB2,1132,1256,0,2,0,1258,A
1-PB2,1133,0,0,0,1259,1259,C
1-PB2,1134,3,0,0,1265,1268,C
1-PB2,1135,1263,2,0,0,1265,A
1-PB2,1136,1,1,1265,0,1267,G
1-PB2,1137,1264,1,1,0,1266,A
1-PB2,1138,1262,0,1,0,1263,A
1-PB2,1139,0,3,1260,0,1263,G
1-PB2,1140,0,0,1234,0,1234,G
1-PB2,1141,1,1243,0,0,1244,T
1-PB2,1142,0,1242,0,2,1244,T
1-PB2,1143,0,3,1248,1,1252,G
1-PB2,1144,0,0,1272,0,1272,G
1-PB2,1145,0,1265,0,2,1267,T
1-PB2,1146,0,1268,0,1,1269,T
1-PB2,1147,4,0,0,1264,1268,C
1-PB2,1148,1257,0,0,0,1257,A
1-PB2,1149,1248,1,0,0,1249,A
1-PB2,1150,0,1,0,1334,1335,C
1-PB2,1151,0,1331,0,1,1332,T
1-PB2,1152,6,0,0,1333,1339,C
1-PB2,1153,1312,0,1,0,1313,A
1-PB2,1154,0,1307,0,1,1308,T
1-PB2,1155,1309,0,2,0,1311,A
1-PB2,1156,0,0,1314,0,1314,G
1-PB2,1157,0,1269,0,2,1271,T
1-PB2,1158,0,3,1281,0,1284,G
1-PB2,1159,1235,0,2,0,1237,A
1-PB2,1160,0,0,1256,0,1256,G
1-PB2,1161,0,1241,0,1,1242,T
1-PB2,1162,0,3,1242,1,1246,G
1-PB2,1163,0,3,1258,0,1261,G
1-PB2,1164,1260,1,0,0,1261,A
1-PB2,1165,1240,0,4,0,1244,A
1-PB2,1166,0,1,1245,0,1246,G
1-PB2,1167,1230,0,0,0,1230,A
1-PB2,1168,1,2,1229,0,1232,G
1-PB2,1169,1219,0,5,0,1224,A
1-PB2,1170,0,1,0,1220,1221,C
1-PB2,1171,0,5,1213,1,1219,G
1-PB2,1172,1201,1,3,0,1205,A
1-PB2,1173,1207,0,2,0,1209,A
1-PB2,1174,1,0,0,1211,1212,C
1-PB2,1175,1205,0,0,0,1205,A
1-PB2,1176,0,0,1267,0,1267,G
1-PB2,1177,0,1261,0,2,1263,T
1-PB2,1178,7,0,0,1252,1259,C
1-PB2,1179,1262,0,1,0,1263,A
1-PB2,1180,1255,0,3,0,1258,A
1-PB2,1181,1,1255,0,1,1257,T
1-PB2,1182,1253,0,0,0,1253,A
1-PB2,1183,1,0,1252,0,1253,G
1-PB2,1184,1,16,0,1236,1253,C
1-PB2,1185,6,1,0,1192,1199,C
1-PB2,1186,1,4,1191,0,1196,G
1-PB2,1187,1201,0,0,0,1201,A
1-PB2,1188,1208,0,1,0,1209,A
1-PB2,1189,1,0,1219,0,1220,G
1-PB2,1190,1,0,0,1239,1240,C
1-PB2,1191,1249,0,0,0,1249,A
1-PB2,1192,1242,0,1,0,1243,A
1-PB2,1193,0,1249,0,0,1249,T
1-PB2,1194,1248,0,1,0,1249,A
1-PB2,1195,1265,1,0,0,1266,A
1-PB2,1196,0,1267,0,0,1267,T
1-PB2,1197,3,3,0,1253,1259,C
1-PB2,1198,0,0,1249,0,1249,G
1-PB2,1199,0,1228,0,4,1232,T
1-PB2,1200,0,4,1231,1,1236,G
1-PB2,1201,0,1,1236,0,1237,G
1-PB2,1202,1,1,1,1239,1242,C
1-PB2,1203,1,0,0,1237,1238,C
1-PB2,1204,1237,0,0,0,1237,A
1-PB2,1205,0,1233,0,1,1234,T
1-PB2,1206,0,4,1237,0,1241,G
1-PB2,1207,0,0,1254,0,1254,G
1-PB2,1208,0,1248,0,0,1248,T
1-PB2,1209,0,0,1247,0,1247,G
1-PB2,1210,0,1204,0,0,1204,T
1-PB2,1211,0,1204,1,0,1205,T
1-PB2,1212,0,1207,0,0,1207,T
1-PB2,1213,0,1203,0,1,1204,T
1-PB2,1214,4,0,1,1214,1219,C
1-PB2,1215,1219,1,0,0,1220,A
1-PB2,1216,0,0,0,1238,1238,C
1-PB2,1217,1222,1,1,0,1224,A
1-PB2,1218,1228,0,0,0,1228,A
1-PB2,1219,0,2,1229,0,1231,G
1-PB2,1220,1225,0,0,0,1225,A
1-PB2,1221,1192,0,24,0,1216,A
1-PB2,1222,0,1,1237,0,1238,G
1-PB2,1223,1240,0,0,0,1240,A
1-PB2,1224,0,1241,0,0,1241,T
1-PB2,1225,2,1221,0,0,1223,T
1-PB2,1226,0,0,1224,0,1224,G
1-PB2,1227,1,1,0,1206,1208,C
1-PB2,1228,1211,0,1,0,1212,A
1-PB2,1229,0,1223,0,1,1224,T
1-PB2,1230,0,1,1252,0,1253,G
1-PB2,1231,1255,0,3,0,1258,A
1-PB2,1232,0,1263,0,0,1263,T
1-PB2,1233,1259,0,0,0,1259,A
1-PB2,1234,1256,0,0,0,1256,A
1-PB2,1235,1257,0,0,0,1257,A
1-PB2,1236,1253,0,5,0,1258,A
1-PB2,1237,0,1,1255,0,1256,G
1-PB2,1238,0,0,0,1282,1282,C
1-PB2,1239,1285,0,0,0,1285,A
1-PB2,1240,0,0,1315,0,1315,G
1-PB2,1241,1,1306,0,2,1309,T
1-PB2,1242,0,1314,0,0,1314,T
1-PB2,1243,1311,0,1,0,1312,A
1-PB2,1244,0,0,1329,0,1329,G
1-PB2,1245,1321,0,1,0,1322,A
1-PB2,1246,0,0,1322,0,1322,G
1-PB2,1247,0,0,1327,0,1327,G
1-PB2,1248,0,1247,0,3,1250,T
1-PB2,1249,0,7,1240,0,1247,G
1-PB2,1250,1256,1,1,0,1258,A
1-PB2,1251,0,1,0,1255,1256,C
1-PB2,1252,0,1,0,1259,1260,C
1-PB2,1253,0,1250,0,3,1253,T
1-PB2,1254,0,3,1260,0,1263,G
1-PB2,1255,1255,1,1,0,1257,A
1-PB2,1256,1261,0,0,0,1261,A
1-PB2,1257,1,1255,0,0,1256,T
1-PB2,1258,0,1271,0,0,1271,T
1-PB2,1259,0,1267,0,1,1268,T
1-PB2,1260,7,1,0,1267,1275,C
1-PB2,1261,2,0,1274,0,1276,G
1-PB2,1262,0,1271,1,1,1273,T
1-PB2,1263,5,1,0,1264,1270,C
1-PB2,1264,1272,0,2,0,1274,A
1-PB2,1265,1274,0,0,0,1274,A
1-PB2,1266,1,3,0,1269,1273,C
1-PB2,1267,1256,0,0,0,1256,A
1-PB2,1268,0,0,1272,0,1272,G
1-PB2,1269,1262,0,2,0,1264,A
1-PB2,1270,0,2,1266,0,1268,G
1-PB2,1271,1,0,1,1267,1269,C
1-PB2,1272,1269,1,0,0,1270,A
1-PB2,1273,1284,0,0,0,1284,A
1-PB2,1274,1287,0,0,0,1287,A
1-PB2,1275,0,1284,0,2,1286,T
1-PB2,1276,4,0,0,1286,1290,C
1-PB2,1277,1270,1,0,0,1271,A
1-PB2,1278,0,0,1266,0,1266,G
1-PB2,1279,2,2,0,1261,1265,C
1-PB2,1280,0,2,1267,0,1269,G
1-PB2,1281,0,0,1315,0,1315,G
1-PB2,1282,0,1301,0,3,1304,T
1-PB2,1283,0,1306,0,2,1308,T
1-PB2,1284,0,2,1307,0,1309,G
1-PB2,1285,1304,0,2,1,1307,A
1-PB2,1286,1315,0,2,0,1317,A
1-PB2,1287,0,0,0,1323,1323,C
1-PB2,1288,3,0,0,1316,1319,C
1-PB2,1289,3,0,0,1328,1331,C
1-PB2,1290,2,1,0,1277,1280,C
1-PB2,1291,1292,0,2,0,1294,A
1-PB2,1292,0,1297,0,0,1297,T
1-PB2,1293,0,1,1298,0,1299,G
1-PB2,1294,1,0,0,1308,1309,C
1-PB2,1295,1308,0,1,0,1309,A
1-PB2,1296,1,1293,0,2,1296,T
1-PB2,1297,4,0,0,1287,1291,C
1-PB2,1298,1287,0,0,1,1288,A
1-PB2,1299,1,0,1305,0,1306,G
1-PB2,1300,1,0,0,1305,1306,C
1-PB2,1301,0,1299,0,3,1302,T
1-PB2,1302,0,1303,0,1,1304,T
1-PB2,1303,0,1299,1,1,1301,T
1-PB2,1304,0,1303,0,0,1303,T
1-PB2,1305,1302,0,0,0,1302,A
1-PB2,1306,1303,0,0,0,1303,A
1-PB2,1307,1,1,1295,0,1297,G
1-PB2,1308,1,0,1288,0,1289,G
1-PB2,1309,1,2,0,1278,1281,C
1-PB2,1310,1277,0,0,0,1277,A
1-PB2,1311,0,1278,0,0,1278,T
1-PB2,1312,0,1282,0,0,1282,T
1-PB2,1313,0,1291,0,0,1291,T
1-PB2,1314,1,1292,0,1,1294,T
1-PB2,1315,1,0,0,1291,1292,C
1-PB2,1316,1287,0,3,0,1290,A
1-PB2,1317,1,2,1287,0,1290,G
1-PB2,1318,1287,0,1,0,1288,A
1-PB2,1319,1286,0,0,0,1286,A
1-PB2,1320,1289,0,0,1,1290,A
1-PB2,1321,0,0,1293,0,1293,G
1-PB2,1322,1303,0,1,0,1304,A
1-PB2,1323,0,1298,0,1,1299,T
1-PB2,1324,0,1,1302,0,1303,G
1-PB2,1325,1,1,0,1301,1303,C
1-PB2,1326,0,3,1301,0,1304,G
1-PB2,1327,1303,0,1,0,1304,A
1-PB2,1328,1300,0,1,0,1301,A
1-PB2,1329,1300,0,1,1,1302,A
1-PB2,1330,0,1,1304,0,1305,G
1-PB2,1331,0,1292,0,1,1293,T
1-PB2,1332,0,0,1294,0,1294,G
1-PB2,1333,1,1,0,1290,1292,C
1-PB2,1334,0,1286,0,3,1289,T
1-PB2,1335,0,1285,0,0,1285,T
1-PB2,1336,0,1295,0,0,1295,T
1-PB2,1337,0,1296,0,1,1297,T
1-PB2,1338,1,1289,0,0,1290,T
1-PB2,1339,3,1,0,1290,1294,C
1-PB2,1340,1289,1,1,0,1291,A
1-PB2,1341,1291,0,1,0,1292,A
1-PB2,1342,1292,1,0,0,1293,A
1-PB2,1343,1294,0,0,0,1294,A
1-PB2,1344,0,1283,1,0,1284,T
1-PB2,1345,0,1296,0,0,1296,T
1-PB2,1346,1,2,1293,0,1296,G
1-PB2,1347,0,5,1290,1,1296,G
1-PB2,1348,0,1,1291,0,1292,G
1-PB2,1349,1,5,1299,0,1305,G
1-PB2,1350,1298,1,0,0,1299,A
1-PB2,1351,0,1,1311,0,1312,G
1-PB2,1352,0,1313,1,2,1316,T
1-PB2,1353,0,1313,0,0,1313,T
1-PB2,1354,0,7,1311,0,1318,G
1-PB2,1355,1317,0,2,0,1319,A
1-PB2,1356,1321,0,1,0,1322,A
1-PB2,1357,0,1,0,1336,1337,C
1-PB2,1358,1325,0,1,0,1326,A
1-PB2,1359,0,1,0,1350,1351,C
1-PB2,1360,1322,0,1,0,1323,A
1-PB2,1361,0,1331,0,1,1332,T
1-PB2,1362,1,3,0,1330,1334,C
1-PB2,1363,0,2,1326,0,1328,G
1-PB2,1364,1332,0,0,0,1332,A
1-PB2,1365,0,0,0,1324,1324,C
1-PB2,1366,1277,0,0,0,1277,A
1-PB2,1367,0,0,1317,0,1317,G
1-PB2,1368,0,1277,0,0,1277,T
1-PB2,1369,1,0,1296,0,1297,G
1-PB2,1370,1,1288,0,1,1290,T
1-PB2,1371,0,2,1288,0,1290,G
1-PB2,1372,1289,0,4,0,1293,A
1-PB2,1373,0,1280,0,3,1283,T
1-PB2,1374,1,0,1286,0,1287,G
1-PB2,1375,1,3,1277,0,1281,G
1-PB2,1376,0,3,1259,0,1262,G
1-PB2,1377,1252,0,1,0,1253,A
1-PB2,1378,1243,0,1,0,1244,A
1-PB2,1379,0,1241,0,0,1241,T
1-PB2,1380,0,3,1242,2,1247,G
1-PB2,1381,1249,0,0,0,1249,A
1-PB2,1382,0,1251,0,0,1251,T
1-PB2,1383,0,1246,0,0,1246,T
1-PB2,1384,0,0,1236,0,1236,G
1-PB2,1385,0,5,1259,0,1264,G
1-PB2,1386,1260,0,0,0,1260,A
1-PB2,1387,0,1,1273,0,1274,G
1-PB2,1388,1,1263,0,0,1264,T
1-PB2,1389,1253,0,0,0,1253,A
1-PB2,1390,0,1249,1,1,1251,T
1-PB2,1391,0,1245,0,1,1246,T
1-PB2,1392,1256,1,2,0,1259,A
1-PB2,1393,0,0,0,1252,1252,C
1-PB2,1394,0,1,0,1213,1214,C
1-PB2,1395,3,0,1187,0,1190,G
1-PB2,1396,0,1,1217,0,1218,G
1-PB2,1397,1237,0,0,0,1237,A
1-PB2,1398,0,1232,0,1,1233,T
1-PB2,1399,1226,0,0,0,1226,A
1-PB2,1400,0,1215,0,2,1217,T
1-PB2,1401,0,8,1200,0,1208,G
1-PB2,1402,1206,0,2,0,1208,A
1-PB2,1403,0,1,0,1214,1215,C
1-PB2,1404,0,1186,0,1,1187,T
1-PB2,1405,4,0,0,1180,1184,C
1-PB2,1406,3,1,0,1172,1176,C
1-PB2,1407,1183,0,0,0,1183,A
1-PB2,1408,1187,0,0,0,1187,A
1-PB2,1409,0,0,1222,0,1222,G
1-PB2,1410,0,0,0,1215,1215,C
1-PB2,1411,1209,0,0,0,1209,A
1-PB2,1412,1,1,0,1203,1205,C
1-PB2,1413,1202,0,1,0,1203,A
1-PB2,1414,6,2,1201,0,1209,G
1-PB2,1415,1202,0,0,0,1202,A
1-PB2,1416,0,1,1198,0,1199,G
1-PB2,1417,1206,1,0,0,1207,A
1-PB2,1418,0,1166,0,3,1169,T
1-PB2,1419,0,0,1182,0,1182,G
1-PB2,1420,0,1176,0,0,1176,T
1-PB2,1421,4,0,0,1165,1169,C
1-PB2,1422,1175,0,1,0,1176,A
1-PB2,1423,1167,0,1,0,1168,A
1-PB2,1424,0,1168,0,0,1168,T
1-PB2,1425,1,2,1164,0,1167,G
1-PB2,1426,1144,0,1,0,1145,A
1-PB2,1427,0,0,1155,0,1155,G
1-PB2,1428,1138,0,2,0,1140,A
1-PB2,1429,0,2,1136,0,1138,G
1-PB2,1430,1,5,1189,0,1195,G
1-PB2,1431,1196,0,1,0,1197,A
1-PB2,1432,1195,0,1,0,1196,A
1-PB2,1433,1,1193,1,1,1196,T
1-PB2,1434,1194,0,0,0,1194,A
1-PB2,1435,1192,0,0,0,1192,A
1-PB2,1436,0,1,1187,0,1188,G
1-PB2,1437,1180,0,0,0,1180,A
1-PB2,1438,1,0,1182,0,1183,G
1-PB2,1439,0,1101,0,1,1102,T
1-PB2,1440,4,1,0,1100,1105,C
1-PB2,1441,1103,0,2,1,1106,A
1-PB2,1442,1,0,1115,0,1116,G
1-PB2,1443,0,0,0,1118,1118,C
1-PB2,1444,1120,0,0,0,1120,A
1-PB2,1445,1116,0,0,0,1116,A
1-PB2,1446,1112,0,0,0,1112,A
1-PB2,1447,1114,0,0,0,1114,A
1-PB2,1448,0,1110,0,0,1110,T
1-PB2,1449,1,4,1109,0,1114,G
1-PB2,1450,0,1,1115,0,1116,G
1-PB2,1451,0,1,1120,0,1121,G
1-PB2,1452,0,1112,0,0,1112,T
1-PB2,1453,0,1,1113,0,1114,G
1-PB2,1454,0,1110,0,1,1111,T
1-PB2,1455,0,2,1113,0,1115,G
1-PB2,1456,0,2,1126,0,1128,G
1-PB2,1457,1130,0,0,0,1130,A
1-PB2,1458,0,1122,0,1,1123,T
1-PB2,1459,0,4,1127,0,1131,G
1-PB2,1460,1122,0,0,0,1122,A
1-PB2,1461,1123,0,1,0,1124,A
1-PB2,1462,0,1118,0,0,1118,T
1-PB2,1463,1108,0,2,0,1110,A
1-PB2,1464,0,0,0,1152,1152,C
1-PB2,1465,0,1111,0,4,1115,T
1-PB2,1466,6,0,1,1124,1131,C
1-PB2,1467,0,0,0,1132,1132,C
1-PB2,1468,1127,0,0,0,1127,A
1-PB2,1469,0,0,1157,0,1157,G
1-PB2,1470,0,1153,0,0,1153,T
1-PB2,1471,1161,0,0,0,1161,A
1-PB2,1472,0,1,0,1161,1162,C
1-PB2,1473,1042,0,1,0,1043,A
1-PB2,1474,0,1,1047,0,1048,G
1-PB2,1475,1013,0,0,0,1013,A
1-PB2,1476,0,0,1023,0,1023,G
1-PB2,1477,1002,0,0,0,1002,A
1-PB2,1478,0,2,966,0,968,G
1-PB2,1479,0,1,963,1,965,G
1-PB2,1480,0,0,964,0,964,G
1-PB2,1481,0,951,0,0,951,T
1-PB2,1482,0,0,953,0,953,G
1-PB2,1483,0,0,958,0,958,G
1-PB2,1484,0,951,0,0,951,T
1-PB2,1485,0,2,956,0,958,G
1-PB2,1486,0,0,959,0,959,G
1-PB2,1487,0,937,0,1,938,T
1-PB2,1488,0,938,0,0,938,T
1-PB2,1489,925,0,2,0,927,A
1-PB2,1490,0,0,927,0,927,G
1-PB2,1491,0,0,0,925,925,C
1-PB2,1492,922,0,0,0,922,A
1-PB2,1493,1,921,0,0,922,T
1-PB2,1494,0,849,0,0,849,T
1-PB2,1495,0,7,842,0,849,G
1-PB2,1496,847,1,0,0,848,A
1-PB2,1497,0,850,0,0,850,T
1-PB2,1498,2,0,0,848,850,C
1-PB2,1499,0,0,835,0,835,G
1-PB2,1500,0,0,849,0,849,G
1-PB2,1501,0,848,0,0,848,T
1-PB2,1502,0,848,0,0,848,T
1-PB2,1503,0,846,0,1,847,T
1-PB2,1504,0,847,0,0,847,T
1-PB2,1505,0,847,0,0,847,T
1-PB2,1506,1,1,843,0,845,G
1-PB2,1507,843,0,0,0,843,A
1-PB2,1508,1,0,846,0,847,G
1-PB2,1509,818,0,0,0,818,A
1-PB2,1510,1,0,817,0,818,G
1-PB2,1511,0,820,0,1,821,T
1-PB2,1512,0,819,0,1,820,T
1-PB2,1513,4,0,0,819,823,C
1-PB2,1514,1,3,818,0,822,G
1-PB2,1515,822,0,1,0,823,A
1-PB2,1516,0,4,816,0,820,G
1-PB2,1517,816,0,2,0,818,A
1-PB2,1518,0,1,0,818,819,C
1-PB2,1519,0,0,0,809,809,C
1-PB2,1520,804,0,0,0,804,A
1-PB2,1521,812,0,0,0,812,A
1-PB2,1522,0,0,0,812,812,C
1-PB2,1523,0,0,816,0,816,G
1-PB2,1524,0,817,0,0,817,T
1-PB2,1525,0,0,813,1,814,G
1-PB2,1526,1,1,816,0,818,G
1-PB2,1527,5,3,808,0,816,G
1-PB2,1528,807,0,2,0,809,A
1-PB2,1529,812,0,0,0,812,A
1-PB2,1530,0,783,0,1,784,T
1-PB2,1531,0,0,804,0,804,G
1-PB2,1532,0,803,0,0,803,T
1-PB2,1533,803,0,0,0,803,A
1-PB2,1534,0,805,0,0,805,T
1-PB2,1535,0,794,1,0,795,T
1-PB2,1536,800,0,0,0,800,A
1-PB2,1537,0,795,0,0,795,T
1-PB2,1538,0,788,0,0,788,T
1-PB2,1539,781,0,0,0,781,A
1-PB2,1540,0,705,0,1,706,T
1-PB2,1541,2,0,0,718,720,C
1-PB2,1542,2,704,0,1,707,T
1-PB2,1543,2,0,0,712,714,C
1-PB2,1544,2,0,0,713,715,C
1-PB2,1545,0,684,0,1,685,T
1-PB2,1546,0,0,690,0,690,G
1-PB2,1547,690,0,0,0,690,A
1-PB2,1548,0,0,687,0,687,G
1-PB2,1549,0,0,684,0,684,G
1-PB2,1550,605,0,0,0,605,A
1-PB2,1551,1,0,607,0,608,G
1-PB2,1552,0,0,606,0,606,G
1-PB2,1553,0,564,0,2,566,T
1-PB2,1554,0,2,0,564,566,C
1-PB2,1555,558,0,0,0,558,A
1-PB2,1556,0,0,558,0,558,G
1-PB2,1557,0,555,0,0,555,T
1-PB2,1558,0,1,555,0,556,G
1-PB2,1559,553,0,2,0,555,A
1-PB2,1560,535,0,0,0,535,A
1-PB2,1561,536,0,0,0,536,A
1-PB2,1562,0,0,0,536,536,C
1-PB2,1563,531,0,0,0,531,A
1-PB2,1564,0,0,0,529,529,C
1-PB2,1565,495,0,0,0,495,A
1-PB2,1566,0,1,495,0,496,G
1-PB2,1567,0,0,493,0,493,G
1-PB2,1568,0,0,493,0,493,G
1-PB2,1569,493,0,0,0,493,A
1-PB2,1570,486,0,0,0,486,A
1-PB2,1571,0,1,0,488,489,C
1-PB2,1572,0,482,0,1,483,T
1-PB2,1573,0,2,481,0,483,G
1-PB2,1574,478,0,0,0,478,A
1-PB2,1575,0,0,478,0,478,G
1-PB2,1576,461,0,1,0,462,A
1-PB2,1577,0,1,430,0,431,G
1-PB2,1578,424,0,1,0,425,A
1-PB2,1579,0,0,0,425,425,C
1-PB2,1580,0,409,0,2,411,T
1-PB2,1581,0,0,412,0,412,G
1-PB2,1582,408,0,0,0,408,A
1-PB2,1583,0,0,0,407,407,C
1-PB2,1584,403,0,0,0,403,A
1-PB2,1585,402,0,0,0,402,A
1-PB2,1586,0,401,0,0,401,T
1-PB2,1587,398,0,0,0,398,A
1-PB2,1588,384,0,12,0,396,A
1-PB2,1589,1,0,0,398,399,C
1-PB2,1590,0,371,0,0,371,T
1-PB2,1591,0,365,0,0,365,T
1-PB2,1592,360,0,0,0,360,A
1-PB2,1593,0,359,0,0,359,T
1-PB2,1594,0,359,0,0,359,T
1-PB2,1595,1,0,0,354,355,C
1-PB2,1596,319,0,0,0,319,A
1-PB2,1597,0,319,0,0,319,T
1-PB2,1598,0,0,0,301,301,C
1-PB2,1599,1,0,300,0,301,G
1-PB2,1600,0,301,0,0,301,T
1-PB2,1601,2,0,0,292,294,C
1-PB2,1602,0,1,295,0,296,G
1-PB2,1603,295,0,0,0,295,A
1-PB2,1604,0,295,0,0,295,T
1-PB2,1605,0,0,292,0,292,G
1-PB2,1606,290,0,0,0,290,A
1-PB2,1607,0,288,0,1,289,T
1-PB2,1608,0,0,286,0,286,G
1-PB2,1609,0,270,0,0,270,T
1-PB2,1610,1,0,268,0,269,G
1-PB2,1611,0,0,268,0,268,G
1-PB2,1612,0,0,266,0,266,G
1-PB2,1613,256,0,0,0,256,A
1-PB2,1614,0,0,247,0,247,G
1-PB2,1615,216,0,0,0,216,A
1-PB2,1616,0,208,0,0,208,T
1-PB2,1617,0,194,0,0,194,T
1-PB2,1618,192,0,0,0,192,A
1-PB2,1619,191,0,0,0,191,A
1-PB2,1620,0,0,0,187,187,C
1-PB2,1621,0,1,161,0,162,G
1-PB2,1622,0,1,156,0,157,G
1-PB2,1623,0,117,0,0,117,T
1-PB2,1624,0,0,0,113,113,C
1-PB2,1625,0,0,0,113,113,C
1-PB2,1626,0,88,0,1,89,T
1-PB2,1627,0,0,93,0,93,G
1-PB2,1628,93,0,0,0,93,A
1-PB2,1629,0,0,92,0,92,G
1-PB2,1630,0,93,0,0,93,T
1-PB2,1631,0,0,0,92,92,C
1-PB2,1632,0,0,91,0,91,G
1-PB2,1633,0,0,93,0,93,G
1-PB2,1634,0,92,0,0,92,T
1-PB2,1635,0,93,0,0,93,T
1-PB2,1636,0,93,0,0,93,T
1-PB2,1637,0,93,0,0,93,T
1-PB2,1638,0,0,101,0,101,G
1-PB2,1639,0,0,101,0,101,G
1-PB2,1640,0,101,0,0,101,T
1-PB2,1641,0,0,0,101,101,C
1-PB2,1642,97,1,0,0,98,A
1-PB2,1643,101,0,0,0,101,A
1-PB2,1644,0,100,0,0,100,T
1-PB2,1645,101,0,0,0,101,A
1-PB2,1646,0,0,0,102,102,C
1-PB2,1647,0,0,0,97,97,C
1-PB2,1648,0,96,0,0,96,T
1-PB2,1649,98,0,0,0,98,A
1-PB2,1650,0,97,0,1,98,T
1-PB2,1651,0,0,0,98,98,C
1-PB2,1652,94,0,0,0,94,A
1-PB2,1653,94,0,0,0,94,A
1-PB2,1654,0,93,0,0,93,T
1-PB2,1655,0,0,88,0,88,G
1-PB2,1656,0,0,86,0,86,G
1-PB2,1657,85,0,0,0,85,A
1-PB2,1658,0,84,0,0,84,T
1-PB2,1659,0,0,0,84,84,C
1-PB2,1660,83,0,0,0,83,A
1-PB2,1661,0,85,0,0,85,T
1-PB2,1662,0,0,0,85,85,C
1-PB2,1663,85,0,0,0,85,A
1-PB2,1664,0,0,84,0,84,G
1-PB2,1665,83,0,1,0,84,A
1-PB2,1666,82,0,0,0,82,A
1-PB2,1667,84,0,0,0,84,A
1-PB2,1668,0,87,0,0,87,T
1-PB2,1669,0,86,0,0,86,T
1-PB2,1670,0,0,86,0,86,G
1-PB2,1671,0,0,86,0,86,G
1-PB2,1672,0,0,86,0,86,G
1-PB2,1673,84,0,0,0,84,A
1-PB2,1674,84,0,0,0,84,A
1-PB2,1675,0,0,84,0,84,G
1-PB2,1676,0,0,0,84,84,C
1-PB2,1677,0,84,0,0,84,T
1-PB2,1678,0,0,85,0,85,G
1-PB2,1679,0,85,0,0,85,T
1-PB2,1680,2,0,0,83,85,C
1-PB2,1681,85,0,0,0,85,A
1-PB2,1682,85,0,0,0,85,A
1-PB2,1683,84,0,0,0,84,A
1-PB2,1684,85,0,0,0,85,A
1-PB2,1685,0,85,0,0,85,T
1-PB2,1686,0,84,0,0,84,T
1-PB2,1687,0,0,0,84,84,C
1-PB2,1688,83,0,0,0,83,A
1-PB2,1689,83,0,0,0,83,A
1-PB2,1690,0,83,0,0,83,T
1-PB2,1691,0,0,81,0,81,G
1-PB2,1692,0,0,83,0,83,G
1-PB2,1693,0,83,0,0,83,T
1-PB2,1694,0,0,0,84,84,C
1-PB2,1695,0,84,0,0,84,T
1-PB2,1696,0,0,0,84,84,C
1-PB2,1697,84,0,0,0,84,A
1-PB2,1698,0,0,84,0,84,G
1-PB2,1699,83,0,0,0,83,A
1-PB2,1700,84,0,0,0,84,A
1-PB2,1701,0,84,0,0,84,T
1-PB2,1702,0,0,0,81,81,C
1-PB2,1703,0,0,0,82,82,C
1-PB2,1704,0,83,0,0,83,T
1-PB2,1705,0,0,84,0,84,G
1-PB2,1706,0,0,0,84,84,C
1-PB2,1707,84,0,0,0,84,A
1-PB2,1708,86,0,0,0,86,A
1-PB2,1709,0,84,0,0,84,T
1-PB2,1710,0,0,86,0,86,G
1-PB2,1711,0,86,0,0,86,T
1-PB2,1712,0,82,0,0,82,T
1-PB2,1713,0,0,85,0,85,G
1-PB2,1714,0,85,0,0,85,T
1-PB2,1715,85,0,0,0,85,A
1-PB2,1716,0,1,0,84,85,C
1-PB2,1717,79,0,0,0,79,A
1-PB2,1718,81,0,0,0,81,A
1-PB2,1719,0,0,0,79,79,C
1-PB2,1720,78,0,0,0,78,A
1-PB2,1721,77,0,0,0,77,A
1-PB2,1722,78,0,0,0,78,A
1-PB2,1723,78,0,0,0,78,A
1-PB2,1724,0,78,0,0,78,T
1-PB2,1725,0,0,77,0,77,G
1-PB2,1726,0,0,79,0,79,G
1-PB2,1727,78,0,0,0,78,A
1-PB2,1728,79,0,0,0,79,A
1-PB2,1729,0,77,0,0,77,T
1-PB2,1730,0,79,0,0,79,T
1-PB2,1731,0,79,0,0,79,T
1-PB2,1732,0,0,78,0,78,G
1-PB2,1733,78,0,0,0,78,A
1-PB2,1734,78,0,0,0,78,A
1-PB2,1735,0,0,0,79,79,C
1-PB2,1736,0,0,0,79,79,C
1-PB2,1737,77,0,1,0,78,A
1-PB2,1738,0,78,0,0,78,T
1-PB2,1739,0,78,0,0,78,T
1-PB2,1740,0,77,0,0,77,T
1-PB2,1741,0,0,0,79,79,C
1-PB2,1742,79,0,0,0,79,A
1-PB2,1743,78,0,0,0,78,A
1-PB2,1744,0,79,0,0,79,T
1-PB2,1745,1,0,0,78,79,C
1-PB2,1746,0,79,0,0,79,T
1-PB2,1747,0,76,0,0,76,T
1-PB2,1748,0,76,0,0,76,T
1-PB2,1749,76,0,0,0,76,A
1-PB2,1750,0,0,76,0,76,G
1-PB2,1751,0,73,0,0,73,T
1-PB2,1752,0,0,0,74,74,C
1-PB2,1753,0,0,0,73,73,C
1-PB2,1754,0,0,0,71,71,C
1-PB2,1755,1,0,0,71,72,C
1-PB2,1756,71,0,0,0,71,A
1-PB2,1757,72,0,0,0,72,A
1-PB2,1758,0,1,74,0,75,G
1-PB2,1759,0,0,76,0,76,G
1-PB2,1760,0,0,0,76,76,C
1-PB2,1761,0,0,0,76,76,C
1-PB2,1762,77,0,0,0,77,A
1-PB2,1763,0,76,0,0,76,T
1-PB2,1764,0,76,0,0,76,T
1-PB2,1765,77,0,0,0,77,A
1-PB2,1766,0,0,75,0,75,G
1-PB2,1767,74,0,0,0,74,A
1-PB2,1768,79,0,0,0,79,A
1-PB2,1769,0,0,80,0,80,G
1-PB2,1770,0,0,0,79,79,C
1-PB2,1771,0,0,0,80,80,C
1-PB2,1772,79,0,0,0,79,A
1-PB2,1773,81,0,0,0,81,A
1-PB2,1774,0,81,0,0,81,T
1-PB2,1775,82,0,1,0,83,A
1-PB2,1776,0,0,0,83,83,C
1-PB2,1777,80,0,0,0,80,A
1-PB2,1778,0,0,80,0,80,G
1-PB2,1779,0,79,0,0,79,T
1-PB2,1780,0,0,81,0,81,G
1-PB2,1781,0,0,81,0,81,G
1-PB2,1782,0,0,81,0,81,G
1-PB2,1783,0,79,0,0,79,T
1-PB2,1784,0,77,0,0,77,T
1-PB2,1785,0,83,0,0,83,T
1-PB2,1786,0,0,82,0,82,G
1-PB2,1787,0,81,0,1,82,T
1-PB2,1788,0,0,0,82,82,C
1-PB2,1789,80,0,0,0,80,A
1-PB2,1790,0,1,78,0,79,G
1-PB2,1791,79,0,0,0,79,A
1-PB2,1792,80,0,0,0,80,A
1-PB2,1793,0,0,0,80,80,C
1-PB2,1794,0,79,0,0,79,T
1-PB2,1795,0,0,0,79,79,C
1-PB2,1796,0,79,0,0,79,T
1-PB2,1797,79,0,0,0,79,A
1-PB2,1798,0,80,0,0,80,T
1-PB2,1799,0,77,0,1,78,T
1-PB2,1800,1,0,0,76,77,C
1-PB2,1801,0,0,0,78,78,C
1-PB2,1802,78,0,0,0,78,A
1-PB2,1803,78,0,0,0,78,A
1-PB2,1804,0,0,0,78,78,C
1-PB2,1805,78,0,0,0,78,A
1-PB2,1806,79,0,0,0,79,A
1-PB2,1807,78,0,0,0,78,A
1-PB2,1808,0,79,0,0,79,T
1-PB2,1809,0,0,80,0,80,G
1-PB2,1810,78,0,0,0,78,A
1-PB2,1811,0,0,79,0,79,G
1-PB2,1812,78,0,0,0,78,A
1-PB2,1813,0,0,76,0,76,G
1-PB2,1814,78,0,0,0,78,A
1-PB2,1815,0,0,0,77,77,C
1-PB2,1816,0,1,76,0,77,G
1-PB2,1817,0,77,0,0,77,T
1-PB2,1818,77,0,0,0,77,A
1-PB2,1819,0,0,0,76,76,C
1-PB2,1820,0,76,0,0,76,T
1-PB2,1821,0,76,0,0,76,T
1-PB2,1822,0,0,75,0,75,G
1-PB2,1823,0,0,76,0,76,G
1-PB2,1824,0,0,75,0,75,G
1-PB2,1825,75,0,0,0,75,A
1-PB2,1826,0,0,0,77,77,C
1-PB2,1827,79,0,0,0,79,A
1-PB2,1828,0,80,0,0,80,T
1-PB2,1829,0,80,0,0,80,T
1-PB2,1830,0,77,0,2,79,T
1-PB2,1831,0,0,80,0,80,G
1-PB2,1832,79,0,0,0,79,A
1-PB2,1833,0,0,0,79,79,C
1-PB2,1834,77,0,0,0,77,A
1-PB2,1835,0,0,0,77,77,C
1-PB2,1836,0,0,0,76,76,C
1-PB2,1837,77,0,0,0,77,A
1-PB2,1838,0,0,0,75,75,C
1-PB2,1839,0,0,0,78,78,C
1-PB2,1840,1,0,0,77,78,C
1-PB2,1841,78,0,0,0,78,A
1-PB2,1842,0,0,81,0,81,G
1-PB2,1843,81,0,0,0,81,A
1-PB2,1844,0,80,0,0,80,T
1-PB2,1845,81,1,0,0,82,A
1-PB2,1846,81,0,0,0,81,A
1-PB2,1847,0,82,0,0,82,T
1-PB2,1848,82,0,0,0,82,A
1-PB2,1849,82,0,0,0,82,A
1-PB2,1850,80,0,0,0,80,A
1-PB2,1851,0,0,79,0,79,G
1-PB2,1852,0,0,0,81,81,C
1-PB2,1853,0,79,0,0,79,T
1-PB2,1854,0,79,0,0,79,T
1-PB2,1855,0,0,0,79,79,C
1-PB2,1856,0,77,0,0,77,T
1-PB2,1857,0,0,0,79,79,C
1-PB2,1858,0,0,0,79,79,C
1-PB2,1859,0,0,0,80,80,C
1-PB2,1860,0,0,0,79,79,C
1-PB2,1861,0,81,0,0,81,T
1-PB2,1862,0,82,0,1,83,T
1-PB2,1863,0,81,0,0,81,T
1-PB2,1864,0,0,83,0,83,G
1-PB2,1865,0,0,0,83,83,C
1-PB2,1866,83,0,0,0,83,A
1-PB2,1867,0,0,83,0,83,G
1-PB2,1868,1,0,0,82,83,C
1-PB2,1869,0,81,0,0,81,T
1-PB2,1870,0,0,81,0,81,G
1-PB2,1871,0,0,0,81,81,C
1-PB2,1872,0,79,0,1,80,T
1-PB2,1873,0,0,0,82,82,C
1-PB2,1874,0,0,0,83,83,C
1-PB2,1875,83,0,0,0,83,A
1-PB2,1876,0,0,0,83,83,C
1-PB2,1877,0,1,0,82,83,C
1-PB2,1878,84,0,0,0,84,A
1-PB2,1879,84,0,0,0,84,A
1-PB2,1880,83,0,0,0,83,A
1-PB2,1881,0,0,83,0,83,G
1-PB2,1882,0,0,0,82,82,C
1-PB2,1883,81,0,0,0,81,A
1-PB2,1884,82,0,0,0,82,A
1-PB2,1885,82,0,0,0,82,A
1-PB2,1886,0,0,84,0,84,G
1-PB2,1887,0,0,0,84,84,C
1-PB2,1888,84,0,0,0,84,A
1-PB2,1889,0,0,84,0,84,G
1-PB2,1890,84,0,0,0,84,A
1-PB2,1891,84,0,0,0,84,A
1-PB2,1892,0,84,0,0,84,T
1-PB2,1893,0,0,85,0,85,G
1-PB2,1894,0,0,0,86,86,C
1-PB2,1895,82,0,1,0,83,A
1-PB2,1896,0,0,85,0,85,G
1-PB2,1897,0,84,0,1,85,T
1-PB2,1898,0,86,0,0,86,T
1-PB2,1899,1,0,0,85,86,C
1-PB2,1900,0,87,0,0,87,T
1-PB2,1901,0,0,0,87,87,C
1-PB2,1902,0,87,0,0,87,T
1-PB2,1903,0,88,0,0,88,T
1-PB2,1904,0,0,0,89,89,C
1-PB2,1905,88,0,0,0,88,A
1-PB2,1906,0,0,0,88,88,C
1-PB2,1907,0,86,0,0,86,T
1-PB2,1908,0,0,87,0,87,G
1-PB2,1909,85,0,0,0,85,A
1-PB2,1910,0,0,0,92,92,C
1-PB2,1911,0,92,0,0,92,T
1-PB2,1912,0,0,92,0,92,G
1-PB2,1913,0,91,0,0,91,T
1-PB2,1914,0,1,94,0,95,G
1-PB2,1915,95,0,0,0,95,A
1-PB2,1916,94,0,1,0,95,A
1-PB2,1917,0,93,0,0,93,T
1-PB2,1918,0,0,92,0,92,G
1-PB2,1919,0,92,0,0,92,T
1-PB2,1920,91,0,0,0,91,A
1-PB2,1921,91,0,0,0,91,A
1-PB2,1922,0,0,91,0,91,G
1-PB2,1923,0,1,90,0,91,G
1-PB2,1924,0,0,90,0,90,G
1-PB2,1925,0,1,91,0,92,G
1-PB2,1926,91,0,0,0,91,A
1-PB2,1927,0,89,0,0,89,T
1-PB2,1928,0,0,0,91,91,C
1-PB2,1929,89,0,0,0,89,A
1-PB2,1930,0,0,88,0,88,G
1-PB2,1931,0,0,89,0,89,G
1-PB2,1932,0,0,89,0,89,G
1-PB2,1933,88,0,0,0,88,A
1-PB2,1934,0,86,0,0,86,T
1-PB2,1935,0,1,87,0,88,G
1-PB2,1936,87,0,0,0,87,A
1-PB2,1937,0,0,87,0,87,G
1-PB2,1938,87,0,0,0,87,A
1-PB2,1939,86,0,0,0,86,A
1-PB2,1940,0,85,0,0,85,T
1-PB2,1941,86,0,0,0,86,A
1-PB2,1942,0,0,0,87,87,C
1-PB2,1943,0,87,0,0,87,T
1-PB2,1944,0,85,0,0,85,T
1-PB2,1945,0,1,87,0,88,G
1-PB2,1946,0,83,0,0,83,T
1-PB2,1947,84,0,0,0,84,A
1-PB2,1948,84,0,0,0,84,A
1-PB2,1949,0,0,84,0,84,G
1-PB2,1950,0,0,84,0,84,G
1-PB2,1951,0,0,81,0,81,G
1-PB2,1952,1,0,78,0,79,G
1-PB2,1953,0,0,0,80,80,C
1-PB2,1954,80,0,0,0,80,A
1-PB2,1955,81,0,0,0,81,A
1-PB2,1956,0,81,0,0,81,T
1-PB2,1957,0,81,0,0,81,T
1-PB2,1958,1,0,0,82,83,C
1-PB2,1959,0,83,0,0,83,T
1-PB2,1960,0,0,0,86,86,C
1-PB2,1961,0,0,0,86,86,C
1-PB2,1962,0,86,0,0,86,T
1-PB2,1963,0,0,88,0,88,G
1-PB2,1964,0,88,0,0,88,T
1-PB2,1965,88,0,0,0,88,A
1-PB2,1966,0,88,0,0,88,T
1-PB2,1967,0,85,0,0,85,T
1-PB2,1968,1,0,0,84,85,C
1-PB2,1969,84,0,0,0,84,A
1-PB2,1970,85,0,0,0,85,A
1-PB2,1971,0,0,0,85,85,C
1-PB2,1972,0,83,0,0,83,T
1-PB2,1973,83,0,0,0,83,A
1-PB2,1974,0,0,0,84,84,C
1-PB2,1975,83,1,0,0,84,A
1-PB2,1976,84,0,0,0,84,A
1-PB2,1977,0,0,0,82,82,C
1-PB2,1978,79,0,0,0,79,A
1-PB2,1979,78,0,0,0,78,A
1-PB2,1980,0,1,78,0,79,G
1-PB2,1981,77,0,1,0,78,A
1-PB2,1982,0,0,0,77,77,C
1-PB2,1983,0,0,0,79,79,C
1-PB2,1984,79,0,0,0,79,A
1-PB2,1985,0,0,0,80,80,C
1-PB2,1986,0,81,0,0,81,T
1-PB2,1987,81,0,0,0,81,A
1-PB2,1988,80,0,0,0,80,A
1-PB2,1989,79,0,0,0,79,A
1-PB2,1990,79,0,0,0,79,A
1-PB2,1991,0,1,79,0,80,G
1-PB2,1992,79,0,0,0,79,A
1-PB2,1993,0,0,0,80,80,C
1-PB2,1994,0,75,0,0,75,T
1-PB2,1995,75,0,0,0,75,A
1-PB2,1996,76,0,0,0,76,A
1-PB2,1997,0,0,0,76,76,C
1-PB2,1998,75,0,0,0,75,A
1-PB2,1999,75,0,0,0,75,A
1-PB2,2000,0,76,0,0,76,T
1-PB2,2001,0,75,0,0,75,T
1-PB2,2002,1,0,0,75,76,C
1-PB2,2003,0,75,0,0,75,T
1-PB2,2004,0,0,0,77,77,C
1-PB2,2005,0,0,77,0,77,G
1-PB2,2006,0,0,77,0,77,G
1-PB2,2007,76,0,0,0,76,A
1-PB2,2008,76,0,0,0,76,A
1-PB2,2009,77,0,0,0,77,A
1-PB2,2010,77,0,0,0,77,A
1-PB2,2011,0,0,77,0,77,G
1-PB2,2012,76,0,1,0,77,A
1-PB2,2013,0,76,0,0,76,T
1-PB2,2014,0,0,77,0,77,G
1-PB2,2015,0,0,0,75,75,C
1-PB2,2016,1,0,1,73,75,C
1-PB2,2017,0,0,76,0,76,G
1-PB2,2018,1,0,75,0,76,G
1-PB2,2019,0,0,0,74,74,C
1-PB2,2020,75,0,0,0,75,A
1-PB2,2021,0,0,0,76,76,C
1-PB2,2022,0,74,0,0,74,T
1-PB2,2023,0,76,0,0,76,T
1-PB2,2024,0,76,0,0,76,T
1-PB2,2025,76,0,0,0,76,A
1-PB2,2026,75,0,0,0,75,A
1-PB2,2027,0,76,0,0,76,T
1-PB2,2028,0,75,0,0,75,T
1-PB2,2029,0,0,75,0,75,G
1-PB2,2030,73,0,0,0,73,A
1-PB2,2031,72,0,0,0,72,A
1-PB2,2032,0,0,72,0,72,G
1-PB2,2033,72,0,0,0,72,A
1-PB2,2034,0,0,0,72,72,C
1-PB2,2035,0,0,0,69,69,C
1-PB2,2036,0,0,0,70,70,C
1-PB2,2037,70,0,0,0,70,A
1-PB2,2038,0,0,70,0,70,G
1-PB2,2039,71,0,0,0,71,A
1-PB2,2040,0,71,0,0,71,T
1-PB2,2041,0,1,69,0,70,G
1-PB2,2042,69,0,0,0,69,A
1-PB2,2043,70,0,0,0,70,A
1-PB2,2044,70,0,0,0,70,A
1-PB2,2045,0,0,71,0,71,G
1-PB2,2046,0,0,0,73,73,C
1-PB2,2047,72,0,0,0,72,A
1-PB2,2048,0,0,0,74,74,C
1-PB2,2049,73,0,0,0,73,A
1-PB2,2050,0,73,0,0,73,T
1-PB2,2051,0,0,0,73,73,C
1-PB2,2052,0,0,0,74,74,C
1-PB2,2053,0,0,73,0,73,G
1-PB2,2054,0,0,73,0,73,G
1-PB2,2055,72,0,0,0,72,A
1-PB2,2056,0,0,74,0,74,G
1-PB2,2057,0,70,0,0,70,T
1-PB2,2058,0,0,70,0,70,G
1-PB2,2059,0,0,69,0,69,G
1-PB2,2060,70,0,0,0,70,A
1-PB2,2061,0,0,70,0,70,G
1-PB2,2062,0,69,0,0,69,T
1-PB2,2063,0,0,0,69,69,C
1-PB2,2064,1,0,0,69,70,C
1-PB2,2065,0,0,71,0,71,G
1-PB2,2066,0,0,0,70,70,C
1-PB2,2067,0,0,0,71,71,C
1-PB2,2068,0,0,72,0,72,G
1-PB2,2069,0,72,0,0,72,T
1-PB2,2070,0,0,0,72,72,C
1-PB2,2071,0,72,0,0,72,T
1-PB2,2072,0,72,0,0,72,T
1-PB2,2073,0,1,71,0,72,G
1-PB2,2074,69,0,0,0,69,A
1-PB2,2075,0,0,72,0,72,G
1-PB2,2076,71,0,0,0,71,A
1-PB2,2077,0,0,65,0,65,G
1-PB2,2078,0,0,66,0,66,G
1-PB2,2079,0,0,65,0,65,G
1-PB2,2080,0,63,0,0,63,T
1-PB2,2081,0,62,0,0,62,T
1-PB2,2082,1,63,0,0,64,T
1-PB2,2083,0,0,0,67,67,C
1-PB2,2084,0,67,0,0,67,T
1-PB2,2085,0,0,0,68,68,C
1-PB2,2086,68,0,0,0,68,A
1-PB2,2087,0,69,0,0,69,T
1-PB2,2088,0,69,0,0,69,T
1-PB2,2089,68,0,0,0,68,A
1-PB2,2090,0,68,0,0,68,T
1-PB2,2091,69,0,0,0,69,A
1-PB2,2092,0,0,71,0,71,G
1-PB2,2093,0,0,72,0,72,G
1-PB2,2094,0,65,0,0,65,T
1-PB2,2095,64,0,0,0,64,A
1-PB2,2096,65,0,0,0,65,A
1-PB2,2097,0,0,66,0,66,G
1-PB2,2098,0,0,65,0,65,G
1-PB2,2099,65,0,0,0,65,A
1-PB2,2100,65,0,0,0,65,A
1-PB2,2101,0,0,65,0,65,G
1-PB2,2102,64,0,0,0,64,A
1-PB2,2103,0,0,0,65,65,C
1-PB2,2104,65,0,0,0,65,A
1-PB2,2105,0,0,65,0,65,G
1-PB2,2106,63,0,0,0,63,A
1-PB2,2107,64,0,0,0,64,A
1-PB2,2108,0,0,64,0,64,G
1-PB2,2109,0,0,64,0,64,G
1-PB2,2110,0,66,0,0,66,T
1-PB2,2111,66,0,0,0,66,A
1-PB2,2112,0,0,0,66,66,C
1-PB2,2113,0,0,63,0,63,G
1-PB2,2114,0,0,64,0,64,G
1-PB2,2115,65,0,0,0,65,A
1-PB2,2116,0,0,0,65,65,C
1-PB2,2117,0,0,0,65,65,C
1-PB2,2118,62,0,0,0,62,A
1-PB2,2119,0,0,66,0,66,G
1-PB2,2120,0,0,0,66,66,C
1-PB2,2121,66,0,0,0,66,A
1-PB2,2122,0,66,0,0,66,T
1-PB2,2123,0,61,0,0,61,T
1-PB2,2124,61,0,0,0,61,A
1-PB2,2125,61,0,0,0,61,A
1-PB2,2126,0,0,61,0,61,G
1-PB2,2127,0,0,0,59,59,C
1-PB2,2128,54,0,0,0,54,A
1-PB2,2129,0,53,0,0,53,T
1-PB2,2130,0,0,0,53,53,C
1-PB2,2131,53,0,0,0,53,A
1-PB2,2132,53,0,0,0,53,A
1-PB2,2133,0,53,0,0,53,T
1-PB2,2134,0,0,53,0,53,G
1-PB2,2135,51,0,0,0,51,A
1-PB2,2136,51,0,0,0,51,A
1-PB2,2137,0,0,0,51,51,C
1-PB2,2138,0,47,0,0,47,T
1-PB2,2139,0,0,48,0,48,G
1-PB2,2140,47,0,0,0,47,A
1-PB2,2141,0,0,47,0,47,G
1-PB2,2142,0,47,0,0,47,T
1-PB2,2143,46,0,0,0,46,A
1-PB2,2144,46,0,0,0,46,A
1-PB2,2145,0,0,0,46,46,C
1-PB2,2146,0,0,0,44,44,C
1-PB2,2147,0,44,0,0,44,T
1-PB2,2148,0,41,0,0,41,T
1-PB2,2149,0,0,41,0,41,G
1-PB2,2150,0,0,0,41,41,C
1-PB2,2151,41,0,0,0,41,A
1-PB2,2152,41,0,0,0,41,A
1-PB2,2153,41,0,0,0,41,A
1-PB2,2154,41,0,0,0,41,A
1-PB2,2155,0,0,41,0,41,G
1-PB2,2156,0,0,41,0,41,G
1-PB2,2157,0,0,42,0,42,G
1-PB2,2158,0,0,42,0,42,G
1-PB2,2159,42,0,0,0,42,A
1-PB2,2160,42,0,0,0,42,A
1-PB2,2161,42,0,0,0,42,A
1-PB2,2162,42,0,0,0,42,A
1-PB2,2163,0,1,41,0,42,G
1-PB2,2164,0,0,42,0,42,G
1-PB2,2165,0,0,0,43,43,C
1-PB2,2166,0,43,0,0,43,T
1-PB2,2167,43,0,0,0,43,A
1-PB2,2168,43,0,0,0,43,A
1-PB2,2169,0,44,0,0,44,T
1-PB2,2170,0,0,46,0,46,G
1-PB2,2171,0,45,0,0,45,T
1-PB2,2172,0,0,45,0,45,G
1-PB2,2173,0,0,0,45,45,C
1-PB2,2174,0,45,0,0,45,T
1-PB2,2175,46,0,0,0,46,A
1-PB2,2176,46,0,0,0,46,A
1-PB2,2177,0,46,0,0,46,T
1-PB2,2178,0,0,0,45,45,C
1-PB2,2179,0,0,45,0,45,G
1-PB2,2180,0,0,46,0,46,G
1-PB2,2181,0,0,46,0,46,G
1-PB2,2182,0,0,0,45,45,C
1-PB2,2183,46,0,0,0,46,A
1-PB2,2184,46,0,0,0,46,A
1-PB2,2185,0,0,46,0,46,G
1-PB2,2186,0,0,46,0,46,G
1-PB2,2187,46,0,0,0,46,A
1-PB2,2188,0,0,44,0,44,G
1-PB2,2189,44,0,0,0,44,A
1-PB2,2190,0,0,0,44,44,C
1-PB2,2191,0,0,44,0,44,G
1-PB2,2192,0,44,0,0,44,T
1-PB2,2193,0,1,44,0,45,G
1-PB2,2194,0,0,45,0,45,G
1-PB2,2195,0,45,0,0,45,T
1-PB2,2196,0,0,45,0,45,G
1-PB2,2197,0,43,0,0,43,T
1-PB2,2198,0,42,0,0,42,T
1-PB2,2199,0,0,42,0,42,G
1-PB2,2200,0,0,42,0,42,G
1-PB2,2201,0,42,0,0,42,T
1-PB2,2202,42,0,0,0,42,A
1-PB2,2203,42,0,0,0,42,A
1-PB2,2204,0,41,0,0,41,T
1-PB2,2205,0,0,42,0,42,G
1-PB2,2206,42,0,0,0,42,A
1-PB2,2207,41,0,0,0,41,A
1-PB2,2208,41,0,0,0,41,A
1-PB2,2209,0,0,0,41,41,C
1-PB2,2210,0,0,41,0,41,G
1-PB2,2211,41,0,0,0,41,A
1-PB2,2212,41,0,0,0,41,A
1-PB2,2213,41,0,0,0,41,A
1-PB2,2214,41,0,0,0,41,A
1-PB2,2215,0,0,0,41,41,C
1-PB2,2216,0,0,41,0,41,G
1-PB2,2217,0,0,41,0,41,G
1-PB2,2218,41,0,0,0,41,A
1-PB2,2219,41,0,0,0,41,A
1-PB2,2220,0,0,0,41,41,C
1-PB2,2221,0,41,0,0,41,T
1-PB2,2222,0,0,0,41,41,C
1-PB2,2223,0,41,0,0,41,T
1-PB2,2224,41,0,0,0,41,A
1-PB2,2225,0,0,41,0,41,G
1-PB2,2226,1,0,0,40,41,C
1-PB2,2227,41,0,0,0,41,A
1-PB2,2228,0,40,0,0,40,T
1-PB2,2229,38,0,0,0,38,A
1-PB2,2230,0,0,0,40,40,C
1-PB2,2231,0,32,0,0,32,T
1-PB2,2232,0,32,0,0,32,T
1-PB2,2233,31,0,0,0,31,A
1-PB2,2234,0,0,0,31,31,C
1-PB2,2235,0,31,0,0,31,T
1-PB2,2236,0,0,31,0,31,G
1-PB2,2237,31,0,0,0,31,A
1-PB2,2238,0,0,0,31,31,C
1-PB2,2239,28,0,0,0,28,A
1-PB2,2240,0,0,28,0,28,G
1-PB2,2241,0,0,0,28,28,C
1-PB2,2242,0,0,0,28,28,C
1-PB2,2243,27,0,0,0,27,A
1-PB2,2244,0,0,28,0,28,G
1-PB2,2245,27,0,0,0,27,A
1-PB2,2246,0,0,0,26,26,C
1-PB2,2247,26,0,0,0,26,A
1-PB2,2248,0,0,26,0,26,G
1-PB2,2249,0,0,0,24,24,C
1-PB2,2250,0,0,24,0,24,G
1-PB2,2251,24,0,0,0,24,A
1-PB2,2252,0,0,0,24,24,C
1-PB2,2253,0,0,0,24,24,C
1-PB2,2254,24,0,0,0,24,A
1-PB2,2255,24,0,0,0,24,A
1-PB2,2256,24,0,0,0,24,A
1-PB2,2257,24,0,0,0,24,A
1-PB2,2258,0,0,24,0,24,G
1-PB2,2259,23,0,0,0,23,A
1-PB2,2260,23,0,0,0,23,A
1-PB2,2261,0,23,0,0,23,T
1-PB2,2262,0,23,0,0,23,T
1-PB2,2263,0,0,0,23,23,C
1-PB2,2264,0,0,21,0,21,G
1-PB2,2265,0,0,21,0,21,G
1-PB2,2266,21,0,0,0,21,A
1-PB2,2267,0,20,0,0,20,T
1-PB2,2268,0,0,20,0,20,G
1-PB2,2269,0,0,20,0,20,G
1-PB2,2270,0,0,0,20,20,C
1-PB2,2271,0,0,0,20,20,C
1-PB2,2272,20,0,0,0,20,A
1-PB2,2273,0,20,0,0,20,T
1-PB2,2274,0,0,0,20,20,C
1-PB2,2275,20,0,0,0,20,A
1-PB2,2276,20,0,0,0,20,A
1-PB2,2277,0,20,0,0,20,T
1-PB2,2278,0,16,0,0,16,T
1-PB2,2279,14,0,0,0,14,A
1-PB2,2280,14,0,0,0,14,A
2-PB1,1,137,0,0,0,137,A
2-PB1,2,0,139,0,0,139,T
2-PB1,3,0,0,143,0,143,G
2-PB1,4,0,0,153,0,153,G
2-PB1,5,173,0,0,0,173,A
2-PB1,6,0,181,0,0,181,T
2-PB1,7,0,0,185,0,185,G
2-PB1,8,0,185,0,0,185,T
2-PB1,9,1,0,0,192,193,C
2-PB1,10,196,0,0,0,196,A
2-PB1,11,207,0,0,0,207,A
2-PB1,12,0,209,0,0,209,T
2-PB1,13,1,0,0,213,214,C
2-PB1,14,0,0,1,225,226,C
2-PB1,15,0,1,230,0,231,G
2-PB1,16,268,0,0,0,268,A
2-PB1,17,0,0,0,275,275,C
2-PB1,18,0,275,0,0,275,T
2-PB1,19,0,0,0,330,330,C
2-PB1,20,0,329,0,1,330,T
2-PB1,21,330,0,0,0,330,A
2-PB1,22,0,0,0,332,332,C
2-PB1,23,0,332,0,0,332,T
2-PB1,24,0,0,393,0,393,G
2-PB1,25,0,399,0,0,399,T
2-PB1,26,0,400,0,0,400,T
2-PB1,27,1,0,0,399,400,C
2-PB1,28,0,0,0,400,400,C
2-PB1,29,0,467,0,0,467,T
2-PB1,30,468,0,0,0,468,A
2-PB1,31,468,0,0,0,468,A
2-PB1,32,470,0,0,0,470,A
2-PB1,33,0,1,472,0,473,G
2-PB1,34,0,0,476,0,476,G
2-PB1,35,1,479,0,0,480,T
2-PB1,36,0,482,0,0,482,T
2-PB1,37,0,0,0,483,483,C
2-PB1,38,0,0,0,482,482,C
2-PB1,39,481,0,1,0,482,A
2-PB1,40,0,0,483,0,483,G
2-PB1,41,0,0,0,485,485,C
2-PB1,42,0,0,487,0,487,G
2-PB1,43,1,0,0,487,488,C
2-PB1,44,490,0,0,0,490,A
2-PB1,45,493,0,0,0,493,A
2-PB1,46,493,0,1,0,494,A
2-PB1,47,493,0,1,1,495,A
2-PB1,48,0,497,0,0,497,T
2-PB1,49,0,1,524,0,525,G
2-PB1,50,0,0,0,525,525,C
2-PB1,51,2,0,0,522,524,C
2-PB1,52,528,0,1,0,529,A
2-PB1,53,0,531,0,0,531,T
2-PB1,54,582,0,0,0,582,A
2-PB1,55,583,0,0,0,583,A
2-PB1,56,0,0,602,0,602,G
2-PB1,57,0,0,0,602,602,C
2-PB1,58,598,1,0,0,599,A
2-PB1,59,0,0,0,614,614,C
2-PB1,60,614,0,0,0,614,A
2-PB1,61,642,0,0,0,642,A
2-PB1,62,0,0,0,644,644,C
2-PB1,63,644,0,0,0,644,A
2-PB1,64,0,653,0,1,654,T
2-PB1,65,0,651,0,3,654,T
2-PB1,66,0,0,0,796,796,C
2-PB1,67,0,0,0,803,803,C
2-PB1,68,0,1,0,806,807,C
2-PB1,69,0,814,0,0,814,T
2-PB1,70,0,810,0,0,810,T
2-PB1,71,886,0,0,0,886,A
2-PB1,72,0,891,0,0,891,T
2-PB1,73,892,0,0,1,893,A
2-PB1,74,0,0,0,901,901,C
2-PB1,75,0,877,0,0,877,T
2-PB1,76,0,1,883,0,884,G
2-PB1,77,0,0,887,0,887,G
2-PB1,78,882,0,0,0,882,A
2-PB1,79,0,0,889,0,889,G
2-PB1,80,884,0,0,0,884,A
2-PB1,81,0,888,0,0,888,T
2-PB1,82,2,0,0,944,946,C
2-PB1,83,2,0,0,945,947,C
2-PB1,84,0,951,0,0,951,T
2-PB1,85,2,0,0,1013,1015,C
2-PB1,86,1,1,0,1015,1017,C
2-PB1,87,1025,0,0,0,1025,A
2-PB1,88,0,1025,0,0,1025,T
2-PB1,89,1024,0,0,0,1024,A
2-PB1,90,1,1,0,1024,1026,C
2-PB1,91,1011,0,1,0,1012,A
2-PB1,92,1,0,1063,0,1064,G
2-PB1,93,0,0,0,1068,1068,C
2-PB1,94,2,0,0,1061,1063,C
2-PB1,95,1065,0,0,0,1065,A
2-PB1,96,0,1065,0,0,1065,T
2-PB1,97,0,0,1069,0,1069,G
2-PB1,98,0,4,1117,0,1121,G
2-PB1,99,1123,1,1,0,1125,A
2-PB1,100,1127,0,1,0,1128,A
2-PB1,101,0,0,0,1131,1131,C
2-PB1,102,1124,0,1,1,1126,A
2-PB1,103,0,1,1149,0,1150,G
2-PB1,104,0,4,1171,0,1175,G
2-PB1,105,1170,1,2,0,1173,A
2-PB1,106,1185,0,1,0,1186,A
2-PB1,107,0,0,0,1191,1191,C
2-PB1,108,1184,0,1,0,1185,A
2-PB1,109,0,4,1340,0,1344,G
2-PB1,110,1,2,1336,0,1339,G
2-PB1,111,0,0,1363,0,1363,G
2-PB1,112,0,1360,0,1,1361,T
2-PB1,113,1363,0,1,0,1364,A
2-PB1,114,1,2,0,1373,1376,C
2-PB1,115,1434,0,1,0,1435,A
2-PB1,116,1,0,0,1477,1478,C
2-PB1,117,1,0,0,1465,1466,C
2-PB1,118,1432,0,1,0,1433,A
2-PB1,119,0,1430,0,0,1430,T
2-PB1,120,0,4,1430,0,1434,G
2-PB1,121,0,7,1428,0,1435,G
2-PB1,122,1429,1,2,0,1432,A
2-PB1,123,0,1,0,1437,1438,C
2-PB1,124,1403,0,0,0,1403,A
2-PB1,125,0,0,0,1434,1434,C
2-PB1,126,1426,0,0,0,1426,A
2-PB1,127,0,0,1456,0,1456,G
2-PB1,128,0,1454,0,1,1455,T
2-PB1,129,7,1,0,1501,1509,C
2-PB1,130,1511,0,0,0,1511,A
2-PB1,131,1524,0,0,0,1524,A
2-PB1,132,0,0,0,1523,1523,C
2-PB1,133,1521,0,0,0,1521,A
2-PB1,134,0,6,1534,0,1540,G
2-PB1,135,1513,0,2,0,1515,A
2-PB1,136,1511,0,0,0,1511,A
2-PB1,137,0,0,0,1514,1514,C
2-PB1,138,1490,0,0,0,1490,A
2-PB1,139,0,0,0,1491,1491,C
2-PB1,140,1476,0,2,0,1478,A
2-PB1,141,0,1461,0,0,1461,T
2-PB1,142,2,0,0,1556,1558,C
2-PB1,143,1565,0,0,0,1565,A
2-PB1,144,1580,1,1,0,1582,A
2-PB1,145,1,1600,0,0,1601,T
2-PB1,146,1656,0,2,0,1658,A
2-PB1,147,1,1659,0,0,1660,T
2-PB1,148,1,1639,0,1,1641,T
2-PB1,149,3,0,0,1645,1648,C
2-PB1,150,1636,0,2,0,1638,A
2-PB1,151,7,2,1629,0,1638,G
2-PB1,152,1617,1,10,0,1628,A
2-PB1,153,0,2,1627,0,1629,G
2-PB1,154,1600,0,2,0,1602,A
2-PB1,155,2,1,1569,0,1572,G
2-PB1,156,1,2,1569,0,1572,G
2-PB1,157,0,1,1620,0,1621,G
2-PB1,158,0,3,1622,0,1625,G
2-PB1,159,0,1,1640,0,1641,G
2-PB1,160,1632,2,2,0,1636,A
2-PB1,161,1642,0,0,0,1642,A
2-PB1,162,0,0,1649,2,1651,G
2-PB1,163,0,1635,0,6,1641,T
2-PB1,164,3,7,1626,0,1636,G
2-PB1,165,0,2,1624,0,1626,G
2-PB1,166,1629,0,1,1,1631,A
2-PB1,167,0,1,0,1641,1642,C
2-PB1,168,0,8,1633,1,1642,G
2-PB1,169,1646,0,2,0,1648,A
2-PB1,170,1,0,0,1661,1662,C
2-PB1,171,1652,1,0,0,1653,A
2-PB1,172,1654,1,1,0,1656,A
2-PB1,173,1661,0,1,0,1662,A
2-PB1,174,0,1688,0,0,1688,T
2-PB1,175,1693,0,0,0,1693,A
2-PB1,176,0,0,0,1694,1694,C
2-PB1,177,1678,0,0,0,1678,A
2-PB1,178,0,4,1682,0,1686,G
2-PB1,179,1682,0,0,0,1682,A
2-PB1,180,1692,0,0,0,1692,A
2-PB1,181,1691,0,0,0,1691,A
2-PB1,182,0,3,1,1685,1689,C
2-PB1,183,0,1678,0,0,1678,T
2-PB1,184,0,2,1669,1,1672,G
2-PB1,185,1,3,1671,0,1675,G
2-PB1,186,2,0,1667,0,1669,G
2-PB1,187,1,1,1668,0,1670,G
2-PB1,188,0,0,0,1667,1667,C
2-PB1,189,1664,0,2,0,1666,A
2-PB1,190,0,1,0,1728,1729,C
2-PB1,191,2,1,0,1722,1725,C
2-PB1,192,1,0,0,1724,1725,C
2-PB1,193,6,1,0,1722,1729,C
2-PB1,194,1734,0,0,0,1734,A
2-PB1,195,1748,0,1,0,1749,A
2-PB1,196,1,0,0,1746,1747,C
2-PB1,197,0,1749,0,0,1749,T
2-PB1,198,4,1,0,1740,1745,C
2-PB1,199,1693,0,0,0,1693,A
2-PB1,200,1723,0,1,0,1724,A
2-PB1,201,0,0,0,1722,1722,C
2-PB1,202,1,0,1,1714,1716,C
2-PB1,203,4,0,0,1723,1727,C
2-PB1,204,1716,0,1,0,1717,A
2-PB1,205,1722,0,0,0,1722,A
2-PB1,206,0,1729,0,0,1729,T
2-PB1,207,0,1729,0,0,1729,T
2-PB1,208,0,1,1726,0,1727,G
2-PB1,209,1709,0,1,0,1710,A
2-PB1,210,0,1713,0,1,1714,T
2-PB1,211,2,1,1707,0,1710,G
2-PB1,212,0,6,1715,0,1721,G
2-PB1,213,1738,2,1,0,1741,A
2-PB1,214,0,0,0,1747,1747,C
2-PB1,215,2,1,0,1742,1745,C
2-PB1,216,1746,0,2,0,1748,A
2-PB1,217,0,0,0,1793,1793,C
2-PB1,218,0,1788,0,0,1788,T
2-PB1,219,1820,0,2,0,1822,A
2-PB1,220,0,0,0,1846,1846,C
2-PB1,221,1,1,0,1834,1836,C
2-PB1,222,0,1822,0,2,1824,T
2-PB1,223,0,3,1830,0,1833,G
2-PB1,224,1819,0,2,0,1821,A
2-PB1,225,0,1,1842,0,1843,G
2-PB1,226,1,2,1834,0,1837,G
2-PB1,227,1830,1,1,0,1832,A
2-PB1,228,0,1819,0,0,1819,T
2-PB1,229,1800,0,0,0,1800,A
2-PB1,230,1802,0,2,0,1804,A
2-PB1,231,1,1800,0,1,1802,T
2-PB1,232,0,10,1803,0,1813,G
2-PB1,233,1813,1,1,0,1815,A
2-PB1,234,1802,0,2,0,1804,A
2-PB1,235,0,1,0,1800,1801,C
2-PB1,236,6,0,0,1780,1786,C
2-PB1,237,1801,0,0,0,1801,A
2-PB1,238,1800,0,0,0,1800,A
2-PB1,239,0,0,1809,0,1809,G
2-PB1,240,0,1809,0,0,1809,T
2-PB1,241,0,3,1806,1,1810,G
2-PB1,242,0,3,1832,0,1835,G
2-PB1,243,1830,0,3,0,1833,A
2-PB1,244,0,1832,0,1,1833,T
2-PB1,245,1839,0,0,0,1839,A
2-PB1,246,0,1868,0,1,1869,T
2-PB1,247,0,1,1873,0,1874,G
2-PB1,248,1,0,0,1883,1884,C
2-PB1,249,1883,0,2,0,1885,A
2-PB1,250,0,1,1,1925,1927,C
2-PB1,251,1892,0,1,0,1893,A
2-PB1,252,1925,0,0,0,1925,A
2-PB1,253,1925,0,2,0,1927,A
2-PB1,254,0,2,0,1924,1926,C
2-PB1,255,1870,0,3,0,1873,A
2-PB1,256,0,6,1881,0,1887,G
2-PB1,257,1874,1,3,0,1878,A
2-PB1,258,1,0,0,1883,1884,C
2-PB1,259,0,1828,0,1,1829,T
2-PB1,260,0,0,1871,0,1871,G
2-PB1,261,0,1845,0,0,1845,T
2-PB1,262,0,1,1918,0,1919,G
2-PB1,263,1,1908,0,5,1914,T
2-PB1,264,6,0,0,1911,1917,C
2-PB1,265,0,1,0,1904,1905,C
2-PB1,266,1,1894,0,3,1898,T
2-PB1,267,0,2,1887,0,1889,G
2-PB1,268,0,3,1886,0,1889,G
2-PB1,269,1867,0,1,0,1868,A
2-PB1,270,0,1,1905,0,1906,G
2-PB1,271,1,0,1857,0,1858,G
2-PB1,272,0,1,0,1860,1861,C
2-PB1,273,0,1855,1,6,1862,T
2-PB1,274,1865,1,0,0,1866,A
2-PB1,275,0,1863,0,1,1864,T
2-PB1,276,0,3,1861,0,1864,G
2-PB1,277,3,1,1856,0,1860,G
2-PB1,278,0,1,0,1858,1859,C
2-PB1,279,2,0,0,1823,1825,C
2-PB1,280,0,1806,1,0,1807,T
2-PB1,281,1,1895,0,1,1897,T
2-PB1,282,3,0,0,1896,1899,C
2-PB1,283,1,0,0,1893,1894,C
2-PB1,284,0,1901,0,0,1901,T
2-PB1,285,1,1897,0,1,1899,T
2-PB1,286,0,3,1897,0,1900,G
2-PB1,287,1901,0,0,0,1901,A
2-PB1,288,1904,0,0,0,1904,A
2-PB1,289,0,4,1900,0,1904,G
2-PB1,290,1824,0,0,0,1824,A
2-PB1,291,1839,0,1,0,1840,A
2-PB1,292,1,1836,0,2,1839,T
2-PB1,293,2,0,0,1836,1838,C
2-PB1,294,4,0,0,1839,1843,C
2-PB1,295,1,2,0,1829,1832,C
2-PB1,296,1842,0,0,1,1843,A
2-PB1,297,0,0,0,1846,1846,C
2-PB1,298,2,1,0,1848,1851,C
2-PB1,299,3,0,0,1849,1852,C
2-PB1,300,1844,1,4,0,1849,A
2-PB1,301,0,2,1869,0,1871,G
2-PB1,302,0,0,1875,0,1875,G
2-PB1,303,0,1868,0,2,1870,T
2-PB1,304,1884,1,0,0,1885,A
2-PB1,305,0,1866,0,0,1866,T
2-PB1,306,2,0,0,1868,1870,C
2-PB1,307,0,1862,1,0,1863,T
2-PB1,308,0,1867,0,0,1867,T
2-PB1,309,0,1863,0,0,1863,T
2-PB1,310,1,4,1849,0,1854,G
2-PB1,311,1836,1,0,0,1837,A
2-PB1,312,0,2,1843,0,1845,G
2-PB1,313,1818,0,1,0,1819,A
2-PB1,314,1831,0,0,0,1831,A
2-PB1,315,0,0,0,1841,1841,C
2-PB1,316,1,1819,1,1,1822,T
2-PB1,317,6,0,0,1818,1824,C
2-PB1,318,1826,0,0,0,1826,A
2-PB1,319,0,1826,0,0,1826,T
2-PB1,320,0,0,1823,0,1823,G
2-PB1,321,0,0,0,1852,1852,C
2-PB1,322,3,0,0,1851,1854,C
2-PB1,323,3,1845,0,1,1849,T
2-PB1,324,0,1840,0,1,1841,T
2-PB1,325,0,6,1843,0,1849,G
2-PB1,326,1861,0,0,0,1861,A
2-PB1,327,1862,2,0,0,1864,A
2-PB1,328,1857,0,3,0,1860,A
2-PB1,329,0,0,0,1881,1881,C
2-PB1,330,1843,0,0,0,1843,A
2-PB1,331,1850,1,0,0,1851,A
2-PB1,332,1,1851,0,1,1853,T
2-PB1,333,0,3,1851,0,1854,G
2-PB1,334,0,0,1851,0,1851,G
2-PB1,335,1823,0,1,0,1824,A
2-PB1,336,1820,0,3,4,1827,A
2-PB1,337,0,0,1824,0,1824,G
2-PB1,338,1,0,0,1817,1818,C
2-PB1,339,0,0,0,1801,1801,C
2-PB1,340,0,1,1822,0,1823,G
2-PB1,341,0,1802,0,1,1803,T
2-PB1,342,0,1820,1,1,1822,T
2-PB1,343,11,1,1,1825,1838,C
2-PB1,344,1836,1,0,0,1837,A
2-PB1,345,1855,0,3,0,1858,A
2-PB1,346,0,0,0,1856,1856,C
2-PB1,347,1861,0,1,0,1862,A
2-PB1,348,0,1,1883,0,1884,G
2-PB1,349,1844,1,7,0,1852,A
2-PB1,350,1,1,0,1843,1845,C
2-PB1,351,1842,0,1,1,1844,A
2-PB1,352,1854,0,1,0,1855,A
2-PB1,353,0,3,1875,0,1878,G
2-PB1,354,0,5,1846,0,1851,G
2-PB1,355,1,1,1858,0,1860,G
2-PB1,356,0,1827,0,1,1828,T
2-PB1,357,2,4,1825,0,1831,G
2-PB1,358,0,5,1823,0,1828,G
2-PB1,359,1822,1,6,0,1829,A
2-PB1,360,0,1,0,1824,1825,C
2-PB1,361,1793,0,0,0,1793,A
2-PB1,362,1817,0,1,0,1818,A
2-PB1,363,1825,0,1,0,1826,A
2-PB1,364,2,0,0,1826,1828,C
2-PB1,365,1,1818,1,1,1821,T
2-PB1,366,1826,0,2,0,1828,A
2-PB1,367,1830,0,0,0,1830,A
2-PB1,368,0,0,0,1834,1834,C
2-PB1,369,3,2,0,1822,1827,C
2-PB1,370,5,0,0,1822,1827,C
2-PB1,371,1788,0,0,0,1788,A
2-PB1,372,1782,1,1,0,1784,A
2-PB1,373,0,2,1785,0,1787,G
2-PB1,374,0,0,1793,0,1793,G
2-PB1,375,0,1782,0,0,1782,T
2-PB1,376,8,1,0,1749,1758,C
2-PB1,377,0,1,1757,0,1758,G
2-PB1,378,3,0,0,1753,1756,C
2-PB1,379,3,1,0,1757,1761,C
2-PB1,380,1760,0,1,1,1762,A
2-PB1,381,0,3,1794,0,1797,G
2-PB1,382,1820,0,5,0,1825,A
2-PB1,383,0,0,0,1826,1826,C
2-PB1,384,0,1820,1,0,1821,T
2-PB1,385,0,1811,1,1,1813,T
2-PB1,386,1812,0,1,0,1813,A
2-PB1,387,0,1817,0,1,1818,T
2-PB1,388,1,5,1816,0,1822,G
2-PB1,389,1819,1,0,0,1820,A
2-PB1,390,0,1778,0,1,1779,T
2-PB1,391,0,1734,0,0,1734,T
2-PB1,392,1,7,1717,0,1725,G
2-PB1,393,0,3,1726,0,1729,G
2-PB1,394,1734,1,3,0,1738,A
2-PB1,395,1,0,0,1741,1742,C
2-PB1,396,1727,0,0,0,1727,A
2-PB1,397,0,1723,0,0,1723,T
2-PB1,398,0,1739,0,1,1740,T
2-PB1,399,1748,0,2,0,1750,A
2-PB1,400,1746,0,4,0,1750,A
2-PB1,401,1750,0,0,0,1750,A
2-PB1,402,0,0,0,1746,1746,C
2-PB1,403,1705,0,1,0,1706,A
2-PB1,404,0,3,1715,0,1718,G
2-PB1,405,1705,0,1,1,1707,A
2-PB1,406,1708,0,0,0,1708,A
2-PB1,407,1712,0,2,0,1714,A
2-PB1,408,1,1689,0,0,1690,T
2-PB1,409,8,0,0,1691,1699,C
2-PB1,410,1686,0,1,0,1687,A
2-PB1,411,1693,1,1,0,1695,A
2-PB1,412,1,0,0,1689,1690,C
2-PB1,413,1,2,1,1678,1682,C
2-PB1,414,0,1,1682,0,1683,G
2-PB1,415,0,0,1687,0,1687,G
2-PB1,416,0,0,0,1685,1685,C
2-PB1,417,1685,0,2,0,1687,A
2-PB1,418,0,1,1683,0,1684,G
2-PB1,419,0,0,0,1696,1696,C
2-PB1,420,1695,0,0,2,1697,A
2-PB1,421,1699,0,1,0,1700,A
2-PB1,422,2,0,0,1699,1701,C
2-PB1,423,0,1699,0,1,1700,T
2-PB1,424,0,1,1757,0,1758,G
2-PB1,425,0,0,0,1758,1758,C
2-PB1,426,1755,1,0,0,1756,A
2-PB1,427,1,1758,0,0,1759,T
2-PB1,428,0,1725,0,1,1726,T
2-PB1,429,1821,0,1,1,1823,A
2-PB1,430,2,0,1823,0,1825,G
2-PB1,431,2,0,0,1818,1820,C
2-PB1,432,2,0,0,1818,1820,C
2-PB1,433,1751,0,0,0,1751,A
2-PB1,434,1759,1,0,0,1760,A
2-PB1,435,0,1,0,1775,1776,C
2-PB1,436,1773,0,0,0,1773,A
2-PB1,437,1,0,0,1832,1833,C
2-PB1,438,2,1,0,1712,1715,C
2-PB1,439,1713,0,1,0,1714,A
2-PB1,440,1,1712,0,1,1714,T
2-PB1,441,1713,0,0,0,1713,A
2-PB1,442,0,3,1708,0,1711,G
2-PB1,443,1698,0,0,0,1698,A
2-PB1,444,1684,1,0,0,1685,A
2-PB1,445,0,0,1703,0,1703,G
2-PB1,446,0,1647,0,1,1648,T
2-PB1,447,0,1651,0,0,1651,T
2-PB1,448,0,1642,0,0,1642,T
2-PB1,449,0,1643,1,0,1644,T
2-PB1,450,1,1648,0,1,1650,T
2-PB1,451,1640,0,0,0,1640,A
2-PB1,452,0,1,1646,0,1647,G
2-PB1,453,1638,0,0,0,1638,A
2-PB1,454,0,1626,0,2,1628,T
2-PB1,455,4,0,0,1613,1617,C
2-PB1,456,1,7,1609,1,1618,G
2-PB1,457,1624,0,0,0,1624,A
2-PB1,458,1619,0,2,0,1621,A
2-PB1,459,0,4,0,1624,1628,C
2-PB1,460,0,2,1627,0,1629,G
2-PB1,461,0,3,1689,0,1692,G
2-PB1,462,1688,0,0,0,1688,A
2-PB1,463,2,1684,0,1,1687,T
2-PB1,464,0,1687,1,1,1689,T
2-PB1,465,1687,1,1,0,1689,A
2-PB1,466,1687,0,2,0,1689,A
2-PB1,467,0,0,0,1702,1702,C
2-PB1,468,1688,0,0,0,1688,A
2-PB1,469,0,0,1703,0,1703,G
2-PB1,470,0,0,0,1628,1628,C
2-PB1,471,1,1624,0,0,1625,T
2-PB1,472,1627,0,0,0,1627,A
2-PB1,473,1626,0,0,0,1626,A
2-PB1,474,0,1622,0,1,1623,T
2-PB1,475,2,8,1638,0,1648,G
2-PB1,476,1630,0,0,0,1630,A
2-PB1,477,1640,0,0,0,1640,A
2-PB1,478,0,1607,0,0,1607,T
2-PB1,479,5,0,0,1611,1616,C
2-PB1,480,1615,0,1,0,1616,A
2-PB1,481,0,2,1614,0,1616,G
2-PB1,482,0,1,1615,0,1616,G
2-PB1,483,1610,0,0,0,1610,A
2-PB1,484,1582,0,1,1,1584,A
2-PB1,485,0,2,1631,0,1633,G
2-PB1,486,0,0,1633,1,1634,G
2-PB1,487,0,0,0,1633,1633,C
2-PB1,488,1,1629,0,2,1632,T
2-PB1,489,1634,0,0,0,1634,A
2-PB1,490,1630,0,1,0,1631,A
2-PB1,491,0,1630,0,1,1631,T
2-PB1,492,1635,0,0,0,1635,A
2-PB1,493,1,2,1639,0,1642,G
2-PB1,494,1539,0,2,0,1541,A
2-PB1,495,0,1525,0,3,1528,T
2-PB1,496,0,1512,0,0,1512,T
2-PB1,497,0,1524,0,0,1524,T
2-PB1,498,1,0,0,1562,1563,C
2-PB1,499,2,0,0,1565,1567,C
2-PB1,500,1,1556,1,2,1560,T
2-PB1,501,0,1,0,1558,1559,C
2-PB1,502,1554,0,0,1,1555,A
2-PB1,503,1557,0,0,0,1557,A
2-PB1,504,0,4,1558,1,1563,G
2-PB1,505,0,2,1578,0,1580,G
2-PB1,506,1580,0,1,0,1581,A
2-PB1,507,0,1528,0,0,1528,T
2-PB1,508,1,0,1552,0,1553,G
2-PB1,509,0,1549,0,0,1549,T
2-PB1,510,0,4,1555,0,1559,G
2-PB1,511,1558,0,1,0,1559,A
2-PB1,512,0,1551,0,3,1554,T
2-PB1,513,0,3,1553,0,1556,G
2-PB1,514,0,2,1541,0,1543,G
2-PB1,515,1549,1,0,0,1550,A
2-PB1,516,1553,0,1,0,1554,A
2-PB1,517,0,1541,0,0,1541,T
2-PB1,518,3,0,0,1543,1546,C
2-PB1,519,1532,1,0,0,1533,A
2-PB1,520,1537,0,1,0,1538,A
2-PB1,521,0,1536,0,0,1536,T
2-PB1,522,0,7,1547,0,1554,G
2-PB1,523,0,3,1558,0,1561,G
2-PB1,524,1563,0,1,0,1564,A
2-PB1,525,0,1566,0,0,1566,T
2-PB1,526,1557,0,1,0,1558,A
2-PB1,527,1557,0,1,0,1558,A
2-PB1,528,1555,0,2,0,1557,A
2-PB1,529,1,4,1573,0,1578,G
2-PB1,530,1565,0,3,0,1568,A
2-PB1,531,0,1,1566,0,1567,G
2-PB1,532,0,2,1562,0,1564,G
2-PB1,533,1551,0,1,0,1552,A
2-PB1,534,1553,0,2,0,1555,A
2-PB1,535,1556,0,1,0,1557,A
2-PB1,536,0,1557,0,0,1557,T
2-PB1,537,1,1,1567,0,1569,G
2-PB1,538,0,5,1562,0,1567,G
2-PB1,539,1546,0,1,0,1547,A
2-PB1,540,0,2,1562,0,1564,G
2-PB1,541,1552,0,0,0,1552,A
2-PB1,542,0,1586,0,0,1586,T
2-PB1,543,1579,0,1,0,1580,A
2-PB1,544,1598,1,2,1,1602,A
2-PB1,545,0,2,0,1601,1603,C
2-PB1,546,1576,0,1,0,1577,A
2-PB1,547,1579,0,0,0,1579,A
2-PB1,548,0,0,0,1576,1576,C
2-PB1,549,1560,0,1,0,1561,A
2-PB1,550,0,0,0,1566,1566,C
2-PB1,551,1544,1,4,0,1549,A
2-PB1,552,2,0,0,1557,1559,C
2-PB1,553,0,1555,0,0,1555,T
2-PB1,554,0,1542,0,1,1543,T
2-PB1,555,1,1546,0,0,1547,T
2-PB1,556,4,2,0,1537,1543,C
2-PB1,557,1548,0,0,0,1548,A
2-PB1,558,1549,0,0,0,1549,A
2-PB1,559,1551,0,1,0,1552,A
2-PB1,560,0,3,1569,0,1572,G
2-PB1,561,1547,0,0,0,1547,A
2-PB1,562,1553,0,0,0,1553,A
2-PB1,563,1552,0,0,0,1552,A
2-PB1,564,1549,0,1,1,1551,A
2-PB1,565,1554,0,3,0,1557,A
2-PB1,566,0,3,1566,0,1569,G
2-PB1,567,0,4,1564,0,1568,G
2-PB1,568,1543,0,0,0,1543,A
2-PB1,569,1,2,1567,0,1570,G
2-PB1,570,1555,0,5,0,1560,A
2-PB1,571,0,0,1607,0,1607,G
2-PB1,572,0,1608,0,0,1608,T
2-PB1,573,1605,0,0,0,1605,A
2-PB1,574,1607,1,2,0,1610,A
2-PB1,575,0,5,1617,0,1622,G
2-PB1,576,0,2,1624,0,1626,G
2-PB1,577,1,5,1614,0,1620,G
2-PB1,578,1602,0,1,0,1603,A
2-PB1,579,2,0,0,1613,1615,C
2-PB1,580,1565,0,1,0,1566,A
2-PB1,581,1572,0,0,0,1572,A
2-PB1,582,0,0,0,1571,1571,C
2-PB1,583,1565,0,0,0,1565,A
2-PB1,584,0,1551,0,0,1551,T
2-PB1,585,2,9,1528,0,1539,G
2-PB1,586,1543,0,2,1,1546,A
2-PB1,587,0,0,0,1540,1540,C
2-PB1,588,4,0,0,1516,1520,C
2-PB1,589,1521,0,1,0,1522,A
2-PB1,590,1525,0,0,1,1526,A
2-PB1,591,0,2,1539,0,1541,G
2-PB1,592,1542,0,1,0,1543,A
2-PB1,593,1543,0,0,0,1543,A
2-PB1,594,1536,1,0,0,1537,A
2-PB1,595,1535,1,1,0,1537,A
2-PB1,596,0,1549,0,0,1549,T
2-PB1,597,1,3,1546,0,1550,G
2-PB1,598,0,0,1552,0,1552,G
2-PB1,599,0,1532,1,2,1535,T
2-PB1,600,7,0,0,1514,1521,C
2-PB1,601,1531,0,1,0,1532,A
2-PB1,602,0,0,0,1664,1664,C
2-PB1,603,1699,0,1,0,1700,A
2-PB1,604,0,3,0,1710,1713,C
2-PB1,605,1712,0,0,0,1712,A
2-PB1,606,1830,1,0,0,1831,A
2-PB1,607,1813,0,1,0,1814,A
2-PB1,608,0,2,1937,0,1939,G
2-PB1,609,377,4,1482,0,1863,G
2-PB1,610,1917,0,4,0,1921,A
2-PB1,611,0,2,0,1997,1999,C
2-PB1,612,1999,0,2,1,2002,A
2-PB1,613,2014,0,1,0,2015,A
2-PB1,614,0,2011,0,0,2011,T
2-PB1,615,1973,0,1,0,1974,A
2-PB1,616,0,4,1974,0,1978,G
2-PB1,617,0,2,1909,0,1911,G
2-PB1,618,0,1,1916,0,1917,G
2-PB1,619,1911,0,1,1,1913,A
2-PB1,620,1893,0,1,0,1894,A
2-PB1,621,0,5,1907,0,1912,G
2-PB1,622,1903,0,1,1,1905,A
2-PB1,623,1905,0,2,0,1907,A
2-PB1,624,1918,0,0,0,1918,A
2-PB1,625,1932,0,0,1,1933,A
2-PB1,626,1975,0,2,0,1977,A
2-PB1,627,1958,0,23,0,1981,A
2-PB1,628,0,0,0,1990,1990,C
2-PB1,629,1987,0,1,0,1988,A
2-PB1,630,1986,0,1,0,1987,A
2-PB1,631,1983,0,0,0,1983,A
2-PB1,632,0,5,2016,0,2021,G
2-PB1,633,2024,0,0,0,2024,A
2-PB1,634,0,1,2134,0,2135,G
2-PB1,635,0,2113,0,0,2113,T
2-PB1,636,1,13,2465,1,2480,G
2-PB1,637,2486,0,1,0,2487,A
2-PB1,638,2487,0,0,0,2487,A
2-PB1,639,1,2516,0,1,2518,T
2-PB1,640,2511,0,3,1,2515,A
2-PB1,641,2523,1,5,0,2529,A
2-PB1,642,0,8,2519,0,2527,G
2-PB1,643,2479,1,7,0,2487,A
2-PB1,644,0,2,2497,0,2499,G
2-PB1,645,2394,0,2,0,2396,A
2-PB1,646,1,0,2404,0,2405,G
2-PB1,647,0,2,2407,0,2409,G
2-PB1,648,1,1,0,2414,2416,C
2-PB1,649,0,2413,0,1,2414,T
2-PB1,650,2490,0,1,0,2491,A
2-PB1,651,1,2,0,2617,2620,C
2-PB1,652,3,0,0,2633,2636,C
2-PB1,653,0,2657,0,1,2658,T
2-PB1,654,2744,0,0,0,2744,A
2-PB1,655,2733,0,3,0,2736,A
2-PB1,656,0,2741,0,0,2741,T
2-PB1,657,2744,0,1,0,2745,A
2-PB1,658,2739,0,0,0,2739,A
2-PB1,659,0,9,2738,0,2747,G
2-PB1,660,2650,0,3,0,2653,A
2-PB1,661,0,0,2673,0,2673,G
2-PB1,662,2,0,0,2680,2682,C
2-PB1,663,0,2631,0,5,2636,T
2-PB1,664,0,2659,0,0,2659,T
2-PB1,665,1,2653,0,2,2656,T
2-PB1,666,1,17,2646,0,2664,G
2-PB1,667,2717,0,0,0,2717,A
2-PB1,668,0,0,0,2736,2736,C
2-PB1,669,2737,0,0,0,2737,A
2-PB1,670,0,2727,0,3,2730,T
2-PB1,671,1,2721,1,0,2723,T
2-PB1,672,1,22,2772,0,2795,G
2-PB1,673,2796,0,2,0,2798,A
2-PB1,674,2800,0,2,1,2803,A
2-PB1,675,0,0,0,2810,2810,C
2-PB1,676,2791,0,0,0,2791,A
2-PB1,677,0,5,0,2794,2799,C
2-PB1,678,0,9,2788,0,2797,G
2-PB1,679,2808,0,1,0,2809,A
2-PB1,680,0,2805,0,0,2805,T
2-PB1,681,1,20,2841,0,2862,G
2-PB1,682,2865,0,2,0,2867,A
2-PB1,683,2,3,0,2879,2884,C
2-PB1,684,9,3,0,2865,2877,C
2-PB1,685,2878,0,1,1,2880,A
2-PB1,686,2920,1,1,1,2923,A
2-PB1,687,2916,0,3,1,2920,A
2-PB1,688,0,2,2993,0,2995,G
2-PB1,689,3027,0,2,0,3029,A
2-PB1,690,0,2989,0,1,2990,T
2-PB1,691,1,1,2998,0,3000,G
2-PB1,692,0,1,0,2994,2995,C
2-PB1,693,3000,0,2,0,3002,A
2-PB1,694,2,1,3019,0,3022,G
2-PB1,695,2977,0,1,0,2978,A
2-PB1,696,0,13,2981,1,2995,G
2-PB1,697,2918,1,2,0,2921,A
2-PB1,698,2,5,2894,0,2901,G
2-PB1,699,2887,1,2,0,2890,A
2-PB1,700,1,6,2885,0,2892,G
2-PB1,701,2,1,2898,0,2901,G
2-PB1,702,1,1,0,2885,2887,C
2-PB1,703,2877,0,1,0,2878,A
2-PB1,704,2888,0,0,0,2888,A
2-PB1,705,2892,0,3,1,2896,A
2-PB1,706,0,2901,1,0,2902,T
2-PB1,707,0,2894,0,2,2896,T
2-PB1,708,2911,1,0,1,2913,A
2-PB1,709,2901,0,1,0,2902,A
2-PB1,710,2906,0,2,0,2908,A
2-PB1,711,2924,0,0,0,2924,A
2-PB1,712,2925,0,1,0,2926,A
2-PB1,713,0,2,2932,0,2934,G
2-PB1,714,2908,0,1,0,2909,A
2-PB1,715,2897,1,1,1,2900,A
2-PB1,716,2,8,2941,0,2951,G
2-PB1,717,8,8,2987,0,3003,G
2-PB1,718,3,2,3000,0,3005,G
2-PB1,719,1,0,0,3039,3040,C
2-PB1,720,0,3036,0,0,3036,T
2-PB1,721,3060,1,2,0,3063,A
2-PB1,722,0,3104,1,3,3108,T
2-PB1,723,0,3108,0,4,3112,T
2-PB1,724,1,2,3128,0,3131,G
2-PB1,725,0,0,0,3112,3112,C
2-PB1,726,3030,1,1,1,3033,A
2-PB1,727,3028,2,5,0,3035,A
2-PB1,728,0,1,0,3034,3035,C
2-PB1,729,3031,0,0,0,3031,A
2-PB1,730,2,0,0,3037,3039,C
2-PB1,731,4,2,0,2992,2998,C
2-PB1,732,4,1,0,2984,2989,C
2-PB1,733,2,7,2976,0,2985,G
2-PB1,734,1,8,2977,0,2986,G
2-PB1,735,0,8,2986,0,2994,G
2-PB1,736,3005,1,1,1,3008,A
2-PB1,737,1,2993,0,1,2995,T
2-PB1,738,2,2,3001,0,3005,G
2-PB1,739,0,2,0,2992,2994,C
2-PB1,740,3029,1,1,1,3032,A
2-PB1,741,3067,1,1,1,3070,A
2-PB1,742,3106,0,1,1,3108,A
2-PB1,743,0,3112,0,3,3115,T
2-PB1,744,0,3116,0,0,3116,T
2-PB1,745,3099,0,1,1,3101,A
2-PB1,746,0,0,3104,0,3104,G
2-PB1,747,3087,0,2,0,3089,A
2-PB1,748,1,2,3099,0,3102,G
2-PB1,749,0,6,3060,0,3066,G
2-PB1,750,2,1,3159,0,3162,G
2-PB1,751,1,3152,0,0,3153,T
2-PB1,752,3,3145,0,4,3152,T
2-PB1,753,12,2,0,3149,3163,C
2-PB1,754,1,0,3194,0,3195,G
2-PB1,755,2,3191,2,2,3197,T
2-PB1,756,1,2,3201,0,3204,G
2-PB1,757,0,3196,0,3,3199,T
2-PB1,758,3188,0,0,1,3189,A
2-PB1,759,1,0,0,3183,3184,C
2-PB1,760,0,3067,0,2,3069,T
2-PB1,761,0,3091,0,0,3091,T
2-PB1,762,7,0,0,3057,3064,C
2-PB1,763,2,1,3028,0,3031,G
2-PB1,764,2,3024,0,4,3030,T
2-PB1,765,1,3032,1,0,3034,T
2-PB1,766,1,5,3026,1,3033,G
2-PB1,767,3029,1,0,0,3030,A
2-PB1,768,3034,0,0,0,3034,A
2-PB1,769,3047,0,2,0,3049,A
2-PB1,770,1,1,0,3063,3065,C
2-PB1,771,0,3052,0,1,3053,T
2-PB1,772,0,3037,0,0,3037,T
2-PB1,773,0,3047,0,0,3047,T
2-PB1,774,3103,0,2,0,3105,A
2-PB1,775,1,0,3109,0,3110,G
2-PB1,776,1,0,0,3116,3117,C
2-PB1,777,0,3114,0,4,3118,T
2-PB1,778,3091,0,2,0,3093,A
2-PB1,779,0,5,3083,0,3088,G
2-PB1,780,3084,1,2,1,3088,A
2-PB1,781,3088,0,2,0,3090,A
2-PB1,782,0,2,3099,0,3101,G
2-PB1,783,1,2,0,3063,3066,C
2-PB1,784,3063,1,1,0,3065,A
2-PB1,785,0,3060,0,0,3060,T
2-PB1,786,0,3058,0,0,3058,T
2-PB1,787,1,3055,0,1,3057,T
2-PB1,788,0,0,3061,0,3061,G
2-PB1,789,3,2,0,3048,3053,C
2-PB1,790,1,8,3047,0,3056,G
2-PB1,791,3048,1,2,1,3052,A
2-PB1,792,3044,0,0,0,3044,A
2-PB1,793,3040,0,2,1,3043,A
2-PB1,794,3144,0,1,1,3146,A
2-PB1,795,0,1,3176,0,3177,G
2-PB1,796,0,0,0,3178,3178,C
2-PB1,797,0,3173,0,2,3175,T
2-PB1,798,0,3178,0,0,3178,T
2-PB1,799,0,18,3169,1,3188,G
2-PB1,800,3179,0,2,1,3182,A
2-PB1,801,3181,0,2,1,3184,A
2-PB1,802,0,0,0,3204,3204,C
2-PB1,803,3103,2,2,0,3107,A
2-PB1,804,2,0,3375,0,3377,G
2-PB1,805,0,3350,0,1,3351,T
2-PB1,806,16,0,0,3341,3357,C
2-PB1,807,1,3362,0,1,3364,T
2-PB1,808,2,4,3365,0,3371,G
2-PB1,809,0,6,3365,1,3372,G
2-PB1,810,3371,0,3,0,3374,A
2-PB1,811,1,2,0,3390,3393,C
2-PB1,812,0,3278,0,5,3283,T
2-PB1,813,0,3086,0,2,3088,T
2-PB1,814,2,0,0,3082,3084,C
2-PB1,815,3,3,0,3089,3095,C
2-PB1,816,4,3,3094,0,3101,G
2-PB1,817,0,1,3107,0,3108,G
2-PB1,818,2,3102,0,0,3104,T
2-PB1,819,0,3099,0,1,3100,T
2-PB1,820,0,2,3090,0,3092,G
2-PB1,821,0,6,3098,0,3104,G
2-PB1,822,1,4,3110,0,3115,G
2-PB1,823,1,3,3107,0,3111,G
2-PB1,824,1,2,3137,0,3140,G
2-PB1,825,0,3118,0,1,3119,T
2-PB1,826,3124,0,0,0,3124,A
2-PB1,827,3138,0,3,0,3141,A
2-PB1,828,1,3136,0,11,3148,T
2-PB1,829,1,13,3144,0,3158,G
2-PB1,830,3120,0,2,0,3122,A
2-PB1,831,3093,0,3,0,3096,A
2-PB1,832,3088,0,0,0,3088,A
2-PB1,833,3086,0,1,0,3087,A
2-PB1,834,0,7,3083,1,3091,G
2-PB1,835,3064,0,1,0,3065,A
2-PB1,836,3043,0,7,0,3050,A
2-PB1,837,0,8,3061,0,3069,G
2-PB1,838,1,2,3062,0,3065,G
2-PB1,839,2,1,0,3048,3051,C
2-PB1,840,8,1,0,3037,3046,C
2-PB1,841,3064,1,2,0,3067,A
2-PB1,842,3060,1,3,0,3064,A
2-PB1,843,3065,1,0,0,3066,A
2-PB1,844,1,0,0,3061,3062,C
2-PB1,845,2,3051,0,3,3056,T
2-PB1,846,3,4,3093,0,3100,G
2-PB1,847,3,0,3094,0,3097,G
2-PB1,848,3,2,0,3086,3091,C
2-PB1,849,3105,0,2,0,3107,A
2-PB1,850,3099,1,5,0,3105,A
2-PB1,851,3108,0,1,0,3109,A
2-PB1,852,1,3110,0,1,3112,T
2-PB1,853,1,0,3107,0,3108,G
2-PB1,854,0,3096,0,1,3097,T
2-PB1,855,1,3034,0,0,3035,T
2-PB1,856,2,0,3037,0,3039,G
2-PB1,857,0,3029,0,1,3030,T
2-PB1,858,0,7,3026,0,3033,G
2-PB1,859,3033,2,1,0,3036,A
2-PB1,860,1,3,3050,0,3054,G
2-PB1,861,3049,1,2,0,3052,A
2-PB1,862,3035,0,3,0,3038,A
2-PB1,863,3035,0,2,0,3037,A
2-PB1,864,3055,0,1,0,3056,A
2-PB1,865,3057,0,4,0,3061,A
2-PB1,866,1,3051,0,1,3053,T
2-PB1,867,1,4,3049,0,3054,G
2-PB1,868,3040,1,8,0,3049,A
2-PB1,869,0,3020,0,2,3022,T
2-PB1,870,1,12,3038,0,3051,G
2-PB1,871,3043,1,3,0,3047,A
2-PB1,872,0,0,1,3075,3076,C
2-PB1,873,0,3068,0,0,3068,T
2-PB1,874,3067,1,0,0,3068,A
2-PB1,875,3092,0,0,1,3093,A
2-PB1,876,1,3082,0,0,3083,T
2-PB1,877,0,3107,0,1,3108,T
2-PB1,878,12,1,0,3116,3129,C
2-PB1,879,3112,1,4,2,3119,A
2-PB1,880,0,0,0,3116,3116,C
2-PB1,881,3094,1,1,0,3096,A
2-PB1,882,3094,0,6,0,3100,A
2-PB1,883,1,7,3095,0,3103,G
2-PB1,884,3160,0,5,0,3165,A
2-PB1,885,1,1,1,3149,3152,C
2-PB1,886,3116,0,1,0,3117,A
2-PB1,887,1,1,0,3114,3116,C
2-PB1,888,3081,1,3,1,3086,A
2-PB1,889,0,6,3109,0,3115,G
2-PB1,890,3096,1,4,0,3101,A
2-PB1,891,0,0,3126,0,3126,G
2-PB1,892,1,1,0,3102,3104,C
2-PB1,893,2,3027,1,7,3037,T
2-PB1,894,0,3077,0,0,3077,T
2-PB1,895,0,3078,0,1,3079,T
2-PB1,896,2,0,0,3077,3079,C
2-PB1,897,1,3067,1,12,3081,T
2-PB1,898,1,3055,1,1,3058,T
2-PB1,899,0,3047,1,6,3054,T
2-PB1,900,10,3,0,3044,3057,C
2-PB1,901,3058,0,0,1,3059,A
2-PB1,902,1,2,0,3059,3062,C
2-PB1,903,3011,1,0,1,3013,A
2-PB1,904,3025,0,0,2,3027,A
2-PB1,905,1,3062,0,1,3064,T
2-PB1,906,10,1,0,3085,3096,C
2-PB1,907,3122,0,0,1,3123,A
2-PB1,908,0,0,0,3137,3137,C
2-PB1,909,1,3111,0,1,3113,T
2-PB1,910,1,5,3144,1,3151,G
2-PB1,911,1,7,3133,0,3141,G
2-PB1,912,1,7,3233,0,3241,G
2-PB1,913,0,5,3228,0,3233,G
2-PB1,914,3178,1,10,0,3189,A
2-PB1,915,1,1,0,3080,3082,C
2-PB1,916,3115,0,0,1,3116,A
2-PB1,917,3301,0,6,0,3307,A
2-PB1,918,1,2,0,3325,3328,C
2-PB1,919,3314,1,4,0,3319,A
2-PB1,920,2,1,0,3311,3314,C
2-PB1,921,1,3173,0,5,3179,T
2-PB1,922,3190,0,1,0,3191,A
2-PB1,923,3190,0,4,0,3194,A
2-PB1,924,0,0,3219,0,3219,G
2-PB1,925,1,3193,0,1,3195,T
2-PB1,926,0,4,2946,0,2950,G
2-PB1,927,2,7,2909,0,2918,G
2-PB1,928,2905,2,1,0,2908,A
2-PB1,929,2907,0,0,0,2907,A
2-PB1,930,1,2902,1,2,2906,T
2-PB1,931,0,10,2887,1,2898,G
2-PB1,932,2894,0,2,0,2896,A
2-PB1,933,2858,2,0,1,2861,A
2-PB1,934,2868,1,1,0,2870,A
2-PB1,935,2879,0,0,1,2880,A
2-PB1,936,0,2878,1,0,2879,T
2-PB1,937,14,0,0,2868,2882,C
2-PB1,938,2881,2,1,1,2885,A
2-PB1,939,2878,1,2,1,2882,A
2-PB1,940,2869,1,2,1,2873,A
2-PB1,941,2875,0,4,0,2879,A
2-PB1,942,5,1,0,2871,2877,C
2-PB1,943,5,0,0,2857,2862,C
2-PB1,944,13,0,0,2826,2839,C
2-PB1,945,5,1,0,2829,2835,C
2-PB1,946,6,0,0,2857,2863,C
2-PB1,947,0,6,2859,1,2866,G
2-PB1,948,2864,1,0,0,2865,A
2-PB1,949,2869,0,0,0,2869,A
2-PB1,950,0,2876,1,1,2878,T
2-PB1,951,0,0,2894,0,2894,G
2-PB1,952,1,2862,6,6,2875,T
2-PB1,953,0,2854,1,2,2857,T
2-PB1,954,0,2859,0,2,2861,T
2-PB1,955,0,2876,0,0,2876,T
2-PB1,956,0,2870,0,2,2872,T
2-PB1,957,0,2,2870,2,2874,G
2-PB1,958,2,1,2862,0,2865,G
2-PB1,959,2,5,0,2850,2857,C
2-PB1,960,1,3,2811,0,2815,G
2-PB1,961,2812,1,0,0,2813,A
2-PB1,962,0,2900,0,0,2900,T
2-PB1,963,1,5,3006,0,3012,G
2-PB1,964,3184,0,0,0,3184,A
2-PB1,965,0,3198,0,0,3198,T
2-PB1,966,0,3194,0,1,3195,T
2-PB1,967,3208,2,3,0,3213,A
2-PB1,968,4,2,0,3217,3223,C
2-PB1,969,3228,0,3,0,3231,A
2-PB1,970,0,3223,0,2,3225,T
2-PB1,971,3076,1,0,0,3077,A
2-PB1,972,1,1,0,3090,3092,C
2-PB1,973,2810,1,2,0,2813,A
2-PB1,974,2,2803,0,2,2807,T
2-PB1,975,6,1,0,2790,2797,C
2-PB1,976,2796,1,1,0,2798,A
2-PB1,977,1,0,0,2798,2799,C
2-PB1,978,2777,0,0,0,2777,A
2-PB1,979,2769,1,3,1,2774,A
2-PB1,980,2768,0,1,0,2769,A
2-PB1,981,0,4,2675,0,2679,G
2-PB1,982,2820,0,0,0,2820,A
2-PB1,983,2830,1,1,0,2832,A
2-PB1,984,0,2835,0,1,2836,T
2-PB1,985,15,2,1,2819,2837,C
2-PB1,986,2846,1,3,0,2850,A
2-PB1,987,2871,0,0,1,2872,A
2-PB1,988,0,0,0,2876,2876,C
2-PB1,989,1,2,0,2865,2868,C
2-PB1,990,0,2730,0,1,2731,T
2-PB1,991,1,11,2745,0,2757,G
2-PB1,992,2753,0,0,0,2753,A
2-PB1,993,1,0,2751,0,2752,G
2-PB1,994,2,2743,1,1,2747,T
2-PB1,995,0,12,2688,0,2700,G
2-PB1,996,0,0,2844,0,2844,G
2-PB1,997,1,2821,0,2,2824,T
2-PB1,998,0,2824,0,1,2825,T
2-PB1,999,22,0,0,2807,2829,C
2-PB1,1000,2811,0,2,0,2813,A
2-PB1,1001,0,5,2862,0,2867,G
2-PB1,1002,2861,0,1,0,2862,A
2-PB1,1003,2854,1,4,0,2859,A
2-PB1,1004,2847,1,0,0,2848,A
2-PB1,1005,1,0,0,2613,2614,C
2-PB1,1006,2646,1,0,0,2647,A
2-PB1,1007,1,2636,0,1,2638,T
2-PB1,1008,2,0,0,2653,2655,C
2-PB1,1009,3,0,0,2664,2667,C
2-PB1,1010,1,2581,0,5,2587,T
2-PB1,1011,0,8,2581,1,2590,G
2-PB1,1012,2569,0,3,0,2572,A
2-PB1,1013,0,3,2611,0,2614,G
2-PB1,1014,3,2,0,2596,2601,C
2-PB1,1015,2512,0,2,0,2514,A
2-PB1,1016,0,2512,1,1,2514,T
2-PB1,1017,1,1,0,2490,2492,C
2-PB1,1018,1,2,2493,0,2496,G
2-PB1,1019,0,0,0,2517,2517,C
2-PB1,1020,2523,1,1,0,2525,A
2-PB1,1021,0,0,0,2512,2512,C
2-PB1,1022,1,1,0,2482,2484,C
2-PB1,1023,1,8,2478,0,2487,G
2-PB1,1024,2607,0,0,0,2607,A
2-PB1,1025,0,2608,0,0,2608,T
2-PB1,1026,2605,0,1,0,2606,A
2-PB1,1027,2612,0,0,0,2612,A
2-PB1,1028,1,2575,0,1,2577,T
2-PB1,1029,1,0,2592,0,2593,G
2-PB1,1030,0,2543,1,0,2544,T
2-PB1,1031,0,2534,0,0,2534,T
2-PB1,1032,3,0,1,2519,2523,C
2-PB1,1033,0,2511,0,2,2513,T
2-PB1,1034,5,1,0,2518,2524,C
2-PB1,1035,2527,0,1,0,2528,A
2-PB1,1036,2529,1,0,0,2530,A
2-PB1,1037,2526,0,3,0,2529,A
2-PB1,1038,1,0,0,2530,2531,C
2-PB1,1039,2522,1,0,1,2524,A
2-PB1,1040,2518,1,1,0,2520,A
2-PB1,1041,2520,0,1,0,2521,A
2-PB1,1042,2521,0,0,0,2521,A
2-PB1,1043,0,2531,0,0,2531,T
2-PB1,1044,0,11,2519,0,2530,G
2-PB1,1045,2,0,2527,0,2529,G
2-PB1,1046,2,0,0,2522,2524,C
2-PB1,1047,2509,1,3,0,2513,A
2-PB1,1048,2525,1,2,0,2528,A
2-PB1,1049,0,4,2528,0,2532,G
2-PB1,1050,2522,0,1,0,2523,A
2-PB1,1051,0,2502,0,1,2503,T
2-PB1,1052,0,2550,1,0,2551,T
2-PB1,1053,0,4,2561,0,2565,G
2-PB1,1054,0,4,2581,0,2585,G
2-PB1,1055,2,3,2585,0,2590,G
2-PB1,1056,2591,0,3,0,2594,A
2-PB1,1057,2584,1,2,0,2587,A
2-PB1,1058,2590,0,1,1,2592,A
2-PB1,1059,2575,1,2,0,2578,A
2-PB1,1060,0,8,2662,0,2670,G
2-PB1,1061,0,7,2667,0,2674,G
2-PB1,1062,2665,0,4,0,2669,A
2-PB1,1063,0,2659,0,0,2659,T
2-PB1,1064,2660,1,2,0,2663,A
2-PB1,1065,1,0,0,2667,2668,C
2-PB1,1066,2689,0,2,0,2691,A
2-PB1,1067,0,2682,0,1,2683,T
2-PB1,1068,0,1,2700,0,2701,G
2-PB1,1069,0,2620,0,11,2631,T
2-PB1,1070,1,2626,0,2,2629,T
2-PB1,1071,14,4,1,2604,2623,C
2-PB1,1072,1,10,2615,0,2626,G
2-PB1,1073,2629,0,0,0,2629,A
2-PB1,1074,0,6,2680,0,2686,G
2-PB1,1075,2639,1,2,0,2642,A
2-PB1,1076,1,0,2673,0,2674,G
2-PB1,1077,1,2642,0,0,2643,T
2-PB1,1078,2631,0,0,0,2631,A
2-PB1,1079,2630,0,7,2,2639,A
2-PB1,1080,0,5,2642,0,2647,G
2-PB1,1081,2645,0,2,0,2647,A
2-PB1,1082,0,7,2686,0,2693,G
2-PB1,1083,2618,1,1,0,2620,A
2-PB1,1084,2634,0,2,1,2637,A
2-PB1,1085,2,2615,0,0,2617,T
2-PB1,1086,0,7,2602,0,2609,G
2-PB1,1087,2608,0,2,2,2612,A
2-PB1,1088,2596,1,4,0,2601,A
2-PB1,1089,1,0,2604,0,2605,G
2-PB1,1090,0,0,0,2596,2596,C
2-PB1,1091,0,2571,0,2,2573,T
2-PB1,1092,3,1,0,2569,2573,C
2-PB1,1093,2,1,0,2565,2568,C
2-PB1,1094,6,1,2566,0,2573,G
2-PB1,1095,2,8,2568,0,2578,G
2-PB1,1096,2590,1,1,0,2592,A
2-PB1,1097,0,1,0,2621,2622,C
2-PB1,1098,2612,0,1,0,2613,A
2-PB1,1099,1,1,0,2632,2634,C
2-PB1,1100,2637,0,1,0,2638,A
2-PB1,1101,2635,1,2,1,2639,A
2-PB1,1102,2635,0,0,0,2635,A
2-PB1,1103,0,2636,0,0,2636,T
2-PB1,1104,2629,0,2,0,2631,A
2-PB1,1105,0,1,0,2628,2629,C
2-PB1,1106,3,0,0,2613,2616,C
2-PB1,1107,1,2583,0,3,2587,T
2-PB1,1108,0,0,2608,0,2608,G
2-PB1,1109,0,0,0,2608,2608,C
2-PB1,1110,2608,1,1,0,2610,A
2-PB1,1111,0,9,2605,0,2614,G
2-PB1,1112,2605,0,0,0,2605,A
2-PB1,1113,2601,0,0,0,2601,A
2-PB1,1114,2606,0,1,0,2607,A
2-PB1,1115,0,2613,0,0,2613,T
2-PB1,1116,1,4,2613,0,2618,G
2-PB1,1117,0,5,1,2592,2598,C
2-PB1,1118,0,2597,0,1,2598,T
2-PB1,1119,2585,0,43,0,2628,A
2-PB1,1120,0,1,2626,0,2627,G
2-PB1,1121,0,3,0,2627,2630,C
2-PB1,1122,2620,0,3,0,2623,A
2-PB1,1123,2621,0,4,0,2625,A
2-PB1,1124,0,2,2603,0,2605,G
2-PB1,1125,0,2,0,2601,2603,C
2-PB1,1126,2570,0,0,0,2570,A
2-PB1,1127,0,2621,0,2,2623,T
2-PB1,1128,1,2623,0,2,2626,T
2-PB1,1129,1,18,2705,0,2724,G
2-PB1,1130,2750,0,4,0,2754,A
2-PB1,1131,1,0,0,2748,2749,C
2-PB1,1132,5,0,0,2759,2764,C
2-PB1,1133,0,2691,0,4,2695,T
2-PB1,1134,0,6,2731,0,2737,G
2-PB1,1135,2747,0,0,0,2747,A
2-PB1,1136,2745,0,3,0,2748,A
2-PB1,1137,0,0,2777,0,2777,G
2-PB1,1138,0,2693,0,1,2694,T
2-PB1,1139,2706,0,0,0,2706,A
2-PB1,1140,1,2693,0,0,2694,T
2-PB1,1141,0,2690,0,0,2690,T
2-PB1,1142,0,2688,0,0,2688,T
2-PB1,1143,6,1,0,2651,2658,C
2-PB1,1144,2664,2,0,0,2666,A
2-PB1,1145,2666,0,1,0,2667,A
2-PB1,1146,1,2629,0,1,2631,T
2-PB1,1147,0,7,2631,0,2638,G
2-PB1,1148,2625,1,3,0,2629,A
2-PB1,1149,2631,0,2,0,2633,A
2-PB1,1150,0,2619,0,4,2623,T
2-PB1,1151,12,2,0,2625,2639,C
2-PB1,1152,2644,0,0,0,2644,A
2-PB1,1153,2648,1,0,0,2649,A
2-PB1,1154,0,0,0,2646,2646,C
2-PB1,1155,2635,1,1,0,2637,A
2-PB1,1156,2633,0,2,0,2635,A
2-PB1,1157,0,1,2645,0,2646,G
2-PB1,1158,0,3,2661,1,2665,G
2-PB1,1159,2659,1,4,0,2664,A
2-PB1,1160,2648,1,5,0,2654,A
2-PB1,1161,0,1,2658,0,2659,G
2-PB1,1162,2642,0,2,0,2644,A
2-PB1,1163,2646,0,0,0,2646,A
2-PB1,1164,2646,0,1,0,2647,A
2-PB1,1165,2641,0,3,0,2644,A
2-PB1,1166,0,2641,0,0,2641,T
2-PB1,1167,0,2609,0,0,2609,T
2-PB1,1168,2,5,2613,0,2620,G
2-PB1,1169,2608,1,1,0,2610,A
2-PB1,1170,0,7,2616,0,2623,G
2-PB1,1171,2621,0,1,0,2622,A
2-PB1,1172,2641,0,0,0,2641,A
2-PB1,1173,2675,1,4,0,2680,A
2-PB1,1174,2690,0,1,0,2691,A
2-PB1,1175,0,2688,0,0,2688,T
2-PB1,1176,2688,0,0,0,2688,A
2-PB1,1177,2684,0,0,0,2684,A
2-PB1,1178,0,4,2694,0,2698,G
2-PB1,1179,0,1,2687,0,2688,G
2-PB1,1180,3,0,0,2680,2683,C
2-PB1,1181,2,1,0,2669,2672,C
2-PB1,1182,2,2657,0,5,2664,T
2-PB1,1183,3,0,0,2988,2991,C
2-PB1,1184,2,3041,0,0,3043,T
2-PB1,1185,0,3059,0,2,3061,T
2-PB1,1186,4,1,0,3105,3110,C
2-PB1,1187,0,3095,0,0,3095,T
2-PB1,1188,3103,0,1,1,3105,A
2-PB1,1189,3104,0,1,5,3110,A
2-PB1,1190,0,3100,0,0,3100,T
2-PB1,1191,3111,0,2,1,3114,A
2-PB1,1192,0,0,3047,0,3047,G
2-PB1,1193,2792,0,1,1,2794,A
2-PB1,1194,0,2791,0,4,2795,T
2-PB1,1195,2,3,2758,0,2763,G
2-PB1,1196,2,0,2792,0,2794,G
2-PB1,1197,2,0,1,2765,2768,C
2-PB1,1198,2787,0,2,0,2789,A
2-PB1,1199,1,2,0,2793,2796,C
2-PB1,1200,2745,0,3,0,2748,A
2-PB1,1201,3,1,2852,0,2856,G
2-PB1,1202,2,2,0,2847,2851,C
2-PB1,1203,2848,0,1,0,2849,A
2-PB1,1204,0,2939,0,2,2941,T
2-PB1,1205,11,0,0,2905,2916,C
2-PB1,1206,2933,0,2,0,2935,A
2-PB1,1207,0,2930,1,0,2931,T
2-PB1,1208,0,2918,0,2,2920,T
2-PB1,1209,1,10,2897,0,2908,G
2-PB1,1210,2826,0,4,0,2830,A
2-PB1,1211,1,3,2895,0,2899,G
2-PB1,1212,4,0,0,2892,2896,C
2-PB1,1213,6,0,1,2853,2860,C
2-PB1,1214,2,0,0,2893,2895,C
2-PB1,1215,0,2866,0,3,2869,T
2-PB1,1216,0,3,2988,0,2991,G
2-PB1,1217,1,8,3036,0,3045,G
2-PB1,1218,3036,3,3,0,3042,A
2-PB1,1219,3099,0,2,0,3101,A
2-PB1,1220,1,3015,0,0,3016,T
2-PB1,1221,0,3,3064,1,3068,G
2-PB1,1222,3109,0,1,0,3110,A
2-PB1,1223,0,3109,0,3,3112,T
2-PB1,1224,0,4,3121,0,3125,G
2-PB1,1225,3076,1,8,0,3085,A
2-PB1,1226,0,3038,0,1,3039,T
2-PB1,1227,0,8,3036,0,3044,G
2-PB1,1228,1,3,3063,0,3067,G
2-PB1,1229,1,1,3074,1,3077,G
2-PB1,1230,2,2,1,3031,3036,C
2-PB1,1231,3031,1,1,0,3033,A
2-PB1,1232,0,3037,1,1,3039,T
2-PB1,1233,0,1,3135,0,3136,G
2-PB1,1234,1,3137,0,4,3142,T
2-PB1,1235,1,3144,0,1,3146,T
2-PB1,1236,15,1,1,3131,3148,C
2-PB1,1237,3114,1,3,0,3118,A
2-PB1,1238,3123,0,2,1,3126,A
2-PB1,1239,0,0,0,3131,3131,C
2-PB1,1240,3143,0,1,0,3144,A
2-PB1,1241,0,3142,0,0,3142,T
2-PB1,1242,0,0,3152,0,3152,G
2-PB1,1243,0,1,0,3146,3147,C
2-PB1,1244,0,3146,0,3,3149,T
2-PB1,1245,3170,1,0,0,3171,A
2-PB1,1246,3170,1,0,0,3171,A
2-PB1,1247,1,1,3221,0,3223,G
2-PB1,1248,0,3218,0,1,3219,T
2-PB1,1249,3201,1,3,0,3205,A
2-PB1,1250,0,1,0,3216,3217,C
2-PB1,1251,1,10,3207,0,3218,G
2-PB1,1252,0,1,3383,0,3384,G
2-PB1,1253,0,3381,0,1,3382,T
2-PB1,1254,1,3362,0,0,3363,T
2-PB1,1255,0,3362,0,1,3363,T
2-PB1,1256,0,3336,1,3,3340,T
2-PB1,1257,3345,0,2,0,3347,A
2-PB1,1258,2,5,3334,0,3341,G
2-PB1,1259,0,3,3342,2,3347,G
2-PB1,1260,3260,2,6,0,3268,A
2-PB1,1261,0,0,3238,0,3238,G
2-PB1,1262,0,3272,0,0,3272,T
2-PB1,1263,14,0,0,3251,3265,C
2-PB1,1264,1,3274,0,0,3275,T
2-PB1,1265,18,2,0,3251,3271,C
2-PB1,1266,0,13,3258,0,3271,G
2-PB1,1267,3351,1,2,0,3354,A
2-PB1,1268,0,3357,0,1,3358,T
2-PB1,1269,3375,0,0,0,3375,A
2-PB1,1270,1,1,0,3374,3376,C
2-PB1,1271,2,3297,0,3,3302,T
2-PB1,1272,2,10,3303,0,3315,G
2-PB1,1273,3297,1,1,0,3299,A
2-PB1,1274,3346,0,1,0,3347,A
2-PB1,1275,0,3345,0,1,3346,T
2-PB1,1276,5,0,1,3267,3273,C
2-PB1,1277,0,3266,0,1,3267,T
2-PB1,1278,1,3253,1,0,3255,T
2-PB1,1279,1,9,3254,0,3264,G
2-PB1,1280,1,9,3258,0,3268,G
2-PB1,1281,3262,0,0,1,3263,A
2-PB1,1282,1,2,0,3266,3269,C
2-PB1,1283,3234,0,2,0,3236,A
2-PB1,1284,3258,0,0,0,3258,A
2-PB1,1285,3273,0,2,0,3275,A
2-PB1,1286,3283,0,2,0,3285,A
2-PB1,1287,0,3,3335,0,3338,G
2-PB1,1288,3341,2,2,0,3345,A
2-PB1,1289,3328,0,2,1,3331,A
2-PB1,1290,3337,0,2,0,3339,A
2-PB1,1291,0,3336,0,0,3336,T
2-PB1,1292,3336,0,4,0,3340,A
2-PB1,1293,0,1,1,3427,3429,C
2-PB1,1294,3400,1,4,0,3405,A
2-PB1,1295,0,0,0,3413,3413,C
2-PB1,1296,9,0,0,3371,3380,C
2-PB1,1297,3370,0,2,0,3372,A
2-PB1,1298,3412,0,1,0,3413,A
2-PB1,1299,0,14,3494,0,3508,G
2-PB1,1300,3546,1,6,0,3553,A
2-PB1,1301,1,2,0,3572,3575,C
2-PB1,1302,3509,0,0,0,3509,A
2-PB1,1303,3591,0,9,0,3600,A
2-PB1,1304,0,0,0,3601,3601,C
2-PB1,1305,3651,0,0,0,3651,A
2-PB1,1306,0,3665,2,4,3671,T
2-PB1,1307,3630,0,1,0,3631,A
2-PB1,1308,0,1,0,3681,3682,C
2-PB1,1309,0,3564,1,3,3568,T
2-PB1,1310,0,7,3601,0,3608,G
2-PB1,1311,2,1,3593,0,3596,G
2-PB1,1312,0,3522,0,3,3525,T
2-PB1,1313,2,12,3503,0,3517,G
2-PB1,1314,1,4,3488,0,3493,G
2-PB1,1315,1,4,3499,1,3505,G
2-PB1,1316,3505,0,2,0,3507,A
2-PB1,1317,1,3452,0,1,3454,T
2-PB1,1318,1,7,3442,0,3450,G
2-PB1,1319,4,2,3416,0,3422,G
2-PB1,1320,2,2,3452,0,3456,G
2-PB1,1321,1,1,0,3492,3494,C
2-PB1,1322,1,3474,0,3,3478,T
2-PB1,1323,8,0,0,3480,3488,C
2-PB1,1324,4,1,1,3479,3485,C
2-PB1,1325,3488,0,3,0,3491,A
2-PB1,1326,3493,1,1,2,3497,A
2-PB1,1327,1,3476,0,2,3479,T
2-PB1,1328,6,0,0,3470,3476,C
2-PB1,1329,4,2,0,3437,3443,C
2-PB1,1330,0,3407,1,9,3417,T
2-PB1,1331,2,0,1,3408,3411,C
2-PB1,1332,5,2,0,3403,3410,C
2-PB1,1333,1,7,3403,0,3411,G
2-PB1,1334,3406,0,0,1,3407,A
2-PB1,1335,0,2,0,3412,3414,C
2-PB1,1336,2,16,3404,0,3422,G
2-PB1,1337,3447,0,0,0,3447,A
2-PB1,1338,0,3448,0,3,3451,T
2-PB1,1339,0,3439,0,3,3442,T
2-PB1,1340,1,3434,1,1,3437,T
2-PB1,1341,1,3445,0,2,3448,T
2-PB1,1342,2,2,3442,0,3446,G
2-PB1,1343,0,4,0,3462,3466,C
2-PB1,1344,10,3,0,3452,3465,C
2-PB1,1345,12,0,0,3546,3558,C
2-PB1,1346,0,3511,0,9,3520,T
2-PB1,1347,8,0,0,3664,3672,C
2-PB1,1348,3690,1,0,0,3691,A
2-PB1,1349,1,3692,0,1,3694,T
2-PB1,1350,3687,1,1,1,3690,A
2-PB1,1351,4,0,3721,0,3725,G
2-PB1,1352,0,3684,0,1,3685,T
2-PB1,1353,1,17,3679,1,3698,G
2-PB1,1354,3583,2,2,0,3587,A
2-PB1,1355,3594,1,2,1,3598,A
2-PB1,1356,1,3442,0,1,3444,T
2-PB1,1357,2,4,3422,0,3428,G
2-PB1,1358,3,2,0,3443,3448,C
2-PB1,1359,3446,1,1,0,3448,A
2-PB1,1360,1,0,0,3440,3441,C
2-PB1,1361,11,0,0,3414,3425,C
2-PB1,1362,3401,1,2,0,3404,A
2-PB1,1363,3408,1,0,0,3409,A
2-PB1,1364,3390,1,1,0,3392,A
2-PB1,1365,0,3321,0,2,3323,T
2-PB1,1366,12,0,0,3399,3411,C
2-PB1,1367,3392,1,3,0,3396,A
2-PB1,1368,0,3414,0,1,3415,T
2-PB1,1369,1,9,3407,0,3417,G
2-PB1,1370,3409,1,4,1,3415,A
2-PB1,1371,2,5,3439,1,3447,G
2-PB1,1372,0,8,3441,0,3449,G
2-PB1,1373,1,6,3454,1,3462,G
2-PB1,1374,3438,0,2,0,3440,A
2-PB1,1375,3479,1,1,0,3481,A
2-PB1,1376,0,3484,0,2,3486,T
2-PB1,1377,3503,1,0,1,3505,A
2-PB1,1378,0,1,0,3513,3514,C
2-PB1,1379,3502,1,1,2,3506,A
2-PB1,1380,3488,0,9,1,3498,A
2-PB1,1381,1,0,3497,0,3498,G
2-PB1,1382,4,1,0,3470,3475,C
2-PB1,1383,3464,0,2,0,3466,A
2-PB1,1384,2,3,3483,0,3488,G
2-PB1,1385,1,7,3480,0,3488,G
2-PB1,1386,3466,0,4,0,3470,A
2-PB1,1387,0,4,3482,0,3486,G
2-PB1,1388,0,3416,0,2,3418,T
2-PB1,1389,3,6,3437,0,3446,G
2-PB1,1390,0,2,3454,0,3456,G
2-PB1,1391,3448,0,1,0,3449,A
2-PB1,1392,1,3453,0,1,3455,T
2-PB1,1393,3393,2,2,1,3398,A
2-PB1,1394,0,4,3419,0,3423,G
2-PB1,1395,3446,0,0,0,3446,A
2-PB1,1396,0,3441,0,3,3444,T
2-PB1,1397,0,3425,0,0,3425,T
2-PB1,1398,7,0,0,3490,3497,C
2-PB1,1399,1,3482,0,0,3483,T
2-PB1,1400,3481,1,2,0,3484,A
2-PB1,1401,1,1,0,3481,3483,C
2-PB1,1402,3416,1,1,0,3418,A
2-PB1,1403,1,4,3415,0,3420,G
2-PB1,1404,0,11,3346,1,3358,G
2-PB1,1405,3377,0,4,0,3381,A
2-PB1,1406,0,2,0,3355,3357,C
2-PB1,1407,4,0,0,3282,3286,C
2-PB1,1408,2,3238,0,28,3268,T
2-PB1,1409,2,0,3284,0,3286,G
2-PB1,1410,2,1,1,3277,3281,C
2-PB1,1411,3282,0,3,0,3285,A
2-PB1,1412,3282,1,4,0,3287,A
2-PB1,1413,2,0,3293,0,3295,G
2-PB1,1414,1,3231,0,4,3236,T
2-PB1,1415,0,3233,0,1,3234,T
2-PB1,1416,3185,1,1,0,3187,A
2-PB1,1417,0,1,3194,0,3195,G
2-PB1,1418,0,3175,0,0,3175,T
2-PB1,1419,2,8,3156,1,3167,G
2-PB1,1420,1,1,3161,0,3163,G
2-PB1,1421,1,1,3163,2,3167,G
2-PB1,1422,3161,0,5,0,3166,A
2-PB1,1423,3177,1,3,0,3181,A
2-PB1,1424,0,3167,0,1,3168,T
2-PB1,1425,13,0,0,3167,3180,C
2-PB1,1426,3179,1,3,0,3183,A
2-PB1,1427,3181,3,2,0,3186,A
2-PB1,1428,1,0,0,3181,3182,C
2-PB1,1429,3178,0,1,0,3179,A
2-PB1,1430,0,3107,0,0,3107,T
2-PB1,1431,3,19,3100,0,3122,G
2-PB1,1432,3115,0,3,0,3118,A
2-PB1,1433,3,0,3137,1,3141,G
2-PB1,1434,0,1,0,3131,3132,C
2-PB1,1435,3124,1,0,0,3125,A
2-PB1,1436,3131,1,1,0,3133,A
2-PB1,1437,3131,0,2,0,3133,A
2-PB1,1438,3147,0,1,1,3149,A
2-PB1,1439,3146,0,4,0,3150,A
2-PB1,1440,1,2,3139,0,3142,G
2-PB1,1441,3117,1,1,0,3119,A
2-PB1,1442,3071,0,4,0,3075,A
2-PB1,1443,0,0,3176,0,3176,G
2-PB1,1444,2,3163,0,2,3167,T
2-PB1,1445,16,0,1,3143,3160,C
2-PB1,1446,9,0,0,3146,3155,C
2-PB1,1447,1,3130,0,3,3134,T
2-PB1,1448,3170,0,1,0,3171,A
2-PB1,1449,0,3167,0,0,3167,T
2-PB1,1450,3176,0,0,0,3176,A
2-PB1,1451,0,3166,0,0,3166,T
2-PB1,1452,3059,0,0,1,3060,A
2-PB1,1453,3061,0,1,0,3062,A
2-PB1,1454,3048,0,1,1,3050,A
2-PB1,1455,0,3053,0,0,3053,T
2-PB1,1456,3016,0,0,0,3016,A
2-PB1,1457,2996,0,1,0,2997,A
2-PB1,1458,3014,0,3,1,3018,A
2-PB1,1459,3016,1,2,1,3020,A
2-PB1,1460,2,2,0,3017,3021,C
2-PB1,1461,2894,0,2,0,2896,A
2-PB1,1462,0,5,2886,0,2891,G
2-PB1,1463,0,8,2882,0,2890,G
2-PB1,1464,3,9,2879,0,2891,G
2-PB1,1465,2894,0,1,0,2895,A
2-PB1,1466,1,4,0,2906,2911,C
2-PB1,1467,2888,1,1,0,2890,A
2-PB1,1468,0,2914,0,1,2915,T
2-PB1,1469,0,2916,0,1,2917,T
2-PB1,1470,0,2918,0,2,2920,T
2-PB1,1471,0,17,2903,0,2920,G
2-PB1,1472,2906,0,2,0,2908,A
2-PB1,1473,2910,0,2,1,2913,A
2-PB1,1474,1,2908,0,0,2909,T
2-PB1,1475,0,2830,0,3,2833,T
2-PB1,1476,17,0,0,2845,2862,C
2-PB1,1477,2835,0,6,0,2841,A
2-PB1,1478,0,0,0,2847,2847,C
2-PB1,1479,1,2837,0,6,2844,T
2-PB1,1480,2843,0,0,0,2843,A
2-PB1,1481,2,0,2841,0,2843,G
2-PB1,1482,1,0,1,2835,2837,C
2-PB1,1483,0,2791,0,8,2799,T
2-PB1,1484,0,2843,0,0,2843,T
2-PB1,1485,0,2834,0,2,2836,T
2-PB1,1486,0,2837,0,2,2839,T
2-PB1,1487,0,2827,0,2,2829,T
2-PB1,1488,0,2833,0,3,2836,T
2-PB1,1489,0,2820,0,0,2820,T
2-PB1,1490,2818,1,4,0,2823,A
2-PB1,1491,0,2807,0,0,2807,T
2-PB1,1492,8,0,0,2811,2819,C
2-PB1,1493,0,5,2826,0,2831,G
2-PB1,1494,2848,0,50,0,2898,A
2-PB1,1495,1,2909,1,0,2911,T
2-PB1,1496,2906,0,0,0,2906,A
2-PB1,1497,0,2924,0,1,2925,T
2-PB1,1498,3,8,2909,0,2920,G
2-PB1,1499,0,6,2919,0,2925,G
2-PB1,1500,2928,0,2,0,2930,A
2-PB1,1501,0,2911,0,1,2912,T
2-PB1,1502,2,2883,0,0,2885,T
2-PB1,1503,0,2784,0,1,2785,T
2-PB1,1504,1,0,2791,0,2792,G
2-PB1,1505,0,2777,0,1,2778,T
2-PB1,1506,2,5,2764,1,2772,G
2-PB1,1507,2,0,2766,0,2768,G
2-PB1,1508,2,2,0,2743,2747,C
2-PB1,1509,1,2754,0,0,2755,T
2-PB1,1510,2759,0,0,0,2759,A
2-PB1,1511,2774,0,0,0,2774,A
2-PB1,1512,0,2780,1,1,2782,T
2-PB1,1513,1,2777,1,1,2780,T
2-PB1,1514,0,2780,0,1,2781,T
2-PB1,1515,0,2781,0,2,2783,T
2-PB1,1516,2774,1,3,2,2780,A
2-PB1,1517,1,0,2807,0,2808,G
2-PB1,1518,0,2,0,2800,2802,C
2-PB1,1519,2790,1,0,0,2791,A
2-PB1,1520,3,2769,1,1,2774,T
2-PB1,1521,0,3,2739,0,2742,G
2-PB1,1522,0,6,2766,0,2772,G
2-PB1,1523,2766,1,0,0,2767,A
2-PB1,1524,0,0,2768,1,2769,G
2-PB1,1525,1,0,0,2751,2752,C
2-PB1,1526,0,2708,0,2,2710,T
2-PB1,1527,1,2,2719,0,2722,G
2-PB1,1528,2,0,0,2715,2717,C
2-PB1,1529,6,0,0,2704,2710,C
2-PB1,1530,4,2,0,2724,2730,C
2-PB1,1531,2653,0,1,0,2654,A
2-PB1,1532,0,0,2751,0,2751,G
2-PB1,1533,0,2745,1,3,2749,T
2-PB1,1534,0,2746,0,0,2746,T
2-PB1,1535,0,2749,0,3,2752,T
2-PB1,1536,0,2714,0,1,2715,T
2-PB1,1537,0,6,2700,0,2706,G
2-PB1,1538,1,8,2702,0,2711,G
2-PB1,1539,2699,0,4,0,2703,A
2-PB1,1540,2,0,2703,0,2705,G
2-PB1,1541,0,2448,0,0,2448,T
2-PB1,1542,0,0,2521,0,2521,G
2-PB1,1543,1,2512,0,1,2514,T
2-PB1,1544,11,0,0,2511,2522,C
2-PB1,1545,1,2521,0,1,2523,T
2-PB1,1546,2,3,2519,0,2524,G
2-PB1,1547,0,5,2545,1,2551,G
2-PB1,1548,2551,0,0,0,2551,A
2-PB1,1549,2553,0,0,0,2553,A
2-PB1,1550,0,2535,0,0,2535,T
2-PB1,1551,2306,0,1,0,2307,A
2-PB1,1552,2310,0,0,0,2310,A
2-PB1,1553,2306,0,0,0,2306,A
2-PB1,1554,0,0,0,2312,2312,C
2-PB1,1555,1,5,2279,0,2285,G
2-PB1,1556,2248,1,1,0,2250,A
2-PB1,1557,0,0,2251,0,2251,G
2-PB1,1558,0,2240,0,1,2241,T
2-PB1,1559,8,0,0,2247,2255,C
2-PB1,1560,2239,1,4,0,2244,A
2-PB1,1561,0,0,2265,0,2265,G
2-PB1,1562,0,13,0,2255,2268,C
2-PB1,1563,0,2250,0,4,2254,T
2-PB1,1564,1,4,2301,0,2306,G
2-PB1,1565,2285,1,0,1,2287,A
2-PB1,1566,0,2287,1,0,2288,T
2-PB1,1567,2290,0,0,0,2290,A
2-PB1,1568,0,2234,0,1,2235,T
2-PB1,1569,2,13,2232,0,2247,G
2-PB1,1570,2110,1,4,0,2115,A
2-PB1,1571,2,0,2129,0,2131,G
2-PB1,1572,2,1,0,2135,2138,C
2-PB1,1573,1981,0,0,0,1981,A
2-PB1,1574,0,1980,1,0,1981,T
2-PB1,1575,0,1963,0,2,1965,T
2-PB1,1576,1,3,1964,2,1970,G
2-PB1,1577,0,2,2020,1,2023,G
2-PB1,1578,1975,0,3,0,1978,A
2-PB1,1579,1,0,1985,0,1986,G
2-PB1,1580,1,1870,0,3,1874,T
2-PB1,1581,1862,0,1,0,1863,A
2-PB1,1582,1860,0,1,0,1861,A
2-PB1,1583,1,0,0,1867,1868,C
2-PB1,1584,1836,1,1,0,1838,A
2-PB1,1585,0,0,1862,0,1862,G
2-PB1,1586,0,1581,0,1,1582,T
2-PB1,1587,1,4,1586,0,1591,G
2-PB1,1588,1600,0,1,0,1601,A
2-PB1,1589,0,1599,0,2,1601,T
2-PB1,1590,1592,1,0,0,1593,A
2-PB1,1591,1586,1,1,0,1588,A
2-PB1,1592,1524,0,7,0,1531,A
2-PB1,1593,0,8,1535,0,1543,G
2-PB1,1594,1433,0,1,0,1434,A
2-PB1,1595,1430,1,0,0,1431,A
2-PB1,1596,0,0,0,1433,1433,C
2-PB1,1597,1344,0,1,0,1345,A
2-PB1,1598,1357,0,0,0,1357,A
2-PB1,1599,0,0,0,1363,1363,C
2-PB1,1600,1358,0,1,0,1359,A
2-PB1,1601,0,1351,4,0,1355,T
2-PB1,1602,1,3,1289,1,1294,G
2-PB1,1603,1297,0,0,0,1297,A
2-PB1,1604,0,1294,0,0,1294,T
2-PB1,1605,1270,0,0,0,1270,A
2-PB1,1606,1273,1,0,0,1274,A
2-PB1,1607,1252,0,1,0,1253,A
2-PB1,1608,0,0,0,1258,1258,C
2-PB1,1609,1165,0,0,0,1165,A
2-PB1,1610,1159,0,0,1,1160,A
2-PB1,1611,0,1126,0,1,1127,T
2-PB1,1612,0,3,1123,0,1126,G
2-PB1,1613,1154,0,1,0,1155,A
2-PB1,1614,0,0,0,1171,1171,C
2-PB1,1615,1,0,1,1127,1129,C
2-PB1,1616,0,1069,1,1,1071,T
2-PB1,1617,0,1028,0,0,1028,T
2-PB1,1618,2,6,1024,0,1032,G
2-PB1,1619,0,2,1044,0,1046,G
2-PB1,1620,1056,0,1,0,1057,A
2-PB1,1621,1,0,0,1055,1056,C
2-PB1,1622,1,1,1,1021,1024,C
2-PB1,1623,1009,0,5,0,1014,A
2-PB1,1624,0,1,1027,0,1028,G
2-PB1,1625,0,0,0,1025,1025,C
2-PB1,1626,1024,1,1,0,1026,A
2-PB1,1627,1026,0,1,0,1027,A
2-PB1,1628,0,0,0,1022,1022,C
2-PB1,1629,1013,0,0,0,1013,A
2-PB1,1630,1,0,1039,0,1040,G
2-PB1,1631,2,0,0,1035,1037,C
2-PB1,1632,2,0,0,1038,1040,C
2-PB1,1633,5,0,0,1035,1040,C
2-PB1,1634,1037,0,0,1,1038,A
2-PB1,1635,1036,0,0,0,1036,A
2-PB1,1636,1035,0,1,0,1036,A
2-PB1,1637,0,1037,0,0,1037,T
2-PB1,1638,0,2,1031,0,1033,G
2-PB1,1639,1,0,1018,0,1019,G
2-PB1,1640,0,0,0,1019,1019,C
2-PB1,1641,1,1015,0,1,1017,T
2-PB1,1642,1,1,0,1047,1049,C
2-PB1,1643,0,1047,0,0,1047,T
2-PB1,1644,1,0,0,1054,1055,C
2-PB1,1645,3,0,0,1055,1058,C
2-PB1,1646,1059,0,0,0,1059,A
2-PB1,1647,1062,0,0,0,1062,A
2-PB1,1648,0,1055,0,0,1055,T
2-PB1,1649,1,1050,0,0,1051,T
2-PB1,1650,0,0,1050,0,1050,G
2-PB1,1651,0,1019,0,3,1022,T
2-PB1,1652,0,1020,0,2,1022,T
2-PB1,1653,9,2,0,1013,1024,C
2-PB1,1654,1021,1,1,1,1024,A
2-PB1,1655,1,1022,0,1,1024,T
2-PB1,1656,1,0,0,1024,1025,C
2-PB1,1657,1031,0,0,0,1031,A
2-PB1,1658,1028,0,1,0,1029,A
2-PB1,1659,1024,0,1,1,1026,A
2-PB1,1660,0,0,1059,0,1059,G
2-PB1,1661,1061,0,1,0,1062,A
2-PB1,1662,0,1072,0,0,1072,T
2-PB1,1663,0,1074,0,0,1074,T
2-PB1,1664,1077,0,0,0,1077,A
2-PB1,1665,0,0,12,1087,1099,C
2-PB1,1666,1095,0,0,0,1095,A
2-PB1,1667,0,2,1105,0,1107,G
2-PB1,1668,1091,0,1,0,1092,A
2-PB1,1669,0,1097,0,0,1097,T
2-PB1,1670,1103,0,0,0,1103,A
2-PB1,1671,0,0,0,1166,1166,C
2-PB1,1672,1181,0,2,1,1184,A
2-PB1,1673,0,1,0,1271,1272,C
2-PB1,1674,1249,1,2,0,1252,A
2-PB1,1675,0,1259,0,1,1260,T
2-PB1,1676,1244,0,1,0,1245,A
2-PB1,1677,0,1246,0,0,1246,T
2-PB1,1678,1212,0,0,0,1212,A
2-PB1,1679,0,3,1216,0,1219,G
2-PB1,1680,0,0,1208,0,1208,G
2-PB1,1681,0,1144,0,0,1144,T
2-PB1,1682,0,0,1125,0,1125,G
2-PB1,1683,0,0,0,1155,1155,C
2-PB1,1684,4,0,0,1151,1155,C
2-PB1,1685,1168,0,0,1,1169,A
2-PB1,1686,0,1169,0,0,1169,T
2-PB1,1687,1173,0,0,0,1173,A
2-PB1,1688,0,1,1171,0,1172,G
2-PB1,1689,1146,0,1,0,1147,A
2-PB1,1690,0,0,1151,0,1151,G
2-PB1,1691,0,1,1149,0,1150,G
2-PB1,1692,1114,0,2,0,1116,A
2-PB1,1693,1,1,1118,0,1120,G
2-PB1,1694,1110,0,1,0,1111,A
2-PB1,1695,1,1,0,1109,1111,C
2-PB1,1696,1112,0,1,0,1113,A
2-PB1,1697,1,0,0,1123,1124,C
2-PB1,1698,1120,0,1,0,1121,A
2-PB1,1699,0,2,0,1121,1123,C
2-PB1,1700,1116,0,1,0,1117,A
2-PB1,1701,1119,0,1,0,1120,A
2-PB1,1702,1128,1,0,0,1129,A
2-PB1,1703,0,1126,0,0,1126,T
2-PB1,1704,1,0,0,1129,1130,C
2-PB1,1705,2,0,0,1124,1126,C
2-PB1,1706,1116,0,0,0,1116,A
2-PB1,1707,0,4,1111,0,1115,G
2-PB1,1708,1118,0,0,0,1118,A
2-PB1,1709,0,1,0,1123,1124,C
2-PB1,1710,0,7,1112,0,1119,G
2-PB1,1711,1113,1,0,0,1114,A
2-PB1,1712,0,1,1115,0,1116,G
2-PB1,1713,1115,1,0,0,1116,A
2-PB1,1714,1113,0,0,0,1113,A
2-PB1,1715,1,3,1118,0,1122,G
2-PB1,1716,1112,0,2,0,1114,A
2-PB1,1717,0,1110,0,0,1110,T
2-PB1,1718,3,0,0,1102,1105,C
2-PB1,1719,1108,1,0,0,1109,A
2-PB1,1720,0,1101,0,1,1102,T
2-PB1,1721,0,1103,0,0,1103,T
2-PB1,1722,2,1,0,1102,1105,C
2-PB1,1723,1,2,1101,0,1104,G
2-PB1,1724,1093,0,2,0,1095,A
2-PB1,1725,1,2,1099,0,1102,G
2-PB1,1726,1095,0,0,0,1095,A
2-PB1,1727,0,1138,0,0,1138,T
2-PB1,1728,1141,0,0,0,1141,A
2-PB1,1729,1143,0,0,0,1143,A
2-PB1,1730,1141,0,1,0,1142,A
2-PB1,1731,2,1,1150,0,1153,G
2-PB1,1732,1151,0,1,0,1152,A
2-PB1,1733,1131,0,0,0,1131,A
2-PB1,1734,0,0,1138,0,1138,G
2-PB1,1735,0,0,0,1136,1136,C
2-PB1,1736,0,1132,1,0,1133,T
2-PB1,1737,0,0,1138,0,1138,G
2-PB1,1738,0,1133,0,0,1133,T
2-PB1,1739,0,2,1122,0,1124,G
2-PB1,1740,1,1,1131,0,1133,G
2-PB1,1741,0,4,1140,1,1145,G
2-PB1,1742,1152,0,0,0,1152,A
2-PB1,1743,0,1146,0,0,1146,T
2-PB1,1744,4,0,0,1136,1140,C
2-PB1,1745,1141,0,0,0,1141,A
2-PB1,1746,1137,0,1,0,1138,A
2-PB1,1747,1145,0,0,0,1145,A
2-PB1,1748,0,0,0,1141,1141,C
2-PB1,1749,2,0,0,1135,1137,C
2-PB1,1750,3,0,0,1129,1132,C
2-PB1,1751,1131,0,0,0,1131,A
2-PB1,1752,1145,0,2,0,1147,A
2-PB1,1753,0,1145,1,0,1146,T
2-PB1,1754,4,0,0,1149,1153,C
2-PB1,1755,1142,0,0,0,1142,A
2-PB1,1756,1136,0,1,0,1137,A
2-PB1,1757,0,5,1141,0,1146,G
2-PB1,1758,0,1,1136,0,1137,G
2-PB1,1759,1,0,1135,0,1136,G
2-PB1,1760,0,0,0,1137,1137,C
2-PB1,1761,1124,2,0,0,1126,A
2-PB1,1762,0,1,1165,0,1166,G
2-PB1,1763,0,0,1173,1,1174,G
2-PB1,1764,1180,0,0,0,1180,A
2-PB1,1765,0,1,0,1194,1195,C
2-PB1,1766,0,1174,0,0,1174,T
2-PB1,1767,1205,0,2,0,1207,A
2-PB1,1768,0,1204,0,0,1204,T
2-PB1,1769,0,1205,0,1,1206,T
2-PB1,1770,0,8,1195,0,1203,G
2-PB1,1771,1,1,1219,0,1221,G
2-PB1,1772,0,1202,0,1,1203,T
2-PB1,1773,1201,0,0,0,1201,A
2-PB1,1774,0,1185,0,2,1187,T
2-PB1,1775,3,1,0,1186,1190,C
2-PB1,1776,1170,0,0,0,1170,A
2-PB1,1777,0,0,1183,0,1183,G
2-PB1,1778,1179,0,0,0,1179,A
2-PB1,1779,2,1173,0,0,1175,T
2-PB1,1780,0,1,1135,0,1136,G
2-PB1,1781,0,2,1125,0,1127,G
2-PB1,1782,0,1,1124,0,1125,G
2-PB1,1783,0,1,1136,0,1137,G
2-PB1,1784,0,4,1140,0,1144,G
2-PB1,1785,1137,1,1,0,1139,A
2-PB1,1786,0,0,0,1129,1129,C
2-PB1,1787,1,2,0,1128,1131,C
2-PB1,1788,1131,0,0,0,1131,A
2-PB1,1789,1219,0,0,1,1220,A
2-PB1,1790,1223,1,1,0,1225,A
2-PB1,1791,1,1,0,1256,1258,C
2-PB1,1792,0,1249,0,0,1249,T
2-PB1,1793,0,1250,0,0,1250,T
2-PB1,1794,1250,1,2,0,1253,A
2-PB1,1795,0,1252,0,0,1252,T
2-PB1,1796,1254,1,3,0,1258,A
2-PB1,1797,0,0,0,1261,1261,C
2-PB1,1798,1154,0,12,0,1166,A
2-PB1,1799,1171,0,1,0,1172,A
2-PB1,1800,0,1150,0,0,1150,T
2-PB1,1801,1165,0,0,0,1165,A
2-PB1,1802,0,1160,0,0,1160,T
2-PB1,1803,2,0,1,1157,1160,C
2-PB1,1804,0,0,0,1159,1159,C
2-PB1,1805,0,1,1159,0,1160,G
2-PB1,1806,0,3,1153,0,1156,G
2-PB1,1807,1161,0,0,0,1161,A
2-PB1,1808,1161,0,0,0,1161,A
2-PB1,1809,0,1163,0,0,1163,T
2-PB1,1810,2,0,0,1175,1177,C
2-PB1,1811,0,1172,0,1,1173,T
2-PB1,1812,0,1175,0,2,1177,T
2-PB1,1813,3,0,0,1173,1176,C
2-PB1,1814,1174,0,6,0,1180,A
2-PB1,1815,0,0,0,1181,1181,C
2-PB1,1816,1170,0,1,0,1171,A
2-PB1,1817,1,1267,0,0,1268,T
2-PB1,1818,0,0,0,1270,1270,C
2-PB1,1819,4,0,0,1274,1278,C
2-PB1,1820,3,1,0,1286,1290,C
2-PB1,1821,0,1286,0,3,1289,T
2-PB1,1822,1,1,1286,0,1288,G
2-PB1,1823,1290,0,1,0,1291,A
2-PB1,1824,1288,0,4,0,1292,A
2-PB1,1825,0,2,1289,0,1291,G
2-PB1,1826,0,1215,0,5,1220,T
2-PB1,1827,2,0,0,1221,1223,C
2-PB1,1828,0,1199,0,0,1199,T
2-PB1,1829,0,0,1217,0,1217,G
2-PB1,1830,1,0,0,1213,1214,C
2-PB1,1831,0,1218,0,0,1218,T
2-PB1,1832,0,1222,0,0,1222,T
2-PB1,1833,1221,0,0,0,1221,A
2-PB1,1834,1218,1,0,0,1219,A
2-PB1,1835,1217,0,2,1,1220,A
2-PB1,1836,1176,1,4,3,1184,A
2-PB1,1837,0,1187,0,1,1188,T
2-PB1,1838,0,4,1182,0,1186,G
2-PB1,1839,1,0,1186,0,1187,G
2-PB1,1840,1,3,1188,0,1192,G
2-PB1,1841,1186,0,2,0,1188,A
2-PB1,1842,0,0,1189,0,1189,G
2-PB1,1843,4,0,0,1182,1186,C
2-PB1,1844,0,1188,0,2,1190,T
2-PB1,1845,2,5,1185,0,1192,G
2-PB1,1846,1188,0,3,0,1191,A
2-PB1,1847,0,1189,0,1,1190,T
2-PB1,1848,1,0,1197,0,1198,G
2-PB1,1849,1,3,1186,0,1190,G
2-PB1,1850,1193,0,0,0,1193,A
2-PB1,1851,0,1194,0,0,1194,T
2-PB1,1852,0,4,1187,0,1191,G
2-PB1,1853,1187,0,0,0,1187,A
2-PB1,1854,0,1,1200,0,1201,G
2-PB1,1855,1198,1,2,0,1201,A
2-PB1,1856,1201,0,0,0,1201,A
2-PB1,1857,0,1188,0,5,1193,T
2-PB1,1858,0,1182,0,0,1182,T
2-PB1,1859,1188,0,1,0,1189,A
2-PB1,1860,0,1189,0,0,1189,T
2-PB1,1861,1,2,0,1184,1187,C
2-PB1,1862,0,0,1188,0,1188,G
2-PB1,1863,0,2,1168,1,1171,G
2-PB1,1864,0,1,1162,0,1163,G
2-PB1,1865,0,2,1169,0,1171,G
2-PB1,1866,1164,1,0,0,1165,A
2-PB1,1867,1167,0,0,0,1167,A
2-PB1,1868,0,5,1166,0,1171,G
2-PB1,1869,1189,0,2,0,1191,A
2-PB1,1870,0,0,0,1200,1200,C
2-PB1,1871,0,1179,0,1,1180,T
2-PB1,1872,0,1202,0,0,1202,T
2-PB1,1873,0,1199,0,0,1199,T
2-PB1,1874,0,1,1217,0,1218,G
2-PB1,1875,0,1218,0,0,1218,T
2-PB1,1876,1210,0,1,0,1211,A
2-PB1,1877,1205,0,1,0,1206,A
2-PB1,1878,0,1190,0,1,1191,T
2-PB1,1879,1,1,0,1190,1192,C
2-PB1,1880,0,0,0,1186,1186,C
2-PB1,1881,1,6,0,1170,1177,C
2-PB1,1882,2,1,0,1186,1189,C
2-PB1,1883,0,1183,0,1,1184,T
2-PB1,1884,0,2,1181,0,1183,G
2-PB1,1885,1180,3,0,0,1183,A
2-PB1,1886,1188,0,0,0,1188,A
2-PB1,1887,0,1187,0,2,1189,T
2-PB1,1888,4,0,0,1174,1178,C
2-PB1,1889,1,0,0,1165,1166,C
2-PB1,1890,4,1,0,1160,1165,C
2-PB1,1891,0,1166,0,2,1168,T
2-PB1,1892,0,1168,0,1,1169,T
2-PB1,1893,0,1163,0,0,1163,T
2-PB1,1894,2,1,1161,0,1164,G
2-PB1,1895,0,1160,0,1,1161,T
2-PB1,1896,2,0,0,1158,1160,C
2-PB1,1897,1141,0,2,0,1143,A
2-PB1,1898,0,0,1164,0,1164,G
2-PB1,1899,2,1,0,1153,1156,C
2-PB1,1900,3,0,0,1155,1158,C
2-PB1,1901,1162,0,0,0,1162,A
2-PB1,1902,0,1163,0,0,1163,T
2-PB1,1903,1163,0,0,0,1163,A
2-PB1,1904,1164,0,1,0,1165,A
2-PB1,1905,1162,0,1,1,1164,A
2-PB1,1906,0,1,1189,0,1190,G
2-PB1,1907,1157,0,0,0,1157,A
2-PB1,1908,1160,0,0,0,1160,A
2-PB1,1909,1161,0,1,0,1162,A
2-PB1,1910,0,1157,0,2,1159,T
2-PB1,1911,0,1155,0,0,1155,T
2-PB1,1912,0,3,1152,0,1155,G
2-PB1,1913,1142,0,0,0,1142,A
2-PB1,1914,0,0,1160,0,1160,G
2-PB1,1915,0,1153,0,1,1154,T
2-PB1,1916,5,0,0,1162,1167,C
2-PB1,1917,1,1158,0,1,1160,T
2-PB1,1918,0,0,1198,0,1198,G
2-PB1,1919,0,1197,0,1,1198,T
2-PB1,1920,1213,0,1,0,1214,A
2-PB1,1921,1208,0,1,0,1209,A
2-PB1,1922,1214,1,1,0,1216,A
2-PB1,1923,0,0,0,1216,1216,C
2-PB1,1924,1166,0,0,0,1166,A
2-PB1,1925,1188,0,0,0,1188,A
2-PB1,1926,0,1188,0,0,1188,T
2-PB1,1927,0,2,1174,0,1176,G
2-PB1,1928,0,0,0,1184,1184,C
2-PB1,1929,1,1177,0,0,1178,T
2-PB1,1930,2,1,1215,0,1218,G
2-PB1,1931,1,1215,0,0,1216,T
2-PB1,1932,1238,0,0,0,1238,A
2-PB1,1933,0,0,1243,1,1244,G
2-PB1,1934,0,1213,0,1,1214,T
2-PB1,1935,1203,1,0,0,1204,A
2-PB1,1936,1199,0,0,1,1200,A
2-PB1,1937,0,1192,0,0,1192,T
2-PB1,1938,0,1,1190,0,1191,G
2-PB1,1939,0,0,0,1170,1170,C
2-PB1,1940,2,1,0,1154,1157,C
2-PB1,1941,1122,0,1,1,1124,A
2-PB1,1942,2,0,1143,0,1145,G
2-PB1,1943,0,0,0,1165,1165,C
2-PB1,1944,1,0,0,1167,1168,C
2-PB1,1945,1,0,0,1162,1163,C
2-PB1,1946,1160,1,0,1,1162,A
2-PB1,1947,0,1160,0,0,1160,T
2-PB1,1948,1,2,1160,0,1163,G
2-PB1,1949,0,0,1171,0,1171,G
2-PB1,1950,0,1165,0,0,1165,T
2-PB1,1951,0,0,0,1134,1134,C
2-PB1,1952,2,0,0,1124,1126,C
2-PB1,1953,1,1108,0,5,1114,T
2-PB1,1954,1,1,1137,0,1139,G
2-PB1,1955,0,0,1,1133,1134,C
2-PB1,1956,3,0,0,1136,1139,C
2-PB1,1957,1138,0,0,0,1138,A
2-PB1,1958,1131,0,0,0,1131,A
2-PB1,1959,1131,0,0,0,1131,A
2-PB1,1960,1138,0,0,0,1138,A
2-PB1,1961,0,1,1154,0,1155,G
2-PB1,1962,0,1138,0,0,1138,T
2-PB1,1963,1139,0,0,0,1139,A
2-PB1,1964,0,1140,0,0,1140,T
2-PB1,1965,1,2,1136,0,1139,G
2-PB1,1966,0,3,1167,0,1170,G
2-PB1,1967,1158,0,0,2,1160,A
2-PB1,1968,1177,0,0,1,1178,A
2-PB1,1969,0,1170,0,0,1170,T
2-PB1,1970,1150,0,2,0,1152,A
2-PB1,1971,0,1151,0,1,1152,T
2-PB1,1972,0,2,1141,0,1143,G
2-PB1,1973,1139,0,1,1,1141,A
2-PB1,1974,0,1140,0,1,1141,T
2-PB1,1975,0,3,1100,0,1103,G
2-PB1,1976,0,2,0,1098,1100,C
2-PB1,1977,2,2,0,1079,1083,C
2-PB1,1978,0,0,1082,0,1082,G
2-PB1,1979,0,1082,0,0,1082,T
2-PB1,1980,0,1085,0,0,1085,T
2-PB1,1981,0,0,1083,0,1083,G
2-PB1,1982,1,0,0,1103,1104,C
2-PB1,1983,1102,0,1,0,1103,A
2-PB1,1984,1122,0,0,0,1122,A
2-PB1,1985,0,0,0,1125,1125,C
2-PB1,1986,1,1110,0,0,1111,T
2-PB1,1987,1108,0,0,0,1108,A
2-PB1,1988,1,0,0,1107,1108,C
2-PB1,1989,1106,0,1,0,1107,A
2-PB1,1990,0,1,0,1106,1107,C
2-PB1,1991,1072,0,0,0,1072,A
2-PB1,1992,0,1,0,1144,1145,C
2-PB1,1993,0,1123,1,0,1124,T
2-PB1,1994,1,1,0,1129,1131,C
2-PB1,1995,0,0,0,1133,1133,C
2-PB1,1996,0,1120,0,1,1121,T
2-PB1,1997,0,1,1120,0,1121,G
2-PB1,1998,0,2,1115,0,1117,G
2-PB1,1999,1117,0,0,0,1117,A
2-PB1,2000,0,1118,0,0,1118,T
2-PB1,2001,0,1025,1,0,1026,T
2-PB1,2002,2,1,0,1041,1044,C
2-PB1,2003,4,0,1,1036,1041,C
2-PB1,2004,4,1,0,1042,1047,C
2-PB1,2005,1048,0,1,1,1050,A
2-PB1,2006,1047,0,1,1,1049,A
2-PB1,2007,0,1,1049,0,1050,G
2-PB1,2008,1043,1,2,0,1046,A
2-PB1,2009,1,1,1036,0,1038,G
2-PB1,2010,0,2,1045,1,1048,G
2-PB1,2011,1030,0,0,0,1030,A
2-PB1,2012,1029,0,0,0,1029,A
2-PB1,2013,0,1,0,1030,1031,C
2-PB1,2014,1,0,0,1031,1032,C
2-PB1,2015,0,0,1045,0,1045,G
2-PB1,2016,0,0,0,1047,1047,C
2-PB1,2017,1,1036,0,3,1040,T
2-PB1,2018,3,0,0,1048,1051,C
2-PB1,2019,0,1043,0,0,1043,T
2-PB1,2020,1112,0,0,0,1112,A
2-PB1,2021,0,1112,0,1,1113,T
2-PB1,2022,0,1115,0,0,1115,T
2-PB1,2023,5,0,0,1107,1112,C
2-PB1,2024,0,1080,0,0,1080,T
2-PB1,2025,1082,0,0,0,1082,A
2-PB1,2026,1082,0,0,0,1082,A
2-PB1,2027,1085,0,0,0,1085,A
2-PB1,2028,1,0,0,1087,1088,C
2-PB1,2029,1005,0,0,0,1005,A
2-PB1,2030,0,0,0,1005,1005,C
2-PB1,2031,992,0,0,0,992,A
2-PB1,2032,997,0,0,1,998,A
2-PB1,2033,0,0,1003,0,1003,G
2-PB1,2034,1,1,0,997,999,C
2-PB1,2035,3,0,0,1000,1003,C
2-PB1,2036,999,1,0,0,1000,A
2-PB1,2037,997,0,1,0,998,A
2-PB1,2038,995,0,0,0,995,A
2-PB1,2039,0,5,1014,0,1019,G
2-PB1,2040,0,0,1019,0,1019,G
2-PB1,2041,1,0,992,0,993,G
2-PB1,2042,1,3,996,0,1000,G
2-PB1,2043,998,0,0,0,998,A
2-PB1,2044,999,0,0,0,999,A
2-PB1,2045,1,1007,0,0,1008,T
2-PB1,2046,0,1007,1,0,1008,T
2-PB1,2047,2,0,0,1006,1008,C
2-PB1,2048,0,1004,0,0,1004,T
2-PB1,2049,0,1003,1,1,1005,T
2-PB1,2050,2,1,1004,0,1007,G
2-PB1,2051,1003,0,3,0,1006,A
2-PB1,2052,0,0,1007,0,1007,G
2-PB1,2053,0,1,1005,0,1006,G
2-PB1,2054,998,0,0,0,998,A
2-PB1,2055,0,1001,0,0,1001,T
2-PB1,2056,0,3,1000,0,1003,G
2-PB1,2057,1002,1,0,0,1003,A
2-PB1,2058,997,0,4,0,1001,A
2-PB1,2059,0,0,0,1006,1006,C
2-PB1,2060,998,1,1,0,1000,A
2-PB1,2061,0,1,1017,0,1018,G
2-PB1,2062,1014,0,1,0,1015,A
2-PB1,2063,0,1014,0,1,1015,T
2-PB1,2064,1,0,1019,0,1020,G
2-PB1,2065,0,1039,1,0,1040,T
2-PB1,2066,1041,0,3,0,1044,A
2-PB1,2067,0,1,0,1045,1046,C
2-PB1,2068,3,1,0,1035,1039,C
2-PB1,2069,1027,0,2,0,1029,A
2-PB1,2070,0,2,1015,1,1018,G
2-PB1,2071,1009,0,0,0,1009,A
2-PB1,2072,1002,0,1,0,1003,A
2-PB1,2073,0,0,1010,0,1010,G
2-PB1,2074,0,952,0,0,952,T
2-PB1,2075,1,0,949,0,950,G
2-PB1,2076,0,0,0,949,949,C
2-PB1,2077,0,953,0,0,953,T
2-PB1,2078,2,1,950,0,953,G
2-PB1,2079,0,0,0,951,951,C
2-PB1,2080,948,0,1,0,949,A
2-PB1,2081,952,0,0,0,952,A
2-PB1,2082,0,1,0,935,936,C
2-PB1,2083,0,933,0,1,934,T
2-PB1,2084,0,921,0,0,921,T
2-PB1,2085,0,0,921,0,921,G
2-PB1,2086,0,917,0,2,919,T
2-PB1,2087,0,917,0,0,917,T
2-PB1,2088,6,0,0,913,919,C
2-PB1,2089,1,1,918,0,920,G
2-PB1,2090,914,0,1,0,915,A
2-PB1,2091,0,1,918,0,919,G
2-PB1,2092,914,0,1,0,915,A
2-PB1,2093,915,0,1,0,916,A
2-PB1,2094,916,0,0,0,916,A
2-PB1,2095,0,911,0,1,912,T
2-PB1,2096,0,913,0,0,913,T
2-PB1,2097,0,913,0,0,913,T
2-PB1,2098,0,908,1,1,910,T
2-PB1,2099,1,912,0,0,913,T
2-PB1,2100,1,1,0,915,917,C
2-PB1,2101,2,1,0,910,913,C
2-PB1,2102,2,1,0,911,914,C
2-PB1,2103,0,907,0,2,909,T
2-PB1,2104,906,0,0,0,906,A
2-PB1,2105,0,0,915,1,916,G
2-PB1,2106,0,913,0,2,915,T
2-PB1,2107,917,0,1,0,918,A
2-PB1,2108,0,0,920,0,920,G
2-PB1,2109,0,908,0,1,909,T
2-PB1,2110,0,921,0,1,922,T
2-PB1,2111,5,0,0,920,925,C
2-PB1,2112,939,0,0,0,939,A
2-PB1,2113,0,941,0,1,942,T
2-PB1,2114,942,0,0,0,942,A
2-PB1,2115,0,942,0,0,942,T
2-PB1,2116,905,1,0,0,906,A
2-PB1,2117,0,0,902,0,902,G
2-PB1,2118,0,2,891,0,893,G
2-PB1,2119,790,0,2,0,792,A
2-PB1,2120,0,1,788,0,789,G
2-PB1,2121,754,0,0,0,754,A
2-PB1,2122,1,0,0,754,755,C
2-PB1,2123,3,1,0,721,725,C
2-PB1,2124,0,0,727,0,727,G
2-PB1,2125,723,0,1,0,724,A
2-PB1,2126,0,721,0,1,722,T
2-PB1,2127,0,723,0,0,723,T
2-PB1,2128,0,0,718,0,718,G
2-PB1,2129,0,3,714,1,718,G
2-PB1,2130,720,0,0,0,720,A
2-PB1,2131,718,0,0,0,718,A
2-PB1,2132,0,709,0,1,710,T
2-PB1,2133,0,718,0,0,718,T
2-PB1,2134,1,714,0,0,715,T
2-PB1,2135,2,0,0,715,717,C
2-PB1,2136,0,718,0,0,718,T
2-PB1,2137,717,0,0,0,717,A
2-PB1,2138,0,0,716,0,716,G
2-PB1,2139,0,0,0,712,712,C
2-PB1,2140,714,0,0,0,714,A
2-PB1,2141,0,711,0,0,711,T
2-PB1,2142,0,0,701,0,701,G
2-PB1,2143,1,0,716,0,717,G
2-PB1,2144,0,712,0,0,712,T
2-PB1,2145,1,4,708,0,713,G
2-PB1,2146,0,0,711,0,711,G
2-PB1,2147,697,0,0,0,697,A
2-PB1,2148,0,0,697,0,697,G
2-PB1,2149,0,0,692,0,692,G
2-PB1,2150,0,0,0,694,694,C
2-PB1,2151,3,0,0,682,685,C
2-PB1,2152,645,0,2,0,647,A
2-PB1,2153,0,644,0,1,645,T
2-PB1,2154,0,2,648,0,650,G
2-PB1,2155,0,0,655,0,655,G
2-PB1,2156,0,640,0,0,640,T
2-PB1,2157,0,0,642,0,642,G
2-PB1,2158,0,630,0,0,630,T
2-PB1,2159,5,0,0,626,631,C
2-PB1,2160,0,631,0,1,632,T
2-PB1,2161,624,0,0,0,624,A
2-PB1,2162,0,0,626,0,626,G
2-PB1,2163,0,2,609,0,611,G
2-PB1,2164,0,0,602,0,602,G
2-PB1,2165,1,1,0,590,592,C
2-PB1,2166,1,0,0,561,562,C
2-PB1,2167,0,0,0,555,555,C
2-PB1,2168,0,0,554,0,554,G
2-PB1,2169,0,0,556,0,556,G
2-PB1,2170,556,0,0,0,556,A
2-PB1,2171,0,554,0,0,554,T
2-PB1,2172,0,536,0,0,536,T
2-PB1,2173,0,0,536,0,536,G
2-PB1,2174,534,0,0,0,534,A
2-PB1,2175,1,535,0,0,536,T
2-PB1,2176,0,0,535,0,535,G
2-PB1,2177,1,0,0,527,528,C
2-PB1,2178,1,0,0,523,524,C
2-PB1,2179,523,0,0,0,523,A
2-PB1,2180,0,1,521,0,522,G
2-PB1,2181,520,0,0,0,520,A
2-PB1,2182,521,0,0,0,521,A
2-PB1,2183,1,515,0,1,517,T
2-PB1,2184,0,502,0,0,502,T
2-PB1,2185,0,3,499,0,502,G
2-PB1,2186,501,0,0,0,501,A
2-PB1,2187,0,0,0,499,499,C
2-PB1,2188,1,495,0,0,496,T
2-PB1,2189,0,495,0,1,496,T
2-PB1,2190,0,0,0,491,491,C
2-PB1,2191,1,2,487,0,490,G
2-PB1,2192,486,0,3,0,489,A
2-PB1,2193,0,0,478,0,478,G
2-PB1,2194,0,483,0,0,483,T
2-PB1,2195,2,0,0,484,486,C
2-PB1,2196,0,486,0,0,486,T
2-PB1,2197,2,0,484,0,486,G
2-PB1,2198,0,0,485,0,485,G
2-PB1,2199,487,0,0,0,487,A
2-PB1,2200,448,0,1,0,449,A
2-PB1,2201,0,3,448,0,451,G
2-PB1,2202,0,0,455,0,455,G
2-PB1,2203,458,0,0,0,458,A
2-PB1,2204,0,453,0,1,454,T
2-PB1,2205,0,455,0,0,455,T
2-PB1,2206,452,0,1,0,453,A
2-PB1,2207,453,1,0,0,454,A
2-PB1,2208,0,0,452,0,452,G
2-PB1,2209,452,0,0,0,452,A
2-PB1,2210,426,0,0,0,426,A
2-PB1,2211,0,0,393,0,393,G
2-PB1,2212,0,1,389,0,390,G
2-PB1,2213,391,0,0,0,391,A
2-PB1,2214,389,0,2,0,391,A
2-PB1,2215,0,1,391,0,392,G
2-PB1,2216,365,0,1,0,366,A
2-PB1,2217,0,0,369,0,369,G
2-PB1,2218,0,353,0,0,353,T
2-PB1,2219,0,348,0,1,349,T
2-PB1,2220,1,0,0,353,354,C
2-PB1,2221,0,346,0,0,346,T
2-PB1,2222,1,0,0,344,345,C
2-PB1,2223,0,342,0,2,344,T
2-PB1,2224,0,1,343,0,344,G
2-PB1,2225,336,0,2,0,338,A
2-PB1,2226,0,1,333,0,334,G
2-PB1,2227,330,0,0,0,330,A
2-PB1,2228,0,324,0,0,324,T
2-PB1,2229,1,0,0,304,305,C
2-PB1,2230,305,0,0,0,305,A
2-PB1,2231,0,305,0,1,306,T
2-PB1,2232,0,0,306,0,306,G
2-PB1,2233,306,0,0,0,306,A
2-PB1,2234,305,0,0,0,305,A
2-PB1,2235,0,1,301,0,302,G
2-PB1,2236,292,0,0,0,292,A
2-PB1,2237,0,290,0,0,290,T
2-PB1,2238,0,0,0,289,289,C
2-PB1,2239,0,271,0,0,271,T
2-PB1,2240,0,0,274,0,274,G
2-PB1,2241,0,272,0,0,272,T
2-PB1,2242,0,273,0,0,273,T
2-PB1,2243,3,0,0,269,272,C
2-PB1,2244,0,0,0,264,264,C
2-PB1,2245,261,0,0,0,261,A
2-PB1,2246,0,0,0,262,262,C
2-PB1,2247,0,0,0,258,258,C
2-PB1,2248,251,0,0,0,251,A
2-PB1,2249,0,238,0,0,238,T
2-PB1,2250,0,229,0,0,229,T
2-PB1,2251,0,0,229,0,229,G
2-PB1,2252,227,0,1,0,228,A
2-PB1,2253,226,0,0,1,227,A
2-PB1,2254,0,0,226,0,226,G
2-PB1,2255,200,0,0,0,200,A
2-PB1,2256,200,0,0,0,200,A
2-PB1,2257,0,0,0,199,199,C
2-PB1,2258,0,191,0,0,191,T
2-PB1,2259,0,0,0,192,192,C
2-PB1,2260,183,0,0,0,183,A
2-PB1,2261,0,0,183,0,183,G
2-PB1,2262,182,1,0,0,183,A
2-PB1,2263,0,0,0,175,175,C
2-PB1,2264,0,0,170,0,170,G
2-PB1,2265,0,0,162,0,162,G
2-PB1,2266,0,0,0,162,162,C
2-PB1,2267,160,0,1,0,161,A
2-PB1,2268,162,0,0,0,162,A
2-PB1,2269,160,0,0,0,160,A
2-PB1,2270,161,0,0,0,161,A
2-PB1,2271,160,0,0,0,160,A
2-PB1,2272,0,159,0,0,159,T
2-PB1,2273,149,0,0,0,149,A
2-PB1,2274,147,0,0,0,147,A
3-PA,1,18,0,0,0,18,A
3-PA,2,0,18,0,0,18,T
3-PA,3,0,0,19,0,19,G
3-PA,4,0,0,20,0,20,G
3-PA,5,20,0,0,0,20,A
3-PA,6,20,0,0,0,20,A
3-PA,7,0,0,20,0,20,G
3-PA,8,20,0,0,0,20,A
3-PA,9,0,20,0,0,20,T
3-PA,10,0,20,0,0,20,T
3-PA,11,0,20,0,0,20,T
3-PA,12,0,20,0,0,20,T
3-PA,13,0,0,22,0,22,G
3-PA,14,0,22,0,0,22,T
3-PA,15,0,0,22,0,22,G
3-PA,16,0,0,0,23,23,C
3-PA,17,0,0,23,0,23,G
3-PA,18,27,0,0,0,27,A
3-PA,19,0,0,0,27,27,C
3-PA,20,27,0,0,0,27,A
3-PA,21,27,0,0,0,27,A
3-PA,22,0,27,0,0,27,T
3-PA,23,0,0,30,0,30,G
3-PA,24,0,0,0,31,31,C
3-PA,25,0,31,0,0,31,T
3-PA,26,0,31,0,0,31,T
3-PA,27,0,0,0,31,31,C
3-PA,28,31,0,0,0,31,A
3-PA,29,34,0,0,0,34,A
3-PA,30,0,0,0,36,36,C
3-PA,31,0,0,0,36,36,C
3-PA,32,0,0,0,36,36,C
3-PA,33,0,0,36,0,36,G
3-PA,34,36,0,0,0,36,A
3-PA,35,0,36,0,0,36,T
3-PA,36,0,0,36,0,36,G
3-PA,37,35,0,0,0,35,A
3-PA,38,0,39,0,0,39,T
3-PA,39,0,39,0,0,39,T
3-PA,40,0,0,39,0,39,G
3-PA,41,0,39,0,0,39,T
3-PA,42,0,0,0,39,39,C
3-PA,43,0,0,39,0,39,G
3-PA,44,39,0,0,0,39,A
3-PA,45,39,0,0,0,39,A
3-PA,46,0,0,0,40,40,C
3-PA,47,0,41,0,0,41,T
3-PA,48,0,41,0,0,41,T
3-PA,49,0,0,40,0,40,G
3-PA,50,0,0,0,41,41,C
3-PA,51,41,0,0,0,41,A
3-PA,52,0,0,43,0,43,G
3-PA,53,43,0,0,0,43,A
3-PA,54,42,1,0,0,43,A
3-PA,55,43,0,0,0,43,A
3-PA,56,43,0,0,0,43,A
3-PA,57,43,0,0,0,43,A
3-PA,58,0,0,44,0,44,G
3-PA,59,0,0,0,47,47,C
3-PA,60,47,0,0,0,47,A
3-PA,61,49,0,0,0,49,A
3-PA,62,0,50,0,0,50,T
3-PA,63,0,1,51,0,52,G
3-PA,64,52,0,0,0,52,A
3-PA,65,51,0,0,0,51,A
3-PA,66,52,0,0,0,52,A
3-PA,67,0,0,54,0,54,G
3-PA,68,58,0,0,0,58,A
3-PA,69,0,0,68,0,68,G
3-PA,70,0,68,0,0,68,T
3-PA,71,69,0,0,0,69,A
3-PA,72,0,69,0,0,69,T
3-PA,73,1,0,70,0,71,G
3-PA,74,0,0,72,0,72,G
3-PA,75,0,1,71,0,72,G
3-PA,76,0,0,72,0,72,G
3-PA,77,71,0,0,0,71,A
3-PA,78,0,0,71,0,71,G
3-PA,79,0,1,71,0,72,G
3-PA,80,72,0,0,0,72,A
3-PA,81,0,71,0,0,71,T
3-PA,82,0,0,0,72,72,C
3-PA,83,0,70,0,0,70,T
3-PA,84,0,0,70,0,70,G
3-PA,85,70,0,0,0,70,A
3-PA,86,70,0,0,0,70,A
3-PA,87,69,0,0,0,69,A
3-PA,88,68,0,0,0,68,A
3-PA,89,0,69,0,0,69,T
3-PA,90,0,69,0,0,69,T
3-PA,91,0,1,68,0,69,G
3-PA,92,69,0,0,0,69,A
3-PA,93,68,0,0,0,68,A
3-PA,94,69,0,0,0,69,A
3-PA,95,0,0,0,68,68,C
3-PA,96,68,0,0,0,68,A
3-PA,97,69,0,0,0,69,A
3-PA,98,69,0,0,0,69,A
3-PA,99,0,0,0,69,69,C
3-PA,100,69,0,0,0,69,A
3-PA,101,69,0,0,0,69,A
3-PA,102,69,0,0,0,69,A
3-PA,103,1,68,0,0,69,T
3-PA,104,0,68,0,0,68,T
3-PA,105,0,69,0,0,69,T
3-PA,106,0,0,69,0,69,G
3-PA,107,0,0,0,69,69,C
3-PA,108,69,0,0,0,69,A
3-PA,109,0,0,71,0,71,G
3-PA,110,0,0,0,71,71,C
3-PA,111,75,0,0,0,75,A
3-PA,112,76,0,0,0,76,A
3-PA,113,0,77,0,0,77,T
3-PA,114,79,0,0,0,79,A
3-PA,115,0,79,0,0,79,T
3-PA,116,2,0,79,0,81,G
3-PA,117,0,0,0,81,81,C
3-PA,118,82,0,0,0,82,A
3-PA,119,0,0,0,81,81,C
3-PA,120,0,82,0,0,82,T
3-PA,121,0,0,0,94,94,C
3-PA,122,95,0,0,0,95,A
3-PA,123,0,0,0,99,99,C
3-PA,124,0,99,0,0,99,T
3-PA,125,0,99,0,0,99,T
3-PA,126,0,0,100,0,100,G
3-PA,127,0,0,99,0,99,G
3-PA,128,98,0,0,0,98,A
3-PA,129,0,0,104,0,104,G
3-PA,130,0,0,101,0,101,G
3-PA,131,0,97,0,1,98,T
3-PA,132,0,0,103,0,103,G
3-PA,133,0,102,0,0,102,T
3-PA,134,0,0,103,0,103,G
3-PA,135,0,104,0,0,104,T
3-PA,136,0,104,0,0,104,T
3-PA,137,0,104,0,0,104,T
3-PA,138,0,0,0,103,103,C
3-PA,139,103,0,0,0,103,A
3-PA,140,0,103,0,0,103,T
3-PA,141,0,0,103,0,103,G
3-PA,142,0,104,0,0,104,T
3-PA,143,106,0,0,0,106,A
3-PA,144,0,106,0,0,106,T
3-PA,145,0,105,0,0,105,T
3-PA,146,0,0,0,107,107,C
3-PA,147,106,1,0,0,107,A
3-PA,148,0,0,107,0,107,G
3-PA,149,107,0,0,0,107,A
3-PA,150,0,105,0,0,105,T
3-PA,151,0,105,0,0,105,T
3-PA,152,0,105,0,0,105,T
3-PA,153,0,0,0,105,105,C
3-PA,154,0,0,0,108,108,C
3-PA,155,108,0,0,0,108,A
3-PA,156,0,109,0,0,109,T
3-PA,157,0,109,0,0,109,T
3-PA,158,0,109,0,0,109,T
3-PA,159,0,0,0,108,108,C
3-PA,160,106,0,0,0,106,A
3-PA,161,0,109,0,0,109,T
3-PA,162,0,0,0,110,110,C
3-PA,163,111,0,0,0,111,A
3-PA,164,111,0,0,0,111,A
3-PA,165,0,110,0,0,110,T
3-PA,166,0,0,113,0,113,G
3-PA,167,113,0,0,0,113,A
3-PA,168,113,0,0,0,113,A
3-PA,169,0,1,0,111,112,C
3-PA,170,113,0,0,0,113,A
3-PA,171,114,0,0,0,114,A
3-PA,172,0,0,115,0,115,G
3-PA,173,0,0,115,0,115,G
3-PA,174,0,1,0,113,114,C
3-PA,175,0,0,111,0,111,G
3-PA,176,118,0,0,0,118,A
3-PA,177,118,0,0,0,118,A
3-PA,178,0,117,0,0,117,T
3-PA,179,1,0,0,120,121,C
3-PA,180,122,0,0,0,122,A
3-PA,181,123,0,0,0,123,A
3-PA,182,0,125,0,0,125,T
3-PA,183,125,0,0,0,125,A
3-PA,184,0,0,129,0,129,G
3-PA,185,0,130,0,0,130,T
3-PA,186,0,0,131,0,131,G
3-PA,187,0,0,132,0,132,G
3-PA,188,0,132,0,0,132,T
3-PA,189,131,0,1,0,132,A
3-PA,190,0,0,135,0,135,G
3-PA,191,135,0,0,0,135,A
3-PA,192,136,0,0,0,136,A
3-PA,193,0,0,0,136,136,C
3-PA,194,0,135,0,0,135,T
3-PA,195,0,135,0,0,135,T
3-PA,196,0,0,134,0,134,G
3-PA,197,134,0,0,1,135,A
3-PA,198,0,0,0,134,134,C
3-PA,199,0,0,134,0,134,G
3-PA,200,133,0,0,0,133,A
3-PA,201,0,135,0,0,135,T
3-PA,202,1,0,0,136,137,C
3-PA,203,0,0,0,136,136,C
3-PA,204,137,0,0,0,137,A
3-PA,205,136,0,0,0,136,A
3-PA,206,139,0,0,0,139,A
3-PA,207,0,138,0,0,138,T
3-PA,208,0,0,139,0,139,G
3-PA,209,0,0,1,137,138,C
3-PA,210,137,0,0,0,137,A
3-PA,211,0,0,0,141,141,C
3-PA,212,0,140,0,0,140,T
3-PA,213,0,0,169,0,169,G
3-PA,214,0,168,0,1,169,T
3-PA,215,0,169,0,0,169,T
3-PA,216,169,0,0,0,169,A
3-PA,217,169,0,0,0,169,A
3-PA,218,169,0,0,0,169,A
3-PA,219,0,0,168,0,168,G
3-PA,220,1,0,0,165,166,C
3-PA,221,163,0,0,0,163,A
3-PA,222,0,0,0,164,164,C
3-PA,223,161,0,0,0,161,A
3-PA,224,0,0,172,0,172,G
3-PA,225,172,0,0,0,172,A
3-PA,226,0,172,0,0,172,T
3-PA,227,0,171,0,0,171,T
3-PA,228,0,172,0,0,172,T
3-PA,229,0,2,170,0,172,G
3-PA,230,171,0,0,0,171,A
3-PA,231,172,0,0,0,172,A
3-PA,232,173,0,0,0,173,A
3-PA,233,0,171,0,0,171,T
3-PA,234,173,0,0,0,173,A
3-PA,235,174,0,0,0,174,A
3-PA,236,0,172,0,0,172,T
3-PA,237,0,0,0,173,173,C
3-PA,238,0,0,174,0,174,G
3-PA,239,171,0,0,0,171,A
3-PA,240,0,0,174,0,174,G
3-PA,241,0,2,175,0,177,G
3-PA,242,0,1,177,0,178,G
3-PA,243,0,0,177,0,177,G
3-PA,244,178,0,0,0,178,A
3-PA,245,0,0,179,0,179,G
3-PA,246,180,0,0,0,180,A
3-PA,247,0,0,182,0,182,G
3-PA,248,181,0,0,0,181,A
3-PA,249,0,0,0,182,182,C
3-PA,250,181,0,1,0,182,A
3-PA,251,0,0,184,0,184,G
3-PA,252,184,0,0,0,184,A
3-PA,253,187,0,0,0,187,A
3-PA,254,0,1,0,186,187,C
3-PA,255,182,0,0,0,182,A
3-PA,256,182,0,0,0,182,A
3-PA,257,0,182,0,0,182,T
3-PA,258,0,0,188,0,188,G
3-PA,259,0,0,190,0,190,G
3-PA,260,1,0,0,188,189,C
3-PA,261,0,1,0,184,185,C
3-PA,262,0,187,0,0,187,T
3-PA,263,0,0,189,0,189,G
3-PA,264,0,0,190,0,190,G
3-PA,265,190,0,0,0,190,A
3-PA,266,0,0,0,194,194,C
3-PA,267,191,0,0,0,191,A
3-PA,268,0,0,209,0,209,G
3-PA,269,0,211,0,0,211,T
3-PA,270,216,0,0,0,216,A
3-PA,271,0,0,216,0,216,G
3-PA,272,0,210,0,0,210,T
3-PA,273,210,0,0,0,210,A
3-PA,274,210,0,0,0,210,A
3-PA,275,209,0,0,0,209,A
3-PA,276,0,0,0,213,213,C
3-PA,277,197,0,0,0,197,A
3-PA,278,0,0,207,0,207,G
3-PA,279,0,202,0,0,202,T
3-PA,280,212,0,0,0,212,A
3-PA,281,0,214,0,0,214,T
3-PA,282,1,0,0,216,217,C
3-PA,283,0,217,0,0,217,T
3-PA,284,0,0,217,0,217,G
3-PA,285,0,0,0,218,218,C
3-PA,286,217,0,0,0,217,A
3-PA,287,218,0,0,0,218,A
3-PA,288,1,0,0,220,221,C
3-PA,289,221,0,0,0,221,A
3-PA,290,0,0,0,229,229,C
3-PA,291,0,228,0,0,228,T
3-PA,292,227,0,0,0,227,A
3-PA,293,0,0,0,228,228,C
3-PA,294,0,227,0,0,227,T
3-PA,295,0,0,227,0,227,G
3-PA,296,0,0,229,0,229,G
3-PA,297,229,0,0,0,229,A
3-PA,298,0,0,228,0,228,G
3-PA,299,0,0,0,220,220,C
3-PA,300,1,218,0,0,219,T
3-PA,301,0,1,218,0,219,G
3-PA,302,0,0,216,0,216,G
3-PA,303,0,0,218,0,218,G
3-PA,304,219,0,0,0,219,A
3-PA,305,219,0,0,0,219,A
3-PA,306,220,0,0,0,220,A
3-PA,307,1,0,0,222,223,C
3-PA,308,0,0,0,223,223,C
3-PA,309,0,0,223,0,223,G
3-PA,310,223,0,0,0,223,A
3-PA,311,224,0,0,0,224,A
3-PA,312,0,0,225,0,225,G
3-PA,313,0,225,0,0,225,T
3-PA,314,1,222,0,1,224,T
3-PA,315,0,224,0,0,224,T
3-PA,316,0,0,0,224,224,C
3-PA,317,0,223,0,1,224,T
3-PA,318,224,0,0,0,224,A
3-PA,319,0,0,0,219,219,C
3-PA,320,1,0,0,222,223,C
3-PA,321,221,0,0,0,221,A
3-PA,322,0,0,225,0,225,G
3-PA,323,225,0,0,0,225,A
3-PA,324,0,225,0,0,225,T
3-PA,325,0,223,0,2,225,T
3-PA,326,0,224,0,0,224,T
3-PA,327,0,0,226,0,226,G
3-PA,328,0,226,0,0,226,T
3-PA,329,226,0,0,0,226,A
3-PA,330,0,227,0,0,227,T
3-PA,331,0,1,223,0,224,G
3-PA,332,237,0,0,0,237,A
3-PA,333,0,239,0,0,239,T
3-PA,334,0,238,0,0,238,T
3-PA,335,239,0,0,0,239,A
3-PA,336,0,1,0,235,236,C
3-PA,337,238,0,0,0,238,A
3-PA,338,238,0,0,0,238,A
3-PA,339,0,0,236,0,236,G
3-PA,340,0,2,237,0,239,G
3-PA,341,224,0,0,0,224,A
3-PA,342,0,1,226,0,227,G
3-PA,343,227,0,0,0,227,A
3-PA,344,225,0,1,0,226,A
3-PA,345,0,1,0,227,228,C
3-PA,346,226,0,0,0,226,A
3-PA,347,0,0,227,0,227,G
3-PA,348,226,0,0,0,226,A
3-PA,349,0,224,0,1,225,T
3-PA,350,0,224,0,0,224,T
3-PA,351,1,0,0,219,220,C
3-PA,352,220,0,0,0,220,A
3-PA,353,0,216,0,2,218,T
3-PA,354,1,0,0,218,219,C
3-PA,355,0,0,219,0,219,G
3-PA,356,221,0,0,0,221,A
3-PA,357,221,0,0,0,221,A
3-PA,358,221,0,0,0,221,A
3-PA,359,0,220,0,0,220,T
3-PA,360,0,220,0,0,220,T
3-PA,361,0,1,220,0,221,G
3-PA,362,0,0,223,0,223,G
3-PA,363,0,1,221,0,222,G
3-PA,364,0,0,222,0,222,G
3-PA,365,0,221,0,0,221,T
3-PA,366,0,2,220,0,222,G
3-PA,367,221,0,0,0,221,A
3-PA,368,0,0,0,224,224,C
3-PA,369,223,0,0,0,223,A
3-PA,370,224,0,0,0,224,A
3-PA,371,0,1,229,0,230,G
3-PA,372,0,1,229,0,230,G
3-PA,373,230,0,0,0,230,A
3-PA,374,0,0,230,0,230,G
3-PA,375,223,0,0,0,223,A
3-PA,376,0,1,222,0,223,G
3-PA,377,222,0,0,0,222,A
3-PA,378,224,0,0,0,224,A
3-PA,379,0,0,232,0,232,G
3-PA,380,0,227,0,1,228,T
3-PA,381,0,0,0,235,235,C
3-PA,382,0,0,0,237,237,C
3-PA,383,237,0,0,0,237,A
3-PA,384,0,0,0,240,240,C
3-PA,385,243,0,0,0,243,A
3-PA,386,0,246,0,0,246,T
3-PA,387,253,0,0,0,253,A
3-PA,388,0,246,0,0,246,T
3-PA,389,246,0,0,0,246,A
3-PA,390,0,242,0,0,242,T
3-PA,391,0,240,0,0,240,T
3-PA,392,252,0,1,0,253,A
3-PA,393,0,0,0,254,254,C
3-PA,394,2,0,0,241,243,C
3-PA,395,0,239,0,0,239,T
3-PA,396,0,232,0,0,232,T
3-PA,397,0,0,232,0,232,G
3-PA,398,228,0,0,0,228,A
3-PA,399,0,0,220,0,220,G
3-PA,400,216,0,1,0,217,A
3-PA,401,220,0,0,0,220,A
3-PA,402,0,0,223,0,223,G
3-PA,403,0,0,220,0,220,G
3-PA,404,1,0,0,221,222,C
3-PA,405,0,0,0,224,224,C
3-PA,406,223,0,0,0,223,A
3-PA,407,224,0,0,0,224,A
3-PA,408,0,224,0,0,224,T
3-PA,409,224,0,0,0,224,A
3-PA,410,224,0,0,0,224,A
3-PA,411,0,0,224,0,224,G
3-PA,412,222,0,0,0,222,A
3-PA,413,0,223,0,0,223,T
3-PA,414,0,224,0,0,224,T
3-PA,415,222,1,1,0,224,A
3-PA,416,225,0,0,0,225,A
3-PA,417,226,0,0,0,226,A
3-PA,418,0,227,0,0,227,T
3-PA,419,0,0,0,228,228,C
3-PA,420,0,219,0,1,220,T
3-PA,421,0,1,220,0,221,G
3-PA,422,222,0,0,0,222,A
3-PA,423,0,2,221,0,223,G
3-PA,424,224,0,0,0,224,A
3-PA,425,223,0,2,0,225,A
3-PA,426,0,0,0,226,226,C
3-PA,427,224,0,0,0,224,A
3-PA,428,0,0,0,225,225,C
3-PA,429,224,0,0,0,224,A
3-PA,430,0,0,0,228,228,C
3-PA,431,225,0,0,0,225,A
3-PA,432,0,0,0,224,224,C
3-PA,433,225,0,0,0,225,A
3-PA,434,0,226,0,0,226,T
3-PA,435,0,224,0,0,224,T
3-PA,436,0,0,0,225,225,C
3-PA,437,224,0,0,0,224,A
3-PA,438,0,0,0,228,228,C
3-PA,439,225,0,0,0,225,A
3-PA,440,0,224,0,0,224,T
3-PA,441,0,221,0,0,221,T
3-PA,442,0,226,0,0,226,T
3-PA,443,0,225,0,0,225,T
3-PA,444,0,0,0,229,229,C
3-PA,445,0,227,0,0,227,T
3-PA,446,2,0,0,224,226,C
3-PA,447,225,0,0,0,225,A
3-PA,448,0,224,0,0,224,T
3-PA,449,0,226,0,0,226,T
3-PA,450,0,0,0,227,227,C
3-PA,451,223,0,0,0,223,A
3-PA,452,0,0,0,226,226,C
3-PA,453,0,225,0,0,225,T
3-PA,454,0,0,225,0,225,G
3-PA,455,0,0,225,0,225,G
3-PA,456,220,0,0,0,220,A
3-PA,457,0,0,224,0,224,G
3-PA,458,223,0,1,0,224,A
3-PA,459,0,0,227,0,227,G
3-PA,460,0,0,226,0,226,G
3-PA,461,227,0,0,0,227,A
3-PA,462,227,0,0,0,227,A
3-PA,463,222,0,0,0,222,A
3-PA,464,0,218,0,0,218,T
3-PA,465,0,0,220,0,220,G
3-PA,466,0,0,220,0,220,G
3-PA,467,0,0,0,220,220,C
3-PA,468,0,0,0,219,219,C
3-PA,469,221,0,0,0,221,A
3-PA,470,0,0,0,221,221,C
3-PA,471,221,0,0,0,221,A
3-PA,472,223,0,0,0,223,A
3-PA,473,222,0,0,0,222,A
3-PA,474,0,1,223,0,224,G
3-PA,475,0,0,224,0,224,G
3-PA,476,0,0,0,224,224,C
3-PA,477,223,0,0,0,223,A
3-PA,478,0,2,225,0,227,G
3-PA,479,224,0,0,0,224,A
3-PA,480,0,0,0,226,226,C
3-PA,481,0,223,0,1,224,T
3-PA,482,227,0,0,0,227,A
3-PA,483,0,0,0,226,226,C
3-PA,484,222,0,0,0,222,A
3-PA,485,0,0,0,224,224,C
3-PA,486,0,218,0,0,218,T
3-PA,487,1,0,0,219,220,C
3-PA,488,0,218,0,0,218,T
3-PA,489,2,0,0,210,212,C
3-PA,490,0,1,212,0,213,G
3-PA,491,212,0,0,0,212,A
3-PA,492,0,0,0,212,212,C
3-PA,493,0,0,216,0,216,G
3-PA,494,213,0,0,0,213,A
3-PA,495,0,1,214,0,215,G
3-PA,496,0,0,214,0,214,G
3-PA,497,213,0,0,0,213,A
3-PA,498,214,0,1,0,215,A
3-PA,499,214,0,0,0,214,A
3-PA,500,0,0,213,0,213,G
3-PA,501,0,0,0,213,213,C
3-PA,502,213,0,0,0,213,A
3-PA,503,0,1,216,0,217,G
3-PA,504,1,1,219,0,221,G
3-PA,505,0,0,221,0,221,G
3-PA,506,0,1,0,221,222,C
3-PA,507,0,219,0,1,220,T
3-PA,508,219,0,0,0,219,A
3-PA,509,0,1,221,0,222,G
3-PA,510,0,2,226,0,228,G
3-PA,511,231,0,0,0,231,A
3-PA,512,0,227,0,0,227,T
3-PA,513,0,225,0,0,225,T
3-PA,514,226,0,0,0,226,A
3-PA,515,225,0,0,0,225,A
3-PA,516,0,1,226,0,227,G
3-PA,517,226,0,0,0,226,A
3-PA,518,0,0,0,226,226,C
3-PA,519,0,0,0,198,198,C
3-PA,520,199,0,0,0,199,A
3-PA,521,0,0,205,0,205,G
3-PA,522,0,0,203,1,204,G
3-PA,523,0,0,0,204,204,C
3-PA,524,2,202,0,1,205,T
3-PA,525,0,203,0,0,203,T
3-PA,526,0,205,0,0,205,T
3-PA,527,0,206,0,0,206,T
3-PA,528,0,206,0,0,206,T
3-PA,529,206,0,0,0,206,A
3-PA,530,0,0,0,206,206,C
3-PA,531,0,0,0,204,204,C
3-PA,532,204,0,0,0,204,A
3-PA,533,0,204,0,0,204,T
3-PA,534,203,0,0,0,203,A
3-PA,535,203,0,0,0,203,A
3-PA,536,0,1,205,0,206,G
3-PA,537,205,0,0,0,205,A
3-PA,538,0,0,0,205,205,C
3-PA,539,205,0,0,0,205,A
3-PA,540,204,0,0,0,204,A
3-PA,541,0,0,206,0,206,G
3-PA,542,205,0,0,0,205,A
3-PA,543,204,0,0,0,204,A
3-PA,544,202,0,0,0,202,A
3-PA,545,0,195,0,0,195,T
3-PA,546,0,3,193,0,196,G
3-PA,547,0,0,197,0,197,G
3-PA,548,0,0,0,195,195,C
3-PA,549,0,0,0,194,194,C
3-PA,550,194,1,0,0,195,A
3-PA,551,197,0,0,0,197,A
3-PA,552,0,0,0,197,197,C
3-PA,553,195,0,0,0,195,A
3-PA,554,0,0,195,0,195,G
3-PA,555,190,0,0,0,190,A
3-PA,556,0,0,195,0,195,G
3-PA,557,0,0,192,0,192,G
3-PA,558,0,0,0,196,196,C
3-PA,559,0,0,0,196,196,C
3-PA,560,0,193,0,0,193,T
3-PA,561,193,0,0,0,193,A
3-PA,562,0,193,0,0,193,T
3-PA,563,0,0,194,0,194,G
3-PA,564,0,0,194,0,194,G
3-PA,565,0,0,187,0,187,G
3-PA,566,178,0,0,0,178,A
3-PA,567,0,176,0,1,177,T
3-PA,568,0,169,0,0,169,T
3-PA,569,0,0,0,222,222,C
3-PA,570,0,1,0,214,215,C
3-PA,571,0,217,0,0,217,T
3-PA,572,0,218,0,0,218,T
3-PA,573,0,215,0,0,215,T
3-PA,574,1,1,0,219,221,C
3-PA,575,1,0,221,0,222,G
3-PA,576,0,222,0,0,222,T
3-PA,577,0,0,0,222,222,C
3-PA,578,217,0,1,0,218,A
3-PA,579,0,0,275,0,275,G
3-PA,580,0,276,0,0,276,T
3-PA,581,0,0,0,275,275,C
3-PA,582,0,0,0,278,278,C
3-PA,583,0,2,279,0,281,G
3-PA,584,280,0,0,0,280,A
3-PA,585,280,0,0,0,280,A
3-PA,586,283,0,0,0,283,A
3-PA,587,0,0,292,0,292,G
3-PA,588,283,0,0,0,283,A
3-PA,589,0,0,291,0,291,G
3-PA,590,0,0,291,0,291,G
3-PA,591,0,0,0,292,292,C
3-PA,592,0,0,290,0,290,G
3-PA,593,292,0,0,0,292,A
3-PA,594,291,0,0,0,291,A
3-PA,595,0,1,294,0,295,G
3-PA,596,298,0,0,0,298,A
3-PA,597,298,0,0,0,298,A
3-PA,598,296,1,1,0,298,A
3-PA,599,0,0,0,302,302,C
3-PA,600,301,0,0,0,301,A
3-PA,601,301,0,0,0,301,A
3-PA,602,0,301,0,0,301,T
3-PA,603,0,301,0,0,301,T
3-PA,604,0,2,300,0,302,G
3-PA,605,301,0,0,0,301,A
3-PA,606,300,0,0,0,300,A
3-PA,607,0,0,302,0,302,G
3-PA,608,300,0,0,0,300,A
3-PA,609,301,0,0,0,301,A
3-PA,610,300,0,0,0,300,A
3-PA,611,301,0,1,0,302,A
3-PA,612,303,0,0,0,303,A
3-PA,613,1,304,0,0,305,T
3-PA,614,0,306,0,0,306,T
3-PA,615,0,306,0,1,307,T
3-PA,616,0,1,303,0,304,G
3-PA,617,306,0,0,0,306,A
3-PA,618,306,0,0,0,306,A
3-PA,619,307,0,0,0,307,A
3-PA,620,1,315,0,0,316,T
3-PA,621,2,0,0,353,355,C
3-PA,622,355,0,0,0,355,A
3-PA,623,0,0,0,360,360,C
3-PA,624,360,0,0,0,360,A
3-PA,625,0,0,373,0,373,G
3-PA,626,1,0,388,0,389,G
3-PA,627,396,0,1,0,397,A
3-PA,628,405,0,0,0,405,A
3-PA,629,0,0,0,411,411,C
3-PA,630,0,402,0,0,402,T
3-PA,631,443,0,0,0,443,A
3-PA,632,0,457,0,1,458,T
3-PA,633,0,1,474,0,475,G
3-PA,634,0,0,0,475,475,C
3-PA,635,0,0,471,0,471,G
3-PA,636,0,473,0,0,473,T
3-PA,637,470,1,0,0,471,A
3-PA,638,0,1,477,0,478,G
3-PA,639,0,0,477,0,477,G
3-PA,640,0,0,0,477,477,C
3-PA,641,0,471,0,1,472,T
3-PA,642,0,467,1,0,468,T
3-PA,643,0,0,468,0,468,G
3-PA,644,0,0,1,468,469,C
3-PA,645,2,0,0,466,468,C
3-PA,646,0,2,474,0,476,G
3-PA,647,477,0,0,0,477,A
3-PA,648,1,0,0,479,480,C
3-PA,649,2,0,0,481,483,C
3-PA,650,483,0,0,0,483,A
3-PA,651,483,0,0,0,483,A
3-PA,652,483,0,0,0,483,A
3-PA,653,0,0,496,0,496,G
3-PA,654,0,498,0,0,498,T
3-PA,655,1,0,0,500,501,C
3-PA,656,0,501,0,0,501,T
3-PA,657,1,0,0,502,503,C
3-PA,658,0,0,0,505,505,C
3-PA,659,2,0,0,504,506,C
3-PA,660,506,0,0,0,506,A
3-PA,661,0,0,0,511,511,C
3-PA,662,1,0,0,508,509,C
3-PA,663,0,3,507,0,510,G
3-PA,664,518,0,0,0,518,A
3-PA,665,514,0,0,0,514,A
3-PA,666,0,0,0,521,521,C
3-PA,667,0,516,0,1,517,T
3-PA,668,0,530,0,1,531,T
3-PA,669,1,0,0,542,543,C
3-PA,670,0,542,0,0,542,T
3-PA,671,1,1,0,541,543,C
3-PA,672,0,0,0,542,542,C
3-PA,673,1,532,0,0,533,T
3-PA,674,0,0,547,0,547,G
3-PA,675,0,0,0,547,547,C
3-PA,676,1,0,0,546,547,C
3-PA,677,0,541,0,1,542,T
3-PA,678,0,536,0,1,537,T
3-PA,679,1,1,540,0,542,G
3-PA,680,541,0,1,0,542,A
3-PA,681,0,0,553,0,553,G
3-PA,682,551,0,0,0,551,A
3-PA,683,553,0,1,0,554,A
3-PA,684,0,561,0,0,561,T
3-PA,685,0,573,0,0,573,T
3-PA,686,0,572,0,0,572,T
3-PA,687,0,574,0,1,575,T
3-PA,688,575,0,0,0,575,A
3-PA,689,1,2,576,0,579,G
3-PA,690,578,0,1,0,579,A
3-PA,691,0,0,607,0,607,G
3-PA,692,0,1,0,602,603,C
3-PA,693,1,1,0,607,609,C
3-PA,694,0,627,0,0,627,T
3-PA,695,666,0,0,0,666,A
3-PA,696,0,669,0,0,669,T
3-PA,697,0,0,674,0,674,G
3-PA,698,0,671,0,2,673,T
3-PA,699,1,1,673,0,675,G
3-PA,700,1,1,674,0,676,G
3-PA,701,676,1,0,0,677,A
3-PA,702,0,674,0,0,674,T
3-PA,703,0,1,663,0,664,G
3-PA,704,0,0,688,0,688,G
3-PA,705,687,0,1,0,688,A
3-PA,706,0,685,0,1,686,T
3-PA,707,0,686,0,0,686,T
3-PA,708,1,1,0,685,687,C
3-PA,709,2,4,685,0,691,G
3-PA,710,690,0,1,0,691,A
3-PA,711,693,0,0,0,693,A
3-PA,712,0,1,0,697,698,C
3-PA,713,2,0,0,679,681,C
3-PA,714,0,3,681,0,684,G
3-PA,715,683,1,0,0,684,A
3-PA,716,684,0,1,0,685,A
3-PA,717,0,0,0,686,686,C
3-PA,718,0,1,681,0,682,G
3-PA,719,0,0,706,0,706,G
3-PA,720,0,0,0,709,709,C
3-PA,721,0,707,0,1,708,T
3-PA,722,0,1,725,0,726,G
3-PA,723,1,0,0,729,730,C
3-PA,724,739,0,0,0,739,A
3-PA,725,0,741,0,0,741,T
3-PA,726,0,734,0,0,734,T
3-PA,727,0,2,732,0,734,G
3-PA,728,718,0,0,0,718,A
3-PA,729,1,1,729,0,731,G
3-PA,730,0,2,726,0,728,G
3-PA,731,0,0,726,0,726,G
3-PA,732,1,1,0,722,724,C
3-PA,733,718,0,0,0,718,A
3-PA,734,723,0,1,0,724,A
3-PA,735,0,0,732,0,732,G
3-PA,736,0,0,0,730,730,C
3-PA,737,0,733,0,0,733,T
3-PA,738,0,728,0,0,728,T
3-PA,739,0,730,0,1,731,T
3-PA,740,0,1,0,732,733,C
3-PA,741,0,734,0,0,734,T
3-PA,742,2,0,0,736,738,C
3-PA,743,738,0,0,0,738,A
3-PA,744,735,0,0,0,735,A
3-PA,745,735,0,0,0,735,A
3-PA,746,0,736,0,0,736,T
3-PA,747,0,0,762,0,762,G
3-PA,748,0,761,0,0,761,T
3-PA,749,4,0,0,765,769,C
3-PA,750,2,0,0,768,770,C
3-PA,751,768,0,0,0,768,A
3-PA,752,769,0,2,0,771,A
3-PA,753,772,0,0,0,772,A
3-PA,754,0,0,788,0,788,G
3-PA,755,786,0,1,0,787,A
3-PA,756,766,0,2,0,768,A
3-PA,757,0,0,772,0,772,G
3-PA,758,1,768,0,3,772,T
3-PA,759,1,0,769,1,771,G
3-PA,760,770,0,1,0,771,A
3-PA,761,774,0,0,0,774,A
3-PA,762,0,773,0,1,774,T
3-PA,763,0,0,776,0,776,G
3-PA,764,0,0,0,776,776,C
3-PA,765,2,0,0,774,776,C
3-PA,766,2,0,0,774,776,C
3-PA,767,784,0,0,0,784,A
3-PA,768,789,0,0,0,789,A
3-PA,769,791,0,0,0,791,A
3-PA,770,0,792,0,0,792,T
3-PA,771,0,788,0,0,788,T
3-PA,772,0,5,781,0,786,G
3-PA,773,780,0,1,0,781,A
3-PA,774,782,0,2,0,784,A
3-PA,775,0,0,0,780,780,C
3-PA,776,0,1,0,783,784,C
3-PA,777,0,775,0,0,775,T
3-PA,778,0,800,0,0,800,T
3-PA,779,0,801,0,0,801,T
3-PA,780,0,815,0,2,817,T
3-PA,781,0,0,0,820,820,C
3-PA,782,1,819,0,0,820,T
3-PA,783,0,0,824,0,824,G
3-PA,784,819,0,0,0,819,A
3-PA,785,832,0,0,0,832,A
3-PA,786,0,2,832,0,834,G
3-PA,787,823,0,1,0,824,A
3-PA,788,0,1,0,826,827,C
3-PA,789,816,0,0,0,816,A
3-PA,790,819,0,2,0,821,A
3-PA,791,0,0,0,898,898,C
3-PA,792,901,0,2,0,903,A
3-PA,793,0,0,0,907,907,C
3-PA,794,2,0,0,902,904,C
3-PA,795,899,0,1,0,900,A
3-PA,796,904,0,0,0,904,A
3-PA,797,1,4,899,0,904,G
3-PA,798,903,0,0,0,903,A
3-PA,799,1,0,0,902,903,C
3-PA,800,1,2,0,842,845,C
3-PA,801,837,0,0,0,837,A
3-PA,802,837,0,0,0,837,A
3-PA,803,0,839,0,0,839,T
3-PA,804,4,0,0,837,841,C
3-PA,805,836,0,0,0,836,A
3-PA,806,835,0,0,0,835,A
3-PA,807,836,0,0,0,836,A
3-PA,808,0,0,0,844,844,C
3-PA,809,0,835,0,0,835,T
3-PA,810,0,837,0,0,837,T
3-PA,811,1,1,0,837,839,C
3-PA,812,0,2,0,845,847,C
3-PA,813,1,7,842,0,850,G
3-PA,814,849,0,0,0,849,A
3-PA,815,854,0,0,0,854,A
3-PA,816,0,852,0,0,852,T
3-PA,817,0,2,839,0,841,G
3-PA,818,0,0,842,0,842,G
3-PA,819,848,0,4,0,852,A
3-PA,820,0,5,0,847,852,C
3-PA,821,1,0,0,852,853,C
3-PA,822,0,877,0,1,878,T
3-PA,823,3,0,0,898,901,C
3-PA,824,3,0,0,903,906,C
3-PA,825,0,901,0,4,905,T
3-PA,826,0,908,0,0,908,T
3-PA,827,1,0,942,0,943,G
3-PA,828,0,930,1,2,933,T
3-PA,829,0,933,0,1,934,T
3-PA,830,931,0,0,0,931,A
3-PA,831,2,896,0,0,898,T
3-PA,832,3,0,0,888,891,C
3-PA,833,873,0,0,1,874,A
3-PA,834,0,0,874,0,874,G
3-PA,835,2,1,0,869,872,C
3-PA,836,0,2,852,0,854,G
3-PA,837,0,0,880,0,880,G
3-PA,838,0,877,0,3,880,T
3-PA,839,1,0,0,880,881,C
3-PA,840,2,2,0,880,884,C
3-PA,841,884,0,1,0,885,A
3-PA,842,887,0,2,0,889,A
3-PA,843,891,0,0,0,891,A
3-PA,844,0,889,0,0,889,T
3-PA,845,0,890,0,0,890,T
3-PA,846,1,3,0,886,890,C
3-PA,847,0,0,0,890,890,C
3-PA,848,0,883,0,1,884,T
3-PA,849,2,0,0,891,893,C
3-PA,850,1,0,0,893,894,C
3-PA,851,0,893,0,0,893,T
3-PA,852,0,1,902,0,903,G
3-PA,853,900,0,0,0,900,A
3-PA,854,1,899,0,0,900,T
3-PA,855,0,3,894,0,897,G
3-PA,856,0,0,889,0,889,G
3-PA,857,890,0,0,0,890,A
3-PA,858,0,885,0,0,885,T
3-PA,859,1,0,877,0,878,G
3-PA,860,0,0,0,927,927,C
3-PA,861,0,923,0,1,924,T
3-PA,862,0,930,0,1,931,T
3-PA,863,0,936,0,0,936,T
3-PA,864,932,0,0,0,932,A
3-PA,865,944,0,0,0,944,A
3-PA,866,944,0,1,0,945,A
3-PA,867,948,0,0,0,948,A
3-PA,868,1,945,0,0,946,T
3-PA,869,0,886,0,0,886,T
3-PA,870,0,5,882,0,887,G
3-PA,871,888,0,0,0,888,A
3-PA,872,0,0,905,0,905,G
3-PA,873,0,1,0,903,904,C
3-PA,874,903,0,0,0,903,A
3-PA,875,1,923,0,0,924,T
3-PA,876,0,917,0,2,919,T
3-PA,877,0,3,916,0,919,G
3-PA,878,921,0,0,0,921,A
3-PA,879,914,0,2,0,916,A
3-PA,880,0,5,909,0,914,G
3-PA,881,907,0,0,0,907,A
3-PA,882,1,0,0,913,914,C
3-PA,883,2,1,0,910,913,C
3-PA,884,2,1,0,901,904,C
3-PA,885,905,0,1,0,906,A
3-PA,886,910,0,3,0,913,A
3-PA,887,0,0,917,0,917,G
3-PA,888,0,920,0,0,920,T
3-PA,889,9,0,0,913,922,C
3-PA,890,920,0,0,0,920,A
3-PA,891,0,0,0,916,916,C
3-PA,892,0,1,914,0,915,G
3-PA,893,940,0,0,0,940,A
3-PA,894,937,0,1,0,938,A
3-PA,895,0,1,961,0,962,G
3-PA,896,0,2,961,0,963,G
3-PA,897,957,0,1,0,958,A
3-PA,898,0,4,963,0,967,G
3-PA,899,963,0,0,0,963,A
3-PA,900,960,0,2,0,962,A
3-PA,901,0,1,960,0,961,G
3-PA,902,0,2,949,0,951,G
3-PA,903,0,0,957,0,957,G
3-PA,904,933,0,1,0,934,A
3-PA,905,1,932,0,2,935,T
3-PA,906,0,0,0,939,939,C
3-PA,907,4,0,0,1001,1005,C
3-PA,908,3,0,0,1023,1026,C
3-PA,909,1042,0,0,0,1042,A
3-PA,910,0,1038,0,0,1038,T
3-PA,911,0,1047,0,0,1047,T
3-PA,912,1058,0,0,0,1058,A
3-PA,913,0,1059,0,0,1059,T
3-PA,914,1057,0,1,0,1058,A
3-PA,915,0,1049,0,1,1050,T
3-PA,916,0,0,961,0,961,G
3-PA,917,960,1,0,0,961,A
3-PA,918,0,945,0,0,945,T
3-PA,919,0,1,946,0,947,G
3-PA,920,0,0,0,938,938,C
3-PA,921,0,4,931,0,935,G
3-PA,922,942,0,0,0,942,A
3-PA,923,0,944,0,0,944,T
3-PA,924,5,0,0,942,947,C
3-PA,925,944,0,0,0,944,A
3-PA,926,934,0,1,0,935,A
3-PA,927,0,0,945,0,945,G
3-PA,928,1,936,0,0,937,T
3-PA,929,0,0,939,0,939,G
3-PA,930,0,1,0,932,933,C
3-PA,931,928,0,4,0,932,A
3-PA,932,0,934,0,0,934,T
3-PA,933,931,1,0,0,932,A
3-PA,934,945,0,0,0,945,A
3-PA,935,945,0,0,0,945,A
3-PA,936,941,0,1,0,942,A
3-PA,937,941,0,0,1,942,A
3-PA,938,0,0,0,943,943,C
3-PA,939,933,0,1,0,934,A
3-PA,940,0,937,0,1,938,T
3-PA,941,0,936,0,0,936,T
3-PA,942,0,0,0,941,941,C
3-PA,943,0,931,0,2,933,T
3-PA,944,0,928,0,0,928,T
3-PA,945,0,929,0,1,930,T
3-PA,946,1,1,929,0,931,G
3-PA,947,0,0,940,0,940,G
3-PA,948,938,0,1,0,939,A
3-PA,949,0,936,0,0,936,T
3-PA,950,0,1,942,0,943,G
3-PA,951,0,0,957,0,957,G
3-PA,952,954,0,1,0,955,A
3-PA,953,956,1,0,0,957,A
3-PA,954,954,0,2,0,956,A
3-PA,955,0,0,956,0,956,G
3-PA,956,953,1,0,0,954,A
3-PA,957,1039,0,0,0,1039,A
3-PA,958,0,0,0,1054,1054,C
3-PA,959,0,1,0,1053,1054,C
3-PA,960,0,1056,0,0,1056,T
3-PA,961,0,1070,0,0,1070,T
3-PA,962,1077,0,0,0,1077,A
3-PA,963,0,1075,0,0,1075,T
3-PA,964,1058,0,10,0,1068,A
3-PA,965,0,1082,0,0,1082,T
3-PA,966,999,0,0,0,999,A
3-PA,967,1,1,1007,0,1009,G
3-PA,968,0,1004,0,0,1004,T
3-PA,969,2,0,0,998,1000,C
3-PA,970,985,0,0,0,985,A
3-PA,971,994,0,1,0,995,A
3-PA,972,987,0,8,0,995,A
3-PA,973,0,0,0,1002,1002,C
3-PA,974,2,0,0,989,991,C
3-PA,975,978,0,1,0,979,A
3-PA,976,0,0,0,980,980,C
3-PA,977,980,0,1,0,981,A
3-PA,978,0,1,0,984,985,C
3-PA,979,0,0,985,0,985,G
3-PA,980,978,0,0,1,979,A
3-PA,981,985,0,0,0,985,A
3-PA,982,981,0,3,0,984,A
3-PA,983,977,0,7,0,984,A
3-PA,984,0,3,988,0,991,G
3-PA,985,0,1,975,0,976,G
3-PA,986,0,1,983,0,984,G
3-PA,987,987,0,0,0,987,A
3-PA,988,985,0,1,0,986,A
3-PA,989,0,984,0,0,984,T
3-PA,990,985,0,1,0,986,A
3-PA,991,982,0,0,0,982,A
3-PA,992,985,1,0,0,986,A
3-PA,993,0,988,0,0,988,T
3-PA,994,0,977,0,0,977,T
3-PA,995,6,1,0,975,982,C
3-PA,996,982,0,0,0,982,A
3-PA,997,986,0,0,0,986,A
3-PA,998,986,0,0,0,986,A
3-PA,999,0,982,0,0,982,T
3-PA,1000,0,992,0,0,992,T
3-PA,1001,992,0,0,0,992,A
3-PA,1002,1,0,0,991,992,C
3-PA,1003,1,1,0,987,989,C
3-PA,1004,0,980,0,0,980,T
3-PA,1005,0,1,989,0,990,G
3-PA,1006,2,0,0,990,992,C
3-PA,1007,0,987,0,1,988,T
3-PA,1008,0,0,1011,0,1011,G
3-PA,1009,0,1012,0,0,1012,T
3-PA,1010,3,0,0,1018,1021,C
3-PA,1011,1019,0,1,0,1020,A
3-PA,1012,0,1018,0,0,1018,T
3-PA,1013,0,1,1018,0,1019,G
3-PA,1014,1,1,1027,0,1029,G
3-PA,1015,1027,0,1,0,1028,A
3-PA,1016,1056,0,0,0,1056,A
3-PA,1017,0,0,1042,0,1042,G
3-PA,1018,0,1,0,1043,1044,C
3-PA,1019,1038,1,0,0,1039,A
3-PA,1020,1041,0,0,0,1041,A
3-PA,1021,0,0,1043,0,1043,G
3-PA,1022,0,1039,0,2,1041,T
3-PA,1023,1033,0,0,0,1033,A
3-PA,1024,0,1,0,1032,1033,C
3-PA,1025,0,1015,0,0,1015,T
3-PA,1026,0,0,1022,0,1022,G
3-PA,1027,0,1013,0,1,1014,T
3-PA,1028,4,0,0,1016,1020,C
3-PA,1029,1014,0,0,0,1014,A
3-PA,1030,0,2,1021,0,1023,G
3-PA,1031,1019,0,1,0,1020,A
3-PA,1032,1023,0,0,0,1023,A
3-PA,1033,0,1039,0,3,1042,T
3-PA,1034,0,1033,0,1,1034,T
3-PA,1035,0,1,1026,0,1027,G
3-PA,1036,1,0,0,1024,1025,C
3-PA,1037,1017,0,1,1,1019,A
3-PA,1038,1,0,1021,0,1022,G
3-PA,1039,0,2,1011,0,1013,G
3-PA,1040,1012,0,0,0,1012,A
3-PA,1041,0,0,0,1014,1014,C
3-PA,1042,0,0,1005,0,1005,G
3-PA,1043,0,1029,0,1,1030,T
3-PA,1044,0,1029,0,2,1031,T
3-PA,1045,0,1,1041,0,1042,G
3-PA,1046,1040,0,2,0,1042,A
3-PA,1047,1041,0,0,0,1041,A
3-PA,1048,1034,0,0,1,1035,A
3-PA,1049,1038,1,0,0,1039,A
3-PA,1050,0,1029,0,0,1029,T
3-PA,1051,1,3,1037,0,1041,G
3-PA,1052,1032,0,3,0,1035,A
3-PA,1053,0,3,1035,0,1038,G
3-PA,1054,0,4,1036,0,1040,G
3-PA,1055,1036,0,0,0,1036,A
3-PA,1056,1,2,1040,0,1043,G
3-PA,1057,1041,0,0,0,1041,A
3-PA,1058,1040,0,0,0,1040,A
3-PA,1059,0,1,1036,0,1037,G
3-PA,1060,0,0,1026,0,1026,G
3-PA,1061,0,1069,0,1,1070,T
3-PA,1062,0,1076,0,0,1076,T
3-PA,1063,0,1,0,1078,1079,C
3-PA,1064,1,0,0,1080,1081,C
3-PA,1065,1078,1,2,0,1081,A
3-PA,1066,1075,0,0,0,1075,A
3-PA,1067,0,0,1083,0,1083,G
3-PA,1068,0,5,1087,0,1092,G
3-PA,1069,1075,0,1,0,1076,A
3-PA,1070,1,1,0,1074,1076,C
3-PA,1071,0,1072,0,1,1073,T
3-PA,1072,1077,0,0,0,1077,A
3-PA,1073,1075,0,0,0,1075,A
3-PA,1074,1073,0,0,0,1073,A
3-PA,1075,1076,0,1,0,1077,A
3-PA,1076,1068,0,1,0,1069,A
3-PA,1077,1,0,0,1060,1061,C
3-PA,1078,1061,0,0,0,1061,A
3-PA,1079,0,1055,0,0,1055,T
3-PA,1080,0,1,1063,0,1064,G
3-PA,1081,1062,0,1,0,1063,A
3-PA,1082,1064,0,0,0,1064,A
3-PA,1083,0,0,1075,0,1075,G
3-PA,1084,1070,0,0,0,1070,A
3-PA,1085,1069,0,0,0,1069,A
3-PA,1086,1066,0,1,0,1067,A
3-PA,1087,1073,0,0,0,1073,A
3-PA,1088,0,0,0,1076,1076,C
3-PA,1089,0,2,1070,0,1072,G
3-PA,1090,1075,0,2,0,1077,A
3-PA,1091,0,0,1074,0,1074,G
3-PA,1092,0,1062,1,0,1063,T
3-PA,1093,9,0,0,1075,1084,C
3-PA,1094,1090,1,0,0,1091,A
3-PA,1095,1114,0,0,0,1114,A
3-PA,1096,0,1,0,1107,1108,C
3-PA,1097,0,1108,0,0,1108,T
3-PA,1098,0,0,1127,0,1127,G
3-PA,1099,1118,1,1,0,1120,A
3-PA,1100,1123,0,1,1,1125,A
3-PA,1101,0,0,1125,0,1125,G
3-PA,1102,0,1100,0,0,1100,T
3-PA,1103,0,3,1103,0,1106,G
3-PA,1104,1,3,1094,0,1098,G
3-PA,1105,0,1,1101,0,1102,G
3-PA,1106,2,0,0,1098,1100,C
3-PA,1107,0,1096,0,1,1097,T
3-PA,1108,4,0,0,1097,1101,C
3-PA,1109,0,1094,0,1,1095,T
3-PA,1110,0,1104,0,0,1104,T
3-PA,1111,1,1,1119,0,1121,G
3-PA,1112,0,1,1119,0,1120,G
3-PA,1113,0,1122,0,0,1122,T
3-PA,1114,2,5,1113,1,1121,G
3-PA,1115,1115,0,1,0,1116,A
3-PA,1116,1119,0,1,0,1120,A
3-PA,1117,1115,1,0,0,1116,A
3-PA,1118,1117,0,0,0,1117,A
3-PA,1119,0,1,1,1115,1117,C
3-PA,1120,1097,0,1,0,1098,A
3-PA,1121,0,1096,0,2,1098,T
3-PA,1122,0,2,1096,0,1098,G
3-PA,1123,0,0,1114,1,1115,G
3-PA,1124,1,0,0,1115,1116,C
3-PA,1125,1118,0,2,0,1120,A
3-PA,1126,0,0,0,1123,1123,C
3-PA,1127,2,1,0,1128,1131,C
3-PA,1128,1147,0,2,0,1149,A
3-PA,1129,0,0,1156,0,1156,G
3-PA,1130,1152,0,2,0,1154,A
3-PA,1131,0,2,1167,0,1169,G
3-PA,1132,1159,0,0,0,1159,A
3-PA,1133,1164,0,0,0,1164,A
3-PA,1134,0,3,1169,0,1172,G
3-PA,1135,0,2,1163,0,1165,G
3-PA,1136,0,1160,0,10,1170,T
3-PA,1137,1158,0,0,0,1158,A
3-PA,1138,0,3,1155,0,1158,G
3-PA,1139,1164,1,0,0,1165,A
3-PA,1140,0,0,0,1166,1166,C
3-PA,1141,0,1151,0,1,1152,T
3-PA,1142,0,1143,0,0,1143,T
3-PA,1143,1,1148,0,0,1149,T
3-PA,1144,0,2,1149,0,1151,G
3-PA,1145,1150,0,1,0,1151,A
3-PA,1146,1151,0,0,0,1151,A
3-PA,1147,1152,0,0,0,1152,A
3-PA,1148,1146,0,0,0,1146,A
3-PA,1149,0,1,0,1171,1172,C
3-PA,1150,1,1162,0,0,1163,T
3-PA,1151,0,1,1178,0,1179,G
3-PA,1152,0,0,0,1176,1176,C
3-PA,1153,1180,0,1,0,1181,A
3-PA,1154,0,1,1176,0,1177,G
3-PA,1155,1177,0,3,0,1180,A
3-PA,1156,0,0,1231,0,1231,G
3-PA,1157,1236,1,0,0,1237,A
3-PA,1158,0,0,0,1225,1225,C
3-PA,1159,1224,0,1,0,1225,A
3-PA,1160,0,1216,0,1,1217,T
3-PA,1161,1218,0,1,0,1219,A
3-PA,1162,1215,1,1,0,1217,A
3-PA,1163,0,0,1218,0,1218,G
3-PA,1164,0,1,0,1214,1215,C
3-PA,1165,1,4,1182,0,1187,G
3-PA,1166,1214,1,1,0,1216,A
3-PA,1167,0,1206,0,1,1207,T
3-PA,1168,0,1204,0,0,1204,T
3-PA,1169,0,1203,0,0,1203,T
3-PA,1170,0,1,1207,0,1208,G
3-PA,1171,1205,0,0,0,1205,A
3-PA,1172,1208,0,1,0,1209,A
3-PA,1173,0,0,1216,0,1216,G
3-PA,1174,0,1,0,1224,1225,C
3-PA,1175,1203,0,1,0,1204,A
3-PA,1176,1282,0,0,1,1283,A
3-PA,1177,0,1282,0,0,1282,T
3-PA,1178,1292,0,0,0,1292,A
3-PA,1179,1,1299,0,0,1300,T
3-PA,1180,0,3,1293,0,1296,G
3-PA,1181,1308,0,1,1,1310,A
3-PA,1182,0,1306,0,0,1306,T
3-PA,1183,1262,0,0,0,1262,A
3-PA,1184,0,0,1269,0,1269,G
3-PA,1185,0,1220,0,2,1222,T
3-PA,1186,0,5,1219,0,1224,G
3-PA,1187,1219,0,1,0,1220,A
3-PA,1188,2,0,0,1211,1213,C
3-PA,1189,1,4,1205,0,1210,G
3-PA,1190,1214,0,0,0,1214,A
3-PA,1191,1213,0,1,0,1214,A
3-PA,1192,0,0,0,1212,1212,C
3-PA,1193,3,0,0,1213,1216,C
3-PA,1194,2,1211,0,0,1213,T
3-PA,1195,1,3,1242,1,1247,G
3-PA,1196,1247,1,0,0,1248,A
3-PA,1197,1251,1,1,0,1253,A
3-PA,1198,0,1245,1,0,1246,T
3-PA,1199,0,1239,0,0,1239,T
3-PA,1200,1237,1,0,0,1238,A
3-PA,1201,1219,0,1,0,1220,A
3-PA,1202,0,0,1229,0,1229,G
3-PA,1203,0,0,1229,0,1229,G
3-PA,1204,0,1200,0,1,1201,T
3-PA,1205,6,0,0,1194,1200,C
3-PA,1206,1202,0,0,0,1202,A
3-PA,1207,0,0,0,1247,1247,C
3-PA,1208,0,1245,1,0,1246,T
3-PA,1209,0,1250,0,1,1251,T
3-PA,1210,0,1253,0,0,1253,T
3-PA,1211,0,0,0,1249,1249,C
3-PA,1212,1248,0,3,0,1251,A
3-PA,1213,1252,0,0,0,1252,A
3-PA,1214,0,0,1278,0,1278,G
3-PA,1215,1,0,0,1279,1280,C
3-PA,1216,0,1260,0,0,1260,T
3-PA,1217,0,1,1297,0,1298,G
3-PA,1218,0,2,1301,0,1303,G
3-PA,1219,1318,0,0,0,1318,A
3-PA,1220,0,1329,0,1,1330,T
3-PA,1221,1329,3,1,0,1333,A
3-PA,1222,2,0,0,1345,1347,C
3-PA,1223,1327,0,0,0,1327,A
3-PA,1224,0,5,1335,0,1340,G
3-PA,1225,1333,0,2,0,1335,A
3-PA,1226,1314,0,1,0,1315,A
3-PA,1227,1,1299,0,0,1300,T
3-PA,1228,0,4,1304,0,1308,G
3-PA,1229,1302,0,0,0,1302,A
3-PA,1230,2,0,1313,0,1315,G
3-PA,1231,0,1308,0,2,1310,T
3-PA,1232,0,1309,1,0,1310,T
3-PA,1233,3,0,0,1327,1330,C
3-PA,1234,1342,0,0,0,1342,A
3-PA,1235,1345,0,1,0,1346,A
3-PA,1236,0,0,0,1347,1347,C
3-PA,1237,1333,0,1,0,1334,A
3-PA,1238,1338,0,0,0,1338,A
3-PA,1239,0,0,1342,0,1342,G
3-PA,1240,0,1,1357,0,1358,G
3-PA,1241,0,0,0,1362,1362,C
3-PA,1242,0,0,0,1360,1360,C
3-PA,1243,0,1347,0,0,1347,T
3-PA,1244,0,0,1357,0,1357,G
3-PA,1245,0,1361,0,0,1361,T
3-PA,1246,0,2,1364,0,1366,G
3-PA,1247,1368,0,1,0,1369,A
3-PA,1248,0,1,1367,0,1368,G
3-PA,1249,0,1,0,1354,1355,C
3-PA,1250,0,1344,0,2,1346,T
3-PA,1251,1376,0,0,0,1376,A
3-PA,1252,1374,1,1,1,1377,A
3-PA,1253,0,0,0,1384,1384,C
3-PA,1254,0,1366,0,1,1367,T
3-PA,1255,1,9,1353,2,1365,G
3-PA,1256,1360,0,0,0,1360,A
3-PA,1257,1,1360,1,0,1362,T
3-PA,1258,0,1362,0,0,1362,T
3-PA,1259,5,0,0,1356,1361,C
3-PA,1260,1380,1,0,0,1381,A
3-PA,1261,1,0,1415,0,1416,G
3-PA,1262,0,1413,0,0,1413,T
3-PA,1263,6,1,0,1405,1412,C
3-PA,1264,0,1404,0,1,1405,T
3-PA,1265,0,5,1460,0,1465,G
3-PA,1266,0,2,1464,0,1466,G
3-PA,1267,1465,0,1,1,1467,A
3-PA,1268,0,1469,0,1,1470,T
3-PA,1269,1399,1,0,0,1400,A
3-PA,1270,0,6,1396,0,1402,G
3-PA,1271,1385,0,2,0,1387,A
3-PA,1272,0,1,1390,0,1391,G
3-PA,1273,0,1,0,1388,1389,C
3-PA,1274,0,1352,0,1,1353,T
3-PA,1275,2,2,0,1352,1356,C
3-PA,1276,1,1,1357,0,1359,G
3-PA,1277,1359,0,0,0,1359,A
3-PA,1278,0,1361,0,0,1361,T
3-PA,1279,2,5,1352,0,1359,G
3-PA,1280,1373,0,0,0,1373,A
3-PA,1281,1373,0,0,0,1373,A
3-PA,1282,1374,0,2,0,1376,A
3-PA,1283,1,1375,0,0,1376,T
3-PA,1284,0,1367,0,0,1367,T
3-PA,1285,1,1,1378,0,1380,G
3-PA,1286,0,6,1373,0,1379,G
3-PA,1287,1374,0,2,0,1376,A
3-PA,1288,0,3,1374,0,1377,G
3-PA,1289,1359,0,1,0,1360,A
3-PA,1290,1,6,1373,0,1380,G
3-PA,1291,0,3,1382,0,1385,G
3-PA,1292,1397,0,2,0,1399,A
3-PA,1293,1,0,0,1401,1402,C
3-PA,1294,1,0,1393,0,1394,G
3-PA,1295,0,1395,0,0,1395,T
3-PA,1296,1401,0,0,0,1401,A
3-PA,1297,0,0,1410,0,1410,G
3-PA,1298,0,0,0,1417,1417,C
3-PA,1299,0,0,0,1408,1408,C
3-PA,1300,2,0,2,1400,1404,C
3-PA,1301,2,0,0,1395,1397,C
3-PA,1302,1404,1,0,0,1405,A
3-PA,1303,1450,0,1,0,1451,A
3-PA,1304,0,1447,0,0,1447,T
3-PA,1305,0,1432,0,0,1432,T
3-PA,1306,0,6,1429,0,1435,G
3-PA,1307,1405,0,2,0,1407,A
3-PA,1308,11,1,1399,0,1411,G
3-PA,1309,0,1,0,1412,1413,C
3-PA,1310,1398,0,1,0,1399,A
3-PA,1311,0,0,0,1433,1433,C
3-PA,1312,1397,0,1,0,1398,A
3-PA,1313,0,1422,0,12,1434,T
3-PA,1314,0,1439,0,0,1439,T
3-PA,1315,2,1,1441,0,1444,G
3-PA,1316,1,0,0,1435,1436,C
3-PA,1317,1433,0,2,0,1435,A
3-PA,1318,1433,0,1,0,1434,A
3-PA,1319,1,1,1436,0,1438,G
3-PA,1320,0,0,0,1424,1424,C
3-PA,1321,1419,0,3,0,1422,A
3-PA,1322,0,1384,0,1,1385,T
3-PA,1323,0,2,1387,0,1389,G
3-PA,1324,1376,0,2,1,1379,A
3-PA,1325,0,1,1385,0,1386,G
3-PA,1326,1379,0,0,0,1379,A
3-PA,1327,1380,0,0,0,1380,A
3-PA,1328,1,0,1382,0,1383,G
3-PA,1329,0,3,1380,0,1383,G
3-PA,1330,1379,0,0,0,1379,A
3-PA,1331,1384,1,0,0,1385,A
3-PA,1332,0,1377,0,3,1380,T
3-PA,1333,0,1383,0,0,1383,T
3-PA,1334,1383,0,0,0,1383,A
3-PA,1335,1,1390,0,0,1391,T
3-PA,1336,0,1387,0,1,1388,T
3-PA,1337,0,1391,0,1,1392,T
3-PA,1338,2,0,0,1371,1373,C
3-PA,1339,1365,0,2,0,1367,A
3-PA,1340,0,1,0,1397,1398,C
3-PA,1341,1394,0,1,0,1395,A
3-PA,1342,2,0,1405,0,1407,G
3-PA,1343,0,0,0,1403,1403,C
3-PA,1344,1391,1,0,0,1392,A
3-PA,1345,0,0,1401,0,1401,G
3-PA,1346,1394,1,1,0,1396,A
3-PA,1347,1,4,1402,0,1407,G
3-PA,1348,0,0,1409,0,1409,G
3-PA,1349,1,1369,0,2,1372,T
3-PA,1350,0,0,1405,0,1405,G
3-PA,1351,1,1398,0,2,1401,T
3-PA,1352,1,1,0,1397,1399,C
3-PA,1353,1,1,1,1410,1413,C
3-PA,1354,3,1,0,1400,1404,C
3-PA,1355,1412,0,1,0,1413,A
3-PA,1356,0,1428,0,0,1428,T
3-PA,1357,0,1415,0,2,1417,T
3-PA,1358,1,0,1424,0,1425,G
3-PA,1359,0,1408,0,0,1408,T
3-PA,1360,1391,0,0,0,1391,A
3-PA,1361,0,2,1389,0,1391,G
3-PA,1362,1342,1,15,0,1358,A
3-PA,1363,1,0,1356,0,1357,G
3-PA,1364,0,0,0,1338,1338,C
3-PA,1365,5,0,0,1324,1329,C
3-PA,1366,1351,2,0,0,1353,A
3-PA,1367,0,0,0,1351,1351,C
3-PA,1368,0,1340,0,0,1340,T
3-PA,1369,1,2,1336,0,1339,G
3-PA,1370,1336,0,1,0,1337,A
3-PA,1371,1316,0,1,0,1317,A
3-PA,1372,1,1339,0,2,1342,T
3-PA,1373,1352,0,0,0,1352,A
3-PA,1374,0,0,0,1360,1360,C
3-PA,1375,1313,0,0,0,1313,A
3-PA,1376,0,1320,0,1,1321,T
3-PA,1377,1310,0,0,0,1310,A
3-PA,1378,1308,0,0,0,1308,A
3-PA,1379,0,1306,0,1,1307,T
3-PA,1380,0,3,1284,0,1287,G
3-PA,1381,1281,0,0,0,1281,A
3-PA,1382,1260,0,0,0,1260,A
3-PA,1383,0,1,1262,0,1263,G
3-PA,1384,0,2,1261,0,1263,G
3-PA,1385,0,3,1271,0,1274,G
3-PA,1386,4,0,1269,0,1273,G
3-PA,1387,0,1,1280,0,1281,G
3-PA,1388,0,1258,0,0,1258,T
3-PA,1389,1261,0,1,0,1262,A
3-PA,1390,0,1270,0,0,1270,T
3-PA,1391,1278,0,0,0,1278,A
3-PA,1392,0,1,0,1387,1388,C
3-PA,1393,1348,0,0,0,1348,A
3-PA,1394,0,1330,0,0,1330,T
3-PA,1395,0,1318,0,1,1319,T
3-PA,1396,1295,0,0,0,1295,A
3-PA,1397,1310,1,0,0,1311,A
3-PA,1398,0,2,0,1310,1312,C
3-PA,1399,1284,0,2,0,1286,A
3-PA,1400,0,0,1,1286,1287,C
3-PA,1401,0,1148,0,2,1150,T
3-PA,1402,0,1,1183,0,1184,G
3-PA,1403,0,0,0,1186,1186,C
3-PA,1404,3,0,0,1179,1182,C
3-PA,1405,2,0,0,1181,1183,C
3-PA,1406,0,1138,0,0,1138,T
3-PA,1407,1,0,1172,0,1173,G
3-PA,1408,0,0,0,1175,1175,C
3-PA,1409,1,1167,0,1,1169,T
3-PA,1410,5,0,0,1186,1191,C
3-PA,1411,1151,1,0,0,1152,A
3-PA,1412,1169,0,0,0,1169,A
3-PA,1413,0,1171,0,1,1172,T
3-PA,1414,0,1,1165,0,1166,G
3-PA,1415,0,0,0,1161,1161,C
3-PA,1416,1127,1,0,0,1128,A
3-PA,1417,0,1124,0,1,1125,T
3-PA,1418,1,0,0,1129,1130,C
3-PA,1419,0,0,0,1141,1141,C
3-PA,1420,0,1089,0,0,1089,T
3-PA,1421,0,0,1110,0,1110,G
3-PA,1422,1,1105,0,0,1106,T
3-PA,1423,0,0,1102,0,1102,G
3-PA,1424,2,0,0,1103,1105,C
3-PA,1425,1083,0,0,0,1083,A
3-PA,1426,0,1,1095,0,1096,G
3-PA,1427,0,0,0,1094,1094,C
3-PA,1428,1076,0,0,0,1076,A
3-PA,1429,1076,0,0,0,1076,A
3-PA,1430,0,1033,0,0,1033,T
3-PA,1431,1,1,1033,0,1035,G
3-PA,1432,0,0,1032,0,1032,G
3-PA,1433,1032,0,0,0,1032,A
3-PA,1434,0,0,0,1029,1029,C
3-PA,1435,0,5,1016,0,1021,G
3-PA,1436,1027,0,0,1,1028,A
3-PA,1437,0,1028,0,0,1028,T
3-PA,1438,0,1026,0,0,1026,T
3-PA,1439,0,1025,0,1,1026,T
3-PA,1440,0,1016,0,3,1019,T
3-PA,1441,1,0,0,1017,1018,C
3-PA,1442,1016,0,1,0,1017,A
3-PA,1443,1018,0,4,0,1022,A
3-PA,1444,0,0,0,1021,1021,C
3-PA,1445,0,1001,0,1,1002,T
3-PA,1446,1001,0,0,0,1001,A
3-PA,1447,998,0,0,0,998,A
3-PA,1448,0,997,0,0,997,T
3-PA,1449,0,996,0,1,997,T
3-PA,1450,3,2,0,992,997,C
3-PA,1451,0,0,0,996,996,C
3-PA,1452,2,0,0,993,995,C
3-PA,1453,999,1,0,0,1000,A
3-PA,1454,0,1013,0,1,1014,T
3-PA,1455,1,0,1015,0,1016,G
3-PA,1456,1017,0,0,0,1017,A
3-PA,1457,0,1009,0,0,1009,T
3-PA,1458,1006,0,1,0,1007,A
3-PA,1459,1009,0,0,0,1009,A
3-PA,1460,0,0,1010,0,1010,G
3-PA,1461,1,0,0,1004,1005,C
3-PA,1462,1003,0,0,0,1003,A
3-PA,1463,970,0,1,0,971,A
3-PA,1464,0,0,982,0,982,G
3-PA,1465,2,971,0,0,973,T
3-PA,1466,0,0,975,0,975,G
3-PA,1467,0,1,0,972,973,C
3-PA,1468,964,0,2,0,966,A
3-PA,1469,0,3,978,0,981,G
3-PA,1470,980,0,0,0,980,A
3-PA,1471,991,0,0,0,991,A
3-PA,1472,0,0,0,994,994,C
3-PA,1473,0,971,0,0,971,T
3-PA,1474,975,0,0,0,975,A
3-PA,1475,974,0,1,0,975,A
3-PA,1476,971,0,1,0,972,A
3-PA,1477,6,0,965,0,971,G
3-PA,1478,923,1,1,0,925,A
3-PA,1479,0,3,923,0,926,G
3-PA,1480,0,0,898,0,898,G
3-PA,1481,0,1,896,0,897,G
3-PA,1482,884,0,0,0,884,A
3-PA,1483,868,1,0,0,869,A
3-PA,1484,0,0,867,0,867,G
3-PA,1485,0,0,869,0,869,G
3-PA,1486,0,0,0,870,870,C
3-PA,1487,0,2,868,0,870,G
3-PA,1488,863,0,0,0,863,A
3-PA,1489,864,0,0,0,864,A
3-PA,1490,863,0,0,0,863,A
3-PA,1491,865,0,0,0,865,A
3-PA,1492,864,0,2,0,866,A
3-PA,1493,0,0,0,866,866,C
3-PA,1494,1,0,0,856,857,C
3-PA,1495,860,0,1,0,861,A
3-PA,1496,867,0,0,0,867,A
3-PA,1497,0,864,0,0,864,T
3-PA,1498,0,861,0,0,861,T
3-PA,1499,0,862,0,0,862,T
3-PA,1500,865,0,0,0,865,A
3-PA,1501,0,862,0,0,862,T
3-PA,1502,858,1,0,0,859,A
3-PA,1503,1,853,0,0,854,T
3-PA,1504,0,3,839,0,842,G
3-PA,1505,0,1,832,0,833,G
3-PA,1506,834,0,0,0,834,A
3-PA,1507,0,829,0,1,830,T
3-PA,1508,1,813,0,1,815,T
3-PA,1509,3,0,0,815,818,C
3-PA,1510,816,0,1,0,817,A
3-PA,1511,0,827,0,0,827,T
3-PA,1512,5,0,0,822,827,C
3-PA,1513,815,1,4,0,820,A
3-PA,1514,0,814,0,1,815,T
3-PA,1515,806,0,0,0,806,A
3-PA,1516,806,0,0,0,806,A
3-PA,1517,806,0,2,0,808,A
3-PA,1518,0,1,805,0,806,G
3-PA,1519,0,1,788,0,789,G
3-PA,1520,0,1,780,0,781,G
3-PA,1521,772,1,1,0,774,A
3-PA,1522,769,0,0,1,770,A
3-PA,1523,0,2,770,0,772,G
3-PA,1524,765,0,0,0,765,A
3-PA,1525,0,763,0,0,763,T
3-PA,1526,1,0,0,760,761,C
3-PA,1527,0,748,0,1,749,T
3-PA,1528,3,0,0,758,761,C
3-PA,1529,761,0,0,0,761,A
3-PA,1530,0,754,0,0,754,T
3-PA,1531,0,759,0,0,759,T
3-PA,1532,0,748,0,0,748,T
3-PA,1533,743,0,0,0,743,A
3-PA,1534,743,0,1,0,744,A
3-PA,1535,0,1,743,0,744,G
3-PA,1536,0,0,748,0,748,G
3-PA,1537,696,0,0,0,696,A
3-PA,1538,697,0,0,0,697,A
3-PA,1539,0,692,2,0,694,T
3-PA,1540,0,4,693,0,697,G
3-PA,1541,702,0,1,0,703,A
3-PA,1542,0,1,0,702,703,C
3-PA,1543,698,0,0,0,698,A
3-PA,1544,0,0,5,694,699,C
3-PA,1545,670,0,0,0,670,A
3-PA,1546,0,0,670,0,670,G
3-PA,1547,672,0,0,0,672,A
3-PA,1548,0,0,0,663,663,C
3-PA,1549,1,0,653,0,654,G
3-PA,1550,0,604,0,1,605,T
3-PA,1551,2,1,601,0,604,G
3-PA,1552,0,0,607,0,607,G
3-PA,1553,0,606,0,0,606,T
3-PA,1554,607,0,0,0,607,A
3-PA,1555,592,0,0,0,592,A
3-PA,1556,596,0,0,0,596,A
3-PA,1557,0,595,0,0,595,T
3-PA,1558,0,581,0,0,581,T
3-PA,1559,0,583,0,0,583,T
3-PA,1560,0,571,0,0,571,T
3-PA,1561,1,0,573,0,574,G
3-PA,1562,0,561,0,0,561,T
3-PA,1563,0,5,555,0,560,G
3-PA,1564,559,0,0,0,559,A
3-PA,1565,0,0,563,0,563,G
3-PA,1566,0,0,0,559,559,C
3-PA,1567,561,0,0,0,561,A
3-PA,1568,1,558,0,0,559,T
3-PA,1569,0,0,558,0,558,G
3-PA,1570,0,1,557,0,558,G
3-PA,1571,559,0,0,0,559,A
3-PA,1572,1,0,561,0,562,G
3-PA,1573,0,545,0,0,545,T
3-PA,1574,1,540,0,1,542,T
3-PA,1575,0,542,0,1,543,T
3-PA,1576,0,543,0,0,543,T
3-PA,1577,2,0,0,541,543,C
3-PA,1578,0,540,0,0,540,T
3-PA,1579,0,0,0,541,541,C
3-PA,1580,0,521,0,2,523,T
3-PA,1581,3,0,0,517,520,C
3-PA,1582,520,0,0,0,520,A
3-PA,1583,0,0,0,520,520,C
3-PA,1584,0,495,0,0,495,T
3-PA,1585,0,1,493,0,494,G
3-PA,1586,493,0,0,0,493,A
3-PA,1587,0,0,0,493,493,C
3-PA,1588,2,0,0,490,492,C
3-PA,1589,5,0,0,477,482,C
3-PA,1590,1,1,479,0,481,G
3-PA,1591,479,0,0,0,479,A
3-PA,1592,0,2,478,0,480,G
3-PA,1593,478,0,1,0,479,A
3-PA,1594,0,0,0,469,469,C
3-PA,1595,0,457,0,0,457,T
3-PA,1596,0,427,0,0,427,T
3-PA,1597,1,1,424,0,426,G
3-PA,1598,425,0,1,0,426,A
3-PA,1599,0,1,426,0,427,G
3-PA,1600,0,0,0,422,422,C
3-PA,1601,1,0,0,393,394,C
3-PA,1602,387,1,0,0,388,A
3-PA,1603,0,0,0,386,386,C
3-PA,1604,388,0,0,0,388,A
3-PA,1605,0,388,0,0,388,T
3-PA,1606,383,0,0,0,383,A
3-PA,1607,383,1,0,0,384,A
3-PA,1608,381,0,0,0,381,A
3-PA,1609,0,380,0,0,380,T
3-PA,1610,0,0,376,0,376,G
3-PA,1611,0,0,329,0,329,G
3-PA,1612,0,0,319,0,319,G
3-PA,1613,313,0,0,0,313,A
3-PA,1614,1,0,309,0,310,G
3-PA,1615,298,0,1,0,299,A
3-PA,1616,296,0,0,0,296,A
3-PA,1617,295,0,0,0,295,A
3-PA,1618,0,290,0,0,290,T
3-PA,1619,276,0,1,0,277,A
3-PA,1620,0,0,0,275,275,C
3-PA,1621,0,160,0,0,160,T
3-PA,1622,0,0,159,0,159,G
3-PA,1623,0,99,1,0,100,T
3-PA,1624,0,0,102,0,102,G
3-PA,1625,0,95,0,0,95,T
3-PA,1626,0,0,0,52,52,C
3-PA,1627,0,0,0,41,41,C
3-PA,1628,0,32,0,0,32,T
3-PA,1629,0,32,0,0,32,T
3-PA,1630,0,0,33,0,33,G
3-PA,1631,34,0,0,0,34,A
3-PA,1632,0,0,34,0,34,G
3-PA,1633,31,0,1,0,32,A
3-PA,1634,0,33,0,0,33,T
3-PA,1635,33,0,0,0,33,A
3-PA,1636,0,0,33,0,33,G
3-PA,1637,0,0,34,0,34,G
3-PA,1638,31,0,0,0,31,A
3-PA,1639,0,0,31,0,31,G
3-PA,1640,31,0,0,0,31,A
3-PA,1641,0,31,0,0,31,T
3-PA,1642,31,0,0,0,31,A
3-PA,1643,0,31,0,0,31,T
3-PA,1644,0,0,31,0,31,G
3-PA,1645,0,31,0,0,31,T
3-PA,1646,0,31,0,0,31,T
3-PA,1647,31,0,0,0,31,A
3-PA,1648,0,0,0,31,31,C
3-PA,1649,0,31,0,0,31,T
3-PA,1650,31,0,0,0,31,A
3-PA,1651,31,0,0,0,31,A
3-PA,1652,0,0,32,0,32,G
3-PA,1653,32,0,0,0,32,A
3-PA,1654,31,0,0,0,31,A
3-PA,1655,0,0,30,0,30,G
3-PA,1656,0,30,0,0,30,T
3-PA,1657,0,0,30,0,30,G
3-PA,1658,0,0,0,30,30,C
3-PA,1659,0,0,0,30,30,C
3-PA,1660,30,0,0,0,30,A
3-PA,1661,0,30,0,0,30,T
3-PA,1662,30,0,0,0,30,A
3-PA,1663,0,0,31,0,31,G
3-PA,1664,0,0,31,0,31,G
3-PA,1665,0,0,0,30,30,C
3-PA,1666,0,0,0,30,30,C
3-PA,1667,30,0,0,0,30,A
3-PA,1668,30,0,0,0,30,A
3-PA,1669,30,0,0,0,30,A
3-PA,1670,0,30,0,0,30,T
3-PA,1671,0,30,0,0,30,T
3-PA,1672,0,30,0,0,30,T
3-PA,1673,0,0,0,28,28,C
3-PA,1674,27,0,0,0,27,A
3-PA,1675,27,0,0,0,27,A
3-PA,1676,0,0,27,0,27,G
3-PA,1677,0,0,26,0,26,G
3-PA,1678,0,0,0,27,27,C
3-PA,1679,0,0,0,27,27,C
3-PA,1680,25,1,0,0,26,A
3-PA,1681,30,0,0,0,30,A
3-PA,1682,0,30,0,0,30,T
3-PA,1683,0,0,30,0,30,G
3-PA,1684,0,30,0,0,30,T
3-PA,1685,0,31,0,0,31,T
3-PA,1686,0,0,0,31,31,C
3-PA,1687,0,31,0,0,31,T
3-PA,1688,0,31,0,0,31,T
3-PA,1689,30,0,0,0,30,A
3-PA,1690,0,31,0,0,31,T
3-PA,1691,31,0,1,0,32,A
3-PA,1692,0,33,0,0,33,T
3-PA,1693,0,0,33,0,33,G
3-PA,1694,0,31,0,0,31,T
3-PA,1695,0,0,31,0,31,G
3-PA,1696,30,0,0,0,30,A
3-PA,1697,0,0,30,0,30,G
3-PA,1698,0,0,30,0,30,G
3-PA,1699,30,0,0,0,30,A
3-PA,1700,0,0,0,30,30,C
3-PA,1701,30,0,0,0,30,A
3-PA,1702,30,0,0,0,30,A
3-PA,1703,30,0,0,0,30,A
3-PA,1704,0,0,0,30,30,C
3-PA,1705,0,0,30,0,30,G
3-PA,1706,0,0,31,0,31,G
3-PA,1707,31,0,0,0,31,A
3-PA,1708,31,0,0,0,31,A
3-PA,1709,0,0,0,31,31,C
3-PA,1710,31,0,0,0,31,A
3-PA,1711,0,31,0,0,31,T
3-PA,1712,0,0,0,31,31,C
3-PA,1713,32,0,0,0,32,A
3-PA,1714,32,0,0,0,32,A
3-PA,1715,32,0,0,0,32,A
3-PA,1716,0,0,32,0,32,G
3-PA,1717,0,0,32,0,32,G
3-PA,1718,0,31,0,0,31,T
3-PA,1719,0,0,0,32,32,C
3-PA,1720,32,0,0,0,32,A
3-PA,1721,32,0,0,0,32,A
3-PA,1722,32,0,0,0,32,A
3-PA,1723,32,0,0,0,32,A
3-PA,1724,0,32,0,0,32,T
3-PA,1725,0,0,33,0,33,G
3-PA,1726,33,0,0,0,33,A
3-PA,1727,33,0,0,0,33,A
3-PA,1728,33,0,0,0,33,A
3-PA,1729,1,32,0,0,33,T
3-PA,1730,0,0,32,0,32,G
3-PA,1731,0,1,32,0,33,G
3-PA,1732,0,0,33,0,33,G
3-PA,1733,0,1,32,0,33,G
3-PA,1734,33,0,0,0,33,A
3-PA,1735,33,0,0,0,33,A
3-PA,1736,0,33,0,0,33,T
3-PA,1737,0,0,33,0,33,G
3-PA,1738,0,0,33,0,33,G
3-PA,1739,33,0,0,0,33,A
3-PA,1740,0,0,34,0,34,G
3-PA,1741,34,0,0,0,34,A
3-PA,1742,0,34,0,0,34,T
3-PA,1743,0,0,34,0,34,G
3-PA,1744,34,0,0,0,34,A
3-PA,1745,0,0,34,0,34,G
3-PA,1746,34,0,0,0,34,A
3-PA,1747,0,0,0,33,33,C
3-PA,1748,0,0,33,0,33,G
3-PA,1749,0,32,0,0,32,T
3-PA,1750,0,32,0,0,32,T
3-PA,1751,0,0,32,0,32,G
3-PA,1752,0,0,0,32,32,C
3-PA,1753,0,0,0,31,31,C
3-PA,1754,0,32,0,0,32,T
3-PA,1755,0,0,0,33,33,C
3-PA,1756,0,0,0,33,33,C
3-PA,1757,0,33,0,0,33,T
3-PA,1758,0,33,0,0,33,T
3-PA,1759,0,0,0,33,33,C
3-PA,1760,33,0,0,0,33,A
3-PA,1761,0,0,33,0,33,G
3-PA,1762,0,33,0,0,33,T
3-PA,1763,0,0,0,33,33,C
3-PA,1764,31,0,0,0,31,A
3-PA,1765,0,0,0,32,32,C
3-PA,1766,0,32,0,0,32,T
3-PA,1767,0,0,0,32,32,C
3-PA,1768,0,0,0,31,31,C
3-PA,1769,31,0,0,0,31,A
3-PA,1770,0,0,31,0,31,G
3-PA,1771,0,0,0,31,31,C
3-PA,1772,31,0,0,0,31,A
3-PA,1773,0,0,31,0,31,G
3-PA,1774,29,0,0,0,29,A
3-PA,1775,0,29,0,0,29,T
3-PA,1776,0,0,0,29,29,C
3-PA,1777,0,0,28,0,28,G
3-PA,1778,28,0,0,0,28,A
3-PA,1779,0,0,28,0,28,G
3-PA,1780,27,0,0,0,27,A
3-PA,1781,0,0,26,0,26,G
3-PA,1782,0,0,0,27,27,C
3-PA,1783,27,0,0,0,27,A
3-PA,1784,0,27,0,0,27,T
3-PA,1785,0,0,27,0,27,G
3-PA,1786,28,0,0,0,28,A
3-PA,1787,0,27,0,0,27,T
3-PA,1788,0,27,0,0,27,T
3-PA,1789,0,0,27,0,27,G
3-PA,1790,26,0,0,0,26,A
3-PA,1791,0,0,25,0,25,G
3-PA,1792,0,0,28,0,28,G
3-PA,1793,0,0,0,28,28,C
3-PA,1794,0,0,0,27,27,C
3-PA,1795,0,0,27,0,27,G
3-PA,1796,27,0,0,0,27,A
3-PA,1797,0,0,27,0,27,G
3-PA,1798,0,27,0,0,27,T
3-PA,1799,1,0,0,25,26,C
3-PA,1800,0,0,0,26,26,C
3-PA,1801,0,27,0,0,27,T
3-PA,1802,0,0,0,27,27,C
3-PA,1803,0,0,27,0,27,G
3-PA,1804,0,0,28,0,28,G
3-PA,1805,0,28,0,0,28,T
3-PA,1806,0,28,0,0,28,T
3-PA,1807,28,0,0,0,28,A
3-PA,1808,28,0,0,0,28,A
3-PA,1809,27,0,0,0,27,A
3-PA,1810,0,0,29,0,29,G
3-PA,1811,27,0,0,0,27,A
3-PA,1812,0,0,28,0,28,G
3-PA,1813,27,0,0,0,27,A
3-PA,1814,29,0,0,0,29,A
3-PA,1815,28,0,0,0,28,A
3-PA,1816,0,0,28,0,28,G
3-PA,1817,28,0,0,0,28,A
3-PA,1818,0,0,0,29,29,C
3-PA,1819,29,0,0,0,29,A
3-PA,1820,0,28,0,0,28,T
3-PA,1821,0,0,29,0,29,G
3-PA,1822,28,0,0,0,28,A
3-PA,1823,0,0,0,28,28,C
3-PA,1824,0,0,0,29,29,C
3-PA,1825,28,0,0,0,28,A
3-PA,1826,29,0,0,0,29,A
3-PA,1827,29,0,0,0,29,A
3-PA,1828,0,0,28,0,28,G
3-PA,1829,28,0,0,0,28,A
3-PA,1830,0,0,29,0,29,G
3-PA,1831,0,28,0,0,28,T
3-PA,1832,0,29,0,0,29,T
3-PA,1833,0,29,0,0,29,T
3-PA,1834,0,27,0,0,27,T
3-PA,1835,0,28,0,0,28,T
3-PA,1836,0,28,0,0,28,T
3-PA,1837,0,0,29,0,29,G
3-PA,1838,29,0,0,0,29,A
3-PA,1839,0,0,29,0,29,G
3-PA,1840,29,0,0,0,29,A
3-PA,1841,30,0,0,0,30,A
3-PA,1842,0,30,0,0,30,T
3-PA,1843,30,0,0,0,30,A
3-PA,1844,31,0,0,0,31,A
3-PA,1845,32,0,0,0,32,A
3-PA,1846,0,32,0,0,32,T
3-PA,1847,0,0,0,32,32,C
3-PA,1848,32,0,0,0,32,A
3-PA,1849,0,0,32,0,32,G
3-PA,1850,31,0,0,0,31,A
3-PA,1851,31,0,0,0,31,A
3-PA,1852,0,0,31,0,31,G
3-PA,1853,0,0,0,31,31,C
3-PA,1854,31,0,0,0,31,A
3-PA,1855,0,30,1,0,31,T
3-PA,1856,0,0,31,0,31,G
3-PA,1857,0,1,30,0,31,G
3-PA,1858,0,0,0,31,31,C
3-PA,1859,0,0,0,28,28,C
3-PA,1860,0,0,0,30,30,C
3-PA,1861,31,0,0,0,31,A
3-PA,1862,0,31,0,0,31,T
3-PA,1863,0,31,0,0,31,T
3-PA,1864,0,0,30,0,30,G
3-PA,1865,0,0,30,0,30,G
3-PA,1866,0,0,31,0,31,G
3-PA,1867,0,0,31,0,31,G
3-PA,1868,29,0,0,0,29,A
3-PA,1869,0,0,31,0,31,G
3-PA,1870,0,29,0,0,29,T
3-PA,1871,0,0,0,30,30,C
3-PA,1872,0,0,0,31,31,C
3-PA,1873,0,0,0,31,31,C
3-PA,1874,0,0,0,32,32,C
3-PA,1875,0,0,0,32,32,C
3-PA,1876,32,0,0,0,32,A
3-PA,1877,31,0,0,0,31,A
3-PA,1878,0,0,32,0,32,G
3-PA,1879,0,0,30,0,30,G
3-PA,1880,0,1,29,0,30,G
3-PA,1881,27,0,0,0,27,A
3-PA,1882,0,0,27,0,27,G
3-PA,1883,0,28,0,0,28,T
3-PA,1884,0,0,28,0,28,G
3-PA,1885,0,0,27,0,27,G
3-PA,1886,27,0,0,0,27,A
3-PA,1887,27,0,0,0,27,A
3-PA,1888,0,0,27,0,27,G
3-PA,1889,26,0,0,0,26,A
3-PA,1890,25,0,0,0,25,A
3-PA,1891,0,0,25,0,25,G
3-PA,1892,0,0,24,0,24,G
3-PA,1893,0,24,0,0,24,T
3-PA,1894,0,23,0,0,23,T
3-PA,1895,1,0,0,22,23,C
3-PA,1896,0,0,0,22,22,C
3-PA,1897,23,0,0,0,23,A
3-PA,1898,0,23,0,0,23,T
3-PA,1899,0,22,0,0,22,T
3-PA,1900,0,0,23,0,23,G
3-PA,1901,0,0,22,0,22,G
3-PA,1902,0,0,23,0,23,G
3-PA,1903,23,0,0,0,23,A
3-PA,1904,22,0,0,0,22,A
3-PA,1905,23,0,0,0,23,A
3-PA,1906,0,0,23,0,23,G
3-PA,1907,0,23,0,0,23,T
3-PA,1908,0,0,0,24,24,C
3-PA,1909,0,24,0,0,24,T
3-PA,1910,0,0,24,0,24,G
3-PA,1911,0,24,0,0,24,T
3-PA,1912,23,0,0,0,23,A
3-PA,1913,0,0,24,0,24,G
3-PA,1914,0,1,22,0,23,G
3-PA,1915,24,0,0,0,24,A
3-PA,1916,0,0,0,24,24,C
3-PA,1917,0,23,0,0,23,T
3-PA,1918,0,0,0,23,23,C
3-PA,1919,0,24,0,0,24,T
3-PA,1920,24,0,0,0,24,A
3-PA,1921,0,24,0,0,24,T
3-PA,1922,0,24,0,0,24,T
3-PA,1923,0,0,24,0,24,G
3-PA,1924,0,0,24,0,24,G
3-PA,1925,0,0,0,24,24,C
3-PA,1926,0,24,0,0,24,T
3-PA,1927,23,0,0,0,23,A
3-PA,1928,22,0,0,0,22,A
3-PA,1929,0,0,23,0,23,G
3-PA,1930,0,23,0,0,23,T
3-PA,1931,0,0,0,22,22,C
3-PA,1932,22,0,0,0,22,A
3-PA,1933,0,0,23,0,23,G
3-PA,1934,0,23,0,0,23,T
3-PA,1935,24,0,0,0,24,A
3-PA,1936,0,24,0,0,24,T
3-PA,1937,0,22,0,0,22,T
3-PA,1938,0,0,0,23,23,C
3-PA,1939,23,0,0,0,23,A
3-PA,1940,23,0,0,0,23,A
3-PA,1941,0,23,0,0,23,T
3-PA,1942,23,0,0,0,23,A
3-PA,1943,0,0,23,0,23,G
3-PA,1944,0,0,0,21,21,C
3-PA,1945,0,0,0,22,22,C
3-PA,1946,0,22,0,0,22,T
3-PA,1947,0,0,26,0,26,G
3-PA,1948,0,26,0,0,26,T
3-PA,1949,26,0,0,0,26,A
3-PA,1950,0,26,0,0,26,T
3-PA,1951,0,0,24,0,24,G
3-PA,1952,0,0,0,24,24,C
3-PA,1953,25,0,0,0,25,A
3-PA,1954,0,26,0,0,26,T
3-PA,1955,0,0,0,25,25,C
3-PA,1956,25,0,0,0,25,A
3-PA,1957,0,0,0,25,25,C
3-PA,1958,0,0,0,25,25,C
3-PA,1959,25,0,0,0,25,A
3-PA,1960,0,0,0,25,25,C
3-PA,1961,25,0,0,0,25,A
3-PA,1962,25,0,0,0,25,A
3-PA,1963,0,25,0,0,25,T
3-PA,1964,0,25,0,0,25,T
3-PA,1965,0,0,25,0,25,G
3-PA,1966,0,0,24,0,24,G
3-PA,1967,25,0,0,0,25,A
3-PA,1968,25,0,0,0,25,A
3-PA,1969,0,0,25,0,25,G
3-PA,1970,0,0,26,0,26,G
3-PA,1971,26,0,0,0,26,A
3-PA,1972,0,26,0,0,26,T
3-PA,1973,0,25,0,0,25,T
3-PA,1974,0,26,0,0,26,T
3-PA,1975,0,26,0,0,26,T
3-PA,1976,0,0,0,26,26,C
3-PA,1977,26,0,0,0,26,A
3-PA,1978,0,0,26,0,26,G
3-PA,1979,0,0,0,25,25,C
3-PA,1980,0,0,26,0,26,G
3-PA,1981,0,0,26,0,26,G
3-PA,1982,25,0,0,0,25,A
3-PA,1983,0,0,26,0,26,G
3-PA,1984,0,26,0,0,26,T
3-PA,1985,0,0,0,26,26,C
3-PA,1986,26,0,0,0,26,A
3-PA,1987,26,0,0,0,26,A
3-PA,1988,0,0,26,0,26,G
3-PA,1989,26,0,0,0,26,A
3-PA,1990,25,0,0,0,25,A
3-PA,1991,26,0,0,0,26,A
3-PA,1992,25,0,0,0,25,A
3-PA,1993,0,0,0,26,26,C
3-PA,1994,0,26,0,0,26,T
3-PA,1995,0,0,26,0,26,G
3-PA,1996,0,0,0,26,26,C
3-PA,1997,0,26,0,0,26,T
3-PA,1998,1,0,0,24,25,C
3-PA,1999,0,0,0,26,26,C
3-PA,2000,0,26,0,0,26,T
3-PA,2001,0,26,0,0,26,T
3-PA,2002,0,0,25,0,25,G
3-PA,2003,0,25,0,0,25,T
3-PA,2004,0,23,0,0,23,T
3-PA,2005,0,0,23,0,23,G
3-PA,2006,0,23,0,0,23,T
3-PA,2007,0,23,0,0,23,T
3-PA,2008,0,0,0,23,23,C
3-PA,2009,21,0,0,0,21,A
3-PA,2010,0,0,23,0,23,G
3-PA,2011,0,0,23,0,23,G
3-PA,2012,0,1,0,22,23,C
3-PA,2013,0,23,0,0,23,T
3-PA,2014,0,0,0,23,23,C
3-PA,2015,0,23,0,0,23,T
3-PA,2016,0,23,0,0,23,T
3-PA,2017,23,0,0,0,23,A
3-PA,2018,0,0,23,0,23,G
3-PA,2019,0,0,23,0,23,G
3-PA,2020,0,0,22,0,22,G
3-PA,2021,23,0,0,0,23,A
3-PA,2022,0,0,0,22,22,C
3-PA,2023,23,0,0,0,23,A
3-PA,2024,23,0,0,0,23,A
3-PA,2025,0,0,0,23,23,C
3-PA,2026,0,0,0,23,23,C
3-PA,2027,0,23,0,0,23,T
3-PA,2028,0,0,0,22,22,C
3-PA,2029,0,0,22,0,22,G
3-PA,2030,22,0,0,0,22,A
3-PA,2031,22,0,0,0,22,A
3-PA,2032,0,0,0,22,22,C
3-PA,2033,0,0,0,21,21,C
3-PA,2034,0,21,0,0,21,T
3-PA,2035,0,0,21,0,21,G
3-PA,2036,0,0,21,0,21,G
3-PA,2037,1,0,20,0,21,G
3-PA,2038,21,0,0,0,21,A
3-PA,2039,0,0,0,20,20,C
3-PA,2040,0,0,0,20,20,C
3-PA,2041,0,18,0,0,18,T
3-PA,2042,0,18,0,0,18,T
3-PA,2043,0,18,0,0,18,T
3-PA,2044,0,0,18,0,18,G
3-PA,2045,18,0,0,0,18,A
3-PA,2046,0,17,0,0,17,T
3-PA,2047,0,0,0,17,17,C
3-PA,2048,0,19,0,0,19,T
3-PA,2049,0,18,0,0,18,T
3-PA,2050,0,0,19,0,19,G
3-PA,2051,0,0,19,0,19,G
3-PA,2052,0,0,19,0,19,G
3-PA,2053,0,0,19,0,19,G
3-PA,2054,0,0,19,0,19,G
3-PA,2055,0,0,19,0,19,G
3-PA,2056,0,0,0,18,18,C
3-PA,2057,0,19,0,0,19,T
3-PA,2058,19,0,0,0,19,A
3-PA,2059,0,19,0,0,19,T
3-PA,2060,19,0,0,0,19,A
3-PA,2061,0,19,0,0,19,T
3-PA,2062,0,0,19,0,19,G
3-PA,2063,19,0,0,0,19,A
3-PA,2064,17,0,0,0,17,A
3-PA,2065,0,0,18,0,18,G
3-PA,2066,0,0,0,18,18,C
3-PA,2067,18,0,0,0,18,A
3-PA,2068,18,0,0,0,18,A
3-PA,2069,0,18,0,0,18,T
3-PA,2070,0,18,0,0,18,T
3-PA,2071,0,0,18,0,18,G
3-PA,2072,18,0,0,0,18,A
3-PA,2073,0,0,18,0,18,G
3-PA,2074,0,0,18,0,18,G
3-PA,2075,16,0,0,0,16,A
3-PA,2076,0,0,17,0,17,G
3-PA,2077,0,13,0,0,13,T
3-PA,2078,0,0,13,0,13,G
3-PA,2079,0,0,0,13,13,C
3-PA,2080,0,0,0,13,13,C
3-PA,2081,0,13,0,0,13,T
3-PA,2082,0,0,12,0,12,G
3-PA,2083,12,0,0,0,12,A
3-PA,2084,0,13,0,0,13,T
3-PA,2085,0,13,0,0,13,T
3-PA,2086,14,0,0,0,14,A
3-PA,2087,14,0,0,0,14,A
3-PA,2088,0,14,0,0,14,T
3-PA,2089,0,0,14,0,14,G
3-PA,2090,14,0,0,0,14,A
3-PA,2091,0,13,0,0,13,T
3-PA,2092,0,0,0,13,13,C
3-PA,2093,0,0,0,13,13,C
3-PA,2094,0,0,0,13,13,C
3-PA,2095,0,13,0,0,13,T
3-PA,2096,0,0,13,0,13,G
3-PA,2097,0,0,13,0,13,G
3-PA,2098,0,0,13,0,13,G
3-PA,2099,0,13,0,0,13,T
3-PA,2100,0,13,0,0,13,T
3-PA,2101,0,13,0,0,13,T
3-PA,2102,0,12,0,0,12,T
3-PA,2103,0,0,12,0,12,G
3-PA,2104,0,0,0,12,12,C
3-PA,2105,0,12,0,0,12,T
3-PA,2106,0,0,0,12,12,C
3-PA,2107,12,0,0,0,12,A
3-PA,2108,12,0,0,0,12,A
3-PA,2109,0,12,0,0,12,T
3-PA,2110,0,0,12,0,12,G
3-PA,2111,0,0,0,12,12,C
3-PA,2112,0,0,11,0,11,G
3-PA,2113,0,11,0,0,11,T
3-PA,2114,0,0,0,11,11,C
3-PA,2115,0,11,0,0,11,T
3-PA,2116,0,11,0,0,11,T
3-PA,2117,0,0,11,0,11,G
3-PA,2118,0,0,11,0,11,G
3-PA,2119,0,11,0,0,11,T
3-PA,2120,0,11,0,0,11,T
3-PA,2121,0,0,0,11,11,C
3-PA,2122,11,0,0,0,11,A
3-PA,2123,11,0,0,0,11,A
3-PA,2124,0,0,0,11,11,C
3-PA,2125,0,11,0,0,11,T
3-PA,2126,0,0,0,11,11,C
3-PA,2127,0,0,0,11,11,C
3-PA,2128,0,11,0,0,11,T
3-PA,2129,0,11,0,0,11,T
3-PA,2130,0,0,0,11,11,C
3-PA,2131,0,0,0,10,10,C
3-PA,2132,0,9,0,0,9,T
3-PA,2133,0,0,9,0,9,G
3-PA,2134,9,0,0,0,9,A
3-PA,2135,0,0,0,9,9,C
3-PA,2136,8,0,0,0,8,A
3-PA,2137,0,0,0,8,8,C
3-PA,2138,6,0,0,0,6,A
3-PA,2139,0,6,0,0,6,T
3-PA,2140,0,0,6,0,6,G
3-PA,2141,0,0,0,6,6,C
3-PA,2142,6,0,0,0,6,A
3-PA,2143,0,6,0,0,6,T
3-PA,2144,0,6,0,0,6,T
3-PA,2145,6,0,0,0,6,A
3-PA,2146,6,0,0,0,6,A
3-PA,2147,6,0,0,0,6,A
3-PA,2148,6,0,0,0,6,A
3-PA,2149,0,6,0,0,6,T
3-PA,2150,6,0,0,0,6,A
3-PA,2151,0,0,6,0,6,G
4-HA,1,110,0,0,0,110,A
4-HA,2,0,111,0,0,111,T
4-HA,3,0,0,110,0,110,G
4-HA,4,110,0,0,0,110,A
4-HA,5,110,0,0,0,110,A
4-HA,6,0,0,126,0,126,G
4-HA,7,126,0,0,0,126,A
4-HA,8,0,0,0,143,143,C
4-HA,9,0,144,0,0,144,T
4-HA,10,145,0,0,0,145,A
4-HA,11,0,157,0,0,157,T
4-HA,12,0,0,0,157,157,C
4-HA,13,157,0,0,0,157,A
4-HA,14,0,157,0,0,157,T
4-HA,15,0,157,0,0,157,T
4-HA,16,0,0,169,0,169,G
4-HA,17,0,0,0,169,169,C
4-HA,18,0,170,0,0,170,T
4-HA,19,0,170,0,0,170,T
4-HA,20,1,169,0,0,170,T
4-HA,21,0,1,179,0,180,G
4-HA,22,180,0,0,0,180,A
4-HA,23,0,0,184,0,184,G
4-HA,24,0,0,0,186,186,C
4-HA,25,0,186,0,0,186,T
4-HA,26,211,0,0,0,211,A
4-HA,27,0,0,0,213,213,C
4-HA,28,216,0,0,0,216,A
4-HA,29,0,225,0,0,225,T
4-HA,30,0,225,0,0,225,T
4-HA,31,1,0,0,226,227,C
4-HA,32,0,225,0,1,226,T
4-HA,33,227,0,0,0,227,A
4-HA,34,0,228,0,0,228,T
4-HA,35,0,0,227,0,227,G
4-HA,36,0,228,0,1,229,T
4-HA,37,0,0,0,229,229,C
4-HA,38,0,228,0,0,228,T
4-HA,39,0,0,228,0,228,G
4-HA,40,0,0,229,0,229,G
4-HA,41,0,229,0,0,229,T
4-HA,42,0,229,0,0,229,T
4-HA,43,0,230,0,0,230,T
4-HA,44,0,230,0,0,230,T
4-HA,45,0,1,0,229,230,C
4-HA,46,0,1,229,0,230,G
4-HA,47,0,0,0,233,233,C
4-HA,48,0,233,0,0,233,T
4-HA,49,1,0,0,233,234,C
4-HA,50,234,0,0,0,234,A
4-HA,51,233,0,0,0,233,A
4-HA,52,234,0,0,0,234,A
4-HA,53,233,0,0,0,233,A
4-HA,54,235,0,0,0,235,A
4-HA,55,0,0,0,235,235,C
4-HA,56,0,235,0,0,235,T
4-HA,57,0,235,0,0,235,T
4-HA,58,0,0,0,236,236,C
4-HA,59,0,0,0,236,236,C
4-HA,60,0,235,0,0,235,T
4-HA,61,0,1,233,0,234,G
4-HA,62,0,0,238,0,238,G
4-HA,63,237,0,0,0,237,A
4-HA,64,241,0,0,0,241,A
4-HA,65,241,0,0,0,241,A
4-HA,66,0,245,0,0,245,T
4-HA,67,0,3,247,0,250,G
4-HA,68,249,0,0,0,249,A
4-HA,69,0,0,0,254,254,C
4-HA,70,253,0,0,0,253,A
4-HA,71,254,0,0,0,254,A
4-HA,72,0,0,0,261,261,C
4-HA,73,261,0,0,0,261,A
4-HA,74,0,0,265,0,265,G
4-HA,75,0,0,0,265,265,C
4-HA,76,264,0,0,0,264,A
4-HA,77,0,1,0,269,270,C
4-HA,78,0,0,270,0,270,G
4-HA,79,0,0,269,0,269,G
4-HA,80,0,1,0,269,270,C
4-HA,81,268,0,0,0,268,A
4-HA,82,269,0,0,0,269,A
4-HA,83,0,0,0,271,271,C
4-HA,84,0,1,275,0,276,G
4-HA,85,0,0,0,276,276,C
4-HA,86,0,275,0,0,275,T
4-HA,87,1,0,280,0,281,G
4-HA,88,0,281,0,0,281,T
4-HA,89,0,0,287,0,287,G
4-HA,90,0,1,0,287,288,C
4-HA,91,0,0,0,296,296,C
4-HA,92,0,297,0,0,297,T
4-HA,93,0,295,0,0,295,T
4-HA,94,0,0,296,0,296,G
4-HA,95,0,1,298,0,299,G
4-HA,96,0,0,301,0,301,G
4-HA,97,0,0,0,302,302,C
4-HA,98,294,1,0,0,295,A
4-HA,99,0,0,0,300,300,C
4-HA,100,1,0,0,295,296,C
4-HA,101,321,0,0,0,321,A
4-HA,102,0,320,0,1,321,T
4-HA,103,0,0,325,0,325,G
4-HA,104,0,2,0,322,324,C
4-HA,105,321,0,0,0,321,A
4-HA,106,1,0,342,0,343,G
4-HA,107,0,342,0,0,342,T
4-HA,108,343,0,0,0,343,A
4-HA,109,0,0,0,342,342,C
4-HA,110,0,0,0,336,336,C
4-HA,111,335,0,1,0,336,A
4-HA,112,335,0,0,0,335,A
4-HA,113,334,0,0,0,334,A
4-HA,114,0,0,0,336,336,C
4-HA,115,0,0,333,0,333,G
4-HA,116,0,3,334,0,337,G
4-HA,117,335,0,0,0,335,A
4-HA,118,334,0,0,0,334,A
4-HA,119,0,1,0,333,334,C
4-HA,120,0,0,335,0,335,G
4-HA,121,0,0,334,0,334,G
4-HA,122,0,351,0,0,351,T
4-HA,123,354,0,0,0,354,A
4-HA,124,0,0,352,0,352,G
4-HA,125,0,350,0,0,350,T
4-HA,126,0,0,354,0,354,G
4-HA,127,352,0,1,0,353,A
4-HA,128,354,0,0,0,354,A
4-HA,129,352,0,0,0,352,A
4-HA,130,344,0,1,0,345,A
4-HA,131,0,0,0,345,345,C
4-HA,132,346,0,0,0,346,A
4-HA,133,348,0,0,0,348,A
4-HA,134,0,347,0,0,347,T
4-HA,135,2,0,0,346,348,C
4-HA,136,347,0,1,0,348,A
4-HA,137,0,0,0,348,348,C
4-HA,138,0,2,346,0,348,G
4-HA,139,346,0,0,0,346,A
4-HA,140,346,0,0,0,346,A
4-HA,141,0,347,0,0,347,T
4-HA,142,0,3,344,0,347,G
4-HA,143,352,0,0,0,352,A
4-HA,144,0,0,0,353,353,C
4-HA,145,2,0,0,353,355,C
4-HA,146,356,0,0,0,356,A
4-HA,147,357,0,0,0,357,A
4-HA,148,358,0,0,0,358,A
4-HA,149,0,358,0,0,358,T
4-HA,150,0,357,0,1,358,T
4-HA,151,0,0,361,0,361,G
4-HA,152,362,0,0,0,362,A
4-HA,153,358,1,2,0,361,A
4-HA,154,0,0,363,0,363,G
4-HA,155,0,366,0,0,366,T
4-HA,156,0,372,0,0,372,T
4-HA,157,374,0,0,0,374,A
4-HA,158,0,0,0,378,378,C
4-HA,159,0,378,0,0,378,T
4-HA,160,377,0,0,0,377,A
4-HA,161,387,0,0,0,387,A
4-HA,162,1,387,0,0,388,T
4-HA,163,1,0,385,0,386,G
4-HA,164,1,0,0,392,393,C
4-HA,165,0,390,0,0,390,T
4-HA,166,390,0,0,0,390,A
4-HA,167,0,0,0,391,391,C
4-HA,168,0,389,1,0,390,T
4-HA,169,1,0,393,0,394,G
4-HA,170,392,0,1,0,393,A
4-HA,171,0,0,393,0,393,G
4-HA,172,0,0,0,394,394,C
4-HA,173,0,387,0,0,387,T
4-HA,174,0,1,394,0,395,G
4-HA,175,0,0,399,0,399,G
4-HA,176,0,402,0,0,402,T
4-HA,177,0,400,0,1,401,T
4-HA,178,0,1,0,399,400,C
4-HA,179,395,0,0,0,395,A
4-HA,180,0,1,396,0,397,G
4-HA,181,394,0,1,0,395,A
4-HA,182,0,0,402,0,402,G
4-HA,183,0,403,0,0,403,T
4-HA,184,1,391,0,0,392,T
4-HA,185,2,0,0,391,393,C
4-HA,186,0,0,0,394,394,C
4-HA,187,0,393,0,2,395,T
4-HA,188,1,0,0,395,396,C
4-HA,189,394,0,1,0,395,A
4-HA,190,398,0,1,0,399,A
4-HA,191,0,0,0,400,400,C
4-HA,192,395,0,0,0,395,A
4-HA,193,1,0,398,0,399,G
4-HA,194,0,0,402,0,402,G
4-HA,195,0,401,0,0,401,T
4-HA,196,0,2,400,0,402,G
4-HA,197,402,0,0,0,402,A
4-HA,198,403,0,0,0,403,A
4-HA,199,413,0,0,0,413,A
4-HA,200,0,406,0,0,406,T
4-HA,201,412,0,0,0,412,A
4-HA,202,0,404,0,0,404,T
4-HA,203,0,0,402,0,402,G
4-HA,204,0,0,0,403,403,C
4-HA,205,0,2,404,0,406,G
4-HA,206,405,0,1,0,406,A
4-HA,207,0,0,0,404,404,C
4-HA,208,402,0,0,0,402,A
4-HA,209,0,0,432,0,432,G
4-HA,210,0,429,0,0,429,T
4-HA,211,1,0,0,433,434,C
4-HA,212,0,1,0,433,434,C
4-HA,213,0,434,0,0,434,T
4-HA,214,1,0,0,441,442,C
4-HA,215,441,0,0,0,441,A
4-HA,216,0,442,0,0,442,T
4-HA,217,0,0,0,442,442,C
4-HA,218,427,0,0,0,427,A
4-HA,219,0,0,430,0,430,G
4-HA,220,428,0,0,0,428,A
4-HA,221,0,420,0,2,422,T
4-HA,222,0,0,0,425,425,C
4-HA,223,1,0,0,421,422,C
4-HA,224,1,416,0,0,417,T
4-HA,225,0,421,0,0,421,T
4-HA,226,0,1,419,0,420,G
4-HA,227,421,0,0,0,421,A
4-HA,228,0,418,0,0,418,T
4-HA,229,0,1,420,0,421,G
4-HA,230,0,1,419,0,420,G
4-HA,231,417,0,0,0,417,A
4-HA,232,419,0,0,0,419,A
4-HA,233,419,0,0,0,419,A
4-HA,234,420,0,0,0,420,A
4-HA,235,419,0,1,0,420,A
4-HA,236,421,0,0,0,421,A
4-HA,237,0,0,0,422,422,C
4-HA,238,0,417,0,0,417,T
4-HA,239,0,1,416,0,417,G
4-HA,240,0,0,0,419,419,C
4-HA,241,419,0,0,0,419,A
4-HA,242,0,3,0,428,431,C
4-HA,243,434,0,0,0,434,A
4-HA,244,0,0,0,486,486,C
4-HA,245,0,486,0,0,486,T
4-HA,246,491,0,0,0,491,A
4-HA,247,489,0,1,0,490,A
4-HA,248,0,493,0,0,493,T
4-HA,249,492,0,0,0,492,A
4-HA,250,0,0,493,0,493,G
4-HA,251,491,0,0,0,491,A
4-HA,252,0,480,0,1,481,T
4-HA,253,0,0,456,0,456,G
4-HA,254,1,0,0,459,460,C
4-HA,255,0,457,0,1,458,T
4-HA,256,0,0,0,492,492,C
4-HA,257,0,489,0,0,489,T
4-HA,258,498,0,1,0,499,A
4-HA,259,0,498,0,0,498,T
4-HA,260,0,497,0,0,497,T
4-HA,261,0,2,501,0,503,G
4-HA,262,0,1,506,0,507,G
4-HA,263,0,1,507,0,508,G
4-HA,264,501,0,0,0,501,A
4-HA,265,0,3,497,0,500,G
4-HA,266,489,0,1,0,490,A
4-HA,267,0,0,0,534,534,C
4-HA,268,2,1,0,543,546,C
4-HA,269,0,0,0,550,550,C
4-HA,270,0,544,0,0,544,T
4-HA,271,0,0,0,556,556,C
4-HA,272,550,0,2,0,552,A
4-HA,273,0,0,592,0,592,G
4-HA,274,0,589,0,0,589,T
4-HA,275,0,0,597,0,597,G
4-HA,276,0,588,0,0,588,T
4-HA,277,0,1,583,0,584,G
4-HA,278,581,0,1,0,582,A
4-HA,279,1,582,0,0,583,T
4-HA,280,0,0,583,0,583,G
4-HA,281,1,0,581,0,582,G
4-HA,282,0,0,0,578,578,C
4-HA,283,0,576,0,0,576,T
4-HA,284,0,575,0,0,575,T
4-HA,285,0,0,0,578,578,C
4-HA,286,1,0,0,575,576,C
4-HA,287,576,1,0,0,577,A
4-HA,288,580,1,0,0,581,A
4-HA,289,580,0,0,0,580,A
4-HA,290,582,0,0,0,582,A
4-HA,291,0,584,0,0,584,T
4-HA,292,585,0,0,0,585,A
4-HA,293,584,0,1,0,585,A
4-HA,294,0,1,587,0,588,G
4-HA,295,592,0,0,0,592,A
4-HA,296,593,0,0,0,593,A
4-HA,297,594,0,0,0,594,A
4-HA,298,0,592,0,0,592,T
4-HA,299,0,2,591,0,593,G
4-HA,300,0,4,591,0,595,G
4-HA,301,0,3,595,0,598,G
4-HA,302,595,0,0,0,595,A
4-HA,303,0,1,0,600,601,C
4-HA,304,2,0,0,596,598,C
4-HA,305,0,603,0,0,603,T
4-HA,306,0,601,0,0,601,T
4-HA,307,0,604,0,0,604,T
4-HA,308,0,604,1,0,605,T
4-HA,309,0,607,0,0,607,T
4-HA,310,0,0,607,0,607,G
4-HA,311,0,609,0,0,609,T
4-HA,312,0,606,0,0,606,T
4-HA,313,1,2,606,0,609,G
4-HA,314,601,1,0,0,602,A
4-HA,315,610,0,0,0,610,A
4-HA,316,0,0,0,609,609,C
4-HA,317,0,0,608,0,608,G
4-HA,318,0,0,0,618,618,C
4-HA,319,617,0,0,0,617,A
4-HA,320,0,1,618,0,619,G
4-HA,321,0,0,0,619,619,C
4-HA,322,617,2,0,0,619,A
4-HA,323,619,0,0,0,619,A
4-HA,324,617,0,2,0,619,A
4-HA,325,0,0,658,0,658,G
4-HA,326,0,0,0,658,658,C
4-HA,327,1,7,0,644,652,C
4-HA,328,0,655,0,0,655,T
4-HA,329,658,0,0,0,658,A
4-HA,330,0,0,0,665,665,C
4-HA,331,664,0,0,0,664,A
4-HA,332,1,0,663,0,664,G
4-HA,333,0,0,0,656,656,C
4-HA,334,646,0,0,0,646,A
4-HA,335,653,0,0,0,653,A
4-HA,336,0,0,0,684,684,C
4-HA,337,0,685,0,0,685,T
4-HA,338,0,0,688,0,688,G
4-HA,339,0,678,0,0,678,T
4-HA,340,1,677,0,0,678,T
4-HA,341,676,1,0,0,677,A
4-HA,342,0,0,0,744,744,C
4-HA,343,3,0,0,742,745,C
4-HA,344,0,0,0,768,768,C
4-HA,345,0,747,0,0,747,T
4-HA,346,0,747,0,0,747,T
4-HA,347,747,0,0,0,747,A
4-HA,348,0,749,0,0,749,T
4-HA,349,0,2,748,0,750,G
4-HA,350,748,0,0,0,748,A
4-HA,351,0,702,0,1,703,T
4-HA,352,0,1,710,0,711,G
4-HA,353,0,696,0,2,698,T
4-HA,354,0,0,699,0,699,G
4-HA,355,0,0,0,700,700,C
4-HA,356,0,0,0,701,701,C
4-HA,357,0,1,712,0,713,G
4-HA,358,0,2,719,0,721,G
4-HA,359,719,0,0,0,719,A
4-HA,360,0,721,0,0,721,T
4-HA,361,0,713,0,0,713,T
4-HA,362,718,0,0,0,718,A
4-HA,363,0,716,0,0,716,T
4-HA,364,0,0,717,0,717,G
4-HA,365,0,1,0,714,715,C
4-HA,366,1,0,0,714,715,C
4-HA,367,0,719,0,0,719,T
4-HA,368,3,0,0,761,764,C
4-HA,369,1,0,0,768,769,C
4-HA,370,1,0,0,768,769,C
4-HA,371,0,766,0,0,766,T
4-HA,372,0,768,0,0,768,T
4-HA,373,766,0,1,0,767,A
4-HA,374,0,1,781,0,782,G
4-HA,375,0,0,787,1,788,G
4-HA,376,0,783,0,0,783,T
4-HA,377,4,0,0,763,767,C
4-HA,378,755,1,0,0,756,A
4-HA,379,1,0,0,776,777,C
4-HA,380,0,778,0,0,778,T
4-HA,381,777,0,0,0,777,A
4-HA,382,0,0,774,1,775,G
4-HA,383,0,764,0,0,764,T
4-HA,384,0,757,0,0,757,T
4-HA,385,0,0,769,0,769,G
4-HA,386,0,2,0,765,767,C
4-HA,387,1,0,0,766,767,C
4-HA,388,0,764,0,1,765,T
4-HA,389,2,0,0,767,769,C
4-HA,390,798,0,0,0,798,A
4-HA,391,0,799,0,0,799,T
4-HA,392,0,0,0,799,799,C
4-HA,393,2,0,0,797,799,C
4-HA,394,0,1,791,0,792,G
4-HA,395,0,1,791,0,792,G
4-HA,396,0,0,0,795,795,C
4-HA,397,807,0,0,0,807,A
4-HA,398,0,2,0,814,816,C
4-HA,399,802,0,1,0,803,A
4-HA,400,0,0,0,804,804,C
4-HA,401,0,800,0,2,802,T
4-HA,402,0,1,803,1,805,G
4-HA,403,0,2,813,0,815,G
4-HA,404,806,0,1,0,807,A
4-HA,405,0,0,825,0,825,G
4-HA,406,0,822,0,0,822,T
4-HA,407,0,816,1,1,818,T
4-HA,408,0,819,0,1,820,T
4-HA,409,815,0,0,1,816,A
4-HA,410,816,2,1,0,819,A
4-HA,411,0,0,0,820,820,C
4-HA,412,804,0,0,0,804,A
4-HA,413,802,0,1,0,803,A
4-HA,414,0,797,0,0,797,T
4-HA,415,0,0,797,0,797,G
4-HA,416,794,0,1,0,795,A
4-HA,417,793,0,2,0,795,A
4-HA,418,791,0,2,0,793,A
4-HA,419,1,0,793,0,794,G
4-HA,420,0,0,0,798,798,C
4-HA,421,0,799,0,0,799,T
4-HA,422,0,798,0,0,798,T
4-HA,423,2,0,0,804,806,C
4-HA,424,806,0,0,0,806,A
4-HA,425,809,0,0,0,809,A
4-HA,426,0,809,0,0,809,T
4-HA,427,0,802,0,2,804,T
4-HA,428,0,3,809,1,813,G
4-HA,429,0,4,819,0,823,G
4-HA,430,819,1,3,0,823,A
4-HA,431,0,0,0,823,823,C
4-HA,432,0,814,0,0,814,T
4-HA,433,0,1,815,0,816,G
4-HA,434,0,4,818,1,823,G
4-HA,435,821,0,0,0,821,A
4-HA,436,0,0,823,0,823,G
4-HA,437,0,807,0,1,808,T
4-HA,438,6,0,0,794,800,C
4-HA,439,805,0,2,0,807,A
4-HA,440,0,0,0,813,813,C
4-HA,441,0,808,0,1,809,T
4-HA,442,1,0,1,807,809,C
4-HA,443,801,0,0,0,801,A
4-HA,444,805,0,0,0,805,A
4-HA,445,801,0,0,1,802,A
4-HA,446,803,0,1,1,805,A
4-HA,447,0,0,0,803,803,C
4-HA,448,0,0,794,0,794,G
4-HA,449,1,4,795,0,800,G
4-HA,450,799,0,1,0,800,A
4-HA,451,801,0,0,0,801,A
4-HA,452,1,0,0,799,800,C
4-HA,453,798,0,0,0,798,A
4-HA,454,799,0,1,0,800,A
4-HA,455,0,0,805,0,805,G
4-HA,456,0,0,0,806,806,C
4-HA,457,0,799,0,0,799,T
4-HA,458,2,0,0,800,802,C
4-HA,459,0,797,0,0,797,T
4-HA,460,1,0,807,0,808,G
4-HA,461,0,0,0,807,807,C
4-HA,462,0,805,0,1,806,T
4-HA,463,1,824,0,0,825,T
4-HA,464,1,1,833,0,835,G
4-HA,465,0,1,0,845,846,C
4-HA,466,846,0,0,0,846,A
4-HA,467,0,841,0,0,841,T
4-HA,468,835,1,0,0,836,A
4-HA,469,836,0,1,0,837,A
4-HA,470,0,1,832,0,833,G
4-HA,471,0,2,836,0,838,G
4-HA,472,797,0,2,0,799,A
4-HA,473,0,1,780,0,781,G
4-HA,474,776,1,0,0,777,A
4-HA,475,0,791,0,0,791,T
4-HA,476,2,0,0,797,799,C
4-HA,477,0,798,0,1,799,T
4-HA,478,794,0,0,0,794,A
4-HA,479,796,0,1,0,797,A
4-HA,480,788,0,0,0,788,A
4-HA,481,792,0,0,0,792,A
4-HA,482,795,0,0,0,795,A
4-HA,483,0,1,0,798,799,C
4-HA,484,787,0,0,0,787,A
4-HA,485,0,0,790,0,790,G
4-HA,486,0,787,0,0,787,T
4-HA,487,1,800,0,1,802,T
4-HA,488,0,800,0,1,801,T
4-HA,489,1,0,0,822,823,C
4-HA,490,0,822,0,1,823,T
4-HA,491,0,826,0,0,826,T
4-HA,492,0,827,0,0,827,T
4-HA,493,822,1,1,0,824,A
4-HA,494,0,0,823,0,823,G
4-HA,495,0,823,0,0,823,T
4-HA,496,819,0,1,0,820,A
4-HA,497,0,0,821,0,821,G
4-HA,498,805,0,1,0,806,A
4-HA,499,0,804,0,1,805,T
4-HA,500,0,804,0,0,804,T
4-HA,501,0,2,816,0,818,G
4-HA,502,818,0,0,1,819,A
4-HA,503,819,0,0,0,819,A
4-HA,504,0,819,0,0,819,T
4-HA,505,0,814,0,0,814,T
4-HA,506,0,2,813,0,815,G
4-HA,507,0,0,812,0,812,G
4-HA,508,0,813,0,1,814,T
4-HA,509,1,808,0,0,809,T
4-HA,510,0,4,794,0,798,G
4-HA,511,799,0,1,0,800,A
4-HA,512,0,3,0,800,803,C
4-HA,513,1,0,0,798,799,C
4-HA,514,3,1,0,805,809,C
4-HA,515,810,0,0,0,810,A
4-HA,516,0,0,0,811,811,C
4-HA,517,0,805,0,3,808,T
4-HA,518,1,807,0,1,809,T
4-HA,519,806,0,0,0,806,A
4-HA,520,805,0,0,0,805,A
4-HA,521,799,0,0,0,799,A
4-HA,522,0,0,0,787,787,C
4-HA,523,0,802,0,0,802,T
4-HA,524,1,803,0,0,804,T
4-HA,525,3,0,0,805,808,C
4-HA,526,806,0,0,0,806,A
4-HA,527,807,0,0,0,807,A
4-HA,528,810,0,0,0,810,A
4-HA,529,0,812,0,1,813,T
4-HA,530,825,0,0,0,825,A
4-HA,531,1,0,0,819,820,C
4-HA,532,2,1,0,813,816,C
4-HA,533,3,0,0,811,814,C
4-HA,534,812,0,0,0,812,A
4-HA,535,0,0,833,0,833,G
4-HA,536,1,0,0,844,845,C
4-HA,537,842,0,0,0,842,A
4-HA,538,0,837,0,1,838,T
4-HA,539,0,825,1,0,826,T
4-HA,540,1,3,863,0,867,G
4-HA,541,869,0,0,0,869,A
4-HA,542,868,0,4,0,872,A
4-HA,543,0,0,0,871,871,C
4-HA,544,0,0,849,0,849,G
4-HA,545,0,855,0,0,855,T
4-HA,546,1,7,854,0,862,G
4-HA,547,864,0,1,0,865,A
4-HA,548,0,0,0,862,862,C
4-HA,549,0,839,0,0,839,T
4-HA,550,851,0,1,0,852,A
4-HA,551,0,851,0,1,852,T
4-HA,552,0,0,862,0,862,G
4-HA,553,2,1,0,852,855,C
4-HA,554,2,0,0,842,844,C
4-HA,555,839,1,0,0,840,A
4-HA,556,839,0,0,0,839,A
4-HA,557,853,0,0,0,853,A
4-HA,558,0,0,0,855,855,C
4-HA,559,831,0,0,0,831,A
4-HA,560,832,0,0,0,832,A
4-HA,561,0,824,0,0,824,T
4-HA,562,0,4,820,0,824,G
4-HA,563,823,1,0,0,824,A
4-HA,564,820,0,0,0,820,A
4-HA,565,0,0,0,807,807,C
4-HA,566,813,0,1,0,814,A
4-HA,567,820,0,0,0,820,A
4-HA,568,0,812,0,0,812,T
4-HA,569,0,819,0,1,820,T
4-HA,570,0,819,0,1,820,T
4-HA,571,0,3,813,0,816,G
4-HA,572,817,2,2,0,821,A
4-HA,573,0,0,0,819,819,C
4-HA,574,817,0,0,0,817,A
4-HA,575,816,0,0,0,816,A
4-HA,576,823,0,0,0,823,A
4-HA,577,4,821,0,0,825,T
4-HA,578,0,818,0,0,818,T
4-HA,579,0,1,835,0,836,G
4-HA,580,0,838,0,0,838,T
4-HA,581,835,1,0,0,836,A
4-HA,582,0,0,0,853,853,C
4-HA,583,855,0,0,0,855,A
4-HA,584,0,868,0,0,868,T
4-HA,585,0,848,0,0,848,T
4-HA,586,0,851,0,0,851,T
4-HA,587,1,0,844,0,845,G
4-HA,588,0,1,844,0,845,G
4-HA,589,0,2,841,0,843,G
4-HA,590,0,1,844,0,845,G
4-HA,591,1,2,830,0,833,G
4-HA,592,0,1,848,1,850,G
4-HA,593,0,840,0,1,841,T
4-HA,594,0,847,0,0,847,T
4-HA,595,4,1,0,844,849,C
4-HA,596,849,0,0,0,849,A
4-HA,597,1,0,0,847,848,C
4-HA,598,1,1,0,848,850,C
4-HA,599,850,0,1,0,851,A
4-HA,600,0,0,0,857,857,C
4-HA,601,1,3,0,837,841,C
4-HA,602,1,0,0,830,831,C
4-HA,603,0,1,833,0,834,G
4-HA,604,0,1,861,0,862,G
4-HA,605,1,0,861,0,862,G
4-HA,606,0,856,0,0,856,T
4-HA,607,854,1,0,0,855,A
4-HA,608,0,0,0,850,850,C
4-HA,609,0,2,843,1,846,G
4-HA,610,0,3,854,0,857,G
4-HA,611,859,0,0,0,859,A
4-HA,612,0,0,0,860,860,C
4-HA,613,834,0,0,1,835,A
4-HA,614,831,0,0,1,832,A
4-HA,615,829,0,1,1,831,A
4-HA,616,0,1,849,0,850,G
4-HA,617,847,0,2,0,849,A
4-HA,618,0,0,0,848,848,C
4-HA,619,1,0,1,838,840,C
4-HA,620,838,0,0,0,838,A
4-HA,621,838,0,0,0,838,A
4-HA,622,848,0,0,0,848,A
4-HA,623,0,851,0,1,852,T
4-HA,624,2,0,0,851,853,C
4-HA,625,0,816,0,0,816,T
4-HA,626,0,813,0,1,814,T
4-HA,627,0,0,0,826,826,C
4-HA,628,1,0,1,828,830,C
4-HA,629,0,825,0,0,825,T
4-HA,630,0,0,831,0,831,G
4-HA,631,0,814,0,0,814,T
4-HA,632,821,1,0,0,822,A
4-HA,633,0,817,0,1,818,T
4-HA,634,0,0,822,0,822,G
4-HA,635,0,0,0,827,827,C
4-HA,636,0,818,0,1,819,T
4-HA,637,2,1,0,814,817,C
4-HA,638,814,0,1,0,815,A
4-HA,639,810,0,0,0,810,A
4-HA,640,0,0,814,0,814,G
4-HA,641,0,0,0,813,813,C
4-HA,642,811,0,0,0,811,A
4-HA,643,0,806,0,0,806,T
4-HA,644,1,0,0,804,805,C
4-HA,645,799,1,1,0,801,A
4-HA,646,1,1,804,1,807,G
4-HA,647,0,2,806,0,808,G
4-HA,648,805,0,1,0,806,A
4-HA,649,797,0,0,0,797,A
4-HA,650,0,1,805,0,806,G
4-HA,651,808,0,1,0,809,A
4-HA,652,815,0,2,0,817,A
4-HA,653,0,821,0,0,821,T
4-HA,654,3,0,0,819,822,C
4-HA,655,813,0,0,0,813,A
4-HA,656,0,4,0,811,815,C
4-HA,657,814,0,0,0,814,A
4-HA,658,0,1,832,0,833,G
4-HA,659,0,821,0,1,822,T
4-HA,660,4,0,0,823,827,C
4-HA,661,0,816,0,1,817,T
4-HA,662,2,0,0,828,830,C
4-HA,663,0,832,0,0,832,T
4-HA,664,841,0,0,0,841,A
4-HA,665,0,0,0,840,840,C
4-HA,666,1,0,0,838,839,C
4-HA,667,829,1,0,0,830,A
4-HA,668,834,1,0,0,835,A
4-HA,669,828,0,0,0,828,A
4-HA,670,830,0,1,0,831,A
4-HA,671,0,2,821,0,823,G
4-HA,672,810,0,0,0,810,A
4-HA,673,814,0,0,0,814,A
4-HA,674,0,0,816,1,817,G
4-HA,675,0,0,0,818,818,C
4-HA,676,1,0,0,816,817,C
4-HA,677,822,1,0,0,823,A
4-HA,678,823,0,0,0,823,A
4-HA,679,0,0,0,825,825,C
4-HA,680,824,0,1,1,826,A
4-HA,681,823,0,0,0,823,A
4-HA,682,824,0,0,0,824,A
4-HA,683,0,0,0,843,843,C
4-HA,684,0,836,0,0,836,T
4-HA,685,1,0,842,0,843,G
4-HA,686,0,842,0,0,842,T
4-HA,687,840,0,1,0,841,A
4-HA,688,845,0,0,0,845,A
4-HA,689,0,840,0,1,841,T
4-HA,690,3,0,0,846,849,C
4-HA,691,2,0,0,844,846,C
4-HA,692,0,0,0,835,835,C
4-HA,693,0,4,833,0,837,G
4-HA,694,832,0,0,0,832,A
4-HA,695,833,0,0,0,833,A
4-HA,696,0,838,0,0,838,T
4-HA,697,835,0,0,0,835,A
4-HA,698,1,833,0,1,835,T
4-HA,699,1,0,0,824,825,C
4-HA,700,0,3,820,0,823,G
4-HA,701,1,3,843,0,847,G
4-HA,702,845,0,2,0,847,A
4-HA,703,0,851,0,0,851,T
4-HA,704,0,0,0,845,845,C
4-HA,705,0,843,0,0,843,T
4-HA,706,839,0,3,0,842,A
4-HA,707,0,2,845,0,847,G
4-HA,708,851,0,1,0,852,A
4-HA,709,0,1,0,846,847,C
4-HA,710,1,0,0,813,814,C
4-HA,711,0,0,0,822,822,C
4-HA,712,814,0,1,0,815,A
4-HA,713,0,2,874,0,876,G
4-HA,714,872,0,0,0,872,A
4-HA,715,0,1,887,1,889,G
4-HA,716,0,885,0,0,885,T
4-HA,717,877,1,0,0,878,A
4-HA,718,876,0,0,2,878,A
4-HA,719,0,0,889,0,889,G
4-HA,720,0,1,893,0,894,G
4-HA,721,883,0,1,1,885,A
4-HA,722,807,0,0,0,807,A
4-HA,723,0,804,0,0,804,T
4-HA,724,802,0,0,0,802,A
4-HA,725,0,798,0,2,800,T
4-HA,726,1,0,0,816,817,C
4-HA,727,0,1,1,810,812,C
4-HA,728,3,0,0,803,806,C
4-HA,729,0,802,0,2,804,T
4-HA,730,806,0,0,0,806,A
4-HA,731,0,2,808,0,810,G
4-HA,732,0,1,0,806,807,C
4-HA,733,791,0,0,0,791,A
4-HA,734,0,1,816,0,817,G
4-HA,735,803,0,0,0,803,A
4-HA,736,805,0,0,0,805,A
4-HA,737,0,805,0,0,805,T
4-HA,738,803,0,0,0,803,A
4-HA,739,805,0,1,0,806,A
4-HA,740,1,0,806,0,807,G
4-HA,741,0,0,0,811,811,C
4-HA,742,807,0,0,0,807,A
4-HA,743,1,783,0,0,784,T
4-HA,744,1,0,0,815,816,C
4-HA,745,0,814,0,0,814,T
4-HA,746,817,0,0,0,817,A
4-HA,747,0,816,0,0,816,T
4-HA,748,0,810,0,0,810,T
4-HA,749,1,0,817,1,819,G
4-HA,750,0,2,808,0,810,G
4-HA,751,811,0,0,0,811,A
4-HA,752,0,1,0,811,812,C
4-HA,753,743,0,1,0,744,A
4-HA,754,758,0,0,0,758,A
4-HA,755,0,783,0,1,784,T
4-HA,756,794,0,2,0,796,A
4-HA,757,0,0,802,1,803,G
4-HA,758,0,791,0,1,792,T
4-HA,759,790,0,0,0,790,A
4-HA,760,794,0,0,0,794,A
4-HA,761,798,0,1,1,800,A
4-HA,762,809,0,1,0,810,A
4-HA,763,0,0,0,811,811,C
4-HA,764,1,0,0,785,786,C
4-HA,765,0,0,781,0,781,G
4-HA,766,1,2,785,0,788,G
4-HA,767,0,1,793,0,794,G
4-HA,768,794,0,0,1,795,A
4-HA,769,0,2,792,0,794,G
4-HA,770,812,0,0,0,812,A
4-HA,771,1,0,0,810,811,C
4-HA,772,811,2,0,0,813,A
4-HA,773,0,812,0,0,812,T
4-HA,774,812,0,2,0,814,A
4-HA,775,0,0,0,820,820,C
4-HA,776,0,812,1,0,813,T
4-HA,777,0,823,0,0,823,T
4-HA,778,0,820,1,0,821,T
4-HA,779,0,815,0,0,815,T
4-HA,780,1,7,812,0,820,G
4-HA,781,824,0,0,0,824,A
4-HA,782,0,821,0,0,821,T
4-HA,783,0,837,0,0,837,T
4-HA,784,831,0,0,0,831,A
4-HA,785,833,0,1,0,834,A
4-HA,786,1,0,0,849,850,C
4-HA,787,839,0,0,0,839,A
4-HA,788,2,0,872,0,874,G
4-HA,789,0,0,0,867,867,C
4-HA,790,870,0,0,0,870,A
4-HA,791,2,0,0,872,874,C
4-HA,792,859,1,2,0,862,A
4-HA,793,1,0,878,0,879,G
4-HA,794,0,1,874,0,875,G
4-HA,795,0,5,890,0,895,G
4-HA,796,893,0,0,0,893,A
4-HA,797,892,0,3,0,895,A
4-HA,798,0,891,0,0,891,T
4-HA,799,2,0,0,891,893,C
4-HA,800,0,898,1,0,899,T
4-HA,801,906,0,0,0,906,A
4-HA,802,898,0,0,0,898,A
4-HA,803,0,896,0,1,897,T
4-HA,804,0,866,0,0,866,T
4-HA,805,0,0,875,0,875,G
4-HA,806,0,0,0,896,896,C
4-HA,807,0,926,0,0,926,T
4-HA,808,4,2,0,946,952,C
4-HA,809,0,0,0,954,954,C
4-HA,810,0,957,0,0,957,T
4-HA,811,959,0,0,0,959,A
4-HA,812,0,1,954,0,955,G
4-HA,813,0,1,965,0,966,G
4-HA,814,2,2,961,0,965,G
4-HA,815,0,0,951,0,951,G
4-HA,816,0,927,0,0,927,T
4-HA,817,0,919,1,0,920,T
4-HA,818,921,0,1,0,922,A
4-HA,819,0,0,0,931,931,C
4-HA,820,0,925,0,1,926,T
4-HA,821,0,928,0,2,930,T
4-HA,822,1,0,0,927,928,C
4-HA,823,920,0,0,0,920,A
4-HA,824,919,0,0,0,919,A
4-HA,825,920,0,1,0,921,A
4-HA,826,930,2,1,0,933,A
4-HA,827,0,929,0,0,929,T
4-HA,828,922,0,0,0,922,A
4-HA,829,1,0,0,921,922,C
4-HA,830,0,3,920,0,923,G
4-HA,831,924,0,0,0,924,A
4-HA,832,928,0,0,0,928,A
4-HA,833,0,0,939,0,939,G
4-HA,834,0,932,0,1,933,T
4-HA,835,2,6,929,0,937,G
4-HA,836,0,0,939,0,939,G
4-HA,837,2,5,933,0,940,G
4-HA,838,935,0,2,0,937,A
4-HA,839,938,0,1,0,939,A
4-HA,840,942,0,0,0,942,A
4-HA,841,936,0,1,0,937,A
4-HA,842,0,0,955,0,955,G
4-HA,843,0,1,0,951,952,C
4-HA,844,0,949,1,0,950,T
4-HA,845,5,0,0,953,958,C
4-HA,846,961,0,1,0,962,A
4-HA,847,965,0,0,0,965,A
4-HA,848,1,963,0,2,966,T
4-HA,849,972,0,0,0,972,A
4-HA,850,969,0,0,0,969,A
4-HA,851,0,957,0,0,957,T
4-HA,852,0,2,958,0,960,G
4-HA,853,953,0,1,0,954,A
4-HA,854,0,2,971,0,973,G
4-HA,855,971,0,1,0,972,A
4-HA,856,0,956,0,3,959,T
4-HA,857,2,0,0,976,978,C
4-HA,858,977,0,0,0,977,A
4-HA,859,0,0,997,0,997,G
4-HA,860,995,0,3,0,998,A
4-HA,861,0,990,0,1,991,T
4-HA,862,0,0,990,0,990,G
4-HA,863,0,0,0,976,976,C
4-HA,864,975,0,2,0,977,A
4-HA,865,0,1,0,996,997,C
4-HA,866,3,1,0,982,986,C
4-HA,867,6,1,1,981,989,C
4-HA,868,970,0,0,0,970,A
4-HA,869,0,967,0,0,967,T
4-HA,870,0,963,0,2,965,T
4-HA,871,1,3,971,0,975,G
4-HA,872,1,0,972,0,973,G
4-HA,873,1,1,0,976,978,C
4-HA,874,960,0,0,0,960,A
4-HA,875,960,0,0,0,960,A
4-HA,876,981,0,0,0,981,A
4-HA,877,0,980,0,1,981,T
4-HA,878,0,1,979,0,980,G
4-HA,879,0,0,0,983,983,C
4-HA,880,968,0,0,0,968,A
4-HA,881,990,0,1,0,991,A
4-HA,882,0,988,0,0,988,T
4-HA,883,0,992,0,0,992,T
4-HA,884,1,0,0,998,999,C
4-HA,885,0,979,0,0,979,T
4-HA,886,0,2,993,0,995,G
4-HA,887,993,0,0,0,993,A
4-HA,888,996,0,0,0,996,A
4-HA,889,0,996,1,0,997,T
4-HA,890,2,1,971,1,975,G
4-HA,891,0,0,0,974,974,C
4-HA,892,975,0,0,0,975,A
4-HA,893,0,974,0,2,976,T
4-HA,894,1,0,0,971,972,C
4-HA,895,975,0,0,0,975,A
4-HA,896,0,0,0,1013,1013,C
4-HA,897,0,1006,0,0,1006,T
4-HA,898,2,0,0,1007,1009,C
4-HA,899,1,0,0,1004,1005,C
4-HA,900,1014,0,0,0,1014,A
4-HA,901,1015,0,0,0,1015,A
4-HA,902,1011,0,1,0,1012,A
4-HA,903,0,969,0,1,970,T
4-HA,904,1,0,978,0,979,G
4-HA,905,0,1,981,0,982,G
4-HA,906,981,0,0,0,981,A
4-HA,907,978,0,1,1,980,A
4-HA,908,0,1,984,0,985,G
4-HA,909,0,1,0,980,981,C
4-HA,910,974,1,1,0,976,A
4-HA,911,1,973,0,0,974,T
4-HA,912,0,967,1,1,969,T
4-HA,913,2,0,0,989,991,C
4-HA,914,1,0,0,990,991,C
4-HA,915,3,0,0,982,985,C
4-HA,916,981,0,0,0,981,A
4-HA,917,996,0,0,0,996,A
4-HA,918,0,1012,0,0,1012,T
4-HA,919,0,4,1005,1,1010,G
4-HA,920,1008,0,1,0,1009,A
4-HA,921,5,0,0,1005,1010,C
4-HA,922,972,0,0,0,972,A
4-HA,923,974,0,0,0,974,A
4-HA,924,974,0,1,0,975,A
4-HA,925,0,0,0,983,983,C
4-HA,926,3,0,0,960,963,C
4-HA,927,947,0,0,0,947,A
4-HA,928,0,948,0,1,949,T
4-HA,929,0,952,0,2,954,T
4-HA,930,1,0,0,953,954,C
4-HA,931,3,0,0,953,956,C
4-HA,932,953,0,0,0,953,A
4-HA,933,950,0,0,0,950,A
4-HA,934,944,0,1,0,945,A
4-HA,935,967,0,0,0,967,A
4-HA,936,0,965,0,0,965,T
4-HA,937,0,0,967,0,967,G
4-HA,938,0,964,0,2,966,T
4-HA,939,972,0,0,0,972,A
4-HA,940,969,0,1,0,970,A
4-HA,941,968,0,1,0,969,A
4-HA,942,0,0,0,971,971,C
4-HA,943,956,0,0,0,956,A
4-HA,944,1,2,969,1,973,G
4-HA,945,0,3,977,0,980,G
4-HA,946,982,0,1,0,983,A
4-HA,947,1,980,0,1,982,T
4-HA,948,5,1,0,983,989,C
4-HA,949,984,0,10,0,994,A
4-HA,950,0,0,0,1026,1026,C
4-HA,951,1023,0,0,0,1023,A
4-HA,952,0,1062,0,0,1062,T
4-HA,953,1030,0,1,0,1031,A
4-HA,954,0,0,0,1025,1025,C
4-HA,955,0,2,993,0,995,G
4-HA,956,0,1,999,0,1000,G
4-HA,957,0,5,993,0,998,G
4-HA,958,0,0,995,0,995,G
4-HA,959,0,0,0,976,976,C
4-HA,960,4,0,0,968,972,C
4-HA,961,0,944,0,1,945,T
4-HA,962,0,1,1042,0,1043,G
4-HA,963,0,1040,0,3,1043,T
4-HA,964,1,0,0,1046,1047,C
4-HA,965,1,1,0,1043,1045,C
4-HA,966,1,1,0,1043,1045,C
4-HA,967,1038,0,1,0,1039,A
4-HA,968,0,1,1046,0,1047,G
4-HA,969,1045,0,0,0,1045,A
4-HA,970,0,1046,0,0,1046,T
4-HA,971,952,0,0,0,952,A
4-HA,972,0,943,0,0,943,T
4-HA,973,0,1,948,0,949,G
4-HA,974,0,946,0,0,946,T
4-HA,975,0,934,0,0,934,T
4-HA,976,936,0,0,0,936,A
4-HA,977,927,1,1,0,929,A
4-HA,978,0,1,939,0,940,G
4-HA,979,0,0,0,940,940,C
4-HA,980,915,0,0,0,915,A
4-HA,981,915,0,1,0,916,A
4-HA,982,908,0,0,0,908,A
4-HA,983,910,0,1,0,911,A
4-HA,984,0,0,0,910,910,C
4-HA,985,899,0,0,0,899,A
4-HA,986,0,0,0,905,905,C
4-HA,987,0,882,0,0,882,T
4-HA,988,2,0,0,879,881,C
4-HA,989,1,882,0,0,883,T
4-HA,990,0,0,887,0,887,G
4-HA,991,885,0,0,0,885,A
4-HA,992,883,1,0,0,884,A
4-HA,993,886,0,0,0,886,A
4-HA,994,0,881,0,0,881,T
4-HA,995,0,876,0,0,876,T
4-HA,996,0,5,889,0,894,G
4-HA,997,0,0,892,0,892,G
4-HA,998,0,0,0,891,891,C
4-HA,999,888,0,0,0,888,A
4-HA,1000,890,0,0,0,890,A
4-HA,1001,0,0,0,888,888,C
4-HA,1002,887,0,1,0,888,A
4-HA,1003,0,2,893,0,895,G
4-HA,1004,0,3,887,1,891,G
4-HA,1005,0,0,885,0,885,G
4-HA,1006,886,0,1,0,887,A
4-HA,1007,0,887,0,1,888,T
4-HA,1008,1,0,890,0,891,G
4-HA,1009,0,0,0,891,891,C
4-HA,1010,0,0,890,0,890,G
4-HA,1011,897,0,0,0,897,A
4-HA,1012,880,0,0,0,880,A
4-HA,1013,882,0,0,1,883,A
4-HA,1014,0,869,0,0,869,T
4-HA,1015,0,0,880,0,880,G
4-HA,1016,0,877,0,0,877,T
4-HA,1017,876,1,0,0,877,A
4-HA,1018,1,0,0,876,877,C
4-HA,1019,0,0,0,874,874,C
4-HA,1020,853,0,0,0,853,A
4-HA,1021,0,0,857,0,857,G
4-HA,1022,839,0,3,0,842,A
4-HA,1023,0,1,848,0,849,G
4-HA,1024,834,0,0,0,834,A
4-HA,1025,830,0,1,0,831,A
4-HA,1026,841,0,2,0,843,A
4-HA,1027,0,0,0,843,843,C
4-HA,1028,840,0,0,1,841,A
4-HA,1029,849,0,0,0,849,A
4-HA,1030,851,0,2,0,853,A
4-HA,1031,0,0,0,855,855,C
4-HA,1032,1,847,1,1,850,T
4-HA,1033,837,0,0,0,837,A
4-HA,1034,0,0,840,0,840,G
4-HA,1035,837,0,1,0,838,A
4-HA,1036,1,0,854,0,855,G
4-HA,1037,0,0,854,0,854,G
4-HA,1038,1,0,0,835,836,C
4-HA,1039,838,0,1,0,839,A
4-HA,1040,0,845,0,1,846,T
4-HA,1041,852,0,0,0,852,A
4-HA,1042,0,853,0,0,853,T
4-HA,1043,1,849,0,0,850,T
4-HA,1044,0,841,1,1,843,T
4-HA,1045,0,2,823,0,825,G
4-HA,1046,1,0,824,0,825,G
4-HA,1047,1,2,1,824,828,C
4-HA,1048,0,1,821,0,822,G
4-HA,1049,0,0,0,824,824,C
4-HA,1050,810,0,0,0,810,A
4-HA,1051,811,0,0,0,811,A
4-HA,1052,0,812,0,0,812,T
4-HA,1053,1,0,0,811,812,C
4-HA,1054,2,0,811,0,813,G
4-HA,1055,0,0,0,803,803,C
4-HA,1056,0,1,810,0,811,G
4-HA,1057,0,1,811,0,812,G
4-HA,1058,0,0,820,0,820,G
4-HA,1059,0,809,0,0,809,T
4-HA,1060,0,794,0,0,794,T
4-HA,1061,0,798,0,1,799,T
4-HA,1062,1,0,0,799,800,C
4-HA,1063,803,0,0,0,803,A
4-HA,1064,0,806,0,0,806,T
4-HA,1065,805,0,0,0,805,A
4-HA,1066,0,1,805,0,806,G
4-HA,1067,788,0,0,0,788,A
4-HA,1068,789,0,0,0,789,A
4-HA,1069,794,0,0,0,794,A
4-HA,1070,793,0,0,0,793,A
4-HA,1071,0,791,1,0,792,T
4-HA,1072,0,2,795,0,797,G
4-HA,1073,1,0,801,0,802,G
4-HA,1074,0,802,0,0,802,T
4-HA,1075,0,772,0,0,772,T
4-HA,1076,0,0,775,0,775,G
4-HA,1077,0,0,783,0,783,G
4-HA,1078,1,2,783,0,786,G
4-HA,1079,771,0,2,0,773,A
4-HA,1080,0,0,777,0,777,G
4-HA,1081,0,1,761,0,762,G
4-HA,1082,2,2,778,0,782,G
4-HA,1083,773,1,2,0,776,A
4-HA,1084,787,0,1,0,788,A
4-HA,1085,0,787,0,0,787,T
4-HA,1086,0,2,785,0,787,G
4-HA,1087,0,0,802,0,802,G
4-HA,1088,0,790,0,0,790,T
4-HA,1089,0,0,787,0,787,G
4-HA,1090,0,0,783,0,783,G
4-HA,1091,769,0,1,0,770,A
4-HA,1092,0,769,0,0,769,T
4-HA,1093,0,3,783,0,786,G
4-HA,1094,1,0,796,0,797,G
4-HA,1095,0,789,0,0,789,T
4-HA,1096,0,773,0,1,774,T
4-HA,1097,0,3,771,0,774,G
4-HA,1098,0,0,788,0,788,G
4-HA,1099,0,790,0,0,790,T
4-HA,1100,789,0,0,1,790,A
4-HA,1101,0,0,0,743,743,C
4-HA,1102,0,0,745,0,745,G
4-HA,1103,1,1,777,0,779,G
4-HA,1104,0,778,0,0,778,T
4-HA,1105,0,780,0,1,781,T
4-HA,1106,1,775,0,0,776,T
4-HA,1107,1,0,0,768,769,C
4-HA,1108,766,0,0,0,766,A
4-HA,1109,1,0,767,0,768,G
4-HA,1110,0,0,763,0,763,G
4-HA,1111,0,0,0,765,765,C
4-HA,1112,735,0,0,0,735,A
4-HA,1113,0,741,0,0,741,T
4-HA,1114,1,0,0,741,742,C
4-HA,1115,744,0,0,0,744,A
4-HA,1116,742,0,0,0,742,A
4-HA,1117,744,0,0,0,744,A
4-HA,1118,747,0,0,0,747,A
4-HA,1119,1,743,0,0,744,T
4-HA,1120,0,738,0,0,738,T
4-HA,1121,0,1,0,743,744,C
4-HA,1122,0,730,1,2,733,T
4-HA,1123,0,0,738,0,738,G
4-HA,1124,735,0,0,0,735,A
4-HA,1125,0,0,744,0,744,G
4-HA,1126,0,0,745,0,745,G
4-HA,1127,0,1,745,0,746,G
4-HA,1128,743,0,0,0,743,A
4-HA,1129,747,0,0,0,747,A
4-HA,1130,3,1,741,0,745,G
4-HA,1131,758,0,0,0,758,A
4-HA,1132,0,0,762,0,762,G
4-HA,1133,0,1,769,0,770,G
4-HA,1134,768,0,2,0,770,A
4-HA,1135,0,0,0,771,771,C
4-HA,1136,756,0,3,0,759,A
4-HA,1137,757,0,3,0,760,A
4-HA,1138,2,0,762,0,764,G
4-HA,1139,0,1,0,766,767,C
4-HA,1140,758,0,0,0,758,A
4-HA,1141,0,1,759,0,760,G
4-HA,1142,0,2,0,757,759,C
4-HA,1143,754,0,0,0,754,A
4-HA,1144,0,0,762,0,762,G
4-HA,1145,752,0,0,0,752,A
4-HA,1146,0,765,0,2,767,T
4-HA,1147,1,0,0,776,777,C
4-HA,1148,0,768,0,2,770,T
4-HA,1149,1,0,0,780,781,C
4-HA,1150,780,0,0,0,780,A
4-HA,1151,782,0,0,0,782,A
4-HA,1152,784,0,1,0,785,A
4-HA,1153,773,0,0,0,773,A
4-HA,1154,0,0,778,0,778,G
4-HA,1155,1,1,0,767,769,C
4-HA,1156,765,0,0,0,765,A
4-HA,1157,0,1,0,778,779,C
4-HA,1158,1,772,0,1,774,T
4-HA,1159,7,0,0,767,774,C
4-HA,1160,774,0,0,0,774,A
4-HA,1161,792,1,0,0,793,A
4-HA,1162,0,1,792,0,793,G
4-HA,1163,0,0,0,793,793,C
4-HA,1164,787,0,1,0,788,A
4-HA,1165,0,0,793,0,793,G
4-HA,1166,0,0,0,775,775,C
4-HA,1167,778,0,0,0,778,A
4-HA,1168,779,0,0,0,779,A
4-HA,1169,0,775,0,0,775,T
4-HA,1170,1,0,0,754,755,C
4-HA,1171,0,2,756,0,758,G
4-HA,1172,758,0,0,0,758,A
4-HA,1173,0,756,1,0,757,T
4-HA,1174,6,0,0,744,750,C
4-HA,1175,751,0,0,0,751,A
4-HA,1176,762,1,0,0,763,A
4-HA,1177,769,0,0,0,769,A
4-HA,1178,1,764,1,0,766,T
4-HA,1179,3,0,0,769,772,C
4-HA,1180,754,0,1,0,755,A
4-HA,1181,766,0,1,0,767,A
4-HA,1182,0,762,0,0,762,T
4-HA,1183,0,1,763,0,764,G
4-HA,1184,0,0,761,0,761,G
4-HA,1185,0,1,752,0,753,G
4-HA,1186,757,0,0,0,757,A
4-HA,1187,757,0,0,0,757,A
4-HA,1188,0,0,771,0,771,G
4-HA,1189,0,0,0,767,767,C
4-HA,1190,0,758,0,1,759,T
4-HA,1191,1,2,786,0,789,G
4-HA,1192,787,0,1,0,788,A
4-HA,1193,787,0,1,0,788,A
4-HA,1194,0,786,0,0,786,T
4-HA,1195,762,0,0,0,762,A
4-HA,1196,0,0,759,0,759,G
4-HA,1197,704,0,1,0,705,A
4-HA,1198,0,707,0,0,707,T
4-HA,1199,1,706,0,1,708,T
4-HA,1200,0,1,713,0,714,G
4-HA,1201,707,0,0,0,707,A
4-HA,1202,0,705,0,0,705,T
4-HA,1203,4,0,0,704,708,C
4-HA,1204,1,2,703,0,706,G
4-HA,1205,5,0,702,0,707,G
4-HA,1206,0,0,710,0,710,G
4-HA,1207,705,0,0,0,705,A
4-HA,1208,712,0,0,0,712,A
4-HA,1209,703,0,1,0,704,A
4-HA,1210,706,0,0,0,706,A
4-HA,1211,0,0,0,705,705,C
4-HA,1212,2,0,0,703,705,C
4-HA,1213,702,0,1,0,703,A
4-HA,1214,703,1,0,0,704,A
4-HA,1215,0,0,0,706,706,C
4-HA,1216,0,4,702,1,707,G
4-HA,1217,706,0,1,0,707,A
4-HA,1218,0,0,709,0,709,G
4-HA,1219,707,0,0,0,707,A
4-HA,1220,707,0,0,0,707,A
4-HA,1221,710,0,1,0,711,A
4-HA,1222,0,709,0,1,710,T
4-HA,1223,0,705,0,2,707,T
4-HA,1224,1,1,0,708,710,C
4-HA,1225,0,0,0,702,702,C
4-HA,1226,705,0,0,0,705,A
4-HA,1227,0,703,0,0,703,T
4-HA,1228,1,0,0,701,702,C
4-HA,1229,699,0,0,0,699,A
4-HA,1230,0,3,700,0,703,G
4-HA,1231,700,0,0,0,700,A
4-HA,1232,0,698,0,0,698,T
4-HA,1233,0,694,0,0,694,T
4-HA,1234,0,1,700,0,701,G
4-HA,1235,695,0,1,0,696,A
4-HA,1236,698,0,0,0,698,A
4-HA,1237,701,0,0,0,701,A
4-HA,1238,697,0,0,0,697,A
4-HA,1239,695,1,0,0,696,A
4-HA,1240,0,1,698,0,699,G
4-HA,1241,696,0,0,1,697,A
4-HA,1242,697,0,0,0,697,A
4-HA,1243,0,675,0,0,675,T
4-HA,1244,0,677,0,0,677,T
4-HA,1245,1,0,0,673,674,C
4-HA,1246,1,671,0,2,674,T
4-HA,1247,1,0,0,672,673,C
4-HA,1248,673,0,0,0,673,A
4-HA,1249,0,0,675,0,675,G
4-HA,1250,673,0,0,0,673,A
4-HA,1251,666,0,0,0,666,A
4-HA,1252,0,0,676,0,676,G
4-HA,1253,0,672,0,0,672,T
4-HA,1254,3,0,0,666,669,C
4-HA,1255,0,2,669,0,671,G
4-HA,1256,664,0,2,0,666,A
4-HA,1257,665,1,0,0,666,A
4-HA,1258,0,0,668,0,668,G
4-HA,1259,0,1,668,0,669,G
4-HA,1260,0,3,668,0,671,G
4-HA,1261,653,0,1,0,654,A
4-HA,1262,0,0,656,0,656,G
4-HA,1263,653,0,1,0,654,A
4-HA,1264,677,1,0,0,678,A
4-HA,1265,0,676,0,0,676,T
4-HA,1266,0,675,0,0,675,T
4-HA,1267,1,0,0,676,677,C
4-HA,1268,663,0,0,0,663,A
4-HA,1269,0,0,663,0,663,G
4-HA,1270,0,2,663,0,665,G
4-HA,1271,662,0,1,0,663,A
4-HA,1272,0,0,0,659,659,C
4-HA,1273,0,0,0,614,614,C
4-HA,1274,0,607,0,1,608,T
4-HA,1275,0,586,0,22,608,T
4-HA,1276,0,1,613,0,614,G
4-HA,1277,612,0,0,0,612,A
4-HA,1278,0,2,621,0,623,G
4-HA,1279,614,0,0,0,614,A
4-HA,1280,562,0,0,0,562,A
4-HA,1281,552,0,1,0,553,A
4-HA,1282,0,546,0,0,546,T
4-HA,1283,559,0,0,0,559,A
4-HA,1284,0,555,0,1,556,T
4-HA,1285,1,0,559,0,560,G
4-HA,1286,0,559,0,0,559,T
4-HA,1287,0,528,0,0,528,T
4-HA,1288,0,0,531,0,531,G
4-HA,1289,523,0,1,0,524,A
4-HA,1290,0,2,531,0,533,G
4-HA,1291,0,2,530,0,532,G
4-HA,1292,525,0,0,0,525,A
4-HA,1293,0,1,0,536,537,C
4-HA,1294,529,0,0,0,529,A
4-HA,1295,0,0,0,527,527,C
4-HA,1296,0,522,0,0,522,T
4-HA,1297,548,0,0,0,548,A
4-HA,1298,555,0,0,0,555,A
4-HA,1299,554,0,0,0,554,A
4-HA,1300,558,0,1,0,559,A
4-HA,1301,0,558,0,0,558,T
4-HA,1302,533,0,0,1,534,A
4-HA,1303,0,0,537,0,537,G
4-HA,1304,521,0,0,0,521,A
4-HA,1305,0,521,0,0,521,T
4-HA,1306,4,0,0,520,524,C
4-HA,1307,0,510,0,0,510,T
4-HA,1308,0,0,0,527,527,C
4-HA,1309,0,525,0,0,525,T
4-HA,1310,0,1,537,0,538,G
4-HA,1311,0,0,550,0,550,G
4-HA,1312,0,548,0,1,549,T
4-HA,1313,5,0,0,548,553,C
4-HA,1314,554,0,0,0,554,A
4-HA,1315,0,553,0,1,554,T
4-HA,1316,554,0,0,0,554,A
4-HA,1317,0,1,0,551,552,C
4-HA,1318,529,0,0,0,529,A
4-HA,1319,535,0,0,0,535,A
4-HA,1320,0,0,0,523,523,C
4-HA,1321,0,0,522,0,522,G
4-HA,1322,2,0,0,519,521,C
4-HA,1323,0,1,517,0,518,G
4-HA,1324,0,0,518,0,518,G
4-HA,1325,520,0,0,0,520,A
4-HA,1326,0,0,524,0,524,G
4-HA,1327,0,2,0,523,525,C
4-HA,1328,0,518,0,0,518,T
4-HA,1329,0,522,0,4,526,T
4-HA,1330,1,0,0,525,526,C
4-HA,1331,0,529,0,0,529,T
4-HA,1332,0,529,0,0,529,T
4-HA,1333,1,0,527,0,528,G
4-HA,1334,0,525,0,1,526,T
4-HA,1335,2,517,0,0,519,T
4-HA,1336,0,0,525,0,525,G
4-HA,1337,0,0,1,520,521,C
4-HA,1338,3,0,0,515,518,C
4-HA,1339,0,0,0,526,526,C
4-HA,1340,0,525,0,0,525,T
4-HA,1341,0,0,531,0,531,G
4-HA,1342,0,1,533,0,534,G
4-HA,1343,531,0,1,0,532,A
4-HA,1344,0,1,534,0,535,G
4-HA,1345,531,0,0,0,531,A
4-HA,1346,532,0,0,0,532,A
4-HA,1347,0,1,0,541,542,C
4-HA,1348,1,0,0,535,536,C
4-HA,1349,539,0,2,0,541,A
4-HA,1350,558,0,0,0,558,A
4-HA,1351,0,1,0,558,559,C
4-HA,1352,562,0,0,0,562,A
4-HA,1353,0,561,0,0,561,T
4-HA,1354,562,0,0,0,562,A
4-HA,1355,0,0,0,569,569,C
4-HA,1356,555,0,0,0,555,A
4-HA,1357,556,0,0,0,556,A
4-HA,1358,0,553,0,0,553,T
4-HA,1359,0,537,0,1,538,T
4-HA,1360,0,4,554,0,558,G
4-HA,1361,558,0,1,0,559,A
4-HA,1362,0,558,0,0,558,T
4-HA,1363,2,0,0,555,557,C
4-HA,1364,0,546,0,0,546,T
4-HA,1365,554,0,0,0,554,A
4-HA,1366,554,0,0,0,554,A
4-HA,1367,0,0,0,553,553,C
4-HA,1368,0,549,0,0,549,T
4-HA,1369,1,6,529,0,536,G
4-HA,1370,534,0,1,0,535,A
4-HA,1371,0,0,0,534,534,C
4-HA,1372,0,536,0,0,536,T
4-HA,1373,1,1,0,534,536,C
4-HA,1374,537,0,0,0,537,A
4-HA,1375,0,1,549,0,550,G
4-HA,1376,549,0,0,0,549,A
4-HA,1377,548,0,0,0,548,A
4-HA,1378,550,0,0,0,550,A
4-HA,1379,0,548,0,0,548,T
4-HA,1380,0,2,548,0,550,G
4-HA,1381,547,0,2,0,549,A
4-HA,1382,549,0,0,0,549,A
4-HA,1383,0,0,0,549,549,C
4-HA,1384,543,0,0,0,543,A
4-HA,1385,544,1,0,0,545,A
4-HA,1386,544,0,1,0,545,A
4-HA,1387,0,0,0,547,547,C
4-HA,1388,0,540,0,0,540,T
4-HA,1389,1,0,542,0,543,G
4-HA,1390,0,536,0,1,537,T
4-HA,1391,1,539,1,0,541,T
4-HA,1392,1,539,1,0,541,T
4-HA,1393,0,0,542,0,542,G
4-HA,1394,539,0,1,0,540,A
4-HA,1395,539,1,1,0,541,A
4-HA,1396,540,0,0,0,540,A
4-HA,1397,539,0,0,0,539,A
4-HA,1398,536,0,1,0,537,A
4-HA,1399,538,0,0,0,538,A
4-HA,1400,0,0,0,539,539,C
4-HA,1401,541,0,0,0,541,A
4-HA,1402,540,0,0,0,540,A
4-HA,1403,540,0,0,0,540,A
4-HA,1404,0,1,545,0,546,G
4-HA,1405,546,0,0,0,546,A
4-HA,1406,546,0,0,0,546,A
4-HA,1407,0,0,544,0,544,G
4-HA,1408,0,0,0,542,542,C
4-HA,1409,543,0,0,0,543,A
4-HA,1410,546,0,0,0,546,A
4-HA,1411,0,0,0,545,545,C
4-HA,1412,0,540,0,0,540,T
4-HA,1413,0,3,540,0,543,G
4-HA,1414,533,0,0,0,533,A
4-HA,1415,0,2,532,0,534,G
4-HA,1416,0,1,532,0,533,G
4-HA,1417,0,3,527,0,530,G
4-HA,1418,529,0,0,0,529,A
4-HA,1419,528,0,0,0,528,A
4-HA,1420,527,0,0,0,527,A
4-HA,1421,537,0,1,0,538,A
4-HA,1422,0,540,0,0,540,T
4-HA,1423,0,0,543,0,543,G
4-HA,1424,0,0,0,545,545,C
4-HA,1425,0,534,0,0,534,T
4-HA,1426,1,1,530,0,532,G
4-HA,1427,530,0,1,0,531,A
4-HA,1428,2,2,550,0,554,G
4-HA,1429,0,1,558,0,559,G
4-HA,1430,547,0,1,0,548,A
4-HA,1431,0,547,0,0,547,T
4-HA,1432,542,0,0,0,542,A
4-HA,1433,0,538,0,0,538,T
4-HA,1434,0,1,544,0,545,G
4-HA,1435,0,0,548,0,548,G
4-HA,1436,0,0,552,0,552,G
4-HA,1437,0,0,0,529,529,C
4-HA,1438,515,0,0,0,515,A
4-HA,1439,516,0,0,0,516,A
4-HA,1440,0,513,0,1,514,T
4-HA,1441,0,0,519,0,519,G
4-HA,1442,1,2,516,0,519,G
4-HA,1443,1,515,0,0,516,T
4-HA,1444,0,505,0,0,505,T
4-HA,1445,0,0,510,0,510,G
4-HA,1446,0,516,0,0,516,T
4-HA,1447,0,508,0,1,509,T
4-HA,1448,0,514,0,0,514,T
4-HA,1449,0,0,0,516,516,C
4-HA,1450,512,0,1,0,513,A
4-HA,1451,513,0,0,0,513,A
4-HA,1452,514,0,0,0,514,A
4-HA,1453,519,0,0,0,519,A
4-HA,1454,1,517,0,0,518,T
4-HA,1455,516,0,0,0,516,A
4-HA,1456,0,518,0,0,518,T
4-HA,1457,516,0,0,0,516,A
4-HA,1458,2,0,0,517,519,C
4-HA,1459,1,1,0,512,514,C
4-HA,1460,516,0,0,0,516,A
4-HA,1461,0,0,0,518,518,C
4-HA,1462,513,0,1,0,514,A
4-HA,1463,515,0,0,0,515,A
4-HA,1464,513,0,0,0,513,A
4-HA,1465,0,511,0,0,511,T
4-HA,1466,2,1,513,0,516,G
4-HA,1467,0,505,0,0,505,T
4-HA,1468,0,2,508,0,510,G
4-HA,1469,509,0,2,0,511,A
4-HA,1470,0,0,0,510,510,C
4-HA,1471,501,0,0,0,501,A
4-HA,1472,495,0,1,0,496,A
4-HA,1473,0,495,0,0,495,T
4-HA,1474,0,0,503,0,503,G
4-HA,1475,0,0,0,501,501,C
4-HA,1476,4,0,0,501,505,C
4-HA,1477,0,499,0,0,499,T
4-HA,1478,0,0,519,0,519,G
4-HA,1479,0,0,0,520,520,C
4-HA,1480,519,0,1,0,520,A
4-HA,1481,1,518,0,0,519,T
4-HA,1482,504,0,0,0,504,A
4-HA,1483,0,1,500,0,501,G
4-HA,1484,0,3,497,0,500,G
4-HA,1485,498,1,0,0,499,A
4-HA,1486,1,497,0,0,498,T
4-HA,1487,2,0,0,456,458,C
4-HA,1488,458,0,0,0,458,A
4-HA,1489,461,0,0,0,461,A
4-HA,1490,0,461,0,0,461,T
4-HA,1491,2,0,0,460,462,C
4-HA,1492,451,0,0,0,451,A
4-HA,1493,0,0,450,0,450,G
4-HA,1494,450,0,1,0,451,A
4-HA,1495,453,0,0,0,453,A
4-HA,1496,453,0,0,0,453,A
4-HA,1497,0,450,0,1,451,T
4-HA,1498,0,0,451,0,451,G
4-HA,1499,0,2,449,0,451,G
4-HA,1500,452,0,0,0,452,A
4-HA,1501,454,0,1,0,455,A
4-HA,1502,0,0,0,456,456,C
4-HA,1503,0,449,0,1,450,T
4-HA,1504,0,450,0,0,450,T
4-HA,1505,450,0,0,0,450,A
4-HA,1506,0,449,0,1,450,T
4-HA,1507,1,1,446,0,448,G
4-HA,1508,443,0,0,0,443,A
4-HA,1509,0,0,0,443,443,C
4-HA,1510,2,0,0,436,438,C
4-HA,1511,435,0,0,0,435,A
4-HA,1512,0,1,0,445,446,C
4-HA,1513,0,2,458,0,460,G
4-HA,1514,473,0,0,0,473,A
4-HA,1515,0,480,0,0,480,T
4-HA,1516,1,0,491,1,493,G
4-HA,1517,0,489,0,1,490,T
4-HA,1518,509,0,0,0,509,A
4-HA,1519,0,510,0,0,510,T
4-HA,1520,507,0,0,0,507,A
4-HA,1521,0,0,0,507,507,C
4-HA,1522,450,0,0,0,450,A
4-HA,1523,0,0,449,0,449,G
4-HA,1524,420,0,0,0,420,A
4-HA,1525,0,1,399,0,400,G
4-HA,1526,399,0,1,0,400,A
4-HA,1527,0,373,0,0,373,T
4-HA,1528,0,0,370,0,370,G
4-HA,1529,370,0,0,0,370,A
4-HA,1530,364,0,1,0,365,A
4-HA,1531,0,1,378,0,379,G
4-HA,1532,0,0,0,372,372,C
4-HA,1533,367,0,0,0,367,A
4-HA,1534,1,362,1,0,364,T
4-HA,1535,0,366,0,0,366,T
4-HA,1536,368,0,0,0,368,A
4-HA,1537,365,0,1,0,366,A
4-HA,1538,367,0,0,0,367,A
4-HA,1539,0,0,0,369,369,C
4-HA,1540,358,0,0,0,358,A
4-HA,1541,359,0,0,0,359,A
4-HA,1542,0,0,0,358,358,C
4-HA,1543,1,1,0,355,357,C
4-HA,1544,0,0,360,0,360,G
4-HA,1545,0,0,365,0,365,G
4-HA,1546,0,365,0,0,365,T
4-HA,1547,0,364,0,0,364,T
4-HA,1548,0,362,0,0,362,T
4-HA,1549,4,0,0,358,362,C
4-HA,1550,363,0,0,0,363,A
4-HA,1551,0,1,366,0,367,G
4-HA,1552,363,0,2,0,365,A
4-HA,1553,0,363,0,0,363,T
4-HA,1554,0,0,0,359,359,C
4-HA,1555,357,1,0,0,358,A
4-HA,1556,362,0,0,0,362,A
4-HA,1557,0,1,358,0,359,G
4-HA,1558,0,0,359,0,359,G
4-HA,1559,0,1,360,0,361,G
4-HA,1560,351,0,0,0,351,A
4-HA,1561,0,0,358,0,358,G
4-HA,1562,0,356,0,1,357,T
4-HA,1563,0,358,0,0,358,T
4-HA,1564,0,2,354,0,356,G
4-HA,1565,352,0,0,0,352,A
4-HA,1566,0,0,350,0,350,G
4-HA,1567,0,0,0,354,354,C
4-HA,1568,0,350,0,0,350,T
4-HA,1569,0,0,353,0,353,G
4-HA,1570,351,0,0,0,351,A
4-HA,1571,351,0,1,0,352,A
4-HA,1572,0,0,353,0,353,G
4-HA,1573,1,350,0,0,351,T
4-HA,1574,2,0,0,349,351,C
4-HA,1575,345,0,0,0,345,A
4-HA,1576,0,0,345,0,345,G
4-HA,1577,0,1,344,0,345,G
4-HA,1578,0,1,340,0,341,G
4-HA,1579,0,347,0,0,347,T
4-HA,1580,347,0,0,0,347,A
4-HA,1581,0,0,0,347,347,C
4-HA,1582,346,0,0,0,346,A
4-HA,1583,344,0,0,0,344,A
4-HA,1584,347,0,0,0,347,A
4-HA,1585,0,1,347,0,348,G
4-HA,1586,336,0,0,0,336,A
4-HA,1587,1,326,0,0,327,T
4-HA,1588,0,327,0,0,327,T
4-HA,1589,0,0,327,0,327,G
4-HA,1590,0,0,322,0,322,G
4-HA,1591,324,0,0,0,324,A
4-HA,1592,0,327,0,0,327,T
4-HA,1593,0,0,0,326,326,C
4-HA,1594,0,0,0,317,317,C
4-HA,1595,1,310,0,0,311,T
4-HA,1596,315,0,0,0,315,A
4-HA,1597,0,314,0,0,314,T
4-HA,1598,0,0,311,0,311,G
4-HA,1599,0,1,306,0,307,G
4-HA,1600,306,0,0,0,306,A
4-HA,1601,0,307,0,0,307,T
4-HA,1602,0,305,0,0,305,T
4-HA,1603,0,304,0,0,304,T
4-HA,1604,1,0,0,304,305,C
4-HA,1605,1,0,0,302,303,C
4-HA,1606,0,294,0,0,294,T
4-HA,1607,1,292,0,0,293,T
4-HA,1608,0,289,0,0,289,T
4-HA,1609,0,0,289,0,289,G
4-HA,1610,0,0,0,289,289,C
4-HA,1611,0,0,0,289,289,C
4-HA,1612,284,0,0,0,284,A
4-HA,1613,0,282,0,0,282,T
4-HA,1614,285,0,0,0,285,A
4-HA,1615,0,282,0,0,282,T
4-HA,1616,1,0,0,282,283,C
4-HA,1617,283,0,0,0,283,A
4-HA,1618,0,276,0,0,276,T
4-HA,1619,0,0,278,0,278,G
4-HA,1620,0,277,0,0,277,T
4-HA,1621,0,275,0,0,275,T
4-HA,1622,0,276,0,0,276,T
4-HA,1623,0,266,0,0,266,T
4-HA,1624,0,264,0,0,264,T
4-HA,1625,0,264,0,0,264,T
4-HA,1626,0,0,267,0,267,G
4-HA,1627,0,0,0,266,266,C
4-HA,1628,0,262,0,1,263,T
4-HA,1629,0,262,0,0,262,T
4-HA,1630,0,260,0,0,260,T
4-HA,1631,0,0,262,0,262,G
4-HA,1632,0,260,0,1,261,T
4-HA,1633,0,0,262,0,262,G
4-HA,1634,0,263,0,0,263,T
4-HA,1635,0,254,0,0,254,T
4-HA,1636,0,0,256,0,256,G
4-HA,1637,0,0,0,255,255,C
4-HA,1638,0,251,1,1,253,T
4-HA,1639,0,254,0,1,255,T
4-HA,1640,0,233,0,0,233,T
4-HA,1641,0,0,238,0,238,G
4-HA,1642,0,237,0,0,237,T
4-HA,1643,0,237,0,0,237,T
4-HA,1644,0,0,236,0,236,G
4-HA,1645,0,0,228,0,228,G
4-HA,1646,0,0,227,0,227,G
4-HA,1647,0,0,227,0,227,G
4-HA,1648,0,224,0,0,224,T
4-HA,1649,0,225,0,0,225,T
4-HA,1650,3,0,0,222,225,C
4-HA,1651,222,0,0,0,222,A
4-HA,1652,0,223,0,0,223,T
4-HA,1653,1,0,0,219,220,C
4-HA,1654,221,0,0,0,221,A
4-HA,1655,0,216,0,0,216,T
4-HA,1656,1,0,214,0,215,G
4-HA,1657,0,203,0,2,205,T
4-HA,1658,0,0,205,0,205,G
4-HA,1659,0,0,197,0,197,G
4-HA,1660,0,0,196,0,196,G
4-HA,1661,0,0,0,194,194,C
4-HA,1662,0,0,0,187,187,C
4-HA,1663,0,176,0,2,178,T
4-HA,1664,0,0,178,0,178,G
4-HA,1665,0,0,0,178,178,C
4-HA,1666,0,0,0,178,178,C
4-HA,1667,178,0,0,0,178,A
4-HA,1668,176,0,0,0,176,A
4-HA,1669,175,0,0,0,175,A
4-HA,1670,173,0,2,0,175,A
4-HA,1671,174,0,0,0,174,A
4-HA,1672,0,0,175,0,175,G
4-HA,1673,1,0,166,0,167,G
4-HA,1674,0,0,0,166,166,C
4-HA,1675,162,0,0,0,162,A
4-HA,1676,166,0,0,0,166,A
4-HA,1677,0,0,0,166,166,C
4-HA,1678,166,0,0,0,166,A
4-HA,1679,0,166,0,0,166,T
4-HA,1680,0,164,0,0,164,T
4-HA,1681,161,0,0,0,161,A
4-HA,1682,0,0,157,0,157,G
4-HA,1683,0,0,158,0,158,G
4-HA,1684,0,155,0,0,155,T
4-HA,1685,0,0,147,0,147,G
4-HA,1686,1,0,0,136,137,C
4-HA,1687,135,0,0,0,135,A
4-HA,1688,135,0,0,0,135,A
4-HA,1689,0,0,0,135,135,C
4-HA,1690,132,0,0,0,132,A
4-HA,1691,0,132,0,0,132,T
4-HA,1692,0,128,0,0,128,T
4-HA,1693,0,128,0,0,128,T
4-HA,1694,0,0,128,0,128,G
4-HA,1695,0,0,0,127,127,C
4-HA,1696,124,0,0,0,124,A
4-HA,1697,0,113,0,0,113,T
4-HA,1698,0,112,0,0,112,T
4-HA,1699,0,106,0,0,106,T
4-HA,1700,0,0,106,0,106,G
4-HA,1701,99,0,0,0,99,A
5-NP,1,192,0,0,0,192,A
5-NP,2,0,193,0,0,193,T
5-NP,3,0,0,193,0,193,G
5-NP,4,0,0,195,0,195,G
5-NP,5,0,0,0,196,196,C
5-NP,6,0,0,201,0,201,G
5-NP,7,0,207,0,0,207,T
5-NP,8,2,0,0,206,208,C
5-NP,9,0,0,0,213,213,C
5-NP,10,1,0,1,211,213,C
5-NP,11,213,0,0,0,213,A
5-NP,12,212,0,0,0,212,A
5-NP,13,0,1,214,0,215,G
5-NP,14,0,0,226,0,226,G
5-NP,15,0,0,0,229,229,C
5-NP,16,229,0,0,0,229,A
5-NP,17,0,0,0,232,232,C
5-NP,18,1,0,0,231,232,C
5-NP,19,235,0,0,0,235,A
5-NP,20,235,0,0,0,235,A
5-NP,21,236,0,0,0,236,A
5-NP,22,0,0,0,237,237,C
5-NP,23,0,1,238,0,239,G
5-NP,24,0,0,256,0,256,G
5-NP,25,0,257,0,0,257,T
5-NP,26,0,0,0,279,279,C
5-NP,27,0,280,0,0,280,T
5-NP,28,0,285,0,0,285,T
5-NP,29,286,0,0,0,286,A
5-NP,30,1,284,0,0,285,T
5-NP,31,1,1,284,0,286,G
5-NP,32,285,0,0,0,285,A
5-NP,33,285,0,0,0,285,A
5-NP,34,0,0,0,286,286,C
5-NP,35,282,0,0,0,282,A
5-NP,36,0,0,303,0,303,G
5-NP,37,303,0,0,0,303,A
5-NP,38,0,307,0,0,307,T
5-NP,39,0,2,305,0,307,G
5-NP,40,0,2,306,0,308,G
5-NP,41,305,0,1,0,306,A
5-NP,42,309,0,0,0,309,A
5-NP,43,307,0,1,0,308,A
5-NP,44,0,0,0,320,320,C
5-NP,45,0,319,0,0,319,T
5-NP,46,0,0,322,0,322,G
5-NP,47,322,0,0,0,322,A
5-NP,48,0,322,0,0,322,T
5-NP,49,0,1,320,0,321,G
5-NP,50,0,1,322,0,323,G
5-NP,51,0,0,323,0,323,G
5-NP,52,0,0,324,0,324,G
5-NP,53,322,0,0,0,322,A
5-NP,54,0,323,0,0,323,T
5-NP,55,2,0,0,321,323,C
5-NP,56,0,0,326,0,326,G
5-NP,57,0,0,0,335,335,C
5-NP,58,0,0,0,335,335,C
5-NP,59,335,1,0,0,336,A
5-NP,60,0,0,339,0,339,G
5-NP,61,336,0,0,0,336,A
5-NP,62,339,0,0,0,339,A
5-NP,63,1,338,0,1,340,T
5-NP,64,0,0,342,0,342,G
5-NP,65,0,1,0,345,346,C
5-NP,66,344,0,0,0,344,A
5-NP,67,352,0,0,0,352,A
5-NP,68,0,0,0,353,353,C
5-NP,69,0,350,0,0,350,T
5-NP,70,0,2,352,0,354,G
5-NP,71,361,0,0,0,361,A
5-NP,72,0,1,378,0,379,G
5-NP,73,377,0,0,0,377,A
5-NP,74,0,378,0,0,378,T
5-NP,75,0,378,0,0,378,T
5-NP,76,375,0,0,0,375,A
5-NP,77,0,0,379,0,379,G
5-NP,78,0,2,376,0,378,G
5-NP,79,0,0,378,0,378,G
5-NP,80,0,0,0,376,376,C
5-NP,81,373,0,0,0,373,A
5-NP,82,0,373,0,0,373,T
5-NP,83,1,0,0,372,373,C
5-NP,84,2,0,0,372,374,C
5-NP,85,0,0,379,0,379,G
5-NP,86,0,380,0,0,380,T
5-NP,87,1,0,0,380,381,C
5-NP,88,0,1,380,0,381,G
5-NP,89,0,0,382,0,382,G
5-NP,90,0,0,382,0,382,G
5-NP,91,379,0,0,0,379,A
5-NP,92,380,0,0,0,380,A
5-NP,93,0,0,382,0,382,G
5-NP,94,382,0,0,0,382,A
5-NP,95,0,384,0,0,384,T
5-NP,96,0,0,388,0,388,G
5-NP,97,387,0,0,0,387,A
5-NP,98,1,387,0,0,388,T
5-NP,99,0,387,0,0,387,T
5-NP,100,0,0,390,0,390,G
5-NP,101,389,0,1,0,390,A
5-NP,102,0,392,0,0,392,T
5-NP,103,0,3,385,0,388,G
5-NP,104,0,1,385,1,387,G
5-NP,105,0,1,387,0,388,G
5-NP,106,412,0,0,0,412,A
5-NP,107,0,411,0,0,411,T
5-NP,108,0,411,0,0,411,T
5-NP,109,0,1,413,0,414,G
5-NP,110,1,0,415,0,416,G
5-NP,111,0,0,418,0,418,G
5-NP,112,415,0,1,0,416,A
5-NP,113,0,0,417,0,417,G
5-NP,114,410,0,0,0,410,A
5-NP,115,0,417,0,0,417,T
5-NP,116,0,417,0,0,417,T
5-NP,117,0,0,0,417,417,C
5-NP,118,0,417,0,0,417,T
5-NP,119,426,0,0,0,426,A
5-NP,120,0,0,0,428,428,C
5-NP,121,438,0,0,0,438,A
5-NP,122,0,438,0,0,438,T
5-NP,123,0,0,0,435,435,C
5-NP,124,1,0,0,436,437,C
5-NP,125,435,1,1,0,437,A
5-NP,126,442,0,0,0,442,A
5-NP,127,443,0,0,0,443,A
5-NP,128,0,436,0,0,436,T
5-NP,129,0,1,436,0,437,G
5-NP,130,0,433,0,0,433,T
5-NP,131,0,1,437,0,438,G
5-NP,132,0,1,0,436,437,C
5-NP,133,437,1,0,0,438,A
5-NP,134,0,0,0,436,436,C
5-NP,135,0,433,0,0,433,T
5-NP,136,0,3,449,0,452,G
5-NP,137,457,0,0,0,457,A
5-NP,138,463,0,0,0,463,A
5-NP,139,0,0,0,467,467,C
5-NP,140,0,467,0,0,467,T
5-NP,141,0,467,0,0,467,T
5-NP,142,469,0,0,0,469,A
5-NP,143,469,0,0,0,469,A
5-NP,144,470,0,0,0,470,A
5-NP,145,0,0,0,476,476,C
5-NP,146,0,464,0,0,464,T
5-NP,147,2,0,0,464,466,C
5-NP,148,461,0,0,0,461,A
5-NP,149,0,0,470,0,470,G
5-NP,150,0,470,0,0,470,T
5-NP,151,0,4,465,1,470,G
5-NP,152,470,0,0,0,470,A
5-NP,153,0,472,0,0,472,T
5-NP,154,1,0,0,478,479,C
5-NP,155,478,0,1,0,479,A
5-NP,156,0,481,0,0,481,T
5-NP,157,0,2,480,0,482,G
5-NP,158,479,1,0,0,480,A
5-NP,159,477,0,0,0,477,A
5-NP,160,0,1,475,0,476,G
5-NP,161,0,0,473,0,473,G
5-NP,162,0,2,467,0,469,G
5-NP,163,0,0,0,470,470,C
5-NP,164,0,0,472,0,472,G
5-NP,165,0,0,473,0,473,G
5-NP,166,0,470,1,0,471,T
5-NP,167,0,470,0,0,470,T
5-NP,168,0,1,474,0,475,G
5-NP,169,521,0,1,0,522,A
5-NP,170,0,526,0,0,526,T
5-NP,171,3,0,0,522,525,C
5-NP,172,0,1,0,526,527,C
5-NP,173,520,0,0,0,520,A
5-NP,174,0,2,522,0,524,G
5-NP,175,524,0,0,0,524,A
5-NP,176,522,0,0,0,522,A
5-NP,177,0,0,0,525,525,C
5-NP,178,496,0,0,0,496,A
5-NP,179,0,0,499,0,499,G
5-NP,180,0,0,0,501,501,C
5-NP,181,0,502,0,0,502,T
5-NP,182,0,503,0,1,504,T
5-NP,183,1,3,500,0,504,G
5-NP,184,507,0,1,0,508,A
5-NP,185,0,0,0,508,508,C
5-NP,186,506,0,0,0,506,A
5-NP,187,512,0,0,0,512,A
5-NP,188,1,511,0,0,512,T
5-NP,189,509,0,0,0,509,A
5-NP,190,0,3,512,0,515,G
5-NP,191,509,0,0,0,509,A
5-NP,192,0,1,508,0,509,G
5-NP,193,507,0,0,0,507,A
5-NP,194,518,0,1,0,519,A
5-NP,195,516,0,0,0,516,A
5-NP,196,518,0,0,0,518,A
5-NP,197,0,521,0,0,521,T
5-NP,198,0,0,522,0,522,G
5-NP,199,1,1,519,0,521,G
5-NP,200,0,518,0,0,518,T
5-NP,201,507,0,5,0,512,A
5-NP,202,0,0,0,522,522,C
5-NP,203,0,519,0,0,519,T
5-NP,204,1,0,0,522,523,C
5-NP,205,0,518,0,0,518,T
5-NP,206,2,0,0,517,519,C
5-NP,207,0,0,521,0,521,G
5-NP,208,0,0,525,0,525,G
5-NP,209,0,0,0,524,524,C
5-NP,210,0,520,0,0,520,T
5-NP,211,0,521,0,1,522,T
5-NP,212,0,521,0,1,522,T
5-NP,213,1,519,0,0,520,T
5-NP,214,0,2,523,0,525,G
5-NP,215,520,0,1,0,521,A
5-NP,216,0,523,0,0,523,T
5-NP,217,0,0,527,0,527,G
5-NP,218,527,0,1,0,528,A
5-NP,219,525,0,0,0,525,A
5-NP,220,526,0,0,0,526,A
5-NP,221,0,0,527,0,527,G
5-NP,222,528,0,0,1,529,A
5-NP,223,528,0,0,0,528,A
5-NP,224,0,1,529,0,530,G
5-NP,225,0,3,541,0,544,G
5-NP,226,547,0,1,0,548,A
5-NP,227,548,1,0,0,549,A
5-NP,228,0,553,0,0,553,T
5-NP,229,557,0,0,0,557,A
5-NP,230,552,0,0,1,553,A
5-NP,231,554,0,1,0,555,A
5-NP,232,0,558,0,0,558,T
5-NP,233,562,0,0,0,562,A
5-NP,234,0,0,0,560,560,C
5-NP,235,0,0,0,555,555,C
5-NP,236,0,554,0,0,554,T
5-NP,237,0,0,554,0,554,G
5-NP,238,0,1,557,0,558,G
5-NP,239,563,0,0,0,563,A
5-NP,240,561,0,0,0,561,A
5-NP,241,0,3,573,0,576,G
5-NP,242,576,1,0,0,577,A
5-NP,243,572,0,2,0,574,A
5-NP,244,0,1,0,573,574,C
5-NP,245,571,0,0,0,571,A
5-NP,246,0,1,0,584,585,C
5-NP,247,0,0,0,580,580,C
5-NP,248,1,0,0,579,580,C
5-NP,249,0,0,0,582,582,C
5-NP,250,574,0,1,0,575,A
5-NP,251,0,0,577,0,577,G
5-NP,252,0,1,0,575,576,C
5-NP,253,0,0,576,0,576,G
5-NP,254,0,0,0,576,576,C
5-NP,255,0,1,569,0,570,G
5-NP,256,0,0,580,0,580,G
5-NP,257,0,1,571,0,572,G
5-NP,258,0,1,584,0,585,G
5-NP,259,581,0,0,0,581,A
5-NP,260,580,0,0,0,580,A
5-NP,261,583,0,1,0,584,A
5-NP,262,0,1,581,0,582,G
5-NP,263,584,0,0,0,584,A
5-NP,264,1,576,1,0,578,T
5-NP,265,1,0,0,577,578,C
5-NP,266,3,0,0,571,574,C
5-NP,267,2,1,0,577,580,C
5-NP,268,582,0,0,0,582,A
5-NP,269,584,0,0,0,584,A
5-NP,270,0,1,583,0,584,G
5-NP,271,583,0,0,0,583,A
5-NP,272,585,0,1,0,586,A
5-NP,273,582,0,0,0,582,A
5-NP,274,585,0,0,0,585,A
5-NP,275,0,0,0,585,585,C
5-NP,276,0,578,0,0,578,T
5-NP,277,0,0,578,0,578,G
5-NP,278,0,2,576,0,578,G
5-NP,279,0,0,581,0,581,G
5-NP,280,0,0,578,0,578,G
5-NP,281,0,0,580,0,580,G
5-NP,282,0,1,591,0,592,G
5-NP,283,0,0,0,633,633,C
5-NP,284,1,0,0,635,636,C
5-NP,285,1,0,0,642,643,C
5-NP,286,707,0,0,0,707,A
5-NP,287,0,712,1,0,713,T
5-NP,288,742,0,0,0,742,A
5-NP,289,0,742,0,0,742,T
5-NP,290,737,0,1,0,738,A
5-NP,291,0,0,0,745,745,C
5-NP,292,678,0,0,0,678,A
5-NP,293,0,0,686,0,686,G
5-NP,294,0,0,688,0,688,G
5-NP,295,628,0,0,0,628,A
5-NP,296,0,2,631,0,633,G
5-NP,297,601,0,1,0,602,A
5-NP,298,0,0,607,0,607,G
5-NP,299,0,611,0,0,611,T
5-NP,300,605,0,1,0,606,A
5-NP,301,0,0,607,0,607,G
5-NP,302,597,0,1,0,598,A
5-NP,303,0,601,0,0,601,T
5-NP,304,0,0,599,0,599,G
5-NP,305,0,0,596,0,596,G
5-NP,306,597,0,0,0,597,A
5-NP,307,584,2,0,0,586,A
5-NP,308,592,0,0,0,592,A
5-NP,309,592,0,0,0,592,A
5-NP,310,0,592,0,0,592,T
5-NP,311,0,1,597,0,598,G
5-NP,312,0,0,599,0,599,G
5-NP,313,601,0,0,0,601,A
5-NP,314,0,594,0,0,594,T
5-NP,315,0,1,594,0,595,G
5-NP,316,594,0,0,0,594,A
5-NP,317,2,1,597,0,600,G
5-NP,318,0,0,592,0,592,G
5-NP,319,4,1,593,1,599,G
5-NP,320,611,0,0,0,611,A
5-NP,321,616,1,0,0,617,A
5-NP,322,1,0,0,639,640,C
5-NP,323,0,639,0,0,639,T
5-NP,324,1,0,0,656,657,C
5-NP,325,1,0,670,0,671,G
5-NP,326,0,681,0,0,681,T
5-NP,327,0,0,0,691,691,C
5-NP,328,2,0,1,830,833,C
5-NP,329,0,836,0,0,836,T
5-NP,330,0,845,0,1,846,T
5-NP,331,0,851,0,0,851,T
5-NP,332,850,0,0,0,850,A
5-NP,333,0,854,0,0,854,T
5-NP,334,0,3,853,0,856,G
5-NP,335,861,2,2,0,865,A
5-NP,336,0,0,0,864,864,C
5-NP,337,851,0,0,0,851,A
5-NP,338,851,0,2,0,853,A
5-NP,339,865,0,1,0,866,A
5-NP,340,0,0,945,0,945,G
5-NP,341,944,0,1,0,945,A
5-NP,342,943,0,0,0,943,A
5-NP,343,0,1,1025,1,1027,G
5-NP,344,1037,0,0,0,1037,A
5-NP,345,1045,0,0,0,1045,A
5-NP,346,1047,0,1,0,1048,A
5-NP,347,0,1043,0,1,1044,T
5-NP,348,1047,0,1,0,1048,A
5-NP,349,1047,1,1,0,1049,A
5-NP,350,0,1,1063,0,1064,G
5-NP,351,0,1,1062,0,1063,G
5-NP,352,0,1,0,1061,1062,C
5-NP,353,0,5,1062,1,1068,G
5-NP,354,1076,0,0,0,1076,A
5-NP,355,1107,0,0,0,1107,A
5-NP,356,0,1115,0,0,1115,T
5-NP,357,1,0,0,1113,1114,C
5-NP,358,1,1108,0,5,1114,T
5-NP,359,1,3,1115,0,1119,G
5-NP,360,0,0,1121,0,1121,G
5-NP,361,1,0,0,1122,1123,C
5-NP,362,2,1,1121,0,1124,G
5-NP,363,3,1,0,1115,1119,C
5-NP,364,0,0,0,1120,1120,C
5-NP,365,1129,2,2,0,1133,A
5-NP,366,1150,0,0,0,1150,A
5-NP,367,1,0,1202,0,1203,G
5-NP,368,1,0,0,1203,1204,C
5-NP,369,3,0,0,1226,1229,C
5-NP,370,1235,0,0,0,1235,A
5-NP,371,1262,0,0,0,1262,A
5-NP,372,1,0,0,1280,1281,C
5-NP,373,1282,1,0,0,1283,A
5-NP,374,1345,0,0,0,1345,A
5-NP,375,0,1344,0,1,1345,T
5-NP,376,0,1,1407,0,1408,G
5-NP,377,4,0,1405,0,1409,G
5-NP,378,1,1400,0,0,1401,T
5-NP,379,0,3,1405,0,1408,G
5-NP,380,1404,0,2,0,1406,A
5-NP,381,1,3,1442,0,1446,G
5-NP,382,1,1,1444,0,1446,G
5-NP,383,1470,0,0,0,1470,A
5-NP,384,0,1631,0,1,1632,T
5-NP,385,0,0,1681,0,1681,G
5-NP,386,1,1,0,1690,1692,C
5-NP,387,0,1698,0,2,1700,T
5-NP,388,1711,0,1,0,1712,A
5-NP,389,0,1,0,1752,1753,C
5-NP,390,1754,0,0,0,1754,A
5-NP,391,0,1742,0,2,1744,T
5-NP,392,1,0,0,1741,1742,C
5-NP,393,0,1688,0,2,1690,T
5-NP,394,0,3,1789,0,1792,G
5-NP,395,0,0,1855,0,1855,G
5-NP,396,1,1857,0,1,1859,T
5-NP,397,11,0,1,1851,1863,C
5-NP,398,1,1851,0,0,1852,T
5-NP,399,1902,0,1,0,1903,A
5-NP,400,1905,0,1,0,1906,A
5-NP,401,0,1,0,1921,1922,C
5-NP,402,0,1923,0,0,1923,T
5-NP,403,4,0,0,1955,1959,C
5-NP,404,1953,0,1,0,1954,A
5-NP,405,0,0,0,2065,2065,C
5-NP,406,2062,0,0,0,2062,A
5-NP,407,0,2071,0,1,2072,T
5-NP,408,2049,0,3,0,2052,A
5-NP,409,2062,0,1,0,2063,A
5-NP,410,0,2086,0,0,2086,T
5-NP,411,0,13,2098,0,2111,G
5-NP,412,2105,0,0,0,2105,A
5-NP,413,1,2086,0,2,2089,T
5-NP,414,0,2064,0,0,2064,T
5-NP,415,0,2066,0,1,2067,T
5-NP,416,0,4,2059,1,2064,G
5-NP,417,1,1,2064,0,2066,G
5-NP,418,1,1,0,2063,2065,C
5-NP,419,2066,0,0,0,2066,A
5-NP,420,0,2066,0,0,2066,T
5-NP,421,0,2065,0,1,2066,T
5-NP,422,4,0,0,2064,2068,C
5-NP,423,1,0,0,2071,2072,C
5-NP,424,2112,0,0,0,2112,A
5-NP,425,2112,1,0,0,2113,A
5-NP,426,0,2116,0,1,2117,T
5-NP,427,1,2118,0,0,2119,T
5-NP,428,1,2116,0,1,2118,T
5-NP,429,0,10,2133,0,2143,G
5-NP,430,2142,0,3,1,2146,A
5-NP,431,2146,0,0,0,2146,A
5-NP,432,2,2163,0,1,2166,T
5-NP,433,0,3,2139,0,2142,G
5-NP,434,2238,0,2,0,2240,A
5-NP,435,0,2245,0,0,2245,T
5-NP,436,0,1,2250,0,2251,G
5-NP,437,1,0,0,2299,2300,C
5-NP,438,2295,1,2,0,2298,A
5-NP,439,2400,0,2,0,2402,A
5-NP,440,0,0,0,2402,2402,C
5-NP,441,2462,0,1,1,2464,A
5-NP,442,0,2491,0,1,2492,T
5-NP,443,2432,1,1,0,2434,A
5-NP,444,0,2,0,2488,2490,C
5-NP,445,2,3,0,2483,2488,C
5-NP,446,2458,0,1,1,2460,A
5-NP,447,0,9,2491,0,2500,G
5-NP,448,2462,0,5,1,2468,A
5-NP,449,0,10,2457,0,2467,G
5-NP,450,2401,0,1,0,2402,A
5-NP,451,2482,0,0,1,2483,A
5-NP,452,1,0,0,2511,2512,C
5-NP,453,2512,1,0,0,2513,A
5-NP,454,2516,0,2,0,2518,A
5-NP,455,0,4,2520,0,2524,G
5-NP,456,2486,0,4,0,2490,A
5-NP,457,0,2,2503,0,2505,G
5-NP,458,0,1,0,2502,2503,C
5-NP,459,0,2487,0,5,2492,T
5-NP,460,7,0,1,2506,2514,C
5-NP,461,0,2508,0,0,2508,T
5-NP,462,0,2521,0,0,2521,T
5-NP,463,0,1,2537,0,2538,G
5-NP,464,0,2537,1,0,2538,T
5-NP,465,0,2536,0,0,2536,T
5-NP,466,12,2,1,2517,2532,C
5-NP,467,1,12,2511,0,2524,G
5-NP,468,2584,1,2,0,2587,A
5-NP,469,2589,1,0,1,2591,A
5-NP,470,1,0,0,2613,2614,C
5-NP,471,0,2607,0,1,2608,T
5-NP,472,0,1,2651,0,2652,G
5-NP,473,0,6,2648,0,2654,G
5-NP,474,2650,2,4,0,2656,A
5-NP,475,2658,1,1,0,2660,A
5-NP,476,1,2654,0,0,2655,T
5-NP,477,2,7,2643,0,2652,G
5-NP,478,1,2,2657,0,2660,G
5-NP,479,2673,0,1,0,2674,A
5-NP,480,0,2708,0,4,2712,T
5-NP,481,5,0,0,2728,2733,C
5-NP,482,1,0,0,2725,2726,C
5-NP,483,4,0,0,2732,2736,C
5-NP,484,2762,1,0,1,2764,A
5-NP,485,1,8,2778,0,2787,G
5-NP,486,2781,0,1,1,2783,A
5-NP,487,2781,1,1,2,2785,A
5-NP,488,0,2768,0,0,2768,T
5-NP,489,0,1,2794,0,2795,G
5-NP,490,0,2783,0,1,2784,T
5-NP,491,1,0,2804,0,2805,G
5-NP,492,2,0,0,2807,2809,C
5-NP,493,0,2797,0,4,2801,T
5-NP,494,13,0,0,2952,2965,C
5-NP,495,1,2938,0,0,2939,T
5-NP,496,6,0,0,3059,3065,C
5-NP,497,0,3055,0,0,3055,T
5-NP,498,1,7,3046,0,3054,G
5-NP,499,3065,2,2,0,3069,A
5-NP,500,0,3055,0,0,3055,T
5-NP,501,0,1,3055,0,3056,G
5-NP,502,1,4,0,3045,3050,C
5-NP,503,2951,2,3,0,2956,A
5-NP,504,0,8,3045,2,3055,G
5-NP,505,2,6,2986,0,2994,G
5-NP,506,0,2,3029,0,3031,G
5-NP,507,0,0,0,3026,3026,C
5-NP,508,0,3019,0,2,3021,T
5-NP,509,6,2,0,3023,3031,C
5-NP,510,1,15,3010,0,3026,G
5-NP,511,3066,1,1,0,3068,A
5-NP,512,0,1,0,3066,3067,C
5-NP,513,0,3028,0,3,3031,T
5-NP,514,12,0,0,3173,3185,C
5-NP,515,0,3184,0,0,3184,T
5-NP,516,8,0,0,3634,3642,C
5-NP,517,2,0,0,3636,3638,C
5-NP,518,9,0,0,3650,3659,C
5-NP,519,0,3652,0,2,3654,T
5-NP,520,3632,1,0,0,3633,A
5-NP,521,5,4,3624,0,3633,G
5-NP,522,3628,0,1,0,3629,A
5-NP,523,3531,0,1,1,3533,A
5-NP,524,0,3,3536,0,3539,G
5-NP,525,1,2,3485,1,3489,G
5-NP,526,1,3448,0,3,3452,T
5-NP,527,6,1,0,3439,3446,C
5-NP,528,1,2,2,3449,3454,C
5-NP,529,2,4,3455,0,3461,G
5-NP,530,0,9,3475,0,3484,G
5-NP,531,3485,0,3,0,3488,A
5-NP,532,1,2,3520,0,3523,G
5-NP,533,1,0,1,3529,3531,C
5-NP,534,0,3491,1,3,3495,T
5-NP,535,1,0,3497,0,3498,G
5-NP,536,1,0,10,3511,3522,C
5-NP,537,3519,1,3,1,3524,A
5-NP,538,0,4,3530,0,3534,G
5-NP,539,0,0,3536,0,3536,G
5-NP,540,3,3524,0,1,3528,T
5-NP,541,0,5,3489,0,3494,G
5-NP,542,1,1,0,3510,3512,C
5-NP,543,1,3494,0,6,3501,T
5-NP,544,1,0,3517,0,3518,G
5-NP,545,3,0,0,3514,3517,C
5-NP,546,3559,1,2,0,3562,A
5-NP,547,0,0,3623,1,3624,G
5-NP,548,0,3599,0,2,3601,T
5-NP,549,14,1,0,3588,3603,C
5-NP,550,3604,0,3,0,3607,A
5-NP,551,3607,0,6,0,3613,A
5-NP,552,3594,0,14,1,3609,A
5-NP,553,0,6,3618,0,3624,G
5-NP,554,0,9,3623,0,3632,G
5-NP,555,3610,1,4,0,3615,A
5-NP,556,3591,1,0,0,3592,A
5-NP,557,0,3594,0,1,3595,T
5-NP,558,9,2,0,3584,3595,C
5-NP,559,1,4,3590,0,3595,G
5-NP,560,0,6,3700,1,3707,G
5-NP,561,0,10,3695,0,3705,G
5-NP,562,3693,0,5,0,3698,A
5-NP,563,0,2,0,3705,3707,C
5-NP,564,3676,0,0,0,3676,A
5-NP,565,3758,1,3,0,3762,A
5-NP,566,1,3772,0,3,3776,T
5-NP,567,0,4,3791,0,3795,G
5-NP,568,0,1,3830,0,3831,G
5-NP,569,1,3794,0,0,3795,T
5-NP,570,1,7,3797,0,3805,G
5-NP,571,3798,1,1,0,3800,A
5-NP,572,0,3784,0,5,3789,T
5-NP,573,1,11,3791,0,3803,G
5-NP,574,0,11,3851,0,3862,G
5-NP,575,3852,2,6,0,3860,A
5-NP,576,3859,2,1,0,3862,A
5-NP,577,1,1,0,3848,3850,C
5-NP,578,1,3806,0,0,3807,T
5-NP,579,3790,0,0,0,3790,A
5-NP,580,3968,1,2,1,3972,A
5-NP,581,1,3974,0,1,3976,T
5-NP,582,16,1,0,3971,3988,C
5-NP,583,3887,0,0,0,3887,A
5-NP,584,1,13,3931,0,3945,G
5-NP,585,3933,0,2,0,3935,A
5-NP,586,3933,1,1,1,3936,A
5-NP,587,1,3942,0,1,3944,T
5-NP,588,0,15,3888,0,3903,G
5-NP,589,1,1,3962,0,3964,G
5-NP,590,2,3968,0,4,3974,T
5-NP,591,14,0,0,3972,3986,C
5-NP,592,3987,2,0,0,3989,A
5-NP,593,3982,1,4,0,3987,A
5-NP,594,3986,0,1,0,3987,A
5-NP,595,1,5,0,3986,3992,C
5-NP,596,5,8,3959,1,3973,G
5-NP,597,9,5,3984,0,3998,G
5-NP,598,1,11,3951,0,3963,G
5-NP,599,2,14,3963,0,3979,G
5-NP,600,3,11,3970,0,3984,G
5-NP,601,3994,1,6,0,4001,A
5-NP,602,0,3960,0,5,3965,T
5-NP,603,14,0,0,3964,3978,C
5-NP,604,3979,1,2,0,3982,A
5-NP,605,3979,0,2,0,3981,A
5-NP,606,0,1,0,3956,3957,C
5-NP,607,0,12,3933,0,3945,G
5-NP,608,3935,0,1,0,3936,A
5-NP,609,1,3929,0,0,3930,T
5-NP,610,20,2,0,3907,3929,C
5-NP,611,1,10,3923,0,3934,G
5-NP,612,3924,0,0,1,3925,A
5-NP,613,3932,0,0,0,3932,A
5-NP,614,3930,1,1,1,3933,A
5-NP,615,0,3962,1,1,3964,T
5-NP,616,1,3963,1,1,3966,T
5-NP,617,0,3958,0,0,3958,T
5-NP,618,1,3968,0,2,3971,T
5-NP,619,0,3990,0,1,3991,T
5-NP,620,1,10,3983,0,3994,G
5-NP,621,0,11,3980,1,3992,G
5-NP,622,3959,0,5,1,3965,A
5-NP,623,0,3,3992,0,3995,G
5-NP,624,3933,0,11,1,3945,A
5-NP,625,1,3,4121,0,4125,G
5-NP,626,0,0,4134,0,4134,G
5-NP,627,3,4127,0,2,4132,T
5-NP,628,2,12,4127,2,4143,G
5-NP,629,4139,1,10,0,4150,A
5-NP,630,0,10,4167,0,4177,G
5-NP,631,4165,0,6,0,4171,A
5-NP,632,4160,0,1,2,4163,A
5-NP,633,0,4168,0,0,4168,T
5-NP,634,1,4,4033,1,4039,G
5-NP,635,0,5,4009,0,4014,G
5-NP,636,3980,1,5,0,3986,A
5-NP,637,0,3,1,4002,4006,C
5-NP,638,0,3,3997,0,4000,G
5-NP,639,0,4,4059,0,4063,G
5-NP,640,4054,0,2,0,4056,A
5-NP,641,4061,0,2,1,4064,A
5-NP,642,4094,1,1,0,4096,A
5-NP,643,4090,3,5,1,4099,A
5-NP,644,1,0,0,4124,4125,C
5-NP,645,4122,1,5,0,4128,A
5-NP,646,4127,0,1,0,4128,A
5-NP,647,0,6,4119,0,4125,G
5-NP,648,4004,0,3,0,4007,A
5-NP,649,4029,1,2,0,4032,A
5-NP,650,0,1,4124,0,4125,G
5-NP,651,0,4120,0,1,4121,T
5-NP,652,3,0,4308,0,4311,G
5-NP,653,1,0,0,4281,4282,C
5-NP,654,1,4274,1,3,4279,T
5-NP,655,0,4299,1,0,4300,T
5-NP,656,4338,0,0,0,4338,A
5-NP,657,0,4341,0,0,4341,T
5-NP,658,1,18,4336,0,4355,G
5-NP,659,4246,1,7,0,4254,A
5-NP,660,2,9,4263,0,4274,G
5-NP,661,4086,1,2,0,4089,A
5-NP,662,0,11,4094,0,4105,G
5-NP,663,4087,0,2,0,4089,A
5-NP,664,4124,2,1,1,4128,A
5-NP,665,0,4106,1,1,4108,T
5-NP,666,2,0,4149,0,4151,G
5-NP,667,0,4136,0,1,4137,T
5-NP,668,5,1,4139,2,4147,G
5-NP,669,3,1,0,4129,4133,C
5-NP,670,4125,0,2,0,4127,A
5-NP,671,4118,0,3,0,4121,A
5-NP,672,1,0,0,4111,4112,C
5-NP,673,4054,1,11,0,4066,A
5-NP,674,0,4064,1,1,4066,T
5-NP,675,1,4027,1,6,4035,T
5-NP,676,7,0,0,4034,4041,C
5-NP,677,1,4041,0,1,4043,T
5-NP,678,3,4040,0,1,4044,T
5-NP,679,4048,0,0,0,4048,A
5-NP,680,4030,2,1,0,4033,A
5-NP,681,4034,0,4,1,4039,A
5-NP,682,0,4,4030,0,4034,G
5-NP,683,0,9,4012,0,4021,G
5-NP,684,4010,1,0,0,4011,A
5-NP,685,4003,0,3,0,4006,A
5-NP,686,4007,0,1,0,4008,A
5-NP,687,4050,2,2,0,4054,A
5-NP,688,0,4040,0,2,4042,T
5-NP,689,1,4037,0,2,4040,T
5-NP,690,0,4054,0,0,4054,T
5-NP,691,10,0,0,4047,4057,C
5-NP,692,4060,1,2,0,4063,A
5-NP,693,4055,0,4,0,4059,A
5-NP,694,4056,1,2,2,4061,A
5-NP,695,0,1,1,4101,4103,C
5-NP,696,4053,0,2,0,4055,A
5-NP,697,0,1,4122,0,4123,G
5-NP,698,2,0,0,4112,4114,C
5-NP,699,0,4112,0,4,4116,T
5-NP,700,10,0,4190,0,4200,G
5-NP,701,1,2,0,4184,4187,C
5-NP,702,4215,1,9,0,4225,A
5-NP,703,1,1,0,4225,4227,C
5-NP,704,4194,0,2,0,4196,A
5-NP,705,4201,0,4,0,4205,A
5-NP,706,4104,0,5,0,4109,A
5-NP,707,0,9,4226,0,4235,G
5-NP,708,4214,0,4,0,4218,A
5-NP,709,3,1,4225,0,4229,G
5-NP,710,4,1,0,4191,4196,C
5-NP,711,4202,1,0,0,4203,A
5-NP,712,4305,0,3,0,4308,A
5-NP,713,0,4306,0,0,4306,T
5-NP,714,1,9,4327,0,4337,G
5-NP,715,2,0,4341,1,4344,G
5-NP,716,0,4219,0,7,4226,T
5-NP,717,4,7,4215,0,4226,G
5-NP,718,0,12,4250,1,4263,G
5-NP,719,4268,0,2,0,4270,A
5-NP,720,0,4244,0,1,4245,T
5-NP,721,9,0,0,4127,4136,C
5-NP,722,4139,1,2,0,4142,A
5-NP,723,4197,0,1,0,4198,A
5-NP,724,0,0,4212,0,4212,G
5-NP,725,0,4173,0,3,4176,T
5-NP,726,2,16,4167,0,4185,G
5-NP,727,4104,2,3,0,4109,A
5-NP,728,0,7,4123,0,4130,G
5-NP,729,4117,0,8,0,4125,A
5-NP,730,0,16,4106,0,4122,G
5-NP,731,4104,1,2,0,4107,A
5-NP,732,4025,1,0,0,4026,A
5-NP,733,4036,0,7,0,4043,A
5-NP,734,0,3,4057,1,4061,G
5-NP,735,1,4043,0,1,4045,T
5-NP,736,19,1,1,4016,4037,C
5-NP,737,2,8,4024,0,4034,G
5-NP,738,2,10,4031,0,4043,G
5-NP,739,4043,1,2,0,4046,A
5-NP,740,4062,0,2,0,4064,A
5-NP,741,1,0,0,4054,4055,C
5-NP,742,5,0,0,4030,4035,C
5-NP,743,13,1,0,4032,4046,C
5-NP,744,4035,1,3,0,4039,A
5-NP,745,1,5,4042,0,4048,G
5-NP,746,0,9,4057,1,4067,G
5-NP,747,4047,1,0,0,4048,A
5-NP,748,4041,0,1,1,4043,A
5-NP,749,4032,0,4,0,4036,A
5-NP,750,0,2,0,4045,4047,C
5-NP,751,1,0,4037,0,4038,G
5-NP,752,1,0,0,4028,4029,C
5-NP,753,0,4021,0,1,4022,T
5-NP,754,2,13,4013,0,4028,G
5-NP,755,4015,0,0,0,4015,A
5-NP,756,0,7,4056,0,4063,G
5-NP,757,4094,0,4,0,4098,A
5-NP,758,0,4100,0,0,4100,T
5-NP,759,9,1,1,4038,4049,C
5-NP,760,2,7,4046,1,4056,G
5-NP,761,4059,0,1,0,4060,A
5-NP,762,4049,1,1,0,4051,A
5-NP,763,0,9,4040,0,4049,G
5-NP,764,4025,0,5,0,4030,A
5-NP,765,0,4,0,3936,3940,C
5-NP,766,6,0,0,4029,4035,C
5-NP,767,0,4037,0,4,4041,T
5-NP,768,6,1,0,4046,4053,C
5-NP,769,4064,1,1,0,4066,A
5-NP,770,1,4061,1,0,4063,T
5-NP,771,4070,0,1,1,4072,A
5-NP,772,1,4063,0,3,4067,T
5-NP,773,0,4059,0,0,4059,T
5-NP,774,0,3975,1,2,3978,T
5-NP,775,0,3933,1,2,3936,T
5-NP,776,0,3941,0,1,3942,T
5-NP,777,3944,0,6,0,3950,A
5-NP,778,1,1,3947,1,3950,G
5-NP,779,1,5,0,3940,3946,C
5-NP,780,3937,1,1,0,3939,A
5-NP,781,3924,0,2,0,3926,A
5-NP,782,0,5,4066,0,4071,G
5-NP,783,4065,0,1,0,4066,A
5-NP,784,2,4072,2,0,4076,T
5-NP,785,1,0,0,4095,4096,C
5-NP,786,1,4044,1,31,4077,T
5-NP,787,2,0,4192,0,4194,G
5-NP,788,2,0,0,4195,4197,C
5-NP,789,4203,1,1,0,4205,A
5-NP,790,2,4240,0,4,4246,T
5-NP,791,0,4108,0,8,4116,T
5-NP,792,0,5,4333,1,4339,G
5-NP,793,4405,0,4,0,4409,A
5-NP,794,0,4393,0,2,4395,T
5-NP,795,4404,0,2,0,4406,A
5-NP,796,0,4322,0,1,4323,T
5-NP,797,0,4295,0,2,4297,T
5-NP,798,0,23,4305,1,4329,G
5-NP,799,4272,1,5,1,4279,A
5-NP,800,0,6,4304,0,4310,G
5-NP,801,4075,1,4,0,4080,A
5-NP,802,0,7,4007,0,4014,G
5-NP,803,1,17,4046,1,4065,G
5-NP,804,4053,0,3,0,4056,A
5-NP,805,1,4044,0,3,4048,T
5-NP,806,5,3,0,4056,4064,C
5-NP,807,4053,0,5,0,4058,A
5-NP,808,0,2,4080,0,4082,G
5-NP,809,0,4062,0,3,4065,T
5-NP,810,0,4033,0,0,4033,T
5-NP,811,2,1,4028,0,4031,G
5-NP,812,0,1,0,3992,3993,C
5-NP,813,0,3962,0,21,3983,T
5-NP,814,26,2,2,3976,4006,C
5-NP,815,4001,1,1,0,4003,A
5-NP,816,0,1,0,4008,4009,C
5-NP,817,3986,1,2,0,3989,A
5-NP,818,4004,0,2,0,4006,A
5-NP,819,4005,0,0,1,4006,A
5-NP,820,0,3989,0,2,3991,T
5-NP,821,4,1,0,3995,4000,C
5-NP,822,0,3978,0,1,3979,T
5-NP,823,1,3958,0,2,3961,T
5-NP,824,1,3,3971,0,3975,G
5-NP,825,3,2,0,3970,3975,C
5-NP,826,3,1,2,4020,4026,C
5-NP,827,2,4017,0,1,4020,T
5-NP,828,4030,1,3,0,4034,A
5-NP,829,1,0,0,4029,4030,C
5-NP,830,6,0,0,4020,4026,C
5-NP,831,3,4007,0,8,4018,T
5-NP,832,0,0,4082,0,4082,G
5-NP,833,1,1,0,4065,4067,C
5-NP,834,4,2,0,4068,4074,C
5-NP,835,1,4008,0,3,4012,T
5-NP,836,2,0,4067,0,4069,G
5-NP,837,1,4034,0,4,4039,T
5-NP,838,2,1,4087,0,4090,G
5-NP,839,1,1,0,4094,4096,C
5-NP,840,1,0,4146,0,4147,G
5-NP,841,1,4090,0,0,4091,T
5-NP,842,4074,0,0,0,4074,A
5-NP,843,0,4083,0,4,4087,T
5-NP,844,0,7,4072,2,4081,G
5-NP,845,1,7,4231,0,4239,G
5-NP,846,4211,0,4,0,4215,A
5-NP,847,0,2,0,4132,4134,C
5-NP,848,6,0,0,4109,4115,C
5-NP,849,0,4049,0,1,4050,T
5-NP,850,1,0,4235,0,4236,G
5-NP,851,1,2,1,4237,4241,C
5-NP,852,4220,0,27,0,4247,A
5-NP,853,0,0,4317,0,4317,G
5-NP,854,1,4084,0,1,4086,T
5-NP,855,4248,1,0,0,4249,A
5-NP,856,1,4218,1,5,4225,T
5-NP,857,8,2,0,4196,4206,C
5-NP,858,12,1,0,4211,4224,C
5-NP,859,3991,0,0,0,3991,A
5-NP,860,2,1,4017,0,4020,G
5-NP,861,1,3977,0,0,3978,T
5-NP,862,1,6,4018,0,4025,G
5-NP,863,2,2,4004,0,4008,G
5-NP,864,1,1,3940,0,3942,G
5-NP,865,0,3926,0,5,3931,T
5-NP,866,3913,1,0,0,3914,A
5-NP,867,2,1,0,3899,3902,C
5-NP,868,2,22,3873,1,3898,G
5-NP,869,3881,0,3,0,3884,A
5-NP,870,2,1,0,3883,3886,C
5-NP,871,1,3769,0,3,3773,T
5-NP,872,2,3771,2,2,3777,T
5-NP,873,7,2,0,3766,3775,C
5-NP,874,0,15,3762,1,3778,G
5-NP,875,3772,1,2,0,3775,A
5-NP,876,3779,0,2,0,3781,A
5-NP,877,3786,0,1,1,3788,A
5-NP,878,3788,0,0,0,3788,A
5-NP,879,3770,0,2,0,3772,A
5-NP,880,0,5,3787,0,3792,G
5-NP,881,3765,1,7,1,3774,A
5-NP,882,0,11,3787,0,3798,G
5-NP,883,1,6,3808,0,3815,G
5-NP,884,3,10,3804,0,3817,G
5-NP,885,3839,0,1,0,3840,A
5-NP,886,3,3829,0,1,3833,T
5-NP,887,3860,0,1,0,3861,A
5-NP,888,0,3840,1,4,3845,T
5-NP,889,1,3857,0,2,3860,T
5-NP,890,6,0,0,3897,3903,C
5-NP,891,3,0,0,3855,3858,C
5-NP,892,0,3813,0,0,3813,T
5-NP,893,1,3813,0,0,3814,T
5-NP,894,2,4,3845,0,3851,G
5-NP,895,0,0,3861,0,3861,G
5-NP,896,0,3825,0,3,3828,T
5-NP,897,1,5,3797,0,3803,G
5-NP,898,1,3,3796,1,3801,G
5-NP,899,2,11,3972,0,3985,G
5-NP,900,3980,0,3,0,3983,A
5-NP,901,3984,0,3,0,3987,A
5-NP,902,0,3986,0,1,3987,T
5-NP,903,3901,0,4,0,3905,A
5-NP,904,1,6,3903,0,3910,G
5-NP,905,3886,3,4,0,3893,A
5-NP,906,2,1,0,3884,3887,C
5-NP,907,7,1,0,3846,3854,C
5-NP,908,12,0,0,3683,3695,C
5-NP,909,1,3722,0,9,3732,T
5-NP,910,0,3737,0,0,3737,T
5-NP,911,0,3740,0,0,3740,T
5-NP,912,8,1,0,3738,3747,C
5-NP,913,3732,0,2,0,3734,A
5-NP,914,3738,1,3,0,3742,A
5-NP,915,3722,0,3,0,3725,A
5-NP,916,2,0,0,3732,3734,C
5-NP,917,1,3638,0,2,3641,T
5-NP,918,3611,0,0,0,3611,A
5-NP,919,0,1,0,3635,3636,C
5-NP,920,1,3623,1,0,3625,T
5-NP,921,1,3620,1,1,3623,T
5-NP,922,6,0,0,3624,3630,C
5-NP,923,3618,1,1,0,3620,A
5-NP,924,3617,0,2,1,3620,A
5-NP,925,3610,0,0,1,3611,A
5-NP,926,3613,0,0,1,3614,A
5-NP,927,0,3583,0,1,3584,T
5-NP,928,3523,2,1,0,3526,A
5-NP,929,1,0,3557,0,3558,G
5-NP,930,1,3,0,3567,3571,C
5-NP,931,10,1,0,3597,3608,C
5-NP,932,3616,1,1,0,3618,A
5-NP,933,3621,0,1,0,3622,A
5-NP,934,3714,1,0,1,3716,A
5-NP,935,0,3726,0,3,3729,T
5-NP,936,3743,0,4,0,3747,A
5-NP,937,0,3742,0,1,3743,T
5-NP,938,3685,1,1,0,3687,A
5-NP,939,0,0,0,3689,3689,C
5-NP,940,3618,1,1,0,3620,A
5-NP,941,1,0,3731,0,3732,G
5-NP,942,0,0,0,3716,3716,C
5-NP,943,0,3581,0,4,3585,T
5-NP,944,0,3629,0,1,3630,T
5-NP,945,3654,0,0,0,3654,A
5-NP,946,3660,0,0,0,3660,A
5-NP,947,0,3659,0,0,3659,T
5-NP,948,11,0,0,3644,3655,C
5-NP,949,3523,0,4,1,3528,A
5-NP,950,0,15,3528,2,3545,G
5-NP,951,3540,1,1,0,3542,A
5-NP,952,1,0,0,3559,3560,C
5-NP,953,3,3,0,3532,3538,C
5-NP,954,1,3499,0,1,3501,T
5-NP,955,3527,0,1,0,3528,A
5-NP,956,3521,0,3,0,3524,A
5-NP,957,0,1,0,3536,3537,C
5-NP,958,0,18,3517,1,3536,G
5-NP,959,3471,0,3,1,3475,A
5-NP,960,0,8,3464,0,3472,G
5-NP,961,3446,1,2,0,3449,A
5-NP,962,3473,0,2,0,3475,A
5-NP,963,1,3465,0,2,3468,T
5-NP,964,5,0,1,3425,3431,C
5-NP,965,2,2,1,3426,3431,C
5-NP,966,3364,2,5,0,3371,A
5-NP,967,0,1,3387,0,3388,G
5-NP,968,2,0,0,3387,3389,C
5-NP,969,3400,1,5,0,3406,A
5-NP,970,0,1,0,3421,3422,C
5-NP,971,3383,0,1,0,3384,A
5-NP,972,0,0,0,3393,3393,C
5-NP,973,3380,0,0,0,3380,A
5-NP,974,3387,0,4,1,3392,A
5-NP,975,0,14,3379,1,3394,G
5-NP,976,3382,0,1,0,3383,A
5-NP,977,0,0,3392,0,3392,G
5-NP,978,1,3329,0,1,3331,T
5-NP,979,18,1,0,3292,3311,C
5-NP,980,3284,0,4,1,3289,A
5-NP,981,0,2,3294,0,3296,G
5-NP,982,0,1,0,3298,3299,C
5-NP,983,0,3268,0,2,3270,T
5-NP,984,4,4,3303,0,3311,G
5-NP,985,0,0,3323,0,3323,G
5-NP,986,0,3285,0,4,3289,T
5-NP,987,0,1,3309,0,3310,G
5-NP,988,0,3273,0,1,3274,T
5-NP,989,1,9,3258,0,3268,G
5-NP,990,2,2,3254,0,3258,G
5-NP,991,3243,0,1,0,3244,A
5-NP,992,1,3248,2,0,3251,T
5-NP,993,4,9,3104,0,3117,G
5-NP,994,1,0,3091,0,3092,G
5-NP,995,3,0,0,3079,3082,C
5-NP,996,3037,0,3,1,3041,A
5-NP,997,0,3039,0,1,3040,T
5-NP,998,1,3,3022,1,3027,G
5-NP,999,1,4,0,3041,3046,C
5-NP,1000,14,0,0,3033,3047,C
5-NP,1001,3043,0,2,0,3045,A
5-NP,1002,1,3028,0,1,3030,T
5-NP,1003,0,2994,0,0,2994,T
5-NP,1004,7,0,1,3000,3008,C
5-NP,1005,0,2952,0,4,2956,T
5-NP,1006,1,0,2952,0,2953,G
5-NP,1007,0,0,1,2947,2948,C
5-NP,1008,1,2848,1,7,2857,T
5-NP,1009,1,1,2869,0,2871,G
5-NP,1010,0,0,1,2816,2817,C
5-NP,1011,2818,0,0,0,2818,A
5-NP,1012,0,2815,0,2,2817,T
5-NP,1013,0,2783,1,2,2786,T
5-NP,1014,0,2788,0,1,2789,T
5-NP,1015,0,2,2782,1,2785,G
5-NP,1016,2781,0,0,0,2781,A
5-NP,1017,2780,1,3,0,2784,A
5-NP,1018,1,3,2795,0,2799,G
5-NP,1019,2781,0,4,0,2785,A
5-NP,1020,1,2766,0,0,2767,T
5-NP,1021,0,2768,0,0,2768,T
5-NP,1022,2,2762,0,3,2767,T
5-NP,1023,2771,0,1,0,2772,A
5-NP,1024,2771,0,0,0,2771,A
5-NP,1025,2,6,2767,0,2775,G
5-NP,1026,2763,0,1,1,2765,A
5-NP,1027,1,2769,0,0,2770,T
5-NP,1028,2,2711,0,0,2713,T
5-NP,1029,1,0,2728,1,2730,G
5-NP,1030,0,2724,0,5,2729,T
5-NP,1031,0,2720,0,2,2722,T
5-NP,1032,2724,0,1,0,2725,A
5-NP,1033,2721,1,5,0,2727,A
5-NP,1034,1,1,2725,0,2727,G
5-NP,1035,1,0,0,2745,2746,C
5-NP,1036,0,2662,0,6,2668,T
5-NP,1037,0,2676,0,1,2677,T
5-NP,1038,6,2,0,2664,2672,C
5-NP,1039,2663,0,3,0,2666,A
5-NP,1040,0,2660,0,3,2663,T
5-NP,1041,6,0,0,2662,2668,C
5-NP,1042,2601,0,3,0,2604,A
5-NP,1043,2,1,2601,0,2604,G
5-NP,1044,2565,1,2,1,2569,A
5-NP,1045,0,4,2565,1,2570,G
5-NP,1046,2,2,2562,0,2566,G
5-NP,1047,6,7,2530,1,2544,G
5-NP,1048,2548,0,3,0,2551,A
5-NP,1049,0,0,0,2544,2544,C
5-NP,1050,2543,0,1,0,2544,A
5-NP,1051,2552,0,1,0,2553,A
5-NP,1052,2555,0,0,0,2555,A
5-NP,1053,2546,2,3,1,2552,A
5-NP,1054,0,0,2562,0,2562,G
5-NP,1055,1,2503,0,0,2504,T
5-NP,1056,2485,0,0,0,2485,A
5-NP,1057,0,2460,2,4,2466,T
5-NP,1058,7,1,0,2459,2467,C
5-NP,1059,0,2445,1,3,2449,T
5-NP,1060,8,0,0,2461,2469,C
5-NP,1061,6,0,0,2448,2454,C
5-NP,1062,0,2424,0,0,2424,T
5-NP,1063,3,1,0,2420,2424,C
5-NP,1064,0,3,2420,0,2423,G
5-NP,1065,0,4,2429,0,2433,G
5-NP,1066,0,4,2432,1,2437,G
5-NP,1067,0,3,2425,1,2429,G
5-NP,1068,1,4,2421,0,2426,G
5-NP,1069,2373,1,0,0,2374,A
5-NP,1070,2368,0,5,0,2373,A
5-NP,1071,2356,18,2,0,2376,A
5-NP,1072,0,0,0,2382,2382,C
5-NP,1073,0,2358,0,1,2359,T
5-NP,1074,2,0,2366,0,2368,G
5-NP,1075,0,2334,0,5,2339,T
5-NP,1076,9,0,0,2337,2346,C
5-NP,1077,2369,0,0,0,2369,A
5-NP,1078,2381,0,2,0,2383,A
5-NP,1079,1,0,0,2388,2389,C
5-NP,1080,0,2383,1,0,2384,T
5-NP,1081,2331,1,0,0,2332,A
5-NP,1082,0,2,2342,0,2344,G
5-NP,1083,2286,0,6,0,2292,A
5-NP,1084,0,2,2294,0,2296,G
5-NP,1085,1,3,2286,0,2290,G
5-NP,1086,2154,0,3,0,2157,A
5-NP,1087,0,0,2170,0,2170,G
5-NP,1088,0,2144,0,0,2144,T
5-NP,1089,2142,1,3,0,2146,A
5-NP,1090,0,0,0,2143,2143,C
5-NP,1091,2116,1,0,0,2117,A
5-NP,1092,2114,1,0,0,2115,A
5-NP,1093,2099,0,0,0,2099,A
5-NP,1094,1,2068,0,1,2070,T
5-NP,1095,0,2062,0,0,2062,T
5-NP,1096,1,1,1985,0,1987,G
5-NP,1097,0,0,0,1951,1951,C
5-NP,1098,1,1938,0,0,1939,T
5-NP,1099,2,1934,0,1,1937,T
5-NP,1100,4,0,0,1935,1939,C
5-NP,1101,1936,0,1,0,1937,A
5-NP,1102,1940,0,1,0,1941,A
5-NP,1103,1936,0,3,0,1939,A
5-NP,1104,0,1938,0,3,1941,T
5-NP,1105,0,7,1933,0,1940,G
5-NP,1106,1908,0,0,0,1908,A
5-NP,1107,0,4,1901,0,1905,G
5-NP,1108,1912,0,3,0,1915,A
5-NP,1109,1911,1,2,0,1914,A
5-NP,1110,0,0,0,1909,1909,C
5-NP,1111,1895,0,0,0,1895,A
5-NP,1112,2,1888,0,0,1890,T
5-NP,1113,2,10,1885,0,1897,G
5-NP,1114,1,1,1893,0,1895,G
5-NP,1115,1898,0,3,0,1901,A
5-NP,1116,0,1861,0,0,1861,T
5-NP,1117,1825,0,0,0,1825,A
5-NP,1118,1866,0,1,0,1867,A
5-NP,1119,1,1817,0,0,1818,T
5-NP,1120,1800,0,0,0,1800,A
5-NP,1121,0,1788,0,2,1790,T
5-NP,1122,0,3,1622,0,1625,G
5-NP,1123,0,2,1589,0,1591,G
5-NP,1124,0,3,1571,0,1574,G
5-NP,1125,1568,0,1,0,1569,A
5-NP,1126,0,1563,0,0,1563,T
5-NP,1127,4,1,0,1126,1131,C
5-NP,1128,0,4,1127,0,1131,G
5-NP,1129,1127,0,0,0,1127,A
5-NP,1130,0,0,1125,0,1125,G
5-NP,1131,1,0,0,1119,1120,C
5-NP,1132,1093,0,1,0,1094,A
5-NP,1133,0,0,0,1110,1110,C
5-NP,1134,0,1085,0,0,1085,T
5-NP,1135,2,0,0,1085,1087,C
5-NP,1136,0,1085,0,0,1085,T
5-NP,1137,0,1068,0,1,1069,T
5-NP,1138,0,7,1062,0,1069,G
5-NP,1139,1062,0,1,0,1063,A
5-NP,1140,1059,0,1,0,1060,A
5-NP,1141,0,0,0,1058,1058,C
5-NP,1142,0,667,0,0,667,T
5-NP,1143,1,0,668,0,669,G
5-NP,1144,621,0,2,0,623,A
5-NP,1145,0,0,624,0,624,G
5-NP,1146,623,0,0,0,623,A
5-NP,1147,602,0,0,0,602,A
5-NP,1148,0,0,603,0,603,G
5-NP,1149,0,0,1,562,563,C
5-NP,1150,1,0,562,0,563,G
5-NP,1151,2,3,553,0,558,G
5-NP,1152,1,0,523,0,524,G
5-NP,1153,0,509,0,0,509,T
5-NP,1154,484,0,0,0,484,A
5-NP,1155,0,2,0,480,482,C
5-NP,1156,0,275,0,0,275,T
5-NP,1157,0,1,265,0,266,G
5-NP,1158,0,0,250,0,250,G
5-NP,1159,0,0,237,0,237,G
5-NP,1160,0,0,0,231,231,C
5-NP,1161,0,0,0,171,171,C
5-NP,1162,174,0,0,0,174,A
5-NP,1163,0,174,0,0,174,T
5-NP,1164,174,0,0,0,174,A
5-NP,1165,174,0,0,0,174,A
5-NP,1166,0,0,174,0,174,G
5-NP,1167,0,2,178,0,180,G
5-NP,1168,176,0,0,0,176,A
5-NP,1169,0,0,0,174,174,C
5-NP,1170,0,0,0,176,176,C
5-NP,1171,172,0,0,0,172,A
5-NP,1172,0,0,176,0,176,G
5-NP,1173,0,0,178,0,178,G
5-NP,1174,177,0,0,0,177,A
5-NP,1175,0,0,178,0,178,G
5-NP,1176,0,174,0,0,174,T
5-NP,1177,0,0,174,0,174,G
5-NP,1178,0,0,175,0,175,G
5-NP,1179,176,0,0,0,176,A
5-NP,1180,0,1,175,0,176,G
5-NP,1181,0,1,171,0,172,G
5-NP,1182,169,0,0,0,169,A
5-NP,1183,168,0,0,0,168,A
5-NP,1184,170,0,0,0,170,A
5-NP,1185,0,0,0,171,171,C
5-NP,1186,170,0,0,0,170,A
5-NP,1187,0,0,0,170,170,C
5-NP,1188,0,169,0,0,169,T
5-NP,1189,174,0,0,0,174,A
5-NP,1190,174,0,0,0,174,A
5-NP,1191,0,174,0,0,174,T
5-NP,1192,2,0,0,173,175,C
5-NP,1193,173,0,0,0,173,A
5-NP,1194,173,0,0,0,173,A
5-NP,1195,0,0,0,174,174,C
5-NP,1196,167,0,0,0,167,A
5-NP,1197,0,0,166,0,166,G
5-NP,1198,163,0,0,0,163,A
5-NP,1199,0,0,166,0,166,G
5-NP,1200,0,1,165,0,166,G
5-NP,1201,0,0,165,0,165,G
5-NP,1202,0,0,0,163,163,C
5-NP,1203,0,0,0,162,162,C
5-NP,1204,0,161,0,0,161,T
5-NP,1205,0,0,0,163,163,C
5-NP,1206,0,0,0,163,163,C
5-NP,1207,2,0,161,0,163,G
5-NP,1208,0,0,0,162,162,C
5-NP,1209,162,0,0,0,162,A
5-NP,1210,0,0,169,0,169,G
5-NP,1211,0,0,166,0,166,G
5-NP,1212,0,0,0,167,167,C
5-NP,1213,0,0,0,170,170,C
5-NP,1214,168,0,0,0,168,A
5-NP,1215,172,0,0,0,172,A
5-NP,1216,171,1,0,0,172,A
5-NP,1217,0,0,0,171,171,C
5-NP,1218,0,0,0,173,173,C
5-NP,1219,162,0,0,0,162,A
5-NP,1220,0,0,163,0,163,G
5-NP,1221,0,161,0,0,161,T
5-NP,1222,0,0,164,0,164,G
5-NP,1223,0,162,0,0,162,T
5-NP,1224,0,0,160,0,160,G
5-NP,1225,0,0,0,162,162,C
5-NP,1226,158,0,0,0,158,A
5-NP,1227,0,0,158,0,158,G
5-NP,1228,0,0,0,163,163,C
5-NP,1229,1,0,0,162,163,C
5-NP,1230,1,163,0,0,164,T
5-NP,1231,164,0,0,0,164,A
5-NP,1232,0,0,0,164,164,C
5-NP,1233,0,0,164,0,164,G
5-NP,1234,0,163,0,0,163,T
5-NP,1235,1,163,0,0,164,T
5-NP,1236,0,161,0,0,161,T
5-NP,1237,0,159,0,0,159,T
5-NP,1238,0,0,0,159,159,C
5-NP,1239,0,159,0,0,159,T
5-NP,1240,0,0,162,0,162,G
5-NP,1241,0,160,0,0,160,T
5-NP,1242,161,0,0,0,161,A
5-NP,1243,0,0,0,163,163,C
5-NP,1244,157,0,0,0,157,A
5-NP,1245,158,0,0,0,158,A
5-NP,1246,158,0,0,0,158,A
5-NP,1247,0,2,156,0,158,G
5-NP,1248,157,0,0,0,157,A
5-NP,1249,153,0,0,0,153,A
5-NP,1250,153,0,0,0,153,A
5-NP,1251,0,0,0,152,152,C
5-NP,1252,0,0,0,153,153,C
5-NP,1253,0,153,0,0,153,T
5-NP,1254,0,0,0,153,153,C
5-NP,1255,0,0,0,153,153,C
5-NP,1256,0,0,0,152,152,C
5-NP,1257,152,0,0,0,152,A
5-NP,1258,0,152,0,0,152,T
5-NP,1259,0,152,0,0,152,T
5-NP,1260,0,153,0,0,153,T
5-NP,1261,0,0,153,0,153,G
5-NP,1262,153,0,0,0,153,A
5-NP,1263,154,0,0,0,154,A
5-NP,1264,155,0,0,0,155,A
5-NP,1265,154,0,0,0,154,A
5-NP,1266,0,0,156,0,156,G
5-NP,1267,0,154,0,0,154,T
5-NP,1268,0,0,0,154,154,C
5-NP,1269,154,0,0,0,154,A
5-NP,1270,153,0,0,0,153,A
5-NP,1271,0,0,0,154,154,C
5-NP,1272,0,0,0,155,155,C
5-NP,1273,157,0,0,0,157,A
5-NP,1274,0,157,0,0,157,T
5-NP,1275,0,0,0,157,157,C
5-NP,1276,155,0,0,0,155,A
5-NP,1277,0,155,0,0,155,T
5-NP,1278,0,2,153,0,155,G
5-NP,1279,0,0,154,0,154,G
5-NP,1280,0,1,0,152,153,C
5-NP,1281,152,0,0,0,152,A
5-NP,1282,0,2,150,0,152,G
5-NP,1283,0,0,0,151,151,C
5-NP,1284,150,0,0,0,150,A
5-NP,1285,0,149,0,1,150,T
5-NP,1286,0,151,0,0,151,T
5-NP,1287,2,0,0,147,149,C
5-NP,1288,148,0,0,0,148,A
5-NP,1289,1,0,0,150,151,C
5-NP,1290,0,152,0,0,152,T
5-NP,1291,0,1,153,0,154,G
5-NP,1292,0,0,155,0,155,G
5-NP,1293,154,0,0,0,154,A
5-NP,1294,153,0,0,0,153,A
5-NP,1295,154,0,0,0,154,A
5-NP,1296,0,152,0,0,152,T
5-NP,1297,152,0,0,0,152,A
5-NP,1298,0,0,0,152,152,C
5-NP,1299,0,1,149,1,151,G
5-NP,1300,0,0,151,0,151,G
5-NP,1301,149,0,0,0,149,A
5-NP,1302,0,0,151,0,151,G
5-NP,1303,0,0,150,0,150,G
5-NP,1304,0,0,152,0,152,G
5-NP,1305,152,0,0,0,152,A
5-NP,1306,150,0,1,0,151,A
5-NP,1307,0,1,151,0,152,G
5-NP,1308,152,0,0,0,152,A
5-NP,1309,152,0,0,0,152,A
5-NP,1310,0,0,0,153,153,C
5-NP,1311,0,151,0,0,151,T
5-NP,1312,0,152,0,0,152,T
5-NP,1313,0,0,0,152,152,C
5-NP,1314,152,0,0,0,152,A
5-NP,1315,1,1,150,0,152,G
5-NP,1316,150,0,0,0,150,A
5-NP,1317,0,0,0,151,151,C
5-NP,1318,149,0,0,0,149,A
5-NP,1319,0,147,0,0,147,T
5-NP,1320,0,0,147,0,147,G
5-NP,1321,147,0,0,0,147,A
5-NP,1322,0,0,147,0,147,G
5-NP,1323,0,0,147,0,147,G
5-NP,1324,0,0,147,0,147,G
5-NP,1325,0,0,0,147,147,C
5-NP,1326,146,0,0,0,146,A
5-NP,1327,0,0,146,0,146,G
5-NP,1328,144,0,1,0,145,A
5-NP,1329,145,0,0,0,145,A
5-NP,1330,146,0,0,0,146,A
5-NP,1331,0,141,0,0,141,T
5-NP,1332,0,0,0,144,144,C
5-NP,1333,143,0,0,0,143,A
5-NP,1334,1,142,0,0,143,T
5-NP,1335,143,0,0,0,143,A
5-NP,1336,143,0,0,0,143,A
5-NP,1337,0,1,142,0,143,G
5-NP,1338,142,0,0,0,142,A
5-NP,1339,142,0,0,0,142,A
5-NP,1340,0,138,0,0,138,T
5-NP,1341,0,0,137,0,137,G
5-NP,1342,136,0,0,0,136,A
5-NP,1343,0,137,0,0,137,T
5-NP,1344,0,0,137,0,137,G
5-NP,1345,0,0,137,0,137,G
5-NP,1346,135,0,0,0,135,A
5-NP,1347,135,0,0,0,135,A
5-NP,1348,131,0,0,0,131,A
5-NP,1349,0,0,136,0,136,G
5-NP,1350,0,136,0,0,136,T
5-NP,1351,0,0,136,0,136,G
5-NP,1352,0,0,0,136,136,C
5-NP,1353,136,0,0,0,136,A
5-NP,1354,136,0,0,0,136,A
5-NP,1355,134,0,0,0,134,A
5-NP,1356,138,0,0,0,138,A
5-NP,1357,0,0,0,137,137,C
5-NP,1358,0,0,0,133,133,C
5-NP,1359,132,0,0,0,132,A
5-NP,1360,0,1,133,0,134,G
5-NP,1361,134,0,0,0,134,A
5-NP,1362,134,0,0,0,134,A
5-NP,1363,0,0,134,0,134,G
5-NP,1364,134,0,0,0,134,A
5-NP,1365,131,0,0,0,131,A
5-NP,1366,0,0,132,0,132,G
5-NP,1367,0,133,0,0,133,T
5-NP,1368,1,0,132,0,133,G
5-NP,1369,0,131,0,0,131,T
5-NP,1370,0,0,0,132,132,C
5-NP,1371,133,0,0,0,133,A
5-NP,1372,0,135,0,0,135,T
5-NP,1373,0,134,0,1,135,T
5-NP,1374,0,0,0,135,135,C
5-NP,1375,0,0,0,134,134,C
5-NP,1376,0,0,134,0,134,G
5-NP,1377,0,0,135,0,135,G
5-NP,1378,0,0,134,0,134,G
5-NP,1379,0,0,135,0,135,G
5-NP,1380,0,0,135,0,135,G
5-NP,1381,132,0,0,0,132,A
5-NP,1382,0,0,133,0,133,G
5-NP,1383,0,1,130,0,131,G
5-NP,1384,1,0,132,0,133,G
5-NP,1385,0,0,132,0,132,G
5-NP,1386,129,0,0,0,129,A
5-NP,1387,0,0,130,0,130,G
5-NP,1388,0,123,0,0,123,T
5-NP,1389,0,0,0,126,126,C
5-NP,1390,0,128,0,0,128,T
5-NP,1391,0,126,0,1,127,T
5-NP,1392,0,1,0,127,128,C
5-NP,1393,0,0,128,0,128,G
5-NP,1394,127,0,0,0,127,A
5-NP,1395,0,0,129,0,129,G
5-NP,1396,0,0,0,126,126,C
5-NP,1397,0,124,0,0,124,T
5-NP,1398,0,0,0,126,126,C
5-NP,1399,0,125,0,0,125,T
5-NP,1400,1,0,0,126,127,C
5-NP,1401,127,0,0,0,127,A
5-NP,1402,0,1,126,0,127,G
5-NP,1403,126,0,1,0,127,A
5-NP,1404,0,1,0,123,124,C
5-NP,1405,1,2,120,0,123,G
5-NP,1406,121,0,0,0,121,A
5-NP,1407,0,0,121,0,121,G
5-NP,1408,120,0,0,0,120,A
5-NP,1409,120,0,0,0,120,A
5-NP,1410,0,0,120,0,120,G
5-NP,1411,0,0,118,0,118,G
5-NP,1412,0,0,0,117,117,C
5-NP,1413,118,0,0,0,118,A
5-NP,1414,117,0,1,0,118,A
5-NP,1415,0,0,0,117,117,C
5-NP,1416,0,0,116,0,116,G
5-NP,1417,116,0,0,0,116,A
5-NP,1418,116,0,0,0,116,A
5-NP,1419,0,0,0,115,115,C
5-NP,1420,0,0,0,116,116,C
5-NP,1421,1,0,0,114,115,C
5-NP,1422,0,1,112,0,113,G
5-NP,1423,112,0,0,0,112,A
5-NP,1424,0,113,0,0,113,T
5-NP,1425,1,0,0,110,111,C
5-NP,1426,0,0,111,0,111,G
5-NP,1427,0,110,0,0,110,T
5-NP,1428,0,0,111,0,111,G
5-NP,1429,0,0,0,109,109,C
5-NP,1430,0,0,0,110,110,C
5-NP,1431,1,0,0,110,111,C
5-NP,1432,0,110,0,0,110,T
5-NP,1433,1,0,0,112,113,C
5-NP,1434,0,112,0,0,112,T
5-NP,1435,0,112,0,0,112,T
5-NP,1436,0,112,0,0,112,T
5-NP,1437,0,110,0,0,110,T
5-NP,1438,0,0,110,0,110,G
5-NP,1439,110,0,0,0,110,A
5-NP,1440,0,107,0,0,107,T
5-NP,1441,106,0,0,0,106,A
5-NP,1442,0,93,0,0,93,T
5-NP,1443,0,0,94,0,94,G
5-NP,1444,93,0,0,0,93,A
5-NP,1445,0,0,94,0,94,G
5-NP,1446,0,94,0,0,94,T
5-NP,1447,91,0,0,0,91,A
5-NP,1448,90,0,0,1,91,A
5-NP,1449,0,91,0,0,91,T
5-NP,1450,0,0,91,0,91,G
5-NP,1451,91,0,0,0,91,A
5-NP,1452,83,0,0,0,83,A
5-NP,1453,0,0,83,0,83,G
5-NP,1454,0,0,74,1,75,G
5-NP,1455,75,0,0,0,75,A
5-NP,1456,0,74,0,0,74,T
5-NP,1457,1,0,0,74,75,C
5-NP,1458,0,75,0,0,75,T
5-NP,1459,0,74,0,1,75,T
5-NP,1460,75,0,0,0,75,A
5-NP,1461,0,75,0,0,75,T
5-NP,1462,0,74,0,0,74,T
5-NP,1463,0,73,0,0,73,T
5-NP,1464,0,0,0,70,70,C
5-NP,1465,1,64,0,2,67,T
5-NP,1466,0,66,0,0,66,T
5-NP,1467,0,0,0,67,67,C
5-NP,1468,0,0,65,0,65,G
5-NP,1469,0,0,66,0,66,G
5-NP,1470,66,0,0,0,66,A
5-NP,1471,0,1,65,0,66,G
5-NP,1472,65,0,0,0,65,A
5-NP,1473,0,0,0,65,65,C
5-NP,1474,61,0,0,0,61,A
5-NP,1475,61,0,0,0,61,A
5-NP,1476,0,61,0,0,61,T
5-NP,1477,0,0,61,0,61,G
5-NP,1478,0,0,0,61,61,C
5-NP,1479,58,0,0,0,58,A
5-NP,1480,0,0,58,0,58,G
5-NP,1481,58,0,0,0,58,A
5-NP,1482,54,0,0,0,54,A
5-NP,1483,0,0,53,0,53,G
5-NP,1484,32,0,0,0,32,A
5-NP,1485,0,0,32,0,32,G
5-NP,1486,0,27,0,0,27,T
5-NP,1487,27,0,0,0,27,A
5-NP,1488,0,23,0,0,23,T
5-NP,1489,0,0,23,0,23,G
5-NP,1490,23,0,0,0,23,A
5-NP,1491,0,0,0,23,23,C
5-NP,1492,19,0,0,0,19,A
5-NP,1493,19,0,0,0,19,A
5-NP,1494,0,10,0,0,10,T
5-NP,1495,0,10,0,0,10,T
5-NP,1496,9,0,0,0,9,A
5-NP,1497,8,0,0,0,8,A
6-NA,1,13,0,0,0,13,A
6-NA,2,0,13,0,0,13,T
6-NA,3,0,0,13,0,13,G
6-NA,4,13,0,0,0,13,A
6-NA,5,13,0,0,0,13,A
6-NA,6,0,13,0,0,13,T
6-NA,7,0,0,0,13,13,C
6-NA,8,1,0,0,12,13,C
6-NA,9,13,0,0,0,13,A
6-NA,10,13,0,0,0,13,A
6-NA,11,13,0,0,0,13,A
6-NA,12,0,13,0,0,13,T
6-NA,13,0,0,0,13,13,C
6-NA,14,13,0,0,0,13,A
6-NA,15,13,0,0,0,13,A
6-NA,16,13,0,0,0,13,A
6-NA,17,14,0,0,0,14,A
6-NA,18,0,0,14,0,14,G
6-NA,19,17,0,0,0,17,A
6-NA,20,0,19,0,0,19,T
6-NA,21,19,0,0,0,19,A
6-NA,22,19,0,0,0,19,A
6-NA,23,0,19,0,0,19,T
6-NA,24,19,0,0,0,19,A
6-NA,25,18,0,1,0,19,A
6-NA,26,0,0,0,19,19,C
6-NA,27,0,0,19,0,19,G
6-NA,28,19,0,0,0,19,A
6-NA,29,0,19,0,0,19,T
6-NA,30,0,20,0,0,20,T
6-NA,31,0,0,20,0,20,G
6-NA,32,0,0,21,0,21,G
6-NA,33,0,0,0,21,21,C
6-NA,34,0,21,0,0,21,T
6-NA,35,0,0,0,23,23,C
6-NA,36,0,23,0,0,23,T
6-NA,37,0,0,26,0,26,G
6-NA,38,0,26,0,0,26,T
6-NA,39,0,26,0,0,26,T
6-NA,40,0,27,0,0,27,T
6-NA,41,0,0,0,27,27,C
6-NA,42,0,27,0,0,27,T
6-NA,43,0,0,0,28,28,C
6-NA,44,0,28,0,0,28,T
6-NA,45,0,0,0,29,29,C
6-NA,46,29,0,0,0,29,A
6-NA,47,0,0,0,34,34,C
6-NA,48,0,0,0,34,34,C
6-NA,49,34,0,0,0,34,A
6-NA,50,0,34,0,0,34,T
6-NA,51,0,35,0,0,35,T
6-NA,52,0,35,0,0,35,T
6-NA,53,0,0,0,35,35,C
6-NA,54,0,0,0,35,35,C
6-NA,55,35,0,0,0,35,A
6-NA,56,0,0,0,36,36,C
6-NA,57,36,0,0,0,36,A
6-NA,58,37,0,0,0,37,A
6-NA,59,0,37,0,0,37,T
6-NA,60,42,0,0,0,42,A
6-NA,61,0,42,0,0,42,T
6-NA,62,0,0,42,0,42,G
6-NA,63,0,0,0,42,42,C
6-NA,64,0,42,0,0,42,T
6-NA,65,0,42,0,0,42,T
6-NA,66,0,0,0,42,42,C
6-NA,67,0,42,0,0,42,T
6-NA,68,0,42,0,0,42,T
6-NA,69,0,0,0,41,41,C
6-NA,70,40,0,1,0,41,A
6-NA,71,0,41,0,0,41,T
6-NA,72,0,0,41,0,41,G
6-NA,73,0,0,0,41,41,C
6-NA,74,39,1,0,0,40,A
6-NA,75,40,0,0,0,40,A
6-NA,76,40,0,0,0,40,A
6-NA,77,0,42,0,0,42,T
6-NA,78,0,42,0,0,42,T
6-NA,79,0,0,42,0,42,G
6-NA,80,0,0,0,42,42,C
6-NA,81,0,0,0,42,42,C
6-NA,82,44,0,0,0,44,A
6-NA,83,0,45,0,0,45,T
6-NA,84,0,0,0,51,51,C
6-NA,85,0,51,0,0,51,T
6-NA,86,0,50,0,0,50,T
6-NA,87,0,0,53,0,53,G
6-NA,88,53,0,0,0,53,A
6-NA,89,0,53,0,0,53,T
6-NA,90,54,0,0,0,54,A
6-NA,91,54,0,0,0,54,A
6-NA,92,0,0,0,64,64,C
6-NA,93,0,65,0,0,65,T
6-NA,94,68,0,0,0,68,A
6-NA,95,0,0,0,70,70,C
6-NA,96,0,70,0,0,70,T
6-NA,97,0,0,72,0,72,G
6-NA,98,0,72,0,0,72,T
6-NA,99,72,0,0,0,72,A
6-NA,100,72,0,0,0,72,A
6-NA,101,0,0,0,71,71,C
6-NA,102,71,0,0,0,71,A
6-NA,103,0,70,0,0,70,T
6-NA,104,0,69,0,0,69,T
6-NA,105,0,0,69,0,69,G
6-NA,106,0,0,0,69,69,C
6-NA,107,71,0,0,0,71,A
6-NA,108,0,71,0,0,71,T
6-NA,109,0,70,0,0,70,T
6-NA,110,0,70,0,0,70,T
6-NA,111,0,0,1,69,70,C
6-NA,112,70,0,0,0,70,A
6-NA,113,70,0,0,0,70,A
6-NA,114,0,0,70,0,70,G
6-NA,115,0,0,0,69,69,C
6-NA,116,67,0,0,0,67,A
6-NA,117,69,0,0,0,69,A
6-NA,118,0,69,0,0,69,T
6-NA,119,69,0,0,0,69,A
6-NA,120,0,69,0,0,69,T
6-NA,121,0,0,69,0,69,G
6-NA,122,69,0,0,0,69,A
6-NA,123,68,0,0,0,68,A
6-NA,124,0,69,0,0,69,T
6-NA,125,0,69,0,0,69,T
6-NA,126,0,0,0,68,68,C
6-NA,127,70,0,0,0,70,A
6-NA,128,70,0,0,0,70,A
6-NA,129,0,0,0,71,71,C
6-NA,130,0,71,0,0,71,T
6-NA,131,0,0,0,71,71,C
6-NA,132,0,0,0,71,71,C
6-NA,133,0,0,0,72,72,C
6-NA,134,0,0,0,73,73,C
6-NA,135,0,0,0,73,73,C
6-NA,136,0,0,0,72,72,C
6-NA,137,0,0,0,74,74,C
6-NA,138,73,0,0,0,73,A
6-NA,139,74,0,0,0,74,A
6-NA,140,74,0,0,0,74,A
6-NA,141,0,0,0,81,81,C
6-NA,142,80,0,0,0,80,A
6-NA,143,82,0,0,0,82,A
6-NA,144,0,0,0,83,83,C
6-NA,145,0,1,0,82,83,C
6-NA,146,84,0,0,0,84,A
6-NA,147,85,0,0,0,85,A
6-NA,148,0,0,85,0,85,G
6-NA,149,0,85,0,0,85,T
6-NA,150,0,0,83,0,83,G
6-NA,151,84,0,0,0,84,A
6-NA,152,0,84,0,0,84,T
6-NA,153,0,0,85,0,85,G
6-NA,154,0,0,0,85,85,C
6-NA,155,0,84,0,0,84,T
6-NA,156,0,0,89,0,89,G
6-NA,157,0,87,0,1,88,T
6-NA,158,0,0,89,0,89,G
6-NA,159,0,89,0,0,89,T
6-NA,160,0,0,88,0,88,G
6-NA,161,86,1,0,0,87,A
6-NA,162,88,0,0,0,88,A
6-NA,163,0,0,0,89,89,C
6-NA,164,0,0,0,88,88,C
6-NA,165,85,0,0,0,85,A
6-NA,166,86,0,0,0,86,A
6-NA,167,0,0,0,87,87,C
6-NA,168,87,0,0,0,87,A
6-NA,169,87,0,0,0,87,A
6-NA,170,0,88,0,0,88,T
6-NA,171,88,0,0,0,88,A
6-NA,172,88,0,0,0,88,A
6-NA,173,0,87,0,0,87,T
6-NA,174,86,0,0,0,86,A
6-NA,175,0,0,87,0,87,G
6-NA,176,86,0,0,0,86,A
6-NA,177,86,0,0,0,86,A
6-NA,178,86,0,0,0,86,A
6-NA,179,0,1,84,0,85,G
6-NA,180,88,0,0,0,88,A
6-NA,181,88,0,0,0,88,A
6-NA,182,94,0,0,0,94,A
6-NA,183,0,0,0,93,93,C
6-NA,184,93,0,0,0,93,A
6-NA,185,0,94,0,0,94,T
6-NA,186,98,0,0,0,98,A
6-NA,187,98,0,0,0,98,A
6-NA,188,0,0,0,101,101,C
6-NA,189,99,0,0,0,99,A
6-NA,190,0,0,103,0,103,G
6-NA,191,102,0,0,0,102,A
6-NA,192,0,1,101,0,102,G
6-NA,193,102,0,0,0,102,A
6-NA,194,0,105,0,0,105,T
6-NA,195,104,1,0,0,105,A
6-NA,196,0,0,112,0,112,G
6-NA,197,1,110,0,0,111,T
6-NA,198,0,0,115,0,115,G
6-NA,199,0,112,0,0,112,T
6-NA,200,113,0,0,0,113,A
6-NA,201,0,113,0,0,113,T
6-NA,202,0,0,0,112,112,C
6-NA,203,0,109,0,1,110,T
6-NA,204,0,1,111,0,112,G
6-NA,205,112,0,0,0,112,A
6-NA,206,0,0,0,111,111,C
6-NA,207,0,0,0,111,111,C
6-NA,208,110,0,0,0,110,A
6-NA,209,111,0,0,0,111,A
6-NA,210,0,0,0,112,112,C
6-NA,211,112,0,0,0,112,A
6-NA,212,0,0,0,116,116,C
6-NA,213,0,0,0,115,115,C
6-NA,214,116,0,0,0,116,A
6-NA,215,0,0,0,120,120,C
6-NA,216,0,0,0,120,120,C
6-NA,217,120,0,0,0,120,A
6-NA,218,0,119,0,0,119,T
6-NA,219,119,0,0,0,119,A
6-NA,220,0,0,119,0,119,G
6-NA,221,117,0,0,0,117,A
6-NA,222,0,0,118,0,118,G
6-NA,223,116,0,0,0,116,A
6-NA,224,116,0,0,0,116,A
6-NA,225,0,0,117,0,117,G
6-NA,226,0,0,117,0,117,G
6-NA,227,116,0,0,0,116,A
6-NA,228,118,0,0,0,118,A
6-NA,229,118,0,0,0,118,A
6-NA,230,0,116,0,1,117,T
6-NA,231,117,0,0,0,117,A
6-NA,232,0,118,0,0,118,T
6-NA,233,0,0,119,0,119,G
6-NA,234,0,0,0,117,117,C
6-NA,235,0,0,0,116,116,C
6-NA,236,0,0,0,117,117,C
6-NA,237,1,0,0,117,118,C
6-NA,238,117,0,0,0,117,A
6-NA,239,117,0,0,0,117,A
6-NA,240,117,0,0,0,117,A
6-NA,241,0,0,0,116,116,C
6-NA,242,0,117,0,0,117,T
6-NA,243,118,0,0,0,118,A
6-NA,244,0,0,119,0,119,G
6-NA,245,0,0,0,118,118,C
6-NA,246,120,0,0,0,120,A
6-NA,247,0,0,121,0,121,G
6-NA,248,117,0,0,0,117,A
6-NA,249,120,0,0,0,120,A
6-NA,250,0,121,0,0,121,T
6-NA,251,122,0,0,0,122,A
6-NA,252,0,1,0,122,123,C
6-NA,253,123,0,0,0,123,A
6-NA,254,0,0,124,0,124,G
6-NA,255,124,0,0,0,124,A
6-NA,256,121,0,0,0,121,A
6-NA,257,121,0,0,0,121,A
6-NA,258,1,116,0,1,118,T
6-NA,259,0,118,0,0,118,T
6-NA,260,0,1,116,0,117,G
6-NA,261,0,0,117,0,117,G
6-NA,262,0,117,0,0,117,T
6-NA,263,0,0,0,118,118,C
6-NA,264,118,0,0,0,118,A
6-NA,265,117,0,0,0,117,A
6-NA,266,118,0,0,0,118,A
6-NA,267,0,0,117,0,117,G
6-NA,268,0,0,0,118,118,C
6-NA,269,0,0,0,118,118,C
6-NA,270,0,0,118,0,118,G
6-NA,271,0,0,0,118,118,C
6-NA,272,120,0,0,0,120,A
6-NA,273,121,0,0,0,121,A
6-NA,274,0,121,0,0,121,T
6-NA,275,0,0,122,0,122,G
6-NA,276,0,123,0,0,123,T
6-NA,277,0,2,121,0,123,G
6-NA,278,126,0,0,0,126,A
6-NA,279,0,0,0,127,127,C
6-NA,280,126,0,0,0,126,A
6-NA,281,0,128,0,0,128,T
6-NA,282,0,127,0,0,127,T
6-NA,283,127,0,0,0,127,A
6-NA,284,0,0,0,127,127,C
6-NA,285,124,0,0,0,124,A
6-NA,286,0,0,124,0,124,G
6-NA,287,0,0,122,0,122,G
6-NA,288,0,0,122,0,122,G
6-NA,289,0,126,0,0,126,T
6-NA,290,0,124,0,0,124,T
6-NA,291,0,126,0,0,126,T
6-NA,292,0,0,126,0,126,G
6-NA,293,0,0,0,126,126,C
6-NA,294,126,0,0,0,126,A
6-NA,295,0,0,0,127,127,C
6-NA,296,1,0,0,126,127,C
6-NA,297,0,126,0,0,126,T
6-NA,298,0,126,0,0,126,T
6-NA,299,0,125,0,0,125,T
6-NA,300,0,126,0,0,126,T
6-NA,301,0,126,0,0,126,T
6-NA,302,0,0,0,125,125,C
6-NA,303,0,127,0,0,127,T
6-NA,304,126,0,0,0,126,A
6-NA,305,127,0,0,0,127,A
6-NA,306,0,0,129,0,129,G
6-NA,307,0,0,128,0,128,G
6-NA,308,128,0,1,0,129,A
6-NA,309,0,0,0,128,128,C
6-NA,310,127,0,0,0,127,A
6-NA,311,127,0,0,0,127,A
6-NA,312,0,127,0,0,127,T
6-NA,313,0,126,0,0,126,T
6-NA,314,0,0,0,128,128,C
6-NA,315,0,0,127,0,127,G
6-NA,316,128,0,0,0,128,A
6-NA,317,0,128,0,0,128,T
6-NA,318,0,128,0,0,128,T
6-NA,319,128,0,0,0,128,A
6-NA,320,0,0,132,0,132,G
6-NA,321,0,0,132,0,132,G
6-NA,322,0,0,0,131,131,C
6-NA,323,0,129,0,0,129,T
6-NA,324,0,133,0,0,133,T
6-NA,325,0,133,0,0,133,T
6-NA,326,0,0,0,133,133,C
6-NA,327,0,0,0,132,132,C
6-NA,328,0,0,133,0,133,G
6-NA,329,0,0,0,133,133,C
6-NA,330,0,132,0,0,132,T
6-NA,331,0,0,136,0,136,G
6-NA,332,0,0,134,0,134,G
6-NA,333,0,136,0,0,136,T
6-NA,334,0,0,136,0,136,G
6-NA,335,0,0,135,0,135,G
6-NA,336,0,0,137,0,137,G
6-NA,337,0,0,138,0,138,G
6-NA,338,138,0,0,0,138,A
6-NA,339,0,0,0,139,139,C
6-NA,340,134,0,0,0,134,A
6-NA,341,0,135,0,0,135,T
6-NA,342,0,0,0,135,135,C
6-NA,343,0,135,0,0,135,T
6-NA,344,0,0,134,0,134,G
6-NA,345,0,1,133,0,134,G
6-NA,346,0,0,135,0,135,G
6-NA,347,0,131,0,0,131,T
6-NA,348,0,1,128,0,129,G
6-NA,349,128,0,0,0,128,A
6-NA,350,0,0,0,133,133,C
6-NA,351,133,0,0,0,133,A
6-NA,352,141,0,0,0,141,A
6-NA,353,0,1,141,0,142,G
6-NA,354,142,0,0,0,142,A
6-NA,355,0,0,151,0,151,G
6-NA,356,160,0,0,0,160,A
6-NA,357,177,0,1,0,178,A
6-NA,358,0,0,0,214,214,C
6-NA,359,1,0,0,225,226,C
6-NA,360,0,225,0,0,225,T
6-NA,361,0,224,0,0,224,T
6-NA,362,226,0,0,0,226,A
6-NA,363,0,226,0,0,226,T
6-NA,364,0,0,243,0,243,G
6-NA,365,0,242,0,0,242,T
6-NA,366,0,0,255,0,255,G
6-NA,367,0,256,0,0,256,T
6-NA,368,1,0,0,253,254,C
6-NA,369,256,2,0,2,260,A
6-NA,370,0,259,0,0,259,T
6-NA,371,0,1,259,0,260,G
6-NA,372,1,2,0,257,260,C
6-NA,373,0,2,261,0,263,G
6-NA,374,309,0,0,0,309,A
6-NA,375,0,310,0,0,310,T
6-NA,376,1,1,0,314,316,C
6-NA,377,0,0,0,316,316,C
6-NA,378,0,321,0,1,322,T
6-NA,379,0,3,324,0,327,G
6-NA,380,328,0,0,0,328,A
6-NA,381,0,0,0,329,329,C
6-NA,382,326,0,0,0,326,A
6-NA,383,322,0,0,0,322,A
6-NA,384,0,0,334,0,334,G
6-NA,385,0,332,0,1,333,T
6-NA,386,0,0,337,0,337,G
6-NA,387,0,338,0,0,338,T
6-NA,388,0,337,0,0,337,T
6-NA,389,338,0,0,0,338,A
6-NA,390,0,336,0,0,336,T
6-NA,391,2,0,0,341,343,C
6-NA,392,343,0,0,0,343,A
6-NA,393,343,0,0,0,343,A
6-NA,394,1,339,0,0,340,T
6-NA,395,0,340,0,0,340,T
6-NA,396,0,340,0,0,340,T
6-NA,397,0,0,342,0,342,G
6-NA,398,0,1,0,362,363,C
6-NA,399,0,0,0,362,362,C
6-NA,400,0,0,0,365,365,C
6-NA,401,0,365,0,0,365,T
6-NA,402,0,364,0,0,364,T
6-NA,403,0,1,367,0,368,G
6-NA,404,0,2,367,0,369,G
6-NA,405,369,0,0,0,369,A
6-NA,406,0,0,0,371,371,C
6-NA,407,366,0,0,1,367,A
6-NA,408,0,0,375,0,375,G
6-NA,409,0,0,377,0,377,G
6-NA,410,0,1,391,0,392,G
6-NA,411,392,0,0,0,392,A
6-NA,412,392,0,0,0,392,A
6-NA,413,0,1,0,393,394,C
6-NA,414,391,0,1,0,392,A
6-NA,415,439,0,0,0,439,A
6-NA,416,0,1,0,441,442,C
6-NA,417,441,0,0,0,441,A
6-NA,418,0,0,0,444,444,C
6-NA,419,0,445,0,0,445,T
6-NA,420,450,0,0,0,450,A
6-NA,421,450,0,0,0,450,A
6-NA,422,451,0,0,0,451,A
6-NA,423,0,0,0,455,455,C
6-NA,424,435,0,0,1,436,A
6-NA,425,438,0,0,0,438,A
6-NA,426,0,0,0,438,438,C
6-NA,427,3,0,435,0,438,G
6-NA,428,0,438,0,0,438,T
6-NA,429,432,0,1,0,433,A
6-NA,430,0,0,0,441,441,C
6-NA,431,442,0,0,0,442,A
6-NA,432,0,444,0,0,444,T
6-NA,433,0,445,0,0,445,T
6-NA,434,0,0,0,467,467,C
6-NA,435,478,0,0,0,478,A
6-NA,436,484,0,0,0,484,A
6-NA,437,482,0,1,0,483,A
6-NA,438,0,482,0,0,482,T
6-NA,439,478,0,1,0,479,A
6-NA,440,493,0,0,0,493,A
6-NA,441,0,0,0,498,498,C
6-NA,442,497,0,0,0,497,A
6-NA,443,0,0,0,505,505,C
6-NA,444,489,0,0,0,489,A
6-NA,445,0,0,604,0,604,G
6-NA,446,0,602,0,0,602,T
6-NA,447,611,0,0,0,611,A
6-NA,448,0,0,0,612,612,C
6-NA,449,0,0,609,0,609,G
6-NA,450,0,639,0,1,640,T
6-NA,451,0,4,634,0,638,G
6-NA,452,636,0,0,0,636,A
6-NA,453,0,641,0,0,641,T
6-NA,454,613,0,0,0,613,A
6-NA,455,0,0,613,0,613,G
6-NA,456,1,4,606,0,611,G
6-NA,457,616,0,0,0,616,A
6-NA,458,0,1,0,623,624,C
6-NA,459,0,0,0,618,618,C
6-NA,460,0,0,0,627,627,C
6-NA,461,1,0,0,632,633,C
6-NA,462,0,639,0,1,640,T
6-NA,463,0,649,0,1,650,T
6-NA,464,658,0,0,0,658,A
6-NA,465,0,659,0,0,659,T
6-NA,466,3,0,0,653,656,C
6-NA,467,0,2,649,0,651,G
6-NA,468,0,2,652,0,654,G
6-NA,469,650,0,0,0,650,A
6-NA,470,0,0,0,655,655,C
6-NA,471,1,0,0,649,650,C
6-NA,472,2,0,0,687,689,C
6-NA,473,0,690,0,0,690,T
6-NA,474,710,0,0,0,710,A
6-NA,475,0,711,0,0,711,T
6-NA,476,0,709,0,0,709,T
6-NA,477,1,1,709,0,711,G
6-NA,478,710,1,0,0,711,A
6-NA,479,0,706,0,0,706,T
6-NA,480,0,3,705,1,709,G
6-NA,481,692,0,0,0,692,A
6-NA,482,685,0,1,0,686,A
6-NA,483,0,690,0,0,690,T
6-NA,484,1,3,696,0,700,G
6-NA,485,713,0,0,0,713,A
6-NA,486,0,0,720,0,720,G
6-NA,487,1,717,0,0,718,T
6-NA,488,0,717,0,0,717,T
6-NA,489,720,0,0,0,720,A
6-NA,490,0,0,721,0,721,G
6-NA,491,0,1,724,0,725,G
6-NA,492,0,720,0,4,724,T
6-NA,493,0,0,725,0,725,G
6-NA,494,0,715,0,1,716,T
6-NA,495,0,713,0,1,714,T
6-NA,496,3,0,0,723,726,C
6-NA,497,0,0,0,729,729,C
6-NA,498,0,730,0,0,730,T
6-NA,499,1,728,0,0,729,T
6-NA,500,0,723,0,0,723,T
6-NA,501,1,723,0,1,725,T
6-NA,502,3,0,0,725,728,C
6-NA,503,728,0,0,0,728,A
6-NA,504,0,750,0,1,751,T
6-NA,505,0,0,0,749,749,C
6-NA,506,0,745,0,0,745,T
6-NA,507,0,1,744,1,746,G
6-NA,508,0,2,745,1,748,G
6-NA,509,0,0,751,0,751,G
6-NA,510,0,1,754,0,755,G
6-NA,511,753,0,0,0,753,A
6-NA,512,0,23,0,740,763,C
6-NA,513,2,0,0,761,763,C
6-NA,514,774,0,1,0,775,A
6-NA,515,780,0,0,0,780,A
6-NA,516,0,0,781,0,781,G
6-NA,517,1,0,0,776,777,C
6-NA,518,776,0,0,0,776,A
6-NA,519,795,0,0,0,795,A
6-NA,520,0,0,799,0,799,G
6-NA,521,0,797,0,0,797,T
6-NA,522,0,0,822,0,822,G
6-NA,523,0,813,0,0,813,T
6-NA,524,1,0,843,0,844,G
6-NA,525,1,3,0,839,843,C
6-NA,526,841,0,0,0,841,A
6-NA,527,0,849,0,0,849,T
6-NA,528,840,0,0,0,840,A
6-NA,529,0,0,857,0,857,G
6-NA,530,0,0,0,855,855,C
6-NA,531,834,0,0,1,835,A
6-NA,532,1,829,0,0,830,T
6-NA,533,0,2,805,0,807,G
6-NA,534,0,0,872,0,872,G
6-NA,535,0,870,0,2,872,T
6-NA,536,2,0,0,867,869,C
6-NA,537,4,0,0,877,881,C
6-NA,538,886,0,0,0,886,A
6-NA,539,0,0,941,0,941,G
6-NA,540,0,0,0,946,946,C
6-NA,541,0,943,0,1,944,T
6-NA,542,2,0,0,951,953,C
6-NA,543,935,0,0,0,935,A
6-NA,544,947,0,0,0,947,A
6-NA,545,0,0,950,0,950,G
6-NA,546,0,954,0,0,954,T
6-NA,547,0,948,0,0,948,T
6-NA,548,0,0,959,0,959,G
6-NA,549,1,960,0,0,961,T
6-NA,550,5,1,0,950,956,C
6-NA,551,958,0,0,0,958,A
6-NA,552,1,2,0,969,972,C
6-NA,553,2,3,963,0,968,G
6-NA,554,981,0,1,0,982,A
6-NA,555,0,985,0,1,986,T
6-NA,556,0,1,1012,0,1013,G
6-NA,557,0,3,1010,0,1013,G
6-NA,558,1016,0,0,0,1016,A
6-NA,559,1016,0,2,0,1018,A
6-NA,560,1031,0,0,0,1031,A
6-NA,561,1029,0,1,0,1030,A
6-NA,562,0,0,1053,0,1053,G
6-NA,563,0,0,0,1047,1047,C
6-NA,564,1047,1,0,0,1048,A
6-NA,565,0,1043,0,0,1043,T
6-NA,566,0,0,1055,0,1055,G
6-NA,567,0,1,1056,0,1057,G
6-NA,568,1,0,0,1074,1075,C
6-NA,569,0,1076,0,0,1076,T
6-NA,570,0,0,1087,0,1087,G
6-NA,571,0,1,0,1083,1084,C
6-NA,572,1088,0,1,0,1089,A
6-NA,573,0,1127,0,0,1127,T
6-NA,574,0,1,1128,0,1129,G
6-NA,575,0,1140,0,1,1141,T
6-NA,576,1,1174,0,0,1175,T
6-NA,577,0,1174,0,0,1174,T
6-NA,578,0,0,1268,0,1268,G
6-NA,579,0,1265,0,0,1265,T
6-NA,580,1272,0,0,0,1272,A
6-NA,581,0,1276,0,0,1276,T
6-NA,582,1279,0,0,0,1279,A
6-NA,583,1284,0,0,0,1284,A
6-NA,584,1,2,0,1274,1277,C
6-NA,585,3,4,1264,0,1271,G
6-NA,586,0,2,1279,0,1281,G
6-NA,587,1,6,1254,0,1261,G
6-NA,588,0,2,1267,0,1269,G
6-NA,589,0,1,1271,0,1272,G
6-NA,590,1266,0,1,0,1267,A
6-NA,591,0,1278,0,1,1279,T
6-NA,592,0,0,1286,0,1286,G
6-NA,593,1298,0,1,0,1299,A
6-NA,594,1,1302,0,0,1303,T
6-NA,595,1306,1,0,0,1307,A
6-NA,596,1328,1,0,0,1329,A
6-NA,597,1334,0,0,0,1334,A
6-NA,598,1340,0,0,0,1340,A
6-NA,599,1344,1,1,0,1346,A
6-NA,600,0,1343,1,1,1345,T
6-NA,601,0,0,1342,0,1342,G
6-NA,602,0,1,0,1346,1347,C
6-NA,603,1347,0,1,0,1348,A
6-NA,604,1353,0,0,0,1353,A
6-NA,605,0,0,0,1374,1374,C
6-NA,606,0,1373,0,2,1375,T
6-NA,607,0,0,1382,0,1382,G
6-NA,608,0,2,0,1378,1380,C
6-NA,609,0,1380,0,1,1381,T
6-NA,610,1380,0,0,0,1380,A
6-NA,611,0,0,1384,0,1384,G
6-NA,612,0,0,0,1397,1397,C
6-NA,613,0,1399,1,1,1401,T
6-NA,614,0,1402,0,0,1402,T
6-NA,615,3,0,0,1414,1417,C
6-NA,616,1431,0,0,0,1431,A
6-NA,617,1,1431,1,0,1433,T
6-NA,618,1,1434,0,1,1436,T
6-NA,619,0,1441,0,1,1442,T
6-NA,620,1454,0,1,0,1455,A
6-NA,621,0,0,0,1472,1472,C
6-NA,622,1466,0,0,0,1466,A
6-NA,623,1476,1,1,1,1479,A
6-NA,624,0,1477,0,1,1478,T
6-NA,625,1,4,1466,1,1472,G
6-NA,626,0,1,1470,0,1471,G
6-NA,627,1,2,1471,0,1474,G
6-NA,628,1468,1,1,0,1470,A
6-NA,629,0,1,1524,0,1525,G
6-NA,630,1,0,1547,1,1549,G
6-NA,631,0,1,0,1697,1698,C
6-NA,632,0,1694,0,2,1696,T
6-NA,633,0,1722,0,0,1722,T
6-NA,634,15,1,1724,0,1740,G
6-NA,635,0,1739,0,0,1739,T
6-NA,636,1778,0,0,0,1778,A
6-NA,637,1,1,1781,0,1783,G
6-NA,638,1772,0,0,0,1772,A
6-NA,639,0,1771,0,0,1771,T
6-NA,640,1645,0,0,0,1645,A
6-NA,641,0,0,1652,0,1652,G
6-NA,642,0,1635,0,0,1635,T
6-NA,643,1,1,1602,0,1604,G
6-NA,644,0,1688,0,1,1689,T
6-NA,645,0,1688,0,0,1688,T
6-NA,646,0,0,1726,0,1726,G
6-NA,647,1,1720,0,2,1723,T
6-NA,648,0,1723,0,3,1726,T
6-NA,649,0,1723,1,2,1726,T
6-NA,650,7,2,0,1700,1709,C
6-NA,651,1704,1,4,0,1709,A
6-NA,652,0,1703,0,1,1704,T
6-NA,653,0,4,1699,0,1703,G
6-NA,654,1,1,1814,0,1816,G
6-NA,655,0,1806,0,4,1810,T
6-NA,656,7,0,1,1804,1812,C
6-NA,657,3,0,0,1807,1810,C
6-NA,658,1814,0,2,0,1816,A
6-NA,659,1828,0,1,0,1829,A
6-NA,660,1827,0,2,0,1829,A
6-NA,661,0,4,1836,0,1840,G
6-NA,662,1837,0,1,0,1838,A
6-NA,663,1798,0,1,0,1799,A
6-NA,664,1801,0,1,0,1802,A
6-NA,665,0,1797,0,0,1797,T
6-NA,666,3,0,0,1846,1849,C
6-NA,667,4,0,0,1849,1853,C
6-NA,668,2,1846,0,3,1851,T
6-NA,669,5,0,1,1847,1853,C
6-NA,670,1849,0,2,0,1851,A
6-NA,671,1,1,1865,0,1867,G
6-NA,672,0,5,1863,0,1868,G
6-NA,673,1910,1,1,0,1912,A
6-NA,674,1,2,0,1915,1918,C
6-NA,675,3,1,0,1893,1897,C
6-NA,676,2,0,0,1898,1900,C
6-NA,677,1904,0,1,0,1905,A
6-NA,678,0,3,1906,0,1909,G
6-NA,679,0,3,1921,0,1924,G
6-NA,680,1917,0,1,0,1918,A
6-NA,681,0,0,1948,0,1948,G
6-NA,682,0,1910,0,4,1914,T
6-NA,683,7,1,0,1909,1917,C
6-NA,684,1920,0,1,0,1921,A
6-NA,685,1,3,1930,0,1934,G
6-NA,686,1929,1,2,0,1932,A
6-NA,687,1932,0,0,0,1932,A
6-NA,688,0,1929,0,0,1929,T
6-NA,689,0,1,1933,0,1934,G
6-NA,690,1,0,0,1930,1931,C
6-NA,691,0,2,1936,0,1938,G
6-NA,692,0,1938,1,0,1939,T
6-NA,693,0,1939,0,0,1939,T
6-NA,694,0,1935,0,0,1935,T
6-NA,695,1,1,1948,0,1950,G
6-NA,696,1,1958,0,1,1960,T
6-NA,697,1959,0,2,0,1961,A
6-NA,698,0,1956,0,1,1957,T
6-NA,699,3,3,0,1954,1960,C
6-NA,700,1958,0,0,0,1958,A
6-NA,701,1954,0,0,0,1954,A
6-NA,702,0,1956,0,0,1956,T
6-NA,703,0,3,1955,0,1958,G
6-NA,704,0,12,1950,0,1962,G
6-NA,705,1997,0,0,0,1997,A
6-NA,706,1983,2,2,14,2001,A
6-NA,707,0,6,0,2018,2024,C
6-NA,708,0,2037,0,1,2038,T
6-NA,709,0,2037,0,1,2038,T
6-NA,710,0,0,2101,0,2101,G
6-NA,711,1,2101,0,1,2103,T
6-NA,712,2101,0,2,0,2103,A
6-NA,713,0,1,0,2132,2133,C
6-NA,714,2073,0,3,0,2076,A
6-NA,715,0,0,2228,0,2228,G
6-NA,716,0,2215,1,0,2216,T
6-NA,717,2312,0,0,0,2312,A
6-NA,718,0,0,2334,1,2335,G
6-NA,719,1,2309,0,0,2310,T
6-NA,720,2309,0,0,0,2309,A
6-NA,721,2309,0,0,0,2309,A
6-NA,722,0,2291,1,1,2293,T
6-NA,723,22,17,2268,0,2307,G
6-NA,724,2269,1,1,0,2271,A
6-NA,725,0,0,1,2286,2287,C
6-NA,726,0,2238,0,1,2239,T
6-NA,727,0,3,2244,0,2247,G
6-NA,728,2244,0,2,0,2246,A
6-NA,729,0,2249,0,0,2249,T
6-NA,730,1,2,2242,0,2245,G
6-NA,731,1,1,2225,1,2228,G
6-NA,732,1,5,2235,0,2241,G
6-NA,733,2202,0,2,0,2204,A
6-NA,734,1,0,2202,0,2203,G
6-NA,735,0,2197,0,0,2197,T
6-NA,736,2,1,2207,0,2210,G
6-NA,737,0,0,0,2228,2228,C
6-NA,738,1,2221,0,1,2223,T
6-NA,739,0,2230,0,0,2230,T
6-NA,740,2,1,0,2222,2225,C
6-NA,741,2224,1,3,1,2229,A
6-NA,742,1,2,2237,0,2240,G
6-NA,743,0,2,2236,0,2238,G
6-NA,744,2233,2,2,0,2237,A
6-NA,745,2218,0,2,0,2220,A
6-NA,746,2203,2,0,0,2205,A
6-NA,747,2216,0,5,0,2221,A
6-NA,748,1,0,2228,0,2229,G
6-NA,749,0,1,0,2228,2229,C
6-NA,750,1,2219,0,0,2220,T
6-NA,751,0,3,2215,1,2219,G
6-NA,752,2214,0,1,0,2215,A
6-NA,753,0,2230,0,0,2230,T
6-NA,754,2239,0,0,0,2239,A
6-NA,755,0,0,0,2351,2351,C
6-NA,756,0,2340,0,0,2340,T
6-NA,757,2341,0,0,0,2341,A
6-NA,758,2346,0,0,0,2346,A
6-NA,759,2345,0,0,1,2346,A
6-NA,760,2409,0,0,0,2409,A
6-NA,761,0,2408,0,2,2410,T
6-NA,762,2378,2,22,0,2402,A
6-NA,763,2,1,0,2409,2412,C
6-NA,764,0,2328,0,0,2328,T
6-NA,765,2356,1,1,0,2358,A
6-NA,766,0,2355,0,1,2356,T
6-NA,767,0,2446,0,2,2448,T
6-NA,768,14,1,0,2440,2455,C
6-NA,769,2408,0,0,0,2408,A
6-NA,770,0,2398,0,2,2400,T
6-NA,771,0,2398,0,0,2398,T
6-NA,772,0,6,2405,0,2411,G
6-NA,773,2393,0,3,0,2396,A
6-NA,774,1,2,2386,0,2389,G
6-NA,775,0,6,2389,0,2395,G
6-NA,776,2296,2,0,0,2298,A
6-NA,777,2,7,2331,0,2340,G
6-NA,778,0,4,2335,0,2339,G
6-NA,779,0,1,2335,1,2337,G
6-NA,780,1,4,2339,0,2344,G
6-NA,781,2335,0,2,0,2337,A
6-NA,782,2336,1,2,0,2339,A
6-NA,783,2337,0,1,0,2338,A
6-NA,784,2334,0,1,1,2336,A
6-NA,785,0,2343,0,0,2343,T
6-NA,786,11,0,0,2305,2316,C
6-NA,787,1,0,2347,0,2348,G
6-NA,788,0,2339,0,0,2339,T
6-NA,789,0,2334,2,1,2337,T
6-NA,790,10,0,1,2329,2340,C
6-NA,791,2341,0,2,0,2343,A
6-NA,792,2,2502,0,0,2504,T
6-NA,793,2503,0,0,0,2503,A
6-NA,794,0,0,0,2522,2522,C
6-NA,795,1,2505,0,1,2507,T
6-NA,796,2509,0,1,0,2510,A
6-NA,797,0,1,2510,1,2512,G
6-NA,798,2,2,0,2503,2507,C
6-NA,799,2506,1,2,0,2509,A
6-NA,800,0,0,0,2515,2515,C
6-NA,801,2405,0,2,0,2407,A
6-NA,802,1,2445,0,0,2446,T
6-NA,803,0,2437,0,0,2437,T
6-NA,804,0,0,2619,0,2619,G
6-NA,805,0,2606,1,4,2611,T
6-NA,806,16,2,0,2595,2613,C
6-NA,807,2613,1,0,0,2614,A
6-NA,808,0,2,2622,0,2624,G
6-NA,809,1,7,2619,0,2627,G
6-NA,810,2616,0,2,0,2618,A
6-NA,811,2584,0,0,0,2584,A
6-NA,812,1,0,2618,0,2619,G
6-NA,813,0,2486,0,0,2486,T
6-NA,814,1,1,2510,0,2512,G
6-NA,815,1,2,0,2502,2505,C
6-NA,816,0,2506,0,1,2507,T
6-NA,817,14,1,0,2501,2516,C
6-NA,818,2506,0,2,0,2508,A
6-NA,819,0,1,2535,0,2536,G
6-NA,820,0,0,0,2533,2533,C
6-NA,821,2521,0,1,0,2522,A
6-NA,822,2,2519,0,1,2522,T
6-NA,823,2,0,2597,1,2600,G
6-NA,824,0,2605,0,0,2605,T
6-NA,825,7,0,0,2593,2600,C
6-NA,826,2,8,2597,0,2607,G
6-NA,827,2596,0,0,2,2598,A
6-NA,828,1,1,2585,0,2587,G
6-NA,829,0,6,2575,1,2582,G
6-NA,830,2550,2,2,0,2554,A
6-NA,831,1,0,2592,0,2593,G
6-NA,832,0,2514,0,1,2515,T
6-NA,833,1,2,2519,0,2522,G
6-NA,834,0,0,0,2555,2555,C
6-NA,835,1,2552,0,3,2556,T
6-NA,836,6,0,0,2567,2573,C
6-NA,837,6,0,0,2575,2581,C
6-NA,838,1,2566,1,5,2573,T
6-NA,839,0,1,2584,0,2585,G
6-NA,840,0,0,0,2562,2562,C
6-NA,841,0,2534,0,6,2540,T
6-NA,842,2555,0,1,0,2556,A
6-NA,843,0,2522,1,2,2525,T
6-NA,844,6,0,1,2542,2549,C
6-NA,845,6,1,0,2535,2542,C
6-NA,846,0,2543,0,3,2546,T
6-NA,847,6,0,0,2549,2555,C
6-NA,848,1,2,2543,0,2546,G
6-NA,849,2569,0,0,0,2569,A
6-NA,850,0,2565,1,4,2570,T
6-NA,851,2577,1,0,1,2579,A
6-NA,852,0,2578,0,0,2578,T
6-NA,853,1,1,2,2565,2569,C
6-NA,854,4,1,0,2562,2567,C
6-NA,855,0,2540,0,1,2541,T
6-NA,856,0,5,2550,0,2555,G
6-NA,857,0,2,2560,0,2562,G
6-NA,858,1,2585,1,6,2593,T
6-NA,859,2,2,2595,1,2600,G
6-NA,860,0,2577,0,2,2579,T
6-NA,861,11,2,0,2564,2577,C
6-NA,862,2565,0,5,1,2571,A
6-NA,863,0,3,2570,0,2573,G
6-NA,864,2577,2,1,0,2580,A
6-NA,865,0,2552,0,2,2554,T
6-NA,866,0,0,2562,0,2562,G
6-NA,867,1,2545,0,3,2549,T
6-NA,868,1,1,2553,0,2555,G
6-NA,869,1,2553,0,2,2556,T
6-NA,870,4,0,0,2553,2557,C
6-NA,871,1,2542,0,5,2548,T
6-NA,872,1,1,2553,0,2555,G
6-NA,873,1,2,0,2554,2557,C
6-NA,874,2552,0,3,0,2555,A
6-NA,875,1,3,2554,0,2558,G
6-NA,876,2511,1,2,0,2514,A
6-NA,877,1,5,2512,0,2518,G
6-NA,878,2518,0,2,0,2520,A
6-NA,879,0,0,0,2537,2537,C
6-NA,880,2537,0,1,1,2539,A
6-NA,881,2556,0,1,1,2558,A
6-NA,882,0,0,0,2561,2561,C
6-NA,883,0,2560,0,1,2561,T
6-NA,884,1,0,2564,0,2565,G
6-NA,885,0,2,2560,0,2562,G
6-NA,886,2557,0,1,0,2558,A
6-NA,887,2555,1,2,0,2558,A
6-NA,888,2515,0,1,0,2516,A
6-NA,889,1,0,2511,0,2512,G
6-NA,890,0,3,2486,0,2489,G
6-NA,891,2457,1,3,0,2461,A
6-NA,892,0,2507,0,3,2510,T
6-NA,893,4,0,0,2525,2529,C
6-NA,894,3,0,0,2580,2583,C
6-NA,895,2594,0,0,1,2595,A
6-NA,896,2584,0,1,1,2586,A
6-NA,897,1,2587,0,1,2589,T
6-NA,898,2512,1,2,1,2516,A
6-NA,899,1,2,2507,0,2510,G
6-NA,900,0,0,2514,0,2514,G
6-NA,901,1,1,1,2522,2525,C
6-NA,902,3,0,0,2494,2497,C
6-NA,903,10,0,0,2427,2437,C
6-NA,904,2465,0,0,0,2465,A
6-NA,905,0,2485,0,1,2486,T
6-NA,906,3,0,0,2486,2489,C
6-NA,907,3,0,2497,0,2500,G
6-NA,908,2,2485,0,0,2487,T
6-NA,909,2445,0,2,2,2449,A
6-NA,910,0,0,2490,0,2490,G
6-NA,911,2472,0,13,0,2485,A
6-NA,912,1,2494,0,1,2496,T
6-NA,913,2434,0,0,0,2434,A
6-NA,914,0,2415,0,2,2417,T
6-NA,915,2419,0,1,0,2420,A
6-NA,916,2419,0,0,0,2419,A
6-NA,917,2461,0,2,1,2464,A
6-NA,918,0,0,0,2506,2506,C
6-NA,919,2429,1,0,0,2430,A
6-NA,920,1,2435,0,0,2436,T
6-NA,921,2416,0,0,0,2416,A
6-NA,922,2410,0,1,0,2411,A
6-NA,923,2410,0,4,0,2414,A
6-NA,924,1,3,2463,0,2467,G
6-NA,925,0,6,2484,0,2490,G
6-NA,926,2415,0,1,0,2416,A
6-NA,927,0,2425,0,3,2428,T
6-NA,928,10,0,0,2420,2430,C
6-NA,929,2445,0,4,0,2449,A
6-NA,930,0,2454,2,0,2456,T
6-NA,931,2449,1,0,0,2450,A
6-NA,932,0,0,2465,0,2465,G
6-NA,933,1,1,0,2439,2441,C
6-NA,934,2386,0,2,1,2389,A
6-NA,935,0,2310,0,1,2311,T
6-NA,936,0,2315,0,0,2315,T
6-NA,937,1,0,2309,0,2310,G
6-NA,938,1,2311,0,0,2312,T
6-NA,939,4,0,0,2289,2293,C
6-NA,940,0,2469,0,3,2472,T
6-NA,941,6,0,0,2488,2494,C
6-NA,942,2,0,0,2503,2505,C
6-NA,943,2531,0,2,0,2533,A
6-NA,944,0,0,2570,0,2570,G
6-NA,945,0,2557,0,2,2559,T
6-NA,946,0,2456,0,0,2456,T
6-NA,947,2465,0,1,0,2466,A
6-NA,948,0,2409,0,0,2409,T
6-NA,949,0,0,2412,0,2412,G
6-NA,950,0,2376,0,0,2376,T
6-NA,951,0,0,2388,0,2388,G
6-NA,952,1,2311,0,1,2313,T
6-NA,953,0,1,2363,0,2364,G
6-NA,954,0,2361,0,3,2364,T
6-NA,955,0,2359,1,0,2360,T
6-NA,956,13,0,0,2343,2356,C
6-NA,957,2335,0,4,0,2339,A
6-NA,958,1,3,2349,0,2353,G
6-NA,959,0,7,2339,0,2346,G
6-NA,960,2335,0,1,1,2337,A
6-NA,961,2,0,1,2337,2340,C
6-NA,962,0,2273,0,1,2274,T
6-NA,963,0,2280,0,1,2281,T
6-NA,964,0,1,2378,0,2379,G
6-NA,965,2,2373,0,2,2377,T
6-NA,966,0,2375,0,1,2376,T
6-NA,967,1,1,2365,0,2367,G
6-NA,968,2,5,2367,0,2374,G
6-NA,969,2363,0,5,0,2368,A
6-NA,970,0,5,2368,0,2373,G
6-NA,971,2361,0,7,0,2368,A
6-NA,972,2,1,0,2371,2374,C
6-NA,973,2309,0,1,0,2310,A
6-NA,974,0,1,0,2322,2323,C
6-NA,975,2306,0,6,10,2322,A
6-NA,976,1,0,0,2341,2342,C
6-NA,977,7,0,0,2331,2338,C
6-NA,978,6,0,1,2337,2344,C
6-NA,979,2333,0,2,1,2336,A
6-NA,980,0,5,2342,0,2347,G
6-NA,981,2342,1,2,0,2345,A
6-NA,982,2352,0,2,1,2355,A
6-NA,983,2330,2,0,0,2332,A
6-NA,984,2334,0,0,0,2334,A
6-NA,985,2320,0,1,0,2321,A
6-NA,986,2323,0,1,1,2325,A
6-NA,987,0,2,0,2326,2328,C
6-NA,988,0,16,2309,0,2325,G
6-NA,989,2320,0,1,0,2321,A
6-NA,990,2,1,0,2319,2322,C
6-NA,991,2309,0,1,0,2310,A
6-NA,992,0,1,2328,0,2329,G
6-NA,993,0,1,0,2406,2407,C
6-NA,994,1,2391,0,3,2395,T
6-NA,995,5,0,0,2400,2405,C
6-NA,996,2,1,0,2405,2408,C
6-NA,997,2405,0,0,0,2405,A
6-NA,998,2,1,2422,0,2425,G
6-NA,999,1,0,0,2422,2423,C
6-NA,1000,2412,1,1,0,2414,A
6-NA,1001,0,0,2403,0,2403,G
6-NA,1002,0,2303,0,2,2305,T
6-NA,1003,2311,0,4,0,2315,A
6-NA,1004,0,0,2322,1,2323,G
6-NA,1005,1,0,0,2318,2319,C
6-NA,1006,2,1,0,2325,2328,C
6-NA,1007,2305,1,0,0,2306,A
6-NA,1008,0,2304,0,3,2307,T
6-NA,1009,2,2308,0,0,2310,T
6-NA,1010,0,0,2350,0,2350,G
6-NA,1011,0,2322,0,4,2326,T
6-NA,1012,0,2327,0,0,2327,T
6-NA,1013,1,2325,0,2,2328,T
6-NA,1014,0,3,2306,0,2309,G
6-NA,1015,1,3,2323,0,2327,G
6-NA,1016,2319,0,0,0,2319,A
6-NA,1017,1,2347,1,0,2349,T
6-NA,1018,5,1,0,2342,2348,C
6-NA,1019,1,0,0,2326,2327,C
6-NA,1020,2,2319,0,2,2323,T
6-NA,1021,2328,0,3,0,2331,A
6-NA,1022,2333,0,3,1,2337,A
6-NA,1023,0,1,0,2379,2380,C
6-NA,1024,2319,0,1,0,2320,A
6-NA,1025,2329,0,0,0,2329,A
6-NA,1026,0,2320,0,0,2320,T
6-NA,1027,0,3,2315,0,2318,G
6-NA,1028,2293,1,1,0,2295,A
6-NA,1029,1,3,2206,0,2210,G
6-NA,1030,0,3,2259,0,2262,G
6-NA,1031,2259,0,1,0,2260,A
6-NA,1032,2260,0,3,1,2264,A
6-NA,1033,1,4,2269,0,2274,G
6-NA,1034,2,0,2283,1,2286,G
6-NA,1035,0,2257,0,2,2259,T
6-NA,1036,1,5,2257,0,2263,G
6-NA,1037,0,0,2309,0,2309,G
6-NA,1038,1,2289,1,0,2291,T
6-NA,1039,14,0,1,2274,2289,C
6-NA,1040,2285,0,2,0,2287,A
6-NA,1041,0,2278,0,1,2279,T
6-NA,1042,1,9,2261,0,2271,G
6-NA,1043,0,4,2248,0,2252,G
6-NA,1044,3,3,2170,0,2176,G
6-NA,1045,0,0,2270,0,2270,G
6-NA,1046,0,2264,0,3,2267,T
6-NA,1047,0,3,2272,0,2275,G
6-NA,1048,2269,1,0,0,2270,A
6-NA,1049,2266,1,4,0,2271,A
6-NA,1050,2271,0,5,0,2276,A
6-NA,1051,2,3,2271,0,2276,G
6-NA,1052,0,1,2253,0,2254,G
6-NA,1053,1,0,0,2248,2249,C
6-NA,1054,2,2180,0,2,2184,T
6-NA,1055,1,3,2184,0,2188,G
6-NA,1056,2,1,2188,0,2191,G
6-NA,1057,1,1,2209,0,2211,G
6-NA,1058,0,0,0,2223,2223,C
6-NA,1059,5,1,0,2220,2226,C
6-NA,1060,2,2193,0,5,2200,T
6-NA,1061,0,2204,0,1,2205,T
6-NA,1062,2,2210,0,0,2212,T
6-NA,1063,0,2,2212,0,2214,G
6-NA,1064,2210,0,1,0,2211,A
6-NA,1065,0,2198,0,1,2199,T
6-NA,1066,0,1,2162,0,2163,G
6-NA,1067,2138,1,0,0,2139,A
6-NA,1068,1,2139,0,0,2140,T
6-NA,1069,1,4,2129,0,2134,G
6-NA,1070,0,2,2168,0,2170,G
6-NA,1071,2162,0,0,1,2163,A
6-NA,1072,2158,0,1,0,2159,A
6-NA,1073,2153,0,0,2,2155,A
6-NA,1074,0,2161,0,1,2162,T
6-NA,1075,1,6,2158,0,2165,G
6-NA,1076,2167,0,1,0,2168,A
6-NA,1077,1,1,1,2157,2160,C
6-NA,1078,3,0,2166,0,2169,G
6-NA,1079,0,2136,0,2,2138,T
6-NA,1080,0,0,2152,0,2152,G
6-NA,1081,0,2148,0,1,2149,T
6-NA,1082,3,4,2147,0,2154,G
6-NA,1083,0,2,2164,0,2166,G
6-NA,1084,2131,3,18,0,2152,A
6-NA,1085,0,2156,0,1,2157,T
6-NA,1086,14,1,2139,0,2154,G
6-NA,1087,1,0,2152,0,2153,G
6-NA,1088,0,2,2164,0,2166,G
6-NA,1089,2151,0,0,0,2151,A
6-NA,1090,2137,0,0,0,2137,A
6-NA,1091,0,14,2119,0,2133,G
6-NA,1092,2112,1,2,0,2115,A
6-NA,1093,2109,1,2,0,2112,A
6-NA,1094,1,1,0,2102,2104,C
6-NA,1095,1,5,2093,0,2099,G
6-NA,1096,2094,1,1,0,2096,A
6-NA,1097,1,2061,0,1,2063,T
6-NA,1098,7,0,0,2066,2073,C
6-NA,1099,2067,0,1,0,2068,A
6-NA,1100,1,0,2083,0,2084,G
6-NA,1101,2,1,0,2076,2079,C
6-NA,1102,0,7,2071,0,2078,G
6-NA,1103,2075,0,0,0,2075,A
6-NA,1104,3,2,2078,0,2083,G
6-NA,1105,2076,0,0,0,2076,A
6-NA,1106,2073,0,0,0,2073,A
6-NA,1107,2,0,2092,0,2094,G
6-NA,1108,0,2074,0,3,2077,T
6-NA,1109,8,0,0,2057,2065,C
6-NA,1110,2057,0,2,0,2059,A
6-NA,1111,0,1,0,2130,2131,C
6-NA,1112,0,1,2127,0,2128,G
6-NA,1113,1,0,0,2124,2125,C
6-NA,1114,1,2115,0,1,2117,T
6-NA,1115,0,2121,0,0,2121,T
6-NA,1116,2087,0,0,0,2087,A
6-NA,1117,0,2,2203,0,2205,G
6-NA,1118,1,5,2202,0,2208,G
6-NA,1119,1,2,2251,0,2254,G
6-NA,1120,1,2117,0,0,2118,T
6-NA,1121,2113,0,2,0,2115,A
6-NA,1122,0,2110,0,2,2112,T
6-NA,1123,0,9,2100,0,2109,G
6-NA,1124,2112,0,0,0,2112,A
6-NA,1125,2104,0,3,0,2107,A
6-NA,1126,2031,0,4,0,2035,A
6-NA,1127,0,2,0,2021,2023,C
6-NA,1128,3,0,0,1997,2000,C
6-NA,1129,1,1988,0,3,1992,T
6-NA,1130,1,1984,0,2,1987,T
6-NA,1131,0,1,0,1989,1990,C
6-NA,1132,1992,0,0,0,1992,A
6-NA,1133,1990,0,0,0,1990,A
6-NA,1134,1986,1,2,1,1990,A
6-NA,1135,0,0,2005,0,2005,G
6-NA,1136,1,1962,0,1,1964,T
6-NA,1137,16,1,0,1961,1978,C
6-NA,1138,2013,1,0,0,2014,A
6-NA,1139,0,2016,0,0,2016,T
6-NA,1140,1,2017,1,0,2019,T
6-NA,1141,1,2,2016,0,2019,G
6-NA,1142,2014,1,1,0,2016,A
6-NA,1143,2023,0,1,1,2025,A
6-NA,1144,1,5,2145,0,2151,G
6-NA,1145,3,1,2149,0,2153,G
6-NA,1146,1,0,0,2138,2139,C
6-NA,1147,0,2086,3,1,2090,T
6-NA,1148,0,2,2095,0,2097,G
6-NA,1149,0,1,2145,1,2147,G
6-NA,1150,0,2141,0,1,2142,T
6-NA,1151,7,0,0,2128,2135,C
6-NA,1152,7,1,0,2125,2133,C
6-NA,1153,2123,0,1,0,2124,A
6-NA,1154,2133,0,0,0,2133,A
6-NA,1155,0,0,0,2135,2135,C
6-NA,1156,3,0,0,2140,2143,C
6-NA,1157,3,0,0,2139,2142,C
6-NA,1158,0,2065,0,0,2065,T
6-NA,1159,2071,0,1,0,2072,A
6-NA,1160,2074,0,1,0,2075,A
6-NA,1161,1,0,2088,0,2089,G
6-NA,1162,0,2082,0,2,2084,T
6-NA,1163,6,0,0,2067,2073,C
6-NA,1164,3,0,0,2042,2045,C
6-NA,1165,2035,1,1,0,2037,A
6-NA,1166,2032,0,1,0,2033,A
6-NA,1167,2032,0,0,0,2032,A
6-NA,1168,1,2005,0,25,2031,T
6-NA,1169,0,2025,0,1,2026,T
6-NA,1170,0,1,2018,0,2019,G
6-NA,1171,1,1,0,2012,2014,C
6-NA,1172,2004,2,5,0,2011,A
6-NA,1173,0,0,2019,0,2019,G
6-NA,1174,2016,0,0,1,2017,A
6-NA,1175,0,2051,0,0,2051,T
6-NA,1176,2060,0,0,0,2060,A
6-NA,1177,2058,1,0,0,2059,A
6-NA,1178,2062,0,1,0,2063,A
6-NA,1179,0,2061,0,0,2061,T
6-NA,1180,2046,0,1,0,2047,A
6-NA,1181,0,6,2048,0,2054,G
6-NA,1182,2,4,2029,1,2036,G
6-NA,1183,1,0,0,2030,2031,C
6-NA,1184,1965,0,0,0,1965,A
6-NA,1185,1985,0,0,0,1985,A
6-NA,1186,0,0,2003,1,2004,G
6-NA,1187,0,1999,0,4,2003,T
6-NA,1188,12,0,0,1994,2006,C
6-NA,1189,2011,0,1,0,2012,A
6-NA,1190,0,2003,0,1,2004,T
6-NA,1191,2020,1,1,1,2023,A
6-NA,1192,0,0,2028,0,2028,G
6-NA,1193,0,2024,0,0,2024,T
6-NA,1194,0,1965,0,2,1967,T
6-NA,1195,0,8,1928,0,1936,G
6-NA,1196,1932,0,4,0,1936,A
6-NA,1197,0,2,0,1934,1936,C
6-NA,1198,1905,1,1,0,1907,A
6-NA,1199,0,4,1921,0,1925,G
6-NA,1200,1908,0,2,1,1911,A
6-NA,1201,0,3,1965,0,1968,G
6-NA,1202,1,0,1969,0,1970,G
6-NA,1203,0,1962,0,0,1962,T
6-NA,1204,1960,0,0,0,1960,A
6-NA,1205,1947,1,2,0,1950,A
6-NA,1206,0,1955,0,0,1955,T
6-NA,1207,1957,1,0,0,1958,A
6-NA,1208,0,4,1918,0,1922,G
6-NA,1209,0,1,1881,0,1882,G
6-NA,1210,2,1718,0,1,1721,T
6-NA,1211,4,0,0,1694,1698,C
6-NA,1212,3,1,0,1701,1705,C
6-NA,1213,3,2,1701,0,1706,G
6-NA,1214,0,0,1716,0,1716,G
6-NA,1215,0,1708,0,2,1710,T
6-NA,1216,0,1711,1,0,1712,T
6-NA,1217,1694,0,0,0,1694,A
6-NA,1218,0,1666,1,0,1667,T
6-NA,1219,0,1663,0,1,1664,T
6-NA,1220,2,2,0,1667,1671,C
6-NA,1221,0,1620,0,0,1620,T
6-NA,1222,0,3,1621,0,1624,G
6-NA,1223,0,1,1622,0,1623,G
6-NA,1224,0,1621,0,0,1621,T
6-NA,1225,1624,0,0,0,1624,A
6-NA,1226,0,1588,0,6,1594,T
6-NA,1227,0,1591,0,3,1594,T
6-NA,1228,0,1592,1,1,1594,T
6-NA,1229,0,1598,0,0,1598,T
6-NA,1230,0,0,0,1600,1600,C
6-NA,1231,0,1573,0,2,1575,T
6-NA,1232,4,0,0,1579,1583,C
6-NA,1233,0,1571,0,0,1571,T
6-NA,1234,0,0,1599,0,1599,G
6-NA,1235,1,1599,0,1,1601,T
6-NA,1236,0,1589,0,2,1591,T
6-NA,1237,1,2,1587,0,1590,G
6-NA,1238,1581,1,0,0,1582,A
6-NA,1239,1580,1,1,0,1582,A
6-NA,1240,0,2,1590,0,1592,G
6-NA,1241,0,1,1588,0,1589,G
6-NA,1242,1,0,0,1591,1592,C
6-NA,1243,1565,0,0,0,1565,A
6-NA,1244,1563,0,0,0,1563,A
6-NA,1245,1563,0,0,0,1563,A
6-NA,1246,1568,0,2,1,1571,A
6-NA,1247,0,0,1575,0,1575,G
6-NA,1248,0,0,0,1574,1574,C
6-NA,1249,0,1557,0,0,1557,T
6-NA,1250,0,1,1574,0,1575,G
6-NA,1251,1,0,0,1569,1570,C
6-NA,1252,1578,0,0,0,1578,A
6-NA,1253,2,1569,1,0,1572,T
6-NA,1254,3,1,0,1553,1557,C
6-NA,1255,1553,0,0,0,1553,A
6-NA,1256,1553,0,0,0,1553,A
6-NA,1257,0,1555,0,0,1555,T
6-NA,1258,1,0,0,1549,1550,C
6-NA,1259,2,1,1532,0,1535,G
6-NA,1260,1,0,1553,0,1554,G
6-NA,1261,0,1550,0,1,1551,T
6-NA,1262,2,0,1555,0,1557,G
6-NA,1263,2,0,0,1568,1570,C
6-NA,1264,0,1557,0,3,1560,T
6-NA,1265,0,1577,0,0,1577,T
6-NA,1266,0,1575,0,0,1575,T
6-NA,1267,0,1581,0,1,1582,T
6-NA,1268,1590,0,1,0,1591,A
6-NA,1269,2,1529,0,0,1531,T
6-NA,1270,0,0,1534,0,1534,G
6-NA,1271,0,1507,0,1,1508,T
6-NA,1272,0,7,1480,0,1487,G
6-NA,1273,0,2,1502,2,1506,G
6-NA,1274,1471,0,2,0,1473,A
6-NA,1275,0,0,1492,0,1492,G
6-NA,1276,0,1484,0,2,1486,T
6-NA,1277,0,1471,0,3,1474,T
6-NA,1278,0,2,1490,0,1492,G
6-NA,1279,1490,0,2,0,1492,A
6-NA,1280,0,1489,0,2,1491,T
6-NA,1281,1482,0,1,0,1483,A
6-NA,1282,1435,0,2,0,1437,A
6-NA,1283,1,1,1447,1,1450,G
6-NA,1284,0,4,1423,0,1427,G
6-NA,1285,0,1,1410,0,1411,G
6-NA,1286,0,0,1409,0,1409,G
6-NA,1287,1391,1,1,0,1393,A
6-NA,1288,1395,0,1,0,1396,A
6-NA,1289,0,7,1398,0,1405,G
6-NA,1290,1401,0,0,0,1401,A
6-NA,1291,1398,0,0,0,1398,A
6-NA,1292,1394,0,0,0,1394,A
6-NA,1293,1370,0,0,0,1370,A
6-NA,1294,0,3,1371,0,1374,G
6-NA,1295,1360,0,3,1,1364,A
6-NA,1296,1,2,1362,0,1365,G
6-NA,1297,1,4,1357,0,1362,G
6-NA,1298,1346,0,0,0,1346,A
6-NA,1299,1348,0,1,0,1349,A
6-NA,1300,1353,0,1,0,1354,A
6-NA,1301,0,1,0,1363,1364,C
6-NA,1302,0,1358,0,0,1358,T
6-NA,1303,0,3,1356,0,1359,G
6-NA,1304,1355,0,1,0,1356,A
6-NA,1305,1351,0,1,0,1352,A
6-NA,1306,0,0,1365,0,1365,G
6-NA,1307,0,1354,0,0,1354,T
6-NA,1308,12,0,0,1348,1360,C
6-NA,1309,0,1351,2,2,1355,T
6-NA,1310,0,1347,0,1,1348,T
6-NA,1311,0,0,1349,0,1349,G
6-NA,1312,1,1346,0,0,1347,T
6-NA,1313,2,3,1339,0,1344,G
6-NA,1314,0,6,1336,1,1343,G
6-NA,1315,1322,0,3,0,1325,A
6-NA,1316,0,0,1,1323,1324,C
6-NA,1317,2,0,0,1293,1295,C
6-NA,1318,0,1296,0,3,1299,T
6-NA,1319,2,0,0,1296,1298,C
6-NA,1320,1302,1,1,0,1304,A
6-NA,1321,1304,0,1,0,1305,A
6-NA,1322,1306,0,0,0,1306,A
6-NA,1323,0,0,0,1316,1316,C
6-NA,1324,1273,0,1,0,1274,A
6-NA,1325,0,0,1295,0,1295,G
6-NA,1326,0,1272,0,0,1272,T
6-NA,1327,1272,0,1,0,1273,A
6-NA,1328,0,1271,0,0,1271,T
6-NA,1329,0,1246,0,1,1247,T
6-NA,1330,0,0,1254,0,1254,G
6-NA,1331,0,1247,0,1,1248,T
6-NA,1332,0,1202,0,1,1203,T
6-NA,1333,0,0,1208,0,1208,G
6-NA,1334,0,1139,0,1,1140,T
6-NA,1335,2,1,1143,0,1146,G
6-NA,1336,0,1143,0,1,1144,T
6-NA,1337,0,1125,0,1,1126,T
6-NA,1338,1,1125,0,0,1126,T
6-NA,1339,0,1086,0,1,1087,T
6-NA,1340,0,0,1090,0,1090,G
6-NA,1341,0,1085,0,2,1087,T
6-NA,1342,0,1,1079,0,1080,G
6-NA,1343,0,0,1077,0,1077,G
6-NA,1344,1,0,0,1068,1069,C
6-NA,1345,1064,0,0,0,1064,A
6-NA,1346,0,0,0,1077,1077,C
6-NA,1347,2,0,0,1064,1066,C
6-NA,1348,0,1061,0,1,1062,T
6-NA,1349,1,0,0,1067,1068,C
6-NA,1350,1063,0,1,0,1064,A
6-NA,1351,0,0,1075,0,1075,G
6-NA,1352,0,1,1072,0,1073,G
6-NA,1353,0,1070,0,0,1070,T
6-NA,1354,1060,0,2,0,1062,A
6-NA,1355,0,0,0,1008,1008,C
6-NA,1356,992,0,0,0,992,A
6-NA,1357,0,989,0,0,989,T
6-NA,1358,961,0,0,0,961,A
6-NA,1359,0,958,0,0,958,T
6-NA,1360,0,2,900,0,902,G
6-NA,1361,0,5,901,0,906,G
6-NA,1362,893,0,0,0,893,A
6-NA,1363,888,0,1,0,889,A
6-NA,1364,0,0,0,880,880,C
6-NA,1365,724,0,0,0,724,A
6-NA,1366,0,1,728,0,729,G
6-NA,1367,0,0,730,0,730,G
6-NA,1368,0,0,0,729,729,C
6-NA,1369,0,723,0,4,727,T
6-NA,1370,4,1,0,687,692,C
6-NA,1371,688,0,1,0,689,A
6-NA,1372,0,687,0,0,687,T
6-NA,1373,0,0,686,0,686,G
6-NA,1374,0,0,684,1,685,G
6-NA,1375,0,0,0,662,662,C
6-NA,1376,0,0,0,651,651,C
6-NA,1377,0,608,0,1,609,T
6-NA,1378,0,1,609,0,610,G
6-NA,1379,609,0,0,0,609,A
6-NA,1380,0,607,0,0,607,T
6-NA,1381,0,2,602,0,604,G
6-NA,1382,0,0,587,0,587,G
6-NA,1383,0,1,561,0,562,G
6-NA,1384,0,0,559,0,559,G
6-NA,1385,0,0,0,543,543,C
6-NA,1386,0,0,545,0,545,G
6-NA,1387,0,1,538,0,539,G
6-NA,1388,535,0,1,0,536,A
6-NA,1389,0,0,0,534,534,C
6-NA,1390,534,0,0,0,534,A
6-NA,1391,0,525,0,1,526,T
6-NA,1392,1,0,0,517,518,C
6-NA,1393,516,1,0,0,517,A
6-NA,1394,517,0,0,0,517,A
6-NA,1395,0,514,0,2,516,T
6-NA,1396,0,1,0,505,506,C
6-NA,1397,0,488,0,0,488,T
6-NA,1398,3,0,0,431,434,C
6-NA,1399,430,0,1,0,431,A
6-NA,1400,0,426,0,0,426,T
6-NA,1401,0,0,425,0,425,G
6-NA,1402,0,0,0,420,420,C
6-NA,1403,1,0,0,408,409,C
6-NA,1404,0,378,0,0,378,T
6-NA,1405,370,0,0,0,370,A
6-NA,1406,0,368,0,0,368,T
6-NA,1407,362,0,0,0,362,A
6-NA,1408,0,361,0,0,361,T
6-NA,1409,334,0,0,0,334,A
6-NA,1410,324,0,0,0,324,A
7-M,1,6,0,0,0,6,A
7-M,2,0,6,0,0,6,T
7-M,3,0,0,6,0,6,G
7-M,4,6,0,0,0,6,A
7-M,5,0,0,7,0,7,G
7-M,6,0,0,0,9,9,C
7-M,7,0,0,0,10,10,C
7-M,8,0,14,0,0,14,T
7-M,9,0,14,0,0,14,T
7-M,10,0,0,0,14,14,C
7-M,11,0,14,0,0,14,T
7-M,12,14,0,0,0,14,A
7-M,13,14,0,0,0,14,A
7-M,14,0,0,0,14,14,C
7-M,15,0,0,0,14,14,C
7-M,16,0,0,14,0,14,G
7-M,17,14,0,0,0,14,A
7-M,18,0,0,14,0,14,G
7-M,19,0,0,15,0,15,G
7-M,20,0,15,0,0,15,T
7-M,21,0,0,0,15,15,C
7-M,22,0,0,15,0,15,G
7-M,23,15,0,0,0,15,A
7-M,24,15,0,0,0,15,A
7-M,25,15,0,0,0,15,A
7-M,26,0,0,0,19,19,C
7-M,27,0,0,21,0,21,G
7-M,28,0,21,0,0,21,T
7-M,29,21,0,0,0,21,A
7-M,30,0,21,0,0,21,T
7-M,31,0,0,21,0,21,G
7-M,32,0,21,0,0,21,T
7-M,33,0,23,0,0,23,T
7-M,34,0,0,0,23,23,C
7-M,35,0,23,0,0,23,T
7-M,36,0,0,0,23,23,C
7-M,37,0,23,0,0,23,T
7-M,38,0,0,0,29,29,C
7-M,39,0,29,0,0,29,T
7-M,40,30,0,0,0,30,A
7-M,41,0,31,0,0,31,T
7-M,42,0,0,0,31,31,C
7-M,43,0,0,31,0,31,G
7-M,44,0,31,0,0,31,T
7-M,45,0,31,0,0,31,T
7-M,46,0,0,0,31,31,C
7-M,47,0,0,0,34,34,C
7-M,48,34,0,0,0,34,A
7-M,49,0,34,0,0,34,T
7-M,50,0,0,0,34,34,C
7-M,51,34,0,0,0,34,A
7-M,52,0,0,34,0,34,G
7-M,53,0,0,34,0,34,G
7-M,54,0,0,0,34,34,C
7-M,55,0,0,0,34,34,C
7-M,56,0,0,0,34,34,C
7-M,57,0,0,0,36,36,C
7-M,58,0,0,0,36,36,C
7-M,59,0,36,0,0,36,T
7-M,60,0,0,0,36,36,C
7-M,61,35,0,0,0,35,A
7-M,62,36,0,0,0,36,A
7-M,63,36,0,0,0,36,A
7-M,64,0,0,37,0,37,G
7-M,65,0,0,0,37,37,C
7-M,66,0,0,0,37,37,C
7-M,67,0,0,37,0,37,G
7-M,68,37,0,0,0,37,A
7-M,69,0,0,36,0,36,G
7-M,70,36,0,0,0,36,A
7-M,71,0,36,0,0,36,T
7-M,72,0,0,0,36,36,C
7-M,73,0,0,36,0,36,G
7-M,74,0,0,0,36,36,C
7-M,75,0,0,37,0,37,G
7-M,76,0,0,0,37,37,C
7-M,77,37,0,0,0,37,A
7-M,78,0,0,37,0,37,G
7-M,79,36,0,0,0,36,A
7-M,80,0,0,42,0,42,G
7-M,81,42,0,0,0,42,A
7-M,82,0,0,0,42,42,C
7-M,83,0,42,0,0,42,T
7-M,84,0,42,0,0,42,T
7-M,85,0,0,42,0,42,G
7-M,86,41,0,0,0,41,A
7-M,87,41,0,0,0,41,A
7-M,88,0,0,42,0,42,G
7-M,89,42,0,0,0,42,A
7-M,90,0,42,0,0,42,T
7-M,91,0,0,42,0,42,G
7-M,92,0,42,0,0,42,T
7-M,93,1,0,0,41,42,C
7-M,94,0,41,0,0,41,T
7-M,95,0,42,0,0,42,T
7-M,96,0,41,0,0,41,T
7-M,97,0,0,41,0,41,G
7-M,98,0,0,0,42,42,C
7-M,99,0,42,0,0,42,T
7-M,100,0,0,42,0,42,G
7-M,101,0,0,42,0,42,G
7-M,102,0,0,44,0,44,G
7-M,103,44,0,0,0,44,A
7-M,104,44,0,0,0,44,A
7-M,105,44,0,0,0,44,A
7-M,106,44,0,0,0,44,A
7-M,107,46,0,0,0,46,A
7-M,108,0,0,0,48,48,C
7-M,109,48,0,0,0,48,A
7-M,110,0,0,0,48,48,C
7-M,111,48,0,0,0,48,A
7-M,112,0,0,50,0,50,G
7-M,113,51,0,0,0,51,A
7-M,114,0,50,0,0,50,T
7-M,115,0,0,0,52,52,C
7-M,116,0,51,0,1,52,T
7-M,117,0,52,0,0,52,T
7-M,118,0,0,52,0,52,G
7-M,119,52,0,0,0,52,A
7-M,120,0,0,52,0,52,G
7-M,121,0,1,51,0,52,G
7-M,122,0,0,0,54,54,C
7-M,123,0,54,0,0,54,T
7-M,124,0,0,0,60,60,C
7-M,125,0,61,0,0,61,T
7-M,126,0,0,0,61,61,C
7-M,127,61,0,0,0,61,A
7-M,128,0,62,0,0,62,T
7-M,129,0,0,62,0,62,G
7-M,130,0,1,62,0,63,G
7-M,131,63,0,0,0,63,A
7-M,132,63,0,0,0,63,A
7-M,133,0,63,0,0,63,T
7-M,134,0,0,66,0,66,G
7-M,135,0,0,69,0,69,G
7-M,136,0,0,0,69,69,C
7-M,137,0,68,0,0,68,T
7-M,138,68,0,0,0,68,A
7-M,139,67,0,0,0,67,A
7-M,140,67,0,0,0,67,A
7-M,141,0,0,67,0,67,G
7-M,142,67,0,0,0,67,A
7-M,143,0,0,0,67,67,C
7-M,144,62,0,0,0,62,A
7-M,145,62,0,0,0,62,A
7-M,146,1,0,64,0,65,G
7-M,147,65,0,0,0,65,A
7-M,148,0,0,0,64,64,C
7-M,149,0,0,0,65,65,C
7-M,150,64,0,0,0,64,A
7-M,151,66,0,0,0,66,A
7-M,152,0,66,0,0,66,T
7-M,153,0,67,0,0,67,T
7-M,154,1,0,0,67,68,C
7-M,155,0,65,0,0,65,T
7-M,156,0,0,67,0,67,G
7-M,157,0,67,0,0,67,T
7-M,158,0,0,0,67,67,C
7-M,159,67,0,0,0,67,A
7-M,160,0,0,0,70,70,C
7-M,161,0,0,0,70,70,C
7-M,162,0,70,0,0,70,T
7-M,163,0,0,0,70,70,C
7-M,164,0,69,0,0,69,T
7-M,165,0,0,73,0,73,G
7-M,166,72,0,0,0,72,A
7-M,167,0,0,0,73,73,C
7-M,168,0,73,0,0,73,T
7-M,169,70,0,0,0,70,A
7-M,170,70,0,0,0,70,A
7-M,171,0,0,68,0,68,G
7-M,172,0,0,70,0,70,G
7-M,173,0,0,70,0,70,G
7-M,174,0,2,70,0,72,G
7-M,175,71,0,0,0,71,A
7-M,176,0,72,0,0,72,T
7-M,177,0,72,0,0,72,T
7-M,178,0,72,0,0,72,T
7-M,179,0,72,0,0,72,T
7-M,180,0,0,71,0,71,G
7-M,181,0,0,72,0,72,G
7-M,182,0,0,73,0,73,G
7-M,183,0,0,73,0,73,G
7-M,184,0,72,0,0,72,T
7-M,185,0,71,0,0,71,T
7-M,186,0,72,0,0,72,T
7-M,187,0,0,74,0,74,G
7-M,188,0,74,0,0,74,T
7-M,189,0,0,74,0,74,G
7-M,190,0,74,0,0,74,T
7-M,191,0,74,0,0,74,T
7-M,192,0,0,0,73,73,C
7-M,193,73,0,0,0,73,A
7-M,194,0,0,0,76,76,C
7-M,195,0,1,76,0,77,G
7-M,196,0,0,0,76,76,C
7-M,197,0,76,0,0,76,T
7-M,198,1,0,0,79,80,C
7-M,199,80,0,0,0,80,A
7-M,200,0,0,0,83,83,C
7-M,201,0,0,0,82,82,C
7-M,202,1,0,82,0,83,G
7-M,203,0,84,0,0,84,T
7-M,204,0,0,83,0,83,G
7-M,205,0,0,0,84,84,C
7-M,206,0,0,0,83,83,C
7-M,207,0,0,0,83,83,C
7-M,208,81,0,0,0,81,A
7-M,209,0,0,81,0,81,G
7-M,210,0,81,0,0,81,T
7-M,211,0,0,82,0,82,G
7-M,212,85,0,0,0,85,A
7-M,213,0,0,85,0,85,G
7-M,214,0,0,0,85,85,C
7-M,215,0,0,85,0,85,G
7-M,216,84,0,0,0,84,A
7-M,217,0,0,85,0,85,G
7-M,218,0,0,85,0,85,G
7-M,219,84,0,0,0,84,A
7-M,220,0,0,0,88,88,C
7-M,221,0,88,0,0,88,T
7-M,222,0,0,88,0,88,G
7-M,223,0,0,0,88,88,C
7-M,224,88,0,0,0,88,A
7-M,225,0,0,88,0,88,G
7-M,226,0,0,0,88,88,C
7-M,227,0,0,88,0,88,G
7-M,228,0,88,0,0,88,T
7-M,229,87,0,0,0,87,A
7-M,230,0,0,87,0,87,G
7-M,231,87,0,0,0,87,A
7-M,232,0,0,0,87,87,C
7-M,233,0,0,86,0,86,G
7-M,234,0,0,0,86,86,C
7-M,235,0,85,0,0,85,T
7-M,236,0,86,0,0,86,T
7-M,237,0,86,0,0,86,T
7-M,238,0,0,87,0,87,G
7-M,239,0,84,0,1,85,T
7-M,240,0,0,0,87,87,C
7-M,241,0,0,0,87,87,C
7-M,242,86,0,0,0,86,A
7-M,243,87,0,0,0,87,A
7-M,244,88,0,0,0,88,A
7-M,245,88,0,0,0,88,A
7-M,246,0,88,0,0,88,T
7-M,247,0,0,87,0,87,G
7-M,248,0,0,0,87,87,C
7-M,249,1,0,0,86,87,C
7-M,250,0,0,0,87,87,C
7-M,251,0,87,0,0,87,T
7-M,252,0,0,0,90,90,C
7-M,253,91,0,0,0,91,A
7-M,254,91,0,0,0,91,A
7-M,255,0,92,0,0,92,T
7-M,256,0,0,92,0,92,G
7-M,257,0,1,93,0,94,G
7-M,258,0,0,96,0,96,G
7-M,259,96,0,0,0,96,A
7-M,260,96,0,0,0,96,A
7-M,261,0,95,0,0,95,T
7-M,262,0,0,95,0,95,G
7-M,263,0,1,94,0,95,G
7-M,264,94,0,0,0,94,A
7-M,265,0,0,95,0,95,G
7-M,266,94,0,0,0,94,A
7-M,267,0,0,0,91,91,C
7-M,268,0,0,0,96,96,C
7-M,269,0,0,0,98,98,C
7-M,270,101,0,0,0,101,A
7-M,271,101,0,0,0,101,A
7-M,272,102,0,0,0,102,A
7-M,273,0,104,0,0,104,T
7-M,274,106,0,0,0,106,A
7-M,275,106,0,0,0,106,A
7-M,276,0,0,0,103,103,C
7-M,277,104,0,0,0,104,A
7-M,278,0,105,0,0,105,T
7-M,279,0,1,104,0,105,G
7-M,280,0,0,106,0,106,G
7-M,281,106,0,0,0,106,A
7-M,282,0,0,0,105,105,C
7-M,283,104,0,0,0,104,A
7-M,284,104,0,0,0,104,A
7-M,285,103,0,0,0,103,A
7-M,286,0,0,105,0,105,G
7-M,287,0,0,0,106,106,C
7-M,288,100,2,0,0,102,A
7-M,289,0,0,103,0,103,G
7-M,290,0,102,0,1,103,T
7-M,291,0,102,0,1,103,T
7-M,292,104,0,0,0,104,A
7-M,293,102,0,0,1,103,A
7-M,294,103,0,0,0,103,A
7-M,295,0,0,0,104,104,C
7-M,296,0,101,0,0,101,T
7-M,297,0,0,110,0,110,G
7-M,298,0,109,0,0,109,T
7-M,299,109,0,0,0,109,A
7-M,300,0,109,0,0,109,T
7-M,301,108,0,0,0,108,A
7-M,302,0,0,108,0,108,G
7-M,303,0,0,108,0,108,G
7-M,304,106,0,0,0,106,A
7-M,305,105,0,0,0,105,A
7-M,306,101,0,0,0,101,A
7-M,307,0,0,0,102,102,C
7-M,308,0,102,0,0,102,T
7-M,309,0,102,0,0,102,T
7-M,310,102,0,0,0,102,A
7-M,311,101,0,0,0,101,A
7-M,312,0,0,101,0,101,G
7-M,313,101,0,0,0,101,A
7-M,314,0,0,101,0,101,G
7-M,315,100,0,0,0,100,A
7-M,316,0,0,104,0,104,G
7-M,317,105,0,1,0,106,A
7-M,318,0,0,106,0,106,G
7-M,319,107,0,0,0,107,A
7-M,320,0,107,0,0,107,T
7-M,321,105,0,0,0,105,A
7-M,322,106,0,0,0,106,A
7-M,323,0,0,0,106,106,C
7-M,324,0,1,105,0,106,G
7-M,325,0,106,0,0,106,T
7-M,326,0,104,0,0,104,T
7-M,327,0,0,0,105,105,C
7-M,328,0,0,0,104,104,C
7-M,329,104,0,0,0,104,A
7-M,330,0,104,0,0,104,T
7-M,331,0,0,103,0,103,G
7-M,332,0,0,103,0,103,G
7-M,333,0,0,101,0,101,G
7-M,334,0,0,101,0,101,G
7-M,335,0,0,0,101,101,C
7-M,336,0,0,0,103,103,C
7-M,337,103,0,0,0,103,A
7-M,338,105,0,0,0,105,A
7-M,339,105,0,0,0,105,A
7-M,340,0,0,107,0,107,G
7-M,341,106,0,0,0,106,A
7-M,342,106,0,0,0,106,A
7-M,343,105,0,0,0,105,A
7-M,344,0,106,0,0,106,T
7-M,345,103,0,1,0,104,A
7-M,346,0,0,108,0,108,G
7-M,347,0,0,0,108,108,C
7-M,348,0,108,0,0,108,T
7-M,349,0,0,0,106,106,C
7-M,350,0,106,0,0,106,T
7-M,351,0,0,0,110,110,C
7-M,352,110,0,0,0,110,A
7-M,353,0,0,110,0,110,G
7-M,354,0,108,0,0,108,T
7-M,355,0,111,0,0,111,T
7-M,356,110,0,1,0,111,A
7-M,357,0,111,0,0,111,T
7-M,358,0,110,0,0,110,T
7-M,359,0,0,0,111,111,C
7-M,360,0,107,0,0,107,T
7-M,361,0,0,110,0,110,G
7-M,362,0,0,0,109,109,C
7-M,363,0,108,0,0,108,T
7-M,364,0,0,108,0,108,G
7-M,365,0,0,108,0,108,G
7-M,366,0,108,0,0,108,T
7-M,367,0,0,107,0,107,G
7-M,368,0,0,0,109,109,C
7-M,369,109,0,0,0,109,A
7-M,370,0,0,0,110,110,C
7-M,371,0,109,0,0,109,T
7-M,372,0,111,0,0,111,T
7-M,373,0,0,111,0,111,G
7-M,374,0,0,0,109,109,C
7-M,375,0,0,0,109,109,C
7-M,376,110,0,0,0,110,A
7-M,377,1,0,113,0,114,G
7-M,378,0,114,0,0,114,T
7-M,379,0,114,0,0,114,T
7-M,380,0,0,113,0,113,G
7-M,381,0,113,0,0,113,T
7-M,382,118,0,0,0,118,A
7-M,383,0,118,0,0,118,T
7-M,384,0,0,118,0,118,G
7-M,385,0,0,118,0,118,G
7-M,386,0,1,118,0,119,G
7-M,387,0,0,0,121,121,C
7-M,388,0,0,0,120,120,C
7-M,389,0,121,0,0,121,T
7-M,390,2,0,0,119,121,C
7-M,391,128,0,0,0,128,A
7-M,392,0,128,0,0,128,T
7-M,393,129,0,0,0,129,A
7-M,394,0,128,0,0,128,T
7-M,395,127,0,0,0,127,A
7-M,396,0,0,0,132,132,C
7-M,397,128,0,0,0,128,A
7-M,398,128,0,0,0,128,A
7-M,399,0,125,0,0,125,T
7-M,400,122,0,0,0,122,A
7-M,401,0,0,124,0,124,G
7-M,402,0,0,125,0,125,G
7-M,403,124,0,0,0,124,A
7-M,404,0,125,0,0,125,T
7-M,405,0,0,120,0,120,G
7-M,406,0,0,119,0,119,G
7-M,407,0,1,120,0,121,G
7-M,408,0,0,121,0,121,G
7-M,409,0,0,122,0,122,G
7-M,410,0,0,0,122,122,C
7-M,411,0,121,0,0,121,T
7-M,412,0,0,121,0,121,G
7-M,413,0,121,0,0,121,T
7-M,414,121,0,0,0,121,A
7-M,415,121,0,0,0,121,A
7-M,416,0,0,0,121,121,C
7-M,417,0,0,0,119,119,C
7-M,418,115,0,0,0,115,A
7-M,419,0,0,0,115,115,C
7-M,420,0,115,0,0,115,T
7-M,421,0,0,115,0,115,G
7-M,422,115,0,0,0,115,A
7-M,423,112,0,0,0,112,A
7-M,424,0,0,114,0,114,G
7-M,425,0,114,0,0,114,T
7-M,426,0,0,114,0,114,G
7-M,427,0,0,114,0,114,G
7-M,428,0,0,0,115,115,C
7-M,429,115,0,0,0,115,A
7-M,430,0,114,0,0,114,T
7-M,431,0,114,0,0,114,T
7-M,432,0,114,0,0,114,T
7-M,433,0,1,113,0,114,G
7-M,434,0,0,112,0,112,G
7-M,435,0,0,0,114,114,C
7-M,436,0,0,0,114,114,C
7-M,437,0,114,0,0,114,T
7-M,438,0,0,116,0,116,G
7-M,439,0,0,118,0,118,G
7-M,440,0,118,0,0,118,T
7-M,441,118,0,0,0,118,A
7-M,442,0,114,0,0,114,T
7-M,443,0,0,115,0,115,G
7-M,444,0,114,0,0,114,T
7-M,445,0,0,114,0,114,G
7-M,446,0,0,0,114,114,C
7-M,447,111,0,0,0,111,A
7-M,448,111,0,0,0,111,A
7-M,449,0,0,0,112,112,C
7-M,450,113,0,0,0,113,A
7-M,451,0,117,0,0,117,T
7-M,452,0,0,116,0,116,G
7-M,453,0,115,0,0,115,T
7-M,454,0,1,114,0,115,G
7-M,455,115,0,0,0,115,A
7-M,456,0,0,115,0,115,G
7-M,457,0,0,0,115,115,C
7-M,458,111,0,0,0,111,A
7-M,459,0,0,112,0,112,G
7-M,460,112,0,0,0,112,A
7-M,461,0,112,0,0,112,T
7-M,462,0,111,1,0,112,T
7-M,463,0,0,110,0,110,G
7-M,464,0,0,0,112,112,C
7-M,465,0,111,0,0,111,T
7-M,466,0,1,111,0,112,G
7-M,467,109,0,0,0,109,A
7-M,468,0,0,0,118,118,C
7-M,469,0,119,0,0,119,T
7-M,470,0,0,0,119,119,C
7-M,471,0,0,0,120,120,C
7-M,472,0,0,0,121,121,C
7-M,473,120,1,0,0,121,A
7-M,474,0,0,121,0,121,G
7-M,475,0,0,0,121,121,C
7-M,476,121,0,0,0,121,A
7-M,477,0,0,0,121,121,C
7-M,478,113,0,0,0,113,A
7-M,479,0,0,114,0,114,G
7-M,480,0,0,114,0,114,G
7-M,481,0,113,0,0,113,T
7-M,482,0,0,0,113,113,C
7-M,483,0,112,0,0,112,T
7-M,484,0,0,0,111,111,C
7-M,485,111,0,0,0,111,A
7-M,486,0,111,0,0,111,T
7-M,487,111,0,0,0,111,A
7-M,488,0,0,110,0,110,G
7-M,489,0,0,109,0,109,G
7-M,490,0,0,0,109,109,C
7-M,491,108,0,0,0,108,A
7-M,492,0,0,106,0,106,G
7-M,493,105,1,0,0,106,A
7-M,494,0,106,0,0,106,T
7-M,495,0,0,106,0,106,G
7-M,496,0,0,106,0,106,G
7-M,497,0,104,0,0,104,T
7-M,498,0,0,104,0,104,G
7-M,499,0,0,104,0,104,G
7-M,500,0,0,0,104,104,C
7-M,501,104,0,0,0,104,A
7-M,502,104,0,0,0,104,A
7-M,503,0,0,0,105,105,C
7-M,504,106,0,1,0,107,A
7-M,505,107,0,0,0,107,A
7-M,506,0,0,0,107,107,C
7-M,507,0,0,0,106,106,C
7-M,508,105,0,0,0,105,A
7-M,509,104,0,1,0,105,A
7-M,510,0,104,0,0,104,T
7-M,511,0,0,0,106,106,C
7-M,512,0,0,0,106,106,C
7-M,513,106,0,0,0,106,A
7-M,514,0,105,0,0,105,T
7-M,515,0,105,0,0,105,T
7-M,516,106,0,0,0,106,A
7-M,517,106,0,0,0,106,A
7-M,518,1,106,0,0,107,T
7-M,519,107,0,0,0,107,A
7-M,520,107,0,0,0,107,A
7-M,521,106,0,0,0,106,A
7-M,522,107,0,0,0,107,A
7-M,523,0,0,0,109,109,C
7-M,524,109,0,0,0,109,A
7-M,525,0,108,0,0,108,T
7-M,526,0,0,108,0,108,G
7-M,527,107,0,0,0,107,A
7-M,528,0,1,108,0,109,G
7-M,529,109,0,0,0,109,A
7-M,530,109,0,0,0,109,A
7-M,531,0,0,0,109,109,C
7-M,532,108,0,0,0,108,A
7-M,533,0,0,108,0,108,G
7-M,534,105,0,0,0,105,A
7-M,535,106,0,0,0,106,A
7-M,536,0,106,0,0,106,T
7-M,537,0,0,108,0,108,G
7-M,538,0,0,108,0,108,G
7-M,539,0,108,0,0,108,T
7-M,540,0,105,0,0,105,T
7-M,541,0,107,0,0,107,T
7-M,542,0,107,0,0,107,T
7-M,543,0,1,104,0,105,G
7-M,544,0,0,106,0,106,G
7-M,545,0,0,0,107,107,C
7-M,546,0,0,0,105,105,C
7-M,547,103,0,0,0,103,A
7-M,548,0,0,107,0,107,G
7-M,549,0,0,0,106,106,C
7-M,550,109,0,0,0,109,A
7-M,551,0,0,0,110,110,C
7-M,552,0,109,0,0,109,T
7-M,553,109,0,0,0,109,A
7-M,554,0,0,0,108,108,C
7-M,555,111,0,0,0,111,A
7-M,556,0,0,113,0,113,G
7-M,557,0,0,0,108,108,C
7-M,558,0,107,0,0,107,T
7-M,559,107,0,0,0,107,A
7-M,560,105,0,0,0,105,A
7-M,561,0,0,108,0,108,G
7-M,562,0,0,111,0,111,G
7-M,563,1,0,0,107,108,C
7-M,564,0,106,0,0,106,T
7-M,565,106,0,0,0,106,A
7-M,566,0,103,0,0,103,T
7-M,567,0,1,102,0,103,G
7-M,568,0,0,104,0,104,G
7-M,569,104,0,0,0,104,A
7-M,570,0,0,104,0,104,G
7-M,571,0,0,0,101,101,C
7-M,572,99,0,0,0,99,A
7-M,573,99,0,0,0,99,A
7-M,574,100,0,0,0,100,A
7-M,575,0,99,0,0,99,T
7-M,576,0,0,100,0,100,G
7-M,577,0,0,98,0,98,G
7-M,578,0,0,0,98,98,C
7-M,579,0,98,0,0,98,T
7-M,580,0,0,98,0,98,G
7-M,581,0,2,97,0,99,G
7-M,582,98,0,1,0,99,A
7-M,583,0,99,0,0,99,T
7-M,584,1,0,0,98,99,C
7-M,585,98,0,0,0,98,A
7-M,586,100,0,0,0,100,A
7-M,587,0,0,100,0,100,G
7-M,588,0,100,0,0,100,T
7-M,589,0,0,100,0,100,G
7-M,590,100,0,0,0,100,A
7-M,591,99,0,0,0,99,A
7-M,592,0,0,0,100,100,C
7-M,593,100,0,0,0,100,A
7-M,594,0,0,100,0,100,G
7-M,595,0,0,99,0,99,G
7-M,596,0,0,0,98,98,C
7-M,597,97,0,0,0,97,A
7-M,598,0,0,98,0,98,G
7-M,599,0,0,0,98,98,C
7-M,600,0,0,97,0,97,G
7-M,601,0,0,97,0,97,G
7-M,602,96,0,0,0,96,A
7-M,603,0,0,96,0,96,G
7-M,604,0,0,95,0,95,G
7-M,605,0,0,0,96,96,C
7-M,606,0,0,0,96,96,C
7-M,607,93,0,0,0,93,A
7-M,608,0,93,0,0,93,T
7-M,609,0,0,93,0,93,G
7-M,610,0,0,93,0,93,G
7-M,611,92,0,0,0,92,A
7-M,612,0,2,91,0,93,G
7-M,613,87,0,0,0,87,A
7-M,614,0,89,0,0,89,T
7-M,615,0,87,0,0,87,T
7-M,616,0,0,89,0,89,G
7-M,617,0,0,0,89,89,C
7-M,618,0,88,0,0,88,T
7-M,619,88,0,0,0,88,A
7-M,620,0,0,88,0,88,G
7-M,621,0,87,0,0,87,T
7-M,622,0,0,0,88,88,C
7-M,623,86,0,0,0,86,A
7-M,624,0,1,87,0,88,G
7-M,625,0,0,87,0,87,G
7-M,626,0,0,1,84,85,C
7-M,627,0,0,0,86,86,C
7-M,628,86,0,0,0,86,A
7-M,629,0,0,86,0,86,G
7-M,630,0,0,87,0,87,G
7-M,631,0,0,0,87,87,C
7-M,632,87,0,0,0,87,A
7-M,633,0,0,86,0,86,G
7-M,634,86,0,0,0,86,A
7-M,635,0,85,0,0,85,T
7-M,636,0,0,86,0,86,G
7-M,637,0,0,89,0,89,G
7-M,638,0,87,0,0,87,T
7-M,639,0,0,87,0,87,G
7-M,640,0,0,0,87,87,C
7-M,641,87,0,0,0,87,A
7-M,642,0,0,88,0,88,G
7-M,643,0,0,88,0,88,G
7-M,644,0,0,0,90,90,C
7-M,645,89,0,0,0,89,A
7-M,646,85,0,0,0,85,A
7-M,647,0,84,0,0,84,T
7-M,648,0,0,85,0,85,G
7-M,649,85,0,0,0,85,A
7-M,650,0,1,85,0,86,G
7-M,651,84,0,0,0,84,A
7-M,652,0,0,84,0,84,G
7-M,653,0,0,0,84,84,C
7-M,654,0,0,0,84,84,C
7-M,655,85,0,0,0,85,A
7-M,656,0,86,0,0,86,T
7-M,657,0,86,0,0,86,T
7-M,658,0,0,86,0,86,G
7-M,659,0,0,86,0,86,G
7-M,660,0,0,86,0,86,G
7-M,661,84,0,0,0,84,A
7-M,662,0,0,0,85,85,C
7-M,663,0,82,0,0,82,T
7-M,664,0,0,0,83,83,C
7-M,665,82,0,0,0,82,A
7-M,666,0,83,0,0,83,T
7-M,667,0,0,0,85,85,C
7-M,668,0,0,0,85,85,C
7-M,669,0,84,0,0,84,T
7-M,670,84,0,0,0,84,A
7-M,671,0,0,84,0,84,G
7-M,672,0,92,0,0,92,T
7-M,673,0,89,0,0,89,T
7-M,674,0,0,0,90,90,C
7-M,675,1,0,0,88,89,C
7-M,676,88,0,0,0,88,A
7-M,677,0,0,90,0,90,G
7-M,678,0,90,0,0,90,T
7-M,679,90,0,0,0,90,A
7-M,680,0,0,0,90,90,C
7-M,681,0,85,0,0,85,T
7-M,682,0,2,84,0,86,G
7-M,683,0,0,86,0,86,G
7-M,684,0,85,0,0,85,T
7-M,685,0,85,0,0,85,T
7-M,686,0,86,0,0,86,T
7-M,687,86,0,0,0,86,A
7-M,688,86,0,0,0,86,A
7-M,689,0,1,85,0,86,G
7-M,690,83,0,0,0,83,A
7-M,691,0,0,81,0,81,G
7-M,692,79,0,0,0,79,A
7-M,693,0,77,0,0,77,T
7-M,694,0,0,77,0,77,G
7-M,695,77,0,0,0,77,A
7-M,696,0,77,0,0,77,T
7-M,697,0,0,0,76,76,C
7-M,698,0,73,0,0,73,T
7-M,699,0,73,0,0,73,T
7-M,700,0,0,0,73,73,C
7-M,701,0,73,0,0,73,T
7-M,702,0,73,0,0,73,T
7-M,703,0,0,72,0,72,G
7-M,704,73,0,0,0,73,A
7-M,705,72,0,0,0,72,A
7-M,706,73,0,0,0,73,A
7-M,707,73,0,0,0,73,A
7-M,708,0,73,0,0,73,T
7-M,709,0,74,0,0,74,T
7-M,710,0,73,0,0,73,T
7-M,711,0,0,74,0,74,G
7-M,712,0,0,0,73,73,C
7-M,713,74,0,0,0,74,A
7-M,714,0,0,74,0,74,G
7-M,715,74,0,0,0,74,A
7-M,716,0,0,0,74,74,C
7-M,717,0,0,0,75,75,C
7-M,718,0,74,0,0,74,T
7-M,719,77,0,0,0,77,A
7-M,720,0,77,0,0,77,T
7-M,721,0,0,0,77,77,C
7-M,722,75,0,0,0,75,A
7-M,723,0,0,74,0,74,G
7-M,724,74,0,0,0,74,A
7-M,725,71,0,0,0,71,A
7-M,726,71,0,0,0,71,A
7-M,727,0,0,0,70,70,C
7-M,728,0,0,71,0,71,G
7-M,729,71,0,0,0,71,A
7-M,730,71,0,0,0,71,A
7-M,731,0,71,0,0,71,T
7-M,732,0,0,71,0,71,G
7-M,733,0,0,71,0,71,G
7-M,734,0,0,72,0,72,G
7-M,735,0,0,71,0,71,G
7-M,736,0,0,72,0,72,G
7-M,737,0,70,0,0,70,T
7-M,738,0,0,70,0,70,G
7-M,739,0,0,0,69,69,C
7-M,740,70,0,0,0,70,A
7-M,741,0,0,72,0,72,G
7-M,742,70,0,0,0,70,A
7-M,743,0,69,0,0,69,T
7-M,744,0,0,69,0,69,G
7-M,745,0,0,0,69,69,C
7-M,746,67,0,0,0,67,A
7-M,747,68,0,0,0,68,A
7-M,748,0,0,0,68,68,C
7-M,749,0,0,67,0,67,G
7-M,750,64,0,1,0,65,A
7-M,751,0,66,0,0,66,T
7-M,752,0,66,0,0,66,T
7-M,753,0,0,0,66,66,C
7-M,754,63,0,0,0,63,A
7-M,755,62,0,0,0,62,A
7-M,756,0,0,63,0,63,G
7-M,757,0,63,0,0,63,T
7-M,758,0,0,61,0,61,G
7-M,759,63,0,0,0,63,A
7-M,760,0,0,0,63,63,C
7-M,761,0,0,0,61,61,C
7-M,762,0,0,0,61,61,C
7-M,763,0,0,62,0,62,G
7-M,764,0,0,0,62,62,C
7-M,765,0,62,0,0,62,T
7-M,766,0,62,0,0,62,T
7-M,767,0,0,62,0,62,G
7-M,768,0,61,0,0,61,T
7-M,769,0,61,0,0,61,T
7-M,770,0,0,61,0,61,G
7-M,771,0,59,0,0,59,T
7-M,772,0,58,0,0,58,T
7-M,773,0,0,58,0,58,G
7-M,774,0,0,0,57,57,C
7-M,775,0,0,0,56,56,C
7-M,776,0,0,58,0,58,G
7-M,777,1,0,0,57,58,C
7-M,778,0,0,58,0,58,G
7-M,779,58,0,0,0,58,A
7-M,780,58,0,0,0,58,A
7-M,781,0,58,0,0,58,T
7-M,782,58,0,0,0,58,A
7-M,783,0,59,0,0,59,T
7-M,784,0,0,0,58,58,C
7-M,785,58,0,0,0,58,A
7-M,786,0,58,0,0,58,T
7-M,787,0,58,0,0,58,T
7-M,788,0,0,58,0,58,G
7-M,789,0,0,57,0,57,G
7-M,790,0,0,57,0,57,G
7-M,791,58,0,0,0,58,A
7-M,792,0,57,0,0,57,T
7-M,793,0,0,0,58,58,C
7-M,794,0,58,0,0,58,T
7-M,795,0,58,0,0,58,T
7-M,796,0,0,58,0,58,G
7-M,797,0,0,0,58,58,C
7-M,798,57,0,0,0,57,A
7-M,799,0,0,0,57,57,C
7-M,800,0,56,0,0,56,T
7-M,801,0,57,0,0,57,T
7-M,802,0,0,57,0,57,G
7-M,803,58,0,0,0,58,A
7-M,804,0,58,0,0,58,T
7-M,805,55,0,0,0,55,A
7-M,806,0,53,0,0,53,T
7-M,807,0,52,0,0,52,T
7-M,808,0,0,54,0,54,G
7-M,809,0,53,0,0,53,T
7-M,810,1,1,52,0,54,G
7-M,811,0,0,54,0,54,G
7-M,812,55,0,0,0,55,A
7-M,813,0,54,0,1,55,T
7-M,814,0,53,0,0,53,T
7-M,815,0,0,0,53,53,C
7-M,816,0,53,0,0,53,T
7-M,817,0,53,0,0,53,T
7-M,818,0,0,53,0,53,G
7-M,819,52,0,0,0,52,A
7-M,820,0,52,0,0,52,T
7-M,821,0,0,0,51,51,C
7-M,822,0,0,50,0,50,G
7-M,823,0,51,0,0,51,T
7-M,824,0,0,0,51,51,C
7-M,825,0,50,0,0,50,T
7-M,826,0,49,0,0,49,T
7-M,827,0,50,0,0,50,T
7-M,828,0,50,0,0,50,T
7-M,829,0,50,0,0,50,T
7-M,830,0,50,0,0,50,T
7-M,831,0,50,0,0,50,T
7-M,832,0,0,0,50,50,C
7-M,833,49,0,0,0,49,A
7-M,834,48,0,1,0,49,A
7-M,835,49,0,0,0,49,A
7-M,836,0,49,0,0,49,T
7-M,837,0,0,49,0,49,G
7-M,838,0,0,0,48,48,C
7-M,839,0,0,49,0,49,G
7-M,840,0,51,0,0,51,T
7-M,841,0,0,0,51,51,C
7-M,842,0,51,0,0,51,T
7-M,843,51,0,0,0,51,A
7-M,844,0,51,0,0,51,T
7-M,845,0,1,0,50,51,C
7-M,846,0,0,50,0,50,G
7-M,847,50,0,0,0,50,A
7-M,848,0,0,0,49,49,C
7-M,849,0,46,0,0,46,T
7-M,850,0,0,0,47,47,C
7-M,851,0,46,0,0,46,T
7-M,852,0,47,0,0,47,T
7-M,853,0,0,0,47,47,C
7-M,854,46,0,0,0,46,A
7-M,855,47,0,0,0,47,A
7-M,856,47,0,0,0,47,A
7-M,857,0,0,0,47,47,C
7-M,858,46,0,0,0,46,A
7-M,859,0,0,0,46,46,C
7-M,860,0,0,44,0,44,G
7-M,861,0,0,48,0,48,G
7-M,862,0,0,0,49,49,C
7-M,863,0,0,0,49,49,C
7-M,864,0,49,0,0,49,T
7-M,865,0,49,0,0,49,T
7-M,866,49,0,0,0,49,A
7-M,867,49,0,0,0,49,A
7-M,868,48,0,0,0,48,A
7-M,869,48,0,0,0,48,A
7-M,870,0,0,47,0,47,G
7-M,871,45,0,0,0,45,A
7-M,872,0,0,45,0,45,G
7-M,873,0,0,45,0,45,G
7-M,874,0,0,0,43,43,C
7-M,875,0,0,0,44,44,C
7-M,876,0,0,0,41,41,C
7-M,877,0,41,0,0,41,T
7-M,878,0,41,0,0,41,T
7-M,879,1,0,0,39,40,C
7-M,880,0,41,0,0,41,T
7-M,881,41,0,0,0,41,A
7-M,882,0,0,0,41,41,C
7-M,883,0,0,40,0,40,G
7-M,884,0,0,39,0,39,G
7-M,885,39,0,0,0,39,A
7-M,886,39,0,0,0,39,A
7-M,887,0,0,38,0,38,G
7-M,888,0,0,37,0,37,G
7-M,889,36,0,0,0,36,A
7-M,890,0,0,35,0,35,G
7-M,891,0,36,0,0,36,T
7-M,892,36,0,0,0,36,A
7-M,893,0,0,0,36,36,C
7-M,894,0,0,0,35,35,C
7-M,895,0,34,0,0,34,T
7-M,896,0,0,34,0,34,G
7-M,897,30,0,0,0,30,A
7-M,898,0,0,29,0,29,G
7-M,899,0,27,0,0,27,T
7-M,900,0,0,0,27,27,C
7-M,901,0,26,0,0,26,T
7-M,902,26,0,0,0,26,A
7-M,903,0,26,0,0,26,T
7-M,904,0,0,26,0,26,G
7-M,905,25,0,0,0,25,A
7-M,906,0,0,25,0,25,G
7-M,907,0,0,22,0,22,G
7-M,908,0,0,22,0,22,G
7-M,909,21,0,0,0,21,A
7-M,910,21,0,0,0,21,A
7-M,911,0,0,21,0,21,G
7-M,912,21,0,0,0,21,A
7-M,913,23,0,0,0,23,A
7-M,914,0,23,0,0,23,T
7-M,915,23,0,0,0,23,A
7-M,916,0,23,0,0,23,T
7-M,917,0,2,0,21,23,C
7-M,918,0,0,23,0,23,G
7-M,919,24,0,0,0,24,A
7-M,920,24,0,0,0,24,A
7-M,921,24,0,0,0,24,A
7-M,922,0,0,24,0,24,G
7-M,923,0,0,26,0,26,G
7-M,924,26,0,0,0,26,A
7-M,925,26,0,0,0,26,A
7-M,926,0,0,0,26,26,C
7-M,927,26,0,0,0,26,A
7-M,928,0,0,27,0,27,G
7-M,929,0,0,0,27,27,C
7-M,930,27,0,0,0,27,A
7-M,931,0,0,27,0,27,G
7-M,932,25,0,1,0,26,A
7-M,933,26,0,0,0,26,A
7-M,934,0,26,0,0,26,T
7-M,935,0,0,25,0,25,G
7-M,936,0,0,0,25,25,C
7-M,937,0,24,0,0,24,T
7-M,938,0,0,24,0,24,G
7-M,939,0,24,0,0,24,T
7-M,940,0,0,23,0,23,G
7-M,941,0,0,22,0,22,G
7-M,942,21,0,0,0,21,A
7-M,943,0,21,0,0,21,T
7-M,944,0,0,19,0,19,G
7-M,945,0,0,0,19,19,C
7-M,946,0,16,0,0,16,T
7-M,947,0,0,17,0,17,G
7-M,948,17,0,0,0,17,A
7-M,949,0,0,0,17,17,C
7-M,950,0,0,17,0,17,G
7-M,951,17,0,0,0,17,A
7-M,952,0,0,0,17,17,C
7-M,953,17,0,0,0,17,A
7-M,954,0,0,17,0,17,G
7-M,955,0,16,0,0,16,T
7-M,956,0,0,0,17,17,C
7-M,957,17,0,0,0,17,A
7-M,958,0,17,0,0,17,T
7-M,959,0,17,0,0,17,T
7-M,960,0,17,0,0,17,T
7-M,961,0,17,0,0,17,T
7-M,962,0,0,17,0,17,G
7-M,963,0,17,0,0,17,T
7-M,964,0,0,0,17,17,C
7-M,965,17,0,0,0,17,A
7-M,966,0,0,17,0,17,G
7-M,967,0,0,0,17,17,C
7-M,968,17,0,0,0,17,A
7-M,969,0,17,0,0,17,T
7-M,970,16,0,0,0,16,A
7-M,971,0,0,16,0,16,G
7-M,972,15,0,0,0,15,A
7-M,973,0,0,15,0,15,G
7-M,974,0,15,0,0,15,T
7-M,975,0,9,0,0,9,T
7-M,976,0,0,9,0,9,G
7-M,977,0,0,9,0,9,G
7-M,978,9,0,0,0,9,A
7-M,979,0,0,9,0,9,G
7-M,980,0,6,0,0,6,T
7-M,981,6,0,0,0,6,A
7-M,982,6,0,0,0,6,A
8-NS,1,216,0,0,0,216,A
8-NS,2,0,217,0,0,217,T
8-NS,3,0,0,229,0,229,G
8-NS,4,1,1,241,0,243,G
8-NS,5,264,0,0,0,264,A
8-NS,6,0,525,0,1,526,T
8-NS,7,0,529,0,0,529,T
8-NS,8,0,0,0,548,548,C
8-NS,9,0,0,0,551,551,C
8-NS,10,548,0,2,0,550,A
8-NS,11,552,0,1,0,553,A
8-NS,12,0,0,0,554,554,C
8-NS,13,555,0,0,0,555,A
8-NS,14,0,0,0,562,562,C
8-NS,15,0,564,0,0,564,T
8-NS,16,1,0,616,0,617,G
8-NS,17,0,618,0,0,618,T
8-NS,18,1,0,622,0,623,G
8-NS,19,0,621,0,3,624,T
8-NS,20,3,0,0,621,624,C
8-NS,21,625,0,0,0,625,A
8-NS,22,623,0,0,0,623,A
8-NS,23,0,0,635,0,635,G
8-NS,24,0,649,1,0,650,T
8-NS,25,2,645,0,0,647,T
8-NS,26,0,654,0,2,656,T
8-NS,27,0,0,0,657,657,C
8-NS,28,0,0,0,666,666,C
8-NS,29,665,0,0,0,665,A
8-NS,30,0,0,671,0,671,G
8-NS,31,0,0,676,0,676,G
8-NS,32,0,676,0,0,676,T
8-NS,33,681,0,0,0,681,A
8-NS,34,0,0,685,0,685,G
8-NS,35,688,0,0,0,688,A
8-NS,36,0,690,0,0,690,T
8-NS,37,1,686,0,1,688,T
8-NS,38,0,1,696,0,697,G
8-NS,39,0,0,1,694,695,C
8-NS,40,0,695,0,1,696,T
8-NS,41,0,704,0,0,704,T
8-NS,42,0,711,0,0,711,T
8-NS,43,2,0,0,718,720,C
8-NS,44,0,723,0,1,724,T
8-NS,45,0,725,0,0,725,T
8-NS,46,0,722,0,1,723,T
8-NS,47,0,4,722,0,726,G
8-NS,48,0,0,731,0,731,G
8-NS,49,0,0,0,734,734,C
8-NS,50,730,1,0,0,731,A
8-NS,51,1,732,0,0,733,T
8-NS,52,739,1,0,0,740,A
8-NS,53,0,798,0,0,798,T
8-NS,54,0,0,0,806,806,C
8-NS,55,1,3,0,802,806,C
8-NS,56,0,0,804,0,804,G
8-NS,57,0,801,0,1,802,T
8-NS,58,814,0,0,0,814,A
8-NS,59,818,0,0,0,818,A
8-NS,60,816,0,0,1,817,A
8-NS,61,0,0,0,820,820,C
8-NS,62,810,0,0,0,810,A
8-NS,63,805,0,0,1,806,A
8-NS,64,0,0,849,0,849,G
8-NS,65,0,852,0,1,853,T
8-NS,66,0,850,0,2,852,T
8-NS,67,0,1,853,0,854,G
8-NS,68,0,855,0,1,856,T
8-NS,69,853,0,0,0,853,A
8-NS,70,0,4,856,0,860,G
8-NS,71,903,0,1,0,904,A
8-NS,72,0,0,0,915,915,C
8-NS,73,1,0,0,902,903,C
8-NS,74,904,0,1,0,905,A
8-NS,75,910,0,1,0,911,A
8-NS,76,0,6,951,1,958,G
8-NS,77,960,0,0,0,960,A
8-NS,78,964,1,0,0,965,A
8-NS,79,0,1,0,962,963,C
8-NS,80,0,950,0,0,950,T
8-NS,81,0,2,959,0,961,G
8-NS,82,958,0,1,0,959,A
8-NS,83,0,0,975,0,975,G
8-NS,84,0,974,0,0,974,T
8-NS,85,0,3,960,0,963,G
8-NS,86,966,0,0,0,966,A
8-NS,87,0,961,0,2,963,T
8-NS,88,1,1,967,0,969,G
8-NS,89,1,0,0,985,986,C
8-NS,90,0,0,0,983,983,C
8-NS,91,4,0,1,986,991,C
8-NS,92,2,0,0,986,988,C
8-NS,93,987,0,0,0,987,A
8-NS,94,0,1008,0,0,1008,T
8-NS,95,0,1024,0,0,1024,T
8-NS,96,6,0,0,1028,1034,C
8-NS,97,1,0,0,1034,1035,C
8-NS,98,0,1023,0,4,1027,T
8-NS,99,2,1023,0,0,1025,T
8-NS,100,0,6,1019,0,1025,G
8-NS,101,1023,0,0,0,1023,A
8-NS,102,0,1024,0,0,1024,T
8-NS,103,1,1,0,1021,1023,C
8-NS,104,0,2,1015,0,1017,G
8-NS,105,0,1,1022,0,1023,G
8-NS,106,0,0,0,1028,1028,C
8-NS,107,0,1026,0,1,1027,T
8-NS,108,0,1026,0,0,1026,T
8-NS,109,0,0,0,1028,1028,C
8-NS,110,0,0,1034,0,1034,G
8-NS,111,0,1,0,1030,1031,C
8-NS,112,2,0,0,1032,1034,C
8-NS,113,0,0,1040,0,1040,G
8-NS,114,1029,2,0,0,1031,A
8-NS,115,0,2,1068,0,1070,G
8-NS,116,1066,0,0,0,1066,A
8-NS,117,0,1074,0,0,1074,T
8-NS,118,0,1,0,1074,1075,C
8-NS,119,1070,0,1,0,1071,A
8-NS,120,9,0,1068,0,1077,G
8-NS,121,1072,0,2,0,1074,A
8-NS,122,1,2,1079,0,1082,G
8-NS,123,2,0,1091,0,1093,G
8-NS,124,0,1100,0,0,1100,T
8-NS,125,3,0,0,1147,1150,C
8-NS,126,2,0,0,1146,1148,C
8-NS,127,2,0,0,1155,1157,C
8-NS,128,0,1157,0,2,1159,T
8-NS,129,1168,0,0,0,1168,A
8-NS,130,1163,0,0,0,1163,A
8-NS,131,1,2,1175,0,1178,G
8-NS,132,0,4,1170,0,1174,G
8-NS,133,0,3,1160,0,1163,G
8-NS,134,0,4,1133,1,1138,G
8-NS,135,1134,0,0,0,1134,A
8-NS,136,1126,0,6,0,1132,A
8-NS,137,0,3,1136,0,1139,G
8-NS,138,1164,0,1,0,1165,A
8-NS,139,0,1,1179,0,1180,G
8-NS,140,0,0,1170,0,1170,G
8-NS,141,0,0,0,1174,1174,C
8-NS,142,1169,0,1,0,1170,A
8-NS,143,1175,0,1,0,1176,A
8-NS,144,0,1178,0,1,1179,T
8-NS,145,1184,0,0,0,1184,A
8-NS,146,0,1,0,1198,1199,C
8-NS,147,1,1177,0,0,1178,T
8-NS,148,1,0,0,1178,1179,C
8-NS,149,0,1162,0,0,1162,T
8-NS,150,1,0,0,1184,1185,C
8-NS,151,0,1,1204,0,1205,G
8-NS,152,1,0,1263,0,1264,G
8-NS,153,0,1265,0,0,1265,T
8-NS,154,4,0,0,1263,1267,C
8-NS,155,0,1259,0,0,1259,T
8-NS,156,1266,0,2,0,1268,A
8-NS,157,1,4,1263,0,1268,G
8-NS,158,1272,1,2,0,1275,A
8-NS,159,0,0,0,1315,1315,C
8-NS,160,1296,0,0,0,1296,A
8-NS,161,0,1271,0,1,1272,T
8-NS,162,0,1,0,1261,1262,C
8-NS,163,1266,0,0,0,1266,A
8-NS,164,1266,1,0,0,1267,A
8-NS,165,1252,0,2,1,1255,A
8-NS,166,0,0,1265,0,1265,G
8-NS,167,0,0,0,1267,1267,C
8-NS,168,1258,2,0,0,1260,A
8-NS,169,0,0,1266,0,1266,G
8-NS,170,0,0,0,1265,1265,C
8-NS,171,3,3,0,1260,1266,C
8-NS,172,1256,0,22,0,1278,A
8-NS,173,0,0,0,1297,1297,C
8-NS,174,4,0,0,1291,1295,C
8-NS,175,2,1,0,1299,1302,C
8-NS,176,1319,1,1,0,1321,A
8-NS,177,0,1319,0,1,1320,T
8-NS,178,1,1,1325,0,1327,G
8-NS,179,0,1329,0,1,1330,T
8-NS,180,0,1324,0,2,1326,T
8-NS,181,2,0,1324,1,1327,G
8-NS,182,0,2,1310,0,1312,G
8-NS,183,1305,0,0,0,1305,A
8-NS,184,1311,0,0,0,1311,A
8-NS,185,1291,0,4,0,1295,A
8-NS,186,0,0,1300,0,1300,G
8-NS,187,2,1,0,1301,1304,C
8-NS,188,1300,0,0,0,1300,A
8-NS,189,1302,0,0,0,1302,A
8-NS,190,1291,0,0,0,1291,A
8-NS,191,0,1307,0,1,1308,T
8-NS,192,1,1312,0,1,1314,T
8-NS,193,1,0,1332,0,1333,G
8-NS,194,0,1330,0,1,1331,T
8-NS,195,1324,0,0,0,1324,A
8-NS,196,1,2,1323,0,1326,G
8-NS,197,1322,1,0,0,1323,A
8-NS,198,1325,0,0,0,1325,A
8-NS,199,1328,0,0,0,1328,A
8-NS,200,1324,0,0,0,1324,A
8-NS,201,0,2,1327,0,1329,G
8-NS,202,1314,0,0,0,1314,A
8-NS,203,0,1316,0,0,1316,T
8-NS,204,0,1311,0,0,1311,T
8-NS,205,4,0,0,1316,1320,C
8-NS,206,0,1319,0,0,1319,T
8-NS,207,1,2,1321,0,1324,G
8-NS,208,1322,0,0,0,1322,A
8-NS,209,1322,0,0,1,1323,A
8-NS,210,1322,0,0,0,1322,A
8-NS,211,0,3,1323,0,1326,G
8-NS,212,1325,0,0,0,1325,A
8-NS,213,1326,1,1,0,1328,A
8-NS,214,1,2,1335,0,1338,G
8-NS,215,1337,1,1,0,1339,A
8-NS,216,1347,0,0,0,1347,A
8-NS,217,0,1350,0,0,1350,T
8-NS,218,1,0,0,1360,1361,C
8-NS,219,0,1359,0,1,1360,T
8-NS,220,2,0,1369,0,1371,G
8-NS,221,1366,0,1,0,1367,A
8-NS,222,0,1370,0,0,1370,T
8-NS,223,0,3,1356,0,1359,G
8-NS,224,1343,1,4,0,1348,A
8-NS,225,0,2,1338,1,1341,G
8-NS,226,0,1,1347,0,1348,G
8-NS,227,0,0,0,1346,1346,C
8-NS,228,1344,0,0,0,1344,A
8-NS,229,1,0,1,1379,1381,C
8-NS,230,0,1380,0,0,1380,T
8-NS,231,0,1390,0,0,1390,T
8-NS,232,1397,0,0,0,1397,A
8-NS,233,1397,0,0,0,1397,A
8-NS,234,1393,0,0,1,1394,A
8-NS,235,1391,0,0,0,1391,A
8-NS,236,0,1392,0,0,1392,T
8-NS,237,0,9,1387,0,1396,G
8-NS,238,1394,0,2,0,1396,A
8-NS,239,0,1,0,1394,1395,C
8-NS,240,3,0,0,1382,1385,C
8-NS,241,1388,0,0,0,1388,A
8-NS,242,0,1389,0,0,1389,T
8-NS,243,4,2,1409,0,1415,G
8-NS,244,0,0,1430,0,1430,G
8-NS,245,0,1430,0,3,1433,T
8-NS,246,6,1,0,1495,1502,C
8-NS,247,0,1495,0,2,1497,T
8-NS,248,1,0,0,1505,1506,C
8-NS,249,1,1,0,1509,1511,C
8-NS,250,1510,0,2,0,1512,A
8-NS,251,1,0,0,1515,1516,C
8-NS,252,1490,0,3,0,1493,A
8-NS,253,0,1,0,1485,1486,C
8-NS,254,2,0,0,1471,1473,C
8-NS,255,0,1433,0,2,1435,T
8-NS,256,1,0,1443,0,1444,G
8-NS,257,1,0,0,1437,1438,C
8-NS,258,0,1430,0,2,1432,T
8-NS,259,0,1440,0,0,1440,T
8-NS,260,5,1,0,1425,1431,C
8-NS,261,0,0,1434,0,1434,G
8-NS,262,1,1,0,1429,1431,C
8-NS,263,0,4,1431,0,1435,G
8-NS,264,1494,0,0,1,1495,A
8-NS,265,0,1491,0,1,1492,T
8-NS,266,1532,1,2,0,1535,A
8-NS,267,0,2,0,1538,1540,C
8-NS,268,1536,1,2,0,1539,A
8-NS,269,0,1578,0,1,1579,T
8-NS,270,1568,0,0,0,1568,A
8-NS,271,1577,0,0,0,1577,A
8-NS,272,0,0,0,1584,1584,C
8-NS,273,0,1533,0,0,1533,T
8-NS,274,0,8,1542,0,1550,G
8-NS,275,1526,1,2,0,1529,A
8-NS,276,0,1,0,1535,1536,C
8-NS,277,1530,0,0,0,1530,A
8-NS,278,0,1515,0,0,1515,T
8-NS,279,0,6,1516,0,1522,G
8-NS,280,1516,0,1,0,1517,A
8-NS,281,1,1,0,1564,1566,C
8-NS,282,0,1560,0,1,1561,T
8-NS,283,1598,0,0,0,1598,A
8-NS,284,0,1596,0,0,1596,T
8-NS,285,0,1587,0,0,1587,T
8-NS,286,0,4,1583,0,1587,G
8-NS,287,1568,0,1,0,1569,A
8-NS,288,0,1,1569,0,1570,G
8-NS,289,0,6,1563,0,1569,G
8-NS,290,1538,0,0,0,1538,A
8-NS,291,1544,0,2,0,1546,A
8-NS,292,0,1512,0,0,1512,T
8-NS,293,0,1513,1,0,1514,T
8-NS,294,2,0,1533,0,1535,G
8-NS,295,1,1531,0,6,1538,T
8-NS,296,15,1,0,1523,1539,C
8-NS,297,1535,0,1,0,1536,A
8-NS,298,1538,0,0,0,1538,A
8-NS,299,0,5,1527,1,1533,G
8-NS,300,1545,0,1,0,1546,A
8-NS,301,1549,0,1,0,1550,A
8-NS,302,1551,0,1,1,1553,A
8-NS,303,0,0,0,1550,1550,C
8-NS,304,0,1530,0,0,1530,T
8-NS,305,0,2,1550,0,1552,G
8-NS,306,1,0,1562,0,1563,G
8-NS,307,0,1561,0,0,1561,T
8-NS,308,1,1554,0,1,1556,T
8-NS,309,7,2,2,1534,1545,C
8-NS,310,1553,1,1,0,1555,A
8-NS,311,0,1576,0,0,1576,T
8-NS,312,0,1,1587,0,1588,G
8-NS,313,1,1,1,1593,1596,C
8-NS,314,0,1575,0,1,1576,T
8-NS,315,1549,0,2,1,1552,A
8-NS,316,1590,0,0,1,1591,A
8-NS,317,0,1601,0,0,1601,T
8-NS,318,0,2,1602,0,1604,G
8-NS,319,0,0,1,1594,1595,C
8-NS,320,3,2,0,1571,1576,C
8-NS,321,5,0,0,1569,1574,C
8-NS,322,1563,1,0,0,1564,A
8-NS,323,1564,1,1,0,1566,A
8-NS,324,0,1,1568,1,1570,G
8-NS,325,0,0,0,1571,1571,C
8-NS,326,1563,0,0,0,1563,A
8-NS,327,0,0,1576,0,1576,G
8-NS,328,1570,0,0,0,1570,A
8-NS,329,1570,0,1,0,1571,A
8-NS,330,1573,0,0,0,1573,A
8-NS,331,1549,0,0,0,1549,A
8-NS,332,0,1568,0,0,1568,T
8-NS,333,0,4,1575,0,1579,G
8-NS,334,0,1,1576,0,1577,G
8-NS,335,1572,0,3,0,1575,A
8-NS,336,1564,1,1,0,1566,A
8-NS,337,0,1,1563,0,1564,G
8-NS,338,1,2,1567,0,1570,G
8-NS,339,1576,0,0,0,1576,A
8-NS,340,0,0,0,1575,1575,C
8-NS,341,1,0,0,1570,1571,C
8-NS,342,0,1553,0,18,1571,T
8-NS,343,1,0,0,1593,1594,C
8-NS,344,1,1597,0,0,1598,T
8-NS,345,0,1598,0,8,1606,T
8-NS,346,0,1610,0,0,1610,T
8-NS,347,0,1,1601,0,1602,G
8-NS,348,0,0,0,1626,1626,C
8-NS,349,1607,0,0,0,1607,A
8-NS,350,0,1603,0,3,1606,T
8-NS,351,1,1,0,1603,1605,C
8-NS,352,1617,0,0,0,1617,A
8-NS,353,0,4,1662,0,1666,G
8-NS,354,1663,0,1,0,1664,A
8-NS,355,1662,0,1,0,1663,A
8-NS,356,1,1661,0,0,1662,T
8-NS,357,0,3,1644,0,1647,G
8-NS,358,2,5,1649,0,1656,G
8-NS,359,1646,0,5,0,1651,A
8-NS,360,0,0,0,1649,1649,C
8-NS,361,1,0,0,1612,1613,C
8-NS,362,1592,0,1,0,1593,A
8-NS,363,0,2,1604,0,1606,G
8-NS,364,1,0,1606,0,1607,G
8-NS,365,0,0,0,1608,1608,C
8-NS,366,1604,0,1,0,1605,A
8-NS,367,1615,1,0,0,1616,A
8-NS,368,0,1613,1,1,1615,T
8-NS,369,3,0,0,1613,1616,C
8-NS,370,1615,0,0,0,1615,A
8-NS,371,0,1604,0,0,1604,T
8-NS,372,0,0,1574,0,1574,G
8-NS,373,0,4,1586,0,1590,G
8-NS,374,1579,0,5,0,1584,A
8-NS,375,0,3,1596,0,1599,G
8-NS,376,1581,0,1,0,1582,A
8-NS,377,1578,0,0,0,1578,A
8-NS,378,1576,0,1,2,1579,A
8-NS,379,1578,0,1,0,1579,A
8-NS,380,1582,0,1,2,1585,A
8-NS,381,0,0,0,1584,1584,C
8-NS,382,1583,0,1,0,1584,A
8-NS,383,0,1577,0,0,1577,T
8-NS,384,2,1,0,1568,1571,C
8-NS,385,1570,0,0,0,1570,A
8-NS,386,0,1574,0,0,1574,T
8-NS,387,0,0,1580,0,1580,G
8-NS,388,0,1577,0,2,1579,T
8-NS,389,0,1560,0,1,1561,T
8-NS,390,0,4,1557,0,1561,G
8-NS,391,1552,0,0,0,1552,A
8-NS,392,1554,0,1,0,1555,A
8-NS,393,1546,0,5,2,1553,A
8-NS,394,0,0,1562,0,1562,G
8-NS,395,1,0,0,1559,1560,C
8-NS,396,0,5,1552,0,1557,G
8-NS,397,1559,0,0,0,1559,A
8-NS,398,1559,1,1,0,1561,A
8-NS,399,0,1558,0,2,1560,T
8-NS,400,1,1555,0,5,1561,T
8-NS,401,0,1567,0,0,1567,T
8-NS,402,2,0,0,1565,1567,C
8-NS,403,1546,0,0,0,1546,A
8-NS,404,0,0,1552,0,1552,G
8-NS,405,1,1551,0,0,1552,T
8-NS,406,0,0,1550,0,1550,G
8-NS,407,0,1543,0,2,1545,T
8-NS,408,0,5,1542,0,1547,G
8-NS,409,1560,0,1,0,1561,A
8-NS,410,0,1562,0,0,1562,T
8-NS,411,0,1558,0,1,1559,T
8-NS,412,0,1558,0,2,1560,T
8-NS,413,0,1555,0,0,1555,T
8-NS,414,0,1557,0,0,1557,T
8-NS,415,0,8,1542,0,1550,G
8-NS,416,1547,0,4,0,1551,A
8-NS,417,1,2,0,1545,1548,C
8-NS,418,2,2,0,1538,1542,C
8-NS,419,0,7,1545,0,1552,G
8-NS,420,1652,0,0,0,1652,A
8-NS,421,0,1,0,1681,1682,C
8-NS,422,1,1679,0,1,1681,T
8-NS,423,1696,0,0,0,1696,A
8-NS,424,1,4,1695,0,1700,G
8-NS,425,1698,0,2,0,1700,A
8-NS,426,1,7,1702,0,1710,G
8-NS,427,1710,0,1,0,1711,A
8-NS,428,0,1,0,1760,1761,C
8-NS,429,3,1,0,1671,1675,C
8-NS,430,1634,0,0,0,1634,A
8-NS,431,1,1708,0,0,1709,T
8-NS,432,1704,0,0,0,1704,A
8-NS,433,0,0,1833,0,1833,G
8-NS,434,0,1818,0,1,1819,T
8-NS,435,1805,0,0,0,1805,A
8-NS,436,0,1810,0,0,1810,T
8-NS,437,0,1758,0,1,1759,T
8-NS,438,1805,0,1,0,1806,A
8-NS,439,1,0,0,1799,1800,C
8-NS,440,0,1705,0,1,1706,T
8-NS,441,1700,0,1,0,1701,A
8-NS,442,1545,0,1,0,1546,A
8-NS,443,0,3,1551,0,1554,G
8-NS,444,0,2,1542,0,1544,G
8-NS,445,0,0,1551,0,1551,G
8-NS,446,0,0,0,1528,1528,C
8-NS,447,0,1499,0,2,1501,T
8-NS,448,0,1496,0,2,1498,T
8-NS,449,0,1520,0,0,1520,T
8-NS,450,0,0,1,1529,1530,C
8-NS,451,1541,0,1,0,1542,A
8-NS,452,0,1,0,1547,1548,C
8-NS,453,1,1,0,1527,1529,C
8-NS,454,2,1,1532,0,1535,G
8-NS,455,1527,0,1,1,1529,A
8-NS,456,1529,1,1,0,1531,A
8-NS,457,1,5,1533,0,1539,G
8-NS,458,1518,0,3,0,1521,A
8-NS,459,0,5,1529,0,1534,G
8-NS,460,0,5,1506,0,1511,G
8-NS,461,3,8,1508,0,1519,G
8-NS,462,1517,0,2,0,1519,A
8-NS,463,0,0,1517,0,1517,G
8-NS,464,2,1,0,1510,1513,C
8-NS,465,1517,0,0,0,1517,A
8-NS,466,1518,1,0,1,1520,A
8-NS,467,1,1518,0,2,1521,T
8-NS,468,0,1520,0,1,1521,T
8-NS,469,0,0,1523,0,1523,G
8-NS,470,1,1504,0,0,1505,T
8-NS,471,1,1504,0,0,1505,T
8-NS,472,2,3,1496,0,1501,G
8-NS,473,0,0,1505,0,1505,G
8-NS,474,1,1,1,1501,1504,C
8-NS,475,0,3,1499,0,1502,G
8-NS,476,1505,0,0,0,1505,A
8-NS,477,1514,0,2,0,1516,A
8-NS,478,1517,0,0,0,1517,A
8-NS,479,0,1521,0,0,1521,T
8-NS,480,2,0,0,1520,1522,C
8-NS,481,0,1517,0,1,1518,T
8-NS,482,8,0,0,1513,1521,C
8-NS,483,1523,0,0,0,1523,A
8-NS,484,0,0,0,1524,1524,C
8-NS,485,3,0,1,1518,1522,C
8-NS,486,1507,0,0,0,1507,A
8-NS,487,1,1500,0,1,1502,T
8-NS,488,1,1493,0,0,1494,T
8-NS,489,0,1,1499,0,1500,G
8-NS,490,0,0,0,1495,1495,C
8-NS,491,3,0,0,1502,1505,C
8-NS,492,0,1497,0,4,1501,T
8-NS,493,1,1491,0,4,1496,T
8-NS,494,2,0,0,1502,1504,C
8-NS,495,0,1503,0,0,1503,T
8-NS,496,0,1501,1,0,1502,T
8-NS,497,0,1524,0,1,1525,T
8-NS,498,0,1520,1,1,1522,T
8-NS,499,2,0,0,1522,1524,C
8-NS,500,0,1,0,1523,1524,C
8-NS,501,1515,1,2,0,1518,A
8-NS,502,0,3,1528,0,1531,G
8-NS,503,0,3,1524,0,1527,G
8-NS,504,1554,0,1,0,1555,A
8-NS,505,0,2,0,1553,1555,C
8-NS,506,1563,0,0,0,1563,A
8-NS,507,0,1570,0,1,1571,T
8-NS,508,1574,0,1,0,1575,A
8-NS,509,1,0,0,1687,1688,C
8-NS,510,1,1678,0,1,1680,T
8-NS,511,1664,0,1,0,1665,A
8-NS,512,0,1662,0,1,1663,T
8-NS,513,1,1612,0,0,1613,T
8-NS,514,1,3,1607,0,1611,G
8-NS,515,1562,0,0,0,1562,A
8-NS,516,0,0,1567,0,1567,G
8-NS,517,0,0,1560,0,1560,G
8-NS,518,1410,0,0,0,1410,A
8-NS,519,0,1416,0,1,1417,T
8-NS,520,0,0,1426,0,1426,G
8-NS,521,0,1411,0,10,1421,T
8-NS,522,3,1,0,1423,1427,C
8-NS,523,1430,0,0,0,1430,A
8-NS,524,1433,0,0,0,1433,A
8-NS,525,1426,1,0,0,1427,A
8-NS,526,1418,0,1,0,1419,A
8-NS,527,1427,0,0,0,1427,A
8-NS,528,1,1426,0,0,1427,T
8-NS,529,1,0,1422,1,1424,G
8-NS,530,1,1,0,1432,1434,C
8-NS,531,1430,0,1,0,1431,A
8-NS,532,1437,0,0,0,1437,A
8-NS,533,0,1435,0,2,1437,T
8-NS,534,0,1435,0,1,1436,T
8-NS,535,1,6,1430,0,1437,G
8-NS,536,0,3,1430,0,1433,G
8-NS,537,0,2,1428,1,1431,G
8-NS,538,0,1,1439,0,1440,G
8-NS,539,2,1416,0,2,1420,T
8-NS,540,6,0,0,1423,1429,C
8-NS,541,2,1,0,1435,1438,C
8-NS,542,0,1436,0,3,1439,T
8-NS,543,3,0,0,1448,1451,C
8-NS,544,1451,0,0,0,1451,A
8-NS,545,0,1455,0,0,1455,T
8-NS,546,3,2,0,1448,1453,C
8-NS,547,1,1,1431,0,1433,G
8-NS,548,0,2,1430,1,1433,G
8-NS,549,1415,0,0,0,1415,A
8-NS,550,2,1,1418,0,1421,G
8-NS,551,0,6,1423,0,1429,G
8-NS,552,1411,0,0,0,1411,A
8-NS,553,0,0,1,1433,1434,C
8-NS,554,0,1431,0,2,1433,T
8-NS,555,0,1437,0,2,1439,T
8-NS,556,0,6,1441,0,1447,G
8-NS,557,1441,0,2,0,1443,A
8-NS,558,1444,0,1,0,1445,A
8-NS,559,0,1437,0,1,1438,T
8-NS,560,0,1,1405,0,1406,G
8-NS,561,0,4,1418,0,1422,G
8-NS,562,1404,0,1,0,1405,A
8-NS,563,1417,0,1,0,1418,A
8-NS,564,0,1474,0,1,1475,T
8-NS,565,0,1,1485,0,1486,G
8-NS,566,1491,0,0,0,1491,A
8-NS,567,0,1488,0,1,1489,T
8-NS,568,1487,0,0,0,1487,A
8-NS,569,1490,0,1,0,1491,A
8-NS,570,0,0,0,1474,1474,C
8-NS,571,1447,0,1,0,1448,A
8-NS,572,0,0,0,1446,1446,C
8-NS,573,1332,0,1,0,1333,A
8-NS,574,0,0,1352,0,1352,G
8-NS,575,0,1340,0,0,1340,T
8-NS,576,1,1333,0,0,1334,T
8-NS,577,9,1,1,1322,1333,C
8-NS,578,0,4,1325,0,1329,G
8-NS,579,1327,0,1,0,1328,A
8-NS,580,0,0,1329,0,1329,G
8-NS,581,0,1321,0,1,1322,T
8-NS,582,5,0,0,1317,1322,C
8-NS,583,0,1291,1,3,1295,T
8-NS,584,5,0,1,1299,1305,C
8-NS,585,0,1307,0,2,1309,T
8-NS,586,1309,0,1,0,1310,A
8-NS,587,1311,0,0,0,1311,A
8-NS,588,1309,0,0,0,1309,A
8-NS,589,1316,0,0,1,1317,A
8-NS,590,1318,0,1,0,1319,A
8-NS,591,0,1316,0,0,1316,T
8-NS,592,3,0,0,1322,1325,C
8-NS,593,0,1314,0,2,1316,T
8-NS,594,1322,0,1,0,1323,A
8-NS,595,0,0,0,1320,1320,C
8-NS,596,1319,0,1,0,1320,A
8-NS,597,1,6,1318,0,1325,G
8-NS,598,1295,0,5,0,1300,A
8-NS,599,2,1,1303,0,1306,G
8-NS,600,1303,0,0,0,1303,A
8-NS,601,0,1285,1,2,1288,T
8-NS,602,0,1287,0,1,1288,T
8-NS,603,8,0,0,1283,1291,C
8-NS,604,0,0,1292,0,1292,G
8-NS,605,0,0,0,1291,1291,C
8-NS,606,0,1289,0,2,1291,T
8-NS,607,1,1289,1,1,1292,T
8-NS,608,0,0,1279,0,1279,G
8-NS,609,0,1,1286,0,1287,G
8-NS,610,1282,0,2,0,1284,A
8-NS,611,1,3,1282,0,1286,G
8-NS,612,1278,0,1,0,1279,A
8-NS,613,1271,0,0,0,1271,A
8-NS,614,1,0,1290,0,1291,G
8-NS,615,1,0,0,1288,1289,C
8-NS,616,1286,0,1,0,1287,A
8-NS,617,0,0,1316,0,1316,G
8-NS,618,0,1306,0,1,1307,T
8-NS,619,1309,0,1,0,1310,A
8-NS,620,1310,0,2,0,1312,A
8-NS,621,1,1305,0,1,1307,T
8-NS,622,0,8,1307,0,1315,G
8-NS,623,1254,0,1,0,1255,A
8-NS,624,0,2,1268,0,1270,G
8-NS,625,1255,0,1,0,1256,A
8-NS,626,1219,0,0,0,1219,A
8-NS,627,0,1216,0,2,1218,T
8-NS,628,0,1,1201,0,1202,G
8-NS,629,0,2,1202,0,1204,G
8-NS,630,1,0,1196,0,1197,G
8-NS,631,0,1,1190,0,1191,G
8-NS,632,0,0,1187,0,1187,G
8-NS,633,1147,0,0,0,1147,A
8-NS,634,0,1126,0,0,1126,T
8-NS,635,2,0,0,1148,1150,C
8-NS,636,0,1147,0,3,1150,T
8-NS,637,2,0,0,1154,1156,C
8-NS,638,4,0,0,1152,1156,C
8-NS,639,1157,0,1,0,1158,A
8-NS,640,1,0,0,1156,1157,C
8-NS,641,0,1128,0,2,1130,T
8-NS,642,0,1123,0,0,1123,T
8-NS,643,1107,0,0,0,1107,A
8-NS,644,0,0,0,1110,1110,C
8-NS,645,1,1108,0,1,1110,T
8-NS,646,3,1,0,1098,1102,C
8-NS,647,0,0,0,1093,1093,C
8-NS,648,1096,0,0,0,1096,A
8-NS,649,1100,0,0,0,1100,A
8-NS,650,1098,0,1,0,1099,A
8-NS,651,1099,0,1,0,1100,A
8-NS,652,0,2,0,1103,1105,C
8-NS,653,1079,0,2,0,1081,A
8-NS,654,0,1,1087,0,1088,G
8-NS,655,1084,0,0,0,1084,A
8-NS,656,1082,0,2,0,1084,A
8-NS,657,1082,1,0,0,1083,A
8-NS,658,2,0,0,1086,1088,C
8-NS,659,0,1,1085,0,1086,G
8-NS,660,1,0,1083,0,1084,G
8-NS,661,1,2,1082,0,1085,G
8-NS,662,1088,0,0,0,1088,A
8-NS,663,1078,0,1,0,1079,A
8-NS,664,1080,0,2,0,1082,A
8-NS,665,0,1079,0,0,1079,T
8-NS,666,0,2,1086,0,1088,G
8-NS,667,0,1,1084,0,1085,G
8-NS,668,0,2,0,1076,1078,C
8-NS,669,0,3,1077,0,1080,G
8-NS,670,1079,0,1,0,1080,A
8-NS,671,0,5,1077,0,1082,G
8-NS,672,1080,0,1,0,1081,A
8-NS,673,1082,0,1,0,1083,A
8-NS,674,0,0,0,1081,1081,C
8-NS,675,1059,0,1,0,1060,A
8-NS,676,0,0,1058,0,1058,G
8-NS,677,0,0,0,1055,1055,C
8-NS,678,0,1055,0,0,1055,T
8-NS,679,1051,0,0,0,1051,A
8-NS,680,0,3,1040,0,1043,G
8-NS,681,1,0,1045,0,1046,G
8-NS,682,1,1041,0,3,1045,T
8-NS,683,3,1,0,1024,1028,C
8-NS,684,1034,0,0,0,1034,A
8-NS,685,1027,1,0,0,1028,A
8-NS,686,1030,0,0,0,1030,A
8-NS,687,1039,0,1,0,1040,A
8-NS,688,0,0,1043,0,1043,G
8-NS,689,0,1009,0,1,1010,T
8-NS,690,0,1002,0,0,1002,T
8-NS,691,0,1004,0,2,1006,T
8-NS,692,1,2,1008,0,1011,G
8-NS,693,1011,0,0,0,1011,A
8-NS,694,1012,0,0,0,1012,A
8-NS,695,1,1,1015,0,1017,G
8-NS,696,993,0,0,0,993,A
8-NS,697,0,0,995,0,995,G
8-NS,698,995,0,0,0,995,A
8-NS,699,0,997,0,0,997,T
8-NS,700,998,0,0,0,998,A
8-NS,701,991,0,0,0,991,A
8-NS,702,0,0,989,0,989,G
8-NS,703,920,0,1,0,921,A
8-NS,704,0,924,0,0,924,T
8-NS,705,0,0,923,0,923,G
8-NS,706,0,1,925,0,926,G
8-NS,707,0,0,0,920,920,C
8-NS,708,1,914,0,0,915,T
8-NS,709,917,0,2,0,919,A
8-NS,710,911,0,0,1,912,A
8-NS,711,0,916,0,0,916,T
8-NS,712,1,909,0,1,911,T
8-NS,713,0,1,911,0,912,G
8-NS,714,907,0,0,0,907,A
8-NS,715,902,0,1,1,904,A
8-NS,716,0,0,904,0,904,G
8-NS,717,900,0,0,0,900,A
8-NS,718,889,0,1,0,890,A
8-NS,719,0,0,901,0,901,G
8-NS,720,0,878,0,1,879,T
8-NS,721,0,1,886,0,887,G
8-NS,722,876,0,2,0,878,A
8-NS,723,0,5,873,0,878,G
8-NS,724,877,0,2,0,879,A
8-NS,725,0,0,0,877,877,C
8-NS,726,869,0,0,0,869,A
8-NS,727,0,1,0,867,868,C
8-NS,728,802,0,1,0,803,A
8-NS,729,0,1,820,0,821,G
8-NS,730,814,1,3,0,818,A
8-NS,731,0,817,0,0,817,T
8-NS,732,0,816,0,0,816,T
8-NS,733,811,0,0,0,811,A
8-NS,734,811,0,0,0,811,A
8-NS,735,808,1,1,0,810,A
8-NS,736,804,0,2,0,806,A
8-NS,737,808,0,1,0,809,A
8-NS,738,0,0,0,782,782,C
8-NS,739,746,0,0,0,746,A
8-NS,740,749,0,0,0,749,A
8-NS,741,0,0,0,751,751,C
8-NS,742,0,749,0,0,749,T
8-NS,743,0,3,750,0,753,G
8-NS,744,747,0,0,0,747,A
8-NS,745,754,0,0,0,754,A
8-NS,746,754,0,0,0,754,A
8-NS,747,748,0,0,0,748,A
8-NS,748,0,747,0,0,747,T
8-NS,749,734,0,1,1,736,A
8-NS,750,0,1,737,0,738,G
8-NS,751,3,0,0,732,735,C
8-NS,752,0,723,0,1,724,T
8-NS,753,0,721,0,1,722,T
8-NS,754,0,722,0,0,722,T
8-NS,755,0,5,721,0,726,G
8-NS,756,726,0,0,0,726,A
8-NS,757,725,0,0,0,725,A
8-NS,758,1,0,0,725,726,C
8-NS,759,712,0,0,0,712,A
8-NS,760,714,0,1,0,715,A
8-NS,761,713,0,0,0,713,A
8-NS,762,0,715,0,0,715,T
8-NS,763,714,0,0,1,715,A
8-NS,764,702,0,0,0,702,A
8-NS,765,0,0,0,700,700,C
8-NS,766,700,0,0,0,700,A
8-NS,767,0,691,0,0,691,T
8-NS,768,0,682,0,0,682,T
8-NS,769,2,0,0,672,674,C
8-NS,770,665,1,1,0,667,A
8-NS,771,0,664,0,1,665,T
8-NS,772,0,0,666,0,666,G
8-NS,773,0,1,0,647,648,C
8-NS,774,644,0,0,0,644,A
8-NS,775,637,1,3,0,641,A
8-NS,776,0,0,642,0,642,G
8-NS,777,0,1,0,653,654,C
8-NS,778,642,0,0,0,642,A
8-NS,779,0,637,0,2,639,T
8-NS,780,0,639,0,1,640,T
8-NS,781,639,0,0,0,639,A
8-NS,782,0,0,0,642,642,C
8-NS,783,635,0,0,0,635,A
8-NS,784,624,0,1,0,625,A
8-NS,785,0,0,0,620,620,C
8-NS,786,0,517,0,0,517,T
8-NS,787,0,0,517,0,517,G
8-NS,788,0,0,0,515,515,C
8-NS,789,0,505,1,0,506,T
8-NS,790,0,0,510,1,511,G
8-NS,791,0,498,0,0,498,T
8-NS,792,0,498,0,0,498,T
8-NS,793,0,496,0,0,496,T
8-NS,794,0,0,486,0,486,G
8-NS,795,487,0,0,1,488,A
8-NS,796,474,0,0,0,474,A
8-NS,797,1,0,474,0,475,G
8-NS,798,0,469,0,0,469,T
8-NS,799,0,0,442,0,442,G
8-NS,800,0,0,444,0,444,G
8-NS,801,443,0,0,0,443,A
8-NS,802,443,0,1,0,444,A
8-NS,803,0,1,0,439,440,C
8-NS,804,424,0,3,0,427,A
8-NS,805,0,0,428,0,428,G
8-NS,806,0,0,420,0,420,G
8-NS,807,417,0,0,0,417,A
8-NS,808,0,0,421,0,421,G
8-NS,809,355,0,0,0,355,A
8-NS,810,0,355,0,0,355,T
8-NS,811,354,0,0,0,354,A
8-NS,812,353,0,0,0,353,A
8-NS,813,0,2,350,0,352,G
8-NS,814,313,0,0,0,313,A
8-NS,815,314,0,0,0,314,A
8-NS,816,0,0,0,311,311,C
8-NS,817,0,270,0,0,270,T
8-NS,818,0,269,0,0,269,T
8-NS,819,0,266,0,2,268,T
8-NS,820,0,0,0,267,267,C
8-NS,821,0,265,0,0,265,T
8-NS,822,3,0,0,257,260,C
8-NS,823,249,0,0,0,249,A
8-NS,824,0,248,0,0,248,T
8-NS,825,0,247,0,0,247,T
8-NS,826,1,245,0,0,246,T
8-NS,827,2,0,0,244,246,C
8-NS,828,235,1,0,0,236,A
8-NS,829,0,0,237,0,237,G
8-NS,830,0,0,0,237,237,C
8-NS,831,1,228,0,0,229,T
8-NS,832,0,227,0,1,228,T
8-NS,833,217,0,0,0,217,A
8-NS,834,0,216,0,0,216,T
8-NS,835,0,217,0,0,217,T
8-NS,836,0,215,0,0,215,T
8-NS,837,205,0,1,0,206,A
8-NS,838,204,0,0,0,204,A
8-NS,839,0,200,0,0,200,T
8-NS,840,0,1,200,0,201,G
8-NS,841,189,0,1,0,190,A
8-NS,842,0,168,0,0,168,T
8-NS,843,164,0,0,0,164,A
8-NS,844,164,0,0,0,164,A
8-NS,845,163,0,0,0,163,A
8-NS,846,163,0,0,0,163,A
8-NS,847,163,0,0,0,163,A
8-NS,848,161,0,1,0,162,A
8-NS,849,0,0,0,159,159,C
8-NS,850,138,0,0,0,138,A
8-NS,851,0,0,0,137,137,C
8-NS,852,1,0,0,128,129,C
8-NS,853,0,0,0,126,126,C
8-NS,854,0,119,0,0,119,T
8-NS,855,0,114,0,0,114,T
8-NS,856,0,0,114,0,114,G
8-NS,857,0,105,0,0,105,T
8-NS,858,0,103,0,0,103,T
8-NS,859,0,102,0,0,102,T
8-NS,860,0,0,0,46,46,C
8-NS,861,0,33,0,0,33,T
8-NS,862,21,0,0,0,21,A
8-NS,863,0,0,0,21,21,C
