Gene,Position,A,T,G,C,Coverage,Consensus
1-PB2,1,370,0,0,0,370,A
1-PB2,2,0,370,0,0,370,T
1-PB2,3,0,0,378,0,378,G
1-PB2,4,0,0,377,0,377,G
1-PB2,5,378,0,0,0,378,A
1-PB2,6,378,0,0,0,378,A
1-PB2,7,379,0,0,0,379,A
1-PB2,8,0,0,431,0,431,G
1-PB2,9,434,0,0,0,434,A
1-PB2,10,435,0,0,0,435,A
1-PB2,11,0,448,0,0,448,T
1-PB2,12,448,0,0,0,448,A
1-PB2,13,447,0,0,0,447,A
1-PB2,14,450,0,0,0,450,A
1-PB2,15,449,0,1,0,450,A
1-PB2,16,0,0,464,0,464,G
1-PB2,17,466,0,1,0,467,A
1-PB2,18,468,0,2,0,470,A
1-PB2,19,0,0,0,482,482,C
1-PB2,20,1,482,0,0,483,T
1-PB2,21,491,1,1,0,493,A
1-PB2,22,1,0,0,491,492,C
1-PB2,23,0,2,491,0,493,G
1-PB2,24,0,2,498,0,500,G
1-PB2,25,500,0,0,0,500,A
1-PB2,26,521,0,0,0,521,A
1-PB2,27,0,520,0,0,520,T
1-PB2,28,0,0,0,525,525,C
1-PB2,29,0,526,0,1,527,T
1-PB2,30,0,0,535,0,535,G
1-PB2,31,537,0,0,0,537,A
1-PB2,32,0,538,0,0,538,T
1-PB2,33,0,0,538,0,538,G
1-PB2,34,0,550,0,1,551,T
1-PB2,35,3,0,0,548,551,C
1-PB2,36,0,1,550,0,551,G
1-PB2,37,0,0,0,552,552,C
1-PB2,38,551,1,0,0,552,A
1-PB2,39,0,0,585,0,585,G
1-PB2,40,0,589,0,0,589,T
1-PB2,41,0,0,0,590,590,C
1-PB2,42,0,585,0,3,588,T
1-PB2,43,1,0,0,588,589,C
1-PB2,44,1,0,586,0,587,G
1-PB2,45,0,0,0,593,593,C
1-PB2,46,588,1,1,0,590,A
1-PB2,47,0,0,0,597,597,C
1-PB2,48,0,595,0,1,596,T
1-PB2,49,0,0,0,612,612,C
1-PB2,50,0,0,611,0,611,G
1-PB2,51,0,1,0,614,615,C
1-PB2,52,0,0,614,0,614,G
1-PB2,53,615,0,0,0,615,A
1-PB2,54,1,0,613,0,614,G
1-PB2,55,632,0,0,0,632,A
1-PB2,56,1,632,0,0,633,T
1-PB2,57,635,0,0,0,635,A
1-PB2,58,0,0,0,636,636,C
1-PB2,59,0,631,0,1,632,T
1-PB2,60,1,1,637,0,639,G
1-PB2,61,640,0,1,0,641,A
1-PB2,62,0,0,0,652,652,C
1-PB2,63,649,0,0,0,649,A
1-PB2,64,644,0,0,0,644,A
1-PB2,65,657,0,0,0,657,A
1-PB2,66,667,0,0,0,667,A
1-PB2,67,666,1,2,0,669,A
1-PB2,68,0,0,0,673,673,C
1-PB2,69,1,0,0,674,675,C
1-PB2,70,688,0,0,0,688,A
1-PB2,71,0,0,0,696,696,C
1-PB2,72,694,0,0,1,695,A
1-PB2,73,0,0,728,0,728,G
1-PB2,74,1,725,0,1,727,T
1-PB2,75,1,0,746,0,747,G
1-PB2,76,0,0,748,0,748,G
1-PB2,77,748,0,0,0,748,A
1-PB2,78,0,0,0,784,784,C
1-PB2,79,1,0,0,778,779,C
1-PB2,80,795,0,0,0,795,A
1-PB2,81,0,793,0,0,793,T
1-PB2,82,785,0,1,0,786,A
1-PB2,83,0,789,0,0,789,T
1-PB2,84,0,1,787,0,788,G
1-PB2,85,1,1,796,0,798,G
1-PB2,86,0,1,0,801,802,C
1-PB2,87,0,1,0,798,799,C
1-PB2,88,794,0,0,0,794,A
1-PB2,89,1,853,1,0,855,T
1-PB2,90,855,0,0,0,855,A
1-PB2,91,906,0,0,0,906,A
1-PB2,92,0,906,0,0,906,T
1-PB2,93,0,907,0,0,907,T
1-PB2,94,908,0,1,0,909,A
1-PB2,95,907,0,1,0,908,A
1-PB2,96,0,0,934,0,934,G
1-PB2,97,926,0,0,0,926,A
1-PB2,98,920,0,2,0,922,A
1-PB2,99,0,0,956,0,956,G
1-PB2,100,0,950,0,1,951,T
1-PB2,101,952,1,1,0,954,A
1-PB2,102,1,0,0,955,956,C
1-PB2,103,955,1,2,0,958,A
1-PB2,104,0,1,0,983,984,C
1-PB2,105,984,0,1,0,985,A
1-PB2,106,0,989,0,0,989,T
1-PB2,107,1,0,0,989,990,C
1-PB2,108,2,3,975,0,980,G
1-PB2,109,0,1,982,0,983,G
1-PB2,110,0,1,982,1,984,G
1-PB2,111,0,1,985,0,986,G
1-PB2,112,983,0,2,0,985,A
1-PB2,113,0,0,987,0,987,G
1-PB2,114,980,2,3,0,985,A
1-PB2,115,0,1,0,987,988,C
1-PB2,116,985,0,2,0,987,A
1-PB2,117,0,0,1001,0,1001,G
1-PB2,118,0,1,1007,0,1008,G
1-PB2,119,1010,0,2,0,1012,A
1-PB2,120,1009,1,0,0,1010,A
1-PB2,121,1010,0,1,1,1012,A
1-PB2,122,1010,0,0,0,1010,A
1-PB2,123,0,0,1011,0,1011,G
1-PB2,124,1000,0,2,0,1002,A
1-PB2,125,1006,0,4,0,1010,A
1-PB2,126,0,0,0,1015,1015,C
1-PB2,127,2,1,0,1002,1005,C
1-PB2,128,5,0,0,1002,1007,C
1-PB2,129,2,2,1001,0,1005,G
1-PB2,130,0,1005,0,1,1006,T
1-PB2,131,1,0,0,1006,1007,C
1-PB2,132,1015,0,1,0,1016,A
1-PB2,133,0,1,0,1023,1024,C
1-PB2,134,0,1017,0,1,1018,T
1-PB2,135,0,1022,0,0,1022,T
1-PB2,136,1024,0,0,0,1024,A
1-PB2,137,0,2,1034,0,1036,G
1-PB2,138,0,0,1036,0,1036,G
1-PB2,139,1035,0,1,0,1036,A
1-PB2,140,0,1033,0,0,1033,T
1-PB2,141,0,1,1041,0,1042,G
1-PB2,142,1053,0,1,0,1054,A
1-PB2,143,1054,0,2,0,1056,A
1-PB2,144,1056,0,0,0,1056,A
1-PB2,145,0,1058,0,0,1058,T
1-PB2,146,1,2,1055,0,1058,G
1-PB2,147,0,0,1069,0,1069,G
1-PB2,148,1065,0,3,0,1068,A
1-PB2,149,0,1070,0,1,1071,T
1-PB2,150,1,2,1066,0,1069,G
1-PB2,151,1062,0,1,0,1063,A
1-PB2,152,0,1065,0,1,1066,T
1-PB2,153,0,1,1066,0,1067,G
1-PB2,154,0,0,1070,0,1070,G
1-PB2,155,0,0,0,1064,1064,C
1-PB2,156,1055,0,0,0,1055,A
1-PB2,157,1060,0,1,1,1062,A
1-PB2,158,0,1064,0,0,1064,T
1-PB2,159,0,0,1094,0,1094,G
1-PB2,160,1096,0,0,0,1096,A
1-PB2,161,1089,0,1,0,1090,A
1-PB2,162,1086,0,1,0,1087,A
1-PB2,163,0,1092,0,2,1094,T
1-PB2,164,1092,1,1,0,1094,A
1-PB2,165,1,1,0,1109,1111,C
1-PB2,166,3,0,0,1103,1106,C
1-PB2,167,0,1,0,1105,1106,C
1-PB2,168,1102,0,0,0,1102,A
1-PB2,169,1103,0,0,1,1104,A
1-PB2,170,0,1104,0,0,1104,T
1-PB2,171,1,0,0,1108,1109,C
1-PB2,172,1104,0,0,0,1104,A
1-PB2,173,0,0,0,1121,1121,C
1-PB2,174,0,1114,0,0,1114,T
1-PB2,175,0,0,1119,0,1119,G
1-PB2,176,1,0,0,1118,1119,C
1-PB2,177,1,1115,0,1,1117,T
1-PB2,178,0,1,1132,0,1133,G
1-PB2,179,1125,0,3,0,1128,A
1-PB2,180,1,0,0,1140,1141,C
1-PB2,181,1139,0,0,0,1139,A
1-PB2,182,1125,0,3,0,1128,A
1-PB2,183,1129,0,0,0,1129,A
1-PB2,184,1127,0,4,0,1131,A
1-PB2,185,0,1,1149,0,1150,G
1-PB2,186,0,0,1153,0,1153,G
1-PB2,187,1140,0,5,0,1145,A
1-PB2,188,0,1156,0,0,1156,T
1-PB2,189,1143,0,3,0,1146,A
1-PB2,190,1161,0,0,0,1161,A
1-PB2,191,1,0,0,1169,1170,C
1-PB2,192,1168,0,0,0,1168,A
1-PB2,193,0,1,1176,0,1177,G
1-PB2,194,1160,1,3,0,1164,A
1-PB2,195,1165,0,0,0,1165,A
1-PB2,196,1162,0,1,0,1163,A
1-PB2,197,0,1168,0,1,1169,T
1-PB2,198,0,1,1171,0,1172,G
1-PB2,199,0,2,1183,0,1185,G
1-PB2,200,0,1170,0,0,1170,T
1-PB2,201,1,1169,0,0,1170,T
1-PB2,202,1,0,0,1169,1170,C
1-PB2,203,1,0,0,1169,1170,C
1-PB2,204,1170,0,2,0,1172,A
1-PB2,205,0,3,1169,0,1172,G
1-PB2,206,1173,0,2,2,1177,A
1-PB2,207,0,2,1176,0,1178,G
1-PB2,208,1163,0,3,0,1166,A
1-PB2,209,0,1,1189,0,1190,G
1-PB2,210,1187,0,2,1,1190,A
1-PB2,211,1189,0,0,0,1189,A
1-PB2,212,1181,1,4,2,1188,A
1-PB2,213,0,1185,0,0,1185,T
1-PB2,214,0,0,1196,0,1196,G
1-PB2,215,1200,1,1,0,1202,A
1-PB2,216,1203,0,0,0,1203,A
1-PB2,217,0,0,0,1205,1205,C
1-PB2,218,1188,0,4,0,1192,A
1-PB2,219,1190,0,2,0,1192,A
1-PB2,220,0,5,1215,0,1220,G
1-PB2,221,0,0,1239,0,1239,G
1-PB2,222,1243,0,1,0,1244,A
1-PB2,223,0,0,0,1234,1234,C
1-PB2,224,1233,0,0,0,1233,A
1-PB2,225,1236,0,1,0,1237,A
1-PB2,226,1289,0,1,0,1290,A
1-PB2,227,0,0,0,1303,1303,C
1-PB2,228,0,1284,0,0,1284,T
1-PB2,229,1,0,0,1320,1321,C
1-PB2,230,0,1303,0,0,1303,T
1-PB2,231,1316,0,0,0,1316,A
1-PB2,232,0,1307,0,2,1309,T
1-PB2,233,0,3,1309,0,1312,G
1-PB2,234,0,0,1333,0,1333,G
1-PB2,235,1292,0,2,0,1294,A
1-PB2,236,0,0,1297,0,1297,G
1-PB2,237,0,1302,0,1,1303,T
1-PB2,238,1294,0,0,0,1294,A
1-PB2,239,1300,0,1,0,1301,A
1-PB2,240,1297,0,0,0,1297,A
1-PB2,241,1300,0,0,0,1300,A
1-PB2,242,0,1291,0,0,1291,T
1-PB2,243,1,0,1285,0,1286,G
1-PB2,244,1270,1,3,1,1275,A
1-PB2,245,2,1,1278,0,1281,G
1-PB2,246,0,1273,0,1,1274,T
1-PB2,247,2,0,1272,0,1274,G
1-PB2,248,1295,0,1,0,1296,A
1-PB2,249,0,1302,0,1,1303,T
1-PB2,250,0,0,1302,0,1302,G
1-PB2,251,1,1,0,1297,1299,C
1-PB2,252,0,1291,1,2,1294,T
1-PB2,253,0,2,1339,0,1341,G
1-PB2,254,0,2,1341,0,1343,G
1-PB2,255,1349,0,2,0,1351,A
1-PB2,256,0,1349,0,0,1349,T
1-PB2,257,2,0,0,1333,1335,C
1-PB2,258,1350,0,1,0,1351,A
1-PB2,259,0,1,1387,2,1390,G
1-PB2,260,1390,0,1,0,1391,A
1-PB2,261,0,1392,0,0,1392,T
1-PB2,262,1345,0,2,1,1348,A
1-PB2,263,0,1,1375,0,1376,G
1-PB2,264,1362,0,2,0,1364,A
1-PB2,265,0,0,1381,0,1381,G
1-PB2,266,1,1368,0,0,1369,T
1-PB2,267,1,1,1365,0,1367,G
1-PB2,268,1340,1,3,0,1344,A
1-PB2,269,0,1348,0,1,1349,T
1-PB2,270,1,4,1362,0,1367,G
1-PB2,271,0,0,1389,0,1389,G
1-PB2,272,0,1374,1,0,1375,T
1-PB2,273,1371,0,1,0,1372,A
1-PB2,274,0,1357,1,0,1358,T
1-PB2,275,3,0,0,1356,1359,C
1-PB2,276,1380,1,1,1,1383,A
1-PB2,277,0,1,0,1406,1407,C
1-PB2,278,1,0,0,1402,1403,C
1-PB2,279,0,1380,0,0,1380,T
1-PB2,280,0,1367,0,0,1367,T
1-PB2,281,2,1361,0,0,1363,T
1-PB2,282,1,0,1386,0,1387,G
1-PB2,283,1,1,1394,0,1396,G
1-PB2,284,0,0,0,1411,1411,C
1-PB2,285,0,1403,0,0,1403,T
1-PB2,286,1,0,1412,1,1414,G
1-PB2,287,0,1410,1,2,1413,T
1-PB2,288,1412,0,0,0,1412,A
1-PB2,289,1426,0,2,1,1429,A
1-PB2,290,1,1,0,1422,1424,C
1-PB2,291,1406,0,0,0,1406,A
1-PB2,292,0,1396,0,2,1398,T
1-PB2,293,0,1,1385,0,1386,G
1-PB2,294,0,0,1417,0,1417,G
1-PB2,295,0,1411,0,0,1411,T
1-PB2,296,0,3,1404,0,1407,G
1-PB2,297,1,1,1427,0,1429,G
1-PB2,298,1422,0,2,0,1424,A
1-PB2,299,1428,0,2,0,1430,A
1-PB2,300,0,1429,0,0,1429,T
1-PB2,301,1426,0,1,0,1427,A
1-PB2,302,0,2,1438,0,1440,G
1-PB2,303,1436,0,0,0,1436,A
1-PB2,304,1436,0,1,0,1437,A
1-PB2,305,1433,0,2,0,1435,A
1-PB2,306,0,1411,0,0,1411,T
1-PB2,307,0,2,1409,0,1411,G
1-PB2,308,0,5,1402,0,1407,G
1-PB2,309,1412,0,2,0,1414,A
1-PB2,310,1,0,0,1417,1418,C
1-PB2,311,1,0,0,1399,1400,C
1-PB2,312,1,0,0,1403,1404,C
1-PB2,313,0,0,1411,0,1411,G
1-PB2,314,0,1414,0,5,1419,T
1-PB2,315,5,0,1442,0,1447,G
1-PB2,316,1446,0,1,0,1447,A
1-PB2,317,0,0,0,1449,1449,C
1-PB2,318,1448,1,3,0,1452,A
1-PB2,319,1456,0,0,0,1456,A
1-PB2,320,0,0,1487,0,1487,G
1-PB2,321,1,1477,0,1,1479,T
1-PB2,322,1477,0,1,0,1478,A
1-PB2,323,0,1,0,1468,1469,C
1-PB2,324,0,2,1447,0,1449,G
1-PB2,325,0,0,1502,0,1502,G
1-PB2,326,0,1491,0,2,1493,T
1-PB2,327,2,0,0,1500,1502,C
1-PB2,328,1,1,0,1494,1496,C
1-PB2,329,1482,0,0,0,1482,A
1-PB2,330,0,1496,0,1,1497,T
1-PB2,331,0,1496,0,2,1498,T
1-PB2,332,1557,0,1,0,1558,A
1-PB2,333,0,0,0,1550,1550,C
1-PB2,334,1,1,0,1526,1528,C
1-PB2,335,3,1,0,1525,1529,C
1-PB2,336,1513,0,1,0,1514,A
1-PB2,337,1530,0,0,0,1530,A
1-PB2,338,1523,0,2,0,1525,A
1-PB2,339,1523,0,0,0,1523,A
1-PB2,340,0,1,1538,0,1539,G
1-PB2,341,0,1509,0,0,1509,T
1-PB2,342,1,2,1533,0,1536,G
1-PB2,343,0,1533,0,2,1535,T
1-PB2,344,1533,1,2,0,1536,A
1-PB2,345,0,0,0,1533,1533,C
1-PB2,346,1526,0,0,0,1526,A
1-PB2,347,1523,0,3,0,1526,A
1-PB2,348,0,2,1531,0,1533,G
1-PB2,349,1526,0,1,0,1527,A
1-PB2,350,1,0,0,1523,1524,C
1-PB2,351,0,1507,0,1,1508,T
1-PB2,352,0,1514,0,2,1516,T
1-PB2,353,1514,0,2,0,1516,A
1-PB2,354,0,1514,0,0,1514,T
1-PB2,355,0,1514,0,3,1517,T
1-PB2,356,1,1511,0,1,1513,T
1-PB2,357,0,0,0,1500,1500,C
1-PB2,358,1,1,1495,0,1497,G
1-PB2,359,1491,1,4,0,1496,A
1-PB2,360,0,0,0,1499,1499,C
1-PB2,361,1498,0,0,0,1498,A
1-PB2,362,1494,0,1,0,1495,A
1-PB2,363,1495,0,1,1,1497,A
1-PB2,364,0,0,1517,0,1517,G
1-PB2,365,0,1511,0,1,1512,T
1-PB2,366,1,1,0,1515,1517,C
1-PB2,367,2,0,1512,0,1514,G
1-PB2,368,1516,0,2,0,1518,A
1-PB2,369,1513,0,0,0,1513,A
1-PB2,370,1512,0,3,0,1515,A
1-PB2,371,0,4,1541,0,1545,G
1-PB2,372,1,1,1552,0,1554,G
1-PB2,373,1,1538,0,1,1540,T
1-PB2,374,0,1537,0,1,1538,T
1-PB2,375,1539,1,0,0,1540,A
1-PB2,376,1533,0,0,0,1533,A
1-PB2,377,1538,0,1,0,1539,A
1-PB2,378,1549,0,0,1,1550,A
1-PB2,379,1,0,0,1555,1556,C
1-PB2,380,1525,0,1,0,1526,A
1-PB2,381,0,1524,0,0,1524,T
1-PB2,382,0,1,1519,0,1520,G
1-PB2,383,2,2,1516,0,1520,G
1-PB2,384,1524,1,1,0,1526,A
1-PB2,385,1543,0,1,0,1544,A
1-PB2,386,2,1,0,1577,1580,C
1-PB2,387,0,0,0,1588,1588,C
1-PB2,388,0,1579,0,2,1581,T
1-PB2,389,0,1577,0,4,1581,T
1-PB2,390,1,1579,0,0,1580,T
1-PB2,391,0,1,1576,0,1577,G
1-PB2,392,0,0,1573,0,1573,G
1-PB2,393,0,2,0,1580,1582,C
1-PB2,394,0,0,0,1571,1571,C
1-PB2,395,1,2,0,1561,1564,C
1-PB2,396,1,1522,0,0,1523,T
1-PB2,397,0,2,1543,0,1545,G
1-PB2,398,0,1541,0,3,1544,T
1-PB2,399,0,1544,0,0,1544,T
1-PB2,400,1,0,0,1545,1546,C
1-PB2,401,1538,1,0,0,1539,A
1-PB2,402,0,1534,0,2,1536,T
1-PB2,403,0,1531,0,0,1531,T
1-PB2,404,1,1536,0,0,1537,T
1-PB2,405,0,1540,0,2,1542,T
1-PB2,406,1521,0,0,0,1521,A
1-PB2,407,1,0,1519,0,1520,G
1-PB2,408,1518,0,0,0,1518,A
1-PB2,409,1520,0,0,0,1520,A
1-PB2,410,1517,0,2,0,1519,A
1-PB2,411,0,1510,1,0,1511,T
1-PB2,412,2,1,0,1510,1513,C
1-PB2,413,1509,0,1,0,1510,A
1-PB2,414,1517,1,3,0,1521,A
1-PB2,415,1,0,1527,1,1529,G
1-PB2,416,0,1529,0,0,1529,T
1-PB2,417,4,0,0,1525,1529,C
1-PB2,418,1531,0,0,0,1531,A
1-PB2,419,1531,1,1,0,1533,A
1-PB2,420,0,2,1534,0,1536,G
1-PB2,421,1537,0,3,1,1541,A
1-PB2,422,0,1537,0,1,1538,T
1-PB2,423,1546,0,2,0,1548,A
1-PB2,424,0,0,0,1539,1539,C
1-PB2,425,0,0,1540,0,1540,G
1-PB2,426,0,0,0,1580,1580,C
1-PB2,427,1567,2,1,0,1570,A
1-PB2,428,0,1,1588,0,1589,G
1-PB2,429,1585,0,1,0,1586,A
1-PB2,430,1583,2,4,0,1589,A
1-PB2,431,0,1,1613,0,1614,G
1-PB2,432,1591,0,2,1,1594,A
1-PB2,433,0,0,1600,0,1600,G
1-PB2,434,0,1591,0,1,1592,T
1-PB2,435,1586,0,0,0,1586,A
1-PB2,436,0,1,1601,1,1603,G
1-PB2,437,1602,0,4,0,1606,A
1-PB2,438,0,0,0,1658,1658,C
1-PB2,439,1640,0,1,0,1641,A
1-PB2,440,0,1612,0,1,1613,T
1-PB2,441,1608,0,0,0,1608,A
1-PB2,442,1599,0,5,0,1604,A
1-PB2,443,1620,0,1,0,1621,A
1-PB2,444,0,1,0,1616,1617,C
1-PB2,445,1,1,0,1598,1600,C
1-PB2,446,2,1,0,1587,1590,C
1-PB2,447,0,1485,0,1,1486,T
1-PB2,448,0,1,1499,0,1500,G
1-PB2,449,1,2,1513,0,1516,G
1-PB2,450,0,1514,0,1,1515,T
1-PB2,451,4,0,0,1498,1502,C
1-PB2,452,1513,0,0,1,1514,A
1-PB2,453,0,1506,0,2,1508,T
1-PB2,454,0,1,1515,0,1516,G
1-PB2,455,1,0,0,1518,1519,C
1-PB2,456,1498,0,3,0,1501,A
1-PB2,457,0,5,1508,0,1513,G
1-PB2,458,1491,0,2,1,1494,A
1-PB2,459,1,0,0,1507,1508,C
1-PB2,460,2,0,0,1493,1495,C
1-PB2,461,0,1464,0,1,1465,T
1-PB2,462,2,0,0,1460,1462,C
1-PB2,463,1443,0,1,0,1444,A
1-PB2,464,0,0,1470,0,1470,G
1-PB2,465,1,1466,0,1,1468,T
1-PB2,466,0,0,1468,1,1469,G
1-PB2,467,0,2,1,1460,1463,C
1-PB2,468,1,1,0,1447,1449,C
1-PB2,469,1445,0,0,0,1445,A
1-PB2,470,1444,1,1,0,1446,A
1-PB2,471,1441,0,0,0,1441,A
1-PB2,472,0,3,1442,0,1445,G
1-PB2,473,1410,0,2,1,1413,A
1-PB2,474,0,1,1415,0,1416,G
1-PB2,475,0,1,1408,0,1409,G
1-PB2,476,0,1,0,1406,1407,C
1-PB2,477,1411,0,1,1,1413,A
1-PB2,478,1,2,0,1415,1418,C
1-PB2,479,1418,1,0,0,1419,A
1-PB2,480,1443,0,0,1,1444,A
1-PB2,481,0,0,1455,0,1455,G
1-PB2,482,1482,1,2,1,1486,A
1-PB2,483,2,1472,0,1,1475,T
1-PB2,484,3,0,1468,0,1471,G
1-PB2,485,0,1479,0,1,1480,T
1-PB2,486,1480,0,0,0,1480,A
1-PB2,487,1481,0,2,0,1483,A
1-PB2,488,0,1479,0,0,1479,T
1-PB2,489,0,1428,0,1,1429,T
1-PB2,490,1420,0,0,0,1420,A
1-PB2,491,0,1385,0,1,1386,T
1-PB2,492,0,1,1382,0,1383,G
1-PB2,493,0,1,1383,0,1384,G
1-PB2,494,1367,0,1,0,1368,A
1-PB2,495,1360,0,1,0,1361,A
1-PB2,496,0,0,1365,0,1365,G
1-PB2,497,0,1360,0,0,1360,T
1-PB2,498,0,1361,0,0,1361,T
1-PB2,499,1,0,1367,0,1368,G
1-PB2,500,1,1360,0,1,1362,T
1-PB2,501,1,1362,0,0,1363,T
1-PB2,502,0,1361,0,1,1362,T
1-PB2,503,0,1361,0,0,1361,T
1-PB2,504,0,1362,0,3,1365,T
1-PB2,505,1,0,0,1364,1365,C
1-PB2,506,1,0,0,1370,1371,C
1-PB2,507,2,0,0,1367,1369,C
1-PB2,508,1365,0,0,0,1365,A
1-PB2,509,1363,0,0,1,1364,A
1-PB2,510,0,1368,0,1,1369,T
1-PB2,511,0,1,1377,0,1378,G
1-PB2,512,1379,0,0,0,1379,A
1-PB2,513,1373,0,2,2,1377,A
1-PB2,514,0,0,1384,0,1384,G
1-PB2,515,1,1373,1,5,1380,T
1-PB2,516,0,0,1372,1,1373,G
1-PB2,517,0,1,1372,0,1373,G
1-PB2,518,2,4,1367,0,1373,G
1-PB2,519,1366,2,7,0,1375,A
1-PB2,520,2,1,1371,0,1374,G
1-PB2,521,2,0,0,1368,1370,C
1-PB2,522,1,0,0,1373,1374,C
1-PB2,523,1380,0,0,0,1380,A
1-PB2,524,0,0,1413,0,1413,G
1-PB2,525,0,0,1412,0,1412,G
1-PB2,526,1428,0,0,0,1428,A
1-PB2,527,0,1427,0,1,1428,T
1-PB2,528,1426,0,1,1,1428,A
1-PB2,529,0,0,0,1427,1427,C
1-PB2,530,0,1417,0,1,1418,T
1-PB2,531,1421,0,0,0,1421,A
1-PB2,532,1418,0,0,0,1418,A
1-PB2,533,0,0,0,1417,1417,C
1-PB2,534,1384,0,1,0,1385,A
1-PB2,535,0,1368,0,2,1370,T
1-PB2,536,0,8,0,1365,1373,C
1-PB2,537,1351,0,2,0,1353,A
1-PB2,538,0,1,1360,0,1361,G
1-PB2,539,1357,0,1,0,1358,A
1-PB2,540,1362,2,1,0,1365,A
1-PB2,541,0,1360,0,0,1360,T
1-PB2,542,3,0,0,1336,1339,C
1-PB2,543,1339,0,2,0,1341,A
1-PB2,544,0,0,1,1367,1368,C
1-PB2,545,1372,1,0,0,1373,A
1-PB2,546,1385,0,0,0,1385,A
1-PB2,547,0,1365,0,1,1366,T
1-PB2,548,0,1368,0,1,1369,T
1-PB2,549,1373,1,2,0,1376,A
1-PB2,550,1378,0,1,0,1379,A
1-PB2,551,1,1,0,1387,1389,C
1-PB2,552,1378,0,1,0,1379,A
1-PB2,553,1376,0,0,0,1376,A
1-PB2,554,0,1389,0,0,1389,T
1-PB2,555,1384,0,0,0,1384,A
1-PB2,556,1381,1,0,0,1382,A
1-PB2,557,0,1,0,1380,1381,C
1-PB2,558,0,1376,0,0,1376,T
1-PB2,559,1374,0,1,0,1375,A
1-PB2,560,1374,0,0,0,1374,A
1-PB2,561,1371,0,1,0,1372,A
1-PB2,562,0,0,1368,0,1368,G
1-PB2,563,1351,0,1,0,1352,A
1-PB2,564,0,0,1357,0,1357,G
1-PB2,565,1353,1,1,0,1355,A
1-PB2,566,1357,0,0,0,1357,A
1-PB2,567,1356,0,2,0,1358,A
1-PB2,568,1356,1,2,0,1359,A
1-PB2,569,1362,0,0,0,1362,A
1-PB2,570,1358,0,5,0,1363,A
1-PB2,571,0,1,1364,0,1365,G
1-PB2,572,1360,0,2,0,1362,A
1-PB2,573,1345,0,1,0,1346,A
1-PB2,574,0,0,1349,0,1349,G
1-PB2,575,1352,0,1,0,1353,A
1-PB2,576,1352,0,1,0,1353,A
1-PB2,577,0,1,0,1352,1353,C
1-PB2,578,0,1331,0,3,1334,T
1-PB2,579,0,0,1,1341,1342,C
1-PB2,580,1,0,0,1342,1343,C
1-PB2,581,0,2,1342,0,1344,G
1-PB2,582,1344,0,0,0,1344,A
1-PB2,583,0,1,1338,0,1339,G
1-PB2,584,1341,0,0,0,1341,A
1-PB2,585,0,1338,0,1,1339,T
1-PB2,586,0,1327,0,1,1328,T
1-PB2,587,1,0,1324,0,1325,G
1-PB2,588,1,1,0,1321,1323,C
1-PB2,589,1323,0,1,0,1324,A
1-PB2,590,1328,0,0,0,1328,A
1-PB2,591,1328,0,0,0,1328,A
1-PB2,592,1330,0,0,0,1330,A
1-PB2,593,1,1323,0,1,1325,T
1-PB2,594,0,1324,0,1,1325,T
1-PB2,595,1,1325,0,2,1328,T
1-PB2,596,0,1,0,1323,1324,C
1-PB2,597,3,1310,0,3,1316,T
1-PB2,598,3,0,0,1380,1383,C
1-PB2,599,3,0,0,1393,1396,C
1-PB2,600,2,0,0,1475,1477,C
1-PB2,601,0,1449,0,2,1451,T
1-PB2,602,0,1470,0,0,1470,T
1-PB2,603,0,3,1473,0,1476,G
1-PB2,604,1475,0,0,0,1475,A
1-PB2,605,0,1500,0,2,1502,T
1-PB2,606,0,2,1518,0,1520,G
1-PB2,607,0,1,1648,1,1650,G
1-PB2,608,0,1687,0,0,1687,T
1-PB2,609,0,1677,1,2,1680,T
1-PB2,610,0,0,1753,0,1753,G
1-PB2,611,0,0,0,1758,1758,C
1-PB2,612,1796,1,3,0,1800,A
1-PB2,613,0,1799,0,2,1801,T
1-PB2,614,1821,0,0,0,1821,A
1-PB2,615,1,1,0,1885,1887,C
1-PB2,616,2049,0,1,10,2060,A
1-PB2,617,1,2107,0,0,2108,T
1-PB2,618,0,1,2203,0,2204,G
1-PB2,619,0,2185,0,4,2189,T
1-PB2,620,0,2185,0,2,2187,T
1-PB2,621,2190,0,2,0,2192,A
1-PB2,622,0,4,2196,0,2200,G
1-PB2,623,2202,0,3,0,2205,A
1-PB2,624,1,1,2216,0,2218,G
1-PB2,625,2129,0,2,1,2132,A
1-PB2,626,0,0,2141,0,2141,G
1-PB2,627,2106,0,5,0,2111,A
1-PB2,628,0,2,2133,0,2135,G
1-PB2,629,2142,1,3,0,2146,A
1-PB2,630,2139,0,3,0,2142,A
1-PB2,631,1,0,0,2153,2154,C
1-PB2,632,0,2141,1,1,2143,T
1-PB2,633,0,2146,0,0,2146,T
1-PB2,634,2,0,2141,1,2144,G
1-PB2,635,0,2142,0,4,2146,T
1-PB2,636,2145,0,1,0,2146,A
1-PB2,637,1,1,0,2138,2140,C
1-PB2,638,1,3,2130,0,2134,G
1-PB2,639,2134,0,3,0,2137,A
1-PB2,640,2135,0,0,0,2135,A
1-PB2,641,2164,0,2,0,2166,A
1-PB2,642,2163,0,1,0,2164,A
1-PB2,643,2165,1,5,0,2171,A
1-PB2,644,0,0,0,2173,2173,C
1-PB2,645,2172,0,1,0,2173,A
1-PB2,646,2171,0,3,0,2174,A
1-PB2,647,0,1,2179,0,2180,G
1-PB2,648,2177,0,1,0,2178,A
1-PB2,649,1,2178,0,3,2182,T
1-PB2,650,1,2165,0,3,2169,T
1-PB2,651,1,2175,0,2,2178,T
1-PB2,652,2,0,0,2187,2189,C
1-PB2,653,1,2192,0,1,2194,T
1-PB2,654,3,0,0,2193,2196,C
1-PB2,655,0,0,1,2191,2192,C
1-PB2,656,1,2,0,2198,2201,C
1-PB2,657,2198,0,1,0,2199,A
1-PB2,658,0,0,2213,0,2213,G
1-PB2,659,0,2216,0,2,2218,T
1-PB2,660,1,2212,0,0,2213,T
1-PB2,661,1,1,2210,1,2213,G
1-PB2,662,0,1,0,2202,2203,C
1-PB2,663,0,2205,0,2,2207,T
1-PB2,664,0,3,2206,0,2209,G
1-PB2,665,2,0,2201,0,2203,G
1-PB2,666,1,0,0,2201,2202,C
1-PB2,667,2,2,2207,0,2211,G
1-PB2,668,1,3,2231,0,2235,G
1-PB2,669,2238,1,2,1,2242,A
1-PB2,670,2241,0,2,1,2244,A
1-PB2,671,0,0,0,2248,2248,C
1-PB2,672,2259,1,1,0,2261,A
1-PB2,673,2259,0,3,0,2262,A
1-PB2,674,1,0,2373,0,2374,G
1-PB2,675,1,1,0,2412,2414,C
1-PB2,676,2427,0,2,0,2429,A
1-PB2,677,1,1,2910,0,2912,G
1-PB2,678,1,2902,0,1,2904,T
1-PB2,679,2924,0,0,0,2924,A
1-PB2,680,0,2927,0,0,2927,T
1-PB2,681,2929,0,3,1,2933,A
1-PB2,682,0,2929,0,4,2933,T
1-PB2,683,2893,1,2,0,2896,A
1-PB2,684,0,0,0,2928,2928,C
1-PB2,685,2793,0,0,0,2793,A
1-PB2,686,0,2669,0,1,2670,T
1-PB2,687,0,2598,0,0,2598,T
1-PB2,688,0,2,2590,0,2592,G
1-PB2,689,2587,3,1,1,2592,A
1-PB2,690,2577,0,2,1,2580,A
1-PB2,691,0,0,2613,1,2614,G
1-PB2,692,0,2601,2,3,2606,T
1-PB2,693,0,2577,0,1,2578,T
1-PB2,694,0,2578,0,2,2580,T
1-PB2,695,0,2579,0,4,2583,T
1-PB2,696,2604,1,3,0,2608,A
1-PB2,697,0,0,0,2627,2627,C
1-PB2,698,2630,0,0,0,2630,A
1-PB2,699,0,2621,0,6,2627,T
1-PB2,700,0,2606,0,2,2608,T
1-PB2,701,0,2606,0,1,2607,T
1-PB2,702,0,1,2635,0,2636,G
1-PB2,703,2648,0,2,0,2650,A
1-PB2,704,0,1,0,2668,2669,C
1-PB2,705,0,2660,0,2,2662,T
1-PB2,706,4,0,0,2651,2655,C
1-PB2,707,2651,0,3,0,2654,A
1-PB2,708,3,1,2638,0,2642,G
1-PB2,709,0,6,2694,0,2700,G
1-PB2,710,0,2,2698,0,2700,G
1-PB2,711,2709,1,1,1,2712,A
1-PB2,712,2711,0,4,0,2715,A
1-PB2,713,0,0,0,2716,2716,C
1-PB2,714,10,2,2723,0,2735,G
1-PB2,715,0,2730,0,2,2732,T
1-PB2,716,0,3,2751,0,2754,G
1-PB2,717,2,2730,0,2,2734,T
1-PB2,718,0,2724,0,1,2725,T
1-PB2,719,0,6,2732,0,2738,G
1-PB2,720,2,2,2730,0,2734,G
1-PB2,721,1,3,2753,0,2757,G
1-PB2,722,2745,1,5,0,2751,A
1-PB2,723,2728,1,4,1,2734,A
1-PB2,724,2,0,0,2813,2815,C
1-PB2,725,2803,0,0,0,2803,A
1-PB2,726,2875,1,3,0,2879,A
1-PB2,727,2882,0,2,0,2884,A
1-PB2,728,0,2904,0,1,2905,T
1-PB2,729,3,0,2937,1,2941,G
1-PB2,730,0,2918,0,3,2921,T
1-PB2,731,2917,0,3,0,2920,A
1-PB2,732,0,1,0,2921,2922,C
1-PB2,733,2884,0,1,0,2885,A
1-PB2,734,1,1,0,2882,2884,C
1-PB2,735,1,2816,0,2,2819,T
1-PB2,736,6,1,0,3026,3033,C
1-PB2,737,1,2,0,3033,3036,C
1-PB2,738,3082,0,3,0,3085,A
1-PB2,739,2,3,3097,0,3102,G
1-PB2,740,1,0,3152,0,3153,G
1-PB2,741,0,3147,0,2,3149,T
1-PB2,742,2,4,3144,0,3150,G
1-PB2,743,2,5,3074,1,3082,G
1-PB2,744,3048,2,7,0,3057,A
1-PB2,745,1,2,3061,1,3065,G
1-PB2,746,0,5,3063,1,3069,G
1-PB2,747,3034,0,3,0,3037,A
1-PB2,748,0,0,3065,0,3065,G
1-PB2,749,0,3010,0,2,3012,T
1-PB2,750,1,1,3012,0,3014,G
1-PB2,751,3006,0,7,0,3013,A
1-PB2,752,1,2,3024,0,3027,G
1-PB2,753,2,8,3034,2,3046,G
1-PB2,754,3026,1,1,0,3028,A
1-PB2,755,3015,1,4,0,3020,A
1-PB2,756,1,3018,0,3,3022,T
1-PB2,757,1,2,3009,0,3012,G
1-PB2,758,3017,0,1,0,3018,A
1-PB2,759,1,4,1,3002,3008,C
1-PB2,760,1,0,3010,1,3012,G
1-PB2,761,3034,0,0,0,3034,A
1-PB2,762,0,3020,0,1,3021,T
1-PB2,763,2,1,3030,0,3033,G
1-PB2,764,0,3028,1,3,3032,T
1-PB2,765,1,3009,0,2,3012,T
1-PB2,766,1,4,3020,1,3026,G
1-PB2,767,3029,1,4,0,3034,A
1-PB2,768,3,0,1,3022,3026,C
1-PB2,769,4,0,1,3023,3028,C
1-PB2,770,2994,0,1,0,2995,A
1-PB2,771,2991,1,0,0,2992,A
1-PB2,772,2996,0,3,0,2999,A
1-PB2,773,0,1,3068,0,3069,G
1-PB2,774,1,2,0,3073,3076,C
1-PB2,775,2,1,0,3072,3075,C
1-PB2,776,0,3081,0,2,3083,T
1-PB2,777,3088,0,2,0,3090,A
1-PB2,778,3087,0,3,0,3090,A
1-PB2,779,0,3093,0,0,3093,T
1-PB2,780,0,3087,0,0,3087,T
1-PB2,781,3060,0,0,0,3060,A
1-PB2,782,0,3007,0,0,3007,T
1-PB2,783,2,2987,1,1,2991,T
1-PB2,784,1,0,2975,0,2976,G
1-PB2,785,2,2,0,2979,2983,C
1-PB2,786,2,2,2975,1,2980,G
1-PB2,787,2,2,3034,0,3038,G
1-PB2,788,0,1,0,3029,3030,C
1-PB2,789,1,2,0,3045,3048,C
1-PB2,790,3041,0,1,0,3042,A
1-PB2,791,0,4,3071,0,3075,G
1-PB2,792,1,3,3098,0,3102,G
1-PB2,793,3100,3,3,0,3106,A
1-PB2,794,3108,0,7,1,3116,A
1-PB2,795,1,1,0,3122,3124,C
1-PB2,796,3091,1,5,0,3097,A
1-PB2,797,0,3137,0,1,3138,T
1-PB2,798,3173,1,3,1,3178,A
1-PB2,799,0,4,3199,0,3203,G
1-PB2,800,0,3178,0,0,3178,T
1-PB2,801,3166,0,2,0,3168,A
1-PB2,802,3157,1,1,0,3159,A
1-PB2,803,0,3,3160,0,3163,G
1-PB2,804,3148,1,0,0,3149,A
1-PB2,805,3100,1,4,0,3105,A
1-PB2,806,2,2,3075,0,3079,G
1-PB2,807,3012,0,7,0,3019,A
1-PB2,808,1,0,3023,0,3024,G
1-PB2,809,3,3,1,3020,3027,C
1-PB2,810,2,2,2,3018,3024,C
1-PB2,811,1,0,3031,0,3032,G
1-PB2,812,1,2,0,3047,3050,C
1-PB2,813,3060,1,0,2,3063,A
1-PB2,814,0,1,3225,1,3227,G
1-PB2,815,1,3214,0,5,3220,T
1-PB2,816,3221,1,1,0,3223,A
1-PB2,817,1,3196,0,5,3202,T
1-PB2,818,2,3,0,3218,3223,C
1-PB2,819,3213,0,5,1,3219,A
1-PB2,820,2,1,3222,0,3225,G
1-PB2,821,0,1,1,3221,3223,C
1-PB2,822,3115,1,2,0,3118,A
1-PB2,823,1,4,3074,0,3079,G
1-PB2,824,3086,0,5,1,3092,A
1-PB2,825,0,3072,0,7,3079,T
1-PB2,826,0,0,0,3097,3097,C
1-PB2,827,6,1,0,3085,3092,C
1-PB2,828,3098,0,2,0,3100,A
1-PB2,829,2,0,0,3098,3100,C
1-PB2,830,0,3096,0,1,3097,T
1-PB2,831,3096,0,5,1,3102,A
1-PB2,832,2,0,3091,1,3094,G
1-PB2,833,0,1,0,3085,3086,C
1-PB2,834,3077,0,2,0,3079,A
1-PB2,835,0,3098,0,0,3098,T
1-PB2,836,2,0,0,3130,3132,C
1-PB2,837,0,3119,0,4,3123,T
1-PB2,838,0,3186,0,2,3188,T
1-PB2,839,1,3201,0,3,3205,T
1-PB2,840,3197,0,0,0,3197,A
1-PB2,841,0,3203,0,1,3204,T
1-PB2,842,0,3182,0,1,3183,T
1-PB2,843,2,1,3175,1,3179,G
1-PB2,844,0,5,3160,0,3165,G
1-PB2,845,3127,2,7,0,3136,A
1-PB2,846,2,4,3128,1,3135,G
1-PB2,847,3120,1,1,0,3122,A
1-PB2,848,0,3107,0,0,3107,T
1-PB2,849,1,0,3154,0,3155,G
1-PB2,850,1,3144,0,6,3151,T
1-PB2,851,1,0,3145,0,3146,G
1-PB2,852,1,1,0,3144,3146,C
1-PB2,853,6,1,1,3126,3134,C
1-PB2,854,3126,1,5,1,3133,A
1-PB2,855,1,1,0,3132,3134,C
1-PB2,856,3087,0,4,0,3091,A
1-PB2,857,0,0,3142,0,3142,G
1-PB2,858,2,1,0,3093,3096,C
1-PB2,859,3089,1,3,0,3093,A
1-PB2,860,1,1,0,3087,3089,C
1-PB2,861,3082,0,6,0,3088,A
1-PB2,862,2,3,0,3105,3110,C
1-PB2,863,3097,0,1,0,3098,A
1-PB2,864,3105,0,0,0,3105,A
1-PB2,865,3102,0,1,1,3104,A
1-PB2,866,1,3031,0,0,3032,T
1-PB2,867,2,3021,1,6,3030,T
1-PB2,868,1,3,3015,0,3019,G
1-PB2,869,0,1,3014,0,3015,G
1-PB2,870,1,5,1,3010,3017,C
1-PB2,871,1,6,2991,0,2998,G
1-PB2,872,1,4,3029,0,3034,G
1-PB2,873,0,4,3036,0,3040,G
1-PB2,874,3048,1,2,0,3051,A
1-PB2,875,1,1,0,3053,3055,C
1-PB2,876,3055,0,4,0,3059,A
1-PB2,877,3063,0,2,0,3065,A
1-PB2,878,7,3,3063,0,3073,G
1-PB2,879,0,6,3064,0,3070,G
1-PB2,880,3074,0,5,0,3079,A
1-PB2,881,0,2952,1,6,2959,T
1-PB2,882,1,2,2911,0,2914,G
1-PB2,883,7,0,2921,0,2928,G
1-PB2,884,0,2911,0,6,2917,T
1-PB2,885,0,3,2903,0,2906,G
1-PB2,886,1,1,2895,0,2897,G
1-PB2,887,2860,0,5,0,2865,A
1-PB2,888,1,2,1,2858,2862,C
1-PB2,889,2816,0,2,0,2818,A
1-PB2,890,0,3109,0,0,3109,T
1-PB2,891,0,3088,0,10,3098,T
1-PB2,892,2,1,1,3092,3096,C
1-PB2,893,1,3061,0,4,3066,T
1-PB2,894,0,3069,1,3,3073,T
1-PB2,895,3074,0,2,0,3076,A
1-PB2,896,0,1,3097,0,3098,G
1-PB2,897,3077,0,4,0,3081,A
1-PB2,898,1,0,0,3083,3084,C
1-PB2,899,2587,0,1,0,2588,A
1-PB2,900,2,1,2622,0,2625,G
1-PB2,901,2606,0,2,0,2608,A
1-PB2,902,2618,0,1,0,2619,A
1-PB2,903,2,0,0,2616,2618,C
1-PB2,904,8,1,0,2600,2609,C
1-PB2,905,1,0,0,2612,2613,C
1-PB2,906,1,4,2604,0,2609,G
1-PB2,907,2615,1,2,0,2618,A
1-PB2,908,0,0,0,2623,2623,C
1-PB2,909,2,2589,0,4,2595,T
1-PB2,910,0,1,2618,0,2619,G
1-PB2,911,2605,1,3,0,2609,A
1-PB2,912,2615,0,6,0,2621,A
1-PB2,913,1,3,2633,0,2637,G
1-PB2,914,2619,0,3,0,2622,A
1-PB2,915,2621,2,2,0,2625,A
1-PB2,916,0,0,0,2628,2628,C
1-PB2,917,2615,1,2,0,2618,A
1-PB2,918,2631,0,3,0,2634,A
1-PB2,919,1,0,2658,0,2659,G
1-PB2,920,0,0,0,2664,2664,C
1-PB2,921,0,2645,0,0,2645,T
1-PB2,922,1,0,2665,0,2666,G
1-PB2,923,1,2660,0,1,2662,T
1-PB2,924,1,0,2705,0,2706,G
1-PB2,925,0,4,2772,0,2776,G
1-PB2,926,2780,0,1,0,2781,A
1-PB2,927,0,2776,0,1,2777,T
1-PB2,928,2751,0,1,0,2752,A
1-PB2,929,0,2726,0,0,2726,T
1-PB2,930,2824,0,4,0,2828,A
1-PB2,931,0,2788,0,1,2789,T
1-PB2,932,1,1,2779,0,2781,G
1-PB2,933,0,0,1,2752,2753,C
1-PB2,934,2661,0,4,0,2665,A
1-PB2,935,2667,1,1,0,2669,A
1-PB2,936,1,2,2667,0,2670,G
1-PB2,937,1,1,2670,0,2672,G
1-PB2,938,1,0,0,2671,2672,C
1-PB2,939,0,2607,0,9,2616,T
1-PB2,940,0,1,2630,0,2631,G
1-PB2,941,0,0,1,2634,2635,C
1-PB2,942,2634,0,0,0,2634,A
1-PB2,943,2635,0,3,0,2638,A
1-PB2,944,0,2623,0,0,2623,T
1-PB2,945,0,6,2627,1,2634,G
1-PB2,946,0,4,2620,0,2624,G
1-PB2,947,0,0,2627,0,2627,G
1-PB2,948,2627,0,4,0,2631,A
1-PB2,949,0,2602,1,0,2603,T
1-PB2,950,0,2593,0,1,2594,T
1-PB2,951,1,3,2597,1,2602,G
1-PB2,952,2590,0,8,0,2598,A
1-PB2,953,0,0,2617,1,2618,G
1-PB2,954,2596,0,3,1,2600,A
1-PB2,955,2584,0,0,0,2584,A
1-PB2,956,0,2545,1,2,2548,T
1-PB2,957,0,1,0,2563,2564,C
1-PB2,958,2555,0,2,0,2557,A
1-PB2,959,3,0,2571,0,2574,G
1-PB2,960,0,1,0,2570,2571,C
1-PB2,961,0,2560,0,5,2565,T
1-PB2,962,7,0,0,2541,2548,C
1-PB2,963,2542,0,1,0,2543,A
1-PB2,964,0,2604,0,1,2605,T
1-PB2,965,0,2,0,2603,2605,C
1-PB2,966,2,2,0,2610,2614,C
1-PB2,967,0,2594,1,6,2601,T
1-PB2,968,0,2584,1,5,2590,T
1-PB2,969,0,0,0,2594,2594,C
1-PB2,970,2586,0,4,0,2590,A
1-PB2,971,0,0,2616,0,2616,G
1-PB2,972,1,3,0,2610,2614,C
1-PB2,973,0,2572,0,2,2574,T
1-PB2,974,0,2585,0,0,2585,T
1-PB2,975,0,2579,0,1,2580,T
1-PB2,976,1,2,2587,0,2590,G
1-PB2,977,1,2,2582,0,2585,G
1-PB2,978,0,2553,28,1,2582,T
1-PB2,979,0,4,2597,0,2601,G
1-PB2,980,2,6,2583,0,2591,G
1-PB2,981,2,1,2608,0,2611,G
1-PB2,982,0,2590,1,5,2596,T
1-PB2,983,0,2591,0,0,2591,T
1-PB2,984,1,2584,0,5,2590,T
1-PB2,985,2602,0,1,0,2603,A
1-PB2,986,1,1,0,2606,2608,C
1-PB2,987,2612,0,1,0,2613,A
1-PB2,988,0,2598,0,0,2598,T
1-PB2,989,0,2565,0,0,2565,T
1-PB2,990,0,2565,0,0,2565,T
1-PB2,991,2561,1,0,0,2562,A
1-PB2,992,2558,0,1,0,2559,A
1-PB2,993,2563,0,0,0,2563,A
1-PB2,994,2545,0,5,0,2550,A
1-PB2,995,1,2,2558,0,2561,G
1-PB2,996,2537,2,5,0,2544,A
1-PB2,997,2545,1,2,0,2548,A
1-PB2,998,2,2,0,2548,2552,C
1-PB2,999,2543,2,0,1,2546,A
1-PB2,1000,2536,0,3,1,2540,A
1-PB2,1001,0,2,2541,0,2543,G
1-PB2,1002,2,1,0,2546,2549,C
1-PB2,1003,0,6,2533,1,2540,G
1-PB2,1004,0,3,2543,1,2547,G
1-PB2,1005,2,2,2550,0,2554,G
1-PB2,1006,1,2536,0,4,2541,T
1-PB2,1007,6,1,0,2523,2530,C
1-PB2,1008,2539,0,5,0,2544,A
1-PB2,1009,1,2532,1,2,2536,T
1-PB2,1010,4,0,0,2536,2540,C
1-PB2,1011,2523,1,5,0,2529,A
1-PB2,1012,1,1,2566,0,2568,G
1-PB2,1013,0,2538,0,0,2538,T
1-PB2,1014,2,0,0,2538,2540,C
1-PB2,1015,2542,0,3,0,2545,A
1-PB2,1016,2546,2,4,1,2553,A
1-PB2,1017,2555,0,0,0,2555,A
1-PB2,1018,2550,0,2,0,2552,A
1-PB2,1019,2567,0,0,0,2567,A
1-PB2,1020,2558,0,7,0,2565,A
1-PB2,1021,0,2,2564,0,2566,G
1-PB2,1022,2559,0,4,0,2563,A
1-PB2,1023,2556,0,1,0,2557,A
1-PB2,1024,1,1,2553,0,2555,G
1-PB2,1025,2543,2,5,0,2550,A
1-PB2,1026,2495,0,12,0,2507,A
1-PB2,1027,0,1,2506,0,2507,G
1-PB2,1028,2493,1,2,0,2496,A
1-PB2,1029,1,3,2499,0,2503,G
1-PB2,1030,1,0,2554,0,2555,G
1-PB2,1031,1,2559,0,2,2562,T
1-PB2,1032,0,1,2587,0,2588,G
1-PB2,1033,0,2,0,2606,2608,C
1-PB2,1034,0,2588,1,11,2600,T
1-PB2,1035,0,2614,0,1,2615,T
1-PB2,1036,2603,0,2,0,2605,A
1-PB2,1037,0,0,0,2611,2611,C
1-PB2,1038,2579,0,1,1,2581,A
1-PB2,1039,2,1,2579,0,2582,G
1-PB2,1040,1,0,2571,0,2572,G
1-PB2,1041,1,0,0,2544,2545,C
1-PB2,1042,2511,0,0,0,2511,A
1-PB2,1043,2522,0,4,0,2526,A
1-PB2,1044,0,2580,0,3,2583,T
1-PB2,1045,1,0,0,2593,2594,C
1-PB2,1046,0,2581,0,8,2589,T
1-PB2,1047,3,0,0,2585,2588,C
1-PB2,1048,2,1,0,2581,2584,C
1-PB2,1049,2588,0,1,0,2589,A
1-PB2,1050,2585,0,3,0,2588,A
1-PB2,1051,2587,0,4,0,2591,A
1-PB2,1052,0,0,0,2593,2593,C
1-PB2,1053,2523,0,1,0,2524,A
1-PB2,1054,0,2504,1,1,2506,T
1-PB2,1055,0,2490,0,3,2493,T
1-PB2,1056,1,0,2524,0,2525,G
1-PB2,1057,2514,0,2,1,2517,A
1-PB2,1058,2532,0,2,0,2534,A
1-PB2,1059,2547,0,4,0,2551,A
1-PB2,1060,2545,0,3,0,2548,A
1-PB2,1061,1,2539,0,2,2542,T
1-PB2,1062,2541,0,0,0,2541,A
1-PB2,1063,2533,1,5,1,2540,A
1-PB2,1064,1,3,2569,0,2573,G
1-PB2,1065,2525,1,7,1,2534,A
1-PB2,1066,0,1,2600,0,2601,G
1-PB2,1067,1,2557,0,1,2559,T
1-PB2,1068,2578,2,1,0,2581,A
1-PB2,1069,0,2,0,2635,2637,C
1-PB2,1070,2611,1,0,0,2612,A
1-PB2,1071,0,2608,0,0,2608,T
1-PB2,1072,0,3,2599,0,2602,G
1-PB2,1073,2543,0,5,0,2548,A
1-PB2,1074,3,2,2563,0,2568,G
1-PB2,1075,2,2,2582,0,2586,G
1-PB2,1076,3,5,2689,0,2697,G
1-PB2,1077,2,1,2706,0,2709,G
1-PB2,1078,0,2656,0,2,2658,T
1-PB2,1079,2660,0,5,1,2666,A
1-PB2,1080,1,2655,0,0,2656,T
1-PB2,1081,0,2,2663,0,2665,G
1-PB2,1082,2649,2,6,0,2657,A
1-PB2,1083,1,5,2627,0,2633,G
1-PB2,1084,1,6,2600,0,2607,G
1-PB2,1085,2439,1,4,0,2444,A
1-PB2,1086,2,0,2498,0,2500,G
1-PB2,1087,2,2498,0,2,2502,T
1-PB2,1088,0,2555,1,6,2562,T
1-PB2,1089,3,0,1,2576,2580,C
1-PB2,1090,2568,2,7,0,2577,A
1-PB2,1091,0,1,0,2584,2585,C
1-PB2,1092,2564,1,2,0,2567,A
1-PB2,1093,2576,0,6,0,2582,A
1-PB2,1094,0,2566,1,1,2568,T
1-PB2,1095,2,5,2500,0,2507,G
1-PB2,1096,1,1,2531,1,2534,G
1-PB2,1097,0,2461,0,2,2463,T
1-PB2,1098,2,5,2460,0,2467,G
1-PB2,1099,0,5,2464,0,2469,G
1-PB2,1100,2,3,2465,0,2470,G
1-PB2,1101,1,3,2484,0,2488,G
1-PB2,1102,2468,2,2,0,2472,A
1-PB2,1103,2472,0,8,1,2481,A
1-PB2,1104,2467,0,3,3,2473,A
1-PB2,1105,2423,1,7,1,2432,A
1-PB2,1106,0,6,2468,0,2474,G
1-PB2,1107,2455,0,2,1,2458,A
1-PB2,1108,0,1,2466,0,2467,G
1-PB2,1109,0,0,0,2461,2461,C
1-PB2,1110,2451,0,2,0,2453,A
1-PB2,1111,2460,0,1,0,2461,A
1-PB2,1112,1,0,0,2530,2531,C
1-PB2,1113,2526,0,2,1,2529,A
1-PB2,1114,0,0,2575,0,2575,G
1-PB2,1115,0,1,0,2556,2557,C
1-PB2,1116,0,2551,0,0,2551,T
1-PB2,1117,2629,2,2,0,2633,A
1-PB2,1118,0,2634,0,0,2634,T
1-PB2,1119,2650,0,2,0,2652,A
1-PB2,1120,1,0,0,2653,2654,C
1-PB2,1121,1,2527,0,1,2529,T
1-PB2,1122,2536,0,0,0,2536,A
1-PB2,1123,2485,0,3,0,2488,A
1-PB2,1124,0,1,2491,0,2492,G
1-PB2,1125,2492,1,0,1,2494,A
1-PB2,1126,2422,0,0,0,2422,A
1-PB2,1127,2422,0,1,2,2425,A
1-PB2,1128,2407,0,6,0,2413,A
1-PB2,1129,3,0,2419,0,2422,G
1-PB2,1130,0,0,1,2419,2420,C
1-PB2,1131,2417,0,1,0,2418,A
1-PB2,1132,2422,0,1,0,2423,A
1-PB2,1133,1,2,2,2431,2436,C
1-PB2,1134,0,1,0,2432,2433,C
1-PB2,1135,2435,1,2,0,2438,A
1-PB2,1136,1,3,2448,0,2452,G
1-PB2,1137,2446,0,3,0,2449,A
1-PB2,1138,2438,1,4,1,2444,A
1-PB2,1139,0,1,2470,0,2471,G
1-PB2,1140,2459,0,1,0,2460,A
1-PB2,1141,0,2446,1,0,2447,T
1-PB2,1142,0,2439,0,3,2442,T
1-PB2,1143,2,1,2449,0,2452,G
1-PB2,1144,3,1,2479,0,2483,G
1-PB2,1145,0,2473,0,5,2478,T
1-PB2,1146,1,2472,2,3,2478,T
1-PB2,1147,2,1,1,2475,2479,C
1-PB2,1148,2504,0,4,1,2509,A
1-PB2,1149,1,1,2599,1,2602,G
1-PB2,1150,0,0,0,2607,2607,C
1-PB2,1151,0,2598,0,4,2602,T
1-PB2,1152,4,0,0,2615,2619,C
1-PB2,1153,2576,0,4,0,2580,A
1-PB2,1154,2,2582,0,1,2585,T
1-PB2,1155,2588,1,0,0,2589,A
1-PB2,1156,0,1,2600,0,2601,G
1-PB2,1157,1,2501,1,0,2503,T
1-PB2,1158,0,3,2523,0,2526,G
1-PB2,1159,2433,0,2,0,2435,A
1-PB2,1160,1,1,2453,0,2455,G
1-PB2,1161,0,2440,0,2,2442,T
1-PB2,1162,1,0,2443,0,2444,G
1-PB2,1163,1,1,2454,0,2456,G
1-PB2,1164,2461,0,1,0,2462,A
1-PB2,1165,2442,1,6,0,2449,A
1-PB2,1166,0,2,2459,0,2461,G
1-PB2,1167,2421,0,2,0,2423,A
1-PB2,1168,0,2,2440,0,2442,G
1-PB2,1169,2421,0,3,2,2426,A
1-PB2,1170,0,1,0,2416,2417,C
1-PB2,1171,0,7,2416,0,2423,G
1-PB2,1172,2404,0,0,0,2404,A
1-PB2,1173,2410,1,6,0,2417,A
1-PB2,1174,1,1,0,2417,2419,C
1-PB2,1175,2397,1,7,0,2405,A
1-PB2,1176,1,3,2541,0,2545,G
1-PB2,1177,0,2521,0,7,2528,T
1-PB2,1178,3,0,0,2519,2522,C
1-PB2,1179,2530,0,1,0,2531,A
1-PB2,1180,2523,0,3,0,2526,A
1-PB2,1181,0,2528,0,0,2528,T
1-PB2,1182,2522,1,2,0,2525,A
1-PB2,1183,1,0,2532,0,2533,G
1-PB2,1184,2,2,0,2521,2525,C
1-PB2,1185,1,1,0,2462,2464,C
1-PB2,1186,0,0,2450,0,2450,G
1-PB2,1187,2454,2,0,1,2457,A
1-PB2,1188,2462,0,2,0,2464,A
1-PB2,1189,0,1,2490,2,2493,G
1-PB2,1190,1,1,0,2535,2537,C
1-PB2,1191,2540,0,1,0,2541,A
1-PB2,1192,2544,0,1,0,2545,A
1-PB2,1193,1,2548,1,0,2550,T
1-PB2,1194,2555,0,1,0,2556,A
1-PB2,1195,2566,0,0,0,2566,A
1-PB2,1196,1,2565,0,1,2567,T
1-PB2,1197,5,0,0,2547,2552,C
1-PB2,1198,0,0,2533,0,2533,G
1-PB2,1199,0,2478,0,5,2483,T
1-PB2,1200,0,1,2478,0,2479,G
1-PB2,1201,1,1,2498,0,2500,G
1-PB2,1202,0,1,0,2491,2492,C
1-PB2,1203,3,1,0,2484,2488,C
1-PB2,1204,2472,1,0,0,2473,A
1-PB2,1205,1,2471,1,2,2475,T
1-PB2,1206,2,2,2482,0,2486,G
1-PB2,1207,1,0,2539,0,2540,G
1-PB2,1208,1,2520,1,1,2523,T
1-PB2,1209,0,0,2546,0,2546,G
1-PB2,1210,0,2490,0,4,2494,T
1-PB2,1211,0,2497,0,6,2503,T
1-PB2,1212,0,2498,0,6,2504,T
1-PB2,1213,1,2510,0,0,2511,T
1-PB2,1214,1,3,0,2545,2549,C
1-PB2,1215,2547,1,2,0,2550,A
1-PB2,1216,1,0,0,2711,2712,C
1-PB2,1217,2679,1,1,0,2681,A
1-PB2,1218,2725,0,1,0,2726,A
1-PB2,1219,0,1,2735,0,2736,G
1-PB2,1220,2705,0,4,1,2710,A
1-PB2,1221,170,2,2577,0,2749,G
1-PB2,1222,0,3,2769,0,2772,G
1-PB2,1223,2750,0,1,1,2752,A
1-PB2,1224,0,2758,0,0,2758,T
1-PB2,1225,1,2709,0,1,2711,T
1-PB2,1226,0,1,2704,0,2705,G
1-PB2,1227,3,2,0,2669,2674,C
1-PB2,1228,2683,1,2,0,2686,A
1-PB2,1229,1,2710,0,2,2713,T
1-PB2,1230,0,0,2826,0,2826,G
1-PB2,1231,2834,0,0,0,2834,A
1-PB2,1232,0,2854,0,0,2854,T
1-PB2,1233,2831,1,0,0,2832,A
1-PB2,1234,2832,0,2,0,2834,A
1-PB2,1235,2831,1,1,0,2833,A
1-PB2,1236,2834,0,4,0,2838,A
1-PB2,1237,1,0,2843,0,2844,G
1-PB2,1238,0,1,0,2922,2923,C
1-PB2,1239,2979,0,1,0,2980,A
1-PB2,1240,0,1,3072,0,3073,G
1-PB2,1241,0,3062,0,5,3067,T
1-PB2,1242,0,3070,0,1,3071,T
1-PB2,1243,3067,1,2,0,3070,A
1-PB2,1244,1,3,3087,0,3091,G
1-PB2,1245,3067,0,6,0,3073,A
1-PB2,1246,4,2,3074,0,3080,G
1-PB2,1247,0,0,3078,0,3078,G
1-PB2,1248,0,2967,0,6,2973,T
1-PB2,1249,0,6,2983,1,2990,G
1-PB2,1250,3002,1,3,0,3006,A
1-PB2,1251,2,0,0,3012,3014,C
1-PB2,1252,1,0,0,3023,3024,C
1-PB2,1253,1,3004,0,7,3012,T
1-PB2,1254,2,1,3032,0,3035,G
1-PB2,1255,3028,1,5,0,3034,A
1-PB2,1256,3038,0,3,0,3041,A
1-PB2,1257,0,3039,0,1,3040,T
1-PB2,1258,1,3076,0,0,3077,T
1-PB2,1259,0,3088,1,0,3089,T
1-PB2,1260,3,2,0,3078,3083,C
1-PB2,1261,3,1,3082,1,3087,G
1-PB2,1262,0,3080,0,2,3082,T
1-PB2,1263,0,2,1,3084,3087,C
1-PB2,1264,3087,0,1,0,3088,A
1-PB2,1265,3090,0,1,0,3091,A
1-PB2,1266,3,2,0,3083,3088,C
1-PB2,1267,3067,0,0,0,3067,A
1-PB2,1268,0,3,3091,0,3094,G
1-PB2,1269,3083,0,3,0,3086,A
1-PB2,1270,1,0,3096,0,3097,G
1-PB2,1271,2,1,0,3093,3096,C
1-PB2,1272,3082,0,2,0,3084,A
1-PB2,1273,3122,1,1,0,3124,A
1-PB2,1274,3120,2,1,0,3123,A
1-PB2,1275,0,3111,0,3,3114,T
1-PB2,1276,3,0,0,3116,3119,C
1-PB2,1277,3084,0,7,0,3091,A
1-PB2,1278,1,1,3091,0,3093,G
1-PB2,1279,2,2,0,3093,3097,C
1-PB2,1280,1,4,3097,0,3102,G
1-PB2,1281,0,2,3243,0,3245,G
1-PB2,1282,0,3234,0,0,3234,T
1-PB2,1283,0,3237,0,0,3237,T
1-PB2,1284,1,2,3236,0,3239,G
1-PB2,1285,3240,0,14,0,3254,A
1-PB2,1286,3284,0,1,0,3285,A
1-PB2,1287,1,0,0,3293,3294,C
1-PB2,1288,9,1,0,3271,3281,C
1-PB2,1289,3,1,1,3292,3297,C
1-PB2,1290,10,1,0,3215,3226,C
1-PB2,1291,3228,0,6,0,3234,A
1-PB2,1292,4,3243,0,3,3250,T
1-PB2,1293,1,1,3267,0,3269,G
1-PB2,1294,2,0,0,3275,3277,C
1-PB2,1295,3273,1,0,0,3274,A
1-PB2,1296,0,3247,0,3,3250,T
1-PB2,1297,4,1,0,3245,3250,C
1-PB2,1298,3222,0,5,0,3227,A
1-PB2,1299,1,1,3283,0,3285,G
1-PB2,1300,1,4,0,3284,3289,C
1-PB2,1301,0,3272,0,3,3275,T
1-PB2,1302,1,3272,2,7,3282,T
1-PB2,1303,0,3279,1,1,3281,T
1-PB2,1304,0,3281,0,1,3282,T
1-PB2,1305,3288,0,0,0,3288,A
1-PB2,1306,3279,1,6,0,3286,A
1-PB2,1307,1,3,3283,0,3287,G
1-PB2,1308,0,1,3274,0,3275,G
1-PB2,1309,0,1,0,3248,3249,C
1-PB2,1310,3243,0,2,0,3245,A
1-PB2,1311,0,3244,0,1,3245,T
1-PB2,1312,0,3255,2,2,3259,T
1-PB2,1313,0,3261,0,3,3264,T
1-PB2,1314,0,3271,1,2,3274,T
1-PB2,1315,1,0,0,3278,3279,C
1-PB2,1316,3271,1,1,2,3275,A
1-PB2,1317,1,2,3274,0,3277,G
1-PB2,1318,3269,1,6,0,3276,A
1-PB2,1319,3270,0,0,1,3271,A
1-PB2,1320,3256,0,3,1,3260,A
1-PB2,1321,0,0,3274,0,3274,G
1-PB2,1322,3289,0,5,0,3294,A
1-PB2,1323,0,3292,0,1,3293,T
1-PB2,1324,0,0,3291,0,3291,G
1-PB2,1325,0,0,0,3295,3295,C
1-PB2,1326,1,0,3297,0,3298,G
1-PB2,1327,3294,0,2,0,3296,A
1-PB2,1328,3292,1,0,0,3293,A
1-PB2,1329,3292,0,6,0,3298,A
1-PB2,1330,3,0,3296,0,3299,G
1-PB2,1331,0,3268,0,1,3269,T
1-PB2,1332,4,1,3268,0,3273,G
1-PB2,1333,1,0,0,3265,3266,C
1-PB2,1334,0,3254,0,6,3260,T
1-PB2,1335,2,3259,0,3,3264,T
1-PB2,1336,0,3266,0,3,3269,T
1-PB2,1337,0,3268,0,1,3269,T
1-PB2,1338,0,3264,0,4,3268,T
1-PB2,1339,0,0,0,3271,3271,C
1-PB2,1340,3269,0,3,0,3272,A
1-PB2,1341,3280,0,1,1,3282,A
1-PB2,1342,3274,0,2,0,3276,A
1-PB2,1343,3284,2,0,1,3287,A
1-PB2,1344,0,3285,1,0,3286,T
1-PB2,1345,0,3286,0,1,3287,T
1-PB2,1346,3,7,3277,0,3287,G
1-PB2,1347,2,4,3291,0,3297,G
1-PB2,1348,1,2,3285,0,3288,G
1-PB2,1349,2,2,3314,1,3319,G
1-PB2,1350,3299,0,7,0,3306,A
1-PB2,1351,1,3,3361,0,3365,G
1-PB2,1352,0,3351,0,5,3356,T
1-PB2,1353,0,3352,0,2,3354,T
1-PB2,1354,0,3,3359,1,3363,G
1-PB2,1355,3363,1,6,0,3370,A
1-PB2,1356,3374,0,9,0,3383,A
1-PB2,1357,1,1,0,3443,3445,C
1-PB2,1358,3401,2,3,0,3406,A
1-PB2,1359,2,0,0,3468,3470,C
1-PB2,1360,3426,0,4,2,3432,A
1-PB2,1361,0,3432,0,6,3438,T
1-PB2,1362,3,1,0,3452,3456,C
1-PB2,1363,2,4,3443,0,3449,G
1-PB2,1364,3456,1,1,0,3458,A
1-PB2,1365,2,1,0,3445,3448,C
1-PB2,1366,3362,0,1,0,3363,A
1-PB2,1367,0,1,3437,0,3438,G
1-PB2,1368,2,3377,0,1,3380,T
1-PB2,1369,0,0,3428,0,3428,G
1-PB2,1370,0,3402,0,5,3407,T
1-PB2,1371,3,2,3406,0,3411,G
1-PB2,1372,3402,4,7,0,3413,A
1-PB2,1373,0,3393,0,4,3397,T
1-PB2,1374,1,4,3397,0,3402,G
1-PB2,1375,2,6,3396,0,3404,G
1-PB2,1376,0,2,3355,0,3357,G
1-PB2,1377,3330,0,1,0,3331,A
1-PB2,1378,3301,0,3,0,3304,A
1-PB2,1379,0,3300,0,1,3301,T
1-PB2,1380,2,3,3330,0,3335,G
1-PB2,1381,3339,1,3,0,3343,A
1-PB2,1382,1,3336,0,2,3339,T
1-PB2,1383,0,3331,0,1,3332,T
1-PB2,1384,1,3,3317,0,3321,G
1-PB2,1385,1,5,3363,0,3369,G
1-PB2,1386,3359,0,2,1,3362,A
1-PB2,1387,1,1,3390,0,3392,G
1-PB2,1388,1,3357,0,2,3360,T
1-PB2,1389,3350,0,2,1,3353,A
1-PB2,1390,2,3354,0,4,3360,T
1-PB2,1391,0,3376,0,2,3378,T
1-PB2,1392,3402,1,5,0,3408,A
1-PB2,1393,4,0,0,3404,3408,C
1-PB2,1394,7,5,2,3341,3355,C
1-PB2,1395,3301,0,3,0,3304,A
1-PB2,1396,0,3,3316,0,3319,G
1-PB2,1397,3381,0,1,0,3382,A
1-PB2,1398,0,3353,0,2,3355,T
1-PB2,1399,3330,0,0,0,3330,A
1-PB2,1400,0,3290,0,1,3291,T
1-PB2,1401,3,4,3267,1,3275,G
1-PB2,1402,3275,4,6,0,3285,A
1-PB2,1403,1,1,0,3304,3306,C
1-PB2,1404,0,3284,1,3,3288,T
1-PB2,1405,5,0,0,3278,3283,C
1-PB2,1406,3,2,0,3242,3247,C
1-PB2,1407,3250,0,8,0,3258,A
1-PB2,1408,3262,1,1,0,3264,A
1-PB2,1409,2,1,3316,0,3319,G
1-PB2,1410,2,4,0,3294,3300,C
1-PB2,1411,3287,0,1,0,3288,A
1-PB2,1412,0,2,0,3286,3288,C
1-PB2,1413,3273,0,1,0,3274,A
1-PB2,1414,1,4,3275,0,3280,G
1-PB2,1415,3258,0,1,0,3259,A
1-PB2,1416,0,2,3283,0,3285,G
1-PB2,1417,3288,1,2,0,3291,A
1-PB2,1418,1,3196,0,5,3202,T
1-PB2,1419,0,1,3231,0,3232,G
1-PB2,1420,0,3214,0,5,3219,T
1-PB2,1421,5,2,0,3207,3214,C
1-PB2,1422,3221,0,2,0,3223,A
1-PB2,1423,3210,1,2,0,3213,A
1-PB2,1424,1,3210,0,1,3212,T
1-PB2,1425,2,1,3207,0,3210,G
1-PB2,1426,3165,0,5,0,3170,A
1-PB2,1427,1,1,3180,0,3182,G
1-PB2,1428,3141,1,5,0,3147,A
1-PB2,1429,0,2,3158,0,3160,G
1-PB2,1430,2,4,3264,1,3271,G
1-PB2,1431,3251,0,2,0,3253,A
1-PB2,1432,3254,2,2,0,3258,A
1-PB2,1433,1,3255,0,1,3257,T
1-PB2,1434,3259,1,0,0,3260,A
1-PB2,1435,3251,0,4,0,3255,A
1-PB2,1436,0,5,3249,0,3254,G
1-PB2,1437,3239,1,5,0,3245,A
1-PB2,1438,3,1,3243,0,3247,G
1-PB2,1439,0,3089,0,2,3091,T
1-PB2,1440,3,2,2,3093,3100,C
1-PB2,1441,3095,0,4,0,3099,A
1-PB2,1442,0,0,3111,0,3111,G
1-PB2,1443,0,0,0,3114,3114,C
1-PB2,1444,3120,0,1,0,3121,A
1-PB2,1445,3128,0,1,0,3129,A
1-PB2,1446,3118,0,0,1,3119,A
1-PB2,1447,3115,0,5,0,3120,A
1-PB2,1448,1,3115,0,0,3116,T
1-PB2,1449,1,6,3107,0,3114,G
1-PB2,1450,0,3,3107,1,3111,G
1-PB2,1451,1,0,3115,1,3117,G
1-PB2,1452,0,3089,0,2,3091,T
1-PB2,1453,2,2,3092,0,3096,G
1-PB2,1454,2,3085,0,3,3090,T
1-PB2,1455,2,5,3088,1,3096,G
1-PB2,1456,0,2,3128,0,3130,G
1-PB2,1457,3129,1,2,0,3132,A
1-PB2,1458,2,3108,0,3,3113,T
1-PB2,1459,0,1,3129,3,3133,G
1-PB2,1460,3110,0,5,0,3115,A
1-PB2,1461,3124,0,2,0,3126,A
1-PB2,1462,0,3119,0,1,3120,T
1-PB2,1463,3108,0,1,0,3109,A
1-PB2,1464,0,0,0,3296,3296,C
1-PB2,1465,2,3212,0,4,3218,T
1-PB2,1466,5,0,0,3230,3235,C
1-PB2,1467,5,0,1,3231,3237,C
1-PB2,1468,3219,1,3,0,3223,A
1-PB2,1469,0,1,3309,0,3310,G
1-PB2,1470,0,3291,0,0,3291,T
1-PB2,1471,3317,0,2,1,3320,A
1-PB2,1472,1,2,0,3331,3334,C
1-PB2,1473,3051,1,7,0,3059,A
1-PB2,1474,2,2,3071,0,3075,G
1-PB2,1475,3003,1,6,0,3010,A
1-PB2,1476,1,3,3019,2,3025,G
1-PB2,1477,2957,1,4,0,2962,A
1-PB2,1478,0,5,2874,0,2879,G
1-PB2,1479,0,3,2869,0,2872,G
1-PB2,1480,0,1,2873,0,2874,G
1-PB2,1481,1,2828,0,0,2829,T
1-PB2,1482,0,3,2824,0,2827,G
1-PB2,1483,2,0,2830,0,2832,G
1-PB2,1484,1,2808,0,1,2810,T
1-PB2,1485,0,4,2872,0,2876,G
1-PB2,1486,0,2,2876,0,2878,G
1-PB2,1487,0,2787,1,29,2817,T
1-PB2,1488,0,2813,0,2,2815,T
1-PB2,1489,2783,1,5,0,2789,A
1-PB2,1490,2,1,2797,0,2800,G
1-PB2,1491,0,2,0,2794,2796,C
1-PB2,1492,2776,1,0,0,2777,A
1-PB2,1493,0,2777,0,1,2778,T
1-PB2,1494,1,2623,0,1,2625,T
1-PB2,1495,0,3,2627,1,2631,G
1-PB2,1496,2628,1,0,0,2629,A
1-PB2,1497,0,2628,0,2,2630,T
1-PB2,1498,5,1,0,2627,2633,C
1-PB2,1499,1,0,2610,1,2612,G
1-PB2,1500,1,0,2640,0,2641,G
1-PB2,1501,0,2634,0,5,2639,T
1-PB2,1502,0,2637,0,1,2638,T
1-PB2,1503,1,2630,1,1,2633,T
1-PB2,1504,0,2632,1,2,2635,T
1-PB2,1505,0,2635,0,3,2638,T
1-PB2,1506,0,2,2634,0,2636,G
1-PB2,1507,2620,2,5,1,2628,A
1-PB2,1508,1,3,2634,0,2638,G
1-PB2,1509,2560,0,3,0,2563,A
1-PB2,1510,0,1,2579,0,2580,G
1-PB2,1511,1,2578,0,1,2580,T
1-PB2,1512,2,2570,1,0,2573,T
1-PB2,1513,6,1,0,2574,2581,C
1-PB2,1514,0,1,2579,1,2581,G
1-PB2,1515,2588,1,1,0,2590,A
1-PB2,1516,0,1,2585,0,2586,G
1-PB2,1517,2583,1,1,1,2586,A
1-PB2,1518,0,0,0,2585,2585,C
1-PB2,1519,1,0,0,2562,2563,C
1-PB2,1520,2535,0,1,0,2536,A
1-PB2,1521,2570,0,1,0,2571,A
1-PB2,1522,0,0,0,2577,2577,C
1-PB2,1523,0,0,2583,0,2583,G
1-PB2,1524,1,2571,0,3,2575,T
1-PB2,1525,1,3,2569,0,2573,G
1-PB2,1526,2,2,2574,0,2578,G
1-PB2,1527,0,0,2581,0,2581,G
1-PB2,1528,2563,1,1,0,2565,A
1-PB2,1529,2558,0,3,0,2561,A
1-PB2,1530,1,2480,0,3,2484,T
1-PB2,1531,1,0,2559,0,2560,G
1-PB2,1532,0,2544,0,2,2546,T
1-PB2,1533,2549,0,1,1,2551,A
1-PB2,1534,1,2544,0,2,2547,T
1-PB2,1535,1,2512,0,1,2514,T
1-PB2,1536,2553,2,0,0,2555,A
1-PB2,1537,0,2540,0,0,2540,T
1-PB2,1538,0,2519,0,3,2522,T
1-PB2,1539,2525,0,0,0,2525,A
1-PB2,1540,0,2293,0,3,2296,T
1-PB2,1541,0,1,0,2394,2395,C
1-PB2,1542,2,2370,0,2,2374,T
1-PB2,1543,5,1,0,2364,2370,C
1-PB2,1544,1,1,0,2370,2372,C
1-PB2,1545,1,2321,0,2,2324,T
1-PB2,1546,1,1,2328,0,2330,G
1-PB2,1547,2319,0,1,0,2320,A
1-PB2,1548,1,4,2313,0,2318,G
1-PB2,1549,0,0,2313,0,2313,G
1-PB2,1550,2079,0,4,0,2083,A
1-PB2,1551,0,0,2108,0,2108,G
1-PB2,1552,1,1,2094,0,2096,G
1-PB2,1553,0,2053,0,2,2055,T
1-PB2,1554,3,0,0,2053,2056,C
1-PB2,1555,2036,0,4,0,2040,A
1-PB2,1556,0,2,2069,0,2071,G
1-PB2,1557,0,2061,0,0,2061,T
1-PB2,1558,0,2,2056,0,2058,G
1-PB2,1559,2055,0,2,0,2057,A
1-PB2,1560,1986,0,1,0,1987,A
1-PB2,1561,1987,0,4,0,1991,A
1-PB2,1562,0,0,0,1988,1988,C
1-PB2,1563,1969,0,5,0,1974,A
1-PB2,1564,0,1,0,1975,1976,C
1-PB2,1565,1904,2,3,1,1910,A
1-PB2,1566,0,1,1915,0,1916,G
1-PB2,1567,0,1,1911,0,1912,G
1-PB2,1568,1,1,1932,0,1934,G
1-PB2,1569,1929,0,2,0,1931,A
1-PB2,1570,1897,0,4,0,1901,A
1-PB2,1571,0,0,0,1913,1913,C
1-PB2,1572,2,1877,0,2,1881,T
1-PB2,1573,0,2,1885,0,1887,G
1-PB2,1574,1873,0,1,0,1874,A
1-PB2,1575,0,1,1874,1,1876,G
1-PB2,1576,1839,0,4,0,1843,A
1-PB2,1577,0,1,1763,0,1764,G
1-PB2,1578,1757,1,1,0,1759,A
1-PB2,1579,0,0,0,1760,1760,C
1-PB2,1580,0,1707,0,1,1708,T
1-PB2,1581,0,2,1737,1,1740,G
1-PB2,1582,1731,0,6,1,1738,A
1-PB2,1583,1,0,0,1743,1744,C
1-PB2,1584,1735,0,3,0,1738,A
1-PB2,1585,1732,1,1,0,1734,A
1-PB2,1586,0,1726,0,0,1726,T
1-PB2,1587,1744,0,1,0,1745,A
1-PB2,1588,1740,1,5,0,1746,A
1-PB2,1589,0,1,0,1761,1762,C
1-PB2,1590,0,1669,0,3,1672,T
1-PB2,1591,0,1654,0,0,1654,T
1-PB2,1592,1646,1,1,0,1648,A
1-PB2,1593,0,1645,0,0,1645,T
1-PB2,1594,0,1637,1,2,1640,T
1-PB2,1595,0,2,0,1633,1635,C
1-PB2,1596,1563,0,1,0,1564,A
1-PB2,1597,1,1562,0,2,1565,T
1-PB2,1598,0,2,0,1502,1504,C
1-PB2,1599,0,0,1505,0,1505,G
1-PB2,1600,0,1525,1,1,1527,T
1-PB2,1601,4,2,0,1504,1510,C
1-PB2,1602,1,1,1510,0,1512,G
1-PB2,1603,1512,0,1,0,1513,A
1-PB2,1604,0,1516,0,0,1516,T
1-PB2,1605,0,1,1512,0,1513,G
1-PB2,1606,1515,0,0,0,1515,A
1-PB2,1607,0,1519,0,2,1521,T
1-PB2,1608,0,0,1525,0,1525,G
1-PB2,1609,0,1472,0,2,1474,T
1-PB2,1610,0,1,1465,0,1466,G
1-PB2,1611,0,1,1469,0,1470,G
1-PB2,1612,0,1,1465,0,1466,G
1-PB2,1613,1443,0,1,0,1444,A
1-PB2,1614,0,0,1440,0,1440,G
1-PB2,1615,1361,0,5,0,1366,A
1-PB2,1616,0,1341,0,1,1342,T
1-PB2,1617,0,1327,0,0,1327,T
1-PB2,1618,1326,0,0,1,1327,A
1-PB2,1619,1320,1,1,0,1322,A
1-PB2,1620,1,0,0,1314,1315,C
1-PB2,1621,0,2,1251,0,1253,G
1-PB2,1622,0,0,1271,0,1271,G
1-PB2,1623,0,1176,0,1,1177,T
1-PB2,1624,2,0,0,1167,1169,C
1-PB2,1625,1,0,0,1173,1174,C
1-PB2,1626,0,1136,0,2,1138,T
1-PB2,1627,0,2,1143,0,1145,G
1-PB2,1628,1146,1,1,0,1148,A
1-PB2,1629,1,0,1145,0,1146,G
1-PB2,1630,0,1147,0,1,1148,T
1-PB2,1631,1,1,0,1112,1114,C
1-PB2,1632,2,2,1106,0,1110,G
1-PB2,1633,0,0,1126,0,1126,G
1-PB2,1634,1,1125,0,1,1127,T
1-PB2,1635,0,1125,0,0,1125,T
1-PB2,1636,0,1118,0,0,1118,T
1-PB2,1637,0,1114,0,0,1114,T
1-PB2,1638,2,2,1136,0,1140,G
1-PB2,1639,0,0,1143,0,1143,G
1-PB2,1640,0,1141,0,4,1145,T
1-PB2,1641,1,0,0,1141,1142,C
1-PB2,1642,1128,0,2,0,1130,A
1-PB2,1643,1174,0,0,0,1174,A
1-PB2,1644,0,1175,0,0,1175,T
1-PB2,1645,1178,0,1,0,1179,A
1-PB2,1646,0,1,0,1211,1212,C
1-PB2,1647,2,0,0,1173,1175,C
1-PB2,1648,0,1172,0,1,1173,T
1-PB2,1649,1192,0,1,0,1193,A
1-PB2,1650,0,1192,0,1,1193,T
1-PB2,1651,1,0,0,1190,1191,C
1-PB2,1652,1147,0,2,0,1149,A
1-PB2,1653,1152,0,0,0,1152,A
1-PB2,1654,0,1148,0,2,1150,T
1-PB2,1655,0,1,1125,0,1126,G
1-PB2,1656,0,2,1125,0,1127,G
1-PB2,1657,1125,0,1,0,1126,A
1-PB2,1658,2,1103,0,1,1106,T
1-PB2,1659,1,2,0,1103,1106,C
1-PB2,1660,1108,1,0,0,1109,A
1-PB2,1661,1,1107,0,1,1109,T
1-PB2,1662,1,1,0,1112,1114,C
1-PB2,1663,1109,0,1,0,1110,A
1-PB2,1664,0,1,1109,0,1110,G
1-PB2,1665,1107,0,1,0,1108,A
1-PB2,1666,1103,0,1,0,1104,A
1-PB2,1667,1106,0,0,0,1106,A
1-PB2,1668,0,1109,0,0,1109,T
1-PB2,1669,0,1104,0,0,1104,T
1-PB2,1670,0,3,1097,0,1100,G
1-PB2,1671,1,2,1095,0,1098,G
1-PB2,1672,0,0,1092,0,1092,G
1-PB2,1673,1096,0,1,0,1097,A
1-PB2,1674,1092,0,0,1,1093,A
1-PB2,1675,0,0,1087,0,1087,G
1-PB2,1676,0,0,0,1089,1089,C
1-PB2,1677,0,1086,0,1,1087,T
1-PB2,1678,0,0,1100,0,1100,G
1-PB2,1679,0,1092,0,4,1096,T
1-PB2,1680,1,1,0,1097,1099,C
1-PB2,1681,1097,1,1,0,1099,A
1-PB2,1682,1101,0,0,0,1101,A
1-PB2,1683,1101,0,0,0,1101,A
1-PB2,1684,1108,1,0,0,1109,A
1-PB2,1685,1,1107,0,0,1108,T
1-PB2,1686,0,1110,0,0,1110,T
1-PB2,1687,2,0,0,1100,1102,C
1-PB2,1688,1094,0,0,0,1094,A
1-PB2,1689,1091,1,2,0,1094,A
1-PB2,1690,0,1094,0,1,1095,T
1-PB2,1691,0,2,1093,0,1095,G
1-PB2,1692,0,0,1103,0,1103,G
1-PB2,1693,0,1117,0,4,1121,T
1-PB2,1694,0,0,0,1130,1130,C
1-PB2,1695,0,1129,0,1,1130,T
1-PB2,1696,2,0,0,1130,1132,C
1-PB2,1697,1129,1,1,0,1131,A
1-PB2,1698,1,1,1131,0,1133,G
1-PB2,1699,1135,0,1,0,1136,A
1-PB2,1700,1145,0,0,0,1145,A
1-PB2,1701,1,1124,0,0,1125,T
1-PB2,1702,1,1,1,1102,1105,C
1-PB2,1703,0,0,0,1122,1122,C
1-PB2,1704,0,1115,0,1,1116,T
1-PB2,1705,0,1,1116,0,1117,G
1-PB2,1706,0,1,0,1107,1108,C
1-PB2,1707,1108,0,0,0,1108,A
1-PB2,1708,1121,0,0,0,1121,A
1-PB2,1709,0,1109,0,0,1109,T
1-PB2,1710,1,0,1140,0,1141,G
1-PB2,1711,0,1138,0,0,1138,T
1-PB2,1712,0,1116,0,0,1116,T
1-PB2,1713,0,0,1126,0,1126,G
1-PB2,1714,0,1124,0,3,1127,T
1-PB2,1715,1124,2,1,0,1127,A
1-PB2,1716,1,0,0,1125,1126,C
1-PB2,1717,1109,0,0,0,1109,A
1-PB2,1718,1117,0,1,0,1118,A
1-PB2,1719,0,1,0,1104,1105,C
1-PB2,1720,1086,0,0,0,1086,A
1-PB2,1721,1083,0,2,0,1085,A
1-PB2,1722,1073,0,0,0,1073,A
1-PB2,1723,1069,1,0,1,1071,A
1-PB2,1724,0,1073,0,0,1073,T
1-PB2,1725,0,1,1067,0,1068,G
1-PB2,1726,2,1,1073,0,1076,G
1-PB2,1727,1068,0,0,0,1068,A
1-PB2,1728,1077,0,1,0,1078,A
1-PB2,1729,0,1078,0,0,1078,T
1-PB2,1730,0,1077,0,1,1078,T
1-PB2,1731,0,1076,0,0,1076,T
1-PB2,1732,0,3,1069,0,1072,G
1-PB2,1733,1077,0,2,0,1079,A
1-PB2,1734,1077,0,2,0,1079,A
1-PB2,1735,0,1,0,1073,1074,C
1-PB2,1736,3,2,0,1067,1072,C
1-PB2,1737,1081,0,2,0,1083,A
1-PB2,1738,0,1091,1,1,1093,T
1-PB2,1739,0,1091,0,0,1091,T
1-PB2,1740,0,1093,2,0,1095,T
1-PB2,1741,2,0,0,1093,1095,C
1-PB2,1742,1096,0,1,0,1097,A
1-PB2,1743,1095,0,0,0,1095,A
1-PB2,1744,0,1095,0,0,1095,T
1-PB2,1745,1,0,0,1121,1122,C
1-PB2,1746,0,1106,0,1,1107,T
1-PB2,1747,0,1111,0,0,1111,T
1-PB2,1748,0,1117,0,0,1117,T
1-PB2,1749,1113,1,3,0,1117,A
1-PB2,1750,1,0,1118,0,1119,G
1-PB2,1751,0,1118,0,1,1119,T
1-PB2,1752,3,1,0,1127,1131,C
1-PB2,1753,0,0,0,1135,1135,C
1-PB2,1754,3,0,0,1123,1126,C
1-PB2,1755,1,5,0,1118,1124,C
1-PB2,1756,1124,0,0,0,1124,A
1-PB2,1757,1122,0,2,0,1124,A
1-PB2,1758,0,1,1138,0,1139,G
1-PB2,1759,0,0,1133,0,1133,G
1-PB2,1760,0,0,0,1131,1131,C
1-PB2,1761,2,1,0,1113,1116,C
1-PB2,1762,1114,0,0,0,1114,A
1-PB2,1763,0,1130,0,5,1135,T
1-PB2,1764,0,1134,0,0,1134,T
1-PB2,1765,1138,0,0,0,1138,A
1-PB2,1766,1,0,1138,0,1139,G
1-PB2,1767,1115,0,3,0,1118,A
1-PB2,1768,1148,0,3,0,1151,A
1-PB2,1769,0,0,1164,0,1164,G
1-PB2,1770,0,0,0,1162,1162,C
1-PB2,1771,0,0,0,1163,1163,C
1-PB2,1772,1158,0,0,0,1158,A
1-PB2,1773,1171,1,1,0,1173,A
1-PB2,1774,0,1178,0,1,1179,T
1-PB2,1775,1183,0,0,1,1184,A
1-PB2,1776,0,0,1,1187,1188,C
1-PB2,1777,1110,0,4,0,1114,A
1-PB2,1778,0,0,1119,0,1119,G
1-PB2,1779,0,1110,0,0,1110,T
1-PB2,1780,1,3,1111,0,1115,G
1-PB2,1781,1,0,1118,0,1119,G
1-PB2,1782,0,2,1110,0,1112,G
1-PB2,1783,1,1099,0,2,1102,T
1-PB2,1784,0,1089,0,0,1089,T
1-PB2,1785,0,1092,0,1,1093,T
1-PB2,1786,0,0,1102,0,1102,G
1-PB2,1787,0,1097,0,1,1098,T
1-PB2,1788,1,1,0,1096,1098,C
1-PB2,1789,1085,0,2,0,1087,A
1-PB2,1790,0,1,1083,0,1084,G
1-PB2,1791,1080,0,0,0,1080,A
1-PB2,1792,1082,0,0,0,1082,A
1-PB2,1793,1,0,0,1079,1080,C
1-PB2,1794,0,1052,0,1,1053,T
1-PB2,1795,0,0,0,1079,1079,C
1-PB2,1796,0,1076,0,1,1077,T
1-PB2,1797,1079,0,0,0,1079,A
1-PB2,1798,0,1080,0,0,1080,T
1-PB2,1799,0,1074,0,3,1077,T
1-PB2,1800,0,0,0,1079,1079,C
1-PB2,1801,1,0,0,1077,1078,C
1-PB2,1802,1074,0,1,0,1075,A
1-PB2,1803,1074,0,1,0,1075,A
1-PB2,1804,0,0,0,1068,1068,C
1-PB2,1805,1055,1,0,0,1056,A
1-PB2,1806,1062,0,0,0,1062,A
1-PB2,1807,1063,1,0,2,1066,A
1-PB2,1808,0,1065,0,0,1065,T
1-PB2,1809,2,0,1062,0,1064,G
1-PB2,1810,1057,1,1,0,1059,A
1-PB2,1811,1,0,1069,0,1070,G
1-PB2,1812,1061,0,2,0,1063,A
1-PB2,1813,0,0,1069,0,1069,G
1-PB2,1814,1065,0,0,0,1065,A
1-PB2,1815,0,0,0,1061,1061,C
1-PB2,1816,0,0,1067,0,1067,G
1-PB2,1817,0,1071,0,1,1072,T
1-PB2,1818,1083,0,0,0,1083,A
1-PB2,1819,0,0,0,1087,1087,C
1-PB2,1820,0,1077,0,1,1078,T
1-PB2,1821,0,1080,0,0,1080,T
1-PB2,1822,0,2,1071,0,1073,G
1-PB2,1823,0,2,1071,0,1073,G
1-PB2,1824,1,1,1073,0,1075,G
1-PB2,1825,1064,3,3,0,1070,A
1-PB2,1826,0,0,0,1073,1073,C
1-PB2,1827,1092,0,0,0,1092,A
1-PB2,1828,0,1086,1,1,1088,T
1-PB2,1829,0,1088,0,0,1088,T
1-PB2,1830,0,1091,0,1,1092,T
1-PB2,1831,1,2,1092,0,1095,G
1-PB2,1832,1093,0,1,0,1094,A
1-PB2,1833,0,0,0,1090,1090,C
1-PB2,1834,1093,0,0,0,1093,A
1-PB2,1835,0,1,0,1099,1100,C
1-PB2,1836,3,0,0,1087,1090,C
1-PB2,1837,1098,0,0,0,1098,A
1-PB2,1838,0,1,0,1100,1101,C
1-PB2,1839,0,1,0,1103,1104,C
1-PB2,1840,4,1,0,1099,1104,C
1-PB2,1841,1098,0,2,0,1100,A
1-PB2,1842,0,1,1109,1,1111,G
1-PB2,1843,1111,1,1,0,1113,A
1-PB2,1844,0,1150,0,0,1150,T
1-PB2,1845,1143,0,2,0,1145,A
1-PB2,1846,1125,0,0,0,1125,A
1-PB2,1847,0,1126,0,0,1126,T
1-PB2,1848,1126,0,1,0,1127,A
1-PB2,1849,1125,0,0,0,1125,A
1-PB2,1850,1116,0,3,0,1119,A
1-PB2,1851,0,0,1123,0,1123,G
1-PB2,1852,0,0,0,1112,1112,C
1-PB2,1853,0,1075,0,3,1078,T
1-PB2,1854,0,1077,0,1,1078,T
1-PB2,1855,0,0,0,1078,1078,C
1-PB2,1856,0,1069,0,1,1070,T
1-PB2,1857,1,0,1,1091,1093,C
1-PB2,1858,0,0,0,1097,1097,C
1-PB2,1859,2,1,0,1101,1104,C
1-PB2,1860,0,1098,0,1,1099,T
1-PB2,1861,0,1095,0,1,1096,T
1-PB2,1862,1,1095,0,2,1098,T
1-PB2,1863,0,1097,0,0,1097,T
1-PB2,1864,0,0,1092,0,1092,G
1-PB2,1865,0,0,0,1098,1098,C
1-PB2,1866,1086,1,2,0,1089,A
1-PB2,1867,0,2,1093,0,1095,G
1-PB2,1868,0,0,0,1096,1096,C
1-PB2,1869,0,1093,0,3,1096,T
1-PB2,1870,0,0,1098,0,1098,G
1-PB2,1871,0,0,0,1097,1097,C
1-PB2,1872,0,1095,0,1,1096,T
1-PB2,1873,1,0,0,1109,1110,C
1-PB2,1874,0,0,0,1113,1113,C
1-PB2,1875,1114,1,0,0,1115,A
1-PB2,1876,1,0,0,1116,1117,C
1-PB2,1877,0,0,0,1111,1111,C
1-PB2,1878,1105,0,0,0,1105,A
1-PB2,1879,1103,0,1,0,1104,A
1-PB2,1880,1102,0,2,0,1104,A
1-PB2,1881,0,0,1113,0,1113,G
1-PB2,1882,0,0,1,1107,1108,C
1-PB2,1883,1095,0,0,0,1095,A
1-PB2,1884,1091,0,1,0,1092,A
1-PB2,1885,1090,0,1,0,1091,A
1-PB2,1886,0,0,1105,0,1105,G
1-PB2,1887,0,0,0,1105,1105,C
1-PB2,1888,1097,0,1,0,1098,A
1-PB2,1889,0,2,1098,0,1100,G
1-PB2,1890,1081,0,3,0,1084,A
1-PB2,1891,1103,0,0,0,1103,A
1-PB2,1892,0,1102,0,2,1104,T
1-PB2,1893,0,0,1097,0,1097,G
1-PB2,1894,0,1,0,1100,1101,C
1-PB2,1895,1079,0,1,0,1080,A
1-PB2,1896,2,0,1083,0,1085,G
1-PB2,1897,0,1086,0,0,1086,T
1-PB2,1898,0,1130,0,1,1131,T
1-PB2,1899,1,0,0,1135,1136,C
1-PB2,1900,0,1119,0,2,1121,T
1-PB2,1901,1,0,0,1136,1137,C
1-PB2,1902,0,1125,0,5,1130,T
1-PB2,1903,0,1127,0,1,1128,T
1-PB2,1904,0,0,0,1134,1134,C
1-PB2,1905,1117,0,1,0,1118,A
1-PB2,1906,0,0,0,1122,1122,C
1-PB2,1907,0,1080,0,3,1083,T
1-PB2,1908,0,6,1090,0,1096,G
1-PB2,1909,1080,1,4,0,1085,A
1-PB2,1910,0,0,0,1109,1109,C
1-PB2,1911,0,1097,0,0,1097,T
1-PB2,1912,1,1,1109,0,1111,G
1-PB2,1913,0,1103,1,0,1104,T
1-PB2,1914,0,1,1110,0,1111,G
1-PB2,1915,1105,0,5,1,1111,A
1-PB2,1916,1110,0,2,0,1112,A
1-PB2,1917,0,1093,0,0,1093,T
1-PB2,1918,1,3,1089,0,1093,G
1-PB2,1919,1,1068,0,3,1072,T
1-PB2,1920,0,0,1076,0,1076,G
1-PB2,1921,1055,0,2,0,1057,A
1-PB2,1922,0,1,1059,0,1060,G
1-PB2,1923,0,7,1041,0,1048,G
1-PB2,1924,0,2,1053,0,1055,G
1-PB2,1925,0,0,1098,0,1098,G
1-PB2,1926,1091,0,3,0,1094,A
1-PB2,1927,0,1091,0,0,1091,T
1-PB2,1928,0,0,0,1094,1094,C
1-PB2,1929,1089,0,2,1,1092,A
1-PB2,1930,0,3,1107,0,1110,G
1-PB2,1931,3,0,1103,0,1106,G
1-PB2,1932,0,0,1109,0,1109,G
1-PB2,1933,1098,0,2,0,1100,A
1-PB2,1934,0,1050,0,1,1051,T
1-PB2,1935,0,1,1054,0,1055,G
1-PB2,1936,1046,0,1,0,1047,A
1-PB2,1937,0,1,1080,0,1081,G
1-PB2,1938,1074,0,0,0,1074,A
1-PB2,1939,1053,0,1,0,1054,A
1-PB2,1940,0,1067,0,0,1067,T
1-PB2,1941,1064,0,0,0,1064,A
1-PB2,1942,0,0,0,1085,1085,C
1-PB2,1943,0,1071,0,1,1072,T
1-PB2,1944,0,1065,0,1,1066,T
1-PB2,1945,1,1,1074,0,1076,G
1-PB2,1946,1,1050,0,0,1051,T
1-PB2,1947,1049,0,0,0,1049,A
1-PB2,1948,1037,0,2,0,1039,A
1-PB2,1949,1,0,1029,0,1030,G
1-PB2,1950,1,0,1035,0,1036,G
1-PB2,1951,0,0,1029,0,1029,G
1-PB2,1952,0,0,1030,0,1030,G
1-PB2,1953,0,0,0,1033,1033,C
1-PB2,1954,1030,0,1,0,1031,A
1-PB2,1955,1047,0,1,0,1048,A
1-PB2,1956,0,1047,0,0,1047,T
1-PB2,1957,0,1045,0,3,1048,T
1-PB2,1958,0,0,0,1073,1073,C
1-PB2,1959,0,1057,0,1,1058,T
1-PB2,1960,1,0,0,1067,1068,C
1-PB2,1961,1,0,0,1071,1072,C
1-PB2,1962,0,1062,3,2,1067,T
1-PB2,1963,0,0,1091,0,1091,G
1-PB2,1964,0,1074,0,1,1075,T
1-PB2,1965,1080,1,0,0,1081,A
1-PB2,1966,0,1082,0,1,1083,T
1-PB2,1967,0,1063,0,2,1065,T
1-PB2,1968,1,0,0,1069,1070,C
1-PB2,1969,1057,0,1,0,1058,A
1-PB2,1970,1067,1,1,1,1070,A
1-PB2,1971,0,0,0,1071,1071,C
1-PB2,1972,0,1057,0,0,1057,T
1-PB2,1973,1060,1,0,1,1062,A
1-PB2,1974,0,0,0,1081,1081,C
1-PB2,1975,1084,0,0,0,1084,A
1-PB2,1976,1083,0,1,0,1084,A
1-PB2,1977,0,0,0,1083,1083,C
1-PB2,1978,1077,0,0,0,1077,A
1-PB2,1979,1068,0,2,0,1070,A
1-PB2,1980,0,2,1068,0,1070,G
1-PB2,1981,1071,0,0,0,1071,A
1-PB2,1982,0,2,0,1071,1073,C
1-PB2,1983,4,0,0,1040,1044,C
1-PB2,1984,1050,0,0,1,1051,A
1-PB2,1985,0,0,0,1079,1079,C
1-PB2,1986,0,1080,0,0,1080,T
1-PB2,1987,1079,0,1,0,1080,A
1-PB2,1988,1075,0,0,0,1075,A
1-PB2,1989,1075,0,0,0,1075,A
1-PB2,1990,1071,0,4,0,1075,A
1-PB2,1991,0,3,1083,0,1086,G
1-PB2,1992,1074,0,0,0,1074,A
1-PB2,1993,0,1,0,1074,1075,C
1-PB2,1994,0,1049,0,2,1051,T
1-PB2,1995,1052,0,0,0,1052,A
1-PB2,1996,1051,0,1,0,1052,A
1-PB2,1997,0,0,0,1050,1050,C
1-PB2,1998,1045,0,2,0,1047,A
1-PB2,1999,1047,0,0,1,1048,A
1-PB2,2000,1,1030,0,2,1033,T
1-PB2,2001,0,1027,0,0,1027,T
1-PB2,2002,1,0,0,1031,1032,C
1-PB2,2003,0,1021,0,0,1021,T
1-PB2,2004,2,2,0,1026,1030,C
1-PB2,2005,0,0,1028,0,1028,G
1-PB2,2006,0,0,1029,0,1029,G
1-PB2,2007,1027,0,2,0,1029,A
1-PB2,2008,1025,0,2,0,1027,A
1-PB2,2009,1025,0,0,0,1025,A
1-PB2,2010,1020,2,0,0,1022,A
1-PB2,2011,0,0,1024,0,1024,G
1-PB2,2012,1019,0,3,0,1022,A
1-PB2,2013,0,1022,1,0,1023,T
1-PB2,2014,0,0,1023,0,1023,G
1-PB2,2015,0,0,0,1020,1020,C
1-PB2,2016,1,2,0,1019,1022,C
1-PB2,2017,0,1,1021,0,1022,G
1-PB2,2018,0,1,1023,0,1024,G
1-PB2,2019,0,0,0,1025,1025,C
1-PB2,2020,1024,0,0,0,1024,A
1-PB2,2021,0,0,0,1063,1063,C
1-PB2,2022,0,1059,0,0,1059,T
1-PB2,2023,0,1057,0,1,1058,T
1-PB2,2024,0,1063,0,0,1063,T
1-PB2,2025,1062,0,0,0,1062,A
1-PB2,2026,1058,0,1,0,1059,A
1-PB2,2027,0,1061,0,0,1061,T
1-PB2,2028,979,1,0,0,980,A
1-PB2,2029,1,1,986,0,988,G
1-PB2,2030,985,0,0,1,986,A
1-PB2,2031,985,2,2,0,989,A
1-PB2,2032,0,1,990,1,992,G
1-PB2,2033,999,0,2,0,1001,A
1-PB2,2034,1,2,0,1000,1003,C
1-PB2,2035,1,1,0,994,996,C
1-PB2,2036,0,0,0,996,996,C
1-PB2,2037,994,0,1,0,995,A
1-PB2,2038,1,1,1008,0,1010,G
1-PB2,2039,1006,0,1,0,1007,A
1-PB2,2040,0,1007,0,2,1009,T
1-PB2,2041,1,0,1007,0,1008,G
1-PB2,2042,987,0,3,0,990,A
1-PB2,2043,993,0,1,0,994,A
1-PB2,2044,996,0,0,0,996,A
1-PB2,2045,0,1,997,1,999,G
1-PB2,2046,0,0,0,995,995,C
1-PB2,2047,983,0,1,0,984,A
1-PB2,2048,0,1,0,992,993,C
1-PB2,2049,993,0,3,0,996,A
1-PB2,2050,1,986,0,2,989,T
1-PB2,2051,1,0,0,1003,1004,C
1-PB2,2052,3,0,0,1000,1003,C
1-PB2,2053,1,3,1005,0,1009,G
1-PB2,2054,0,0,1009,0,1009,G
1-PB2,2055,1002,0,1,1,1004,A
1-PB2,2056,1,0,1007,0,1008,G
1-PB2,2057,0,995,0,1,996,T
1-PB2,2058,0,1,995,0,996,G
1-PB2,2059,0,1,993,1,995,G
1-PB2,2060,985,0,2,0,987,A
1-PB2,2061,1,0,992,0,993,G
1-PB2,2062,0,977,0,0,977,T
1-PB2,2063,2,0,0,970,972,C
1-PB2,2064,2,1,0,966,969,C
1-PB2,2065,3,0,966,0,969,G
1-PB2,2066,1,0,0,964,965,C
1-PB2,2067,2,1,0,959,962,C
1-PB2,2068,1,1,974,0,976,G
1-PB2,2069,0,965,0,2,967,T
1-PB2,2070,0,0,0,980,980,C
1-PB2,2071,0,978,0,0,978,T
1-PB2,2072,0,978,0,0,978,T
1-PB2,2073,0,1,978,0,979,G
1-PB2,2074,970,0,1,0,971,A
1-PB2,2075,0,1,973,0,974,G
1-PB2,2076,960,0,3,0,963,A
1-PB2,2077,1,0,948,0,949,G
1-PB2,2078,0,1,947,0,948,G
1-PB2,2079,0,0,944,0,944,G
1-PB2,2080,0,937,0,0,937,T
1-PB2,2081,0,931,0,1,932,T
1-PB2,2082,1,935,0,1,937,T
1-PB2,2083,1,0,0,938,939,C
1-PB2,2084,0,935,0,1,936,T
1-PB2,2085,2,1,0,955,958,C
1-PB2,2086,958,0,0,0,958,A
1-PB2,2087,0,941,0,2,943,T
1-PB2,2088,0,939,0,0,939,T
1-PB2,2089,940,0,1,0,941,A
1-PB2,2090,0,942,0,1,943,T
1-PB2,2091,928,0,2,0,930,A
1-PB2,2092,0,2,931,0,933,G
1-PB2,2093,0,0,933,0,933,G
1-PB2,2094,0,886,0,1,887,T
1-PB2,2095,881,0,0,1,882,A
1-PB2,2096,875,0,1,0,876,A
1-PB2,2097,1,0,877,0,878,G
1-PB2,2098,0,0,880,0,880,G
1-PB2,2099,871,0,0,0,871,A
1-PB2,2100,851,0,3,0,854,A
1-PB2,2101,1,0,853,0,854,G
1-PB2,2102,843,1,2,0,846,A
1-PB2,2103,0,1,0,847,848,C
1-PB2,2104,844,0,0,0,844,A
1-PB2,2105,0,0,845,0,845,G
1-PB2,2106,839,0,2,0,841,A
1-PB2,2107,836,0,1,0,837,A
1-PB2,2108,0,0,843,0,843,G
1-PB2,2109,837,0,2,0,839,A
1-PB2,2110,0,836,0,0,836,T
1-PB2,2111,836,0,0,0,836,A
1-PB2,2112,0,1,0,833,834,C
1-PB2,2113,0,2,821,0,823,G
1-PB2,2114,0,1,829,0,830,G
1-PB2,2115,829,0,0,0,829,A
1-PB2,2116,0,0,0,825,825,C
1-PB2,2117,1,0,0,823,824,C
1-PB2,2118,811,0,1,1,813,A
1-PB2,2119,0,0,833,0,833,G
1-PB2,2120,0,1,0,835,836,C
1-PB2,2121,836,0,0,0,836,A
1-PB2,2122,0,834,0,0,834,T
1-PB2,2123,0,808,0,0,808,T
1-PB2,2124,807,0,0,0,807,A
1-PB2,2125,803,0,1,0,804,A
1-PB2,2126,0,0,803,0,803,G
1-PB2,2127,0,1,0,800,801,C
1-PB2,2128,745,0,0,0,745,A
1-PB2,2129,0,758,0,0,758,T
1-PB2,2130,1,0,0,754,755,C
1-PB2,2131,757,0,1,0,758,A
1-PB2,2132,759,0,0,0,759,A
1-PB2,2133,0,755,0,1,756,T
1-PB2,2134,0,0,758,0,758,G
1-PB2,2135,751,0,2,0,753,A
1-PB2,2136,751,0,3,0,754,A
1-PB2,2137,0,0,0,757,757,C
1-PB2,2138,0,717,0,2,719,T
1-PB2,2139,0,1,729,0,730,G
1-PB2,2140,724,0,1,0,725,A
1-PB2,2141,0,0,728,0,728,G
1-PB2,2142,0,726,0,0,726,T
1-PB2,2143,712,0,0,0,712,A
1-PB2,2144,712,0,1,0,713,A
1-PB2,2145,1,0,0,711,712,C
1-PB2,2146,0,0,0,688,688,C
1-PB2,2147,0,689,0,0,689,T
1-PB2,2148,0,662,0,0,662,T
1-PB2,2149,1,0,664,0,665,G
1-PB2,2150,0,0,0,665,665,C
1-PB2,2151,665,0,0,0,665,A
1-PB2,2152,666,0,0,0,666,A
1-PB2,2153,654,0,0,0,654,A
1-PB2,2154,646,0,1,0,647,A
1-PB2,2155,0,2,649,0,651,G
1-PB2,2156,0,0,653,0,653,G
1-PB2,2157,0,2,647,0,649,G
1-PB2,2158,0,0,652,0,652,G
1-PB2,2159,650,0,1,0,651,A
1-PB2,2160,651,0,0,0,651,A
1-PB2,2161,650,0,1,0,651,A
1-PB2,2162,644,0,5,0,649,A
1-PB2,2163,0,0,648,0,648,G
1-PB2,2164,0,0,651,0,651,G
1-PB2,2165,0,0,0,642,642,C
1-PB2,2166,0,639,0,2,641,T
1-PB2,2167,639,0,0,0,639,A
1-PB2,2168,636,0,1,0,637,A
1-PB2,2169,0,636,0,0,636,T
1-PB2,2170,0,0,639,0,639,G
1-PB2,2171,0,617,0,1,618,T
1-PB2,2172,0,0,615,0,615,G
1-PB2,2173,0,0,0,612,612,C
1-PB2,2174,0,607,0,0,607,T
1-PB2,2175,607,0,1,0,608,A
1-PB2,2176,606,0,0,0,606,A
1-PB2,2177,0,600,0,0,600,T
1-PB2,2178,0,0,0,601,601,C
1-PB2,2179,0,3,574,0,577,G
1-PB2,2180,0,1,578,0,579,G
1-PB2,2181,0,0,579,0,579,G
1-PB2,2182,0,0,0,578,578,C
1-PB2,2183,578,0,0,0,578,A
1-PB2,2184,571,0,0,0,571,A
1-PB2,2185,0,0,571,0,571,G
1-PB2,2186,0,1,573,0,574,G
1-PB2,2187,572,0,0,0,572,A
1-PB2,2188,0,1,567,0,568,G
1-PB2,2189,555,0,1,0,556,A
1-PB2,2190,0,1,0,554,555,C
1-PB2,2191,0,0,554,0,554,G
1-PB2,2192,0,550,0,0,550,T
1-PB2,2193,0,0,546,0,546,G
1-PB2,2194,0,0,546,0,546,G
1-PB2,2195,0,534,0,0,534,T
1-PB2,2196,0,0,534,0,534,G
1-PB2,2197,0,518,0,0,518,T
1-PB2,2198,1,504,1,1,507,T
1-PB2,2199,0,0,510,0,510,G
1-PB2,2200,0,0,507,0,507,G
1-PB2,2201,0,505,1,1,507,T
1-PB2,2202,497,0,0,0,497,A
1-PB2,2203,489,0,0,0,489,A
1-PB2,2204,0,481,0,0,481,T
1-PB2,2205,0,0,473,0,473,G
1-PB2,2206,468,0,0,0,468,A
1-PB2,2207,463,0,1,0,464,A
1-PB2,2208,464,0,0,0,464,A
1-PB2,2209,0,0,0,460,460,C
1-PB2,2210,0,0,462,0,462,G
1-PB2,2211,459,0,1,0,460,A
1-PB2,2212,461,0,0,0,461,A
1-PB2,2213,459,0,1,0,460,A
1-PB2,2214,460,0,1,0,461,A
1-PB2,2215,0,0,0,461,461,C
1-PB2,2216,1,2,453,0,456,G
1-PB2,2217,0,0,461,0,461,G
1-PB2,2218,0,1,459,0,460,G
1-PB2,2219,458,0,0,0,458,A
1-PB2,2220,0,0,0,459,459,C
1-PB2,2221,0,452,0,0,452,T
1-PB2,2222,0,0,0,459,459,C
1-PB2,2223,1,456,0,1,458,T
1-PB2,2224,457,0,1,0,458,A
1-PB2,2225,0,0,455,0,455,G
1-PB2,2226,0,0,1,454,455,C
1-PB2,2227,455,0,0,0,455,A
1-PB2,2228,0,450,0,0,450,T
1-PB2,2229,438,0,0,0,438,A
1-PB2,2230,1,0,0,438,439,C
1-PB2,2231,0,386,0,1,387,T
1-PB2,2232,0,386,0,1,387,T
1-PB2,2233,386,0,0,0,386,A
1-PB2,2234,0,0,1,381,382,C
1-PB2,2235,0,375,0,0,375,T
1-PB2,2236,0,1,373,0,374,G
1-PB2,2237,368,0,0,0,368,A
1-PB2,2238,0,0,0,369,369,C
1-PB2,2239,338,0,1,0,339,A
1-PB2,2240,0,0,338,0,338,G
1-PB2,2241,0,0,0,336,336,C
1-PB2,2242,0,0,0,338,338,C
1-PB2,2243,340,0,0,0,340,A
1-PB2,2244,0,0,340,0,340,G
1-PB2,2245,335,0,0,0,335,A
1-PB2,2246,0,0,0,334,334,C
1-PB2,2247,302,1,1,0,304,A
1-PB2,2248,1,0,302,0,303,G
1-PB2,2249,0,0,0,280,280,C
1-PB2,2250,0,0,281,0,281,G
1-PB2,2251,280,0,0,0,280,A
1-PB2,2252,0,0,0,277,277,C
1-PB2,2253,0,1,0,276,277,C
1-PB2,2254,279,0,0,0,279,A
1-PB2,2255,278,0,1,0,279,A
1-PB2,2256,277,0,0,0,277,A
1-PB2,2257,276,0,2,0,278,A
1-PB2,2258,0,0,279,0,279,G
1-PB2,2259,269,0,0,0,269,A
1-PB2,2260,268,0,1,0,269,A
1-PB2,2261,0,266,0,0,266,T
1-PB2,2262,0,266,0,0,266,T
1-PB2,2263,0,1,0,267,268,C
1-PB2,2264,1,0,263,0,264,G
1-PB2,2265,0,0,264,0,264,G
1-PB2,2266,262,0,1,0,263,A
1-PB2,2267,0,251,0,1,252,T
1-PB2,2268,0,2,253,0,255,G
1-PB2,2269,0,0,254,0,254,G
1-PB2,2270,1,0,0,252,253,C
1-PB2,2271,1,0,0,250,251,C
1-PB2,2272,253,0,0,0,253,A
1-PB2,2273,0,252,0,0,252,T
1-PB2,2274,0,0,0,252,252,C
1-PB2,2275,252,0,1,0,253,A
1-PB2,2276,252,0,0,0,252,A
1-PB2,2277,0,250,0,0,250,T
1-PB2,2278,0,217,0,0,217,T
1-PB2,2279,210,0,0,0,210,A
1-PB2,2280,208,0,0,0,208,A
2-PB1,1,109,0,0,0,109,A
2-PB1,2,0,110,0,0,110,T
2-PB1,3,0,0,113,0,113,G
2-PB1,4,0,0,117,0,117,G
2-PB1,5,128,0,1,0,129,A
2-PB1,6,0,139,0,1,140,T
2-PB1,7,0,0,141,0,141,G
2-PB1,8,0,143,0,0,143,T
2-PB1,9,0,0,0,149,149,C
2-PB1,10,151,0,0,0,151,A
2-PB1,11,154,0,0,0,154,A
2-PB1,12,0,155,0,1,156,T
2-PB1,13,0,0,0,157,157,C
2-PB1,14,0,0,0,169,169,C
2-PB1,15,0,0,173,0,173,G
2-PB1,16,199,0,0,0,199,A
2-PB1,17,0,1,0,203,204,C
2-PB1,18,0,203,0,1,204,T
2-PB1,19,0,0,0,236,236,C
2-PB1,20,0,235,0,0,235,T
2-PB1,21,238,0,0,0,238,A
2-PB1,22,0,1,0,238,239,C
2-PB1,23,0,239,0,0,239,T
2-PB1,24,0,0,260,0,260,G
2-PB1,25,0,262,0,0,262,T
2-PB1,26,0,261,0,1,262,T
2-PB1,27,0,0,0,262,262,C
2-PB1,28,0,0,0,261,261,C
2-PB1,29,0,307,0,0,307,T
2-PB1,30,307,0,0,0,307,A
2-PB1,31,306,0,0,0,306,A
2-PB1,32,313,0,0,0,313,A
2-PB1,33,0,0,313,0,313,G
2-PB1,34,0,0,316,0,316,G
2-PB1,35,0,315,0,1,316,T
2-PB1,36,0,316,0,1,317,T
2-PB1,37,1,0,0,317,318,C
2-PB1,38,0,0,0,318,318,C
2-PB1,39,318,0,0,0,318,A
2-PB1,40,0,0,320,0,320,G
2-PB1,41,0,0,0,321,321,C
2-PB1,42,0,0,321,0,321,G
2-PB1,43,1,0,0,319,320,C
2-PB1,44,321,0,0,0,321,A
2-PB1,45,321,0,0,0,321,A
2-PB1,46,324,0,0,0,324,A
2-PB1,47,324,0,0,0,324,A
2-PB1,48,0,325,0,0,325,T
2-PB1,49,0,0,335,0,335,G
2-PB1,50,1,0,0,335,336,C
2-PB1,51,0,0,0,337,337,C
2-PB1,52,339,0,0,0,339,A
2-PB1,53,0,340,0,0,340,T
2-PB1,54,365,0,0,0,365,A
2-PB1,55,364,0,1,0,365,A
2-PB1,56,0,1,376,0,377,G
2-PB1,57,0,0,0,379,379,C
2-PB1,58,377,0,0,0,377,A
2-PB1,59,0,0,0,390,390,C
2-PB1,60,390,0,1,0,391,A
2-PB1,61,412,0,0,0,412,A
2-PB1,62,0,0,0,412,412,C
2-PB1,63,414,0,0,0,414,A
2-PB1,64,0,421,0,0,421,T
2-PB1,65,0,418,0,0,418,T
2-PB1,66,0,0,0,507,507,C
2-PB1,67,0,0,0,511,511,C
2-PB1,68,0,0,0,515,515,C
2-PB1,69,0,515,0,1,516,T
2-PB1,70,0,511,0,0,511,T
2-PB1,71,548,0,0,0,548,A
2-PB1,72,0,547,0,1,548,T
2-PB1,73,548,0,0,0,548,A
2-PB1,74,1,0,0,550,551,C
2-PB1,75,0,539,0,3,542,T
2-PB1,76,0,1,553,0,554,G
2-PB1,77,0,1,557,0,558,G
2-PB1,78,555,0,1,0,556,A
2-PB1,79,0,0,554,0,554,G
2-PB1,80,555,0,0,0,555,A
2-PB1,81,1,557,0,0,558,T
2-PB1,82,0,0,0,584,584,C
2-PB1,83,1,0,0,586,587,C
2-PB1,84,1,590,0,0,591,T
2-PB1,85,0,0,0,632,632,C
2-PB1,86,2,0,0,634,636,C
2-PB1,87,644,0,0,0,644,A
2-PB1,88,0,642,0,2,644,T
2-PB1,89,643,0,0,0,643,A
2-PB1,90,0,0,0,642,642,C
2-PB1,91,636,1,1,0,638,A
2-PB1,92,0,0,659,0,659,G
2-PB1,93,0,0,0,665,665,C
2-PB1,94,1,0,0,659,660,C
2-PB1,95,663,0,1,0,664,A
2-PB1,96,0,667,0,0,667,T
2-PB1,97,1,1,663,0,665,G
2-PB1,98,0,1,700,0,701,G
2-PB1,99,702,0,0,0,702,A
2-PB1,100,705,0,0,0,705,A
2-PB1,101,0,0,0,705,705,C
2-PB1,102,703,0,1,0,704,A
2-PB1,103,0,0,717,0,717,G
2-PB1,104,0,4,719,0,723,G
2-PB1,105,721,0,2,0,723,A
2-PB1,106,729,0,2,0,731,A
2-PB1,107,0,0,0,736,736,C
2-PB1,108,745,0,0,0,745,A
2-PB1,109,0,3,838,0,841,G
2-PB1,110,0,1,845,0,846,G
2-PB1,111,0,0,863,0,863,G
2-PB1,112,0,858,0,1,859,T
2-PB1,113,861,0,0,0,861,A
2-PB1,114,0,1,0,867,868,C
2-PB1,115,891,0,2,0,893,A
2-PB1,116,1,0,0,915,916,C
2-PB1,117,1,0,0,913,914,C
2-PB1,118,894,1,0,0,895,A
2-PB1,119,0,896,0,0,896,T
2-PB1,120,2,3,895,0,900,G
2-PB1,121,1,1,900,0,902,G
2-PB1,122,901,0,3,0,904,A
2-PB1,123,0,0,0,906,906,C
2-PB1,124,895,0,0,0,895,A
2-PB1,125,0,0,0,912,912,C
2-PB1,126,913,1,1,0,915,A
2-PB1,127,0,0,935,0,935,G
2-PB1,128,0,932,0,1,933,T
2-PB1,129,1,1,0,961,963,C
2-PB1,130,960,1,0,0,961,A
2-PB1,131,970,0,1,0,971,A
2-PB1,132,0,0,0,971,971,C
2-PB1,133,974,0,0,0,974,A
2-PB1,134,0,2,986,0,988,G
2-PB1,135,976,0,0,0,976,A
2-PB1,136,975,0,1,0,976,A
2-PB1,137,0,0,0,977,977,C
2-PB1,138,960,0,2,0,962,A
2-PB1,139,0,0,0,985,985,C
2-PB1,140,982,0,1,0,983,A
2-PB1,141,0,1,0,1029,1030,C
2-PB1,142,1,1,0,1027,1029,C
2-PB1,143,1021,0,1,0,1022,A
2-PB1,144,1028,0,0,1,1029,A
2-PB1,145,0,1065,0,0,1065,T
2-PB1,146,1103,0,0,0,1103,A
2-PB1,147,0,1099,1,0,1100,T
2-PB1,148,0,1091,0,1,1092,T
2-PB1,149,1,0,0,1090,1091,C
2-PB1,150,1075,1,2,0,1078,A
2-PB1,151,1,2,1078,0,1081,G
2-PB1,152,1074,0,1,0,1075,A
2-PB1,153,0,2,1072,0,1074,G
2-PB1,154,1069,0,1,0,1070,A
2-PB1,155,2,2,1050,0,1054,G
2-PB1,156,1,1,1049,0,1051,G
2-PB1,157,1,2,1085,0,1088,G
2-PB1,158,0,1,1087,0,1088,G
2-PB1,159,1,0,1094,0,1095,G
2-PB1,160,1092,0,0,1,1093,A
2-PB1,161,1096,0,0,0,1096,A
2-PB1,162,1,0,1098,0,1099,G
2-PB1,163,0,1093,0,1,1094,T
2-PB1,164,0,0,1088,0,1088,G
2-PB1,165,0,0,1091,0,1091,G
2-PB1,166,1090,0,2,0,1092,A
2-PB1,167,0,0,0,1096,1096,C
2-PB1,168,0,2,1100,0,1102,G
2-PB1,169,1107,0,2,0,1109,A
2-PB1,170,0,0,0,1118,1118,C
2-PB1,171,1117,0,1,0,1118,A
2-PB1,172,1119,0,0,0,1119,A
2-PB1,173,1118,0,3,0,1121,A
2-PB1,174,0,1133,0,2,1135,T
2-PB1,175,1142,0,0,0,1142,A
2-PB1,176,1,0,0,1141,1142,C
2-PB1,177,1128,1,3,1,1133,A
2-PB1,178,0,2,1133,0,1135,G
2-PB1,179,1130,0,1,0,1131,A
2-PB1,180,1135,1,0,0,1136,A
2-PB1,181,1140,0,0,0,1140,A
2-PB1,182,0,0,0,1141,1141,C
2-PB1,183,0,1130,0,0,1130,T
2-PB1,184,0,4,1125,0,1129,G
2-PB1,185,3,2,1128,0,1133,G
2-PB1,186,1,1,1127,1,1130,G
2-PB1,187,2,1,1127,0,1130,G
2-PB1,188,0,0,0,1129,1129,C
2-PB1,189,1133,0,1,0,1134,A
2-PB1,190,1,0,0,1181,1182,C
2-PB1,191,2,0,0,1173,1175,C
2-PB1,192,3,1,0,1179,1183,C
2-PB1,193,0,0,0,1183,1183,C
2-PB1,194,1188,2,1,0,1191,A
2-PB1,195,1199,0,1,0,1200,A
2-PB1,196,1,0,0,1197,1198,C
2-PB1,197,1,1192,0,0,1193,T
2-PB1,198,0,0,0,1206,1206,C
2-PB1,199,1182,0,0,0,1182,A
2-PB1,200,1205,1,0,0,1206,A
2-PB1,201,0,1,0,1202,1203,C
2-PB1,202,0,0,0,1205,1205,C
2-PB1,203,3,0,0,1203,1206,C
2-PB1,204,1207,0,0,0,1207,A
2-PB1,205,1209,0,0,0,1209,A
2-PB1,206,0,1216,0,0,1216,T
2-PB1,207,0,1222,0,0,1222,T
2-PB1,208,0,2,1225,0,1227,G
2-PB1,209,1217,0,2,0,1219,A
2-PB1,210,0,1216,0,2,1218,T
2-PB1,211,1,1,1211,0,1213,G
2-PB1,212,1,1,1230,0,1232,G
2-PB1,213,1236,0,0,0,1236,A
2-PB1,214,1,1,0,1237,1239,C
2-PB1,215,5,3,0,1230,1238,C
2-PB1,216,1237,0,0,0,1237,A
2-PB1,217,0,0,0,1263,1263,C
2-PB1,218,0,1263,0,0,1263,T
2-PB1,219,1289,1,2,0,1292,A
2-PB1,220,0,0,0,1308,1308,C
2-PB1,221,0,0,0,1303,1303,C
2-PB1,222,0,1279,0,2,1281,T
2-PB1,223,0,3,1292,0,1295,G
2-PB1,224,1292,1,0,0,1293,A
2-PB1,225,0,0,1297,0,1297,G
2-PB1,226,0,0,1292,0,1292,G
2-PB1,227,1290,1,6,0,1297,A
2-PB1,228,0,1294,0,0,1294,T
2-PB1,229,1279,0,1,0,1280,A
2-PB1,230,1280,0,2,0,1282,A
2-PB1,231,0,1280,0,0,1280,T
2-PB1,232,0,2,1285,0,1287,G
2-PB1,233,1288,0,1,0,1289,A
2-PB1,234,1284,0,1,1,1286,A
2-PB1,235,1,0,0,1282,1283,C
2-PB1,236,1,0,0,1269,1270,C
2-PB1,237,1274,0,1,0,1275,A
2-PB1,238,1281,0,1,0,1282,A
2-PB1,239,0,0,1291,0,1291,G
2-PB1,240,0,1294,0,1,1295,T
2-PB1,241,1,1,1293,0,1295,G
2-PB1,242,0,0,1316,0,1316,G
2-PB1,243,1315,0,1,1,1317,A
2-PB1,244,0,1309,0,1,1310,T
2-PB1,245,1312,1,2,0,1315,A
2-PB1,246,0,1335,0,1,1336,T
2-PB1,247,1,0,1347,0,1348,G
2-PB1,248,1,0,0,1348,1349,C
2-PB1,249,1344,0,1,0,1345,A
2-PB1,250,0,1,0,1377,1378,C
2-PB1,251,1364,0,0,0,1364,A
2-PB1,252,1380,0,1,0,1381,A
2-PB1,253,1375,1,1,0,1377,A
2-PB1,254,0,1,0,1378,1379,C
2-PB1,255,1343,0,2,0,1345,A
2-PB1,256,0,2,1354,0,1356,G
2-PB1,257,1349,0,2,0,1351,A
2-PB1,258,0,1,0,1357,1358,C
2-PB1,259,0,1332,0,1,1333,T
2-PB1,260,0,1,1366,0,1367,G
2-PB1,261,0,1350,1,2,1353,T
2-PB1,262,0,1,1403,0,1404,G
2-PB1,263,0,1399,0,3,1402,T
2-PB1,264,2,0,0,1403,1405,C
2-PB1,265,0,1,0,1402,1403,C
2-PB1,266,0,1393,0,2,1395,T
2-PB1,267,0,0,1388,1,1389,G
2-PB1,268,2,0,1384,0,1386,G
2-PB1,269,1366,0,1,0,1367,A
2-PB1,270,2,1,1385,0,1388,G
2-PB1,271,1,0,1369,0,1370,G
2-PB1,272,0,0,0,1382,1382,C
2-PB1,273,0,1377,1,2,1380,T
2-PB1,274,1375,0,3,0,1378,A
2-PB1,275,0,1379,0,2,1381,T
2-PB1,276,0,0,1381,0,1381,G
2-PB1,277,0,0,1380,0,1380,G
2-PB1,278,0,0,0,1377,1377,C
2-PB1,279,0,0,0,1371,1371,C
2-PB1,280,0,1352,0,7,1359,T
2-PB1,281,0,1423,0,0,1423,T
2-PB1,282,0,0,0,1428,1428,C
2-PB1,283,0,0,0,1429,1429,C
2-PB1,284,0,1431,0,1,1432,T
2-PB1,285,1,1427,0,2,1430,T
2-PB1,286,0,1,1433,0,1434,G
2-PB1,287,1436,1,0,0,1437,A
2-PB1,288,1432,1,1,0,1434,A
2-PB1,289,0,1,1438,0,1439,G
2-PB1,290,1395,0,1,0,1396,A
2-PB1,291,1408,0,1,0,1409,A
2-PB1,292,0,1402,0,1,1403,T
2-PB1,293,1,2,0,1405,1408,C
2-PB1,294,1,0,0,1412,1413,C
2-PB1,295,2,0,0,1406,1408,C
2-PB1,296,1410,0,1,0,1411,A
2-PB1,297,0,0,0,1413,1413,C
2-PB1,298,2,1,0,1411,1414,C
2-PB1,299,1,0,0,1411,1412,C
2-PB1,300,1401,0,1,0,1402,A
2-PB1,301,0,2,1419,0,1421,G
2-PB1,302,1,2,1422,0,1425,G
2-PB1,303,0,1420,1,1,1422,T
2-PB1,304,1423,2,0,0,1425,A
2-PB1,305,0,1418,0,0,1418,T
2-PB1,306,1,0,0,1418,1419,C
2-PB1,307,0,1424,0,1,1425,T
2-PB1,308,1,1426,0,1,1428,T
2-PB1,309,0,1417,0,2,1419,T
2-PB1,310,1,1,1414,0,1416,G
2-PB1,311,1407,0,1,0,1408,A
2-PB1,312,0,3,1406,0,1409,G
2-PB1,313,1373,0,1,23,1397,A
2-PB1,314,1398,2,2,0,1402,A
2-PB1,315,3,1,0,1413,1417,C
2-PB1,316,1,1403,0,2,1406,T
2-PB1,317,1,1,0,1405,1407,C
2-PB1,318,1400,1,2,0,1403,A
2-PB1,319,1,1403,0,2,1406,T
2-PB1,320,0,0,1406,0,1406,G
2-PB1,321,0,1,0,1430,1431,C
2-PB1,322,1,1,0,1429,1431,C
2-PB1,323,0,1431,0,0,1431,T
2-PB1,324,0,1415,1,2,1418,T
2-PB1,325,0,2,1426,0,1428,G
2-PB1,326,1428,2,1,0,1431,A
2-PB1,327,1434,0,1,0,1435,A
2-PB1,328,1432,1,3,0,1436,A
2-PB1,329,0,2,0,1447,1449,C
2-PB1,330,1418,0,1,0,1419,A
2-PB1,331,1424,0,2,0,1426,A
2-PB1,332,0,1426,0,2,1428,T
2-PB1,333,0,1,1424,1,1426,G
2-PB1,334,0,0,1423,1,1424,G
2-PB1,335,1406,1,1,0,1408,A
2-PB1,336,1409,2,0,0,1411,A
2-PB1,337,12,0,1395,0,1407,G
2-PB1,338,1,0,0,1410,1411,C
2-PB1,339,2,0,0,1398,1400,C
2-PB1,340,0,0,1419,0,1419,G
2-PB1,341,0,1409,0,1,1410,T
2-PB1,342,1,1412,0,2,1415,T
2-PB1,343,0,0,0,1427,1427,C
2-PB1,344,1424,0,1,0,1425,A
2-PB1,345,1434,0,4,0,1438,A
2-PB1,346,0,1,0,1437,1438,C
2-PB1,347,1422,1,3,0,1426,A
2-PB1,348,3,0,1435,0,1438,G
2-PB1,349,1419,0,1,0,1420,A
2-PB1,350,0,2,0,1419,1421,C
2-PB1,351,1421,0,1,0,1422,A
2-PB1,352,1423,0,0,1,1424,A
2-PB1,353,1,4,1442,0,1447,G
2-PB1,354,0,1,1439,0,1440,G
2-PB1,355,1,1,1433,0,1435,G
2-PB1,356,0,1417,0,2,1419,T
2-PB1,357,0,2,1410,0,1412,G
2-PB1,358,0,1,1414,0,1415,G
2-PB1,359,1411,0,3,0,1414,A
2-PB1,360,0,1,0,1411,1412,C
2-PB1,361,1395,0,2,0,1397,A
2-PB1,362,1410,1,1,0,1412,A
2-PB1,363,1411,1,3,0,1415,A
2-PB1,364,0,0,0,1416,1416,C
2-PB1,365,0,1412,0,1,1413,T
2-PB1,366,1409,0,0,0,1409,A
2-PB1,367,1413,0,1,0,1414,A
2-PB1,368,1,0,0,1409,1410,C
2-PB1,369,0,0,0,1416,1416,C
2-PB1,370,4,1,1,1411,1417,C
2-PB1,371,1391,0,1,0,1392,A
2-PB1,372,1388,1,1,0,1390,A
2-PB1,373,0,0,1394,0,1394,G
2-PB1,374,1,1,1389,0,1391,G
2-PB1,375,0,1396,0,0,1396,T
2-PB1,376,1,0,0,1384,1385,C
2-PB1,377,2,0,1380,0,1382,G
2-PB1,378,1,0,0,1380,1381,C
2-PB1,379,0,0,0,1383,1383,C
2-PB1,380,1380,1,2,0,1383,A
2-PB1,381,0,1,1412,0,1413,G
2-PB1,382,1422,0,5,0,1427,A
2-PB1,383,0,0,0,1428,1428,C
2-PB1,384,0,1422,0,2,1424,T
2-PB1,385,0,1419,0,0,1419,T
2-PB1,386,1425,0,0,0,1425,A
2-PB1,387,1,1430,0,2,1433,T
2-PB1,388,0,1,1430,2,1433,G
2-PB1,389,1429,2,0,0,1431,A
2-PB1,390,0,1410,0,2,1412,T
2-PB1,391,0,1388,0,0,1388,T
2-PB1,392,0,2,1384,0,1386,G
2-PB1,393,0,1,1383,0,1384,G
2-PB1,394,1389,0,4,0,1393,A
2-PB1,395,1,0,0,1390,1391,C
2-PB1,396,1374,1,0,0,1375,A
2-PB1,397,0,1364,0,0,1364,T
2-PB1,398,0,1376,0,0,1376,T
2-PB1,399,1379,0,0,0,1379,A
2-PB1,400,1380,0,1,0,1381,A
2-PB1,401,1376,0,3,1,1380,A
2-PB1,402,0,0,0,1380,1380,C
2-PB1,403,1351,0,0,0,1351,A
2-PB1,404,0,1,1358,0,1359,G
2-PB1,405,1353,1,2,1,1357,A
2-PB1,406,1354,0,1,0,1355,A
2-PB1,407,1362,0,1,0,1363,A
2-PB1,408,0,1348,0,1,1349,T
2-PB1,409,2,0,0,1352,1354,C
2-PB1,410,1352,0,0,0,1352,A
2-PB1,411,1351,0,2,0,1353,A
2-PB1,412,0,0,1,1348,1349,C
2-PB1,413,3,0,0,1340,1343,C
2-PB1,414,2,1,1345,0,1348,G
2-PB1,415,0,0,1345,0,1345,G
2-PB1,416,0,1,0,1343,1344,C
2-PB1,417,1345,0,2,0,1347,A
2-PB1,418,1,0,1345,0,1346,G
2-PB1,419,0,0,0,1359,1359,C
2-PB1,420,1354,0,0,0,1354,A
2-PB1,421,1356,2,0,0,1358,A
2-PB1,422,0,0,0,1361,1361,C
2-PB1,423,0,1359,0,0,1359,T
2-PB1,424,1,0,1407,1,1409,G
2-PB1,425,0,0,0,1411,1411,C
2-PB1,426,1408,2,1,0,1411,A
2-PB1,427,1,1406,0,2,1409,T
2-PB1,428,0,1393,0,1,1394,T
2-PB1,429,1460,1,0,1,1462,A
2-PB1,430,0,0,1460,0,1460,G
2-PB1,431,0,0,0,1451,1451,C
2-PB1,432,1,0,0,1455,1456,C
2-PB1,433,1417,0,0,1,1418,A
2-PB1,434,1419,0,2,0,1421,A
2-PB1,435,1,0,0,1422,1423,C
2-PB1,436,1425,0,2,0,1427,A
2-PB1,437,0,0,1,1450,1451,C
2-PB1,438,4,1,1,1368,1374,C
2-PB1,439,1373,0,1,0,1374,A
2-PB1,440,0,1372,0,1,1373,T
2-PB1,441,1371,0,2,0,1373,A
2-PB1,442,0,2,1374,0,1376,G
2-PB1,443,1364,0,1,0,1365,A
2-PB1,444,1353,0,0,0,1353,A
2-PB1,445,0,0,1362,0,1362,G
2-PB1,446,0,1327,0,0,1327,T
2-PB1,447,0,1330,0,0,1330,T
2-PB1,448,0,1320,0,0,1320,T
2-PB1,449,0,1330,0,0,1330,T
2-PB1,450,0,1333,0,0,1333,T
2-PB1,451,1334,0,0,0,1334,A
2-PB1,452,0,0,1334,0,1334,G
2-PB1,453,1332,0,0,0,1332,A
2-PB1,454,0,1326,0,1,1327,T
2-PB1,455,1,0,0,1318,1319,C
2-PB1,456,2,2,1314,0,1318,G
2-PB1,457,1314,0,1,0,1315,A
2-PB1,458,1318,0,1,0,1319,A
2-PB1,459,0,0,0,1329,1329,C
2-PB1,460,1,1,1327,0,1329,G
2-PB1,461,1,0,1384,0,1385,G
2-PB1,462,1386,0,3,0,1389,A
2-PB1,463,0,1385,0,0,1385,T
2-PB1,464,1,1383,0,1,1385,T
2-PB1,465,1385,3,1,0,1389,A
2-PB1,466,1383,0,7,0,1390,A
2-PB1,467,1,0,0,1397,1398,C
2-PB1,468,1385,0,1,0,1386,A
2-PB1,469,1,1,1390,1,1393,G
2-PB1,470,0,0,0,1344,1344,C
2-PB1,471,0,1336,0,2,1338,T
2-PB1,472,1345,0,0,0,1345,A
2-PB1,473,1344,1,1,0,1346,A
2-PB1,474,0,1339,0,1,1340,T
2-PB1,475,0,1,1358,0,1359,G
2-PB1,476,1347,0,0,1,1348,A
2-PB1,477,1348,1,1,0,1350,A
2-PB1,478,0,1322,0,0,1322,T
2-PB1,479,3,0,0,1330,1333,C
2-PB1,480,1331,0,2,0,1333,A
2-PB1,481,0,1,1331,0,1332,G
2-PB1,482,0,0,1333,0,1333,G
2-PB1,483,1327,2,2,0,1331,A
2-PB1,484,1311,0,0,0,1311,A
2-PB1,485,0,0,1360,0,1360,G
2-PB1,486,1,2,1362,0,1365,G
2-PB1,487,0,0,0,1362,1362,C
2-PB1,488,0,1364,0,0,1364,T
2-PB1,489,1362,1,0,0,1363,A
2-PB1,490,1361,0,1,0,1362,A
2-PB1,491,0,1364,0,0,1364,T
2-PB1,492,1363,0,1,0,1364,A
2-PB1,493,0,1,1368,0,1369,G
2-PB1,494,1283,1,0,0,1284,A
2-PB1,495,0,1274,1,2,1277,T
2-PB1,496,0,1276,0,0,1276,T
2-PB1,497,1,1265,0,0,1266,T
2-PB1,498,4,0,0,1300,1304,C
2-PB1,499,3,0,1,1309,1313,C
2-PB1,500,0,1310,0,2,1312,T
2-PB1,501,1,0,0,1311,1312,C
2-PB1,502,1311,1,1,0,1313,A
2-PB1,503,1317,1,0,0,1318,A
2-PB1,504,1,0,1321,0,1322,G
2-PB1,505,3,0,1328,0,1331,G
2-PB1,506,1335,0,2,0,1337,A
2-PB1,507,1,1296,0,4,1301,T
2-PB1,508,1,2,1310,0,1313,G
2-PB1,509,2,1308,0,3,1313,T
2-PB1,510,2,1,1313,0,1316,G
2-PB1,511,1312,1,0,0,1313,A
2-PB1,512,0,1306,0,0,1306,T
2-PB1,513,0,1,1305,0,1306,G
2-PB1,514,0,0,1301,0,1301,G
2-PB1,515,1298,0,3,1,1302,A
2-PB1,516,1301,0,2,0,1303,A
2-PB1,517,1,1283,0,0,1284,T
2-PB1,518,1,0,0,1293,1294,C
2-PB1,519,1274,0,0,0,1274,A
2-PB1,520,1274,0,0,0,1274,A
2-PB1,521,0,1271,0,1,1272,T
2-PB1,522,1,4,1287,0,1292,G
2-PB1,523,0,0,1292,0,1292,G
2-PB1,524,1286,0,4,0,1290,A
2-PB1,525,0,1287,0,0,1287,T
2-PB1,526,1286,0,0,0,1286,A
2-PB1,527,1286,0,0,0,1286,A
2-PB1,528,1278,1,4,0,1283,A
2-PB1,529,0,0,1295,0,1295,G
2-PB1,530,1292,0,3,0,1295,A
2-PB1,531,1,0,1275,1,1277,G
2-PB1,532,0,0,1271,0,1271,G
2-PB1,533,1263,0,3,0,1266,A
2-PB1,534,1266,1,1,0,1268,A
2-PB1,535,1270,0,2,0,1272,A
2-PB1,536,0,1265,0,1,1266,T
2-PB1,537,1,0,1282,0,1283,G
2-PB1,538,0,2,1286,0,1288,G
2-PB1,539,1263,0,5,0,1268,A
2-PB1,540,1,0,1278,0,1279,G
2-PB1,541,1258,0,2,0,1260,A
2-PB1,542,0,1269,0,0,1269,T
2-PB1,543,1264,0,1,0,1265,A
2-PB1,544,1274,1,2,1,1278,A
2-PB1,545,0,0,0,1281,1281,C
2-PB1,546,1264,0,1,0,1265,A
2-PB1,547,1268,0,1,0,1269,A
2-PB1,548,0,0,0,1267,1267,C
2-PB1,549,1253,0,2,0,1255,A
2-PB1,550,0,0,0,1256,1256,C
2-PB1,551,1230,0,3,0,1233,A
2-PB1,552,0,1,0,1236,1237,C
2-PB1,553,0,1220,0,2,1222,T
2-PB1,554,0,1223,0,1,1224,T
2-PB1,555,0,1223,0,1,1224,T
2-PB1,556,2,0,0,1217,1219,C
2-PB1,557,1224,0,0,0,1224,A
2-PB1,558,1226,0,1,0,1227,A
2-PB1,559,1225,0,0,0,1225,A
2-PB1,560,0,1,1231,0,1232,G
2-PB1,561,1216,1,1,0,1218,A
2-PB1,562,1221,0,0,0,1221,A
2-PB1,563,1223,0,0,0,1223,A
2-PB1,564,1219,0,1,0,1220,A
2-PB1,565,1221,0,2,0,1223,A
2-PB1,566,2,2,1222,0,1226,G
2-PB1,567,0,2,1231,0,1233,G
2-PB1,568,1209,0,1,0,1210,A
2-PB1,569,0,2,1229,0,1231,G
2-PB1,570,1219,0,3,0,1222,A
2-PB1,571,4,1,1258,1,1264,G
2-PB1,572,0,1261,0,0,1261,T
2-PB1,573,1254,1,1,0,1256,A
2-PB1,574,1255,0,2,0,1257,A
2-PB1,575,0,0,1261,0,1261,G
2-PB1,576,0,0,1267,0,1267,G
2-PB1,577,0,4,1259,0,1263,G
2-PB1,578,1246,0,4,0,1250,A
2-PB1,579,2,0,0,1260,1262,C
2-PB1,580,1210,0,3,0,1213,A
2-PB1,581,1220,0,0,0,1220,A
2-PB1,582,0,0,0,1219,1219,C
2-PB1,583,1217,0,0,0,1217,A
2-PB1,584,0,1208,0,1,1209,T
2-PB1,585,0,1,1199,0,1200,G
2-PB1,586,1204,0,0,0,1204,A
2-PB1,587,0,0,0,1194,1194,C
2-PB1,588,3,0,0,1184,1187,C
2-PB1,589,1188,0,1,0,1189,A
2-PB1,590,1180,0,2,0,1182,A
2-PB1,591,0,0,1191,0,1191,G
2-PB1,592,1187,0,1,0,1188,A
2-PB1,593,1185,0,0,0,1185,A
2-PB1,594,1179,0,1,0,1180,A
2-PB1,595,1175,1,0,0,1176,A
2-PB1,596,0,1175,0,1,1176,T
2-PB1,597,0,0,1177,0,1177,G
2-PB1,598,0,0,1177,0,1177,G
2-PB1,599,1,1149,0,3,1153,T
2-PB1,600,1,0,0,1138,1139,C
2-PB1,601,1147,0,2,0,1149,A
2-PB1,602,1,0,0,1248,1249,C
2-PB1,603,1280,0,0,0,1280,A
2-PB1,604,0,0,0,1290,1290,C
2-PB1,605,1283,1,0,0,1284,A
2-PB1,606,1337,0,1,0,1338,A
2-PB1,607,1323,0,2,0,1325,A
2-PB1,608,0,1,1443,0,1444,G
2-PB1,609,1438,0,2,1,1441,A
2-PB1,610,1457,0,2,1,1460,A
2-PB1,611,0,1,0,1509,1510,C
2-PB1,612,1477,0,0,0,1477,A
2-PB1,613,1494,0,0,0,1494,A
2-PB1,614,0,1490,0,1,1491,T
2-PB1,615,1471,1,0,0,1472,A
2-PB1,616,0,1,1476,1,1478,G
2-PB1,617,0,5,1433,0,1438,G
2-PB1,618,0,2,1439,0,1441,G
2-PB1,619,1436,0,0,0,1436,A
2-PB1,620,1417,1,6,0,1424,A
2-PB1,621,0,2,1446,0,1448,G
2-PB1,622,1446,0,2,0,1448,A
2-PB1,623,1452,0,0,0,1452,A
2-PB1,624,1467,0,0,0,1467,A
2-PB1,625,1481,0,0,0,1481,A
2-PB1,626,1513,0,1,0,1514,A
2-PB1,627,1513,1,2,0,1516,A
2-PB1,628,0,0,0,1519,1519,C
2-PB1,629,1523,0,1,0,1524,A
2-PB1,630,1519,0,1,2,1522,A
2-PB1,631,1513,0,2,0,1515,A
2-PB1,632,0,0,1567,0,1567,G
2-PB1,633,1561,1,4,0,1566,A
2-PB1,634,0,0,1649,0,1649,G
2-PB1,635,0,1628,0,0,1628,T
2-PB1,636,0,3,1940,0,1943,G
2-PB1,637,1940,0,2,0,1942,A
2-PB1,638,1937,0,5,0,1942,A
2-PB1,639,2,1976,0,1,1979,T
2-PB1,640,1985,0,0,0,1985,A
2-PB1,641,1988,0,7,0,1995,A
2-PB1,642,0,3,1993,0,1996,G
2-PB1,643,1955,0,2,0,1957,A
2-PB1,644,0,2,1968,0,1970,G
2-PB1,645,1892,0,3,0,1895,A
2-PB1,646,0,0,1907,0,1907,G
2-PB1,647,1,1,1905,0,1907,G
2-PB1,648,1,0,0,1906,1907,C
2-PB1,649,0,1907,0,1,1908,T
2-PB1,650,1991,0,0,1,1992,A
2-PB1,651,0,1,0,2123,2124,C
2-PB1,652,4,0,1,2120,2125,C
2-PB1,653,0,2140,0,2,2142,T
2-PB1,654,2237,1,3,0,2241,A
2-PB1,655,2227,0,4,0,2231,A
2-PB1,656,0,2233,0,3,2236,T
2-PB1,657,2233,0,2,0,2235,A
2-PB1,658,2223,1,5,0,2229,A
2-PB1,659,1,1,2223,0,2225,G
2-PB1,660,2187,0,6,0,2193,A
2-PB1,661,0,0,2220,0,2220,G
2-PB1,662,1,0,0,2228,2229,C
2-PB1,663,1,2198,0,5,2204,T
2-PB1,664,0,2205,0,2,2207,T
2-PB1,665,0,2211,0,0,2211,T
2-PB1,666,1,5,2210,0,2216,G
2-PB1,667,2251,1,2,0,2254,A
2-PB1,668,0,1,0,2261,2262,C
2-PB1,669,2270,0,1,0,2271,A
2-PB1,670,1,2252,0,3,2256,T
2-PB1,671,0,2246,0,2,2248,T
2-PB1,672,2,3,2284,0,2289,G
2-PB1,673,2280,1,1,0,2282,A
2-PB1,674,2293,2,3,1,2299,A
2-PB1,675,1,1,0,2305,2307,C
2-PB1,676,2298,1,1,1,2301,A
2-PB1,677,0,0,0,2307,2307,C
2-PB1,678,0,1,2305,0,2306,G
2-PB1,679,2323,0,3,0,2326,A
2-PB1,680,0,2321,1,2,2324,T
2-PB1,681,0,7,2377,0,2384,G
2-PB1,682,2386,1,2,3,2392,A
2-PB1,683,3,3,0,2391,2397,C
2-PB1,684,4,0,2,2395,2401,C
2-PB1,685,2405,0,4,0,2409,A
2-PB1,686,2428,0,3,0,2431,A
2-PB1,687,2435,1,2,0,2438,A
2-PB1,688,1,1,2486,0,2488,G
2-PB1,689,2518,0,3,0,2521,A
2-PB1,690,2,2499,0,1,2502,T
2-PB1,691,2,0,2510,0,2512,G
2-PB1,692,2,0,1,2497,2500,C
2-PB1,693,2494,0,4,0,2498,A
2-PB1,694,0,4,2513,0,2517,G
2-PB1,695,2499,0,2,0,2501,A
2-PB1,696,0,4,2512,0,2516,G
2-PB1,697,2465,1,4,1,2471,A
2-PB1,698,0,0,2467,0,2467,G
2-PB1,699,2440,2,8,0,2450,A
2-PB1,700,1,2,2454,0,2457,G
2-PB1,701,1,1,2455,0,2457,G
2-PB1,702,0,2,0,2446,2448,C
2-PB1,703,2444,0,3,0,2447,A
2-PB1,704,2452,0,2,0,2454,A
2-PB1,705,2471,1,6,1,2479,A
2-PB1,706,0,2476,0,0,2476,T
2-PB1,707,0,2481,0,0,2481,T
2-PB1,708,2485,3,0,0,2488,A
2-PB1,709,2474,0,1,2,2477,A
2-PB1,710,2484,0,2,0,2486,A
2-PB1,711,2489,0,1,1,2491,A
2-PB1,712,2497,0,1,0,2498,A
2-PB1,713,1,2,2498,0,2501,G
2-PB1,714,2490,0,3,0,2493,A
2-PB1,715,2482,1,1,0,2484,A
2-PB1,716,3,7,2502,0,2512,G
2-PB1,717,1,1,2550,0,2552,G
2-PB1,718,1,2,2556,0,2559,G
2-PB1,719,1,1,0,2575,2577,C
2-PB1,720,0,2569,0,3,2572,T
2-PB1,721,2596,0,1,0,2597,A
2-PB1,722,1,2634,0,2,2637,T
2-PB1,723,0,2640,0,1,2641,T
2-PB1,724,1,1,2649,0,2651,G
2-PB1,725,0,2,0,2645,2647,C
2-PB1,726,2595,0,3,0,2598,A
2-PB1,727,2596,1,5,2,2604,A
2-PB1,728,2,0,0,2599,2601,C
2-PB1,729,2600,0,4,0,2604,A
2-PB1,730,3,0,0,2608,2611,C
2-PB1,731,3,2,0,2563,2568,C
2-PB1,732,3,0,2,2555,2560,C
2-PB1,733,1,4,2556,0,2561,G
2-PB1,734,0,4,2575,0,2579,G
2-PB1,735,0,3,2580,0,2583,G
2-PB1,736,2591,0,3,0,2594,A
2-PB1,737,0,2584,0,0,2584,T
2-PB1,738,3,0,2597,0,2600,G
2-PB1,739,3,1,0,2589,2593,C
2-PB1,740,2632,0,1,0,2633,A
2-PB1,741,2669,0,4,0,2673,A
2-PB1,742,2703,1,0,0,2704,A
2-PB1,743,0,2714,0,0,2714,T
2-PB1,744,0,2710,0,0,2710,T
2-PB1,745,2706,0,0,0,2706,A
2-PB1,746,0,3,2705,0,2708,G
2-PB1,747,2689,0,4,0,2693,A
2-PB1,748,0,7,2694,0,2701,G
2-PB1,749,0,1,2683,0,2684,G
2-PB1,750,1,1,2740,0,2742,G
2-PB1,751,1,2752,0,0,2753,T
2-PB1,752,0,2753,0,1,2754,T
2-PB1,753,5,1,1,2746,2753,C
2-PB1,754,3,0,2790,0,2793,G
2-PB1,755,0,2778,1,7,2786,T
2-PB1,756,1,1,2794,0,2796,G
2-PB1,757,0,2782,1,1,2784,T
2-PB1,758,2774,0,1,0,2775,A
2-PB1,759,1,1,0,2766,2768,C
2-PB1,760,0,2680,0,3,2683,T
2-PB1,761,0,2697,1,1,2699,T
2-PB1,762,2,2,0,2672,2676,C
2-PB1,763,1,0,2670,0,2671,G
2-PB1,764,1,2667,0,0,2668,T
2-PB1,765,0,2667,0,1,2668,T
2-PB1,766,3,1,2662,0,2666,G
2-PB1,767,2668,0,1,0,2669,A
2-PB1,768,2667,0,5,0,2672,A
2-PB1,769,2689,0,4,1,2694,A
2-PB1,770,1,0,0,2699,2700,C
2-PB1,771,0,2656,0,25,2681,T
2-PB1,772,0,2684,0,1,2685,T
2-PB1,773,0,2690,0,0,2690,T
2-PB1,774,2730,0,3,0,2733,A
2-PB1,775,1,1,2741,0,2743,G
2-PB1,776,2,3,1,2747,2753,C
2-PB1,777,0,2749,0,1,2750,T
2-PB1,778,2733,0,2,0,2735,A
2-PB1,779,0,3,2728,0,2731,G
2-PB1,780,2726,2,1,0,2729,A
2-PB1,781,2722,0,6,0,2728,A
2-PB1,782,0,0,2741,0,2741,G
2-PB1,783,0,0,0,2710,2710,C
2-PB1,784,2708,0,1,0,2709,A
2-PB1,785,0,2702,0,3,2705,T
2-PB1,786,0,2705,0,1,2706,T
2-PB1,787,1,2700,1,2,2704,T
2-PB1,788,0,0,2711,0,2711,G
2-PB1,789,0,0,1,2712,2713,C
2-PB1,790,0,3,2713,0,2716,G
2-PB1,791,2709,0,1,0,2710,A
2-PB1,792,2700,1,1,1,2703,A
2-PB1,793,2708,0,1,0,2709,A
2-PB1,794,2780,1,0,0,2781,A
2-PB1,795,0,1,2823,0,2824,G
2-PB1,796,0,0,2,2825,2827,C
2-PB1,797,0,2820,1,3,2824,T
2-PB1,798,0,2819,1,2,2822,T
2-PB1,799,0,1,2824,0,2825,G
2-PB1,800,2820,1,6,0,2827,A
2-PB1,801,2824,1,5,0,2830,A
2-PB1,802,1,3,0,2832,2836,C
2-PB1,803,2813,0,1,0,2814,A
2-PB1,804,0,0,3052,0,3052,G
2-PB1,805,0,3034,0,1,3035,T
2-PB1,806,2,1,0,3033,3036,C
2-PB1,807,0,3043,0,5,3048,T
2-PB1,808,2,1,3051,0,3054,G
2-PB1,809,2,6,3043,0,3051,G
2-PB1,810,3053,0,6,1,3060,A
2-PB1,811,2,0,0,3059,3061,C
2-PB1,812,0,2982,0,4,2986,T
2-PB1,813,1,2835,0,5,2841,T
2-PB1,814,1,5,2,2823,2831,C
2-PB1,815,3,2,0,2845,2850,C
2-PB1,816,1,1,2859,0,2861,G
2-PB1,817,2,1,2870,0,2873,G
2-PB1,818,0,2861,0,1,2862,T
2-PB1,819,1,2847,1,2,2851,T
2-PB1,820,1,7,2830,1,2839,G
2-PB1,821,1,3,2847,1,2852,G
2-PB1,822,3,1,2869,1,2874,G
2-PB1,823,2,7,2861,0,2870,G
2-PB1,824,0,1,2883,0,2884,G
2-PB1,825,0,2870,0,0,2870,T
2-PB1,826,2861,0,0,0,2861,A
2-PB1,827,2869,2,0,1,2872,A
2-PB1,828,0,2874,0,3,2877,T
2-PB1,829,0,4,2875,0,2879,G
2-PB1,830,2854,0,3,0,2857,A
2-PB1,831,2831,0,5,1,2837,A
2-PB1,832,2839,1,4,0,2844,A
2-PB1,833,2833,1,4,0,2838,A
2-PB1,834,1,1,2834,0,2836,G
2-PB1,835,2816,0,0,1,2817,A
2-PB1,836,2807,0,3,0,2810,A
2-PB1,837,5,1,2812,0,2818,G
2-PB1,838,0,1,2809,0,2810,G
2-PB1,839,2,0,0,2795,2797,C
2-PB1,840,3,1,1,2796,2801,C
2-PB1,841,2805,0,5,0,2810,A
2-PB1,842,2806,0,1,0,2807,A
2-PB1,843,2808,0,1,0,2809,A
2-PB1,844,1,1,0,2815,2817,C
2-PB1,845,0,2810,0,2,2812,T
2-PB1,846,0,1,2848,0,2849,G
2-PB1,847,3,1,2842,0,2846,G
2-PB1,848,1,0,0,2845,2846,C
2-PB1,849,2856,0,1,0,2857,A
2-PB1,850,2852,0,0,0,2852,A
2-PB1,851,2850,0,0,0,2850,A
2-PB1,852,0,2850,0,0,2850,T
2-PB1,853,0,0,2851,0,2851,G
2-PB1,854,0,2841,0,2,2843,T
2-PB1,855,0,2778,0,2,2780,T
2-PB1,856,1,0,2778,0,2779,G
2-PB1,857,0,2772,0,3,2775,T
2-PB1,858,2,5,2770,1,2778,G
2-PB1,859,2775,1,3,0,2779,A
2-PB1,860,1,4,2774,0,2779,G
2-PB1,861,2776,0,2,0,2778,A
2-PB1,862,2755,5,2,0,2762,A
2-PB1,863,2768,1,1,0,2770,A
2-PB1,864,2774,1,1,0,2776,A
2-PB1,865,2782,0,2,0,2784,A
2-PB1,866,0,2770,0,3,2773,T
2-PB1,867,3,3,2767,1,2774,G
2-PB1,868,2771,0,3,0,2774,A
2-PB1,869,0,2743,0,1,2744,T
2-PB1,870,1,3,2764,0,2768,G
2-PB1,871,2768,0,1,0,2769,A
2-PB1,872,0,2,0,2793,2795,C
2-PB1,873,1,2791,0,2,2794,T
2-PB1,874,2795,0,0,0,2795,A
2-PB1,875,2813,0,1,0,2814,A
2-PB1,876,0,2801,0,1,2802,T
2-PB1,877,0,2826,1,3,2830,T
2-PB1,878,1,0,0,2838,2839,C
2-PB1,879,2833,1,3,0,2837,A
2-PB1,880,0,0,0,2850,2850,C
2-PB1,881,2823,0,3,1,2827,A
2-PB1,882,2823,0,6,0,2829,A
2-PB1,883,0,6,2835,1,2842,G
2-PB1,884,2869,0,3,0,2872,A
2-PB1,885,2,1,0,2860,2863,C
2-PB1,886,2833,0,5,0,2838,A
2-PB1,887,0,1,1,2833,2835,C
2-PB1,888,2796,0,5,0,2801,A
2-PB1,889,0,2,2812,0,2814,G
2-PB1,890,2800,0,4,0,2804,A
2-PB1,891,4,2,2810,0,2816,G
2-PB1,892,0,0,0,2811,2811,C
2-PB1,893,0,2748,0,6,2754,T
2-PB1,894,0,2788,1,1,2790,T
2-PB1,895,0,2778,1,5,2784,T
2-PB1,896,6,1,0,2800,2807,C
2-PB1,897,1,2790,1,6,2798,T
2-PB1,898,0,2791,0,3,2794,T
2-PB1,899,0,2789,0,2,2791,T
2-PB1,900,3,1,0,2791,2795,C
2-PB1,901,2789,1,2,0,2792,A
2-PB1,902,0,1,0,2803,2804,C
2-PB1,903,2774,0,1,0,2775,A
2-PB1,904,2782,0,10,0,2792,A
2-PB1,905,1,2816,0,1,2818,T
2-PB1,906,2,8,0,2847,2857,C
2-PB1,907,2874,0,3,0,2877,A
2-PB1,908,1,1,0,2881,2883,C
2-PB1,909,1,2863,0,8,2872,T
2-PB1,910,2,9,2870,0,2881,G
2-PB1,911,1,7,2840,0,2848,G
2-PB1,912,2,2,2908,0,2912,G
2-PB1,913,0,3,2901,1,2905,G
2-PB1,914,2871,0,5,0,2876,A
2-PB1,915,1,2,0,2749,2752,C
2-PB1,916,2787,0,2,0,2789,A
2-PB1,917,2930,0,4,0,2934,A
2-PB1,918,2,2,0,2958,2962,C
2-PB1,919,2941,0,4,0,2945,A
2-PB1,920,1,0,1,2939,2941,C
2-PB1,921,1,2839,0,0,2840,T
2-PB1,922,2851,0,1,0,2852,A
2-PB1,923,2840,0,3,1,2844,A
2-PB1,924,1,0,2864,0,2865,G
2-PB1,925,1,2843,0,3,2847,T
2-PB1,926,0,1,2668,1,2670,G
2-PB1,927,1,3,2650,0,2654,G
2-PB1,928,2639,0,3,0,2642,A
2-PB1,929,2640,0,5,0,2645,A
2-PB1,930,0,2642,1,1,2644,T
2-PB1,931,1,4,2636,0,2641,G
2-PB1,932,2627,1,3,0,2631,A
2-PB1,933,2587,0,2,0,2589,A
2-PB1,934,2601,0,5,0,2606,A
2-PB1,935,2609,1,1,0,2611,A
2-PB1,936,0,2607,0,0,2607,T
2-PB1,937,4,1,0,2605,2610,C
2-PB1,938,2605,0,1,0,2606,A
2-PB1,939,2608,0,1,0,2609,A
2-PB1,940,2600,0,3,0,2603,A
2-PB1,941,2603,0,3,0,2606,A
2-PB1,942,4,0,0,2611,2615,C
2-PB1,943,1,0,0,2584,2585,C
2-PB1,944,2,1,0,2588,2591,C
2-PB1,945,3,2576,0,2,2581,T
2-PB1,946,2,1,0,2591,2594,C
2-PB1,947,2,1,2587,0,2590,G
2-PB1,948,2586,0,4,0,2590,A
2-PB1,949,2588,0,1,0,2589,A
2-PB1,950,1,2591,0,2,2594,T
2-PB1,951,0,0,2606,1,2607,G
2-PB1,952,1,2591,2,4,2598,T
2-PB1,953,0,2589,1,1,2591,T
2-PB1,954,0,2598,1,0,2599,T
2-PB1,955,0,2601,0,0,2601,T
2-PB1,956,0,2598,0,1,2599,T
2-PB1,957,1,3,2593,1,2598,G
2-PB1,958,4,0,2587,1,2592,G
2-PB1,959,0,2,0,2588,2590,C
2-PB1,960,2,3,2575,0,2580,G
2-PB1,961,2565,2,2,0,2569,A
2-PB1,962,1,2653,1,0,2655,T
2-PB1,963,0,0,2744,0,2744,G
2-PB1,964,2864,1,1,0,2866,A
2-PB1,965,0,2875,1,2,2878,T
2-PB1,966,0,2878,0,3,2881,T
2-PB1,967,2891,0,5,0,2896,A
2-PB1,968,1,0,0,2898,2899,C
2-PB1,969,2910,0,2,1,2913,A
2-PB1,970,1,2902,1,3,2907,T
2-PB1,971,2769,2,1,0,2772,A
2-PB1,972,2,2,1,2785,2790,C
2-PB1,973,2579,0,3,0,2582,A
2-PB1,974,1,2573,0,8,2582,T
2-PB1,975,1,1,1,2579,2582,C
2-PB1,976,2567,1,3,0,2571,A
2-PB1,977,0,0,0,2583,2583,C
2-PB1,978,2553,1,2,0,2556,A
2-PB1,979,2561,0,0,0,2561,A
2-PB1,980,2554,0,3,0,2557,A
2-PB1,981,1,2,2474,0,2477,G
2-PB1,982,2580,2,1,0,2583,A
2-PB1,983,2590,0,5,0,2595,A
2-PB1,984,0,2594,0,1,2595,T
2-PB1,985,7,1,0,2590,2598,C
2-PB1,986,2617,1,5,3,2626,A
2-PB1,987,2640,0,1,0,2641,A
2-PB1,988,1,1,0,2641,2643,C
2-PB1,989,1,1,0,2641,2643,C
2-PB1,990,0,2519,0,7,2526,T
2-PB1,991,2,3,2538,1,2544,G
2-PB1,992,2533,0,2,0,2535,A
2-PB1,993,0,1,2536,0,2537,G
2-PB1,994,0,2521,0,3,2524,T
2-PB1,995,0,5,2477,0,2482,G
2-PB1,996,0,0,2617,0,2617,G
2-PB1,997,1,2603,0,2,2606,T
2-PB1,998,0,2605,0,3,2608,T
2-PB1,999,2,2,1,2605,2610,C
2-PB1,1000,2597,0,0,1,2598,A
2-PB1,1001,0,1,2655,2,2658,G
2-PB1,1002,2641,0,2,1,2644,A
2-PB1,1003,2645,0,1,0,2646,A
2-PB1,1004,2637,0,0,1,2638,A
2-PB1,1005,0,0,0,2471,2471,C
2-PB1,1006,2486,0,0,0,2486,A
2-PB1,1007,0,2474,0,3,2477,T
2-PB1,1008,1,0,0,2502,2503,C
2-PB1,1009,3,4,0,2501,2508,C
2-PB1,1010,1,2439,1,4,2445,T
2-PB1,1011,1,5,2442,0,2448,G
2-PB1,1012,2422,0,6,0,2428,A
2-PB1,1013,0,1,2457,0,2458,G
2-PB1,1014,1,0,1,2446,2448,C
2-PB1,1015,2377,0,1,1,2379,A
2-PB1,1016,1,2379,0,2,2382,T
2-PB1,1017,0,1,0,2371,2372,C
2-PB1,1018,2,0,2383,0,2385,G
2-PB1,1019,0,1,0,2422,2423,C
2-PB1,1020,2433,1,4,0,2438,A
2-PB1,1021,1,0,0,2505,2506,C
2-PB1,1022,3,0,0,2498,2501,C
2-PB1,1023,2509,0,3,0,2512,A
2-PB1,1024,2549,0,0,1,2550,A
2-PB1,1025,1,2552,0,2,2555,T
2-PB1,1026,2545,1,2,0,2548,A
2-PB1,1027,2548,0,1,0,2549,A
2-PB1,1028,0,2466,0,0,2466,T
2-PB1,1029,1,0,2476,0,2477,G
2-PB1,1030,0,2406,0,3,2409,T
2-PB1,1031,1,2374,0,5,2380,T
2-PB1,1032,3,0,1,2385,2389,C
2-PB1,1033,0,2376,0,5,2381,T
2-PB1,1034,1,1,0,2388,2390,C
2-PB1,1035,2392,0,1,0,2393,A
2-PB1,1036,2395,1,1,0,2397,A
2-PB1,1037,2398,1,1,0,2400,A
2-PB1,1038,0,0,0,2408,2408,C
2-PB1,1039,2398,0,1,0,2399,A
2-PB1,1040,2398,0,0,0,2398,A
2-PB1,1041,2394,0,1,1,2396,A
2-PB1,1042,2402,0,1,0,2403,A
2-PB1,1043,0,2425,0,2,2427,T
2-PB1,1044,1,4,2433,0,2438,G
2-PB1,1045,0,1,2422,1,2424,G
2-PB1,1046,0,1,0,2423,2424,C
2-PB1,1047,2421,0,3,0,2424,A
2-PB1,1048,2429,1,1,0,2431,A
2-PB1,1049,2,2,2441,1,2446,G
2-PB1,1050,2451,1,1,0,2453,A
2-PB1,1051,1,1,0,2457,2459,C
2-PB1,1052,0,2427,1,2,2430,T
2-PB1,1053,3,1,2448,0,2452,G
2-PB1,1054,1,0,2456,0,2457,G
2-PB1,1055,2,2,2470,0,2474,G
2-PB1,1056,2469,1,5,0,2475,A
2-PB1,1057,2462,0,1,0,2463,A
2-PB1,1058,2441,0,4,1,2446,A
2-PB1,1059,2440,0,5,0,2445,A
2-PB1,1060,0,2,2498,1,2501,G
2-PB1,1061,3,1,2487,1,2492,G
2-PB1,1062,2475,0,6,0,2481,A
2-PB1,1063,0,2474,0,0,2474,T
2-PB1,1064,2465,0,2,0,2467,A
2-PB1,1065,1,0,0,2472,2473,C
2-PB1,1066,2486,0,2,0,2488,A
2-PB1,1067,1,2481,0,2,2484,T
2-PB1,1068,0,0,2502,0,2502,G
2-PB1,1069,0,2466,0,4,2470,T
2-PB1,1070,0,2468,0,3,2471,T
2-PB1,1071,1,2,0,2458,2461,C
2-PB1,1072,3,1,2464,2,2470,G
2-PB1,1073,2468,1,3,0,2472,A
2-PB1,1074,1,4,2509,0,2514,G
2-PB1,1075,2490,0,2,0,2492,A
2-PB1,1076,0,0,2509,0,2509,G
2-PB1,1077,0,2493,0,1,2494,T
2-PB1,1078,2488,0,0,0,2488,A
2-PB1,1079,2497,0,2,0,2499,A
2-PB1,1080,3,2,2498,0,2503,G
2-PB1,1081,2494,0,9,0,2503,A
2-PB1,1082,0,0,2523,0,2523,G
2-PB1,1083,2481,0,4,0,2485,A
2-PB1,1084,2496,0,4,0,2500,A
2-PB1,1085,0,2481,0,1,2482,T
2-PB1,1086,2,1,2474,0,2477,G
2-PB1,1087,2470,1,4,1,2476,A
2-PB1,1088,2459,0,6,0,2465,A
2-PB1,1089,3,0,2468,0,2471,G
2-PB1,1090,1,1,0,2461,2463,C
2-PB1,1091,1,2440,1,1,2443,T
2-PB1,1092,2,2,0,2435,2439,C
2-PB1,1093,1,0,0,2440,2441,C
2-PB1,1094,1,1,2446,0,2448,G
2-PB1,1095,0,2,2453,1,2456,G
2-PB1,1096,2459,2,5,1,2467,A
2-PB1,1097,0,1,0,2487,2488,C
2-PB1,1098,2485,0,3,0,2488,A
2-PB1,1099,0,2,0,2513,2515,C
2-PB1,1100,2511,1,0,7,2519,A
2-PB1,1101,2517,0,4,0,2521,A
2-PB1,1102,2513,0,3,0,2516,A
2-PB1,1103,1,2522,0,1,2524,T
2-PB1,1104,2522,1,2,0,2525,A
2-PB1,1105,1,2,0,2518,2521,C
2-PB1,1106,1,2,0,2500,2503,C
2-PB1,1107,1,2471,0,6,2478,T
2-PB1,1108,1,1,2492,1,2495,G
2-PB1,1109,0,1,0,2492,2493,C
2-PB1,1110,2498,0,1,0,2499,A
2-PB1,1111,0,0,2503,0,2503,G
2-PB1,1112,2492,0,0,0,2492,A
2-PB1,1113,2486,1,5,0,2492,A
2-PB1,1114,2501,0,0,0,2501,A
2-PB1,1115,0,2486,0,1,2487,T
2-PB1,1116,0,0,2494,0,2494,G
2-PB1,1117,0,1,0,2476,2477,C
2-PB1,1118,0,2474,1,3,2478,T
2-PB1,1119,2497,0,4,0,2501,A
2-PB1,1120,0,0,2500,0,2500,G
2-PB1,1121,1,0,0,2501,2502,C
2-PB1,1122,2497,2,0,1,2500,A
2-PB1,1123,2490,0,4,0,2494,A
2-PB1,1124,1,6,2473,0,2480,G
2-PB1,1125,0,15,0,2460,2475,C
2-PB1,1126,2448,2,1,0,2451,A
2-PB1,1127,2,2491,0,1,2494,T
2-PB1,1128,1,2495,1,1,2498,T
2-PB1,1129,1,2,2554,0,2557,G
2-PB1,1130,2593,0,2,0,2595,A
2-PB1,1131,1,0,0,2590,2591,C
2-PB1,1132,4,0,0,2592,2596,C
2-PB1,1133,1,2549,0,6,2556,T
2-PB1,1134,1,2,2589,1,2593,G
2-PB1,1135,2591,1,1,1,2594,A
2-PB1,1136,2591,2,2,0,2595,A
2-PB1,1137,0,2,2621,1,2624,G
2-PB1,1138,1,2541,1,3,2546,T
2-PB1,1139,2533,1,1,0,2535,A
2-PB1,1140,0,2518,0,3,2521,T
2-PB1,1141,0,2514,0,3,2517,T
2-PB1,1142,1,2516,1,3,2521,T
2-PB1,1143,3,0,0,2500,2503,C
2-PB1,1144,2498,0,1,0,2499,A
2-PB1,1145,2500,0,1,0,2501,A
2-PB1,1146,0,2488,0,2,2490,T
2-PB1,1147,0,3,2488,0,2491,G
2-PB1,1148,2480,0,1,0,2481,A
2-PB1,1149,2495,0,1,0,2496,A
2-PB1,1150,0,2481,0,4,2485,T
2-PB1,1151,1,0,2,2486,2489,C
2-PB1,1152,2490,0,1,1,2492,A
2-PB1,1153,2491,1,4,0,2496,A
2-PB1,1154,1,1,0,2487,2489,C
2-PB1,1155,2490,1,0,0,2491,A
2-PB1,1156,2482,0,3,0,2485,A
2-PB1,1157,1,1,2493,0,2495,G
2-PB1,1158,0,4,2501,1,2506,G
2-PB1,1159,2503,0,2,0,2505,A
2-PB1,1160,2496,0,8,0,2504,A
2-PB1,1161,1,0,2505,0,2506,G
2-PB1,1162,2502,0,1,0,2503,A
2-PB1,1163,2503,0,2,0,2505,A
2-PB1,1164,2499,0,2,0,2501,A
2-PB1,1165,2501,0,2,0,2503,A
2-PB1,1166,1,2491,0,0,2492,T
2-PB1,1167,1,2470,1,5,2477,T
2-PB1,1168,0,2,2488,0,2490,G
2-PB1,1169,2476,1,4,0,2481,A
2-PB1,1170,2,1,2480,0,2483,G
2-PB1,1171,2486,0,0,0,2486,A
2-PB1,1172,2502,1,2,0,2505,A
2-PB1,1173,2536,0,1,1,2538,A
2-PB1,1174,2535,1,1,0,2537,A
2-PB1,1175,1,2536,0,0,2537,T
2-PB1,1176,2544,0,1,0,2545,A
2-PB1,1177,2535,0,11,0,2546,A
2-PB1,1178,1,1,2544,0,2546,G
2-PB1,1179,1,0,2541,0,2542,G
2-PB1,1180,0,1,1,2533,2535,C
2-PB1,1181,4,0,0,2529,2533,C
2-PB1,1182,0,2508,0,5,2513,T
2-PB1,1183,2,1,0,2786,2789,C
2-PB1,1184,0,2816,0,1,2817,T
2-PB1,1185,0,2825,0,3,2828,T
2-PB1,1186,1,0,1,2867,2869,C
2-PB1,1187,1,2852,1,5,2859,T
2-PB1,1188,2858,0,1,0,2859,A
2-PB1,1189,2865,0,3,0,2868,A
2-PB1,1190,0,2861,2,0,2863,T
2-PB1,1191,2863,1,1,0,2865,A
2-PB1,1192,0,1,2806,0,2807,G
2-PB1,1193,2585,1,2,0,2588,A
2-PB1,1194,0,2582,0,2,2584,T
2-PB1,1195,3,3,2546,0,2552,G
2-PB1,1196,0,0,2578,0,2578,G
2-PB1,1197,0,1,0,2567,2568,C
2-PB1,1198,2576,0,0,0,2576,A
2-PB1,1199,0,2,0,2581,2583,C
2-PB1,1200,2539,1,3,1,2544,A
2-PB1,1201,4,0,2625,0,2629,G
2-PB1,1202,0,0,0,2619,2619,C
2-PB1,1203,2630,0,2,0,2632,A
2-PB1,1204,0,2698,0,5,2703,T
2-PB1,1205,1,0,0,2673,2674,C
2-PB1,1206,2699,0,2,0,2701,A
2-PB1,1207,0,2691,0,3,2694,T
2-PB1,1208,0,2683,0,1,2684,T
2-PB1,1209,2,3,2663,0,2668,G
2-PB1,1210,2588,1,5,0,2594,A
2-PB1,1211,1,0,2658,0,2659,G
2-PB1,1212,0,1,0,2652,2653,C
2-PB1,1213,1,2,0,2606,2609,C
2-PB1,1214,4,1,0,2664,2669,C
2-PB1,1215,1,2636,0,8,2645,T
2-PB1,1216,2,3,2825,0,2830,G
2-PB1,1217,0,2,2880,0,2882,G
2-PB1,1218,2885,0,1,0,2886,A
2-PB1,1219,2965,0,2,0,2967,A
2-PB1,1220,0,2891,0,1,2892,T
2-PB1,1221,0,1,2986,2,2989,G
2-PB1,1222,3036,0,4,0,3040,A
2-PB1,1223,1,3051,0,2,3054,T
2-PB1,1224,0,5,3053,0,3058,G
2-PB1,1225,3023,1,5,0,3029,A
2-PB1,1226,0,3002,0,1,3003,T
2-PB1,1227,1,4,3006,2,3013,G
2-PB1,1228,2,3,3054,0,3059,G
2-PB1,1229,0,1,3059,0,3060,G
2-PB1,1230,3,2,0,3013,3018,C
2-PB1,1231,3029,1,1,0,3031,A
2-PB1,1232,1,3042,0,2,3045,T
2-PB1,1233,0,1,3129,0,3130,G
2-PB1,1234,2,3134,0,2,3138,T
2-PB1,1235,1,3156,0,2,3159,T
2-PB1,1236,2,2,0,3174,3178,C
2-PB1,1237,3149,0,4,0,3153,A
2-PB1,1238,3147,0,7,0,3154,A
2-PB1,1239,0,0,0,3153,3153,C
2-PB1,1240,3186,0,0,0,3186,A
2-PB1,1241,0,3190,0,0,3190,T
2-PB1,1242,0,0,3213,0,3213,G
2-PB1,1243,0,0,0,3214,3214,C
2-PB1,1244,0,3203,0,0,3203,T
2-PB1,1245,3221,1,2,0,3224,A
2-PB1,1246,3223,0,3,0,3226,A
2-PB1,1247,2,2,3289,0,3293,G
2-PB1,1248,0,3281,0,2,3283,T
2-PB1,1249,3274,0,2,0,3276,A
2-PB1,1250,1,2,0,3297,3300,C
2-PB1,1251,1,2,3313,0,3316,G
2-PB1,1252,1,2,3484,0,3487,G
2-PB1,1253,0,3484,1,3,3488,T
2-PB1,1254,2,3460,1,1,3464,T
2-PB1,1255,0,3469,1,2,3472,T
2-PB1,1256,0,3461,0,0,3461,T
2-PB1,1257,3461,0,8,0,3469,A
2-PB1,1258,3,5,3455,1,3464,G
2-PB1,1259,1,6,3449,0,3456,G
2-PB1,1260,3408,0,4,0,3412,A
2-PB1,1261,1,0,3397,0,3398,G
2-PB1,1262,1,3418,0,9,3428,T
2-PB1,1263,1,0,0,3428,3429,C
2-PB1,1264,0,3430,0,2,3432,T
2-PB1,1265,3,1,0,3428,3432,C
2-PB1,1266,6,2,3428,1,3437,G
2-PB1,1267,3532,0,3,0,3535,A
2-PB1,1268,0,3535,0,2,3537,T
2-PB1,1269,3554,1,2,0,3557,A
2-PB1,1270,3,1,0,3557,3561,C
2-PB1,1271,0,3494,0,8,3502,T
2-PB1,1272,3,4,3502,0,3509,G
2-PB1,1273,3505,0,1,1,3507,A
2-PB1,1274,3554,1,5,0,3560,A
2-PB1,1275,3,3550,0,4,3557,T
2-PB1,1276,0,0,0,3488,3488,C
2-PB1,1277,1,3475,0,5,3481,T
2-PB1,1278,0,3468,0,3,3471,T
2-PB1,1279,0,4,3468,1,3473,G
2-PB1,1280,0,1,3478,0,3479,G
2-PB1,1281,3463,2,3,0,3468,A
2-PB1,1282,0,1,0,3475,3476,C
2-PB1,1283,3440,0,1,0,3441,A
2-PB1,1284,3468,0,1,1,3470,A
2-PB1,1285,3476,0,3,2,3481,A
2-PB1,1286,3482,1,7,0,3490,A
2-PB1,1287,0,0,3546,0,3546,G
2-PB1,1288,3545,0,2,0,3547,A
2-PB1,1289,3550,0,1,1,3552,A
2-PB1,1290,3554,0,7,0,3561,A
2-PB1,1291,0,3554,0,2,3556,T
2-PB1,1292,3564,2,2,0,3568,A
2-PB1,1293,0,2,0,3662,3664,C
2-PB1,1294,3644,0,6,0,3650,A
2-PB1,1295,1,1,0,3664,3666,C
2-PB1,1296,8,2,0,3632,3642,C
2-PB1,1297,3636,1,0,0,3637,A
2-PB1,1298,3685,0,3,0,3688,A
2-PB1,1299,0,0,3800,0,3800,G
2-PB1,1300,3837,2,8,0,3847,A
2-PB1,1301,0,1,0,3869,3870,C
2-PB1,1302,3793,0,6,1,3800,A
2-PB1,1303,3904,0,5,0,3909,A
2-PB1,1304,2,3,0,3922,3927,C
2-PB1,1305,3976,2,3,0,3981,A
2-PB1,1306,1,3981,1,1,3984,T
2-PB1,1307,3956,0,3,1,3960,A
2-PB1,1308,1,0,0,4019,4020,C
2-PB1,1309,1,3904,0,3,3908,T
2-PB1,1310,1,3,3943,0,3947,G
2-PB1,1311,0,1,3954,0,3955,G
2-PB1,1312,0,3884,2,5,3891,T
2-PB1,1313,1,16,3877,0,3894,G
2-PB1,1314,3,6,3838,1,3848,G
2-PB1,1315,1,4,3857,0,3862,G
2-PB1,1316,3858,0,6,0,3864,A
2-PB1,1317,1,3795,0,3,3799,T
2-PB1,1318,3,6,3782,1,3792,G
2-PB1,1319,3,2,3774,0,3779,G
2-PB1,1320,4,0,3805,0,3809,G
2-PB1,1321,0,3,0,3839,3842,C
2-PB1,1322,2,3825,0,6,3833,T
2-PB1,1323,1,3,1,3836,3841,C
2-PB1,1324,1,2,0,3821,3824,C
2-PB1,1325,3826,3,2,0,3831,A
2-PB1,1326,3832,0,4,0,3836,A
2-PB1,1327,0,3833,0,0,3833,T
2-PB1,1328,0,0,0,3809,3809,C
2-PB1,1329,4,0,0,3775,3779,C
2-PB1,1330,0,3750,0,3,3753,T
2-PB1,1331,4,1,1,3737,3743,C
2-PB1,1332,2,2,0,3730,3734,C
2-PB1,1333,0,1,3741,0,3742,G
2-PB1,1334,3741,2,1,0,3744,A
2-PB1,1335,0,1,0,3744,3745,C
2-PB1,1336,2,2,3744,0,3748,G
2-PB1,1337,3766,1,2,0,3769,A
2-PB1,1338,1,3764,0,2,3767,T
2-PB1,1339,0,3750,0,10,3760,T
2-PB1,1340,0,3750,2,5,3757,T
2-PB1,1341,1,3763,1,3,3768,T
2-PB1,1342,1,0,3777,0,3778,G
2-PB1,1343,1,2,0,3799,3802,C
2-PB1,1344,4,1,0,3798,3803,C
2-PB1,1345,8,1,0,3897,3906,C
2-PB1,1346,0,3862,0,6,3868,T
2-PB1,1347,0,1,0,4006,4007,C
2-PB1,1348,4037,1,0,0,4038,A
2-PB1,1349,0,4045,0,2,4047,T
2-PB1,1350,4042,0,4,0,4046,A
2-PB1,1351,0,4,4073,0,4077,G
2-PB1,1352,0,4029,0,3,4032,T
2-PB1,1353,0,2,4058,1,4061,G
2-PB1,1354,3970,1,2,0,3973,A
2-PB1,1355,3970,0,5,0,3975,A
2-PB1,1356,1,3826,0,1,3828,T
2-PB1,1357,6,0,3818,0,3824,G
2-PB1,1358,1,1,0,3853,3855,C
2-PB1,1359,3862,0,6,0,3868,A
2-PB1,1360,3,0,0,3864,3867,C
2-PB1,1361,6,2,1,3849,3858,C
2-PB1,1362,3830,0,2,0,3832,A
2-PB1,1363,3823,1,2,0,3826,A
2-PB1,1364,3813,0,1,0,3814,A
2-PB1,1365,1,3757,0,5,3763,T
2-PB1,1366,5,0,0,3854,3859,C
2-PB1,1367,3856,0,3,0,3859,A
2-PB1,1368,0,3852,0,3,3855,T
2-PB1,1369,1,2,3863,1,3867,G
2-PB1,1370,3862,1,4,0,3867,A
2-PB1,1371,3,5,3880,0,3888,G
2-PB1,1372,0,5,3862,0,3867,G
2-PB1,1373,9,4,3877,0,3890,G
2-PB1,1374,3871,0,4,0,3875,A
2-PB1,1375,3919,0,8,0,3927,A
2-PB1,1376,0,3928,1,1,3930,T
2-PB1,1377,3941,1,2,0,3944,A
2-PB1,1378,0,1,0,3947,3948,C
2-PB1,1379,3963,1,3,0,3967,A
2-PB1,1380,3960,0,6,0,3966,A
2-PB1,1381,2,1,3957,0,3960,G
2-PB1,1382,0,2,0,3937,3939,C
2-PB1,1383,3907,0,0,0,3907,A
2-PB1,1384,3,8,3927,0,3938,G
2-PB1,1385,1,4,3949,0,3954,G
2-PB1,1386,3933,0,9,0,3942,A
2-PB1,1387,0,4,3959,0,3963,G
2-PB1,1388,0,3903,0,2,3905,T
2-PB1,1389,0,4,3933,0,3937,G
2-PB1,1390,24,3,3926,1,3954,G
2-PB1,1391,3946,0,9,0,3955,A
2-PB1,1392,1,3955,0,1,3957,T
2-PB1,1393,3895,0,5,0,3900,A
2-PB1,1394,1,1,3925,1,3928,G
2-PB1,1395,3948,1,1,1,3951,A
2-PB1,1396,1,3944,0,2,3947,T
2-PB1,1397,0,3938,0,1,3939,T
2-PB1,1398,3,2,0,4014,4019,C
2-PB1,1399,0,4005,0,2,4007,T
2-PB1,1400,4010,1,0,0,4011,A
2-PB1,1401,1,0,0,4009,4010,C
2-PB1,1402,3950,0,3,0,3953,A
2-PB1,1403,0,2,3957,0,3959,G
2-PB1,1404,1,6,3888,1,3896,G
2-PB1,1405,3932,0,3,1,3936,A
2-PB1,1406,1,2,1,3917,3921,C
2-PB1,1407,4,0,0,3866,3870,C
2-PB1,1408,1,3828,0,16,3845,T
2-PB1,1409,0,1,3863,0,3864,G
2-PB1,1410,2,1,0,3863,3866,C
2-PB1,1411,3861,1,4,0,3866,A
2-PB1,1412,3885,1,8,0,3894,A
2-PB1,1413,0,0,3912,0,3912,G
2-PB1,1414,0,3865,1,1,3867,T
2-PB1,1415,0,3869,0,1,3870,T
2-PB1,1416,3825,0,2,4,3831,A
2-PB1,1417,0,2,3835,1,3838,G
2-PB1,1418,0,3819,0,4,3823,T
2-PB1,1419,1,5,3809,1,3816,G
2-PB1,1420,1,2,3810,0,3813,G
2-PB1,1421,0,3,3840,0,3843,G
2-PB1,1422,3823,0,2,0,3825,A
2-PB1,1423,3831,0,2,0,3833,A
2-PB1,1424,2,3825,0,5,3832,T
2-PB1,1425,2,0,0,3844,3846,C
2-PB1,1426,3839,1,4,0,3844,A
2-PB1,1427,3859,0,3,0,3862,A
2-PB1,1428,1,3,0,3850,3854,C
2-PB1,1429,3848,1,1,0,3850,A
2-PB1,1430,0,3771,0,1,3772,T
2-PB1,1431,1,5,3767,0,3773,G
2-PB1,1432,3765,0,6,0,3771,A
2-PB1,1433,2,0,3789,0,3791,G
2-PB1,1434,0,4,1,3773,3778,C
2-PB1,1435,3770,0,1,0,3771,A
2-PB1,1436,3770,0,8,1,3779,A
2-PB1,1437,3770,1,3,1,3775,A
2-PB1,1438,3791,1,4,0,3796,A
2-PB1,1439,3782,0,14,0,3796,A
2-PB1,1440,0,1,3800,0,3801,G
2-PB1,1441,3750,1,5,0,3756,A
2-PB1,1442,3711,0,8,0,3719,A
2-PB1,1443,1,2,3850,0,3853,G
2-PB1,1444,0,3835,0,5,3840,T
2-PB1,1445,1,1,1,3835,3838,C
2-PB1,1446,2,2,1,3847,3852,C
2-PB1,1447,1,3831,0,2,3834,T
2-PB1,1448,3877,0,0,0,3877,A
2-PB1,1449,1,3863,0,1,3865,T
2-PB1,1450,3863,0,4,0,3867,A
2-PB1,1451,1,3861,0,3,3865,T
2-PB1,1452,3772,1,3,0,3776,A
2-PB1,1453,3775,0,2,0,3777,A
2-PB1,1454,3777,0,0,1,3778,A
2-PB1,1455,2,3768,0,1,3771,T
2-PB1,1456,3748,0,0,0,3748,A
2-PB1,1457,3728,1,3,1,3733,A
2-PB1,1458,3743,0,2,0,3745,A
2-PB1,1459,3754,1,5,0,3760,A
2-PB1,1460,0,5,0,3754,3759,C
2-PB1,1461,3633,0,4,0,3637,A
2-PB1,1462,1,7,3625,0,3633,G
2-PB1,1463,3,5,3626,0,3634,G
2-PB1,1464,1,3,3632,0,3636,G
2-PB1,1465,3639,0,6,0,3645,A
2-PB1,1466,0,3,1,3644,3648,C
2-PB1,1467,3618,0,3,1,3622,A
2-PB1,1468,0,3634,0,0,3634,T
2-PB1,1469,0,3631,0,6,3637,T
2-PB1,1470,0,3635,1,5,3641,T
2-PB1,1471,1,5,3645,1,3652,G
2-PB1,1472,3626,1,3,0,3630,A
2-PB1,1473,3630,1,1,0,3632,A
2-PB1,1474,1,3628,0,4,3633,T
2-PB1,1475,0,3559,0,4,3563,T
2-PB1,1476,3,0,0,3579,3582,C
2-PB1,1477,3555,1,3,1,3560,A
2-PB1,1478,3,0,0,3556,3559,C
2-PB1,1479,0,3563,0,1,3564,T
2-PB1,1480,3566,1,3,0,3570,A
2-PB1,1481,0,1,3570,0,3571,G
2-PB1,1482,0,0,0,3578,3578,C
2-PB1,1483,0,3533,0,9,3542,T
2-PB1,1484,1,3581,1,1,3584,T
2-PB1,1485,1,3569,0,3,3573,T
2-PB1,1486,5,3568,0,2,3575,T
2-PB1,1487,0,3575,0,1,3576,T
2-PB1,1488,0,3569,0,2,3571,T
2-PB1,1489,0,3563,0,2,3565,T
2-PB1,1490,3563,1,3,0,3567,A
2-PB1,1491,1,3560,0,1,3562,T
2-PB1,1492,2,2,0,3551,3555,C
2-PB1,1493,3,2,3555,0,3560,G
2-PB1,1494,3650,1,0,0,3651,A
2-PB1,1495,0,3664,0,0,3664,T
2-PB1,1496,3656,1,6,0,3663,A
2-PB1,1497,0,3684,0,1,3685,T
2-PB1,1498,3,5,3670,0,3678,G
2-PB1,1499,0,1,3696,0,3697,G
2-PB1,1500,3688,1,4,0,3693,A
2-PB1,1501,0,3660,0,4,3664,T
2-PB1,1502,0,3640,0,0,3640,T
2-PB1,1503,0,3547,1,0,3548,T
2-PB1,1504,0,1,3542,0,3543,G
2-PB1,1505,1,3543,0,2,3546,T
2-PB1,1506,1,5,3536,0,3542,G
2-PB1,1507,0,3,3538,1,3542,G
2-PB1,1508,0,0,0,3513,3513,C
2-PB1,1509,2,3508,0,3,3513,T
2-PB1,1510,3523,0,0,0,3523,A
2-PB1,1511,3544,0,1,0,3545,A
2-PB1,1512,1,3564,0,1,3566,T
2-PB1,1513,1,3574,1,0,3576,T
2-PB1,1514,0,3574,0,1,3575,T
2-PB1,1515,0,3577,0,1,3578,T
2-PB1,1516,3578,1,3,0,3582,A
2-PB1,1517,0,1,3614,0,3615,G
2-PB1,1518,0,2,0,3607,3609,C
2-PB1,1519,3594,0,4,1,3599,A
2-PB1,1520,1,3553,0,3,3557,T
2-PB1,1521,4,5,3488,0,3497,G
2-PB1,1522,0,4,3527,1,3532,G
2-PB1,1523,3527,0,2,0,3529,A
2-PB1,1524,1,1,3528,0,3530,G
2-PB1,1525,2,1,0,3518,3521,C
2-PB1,1526,0,3463,0,4,3467,T
2-PB1,1527,0,2,3494,0,3496,G
2-PB1,1528,4,0,0,3473,3477,C
2-PB1,1529,6,1,0,3467,3474,C
2-PB1,1530,3,1,0,3491,3495,C
2-PB1,1531,3428,0,2,1,3431,A
2-PB1,1532,1,0,3560,0,3561,G
2-PB1,1533,0,3543,0,4,3547,T
2-PB1,1534,0,3544,0,4,3548,T
2-PB1,1535,1,3552,1,2,3556,T
2-PB1,1536,0,3506,0,1,3507,T
2-PB1,1537,0,8,3485,0,3493,G
2-PB1,1538,2,2,3502,0,3506,G
2-PB1,1539,3481,0,7,0,3488,A
2-PB1,1540,0,1,3496,0,3497,G
2-PB1,1541,0,3262,1,2,3265,T
2-PB1,1542,3257,0,3,0,3260,A
2-PB1,1543,1,3332,0,2,3335,T
2-PB1,1544,1,0,0,3338,3339,C
2-PB1,1545,0,3343,0,4,3347,T
2-PB1,1546,1,2,3359,0,3362,G
2-PB1,1547,2,6,3383,0,3391,G
2-PB1,1548,3385,0,1,0,3386,A
2-PB1,1549,3389,0,6,1,3396,A
2-PB1,1550,0,3384,0,0,3384,T
2-PB1,1551,3282,0,1,0,3283,A
2-PB1,1552,3281,0,4,0,3285,A
2-PB1,1553,3278,2,4,1,3285,A
2-PB1,1554,0,5,0,3283,3288,C
2-PB1,1555,1,1,3250,0,3252,G
2-PB1,1556,3239,0,2,0,3241,A
2-PB1,1557,0,0,3240,0,3240,G
2-PB1,1558,2,3230,1,1,3234,T
2-PB1,1559,6,1,0,3231,3238,C
2-PB1,1560,3213,1,4,1,3219,A
2-PB1,1561,0,0,3258,0,3258,G
2-PB1,1562,1,1,0,3255,3257,C
2-PB1,1563,0,3244,0,5,3249,T
2-PB1,1564,2,2,3327,2,3333,G
2-PB1,1565,3307,1,3,0,3311,A
2-PB1,1566,2,3305,0,0,3307,T
2-PB1,1567,3309,0,0,1,3310,A
2-PB1,1568,1,3258,0,3,3262,T
2-PB1,1569,1,5,3261,0,3267,G
2-PB1,1570,3181,1,3,1,3186,A
2-PB1,1571,0,1,3221,0,3222,G
2-PB1,1572,1,1,0,3214,3216,C
2-PB1,1573,3043,0,2,0,3045,A
2-PB1,1574,2,3037,0,1,3040,T
2-PB1,1575,1,3039,0,1,3041,T
2-PB1,1576,1,5,3059,0,3065,G
2-PB1,1577,0,2,3162,0,3164,G
2-PB1,1578,3143,0,2,0,3145,A
2-PB1,1579,2,0,3149,0,3151,G
2-PB1,1580,0,3046,0,2,3048,T
2-PB1,1581,3035,0,1,0,3036,A
2-PB1,1582,3026,2,9,1,3038,A
2-PB1,1583,1,0,1,3051,3053,C
2-PB1,1584,3029,0,3,0,3032,A
2-PB1,1585,0,2,3080,1,3083,G
2-PB1,1586,0,2787,1,3,2791,T
2-PB1,1587,0,3,2814,0,2817,G
2-PB1,1588,2853,0,5,0,2858,A
2-PB1,1589,1,2855,0,1,2857,T
2-PB1,1590,2844,2,1,0,2847,A
2-PB1,1591,2848,0,1,0,2849,A
2-PB1,1592,2772,0,10,0,2782,A
2-PB1,1593,0,0,2813,0,2813,G
2-PB1,1594,2696,1,5,0,2702,A
2-PB1,1595,2699,1,6,0,2706,A
2-PB1,1596,2,1,0,2699,2702,C
2-PB1,1597,2623,1,1,0,2625,A
2-PB1,1598,2637,0,8,0,2645,A
2-PB1,1599,0,1,0,2652,2653,C
2-PB1,1600,2659,1,7,0,2667,A
2-PB1,1601,1,2665,6,0,2672,T
2-PB1,1602,0,3,2613,0,2616,G
2-PB1,1603,2612,0,0,1,2613,A
2-PB1,1604,1,2608,0,0,2609,T
2-PB1,1605,2575,0,5,0,2580,A
2-PB1,1606,2598,0,4,1,2603,A
2-PB1,1607,2592,1,3,0,2596,A
2-PB1,1608,1,1,0,2595,2597,C
2-PB1,1609,2503,0,1,0,2504,A
2-PB1,1610,2504,0,2,0,2506,A
2-PB1,1611,0,2444,0,1,2445,T
2-PB1,1612,1,4,2441,1,2447,G
2-PB1,1613,2506,2,1,0,2509,A
2-PB1,1614,0,0,0,2526,2526,C
2-PB1,1615,3,3,1,2475,2482,C
2-PB1,1616,1,2415,0,3,2419,T
2-PB1,1617,0,2378,0,0,2378,T
2-PB1,1618,4,1,2369,0,2374,G
2-PB1,1619,1,8,2378,0,2387,G
2-PB1,1620,2396,0,8,0,2404,A
2-PB1,1621,1,2,0,2396,2399,C
2-PB1,1622,0,1,1,2374,2376,C
2-PB1,1623,2355,0,1,0,2356,A
2-PB1,1624,2,0,2366,0,2368,G
2-PB1,1625,2,1,0,2368,2371,C
2-PB1,1626,2371,0,2,0,2373,A
2-PB1,1627,2370,0,2,0,2372,A
2-PB1,1628,0,0,1,2351,2352,C
2-PB1,1629,2325,0,2,0,2327,A
2-PB1,1630,0,1,2379,0,2380,G
2-PB1,1631,0,0,1,2369,2370,C
2-PB1,1632,7,0,0,2366,2373,C
2-PB1,1633,2,0,0,2373,2375,C
2-PB1,1634,2375,0,0,1,2376,A
2-PB1,1635,2375,1,1,0,2377,A
2-PB1,1636,2370,2,1,0,2373,A
2-PB1,1637,0,2372,0,2,2374,T
2-PB1,1638,2,1,2363,0,2366,G
2-PB1,1639,3,2,2348,0,2353,G
2-PB1,1640,0,0,0,2346,2346,C
2-PB1,1641,1,2326,0,7,2334,T
2-PB1,1642,0,2,0,2383,2385,C
2-PB1,1643,0,2373,0,8,2381,T
2-PB1,1644,4,0,1,2395,2400,C
2-PB1,1645,4,1,0,2396,2401,C
2-PB1,1646,2405,1,0,1,2407,A
2-PB1,1647,2406,2,0,0,2408,A
2-PB1,1648,0,2392,0,4,2396,T
2-PB1,1649,1,2380,0,0,2381,T
2-PB1,1650,0,0,2383,0,2383,G
2-PB1,1651,1,2340,1,2,2344,T
2-PB1,1652,2,2338,0,3,2343,T
2-PB1,1653,3,2,0,2346,2351,C
2-PB1,1654,2330,1,1,0,2332,A
2-PB1,1655,0,2332,0,1,2333,T
2-PB1,1656,0,0,0,2331,2331,C
2-PB1,1657,2334,0,1,0,2335,A
2-PB1,1658,2334,0,0,0,2334,A
2-PB1,1659,2335,0,4,1,2340,A
2-PB1,1660,0,1,2385,0,2386,G
2-PB1,1661,2379,0,4,1,2384,A
2-PB1,1662,1,2383,1,2,2387,T
2-PB1,1663,0,2392,0,0,2392,T
2-PB1,1664,2394,1,1,0,2396,A
2-PB1,1665,0,10,0,2427,2437,C
2-PB1,1666,2428,1,3,0,2432,A
2-PB1,1667,0,3,2450,0,2453,G
2-PB1,1668,2435,2,8,0,2445,A
2-PB1,1669,0,2487,0,0,2487,T
2-PB1,1670,2482,1,2,0,2485,A
2-PB1,1671,0,1,0,2612,2613,C
2-PB1,1672,2648,0,2,2,2652,A
2-PB1,1673,0,1,0,2830,2831,C
2-PB1,1674,2787,0,2,0,2789,A
2-PB1,1675,0,2817,0,0,2817,T
2-PB1,1676,2801,0,2,0,2803,A
2-PB1,1677,0,2799,0,0,2799,T
2-PB1,1678,2726,1,2,1,2730,A
2-PB1,1679,0,6,2727,0,2733,G
2-PB1,1680,1,1,2704,0,2706,G
2-PB1,1681,0,2584,0,2,2586,T
2-PB1,1682,1,1,2540,1,2543,G
2-PB1,1683,2,0,0,2616,2618,C
2-PB1,1684,2,1,0,2614,2617,C
2-PB1,1685,2643,0,3,1,2647,A
2-PB1,1686,1,2647,0,0,2648,T
2-PB1,1687,2651,0,3,0,2654,A
2-PB1,1688,0,3,2666,0,2669,G
2-PB1,1689,2617,0,5,0,2622,A
2-PB1,1690,0,8,2622,0,2630,G
2-PB1,1691,1,2,2629,0,2632,G
2-PB1,1692,2539,2,3,1,2545,A
2-PB1,1693,0,2,2558,0,2560,G
2-PB1,1694,2543,0,2,0,2545,A
2-PB1,1695,0,0,0,2541,2541,C
2-PB1,1696,2530,0,3,0,2533,A
2-PB1,1697,0,0,1,2563,2564,C
2-PB1,1698,2559,0,2,0,2561,A
2-PB1,1699,1,1,0,2565,2567,C
2-PB1,1700,2550,0,0,0,2550,A
2-PB1,1701,2554,3,3,1,2561,A
2-PB1,1702,2574,1,4,0,2579,A
2-PB1,1703,1,2573,0,0,2574,T
2-PB1,1704,3,0,0,2571,2574,C
2-PB1,1705,2,0,0,2573,2575,C
2-PB1,1706,2543,2,4,0,2549,A
2-PB1,1707,0,2,2554,0,2556,G
2-PB1,1708,2549,1,2,0,2552,A
2-PB1,1709,2,0,0,2562,2564,C
2-PB1,1710,8,4,2552,0,2564,G
2-PB1,1711,2540,0,5,0,2545,A
2-PB1,1712,0,4,2544,0,2548,G
2-PB1,1713,2549,0,2,0,2551,A
2-PB1,1714,2543,0,8,0,2551,A
2-PB1,1715,0,1,2560,0,2561,G
2-PB1,1716,2553,1,2,0,2556,A
2-PB1,1717,0,2550,1,1,2552,T
2-PB1,1718,3,1,0,2539,2543,C
2-PB1,1719,2539,0,4,0,2543,A
2-PB1,1720,1,2537,1,3,2542,T
2-PB1,1721,0,2537,0,5,2542,T
2-PB1,1722,1,3,0,2540,2544,C
2-PB1,1723,0,2,2548,0,2550,G
2-PB1,1724,2529,1,3,2,2535,A
2-PB1,1725,0,2,2538,0,2540,G
2-PB1,1726,2524,0,2,0,2526,A
2-PB1,1727,1,2578,0,2,2581,T
2-PB1,1728,2583,2,0,0,2585,A
2-PB1,1729,2593,0,1,0,2594,A
2-PB1,1730,2582,0,10,0,2592,A
2-PB1,1731,0,0,2599,0,2599,G
2-PB1,1732,2591,1,1,0,2593,A
2-PB1,1733,2537,0,5,0,2542,A
2-PB1,1734,1,0,2545,0,2546,G
2-PB1,1735,0,2,0,2544,2546,C
2-PB1,1736,0,2510,0,2,2512,T
2-PB1,1737,0,1,2524,0,2525,G
2-PB1,1738,2,2507,0,5,2514,T
2-PB1,1739,0,7,2494,0,2501,G
2-PB1,1740,0,1,2516,0,2517,G
2-PB1,1741,1,1,2523,0,2525,G
2-PB1,1742,2527,1,4,0,2532,A
2-PB1,1743,1,2504,0,3,2508,T
2-PB1,1744,2,0,0,2504,2506,C
2-PB1,1745,2504,1,1,0,2506,A
2-PB1,1746,2515,0,3,0,2518,A
2-PB1,1747,2524,0,3,0,2527,A
2-PB1,1748,1,0,0,2527,2528,C
2-PB1,1749,3,0,0,2521,2524,C
2-PB1,1750,6,1,0,2514,2521,C
2-PB1,1751,2510,0,1,0,2511,A
2-PB1,1752,2558,2,2,0,2562,A
2-PB1,1753,0,2554,0,1,2555,T
2-PB1,1754,2,1,0,2560,2563,C
2-PB1,1755,2544,0,1,0,2545,A
2-PB1,1756,2534,1,2,0,2537,A
2-PB1,1757,4,5,2555,0,2564,G
2-PB1,1758,0,4,2552,0,2556,G
2-PB1,1759,0,1,2555,0,2556,G
2-PB1,1760,0,1,0,2558,2559,C
2-PB1,1761,2502,0,2,0,2504,A
2-PB1,1762,0,5,2569,0,2574,G
2-PB1,1763,0,1,2592,0,2593,G
2-PB1,1764,2595,1,0,0,2596,A
2-PB1,1765,0,1,0,2624,2625,C
2-PB1,1766,0,2589,1,0,2590,T
2-PB1,1767,2657,0,1,0,2658,A
2-PB1,1768,1,2648,0,3,2652,T
2-PB1,1769,0,2647,0,2,2649,T
2-PB1,1770,0,3,2656,0,2659,G
2-PB1,1771,49,0,2628,0,2677,G
2-PB1,1772,1,2637,0,1,2639,T
2-PB1,1773,2632,1,1,0,2634,A
2-PB1,1774,0,2599,0,4,2603,T
2-PB1,1775,2,1,0,2609,2612,C
2-PB1,1776,2556,0,2,0,2558,A
2-PB1,1777,0,2,2574,0,2576,G
2-PB1,1778,2571,0,4,0,2575,A
2-PB1,1779,0,2544,0,9,2553,T
2-PB1,1780,0,0,2452,0,2452,G
2-PB1,1781,0,5,2440,0,2445,G
2-PB1,1782,3,2,2443,0,2448,G
2-PB1,1783,2,2,2451,0,2455,G
2-PB1,1784,0,6,2446,0,2452,G
2-PB1,1785,2441,2,4,0,2447,A
2-PB1,1786,1,0,1,2433,2435,C
2-PB1,1787,2,1,0,2429,2432,C
2-PB1,1788,2423,3,3,0,2429,A
2-PB1,1789,2594,1,3,0,2598,A
2-PB1,1790,2604,1,2,0,2607,A
2-PB1,1791,0,0,0,2655,2655,C
2-PB1,1792,1,2630,0,3,2634,T
2-PB1,1793,0,2624,0,0,2624,T
2-PB1,1794,2641,0,2,0,2643,A
2-PB1,1795,1,2635,0,1,2637,T
2-PB1,1796,2645,0,2,1,2648,A
2-PB1,1797,0,0,0,2659,2659,C
2-PB1,1798,2502,0,0,0,2502,A
2-PB1,1799,2514,0,2,1,2517,A
2-PB1,1800,0,2466,0,1,2467,T
2-PB1,1801,2503,1,7,0,2511,A
2-PB1,1802,0,2506,0,0,2506,T
2-PB1,1803,2,4,0,2503,2509,C
2-PB1,1804,3,4,0,2503,2510,C
2-PB1,1805,6,2,2506,0,2514,G
2-PB1,1806,0,3,2509,0,2512,G
2-PB1,1807,2504,0,0,1,2505,A
2-PB1,1808,2507,0,0,0,2507,A
2-PB1,1809,0,2504,0,1,2505,T
2-PB1,1810,1,0,0,2505,2506,C
2-PB1,1811,0,2496,0,4,2500,T
2-PB1,1812,1,2505,0,3,2509,T
2-PB1,1813,2,0,2,2512,2516,C
2-PB1,1814,2508,0,6,1,2515,A
2-PB1,1815,2,0,0,2518,2520,C
2-PB1,1816,2517,1,1,0,2519,A
2-PB1,1817,0,2685,0,4,2689,T
2-PB1,1818,3,1,0,2692,2696,C
2-PB1,1819,1,1,0,2697,2699,C
2-PB1,1820,6,0,0,2711,2717,C
2-PB1,1821,0,2707,0,5,2712,T
2-PB1,1822,1,0,2716,0,2717,G
2-PB1,1823,2717,0,1,0,2718,A
2-PB1,1824,2709,0,1,0,2710,A
2-PB1,1825,0,0,2710,0,2710,G
2-PB1,1826,1,2566,0,7,2574,T
2-PB1,1827,1,0,0,2571,2572,C
2-PB1,1828,0,2535,0,1,2536,T
2-PB1,1829,0,1,2588,0,2589,G
2-PB1,1830,3,3,0,2583,2589,C
2-PB1,1831,0,2585,0,3,2588,T
2-PB1,1832,0,2593,0,0,2593,T
2-PB1,1833,2588,1,0,1,2590,A
2-PB1,1834,2593,0,2,0,2595,A
2-PB1,1835,2597,1,2,0,2600,A
2-PB1,1836,4,0,2607,0,2611,G
2-PB1,1837,0,2580,0,2,2582,T
2-PB1,1838,1,1,2522,0,2524,G
2-PB1,1839,1,1,2511,0,2513,G
2-PB1,1840,1,1,2519,0,2521,G
2-PB1,1841,2511,0,7,0,2518,A
2-PB1,1842,0,1,2523,0,2524,G
2-PB1,1843,4,3,0,2516,2523,C
2-PB1,1844,0,2498,0,4,2502,T
2-PB1,1845,1,0,2516,0,2517,G
2-PB1,1846,2502,3,2,0,2507,A
2-PB1,1847,0,2506,0,2,2508,T
2-PB1,1848,0,3,2510,1,2514,G
2-PB1,1849,1,1,2513,0,2515,G
2-PB1,1850,2507,1,3,1,2512,A
2-PB1,1851,0,2501,0,3,2504,T
2-PB1,1852,0,4,2500,0,2504,G
2-PB1,1853,2491,1,4,0,2496,A
2-PB1,1854,0,2,2522,0,2524,G
2-PB1,1855,2517,0,2,1,2520,A
2-PB1,1856,2524,0,0,0,2524,A
2-PB1,1857,1,2509,1,1,2512,T
2-PB1,1858,0,2497,0,1,2498,T
2-PB1,1859,2507,0,0,0,2507,A
2-PB1,1860,0,2505,1,0,2506,T
2-PB1,1861,3,0,0,2502,2505,C
2-PB1,1862,0,4,2511,1,2516,G
2-PB1,1863,1,3,2496,0,2500,G
2-PB1,1864,2,0,2494,0,2496,G
2-PB1,1865,2,2,2493,0,2497,G
2-PB1,1866,2483,0,11,0,2494,A
2-PB1,1867,2496,0,3,0,2499,A
2-PB1,1868,0,4,2512,0,2516,G
2-PB1,1869,2530,0,1,0,2531,A
2-PB1,1870,0,0,0,2545,2545,C
2-PB1,1871,1,2515,0,1,2517,T
2-PB1,1872,0,2563,0,4,2567,T
2-PB1,1873,0,2570,0,0,2570,T
2-PB1,1874,1,1,2581,0,2583,G
2-PB1,1875,0,2583,0,1,2584,T
2-PB1,1876,2578,0,1,0,2579,A
2-PB1,1877,2569,0,3,0,2572,A
2-PB1,1878,0,2518,0,2,2520,T
2-PB1,1879,1,1,0,2539,2541,C
2-PB1,1880,3,0,0,2535,2538,C
2-PB1,1881,6,1,0,2519,2526,C
2-PB1,1882,2,0,1,2534,2537,C
2-PB1,1883,0,2525,1,2,2528,T
2-PB1,1884,4,4,2530,0,2538,G
2-PB1,1885,2536,0,0,0,2536,A
2-PB1,1886,2533,0,6,1,2540,A
2-PB1,1887,0,2543,0,1,2544,T
2-PB1,1888,1,0,0,2529,2530,C
2-PB1,1889,2,2,0,2511,2515,C
2-PB1,1890,1,0,0,2506,2507,C
2-PB1,1891,0,2505,0,1,2506,T
2-PB1,1892,4,2499,0,3,2506,T
2-PB1,1893,0,2494,0,1,2495,T
2-PB1,1894,0,0,2495,0,2495,G
2-PB1,1895,1,2487,0,1,2489,T
2-PB1,1896,4,1,0,2481,2486,C
2-PB1,1897,2458,0,5,2,2465,A
2-PB1,1898,2,2,2500,0,2504,G
2-PB1,1899,1,0,0,2493,2494,C
2-PB1,1900,2,1,0,2493,2496,C
2-PB1,1901,2500,0,1,0,2501,A
2-PB1,1902,0,2506,0,1,2507,T
2-PB1,1903,2508,0,3,0,2511,A
2-PB1,1904,2510,1,2,0,2513,A
2-PB1,1905,2506,0,9,0,2515,A
2-PB1,1906,1,1,2523,0,2525,G
2-PB1,1907,2473,0,0,0,2473,A
2-PB1,1908,2475,1,1,0,2477,A
2-PB1,1909,2473,0,4,0,2477,A
2-PB1,1910,0,2481,0,0,2481,T
2-PB1,1911,1,2474,0,1,2476,T
2-PB1,1912,0,2,2475,0,2477,G
2-PB1,1913,2475,0,0,0,2475,A
2-PB1,1914,2422,0,3,0,2425,A
2-PB1,1915,0,2485,0,2,2487,T
2-PB1,1916,0,0,0,2508,2508,C
2-PB1,1917,2,2508,0,2,2512,T
2-PB1,1918,1,1,2552,0,2554,G
2-PB1,1919,0,2550,1,1,2552,T
2-PB1,1920,2580,0,2,0,2582,A
2-PB1,1921,2571,2,3,1,2577,A
2-PB1,1922,2572,1,3,0,2576,A
2-PB1,1923,2,1,0,2584,2587,C
2-PB1,1924,2508,0,2,0,2510,A
2-PB1,1925,2559,2,2,0,2563,A
2-PB1,1926,0,2559,0,0,2559,T
2-PB1,1927,1,0,2551,0,2552,G
2-PB1,1928,0,0,0,2575,2575,C
2-PB1,1929,1,2551,0,1,2553,T
2-PB1,1930,1,0,2628,0,2629,G
2-PB1,1931,1,2622,0,3,2626,T
2-PB1,1932,2657,0,0,0,2657,A
2-PB1,1933,0,0,2655,0,2655,G
2-PB1,1934,0,2590,1,0,2591,T
2-PB1,1935,2582,0,1,0,2583,A
2-PB1,1936,2567,0,1,0,2568,A
2-PB1,1937,0,2543,1,1,2545,T
2-PB1,1938,3,0,2538,1,2542,G
2-PB1,1939,0,0,0,2509,2509,C
2-PB1,1940,1,2,0,2475,2478,C
2-PB1,1941,2457,0,3,0,2460,A
2-PB1,1942,1,0,2474,0,2475,G
2-PB1,1943,1,0,0,2509,2510,C
2-PB1,1944,2,0,0,2500,2502,C
2-PB1,1945,7,2,0,2486,2495,C
2-PB1,1946,2485,0,3,0,2488,A
2-PB1,1947,2,2483,0,4,2489,T
2-PB1,1948,2,3,2483,0,2488,G
2-PB1,1949,2,0,2481,0,2483,G
2-PB1,1950,0,2467,0,4,2471,T
2-PB1,1951,2,1,0,2446,2449,C
2-PB1,1952,2,2,0,2371,2375,C
2-PB1,1953,1,3,2390,0,2394,G
2-PB1,1954,3,0,2397,0,2400,G
2-PB1,1955,2,1,0,2389,2392,C
2-PB1,1956,3,0,0,2397,2400,C
2-PB1,1957,2402,0,1,0,2403,A
2-PB1,1958,2404,0,2,0,2406,A
2-PB1,1959,2401,0,0,1,2402,A
2-PB1,1960,2403,0,1,1,2405,A
2-PB1,1961,1,1,2447,0,2449,G
2-PB1,1962,2,2385,0,2,2389,T
2-PB1,1963,2397,0,1,0,2398,A
2-PB1,1964,3,2396,0,1,2400,T
2-PB1,1965,0,0,2398,0,2398,G
2-PB1,1966,0,2,2439,0,2441,G
2-PB1,1967,2417,1,2,0,2420,A
2-PB1,1968,2437,0,2,0,2439,A
2-PB1,1969,0,2430,0,1,2431,T
2-PB1,1970,2390,0,4,0,2394,A
2-PB1,1971,1,2388,1,1,2391,T
2-PB1,1972,0,0,2367,0,2367,G
2-PB1,1973,2368,1,4,0,2373,A
2-PB1,1974,0,2364,0,1,2365,T
2-PB1,1975,1,0,2305,1,2307,G
2-PB1,1976,0,4,0,2305,2309,C
2-PB1,1977,3,1,1,2278,2283,C
2-PB1,1978,0,2,2287,0,2289,G
2-PB1,1979,0,2284,0,3,2287,T
2-PB1,1980,2,2288,0,4,2294,T
2-PB1,1981,2,0,2292,0,2294,G
2-PB1,1982,0,2,0,2317,2319,C
2-PB1,1983,2323,0,1,0,2324,A
2-PB1,1984,2337,0,3,0,2340,A
2-PB1,1985,2,1,0,2335,2338,C
2-PB1,1986,0,2316,0,4,2320,T
2-PB1,1987,2318,0,1,0,2319,A
2-PB1,1988,0,0,0,2318,2318,C
2-PB1,1989,2311,0,3,0,2314,A
2-PB1,1990,1,1,0,2318,2320,C
2-PB1,1991,2237,0,1,1,2239,A
2-PB1,1992,0,0,0,2382,2382,C
2-PB1,1993,0,2340,1,1,2342,T
2-PB1,1994,1,1,0,2353,2355,C
2-PB1,1995,3,2,0,2350,2355,C
2-PB1,1996,0,2340,0,3,2343,T
2-PB1,1997,0,1,2336,0,2337,G
2-PB1,1998,0,1,2343,0,2344,G
2-PB1,1999,2344,0,0,0,2344,A
2-PB1,2000,1,2345,0,0,2346,T
2-PB1,2001,0,2129,1,3,2133,T
2-PB1,2002,2,1,0,2156,2159,C
2-PB1,2003,3,2,0,2145,2150,C
2-PB1,2004,1,1,0,2156,2158,C
2-PB1,2005,2160,0,1,0,2161,A
2-PB1,2006,2155,0,6,0,2161,A
2-PB1,2007,0,3,2163,1,2167,G
2-PB1,2008,2141,1,5,1,2148,A
2-PB1,2009,1,2,2145,0,2148,G
2-PB1,2010,1,3,2143,0,2147,G
2-PB1,2011,2111,1,1,0,2113,A
2-PB1,2012,2110,0,6,0,2116,A
2-PB1,2013,2,2,0,2114,2118,C
2-PB1,2014,4,0,1,2093,2098,C
2-PB1,2015,2,2,2122,0,2126,G
2-PB1,2016,1,0,0,2127,2128,C
2-PB1,2017,0,2120,0,4,2124,T
2-PB1,2018,3,0,0,2127,2130,C
2-PB1,2019,1,2118,0,3,2122,T
2-PB1,2020,2229,1,1,0,2231,A
2-PB1,2021,0,2223,0,4,2227,T
2-PB1,2022,0,2226,0,1,2227,T
2-PB1,2023,0,0,0,2238,2238,C
2-PB1,2024,1,2157,0,2,2160,T
2-PB1,2025,2166,0,0,0,2166,A
2-PB1,2026,2159,1,2,0,2162,A
2-PB1,2027,2155,0,7,1,2163,A
2-PB1,2028,0,0,0,2165,2165,C
2-PB1,2029,2025,0,2,0,2027,A
2-PB1,2030,1,0,0,2021,2022,C
2-PB1,2031,1995,0,1,0,1996,A
2-PB1,2032,2010,1,3,0,2014,A
2-PB1,2033,1,0,2014,0,2015,G
2-PB1,2034,0,0,1,2014,2015,C
2-PB1,2035,3,0,0,2019,2022,C
2-PB1,2036,2004,0,2,0,2006,A
2-PB1,2037,2000,1,1,0,2002,A
2-PB1,2038,1993,1,8,1,2003,A
2-PB1,2039,0,0,2007,1,2008,G
2-PB1,2040,0,2,2003,0,2005,G
2-PB1,2041,0,2,1980,0,1982,G
2-PB1,2042,0,3,1978,0,1981,G
2-PB1,2043,1963,2,3,0,1968,A
2-PB1,2044,1977,0,1,0,1978,A
2-PB1,2045,0,1978,0,1,1979,T
2-PB1,2046,1,1978,0,0,1979,T
2-PB1,2047,0,0,0,1986,1986,C
2-PB1,2048,0,1973,0,0,1973,T
2-PB1,2049,0,1965,0,0,1965,T
2-PB1,2050,0,1,1966,0,1967,G
2-PB1,2051,1967,0,2,0,1969,A
2-PB1,2052,2,0,1966,0,1968,G
2-PB1,2053,1,0,1960,1,1962,G
2-PB1,2054,1959,0,1,0,1960,A
2-PB1,2055,1,1945,0,4,1950,T
2-PB1,2056,1,5,1955,0,1961,G
2-PB1,2057,1960,0,2,0,1962,A
2-PB1,2058,1953,1,8,0,1962,A
2-PB1,2059,0,0,0,1973,1973,C
2-PB1,2060,1941,0,4,1,1946,A
2-PB1,2061,2,0,1971,0,1973,G
2-PB1,2062,1966,1,4,0,1971,A
2-PB1,2063,0,1961,0,2,1963,T
2-PB1,2064,0,1,1963,0,1964,G
2-PB1,2065,1,2008,0,0,2009,T
2-PB1,2066,2007,0,3,0,2010,A
2-PB1,2067,1,1,0,2004,2006,C
2-PB1,2068,1,3,1,1987,1992,C
2-PB1,2069,1964,2,3,0,1969,A
2-PB1,2070,0,0,1959,0,1959,G
2-PB1,2071,1930,0,3,0,1933,A
2-PB1,2072,1932,0,2,0,1934,A
2-PB1,2073,1,0,1932,0,1933,G
2-PB1,2074,0,1829,0,3,1832,T
2-PB1,2075,1,0,1822,0,1823,G
2-PB1,2076,0,1,0,1819,1820,C
2-PB1,2077,1,1817,0,2,1820,T
2-PB1,2078,2,0,1819,0,1821,G
2-PB1,2079,0,0,0,1813,1813,C
2-PB1,2080,1811,0,0,0,1811,A
2-PB1,2081,1812,1,3,0,1816,A
2-PB1,2082,1,1,0,1788,1790,C
2-PB1,2083,0,1780,0,3,1783,T
2-PB1,2084,0,1757,0,0,1757,T
2-PB1,2085,0,1,1754,0,1755,G
2-PB1,2086,0,1749,0,1,1750,T
2-PB1,2087,0,1751,0,0,1751,T
2-PB1,2088,2,0,0,1748,1750,C
2-PB1,2089,1,2,1745,0,1748,G
2-PB1,2090,1741,0,2,0,1743,A
2-PB1,2091,7,2,1735,1,1745,G
2-PB1,2092,1747,0,1,0,1748,A
2-PB1,2093,1745,1,1,0,1747,A
2-PB1,2094,1749,0,1,0,1750,A
2-PB1,2095,0,1748,0,1,1749,T
2-PB1,2096,0,1745,0,0,1745,T
2-PB1,2097,0,1740,0,2,1742,T
2-PB1,2098,0,1749,0,0,1749,T
2-PB1,2099,0,1735,0,3,1738,T
2-PB1,2100,3,2,0,1744,1749,C
2-PB1,2101,2,0,0,1743,1745,C
2-PB1,2102,4,0,0,1744,1748,C
2-PB1,2103,0,1745,0,0,1745,T
2-PB1,2104,1746,0,0,0,1746,A
2-PB1,2105,3,0,1752,0,1755,G
2-PB1,2106,0,1759,0,0,1759,T
2-PB1,2107,1769,0,0,0,1769,A
2-PB1,2108,0,1,1777,0,1778,G
2-PB1,2109,0,1764,0,2,1766,T
2-PB1,2110,0,1802,0,4,1806,T
2-PB1,2111,2,1,0,1811,1814,C
2-PB1,2112,1840,0,0,0,1840,A
2-PB1,2113,0,1845,0,0,1845,T
2-PB1,2114,1823,0,3,0,1826,A
2-PB1,2115,0,1824,0,4,1828,T
2-PB1,2116,1763,0,2,0,1765,A
2-PB1,2117,0,0,1762,0,1762,G
2-PB1,2118,3,2,1752,0,1757,G
2-PB1,2119,1575,0,1,0,1576,A
2-PB1,2120,0,2,1575,0,1577,G
2-PB1,2121,1497,0,0,0,1497,A
2-PB1,2122,2,5,0,1485,1492,C
2-PB1,2123,1,1,0,1432,1434,C
2-PB1,2124,1,1,1434,0,1436,G
2-PB1,2125,1432,0,1,0,1433,A
2-PB1,2126,0,1426,0,0,1426,T
2-PB1,2127,0,1424,0,0,1424,T
2-PB1,2128,1,1,1419,0,1421,G
2-PB1,2129,0,2,1418,1,1421,G
2-PB1,2130,1418,0,0,0,1418,A
2-PB1,2131,1422,0,0,0,1422,A
2-PB1,2132,2,1409,2,0,1413,T
2-PB1,2133,0,1410,0,0,1410,T
2-PB1,2134,0,1408,0,0,1408,T
2-PB1,2135,2,0,0,1410,1412,C
2-PB1,2136,1,1404,0,3,1408,T
2-PB1,2137,1405,0,1,0,1406,A
2-PB1,2138,2,0,1405,0,1407,G
2-PB1,2139,0,1,0,1398,1399,C
2-PB1,2140,1397,0,1,0,1398,A
2-PB1,2141,0,1394,0,0,1394,T
2-PB1,2142,1,2,1356,0,1359,G
2-PB1,2143,0,0,1379,0,1379,G
2-PB1,2144,0,1377,0,1,1378,T
2-PB1,2145,2,1,1374,0,1377,G
2-PB1,2146,0,0,1372,0,1372,G
2-PB1,2147,1358,0,0,0,1358,A
2-PB1,2148,0,1,1356,0,1357,G
2-PB1,2149,2,0,1350,0,1352,G
2-PB1,2150,1,0,0,1342,1343,C
2-PB1,2151,1,0,0,1329,1330,C
2-PB1,2152,1221,1,0,0,1222,A
2-PB1,2153,0,1215,0,2,1217,T
2-PB1,2154,0,2,1219,0,1221,G
2-PB1,2155,0,0,1225,0,1225,G
2-PB1,2156,0,1195,0,1,1196,T
2-PB1,2157,1,0,1210,0,1211,G
2-PB1,2158,0,1189,0,0,1189,T
2-PB1,2159,1,0,0,1177,1178,C
2-PB1,2160,2,1173,0,1,1176,T
2-PB1,2161,1163,0,0,0,1163,A
2-PB1,2162,0,3,1157,0,1160,G
2-PB1,2163,0,0,1121,0,1121,G
2-PB1,2164,2,0,1102,0,1104,G
2-PB1,2165,0,0,0,1079,1079,C
2-PB1,2166,1,0,0,1015,1016,C
2-PB1,2167,0,1,1,993,995,C
2-PB1,2168,1,1,996,0,998,G
2-PB1,2169,0,0,999,0,999,G
2-PB1,2170,997,1,1,0,999,A
2-PB1,2171,0,997,0,0,997,T
2-PB1,2172,0,949,0,0,949,T
2-PB1,2173,0,0,946,0,946,G
2-PB1,2174,938,0,3,0,941,A
2-PB1,2175,0,944,0,0,944,T
2-PB1,2176,0,0,945,0,945,G
2-PB1,2177,1,0,0,930,931,C
2-PB1,2178,1,0,0,931,932,C
2-PB1,2179,928,0,1,0,929,A
2-PB1,2180,0,1,928,0,929,G
2-PB1,2181,929,0,0,0,929,A
2-PB1,2182,929,0,0,0,929,A
2-PB1,2183,0,921,1,2,924,T
2-PB1,2184,0,895,0,1,896,T
2-PB1,2185,0,1,895,0,896,G
2-PB1,2186,893,0,0,0,893,A
2-PB1,2187,0,0,0,891,891,C
2-PB1,2188,0,887,0,2,889,T
2-PB1,2189,0,882,0,0,882,T
2-PB1,2190,0,1,0,881,882,C
2-PB1,2191,0,1,880,0,881,G
2-PB1,2192,884,0,1,0,885,A
2-PB1,2193,884,0,0,0,884,A
2-PB1,2194,0,870,0,3,873,T
2-PB1,2195,0,0,0,875,875,C
2-PB1,2196,0,870,0,1,871,T
2-PB1,2197,0,0,871,0,871,G
2-PB1,2198,0,0,869,0,869,G
2-PB1,2199,870,0,1,0,871,A
2-PB1,2200,843,0,1,0,844,A
2-PB1,2201,1,0,847,0,848,G
2-PB1,2202,0,0,854,0,854,G
2-PB1,2203,853,0,2,0,855,A
2-PB1,2204,0,849,0,1,850,T
2-PB1,2205,0,843,0,1,844,T
2-PB1,2206,842,0,1,1,844,A
2-PB1,2207,846,0,1,0,847,A
2-PB1,2208,0,0,847,0,847,G
2-PB1,2209,841,0,4,0,845,A
2-PB1,2210,803,0,1,0,804,A
2-PB1,2211,0,0,736,0,736,G
2-PB1,2212,0,0,736,0,736,G
2-PB1,2213,735,0,0,0,735,A
2-PB1,2214,731,0,3,0,734,A
2-PB1,2215,1,0,733,0,734,G
2-PB1,2216,698,0,0,0,698,A
2-PB1,2217,0,0,698,0,698,G
2-PB1,2218,0,682,0,0,682,T
2-PB1,2219,0,676,0,0,676,T
2-PB1,2220,0,0,0,679,679,C
2-PB1,2221,0,653,0,1,654,T
2-PB1,2222,1,0,0,653,654,C
2-PB1,2223,0,651,0,1,652,T
2-PB1,2224,0,0,649,0,649,G
2-PB1,2225,635,0,0,0,635,A
2-PB1,2226,0,0,624,0,624,G
2-PB1,2227,617,0,0,0,617,A
2-PB1,2228,0,603,0,1,604,T
2-PB1,2229,0,0,0,565,565,C
2-PB1,2230,564,0,5,0,569,A
2-PB1,2231,0,567,0,0,567,T
2-PB1,2232,3,0,563,0,566,G
2-PB1,2233,562,0,0,0,562,A
2-PB1,2234,560,0,1,0,561,A
2-PB1,2235,1,0,551,0,552,G
2-PB1,2236,540,0,0,0,540,A
2-PB1,2237,0,534,0,0,534,T
2-PB1,2238,0,0,0,527,527,C
2-PB1,2239,0,500,1,0,501,T
2-PB1,2240,0,0,501,0,501,G
2-PB1,2241,0,499,0,0,499,T
2-PB1,2242,0,498,0,1,499,T
2-PB1,2243,2,0,0,493,495,C
2-PB1,2244,0,0,0,475,475,C
2-PB1,2245,474,0,1,0,475,A
2-PB1,2246,0,0,0,474,474,C
2-PB1,2247,0,0,0,453,453,C
2-PB1,2248,438,0,0,0,438,A
2-PB1,2249,0,402,0,2,404,T
2-PB1,2250,0,385,0,1,386,T
2-PB1,2251,1,0,385,0,386,G
2-PB1,2252,381,0,1,0,382,A
2-PB1,2253,380,0,0,0,380,A
2-PB1,2254,0,0,378,0,378,G
2-PB1,2255,310,0,1,0,311,A
2-PB1,2256,312,0,0,0,312,A
2-PB1,2257,1,0,0,308,309,C
2-PB1,2258,0,294,0,0,294,T
2-PB1,2259,1,0,0,293,294,C
2-PB1,2260,273,0,1,0,274,A
2-PB1,2261,0,0,272,0,272,G
2-PB1,2262,274,0,0,0,274,A
2-PB1,2263,0,0,0,266,266,C
2-PB1,2264,0,0,264,0,264,G
2-PB1,2265,0,0,255,0,255,G
2-PB1,2266,0,0,0,253,253,C
2-PB1,2267,253,0,0,0,253,A
2-PB1,2268,252,0,0,0,252,A
2-PB1,2269,252,0,0,0,252,A
2-PB1,2270,250,0,0,0,250,A
2-PB1,2271,249,0,1,0,250,A
2-PB1,2272,0,245,0,0,245,T
2-PB1,2273,235,0,0,0,235,A
2-PB1,2274,233,0,0,0,233,A
3-PA,1,73,0,0,0,73,A
3-PA,2,0,73,0,0,73,T
3-PA,3,0,0,73,0,73,G
3-PA,4,0,0,75,0,75,G
3-PA,5,73,0,0,0,73,A
3-PA,6,75,0,0,0,75,A
3-PA,7,0,0,76,0,76,G
3-PA,8,77,0,0,0,77,A
3-PA,9,0,78,0,0,78,T
3-PA,10,0,79,0,0,79,T
3-PA,11,0,81,0,0,81,T
3-PA,12,0,81,0,0,81,T
3-PA,13,1,0,81,0,82,G
3-PA,14,0,82,0,0,82,T
3-PA,15,0,0,82,0,82,G
3-PA,16,0,1,0,85,86,C
3-PA,17,0,0,87,0,87,G
3-PA,18,95,0,0,0,95,A
3-PA,19,0,0,0,99,99,C
3-PA,20,98,0,1,0,99,A
3-PA,21,99,0,0,0,99,A
3-PA,22,0,102,0,0,102,T
3-PA,23,0,0,122,0,122,G
3-PA,24,0,0,0,125,125,C
3-PA,25,0,124,0,1,125,T
3-PA,26,0,125,0,0,125,T
3-PA,27,0,0,0,125,125,C
3-PA,28,128,0,0,0,128,A
3-PA,29,131,0,0,0,131,A
3-PA,30,0,0,0,132,132,C
3-PA,31,0,0,0,132,132,C
3-PA,32,0,0,0,131,131,C
3-PA,33,0,0,131,0,131,G
3-PA,34,129,0,0,0,129,A
3-PA,35,0,131,0,0,131,T
3-PA,36,0,0,131,0,131,G
3-PA,37,131,0,0,0,131,A
3-PA,38,0,134,0,0,134,T
3-PA,39,0,135,0,0,135,T
3-PA,40,0,0,136,0,136,G
3-PA,41,0,136,0,0,136,T
3-PA,42,0,0,0,135,135,C
3-PA,43,0,1,134,0,135,G
3-PA,44,136,0,1,0,137,A
3-PA,45,138,0,0,0,138,A
3-PA,46,0,0,0,142,142,C
3-PA,47,0,142,0,0,142,T
3-PA,48,0,142,0,0,142,T
3-PA,49,0,0,142,0,142,G
3-PA,50,0,0,0,143,143,C
3-PA,51,143,0,0,0,143,A
3-PA,52,0,0,144,0,144,G
3-PA,53,144,0,0,0,144,A
3-PA,54,143,0,0,0,143,A
3-PA,55,144,0,0,0,144,A
3-PA,56,142,0,1,0,143,A
3-PA,57,147,0,0,0,147,A
3-PA,58,0,0,149,0,149,G
3-PA,59,0,0,0,157,157,C
3-PA,60,157,0,0,0,157,A
3-PA,61,167,0,0,0,167,A
3-PA,62,0,168,0,0,168,T
3-PA,63,0,0,173,0,173,G
3-PA,64,172,0,1,0,173,A
3-PA,65,173,0,0,0,173,A
3-PA,66,174,0,1,0,175,A
3-PA,67,0,1,184,0,185,G
3-PA,68,192,0,1,0,193,A
3-PA,69,0,1,232,0,233,G
3-PA,70,0,234,0,0,234,T
3-PA,71,237,0,0,0,237,A
3-PA,72,0,236,0,0,236,T
3-PA,73,0,0,237,0,237,G
3-PA,74,0,0,237,0,237,G
3-PA,75,0,0,238,0,238,G
3-PA,76,0,0,239,0,239,G
3-PA,77,236,0,0,0,236,A
3-PA,78,0,0,236,0,236,G
3-PA,79,0,0,241,0,241,G
3-PA,80,240,0,0,0,240,A
3-PA,81,0,240,0,0,240,T
3-PA,82,1,0,0,239,240,C
3-PA,83,0,239,1,0,240,T
3-PA,84,0,0,239,0,239,G
3-PA,85,239,0,0,0,239,A
3-PA,86,240,0,0,0,240,A
3-PA,87,238,0,0,0,238,A
3-PA,88,238,0,0,0,238,A
3-PA,89,0,238,0,0,238,T
3-PA,90,0,238,0,0,238,T
3-PA,91,0,1,238,0,239,G
3-PA,92,239,0,0,0,239,A
3-PA,93,239,0,0,0,239,A
3-PA,94,239,0,0,0,239,A
3-PA,95,0,0,0,241,241,C
3-PA,96,242,0,0,0,242,A
3-PA,97,243,0,0,0,243,A
3-PA,98,241,0,0,0,241,A
3-PA,99,0,0,0,246,246,C
3-PA,100,246,0,0,0,246,A
3-PA,101,247,0,0,0,247,A
3-PA,102,248,0,0,0,248,A
3-PA,103,0,247,0,0,247,T
3-PA,104,0,248,0,0,248,T
3-PA,105,0,249,0,0,249,T
3-PA,106,0,0,249,0,249,G
3-PA,107,0,0,0,251,251,C
3-PA,108,251,0,0,0,251,A
3-PA,109,0,0,259,0,259,G
3-PA,110,0,0,0,261,261,C
3-PA,111,278,0,0,0,278,A
3-PA,112,280,0,0,0,280,A
3-PA,113,0,284,0,0,284,T
3-PA,114,295,0,0,0,295,A
3-PA,115,0,295,0,1,296,T
3-PA,116,0,0,299,1,300,G
3-PA,117,1,1,0,298,300,C
3-PA,118,300,0,0,0,300,A
3-PA,119,0,0,0,309,309,C
3-PA,120,0,308,0,0,308,T
3-PA,121,1,0,0,368,369,C
3-PA,122,381,0,0,0,381,A
3-PA,123,0,0,0,389,389,C
3-PA,124,0,389,0,0,389,T
3-PA,125,0,390,0,0,390,T
3-PA,126,0,0,389,0,389,G
3-PA,127,0,1,397,0,398,G
3-PA,128,397,0,0,0,397,A
3-PA,129,0,1,400,0,401,G
3-PA,130,0,0,403,0,403,G
3-PA,131,0,393,0,1,394,T
3-PA,132,0,0,413,0,413,G
3-PA,133,1,411,0,0,412,T
3-PA,134,0,0,426,0,426,G
3-PA,135,0,424,0,1,425,T
3-PA,136,0,426,0,0,426,T
3-PA,137,0,425,0,1,426,T
3-PA,138,0,0,0,437,437,C
3-PA,139,438,0,1,0,439,A
3-PA,140,0,438,0,0,438,T
3-PA,141,0,0,441,0,441,G
3-PA,142,1,438,0,2,441,T
3-PA,143,449,0,1,0,450,A
3-PA,144,0,449,1,0,450,T
3-PA,145,0,449,0,0,449,T
3-PA,146,0,0,0,452,452,C
3-PA,147,449,0,0,0,449,A
3-PA,148,0,1,451,0,452,G
3-PA,149,456,0,0,0,456,A
3-PA,150,0,456,0,0,456,T
3-PA,151,0,452,0,1,453,T
3-PA,152,0,454,0,0,454,T
3-PA,153,0,0,0,451,451,C
3-PA,154,1,1,0,456,458,C
3-PA,155,457,1,0,0,458,A
3-PA,156,0,461,0,0,461,T
3-PA,157,0,456,0,0,456,T
3-PA,158,0,456,0,3,459,T
3-PA,159,0,0,0,455,455,C
3-PA,160,459,0,0,0,459,A
3-PA,161,0,475,0,0,475,T
3-PA,162,0,1,0,470,471,C
3-PA,163,474,0,1,0,475,A
3-PA,164,473,0,0,0,473,A
3-PA,165,0,473,0,0,473,T
3-PA,166,1,1,487,0,489,G
3-PA,167,488,0,0,0,488,A
3-PA,168,487,0,1,0,488,A
3-PA,169,0,0,0,488,488,C
3-PA,170,481,0,0,0,481,A
3-PA,171,481,0,1,0,482,A
3-PA,172,0,0,488,0,488,G
3-PA,173,2,0,482,0,484,G
3-PA,174,0,0,0,486,486,C
3-PA,175,0,2,483,0,485,G
3-PA,176,511,0,0,0,511,A
3-PA,177,511,0,1,1,513,A
3-PA,178,0,512,0,0,512,T
3-PA,179,0,0,0,516,516,C
3-PA,180,516,1,0,0,517,A
3-PA,181,518,0,1,0,519,A
3-PA,182,0,528,0,0,528,T
3-PA,183,526,0,2,0,528,A
3-PA,184,1,0,537,0,538,G
3-PA,185,0,534,0,1,535,T
3-PA,186,0,2,536,0,538,G
3-PA,187,0,0,540,0,540,G
3-PA,188,0,537,0,0,537,T
3-PA,189,535,1,0,0,536,A
3-PA,190,0,0,541,2,543,G
3-PA,191,543,0,0,0,543,A
3-PA,192,546,0,1,0,547,A
3-PA,193,0,0,0,545,545,C
3-PA,194,0,537,0,0,537,T
3-PA,195,0,539,0,0,539,T
3-PA,196,0,0,540,0,540,G
3-PA,197,540,0,0,0,540,A
3-PA,198,0,0,0,540,540,C
3-PA,199,0,0,531,0,531,G
3-PA,200,535,0,0,0,535,A
3-PA,201,0,542,0,1,543,T
3-PA,202,0,2,0,545,547,C
3-PA,203,0,0,0,550,550,C
3-PA,204,552,0,0,0,552,A
3-PA,205,549,1,0,0,550,A
3-PA,206,552,0,0,0,552,A
3-PA,207,0,551,0,1,552,T
3-PA,208,0,0,550,0,550,G
3-PA,209,0,0,0,549,549,C
3-PA,210,544,0,1,0,545,A
3-PA,211,1,0,0,560,561,C
3-PA,212,0,561,0,0,561,T
3-PA,213,1,0,626,0,627,G
3-PA,214,0,629,0,0,629,T
3-PA,215,0,626,0,0,626,T
3-PA,216,624,0,1,0,625,A
3-PA,217,626,0,0,1,627,A
3-PA,218,628,0,0,0,628,A
3-PA,219,0,0,628,0,628,G
3-PA,220,0,1,0,619,620,C
3-PA,221,616,1,1,0,618,A
3-PA,222,1,1,0,616,618,C
3-PA,223,589,0,0,0,589,A
3-PA,224,0,1,605,0,606,G
3-PA,225,605,0,0,0,605,A
3-PA,226,0,606,0,0,606,T
3-PA,227,0,606,0,0,606,T
3-PA,228,0,606,0,1,607,T
3-PA,229,1,1,604,0,606,G
3-PA,230,605,0,0,1,606,A
3-PA,231,606,0,0,0,606,A
3-PA,232,605,0,1,0,606,A
3-PA,233,0,604,0,0,604,T
3-PA,234,601,0,1,1,603,A
3-PA,235,609,0,0,1,610,A
3-PA,236,0,610,0,0,610,T
3-PA,237,1,0,0,611,612,C
3-PA,238,0,0,612,0,612,G
3-PA,239,608,0,0,0,608,A
3-PA,240,0,1,609,0,610,G
3-PA,241,0,2,615,0,617,G
3-PA,242,0,0,620,0,620,G
3-PA,243,0,1,618,0,619,G
3-PA,244,606,0,2,0,608,A
3-PA,245,0,1,611,0,612,G
3-PA,246,626,0,0,0,626,A
3-PA,247,0,0,630,0,630,G
3-PA,248,630,0,0,1,631,A
3-PA,249,0,1,0,629,630,C
3-PA,250,626,0,1,0,627,A
3-PA,251,0,1,634,0,635,G
3-PA,252,634,0,2,0,636,A
3-PA,253,635,1,0,0,636,A
3-PA,254,0,0,0,635,635,C
3-PA,255,623,0,0,1,624,A
3-PA,256,624,0,0,0,624,A
3-PA,257,1,623,0,0,624,T
3-PA,258,0,0,637,0,637,G
3-PA,259,0,0,634,0,634,G
3-PA,260,0,0,0,630,630,C
3-PA,261,0,0,0,638,638,C
3-PA,262,0,632,0,0,632,T
3-PA,263,0,0,645,0,645,G
3-PA,264,0,0,647,0,647,G
3-PA,265,647,0,0,0,647,A
3-PA,266,0,1,0,650,651,C
3-PA,267,630,0,0,0,630,A
3-PA,268,2,0,702,0,704,G
3-PA,269,0,705,0,0,705,T
3-PA,270,716,0,0,0,716,A
3-PA,271,0,0,716,0,716,G
3-PA,272,0,705,0,0,705,T
3-PA,273,707,0,0,0,707,A
3-PA,274,708,0,0,0,708,A
3-PA,275,708,0,1,0,709,A
3-PA,276,0,0,0,714,714,C
3-PA,277,672,0,1,0,673,A
3-PA,278,0,0,703,0,703,G
3-PA,279,0,699,0,0,699,T
3-PA,280,706,0,0,0,706,A
3-PA,281,0,708,0,0,708,T
3-PA,282,0,0,0,715,715,C
3-PA,283,0,714,0,1,715,T
3-PA,284,1,0,715,0,716,G
3-PA,285,0,0,0,713,713,C
3-PA,286,711,0,1,1,713,A
3-PA,287,708,0,3,1,712,A
3-PA,288,0,1,0,714,715,C
3-PA,289,711,1,0,0,712,A
3-PA,290,0,0,0,734,734,C
3-PA,291,0,731,0,0,731,T
3-PA,292,733,0,1,0,734,A
3-PA,293,0,0,0,735,735,C
3-PA,294,0,730,1,0,731,T
3-PA,295,0,0,729,0,729,G
3-PA,296,1,1,730,0,732,G
3-PA,297,720,0,0,0,720,A
3-PA,298,0,2,723,0,725,G
3-PA,299,0,0,0,713,713,C
3-PA,300,0,717,0,0,717,T
3-PA,301,0,0,712,0,712,G
3-PA,302,0,0,713,0,713,G
3-PA,303,710,1,1,1,713,A
3-PA,304,715,0,1,0,716,A
3-PA,305,711,0,0,0,711,A
3-PA,306,713,0,0,1,714,A
3-PA,307,0,0,0,716,716,C
3-PA,308,1,0,0,712,713,C
3-PA,309,0,0,713,0,713,G
3-PA,310,713,0,1,1,715,A
3-PA,311,712,1,0,0,713,A
3-PA,312,0,0,723,0,723,G
3-PA,313,0,723,0,0,723,T
3-PA,314,0,725,0,0,725,T
3-PA,315,0,726,0,0,726,T
3-PA,316,0,0,0,732,732,C
3-PA,317,0,740,0,0,740,T
3-PA,318,738,0,3,0,741,A
3-PA,319,0,0,0,738,738,C
3-PA,320,0,0,0,739,739,C
3-PA,321,729,0,0,0,729,A
3-PA,322,0,1,729,0,730,G
3-PA,323,729,0,0,2,731,A
3-PA,324,0,0,0,712,712,C
3-PA,325,0,743,0,0,743,T
3-PA,326,0,746,0,1,747,T
3-PA,327,0,0,755,0,755,G
3-PA,328,0,760,0,0,760,T
3-PA,329,761,0,0,0,761,A
3-PA,330,0,761,0,1,762,T
3-PA,331,0,0,760,0,760,G
3-PA,332,779,0,0,0,779,A
3-PA,333,0,775,0,1,776,T
3-PA,334,0,775,1,0,776,T
3-PA,335,775,0,1,0,776,A
3-PA,336,0,1,0,775,776,C
3-PA,337,778,0,1,0,779,A
3-PA,338,774,0,1,0,775,A
3-PA,339,0,0,778,0,778,G
3-PA,340,0,1,779,0,780,G
3-PA,341,756,0,0,0,756,A
3-PA,342,0,2,760,0,762,G
3-PA,343,760,0,0,0,760,A
3-PA,344,759,0,1,1,761,A
3-PA,345,0,0,0,760,760,C
3-PA,346,754,0,1,0,755,A
3-PA,347,0,0,757,0,757,G
3-PA,348,750,1,2,1,754,A
3-PA,349,0,752,0,0,752,T
3-PA,350,0,750,0,0,750,T
3-PA,351,0,0,0,741,741,C
3-PA,352,0,1,738,0,739,G
3-PA,353,0,744,0,0,744,T
3-PA,354,1,0,0,741,742,C
3-PA,355,0,0,744,0,744,G
3-PA,356,752,0,0,0,752,A
3-PA,357,752,1,0,0,753,A
3-PA,358,750,0,0,0,750,A
3-PA,359,0,754,0,0,754,T
3-PA,360,0,753,0,1,754,T
3-PA,361,1,2,749,0,752,G
3-PA,362,0,3,749,0,752,G
3-PA,363,1,2,749,0,752,G
3-PA,364,1,0,755,0,756,G
3-PA,365,0,742,1,3,746,T
3-PA,366,0,0,761,0,761,G
3-PA,367,759,0,3,0,762,A
3-PA,368,0,0,0,769,769,C
3-PA,369,769,0,1,0,770,A
3-PA,370,768,1,1,0,770,A
3-PA,371,1,0,776,1,778,G
3-PA,372,0,0,779,0,779,G
3-PA,373,779,0,0,0,779,A
3-PA,374,0,1,778,0,779,G
3-PA,375,767,0,2,0,769,A
3-PA,376,1,4,767,0,772,G
3-PA,377,760,0,0,0,760,A
3-PA,378,766,0,0,0,766,A
3-PA,379,0,0,793,0,793,G
3-PA,380,0,772,1,0,773,T
3-PA,381,3,0,0,779,782,C
3-PA,382,0,0,0,781,781,C
3-PA,383,789,0,0,0,789,A
3-PA,384,1,0,0,810,811,C
3-PA,385,828,0,0,0,828,A
3-PA,386,0,842,0,0,842,T
3-PA,387,860,1,0,0,861,A
3-PA,388,0,843,0,0,843,T
3-PA,389,837,0,0,0,837,A
3-PA,390,0,824,1,1,826,T
3-PA,391,0,823,1,0,824,T
3-PA,392,838,1,0,0,839,A
3-PA,393,0,0,0,838,838,C
3-PA,394,1,0,0,801,802,C
3-PA,395,0,793,0,1,794,T
3-PA,396,0,775,0,1,776,T
3-PA,397,0,1,779,0,780,G
3-PA,398,779,0,0,0,779,A
3-PA,399,781,0,0,0,781,A
3-PA,400,776,0,2,1,779,A
3-PA,401,750,0,1,0,751,A
3-PA,402,0,1,754,0,755,G
3-PA,403,0,1,754,0,755,G
3-PA,404,0,0,0,756,756,C
3-PA,405,0,0,0,761,761,C
3-PA,406,756,0,0,0,756,A
3-PA,407,756,0,0,0,756,A
3-PA,408,0,757,1,0,758,T
3-PA,409,757,0,0,0,757,A
3-PA,410,753,0,2,0,755,A
3-PA,411,0,0,755,0,755,G
3-PA,412,752,0,2,0,754,A
3-PA,413,0,754,0,0,754,T
3-PA,414,0,753,0,0,753,T
3-PA,415,753,0,0,0,753,A
3-PA,416,756,0,0,0,756,A
3-PA,417,755,0,0,0,755,A
3-PA,418,1,757,0,0,758,T
3-PA,419,1,0,1,759,761,C
3-PA,420,0,743,1,0,744,T
3-PA,421,0,1,745,0,746,G
3-PA,422,744,0,4,0,748,A
3-PA,423,0,1,753,0,754,G
3-PA,424,757,1,2,0,760,A
3-PA,425,759,0,0,0,759,A
3-PA,426,0,0,0,760,760,C
3-PA,427,753,0,1,0,754,A
3-PA,428,0,1,0,757,758,C
3-PA,429,757,0,1,0,758,A
3-PA,430,0,0,0,763,763,C
3-PA,431,760,0,0,0,760,A
3-PA,432,0,1,0,765,766,C
3-PA,433,764,0,0,0,764,A
3-PA,434,1,760,0,0,761,T
3-PA,435,0,755,0,0,755,T
3-PA,436,2,0,0,759,761,C
3-PA,437,754,0,1,0,755,A
3-PA,438,1,1,0,762,764,C
3-PA,439,759,0,0,0,759,A
3-PA,440,0,760,0,0,760,T
3-PA,441,0,743,1,1,745,T
3-PA,442,0,753,0,1,754,T
3-PA,443,0,746,0,1,747,T
3-PA,444,0,0,0,761,761,C
3-PA,445,0,757,0,1,758,T
3-PA,446,0,0,0,762,762,C
3-PA,447,758,0,0,0,758,A
3-PA,448,0,756,0,1,757,T
3-PA,449,0,759,0,0,759,T
3-PA,450,1,1,0,758,760,C
3-PA,451,759,0,0,0,759,A
3-PA,452,0,0,0,764,764,C
3-PA,453,0,759,0,1,760,T
3-PA,454,0,2,771,0,773,G
3-PA,455,0,0,770,0,770,G
3-PA,456,0,1,773,0,774,G
3-PA,457,0,0,780,0,780,G
3-PA,458,774,0,0,0,774,A
3-PA,459,0,0,772,0,772,G
3-PA,460,0,0,778,0,778,G
3-PA,461,772,1,1,0,774,A
3-PA,462,774,0,3,0,777,A
3-PA,463,767,0,2,0,769,A
3-PA,464,0,755,0,2,757,T
3-PA,465,2,0,748,0,750,G
3-PA,466,0,0,750,0,750,G
3-PA,467,0,1,0,752,753,C
3-PA,468,1,0,0,753,754,C
3-PA,469,750,0,3,0,753,A
3-PA,470,0,0,0,758,758,C
3-PA,471,757,1,0,0,758,A
3-PA,472,755,0,0,0,755,A
3-PA,473,758,0,0,0,758,A
3-PA,474,0,0,759,0,759,G
3-PA,475,0,0,758,0,758,G
3-PA,476,0,0,0,763,763,C
3-PA,477,762,0,0,0,762,A
3-PA,478,0,0,774,0,774,G
3-PA,479,770,0,1,0,771,A
3-PA,480,0,0,0,778,778,C
3-PA,481,0,777,0,0,777,T
3-PA,482,775,0,1,0,776,A
3-PA,483,1,0,0,775,776,C
3-PA,484,767,0,0,1,768,A
3-PA,485,1,0,0,773,774,C
3-PA,486,0,750,0,0,750,T
3-PA,487,2,0,0,754,756,C
3-PA,488,0,755,0,1,756,T
3-PA,489,0,0,1,745,746,C
3-PA,490,1,1,741,0,743,G
3-PA,491,741,0,0,0,741,A
3-PA,492,0,0,0,737,737,C
3-PA,493,0,0,735,0,735,G
3-PA,494,736,1,0,0,737,A
3-PA,495,1,0,736,0,737,G
3-PA,496,0,0,731,0,731,G
3-PA,497,728,0,1,0,729,A
3-PA,498,731,0,2,0,733,A
3-PA,499,734,0,2,0,736,A
3-PA,500,0,0,731,0,731,G
3-PA,501,0,1,0,730,731,C
3-PA,502,728,0,0,0,728,A
3-PA,503,0,1,739,0,740,G
3-PA,504,0,0,744,0,744,G
3-PA,505,1,0,740,0,741,G
3-PA,506,1,0,0,741,742,C
3-PA,507,0,736,1,1,738,T
3-PA,508,736,0,0,0,736,A
3-PA,509,0,0,748,0,748,G
3-PA,510,0,0,776,0,776,G
3-PA,511,781,0,0,0,781,A
3-PA,512,0,765,0,0,765,T
3-PA,513,0,752,0,1,753,T
3-PA,514,751,0,0,0,751,A
3-PA,515,757,0,2,0,759,A
3-PA,516,0,1,760,0,761,G
3-PA,517,761,0,0,0,761,A
3-PA,518,1,0,0,760,761,C
3-PA,519,1,0,0,713,714,C
3-PA,520,706,0,0,0,706,A
3-PA,521,0,0,712,0,712,G
3-PA,522,0,1,714,0,715,G
3-PA,523,0,0,0,720,720,C
3-PA,524,0,712,0,0,712,T
3-PA,525,1,0,724,0,725,G
3-PA,526,1,720,0,2,723,T
3-PA,527,1,723,0,0,724,T
3-PA,528,0,726,0,0,726,T
3-PA,529,726,1,1,0,728,A
3-PA,530,1,1,0,735,737,C
3-PA,531,0,0,0,725,725,C
3-PA,532,718,0,0,0,718,A
3-PA,533,0,719,0,1,720,T
3-PA,534,688,0,0,0,688,A
3-PA,535,689,0,1,0,690,A
3-PA,536,0,1,701,0,702,G
3-PA,537,702,0,1,0,703,A
3-PA,538,1,1,0,699,701,C
3-PA,539,689,0,0,0,689,A
3-PA,540,689,0,1,0,690,A
3-PA,541,0,0,697,0,697,G
3-PA,542,696,0,1,0,697,A
3-PA,543,697,0,0,0,697,A
3-PA,544,693,0,0,0,693,A
3-PA,545,0,678,0,1,679,T
3-PA,546,0,0,690,0,690,G
3-PA,547,0,0,689,0,689,G
3-PA,548,0,0,0,690,690,C
3-PA,549,0,1,0,687,688,C
3-PA,550,692,0,0,0,692,A
3-PA,551,689,0,0,0,689,A
3-PA,552,0,668,1,0,669,T
3-PA,553,685,1,0,0,686,A
3-PA,554,0,0,685,0,685,G
3-PA,555,686,0,1,0,687,A
3-PA,556,0,0,688,0,688,G
3-PA,557,0,2,686,0,688,G
3-PA,558,0,0,0,685,685,C
3-PA,559,1,0,0,683,684,C
3-PA,560,0,662,0,1,663,T
3-PA,561,0,0,0,669,669,C
3-PA,562,0,671,0,0,671,T
3-PA,563,0,0,672,0,672,G
3-PA,564,0,0,671,0,671,G
3-PA,565,0,0,671,0,671,G
3-PA,566,668,1,0,0,669,A
3-PA,567,0,651,0,2,653,T
3-PA,568,0,640,0,0,640,T
3-PA,569,0,0,0,730,730,C
3-PA,570,0,0,0,705,705,C
3-PA,571,0,691,0,1,692,T
3-PA,572,1,693,0,1,695,T
3-PA,573,1,690,0,0,691,T
3-PA,574,0,0,0,700,700,C
3-PA,575,1,0,703,0,704,G
3-PA,576,0,698,0,1,699,T
3-PA,577,0,1,0,701,702,C
3-PA,578,685,0,0,0,685,A
3-PA,579,0,0,793,0,793,G
3-PA,580,0,793,0,2,795,T
3-PA,581,0,1,0,797,798,C
3-PA,582,0,0,0,805,805,C
3-PA,583,1,0,807,0,808,G
3-PA,584,807,1,1,0,809,A
3-PA,585,806,0,1,0,807,A
3-PA,586,808,0,1,0,809,A
3-PA,587,0,2,812,0,814,G
3-PA,588,789,0,1,0,790,A
3-PA,589,0,0,801,0,801,G
3-PA,590,0,0,803,0,803,G
3-PA,591,1,0,0,804,805,C
3-PA,592,0,0,807,0,807,G
3-PA,593,805,0,1,1,807,A
3-PA,594,811,0,1,0,812,A
3-PA,595,0,0,814,0,814,G
3-PA,596,814,0,1,0,815,A
3-PA,597,816,0,0,0,816,A
3-PA,598,812,1,1,0,814,A
3-PA,599,1,0,0,814,815,C
3-PA,600,813,0,0,1,814,A
3-PA,601,817,0,0,0,817,A
3-PA,602,1,814,0,0,815,T
3-PA,603,0,815,0,0,815,T
3-PA,604,0,0,815,0,815,G
3-PA,605,813,0,1,0,814,A
3-PA,606,809,0,2,0,811,A
3-PA,607,0,0,814,0,814,G
3-PA,608,813,0,0,0,813,A
3-PA,609,810,0,1,2,813,A
3-PA,610,815,0,0,0,815,A
3-PA,611,814,0,0,0,814,A
3-PA,612,817,0,1,0,818,A
3-PA,613,0,817,0,0,817,T
3-PA,614,0,821,0,0,821,T
3-PA,615,1,819,0,0,820,T
3-PA,616,0,2,818,0,820,G
3-PA,617,819,1,0,0,820,A
3-PA,618,821,0,1,0,822,A
3-PA,619,824,0,0,0,824,A
3-PA,620,0,834,0,0,834,T
3-PA,621,1,0,0,916,917,C
3-PA,622,916,0,0,0,916,A
3-PA,623,0,0,0,934,934,C
3-PA,624,933,0,0,0,933,A
3-PA,625,0,2,950,0,952,G
3-PA,626,0,1,996,0,997,G
3-PA,627,1013,0,3,1,1017,A
3-PA,628,1028,0,1,0,1029,A
3-PA,629,0,1,0,1043,1044,C
3-PA,630,0,1017,0,1,1018,T
3-PA,631,1086,0,1,0,1087,A
3-PA,632,0,1103,0,0,1103,T
3-PA,633,0,0,1149,0,1149,G
3-PA,634,0,0,0,1142,1142,C
3-PA,635,1,1,1133,0,1135,G
3-PA,636,0,1125,0,2,1127,T
3-PA,637,1118,0,0,0,1118,A
3-PA,638,1,2,1129,0,1132,G
3-PA,639,0,0,1126,0,1126,G
3-PA,640,0,0,0,1126,1126,C
3-PA,641,1,1112,0,1,1114,T
3-PA,642,0,1098,1,1,1100,T
3-PA,643,0,1,1098,0,1099,G
3-PA,644,1,1,0,1097,1099,C
3-PA,645,2,2,0,1099,1103,C
3-PA,646,1,7,1105,0,1113,G
3-PA,647,1117,0,0,0,1117,A
3-PA,648,0,0,0,1120,1120,C
3-PA,649,1,0,0,1119,1120,C
3-PA,650,1121,1,2,0,1124,A
3-PA,651,1122,2,2,0,1126,A
3-PA,652,1125,0,3,0,1128,A
3-PA,653,0,0,1153,0,1153,G
3-PA,654,0,1156,0,0,1156,T
3-PA,655,0,0,0,1158,1158,C
3-PA,656,1,1145,0,4,1150,T
3-PA,657,0,1,0,1161,1162,C
3-PA,658,0,0,0,1162,1162,C
3-PA,659,3,1,0,1164,1168,C
3-PA,660,1172,0,1,0,1173,A
3-PA,661,0,1,1,1171,1173,C
3-PA,662,0,0,0,1162,1162,C
3-PA,663,0,1,1172,0,1173,G
3-PA,664,1192,0,0,0,1192,A
3-PA,665,1199,0,1,0,1200,A
3-PA,666,0,0,0,1214,1214,C
3-PA,667,0,1204,0,3,1207,T
3-PA,668,0,1229,0,4,1233,T
3-PA,669,1,1,0,1250,1252,C
3-PA,670,0,1236,0,3,1239,T
3-PA,671,2,0,0,1252,1254,C
3-PA,672,2,1,0,1248,1251,C
3-PA,673,0,1246,0,2,1248,T
3-PA,674,0,0,1266,0,1266,G
3-PA,675,2,0,0,1262,1264,C
3-PA,676,0,0,0,1268,1268,C
3-PA,677,1,1253,1,0,1255,T
3-PA,678,0,1253,0,1,1254,T
3-PA,679,1,2,1257,0,1260,G
3-PA,680,1250,1,4,0,1255,A
3-PA,681,0,2,1272,0,1274,G
3-PA,682,1266,0,1,0,1267,A
3-PA,683,1272,0,2,0,1274,A
3-PA,684,0,1309,0,0,1309,T
3-PA,685,0,1316,0,0,1316,T
3-PA,686,0,1318,0,1,1319,T
3-PA,687,0,1318,0,0,1318,T
3-PA,688,1314,0,1,0,1315,A
3-PA,689,0,0,1315,0,1315,G
3-PA,690,1312,1,0,0,1313,A
3-PA,691,0,0,1352,0,1352,G
3-PA,692,0,0,1,1353,1354,C
3-PA,693,1,0,0,1362,1363,C
3-PA,694,0,1381,0,2,1383,T
3-PA,695,1434,0,2,0,1436,A
3-PA,696,2,1439,0,1,1442,T
3-PA,697,2,0,1450,0,1452,G
3-PA,698,0,1454,0,1,1455,T
3-PA,699,1,7,1450,1,1459,G
3-PA,700,0,0,1448,0,1448,G
3-PA,701,1442,0,3,0,1445,A
3-PA,702,0,1428,0,1,1429,T
3-PA,703,0,2,1398,0,1400,G
3-PA,704,0,1,1438,0,1439,G
3-PA,705,1440,0,1,0,1441,A
3-PA,706,0,1433,0,2,1435,T
3-PA,707,0,1434,0,1,1435,T
3-PA,708,1,1,0,1433,1435,C
3-PA,709,4,0,1430,1,1435,G
3-PA,710,1440,0,3,1,1444,A
3-PA,711,1444,0,0,0,1444,A
3-PA,712,1,4,0,1449,1454,C
3-PA,713,4,0,0,1425,1429,C
3-PA,714,0,2,1440,0,1442,G
3-PA,715,1438,1,0,1,1440,A
3-PA,716,1436,0,3,0,1439,A
3-PA,717,0,1,0,1447,1448,C
3-PA,718,0,0,1443,0,1443,G
3-PA,719,1,0,1476,0,1477,G
3-PA,720,0,1,0,1481,1482,C
3-PA,721,0,1471,0,1,1472,T
3-PA,722,1,0,1510,0,1511,G
3-PA,723,0,0,0,1516,1516,C
3-PA,724,1532,0,2,0,1534,A
3-PA,725,0,1529,0,0,1529,T
3-PA,726,0,1521,0,0,1521,T
3-PA,727,0,1,1520,0,1521,G
3-PA,728,1492,0,4,0,1496,A
3-PA,729,1,0,1508,0,1509,G
3-PA,730,1,2,1508,0,1511,G
3-PA,731,2,1,1499,0,1502,G
3-PA,732,0,1,1,1493,1495,C
3-PA,733,1486,0,2,0,1488,A
3-PA,734,1494,1,1,0,1496,A
3-PA,735,0,0,1502,0,1502,G
3-PA,736,0,1,0,1502,1503,C
3-PA,737,1,1499,0,6,1506,T
3-PA,738,0,1503,0,0,1503,T
3-PA,739,0,1497,0,7,1504,T
3-PA,740,0,0,0,1507,1507,C
3-PA,741,0,1508,0,1,1509,T
3-PA,742,0,1,0,1516,1517,C
3-PA,743,1505,0,1,0,1506,A
3-PA,744,1491,1,0,0,1492,A
3-PA,745,1496,0,0,0,1496,A
3-PA,746,0,1498,0,1,1499,T
3-PA,747,0,0,1542,0,1542,G
3-PA,748,0,1533,0,3,1536,T
3-PA,749,2,1,0,1543,1546,C
3-PA,750,1,0,0,1551,1552,C
3-PA,751,1557,0,0,0,1557,A
3-PA,752,1548,0,0,1,1549,A
3-PA,753,1555,0,0,0,1555,A
3-PA,754,0,3,1574,0,1577,G
3-PA,755,1572,0,3,0,1575,A
3-PA,756,1538,0,4,0,1542,A
3-PA,757,0,1,1543,0,1544,G
3-PA,758,0,1529,0,3,1532,T
3-PA,759,1,2,1527,0,1530,G
3-PA,760,1529,0,2,0,1531,A
3-PA,761,1525,0,1,0,1526,A
3-PA,762,0,1525,0,0,1525,T
3-PA,763,0,0,1520,0,1520,G
3-PA,764,0,0,0,1512,1512,C
3-PA,765,0,0,0,1513,1513,C
3-PA,766,3,1,1,1505,1510,C
3-PA,767,1513,0,0,0,1513,A
3-PA,768,1529,0,0,0,1529,A
3-PA,769,1535,1,0,0,1536,A
3-PA,770,0,1534,0,1,1535,T
3-PA,771,0,1529,0,0,1529,T
3-PA,772,2,4,1516,1,1523,G
3-PA,773,1525,0,0,0,1525,A
3-PA,774,1530,0,1,0,1531,A
3-PA,775,1,1,0,1533,1535,C
3-PA,776,1,0,0,1529,1530,C
3-PA,777,0,1511,0,3,1514,T
3-PA,778,0,1553,1,1,1555,T
3-PA,779,0,1557,0,3,1560,T
3-PA,780,0,1580,0,0,1580,T
3-PA,781,2,0,0,1586,1588,C
3-PA,782,0,1587,0,1,1588,T
3-PA,783,1,1,1593,0,1595,G
3-PA,784,1589,0,2,0,1591,A
3-PA,785,1601,1,5,1,1608,A
3-PA,786,0,1,1621,0,1622,G
3-PA,787,1598,0,2,0,1600,A
3-PA,788,0,0,0,1610,1610,C
3-PA,789,1574,0,3,0,1577,A
3-PA,790,1591,0,3,0,1594,A
3-PA,791,0,0,0,1731,1731,C
3-PA,792,1736,0,3,0,1739,A
3-PA,793,1,0,0,1741,1742,C
3-PA,794,2,1,0,1722,1725,C
3-PA,795,1725,0,0,0,1725,A
3-PA,796,1723,0,3,0,1726,A
3-PA,797,0,0,1733,0,1733,G
3-PA,798,1727,0,3,0,1730,A
3-PA,799,1,0,0,1726,1727,C
3-PA,800,0,0,0,1650,1650,C
3-PA,801,1629,0,2,0,1631,A
3-PA,802,1636,0,1,1,1638,A
3-PA,803,0,1630,0,1,1631,T
3-PA,804,1,0,0,1637,1638,C
3-PA,805,1634,0,3,0,1637,A
3-PA,806,1626,0,2,0,1628,A
3-PA,807,1623,0,1,0,1624,A
3-PA,808,0,0,0,1641,1641,C
3-PA,809,0,1627,0,1,1628,T
3-PA,810,1,1630,0,0,1631,T
3-PA,811,1,0,0,1642,1643,C
3-PA,812,3,2,0,1637,1642,C
3-PA,813,0,0,1655,0,1655,G
3-PA,814,1654,0,0,0,1654,A
3-PA,815,1658,0,0,0,1658,A
3-PA,816,0,1657,0,2,1659,T
3-PA,817,0,0,1649,0,1649,G
3-PA,818,0,3,1649,0,1652,G
3-PA,819,1655,1,4,0,1660,A
3-PA,820,0,1,0,1668,1669,C
3-PA,821,1,0,0,1667,1668,C
3-PA,822,1,1714,0,6,1721,T
3-PA,823,1,0,0,1769,1770,C
3-PA,824,5,0,0,1762,1767,C
3-PA,825,1,1768,0,0,1769,T
3-PA,826,1,1774,0,2,1777,T
3-PA,827,1,2,1851,0,1854,G
3-PA,828,0,1845,0,2,1847,T
3-PA,829,0,1847,0,2,1849,T
3-PA,830,1849,0,1,0,1850,A
3-PA,831,1,1797,0,3,1801,T
3-PA,832,1,0,1,1789,1791,C
3-PA,833,1751,0,1,0,1752,A
3-PA,834,0,1,1754,0,1755,G
3-PA,835,1,2,0,1750,1753,C
3-PA,836,2,2,1711,0,1715,G
3-PA,837,2,0,1741,0,1743,G
3-PA,838,0,1744,0,3,1747,T
3-PA,839,3,0,0,1750,1753,C
3-PA,840,5,0,0,1749,1754,C
3-PA,841,1758,1,1,0,1760,A
3-PA,842,1767,1,0,0,1768,A
3-PA,843,1771,0,1,0,1772,A
3-PA,844,0,1772,0,3,1775,T
3-PA,845,0,1772,0,0,1772,T
3-PA,846,2,1,0,1765,1768,C
3-PA,847,0,2,0,1759,1761,C
3-PA,848,0,1757,0,3,1760,T
3-PA,849,4,1,0,1753,1758,C
3-PA,850,0,0,0,1755,1755,C
3-PA,851,0,1746,0,1,1747,T
3-PA,852,0,1,1756,1,1758,G
3-PA,853,1755,2,1,0,1758,A
3-PA,854,0,1756,0,1,1757,T
3-PA,855,1,1,1751,0,1753,G
3-PA,856,0,3,1729,0,1732,G
3-PA,857,1729,0,2,0,1731,A
3-PA,858,0,1717,2,1,1720,T
3-PA,859,0,1,1722,0,1723,G
3-PA,860,0,0,0,1798,1798,C
3-PA,861,1,1780,0,0,1781,T
3-PA,862,0,1794,0,1,1795,T
3-PA,863,2,1791,0,1,1794,T
3-PA,864,1791,1,0,0,1792,A
3-PA,865,1798,0,1,0,1799,A
3-PA,866,1795,0,0,0,1795,A
3-PA,867,1800,0,1,0,1801,A
3-PA,868,0,1803,0,1,1804,T
3-PA,869,0,1699,0,0,1699,T
3-PA,870,0,3,1703,1,1707,G
3-PA,871,1700,0,3,0,1703,A
3-PA,872,0,0,1712,0,1712,G
3-PA,873,1,2,0,1712,1715,C
3-PA,874,1708,0,2,0,1710,A
3-PA,875,0,1740,0,1,1741,T
3-PA,876,0,1739,0,1,1740,T
3-PA,877,1,0,1737,0,1738,G
3-PA,878,1742,1,3,0,1746,A
3-PA,879,1722,1,8,0,1731,A
3-PA,880,0,2,1739,0,1741,G
3-PA,881,1713,0,2,0,1715,A
3-PA,882,0,0,0,1729,1729,C
3-PA,883,2,1,0,1724,1727,C
3-PA,884,3,1,1,1701,1706,C
3-PA,885,1689,2,0,0,1691,A
3-PA,886,1710,0,4,0,1714,A
3-PA,887,0,0,1726,0,1726,G
3-PA,888,1,1734,0,1,1736,T
3-PA,889,1,0,0,1733,1734,C
3-PA,890,1730,1,3,0,1734,A
3-PA,891,1,2,0,1732,1735,C
3-PA,892,0,3,1728,0,1731,G
3-PA,893,1760,0,2,0,1762,A
3-PA,894,1749,0,5,1,1755,A
3-PA,895,0,0,1814,0,1814,G
3-PA,896,1,3,1803,0,1807,G
3-PA,897,1804,0,3,0,1807,A
3-PA,898,1,0,1820,0,1821,G
3-PA,899,1813,1,2,0,1816,A
3-PA,900,1815,0,6,0,1821,A
3-PA,901,1,2,1815,0,1818,G
3-PA,902,0,4,1803,1,1808,G
3-PA,903,2,2,1809,0,1813,G
3-PA,904,1771,1,4,0,1776,A
3-PA,905,0,1779,1,0,1780,T
3-PA,906,2,1,0,1785,1788,C
3-PA,907,1,0,1,1913,1915,C
3-PA,908,1,0,0,1928,1929,C
3-PA,909,1940,0,0,0,1940,A
3-PA,910,0,1941,0,0,1941,T
3-PA,911,0,1957,0,0,1957,T
3-PA,912,2005,0,2,0,2007,A
3-PA,913,1,2002,0,1,2004,T
3-PA,914,2000,0,5,0,2005,A
3-PA,915,0,1996,0,3,1999,T
3-PA,916,0,2,1832,0,1834,G
3-PA,917,1823,0,1,1,1825,A
3-PA,918,2,1799,0,1,1802,T
3-PA,919,2,0,1812,0,1814,G
3-PA,920,1,1,1,1792,1795,C
3-PA,921,7,1,1786,0,1794,G
3-PA,922,1812,1,0,0,1813,A
3-PA,923,0,1809,0,2,1811,T
3-PA,924,2,0,0,1807,1809,C
3-PA,925,1806,0,5,0,1811,A
3-PA,926,1790,0,1,0,1791,A
3-PA,927,1,3,1803,0,1807,G
3-PA,928,0,1795,0,2,1797,T
3-PA,929,0,1,1814,0,1815,G
3-PA,930,0,2,0,1808,1810,C
3-PA,931,1805,1,0,0,1806,A
3-PA,932,1,1809,0,1,1811,T
3-PA,933,1806,0,1,1,1808,A
3-PA,934,1823,1,2,2,1828,A
3-PA,935,1825,0,1,0,1826,A
3-PA,936,1820,0,1,0,1821,A
3-PA,937,1816,1,1,1,1819,A
3-PA,938,0,1,0,1820,1821,C
3-PA,939,1806,0,1,0,1807,A
3-PA,940,0,1813,0,1,1814,T
3-PA,941,0,1823,0,0,1823,T
3-PA,942,0,0,0,1828,1828,C
3-PA,943,1,1810,0,2,1813,T
3-PA,944,0,1812,0,0,1812,T
3-PA,945,1,1813,0,0,1814,T
3-PA,946,2,1,1801,0,1804,G
3-PA,947,1,2,1795,0,1798,G
3-PA,948,1,1,1776,0,1778,G
3-PA,949,0,1813,1,4,1818,T
3-PA,950,1,4,1824,2,1831,G
3-PA,951,0,2,1846,0,1848,G
3-PA,952,1856,0,2,0,1858,A
3-PA,953,1853,0,2,0,1855,A
3-PA,954,1856,0,4,0,1860,A
3-PA,955,0,3,1868,0,1871,G
3-PA,956,1863,0,1,1,1865,A
3-PA,957,2023,0,7,0,2030,A
3-PA,958,0,0,0,2058,2058,C
3-PA,959,0,1,0,2063,2064,C
3-PA,960,0,2059,0,0,2059,T
3-PA,961,0,2087,1,1,2089,T
3-PA,962,2096,0,1,0,2097,A
3-PA,963,0,2091,0,1,2092,T
3-PA,964,2071,0,2,0,2073,A
3-PA,965,0,2100,0,1,2101,T
3-PA,966,1973,0,2,0,1975,A
3-PA,967,3,0,1980,0,1983,G
3-PA,968,0,1973,0,1,1974,T
3-PA,969,1,1,0,1965,1967,C
3-PA,970,1952,1,1,1,1955,A
3-PA,971,1960,0,1,0,1961,A
3-PA,972,1955,0,2,0,1957,A
3-PA,973,1,1,0,1965,1967,C
3-PA,974,1,1,0,1941,1943,C
3-PA,975,1928,0,2,0,1930,A
3-PA,976,0,2,1,1941,1944,C
3-PA,977,1942,0,2,1,1945,A
3-PA,978,1,2,0,1959,1962,C
3-PA,979,0,4,1958,0,1962,G
3-PA,980,1944,0,1,2,1947,A
3-PA,981,1954,0,3,1,1958,A
3-PA,982,1948,0,2,0,1950,A
3-PA,983,1945,0,5,1,1951,A
3-PA,984,0,3,1960,1,1964,G
3-PA,985,0,1,1946,1,1948,G
3-PA,986,3,3,1962,0,1968,G
3-PA,987,1963,0,2,0,1965,A
3-PA,988,1966,1,1,0,1968,A
3-PA,989,0,1967,0,0,1967,T
3-PA,990,1962,0,0,0,1962,A
3-PA,991,1968,1,1,0,1970,A
3-PA,992,1974,1,0,0,1975,A
3-PA,993,0,1969,1,0,1970,T
3-PA,994,0,1967,1,0,1968,T
3-PA,995,4,0,0,1968,1972,C
3-PA,996,1979,0,0,0,1979,A
3-PA,997,1978,0,2,0,1980,A
3-PA,998,1977,0,0,0,1977,A
3-PA,999,0,1981,1,3,1985,T
3-PA,1000,0,1993,0,0,1993,T
3-PA,1001,2009,0,0,0,2009,A
3-PA,1002,1,1,0,2005,2007,C
3-PA,1003,3,1,1,2005,2010,C
3-PA,1004,2,1992,0,2,1996,T
3-PA,1005,0,1,2013,0,2014,G
3-PA,1006,0,0,0,2010,2010,C
3-PA,1007,1,2014,0,2,2017,T
3-PA,1008,3,0,2055,0,2058,G
3-PA,1009,1,2052,0,3,2056,T
3-PA,1010,1,1,0,2053,2055,C
3-PA,1011,2054,0,5,0,2059,A
3-PA,1012,1,2058,0,2,2061,T
3-PA,1013,0,0,2059,0,2059,G
3-PA,1014,1,2,2055,0,2058,G
3-PA,1015,2056,2,5,0,2063,A
3-PA,1016,2098,0,0,0,2098,A
3-PA,1017,0,0,2088,0,2088,G
3-PA,1018,1,4,0,2083,2088,C
3-PA,1019,2074,0,0,1,2075,A
3-PA,1020,2068,1,5,1,2075,A
3-PA,1021,0,0,2085,0,2085,G
3-PA,1022,0,2087,0,1,2088,T
3-PA,1023,2076,1,0,0,2077,A
3-PA,1024,1,0,0,2076,2077,C
3-PA,1025,0,2039,0,1,2040,T
3-PA,1026,1,0,2055,0,2056,G
3-PA,1027,4,2030,0,6,2040,T
3-PA,1028,0,1,0,2037,2038,C
3-PA,1029,2032,0,3,1,2036,A
3-PA,1030,1,3,2053,0,2057,G
3-PA,1031,2058,0,0,0,2058,A
3-PA,1032,2048,1,1,1,2051,A
3-PA,1033,1,2094,0,1,2096,T
3-PA,1034,0,2083,0,2,2085,T
3-PA,1035,1,0,2075,2,2078,G
3-PA,1036,1,1,0,2073,2075,C
3-PA,1037,2063,2,5,0,2070,A
3-PA,1038,1,3,2070,0,2074,G
3-PA,1039,1,4,2050,0,2055,G
3-PA,1040,2068,1,1,0,2070,A
3-PA,1041,1,0,0,2083,2084,C
3-PA,1042,2048,0,3,0,2051,A
3-PA,1043,0,2067,0,1,2068,T
3-PA,1044,0,2061,0,3,2064,T
3-PA,1045,1,0,2073,0,2074,G
3-PA,1046,2085,1,2,0,2088,A
3-PA,1047,2082,0,2,0,2084,A
3-PA,1048,2080,1,1,0,2082,A
3-PA,1049,2080,0,0,0,2080,A
3-PA,1050,0,2051,5,2,2058,T
3-PA,1051,1,0,2082,0,2083,G
3-PA,1052,2058,1,1,0,2060,A
3-PA,1053,1,2,2077,0,2080,G
3-PA,1054,0,2,2077,0,2079,G
3-PA,1055,2071,0,0,0,2071,A
3-PA,1056,0,3,2076,0,2079,G
3-PA,1057,2079,0,1,0,2080,A
3-PA,1058,2073,0,5,0,2078,A
3-PA,1059,0,2,2070,0,2072,G
3-PA,1060,4,0,2048,0,2052,G
3-PA,1061,0,2117,0,1,2118,T
3-PA,1062,1,2123,0,1,2125,T
3-PA,1063,3,1,0,2117,2121,C
3-PA,1064,2,1,0,2119,2122,C
3-PA,1065,2124,0,1,0,2125,A
3-PA,1066,2116,0,2,0,2118,A
3-PA,1067,0,3,2126,0,2129,G
3-PA,1068,0,0,2157,0,2157,G
3-PA,1069,2117,0,0,0,2117,A
3-PA,1070,2,7,0,2109,2118,C
3-PA,1071,0,2118,0,2,2120,T
3-PA,1072,2117,0,2,0,2119,A
3-PA,1073,2118,0,1,0,2119,A
3-PA,1074,2121,0,2,0,2123,A
3-PA,1075,2123,0,4,0,2127,A
3-PA,1076,2115,1,1,0,2117,A
3-PA,1077,2,2,0,2100,2104,C
3-PA,1078,2094,0,1,0,2095,A
3-PA,1079,2,2088,0,0,2090,T
3-PA,1080,0,2,2098,2,2102,G
3-PA,1081,2101,0,5,0,2106,A
3-PA,1082,2097,0,5,1,2103,A
3-PA,1083,0,0,2122,0,2122,G
3-PA,1084,2119,0,0,0,2119,A
3-PA,1085,2123,1,0,0,2124,A
3-PA,1086,2106,0,3,4,2113,A
3-PA,1087,2109,0,3,1,2113,A
3-PA,1088,0,4,0,2116,2120,C
3-PA,1089,0,2,2110,0,2112,G
3-PA,1090,2108,1,3,0,2112,A
3-PA,1091,0,1,2107,0,2108,G
3-PA,1092,0,2095,0,3,2098,T
3-PA,1093,3,0,0,2142,2145,C
3-PA,1094,2147,1,3,0,2151,A
3-PA,1095,2174,0,2,0,2176,A
3-PA,1096,1,1,0,2170,2172,C
3-PA,1097,0,2166,0,3,2169,T
3-PA,1098,1,1,2196,0,2198,G
3-PA,1099,2194,0,1,0,2195,A
3-PA,1100,2197,0,2,0,2199,A
3-PA,1101,8,0,2194,0,2202,G
3-PA,1102,0,2157,1,3,2161,T
3-PA,1103,3,4,2145,0,2152,G
3-PA,1104,2,2,2139,0,2143,G
3-PA,1105,0,0,2150,0,2150,G
3-PA,1106,0,1,0,2146,2147,C
3-PA,1107,0,2123,0,3,2126,T
3-PA,1108,0,1,0,2147,2148,C
3-PA,1109,0,2142,0,3,2145,T
3-PA,1110,2,2139,0,7,2148,T
3-PA,1111,0,2,2174,0,2176,G
3-PA,1112,1,0,2184,0,2185,G
3-PA,1113,0,2176,0,1,2177,T
3-PA,1114,1,1,2179,0,2181,G
3-PA,1115,2171,0,2,0,2173,A
3-PA,1116,2184,0,2,0,2186,A
3-PA,1117,2182,0,1,0,2183,A
3-PA,1118,2192,0,3,0,2195,A
3-PA,1119,0,0,0,2201,2201,C
3-PA,1120,2173,0,0,0,2173,A
3-PA,1121,0,2172,0,4,2176,T
3-PA,1122,0,2,2172,0,2174,G
3-PA,1123,0,0,2187,0,2187,G
3-PA,1124,2,1,0,2187,2190,C
3-PA,1125,2190,1,4,0,2195,A
3-PA,1126,0,0,0,2207,2207,C
3-PA,1127,2,2,0,2215,2219,C
3-PA,1128,2246,0,2,0,2248,A
3-PA,1129,0,3,2268,0,2271,G
3-PA,1130,2255,1,6,1,2263,A
3-PA,1131,0,3,2281,0,2284,G
3-PA,1132,2266,0,2,0,2268,A
3-PA,1133,2256,0,6,1,2263,A
3-PA,1134,0,0,2273,0,2273,G
3-PA,1135,0,1,2254,1,2256,G
3-PA,1136,0,2257,0,6,2263,T
3-PA,1137,2222,1,3,0,2226,A
3-PA,1138,0,2,2218,0,2220,G
3-PA,1139,2214,1,4,0,2219,A
3-PA,1140,0,1,0,2230,2231,C
3-PA,1141,0,2205,1,0,2206,T
3-PA,1142,0,2186,2,3,2191,T
3-PA,1143,0,2191,0,2,2193,T
3-PA,1144,0,5,2200,0,2205,G
3-PA,1145,2196,0,0,0,2196,A
3-PA,1146,2197,0,6,0,2203,A
3-PA,1147,2193,1,3,1,2198,A
3-PA,1148,2191,0,1,0,2192,A
3-PA,1149,2,0,0,2222,2224,C
3-PA,1150,0,2209,1,0,2210,T
3-PA,1151,4,0,2229,0,2233,G
3-PA,1152,0,0,0,2236,2236,C
3-PA,1153,2232,0,5,0,2237,A
3-PA,1154,1,1,2235,0,2237,G
3-PA,1155,2219,1,3,0,2223,A
3-PA,1156,2,2,2296,0,2300,G
3-PA,1157,2304,1,3,0,2308,A
3-PA,1158,0,0,0,2282,2282,C
3-PA,1159,2271,1,2,1,2275,A
3-PA,1160,0,2255,0,2,2257,T
3-PA,1161,2250,0,3,1,2254,A
3-PA,1162,2246,0,7,0,2253,A
3-PA,1163,0,0,2260,0,2260,G
3-PA,1164,0,0,1,2253,2254,C
3-PA,1165,0,0,2212,0,2212,G
3-PA,1166,2251,0,3,0,2254,A
3-PA,1167,0,2230,1,0,2231,T
3-PA,1168,0,2233,0,2,2235,T
3-PA,1169,0,2234,0,3,2237,T
3-PA,1170,2,1,2244,0,2247,G
3-PA,1171,2245,0,4,2,2251,A
3-PA,1172,2240,0,5,1,2246,A
3-PA,1173,0,0,2258,0,2258,G
3-PA,1174,0,0,0,2293,2293,C
3-PA,1175,2262,1,0,1,2264,A
3-PA,1176,2386,0,3,0,2389,A
3-PA,1177,1,2393,0,1,2395,T
3-PA,1178,2404,0,3,1,2408,A
3-PA,1179,1,2412,0,2,2415,T
3-PA,1180,1,3,2411,0,2415,G
3-PA,1181,2423,1,7,0,2431,A
3-PA,1182,0,2427,1,1,2429,T
3-PA,1183,2372,0,0,0,2372,A
3-PA,1184,1,0,2375,0,2376,G
3-PA,1185,1,2288,0,2,2291,T
3-PA,1186,1,3,2286,0,2290,G
3-PA,1187,2285,0,4,0,2289,A
3-PA,1188,0,2,0,2268,2270,C
3-PA,1189,0,3,2256,0,2259,G
3-PA,1190,2261,1,2,0,2264,A
3-PA,1191,2268,1,3,0,2272,A
3-PA,1192,1,0,0,2274,2275,C
3-PA,1193,1,0,0,2288,2289,C
3-PA,1194,1,2278,1,1,2281,T
3-PA,1195,0,3,2334,0,2337,G
3-PA,1196,2331,1,1,0,2333,A
3-PA,1197,2337,0,3,0,2340,A
3-PA,1198,0,2335,1,2,2338,T
3-PA,1199,1,2323,2,0,2326,T
3-PA,1200,2321,1,5,0,2327,A
3-PA,1201,2291,1,6,0,2298,A
3-PA,1202,2,3,2302,0,2307,G
3-PA,1203,2,2,2302,0,2306,G
3-PA,1204,0,2268,1,2,2271,T
3-PA,1205,4,1,0,2256,2261,C
3-PA,1206,2269,0,1,0,2270,A
3-PA,1207,1,1,0,2323,2325,C
3-PA,1208,0,2322,0,3,2325,T
3-PA,1209,0,2320,0,7,2327,T
3-PA,1210,1,2327,0,5,2333,T
3-PA,1211,0,0,1,2330,2331,C
3-PA,1212,2325,0,4,0,2329,A
3-PA,1213,2322,0,1,0,2323,A
3-PA,1214,0,0,2353,0,2353,G
3-PA,1215,0,2,0,2351,2353,C
3-PA,1216,1,2324,0,0,2325,T
3-PA,1217,0,3,2375,0,2378,G
3-PA,1218,0,1,2379,0,2380,G
3-PA,1219,2407,0,5,0,2412,A
3-PA,1220,1,2421,0,2,2424,T
3-PA,1221,2421,0,3,0,2424,A
3-PA,1222,2,0,0,2438,2440,C
3-PA,1223,2388,0,2,0,2390,A
3-PA,1224,1,3,2403,0,2407,G
3-PA,1225,2387,0,5,0,2392,A
3-PA,1226,2353,0,1,0,2354,A
3-PA,1227,0,2329,0,1,2330,T
3-PA,1228,0,6,2335,0,2341,G
3-PA,1229,2314,0,7,0,2321,A
3-PA,1230,1,0,2356,0,2357,G
3-PA,1231,0,2343,0,3,2346,T
3-PA,1232,0,2345,0,2,2347,T
3-PA,1233,1,1,0,2374,2376,C
3-PA,1234,2393,0,3,0,2396,A
3-PA,1235,2400,1,1,0,2402,A
3-PA,1236,0,0,0,2398,2398,C
3-PA,1237,2373,0,3,0,2376,A
3-PA,1238,2363,1,7,0,2371,A
3-PA,1239,1,1,2361,0,2363,G
3-PA,1240,2,0,2373,0,2375,G
3-PA,1241,0,0,0,2381,2381,C
3-PA,1242,1,1,1,2355,2358,C
3-PA,1243,1,2337,0,8,2346,T
3-PA,1244,2,1,2364,0,2367,G
3-PA,1245,1,2360,0,4,2365,T
3-PA,1246,0,3,2384,0,2387,G
3-PA,1247,2383,0,3,0,2386,A
3-PA,1248,1,0,2382,0,2383,G
3-PA,1249,0,2,0,2368,2370,C
3-PA,1250,0,2337,0,2,2339,T
3-PA,1251,2373,0,0,0,2373,A
3-PA,1252,2376,1,3,0,2380,A
3-PA,1253,1,0,0,2384,2385,C
3-PA,1254,0,2354,0,2,2356,T
3-PA,1255,1,4,2362,1,2368,G
3-PA,1256,2356,0,0,0,2356,A
3-PA,1257,0,2347,1,1,2349,T
3-PA,1258,0,2355,1,1,2357,T
3-PA,1259,2,0,0,2354,2356,C
3-PA,1260,2378,1,1,0,2380,A
3-PA,1261,2,3,2405,0,2410,G
3-PA,1262,0,2403,0,2,2405,T
3-PA,1263,2,0,0,2401,2403,C
3-PA,1264,0,2380,0,4,2384,T
3-PA,1265,1,0,2482,0,2483,G
3-PA,1266,0,3,2481,0,2484,G
3-PA,1267,2477,0,5,0,2482,A
3-PA,1268,1,2488,1,0,2490,T
3-PA,1269,2373,0,3,0,2376,A
3-PA,1270,0,2,2385,0,2387,G
3-PA,1271,2369,0,0,0,2369,A
3-PA,1272,0,0,2371,0,2371,G
3-PA,1273,1,0,0,2368,2369,C
3-PA,1274,0,2298,0,2,2300,T
3-PA,1275,1,2296,0,1,2298,T
3-PA,1276,0,1,2306,0,2307,G
3-PA,1277,2309,0,4,0,2313,A
3-PA,1278,0,2314,0,2,2316,T
3-PA,1279,0,3,2301,0,2304,G
3-PA,1280,2317,2,2,0,2321,A
3-PA,1281,2318,1,0,0,2319,A
3-PA,1282,2327,0,5,1,2333,A
3-PA,1283,0,2326,0,2,2328,T
3-PA,1284,0,2327,0,2,2329,T
3-PA,1285,0,1,2352,0,2353,G
3-PA,1286,0,3,2347,0,2350,G
3-PA,1287,2341,0,5,1,2347,A
3-PA,1288,1,3,2348,0,2352,G
3-PA,1289,2332,0,0,0,2332,A
3-PA,1290,0,3,2353,0,2356,G
3-PA,1291,2,0,2363,1,2366,G
3-PA,1292,2376,0,4,0,2380,A
3-PA,1293,1,1,0,2374,2376,C
3-PA,1294,0,0,2367,0,2367,G
3-PA,1295,0,2363,0,1,2364,T
3-PA,1296,2368,2,1,0,2371,A
3-PA,1297,0,0,2383,0,2383,G
3-PA,1298,0,0,0,2394,2394,C
3-PA,1299,5,1,0,2362,2368,C
3-PA,1300,4,1,0,2350,2355,C
3-PA,1301,3,1,0,2350,2354,C
3-PA,1302,2360,0,0,0,2360,A
3-PA,1303,2417,0,1,0,2418,A
3-PA,1304,0,2412,1,1,2414,T
3-PA,1305,0,2399,1,0,2400,T
3-PA,1306,1,3,2393,0,2397,G
3-PA,1307,2352,0,2,1,2355,A
3-PA,1308,1,1,2359,0,2361,G
3-PA,1309,1,0,0,2357,2358,C
3-PA,1310,2342,0,1,0,2343,A
3-PA,1311,0,0,0,2377,2377,C
3-PA,1312,2331,0,0,0,2331,A
3-PA,1313,0,2380,0,2,2382,T
3-PA,1314,0,2379,0,1,2380,T
3-PA,1315,1,0,2383,0,2384,G
3-PA,1316,0,1,0,2379,2380,C
3-PA,1317,2376,0,2,1,2379,A
3-PA,1318,2380,0,2,0,2382,A
3-PA,1319,0,0,2380,0,2380,G
3-PA,1320,1,0,0,2359,2360,C
3-PA,1321,2358,0,0,0,2358,A
3-PA,1322,0,2285,1,1,2287,T
3-PA,1323,0,2,2286,0,2288,G
3-PA,1324,2277,0,6,0,2283,A
3-PA,1325,0,2,2289,0,2291,G
3-PA,1326,2285,0,3,0,2288,A
3-PA,1327,2278,0,2,0,2280,A
3-PA,1328,0,6,2273,0,2279,G
3-PA,1329,0,1,2279,0,2280,G
3-PA,1330,2268,0,2,0,2270,A
3-PA,1331,2264,0,4,1,2269,A
3-PA,1332,3,2264,1,0,2268,T
3-PA,1333,0,2266,0,1,2267,T
3-PA,1334,2277,0,0,0,2277,A
3-PA,1335,0,2285,0,1,2286,T
3-PA,1336,0,2283,0,2,2285,T
3-PA,1337,0,2275,0,5,2280,T
3-PA,1338,1,0,0,2266,2267,C
3-PA,1339,2256,0,2,0,2258,A
3-PA,1340,0,0,1,2290,2291,C
3-PA,1341,2283,0,1,0,2284,A
3-PA,1342,0,0,2311,0,2311,G
3-PA,1343,1,0,0,2309,2310,C
3-PA,1344,2296,0,3,0,2299,A
3-PA,1345,0,0,2303,0,2303,G
3-PA,1346,2288,0,3,0,2291,A
3-PA,1347,0,1,2294,0,2295,G
3-PA,1348,0,0,2296,0,2296,G
3-PA,1349,0,2241,0,3,2244,T
3-PA,1350,0,0,2269,0,2269,G
3-PA,1351,0,2255,0,6,2261,T
3-PA,1352,4,2,0,2257,2263,C
3-PA,1353,3,1,0,2277,2281,C
3-PA,1354,5,0,0,2271,2276,C
3-PA,1355,2295,1,1,0,2297,A
3-PA,1356,1,2310,0,4,2315,T
3-PA,1357,0,2291,0,1,2292,T
3-PA,1358,0,0,2299,0,2299,G
3-PA,1359,0,2250,0,3,2253,T
3-PA,1360,2226,0,1,0,2227,A
3-PA,1361,0,3,2214,0,2217,G
3-PA,1362,2173,1,6,1,2181,A
3-PA,1363,1,0,2184,0,2185,G
3-PA,1364,2,1,0,2142,2145,C
3-PA,1365,3,0,2,2124,2129,C
3-PA,1366,2141,0,2,1,2144,A
3-PA,1367,1,0,0,2149,2150,C
3-PA,1368,0,2138,0,1,2139,T
3-PA,1369,0,2,2135,0,2137,G
3-PA,1370,2127,1,3,0,2131,A
3-PA,1371,2093,1,4,0,2098,A
3-PA,1372,1,2150,0,0,2151,T
3-PA,1373,2174,0,0,0,2174,A
3-PA,1374,0,1,0,2198,2199,C
3-PA,1375,2159,2,4,3,2168,A
3-PA,1376,1,2172,0,1,2174,T
3-PA,1377,2151,0,4,1,2156,A
3-PA,1378,2166,0,1,1,2168,A
3-PA,1379,0,2159,0,0,2159,T
3-PA,1380,0,0,2125,0,2125,G
3-PA,1381,2104,2,1,0,2107,A
3-PA,1382,2080,0,4,1,2085,A
3-PA,1383,0,11,2073,0,2084,G
3-PA,1384,1,5,2055,0,2061,G
3-PA,1385,0,4,2085,0,2089,G
3-PA,1386,0,4,2074,1,2079,G
3-PA,1387,1,3,2091,1,2096,G
3-PA,1388,1,2054,0,1,2056,T
3-PA,1389,2061,1,0,0,2062,A
3-PA,1390,0,2073,1,0,2074,T
3-PA,1391,2095,0,1,0,2096,A
3-PA,1392,0,0,0,2236,2236,C
3-PA,1393,2171,0,1,0,2172,A
3-PA,1394,0,2130,0,1,2131,T
3-PA,1395,1,2112,0,2,2115,T
3-PA,1396,2082,0,2,0,2084,A
3-PA,1397,2112,0,4,0,2116,A
3-PA,1398,0,0,0,2114,2114,C
3-PA,1399,2082,1,1,0,2084,A
3-PA,1400,0,0,0,2084,2084,C
3-PA,1401,0,1881,0,0,1881,T
3-PA,1402,0,3,1930,0,1933,G
3-PA,1403,0,0,0,1917,1917,C
3-PA,1404,4,0,0,1917,1921,C
3-PA,1405,2,1,1,1922,1926,C
3-PA,1406,0,1885,0,2,1887,T
3-PA,1407,0,0,1951,0,1951,G
3-PA,1408,1,2,0,1947,1950,C
3-PA,1409,0,1942,0,3,1945,T
3-PA,1410,2,0,0,1982,1984,C
3-PA,1411,1935,0,1,1,1937,A
3-PA,1412,1949,1,2,0,1952,A
3-PA,1413,0,1953,0,0,1953,T
3-PA,1414,0,0,1948,0,1948,G
3-PA,1415,0,0,0,1951,1951,C
3-PA,1416,1897,1,0,0,1898,A
3-PA,1417,0,1892,0,3,1895,T
3-PA,1418,1,0,0,1885,1886,C
3-PA,1419,2,2,0,1893,1897,C
3-PA,1420,1,1832,0,2,1835,T
3-PA,1421,0,0,1868,0,1868,G
3-PA,1422,0,1864,0,0,1864,T
3-PA,1423,0,0,1863,0,1863,G
3-PA,1424,1,2,0,1861,1864,C
3-PA,1425,1833,0,0,0,1833,A
3-PA,1426,0,0,1846,0,1846,G
3-PA,1427,0,2,0,1843,1845,C
3-PA,1428,1825,0,1,0,1826,A
3-PA,1429,1829,1,0,0,1830,A
3-PA,1430,0,1768,1,1,1770,T
3-PA,1431,0,2,1766,0,1768,G
3-PA,1432,0,0,1768,1,1769,G
3-PA,1433,1768,0,3,0,1771,A
3-PA,1434,1,1,2,1764,1768,C
3-PA,1435,0,3,1748,0,1751,G
3-PA,1436,1764,1,1,0,1766,A
3-PA,1437,0,1763,1,2,1766,T
3-PA,1438,0,1761,2,3,1766,T
3-PA,1439,0,1761,1,3,1765,T
3-PA,1440,1,1755,1,1,1758,T
3-PA,1441,2,2,1,1758,1763,C
3-PA,1442,1756,0,4,0,1760,A
3-PA,1443,1765,0,0,0,1765,A
3-PA,1444,1,0,0,1765,1766,C
3-PA,1445,0,1748,0,1,1749,T
3-PA,1446,1748,0,0,0,1748,A
3-PA,1447,1743,0,0,0,1743,A
3-PA,1448,0,1740,0,1,1741,T
3-PA,1449,1,1740,0,0,1741,T
3-PA,1450,3,1,0,1748,1752,C
3-PA,1451,1,2,0,1741,1744,C
3-PA,1452,9,0,0,1742,1751,C
3-PA,1453,1746,0,1,0,1747,A
3-PA,1454,0,1767,0,0,1767,T
3-PA,1455,1,0,1770,0,1771,G
3-PA,1456,1761,1,3,0,1765,A
3-PA,1457,0,1751,0,1,1752,T
3-PA,1458,1747,1,1,0,1749,A
3-PA,1459,1747,1,6,0,1754,A
3-PA,1460,0,0,1757,0,1757,G
3-PA,1461,1,1,0,1756,1758,C
3-PA,1462,1740,1,1,0,1742,A
3-PA,1463,1692,0,0,0,1692,A
3-PA,1464,0,0,1708,0,1708,G
3-PA,1465,0,1688,0,2,1690,T
3-PA,1466,0,0,1688,0,1688,G
3-PA,1467,1,0,1,1683,1685,C
3-PA,1468,1667,0,4,0,1671,A
3-PA,1469,0,1,1689,0,1690,G
3-PA,1470,1685,1,1,0,1687,A
3-PA,1471,1701,0,2,0,1703,A
3-PA,1472,2,0,0,1697,1699,C
3-PA,1473,0,1649,1,2,1652,T
3-PA,1474,1659,0,1,0,1660,A
3-PA,1475,1658,0,3,0,1661,A
3-PA,1476,1659,0,3,0,1662,A
3-PA,1477,0,1,1659,0,1660,G
3-PA,1478,1598,0,2,0,1600,A
3-PA,1479,0,2,1592,0,1594,G
3-PA,1480,0,0,1563,0,1563,G
3-PA,1481,0,0,1568,0,1568,G
3-PA,1482,1551,0,3,0,1554,A
3-PA,1483,1528,1,3,0,1532,A
3-PA,1484,3,1,1526,0,1530,G
3-PA,1485,0,0,1532,0,1532,G
3-PA,1486,2,2,0,1517,1521,C
3-PA,1487,0,1,1522,0,1523,G
3-PA,1488,1514,0,1,0,1515,A
3-PA,1489,1519,0,2,0,1521,A
3-PA,1490,1520,0,1,0,1521,A
3-PA,1491,1519,1,0,0,1520,A
3-PA,1492,1518,0,0,1,1519,A
3-PA,1493,0,1,1,1517,1519,C
3-PA,1494,2,1,0,1506,1509,C
3-PA,1495,1504,1,0,0,1505,A
3-PA,1496,1513,0,0,0,1513,A
3-PA,1497,1,1510,0,0,1511,T
3-PA,1498,0,1506,0,3,1509,T
3-PA,1499,0,1518,0,0,1518,T
3-PA,1500,1519,0,0,0,1519,A
3-PA,1501,0,1512,0,1,1513,T
3-PA,1502,1509,0,3,0,1512,A
3-PA,1503,0,1504,0,5,1509,T
3-PA,1504,1,1,1491,0,1493,G
3-PA,1505,0,1,1464,0,1465,G
3-PA,1506,1461,0,0,1,1462,A
3-PA,1507,2,1458,0,2,1462,T
3-PA,1508,0,1451,0,0,1451,T
3-PA,1509,3,0,0,1444,1447,C
3-PA,1510,1450,0,1,0,1451,A
3-PA,1511,0,1460,0,2,1462,T
3-PA,1512,1,0,0,1458,1459,C
3-PA,1513,1451,0,2,0,1453,A
3-PA,1514,0,1438,0,1,1439,T
3-PA,1515,1433,0,0,0,1433,A
3-PA,1516,1432,0,0,0,1432,A
3-PA,1517,1429,0,4,1,1434,A
3-PA,1518,0,1,1418,0,1419,G
3-PA,1519,1,0,1383,1,1385,G
3-PA,1520,0,0,1373,0,1373,G
3-PA,1521,1362,0,1,0,1363,A
3-PA,1522,1340,0,4,0,1344,A
3-PA,1523,1,0,1347,0,1348,G
3-PA,1524,1336,0,0,0,1336,A
3-PA,1525,0,1332,0,3,1335,T
3-PA,1526,1,1,0,1330,1332,C
3-PA,1527,1,1302,0,2,1305,T
3-PA,1528,2,0,0,1311,1313,C
3-PA,1529,1312,0,0,0,1312,A
3-PA,1530,0,1311,0,1,1312,T
3-PA,1531,1,1308,0,1,1310,T
3-PA,1532,1,1295,0,0,1296,T
3-PA,1533,1285,0,1,0,1286,A
3-PA,1534,1284,0,2,0,1286,A
3-PA,1535,0,2,1280,0,1282,G
3-PA,1536,0,0,1288,0,1288,G
3-PA,1537,1215,0,2,0,1217,A
3-PA,1538,1216,0,1,0,1217,A
3-PA,1539,0,1213,0,1,1214,T
3-PA,1540,0,2,1211,0,1213,G
3-PA,1541,1232,0,2,0,1234,A
3-PA,1542,1,1,1,1229,1232,C
3-PA,1543,1222,0,2,0,1224,A
3-PA,1544,0,1,0,1225,1226,C
3-PA,1545,1187,0,1,0,1188,A
3-PA,1546,1,1,1187,0,1189,G
3-PA,1547,1178,0,3,0,1181,A
3-PA,1548,1,0,0,1167,1168,C
3-PA,1549,0,0,1155,0,1155,G
3-PA,1550,0,1055,0,2,1057,T
3-PA,1551,0,4,1053,0,1057,G
3-PA,1552,0,0,1056,0,1056,G
3-PA,1553,0,1060,0,0,1060,T
3-PA,1554,1058,0,1,0,1059,A
3-PA,1555,1039,0,0,0,1039,A
3-PA,1556,1038,0,0,0,1038,A
3-PA,1557,1,1032,0,0,1033,T
3-PA,1558,0,1019,0,0,1019,T
3-PA,1559,0,1019,0,0,1019,T
3-PA,1560,0,1001,0,0,1001,T
3-PA,1561,0,0,1006,0,1006,G
3-PA,1562,0,995,0,0,995,T
3-PA,1563,0,0,994,0,994,G
3-PA,1564,988,0,1,0,989,A
3-PA,1565,0,0,995,0,995,G
3-PA,1566,0,0,0,984,984,C
3-PA,1567,986,0,0,0,986,A
3-PA,1568,0,981,0,4,985,T
3-PA,1569,1,1,979,0,981,G
3-PA,1570,0,2,985,0,987,G
3-PA,1571,987,0,1,0,988,A
3-PA,1572,0,0,988,0,988,G
3-PA,1573,0,974,0,2,976,T
3-PA,1574,1,950,0,3,954,T
3-PA,1575,0,960,0,0,960,T
3-PA,1576,0,954,0,3,957,T
3-PA,1577,2,0,0,959,961,C
3-PA,1578,2,950,0,2,954,T
3-PA,1579,0,0,0,952,952,C
3-PA,1580,0,907,0,3,910,T
3-PA,1581,0,0,0,905,905,C
3-PA,1582,900,0,0,0,900,A
3-PA,1583,0,0,0,899,899,C
3-PA,1584,0,865,0,2,867,T
3-PA,1585,0,0,865,0,865,G
3-PA,1586,863,0,0,0,863,A
3-PA,1587,0,1,0,859,860,C
3-PA,1588,2,0,1,854,857,C
3-PA,1589,2,1,0,846,849,C
3-PA,1590,0,1,840,0,841,G
3-PA,1591,834,0,5,0,839,A
3-PA,1592,1,0,845,0,846,G
3-PA,1593,840,0,3,1,844,A
3-PA,1594,0,0,0,819,819,C
3-PA,1595,0,805,0,1,806,T
3-PA,1596,0,752,0,0,752,T
3-PA,1597,0,1,750,0,751,G
3-PA,1598,744,0,2,0,746,A
3-PA,1599,0,0,748,0,748,G
3-PA,1600,0,0,0,743,743,C
3-PA,1601,3,1,1,708,713,C
3-PA,1602,712,0,0,0,712,A
3-PA,1603,0,0,0,702,702,C
3-PA,1604,707,0,1,0,708,A
3-PA,1605,0,707,0,0,707,T
3-PA,1606,695,0,1,0,696,A
3-PA,1607,695,0,1,0,696,A
3-PA,1608,690,0,0,0,690,A
3-PA,1609,0,682,0,0,682,T
3-PA,1610,0,2,680,0,682,G
3-PA,1611,0,0,598,0,598,G
3-PA,1612,0,0,578,0,578,G
3-PA,1613,563,0,0,0,563,A
3-PA,1614,0,1,558,0,559,G
3-PA,1615,548,0,0,0,548,A
3-PA,1616,540,0,0,0,540,A
3-PA,1617,537,0,0,0,537,A
3-PA,1618,0,534,0,0,534,T
3-PA,1619,523,0,0,0,523,A
3-PA,1620,2,0,0,522,524,C
3-PA,1621,0,288,0,0,288,T
3-PA,1622,0,0,289,0,289,G
3-PA,1623,0,188,0,1,189,T
3-PA,1624,0,0,190,0,190,G
3-PA,1625,0,176,0,0,176,T
3-PA,1626,0,0,0,114,114,C
3-PA,1627,0,0,0,110,110,C
3-PA,1628,0,103,0,0,103,T
3-PA,1629,0,101,0,1,102,T
3-PA,1630,0,0,103,0,103,G
3-PA,1631,102,0,0,0,102,A
3-PA,1632,0,0,104,0,104,G
3-PA,1633,98,0,0,0,98,A
3-PA,1634,0,97,0,1,98,T
3-PA,1635,95,0,0,0,95,A
3-PA,1636,0,0,97,0,97,G
3-PA,1637,0,0,96,0,96,G
3-PA,1638,96,0,0,0,96,A
3-PA,1639,0,0,98,0,98,G
3-PA,1640,96,0,0,0,96,A
3-PA,1641,0,95,0,0,95,T
3-PA,1642,95,0,0,0,95,A
3-PA,1643,0,95,0,0,95,T
3-PA,1644,0,0,95,0,95,G
3-PA,1645,0,98,0,0,98,T
3-PA,1646,0,98,0,0,98,T
3-PA,1647,99,0,0,0,99,A
3-PA,1648,0,0,0,99,99,C
3-PA,1649,0,98,0,0,98,T
3-PA,1650,98,0,0,0,98,A
3-PA,1651,98,0,0,0,98,A
3-PA,1652,0,0,98,0,98,G
3-PA,1653,98,0,0,0,98,A
3-PA,1654,97,0,0,0,97,A
3-PA,1655,0,0,96,0,96,G
3-PA,1656,0,97,0,0,97,T
3-PA,1657,0,0,101,0,101,G
3-PA,1658,0,0,0,101,101,C
3-PA,1659,1,0,0,101,102,C
3-PA,1660,102,0,0,0,102,A
3-PA,1661,0,100,0,0,100,T
3-PA,1662,99,0,0,0,99,A
3-PA,1663,0,0,99,0,99,G
3-PA,1664,0,1,97,0,98,G
3-PA,1665,0,0,0,96,96,C
3-PA,1666,0,0,0,97,97,C
3-PA,1667,97,0,0,0,97,A
3-PA,1668,97,0,0,0,97,A
3-PA,1669,96,0,0,0,96,A
3-PA,1670,0,97,0,0,97,T
3-PA,1671,0,96,0,0,96,T
3-PA,1672,0,96,0,0,96,T
3-PA,1673,0,0,0,97,97,C
3-PA,1674,96,0,0,0,96,A
3-PA,1675,95,0,1,0,96,A
3-PA,1676,0,0,96,0,96,G
3-PA,1677,0,0,96,0,96,G
3-PA,1678,0,0,0,96,96,C
3-PA,1679,0,0,0,95,95,C
3-PA,1680,0,0,94,0,94,G
3-PA,1681,101,0,0,0,101,A
3-PA,1682,0,101,0,0,101,T
3-PA,1683,0,0,102,0,102,G
3-PA,1684,0,103,0,0,103,T
3-PA,1685,0,103,0,0,103,T
3-PA,1686,0,0,0,102,102,C
3-PA,1687,0,102,0,0,102,T
3-PA,1688,0,103,0,0,103,T
3-PA,1689,0,0,104,0,104,G
3-PA,1690,0,101,0,0,101,T
3-PA,1691,101,0,0,0,101,A
3-PA,1692,0,102,0,0,102,T
3-PA,1693,0,0,103,0,103,G
3-PA,1694,0,101,0,0,101,T
3-PA,1695,0,1,99,0,100,G
3-PA,1696,100,0,1,0,101,A
3-PA,1697,0,0,102,0,102,G
3-PA,1698,0,0,102,0,102,G
3-PA,1699,103,0,0,0,103,A
3-PA,1700,0,0,0,104,104,C
3-PA,1701,104,0,0,0,104,A
3-PA,1702,104,0,0,0,104,A
3-PA,1703,104,0,0,0,104,A
3-PA,1704,0,0,0,104,104,C
3-PA,1705,0,0,104,0,104,G
3-PA,1706,0,1,104,0,105,G
3-PA,1707,103,0,0,0,103,A
3-PA,1708,103,0,0,0,103,A
3-PA,1709,0,0,0,106,106,C
3-PA,1710,106,0,0,0,106,A
3-PA,1711,0,106,0,0,106,T
3-PA,1712,0,0,0,106,106,C
3-PA,1713,105,0,0,0,105,A
3-PA,1714,106,0,0,0,106,A
3-PA,1715,106,0,0,0,106,A
3-PA,1716,0,0,109,0,109,G
3-PA,1717,0,0,108,0,108,G
3-PA,1718,0,106,0,0,106,T
3-PA,1719,0,0,0,107,107,C
3-PA,1720,107,0,0,0,107,A
3-PA,1721,107,0,0,0,107,A
3-PA,1722,108,0,0,0,108,A
3-PA,1723,107,0,0,0,107,A
3-PA,1724,0,109,0,0,109,T
3-PA,1725,0,0,109,0,109,G
3-PA,1726,109,0,0,0,109,A
3-PA,1727,107,0,1,0,108,A
3-PA,1728,109,0,0,0,109,A
3-PA,1729,0,109,0,0,109,T
3-PA,1730,0,0,109,0,109,G
3-PA,1731,0,0,109,0,109,G
3-PA,1732,0,1,107,0,108,G
3-PA,1733,0,0,109,0,109,G
3-PA,1734,108,0,0,0,108,A
3-PA,1735,109,0,0,0,109,A
3-PA,1736,0,109,0,0,109,T
3-PA,1737,0,0,110,0,110,G
3-PA,1738,0,0,111,0,111,G
3-PA,1739,110,0,1,0,111,A
3-PA,1740,0,0,112,0,112,G
3-PA,1741,111,0,0,0,111,A
3-PA,1742,0,110,0,1,111,T
3-PA,1743,0,0,112,0,112,G
3-PA,1744,112,0,0,0,112,A
3-PA,1745,0,0,112,0,112,G
3-PA,1746,112,0,0,0,112,A
3-PA,1747,1,0,0,109,110,C
3-PA,1748,0,0,110,0,110,G
3-PA,1749,0,110,0,0,110,T
3-PA,1750,0,110,0,0,110,T
3-PA,1751,0,0,111,0,111,G
3-PA,1752,0,0,0,111,111,C
3-PA,1753,0,0,0,111,111,C
3-PA,1754,0,111,0,0,111,T
3-PA,1755,0,0,0,114,114,C
3-PA,1756,0,0,0,115,115,C
3-PA,1757,0,115,0,0,115,T
3-PA,1758,0,115,0,0,115,T
3-PA,1759,0,0,0,115,115,C
3-PA,1760,115,0,0,0,115,A
3-PA,1761,0,0,115,0,115,G
3-PA,1762,0,115,0,0,115,T
3-PA,1763,0,0,0,117,117,C
3-PA,1764,114,1,1,0,116,A
3-PA,1765,0,0,0,119,119,C
3-PA,1766,0,119,0,0,119,T
3-PA,1767,0,0,0,118,118,C
3-PA,1768,1,0,0,117,118,C
3-PA,1769,117,0,1,0,118,A
3-PA,1770,0,0,118,0,118,G
3-PA,1771,0,0,0,118,118,C
3-PA,1772,117,0,0,0,117,A
3-PA,1773,0,0,119,0,119,G
3-PA,1774,112,0,0,0,112,A
3-PA,1775,0,110,1,0,111,T
3-PA,1776,0,0,0,112,112,C
3-PA,1777,0,0,112,0,112,G
3-PA,1778,111,0,1,0,112,A
3-PA,1779,0,0,112,0,112,G
3-PA,1780,110,0,0,0,110,A
3-PA,1781,0,0,112,0,112,G
3-PA,1782,0,0,0,112,112,C
3-PA,1783,112,0,0,0,112,A
3-PA,1784,0,112,0,0,112,T
3-PA,1785,0,0,113,0,113,G
3-PA,1786,113,0,0,0,113,A
3-PA,1787,0,113,0,0,113,T
3-PA,1788,0,112,0,0,112,T
3-PA,1789,0,0,112,0,112,G
3-PA,1790,112,0,0,0,112,A
3-PA,1791,112,0,0,0,112,A
3-PA,1792,0,0,111,0,111,G
3-PA,1793,0,0,0,112,112,C
3-PA,1794,0,0,0,111,111,C
3-PA,1795,0,0,110,0,110,G
3-PA,1796,110,0,0,0,110,A
3-PA,1797,0,0,111,0,111,G
3-PA,1798,0,111,0,0,111,T
3-PA,1799,0,0,0,111,111,C
3-PA,1800,0,0,0,110,110,C
3-PA,1801,0,109,0,0,109,T
3-PA,1802,0,1,0,107,108,C
3-PA,1803,0,0,108,0,108,G
3-PA,1804,0,0,110,0,110,G
3-PA,1805,0,110,0,0,110,T
3-PA,1806,0,104,0,0,104,T
3-PA,1807,105,0,0,0,105,A
3-PA,1808,105,0,0,0,105,A
3-PA,1809,106,0,0,0,106,A
3-PA,1810,0,0,107,0,107,G
3-PA,1811,107,0,0,0,107,A
3-PA,1812,0,0,107,0,107,G
3-PA,1813,105,0,0,0,105,A
3-PA,1814,106,0,0,0,106,A
3-PA,1815,106,0,0,0,106,A
3-PA,1816,0,0,106,0,106,G
3-PA,1817,105,0,0,0,105,A
3-PA,1818,0,0,0,105,105,C
3-PA,1819,104,0,0,0,104,A
3-PA,1820,0,103,0,0,103,T
3-PA,1821,0,0,102,0,102,G
3-PA,1822,103,0,0,0,103,A
3-PA,1823,0,0,0,103,103,C
3-PA,1824,0,0,0,103,103,C
3-PA,1825,102,0,0,0,102,A
3-PA,1826,102,0,0,0,102,A
3-PA,1827,102,0,0,0,102,A
3-PA,1828,0,0,102,0,102,G
3-PA,1829,101,0,0,0,101,A
3-PA,1830,0,0,101,0,101,G
3-PA,1831,0,101,0,0,101,T
3-PA,1832,0,100,0,0,100,T
3-PA,1833,0,99,0,0,99,T
3-PA,1834,0,98,0,0,98,T
3-PA,1835,0,99,0,0,99,T
3-PA,1836,0,100,0,0,100,T
3-PA,1837,0,0,99,0,99,G
3-PA,1838,99,0,0,0,99,A
3-PA,1839,0,0,100,0,100,G
3-PA,1840,100,0,0,0,100,A
3-PA,1841,100,0,0,0,100,A
3-PA,1842,0,100,0,0,100,T
3-PA,1843,100,0,0,0,100,A
3-PA,1844,99,0,0,0,99,A
3-PA,1845,0,0,100,0,100,G
3-PA,1846,0,103,0,0,103,T
3-PA,1847,0,0,0,103,103,C
3-PA,1848,103,0,0,0,103,A
3-PA,1849,0,0,103,0,103,G
3-PA,1850,103,0,0,0,103,A
3-PA,1851,104,0,0,0,104,A
3-PA,1852,0,0,105,0,105,G
3-PA,1853,0,0,0,101,101,C
3-PA,1854,99,0,0,0,99,A
3-PA,1855,0,99,0,0,99,T
3-PA,1856,0,0,99,0,99,G
3-PA,1857,0,0,101,0,101,G
3-PA,1858,0,0,0,100,100,C
3-PA,1859,0,0,0,103,103,C
3-PA,1860,0,0,0,102,102,C
3-PA,1861,102,0,0,0,102,A
3-PA,1862,0,103,0,0,103,T
3-PA,1863,0,102,0,0,102,T
3-PA,1864,0,0,103,0,103,G
3-PA,1865,0,0,103,0,103,G
3-PA,1866,0,0,100,0,100,G
3-PA,1867,0,0,98,0,98,G
3-PA,1868,93,0,1,0,94,A
3-PA,1869,0,0,96,0,96,G
3-PA,1870,0,94,0,0,94,T
3-PA,1871,0,0,0,93,93,C
3-PA,1872,0,0,0,97,97,C
3-PA,1873,0,0,0,97,97,C
3-PA,1874,1,0,0,97,98,C
3-PA,1875,0,0,0,98,98,C
3-PA,1876,98,0,0,0,98,A
3-PA,1877,98,0,0,0,98,A
3-PA,1878,0,0,98,0,98,G
3-PA,1879,0,0,97,0,97,G
3-PA,1880,0,0,97,0,97,G
3-PA,1881,87,0,0,0,87,A
3-PA,1882,0,0,88,0,88,G
3-PA,1883,0,87,0,1,88,T
3-PA,1884,1,0,88,0,89,G
3-PA,1885,0,0,89,0,89,G
3-PA,1886,88,1,0,0,89,A
3-PA,1887,89,0,0,0,89,A
3-PA,1888,0,0,89,0,89,G
3-PA,1889,88,0,0,0,88,A
3-PA,1890,88,0,0,0,88,A
3-PA,1891,0,0,88,0,88,G
3-PA,1892,0,0,88,0,88,G
3-PA,1893,0,88,0,0,88,T
3-PA,1894,0,84,0,1,85,T
3-PA,1895,0,0,0,86,86,C
3-PA,1896,0,0,0,86,86,C
3-PA,1897,86,0,0,0,86,A
3-PA,1898,0,86,0,0,86,T
3-PA,1899,0,86,0,0,86,T
3-PA,1900,1,0,86,0,87,G
3-PA,1901,0,0,86,0,86,G
3-PA,1902,0,0,86,0,86,G
3-PA,1903,84,0,0,1,85,A
3-PA,1904,85,0,0,0,85,A
3-PA,1905,86,0,0,0,86,A
3-PA,1906,0,0,88,0,88,G
3-PA,1907,0,88,0,0,88,T
3-PA,1908,0,0,0,91,91,C
3-PA,1909,0,91,0,0,91,T
3-PA,1910,0,0,92,0,92,G
3-PA,1911,0,92,0,0,92,T
3-PA,1912,92,0,0,0,92,A
3-PA,1913,0,0,92,0,92,G
3-PA,1914,0,0,87,0,87,G
3-PA,1915,84,0,0,0,84,A
3-PA,1916,0,0,0,83,83,C
3-PA,1917,0,81,0,0,81,T
3-PA,1918,0,0,0,85,85,C
3-PA,1919,0,84,0,0,84,T
3-PA,1920,85,0,0,0,85,A
3-PA,1921,0,83,0,0,83,T
3-PA,1922,0,84,0,0,84,T
3-PA,1923,0,0,84,0,84,G
3-PA,1924,0,0,82,0,82,G
3-PA,1925,0,0,0,81,81,C
3-PA,1926,0,82,0,0,82,T
3-PA,1927,78,0,0,0,78,A
3-PA,1928,77,1,0,0,78,A
3-PA,1929,0,0,80,0,80,G
3-PA,1930,0,80,0,0,80,T
3-PA,1931,0,0,0,78,78,C
3-PA,1932,77,1,0,0,78,A
3-PA,1933,0,0,86,0,86,G
3-PA,1934,0,83,0,1,84,T
3-PA,1935,90,0,0,0,90,A
3-PA,1936,0,88,0,0,88,T
3-PA,1937,0,92,0,0,92,T
3-PA,1938,1,0,0,90,91,C
3-PA,1939,92,0,0,0,92,A
3-PA,1940,92,0,0,0,92,A
3-PA,1941,0,92,0,0,92,T
3-PA,1942,87,0,0,0,87,A
3-PA,1943,0,0,87,0,87,G
3-PA,1944,0,0,0,84,84,C
3-PA,1945,0,0,0,84,84,C
3-PA,1946,0,81,0,0,81,T
3-PA,1947,0,1,82,0,83,G
3-PA,1948,0,83,0,0,83,T
3-PA,1949,83,0,0,0,83,A
3-PA,1950,0,83,0,0,83,T
3-PA,1951,0,0,79,0,79,G
3-PA,1952,1,0,0,80,81,C
3-PA,1953,79,0,0,0,79,A
3-PA,1954,0,79,0,0,79,T
3-PA,1955,0,0,0,79,79,C
3-PA,1956,77,0,0,0,77,A
3-PA,1957,0,0,0,76,76,C
3-PA,1958,0,0,0,77,77,C
3-PA,1959,76,0,0,0,76,A
3-PA,1960,0,0,0,77,77,C
3-PA,1961,76,0,0,0,76,A
3-PA,1962,77,0,0,0,77,A
3-PA,1963,0,76,0,0,76,T
3-PA,1964,0,76,0,1,77,T
3-PA,1965,0,0,77,0,77,G
3-PA,1966,0,0,77,0,77,G
3-PA,1967,76,0,0,0,76,A
3-PA,1968,76,0,0,0,76,A
3-PA,1969,0,0,77,0,77,G
3-PA,1970,0,0,77,0,77,G
3-PA,1971,77,0,0,0,77,A
3-PA,1972,0,76,0,0,76,T
3-PA,1973,0,76,0,0,76,T
3-PA,1974,0,77,0,0,77,T
3-PA,1975,0,77,0,0,77,T
3-PA,1976,0,0,0,76,76,C
3-PA,1977,77,0,0,0,77,A
3-PA,1978,0,0,77,0,77,G
3-PA,1979,0,0,0,76,76,C
3-PA,1980,0,0,74,0,74,G
3-PA,1981,0,0,76,0,76,G
3-PA,1982,77,0,0,0,77,A
3-PA,1983,0,0,77,0,77,G
3-PA,1984,0,77,0,0,77,T
3-PA,1985,0,0,0,77,77,C
3-PA,1986,77,0,0,0,77,A
3-PA,1987,77,0,0,0,77,A
3-PA,1988,0,0,77,0,77,G
3-PA,1989,77,0,0,0,77,A
3-PA,1990,77,0,0,0,77,A
3-PA,1991,77,0,0,0,77,A
3-PA,1992,75,0,0,0,75,A
3-PA,1993,0,0,0,75,75,C
3-PA,1994,0,74,0,0,74,T
3-PA,1995,0,0,73,0,73,G
3-PA,1996,0,0,0,73,73,C
3-PA,1997,0,72,0,0,72,T
3-PA,1998,0,0,0,73,73,C
3-PA,1999,0,0,0,73,73,C
3-PA,2000,0,75,0,0,75,T
3-PA,2001,0,74,0,0,74,T
3-PA,2002,0,0,75,0,75,G
3-PA,2003,0,75,0,0,75,T
3-PA,2004,0,74,0,0,74,T
3-PA,2005,0,0,74,0,74,G
3-PA,2006,0,74,0,0,74,T
3-PA,2007,0,74,0,0,74,T
3-PA,2008,0,0,0,74,74,C
3-PA,2009,71,0,1,0,72,A
3-PA,2010,0,0,72,0,72,G
3-PA,2011,0,0,72,0,72,G
3-PA,2012,0,0,0,72,72,C
3-PA,2013,0,72,0,0,72,T
3-PA,2014,0,0,0,73,73,C
3-PA,2015,0,73,0,0,73,T
3-PA,2016,0,73,0,0,73,T
3-PA,2017,73,0,0,0,73,A
3-PA,2018,0,0,73,0,73,G
3-PA,2019,0,0,71,0,71,G
3-PA,2020,0,0,72,0,72,G
3-PA,2021,69,0,0,0,69,A
3-PA,2022,0,0,0,70,70,C
3-PA,2023,66,0,0,0,66,A
3-PA,2024,66,0,0,0,66,A
3-PA,2025,0,0,0,66,66,C
3-PA,2026,0,0,0,66,66,C
3-PA,2027,0,65,0,0,65,T
3-PA,2028,0,0,0,66,66,C
3-PA,2029,1,0,65,0,66,G
3-PA,2030,65,0,0,0,65,A
3-PA,2031,66,0,0,0,66,A
3-PA,2032,0,0,0,67,67,C
3-PA,2033,0,0,0,64,64,C
3-PA,2034,0,62,0,0,62,T
3-PA,2035,0,0,63,0,63,G
3-PA,2036,0,0,63,0,63,G
3-PA,2037,0,0,61,0,61,G
3-PA,2038,62,0,1,0,63,A
3-PA,2039,0,0,0,61,61,C
3-PA,2040,0,0,0,59,59,C
3-PA,2041,0,59,0,0,59,T
3-PA,2042,0,59,0,0,59,T
3-PA,2043,0,58,0,0,58,T
3-PA,2044,0,0,59,0,59,G
3-PA,2045,60,0,0,0,60,A
3-PA,2046,0,60,0,0,60,T
3-PA,2047,0,0,0,60,60,C
3-PA,2048,0,59,0,0,59,T
3-PA,2049,0,59,0,0,59,T
3-PA,2050,0,0,58,0,58,G
3-PA,2051,0,0,59,0,59,G
3-PA,2052,0,0,59,0,59,G
3-PA,2053,0,0,59,0,59,G
3-PA,2054,0,0,59,0,59,G
3-PA,2055,0,0,59,0,59,G
3-PA,2056,0,0,0,58,58,C
3-PA,2057,0,57,0,0,57,T
3-PA,2058,56,0,0,0,56,A
3-PA,2059,0,57,0,0,57,T
3-PA,2060,55,0,1,0,56,A
3-PA,2061,0,57,0,0,57,T
3-PA,2062,0,0,54,0,54,G
3-PA,2063,54,0,0,0,54,A
3-PA,2064,51,0,0,0,51,A
3-PA,2065,0,0,51,0,51,G
3-PA,2066,0,0,0,50,50,C
3-PA,2067,48,0,0,0,48,A
3-PA,2068,50,0,0,0,50,A
3-PA,2069,0,49,0,0,49,T
3-PA,2070,0,50,0,0,50,T
3-PA,2071,0,0,50,0,50,G
3-PA,2072,50,0,0,0,50,A
3-PA,2073,0,0,50,0,50,G
3-PA,2074,0,1,49,0,50,G
3-PA,2075,48,0,0,0,48,A
3-PA,2076,0,0,48,0,48,G
3-PA,2077,0,45,0,0,45,T
3-PA,2078,0,0,45,0,45,G
3-PA,2079,0,0,0,45,45,C
3-PA,2080,0,0,0,45,45,C
3-PA,2081,0,45,0,0,45,T
3-PA,2082,0,0,44,0,44,G
3-PA,2083,45,0,0,0,45,A
3-PA,2084,0,44,0,0,44,T
3-PA,2085,0,44,0,0,44,T
3-PA,2086,45,0,0,0,45,A
3-PA,2087,45,0,0,0,45,A
3-PA,2088,0,44,0,0,44,T
3-PA,2089,0,0,44,0,44,G
3-PA,2090,44,0,0,0,44,A
3-PA,2091,0,44,0,0,44,T
3-PA,2092,0,0,0,44,44,C
3-PA,2093,0,0,0,44,44,C
3-PA,2094,0,0,0,44,44,C
3-PA,2095,0,43,0,0,43,T
3-PA,2096,0,0,44,0,44,G
3-PA,2097,0,1,42,0,43,G
3-PA,2098,0,0,43,0,43,G
3-PA,2099,0,43,0,0,43,T
3-PA,2100,0,42,0,0,42,T
3-PA,2101,0,42,0,0,42,T
3-PA,2102,0,42,0,0,42,T
3-PA,2103,0,0,42,0,42,G
3-PA,2104,0,0,0,42,42,C
3-PA,2105,0,42,0,1,43,T
3-PA,2106,0,0,0,43,43,C
3-PA,2107,41,0,0,0,41,A
3-PA,2108,41,0,0,0,41,A
3-PA,2109,0,40,0,0,40,T
3-PA,2110,0,0,41,0,41,G
3-PA,2111,0,0,0,38,38,C
3-PA,2112,0,0,37,0,37,G
3-PA,2113,0,36,0,1,37,T
3-PA,2114,0,0,0,37,37,C
3-PA,2115,0,37,0,0,37,T
3-PA,2116,0,37,0,0,37,T
3-PA,2117,0,0,36,0,36,G
3-PA,2118,0,0,36,0,36,G
3-PA,2119,0,36,0,0,36,T
3-PA,2120,0,35,0,0,35,T
3-PA,2121,0,0,0,35,35,C
3-PA,2122,35,0,0,0,35,A
3-PA,2123,35,0,0,0,35,A
3-PA,2124,0,0,0,35,35,C
3-PA,2125,0,35,0,0,35,T
3-PA,2126,0,0,0,35,35,C
3-PA,2127,0,0,0,34,34,C
3-PA,2128,0,33,0,0,33,T
3-PA,2129,0,31,0,1,32,T
3-PA,2130,0,0,0,33,33,C
3-PA,2131,0,0,0,33,33,C
3-PA,2132,0,31,0,0,31,T
3-PA,2133,0,0,31,0,31,G
3-PA,2134,32,0,0,0,32,A
3-PA,2135,0,0,0,31,31,C
3-PA,2136,30,0,0,0,30,A
3-PA,2137,0,0,0,27,27,C
3-PA,2138,26,0,0,0,26,A
3-PA,2139,0,26,0,0,26,T
3-PA,2140,0,0,25,1,26,G
3-PA,2141,0,0,0,26,26,C
3-PA,2142,26,0,0,0,26,A
3-PA,2143,0,26,0,0,26,T
3-PA,2144,0,25,0,0,25,T
3-PA,2145,25,0,0,0,25,A
3-PA,2146,25,0,0,0,25,A
3-PA,2147,25,0,0,0,25,A
3-PA,2148,25,0,0,0,25,A
3-PA,2149,0,25,0,0,25,T
3-PA,2150,19,0,0,0,19,A
3-PA,2151,0,0,19,0,19,G
4-HA,1,248,0,0,0,248,A
4-HA,2,0,250,0,0,250,T
4-HA,3,0,0,254,0,254,G
4-HA,4,258,0,0,0,258,A
4-HA,5,255,0,3,0,258,A
4-HA,6,1,0,284,0,285,G
4-HA,7,282,0,0,0,282,A
4-HA,8,0,0,0,310,310,C
4-HA,9,0,310,0,1,311,T
4-HA,10,315,2,0,0,317,A
4-HA,11,0,339,0,1,340,T
4-HA,12,0,0,0,341,341,C
4-HA,13,340,0,0,0,340,A
4-HA,14,0,340,0,0,340,T
4-HA,15,0,342,0,0,342,T
4-HA,16,0,0,385,0,385,G
4-HA,17,0,0,0,390,390,C
4-HA,18,0,387,0,0,387,T
4-HA,19,0,389,0,0,389,T
4-HA,20,0,390,0,0,390,T
4-HA,21,0,0,412,0,412,G
4-HA,22,414,0,0,0,414,A
4-HA,23,0,0,427,0,427,G
4-HA,24,0,1,0,434,435,C
4-HA,25,0,434,0,1,435,T
4-HA,26,471,0,1,0,472,A
4-HA,27,0,0,1,472,473,C
4-HA,28,484,0,0,0,484,A
4-HA,29,0,513,0,2,515,T
4-HA,30,0,511,0,2,513,T
4-HA,31,0,0,0,514,514,C
4-HA,32,0,515,0,0,515,T
4-HA,33,526,0,1,0,527,A
4-HA,34,0,530,0,0,530,T
4-HA,35,0,0,535,0,535,G
4-HA,36,1,532,0,3,536,T
4-HA,37,1,0,0,536,537,C
4-HA,38,0,537,0,1,538,T
4-HA,39,0,1,537,0,538,G
4-HA,40,0,0,537,0,537,G
4-HA,41,0,538,0,1,539,T
4-HA,42,1,537,0,1,539,T
4-HA,43,0,539,0,0,539,T
4-HA,44,0,539,0,1,540,T
4-HA,45,2,2,0,536,540,C
4-HA,46,0,0,537,0,537,G
4-HA,47,0,0,0,544,544,C
4-HA,48,0,541,0,1,542,T
4-HA,49,1,0,0,548,549,C
4-HA,50,549,0,0,0,549,A
4-HA,51,552,0,0,0,552,A
4-HA,52,551,0,0,0,551,A
4-HA,53,551,0,0,0,551,A
4-HA,54,553,0,0,0,553,A
4-HA,55,0,0,0,554,554,C
4-HA,56,0,555,0,0,555,T
4-HA,57,0,556,0,1,557,T
4-HA,58,1,0,0,557,558,C
4-HA,59,0,0,0,556,556,C
4-HA,60,0,557,0,1,558,T
4-HA,61,0,1,558,0,559,G
4-HA,62,0,1,562,0,563,G
4-HA,63,558,0,0,0,558,A
4-HA,64,574,0,0,0,574,A
4-HA,65,575,0,0,0,575,A
4-HA,66,0,580,0,0,580,T
4-HA,67,0,1,586,0,587,G
4-HA,68,589,0,0,0,589,A
4-HA,69,0,0,0,595,595,C
4-HA,70,592,0,2,0,594,A
4-HA,71,595,0,0,0,595,A
4-HA,72,0,0,0,602,602,C
4-HA,73,601,0,0,0,601,A
4-HA,74,0,0,607,0,607,G
4-HA,75,0,0,0,601,601,C
4-HA,76,601,0,1,0,602,A
4-HA,77,0,1,0,616,617,C
4-HA,78,0,0,615,0,615,G
4-HA,79,1,0,621,0,622,G
4-HA,80,0,0,0,623,623,C
4-HA,81,621,0,1,0,622,A
4-HA,82,630,0,0,0,630,A
4-HA,83,0,0,0,629,629,C
4-HA,84,0,0,643,0,643,G
4-HA,85,0,0,0,647,647,C
4-HA,86,0,641,0,1,642,T
4-HA,87,0,0,650,0,650,G
4-HA,88,0,651,0,0,651,T
4-HA,89,0,0,672,0,672,G
4-HA,90,0,0,0,683,683,C
4-HA,91,0,0,0,701,701,C
4-HA,92,0,699,0,1,700,T
4-HA,93,0,700,0,0,700,T
4-HA,94,0,1,703,0,704,G
4-HA,95,1,2,701,1,705,G
4-HA,96,0,0,724,0,724,G
4-HA,97,0,0,0,725,725,C
4-HA,98,722,0,1,0,723,A
4-HA,99,0,0,0,744,744,C
4-HA,100,0,1,0,738,739,C
4-HA,101,786,1,0,0,787,A
4-HA,102,1,786,0,1,788,T
4-HA,103,0,0,791,0,791,G
4-HA,104,0,0,0,791,791,C
4-HA,105,788,0,1,0,789,A
4-HA,106,0,0,841,0,841,G
4-HA,107,0,839,0,2,841,T
4-HA,108,844,0,1,0,845,A
4-HA,109,1,0,0,845,846,C
4-HA,110,0,1,0,828,829,C
4-HA,111,832,0,1,0,833,A
4-HA,112,830,1,0,0,831,A
4-HA,113,835,0,1,0,836,A
4-HA,114,2,0,0,836,838,C
4-HA,115,0,1,818,0,819,G
4-HA,116,0,1,842,0,843,G
4-HA,117,838,0,3,0,841,A
4-HA,118,837,0,2,0,839,A
4-HA,119,1,0,0,838,839,C
4-HA,120,834,1,0,0,835,A
4-HA,121,853,0,0,0,853,A
4-HA,122,0,859,0,0,859,T
4-HA,123,865,0,3,0,868,A
4-HA,124,0,0,867,0,867,G
4-HA,125,0,857,0,0,857,T
4-HA,126,1,1,859,0,861,G
4-HA,127,858,0,1,0,859,A
4-HA,128,857,0,3,0,860,A
4-HA,129,859,1,1,0,861,A
4-HA,130,860,0,0,0,860,A
4-HA,131,0,0,0,876,876,C
4-HA,132,869,2,0,0,871,A
4-HA,133,878,1,1,0,880,A
4-HA,134,0,876,0,1,877,T
4-HA,135,1,0,0,874,875,C
4-HA,136,879,0,0,0,879,A
4-HA,137,2,3,0,873,878,C
4-HA,138,0,0,874,0,874,G
4-HA,139,874,0,0,0,874,A
4-HA,140,875,0,0,0,875,A
4-HA,141,0,874,0,1,875,T
4-HA,142,0,0,873,0,873,G
4-HA,143,876,0,3,0,879,A
4-HA,144,0,1,0,878,879,C
4-HA,145,1,0,0,877,878,C
4-HA,146,879,0,1,0,880,A
4-HA,147,877,1,1,0,879,A
4-HA,148,882,0,0,0,882,A
4-HA,149,0,882,1,0,883,T
4-HA,150,1,880,0,0,881,T
4-HA,151,0,0,883,0,883,G
4-HA,152,882,0,0,0,882,A
4-HA,153,886,0,1,0,887,A
4-HA,154,0,0,887,0,887,G
4-HA,155,1,889,0,0,890,T
4-HA,156,0,909,0,0,909,T
4-HA,157,921,0,0,0,921,A
4-HA,158,0,0,0,927,927,C
4-HA,159,0,926,0,1,927,T
4-HA,160,924,0,0,0,924,A
4-HA,161,938,0,1,1,940,A
4-HA,162,0,941,0,0,941,T
4-HA,163,0,0,937,0,937,G
4-HA,164,0,0,0,969,969,C
4-HA,165,0,966,0,0,966,T
4-HA,166,968,0,1,0,969,A
4-HA,167,0,0,0,965,965,C
4-HA,168,0,960,0,2,962,T
4-HA,169,0,0,971,0,971,G
4-HA,170,962,0,1,1,964,A
4-HA,171,0,0,970,0,970,G
4-HA,172,1,0,0,969,970,C
4-HA,173,0,957,0,3,960,T
4-HA,174,0,0,978,0,978,G
4-HA,175,0,1,996,0,997,G
4-HA,176,0,998,0,0,998,T
4-HA,177,0,996,0,3,999,T
4-HA,178,0,0,0,995,995,C
4-HA,179,994,1,0,0,995,A
4-HA,180,0,0,996,0,996,G
4-HA,181,998,0,1,0,999,A
4-HA,182,2,1,1013,0,1016,G
4-HA,183,0,1008,0,3,1011,T
4-HA,184,0,997,0,1,998,T
4-HA,185,4,0,0,999,1003,C
4-HA,186,3,0,0,1000,1003,C
4-HA,187,0,1002,0,2,1004,T
4-HA,188,0,1,0,1005,1006,C
4-HA,189,1001,0,1,0,1002,A
4-HA,190,1005,1,0,0,1006,A
4-HA,191,1,0,0,1009,1010,C
4-HA,192,1003,0,2,0,1005,A
4-HA,193,0,1,1020,0,1021,G
4-HA,194,2,1,1022,0,1025,G
4-HA,195,0,1017,0,0,1017,T
4-HA,196,1,0,1021,0,1022,G
4-HA,197,1026,0,0,1,1027,A
4-HA,198,1027,0,0,0,1027,A
4-HA,199,1049,0,2,0,1051,A
4-HA,200,0,1041,0,0,1041,T
4-HA,201,1049,1,0,0,1050,A
4-HA,202,0,1040,0,2,1042,T
4-HA,203,0,0,1040,0,1040,G
4-HA,204,1,1,0,1041,1043,C
4-HA,205,0,0,1042,0,1042,G
4-HA,206,1043,0,2,0,1045,A
4-HA,207,1,0,0,1047,1048,C
4-HA,208,1024,0,0,0,1024,A
4-HA,209,0,1,1086,0,1087,G
4-HA,210,1,1074,0,1,1076,T
4-HA,211,0,0,0,1096,1096,C
4-HA,212,0,0,0,1093,1093,C
4-HA,213,0,1094,0,2,1096,T
4-HA,214,1,0,0,1106,1107,C
4-HA,215,1113,0,0,0,1113,A
4-HA,216,0,1108,0,2,1110,T
4-HA,217,0,0,1,1108,1109,C
4-HA,218,1090,0,1,0,1091,A
4-HA,219,0,1,1097,0,1098,G
4-HA,220,1089,0,5,0,1094,A
4-HA,221,0,1091,0,0,1091,T
4-HA,222,0,0,0,1099,1099,C
4-HA,223,2,0,0,1099,1101,C
4-HA,224,0,1102,0,1,1103,T
4-HA,225,0,1102,0,1,1103,T
4-HA,226,1,0,1106,0,1107,G
4-HA,227,1114,0,1,0,1115,A
4-HA,228,0,1111,0,0,1111,T
4-HA,229,0,0,1136,0,1136,G
4-HA,230,0,0,1140,0,1140,G
4-HA,231,1129,0,1,0,1130,A
4-HA,232,0,1,1130,0,1131,G
4-HA,233,1121,0,1,0,1122,A
4-HA,234,1,2,1113,0,1116,G
4-HA,235,1129,0,0,0,1129,A
4-HA,236,1135,0,3,0,1138,A
4-HA,237,1,1,0,1150,1152,C
4-HA,238,0,1138,0,0,1138,T
4-HA,239,3,0,1146,0,1149,G
4-HA,240,1,0,0,1143,1144,C
4-HA,241,1145,0,2,0,1147,A
4-HA,242,0,0,0,1187,1187,C
4-HA,243,1181,0,1,0,1182,A
4-HA,244,0,0,0,1297,1297,C
4-HA,245,0,1294,0,3,1297,T
4-HA,246,1313,0,0,0,1313,A
4-HA,247,1315,0,2,0,1317,A
4-HA,248,0,1316,0,1,1317,T
4-HA,249,1314,0,1,0,1315,A
4-HA,250,0,0,1317,0,1317,G
4-HA,251,1302,0,0,0,1302,A
4-HA,252,0,1284,0,0,1284,T
4-HA,253,1,0,1248,0,1249,G
4-HA,254,0,0,1,1260,1261,C
4-HA,255,0,1254,1,3,1258,T
4-HA,256,0,0,0,1337,1337,C
4-HA,257,0,1335,0,4,1339,T
4-HA,258,1364,0,1,0,1365,A
4-HA,259,0,1365,0,0,1365,T
4-HA,260,0,1358,0,4,1362,T
4-HA,261,0,4,1366,0,1370,G
4-HA,262,0,0,1367,0,1367,G
4-HA,263,0,0,1370,0,1370,G
4-HA,264,1350,0,4,0,1354,A
4-HA,265,0,2,1333,0,1335,G
4-HA,266,1326,0,0,0,1326,A
4-HA,267,0,0,1,1423,1424,C
4-HA,268,4,0,0,1440,1444,C
4-HA,269,0,0,0,1455,1455,C
4-HA,270,1,1455,0,1,1457,T
4-HA,271,2,0,0,1475,1477,C
4-HA,272,1479,0,0,0,1479,A
4-HA,273,1277,0,217,0,1494,A
4-HA,274,0,1519,0,1,1520,T
4-HA,275,2,1,1536,0,1539,G
4-HA,276,0,1538,0,0,1538,T
4-HA,277,0,2,1532,0,1534,G
4-HA,278,1525,1,0,0,1526,A
4-HA,279,0,1527,0,1,1528,T
4-HA,280,1,1,1520,0,1522,G
4-HA,281,0,1,1517,0,1518,G
4-HA,282,0,0,0,1514,1514,C
4-HA,283,0,1518,0,3,1521,T
4-HA,284,0,1518,0,1,1519,T
4-HA,285,2,0,0,1519,1521,C
4-HA,286,0,1,0,1516,1517,C
4-HA,287,1520,1,0,0,1521,A
4-HA,288,1526,0,0,0,1526,A
4-HA,289,1529,0,0,0,1529,A
4-HA,290,1527,0,0,0,1527,A
4-HA,291,0,1537,0,0,1537,T
4-HA,292,1534,0,3,0,1537,A
4-HA,293,1535,0,1,0,1536,A
4-HA,294,0,0,1544,0,1544,G
4-HA,295,1551,0,0,0,1551,A
4-HA,296,1558,0,0,0,1558,A
4-HA,297,1555,1,1,0,1557,A
4-HA,298,0,1553,0,0,1553,T
4-HA,299,0,2,1548,0,1550,G
4-HA,300,0,1,1545,0,1546,G
4-HA,301,1,2,1543,0,1546,G
4-HA,302,1554,0,0,0,1554,A
4-HA,303,0,0,0,1560,1560,C
4-HA,304,5,0,0,1551,1556,C
4-HA,305,0,1577,0,4,1581,T
4-HA,306,0,1574,0,2,1576,T
4-HA,307,0,1569,0,1,1570,T
4-HA,308,0,1587,1,1,1589,T
4-HA,309,0,1587,0,2,1589,T
4-HA,310,0,0,1598,0,1598,G
4-HA,311,0,1592,0,3,1595,T
4-HA,312,1,1588,0,3,1592,T
4-HA,313,0,0,1595,0,1595,G
4-HA,314,1584,0,2,0,1586,A
4-HA,315,1592,0,2,0,1594,A
4-HA,316,0,0,0,1590,1590,C
4-HA,317,1,0,1583,0,1584,G
4-HA,318,0,0,0,1611,1611,C
4-HA,319,1603,0,0,0,1603,A
4-HA,320,0,0,1614,0,1614,G
4-HA,321,1,1,0,1612,1614,C
4-HA,322,1612,0,1,0,1613,A
4-HA,323,1614,0,0,1,1615,A
4-HA,324,1610,0,2,0,1612,A
4-HA,325,0,0,1684,0,1684,G
4-HA,326,2,0,0,1683,1685,C
4-HA,327,0,0,0,1679,1679,C
4-HA,328,0,1683,0,0,1683,T
4-HA,329,1682,0,1,0,1683,A
4-HA,330,0,1,0,1698,1699,C
4-HA,331,1695,0,1,0,1696,A
4-HA,332,1,0,1703,0,1704,G
4-HA,333,1,0,0,1699,1700,C
4-HA,334,1662,0,1,0,1663,A
4-HA,335,1680,1,0,0,1681,A
4-HA,336,1,0,0,1741,1742,C
4-HA,337,0,1740,0,0,1740,T
4-HA,338,1,0,1746,0,1747,G
4-HA,339,1,1730,0,3,1734,T
4-HA,340,0,1732,0,1,1733,T
4-HA,341,1731,1,2,1,1735,A
4-HA,342,0,0,1,1865,1866,C
4-HA,343,3,0,0,1864,1867,C
4-HA,344,3,0,0,1908,1911,C
4-HA,345,1,1862,0,1,1864,T
4-HA,346,0,1862,0,1,1863,T
4-HA,347,1872,0,0,1,1873,A
4-HA,348,0,1871,0,0,1871,T
4-HA,349,0,1,1870,0,1871,G
4-HA,350,1859,1,3,0,1863,A
4-HA,351,0,1774,1,2,1777,T
4-HA,352,1,0,1808,0,1809,G
4-HA,353,0,1784,1,2,1787,T
4-HA,354,2,0,1786,0,1788,G
4-HA,355,1,1,0,1789,1791,C
4-HA,356,2,1,0,1786,1789,C
4-HA,357,0,5,1808,0,1813,G
4-HA,358,0,0,1839,0,1839,G
4-HA,359,1835,0,1,0,1836,A
4-HA,360,0,1844,0,0,1844,T
4-HA,361,0,1818,0,0,1818,T
4-HA,362,1835,0,1,0,1836,A
4-HA,363,1,1836,0,0,1837,T
4-HA,364,0,1,1842,0,1843,G
4-HA,365,0,2,0,1842,1844,C
4-HA,366,1,1,0,1838,1840,C
4-HA,367,0,1872,0,0,1872,T
4-HA,368,1,0,0,1940,1941,C
4-HA,369,0,0,0,1969,1969,C
4-HA,370,1,0,0,1968,1969,C
4-HA,371,0,1962,4,0,1966,T
4-HA,372,0,1966,0,1,1967,T
4-HA,373,1962,0,0,0,1962,A
4-HA,374,0,2,1989,0,1991,G
4-HA,375,1,2,1994,0,1997,G
4-HA,376,0,1978,0,0,1978,T
4-HA,377,4,1,0,1927,1932,C
4-HA,378,1920,0,1,0,1921,A
4-HA,379,4,1,0,1952,1957,C
4-HA,380,0,1951,0,5,1956,T
4-HA,381,1955,0,2,0,1957,A
4-HA,382,0,0,1962,0,1962,G
4-HA,383,0,1945,0,1,1946,T
4-HA,384,0,1934,0,0,1934,T
4-HA,385,2,1,1957,0,1960,G
4-HA,386,1,2,0,1955,1958,C
4-HA,387,3,1,0,1952,1956,C
4-HA,388,0,1936,0,4,1940,T
4-HA,389,0,2,0,1951,1953,C
4-HA,390,2007,0,0,0,2007,A
4-HA,391,1,2013,1,0,2015,T
4-HA,392,1,0,0,2012,2013,C
4-HA,393,2,3,0,2015,2020,C
4-HA,394,1,2,1999,1,2003,G
4-HA,395,2,2,2008,0,2012,G
4-HA,396,0,0,1,2021,2022,C
4-HA,397,2033,0,2,0,2035,A
4-HA,398,1,0,0,2063,2064,C
4-HA,399,2030,1,4,0,2035,A
4-HA,400,1,0,0,2049,2050,C
4-HA,401,0,2043,0,1,2044,T
4-HA,402,1,2,2066,0,2069,G
4-HA,403,0,3,2077,0,2080,G
4-HA,404,2067,0,6,0,2073,A
4-HA,405,0,0,2091,0,2091,G
4-HA,406,0,2081,1,0,2082,T
4-HA,407,0,2071,0,0,2071,T
4-HA,408,0,2066,0,6,2072,T
4-HA,409,2063,0,0,0,2063,A
4-HA,410,2060,2,1,0,2063,A
4-HA,411,1,1,0,2075,2077,C
4-HA,412,2047,2,0,0,2049,A
4-HA,413,2045,2,0,0,2047,A
4-HA,414,0,2032,0,1,2033,T
4-HA,415,0,1,2031,0,2032,G
4-HA,416,2026,0,2,0,2028,A
4-HA,417,2021,1,2,0,2024,A
4-HA,418,2029,0,1,0,2030,A
4-HA,419,1,0,2032,0,2033,G
4-HA,420,1,1,0,2050,2052,C
4-HA,421,0,2042,0,2,2044,T
4-HA,422,0,2041,0,0,2041,T
4-HA,423,1,1,0,2066,2068,C
4-HA,424,2058,0,9,1,2068,A
4-HA,425,2065,0,2,0,2067,A
4-HA,426,0,2069,0,1,2070,T
4-HA,427,0,2070,0,1,2071,T
4-HA,428,1,3,2111,0,2115,G
4-HA,429,0,3,2138,0,2141,G
4-HA,430,2140,1,4,0,2145,A
4-HA,431,1,1,1,2145,2148,C
4-HA,432,0,2124,1,5,2130,T
4-HA,433,3,0,2137,0,2140,G
4-HA,434,0,2,2148,0,2150,G
4-HA,435,2144,1,3,0,2148,A
4-HA,436,0,0,2150,0,2150,G
4-HA,437,0,2104,0,4,2108,T
4-HA,438,2,1,0,2077,2080,C
4-HA,439,2104,0,0,0,2104,A
4-HA,440,0,0,0,2107,2107,C
4-HA,441,1,2099,0,3,2103,T
4-HA,442,4,1,0,2100,2105,C
4-HA,443,2090,0,0,1,2091,A
4-HA,444,2105,0,0,0,2105,A
4-HA,445,2095,0,3,0,2098,A
4-HA,446,2102,0,4,0,2106,A
4-HA,447,1,0,0,2104,2105,C
4-HA,448,3,3,2091,0,2097,G
4-HA,449,0,0,2123,0,2123,G
4-HA,450,2126,0,2,0,2128,A
4-HA,451,2118,0,4,0,2122,A
4-HA,452,0,1,0,2125,2126,C
4-HA,453,2111,0,1,0,2112,A
4-HA,454,2129,0,1,0,2130,A
4-HA,455,2,0,2148,0,2150,G
4-HA,456,1,1,0,2151,2153,C
4-HA,457,0,2121,0,10,2131,T
4-HA,458,2,3,0,2146,2151,C
4-HA,459,0,2142,0,1,2143,T
4-HA,460,2,3,2147,0,2152,G
4-HA,461,0,0,0,2155,2155,C
4-HA,462,0,2157,0,2,2159,T
4-HA,463,1,2197,0,0,2198,T
4-HA,464,0,0,2233,0,2233,G
4-HA,465,1,1,0,2243,2245,C
4-HA,466,2242,0,2,0,2244,A
4-HA,467,0,2238,0,0,2238,T
4-HA,468,2227,0,2,1,2230,A
4-HA,469,2225,0,1,0,2226,A
4-HA,470,0,3,2219,1,2223,G
4-HA,471,0,2,2223,0,2225,G
4-HA,472,2151,0,4,1,2156,A
4-HA,473,0,0,2163,0,2163,G
4-HA,474,2144,0,3,0,2147,A
4-HA,475,0,2214,0,1,2215,T
4-HA,476,1,1,0,2229,2231,C
4-HA,477,0,2251,0,0,2251,T
4-HA,478,2252,0,2,0,2254,A
4-HA,479,2246,0,0,0,2246,A
4-HA,480,0,2248,0,2,2250,T
4-HA,481,2245,0,0,0,2245,A
4-HA,482,2215,0,1,0,2216,A
4-HA,483,2,1,0,2224,2227,C
4-HA,484,2155,2,2,1,2160,A
4-HA,485,0,0,2169,0,2169,G
4-HA,486,0,2150,0,3,2153,T
4-HA,487,1,2181,0,3,2185,T
4-HA,488,0,2194,1,0,2195,T
4-HA,489,2,2,0,2238,2242,C
4-HA,490,0,2226,0,5,2231,T
4-HA,491,0,2247,0,5,2252,T
4-HA,492,0,2252,0,2,2254,T
4-HA,493,2233,0,5,0,2238,A
4-HA,494,1,1,2235,0,2237,G
4-HA,495,1,2234,0,2,2237,T
4-HA,496,2218,0,0,0,2218,A
4-HA,497,0,1,2223,0,2224,G
4-HA,498,2197,0,5,0,2202,A
4-HA,499,0,2205,1,1,2207,T
4-HA,500,0,2201,0,2,2203,T
4-HA,501,0,0,2231,0,2231,G
4-HA,502,2229,0,2,1,2232,A
4-HA,503,2228,0,2,0,2230,A
4-HA,504,0,2236,0,2,2238,T
4-HA,505,0,2220,0,0,2220,T
4-HA,506,1,4,2246,2,2253,G
4-HA,507,0,1,2257,0,2258,G
4-HA,508,0,2260,0,3,2263,T
4-HA,509,1,2251,0,1,2253,T
4-HA,510,0,5,2222,0,2227,G
4-HA,511,2229,0,2,0,2231,A
4-HA,512,0,2,0,2220,2222,C
4-HA,513,2,1,1,2209,2213,C
4-HA,514,7,1,0,2205,2213,C
4-HA,515,2211,2,1,1,2215,A
4-HA,516,2,0,0,2227,2229,C
4-HA,517,0,2232,1,1,2234,T
4-HA,518,1,2234,0,0,2235,T
4-HA,519,2231,0,2,0,2233,A
4-HA,520,2232,0,0,0,2232,A
4-HA,521,2223,0,1,0,2224,A
4-HA,522,2237,1,1,0,2239,A
4-HA,523,0,2266,1,0,2267,T
4-HA,524,0,2259,0,0,2259,T
4-HA,525,0,0,0,2266,2266,C
4-HA,526,2259,0,2,0,2261,A
4-HA,527,2267,0,2,0,2269,A
4-HA,528,2265,0,0,0,2265,A
4-HA,529,0,2264,1,0,2265,T
4-HA,530,2321,1,0,0,2322,A
4-HA,531,0,0,0,2316,2316,C
4-HA,532,1,0,0,2283,2284,C
4-HA,533,3,2,0,2286,2291,C
4-HA,534,2275,0,4,0,2279,A
4-HA,535,0,1,2375,0,2376,G
4-HA,536,0,1,0,2375,2376,C
4-HA,537,2373,1,0,0,2374,A
4-HA,538,0,2366,1,2,2369,T
4-HA,539,2,2325,1,3,2331,T
4-HA,540,1,3,2393,0,2397,G
4-HA,541,2399,0,2,0,2401,A
4-HA,542,2401,0,2,1,2404,A
4-HA,543,1,1,0,2396,2398,C
4-HA,544,0,1,2340,0,2341,G
4-HA,545,0,2353,0,2,2355,T
4-HA,546,1,4,2360,0,2365,G
4-HA,547,2364,0,2,0,2366,A
4-HA,548,2,0,0,2366,2368,C
4-HA,549,1,2303,0,5,2309,T
4-HA,550,2353,2,0,0,2355,A
4-HA,551,2,2346,0,1,2349,T
4-HA,552,1,0,2364,0,2365,G
4-HA,553,1,1,0,2355,2357,C
4-HA,554,3,2,0,2324,2329,C
4-HA,555,2320,1,1,0,2322,A
4-HA,556,2317,0,2,0,2319,A
4-HA,557,2343,0,2,1,2346,A
4-HA,558,0,1,0,2353,2354,C
4-HA,559,2295,0,1,0,2296,A
4-HA,560,2303,0,1,0,2304,A
4-HA,561,2,2282,0,0,2284,T
4-HA,562,0,5,2278,0,2283,G
4-HA,563,2290,0,2,0,2292,A
4-HA,564,2290,0,2,0,2292,A
4-HA,565,1,2,0,2265,2268,C
4-HA,566,2272,2,1,1,2276,A
4-HA,567,2284,0,0,0,2284,A
4-HA,568,0,2279,0,2,2281,T
4-HA,569,1,2280,0,2,2283,T
4-HA,570,0,2289,0,0,2289,T
4-HA,571,1,4,2283,0,2288,G
4-HA,572,2286,0,4,0,2290,A
4-HA,573,0,2,0,2288,2290,C
4-HA,574,2284,0,0,0,2284,A
4-HA,575,2283,0,1,0,2284,A
4-HA,576,2320,0,1,0,2321,A
4-HA,577,0,2330,1,0,2331,T
4-HA,578,1,2325,0,1,2327,T
4-HA,579,1,0,2340,0,2341,G
4-HA,580,0,2335,0,2,2337,T
4-HA,581,2335,0,3,1,2339,A
4-HA,582,0,1,0,2375,2376,C
4-HA,583,2367,0,1,0,2368,A
4-HA,584,0,2394,0,2,2396,T
4-HA,585,0,2359,0,0,2359,T
4-HA,586,0,2362,0,0,2362,T
4-HA,587,0,7,2336,0,2343,G
4-HA,588,0,1,2336,0,2337,G
4-HA,589,1,3,2327,0,2331,G
4-HA,590,1,4,2325,0,2330,G
4-HA,591,1,4,2300,0,2305,G
4-HA,592,0,1,2349,0,2350,G
4-HA,593,0,2325,0,5,2330,T
4-HA,594,1,2338,0,1,2340,T
4-HA,595,1,1,1,2346,2349,C
4-HA,596,2358,0,1,0,2359,A
4-HA,597,0,0,0,2368,2368,C
4-HA,598,3,1,0,2360,2364,C
4-HA,599,2372,0,1,0,2373,A
4-HA,600,2,0,0,2385,2387,C
4-HA,601,1,0,0,2365,2366,C
4-HA,602,5,1,0,2340,2346,C
4-HA,603,0,4,2341,1,2346,G
4-HA,604,0,4,2410,0,2414,G
4-HA,605,0,0,2427,2,2429,G
4-HA,606,0,2417,0,2,2419,T
4-HA,607,2423,0,1,0,2424,A
4-HA,608,0,1,0,2412,2413,C
4-HA,609,5,2,2374,0,2381,G
4-HA,610,0,3,2411,0,2414,G
4-HA,611,2415,1,1,0,2417,A
4-HA,612,0,0,0,2412,2412,C
4-HA,613,2308,1,0,0,2309,A
4-HA,614,2307,0,2,0,2309,A
4-HA,615,1,2308,0,2,2311,T
4-HA,616,0,5,2325,0,2330,G
4-HA,617,2325,0,2,0,2327,A
4-HA,618,1,1,0,2320,2322,C
4-HA,619,2,1,0,2297,2300,C
4-HA,620,2308,0,0,0,2308,A
4-HA,621,2308,0,1,0,2309,A
4-HA,622,2332,0,2,1,2335,A
4-HA,623,1,2333,1,1,2336,T
4-HA,624,2,0,0,2347,2349,C
4-HA,625,0,2301,0,2,2303,T
4-HA,626,1,2297,1,1,2300,T
4-HA,627,2,0,0,2315,2317,C
4-HA,628,2,0,0,2326,2328,C
4-HA,629,0,2315,0,2,2317,T
4-HA,630,0,0,2335,0,2335,G
4-HA,631,4,2285,0,4,2293,T
4-HA,632,2310,0,1,1,2312,A
4-HA,633,0,2298,0,2,2300,T
4-HA,634,0,2,2304,1,2307,G
4-HA,635,0,1,0,2314,2315,C
4-HA,636,0,2296,0,3,2299,T
4-HA,637,4,3,0,2291,2298,C
4-HA,638,2296,0,6,0,2302,A
4-HA,639,2302,0,2,0,2304,A
4-HA,640,0,0,2311,0,2311,G
4-HA,641,0,2,0,2308,2310,C
4-HA,642,2313,1,1,0,2315,A
4-HA,643,1,2292,0,3,2296,T
4-HA,644,1,0,0,2294,2295,C
4-HA,645,2291,0,2,0,2293,A
4-HA,646,1,4,2300,0,2305,G
4-HA,647,0,3,2304,0,2307,G
4-HA,648,2303,1,1,0,2305,A
4-HA,649,2284,0,4,0,2288,A
4-HA,650,1,3,2296,0,2300,G
4-HA,651,2299,0,2,0,2301,A
4-HA,652,2319,0,1,0,2320,A
4-HA,653,0,2336,0,5,2341,T
4-HA,654,0,0,0,2333,2333,C
4-HA,655,2319,2,3,0,2324,A
4-HA,656,0,0,0,2325,2325,C
4-HA,657,2306,1,6,0,2313,A
4-HA,658,1,1,2355,0,2357,G
4-HA,659,1,2316,0,3,2320,T
4-HA,660,3,2,0,2333,2338,C
4-HA,661,0,2304,0,3,2307,T
4-HA,662,3,0,0,2359,2362,C
4-HA,663,0,2360,0,3,2363,T
4-HA,664,2381,1,0,0,2382,A
4-HA,665,1,0,0,2373,2374,C
4-HA,666,3,0,0,2380,2383,C
4-HA,667,2338,0,1,0,2339,A
4-HA,668,2343,0,0,1,2344,A
4-HA,669,2327,0,1,0,2328,A
4-HA,670,2332,0,3,0,2335,A
4-HA,671,1,0,2329,0,2330,G
4-HA,672,2283,1,2,1,2287,A
4-HA,673,2271,0,5,0,2276,A
4-HA,674,2,2,2285,0,2289,G
4-HA,675,0,1,0,2284,2285,C
4-HA,676,1,1,1,2290,2293,C
4-HA,677,2291,2,2,0,2295,A
4-HA,678,2297,0,3,0,2300,A
4-HA,679,1,0,0,2304,2305,C
4-HA,680,2298,1,2,0,2301,A
4-HA,681,2294,0,2,2,2298,A
4-HA,682,2291,0,2,0,2293,A
4-HA,683,1,1,0,2345,2347,C
4-HA,684,1,2333,0,3,2337,T
4-HA,685,2,0,2340,0,2342,G
4-HA,686,0,2334,0,0,2334,T
4-HA,687,2338,0,0,0,2338,A
4-HA,688,2346,1,3,0,2350,A
4-HA,689,1,2334,0,6,2341,T
4-HA,690,2,0,0,2335,2337,C
4-HA,691,3,1,0,2331,2335,C
4-HA,692,3,0,0,2312,2315,C
4-HA,693,2,3,2314,0,2319,G
4-HA,694,2312,1,0,0,2313,A
4-HA,695,2321,0,0,1,2322,A
4-HA,696,0,2329,0,0,2329,T
4-HA,697,2319,0,0,0,2319,A
4-HA,698,0,2317,0,1,2318,T
4-HA,699,3,0,0,2302,2305,C
4-HA,700,1,1,2305,0,2307,G
4-HA,701,0,4,2339,0,2343,G
4-HA,702,2341,1,2,0,2344,A
4-HA,703,1,2362,0,1,2364,T
4-HA,704,2,1,0,2363,2366,C
4-HA,705,0,2358,0,2,2360,T
4-HA,706,2350,0,6,0,2356,A
4-HA,707,0,5,2369,0,2374,G
4-HA,708,2387,1,4,0,2392,A
4-HA,709,1,0,0,2384,2385,C
4-HA,710,3,2,0,2297,2302,C
4-HA,711,5,2,0,2303,2310,C
4-HA,712,2279,0,0,0,2279,A
4-HA,713,2,1,2387,0,2390,G
4-HA,714,2384,1,2,0,2387,A
4-HA,715,0,1,2416,0,2417,G
4-HA,716,1,2402,1,0,2404,T
4-HA,717,2382,0,2,0,2384,A
4-HA,718,2378,1,2,0,2381,A
4-HA,719,2,1,2417,0,2420,G
4-HA,720,0,2,2435,0,2437,G
4-HA,721,2416,0,1,1,2418,A
4-HA,722,2224,0,1,0,2225,A
4-HA,723,0,2223,0,0,2223,T
4-HA,724,2227,1,2,0,2230,A
4-HA,725,0,2227,0,3,2230,T
4-HA,726,2,2,0,2246,2250,C
4-HA,727,2,0,1,2240,2243,C
4-HA,728,2,1,0,2209,2212,C
4-HA,729,0,2187,1,5,2193,T
4-HA,730,2199,0,1,0,2200,A
4-HA,731,0,0,2201,1,2202,G
4-HA,732,2,1,0,2202,2205,C
4-HA,733,2152,0,0,0,2152,A
4-HA,734,0,2,2211,0,2213,G
4-HA,735,2184,0,4,0,2188,A
4-HA,736,2189,0,1,0,2190,A
4-HA,737,0,2183,0,1,2184,T
4-HA,738,2185,0,1,0,2186,A
4-HA,739,2188,0,1,0,2189,A
4-HA,740,1,0,2183,0,2184,G
4-HA,741,0,0,0,2182,2182,C
4-HA,742,2181,0,0,0,2181,A
4-HA,743,0,2096,3,4,2103,T
4-HA,744,1,0,0,2196,2197,C
4-HA,745,2,2187,2,0,2191,T
4-HA,746,2200,1,0,0,2201,A
4-HA,747,3,2189,2,5,2199,T
4-HA,748,1,2185,1,0,2187,T
4-HA,749,0,1,2207,0,2208,G
4-HA,750,1,0,2191,0,2192,G
4-HA,751,2184,0,4,0,2188,A
4-HA,752,2,1,0,2189,2192,C
4-HA,753,2057,0,0,0,2057,A
4-HA,754,2088,1,2,0,2091,A
4-HA,755,1,2147,1,1,2150,T
4-HA,756,2160,1,1,0,2162,A
4-HA,757,1,0,2187,0,2188,G
4-HA,758,0,2171,0,2,2173,T
4-HA,759,2170,0,1,0,2171,A
4-HA,760,2169,1,2,0,2172,A
4-HA,761,2191,0,3,0,2194,A
4-HA,762,2202,0,4,1,2207,A
4-HA,763,2,2,0,2210,2214,C
4-HA,764,3,3,0,2085,2091,C
4-HA,765,1,2,2084,0,2087,G
4-HA,766,0,2,2094,1,2097,G
4-HA,767,1,1,2116,0,2118,G
4-HA,768,2116,1,2,0,2119,A
4-HA,769,1,0,2132,0,2133,G
4-HA,770,2144,0,4,1,2149,A
4-HA,771,0,0,0,2148,2148,C
4-HA,772,2133,0,2,8,2143,A
4-HA,773,1,2146,0,1,2148,T
4-HA,774,2153,0,2,0,2155,A
4-HA,775,1,2,0,2193,2196,C
4-HA,776,0,2178,0,3,2181,T
4-HA,777,0,2188,0,4,2192,T
4-HA,778,0,2201,1,1,2203,T
4-HA,779,0,2195,0,2,2197,T
4-HA,780,1,5,2216,0,2222,G
4-HA,781,2217,0,4,1,2222,A
4-HA,782,0,2218,0,2,2220,T
4-HA,783,1,2273,0,0,2274,T
4-HA,784,2254,0,2,0,2256,A
4-HA,785,2271,1,2,0,2274,A
4-HA,786,1,1,0,2294,2296,C
4-HA,787,2276,0,2,0,2278,A
4-HA,788,4,0,2360,0,2364,G
4-HA,789,0,2,0,2350,2352,C
4-HA,790,2352,2,1,0,2355,A
4-HA,791,1,2,0,2368,2371,C
4-HA,792,2343,1,3,0,2347,A
4-HA,793,1,3,2381,0,2385,G
4-HA,794,2,2,2368,0,2372,G
4-HA,795,1,3,2447,0,2451,G
4-HA,796,2434,2,2,0,2438,A
4-HA,797,2454,0,8,0,2462,A
4-HA,798,1,2459,0,2,2462,T
4-HA,799,0,0,0,2462,2462,C
4-HA,800,0,2477,0,2,2479,T
4-HA,801,2478,0,1,0,2479,A
4-HA,802,2464,0,4,1,2469,A
4-HA,803,0,2459,0,1,2460,T
4-HA,804,0,2400,0,0,2400,T
4-HA,805,0,0,2430,0,2430,G
4-HA,806,1,1,0,2494,2496,C
4-HA,807,1,2560,2,3,2566,T
4-HA,808,4,1,0,2623,2628,C
4-HA,809,2,0,0,2637,2639,C
4-HA,810,1,2630,0,1,2632,T
4-HA,811,2643,0,2,0,2645,A
4-HA,812,1,6,2635,0,2642,G
4-HA,813,1,4,2663,1,2669,G
4-HA,814,1,3,2671,0,2675,G
4-HA,815,0,2,2632,0,2634,G
4-HA,816,0,2594,0,5,2599,T
4-HA,817,0,2584,0,1,2585,T
4-HA,818,2580,0,1,0,2581,A
4-HA,819,1,1,0,2601,2603,C
4-HA,820,0,2591,0,2,2593,T
4-HA,821,0,2610,0,2,2612,T
4-HA,822,1,1,0,2602,2604,C
4-HA,823,2598,0,0,0,2598,A
4-HA,824,2590,0,0,0,2590,A
4-HA,825,2590,0,3,0,2593,A
4-HA,826,2605,0,4,0,2609,A
4-HA,827,0,2611,0,0,2611,T
4-HA,828,2583,2,1,0,2586,A
4-HA,829,0,2,0,2582,2584,C
4-HA,830,1,3,2571,0,2575,G
4-HA,831,2578,1,2,0,2581,A
4-HA,832,2580,0,4,0,2584,A
4-HA,833,2,1,2619,1,2623,G
4-HA,834,0,2617,0,1,2618,T
4-HA,835,0,3,2611,0,2614,G
4-HA,836,1,2,2617,0,2620,G
4-HA,837,1,4,2617,0,2622,G
4-HA,838,2612,1,7,0,2620,A
4-HA,839,2618,1,5,0,2624,A
4-HA,840,2625,0,0,0,2625,A
4-HA,841,2620,0,1,0,2621,A
4-HA,842,2,1,2620,0,2623,G
4-HA,843,1,2574,0,0,2575,T
4-HA,844,0,2663,0,0,2663,T
4-HA,845,5,1,0,2650,2656,C
4-HA,846,2668,0,1,0,2669,A
4-HA,847,2670,0,0,1,2671,A
4-HA,848,0,2673,0,4,2677,T
4-HA,849,2701,1,0,0,2702,A
4-HA,850,2699,2,0,0,2701,A
4-HA,851,0,2651,0,2,2653,T
4-HA,852,0,3,2656,0,2659,G
4-HA,853,2639,0,3,0,2642,A
4-HA,854,3,5,2717,0,2725,G
4-HA,855,2721,1,3,0,2725,A
4-HA,856,0,2721,0,1,2722,T
4-HA,857,0,1,0,2771,2772,C
4-HA,858,2751,1,3,0,2755,A
4-HA,859,0,2,2799,2,2803,G
4-HA,860,2791,0,5,0,2796,A
4-HA,861,0,2785,0,4,2789,T
4-HA,862,2,0,2782,0,2784,G
4-HA,863,0,1,0,2741,2742,C
4-HA,864,2742,0,3,0,2745,A
4-HA,865,2,2,2,2782,2788,C
4-HA,866,2,1,0,2761,2764,C
4-HA,867,1,0,1,2764,2766,C
4-HA,868,2731,0,0,0,2731,A
4-HA,869,0,2723,0,2,2725,T
4-HA,870,0,2720,0,3,2723,T
4-HA,871,2,0,2754,0,2756,G
4-HA,872,0,0,2752,0,2752,G
4-HA,873,0,0,0,2754,2754,C
4-HA,874,2709,0,4,0,2713,A
4-HA,875,2701,0,1,0,2702,A
4-HA,876,2746,0,0,0,2746,A
4-HA,877,1,2743,1,3,2748,T
4-HA,878,3,1,2744,0,2748,G
4-HA,879,1,1,0,2749,2751,C
4-HA,880,2723,0,3,0,2726,A
4-HA,881,2792,0,3,0,2795,A
4-HA,882,1,2788,0,3,2792,T
4-HA,883,0,2805,0,2,2807,T
4-HA,884,1,2,0,2811,2814,C
4-HA,885,0,2759,1,5,2765,T
4-HA,886,3,4,2796,0,2803,G
4-HA,887,2794,1,3,0,2798,A
4-HA,888,2803,1,2,0,2806,A
4-HA,889,1,2800,0,4,2805,T
4-HA,890,0,1,2785,0,2786,G
4-HA,891,0,0,0,2796,2796,C
4-HA,892,2784,0,2,0,2786,A
4-HA,893,0,2782,0,1,2783,T
4-HA,894,2,3,0,2776,2781,C
4-HA,895,2784,1,1,0,2786,A
4-HA,896,1,0,0,2885,2886,C
4-HA,897,1,2868,0,3,2872,T
4-HA,898,5,0,0,2876,2881,C
4-HA,899,6,0,0,2865,2871,C
4-HA,900,2906,0,0,0,2906,A
4-HA,901,2899,1,1,1,2902,A
4-HA,902,2898,0,5,0,2903,A
4-HA,903,0,2801,0,0,2801,T
4-HA,904,0,1,2811,0,2812,G
4-HA,905,2,1,2814,1,2818,G
4-HA,906,2801,1,18,0,2820,A
4-HA,907,2805,1,5,0,2811,A
4-HA,908,0,1,2828,1,2830,G
4-HA,909,0,1,0,2800,2801,C
4-HA,910,2796,0,0,0,2796,A
4-HA,911,0,2802,0,0,2802,T
4-HA,912,0,2788,0,4,2792,T
4-HA,913,6,4,0,2874,2884,C
4-HA,914,4,0,0,2869,2873,C
4-HA,915,4,1,0,2864,2869,C
4-HA,916,2869,0,4,0,2873,A
4-HA,917,2904,0,5,2,2911,A
4-HA,918,0,2939,0,4,2943,T
4-HA,919,0,3,2950,1,2954,G
4-HA,920,2943,0,4,0,2947,A
4-HA,921,1,1,0,2943,2945,C
4-HA,922,2870,0,2,0,2872,A
4-HA,923,2872,0,0,0,2872,A
4-HA,924,2865,0,3,0,2868,A
4-HA,925,1,0,0,2879,2880,C
4-HA,926,6,1,0,2848,2855,C
4-HA,927,2815,1,0,0,2816,A
4-HA,928,1,2817,1,4,2823,T
4-HA,929,1,2817,0,5,2823,T
4-HA,930,3,1,0,2823,2827,C
4-HA,931,0,1,0,2827,2828,C
4-HA,932,2828,0,2,0,2830,A
4-HA,933,2821,0,2,0,2823,A
4-HA,934,2824,0,2,0,2826,A
4-HA,935,2853,0,0,0,2853,A
4-HA,936,0,2840,0,0,2840,T
4-HA,937,0,0,2834,0,2834,G
4-HA,938,1,2824,0,5,2830,T
4-HA,939,0,2819,0,2,2821,T
4-HA,940,2866,1,0,1,2868,A
4-HA,941,2869,0,2,0,2871,A
4-HA,942,0,3,0,2869,2872,C
4-HA,943,2845,1,3,1,2850,A
4-HA,944,1,0,2879,0,2880,G
4-HA,945,1,6,2893,0,2900,G
4-HA,946,2939,1,0,0,2940,A
4-HA,947,1,2936,0,7,2944,T
4-HA,948,4,0,0,2974,2978,C
4-HA,949,2988,0,7,1,2996,A
4-HA,950,1,0,0,3080,3081,C
4-HA,951,3084,0,2,0,3086,A
4-HA,952,0,3152,0,1,3153,T
4-HA,953,3087,0,4,0,3091,A
4-HA,954,0,0,0,3058,3058,C
4-HA,955,4,5,2969,0,2978,G
4-HA,956,2,6,2971,0,2979,G
4-HA,957,1,1,2968,0,2970,G
4-HA,958,2,0,2969,0,2971,G
4-HA,959,1,1,0,2901,2903,C
4-HA,960,2,1,0,2885,2888,C
4-HA,961,1,2841,1,3,2846,T
4-HA,962,0,0,3079,0,3079,G
4-HA,963,1,3087,0,6,3094,T
4-HA,964,1,0,1,3103,3105,C
4-HA,965,6,2,0,3089,3097,C
4-HA,966,4,1,0,3089,3094,C
4-HA,967,3079,0,5,0,3084,A
4-HA,968,1,1,3109,0,3111,G
4-HA,969,3094,0,2,0,3096,A
4-HA,970,0,3094,0,3,3097,T
4-HA,971,2881,0,1,0,2882,A
4-HA,972,0,2839,0,3,2842,T
4-HA,973,2,0,2863,0,2865,G
4-HA,974,0,2857,0,2,2859,T
4-HA,975,0,2823,0,0,2823,T
4-HA,976,2856,1,1,0,2858,A
4-HA,977,2829,1,3,0,2833,A
4-HA,978,0,4,2856,0,2860,G
4-HA,979,0,5,0,2855,2860,C
4-HA,980,2823,0,1,0,2824,A
4-HA,981,2824,0,1,0,2825,A
4-HA,982,2808,0,2,0,2810,A
4-HA,983,2816,0,2,0,2818,A
4-HA,984,4,0,0,2818,2822,C
4-HA,985,2789,0,2,0,2791,A
4-HA,986,0,1,0,2799,2800,C
4-HA,987,0,2754,1,7,2762,T
4-HA,988,3,1,0,2779,2783,C
4-HA,989,2,2782,0,1,2785,T
4-HA,990,1,3,2797,1,2802,G
4-HA,991,2799,0,1,0,2800,A
4-HA,992,2795,1,1,0,2797,A
4-HA,993,2797,0,3,0,2800,A
4-HA,994,1,2779,0,1,2781,T
4-HA,995,0,2755,0,1,2756,T
4-HA,996,1,2,2784,0,2787,G
4-HA,997,3,0,2778,0,2781,G
4-HA,998,0,1,0,2793,2794,C
4-HA,999,2775,0,2,0,2777,A
4-HA,1000,2778,0,4,0,2782,A
4-HA,1001,0,0,0,2785,2785,C
4-HA,1002,2786,1,1,0,2788,A
4-HA,1003,0,7,2791,0,2798,G
4-HA,1004,1,5,2795,0,2801,G
4-HA,1005,1,2,2784,0,2787,G
4-HA,1006,2780,0,4,0,2784,A
4-HA,1007,1,2747,0,3,2751,T
4-HA,1008,1,0,2753,0,2754,G
4-HA,1009,0,3,0,2747,2750,C
4-HA,1010,1,0,2752,0,2753,G
4-HA,1011,2773,0,3,0,2776,A
4-HA,1012,2725,0,3,0,2728,A
4-HA,1013,2746,0,4,0,2750,A
4-HA,1014,1,2724,0,2,2727,T
4-HA,1015,1,0,2769,0,2770,G
4-HA,1016,0,2772,0,1,2773,T
4-HA,1017,2773,0,0,0,2773,A
4-HA,1018,0,1,0,2768,2769,C
4-HA,1019,5,2,1,2745,2753,C
4-HA,1020,2718,0,2,0,2720,A
4-HA,1021,0,1,2724,0,2725,G
4-HA,1022,2676,0,7,0,2683,A
4-HA,1023,0,4,2689,0,2693,G
4-HA,1024,2654,1,1,0,2656,A
4-HA,1025,2648,0,5,1,2654,A
4-HA,1026,2654,0,4,0,2658,A
4-HA,1027,1,1,0,2658,2660,C
4-HA,1028,2621,0,3,1,2625,A
4-HA,1029,2668,0,1,0,2669,A
4-HA,1030,2657,0,1,0,2658,A
4-HA,1031,2,0,0,2677,2679,C
4-HA,1032,0,2654,1,0,2655,T
4-HA,1033,2621,0,0,0,2621,A
4-HA,1034,0,2,2630,1,2633,G
4-HA,1035,2618,1,4,1,2624,A
4-HA,1036,0,2,2664,1,2667,G
4-HA,1037,1,0,2664,0,2665,G
4-HA,1038,0,2,0,2603,2605,C
4-HA,1039,2614,0,2,1,2617,A
4-HA,1040,0,2608,0,1,2609,T
4-HA,1041,2633,0,1,0,2634,A
4-HA,1042,0,2629,0,1,2630,T
4-HA,1043,0,2621,0,0,2621,T
4-HA,1044,1,2617,0,1,2619,T
4-HA,1045,1,6,2549,0,2556,G
4-HA,1046,0,0,2560,0,2560,G
4-HA,1047,1,2,0,2557,2560,C
4-HA,1048,4,0,2548,0,2552,G
4-HA,1049,2,2,0,2532,2536,C
4-HA,1050,2527,0,1,1,2529,A
4-HA,1051,2549,0,1,0,2550,A
4-HA,1052,0,2539,0,2,2541,T
4-HA,1053,2,0,0,2546,2548,C
4-HA,1054,1,2,2547,0,2550,G
4-HA,1055,1,3,0,2540,2544,C
4-HA,1056,0,7,2539,0,2546,G
4-HA,1057,3,2,2562,0,2567,G
4-HA,1058,1,0,2579,0,2580,G
4-HA,1059,1,2573,1,1,2576,T
4-HA,1060,0,2533,0,4,2537,T
4-HA,1061,0,2536,0,2,2538,T
4-HA,1062,1,1,0,2543,2545,C
4-HA,1063,2548,0,2,0,2550,A
4-HA,1064,2,2544,0,4,2550,T
4-HA,1065,2542,0,2,0,2544,A
4-HA,1066,0,3,2560,0,2563,G
4-HA,1067,2497,0,1,0,2498,A
4-HA,1068,2505,1,4,0,2510,A
4-HA,1069,2504,1,1,3,2509,A
4-HA,1070,2519,0,4,1,2524,A
4-HA,1071,1,2509,0,2,2512,T
4-HA,1072,2,6,2523,0,2531,G
4-HA,1073,0,1,2540,0,2541,G
4-HA,1074,1,2521,0,2,2524,T
4-HA,1075,1,2480,0,2,2483,T
4-HA,1076,0,9,2472,0,2481,G
4-HA,1077,2,1,2490,1,2494,G
4-HA,1078,1,2,2501,0,2504,G
4-HA,1079,2479,0,2,0,2481,A
4-HA,1080,0,2,2497,0,2499,G
4-HA,1081,0,1,2485,0,2486,G
4-HA,1082,1,2,2525,0,2528,G
4-HA,1083,2518,2,6,0,2526,A
4-HA,1084,2536,0,5,0,2541,A
4-HA,1085,1,2541,0,1,2543,T
4-HA,1086,0,2,2532,0,2534,G
4-HA,1087,0,0,2571,1,2572,G
4-HA,1088,1,2539,0,0,2540,T
4-HA,1089,1,1,2548,0,2550,G
4-HA,1090,0,2,2529,0,2531,G
4-HA,1091,2492,0,4,0,2496,A
4-HA,1092,0,2505,0,1,2506,T
4-HA,1093,0,2,2519,0,2521,G
4-HA,1094,1,0,2554,0,2555,G
4-HA,1095,1,2528,0,2,2531,T
4-HA,1096,0,2483,0,0,2483,T
4-HA,1097,1,0,2481,0,2482,G
4-HA,1098,0,0,2522,0,2522,G
4-HA,1099,0,2516,0,2,2518,T
4-HA,1100,2508,0,2,1,2511,A
4-HA,1101,0,3,1,2421,2425,C
4-HA,1102,2,0,2438,0,2440,G
4-HA,1103,2,0,2508,0,2510,G
4-HA,1104,1,2507,0,3,2511,T
4-HA,1105,0,2507,1,1,2509,T
4-HA,1106,1,2492,0,3,2496,T
4-HA,1107,4,0,0,2462,2466,C
4-HA,1108,2455,0,5,0,2460,A
4-HA,1109,3,0,2458,0,2461,G
4-HA,1110,3,0,2450,0,2453,G
4-HA,1111,0,0,0,2456,2456,C
4-HA,1112,2385,1,2,0,2388,A
4-HA,1113,1,2391,0,2,2394,T
4-HA,1114,1,0,0,2390,2391,C
4-HA,1115,2396,0,2,0,2398,A
4-HA,1116,2398,0,1,0,2399,A
4-HA,1117,2392,0,1,0,2393,A
4-HA,1118,2398,0,2,0,2400,A
4-HA,1119,0,2389,0,1,2390,T
4-HA,1120,0,2394,0,0,2394,T
4-HA,1121,4,0,0,2406,2410,C
4-HA,1122,1,2390,0,1,2392,T
4-HA,1123,0,0,2400,0,2400,G
4-HA,1124,2394,0,3,0,2397,A
4-HA,1125,2380,0,1,0,2381,A
4-HA,1126,0,3,2403,0,2406,G
4-HA,1127,0,4,2423,0,2427,G
4-HA,1128,2423,0,3,0,2426,A
4-HA,1129,2422,0,3,0,2425,A
4-HA,1130,2,2,2396,0,2400,G
4-HA,1131,2420,1,4,0,2425,A
4-HA,1132,0,6,2432,2,2440,G
4-HA,1133,1,2,2446,0,2449,G
4-HA,1134,2440,1,5,0,2446,A
4-HA,1135,0,4,0,2441,2445,C
4-HA,1136,2416,0,0,1,2417,A
4-HA,1137,2407,0,3,0,2410,A
4-HA,1138,0,0,2416,0,2416,G
4-HA,1139,0,2,0,2417,2419,C
4-HA,1140,2374,0,9,0,2383,A
4-HA,1141,0,2,2383,0,2385,G
4-HA,1142,1,1,0,2374,2376,C
4-HA,1143,2363,1,1,0,2365,A
4-HA,1144,0,2,2383,0,2385,G
4-HA,1145,2366,0,1,0,2367,A
4-HA,1146,0,2411,0,2,2413,T
4-HA,1147,1,2,0,2411,2414,C
4-HA,1148,3,2395,0,5,2403,T
4-HA,1149,1,0,0,2426,2427,C
4-HA,1150,2415,0,1,0,2416,A
4-HA,1151,2412,0,1,0,2413,A
4-HA,1152,2409,1,3,1,2414,A
4-HA,1153,2363,0,3,1,2367,A
4-HA,1154,0,1,2362,0,2363,G
4-HA,1155,1,2,0,2317,2320,C
4-HA,1156,2318,0,1,0,2319,A
4-HA,1157,1,0,0,2350,2351,C
4-HA,1158,0,2344,0,3,2347,T
4-HA,1159,4,1,0,2345,2350,C
4-HA,1160,2350,0,1,0,2351,A
4-HA,1161,2391,0,1,0,2392,A
4-HA,1162,2,0,2386,0,2388,G
4-HA,1163,1,2,0,2386,2389,C
4-HA,1164,2371,1,4,0,2376,A
4-HA,1165,0,0,2390,0,2390,G
4-HA,1166,0,1,0,2369,2370,C
4-HA,1167,2359,1,0,0,2360,A
4-HA,1168,2361,0,1,0,2362,A
4-HA,1169,0,2351,0,2,2353,T
4-HA,1170,2,2,0,2295,2299,C
4-HA,1171,2,2,2305,0,2309,G
4-HA,1172,2302,0,4,0,2306,A
4-HA,1173,2,2298,0,3,2303,T
4-HA,1174,4,2,0,2280,2286,C
4-HA,1175,2279,1,0,1,2281,A
4-HA,1176,2325,0,5,1,2331,A
4-HA,1177,2333,0,0,0,2333,A
4-HA,1178,0,2329,0,1,2330,T
4-HA,1179,1,0,0,2341,2342,C
4-HA,1180,2307,3,0,1,2311,A
4-HA,1181,2325,0,2,1,2328,A
4-HA,1182,0,2330,0,0,2330,T
4-HA,1183,3,7,2320,0,2330,G
4-HA,1184,0,1,2325,0,2326,G
4-HA,1185,1,1,2295,0,2297,G
4-HA,1186,2301,0,3,0,2304,A
4-HA,1187,2297,0,4,0,2301,A
4-HA,1188,0,0,2337,0,2337,G
4-HA,1189,0,1,0,2337,2338,C
4-HA,1190,0,2334,0,2,2336,T
4-HA,1191,0,1,2401,1,2403,G
4-HA,1192,2400,0,5,0,2405,A
4-HA,1193,2396,0,7,0,2403,A
4-HA,1194,1,2403,0,0,2404,T
4-HA,1195,2349,0,1,0,2350,A
4-HA,1196,0,0,2349,0,2349,G
4-HA,1197,2181,0,4,0,2185,A
4-HA,1198,0,2192,0,2,2194,T
4-HA,1199,2,2200,0,2,2204,T
4-HA,1200,0,3,2207,0,2210,G
4-HA,1201,2201,0,3,0,2204,A
4-HA,1202,0,2191,0,3,2194,T
4-HA,1203,2,1,0,2202,2205,C
4-HA,1204,1,3,2201,0,2205,G
4-HA,1205,0,3,2193,1,2197,G
4-HA,1206,5,1,2196,0,2202,G
4-HA,1207,2193,2,6,0,2201,A
4-HA,1208,2201,0,1,0,2202,A
4-HA,1209,2181,1,4,0,2186,A
4-HA,1210,2192,0,3,1,2196,A
4-HA,1211,0,2,0,2199,2201,C
4-HA,1212,1,0,0,2200,2201,C
4-HA,1213,2185,0,0,0,2185,A
4-HA,1214,2182,0,2,2,2186,A
4-HA,1215,2,0,0,2185,2187,C
4-HA,1216,2,1,2194,0,2197,G
4-HA,1217,2195,0,2,0,2197,A
4-HA,1218,2,2,2193,0,2197,G
4-HA,1219,2187,0,3,0,2190,A
4-HA,1220,2190,0,1,0,2191,A
4-HA,1221,2190,0,3,0,2193,A
4-HA,1222,1,2194,0,3,2198,T
4-HA,1223,1,2194,0,7,2202,T
4-HA,1224,0,0,0,2208,2208,C
4-HA,1225,7,0,0,2195,2202,C
4-HA,1226,2198,0,4,0,2202,A
4-HA,1227,0,2198,0,1,2199,T
4-HA,1228,2,0,0,2196,2198,C
4-HA,1229,2180,1,0,0,2181,A
4-HA,1230,4,1,2182,0,2187,G
4-HA,1231,2177,0,0,0,2177,A
4-HA,1232,1,2171,1,1,2174,T
4-HA,1233,0,2155,0,1,2156,T
4-HA,1234,2,2,2157,0,2161,G
4-HA,1235,2155,0,3,0,2158,A
4-HA,1236,2164,0,1,0,2165,A
4-HA,1237,2163,1,3,1,2168,A
4-HA,1238,2161,0,2,0,2163,A
4-HA,1239,2132,1,11,0,2144,A
4-HA,1240,0,1,2144,0,2145,G
4-HA,1241,2141,0,3,0,2144,A
4-HA,1242,2151,0,3,0,2154,A
4-HA,1243,0,2122,0,4,2126,T
4-HA,1244,0,2127,1,3,2131,T
4-HA,1245,2,0,0,2129,2131,C
4-HA,1246,0,2129,0,5,2134,T
4-HA,1247,2,1,0,2133,2136,C
4-HA,1248,2132,0,0,0,2132,A
4-HA,1249,0,2,2133,0,2135,G
4-HA,1250,2128,0,2,0,2130,A
4-HA,1251,2114,0,5,1,2120,A
4-HA,1252,0,0,2143,0,2143,G
4-HA,1253,1,2126,0,1,2128,T
4-HA,1254,1,0,0,2123,2124,C
4-HA,1255,0,0,2120,0,2120,G
4-HA,1256,2118,0,2,0,2120,A
4-HA,1257,2111,0,10,0,2121,A
4-HA,1258,0,7,2116,0,2123,G
4-HA,1259,2,3,2130,0,2135,G
4-HA,1260,1,1,2120,1,2123,G
4-HA,1261,2085,0,2,0,2087,A
4-HA,1262,0,2,2105,0,2107,G
4-HA,1263,2099,1,3,0,2103,A
4-HA,1264,2200,0,0,0,2200,A
4-HA,1265,1,2204,0,0,2205,T
4-HA,1266,0,2191,0,0,2191,T
4-HA,1267,3,0,0,2189,2192,C
4-HA,1268,2157,0,3,0,2160,A
4-HA,1269,1,2,2160,0,2163,G
4-HA,1270,1,3,2159,0,2163,G
4-HA,1271,2150,1,1,0,2152,A
4-HA,1272,0,0,0,2157,2157,C
4-HA,1273,2,0,0,2013,2015,C
4-HA,1274,0,1994,1,3,1998,T
4-HA,1275,1,1959,0,49,2009,T
4-HA,1276,0,1,2028,0,2029,G
4-HA,1277,2024,1,2,0,2027,A
4-HA,1278,2,1,2061,0,2064,G
4-HA,1279,2056,0,0,0,2056,A
4-HA,1280,1913,0,3,0,1916,A
4-HA,1281,1903,2,3,0,1908,A
4-HA,1282,0,1865,0,1,1866,T
4-HA,1283,1914,0,2,0,1916,A
4-HA,1284,0,1903,0,6,1909,T
4-HA,1285,0,1,1914,0,1915,G
4-HA,1286,0,1908,1,3,1912,T
4-HA,1287,0,1878,1,0,1879,T
4-HA,1288,1,2,1880,0,1883,G
4-HA,1289,1854,0,8,0,1862,A
4-HA,1290,0,3,1868,0,1871,G
4-HA,1291,0,1,1861,0,1862,G
4-HA,1292,1834,0,1,0,1835,A
4-HA,1293,1,2,0,1875,1878,C
4-HA,1294,1849,0,1,0,1850,A
4-HA,1295,0,0,0,1880,1880,C
4-HA,1296,8,0,0,1882,1890,C
4-HA,1297,1891,0,3,0,1894,A
4-HA,1298,1928,0,2,0,1930,A
4-HA,1299,1921,0,3,0,1924,A
4-HA,1300,1942,0,2,0,1944,A
4-HA,1301,0,1947,0,1,1948,T
4-HA,1302,1886,1,2,1,1890,A
4-HA,1303,1,0,1901,0,1902,G
4-HA,1304,1857,0,1,0,1858,A
4-HA,1305,0,1866,0,0,1866,T
4-HA,1306,1,0,0,1871,1872,C
4-HA,1307,0,1827,0,2,1829,T
4-HA,1308,1,0,0,1851,1852,C
4-HA,1309,1,1849,0,2,1852,T
4-HA,1310,0,3,1867,0,1870,G
4-HA,1311,1,2,1913,0,1916,G
4-HA,1312,0,1907,0,5,1912,T
4-HA,1313,5,1,0,1902,1908,C
4-HA,1314,1915,0,1,1,1917,A
4-HA,1315,0,1917,0,2,1919,T
4-HA,1316,1918,0,1,0,1919,A
4-HA,1317,1,1,0,1914,1916,C
4-HA,1318,1850,1,0,0,1851,A
4-HA,1319,1857,0,2,0,1859,A
4-HA,1320,0,1,0,1808,1809,C
4-HA,1321,2,0,1804,0,1806,G
4-HA,1322,1,2,0,1805,1808,C
4-HA,1323,1,2,1794,1,1798,G
4-HA,1324,1,3,1796,0,1800,G
4-HA,1325,1796,0,3,0,1799,A
4-HA,1326,0,1,1816,0,1817,G
4-HA,1327,0,0,0,1823,1823,C
4-HA,1328,0,1812,1,0,1813,T
4-HA,1329,1,1817,1,1,1820,T
4-HA,1330,2,1,0,1823,1826,C
4-HA,1331,0,1827,0,1,1828,T
4-HA,1332,0,1829,0,1,1830,T
4-HA,1333,0,0,1826,0,1826,G
4-HA,1334,0,1821,0,2,1823,T
4-HA,1335,0,1787,0,2,1789,T
4-HA,1336,0,0,1806,0,1806,G
4-HA,1337,1,2,0,1802,1805,C
4-HA,1338,2,0,0,1791,1793,C
4-HA,1339,4,0,0,1809,1813,C
4-HA,1340,0,1806,0,2,1808,T
4-HA,1341,3,1,1818,0,1822,G
4-HA,1342,0,1,1827,0,1828,G
4-HA,1343,1825,0,3,0,1828,A
4-HA,1344,2,1,1831,0,1834,G
4-HA,1345,1799,0,2,0,1801,A
4-HA,1346,1809,1,0,0,1810,A
4-HA,1347,1,1,0,1818,1820,C
4-HA,1348,2,0,1,1816,1819,C
4-HA,1349,1818,0,0,1,1819,A
4-HA,1350,1869,0,7,0,1876,A
4-HA,1351,1,1,0,1878,1880,C
4-HA,1352,1884,0,1,0,1885,A
4-HA,1353,0,1880,0,0,1880,T
4-HA,1354,1873,0,3,0,1876,A
4-HA,1355,0,2,0,1899,1901,C
4-HA,1356,1877,1,1,0,1879,A
4-HA,1357,1877,1,1,0,1879,A
4-HA,1358,0,1873,0,2,1875,T
4-HA,1359,1,1799,0,0,1800,T
4-HA,1360,1,0,1813,0,1814,G
4-HA,1361,1822,1,1,1,1825,A
4-HA,1362,0,1822,0,2,1824,T
4-HA,1363,3,0,1,1830,1834,C
4-HA,1364,0,1794,0,2,1796,T
4-HA,1365,1825,0,0,0,1825,A
4-HA,1366,1821,0,0,0,1821,A
4-HA,1367,0,0,0,1823,1823,C
4-HA,1368,0,1818,0,1,1819,T
4-HA,1369,0,2,1818,0,1820,G
4-HA,1370,1836,0,2,0,1838,A
4-HA,1371,0,0,0,1834,1834,C
4-HA,1372,0,1831,0,3,1834,T
4-HA,1373,0,0,0,1840,1840,C
4-HA,1374,1822,0,0,0,1822,A
4-HA,1375,1,3,1816,0,1820,G
4-HA,1376,1811,0,3,0,1814,A
4-HA,1377,1,1,1745,0,1747,G
4-HA,1378,1789,0,0,0,1789,A
4-HA,1379,0,1804,0,0,1804,T
4-HA,1380,0,1,1823,0,1824,G
4-HA,1381,1813,1,10,1,1825,A
4-HA,1382,1824,0,4,0,1828,A
4-HA,1383,0,0,0,1822,1822,C
4-HA,1384,1794,1,2,0,1797,A
4-HA,1385,1796,1,2,0,1799,A
4-HA,1386,1794,0,0,0,1794,A
4-HA,1387,0,1,0,1796,1797,C
4-HA,1388,0,1774,0,1,1775,T
4-HA,1389,1,0,1790,0,1791,G
4-HA,1390,1,1771,0,3,1775,T
4-HA,1391,0,1775,1,0,1776,T
4-HA,1392,3,1770,0,2,1775,T
4-HA,1393,1,1,1775,0,1777,G
4-HA,1394,1779,1,0,0,1780,A
4-HA,1395,1775,0,2,0,1777,A
4-HA,1396,1769,0,2,0,1771,A
4-HA,1397,1774,0,0,0,1774,A
4-HA,1398,1758,0,3,0,1761,A
4-HA,1399,1763,0,2,0,1765,A
4-HA,1400,0,0,0,1765,1765,C
4-HA,1401,1765,0,3,1,1769,A
4-HA,1402,1767,0,1,0,1768,A
4-HA,1403,1764,0,5,0,1769,A
4-HA,1404,0,1,1770,1,1772,G
4-HA,1405,1777,0,2,0,1779,A
4-HA,1406,1774,0,2,0,1776,A
4-HA,1407,0,0,1774,0,1774,G
4-HA,1408,0,0,0,1767,1767,C
4-HA,1409,1767,0,2,0,1769,A
4-HA,1410,1777,0,2,0,1779,A
4-HA,1411,0,0,0,1771,1771,C
4-HA,1412,0,1768,0,0,1768,T
4-HA,1413,1,2,1770,0,1773,G
4-HA,1414,1752,0,4,0,1756,A
4-HA,1415,0,3,1767,0,1770,G
4-HA,1416,0,2,1766,0,1768,G
4-HA,1417,0,4,1762,0,1766,G
4-HA,1418,1755,0,13,0,1768,A
4-HA,1419,1759,1,3,0,1763,A
4-HA,1420,1754,0,4,0,1758,A
4-HA,1421,1767,0,1,0,1768,A
4-HA,1422,0,1757,0,3,1760,T
4-HA,1423,0,0,1769,0,1769,G
4-HA,1424,1,0,0,1769,1770,C
4-HA,1425,0,1740,1,7,1748,T
4-HA,1426,0,1,1750,1,1752,G
4-HA,1427,1744,0,3,0,1747,A
4-HA,1428,1,0,1817,0,1818,G
4-HA,1429,0,4,1822,0,1826,G
4-HA,1430,1806,0,1,0,1807,A
4-HA,1431,0,1798,0,4,1802,T
4-HA,1432,1795,0,1,0,1796,A
4-HA,1433,1,1787,1,1,1790,T
4-HA,1434,2,2,1811,0,1815,G
4-HA,1435,1,4,1809,0,1814,G
4-HA,1436,4,0,1818,0,1822,G
4-HA,1437,1,1,0,1733,1735,C
4-HA,1438,1710,0,0,0,1710,A
4-HA,1439,1709,0,0,0,1709,A
4-HA,1440,0,1707,0,0,1707,T
4-HA,1441,1,3,1702,1,1707,G
4-HA,1442,1,1,1706,0,1708,G
4-HA,1443,0,1683,0,1,1684,T
4-HA,1444,0,1663,0,1,1664,T
4-HA,1445,0,0,1666,0,1666,G
4-HA,1446,0,1672,0,0,1672,T
4-HA,1447,1,1665,1,1,1668,T
4-HA,1448,0,1674,0,0,1674,T
4-HA,1449,2,1,0,1678,1681,C
4-HA,1450,1676,1,0,0,1677,A
4-HA,1451,1676,0,3,0,1679,A
4-HA,1452,1680,1,0,0,1681,A
4-HA,1453,1694,1,1,0,1696,A
4-HA,1454,0,1686,0,1,1687,T
4-HA,1455,1679,0,0,0,1679,A
4-HA,1456,0,1675,0,4,1679,T
4-HA,1457,1678,0,0,0,1678,A
4-HA,1458,0,2,0,1692,1694,C
4-HA,1459,3,1,0,1682,1686,C
4-HA,1460,1687,2,0,0,1689,A
4-HA,1461,0,0,0,1688,1688,C
4-HA,1462,1690,0,1,1,1692,A
4-HA,1463,1691,0,2,1,1694,A
4-HA,1464,1690,0,1,0,1691,A
4-HA,1465,0,1689,0,4,1693,T
4-HA,1466,1,1,1695,0,1697,G
4-HA,1467,0,1666,1,2,1669,T
4-HA,1468,1,1,1681,0,1683,G
4-HA,1469,1680,0,0,2,1682,A
4-HA,1470,0,0,0,1678,1678,C
4-HA,1471,1665,0,2,0,1667,A
4-HA,1472,1657,0,2,0,1659,A
4-HA,1473,0,1673,0,0,1673,T
4-HA,1474,0,1,1678,0,1679,G
4-HA,1475,0,1,0,1672,1673,C
4-HA,1476,3,0,0,1665,1668,C
4-HA,1477,0,1652,1,1,1654,T
4-HA,1478,1,1,1703,0,1705,G
4-HA,1479,2,1,0,1704,1707,C
4-HA,1480,1703,1,0,0,1704,A
4-HA,1481,0,1703,1,0,1704,T
4-HA,1482,1632,1,6,0,1639,A
4-HA,1483,0,2,1639,0,1641,G
4-HA,1484,0,3,1627,0,1630,G
4-HA,1485,1623,0,5,0,1628,A
4-HA,1486,0,1624,1,2,1627,T
4-HA,1487,5,0,0,1547,1552,C
4-HA,1488,1545,0,1,0,1546,A
4-HA,1489,1549,0,2,0,1551,A
4-HA,1490,0,1550,0,1,1551,T
4-HA,1491,0,0,0,1552,1552,C
4-HA,1492,1516,1,3,0,1520,A
4-HA,1493,8,0,1516,0,1524,G
4-HA,1494,1524,0,0,1,1525,A
4-HA,1495,1527,0,0,0,1527,A
4-HA,1496,1521,1,1,0,1523,A
4-HA,1497,1,1517,0,1,1519,T
4-HA,1498,3,1,1504,0,1508,G
4-HA,1499,0,4,1504,0,1508,G
4-HA,1500,1506,0,0,0,1506,A
4-HA,1501,1509,0,2,0,1511,A
4-HA,1502,0,0,0,1509,1509,C
4-HA,1503,1,1494,0,1,1496,T
4-HA,1504,0,1502,0,3,1505,T
4-HA,1505,1498,0,3,0,1501,A
4-HA,1506,1,1498,0,3,1502,T
4-HA,1507,0,0,1500,0,1500,G
4-HA,1508,1487,0,5,0,1492,A
4-HA,1509,1,0,0,1499,1500,C
4-HA,1510,0,2,0,1482,1484,C
4-HA,1511,1478,0,3,0,1481,A
4-HA,1512,1,3,0,1502,1506,C
4-HA,1513,1,10,1525,0,1536,G
4-HA,1514,1559,0,2,0,1561,A
4-HA,1515,0,1581,1,1,1583,T
4-HA,1516,0,0,1631,0,1631,G
4-HA,1517,0,1614,0,2,1616,T
4-HA,1518,1649,1,2,0,1652,A
4-HA,1519,0,1649,0,0,1649,T
4-HA,1520,1643,0,2,0,1645,A
4-HA,1521,2,5,0,1637,1644,C
4-HA,1522,1473,0,5,0,1478,A
4-HA,1523,2,1,1484,0,1487,G
4-HA,1524,1412,0,1,0,1413,A
4-HA,1525,0,0,1367,0,1367,G
4-HA,1526,1351,0,3,0,1354,A
4-HA,1527,0,1265,0,1,1266,T
4-HA,1528,0,1,1264,0,1265,G
4-HA,1529,1261,0,1,0,1262,A
4-HA,1530,1258,1,1,0,1260,A
4-HA,1531,0,0,1282,0,1282,G
4-HA,1532,1,0,1,1253,1255,C
4-HA,1533,1250,0,0,0,1250,A
4-HA,1534,0,1248,1,0,1249,T
4-HA,1535,0,1247,0,0,1247,T
4-HA,1536,1249,3,0,1,1253,A
4-HA,1537,1253,0,0,1,1254,A
4-HA,1538,1255,1,1,0,1257,A
4-HA,1539,0,1,0,1254,1255,C
4-HA,1540,1212,0,3,0,1215,A
4-HA,1541,1211,0,5,0,1216,A
4-HA,1542,0,0,0,1210,1210,C
4-HA,1543,3,3,1,1197,1204,C
4-HA,1544,1,0,1204,0,1205,G
4-HA,1545,0,2,1207,0,1209,G
4-HA,1546,0,1209,0,4,1213,T
4-HA,1547,1,1205,0,1,1207,T
4-HA,1548,0,1,0,1204,1205,C
4-HA,1549,1,0,0,1200,1201,C
4-HA,1550,1203,0,1,0,1204,A
4-HA,1551,2,2,1214,0,1218,G
4-HA,1552,1213,0,5,0,1218,A
4-HA,1553,0,1214,0,0,1214,T
4-HA,1554,0,0,0,1170,1170,C
4-HA,1555,1154,0,0,0,1154,A
4-HA,1556,1156,0,1,0,1157,A
4-HA,1557,0,4,1152,0,1156,G
4-HA,1558,1,0,1147,0,1148,G
4-HA,1559,0,0,1150,0,1150,G
4-HA,1560,1115,0,0,0,1115,A
4-HA,1561,0,0,1125,0,1125,G
4-HA,1562,1,1122,0,0,1123,T
4-HA,1563,0,1123,0,2,1125,T
4-HA,1564,0,1,1127,0,1128,G
4-HA,1565,1117,0,3,0,1120,A
4-HA,1566,0,0,1126,0,1126,G
4-HA,1567,1,3,0,1117,1121,C
4-HA,1568,0,1116,1,3,1120,T
4-HA,1569,1,1,1121,0,1123,G
4-HA,1570,1113,0,0,0,1113,A
4-HA,1571,1115,0,2,0,1117,A
4-HA,1572,0,0,1117,0,1117,G
4-HA,1573,0,1097,1,1,1099,T
4-HA,1574,0,1,0,1092,1093,C
4-HA,1575,1074,0,0,0,1074,A
4-HA,1576,1,2,1072,0,1075,G
4-HA,1577,0,2,1068,0,1070,G
4-HA,1578,0,4,1056,0,1060,G
4-HA,1579,0,1079,0,2,1081,T
4-HA,1580,1079,0,2,0,1081,A
4-HA,1581,0,1,0,1079,1080,C
4-HA,1582,1076,0,1,0,1077,A
4-HA,1583,1070,1,2,0,1073,A
4-HA,1584,1071,0,1,0,1072,A
4-HA,1585,0,0,1080,0,1080,G
4-HA,1586,1062,0,0,0,1062,A
4-HA,1587,0,1024,0,0,1024,T
4-HA,1588,0,1006,0,0,1006,T
4-HA,1589,0,1,1009,0,1010,G
4-HA,1590,1,0,1009,0,1010,G
4-HA,1591,1007,0,0,0,1007,A
4-HA,1592,1,1007,0,0,1008,T
4-HA,1593,3,0,0,999,1002,C
4-HA,1594,1,1,0,972,974,C
4-HA,1595,0,958,0,1,959,T
4-HA,1596,964,0,0,0,964,A
4-HA,1597,0,962,0,2,964,T
4-HA,1598,1,1,955,0,957,G
4-HA,1599,0,4,948,0,952,G
4-HA,1600,940,0,0,0,940,A
4-HA,1601,0,931,0,0,931,T
4-HA,1602,1,924,0,0,925,T
4-HA,1603,1,917,0,0,918,T
4-HA,1604,1,1,0,913,915,C
4-HA,1605,2,0,0,911,913,C
4-HA,1606,0,903,0,2,905,T
4-HA,1607,0,903,0,0,903,T
4-HA,1608,0,895,0,2,897,T
4-HA,1609,0,0,900,0,900,G
4-HA,1610,1,0,1,893,895,C
4-HA,1611,0,0,0,897,897,C
4-HA,1612,873,0,1,0,874,A
4-HA,1613,0,866,0,1,867,T
4-HA,1614,874,0,1,0,875,A
4-HA,1615,0,866,1,4,871,T
4-HA,1616,2,1,0,862,865,C
4-HA,1617,861,1,2,0,864,A
4-HA,1618,0,854,0,0,854,T
4-HA,1619,1,0,855,0,856,G
4-HA,1620,0,851,0,3,854,T
4-HA,1621,0,837,0,1,838,T
4-HA,1622,0,833,0,1,834,T
4-HA,1623,0,823,0,1,824,T
4-HA,1624,0,821,0,0,821,T
4-HA,1625,0,821,0,0,821,T
4-HA,1626,0,0,822,0,822,G
4-HA,1627,2,0,0,820,822,C
4-HA,1628,0,791,0,1,792,T
4-HA,1629,0,794,0,2,796,T
4-HA,1630,0,790,0,1,791,T
4-HA,1631,0,0,797,0,797,G
4-HA,1632,0,797,0,1,798,T
4-HA,1633,0,0,799,0,799,G
4-HA,1634,1,797,0,1,799,T
4-HA,1635,0,786,0,0,786,T
4-HA,1636,0,0,788,1,789,G
4-HA,1637,0,0,0,787,787,C
4-HA,1638,0,787,0,1,788,T
4-HA,1639,0,790,0,0,790,T
4-HA,1640,0,760,0,1,761,T
4-HA,1641,0,4,759,0,763,G
4-HA,1642,0,762,0,1,763,T
4-HA,1643,1,757,0,0,758,T
4-HA,1644,0,1,757,0,758,G
4-HA,1645,0,1,738,0,739,G
4-HA,1646,0,1,735,0,736,G
4-HA,1647,0,1,737,0,738,G
4-HA,1648,0,722,0,0,722,T
4-HA,1649,0,722,0,1,723,T
4-HA,1650,0,0,0,703,703,C
4-HA,1651,693,0,0,0,693,A
4-HA,1652,1,695,0,1,697,T
4-HA,1653,3,0,0,693,696,C
4-HA,1654,679,1,1,0,681,A
4-HA,1655,0,665,0,1,666,T
4-HA,1656,0,0,661,0,661,G
4-HA,1657,0,648,0,0,648,T
4-HA,1658,0,0,641,0,641,G
4-HA,1659,0,0,625,0,625,G
4-HA,1660,0,0,619,0,619,G
4-HA,1661,0,0,0,615,615,C
4-HA,1662,1,0,0,592,593,C
4-HA,1663,0,557,0,1,558,T
4-HA,1664,0,0,559,0,559,G
4-HA,1665,0,1,0,557,558,C
4-HA,1666,0,0,0,560,560,C
4-HA,1667,553,0,2,0,555,A
4-HA,1668,550,0,0,0,550,A
4-HA,1669,551,0,0,0,551,A
4-HA,1670,549,0,0,0,549,A
4-HA,1671,551,0,0,0,551,A
4-HA,1672,0,0,550,0,550,G
4-HA,1673,0,0,528,0,528,G
4-HA,1674,0,0,0,525,525,C
4-HA,1675,518,0,2,0,520,A
4-HA,1676,523,0,0,0,523,A
4-HA,1677,1,0,0,522,523,C
4-HA,1678,520,0,0,0,520,A
4-HA,1679,0,518,0,0,518,T
4-HA,1680,0,512,1,0,513,T
4-HA,1681,493,0,0,0,493,A
4-HA,1682,1,0,490,0,491,G
4-HA,1683,0,0,491,0,491,G
4-HA,1684,0,468,0,1,469,T
4-HA,1685,0,0,448,0,448,G
4-HA,1686,0,0,0,424,424,C
4-HA,1687,416,0,0,0,416,A
4-HA,1688,414,0,2,0,416,A
4-HA,1689,0,1,0,415,416,C
4-HA,1690,412,0,0,0,412,A
4-HA,1691,0,401,0,0,401,T
4-HA,1692,0,387,0,0,387,T
4-HA,1693,0,385,0,0,385,T
4-HA,1694,0,0,381,0,381,G
4-HA,1695,0,0,0,379,379,C
4-HA,1696,377,0,0,0,377,A
4-HA,1697,0,358,0,0,358,T
4-HA,1698,0,348,0,0,348,T
4-HA,1699,0,339,0,0,339,T
4-HA,1700,0,0,337,0,337,G
4-HA,1701,327,0,0,0,327,A
5-NP,1,624,0,0,0,624,A
5-NP,2,0,626,0,0,626,T
5-NP,3,0,0,624,0,624,G
5-NP,4,0,0,623,0,623,G
5-NP,5,0,0,0,629,629,C
5-NP,6,0,0,638,0,638,G
5-NP,7,0,682,0,2,684,T
5-NP,8,0,0,0,694,694,C
5-NP,9,0,1,0,697,698,C
5-NP,10,0,0,0,699,699,C
5-NP,11,700,0,0,0,700,A
5-NP,12,700,0,0,0,700,A
5-NP,13,1,1,709,0,711,G
5-NP,14,0,1,726,0,727,G
5-NP,15,0,0,1,726,727,C
5-NP,16,732,0,0,0,732,A
5-NP,17,0,1,0,742,743,C
5-NP,18,1,0,0,745,746,C
5-NP,19,748,0,0,1,749,A
5-NP,20,747,1,0,1,749,A
5-NP,21,747,0,2,1,750,A
5-NP,22,0,1,0,750,751,C
5-NP,23,1,2,752,0,755,G
5-NP,24,0,0,842,0,842,G
5-NP,25,0,840,0,2,842,T
5-NP,26,1,0,0,901,902,C
5-NP,27,0,900,0,1,901,T
5-NP,28,0,915,0,0,915,T
5-NP,29,919,0,0,1,920,A
5-NP,30,1,918,0,0,919,T
5-NP,31,0,1,929,0,930,G
5-NP,32,925,0,2,0,927,A
5-NP,33,921,0,2,0,923,A
5-NP,34,1,0,0,923,924,C
5-NP,35,913,1,0,0,914,A
5-NP,36,0,0,989,0,989,G
5-NP,37,986,1,1,0,988,A
5-NP,38,0,990,0,0,990,T
5-NP,39,0,3,986,0,989,G
5-NP,40,0,0,997,0,997,G
5-NP,41,1000,0,1,0,1001,A
5-NP,42,1002,0,1,0,1003,A
5-NP,43,1007,0,2,0,1009,A
5-NP,44,0,1,0,1034,1035,C
5-NP,45,0,1025,0,1,1026,T
5-NP,46,0,0,1040,0,1040,G
5-NP,47,1036,0,2,0,1038,A
5-NP,48,0,1032,0,2,1034,T
5-NP,49,1,0,1037,0,1038,G
5-NP,50,0,2,1046,0,1048,G
5-NP,51,0,2,1039,0,1041,G
5-NP,52,0,0,1044,0,1044,G
5-NP,53,1036,0,4,0,1040,A
5-NP,54,1,1040,0,0,1041,T
5-NP,55,0,2,0,1051,1053,C
5-NP,56,0,0,1054,0,1054,G
5-NP,57,1,0,0,1067,1068,C
5-NP,58,2,0,0,1068,1070,C
5-NP,59,1070,0,0,0,1070,A
5-NP,60,0,0,1083,0,1083,G
5-NP,61,1082,0,1,0,1083,A
5-NP,62,1102,0,1,0,1103,A
5-NP,63,0,1102,0,1,1103,T
5-NP,64,0,0,1101,0,1101,G
5-NP,65,0,4,0,1105,1109,C
5-NP,66,1111,0,1,0,1112,A
5-NP,67,1126,0,1,0,1127,A
5-NP,68,0,0,0,1123,1123,C
5-NP,69,0,1121,0,0,1121,T
5-NP,70,0,1,1135,0,1136,G
5-NP,71,1155,0,3,0,1158,A
5-NP,72,0,2,1218,0,1220,G
5-NP,73,1215,0,1,0,1216,A
5-NP,74,0,1214,0,0,1214,T
5-NP,75,0,1217,0,0,1217,T
5-NP,76,1216,0,1,0,1217,A
5-NP,77,0,1,1219,0,1220,G
5-NP,78,0,1,1219,0,1220,G
5-NP,79,0,0,1218,0,1218,G
5-NP,80,0,1,0,1213,1214,C
5-NP,81,1212,0,0,0,1212,A
5-NP,82,0,1203,0,5,1208,T
5-NP,83,0,0,0,1211,1211,C
5-NP,84,1,0,0,1208,1209,C
5-NP,85,1,0,1223,0,1224,G
5-NP,86,0,1219,0,2,1221,T
5-NP,87,2,1,0,1218,1221,C
5-NP,88,0,0,1222,0,1222,G
5-NP,89,0,1,1226,0,1227,G
5-NP,90,0,0,1234,0,1234,G
5-NP,91,1221,0,0,0,1221,A
5-NP,92,1230,0,1,0,1231,A
5-NP,93,0,0,1237,0,1237,G
5-NP,94,1226,0,5,0,1231,A
5-NP,95,0,1238,0,1,1239,T
5-NP,96,0,3,1242,0,1245,G
5-NP,97,1251,0,1,0,1252,A
5-NP,98,0,1252,0,1,1253,T
5-NP,99,0,1248,1,0,1249,T
5-NP,100,0,0,1253,0,1253,G
5-NP,101,1244,0,1,0,1245,A
5-NP,102,0,1249,0,1,1250,T
5-NP,103,1,1,1244,0,1246,G
5-NP,104,2,1,1242,0,1245,G
5-NP,105,0,1,1241,0,1242,G
5-NP,106,1294,0,1,0,1295,A
5-NP,107,0,1297,0,2,1299,T
5-NP,108,0,1295,0,1,1296,T
5-NP,109,0,2,1313,0,1315,G
5-NP,110,1,6,1309,0,1316,G
5-NP,111,0,1,1312,0,1313,G
5-NP,112,1310,2,2,0,1314,A
5-NP,113,0,1,1315,0,1316,G
5-NP,114,1299,0,0,0,1299,A
5-NP,115,1,1323,0,0,1324,T
5-NP,116,0,1323,0,0,1323,T
5-NP,117,0,0,0,1331,1331,C
5-NP,118,1,1322,0,1,1324,T
5-NP,119,1341,0,0,0,1341,A
5-NP,120,0,0,0,1349,1349,C
5-NP,121,1371,0,0,0,1371,A
5-NP,122,0,1376,0,1,1377,T
5-NP,123,3,0,0,1373,1376,C
5-NP,124,2,1,0,1377,1380,C
5-NP,125,1381,0,0,1,1382,A
5-NP,126,1398,0,1,0,1399,A
5-NP,127,1400,0,0,0,1400,A
5-NP,128,0,1392,0,0,1392,T
5-NP,129,0,0,1397,0,1397,G
5-NP,130,0,1374,0,7,1381,T
5-NP,131,1,3,1385,0,1389,G
5-NP,132,1,1,0,1386,1388,C
5-NP,133,1378,0,5,0,1383,A
5-NP,134,0,0,0,1386,1386,C
5-NP,135,0,1372,0,0,1372,T
5-NP,136,0,1,1415,0,1416,G
5-NP,137,1432,0,2,0,1434,A
5-NP,138,1437,1,4,0,1442,A
5-NP,139,0,0,0,1457,1457,C
5-NP,140,0,1447,0,5,1452,T
5-NP,141,0,1451,1,1,1453,T
5-NP,142,1455,0,0,0,1455,A
5-NP,143,1456,0,0,0,1456,A
5-NP,144,1462,0,3,0,1465,A
5-NP,145,0,1,0,1472,1473,C
5-NP,146,0,1439,0,1,1440,T
5-NP,147,0,0,0,1455,1455,C
5-NP,148,1439,0,2,0,1441,A
5-NP,149,0,2,1470,0,1472,G
5-NP,150,0,1471,0,2,1473,T
5-NP,151,1,2,1474,0,1477,G
5-NP,152,1494,1,1,0,1496,A
5-NP,153,0,1498,0,2,1500,T
5-NP,154,1,2,0,1519,1522,C
5-NP,155,1522,0,2,0,1524,A
5-NP,156,0,1522,0,1,1523,T
5-NP,157,1,0,1524,1,1526,G
5-NP,158,1522,0,0,0,1522,A
5-NP,159,1514,0,1,0,1515,A
5-NP,160,2,4,1514,0,1520,G
5-NP,161,2,2,1504,0,1508,G
5-NP,162,0,0,1508,0,1508,G
5-NP,163,2,0,0,1497,1499,C
5-NP,164,2,2,1501,1,1506,G
5-NP,165,2,0,1509,0,1511,G
5-NP,166,1,1502,0,2,1505,T
5-NP,167,1,1503,0,2,1506,T
5-NP,168,0,1,1510,0,1511,G
5-NP,169,1614,0,0,0,1614,A
5-NP,170,0,1609,0,0,1609,T
5-NP,171,1,1,0,1609,1611,C
5-NP,172,0,1,0,1612,1613,C
5-NP,173,1599,1,5,0,1605,A
5-NP,174,1,1,1608,0,1610,G
5-NP,175,1609,1,0,0,1610,A
5-NP,176,1609,0,3,0,1612,A
5-NP,177,0,0,0,1612,1612,C
5-NP,178,1538,0,1,0,1539,A
5-NP,179,0,1,1551,0,1552,G
5-NP,180,0,0,0,1560,1560,C
5-NP,181,0,1555,0,0,1555,T
5-NP,182,0,1564,0,0,1564,T
5-NP,183,1,1,1562,1,1565,G
5-NP,184,1564,0,7,0,1571,A
5-NP,185,0,0,0,1576,1576,C
5-NP,186,1573,0,0,0,1573,A
5-NP,187,1583,0,0,0,1583,A
5-NP,188,0,1578,0,0,1578,T
5-NP,189,1574,0,4,0,1578,A
5-NP,190,0,0,1583,0,1583,G
5-NP,191,1578,0,1,0,1579,A
5-NP,192,0,0,1595,0,1595,G
5-NP,193,1586,0,0,0,1586,A
5-NP,194,1612,0,0,0,1612,A
5-NP,195,1610,0,0,0,1610,A
5-NP,196,1637,1,4,0,1642,A
5-NP,197,0,1648,0,0,1648,T
5-NP,198,0,5,1642,0,1647,G
5-NP,199,0,1,1651,0,1652,G
5-NP,200,0,1644,0,2,1646,T
5-NP,201,1612,0,2,0,1614,A
5-NP,202,2,0,1,1623,1626,C
5-NP,203,0,1620,0,9,1629,T
5-NP,204,1,0,0,1648,1649,C
5-NP,205,0,1606,0,4,1610,T
5-NP,206,2,0,0,1626,1628,C
5-NP,207,0,1622,0,0,1622,T
5-NP,208,0,0,1634,0,1634,G
5-NP,209,0,2,0,1633,1635,C
5-NP,210,0,1625,0,4,1629,T
5-NP,211,0,1627,0,0,1627,T
5-NP,212,0,1627,0,0,1627,T
5-NP,213,0,1615,0,0,1615,T
5-NP,214,0,1,1616,0,1617,G
5-NP,215,1607,1,1,3,1612,A
5-NP,216,1,1610,0,3,1614,T
5-NP,217,0,1,1613,0,1614,G
5-NP,218,1610,0,2,0,1612,A
5-NP,219,1614,0,2,0,1616,A
5-NP,220,1615,1,1,0,1617,A
5-NP,221,0,0,1619,1,1620,G
5-NP,222,1623,0,1,0,1624,A
5-NP,223,1614,0,4,0,1618,A
5-NP,224,0,1,1633,0,1634,G
5-NP,225,0,0,1672,2,1674,G
5-NP,226,1682,1,2,0,1685,A
5-NP,227,1695,0,1,1,1697,A
5-NP,228,0,1692,0,1,1693,T
5-NP,229,1691,0,1,0,1692,A
5-NP,230,1690,1,0,0,1691,A
5-NP,231,1694,0,0,1,1695,A
5-NP,232,0,1702,0,0,1702,T
5-NP,233,1707,0,1,0,1708,A
5-NP,234,0,0,0,1705,1705,C
5-NP,235,3,0,0,1678,1681,C
5-NP,236,0,1674,0,4,1678,T
5-NP,237,1,0,1683,0,1684,G
5-NP,238,2,0,1701,0,1703,G
5-NP,239,1703,1,2,0,1706,A
5-NP,240,1697,1,2,0,1700,A
5-NP,241,0,0,1717,0,1717,G
5-NP,242,1703,0,3,0,1706,A
5-NP,243,1703,0,1,0,1704,A
5-NP,244,0,1,0,1701,1702,C
5-NP,245,1703,2,1,0,1706,A
5-NP,246,0,0,1,1722,1723,C
5-NP,247,1,1,0,1698,1700,C
5-NP,248,3,0,0,1704,1707,C
5-NP,249,3,1,0,1703,1707,C
5-NP,250,1688,0,1,0,1689,A
5-NP,251,0,0,1689,0,1689,G
5-NP,252,1,1,0,1677,1679,C
5-NP,253,0,1,1685,0,1686,G
5-NP,254,0,2,0,1684,1686,C
5-NP,255,0,5,1663,0,1668,G
5-NP,256,1,0,1680,0,1681,G
5-NP,257,0,1,1667,0,1668,G
5-NP,258,1,1,1676,1,1679,G
5-NP,259,1680,0,0,0,1680,A
5-NP,260,1680,1,1,1,1683,A
5-NP,261,1674,0,2,0,1676,A
5-NP,262,0,0,1680,0,1680,G
5-NP,263,1672,0,0,0,1672,A
5-NP,264,0,1661,0,1,1662,T
5-NP,265,1,1,0,1655,1657,C
5-NP,266,3,1,0,1645,1649,C
5-NP,267,3,1,0,1653,1657,C
5-NP,268,1661,0,0,0,1661,A
5-NP,269,1665,0,1,0,1666,A
5-NP,270,0,0,1669,0,1669,G
5-NP,271,1662,0,1,0,1663,A
5-NP,272,1670,1,0,0,1671,A
5-NP,273,1671,0,0,0,1671,A
5-NP,274,1672,0,3,0,1675,A
5-NP,275,0,1,0,1682,1683,C
5-NP,276,0,1669,0,0,1669,T
5-NP,277,1,1,1668,0,1670,G
5-NP,278,0,2,1669,0,1671,G
5-NP,279,0,6,1658,1,1665,G
5-NP,280,2,3,1653,0,1658,G
5-NP,281,1,2,1667,0,1670,G
5-NP,282,0,0,1692,1,1693,G
5-NP,283,0,0,1,1785,1786,C
5-NP,284,1,0,0,1783,1784,C
5-NP,285,6,0,0,1784,1790,C
5-NP,286,1970,0,1,0,1971,A
5-NP,287,0,1971,0,0,1971,T
5-NP,288,2064,0,1,0,2065,A
5-NP,289,0,2067,0,1,2068,T
5-NP,290,2047,0,1,0,2048,A
5-NP,291,2,2,1,2052,2057,C
5-NP,292,1932,0,2,0,1934,A
5-NP,293,2,2,1954,0,1958,G
5-NP,294,0,1,1954,0,1955,G
5-NP,295,1777,0,0,0,1777,A
5-NP,296,0,2,1787,0,1789,G
5-NP,297,1717,0,2,0,1719,A
5-NP,298,0,0,1740,0,1740,G
5-NP,299,0,1732,0,2,1734,T
5-NP,300,1724,1,0,0,1725,A
5-NP,301,2,1,1727,0,1730,G
5-NP,302,1697,0,5,0,1702,A
5-NP,303,0,1695,0,1,1696,T
5-NP,304,0,1,1693,0,1694,G
5-NP,305,1,0,1702,1,1704,G
5-NP,306,1699,2,2,0,1703,A
5-NP,307,1682,0,2,0,1684,A
5-NP,308,1680,0,0,0,1680,A
5-NP,309,1685,0,1,0,1686,A
5-NP,310,0,1686,0,2,1688,T
5-NP,311,0,3,1695,0,1698,G
5-NP,312,0,1,1698,0,1699,G
5-NP,313,1693,0,5,1,1699,A
5-NP,314,1,1689,0,0,1690,T
5-NP,315,0,2,1691,0,1693,G
5-NP,316,1692,0,0,0,1692,A
5-NP,317,0,5,1692,0,1697,G
5-NP,318,0,1,1691,0,1692,G
5-NP,319,1,2,1690,0,1693,G
5-NP,320,1705,0,0,0,1705,A
5-NP,321,1705,0,3,0,1708,A
5-NP,322,0,1,0,1715,1716,C
5-NP,323,0,1708,0,5,1713,T
5-NP,324,2,0,0,1723,1725,C
5-NP,325,0,0,1736,0,1736,G
5-NP,326,1,1731,0,3,1735,T
5-NP,327,3,0,0,1737,1740,C
5-NP,328,1,2,0,1837,1840,C
5-NP,329,0,1825,0,4,1829,T
5-NP,330,1,1836,0,1,1838,T
5-NP,331,0,1839,0,0,1839,T
5-NP,332,1843,1,0,0,1844,A
5-NP,333,0,1836,0,0,1836,T
5-NP,334,0,2,1834,0,1836,G
5-NP,335,1838,3,2,1,1844,A
5-NP,336,0,3,0,1841,1844,C
5-NP,337,1807,1,1,0,1809,A
5-NP,338,1807,0,0,1,1808,A
5-NP,339,1816,0,3,2,1821,A
5-NP,340,0,0,1882,0,1882,G
5-NP,341,1875,0,1,0,1876,A
5-NP,342,1880,0,5,1,1886,A
5-NP,343,0,2,1944,0,1946,G
5-NP,344,1954,0,1,0,1955,A
5-NP,345,1947,0,9,0,1956,A
5-NP,346,1958,0,0,0,1958,A
5-NP,347,0,1951,0,0,1951,T
5-NP,348,1944,0,1,0,1945,A
5-NP,349,1921,1,4,0,1926,A
5-NP,350,1,2,1937,0,1940,G
5-NP,351,2,1,1931,0,1934,G
5-NP,352,0,5,0,1921,1926,C
5-NP,353,2,3,1918,0,1923,G
5-NP,354,1927,0,1,0,1928,A
5-NP,355,1948,1,1,0,1950,A
5-NP,356,0,1952,0,0,1952,T
5-NP,357,0,0,0,1956,1956,C
5-NP,358,0,1953,0,1,1954,T
5-NP,359,0,3,1944,1,1948,G
5-NP,360,1,0,1945,0,1946,G
5-NP,361,1,2,0,1939,1942,C
5-NP,362,1,0,1939,0,1940,G
5-NP,363,1,2,0,1944,1947,C
5-NP,364,3,0,0,1936,1939,C
5-NP,365,1946,1,1,0,1948,A
5-NP,366,1975,0,1,0,1976,A
5-NP,367,0,0,2011,0,2011,G
5-NP,368,0,1,0,2005,2006,C
5-NP,369,0,0,0,2035,2035,C
5-NP,370,2037,0,0,0,2037,A
5-NP,371,2052,3,0,0,2055,A
5-NP,372,0,0,0,2082,2082,C
5-NP,373,2081,0,0,0,2081,A
5-NP,374,2121,0,1,0,2122,A
5-NP,375,0,2117,0,0,2117,T
5-NP,376,0,2,2136,0,2138,G
5-NP,377,0,0,2147,0,2147,G
5-NP,378,0,2118,0,2,2120,T
5-NP,379,0,2,2125,0,2127,G
5-NP,380,2114,1,4,0,2119,A
5-NP,381,0,1,2158,0,2159,G
5-NP,382,0,1,2165,0,2166,G
5-NP,383,2183,0,2,0,2185,A
5-NP,384,0,2313,0,1,2314,T
5-NP,385,0,0,2331,0,2331,G
5-NP,386,0,0,0,2333,2333,C
5-NP,387,0,2337,0,2,2339,T
5-NP,388,2356,0,1,0,2357,A
5-NP,389,1,2,0,2386,2389,C
5-NP,390,2364,0,1,0,2365,A
5-NP,391,0,2358,0,3,2361,T
5-NP,392,0,0,0,2343,2343,C
5-NP,393,0,2253,0,2,2255,T
5-NP,394,0,1,2309,0,2310,G
5-NP,395,0,2,2358,0,2360,G
5-NP,396,1,2356,0,4,2361,T
5-NP,397,3,0,0,2356,2359,C
5-NP,398,0,2340,1,2,2343,T
5-NP,399,2368,0,0,0,2368,A
5-NP,400,2372,0,0,0,2372,A
5-NP,401,1,1,0,2398,2400,C
5-NP,402,1,2380,0,9,2390,T
5-NP,403,1,2,0,2389,2392,C
5-NP,404,2357,2,4,0,2363,A
5-NP,405,0,2,0,2450,2452,C
5-NP,406,2452,0,1,2,2455,A
5-NP,407,0,2459,0,0,2459,T
5-NP,408,2441,0,1,1,2443,A
5-NP,409,2449,1,1,0,2451,A
5-NP,410,0,2455,0,0,2455,T
5-NP,411,1,2,2479,0,2482,G
5-NP,412,2467,1,1,0,2469,A
5-NP,413,0,2449,1,2,2452,T
5-NP,414,0,2393,1,3,2397,T
5-NP,415,2,2405,0,2,2409,T
5-NP,416,0,2,2397,0,2399,G
5-NP,417,1,1,2404,0,2406,G
5-NP,418,0,1,0,2407,2408,C
5-NP,419,2398,1,3,0,2402,A
5-NP,420,1,2403,0,2,2406,T
5-NP,421,0,2396,0,3,2399,T
5-NP,422,1,0,1,2398,2400,C
5-NP,423,2,0,0,2403,2405,C
5-NP,424,2440,0,0,0,2440,A
5-NP,425,2439,0,0,1,2440,A
5-NP,426,0,2439,0,1,2440,T
5-NP,427,1,2443,0,1,2445,T
5-NP,428,0,2437,1,3,2441,T
5-NP,429,0,1,2453,0,2454,G
5-NP,430,2452,1,4,1,2458,A
5-NP,431,2462,0,2,0,2464,A
5-NP,432,0,2476,1,1,2478,T
5-NP,433,0,0,2457,1,2458,G
5-NP,434,2514,0,7,0,2521,A
5-NP,435,1,2522,0,2,2525,T
5-NP,436,0,1,2529,0,2530,G
5-NP,437,0,0,1,2561,2562,C
5-NP,438,2561,1,1,0,2563,A
5-NP,439,2653,0,3,0,2656,A
5-NP,440,1,1,0,2657,2659,C
5-NP,441,2688,0,1,1,2690,A
5-NP,442,0,2720,0,0,2720,T
5-NP,443,2681,0,3,0,2684,A
5-NP,444,3,1,0,2723,2727,C
5-NP,445,3,0,0,2720,2723,C
5-NP,446,2684,1,2,0,2687,A
5-NP,447,0,3,2710,0,2713,G
5-NP,448,2665,0,3,0,2668,A
5-NP,449,1,1,2664,0,2666,G
5-NP,450,2578,0,3,0,2581,A
5-NP,451,2649,0,5,1,2655,A
5-NP,452,0,0,0,2679,2679,C
5-NP,453,2672,2,1,0,2675,A
5-NP,454,2662,1,8,1,2672,A
5-NP,455,1,3,2679,0,2683,G
5-NP,456,2652,0,4,1,2657,A
5-NP,457,0,1,2669,0,2670,G
5-NP,458,0,0,1,2652,2653,C
5-NP,459,2,2619,0,10,2631,T
5-NP,460,2,0,0,2645,2647,C
5-NP,461,1,2631,0,8,2640,T
5-NP,462,0,2655,0,1,2656,T
5-NP,463,0,1,2664,1,2666,G
5-NP,464,0,2653,0,4,2657,T
5-NP,465,0,2655,0,1,2656,T
5-NP,466,2,1,1,2651,2655,C
5-NP,467,2,1,2638,0,2641,G
5-NP,468,2682,1,2,2,2687,A
5-NP,469,2682,1,0,1,2684,A
5-NP,470,1,0,0,2700,2701,C
5-NP,471,1,2693,4,3,2701,T
5-NP,472,0,3,2743,0,2746,G
5-NP,473,5,2,2755,1,2763,G
5-NP,474,2755,3,4,0,2762,A
5-NP,475,2761,0,7,0,2768,A
5-NP,476,1,2761,0,0,2762,T
5-NP,477,0,3,2756,0,2759,G
5-NP,478,1,4,2765,0,2770,G
5-NP,479,2783,1,12,0,2796,A
5-NP,480,1,2807,0,10,2818,T
5-NP,481,2,0,1,2823,2826,C
5-NP,482,3,2,1,2833,2839,C
5-NP,483,3,1,0,2853,2857,C
5-NP,484,2885,1,3,0,2889,A
5-NP,485,0,1,2924,0,2925,G
5-NP,486,2929,0,0,0,2929,A
5-NP,487,2934,1,0,1,2936,A
5-NP,488,0,2909,1,1,2911,T
5-NP,489,3,5,2941,0,2949,G
5-NP,490,1,2925,0,1,2927,T
5-NP,491,0,1,2940,0,2941,G
5-NP,492,2,1,3,2940,2946,C
5-NP,493,1,2937,0,3,2941,T
5-NP,494,4,2,0,3123,3129,C
5-NP,495,0,3102,1,4,3107,T
5-NP,496,2,1,0,3258,3261,C
5-NP,497,3,3241,1,4,3249,T
5-NP,498,0,4,3269,0,3273,G
5-NP,499,3296,0,6,0,3302,A
5-NP,500,1,3283,0,2,3286,T
5-NP,501,1,3,3285,1,3290,G
5-NP,502,3,4,0,3277,3284,C
5-NP,503,3214,0,4,0,3218,A
5-NP,504,0,4,3272,0,3276,G
5-NP,505,2,2,3229,0,3233,G
5-NP,506,2,0,3260,0,3262,G
5-NP,507,2,1,0,3247,3250,C
5-NP,508,1,3231,0,1,3233,T
5-NP,509,2,0,0,3252,3254,C
5-NP,510,1,4,3253,0,3258,G
5-NP,511,3304,1,5,2,3312,A
5-NP,512,0,0,0,3305,3305,C
5-NP,513,0,3268,1,7,3276,T
5-NP,514,2,0,0,3453,3455,C
5-NP,515,1,3422,0,4,3427,T
5-NP,516,9,3,0,3893,3905,C
5-NP,517,5,0,0,3910,3915,C
5-NP,518,3,3,1,3919,3926,C
5-NP,519,0,3925,0,3,3928,T
5-NP,520,3897,0,4,0,3901,A
5-NP,521,0,3,3898,0,3901,G
5-NP,522,3900,0,0,0,3900,A
5-NP,523,3804,0,4,1,3809,A
5-NP,524,1,7,3807,0,3815,G
5-NP,525,4,3,3762,0,3769,G
5-NP,526,0,3721,0,4,3725,T
5-NP,527,2,0,0,3714,3716,C
5-NP,528,6,2,0,3715,3723,C
5-NP,529,1,7,3709,0,3717,G
5-NP,530,1,5,3753,0,3759,G
5-NP,531,3740,1,4,0,3745,A
5-NP,532,2,1,3781,0,3784,G
5-NP,533,3,0,0,3785,3788,C
5-NP,534,0,3750,0,4,3754,T
5-NP,535,3,2,3761,1,3767,G
5-NP,536,0,0,0,3775,3775,C
5-NP,537,3758,1,10,0,3769,A
5-NP,538,2,4,3778,0,3784,G
5-NP,539,1,0,3808,0,3809,G
5-NP,540,1,3797,0,3,3801,T
5-NP,541,2,0,3765,0,3767,G
5-NP,542,1,2,0,3779,3782,C
5-NP,543,1,3765,1,6,3773,T
5-NP,544,2,0,3773,0,3775,G
5-NP,545,1,1,1,3778,3781,C
5-NP,546,3823,0,2,0,3825,A
5-NP,547,0,2,3894,0,3896,G
5-NP,548,1,3865,0,3,3869,T
5-NP,549,3,0,0,3883,3886,C
5-NP,550,3896,0,0,0,3896,A
5-NP,551,3888,0,0,0,3888,A
5-NP,552,3877,1,7,1,3886,A
5-NP,553,0,4,3903,0,3907,G
5-NP,554,1,1,3926,1,3929,G
5-NP,555,3928,0,2,0,3930,A
5-NP,556,3913,0,3,0,3916,A
5-NP,557,0,3905,1,1,3907,T
5-NP,558,2,2,0,3903,3907,C
5-NP,559,2,6,3905,0,3913,G
5-NP,560,3,3,3989,1,3996,G
5-NP,561,0,2,4007,1,4010,G
5-NP,562,3981,0,6,0,3987,A
5-NP,563,1,5,0,4004,4010,C
5-NP,564,3976,0,2,1,3979,A
5-NP,565,4065,2,6,1,4074,A
5-NP,566,0,4077,1,3,4081,T
5-NP,567,1,3,4109,0,4113,G
5-NP,568,0,1,4207,1,4209,G
5-NP,569,1,4190,0,3,4194,T
5-NP,570,2,1,4210,0,4213,G
5-NP,571,4213,1,4,0,4218,A
5-NP,572,2,4189,0,6,4197,T
5-NP,573,0,7,4203,0,4210,G
5-NP,574,0,2,4272,0,4274,G
5-NP,575,4249,1,8,0,4258,A
5-NP,576,4251,1,3,0,4255,A
5-NP,577,1,1,0,4249,4251,C
5-NP,578,1,4141,1,0,4143,T
5-NP,579,0,7,4300,0,4307,G
5-NP,580,4297,0,1,0,4298,A
5-NP,581,1,4298,1,2,4302,T
5-NP,582,4,2,1,4300,4307,C
5-NP,583,4254,1,1,0,4256,A
5-NP,584,1,2,4373,2,4378,G
5-NP,585,4361,1,2,0,4364,A
5-NP,586,4371,2,5,1,4379,A
5-NP,587,0,4374,0,2,4376,T
5-NP,588,2,4,4323,1,4330,G
5-NP,589,0,2,4368,0,4370,G
5-NP,590,2,4363,0,5,4370,T
5-NP,591,3,0,0,4368,4371,C
5-NP,592,4367,0,1,0,4368,A
5-NP,593,4350,1,3,0,4354,A
5-NP,594,4357,0,6,0,4363,A
5-NP,595,0,4,0,4363,4367,C
5-NP,596,4,10,4346,0,4360,G
5-NP,597,3,7,4369,0,4379,G
5-NP,598,4,4,4337,0,4345,G
5-NP,599,5,4,4343,0,4352,G
5-NP,600,4329,3,2,0,4334,A
5-NP,601,4354,0,4,1,4359,A
5-NP,602,2,4351,0,3,4356,T
5-NP,603,3,0,0,4354,4357,C
5-NP,604,4364,0,2,0,4366,A
5-NP,605,4360,1,5,0,4366,A
5-NP,606,3,4,1,4326,4334,C
5-NP,607,0,4,4319,1,4324,G
5-NP,608,4309,2,6,0,4317,A
5-NP,609,2,4310,2,2,4316,T
5-NP,610,6,1,1,4304,4312,C
5-NP,611,1,0,4316,0,4317,G
5-NP,612,4303,0,1,0,4304,A
5-NP,613,4301,0,3,0,4304,A
5-NP,614,4303,0,2,2,4307,A
5-NP,615,0,4338,1,5,4344,T
5-NP,616,0,4344,3,5,4352,T
5-NP,617,1,4334,0,2,4337,T
5-NP,618,0,4361,0,2,4363,T
5-NP,619,1,4377,0,2,4380,T
5-NP,620,2,7,4374,0,4383,G
5-NP,621,2,2,4383,1,4388,G
5-NP,622,4350,2,7,0,4359,A
5-NP,623,0,2,4391,0,4393,G
5-NP,624,4337,1,5,0,4343,A
5-NP,625,2,1,4522,0,4525,G
5-NP,626,3,3,4543,1,4550,G
5-NP,627,0,4543,0,5,4548,T
5-NP,628,0,5,4550,1,4556,G
5-NP,629,4544,1,11,1,4557,A
5-NP,630,0,5,4572,0,4577,G
5-NP,631,4560,0,10,0,4570,A
5-NP,632,4543,0,7,0,4550,A
5-NP,633,0,4538,0,3,4541,T
5-NP,634,0,10,4408,0,4418,G
5-NP,635,0,5,4395,0,4400,G
5-NP,636,2,0,4390,0,4392,G
5-NP,637,1,3,0,4373,4377,C
5-NP,638,3,4,4383,0,4390,G
5-NP,639,3,0,4412,1,4416,G
5-NP,640,4408,0,2,0,4410,A
5-NP,641,4407,0,2,0,4409,A
5-NP,642,4473,1,3,1,4478,A
5-NP,643,4484,0,4,1,4489,A
5-NP,644,3,3,0,4499,4505,C
5-NP,645,4506,0,0,0,4506,A
5-NP,646,4499,1,5,0,4505,A
5-NP,647,0,2,4503,0,4505,G
5-NP,648,4412,0,4,0,4416,A
5-NP,649,4426,0,2,0,4428,A
5-NP,650,5,0,4526,1,4532,G
5-NP,651,1,4523,0,1,4525,T
5-NP,652,3,2,4710,0,4715,G
5-NP,653,1,1,0,4689,4691,C
5-NP,654,0,4689,0,15,4704,T
5-NP,655,0,4731,0,3,4734,T
5-NP,656,4784,0,1,0,4785,A
5-NP,657,0,4787,0,3,4790,T
5-NP,658,0,6,4799,0,4805,G
5-NP,659,4715,0,13,1,4729,A
5-NP,660,1,11,4731,0,4743,G
5-NP,661,4548,3,15,0,4566,A
5-NP,662,0,7,4589,0,4596,G
5-NP,663,4567,0,10,0,4577,A
5-NP,664,4605,1,2,0,4608,A
5-NP,665,1,4571,0,1,4573,T
5-NP,666,3,0,4633,0,4636,G
5-NP,667,2,4604,0,9,4615,T
5-NP,668,3,0,4619,1,4623,G
5-NP,669,1,4,0,4596,4601,C
5-NP,670,4595,2,4,0,4601,A
5-NP,671,4604,3,8,0,4615,A
5-NP,672,2,1,0,4601,4604,C
5-NP,673,4574,1,1,0,4576,A
5-NP,674,1,4576,1,7,4585,T
5-NP,675,0,4548,0,2,4550,T
5-NP,676,3,0,0,4564,4567,C
5-NP,677,2,4557,0,6,4565,T
5-NP,678,0,4556,0,1,4557,T
5-NP,679,4562,1,0,0,4563,A
5-NP,680,4541,2,4,0,4547,A
5-NP,681,4539,2,1,0,4542,A
5-NP,682,2,5,4540,0,4547,G
5-NP,683,0,4,4534,0,4538,G
5-NP,684,4516,0,9,0,4525,A
5-NP,685,4517,1,5,1,4524,A
5-NP,686,4520,0,4,0,4524,A
5-NP,687,4571,0,2,0,4573,A
5-NP,688,0,4565,1,7,4573,T
5-NP,689,0,4555,1,1,4557,T
5-NP,690,0,4578,0,2,4580,T
5-NP,691,5,0,1,4569,4575,C
5-NP,692,4575,0,4,1,4580,A
5-NP,693,4572,0,1,0,4573,A
5-NP,694,4570,1,6,1,4578,A
5-NP,695,1,0,0,4618,4619,C
5-NP,696,4569,0,3,0,4572,A
5-NP,697,1,1,4642,0,4644,G
5-NP,698,0,1,0,4640,4641,C
5-NP,699,0,4629,0,9,4638,T
5-NP,700,1,1,4697,1,4700,G
5-NP,701,0,0,0,4693,4693,C
5-NP,702,4719,2,6,0,4727,A
5-NP,703,3,3,1,4718,4725,C
5-NP,704,4691,0,1,0,4692,A
5-NP,705,4708,1,3,0,4712,A
5-NP,706,4623,0,6,0,4629,A
5-NP,707,1,7,4780,0,4788,G
5-NP,708,4773,1,11,1,4786,A
5-NP,709,0,2,4821,0,4823,G
5-NP,710,2,3,0,4822,4827,C
5-NP,711,4831,2,2,0,4835,A
5-NP,712,4943,1,5,0,4949,A
5-NP,713,0,4949,1,1,4951,T
5-NP,714,0,8,4955,1,4964,G
5-NP,715,1,0,4986,0,4987,G
5-NP,716,1,4875,0,8,4884,T
5-NP,717,4,2,4857,2,4865,G
5-NP,718,2,3,4902,0,4907,G
5-NP,719,4902,1,7,0,4910,A
5-NP,720,0,4892,0,5,4897,T
5-NP,721,3,1,0,4799,4803,C
5-NP,722,4816,1,2,0,4819,A
5-NP,723,4841,0,10,0,4851,A
5-NP,724,0,0,4859,0,4859,G
5-NP,725,2,4831,0,3,4836,T
5-NP,726,0,6,4826,0,4832,G
5-NP,727,4776,2,5,0,4783,A
5-NP,728,0,3,4798,0,4801,G
5-NP,729,4782,1,10,1,4794,A
5-NP,730,1,4,4791,1,4797,G
5-NP,731,4761,0,7,0,4768,A
5-NP,732,4687,1,1,0,4689,A
5-NP,733,4698,2,4,0,4704,A
5-NP,734,2,1,4718,0,4721,G
5-NP,735,0,4706,0,1,4707,T
5-NP,736,5,5,0,4694,4704,C
5-NP,737,5,7,4674,0,4686,G
5-NP,738,0,5,4696,0,4701,G
5-NP,739,4692,2,3,0,4697,A
5-NP,740,4720,2,1,0,4723,A
5-NP,741,5,1,0,4723,4729,C
5-NP,742,4,4,0,4692,4700,C
5-NP,743,6,2,0,4710,4718,C
5-NP,744,4718,1,6,0,4725,A
5-NP,745,0,3,4731,0,4734,G
5-NP,746,1,3,4731,0,4735,G
5-NP,747,4721,0,0,1,4722,A
5-NP,748,4719,1,3,1,4724,A
5-NP,749,4703,0,10,1,4714,A
5-NP,750,0,2,1,4705,4708,C
5-NP,751,2,2,4700,0,4704,G
5-NP,752,2,1,0,4692,4695,C
5-NP,753,3,4681,1,5,4690,T
5-NP,754,1,4,4692,0,4697,G
5-NP,755,4683,0,6,0,4689,A
5-NP,756,2,2,4750,0,4754,G
5-NP,757,4744,2,5,0,4751,A
5-NP,758,0,4741,0,2,4743,T
5-NP,759,3,2,0,4706,4711,C
5-NP,760,10,3,4705,0,4718,G
5-NP,761,4719,2,1,0,4722,A
5-NP,762,4703,0,5,0,4708,A
5-NP,763,2,5,4715,0,4722,G
5-NP,764,4722,1,7,0,4730,A
5-NP,765,0,4682,1,5,4688,T
5-NP,766,2,3,0,4703,4708,C
5-NP,767,1,4699,0,13,4713,T
5-NP,768,5,0,0,4736,4741,C
5-NP,769,4738,0,4,2,4744,A
5-NP,770,0,4738,0,5,4743,T
5-NP,771,4751,0,1,1,4753,A
5-NP,772,1,4721,0,4,4726,T
5-NP,773,1,4699,1,1,4702,T
5-NP,774,0,4692,0,2,4694,T
5-NP,775,0,4661,1,1,4663,T
5-NP,776,0,4666,3,0,4669,T
5-NP,777,4674,1,2,0,4677,A
5-NP,778,1,1,4666,0,4668,G
5-NP,779,0,2,0,4671,4673,C
5-NP,780,4650,1,4,1,4656,A
5-NP,781,4647,0,2,0,4649,A
5-NP,782,0,5,4775,0,4780,G
5-NP,783,4770,0,1,0,4771,A
5-NP,784,0,4779,0,1,4780,T
5-NP,785,2,1,0,4798,4801,C
5-NP,786,0,4782,1,12,4795,T
5-NP,787,1,1,4907,0,4909,G
5-NP,788,2,3,0,4903,4908,C
5-NP,789,4908,0,7,1,4916,A
5-NP,790,2,4956,1,1,4960,T
5-NP,791,0,4815,1,2,4818,T
5-NP,792,0,3,5059,0,5062,G
5-NP,793,5115,1,5,0,5121,A
5-NP,794,1,5109,0,4,5114,T
5-NP,795,5120,0,2,0,5122,A
5-NP,796,0,5044,0,0,5044,T
5-NP,797,1,5009,0,4,5014,T
5-NP,798,9,5,5020,0,5034,G
5-NP,799,4977,3,3,0,4983,A
5-NP,800,0,6,5005,0,5011,G
5-NP,801,4770,0,6,0,4776,A
5-NP,802,1,9,4681,0,4691,G
5-NP,803,0,9,4720,1,4730,G
5-NP,804,4707,2,5,0,4714,A
5-NP,805,0,4701,0,8,4709,T
5-NP,806,4,4,0,4717,4725,C
5-NP,807,4688,0,5,2,4695,A
5-NP,808,0,1,4714,0,4715,G
5-NP,809,1,4684,0,2,4687,T
5-NP,810,1,4663,0,1,4665,T
5-NP,811,2,3,4654,0,4659,G
5-NP,812,2,3,0,4624,4629,C
5-NP,813,1,4613,0,8,4622,T
5-NP,814,6,1,0,4633,4640,C
5-NP,815,4631,2,5,1,4639,A
5-NP,816,1,1,1,4639,4642,C
5-NP,817,4615,1,1,0,4617,A
5-NP,818,4646,1,1,0,4648,A
5-NP,819,4653,3,1,1,4658,A
5-NP,820,1,4650,0,0,4651,T
5-NP,821,2,1,0,4654,4657,C
5-NP,822,0,4640,0,6,4646,T
5-NP,823,1,4629,0,4,4634,T
5-NP,824,1,3,4646,0,4650,G
5-NP,825,1,5,0,4642,4648,C
5-NP,826,7,1,0,4688,4696,C
5-NP,827,0,4679,0,1,4680,T
5-NP,828,4691,2,4,1,4698,A
5-NP,829,3,1,1,4681,4686,C
5-NP,830,2,1,0,4694,4697,C
5-NP,831,2,4677,0,4,4683,T
5-NP,832,0,1,4727,0,4728,G
5-NP,833,2,2,0,4703,4707,C
5-NP,834,4,0,0,4701,4705,C
5-NP,835,1,4633,1,8,4643,T
5-NP,836,2,2,4678,0,4682,G
5-NP,837,0,4655,0,8,4663,T
5-NP,838,0,1,4691,0,4692,G
5-NP,839,3,4,0,4705,4712,C
5-NP,840,2,1,4757,0,4760,G
5-NP,841,1,4692,0,3,4696,T
5-NP,842,4675,0,3,1,4679,A
5-NP,843,0,4685,2,2,4689,T
5-NP,844,2,6,4678,1,4687,G
5-NP,845,1,3,4771,0,4775,G
5-NP,846,4758,1,6,0,4765,A
5-NP,847,2,2,2,4680,4686,C
5-NP,848,1,0,0,4675,4676,C
5-NP,849,0,4605,0,8,4613,T
5-NP,850,1,0,4776,0,4777,G
5-NP,851,0,2,1,4785,4788,C
5-NP,852,4786,4,8,1,4799,A
5-NP,853,0,1,4854,1,4856,G
5-NP,854,1,4645,0,2,4648,T
5-NP,855,4813,1,1,2,4817,A
5-NP,856,0,4787,0,8,4795,T
5-NP,857,5,5,0,4751,4761,C
5-NP,858,4,1,0,4766,4771,C
5-NP,859,4536,1,2,0,4539,A
5-NP,860,1,2,4559,0,4562,G
5-NP,861,1,4532,2,4,4539,T
5-NP,862,2,9,4564,0,4575,G
5-NP,863,0,1,4565,0,4566,G
5-NP,864,19,2,4473,0,4494,G
5-NP,865,0,4484,0,5,4489,T
5-NP,866,4471,2,3,0,4476,A
5-NP,867,0,0,1,4478,4479,C
5-NP,868,2,4,4447,0,4453,G
5-NP,869,4423,1,5,0,4429,A
5-NP,870,2,0,0,4434,4436,C
5-NP,871,0,4309,0,5,4314,T
5-NP,872,2,4311,0,3,4316,T
5-NP,873,5,6,0,4282,4293,C
5-NP,874,0,0,4296,0,4296,G
5-NP,875,4302,0,3,0,4305,A
5-NP,876,4301,1,1,1,4304,A
5-NP,877,4314,0,1,0,4315,A
5-NP,878,4302,1,0,1,4304,A
5-NP,879,4288,0,10,1,4299,A
5-NP,880,0,6,4306,0,4312,G
5-NP,881,4286,0,10,1,4297,A
5-NP,882,1,2,4312,0,4315,G
5-NP,883,0,5,4330,0,4335,G
5-NP,884,2,5,4344,0,4351,G
5-NP,885,4351,1,14,0,4366,A
5-NP,886,2,4343,0,4,4349,T
5-NP,887,4371,0,3,0,4374,A
5-NP,888,0,4357,1,9,4367,T
5-NP,889,1,4367,1,5,4374,T
5-NP,890,2,2,1,4407,4412,C
5-NP,891,4,1,0,4371,4376,C
5-NP,892,2,4312,0,2,4316,T
5-NP,893,0,4319,0,3,4322,T
5-NP,894,0,3,4350,0,4353,G
5-NP,895,2,2,4370,0,4374,G
5-NP,896,2,4342,0,1,4345,T
5-NP,897,2,8,4306,0,4316,G
5-NP,898,4,2,4299,0,4305,G
5-NP,899,5,3,4434,0,4442,G
5-NP,900,4447,0,2,0,4449,A
5-NP,901,4446,0,3,0,4449,A
5-NP,902,0,4449,1,1,4451,T
5-NP,903,4368,0,5,1,4374,A
5-NP,904,1,3,4379,0,4383,G
5-NP,905,4331,1,8,0,4340,A
5-NP,906,1,0,0,4335,4336,C
5-NP,907,12,1,0,4280,4293,C
5-NP,908,9,0,0,4139,4148,C
5-NP,909,0,4167,0,12,4179,T
5-NP,910,0,4182,0,2,4184,T
5-NP,911,0,4179,2,8,4189,T
5-NP,912,2,1,0,4188,4191,C
5-NP,913,4170,0,3,0,4173,A
5-NP,914,4173,2,3,0,4178,A
5-NP,915,4157,0,3,1,4161,A
5-NP,916,1,0,0,4162,4163,C
5-NP,917,0,4048,2,0,4050,T
5-NP,918,4004,1,4,0,4009,A
5-NP,919,1,0,0,4036,4037,C
5-NP,920,1,4008,0,7,4016,T
5-NP,921,3,4014,0,3,4020,T
5-NP,922,2,2,1,4028,4033,C
5-NP,923,4030,2,0,0,4032,A
5-NP,924,4030,0,0,0,4030,A
5-NP,925,4017,2,1,0,4020,A
5-NP,926,4011,0,4,2,4017,A
5-NP,927,0,3975,1,0,3976,T
5-NP,928,3916,0,3,0,3919,A
5-NP,929,1,2,3955,0,3958,G
5-NP,930,1,3,0,3961,3965,C
5-NP,931,2,0,0,3987,3989,C
5-NP,932,3987,0,2,0,3989,A
5-NP,933,3998,1,2,0,4001,A
5-NP,934,4104,0,4,0,4108,A
5-NP,935,0,4121,0,0,4121,T
5-NP,936,4128,0,0,0,4128,A
5-NP,937,0,4130,0,3,4133,T
5-NP,938,4063,1,2,1,4067,A
5-NP,939,2,0,0,4070,4072,C
5-NP,940,3948,1,5,0,3954,A
5-NP,941,1,0,4023,0,4024,G
5-NP,942,0,0,0,4016,4016,C
5-NP,943,3,3867,0,4,3874,T
5-NP,944,0,3905,0,3,3908,T
5-NP,945,3913,0,0,0,3913,A
5-NP,946,3912,0,1,2,3915,A
5-NP,947,0,3913,0,2,3915,T
5-NP,948,3,1,0,3901,3905,C
5-NP,949,3782,0,0,1,3783,A
5-NP,950,0,2,3800,0,3802,G
5-NP,951,3788,2,3,0,3793,A
5-NP,952,2,1,0,3809,3812,C
5-NP,953,4,3,0,3771,3778,C
5-NP,954,1,3727,1,3,3732,T
5-NP,955,3741,1,1,0,3743,A
5-NP,956,3742,1,3,0,3746,A
5-NP,957,2,2,0,3761,3765,C
5-NP,958,3,3,3756,0,3762,G
5-NP,959,3694,1,0,0,3695,A
5-NP,960,0,0,3697,0,3697,G
5-NP,961,3650,0,2,1,3653,A
5-NP,962,3676,1,4,2,3683,A
5-NP,963,0,3679,0,1,3680,T
5-NP,964,2,0,2,3634,3638,C
5-NP,965,3,1,0,3637,3641,C
5-NP,966,3580,0,7,0,3587,A
5-NP,967,4,0,3602,0,3606,G
5-NP,968,2,0,0,3601,3603,C
5-NP,969,3624,1,3,0,3628,A
5-NP,970,0,2,0,3647,3649,C
5-NP,971,3583,0,5,2,3590,A
5-NP,972,1,0,0,3596,3597,C
5-NP,973,3582,1,2,1,3586,A
5-NP,974,3584,0,9,1,3594,A
5-NP,975,1,0,3603,0,3604,G
5-NP,976,3549,0,10,1,3560,A
5-NP,977,0,0,3574,1,3575,G
5-NP,978,0,3496,1,1,3498,T
5-NP,979,3,0,1,3488,3492,C
5-NP,980,3463,0,5,2,3470,A
5-NP,981,1,0,3471,0,3472,G
5-NP,982,0,1,0,3471,3472,C
5-NP,983,0,3430,0,5,3435,T
5-NP,984,0,3,3454,0,3457,G
5-NP,985,1,0,3490,0,3491,G
5-NP,986,1,3454,0,1,3456,T
5-NP,987,0,0,3483,0,3483,G
5-NP,988,0,3436,0,3,3439,T
5-NP,989,2,6,3421,0,3429,G
5-NP,990,0,2,3428,0,3430,G
5-NP,991,3400,0,4,0,3404,A
5-NP,992,1,3412,0,3,3416,T
5-NP,993,3,2,3285,1,3291,G
5-NP,994,1,2,3266,0,3269,G
5-NP,995,0,0,0,3256,3256,C
5-NP,996,3213,0,1,0,3214,A
5-NP,997,1,3208,2,4,3215,T
5-NP,998,3,0,3185,0,3188,G
5-NP,999,1,1,0,3188,3190,C
5-NP,1000,4,1,0,3198,3203,C
5-NP,1001,3209,0,1,0,3210,A
5-NP,1002,0,3186,0,14,3200,T
5-NP,1003,0,3144,0,4,3148,T
5-NP,1004,1,0,0,3151,3152,C
5-NP,1005,1,3078,0,3,3082,T
5-NP,1006,0,1,3072,0,3073,G
5-NP,1007,3,1,0,3062,3066,C
5-NP,1008,0,2945,0,4,2949,T
5-NP,1009,0,2,2966,0,2968,G
5-NP,1010,2,0,1,2897,2900,C
5-NP,1011,2904,1,0,0,2905,A
5-NP,1012,0,2898,1,2,2901,T
5-NP,1013,0,2873,0,1,2874,T
5-NP,1014,0,2875,1,3,2879,T
5-NP,1015,0,0,2874,1,2875,G
5-NP,1016,2870,0,0,0,2870,A
5-NP,1017,2867,0,8,0,2875,A
5-NP,1018,0,2,2888,0,2890,G
5-NP,1019,2869,1,3,0,2873,A
5-NP,1020,0,2860,0,2,2862,T
5-NP,1021,1,2858,0,1,2860,T
5-NP,1022,0,2859,1,1,2861,T
5-NP,1023,2866,2,1,0,2869,A
5-NP,1024,2862,0,1,1,2864,A
5-NP,1025,0,2,2867,0,2869,G
5-NP,1026,2860,2,3,0,2865,A
5-NP,1027,0,2850,0,3,2853,T
5-NP,1028,0,2805,0,2,2807,T
5-NP,1029,0,2,2821,0,2823,G
5-NP,1030,0,2814,0,8,2822,T
5-NP,1031,0,2820,1,1,2822,T
5-NP,1032,2819,1,2,0,2822,A
5-NP,1033,2822,0,1,0,2823,A
5-NP,1034,1,2,2830,0,2833,G
5-NP,1035,4,0,0,2825,2829,C
5-NP,1036,0,2772,2,12,2786,T
5-NP,1037,0,2800,0,7,2807,T
5-NP,1038,1,0,0,2805,2806,C
5-NP,1039,2797,1,5,1,2804,A
5-NP,1040,0,2802,0,3,2805,T
5-NP,1041,0,1,0,2807,2808,C
5-NP,1042,2770,0,2,0,2772,A
5-NP,1043,0,1,2768,0,2769,G
5-NP,1044,2740,0,3,1,2744,A
5-NP,1045,0,4,2749,0,2753,G
5-NP,1046,0,3,2753,0,2756,G
5-NP,1047,0,5,2734,0,2739,G
5-NP,1048,2747,1,5,0,2753,A
5-NP,1049,0,3,0,2749,2752,C
5-NP,1050,2751,0,1,1,2753,A
5-NP,1051,2753,0,0,0,2753,A
5-NP,1052,2753,0,3,1,2757,A
5-NP,1053,2754,0,6,0,2760,A
5-NP,1054,1,0,2766,0,2767,G
5-NP,1055,1,2707,0,4,2712,T
5-NP,1056,2699,0,1,0,2700,A
5-NP,1057,0,2678,0,4,2682,T
5-NP,1058,0,2,1,2677,2680,C
5-NP,1059,0,2666,0,1,2667,T
5-NP,1060,1,0,0,2672,2673,C
5-NP,1061,1,0,0,2654,2655,C
5-NP,1062,0,2635,0,0,2635,T
5-NP,1063,0,1,0,2626,2627,C
5-NP,1064,1,3,2622,0,2626,G
5-NP,1065,2,4,2627,0,2633,G
5-NP,1066,1,1,2624,0,2626,G
5-NP,1067,1,1,2631,1,2634,G
5-NP,1068,1,2,2630,0,2633,G
5-NP,1069,2587,1,0,0,2588,A
5-NP,1070,2589,1,2,0,2592,A
5-NP,1071,2590,0,4,1,2595,A
5-NP,1072,0,0,0,2607,2607,C
5-NP,1073,1,2595,0,2,2598,T
5-NP,1074,0,1,2619,0,2620,G
5-NP,1075,0,2595,0,6,2601,T
5-NP,1076,4,0,0,2593,2597,C
5-NP,1077,2646,0,3,0,2649,A
5-NP,1078,2662,0,1,0,2663,A
5-NP,1079,1,0,0,2670,2671,C
5-NP,1080,2,2663,0,0,2665,T
5-NP,1081,2623,0,1,1,2625,A
5-NP,1082,0,1,2629,0,2630,G
5-NP,1083,2584,0,3,0,2587,A
5-NP,1084,1,2,2591,0,2594,G
5-NP,1085,0,1,2589,0,2590,G
5-NP,1086,2474,0,5,0,2479,A
5-NP,1087,0,0,2507,0,2507,G
5-NP,1088,0,2477,0,2,2479,T
5-NP,1089,2474,0,3,0,2477,A
5-NP,1090,3,1,0,2472,2476,C
5-NP,1091,2439,0,2,0,2441,A
5-NP,1092,2441,0,1,0,2442,A
5-NP,1093,2422,0,3,0,2425,A
5-NP,1094,1,2401,0,1,2403,T
5-NP,1095,0,2386,0,1,2387,T
5-NP,1096,0,0,2341,0,2341,G
5-NP,1097,1,0,1,2314,2316,C
5-NP,1098,1,2306,0,2,2309,T
5-NP,1099,0,2304,1,2,2307,T
5-NP,1100,2,0,0,2304,2306,C
5-NP,1101,2310,0,0,0,2310,A
5-NP,1102,2311,1,2,0,2314,A
5-NP,1103,2314,0,1,0,2315,A
5-NP,1104,0,2312,1,0,2313,T
5-NP,1105,2,4,2301,0,2307,G
5-NP,1106,2273,0,5,1,2279,A
5-NP,1107,1,1,2283,0,2285,G
5-NP,1108,2290,1,3,0,2294,A
5-NP,1109,2291,1,1,0,2293,A
5-NP,1110,0,0,0,2300,2300,C
5-NP,1111,2285,0,2,0,2287,A
5-NP,1112,0,2296,0,0,2296,T
5-NP,1113,1,1,2330,0,2332,G
5-NP,1114,0,0,2347,0,2347,G
5-NP,1115,2342,0,4,0,2346,A
5-NP,1116,0,2311,0,1,2312,T
5-NP,1117,2280,0,3,0,2283,A
5-NP,1118,2415,1,2,0,2418,A
5-NP,1119,0,2388,0,1,2389,T
5-NP,1120,2378,0,2,0,2380,A
5-NP,1121,1,2371,0,1,2373,T
5-NP,1122,2,6,2224,1,2233,G
5-NP,1123,1,1,2211,0,2213,G
5-NP,1124,2,2,2206,0,2210,G
5-NP,1125,2202,1,2,0,2205,A
5-NP,1126,1,2198,0,0,2199,T
5-NP,1127,2,0,0,1837,1839,C
5-NP,1128,0,2,1841,0,1843,G
5-NP,1129,1841,1,4,0,1846,A
5-NP,1130,0,0,1846,0,1846,G
5-NP,1131,1,1,0,1840,1842,C
5-NP,1132,1823,1,1,0,1825,A
5-NP,1133,1,2,0,1915,1918,C
5-NP,1134,0,1905,0,2,1907,T
5-NP,1135,2,0,0,1921,1923,C
5-NP,1136,1,1916,1,4,1922,T
5-NP,1137,1,1893,0,1,1895,T
5-NP,1138,1,2,1896,0,1899,G
5-NP,1139,1883,0,3,0,1886,A
5-NP,1140,1909,0,2,0,1911,A
5-NP,1141,1,0,0,1910,1911,C
5-NP,1142,0,1660,0,1,1661,T
5-NP,1143,2,1,1664,0,1667,G
5-NP,1144,1632,0,2,0,1634,A
5-NP,1145,0,0,1642,0,1642,G
5-NP,1146,1641,0,1,0,1642,A
5-NP,1147,1647,0,0,0,1647,A
5-NP,1148,1,0,1651,0,1652,G
5-NP,1149,0,6,0,1623,1629,C
5-NP,1150,9,2,1612,0,1623,G
5-NP,1151,1,0,1628,0,1629,G
5-NP,1152,4,2,1619,0,1625,G
5-NP,1153,0,1620,0,1,1621,T
5-NP,1154,1593,0,1,0,1594,A
5-NP,1155,0,0,0,1597,1597,C
5-NP,1156,0,1455,0,1,1456,T
5-NP,1157,0,3,1456,0,1459,G
5-NP,1158,1,1,1444,0,1446,G
5-NP,1159,1,0,1446,0,1447,G
5-NP,1160,0,0,0,1432,1432,C
5-NP,1161,1,0,0,1392,1393,C
5-NP,1162,1399,0,1,0,1400,A
5-NP,1163,0,1400,0,0,1400,T
5-NP,1164,1400,0,0,0,1400,A
5-NP,1165,1399,0,2,0,1401,A
5-NP,1166,0,1,1385,0,1386,G
5-NP,1167,0,1,1407,0,1408,G
5-NP,1168,1387,0,1,1,1389,A
5-NP,1169,0,2,0,1388,1390,C
5-NP,1170,3,1,0,1387,1391,C
5-NP,1171,1384,1,2,1,1388,A
5-NP,1172,0,0,1416,0,1416,G
5-NP,1173,0,2,1419,0,1421,G
5-NP,1174,1418,1,1,0,1420,A
5-NP,1175,2,0,1424,0,1426,G
5-NP,1176,0,1375,0,2,1377,T
5-NP,1177,0,1,1380,1,1382,G
5-NP,1178,0,1,1396,0,1397,G
5-NP,1179,1395,1,3,0,1399,A
5-NP,1180,2,1,1398,0,1401,G
5-NP,1181,1,3,1364,0,1368,G
5-NP,1182,1350,1,0,0,1351,A
5-NP,1183,1351,0,1,0,1352,A
5-NP,1184,1350,0,2,0,1352,A
5-NP,1185,0,0,0,1361,1361,C
5-NP,1186,1347,0,1,0,1348,A
5-NP,1187,0,0,0,1367,1367,C
5-NP,1188,1,1338,0,1,1340,T
5-NP,1189,1370,0,0,0,1370,A
5-NP,1190,1368,1,1,0,1370,A
5-NP,1191,0,1362,0,1,1363,T
5-NP,1192,2,0,0,1378,1380,C
5-NP,1193,1367,0,1,0,1368,A
5-NP,1194,1377,0,0,0,1377,A
5-NP,1195,1,0,0,1378,1379,C
5-NP,1196,1345,0,0,0,1345,A
5-NP,1197,0,1,1347,1,1349,G
5-NP,1198,1301,0,1,0,1302,A
5-NP,1199,0,1,1314,0,1315,G
5-NP,1200,1,1,1316,0,1318,G
5-NP,1201,0,0,1317,0,1317,G
5-NP,1202,0,0,1,1305,1306,C
5-NP,1203,1,1,0,1301,1303,C
5-NP,1204,0,1287,0,2,1289,T
5-NP,1205,0,0,0,1299,1299,C
5-NP,1206,2,0,0,1302,1304,C
5-NP,1207,1,0,1304,0,1305,G
5-NP,1208,2,1,0,1299,1302,C
5-NP,1209,1291,0,3,0,1294,A
5-NP,1210,0,1,1336,0,1337,G
5-NP,1211,0,0,1330,0,1330,G
5-NP,1212,0,1,0,1337,1338,C
5-NP,1213,1,1,0,1334,1336,C
5-NP,1214,1326,0,1,0,1327,A
5-NP,1215,1331,0,2,0,1333,A
5-NP,1216,1330,0,1,0,1331,A
5-NP,1217,1,0,0,1337,1338,C
5-NP,1218,1,0,0,1338,1339,C
5-NP,1219,1286,1,0,0,1287,A
5-NP,1220,3,0,1322,0,1325,G
5-NP,1221,1,1314,0,1,1316,T
5-NP,1222,0,0,1324,0,1324,G
5-NP,1223,0,1321,0,1,1322,T
5-NP,1224,53,0,1262,0,1315,G
5-NP,1225,2,0,0,1316,1318,C
5-NP,1226,1303,0,1,0,1304,A
5-NP,1227,1321,1,3,0,1325,A
5-NP,1228,1,1,0,1322,1324,C
5-NP,1229,1,0,0,1311,1312,C
5-NP,1230,0,1290,0,1,1291,T
5-NP,1231,1288,0,0,0,1288,A
5-NP,1232,0,7,0,1280,1287,C
5-NP,1233,0,1,1289,0,1290,G
5-NP,1234,0,1281,1,3,1285,T
5-NP,1235,0,1289,0,1,1290,T
5-NP,1236,0,1271,0,0,1271,T
5-NP,1237,0,1258,0,0,1258,T
5-NP,1238,1,0,0,1261,1262,C
5-NP,1239,0,1242,0,2,1244,T
5-NP,1240,1,0,1265,0,1266,G
5-NP,1241,1,1260,0,0,1261,T
5-NP,1242,1264,0,3,0,1267,A
5-NP,1243,1,0,0,1271,1272,C
5-NP,1244,1252,0,0,1,1253,A
5-NP,1245,1253,0,1,0,1254,A
5-NP,1246,1248,0,3,0,1251,A
5-NP,1247,1,0,1252,0,1253,G
5-NP,1248,1250,0,0,0,1250,A
5-NP,1249,1216,0,1,0,1217,A
5-NP,1250,1218,0,2,0,1220,A
5-NP,1251,0,0,0,1217,1217,C
5-NP,1252,1,1,0,1197,1199,C
5-NP,1253,1,1189,0,6,1196,T
5-NP,1254,2,0,0,1193,1195,C
5-NP,1255,1,0,0,1197,1198,C
5-NP,1256,1,0,0,1193,1194,C
5-NP,1257,1194,0,1,0,1195,A
5-NP,1258,0,1191,1,2,1194,T
5-NP,1259,0,1189,0,0,1189,T
5-NP,1260,0,1186,0,2,1188,T
5-NP,1261,0,1,1183,1,1185,G
5-NP,1262,1182,0,1,0,1183,A
5-NP,1263,1183,0,0,0,1183,A
5-NP,1264,1181,0,1,0,1182,A
5-NP,1265,1179,0,0,0,1179,A
5-NP,1266,0,0,1192,0,1192,G
5-NP,1267,0,1180,0,1,1181,T
5-NP,1268,2,0,0,1182,1184,C
5-NP,1269,1187,0,0,0,1187,A
5-NP,1270,1185,1,4,0,1190,A
5-NP,1271,1,1,0,1191,1193,C
5-NP,1272,1,0,0,1200,1201,C
5-NP,1273,1200,0,0,0,1200,A
5-NP,1274,0,1204,0,1,1205,T
5-NP,1275,1,1,0,1191,1193,C
5-NP,1276,1186,0,0,0,1186,A
5-NP,1277,0,1190,0,3,1193,T
5-NP,1278,0,0,1191,0,1191,G
5-NP,1279,1,1,1189,0,1191,G
5-NP,1280,1,0,0,1187,1188,C
5-NP,1281,1164,0,0,0,1164,A
5-NP,1282,0,0,1168,0,1168,G
5-NP,1283,0,1,0,1163,1164,C
5-NP,1284,1163,1,0,0,1164,A
5-NP,1285,0,1165,1,1,1167,T
5-NP,1286,0,1157,0,0,1157,T
5-NP,1287,1,0,0,1159,1160,C
5-NP,1288,1160,1,0,0,1161,A
5-NP,1289,0,2,0,1164,1166,C
5-NP,1290,0,1164,1,0,1165,T
5-NP,1291,0,0,1163,0,1163,G
5-NP,1292,0,1,1177,0,1178,G
5-NP,1293,1175,0,1,0,1176,A
5-NP,1294,1172,0,0,0,1172,A
5-NP,1295,1173,0,0,0,1173,A
5-NP,1296,1,1163,0,0,1164,T
5-NP,1297,1166,1,0,1,1168,A
5-NP,1298,0,1,0,1161,1162,C
5-NP,1299,0,2,1150,1,1153,G
5-NP,1300,0,1,1152,0,1153,G
5-NP,1301,1127,0,1,0,1128,A
5-NP,1302,0,0,1138,0,1138,G
5-NP,1303,0,2,1129,0,1131,G
5-NP,1304,0,1,1141,0,1142,G
5-NP,1305,1138,0,3,0,1141,A
5-NP,1306,1134,0,4,0,1138,A
5-NP,1307,0,1,1141,0,1142,G
5-NP,1308,1143,0,0,1,1144,A
5-NP,1309,1141,0,1,0,1142,A
5-NP,1310,0,2,0,1147,1149,C
5-NP,1311,0,1126,0,1,1127,T
5-NP,1312,0,1133,0,0,1133,T
5-NP,1313,0,0,0,1123,1123,C
5-NP,1314,1122,0,3,0,1125,A
5-NP,1315,0,0,1128,0,1128,G
5-NP,1316,1116,0,2,1,1119,A
5-NP,1317,0,0,0,1116,1116,C
5-NP,1318,1110,0,1,0,1111,A
5-NP,1319,0,1082,0,0,1082,T
5-NP,1320,0,1,1079,0,1080,G
5-NP,1321,1060,1,5,0,1066,A
5-NP,1322,0,1,1069,0,1070,G
5-NP,1323,0,4,1060,0,1064,G
5-NP,1324,0,0,1068,0,1068,G
5-NP,1325,0,1,0,1068,1069,C
5-NP,1326,1054,0,2,0,1056,A
5-NP,1327,0,1,1055,0,1056,G
5-NP,1328,1051,1,1,0,1053,A
5-NP,1329,1061,0,0,0,1061,A
5-NP,1330,1063,0,0,0,1063,A
5-NP,1331,0,1053,0,0,1053,T
5-NP,1332,0,0,0,1057,1057,C
5-NP,1333,1054,1,2,0,1057,A
5-NP,1334,0,1053,0,1,1054,T
5-NP,1335,1055,0,1,0,1056,A
5-NP,1336,1046,0,1,0,1047,A
5-NP,1337,0,1,1063,0,1064,G
5-NP,1338,1046,1,0,0,1047,A
5-NP,1339,1053,0,1,0,1054,A
5-NP,1340,0,1036,0,0,1036,T
5-NP,1341,0,1,1029,0,1030,G
5-NP,1342,1029,0,1,0,1030,A
5-NP,1343,0,1026,0,1,1027,T
5-NP,1344,1,3,1024,0,1028,G
5-NP,1345,1,0,1028,0,1029,G
5-NP,1346,1014,0,1,0,1015,A
5-NP,1347,1006,0,1,0,1007,A
5-NP,1348,0,1,985,0,986,G
5-NP,1349,1,1,999,0,1001,G
5-NP,1350,0,980,0,4,984,T
5-NP,1351,0,0,983,0,983,G
5-NP,1352,0,0,0,980,980,C
5-NP,1353,979,1,1,0,981,A
5-NP,1354,979,0,0,0,979,A
5-NP,1355,973,0,3,0,976,A
5-NP,1356,989,0,0,0,989,A
5-NP,1357,1,1,0,985,987,C
5-NP,1358,0,1,0,973,974,C
5-NP,1359,961,0,0,0,961,A
5-NP,1360,0,1,962,0,963,G
5-NP,1361,963,0,1,0,964,A
5-NP,1362,962,0,0,0,962,A
5-NP,1363,0,1,962,0,963,G
5-NP,1364,952,0,2,0,954,A
5-NP,1365,927,0,2,0,929,A
5-NP,1366,0,0,933,0,933,G
5-NP,1367,0,927,0,2,929,T
5-NP,1368,0,2,930,0,932,G
5-NP,1369,0,928,0,0,928,T
5-NP,1370,1,0,0,925,926,C
5-NP,1371,927,0,0,0,927,A
5-NP,1372,1,932,0,1,934,T
5-NP,1373,0,927,0,0,927,T
5-NP,1374,0,0,0,934,934,C
5-NP,1375,2,0,0,913,915,C
5-NP,1376,1,1,913,0,915,G
5-NP,1377,0,1,914,0,915,G
5-NP,1378,1,1,911,0,913,G
5-NP,1379,0,0,914,0,914,G
5-NP,1380,0,1,909,0,910,G
5-NP,1381,877,0,2,0,879,A
5-NP,1382,3,0,878,0,881,G
5-NP,1383,16,3,859,0,878,G
5-NP,1384,0,1,878,0,879,G
5-NP,1385,1,1,878,0,880,G
5-NP,1386,873,0,1,0,874,A
5-NP,1387,0,0,878,0,878,G
5-NP,1388,0,862,0,1,863,T
5-NP,1389,0,858,1,0,859,T
5-NP,1390,0,862,0,0,862,T
5-NP,1391,0,865,0,0,865,T
5-NP,1392,1,0,0,861,862,C
5-NP,1393,0,0,861,0,861,G
5-NP,1394,856,4,0,0,860,A
5-NP,1395,0,0,877,0,877,G
5-NP,1396,1,0,0,875,876,C
5-NP,1397,0,875,0,0,875,T
5-NP,1398,1,0,0,875,876,C
5-NP,1399,0,866,0,1,867,T
5-NP,1400,1,0,0,868,869,C
5-NP,1401,867,0,2,0,869,A
5-NP,1402,0,0,871,0,871,G
5-NP,1403,872,0,1,0,873,A
5-NP,1404,0,1,0,868,869,C
5-NP,1405,0,0,866,0,866,G
5-NP,1406,851,0,2,0,853,A
5-NP,1407,0,0,853,0,853,G
5-NP,1408,844,0,0,1,845,A
5-NP,1409,839,0,0,0,839,A
5-NP,1410,0,0,837,0,837,G
5-NP,1411,1,1,827,0,829,G
5-NP,1412,0,0,0,829,829,C
5-NP,1413,821,0,0,0,821,A
5-NP,1414,820,0,2,0,822,A
5-NP,1415,0,0,0,819,819,C
5-NP,1416,1,0,822,0,823,G
5-NP,1417,823,0,0,0,823,A
5-NP,1418,822,0,2,0,824,A
5-NP,1419,0,0,0,823,823,C
5-NP,1420,0,0,0,819,819,C
5-NP,1421,1,0,0,809,810,C
5-NP,1422,1,1,809,0,811,G
5-NP,1423,810,0,1,0,811,A
5-NP,1424,0,811,0,0,811,T
5-NP,1425,0,0,0,797,797,C
5-NP,1426,1,0,792,0,793,G
5-NP,1427,0,786,0,0,786,T
5-NP,1428,0,0,788,0,788,G
5-NP,1429,0,0,0,790,790,C
5-NP,1430,0,1,0,784,785,C
5-NP,1431,1,0,0,781,782,C
5-NP,1432,0,767,0,1,768,T
5-NP,1433,0,0,0,783,783,C
5-NP,1434,0,777,1,0,778,T
5-NP,1435,0,774,0,1,775,T
5-NP,1436,0,774,0,1,775,T
5-NP,1437,0,767,0,0,767,T
5-NP,1438,0,0,769,0,769,G
5-NP,1439,761,0,0,0,761,A
5-NP,1440,0,758,0,0,758,T
5-NP,1441,755,0,0,0,755,A
5-NP,1442,0,636,0,0,636,T
5-NP,1443,0,0,648,0,648,G
5-NP,1444,638,0,0,0,638,A
5-NP,1445,0,1,642,0,643,G
5-NP,1446,0,643,0,0,643,T
5-NP,1447,623,0,0,0,623,A
5-NP,1448,625,0,0,0,625,A
5-NP,1449,0,619,0,1,620,T
5-NP,1450,0,1,618,0,619,G
5-NP,1451,618,0,0,0,618,A
5-NP,1452,536,0,1,0,537,A
5-NP,1453,0,1,538,0,539,G
5-NP,1454,0,0,508,0,508,G
5-NP,1455,501,0,0,0,501,A
5-NP,1456,0,501,0,0,501,T
5-NP,1457,0,0,0,499,499,C
5-NP,1458,0,495,0,1,496,T
5-NP,1459,0,495,0,0,495,T
5-NP,1460,495,0,0,0,495,A
5-NP,1461,0,494,0,0,494,T
5-NP,1462,0,490,0,0,490,T
5-NP,1463,1,487,0,0,488,T
5-NP,1464,1,0,0,475,476,C
5-NP,1465,0,461,0,0,461,T
5-NP,1466,0,459,1,0,460,T
5-NP,1467,1,0,0,455,456,C
5-NP,1468,0,0,451,0,451,G
5-NP,1469,1,0,449,0,450,G
5-NP,1470,448,0,1,0,449,A
5-NP,1471,0,0,449,0,449,G
5-NP,1472,446,0,1,0,447,A
5-NP,1473,0,0,0,445,445,C
5-NP,1474,423,0,0,0,423,A
5-NP,1475,424,0,0,0,424,A
5-NP,1476,0,424,0,0,424,T
5-NP,1477,0,0,424,0,424,G
5-NP,1478,0,0,0,424,424,C
5-NP,1479,409,0,0,0,409,A
5-NP,1480,0,0,408,0,408,G
5-NP,1481,407,0,0,0,407,A
5-NP,1482,382,0,0,0,382,A
5-NP,1483,0,0,383,0,383,G
5-NP,1484,267,0,2,0,269,A
5-NP,1485,0,0,269,0,269,G
5-NP,1486,0,248,0,0,248,T
5-NP,1487,248,0,0,0,248,A
5-NP,1488,0,0,0,247,247,C
5-NP,1489,0,0,229,0,229,G
5-NP,1490,229,0,2,0,231,A
5-NP,1491,0,0,0,224,224,C
5-NP,1492,170,0,0,0,170,A
5-NP,1493,170,0,0,0,170,A
5-NP,1494,0,139,0,0,139,T
5-NP,1495,0,132,0,0,132,T
5-NP,1496,130,0,0,0,130,A
5-NP,1497,127,0,0,0,127,A
6-NA,1,16,0,0,0,16,A
6-NA,2,0,16,0,0,16,T
6-NA,3,0,0,16,0,16,G
6-NA,4,15,0,1,0,16,A
6-NA,5,18,0,0,0,18,A
6-NA,6,0,18,0,0,18,T
6-NA,7,0,0,0,18,18,C
6-NA,8,0,0,0,18,18,C
6-NA,9,18,0,0,0,18,A
6-NA,10,18,0,0,0,18,A
6-NA,11,18,0,0,0,18,A
6-NA,12,0,19,0,0,19,T
6-NA,13,0,0,0,19,19,C
6-NA,14,19,0,0,0,19,A
6-NA,15,19,0,0,0,19,A
6-NA,16,19,0,0,0,19,A
6-NA,17,19,0,0,0,19,A
6-NA,18,0,0,21,0,21,G
6-NA,19,23,0,0,0,23,A
6-NA,20,0,25,0,0,25,T
6-NA,21,25,0,0,0,25,A
6-NA,22,25,0,0,0,25,A
6-NA,23,0,25,0,0,25,T
6-NA,24,25,0,0,0,25,A
6-NA,25,26,0,0,0,26,A
6-NA,26,0,0,0,26,26,C
6-NA,27,0,0,26,0,26,G
6-NA,28,26,0,0,0,26,A
6-NA,29,0,26,0,0,26,T
6-NA,30,0,26,0,0,26,T
6-NA,31,0,0,27,0,27,G
6-NA,32,0,0,30,0,30,G
6-NA,33,0,0,0,29,29,C
6-NA,34,0,30,0,0,30,T
6-NA,35,0,0,0,32,32,C
6-NA,36,0,32,0,0,32,T
6-NA,37,0,0,34,0,34,G
6-NA,38,0,34,0,0,34,T
6-NA,39,0,35,0,0,35,T
6-NA,40,0,35,0,0,35,T
6-NA,41,0,0,0,36,36,C
6-NA,42,0,36,0,0,36,T
6-NA,43,0,0,0,36,36,C
6-NA,44,0,36,0,0,36,T
6-NA,45,0,0,0,37,37,C
6-NA,46,36,0,1,0,37,A
6-NA,47,0,0,0,39,39,C
6-NA,48,0,0,0,39,39,C
6-NA,49,38,0,0,0,38,A
6-NA,50,0,41,0,0,41,T
6-NA,51,0,45,0,0,45,T
6-NA,52,0,46,0,0,46,T
6-NA,53,0,0,0,46,46,C
6-NA,54,0,0,0,46,46,C
6-NA,55,46,0,0,0,46,A
6-NA,56,0,0,0,49,49,C
6-NA,57,48,0,0,0,48,A
6-NA,58,53,0,0,0,53,A
6-NA,59,0,53,0,0,53,T
6-NA,60,57,0,0,0,57,A
6-NA,61,0,57,0,0,57,T
6-NA,62,0,0,57,0,57,G
6-NA,63,0,0,0,57,57,C
6-NA,64,0,57,0,0,57,T
6-NA,65,0,57,0,0,57,T
6-NA,66,2,0,0,55,57,C
6-NA,67,0,56,0,0,56,T
6-NA,68,0,56,0,0,56,T
6-NA,69,0,0,0,56,56,C
6-NA,70,56,0,0,0,56,A
6-NA,71,0,56,0,0,56,T
6-NA,72,0,0,56,0,56,G
6-NA,73,0,0,0,56,56,C
6-NA,74,56,0,0,0,56,A
6-NA,75,55,0,1,0,56,A
6-NA,76,56,0,0,0,56,A
6-NA,77,0,55,0,0,55,T
6-NA,78,0,56,0,0,56,T
6-NA,79,0,0,56,0,56,G
6-NA,80,0,0,0,56,56,C
6-NA,81,0,0,0,56,56,C
6-NA,82,57,0,0,0,57,A
6-NA,83,0,57,0,0,57,T
6-NA,84,0,0,0,63,63,C
6-NA,85,0,62,0,0,62,T
6-NA,86,0,62,0,0,62,T
6-NA,87,0,0,64,0,64,G
6-NA,88,63,0,0,1,64,A
6-NA,89,0,65,0,0,65,T
6-NA,90,65,0,0,0,65,A
6-NA,91,65,0,0,0,65,A
6-NA,92,0,0,0,70,70,C
6-NA,93,0,71,0,0,71,T
6-NA,94,71,0,0,0,71,A
6-NA,95,0,0,0,75,75,C
6-NA,96,0,74,0,0,74,T
6-NA,97,0,0,76,0,76,G
6-NA,98,0,76,0,0,76,T
6-NA,99,75,0,0,0,75,A
6-NA,100,76,0,0,0,76,A
6-NA,101,0,0,0,75,75,C
6-NA,102,75,0,0,0,75,A
6-NA,103,0,75,0,0,75,T
6-NA,104,0,73,0,0,73,T
6-NA,105,0,0,73,0,73,G
6-NA,106,0,0,0,74,74,C
6-NA,107,76,0,0,0,76,A
6-NA,108,0,76,0,0,76,T
6-NA,109,0,75,0,0,75,T
6-NA,110,0,75,0,0,75,T
6-NA,111,0,0,0,75,75,C
6-NA,112,75,0,0,0,75,A
6-NA,113,75,0,0,0,75,A
6-NA,114,0,0,75,0,75,G
6-NA,115,0,0,0,76,76,C
6-NA,116,76,0,0,0,76,A
6-NA,117,77,0,0,0,77,A
6-NA,118,0,80,0,0,80,T
6-NA,119,79,0,0,0,79,A
6-NA,120,0,80,0,0,80,T
6-NA,121,0,0,81,0,81,G
6-NA,122,81,0,0,0,81,A
6-NA,123,81,0,0,0,81,A
6-NA,124,0,82,0,0,82,T
6-NA,125,0,82,0,0,82,T
6-NA,126,0,0,0,82,82,C
6-NA,127,82,0,0,0,82,A
6-NA,128,83,0,0,0,83,A
6-NA,129,0,0,0,83,83,C
6-NA,130,0,83,0,0,83,T
6-NA,131,0,0,0,85,85,C
6-NA,132,0,0,0,82,82,C
6-NA,133,0,0,0,84,84,C
6-NA,134,0,0,0,86,86,C
6-NA,135,0,1,0,85,86,C
6-NA,136,0,0,0,86,86,C
6-NA,137,0,0,0,86,86,C
6-NA,138,86,0,0,0,86,A
6-NA,139,86,0,0,0,86,A
6-NA,140,86,0,0,0,86,A
6-NA,141,0,0,0,89,89,C
6-NA,142,89,0,0,0,89,A
6-NA,143,90,0,0,0,90,A
6-NA,144,0,0,0,90,90,C
6-NA,145,1,0,0,88,89,C
6-NA,146,92,0,0,0,92,A
6-NA,147,92,0,0,0,92,A
6-NA,148,0,0,95,0,95,G
6-NA,149,0,95,0,0,95,T
6-NA,150,1,0,94,0,95,G
6-NA,151,98,0,0,0,98,A
6-NA,152,0,99,0,0,99,T
6-NA,153,0,0,100,0,100,G
6-NA,154,0,0,0,100,100,C
6-NA,155,0,100,0,0,100,T
6-NA,156,0,0,106,0,106,G
6-NA,157,0,103,0,1,104,T
6-NA,158,0,0,105,0,105,G
6-NA,159,0,105,0,0,105,T
6-NA,160,0,0,105,0,105,G
6-NA,161,105,0,0,0,105,A
6-NA,162,106,0,0,0,106,A
6-NA,163,0,0,0,105,105,C
6-NA,164,0,0,0,106,106,C
6-NA,165,104,0,0,0,104,A
6-NA,166,104,0,0,0,104,A
6-NA,167,0,0,0,111,111,C
6-NA,168,109,0,0,0,109,A
6-NA,169,108,0,0,0,108,A
6-NA,170,0,109,0,0,109,T
6-NA,171,110,0,0,0,110,A
6-NA,172,110,0,0,0,110,A
6-NA,173,0,110,0,0,110,T
6-NA,174,110,0,0,0,110,A
6-NA,175,0,0,111,0,111,G
6-NA,176,110,0,0,0,110,A
6-NA,177,110,0,0,0,110,A
6-NA,178,109,0,1,0,110,A
6-NA,179,0,0,111,0,111,G
6-NA,180,112,0,0,0,112,A
6-NA,181,111,0,0,0,111,A
6-NA,182,115,0,1,0,116,A
6-NA,183,0,0,0,116,116,C
6-NA,184,116,0,0,0,116,A
6-NA,185,0,117,0,0,117,T
6-NA,186,118,0,0,0,118,A
6-NA,187,118,0,0,0,118,A
6-NA,188,0,0,0,119,119,C
6-NA,189,118,0,0,0,118,A
6-NA,190,0,1,120,0,121,G
6-NA,191,118,0,0,0,118,A
6-NA,192,0,1,118,0,119,G
6-NA,193,120,0,0,0,120,A
6-NA,194,0,126,0,0,126,T
6-NA,195,128,0,0,0,128,A
6-NA,196,0,0,132,0,132,G
6-NA,197,0,130,0,0,130,T
6-NA,198,0,0,135,0,135,G
6-NA,199,0,138,0,0,138,T
6-NA,200,137,0,0,0,137,A
6-NA,201,0,137,0,0,137,T
6-NA,202,0,0,0,138,138,C
6-NA,203,0,134,0,0,134,T
6-NA,204,0,0,140,0,140,G
6-NA,205,138,0,1,0,139,A
6-NA,206,0,0,0,140,140,C
6-NA,207,1,0,0,139,140,C
6-NA,208,139,0,0,1,140,A
6-NA,209,140,0,0,0,140,A
6-NA,210,0,0,0,144,144,C
6-NA,211,143,0,1,0,144,A
6-NA,212,0,0,0,150,150,C
6-NA,213,0,0,0,150,150,C
6-NA,214,154,0,1,0,155,A
6-NA,215,0,0,0,161,161,C
6-NA,216,0,0,0,161,161,C
6-NA,217,160,0,1,0,161,A
6-NA,218,0,160,0,0,160,T
6-NA,219,158,0,0,0,158,A
6-NA,220,0,1,157,0,158,G
6-NA,221,156,0,0,0,156,A
6-NA,222,0,0,159,0,159,G
6-NA,223,157,0,0,0,157,A
6-NA,224,154,0,0,0,154,A
6-NA,225,0,0,156,0,156,G
6-NA,226,0,1,155,0,156,G
6-NA,227,154,0,0,0,154,A
6-NA,228,156,0,0,0,156,A
6-NA,229,157,0,0,0,157,A
6-NA,230,0,155,0,1,156,T
6-NA,231,154,0,0,0,154,A
6-NA,232,0,154,0,0,154,T
6-NA,233,0,0,154,0,154,G
6-NA,234,0,2,0,152,154,C
6-NA,235,1,0,0,149,150,C
6-NA,236,0,0,0,154,154,C
6-NA,237,0,0,0,155,155,C
6-NA,238,155,0,0,0,155,A
6-NA,239,155,0,0,0,155,A
6-NA,240,155,0,0,0,155,A
6-NA,241,0,154,0,0,154,T
6-NA,242,0,156,0,1,157,T
6-NA,243,156,0,2,0,158,A
6-NA,244,0,0,157,0,157,G
6-NA,245,0,1,0,157,158,C
6-NA,246,157,0,0,0,157,A
6-NA,247,0,0,159,0,159,G
6-NA,248,155,0,0,0,155,A
6-NA,249,157,0,0,0,157,A
6-NA,250,0,157,0,0,157,T
6-NA,251,157,0,0,0,157,A
6-NA,252,0,0,0,157,157,C
6-NA,253,157,0,0,0,157,A
6-NA,254,0,0,155,0,155,G
6-NA,255,158,0,0,0,158,A
6-NA,256,158,0,0,0,158,A
6-NA,257,158,0,0,0,158,A
6-NA,258,0,151,0,1,152,T
6-NA,259,0,152,0,0,152,T
6-NA,260,0,0,153,0,153,G
6-NA,261,0,0,152,0,152,G
6-NA,262,0,153,0,0,153,T
6-NA,263,1,0,0,151,152,C
6-NA,264,153,0,0,0,153,A
6-NA,265,154,0,0,0,154,A
6-NA,266,154,0,0,0,154,A
6-NA,267,0,0,154,0,154,G
6-NA,268,0,0,0,153,153,C
6-NA,269,0,0,0,153,153,C
6-NA,270,0,0,153,0,153,G
6-NA,271,0,0,0,155,155,C
6-NA,272,155,0,1,0,156,A
6-NA,273,156,0,1,0,157,A
6-NA,274,0,155,0,0,155,T
6-NA,275,0,0,156,0,156,G
6-NA,276,0,0,0,156,156,C
6-NA,277,0,0,156,0,156,G
6-NA,278,163,0,0,0,163,A
6-NA,279,0,0,0,163,163,C
6-NA,280,165,0,0,0,165,A
6-NA,281,1,165,0,0,166,T
6-NA,282,0,166,0,0,166,T
6-NA,283,166,0,0,0,166,A
6-NA,284,0,0,0,166,166,C
6-NA,285,165,0,1,0,166,A
6-NA,286,0,0,166,0,166,G
6-NA,287,0,0,167,0,167,G
6-NA,288,167,0,0,0,167,A
6-NA,289,0,164,0,0,164,T
6-NA,290,0,165,0,0,165,T
6-NA,291,0,166,0,0,166,T
6-NA,292,0,0,167,0,167,G
6-NA,293,0,0,0,167,167,C
6-NA,294,167,0,0,0,167,A
6-NA,295,0,0,0,167,167,C
6-NA,296,0,0,0,167,167,C
6-NA,297,0,167,0,0,167,T
6-NA,298,0,167,0,0,167,T
6-NA,299,0,170,0,0,170,T
6-NA,300,0,170,0,0,170,T
6-NA,301,0,172,0,0,172,T
6-NA,302,0,0,0,172,172,C
6-NA,303,0,172,0,0,172,T
6-NA,304,172,0,0,0,172,A
6-NA,305,169,0,1,1,171,A
6-NA,306,0,1,171,0,172,G
6-NA,307,0,0,171,0,171,G
6-NA,308,171,0,0,0,171,A
6-NA,309,0,0,0,172,172,C
6-NA,310,170,0,0,0,170,A
6-NA,311,170,0,0,0,170,A
6-NA,312,0,169,0,0,169,T
6-NA,313,0,170,0,0,170,T
6-NA,314,1,0,0,173,174,C
6-NA,315,0,1,175,0,176,G
6-NA,316,176,0,0,0,176,A
6-NA,317,0,174,0,0,174,T
6-NA,318,0,173,0,0,173,T
6-NA,319,173,0,0,0,173,A
6-NA,320,0,0,174,0,174,G
6-NA,321,0,0,171,0,171,G
6-NA,322,0,0,0,174,174,C
6-NA,323,0,171,0,0,171,T
6-NA,324,0,170,1,0,171,T
6-NA,325,1,170,0,0,171,T
6-NA,326,0,0,0,171,171,C
6-NA,327,0,0,0,171,171,C
6-NA,328,0,0,171,0,171,G
6-NA,329,0,0,0,171,171,C
6-NA,330,1,169,0,0,170,T
6-NA,331,0,0,171,0,171,G
6-NA,332,0,0,172,0,172,G
6-NA,333,0,170,0,0,170,T
6-NA,334,0,1,170,0,171,G
6-NA,335,0,1,170,0,171,G
6-NA,336,0,0,170,0,170,G
6-NA,337,0,0,171,0,171,G
6-NA,338,170,0,0,0,170,A
6-NA,339,0,0,0,169,169,C
6-NA,340,168,0,0,0,168,A
6-NA,341,0,167,0,0,167,T
6-NA,342,0,0,0,168,168,C
6-NA,343,0,167,0,0,167,T
6-NA,344,0,0,168,0,168,G
6-NA,345,0,0,168,0,168,G
6-NA,346,0,0,168,0,168,G
6-NA,347,0,167,0,2,169,T
6-NA,348,0,0,169,0,169,G
6-NA,349,168,0,0,0,168,A
6-NA,350,0,0,0,171,171,C
6-NA,351,172,0,0,0,172,A
6-NA,352,206,0,1,0,207,A
6-NA,353,0,0,219,0,219,G
6-NA,354,218,0,0,0,218,A
6-NA,355,0,0,259,0,259,G
6-NA,356,280,0,0,0,280,A
6-NA,357,362,0,1,0,363,A
6-NA,358,0,0,0,609,609,C
6-NA,359,0,0,0,711,711,C
6-NA,360,0,712,0,1,713,T
6-NA,361,0,725,0,1,726,T
6-NA,362,729,0,0,0,729,A
6-NA,363,0,734,0,2,736,T
6-NA,364,0,0,824,1,825,G
6-NA,365,0,840,0,0,840,T
6-NA,366,0,0,887,0,887,G
6-NA,367,0,886,0,0,886,T
6-NA,368,1,0,0,884,885,C
6-NA,369,894,1,2,18,915,A
6-NA,370,0,917,0,0,917,T
6-NA,371,1,2,913,0,916,G
6-NA,372,0,1,0,918,919,C
6-NA,373,0,2,914,0,916,G
6-NA,374,1125,0,3,0,1128,A
6-NA,375,0,1131,0,2,1133,T
6-NA,376,0,0,0,1170,1170,C
6-NA,377,0,0,0,1170,1170,C
6-NA,378,1,1208,1,1,1211,T
6-NA,379,0,1,1232,0,1233,G
6-NA,380,1229,1,2,0,1232,A
6-NA,381,1,1,0,1233,1235,C
6-NA,382,1230,0,3,0,1233,A
6-NA,383,1231,0,0,1,1232,A
6-NA,384,0,1,1314,0,1315,G
6-NA,385,0,1313,0,0,1313,T
6-NA,386,0,0,1337,0,1337,G
6-NA,387,0,1340,0,4,1344,T
6-NA,388,0,1345,0,1,1346,T
6-NA,389,1349,0,2,0,1351,A
6-NA,390,1,1346,0,5,1352,T
6-NA,391,1,0,0,1384,1385,C
6-NA,392,1387,0,0,0,1387,A
6-NA,393,1387,0,0,0,1387,A
6-NA,394,0,1385,0,2,1387,T
6-NA,395,0,1384,1,2,1387,T
6-NA,396,0,1386,0,1,1387,T
6-NA,397,0,1,1399,0,1400,G
6-NA,398,0,0,0,1495,1495,C
6-NA,399,1,0,0,1492,1493,C
6-NA,400,4,0,0,1499,1503,C
6-NA,401,0,1492,1,3,1496,T
6-NA,402,0,1503,0,0,1503,T
6-NA,403,0,2,1541,0,1543,G
6-NA,404,1,1,1546,0,1548,G
6-NA,405,1561,0,3,0,1564,A
6-NA,406,0,0,0,1563,1563,C
6-NA,407,1536,0,5,0,1541,A
6-NA,408,1,2,1594,0,1597,G
6-NA,409,1,2,1592,0,1595,G
6-NA,410,1,2,1667,0,1670,G
6-NA,411,1666,0,2,1,1669,A
6-NA,412,1658,1,7,0,1666,A
6-NA,413,1,1,0,1673,1675,C
6-NA,414,1668,0,3,0,1671,A
6-NA,415,1864,0,2,0,1866,A
6-NA,416,0,0,1,1908,1909,C
6-NA,417,1911,1,0,0,1912,A
6-NA,418,0,0,0,1937,1937,C
6-NA,419,0,1922,0,2,1924,T
6-NA,420,1954,0,2,0,1956,A
6-NA,421,1959,0,1,0,1960,A
6-NA,422,1957,0,6,0,1963,A
6-NA,423,2,0,0,1962,1964,C
6-NA,424,1923,0,1,0,1924,A
6-NA,425,1924,0,4,0,1928,A
6-NA,426,0,0,1,1929,1930,C
6-NA,427,0,0,1931,0,1931,G
6-NA,428,1,1928,0,1,1930,T
6-NA,429,0,0,1925,0,1925,G
6-NA,430,0,0,1,1938,1939,C
6-NA,431,1942,0,0,0,1942,A
6-NA,432,0,1950,0,0,1950,T
6-NA,433,0,1954,0,1,1955,T
6-NA,434,2,0,0,1987,1989,C
6-NA,435,2037,0,0,0,2037,A
6-NA,436,2051,0,0,0,2051,A
6-NA,437,2061,0,2,0,2063,A
6-NA,438,0,2064,0,4,2068,T
6-NA,439,1,2,2069,0,2072,G
6-NA,440,2111,2,2,0,2115,A
6-NA,441,0,2,0,2119,2121,C
6-NA,442,2123,0,2,1,2126,A
6-NA,443,0,2,0,2153,2155,C
6-NA,444,2130,0,4,1,2135,A
6-NA,445,1,3,2726,0,2730,G
6-NA,446,0,2735,0,1,2736,T
6-NA,447,2789,0,6,1,2796,A
6-NA,448,2,1,0,2807,2810,C
6-NA,449,4,1,2803,0,2808,G
6-NA,450,1,2934,0,4,2939,T
6-NA,451,0,2,2949,0,2951,G
6-NA,452,2960,1,4,0,2965,A
6-NA,453,0,2975,0,1,2976,T
6-NA,454,2843,1,1,0,2845,A
6-NA,455,2,7,2834,0,2843,G
6-NA,456,0,3,2834,0,2837,G
6-NA,457,2844,0,4,0,2848,A
6-NA,458,1,0,0,2884,2885,C
6-NA,459,1,7,1,2851,2860,C
6-NA,460,2,0,0,2898,2900,C
6-NA,461,6,2,0,2915,2923,C
6-NA,462,0,2943,0,4,2947,T
6-NA,463,0,2985,0,2,2987,T
6-NA,464,3004,2,1,0,3007,A
6-NA,465,0,3013,0,1,3014,T
6-NA,466,5,3,0,3002,3010,C
6-NA,467,5,1,2997,1,3004,G
6-NA,468,0,5,3007,0,3012,G
6-NA,469,3008,0,2,0,3010,A
6-NA,470,1,2,0,3043,3046,C
6-NA,471,2,1,1,3041,3045,C
6-NA,472,4,0,0,3191,3195,C
6-NA,473,0,3204,0,2,3206,T
6-NA,474,3257,1,2,0,3260,A
6-NA,475,0,3257,0,5,3262,T
6-NA,476,0,3263,0,3,3266,T
6-NA,477,4,2,3267,0,3273,G
6-NA,478,3271,0,8,0,3279,A
6-NA,479,0,3267,0,1,3268,T
6-NA,480,0,2,3279,0,3281,G
6-NA,481,3220,0,2,0,3222,A
6-NA,482,3208,0,3,1,3212,A
6-NA,483,0,3224,0,0,3224,T
6-NA,484,0,5,3282,0,3287,G
6-NA,485,3325,1,6,0,3332,A
6-NA,486,0,1,3362,0,3363,G
6-NA,487,0,3360,1,3,3364,T
6-NA,488,0,3362,0,0,3362,T
6-NA,489,3371,1,3,0,3375,A
6-NA,490,1,12,3365,0,3378,G
6-NA,491,0,1,3382,0,3383,G
6-NA,492,2,3385,0,1,3388,T
6-NA,493,2,1,3391,0,3394,G
6-NA,494,0,3372,0,6,3378,T
6-NA,495,0,3369,0,8,3377,T
6-NA,496,3,2,0,3397,3402,C
6-NA,497,3,0,0,3423,3426,C
6-NA,498,1,3410,1,7,3419,T
6-NA,499,0,3421,2,3,3426,T
6-NA,500,0,3419,0,10,3429,T
6-NA,501,0,3431,0,4,3435,T
6-NA,502,2,1,1,3446,3450,C
6-NA,503,3449,0,2,0,3451,A
6-NA,504,0,3529,0,5,3534,T
6-NA,505,3,0,1,3528,3532,C
6-NA,506,1,3490,0,10,3501,T
6-NA,507,1,5,3500,0,3506,G
6-NA,508,2,10,3478,0,3490,G
6-NA,509,0,3,3486,1,3490,G
6-NA,510,2,7,3524,0,3533,G
6-NA,511,3524,1,9,1,3535,A
6-NA,512,1,0,0,3577,3578,C
6-NA,513,1,3,1,3555,3560,C
6-NA,514,3589,0,2,2,3593,A
6-NA,515,3596,1,4,0,3601,A
6-NA,516,21,2,3571,0,3594,G
6-NA,517,0,1,0,3614,3615,C
6-NA,518,3604,0,1,0,3605,A
6-NA,519,3649,0,5,0,3654,A
6-NA,520,2,0,3664,0,3666,G
6-NA,521,0,3650,0,3,3653,T
6-NA,522,2,1,3734,0,3737,G
6-NA,523,1,3720,0,5,3726,T
6-NA,524,3,1,3820,0,3824,G
6-NA,525,1,0,0,3830,3831,C
6-NA,526,3826,1,2,2,3831,A
6-NA,527,0,3865,0,3,3868,T
6-NA,528,3823,1,2,1,3827,A
6-NA,529,2,0,3936,0,3938,G
6-NA,530,1,2,0,3927,3930,C
6-NA,531,3878,0,4,1,3883,A
6-NA,532,1,3872,1,9,3883,T
6-NA,533,2,5,3822,0,3829,G
6-NA,534,1,2,3995,0,3998,G
6-NA,535,1,4006,0,7,4014,T
6-NA,536,5,0,0,3991,3996,C
6-NA,537,1,0,0,4008,4009,C
6-NA,538,4004,0,0,0,4004,A
6-NA,539,4,0,4089,0,4093,G
6-NA,540,0,1,0,4101,4102,C
6-NA,541,0,4086,0,9,4095,T
6-NA,542,1,0,0,4102,4103,C
6-NA,543,4033,0,2,0,4035,A
6-NA,544,4072,0,4,1,4077,A
6-NA,545,2,1,4084,0,4087,G
6-NA,546,1,4093,0,2,4096,T
6-NA,547,1,4090,1,4,4096,T
6-NA,548,2,3,4082,1,4088,G
6-NA,549,2,4086,0,5,4093,T
6-NA,550,4,0,0,4078,4082,C
6-NA,551,4081,1,7,1,4090,A
6-NA,552,1,0,0,4106,4107,C
6-NA,553,2,1,4104,0,4107,G
6-NA,554,4175,0,6,1,4182,A
6-NA,555,0,4190,0,2,4192,T
6-NA,556,1,4,4241,0,4246,G
6-NA,557,0,2,4246,0,4248,G
6-NA,558,4249,2,8,0,4259,A
6-NA,559,4255,0,8,1,4264,A
6-NA,560,4289,1,4,0,4294,A
6-NA,561,4295,2,10,0,4307,A
6-NA,562,0,2,4343,0,4345,G
6-NA,563,2,0,0,4330,4332,C
6-NA,564,4331,1,5,0,4337,A
6-NA,565,0,4322,0,7,4329,T
6-NA,566,3,4,4360,0,4367,G
6-NA,567,7,0,4372,0,4379,G
6-NA,568,0,0,0,4406,4406,C
6-NA,569,0,4385,0,6,4391,T
6-NA,570,3,1,4406,0,4410,G
6-NA,571,1,0,0,4394,4395,C
6-NA,572,4402,1,3,0,4406,A
6-NA,573,1,4539,0,7,4547,T
6-NA,574,0,2,4554,0,4556,G
6-NA,575,2,4581,0,4,4587,T
6-NA,576,1,4665,1,6,4673,T
6-NA,577,1,4666,0,4,4671,T
6-NA,578,3,0,4900,0,4903,G
6-NA,579,0,4883,0,9,4892,T
6-NA,580,4901,0,3,0,4904,A
6-NA,581,2,4918,0,1,4921,T
6-NA,582,4879,0,3,0,4882,A
6-NA,583,4893,0,3,3,4899,A
6-NA,584,0,3,0,4867,4870,C
6-NA,585,2,6,4820,0,4828,G
6-NA,586,2,9,4823,0,4834,G
6-NA,587,2,7,4754,0,4763,G
6-NA,588,3,4,4771,1,4779,G
6-NA,589,0,1,4784,0,4785,G
6-NA,590,4762,0,12,1,4775,A
6-NA,591,1,4771,1,5,4778,T
6-NA,592,0,2,4804,0,4806,G
6-NA,593,4828,1,8,0,4837,A
6-NA,594,1,4853,0,4,4858,T
6-NA,595,4834,0,1,0,4835,A
6-NA,596,4877,0,2,1,4880,A
6-NA,597,4882,0,3,1,4886,A
6-NA,598,4881,0,4,2,4887,A
6-NA,599,4889,1,2,1,4893,A
6-NA,600,0,4890,0,1,4891,T
6-NA,601,2,2,4895,0,4899,G
6-NA,602,1,2,0,4878,4881,C
6-NA,603,4878,0,7,0,4885,A
6-NA,604,4880,1,3,0,4884,A
6-NA,605,1,0,0,4927,4928,C
6-NA,606,2,4902,0,6,4910,T
6-NA,607,1,2,4923,0,4926,G
6-NA,608,1,1,0,4915,4917,C
6-NA,609,2,4922,0,3,4927,T
6-NA,610,4918,1,7,0,4926,A
6-NA,611,1,1,4932,0,4934,G
6-NA,612,2,0,0,4974,4976,C
6-NA,613,4,4960,0,6,4970,T
6-NA,614,0,4939,0,5,4944,T
6-NA,615,2,1,0,4991,4994,C
6-NA,616,5006,1,1,0,5008,A
6-NA,617,0,5018,0,3,5021,T
6-NA,618,0,5006,0,1,5007,T
6-NA,619,0,5040,0,1,5041,T
6-NA,620,5056,1,3,0,5060,A
6-NA,621,3,1,0,5093,5097,C
6-NA,622,5078,1,1,0,5080,A
6-NA,623,5106,3,8,0,5117,A
6-NA,624,1,5088,0,5,5094,T
6-NA,625,2,11,5071,1,5085,G
6-NA,626,1,6,5076,0,5083,G
6-NA,627,7,4,5061,1,5073,G
6-NA,628,5044,0,8,0,5052,A
6-NA,629,0,5,5132,1,5138,G
6-NA,630,9,1,5165,1,5176,G
6-NA,631,1,2,0,5421,5424,C
6-NA,632,0,5404,0,12,5416,T
6-NA,633,0,5472,0,5,5477,T
6-NA,634,0,0,5518,0,5518,G
6-NA,635,2,5515,2,2,5521,T
6-NA,636,5596,0,6,1,5603,A
6-NA,637,1,3,5621,0,5625,G
6-NA,638,5542,3,8,0,5553,A
6-NA,639,3,5553,0,3,5559,T
6-NA,640,5214,0,5,0,5219,A
6-NA,641,1,1,5227,0,5229,G
6-NA,642,2,5175,0,6,5183,T
6-NA,643,2,0,5100,0,5102,G
6-NA,644,0,5289,0,5,5294,T
6-NA,645,1,5288,0,6,5295,T
6-NA,646,2,1,5369,0,5372,G
6-NA,647,0,5350,2,6,5358,T
6-NA,648,2,5349,1,4,5356,T
6-NA,649,0,5346,0,15,5361,T
6-NA,650,3,1,0,5282,5286,C
6-NA,651,5278,1,2,0,5281,A
6-NA,652,1,5255,1,1,5258,T
6-NA,653,0,4,5262,0,5266,G
6-NA,654,2,2,5533,0,5537,G
6-NA,655,0,5504,0,5,5509,T
6-NA,656,4,1,0,5491,5496,C
6-NA,657,5,4,1,5486,5496,C
6-NA,658,5520,0,4,1,5525,A
6-NA,659,5550,0,1,0,5551,A
6-NA,660,5548,1,4,0,5553,A
6-NA,661,2,3,5583,0,5588,G
6-NA,662,5557,2,9,1,5569,A
6-NA,663,5415,0,8,0,5423,A
6-NA,664,5427,0,6,1,5434,A
6-NA,665,2,5420,1,2,5425,T
6-NA,666,1,3,0,5564,5568,C
6-NA,667,2,3,0,5563,5568,C
6-NA,668,0,5545,2,11,5558,T
6-NA,669,5,1,0,5555,5561,C
6-NA,670,5541,0,15,1,5557,A
6-NA,671,1,2,5583,1,5587,G
6-NA,672,0,4,5574,0,5578,G
6-NA,673,5658,1,10,0,5669,A
6-NA,674,3,5,0,5654,5662,C
6-NA,675,9,1,1,5577,5588,C
6-NA,676,5,0,0,5583,5588,C
6-NA,677,5593,3,4,4,5604,A
6-NA,678,2,2,5602,0,5606,G
6-NA,679,1,2,5611,0,5614,G
6-NA,680,5583,1,8,1,5593,A
6-NA,681,3,1,5648,1,5653,G
6-NA,682,2,5545,1,11,5559,T
6-NA,683,4,3,0,5564,5571,C
6-NA,684,5556,0,10,1,5567,A
6-NA,685,1,5,5592,0,5598,G
6-NA,686,5578,1,12,0,5591,A
6-NA,687,5568,0,15,1,5584,A
6-NA,688,1,5569,0,5,5575,T
6-NA,689,0,2,5587,0,5589,G
6-NA,690,1,0,1,5557,5559,C
6-NA,691,11,0,5589,0,5600,G
6-NA,692,4,5577,1,3,5585,T
6-NA,693,0,5592,0,3,5595,T
6-NA,694,1,5563,0,1,5565,T
6-NA,695,0,4,5600,0,5604,G
6-NA,696,0,5614,0,7,5621,T
6-NA,697,5623,0,2,0,5625,A
6-NA,698,0,5582,1,12,5595,T
6-NA,699,2,0,0,5589,5591,C
6-NA,700,5577,1,0,0,5578,A
6-NA,701,5580,0,4,0,5584,A
6-NA,702,1,5586,0,0,5587,T
6-NA,703,2,8,5571,0,5581,G
6-NA,704,0,9,5572,2,5583,G
6-NA,705,5647,0,5,0,5652,A
6-NA,706,5648,0,8,0,5656,A
6-NA,707,2,3,0,5698,5703,C
6-NA,708,1,5703,0,10,5714,T
6-NA,709,0,5712,0,1,5713,T
6-NA,710,0,0,5887,0,5887,G
6-NA,711,1,5866,0,20,5887,T
6-NA,712,5876,0,10,0,5886,A
6-NA,713,0,1,0,5947,5948,C
6-NA,714,5820,2,5,0,5827,A
6-NA,715,3,1,6144,0,6148,G
6-NA,716,2,6096,1,10,6109,T
6-NA,717,6322,0,3,0,6325,A
6-NA,718,3,2,6352,0,6357,G
6-NA,719,1,6247,0,3,6251,T
6-NA,720,6256,0,1,0,6257,A
6-NA,721,6246,1,5,0,6252,A
6-NA,722,0,6210,0,5,6215,T
6-NA,723,1,16,6222,0,6239,G
6-NA,724,6083,0,2,0,6085,A
6-NA,725,0,1,0,6151,6152,C
6-NA,726,0,5990,1,6,5997,T
6-NA,727,1,2,6007,0,6010,G
6-NA,728,5993,3,12,0,6008,A
6-NA,729,1,6021,0,5,6027,T
6-NA,730,2,11,6018,0,6031,G
6-NA,731,4,11,5998,0,6013,G
6-NA,732,4,6,6000,0,6010,G
6-NA,733,5919,2,7,0,5928,A
6-NA,734,1,1,5929,0,5931,G
6-NA,735,2,5897,0,8,5907,T
6-NA,736,0,3,5914,1,5918,G
6-NA,737,0,1,0,5912,5913,C
6-NA,738,0,5883,0,6,5889,T
6-NA,739,0,5887,0,2,5889,T
6-NA,740,2,3,0,5878,5883,C
6-NA,741,3,9,5850,0,5862,G
6-NA,742,4,1,5897,0,5902,G
6-NA,743,3,6,5893,1,5903,G
6-NA,744,5890,1,7,0,5898,A
6-NA,745,5862,1,3,0,5866,A
6-NA,746,5844,0,2,0,5846,A
6-NA,747,5863,1,10,0,5874,A
6-NA,748,2,1,5902,0,5905,G
6-NA,749,1,1,0,5895,5897,C
6-NA,750,1,5856,0,5,5862,T
6-NA,751,1,2,5864,0,5867,G
6-NA,752,5845,1,14,0,5860,A
6-NA,753,2,5910,0,5,5917,T
6-NA,754,5929,0,3,0,5932,A
6-NA,755,3,1,0,6166,6170,C
6-NA,756,0,6121,1,4,6126,T
6-NA,757,6116,1,0,0,6117,A
6-NA,758,6109,0,4,0,6113,A
6-NA,759,6109,0,0,2,6111,A
6-NA,760,6211,0,9,0,6220,A
6-NA,761,1,6220,0,1,6222,T
6-NA,762,6214,0,5,0,6219,A
6-NA,763,1,2,0,6254,6257,C
6-NA,764,0,6019,0,7,6026,T
6-NA,765,6090,1,0,1,6092,A
6-NA,766,2,6041,1,18,6062,T
6-NA,767,1,6461,1,6,6469,T
6-NA,768,5,1,0,6523,6529,C
6-NA,769,6437,1,3,0,6441,A
6-NA,770,2,6416,0,6,6424,T
6-NA,771,1,6420,0,6,6427,T
6-NA,772,6339,0,6,0,6345,A
6-NA,773,6359,0,5,1,6365,A
6-NA,774,1,3,6392,0,6396,G
6-NA,775,0,2,6394,0,6396,G
6-NA,776,5956,1,16,0,5973,A
6-NA,777,7,7,6023,0,6037,G
6-NA,778,2,13,6032,0,6047,G
6-NA,779,2,3,6036,0,6041,G
6-NA,780,5,4,6044,0,6053,G
6-NA,781,6022,0,13,0,6035,A
6-NA,782,6044,0,17,1,6062,A
6-NA,783,6022,1,5,2,6030,A
6-NA,784,6005,1,9,0,6015,A
6-NA,785,0,6012,0,1,6013,T
6-NA,786,7,0,1,5987,5995,C
6-NA,787,6,2,6037,0,6045,G
6-NA,788,0,6033,0,2,6035,T
6-NA,789,2,6025,0,6,6033,T
6-NA,790,8,3,0,6024,6035,C
6-NA,791,6037,0,3,0,6040,A
6-NA,792,2,6388,1,2,6393,T
6-NA,793,6388,0,2,0,6390,A
6-NA,794,1,2,0,6422,6425,C
6-NA,795,2,6392,0,7,6401,T
6-NA,796,6384,0,11,0,6395,A
6-NA,797,6,3,6384,0,6393,G
6-NA,798,0,1,0,6388,6389,C
6-NA,799,6390,0,6,0,6396,A
6-NA,800,2,2,0,6395,6399,C
6-NA,801,6153,0,3,0,6156,A
6-NA,802,0,6237,1,10,6248,T
6-NA,803,0,6221,0,4,6225,T
6-NA,804,1,1,6591,0,6593,G
6-NA,805,0,6567,0,6,6573,T
6-NA,806,4,3,0,6566,6573,C
6-NA,807,6561,1,7,1,6570,A
6-NA,808,2,1,6587,2,6592,G
6-NA,809,1,6,6594,0,6601,G
6-NA,810,6563,1,2,0,6566,A
6-NA,811,6476,1,9,0,6486,A
6-NA,812,10,1,6542,0,6553,G
6-NA,813,1,6259,0,9,6269,T
6-NA,814,4,0,6304,0,6308,G
6-NA,815,1,8,1,6296,6306,C
6-NA,816,3,6289,0,8,6300,T
6-NA,817,5,0,0,6306,6311,C
6-NA,818,6296,0,4,0,6300,A
6-NA,819,14,1,6312,0,6327,G
6-NA,820,4,4,1,6312,6321,C
6-NA,821,6310,0,6,0,6316,A
6-NA,822,0,6329,0,0,6329,T
6-NA,823,2,2,6494,0,6498,G
6-NA,824,0,6498,0,8,6506,T
6-NA,825,8,3,1,6479,6491,C
6-NA,826,3,1,6497,0,6501,G
6-NA,827,6465,1,9,0,6475,A
6-NA,828,3,12,6421,1,6437,G
6-NA,829,0,10,6434,0,6444,G
6-NA,830,6388,2,11,0,6401,A
6-NA,831,3,2,6476,0,6481,G
6-NA,832,0,6313,0,10,6323,T
6-NA,833,1,2,6345,0,6348,G
6-NA,834,1,1,0,6474,6476,C
6-NA,835,1,6450,2,15,6468,T
6-NA,836,7,4,1,6478,6490,C
6-NA,837,7,0,0,6505,6512,C
6-NA,838,1,6506,1,5,6513,T
6-NA,839,9,3,6531,0,6543,G
6-NA,840,3,4,0,6487,6494,C
6-NA,841,0,6458,0,6,6464,T
6-NA,842,6533,0,3,0,6536,A
6-NA,843,1,6416,0,10,6427,T
6-NA,844,4,0,1,6473,6478,C
6-NA,845,8,1,0,6448,6457,C
6-NA,846,0,6438,1,8,6447,T
6-NA,847,5,5,0,6466,6476,C
6-NA,848,8,4,6455,0,6467,G
6-NA,849,6529,1,7,0,6537,A
6-NA,850,1,6530,0,6,6537,T
6-NA,851,6540,3,3,0,6546,A
6-NA,852,1,6536,0,6,6543,T
6-NA,853,10,9,3,6496,6518,C
6-NA,854,5,1,0,6503,6509,C
6-NA,855,0,6455,1,12,6468,T
6-NA,856,6,8,6489,1,6504,G
6-NA,857,2,3,6518,0,6523,G
6-NA,858,0,6580,0,4,6584,T
6-NA,859,2,2,6587,1,6592,G
6-NA,860,0,6544,0,6,6550,T
6-NA,861,6,3,0,6544,6553,C
6-NA,862,6548,0,8,0,6556,A
6-NA,863,0,2,6567,0,6569,G
6-NA,864,6550,2,11,0,6563,A
6-NA,865,1,6483,0,5,6489,T
6-NA,866,3,2,6495,0,6500,G
6-NA,867,3,6442,0,4,6449,T
6-NA,868,1,2,6463,0,6466,G
6-NA,869,1,6450,0,6,6457,T
6-NA,870,4,4,8,6454,6470,C
6-NA,871,2,6436,0,9,6447,T
6-NA,872,2,0,6459,0,6461,G
6-NA,873,2,1,0,6453,6456,C
6-NA,874,6453,1,6,2,6462,A
6-NA,875,1,7,6452,0,6460,G
6-NA,876,6340,1,6,0,6347,A
6-NA,877,0,3,6374,0,6377,G
6-NA,878,6350,3,11,1,6365,A
6-NA,879,2,4,0,6384,6390,C
6-NA,880,6382,1,7,0,6390,A
6-NA,881,6430,1,6,2,6439,A
6-NA,882,1,4,1,6463,6469,C
6-NA,883,0,6465,0,4,6469,T
6-NA,884,4,4,6464,0,6472,G
6-NA,885,0,1,6472,0,6473,G
6-NA,886,6435,0,7,1,6443,A
6-NA,887,6435,2,10,1,6448,A
6-NA,888,6315,1,29,0,6345,A
6-NA,889,4,3,6415,0,6422,G
6-NA,890,1,0,6397,0,6398,G
6-NA,891,1,2,0,6398,6401,C
6-NA,892,3,6362,0,9,6374,T
6-NA,893,5,4,0,6487,6496,C
6-NA,894,5,4,1,6548,6558,C
6-NA,895,6577,1,3,1,6582,A
6-NA,896,6584,0,2,1,6587,A
6-NA,897,2,6581,1,3,6587,T
6-NA,898,6402,1,6,0,6409,A
6-NA,899,1,7,6379,1,6388,G
6-NA,900,5,0,6408,0,6413,G
6-NA,901,6,4,0,6400,6410,C
6-NA,902,8,2,1,6302,6313,C
6-NA,903,12,27,0,6210,6249,C
6-NA,904,6326,1,3,0,6330,A
6-NA,905,2,6355,0,8,6365,T
6-NA,906,5,1,2,6364,6372,C
6-NA,907,2,2,6379,1,6384,G
6-NA,908,0,6345,0,3,6348,T
6-NA,909,6256,1,5,0,6262,A
6-NA,910,4,1,6388,0,6393,G
6-NA,911,6387,1,16,1,6405,A
6-NA,912,2,6427,0,2,6431,T
6-NA,913,6334,1,2,0,6337,A
6-NA,914,1,6288,0,0,6289,T
6-NA,915,6277,0,0,0,6277,A
6-NA,916,6249,2,13,0,6264,A
6-NA,917,6371,1,9,2,6383,A
6-NA,918,2,2,0,6485,6489,C
6-NA,919,6340,2,3,0,6345,A
6-NA,920,1,6335,0,5,6341,T
6-NA,921,6297,0,1,0,6298,A
6-NA,922,6287,0,6,1,6294,A
6-NA,923,6291,0,10,1,6302,A
6-NA,924,5,12,6343,0,6360,G
6-NA,925,1,7,6387,1,6396,G
6-NA,926,6206,2,7,1,6216,A
6-NA,927,1,6179,1,6,6187,T
6-NA,928,2,5,0,6192,6199,C
6-NA,929,6213,0,10,0,6223,A
6-NA,930,1,6226,0,6,6233,T
6-NA,931,6208,0,5,1,6214,A
6-NA,932,0,4,6242,1,6247,G
6-NA,933,5,2,1,6172,6180,C
6-NA,934,6082,3,0,0,6085,A
6-NA,935,0,5911,1,4,5916,T
6-NA,936,1,5933,0,3,5937,T
6-NA,937,2,3,6087,0,6092,G
6-NA,938,0,6086,2,4,6092,T
6-NA,939,1,6166,2,8,6177,T
6-NA,940,1,6147,0,11,6159,T
6-NA,941,1,0,0,6142,6143,C
6-NA,942,4,2,0,6157,6163,C
6-NA,943,6217,2,11,0,6230,A
6-NA,944,1,5,6296,0,6302,G
6-NA,945,0,6280,1,10,6291,T
6-NA,946,0,6141,0,4,6145,T
6-NA,947,6144,0,4,0,6148,A
6-NA,948,0,6096,1,3,6100,T
6-NA,949,1,1,6105,0,6107,G
6-NA,950,0,6071,0,6,6077,T
6-NA,951,2,4,6097,0,6103,G
6-NA,952,3,5978,1,5,5987,T
6-NA,953,2,5,6109,0,6116,G
6-NA,954,1,6092,0,12,6105,T
6-NA,955,2,6082,0,5,6089,T
6-NA,956,9,1,0,6078,6088,C
6-NA,957,6036,2,4,2,6044,A
6-NA,958,3,0,6054,0,6057,G
6-NA,959,2,11,6040,1,6054,G
6-NA,960,6024,1,15,0,6040,A
6-NA,961,4,0,0,6060,6064,C
6-NA,962,0,5932,0,7,5939,T
6-NA,963,1,5947,0,2,5950,T
6-NA,964,3,1,6136,0,6140,G
6-NA,965,1,6122,0,12,6135,T
6-NA,966,0,6131,0,7,6138,T
6-NA,967,5,5,6100,1,6111,G
6-NA,968,2,3,6095,0,6100,G
6-NA,969,6095,0,19,0,6114,A
6-NA,970,2,7,6108,1,6118,G
6-NA,971,6085,1,19,0,6105,A
6-NA,972,3,1,0,6073,6077,C
6-NA,973,5895,0,6,0,5901,A
6-NA,974,1,4,0,5914,5919,C
6-NA,975,5917,1,9,2,5929,A
6-NA,976,5,2,0,5944,5951,C
6-NA,977,9,2,0,5897,5908,C
6-NA,978,6,2,0,5904,5912,C
6-NA,979,5877,2,12,0,5891,A
6-NA,980,2,2,5926,0,5930,G
6-NA,981,5919,0,3,0,5922,A
6-NA,982,5949,0,2,0,5951,A
6-NA,983,5913,1,2,0,5916,A
6-NA,984,5910,0,4,1,5915,A
6-NA,985,5877,0,7,0,5884,A
6-NA,986,5892,0,5,1,5898,A
6-NA,987,1,3,0,5898,5902,C
6-NA,988,1,5,5883,0,5889,G
6-NA,989,5867,1,8,1,5877,A
6-NA,990,1,4,2,5865,5872,C
6-NA,991,5851,1,9,1,5862,A
6-NA,992,1,0,5909,0,5910,G
6-NA,993,1,1,0,6058,6060,C
6-NA,994,0,6018,0,10,6028,T
6-NA,995,10,0,1,6038,6049,C
6-NA,996,7,1,0,6069,6077,C
6-NA,997,6076,1,3,0,6080,A
6-NA,998,0,3,6137,0,6140,G
6-NA,999,0,5,0,6127,6132,C
6-NA,1000,6097,2,8,0,6107,A
6-NA,1001,3,4,6094,0,6101,G
6-NA,1002,0,5897,0,3,5900,T
6-NA,1003,5903,0,7,0,5910,A
6-NA,1004,2,0,5905,0,5907,G
6-NA,1005,3,1,1,5908,5913,C
6-NA,1006,8,5,0,5911,5924,C
6-NA,1007,5864,0,3,0,5867,A
6-NA,1008,1,5853,1,11,5866,T
6-NA,1009,0,5869,1,2,5872,T
6-NA,1010,1,0,5962,0,5963,G
6-NA,1011,1,5926,2,4,5933,T
6-NA,1012,1,5916,2,4,5923,T
6-NA,1013,3,5904,3,3,5913,T
6-NA,1014,2,5,5852,0,5859,G
6-NA,1015,2,5,5897,0,5904,G
6-NA,1016,5890,4,2,1,5897,A
6-NA,1017,4,5902,0,5,5911,T
6-NA,1018,6,4,0,5897,5907,C
6-NA,1019,4,1,0,5813,5818,C
6-NA,1020,4,5826,0,5,5835,T
6-NA,1021,5842,1,4,1,5848,A
6-NA,1022,5849,0,2,0,5851,A
6-NA,1023,5,3,0,5912,5920,C
6-NA,1024,5805,1,1,0,5807,A
6-NA,1025,5857,0,7,0,5864,A
6-NA,1026,0,5833,0,4,5837,T
6-NA,1027,3,0,5894,0,5897,G
6-NA,1028,5875,1,7,1,5884,A
6-NA,1029,5827,0,20,0,5847,A
6-NA,1030,8,5,5862,0,5875,G
6-NA,1031,5853,0,4,0,5857,A
6-NA,1032,5698,2,8,0,5708,A
6-NA,1033,2,7,5725,1,5735,G
6-NA,1034,3,2,5724,1,5730,G
6-NA,1035,0,5646,0,5,5651,T
6-NA,1036,3,7,5607,0,5617,G
6-NA,1037,1,2,5758,1,5762,G
6-NA,1038,2,5727,0,6,5735,T
6-NA,1039,12,0,1,5686,5699,C
6-NA,1040,5693,2,6,0,5701,A
6-NA,1041,0,5684,0,5,5689,T
6-NA,1042,1,7,5659,1,5668,G
6-NA,1043,1,4,5703,1,5709,G
6-NA,1044,5659,1,13,0,5673,A
6-NA,1045,0,2,5785,1,5788,G
6-NA,1046,1,5562,1,3,5567,T
6-NA,1047,1,4,5573,0,5578,G
6-NA,1048,5564,0,5,0,5569,A
6-NA,1049,5563,0,3,0,5566,A
6-NA,1050,5558,0,8,0,5566,A
6-NA,1051,1,5,5585,0,5591,G
6-NA,1052,1,2,5528,1,5532,G
6-NA,1053,1,0,1,5520,5522,C
6-NA,1054,2,5352,0,13,5367,T
6-NA,1055,7,4,5370,0,5381,G
6-NA,1056,1,3,5371,0,5375,G
6-NA,1057,4,0,5420,1,5425,G
6-NA,1058,2,1,0,5411,5414,C
6-NA,1059,7,1,0,5415,5423,C
6-NA,1060,1,5331,1,14,5347,T
6-NA,1061,0,5363,0,3,5366,T
6-NA,1062,1,5368,0,0,5369,T
6-NA,1063,1,3,5381,0,5385,G
6-NA,1064,5363,0,8,0,5371,A
6-NA,1065,3,5334,0,2,5339,T
6-NA,1066,0,4,5259,1,5264,G
6-NA,1067,5196,3,5,0,5204,A
6-NA,1068,2,5217,0,3,5222,T
6-NA,1069,2,2,5216,1,5221,G
6-NA,1070,0,2,5274,0,5276,G
6-NA,1071,5267,0,5,0,5272,A
6-NA,1072,5270,3,7,0,5280,A
6-NA,1073,5276,1,2,1,5280,A
6-NA,1074,0,5275,0,5,5280,T
6-NA,1075,0,6,5283,0,5289,G
6-NA,1076,5269,1,12,0,5282,A
6-NA,1077,1,2,0,5255,5258,C
6-NA,1078,2,1,5267,0,5270,G
6-NA,1079,0,5126,0,5,5131,T
6-NA,1080,0,0,5162,0,5162,G
6-NA,1081,2,5145,0,6,5153,T
6-NA,1082,4,5,5148,0,5157,G
6-NA,1083,0,1,5181,0,5182,G
6-NA,1084,5151,2,3,1,5157,A
6-NA,1085,1,5128,0,5,5134,T
6-NA,1086,0,12,5097,0,5109,G
6-NA,1087,2,4,5084,0,5090,G
6-NA,1088,0,2,5106,0,5108,G
6-NA,1089,5060,0,5,1,5066,A
6-NA,1090,5060,0,7,0,5067,A
6-NA,1091,2,4,5052,1,5059,G
6-NA,1092,4987,0,6,1,4994,A
6-NA,1093,4997,1,4,0,5002,A
6-NA,1094,3,1,1,4964,4969,C
6-NA,1095,0,8,4949,0,4957,G
6-NA,1096,4952,0,3,0,4955,A
6-NA,1097,2,4875,0,3,4880,T
6-NA,1098,3,1,0,4890,4894,C
6-NA,1099,4888,0,5,0,4893,A
6-NA,1100,2,1,4904,1,4908,G
6-NA,1101,2,1,0,4893,4896,C
6-NA,1102,2,7,4888,0,4897,G
6-NA,1103,4887,0,3,0,4890,A
6-NA,1104,2,1,4893,0,4896,G
6-NA,1105,4891,1,6,0,4898,A
6-NA,1106,4892,0,2,0,4894,A
6-NA,1107,1,0,4913,0,4914,G
6-NA,1108,0,4868,0,10,4878,T
6-NA,1109,4,1,2,4837,4844,C
6-NA,1110,4832,2,3,0,4837,A
6-NA,1111,2,3,1,4939,4945,C
6-NA,1112,2,1,4954,0,4957,G
6-NA,1113,2,2,0,4949,4953,C
6-NA,1114,0,4903,0,9,4912,T
6-NA,1115,0,4915,0,2,4917,T
6-NA,1116,4848,1,3,0,4852,A
6-NA,1117,1,3,4923,0,4927,G
6-NA,1118,2,7,4922,0,4931,G
6-NA,1119,8,3,4986,1,4998,G
6-NA,1120,0,4710,0,5,4715,T
6-NA,1121,4696,0,5,0,4701,A
6-NA,1122,1,4683,0,6,4690,T
6-NA,1123,1,6,4676,0,4683,G
6-NA,1124,4671,0,7,0,4678,A
6-NA,1125,4669,0,3,1,4673,A
6-NA,1126,4470,1,4,0,4475,A
6-NA,1127,2,1,0,4463,4466,C
6-NA,1128,6,0,0,4373,4379,C
6-NA,1129,0,4324,0,4,4328,T
6-NA,1130,1,4315,0,3,4319,T
6-NA,1131,2,0,0,4325,4327,C
6-NA,1132,4323,1,4,0,4328,A
6-NA,1133,4332,0,1,0,4333,A
6-NA,1134,4323,2,3,0,4328,A
6-NA,1135,0,2,4354,0,4356,G
6-NA,1136,5,4277,0,3,4285,T
6-NA,1137,7,0,0,4266,4273,C
6-NA,1138,4278,3,7,0,4288,A
6-NA,1139,1,4290,0,5,4296,T
6-NA,1140,1,4283,0,8,4292,T
6-NA,1141,0,1,4296,0,4297,G
6-NA,1142,4278,3,5,0,4286,A
6-NA,1143,4278,0,7,0,4285,A
6-NA,1144,1,3,4255,0,4259,G
6-NA,1145,1,0,4243,0,4244,G
6-NA,1146,0,2,0,4229,4231,C
6-NA,1147,1,4155,0,5,4161,T
6-NA,1148,0,1,4162,0,4163,G
6-NA,1149,2,3,4163,0,4168,G
6-NA,1150,1,4163,0,3,4167,T
6-NA,1151,0,4086,0,19,4105,T
6-NA,1152,2,2,0,4147,4151,C
6-NA,1153,4152,1,3,0,4156,A
6-NA,1154,4174,0,4,0,4178,A
6-NA,1155,5,1,1,4179,4186,C
6-NA,1156,4,1,0,4155,4160,C
6-NA,1157,7,0,0,4142,4149,C
6-NA,1158,0,4011,0,6,4017,T
6-NA,1159,4013,0,0,0,4013,A
6-NA,1160,4018,0,3,0,4021,A
6-NA,1161,1,0,4039,0,4040,G
6-NA,1162,1,4009,0,5,4015,T
6-NA,1163,8,0,0,3972,3980,C
6-NA,1164,7,2,1,3898,3908,C
6-NA,1165,3890,0,2,0,3892,A
6-NA,1166,3885,0,1,1,3887,A
6-NA,1167,3892,0,2,0,3894,A
6-NA,1168,1,3896,1,1,3899,T
6-NA,1169,0,3892,0,1,3893,T
6-NA,1170,1,0,3842,0,3843,G
6-NA,1171,0,1,0,3814,3815,C
6-NA,1172,3810,0,6,0,3816,A
6-NA,1173,2,0,3826,0,3828,G
6-NA,1174,3812,0,2,0,3814,A
6-NA,1175,2,3856,1,0,3859,T
6-NA,1176,3871,1,2,0,3874,A
6-NA,1177,3849,0,4,0,3853,A
6-NA,1178,3851,0,4,0,3855,A
6-NA,1179,1,3839,0,1,3841,T
6-NA,1180,3807,0,1,0,3808,A
6-NA,1181,2,5,3802,0,3809,G
6-NA,1182,1,3,3781,0,3785,G
6-NA,1183,0,0,0,3765,3765,C
6-NA,1184,3637,0,4,0,3641,A
6-NA,1185,3651,0,7,0,3658,A
6-NA,1186,1,0,3689,0,3690,G
6-NA,1187,1,3670,0,8,3679,T
6-NA,1188,10,2,0,3666,3678,C
6-NA,1189,3671,1,3,11,3686,A
6-NA,1190,1,3650,1,5,3657,T
6-NA,1191,3674,0,6,0,3680,A
6-NA,1192,2,0,3694,0,3696,G
6-NA,1193,0,3689,0,1,3690,T
6-NA,1194,0,3531,1,1,3533,T
6-NA,1195,0,1,3472,1,3474,G
6-NA,1196,3446,1,4,0,3451,A
6-NA,1197,3,0,1,3441,3445,C
6-NA,1198,3386,0,1,0,3387,A
6-NA,1199,1,0,3407,0,3408,G
6-NA,1200,3326,0,11,0,3337,A
6-NA,1201,0,2,3412,0,3414,G
6-NA,1202,0,1,3408,0,3409,G
6-NA,1203,0,3389,0,3,3392,T
6-NA,1204,3371,0,1,0,3372,A
6-NA,1205,3349,1,10,2,3362,A
6-NA,1206,0,3367,1,1,3369,T
6-NA,1207,3343,0,9,1,3353,A
6-NA,1208,1,1,3240,0,3242,G
6-NA,1209,0,1,3128,0,3129,G
6-NA,1210,0,2700,0,1,2701,T
6-NA,1211,4,0,0,2672,2676,C
6-NA,1212,3,0,1,2616,2620,C
6-NA,1213,6,1,2614,0,2621,G
6-NA,1214,0,0,2629,0,2629,G
6-NA,1215,0,2608,0,6,2614,T
6-NA,1216,0,2604,1,0,2605,T
6-NA,1217,2554,0,0,0,2554,A
6-NA,1218,0,2462,0,0,2462,T
6-NA,1219,0,2452,0,2,2454,T
6-NA,1220,4,0,0,2454,2458,C
6-NA,1221,0,2286,0,2,2288,T
6-NA,1222,2,0,2274,1,2277,G
6-NA,1223,1,0,2268,0,2269,G
6-NA,1224,0,2251,1,0,2252,T
6-NA,1225,2253,0,0,2,2255,A
6-NA,1226,0,2227,1,1,2229,T
6-NA,1227,0,2224,2,4,2230,T
6-NA,1228,1,2228,1,1,2231,T
6-NA,1229,0,2233,1,4,2238,T
6-NA,1230,2,0,0,2227,2229,C
6-NA,1231,0,2201,3,5,2209,T
6-NA,1232,3,0,0,2220,2223,C
6-NA,1233,0,2206,1,2,2209,T
6-NA,1234,0,0,2240,0,2240,G
6-NA,1235,0,2234,1,3,2238,T
6-NA,1236,0,2214,1,1,2216,T
6-NA,1237,1,0,2220,0,2221,G
6-NA,1238,2197,0,4,0,2201,A
6-NA,1239,2190,0,11,0,2201,A
6-NA,1240,1,1,2214,0,2216,G
6-NA,1241,1,1,2203,0,2205,G
6-NA,1242,2,0,1,2199,2202,C
6-NA,1243,2152,1,4,0,2157,A
6-NA,1244,2151,1,5,1,2158,A
6-NA,1245,2159,0,2,1,2162,A
6-NA,1246,2157,0,8,1,2166,A
6-NA,1247,2,1,2161,0,2164,G
6-NA,1248,1,1,1,2161,2164,C
6-NA,1249,1,2126,0,0,2127,T
6-NA,1250,1,0,2148,0,2149,G
6-NA,1251,1,0,0,2139,2140,C
6-NA,1252,2146,0,3,1,2150,A
6-NA,1253,0,2143,0,3,2146,T
6-NA,1254,2,0,0,2126,2128,C
6-NA,1255,2124,1,1,0,2126,A
6-NA,1256,2128,1,0,0,2129,A
6-NA,1257,0,2123,0,0,2123,T
6-NA,1258,3,2,0,2113,2118,C
6-NA,1259,1,1,2096,0,2098,G
6-NA,1260,0,2,2108,0,2110,G
6-NA,1261,0,2106,0,1,2107,T
6-NA,1262,1,0,2107,0,2108,G
6-NA,1263,0,2,0,2106,2108,C
6-NA,1264,0,2103,0,3,2106,T
6-NA,1265,0,2123,0,3,2126,T
6-NA,1266,0,2125,0,0,2125,T
6-NA,1267,0,2129,0,0,2129,T
6-NA,1268,2136,0,0,1,2137,A
6-NA,1269,0,2043,0,3,2046,T
6-NA,1270,0,0,2046,0,2046,G
6-NA,1271,1,2013,0,2,2016,T
6-NA,1272,1,2,1999,0,2002,G
6-NA,1273,0,3,2019,0,2022,G
6-NA,1274,1984,0,4,0,1988,A
6-NA,1275,3,0,2000,0,2003,G
6-NA,1276,1,1990,0,0,1991,T
6-NA,1277,1,1974,0,0,1975,T
6-NA,1278,0,3,1995,0,1998,G
6-NA,1279,1981,0,7,0,1988,A
6-NA,1280,0,1989,0,0,1989,T
6-NA,1281,1977,0,2,0,1979,A
6-NA,1282,1912,0,2,0,1914,A
6-NA,1283,0,2,1928,0,1930,G
6-NA,1284,0,4,1897,0,1901,G
6-NA,1285,0,5,1893,0,1898,G
6-NA,1286,1,0,1884,0,1885,G
6-NA,1287,1854,0,3,0,1857,A
6-NA,1288,1846,0,13,1,1860,A
6-NA,1289,0,0,1872,0,1872,G
6-NA,1290,1862,0,4,1,1867,A
6-NA,1291,1867,1,1,1,1870,A
6-NA,1292,1835,0,3,0,1838,A
6-NA,1293,1795,0,8,0,1803,A
6-NA,1294,0,0,1802,0,1802,G
6-NA,1295,1777,0,4,0,1781,A
6-NA,1296,1,2,1775,1,1779,G
6-NA,1297,1,3,1775,0,1779,G
6-NA,1298,1756,0,1,0,1757,A
6-NA,1299,1751,0,5,0,1756,A
6-NA,1300,1755,0,2,0,1757,A
6-NA,1301,1,0,0,1764,1765,C
6-NA,1302,0,1758,0,4,1762,T
6-NA,1303,5,1,1757,0,1763,G
6-NA,1304,1749,1,2,0,1752,A
6-NA,1305,1746,0,5,0,1751,A
6-NA,1306,1,0,1761,1,1763,G
6-NA,1307,0,1747,0,3,1750,T
6-NA,1308,3,1,0,1755,1759,C
6-NA,1309,0,1750,0,9,1759,T
6-NA,1310,0,1741,0,0,1741,T
6-NA,1311,0,0,1744,0,1744,G
6-NA,1312,0,1736,0,4,1740,T
6-NA,1313,1,2,1738,0,1741,G
6-NA,1314,1,0,1732,0,1733,G
6-NA,1315,1701,0,0,1,1702,A
6-NA,1316,1,3,0,1693,1697,C
6-NA,1317,1629,0,0,0,1629,A
6-NA,1318,0,1627,0,1,1628,T
6-NA,1319,0,1,0,1629,1630,C
6-NA,1320,1,0,1628,0,1629,G
6-NA,1321,1645,1,1,0,1647,A
6-NA,1322,1644,0,3,0,1647,A
6-NA,1323,0,0,0,1654,1654,C
6-NA,1324,1633,0,1,0,1634,A
6-NA,1325,1,0,1668,0,1669,G
6-NA,1326,2,1651,0,4,1657,T
6-NA,1327,1652,0,0,0,1652,A
6-NA,1328,0,1651,0,2,1653,T
6-NA,1329,1,1592,0,1,1594,T
6-NA,1330,42,0,1561,0,1603,G
6-NA,1331,0,1592,0,4,1596,T
6-NA,1332,1,1543,0,2,1546,T
6-NA,1333,0,0,1552,0,1552,G
6-NA,1334,0,1366,0,3,1369,T
6-NA,1335,0,1,1367,0,1368,G
6-NA,1336,0,1353,1,1,1355,T
6-NA,1337,0,1339,0,1,1340,T
6-NA,1338,0,1343,0,1,1344,T
6-NA,1339,0,1311,0,4,1315,T
6-NA,1340,0,0,1316,0,1316,G
6-NA,1341,0,1310,1,2,1313,T
6-NA,1342,1,1,1305,0,1307,G
6-NA,1343,1,0,1307,0,1308,G
6-NA,1344,0,0,0,1285,1285,C
6-NA,1345,1276,0,3,0,1279,A
6-NA,1346,1,0,0,1287,1288,C
6-NA,1347,1,0,0,1280,1281,C
6-NA,1348,0,1282,0,1,1283,T
6-NA,1349,2,0,0,1279,1281,C
6-NA,1350,1278,0,0,0,1278,A
6-NA,1351,1,1,1287,0,1289,G
6-NA,1352,0,0,1293,0,1293,G
6-NA,1353,0,1283,0,0,1283,T
6-NA,1354,1273,0,1,0,1274,A
6-NA,1355,1,0,0,1218,1219,C
6-NA,1356,1192,0,0,0,1192,A
6-NA,1357,0,1187,0,0,1187,T
6-NA,1358,1157,0,1,0,1158,A
6-NA,1359,0,1156,0,0,1156,T
6-NA,1360,0,1,1090,0,1091,G
6-NA,1361,0,0,1089,0,1089,G
6-NA,1362,1070,1,1,0,1072,A
6-NA,1363,1061,0,1,0,1062,A
6-NA,1364,1,0,0,1049,1050,C
6-NA,1365,863,0,1,0,864,A
6-NA,1366,0,0,862,0,862,G
6-NA,1367,2,0,857,0,859,G
6-NA,1368,0,1,0,857,858,C
6-NA,1369,0,854,0,4,858,T
6-NA,1370,1,0,1,807,809,C
6-NA,1371,799,0,1,1,801,A
6-NA,1372,0,803,0,2,805,T
6-NA,1373,1,0,798,0,799,G
6-NA,1374,0,0,799,0,799,G
6-NA,1375,0,0,0,771,771,C
6-NA,1376,1,1,0,763,765,C
6-NA,1377,0,714,0,1,715,T
6-NA,1378,0,1,712,0,713,G
6-NA,1379,712,0,0,0,712,A
6-NA,1380,0,714,0,0,714,T
6-NA,1381,4,3,697,0,704,G
6-NA,1382,0,1,689,0,690,G
6-NA,1383,0,2,651,0,653,G
6-NA,1384,0,0,654,0,654,G
6-NA,1385,0,1,1,639,641,C
6-NA,1386,0,0,641,0,641,G
6-NA,1387,0,0,632,0,632,G
6-NA,1388,621,0,1,0,622,A
6-NA,1389,1,0,0,620,621,C
6-NA,1390,612,0,1,0,613,A
6-NA,1391,0,604,0,1,605,T
6-NA,1392,0,0,0,597,597,C
6-NA,1393,593,0,0,0,593,A
6-NA,1394,589,0,1,0,590,A
6-NA,1395,0,591,0,0,591,T
6-NA,1396,2,0,0,575,577,C
6-NA,1397,0,547,1,0,548,T
6-NA,1398,1,0,0,475,476,C
6-NA,1399,472,0,1,0,473,A
6-NA,1400,0,470,0,0,470,T
6-NA,1401,0,0,470,0,470,G
6-NA,1402,0,1,0,464,465,C
6-NA,1403,1,0,0,435,436,C
6-NA,1404,0,388,0,1,389,T
6-NA,1405,385,0,0,0,385,A
6-NA,1406,0,381,0,3,384,T
6-NA,1407,377,0,1,0,378,A
6-NA,1408,0,377,0,0,377,T
6-NA,1409,348,0,0,0,348,A
6-NA,1410,338,0,0,0,338,A
7-M,1,82,0,0,0,82,A
7-M,2,0,85,0,0,85,T
7-M,3,0,0,85,0,85,G
7-M,4,86,0,0,0,86,A
7-M,5,0,0,95,0,95,G
7-M,6,0,0,0,97,97,C
7-M,7,0,0,0,98,98,C
7-M,8,0,125,0,0,125,T
7-M,9,0,126,0,0,126,T
7-M,10,0,0,0,126,126,C
7-M,11,0,126,0,0,126,T
7-M,12,130,0,0,0,130,A
7-M,13,130,0,0,0,130,A
7-M,14,0,0,0,130,130,C
7-M,15,0,0,0,130,130,C
7-M,16,0,0,130,0,130,G
7-M,17,130,0,0,0,130,A
7-M,18,0,0,130,0,130,G
7-M,19,0,1,134,0,135,G
7-M,20,0,136,0,0,136,T
7-M,21,0,0,0,137,137,C
7-M,22,0,0,139,0,139,G
7-M,23,143,0,0,0,143,A
7-M,24,143,0,0,0,143,A
7-M,25,144,0,0,0,144,A
7-M,26,0,0,0,162,162,C
7-M,27,0,0,163,0,163,G
7-M,28,0,164,0,0,164,T
7-M,29,165,0,1,0,166,A
7-M,30,0,166,0,0,166,T
7-M,31,0,0,172,0,172,G
7-M,32,0,170,0,1,171,T
7-M,33,1,185,0,0,186,T
7-M,34,1,0,0,191,192,C
7-M,35,0,193,0,0,193,T
7-M,36,1,0,0,211,212,C
7-M,37,0,211,0,0,211,T
7-M,38,0,0,0,219,219,C
7-M,39,0,218,0,1,219,T
7-M,40,224,0,0,0,224,A
7-M,41,0,224,0,0,224,T
7-M,42,0,0,0,229,229,C
7-M,43,0,0,230,0,230,G
7-M,44,0,232,0,0,232,T
7-M,45,0,229,0,1,230,T
7-M,46,0,0,0,240,240,C
7-M,47,1,0,0,246,247,C
7-M,48,250,0,1,0,251,A
7-M,49,0,249,0,1,250,T
7-M,50,0,1,0,247,248,C
7-M,51,249,0,1,0,250,A
7-M,52,0,0,258,0,258,G
7-M,53,0,0,258,0,258,G
7-M,54,0,0,0,259,259,C
7-M,55,0,0,0,259,259,C
7-M,56,0,0,0,261,261,C
7-M,57,4,1,0,265,270,C
7-M,58,1,0,0,271,272,C
7-M,59,0,273,0,0,273,T
7-M,60,0,0,0,273,273,C
7-M,61,273,0,0,0,273,A
7-M,62,273,0,0,0,273,A
7-M,63,282,0,0,0,282,A
7-M,64,0,0,287,0,287,G
7-M,65,0,0,0,286,286,C
7-M,66,0,0,0,286,286,C
7-M,67,0,0,287,0,287,G
7-M,68,288,0,0,0,288,A
7-M,69,0,0,287,0,287,G
7-M,70,292,0,0,0,292,A
7-M,71,0,291,0,0,291,T
7-M,72,1,0,0,293,294,C
7-M,73,0,0,295,0,295,G
7-M,74,0,0,0,295,295,C
7-M,75,0,1,294,0,295,G
7-M,76,1,0,0,296,297,C
7-M,77,296,0,1,0,297,A
7-M,78,0,1,298,0,299,G
7-M,79,297,0,0,0,297,A
7-M,80,0,0,325,0,325,G
7-M,81,324,0,0,0,324,A
7-M,82,0,0,0,330,330,C
7-M,83,0,329,0,0,329,T
7-M,84,0,331,0,0,331,T
7-M,85,0,0,333,0,333,G
7-M,86,332,0,0,0,332,A
7-M,87,332,0,0,0,332,A
7-M,88,0,0,332,0,332,G
7-M,89,330,0,0,0,330,A
7-M,90,0,333,0,1,334,T
7-M,91,0,0,340,0,340,G
7-M,92,1,338,0,2,341,T
7-M,93,4,0,0,336,340,C
7-M,94,0,341,0,0,341,T
7-M,95,0,340,0,0,340,T
7-M,96,0,341,0,0,341,T
7-M,97,0,0,340,0,340,G
7-M,98,0,0,0,341,341,C
7-M,99,0,335,0,0,335,T
7-M,100,1,0,337,0,338,G
7-M,101,0,1,337,0,338,G
7-M,102,1,1,346,0,348,G
7-M,103,347,0,0,0,347,A
7-M,104,349,0,0,0,349,A
7-M,105,350,0,0,0,350,A
7-M,106,352,0,0,0,352,A
7-M,107,355,0,1,0,356,A
7-M,108,0,1,0,360,361,C
7-M,109,362,0,0,0,362,A
7-M,110,0,0,0,362,362,C
7-M,111,359,0,0,0,359,A
7-M,112,0,0,371,0,371,G
7-M,113,373,0,0,0,373,A
7-M,114,2,379,0,0,381,T
7-M,115,0,0,0,384,384,C
7-M,116,0,384,0,0,384,T
7-M,117,0,384,0,0,384,T
7-M,118,0,1,382,0,383,G
7-M,119,384,0,0,0,384,A
7-M,120,0,0,380,0,380,G
7-M,121,0,1,380,0,381,G
7-M,122,0,0,0,386,386,C
7-M,123,0,384,0,1,385,T
7-M,124,0,0,0,415,415,C
7-M,125,0,416,0,0,416,T
7-M,126,0,0,0,418,418,C
7-M,127,417,0,1,0,418,A
7-M,128,0,419,0,0,419,T
7-M,129,0,0,419,0,419,G
7-M,130,0,0,418,0,418,G
7-M,131,416,0,1,0,417,A
7-M,132,414,0,0,0,414,A
7-M,133,0,405,0,0,405,T
7-M,134,0,0,419,0,419,G
7-M,135,0,0,450,0,450,G
7-M,136,1,0,0,452,453,C
7-M,137,0,450,0,1,451,T
7-M,138,453,0,0,0,453,A
7-M,139,450,0,0,0,450,A
7-M,140,459,0,0,0,459,A
7-M,141,0,0,463,0,463,G
7-M,142,464,0,0,0,464,A
7-M,143,0,0,0,465,465,C
7-M,144,451,0,0,0,451,A
7-M,145,453,0,1,0,454,A
7-M,146,2,0,461,0,463,G
7-M,147,460,0,1,0,461,A
7-M,148,0,0,0,464,464,C
7-M,149,0,0,0,461,461,C
7-M,150,458,0,1,0,459,A
7-M,151,465,1,1,0,467,A
7-M,152,0,466,0,0,466,T
7-M,153,0,466,0,0,466,T
7-M,154,0,0,0,470,470,C
7-M,155,0,467,0,0,467,T
7-M,156,0,1,470,0,471,G
7-M,157,0,472,0,0,472,T
7-M,158,0,0,1,470,471,C
7-M,159,473,0,0,0,473,A
7-M,160,0,0,0,492,492,C
7-M,161,0,0,0,492,492,C
7-M,162,0,491,0,0,491,T
7-M,163,0,0,0,493,493,C
7-M,164,0,488,0,1,489,T
7-M,165,1,2,503,0,506,G
7-M,166,507,0,1,0,508,A
7-M,167,0,0,0,508,508,C
7-M,168,0,509,0,0,509,T
7-M,169,499,0,1,0,500,A
7-M,170,501,0,0,0,501,A
7-M,171,0,0,503,0,503,G
7-M,172,0,2,500,0,502,G
7-M,173,0,1,501,0,502,G
7-M,174,1,0,499,0,500,G
7-M,175,509,0,0,0,509,A
7-M,176,0,508,0,0,508,T
7-M,177,0,505,0,0,505,T
7-M,178,0,505,0,1,506,T
7-M,179,1,505,0,1,507,T
7-M,180,0,3,504,0,507,G
7-M,181,0,0,508,0,508,G
7-M,182,0,1,509,0,510,G
7-M,183,0,0,510,0,510,G
7-M,184,1,501,0,1,503,T
7-M,185,0,501,1,0,502,T
7-M,186,0,504,0,1,505,T
7-M,187,1,0,512,0,513,G
7-M,188,0,511,0,1,512,T
7-M,189,0,0,514,0,514,G
7-M,190,0,515,0,0,515,T
7-M,191,0,516,0,0,516,T
7-M,192,0,0,0,518,518,C
7-M,193,517,0,0,0,517,A
7-M,194,0,0,0,536,536,C
7-M,195,0,0,537,0,537,G
7-M,196,0,0,0,534,534,C
7-M,197,0,530,0,0,530,T
7-M,198,0,0,0,546,546,C
7-M,199,546,0,0,0,546,A
7-M,200,0,3,0,549,552,C
7-M,201,0,0,0,549,549,C
7-M,202,3,0,547,0,550,G
7-M,203,0,555,0,0,555,T
7-M,204,0,0,553,0,553,G
7-M,205,0,0,0,555,555,C
7-M,206,0,0,0,555,555,C
7-M,207,0,0,0,561,561,C
7-M,208,556,0,0,0,556,A
7-M,209,0,0,560,0,560,G
7-M,210,0,559,0,0,559,T
7-M,211,0,0,564,0,564,G
7-M,212,569,0,2,1,572,A
7-M,213,0,0,571,0,571,G
7-M,214,0,0,1,569,570,C
7-M,215,1,0,572,0,573,G
7-M,216,571,0,1,0,572,A
7-M,217,0,0,574,0,574,G
7-M,218,2,4,568,0,574,G
7-M,219,569,0,0,0,569,A
7-M,220,1,0,0,579,580,C
7-M,221,0,570,1,1,572,T
7-M,222,0,0,573,0,573,G
7-M,223,0,0,0,573,573,C
7-M,224,570,0,0,0,570,A
7-M,225,0,0,577,0,577,G
7-M,226,0,0,0,572,572,C
7-M,227,1,0,577,0,578,G
7-M,228,0,579,0,1,580,T
7-M,229,575,0,0,0,575,A
7-M,230,0,0,574,0,574,G
7-M,231,571,0,0,0,571,A
7-M,232,0,0,0,574,574,C
7-M,233,0,0,573,0,573,G
7-M,234,0,0,0,572,572,C
7-M,235,0,564,0,0,564,T
7-M,236,0,564,0,1,565,T
7-M,237,0,562,0,1,563,T
7-M,238,0,0,574,0,574,G
7-M,239,0,575,0,0,575,T
7-M,240,0,0,0,573,573,C
7-M,241,0,0,0,574,574,C
7-M,242,573,0,0,0,573,A
7-M,243,571,0,1,0,572,A
7-M,244,571,0,0,0,571,A
7-M,245,571,0,1,0,572,A
7-M,246,1,570,0,0,571,T
7-M,247,0,0,562,0,562,G
7-M,248,0,0,0,566,566,C
7-M,249,0,0,0,565,565,C
7-M,250,1,0,0,572,573,C
7-M,251,0,569,0,0,569,T
7-M,252,2,0,0,585,587,C
7-M,253,586,0,1,0,587,A
7-M,254,593,0,1,0,594,A
7-M,255,0,597,0,0,597,T
7-M,256,1,1,597,0,599,G
7-M,257,0,0,602,0,602,G
7-M,258,1,0,608,0,609,G
7-M,259,604,0,1,0,605,A
7-M,260,607,0,0,0,607,A
7-M,261,0,600,1,0,601,T
7-M,262,1,1,597,0,599,G
7-M,263,0,0,600,1,601,G
7-M,264,593,1,1,0,595,A
7-M,265,0,1,592,0,593,G
7-M,266,586,1,2,0,589,A
7-M,267,1,0,0,578,579,C
7-M,268,2,0,0,594,596,C
7-M,269,0,0,0,604,604,C
7-M,270,614,0,0,0,614,A
7-M,271,614,0,1,0,615,A
7-M,272,613,0,1,0,614,A
7-M,273,0,616,0,0,616,T
7-M,274,623,0,0,0,623,A
7-M,275,621,0,0,0,621,A
7-M,276,0,0,1,609,610,C
7-M,277,608,0,0,0,608,A
7-M,278,0,602,0,1,603,T
7-M,279,2,1,611,0,614,G
7-M,280,0,0,616,0,616,G
7-M,281,614,0,2,0,616,A
7-M,282,0,0,0,613,613,C
7-M,283,600,0,0,0,600,A
7-M,284,603,0,0,0,603,A
7-M,285,598,0,1,0,599,A
7-M,286,0,1,602,0,603,G
7-M,287,0,2,0,608,610,C
7-M,288,600,0,1,0,601,A
7-M,289,1,0,610,0,611,G
7-M,290,0,611,0,0,611,T
7-M,291,0,612,0,0,612,T
7-M,292,615,0,0,0,615,A
7-M,293,612,0,1,0,613,A
7-M,294,616,0,1,0,617,A
7-M,295,0,0,0,620,620,C
7-M,296,0,605,0,0,605,T
7-M,297,0,0,640,0,640,G
7-M,298,0,630,0,2,632,T
7-M,299,634,0,0,0,634,A
7-M,300,0,632,0,0,632,T
7-M,301,628,0,0,0,628,A
7-M,302,0,1,627,0,628,G
7-M,303,604,0,0,0,604,A
7-M,304,604,1,0,0,605,A
7-M,305,606,0,1,0,607,A
7-M,306,619,0,1,1,621,A
7-M,307,0,0,0,635,635,C
7-M,308,0,629,0,3,632,T
7-M,309,0,631,0,1,632,T
7-M,310,633,0,0,0,633,A
7-M,311,633,0,0,0,633,A
7-M,312,0,0,633,1,634,G
7-M,313,628,0,1,0,629,A
7-M,314,0,0,635,0,635,G
7-M,315,0,0,633,0,633,G
7-M,316,0,1,633,0,634,G
7-M,317,634,0,1,0,635,A
7-M,318,0,0,638,0,638,G
7-M,319,634,1,2,0,637,A
7-M,320,0,640,0,0,640,T
7-M,321,638,0,1,1,640,A
7-M,322,647,0,0,0,647,A
7-M,323,1,0,0,647,648,C
7-M,324,0,0,650,0,650,G
7-M,325,0,644,0,5,649,T
7-M,326,0,641,1,0,642,T
7-M,327,1,0,0,647,648,C
7-M,328,0,0,0,645,645,C
7-M,329,645,0,0,0,645,A
7-M,330,0,642,0,0,642,T
7-M,331,0,2,643,0,645,G
7-M,332,0,0,645,0,645,G
7-M,333,0,1,638,0,639,G
7-M,334,0,0,647,0,647,G
7-M,335,0,0,0,649,649,C
7-M,336,2,0,0,645,647,C
7-M,337,651,0,0,0,651,A
7-M,338,654,1,0,0,655,A
7-M,339,655,0,2,0,657,A
7-M,340,0,0,657,0,657,G
7-M,341,662,0,0,0,662,A
7-M,342,661,0,0,0,661,A
7-M,343,659,0,0,0,659,A
7-M,344,0,658,0,1,659,T
7-M,345,657,0,0,0,657,A
7-M,346,1,0,659,0,660,G
7-M,347,0,0,0,659,659,C
7-M,348,0,658,0,1,659,T
7-M,349,1,0,0,655,656,C
7-M,350,0,655,0,0,655,T
7-M,351,0,0,0,672,672,C
7-M,352,670,0,0,0,670,A
7-M,353,0,0,670,0,670,G
7-M,354,0,666,0,0,666,T
7-M,355,0,674,0,0,674,T
7-M,356,677,0,0,0,677,A
7-M,357,1,678,0,0,679,T
7-M,358,0,675,0,2,677,T
7-M,359,0,1,0,680,681,C
7-M,360,0,659,1,0,660,T
7-M,361,0,0,666,0,666,G
7-M,362,0,0,0,664,664,C
7-M,363,0,662,0,0,662,T
7-M,364,0,2,660,0,662,G
7-M,365,0,1,663,0,664,G
7-M,366,0,663,0,0,663,T
7-M,367,0,0,662,1,663,G
7-M,368,0,0,0,661,661,C
7-M,369,662,0,0,0,662,A
7-M,370,1,0,0,664,665,C
7-M,371,0,659,0,1,660,T
7-M,372,0,677,0,1,678,T
7-M,373,1,0,679,0,680,G
7-M,374,0,0,1,680,681,C
7-M,375,2,2,0,677,681,C
7-M,376,677,0,0,0,677,A
7-M,377,1,0,683,0,684,G
7-M,378,0,683,0,0,683,T
7-M,379,0,685,0,0,685,T
7-M,380,0,0,688,0,688,G
7-M,381,0,0,0,681,681,C
7-M,382,681,0,1,0,682,A
7-M,383,0,678,0,1,679,T
7-M,384,0,0,679,0,679,G
7-M,385,0,1,678,0,679,G
7-M,386,1,0,683,0,684,G
7-M,387,0,0,0,688,688,C
7-M,388,1,0,0,702,703,C
7-M,389,0,696,0,0,696,T
7-M,390,1,0,0,706,707,C
7-M,391,725,0,0,0,725,A
7-M,392,0,726,0,0,726,T
7-M,393,746,0,1,0,747,A
7-M,394,0,731,0,1,732,T
7-M,395,726,0,0,0,726,A
7-M,396,0,1,0,759,760,C
7-M,397,733,0,2,0,735,A
7-M,398,736,0,1,1,738,A
7-M,399,0,732,0,0,732,T
7-M,400,690,0,1,0,691,A
7-M,401,0,3,698,0,701,G
7-M,402,0,1,696,0,697,G
7-M,403,694,0,0,0,694,A
7-M,404,0,687,0,0,687,T
7-M,405,0,1,663,0,664,G
7-M,406,0,1,662,0,663,G
7-M,407,0,2,659,0,661,G
7-M,408,0,0,667,0,667,G
7-M,409,0,0,670,0,670,G
7-M,410,1,0,0,660,661,C
7-M,411,0,657,0,2,659,T
7-M,412,0,0,660,1,661,G
7-M,413,0,659,0,0,659,T
7-M,414,660,0,0,0,660,A
7-M,415,659,0,1,0,660,A
7-M,416,0,0,0,660,660,C
7-M,417,2,0,0,652,654,C
7-M,418,648,0,0,0,648,A
7-M,419,0,0,0,650,650,C
7-M,420,0,649,0,0,649,T
7-M,421,0,1,656,0,657,G
7-M,422,655,0,0,0,655,A
7-M,423,651,0,1,0,652,A
7-M,424,0,1,653,0,654,G
7-M,425,0,646,0,2,648,T
7-M,426,0,1,647,0,648,G
7-M,427,0,0,647,0,647,G
7-M,428,1,1,0,645,647,C
7-M,429,645,0,1,0,646,A
7-M,430,0,644,0,0,644,T
7-M,431,0,643,0,1,644,T
7-M,432,0,644,0,2,646,T
7-M,433,0,0,659,0,659,G
7-M,434,0,0,658,0,658,G
7-M,435,0,0,0,661,661,C
7-M,436,1,0,0,656,657,C
7-M,437,0,651,0,0,651,T
7-M,438,0,0,680,0,680,G
7-M,439,0,0,694,0,694,G
7-M,440,0,693,0,1,694,T
7-M,441,697,0,0,0,697,A
7-M,442,0,669,0,0,669,T
7-M,443,0,1,687,0,688,G
7-M,444,0,691,0,0,691,T
7-M,445,0,0,690,0,690,G
7-M,446,0,0,0,691,691,C
7-M,447,669,0,0,0,669,A
7-M,448,661,0,2,0,663,A
7-M,449,0,0,0,674,674,C
7-M,450,669,0,0,0,669,A
7-M,451,0,673,0,0,673,T
7-M,452,0,0,667,0,667,G
7-M,453,0,655,1,1,657,T
7-M,454,0,0,656,0,656,G
7-M,455,653,0,2,0,655,A
7-M,456,0,0,657,0,657,G
7-M,457,0,0,0,656,656,C
7-M,458,637,0,0,1,638,A
7-M,459,0,0,645,0,645,G
7-M,460,640,0,1,0,641,A
7-M,461,0,642,0,0,642,T
7-M,462,0,640,0,2,642,T
7-M,463,0,0,644,0,644,G
7-M,464,0,1,0,643,644,C
7-M,465,1,643,0,1,645,T
7-M,466,0,0,647,0,647,G
7-M,467,644,0,1,0,645,A
7-M,468,0,0,0,668,668,C
7-M,469,0,674,0,1,675,T
7-M,470,2,0,0,675,677,C
7-M,471,0,1,1,675,677,C
7-M,472,2,1,0,674,677,C
7-M,473,676,0,1,0,677,A
7-M,474,0,0,681,0,681,G
7-M,475,0,1,0,676,677,C
7-M,476,683,0,0,0,683,A
7-M,477,0,1,0,681,682,C
7-M,478,644,0,0,0,644,A
7-M,479,0,0,651,0,651,G
7-M,480,0,0,654,0,654,G
7-M,481,0,654,0,2,656,T
7-M,482,1,0,0,669,670,C
7-M,483,0,663,0,0,663,T
7-M,484,0,0,0,665,665,C
7-M,485,668,0,0,0,668,A
7-M,486,0,667,0,0,667,T
7-M,487,669,0,0,0,669,A
7-M,488,0,0,653,0,653,G
7-M,489,1,0,652,0,653,G
7-M,490,2,0,0,650,652,C
7-M,491,632,0,0,0,632,A
7-M,492,0,1,629,0,630,G
7-M,493,635,0,1,0,636,A
7-M,494,0,637,0,0,637,T
7-M,495,0,0,641,0,641,G
7-M,496,0,0,639,0,639,G
7-M,497,1,631,0,0,632,T
7-M,498,1,1,639,0,641,G
7-M,499,3,0,634,0,637,G
7-M,500,0,0,0,637,637,C
7-M,501,638,0,1,0,639,A
7-M,502,639,0,0,0,639,A
7-M,503,1,0,0,648,649,C
7-M,504,650,0,0,0,650,A
7-M,505,651,0,2,0,653,A
7-M,506,0,0,0,649,649,C
7-M,507,0,1,0,641,642,C
7-M,508,634,0,0,0,634,A
7-M,509,637,0,0,0,637,A
7-M,510,0,638,0,0,638,T
7-M,511,0,0,0,635,635,C
7-M,512,1,0,0,623,624,C
7-M,513,619,0,0,0,619,A
7-M,514,0,616,0,2,618,T
7-M,515,0,615,0,0,615,T
7-M,516,615,0,0,0,615,A
7-M,517,615,0,0,0,615,A
7-M,518,1,612,0,0,613,T
7-M,519,610,0,0,0,610,A
7-M,520,606,0,0,0,606,A
7-M,521,603,1,0,0,604,A
7-M,522,607,0,0,0,607,A
7-M,523,0,0,0,625,625,C
7-M,524,623,0,2,0,625,A
7-M,525,0,626,0,0,626,T
7-M,526,0,0,627,0,627,G
7-M,527,622,0,1,0,623,A
7-M,528,0,0,631,0,631,G
7-M,529,626,1,1,0,628,A
7-M,530,630,1,0,0,631,A
7-M,531,1,2,0,630,633,C
7-M,532,617,0,0,0,617,A
7-M,533,0,0,623,0,623,G
7-M,534,618,0,0,0,618,A
7-M,535,618,0,0,0,618,A
7-M,536,0,620,0,0,620,T
7-M,537,0,1,615,0,616,G
7-M,538,1,0,611,0,612,G
7-M,539,0,612,1,0,613,T
7-M,540,0,601,0,2,603,T
7-M,541,0,615,0,0,615,T
7-M,542,0,615,0,0,615,T
7-M,543,0,0,619,0,619,G
7-M,544,0,0,619,0,619,G
7-M,545,0,1,0,619,620,C
7-M,546,0,0,0,620,620,C
7-M,547,606,0,0,0,606,A
7-M,548,0,0,627,0,627,G
7-M,549,0,0,0,623,623,C
7-M,550,630,0,0,0,630,A
7-M,551,0,0,0,641,641,C
7-M,552,1,629,0,0,630,T
7-M,553,634,0,0,0,634,A
7-M,554,0,0,0,632,632,C
7-M,555,644,1,1,0,646,A
7-M,556,0,2,653,0,655,G
7-M,557,1,0,0,636,637,C
7-M,558,0,633,0,0,633,T
7-M,559,632,0,0,0,632,A
7-M,560,618,0,4,0,622,A
7-M,561,0,0,634,0,634,G
7-M,562,0,0,639,0,639,G
7-M,563,1,0,0,634,635,C
7-M,564,1,606,1,0,608,T
7-M,565,607,0,0,0,607,A
7-M,566,0,605,0,0,605,T
7-M,567,1,0,604,0,605,G
7-M,568,0,1,609,0,610,G
7-M,569,596,0,1,0,597,A
7-M,570,0,0,604,0,604,G
7-M,571,0,0,0,593,593,C
7-M,572,591,0,0,0,591,A
7-M,573,588,0,3,0,591,A
7-M,574,586,0,0,0,586,A
7-M,575,0,590,0,1,591,T
7-M,576,1,1,595,0,597,G
7-M,577,0,0,594,0,594,G
7-M,578,0,0,0,591,591,C
7-M,579,0,588,0,1,589,T
7-M,580,1,0,591,0,592,G
7-M,581,0,3,604,0,607,G
7-M,582,607,0,1,0,608,A
7-M,583,0,608,0,0,608,T
7-M,584,1,0,0,607,608,C
7-M,585,609,0,0,0,609,A
7-M,586,614,0,0,0,614,A
7-M,587,1,0,613,0,614,G
7-M,588,0,612,0,0,612,T
7-M,589,1,0,612,0,613,G
7-M,590,605,0,0,0,605,A
7-M,591,0,0,606,0,606,G
7-M,592,0,0,0,603,603,C
7-M,593,604,0,2,0,606,A
7-M,594,0,0,608,0,608,G
7-M,595,0,0,599,0,599,G
7-M,596,0,2,0,599,601,C
7-M,597,601,0,1,0,602,A
7-M,598,0,0,606,0,606,G
7-M,599,0,1,1,605,607,C
7-M,600,0,0,606,0,606,G
7-M,601,0,1,603,0,604,G
7-M,602,600,0,1,0,601,A
7-M,603,0,0,606,0,606,G
7-M,604,1,0,608,0,609,G
7-M,605,0,0,0,611,611,C
7-M,606,2,0,0,609,611,C
7-M,607,606,1,1,0,608,A
7-M,608,0,610,0,0,610,T
7-M,609,0,1,610,0,611,G
7-M,610,0,2,608,0,610,G
7-M,611,608,0,0,0,608,A
7-M,612,0,0,610,0,610,G
7-M,613,595,0,0,0,595,A
7-M,614,1,600,0,1,602,T
7-M,615,0,601,0,0,601,T
7-M,616,0,0,603,0,603,G
7-M,617,0,2,0,601,603,C
7-M,618,0,603,0,1,604,T
7-M,619,604,0,0,0,604,A
7-M,620,0,0,603,0,603,G
7-M,621,0,600,0,0,600,T
7-M,622,0,0,0,602,602,C
7-M,623,595,0,0,0,595,A
7-M,624,1,1,596,0,598,G
7-M,625,0,0,596,0,596,G
7-M,626,0,0,0,596,596,C
7-M,627,0,0,0,598,598,C
7-M,628,592,1,1,0,594,A
7-M,629,0,0,602,0,602,G
7-M,630,0,0,601,0,601,G
7-M,631,1,0,0,606,607,C
7-M,632,606,0,0,0,606,A
7-M,633,0,0,603,0,603,G
7-M,634,599,0,0,0,599,A
7-M,635,0,595,0,1,596,T
7-M,636,0,1,600,0,601,G
7-M,637,0,0,618,0,618,G
7-M,638,0,612,0,0,612,T
7-M,639,0,1,614,0,615,G
7-M,640,0,0,0,615,615,C
7-M,641,609,1,2,0,612,A
7-M,642,0,0,619,0,619,G
7-M,643,1,1,614,0,616,G
7-M,644,1,1,0,608,610,C
7-M,645,615,0,0,0,615,A
7-M,646,603,0,0,0,603,A
7-M,647,0,601,0,1,602,T
7-M,648,1,2,599,0,602,G
7-M,649,598,0,1,0,599,A
7-M,650,0,0,602,0,602,G
7-M,651,587,0,1,0,588,A
7-M,652,0,0,589,0,589,G
7-M,653,1,1,0,587,589,C
7-M,654,0,1,0,593,594,C
7-M,655,595,0,2,0,597,A
7-M,656,0,592,0,1,593,T
7-M,657,1,594,0,0,595,T
7-M,658,0,1,598,0,599,G
7-M,659,1,0,599,0,600,G
7-M,660,1,0,600,0,601,G
7-M,661,598,1,2,0,601,A
7-M,662,0,0,0,599,599,C
7-M,663,0,582,0,2,584,T
7-M,664,1,0,0,584,585,C
7-M,665,592,0,1,0,593,A
7-M,666,0,620,0,0,620,T
7-M,667,0,0,0,617,617,C
7-M,668,1,0,0,618,619,C
7-M,669,0,613,0,2,615,T
7-M,670,614,0,0,0,614,A
7-M,671,0,0,624,1,625,G
7-M,672,0,684,0,2,686,T
7-M,673,0,682,0,1,683,T
7-M,674,1,1,0,676,678,C
7-M,675,1,0,1,666,668,C
7-M,676,665,0,0,1,666,A
7-M,677,0,0,681,0,681,G
7-M,678,0,681,0,0,681,T
7-M,679,680,0,0,0,680,A
7-M,680,0,0,0,680,680,C
7-M,681,0,618,0,2,620,T
7-M,682,0,0,641,0,641,G
7-M,683,1,0,646,0,647,G
7-M,684,0,645,0,0,645,T
7-M,685,1,0,0,644,645,C
7-M,686,0,635,0,2,637,T
7-M,687,638,0,0,0,638,A
7-M,688,637,0,1,0,638,A
7-M,689,0,1,641,0,642,G
7-M,690,628,0,1,0,629,A
7-M,691,0,1,618,0,619,G
7-M,692,588,0,1,0,589,A
7-M,693,0,592,0,0,592,T
7-M,694,0,0,590,0,590,G
7-M,695,589,0,1,0,590,A
7-M,696,0,588,0,0,588,T
7-M,697,0,0,0,590,590,C
7-M,698,0,585,0,0,585,T
7-M,699,0,587,0,0,587,T
7-M,700,0,0,0,586,586,C
7-M,701,0,586,0,0,586,T
7-M,702,0,583,0,0,583,T
7-M,703,0,1,586,0,587,G
7-M,704,587,0,0,0,587,A
7-M,705,587,0,1,0,588,A
7-M,706,587,0,0,0,587,A
7-M,707,587,0,0,0,587,A
7-M,708,0,592,0,0,592,T
7-M,709,1,589,0,2,592,T
7-M,710,0,593,0,0,593,T
7-M,711,1,0,592,0,593,G
7-M,712,0,1,0,590,591,C
7-M,713,594,0,0,0,594,A
7-M,714,0,0,595,0,595,G
7-M,715,593,0,0,0,593,A
7-M,716,0,0,0,600,600,C
7-M,717,2,0,0,592,594,C
7-M,718,0,591,0,1,592,T
7-M,719,595,0,0,0,595,A
7-M,720,1,589,0,0,590,T
7-M,721,0,0,0,594,594,C
7-M,722,591,0,0,0,591,A
7-M,723,0,1,594,0,595,G
7-M,724,589,0,0,0,589,A
7-M,725,569,0,3,0,572,A
7-M,726,573,0,0,0,573,A
7-M,727,0,0,0,570,570,C
7-M,728,1,2,575,0,578,G
7-M,729,574,0,0,0,574,A
7-M,730,574,0,0,0,574,A
7-M,731,0,576,0,0,576,T
7-M,732,0,1,572,0,573,G
7-M,733,0,2,573,0,575,G
7-M,734,0,1,572,0,573,G
7-M,735,0,1,569,0,570,G
7-M,736,0,0,570,0,570,G
7-M,737,0,562,0,0,562,T
7-M,738,1,0,558,0,559,G
7-M,739,0,0,0,561,561,C
7-M,740,560,0,0,0,560,A
7-M,741,0,0,563,0,563,G
7-M,742,556,0,0,0,556,A
7-M,743,0,550,0,0,550,T
7-M,744,1,0,545,0,546,G
7-M,745,0,0,0,535,535,C
7-M,746,534,0,1,0,535,A
7-M,747,532,0,2,0,534,A
7-M,748,0,0,0,538,538,C
7-M,749,0,2,532,0,534,G
7-M,750,537,0,0,0,537,A
7-M,751,0,531,0,0,531,T
7-M,752,0,532,0,0,532,T
7-M,753,0,1,0,532,533,C
7-M,754,527,0,0,0,527,A
7-M,755,527,0,1,0,528,A
7-M,756,0,0,531,0,531,G
7-M,757,0,525,0,0,525,T
7-M,758,0,2,521,0,523,G
7-M,759,523,0,1,0,524,A
7-M,760,1,0,0,521,522,C
7-M,761,1,0,0,519,520,C
7-M,762,0,0,0,515,515,C
7-M,763,0,0,521,0,521,G
7-M,764,0,0,0,522,522,C
7-M,765,0,518,0,3,521,T
7-M,766,0,523,0,1,524,T
7-M,767,0,0,522,0,522,G
7-M,768,0,523,0,2,525,T
7-M,769,0,523,0,0,523,T
7-M,770,0,0,525,0,525,G
7-M,771,0,513,0,0,513,T
7-M,772,0,514,0,0,514,T
7-M,773,1,0,514,0,515,G
7-M,774,0,0,0,511,511,C
7-M,775,3,0,0,509,512,C
7-M,776,0,0,514,0,514,G
7-M,777,0,0,0,513,513,C
7-M,778,0,0,512,0,512,G
7-M,779,512,0,1,0,513,A
7-M,780,511,0,0,0,511,A
7-M,781,0,520,0,0,520,T
7-M,782,522,0,0,0,522,A
7-M,783,0,521,0,1,522,T
7-M,784,0,0,1,523,524,C
7-M,785,524,0,1,0,525,A
7-M,786,0,523,0,0,523,T
7-M,787,2,518,1,0,521,T
7-M,788,0,1,519,0,520,G
7-M,789,0,1,516,0,517,G
7-M,790,0,1,515,0,516,G
7-M,791,513,0,0,0,513,A
7-M,792,0,512,0,0,512,T
7-M,793,0,1,0,491,492,C
7-M,794,0,490,0,0,490,T
7-M,795,0,494,0,0,494,T
7-M,796,0,0,495,0,495,G
7-M,797,0,0,0,494,494,C
7-M,798,489,0,1,0,490,A
7-M,799,0,0,0,494,494,C
7-M,800,0,485,0,1,486,T
7-M,801,0,488,0,0,488,T
7-M,802,1,0,490,0,491,G
7-M,803,495,0,0,0,495,A
7-M,804,0,498,0,0,498,T
7-M,805,488,0,0,0,488,A
7-M,806,1,483,0,1,485,T
7-M,807,0,478,0,0,478,T
7-M,808,0,0,483,0,483,G
7-M,809,0,477,0,2,479,T
7-M,810,0,0,477,0,477,G
7-M,811,0,0,478,0,478,G
7-M,812,474,0,0,0,474,A
7-M,813,1,472,0,0,473,T
7-M,814,0,475,0,0,475,T
7-M,815,0,0,0,475,475,C
7-M,816,1,473,0,1,475,T
7-M,817,0,472,0,0,472,T
7-M,818,0,2,471,0,473,G
7-M,819,470,1,0,0,471,A
7-M,820,0,471,0,0,471,T
7-M,821,0,0,0,465,465,C
7-M,822,0,0,462,0,462,G
7-M,823,1,461,0,0,462,T
7-M,824,0,0,0,463,463,C
7-M,825,0,455,0,0,455,T
7-M,826,0,462,0,0,462,T
7-M,827,0,460,0,2,462,T
7-M,828,0,462,0,0,462,T
7-M,829,0,463,0,0,463,T
7-M,830,0,459,0,3,462,T
7-M,831,0,460,0,2,462,T
7-M,832,1,0,0,461,462,C
7-M,833,458,0,0,0,458,A
7-M,834,455,0,1,0,456,A
7-M,835,457,0,0,0,457,A
7-M,836,0,456,0,0,456,T
7-M,837,0,0,454,0,454,G
7-M,838,0,0,0,455,455,C
7-M,839,0,0,454,0,454,G
7-M,840,0,455,1,1,457,T
7-M,841,0,0,0,459,459,C
7-M,842,0,458,0,0,458,T
7-M,843,458,0,0,0,458,A
7-M,844,0,455,0,2,457,T
7-M,845,1,0,0,452,453,C
7-M,846,0,0,453,0,453,G
7-M,847,447,0,0,0,447,A
7-M,848,1,0,0,446,447,C
7-M,849,0,435,0,1,436,T
7-M,850,0,0,0,440,440,C
7-M,851,0,434,0,2,436,T
7-M,852,0,438,0,1,439,T
7-M,853,0,0,0,439,439,C
7-M,854,438,0,0,0,438,A
7-M,855,439,0,0,0,439,A
7-M,856,436,0,2,0,438,A
7-M,857,0,0,1,435,436,C
7-M,858,432,0,0,0,432,A
7-M,859,0,0,0,414,414,C
7-M,860,0,0,395,0,395,G
7-M,861,0,0,405,0,405,G
7-M,862,0,0,0,407,407,C
7-M,863,1,0,0,406,407,C
7-M,864,0,407,0,1,408,T
7-M,865,0,410,0,0,410,T
7-M,866,410,0,0,0,410,A
7-M,867,412,0,0,0,412,A
7-M,868,413,0,0,0,413,A
7-M,869,407,0,1,0,408,A
7-M,870,0,0,407,0,407,G
7-M,871,362,0,0,0,362,A
7-M,872,0,1,363,0,364,G
7-M,873,1,0,360,0,361,G
7-M,874,0,0,0,362,362,C
7-M,875,1,2,0,363,366,C
7-M,876,1,0,0,361,362,C
7-M,877,0,362,0,0,362,T
7-M,878,0,363,0,0,363,T
7-M,879,0,0,0,366,366,C
7-M,880,0,366,0,0,366,T
7-M,881,366,0,0,0,366,A
7-M,882,0,0,0,365,365,C
7-M,883,0,0,356,0,356,G
7-M,884,0,0,356,0,356,G
7-M,885,348,0,0,0,348,A
7-M,886,347,0,0,0,347,A
7-M,887,0,0,345,0,345,G
7-M,888,0,0,342,0,342,G
7-M,889,337,0,0,0,337,A
7-M,890,0,0,335,0,335,G
7-M,891,0,329,0,0,329,T
7-M,892,329,0,1,0,330,A
7-M,893,0,1,0,328,329,C
7-M,894,1,1,0,327,329,C
7-M,895,0,324,0,0,324,T
7-M,896,0,1,323,0,324,G
7-M,897,309,0,0,0,309,A
7-M,898,0,0,313,0,313,G
7-M,899,0,296,0,0,296,T
7-M,900,3,0,0,293,296,C
7-M,901,0,286,0,2,288,T
7-M,902,287,0,0,0,287,A
7-M,903,0,288,0,0,288,T
7-M,904,0,0,289,0,289,G
7-M,905,282,0,0,0,282,A
7-M,906,0,0,281,0,281,G
7-M,907,0,0,261,0,261,G
7-M,908,0,0,261,0,261,G
7-M,909,259,0,0,0,259,A
7-M,910,254,0,0,0,254,A
7-M,911,0,1,252,0,253,G
7-M,912,247,0,0,0,247,A
7-M,913,250,0,0,0,250,A
7-M,914,0,243,0,0,243,T
7-M,915,238,0,1,0,239,A
7-M,916,0,237,0,1,238,T
7-M,917,1,2,0,231,234,C
7-M,918,0,0,234,0,234,G
7-M,919,234,0,0,0,234,A
7-M,920,227,0,0,0,227,A
7-M,921,227,0,0,0,227,A
7-M,922,0,0,225,0,225,G
7-M,923,0,0,227,0,227,G
7-M,924,223,0,1,1,225,A
7-M,925,220,0,2,0,222,A
7-M,926,1,0,0,221,222,C
7-M,927,221,0,0,1,222,A
7-M,928,0,0,223,0,223,G
7-M,929,0,0,0,223,223,C
7-M,930,220,0,0,0,220,A
7-M,931,0,0,221,0,221,G
7-M,932,207,0,0,0,207,A
7-M,933,206,0,0,0,206,A
7-M,934,0,204,0,1,205,T
7-M,935,0,0,200,0,200,G
7-M,936,0,0,0,198,198,C
7-M,937,0,186,0,0,186,T
7-M,938,0,0,186,0,186,G
7-M,939,0,183,0,0,183,T
7-M,940,0,0,184,0,184,G
7-M,941,0,0,184,0,184,G
7-M,942,175,0,0,0,175,A
7-M,943,0,176,0,0,176,T
7-M,944,0,0,170,0,170,G
7-M,945,1,0,0,160,161,C
7-M,946,0,153,0,0,153,T
7-M,947,0,0,150,1,151,G
7-M,948,151,0,0,0,151,A
7-M,949,0,0,0,148,148,C
7-M,950,0,0,145,0,145,G
7-M,951,146,0,0,0,146,A
7-M,952,0,0,0,146,146,C
7-M,953,143,0,0,0,143,A
7-M,954,0,0,144,0,144,G
7-M,955,0,143,0,0,143,T
7-M,956,0,0,0,138,138,C
7-M,957,139,0,0,0,139,A
7-M,958,0,139,0,0,139,T
7-M,959,0,138,0,0,138,T
7-M,960,1,138,0,0,139,T
7-M,961,0,137,0,0,137,T
7-M,962,1,1,135,0,137,G
7-M,963,0,128,0,1,129,T
7-M,964,1,0,0,130,131,C
7-M,965,126,0,0,0,126,A
7-M,966,0,0,126,0,126,G
7-M,967,1,0,0,124,125,C
7-M,968,126,0,0,0,126,A
7-M,969,0,126,0,0,126,T
7-M,970,120,0,0,0,120,A
7-M,971,0,1,119,0,120,G
7-M,972,112,0,0,0,112,A
7-M,973,0,0,112,0,112,G
7-M,974,0,112,0,0,112,T
7-M,975,0,73,0,0,73,T
7-M,976,0,0,72,0,72,G
7-M,977,0,0,73,0,73,G
7-M,978,72,0,0,0,72,A
7-M,979,0,0,72,0,72,G
7-M,980,0,43,0,0,43,T
7-M,981,41,0,0,0,41,A
7-M,982,41,0,0,0,41,A
8-NS,1,209,0,0,0,209,A
8-NS,2,0,210,0,0,210,T
8-NS,3,0,0,233,0,233,G
8-NS,4,0,1,252,0,253,G
8-NS,5,274,0,0,0,274,A
8-NS,6,0,554,0,0,554,T
8-NS,7,0,553,0,2,555,T
8-NS,8,0,1,0,568,569,C
8-NS,9,0,0,0,571,571,C
8-NS,10,568,0,1,1,570,A
8-NS,11,576,0,0,0,576,A
8-NS,12,0,0,0,576,576,C
8-NS,13,575,1,0,0,576,A
8-NS,14,1,0,0,582,583,C
8-NS,15,0,582,0,1,583,T
8-NS,16,0,0,639,0,639,G
8-NS,17,0,638,0,2,640,T
8-NS,18,1,0,652,1,654,G
8-NS,19,0,653,0,1,654,T
8-NS,20,1,0,0,655,656,C
8-NS,21,656,0,0,0,656,A
8-NS,22,654,0,1,0,655,A
8-NS,23,0,0,667,0,667,G
8-NS,24,0,680,0,1,681,T
8-NS,25,1,678,2,1,682,T
8-NS,26,0,690,0,0,690,T
8-NS,27,0,2,0,691,693,C
8-NS,28,0,0,0,696,696,C
8-NS,29,695,0,0,1,696,A
8-NS,30,0,0,699,0,699,G
8-NS,31,0,0,710,0,710,G
8-NS,32,0,708,0,1,709,T
8-NS,33,707,0,0,0,707,A
8-NS,34,0,0,717,0,717,G
8-NS,35,718,0,0,0,718,A
8-NS,36,0,719,0,0,719,T
8-NS,37,0,719,0,0,719,T
8-NS,38,0,0,726,0,726,G
8-NS,39,0,0,0,730,730,C
8-NS,40,0,727,0,3,730,T
8-NS,41,0,738,0,0,738,T
8-NS,42,0,745,0,0,745,T
8-NS,43,0,0,0,767,767,C
8-NS,44,0,765,0,0,765,T
8-NS,45,0,764,0,0,764,T
8-NS,46,0,766,0,0,766,T
8-NS,47,0,2,780,0,782,G
8-NS,48,0,0,784,0,784,G
8-NS,49,0,0,0,785,785,C
8-NS,50,784,0,1,0,785,A
8-NS,51,0,779,0,5,784,T
8-NS,52,800,0,0,0,800,A
8-NS,53,0,813,0,0,813,T
8-NS,54,1,0,0,812,813,C
8-NS,55,0,1,0,814,815,C
8-NS,56,0,0,816,0,816,G
8-NS,57,1,0,820,1,822,G
8-NS,58,820,0,2,0,822,A
8-NS,59,822,0,1,0,823,A
8-NS,60,823,1,1,1,826,A
8-NS,61,0,0,0,829,829,C
8-NS,62,825,1,3,0,829,A
8-NS,63,832,0,1,0,833,A
8-NS,64,0,0,865,0,865,G
8-NS,65,0,865,0,0,865,T
8-NS,66,0,865,0,0,865,T
8-NS,67,0,1,865,0,866,G
8-NS,68,1,865,0,1,867,T
8-NS,69,863,0,2,1,866,A
8-NS,70,0,1,877,0,878,G
8-NS,71,931,0,3,1,935,A
8-NS,72,2,0,0,935,937,C
8-NS,73,0,0,0,924,924,C
8-NS,74,920,1,1,0,922,A
8-NS,75,923,0,1,0,924,A
8-NS,76,0,0,976,0,976,G
8-NS,77,974,0,1,0,975,A
8-NS,78,984,0,1,0,985,A
8-NS,79,0,0,0,984,984,C
8-NS,80,0,973,0,1,974,T
8-NS,81,1,1,984,0,986,G
8-NS,82,988,0,0,0,988,A
8-NS,83,1,0,1009,0,1010,G
8-NS,84,0,1011,0,0,1011,T
8-NS,85,0,2,996,0,998,G
8-NS,86,1003,0,3,0,1006,A
8-NS,87,0,1005,0,0,1005,T
8-NS,88,0,1,1021,0,1022,G
8-NS,89,1,2,0,1031,1034,C
8-NS,90,0,0,0,1038,1038,C
8-NS,91,2,0,0,1037,1039,C
8-NS,92,2,0,1,1038,1041,C
8-NS,93,1045,0,0,0,1045,A
8-NS,94,0,1055,0,2,1057,T
8-NS,95,0,1071,0,0,1071,T
8-NS,96,0,1,0,1076,1077,C
8-NS,97,0,1,0,1078,1079,C
8-NS,98,0,1073,0,1,1074,T
8-NS,99,0,1069,0,2,1071,T
8-NS,100,0,2,1070,0,1072,G
8-NS,101,1071,1,0,0,1072,A
8-NS,102,0,1068,0,2,1070,T
8-NS,103,5,0,0,1061,1066,C
8-NS,104,0,2,1065,0,1067,G
8-NS,105,0,0,1076,0,1076,G
8-NS,106,0,0,0,1077,1077,C
8-NS,107,0,1075,0,1,1076,T
8-NS,108,1,1074,0,0,1075,T
8-NS,109,1,0,0,1076,1077,C
8-NS,110,0,2,1090,0,1092,G
8-NS,111,0,1,0,1091,1092,C
8-NS,112,3,0,0,1087,1090,C
8-NS,113,0,1,1084,0,1085,G
8-NS,114,1080,1,2,0,1083,A
8-NS,115,0,0,1126,0,1126,G
8-NS,116,1130,0,1,0,1131,A
8-NS,117,0,1127,0,1,1128,T
8-NS,118,1,0,1,1130,1132,C
8-NS,119,1131,0,1,0,1132,A
8-NS,120,0,1,1138,0,1139,G
8-NS,121,1131,0,3,0,1134,A
8-NS,122,2,0,1142,0,1144,G
8-NS,123,0,1,1166,0,1167,G
8-NS,124,0,1186,0,4,1190,T
8-NS,125,0,0,0,1257,1257,C
8-NS,126,2,1,0,1258,1261,C
8-NS,127,2,0,0,1267,1269,C
8-NS,128,0,1270,0,0,1270,T
8-NS,129,1267,1,0,0,1268,A
8-NS,130,1265,0,1,0,1266,A
8-NS,131,6,1,1282,0,1289,G
8-NS,132,1,2,1289,0,1292,G
8-NS,133,0,1,1284,1,1286,G
8-NS,134,0,2,1258,0,1260,G
8-NS,135,1256,0,2,0,1258,A
8-NS,136,1251,0,5,0,1256,A
8-NS,137,0,0,1263,0,1263,G
8-NS,138,1286,1,2,0,1289,A
8-NS,139,0,1,1303,0,1304,G
8-NS,140,0,0,1306,0,1306,G
8-NS,141,0,0,0,1307,1307,C
8-NS,142,1308,0,1,1,1310,A
8-NS,143,1315,0,1,0,1316,A
8-NS,144,0,1315,1,0,1316,T
8-NS,145,1330,0,0,1,1331,A
8-NS,146,2,0,0,1343,1345,C
8-NS,147,1,1327,1,3,1332,T
8-NS,148,0,0,0,1336,1336,C
8-NS,149,0,1324,0,3,1327,T
8-NS,150,1,1,0,1342,1344,C
8-NS,151,2,4,1346,0,1352,G
8-NS,152,0,1,1418,0,1419,G
8-NS,153,0,1419,0,0,1419,T
8-NS,154,1,0,0,1423,1424,C
8-NS,155,0,1416,1,0,1417,T
8-NS,156,1429,1,0,0,1430,A
8-NS,157,1,2,1426,0,1429,G
8-NS,158,1426,0,3,0,1429,A
8-NS,159,0,0,0,1472,1472,C
8-NS,160,1464,0,2,0,1466,A
8-NS,161,1,1456,1,0,1458,T
8-NS,162,1,0,1,1453,1455,C
8-NS,163,1449,0,3,0,1452,A
8-NS,164,1453,0,1,0,1454,A
8-NS,165,1443,1,2,1,1447,A
8-NS,166,0,0,1448,0,1448,G
8-NS,167,1,0,0,1451,1452,C
8-NS,168,1434,0,3,0,1437,A
8-NS,169,1,1,1452,0,1454,G
8-NS,170,0,1,0,1458,1459,C
8-NS,171,2,1,0,1467,1470,C
8-NS,172,1474,0,0,0,1474,A
8-NS,173,0,0,0,1488,1488,C
8-NS,174,0,1,0,1489,1490,C
8-NS,175,2,0,0,1492,1494,C
8-NS,176,1504,8,0,0,1512,A
8-NS,177,0,1508,0,0,1508,T
8-NS,178,0,0,1511,0,1511,G
8-NS,179,0,1508,0,1,1509,T
8-NS,180,0,1508,0,0,1508,T
8-NS,181,1,1,1498,0,1500,G
8-NS,182,0,0,1491,1,1492,G
8-NS,183,1489,1,0,0,1490,A
8-NS,184,1494,0,0,0,1494,A
8-NS,185,1481,0,3,1,1485,A
8-NS,186,1,0,1493,1,1495,G
8-NS,187,0,0,0,1496,1496,C
8-NS,188,1494,0,0,0,1494,A
8-NS,189,1491,0,2,1,1494,A
8-NS,190,1488,0,0,0,1488,A
8-NS,191,0,1502,0,2,1504,T
8-NS,192,0,1500,0,1,1501,T
8-NS,193,0,1,1528,0,1529,G
8-NS,194,1,1528,0,1,1530,T
8-NS,195,1523,1,2,0,1526,A
8-NS,196,0,0,1527,0,1527,G
8-NS,197,1523,0,1,2,1526,A
8-NS,198,1518,1,1,0,1520,A
8-NS,199,1523,0,0,0,1523,A
8-NS,200,1515,0,3,1,1519,A
8-NS,201,1,0,1525,0,1526,G
8-NS,202,1517,0,2,0,1519,A
8-NS,203,0,1517,1,5,1523,T
8-NS,204,0,1521,0,0,1521,T
8-NS,205,0,2,0,1526,1528,C
8-NS,206,0,1522,0,2,1524,T
8-NS,207,26,0,1500,0,1526,G
8-NS,208,1523,0,2,1,1526,A
8-NS,209,1525,0,0,0,1525,A
8-NS,210,1517,1,1,1,1520,A
8-NS,211,0,0,1524,0,1524,G
8-NS,212,1518,0,3,0,1521,A
8-NS,213,1524,0,0,0,1524,A
8-NS,214,0,1,1529,0,1530,G
8-NS,215,1535,0,5,0,1540,A
8-NS,216,1542,0,0,0,1542,A
8-NS,217,0,1541,0,4,1545,T
8-NS,218,0,0,0,1555,1555,C
8-NS,219,0,1554,1,1,1556,T
8-NS,220,0,0,1565,0,1565,G
8-NS,221,1563,0,3,0,1566,A
8-NS,222,0,1569,0,1,1570,T
8-NS,223,0,0,1559,1,1560,G
8-NS,224,1544,0,2,0,1546,A
8-NS,225,2,2,1540,0,1544,G
8-NS,226,0,0,1543,1,1544,G
8-NS,227,1,0,0,1538,1539,C
8-NS,228,1547,0,0,0,1547,A
8-NS,229,0,0,0,1568,1568,C
8-NS,230,0,1563,0,0,1563,T
8-NS,231,0,1575,0,1,1576,T
8-NS,232,1572,0,0,0,1572,A
8-NS,233,1575,0,1,0,1576,A
8-NS,234,1569,0,4,0,1573,A
8-NS,235,1574,1,1,0,1576,A
8-NS,236,0,1571,0,0,1571,T
8-NS,237,0,2,1572,0,1574,G
8-NS,238,1576,0,1,0,1577,A
8-NS,239,0,0,0,1576,1576,C
8-NS,240,0,0,0,1568,1568,C
8-NS,241,1568,0,2,0,1570,A
8-NS,242,1,1568,0,5,1574,T
8-NS,243,1,1,1603,0,1605,G
8-NS,244,0,0,1609,0,1609,G
8-NS,245,0,1626,0,1,1627,T
8-NS,246,0,0,0,1691,1691,C
8-NS,247,0,1680,0,2,1682,T
8-NS,248,1,0,0,1701,1702,C
8-NS,249,1,3,0,1693,1697,C
8-NS,250,1702,0,1,0,1703,A
8-NS,251,1,0,1,1712,1714,C
8-NS,252,1696,0,4,0,1700,A
8-NS,253,1,1,0,1703,1705,C
8-NS,254,5,1,0,1683,1689,C
8-NS,255,0,1647,0,1,1648,T
8-NS,256,0,0,1653,0,1653,G
8-NS,257,0,0,0,1643,1643,C
8-NS,258,0,1631,0,2,1633,T
8-NS,259,0,1641,0,0,1641,T
8-NS,260,1,4,0,1631,1636,C
8-NS,261,0,0,1639,0,1639,G
8-NS,262,0,2,0,1636,1638,C
8-NS,263,0,1,1636,0,1637,G
8-NS,264,1711,0,1,0,1712,A
8-NS,265,0,1706,1,1,1708,T
8-NS,266,1761,0,1,1,1763,A
8-NS,267,0,0,0,1762,1762,C
8-NS,268,1756,1,2,0,1759,A
8-NS,269,0,1787,0,1,1788,T
8-NS,270,1771,1,1,0,1773,A
8-NS,271,1779,0,2,0,1781,A
8-NS,272,0,0,0,1783,1783,C
8-NS,273,0,1736,2,2,1740,T
8-NS,274,2,5,1754,0,1761,G
8-NS,275,1730,0,4,0,1734,A
8-NS,276,0,1,0,1742,1743,C
8-NS,277,1742,1,3,0,1746,A
8-NS,278,0,1717,0,3,1720,T
8-NS,279,0,1,1722,0,1723,G
8-NS,280,1725,0,3,0,1728,A
8-NS,281,1,0,0,1782,1783,C
8-NS,282,1,1773,0,2,1776,T
8-NS,283,1794,0,0,0,1794,A
8-NS,284,0,1789,0,1,1790,T
8-NS,285,0,1780,0,1,1781,T
8-NS,286,1,2,1779,0,1782,G
8-NS,287,1769,0,3,0,1772,A
8-NS,288,1,2,1764,0,1767,G
8-NS,289,0,3,1765,0,1768,G
8-NS,290,1731,1,0,0,1732,A
8-NS,291,1744,0,1,0,1745,A
8-NS,292,0,1720,0,0,1720,T
8-NS,293,0,1717,0,0,1717,T
8-NS,294,0,0,1741,0,1741,G
8-NS,295,1,1741,1,1,1744,T
8-NS,296,2,1,0,1735,1738,C
8-NS,297,1740,0,0,1,1741,A
8-NS,298,1736,0,3,1,1740,A
8-NS,299,0,1,1741,0,1742,G
8-NS,300,1743,0,1,2,1746,A
8-NS,301,1742,1,1,1,1745,A
8-NS,302,1740,0,4,1,1745,A
8-NS,303,0,0,0,1745,1745,C
8-NS,304,0,1723,0,0,1723,T
8-NS,305,1,2,1751,0,1754,G
8-NS,306,1,1,1760,0,1762,G
8-NS,307,0,1763,0,1,1764,T
8-NS,308,2,1763,0,1,1766,T
8-NS,309,5,2,0,1755,1762,C
8-NS,310,1762,0,4,0,1766,A
8-NS,311,0,1788,0,1,1789,T
8-NS,312,1,0,1798,0,1799,G
8-NS,313,0,5,0,1807,1812,C
8-NS,314,0,1789,0,3,1792,T
8-NS,315,1763,1,1,0,1765,A
8-NS,316,1771,0,1,0,1772,A
8-NS,317,1,1778,0,0,1779,T
8-NS,318,3,0,1778,1,1782,G
8-NS,319,0,2,0,1775,1777,C
8-NS,320,1,2,0,1757,1760,C
8-NS,321,2,0,0,1767,1769,C
8-NS,322,1758,0,0,0,1758,A
8-NS,323,1767,0,2,0,1769,A
8-NS,324,1,0,1771,0,1772,G
8-NS,325,1,0,0,1768,1769,C
8-NS,326,1761,0,2,0,1763,A
8-NS,327,2,2,1767,0,1771,G
8-NS,328,1756,1,2,0,1759,A
8-NS,329,1766,0,3,0,1769,A
8-NS,330,1758,1,1,0,1760,A
8-NS,331,0,1,1793,0,1794,G
8-NS,332,0,1779,0,2,1781,T
8-NS,333,0,2,1780,0,1782,G
8-NS,334,0,0,1783,0,1783,G
8-NS,335,1782,0,3,0,1785,A
8-NS,336,1767,0,5,0,1772,A
8-NS,337,0,3,1768,0,1771,G
8-NS,338,1,1,1778,0,1780,G
8-NS,339,1780,1,1,0,1782,A
8-NS,340,2,0,0,1769,1771,C
8-NS,341,3,0,1,1764,1768,C
8-NS,342,1,1762,0,3,1766,T
8-NS,343,1,0,0,1788,1789,C
8-NS,344,0,1784,0,5,1789,T
8-NS,345,0,1793,0,5,1798,T
8-NS,346,0,1797,0,0,1797,T
8-NS,347,0,0,1790,1,1791,G
8-NS,348,0,0,0,1800,1800,C
8-NS,349,1791,0,0,0,1791,A
8-NS,350,1,1776,0,5,1782,T
8-NS,351,2,1,0,1780,1783,C
8-NS,352,1800,0,3,0,1803,A
8-NS,353,0,2,1840,0,1842,G
8-NS,354,1832,1,2,1,1836,A
8-NS,355,1844,0,0,0,1844,A
8-NS,356,0,1844,1,0,1845,T
8-NS,357,0,2,1836,0,1838,G
8-NS,358,8,2,1838,0,1848,G
8-NS,359,1845,1,1,1,1848,A
8-NS,360,2,0,0,1844,1846,C
8-NS,361,0,1,0,1800,1801,C
8-NS,362,1774,0,2,0,1776,A
8-NS,363,0,1,1792,2,1795,G
8-NS,364,3,2,1792,0,1797,G
8-NS,365,0,1,0,1798,1799,C
8-NS,366,1780,0,1,0,1781,A
8-NS,367,1774,2,1,0,1777,A
8-NS,368,1,1767,0,2,1770,T
8-NS,369,3,5,0,1765,1773,C
8-NS,370,1774,0,0,0,1774,A
8-NS,371,0,1767,1,0,1768,T
8-NS,372,0,0,1739,0,1739,G
8-NS,373,0,0,1754,0,1754,G
8-NS,374,1735,1,5,0,1741,A
8-NS,375,0,1,1748,0,1749,G
8-NS,376,1737,0,1,0,1738,A
8-NS,377,1740,1,1,0,1742,A
8-NS,378,1737,0,3,0,1740,A
8-NS,379,1733,3,1,0,1737,A
8-NS,380,1745,1,1,0,1747,A
8-NS,381,1,0,0,1749,1750,C
8-NS,382,1741,0,2,0,1743,A
8-NS,383,0,1735,0,1,1736,T
8-NS,384,0,1,0,1728,1729,C
8-NS,385,1726,0,2,0,1728,A
8-NS,386,0,1728,0,2,1730,T
8-NS,387,0,0,1736,0,1736,G
8-NS,388,0,1728,0,4,1732,T
8-NS,389,0,1720,1,0,1721,T
8-NS,390,1,0,1719,0,1720,G
8-NS,391,1711,0,0,0,1711,A
8-NS,392,1708,0,2,1,1711,A
8-NS,393,1709,0,1,0,1710,A
8-NS,394,0,0,1717,0,1717,G
8-NS,395,0,0,0,1712,1712,C
8-NS,396,0,2,1713,0,1715,G
8-NS,397,1709,0,2,0,1711,A
8-NS,398,1710,0,1,0,1711,A
8-NS,399,0,1708,0,1,1709,T
8-NS,400,0,1705,1,4,1710,T
8-NS,401,0,1714,0,2,1716,T
8-NS,402,0,0,0,1721,1721,C
8-NS,403,1701,0,3,0,1704,A
8-NS,404,0,0,1712,0,1712,G
8-NS,405,0,1699,0,2,1701,T
8-NS,406,1,0,1703,0,1704,G
8-NS,407,0,1703,2,1,1706,T
8-NS,408,1,2,1708,0,1711,G
8-NS,409,1715,0,0,0,1715,A
8-NS,410,0,1710,1,1,1712,T
8-NS,411,0,1708,0,0,1708,T
8-NS,412,1,1714,0,0,1715,T
8-NS,413,1,1711,0,1,1713,T
8-NS,414,0,1715,1,1,1717,T
8-NS,415,1,3,1709,0,1713,G
8-NS,416,1717,2,5,0,1724,A
8-NS,417,1,3,0,1714,1718,C
8-NS,418,0,1,1,1698,1700,C
8-NS,419,1,0,1701,0,1702,G
8-NS,420,1781,0,1,1,1783,A
8-NS,421,0,0,0,1811,1811,C
8-NS,422,0,1809,1,1,1811,T
8-NS,423,1818,0,4,1,1823,A
8-NS,424,1,1,1816,1,1819,G
8-NS,425,1830,0,0,0,1830,A
8-NS,426,0,1,1845,0,1846,G
8-NS,427,1835,0,2,1,1838,A
8-NS,428,0,2,0,1872,1874,C
8-NS,429,1,1,0,1764,1766,C
8-NS,430,1722,0,5,0,1727,A
8-NS,431,0,1798,0,0,1798,T
8-NS,432,1789,0,1,0,1790,A
8-NS,433,0,1,1919,0,1920,G
8-NS,434,1,1912,0,2,1915,T
8-NS,435,1901,0,2,0,1903,A
8-NS,436,0,1903,0,3,1906,T
8-NS,437,0,1863,0,0,1863,T
8-NS,438,1923,1,3,0,1927,A
8-NS,439,0,0,0,1921,1921,C
8-NS,440,1,1853,0,2,1856,T
8-NS,441,1853,0,1,0,1854,A
8-NS,442,1703,0,1,0,1704,A
8-NS,443,1,5,1704,0,1710,G
8-NS,444,1,2,1699,0,1702,G
8-NS,445,0,0,1698,0,1698,G
8-NS,446,2,1,0,1673,1676,C
8-NS,447,0,1648,0,2,1650,T
8-NS,448,0,1647,1,1,1649,T
8-NS,449,0,1675,0,1,1676,T
8-NS,450,0,1,0,1673,1674,C
8-NS,451,1686,0,4,0,1690,A
8-NS,452,0,0,0,1686,1686,C
8-NS,453,2,0,0,1665,1667,C
8-NS,454,1,0,1673,0,1674,G
8-NS,455,1671,0,1,0,1672,A
8-NS,456,1663,1,5,0,1669,A
8-NS,457,0,2,1671,0,1673,G
8-NS,458,1655,0,3,0,1658,A
8-NS,459,0,2,1661,0,1663,G
8-NS,460,1,2,1626,0,1629,G
8-NS,461,0,1,1640,0,1641,G
8-NS,462,1624,0,6,0,1630,A
8-NS,463,2,0,1628,0,1630,G
8-NS,464,0,0,0,1624,1624,C
8-NS,465,1620,0,1,0,1621,A
8-NS,466,1621,1,1,1,1624,A
8-NS,467,0,1619,1,1,1621,T
8-NS,468,0,1610,1,1,1612,T
8-NS,469,0,0,1609,0,1609,G
8-NS,470,1,1591,0,0,1592,T
8-NS,471,1,1587,1,2,1591,T
8-NS,472,1,2,1584,0,1587,G
8-NS,473,1,0,1585,0,1586,G
8-NS,474,0,0,0,1587,1587,C
8-NS,475,1,1,1584,0,1586,G
8-NS,476,1583,1,1,0,1585,A
8-NS,477,1594,1,0,0,1595,A
8-NS,478,1601,2,0,0,1603,A
8-NS,479,0,1614,0,0,1614,T
8-NS,480,4,2,0,1604,1610,C
8-NS,481,0,1598,0,3,1601,T
8-NS,482,2,0,0,1610,1612,C
8-NS,483,1611,1,2,0,1614,A
8-NS,484,2,0,0,1612,1614,C
8-NS,485,2,0,1,1603,1606,C
8-NS,486,1607,0,0,0,1607,A
8-NS,487,1,1598,1,2,1602,T
8-NS,488,0,1593,1,0,1594,T
8-NS,489,2,0,1599,0,1601,G
8-NS,490,1,0,0,1597,1598,C
8-NS,491,0,1,0,1595,1596,C
8-NS,492,0,1590,0,4,1594,T
8-NS,493,0,1587,0,3,1590,T
8-NS,494,1,0,0,1598,1599,C
8-NS,495,0,1594,0,4,1598,T
8-NS,496,0,1594,1,0,1595,T
8-NS,497,0,1622,0,1,1623,T
8-NS,498,0,1604,0,3,1607,T
8-NS,499,3,0,0,1610,1613,C
8-NS,500,3,1,0,1606,1610,C
8-NS,501,1599,0,2,0,1601,A
8-NS,502,0,2,1625,0,1627,G
8-NS,503,0,1,1616,0,1617,G
8-NS,504,1649,0,2,0,1651,A
8-NS,505,0,0,0,1652,1652,C
8-NS,506,1655,0,1,0,1656,A
8-NS,507,1,1653,0,2,1656,T
8-NS,508,1661,1,2,0,1664,A
8-NS,509,2,0,0,1767,1769,C
8-NS,510,0,1765,1,0,1766,T
8-NS,511,1754,1,1,1,1757,A
8-NS,512,1,1744,0,4,1749,T
8-NS,513,0,1704,0,1,1705,T
8-NS,514,0,3,1703,0,1706,G
8-NS,515,1664,0,4,0,1668,A
8-NS,516,0,0,1661,0,1661,G
8-NS,517,1,0,1656,0,1657,G
8-NS,518,1521,0,1,0,1522,A
8-NS,519,0,1525,0,1,1526,T
8-NS,520,0,0,1514,0,1514,G
8-NS,521,0,1506,0,4,1510,T
8-NS,522,1,1,0,1514,1516,C
8-NS,523,1514,0,0,0,1514,A
8-NS,524,1515,0,1,0,1516,A
8-NS,525,1510,0,1,1,1512,A
8-NS,526,1506,0,1,0,1507,A
8-NS,527,1513,0,0,0,1513,A
8-NS,528,0,1511,1,1,1513,T
8-NS,529,0,1,1513,0,1514,G
8-NS,530,1,2,0,1509,1512,C
8-NS,531,1514,0,0,0,1514,A
8-NS,532,1515,0,2,0,1517,A
8-NS,533,0,1521,0,0,1521,T
8-NS,534,1,1520,0,0,1521,T
8-NS,535,1,0,1518,0,1519,G
8-NS,536,4,2,1501,0,1507,G
8-NS,537,1,1,1504,1,1507,G
8-NS,538,0,2,1517,0,1519,G
8-NS,539,0,1499,0,5,1504,T
8-NS,540,1,0,0,1507,1508,C
8-NS,541,1,0,0,1502,1503,C
8-NS,542,0,1496,0,3,1499,T
8-NS,543,0,1,0,1518,1519,C
8-NS,544,1510,0,1,0,1511,A
8-NS,545,0,1515,0,2,1517,T
8-NS,546,0,0,0,1517,1517,C
8-NS,547,2,1,1505,0,1508,G
8-NS,548,0,2,1504,0,1506,G
8-NS,549,1492,0,1,0,1493,A
8-NS,550,1,2,1489,0,1492,G
8-NS,551,0,2,1497,0,1499,G
8-NS,552,1483,0,1,0,1484,A
8-NS,553,0,0,0,1488,1488,C
8-NS,554,0,1491,0,0,1491,T
8-NS,555,0,1493,0,0,1493,T
8-NS,556,0,1,1500,0,1501,G
8-NS,557,1494,0,1,0,1495,A
8-NS,558,1495,0,2,0,1497,A
8-NS,559,0,1493,0,1,1494,T
8-NS,560,0,3,1474,0,1477,G
8-NS,561,1,1,1489,0,1491,G
8-NS,562,1485,0,2,0,1487,A
8-NS,563,1492,1,1,0,1494,A
8-NS,564,1,1533,0,0,1534,T
8-NS,565,1,1,1539,0,1541,G
8-NS,566,1547,0,2,0,1549,A
8-NS,567,0,1543,0,2,1545,T
8-NS,568,1544,0,1,0,1545,A
8-NS,569,1551,1,1,1,1554,A
8-NS,570,0,0,0,1537,1537,C
8-NS,571,1516,0,3,0,1519,A
8-NS,572,0,1,0,1523,1524,C
8-NS,573,1418,0,1,1,1420,A
8-NS,574,0,2,1438,0,1440,G
8-NS,575,0,1429,0,1,1430,T
8-NS,576,0,1421,0,4,1425,T
8-NS,577,1,0,0,1427,1428,C
8-NS,578,1,3,1410,0,1414,G
8-NS,579,1402,1,4,0,1407,A
8-NS,580,0,0,1412,0,1412,G
8-NS,581,1,1397,0,1,1399,T
8-NS,582,3,0,0,1397,1400,C
8-NS,583,1,1356,0,4,1361,T
8-NS,584,0,0,0,1380,1380,C
8-NS,585,1,1384,0,0,1385,T
8-NS,586,1384,0,0,0,1384,A
8-NS,587,1385,0,0,0,1385,A
8-NS,588,1386,0,0,0,1386,A
8-NS,589,1391,0,0,0,1391,A
8-NS,590,1381,8,0,0,1389,A
8-NS,591,0,1377,0,0,1377,T
8-NS,592,1,0,0,1380,1381,C
8-NS,593,1,1364,0,5,1370,T
8-NS,594,1367,2,0,0,1369,A
8-NS,595,0,0,0,1365,1365,C
8-NS,596,1362,1,1,0,1364,A
8-NS,597,0,3,1368,0,1371,G
8-NS,598,1334,0,2,0,1336,A
8-NS,599,0,2,1345,0,1347,G
8-NS,600,1343,0,1,0,1344,A
8-NS,601,0,1320,0,3,1323,T
8-NS,602,1,1323,0,2,1326,T
8-NS,603,1,0,0,1325,1326,C
8-NS,604,1,0,1324,0,1325,G
8-NS,605,0,0,0,1328,1328,C
8-NS,606,1,1323,0,2,1326,T
8-NS,607,1,1331,0,0,1332,T
8-NS,608,0,0,1319,0,1319,G
8-NS,609,0,0,1319,0,1319,G
8-NS,610,1311,0,4,0,1315,A
8-NS,611,0,0,1316,0,1316,G
8-NS,612,1303,0,3,0,1306,A
8-NS,613,1302,0,3,0,1305,A
8-NS,614,0,0,1312,0,1312,G
8-NS,615,0,0,1,1310,1311,C
8-NS,616,1310,0,1,0,1311,A
8-NS,617,0,0,1327,0,1327,G
8-NS,618,0,1313,0,3,1316,T
8-NS,619,1323,0,1,0,1324,A
8-NS,620,1323,0,2,0,1325,A
8-NS,621,0,1323,0,1,1324,T
8-NS,622,0,1,1332,0,1333,G
8-NS,623,1286,0,1,0,1287,A
8-NS,624,1,0,1308,0,1309,G
8-NS,625,1299,0,4,0,1303,A
8-NS,626,1253,0,1,0,1254,A
8-NS,627,0,1254,0,0,1254,T
8-NS,628,0,4,1227,1,1232,G
8-NS,629,0,0,1232,0,1232,G
8-NS,630,1,1,1226,1,1229,G
8-NS,631,0,1,1224,1,1226,G
8-NS,632,0,1,1236,0,1237,G
8-NS,633,1215,0,1,0,1216,A
8-NS,634,0,0,0,1225,1225,C
8-NS,635,2,0,0,1225,1227,C
8-NS,636,1,1209,0,2,1212,T
8-NS,637,4,1,0,1205,1210,C
8-NS,638,0,0,0,1212,1212,C
8-NS,639,1221,0,3,0,1224,A
8-NS,640,0,0,0,1216,1216,C
8-NS,641,1,1191,0,1,1193,T
8-NS,642,0,1191,0,1,1192,T
8-NS,643,1163,0,0,0,1163,A
8-NS,644,0,1,0,1155,1156,C
8-NS,645,0,1150,0,3,1153,T
8-NS,646,3,0,0,1152,1155,C
8-NS,647,1,0,0,1149,1150,C
8-NS,648,1151,0,0,0,1151,A
8-NS,649,1150,0,1,0,1151,A
8-NS,650,1151,0,0,0,1151,A
8-NS,651,1151,0,0,0,1151,A
8-NS,652,1,0,0,1154,1155,C
8-NS,653,1125,0,2,0,1127,A
8-NS,654,0,2,1126,0,1128,G
8-NS,655,1122,0,0,0,1122,A
8-NS,656,1125,0,0,0,1125,A
8-NS,657,1124,0,0,0,1124,A
8-NS,658,0,0,0,1117,1117,C
8-NS,659,1,5,1114,0,1120,G
8-NS,660,0,0,1117,0,1117,G
8-NS,661,0,0,1118,0,1118,G
8-NS,662,1114,1,1,0,1116,A
8-NS,663,1114,0,3,0,1117,A
8-NS,664,1116,0,0,0,1116,A
8-NS,665,0,1116,0,0,1116,T
8-NS,666,0,1,1122,0,1123,G
8-NS,667,0,1,1119,0,1120,G
8-NS,668,0,0,0,1113,1113,C
8-NS,669,1,1,1112,0,1114,G
8-NS,670,1106,1,3,0,1110,A
8-NS,671,0,1,1112,0,1113,G
8-NS,672,1110,1,1,1,1113,A
8-NS,673,1113,0,1,0,1114,A
8-NS,674,0,0,0,1123,1123,C
8-NS,675,1098,0,5,0,1103,A
8-NS,676,0,0,1104,0,1104,G
8-NS,677,0,0,0,1098,1098,C
8-NS,678,0,1094,0,1,1095,T
8-NS,679,1090,0,1,0,1091,A
8-NS,680,1,1,1079,0,1081,G
8-NS,681,0,0,1082,0,1082,G
8-NS,682,0,1072,0,2,1074,T
8-NS,683,2,0,0,1061,1063,C
8-NS,684,1062,0,1,0,1063,A
8-NS,685,1059,0,0,0,1059,A
8-NS,686,1060,1,0,0,1061,A
8-NS,687,1068,0,0,0,1068,A
8-NS,688,0,0,1070,0,1070,G
8-NS,689,0,1047,0,0,1047,T
8-NS,690,1,1042,0,3,1046,T
8-NS,691,0,1040,0,2,1042,T
8-NS,692,0,0,1044,0,1044,G
8-NS,693,1045,0,0,0,1045,A
8-NS,694,1044,0,0,0,1044,A
8-NS,695,0,1,1051,0,1052,G
8-NS,696,1025,0,0,0,1025,A
8-NS,697,0,2,1027,0,1029,G
8-NS,698,1026,0,0,0,1026,A
8-NS,699,0,1025,0,1,1026,T
8-NS,700,1026,0,2,0,1028,A
8-NS,701,1023,0,1,0,1024,A
8-NS,702,0,0,1023,1,1024,G
8-NS,703,959,0,3,0,962,A
8-NS,704,0,961,0,0,961,T
8-NS,705,0,0,965,0,965,G
8-NS,706,0,0,961,0,961,G
8-NS,707,0,0,0,958,958,C
8-NS,708,0,957,1,3,961,T
8-NS,709,964,0,0,0,964,A
8-NS,710,962,0,1,0,963,A
8-NS,711,2,958,0,0,960,T
8-NS,712,0,962,0,0,962,T
8-NS,713,0,2,961,0,963,G
8-NS,714,955,0,0,0,955,A
8-NS,715,952,0,2,0,954,A
8-NS,716,0,0,955,0,955,G
8-NS,717,949,0,1,0,950,A
8-NS,718,938,0,1,0,939,A
8-NS,719,1,0,948,1,950,G
8-NS,720,0,934,0,1,935,T
8-NS,721,0,0,934,0,934,G
8-NS,722,922,1,1,1,925,A
8-NS,723,0,0,924,0,924,G
8-NS,724,923,0,2,0,925,A
8-NS,725,0,0,0,919,919,C
8-NS,726,906,0,0,0,906,A
8-NS,727,0,1,0,903,904,C
8-NS,728,851,2,2,0,855,A
8-NS,729,1,2,864,0,867,G
8-NS,730,863,0,1,0,864,A
8-NS,731,0,858,0,0,858,T
8-NS,732,0,849,0,3,852,T
8-NS,733,849,0,0,0,849,A
8-NS,734,847,0,0,0,847,A
8-NS,735,845,0,0,0,845,A
8-NS,736,847,0,0,0,847,A
8-NS,737,847,0,0,0,847,A
8-NS,738,0,0,0,817,817,C
8-NS,739,764,0,0,0,764,A
8-NS,740,768,0,1,0,769,A
8-NS,741,0,1,0,768,769,C
8-NS,742,0,768,0,0,768,T
8-NS,743,0,1,770,0,771,G
8-NS,744,768,0,1,0,769,A
8-NS,745,771,0,0,0,771,A
8-NS,746,772,0,0,0,772,A
8-NS,747,763,0,0,0,763,A
8-NS,748,2,759,0,0,761,T
8-NS,749,748,0,3,1,752,A
8-NS,750,1,0,752,1,754,G
8-NS,751,0,0,0,752,752,C
8-NS,752,0,732,0,0,732,T
8-NS,753,0,732,0,0,732,T
8-NS,754,1,722,0,1,724,T
8-NS,755,0,0,728,0,728,G
8-NS,756,728,0,0,0,728,A
8-NS,757,729,0,0,0,729,A
8-NS,758,1,0,0,729,730,C
8-NS,759,715,0,0,0,715,A
8-NS,760,715,0,1,0,716,A
8-NS,761,718,0,0,0,718,A
8-NS,762,0,719,0,0,719,T
8-NS,763,715,0,2,0,717,A
8-NS,764,704,0,2,0,706,A
8-NS,765,0,1,0,693,694,C
8-NS,766,697,0,0,0,697,A
8-NS,767,0,688,0,0,688,T
8-NS,768,1,681,0,2,684,T
8-NS,769,0,0,0,668,668,C
8-NS,770,660,0,1,0,661,A
8-NS,771,0,658,0,1,659,T
8-NS,772,0,0,658,0,658,G
8-NS,773,0,0,0,643,643,C
8-NS,774,634,0,0,0,634,A
8-NS,775,630,0,3,0,633,A
8-NS,776,0,0,632,0,632,G
8-NS,777,0,0,0,632,632,C
8-NS,778,624,0,0,0,624,A
8-NS,779,0,619,0,3,622,T
8-NS,780,0,619,0,2,621,T
8-NS,781,621,0,0,0,621,A
8-NS,782,0,0,0,621,621,C
8-NS,783,604,0,0,0,604,A
8-NS,784,0,0,520,0,520,G
8-NS,785,0,0,0,520,520,C
8-NS,786,0,521,0,0,521,T
8-NS,787,0,0,523,0,523,G
8-NS,788,0,0,0,517,517,C
8-NS,789,0,507,0,0,507,T
8-NS,790,0,0,509,0,509,G
8-NS,791,0,505,0,0,505,T
8-NS,792,0,503,0,0,503,T
8-NS,793,0,499,0,1,500,T
8-NS,794,0,0,496,0,496,G
8-NS,795,494,0,2,0,496,A
8-NS,796,475,0,0,0,475,A
8-NS,797,0,0,476,0,476,G
8-NS,798,0,472,0,1,473,T
8-NS,799,0,0,447,0,447,G
8-NS,800,0,0,448,0,448,G
8-NS,801,448,0,0,0,448,A
8-NS,802,447,0,0,0,447,A
8-NS,803,1,0,0,445,446,C
8-NS,804,435,0,0,0,435,A
8-NS,805,3,1,432,0,436,G
8-NS,806,0,1,431,0,432,G
8-NS,807,420,0,2,0,422,A
8-NS,808,0,0,419,0,419,G
8-NS,809,351,0,1,0,352,A
8-NS,810,1,349,0,1,351,T
8-NS,811,350,0,0,0,350,A
8-NS,812,349,0,0,0,349,A
8-NS,813,0,0,349,0,349,G
8-NS,814,309,0,0,0,309,A
8-NS,815,308,0,0,0,308,A
8-NS,816,1,1,0,304,306,C
8-NS,817,0,259,0,2,261,T
8-NS,818,0,258,0,0,258,T
8-NS,819,0,258,0,2,260,T
8-NS,820,0,0,0,259,259,C
8-NS,821,0,254,0,0,254,T
8-NS,822,1,0,0,250,251,C
8-NS,823,249,0,0,0,249,A
8-NS,824,0,247,0,0,247,T
8-NS,825,1,242,0,1,244,T
8-NS,826,0,241,0,0,241,T
8-NS,827,0,0,0,239,239,C
8-NS,828,224,0,0,0,224,A
8-NS,829,0,0,224,0,224,G
8-NS,830,0,0,0,223,223,C
8-NS,831,0,204,0,1,205,T
8-NS,832,0,205,0,0,205,T
8-NS,833,197,0,0,0,197,A
8-NS,834,0,197,0,1,198,T
8-NS,835,0,198,0,0,198,T
8-NS,836,0,197,0,0,197,T
8-NS,837,187,0,0,0,187,A
8-NS,838,178,0,0,0,178,A
8-NS,839,0,175,0,0,175,T
8-NS,840,1,1,173,0,175,G
8-NS,841,169,0,0,0,169,A
8-NS,842,0,146,0,2,148,T
8-NS,843,145,0,0,0,145,A
8-NS,844,145,0,0,0,145,A
8-NS,845,146,0,0,0,146,A
8-NS,846,146,0,0,0,146,A
8-NS,847,145,0,0,0,145,A
8-NS,848,143,0,0,0,143,A
8-NS,849,0,0,0,142,142,C
8-NS,850,127,0,0,0,127,A
8-NS,851,0,0,0,127,127,C
8-NS,852,0,0,0,123,123,C
8-NS,853,0,0,0,119,119,C
8-NS,854,0,114,0,0,114,T
8-NS,855,0,108,0,0,108,T
8-NS,856,0,0,106,0,106,G
8-NS,857,0,99,0,0,99,T
8-NS,858,0,99,0,0,99,T
8-NS,859,0,97,0,0,97,T
8-NS,860,0,0,0,42,42,C
8-NS,861,0,29,0,0,29,T
8-NS,862,23,0,0,0,23,A
8-NS,863,0,0,0,23,23,C
