Gene,Position,A,T,G,C,Coverage,Consensus
1-PB2,1,220,0,0,0,220,A
1-PB2,2,0,220,0,0,220,T
1-PB2,3,0,0,226,0,226,G
1-PB2,4,0,0,226,0,226,G
1-PB2,5,224,0,0,0,224,A
1-PB2,6,219,0,1,0,220,A
1-PB2,7,228,0,0,0,228,A
1-PB2,8,0,0,246,0,246,G
1-PB2,9,247,0,0,0,247,A
1-PB2,10,247,0,0,0,247,A
1-PB2,11,0,256,0,0,256,T
1-PB2,12,255,0,0,0,255,A
1-PB2,13,252,0,0,0,252,A
1-PB2,14,257,0,0,0,257,A
1-PB2,15,254,0,1,0,255,A
1-PB2,16,0,0,259,0,259,G
1-PB2,17,261,0,0,0,261,A
1-PB2,18,263,0,0,0,263,A
1-PB2,19,0,0,0,266,266,C
1-PB2,20,0,269,0,0,269,T
1-PB2,21,271,0,0,0,271,A
1-PB2,22,0,0,0,269,269,C
1-PB2,23,1,0,269,0,270,G
1-PB2,24,0,0,279,0,279,G
1-PB2,25,281,0,0,0,281,A
1-PB2,26,293,0,0,0,293,A
1-PB2,27,0,296,0,0,296,T
1-PB2,28,0,0,0,296,296,C
1-PB2,29,0,298,0,0,298,T
1-PB2,30,0,0,297,0,297,G
1-PB2,31,298,0,0,0,298,A
1-PB2,32,0,304,0,0,304,T
1-PB2,33,0,0,300,0,300,G
1-PB2,34,0,304,0,1,305,T
1-PB2,35,0,0,0,305,305,C
1-PB2,36,0,0,306,0,306,G
1-PB2,37,0,0,0,306,306,C
1-PB2,38,306,0,0,0,306,A
1-PB2,39,1,0,327,0,328,G
1-PB2,40,0,334,0,0,334,T
1-PB2,41,0,0,0,335,335,C
1-PB2,42,0,331,0,0,331,T
1-PB2,43,0,0,0,334,334,C
1-PB2,44,0,0,334,0,334,G
1-PB2,45,0,0,0,330,330,C
1-PB2,46,337,0,0,0,337,A
1-PB2,47,0,0,0,339,339,C
1-PB2,48,0,336,0,0,336,T
1-PB2,49,0,0,0,342,342,C
1-PB2,50,0,0,344,0,344,G
1-PB2,51,0,0,0,341,341,C
1-PB2,52,0,0,345,0,345,G
1-PB2,53,344,0,0,0,344,A
1-PB2,54,0,0,345,0,345,G
1-PB2,55,353,0,0,0,353,A
1-PB2,56,0,353,0,0,353,T
1-PB2,57,358,0,0,0,358,A
1-PB2,58,0,0,0,357,357,C
1-PB2,59,0,355,0,0,355,T
1-PB2,60,0,0,367,0,367,G
1-PB2,61,368,0,1,0,369,A
1-PB2,62,0,0,0,378,378,C
1-PB2,63,378,0,0,0,378,A
1-PB2,64,377,0,0,0,377,A
1-PB2,65,384,0,0,0,384,A
1-PB2,66,389,0,1,0,390,A
1-PB2,67,389,0,0,0,389,A
1-PB2,68,0,1,0,394,395,C
1-PB2,69,0,0,0,394,394,C
1-PB2,70,406,0,1,0,407,A
1-PB2,71,0,0,0,413,413,C
1-PB2,72,411,0,0,0,411,A
1-PB2,73,0,0,423,0,423,G
1-PB2,74,0,423,0,0,423,T
1-PB2,75,0,0,443,0,443,G
1-PB2,76,0,0,444,0,444,G
1-PB2,77,437,0,0,0,437,A
1-PB2,78,0,0,0,465,465,C
1-PB2,79,0,0,0,466,466,C
1-PB2,80,466,0,0,0,466,A
1-PB2,81,0,469,0,0,469,T
1-PB2,82,465,0,0,0,465,A
1-PB2,83,0,463,0,0,463,T
1-PB2,84,0,0,464,0,464,G
1-PB2,85,0,0,470,0,470,G
1-PB2,86,0,0,0,480,480,C
1-PB2,87,0,0,0,472,472,C
1-PB2,88,468,1,0,0,469,A
1-PB2,89,0,501,0,0,501,T
1-PB2,90,500,0,0,0,500,A
1-PB2,91,516,0,0,0,516,A
1-PB2,92,0,522,0,0,522,T
1-PB2,93,0,524,0,0,524,T
1-PB2,94,529,0,0,0,529,A
1-PB2,95,524,0,0,0,524,A
1-PB2,96,0,0,543,0,543,G
1-PB2,97,538,0,0,0,538,A
1-PB2,98,537,0,0,0,537,A
1-PB2,99,1,0,555,0,556,G
1-PB2,100,0,552,0,0,552,T
1-PB2,101,550,0,0,0,550,A
1-PB2,102,0,0,0,555,555,C
1-PB2,103,551,0,2,0,553,A
1-PB2,104,0,0,0,563,563,C
1-PB2,105,561,0,0,0,561,A
1-PB2,106,0,561,0,0,561,T
1-PB2,107,0,0,0,563,563,C
1-PB2,108,0,0,565,0,565,G
1-PB2,109,0,1,563,0,564,G
1-PB2,110,0,0,556,0,556,G
1-PB2,111,0,0,560,0,560,G
1-PB2,112,556,0,1,0,557,A
1-PB2,113,0,0,556,0,556,G
1-PB2,114,553,0,3,0,556,A
1-PB2,115,0,0,0,561,561,C
1-PB2,116,560,0,0,0,560,A
1-PB2,117,0,0,567,0,567,G
1-PB2,118,0,0,573,0,573,G
1-PB2,119,574,0,0,0,574,A
1-PB2,120,571,0,1,0,572,A
1-PB2,121,573,0,0,0,573,A
1-PB2,122,572,0,1,0,573,A
1-PB2,123,0,0,571,0,571,G
1-PB2,124,571,0,0,0,571,A
1-PB2,125,573,0,2,0,575,A
1-PB2,126,0,0,0,578,578,C
1-PB2,127,0,0,0,569,569,C
1-PB2,128,1,0,0,568,569,C
1-PB2,129,1,0,574,0,575,G
1-PB2,130,0,572,0,0,572,T
1-PB2,131,0,0,0,577,577,C
1-PB2,132,575,0,0,0,575,A
1-PB2,133,0,0,0,585,585,C
1-PB2,134,0,579,0,0,579,T
1-PB2,135,0,580,0,0,580,T
1-PB2,136,578,1,0,0,579,A
1-PB2,137,0,0,584,0,584,G
1-PB2,138,0,0,586,0,586,G
1-PB2,139,582,0,1,0,583,A
1-PB2,140,0,585,0,0,585,T
1-PB2,141,0,0,593,0,593,G
1-PB2,142,596,0,0,0,596,A
1-PB2,143,597,0,0,0,597,A
1-PB2,144,595,0,2,0,597,A
1-PB2,145,0,595,0,0,595,T
1-PB2,146,0,0,596,0,596,G
1-PB2,147,0,0,598,0,598,G
1-PB2,148,595,0,1,0,596,A
1-PB2,149,0,593,0,0,593,T
1-PB2,150,0,0,591,0,591,G
1-PB2,151,587,0,2,0,589,A
1-PB2,152,0,593,0,0,593,T
1-PB2,153,1,0,592,1,594,G
1-PB2,154,0,0,595,0,595,G
1-PB2,155,0,1,0,600,601,C
1-PB2,156,595,0,0,0,595,A
1-PB2,157,604,0,1,0,605,A
1-PB2,158,0,609,0,0,609,T
1-PB2,159,0,1,628,0,629,G
1-PB2,160,628,0,0,0,628,A
1-PB2,161,627,0,0,0,627,A
1-PB2,162,623,0,0,0,623,A
1-PB2,163,0,629,0,0,629,T
1-PB2,164,632,0,0,0,632,A
1-PB2,165,0,0,0,644,644,C
1-PB2,166,0,0,0,640,640,C
1-PB2,167,0,0,0,648,648,C
1-PB2,168,649,0,0,0,649,A
1-PB2,169,638,0,0,0,638,A
1-PB2,170,0,646,0,0,646,T
1-PB2,171,1,0,0,645,646,C
1-PB2,172,647,0,0,0,647,A
1-PB2,173,0,0,0,658,658,C
1-PB2,174,0,652,0,0,652,T
1-PB2,175,0,0,658,0,658,G
1-PB2,176,0,0,0,654,654,C
1-PB2,177,0,653,0,1,654,T
1-PB2,178,0,1,659,0,660,G
1-PB2,179,653,0,1,0,654,A
1-PB2,180,0,0,0,665,665,C
1-PB2,181,664,0,1,0,665,A
1-PB2,182,650,0,0,0,650,A
1-PB2,183,655,0,0,0,655,A
1-PB2,184,647,0,0,1,648,A
1-PB2,185,0,1,663,0,664,G
1-PB2,186,0,0,661,0,661,G
1-PB2,187,655,0,0,0,655,A
1-PB2,188,0,659,0,0,659,T
1-PB2,189,658,0,1,0,659,A
1-PB2,190,666,0,1,0,667,A
1-PB2,191,0,0,0,674,674,C
1-PB2,192,673,0,1,0,674,A
1-PB2,193,0,0,674,0,674,G
1-PB2,194,664,0,0,0,664,A
1-PB2,195,669,0,1,0,670,A
1-PB2,196,667,0,0,0,667,A
1-PB2,197,0,663,0,1,664,T
1-PB2,198,0,0,663,0,663,G
1-PB2,199,0,0,672,0,672,G
1-PB2,200,0,668,0,1,669,T
1-PB2,201,0,665,0,0,665,T
1-PB2,202,0,0,0,667,667,C
1-PB2,203,0,0,0,674,674,C
1-PB2,204,258,0,414,0,672,G
1-PB2,205,0,0,668,0,668,G
1-PB2,206,673,0,0,0,673,A
1-PB2,207,0,1,671,0,672,G
1-PB2,208,664,0,0,0,664,A
1-PB2,209,0,0,674,0,674,G
1-PB2,210,670,0,1,0,671,A
1-PB2,211,670,0,0,0,670,A
1-PB2,212,676,0,1,0,677,A
1-PB2,213,0,670,0,0,670,T
1-PB2,214,0,0,675,0,675,G
1-PB2,215,680,0,0,0,680,A
1-PB2,216,674,0,0,0,674,A
1-PB2,217,0,1,0,677,678,C
1-PB2,218,668,0,1,0,669,A
1-PB2,219,673,0,0,1,674,A
1-PB2,220,0,0,687,0,687,G
1-PB2,221,0,0,690,0,690,G
1-PB2,222,689,0,1,0,690,A
1-PB2,223,0,0,0,688,688,C
1-PB2,224,696,0,1,0,697,A
1-PB2,225,697,0,0,0,697,A
1-PB2,226,707,0,1,0,708,A
1-PB2,227,0,1,0,705,706,C
1-PB2,228,0,272,0,422,694,C
1-PB2,229,0,0,0,738,738,C
1-PB2,230,0,729,0,0,729,T
1-PB2,231,725,0,0,0,725,A
1-PB2,232,0,731,0,0,731,T
1-PB2,233,0,0,731,0,731,G
1-PB2,234,0,0,748,0,748,G
1-PB2,235,720,0,1,0,721,A
1-PB2,236,0,0,726,0,726,G
1-PB2,237,0,449,0,269,718,T
1-PB2,238,721,0,1,0,722,A
1-PB2,239,726,0,0,0,726,A
1-PB2,240,719,0,0,0,719,A
1-PB2,241,720,0,0,0,720,A
1-PB2,242,0,720,0,0,720,T
1-PB2,243,0,0,717,0,717,G
1-PB2,244,708,0,0,0,708,A
1-PB2,245,0,0,711,0,711,G
1-PB2,246,0,701,0,0,701,T
1-PB2,247,0,0,704,0,704,G
1-PB2,248,714,0,1,0,715,A
1-PB2,249,0,723,0,0,723,T
1-PB2,250,0,0,726,0,726,G
1-PB2,251,0,0,0,720,720,C
1-PB2,252,0,724,0,0,724,T
1-PB2,253,0,0,739,0,739,G
1-PB2,254,0,1,740,0,741,G
1-PB2,255,746,0,1,0,747,A
1-PB2,256,0,747,0,0,747,T
1-PB2,257,0,0,0,739,739,C
1-PB2,258,740,0,0,0,740,A
1-PB2,259,0,0,770,0,770,G
1-PB2,260,770,0,1,0,771,A
1-PB2,261,0,772,0,0,772,T
1-PB2,262,741,0,0,0,741,A
1-PB2,263,1,0,762,0,763,G
1-PB2,264,762,0,0,0,762,A
1-PB2,265,0,0,769,0,769,G
1-PB2,266,0,752,0,0,752,T
1-PB2,267,1,0,764,0,765,G
1-PB2,268,737,0,0,0,737,A
1-PB2,269,0,739,0,0,739,T
1-PB2,270,1,0,748,0,749,G
1-PB2,271,0,0,764,0,764,G
1-PB2,272,0,749,0,1,750,T
1-PB2,273,759,0,0,0,759,A
1-PB2,274,0,744,0,0,744,T
1-PB2,275,0,0,0,753,753,C
1-PB2,276,757,0,0,0,757,A
1-PB2,277,0,0,0,771,771,C
1-PB2,278,0,0,0,775,775,C
1-PB2,279,0,755,0,0,755,T
1-PB2,280,0,748,0,0,748,T
1-PB2,281,1,751,0,0,752,T
1-PB2,282,0,0,764,0,764,G
1-PB2,283,0,0,760,0,760,G
1-PB2,284,0,0,0,768,768,C
1-PB2,285,0,757,0,0,757,T
1-PB2,286,0,0,758,0,758,G
1-PB2,287,0,762,0,0,762,T
1-PB2,288,757,0,0,0,757,A
1-PB2,289,765,0,0,0,765,A
1-PB2,290,0,0,0,764,764,C
1-PB2,291,755,0,0,0,755,A
1-PB2,292,0,755,0,0,755,T
1-PB2,293,1,0,745,0,746,G
1-PB2,294,0,0,757,0,757,G
1-PB2,295,0,743,0,0,743,T
1-PB2,296,0,0,750,0,750,G
1-PB2,297,0,0,755,0,755,G
1-PB2,298,755,0,0,0,755,A
1-PB2,299,761,0,0,0,761,A
1-PB2,300,0,762,0,0,762,T
1-PB2,301,765,0,1,0,766,A
1-PB2,302,0,0,770,0,770,G
1-PB2,303,774,0,0,0,774,A
1-PB2,304,768,0,0,0,768,A
1-PB2,305,769,1,0,0,770,A
1-PB2,306,0,749,0,1,750,T
1-PB2,307,0,0,750,0,750,G
1-PB2,308,1,1,749,0,751,G
1-PB2,309,756,0,1,1,758,A
1-PB2,310,0,0,0,755,755,C
1-PB2,311,0,0,0,749,749,C
1-PB2,312,0,0,0,748,748,C
1-PB2,313,0,0,748,0,748,G
1-PB2,314,0,752,0,0,752,T
1-PB2,315,0,0,775,0,775,G
1-PB2,316,770,1,1,0,772,A
1-PB2,317,0,0,0,777,777,C
1-PB2,318,781,0,0,0,781,A
1-PB2,319,779,0,0,0,779,A
1-PB2,320,0,0,794,0,794,G
1-PB2,321,0,796,0,0,796,T
1-PB2,322,791,0,0,0,791,A
1-PB2,323,0,0,0,788,788,C
1-PB2,324,1,0,776,0,777,G
1-PB2,325,0,0,792,0,792,G
1-PB2,326,0,780,0,1,781,T
1-PB2,327,0,2,0,795,797,C
1-PB2,328,0,0,0,803,803,C
1-PB2,329,786,0,0,0,786,A
1-PB2,330,0,795,0,0,795,T
1-PB2,331,0,793,0,0,793,T
1-PB2,332,825,0,0,0,825,A
1-PB2,333,0,0,0,823,823,C
1-PB2,334,0,0,0,810,810,C
1-PB2,335,0,0,0,808,808,C
1-PB2,336,810,0,0,0,810,A
1-PB2,337,807,0,0,0,807,A
1-PB2,338,812,0,0,0,812,A
1-PB2,339,803,0,1,0,804,A
1-PB2,340,0,0,809,0,809,G
1-PB2,341,0,780,0,0,780,T
1-PB2,342,0,0,807,0,807,G
1-PB2,343,0,804,0,0,804,T
1-PB2,344,805,0,0,0,805,A
1-PB2,345,0,0,0,807,807,C
1-PB2,346,807,0,0,0,807,A
1-PB2,347,806,0,0,0,806,A
1-PB2,348,0,0,805,0,805,G
1-PB2,349,786,0,0,0,786,A
1-PB2,350,0,1,0,793,794,C
1-PB2,351,0,792,0,0,792,T
1-PB2,352,1,791,0,1,793,T
1-PB2,353,794,0,0,0,794,A
1-PB2,354,0,796,0,0,796,T
1-PB2,355,0,793,0,1,794,T
1-PB2,356,1,785,0,1,787,T
1-PB2,357,0,0,0,784,784,C
1-PB2,358,0,0,784,0,784,G
1-PB2,359,784,0,0,0,784,A
1-PB2,360,0,0,0,784,784,C
1-PB2,361,783,0,0,0,783,A
1-PB2,362,777,0,0,0,777,A
1-PB2,363,783,0,1,0,784,A
1-PB2,364,0,0,786,0,786,G
1-PB2,365,0,778,0,0,778,T
1-PB2,366,1,0,0,787,788,C
1-PB2,367,0,0,793,0,793,G
1-PB2,368,785,0,1,0,786,A
1-PB2,369,783,0,1,0,784,A
1-PB2,370,781,0,0,0,781,A
1-PB2,371,0,0,807,0,807,G
1-PB2,372,0,0,809,0,809,G
1-PB2,373,0,800,0,0,800,T
1-PB2,374,0,807,0,0,807,T
1-PB2,375,808,0,0,0,808,A
1-PB2,376,804,0,1,0,805,A
1-PB2,377,805,0,0,0,805,A
1-PB2,378,811,0,1,1,813,A
1-PB2,379,0,0,0,817,817,C
1-PB2,380,794,0,0,0,794,A
1-PB2,381,0,785,0,0,785,T
1-PB2,382,0,0,776,0,776,G
1-PB2,383,0,0,778,0,778,G
1-PB2,384,781,0,0,0,781,A
1-PB2,385,781,0,2,0,783,A
1-PB2,386,0,0,0,812,812,C
1-PB2,387,0,0,0,820,820,C
1-PB2,388,0,808,0,3,811,T
1-PB2,389,0,806,0,7,813,T
1-PB2,390,0,813,0,1,814,T
1-PB2,391,0,0,816,0,816,G
1-PB2,392,0,0,815,0,815,G
1-PB2,393,0,2,0,813,815,C
1-PB2,394,0,0,0,812,812,C
1-PB2,395,0,0,0,815,815,C
1-PB2,396,1,786,0,0,787,T
1-PB2,397,0,0,796,0,796,G
1-PB2,398,0,798,0,0,798,T
1-PB2,399,1,799,0,1,801,T
1-PB2,400,0,0,0,801,801,C
1-PB2,401,801,0,1,0,802,A
1-PB2,402,0,796,0,0,796,T
1-PB2,403,0,798,0,0,798,T
1-PB2,404,0,801,0,1,802,T
1-PB2,405,0,802,0,1,803,T
1-PB2,406,799,0,0,0,799,A
1-PB2,407,0,0,794,0,794,G
1-PB2,408,791,0,1,0,792,A
1-PB2,409,791,0,0,0,791,A
1-PB2,410,795,0,0,0,795,A
1-PB2,411,0,791,0,0,791,T
1-PB2,412,0,0,0,788,788,C
1-PB2,413,790,0,0,0,790,A
1-PB2,414,797,0,0,0,797,A
1-PB2,415,0,0,808,0,808,G
1-PB2,416,0,800,0,0,800,T
1-PB2,417,1,0,0,804,805,C
1-PB2,418,810,0,1,0,811,A
1-PB2,419,815,0,0,0,815,A
1-PB2,420,1,0,817,0,818,G
1-PB2,421,815,0,0,0,815,A
1-PB2,422,0,817,0,0,817,T
1-PB2,423,828,1,0,0,829,A
1-PB2,424,0,1,0,827,828,C
1-PB2,425,1,0,827,0,828,G
1-PB2,426,0,0,0,841,841,C
1-PB2,427,832,0,0,0,832,A
1-PB2,428,0,0,842,0,842,G
1-PB2,429,841,0,0,0,841,A
1-PB2,430,839,0,1,0,840,A
1-PB2,431,0,0,859,0,859,G
1-PB2,432,832,0,0,0,832,A
1-PB2,433,0,0,839,0,839,G
1-PB2,434,0,838,0,0,838,T
1-PB2,435,831,0,0,0,831,A
1-PB2,436,0,0,839,0,839,G
1-PB2,437,837,0,0,0,837,A
1-PB2,438,0,1,0,866,867,C
1-PB2,439,859,0,0,0,859,A
1-PB2,440,0,850,0,0,850,T
1-PB2,441,847,0,0,0,847,A
1-PB2,442,837,1,0,0,838,A
1-PB2,443,845,0,0,0,845,A
1-PB2,444,0,1,0,844,845,C
1-PB2,445,0,0,0,832,832,C
1-PB2,446,2,0,0,818,820,C
1-PB2,447,1,782,0,0,783,T
1-PB2,448,0,0,798,0,798,G
1-PB2,449,0,0,816,0,816,G
1-PB2,450,0,811,0,1,812,T
1-PB2,451,0,0,0,806,806,C
1-PB2,452,813,0,1,0,814,A
1-PB2,453,0,813,0,1,814,T
1-PB2,454,0,0,818,0,818,G
1-PB2,455,0,0,0,815,815,C
1-PB2,456,818,0,0,0,818,A
1-PB2,457,0,0,826,0,826,G
1-PB2,458,809,0,0,0,809,A
1-PB2,459,0,0,0,818,818,C
1-PB2,460,0,0,0,822,822,C
1-PB2,461,0,815,0,0,815,T
1-PB2,462,0,0,0,816,816,C
1-PB2,463,809,0,0,0,809,A
1-PB2,464,0,0,816,0,816,G
1-PB2,465,0,816,0,0,816,T
1-PB2,466,1,0,812,0,813,G
1-PB2,467,0,0,0,800,800,C
1-PB2,468,0,0,0,804,804,C
1-PB2,469,803,0,1,0,804,A
1-PB2,470,803,0,0,0,803,A
1-PB2,471,802,0,0,0,802,A
1-PB2,472,0,0,805,0,805,G
1-PB2,473,775,0,0,0,775,A
1-PB2,474,0,0,776,0,776,G
1-PB2,475,1,0,778,0,779,G
1-PB2,476,0,0,0,780,780,C
1-PB2,477,779,0,1,0,780,A
1-PB2,478,0,0,0,781,781,C
1-PB2,479,790,0,0,0,790,A
1-PB2,480,811,0,0,0,811,A
1-PB2,481,0,0,822,0,822,G
1-PB2,482,831,0,0,0,831,A
1-PB2,483,0,832,0,0,832,T
1-PB2,484,7,0,826,0,833,G
1-PB2,485,0,826,0,0,826,T
1-PB2,486,828,0,1,0,829,A
1-PB2,487,835,0,1,0,836,A
1-PB2,488,0,829,0,0,829,T
1-PB2,489,0,325,0,450,775,C
1-PB2,490,782,0,0,0,782,A
1-PB2,491,0,773,0,0,773,T
1-PB2,492,0,1,776,0,777,G
1-PB2,493,0,0,770,0,770,G
1-PB2,494,767,0,1,0,768,A
1-PB2,495,768,0,0,0,768,A
1-PB2,496,0,0,771,0,771,G
1-PB2,497,0,758,0,0,758,T
1-PB2,498,0,760,0,0,760,T
1-PB2,499,0,0,768,0,768,G
1-PB2,500,0,755,0,1,756,T
1-PB2,501,0,759,0,0,759,T
1-PB2,502,0,759,0,0,759,T
1-PB2,503,1,757,0,0,758,T
1-PB2,504,0,756,0,0,756,T
1-PB2,505,0,0,0,755,755,C
1-PB2,506,0,0,0,761,761,C
1-PB2,507,2,0,0,764,766,C
1-PB2,508,758,0,1,1,760,A
1-PB2,509,767,0,0,0,767,A
1-PB2,510,1,774,0,0,775,T
1-PB2,511,0,1,774,0,775,G
1-PB2,512,776,0,0,0,776,A
1-PB2,513,775,0,0,0,775,A
1-PB2,514,0,0,786,0,786,G
1-PB2,515,1,762,0,0,763,T
1-PB2,516,0,0,773,0,773,G
1-PB2,517,0,0,767,0,767,G
1-PB2,518,0,0,770,0,770,G
1-PB2,519,781,0,2,0,783,A
1-PB2,520,0,0,783,0,783,G
1-PB2,521,0,0,0,770,770,C
1-PB2,522,0,0,0,786,786,C
1-PB2,523,775,0,2,0,777,A
1-PB2,524,0,1,795,0,796,G
1-PB2,525,0,0,795,0,795,G
1-PB2,526,796,0,0,0,796,A
1-PB2,527,0,793,0,0,793,T
1-PB2,528,792,0,1,0,793,A
1-PB2,529,0,0,0,785,785,C
1-PB2,530,0,787,0,0,787,T
1-PB2,531,785,0,0,0,785,A
1-PB2,532,781,0,0,0,781,A
1-PB2,533,1,1,0,782,784,C
1-PB2,534,764,0,0,0,764,A
1-PB2,535,0,756,0,2,758,T
1-PB2,536,0,0,0,761,761,C
1-PB2,537,750,0,1,0,751,A
1-PB2,538,0,0,761,0,761,G
1-PB2,539,761,0,0,0,761,A
1-PB2,540,764,0,0,0,764,A
1-PB2,541,0,759,0,0,759,T
1-PB2,542,0,0,0,749,749,C
1-PB2,543,751,0,1,0,752,A
1-PB2,544,1,0,0,768,769,C
1-PB2,545,764,0,0,0,764,A
1-PB2,546,771,0,0,0,771,A
1-PB2,547,0,754,0,0,754,T
1-PB2,548,0,761,0,0,761,T
1-PB2,549,769,0,0,0,769,A
1-PB2,550,763,0,1,0,764,A
1-PB2,551,0,0,0,769,769,C
1-PB2,552,758,0,0,0,758,A
1-PB2,553,751,0,0,0,751,A
1-PB2,554,0,753,0,0,753,T
1-PB2,555,752,1,1,0,754,A
1-PB2,556,743,0,0,0,743,A
1-PB2,557,0,0,0,747,747,C
1-PB2,558,0,745,0,0,745,T
1-PB2,559,745,0,0,0,745,A
1-PB2,560,736,0,0,0,736,A
1-PB2,561,739,0,0,0,739,A
1-PB2,562,0,0,745,0,745,G
1-PB2,563,727,0,0,0,727,A
1-PB2,564,0,0,734,0,734,G
1-PB2,565,727,0,1,0,728,A
1-PB2,566,731,0,0,0,731,A
1-PB2,567,727,0,0,0,727,A
1-PB2,568,729,0,1,0,730,A
1-PB2,569,735,0,0,0,735,A
1-PB2,570,732,0,0,0,732,A
1-PB2,571,0,0,734,0,734,G
1-PB2,572,737,0,1,0,738,A
1-PB2,573,730,0,0,0,730,A
1-PB2,574,0,0,727,0,727,G
1-PB2,575,724,0,1,0,725,A
1-PB2,576,729,0,0,0,729,A
1-PB2,577,0,0,0,733,733,C
1-PB2,578,0,709,0,0,709,T
1-PB2,579,0,0,0,720,720,C
1-PB2,580,0,0,0,724,724,C
1-PB2,581,0,1,730,0,731,G
1-PB2,582,723,0,0,0,723,A
1-PB2,583,0,0,728,0,728,G
1-PB2,584,725,0,0,0,725,A
1-PB2,585,0,711,0,0,711,T
1-PB2,586,0,711,0,0,711,T
1-PB2,587,0,0,715,0,715,G
1-PB2,588,0,0,0,717,717,C
1-PB2,589,716,0,0,0,716,A
1-PB2,590,713,0,0,0,713,A
1-PB2,591,720,0,0,0,720,A
1-PB2,592,721,0,0,0,721,A
1-PB2,593,1,715,0,0,716,T
1-PB2,594,0,715,0,1,716,T
1-PB2,595,0,706,0,0,706,T
1-PB2,596,1,0,0,711,712,C
1-PB2,597,0,702,0,2,704,T
1-PB2,598,0,0,0,817,817,C
1-PB2,599,1,0,0,831,832,C
1-PB2,600,0,0,0,1027,1027,C
1-PB2,601,0,1026,0,0,1026,T
1-PB2,602,0,1062,0,1,1063,T
1-PB2,603,0,0,1062,0,1062,G
1-PB2,604,1064,0,1,0,1065,A
1-PB2,605,0,1108,0,0,1108,T
1-PB2,606,1,1,1146,0,1148,G
1-PB2,607,0,0,1418,0,1418,G
1-PB2,608,0,1473,0,1,1474,T
1-PB2,609,0,1500,0,0,1500,T
1-PB2,610,0,0,1690,0,1690,G
1-PB2,611,1,1,0,1699,1701,C
1-PB2,612,1753,0,0,0,1753,A
1-PB2,613,0,1758,0,0,1758,T
1-PB2,614,1779,0,1,10,1790,A
1-PB2,615,0,0,0,1893,1893,C
1-PB2,616,2263,0,0,0,2263,A
1-PB2,617,0,2363,0,1,2364,T
1-PB2,618,0,0,2531,0,2531,G
1-PB2,619,0,2517,0,0,2517,T
1-PB2,620,0,2515,0,0,2515,T
1-PB2,621,2528,0,0,0,2528,A
1-PB2,622,0,1,2524,0,2525,G
1-PB2,623,2577,0,2,0,2579,A
1-PB2,624,1,0,2621,0,2622,G
1-PB2,625,2558,0,2,0,2560,A
1-PB2,626,0,1,2576,0,2577,G
1-PB2,627,2547,1,2,0,2550,A
1-PB2,628,2,0,2570,1,2573,G
1-PB2,629,2577,0,1,0,2578,A
1-PB2,630,2588,0,2,0,2590,A
1-PB2,631,0,0,0,2613,2613,C
1-PB2,632,0,2608,0,1,2609,T
1-PB2,633,0,2619,0,0,2619,T
1-PB2,634,0,0,2610,0,2610,G
1-PB2,635,0,2607,0,2,2609,T
1-PB2,636,2611,0,2,0,2613,A
1-PB2,637,0,1,1,2607,2609,C
1-PB2,638,1,0,2608,0,2609,G
1-PB2,639,2610,0,0,0,2610,A
1-PB2,640,2602,0,0,0,2602,A
1-PB2,641,2647,0,2,0,2649,A
1-PB2,642,2650,0,1,0,2651,A
1-PB2,643,2649,0,5,0,2654,A
1-PB2,644,0,0,0,2662,2662,C
1-PB2,645,2665,0,0,0,2665,A
1-PB2,646,2663,0,0,0,2663,A
1-PB2,647,0,0,2683,0,2683,G
1-PB2,648,2687,0,0,0,2687,A
1-PB2,649,0,2684,0,0,2684,T
1-PB2,650,0,2684,0,0,2684,T
1-PB2,651,1,2688,0,2,2691,T
1-PB2,652,0,0,0,2710,2710,C
1-PB2,653,0,2713,0,3,2716,T
1-PB2,654,0,0,0,2713,2713,C
1-PB2,655,1,0,0,2702,2703,C
1-PB2,656,1,0,0,2722,2723,C
1-PB2,657,2714,0,1,0,2715,A
1-PB2,658,0,0,2752,0,2752,G
1-PB2,659,0,2750,0,1,2751,T
1-PB2,660,0,2758,0,0,2758,T
1-PB2,661,0,0,2754,0,2754,G
1-PB2,662,0,1,0,2745,2746,C
1-PB2,663,0,2757,0,1,2758,T
1-PB2,664,0,0,2763,0,2763,G
1-PB2,665,0,0,2746,0,2746,G
1-PB2,666,0,1,0,2759,2760,C
1-PB2,667,2,0,2771,0,2773,G
1-PB2,668,0,2,2811,0,2813,G
1-PB2,669,2825,1,1,0,2827,A
1-PB2,670,2825,0,2,0,2827,A
1-PB2,671,0,1,0,2822,2823,C
1-PB2,672,2850,0,3,0,2853,A
1-PB2,673,2850,0,1,0,2851,A
1-PB2,674,0,1,2999,0,3000,G
1-PB2,675,0,1,0,3076,3077,C
1-PB2,676,3112,0,1,0,3113,A
1-PB2,677,0,0,3958,0,3958,G
1-PB2,678,0,3966,0,0,3966,T
1-PB2,679,3986,0,2,0,3988,A
1-PB2,680,2,3995,1,1,3999,T
1-PB2,681,4018,0,1,0,4019,A
1-PB2,682,1,4021,0,1,4023,T
1-PB2,683,3968,0,0,0,3968,A
1-PB2,684,0,0,0,4016,4016,C
1-PB2,685,3855,0,0,0,3855,A
1-PB2,686,0,3696,0,1,3697,T
1-PB2,687,0,3611,0,0,3611,T
1-PB2,688,0,0,3581,0,3581,G
1-PB2,689,3588,0,0,0,3588,A
1-PB2,690,3571,0,1,0,3572,A
1-PB2,691,0,0,3633,0,3633,G
1-PB2,692,0,3604,0,0,3604,T
1-PB2,693,0,3596,0,1,3597,T
1-PB2,694,0,3596,0,1,3597,T
1-PB2,695,0,3602,0,1,3603,T
1-PB2,696,3645,0,1,0,3646,A
1-PB2,697,1,0,0,3667,3668,C
1-PB2,698,3673,2,0,0,3675,A
1-PB2,699,0,3675,0,1,3676,T
1-PB2,700,0,3649,0,0,3649,T
1-PB2,701,0,3668,0,0,3668,T
1-PB2,702,0,2,3679,0,3681,G
1-PB2,703,3707,0,0,0,3707,A
1-PB2,704,0,0,0,3749,3749,C
1-PB2,705,0,3728,0,0,3728,T
1-PB2,706,0,0,0,3730,3730,C
1-PB2,707,3698,1,4,0,3703,A
1-PB2,708,0,0,3704,0,3704,G
1-PB2,709,1,0,3765,0,3766,G
1-PB2,710,0,1,3762,0,3763,G
1-PB2,711,3758,1,2,0,3761,A
1-PB2,712,3767,0,1,0,3768,A
1-PB2,713,0,1,0,3775,3776,C
1-PB2,714,0,0,3809,0,3809,G
1-PB2,715,0,3780,1,2,3783,T
1-PB2,716,0,0,3833,0,3833,G
1-PB2,717,1,3797,0,1,3799,T
1-PB2,718,1,3793,0,1,3795,T
1-PB2,719,0,1,3807,0,3808,G
1-PB2,720,0,1,3797,0,3798,G
1-PB2,721,0,1,3846,0,3847,G
1-PB2,722,3822,0,4,0,3826,A
1-PB2,723,3821,0,2,0,3823,A
1-PB2,724,0,0,0,3930,3930,C
1-PB2,725,3899,0,0,0,3899,A
1-PB2,726,4065,0,2,0,4067,A
1-PB2,727,4089,0,0,0,4089,A
1-PB2,728,1,4123,0,2,4126,T
1-PB2,729,2,0,4168,0,4170,G
1-PB2,730,1,4142,0,0,4143,T
1-PB2,731,4138,0,2,0,4140,A
1-PB2,732,0,2,0,4153,4155,C
1-PB2,733,4097,0,2,0,4099,A
1-PB2,734,0,1,0,4106,4107,C
1-PB2,735,0,3982,0,6,3988,T
1-PB2,736,0,0,0,4408,4408,C
1-PB2,737,0,2,0,4412,4414,C
1-PB2,738,4480,0,2,0,4482,A
1-PB2,739,0,0,4545,0,4545,G
1-PB2,740,1,0,4654,1,4656,G
1-PB2,741,0,4605,0,2,4607,T
1-PB2,742,1,2,4648,0,4651,G
1-PB2,743,1,2,4516,0,4519,G
1-PB2,744,4431,0,6,0,4437,A
1-PB2,745,2,0,4524,0,4526,G
1-PB2,746,0,2,4523,0,4525,G
1-PB2,747,4464,0,4,0,4468,A
1-PB2,748,3,0,4544,0,4547,G
1-PB2,749,1,4451,0,0,4452,T
1-PB2,750,1,0,4512,0,4513,G
1-PB2,751,4495,1,5,0,4501,A
1-PB2,752,1,1,4523,0,4525,G
1-PB2,753,1,1,4550,0,4552,G
1-PB2,754,4514,0,0,0,4514,A
1-PB2,755,4521,0,2,0,4523,A
1-PB2,756,0,4548,0,0,4548,T
1-PB2,757,0,0,4526,0,4526,G
1-PB2,758,4511,0,2,1,4514,A
1-PB2,759,0,0,0,4499,4499,C
1-PB2,760,0,1,4509,0,4510,G
1-PB2,761,4541,0,0,1,4542,A
1-PB2,762,0,4536,0,2,4538,T
1-PB2,763,0,0,4569,0,4569,G
1-PB2,764,1,4545,0,4,4550,T
1-PB2,765,0,4545,0,0,4545,T
1-PB2,766,2,1,4573,0,4576,G
1-PB2,767,4562,0,8,1,4571,A
1-PB2,768,0,1,0,4569,4570,C
1-PB2,769,1,1,0,4570,4572,C
1-PB2,770,4525,0,2,2,4529,A
1-PB2,771,4527,0,1,1,4529,A
1-PB2,772,4542,0,0,1,4543,A
1-PB2,773,1,0,4631,0,4632,G
1-PB2,774,0,0,0,4640,4640,C
1-PB2,775,1,1,0,4645,4647,C
1-PB2,776,0,4694,0,1,4695,T
1-PB2,777,4700,0,0,0,4700,A
1-PB2,778,4694,0,1,1,4696,A
1-PB2,779,0,4708,0,0,4708,T
1-PB2,780,0,4716,0,0,4716,T
1-PB2,781,4661,0,1,1,4663,A
1-PB2,782,0,4572,1,0,4573,T
1-PB2,783,0,4562,0,3,4565,T
1-PB2,784,0,1,4546,0,4547,G
1-PB2,785,0,1,0,4531,4532,C
1-PB2,786,0,1,4529,0,4530,G
1-PB2,787,0,0,4621,0,4621,G
1-PB2,788,0,0,0,4613,4613,C
1-PB2,789,4,0,0,4641,4645,C
1-PB2,790,4649,1,0,0,4650,A
1-PB2,791,1,1,4682,0,4684,G
1-PB2,792,0,2,4731,0,4733,G
1-PB2,793,4708,0,1,1,4710,A
1-PB2,794,4770,0,0,1,4771,A
1-PB2,795,1,0,0,4775,4776,C
1-PB2,796,4737,0,0,1,4738,A
1-PB2,797,0,4827,0,1,4828,T
1-PB2,798,4901,0,3,1,4905,A
1-PB2,799,0,0,4952,0,4952,G
1-PB2,800,0,4886,0,1,4887,T
1-PB2,801,4893,0,1,0,4894,A
1-PB2,802,4878,0,0,0,4878,A
1-PB2,803,0,1,4907,0,4908,G
1-PB2,804,4863,0,1,1,4865,A
1-PB2,805,4831,0,3,0,4834,A
1-PB2,806,0,1,4802,0,4803,G
1-PB2,807,4675,1,5,0,4681,A
1-PB2,808,0,1,4669,0,4670,G
1-PB2,809,0,1,0,4670,4671,C
1-PB2,810,1,1,0,4673,4675,C
1-PB2,811,0,0,4692,1,4693,G
1-PB2,812,0,0,0,4732,4732,C
1-PB2,813,4766,0,0,0,4766,A
1-PB2,814,21,1,5072,0,5094,G
1-PB2,815,0,5049,0,1,5050,T
1-PB2,816,5095,0,0,0,5095,A
1-PB2,817,1,5067,0,2,5070,T
1-PB2,818,0,1,0,5096,5097,C
1-PB2,819,5109,0,4,0,5113,A
1-PB2,820,1,0,5094,0,5095,G
1-PB2,821,0,0,0,5093,5093,C
1-PB2,822,4926,0,2,0,4928,A
1-PB2,823,0,0,4837,0,4837,G
1-PB2,824,4855,1,0,0,4856,A
1-PB2,825,1,4831,0,1,4833,T
1-PB2,826,0,0,0,4851,4851,C
1-PB2,827,2,0,0,4875,4877,C
1-PB2,828,4865,0,2,0,4867,A
1-PB2,829,0,0,0,4898,4898,C
1-PB2,830,0,4857,0,25,4882,T
1-PB2,831,4899,0,1,0,4900,A
1-PB2,832,1,0,4871,0,4872,G
1-PB2,833,0,1,0,4836,4837,C
1-PB2,834,4811,1,1,0,4813,A
1-PB2,835,0,4845,0,1,4846,T
1-PB2,836,0,1,0,4911,4912,C
1-PB2,837,0,4902,0,3,4905,T
1-PB2,838,0,5034,0,0,5034,T
1-PB2,839,0,5051,0,1,5052,T
1-PB2,840,5042,0,0,0,5042,A
1-PB2,841,1,5033,0,2,5036,T
1-PB2,842,0,5027,0,4,5031,T
1-PB2,843,1,3,5020,0,5024,G
1-PB2,844,1,1,5000,0,5002,G
1-PB2,845,4949,0,2,0,4951,A
1-PB2,846,0,1,4949,0,4950,G
1-PB2,847,4946,0,1,0,4947,A
1-PB2,848,0,4922,0,2,4924,T
1-PB2,849,0,0,5023,0,5023,G
1-PB2,850,0,5022,0,2,5024,T
1-PB2,851,0,0,5037,0,5037,G
1-PB2,852,0,1,0,5017,5018,C
1-PB2,853,1,0,0,5041,5042,C
1-PB2,854,5040,1,1,0,5042,A
1-PB2,855,0,0,1,5051,5052,C
1-PB2,856,4965,0,5,0,4970,A
1-PB2,857,1,1,5013,0,5015,G
1-PB2,858,0,2,0,4891,4893,C
1-PB2,859,4870,1,8,1,4880,A
1-PB2,860,0,0,0,4898,4898,C
1-PB2,861,4872,1,3,0,4876,A
1-PB2,862,0,1,0,4921,4922,C
1-PB2,863,4892,0,2,0,4894,A
1-PB2,864,4904,0,2,1,4907,A
1-PB2,865,4885,0,0,0,4885,A
1-PB2,866,0,4784,0,0,4784,T
1-PB2,867,0,4784,0,1,4785,T
1-PB2,868,3,0,4784,0,4787,G
1-PB2,869,0,0,4738,0,4738,G
1-PB2,870,0,2,0,4753,4755,C
1-PB2,871,1,0,4761,0,4762,G
1-PB2,872,0,0,4784,0,4784,G
1-PB2,873,2973,1,1814,0,4788,A
1-PB2,874,4854,1,1,0,4856,A
1-PB2,875,0,0,0,4861,4861,C
1-PB2,876,4867,0,1,0,4868,A
1-PB2,877,4889,3,5,0,4897,A
1-PB2,878,0,1,4872,0,4873,G
1-PB2,879,2,0,4928,0,4930,G
1-PB2,880,4844,0,4,0,4848,A
1-PB2,881,0,4746,0,0,4746,T
1-PB2,882,0,2,4712,0,4714,G
1-PB2,883,0,0,4771,0,4771,G
1-PB2,884,0,4643,1,21,4665,T
1-PB2,885,1,1,4754,2,4758,G
1-PB2,886,1,0,4750,0,4751,G
1-PB2,887,4644,0,4,0,4648,A
1-PB2,888,0,0,0,4681,4681,C
1-PB2,889,4656,0,0,0,4656,A
1-PB2,890,0,5315,0,1,5316,T
1-PB2,891,1,5304,0,2,5307,T
1-PB2,892,0,0,0,5297,5297,C
1-PB2,893,0,5281,0,0,5281,T
1-PB2,894,0,5291,0,1,5292,T
1-PB2,895,5304,0,1,1,5306,A
1-PB2,896,1,0,5300,0,5301,G
1-PB2,897,5294,0,2,0,5296,A
1-PB2,898,0,1,0,5290,5291,C
1-PB2,899,4587,0,1,0,4588,A
1-PB2,900,1,0,4648,0,4649,G
1-PB2,901,4596,0,4,1,4601,A
1-PB2,902,4598,0,2,0,4600,A
1-PB2,903,0,0,0,4576,4576,C
1-PB2,904,0,0,0,4615,4615,C
1-PB2,905,3,1,0,4628,4632,C
1-PB2,906,1,0,4581,0,4582,G
1-PB2,907,4563,0,3,1,4567,A
1-PB2,908,0,0,0,4638,4638,C
1-PB2,909,0,4592,2,1,4595,T
1-PB2,910,1,0,4625,1,4627,G
1-PB2,911,4574,1,7,0,4582,A
1-PB2,912,4642,0,2,0,4644,A
1-PB2,913,1,1,4655,0,4657,G
1-PB2,914,4620,0,3,1,4624,A
1-PB2,915,4623,1,0,0,4624,A
1-PB2,916,0,0,0,4605,4605,C
1-PB2,917,4597,0,5,0,4602,A
1-PB2,918,4626,0,2,0,4628,A
1-PB2,919,0,0,4642,0,4642,G
1-PB2,920,0,0,0,4691,4691,C
1-PB2,921,1,4680,0,1,4682,T
1-PB2,922,0,0,4743,0,4743,G
1-PB2,923,0,4697,1,0,4698,T
1-PB2,924,1,1,4805,0,4807,G
1-PB2,925,0,0,4986,1,4987,G
1-PB2,926,4932,0,2,0,4934,A
1-PB2,927,0,4969,0,0,4969,T
1-PB2,928,4936,0,2,0,4938,A
1-PB2,929,0,4890,0,0,4890,T
1-PB2,930,5068,0,1,0,5069,A
1-PB2,931,1,4979,0,0,4980,T
1-PB2,932,2,0,4970,0,4972,G
1-PB2,933,2,0,0,4895,4897,C
1-PB2,934,4699,0,4,0,4703,A
1-PB2,935,4705,0,3,0,4708,A
1-PB2,936,0,1,4676,0,4677,G
1-PB2,937,0,0,4703,0,4703,G
1-PB2,938,0,1,0,4677,4678,C
1-PB2,939,0,4611,0,6,4617,T
1-PB2,940,2,0,4642,0,4644,G
1-PB2,941,0,1,1,4655,4657,C
1-PB2,942,4664,0,1,0,4665,A
1-PB2,943,4684,0,0,0,4684,A
1-PB2,944,0,4640,1,1,4642,T
1-PB2,945,0,1,4659,0,4660,G
1-PB2,946,0,0,4650,1,4651,G
1-PB2,947,1,0,4673,0,4674,G
1-PB2,948,4638,1,2,0,4641,A
1-PB2,949,0,4651,1,0,4652,T
1-PB2,950,0,4667,1,1,4669,T
1-PB2,951,1,0,4669,0,4670,G
1-PB2,952,4630,1,4,0,4635,A
1-PB2,953,1,0,4703,0,4704,G
1-PB2,954,4681,1,1,0,4683,A
1-PB2,955,4645,0,0,0,4645,A
1-PB2,956,0,4571,0,0,4571,T
1-PB2,957,0,2,0,4605,4607,C
1-PB2,958,4612,0,4,0,4616,A
1-PB2,959,1,0,4632,0,4633,G
1-PB2,960,0,0,0,4622,4622,C
1-PB2,961,1,4579,1,3,4584,T
1-PB2,962,1,1,0,4588,4590,C
1-PB2,963,4594,0,1,0,4595,A
1-PB2,964,0,4673,1,1,4675,T
1-PB2,965,2,1,0,4685,4688,C
1-PB2,966,2,1,0,4718,4721,C
1-PB2,967,1,4676,1,4,4682,T
1-PB2,968,1,4675,0,3,4679,T
1-PB2,969,2,1,0,4670,4673,C
1-PB2,970,4680,0,3,0,4683,A
1-PB2,971,46,0,4687,0,4733,G
1-PB2,972,0,1,0,4696,4697,C
1-PB2,973,0,4670,0,2,4672,T
1-PB2,974,0,4690,0,0,4690,T
1-PB2,975,0,4663,0,1,4664,T
1-PB2,976,0,1,4658,0,4659,G
1-PB2,977,1,0,4658,0,4659,G
1-PB2,978,1,4583,0,3,4587,T
1-PB2,979,2,3,4680,0,4685,G
1-PB2,980,0,0,4653,0,4653,G
1-PB2,981,0,0,4722,0,4722,G
1-PB2,982,1,4633,0,4,4638,T
1-PB2,983,1,4671,1,2,4675,T
1-PB2,984,0,4690,0,2,4692,T
1-PB2,985,4711,0,1,0,4712,A
1-PB2,986,0,0,0,4729,4729,C
1-PB2,987,4728,1,0,0,4729,A
1-PB2,988,0,4700,0,0,4700,T
1-PB2,989,1,4621,1,0,4623,T
1-PB2,990,0,4614,2,0,4616,T
1-PB2,991,4612,0,0,0,4612,A
1-PB2,992,4615,0,0,1,4616,A
1-PB2,993,4614,0,0,1,4615,A
1-PB2,994,4608,0,2,0,4610,A
1-PB2,995,0,2,4614,0,4616,G
1-PB2,996,4590,0,4,0,4594,A
1-PB2,997,4581,0,0,0,4581,A
1-PB2,998,0,0,0,4612,4612,C
1-PB2,999,4606,0,0,0,4606,A
1-PB2,1000,4597,0,7,0,4604,A
1-PB2,1001,0,0,4593,0,4593,G
1-PB2,1002,0,1,0,4611,4612,C
1-PB2,1003,0,1,4597,0,4598,G
1-PB2,1004,1,0,4606,0,4607,G
1-PB2,1005,0,0,4591,0,4591,G
1-PB2,1006,2,4575,0,4,4581,T
1-PB2,1007,4,1,0,4582,4587,C
1-PB2,1008,4606,0,5,0,4611,A
1-PB2,1009,0,4540,0,6,4546,T
1-PB2,1010,1,0,0,4616,4617,C
1-PB2,1011,4607,0,2,0,4609,A
1-PB2,1012,0,0,4657,0,4657,G
1-PB2,1013,1,4585,0,3,4589,T
1-PB2,1014,0,0,0,4602,4602,C
1-PB2,1015,4603,0,2,0,4605,A
1-PB2,1016,4628,0,1,0,4629,A
1-PB2,1017,4630,6,0,0,4636,A
1-PB2,1018,4621,0,2,0,4623,A
1-PB2,1019,4660,0,0,1,4661,A
1-PB2,1020,4651,2,7,1,4661,A
1-PB2,1021,0,0,4668,0,4668,G
1-PB2,1022,4643,1,4,0,4648,A
1-PB2,1023,4651,1,1,0,4653,A
1-PB2,1024,1,0,4649,0,4650,G
1-PB2,1025,4628,0,2,0,4630,A
1-PB2,1026,4557,1,4,0,4562,A
1-PB2,1027,0,1,4564,0,4565,G
1-PB2,1028,4532,0,6,0,4538,A
1-PB2,1029,2,0,4552,0,4554,G
1-PB2,1030,0,2,4602,0,4604,G
1-PB2,1031,0,4559,0,1,4560,T
1-PB2,1032,0,0,4690,0,4690,G
1-PB2,1033,0,0,0,4736,4736,C
1-PB2,1034,0,4736,0,3,4739,T
1-PB2,1035,1,4770,0,0,4771,T
1-PB2,1036,4762,0,0,0,4762,A
1-PB2,1037,0,0,0,4751,4751,C
1-PB2,1038,4724,0,9,0,4733,A
1-PB2,1039,1,1,4697,0,4699,G
1-PB2,1040,1,0,4668,0,4669,G
1-PB2,1041,1,0,0,4574,4575,C
1-PB2,1042,4548,0,0,0,4548,A
1-PB2,1043,4541,0,0,0,4541,A
1-PB2,1044,1,4648,0,2,4651,T
1-PB2,1045,0,0,0,4685,4685,C
1-PB2,1046,0,4645,0,0,4645,T
1-PB2,1047,0,0,0,4674,4674,C
1-PB2,1048,2,2,0,4656,4660,C
1-PB2,1049,4678,0,0,0,4678,A
1-PB2,1050,4680,0,2,1,4683,A
1-PB2,1051,4682,0,1,0,4683,A
1-PB2,1052,0,0,0,4711,4711,C
1-PB2,1053,4594,0,0,0,4594,A
1-PB2,1054,0,4582,0,1,4583,T
1-PB2,1055,0,4562,1,2,4565,T
1-PB2,1056,0,0,4609,0,4609,G
1-PB2,1057,4591,1,2,0,4594,A
1-PB2,1058,1830,1,2761,0,4592,G
1-PB2,1059,4704,0,0,0,4704,A
1-PB2,1060,4691,0,0,0,4691,A
1-PB2,1061,0,4689,1,1,4691,T
1-PB2,1062,4722,0,0,0,4722,A
1-PB2,1063,4667,1,1,1,4670,A
1-PB2,1064,1,1,4763,1,4766,G
1-PB2,1065,4665,0,11,0,4676,A
1-PB2,1066,0,2,4824,0,4826,G
1-PB2,1067,0,4683,0,1,4684,T
1-PB2,1068,4741,1,3,0,4745,A
1-PB2,1069,0,3,0,4859,4862,C
1-PB2,1070,4830,0,0,0,4830,A
1-PB2,1071,0,4822,1,1,4824,T
1-PB2,1072,0,2,4820,0,4822,G
1-PB2,1073,4673,0,0,0,4673,A
1-PB2,1074,0,1,4714,0,4715,G
1-PB2,1075,0,2,4734,0,4736,G
1-PB2,1076,0,0,5001,0,5001,G
1-PB2,1077,2,0,5013,0,5015,G
1-PB2,1078,0,4870,0,2,4872,T
1-PB2,1079,4933,0,2,0,4935,A
1-PB2,1080,0,4911,0,1,4912,T
1-PB2,1081,0,1,4930,0,4931,G
1-PB2,1082,4903,0,2,0,4905,A
1-PB2,1083,0,1,4886,0,4887,G
1-PB2,1084,0,1,4824,0,4825,G
1-PB2,1085,4438,0,2,1,4441,A
1-PB2,1086,1,0,4593,0,4594,G
1-PB2,1087,1,4605,0,5,4611,T
1-PB2,1088,0,4736,1,7,4744,T
1-PB2,1089,0,0,0,4776,4776,C
1-PB2,1090,4768,3,2,0,4773,A
1-PB2,1091,0,0,0,4794,4794,C
1-PB2,1092,4759,1,5,0,4765,A
1-PB2,1093,4778,0,1,0,4779,A
1-PB2,1094,1,4770,0,0,4771,T
1-PB2,1095,0,2,4668,0,4670,G
1-PB2,1096,1,1,4691,0,4693,G
1-PB2,1097,0,4557,0,1,4558,T
1-PB2,1098,1,0,4605,0,4606,G
1-PB2,1099,0,4,4571,1,4576,G
1-PB2,1100,1,4,4587,0,4592,G
1-PB2,1101,1,2,4622,0,4625,G
1-PB2,1102,4597,0,0,0,4597,A
1-PB2,1103,4616,0,2,0,4618,A
1-PB2,1104,4591,0,0,0,4591,A
1-PB2,1105,4480,0,9,0,4489,A
1-PB2,1106,1,1,4567,0,4569,G
1-PB2,1107,4539,0,5,0,4544,A
1-PB2,1108,1,0,4553,0,4554,G
1-PB2,1109,1,3,0,4519,4523,C
1-PB2,1110,4540,0,2,0,4542,A
1-PB2,1111,4542,0,4,0,4546,A
1-PB2,1112,0,0,0,4682,4682,C
1-PB2,1113,4698,0,3,0,4701,A
1-PB2,1114,0,1,4757,0,4758,G
1-PB2,1115,1,0,0,4715,4716,C
1-PB2,1116,0,4731,0,2,4733,T
1-PB2,1117,4811,0,73,0,4884,A
1-PB2,1118,1,4870,0,0,4871,T
1-PB2,1119,4915,0,2,0,4917,A
1-PB2,1120,0,0,0,4900,4900,C
1-PB2,1121,0,4661,0,1,4662,T
1-PB2,1122,4703,0,1,0,4704,A
1-PB2,1123,4606,1,0,1,4608,A
1-PB2,1124,0,0,4614,0,4614,G
1-PB2,1125,4598,0,0,0,4598,A
1-PB2,1126,4476,0,1,0,4477,A
1-PB2,1127,4476,0,0,0,4476,A
1-PB2,1128,4416,0,2,0,4418,A
1-PB2,1129,0,0,4431,1,4432,G
1-PB2,1130,1,2,1,4423,4427,C
1-PB2,1131,4438,0,1,0,4439,A
1-PB2,1132,4421,0,4,0,4425,A
1-PB2,1133,0,1,0,4445,4446,C
1-PB2,1134,0,0,0,4445,4445,C
1-PB2,1135,4457,0,2,0,4459,A
1-PB2,1136,0,2,4472,0,4474,G
1-PB2,1137,4461,1,1,0,4463,A
1-PB2,1138,4434,1,3,0,4438,A
1-PB2,1139,0,2,4498,0,4500,G
1-PB2,1140,4471,1,0,0,4472,A
1-PB2,1141,0,4454,0,1,4455,T
1-PB2,1142,1,4445,1,1,4448,T
1-PB2,1143,1,1,4477,0,4479,G
1-PB2,1144,0,0,4550,0,4550,G
1-PB2,1145,0,4522,0,2,4524,T
1-PB2,1146,0,4505,0,3,4508,T
1-PB2,1147,1,0,0,4539,4540,C
1-PB2,1148,4574,0,1,0,4575,A
1-PB2,1149,2773,2,1862,0,4637,A
1-PB2,1150,0,0,0,4833,4833,C
1-PB2,1151,0,4827,0,9,4836,T
1-PB2,1152,0,0,0,4882,4882,C
1-PB2,1153,4793,0,0,0,4793,A
1-PB2,1154,0,4793,0,1,4794,T
1-PB2,1155,4809,1,0,0,4810,A
1-PB2,1156,0,0,4810,0,4810,G
1-PB2,1157,0,4565,1,3,4569,T
1-PB2,1158,1,0,4644,0,4645,G
1-PB2,1159,4441,0,6,0,4447,A
1-PB2,1160,1,0,4535,0,4536,G
1-PB2,1161,1,4513,0,1,4515,T
1-PB2,1162,1,1,4497,0,4499,G
1-PB2,1163,1,0,4544,0,4545,G
1-PB2,1164,4555,0,0,0,4555,A
1-PB2,1165,4553,0,5,1,4559,A
1-PB2,1166,1,0,4553,0,4554,G
1-PB2,1167,4483,0,1,0,4484,A
1-PB2,1168,1,1,4520,0,4522,G
1-PB2,1169,4447,0,3,1,4451,A
1-PB2,1170,0,2,1,4458,4461,C
1-PB2,1171,1,2,4475,0,4478,G
1-PB2,1172,4432,0,2,2,4436,A
1-PB2,1173,4451,1,2,0,4454,A
1-PB2,1174,0,1,0,4462,4463,C
1-PB2,1175,4413,0,3,0,4416,A
1-PB2,1176,0,0,4613,0,4613,G
1-PB2,1177,0,4568,1,4,4573,T
1-PB2,1178,3,0,0,4583,4586,C
1-PB2,1179,4608,0,2,0,4610,A
1-PB2,1180,4586,1,2,1,4590,A
1-PB2,1181,0,4583,0,1,4584,T
1-PB2,1182,4591,0,1,0,4592,A
1-PB2,1183,0,0,4546,0,4546,G
1-PB2,1184,1,2,0,4527,4530,C
1-PB2,1185,0,1,0,4397,4398,C
1-PB2,1186,0,1,4394,0,4395,G
1-PB2,1187,4374,0,0,0,4374,A
1-PB2,1188,4388,0,4,1,4393,A
1-PB2,1189,1,0,4419,0,4420,G
1-PB2,1190,0,1,0,4556,4557,C
1-PB2,1191,4582,0,1,0,4583,A
1-PB2,1192,4508,0,56,1,4565,A
1-PB2,1193,0,4583,0,0,4583,T
1-PB2,1194,4594,0,3,1,4598,A
1-PB2,1195,4639,0,1,1,4641,A
1-PB2,1196,0,4613,0,0,4613,T
1-PB2,1197,1,0,0,4605,4606,C
1-PB2,1198,1,0,4590,0,4591,G
1-PB2,1199,0,4445,0,2,4447,T
1-PB2,1200,2,1,4445,0,4448,G
1-PB2,1201,1,0,4456,0,4457,G
1-PB2,1202,0,1,0,4447,4448,C
1-PB2,1203,0,0,0,4477,4477,C
1-PB2,1204,4430,1,1,0,4432,A
1-PB2,1205,0,4460,0,3,4463,T
1-PB2,1206,3,1,4468,0,4472,G
1-PB2,1207,1,0,4527,0,4528,G
1-PB2,1208,0,4410,0,1,4411,T
1-PB2,1209,1,0,4530,0,4531,G
1-PB2,1210,0,4426,1,0,4427,T
1-PB2,1211,0,4477,0,4,4481,T
1-PB2,1212,1,4485,1,2,4489,T
1-PB2,1213,0,4490,0,1,4491,T
1-PB2,1214,0,0,0,4531,4531,C
1-PB2,1215,4533,0,2,0,4535,A
1-PB2,1216,1,0,0,4715,4716,C
1-PB2,1217,4674,0,0,0,4674,A
1-PB2,1218,4686,0,1,1,4688,A
1-PB2,1219,1,0,4709,0,4710,G
1-PB2,1220,4642,0,3,0,4645,A
1-PB2,1221,2821,1,1859,1,4682,A
1-PB2,1222,0,0,4727,0,4727,G
1-PB2,1223,4721,0,1,0,4722,A
1-PB2,1224,0,4740,0,1,4741,T
1-PB2,1225,0,4669,0,1,4670,T
1-PB2,1226,1,0,4669,1,4671,G
1-PB2,1227,0,1,1,4587,4589,C
1-PB2,1228,4611,0,4,0,4615,A
1-PB2,1229,0,4654,0,3,4657,T
1-PB2,1230,0,0,4797,0,4797,G
1-PB2,1231,4800,0,2,0,4802,A
1-PB2,1232,0,4831,0,0,4831,T
1-PB2,1233,4816,0,1,0,4817,A
1-PB2,1234,4822,0,0,0,4822,A
1-PB2,1235,4810,1,1,0,4812,A
1-PB2,1236,4822,0,5,0,4827,A
1-PB2,1237,2,0,4809,0,4811,G
1-PB2,1238,0,1,0,4926,4927,C
1-PB2,1239,5002,0,2,0,5004,A
1-PB2,1240,1,0,5141,1,5143,G
1-PB2,1241,0,5116,0,1,5117,T
1-PB2,1242,0,5134,0,1,5135,T
1-PB2,1243,5136,0,0,1,5137,A
1-PB2,1244,0,2,5155,0,5157,G
1-PB2,1245,5122,0,4,0,5126,A
1-PB2,1246,1,1,5128,1,5131,G
1-PB2,1247,1,0,5110,0,5111,G
1-PB2,1248,0,4808,0,4,4812,T
1-PB2,1249,0,1,4868,0,4869,G
1-PB2,1250,4901,0,5,0,4906,A
1-PB2,1251,1,2,0,4910,4913,C
1-PB2,1252,3,0,0,4949,4952,C
1-PB2,1253,2,4946,1,5,4954,T
1-PB2,1254,0,2,4964,0,4966,G
1-PB2,1255,4948,0,0,0,4948,A
1-PB2,1256,4957,1,0,0,4958,A
1-PB2,1257,0,4977,0,1,4978,T
1-PB2,1258,0,5035,0,1,5036,T
1-PB2,1259,0,5039,0,0,5039,T
1-PB2,1260,0,1,0,5066,5067,C
1-PB2,1261,3,0,5056,0,5059,G
1-PB2,1262,0,5026,0,9,5035,T
1-PB2,1263,0,1,0,5035,5036,C
1-PB2,1264,5047,0,0,0,5047,A
1-PB2,1265,5035,0,0,0,5035,A
1-PB2,1266,0,1,0,5037,5038,C
1-PB2,1267,4958,0,1,0,4959,A
1-PB2,1268,2,0,5016,1,5019,G
1-PB2,1269,4969,0,5,0,4974,A
1-PB2,1270,0,0,5003,0,5003,G
1-PB2,1271,1,0,0,5009,5010,C
1-PB2,1272,5036,0,2,1,5039,A
1-PB2,1273,5080,0,0,0,5080,A
1-PB2,1274,5067,0,0,0,5067,A
1-PB2,1275,0,5035,0,1,5036,T
1-PB2,1276,1,0,0,5067,5068,C
1-PB2,1277,5024,0,5,0,5029,A
1-PB2,1278,2,0,5013,0,5015,G
1-PB2,1279,0,0,0,5018,5018,C
1-PB2,1280,1,0,5048,0,5049,G
1-PB2,1281,0,0,5309,0,5309,G
1-PB2,1282,0,5253,1,4,5258,T
1-PB2,1283,0,5287,1,1,5289,T
1-PB2,1284,0,0,5295,0,5295,G
1-PB2,1285,5274,0,3,0,5277,A
1-PB2,1286,5314,0,4,0,5318,A
1-PB2,1287,0,2,0,5331,5333,C
1-PB2,1288,2,1,0,5287,5290,C
1-PB2,1289,1,1,0,5350,5352,C
1-PB2,1290,3,0,0,5183,5186,C
1-PB2,1291,5199,0,3,0,5202,A
1-PB2,1292,0,5213,1,2,5216,T
1-PB2,1293,0,0,5228,0,5228,G
1-PB2,1294,2,0,1,5233,5236,C
1-PB2,1295,5199,0,1,0,5200,A
1-PB2,1296,1,5145,1,3,5150,T
1-PB2,1297,1,0,0,5153,5154,C
1-PB2,1298,5127,0,0,0,5127,A
1-PB2,1299,0,0,5161,0,5161,G
1-PB2,1300,1,0,0,5207,5208,C
1-PB2,1301,0,5206,2,4,5212,T
1-PB2,1302,0,5227,1,0,5228,T
1-PB2,1303,0,5213,1,0,5214,T
1-PB2,1304,0,5218,1,0,5219,T
1-PB2,1305,5222,1,1,0,5224,A
1-PB2,1306,5198,2,3,0,5203,A
1-PB2,1307,0,0,5208,0,5208,G
1-PB2,1308,0,1,5151,0,5152,G
1-PB2,1309,1,0,1,5143,5145,C
1-PB2,1310,5145,0,3,0,5148,A
1-PB2,1311,1,5140,1,5,5147,T
1-PB2,1312,0,5177,1,0,5178,T
1-PB2,1313,0,5180,1,0,5181,T
1-PB2,1314,1,5202,0,0,5203,T
1-PB2,1315,0,0,1,5221,5222,C
1-PB2,1316,5211,1,6,1,5219,A
1-PB2,1317,1,0,5210,0,5211,G
1-PB2,1318,5189,0,4,0,5193,A
1-PB2,1319,5203,0,1,0,5204,A
1-PB2,1320,5191,0,2,0,5193,A
1-PB2,1321,37,1,5131,0,5169,G
1-PB2,1322,5190,1,2,0,5193,A
1-PB2,1323,0,5183,1,0,5184,T
1-PB2,1324,0,0,5199,0,5199,G
1-PB2,1325,1,1,0,5176,5178,C
1-PB2,1326,2,0,5199,0,5201,G
1-PB2,1327,5157,0,2,0,5159,A
1-PB2,1328,5189,0,1,0,5190,A
1-PB2,1329,5197,0,2,0,5199,A
1-PB2,1330,1,0,5188,0,5189,G
1-PB2,1331,0,5116,1,3,5120,T
1-PB2,1332,0,0,5152,0,5152,G
1-PB2,1333,0,1,0,5080,5081,C
1-PB2,1334,0,5120,4,3,5127,T
1-PB2,1335,0,5143,1,0,5144,T
1-PB2,1336,1,5147,3,1,5152,T
1-PB2,1337,0,5161,1,1,5163,T
1-PB2,1338,0,5118,2,2,5122,T
1-PB2,1339,1,0,0,5155,5156,C
1-PB2,1340,5156,0,1,0,5157,A
1-PB2,1341,5178,0,2,2,5182,A
1-PB2,1342,5170,0,0,0,5170,A
1-PB2,1343,5119,40,0,0,5159,A
1-PB2,1344,0,5139,0,0,5139,T
1-PB2,1345,0,5165,0,0,5165,T
1-PB2,1346,0,3,5176,1,5180,G
1-PB2,1347,1,0,5158,0,5159,G
1-PB2,1348,1,1,5144,0,5146,G
1-PB2,1349,1,2,5251,0,5254,G
1-PB2,1350,5242,0,3,0,5245,A
1-PB2,1351,0,1,5326,0,5327,G
1-PB2,1352,0,5315,0,4,5319,T
1-PB2,1353,0,5325,1,0,5326,T
1-PB2,1354,2,1,5343,0,5346,G
1-PB2,1355,5351,0,7,0,5358,A
1-PB2,1356,5359,0,7,0,5366,A
1-PB2,1357,0,0,1,5467,5468,C
1-PB2,1358,5361,0,13,0,5374,A
1-PB2,1359,0,1,0,5526,5527,C
1-PB2,1360,5437,0,0,0,5437,A
1-PB2,1361,0,5415,0,4,5419,T
1-PB2,1362,3,0,0,5458,5461,C
1-PB2,1363,1,0,5454,0,5455,G
1-PB2,1364,5460,0,5,0,5465,A
1-PB2,1365,0,2,0,5459,5461,C
1-PB2,1366,5286,0,2,0,5288,A
1-PB2,1367,0,0,5435,0,5435,G
1-PB2,1368,1,5288,0,3,5292,T
1-PB2,1369,0,0,5377,0,5377,G
1-PB2,1370,1,5329,0,4,5334,T
1-PB2,1371,1,0,5351,1,5353,G
1-PB2,1372,5342,0,6,0,5348,A
1-PB2,1373,0,5317,0,2,5319,T
1-PB2,1374,1,4,5323,0,5328,G
1-PB2,1375,1,0,5335,0,5336,G
1-PB2,1376,8,0,5249,0,5257,G
1-PB2,1377,5224,0,4,0,5228,A
1-PB2,1378,5161,0,2,0,5163,A
1-PB2,1379,1,5154,1,1,5157,T
1-PB2,1380,0,1,5188,0,5189,G
1-PB2,1381,5189,0,0,0,5189,A
1-PB2,1382,0,5174,0,1,5175,T
1-PB2,1383,0,5164,1,1,5166,T
1-PB2,1384,0,1,5168,0,5169,G
1-PB2,1385,0,1,5237,0,5238,G
1-PB2,1386,5225,1,4,0,5230,A
1-PB2,1387,3,0,5283,0,5286,G
1-PB2,1388,0,5217,0,1,5218,T
1-PB2,1389,5217,0,1,0,5218,A
1-PB2,1390,0,5239,0,0,5239,T
1-PB2,1391,0,5297,0,0,5297,T
1-PB2,1392,5330,0,4,0,5334,A
1-PB2,1393,0,0,0,5332,5332,C
1-PB2,1394,0,0,2,5261,5263,C
1-PB2,1395,5250,1,1,0,5252,A
1-PB2,1396,1,1,5286,0,5288,G
1-PB2,1397,5396,0,1,0,5397,A
1-PB2,1398,0,5368,1,1,5370,T
1-PB2,1399,5303,0,1,0,5304,A
1-PB2,1400,0,5261,1,4,5266,T
1-PB2,1401,0,3,5227,0,5230,G
1-PB2,1402,5227,0,2,0,5229,A
1-PB2,1403,0,0,0,5248,5248,C
1-PB2,1404,2,5173,0,9,5184,T
1-PB2,1405,2,0,0,5186,5188,C
1-PB2,1406,1,2,0,5159,5162,C
1-PB2,1407,5197,0,4,0,5201,A
1-PB2,1408,5224,0,8,0,5232,A
1-PB2,1409,2,1,5346,0,5349,G
1-PB2,1410,0,0,0,5320,5320,C
1-PB2,1411,5288,0,3,0,5291,A
1-PB2,1412,0,0,1,5279,5280,C
1-PB2,1413,5243,0,5,1,5249,A
1-PB2,1414,0,1,5277,0,5278,G
1-PB2,1415,5236,0,5,0,5241,A
1-PB2,1416,4,0,5267,0,5271,G
1-PB2,1417,5297,0,4,0,5301,A
1-PB2,1418,1,5118,1,2,5122,T
1-PB2,1419,2,1,5197,0,5200,G
1-PB2,1420,0,5153,0,1,5154,T
1-PB2,1421,0,0,0,5153,5153,C
1-PB2,1422,5168,0,5,0,5173,A
1-PB2,1423,5150,0,0,0,5150,A
1-PB2,1424,0,5144,1,0,5145,T
1-PB2,1425,1,0,5154,0,5155,G
1-PB2,1426,5068,0,6,0,5074,A
1-PB2,1427,1,0,5088,0,5089,G
1-PB2,1428,5003,0,6,0,5009,A
1-PB2,1429,0,0,5011,0,5011,G
1-PB2,1430,0,1,5205,1,5207,G
1-PB2,1431,5194,0,1,0,5195,A
1-PB2,1432,5212,0,1,0,5213,A
1-PB2,1433,1,5195,0,0,5196,T
1-PB2,1434,5210,0,1,0,5211,A
1-PB2,1435,5210,0,3,0,5213,A
1-PB2,1436,0,4,5198,0,5202,G
1-PB2,1437,5168,0,6,0,5174,A
1-PB2,1438,1,0,5195,0,5196,G
1-PB2,1439,1,4874,0,0,4875,T
1-PB2,1440,0,1,0,4900,4901,C
1-PB2,1441,4919,0,4,0,4923,A
1-PB2,1442,1,0,4928,0,4929,G
1-PB2,1443,0,1,1,4926,4928,C
1-PB2,1444,4959,0,1,0,4960,A
1-PB2,1445,4979,1,1,0,4981,A
1-PB2,1446,4957,0,0,0,4957,A
1-PB2,1447,4961,1,2,0,4964,A
1-PB2,1448,0,4950,0,0,4950,T
1-PB2,1449,0,3,4972,0,4975,G
1-PB2,1450,0,2,4961,0,4963,G
1-PB2,1451,0,0,5000,1,5001,G
1-PB2,1452,0,4936,0,1,4937,T
1-PB2,1453,0,1,4959,0,4960,G
1-PB2,1454,1,4941,0,2,4944,T
1-PB2,1455,0,0,4970,0,4970,G
1-PB2,1456,0,1,5044,1,5046,G
1-PB2,1457,5031,0,2,0,5033,A
1-PB2,1458,0,5002,0,2,5004,T
1-PB2,1459,1,1,5027,2,5031,G
1-PB2,1460,4998,1,0,0,4999,A
1-PB2,1461,5012,0,3,2,5017,A
1-PB2,1462,0,5014,0,0,5014,T
1-PB2,1463,4927,0,2,0,4929,A
1-PB2,1464,0,0,0,5317,5317,C
1-PB2,1465,0,5220,0,4,5224,T
1-PB2,1466,1,0,0,5257,5258,C
1-PB2,1467,1,0,0,5292,5293,C
1-PB2,1468,5247,1,0,0,5248,A
1-PB2,1469,1,0,5466,0,5467,G
1-PB2,1470,0,5435,0,2,5437,T
1-PB2,1471,5479,1,1,0,5481,A
1-PB2,1472,0,0,0,5494,5494,C
1-PB2,1473,4997,0,6,0,5003,A
1-PB2,1474,1,0,5035,0,5036,G
1-PB2,1475,4918,0,5,0,4923,A
1-PB2,1476,0,3,4961,1,4965,G
1-PB2,1477,4804,0,5,0,4809,A
1-PB2,1478,0,14,4691,0,4705,G
1-PB2,1479,1,2,4693,1,4697,G
1-PB2,1480,0,1,4679,0,4680,G
1-PB2,1481,1,4576,0,6,4583,T
1-PB2,1482,0,0,4607,0,4607,G
1-PB2,1483,1,0,4620,0,4621,G
1-PB2,1484,0,4556,0,2,4558,T
1-PB2,1485,0,1,4712,0,4713,G
1-PB2,1486,1,1,4712,0,4714,G
1-PB2,1487,1,4608,0,1,4610,T
1-PB2,1488,0,4625,0,1,4626,T
1-PB2,1489,4562,0,0,0,4562,A
1-PB2,1490,0,1,4574,0,4575,G
1-PB2,1491,2,0,0,4567,4569,C
1-PB2,1492,4570,0,1,0,4571,A
1-PB2,1493,0,4547,0,0,4547,T
1-PB2,1494,0,4308,0,1,4309,T
1-PB2,1495,0,0,4306,1,4307,G
1-PB2,1496,4287,0,1,1,4289,A
1-PB2,1497,0,4286,0,2,4288,T
1-PB2,1498,3,1,0,4298,4302,C
1-PB2,1499,3,1,4274,0,4278,G
1-PB2,1500,0,0,4342,0,4342,G
1-PB2,1501,0,4299,0,16,4315,T
1-PB2,1502,0,4325,0,1,4326,T
1-PB2,1503,0,4315,0,0,4315,T
1-PB2,1504,0,4324,0,1,4325,T
1-PB2,1505,0,4316,0,3,4319,T
1-PB2,1506,0,3,4344,0,4347,G
1-PB2,1507,4318,0,4,0,4322,A
1-PB2,1508,14,0,4332,0,4346,G
1-PB2,1509,4187,0,1,0,4188,A
1-PB2,1510,0,1,4228,0,4229,G
1-PB2,1511,1,4222,0,3,4226,T
1-PB2,1512,1,4195,0,1,4197,T
1-PB2,1513,0,0,0,4224,4224,C
1-PB2,1514,1,2,4233,0,4236,G
1-PB2,1515,4228,0,6,0,4234,A
1-PB2,1516,0,0,4246,0,4246,G
1-PB2,1517,4197,0,2,0,4199,A
1-PB2,1518,0,0,0,4216,4216,C
1-PB2,1519,0,1,0,4171,4172,C
1-PB2,1520,4143,0,1,0,4144,A
1-PB2,1521,4191,0,3,0,4194,A
1-PB2,1522,0,2,0,4208,4210,C
1-PB2,1523,0,0,4222,0,4222,G
1-PB2,1524,0,4191,0,3,4194,T
1-PB2,1525,0,0,4207,0,4207,G
1-PB2,1526,0,0,4202,0,4202,G
1-PB2,1527,0,2,4196,1,4199,G
1-PB2,1528,4148,0,21,0,4169,A
1-PB2,1529,4181,1,1,0,4183,A
1-PB2,1530,1,4008,0,0,4009,T
1-PB2,1531,1,1,4139,0,4141,G
1-PB2,1532,1,4112,0,4,4117,T
1-PB2,1533,4118,0,0,0,4118,A
1-PB2,1534,0,4120,0,1,4121,T
1-PB2,1535,0,4071,1,0,4072,T
1-PB2,1536,4119,0,0,1,4120,A
1-PB2,1537,0,4085,0,2,4087,T
1-PB2,1538,0,4054,0,0,4054,T
1-PB2,1539,4039,0,0,0,4039,A
1-PB2,1540,20,3565,0,3,3588,T
1-PB2,1541,2,0,0,3753,3755,C
1-PB2,1542,0,3692,0,4,3696,T
1-PB2,1543,0,0,0,3726,3726,C
1-PB2,1544,2,17,0,3707,3726,C
1-PB2,1545,0,3629,0,3,3632,T
1-PB2,1546,0,0,3643,0,3643,G
1-PB2,1547,3618,0,2,0,3620,A
1-PB2,1548,1,3,3612,0,3616,G
1-PB2,1549,1,0,3607,0,3608,G
1-PB2,1550,3154,1,2,0,3157,A
1-PB2,1551,0,1,3184,0,3185,G
1-PB2,1552,0,0,3187,0,3187,G
1-PB2,1553,0,3058,0,0,3058,T
1-PB2,1554,1,0,0,3086,3087,C
1-PB2,1555,3063,0,1,1,3065,A
1-PB2,1556,1,0,3096,0,3097,G
1-PB2,1557,0,3095,0,1,3096,T
1-PB2,1558,0,0,3096,0,3096,G
1-PB2,1559,3088,0,2,0,3090,A
1-PB2,1560,2970,0,1,0,2971,A
1-PB2,1561,2976,0,4,0,2980,A
1-PB2,1562,0,0,0,2973,2973,C
1-PB2,1563,2939,0,2,0,2941,A
1-PB2,1564,0,0,0,2948,2948,C
1-PB2,1565,2833,1,4,1,2839,A
1-PB2,1566,0,2,2850,0,2852,G
1-PB2,1567,0,1,2834,0,2835,G
1-PB2,1568,2,1,2875,0,2878,G
1-PB2,1569,2853,0,2,0,2855,A
1-PB2,1570,2811,0,17,0,2828,A
1-PB2,1571,0,0,0,2833,2833,C
1-PB2,1572,0,2812,0,0,2812,T
1-PB2,1573,0,2,2823,0,2825,G
1-PB2,1574,2783,1,0,0,2784,A
1-PB2,1575,0,0,2811,0,2811,G
1-PB2,1576,2757,0,2,0,2759,A
1-PB2,1577,0,0,2604,0,2604,G
1-PB2,1578,2584,0,2,0,2586,A
1-PB2,1579,0,1,0,2596,2597,C
1-PB2,1580,0,2501,0,0,2501,T
1-PB2,1581,0,1,2527,1,2529,G
1-PB2,1582,2507,1,4,0,2512,A
1-PB2,1583,1,0,0,2519,2520,C
1-PB2,1584,2516,0,1,0,2517,A
1-PB2,1585,2512,0,1,0,2513,A
1-PB2,1586,0,2498,0,0,2498,T
1-PB2,1587,2493,0,0,0,2493,A
1-PB2,1588,2479,1,11,0,2491,A
1-PB2,1589,0,0,0,2501,2501,C
1-PB2,1590,1,2369,0,0,2370,T
1-PB2,1591,0,2342,0,0,2342,T
1-PB2,1592,2318,0,0,0,2318,A
1-PB2,1593,0,2313,0,0,2313,T
1-PB2,1594,1,2305,0,2,2308,T
1-PB2,1595,1,0,0,2305,2306,C
1-PB2,1596,2142,0,0,0,2142,A
1-PB2,1597,0,2129,0,1,2130,T
1-PB2,1598,0,1,0,2085,2086,C
1-PB2,1599,0,0,2083,0,2083,G
1-PB2,1600,0,2057,0,23,2080,T
1-PB2,1601,1,0,0,2064,2065,C
1-PB2,1602,0,0,2067,0,2067,G
1-PB2,1603,2042,0,16,0,2058,A
1-PB2,1604,0,2057,0,1,2058,T
1-PB2,1605,0,0,2059,0,2059,G
1-PB2,1606,2078,0,1,0,2079,A
1-PB2,1607,0,2073,0,0,2073,T
1-PB2,1608,0,0,2072,0,2072,G
1-PB2,1609,0,1978,0,2,1980,T
1-PB2,1610,1,1,1980,0,1982,G
1-PB2,1611,1,0,1960,0,1961,G
1-PB2,1612,0,0,1953,0,1953,G
1-PB2,1613,1920,0,1,0,1921,A
1-PB2,1614,1,0,1905,0,1906,G
1-PB2,1615,1777,0,1,0,1778,A
1-PB2,1616,0,1724,0,1,1725,T
1-PB2,1617,0,1685,0,0,1685,T
1-PB2,1618,1673,0,1,0,1674,A
1-PB2,1619,1658,0,3,0,1661,A
1-PB2,1620,0,0,1,1635,1636,C
1-PB2,1621,1,0,1534,0,1535,G
1-PB2,1622,0,0,1555,0,1555,G
1-PB2,1623,0,1391,0,0,1391,T
1-PB2,1624,1,0,0,1375,1376,C
1-PB2,1625,0,0,0,1380,1380,C
1-PB2,1626,0,1304,0,1,1305,T
1-PB2,1627,2,0,1315,0,1317,G
1-PB2,1628,1305,0,1,0,1306,A
1-PB2,1629,0,0,1307,0,1307,G
1-PB2,1630,0,1301,0,0,1301,T
1-PB2,1631,0,0,0,1239,1239,C
1-PB2,1632,0,0,1237,0,1237,G
1-PB2,1633,0,0,1255,0,1255,G
1-PB2,1634,0,1240,0,0,1240,T
1-PB2,1635,0,1250,0,0,1250,T
1-PB2,1636,0,1250,0,0,1250,T
1-PB2,1637,0,1249,0,0,1249,T
1-PB2,1638,1,0,1279,0,1280,G
1-PB2,1639,0,0,1274,0,1274,G
1-PB2,1640,0,1277,0,0,1277,T
1-PB2,1641,0,0,0,1284,1284,C
1-PB2,1642,1261,0,0,0,1261,A
1-PB2,1643,1323,0,0,0,1323,A
1-PB2,1644,0,1318,0,0,1318,T
1-PB2,1645,1317,0,0,0,1317,A
1-PB2,1646,0,0,0,1348,1348,C
1-PB2,1647,0,0,0,1305,1305,C
1-PB2,1648,0,1304,0,0,1304,T
1-PB2,1649,1322,0,0,0,1322,A
1-PB2,1650,0,1326,0,0,1326,T
1-PB2,1651,1,0,0,1333,1334,C
1-PB2,1652,1290,0,0,0,1290,A
1-PB2,1653,1286,0,0,0,1286,A
1-PB2,1654,0,1280,0,0,1280,T
1-PB2,1655,0,0,1255,0,1255,G
1-PB2,1656,0,0,1253,0,1253,G
1-PB2,1657,1248,0,0,1,1249,A
1-PB2,1658,0,1216,0,0,1216,T
1-PB2,1659,1,0,0,1221,1222,C
1-PB2,1660,1218,0,0,0,1218,A
1-PB2,1661,1,1224,0,1,1226,T
1-PB2,1662,0,1,0,1224,1225,C
1-PB2,1663,1232,0,0,0,1232,A
1-PB2,1664,0,0,1233,0,1233,G
1-PB2,1665,1230,0,1,0,1231,A
1-PB2,1666,1235,0,0,0,1235,A
1-PB2,1667,1235,0,1,0,1236,A
1-PB2,1668,0,1239,0,0,1239,T
1-PB2,1669,0,1224,0,0,1224,T
1-PB2,1670,0,0,1221,0,1221,G
1-PB2,1671,0,0,1219,0,1219,G
1-PB2,1672,0,0,1214,0,1214,G
1-PB2,1673,1220,0,0,0,1220,A
1-PB2,1674,1211,0,0,0,1211,A
1-PB2,1675,0,1,1201,0,1202,G
1-PB2,1676,0,0,0,1202,1202,C
1-PB2,1677,0,1206,0,0,1206,T
1-PB2,1678,0,0,1218,0,1218,G
1-PB2,1679,0,1214,0,0,1214,T
1-PB2,1680,0,0,0,1218,1218,C
1-PB2,1681,1227,0,0,0,1227,A
1-PB2,1682,1232,0,0,0,1232,A
1-PB2,1683,1232,0,1,0,1233,A
1-PB2,1684,1230,0,0,0,1230,A
1-PB2,1685,0,1239,0,0,1239,T
1-PB2,1686,0,1233,0,0,1233,T
1-PB2,1687,0,0,0,1227,1227,C
1-PB2,1688,1225,0,0,0,1225,A
1-PB2,1689,1215,1,0,0,1216,A
1-PB2,1690,0,1215,0,0,1215,T
1-PB2,1691,0,1,1224,0,1225,G
1-PB2,1692,0,0,1238,2,1240,G
1-PB2,1693,0,1256,0,1,1257,T
1-PB2,1694,0,0,0,1270,1270,C
1-PB2,1695,0,1265,0,0,1265,T
1-PB2,1696,0,0,0,1272,1272,C
1-PB2,1697,1278,0,1,0,1279,A
1-PB2,1698,0,0,1284,0,1284,G
1-PB2,1699,1282,0,1,0,1283,A
1-PB2,1700,1294,0,1,0,1295,A
1-PB2,1701,0,1264,0,0,1264,T
1-PB2,1702,0,0,0,1232,1232,C
1-PB2,1703,0,0,0,1261,1261,C
1-PB2,1704,1,1259,0,1,1261,T
1-PB2,1705,0,0,1263,0,1263,G
1-PB2,1706,0,0,0,1260,1260,C
1-PB2,1707,1261,1,0,0,1262,A
1-PB2,1708,1283,0,0,0,1283,A
1-PB2,1709,0,1261,0,0,1261,T
1-PB2,1710,0,0,1295,0,1295,G
1-PB2,1711,0,1303,0,0,1303,T
1-PB2,1712,0,1271,0,0,1271,T
1-PB2,1713,0,0,1290,0,1290,G
1-PB2,1714,0,1293,0,0,1293,T
1-PB2,1715,1285,1,2,0,1288,A
1-PB2,1716,0,0,0,1289,1289,C
1-PB2,1717,1271,0,0,0,1271,A
1-PB2,1718,1277,0,0,0,1277,A
1-PB2,1719,0,0,0,1253,1253,C
1-PB2,1720,1229,0,0,0,1229,A
1-PB2,1721,1223,0,0,0,1223,A
1-PB2,1722,1217,0,0,0,1217,A
1-PB2,1723,1215,0,0,0,1215,A
1-PB2,1724,0,1210,0,0,1210,T
1-PB2,1725,1,1,1209,0,1211,G
1-PB2,1726,0,0,1210,0,1210,G
1-PB2,1727,1206,0,0,0,1206,A
1-PB2,1728,1216,0,0,0,1216,A
1-PB2,1729,0,1208,0,0,1208,T
1-PB2,1730,0,1208,0,0,1208,T
1-PB2,1731,1,1215,0,1,1217,T
1-PB2,1732,0,0,1206,0,1206,G
1-PB2,1733,1211,0,1,0,1212,A
1-PB2,1734,1210,0,1,0,1211,A
1-PB2,1735,0,0,0,1205,1205,C
1-PB2,1736,0,0,0,1206,1206,C
1-PB2,1737,1213,0,0,0,1213,A
1-PB2,1738,0,1230,0,0,1230,T
1-PB2,1739,0,1234,0,0,1234,T
1-PB2,1740,0,1224,0,0,1224,T
1-PB2,1741,1,0,0,1229,1230,C
1-PB2,1742,1231,0,0,0,1231,A
1-PB2,1743,1222,0,0,0,1222,A
1-PB2,1744,0,1219,0,1,1220,T
1-PB2,1745,0,0,0,1243,1243,C
1-PB2,1746,0,1219,0,1,1220,T
1-PB2,1747,0,1216,0,0,1216,T
1-PB2,1748,0,1224,0,2,1226,T
1-PB2,1749,1226,0,1,0,1227,A
1-PB2,1750,0,0,1223,0,1223,G
1-PB2,1751,0,1218,0,0,1218,T
1-PB2,1752,0,0,0,1229,1229,C
1-PB2,1753,0,0,0,1238,1238,C
1-PB2,1754,0,0,0,1219,1219,C
1-PB2,1755,1,0,0,1219,1220,C
1-PB2,1756,1224,0,0,0,1224,A
1-PB2,1757,1221,0,2,0,1223,A
1-PB2,1758,1,0,1242,0,1243,G
1-PB2,1759,0,0,1232,0,1232,G
1-PB2,1760,0,0,0,1229,1229,C
1-PB2,1761,1,0,0,1218,1219,C
1-PB2,1762,1228,1,0,0,1229,A
1-PB2,1763,0,1240,0,0,1240,T
1-PB2,1764,0,1239,0,0,1239,T
1-PB2,1765,1251,0,0,0,1251,A
1-PB2,1766,0,0,1246,0,1246,G
1-PB2,1767,1228,0,0,0,1228,A
1-PB2,1768,1268,0,1,0,1269,A
1-PB2,1769,0,0,1275,0,1275,G
1-PB2,1770,0,0,0,1254,1254,C
1-PB2,1771,1,0,0,1276,1277,C
1-PB2,1772,1268,0,0,0,1268,A
1-PB2,1773,1279,0,0,0,1279,A
1-PB2,1774,0,1287,0,0,1287,T
1-PB2,1775,1293,0,0,0,1293,A
1-PB2,1776,0,0,0,1297,1297,C
1-PB2,1777,1204,0,0,0,1204,A
1-PB2,1778,1,0,1207,0,1208,G
1-PB2,1779,0,1181,0,0,1181,T
1-PB2,1780,0,0,1196,0,1196,G
1-PB2,1781,0,1,1200,0,1201,G
1-PB2,1782,0,0,1199,0,1199,G
1-PB2,1783,0,1183,0,1,1184,T
1-PB2,1784,0,1169,0,1,1170,T
1-PB2,1785,0,1191,0,0,1191,T
1-PB2,1786,1,0,1200,0,1201,G
1-PB2,1787,1,1193,0,1,1195,T
1-PB2,1788,1,1,0,1200,1202,C
1-PB2,1789,1201,0,0,0,1201,A
1-PB2,1790,0,0,1188,0,1188,G
1-PB2,1791,1185,0,0,0,1185,A
1-PB2,1792,1189,0,1,0,1190,A
1-PB2,1793,0,0,0,1183,1183,C
1-PB2,1794,0,1141,1,2,1144,T
1-PB2,1795,0,0,0,1177,1177,C
1-PB2,1796,0,1184,0,0,1184,T
1-PB2,1797,1190,0,0,0,1190,A
1-PB2,1798,0,1177,0,1,1178,T
1-PB2,1799,0,1168,0,1,1169,T
1-PB2,1800,0,1,0,1163,1164,C
1-PB2,1801,0,0,0,1160,1160,C
1-PB2,1802,1153,0,2,0,1155,A
1-PB2,1803,1160,0,0,0,1160,A
1-PB2,1804,0,0,0,1155,1155,C
1-PB2,1805,1150,0,1,0,1151,A
1-PB2,1806,1147,0,0,0,1147,A
1-PB2,1807,1146,0,0,0,1146,A
1-PB2,1808,0,1140,0,0,1140,T
1-PB2,1809,1,0,1144,0,1145,G
1-PB2,1810,1141,0,0,0,1141,A
1-PB2,1811,0,0,1143,0,1143,G
1-PB2,1812,1133,0,1,1,1135,A
1-PB2,1813,0,0,1125,0,1125,G
1-PB2,1814,1127,0,0,0,1127,A
1-PB2,1815,0,0,0,1128,1128,C
1-PB2,1816,0,0,1139,0,1139,G
1-PB2,1817,0,1144,0,0,1144,T
1-PB2,1818,1169,0,0,0,1169,A
1-PB2,1819,0,0,0,1176,1176,C
1-PB2,1820,0,1165,0,0,1165,T
1-PB2,1821,0,1162,0,0,1162,T
1-PB2,1822,0,0,1156,0,1156,G
1-PB2,1823,0,1,1147,0,1148,G
1-PB2,1824,0,0,1154,0,1154,G
1-PB2,1825,1133,0,0,0,1133,A
1-PB2,1826,0,0,0,1145,1145,C
1-PB2,1827,1159,0,0,0,1159,A
1-PB2,1828,0,1158,0,0,1158,T
1-PB2,1829,0,1161,0,0,1161,T
1-PB2,1830,0,1168,0,0,1168,T
1-PB2,1831,0,0,1160,0,1160,G
1-PB2,1832,1165,0,0,0,1165,A
1-PB2,1833,0,0,0,1162,1162,C
1-PB2,1834,1157,0,0,0,1157,A
1-PB2,1835,0,7,0,1146,1153,C
1-PB2,1836,0,0,0,1139,1139,C
1-PB2,1837,1151,0,1,0,1152,A
1-PB2,1838,0,0,0,1160,1160,C
1-PB2,1839,1,0,0,1166,1167,C
1-PB2,1840,1,0,0,1170,1171,C
1-PB2,1841,1174,0,0,0,1174,A
1-PB2,1842,0,0,1191,0,1191,G
1-PB2,1843,1184,0,0,0,1184,A
1-PB2,1844,0,1243,0,0,1243,T
1-PB2,1845,1229,0,0,0,1229,A
1-PB2,1846,1224,0,0,0,1224,A
1-PB2,1847,0,1216,0,0,1216,T
1-PB2,1848,1217,0,0,0,1217,A
1-PB2,1849,1216,0,0,0,1216,A
1-PB2,1850,1186,0,0,0,1186,A
1-PB2,1851,0,0,1203,0,1203,G
1-PB2,1852,0,0,0,1199,1199,C
1-PB2,1853,0,1162,0,0,1162,T
1-PB2,1854,0,1172,0,0,1172,T
1-PB2,1855,0,1,0,1175,1176,C
1-PB2,1856,0,1166,0,0,1166,T
1-PB2,1857,1,0,0,1185,1186,C
1-PB2,1858,0,0,0,1189,1189,C
1-PB2,1859,1,0,0,1186,1187,C
1-PB2,1860,0,385,0,800,1185,C
1-PB2,1861,0,1204,0,0,1204,T
1-PB2,1862,0,1200,0,0,1200,T
1-PB2,1863,0,1207,0,0,1207,T
1-PB2,1864,0,0,1204,0,1204,G
1-PB2,1865,0,0,0,1208,1208,C
1-PB2,1866,1189,0,0,0,1189,A
1-PB2,1867,0,0,1191,0,1191,G
1-PB2,1868,0,0,0,1180,1180,C
1-PB2,1869,0,1179,0,0,1179,T
1-PB2,1870,0,0,1184,0,1184,G
1-PB2,1871,0,0,0,1181,1181,C
1-PB2,1872,0,1166,0,1,1167,T
1-PB2,1873,0,0,0,1176,1176,C
1-PB2,1874,0,0,0,1194,1194,C
1-PB2,1875,1195,0,0,0,1195,A
1-PB2,1876,0,0,0,1212,1212,C
1-PB2,1877,1,0,0,1205,1206,C
1-PB2,1878,1207,0,0,0,1207,A
1-PB2,1879,1209,0,0,0,1209,A
1-PB2,1880,1195,0,1,0,1196,A
1-PB2,1881,0,0,1204,0,1204,G
1-PB2,1882,0,0,0,1198,1198,C
1-PB2,1883,1181,0,0,0,1181,A
1-PB2,1884,1185,0,0,0,1185,A
1-PB2,1885,1177,0,0,0,1177,A
1-PB2,1886,0,0,1195,0,1195,G
1-PB2,1887,0,0,0,1202,1202,C
1-PB2,1888,1195,0,1,0,1196,A
1-PB2,1889,0,0,1198,0,1198,G
1-PB2,1890,1185,0,0,0,1185,A
1-PB2,1891,1200,0,0,0,1200,A
1-PB2,1892,0,1201,0,0,1201,T
1-PB2,1893,0,0,1204,0,1204,G
1-PB2,1894,1,0,0,1209,1210,C
1-PB2,1895,1192,0,0,0,1192,A
1-PB2,1896,0,0,1195,0,1195,G
1-PB2,1897,0,1189,0,0,1189,T
1-PB2,1898,0,1228,0,1,1229,T
1-PB2,1899,0,1,0,1237,1238,C
1-PB2,1900,0,1218,0,1,1219,T
1-PB2,1901,1,0,0,1241,1242,C
1-PB2,1902,0,1230,0,1,1231,T
1-PB2,1903,0,1236,0,2,1238,T
1-PB2,1904,0,0,0,1244,1244,C
1-PB2,1905,1241,0,0,0,1241,A
1-PB2,1906,0,0,0,1245,1245,C
1-PB2,1907,0,1203,1,0,1204,T
1-PB2,1908,1,0,1220,0,1221,G
1-PB2,1909,1203,0,0,0,1203,A
1-PB2,1910,0,0,0,1230,1230,C
1-PB2,1911,0,1221,0,0,1221,T
1-PB2,1912,0,0,1241,0,1241,G
1-PB2,1913,0,1226,1,0,1227,T
1-PB2,1914,1,0,1241,0,1242,G
1-PB2,1915,1240,0,0,0,1240,A
1-PB2,1916,1262,0,0,0,1262,A
1-PB2,1917,0,1252,0,0,1252,T
1-PB2,1918,0,0,1254,0,1254,G
1-PB2,1919,0,1215,0,0,1215,T
1-PB2,1920,820,0,383,0,1203,A
1-PB2,1921,1197,0,1,0,1198,A
1-PB2,1922,0,8,1191,0,1199,G
1-PB2,1923,0,0,1200,0,1200,G
1-PB2,1924,0,0,1191,1,1192,G
1-PB2,1925,0,0,1222,0,1222,G
1-PB2,1926,1218,0,0,0,1218,A
1-PB2,1927,0,1206,0,0,1206,T
1-PB2,1928,1,0,0,1216,1217,C
1-PB2,1929,1216,0,3,0,1219,A
1-PB2,1930,0,0,1238,0,1238,G
1-PB2,1931,0,0,1234,0,1234,G
1-PB2,1932,0,0,1234,0,1234,G
1-PB2,1933,1229,0,0,0,1229,A
1-PB2,1934,0,1177,0,0,1177,T
1-PB2,1935,0,0,1187,0,1187,G
1-PB2,1936,1178,0,0,0,1178,A
1-PB2,1937,0,0,1216,0,1216,G
1-PB2,1938,1210,0,0,0,1210,A
1-PB2,1939,1192,0,0,0,1192,A
1-PB2,1940,0,1209,0,0,1209,T
1-PB2,1941,1209,0,0,0,1209,A
1-PB2,1942,0,0,0,1229,1229,C
1-PB2,1943,0,1205,0,14,1219,T
1-PB2,1944,0,1221,0,0,1221,T
1-PB2,1945,0,0,1230,0,1230,G
1-PB2,1946,0,1167,0,17,1184,T
1-PB2,1947,1183,0,0,0,1183,A
1-PB2,1948,1180,0,1,1,1182,A
1-PB2,1949,0,0,1153,0,1153,G
1-PB2,1950,1,0,1171,0,1172,G
1-PB2,1951,1,0,1137,1,1139,G
1-PB2,1952,0,0,1136,0,1136,G
1-PB2,1953,0,1,0,1145,1146,C
1-PB2,1954,1158,0,0,0,1158,A
1-PB2,1955,1172,0,0,0,1172,A
1-PB2,1956,0,1172,0,0,1172,T
1-PB2,1957,0,1174,0,0,1174,T
1-PB2,1958,1,0,0,1195,1196,C
1-PB2,1959,0,1190,0,0,1190,T
1-PB2,1960,0,0,0,1211,1211,C
1-PB2,1961,0,10,0,1198,1208,C
1-PB2,1962,0,1201,0,0,1201,T
1-PB2,1963,0,0,1228,0,1228,G
1-PB2,1964,0,1203,0,1,1204,T
1-PB2,1965,1203,0,0,0,1203,A
1-PB2,1966,0,1199,0,0,1199,T
1-PB2,1967,1,1185,0,0,1186,T
1-PB2,1968,0,0,0,1199,1199,C
1-PB2,1969,1199,0,0,0,1199,A
1-PB2,1970,1210,0,1,0,1211,A
1-PB2,1971,0,1,0,1211,1212,C
1-PB2,1972,0,1185,0,0,1185,T
1-PB2,1973,1189,0,0,0,1189,A
1-PB2,1974,0,0,0,1219,1219,C
1-PB2,1975,1218,1,0,0,1219,A
1-PB2,1976,1216,0,1,0,1217,A
1-PB2,1977,0,0,0,1217,1217,C
1-PB2,1978,1211,0,0,0,1211,A
1-PB2,1979,1203,0,1,0,1204,A
1-PB2,1980,0,1,1202,0,1203,G
1-PB2,1981,1194,0,4,0,1198,A
1-PB2,1982,0,0,0,1210,1210,C
1-PB2,1983,0,0,0,1183,1183,C
1-PB2,1984,1174,0,0,0,1174,A
1-PB2,1985,0,0,0,1223,1223,C
1-PB2,1986,0,1221,0,0,1221,T
1-PB2,1987,1220,0,0,0,1220,A
1-PB2,1988,1218,0,0,0,1218,A
1-PB2,1989,1210,0,0,0,1210,A
1-PB2,1990,1215,0,0,0,1215,A
1-PB2,1991,0,0,1217,0,1217,G
1-PB2,1992,1207,0,1,0,1208,A
1-PB2,1993,0,0,0,1216,1216,C
1-PB2,1994,0,1190,0,1,1191,T
1-PB2,1995,1197,0,0,0,1197,A
1-PB2,1996,1195,0,2,0,1197,A
1-PB2,1997,0,0,0,1194,1194,C
1-PB2,1998,1199,0,0,0,1199,A
1-PB2,1999,1179,0,0,0,1179,A
1-PB2,2000,0,1168,0,0,1168,T
1-PB2,2001,0,1163,0,0,1163,T
1-PB2,2002,0,0,0,1177,1177,C
1-PB2,2003,0,1163,0,0,1163,T
1-PB2,2004,0,0,0,1177,1177,C
1-PB2,2005,0,0,1174,0,1174,G
1-PB2,2006,0,1,1177,0,1178,G
1-PB2,2007,1172,0,0,0,1172,A
1-PB2,2008,1167,0,0,0,1167,A
1-PB2,2009,1173,0,1,0,1174,A
1-PB2,2010,1174,0,0,0,1174,A
1-PB2,2011,0,0,1165,0,1165,G
1-PB2,2012,1171,0,1,0,1172,A
1-PB2,2013,0,1180,0,0,1180,T
1-PB2,2014,0,0,1179,0,1179,G
1-PB2,2015,0,1,0,1157,1158,C
1-PB2,2016,0,2,0,1169,1171,C
1-PB2,2017,0,0,1176,0,1176,G
1-PB2,2018,1,0,1163,0,1164,G
1-PB2,2019,0,0,0,1172,1172,C
1-PB2,2020,1164,1,0,0,1165,A
1-PB2,2021,0,0,0,1192,1192,C
1-PB2,2022,0,1190,0,1,1191,T
1-PB2,2023,0,1195,0,1,1196,T
1-PB2,2024,0,1201,0,0,1201,T
1-PB2,2025,1202,0,0,0,1202,A
1-PB2,2026,1205,0,0,0,1205,A
1-PB2,2027,0,1201,0,0,1201,T
1-PB2,2028,0,1202,0,0,1202,T
1-PB2,2029,1,0,1199,0,1200,G
1-PB2,2030,1177,0,0,0,1177,A
1-PB2,2031,1177,0,0,0,1177,A
1-PB2,2032,0,0,1175,0,1175,G
1-PB2,2033,1176,0,0,0,1176,A
1-PB2,2034,0,1,0,1185,1186,C
1-PB2,2035,1,0,0,1172,1173,C
1-PB2,2036,0,0,0,1179,1179,C
1-PB2,2037,1178,0,0,0,1178,A
1-PB2,2038,0,0,1190,0,1190,G
1-PB2,2039,1194,0,0,0,1194,A
1-PB2,2040,0,1195,0,0,1195,T
1-PB2,2041,0,0,1193,0,1193,G
1-PB2,2042,1169,0,0,0,1169,A
1-PB2,2043,1172,0,0,0,1172,A
1-PB2,2044,1175,0,0,0,1175,A
1-PB2,2045,0,0,1165,0,1165,G
1-PB2,2046,1,0,0,1162,1163,C
1-PB2,2047,1129,0,1,0,1130,A
1-PB2,2048,0,0,0,1140,1140,C
1-PB2,2049,1146,0,0,0,1146,A
1-PB2,2050,0,1129,0,0,1129,T
1-PB2,2051,0,0,0,1149,1149,C
1-PB2,2052,1,0,0,1161,1162,C
1-PB2,2053,4,0,1162,0,1166,G
1-PB2,2054,0,0,1174,0,1174,G
1-PB2,2055,1157,0,1,0,1158,A
1-PB2,2056,0,0,1174,0,1174,G
1-PB2,2057,0,1151,0,0,1151,T
1-PB2,2058,0,0,1148,0,1148,G
1-PB2,2059,0,0,1153,0,1153,G
1-PB2,2060,1143,0,1,0,1144,A
1-PB2,2061,0,1,1150,0,1151,G
1-PB2,2062,0,1130,0,0,1130,T
1-PB2,2063,0,0,0,1110,1110,C
1-PB2,2064,0,738,0,367,1105,T
1-PB2,2065,0,0,1114,0,1114,G
1-PB2,2066,0,0,0,1109,1109,C
1-PB2,2067,0,0,0,1109,1109,C
1-PB2,2068,0,0,1127,0,1127,G
1-PB2,2069,0,1101,0,3,1104,T
1-PB2,2070,0,0,0,1119,1119,C
1-PB2,2071,1,1114,1,1,1117,T
1-PB2,2072,0,1130,0,0,1130,T
1-PB2,2073,1,0,1135,0,1136,G
1-PB2,2074,1119,0,1,0,1120,A
1-PB2,2075,0,0,1132,0,1132,G
1-PB2,2076,1121,0,1,0,1122,A
1-PB2,2077,0,0,1085,0,1085,G
1-PB2,2078,0,0,1087,0,1087,G
1-PB2,2079,0,1,1081,0,1082,G
1-PB2,2080,0,1075,0,1,1076,T
1-PB2,2081,0,1074,0,0,1074,T
1-PB2,2082,0,1080,0,0,1080,T
1-PB2,2083,0,1,0,1093,1094,C
1-PB2,2084,0,1082,0,1,1083,T
1-PB2,2085,1,0,0,1116,1117,C
1-PB2,2086,1111,0,0,0,1111,A
1-PB2,2087,1,1101,0,1,1103,T
1-PB2,2088,0,1095,0,0,1095,T
1-PB2,2089,1099,0,1,0,1100,A
1-PB2,2090,0,1097,0,1,1098,T
1-PB2,2091,1087,0,1,0,1088,A
1-PB2,2092,0,0,1095,0,1095,G
1-PB2,2093,0,0,1087,0,1087,G
1-PB2,2094,0,1034,0,0,1034,T
1-PB2,2095,1036,0,0,0,1036,A
1-PB2,2096,1032,0,0,0,1032,A
1-PB2,2097,0,0,1032,0,1032,G
1-PB2,2098,0,0,1033,0,1033,G
1-PB2,2099,1027,0,0,0,1027,A
1-PB2,2100,1008,0,1,0,1009,A
1-PB2,2101,0,2,1004,0,1006,G
1-PB2,2102,999,0,0,0,999,A
1-PB2,2103,0,0,0,1002,1002,C
1-PB2,2104,987,0,0,0,987,A
1-PB2,2105,0,0,988,0,988,G
1-PB2,2106,983,0,1,0,984,A
1-PB2,2107,978,0,0,0,978,A
1-PB2,2108,0,0,972,0,972,G
1-PB2,2109,328,0,625,0,953,G
1-PB2,2110,0,970,0,0,970,T
1-PB2,2111,968,0,0,0,968,A
1-PB2,2112,0,1,0,970,971,C
1-PB2,2113,0,0,960,0,960,G
1-PB2,2114,0,0,991,0,991,G
1-PB2,2115,975,0,1,0,976,A
1-PB2,2116,0,0,0,975,975,C
1-PB2,2117,0,1,0,969,970,C
1-PB2,2118,943,0,0,0,943,A
1-PB2,2119,0,0,974,0,974,G
1-PB2,2120,0,0,0,974,974,C
1-PB2,2121,978,0,0,0,978,A
1-PB2,2122,0,976,0,0,976,T
1-PB2,2123,0,926,0,0,926,T
1-PB2,2124,924,0,9,0,933,A
1-PB2,2125,927,0,0,0,927,A
1-PB2,2126,1,0,926,0,927,G
1-PB2,2127,0,0,0,922,922,C
1-PB2,2128,858,0,0,0,858,A
1-PB2,2129,0,873,1,0,874,T
1-PB2,2130,0,0,0,882,882,C
1-PB2,2131,884,0,0,0,884,A
1-PB2,2132,882,0,0,0,882,A
1-PB2,2133,0,879,0,0,879,T
1-PB2,2134,0,0,877,0,877,G
1-PB2,2135,871,0,0,0,871,A
1-PB2,2136,877,0,0,0,877,A
1-PB2,2137,6,0,0,877,883,C
1-PB2,2138,0,838,0,0,838,T
1-PB2,2139,0,0,868,0,868,G
1-PB2,2140,864,0,0,0,864,A
1-PB2,2141,1,0,862,0,863,G
1-PB2,2142,0,863,0,0,863,T
1-PB2,2143,854,0,1,0,855,A
1-PB2,2144,854,0,0,0,854,A
1-PB2,2145,0,0,0,858,858,C
1-PB2,2146,1,0,1,843,845,C
1-PB2,2147,0,836,0,2,838,T
1-PB2,2148,0,800,0,2,802,T
1-PB2,2149,1,0,800,0,801,G
1-PB2,2150,0,0,0,801,801,C
1-PB2,2151,803,0,0,0,803,A
1-PB2,2152,798,0,0,0,798,A
1-PB2,2153,777,0,0,0,777,A
1-PB2,2154,769,0,1,0,770,A
1-PB2,2155,0,0,772,0,772,G
1-PB2,2156,0,0,773,0,773,G
1-PB2,2157,0,0,766,0,766,G
1-PB2,2158,0,0,771,0,771,G
1-PB2,2159,770,0,0,0,770,A
1-PB2,2160,772,0,1,0,773,A
1-PB2,2161,768,0,0,0,768,A
1-PB2,2162,777,0,0,0,777,A
1-PB2,2163,0,0,783,0,783,G
1-PB2,2164,0,0,770,0,770,G
1-PB2,2165,0,2,0,765,767,C
1-PB2,2166,0,755,0,16,771,T
1-PB2,2167,768,0,0,0,768,A
1-PB2,2168,773,0,0,0,773,A
1-PB2,2169,0,765,0,0,765,T
1-PB2,2170,0,0,782,0,782,G
1-PB2,2171,0,747,0,1,748,T
1-PB2,2172,0,0,744,0,744,G
1-PB2,2173,0,0,0,738,738,C
1-PB2,2174,0,738,0,0,738,T
1-PB2,2175,744,0,0,0,744,A
1-PB2,2176,736,0,0,0,736,A
1-PB2,2177,0,731,0,0,731,T
1-PB2,2178,0,0,0,734,734,C
1-PB2,2179,0,0,702,0,702,G
1-PB2,2180,0,0,702,0,702,G
1-PB2,2181,6,0,705,0,711,G
1-PB2,2182,0,0,1,710,711,C
1-PB2,2183,712,0,0,0,712,A
1-PB2,2184,707,0,1,0,708,A
1-PB2,2185,0,0,708,0,708,G
1-PB2,2186,0,0,714,0,714,G
1-PB2,2187,710,0,0,0,710,A
1-PB2,2188,0,0,712,0,712,G
1-PB2,2189,690,0,0,0,690,A
1-PB2,2190,0,0,0,687,687,C
1-PB2,2191,0,0,690,0,690,G
1-PB2,2192,0,683,0,1,684,T
1-PB2,2193,0,0,686,0,686,G
1-PB2,2194,0,0,697,0,697,G
1-PB2,2195,0,676,0,1,677,T
1-PB2,2196,0,0,687,0,687,G
1-PB2,2197,0,669,0,1,670,T
1-PB2,2198,0,665,0,1,666,T
1-PB2,2199,0,0,666,0,666,G
1-PB2,2200,0,0,666,0,666,G
1-PB2,2201,0,660,0,0,660,T
1-PB2,2202,653,0,0,0,653,A
1-PB2,2203,634,1,0,0,635,A
1-PB2,2204,0,620,0,0,620,T
1-PB2,2205,0,0,606,0,606,G
1-PB2,2206,608,0,0,0,608,A
1-PB2,2207,603,0,0,0,603,A
1-PB2,2208,599,0,0,0,599,A
1-PB2,2209,0,0,0,598,598,C
1-PB2,2210,0,0,601,0,601,G
1-PB2,2211,598,0,0,0,598,A
1-PB2,2212,600,0,0,0,600,A
1-PB2,2213,598,0,0,0,598,A
1-PB2,2214,595,0,0,0,595,A
1-PB2,2215,0,0,0,597,597,C
1-PB2,2216,1,0,597,0,598,G
1-PB2,2217,1,0,595,0,596,G
1-PB2,2218,0,0,596,0,596,G
1-PB2,2219,589,0,0,5,594,A
1-PB2,2220,0,0,0,595,595,C
1-PB2,2221,0,584,0,2,586,T
1-PB2,2222,0,0,1,597,598,C
1-PB2,2223,0,595,0,0,595,T
1-PB2,2224,597,0,0,0,597,A
1-PB2,2225,0,0,597,0,597,G
1-PB2,2226,0,0,0,588,588,C
1-PB2,2227,591,0,0,0,591,A
1-PB2,2228,0,586,0,0,586,T
1-PB2,2229,561,0,0,0,561,A
1-PB2,2230,0,0,0,568,568,C
1-PB2,2231,0,498,0,1,499,T
1-PB2,2232,0,504,0,0,504,T
1-PB2,2233,486,0,0,0,486,A
1-PB2,2234,0,0,0,486,486,C
1-PB2,2235,0,479,1,0,480,T
1-PB2,2236,0,0,479,0,479,G
1-PB2,2237,466,0,0,0,466,A
1-PB2,2238,0,0,0,471,471,C
1-PB2,2239,433,0,0,0,433,A
1-PB2,2240,0,0,433,0,433,G
1-PB2,2241,0,1,0,424,425,C
1-PB2,2242,0,0,0,429,429,C
1-PB2,2243,426,0,0,0,426,A
1-PB2,2244,0,0,423,0,423,G
1-PB2,2245,421,0,0,0,421,A
1-PB2,2246,0,0,0,425,425,C
1-PB2,2247,388,0,0,0,388,A
1-PB2,2248,0,0,389,0,389,G
1-PB2,2249,0,0,0,359,359,C
1-PB2,2250,0,0,365,0,365,G
1-PB2,2251,358,0,0,0,358,A
1-PB2,2252,0,0,0,359,359,C
1-PB2,2253,0,0,0,359,359,C
1-PB2,2254,358,0,1,0,359,A
1-PB2,2255,358,0,0,0,358,A
1-PB2,2256,362,0,0,0,362,A
1-PB2,2257,360,0,0,0,360,A
1-PB2,2258,0,0,362,0,362,G
1-PB2,2259,353,0,0,0,353,A
1-PB2,2260,352,0,0,0,352,A
1-PB2,2261,0,343,0,0,343,T
1-PB2,2262,0,344,0,0,344,T
1-PB2,2263,0,0,0,346,346,C
1-PB2,2264,0,1,341,0,342,G
1-PB2,2265,0,0,337,0,337,G
1-PB2,2266,339,0,0,0,339,A
1-PB2,2267,0,323,0,0,323,T
1-PB2,2268,0,0,331,0,331,G
1-PB2,2269,0,0,327,0,327,G
1-PB2,2270,0,0,0,323,323,C
1-PB2,2271,0,0,0,326,326,C
1-PB2,2272,328,0,0,0,328,A
1-PB2,2273,1,326,0,0,327,T
1-PB2,2274,0,0,0,327,327,C
1-PB2,2275,328,0,0,0,328,A
1-PB2,2276,327,0,0,0,327,A
1-PB2,2277,0,324,0,0,324,T
1-PB2,2278,0,287,0,0,287,T
1-PB2,2279,273,0,0,0,273,A
1-PB2,2280,270,0,0,0,270,A
2-PB1,1,133,0,0,0,133,A
2-PB1,2,0,133,0,0,133,T
2-PB1,3,0,0,133,0,133,G
2-PB1,4,0,0,143,0,143,G
2-PB1,5,170,0,0,0,170,A
2-PB1,6,0,189,0,0,189,T
2-PB1,7,0,0,189,0,189,G
2-PB1,8,0,188,0,1,189,T
2-PB1,9,0,0,0,207,207,C
2-PB1,10,209,0,0,0,209,A
2-PB1,11,215,0,0,0,215,A
2-PB1,12,0,213,0,0,213,T
2-PB1,13,0,0,0,218,218,C
2-PB1,14,1,0,0,230,231,C
2-PB1,15,0,0,229,0,229,G
2-PB1,16,258,0,0,0,258,A
2-PB1,17,0,0,0,266,266,C
2-PB1,18,0,265,0,0,265,T
2-PB1,19,0,0,0,314,314,C
2-PB1,20,0,312,0,1,313,T
2-PB1,21,315,0,0,0,315,A
2-PB1,22,0,0,0,319,319,C
2-PB1,23,0,317,0,0,317,T
2-PB1,24,0,0,362,0,362,G
2-PB1,25,0,365,0,0,365,T
2-PB1,26,0,364,0,0,364,T
2-PB1,27,0,0,0,363,363,C
2-PB1,28,0,0,0,362,362,C
2-PB1,29,0,428,0,0,428,T
2-PB1,30,433,0,0,1,434,A
2-PB1,31,429,0,0,0,429,A
2-PB1,32,426,0,0,1,427,A
2-PB1,33,0,0,435,0,435,G
2-PB1,34,0,0,437,0,437,G
2-PB1,35,0,436,0,0,436,T
2-PB1,36,0,439,0,0,439,T
2-PB1,37,0,0,0,438,438,C
2-PB1,38,0,0,0,443,443,C
2-PB1,39,445,0,0,0,445,A
2-PB1,40,0,0,453,0,453,G
2-PB1,41,0,1,0,452,453,C
2-PB1,42,0,0,453,0,453,G
2-PB1,43,0,0,0,458,458,C
2-PB1,44,458,0,0,0,458,A
2-PB1,45,459,0,0,0,459,A
2-PB1,46,459,0,0,0,459,A
2-PB1,47,463,0,0,0,463,A
2-PB1,48,0,465,0,0,465,T
2-PB1,49,0,0,486,0,486,G
2-PB1,50,0,0,0,490,490,C
2-PB1,51,0,0,0,498,498,C
2-PB1,52,496,0,0,0,496,A
2-PB1,53,0,498,0,0,498,T
2-PB1,54,549,0,0,0,549,A
2-PB1,55,551,0,0,0,551,A
2-PB1,56,0,0,578,0,578,G
2-PB1,57,0,0,0,572,572,C
2-PB1,58,576,0,0,0,576,A
2-PB1,59,0,0,0,608,608,C
2-PB1,60,611,0,0,0,611,A
2-PB1,61,634,0,1,0,635,A
2-PB1,62,0,0,0,639,639,C
2-PB1,63,637,0,0,0,637,A
2-PB1,64,0,648,0,0,648,T
2-PB1,65,0,641,0,0,641,T
2-PB1,66,0,0,0,783,783,C
2-PB1,67,1,0,0,777,778,C
2-PB1,68,0,0,0,785,785,C
2-PB1,69,0,794,0,1,795,T
2-PB1,70,0,796,0,0,796,T
2-PB1,71,892,0,0,0,892,A
2-PB1,72,0,897,0,0,897,T
2-PB1,73,904,0,0,0,904,A
2-PB1,74,0,1,0,913,914,C
2-PB1,75,0,879,0,0,879,T
2-PB1,76,0,0,895,0,895,G
2-PB1,77,0,0,892,0,892,G
2-PB1,78,891,1,0,0,892,A
2-PB1,79,0,0,900,0,900,G
2-PB1,80,899,0,0,0,899,A
2-PB1,81,0,905,0,0,905,T
2-PB1,82,0,0,0,966,966,C
2-PB1,83,0,0,0,967,967,C
2-PB1,84,0,980,0,2,982,T
2-PB1,85,0,0,0,1050,1050,C
2-PB1,86,0,0,0,1052,1052,C
2-PB1,87,1066,0,0,0,1066,A
2-PB1,88,0,1066,0,0,1066,T
2-PB1,89,1064,0,0,0,1064,A
2-PB1,90,0,0,0,1067,1067,C
2-PB1,91,1055,0,1,0,1056,A
2-PB1,92,0,0,1103,0,1103,G
2-PB1,93,0,1,0,1118,1119,C
2-PB1,94,0,0,0,1103,1103,C
2-PB1,95,1104,0,0,0,1104,A
2-PB1,96,0,1107,0,0,1107,T
2-PB1,97,1,0,1106,0,1107,G
2-PB1,98,0,0,1160,0,1160,G
2-PB1,99,1175,0,2,0,1177,A
2-PB1,100,1179,0,1,0,1180,A
2-PB1,101,0,0,0,1182,1182,C
2-PB1,102,1176,0,1,0,1177,A
2-PB1,103,0,0,1200,0,1200,G
2-PB1,104,0,0,1217,0,1217,G
2-PB1,105,1217,0,1,0,1218,A
2-PB1,106,1223,0,0,0,1223,A
2-PB1,107,0,0,0,1221,1221,C
2-PB1,108,1216,1,0,0,1217,A
2-PB1,109,0,0,1389,0,1389,G
2-PB1,110,0,0,1383,0,1383,G
2-PB1,111,0,0,1411,0,1411,G
2-PB1,112,0,1417,0,0,1417,T
2-PB1,113,1425,0,0,0,1425,A
2-PB1,114,0,1,0,1426,1427,C
2-PB1,115,1491,0,1,0,1492,A
2-PB1,116,0,0,0,1558,1558,C
2-PB1,117,0,0,0,1551,1551,C
2-PB1,118,1502,0,0,0,1502,A
2-PB1,119,0,1496,0,0,1496,T
2-PB1,120,2,1,1502,0,1505,G
2-PB1,121,0,0,1492,0,1492,G
2-PB1,122,1509,0,1,0,1510,A
2-PB1,123,0,0,0,1513,1513,C
2-PB1,124,1494,0,0,0,1494,A
2-PB1,125,0,0,0,1526,1526,C
2-PB1,126,1523,0,0,0,1523,A
2-PB1,127,0,0,1562,0,1562,G
2-PB1,128,0,1565,0,0,1565,T
2-PB1,129,1,0,0,1619,1620,C
2-PB1,130,1611,0,0,0,1611,A
2-PB1,131,1624,0,1,0,1625,A
2-PB1,132,0,0,0,1628,1628,C
2-PB1,133,1628,0,1,0,1629,A
2-PB1,134,0,0,1641,0,1641,G
2-PB1,135,1623,0,1,0,1624,A
2-PB1,136,1626,0,1,0,1627,A
2-PB1,137,0,0,0,1631,1631,C
2-PB1,138,1612,0,0,1,1613,A
2-PB1,139,0,0,0,1655,1655,C
2-PB1,140,1639,0,1,0,1640,A
2-PB1,141,0,891,0,774,1665,T
2-PB1,142,0,0,0,1736,1736,C
2-PB1,143,1732,0,0,0,1732,A
2-PB1,144,1743,0,0,0,1743,A
2-PB1,145,0,1788,0,0,1788,T
2-PB1,146,1841,0,0,0,1841,A
2-PB1,147,0,1850,0,0,1850,T
2-PB1,148,0,1821,0,0,1821,T
2-PB1,149,0,0,0,1824,1824,C
2-PB1,150,1805,0,0,0,1805,A
2-PB1,151,0,0,1813,0,1813,G
2-PB1,152,1799,0,0,0,1799,A
2-PB1,153,0,0,1799,0,1799,G
2-PB1,154,1756,0,0,0,1756,A
2-PB1,155,0,2,1718,0,1720,G
2-PB1,156,0,1,1715,0,1716,G
2-PB1,157,1,0,1779,0,1780,G
2-PB1,158,13,0,1778,0,1791,G
2-PB1,159,0,0,1804,0,1804,G
2-PB1,160,1796,0,0,0,1796,A
2-PB1,161,1800,0,0,0,1800,A
2-PB1,162,0,1,1818,0,1819,G
2-PB1,163,0,1791,0,0,1791,T
2-PB1,164,1,0,1802,0,1803,G
2-PB1,165,0,0,1788,0,1788,G
2-PB1,166,1788,0,4,1,1793,A
2-PB1,167,0,1,0,1801,1802,C
2-PB1,168,0,0,1807,0,1807,G
2-PB1,169,1814,0,0,0,1814,A
2-PB1,170,0,0,0,1829,1829,C
2-PB1,171,1830,0,0,0,1830,A
2-PB1,172,1829,0,0,0,1829,A
2-PB1,173,1827,0,2,0,1829,A
2-PB1,174,0,1855,0,0,1855,T
2-PB1,175,1861,0,0,0,1861,A
2-PB1,176,0,0,0,1863,1863,C
2-PB1,177,1843,0,1,0,1844,A
2-PB1,178,1,0,1849,0,1850,G
2-PB1,179,1847,0,0,0,1847,A
2-PB1,180,1869,0,0,0,1869,A
2-PB1,181,1870,0,0,0,1870,A
2-PB1,182,0,0,0,1863,1863,C
2-PB1,183,0,1843,0,0,1843,T
2-PB1,184,0,0,1832,0,1832,G
2-PB1,185,0,0,1818,0,1818,G
2-PB1,186,0,0,1797,0,1797,G
2-PB1,187,0,0,1807,0,1807,G
2-PB1,188,0,1,0,1835,1836,C
2-PB1,189,1819,1,2,0,1822,A
2-PB1,190,1,0,0,1883,1884,C
2-PB1,191,0,0,0,1888,1888,C
2-PB1,192,0,0,0,1885,1885,C
2-PB1,193,0,2,0,1906,1908,C
2-PB1,194,1908,1,0,0,1909,A
2-PB1,195,1923,1,0,0,1924,A
2-PB1,196,0,1,0,1924,1925,C
2-PB1,197,0,1912,0,0,1912,T
2-PB1,198,0,0,0,1920,1920,C
2-PB1,199,1875,0,1,0,1876,A
2-PB1,200,1893,0,0,0,1893,A
2-PB1,201,0,0,0,1888,1888,C
2-PB1,202,0,0,0,1896,1896,C
2-PB1,203,0,0,0,1899,1899,C
2-PB1,204,1899,0,0,0,1899,A
2-PB1,205,1900,0,0,0,1900,A
2-PB1,206,1,1904,0,0,1905,T
2-PB1,207,0,1901,0,1,1902,T
2-PB1,208,1,0,1910,0,1911,G
2-PB1,209,1896,0,0,0,1896,A
2-PB1,210,0,1893,1,0,1894,T
2-PB1,211,0,0,1894,0,1894,G
2-PB1,212,0,0,1904,0,1904,G
2-PB1,213,1927,1,3,0,1931,A
2-PB1,214,0,0,1,1942,1943,C
2-PB1,215,0,0,0,1937,1937,C
2-PB1,216,1931,0,0,0,1931,A
2-PB1,217,0,0,0,1974,1974,C
2-PB1,218,0,1969,0,0,1969,T
2-PB1,219,2009,0,1,0,2010,A
2-PB1,220,0,0,0,2028,2028,C
2-PB1,221,1,0,0,2024,2025,C
2-PB1,222,0,1988,0,0,1988,T
2-PB1,223,0,1,1987,0,1988,G
2-PB1,224,1986,0,1,0,1987,A
2-PB1,225,0,0,1999,0,1999,G
2-PB1,226,0,0,1971,0,1971,G
2-PB1,227,1956,0,0,0,1956,A
2-PB1,228,0,1935,0,0,1935,T
2-PB1,229,1913,0,0,0,1913,A
2-PB1,230,1902,0,1,0,1903,A
2-PB1,231,0,1911,0,0,1911,T
2-PB1,232,0,0,1906,0,1906,G
2-PB1,233,1902,0,0,0,1902,A
2-PB1,234,1893,0,0,0,1893,A
2-PB1,235,0,0,0,1899,1899,C
2-PB1,236,0,0,0,1868,1868,C
2-PB1,237,1873,0,0,0,1873,A
2-PB1,238,1876,0,1,0,1877,A
2-PB1,239,1,0,1885,0,1886,G
2-PB1,240,0,1872,0,0,1872,T
2-PB1,241,0,0,1883,0,1883,G
2-PB1,242,0,0,1902,0,1902,G
2-PB1,243,1894,0,1,0,1895,A
2-PB1,244,0,1905,0,0,1905,T
2-PB1,245,1910,0,0,0,1910,A
2-PB1,246,1,1957,0,0,1958,T
2-PB1,247,0,0,1965,0,1965,G
2-PB1,248,0,0,0,1959,1959,C
2-PB1,249,1958,0,0,0,1958,A
2-PB1,250,0,1,0,2011,2012,C
2-PB1,251,1981,0,0,0,1981,A
2-PB1,252,2016,0,0,0,2016,A
2-PB1,253,2020,0,0,0,2020,A
2-PB1,254,0,0,0,2022,2022,C
2-PB1,255,1985,0,0,0,1985,A
2-PB1,256,0,0,2000,0,2000,G
2-PB1,257,1988,1,0,2,1991,A
2-PB1,258,0,1,0,1995,1996,C
2-PB1,259,0,1938,0,0,1938,T
2-PB1,260,1,0,1985,0,1986,G
2-PB1,261,1,1945,0,1,1947,T
2-PB1,262,1,0,2050,0,2051,G
2-PB1,263,0,2031,0,0,2031,T
2-PB1,264,0,0,0,2057,2057,C
2-PB1,265,0,1,0,2065,2066,C
2-PB1,266,0,2055,0,1,2056,T
2-PB1,267,0,1,2055,0,2056,G
2-PB1,268,1,0,2038,0,2039,G
2-PB1,269,2020,1,1,0,2022,A
2-PB1,270,1,0,2050,0,2051,G
2-PB1,271,0,0,1987,0,1987,G
2-PB1,272,1,0,0,1991,1992,C
2-PB1,273,0,1980,0,1,1981,T
2-PB1,274,1996,0,0,0,1996,A
2-PB1,275,0,1985,0,0,1985,T
2-PB1,276,1,0,1983,0,1984,G
2-PB1,277,0,1,1974,0,1975,G
2-PB1,278,0,0,0,1966,1966,C
2-PB1,279,0,0,0,1957,1957,C
2-PB1,280,0,1931,0,1,1932,T
2-PB1,281,0,2061,0,0,2061,T
2-PB1,282,0,1,0,2065,2066,C
2-PB1,283,2,0,0,2073,2075,C
2-PB1,284,0,2087,0,0,2087,T
2-PB1,285,0,2078,0,2,2080,T
2-PB1,286,1,0,2076,0,2077,G
2-PB1,287,2068,0,0,0,2068,A
2-PB1,288,2075,0,0,0,2075,A
2-PB1,289,0,0,2084,0,2084,G
2-PB1,290,2005,0,1,0,2006,A
2-PB1,291,2018,0,0,0,2018,A
2-PB1,292,0,2013,0,0,2013,T
2-PB1,293,0,0,0,2013,2013,C
2-PB1,294,0,2,0,2009,2011,C
2-PB1,295,1,0,0,2017,2018,C
2-PB1,296,1997,0,6,0,2003,A
2-PB1,297,0,0,0,2029,2029,C
2-PB1,298,0,0,0,2032,2032,C
2-PB1,299,1,0,0,2035,2036,C
2-PB1,300,2009,0,4,0,2013,A
2-PB1,301,0,0,2025,0,2025,G
2-PB1,302,0,0,2034,0,2034,G
2-PB1,303,0,2009,0,0,2009,T
2-PB1,304,2053,0,1,0,2054,A
2-PB1,305,0,2044,0,0,2044,T
2-PB1,306,1,0,0,2043,2044,C
2-PB1,307,0,2043,0,0,2043,T
2-PB1,308,0,2042,1,0,2043,T
2-PB1,309,0,2038,0,0,2038,T
2-PB1,310,0,0,2031,0,2031,G
2-PB1,311,2019,0,0,0,2019,A
2-PB1,312,0,0,2024,0,2024,G
2-PB1,313,1992,0,0,0,1992,A
2-PB1,314,2008,0,0,0,2008,A
2-PB1,315,0,0,0,2027,2027,C
2-PB1,316,0,1993,0,7,2000,T
2-PB1,317,0,0,0,2013,2013,C
2-PB1,318,2011,0,1,0,2012,A
2-PB1,319,0,2006,0,2,2008,T
2-PB1,320,0,0,2012,0,2012,G
2-PB1,321,0,0,0,2044,2044,C
2-PB1,322,1,0,0,2053,2054,C
2-PB1,323,0,2050,0,0,2050,T
2-PB1,324,0,2028,0,0,2028,T
2-PB1,325,0,1,2034,0,2035,G
2-PB1,326,2023,1,1,0,2025,A
2-PB1,327,2039,0,1,0,2040,A
2-PB1,328,2042,0,2,0,2044,A
2-PB1,329,0,0,0,2063,2063,C
2-PB1,330,2021,0,1,0,2022,A
2-PB1,331,2036,0,0,0,2036,A
2-PB1,332,0,2031,0,0,2031,T
2-PB1,333,0,0,2033,0,2033,G
2-PB1,334,1,1,2031,0,2033,G
2-PB1,335,2010,0,0,0,2010,A
2-PB1,336,2002,0,3,0,2005,A
2-PB1,337,0,0,2000,0,2000,G
2-PB1,338,0,0,0,1997,1997,C
2-PB1,339,0,0,0,1986,1986,C
2-PB1,340,0,0,2006,0,2006,G
2-PB1,341,0,1991,0,0,1991,T
2-PB1,342,0,1996,0,1,1997,T
2-PB1,343,1,1,0,2025,2027,C
2-PB1,344,2025,0,0,0,2025,A
2-PB1,345,2053,1,1,0,2055,A
2-PB1,346,0,1,0,2054,2055,C
2-PB1,347,2054,0,0,0,2054,A
2-PB1,348,0,0,2059,0,2059,G
2-PB1,349,2036,0,1,0,2037,A
2-PB1,350,0,1,0,2027,2028,C
2-PB1,351,2031,0,0,0,2031,A
2-PB1,352,2030,1,1,0,2032,A
2-PB1,353,0,1,2071,1,2073,G
2-PB1,354,1,0,2053,0,2054,G
2-PB1,355,0,0,2057,0,2057,G
2-PB1,356,0,1960,0,2,1962,T
2-PB1,357,0,0,2019,0,2019,G
2-PB1,358,0,1,2014,0,2015,G
2-PB1,359,2013,0,1,0,2014,A
2-PB1,360,0,1,0,2024,2025,C
2-PB1,361,1983,1,1,0,1985,A
2-PB1,362,1999,0,0,1,2000,A
2-PB1,363,1996,0,0,0,1996,A
2-PB1,364,0,0,0,2002,2002,C
2-PB1,365,0,1990,0,0,1990,T
2-PB1,366,1993,0,0,0,1993,A
2-PB1,367,1995,0,1,0,1996,A
2-PB1,368,0,1,0,2013,2014,C
2-PB1,369,0,0,0,2009,2009,C
2-PB1,370,0,0,0,2015,2015,C
2-PB1,371,1965,0,0,0,1965,A
2-PB1,372,1954,0,0,0,1954,A
2-PB1,373,0,0,1955,0,1955,G
2-PB1,374,0,0,1953,0,1953,G
2-PB1,375,0,1934,0,3,1937,T
2-PB1,376,2,0,0,1937,1939,C
2-PB1,377,0,1,1944,0,1945,G
2-PB1,378,1,0,0,1938,1939,C
2-PB1,379,0,0,0,1958,1958,C
2-PB1,380,1951,0,1,0,1952,A
2-PB1,381,32,0,1967,0,1999,G
2-PB1,382,2029,0,0,0,2029,A
2-PB1,383,0,0,0,2039,2039,C
2-PB1,384,0,2027,0,0,2027,T
2-PB1,385,0,2026,0,0,2026,T
2-PB1,386,2021,0,2,0,2023,A
2-PB1,387,0,2016,0,1,2017,T
2-PB1,388,0,0,2039,0,2039,G
2-PB1,389,2016,1,1,0,2018,A
2-PB1,390,0,1987,0,0,1987,T
2-PB1,391,0,1936,0,0,1936,T
2-PB1,392,0,0,1932,0,1932,G
2-PB1,393,0,0,1939,0,1939,G
2-PB1,394,1954,0,4,0,1958,A
2-PB1,395,0,0,0,1962,1962,C
2-PB1,396,1944,0,0,0,1944,A
2-PB1,397,0,1923,0,0,1923,T
2-PB1,398,0,1951,0,0,1951,T
2-PB1,399,1964,0,0,0,1964,A
2-PB1,400,1957,0,2,0,1959,A
2-PB1,401,1965,0,1,0,1966,A
2-PB1,402,0,0,0,1969,1969,C
2-PB1,403,1929,0,0,0,1929,A
2-PB1,404,0,1,1932,0,1933,G
2-PB1,405,1924,0,0,0,1924,A
2-PB1,406,1929,0,1,1,1931,A
2-PB1,407,1926,0,1,0,1927,A
2-PB1,408,0,1886,0,0,1886,T
2-PB1,409,0,1,0,1911,1912,C
2-PB1,410,1910,0,0,0,1910,A
2-PB1,411,1909,0,0,0,1909,A
2-PB1,412,0,1,0,1911,1912,C
2-PB1,413,1,1,0,1891,1893,C
2-PB1,414,1,0,1886,0,1887,G
2-PB1,415,1,1,1881,0,1883,G
2-PB1,416,0,0,0,1897,1897,C
2-PB1,417,1902,0,2,0,1904,A
2-PB1,418,1,0,1907,0,1908,G
2-PB1,419,0,0,0,1927,1927,C
2-PB1,420,1931,0,0,0,1931,A
2-PB1,421,1927,0,0,0,1927,A
2-PB1,422,1,0,0,1926,1927,C
2-PB1,423,0,1910,0,0,1910,T
2-PB1,424,0,0,1979,0,1979,G
2-PB1,425,0,0,0,1972,1972,C
2-PB1,426,1976,0,0,0,1976,A
2-PB1,427,0,1983,0,2,1985,T
2-PB1,428,0,1942,0,1,1943,T
2-PB1,429,2068,0,3,0,2071,A
2-PB1,430,1,0,2064,0,2065,G
2-PB1,431,0,0,0,2047,2047,C
2-PB1,432,1,0,0,2053,2054,C
2-PB1,433,1997,0,0,0,1997,A
2-PB1,434,2003,1,0,0,2004,A
2-PB1,435,0,1,0,2005,2006,C
2-PB1,436,2010,0,1,0,2011,A
2-PB1,437,0,0,0,2047,2047,C
2-PB1,438,1,0,0,1894,1895,C
2-PB1,439,1894,0,0,0,1894,A
2-PB1,440,0,1893,0,2,1895,T
2-PB1,441,1906,0,0,0,1906,A
2-PB1,442,0,0,1893,0,1893,G
2-PB1,443,1885,0,1,0,1886,A
2-PB1,444,1860,0,0,0,1860,A
2-PB1,445,0,0,1871,0,1871,G
2-PB1,446,0,1804,0,0,1804,T
2-PB1,447,0,1803,0,0,1803,T
2-PB1,448,0,1811,0,0,1811,T
2-PB1,449,0,1814,0,0,1814,T
2-PB1,450,0,1828,0,1,1829,T
2-PB1,451,1827,0,1,0,1828,A
2-PB1,452,0,0,1817,0,1817,G
2-PB1,453,1821,0,0,0,1821,A
2-PB1,454,0,1801,0,0,1801,T
2-PB1,455,1,1,0,1773,1775,C
2-PB1,456,1,0,1778,0,1779,G
2-PB1,457,1771,0,0,0,1771,A
2-PB1,458,1769,0,0,0,1769,A
2-PB1,459,0,3,0,1787,1790,C
2-PB1,460,0,1,1785,0,1786,G
2-PB1,461,0,0,1869,0,1869,G
2-PB1,462,1867,0,2,0,1869,A
2-PB1,463,0,1868,0,0,1868,T
2-PB1,464,0,1882,0,0,1882,T
2-PB1,465,1877,0,4,0,1881,A
2-PB1,466,1873,0,1,0,1874,A
2-PB1,467,0,0,0,1884,1884,C
2-PB1,468,1873,0,2,0,1875,A
2-PB1,469,1,0,1869,0,1870,G
2-PB1,470,0,0,0,1783,1783,C
2-PB1,471,0,1784,0,1,1785,T
2-PB1,472,1795,0,0,0,1795,A
2-PB1,473,1792,1,0,0,1793,A
2-PB1,474,0,1796,0,0,1796,T
2-PB1,475,0,0,1812,0,1812,G
2-PB1,476,1796,0,0,0,1796,A
2-PB1,477,1799,0,0,0,1799,A
2-PB1,478,1,1764,0,2,1767,T
2-PB1,479,0,0,0,1777,1777,C
2-PB1,480,1777,0,2,0,1779,A
2-PB1,481,0,0,1776,0,1776,G
2-PB1,482,0,1,1757,0,1758,G
2-PB1,483,1769,1,0,0,1770,A
2-PB1,484,1741,0,0,0,1741,A
2-PB1,485,0,0,1796,1,1797,G
2-PB1,486,0,0,1798,0,1798,G
2-PB1,487,1,0,0,1798,1799,C
2-PB1,488,0,1809,0,1,1810,T
2-PB1,489,1811,0,0,0,1811,A
2-PB1,490,1811,0,0,0,1811,A
2-PB1,491,1,1815,0,0,1816,T
2-PB1,492,1819,0,0,0,1819,A
2-PB1,493,0,0,1822,0,1822,G
2-PB1,494,1735,0,0,0,1735,A
2-PB1,495,0,1714,0,0,1714,T
2-PB1,496,0,1717,0,1,1718,T
2-PB1,497,1,1706,0,0,1707,T
2-PB1,498,1,0,0,1765,1766,C
2-PB1,499,1,1,0,1761,1763,C
2-PB1,500,1,1761,0,2,1764,T
2-PB1,501,0,0,0,1784,1784,C
2-PB1,502,1781,0,0,1,1782,A
2-PB1,503,1786,0,1,0,1787,A
2-PB1,504,0,0,1794,0,1794,G
2-PB1,505,0,0,1805,0,1805,G
2-PB1,506,1792,0,0,1,1793,A
2-PB1,507,0,1758,0,0,1758,T
2-PB1,508,1,0,1776,0,1777,G
2-PB1,509,0,1760,0,1,1761,T
2-PB1,510,0,0,1790,1,1791,G
2-PB1,511,1784,0,1,0,1785,A
2-PB1,512,0,1787,0,2,1789,T
2-PB1,513,1,0,1782,0,1783,G
2-PB1,514,1,0,1774,0,1775,G
2-PB1,515,1781,0,0,0,1781,A
2-PB1,516,1776,1,0,0,1777,A
2-PB1,517,0,1736,0,0,1736,T
2-PB1,518,0,0,0,1754,1754,C
2-PB1,519,1731,0,0,0,1731,A
2-PB1,520,1725,0,0,0,1725,A
2-PB1,521,0,1729,0,0,1729,T
2-PB1,522,0,0,1741,0,1741,G
2-PB1,523,0,0,1744,0,1744,G
2-PB1,524,1752,1,0,0,1753,A
2-PB1,525,0,1743,0,0,1743,T
2-PB1,526,1746,0,0,0,1746,A
2-PB1,527,1738,0,0,0,1738,A
2-PB1,528,1740,0,0,0,1740,A
2-PB1,529,0,0,1754,0,1754,G
2-PB1,530,1739,0,3,0,1742,A
2-PB1,531,1,19,1706,0,1726,G
2-PB1,532,0,0,1721,0,1721,G
2-PB1,533,1722,0,0,0,1722,A
2-PB1,534,1722,0,0,0,1722,A
2-PB1,535,1727,0,2,0,1729,A
2-PB1,536,0,1725,0,0,1725,T
2-PB1,537,0,2,1743,0,1745,G
2-PB1,538,0,0,1737,0,1737,G
2-PB1,539,1730,0,2,1,1733,A
2-PB1,540,0,0,1748,0,1748,G
2-PB1,541,1725,0,0,0,1725,A
2-PB1,542,0,1746,1,0,1747,T
2-PB1,543,1749,0,0,0,1749,A
2-PB1,544,1767,0,0,0,1767,A
2-PB1,545,1,1,0,1778,1780,C
2-PB1,546,1754,0,0,0,1754,A
2-PB1,547,1759,0,1,0,1760,A
2-PB1,548,1,0,0,1744,1745,C
2-PB1,549,1723,1,2,0,1726,A
2-PB1,550,0,0,0,1720,1720,C
2-PB1,551,1696,0,0,0,1696,A
2-PB1,552,1,0,0,1712,1713,C
2-PB1,553,0,1682,0,0,1682,T
2-PB1,554,1,1692,0,0,1693,T
2-PB1,555,1,1696,0,0,1697,T
2-PB1,556,1,0,0,1698,1699,C
2-PB1,557,1705,0,0,0,1705,A
2-PB1,558,1708,0,0,0,1708,A
2-PB1,559,1706,0,1,0,1707,A
2-PB1,560,0,0,1710,0,1710,G
2-PB1,561,1693,0,0,0,1693,A
2-PB1,562,1695,0,0,0,1695,A
2-PB1,563,1691,0,1,0,1692,A
2-PB1,564,1695,0,0,0,1695,A
2-PB1,565,1694,1,1,0,1696,A
2-PB1,566,0,0,1700,0,1700,G
2-PB1,567,0,1,1703,0,1704,G
2-PB1,568,1690,0,0,0,1690,A
2-PB1,569,0,0,1715,0,1715,G
2-PB1,570,1712,0,1,1,1714,A
2-PB1,571,0,0,1767,0,1767,G
2-PB1,572,0,1756,0,3,1759,T
2-PB1,573,1767,0,0,0,1767,A
2-PB1,574,1762,0,3,0,1765,A
2-PB1,575,0,0,1777,0,1777,G
2-PB1,576,0,1,1773,1,1775,G
2-PB1,577,0,0,1774,0,1774,G
2-PB1,578,1749,0,2,0,1751,A
2-PB1,579,0,0,0,1755,1755,C
2-PB1,580,1706,0,1,0,1707,A
2-PB1,581,1712,0,1,0,1713,A
2-PB1,582,0,0,0,1711,1711,C
2-PB1,583,1705,0,1,0,1706,A
2-PB1,584,0,1682,0,1,1683,T
2-PB1,585,0,0,1667,0,1667,G
2-PB1,586,1669,0,4,0,1673,A
2-PB1,587,0,0,0,1645,1645,C
2-PB1,588,0,0,0,1656,1656,C
2-PB1,589,1659,1,1,0,1661,A
2-PB1,590,1660,0,2,0,1662,A
2-PB1,591,0,0,1671,0,1671,G
2-PB1,592,1669,0,0,0,1669,A
2-PB1,593,1675,0,0,0,1675,A
2-PB1,594,1664,0,0,0,1664,A
2-PB1,595,1661,0,0,0,1661,A
2-PB1,596,0,1649,0,0,1649,T
2-PB1,597,0,0,1661,0,1661,G
2-PB1,598,0,0,1653,0,1653,G
2-PB1,599,0,1630,0,2,1632,T
2-PB1,600,0,1,0,1627,1628,C
2-PB1,601,1651,0,0,0,1651,A
2-PB1,602,0,0,0,1885,1885,C
2-PB1,603,1948,1,0,0,1949,A
2-PB1,604,0,0,0,1968,1968,C
2-PB1,605,1949,0,0,0,1949,A
2-PB1,606,2104,0,0,0,2104,A
2-PB1,607,2088,0,1,0,2089,A
2-PB1,608,0,0,2295,0,2295,G
2-PB1,609,1296,0,948,0,2244,A
2-PB1,610,2315,0,2,0,2317,A
2-PB1,611,3,0,0,2426,2429,C
2-PB1,612,2412,0,1,0,2413,A
2-PB1,613,2439,0,0,0,2439,A
2-PB1,614,0,2439,0,0,2439,T
2-PB1,615,2420,0,2,0,2422,A
2-PB1,616,2,3,2412,0,2417,G
2-PB1,617,1,1,2378,0,2380,G
2-PB1,618,0,0,2370,0,2370,G
2-PB1,619,2355,0,1,0,2356,A
2-PB1,620,2339,0,0,0,2339,A
2-PB1,621,0,0,2387,0,2387,G
2-PB1,622,2355,0,2,0,2357,A
2-PB1,623,2391,0,0,0,2391,A
2-PB1,624,2393,0,0,0,2393,A
2-PB1,625,2402,0,0,0,2402,A
2-PB1,626,2466,0,2,0,2468,A
2-PB1,627,2473,0,1,0,2474,A
2-PB1,628,0,0,0,2484,2484,C
2-PB1,629,2472,0,1,0,2473,A
2-PB1,630,2475,0,1,0,2476,A
2-PB1,631,2464,1,1,0,2466,A
2-PB1,632,0,1,2511,0,2512,G
2-PB1,633,2523,0,0,0,2523,A
2-PB1,634,0,0,2660,0,2660,G
2-PB1,635,2,2617,0,1,2620,T
2-PB1,636,0,0,3187,0,3187,G
2-PB1,637,3201,0,5,0,3206,A
2-PB1,638,3208,1,1,0,3210,A
2-PB1,639,0,3318,0,1,3319,T
2-PB1,640,3388,0,0,0,3388,A
2-PB1,641,3399,1,2,0,3402,A
2-PB1,642,0,0,3401,0,3401,G
2-PB1,643,3344,0,3,0,3347,A
2-PB1,644,111,2,3256,0,3369,G
2-PB1,645,3219,0,10,0,3229,A
2-PB1,646,0,0,3244,0,3244,G
2-PB1,647,0,1,3226,0,3227,G
2-PB1,648,0,1,0,3250,3251,C
2-PB1,649,0,3256,0,2,3258,T
2-PB1,650,3376,1,3,0,3380,A
2-PB1,651,0,2,0,3604,3606,C
2-PB1,652,1,0,1,3611,3613,C
2-PB1,653,0,3668,0,1,3669,T
2-PB1,654,3818,0,1,0,3819,A
2-PB1,655,3804,0,0,1,3805,A
2-PB1,656,0,3809,1,0,3810,T
2-PB1,657,3813,0,0,0,3813,A
2-PB1,658,3818,0,0,0,3818,A
2-PB1,659,0,1,3806,0,3807,G
2-PB1,660,3716,0,6,0,3722,A
2-PB1,661,0,0,3731,1,3732,G
2-PB1,662,0,0,0,3765,3765,C
2-PB1,663,0,3731,0,10,3741,T
2-PB1,664,1,3763,0,0,3764,T
2-PB1,665,0,3758,0,1,3759,T
2-PB1,666,1,0,3755,0,3756,G
2-PB1,667,3822,0,5,0,3827,A
2-PB1,668,0,0,0,3869,3869,C
2-PB1,669,3885,0,1,0,3886,A
2-PB1,670,0,3862,0,5,3867,T
2-PB1,671,0,3849,0,3,3852,T
2-PB1,672,1,1,3948,0,3950,G
2-PB1,673,3936,1,1,0,3938,A
2-PB1,674,3992,0,6,0,3998,A
2-PB1,675,0,0,0,4050,4050,C
2-PB1,676,4025,0,0,0,4025,A
2-PB1,677,3,3,0,4019,4025,C
2-PB1,678,1402,0,2597,0,3999,G
2-PB1,679,4023,0,18,0,4041,A
2-PB1,680,0,4041,0,0,4041,T
2-PB1,681,0,1,4156,0,4157,G
2-PB1,682,4146,0,5,0,4151,A
2-PB1,683,1,0,0,4170,4171,C
2-PB1,684,1,0,0,4154,4155,C
2-PB1,685,4173,0,2,0,4175,A
2-PB1,686,4208,0,3,0,4211,A
2-PB1,687,4220,0,5,0,4225,A
2-PB1,688,0,0,4336,0,4336,G
2-PB1,689,4369,0,4,0,4373,A
2-PB1,690,0,4363,0,1,4364,T
2-PB1,691,0,1,4389,0,4390,G
2-PB1,692,0,1,0,4353,4354,C
2-PB1,693,4375,1,3,0,4379,A
2-PB1,694,0,0,4424,0,4424,G
2-PB1,695,4349,0,4,0,4353,A
2-PB1,696,0,1,4379,0,4380,G
2-PB1,697,4281,0,0,0,4281,A
2-PB1,698,0,1,4263,0,4264,G
2-PB1,699,4227,0,3,0,4230,A
2-PB1,700,0,0,4225,0,4225,G
2-PB1,701,2,0,4222,0,4224,G
2-PB1,702,0,0,0,4219,4219,C
2-PB1,703,4227,1,0,0,4228,A
2-PB1,704,4225,0,1,0,4226,A
2-PB1,705,4249,0,1,0,4250,A
2-PB1,706,0,4278,0,1,4279,T
2-PB1,707,1,4291,0,0,4292,T
2-PB1,708,4287,0,0,0,4287,A
2-PB1,709,4256,0,23,0,4279,A
2-PB1,710,4276,0,1,0,4277,A
2-PB1,711,4301,0,7,0,4308,A
2-PB1,712,4279,1,0,0,4280,A
2-PB1,713,0,1,4304,0,4305,G
2-PB1,714,4260,0,4,1,4265,A
2-PB1,715,4255,0,2,2,4259,A
2-PB1,716,2,4,4297,0,4303,G
2-PB1,717,0,1,4377,0,4378,G
2-PB1,718,0,0,4365,0,4365,G
2-PB1,719,0,1,0,4435,4436,C
2-PB1,720,0,4437,0,3,4440,T
2-PB1,721,4488,0,0,0,4488,A
2-PB1,722,0,4578,0,1,4579,T
2-PB1,723,0,4572,0,14,4586,T
2-PB1,724,1,0,4586,0,4587,G
2-PB1,725,0,2,1,4591,4594,C
2-PB1,726,4499,0,2,0,4501,A
2-PB1,727,4498,0,3,1,4502,A
2-PB1,728,0,2,0,4503,4505,C
2-PB1,729,4503,0,2,0,4505,A
2-PB1,730,0,0,1,4530,4531,C
2-PB1,731,0,0,2,4424,4426,C
2-PB1,732,1,1,0,4433,4435,C
2-PB1,733,1,1,4428,0,4430,G
2-PB1,734,0,1,4423,0,4424,G
2-PB1,735,0,0,4433,0,4433,G
2-PB1,736,4425,1,15,0,4441,A
2-PB1,737,0,4417,0,2,4419,T
2-PB1,738,1,1,4445,0,4447,G
2-PB1,739,0,0,0,4446,4446,C
2-PB1,740,4501,0,0,1,4502,A
2-PB1,741,4558,0,0,1,4559,A
2-PB1,742,4616,1,0,0,4617,A
2-PB1,743,0,4629,1,1,4631,T
2-PB1,744,0,4626,0,0,4626,T
2-PB1,745,4607,1,0,0,4608,A
2-PB1,746,3,0,4601,1,4605,G
2-PB1,747,4556,0,11,0,4567,A
2-PB1,748,2,2,4601,0,4605,G
2-PB1,749,2,1,4539,0,4542,G
2-PB1,750,11,0,4675,0,4686,G
2-PB1,751,0,4673,0,4,4677,T
2-PB1,752,0,4710,0,2,4712,T
2-PB1,753,1,0,0,4761,4762,C
2-PB1,754,2,0,4828,0,4830,G
2-PB1,755,0,4796,0,7,4803,T
2-PB1,756,0,0,4835,0,4835,G
2-PB1,757,0,4804,0,3,4807,T
2-PB1,758,4791,0,1,0,4792,A
2-PB1,759,1,2,0,4803,4806,C
2-PB1,760,1,4585,0,4,4590,T
2-PB1,761,0,4591,0,1,4592,T
2-PB1,762,0,0,0,4599,4599,C
2-PB1,763,1,0,4588,0,4589,G
2-PB1,764,0,4583,0,1,4584,T
2-PB1,765,0,4578,0,4,4582,T
2-PB1,766,0,0,4569,0,4569,G
2-PB1,767,4535,0,1,0,4536,A
2-PB1,768,4560,0,3,0,4563,A
2-PB1,769,4596,0,3,0,4599,A
2-PB1,770,0,0,0,4636,4636,C
2-PB1,771,0,4602,1,0,4603,T
2-PB1,772,1,4596,5,2,4604,T
2-PB1,773,0,4602,0,0,4602,T
2-PB1,774,4719,0,3,0,4722,A
2-PB1,775,0,0,4715,0,4715,G
2-PB1,776,0,0,0,4736,4736,C
2-PB1,777,0,4734,0,3,4737,T
2-PB1,778,4706,0,1,0,4707,A
2-PB1,779,0,0,4706,0,4706,G
2-PB1,780,4691,0,3,0,4694,A
2-PB1,781,4695,0,4,0,4699,A
2-PB1,782,1,0,4702,1,4704,G
2-PB1,783,1,1,0,4629,4631,C
2-PB1,784,4635,0,1,0,4636,A
2-PB1,785,0,4622,0,1,4623,T
2-PB1,786,0,4642,0,1,4643,T
2-PB1,787,0,4630,0,1,4631,T
2-PB1,788,0,0,4640,0,4640,G
2-PB1,789,0,1,0,4618,4619,C
2-PB1,790,0,0,4657,0,4657,G
2-PB1,791,4628,0,4,0,4632,A
2-PB1,792,4615,0,1,0,4616,A
2-PB1,793,4644,0,0,0,4644,A
2-PB1,794,4753,0,2,0,4755,A
2-PB1,795,3,0,4789,0,4792,G
2-PB1,796,0,0,0,4822,4822,C
2-PB1,797,0,4823,0,1,4824,T
2-PB1,798,0,4838,0,0,4838,T
2-PB1,799,1,0,4837,0,4838,G
2-PB1,800,4813,1,9,0,4823,A
2-PB1,801,4807,0,4,0,4811,A
2-PB1,802,1,1,0,4862,4864,C
2-PB1,803,4810,0,1,0,4811,A
2-PB1,804,0,1,5428,0,5429,G
2-PB1,805,0,5408,0,2,5410,T
2-PB1,806,0,1,0,5425,5426,C
2-PB1,807,0,5432,0,10,5442,T
2-PB1,808,0,1,5443,0,5444,G
2-PB1,809,0,1,5424,0,5425,G
2-PB1,810,5438,0,4,0,5442,A
2-PB1,811,0,1,0,5462,5463,C
2-PB1,812,1,5259,0,6,5266,T
2-PB1,813,0,4946,0,5,4951,T
2-PB1,814,1,0,0,4942,4943,C
2-PB1,815,1,4,0,4936,4941,C
2-PB1,816,2,0,4987,0,4989,G
2-PB1,817,2,0,5007,0,5009,G
2-PB1,818,0,4948,0,0,4948,T
2-PB1,819,0,4990,0,1,4991,T
2-PB1,820,0,0,4968,0,4968,G
2-PB1,821,0,2,4990,0,4992,G
2-PB1,822,2,4,5043,0,5049,G
2-PB1,823,1,3,5040,0,5044,G
2-PB1,824,0,1,5082,0,5083,G
2-PB1,825,0,5021,1,1,5023,T
2-PB1,826,5033,0,0,0,5033,A
2-PB1,827,5047,0,3,0,5050,A
2-PB1,828,0,5084,0,0,5084,T
2-PB1,829,5,2,5083,0,5090,G
2-PB1,830,5017,0,1,1,5019,A
2-PB1,831,5003,0,4,0,5007,A
2-PB1,832,5003,0,5,0,5008,A
2-PB1,833,4994,0,4,0,4998,A
2-PB1,834,0,0,4989,0,4989,G
2-PB1,835,4938,0,3,0,4941,A
2-PB1,836,4910,1,9,0,4920,A
2-PB1,837,0,1,4938,0,4939,G
2-PB1,838,0,1,4891,0,4892,G
2-PB1,839,0,1,0,4902,4903,C
2-PB1,840,2,0,0,4902,4904,C
2-PB1,841,4924,1,4,0,4929,A
2-PB1,842,4935,0,1,0,4936,A
2-PB1,843,4919,0,1,0,4920,A
2-PB1,844,0,0,0,4944,4944,C
2-PB1,845,0,4925,0,5,4930,T
2-PB1,846,0,1,5004,0,5005,G
2-PB1,847,4,1,4971,0,4976,G
2-PB1,848,1,0,0,5007,5008,C
2-PB1,849,5028,0,4,0,5032,A
2-PB1,850,5005,1,1,0,5007,A
2-PB1,851,5004,0,1,0,5005,A
2-PB1,852,1,5030,0,2,5033,T
2-PB1,853,0,0,5055,0,5055,G
2-PB1,854,1,5025,0,1,5027,T
2-PB1,855,0,4934,0,1,4935,T
2-PB1,856,1,0,4932,0,4933,G
2-PB1,857,1,4908,0,3,4912,T
2-PB1,858,0,2,4941,0,4943,G
2-PB1,859,4937,0,9,0,4946,A
2-PB1,860,0,0,4954,0,4954,G
2-PB1,861,4953,0,6,0,4959,A
2-PB1,862,4936,0,1,0,4937,A
2-PB1,863,4918,1,1,0,4920,A
2-PB1,864,4936,0,1,0,4937,A
2-PB1,865,4949,0,5,0,4954,A
2-PB1,866,0,4926,0,0,4926,T
2-PB1,867,0,0,4943,0,4943,G
2-PB1,868,4926,1,5,0,4932,A
2-PB1,869,1,4878,2,4,4885,T
2-PB1,870,1,0,4929,0,4930,G
2-PB1,871,4908,0,6,0,4914,A
2-PB1,872,0,2,0,4953,4955,C
2-PB1,873,0,4944,0,1,4945,T
2-PB1,874,4961,0,0,0,4961,A
2-PB1,875,5001,1,1,0,5003,A
2-PB1,876,0,4990,0,0,4990,T
2-PB1,877,1,5045,0,0,5046,T
2-PB1,878,0,0,0,5097,5097,C
2-PB1,879,5095,1,3,0,5099,A
2-PB1,880,0,0,0,5125,5125,C
2-PB1,881,5087,0,0,1,5088,A
2-PB1,882,5085,1,5,1,5092,A
2-PB1,883,0,0,5099,0,5099,G
2-PB1,884,5159,0,7,0,5166,A
2-PB1,885,0,0,0,5171,5171,C
2-PB1,886,5120,0,1,0,5121,A
2-PB1,887,0,0,0,5112,5112,C
2-PB1,888,5079,1,2,0,5082,A
2-PB1,889,0,1,5120,0,5121,G
2-PB1,890,5079,0,5,0,5084,A
2-PB1,891,3,0,5076,0,5079,G
2-PB1,892,1,0,0,5057,5058,C
2-PB1,893,0,4965,1,11,4977,T
2-PB1,894,0,5066,0,0,5066,T
2-PB1,895,0,5031,0,1,5032,T
2-PB1,896,0,1,0,5081,5082,C
2-PB1,897,1,5081,0,4,5086,T
2-PB1,898,0,5074,0,4,5078,T
2-PB1,899,1,5071,1,4,5077,T
2-PB1,900,0,2,1,5078,5081,C
2-PB1,901,5045,0,3,0,5048,A
2-PB1,902,0,2,0,5086,5088,C
2-PB1,903,5047,0,2,1,5050,A
2-PB1,904,5052,0,0,0,5052,A
2-PB1,905,2,5093,1,3,5099,T
2-PB1,906,0,0,0,5189,5189,C
2-PB1,907,5204,1,1,0,5206,A
2-PB1,908,1,0,0,5289,5290,C
2-PB1,909,0,5244,0,5,5249,T
2-PB1,910,0,5,5288,0,5293,G
2-PB1,911,2,3,5229,1,5235,G
2-PB1,912,1,2,5426,0,5429,G
2-PB1,913,1,1,5418,2,5422,G
2-PB1,914,5335,0,8,0,5343,A
2-PB1,915,1,57,0,5080,5138,C
2-PB1,916,5229,0,7,0,5236,A
2-PB1,917,5622,0,6,0,5628,A
2-PB1,918,0,0,0,5665,5665,C
2-PB1,919,5610,0,43,0,5653,A
2-PB1,920,0,1,0,5651,5652,C
2-PB1,921,0,5477,0,3,5480,T
2-PB1,922,5516,0,1,0,5517,A
2-PB1,923,5480,1,6,1,5488,A
2-PB1,924,1,1,5499,0,5501,G
2-PB1,925,1,5438,0,3,5442,T
2-PB1,926,3,2,5140,0,5145,G
2-PB1,927,1,1,5107,1,5110,G
2-PB1,928,5088,0,2,2,5092,A
2-PB1,929,5081,1,17,0,5099,A
2-PB1,930,0,5085,1,2,5088,T
2-PB1,931,1,1,5104,0,5106,G
2-PB1,932,5098,0,3,1,5102,A
2-PB1,933,5055,0,2,1,5058,A
2-PB1,934,5077,0,3,0,5080,A
2-PB1,935,5091,1,0,0,5092,A
2-PB1,936,2,5028,0,1,5031,T
2-PB1,937,0,0,0,5076,5076,C
2-PB1,938,5090,0,1,1,5092,A
2-PB1,939,5089,0,2,0,5091,A
2-PB1,940,5068,0,3,0,5071,A
2-PB1,941,5018,0,5,0,5023,A
2-PB1,942,2,0,1,5084,5087,C
2-PB1,943,2,1,0,5050,5053,C
2-PB1,944,3,2,0,5055,5060,C
2-PB1,945,0,5036,1,8,5045,T
2-PB1,946,1,0,0,5074,5075,C
2-PB1,947,2,1,5080,0,5083,G
2-PB1,948,5051,1,1,0,5053,A
2-PB1,949,5055,0,0,0,5055,A
2-PB1,950,0,5079,0,0,5079,T
2-PB1,951,4,0,5092,0,5096,G
2-PB1,952,0,5042,2,4,5048,T
2-PB1,953,0,5020,0,2,5022,T
2-PB1,954,0,5055,0,0,5055,T
2-PB1,955,0,5054,0,0,5054,T
2-PB1,956,2,5060,0,2,5064,T
2-PB1,957,30,1,5013,0,5044,G
2-PB1,958,0,0,4978,0,4978,G
2-PB1,959,0,3,1,5004,5008,C
2-PB1,960,2,1,5027,0,5030,G
2-PB1,961,5013,0,0,0,5013,A
2-PB1,962,0,5183,1,0,5184,T
2-PB1,963,1,1,5396,0,5398,G
2-PB1,964,5691,0,2,0,5693,A
2-PB1,965,0,5716,0,7,5723,T
2-PB1,966,0,5729,0,1,5730,T
2-PB1,967,5787,0,3,1,5791,A
2-PB1,968,1,5,0,5786,5792,C
2-PB1,969,5817,0,4,0,5821,A
2-PB1,970,1,5782,0,4,5787,T
2-PB1,971,5535,1,4,0,5540,A
2-PB1,972,1,1,0,5584,5586,C
2-PB1,973,5153,1,1,1,5156,A
2-PB1,974,0,5146,1,1,5148,T
2-PB1,975,0,0,1,5142,5143,C
2-PB1,976,5124,0,4,0,5128,A
2-PB1,977,0,0,0,5146,5146,C
2-PB1,978,5146,0,1,2,5149,A
2-PB1,979,5150,2,0,1,5153,A
2-PB1,980,5141,0,4,0,5145,A
2-PB1,981,1,1,4989,0,4991,G
2-PB1,982,5187,1,1,0,5189,A
2-PB1,983,5189,1,5,1,5196,A
2-PB1,984,0,5153,0,5,5158,T
2-PB1,985,0,4,0,5171,5175,C
2-PB1,986,5241,0,4,0,5245,A
2-PB1,987,5251,0,1,0,5252,A
2-PB1,988,1,0,0,5262,5263,C
2-PB1,989,0,0,0,5274,5274,C
2-PB1,990,1,5082,0,3,5086,T
2-PB1,991,1,0,5144,0,5145,G
2-PB1,992,5125,0,2,0,5127,A
2-PB1,993,0,0,5128,0,5128,G
2-PB1,994,0,5084,0,1,5085,T
2-PB1,995,0,1,5014,0,5015,G
2-PB1,996,1,0,5348,0,5349,G
2-PB1,997,0,5360,0,8,5368,T
2-PB1,998,0,5347,1,2,5350,T
2-PB1,999,0,1,0,5370,5371,C
2-PB1,1000,5345,0,1,0,5346,A
2-PB1,1001,0,1,5415,0,5416,G
2-PB1,1002,5414,0,3,0,5417,A
2-PB1,1003,5422,0,0,2,5424,A
2-PB1,1004,5393,1,4,1,5399,A
2-PB1,1005,0,1,0,5032,5033,C
2-PB1,1006,5038,0,1,78,5117,A
2-PB1,1007,1,5057,0,3,5061,T
2-PB1,1008,0,0,0,5166,5166,C
2-PB1,1009,2,2,0,5179,5183,C
2-PB1,1010,0,5083,1,3,5087,T
2-PB1,1011,0,0,5101,0,5101,G
2-PB1,1012,5054,1,6,0,5061,A
2-PB1,1013,0,0,5090,0,5090,G
2-PB1,1014,0,3,0,5077,5080,C
2-PB1,1015,4947,1,2,0,4950,A
2-PB1,1016,1,4925,0,13,4939,T
2-PB1,1017,1,0,0,4911,4912,C
2-PB1,1018,2,0,4914,0,4916,G
2-PB1,1019,0,1,0,5040,5041,C
2-PB1,1020,5055,1,6,1,5063,A
2-PB1,1021,1,0,0,5186,5187,C
2-PB1,1022,3,0,0,5194,5197,C
2-PB1,1023,5236,0,1,0,5237,A
2-PB1,1024,5292,0,1,0,5293,A
2-PB1,1025,0,5294,0,2,5296,T
2-PB1,1026,5298,0,2,0,5300,A
2-PB1,1027,5282,0,3,0,5285,A
2-PB1,1028,0,5123,0,4,5127,T
2-PB1,1029,1,0,5144,1,5146,G
2-PB1,1030,0,5001,0,4,5005,T
2-PB1,1031,1,4939,0,10,4950,T
2-PB1,1032,0,1,0,4975,4976,C
2-PB1,1033,0,4966,0,2,4968,T
2-PB1,1034,1,0,1,4996,4998,C
2-PB1,1035,5000,0,13,0,5013,A
2-PB1,1036,5003,0,3,0,5006,A
2-PB1,1037,4996,0,6,0,5002,A
2-PB1,1038,0,2,0,5011,5013,C
2-PB1,1039,5003,0,3,0,5006,A
2-PB1,1040,4995,0,1,0,4996,A
2-PB1,1041,4980,0,2,1,4983,A
2-PB1,1042,4986,0,4,0,4990,A
2-PB1,1043,0,5013,0,1,5014,T
2-PB1,1044,1,0,5020,0,5021,G
2-PB1,1045,1,0,4997,0,4998,G
2-PB1,1046,0,1,0,5026,5027,C
2-PB1,1047,5009,1,5,0,5015,A
2-PB1,1048,5050,0,3,0,5053,A
2-PB1,1049,1,1,5065,0,5067,G
2-PB1,1050,5044,1,6,0,5051,A
2-PB1,1051,0,3179,0,1855,5034,T
2-PB1,1052,1,5090,0,1,5092,T
2-PB1,1053,2,3,5103,0,5108,G
2-PB1,1054,0,1,5103,2,5106,G
2-PB1,1055,1,2,5129,0,5132,G
2-PB1,1056,5138,1,3,0,5142,A
2-PB1,1057,5113,0,2,0,5115,A
2-PB1,1058,5075,0,2,0,5077,A
2-PB1,1059,5039,0,3,1,5043,A
2-PB1,1060,5,1,5182,0,5188,G
2-PB1,1061,0,1,5166,0,5167,G
2-PB1,1062,5185,0,2,1,5188,A
2-PB1,1063,0,5159,0,3,5162,T
2-PB1,1064,5161,0,9,0,5170,A
2-PB1,1065,0,4,0,5165,5169,C
2-PB1,1066,5235,2,4,0,5241,A
2-PB1,1067,0,5212,0,2,5214,T
2-PB1,1068,2,0,5260,0,5262,G
2-PB1,1069,0,5138,1,5,5144,T
2-PB1,1070,1,5137,1,3,5142,T
2-PB1,1071,0,0,0,5159,5159,C
2-PB1,1072,1,1,5175,0,5177,G
2-PB1,1073,5124,2,23,0,5149,A
2-PB1,1074,0,1,5276,0,5277,G
2-PB1,1075,5175,0,9,0,5184,A
2-PB1,1076,0,0,5230,0,5230,G
2-PB1,1077,1,5187,0,1,5189,T
2-PB1,1078,5186,0,0,1,5187,A
2-PB1,1079,5204,0,4,0,5208,A
2-PB1,1080,0,4,5231,0,5235,G
2-PB1,1081,5210,1,5,0,5216,A
2-PB1,1082,1,1,5264,0,5266,G
2-PB1,1083,5175,0,4,0,5179,A
2-PB1,1084,5216,0,1,0,5217,A
2-PB1,1085,0,5157,0,11,5168,T
2-PB1,1086,1,1,5171,0,5173,G
2-PB1,1087,5157,0,12,0,5169,A
2-PB1,1088,5127,0,6,0,5133,A
2-PB1,1089,0,0,5119,0,5119,G
2-PB1,1090,0,0,0,5119,5119,C
2-PB1,1091,0,5018,0,5,5023,T
2-PB1,1092,0,0,0,5078,5078,C
2-PB1,1093,1,2,0,5073,5076,C
2-PB1,1094,4,1,5103,0,5108,G
2-PB1,1095,1,0,5096,0,5097,G
2-PB1,1096,5121,1,7,1,5130,A
2-PB1,1097,0,1,1,5195,5197,C
2-PB1,1098,5196,0,1,0,5197,A
2-PB1,1099,0,4,0,5256,5260,C
2-PB1,1100,5261,0,1,0,5262,A
2-PB1,1101,5256,0,1,0,5257,A
2-PB1,1102,5240,2,2,0,5244,A
2-PB1,1103,0,5220,0,3,5223,T
2-PB1,1104,5217,0,0,0,5217,A
2-PB1,1105,0,3,0,5222,5225,C
2-PB1,1106,1,0,0,5191,5192,C
2-PB1,1107,2,5136,0,10,5148,T
2-PB1,1108,0,0,5175,0,5175,G
2-PB1,1109,0,0,0,5170,5170,C
2-PB1,1110,5205,0,0,0,5205,A
2-PB1,1111,0,1,5186,0,5187,G
2-PB1,1112,5181,0,0,0,5181,A
2-PB1,1113,5157,0,1,0,5158,A
2-PB1,1114,5184,0,1,0,5185,A
2-PB1,1115,0,5172,0,0,5172,T
2-PB1,1116,1,0,5192,0,5193,G
2-PB1,1117,0,2,0,5145,5147,C
2-PB1,1118,0,5167,0,5,5172,T
2-PB1,1119,5247,0,4,0,5251,A
2-PB1,1120,2,1,5218,0,5221,G
2-PB1,1121,0,0,0,5214,5214,C
2-PB1,1122,5242,1,1,0,5244,A
2-PB1,1123,5195,22,4,0,5221,A
2-PB1,1124,1,0,5181,0,5182,G
2-PB1,1125,0,0,0,5181,5181,C
2-PB1,1126,5124,2,3,0,5129,A
2-PB1,1127,1,5212,1,2,5216,T
2-PB1,1128,0,3635,0,1605,5240,T
2-PB1,1129,0,0,5572,0,5572,G
2-PB1,1130,5659,0,3,0,5662,A
2-PB1,1131,0,1,1,5624,5626,C
2-PB1,1132,0,0,0,5662,5662,C
2-PB1,1133,1,5426,0,9,5436,T
2-PB1,1134,1,1,5522,0,5524,G
2-PB1,1135,5538,0,1,0,5539,A
2-PB1,1136,5553,0,4,0,5557,A
2-PB1,1137,0,0,5612,0,5612,G
2-PB1,1138,0,5418,0,4,5422,T
2-PB1,1139,5475,0,0,0,5475,A
2-PB1,1140,1,5431,0,7,5439,T
2-PB1,1141,0,5443,0,2,5445,T
2-PB1,1142,0,5422,1,6,5429,T
2-PB1,1143,0,0,0,5409,5409,C
2-PB1,1144,5399,1,0,0,5400,A
2-PB1,1145,5405,0,0,0,5405,A
2-PB1,1146,0,5329,0,0,5329,T
2-PB1,1147,0,0,5379,0,5379,G
2-PB1,1148,5364,0,0,0,5364,A
2-PB1,1149,5367,0,5,0,5372,A
2-PB1,1150,0,5318,0,3,5321,T
2-PB1,1151,0,1,0,5386,5387,C
2-PB1,1152,5405,0,3,0,5408,A
2-PB1,1153,5382,1,1,1,5385,A
2-PB1,1154,0,2,0,5407,5409,C
2-PB1,1155,5398,0,5,0,5403,A
2-PB1,1156,5330,0,0,49,5379,A
2-PB1,1157,2,0,5368,0,5370,G
2-PB1,1158,1,0,5389,0,5390,G
2-PB1,1159,5380,3,4,0,5387,A
2-PB1,1160,5371,1,23,0,5395,A
2-PB1,1161,1,0,5394,0,5395,G
2-PB1,1162,5387,0,5,0,5392,A
2-PB1,1163,5398,0,2,0,5400,A
2-PB1,1164,5391,0,3,0,5394,A
2-PB1,1165,5388,1,3,0,5392,A
2-PB1,1166,0,5375,0,1,5376,T
2-PB1,1167,0,5338,0,0,5338,T
2-PB1,1168,1,2,5354,0,5357,G
2-PB1,1169,5331,0,2,0,5333,A
2-PB1,1170,0,0,5347,0,5347,G
2-PB1,1171,5341,0,0,0,5341,A
2-PB1,1172,5387,1,2,0,5390,A
2-PB1,1173,5452,0,2,0,5454,A
2-PB1,1174,5465,0,0,0,5465,A
2-PB1,1175,0,5439,2,1,5442,T
2-PB1,1176,5456,0,1,0,5457,A
2-PB1,1177,5451,0,5,0,5456,A
2-PB1,1178,2,0,5445,1,5448,G
2-PB1,1179,0,0,5424,0,5424,G
2-PB1,1180,0,0,0,5393,5393,C
2-PB1,1181,1,0,0,5410,5411,C
2-PB1,1182,1,5342,0,9,5352,T
2-PB1,1183,1,1,1,6050,6053,C
2-PB1,1184,0,6133,0,9,6142,T
2-PB1,1185,0,6161,0,1,6162,T
2-PB1,1186,1,2,0,6276,6279,C
2-PB1,1187,1,6081,0,178,6260,T
2-PB1,1188,6294,0,5,0,6299,A
2-PB1,1189,6288,2,1,0,6291,A
2-PB1,1190,1,6266,0,1,6268,T
2-PB1,1191,6386,0,0,0,6386,A
2-PB1,1192,0,0,6196,0,6196,G
2-PB1,1193,5712,0,4,1,5717,A
2-PB1,1194,0,5705,0,2,5707,T
2-PB1,1195,0,1,5614,0,5615,G
2-PB1,1196,1,0,5652,0,5653,G
2-PB1,1197,0,2,0,5665,5667,C
2-PB1,1198,5681,0,1,0,5682,A
2-PB1,1199,2,1,0,5686,5689,C
2-PB1,1200,5609,0,4,0,5613,A
2-PB1,1201,1,0,5794,1,5796,G
2-PB1,1202,0,1,0,5779,5780,C
2-PB1,1203,5800,0,3,0,5803,A
2-PB1,1204,1,5895,0,6,5902,T
2-PB1,1205,1,1,0,5872,5874,C
2-PB1,1206,5923,1,2,0,5926,A
2-PB1,1207,0,5915,1,2,5918,T
2-PB1,1208,0,5886,0,2,5888,T
2-PB1,1209,1,0,5884,1,5886,G
2-PB1,1210,5678,0,8,0,5686,A
2-PB1,1211,1,0,5845,0,5846,G
2-PB1,1212,0,3,3,5812,5818,C
2-PB1,1213,0,2,0,5776,5778,C
2-PB1,1214,2,0,0,5977,5979,C
2-PB1,1215,0,5952,1,6,5959,T
2-PB1,1216,0,3,6240,0,6243,G
2-PB1,1217,1,0,6276,0,6277,G
2-PB1,1218,4310,0,1894,0,6204,A
2-PB1,1219,6336,0,2,1,6339,A
2-PB1,1220,0,6266,0,0,6266,T
2-PB1,1221,1,0,6375,0,6376,G
2-PB1,1222,6431,0,3,0,6434,A
2-PB1,1223,0,6342,0,4,6346,T
2-PB1,1224,1,0,6354,0,6355,G
2-PB1,1225,6243,0,3,0,6246,A
2-PB1,1226,0,6167,0,0,6167,T
2-PB1,1227,1,1,6152,0,6154,G
2-PB1,1228,0,3,6166,0,6169,G
2-PB1,1229,2,0,6160,0,6162,G
2-PB1,1230,0,1,0,6129,6130,C
2-PB1,1231,6156,0,3,0,6159,A
2-PB1,1232,0,6191,0,1,6192,T
2-PB1,1233,2,0,6329,0,6331,G
2-PB1,1234,0,6310,0,12,6322,T
2-PB1,1235,0,6354,1,2,6357,T
2-PB1,1236,1,1,0,6363,6365,C
2-PB1,1237,6319,0,2,0,6321,A
2-PB1,1238,6324,3,11,0,6338,A
2-PB1,1239,1,2,0,6321,6324,C
2-PB1,1240,6365,0,0,0,6365,A
2-PB1,1241,0,6339,0,1,6340,T
2-PB1,1242,4,0,6349,0,6353,G
2-PB1,1243,0,3,0,6335,6338,C
2-PB1,1244,0,6399,1,5,6405,T
2-PB1,1245,6445,0,1,1,6447,A
2-PB1,1246,6430,0,2,0,6432,A
2-PB1,1247,1,0,6542,0,6543,G
2-PB1,1248,0,6500,0,1,6501,T
2-PB1,1249,6465,0,2,1,6468,A
2-PB1,1250,0,4,1,6516,6521,C
2-PB1,1251,1,2,6496,0,6499,G
2-PB1,1252,0,0,6810,0,6810,G
2-PB1,1253,0,6750,0,16,6766,T
2-PB1,1254,0,6752,0,0,6752,T
2-PB1,1255,1,6776,0,0,6777,T
2-PB1,1256,0,6746,0,0,6746,T
2-PB1,1257,6774,1,7,1,6783,A
2-PB1,1258,0,2,6755,1,6758,G
2-PB1,1259,1,5,6724,0,6730,G
2-PB1,1260,6602,0,12,0,6614,A
2-PB1,1261,1,2,6585,0,6588,G
2-PB1,1262,1,6594,1,2,6598,T
2-PB1,1263,2,0,1,6623,6626,C
2-PB1,1264,1,6614,1,4,6620,T
2-PB1,1265,0,0,1,6672,6673,C
2-PB1,1266,0,0,6684,0,6684,G
2-PB1,1267,6821,0,1,0,6822,A
2-PB1,1268,0,6842,0,1,6843,T
2-PB1,1269,6865,0,1,1,6867,A
2-PB1,1270,1,1,0,6854,6856,C
2-PB1,1271,2,6767,0,11,6780,T
2-PB1,1272,0,4,6778,0,6782,G
2-PB1,1273,6770,0,3,1,6774,A
2-PB1,1274,6848,0,1,0,6849,A
2-PB1,1275,0,6859,1,2,6862,T
2-PB1,1276,0,0,0,6732,6732,C
2-PB1,1277,0,6742,1,4,6747,T
2-PB1,1278,0,6731,1,1,6733,T
2-PB1,1279,3,0,6741,0,6744,G
2-PB1,1280,1,1,6709,0,6711,G
2-PB1,1281,6466,0,224,1,6691,A
2-PB1,1282,2,0,0,6715,6717,C
2-PB1,1283,6659,0,1,0,6660,A
2-PB1,1284,6692,0,0,0,6692,A
2-PB1,1285,6691,0,2,1,6694,A
2-PB1,1286,6701,2,8,2,6713,A
2-PB1,1287,0,1,6802,0,6803,G
2-PB1,1288,6820,0,2,0,6822,A
2-PB1,1289,6815,0,1,1,6817,A
2-PB1,1290,6822,0,4,1,6827,A
2-PB1,1291,0,6789,0,2,6791,T
2-PB1,1292,6803,1,5,1,6810,A
2-PB1,1293,0,4,0,6979,6983,C
2-PB1,1294,6897,0,6,1,6904,A
2-PB1,1295,0,1,0,6954,6955,C
2-PB1,1296,0,0,0,6851,6851,C
2-PB1,1297,6847,0,1,0,6848,A
2-PB1,1298,6888,0,3,1,6892,A
2-PB1,1299,1,1,7054,0,7056,G
2-PB1,1300,7093,1,7,0,7101,A
2-PB1,1301,0,0,1,7203,7204,C
2-PB1,1302,7037,0,3,1,7041,A
2-PB1,1303,7181,1,7,1,7190,A
2-PB1,1304,0,3,0,7197,7200,C
2-PB1,1305,7287,0,4,1,7292,A
2-PB1,1306,1,7297,0,6,7304,T
2-PB1,1307,7252,1,2,0,7255,A
2-PB1,1308,13,1,0,7333,7347,C
2-PB1,1309,1,7112,0,9,7122,T
2-PB1,1310,0,2,7231,0,7233,G
2-PB1,1311,2,0,7222,0,7224,G
2-PB1,1312,1,7022,0,6,7029,T
2-PB1,1313,0,3,7047,0,7050,G
2-PB1,1314,1,1,6985,0,6987,G
2-PB1,1315,2,0,7010,0,7012,G
2-PB1,1316,6986,1,4,0,6991,A
2-PB1,1317,1,6813,0,6,6820,T
2-PB1,1318,0,2,6825,0,6827,G
2-PB1,1319,1,0,6773,0,6774,G
2-PB1,1320,2,0,6812,1,6815,G
2-PB1,1321,0,0,1,6883,6884,C
2-PB1,1322,22,6819,0,8,6849,T
2-PB1,1323,0,1,0,6910,6911,C
2-PB1,1324,4,0,0,6899,6903,C
2-PB1,1325,6931,0,2,0,6933,A
2-PB1,1326,6885,0,1,0,6886,A
2-PB1,1327,0,6845,0,0,6845,T
2-PB1,1328,1,0,0,6812,6813,C
2-PB1,1329,0,0,0,6767,6767,C
2-PB1,1330,0,6675,0,6,6681,T
2-PB1,1331,0,1,0,6676,6677,C
2-PB1,1332,1,1,0,6690,6692,C
2-PB1,1333,14,0,6690,0,6704,G
2-PB1,1334,6674,0,1,0,6675,A
2-PB1,1335,0,0,0,6701,6701,C
2-PB1,1336,1,2,6711,0,6714,G
2-PB1,1337,6732,0,1,0,6733,A
2-PB1,1338,0,6720,0,2,6722,T
2-PB1,1339,0,6722,0,1,6723,T
2-PB1,1340,0,6712,0,0,6712,T
2-PB1,1341,0,6730,0,1,6731,T
2-PB1,1342,1,0,6726,1,6728,G
2-PB1,1343,1,0,0,6729,6730,C
2-PB1,1344,3,6,0,6725,6734,C
2-PB1,1345,8,1,1,6952,6962,C
2-PB1,1346,2,6843,0,7,6852,T
2-PB1,1347,1,2,0,7130,7133,C
2-PB1,1348,7179,1,1,0,7181,A
2-PB1,1349,0,7215,0,0,7215,T
2-PB1,1350,7232,0,1,1,7234,A
2-PB1,1351,0,1,7272,0,7273,G
2-PB1,1352,3,7122,0,4,7129,T
2-PB1,1353,0,0,7178,0,7178,G
2-PB1,1354,6946,0,3,0,6949,A
2-PB1,1355,6942,0,1,0,6943,A
2-PB1,1356,0,6575,0,3,6578,T
2-PB1,1357,1,0,6559,0,6560,G
2-PB1,1358,1,4,0,6602,6607,C
2-PB1,1359,6577,0,0,0,6577,A
2-PB1,1360,0,0,0,6604,6604,C
2-PB1,1361,3,0,0,6560,6563,C
2-PB1,1362,6469,1,42,0,6512,A
2-PB1,1363,6505,0,1,0,6506,A
2-PB1,1364,6487,0,1,1,6489,A
2-PB1,1365,0,6323,0,2,6325,T
2-PB1,1366,1,0,0,6516,6517,C
2-PB1,1367,6502,0,0,1,6503,A
2-PB1,1368,0,6507,0,0,6507,T
2-PB1,1369,0,1,6534,0,6535,G
2-PB1,1370,6539,0,6,1,6546,A
2-PB1,1371,0,4,6583,0,6587,G
2-PB1,1372,0,0,6587,0,6587,G
2-PB1,1373,1,0,6608,0,6609,G
2-PB1,1374,6549,1,18,0,6568,A
2-PB1,1375,6667,0,4,0,6671,A
2-PB1,1376,1,6695,0,0,6696,T
2-PB1,1377,6677,0,3,0,6680,A
2-PB1,1378,0,1,0,6687,6688,C
2-PB1,1379,6723,0,1,0,6724,A
2-PB1,1380,6689,0,5,1,6695,A
2-PB1,1381,0,0,6658,0,6658,G
2-PB1,1382,0,0,0,6596,6596,C
2-PB1,1383,6570,0,1,0,6571,A
2-PB1,1384,0,0,6600,0,6600,G
2-PB1,1385,1,0,6599,0,6600,G
2-PB1,1386,6548,0,6,0,6554,A
2-PB1,1387,0,10,6612,0,6622,G
2-PB1,1388,2,6482,0,4,6488,T
2-PB1,1389,2,1,6551,0,6554,G
2-PB1,1390,3,2,6561,0,6566,G
2-PB1,1391,6564,0,6,0,6570,A
2-PB1,1392,0,6565,1,1,6567,T
2-PB1,1393,6480,0,0,0,6480,A
2-PB1,1394,1,0,6509,0,6510,G
2-PB1,1395,6581,1,1,1,6584,A
2-PB1,1396,0,6562,1,5,6568,T
2-PB1,1397,0,6531,0,2,6533,T
2-PB1,1398,0,1,0,6689,6690,C
2-PB1,1399,1,6658,0,4,6663,T
2-PB1,1400,6658,1,10,0,6669,A
2-PB1,1401,0,0,0,6653,6653,C
2-PB1,1402,6501,0,5,0,6506,A
2-PB1,1403,2,3,6476,0,6481,G
2-PB1,1404,0,0,6356,0,6356,G
2-PB1,1405,6390,0,4,0,6394,A
2-PB1,1406,28,1,0,6355,6384,C
2-PB1,1407,4,0,0,6222,6226,C
2-PB1,1408,3,6179,0,7,6189,T
2-PB1,1409,1,0,6200,0,6201,G
2-PB1,1410,0,1,1,6211,6213,C
2-PB1,1411,6222,0,6,0,6228,A
2-PB1,1412,6253,1,5,1,6260,A
2-PB1,1413,0,2,6262,0,6264,G
2-PB1,1414,0,6155,0,0,6155,T
2-PB1,1415,0,6152,0,23,6175,T
2-PB1,1416,6112,0,2,0,6114,A
2-PB1,1417,1,1,6122,0,6124,G
2-PB1,1418,1,6077,0,5,6083,T
2-PB1,1419,2,1,6079,0,6082,G
2-PB1,1420,0,2,6065,0,6067,G
2-PB1,1421,1,2,6065,0,6068,G
2-PB1,1422,6044,1,2,0,6047,A
2-PB1,1423,6074,0,1,0,6075,A
2-PB1,1424,0,6068,0,3,6071,T
2-PB1,1425,1,1,0,6071,6073,C
2-PB1,1426,6086,1,4,0,6091,A
2-PB1,1427,6086,1,6,1,6094,A
2-PB1,1428,0,29,1,6049,6079,C
2-PB1,1429,6073,0,0,0,6073,A
2-PB1,1430,0,5948,0,0,5948,T
2-PB1,1431,0,0,5964,0,5964,G
2-PB1,1432,5926,0,5,0,5931,A
2-PB1,1433,1,0,5971,0,5972,G
2-PB1,1434,0,0,0,5933,5933,C
2-PB1,1435,5897,0,2,0,5899,A
2-PB1,1436,5953,0,0,0,5953,A
2-PB1,1437,5959,0,1,0,5960,A
2-PB1,1438,5992,0,8,0,6000,A
2-PB1,1439,5979,1,0,0,5980,A
2-PB1,1440,0,0,5969,0,5969,G
2-PB1,1441,5894,0,3,0,5897,A
2-PB1,1442,5830,0,8,0,5838,A
2-PB1,1443,1,1,6026,0,6028,G
2-PB1,1444,1,5976,1,10,5988,T
2-PB1,1445,1,0,0,6034,6035,C
2-PB1,1446,2,2,0,6060,6064,C
2-PB1,1447,0,6047,1,3,6051,T
2-PB1,1448,6132,0,2,0,6134,A
2-PB1,1449,0,6110,0,0,6110,T
2-PB1,1450,6101,0,0,0,6101,A
2-PB1,1451,0,6121,0,1,6122,T
2-PB1,1452,5984,0,1,0,5985,A
2-PB1,1453,5968,0,3,0,5971,A
2-PB1,1454,5943,0,0,0,5943,A
2-PB1,1455,0,5932,0,0,5932,T
2-PB1,1456,5888,0,0,0,5888,A
2-PB1,1457,5849,0,0,1,5850,A
2-PB1,1458,5859,0,1,0,5860,A
2-PB1,1459,5842,0,2,0,5844,A
2-PB1,1460,1,0,1,5866,5868,C
2-PB1,1461,5597,0,2,0,5599,A
2-PB1,1462,1,4,5592,0,5597,G
2-PB1,1463,2,0,5584,0,5586,G
2-PB1,1464,0,0,5579,0,5579,G
2-PB1,1465,5549,1,6,0,5556,A
2-PB1,1466,0,1,0,5592,5593,C
2-PB1,1467,5555,1,1,0,5557,A
2-PB1,1468,0,5575,0,0,5575,T
2-PB1,1469,1,5576,0,3,5580,T
2-PB1,1470,0,5578,0,3,5581,T
2-PB1,1471,2,0,5585,0,5587,G
2-PB1,1472,5534,0,2,0,5536,A
2-PB1,1473,5551,1,0,1,5553,A
2-PB1,1474,0,5529,1,7,5537,T
2-PB1,1475,0,5438,1,3,5442,T
2-PB1,1476,2,1,0,5464,5467,C
2-PB1,1477,5396,0,9,0,5405,A
2-PB1,1478,0,1,0,5440,5441,C
2-PB1,1479,0,5438,1,2,5441,T
2-PB1,1480,5444,0,15,0,5459,A
2-PB1,1481,1,0,5430,0,5431,G
2-PB1,1482,67,2,0,5349,5418,C
2-PB1,1483,0,5368,0,13,5381,T
2-PB1,1484,0,5441,0,2,5443,T
2-PB1,1485,0,5413,0,3,5416,T
2-PB1,1486,1,5433,0,0,5434,T
2-PB1,1487,0,5427,0,5,5432,T
2-PB1,1488,0,5428,0,3,5431,T
2-PB1,1489,0,5416,0,0,5416,T
2-PB1,1490,5400,0,1,0,5401,A
2-PB1,1491,0,5337,1,1,5339,T
2-PB1,1492,1,3,0,5394,5398,C
2-PB1,1493,1,2,5441,0,5444,G
2-PB1,1494,5598,0,0,0,5598,A
2-PB1,1495,0,5606,0,2,5608,T
2-PB1,1496,5601,0,0,0,5601,A
2-PB1,1497,0,5648,1,4,5653,T
2-PB1,1498,2,2,5631,0,5635,G
2-PB1,1499,0,0,5643,0,5643,G
2-PB1,1500,5656,0,2,0,5658,A
2-PB1,1501,0,5574,1,2,5577,T
2-PB1,1502,1,5573,1,0,5575,T
2-PB1,1503,0,5392,1,2,5395,T
2-PB1,1504,1,0,5416,1,5418,G
2-PB1,1505,2,5348,0,3,5353,T
2-PB1,1506,0,1,5355,0,5356,G
2-PB1,1507,3,1,5327,0,5331,G
2-PB1,1508,2,1,1,5237,5241,C
2-PB1,1509,0,5319,0,3,5322,T
2-PB1,1510,5334,0,0,0,5334,A
2-PB1,1511,5364,0,0,0,5364,A
2-PB1,1512,0,5370,0,0,5370,T
2-PB1,1513,1,5397,0,0,5398,T
2-PB1,1514,0,5386,0,3,5389,T
2-PB1,1515,0,5392,1,0,5393,T
2-PB1,1516,5397,0,3,0,5400,A
2-PB1,1517,0,0,5415,0,5415,G
2-PB1,1518,0,1,0,5419,5420,C
2-PB1,1519,5406,1,3,0,5410,A
2-PB1,1520,0,5339,1,4,5344,T
2-PB1,1521,2,0,5298,0,5300,G
2-PB1,1522,2,0,5352,1,5355,G
2-PB1,1523,5335,0,3,0,5338,A
2-PB1,1524,1,0,5354,0,5355,G
2-PB1,1525,0,3,0,5290,5293,C
2-PB1,1526,1,5256,1,1,5259,T
2-PB1,1527,1,1,5253,0,5255,G
2-PB1,1528,0,3,0,5218,5221,C
2-PB1,1529,0,1,0,5183,5184,C
2-PB1,1530,2,0,0,5269,5271,C
2-PB1,1531,5113,0,12,0,5125,A
2-PB1,1532,1,0,5426,0,5427,G
2-PB1,1533,0,5421,1,2,5424,T
2-PB1,1534,0,5414,0,3,5417,T
2-PB1,1535,0,5400,0,3,5403,T
2-PB1,1536,0,5345,0,0,5345,T
2-PB1,1537,1,0,5341,0,5342,G
2-PB1,1538,1,0,5341,0,5342,G
2-PB1,1539,5313,1,10,0,5324,A
2-PB1,1540,1,0,5333,0,5334,G
2-PB1,1541,1,4870,0,1,4872,T
2-PB1,1542,145,0,4980,0,5125,G
2-PB1,1543,0,5074,0,2,5076,T
2-PB1,1544,0,3,0,5119,5122,C
2-PB1,1545,1,5123,0,3,5127,T
2-PB1,1546,0,0,5131,0,5131,G
2-PB1,1547,0,2,5186,0,5188,G
2-PB1,1548,5215,0,1,0,5216,A
2-PB1,1549,5212,0,4,0,5216,A
2-PB1,1550,0,5182,0,0,5182,T
2-PB1,1551,4688,0,1,0,4689,A
2-PB1,1552,4677,0,3,0,4680,A
2-PB1,1553,4663,0,4,0,4667,A
2-PB1,1554,1,0,0,4673,4674,C
2-PB1,1555,0,0,4630,0,4630,G
2-PB1,1556,4554,0,0,0,4554,A
2-PB1,1557,0,1,4534,0,4535,G
2-PB1,1558,1,4495,1,3,4500,T
2-PB1,1559,1,1,0,4548,4550,C
2-PB1,1560,4549,0,7,0,4556,A
2-PB1,1561,1,1,4589,0,4591,G
2-PB1,1562,2,0,0,4585,4587,C
2-PB1,1563,1,4601,0,2,4604,T
2-PB1,1564,1,1,4723,0,4725,G
2-PB1,1565,4689,0,1,0,4690,A
2-PB1,1566,1,4694,3,0,4698,T
2-PB1,1567,4688,0,2,0,4690,A
2-PB1,1568,0,4620,1,0,4621,T
2-PB1,1569,2,0,4649,0,4651,G
2-PB1,1570,4399,0,22,0,4421,A
2-PB1,1571,0,1,4458,0,4459,G
2-PB1,1572,0,0,2,4452,4454,C
2-PB1,1573,4218,1,1,0,4220,A
2-PB1,1574,0,4208,0,1,4209,T
2-PB1,1575,1,4195,0,2,4198,T
2-PB1,1576,1,2,4233,0,4236,G
2-PB1,1577,0,1,4380,0,4381,G
2-PB1,1578,4298,0,5,1,4304,A
2-PB1,1579,0,2,4313,0,4315,G
2-PB1,1580,0,4124,0,1,4125,T
2-PB1,1581,4124,0,1,0,4125,A
2-PB1,1582,4117,1,3,0,4121,A
2-PB1,1583,0,1,0,4129,4130,C
2-PB1,1584,4108,0,1,0,4109,A
2-PB1,1585,1,0,4154,0,4155,G
2-PB1,1586,0,3583,1,2,3586,T
2-PB1,1587,2,0,3611,0,3613,G
2-PB1,1588,3657,1,4,0,3662,A
2-PB1,1589,1,3654,0,0,3655,T
2-PB1,1590,3649,0,1,1,3651,A
2-PB1,1591,3634,0,1,0,3635,A
2-PB1,1592,3508,0,15,1,3524,A
2-PB1,1593,4,1,3553,0,3558,G
2-PB1,1594,3366,0,4,0,3370,A
2-PB1,1595,3374,0,0,1,3375,A
2-PB1,1596,0,0,0,3374,3374,C
2-PB1,1597,3237,0,0,0,3237,A
2-PB1,1598,3266,0,1,1,3268,A
2-PB1,1599,0,0,0,3266,3266,C
2-PB1,1600,3306,0,0,0,3306,A
2-PB1,1601,0,3282,11,1,3294,T
2-PB1,1602,0,0,3205,0,3205,G
2-PB1,1603,3210,0,2,0,3212,A
2-PB1,1604,0,3205,0,0,3205,T
2-PB1,1605,3170,0,1,1,3172,A
2-PB1,1606,3190,0,0,0,3190,A
2-PB1,1607,3116,0,0,0,3116,A
2-PB1,1608,0,0,0,3119,3119,C
2-PB1,1609,2966,0,1,0,2967,A
2-PB1,1610,2946,0,1,0,2947,A
2-PB1,1611,0,2850,0,1,2851,T
2-PB1,1612,0,0,2870,0,2870,G
2-PB1,1613,2924,0,0,0,2924,A
2-PB1,1614,0,0,0,2954,2954,C
2-PB1,1615,2,0,0,2912,2914,C
2-PB1,1616,0,2765,0,1,2766,T
2-PB1,1617,0,2682,0,0,2682,T
2-PB1,1618,0,0,2696,0,2696,G
2-PB1,1619,0,1,2705,0,2706,G
2-PB1,1620,2744,0,4,0,2748,A
2-PB1,1621,0,0,0,2738,2738,C
2-PB1,1622,0,0,0,2728,2728,C
2-PB1,1623,2708,0,2,1,2711,A
2-PB1,1624,1,0,2741,0,2742,G
2-PB1,1625,1,1,0,2760,2762,C
2-PB1,1626,2760,0,1,0,2761,A
2-PB1,1627,2762,0,0,0,2762,A
2-PB1,1628,1,0,0,2750,2751,C
2-PB1,1629,2737,0,0,0,2737,A
2-PB1,1630,0,0,2757,0,2757,G
2-PB1,1631,1,1,1,2735,2738,C
2-PB1,1632,2,0,0,2762,2764,C
2-PB1,1633,0,0,0,2754,2754,C
2-PB1,1634,2780,0,2,0,2782,A
2-PB1,1635,2770,0,1,0,2771,A
2-PB1,1636,2767,0,0,0,2767,A
2-PB1,1637,1,2770,0,0,2771,T
2-PB1,1638,0,0,2759,0,2759,G
2-PB1,1639,1,1,2699,0,2701,G
2-PB1,1640,1,0,0,2719,2720,C
2-PB1,1641,1,2680,0,5,2686,T
2-PB1,1642,1,0,0,2757,2758,C
2-PB1,1643,1,2738,1,1,2741,T
2-PB1,1644,2,0,0,2768,2770,C
2-PB1,1645,1,0,0,2794,2795,C
2-PB1,1646,2812,0,1,0,2813,A
2-PB1,1647,2811,1,0,1,2813,A
2-PB1,1648,1,2790,0,0,2791,T
2-PB1,1649,0,2777,0,0,2777,T
2-PB1,1650,1,0,2789,0,2790,G
2-PB1,1651,0,2722,0,0,2722,T
2-PB1,1652,0,2720,0,0,2720,T
2-PB1,1653,2,10,1,2727,2740,C
2-PB1,1654,2741,1,0,0,2742,A
2-PB1,1655,0,2721,0,12,2733,T
2-PB1,1656,0,0,0,2753,2753,C
2-PB1,1657,2751,0,0,0,2751,A
2-PB1,1658,2742,0,0,1,2743,A
2-PB1,1659,2745,0,2,1,2748,A
2-PB1,1660,1,1,2809,0,2811,G
2-PB1,1661,2797,0,0,0,2797,A
2-PB1,1662,0,2801,0,0,2801,T
2-PB1,1663,0,2815,0,0,2815,T
2-PB1,1664,2822,0,1,1,2824,A
2-PB1,1665,0,1,0,2874,2875,C
2-PB1,1666,2854,0,3,0,2857,A
2-PB1,1667,0,0,2905,0,2905,G
2-PB1,1668,2888,0,2,0,2890,A
2-PB1,1669,0,2967,0,1,2968,T
2-PB1,1670,2979,0,2,0,2981,A
2-PB1,1671,0,1,0,3144,3145,C
2-PB1,1672,3194,0,2,0,3196,A
2-PB1,1673,0,0,0,3430,3430,C
2-PB1,1674,3399,0,1,0,3400,A
2-PB1,1675,0,3414,0,2,3416,T
2-PB1,1676,3405,0,0,0,3405,A
2-PB1,1677,1,3385,0,1,3387,T
2-PB1,1678,3304,0,6,0,3310,A
2-PB1,1679,2,0,3298,0,3300,G
2-PB1,1680,0,1,3270,0,3271,G
2-PB1,1681,0,3121,0,4,3125,T
2-PB1,1682,0,0,3088,0,3088,G
2-PB1,1683,0,1,0,3158,3159,C
2-PB1,1684,2,0,0,3194,3196,C
2-PB1,1685,3255,1,2,0,3258,A
2-PB1,1686,0,3262,0,0,3262,T
2-PB1,1687,3258,0,0,0,3258,A
2-PB1,1688,0,1,3266,0,3267,G
2-PB1,1689,3179,0,5,0,3184,A
2-PB1,1690,0,1,3197,0,3198,G
2-PB1,1691,0,1,3167,1,3169,G
2-PB1,1692,3075,0,5,0,3080,A
2-PB1,1693,0,1,3099,0,3100,G
2-PB1,1694,3086,2,5,0,3093,A
2-PB1,1695,0,1,0,3089,3090,C
2-PB1,1696,3066,1,2,0,3069,A
2-PB1,1697,0,1,1,3119,3121,C
2-PB1,1698,3110,2,4,0,3116,A
2-PB1,1699,0,0,0,3130,3130,C
2-PB1,1700,3116,0,2,0,3118,A
2-PB1,1701,3119,0,1,0,3120,A
2-PB1,1702,3136,0,2,0,3138,A
2-PB1,1703,0,3132,0,0,3132,T
2-PB1,1704,0,0,0,3139,3139,C
2-PB1,1705,0,0,0,3132,3132,C
2-PB1,1706,3099,0,12,1,3112,A
2-PB1,1707,0,2,3121,0,3123,G
2-PB1,1708,3118,0,1,1,3120,A
2-PB1,1709,0,0,0,3147,3147,C
2-PB1,1710,0,0,3137,0,3137,G
2-PB1,1711,3118,0,0,0,3118,A
2-PB1,1712,0,1,3123,0,3124,G
2-PB1,1713,3125,0,0,0,3125,A
2-PB1,1714,3123,0,5,0,3128,A
2-PB1,1715,0,1,3137,0,3138,G
2-PB1,1716,3135,0,1,1,3137,A
2-PB1,1717,1,3124,0,0,3125,T
2-PB1,1718,0,0,0,3122,3122,C
2-PB1,1719,3129,0,0,0,3129,A
2-PB1,1720,0,3113,0,0,3113,T
2-PB1,1721,1,3115,0,2,3118,T
2-PB1,1722,0,1,1,3121,3123,C
2-PB1,1723,0,0,3126,0,3126,G
2-PB1,1724,3088,0,3,0,3091,A
2-PB1,1725,0,1,3103,0,3104,G
2-PB1,1726,3076,1,1,0,3078,A
2-PB1,1727,0,3179,0,0,3179,T
2-PB1,1728,3182,0,1,0,3183,A
2-PB1,1729,3187,0,1,1,3189,A
2-PB1,1730,3189,0,1,0,3190,A
2-PB1,1731,1,0,3185,1,3187,G
2-PB1,1732,3188,0,0,0,3188,A
2-PB1,1733,3112,0,4,0,3116,A
2-PB1,1734,0,0,3138,0,3138,G
2-PB1,1735,0,0,1,3139,3140,C
2-PB1,1736,0,3113,0,2,3115,T
2-PB1,1737,101,0,3039,0,3140,G
2-PB1,1738,0,3107,0,2,3109,T
2-PB1,1739,0,3,3113,0,3116,G
2-PB1,1740,1,1,3115,0,3117,G
2-PB1,1741,1,0,3152,0,3153,G
2-PB1,1742,3137,0,1,0,3138,A
2-PB1,1743,0,3112,0,0,3112,T
2-PB1,1744,0,0,1,3096,3097,C
2-PB1,1745,3114,0,0,0,3114,A
2-PB1,1746,3126,0,1,0,3127,A
2-PB1,1747,3120,1,0,0,3121,A
2-PB1,1748,0,0,0,3124,3124,C
2-PB1,1749,2,0,0,3105,3107,C
2-PB1,1750,1,0,0,3099,3100,C
2-PB1,1751,3112,0,2,0,3114,A
2-PB1,1752,3177,0,1,0,3178,A
2-PB1,1753,1,3155,0,0,3156,T
2-PB1,1754,0,0,0,3172,3172,C
2-PB1,1755,3158,0,2,0,3160,A
2-PB1,1756,3130,0,2,0,3132,A
2-PB1,1757,0,1,3176,0,3177,G
2-PB1,1758,0,0,3156,0,3156,G
2-PB1,1759,0,0,3137,0,3137,G
2-PB1,1760,0,1,0,3156,3157,C
2-PB1,1761,3106,1,5,0,3112,A
2-PB1,1762,0,0,3188,0,3188,G
2-PB1,1763,1,1,3202,1,3205,G
2-PB1,1764,3225,1,1,0,3227,A
2-PB1,1765,0,0,0,3273,3273,C
2-PB1,1766,0,3203,0,0,3203,T
2-PB1,1767,3302,1,0,1,3304,A
2-PB1,1768,0,3292,0,2,3294,T
2-PB1,1769,0,3298,0,0,3298,T
2-PB1,1770,0,0,3312,0,3312,G
2-PB1,1771,0,0,3325,0,3325,G
2-PB1,1772,0,3268,0,1,3269,T
2-PB1,1773,3297,0,0,0,3297,A
2-PB1,1774,0,3269,0,0,3269,T
2-PB1,1775,0,1,0,3285,3286,C
2-PB1,1776,3254,0,2,0,3256,A
2-PB1,1777,0,1,3290,0,3291,G
2-PB1,1778,3283,0,2,0,3285,A
2-PB1,1779,0,3266,0,0,3266,T
2-PB1,1780,1,0,3163,1,3165,G
2-PB1,1781,1,4,3155,0,3160,G
2-PB1,1782,0,5,3147,0,3152,G
2-PB1,1783,1,1,3149,0,3151,G
2-PB1,1784,1,0,3167,0,3168,G
2-PB1,1785,3152,0,2,0,3154,A
2-PB1,1786,1,1,0,3138,3140,C
2-PB1,1787,1,0,0,3125,3126,C
2-PB1,1788,3132,0,0,0,3132,A
2-PB1,1789,3331,0,1,0,3332,A
2-PB1,1790,3344,1,1,0,3346,A
2-PB1,1791,0,0,0,3408,3408,C
2-PB1,1792,0,3370,0,0,3370,T
2-PB1,1793,0,3366,0,1,3367,T
2-PB1,1794,3374,0,0,0,3374,A
2-PB1,1795,0,3371,0,0,3371,T
2-PB1,1796,3364,1,4,0,3369,A
2-PB1,1797,0,0,0,3382,3382,C
2-PB1,1798,3212,0,0,0,3212,A
2-PB1,1799,3214,0,0,0,3214,A
2-PB1,1800,0,3143,0,0,3143,T
2-PB1,1801,3192,0,0,0,3192,A
2-PB1,1802,0,3183,0,0,3183,T
2-PB1,1803,0,0,0,3185,3185,C
2-PB1,1804,2,2,0,3181,3185,C
2-PB1,1805,2,2,3175,0,3179,G
2-PB1,1806,1,0,3180,0,3181,G
2-PB1,1807,3184,0,1,0,3185,A
2-PB1,1808,3184,0,1,0,3185,A
2-PB1,1809,0,3175,0,0,3175,T
2-PB1,1810,0,0,0,3186,3186,C
2-PB1,1811,0,3190,0,2,3192,T
2-PB1,1812,1,3180,0,1,3182,T
2-PB1,1813,1,0,0,3182,3183,C
2-PB1,1814,3191,1,2,0,3194,A
2-PB1,1815,0,0,0,3201,3201,C
2-PB1,1816,3196,2,1,0,3199,A
2-PB1,1817,0,3388,0,2,3390,T
2-PB1,1818,0,47,0,3350,3397,C
2-PB1,1819,1,0,0,3397,3398,C
2-PB1,1820,0,0,0,3437,3437,C
2-PB1,1821,0,3435,0,1,3436,T
2-PB1,1822,0,0,3445,0,3445,G
2-PB1,1823,3430,0,0,0,3430,A
2-PB1,1824,3427,0,4,0,3431,A
2-PB1,1825,1,0,3440,0,3441,G
2-PB1,1826,0,3233,1,3,3237,T
2-PB1,1827,55,2,0,3202,3259,C
2-PB1,1828,0,3202,0,2,3204,T
2-PB1,1829,2,0,3286,0,3288,G
2-PB1,1830,0,1,0,3291,3292,C
2-PB1,1831,0,3293,0,2,3295,T
2-PB1,1832,0,3575,0,0,3575,T
2-PB1,1833,3593,0,0,0,3593,A
2-PB1,1834,3575,0,2,0,3577,A
2-PB1,1835,3598,0,0,0,3598,A
2-PB1,1836,2236,1,1313,0,3550,A
2-PB1,1837,0,3560,0,0,3560,T
2-PB1,1838,1,1,3538,0,3540,G
2-PB1,1839,0,0,3524,0,3524,G
2-PB1,1840,0,0,3520,0,3520,G
2-PB1,1841,3291,0,2,0,3293,A
2-PB1,1842,0,0,3322,0,3322,G
2-PB1,1843,0,0,0,3314,3314,C
2-PB1,1844,0,3308,0,1,3309,T
2-PB1,1845,0,0,3322,0,3322,G
2-PB1,1846,3294,1,1,0,3296,A
2-PB1,1847,0,3316,0,1,3317,T
2-PB1,1848,2,1,3337,0,3340,G
2-PB1,1849,0,1,3316,1,3318,G
2-PB1,1850,3309,1,5,0,3315,A
2-PB1,1851,0,3317,0,2,3319,T
2-PB1,1852,1,2,3314,0,3317,G
2-PB1,1853,3301,0,1,0,3302,A
2-PB1,1854,1,1,3341,0,3343,G
2-PB1,1855,3337,0,4,0,3341,A
2-PB1,1856,3330,0,2,0,3332,A
2-PB1,1857,0,3312,0,0,3312,T
2-PB1,1858,0,3297,0,1,3298,T
2-PB1,1859,3311,1,0,0,3312,A
2-PB1,1860,0,3292,0,0,3292,T
2-PB1,1861,0,1,0,3309,3310,C
2-PB1,1862,0,2,3295,0,3297,G
2-PB1,1863,0,1,3277,0,3278,G
2-PB1,1864,0,2,3269,0,3271,G
2-PB1,1865,1,0,3270,0,3271,G
2-PB1,1866,3266,2,0,0,3268,A
2-PB1,1867,3279,1,1,0,3281,A
2-PB1,1868,0,0,3302,0,3302,G
2-PB1,1869,3292,0,2,0,3294,A
2-PB1,1870,0,0,0,3338,3338,C
2-PB1,1871,0,3309,0,3,3312,T
2-PB1,1872,0,3366,0,1,3367,T
2-PB1,1873,1,3383,0,0,3384,T
2-PB1,1874,2,0,3382,0,3384,G
2-PB1,1875,1,3397,1,0,3399,T
2-PB1,1876,3384,0,0,0,3384,A
2-PB1,1877,3355,1,2,0,3358,A
2-PB1,1878,0,3483,0,1,3484,T
2-PB1,1879,0,0,0,3632,3632,C
2-PB1,1880,1,0,0,3623,3624,C
2-PB1,1881,1,0,0,3607,3608,C
2-PB1,1882,1264,0,1,2366,3631,C
2-PB1,1883,0,3644,0,3,3647,T
2-PB1,1884,1,0,3638,0,3639,G
2-PB1,1885,3642,0,2,1,3645,A
2-PB1,1886,3647,0,3,0,3650,A
2-PB1,1887,0,3480,0,0,3480,T
2-PB1,1888,1,0,0,3370,3371,C
2-PB1,1889,2,1,0,3331,3334,C
2-PB1,1890,0,1,0,3304,3305,C
2-PB1,1891,0,3303,0,5,3308,T
2-PB1,1892,0,3316,0,0,3316,T
2-PB1,1893,0,3313,0,2,3315,T
2-PB1,1894,2,0,3319,0,3321,G
2-PB1,1895,0,3300,0,3,3303,T
2-PB1,1896,0,0,0,3295,3295,C
2-PB1,1897,3274,0,5,0,3279,A
2-PB1,1898,2,0,3300,0,3302,G
2-PB1,1899,0,0,0,3300,3300,C
2-PB1,1900,1,1,0,3307,3309,C
2-PB1,1901,3329,0,0,0,3329,A
2-PB1,1902,0,3335,0,0,3335,T
2-PB1,1903,3331,0,0,0,3331,A
2-PB1,1904,3336,0,0,0,3336,A
2-PB1,1905,3333,0,1,0,3334,A
2-PB1,1906,0,0,3364,0,3364,G
2-PB1,1907,3312,0,1,0,3313,A
2-PB1,1908,3319,0,2,0,3321,A
2-PB1,1909,3319,0,0,0,3319,A
2-PB1,1910,0,3306,0,0,3306,T
2-PB1,1911,1,3298,0,0,3299,T
2-PB1,1912,0,0,3304,0,3304,G
2-PB1,1913,3270,0,3,0,3273,A
2-PB1,1914,61,0,3256,0,3317,G
2-PB1,1915,0,3325,1,1,3327,T
2-PB1,1916,0,0,0,3332,3332,C
2-PB1,1917,1,3343,0,1,3345,T
2-PB1,1918,1,0,3396,0,3397,G
2-PB1,1919,0,3389,1,0,3390,T
2-PB1,1920,3428,0,0,0,3428,A
2-PB1,1921,3427,0,1,0,3428,A
2-PB1,1922,3407,0,1,0,3408,A
2-PB1,1923,0,0,0,3426,3426,C
2-PB1,1924,3354,1,1,0,3356,A
2-PB1,1925,3394,0,1,0,3395,A
2-PB1,1926,0,3374,0,0,3374,T
2-PB1,1927,0,0,3371,0,3371,G
2-PB1,1928,0,0,0,3380,3380,C
2-PB1,1929,0,3371,0,0,3371,T
2-PB1,1930,3,0,3453,0,3456,G
2-PB1,1931,1,3453,0,2,3456,T
2-PB1,1932,3505,0,0,0,3505,A
2-PB1,1933,0,0,3500,0,3500,G
2-PB1,1934,0,3432,0,1,3433,T
2-PB1,1935,3430,0,0,0,3430,A
2-PB1,1936,3390,0,0,0,3390,A
2-PB1,1937,0,3374,0,0,3374,T
2-PB1,1938,0,0,3366,0,3366,G
2-PB1,1939,0,1,0,3293,3294,C
2-PB1,1940,0,2,0,3284,3286,C
2-PB1,1941,3235,0,3,0,3238,A
2-PB1,1942,1,0,3298,0,3299,G
2-PB1,1943,0,1,30,3309,3340,C
2-PB1,1944,1,0,0,3347,3348,C
2-PB1,1945,0,2,0,3350,3352,C
2-PB1,1946,3348,0,1,0,3349,A
2-PB1,1947,0,3349,0,1,3350,T
2-PB1,1948,0,0,3360,1,3361,G
2-PB1,1949,1,0,3587,0,3588,G
2-PB1,1950,0,3575,0,0,3575,T
2-PB1,1951,0,0,0,3503,3503,C
2-PB1,1952,1,0,0,3441,3442,C
2-PB1,1953,1,2179,1254,4,3438,T
2-PB1,1954,2,0,3459,0,3461,G
2-PB1,1955,0,1,0,3427,3428,C
2-PB1,1956,1,1,0,3457,3459,C
2-PB1,1957,3449,0,1,1,3451,A
2-PB1,1958,3092,0,0,1,3093,A
2-PB1,1959,3099,0,0,1,3100,A
2-PB1,1960,3103,0,0,1,3104,A
2-PB1,1961,2,0,3146,0,3148,G
2-PB1,1962,0,3108,0,0,3108,T
2-PB1,1963,3138,0,0,0,3138,A
2-PB1,1964,0,3122,0,0,3122,T
2-PB1,1965,2,0,3131,0,3133,G
2-PB1,1966,0,1,3172,0,3173,G
2-PB1,1967,3165,0,1,0,3166,A
2-PB1,1968,3191,0,0,1,3192,A
2-PB1,1969,1,3179,0,1,3181,T
2-PB1,1970,3142,0,1,0,3143,A
2-PB1,1971,0,3136,0,2,3138,T
2-PB1,1972,0,0,3126,0,3126,G
2-PB1,1973,3115,0,2,0,3117,A
2-PB1,1974,0,3107,1,1,3109,T
2-PB1,1975,1,0,3044,0,3045,G
2-PB1,1976,0,1,0,3039,3040,C
2-PB1,1977,1,1,0,3032,3034,C
2-PB1,1978,1,0,3038,0,3039,G
2-PB1,1979,0,3020,1,2,3023,T
2-PB1,1980,0,3024,0,3,3027,T
2-PB1,1981,0,0,3025,0,3025,G
2-PB1,1982,0,0,0,3080,3080,C
2-PB1,1983,3088,0,0,0,3088,A
2-PB1,1984,3109,0,1,1,3111,A
2-PB1,1985,1,1,0,3121,3123,C
2-PB1,1986,0,3094,1,2,3097,T
2-PB1,1987,3097,1,0,0,3098,A
2-PB1,1988,0,2,0,3094,3096,C
2-PB1,1989,3079,0,1,0,3080,A
2-PB1,1990,0,0,0,3095,3095,C
2-PB1,1991,2976,0,0,0,2976,A
2-PB1,1992,0,1,0,3192,3193,C
2-PB1,1993,0,3099,0,1,3100,T
2-PB1,1994,0,1,0,3132,3133,C
2-PB1,1995,1,0,0,3146,3147,C
2-PB1,1996,1,3111,0,1,3113,T
2-PB1,1997,1,2,3109,0,3112,G
2-PB1,1998,0,0,3132,0,3132,G
2-PB1,1999,3107,0,0,0,3107,A
2-PB1,2000,1,3119,0,0,3120,T
2-PB1,2001,0,2785,0,1,2786,T
2-PB1,2002,1,0,0,2809,2810,C
2-PB1,2003,0,0,0,2796,2796,C
2-PB1,2004,1,0,0,2825,2826,C
2-PB1,2005,2846,0,1,0,2847,A
2-PB1,2006,2839,1,0,0,2840,A
2-PB1,2007,0,0,2844,0,2844,G
2-PB1,2008,2825,0,1,0,2826,A
2-PB1,2009,1,0,2831,0,2832,G
2-PB1,2010,0,0,2826,0,2826,G
2-PB1,2011,2782,1,1,0,2784,A
2-PB1,2012,2789,0,2,0,2791,A
2-PB1,2013,0,0,0,2773,2773,C
2-PB1,2014,0,1,0,2762,2763,C
2-PB1,2015,3,0,2803,0,2806,G
2-PB1,2016,0,0,1,2801,2802,C
2-PB1,2017,0,2784,0,0,2784,T
2-PB1,2018,0,1,0,2798,2799,C
2-PB1,2019,0,2799,0,0,2799,T
2-PB1,2020,2977,0,0,0,2977,A
2-PB1,2021,0,2970,0,1,2971,T
2-PB1,2022,0,2969,0,2,2971,T
2-PB1,2023,1,1,0,2982,2984,C
2-PB1,2024,0,2890,1,0,2891,T
2-PB1,2025,2909,0,1,0,2910,A
2-PB1,2026,2890,0,2,0,2892,A
2-PB1,2027,2883,0,3,0,2886,A
2-PB1,2028,0,1,0,2893,2894,C
2-PB1,2029,2705,0,1,0,2706,A
2-PB1,2030,0,3,0,2704,2707,C
2-PB1,2031,2678,0,2,0,2680,A
2-PB1,2032,2690,1,3,0,2694,A
2-PB1,2033,0,0,2696,0,2696,G
2-PB1,2034,0,1,0,2684,2685,C
2-PB1,2035,0,1,0,2700,2701,C
2-PB1,2036,2685,1,0,0,2686,A
2-PB1,2037,2670,1,1,0,2672,A
2-PB1,2038,2671,0,2,0,2673,A
2-PB1,2039,0,3,2683,0,2686,G
2-PB1,2040,0,0,2680,0,2680,G
2-PB1,2041,0,0,2642,0,2642,G
2-PB1,2042,1,0,2648,0,2649,G
2-PB1,2043,2641,0,0,0,2641,A
2-PB1,2044,2647,0,0,0,2647,A
2-PB1,2045,0,2645,0,1,2646,T
2-PB1,2046,0,2634,0,1,2635,T
2-PB1,2047,1,0,0,2652,2653,C
2-PB1,2048,1,2628,0,1,2630,T
2-PB1,2049,0,2638,0,0,2638,T
2-PB1,2050,0,2,2640,0,2642,G
2-PB1,2051,2621,0,2,0,2623,A
2-PB1,2052,0,2,2633,0,2635,G
2-PB1,2053,0,0,2627,0,2627,G
2-PB1,2054,2616,0,3,0,2619,A
2-PB1,2055,0,2609,0,0,2609,T
2-PB1,2056,0,1,2618,0,2619,G
2-PB1,2057,2612,0,5,0,2617,A
2-PB1,2058,2604,1,2,0,2607,A
2-PB1,2059,0,0,0,2618,2618,C
2-PB1,2060,2586,0,0,0,2586,A
2-PB1,2061,0,0,2616,0,2616,G
2-PB1,2062,2605,0,0,0,2605,A
2-PB1,2063,0,2598,0,1,2599,T
2-PB1,2064,0,0,2598,0,2598,G
2-PB1,2065,0,2629,0,0,2629,T
2-PB1,2066,2629,0,2,0,2631,A
2-PB1,2067,0,0,0,2617,2617,C
2-PB1,2068,0,1,0,2608,2609,C
2-PB1,2069,2595,0,1,0,2596,A
2-PB1,2070,0,0,2568,0,2568,G
2-PB1,2071,2537,0,0,0,2537,A
2-PB1,2072,2524,0,0,0,2524,A
2-PB1,2073,0,0,2532,0,2532,G
2-PB1,2074,0,2397,0,0,2397,T
2-PB1,2075,0,0,2410,0,2410,G
2-PB1,2076,2,1,0,2395,2398,C
2-PB1,2077,1,2399,0,3,2403,T
2-PB1,2078,1,0,2412,1,2414,G
2-PB1,2079,0,0,0,2405,2405,C
2-PB1,2080,2407,0,0,0,2407,A
2-PB1,2081,2401,0,0,0,2401,A
2-PB1,2082,0,0,0,2356,2356,C
2-PB1,2083,0,2351,0,1,2352,T
2-PB1,2084,0,2334,0,0,2334,T
2-PB1,2085,0,0,2332,0,2332,G
2-PB1,2086,0,2326,0,0,2326,T
2-PB1,2087,0,2311,0,2,2313,T
2-PB1,2088,0,1,0,2314,2315,C
2-PB1,2089,0,1,2322,0,2323,G
2-PB1,2090,2319,1,0,0,2320,A
2-PB1,2091,0,0,2315,0,2315,G
2-PB1,2092,2317,0,0,0,2317,A
2-PB1,2093,2323,0,0,0,2323,A
2-PB1,2094,2318,0,0,0,2318,A
2-PB1,2095,0,2301,0,0,2301,T
2-PB1,2096,0,2316,0,0,2316,T
2-PB1,2097,0,2317,0,0,2317,T
2-PB1,2098,0,2317,0,0,2317,T
2-PB1,2099,0,2308,0,0,2308,T
2-PB1,2100,1,1,0,2302,2304,C
2-PB1,2101,1,0,0,2317,2318,C
2-PB1,2102,1,0,0,2325,2326,C
2-PB1,2103,0,2299,0,34,2333,T
2-PB1,2104,2341,1,0,0,2342,A
2-PB1,2105,0,0,2343,0,2343,G
2-PB1,2106,0,2333,0,1,2334,T
2-PB1,2107,2343,0,0,0,2343,A
2-PB1,2108,0,0,2360,0,2360,G
2-PB1,2109,0,2324,0,0,2324,T
2-PB1,2110,0,2407,0,0,2407,T
2-PB1,2111,0,0,0,2412,2412,C
2-PB1,2112,2459,0,3,0,2462,A
2-PB1,2113,0,2463,0,0,2463,T
2-PB1,2114,2477,0,2,0,2479,A
2-PB1,2115,0,2464,0,2,2466,T
2-PB1,2116,2389,0,2,0,2391,A
2-PB1,2117,0,1,2370,0,2371,G
2-PB1,2118,1,0,2356,0,2357,G
2-PB1,2119,2113,0,7,0,2120,A
2-PB1,2120,0,0,2123,0,2123,G
2-PB1,2121,1986,0,1,0,1987,A
2-PB1,2122,1,1,0,1987,1989,C
2-PB1,2123,0,0,0,1905,1905,C
2-PB1,2124,0,0,1913,0,1913,G
2-PB1,2125,1910,0,1,0,1911,A
2-PB1,2126,0,1897,0,0,1897,T
2-PB1,2127,0,1911,0,0,1911,T
2-PB1,2128,0,0,1911,0,1911,G
2-PB1,2129,0,0,1910,0,1910,G
2-PB1,2130,1908,0,0,0,1908,A
2-PB1,2131,1910,0,0,1,1911,A
2-PB1,2132,0,1907,0,0,1907,T
2-PB1,2133,0,1900,0,0,1900,T
2-PB1,2134,0,1902,0,0,1902,T
2-PB1,2135,0,0,0,1908,1908,C
2-PB1,2136,1,1908,0,0,1909,T
2-PB1,2137,1910,0,0,0,1910,A
2-PB1,2138,0,0,1914,1,1915,G
2-PB1,2139,0,0,0,1897,1897,C
2-PB1,2140,1898,0,1,0,1899,A
2-PB1,2141,1,1890,0,1,1892,T
2-PB1,2142,0,0,1865,0,1865,G
2-PB1,2143,1,0,1898,0,1899,G
2-PB1,2144,0,1896,0,1,1897,T
2-PB1,2145,0,0,1894,0,1894,G
2-PB1,2146,0,0,1894,0,1894,G
2-PB1,2147,1870,0,1,0,1871,A
2-PB1,2148,0,0,1885,0,1885,G
2-PB1,2149,1,0,1884,0,1885,G
2-PB1,2150,0,0,0,1815,1815,C
2-PB1,2151,0,0,0,1844,1844,C
2-PB1,2152,1699,0,2,0,1701,A
2-PB1,2153,0,1699,0,0,1699,T
2-PB1,2154,0,0,1707,0,1707,G
2-PB1,2155,1,0,1723,0,1724,G
2-PB1,2156,1,1667,0,2,1670,T
2-PB1,2157,0,0,1697,0,1697,G
2-PB1,2158,0,1654,0,0,1654,T
2-PB1,2159,0,1,0,1629,1630,C
2-PB1,2160,0,1654,0,1,1655,T
2-PB1,2161,1634,0,0,0,1634,A
2-PB1,2162,0,1,1641,0,1642,G
2-PB1,2163,1,0,1584,0,1585,G
2-PB1,2164,1,0,1561,0,1562,G
2-PB1,2165,0,0,0,1497,1497,C
2-PB1,2166,0,0,0,1428,1428,C
2-PB1,2167,0,2,0,1407,1409,C
2-PB1,2168,0,1,1416,0,1417,G
2-PB1,2169,0,0,1427,0,1427,G
2-PB1,2170,1421,0,1,0,1422,A
2-PB1,2171,0,1413,0,0,1413,T
2-PB1,2172,0,1362,0,0,1362,T
2-PB1,2173,0,0,1352,0,1352,G
2-PB1,2174,1346,0,0,0,1346,A
2-PB1,2175,0,1346,0,0,1346,T
2-PB1,2176,0,0,1336,1,1337,G
2-PB1,2177,0,1,0,1318,1319,C
2-PB1,2178,0,0,0,1318,1318,C
2-PB1,2179,1316,1,0,0,1317,A
2-PB1,2180,0,0,1325,0,1325,G
2-PB1,2181,1326,0,0,0,1326,A
2-PB1,2182,1323,0,0,0,1323,A
2-PB1,2183,0,1304,0,1,1305,T
2-PB1,2184,0,1281,0,0,1281,T
2-PB1,2185,0,0,1284,0,1284,G
2-PB1,2186,1265,0,0,0,1265,A
2-PB1,2187,0,0,0,1268,1268,C
2-PB1,2188,0,1266,0,0,1266,T
2-PB1,2189,0,1246,1,0,1247,T
2-PB1,2190,1,0,0,1260,1261,C
2-PB1,2191,0,0,1262,0,1262,G
2-PB1,2192,1258,0,0,0,1258,A
2-PB1,2193,0,0,1237,0,1237,G
2-PB1,2194,0,1246,0,0,1246,T
2-PB1,2195,0,0,0,1252,1252,C
2-PB1,2196,1,1254,0,0,1255,T
2-PB1,2197,0,0,1253,0,1253,G
2-PB1,2198,0,0,1257,0,1257,G
2-PB1,2199,1258,0,0,0,1258,A
2-PB1,2200,1164,0,3,0,1167,A
2-PB1,2201,0,2,1170,0,1172,G
2-PB1,2202,0,0,1176,0,1176,G
2-PB1,2203,1177,0,0,0,1177,A
2-PB1,2204,0,1170,0,0,1170,T
2-PB1,2205,0,1146,0,28,1174,T
2-PB1,2206,1171,0,0,0,1171,A
2-PB1,2207,1168,0,1,0,1169,A
2-PB1,2208,0,0,1169,0,1169,G
2-PB1,2209,1167,0,1,0,1168,A
2-PB1,2210,1065,0,0,0,1065,A
2-PB1,2211,0,0,970,0,970,G
2-PB1,2212,0,0,966,0,966,G
2-PB1,2213,961,0,0,0,961,A
2-PB1,2214,962,0,0,0,962,A
2-PB1,2215,0,0,960,0,960,G
2-PB1,2216,911,0,0,0,911,A
2-PB1,2217,0,0,912,0,912,G
2-PB1,2218,0,870,0,0,870,T
2-PB1,2219,0,865,0,0,865,T
2-PB1,2220,0,0,0,868,868,C
2-PB1,2221,0,842,0,0,842,T
2-PB1,2222,0,0,0,850,850,C
2-PB1,2223,0,851,0,0,851,T
2-PB1,2224,0,0,848,0,848,G
2-PB1,2225,818,0,0,0,818,A
2-PB1,2226,0,0,808,0,808,G
2-PB1,2227,799,0,0,0,799,A
2-PB1,2228,0,773,0,0,773,T
2-PB1,2229,0,0,0,729,729,C
2-PB1,2230,729,0,0,0,729,A
2-PB1,2231,0,726,0,2,728,T
2-PB1,2232,0,0,727,0,727,G
2-PB1,2233,721,0,0,0,721,A
2-PB1,2234,719,0,2,0,721,A
2-PB1,2235,1,0,708,0,709,G
2-PB1,2236,700,0,0,0,700,A
2-PB1,2237,0,682,0,0,682,T
2-PB1,2238,0,0,0,682,682,C
2-PB1,2239,0,646,0,0,646,T
2-PB1,2240,0,0,650,0,650,G
2-PB1,2241,0,645,0,3,648,T
2-PB1,2242,0,645,0,0,645,T
2-PB1,2243,0,1,0,636,637,C
2-PB1,2244,0,0,0,617,617,C
2-PB1,2245,609,0,2,0,611,A
2-PB1,2246,0,0,0,616,616,C
2-PB1,2247,0,0,0,580,580,C
2-PB1,2248,562,1,0,0,563,A
2-PB1,2249,0,513,0,0,513,T
2-PB1,2250,0,497,0,1,498,T
2-PB1,2251,0,1,498,0,499,G
2-PB1,2252,493,0,0,0,493,A
2-PB1,2253,495,0,0,0,495,A
2-PB1,2254,0,0,495,0,495,G
2-PB1,2255,434,0,0,0,434,A
2-PB1,2256,431,0,0,0,431,A
2-PB1,2257,0,1,0,429,430,C
2-PB1,2258,0,409,1,1,411,T
2-PB1,2259,1,0,0,410,411,C
2-PB1,2260,392,0,0,0,392,A
2-PB1,2261,0,0,391,0,391,G
2-PB1,2262,388,0,0,0,388,A
2-PB1,2263,0,0,0,373,373,C
2-PB1,2264,0,0,361,0,361,G
2-PB1,2265,0,0,352,0,352,G
2-PB1,2266,0,0,0,353,353,C
2-PB1,2267,353,0,0,0,353,A
2-PB1,2268,353,0,0,0,353,A
2-PB1,2269,347,0,1,0,348,A
2-PB1,2270,346,0,0,0,346,A
2-PB1,2271,347,0,0,0,347,A
2-PB1,2272,0,347,0,0,347,T
2-PB1,2273,335,0,0,0,335,A
2-PB1,2274,333,0,0,0,333,A
3-PA,1,18,0,0,0,18,A
3-PA,2,0,19,0,0,19,T
3-PA,3,0,0,19,0,19,G
3-PA,4,0,0,19,0,19,G
3-PA,5,20,0,0,0,20,A
3-PA,6,19,0,0,0,19,A
3-PA,7,0,0,19,0,19,G
3-PA,8,18,0,0,0,18,A
3-PA,9,0,20,0,0,20,T
3-PA,10,0,19,0,0,19,T
3-PA,11,0,21,0,0,21,T
3-PA,12,0,20,0,0,20,T
3-PA,13,0,0,21,0,21,G
3-PA,14,0,20,0,0,20,T
3-PA,15,0,0,21,0,21,G
3-PA,16,0,0,0,21,21,C
3-PA,17,0,0,21,0,21,G
3-PA,18,24,1,0,0,25,A
3-PA,19,0,0,0,25,25,C
3-PA,20,25,0,0,0,25,A
3-PA,21,26,0,0,0,26,A
3-PA,22,0,27,0,0,27,T
3-PA,23,0,0,28,0,28,G
3-PA,24,0,0,0,30,30,C
3-PA,25,0,31,0,0,31,T
3-PA,26,0,30,0,0,30,T
3-PA,27,0,0,0,30,30,C
3-PA,28,31,0,0,0,31,A
3-PA,29,30,0,0,0,30,A
3-PA,30,0,0,0,34,34,C
3-PA,31,0,0,0,34,34,C
3-PA,32,0,0,0,34,34,C
3-PA,33,0,0,34,0,34,G
3-PA,34,33,0,0,0,33,A
3-PA,35,0,33,0,0,33,T
3-PA,36,0,0,34,0,34,G
3-PA,37,33,0,0,0,33,A
3-PA,38,0,37,0,0,37,T
3-PA,39,0,37,0,0,37,T
3-PA,40,0,0,37,0,37,G
3-PA,41,0,36,0,0,36,T
3-PA,42,0,0,0,37,37,C
3-PA,43,0,0,37,0,37,G
3-PA,44,37,0,0,0,37,A
3-PA,45,37,0,0,0,37,A
3-PA,46,0,0,0,37,37,C
3-PA,47,0,37,0,0,37,T
3-PA,48,0,38,0,0,38,T
3-PA,49,0,0,38,0,38,G
3-PA,50,0,0,0,39,39,C
3-PA,51,39,0,0,0,39,A
3-PA,52,0,0,39,0,39,G
3-PA,53,39,0,0,0,39,A
3-PA,54,38,0,0,0,38,A
3-PA,55,39,0,0,0,39,A
3-PA,56,39,0,0,0,39,A
3-PA,57,39,0,0,0,39,A
3-PA,58,0,0,39,0,39,G
3-PA,59,0,0,0,39,39,C
3-PA,60,39,0,0,0,39,A
3-PA,61,41,0,0,0,41,A
3-PA,62,0,41,0,0,41,T
3-PA,63,0,0,41,0,41,G
3-PA,64,41,0,0,0,41,A
3-PA,65,41,0,0,0,41,A
3-PA,66,39,0,1,0,40,A
3-PA,67,0,0,44,0,44,G
3-PA,68,47,0,0,0,47,A
3-PA,69,0,0,55,0,55,G
3-PA,70,0,53,0,0,53,T
3-PA,71,55,0,0,0,55,A
3-PA,72,0,54,0,0,54,T
3-PA,73,0,0,55,0,55,G
3-PA,74,0,0,56,0,56,G
3-PA,75,0,0,56,0,56,G
3-PA,76,0,0,56,0,56,G
3-PA,77,56,0,0,0,56,A
3-PA,78,0,0,54,0,54,G
3-PA,79,0,0,55,0,55,G
3-PA,80,54,0,0,0,54,A
3-PA,81,0,56,0,0,56,T
3-PA,82,0,0,0,55,55,C
3-PA,83,0,56,0,0,56,T
3-PA,84,0,0,56,0,56,G
3-PA,85,56,0,0,0,56,A
3-PA,86,56,0,0,0,56,A
3-PA,87,57,0,0,0,57,A
3-PA,88,56,0,0,0,56,A
3-PA,89,0,56,0,0,56,T
3-PA,90,0,56,0,0,56,T
3-PA,91,0,0,55,0,55,G
3-PA,92,54,0,0,0,54,A
3-PA,93,54,0,0,0,54,A
3-PA,94,55,0,0,0,55,A
3-PA,95,0,0,0,54,54,C
3-PA,96,54,0,0,0,54,A
3-PA,97,54,0,0,0,54,A
3-PA,98,54,0,0,0,54,A
3-PA,99,0,0,0,55,55,C
3-PA,100,54,0,0,0,54,A
3-PA,101,54,0,0,0,54,A
3-PA,102,55,0,0,0,55,A
3-PA,103,0,55,0,0,55,T
3-PA,104,0,55,0,0,55,T
3-PA,105,0,55,0,0,55,T
3-PA,106,0,0,55,0,55,G
3-PA,107,0,0,0,55,55,C
3-PA,108,55,0,0,0,55,A
3-PA,109,0,0,54,0,54,G
3-PA,110,0,0,0,55,55,C
3-PA,111,57,0,0,0,57,A
3-PA,112,57,0,0,0,57,A
3-PA,113,0,57,0,0,57,T
3-PA,114,58,0,0,0,58,A
3-PA,115,0,59,0,0,59,T
3-PA,116,0,0,61,0,61,G
3-PA,117,0,0,0,61,61,C
3-PA,118,60,0,0,0,60,A
3-PA,119,0,0,0,62,62,C
3-PA,120,0,62,0,0,62,T
3-PA,121,0,0,0,76,76,C
3-PA,122,80,0,0,0,80,A
3-PA,123,0,0,0,82,82,C
3-PA,124,0,82,0,0,82,T
3-PA,125,0,82,0,0,82,T
3-PA,126,0,0,80,0,80,G
3-PA,127,0,0,83,0,83,G
3-PA,128,84,0,0,0,84,A
3-PA,129,0,0,85,0,85,G
3-PA,130,0,0,84,0,84,G
3-PA,131,0,79,0,0,79,T
3-PA,132,0,0,84,0,84,G
3-PA,133,0,84,0,0,84,T
3-PA,134,0,0,87,0,87,G
3-PA,135,0,87,0,0,87,T
3-PA,136,0,86,0,0,86,T
3-PA,137,0,87,0,0,87,T
3-PA,138,0,0,0,89,89,C
3-PA,139,88,0,0,0,88,A
3-PA,140,0,88,0,0,88,T
3-PA,141,0,0,89,0,89,G
3-PA,142,0,89,0,0,89,T
3-PA,143,89,0,0,0,89,A
3-PA,144,0,89,0,0,89,T
3-PA,145,0,90,0,0,90,T
3-PA,146,0,0,0,89,89,C
3-PA,147,89,0,0,0,89,A
3-PA,148,0,0,91,0,91,G
3-PA,149,91,0,0,0,91,A
3-PA,150,0,91,0,0,91,T
3-PA,151,0,91,0,0,91,T
3-PA,152,0,91,0,0,91,T
3-PA,153,0,0,0,91,91,C
3-PA,154,0,0,0,91,91,C
3-PA,155,91,0,0,0,91,A
3-PA,156,0,92,0,0,92,T
3-PA,157,0,92,0,0,92,T
3-PA,158,0,93,0,0,93,T
3-PA,159,0,0,0,93,93,C
3-PA,160,93,0,0,0,93,A
3-PA,161,0,97,0,0,97,T
3-PA,162,0,0,0,95,95,C
3-PA,163,97,0,0,0,97,A
3-PA,164,97,0,0,0,97,A
3-PA,165,0,96,0,0,96,T
3-PA,166,0,0,100,0,100,G
3-PA,167,101,0,0,0,101,A
3-PA,168,101,0,0,0,101,A
3-PA,169,0,0,0,100,100,C
3-PA,170,101,0,0,0,101,A
3-PA,171,101,0,0,0,101,A
3-PA,172,0,0,99,0,99,G
3-PA,173,0,0,97,0,97,G
3-PA,174,0,0,0,98,98,C
3-PA,175,0,0,96,0,96,G
3-PA,176,102,0,0,0,102,A
3-PA,177,103,0,0,0,103,A
3-PA,178,0,103,0,0,103,T
3-PA,179,0,0,0,103,103,C
3-PA,180,103,0,0,0,103,A
3-PA,181,103,0,0,0,103,A
3-PA,182,0,104,0,0,104,T
3-PA,183,104,0,0,0,104,A
3-PA,184,0,0,105,0,105,G
3-PA,185,0,105,0,0,105,T
3-PA,186,0,0,106,0,106,G
3-PA,187,0,0,105,0,105,G
3-PA,188,0,107,0,0,107,T
3-PA,189,106,0,0,0,106,A
3-PA,190,0,0,105,0,105,G
3-PA,191,106,0,0,0,106,A
3-PA,192,105,0,0,0,105,A
3-PA,193,0,0,0,103,103,C
3-PA,194,0,101,0,2,103,T
3-PA,195,0,104,0,0,104,T
3-PA,196,0,0,104,0,104,G
3-PA,197,104,0,0,0,104,A
3-PA,198,0,1,0,102,103,C
3-PA,199,0,0,104,0,104,G
3-PA,200,106,0,0,0,106,A
3-PA,201,0,111,0,0,111,T
3-PA,202,0,0,0,115,115,C
3-PA,203,0,0,0,115,115,C
3-PA,204,118,0,0,0,118,A
3-PA,205,117,0,0,0,117,A
3-PA,206,117,0,1,0,118,A
3-PA,207,0,117,0,0,117,T
3-PA,208,0,0,119,0,119,G
3-PA,209,0,0,0,117,117,C
3-PA,210,116,0,0,0,116,A
3-PA,211,0,0,0,121,121,C
3-PA,212,0,122,0,0,122,T
3-PA,213,0,0,142,0,142,G
3-PA,214,0,142,0,0,142,T
3-PA,215,0,142,0,0,142,T
3-PA,216,141,0,0,0,141,A
3-PA,217,142,0,0,0,142,A
3-PA,218,143,0,0,0,143,A
3-PA,219,0,0,141,0,141,G
3-PA,220,0,0,0,141,141,C
3-PA,221,135,0,0,0,135,A
3-PA,222,0,0,0,135,135,C
3-PA,223,128,0,0,0,128,A
3-PA,224,0,0,133,0,133,G
3-PA,225,132,0,0,0,132,A
3-PA,226,0,132,0,0,132,T
3-PA,227,0,132,0,0,132,T
3-PA,228,0,133,0,0,133,T
3-PA,229,0,0,132,0,132,G
3-PA,230,129,0,1,0,130,A
3-PA,231,132,0,0,0,132,A
3-PA,232,133,0,0,0,133,A
3-PA,233,0,130,0,0,130,T
3-PA,234,131,0,0,0,131,A
3-PA,235,133,0,0,0,133,A
3-PA,236,0,130,0,0,130,T
3-PA,237,0,0,0,132,132,C
3-PA,238,0,0,130,0,130,G
3-PA,239,130,0,0,0,130,A
3-PA,240,0,0,131,0,131,G
3-PA,241,0,0,133,0,133,G
3-PA,242,0,0,132,0,132,G
3-PA,243,0,0,134,0,134,G
3-PA,244,131,0,0,0,131,A
3-PA,245,0,0,135,0,135,G
3-PA,246,135,0,0,0,135,A
3-PA,247,0,0,136,0,136,G
3-PA,248,136,0,0,0,136,A
3-PA,249,0,0,0,137,137,C
3-PA,250,135,0,0,0,135,A
3-PA,251,0,0,138,0,138,G
3-PA,252,137,0,0,0,137,A
3-PA,253,138,0,0,0,138,A
3-PA,254,0,0,0,137,137,C
3-PA,255,128,0,0,0,128,A
3-PA,256,129,0,0,0,129,A
3-PA,257,0,127,0,0,127,T
3-PA,258,0,0,132,0,132,G
3-PA,259,0,0,131,0,131,G
3-PA,260,0,0,0,134,134,C
3-PA,261,0,0,0,132,132,C
3-PA,262,0,132,0,0,132,T
3-PA,263,0,0,134,0,134,G
3-PA,264,0,0,135,0,135,G
3-PA,265,133,0,0,0,133,A
3-PA,266,0,0,0,135,135,C
3-PA,267,129,0,0,0,129,A
3-PA,268,0,0,140,0,140,G
3-PA,269,0,139,0,0,139,T
3-PA,270,142,0,1,0,143,A
3-PA,271,1,0,143,0,144,G
3-PA,272,0,141,0,0,141,T
3-PA,273,144,0,0,0,144,A
3-PA,274,142,0,0,0,142,A
3-PA,275,142,0,0,0,142,A
3-PA,276,0,0,0,145,145,C
3-PA,277,136,0,0,0,136,A
3-PA,278,0,0,142,0,142,G
3-PA,279,0,138,0,0,138,T
3-PA,280,141,0,0,0,141,A
3-PA,281,0,141,0,0,141,T
3-PA,282,0,0,0,142,142,C
3-PA,283,0,143,0,0,143,T
3-PA,284,0,0,141,0,141,G
3-PA,285,0,0,0,139,139,C
3-PA,286,137,0,1,0,138,A
3-PA,287,139,0,0,0,139,A
3-PA,288,0,0,0,141,141,C
3-PA,289,136,0,0,0,136,A
3-PA,290,0,0,0,138,138,C
3-PA,291,0,140,0,0,140,T
3-PA,292,142,0,0,0,142,A
3-PA,293,0,0,0,141,141,C
3-PA,294,0,142,0,0,142,T
3-PA,295,0,0,143,0,143,G
3-PA,296,0,0,143,0,143,G
3-PA,297,143,0,0,0,143,A
3-PA,298,0,0,144,0,144,G
3-PA,299,0,0,0,140,140,C
3-PA,300,0,140,0,0,140,T
3-PA,301,0,0,139,0,139,G
3-PA,302,0,0,137,0,137,G
3-PA,303,39,0,98,0,137,G
3-PA,304,137,0,0,0,137,A
3-PA,305,138,0,0,0,138,A
3-PA,306,140,0,0,0,140,A
3-PA,307,0,0,0,138,138,C
3-PA,308,0,0,0,138,138,C
3-PA,309,0,0,138,0,138,G
3-PA,310,137,0,0,0,137,A
3-PA,311,138,0,0,0,138,A
3-PA,312,0,0,141,0,141,G
3-PA,313,0,137,0,0,137,T
3-PA,314,0,143,0,0,143,T
3-PA,315,0,143,0,0,143,T
3-PA,316,0,0,0,139,139,C
3-PA,317,0,141,0,0,141,T
3-PA,318,143,0,0,0,143,A
3-PA,319,0,0,0,142,142,C
3-PA,320,0,0,0,144,144,C
3-PA,321,142,0,0,0,142,A
3-PA,322,0,0,146,0,146,G
3-PA,323,145,0,0,0,145,A
3-PA,324,0,106,0,39,145,T
3-PA,325,0,144,0,0,144,T
3-PA,326,0,144,0,0,144,T
3-PA,327,0,0,149,0,149,G
3-PA,328,0,144,0,2,146,T
3-PA,329,148,0,0,0,148,A
3-PA,330,0,148,0,0,148,T
3-PA,331,0,0,144,0,144,G
3-PA,332,147,0,0,0,147,A
3-PA,333,0,147,0,0,147,T
3-PA,334,0,148,0,0,148,T
3-PA,335,149,0,0,0,149,A
3-PA,336,0,0,0,147,147,C
3-PA,337,147,0,0,0,147,A
3-PA,338,147,0,0,0,147,A
3-PA,339,0,0,148,0,148,G
3-PA,340,0,0,148,0,148,G
3-PA,341,144,0,0,0,144,A
3-PA,342,0,0,146,0,146,G
3-PA,343,147,0,0,0,147,A
3-PA,344,147,0,0,0,147,A
3-PA,345,0,0,0,146,146,C
3-PA,346,145,0,0,0,145,A
3-PA,347,0,0,144,0,144,G
3-PA,348,144,0,0,0,144,A
3-PA,349,0,141,0,0,141,T
3-PA,350,0,144,0,0,144,T
3-PA,351,0,0,0,139,139,C
3-PA,352,136,0,1,0,137,A
3-PA,353,0,135,0,0,135,T
3-PA,354,0,0,0,138,138,C
3-PA,355,0,0,140,0,140,G
3-PA,356,139,0,0,0,139,A
3-PA,357,138,0,0,0,138,A
3-PA,358,138,0,0,0,138,A
3-PA,359,0,137,0,0,137,T
3-PA,360,0,135,0,0,135,T
3-PA,361,0,0,137,0,137,G
3-PA,362,0,0,137,0,137,G
3-PA,363,0,0,135,0,135,G
3-PA,364,0,0,134,0,134,G
3-PA,365,0,131,0,0,131,T
3-PA,366,0,0,138,0,138,G
3-PA,367,139,0,0,0,139,A
3-PA,368,0,0,0,139,139,C
3-PA,369,136,0,0,0,136,A
3-PA,370,138,0,0,0,138,A
3-PA,371,0,0,140,0,140,G
3-PA,372,0,0,138,0,138,G
3-PA,373,140,0,0,0,140,A
3-PA,374,1,0,141,0,142,G
3-PA,375,141,0,0,0,141,A
3-PA,376,0,0,142,0,142,G
3-PA,377,140,0,0,0,140,A
3-PA,378,142,0,0,0,142,A
3-PA,379,0,0,145,0,145,G
3-PA,380,0,142,0,0,142,T
3-PA,381,0,0,0,146,146,C
3-PA,382,0,0,0,145,145,C
3-PA,383,144,0,1,0,145,A
3-PA,384,0,0,0,149,149,C
3-PA,385,156,0,0,0,156,A
3-PA,386,0,160,0,0,160,T
3-PA,387,159,0,0,0,159,A
3-PA,388,0,150,0,0,150,T
3-PA,389,150,0,0,0,150,A
3-PA,390,0,150,0,0,150,T
3-PA,391,0,148,0,0,148,T
3-PA,392,153,0,0,0,153,A
3-PA,393,0,0,0,153,153,C
3-PA,394,0,0,0,145,145,C
3-PA,395,0,149,0,1,150,T
3-PA,396,0,141,0,1,142,T
3-PA,397,0,0,144,0,144,G
3-PA,398,140,0,0,0,140,A
3-PA,399,44,0,96,0,140,G
3-PA,400,139,0,0,0,139,A
3-PA,401,135,0,0,0,135,A
3-PA,402,0,0,138,0,138,G
3-PA,403,0,1,137,0,138,G
3-PA,404,0,0,0,138,138,C
3-PA,405,0,0,0,140,140,C
3-PA,406,142,0,0,0,142,A
3-PA,407,140,0,0,0,140,A
3-PA,408,0,140,0,0,140,T
3-PA,409,142,0,0,0,142,A
3-PA,410,140,0,0,0,140,A
3-PA,411,0,0,142,0,142,G
3-PA,412,140,0,0,0,140,A
3-PA,413,0,142,0,0,142,T
3-PA,414,0,141,0,0,141,T
3-PA,415,141,0,0,0,141,A
3-PA,416,142,0,0,0,142,A
3-PA,417,141,0,0,0,141,A
3-PA,418,0,142,0,0,142,T
3-PA,419,0,0,0,143,143,C
3-PA,420,0,139,0,0,139,T
3-PA,421,0,1,135,0,136,G
3-PA,422,139,0,0,0,139,A
3-PA,423,0,0,136,0,136,G
3-PA,424,140,0,0,0,140,A
3-PA,425,140,0,0,0,140,A
3-PA,426,0,0,0,139,139,C
3-PA,427,136,0,0,0,136,A
3-PA,428,0,0,0,139,139,C
3-PA,429,139,0,0,0,139,A
3-PA,430,0,0,0,138,138,C
3-PA,431,136,0,0,0,136,A
3-PA,432,0,0,0,144,144,C
3-PA,433,140,0,0,0,140,A
3-PA,434,0,138,0,0,138,T
3-PA,435,0,138,0,0,138,T
3-PA,436,0,0,0,140,140,C
3-PA,437,138,0,0,0,138,A
3-PA,438,0,0,0,138,138,C
3-PA,439,138,0,0,0,138,A
3-PA,440,0,139,0,0,139,T
3-PA,441,0,137,0,0,137,T
3-PA,442,0,140,0,0,140,T
3-PA,443,0,140,0,0,140,T
3-PA,444,0,0,0,140,140,C
3-PA,445,0,140,0,0,140,T
3-PA,446,0,0,0,141,141,C
3-PA,447,141,0,0,0,141,A
3-PA,448,0,138,0,0,138,T
3-PA,449,0,140,0,0,140,T
3-PA,450,0,0,0,138,138,C
3-PA,451,137,0,0,0,137,A
3-PA,452,0,0,0,141,141,C
3-PA,453,0,138,0,0,138,T
3-PA,454,0,0,139,0,139,G
3-PA,455,0,0,138,0,138,G
3-PA,456,90,0,42,0,132,A
3-PA,457,0,0,140,0,140,G
3-PA,458,140,0,0,0,140,A
3-PA,459,0,0,138,0,138,G
3-PA,460,0,0,139,0,139,G
3-PA,461,138,0,0,0,138,A
3-PA,462,138,0,0,0,138,A
3-PA,463,135,0,0,0,135,A
3-PA,464,0,135,0,0,135,T
3-PA,465,0,0,133,0,133,G
3-PA,466,0,0,133,0,133,G
3-PA,467,0,0,0,132,132,C
3-PA,468,0,0,0,135,135,C
3-PA,469,134,0,0,0,134,A
3-PA,470,0,0,0,136,136,C
3-PA,471,138,0,0,0,138,A
3-PA,472,136,0,0,0,136,A
3-PA,473,134,0,0,0,134,A
3-PA,474,0,0,134,0,134,G
3-PA,475,0,0,134,0,134,G
3-PA,476,0,0,0,137,137,C
3-PA,477,138,0,0,0,138,A
3-PA,478,0,0,142,0,142,G
3-PA,479,141,0,0,0,141,A
3-PA,480,0,0,0,146,146,C
3-PA,481,0,144,0,0,144,T
3-PA,482,146,0,0,0,146,A
3-PA,483,0,0,0,145,145,C
3-PA,484,141,0,0,0,141,A
3-PA,485,0,0,0,146,146,C
3-PA,486,0,140,0,0,140,T
3-PA,487,0,0,0,146,146,C
3-PA,488,0,140,0,0,140,T
3-PA,489,0,0,0,139,139,C
3-PA,490,0,0,137,0,137,G
3-PA,491,135,0,0,0,135,A
3-PA,492,0,0,0,137,137,C
3-PA,493,0,0,137,0,137,G
3-PA,494,135,0,0,0,135,A
3-PA,495,0,0,136,0,136,G
3-PA,496,0,0,133,0,133,G
3-PA,497,134,0,0,0,134,A
3-PA,498,132,0,0,0,132,A
3-PA,499,135,0,0,0,135,A
3-PA,500,0,0,133,0,133,G
3-PA,501,0,0,0,134,134,C
3-PA,502,133,0,0,0,133,A
3-PA,503,0,0,133,0,133,G
3-PA,504,0,0,137,0,137,G
3-PA,505,0,0,137,0,137,G
3-PA,506,0,0,0,136,136,C
3-PA,507,0,133,0,0,133,T
3-PA,508,134,0,0,0,134,A
3-PA,509,0,0,135,0,135,G
3-PA,510,0,1,141,0,142,G
3-PA,511,144,0,0,0,144,A
3-PA,512,0,140,0,0,140,T
3-PA,513,0,141,0,0,141,T
3-PA,514,140,0,0,0,140,A
3-PA,515,143,0,0,0,143,A
3-PA,516,0,0,141,0,141,G
3-PA,517,144,0,0,0,144,A
3-PA,518,0,0,0,145,145,C
3-PA,519,0,0,0,140,140,C
3-PA,520,133,0,0,0,133,A
3-PA,521,0,0,133,0,133,G
3-PA,522,0,0,134,0,134,G
3-PA,523,0,0,0,135,135,C
3-PA,524,0,130,0,0,130,T
3-PA,525,0,0,133,0,133,G
3-PA,526,0,132,0,0,132,T
3-PA,527,0,133,0,0,133,T
3-PA,528,0,134,0,0,134,T
3-PA,529,133,0,0,0,133,A
3-PA,530,0,0,0,134,134,C
3-PA,531,0,0,0,131,131,C
3-PA,532,130,0,0,0,130,A
3-PA,533,0,129,0,0,129,T
3-PA,534,123,0,0,0,123,A
3-PA,535,123,0,0,0,123,A
3-PA,536,0,0,125,0,125,G
3-PA,537,125,0,0,0,125,A
3-PA,538,0,0,0,125,125,C
3-PA,539,124,0,0,0,124,A
3-PA,540,122,0,0,0,122,A
3-PA,541,0,0,124,0,124,G
3-PA,542,123,0,0,0,123,A
3-PA,543,123,0,0,0,123,A
3-PA,544,122,0,0,0,122,A
3-PA,545,0,117,0,0,117,T
3-PA,546,0,0,119,0,119,G
3-PA,547,0,0,117,0,117,G
3-PA,548,0,0,0,114,114,C
3-PA,549,0,0,0,120,120,C
3-PA,550,117,0,0,0,117,A
3-PA,551,123,0,0,0,123,A
3-PA,552,0,0,0,124,124,C
3-PA,553,121,0,0,0,121,A
3-PA,554,0,0,124,0,124,G
3-PA,555,121,0,0,0,121,A
3-PA,556,0,0,126,0,126,G
3-PA,557,0,0,125,0,125,G
3-PA,558,0,0,0,125,125,C
3-PA,559,0,0,0,126,126,C
3-PA,560,0,124,0,0,124,T
3-PA,561,93,0,1,29,123,A
3-PA,562,0,130,0,0,130,T
3-PA,563,0,0,131,0,131,G
3-PA,564,0,0,128,0,128,G
3-PA,565,0,0,124,0,124,G
3-PA,566,126,0,0,0,126,A
3-PA,567,0,123,0,0,123,T
3-PA,568,0,122,0,0,122,T
3-PA,569,0,0,0,201,201,C
3-PA,570,0,0,0,206,206,C
3-PA,571,0,218,0,0,218,T
3-PA,572,0,215,0,0,215,T
3-PA,573,0,215,0,0,215,T
3-PA,574,1,0,0,225,226,C
3-PA,575,0,0,224,0,224,G
3-PA,576,0,227,0,0,227,T
3-PA,577,0,0,0,226,226,C
3-PA,578,221,0,0,0,221,A
3-PA,579,0,0,336,0,336,G
3-PA,580,0,342,0,1,343,T
3-PA,581,0,0,0,341,341,C
3-PA,582,0,0,0,348,348,C
3-PA,583,0,0,356,0,356,G
3-PA,584,352,0,0,0,352,A
3-PA,585,353,0,0,0,353,A
3-PA,586,357,0,0,0,357,A
3-PA,587,0,0,362,0,362,G
3-PA,588,352,0,0,0,352,A
3-PA,589,0,0,361,0,361,G
3-PA,590,0,0,358,0,358,G
3-PA,591,0,0,0,360,360,C
3-PA,592,0,0,367,0,367,G
3-PA,593,365,0,0,0,365,A
3-PA,594,365,0,0,0,365,A
3-PA,595,0,1,370,0,371,G
3-PA,596,374,0,0,0,374,A
3-PA,597,378,0,0,0,378,A
3-PA,598,376,0,1,0,377,A
3-PA,599,0,0,0,384,384,C
3-PA,600,385,0,0,0,385,A
3-PA,601,385,0,0,0,385,A
3-PA,602,0,387,0,0,387,T
3-PA,603,0,390,0,0,390,T
3-PA,604,0,0,388,0,388,G
3-PA,605,386,0,0,0,386,A
3-PA,606,388,0,0,0,388,A
3-PA,607,0,0,390,0,390,G
3-PA,608,389,0,0,0,389,A
3-PA,609,392,0,0,0,392,A
3-PA,610,393,0,0,0,393,A
3-PA,611,393,0,0,0,393,A
3-PA,612,392,0,0,0,392,A
3-PA,613,0,396,0,0,396,T
3-PA,614,0,398,0,0,398,T
3-PA,615,0,395,0,0,395,T
3-PA,616,0,0,395,0,395,G
3-PA,617,393,0,0,0,393,A
3-PA,618,395,0,0,0,395,A
3-PA,619,394,0,0,0,394,A
3-PA,620,0,400,0,0,400,T
3-PA,621,0,0,0,487,487,C
3-PA,622,488,0,0,0,488,A
3-PA,623,0,0,0,505,505,C
3-PA,624,502,0,2,0,504,A
3-PA,625,0,0,522,0,522,G
3-PA,626,0,0,545,0,545,G
3-PA,627,561,1,1,0,563,A
3-PA,628,572,0,0,0,572,A
3-PA,629,0,0,0,589,589,C
3-PA,630,0,584,0,0,584,T
3-PA,631,666,0,0,0,666,A
3-PA,632,0,692,0,0,692,T
3-PA,633,0,0,733,0,733,G
3-PA,634,0,0,0,730,730,C
3-PA,635,0,0,724,0,724,G
3-PA,636,0,710,0,0,710,T
3-PA,637,716,0,0,0,716,A
3-PA,638,0,0,729,0,729,G
3-PA,639,0,0,719,0,719,G
3-PA,640,0,0,0,719,719,C
3-PA,641,0,717,0,0,717,T
3-PA,642,0,715,0,0,715,T
3-PA,643,0,0,709,0,709,G
3-PA,644,0,0,0,716,716,C
3-PA,645,0,0,0,719,719,C
3-PA,646,0,1,718,0,719,G
3-PA,647,722,0,0,0,722,A
3-PA,648,0,0,0,723,723,C
3-PA,649,0,0,0,733,733,C
3-PA,650,735,0,1,0,736,A
3-PA,651,739,0,0,0,739,A
3-PA,652,740,0,2,0,742,A
3-PA,653,0,0,744,0,744,G
3-PA,654,0,748,0,0,748,T
3-PA,655,0,0,0,754,754,C
3-PA,656,0,756,0,0,756,T
3-PA,657,0,0,0,756,756,C
3-PA,658,0,0,0,761,761,C
3-PA,659,0,0,0,776,776,C
3-PA,660,770,0,1,0,771,A
3-PA,661,0,1,0,768,769,C
3-PA,662,0,0,0,766,766,C
3-PA,663,0,0,771,0,771,G
3-PA,664,795,0,0,0,795,A
3-PA,665,795,0,0,0,795,A
3-PA,666,0,0,0,805,805,C
3-PA,667,0,801,0,0,801,T
3-PA,668,0,831,0,0,831,T
3-PA,669,0,1,0,850,851,C
3-PA,670,0,847,0,0,847,T
3-PA,671,0,0,0,844,844,C
3-PA,672,0,0,0,849,849,C
3-PA,673,0,845,0,0,845,T
3-PA,674,1,0,859,0,860,G
3-PA,675,0,0,0,857,857,C
3-PA,676,0,0,0,875,875,C
3-PA,677,0,864,0,0,864,T
3-PA,678,0,865,0,0,865,T
3-PA,679,0,0,867,0,867,G
3-PA,680,863,1,0,0,864,A
3-PA,681,0,0,883,0,883,G
3-PA,682,873,0,4,0,877,A
3-PA,683,887,0,0,0,887,A
3-PA,684,0,912,0,0,912,T
3-PA,685,0,919,0,0,919,T
3-PA,686,0,919,0,0,919,T
3-PA,687,0,921,0,0,921,T
3-PA,688,914,0,0,0,914,A
3-PA,689,0,0,910,0,910,G
3-PA,690,904,0,0,0,904,A
3-PA,691,0,0,966,0,966,G
3-PA,692,0,2,0,968,970,C
3-PA,693,0,0,0,988,988,C
3-PA,694,0,1026,0,1,1027,T
3-PA,695,1080,1,1,0,1082,A
3-PA,696,1,1087,0,0,1088,T
3-PA,697,1,0,1102,0,1103,G
3-PA,698,0,1095,0,0,1095,T
3-PA,699,0,2,1106,0,1108,G
3-PA,700,0,0,1100,0,1100,G
3-PA,701,1096,0,0,0,1096,A
3-PA,702,0,1086,0,0,1086,T
3-PA,703,0,0,1085,0,1085,G
3-PA,704,0,0,1117,0,1117,G
3-PA,705,1116,0,0,0,1116,A
3-PA,706,0,1123,1,0,1124,T
3-PA,707,0,1120,0,0,1120,T
3-PA,708,0,0,0,1119,1119,C
3-PA,709,0,0,1131,0,1131,G
3-PA,710,1134,0,1,0,1135,A
3-PA,711,1131,0,1,0,1132,A
3-PA,712,0,0,0,1141,1141,C
3-PA,713,0,4,0,1104,1108,C
3-PA,714,0,0,1122,0,1122,G
3-PA,715,1109,0,4,0,1113,A
3-PA,716,1094,0,24,0,1118,A
3-PA,717,0,0,0,1139,1139,C
3-PA,718,0,0,1140,1,1141,G
3-PA,719,0,0,1178,0,1178,G
3-PA,720,0,1,0,1186,1187,C
3-PA,721,0,1178,0,2,1180,T
3-PA,722,0,0,1227,0,1227,G
3-PA,723,0,0,0,1239,1239,C
3-PA,724,1248,0,0,0,1248,A
3-PA,725,0,1254,0,0,1254,T
3-PA,726,0,1245,0,0,1245,T
3-PA,727,0,1,1238,0,1239,G
3-PA,728,1206,0,2,0,1208,A
3-PA,729,0,0,1230,0,1230,G
3-PA,730,0,2,1227,0,1229,G
3-PA,731,0,0,1225,0,1225,G
3-PA,732,0,0,0,1228,1228,C
3-PA,733,1217,0,0,0,1217,A
3-PA,734,1218,0,1,0,1219,A
3-PA,735,0,0,1223,0,1223,G
3-PA,736,0,0,0,1221,1221,C
3-PA,737,0,1229,0,0,1229,T
3-PA,738,0,1232,0,0,1232,T
3-PA,739,0,1246,0,0,1246,T
3-PA,740,0,0,0,1247,1247,C
3-PA,741,0,1241,0,0,1241,T
3-PA,742,0,0,0,1250,1250,C
3-PA,743,1248,0,0,0,1248,A
3-PA,744,1246,0,0,0,1246,A
3-PA,745,1244,0,1,0,1245,A
3-PA,746,0,1247,0,0,1247,T
3-PA,747,0,0,1302,0,1302,G
3-PA,748,0,1292,0,0,1292,T
3-PA,749,1,0,0,1308,1309,C
3-PA,750,1,0,0,1313,1314,C
3-PA,751,1319,0,0,0,1319,A
3-PA,752,1317,0,0,0,1317,A
3-PA,753,1314,0,0,0,1314,A
3-PA,754,1,0,1335,0,1336,G
3-PA,755,1333,0,0,0,1333,A
3-PA,756,1305,0,0,0,1305,A
3-PA,757,1,0,1311,0,1312,G
3-PA,758,0,1312,0,0,1312,T
3-PA,759,0,0,1310,0,1310,G
3-PA,760,1300,0,2,0,1302,A
3-PA,761,1302,0,1,0,1303,A
3-PA,762,0,1302,0,1,1303,T
3-PA,763,0,0,1302,0,1302,G
3-PA,764,2,1,0,1306,1309,C
3-PA,765,0,0,0,1310,1310,C
3-PA,766,0,0,0,1312,1312,C
3-PA,767,1316,1,0,0,1317,A
3-PA,768,1335,0,0,0,1335,A
3-PA,769,1342,0,0,0,1342,A
3-PA,770,0,1345,0,0,1345,T
3-PA,771,0,1335,0,0,1335,T
3-PA,772,0,1,1336,0,1337,G
3-PA,773,1325,0,0,0,1325,A
3-PA,774,1320,0,1,0,1321,A
3-PA,775,0,0,0,1332,1332,C
3-PA,776,0,0,0,1335,1335,C
3-PA,777,0,1321,0,1,1322,T
3-PA,778,0,1366,0,0,1366,T
3-PA,779,0,1369,0,0,1369,T
3-PA,780,0,1427,0,0,1427,T
3-PA,781,0,0,0,1428,1428,C
3-PA,782,0,1415,0,7,1422,T
3-PA,783,0,0,1424,0,1424,G
3-PA,784,1420,0,0,0,1420,A
3-PA,785,1442,0,1,1,1444,A
3-PA,786,1,0,1447,0,1448,G
3-PA,787,1422,1,1,0,1424,A
3-PA,788,0,0,0,1432,1432,C
3-PA,789,1405,0,0,0,1405,A
3-PA,790,1416,0,0,0,1416,A
3-PA,791,0,0,0,1596,1596,C
3-PA,792,1608,0,2,0,1610,A
3-PA,793,0,0,0,1613,1613,C
3-PA,794,1,0,0,1604,1605,C
3-PA,795,1604,0,0,0,1604,A
3-PA,796,1595,1,1,0,1597,A
3-PA,797,0,1,1606,0,1607,G
3-PA,798,1596,0,3,0,1599,A
3-PA,799,0,0,0,1601,1601,C
3-PA,800,1,0,0,1471,1472,C
3-PA,801,1475,0,1,0,1476,A
3-PA,802,1476,0,0,0,1476,A
3-PA,803,0,1473,0,1,1474,T
3-PA,804,0,0,0,1474,1474,C
3-PA,805,1481,0,0,0,1481,A
3-PA,806,1471,0,1,0,1472,A
3-PA,807,1471,0,1,0,1472,A
3-PA,808,0,0,0,1494,1494,C
3-PA,809,0,1470,0,0,1470,T
3-PA,810,0,1492,0,0,1492,T
3-PA,811,0,0,0,1501,1501,C
3-PA,812,1,0,0,1501,1502,C
3-PA,813,0,0,1520,0,1520,G
3-PA,814,1517,0,0,0,1517,A
3-PA,815,1526,0,0,0,1526,A
3-PA,816,0,1524,0,0,1524,T
3-PA,817,1,0,1505,0,1506,G
3-PA,818,0,1,1511,0,1512,G
3-PA,819,1511,0,1,0,1512,A
3-PA,820,0,0,0,1535,1535,C
3-PA,821,0,0,0,1522,1522,C
3-PA,822,0,1595,0,0,1595,T
3-PA,823,0,0,0,1644,1644,C
3-PA,824,0,0,0,1659,1659,C
3-PA,825,0,1652,0,0,1652,T
3-PA,826,0,1665,0,0,1665,T
3-PA,827,2,0,1736,0,1738,G
3-PA,828,0,1731,0,1,1732,T
3-PA,829,0,1724,0,2,1726,T
3-PA,830,1720,1,1,0,1722,A
3-PA,831,0,1671,0,0,1671,T
3-PA,832,0,0,0,1665,1665,C
3-PA,833,1635,0,1,0,1636,A
3-PA,834,0,0,1632,0,1632,G
3-PA,835,0,0,0,1626,1626,C
3-PA,836,0,0,1582,0,1582,G
3-PA,837,1,0,1633,1,1635,G
3-PA,838,0,1624,1,0,1625,T
3-PA,839,0,1,0,1638,1639,C
3-PA,840,0,0,0,1648,1648,C
3-PA,841,1652,0,0,0,1652,A
3-PA,842,1655,0,0,0,1655,A
3-PA,843,1662,0,0,0,1662,A
3-PA,844,0,1655,0,0,1655,T
3-PA,845,0,1657,0,0,1657,T
3-PA,846,0,0,0,1650,1650,C
3-PA,847,0,0,0,1657,1657,C
3-PA,848,0,1643,0,2,1645,T
3-PA,849,0,0,0,1663,1663,C
3-PA,850,1,0,0,1664,1665,C
3-PA,851,0,1666,0,2,1668,T
3-PA,852,0,0,1680,0,1680,G
3-PA,853,1667,0,0,0,1667,A
3-PA,854,0,1676,0,1,1677,T
3-PA,855,0,2,1664,0,1666,G
3-PA,856,0,0,1646,0,1646,G
3-PA,857,1634,0,1,0,1635,A
3-PA,858,0,1632,0,0,1632,T
3-PA,859,0,0,1638,0,1638,G
3-PA,860,0,0,0,1714,1714,C
3-PA,861,0,1705,0,0,1705,T
3-PA,862,0,1713,0,2,1715,T
3-PA,863,1,1713,0,0,1714,T
3-PA,864,1715,0,0,0,1715,A
3-PA,865,1720,1,0,1,1722,A
3-PA,866,1715,0,0,0,1715,A
3-PA,867,1716,0,0,0,1716,A
3-PA,868,0,1723,0,0,1723,T
3-PA,869,0,1631,0,0,1631,T
3-PA,870,0,0,1630,0,1630,G
3-PA,871,1631,0,0,0,1631,A
3-PA,872,0,0,1644,0,1644,G
3-PA,873,0,0,0,1643,1643,C
3-PA,874,1651,0,1,0,1652,A
3-PA,875,1,1686,0,0,1687,T
3-PA,876,0,1686,0,0,1686,T
3-PA,877,0,0,1681,0,1681,G
3-PA,878,1691,0,2,0,1693,A
3-PA,879,1675,0,8,0,1683,A
3-PA,880,0,0,1684,0,1684,G
3-PA,881,1673,0,2,0,1675,A
3-PA,882,0,1,0,1677,1678,C
3-PA,883,0,0,0,1674,1674,C
3-PA,884,0,0,0,1668,1668,C
3-PA,885,1655,0,2,0,1657,A
3-PA,886,1672,0,1,0,1673,A
3-PA,887,0,0,1683,0,1683,G
3-PA,888,1,1684,0,1,1686,T
3-PA,889,0,0,0,1691,1691,C
3-PA,890,1690,0,0,0,1690,A
3-PA,891,0,1,0,1676,1677,C
3-PA,892,0,0,1688,0,1688,G
3-PA,893,1691,1,1,0,1693,A
3-PA,894,1702,0,2,0,1704,A
3-PA,895,0,0,1777,0,1777,G
3-PA,896,0,0,1771,0,1771,G
3-PA,897,1743,0,3,0,1746,A
3-PA,898,0,0,1784,0,1784,G
3-PA,899,1781,0,0,0,1781,A
3-PA,900,1782,0,3,0,1785,A
3-PA,901,0,1,1778,0,1779,G
3-PA,902,1,0,1753,0,1754,G
3-PA,903,0,0,1764,0,1764,G
3-PA,904,1730,1,0,0,1731,A
3-PA,905,0,1725,0,3,1728,T
3-PA,906,0,0,0,1739,1739,C
3-PA,907,1,0,0,1871,1872,C
3-PA,908,1,0,0,1914,1915,C
3-PA,909,1948,0,0,0,1948,A
3-PA,910,0,1943,0,1,1944,T
3-PA,911,0,1969,0,0,1969,T
3-PA,912,2023,0,0,0,2023,A
3-PA,913,0,2015,0,0,2015,T
3-PA,914,2013,0,0,0,2013,A
3-PA,915,0,2005,0,0,2005,T
3-PA,916,0,0,1847,0,1847,G
3-PA,917,1847,0,1,0,1848,A
3-PA,918,0,1818,0,0,1818,T
3-PA,919,0,0,1829,0,1829,G
3-PA,920,0,1,48,1764,1813,C
3-PA,921,0,0,1814,0,1814,G
3-PA,922,1817,0,3,0,1820,A
3-PA,923,1,1819,0,1,1821,T
3-PA,924,1,0,0,1838,1839,C
3-PA,925,1827,0,1,0,1828,A
3-PA,926,1820,0,1,0,1821,A
3-PA,927,0,0,1836,0,1836,G
3-PA,928,0,1810,0,0,1810,T
3-PA,929,0,0,1838,0,1838,G
3-PA,930,0,0,0,1826,1826,C
3-PA,931,1831,0,1,0,1832,A
3-PA,932,0,1839,0,0,1839,T
3-PA,933,1838,0,0,0,1838,A
3-PA,934,1848,0,0,0,1848,A
3-PA,935,1853,0,0,0,1853,A
3-PA,936,1848,0,0,0,1848,A
3-PA,937,1844,0,0,0,1844,A
3-PA,938,0,0,0,1852,1852,C
3-PA,939,1834,0,0,0,1834,A
3-PA,940,0,1840,0,0,1840,T
3-PA,941,0,1844,0,1,1845,T
3-PA,942,0,1,0,1856,1857,C
3-PA,943,0,1852,0,1,1853,T
3-PA,944,0,1847,0,0,1847,T
3-PA,945,1,1844,0,0,1845,T
3-PA,946,0,2,1850,0,1852,G
3-PA,947,0,0,1849,0,1849,G
3-PA,948,1837,0,0,0,1837,A
3-PA,949,0,1840,0,1,1841,T
3-PA,950,0,0,1863,0,1863,G
3-PA,951,0,0,1877,0,1877,G
3-PA,952,1880,0,0,0,1880,A
3-PA,953,1885,0,0,0,1885,A
3-PA,954,1889,0,1,0,1890,A
3-PA,955,1,1,1896,0,1898,G
3-PA,956,1894,0,3,0,1897,A
3-PA,957,2110,0,3,0,2113,A
3-PA,958,0,2,0,2152,2154,C
3-PA,959,0,0,1,2163,2164,C
3-PA,960,0,2147,0,1,2148,T
3-PA,961,0,2198,0,0,2198,T
3-PA,962,2204,0,0,1,2205,A
3-PA,963,0,2207,0,0,2207,T
3-PA,964,2198,0,0,0,2198,A
3-PA,965,0,2234,0,0,2234,T
3-PA,966,2089,0,0,0,2089,A
3-PA,967,0,1,2091,0,2092,G
3-PA,968,0,2087,0,2,2089,T
3-PA,969,2,0,0,2084,2086,C
3-PA,970,2076,0,0,0,2076,A
3-PA,971,2063,0,1,1,2065,A
3-PA,972,2066,0,2,0,2068,A
3-PA,973,0,0,0,2087,2087,C
3-PA,974,1,0,0,2065,2066,C
3-PA,975,2024,2,2,0,2028,A
3-PA,976,0,0,0,2048,2048,C
3-PA,977,2050,1,2,0,2053,A
3-PA,978,0,0,0,2058,2058,C
3-PA,979,0,0,2057,0,2057,G
3-PA,980,2024,0,0,0,2024,A
3-PA,981,2036,0,0,0,2036,A
3-PA,982,2039,0,3,0,2042,A
3-PA,983,2041,0,2,0,2043,A
3-PA,984,0,2,2051,0,2053,G
3-PA,985,0,0,2033,0,2033,G
3-PA,986,0,0,2046,0,2046,G
3-PA,987,2053,0,0,0,2053,A
3-PA,988,2059,0,1,0,2060,A
3-PA,989,0,2065,0,0,2065,T
3-PA,990,2066,0,0,0,2066,A
3-PA,991,2068,0,0,0,2068,A
3-PA,992,2070,0,0,0,2070,A
3-PA,993,0,2061,0,0,2061,T
3-PA,994,1,2053,0,1,2055,T
3-PA,995,1,1,0,2073,2075,C
3-PA,996,2073,0,0,0,2073,A
3-PA,997,2081,0,0,0,2081,A
3-PA,998,2075,0,0,0,2075,A
3-PA,999,0,2073,0,0,2073,T
3-PA,1000,0,2081,0,0,2081,T
3-PA,1001,2085,0,1,0,2086,A
3-PA,1002,0,0,0,2093,2093,C
3-PA,1003,0,2,0,2087,2089,C
3-PA,1004,0,2089,0,1,2090,T
3-PA,1005,0,1,2102,0,2103,G
3-PA,1006,0,0,0,2106,2106,C
3-PA,1007,0,2114,2,0,2116,T
3-PA,1008,0,0,2145,0,2145,G
3-PA,1009,0,2131,0,0,2131,T
3-PA,1010,0,0,0,2156,2156,C
3-PA,1011,2157,1,0,0,2158,A
3-PA,1012,0,2161,0,0,2161,T
3-PA,1013,0,1,2150,1,2152,G
3-PA,1014,0,0,2144,1,2145,G
3-PA,1015,2147,0,0,0,2147,A
3-PA,1016,2211,0,1,0,2212,A
3-PA,1017,0,0,2186,0,2186,G
3-PA,1018,0,0,0,2195,2195,C
3-PA,1019,2176,0,0,0,2176,A
3-PA,1020,2181,1,4,0,2186,A
3-PA,1021,1,0,2199,0,2200,G
3-PA,1022,0,2193,0,0,2193,T
3-PA,1023,2064,134,1,0,2199,A
3-PA,1024,0,0,1,2202,2203,C
3-PA,1025,0,2180,0,1,2181,T
3-PA,1026,0,0,2201,0,2201,G
3-PA,1027,1,2183,0,3,2187,T
3-PA,1028,2,0,0,2196,2198,C
3-PA,1029,2194,0,2,0,2196,A
3-PA,1030,0,0,2212,0,2212,G
3-PA,1031,2205,0,0,0,2205,A
3-PA,1032,2214,0,1,0,2215,A
3-PA,1033,0,2250,0,0,2250,T
3-PA,1034,0,2239,0,2,2241,T
3-PA,1035,0,0,2229,0,2229,G
3-PA,1036,0,1,1,2224,2226,C
3-PA,1037,2227,1,1,0,2229,A
3-PA,1038,0,2,2243,0,2245,G
3-PA,1039,1,0,2210,1,2212,G
3-PA,1040,2223,0,1,0,2224,A
3-PA,1041,0,0,0,2228,2228,C
3-PA,1042,738,0,1464,0,2202,G
3-PA,1043,0,2230,0,3,2233,T
3-PA,1044,0,2220,0,21,2241,T
3-PA,1045,0,1,2247,0,2248,G
3-PA,1046,2229,0,2,0,2231,A
3-PA,1047,2238,0,0,0,2238,A
3-PA,1048,2231,0,0,0,2231,A
3-PA,1049,2223,0,1,0,2224,A
3-PA,1050,0,2217,0,0,2217,T
3-PA,1051,1,0,2222,0,2223,G
3-PA,1052,2211,0,4,0,2215,A
3-PA,1053,0,0,2222,0,2222,G
3-PA,1054,0,1,2219,0,2220,G
3-PA,1055,2210,0,0,0,2210,A
3-PA,1056,6,0,2230,0,2236,G
3-PA,1057,2224,0,0,0,2224,A
3-PA,1058,2213,0,3,0,2216,A
3-PA,1059,0,0,2213,0,2213,G
3-PA,1060,0,0,2209,0,2209,G
3-PA,1061,1,2256,1,0,2258,T
3-PA,1062,0,2291,0,2,2293,T
3-PA,1063,1,0,0,2295,2296,C
3-PA,1064,0,0,1,2292,2293,C
3-PA,1065,2299,0,1,0,2300,A
3-PA,1066,2279,0,0,0,2279,A
3-PA,1067,1,2,2303,0,2306,G
3-PA,1068,0,1,2333,0,2334,G
3-PA,1069,2285,0,2,0,2287,A
3-PA,1070,0,0,0,2294,2294,C
3-PA,1071,0,2296,0,5,2301,T
3-PA,1072,2307,0,1,0,2308,A
3-PA,1073,2303,1,1,0,2305,A
3-PA,1074,2300,0,0,0,2300,A
3-PA,1075,2313,0,0,0,2313,A
3-PA,1076,2297,0,0,0,2297,A
3-PA,1077,0,0,0,2270,2270,C
3-PA,1078,2272,0,0,0,2272,A
3-PA,1079,0,2251,0,0,2251,T
3-PA,1080,0,0,2270,0,2270,G
3-PA,1081,2260,0,3,0,2263,A
3-PA,1082,2270,0,0,0,2270,A
3-PA,1083,1,0,2283,0,2284,G
3-PA,1084,2283,0,0,0,2283,A
3-PA,1085,2280,0,0,0,2280,A
3-PA,1086,2271,0,0,0,2271,A
3-PA,1087,2252,0,1,0,2253,A
3-PA,1088,1,0,0,2268,2269,C
3-PA,1089,0,2,2261,0,2263,G
3-PA,1090,2272,0,0,0,2272,A
3-PA,1091,0,0,2266,0,2266,G
3-PA,1092,0,2250,0,2,2252,T
3-PA,1093,1,0,1,2288,2290,C
3-PA,1094,2311,0,0,0,2311,A
3-PA,1095,2345,0,1,0,2346,A
3-PA,1096,0,0,0,2344,2344,C
3-PA,1097,0,2346,1,2,2349,T
3-PA,1098,0,0,2378,0,2378,G
3-PA,1099,2356,0,0,0,2356,A
3-PA,1100,2365,1,0,1,2367,A
3-PA,1101,0,0,2376,0,2376,G
3-PA,1102,0,2298,2,0,2300,T
3-PA,1103,0,0,2312,0,2312,G
3-PA,1104,0,0,2297,0,2297,G
3-PA,1105,0,0,2315,0,2315,G
3-PA,1106,0,0,1,2304,2305,C
3-PA,1107,0,2293,0,2,2295,T
3-PA,1108,2,0,0,2319,2321,C
3-PA,1109,0,2305,1,1,2307,T
3-PA,1110,0,2316,1,0,2317,T
3-PA,1111,0,0,2374,0,2374,G
3-PA,1112,0,0,2370,0,2370,G
3-PA,1113,0,2340,0,3,2343,T
3-PA,1114,0,0,2360,0,2360,G
3-PA,1115,2354,0,0,0,2354,A
3-PA,1116,2366,0,1,0,2367,A
3-PA,1117,2353,0,1,0,2354,A
3-PA,1118,2367,0,0,0,2367,A
3-PA,1119,1,0,0,2379,2380,C
3-PA,1120,2332,1,0,0,2333,A
3-PA,1121,0,2318,0,0,2318,T
3-PA,1122,0,0,2316,0,2316,G
3-PA,1123,0,0,2334,0,2334,G
3-PA,1124,2,0,0,2343,2345,C
3-PA,1125,2332,0,2,0,2334,A
3-PA,1126,1,0,0,2342,2343,C
3-PA,1127,1,0,0,2364,2365,C
3-PA,1128,2379,0,1,0,2380,A
3-PA,1129,0,1,2420,0,2421,G
3-PA,1130,2385,0,2,0,2387,A
3-PA,1131,2,0,2413,0,2415,G
3-PA,1132,2383,0,0,0,2383,A
3-PA,1133,2393,0,1,0,2394,A
3-PA,1134,2,0,2418,0,2420,G
3-PA,1135,1,0,2399,0,2400,G
3-PA,1136,1,2338,1,1,2341,T
3-PA,1137,2379,0,1,0,2380,A
3-PA,1138,0,0,2364,0,2364,G
3-PA,1139,2360,0,0,1,2361,A
3-PA,1140,0,0,0,2371,2371,C
3-PA,1141,0,2354,0,1,2355,T
3-PA,1142,0,2358,0,0,2358,T
3-PA,1143,0,2363,0,0,2363,T
3-PA,1144,0,1,2364,0,2365,G
3-PA,1145,2357,0,1,0,2358,A
3-PA,1146,2363,0,0,0,2363,A
3-PA,1147,2361,0,0,0,2361,A
3-PA,1148,2367,0,0,0,2367,A
3-PA,1149,0,0,0,2401,2401,C
3-PA,1150,0,2404,0,0,2404,T
3-PA,1151,0,0,2413,0,2413,G
3-PA,1152,0,1,0,2419,2420,C
3-PA,1153,2428,0,2,0,2430,A
3-PA,1154,0,0,2414,0,2414,G
3-PA,1155,2408,0,0,0,2408,A
3-PA,1156,0,0,2506,0,2506,G
3-PA,1157,2502,0,1,0,2503,A
3-PA,1158,1,2,0,2472,2475,C
3-PA,1159,2477,0,0,0,2477,A
3-PA,1160,0,2460,0,0,2460,T
3-PA,1161,2463,0,2,0,2465,A
3-PA,1162,2458,0,3,0,2461,A
3-PA,1163,0,0,2454,0,2454,G
3-PA,1164,1,0,0,2448,2449,C
3-PA,1165,1,0,2419,0,2420,G
3-PA,1166,2455,0,0,0,2455,A
3-PA,1167,0,2438,0,0,2438,T
3-PA,1168,0,2441,0,0,2441,T
3-PA,1169,0,2448,0,1,2449,T
3-PA,1170,1,0,2457,0,2458,G
3-PA,1171,2462,0,0,0,2462,A
3-PA,1172,2461,0,2,0,2463,A
3-PA,1173,0,0,2466,0,2466,G
3-PA,1174,1,0,1,2520,2522,C
3-PA,1175,2503,0,0,0,2503,A
3-PA,1176,2630,0,10,0,2640,A
3-PA,1177,2,2638,1,0,2641,T
3-PA,1178,2655,0,6,0,2661,A
3-PA,1179,0,2671,0,0,2671,T
3-PA,1180,1,1,2678,0,2680,G
3-PA,1181,2695,1,5,0,2701,A
3-PA,1182,0,2689,0,0,2689,T
3-PA,1183,2606,0,0,1,2607,A
3-PA,1184,0,0,2593,0,2593,G
3-PA,1185,0,2481,0,0,2481,T
3-PA,1186,0,0,2501,0,2501,G
3-PA,1187,2490,0,2,0,2492,A
3-PA,1188,0,2,0,2486,2488,C
3-PA,1189,2,0,2469,0,2471,G
3-PA,1190,2480,0,0,0,2480,A
3-PA,1191,2479,0,3,0,2482,A
3-PA,1192,0,0,0,2494,2494,C
3-PA,1193,1,0,0,2493,2494,C
3-PA,1194,1,2498,0,0,2499,T
3-PA,1195,0,0,2555,0,2555,G
3-PA,1196,2552,0,0,0,2552,A
3-PA,1197,2562,1,0,0,2563,A
3-PA,1198,0,2564,0,0,2564,T
3-PA,1199,0,2548,0,0,2548,T
3-PA,1200,2538,0,0,0,2538,A
3-PA,1201,2512,0,1,0,2513,A
3-PA,1202,0,2,2522,0,2524,G
3-PA,1203,0,1,2511,0,2512,G
3-PA,1204,1,2442,0,1,2444,T
3-PA,1205,1,1,0,2459,2461,C
3-PA,1206,2457,0,1,0,2458,A
3-PA,1207,0,0,0,2538,2538,C
3-PA,1208,0,2536,0,1,2537,T
3-PA,1209,0,2545,0,1,2546,T
3-PA,1210,0,2546,0,2,2548,T
3-PA,1211,0,0,0,2546,2546,C
3-PA,1212,2541,0,2,1,2544,A
3-PA,1213,2547,0,3,0,2550,A
3-PA,1214,0,0,2581,0,2581,G
3-PA,1215,0,0,0,2565,2565,C
3-PA,1216,0,2540,0,1,2541,T
3-PA,1217,0,0,2601,0,2601,G
3-PA,1218,1,0,2606,0,2607,G
3-PA,1219,2643,0,2,0,2645,A
3-PA,1220,0,2660,0,0,2660,T
3-PA,1221,2649,0,0,0,2649,A
3-PA,1222,0,0,0,2668,2668,C
3-PA,1223,2644,0,0,0,2644,A
3-PA,1224,0,0,2659,0,2659,G
3-PA,1225,2656,0,0,0,2656,A
3-PA,1226,2588,1,1,0,2590,A
3-PA,1227,0,2560,0,1,2561,T
3-PA,1228,0,0,2574,0,2574,G
3-PA,1229,2542,0,0,0,2542,A
3-PA,1230,1,0,2587,0,2588,G
3-PA,1231,0,2552,0,14,2566,T
3-PA,1232,0,2560,0,0,2560,T
3-PA,1233,1,1,0,2581,2583,C
3-PA,1234,2608,0,0,1,2609,A
3-PA,1235,2606,0,2,0,2608,A
3-PA,1236,0,0,0,2600,2600,C
3-PA,1237,2580,1,1,0,2582,A
3-PA,1238,2559,0,3,0,2562,A
3-PA,1239,1,0,2547,0,2548,G
3-PA,1240,0,0,2544,0,2544,G
3-PA,1241,1,0,0,2552,2553,C
3-PA,1242,0,0,0,2555,2555,C
3-PA,1243,0,2531,0,3,2534,T
3-PA,1244,0,0,2558,0,2558,G
3-PA,1245,0,2552,0,0,2552,T
3-PA,1246,1,0,2594,0,2595,G
3-PA,1247,2586,0,14,0,2600,A
3-PA,1248,1,0,2598,0,2599,G
3-PA,1249,0,0,0,2561,2561,C
3-PA,1250,0,2553,0,3,2556,T
3-PA,1251,2547,0,65,0,2612,A
3-PA,1252,2616,0,0,0,2616,A
3-PA,1253,0,0,0,2612,2612,C
3-PA,1254,1,2599,0,1,2601,T
3-PA,1255,0,0,2585,1,2586,G
3-PA,1256,2578,0,0,0,2578,A
3-PA,1257,0,2563,0,2,2565,T
3-PA,1258,0,2566,0,0,2566,T
3-PA,1259,0,1,0,2573,2574,C
3-PA,1260,2663,0,1,0,2664,A
3-PA,1261,0,0,2731,0,2731,G
3-PA,1262,1,2692,0,1,2694,T
3-PA,1263,1,0,0,2710,2711,C
3-PA,1264,0,2694,0,2,2696,T
3-PA,1265,0,2,2814,0,2816,G
3-PA,1266,0,1,2820,0,2821,G
3-PA,1267,2826,0,0,0,2826,A
3-PA,1268,0,2827,0,1,2828,T
3-PA,1269,2682,0,1,0,2683,A
3-PA,1270,0,0,2679,0,2679,G
3-PA,1271,2641,0,1,0,2642,A
3-PA,1272,1,0,2632,0,2633,G
3-PA,1273,0,1,0,2624,2625,C
3-PA,1274,0,2541,0,1,2542,T
3-PA,1275,0,167,0,2415,2582,C
3-PA,1276,0,0,2593,0,2593,G
3-PA,1277,2589,0,1,0,2590,A
3-PA,1278,0,2589,0,2,2591,T
3-PA,1279,1,2,2582,0,2585,G
3-PA,1280,2615,1,1,0,2617,A
3-PA,1281,2602,0,0,0,2602,A
3-PA,1282,2624,0,0,0,2624,A
3-PA,1283,0,2588,0,0,2588,T
3-PA,1284,0,2614,0,0,2614,T
3-PA,1285,0,0,2642,0,2642,G
3-PA,1286,0,0,2630,0,2630,G
3-PA,1287,2628,1,5,0,2634,A
3-PA,1288,0,1,2633,0,2634,G
3-PA,1289,2594,0,0,0,2594,A
3-PA,1290,0,0,2610,0,2610,G
3-PA,1291,0,1,2628,0,2629,G
3-PA,1292,2649,0,0,1,2650,A
3-PA,1293,0,0,0,2657,2657,C
3-PA,1294,0,0,2644,0,2644,G
3-PA,1295,0,2634,0,0,2634,T
3-PA,1296,2651,0,2,0,2653,A
3-PA,1297,0,0,2668,1,2669,G
3-PA,1298,0,1,1,2669,2671,C
3-PA,1299,1,0,0,2620,2621,C
3-PA,1300,1,34,1,2604,2640,C
3-PA,1301,1,0,0,2640,2641,C
3-PA,1302,2667,0,0,0,2667,A
3-PA,1303,2766,0,0,0,2766,A
3-PA,1304,0,2743,0,0,2743,T
3-PA,1305,0,2718,0,1,2719,T
3-PA,1306,0,1,2722,0,2723,G
3-PA,1307,2679,1,2,0,2682,A
3-PA,1308,2,0,2689,0,2691,G
3-PA,1309,0,1,0,2676,2677,C
3-PA,1310,2668,0,0,0,2668,A
3-PA,1311,0,0,0,2737,2737,C
3-PA,1312,2663,0,1,0,2664,A
3-PA,1313,1,2728,0,14,2743,T
3-PA,1314,0,2738,0,0,2738,T
3-PA,1315,0,0,2753,0,2753,G
3-PA,1316,0,0,0,2731,2731,C
3-PA,1317,2735,0,3,0,2738,A
3-PA,1318,2732,0,1,0,2733,A
3-PA,1319,1,0,2737,0,2738,G
3-PA,1320,0,0,0,2674,2674,C
3-PA,1321,2681,0,0,0,2681,A
3-PA,1322,0,2605,0,1,2606,T
3-PA,1323,0,1,2607,0,2608,G
3-PA,1324,2595,0,3,0,2598,A
3-PA,1325,1,0,2613,0,2614,G
3-PA,1326,2607,0,2,0,2609,A
3-PA,1327,2616,0,0,0,2616,A
3-PA,1328,0,0,2604,0,2604,G
3-PA,1329,0,0,2595,1,2596,G
3-PA,1330,2611,1,1,0,2613,A
3-PA,1331,2608,0,1,0,2609,A
3-PA,1332,0,2609,0,0,2609,T
3-PA,1333,0,2611,0,0,2611,T
3-PA,1334,2616,0,0,0,2616,A
3-PA,1335,0,2616,0,1,2617,T
3-PA,1336,0,2609,0,0,2609,T
3-PA,1337,0,2602,1,3,2606,T
3-PA,1338,1,0,0,2589,2590,C
3-PA,1339,2583,0,1,0,2584,A
3-PA,1340,0,1,0,2648,2649,C
3-PA,1341,2633,0,3,1,2637,A
3-PA,1342,0,0,2649,0,2649,G
3-PA,1343,1,1,1,2634,2637,C
3-PA,1344,2635,0,0,0,2635,A
3-PA,1345,0,0,2662,0,2662,G
3-PA,1346,2625,0,14,0,2639,A
3-PA,1347,0,0,2650,0,2650,G
3-PA,1348,0,0,2654,0,2654,G
3-PA,1349,0,2572,0,2,2574,T
3-PA,1350,0,0,2627,0,2627,G
3-PA,1351,1,2578,1,11,2591,T
3-PA,1352,0,0,0,2586,2586,C
3-PA,1353,0,0,0,2629,2629,C
3-PA,1354,1,0,1,2631,2633,C
3-PA,1355,2683,0,1,0,2684,A
3-PA,1356,0,2703,0,0,2703,T
3-PA,1357,0,2698,0,0,2698,T
3-PA,1358,1,0,2704,0,2705,G
3-PA,1359,0,2643,0,2,2645,T
3-PA,1360,2604,0,0,0,2604,A
3-PA,1361,0,0,2594,0,2594,G
3-PA,1362,2537,0,0,0,2537,A
3-PA,1363,0,0,2532,0,2532,G
3-PA,1364,0,0,0,2486,2486,C
3-PA,1365,0,0,0,2434,2434,C
3-PA,1366,2477,0,3,0,2480,A
3-PA,1367,0,0,0,2478,2478,C
3-PA,1368,0,2479,0,0,2479,T
3-PA,1369,0,0,2476,0,2476,G
3-PA,1370,2464,1,1,0,2466,A
3-PA,1371,2431,1,1,0,2433,A
3-PA,1372,0,2487,0,1,2488,T
3-PA,1373,2503,0,1,0,2504,A
3-PA,1374,1,1,0,2524,2526,C
3-PA,1375,2462,0,2,0,2464,A
3-PA,1376,0,2486,0,0,2486,T
3-PA,1377,2467,0,0,0,2467,A
3-PA,1378,2448,0,0,0,2448,A
3-PA,1379,0,2445,0,1,2446,T
3-PA,1380,1,0,2411,0,2412,G
3-PA,1381,2393,0,1,0,2394,A
3-PA,1382,2337,0,2,0,2339,A
3-PA,1383,1,0,2329,0,2330,G
3-PA,1384,1,3,2326,0,2330,G
3-PA,1385,0,0,2362,0,2362,G
3-PA,1386,0,1,2354,0,2355,G
3-PA,1387,0,0,2381,0,2381,G
3-PA,1388,1,2341,0,0,2342,T
3-PA,1389,2367,0,0,0,2367,A
3-PA,1390,0,2381,0,2,2383,T
3-PA,1391,2407,0,1,0,2408,A
3-PA,1392,0,0,0,2580,2580,C
3-PA,1393,2508,0,0,0,2508,A
3-PA,1394,0,2447,0,0,2447,T
3-PA,1395,1,2434,0,0,2435,T
3-PA,1396,2392,0,0,0,2392,A
3-PA,1397,2438,0,2,0,2440,A
3-PA,1398,0,0,0,2436,2436,C
3-PA,1399,2375,0,0,0,2375,A
3-PA,1400,0,0,0,2382,2382,C
3-PA,1401,1,2105,0,1,2107,T
3-PA,1402,0,0,2179,0,2179,G
3-PA,1403,0,0,0,2164,2164,C
3-PA,1404,1,0,0,2161,2162,C
3-PA,1405,1,0,0,2175,2176,C
3-PA,1406,1,2109,1,0,2111,T
3-PA,1407,0,0,2179,0,2179,G
3-PA,1408,0,0,0,2160,2160,C
3-PA,1409,0,2162,0,1,2163,T
3-PA,1410,0,0,0,2237,2237,C
3-PA,1411,2156,0,0,0,2156,A
3-PA,1412,2164,0,1,0,2165,A
3-PA,1413,0,2153,0,0,2153,T
3-PA,1414,0,1,2155,0,2156,G
3-PA,1415,0,0,0,2138,2138,C
3-PA,1416,2073,0,1,0,2074,A
3-PA,1417,0,2057,0,2,2059,T
3-PA,1418,0,0,0,2063,2063,C
3-PA,1419,1,0,0,2084,2085,C
3-PA,1420,1,1996,0,4,2001,T
3-PA,1421,1,0,2065,0,2066,G
3-PA,1422,0,2051,0,0,2051,T
3-PA,1423,1,0,2052,0,2053,G
3-PA,1424,0,0,0,2051,2051,C
3-PA,1425,2007,0,2,0,2009,A
3-PA,1426,0,0,2030,0,2030,G
3-PA,1427,0,0,0,2025,2025,C
3-PA,1428,1987,0,0,0,1987,A
3-PA,1429,1993,1,1,0,1995,A
3-PA,1430,0,1892,0,0,1892,T
3-PA,1431,1,0,1900,0,1901,G
3-PA,1432,0,0,1890,0,1890,G
3-PA,1433,1895,0,1,0,1896,A
3-PA,1434,2,1,0,1884,1887,C
3-PA,1435,0,0,1879,0,1879,G
3-PA,1436,1891,0,1,0,1892,A
3-PA,1437,0,1889,0,0,1889,T
3-PA,1438,0,1893,0,0,1893,T
3-PA,1439,0,1884,0,0,1884,T
3-PA,1440,0,1881,0,0,1881,T
3-PA,1441,0,0,0,1896,1896,C
3-PA,1442,1898,0,0,0,1898,A
3-PA,1443,1901,0,0,0,1901,A
3-PA,1444,0,0,0,1902,1902,C
3-PA,1445,0,1873,1,0,1874,T
3-PA,1446,1879,1,1,0,1881,A
3-PA,1447,1875,0,1,0,1876,A
3-PA,1448,0,1869,0,0,1869,T
3-PA,1449,1,1861,0,2,1864,T
3-PA,1450,0,1,0,1872,1873,C
3-PA,1451,0,0,1,1868,1869,C
3-PA,1452,0,0,0,1870,1870,C
3-PA,1453,1875,0,0,1,1876,A
3-PA,1454,0,1898,0,2,1900,T
3-PA,1455,1,0,1898,0,1899,G
3-PA,1456,1894,0,0,0,1894,A
3-PA,1457,0,1892,0,0,1892,T
3-PA,1458,1889,0,0,0,1889,A
3-PA,1459,1891,0,1,0,1892,A
3-PA,1460,0,0,1892,0,1892,G
3-PA,1461,0,0,0,1882,1882,C
3-PA,1462,1877,0,0,0,1877,A
3-PA,1463,1830,0,0,0,1830,A
3-PA,1464,0,0,1842,1,1843,G
3-PA,1465,0,1835,0,1,1836,T
3-PA,1466,0,0,1838,0,1838,G
3-PA,1467,0,0,0,1831,1831,C
3-PA,1468,1805,0,6,0,1811,A
3-PA,1469,0,0,1834,0,1834,G
3-PA,1470,1839,0,0,0,1839,A
3-PA,1471,1852,0,1,0,1853,A
3-PA,1472,0,1,0,1845,1846,C
3-PA,1473,0,1798,0,1,1799,T
3-PA,1474,1822,0,0,0,1822,A
3-PA,1475,1808,0,1,0,1809,A
3-PA,1476,1812,0,2,0,1814,A
3-PA,1477,0,0,1811,0,1811,G
3-PA,1478,1733,0,2,0,1735,A
3-PA,1479,0,1,1725,0,1726,G
3-PA,1480,0,0,1674,0,1674,G
3-PA,1481,0,0,1672,0,1672,G
3-PA,1482,1665,0,3,1,1669,A
3-PA,1483,1637,0,0,0,1637,A
3-PA,1484,1,0,1635,0,1636,G
3-PA,1485,0,0,1624,0,1624,G
3-PA,1486,0,0,0,1620,1620,C
3-PA,1487,0,0,1626,0,1626,G
3-PA,1488,1582,0,1,0,1583,A
3-PA,1489,1618,0,0,0,1618,A
3-PA,1490,1618,0,0,0,1618,A
3-PA,1491,1626,1,0,0,1627,A
3-PA,1492,1622,0,0,0,1622,A
3-PA,1493,0,0,0,1626,1626,C
3-PA,1494,0,0,0,1616,1616,C
3-PA,1495,1611,0,1,0,1612,A
3-PA,1496,1617,0,0,0,1617,A
3-PA,1497,0,1618,0,0,1618,T
3-PA,1498,0,1621,0,0,1621,T
3-PA,1499,0,1627,0,0,1627,T
3-PA,1500,1630,0,0,0,1630,A
3-PA,1501,0,1620,0,3,1623,T
3-PA,1502,1629,0,0,0,1629,A
3-PA,1503,0,1616,0,1,1617,T
3-PA,1504,1,1,1593,0,1595,G
3-PA,1505,0,1,1581,0,1582,G
3-PA,1506,1589,0,0,0,1589,A
3-PA,1507,0,1575,0,1,1576,T
3-PA,1508,0,1562,0,0,1562,T
3-PA,1509,0,0,0,1551,1551,C
3-PA,1510,1553,1,0,0,1554,A
3-PA,1511,0,1554,0,2,1556,T
3-PA,1512,0,0,0,1562,1562,C
3-PA,1513,1559,0,0,0,1559,A
3-PA,1514,0,1543,0,0,1543,T
3-PA,1515,1534,0,1,0,1535,A
3-PA,1516,1534,0,0,0,1534,A
3-PA,1517,1521,0,2,0,1523,A
3-PA,1518,0,1,1510,0,1511,G
3-PA,1519,0,0,1480,0,1480,G
3-PA,1520,0,1,1467,0,1468,G
3-PA,1521,1451,0,1,0,1452,A
3-PA,1522,1430,0,0,0,1430,A
3-PA,1523,0,0,1438,0,1438,G
3-PA,1524,1423,0,0,0,1423,A
3-PA,1525,0,1421,0,1,1422,T
3-PA,1526,0,0,0,1417,1417,C
3-PA,1527,0,1381,0,1,1382,T
3-PA,1528,0,1,0,1415,1416,C
3-PA,1529,1418,0,0,0,1418,A
3-PA,1530,0,1415,0,0,1415,T
3-PA,1531,0,1414,0,1,1415,T
3-PA,1532,0,1396,0,0,1396,T
3-PA,1533,1386,1,1,0,1388,A
3-PA,1534,1382,0,1,0,1383,A
3-PA,1535,0,0,1384,0,1384,G
3-PA,1536,0,0,1392,0,1392,G
3-PA,1537,1292,0,0,0,1292,A
3-PA,1538,1288,0,0,0,1288,A
3-PA,1539,0,1294,2,0,1296,T
3-PA,1540,0,0,1302,0,1302,G
3-PA,1541,1340,0,4,0,1344,A
3-PA,1542,0,0,0,1340,1340,C
3-PA,1543,1332,0,0,0,1332,A
3-PA,1544,0,0,0,1334,1334,C
3-PA,1545,1286,0,2,0,1288,A
3-PA,1546,0,0,1289,0,1289,G
3-PA,1547,1280,0,1,0,1281,A
3-PA,1548,20,0,0,1235,1255,C
3-PA,1549,0,0,1242,0,1242,G
3-PA,1550,0,1133,0,0,1133,T
3-PA,1551,0,0,1136,0,1136,G
3-PA,1552,0,0,1138,0,1138,G
3-PA,1553,0,1139,0,0,1139,T
3-PA,1554,1138,0,0,0,1138,A
3-PA,1555,1110,0,1,0,1111,A
3-PA,1556,1112,0,0,0,1112,A
3-PA,1557,0,1108,0,1,1109,T
3-PA,1558,0,1091,0,0,1091,T
3-PA,1559,0,1090,0,0,1090,T
3-PA,1560,0,1072,0,0,1072,T
3-PA,1561,0,0,1074,0,1074,G
3-PA,1562,0,1067,0,0,1067,T
3-PA,1563,0,1,1067,0,1068,G
3-PA,1564,1058,0,2,0,1060,A
3-PA,1565,0,0,1057,0,1057,G
3-PA,1566,0,1,0,1053,1054,C
3-PA,1567,1057,0,0,0,1057,A
3-PA,1568,1,1057,0,0,1058,T
3-PA,1569,0,1,1060,0,1061,G
3-PA,1570,0,1,1060,0,1061,G
3-PA,1571,1054,0,0,0,1054,A
3-PA,1572,0,0,1058,0,1058,G
3-PA,1573,0,1038,1,1,1040,T
3-PA,1574,0,1025,0,0,1025,T
3-PA,1575,0,1027,0,0,1027,T
3-PA,1576,0,1027,0,1,1028,T
3-PA,1577,0,0,0,1029,1029,C
3-PA,1578,0,1027,0,0,1027,T
3-PA,1579,0,0,0,1024,1024,C
3-PA,1580,0,986,0,2,988,T
3-PA,1581,1,0,0,981,982,C
3-PA,1582,981,0,0,0,981,A
3-PA,1583,0,0,0,974,974,C
3-PA,1584,1,923,0,2,926,T
3-PA,1585,7,0,913,0,920,G
3-PA,1586,915,0,0,0,915,A
3-PA,1587,0,0,0,910,910,C
3-PA,1588,0,1,0,901,902,C
3-PA,1589,0,0,0,894,894,C
3-PA,1590,1,0,890,0,891,G
3-PA,1591,887,0,1,0,888,A
3-PA,1592,0,0,887,0,887,G
3-PA,1593,882,0,0,0,882,A
3-PA,1594,0,0,0,856,856,C
3-PA,1595,0,838,0,1,839,T
3-PA,1596,0,790,0,0,790,T
3-PA,1597,0,0,794,0,794,G
3-PA,1598,784,0,1,0,785,A
3-PA,1599,1,0,791,0,792,G
3-PA,1600,1,0,0,782,783,C
3-PA,1601,0,0,0,745,745,C
3-PA,1602,731,0,0,0,731,A
3-PA,1603,0,1,0,728,729,C
3-PA,1604,735,0,0,0,735,A
3-PA,1605,0,730,0,0,730,T
3-PA,1606,717,0,0,0,717,A
3-PA,1607,715,0,0,0,715,A
3-PA,1608,708,0,0,0,708,A
3-PA,1609,0,695,0,0,695,T
3-PA,1610,0,0,691,0,691,G
3-PA,1611,0,0,606,0,606,G
3-PA,1612,0,0,591,0,591,G
3-PA,1613,569,0,0,0,569,A
3-PA,1614,0,0,573,0,573,G
3-PA,1615,553,0,0,0,553,A
3-PA,1616,539,0,0,1,540,A
3-PA,1617,539,0,0,0,539,A
3-PA,1618,1,533,0,0,534,T
3-PA,1619,515,0,0,0,515,A
3-PA,1620,0,4,0,514,518,C
3-PA,1621,0,291,0,0,291,T
3-PA,1622,0,0,295,0,295,G
3-PA,1623,0,164,0,0,164,T
3-PA,1624,0,0,162,0,162,G
3-PA,1625,0,139,0,0,139,T
3-PA,1626,0,0,0,58,58,C
3-PA,1627,0,0,0,52,52,C
3-PA,1628,0,44,0,0,44,T
3-PA,1629,0,45,0,0,45,T
3-PA,1630,0,0,48,0,48,G
3-PA,1631,45,0,0,0,45,A
3-PA,1632,0,0,47,0,47,G
3-PA,1633,45,0,0,0,45,A
3-PA,1634,0,46,0,0,46,T
3-PA,1635,44,1,0,0,45,A
3-PA,1636,0,0,45,0,45,G
3-PA,1637,0,0,46,0,46,G
3-PA,1638,45,0,0,0,45,A
3-PA,1639,0,0,45,0,45,G
3-PA,1640,44,0,0,0,44,A
3-PA,1641,0,44,0,0,44,T
3-PA,1642,44,0,0,0,44,A
3-PA,1643,0,43,0,0,43,T
3-PA,1644,0,0,44,0,44,G
3-PA,1645,0,44,0,0,44,T
3-PA,1646,0,43,0,0,43,T
3-PA,1647,44,0,0,0,44,A
3-PA,1648,0,0,0,42,42,C
3-PA,1649,0,43,0,0,43,T
3-PA,1650,43,0,0,0,43,A
3-PA,1651,44,0,0,0,44,A
3-PA,1652,0,0,44,0,44,G
3-PA,1653,43,0,0,0,43,A
3-PA,1654,42,0,0,0,42,A
3-PA,1655,0,0,42,0,42,G
3-PA,1656,0,39,0,0,39,T
3-PA,1657,0,0,42,0,42,G
3-PA,1658,0,0,0,41,41,C
3-PA,1659,0,0,0,40,40,C
3-PA,1660,41,0,0,0,41,A
3-PA,1661,0,39,0,0,39,T
3-PA,1662,40,0,0,0,40,A
3-PA,1663,0,0,38,0,38,G
3-PA,1664,0,0,38,0,38,G
3-PA,1665,0,0,0,37,37,C
3-PA,1666,0,0,0,37,37,C
3-PA,1667,37,0,0,0,37,A
3-PA,1668,37,0,0,0,37,A
3-PA,1669,38,0,0,0,38,A
3-PA,1670,0,37,0,0,37,T
3-PA,1671,0,37,0,0,37,T
3-PA,1672,0,38,0,0,38,T
3-PA,1673,0,0,0,37,37,C
3-PA,1674,35,0,0,0,35,A
3-PA,1675,34,0,0,0,34,A
3-PA,1676,0,0,35,0,35,G
3-PA,1677,0,0,35,0,35,G
3-PA,1678,0,0,0,34,34,C
3-PA,1679,0,0,0,33,33,C
3-PA,1680,29,0,5,0,34,A
3-PA,1681,35,0,0,0,35,A
3-PA,1682,0,35,0,0,35,T
3-PA,1683,0,0,35,0,35,G
3-PA,1684,0,35,0,0,35,T
3-PA,1685,0,37,0,0,37,T
3-PA,1686,0,0,0,38,38,C
3-PA,1687,0,39,0,0,39,T
3-PA,1688,0,38,0,0,38,T
3-PA,1689,30,0,8,0,38,A
3-PA,1690,0,38,0,0,38,T
3-PA,1691,39,0,0,0,39,A
3-PA,1692,0,38,0,0,38,T
3-PA,1693,0,0,38,0,38,G
3-PA,1694,0,35,0,0,35,T
3-PA,1695,0,0,34,0,34,G
3-PA,1696,33,0,0,0,33,A
3-PA,1697,0,0,31,0,31,G
3-PA,1698,0,0,33,0,33,G
3-PA,1699,34,0,0,0,34,A
3-PA,1700,0,0,0,33,33,C
3-PA,1701,31,0,0,0,31,A
3-PA,1702,33,0,0,0,33,A
3-PA,1703,34,0,0,0,34,A
3-PA,1704,0,0,0,34,34,C
3-PA,1705,0,0,33,0,33,G
3-PA,1706,0,0,35,0,35,G
3-PA,1707,33,0,0,0,33,A
3-PA,1708,34,0,0,0,34,A
3-PA,1709,0,0,0,35,35,C
3-PA,1710,36,0,0,0,36,A
3-PA,1711,0,35,0,0,35,T
3-PA,1712,0,0,0,36,36,C
3-PA,1713,36,0,0,0,36,A
3-PA,1714,35,0,0,0,35,A
3-PA,1715,36,0,0,0,36,A
3-PA,1716,0,0,36,0,36,G
3-PA,1717,0,0,36,0,36,G
3-PA,1718,0,37,0,0,37,T
3-PA,1719,7,0,0,28,35,C
3-PA,1720,36,0,0,0,36,A
3-PA,1721,37,0,0,0,37,A
3-PA,1722,36,0,0,0,36,A
3-PA,1723,37,0,0,0,37,A
3-PA,1724,0,35,0,0,35,T
3-PA,1725,0,0,36,0,36,G
3-PA,1726,36,0,0,0,36,A
3-PA,1727,36,0,0,0,36,A
3-PA,1728,35,0,0,0,35,A
3-PA,1729,0,37,0,0,37,T
3-PA,1730,0,0,37,0,37,G
3-PA,1731,0,0,37,0,37,G
3-PA,1732,0,0,36,0,36,G
3-PA,1733,0,0,37,0,37,G
3-PA,1734,37,0,0,0,37,A
3-PA,1735,37,0,0,0,37,A
3-PA,1736,0,38,0,0,38,T
3-PA,1737,0,0,37,0,37,G
3-PA,1738,0,0,37,0,37,G
3-PA,1739,36,0,0,0,36,A
3-PA,1740,0,0,38,0,38,G
3-PA,1741,37,0,0,0,37,A
3-PA,1742,0,37,0,0,37,T
3-PA,1743,0,0,38,0,38,G
3-PA,1744,36,0,0,0,36,A
3-PA,1745,0,0,35,0,35,G
3-PA,1746,35,0,0,0,35,A
3-PA,1747,0,0,0,35,35,C
3-PA,1748,0,0,36,0,36,G
3-PA,1749,0,34,0,0,34,T
3-PA,1750,0,35,0,0,35,T
3-PA,1751,0,0,35,0,35,G
3-PA,1752,0,0,0,32,32,C
3-PA,1753,0,0,0,34,34,C
3-PA,1754,0,34,0,0,34,T
3-PA,1755,0,0,0,38,38,C
3-PA,1756,0,0,0,37,37,C
3-PA,1757,0,38,0,0,38,T
3-PA,1758,0,38,0,0,38,T
3-PA,1759,0,0,0,38,38,C
3-PA,1760,37,0,0,0,37,A
3-PA,1761,0,0,37,0,37,G
3-PA,1762,0,37,0,0,37,T
3-PA,1763,0,0,0,38,38,C
3-PA,1764,36,0,0,0,36,A
3-PA,1765,0,0,0,38,38,C
3-PA,1766,0,37,0,0,37,T
3-PA,1767,0,0,0,38,38,C
3-PA,1768,0,0,0,38,38,C
3-PA,1769,38,0,0,0,38,A
3-PA,1770,0,0,37,0,37,G
3-PA,1771,0,0,0,37,37,C
3-PA,1772,37,0,0,0,37,A
3-PA,1773,0,0,37,0,37,G
3-PA,1774,35,0,0,0,35,A
3-PA,1775,0,35,0,0,35,T
3-PA,1776,0,0,0,35,35,C
3-PA,1777,1,0,35,0,36,G
3-PA,1778,36,0,0,0,36,A
3-PA,1779,0,0,36,0,36,G
3-PA,1780,36,0,0,0,36,A
3-PA,1781,0,0,36,0,36,G
3-PA,1782,0,0,0,35,35,C
3-PA,1783,35,0,0,0,35,A
3-PA,1784,0,35,0,0,35,T
3-PA,1785,0,0,36,0,36,G
3-PA,1786,36,0,0,0,36,A
3-PA,1787,0,36,0,0,36,T
3-PA,1788,0,36,0,0,36,T
3-PA,1789,0,0,37,0,37,G
3-PA,1790,37,0,0,0,37,A
3-PA,1791,37,0,0,0,37,A
3-PA,1792,0,0,37,0,37,G
3-PA,1793,0,0,0,37,37,C
3-PA,1794,0,0,0,37,37,C
3-PA,1795,0,0,37,0,37,G
3-PA,1796,36,0,0,0,36,A
3-PA,1797,0,0,37,0,37,G
3-PA,1798,0,37,0,0,37,T
3-PA,1799,0,0,0,36,36,C
3-PA,1800,0,0,0,36,36,C
3-PA,1801,0,36,0,0,36,T
3-PA,1802,0,0,0,37,37,C
3-PA,1803,0,0,37,0,37,G
3-PA,1804,0,0,37,0,37,G
3-PA,1805,0,37,0,0,37,T
3-PA,1806,0,37,0,0,37,T
3-PA,1807,36,0,0,0,36,A
3-PA,1808,37,0,0,0,37,A
3-PA,1809,36,0,0,0,36,A
3-PA,1810,0,0,38,0,38,G
3-PA,1811,38,0,0,0,38,A
3-PA,1812,0,0,39,0,39,G
3-PA,1813,37,0,0,0,37,A
3-PA,1814,37,0,0,0,37,A
3-PA,1815,36,0,0,0,36,A
3-PA,1816,0,0,36,0,36,G
3-PA,1817,35,0,1,0,36,A
3-PA,1818,0,0,0,37,37,C
3-PA,1819,37,0,0,0,37,A
3-PA,1820,0,37,0,0,37,T
3-PA,1821,0,0,36,0,36,G
3-PA,1822,36,0,0,0,36,A
3-PA,1823,0,0,0,36,36,C
3-PA,1824,0,0,0,35,35,C
3-PA,1825,35,0,0,0,35,A
3-PA,1826,32,0,0,0,32,A
3-PA,1827,33,0,0,0,33,A
3-PA,1828,0,0,35,0,35,G
3-PA,1829,34,0,0,0,34,A
3-PA,1830,0,0,35,0,35,G
3-PA,1831,0,34,0,0,34,T
3-PA,1832,0,34,0,0,34,T
3-PA,1833,0,33,0,0,33,T
3-PA,1834,0,31,0,0,31,T
3-PA,1835,0,34,0,0,34,T
3-PA,1836,0,34,0,0,34,T
3-PA,1837,0,0,34,0,34,G
3-PA,1838,32,0,0,0,32,A
3-PA,1839,0,0,33,0,33,G
3-PA,1840,33,0,0,0,33,A
3-PA,1841,32,0,0,0,32,A
3-PA,1842,0,34,0,0,34,T
3-PA,1843,34,0,0,0,34,A
3-PA,1844,34,0,0,0,34,A
3-PA,1845,33,0,1,0,34,A
3-PA,1846,0,35,0,0,35,T
3-PA,1847,0,0,0,35,35,C
3-PA,1848,35,0,0,0,35,A
3-PA,1849,0,0,35,0,35,G
3-PA,1850,32,0,0,0,32,A
3-PA,1851,35,0,0,0,35,A
3-PA,1852,0,0,33,0,33,G
3-PA,1853,0,0,0,33,33,C
3-PA,1854,33,0,0,0,33,A
3-PA,1855,0,33,0,0,33,T
3-PA,1856,0,0,34,0,34,G
3-PA,1857,0,0,33,0,33,G
3-PA,1858,0,0,0,32,32,C
3-PA,1859,0,0,0,34,34,C
3-PA,1860,0,0,0,33,33,C
3-PA,1861,35,0,0,0,35,A
3-PA,1862,0,36,0,0,36,T
3-PA,1863,0,36,0,0,36,T
3-PA,1864,0,0,37,0,37,G
3-PA,1865,0,0,37,0,37,G
3-PA,1866,0,0,35,0,35,G
3-PA,1867,0,0,38,0,38,G
3-PA,1868,35,0,0,0,35,A
3-PA,1869,0,0,35,0,35,G
3-PA,1870,0,32,0,0,32,T
3-PA,1871,0,0,0,34,34,C
3-PA,1872,0,0,0,33,33,C
3-PA,1873,0,0,0,33,33,C
3-PA,1874,0,0,0,33,33,C
3-PA,1875,0,0,0,33,33,C
3-PA,1876,33,0,0,0,33,A
3-PA,1877,31,0,0,0,31,A
3-PA,1878,7,0,24,0,31,G
3-PA,1879,0,0,30,0,30,G
3-PA,1880,0,0,30,0,30,G
3-PA,1881,30,0,0,0,30,A
3-PA,1882,0,0,30,0,30,G
3-PA,1883,0,30,0,0,30,T
3-PA,1884,0,0,30,0,30,G
3-PA,1885,0,0,31,0,31,G
3-PA,1886,32,0,0,0,32,A
3-PA,1887,31,0,0,0,31,A
3-PA,1888,0,0,32,0,32,G
3-PA,1889,30,0,0,0,30,A
3-PA,1890,29,0,0,0,29,A
3-PA,1891,0,0,29,0,29,G
3-PA,1892,0,0,30,0,30,G
3-PA,1893,0,28,0,0,28,T
3-PA,1894,0,27,0,0,27,T
3-PA,1895,0,0,0,27,27,C
3-PA,1896,0,0,0,27,27,C
3-PA,1897,28,0,0,0,28,A
3-PA,1898,0,28,0,0,28,T
3-PA,1899,0,29,0,0,29,T
3-PA,1900,0,0,28,0,28,G
3-PA,1901,0,0,28,0,28,G
3-PA,1902,0,0,27,0,27,G
3-PA,1903,28,0,0,0,28,A
3-PA,1904,29,0,0,0,29,A
3-PA,1905,30,0,0,0,30,A
3-PA,1906,0,0,30,0,30,G
3-PA,1907,0,30,0,0,30,T
3-PA,1908,0,0,0,31,31,C
3-PA,1909,0,31,0,0,31,T
3-PA,1910,0,0,31,0,31,G
3-PA,1911,0,31,0,0,31,T
3-PA,1912,30,0,0,0,30,A
3-PA,1913,0,0,30,0,30,G
3-PA,1914,0,0,30,0,30,G
3-PA,1915,29,0,0,0,29,A
3-PA,1916,0,0,0,29,29,C
3-PA,1917,0,29,0,0,29,T
3-PA,1918,0,0,0,28,28,C
3-PA,1919,0,29,0,0,29,T
3-PA,1920,29,0,0,0,29,A
3-PA,1921,0,29,0,0,29,T
3-PA,1922,0,29,0,0,29,T
3-PA,1923,0,0,30,0,30,G
3-PA,1924,0,0,30,0,30,G
3-PA,1925,0,0,0,30,30,C
3-PA,1926,0,27,0,1,28,T
3-PA,1927,27,0,0,0,27,A
3-PA,1928,27,0,0,0,27,A
3-PA,1929,0,0,27,0,27,G
3-PA,1930,0,27,0,0,27,T
3-PA,1931,0,0,0,27,27,C
3-PA,1932,27,0,0,0,27,A
3-PA,1933,0,0,27,0,27,G
3-PA,1934,0,27,0,0,27,T
3-PA,1935,28,0,0,0,28,A
3-PA,1936,0,28,0,0,28,T
3-PA,1937,0,27,0,0,27,T
3-PA,1938,0,0,0,28,28,C
3-PA,1939,27,0,0,0,27,A
3-PA,1940,28,0,0,0,28,A
3-PA,1941,0,28,0,0,28,T
3-PA,1942,27,0,0,0,27,A
3-PA,1943,0,0,27,0,27,G
3-PA,1944,0,0,0,26,26,C
3-PA,1945,0,0,0,26,26,C
3-PA,1946,0,26,0,0,26,T
3-PA,1947,0,0,27,0,27,G
3-PA,1948,0,26,0,0,26,T
3-PA,1949,26,0,0,0,26,A
3-PA,1950,0,26,0,0,26,T
3-PA,1951,0,0,25,0,25,G
3-PA,1952,0,0,0,26,26,C
3-PA,1953,26,0,0,0,26,A
3-PA,1954,0,26,0,0,26,T
3-PA,1955,0,0,0,26,26,C
3-PA,1956,26,0,0,0,26,A
3-PA,1957,0,0,0,27,27,C
3-PA,1958,0,0,0,26,26,C
3-PA,1959,26,0,0,0,26,A
3-PA,1960,0,0,0,27,27,C
3-PA,1961,26,0,0,0,26,A
3-PA,1962,26,0,0,0,26,A
3-PA,1963,0,26,0,0,26,T
3-PA,1964,0,26,0,0,26,T
3-PA,1965,0,0,25,0,25,G
3-PA,1966,0,0,25,0,25,G
3-PA,1967,25,0,0,0,25,A
3-PA,1968,25,0,0,0,25,A
3-PA,1969,0,0,25,0,25,G
3-PA,1970,0,0,24,0,24,G
3-PA,1971,24,0,0,0,24,A
3-PA,1972,0,24,0,0,24,T
3-PA,1973,0,24,0,0,24,T
3-PA,1974,0,24,0,0,24,T
3-PA,1975,0,23,0,0,23,T
3-PA,1976,0,0,0,23,23,C
3-PA,1977,23,0,0,0,23,A
3-PA,1978,0,0,23,0,23,G
3-PA,1979,0,0,0,22,22,C
3-PA,1980,0,0,23,0,23,G
3-PA,1981,0,0,22,0,22,G
3-PA,1982,22,0,0,0,22,A
3-PA,1983,0,0,23,0,23,G
3-PA,1984,0,23,0,0,23,T
3-PA,1985,0,0,0,24,24,C
3-PA,1986,24,0,0,0,24,A
3-PA,1987,24,0,0,0,24,A
3-PA,1988,0,0,24,0,24,G
3-PA,1989,24,0,0,0,24,A
3-PA,1990,23,0,0,0,23,A
3-PA,1991,22,0,0,0,22,A
3-PA,1992,23,0,0,0,23,A
3-PA,1993,0,0,0,23,23,C
3-PA,1994,0,23,0,0,23,T
3-PA,1995,0,0,23,0,23,G
3-PA,1996,0,0,0,23,23,C
3-PA,1997,0,23,0,0,23,T
3-PA,1998,0,0,0,23,23,C
3-PA,1999,0,0,0,23,23,C
3-PA,2000,0,24,0,0,24,T
3-PA,2001,0,23,0,0,23,T
3-PA,2002,0,0,22,0,22,G
3-PA,2003,0,23,0,0,23,T
3-PA,2004,0,24,0,0,24,T
3-PA,2005,0,0,25,0,25,G
3-PA,2006,0,24,0,0,24,T
3-PA,2007,0,24,0,0,24,T
3-PA,2008,0,0,0,24,24,C
3-PA,2009,22,0,0,0,22,A
3-PA,2010,0,0,22,0,22,G
3-PA,2011,0,0,20,0,20,G
3-PA,2012,0,0,0,22,22,C
3-PA,2013,0,21,0,0,21,T
3-PA,2014,0,0,0,22,22,C
3-PA,2015,0,21,0,0,21,T
3-PA,2016,0,21,0,0,21,T
3-PA,2017,22,0,0,0,22,A
3-PA,2018,0,0,20,0,20,G
3-PA,2019,0,0,21,0,21,G
3-PA,2020,0,0,21,0,21,G
3-PA,2021,20,0,0,0,20,A
3-PA,2022,0,0,0,20,20,C
3-PA,2023,20,0,0,0,20,A
3-PA,2024,21,0,0,0,21,A
3-PA,2025,0,0,0,23,23,C
3-PA,2026,0,0,0,21,21,C
3-PA,2027,0,20,0,0,20,T
3-PA,2028,0,0,0,21,21,C
3-PA,2029,0,0,20,0,20,G
3-PA,2030,20,0,0,0,20,A
3-PA,2031,21,0,0,0,21,A
3-PA,2032,0,0,0,20,20,C
3-PA,2033,0,0,0,20,20,C
3-PA,2034,0,19,0,0,19,T
3-PA,2035,0,0,20,0,20,G
3-PA,2036,0,0,19,0,19,G
3-PA,2037,0,1,19,0,20,G
3-PA,2038,19,0,0,0,19,A
3-PA,2039,0,0,0,17,17,C
3-PA,2040,0,0,0,19,19,C
3-PA,2041,0,20,0,0,20,T
3-PA,2042,0,19,0,0,19,T
3-PA,2043,0,20,0,0,20,T
3-PA,2044,0,0,21,0,21,G
3-PA,2045,20,0,0,0,20,A
3-PA,2046,0,20,0,0,20,T
3-PA,2047,0,0,0,20,20,C
3-PA,2048,0,20,0,0,20,T
3-PA,2049,0,20,0,0,20,T
3-PA,2050,0,0,19,0,19,G
3-PA,2051,0,0,20,0,20,G
3-PA,2052,0,0,20,0,20,G
3-PA,2053,0,0,19,0,19,G
3-PA,2054,0,0,20,0,20,G
3-PA,2055,0,0,20,0,20,G
3-PA,2056,0,0,0,18,18,C
3-PA,2057,0,19,0,0,19,T
3-PA,2058,20,0,0,0,20,A
3-PA,2059,0,20,0,0,20,T
3-PA,2060,20,0,0,0,20,A
3-PA,2061,0,19,0,0,19,T
3-PA,2062,0,0,17,0,17,G
3-PA,2063,16,0,0,0,16,A
3-PA,2064,17,0,0,0,17,A
3-PA,2065,0,0,17,0,17,G
3-PA,2066,0,0,0,16,16,C
3-PA,2067,16,0,0,0,16,A
3-PA,2068,16,0,0,0,16,A
3-PA,2069,0,15,0,0,15,T
3-PA,2070,0,17,0,0,17,T
3-PA,2071,0,0,17,0,17,G
3-PA,2072,17,0,0,0,17,A
3-PA,2073,0,0,15,0,15,G
3-PA,2074,0,0,17,0,17,G
3-PA,2075,16,0,0,0,16,A
3-PA,2076,0,0,18,0,18,G
3-PA,2077,0,16,0,0,16,T
3-PA,2078,0,0,16,0,16,G
3-PA,2079,0,1,0,14,15,C
3-PA,2080,0,0,0,15,15,C
3-PA,2081,0,15,0,0,15,T
3-PA,2082,0,0,14,0,14,G
3-PA,2083,15,0,0,0,15,A
3-PA,2084,0,14,0,0,14,T
3-PA,2085,0,14,0,0,14,T
3-PA,2086,15,0,0,0,15,A
3-PA,2087,14,0,0,0,14,A
3-PA,2088,0,15,0,0,15,T
3-PA,2089,0,0,15,0,15,G
3-PA,2090,12,0,0,0,12,A
3-PA,2091,0,13,0,0,13,T
3-PA,2092,0,0,0,13,13,C
3-PA,2093,0,0,0,13,13,C
3-PA,2094,0,0,0,11,11,C
3-PA,2095,0,13,0,0,13,T
3-PA,2096,0,0,12,0,12,G
3-PA,2097,0,0,13,0,13,G
3-PA,2098,0,0,13,0,13,G
3-PA,2099,0,12,0,0,12,T
3-PA,2100,0,13,0,0,13,T
3-PA,2101,0,12,0,0,12,T
3-PA,2102,0,13,0,0,13,T
3-PA,2103,0,0,12,0,12,G
3-PA,2104,0,0,0,13,13,C
3-PA,2105,0,12,0,0,12,T
3-PA,2106,0,0,0,11,11,C
3-PA,2107,11,0,0,0,11,A
3-PA,2108,10,0,0,0,10,A
3-PA,2109,0,10,0,0,10,T
3-PA,2110,0,0,10,0,10,G
3-PA,2111,0,0,0,11,11,C
3-PA,2112,0,0,10,0,10,G
3-PA,2113,0,10,0,0,10,T
3-PA,2114,0,0,0,11,11,C
3-PA,2115,0,11,0,0,11,T
3-PA,2116,0,11,0,0,11,T
3-PA,2117,0,0,11,0,11,G
3-PA,2118,0,0,11,0,11,G
3-PA,2119,0,10,0,0,10,T
3-PA,2120,0,10,0,0,10,T
3-PA,2121,0,0,0,11,11,C
3-PA,2122,11,0,0,0,11,A
3-PA,2123,10,0,1,0,11,A
3-PA,2124,0,0,0,10,10,C
3-PA,2125,0,9,0,0,9,T
3-PA,2126,0,0,0,10,10,C
3-PA,2127,0,0,0,9,9,C
3-PA,2128,0,10,0,0,10,T
3-PA,2129,0,10,0,0,10,T
3-PA,2130,0,0,0,8,8,C
3-PA,2131,0,0,0,9,9,C
3-PA,2132,0,9,0,0,9,T
3-PA,2133,0,0,9,0,9,G
3-PA,2134,10,0,0,0,10,A
3-PA,2135,0,0,0,10,10,C
3-PA,2136,10,0,0,0,10,A
3-PA,2137,0,0,0,9,9,C
3-PA,2138,9,0,0,0,9,A
3-PA,2139,0,8,0,0,8,T
3-PA,2140,0,0,9,0,9,G
3-PA,2141,0,0,0,9,9,C
3-PA,2142,8,0,0,0,8,A
3-PA,2143,0,8,0,0,8,T
3-PA,2144,0,8,0,0,8,T
3-PA,2145,8,0,0,0,8,A
3-PA,2146,8,0,0,0,8,A
3-PA,2147,8,0,0,0,8,A
3-PA,2148,8,0,0,0,8,A
3-PA,2149,0,8,0,0,8,T
3-PA,2150,6,0,0,0,6,A
3-PA,2151,0,0,6,0,6,G
4-HA,1,15,0,0,0,15,A
4-HA,2,0,15,0,0,15,T
4-HA,3,0,0,15,0,15,G
4-HA,4,15,0,0,0,15,A
4-HA,5,15,0,0,0,15,A
4-HA,6,0,0,18,0,18,G
4-HA,7,18,0,0,0,18,A
4-HA,8,0,0,0,18,18,C
4-HA,9,0,19,0,0,19,T
4-HA,10,19,0,0,0,19,A
4-HA,11,0,19,0,0,19,T
4-HA,12,0,0,0,18,18,C
4-HA,13,19,0,0,0,19,A
4-HA,14,0,18,0,0,18,T
4-HA,15,0,18,0,0,18,T
4-HA,16,0,0,20,0,20,G
4-HA,17,0,0,0,21,21,C
4-HA,18,0,21,0,0,21,T
4-HA,19,0,21,0,0,21,T
4-HA,20,0,21,0,0,21,T
4-HA,21,0,0,24,0,24,G
4-HA,22,24,0,0,0,24,A
4-HA,23,0,0,26,0,26,G
4-HA,24,0,0,0,26,26,C
4-HA,25,0,26,0,0,26,T
4-HA,26,32,0,0,0,32,A
4-HA,27,0,0,0,31,31,C
4-HA,28,34,0,0,0,34,A
4-HA,29,0,34,0,0,34,T
4-HA,30,0,35,0,0,35,T
4-HA,31,0,0,0,35,35,C
4-HA,32,0,35,0,0,35,T
4-HA,33,35,0,0,0,35,A
4-HA,34,0,35,0,0,35,T
4-HA,35,0,0,37,0,37,G
4-HA,36,0,37,0,0,37,T
4-HA,37,0,0,0,37,37,C
4-HA,38,0,37,0,0,37,T
4-HA,39,0,0,36,0,36,G
4-HA,40,0,0,37,0,37,G
4-HA,41,0,36,0,0,36,T
4-HA,42,0,39,0,0,39,T
4-HA,43,0,38,0,0,38,T
4-HA,44,0,37,0,0,37,T
4-HA,45,0,0,0,38,38,C
4-HA,46,0,0,39,0,39,G
4-HA,47,0,0,0,40,40,C
4-HA,48,0,39,0,0,39,T
4-HA,49,0,0,0,40,40,C
4-HA,50,41,0,0,0,41,A
4-HA,51,41,0,0,0,41,A
4-HA,52,41,0,0,0,41,A
4-HA,53,41,0,0,0,41,A
4-HA,54,40,0,0,0,40,A
4-HA,55,0,0,0,40,40,C
4-HA,56,0,39,0,0,39,T
4-HA,57,0,40,0,0,40,T
4-HA,58,0,0,0,39,39,C
4-HA,59,0,0,0,40,40,C
4-HA,60,0,39,0,0,39,T
4-HA,61,0,0,39,0,39,G
4-HA,62,0,0,39,0,39,G
4-HA,63,39,0,0,0,39,A
4-HA,64,41,0,0,0,41,A
4-HA,65,41,0,0,0,41,A
4-HA,66,0,43,0,0,43,T
4-HA,67,0,0,43,0,43,G
4-HA,68,43,0,0,0,43,A
4-HA,69,0,0,0,44,44,C
4-HA,70,42,0,0,0,42,A
4-HA,71,44,0,0,0,44,A
4-HA,72,0,0,0,44,44,C
4-HA,73,45,0,0,0,45,A
4-HA,74,0,0,44,0,44,G
4-HA,75,0,0,0,44,44,C
4-HA,76,45,0,0,0,45,A
4-HA,77,0,0,0,47,47,C
4-HA,78,0,0,46,0,46,G
4-HA,79,0,0,46,0,46,G
4-HA,80,0,0,0,46,46,C
4-HA,81,46,0,0,0,46,A
4-HA,82,49,0,0,0,49,A
4-HA,83,0,0,0,49,49,C
4-HA,84,0,0,51,0,51,G
4-HA,85,0,0,0,50,50,C
4-HA,86,0,51,0,0,51,T
4-HA,87,0,0,53,0,53,G
4-HA,88,0,51,0,0,51,T
4-HA,89,0,0,55,0,55,G
4-HA,90,0,0,0,54,54,C
4-HA,91,0,0,0,55,55,C
4-HA,92,0,55,0,0,55,T
4-HA,93,0,55,0,0,55,T
4-HA,94,0,1,54,0,55,G
4-HA,95,0,0,54,0,54,G
4-HA,96,0,0,58,0,58,G
4-HA,97,0,0,0,58,58,C
4-HA,98,57,0,0,0,57,A
4-HA,99,0,0,0,59,59,C
4-HA,100,0,0,0,58,58,C
4-HA,101,67,0,0,0,67,A
4-HA,102,0,66,0,0,66,T
4-HA,103,0,0,68,0,68,G
4-HA,104,0,0,0,67,67,C
4-HA,105,67,0,0,0,67,A
4-HA,106,0,0,69,0,69,G
4-HA,107,0,69,0,0,69,T
4-HA,108,71,0,0,0,71,A
4-HA,109,0,0,0,72,72,C
4-HA,110,0,0,0,67,67,C
4-HA,111,68,0,1,0,69,A
4-HA,112,69,0,0,0,69,A
4-HA,113,68,0,0,0,68,A
4-HA,114,0,0,0,71,71,C
4-HA,115,0,0,70,0,70,G
4-HA,116,0,0,68,0,68,G
4-HA,117,69,0,0,0,69,A
4-HA,118,69,0,0,0,69,A
4-HA,119,0,0,0,70,70,C
4-HA,120,22,0,48,0,70,G
4-HA,121,22,0,47,0,69,G
4-HA,122,0,72,0,0,72,T
4-HA,123,73,0,0,0,73,A
4-HA,124,0,0,71,0,71,G
4-HA,125,0,75,0,0,75,T
4-HA,126,0,0,71,0,71,G
4-HA,127,73,0,0,0,73,A
4-HA,128,74,0,0,0,74,A
4-HA,129,75,0,0,0,75,A
4-HA,130,71,0,0,0,71,A
4-HA,131,0,0,0,75,75,C
4-HA,132,75,0,0,0,75,A
4-HA,133,74,0,0,0,74,A
4-HA,134,0,74,0,0,74,T
4-HA,135,0,0,0,73,73,C
4-HA,136,73,0,0,0,73,A
4-HA,137,0,0,0,73,73,C
4-HA,138,0,0,75,0,75,G
4-HA,139,73,0,0,0,73,A
4-HA,140,72,0,0,0,72,A
4-HA,141,0,75,0,0,75,T
4-HA,142,0,0,74,0,74,G
4-HA,143,72,0,0,0,72,A
4-HA,144,0,0,0,73,73,C
4-HA,145,0,0,0,73,73,C
4-HA,146,75,0,0,0,75,A
4-HA,147,73,0,0,0,73,A
4-HA,148,76,0,0,0,76,A
4-HA,149,0,74,0,0,74,T
4-HA,150,0,74,0,0,74,T
4-HA,151,0,0,73,0,73,G
4-HA,152,73,0,0,0,73,A
4-HA,153,73,0,0,0,73,A
4-HA,154,0,0,74,0,74,G
4-HA,155,0,73,0,0,73,T
4-HA,156,0,76,0,0,76,T
4-HA,157,78,0,0,0,78,A
4-HA,158,0,0,0,78,78,C
4-HA,159,0,76,0,2,78,T
4-HA,160,76,0,0,0,76,A
4-HA,161,78,0,0,0,78,A
4-HA,162,0,77,0,0,77,T
4-HA,163,0,0,77,0,77,G
4-HA,164,0,0,0,78,78,C
4-HA,165,0,79,0,0,79,T
4-HA,166,80,0,0,0,80,A
4-HA,167,0,0,0,79,79,C
4-HA,168,0,79,0,0,79,T
4-HA,169,0,0,81,0,81,G
4-HA,170,81,0,0,0,81,A
4-HA,171,0,0,80,0,80,G
4-HA,172,0,0,0,80,80,C
4-HA,173,0,79,0,0,79,T
4-HA,174,0,0,77,0,77,G
4-HA,175,0,0,80,0,80,G
4-HA,176,0,81,0,0,81,T
4-HA,177,0,81,0,0,81,T
4-HA,178,0,0,0,80,80,C
4-HA,179,79,1,0,0,80,A
4-HA,180,0,0,79,0,79,G
4-HA,181,80,0,0,0,80,A
4-HA,182,0,0,81,0,81,G
4-HA,183,0,77,0,0,77,T
4-HA,184,0,79,0,0,79,T
4-HA,185,0,0,0,80,80,C
4-HA,186,0,0,0,82,82,C
4-HA,187,0,82,0,0,82,T
4-HA,188,0,0,0,82,82,C
4-HA,189,80,0,0,0,80,A
4-HA,190,80,0,0,0,80,A
4-HA,191,0,0,0,80,80,C
4-HA,192,81,0,0,0,81,A
4-HA,193,0,0,81,0,81,G
4-HA,194,0,0,82,0,82,G
4-HA,195,0,83,0,0,83,T
4-HA,196,0,0,82,0,82,G
4-HA,197,84,0,0,0,84,A
4-HA,198,85,0,0,0,85,A
4-HA,199,88,0,0,0,88,A
4-HA,200,0,88,0,0,88,T
4-HA,201,89,0,0,0,89,A
4-HA,202,0,89,0,0,89,T
4-HA,203,0,0,88,0,88,G
4-HA,204,0,0,0,90,90,C
4-HA,205,0,0,90,0,90,G
4-HA,206,88,0,0,0,88,A
4-HA,207,0,0,0,87,87,C
4-HA,208,88,0,0,0,88,A
4-HA,209,0,0,93,0,93,G
4-HA,210,0,93,0,0,93,T
4-HA,211,0,0,0,88,88,C
4-HA,212,0,0,0,92,92,C
4-HA,213,0,90,0,0,90,T
4-HA,214,0,0,0,96,96,C
4-HA,215,96,0,0,0,96,A
4-HA,216,0,96,0,0,96,T
4-HA,217,0,0,0,96,96,C
4-HA,218,90,0,0,0,90,A
4-HA,219,0,0,90,0,90,G
4-HA,220,90,0,0,0,90,A
4-HA,221,0,89,0,0,89,T
4-HA,222,0,0,0,91,91,C
4-HA,223,0,0,0,88,88,C
4-HA,224,0,88,0,0,88,T
4-HA,225,0,89,0,0,89,T
4-HA,226,0,0,89,0,89,G
4-HA,227,88,0,0,0,88,A
4-HA,228,0,87,0,0,87,T
4-HA,229,0,0,88,0,88,G
4-HA,230,0,0,87,0,87,G
4-HA,231,88,0,1,0,89,A
4-HA,232,60,0,26,0,86,A
4-HA,233,88,0,1,0,89,A
4-HA,234,63,0,26,0,89,A
4-HA,235,88,0,0,0,88,A
4-HA,236,87,0,0,0,87,A
4-HA,237,0,0,0,90,90,C
4-HA,238,0,91,0,0,91,T
4-HA,239,0,0,92,0,92,G
4-HA,240,0,0,0,91,91,C
4-HA,241,91,0,0,0,91,A
4-HA,242,0,0,0,97,97,C
4-HA,243,97,0,0,0,97,A
4-HA,244,0,0,0,109,109,C
4-HA,245,0,109,0,0,109,T
4-HA,246,112,0,0,0,112,A
4-HA,247,110,0,0,0,110,A
4-HA,248,0,112,0,0,112,T
4-HA,249,110,0,0,0,110,A
4-HA,250,0,0,110,0,110,G
4-HA,251,110,0,0,0,110,A
4-HA,252,0,105,0,0,105,T
4-HA,253,0,0,99,0,99,G
4-HA,254,0,0,0,99,99,C
4-HA,255,0,98,0,0,98,T
4-HA,256,0,0,0,104,104,C
4-HA,257,0,104,0,0,104,T
4-HA,258,110,0,0,0,110,A
4-HA,259,0,112,0,1,113,T
4-HA,260,0,113,0,0,113,T
4-HA,261,0,0,126,0,126,G
4-HA,262,0,0,135,0,135,G
4-HA,263,0,0,145,0,145,G
4-HA,264,145,0,0,0,145,A
4-HA,265,0,0,148,0,148,G
4-HA,266,154,0,1,0,155,A
4-HA,267,0,0,0,281,281,C
4-HA,268,0,0,0,307,307,C
4-HA,269,0,0,0,328,328,C
4-HA,270,0,337,0,1,338,T
4-HA,271,0,0,0,362,362,C
4-HA,272,364,0,0,0,364,A
4-HA,273,37,0,394,0,431,G
4-HA,274,0,430,0,0,430,T
4-HA,275,0,0,440,0,440,G
4-HA,276,0,433,0,0,433,T
4-HA,277,0,0,439,0,439,G
4-HA,278,433,1,0,0,434,A
4-HA,279,0,438,0,0,438,T
4-HA,280,0,0,437,0,437,G
4-HA,281,0,0,434,0,434,G
4-HA,282,0,0,0,449,449,C
4-HA,283,0,451,0,0,451,T
4-HA,284,0,451,0,0,451,T
4-HA,285,0,0,0,449,449,C
4-HA,286,0,0,0,453,453,C
4-HA,287,452,0,0,0,452,A
4-HA,288,459,0,0,0,459,A
4-HA,289,460,0,0,0,460,A
4-HA,290,458,0,0,0,458,A
4-HA,291,0,472,0,0,472,T
4-HA,292,473,0,0,0,473,A
4-HA,293,472,0,0,0,472,A
4-HA,294,3,0,471,0,474,G
4-HA,295,476,0,0,0,476,A
4-HA,296,483,0,0,0,483,A
4-HA,297,485,0,2,0,487,A
4-HA,298,0,483,0,0,483,T
4-HA,299,0,0,487,0,487,G
4-HA,300,0,0,483,0,483,G
4-HA,301,0,0,486,0,486,G
4-HA,302,481,0,0,0,481,A
4-HA,303,0,0,0,499,499,C
4-HA,304,0,0,0,500,500,C
4-HA,305,0,517,0,0,517,T
4-HA,306,0,515,0,0,515,T
4-HA,307,0,517,0,0,517,T
4-HA,308,0,527,0,0,527,T
4-HA,309,0,528,0,0,528,T
4-HA,310,0,0,536,0,536,G
4-HA,311,0,536,0,0,536,T
4-HA,312,0,534,0,1,535,T
4-HA,313,0,0,533,0,533,G
4-HA,314,534,0,0,0,534,A
4-HA,315,537,0,1,0,538,A
4-HA,316,0,0,0,538,538,C
4-HA,317,1,0,532,0,533,G
4-HA,318,0,0,0,550,550,C
4-HA,319,553,0,1,0,554,A
4-HA,320,0,0,563,0,563,G
4-HA,321,0,0,0,563,563,C
4-HA,322,565,0,0,0,565,A
4-HA,323,563,0,0,0,563,A
4-HA,324,573,0,0,0,573,A
4-HA,325,0,0,622,0,622,G
4-HA,326,1,0,0,620,621,C
4-HA,327,0,0,0,628,628,C
4-HA,328,0,639,0,0,639,T
4-HA,329,638,0,0,0,638,A
4-HA,330,0,0,0,648,648,C
4-HA,331,651,0,0,0,651,A
4-HA,332,0,0,651,0,651,G
4-HA,333,0,0,0,646,646,C
4-HA,334,629,0,0,0,629,A
4-HA,335,645,0,0,0,645,A
4-HA,336,0,0,0,692,692,C
4-HA,337,0,691,0,0,691,T
4-HA,338,0,0,694,0,694,G
4-HA,339,0,695,0,0,695,T
4-HA,340,0,695,0,0,695,T
4-HA,341,699,0,0,0,699,A
4-HA,342,0,0,0,819,819,C
4-HA,343,0,0,0,826,826,C
4-HA,344,0,0,0,866,866,C
4-HA,345,0,847,0,1,848,T
4-HA,346,0,854,0,0,854,T
4-HA,347,857,0,0,0,857,A
4-HA,348,0,861,0,0,861,T
4-HA,349,0,0,860,0,860,G
4-HA,350,856,0,0,0,856,A
4-HA,351,0,826,0,0,826,T
4-HA,352,0,0,847,0,847,G
4-HA,353,0,837,0,1,838,T
4-HA,354,0,0,838,0,838,G
4-HA,355,0,1,0,836,837,C
4-HA,356,0,0,0,840,840,C
4-HA,357,0,1,865,0,866,G
4-HA,358,0,0,875,0,875,G
4-HA,359,877,0,0,0,877,A
4-HA,360,0,881,0,0,881,T
4-HA,361,0,881,0,0,881,T
4-HA,362,888,0,0,0,888,A
4-HA,363,0,884,0,0,884,T
4-HA,364,0,0,880,0,880,G
4-HA,365,0,0,0,882,882,C
4-HA,366,0,0,0,881,881,C
4-HA,367,1,896,0,0,897,T
4-HA,368,0,0,0,954,954,C
4-HA,369,0,0,0,959,959,C
4-HA,370,0,0,0,962,962,C
4-HA,371,0,963,0,1,964,T
4-HA,372,0,970,0,1,971,T
4-HA,373,961,0,1,0,962,A
4-HA,374,0,0,993,0,993,G
4-HA,375,0,0,999,0,999,G
4-HA,376,0,987,0,0,987,T
4-HA,377,0,1,0,988,989,C
4-HA,378,980,0,0,0,980,A
4-HA,379,0,0,0,1012,1012,C
4-HA,380,0,1012,0,0,1012,T
4-HA,381,1008,0,0,0,1008,A
4-HA,382,0,0,1009,1,1010,G
4-HA,383,0,1005,0,0,1005,T
4-HA,384,0,1007,0,1,1008,T
4-HA,385,0,0,1013,0,1013,G
4-HA,386,0,0,0,1007,1007,C
4-HA,387,0,1,0,1015,1016,C
4-HA,388,0,1011,0,1,1012,T
4-HA,389,0,0,0,1018,1018,C
4-HA,390,1085,0,0,0,1085,A
4-HA,391,1,1093,0,0,1094,T
4-HA,392,0,0,0,1084,1084,C
4-HA,393,0,0,0,1090,1090,C
4-HA,394,1,0,1082,0,1083,G
4-HA,395,2,0,1091,0,1093,G
4-HA,396,0,0,0,1096,1096,C
4-HA,397,1113,0,0,0,1113,A
4-HA,398,0,0,0,1146,1146,C
4-HA,399,1120,0,1,0,1121,A
4-HA,400,0,1,0,1132,1133,C
4-HA,401,0,1128,0,1,1129,T
4-HA,402,0,1,1150,0,1151,G
4-HA,403,1,0,1155,0,1156,G
4-HA,404,1150,0,0,0,1150,A
4-HA,405,1,0,1180,0,1181,G
4-HA,406,0,1160,0,1,1161,T
4-HA,407,0,1162,0,0,1162,T
4-HA,408,0,1162,0,6,1168,T
4-HA,409,1160,0,1,0,1161,A
4-HA,410,1164,0,1,0,1165,A
4-HA,411,0,0,0,1170,1170,C
4-HA,412,1160,0,0,0,1160,A
4-HA,413,1153,0,3,0,1156,A
4-HA,414,0,1156,0,0,1156,T
4-HA,415,0,0,1154,0,1154,G
4-HA,416,1155,0,0,0,1155,A
4-HA,417,1151,0,0,0,1151,A
4-HA,418,1153,0,8,0,1161,A
4-HA,419,0,1,1164,0,1165,G
4-HA,420,0,0,0,1175,1175,C
4-HA,421,0,1171,0,0,1171,T
4-HA,422,0,1174,0,0,1174,T
4-HA,423,0,0,0,1185,1185,C
4-HA,424,1186,0,0,0,1186,A
4-HA,425,1190,0,0,0,1190,A
4-HA,426,0,1190,0,0,1190,T
4-HA,427,0,1183,0,0,1183,T
4-HA,428,0,0,1212,0,1212,G
4-HA,429,0,2,1228,0,1230,G
4-HA,430,1221,1,0,0,1222,A
4-HA,431,0,0,0,1238,1238,C
4-HA,432,0,1230,0,0,1230,T
4-HA,433,0,0,1229,0,1229,G
4-HA,434,0,0,1237,0,1237,G
4-HA,435,1234,0,2,0,1236,A
4-HA,436,0,0,1246,0,1246,G
4-HA,437,0,1226,0,2,1228,T
4-HA,438,1,0,0,1221,1222,C
4-HA,439,1228,0,0,0,1228,A
4-HA,440,0,0,0,1237,1237,C
4-HA,441,0,1238,0,0,1238,T
4-HA,442,0,0,0,1240,1240,C
4-HA,443,1228,0,0,0,1228,A
4-HA,444,1238,0,0,0,1238,A
4-HA,445,1235,0,1,0,1236,A
4-HA,446,1242,0,1,0,1243,A
4-HA,447,0,0,0,1244,1244,C
4-HA,448,0,0,1240,0,1240,G
4-HA,449,0,1,1257,0,1258,G
4-HA,450,1266,0,1,0,1267,A
4-HA,451,1264,0,0,0,1264,A
4-HA,452,0,0,0,1271,1271,C
4-HA,453,1269,0,0,0,1269,A
4-HA,454,1276,0,1,0,1277,A
4-HA,455,0,0,1281,0,1281,G
4-HA,456,0,0,0,1284,1284,C
4-HA,457,0,1279,0,2,1281,T
4-HA,458,0,1,0,1293,1294,C
4-HA,459,0,1286,0,0,1286,T
4-HA,460,0,0,1296,0,1296,G
4-HA,461,0,0,0,1287,1287,C
4-HA,462,0,1293,0,0,1293,T
4-HA,463,0,1328,0,0,1328,T
4-HA,464,0,0,1357,0,1357,G
4-HA,465,0,1,0,1363,1364,C
4-HA,466,1365,0,0,0,1365,A
4-HA,467,0,1352,0,0,1352,T
4-HA,468,1355,1,1,0,1357,A
4-HA,469,1345,0,6,0,1351,A
4-HA,470,0,0,1350,0,1350,G
4-HA,471,1,0,1349,0,1350,G
4-HA,472,1303,0,2,0,1305,A
4-HA,473,0,0,1300,0,1300,G
4-HA,474,1306,0,0,0,1306,A
4-HA,475,0,1451,0,0,1451,T
4-HA,476,0,1,0,1501,1502,C
4-HA,477,0,1509,0,1,1510,T
4-HA,478,1510,0,0,0,1510,A
4-HA,479,1500,0,1,0,1501,A
4-HA,480,1042,457,0,0,1499,A
4-HA,481,1504,0,0,0,1504,A
4-HA,482,1489,0,1,0,1490,A
4-HA,483,0,0,0,1505,1505,C
4-HA,484,1388,0,1,0,1389,A
4-HA,485,1,0,1403,0,1404,G
4-HA,486,0,1378,0,0,1378,T
4-HA,487,0,1402,0,0,1402,T
4-HA,488,1,1408,1,0,1410,T
4-HA,489,0,0,0,1432,1432,C
4-HA,490,0,1431,0,0,1431,T
4-HA,491,0,1433,1,0,1434,T
4-HA,492,0,1436,0,0,1436,T
4-HA,493,1434,0,1,0,1435,A
4-HA,494,0,0,1439,0,1439,G
4-HA,495,0,1429,0,0,1429,T
4-HA,496,1442,0,0,0,1442,A
4-HA,497,0,2,1443,0,1445,G
4-HA,498,1428,0,0,0,1428,A
4-HA,499,0,1437,0,0,1437,T
4-HA,500,0,1436,0,0,1436,T
4-HA,501,0,0,1452,0,1452,G
4-HA,502,1449,0,1,0,1450,A
4-HA,503,1457,0,0,0,1457,A
4-HA,504,0,1453,0,0,1453,T
4-HA,505,0,1447,0,0,1447,T
4-HA,506,1,0,1460,0,1461,G
4-HA,507,0,0,1457,0,1457,G
4-HA,508,0,1465,0,0,1465,T
4-HA,509,0,1458,0,1,1459,T
4-HA,510,0,1,1445,0,1446,G
4-HA,511,1448,0,2,0,1450,A
4-HA,512,0,0,0,1454,1454,C
4-HA,513,0,1,0,1452,1453,C
4-HA,514,1,0,0,1476,1477,C
4-HA,515,1466,0,0,1,1467,A
4-HA,516,0,0,0,1590,1590,C
4-HA,517,0,1591,0,2,1593,T
4-HA,518,0,1595,0,1,1596,T
4-HA,519,1597,0,0,0,1597,A
4-HA,520,1588,0,0,0,1588,A
4-HA,521,1591,0,0,0,1591,A
4-HA,522,471,0,0,1099,1570,C
4-HA,523,0,1595,0,2,1597,T
4-HA,524,0,1589,0,0,1589,T
4-HA,525,0,0,0,1620,1620,C
4-HA,526,1558,0,0,0,1558,A
4-HA,527,1559,0,0,0,1559,A
4-HA,528,1553,0,0,0,1553,A
4-HA,529,0,1558,0,0,1558,T
4-HA,530,1583,0,0,0,1583,A
4-HA,531,0,0,0,1586,1586,C
4-HA,532,0,0,0,1566,1566,C
4-HA,533,1,0,0,1572,1573,C
4-HA,534,1563,0,2,0,1565,A
4-HA,535,1,0,1618,0,1619,G
4-HA,536,0,0,0,1623,1623,C
4-HA,537,1614,1,0,0,1615,A
4-HA,538,0,1615,0,2,1617,T
4-HA,539,0,1598,0,0,1598,T
4-HA,540,0,0,1649,0,1649,G
4-HA,541,1653,0,0,0,1653,A
4-HA,542,1656,0,1,0,1657,A
4-HA,543,1,0,0,1651,1652,C
4-HA,544,0,0,1611,0,1611,G
4-HA,545,1,1626,0,1,1628,T
4-HA,546,0,0,1639,0,1639,G
4-HA,547,1633,0,2,0,1635,A
4-HA,548,1,1,0,1644,1646,C
4-HA,549,0,1611,0,1,1612,T
4-HA,550,1649,0,0,0,1649,A
4-HA,551,0,1643,0,0,1643,T
4-HA,552,0,0,1652,0,1652,G
4-HA,553,0,0,0,1646,1646,C
4-HA,554,1,0,0,1625,1626,C
4-HA,555,1625,0,0,0,1625,A
4-HA,556,1616,0,0,0,1616,A
4-HA,557,1646,0,0,0,1646,A
4-HA,558,0,0,0,1653,1653,C
4-HA,559,1615,0,0,0,1615,A
4-HA,560,1617,1,0,0,1618,A
4-HA,561,0,1595,0,0,1595,T
4-HA,562,0,0,1604,0,1604,G
4-HA,563,1605,0,0,0,1605,A
4-HA,564,1600,1,0,0,1601,A
4-HA,565,0,1,0,1583,1584,C
4-HA,566,1585,0,0,0,1585,A
4-HA,567,1578,0,4,0,1582,A
4-HA,568,0,1582,0,0,1582,T
4-HA,569,0,1588,0,0,1588,T
4-HA,570,0,1593,0,0,1593,T
4-HA,571,0,0,1588,0,1588,G
4-HA,572,1590,2,1,0,1593,A
4-HA,573,0,2,0,1590,1592,C
4-HA,574,1596,0,0,0,1596,A
4-HA,575,1595,0,1,0,1596,A
4-HA,576,1625,0,0,0,1625,A
4-HA,577,0,1630,0,0,1630,T
4-HA,578,0,1630,0,0,1630,T
4-HA,579,0,1,1635,0,1636,G
4-HA,580,0,1631,0,0,1631,T
4-HA,581,1637,1,0,0,1638,A
4-HA,582,0,0,0,1667,1667,C
4-HA,583,1679,0,0,0,1679,A
4-HA,584,0,1704,0,1,1705,T
4-HA,585,0,1682,1,1,1684,T
4-HA,586,0,1681,0,1,1682,T
4-HA,587,1,0,1681,0,1682,G
4-HA,588,0,2,1674,0,1676,G
4-HA,589,1,1,1660,0,1662,G
4-HA,590,0,1,1671,0,1672,G
4-HA,591,0,0,1667,0,1667,G
4-HA,592,0,0,1695,0,1695,G
4-HA,593,0,1676,0,2,1678,T
4-HA,594,0,1685,0,0,1685,T
4-HA,595,1,1,0,1685,1687,C
4-HA,596,1676,0,2,0,1678,A
4-HA,597,0,1,0,1691,1692,C
4-HA,598,2,0,0,1686,1688,C
4-HA,599,1695,0,3,0,1698,A
4-HA,600,0,1,0,1717,1718,C
4-HA,601,0,0,0,1703,1703,C
4-HA,602,1,0,0,1692,1693,C
4-HA,603,0,1,1690,0,1691,G
4-HA,604,1,1,1740,0,1742,G
4-HA,605,0,0,1747,0,1747,G
4-HA,606,0,1728,1,0,1729,T
4-HA,607,1739,0,0,0,1739,A
4-HA,608,0,0,0,1734,1734,C
4-HA,609,1,0,1732,0,1733,G
4-HA,610,0,0,1798,0,1798,G
4-HA,611,1813,0,0,0,1813,A
4-HA,612,0,0,0,1813,1813,C
4-HA,613,1782,0,0,0,1782,A
4-HA,614,1778,0,1,0,1779,A
4-HA,615,1182,596,0,0,1778,A
4-HA,616,0,0,1803,0,1803,G
4-HA,617,1797,0,1,0,1798,A
4-HA,618,0,0,0,1794,1794,C
4-HA,619,0,0,1,1743,1744,C
4-HA,620,1695,0,0,0,1695,A
4-HA,621,1683,0,0,0,1683,A
4-HA,622,1702,0,0,0,1702,A
4-HA,623,0,1697,0,0,1697,T
4-HA,624,0,0,0,1712,1712,C
4-HA,625,0,1639,0,0,1639,T
4-HA,626,0,1628,0,0,1628,T
4-HA,627,1,0,0,1649,1650,C
4-HA,628,0,0,0,1667,1667,C
4-HA,629,0,1659,0,0,1659,T
4-HA,630,1,0,1683,0,1684,G
4-HA,631,0,1661,0,0,1661,T
4-HA,632,1681,0,0,0,1681,A
4-HA,633,0,1676,0,1,1677,T
4-HA,634,4,0,1672,0,1676,G
4-HA,635,0,0,0,1672,1672,C
4-HA,636,0,1654,0,12,1666,T
4-HA,637,0,6,0,1679,1685,C
4-HA,638,1678,0,7,0,1685,A
4-HA,639,1677,0,0,0,1677,A
4-HA,640,0,0,1677,0,1677,G
4-HA,641,0,0,0,1698,1698,C
4-HA,642,1696,0,0,0,1696,A
4-HA,643,1,1673,0,1,1675,T
4-HA,644,0,0,0,1694,1694,C
4-HA,645,1639,0,52,0,1691,A
4-HA,646,0,0,1707,0,1707,G
4-HA,647,0,0,1701,0,1701,G
4-HA,648,1709,0,0,0,1709,A
4-HA,649,1689,0,1,0,1690,A
4-HA,650,0,0,1694,0,1694,G
4-HA,651,1689,0,1,0,1690,A
4-HA,652,1717,0,0,0,1717,A
4-HA,653,0,1718,0,0,1718,T
4-HA,654,0,0,0,1726,1726,C
4-HA,655,1715,0,0,0,1715,A
4-HA,656,2,0,0,1722,1724,C
4-HA,657,1719,0,0,0,1719,A
4-HA,658,2,0,1735,0,1737,G
4-HA,659,0,1702,0,0,1702,T
4-HA,660,0,0,0,1719,1719,C
4-HA,661,0,1695,0,1,1696,T
4-HA,662,0,0,0,1723,1723,C
4-HA,663,0,1721,0,0,1721,T
4-HA,664,1726,0,0,0,1726,A
4-HA,665,0,0,0,1725,1725,C
4-HA,666,0,0,0,1729,1729,C
4-HA,667,1714,0,0,0,1714,A
4-HA,668,1714,0,0,0,1714,A
4-HA,669,1699,0,0,0,1699,A
4-HA,670,1697,0,1,0,1698,A
4-HA,671,0,0,1703,0,1703,G
4-HA,672,1676,0,0,0,1676,A
4-HA,673,1673,0,0,0,1673,A
4-HA,674,1,0,1665,0,1666,G
4-HA,675,0,2,1,1657,1660,C
4-HA,676,0,2,0,1683,1685,C
4-HA,677,1692,0,1,0,1693,A
4-HA,678,1682,6,1,0,1689,A
4-HA,679,0,0,0,1697,1697,C
4-HA,680,1699,0,0,0,1699,A
4-HA,681,1695,0,0,5,1700,A
4-HA,682,1701,0,1,0,1702,A
4-HA,683,0,0,0,1739,1739,C
4-HA,684,0,1726,0,2,1728,T
4-HA,685,0,0,1741,0,1741,G
4-HA,686,0,1730,0,0,1730,T
4-HA,687,1737,0,0,0,1737,A
4-HA,688,1739,0,1,0,1740,A
4-HA,689,0,1711,0,0,1711,T
4-HA,690,1,0,0,1732,1733,C
4-HA,691,0,0,0,1725,1725,C
4-HA,692,0,0,0,1712,1712,C
4-HA,693,0,1,1713,0,1714,G
4-HA,694,1714,0,0,0,1714,A
4-HA,695,1727,0,0,0,1727,A
4-HA,696,0,1725,0,0,1725,T
4-HA,697,1713,0,17,0,1730,A
4-HA,698,0,1708,0,0,1708,T
4-HA,699,0,1,0,1714,1715,C
4-HA,700,0,1,1709,0,1710,G
4-HA,701,0,0,1750,0,1750,G
4-HA,702,1759,0,1,0,1760,A
4-HA,703,0,1757,0,0,1757,T
4-HA,704,0,0,0,1753,1753,C
4-HA,705,0,1767,0,0,1767,T
4-HA,706,1765,0,2,0,1767,A
4-HA,707,0,0,1772,0,1772,G
4-HA,708,1778,0,1,0,1779,A
4-HA,709,0,0,0,1761,1761,C
4-HA,710,0,0,0,1717,1717,C
4-HA,711,0,10,0,1711,1721,C
4-HA,712,1722,0,0,0,1722,A
4-HA,713,0,1,1793,0,1794,G
4-HA,714,1792,0,1,0,1793,A
4-HA,715,0,0,1806,0,1806,G
4-HA,716,0,1783,0,0,1783,T
4-HA,717,1780,0,0,0,1780,A
4-HA,718,1777,0,1,0,1778,A
4-HA,719,1,0,1793,0,1794,G
4-HA,720,0,1,1799,0,1800,G
4-HA,721,1798,0,0,0,1798,A
4-HA,722,1681,0,2,0,1683,A
4-HA,723,0,1664,0,0,1664,T
4-HA,724,1656,1,1,0,1658,A
4-HA,725,0,1659,0,0,1659,T
4-HA,726,0,0,0,1679,1679,C
4-HA,727,0,0,1,1668,1669,C
4-HA,728,1,0,0,1647,1648,C
4-HA,729,1,1640,1,3,1645,T
4-HA,730,1659,0,0,0,1659,A
4-HA,731,1,0,1643,0,1644,G
4-HA,732,0,0,0,1653,1653,C
4-HA,733,1610,0,0,1,1611,A
4-HA,734,0,1,1646,0,1647,G
4-HA,735,1619,0,0,0,1619,A
4-HA,736,1622,0,1,0,1623,A
4-HA,737,0,1623,0,0,1623,T
4-HA,738,1622,0,1,0,1623,A
4-HA,739,1627,0,0,0,1627,A
4-HA,740,0,0,1614,0,1614,G
4-HA,741,0,0,0,1624,1624,C
4-HA,742,1631,0,0,0,1631,A
4-HA,743,0,1592,0,2,1594,T
4-HA,744,0,0,0,1696,1696,C
4-HA,745,0,1696,0,0,1696,T
4-HA,746,1706,3,0,0,1709,A
4-HA,747,0,1702,0,1,1703,T
4-HA,748,0,1701,0,0,1701,T
4-HA,749,0,0,1700,0,1700,G
4-HA,750,0,0,1681,0,1681,G
4-HA,751,1682,0,2,0,1684,A
4-HA,752,0,0,1,1682,1683,C
4-HA,753,1519,0,0,0,1519,A
4-HA,754,1541,0,0,0,1541,A
4-HA,755,0,1616,0,0,1616,T
4-HA,756,1630,0,0,0,1630,A
4-HA,757,0,0,1654,0,1654,G
4-HA,758,0,1635,0,1,1636,T
4-HA,759,1648,0,0,0,1648,A
4-HA,760,1654,0,0,0,1654,A
4-HA,761,1701,0,0,0,1701,A
4-HA,762,1722,0,0,0,1722,A
4-HA,763,0,0,0,1753,1753,C
4-HA,764,0,2,0,1697,1699,C
4-HA,765,1,0,1685,0,1686,G
4-HA,766,0,0,1711,0,1711,G
4-HA,767,0,0,1754,0,1754,G
4-HA,768,1759,0,1,0,1760,A
4-HA,769,0,0,1786,0,1786,G
4-HA,770,1854,0,1,0,1855,A
4-HA,771,0,0,0,1863,1863,C
4-HA,772,1869,0,0,6,1875,A
4-HA,773,0,2135,0,0,2135,T
4-HA,774,2198,0,0,0,2198,A
4-HA,775,0,0,0,2238,2238,C
4-HA,776,0,2228,0,0,2228,T
4-HA,777,1,1411,0,820,2232,T
4-HA,778,0,2307,0,2,2309,T
4-HA,779,0,2316,0,0,2316,T
4-HA,780,1,1,2336,0,2338,G
4-HA,781,2335,0,0,0,2335,A
4-HA,782,0,2267,0,0,2267,T
4-HA,783,0,2328,0,1,2329,T
4-HA,784,2303,0,0,0,2303,A
4-HA,785,2321,1,0,0,2322,A
4-HA,786,1,0,0,2354,2355,C
4-HA,787,2351,0,1,0,2352,A
4-HA,788,0,0,2478,0,2478,G
4-HA,789,0,1,0,2468,2469,C
4-HA,790,2465,0,1,0,2466,A
4-HA,791,0,1,0,2483,2484,C
4-HA,792,2466,0,1,1,2468,A
4-HA,793,0,0,2495,0,2495,G
4-HA,794,0,0,2485,0,2485,G
4-HA,795,0,0,2584,0,2584,G
4-HA,796,2572,0,0,1,2573,A
4-HA,797,2598,0,0,0,2598,A
4-HA,798,0,2615,0,0,2615,T
4-HA,799,0,0,0,2614,2614,C
4-HA,800,0,2649,0,0,2649,T
4-HA,801,2650,0,0,0,2650,A
4-HA,802,2630,0,1,0,2631,A
4-HA,803,1,2645,0,1,2647,T
4-HA,804,0,2594,0,0,2594,T
4-HA,805,0,0,2626,0,2626,G
4-HA,806,0,1,0,2730,2731,C
4-HA,807,0,2823,0,2,2825,T
4-HA,808,0,0,0,2923,2923,C
4-HA,809,0,0,0,2930,2930,C
4-HA,810,1,2935,0,1,2937,T
4-HA,811,2939,0,0,0,2939,A
4-HA,812,0,1,2948,0,2949,G
4-HA,813,0,2,2964,0,2966,G
4-HA,814,0,0,2970,0,2970,G
4-HA,815,3,0,2941,0,2944,G
4-HA,816,0,2901,0,0,2901,T
4-HA,817,0,2893,0,0,2893,T
4-HA,818,2899,0,0,0,2899,A
4-HA,819,0,0,0,2940,2940,C
4-HA,820,0,2942,0,1,2943,T
4-HA,821,0,2957,0,0,2957,T
4-HA,822,1,1,0,2941,2943,C
4-HA,823,2943,0,1,0,2944,A
4-HA,824,2953,0,0,0,2953,A
4-HA,825,2947,0,0,0,2947,A
4-HA,826,2964,0,0,0,2964,A
4-HA,827,0,2978,0,0,2978,T
4-HA,828,2944,0,0,0,2944,A
4-HA,829,0,0,0,2957,2957,C
4-HA,830,0,0,2954,0,2954,G
4-HA,831,2941,0,0,0,2941,A
4-HA,832,2939,0,0,0,2939,A
4-HA,833,0,0,3000,0,3000,G
4-HA,834,0,2979,0,2,2981,T
4-HA,835,0,0,3000,0,3000,G
4-HA,836,1,0,3006,0,3007,G
4-HA,837,1,0,3016,0,3017,G
4-HA,838,3009,0,3,0,3012,A
4-HA,839,3029,0,1,0,3030,A
4-HA,840,3039,0,1,0,3040,A
4-HA,841,3027,0,5,0,3032,A
4-HA,842,0,0,3055,0,3055,G
4-HA,843,0,1,0,3070,3071,C
4-HA,844,0,3045,0,3,3048,T
4-HA,845,0,0,0,3097,3097,C
4-HA,846,3107,0,1,1,3109,A
4-HA,847,3148,0,0,0,3148,A
4-HA,848,0,3146,0,0,3146,T
4-HA,849,3170,0,1,0,3171,A
4-HA,850,3167,0,0,0,3167,A
4-HA,851,0,3123,0,2,3125,T
4-HA,852,1,0,3127,0,3128,G
4-HA,853,3103,0,2,0,3105,A
4-HA,854,2,1,3210,0,3213,G
4-HA,855,3202,0,1,0,3203,A
4-HA,856,0,3199,1,0,3200,T
4-HA,857,1,0,0,3272,3273,C
4-HA,858,3266,0,0,0,3266,A
4-HA,859,0,1,3339,0,3340,G
4-HA,860,3328,0,1,0,3329,A
4-HA,861,1,3325,0,1,3327,T
4-HA,862,0,0,3328,0,3328,G
4-HA,863,0,1,0,3280,3281,C
4-HA,864,3270,0,4,0,3274,A
4-HA,865,0,2,0,3346,3348,C
4-HA,866,2,0,0,3317,3319,C
4-HA,867,0,0,0,3349,3349,C
4-HA,868,3317,0,0,0,3317,A
4-HA,869,1,3307,0,0,3308,T
4-HA,870,0,3307,1,1,3309,T
4-HA,871,0,2,3341,0,3343,G
4-HA,872,0,0,3324,0,3324,G
4-HA,873,0,1,0,3343,3344,C
4-HA,874,3303,0,0,0,3303,A
4-HA,875,3293,0,1,0,3294,A
4-HA,876,3336,0,1,0,3337,A
4-HA,877,0,3346,0,1,3347,T
4-HA,878,0,0,3338,0,3338,G
4-HA,879,0,0,0,3346,3346,C
4-HA,880,3329,0,0,0,3329,A
4-HA,881,3412,1,0,0,3413,A
4-HA,882,0,3408,0,0,3408,T
4-HA,883,0,3430,0,0,3430,T
4-HA,884,1,0,0,3433,3434,C
4-HA,885,1,3381,1,0,3383,T
4-HA,886,0,0,3436,0,3436,G
4-HA,887,3412,1,1,0,3414,A
4-HA,888,3429,0,1,0,3430,A
4-HA,889,0,3436,0,0,3436,T
4-HA,890,0,1,3393,0,3394,G
4-HA,891,0,1,0,3410,3411,C
4-HA,892,3407,1,0,1,3409,A
4-HA,893,0,3415,0,1,3416,T
4-HA,894,0,0,0,3406,3406,C
4-HA,895,3392,0,14,0,3406,A
4-HA,896,0,1,0,3557,3558,C
4-HA,897,0,3541,0,3,3544,T
4-HA,898,0,0,0,3572,3572,C
4-HA,899,2,0,0,3548,3550,C
4-HA,900,3592,0,0,0,3592,A
4-HA,901,3578,0,0,0,3578,A
4-HA,902,3587,0,1,0,3588,A
4-HA,903,0,3497,0,0,3497,T
4-HA,904,0,0,3519,0,3519,G
4-HA,905,0,1,3524,0,3525,G
4-HA,906,3507,1,1,1,3510,A
4-HA,907,3513,0,9,0,3522,A
4-HA,908,0,0,3539,0,3539,G
4-HA,909,0,0,0,3508,3508,C
4-HA,910,3517,0,2,0,3519,A
4-HA,911,0,3532,0,0,3532,T
4-HA,912,0,3520,0,2,3522,T
4-HA,913,0,1,0,3627,3628,C
4-HA,914,0,0,0,3609,3609,C
4-HA,915,1,0,1,3634,3636,C
4-HA,916,3637,0,1,0,3638,A
4-HA,917,3683,0,0,1,3684,A
4-HA,918,0,3733,0,1,3734,T
4-HA,919,0,0,3729,0,3729,G
4-HA,920,3720,0,1,0,3721,A
4-HA,921,0,0,0,3735,3735,C
4-HA,922,3674,0,0,0,3674,A
4-HA,923,3676,0,0,0,3676,A
4-HA,924,3661,0,2,0,3663,A
4-HA,925,0,0,0,3692,3692,C
4-HA,926,0,0,0,3652,3652,C
4-HA,927,3612,0,1,0,3613,A
4-HA,928,0,3605,0,1,3606,T
4-HA,929,1,3597,0,0,3598,T
4-HA,930,0,0,0,3627,3627,C
4-HA,931,2,3,0,3623,3628,C
4-HA,932,3636,0,1,1,3638,A
4-HA,933,3633,0,0,0,3633,A
4-HA,934,3642,0,0,0,3642,A
4-HA,935,3938,0,1,0,3939,A
4-HA,936,0,3945,0,0,3945,T
4-HA,937,0,0,3953,0,3953,G
4-HA,938,0,3936,0,1,3937,T
4-HA,939,2587,1372,1,1,3961,A
4-HA,940,3961,0,0,0,3961,A
4-HA,941,3951,1,0,0,3952,A
4-HA,942,0,0,0,3979,3979,C
4-HA,943,3872,1,1,0,3874,A
4-HA,944,1,0,3723,0,3724,G
4-HA,945,0,2,3713,0,3715,G
4-HA,946,3805,0,3,0,3808,A
4-HA,947,0,3804,0,1,3805,T
4-HA,948,2,0,0,3876,3878,C
4-HA,949,3904,0,1,0,3905,A
4-HA,950,0,1,0,4029,4030,C
4-HA,951,4031,0,1,1,4033,A
4-HA,952,0,4162,0,0,4162,T
4-HA,953,4086,0,0,0,4086,A
4-HA,954,1,2,0,4057,4060,C
4-HA,955,0,1,3955,0,3956,G
4-HA,956,0,1,3908,0,3909,G
4-HA,957,7,1,3859,0,3867,G
4-HA,958,0,1,3895,0,3896,G
4-HA,959,0,2,0,3852,3854,C
4-HA,960,0,1,0,3874,3875,C
4-HA,961,2,3828,0,1,3831,T
4-HA,962,0,0,4234,0,4234,G
4-HA,963,0,4232,0,5,4237,T
4-HA,964,1,0,0,4258,4259,C
4-HA,965,1,0,0,4260,4261,C
4-HA,966,0,1,0,4293,4294,C
4-HA,967,4276,0,3,1,4280,A
4-HA,968,0,1,4313,0,4314,G
4-HA,969,4286,1,0,0,4287,A
4-HA,970,0,4297,0,0,4297,T
4-HA,971,4009,0,0,1,4010,A
4-HA,972,0,3960,0,0,3960,T
4-HA,973,0,0,3983,0,3983,G
4-HA,974,0,3974,0,0,3974,T
4-HA,975,0,3929,0,1,3930,T
4-HA,976,3971,0,0,0,3971,A
4-HA,977,3925,1,1,0,3927,A
4-HA,978,1,0,3953,0,3954,G
4-HA,979,0,0,0,3964,3964,C
4-HA,980,3938,1,0,0,3939,A
4-HA,981,3930,0,4,1,3935,A
4-HA,982,3900,0,0,1,3901,A
4-HA,983,3888,0,20,0,3908,A
4-HA,984,1,0,0,3907,3908,C
4-HA,985,3859,0,0,1,3860,A
4-HA,986,0,0,0,3911,3911,C
4-HA,987,0,3835,0,1,3836,T
4-HA,988,1,3,0,3877,3881,C
4-HA,989,0,3883,0,1,3884,T
4-HA,990,0,1,3905,0,3906,G
4-HA,991,3891,0,1,0,3892,A
4-HA,992,3885,0,0,1,3886,A
4-HA,993,3895,0,0,0,3895,A
4-HA,994,0,3889,0,0,3889,T
4-HA,995,0,3860,1,0,3861,T
4-HA,996,0,2,3905,0,3907,G
4-HA,997,0,0,3861,0,3861,G
4-HA,998,0,0,0,3896,3896,C
4-HA,999,3888,0,1,0,3889,A
4-HA,1000,3887,1,0,0,3888,A
4-HA,1001,0,0,0,3902,3902,C
4-HA,1002,3874,5,1,0,3880,A
4-HA,1003,2,4,3913,0,3919,G
4-HA,1004,0,3,3886,0,3889,G
4-HA,1005,20,1,3856,0,3877,G
4-HA,1006,3882,0,2,1,3885,A
4-HA,1007,0,3871,0,0,3871,T
4-HA,1008,1,0,3889,0,3890,G
4-HA,1009,0,1,0,3903,3904,C
4-HA,1010,0,0,3927,0,3927,G
4-HA,1011,3943,1,1,0,3945,A
4-HA,1012,3890,0,2,1,3893,A
4-HA,1013,3930,0,0,0,3930,A
4-HA,1014,0,3902,0,0,3902,T
4-HA,1015,1,0,3963,0,3964,G
4-HA,1016,0,3932,0,2,3934,T
4-HA,1017,3925,0,0,0,3925,A
4-HA,1018,0,0,0,3924,3924,C
4-HA,1019,0,2,0,3919,3921,C
4-HA,1020,3899,0,1,0,3900,A
4-HA,1021,0,1,3895,0,3896,G
4-HA,1022,3776,0,1,0,3777,A
4-HA,1023,1,1,3832,0,3834,G
4-HA,1024,3793,1,0,0,3794,A
4-HA,1025,3778,0,0,0,3778,A
4-HA,1026,3782,0,3,0,3785,A
4-HA,1027,0,0,0,3780,3780,C
4-HA,1028,3759,0,0,0,3759,A
4-HA,1029,3830,0,0,0,3830,A
4-HA,1030,3802,0,3,1,3806,A
4-HA,1031,0,0,0,3865,3865,C
4-HA,1032,0,3832,0,0,3832,T
4-HA,1033,3789,0,0,0,3789,A
4-HA,1034,0,3,3786,0,3789,G
4-HA,1035,3754,0,0,0,3754,A
4-HA,1036,0,0,3877,0,3877,G
4-HA,1037,0,0,3830,0,3830,G
4-HA,1038,0,2,11,3804,3817,C
4-HA,1039,3815,0,1,0,3816,A
4-HA,1040,0,3842,0,0,3842,T
4-HA,1041,3863,0,1,0,3864,A
4-HA,1042,1,3850,0,1,3852,T
4-HA,1043,0,3841,0,0,3841,T
4-HA,1044,0,3851,0,0,3851,T
4-HA,1045,0,1,3779,0,3780,G
4-HA,1046,0,0,3784,0,3784,G
4-HA,1047,1,4,0,3764,3769,C
4-HA,1048,2,0,3764,0,3766,G
4-HA,1049,0,0,0,3737,3737,C
4-HA,1050,3719,0,1,0,3720,A
4-HA,1051,3747,0,0,0,3747,A
4-HA,1052,0,3753,0,0,3753,T
4-HA,1053,2,0,0,3765,3767,C
4-HA,1054,2,0,3773,0,3775,G
4-HA,1055,0,0,0,3763,3763,C
4-HA,1056,2,2,3776,0,3780,G
4-HA,1057,0,1,3799,0,3800,G
4-HA,1058,0,0,3819,0,3819,G
4-HA,1059,0,3800,0,0,3800,T
4-HA,1060,0,3792,0,3,3795,T
4-HA,1061,0,3794,0,1,3795,T
4-HA,1062,1,1,0,3799,3801,C
4-HA,1063,3815,0,1,0,3816,A
4-HA,1064,0,3816,0,4,3820,T
4-HA,1065,3814,0,3,1,3818,A
4-HA,1066,6,0,3849,0,3855,G
4-HA,1067,3791,0,0,0,3791,A
4-HA,1068,3802,2,0,0,3804,A
4-HA,1069,3788,0,0,0,3788,A
4-HA,1070,3793,0,0,0,3793,A
4-HA,1071,0,3800,0,0,3800,T
4-HA,1072,1,1,3841,0,3843,G
4-HA,1073,0,0,3867,0,3867,G
4-HA,1074,0,3818,0,0,3818,T
4-HA,1075,0,3827,0,0,3827,T
4-HA,1076,0,2,3834,0,3836,G
4-HA,1077,1,1,3859,0,3861,G
4-HA,1078,1,0,3871,0,3872,G
4-HA,1079,3858,0,3,0,3861,A
4-HA,1080,0,1,3908,0,3909,G
4-HA,1081,3,0,3876,0,3879,G
4-HA,1082,1,0,3994,0,3995,G
4-HA,1083,3960,0,2,0,3962,A
4-HA,1084,4009,0,1,0,4010,A
4-HA,1085,0,4027,0,0,4027,T
4-HA,1086,3,0,3994,0,3997,G
4-HA,1087,0,0,4064,0,4064,G
4-HA,1088,0,4004,0,2,4006,T
4-HA,1089,1,2,4043,0,4046,G
4-HA,1090,1,0,4040,0,4041,G
4-HA,1091,3919,0,4,1,3924,A
4-HA,1092,0,3985,0,0,3985,T
4-HA,1093,1,2,4041,0,4044,G
4-HA,1094,0,0,4086,0,4086,G
4-HA,1095,2,4029,0,0,4031,T
4-HA,1096,0,3968,0,1,3969,T
4-HA,1097,0,2,3950,0,3952,G
4-HA,1098,0,0,4016,0,4016,G
4-HA,1099,1,3985,0,2,3988,T
4-HA,1100,3995,0,1,0,3996,A
4-HA,1101,0,1,0,3829,3830,C
4-HA,1102,1,0,3865,0,3866,G
4-HA,1103,0,0,3966,1,3967,G
4-HA,1104,0,3955,0,2,3957,T
4-HA,1105,0,3955,0,1,3956,T
4-HA,1106,0,3939,0,0,3939,T
4-HA,1107,0,1,0,3915,3916,C
4-HA,1108,3925,0,6,1,3932,A
4-HA,1109,2,1,3936,0,3939,G
4-HA,1110,3,0,3903,0,3906,G
4-HA,1111,0,0,0,3927,3927,C
4-HA,1112,3786,0,0,0,3786,A
4-HA,1113,0,3780,0,2,3782,T
4-HA,1114,0,0,0,3806,3806,C
4-HA,1115,3811,0,0,0,3811,A
4-HA,1116,3804,0,0,0,3804,A
4-HA,1117,3815,0,0,1,3816,A
4-HA,1118,3806,0,1,0,3807,A
4-HA,1119,0,3796,0,0,3796,T
4-HA,1120,0,3792,0,0,3792,T
4-HA,1121,0,0,0,3947,3947,C
4-HA,1122,0,3948,0,2,3950,T
4-HA,1123,1,0,3951,0,3952,G
4-HA,1124,3916,0,2,1,3919,A
4-HA,1125,1384,0,2563,0,3947,G
4-HA,1126,0,2,3960,0,3962,G
4-HA,1127,1,0,3986,0,3987,G
4-HA,1128,3989,1,1,0,3991,A
4-HA,1129,3967,0,2,0,3969,A
4-HA,1130,0,1,3830,0,3831,G
4-HA,1131,3863,0,4,0,3867,A
4-HA,1132,0,1,3903,1,3905,G
4-HA,1133,0,1,3907,0,3908,G
4-HA,1134,3889,1,6,0,3896,A
4-HA,1135,0,0,1,3912,3913,C
4-HA,1136,3882,0,1,0,3883,A
4-HA,1137,3871,0,3,0,3874,A
4-HA,1138,0,0,3863,0,3863,G
4-HA,1139,0,0,0,3871,3871,C
4-HA,1140,3840,0,2,0,3842,A
4-HA,1141,0,0,3878,0,3878,G
4-HA,1142,0,0,0,3869,3869,C
4-HA,1143,3863,1,0,0,3864,A
4-HA,1144,0,0,3899,0,3899,G
4-HA,1145,3858,0,0,0,3858,A
4-HA,1146,0,3945,0,2,3947,T
4-HA,1147,0,0,0,3991,3991,C
4-HA,1148,1,3969,0,2,3972,T
4-HA,1149,0,1,0,4041,4042,C
4-HA,1150,4031,0,0,0,4031,A
4-HA,1151,4032,0,0,1,4033,A
4-HA,1152,4029,0,1,0,4030,A
4-HA,1153,3968,1,4,0,3973,A
4-HA,1154,0,0,3973,0,3973,G
4-HA,1155,0,1,0,3882,3883,C
4-HA,1156,3865,0,1,0,3866,A
4-HA,1157,1,0,0,3912,3913,C
4-HA,1158,0,3876,0,1,3877,T
4-HA,1159,0,1,0,3915,3916,C
4-HA,1160,3927,0,1,0,3928,A
4-HA,1161,4015,1,5,0,4021,A
4-HA,1162,2,0,4010,0,4012,G
4-HA,1163,0,0,0,4015,4015,C
4-HA,1164,3983,0,2,0,3985,A
4-HA,1165,0,0,3985,0,3985,G
4-HA,1166,0,1,0,3927,3928,C
4-HA,1167,3940,0,0,0,3940,A
4-HA,1168,3925,0,0,0,3925,A
4-HA,1169,0,3891,1,0,3892,T
4-HA,1170,0,1,0,3846,3847,C
4-HA,1171,0,1,3869,0,3870,G
4-HA,1172,3847,0,3,0,3850,A
4-HA,1173,0,3815,0,1,3816,T
4-HA,1174,2,0,0,3829,3831,C
4-HA,1175,3854,0,1,1,3856,A
4-HA,1176,3907,0,0,0,3907,A
4-HA,1177,3892,0,1,0,3893,A
4-HA,1178,0,3879,1,0,3880,T
4-HA,1179,0,0,0,3896,3896,C
4-HA,1180,3858,1,0,0,3859,A
4-HA,1181,3872,0,1,0,3873,A
4-HA,1182,0,3883,0,1,3884,T
4-HA,1183,1,0,3897,0,3898,G
4-HA,1184,1,1,3869,0,3871,G
4-HA,1185,0,0,3819,0,3819,G
4-HA,1186,3819,0,1,0,3820,A
4-HA,1187,3838,0,4,0,3842,A
4-HA,1188,0,0,3879,0,3879,G
4-HA,1189,1,0,0,3866,3867,C
4-HA,1190,0,3867,1,5,3873,T
4-HA,1191,2,0,4011,0,4013,G
4-HA,1192,4011,0,0,0,4011,A
4-HA,1193,4017,0,0,0,4017,A
4-HA,1194,0,4011,0,0,4011,T
4-HA,1195,3942,0,0,0,3942,A
4-HA,1196,0,0,3941,0,3941,G
4-HA,1197,3686,0,2,0,3688,A
4-HA,1198,0,3688,1,1,3690,T
4-HA,1199,1,3713,0,0,3714,T
4-HA,1200,0,1,3728,0,3729,G
4-HA,1201,3688,0,1,1,3690,A
4-HA,1202,0,3678,0,0,3678,T
4-HA,1203,0,0,0,3711,3711,C
4-HA,1204,2,1,3728,0,3731,G
4-HA,1205,0,3,3715,0,3718,G
4-HA,1206,1,1,3720,0,3722,G
4-HA,1207,3711,0,0,0,3711,A
4-HA,1208,3721,0,1,0,3722,A
4-HA,1209,3714,0,2,0,3716,A
4-HA,1210,3698,1,0,0,3699,A
4-HA,1211,0,0,0,3718,3718,C
4-HA,1212,1,0,0,3716,3717,C
4-HA,1213,3698,0,0,0,3698,A
4-HA,1214,3702,0,3,0,3705,A
4-HA,1215,0,0,1,3713,3714,C
4-HA,1216,1,0,3726,0,3727,G
4-HA,1217,3722,2,1,0,3725,A
4-HA,1218,0,2,3724,0,3726,G
4-HA,1219,3660,1,59,0,3720,A
4-HA,1220,3707,1,1,0,3709,A
4-HA,1221,3700,0,1,0,3701,A
4-HA,1222,1,3687,2,0,3690,T
4-HA,1223,0,3679,0,3,3682,T
4-HA,1224,3,0,1,3699,3703,C
4-HA,1225,1,0,1,3709,3711,C
4-HA,1226,3706,0,1,0,3707,A
4-HA,1227,0,3680,0,0,3680,T
4-HA,1228,0,0,0,3716,3716,C
4-HA,1229,3687,0,0,0,3687,A
4-HA,1230,0,1,3718,0,3719,G
4-HA,1231,3703,1,0,0,3704,A
4-HA,1232,1,3695,1,2,3699,T
4-HA,1233,0,3691,1,0,3692,T
4-HA,1234,0,0,3703,0,3703,G
4-HA,1235,3688,0,0,0,3688,A
4-HA,1236,3712,0,0,0,3712,A
4-HA,1237,3708,0,3,0,3711,A
4-HA,1238,3708,0,0,0,3708,A
4-HA,1239,3672,0,1,0,3673,A
4-HA,1240,1,0,3663,0,3664,G
4-HA,1241,3656,0,1,0,3657,A
4-HA,1242,3661,0,0,0,3661,A
4-HA,1243,0,3603,1,1,3605,T
4-HA,1244,2,3595,0,0,3597,T
4-HA,1245,0,1,0,3626,3627,C
4-HA,1246,0,3635,0,1,3636,T
4-HA,1247,1,0,0,3620,3621,C
4-HA,1248,3620,0,1,1,3622,A
4-HA,1249,2,0,3637,0,3639,G
4-HA,1250,3607,0,0,0,3607,A
4-HA,1251,3591,0,2,0,3593,A
4-HA,1252,0,0,3618,0,3618,G
4-HA,1253,0,3542,0,0,3542,T
4-HA,1254,0,0,0,3597,3597,C
4-HA,1255,0,1,3609,0,3610,G
4-HA,1256,3602,1,1,0,3604,A
4-HA,1257,3605,0,1,0,3606,A
4-HA,1258,1,2,3613,0,3616,G
4-HA,1259,0,1,3728,0,3729,G
4-HA,1260,0,0,3729,2,3731,G
4-HA,1261,3667,0,6,0,3673,A
4-HA,1262,0,1,3680,0,3681,G
4-HA,1263,2357,0,1311,0,3668,A
4-HA,1264,3896,0,1,0,3897,A
4-HA,1265,0,3888,0,1,3889,T
4-HA,1266,0,3890,0,1,3891,T
4-HA,1267,0,1,0,3898,3899,C
4-HA,1268,3654,2,3,0,3659,A
4-HA,1269,0,0,3659,0,3659,G
4-HA,1270,0,1,3637,0,3638,G
4-HA,1271,3580,1,4,1,3586,A
4-HA,1272,0,0,0,3618,3618,C
4-HA,1273,1,1,0,3310,3312,C
4-HA,1274,0,3289,0,1,3290,T
4-HA,1275,1,3238,1,67,3307,T
4-HA,1276,0,0,3334,0,3334,G
4-HA,1277,3323,0,4,0,3327,A
4-HA,1278,0,0,3394,0,3394,G
4-HA,1279,3358,0,0,0,3358,A
4-HA,1280,3161,0,0,0,3161,A
4-HA,1281,3156,0,1,0,3157,A
4-HA,1282,0,3121,1,0,3122,T
4-HA,1283,3178,0,3,0,3181,A
4-HA,1284,0,3180,0,0,3180,T
4-HA,1285,0,0,3203,0,3203,G
4-HA,1286,0,3187,0,2,3189,T
4-HA,1287,0,3127,0,1,3128,T
4-HA,1288,0,0,3135,0,3135,G
4-HA,1289,3109,0,2,0,3111,A
4-HA,1290,0,1,3174,0,3175,G
4-HA,1291,0,1,3168,1,3170,G
4-HA,1292,3114,0,1,0,3115,A
4-HA,1293,1,1,0,3352,3354,C
4-HA,1294,3312,0,1,0,3313,A
4-HA,1295,0,1,0,3347,3348,C
4-HA,1296,0,2094,0,1263,3357,T
4-HA,1297,3430,0,0,0,3430,A
4-HA,1298,3448,0,1,1,3450,A
4-HA,1299,3437,0,1,0,3438,A
4-HA,1300,3424,0,41,0,3465,A
4-HA,1301,0,3453,0,0,3453,T
4-HA,1302,3192,0,0,0,3192,A
4-HA,1303,0,0,3203,0,3203,G
4-HA,1304,3140,1,0,0,3141,A
4-HA,1305,0,3160,0,1,3161,T
4-HA,1306,1,0,0,3171,3172,C
4-HA,1307,0,3114,0,1,3115,T
4-HA,1308,0,0,0,3201,3201,C
4-HA,1309,0,3191,0,1,3192,T
4-HA,1310,0,1,3255,0,3256,G
4-HA,1311,0,0,3333,1,3334,G
4-HA,1312,0,3310,0,3,3313,T
4-HA,1313,0,0,0,3335,3335,C
4-HA,1314,3350,0,1,0,3351,A
4-HA,1315,0,3347,0,2,3349,T
4-HA,1316,3353,0,0,0,3353,A
4-HA,1317,0,1,0,3348,3349,C
4-HA,1318,3268,0,1,0,3269,A
4-HA,1319,3268,0,2,1,3271,A
4-HA,1320,0,0,0,3168,3168,C
4-HA,1321,1,0,3139,0,3140,G
4-HA,1322,0,0,0,3162,3162,C
4-HA,1323,0,0,3141,2,3143,G
4-HA,1324,0,0,3146,0,3146,G
4-HA,1325,3140,0,1,0,3141,A
4-HA,1326,1,0,3165,0,3166,G
4-HA,1327,0,0,0,3165,3165,C
4-HA,1328,1,3154,0,6,3161,T
4-HA,1329,1,3186,0,1,3188,T
4-HA,1330,0,3,0,3196,3199,C
4-HA,1331,1,3207,0,0,3208,T
4-HA,1332,0,3213,0,4,3217,T
4-HA,1333,1,0,3205,0,3206,G
4-HA,1334,1,3189,0,4,3194,T
4-HA,1335,0,3148,0,0,3148,T
4-HA,1336,0,0,3197,0,3197,G
4-HA,1337,0,0,0,3178,3178,C
4-HA,1338,1,0,0,3177,3178,C
4-HA,1339,0,2,0,3200,3202,C
4-HA,1340,0,3194,0,8,3202,T
4-HA,1341,0,0,3225,0,3225,G
4-HA,1342,0,1,3234,0,3235,G
4-HA,1343,3224,0,1,0,3225,A
4-HA,1344,0,0,3252,0,3252,G
4-HA,1345,3184,0,1,0,3185,A
4-HA,1346,3199,0,2,0,3201,A
4-HA,1347,0,1,0,3202,3203,C
4-HA,1348,1,0,0,3214,3215,C
4-HA,1349,3228,1,2,0,3231,A
4-HA,1350,3356,0,0,0,3356,A
4-HA,1351,1,1,0,3350,3352,C
4-HA,1352,3372,0,1,0,3373,A
4-HA,1353,0,3367,0,2,3369,T
4-HA,1354,3347,0,11,0,3358,A
4-HA,1355,0,0,0,3405,3405,C
4-HA,1356,3381,0,1,0,3382,A
4-HA,1357,3381,0,0,0,3381,A
4-HA,1358,0,3342,0,0,3342,T
4-HA,1359,0,3267,0,0,3267,T
4-HA,1360,1,1,3305,0,3307,G
4-HA,1361,3323,0,1,0,3324,A
4-HA,1362,1,3298,0,1,3300,T
4-HA,1363,0,0,0,3332,3332,C
4-HA,1364,0,3284,0,1,3285,T
4-HA,1365,3315,0,0,0,3315,A
4-HA,1366,3316,0,0,0,3316,A
4-HA,1367,0,0,0,3314,3314,C
4-HA,1368,0,3302,0,1,3303,T
4-HA,1369,1,1,3276,0,3278,G
4-HA,1370,3290,0,0,0,3290,A
4-HA,1371,0,0,0,3296,3296,C
4-HA,1372,0,3268,0,0,3268,T
4-HA,1373,0,6,0,3293,3299,C
4-HA,1374,3247,0,54,0,3301,A
4-HA,1375,0,1,3346,1,3348,G
4-HA,1376,3332,0,0,0,3332,A
4-HA,1377,3334,0,1,0,3335,A
4-HA,1378,3350,0,1,0,3351,A
4-HA,1379,0,3301,0,3,3304,T
4-HA,1380,0,2,3347,0,3349,G
4-HA,1381,3333,1,3,0,3337,A
4-HA,1382,3331,0,8,0,3339,A
4-HA,1383,0,0,0,3342,3342,C
4-HA,1384,3302,1,0,0,3303,A
4-HA,1385,3303,1,0,0,3304,A
4-HA,1386,3286,0,1,0,3287,A
4-HA,1387,0,0,0,3308,3308,C
4-HA,1388,0,3274,0,0,3274,T
4-HA,1389,1,0,3296,0,3297,G
4-HA,1390,0,3250,1,1,3252,T
4-HA,1391,0,3263,0,2,3265,T
4-HA,1392,0,3283,0,0,3283,T
4-HA,1393,0,0,3276,0,3276,G
4-HA,1394,3272,0,1,0,3273,A
4-HA,1395,3271,0,0,0,3271,A
4-HA,1396,3256,0,2,0,3258,A
4-HA,1397,3264,0,0,1,3265,A
4-HA,1398,3239,0,1,0,3240,A
4-HA,1399,3237,0,1,0,3238,A
4-HA,1400,0,0,0,3262,3262,C
4-HA,1401,3258,0,0,0,3258,A
4-HA,1402,3256,0,0,0,3256,A
4-HA,1403,3246,0,1,0,3247,A
4-HA,1404,3,0,3254,0,3257,G
4-HA,1405,3254,0,0,0,3254,A
4-HA,1406,3254,0,3,0,3257,A
4-HA,1407,1,0,3250,0,3251,G
4-HA,1408,0,0,0,3244,3244,C
4-HA,1409,3256,0,1,0,3257,A
4-HA,1410,3264,0,1,0,3265,A
4-HA,1411,0,0,0,3266,3266,C
4-HA,1412,0,3234,0,0,3234,T
4-HA,1413,0,1,3272,0,3273,G
4-HA,1414,3229,0,2,0,3231,A
4-HA,1415,0,2,3265,0,3267,G
4-HA,1416,1,0,3251,0,3252,G
4-HA,1417,1,1,3262,0,3264,G
4-HA,1418,3278,0,0,0,3278,A
4-HA,1419,3259,0,1,0,3260,A
4-HA,1420,3260,0,0,0,3260,A
4-HA,1421,3281,0,0,0,3281,A
4-HA,1422,0,3280,0,0,3280,T
4-HA,1423,0,0,3283,0,3283,G
4-HA,1424,0,1,0,3280,3281,C
4-HA,1425,0,3268,0,1,3269,T
4-HA,1426,0,1,3278,0,3279,G
4-HA,1427,3270,0,1,0,3271,A
4-HA,1428,1,2,3403,0,3406,G
4-HA,1429,0,0,3453,0,3453,G
4-HA,1430,3424,0,0,0,3424,A
4-HA,1431,0,3393,0,0,3393,T
4-HA,1432,3360,0,5,0,3365,A
4-HA,1433,0,3349,0,1,3350,T
4-HA,1434,1,2,3391,1,3395,G
4-HA,1435,1,2,3415,0,3418,G
4-HA,1436,3,0,3403,0,3406,G
4-HA,1437,0,0,0,3251,3251,C
4-HA,1438,3198,0,1,0,3199,A
4-HA,1439,3200,0,1,0,3201,A
4-HA,1440,1,3193,0,0,3194,T
4-HA,1441,0,0,3210,0,3210,G
4-HA,1442,0,0,3200,0,3200,G
4-HA,1443,1,3137,0,1,3139,T
4-HA,1444,0,3084,0,0,3084,T
4-HA,1445,0,0,3106,0,3106,G
4-HA,1446,0,3109,0,5,3114,T
4-HA,1447,0,3111,0,2,3113,T
4-HA,1448,0,3103,0,3,3106,T
4-HA,1449,1,1,0,3124,3126,C
4-HA,1450,3135,0,0,0,3135,A
4-HA,1451,3130,1,1,0,3132,A
4-HA,1452,3131,0,0,0,3131,A
4-HA,1453,3155,0,1,0,3156,A
4-HA,1454,0,3129,0,0,3129,T
4-HA,1455,3114,0,0,0,3114,A
4-HA,1456,1,3112,0,0,3113,T
4-HA,1457,3087,0,0,0,3087,A
4-HA,1458,0,1,0,3126,3127,C
4-HA,1459,2,0,0,3110,3112,C
4-HA,1460,3111,1,0,0,3112,A
4-HA,1461,0,0,0,3124,3124,C
4-HA,1462,3131,0,0,0,3131,A
4-HA,1463,3132,0,0,0,3132,A
4-HA,1464,3137,0,2,0,3139,A
4-HA,1465,0,3122,0,0,3122,T
4-HA,1466,0,1,3134,0,3135,G
4-HA,1467,0,3100,0,2,3102,T
4-HA,1468,0,1,3113,0,3114,G
4-HA,1469,3121,0,3,0,3124,A
4-HA,1470,0,1,0,3113,3114,C
4-HA,1471,3076,0,1,0,3077,A
4-HA,1472,3078,0,0,0,3078,A
4-HA,1473,0,3105,0,0,3105,T
4-HA,1474,0,0,3136,0,3136,G
4-HA,1475,0,5,0,3095,3100,C
4-HA,1476,0,0,1,3134,3135,C
4-HA,1477,1,3107,0,2,3110,T
4-HA,1478,2,1,3343,0,3346,G
4-HA,1479,1,0,1,3330,3332,C
4-HA,1480,3357,0,1,0,3358,A
4-HA,1481,0,3355,0,0,3355,T
4-HA,1482,2163,1,0,1069,3233,A
4-HA,1483,0,0,3236,0,3236,G
4-HA,1484,0,0,3224,0,3224,G
4-HA,1485,3223,0,5,0,3228,A
4-HA,1486,0,3181,0,1,3182,T
4-HA,1487,0,1,0,2829,2830,C
4-HA,1488,2826,0,0,0,2826,A
4-HA,1489,2830,0,1,0,2831,A
4-HA,1490,0,2824,0,0,2824,T
4-HA,1491,0,0,0,2831,2831,C
4-HA,1492,2791,0,0,0,2791,A
4-HA,1493,1,0,2803,0,2804,G
4-HA,1494,2803,2,0,0,2805,A
4-HA,1495,2809,0,0,0,2809,A
4-HA,1496,2798,0,1,0,2799,A
4-HA,1497,0,2789,0,0,2789,T
4-HA,1498,0,0,2786,0,2786,G
4-HA,1499,0,2,2776,0,2778,G
4-HA,1500,2776,0,0,0,2776,A
4-HA,1501,2782,0,0,0,2782,A
4-HA,1502,0,0,0,2783,2783,C
4-HA,1503,1,2755,1,0,2757,T
4-HA,1504,0,2779,0,0,2779,T
4-HA,1505,2785,0,1,0,2786,A
4-HA,1506,1,2765,0,0,2766,T
4-HA,1507,0,0,2770,0,2770,G
4-HA,1508,2755,0,3,0,2758,A
4-HA,1509,0,1,0,2758,2759,C
4-HA,1510,1,0,0,2727,2728,C
4-HA,1511,2715,0,0,0,2715,A
4-HA,1512,0,1,0,2783,2784,C
4-HA,1513,1,0,2832,0,2833,G
4-HA,1514,2873,1,1,0,2875,A
4-HA,1515,0,2914,0,0,2914,T
4-HA,1516,0,0,3002,0,3002,G
4-HA,1517,0,2969,0,1,2970,T
4-HA,1518,3083,0,1,0,3084,A
4-HA,1519,0,3080,0,1,3081,T
4-HA,1520,3062,0,1,0,3063,A
4-HA,1521,1,0,0,3065,3066,C
4-HA,1522,2715,0,0,0,2715,A
4-HA,1523,0,1,2747,0,2748,G
4-HA,1524,2574,0,0,0,2574,A
4-HA,1525,0,0,2505,0,2505,G
4-HA,1526,2496,0,1,0,2497,A
4-HA,1527,0,2254,0,0,2254,T
4-HA,1528,0,0,2254,0,2254,G
4-HA,1529,2252,0,0,0,2252,A
4-HA,1530,2249,0,4,0,2253,A
4-HA,1531,0,0,2281,0,2281,G
4-HA,1532,0,1,0,2230,2231,C
4-HA,1533,2232,1,0,0,2233,A
4-HA,1534,0,2207,0,0,2207,T
4-HA,1535,0,2213,0,0,2213,T
4-HA,1536,2214,1,0,0,2215,A
4-HA,1537,2212,0,1,0,2213,A
4-HA,1538,2203,0,0,0,2203,A
4-HA,1539,0,0,0,2216,2216,C
4-HA,1540,2149,0,0,0,2149,A
4-HA,1541,2142,0,0,0,2142,A
4-HA,1542,0,0,0,2140,2140,C
4-HA,1543,0,0,0,2140,2140,C
4-HA,1544,0,0,2143,0,2143,G
4-HA,1545,0,0,2200,0,2200,G
4-HA,1546,0,2190,0,4,2194,T
4-HA,1547,0,2182,0,0,2182,T
4-HA,1548,0,1422,0,745,2167,T
4-HA,1549,1,0,0,2178,2179,C
4-HA,1550,2181,0,2,0,2183,A
4-HA,1551,0,0,2194,0,2194,G
4-HA,1552,2197,0,0,0,2197,A
4-HA,1553,0,2125,0,0,2125,T
4-HA,1554,0,0,0,2019,2019,C
4-HA,1555,1934,0,1,0,1935,A
4-HA,1556,1943,0,1,0,1944,A
4-HA,1557,0,1,1942,0,1943,G
4-HA,1558,0,0,1942,0,1942,G
4-HA,1559,1,1,1930,1,1933,G
4-HA,1560,1875,0,1,0,1876,A
4-HA,1561,0,0,1898,0,1898,G
4-HA,1562,0,1895,0,1,1896,T
4-HA,1563,0,1895,0,2,1897,T
4-HA,1564,0,2,1906,0,1908,G
4-HA,1565,1885,0,3,0,1888,A
4-HA,1566,0,1,1894,0,1895,G
4-HA,1567,0,0,0,1898,1898,C
4-HA,1568,0,1876,0,1,1877,T
4-HA,1569,0,1,1875,0,1876,G
4-HA,1570,1854,0,0,0,1854,A
4-HA,1571,1871,0,3,0,1874,A
4-HA,1572,0,0,1870,0,1870,G
4-HA,1573,0,1816,0,0,1816,T
4-HA,1574,0,0,0,1819,1819,C
4-HA,1575,1783,0,0,0,1783,A
4-HA,1576,0,2,1783,0,1785,G
4-HA,1577,0,1,1775,0,1776,G
4-HA,1578,1,0,1751,0,1752,G
4-HA,1579,0,1797,0,1,1798,T
4-HA,1580,1803,1,0,0,1804,A
4-HA,1581,1,1,0,1806,1808,C
4-HA,1582,1805,0,0,0,1805,A
4-HA,1583,1807,0,0,0,1807,A
4-HA,1584,1798,0,2,0,1800,A
4-HA,1585,0,2,1808,0,1810,G
4-HA,1586,1747,0,0,0,1747,A
4-HA,1587,0,1684,0,0,1684,T
4-HA,1588,0,1654,0,0,1654,T
4-HA,1589,0,2,1650,0,1652,G
4-HA,1590,0,0,1649,0,1649,G
4-HA,1591,1657,1,0,0,1658,A
4-HA,1592,0,1643,0,1,1644,T
4-HA,1593,0,0,0,1625,1625,C
4-HA,1594,1,0,0,1603,1604,C
4-HA,1595,0,1603,0,0,1603,T
4-HA,1596,1610,0,0,0,1610,A
4-HA,1597,0,1608,0,0,1608,T
4-HA,1598,1,0,1602,0,1603,G
4-HA,1599,0,0,1603,0,1603,G
4-HA,1600,1557,0,0,0,1557,A
4-HA,1601,0,1552,0,0,1552,T
4-HA,1602,0,1532,0,1,1533,T
4-HA,1603,0,1532,0,1,1533,T
4-HA,1604,1,0,0,1528,1529,C
4-HA,1605,2,0,1,1528,1531,C
4-HA,1606,1,1525,0,0,1526,T
4-HA,1607,1,1527,0,0,1528,T
4-HA,1608,0,1516,0,0,1516,T
4-HA,1609,0,0,1522,0,1522,G
4-HA,1610,0,1,0,1506,1507,C
4-HA,1611,0,0,0,1516,1516,C
4-HA,1612,1481,0,0,0,1481,A
4-HA,1613,0,1469,0,1,1470,T
4-HA,1614,1487,0,0,0,1487,A
4-HA,1615,0,1467,0,0,1467,T
4-HA,1616,0,0,0,1470,1470,C
4-HA,1617,1471,0,0,1,1472,A
4-HA,1618,0,1444,0,0,1444,T
4-HA,1619,0,0,1462,0,1462,G
4-HA,1620,0,1449,1,1,1451,T
4-HA,1621,0,1435,0,1,1436,T
4-HA,1622,0,1439,0,1,1440,T
4-HA,1623,0,1394,0,0,1394,T
4-HA,1624,0,1397,0,0,1397,T
4-HA,1625,0,1393,0,0,1393,T
4-HA,1626,0,0,1402,0,1402,G
4-HA,1627,1,0,0,1379,1380,C
4-HA,1628,0,1356,0,3,1359,T
4-HA,1629,0,1364,0,0,1364,T
4-HA,1630,0,1362,0,0,1362,T
4-HA,1631,0,0,1387,0,1387,G
4-HA,1632,0,1383,0,1,1384,T
4-HA,1633,0,0,1384,0,1384,G
4-HA,1634,0,1381,0,0,1381,T
4-HA,1635,0,1358,0,0,1358,T
4-HA,1636,1,0,1363,0,1364,G
4-HA,1637,0,0,0,1342,1342,C
4-HA,1638,0,1349,0,5,1354,T
4-HA,1639,0,1363,0,0,1363,T
4-HA,1640,0,1261,0,0,1261,T
4-HA,1641,0,3,1276,0,1279,G
4-HA,1642,0,1273,0,0,1273,T
4-HA,1643,0,1277,0,0,1277,T
4-HA,1644,0,0,1274,0,1274,G
4-HA,1645,0,0,1238,0,1238,G
4-HA,1646,0,0,1236,0,1236,G
4-HA,1647,0,0,1246,0,1246,G
4-HA,1648,0,1201,0,0,1201,T
4-HA,1649,0,1191,0,1,1192,T
4-HA,1650,4,0,0,1162,1166,C
4-HA,1651,1156,0,0,0,1156,A
4-HA,1652,0,1150,0,1,1151,T
4-HA,1653,0,0,0,1154,1154,C
4-HA,1654,1162,0,0,0,1162,A
4-HA,1655,0,1143,0,0,1143,T
4-HA,1656,0,0,1121,0,1121,G
4-HA,1657,0,1093,0,1,1094,T
4-HA,1658,0,1,1087,0,1088,G
4-HA,1659,0,0,1058,0,1058,G
4-HA,1660,0,0,1049,0,1049,G
4-HA,1661,0,0,0,1016,1016,C
4-HA,1662,0,0,0,990,990,C
4-HA,1663,0,922,0,2,924,T
4-HA,1664,0,0,925,0,925,G
4-HA,1665,0,0,0,909,909,C
4-HA,1666,0,0,0,921,921,C
4-HA,1667,924,0,0,0,924,A
4-HA,1668,920,0,1,0,921,A
4-HA,1669,920,0,0,0,920,A
4-HA,1670,920,0,0,0,920,A
4-HA,1671,916,0,1,0,917,A
4-HA,1672,0,0,914,0,914,G
4-HA,1673,1,0,883,0,884,G
4-HA,1674,1,0,0,878,879,C
4-HA,1675,874,0,0,0,874,A
4-HA,1676,882,0,3,0,885,A
4-HA,1677,0,0,0,883,883,C
4-HA,1678,885,0,0,0,885,A
4-HA,1679,0,882,0,0,882,T
4-HA,1680,0,884,0,0,884,T
4-HA,1681,855,0,1,0,856,A
4-HA,1682,0,0,851,0,851,G
4-HA,1683,0,0,849,0,849,G
4-HA,1684,0,812,0,4,816,T
4-HA,1685,0,0,762,0,762,G
4-HA,1686,0,0,0,729,729,C
4-HA,1687,726,0,0,0,726,A
4-HA,1688,721,0,1,0,722,A
4-HA,1689,0,0,0,721,721,C
4-HA,1690,719,0,0,0,719,A
4-HA,1691,0,701,0,0,701,T
4-HA,1692,0,659,0,0,659,T
4-HA,1693,0,657,0,1,658,T
4-HA,1694,0,0,656,0,656,G
4-HA,1695,0,0,0,652,652,C
4-HA,1696,647,0,0,0,647,A
4-HA,1697,0,591,0,0,591,T
4-HA,1698,0,568,0,0,568,T
4-HA,1699,0,545,0,0,545,T
4-HA,1700,0,0,544,0,544,G
4-HA,1701,516,0,0,0,516,A
5-NP,1,100,0,0,0,100,A
5-NP,2,0,101,0,0,101,T
5-NP,3,0,0,100,0,100,G
5-NP,4,0,0,102,0,102,G
5-NP,5,0,0,0,102,102,C
5-NP,6,0,0,104,0,104,G
5-NP,7,0,113,0,0,113,T
5-NP,8,0,0,0,114,114,C
5-NP,9,0,0,0,113,113,C
5-NP,10,0,0,0,115,115,C
5-NP,11,114,0,0,0,114,A
5-NP,12,114,0,0,0,114,A
5-NP,13,0,0,113,0,113,G
5-NP,14,0,0,121,0,121,G
5-NP,15,0,0,0,121,121,C
5-NP,16,123,0,0,0,123,A
5-NP,17,0,0,0,126,126,C
5-NP,18,0,0,0,124,124,C
5-NP,19,127,0,0,0,127,A
5-NP,20,125,0,0,0,125,A
5-NP,21,125,0,0,0,125,A
5-NP,22,0,0,0,123,123,C
5-NP,23,0,0,127,0,127,G
5-NP,24,0,0,145,0,145,G
5-NP,25,0,143,0,0,143,T
5-NP,26,0,0,0,152,152,C
5-NP,27,0,153,0,0,153,T
5-NP,28,0,153,0,0,153,T
5-NP,29,152,0,0,0,152,A
5-NP,30,0,151,0,1,152,T
5-NP,31,0,0,153,0,153,G
5-NP,32,155,0,0,0,155,A
5-NP,33,153,0,0,0,153,A
5-NP,34,0,0,0,154,154,C
5-NP,35,154,0,0,0,154,A
5-NP,36,0,1,161,0,162,G
5-NP,37,157,0,0,0,157,A
5-NP,38,0,165,0,0,165,T
5-NP,39,0,1,161,0,162,G
5-NP,40,0,0,165,0,165,G
5-NP,41,166,0,0,0,166,A
5-NP,42,167,0,0,0,167,A
5-NP,43,165,0,1,0,166,A
5-NP,44,0,0,0,167,167,C
5-NP,45,0,168,0,0,168,T
5-NP,46,0,0,172,0,172,G
5-NP,47,167,0,0,0,167,A
5-NP,48,0,172,0,0,172,T
5-NP,49,0,0,172,0,172,G
5-NP,50,0,0,170,0,170,G
5-NP,51,0,0,173,0,173,G
5-NP,52,0,0,171,0,171,G
5-NP,53,173,0,0,0,173,A
5-NP,54,0,169,0,0,169,T
5-NP,55,0,0,0,176,176,C
5-NP,56,0,0,174,0,174,G
5-NP,57,0,0,0,178,178,C
5-NP,58,0,0,0,182,182,C
5-NP,59,180,0,0,0,180,A
5-NP,60,0,0,184,0,184,G
5-NP,61,185,0,0,0,185,A
5-NP,62,185,0,0,0,185,A
5-NP,63,0,187,0,0,187,T
5-NP,64,0,0,188,0,188,G
5-NP,65,0,0,0,189,189,C
5-NP,66,186,0,0,0,186,A
5-NP,67,190,0,0,0,190,A
5-NP,68,0,0,0,191,191,C
5-NP,69,0,191,0,0,191,T
5-NP,70,0,0,194,0,194,G
5-NP,71,191,0,0,0,191,A
5-NP,72,0,1,198,0,199,G
5-NP,73,197,0,0,0,197,A
5-NP,74,0,200,0,0,200,T
5-NP,75,0,201,0,0,201,T
5-NP,76,196,0,0,0,196,A
5-NP,77,0,0,197,0,197,G
5-NP,78,0,0,195,0,195,G
5-NP,79,0,0,194,0,194,G
5-NP,80,0,0,0,193,193,C
5-NP,81,190,0,0,0,190,A
5-NP,82,0,190,0,0,190,T
5-NP,83,0,0,0,192,192,C
5-NP,84,0,0,0,191,191,C
5-NP,85,0,0,192,0,192,G
5-NP,86,0,190,0,1,191,T
5-NP,87,0,8,0,185,193,C
5-NP,88,0,0,192,0,192,G
5-NP,89,0,0,192,0,192,G
5-NP,90,0,0,191,0,191,G
5-NP,91,193,0,0,0,193,A
5-NP,92,191,0,0,0,191,A
5-NP,93,0,0,197,0,197,G
5-NP,94,194,0,0,0,194,A
5-NP,95,0,200,0,0,200,T
5-NP,96,0,0,201,0,201,G
5-NP,97,200,0,0,0,200,A
5-NP,98,0,202,0,0,202,T
5-NP,99,0,202,0,0,202,T
5-NP,100,0,0,202,0,202,G
5-NP,101,201,0,0,0,201,A
5-NP,102,0,203,0,0,203,T
5-NP,103,0,0,202,0,202,G
5-NP,104,0,0,201,0,201,G
5-NP,105,0,0,200,0,200,G
5-NP,106,204,0,0,0,204,A
5-NP,107,0,207,0,0,207,T
5-NP,108,0,211,0,0,211,T
5-NP,109,0,0,209,0,209,G
5-NP,110,0,0,213,0,213,G
5-NP,111,0,0,214,0,214,G
5-NP,112,214,0,0,0,214,A
5-NP,113,5,0,207,0,212,G
5-NP,114,215,0,0,0,215,A
5-NP,115,0,217,0,0,217,T
5-NP,116,0,219,0,0,219,T
5-NP,117,0,0,0,220,220,C
5-NP,118,0,219,0,0,219,T
5-NP,119,221,0,0,0,221,A
5-NP,120,0,0,0,223,223,C
5-NP,121,227,0,0,0,227,A
5-NP,122,0,227,0,0,227,T
5-NP,123,0,1,0,223,224,C
5-NP,124,0,0,0,221,221,C
5-NP,125,224,0,1,0,225,A
5-NP,126,226,0,0,0,226,A
5-NP,127,225,1,0,0,226,A
5-NP,128,0,230,0,0,230,T
5-NP,129,0,0,231,0,231,G
5-NP,130,0,221,0,0,221,T
5-NP,131,0,0,227,0,227,G
5-NP,132,0,0,0,229,229,C
5-NP,133,229,0,0,0,229,A
5-NP,134,0,0,0,230,230,C
5-NP,135,0,227,0,0,227,T
5-NP,136,1,0,232,0,233,G
5-NP,137,231,0,0,0,231,A
5-NP,138,238,0,0,0,238,A
5-NP,139,0,0,0,242,242,C
5-NP,140,0,241,0,0,241,T
5-NP,141,0,241,0,0,241,T
5-NP,142,242,0,0,0,242,A
5-NP,143,240,0,0,0,240,A
5-NP,144,245,0,0,0,245,A
5-NP,145,0,0,0,246,246,C
5-NP,146,0,235,0,0,235,T
5-NP,147,0,0,0,237,237,C
5-NP,148,238,0,0,0,238,A
5-NP,149,0,0,240,0,240,G
5-NP,150,0,240,0,0,240,T
5-NP,151,0,0,242,0,242,G
5-NP,152,246,0,0,0,246,A
5-NP,153,0,246,0,0,246,T
5-NP,154,0,0,0,248,248,C
5-NP,155,250,0,0,0,250,A
5-NP,156,0,249,0,0,249,T
5-NP,157,0,0,248,0,248,G
5-NP,158,245,0,0,0,245,A
5-NP,159,249,0,0,0,249,A
5-NP,160,0,1,244,0,245,G
5-NP,161,0,0,243,0,243,G
5-NP,162,0,0,246,0,246,G
5-NP,163,0,0,0,242,242,C
5-NP,164,0,0,247,0,247,G
5-NP,165,0,0,247,0,247,G
5-NP,166,0,245,0,0,245,T
5-NP,167,0,245,0,0,245,T
5-NP,168,0,0,247,0,247,G
5-NP,169,277,0,0,0,277,A
5-NP,170,0,277,0,0,277,T
5-NP,171,0,0,0,278,278,C
5-NP,172,0,0,0,279,279,C
5-NP,173,280,0,0,0,280,A
5-NP,174,0,0,278,0,278,G
5-NP,175,280,0,0,0,280,A
5-NP,176,280,0,0,0,280,A
5-NP,177,0,0,0,281,281,C
5-NP,178,257,0,0,0,257,A
5-NP,179,0,0,261,0,261,G
5-NP,180,0,0,0,258,258,C
5-NP,181,0,258,0,0,258,T
5-NP,182,0,265,0,0,265,T
5-NP,183,0,0,260,0,260,G
5-NP,184,261,0,1,0,262,A
5-NP,185,0,1,0,261,262,C
5-NP,186,263,0,0,0,263,A
5-NP,187,265,0,0,0,265,A
5-NP,188,0,265,0,0,265,T
5-NP,189,262,0,0,0,262,A
5-NP,190,0,0,264,0,264,G
5-NP,191,261,0,0,0,261,A
5-NP,192,0,0,266,0,266,G
5-NP,193,263,0,0,0,263,A
5-NP,194,271,0,0,0,271,A
5-NP,195,273,0,0,0,273,A
5-NP,196,275,0,0,0,275,A
5-NP,197,0,274,0,0,274,T
5-NP,198,0,0,274,0,274,G
5-NP,199,0,0,271,0,271,G
5-NP,200,0,266,0,0,266,T
5-NP,201,267,0,0,0,267,A
5-NP,202,0,0,0,269,269,C
5-NP,203,0,267,0,0,267,T
5-NP,204,1,0,0,269,270,C
5-NP,205,0,266,0,0,266,T
5-NP,206,0,0,0,270,270,C
5-NP,207,0,89,176,0,265,G
5-NP,208,0,0,270,0,270,G
5-NP,209,0,0,0,266,266,C
5-NP,210,0,270,0,0,270,T
5-NP,211,0,269,0,0,269,T
5-NP,212,0,266,0,0,266,T
5-NP,213,0,267,0,0,267,T
5-NP,214,0,0,268,0,268,G
5-NP,215,265,0,0,0,265,A
5-NP,216,0,267,0,0,267,T
5-NP,217,0,0,262,0,262,G
5-NP,218,262,0,0,0,262,A
5-NP,219,264,0,0,0,264,A
5-NP,220,264,0,0,0,264,A
5-NP,221,0,0,264,0,264,G
5-NP,222,261,0,0,0,261,A
5-NP,223,260,0,0,0,260,A
5-NP,224,0,1,262,0,263,G
5-NP,225,0,0,270,0,270,G
5-NP,226,268,0,1,0,269,A
5-NP,227,270,0,0,0,270,A
5-NP,228,0,270,0,0,270,T
5-NP,229,271,0,1,0,272,A
5-NP,230,272,0,0,0,272,A
5-NP,231,275,0,0,0,275,A
5-NP,232,0,273,0,0,273,T
5-NP,233,267,0,0,0,267,A
5-NP,234,0,0,0,268,268,C
5-NP,235,0,0,0,263,263,C
5-NP,236,0,261,0,0,261,T
5-NP,237,0,0,259,0,259,G
5-NP,238,0,0,261,0,261,G
5-NP,239,263,0,0,0,263,A
5-NP,240,260,0,0,0,260,A
5-NP,241,0,0,265,0,265,G
5-NP,242,262,0,0,0,262,A
5-NP,243,257,0,0,0,257,A
5-NP,244,0,0,0,260,260,C
5-NP,245,253,0,0,0,253,A
5-NP,246,0,0,0,269,269,C
5-NP,247,0,0,0,268,268,C
5-NP,248,0,0,0,266,266,C
5-NP,249,0,0,0,268,268,C
5-NP,250,261,0,0,3,264,A
5-NP,251,0,0,266,0,266,G
5-NP,252,1,0,0,264,265,C
5-NP,253,0,0,265,0,265,G
5-NP,254,0,0,0,262,262,C
5-NP,255,0,0,259,0,259,G
5-NP,256,0,0,254,0,254,G
5-NP,257,0,0,256,0,256,G
5-NP,258,0,0,260,0,260,G
5-NP,259,260,0,0,0,260,A
5-NP,260,258,0,0,0,258,A
5-NP,261,257,0,1,0,258,A
5-NP,262,0,1,257,0,258,G
5-NP,263,258,0,0,0,258,A
5-NP,264,0,254,0,0,254,T
5-NP,265,0,0,0,257,257,C
5-NP,266,0,0,0,255,255,C
5-NP,267,0,0,0,255,255,C
5-NP,268,257,0,0,0,257,A
5-NP,269,258,0,0,0,258,A
5-NP,270,0,0,259,0,259,G
5-NP,271,258,0,0,0,258,A
5-NP,272,259,0,0,0,259,A
5-NP,273,257,0,0,0,257,A
5-NP,274,259,0,0,0,259,A
5-NP,275,0,0,0,259,259,C
5-NP,276,0,256,0,0,256,T
5-NP,277,0,0,258,0,258,G
5-NP,278,0,0,256,0,256,G
5-NP,279,0,0,257,0,257,G
5-NP,280,0,0,256,0,256,G
5-NP,281,0,0,258,0,258,G
5-NP,282,0,0,265,0,265,G
5-NP,283,0,0,0,273,273,C
5-NP,284,0,0,0,276,276,C
5-NP,285,0,0,0,283,283,C
5-NP,286,321,0,0,0,321,A
5-NP,287,0,317,0,0,317,T
5-NP,288,338,0,0,0,338,A
5-NP,289,0,338,0,0,338,T
5-NP,290,332,0,0,0,332,A
5-NP,291,0,0,0,333,333,C
5-NP,292,308,0,0,0,308,A
5-NP,293,0,0,313,0,313,G
5-NP,294,0,0,312,0,312,G
5-NP,295,279,0,0,0,279,A
5-NP,296,0,0,281,0,281,G
5-NP,297,268,0,0,0,268,A
5-NP,298,0,0,272,0,272,G
5-NP,299,0,268,0,0,268,T
5-NP,300,265,0,0,0,265,A
5-NP,301,0,0,268,0,268,G
5-NP,302,265,0,2,0,267,A
5-NP,303,0,264,0,0,264,T
5-NP,304,1,0,264,0,265,G
5-NP,305,0,0,266,0,266,G
5-NP,306,266,0,0,0,266,A
5-NP,307,264,0,0,0,264,A
5-NP,308,262,0,0,0,262,A
5-NP,309,260,0,1,0,261,A
5-NP,310,0,260,0,0,260,T
5-NP,311,0,0,260,0,260,G
5-NP,312,0,0,262,0,262,G
5-NP,313,260,0,0,0,260,A
5-NP,314,0,262,0,0,262,T
5-NP,315,0,0,262,0,262,G
5-NP,316,260,0,1,0,261,A
5-NP,317,0,0,263,0,263,G
5-NP,318,0,0,264,0,264,G
5-NP,319,0,0,277,0,277,G
5-NP,320,345,0,0,0,345,A
5-NP,321,353,0,0,0,353,A
5-NP,322,0,0,0,409,409,C
5-NP,323,0,418,0,0,418,T
5-NP,324,0,0,0,462,462,C
5-NP,325,0,0,499,0,499,G
5-NP,326,0,551,0,0,551,T
5-NP,327,0,0,0,572,572,C
5-NP,328,1,0,0,941,942,C
5-NP,329,0,951,0,1,952,T
5-NP,330,0,971,0,0,971,T
5-NP,331,0,978,0,0,978,T
5-NP,332,984,0,0,0,984,A
5-NP,333,0,998,0,0,998,T
5-NP,334,0,1,994,0,995,G
5-NP,335,1031,0,0,0,1031,A
5-NP,336,0,0,0,1037,1037,C
5-NP,337,1032,0,0,0,1032,A
5-NP,338,1029,0,0,0,1029,A
5-NP,339,1044,0,0,0,1044,A
5-NP,340,0,0,1208,0,1208,G
5-NP,341,1199,0,0,0,1199,A
5-NP,342,1207,0,1,0,1208,A
5-NP,343,0,1,1392,0,1393,G
5-NP,344,1420,0,0,0,1420,A
5-NP,345,1439,1,0,0,1440,A
5-NP,346,1432,0,8,0,1440,A
5-NP,347,0,1446,0,2,1448,T
5-NP,348,1454,0,0,0,1454,A
5-NP,349,1454,1,2,0,1457,A
5-NP,350,0,0,1514,0,1514,G
5-NP,351,0,0,1504,0,1504,G
5-NP,352,0,0,1,1516,1517,C
5-NP,353,0,0,1522,0,1522,G
5-NP,354,1570,0,0,0,1570,A
5-NP,355,1654,0,0,0,1654,A
5-NP,356,0,1673,0,0,1673,T
5-NP,357,0,0,0,1673,1673,C
5-NP,358,0,1675,0,0,1675,T
5-NP,359,30,0,1633,0,1663,G
5-NP,360,0,1,1670,0,1671,G
5-NP,361,0,1,0,1686,1687,C
5-NP,362,0,0,1683,0,1683,G
5-NP,363,0,0,0,1683,1683,C
5-NP,364,0,1,0,1688,1689,C
5-NP,365,1703,0,0,0,1703,A
5-NP,366,1778,0,1,0,1779,A
5-NP,367,1,0,1872,0,1873,G
5-NP,368,0,0,0,1876,1876,C
5-NP,369,0,0,0,1930,1930,C
5-NP,370,1942,0,1,0,1943,A
5-NP,371,2003,1,1,0,2005,A
5-NP,372,0,0,0,2071,2071,C
5-NP,373,2078,0,0,0,2078,A
5-NP,374,2166,0,0,0,2166,A
5-NP,375,0,2185,0,0,2185,T
5-NP,376,0,1,2325,0,2326,G
5-NP,377,0,0,2312,0,2312,G
5-NP,378,0,2316,0,0,2316,T
5-NP,379,0,1,2336,0,2337,G
5-NP,380,2315,0,2,0,2317,A
5-NP,381,0,1,2496,0,2497,G
5-NP,382,0,0,2484,0,2484,G
5-NP,383,2584,0,1,0,2585,A
5-NP,384,0,3152,0,0,3152,T
5-NP,385,0,1,3253,1,3255,G
5-NP,386,0,1,0,3350,3351,C
5-NP,387,0,3372,0,2,3374,T
5-NP,388,3495,0,0,0,3495,A
5-NP,389,1,1,0,3587,3589,C
5-NP,390,3593,0,0,0,3593,A
5-NP,391,1,3254,0,346,3601,T
5-NP,392,1,0,0,3612,3613,C
5-NP,393,0,3546,1,0,3547,T
5-NP,394,0,0,3773,1,3774,G
5-NP,395,0,0,3901,0,3901,G
5-NP,396,0,3900,0,6,3906,T
5-NP,397,0,1,0,3921,3922,C
5-NP,398,0,3916,0,8,3924,T
5-NP,399,4021,0,1,0,4022,A
5-NP,400,4034,1,0,0,4035,A
5-NP,401,1,0,0,4062,4063,C
5-NP,402,2,4054,0,2,4058,T
5-NP,403,1,0,0,4132,4133,C
5-NP,404,4124,1,2,0,4127,A
5-NP,405,0,0,0,4344,4344,C
5-NP,406,4344,0,2,1,4347,A
5-NP,407,1,4365,0,2,4368,T
5-NP,408,4360,0,0,0,4360,A
5-NP,409,4366,0,2,0,4368,A
5-NP,410,0,4420,0,0,4420,T
5-NP,411,1,0,4471,0,4472,G
5-NP,412,4454,1,0,0,4455,A
5-NP,413,0,4450,0,0,4450,T
5-NP,414,0,4412,0,1,4413,T
5-NP,415,0,4428,0,2,4430,T
5-NP,416,1,0,4401,0,4402,G
5-NP,417,0,0,4401,0,4401,G
5-NP,418,0,0,0,4419,4419,C
5-NP,419,4418,0,0,0,4418,A
5-NP,420,0,4455,0,0,4455,T
5-NP,421,0,4446,0,2,4448,T
5-NP,422,1,0,0,4444,4445,C
5-NP,423,2,7,0,4449,4458,C
5-NP,424,4574,0,0,0,4574,A
5-NP,425,4575,0,1,0,4576,A
5-NP,426,0,4585,0,0,4585,T
5-NP,427,1,4580,0,1,4582,T
5-NP,428,1,4582,0,0,4583,T
5-NP,429,2,1,4641,0,4644,G
5-NP,430,4626,0,0,0,4626,A
5-NP,431,4634,1,2,0,4637,A
5-NP,432,0,4691,0,1,4692,T
5-NP,433,1,2,4660,0,4663,G
5-NP,434,4955,1,2,1,4959,A
5-NP,435,1,4963,0,3,4967,T
5-NP,436,0,0,4999,0,4999,G
5-NP,437,3,3,0,5138,5144,C
5-NP,438,5141,1,4,0,5146,A
5-NP,439,5441,0,6,0,5447,A
5-NP,440,0,0,0,5459,5459,C
5-NP,441,5562,0,0,0,5562,A
5-NP,442,1,5699,0,0,5700,T
5-NP,443,5616,0,5,0,5621,A
5-NP,444,0,1,0,5756,5757,C
5-NP,445,0,0,0,5744,5744,C
5-NP,446,5658,0,1,0,5659,A
5-NP,447,0,0,5746,0,5746,G
5-NP,448,5644,1,6,1,5652,A
5-NP,449,0,2,5813,0,5815,G
5-NP,450,0,0,5788,0,5788,G
5-NP,451,5772,0,3,0,5775,A
5-NP,452,1,1,0,5874,5876,C
5-NP,453,5835,0,1,0,5836,A
5-NP,454,5847,0,4,0,5851,A
5-NP,455,0,0,5862,0,5862,G
5-NP,456,5701,0,113,0,5814,A
5-NP,457,0,0,5864,0,5864,G
5-NP,458,0,1,0,5875,5876,C
5-NP,459,1,5867,0,9,5877,T
5-NP,460,1,0,0,5897,5898,C
5-NP,461,0,5905,0,4,5909,T
5-NP,462,0,5948,0,0,5948,T
5-NP,463,1,0,5961,0,5962,G
5-NP,464,1,5949,0,7,5957,T
5-NP,465,0,5941,0,7,5948,T
5-NP,466,1,0,0,5942,5943,C
5-NP,467,3,2,5918,0,5923,G
5-NP,468,5942,0,89,0,6031,A
5-NP,469,6041,4,2,0,6047,A
5-NP,470,0,0,0,6128,6128,C
5-NP,471,1,6125,0,5,6131,T
5-NP,472,1,0,6250,0,6251,G
5-NP,473,0,2,6243,0,6245,G
5-NP,474,6244,9,3,1,6257,A
5-NP,475,6264,0,13,0,6277,A
5-NP,476,0,6263,0,0,6263,T
5-NP,477,0,3,6264,0,6267,G
5-NP,478,0,0,6306,0,6306,G
5-NP,479,6363,1,5,0,6369,A
5-NP,480,0,6452,0,3,6455,T
5-NP,481,0,0,0,6494,6494,C
5-NP,482,1,0,0,6481,6482,C
5-NP,483,3,0,1,6519,6523,C
5-NP,484,6584,0,0,0,6584,A
5-NP,485,7,0,6644,0,6651,G
5-NP,486,6662,0,1,0,6663,A
5-NP,487,6658,0,0,0,6658,A
5-NP,488,0,6619,0,2,6621,T
5-NP,489,0,0,6719,0,6719,G
5-NP,490,2,6649,1,3,6655,T
5-NP,491,3,0,6721,0,6724,G
5-NP,492,0,0,0,6720,6720,C
5-NP,493,1,6709,0,4,6714,T
5-NP,494,0,0,0,7148,7148,C
5-NP,495,0,7128,0,2,7130,T
5-NP,496,0,0,0,7427,7427,C
5-NP,497,0,7439,0,1,7440,T
5-NP,498,2,0,7480,1,7483,G
5-NP,499,7537,0,4,0,7541,A
5-NP,500,0,7520,0,1,7521,T
5-NP,501,1,0,7524,0,7525,G
5-NP,502,1,1,0,7527,7529,C
5-NP,503,7351,0,8,0,7359,A
5-NP,504,0,2,7546,0,7548,G
5-NP,505,2,2,7413,0,7417,G
5-NP,506,2,0,7485,0,7487,G
5-NP,507,0,2,0,7486,7488,C
5-NP,508,2,7477,0,3,7482,T
5-NP,509,1,2,0,7539,7542,C
5-NP,510,1,3,7532,0,7536,G
5-NP,511,7629,0,1,1,7631,A
5-NP,512,0,0,0,7657,7657,C
5-NP,513,0,7574,0,3,7577,T
5-NP,514,0,0,0,7998,7998,C
5-NP,515,0,7951,0,5,7956,T
5-NP,516,2,0,0,9195,9197,C
5-NP,517,2,0,1,9198,9201,C
5-NP,518,6,0,0,9253,9259,C
5-NP,519,1,9280,0,5,9286,T
5-NP,520,9210,0,1,0,9211,A
5-NP,521,0,1,9214,0,9215,G
5-NP,522,9182,1,3,0,9186,A
5-NP,523,8935,0,3,0,8938,A
5-NP,524,0,1,8912,0,8913,G
5-NP,525,0,3,8857,1,8861,G
5-NP,526,0,8714,0,3,8717,T
5-NP,527,1,1,0,8811,8813,C
5-NP,528,1,1,0,8804,8806,C
5-NP,529,2,6,8808,0,8816,G
5-NP,530,0,2,8850,0,8852,G
5-NP,531,8813,2,4,0,8819,A
5-NP,532,1,2,8970,0,8973,G
5-NP,533,0,0,0,8973,8973,C
5-NP,534,1,8879,0,9,8889,T
5-NP,535,0,2,8944,1,8947,G
5-NP,536,0,4,0,8983,8987,C
5-NP,537,8955,0,16,2,8973,A
5-NP,538,4,1,8971,0,8976,G
5-NP,539,1,0,8990,0,8991,G
5-NP,540,1,8864,0,3,8868,T
5-NP,541,1,1,8974,1,8977,G
5-NP,542,0,1,0,9002,9003,C
5-NP,543,1,9013,0,5,9019,T
5-NP,544,1,0,9059,0,9060,G
5-NP,545,1,0,0,9035,9036,C
5-NP,546,9127,0,1,0,9128,A
5-NP,547,1,0,9281,0,9282,G
5-NP,548,0,9213,0,4,9217,T
5-NP,549,2,1,0,9255,9258,C
5-NP,550,9243,0,0,0,9243,A
5-NP,551,9208,1,1,0,9210,A
5-NP,552,9234,0,11,0,9245,A
5-NP,553,1,0,9284,1,9286,G
5-NP,554,1,1,9291,0,9293,G
5-NP,555,9289,0,11,0,9300,A
5-NP,556,9243,0,2,0,9245,A
5-NP,557,1,9253,0,1,9255,T
5-NP,558,1,1,0,9294,9296,C
5-NP,559,2,4,9270,0,9276,G
5-NP,560,1,4,9440,0,9445,G
5-NP,561,192,2,9266,0,9460,G
5-NP,562,9395,0,6,1,9402,A
5-NP,563,0,0,0,9492,9492,C
5-NP,564,9381,1,1,1,9384,A
5-NP,565,9603,0,3,0,9606,A
5-NP,566,0,9677,0,1,9678,T
5-NP,567,0,2,9711,0,9713,G
5-NP,568,3,0,9821,0,9824,G
5-NP,569,1,9710,0,6,9717,T
5-NP,570,1,0,9832,0,9833,G
5-NP,571,9770,0,8,1,9779,A
5-NP,572,2,9822,0,3,9827,T
5-NP,573,1,5,9845,0,9851,G
5-NP,574,2,1,10528,0,10531,G
5-NP,575,10492,1,3,1,10497,A
5-NP,576,10556,2,5,1,10564,A
5-NP,577,0,2,0,10530,10532,C
5-NP,578,0,10374,0,2,10376,T
5-NP,579,5522,0,5116,0,10638,A
5-NP,580,10817,0,1,0,10818,A
5-NP,581,2,10859,0,2,10863,T
5-NP,582,1,0,0,10900,10901,C
5-NP,583,10227,0,3,1,10231,A
5-NP,584,0,3,10465,0,10468,G
5-NP,585,10336,0,8,0,10344,A
5-NP,586,10427,0,1,1,10429,A
5-NP,587,1,10975,0,0,10976,T
5-NP,588,0,2,11059,0,11061,G
5-NP,589,1,0,11077,1,11079,G
5-NP,590,3,11049,0,15,11067,T
5-NP,591,4468,1,1,6562,11032,C
5-NP,592,11082,0,0,0,11082,A
5-NP,593,11053,0,1,0,11054,A
5-NP,594,11104,1,3,0,11108,A
5-NP,595,0,3,0,11116,11119,C
5-NP,596,0,9,10721,0,10730,G
5-NP,597,1,5,10751,0,10757,G
5-NP,598,1,5,10661,1,10668,G
5-NP,599,2,3,10690,0,10695,G
5-NP,600,855,2,9888,0,10745,G
5-NP,601,10747,0,3,0,10750,A
5-NP,602,1,10704,0,4,10709,T
5-NP,603,0,0,0,10772,10772,C
5-NP,604,10761,0,9,1,10771,A
5-NP,605,10786,0,6,0,10792,A
5-NP,606,0,1,0,10929,10930,C
5-NP,607,2,1,10874,0,10877,G
5-NP,608,10796,1,5,1,10803,A
5-NP,609,0,10769,0,0,10769,T
5-NP,610,4358,1,4,6449,10812,C
5-NP,611,0,1,10843,0,10844,G
5-NP,612,10753,0,3,0,10756,A
5-NP,613,10801,0,4,0,10805,A
5-NP,614,10819,1,2,0,10822,A
5-NP,615,0,10796,0,1,10797,T
5-NP,616,0,10820,0,1,10821,T
5-NP,617,0,10839,0,1,10840,T
5-NP,618,0,10853,0,4,10857,T
5-NP,619,0,10876,0,5,10881,T
5-NP,620,1,3,10867,0,10871,G
5-NP,621,0,1,10835,0,10836,G
5-NP,622,10708,1,5,2,10716,A
5-NP,623,0,2,10868,0,10870,G
5-NP,624,10714,0,2,0,10716,A
5-NP,625,0,1,11255,0,11256,G
5-NP,626,1,0,11273,0,11274,G
5-NP,627,2,11060,0,8,11070,T
5-NP,628,0,3,11285,0,11288,G
5-NP,629,11262,1,9,1,11273,A
5-NP,630,1,1,11385,1,11388,G
5-NP,631,11362,0,6,0,11368,A
5-NP,632,11347,1,3,0,11351,A
5-NP,633,1,11345,0,2,11348,T
5-NP,634,4,6,11062,0,11072,G
5-NP,635,3,2,10947,0,10952,G
5-NP,636,5623,0,5298,0,10921,A
5-NP,637,1,1,0,10909,10911,C
5-NP,638,2,0,10946,0,10948,G
5-NP,639,1,3,11027,0,11031,G
5-NP,640,10967,0,0,0,10967,A
5-NP,641,10996,0,2,0,10998,A
5-NP,642,11116,0,0,0,11116,A
5-NP,643,11113,4,11,3,11131,A
5-NP,644,0,1,0,11212,11213,C
5-NP,645,11202,0,0,0,11202,A
5-NP,646,11163,0,5,0,11168,A
5-NP,647,1,0,11187,0,11188,G
5-NP,648,10890,0,2,0,10892,A
5-NP,649,10911,0,3,0,10914,A
5-NP,650,2,2,11125,0,11129,G
5-NP,651,2,10954,0,0,10956,T
5-NP,652,0,0,11532,0,11532,G
5-NP,653,1,1,1,11468,11471,C
5-NP,654,1,11524,1,1,11527,T
5-NP,655,0,11591,0,6,11597,T
5-NP,656,11703,0,3,1,11707,A
5-NP,657,0,11712,0,3,11715,T
5-NP,658,2,2,11766,0,11770,G
5-NP,659,11549,0,12,1,11562,A
5-NP,660,1,2,11588,0,11591,G
5-NP,661,11118,0,4,0,11122,A
5-NP,662,0,1,11204,0,11205,G
5-NP,663,11148,0,1,1,11150,A
5-NP,664,11235,0,2,0,11237,A
5-NP,665,0,11135,0,0,11135,T
5-NP,666,1,1,11244,0,11246,G
5-NP,667,1,11105,0,5,11111,T
5-NP,668,3,3,11175,1,11182,G
5-NP,669,0,0,1,11151,11152,C
5-NP,670,11124,1,13,0,11138,A
5-NP,671,11134,0,6,0,11140,A
5-NP,672,2,0,0,11121,11123,C
5-NP,673,11019,0,1,0,11020,A
5-NP,674,1,11053,0,1,11055,T
5-NP,675,1,10932,1,5,10939,T
5-NP,676,1,0,0,10947,10948,C
5-NP,677,1,10969,0,1,10971,T
5-NP,678,1,10976,0,1,10978,T
5-NP,679,10894,0,83,0,10977,A
5-NP,680,10938,0,3,1,10942,A
5-NP,681,10926,0,3,0,10929,A
5-NP,682,0,3,10916,0,10919,G
5-NP,683,1,1,10882,1,10885,G
5-NP,684,10872,0,3,0,10875,A
5-NP,685,10860,1,2,1,10864,A
5-NP,686,10859,0,2,0,10861,A
5-NP,687,10949,1,0,0,10950,A
5-NP,688,0,10911,0,3,10914,T
5-NP,689,0,10903,0,0,10903,T
5-NP,690,2,10925,0,1,10928,T
5-NP,691,2,1,0,10959,10962,C
5-NP,692,10977,0,6,0,10983,A
5-NP,693,10953,0,1,0,10954,A
5-NP,694,10929,0,3,0,10932,A
5-NP,695,1,1,0,11071,11073,C
5-NP,696,10964,0,3,0,10967,A
5-NP,697,0,0,11115,0,11115,G
5-NP,698,1,1,0,11133,11135,C
5-NP,699,1,11047,0,0,11048,T
5-NP,700,6,0,11250,0,11256,G
5-NP,701,0,4,1,11195,11200,C
5-NP,702,11289,0,13,0,11302,A
5-NP,703,0,0,0,11318,11318,C
5-NP,704,11244,1,0,0,11245,A
5-NP,705,11267,2,3,0,11272,A
5-NP,706,11037,0,6,0,11043,A
5-NP,707,2,4,11295,0,11301,G
5-NP,708,11262,1,12,1,11276,A
5-NP,709,31,1,11270,0,11302,G
5-NP,710,1,1,0,11251,11253,C
5-NP,711,11234,3,2,0,11239,A
5-NP,712,11541,0,10,0,11551,A
5-NP,713,0,11558,0,3,11561,T
5-NP,714,1,4,11591,0,11596,G
5-NP,715,1,0,11575,1,11577,G
5-NP,716,0,11238,0,14,11252,T
5-NP,717,1,5,11313,0,11319,G
5-NP,718,2,1,11373,0,11376,G
5-NP,719,11411,1,1,0,11413,A
5-NP,720,0,11357,0,3,11360,T
5-NP,721,3,1,1,11132,11137,C
5-NP,722,11166,0,6,0,11172,A
5-NP,723,11254,0,3,1,11258,A
5-NP,724,0,1,11342,0,11343,G
5-NP,725,1,11197,0,2,11200,T
5-NP,726,2,2,11245,0,11249,G
5-NP,727,11144,1,6,0,11151,A
5-NP,728,0,3,11181,0,11184,G
5-NP,729,11181,2,16,0,11199,A
5-NP,730,0,1,11178,0,11179,G
5-NP,731,11133,1,4,0,11138,A
5-NP,732,10888,1,0,0,10889,A
5-NP,733,10931,0,9,0,10940,A
5-NP,734,0,3,10956,0,10959,G
5-NP,735,0,10804,0,2,10806,T
5-NP,736,1,4,0,10923,10928,C
5-NP,737,3,3,10869,0,10875,G
5-NP,738,2,3,10843,0,10848,G
5-NP,739,10910,0,5,0,10915,A
5-NP,740,10904,0,1,0,10905,A
5-NP,741,1,1,0,10939,10941,C
5-NP,742,2,3,0,10858,10863,C
5-NP,743,11,1,0,10923,10935,C
5-NP,744,10835,0,8,0,10843,A
5-NP,745,0,0,10877,0,10877,G
5-NP,746,3,3,10834,1,10841,G
5-NP,747,10834,1,0,0,10835,A
5-NP,748,10827,0,4,0,10831,A
5-NP,749,10848,0,5,1,10854,A
5-NP,750,1,0,0,11097,11098,C
5-NP,751,1,0,11107,0,11108,G
5-NP,752,5,1,0,11073,11079,C
5-NP,753,0,6503,0,4554,11057,T
5-NP,754,4,1,11077,0,11082,G
5-NP,755,11046,0,6,0,11052,A
5-NP,756,109,2,11029,0,11140,G
5-NP,757,11219,1,5,1,11226,A
5-NP,758,0,10946,0,0,10946,T
5-NP,759,0,2,0,10617,10619,C
5-NP,760,0,0,10721,0,10721,G
5-NP,761,10701,3,1,0,10705,A
5-NP,762,10683,1,0,0,10684,A
5-NP,763,1,3,10692,0,10696,G
5-NP,764,10613,0,0,0,10613,A
5-NP,765,0,5321,0,5214,10535,T
5-NP,766,2,1,0,10695,10698,C
5-NP,767,1,10706,3,9,10719,T
5-NP,768,1,1,0,10739,10741,C
5-NP,769,10751,1,2,0,10754,A
5-NP,770,0,10707,0,1,10708,T
5-NP,771,10718,0,2,1,10721,A
5-NP,772,0,10696,0,1,10697,T
5-NP,773,0,10650,0,0,10650,T
5-NP,774,0,10598,0,1,10599,T
5-NP,775,0,10496,0,1,10497,T
5-NP,776,1,10488,0,7,10496,T
5-NP,777,10562,1,3,0,10566,A
5-NP,778,3,0,10502,0,10505,G
5-NP,779,1,2,0,10520,10523,C
5-NP,780,10525,0,6,0,10531,A
5-NP,781,10476,0,2,0,10478,A
5-NP,782,1,2,10794,0,10797,G
5-NP,783,10737,0,0,0,10737,A
5-NP,784,0,10706,0,3,10709,T
5-NP,785,2,0,0,10827,10829,C
5-NP,786,3,10772,0,10,10785,T
5-NP,787,33,0,10997,0,11030,G
5-NP,788,0,3,2,11049,11054,C
5-NP,789,11068,0,3,0,11071,A
5-NP,790,1,11164,0,1,11166,T
5-NP,791,0,10846,0,1,10847,T
5-NP,792,1,2,11406,0,11409,G
5-NP,793,11533,0,5,0,11538,A
5-NP,794,2,11545,1,2,11550,T
5-NP,795,11589,2,1,0,11592,A
5-NP,796,3,11404,1,1,11409,T
5-NP,797,1,11333,1,2,11337,T
5-NP,798,4,2,11413,0,11419,G
5-NP,799,11267,0,10,0,11277,A
5-NP,800,1,1,11371,1,11374,G
5-NP,801,10861,0,11,0,10872,A
5-NP,802,0,1,10750,0,10751,G
5-NP,803,2,3,10969,0,10974,G
5-NP,804,10918,0,5,0,10923,A
5-NP,805,1,10871,1,2,10875,T
5-NP,806,6,0,0,11237,11243,C
5-NP,807,11227,0,3,0,11230,A
5-NP,808,1,0,11260,0,11261,G
5-NP,809,2,11197,0,6,11205,T
5-NP,810,0,6439,4511,1,10951,T
5-NP,811,2,0,10908,0,10910,G
5-NP,812,2,0,0,10891,10893,C
5-NP,813,1,10887,0,11,10899,T
5-NP,814,1,0,0,10921,10922,C
5-NP,815,10731,0,0,0,10731,A
5-NP,816,0,0,0,10756,10756,C
5-NP,817,10784,0,1,1,10786,A
5-NP,818,10829,0,1,0,10830,A
5-NP,819,10739,0,0,0,10739,A
5-NP,820,1,10687,0,3,10691,T
5-NP,821,1,0,0,10766,10767,C
5-NP,822,0,10758,1,5,10764,T
5-NP,823,1,10722,0,1,10724,T
5-NP,824,1,1,10737,2,10741,G
5-NP,825,1,4,0,10680,10685,C
5-NP,826,2,0,0,10809,10811,C
5-NP,827,1,10817,0,4,10822,T
5-NP,828,10738,2,1,0,10741,A
5-NP,829,1,1,0,10875,10877,C
5-NP,830,0,1,0,10885,10886,C
5-NP,831,0,10861,0,4,10865,T
5-NP,832,0,0,11022,0,11022,G
5-NP,833,0,3,0,10907,10910,C
5-NP,834,1,0,0,10988,10989,C
5-NP,835,1,10819,1,6,10827,T
5-NP,836,1,1,10987,0,10989,G
5-NP,837,0,10865,0,3,10868,T
5-NP,838,1,0,11054,0,11055,G
5-NP,839,0,6,0,11067,11073,C
5-NP,840,1,1,11296,0,11298,G
5-NP,841,0,11126,0,5,11131,T
5-NP,842,11097,1,2,0,11100,A
5-NP,843,0,11117,0,4,11121,T
5-NP,844,2,5,11109,1,11117,G
5-NP,845,0,2,11447,1,11450,G
5-NP,846,11372,0,8,0,11380,A
5-NP,847,2,5,0,11207,11214,C
5-NP,848,2,0,1,11242,11245,C
5-NP,849,2,11095,7,8,11112,T
5-NP,850,2,0,11643,0,11645,G
5-NP,851,1,0,0,11668,11669,C
5-NP,852,11714,0,7,0,11721,A
5-NP,853,0,2,11877,0,11879,G
5-NP,854,2,11381,0,2,11385,T
5-NP,855,11757,0,2,0,11759,A
5-NP,856,0,11656,0,11,11667,T
5-NP,857,5,1,1,11625,11632,C
5-NP,858,1,1,1,11673,11676,C
5-NP,859,11224,0,1,0,11225,A
5-NP,860,0,1,11310,0,11311,G
5-NP,861,1,11223,1,2,11227,T
5-NP,862,2,6,11343,0,11351,G
5-NP,863,2,2,11266,2,11272,G
5-NP,864,2,1,11151,0,11154,G
5-NP,865,1,11119,0,10,11130,T
5-NP,866,11149,0,2,0,11151,A
5-NP,867,0,3,0,11103,11106,C
5-NP,868,0,6,11071,0,11077,G
5-NP,869,10983,1,3,0,10987,A
5-NP,870,1,1,0,11018,11020,C
5-NP,871,0,10736,1,1,10738,T
5-NP,872,0,10729,0,1,10730,T
5-NP,873,1,2,0,10765,10768,C
5-NP,874,1,1,10789,0,10791,G
5-NP,875,10725,0,4,0,10729,A
5-NP,876,10786,1,1,0,10788,A
5-NP,877,10833,0,1,0,10834,A
5-NP,878,10825,1,0,0,10826,A
5-NP,879,10802,1,8,0,10811,A
5-NP,880,0,1,10817,0,10818,G
5-NP,881,10785,0,10,1,10796,A
5-NP,882,1,1,10869,0,10871,G
5-NP,883,1,3,10939,0,10943,G
5-NP,884,1,1,10980,0,10982,G
5-NP,885,10979,0,8,0,10987,A
5-NP,886,0,10955,0,3,10958,T
5-NP,887,11069,0,0,0,11069,A
5-NP,888,2,11019,1,2,11024,T
5-NP,889,1,10994,0,1,10996,T
5-NP,890,4,0,0,11101,11105,C
5-NP,891,3,2,1,11099,11105,C
5-NP,892,0,10977,2,3,10982,T
5-NP,893,0,11008,0,1,11009,T
5-NP,894,1,1,11123,0,11125,G
5-NP,895,0,2,11178,0,11180,G
5-NP,896,1,11078,0,6,11085,T
5-NP,897,0,7,11101,1,11109,G
5-NP,898,1,1,11039,0,11041,G
5-NP,899,3,2,11554,1,11560,G
5-NP,900,11553,2,3,0,11558,A
5-NP,901,11582,0,3,2,11587,A
5-NP,902,0,11568,0,0,11568,T
5-NP,903,11419,0,6,0,11425,A
5-NP,904,0,3,11375,0,11378,G
5-NP,905,11201,5,17,0,11223,A
5-NP,906,0,0,0,11137,11137,C
5-NP,907,3,0,0,11051,11054,C
5-NP,908,5,1,0,10823,10829,C
5-NP,909,2,10924,1,17,10944,T
5-NP,910,2,10937,1,6,10946,T
5-NP,911,1,10944,0,0,10945,T
5-NP,912,1,0,1,10972,10974,C
5-NP,913,10976,2,0,2,10980,A
5-NP,914,10957,0,0,1,10958,A
5-NP,915,10918,0,1,0,10919,A
5-NP,916,2,0,0,10915,10917,C
5-NP,917,0,10678,0,2,10680,T
5-NP,918,10603,0,13,0,10616,A
5-NP,919,0,0,0,10725,10725,C
5-NP,920,0,10663,0,6,10669,T
5-NP,921,0,10599,0,6,10605,T
5-NP,922,1,0,0,10726,10727,C
5-NP,923,10715,0,2,1,10718,A
5-NP,924,10718,0,1,2,10721,A
5-NP,925,10680,0,1,2,10683,A
5-NP,926,10676,1,4,0,10681,A
5-NP,927,0,10584,0,1,10585,T
5-NP,928,10476,0,4,0,10480,A
5-NP,929,1,0,10564,0,10565,G
5-NP,930,1,4,0,10577,10582,C
5-NP,931,3,3,2,10693,10701,C
5-NP,932,10733,1,1,0,10735,A
5-NP,933,10762,0,2,0,10764,A
5-NP,934,11051,0,1,0,11052,A
5-NP,935,1,11064,0,2,11067,T
5-NP,936,11109,1,2,0,11112,A
5-NP,937,0,11097,0,2,11099,T
5-NP,938,10826,0,111,0,10937,A
5-NP,939,0,0,0,10979,10979,C
5-NP,940,10764,0,7,1,10772,A
5-NP,941,2,0,10968,0,10970,G
5-NP,942,1,0,0,10950,10951,C
5-NP,943,0,10642,1,16,10659,T
5-NP,944,0,10811,0,0,10811,T
5-NP,945,10873,1,0,0,10874,A
5-NP,946,10879,1,1,0,10881,A
5-NP,947,1,10807,0,2,10810,T
5-NP,948,1,0,0,10843,10844,C
5-NP,949,10558,1,6,0,10565,A
5-NP,950,2,1,10664,0,10667,G
5-NP,951,10550,0,42,0,10592,A
5-NP,952,0,0,0,10692,10692,C
5-NP,953,3,0,0,10630,10633,C
5-NP,954,0,10500,0,4,10504,T
5-NP,955,10615,0,1,0,10616,A
5-NP,956,10608,0,1,0,10609,A
5-NP,957,0,0,0,10652,10652,C
5-NP,958,1,3,10656,0,10660,G
5-NP,959,10429,0,2,0,10431,A
5-NP,960,1,1,10435,0,10437,G
5-NP,961,10376,0,3,1,10380,A
5-NP,962,10447,0,1,0,10448,A
5-NP,963,0,10387,0,0,10387,T
5-NP,964,3,0,4,10260,10267,C
5-NP,965,1,3,0,10300,10304,C
5-NP,966,9954,1,8,0,9963,A
5-NP,967,2,0,10023,0,10025,G
5-NP,968,1,2,0,9981,9984,C
5-NP,969,10055,2,4,0,10061,A
5-NP,970,0,1,0,10110,10111,C
5-NP,971,10032,1,6,0,10039,A
5-NP,972,0,0,0,10060,10060,C
5-NP,973,10051,0,4,2,10057,A
5-NP,974,10097,0,9,0,10106,A
5-NP,975,0,3,10105,0,10108,G
5-NP,976,9990,1,7,0,9998,A
5-NP,977,5,0,9984,0,9989,G
5-NP,978,3,9724,0,3,9730,T
5-NP,979,3,2,0,9720,9725,C
5-NP,980,9712,1,33,0,9746,A
5-NP,981,1,1,9720,0,9722,G
5-NP,982,1,0,0,9660,9661,C
5-NP,983,0,9642,0,0,9642,T
5-NP,984,0,0,9780,0,9780,G
5-NP,985,2,0,9835,0,9837,G
5-NP,986,0,9772,0,1,9773,T
5-NP,987,89,0,9768,0,9857,G
5-NP,988,1,9726,1,5,9733,T
5-NP,989,2,1,9740,0,9743,G
5-NP,990,2,1,9717,0,9720,G
5-NP,991,9658,1,7,0,9666,A
5-NP,992,0,9651,0,4,9655,T
5-NP,993,0,1,9228,0,9229,G
5-NP,994,4,0,9147,0,9151,G
5-NP,995,0,2,0,9156,9158,C
5-NP,996,9109,0,2,0,9111,A
5-NP,997,1,9082,1,10,9094,T
5-NP,998,1,0,9027,0,9028,G
5-NP,999,0,3,0,9012,9015,C
5-NP,1000,1,2,0,9065,9068,C
5-NP,1001,9086,0,0,1,9087,A
5-NP,1002,0,9039,1,3,9043,T
5-NP,1003,1,8938,0,1,8940,T
5-NP,1004,1,0,0,8978,8979,C
5-NP,1005,0,8892,0,4,8896,T
5-NP,1006,1,0,8865,0,8866,G
5-NP,1007,1,2,0,8842,8845,C
5-NP,1008,1,8666,0,2,8669,T
5-NP,1009,2,0,8721,0,8723,G
5-NP,1010,0,0,0,8599,8599,C
5-NP,1011,8605,0,1,0,8606,A
5-NP,1012,0,8597,0,2,8599,T
5-NP,1013,0,8561,0,1,8562,T
5-NP,1014,0,8563,0,1,8564,T
5-NP,1015,0,1,8562,0,8563,G
5-NP,1016,8544,0,2,1,8547,A
5-NP,1017,8570,0,1,0,8571,A
5-NP,1018,1,0,8572,0,8573,G
5-NP,1019,8552,0,1,0,8553,A
5-NP,1020,0,8509,0,1,8510,T
5-NP,1021,0,8516,0,0,8516,T
5-NP,1022,0,8526,1,1,8528,T
5-NP,1023,8526,2,0,0,8528,A
5-NP,1024,8520,1,1,0,8522,A
5-NP,1025,0,0,8520,0,8520,G
5-NP,1026,8502,0,2,0,8504,A
5-NP,1027,0,8441,0,0,8441,T
5-NP,1028,0,8316,0,1,8317,T
5-NP,1029,1,0,8346,1,8348,G
5-NP,1030,1,8345,0,4,8350,T
5-NP,1031,0,8339,0,2,8341,T
5-NP,1032,8357,0,1,0,8358,A
5-NP,1033,8345,0,5,0,8350,A
5-NP,1034,2,1,8330,0,8333,G
5-NP,1035,1,0,0,8362,8363,C
5-NP,1036,0,8121,1,11,8133,T
5-NP,1037,0,8137,2,8,8147,T
5-NP,1038,3,2,0,8217,8222,C
5-NP,1039,8203,0,3,0,8206,A
5-NP,1040,0,8159,0,4,8163,T
5-NP,1041,0,0,0,8221,8221,C
5-NP,1042,8136,1,1,0,8138,A
5-NP,1043,0,0,8118,0,8118,G
5-NP,1044,7990,0,6,0,7996,A
5-NP,1045,0,0,8016,0,8016,G
5-NP,1046,1,2,8125,0,8128,G
5-NP,1047,1,2,8085,0,8088,G
5-NP,1048,8083,2,17,1,8103,A
5-NP,1049,1,0,1,8091,8093,C
5-NP,1050,4338,0,3780,0,8118,A
5-NP,1051,8151,0,2,0,8153,A
5-NP,1052,8151,1,0,0,8152,A
5-NP,1053,8152,0,4,0,8156,A
5-NP,1054,0,0,8151,0,8151,G
5-NP,1055,0,7292,0,6,7298,T
5-NP,1056,7189,0,4,0,7193,A
5-NP,1057,0,7115,0,7,7122,T
5-NP,1058,0,0,0,7126,7126,C
5-NP,1059,0,6999,0,2,7001,T
5-NP,1060,1,0,0,7085,7086,C
5-NP,1061,0,1,0,7058,7059,C
5-NP,1062,0,6952,0,1,6953,T
5-NP,1063,3,1,0,7029,7033,C
5-NP,1064,0,2,6990,0,6992,G
5-NP,1065,2,2,7022,0,7026,G
5-NP,1066,0,2,7002,0,7004,G
5-NP,1067,2,2,6993,0,6997,G
5-NP,1068,1,2,6998,0,7001,G
5-NP,1069,6882,1,0,0,6883,A
5-NP,1070,6885,0,1,0,6886,A
5-NP,1071,6865,0,4,0,6869,A
5-NP,1072,0,2,0,6866,6868,C
5-NP,1073,0,6851,0,3,6854,T
5-NP,1074,1,0,6879,0,6880,G
5-NP,1075,0,6810,0,5,6815,T
5-NP,1076,0,1,1,6843,6845,C
5-NP,1077,6916,2,6,1,6925,A
5-NP,1078,6919,0,5,0,6924,A
5-NP,1079,1,0,0,6952,6953,C
5-NP,1080,0,6953,0,2,6955,T
5-NP,1081,6835,0,2,0,6837,A
5-NP,1082,0,0,6858,0,6858,G
5-NP,1083,6711,0,2,0,6713,A
5-NP,1084,2,1,6721,0,6724,G
5-NP,1085,1,2,6718,0,6721,G
5-NP,1086,6380,1,1,0,6382,A
5-NP,1087,0,0,6431,0,6431,G
5-NP,1088,0,6334,1,5,6340,T
5-NP,1089,6341,0,8,1,6350,A
5-NP,1090,0,1,0,6351,6352,C
5-NP,1091,6288,0,0,0,6288,A
5-NP,1092,6283,0,0,0,6283,A
5-NP,1093,6240,1,0,0,6241,A
5-NP,1094,0,6168,0,0,6168,T
5-NP,1095,0,6139,0,1,6140,T
5-NP,1096,0,0,5945,0,5945,G
5-NP,1097,0,0,0,5888,5888,C
5-NP,1098,0,5858,1,8,5867,T
5-NP,1099,0,5856,0,2,5858,T
5-NP,1100,0,1,0,5861,5862,C
5-NP,1101,5878,0,0,0,5878,A
5-NP,1102,5894,0,0,0,5894,A
5-NP,1103,5886,0,1,0,5887,A
5-NP,1104,0,5873,0,1,5874,T
5-NP,1105,1,0,5885,0,5886,G
5-NP,1106,5774,0,5,0,5779,A
5-NP,1107,0,1,5801,0,5802,G
5-NP,1108,5799,0,5,0,5804,A
5-NP,1109,5784,0,1,0,5785,A
5-NP,1110,0,2,0,5768,5770,C
5-NP,1111,5700,0,1,0,5701,A
5-NP,1112,0,5692,0,2,5694,T
5-NP,1113,0,2,5756,0,5758,G
5-NP,1114,1,2,5756,0,5759,G
5-NP,1115,5747,0,4,0,5751,A
5-NP,1116,0,5641,0,0,5641,T
5-NP,1117,5585,0,2,0,5587,A
5-NP,1118,5796,1,0,0,5797,A
5-NP,1119,0,5652,0,1,5653,T
5-NP,1120,5639,0,1,0,5640,A
5-NP,1121,0,5581,0,1,5582,T
5-NP,1122,1,2,5224,0,5227,G
5-NP,1123,0,0,5095,0,5095,G
5-NP,1124,0,0,5070,0,5070,G
5-NP,1125,5045,0,1,0,5046,A
5-NP,1126,0,4992,0,0,4992,T
5-NP,1127,0,0,0,3817,3817,C
5-NP,1128,1,0,3817,0,3818,G
5-NP,1129,3801,0,3,0,3804,A
5-NP,1130,3,0,3797,0,3800,G
5-NP,1131,0,0,0,3771,3771,C
5-NP,1132,3700,0,0,0,3700,A
5-NP,1133,0,1,0,3820,3821,C
5-NP,1134,1,3716,0,1,3718,T
5-NP,1135,2,9,0,3770,3781,C
5-NP,1136,0,3756,1,6,3763,T
5-NP,1137,0,3709,0,0,3709,T
5-NP,1138,0,0,3729,0,3729,G
5-NP,1139,3718,0,1,0,3719,A
5-NP,1140,3703,0,2,0,3705,A
5-NP,1141,0,0,0,3706,3706,C
5-NP,1142,1,2676,0,0,2677,T
5-NP,1143,0,0,2692,0,2692,G
5-NP,1144,2599,0,1,0,2600,A
5-NP,1145,0,0,2604,0,2604,G
5-NP,1146,2609,0,0,0,2609,A
5-NP,1147,2554,0,0,0,2554,A
5-NP,1148,0,0,2557,0,2557,G
5-NP,1149,1,0,0,2477,2478,C
5-NP,1150,1,0,2475,0,2476,G
5-NP,1151,1,1,2466,0,2468,G
5-NP,1152,0,1,2411,0,2412,G
5-NP,1153,0,2379,0,0,2379,T
5-NP,1154,2321,0,0,0,2321,A
5-NP,1155,0,0,0,2293,2293,C
5-NP,1156,0,1705,0,0,1705,T
5-NP,1157,0,0,1658,1,1659,G
5-NP,1158,0,1,1607,0,1608,G
5-NP,1159,1,1,1575,0,1577,G
5-NP,1160,0,0,0,1522,1522,C
5-NP,1161,0,0,0,1386,1386,C
5-NP,1162,1395,1,0,0,1396,A
5-NP,1163,0,1400,0,0,1400,T
5-NP,1164,1393,0,0,0,1393,A
5-NP,1165,1397,1,1,0,1399,A
5-NP,1166,0,0,1372,0,1372,G
5-NP,1167,0,0,1399,0,1399,G
5-NP,1168,1351,0,2,1,1354,A
5-NP,1169,0,1,0,1354,1355,C
5-NP,1170,0,1,0,1367,1368,C
5-NP,1171,1358,0,4,0,1362,A
5-NP,1172,0,0,1386,0,1386,G
5-NP,1173,0,0,1391,0,1391,G
5-NP,1174,1388,0,0,0,1388,A
5-NP,1175,0,0,1395,0,1395,G
5-NP,1176,0,1316,0,0,1316,T
5-NP,1177,0,0,1320,0,1320,G
5-NP,1178,0,0,1329,1,1330,G
5-NP,1179,1329,1,0,1,1331,A
5-NP,1180,0,0,1342,0,1342,G
5-NP,1181,0,0,1322,0,1322,G
5-NP,1182,1314,0,0,0,1314,A
5-NP,1183,1314,0,0,0,1314,A
5-NP,1184,1301,0,2,0,1303,A
5-NP,1185,0,0,0,1300,1300,C
5-NP,1186,1301,0,0,0,1301,A
5-NP,1187,0,0,0,1325,1325,C
5-NP,1188,1,1310,0,0,1311,T
5-NP,1189,1356,0,0,0,1356,A
5-NP,1190,1350,0,0,0,1350,A
5-NP,1191,0,1350,0,0,1350,T
5-NP,1192,0,0,0,1360,1360,C
5-NP,1193,1358,0,0,0,1358,A
5-NP,1194,1363,0,0,0,1363,A
5-NP,1195,0,1,0,1370,1371,C
5-NP,1196,1336,0,0,0,1336,A
5-NP,1197,0,0,1334,0,1334,G
5-NP,1198,1280,0,0,0,1280,A
5-NP,1199,0,1,1278,0,1279,G
5-NP,1200,1,0,1277,0,1278,G
5-NP,1201,0,0,1278,0,1278,G
5-NP,1202,1,0,0,1278,1279,C
5-NP,1203,0,0,0,1265,1265,C
5-NP,1204,0,1253,0,0,1253,T
5-NP,1205,0,0,0,1272,1272,C
5-NP,1206,0,0,0,1273,1273,C
5-NP,1207,0,0,1274,0,1274,G
5-NP,1208,0,0,0,1279,1279,C
5-NP,1209,1247,0,1,0,1248,A
5-NP,1210,0,0,1294,0,1294,G
5-NP,1211,2,0,1276,0,1278,G
5-NP,1212,0,0,0,1288,1288,C
5-NP,1213,0,0,0,1291,1291,C
5-NP,1214,1279,0,0,0,1279,A
5-NP,1215,1287,0,0,0,1287,A
5-NP,1216,1296,0,0,0,1296,A
5-NP,1217,0,0,0,1300,1300,C
5-NP,1218,1,800,0,443,1244,T
5-NP,1219,1242,0,0,0,1242,A
5-NP,1220,0,0,1254,0,1254,G
5-NP,1221,0,1242,0,1,1243,T
5-NP,1222,0,0,1251,0,1251,G
5-NP,1223,1,1230,0,1,1232,T
5-NP,1224,1,0,1237,0,1238,G
5-NP,1225,0,0,0,1236,1236,C
5-NP,1226,1232,0,0,0,1232,A
5-NP,1227,1246,0,1,0,1247,A
5-NP,1228,0,0,0,1236,1236,C
5-NP,1229,0,0,0,1235,1235,C
5-NP,1230,0,1234,0,0,1234,T
5-NP,1231,1223,0,0,0,1223,A
5-NP,1232,0,1,0,1226,1227,C
5-NP,1233,0,0,1227,0,1227,G
5-NP,1234,0,1221,0,0,1221,T
5-NP,1235,0,1229,0,0,1229,T
5-NP,1236,0,1210,0,0,1210,T
5-NP,1237,0,1203,0,0,1203,T
5-NP,1238,0,0,0,1203,1203,C
5-NP,1239,0,1194,0,0,1194,T
5-NP,1240,1,1,1215,0,1217,G
5-NP,1241,0,1211,0,0,1211,T
5-NP,1242,1213,0,0,3,1216,A
5-NP,1243,0,1,0,1222,1223,C
5-NP,1244,1205,0,0,0,1205,A
5-NP,1245,1208,0,0,0,1208,A
5-NP,1246,1209,0,0,0,1209,A
5-NP,1247,0,0,1204,0,1204,G
5-NP,1248,1204,0,1,0,1205,A
5-NP,1249,1175,0,0,0,1175,A
5-NP,1250,1170,0,0,0,1170,A
5-NP,1251,0,2,0,1169,1171,C
5-NP,1252,0,0,0,1159,1159,C
5-NP,1253,0,1152,0,1,1153,T
5-NP,1254,0,0,0,1160,1160,C
5-NP,1255,0,0,0,1156,1156,C
5-NP,1256,0,0,0,1160,1160,C
5-NP,1257,1163,0,0,0,1163,A
5-NP,1258,0,1162,0,0,1162,T
5-NP,1259,0,1166,0,1,1167,T
5-NP,1260,0,1161,0,1,1162,T
5-NP,1261,0,0,1159,0,1159,G
5-NP,1262,1155,0,0,0,1155,A
5-NP,1263,1157,0,1,0,1158,A
5-NP,1264,1160,0,0,0,1160,A
5-NP,1265,1157,0,0,0,1157,A
5-NP,1266,0,0,1167,0,1167,G
5-NP,1267,0,1152,0,0,1152,T
5-NP,1268,0,0,0,1161,1161,C
5-NP,1269,1166,0,0,0,1166,A
5-NP,1270,1159,0,3,0,1162,A
5-NP,1271,0,0,0,1159,1159,C
5-NP,1272,1,1,0,1177,1179,C
5-NP,1273,1179,0,0,0,1179,A
5-NP,1274,1,1166,0,0,1167,T
5-NP,1275,0,1,0,1164,1165,C
5-NP,1276,1164,0,1,0,1165,A
5-NP,1277,0,1163,1,1,1165,T
5-NP,1278,0,0,1165,0,1165,G
5-NP,1279,0,0,1158,0,1158,G
5-NP,1280,0,0,0,1165,1165,C
5-NP,1281,1148,0,0,0,1148,A
5-NP,1282,1,0,1148,0,1149,G
5-NP,1283,1,0,0,1135,1136,C
5-NP,1284,1140,0,0,0,1140,A
5-NP,1285,0,1137,0,0,1137,T
5-NP,1286,0,1125,0,0,1125,T
5-NP,1287,0,0,0,1136,1136,C
5-NP,1288,1130,1,0,0,1131,A
5-NP,1289,0,0,0,1143,1143,C
5-NP,1290,0,1137,0,0,1137,T
5-NP,1291,0,0,1143,0,1143,G
5-NP,1292,0,1,1149,0,1150,G
5-NP,1293,1154,0,0,0,1154,A
5-NP,1294,1145,0,0,0,1145,A
5-NP,1295,1147,0,0,0,1147,A
5-NP,1296,0,1135,0,0,1135,T
5-NP,1297,1137,0,0,0,1137,A
5-NP,1298,0,1,0,1136,1137,C
5-NP,1299,0,0,1126,0,1126,G
5-NP,1300,0,0,1116,0,1116,G
5-NP,1301,1069,0,1,0,1070,A
5-NP,1302,1,0,1075,0,1076,G
5-NP,1303,0,0,1080,0,1080,G
5-NP,1304,1,0,1079,0,1080,G
5-NP,1305,1080,0,0,0,1080,A
5-NP,1306,1079,0,2,0,1081,A
5-NP,1307,0,0,1076,0,1076,G
5-NP,1308,1074,0,2,0,1076,A
5-NP,1309,1076,0,0,0,1076,A
5-NP,1310,0,1,0,1094,1095,C
5-NP,1311,0,1069,0,0,1069,T
5-NP,1312,0,1078,0,0,1078,T
5-NP,1313,0,0,0,1094,1094,C
5-NP,1314,1092,0,3,0,1095,A
5-NP,1315,0,0,1093,0,1093,G
5-NP,1316,1089,0,1,0,1090,A
5-NP,1317,0,0,0,1089,1089,C
5-NP,1318,1079,0,0,0,1079,A
5-NP,1319,0,1051,0,1,1052,T
5-NP,1320,0,0,1049,0,1049,G
5-NP,1321,1035,0,2,0,1037,A
5-NP,1322,0,0,1054,0,1054,G
5-NP,1323,0,0,1049,0,1049,G
5-NP,1324,0,0,1040,0,1040,G
5-NP,1325,0,0,0,1042,1042,C
5-NP,1326,1036,0,1,0,1037,A
5-NP,1327,0,0,1037,0,1037,G
5-NP,1328,1033,0,0,0,1033,A
5-NP,1329,1036,0,0,0,1036,A
5-NP,1330,1032,0,0,0,1032,A
5-NP,1331,0,1021,0,0,1021,T
5-NP,1332,1,0,0,1020,1021,C
5-NP,1333,1011,0,0,0,1011,A
5-NP,1334,0,1016,0,0,1016,T
5-NP,1335,1019,0,0,0,1019,A
5-NP,1336,1014,2,0,0,1016,A
5-NP,1337,1,0,1031,0,1032,G
5-NP,1338,1010,0,0,0,1010,A
5-NP,1339,1016,0,0,0,1016,A
5-NP,1340,0,997,0,0,997,T
5-NP,1341,0,1,1014,0,1015,G
5-NP,1342,1012,0,0,0,1012,A
5-NP,1343,0,1007,0,1,1008,T
5-NP,1344,0,0,1013,0,1013,G
5-NP,1345,0,0,1015,0,1015,G
5-NP,1346,998,0,1,0,999,A
5-NP,1347,990,0,0,0,990,A
5-NP,1348,215,0,744,0,959,G
5-NP,1349,0,0,971,0,971,G
5-NP,1350,0,952,0,0,952,T
5-NP,1351,3,0,953,0,956,G
5-NP,1352,0,0,0,950,950,C
5-NP,1353,954,0,0,0,954,A
5-NP,1354,956,0,0,0,956,A
5-NP,1355,953,0,0,0,953,A
5-NP,1356,957,0,0,0,957,A
5-NP,1357,0,1,0,958,959,C
5-NP,1358,0,0,0,951,951,C
5-NP,1359,932,0,0,0,932,A
5-NP,1360,0,0,939,0,939,G
5-NP,1361,940,0,0,0,940,A
5-NP,1362,942,0,0,0,942,A
5-NP,1363,0,0,936,0,936,G
5-NP,1364,919,0,0,0,919,A
5-NP,1365,898,0,0,0,898,A
5-NP,1366,0,0,904,0,904,G
5-NP,1367,0,883,0,1,884,T
5-NP,1368,0,0,901,0,901,G
5-NP,1369,0,880,0,2,882,T
5-NP,1370,0,0,0,888,888,C
5-NP,1371,892,0,0,0,892,A
5-NP,1372,0,891,0,0,891,T
5-NP,1373,0,876,0,0,876,T
5-NP,1374,0,0,0,894,894,C
5-NP,1375,0,0,0,887,887,C
5-NP,1376,0,0,884,0,884,G
5-NP,1377,0,0,893,0,893,G
5-NP,1378,0,0,886,0,886,G
5-NP,1379,0,0,884,0,884,G
5-NP,1380,0,0,886,0,886,G
5-NP,1381,850,0,1,0,851,A
5-NP,1382,0,0,859,0,859,G
5-NP,1383,0,0,861,0,861,G
5-NP,1384,1,0,849,0,850,G
5-NP,1385,0,0,858,1,859,G
5-NP,1386,852,0,1,0,853,A
5-NP,1387,1,0,854,0,855,G
5-NP,1388,0,840,0,0,840,T
5-NP,1389,0,651,0,185,836,T
5-NP,1390,0,843,0,0,843,T
5-NP,1391,0,841,0,0,841,T
5-NP,1392,0,1,0,841,842,C
5-NP,1393,0,0,842,0,842,G
5-NP,1394,837,0,1,0,838,A
5-NP,1395,0,0,860,0,860,G
5-NP,1396,0,0,0,847,847,C
5-NP,1397,0,856,0,0,856,T
5-NP,1398,0,0,0,860,860,C
5-NP,1399,0,858,0,1,859,T
5-NP,1400,0,0,0,865,865,C
5-NP,1401,865,0,0,1,866,A
5-NP,1402,0,0,875,0,875,G
5-NP,1403,869,0,0,0,869,A
5-NP,1404,0,0,0,871,871,C
5-NP,1405,0,0,867,0,867,G
5-NP,1406,857,0,1,0,858,A
5-NP,1407,0,0,856,0,856,G
5-NP,1408,842,0,0,0,842,A
5-NP,1409,841,0,1,0,842,A
5-NP,1410,0,0,839,0,839,G
5-NP,1411,0,0,826,0,826,G
5-NP,1412,0,0,0,823,823,C
5-NP,1413,816,0,0,0,816,A
5-NP,1414,297,0,509,0,806,G
5-NP,1415,0,0,0,802,802,C
5-NP,1416,0,0,824,0,824,G
5-NP,1417,833,0,0,0,833,A
5-NP,1418,816,0,1,0,817,A
5-NP,1419,0,0,0,815,815,C
5-NP,1420,0,2,0,812,814,C
5-NP,1421,0,0,0,813,813,C
5-NP,1422,0,0,822,0,822,G
5-NP,1423,812,0,0,0,812,A
5-NP,1424,0,812,0,0,812,T
5-NP,1425,0,1,0,803,804,C
5-NP,1426,0,0,807,0,807,G
5-NP,1427,0,796,0,0,796,T
5-NP,1428,0,0,794,0,794,G
5-NP,1429,0,0,0,793,793,C
5-NP,1430,0,0,0,789,789,C
5-NP,1431,1,0,0,795,796,C
5-NP,1432,1,788,0,0,789,T
5-NP,1433,1,0,0,821,822,C
5-NP,1434,0,825,0,0,825,T
5-NP,1435,0,824,0,1,825,T
5-NP,1436,1,826,0,1,828,T
5-NP,1437,0,825,0,0,825,T
5-NP,1438,0,1,819,0,820,G
5-NP,1439,827,0,0,0,827,A
5-NP,1440,0,812,0,0,812,T
5-NP,1441,817,0,0,0,817,A
5-NP,1442,0,696,0,0,696,T
5-NP,1443,0,0,716,0,716,G
5-NP,1444,709,0,0,0,709,A
5-NP,1445,0,0,716,0,716,G
5-NP,1446,0,716,0,0,716,T
5-NP,1447,699,0,0,0,699,A
5-NP,1448,700,0,0,0,700,A
5-NP,1449,0,698,0,0,698,T
5-NP,1450,0,0,697,0,697,G
5-NP,1451,697,0,0,0,697,A
5-NP,1452,623,0,0,0,623,A
5-NP,1453,0,0,616,0,616,G
5-NP,1454,0,0,581,0,581,G
5-NP,1455,575,0,0,0,575,A
5-NP,1456,0,575,0,0,575,T
5-NP,1457,0,0,0,575,575,C
5-NP,1458,0,572,0,0,572,T
5-NP,1459,0,573,0,0,573,T
5-NP,1460,573,0,0,0,573,A
5-NP,1461,0,571,0,0,571,T
5-NP,1462,0,563,0,0,563,T
5-NP,1463,0,560,0,0,560,T
5-NP,1464,0,0,0,552,552,C
5-NP,1465,0,533,0,0,533,T
5-NP,1466,0,528,0,0,528,T
5-NP,1467,0,0,0,531,531,C
5-NP,1468,1,1,522,0,524,G
5-NP,1469,0,0,525,0,525,G
5-NP,1470,525,0,0,0,525,A
5-NP,1471,0,0,525,0,525,G
5-NP,1472,523,0,0,0,523,A
5-NP,1473,0,0,0,512,512,C
5-NP,1474,494,0,0,0,494,A
5-NP,1475,492,0,0,0,492,A
5-NP,1476,0,490,0,1,491,T
5-NP,1477,0,0,488,0,488,G
5-NP,1478,0,0,0,491,491,C
5-NP,1479,475,0,0,1,476,A
5-NP,1480,0,0,477,0,477,G
5-NP,1481,476,0,0,0,476,A
5-NP,1482,453,0,0,0,453,A
5-NP,1483,0,0,451,0,451,G
5-NP,1484,304,0,0,0,304,A
5-NP,1485,0,0,304,0,304,G
5-NP,1486,0,267,0,0,267,T
5-NP,1487,266,0,1,0,267,A
5-NP,1488,0,43,0,215,258,C
5-NP,1489,0,0,246,0,246,G
5-NP,1490,246,0,0,0,246,A
5-NP,1491,0,0,0,245,245,C
5-NP,1492,177,0,0,0,177,A
5-NP,1493,176,0,0,0,176,A
5-NP,1494,0,130,0,0,130,T
5-NP,1495,0,127,0,0,127,T
5-NP,1496,127,0,0,0,127,A
5-NP,1497,122,0,0,0,122,A
6-NA,1,6,0,0,0,6,A
6-NA,2,0,6,0,0,6,T
6-NA,3,0,0,6,0,6,G
6-NA,4,6,0,0,0,6,A
6-NA,5,8,0,0,0,8,A
6-NA,6,0,8,0,0,8,T
6-NA,7,0,0,0,8,8,C
6-NA,8,0,0,0,8,8,C
6-NA,9,8,0,0,0,8,A
6-NA,10,8,0,0,0,8,A
6-NA,11,8,0,0,0,8,A
6-NA,12,0,8,0,0,8,T
6-NA,13,0,0,0,8,8,C
6-NA,14,8,0,0,0,8,A
6-NA,15,8,0,0,0,8,A
6-NA,16,7,0,0,0,7,A
6-NA,17,9,0,0,0,9,A
6-NA,18,0,0,12,0,12,G
6-NA,19,12,0,0,0,12,A
6-NA,20,0,12,0,0,12,T
6-NA,21,12,0,0,0,12,A
6-NA,22,12,0,0,0,12,A
6-NA,23,0,13,0,0,13,T
6-NA,24,13,0,0,0,13,A
6-NA,25,13,0,0,0,13,A
6-NA,26,0,0,0,13,13,C
6-NA,27,0,0,14,0,14,G
6-NA,28,13,0,0,0,13,A
6-NA,29,0,14,0,0,14,T
6-NA,30,0,14,0,0,14,T
6-NA,31,0,0,15,0,15,G
6-NA,32,0,0,16,0,16,G
6-NA,33,0,0,0,17,17,C
6-NA,34,0,17,0,0,17,T
6-NA,35,0,0,0,19,19,C
6-NA,36,0,19,0,0,19,T
6-NA,37,0,0,19,0,19,G
6-NA,38,0,19,0,0,19,T
6-NA,39,0,19,0,0,19,T
6-NA,40,0,19,0,0,19,T
6-NA,41,0,0,0,18,18,C
6-NA,42,0,18,0,0,18,T
6-NA,43,0,0,0,18,18,C
6-NA,44,0,18,0,0,18,T
6-NA,45,0,0,0,18,18,C
6-NA,46,17,0,0,0,17,A
6-NA,47,0,0,0,20,20,C
6-NA,48,0,0,0,20,20,C
6-NA,49,20,0,0,0,20,A
6-NA,50,0,20,0,0,20,T
6-NA,51,0,23,0,0,23,T
6-NA,52,0,23,0,0,23,T
6-NA,53,0,0,0,24,24,C
6-NA,54,0,0,0,24,24,C
6-NA,55,24,0,0,0,24,A
6-NA,56,0,0,0,24,24,C
6-NA,57,24,0,0,0,24,A
6-NA,58,26,0,0,0,26,A
6-NA,59,0,26,0,0,26,T
6-NA,60,28,0,0,0,28,A
6-NA,61,0,28,0,0,28,T
6-NA,62,0,0,28,0,28,G
6-NA,63,0,0,0,27,27,C
6-NA,64,0,28,0,0,28,T
6-NA,65,0,30,0,0,30,T
6-NA,66,0,0,0,30,30,C
6-NA,67,0,29,0,0,29,T
6-NA,68,0,29,0,0,29,T
6-NA,69,0,0,0,29,29,C
6-NA,70,29,0,0,0,29,A
6-NA,71,0,29,0,0,29,T
6-NA,72,0,0,29,0,29,G
6-NA,73,0,0,0,30,30,C
6-NA,74,30,0,0,0,30,A
6-NA,75,30,0,0,0,30,A
6-NA,76,30,0,0,0,30,A
6-NA,77,0,31,0,0,31,T
6-NA,78,0,31,0,0,31,T
6-NA,79,0,0,29,0,29,G
6-NA,80,0,0,0,28,28,C
6-NA,81,0,0,0,31,31,C
6-NA,82,31,0,0,0,31,A
6-NA,83,0,31,0,0,31,T
6-NA,84,0,0,0,33,33,C
6-NA,85,0,32,0,0,32,T
6-NA,86,0,32,0,0,32,T
6-NA,87,0,0,35,0,35,G
6-NA,88,34,0,0,0,34,A
6-NA,89,0,35,0,0,35,T
6-NA,90,36,0,0,0,36,A
6-NA,91,36,0,0,0,36,A
6-NA,92,0,0,0,40,40,C
6-NA,93,0,41,0,0,41,T
6-NA,94,42,0,0,0,42,A
6-NA,95,0,0,0,42,42,C
6-NA,96,0,41,0,0,41,T
6-NA,97,0,0,42,0,42,G
6-NA,98,0,42,0,0,42,T
6-NA,99,41,0,0,0,41,A
6-NA,100,41,0,0,0,41,A
6-NA,101,0,0,0,40,40,C
6-NA,102,42,0,0,0,42,A
6-NA,103,0,41,0,0,41,T
6-NA,104,0,42,0,0,42,T
6-NA,105,0,0,42,0,42,G
6-NA,106,0,0,0,41,41,C
6-NA,107,42,0,0,0,42,A
6-NA,108,0,44,0,0,44,T
6-NA,109,0,43,0,0,43,T
6-NA,110,0,44,0,0,44,T
6-NA,111,0,0,0,41,41,C
6-NA,112,42,0,0,0,42,A
6-NA,113,42,0,1,0,43,A
6-NA,114,0,0,43,0,43,G
6-NA,115,0,0,0,41,41,C
6-NA,116,41,0,0,0,41,A
6-NA,117,44,0,0,0,44,A
6-NA,118,0,45,0,0,45,T
6-NA,119,45,0,0,0,45,A
6-NA,120,0,45,0,0,45,T
6-NA,121,0,0,47,0,47,G
6-NA,122,46,0,0,0,46,A
6-NA,123,46,0,0,0,46,A
6-NA,124,0,46,0,0,46,T
6-NA,125,0,46,0,0,46,T
6-NA,126,0,0,0,46,46,C
6-NA,127,46,0,0,0,46,A
6-NA,128,46,0,0,0,46,A
6-NA,129,0,0,0,45,45,C
6-NA,130,0,45,0,0,45,T
6-NA,131,0,0,0,45,45,C
6-NA,132,0,0,0,45,45,C
6-NA,133,0,0,0,45,45,C
6-NA,134,0,0,0,47,47,C
6-NA,135,0,0,0,47,47,C
6-NA,136,0,0,0,47,47,C
6-NA,137,0,0,0,48,48,C
6-NA,138,49,0,0,0,49,A
6-NA,139,49,0,0,0,49,A
6-NA,140,49,0,0,0,49,A
6-NA,141,0,0,0,51,51,C
6-NA,142,51,0,0,0,51,A
6-NA,143,52,0,0,0,52,A
6-NA,144,0,0,0,52,52,C
6-NA,145,0,0,0,52,52,C
6-NA,146,55,0,0,0,55,A
6-NA,147,56,0,0,0,56,A
6-NA,148,0,0,56,0,56,G
6-NA,149,0,56,0,0,56,T
6-NA,150,0,0,55,0,55,G
6-NA,151,58,0,0,0,58,A
6-NA,152,0,56,0,0,56,T
6-NA,153,0,0,55,0,55,G
6-NA,154,0,0,0,56,56,C
6-NA,155,0,55,0,0,55,T
6-NA,156,0,0,56,0,56,G
6-NA,157,0,56,0,0,56,T
6-NA,158,0,0,56,0,56,G
6-NA,159,0,56,0,0,56,T
6-NA,160,0,0,56,0,56,G
6-NA,161,57,0,0,0,57,A
6-NA,162,57,0,0,0,57,A
6-NA,163,0,0,0,58,58,C
6-NA,164,0,0,0,57,57,C
6-NA,165,57,0,0,0,57,A
6-NA,166,57,0,0,0,57,A
6-NA,167,0,0,0,58,58,C
6-NA,168,58,0,0,0,58,A
6-NA,169,61,0,0,0,61,A
6-NA,170,0,61,0,0,61,T
6-NA,171,61,0,0,0,61,A
6-NA,172,61,0,0,0,61,A
6-NA,173,0,61,0,0,61,T
6-NA,174,61,0,0,0,61,A
6-NA,175,0,0,62,0,62,G
6-NA,176,62,0,0,0,62,A
6-NA,177,62,0,0,0,62,A
6-NA,178,63,0,0,0,63,A
6-NA,179,0,0,64,0,64,G
6-NA,180,65,0,0,0,65,A
6-NA,181,65,0,0,0,65,A
6-NA,182,66,0,0,0,66,A
6-NA,183,0,0,0,66,66,C
6-NA,184,65,0,0,0,65,A
6-NA,185,0,65,0,0,65,T
6-NA,186,65,0,0,0,65,A
6-NA,187,65,0,0,0,65,A
6-NA,188,0,0,0,66,66,C
6-NA,189,66,0,0,0,66,A
6-NA,190,0,0,68,0,68,G
6-NA,191,68,0,0,0,68,A
6-NA,192,0,0,69,0,69,G
6-NA,193,69,0,0,0,69,A
6-NA,194,0,70,0,0,70,T
6-NA,195,72,0,0,0,72,A
6-NA,196,0,0,72,0,72,G
6-NA,197,0,69,0,0,69,T
6-NA,198,0,0,72,0,72,G
6-NA,199,0,70,0,0,70,T
6-NA,200,71,0,0,0,71,A
6-NA,201,0,72,0,0,72,T
6-NA,202,0,0,0,71,71,C
6-NA,203,0,66,0,0,66,T
6-NA,204,0,0,73,0,73,G
6-NA,205,73,0,0,0,73,A
6-NA,206,0,0,0,73,73,C
6-NA,207,0,0,0,71,71,C
6-NA,208,70,0,0,0,70,A
6-NA,209,71,0,0,0,71,A
6-NA,210,0,0,0,74,74,C
6-NA,211,72,0,0,0,72,A
6-NA,212,0,0,0,74,74,C
6-NA,213,0,0,0,76,76,C
6-NA,214,76,0,0,0,76,A
6-NA,215,0,0,0,83,83,C
6-NA,216,1,0,0,81,82,C
6-NA,217,81,0,0,0,81,A
6-NA,218,0,82,0,0,82,T
6-NA,219,81,0,0,0,81,A
6-NA,220,0,0,79,0,79,G
6-NA,221,79,0,0,0,79,A
6-NA,222,0,0,80,0,80,G
6-NA,223,78,0,0,0,78,A
6-NA,224,75,0,0,0,75,A
6-NA,225,0,1,75,0,76,G
6-NA,226,0,0,76,0,76,G
6-NA,227,77,0,0,0,77,A
6-NA,228,77,0,0,0,77,A
6-NA,229,77,0,0,0,77,A
6-NA,230,0,77,0,0,77,T
6-NA,231,77,0,0,0,77,A
6-NA,232,0,78,0,0,78,T
6-NA,233,0,0,78,0,78,G
6-NA,234,0,0,0,81,81,C
6-NA,235,0,0,0,80,80,C
6-NA,236,0,0,0,79,79,C
6-NA,237,0,0,0,81,81,C
6-NA,238,80,0,0,0,80,A
6-NA,239,81,0,0,0,81,A
6-NA,240,81,0,0,0,81,A
6-NA,241,0,0,0,81,81,C
6-NA,242,0,81,0,0,81,T
6-NA,243,82,0,0,0,82,A
6-NA,244,0,0,82,0,82,G
6-NA,245,0,0,0,81,81,C
6-NA,246,81,0,0,0,81,A
6-NA,247,0,0,84,0,84,G
6-NA,248,82,0,0,0,82,A
6-NA,249,83,1,0,0,84,A
6-NA,250,0,85,0,0,85,T
6-NA,251,85,0,0,0,85,A
6-NA,252,0,0,0,85,85,C
6-NA,253,83,0,0,0,83,A
6-NA,254,0,0,83,0,83,G
6-NA,255,84,0,0,0,84,A
6-NA,256,85,0,0,0,85,A
6-NA,257,85,0,0,0,85,A
6-NA,258,0,82,0,0,82,T
6-NA,259,0,83,0,0,83,T
6-NA,260,0,0,81,0,81,G
6-NA,261,0,0,80,0,80,G
6-NA,262,0,82,0,0,82,T
6-NA,263,0,0,0,83,83,C
6-NA,264,82,0,0,0,82,A
6-NA,265,81,0,0,0,81,A
6-NA,266,81,0,0,0,81,A
6-NA,267,0,0,84,0,84,G
6-NA,268,0,0,0,84,84,C
6-NA,269,0,0,0,84,84,C
6-NA,270,0,0,84,0,84,G
6-NA,271,0,0,0,83,83,C
6-NA,272,82,0,0,0,82,A
6-NA,273,85,0,0,0,85,A
6-NA,274,0,83,0,0,83,T
6-NA,275,0,0,87,0,87,G
6-NA,276,0,77,0,7,84,T
6-NA,277,0,0,85,0,85,G
6-NA,278,84,0,0,0,84,A
6-NA,279,0,0,0,84,84,C
6-NA,280,87,0,0,0,87,A
6-NA,281,0,86,0,0,86,T
6-NA,282,0,87,0,0,87,T
6-NA,283,88,0,0,0,88,A
6-NA,284,0,0,0,85,85,C
6-NA,285,85,0,0,0,85,A
6-NA,286,0,0,84,0,84,G
6-NA,287,0,0,84,0,84,G
6-NA,288,7,0,73,0,80,G
6-NA,289,0,80,0,0,80,T
6-NA,290,0,82,0,0,82,T
6-NA,291,0,82,0,0,82,T
6-NA,292,0,0,82,0,82,G
6-NA,293,0,0,0,81,81,C
6-NA,294,81,0,0,0,81,A
6-NA,295,0,0,0,81,81,C
6-NA,296,0,0,0,81,81,C
6-NA,297,0,80,0,0,80,T
6-NA,298,0,80,0,0,80,T
6-NA,299,0,82,0,0,82,T
6-NA,300,0,82,0,0,82,T
6-NA,301,0,83,0,0,83,T
6-NA,302,0,0,0,82,82,C
6-NA,303,0,81,0,0,81,T
6-NA,304,80,0,0,0,80,A
6-NA,305,79,0,0,0,79,A
6-NA,306,0,0,80,0,80,G
6-NA,307,0,0,80,0,80,G
6-NA,308,78,0,0,0,78,A
6-NA,309,0,0,0,76,76,C
6-NA,310,78,0,0,0,78,A
6-NA,311,78,0,0,0,78,A
6-NA,312,0,77,0,0,77,T
6-NA,313,0,78,0,0,78,T
6-NA,314,0,0,0,79,79,C
6-NA,315,0,0,78,0,78,G
6-NA,316,79,0,0,0,79,A
6-NA,317,0,80,0,0,80,T
6-NA,318,0,80,0,0,80,T
6-NA,319,79,0,0,0,79,A
6-NA,320,0,0,81,0,81,G
6-NA,321,0,0,82,0,82,G
6-NA,322,0,0,0,83,83,C
6-NA,323,0,81,0,0,81,T
6-NA,324,0,81,0,0,81,T
6-NA,325,0,81,0,0,81,T
6-NA,326,0,0,0,81,81,C
6-NA,327,0,0,0,81,81,C
6-NA,328,0,0,81,0,81,G
6-NA,329,0,0,0,82,82,C
6-NA,330,0,81,0,0,81,T
6-NA,331,0,0,80,0,80,G
6-NA,332,0,0,81,0,81,G
6-NA,333,0,80,0,0,80,T
6-NA,334,0,0,80,0,80,G
6-NA,335,0,0,80,0,80,G
6-NA,336,0,0,82,0,82,G
6-NA,337,0,0,81,0,81,G
6-NA,338,80,0,0,0,80,A
6-NA,339,0,0,0,82,82,C
6-NA,340,79,0,0,0,79,A
6-NA,341,0,80,0,0,80,T
6-NA,342,0,0,0,80,80,C
6-NA,343,0,79,0,0,79,T
6-NA,344,0,0,80,0,80,G
6-NA,345,0,0,78,0,78,G
6-NA,346,0,0,81,0,81,G
6-NA,347,0,81,0,0,81,T
6-NA,348,0,0,80,0,80,G
6-NA,349,81,0,0,0,81,A
6-NA,350,0,0,0,84,84,C
6-NA,351,84,0,0,0,84,A
6-NA,352,90,0,0,0,90,A
6-NA,353,0,0,91,0,91,G
6-NA,354,88,0,0,0,88,A
6-NA,355,0,0,93,0,93,G
6-NA,356,100,0,0,0,100,A
6-NA,357,119,0,0,0,119,A
6-NA,358,0,0,0,179,179,C
6-NA,359,0,0,0,196,196,C
6-NA,360,0,196,0,0,196,T
6-NA,361,0,199,0,0,199,T
6-NA,362,200,0,0,0,200,A
6-NA,363,0,200,0,0,200,T
6-NA,364,0,0,212,0,212,G
6-NA,365,0,213,0,0,213,T
6-NA,366,0,0,231,0,231,G
6-NA,367,0,229,0,0,229,T
6-NA,368,1,0,0,226,227,C
6-NA,369,230,2,0,0,232,A
6-NA,370,0,234,0,0,234,T
6-NA,371,0,0,235,0,235,G
6-NA,372,0,0,0,236,236,C
6-NA,373,0,0,236,0,236,G
6-NA,374,298,0,0,0,298,A
6-NA,375,0,302,0,0,302,T
6-NA,376,0,0,0,304,304,C
6-NA,377,0,0,0,300,300,C
6-NA,378,0,314,0,0,314,T
6-NA,379,0,0,318,0,318,G
6-NA,380,317,0,0,0,317,A
6-NA,381,0,0,0,321,321,C
6-NA,382,319,0,0,0,319,A
6-NA,383,317,0,0,0,317,A
6-NA,384,0,0,329,0,329,G
6-NA,385,0,331,0,0,331,T
6-NA,386,0,0,339,0,339,G
6-NA,387,1,335,0,1,337,T
6-NA,388,0,337,0,0,337,T
6-NA,389,339,0,0,0,339,A
6-NA,390,0,338,0,0,338,T
6-NA,391,0,0,0,342,342,C
6-NA,392,342,0,0,0,342,A
6-NA,393,344,0,0,0,344,A
6-NA,394,0,342,0,0,342,T
6-NA,395,0,342,0,0,342,T
6-NA,396,0,343,0,0,343,T
6-NA,397,0,0,348,0,348,G
6-NA,398,0,0,0,371,371,C
6-NA,399,0,0,0,367,367,C
6-NA,400,0,0,0,370,370,C
6-NA,401,0,370,0,1,371,T
6-NA,402,0,372,0,0,372,T
6-NA,403,1,0,376,0,377,G
6-NA,404,0,0,376,0,376,G
6-NA,405,379,0,0,0,379,A
6-NA,406,0,0,0,383,383,C
6-NA,407,370,0,0,0,370,A
6-NA,408,0,0,378,0,378,G
6-NA,409,0,0,377,0,377,G
6-NA,410,0,0,386,0,386,G
6-NA,411,386,0,0,0,386,A
6-NA,412,392,0,1,0,393,A
6-NA,413,0,0,0,394,394,C
6-NA,414,394,0,0,0,394,A
6-NA,415,434,0,0,0,434,A
6-NA,416,0,0,0,443,443,C
6-NA,417,445,0,0,0,445,A
6-NA,418,0,0,0,448,448,C
6-NA,419,0,440,0,1,441,T
6-NA,420,448,0,0,0,448,A
6-NA,421,447,0,0,0,447,A
6-NA,422,451,0,0,0,451,A
6-NA,423,0,1,0,450,451,C
6-NA,424,443,0,0,0,443,A
6-NA,425,458,0,0,0,458,A
6-NA,426,0,0,0,458,458,C
6-NA,427,1,0,458,0,459,G
6-NA,428,0,454,0,1,455,T
6-NA,429,277,0,176,0,453,A
6-NA,430,0,1,0,465,466,C
6-NA,431,467,0,0,0,467,A
6-NA,432,0,464,0,0,464,T
6-NA,433,1,467,0,0,468,T
6-NA,434,0,0,0,500,500,C
6-NA,435,547,0,0,0,547,A
6-NA,436,559,0,0,0,559,A
6-NA,437,562,0,0,0,562,A
6-NA,438,0,566,0,0,566,T
6-NA,439,353,0,208,0,561,A
6-NA,440,578,0,0,0,578,A
6-NA,441,0,0,0,581,581,C
6-NA,442,577,0,0,0,577,A
6-NA,443,0,0,0,598,598,C
6-NA,444,572,0,0,0,572,A
6-NA,445,0,0,702,0,702,G
6-NA,446,0,698,0,0,698,T
6-NA,447,716,0,0,0,716,A
6-NA,448,0,0,0,715,715,C
6-NA,449,0,0,720,0,720,G
6-NA,450,0,726,0,0,726,T
6-NA,451,0,0,732,0,732,G
6-NA,452,729,0,0,0,729,A
6-NA,453,0,737,0,0,737,T
6-NA,454,700,0,0,0,700,A
6-NA,455,0,0,688,0,688,G
6-NA,456,0,0,673,0,673,G
6-NA,457,684,0,1,0,685,A
6-NA,458,0,0,0,705,705,C
6-NA,459,0,0,0,692,692,C
6-NA,460,1,0,0,704,705,C
6-NA,461,1,1,0,705,707,C
6-NA,462,0,716,0,0,716,T
6-NA,463,0,731,0,0,731,T
6-NA,464,729,0,0,0,729,A
6-NA,465,0,728,0,0,728,T
6-NA,466,1,1,0,729,731,C
6-NA,467,0,0,719,0,719,G
6-NA,468,0,0,716,0,716,G
6-NA,469,718,0,0,0,718,A
6-NA,470,0,0,0,727,727,C
6-NA,471,0,0,0,731,731,C
6-NA,472,0,0,0,758,758,C
6-NA,473,0,763,0,0,763,T
6-NA,474,770,0,0,0,770,A
6-NA,475,1,770,0,0,771,T
6-NA,476,0,772,0,0,772,T
6-NA,477,0,0,771,0,771,G
6-NA,478,764,0,0,0,764,A
6-NA,479,0,764,0,0,764,T
6-NA,480,0,0,759,0,759,G
6-NA,481,738,0,0,0,738,A
6-NA,482,740,0,0,0,740,A
6-NA,483,0,737,0,0,737,T
6-NA,484,0,0,751,0,751,G
6-NA,485,752,0,0,0,752,A
6-NA,486,0,0,779,0,779,G
6-NA,487,0,766,0,0,766,T
6-NA,488,0,776,0,0,776,T
6-NA,489,778,0,0,0,778,A
6-NA,490,0,0,782,0,782,G
6-NA,491,0,0,771,0,771,G
6-NA,492,0,775,0,1,776,T
6-NA,493,0,0,782,0,782,G
6-NA,494,0,772,0,0,772,T
6-NA,495,0,773,0,0,773,T
6-NA,496,0,0,0,780,780,C
6-NA,497,0,0,0,785,785,C
6-NA,498,0,790,0,1,791,T
6-NA,499,0,794,0,0,794,T
6-NA,500,0,794,0,0,794,T
6-NA,501,0,787,0,0,787,T
6-NA,502,0,0,0,792,792,C
6-NA,503,791,0,0,0,791,A
6-NA,504,0,821,0,0,821,T
6-NA,505,0,0,0,825,825,C
6-NA,506,0,813,0,0,813,T
6-NA,507,0,0,817,1,818,G
6-NA,508,1,0,812,0,813,G
6-NA,509,1,0,808,0,809,G
6-NA,510,0,1,818,0,819,G
6-NA,511,826,0,0,0,826,A
6-NA,512,0,0,0,836,836,C
6-NA,513,0,0,0,830,830,C
6-NA,514,837,0,0,0,837,A
6-NA,515,844,0,1,0,845,A
6-NA,516,0,0,843,0,843,G
6-NA,517,0,0,0,846,846,C
6-NA,518,835,0,14,0,849,A
6-NA,519,851,0,0,0,851,A
6-NA,520,0,0,869,0,869,G
6-NA,521,0,861,0,0,861,T
6-NA,522,1,0,881,0,882,G
6-NA,523,0,874,0,0,874,T
6-NA,524,0,0,900,0,900,G
6-NA,525,0,0,0,902,902,C
6-NA,526,899,0,0,0,899,A
6-NA,527,0,908,0,0,908,T
6-NA,528,892,0,0,0,892,A
6-NA,529,0,0,922,0,922,G
6-NA,530,0,0,0,922,922,C
6-NA,531,901,0,1,0,902,A
6-NA,532,0,903,0,1,904,T
6-NA,533,0,0,892,0,892,G
6-NA,534,0,0,1138,0,1138,G
6-NA,535,0,1146,0,0,1146,T
6-NA,536,0,0,0,1148,1148,C
6-NA,537,0,1,0,1204,1205,C
6-NA,538,1293,0,0,1,1294,A
6-NA,539,0,0,1471,0,1471,G
6-NA,540,1,0,0,1496,1497,C
6-NA,541,0,1508,0,1,1509,T
6-NA,542,0,1,0,1518,1519,C
6-NA,543,1511,0,2,0,1513,A
6-NA,544,1566,0,0,0,1566,A
6-NA,545,0,0,1586,0,1586,G
6-NA,546,0,1598,0,1,1599,T
6-NA,547,0,1604,0,0,1604,T
6-NA,548,1,0,1622,0,1623,G
6-NA,549,0,1630,0,0,1630,T
6-NA,550,1,0,0,1631,1632,C
6-NA,551,1635,0,1,0,1636,A
6-NA,552,0,1,0,1683,1684,C
6-NA,553,1,2,1689,0,1692,G
6-NA,554,1771,0,0,0,1771,A
6-NA,555,0,1794,0,1,1795,T
6-NA,556,2,0,1884,0,1886,G
6-NA,557,0,1,1918,0,1919,G
6-NA,558,1902,0,18,0,1920,A
6-NA,559,1929,0,2,0,1931,A
6-NA,560,1972,0,2,0,1974,A
6-NA,561,1996,0,1,0,1997,A
6-NA,562,0,0,2045,0,2045,G
6-NA,563,0,0,0,2041,2041,C
6-NA,564,2041,0,3,0,2044,A
6-NA,565,0,2067,0,0,2067,T
6-NA,566,0,0,2121,0,2121,G
6-NA,567,0,3,2143,0,2146,G
6-NA,568,0,1,0,2217,2218,C
6-NA,569,0,2202,0,4,2206,T
6-NA,570,1,0,2229,0,2230,G
6-NA,571,0,0,0,2241,2241,C
6-NA,572,2251,0,1,0,2252,A
6-NA,573,0,2445,0,0,2445,T
6-NA,574,1,0,2470,0,2471,G
6-NA,575,1,2578,0,2,2581,T
6-NA,576,0,2731,0,3,2734,T
6-NA,577,1,2739,0,1,2741,T
6-NA,578,2,0,3068,0,3070,G
6-NA,579,0,3056,0,0,3056,T
6-NA,580,3081,0,9,0,3090,A
6-NA,581,1,3125,0,0,3126,T
6-NA,582,3129,0,2,1,3132,A
6-NA,583,3160,0,1,0,3161,A
6-NA,584,0,0,0,3143,3143,C
6-NA,585,3,0,3140,0,3143,G
6-NA,586,1,2,3146,0,3149,G
6-NA,587,2,2,3113,0,3117,G
6-NA,588,0,1,3134,0,3135,G
6-NA,589,0,0,3164,0,3164,G
6-NA,590,3131,0,6,0,3137,A
6-NA,591,0,3199,0,1,3200,T
6-NA,592,0,1,3224,0,3225,G
6-NA,593,3239,1,3,1,3244,A
6-NA,594,0,3277,0,1,3278,T
6-NA,595,3273,0,1,0,3274,A
6-NA,596,3364,0,0,0,3364,A
6-NA,597,3388,0,0,1,3389,A
6-NA,598,3393,0,1,1,3395,A
6-NA,599,3389,1,0,1,3391,A
6-NA,600,0,3416,0,0,3416,T
6-NA,601,1,0,3413,1,3415,G
6-NA,602,0,1,0,3420,3421,C
6-NA,603,3423,0,1,0,3424,A
6-NA,604,3460,0,2,1,3463,A
6-NA,605,0,0,0,3517,3517,C
6-NA,606,0,3520,0,0,3520,T
6-NA,607,0,1,3538,0,3539,G
6-NA,608,0,0,0,3532,3532,C
6-NA,609,0,3553,0,0,3553,T
6-NA,610,3560,0,2,0,3562,A
6-NA,611,0,0,3563,0,3563,G
6-NA,612,0,0,0,3624,3624,C
6-NA,613,0,3632,0,2,3634,T
6-NA,614,0,3630,0,1,3631,T
6-NA,615,0,0,1,3711,3712,C
6-NA,616,3751,0,1,1,3753,A
6-NA,617,0,3760,0,0,3760,T
6-NA,618,0,3776,0,0,3776,T
6-NA,619,0,3814,0,1,3815,T
6-NA,620,3839,1,0,0,3840,A
6-NA,621,0,1,0,3891,3892,C
6-NA,622,3885,1,1,0,3887,A
6-NA,623,3928,0,4,0,3932,A
6-NA,624,0,3953,0,0,3953,T
6-NA,625,0,4,3940,0,3944,G
6-NA,626,1,0,3921,0,3922,G
6-NA,627,1,0,3929,0,3930,G
6-NA,628,3884,0,10,0,3894,A
6-NA,629,0,0,4100,1,4101,G
6-NA,630,0,0,4184,1,4185,G
6-NA,631,0,0,0,4697,4697,C
6-NA,632,0,4736,0,4,4740,T
6-NA,633,1,4831,0,1,4833,T
6-NA,634,1,0,4887,0,4888,G
6-NA,635,2,4850,0,3,4855,T
6-NA,636,4981,0,4,0,4985,A
6-NA,637,2,1,5037,0,5040,G
6-NA,638,4969,0,6,0,4975,A
6-NA,639,0,5020,0,2,5022,T
6-NA,640,4769,0,3,0,4772,A
6-NA,641,0,0,4774,0,4774,G
6-NA,642,1,4724,1,0,4726,T
6-NA,643,4,2,4700,0,4706,G
6-NA,644,0,5009,0,1,5010,T
6-NA,645,1,5036,0,1,5038,T
6-NA,646,2,1,5135,0,5138,G
6-NA,647,0,5109,1,3,5113,T
6-NA,648,0,5154,0,2,5156,T
6-NA,649,1,5155,0,1,5157,T
6-NA,650,1,0,0,5112,5113,C
6-NA,651,5104,0,4,0,5108,A
6-NA,652,0,5083,0,1,5084,T
6-NA,653,1,2,5090,0,5093,G
6-NA,654,1,0,5549,0,5550,G
6-NA,655,0,5579,0,3,5582,T
6-NA,656,2,2,0,5590,5594,C
6-NA,657,2,1,1,5595,5599,C
6-NA,658,5628,0,1,0,5629,A
6-NA,659,5666,0,3,0,5669,A
6-NA,660,5684,0,2,0,5686,A
6-NA,661,1,0,5705,0,5706,G
6-NA,662,5688,2,1,0,5691,A
6-NA,663,5568,0,4,0,5572,A
6-NA,664,5583,0,3,0,5586,A
6-NA,665,0,5589,0,1,5590,T
6-NA,666,1,0,0,5793,5794,C
6-NA,667,1,1,0,5800,5802,C
6-NA,668,1,5803,0,2,5806,T
6-NA,669,2,1,1,5812,5816,C
6-NA,670,5809,3,4,1,5817,A
6-NA,671,0,1,5835,0,5836,G
6-NA,672,0,0,5841,0,5841,G
6-NA,673,6060,1,4,0,6065,A
6-NA,674,0,0,0,6083,6083,C
6-NA,675,0,0,1,6004,6005,C
6-NA,676,2,2,0,6030,6034,C
6-NA,677,6012,1,6,1,6020,A
6-NA,678,2,2,6075,0,6079,G
6-NA,679,1,1,6076,2,6080,G
6-NA,680,6074,1,5,0,6080,A
6-NA,681,3,0,6183,0,6186,G
6-NA,682,0,6119,0,2,6121,T
6-NA,683,0,1,0,6153,6154,C
6-NA,684,6152,0,4,2,6158,A
6-NA,685,1,0,6224,0,6225,G
6-NA,686,6179,1,4,0,6184,A
6-NA,687,6181,1,0,0,6182,A
6-NA,688,2,6197,0,0,6199,T
6-NA,689,0,0,6235,0,6235,G
6-NA,690,0,2,0,6250,6252,C
6-NA,691,1,0,6307,0,6308,G
6-NA,692,0,6281,1,1,6283,T
6-NA,693,0,6313,0,2,6315,T
6-NA,694,0,6316,0,1,6317,T
6-NA,695,0,2,6362,0,6364,G
6-NA,696,0,6377,1,4,6382,T
6-NA,697,6396,0,1,0,6397,A
6-NA,698,1,6376,2,2,6381,T
6-NA,699,1,0,0,6406,6407,C
6-NA,700,6419,1,0,0,6420,A
6-NA,701,6392,0,0,2,6394,A
6-NA,702,0,6411,0,4,6415,T
6-NA,703,1,0,6396,0,6397,G
6-NA,704,2,4,6418,0,6424,G
6-NA,705,6576,0,4,0,6580,A
6-NA,706,6585,0,8,0,6593,A
6-NA,707,0,1,0,6692,6693,C
6-NA,708,0,6750,0,8,6758,T
6-NA,709,0,6769,0,0,6769,T
6-NA,710,1,0,7007,1,7009,G
6-NA,711,0,6988,0,0,6988,T
6-NA,712,6996,0,4,0,7000,A
6-NA,713,1,3,0,7110,7114,C
6-NA,714,6979,0,6,0,6985,A
6-NA,715,1,0,7522,1,7524,G
6-NA,716,0,7470,0,3,7473,T
6-NA,717,7817,0,3,0,7820,A
6-NA,718,2,1,7830,0,7833,G
6-NA,719,1,7712,0,0,7713,T
6-NA,720,7733,1,0,0,7734,A
6-NA,721,7715,0,1,0,7716,A
6-NA,722,0,7740,0,1,7741,T
6-NA,723,5,3,7753,0,7761,G
6-NA,724,7660,0,2,0,7662,A
6-NA,725,1,0,0,7752,7753,C
6-NA,726,0,7612,0,4,7616,T
6-NA,727,1,0,7653,0,7654,G
6-NA,728,7577,0,4,1,7582,A
6-NA,729,0,7669,0,3,7672,T
6-NA,730,2,7,7668,0,7677,G
6-NA,731,1,1,7622,1,7625,G
6-NA,732,2,1,7642,0,7645,G
6-NA,733,7562,1,6,1,7570,A
6-NA,734,4,1,7585,0,7590,G
6-NA,735,0,7564,0,6,7570,T
6-NA,736,0,0,7754,0,7754,G
6-NA,737,0,2,0,8657,8659,C
6-NA,738,0,8666,0,7,8673,T
6-NA,739,0,8679,0,3,8682,T
6-NA,740,1,1,0,8685,8687,C
6-NA,741,5675,2,3000,0,8677,A
6-NA,742,2,4,8727,0,8733,G
6-NA,743,0,0,8719,0,8719,G
6-NA,744,8683,0,6,0,8689,A
6-NA,745,8578,0,1,0,8579,A
6-NA,746,8068,0,1,0,8069,A
6-NA,747,8054,0,8,0,8062,A
6-NA,748,8,3,8069,0,8080,G
6-NA,749,0,0,0,8090,8090,C
6-NA,750,0,8084,1,4,8089,T
6-NA,751,0,0,8089,0,8089,G
6-NA,752,8046,0,6,0,8052,A
6-NA,753,1,8151,0,2,8154,T
6-NA,754,8170,0,3,0,8173,A
6-NA,755,0,4,0,8461,8465,C
6-NA,756,0,8459,0,4,8463,T
6-NA,757,8466,0,6,0,8472,A
6-NA,758,8459,0,1,1,8461,A
6-NA,759,8448,0,1,1,8450,A
6-NA,760,8610,1,0,0,8611,A
6-NA,761,0,8639,0,0,8639,T
6-NA,762,8572,1,4,0,8577,A
6-NA,763,1,3,0,8659,8663,C
6-NA,764,2,8498,0,3,8503,T
6-NA,765,8627,1,1,0,8629,A
6-NA,766,0,8597,0,6,8603,T
6-NA,767,2,9789,1,4,9796,T
6-NA,768,0,0,0,11029,11029,C
6-NA,769,10958,0,2,0,10960,A
6-NA,770,0,10980,0,2,10982,T
6-NA,771,0,10987,0,2,10989,T
6-NA,772,4366,0,6598,1,10965,G
6-NA,773,10899,0,7,0,10906,A
6-NA,774,4,3,10943,2,10952,G
6-NA,775,0,1,10899,0,10900,G
6-NA,776,10138,2,6,1,10147,A
6-NA,777,1,7,9994,0,10002,G
6-NA,778,3,4,9951,0,9958,G
6-NA,779,1,3,9950,0,9954,G
6-NA,780,1,1,9969,0,9971,G
6-NA,781,9958,2,8,0,9968,A
6-NA,782,10052,1,5,0,10058,A
6-NA,783,10033,1,6,0,10040,A
6-NA,784,10011,0,3,0,10014,A
6-NA,785,1,10013,1,1,10016,T
6-NA,786,1,2,0,10013,10016,C
6-NA,787,1,0,10094,0,10095,G
6-NA,788,1,10074,0,1,10076,T
6-NA,789,2,10064,0,4,10070,T
6-NA,790,2,1,1,10084,10088,C
6-NA,791,10083,1,2,0,10086,A
6-NA,792,0,10692,0,2,10694,T
6-NA,793,10676,1,5,0,10682,A
6-NA,794,1,2,0,10751,10754,C
6-NA,795,1,10742,0,6,10749,T
6-NA,796,10744,0,6,1,10751,A
6-NA,797,1,0,10685,0,10686,G
6-NA,798,0,5,1,10703,10709,C
6-NA,799,10688,3,6,0,10697,A
6-NA,800,0,0,1,11581,11582,C
6-NA,801,11371,0,3,1,11375,A
6-NA,802,0,11501,0,3,11504,T
6-NA,803,1,11487,0,4,11492,T
6-NA,804,4070,1,8057,0,12128,G
6-NA,805,0,12502,0,6,12508,T
6-NA,806,1,2,0,12510,12513,C
6-NA,807,12494,1,17,1,12513,A
6-NA,808,1,3,12532,1,12537,G
6-NA,809,47,2,12242,0,12291,G
6-NA,810,12055,2,3,1,12061,A
6-NA,811,11981,0,15,0,11996,A
6-NA,812,2,0,12100,0,12102,G
6-NA,813,0,11624,1,4,11629,T
6-NA,814,2,1,11679,0,11682,G
6-NA,815,1,3,2,11664,11670,C
6-NA,816,0,11703,0,8,11711,T
6-NA,817,1,2,0,11770,11773,C
6-NA,818,11736,0,5,2,11743,A
6-NA,819,0,0,11775,0,11775,G
6-NA,820,0,1,1,11795,11797,C
6-NA,821,11799,0,18,0,11817,A
6-NA,822,0,11825,1,2,11828,T
6-NA,823,5,1,12183,0,12189,G
6-NA,824,1,12129,0,5,12135,T
6-NA,825,4,0,1,12163,12168,C
6-NA,826,0,0,12180,0,12180,G
6-NA,827,12059,0,4,0,12063,A
6-NA,828,0,2,12098,0,12100,G
6-NA,829,1,3,12089,0,12093,G
6-NA,830,12033,0,3,0,12036,A
6-NA,831,1,1,12157,0,12159,G
6-NA,832,1,11906,1,4,11912,T
6-NA,833,2,0,11944,0,11946,G
6-NA,834,0,2,0,12131,12133,C
6-NA,835,2,12135,0,14,12151,T
6-NA,836,2,0,1,12206,12209,C
6-NA,837,1,1,2,12281,12285,C
6-NA,838,2,12296,0,2,12300,T
6-NA,839,3,2,12289,0,12294,G
6-NA,840,1,2,0,12243,12246,C
6-NA,841,1,12223,1,9,12234,T
6-NA,842,12350,1,3,1,12355,A
6-NA,843,0,12161,0,5,12166,T
6-NA,844,1,0,1,12245,12247,C
6-NA,845,1,1,0,12236,12238,C
6-NA,846,0,12208,0,7,12215,T
6-NA,847,0,1,0,12358,12359,C
6-NA,848,2,3,12375,0,12380,G
6-NA,849,12423,0,1,0,12424,A
6-NA,850,0,12478,1,4,12483,T
6-NA,851,12474,0,0,0,12474,A
6-NA,852,2,12483,1,3,12489,T
6-NA,853,4,0,5,12492,12501,C
6-NA,854,3,1,0,12486,12490,C
6-NA,855,1,12466,0,8,12475,T
6-NA,856,4,1,12504,0,12509,G
6-NA,857,1,1,12492,0,12494,G
6-NA,858,0,12652,1,8,12661,T
6-NA,859,2,2,12720,0,12724,G
6-NA,860,0,12675,1,10,12686,T
6-NA,861,5,2,0,12678,12685,C
6-NA,862,12680,1,24,2,12707,A
6-NA,863,0,2,12718,0,12720,G
6-NA,864,12694,4,2,0,12700,A
6-NA,865,1,12648,0,4,12653,T
6-NA,866,3,2,12665,0,12670,G
6-NA,867,0,12507,0,1,12508,T
6-NA,868,3,1,12566,3,12573,G
6-NA,869,1,12545,0,7,12553,T
6-NA,870,22,2,0,12560,12584,C
6-NA,871,1,12558,0,8,12567,T
6-NA,872,2,2,12583,0,12587,G
6-NA,873,0,1,0,12587,12588,C
6-NA,874,12587,1,4,0,12592,A
6-NA,875,2,0,12568,0,12570,G
6-NA,876,12337,0,14,0,12351,A
6-NA,877,1,4,12376,1,12382,G
6-NA,878,12317,1,19,0,12337,A
6-NA,879,0,0,0,12429,12429,C
6-NA,880,12427,0,4,0,12431,A
6-NA,881,12557,2,1,1,12561,A
6-NA,882,0,2,0,12610,12612,C
6-NA,883,1,12622,0,7,12630,T
6-NA,884,1,1,12633,0,12635,G
6-NA,885,0,1,12632,0,12633,G
6-NA,886,12608,0,15,0,12623,A
6-NA,887,12616,0,8,1,12625,A
6-NA,888,12408,0,7,0,12415,A
6-NA,889,0,1,12785,1,12787,G
6-NA,890,2,2,12604,0,12608,G
6-NA,891,7821,1,6,4710,12538,A
6-NA,892,2,12631,0,11,12644,T
6-NA,893,3,1,1,12818,12823,C
6-NA,894,4,2,0,13123,13129,C
6-NA,895,13124,1,4,0,13129,A
6-NA,896,13103,0,1,0,13104,A
6-NA,897,1,13092,0,3,13096,T
6-NA,898,12338,0,7,0,12345,A
6-NA,899,1,1,12274,0,12276,G
6-NA,900,4,0,12249,0,12253,G
6-NA,901,0,5,0,12278,12283,C
6-NA,902,0,1,0,12207,12208,C
6-NA,903,3,0,0,12002,12005,C
6-NA,904,12090,0,0,0,12090,A
6-NA,905,0,12188,0,8,12196,T
6-NA,906,2,6,0,12260,12268,C
6-NA,907,5,0,12291,1,12297,G
6-NA,908,0,12241,1,1,12243,T
6-NA,909,12049,2,4,0,12055,A
6-NA,910,0,1,12269,0,12270,G
6-NA,911,12234,0,6,0,12240,A
6-NA,912,3,12293,1,1,12298,T
6-NA,913,12076,0,0,0,12076,A
6-NA,914,1,11988,0,1,11990,T
6-NA,915,11980,1,4,0,11985,A
6-NA,916,11957,0,7,0,11964,A
6-NA,917,12121,2,6,3,12132,A
6-NA,918,0,1,0,12350,12351,C
6-NA,919,12138,1,2,1,12142,A
6-NA,920,1,12103,0,0,12104,T
6-NA,921,12069,1,1,0,12071,A
6-NA,922,12081,0,3,0,12084,A
6-NA,923,12045,0,8,3,12056,A
6-NA,924,3,1,12143,0,12147,G
6-NA,925,0,2,12225,0,12227,G
6-NA,926,11932,1,2,0,11935,A
6-NA,927,1,12012,1,7,12021,T
6-NA,928,2,2,0,12078,12082,C
6-NA,929,12141,2,7,0,12150,A
6-NA,930,0,12150,0,18,12168,T
6-NA,931,12165,0,7,1,12173,A
6-NA,932,3,0,12206,0,12209,G
6-NA,933,1,0,0,12108,12109,C
6-NA,934,11957,0,1,0,11958,A
6-NA,935,0,11680,0,6,11686,T
6-NA,936,0,12241,0,0,12241,T
6-NA,937,2,0,12348,0,12350,G
6-NA,938,1,12325,0,11,12337,T
6-NA,939,0,4966,0,7369,12335,C
6-NA,940,0,12898,0,20,12918,T
6-NA,941,3,0,1,12963,12967,C
6-NA,942,1,1,1,13048,13051,C
6-NA,943,12980,0,6,0,12986,A
6-NA,944,1,1,13109,0,13111,G
6-NA,945,0,12843,1,6,12850,T
6-NA,946,0,12278,0,2,12280,T
6-NA,947,12290,1,1,0,12292,A
6-NA,948,0,12117,1,2,12120,T
6-NA,949,1,1,12128,0,12130,G
6-NA,950,0,12023,0,5,12028,T
6-NA,951,2,0,12065,0,12067,G
6-NA,952,1,11761,1,4,11767,T
6-NA,953,1,0,12012,0,12013,G
6-NA,954,0,12002,0,11,12013,T
6-NA,955,0,11964,0,4,11968,T
6-NA,956,2,5,0,11962,11969,C
6-NA,957,11897,0,14,0,11911,A
6-NA,958,4,4,11965,0,11973,G
6-NA,959,5,2,11909,0,11916,G
6-NA,960,11814,0,8,0,11822,A
6-NA,961,0,2,0,11902,11904,C
6-NA,962,0,11703,1,2,11706,T
6-NA,963,0,11764,0,2,11766,T
6-NA,964,2,0,12144,0,12146,G
6-NA,965,1,12112,1,8,12122,T
6-NA,966,0,12162,0,7,12169,T
6-NA,967,2,4,12101,0,12107,G
6-NA,968,3,2,12081,0,12086,G
6-NA,969,12036,0,35,0,12071,A
6-NA,970,1,3,12144,1,12149,G
6-NA,971,12111,0,8,0,12119,A
6-NA,972,0,2,0,12119,12121,C
6-NA,973,11567,0,14,215,11796,A
6-NA,974,1,3,0,11813,11817,C
6-NA,975,11772,0,20,2,11794,A
6-NA,976,2,1,0,11879,11882,C
6-NA,977,2,4,0,11763,11769,C
6-NA,978,1,4,0,11813,11818,C
6-NA,979,11820,1,8,0,11829,A
6-NA,980,2,1,11850,0,11853,G
6-NA,981,11821,0,4,0,11825,A
6-NA,982,11884,0,41,1,11926,A
6-NA,983,11837,0,1,0,11838,A
6-NA,984,11814,0,3,0,11817,A
6-NA,985,11756,0,7,0,11763,A
6-NA,986,11783,0,0,1,11784,A
6-NA,987,0,3,0,11831,11834,C
6-NA,988,1,2,11781,0,11784,G
6-NA,989,11754,1,4,0,11759,A
6-NA,990,0,4,0,11758,11762,C
6-NA,991,11732,0,9,0,11741,A
6-NA,992,3,0,11819,0,11822,G
6-NA,993,0,1,0,12077,12078,C
6-NA,994,0,11994,0,15,12009,T
6-NA,995,1,1,0,12095,12097,C
6-NA,996,2,3,0,12145,12150,C
6-NA,997,12185,0,9,0,12194,A
6-NA,998,4,1,12261,1,12267,G
6-NA,999,2,0,0,12247,12249,C
6-NA,1000,12199,0,3,0,12202,A
6-NA,1001,2,1,12241,1,12245,G
6-NA,1002,0,11805,1,5,11811,T
6-NA,1003,11823,0,8,0,11831,A
6-NA,1004,2,1,11836,0,11839,G
6-NA,1005,1,2,1,11788,11792,C
6-NA,1006,2,2,0,11837,11841,C
6-NA,1007,11745,0,3,0,11748,A
6-NA,1008,0,11771,0,3,11774,T
6-NA,1009,0,11797,0,2,11799,T
6-NA,1010,1,0,11983,0,11984,G
6-NA,1011,1,11910,0,13,11924,T
6-NA,1012,0,11910,0,2,11912,T
6-NA,1013,3,11920,0,2,11925,T
6-NA,1014,2,5,11797,0,11804,G
6-NA,1015,3,3,11931,0,11937,G
6-NA,1016,11832,1,5,0,11838,A
6-NA,1017,1,11943,0,15,11959,T
6-NA,1018,3,2,0,11967,11972,C
6-NA,1019,1,1,1,11892,11895,C
6-NA,1020,6,11936,0,5,11947,T
6-NA,1021,11949,0,3,0,11952,A
6-NA,1022,11977,0,10,0,11987,A
6-NA,1023,1,2,0,12123,12126,C
6-NA,1024,11933,0,1,1,11935,A
6-NA,1025,13050,0,1,0,13051,A
6-NA,1026,1,13273,0,2,13276,T
6-NA,1027,0,2,13363,0,13365,G
6-NA,1028,13192,1,8,0,13201,A
6-NA,1029,4994,0,8053,0,13047,G
6-NA,1030,1,1,13191,0,13193,G
6-NA,1031,13125,0,5,0,13130,A
6-NA,1032,13080,1,13,0,13094,A
6-NA,1033,3,0,13093,0,13096,G
6-NA,1034,5,0,12742,0,12747,G
6-NA,1035,0,11006,0,5,11011,T
6-NA,1036,1,3,11159,1,11164,G
6-NA,1037,3,2,11321,0,11326,G
6-NA,1038,0,11172,2,26,11200,T
6-NA,1039,3,0,0,11277,11280,C
6-NA,1040,11284,3,1,0,11288,A
6-NA,1041,1,11377,0,5,11383,T
6-NA,1042,0,3,11390,1,11394,G
6-NA,1043,1,3,11350,0,11354,G
6-NA,1044,4190,1,6908,0,11099,G
6-NA,1045,6,0,11652,1,11659,G
6-NA,1046,0,11529,0,7,11536,T
6-NA,1047,0,1,11593,0,11594,G
6-NA,1048,11434,1,5,1,11441,A
6-NA,1049,11355,1,6,1,11363,A
6-NA,1050,11385,3,8,0,11396,A
6-NA,1051,4,1,11361,0,11366,G
6-NA,1052,1,5,11197,0,11203,G
6-NA,1053,0,2,1,11196,11199,C
6-NA,1054,0,10956,1,6,10963,T
6-NA,1055,0,1,10996,0,10997,G
6-NA,1056,3,0,10930,0,10933,G
6-NA,1057,5,0,11023,0,11028,G
6-NA,1058,3,0,0,10999,11002,C
6-NA,1059,3,1,0,11057,11061,C
6-NA,1060,1,10979,2,15,10997,T
6-NA,1061,0,11009,1,1,11011,T
6-NA,1062,1,11051,0,0,11052,T
6-NA,1063,2,2,11077,0,11081,G
6-NA,1064,11008,1,10,0,11019,A
6-NA,1065,0,11016,0,1,11017,T
6-NA,1066,0,1,10894,0,10895,G
6-NA,1067,10722,3,15,3,10743,A
6-NA,1068,0,10814,2,1,10817,T
6-NA,1069,2,0,10807,0,10809,G
6-NA,1070,0,1,10941,0,10942,G
6-NA,1071,10840,1,3,0,10844,A
6-NA,1072,10850,2,3,0,10855,A
6-NA,1073,10871,0,3,0,10874,A
6-NA,1074,0,10875,1,1,10877,T
6-NA,1075,0,2,10933,1,10936,G
6-NA,1076,10853,1,15,0,10869,A
6-NA,1077,1,1,0,10894,10896,C
6-NA,1078,5,0,10975,1,10981,G
6-NA,1079,0,10724,1,5,10730,T
6-NA,1080,4,0,10876,0,10880,G
6-NA,1081,0,10817,1,4,10822,T
6-NA,1082,3,0,10887,0,10890,G
6-NA,1083,2,0,10928,0,10930,G
6-NA,1084,10782,1,7,0,10790,A
6-NA,1085,0,10870,0,0,10870,T
6-NA,1086,1,2,10860,0,10863,G
6-NA,1087,4,2,10793,0,10799,G
6-NA,1088,2,0,10893,0,10895,G
6-NA,1089,10787,0,6,0,10793,A
6-NA,1090,10780,1,8,0,10789,A
6-NA,1091,1,2,10822,0,10825,G
6-NA,1092,10666,0,3,0,10669,A
6-NA,1093,10691,1,8,0,10700,A
6-NA,1094,0,2,0,10637,10639,C
6-NA,1095,6,3,10604,0,10613,G
6-NA,1096,10546,1,6,0,10553,A
6-NA,1097,0,10400,2,4,10406,T
6-NA,1098,1,1,0,10442,10444,C
6-NA,1099,10461,0,5,1,10467,A
6-NA,1100,1,0,10476,0,10477,G
6-NA,1101,1,0,0,10440,10441,C
6-NA,1102,0,2,10489,0,10491,G
6-NA,1103,10381,1,3,1,10386,A
6-NA,1104,1,1,10451,0,10453,G
6-NA,1105,10439,0,2,0,10441,A
6-NA,1106,10448,1,3,1,10453,A
6-NA,1107,0,0,10498,0,10498,G
6-NA,1108,1,10412,0,4,10417,T
6-NA,1109,3,1,1,10410,10415,C
6-NA,1110,10394,1,6,0,10401,A
6-NA,1111,0,2,0,10670,10672,C
6-NA,1112,5,0,10668,0,10673,G
6-NA,1113,2,0,0,10647,10649,C
6-NA,1114,0,10582,1,33,10616,T
6-NA,1115,0,10654,0,1,10655,T
6-NA,1116,10569,1,4,1,10575,A
6-NA,1117,0,6,10829,0,10835,G
6-NA,1118,1,0,10793,0,10794,G
6-NA,1119,1,1,10992,0,10994,G
6-NA,1120,0,10339,1,3,10343,T
6-NA,1121,10419,0,7,0,10426,A
6-NA,1122,1,10401,1,5,10408,T
6-NA,1123,1,1,10415,1,10418,G
6-NA,1124,10400,0,2,0,10402,A
6-NA,1125,10394,1,3,0,10398,A
6-NA,1126,9923,0,16,1,9940,A
6-NA,1127,0,2,0,9978,9980,C
6-NA,1128,1,1,0,9849,9851,C
6-NA,1129,3,9757,0,6,9766,T
6-NA,1130,1,9723,0,9,9733,T
6-NA,1131,1,1,0,9768,9770,C
6-NA,1132,9789,0,0,0,9789,A
6-NA,1133,9782,0,3,0,9785,A
6-NA,1134,9768,0,3,1,9772,A
6-NA,1135,0,0,9830,0,9830,G
6-NA,1136,0,9521,1,111,9633,T
6-NA,1137,4,1,0,9768,9773,C
6-NA,1138,9965,1,1,0,9967,A
6-NA,1139,0,9956,2,2,9960,T
6-NA,1140,1,9977,1,1,9980,T
6-NA,1141,2,0,9995,0,9997,G
6-NA,1142,9936,2,3,0,9941,A
6-NA,1143,9977,0,15,0,9992,A
6-NA,1144,0,1,10071,0,10072,G
6-NA,1145,3,0,10016,0,10019,G
6-NA,1146,0,0,0,9992,9992,C
6-NA,1147,0,9737,0,3,9740,T
6-NA,1148,2,2,9801,0,9805,G
6-NA,1149,0,2,9971,1,9974,G
6-NA,1150,0,9904,0,11,9915,T
6-NA,1151,0,1,0,9910,9911,C
6-NA,1152,0,0,0,9909,9909,C
6-NA,1153,9895,1,4,0,9900,A
6-NA,1154,9923,0,5,0,9928,A
6-NA,1155,1,2,0,9988,9991,C
6-NA,1156,0,0,0,9941,9941,C
6-NA,1157,5,1,0,9977,9983,C
6-NA,1158,0,9691,1,2,9694,T
6-NA,1159,9681,0,2,0,9683,A
6-NA,1160,9666,0,5,0,9671,A
6-NA,1161,1,0,9716,0,9717,G
6-NA,1162,0,9572,0,8,9580,T
6-NA,1163,2,10,1,9608,9621,C
6-NA,1164,0,9,0,9506,9515,C
6-NA,1165,9532,0,1,0,9533,A
6-NA,1166,9513,0,1,0,9514,A
6-NA,1167,9526,0,1,0,9527,A
6-NA,1168,0,9476,0,0,9476,T
6-NA,1169,0,9504,0,0,9504,T
6-NA,1170,1,0,9509,1,9511,G
6-NA,1171,0,4,1,9458,9463,C
6-NA,1172,9490,1,3,0,9494,A
6-NA,1173,2,0,9507,0,9509,G
6-NA,1174,9504,0,7,0,9511,A
6-NA,1175,1,9641,0,1,9643,T
6-NA,1176,9661,0,2,0,9663,A
6-NA,1177,9635,0,2,0,9637,A
6-NA,1178,9639,1,3,0,9643,A
6-NA,1179,0,9601,1,0,9602,T
6-NA,1180,9610,1,7,0,9618,A
6-NA,1181,0,1,9595,0,9596,G
6-NA,1182,4,0,9529,0,9533,G
6-NA,1183,2,0,0,9504,9506,C
6-NA,1184,9314,0,3,0,9317,A
6-NA,1185,9376,0,6,0,9382,A
6-NA,1186,2,0,9450,1,9453,G
6-NA,1187,2,9411,1,8,9422,T
6-NA,1188,3,0,0,9439,9442,C
6-NA,1189,9486,0,7,0,9493,A
6-NA,1190,0,9497,1,2,9500,T
6-NA,1191,9515,0,22,0,9537,A
6-NA,1192,2,0,9576,0,9578,G
6-NA,1193,1,9577,1,2,9581,T
6-NA,1194,0,9327,1,2,9330,T
6-NA,1195,0,2,9262,0,9264,G
6-NA,1196,9208,1,6,0,9215,A
6-NA,1197,0,2,1,9177,9180,C
6-NA,1198,9093,0,4,0,9097,A
6-NA,1199,1,3,9213,0,9217,G
6-NA,1200,9102,0,17,0,9119,A
6-NA,1201,2,2,9417,0,9421,G
6-NA,1202,1,0,9417,0,9418,G
6-NA,1203,0,9399,1,4,9404,T
6-NA,1204,9399,0,12,0,9411,A
6-NA,1205,9390,0,4,1,9395,A
6-NA,1206,0,9392,1,1,9394,T
6-NA,1207,9382,1,8,0,9391,A
6-NA,1208,2,3,9238,0,9243,G
6-NA,1209,0,1,9092,0,9093,G
6-NA,1210,0,8537,1,4,8542,T
6-NA,1211,1,1,0,8506,8508,C
6-NA,1212,1,2,0,8541,8544,C
6-NA,1213,3,0,8576,0,8579,G
6-NA,1214,2,0,8582,0,8584,G
6-NA,1215,0,8568,2,4,8574,T
6-NA,1216,0,8577,1,3,8581,T
6-NA,1217,8545,0,1,1,8547,A
6-NA,1218,0,8457,1,1,8459,T
6-NA,1219,0,8475,1,2,8478,T
6-NA,1220,1,0,0,8535,8536,C
6-NA,1221,0,8429,1,5,8435,T
6-NA,1222,1,1,8434,0,8436,G
6-NA,1223,1,0,8444,0,8445,G
6-NA,1224,0,5681,0,2695,8376,T
6-NA,1225,8476,0,3,0,8479,A
6-NA,1226,0,8344,1,5,8350,T
6-NA,1227,0,8425,1,9,8435,T
6-NA,1228,0,8396,1,5,8402,T
6-NA,1229,0,8301,0,25,8326,T
6-NA,1230,2,0,0,8300,8302,C
6-NA,1231,1,8144,0,6,8151,T
6-NA,1232,4,0,0,8247,8251,C
6-NA,1233,1,8224,0,4,8229,T
6-NA,1234,1,0,8374,0,8375,G
6-NA,1235,0,8324,2,11,8337,T
6-NA,1236,0,8279,0,2,8281,T
6-NA,1237,0,1,8309,0,8310,G
6-NA,1238,8239,0,3,0,8242,A
6-NA,1239,8218,1,19,0,8238,A
6-NA,1240,1,0,8284,0,8285,G
6-NA,1241,5,0,8216,0,8221,G
6-NA,1242,0,3,0,8211,8214,C
6-NA,1243,8120,0,5,0,8125,A
6-NA,1244,8117,0,9,0,8126,A
6-NA,1245,8137,0,4,1,8142,A
6-NA,1246,8153,0,14,0,8167,A
6-NA,1247,2,0,8122,0,8124,G
6-NA,1248,0,1,0,8113,8114,C
6-NA,1249,0,8009,0,8,8017,T
6-NA,1250,2,2,8097,0,8101,G
6-NA,1251,0,2,0,8084,8086,C
6-NA,1252,8112,2,4,0,8118,A
6-NA,1253,1,8030,1,9,8041,T
6-NA,1254,0,3,0,8004,8007,C
6-NA,1255,8030,1,3,0,8034,A
6-NA,1256,8041,1,0,0,8042,A
6-NA,1257,0,7943,0,2,7945,T
6-NA,1258,0,1,0,8031,8032,C
6-NA,1259,3,0,7936,1,7940,G
6-NA,1260,1,0,8046,0,8047,G
6-NA,1261,0,8009,0,1,8010,T
6-NA,1262,2,0,8014,0,8016,G
6-NA,1263,3,0,0,8041,8044,C
6-NA,1264,1,8024,3,17,8045,T
6-NA,1265,0,8115,0,0,8115,T
6-NA,1266,0,8096,0,3,8099,T
6-NA,1267,0,8142,0,0,8142,T
6-NA,1268,8176,1,1,0,8178,A
6-NA,1269,0,7906,0,0,7906,T
6-NA,1270,1,0,7940,0,7941,G
6-NA,1271,0,7819,1,6,7826,T
6-NA,1272,1,0,7745,0,7746,G
6-NA,1273,2,1,7825,0,7828,G
6-NA,1274,7677,0,1,0,7678,A
6-NA,1275,1,0,7719,0,7720,G
6-NA,1276,1,7685,0,3,7689,T
6-NA,1277,0,7666,1,4,7671,T
6-NA,1278,0,0,7734,0,7734,G
6-NA,1279,7717,1,2,0,7720,A
6-NA,1280,0,7695,0,3,7698,T
6-NA,1281,7676,0,3,0,7679,A
6-NA,1282,7474,1,6,0,7481,A
6-NA,1283,0,1,7538,0,7539,G
6-NA,1284,1,2,7426,0,7429,G
6-NA,1285,0,1,7374,0,7375,G
6-NA,1286,1,3,7354,0,7358,G
6-NA,1287,7248,0,8,0,7256,A
6-NA,1288,7238,0,7,0,7245,A
6-NA,1289,0,1,7274,0,7275,G
6-NA,1290,7268,0,2,0,7270,A
6-NA,1291,7263,1,1,0,7265,A
6-NA,1292,7186,1,1,1,7189,A
6-NA,1293,7098,0,10,0,7108,A
6-NA,1294,0,0,7124,0,7124,G
6-NA,1295,7051,2,6,0,7059,A
6-NA,1296,124,1,6951,0,7076,G
6-NA,1297,1,1,7122,2,7126,G
6-NA,1298,7045,0,3,0,7048,A
6-NA,1299,7022,0,3,0,7025,A
6-NA,1300,4785,2,5,2206,6998,A
6-NA,1301,0,1,0,7042,7043,C
6-NA,1302,0,7002,0,5,7007,T
6-NA,1303,2,0,7030,0,7032,G
6-NA,1304,6892,1,4,1,6898,A
6-NA,1305,6659,0,3,0,6662,A
6-NA,1306,0,0,6689,0,6689,G
6-NA,1307,1,6386,3,7,6397,T
6-NA,1308,1,1,1,6444,6447,C
6-NA,1309,1,6416,0,11,6428,T
6-NA,1310,1,6443,0,1,6445,T
6-NA,1311,1,0,6448,0,6449,G
6-NA,1312,0,6399,1,5,6405,T
6-NA,1313,2,2,6381,0,6385,G
6-NA,1314,1,1,6408,0,6410,G
6-NA,1315,6307,1,7,0,6315,A
6-NA,1316,0,1,0,6572,6573,C
6-NA,1317,322,0,0,6145,6467,C
6-NA,1318,2,6448,0,4,6454,T
6-NA,1319,1,0,0,6481,6482,C
6-NA,1320,3858,1,2689,1,6549,A
6-NA,1321,6562,0,2,0,6564,A
6-NA,1322,6528,1,2,0,6531,A
6-NA,1323,0,0,0,6571,6571,C
6-NA,1324,6017,0,1,0,6018,A
6-NA,1325,1,0,5950,0,5951,G
6-NA,1326,0,5377,0,5,5382,T
6-NA,1327,5372,0,3,0,5375,A
6-NA,1328,0,5344,0,1,5345,T
6-NA,1329,0,5251,0,1,5252,T
6-NA,1330,1,0,5300,0,5301,G
6-NA,1331,1,5293,0,3,5297,T
6-NA,1332,0,5108,0,1,5109,T
6-NA,1333,0,0,5120,0,5120,G
6-NA,1334,0,4820,0,3,4823,T
6-NA,1335,1,0,4849,0,4850,G
6-NA,1336,0,4813,0,4,4817,T
6-NA,1337,0,4731,0,2,4733,T
6-NA,1338,0,4750,0,2,4752,T
6-NA,1339,0,4661,0,1,4662,T
6-NA,1340,0,0,4673,0,4673,G
6-NA,1341,0,4651,0,1,4652,T
6-NA,1342,0,2,4640,0,4642,G
6-NA,1343,2,0,4622,0,4624,G
6-NA,1344,0,2,0,4549,4551,C
6-NA,1345,4521,0,1,0,4522,A
6-NA,1346,0,2,0,4583,4585,C
6-NA,1347,1,0,0,4565,4566,C
6-NA,1348,0,4545,0,1,4546,T
6-NA,1349,0,0,0,4593,4593,C
6-NA,1350,4598,0,9,1,4608,A
6-NA,1351,0,0,4660,0,4660,G
6-NA,1352,3,0,4658,0,4661,G
6-NA,1353,0,4629,1,3,4633,T
6-NA,1354,4600,0,1,0,4601,A
6-NA,1355,1,2,0,4366,4369,C
6-NA,1356,4333,0,2,1,4336,A
6-NA,1357,0,4327,0,4,4331,T
6-NA,1358,4211,0,2,1,4214,A
6-NA,1359,0,4190,0,3,4193,T
6-NA,1360,0,1,3949,0,3950,G
6-NA,1361,0,1,3971,0,3972,G
6-NA,1362,3945,0,2,0,3947,A
6-NA,1363,3910,0,1,0,3911,A
6-NA,1364,0,0,0,3855,3855,C
6-NA,1365,3270,0,1,0,3271,A
6-NA,1366,0,0,3290,0,3290,G
6-NA,1367,1,0,3251,0,3252,G
6-NA,1368,0,0,0,3243,3243,C
6-NA,1369,0,3254,0,0,3254,T
6-NA,1370,0,0,0,3093,3093,C
6-NA,1371,3092,0,1,0,3093,A
6-NA,1372,0,3087,0,1,3088,T
6-NA,1373,5,0,3090,0,3095,G
6-NA,1374,0,0,3100,0,3100,G
6-NA,1375,0,0,0,3000,3000,C
6-NA,1376,0,1,0,2984,2985,C
6-NA,1377,0,2876,0,3,2879,T
6-NA,1378,1,0,2880,0,2881,G
6-NA,1379,2872,0,0,0,2872,A
6-NA,1380,0,2863,0,1,2864,T
6-NA,1381,0,1,2823,0,2824,G
6-NA,1382,2,1,2745,0,2748,G
6-NA,1383,1,0,2614,0,2615,G
6-NA,1384,0,0,2607,0,2607,G
6-NA,1385,0,1,0,2538,2539,C
6-NA,1386,1,2,2550,0,2553,G
6-NA,1387,8,2,2518,0,2528,G
6-NA,1388,2514,0,2,0,2516,A
6-NA,1389,0,1,0,2502,2503,C
6-NA,1390,2510,1,2,0,2513,A
6-NA,1391,0,2467,0,0,2467,T
6-NA,1392,1,0,0,2431,2432,C
6-NA,1393,2435,0,0,0,2435,A
6-NA,1394,2426,0,1,0,2427,A
6-NA,1395,0,2409,0,0,2409,T
6-NA,1396,0,0,0,2365,2365,C
6-NA,1397,0,2296,0,0,2296,T
6-NA,1398,1,1,0,2013,2015,C
6-NA,1399,2010,0,0,0,2010,A
6-NA,1400,0,1986,0,0,1986,T
6-NA,1401,0,0,1986,0,1986,G
6-NA,1402,0,0,0,1961,1961,C
6-NA,1403,1,0,0,1904,1905,C
6-NA,1404,0,1762,0,0,1762,T
6-NA,1405,1742,0,2,0,1744,A
6-NA,1406,0,1744,0,1,1745,T
6-NA,1407,1724,0,1,0,1725,A
6-NA,1408,0,1721,0,0,1721,T
6-NA,1409,1590,0,0,0,1590,A
6-NA,1410,1523,0,0,0,1523,A
7-M,1,45,0,0,0,45,A
7-M,2,0,45,0,0,45,T
7-M,3,0,0,46,0,46,G
7-M,4,47,0,0,0,47,A
7-M,5,0,0,52,0,52,G
7-M,6,0,0,0,54,54,C
7-M,7,0,0,0,59,59,C
7-M,8,0,77,0,0,77,T
7-M,9,0,77,0,0,77,T
7-M,10,0,0,0,78,78,C
7-M,11,0,78,0,0,78,T
7-M,12,78,0,0,0,78,A
7-M,13,78,0,0,0,78,A
7-M,14,0,0,0,78,78,C
7-M,15,0,0,0,79,79,C
7-M,16,0,0,79,0,79,G
7-M,17,81,0,0,0,81,A
7-M,18,0,0,86,0,86,G
7-M,19,0,0,92,0,92,G
7-M,20,0,89,0,0,89,T
7-M,21,0,0,0,94,94,C
7-M,22,0,0,93,0,93,G
7-M,23,99,0,0,0,99,A
7-M,24,97,0,0,0,97,A
7-M,25,98,0,0,0,98,A
7-M,26,0,0,0,103,103,C
7-M,27,0,0,102,0,102,G
7-M,28,0,104,0,0,104,T
7-M,29,104,0,0,0,104,A
7-M,30,0,106,0,0,106,T
7-M,31,0,0,110,0,110,G
7-M,32,0,110,0,0,110,T
7-M,33,0,120,0,0,120,T
7-M,34,0,0,0,124,124,C
7-M,35,0,123,0,0,123,T
7-M,36,0,0,0,132,132,C
7-M,37,0,134,0,0,134,T
7-M,38,0,0,0,139,139,C
7-M,39,0,140,0,0,140,T
7-M,40,140,0,0,0,140,A
7-M,41,0,140,0,0,140,T
7-M,42,0,0,0,139,139,C
7-M,43,4,0,138,0,142,G
7-M,44,0,144,0,0,144,T
7-M,45,0,139,0,1,140,T
7-M,46,0,0,0,145,145,C
7-M,47,0,0,0,148,148,C
7-M,48,149,0,0,0,149,A
7-M,49,0,149,0,0,149,T
7-M,50,0,0,0,149,149,C
7-M,51,148,0,0,0,148,A
7-M,52,0,0,150,0,150,G
7-M,53,0,0,145,0,145,G
7-M,54,0,0,0,152,152,C
7-M,55,0,0,0,151,151,C
7-M,56,0,0,0,149,149,C
7-M,57,0,0,0,157,157,C
7-M,58,0,0,0,160,160,C
7-M,59,0,160,0,0,160,T
7-M,60,0,0,0,161,161,C
7-M,61,159,0,0,0,159,A
7-M,62,157,0,0,0,157,A
7-M,63,164,0,0,0,164,A
7-M,64,1,0,167,0,168,G
7-M,65,0,0,0,169,169,C
7-M,66,0,0,0,166,166,C
7-M,67,0,0,167,0,167,G
7-M,68,166,0,1,0,167,A
7-M,69,1,0,167,0,168,G
7-M,70,168,0,0,0,168,A
7-M,71,0,172,0,0,172,T
7-M,72,0,0,0,172,172,C
7-M,73,0,0,170,0,170,G
7-M,74,0,0,0,174,174,C
7-M,75,0,0,169,0,169,G
7-M,76,0,0,0,172,172,C
7-M,77,171,0,0,0,171,A
7-M,78,0,0,172,0,172,G
7-M,79,168,0,0,0,168,A
7-M,80,0,0,178,0,178,G
7-M,81,175,0,0,0,175,A
7-M,82,0,0,0,183,183,C
7-M,83,0,184,0,0,184,T
7-M,84,0,184,0,0,184,T
7-M,85,0,0,182,0,182,G
7-M,86,183,0,0,0,183,A
7-M,87,182,0,0,0,182,A
7-M,88,0,0,182,0,182,G
7-M,89,176,0,0,0,176,A
7-M,90,0,180,0,0,180,T
7-M,91,0,0,181,0,181,G
7-M,92,0,181,0,0,181,T
7-M,93,0,0,0,181,181,C
7-M,94,0,184,0,0,184,T
7-M,95,0,182,0,0,182,T
7-M,96,0,184,0,0,184,T
7-M,97,0,0,185,0,185,G
7-M,98,0,0,0,184,184,C
7-M,99,0,180,0,0,180,T
7-M,100,0,0,179,0,179,G
7-M,101,0,0,178,0,178,G
7-M,102,0,0,182,0,182,G
7-M,103,182,0,0,0,182,A
7-M,104,181,0,0,0,181,A
7-M,105,183,0,0,0,183,A
7-M,106,183,0,0,0,183,A
7-M,107,188,0,0,0,188,A
7-M,108,0,0,0,191,191,C
7-M,109,188,0,0,0,188,A
7-M,110,0,0,0,189,189,C
7-M,111,188,0,0,0,188,A
7-M,112,0,0,195,0,195,G
7-M,113,195,0,0,0,195,A
7-M,114,0,199,0,0,199,T
7-M,115,0,0,0,202,202,C
7-M,116,0,200,0,0,200,T
7-M,117,0,201,0,0,201,T
7-M,118,1,0,197,0,198,G
7-M,119,201,0,0,0,201,A
7-M,120,0,0,198,0,198,G
7-M,121,0,0,198,0,198,G
7-M,122,0,0,0,207,207,C
7-M,123,0,205,0,0,205,T
7-M,124,0,0,0,222,222,C
7-M,125,0,224,0,0,224,T
7-M,126,0,0,0,224,224,C
7-M,127,225,0,0,0,225,A
7-M,128,0,224,0,1,225,T
7-M,129,0,0,221,0,221,G
7-M,130,0,0,222,0,222,G
7-M,131,218,0,2,0,220,A
7-M,132,217,0,0,0,217,A
7-M,133,0,211,0,0,211,T
7-M,134,0,0,221,0,221,G
7-M,135,0,0,234,0,234,G
7-M,136,0,0,0,234,234,C
7-M,137,0,236,0,0,236,T
7-M,138,235,0,0,0,235,A
7-M,139,235,0,0,0,235,A
7-M,140,241,0,0,0,241,A
7-M,141,0,0,244,0,244,G
7-M,142,241,0,2,0,243,A
7-M,143,0,0,0,243,243,C
7-M,144,237,0,0,0,237,A
7-M,145,237,0,0,0,237,A
7-M,146,0,0,237,0,237,G
7-M,147,240,0,0,0,240,A
7-M,148,0,0,0,241,241,C
7-M,149,0,0,0,241,241,C
7-M,150,241,0,0,0,241,A
7-M,151,244,0,0,0,244,A
7-M,152,0,245,0,0,245,T
7-M,153,0,249,0,0,249,T
7-M,154,0,0,0,248,248,C
7-M,155,0,241,0,0,241,T
7-M,156,0,0,243,0,243,G
7-M,157,0,243,0,0,243,T
7-M,158,0,0,0,243,243,C
7-M,159,242,0,0,0,242,A
7-M,160,0,0,0,254,254,C
7-M,161,0,0,0,255,255,C
7-M,162,0,254,0,0,254,T
7-M,163,0,0,0,254,254,C
7-M,164,0,255,0,0,255,T
7-M,165,0,0,258,0,258,G
7-M,166,257,0,0,0,257,A
7-M,167,0,0,0,258,258,C
7-M,168,0,259,0,0,259,T
7-M,169,255,0,0,0,255,A
7-M,170,255,0,0,0,255,A
7-M,171,0,0,255,0,255,G
7-M,172,0,0,256,0,256,G
7-M,173,0,0,256,0,256,G
7-M,174,0,0,249,0,249,G
7-M,175,249,0,0,0,249,A
7-M,176,0,250,0,0,250,T
7-M,177,0,255,0,0,255,T
7-M,178,0,256,0,0,256,T
7-M,179,0,254,0,0,254,T
7-M,180,0,0,252,0,252,G
7-M,181,0,0,255,0,255,G
7-M,182,0,0,253,0,253,G
7-M,183,0,0,254,0,254,G
7-M,184,0,251,0,0,251,T
7-M,185,0,249,0,0,249,T
7-M,186,0,252,0,0,252,T
7-M,187,0,0,258,0,258,G
7-M,188,0,260,0,0,260,T
7-M,189,0,0,262,0,262,G
7-M,190,0,263,0,1,264,T
7-M,191,0,263,0,0,263,T
7-M,192,0,0,0,266,266,C
7-M,193,265,0,0,0,265,A
7-M,194,0,0,0,272,272,C
7-M,195,0,0,269,0,269,G
7-M,196,0,0,0,269,269,C
7-M,197,0,270,0,0,270,T
7-M,198,1,0,0,275,276,C
7-M,199,275,0,0,0,275,A
7-M,200,0,0,0,276,276,C
7-M,201,0,0,0,277,277,C
7-M,202,0,0,279,0,279,G
7-M,203,0,274,0,0,274,T
7-M,204,0,0,274,0,274,G
7-M,205,0,0,0,274,274,C
7-M,206,0,0,0,273,273,C
7-M,207,0,0,0,278,278,C
7-M,208,274,0,0,0,274,A
7-M,209,0,0,273,0,273,G
7-M,210,0,275,0,0,275,T
7-M,211,0,0,278,0,278,G
7-M,212,280,0,0,0,280,A
7-M,213,0,0,284,0,284,G
7-M,214,0,0,0,281,281,C
7-M,215,0,0,283,0,283,G
7-M,216,279,0,0,0,279,A
7-M,217,0,0,283,0,283,G
7-M,218,0,0,282,0,282,G
7-M,219,281,0,0,0,281,A
7-M,220,0,0,0,287,287,C
7-M,221,0,277,0,0,277,T
7-M,222,0,0,279,0,279,G
7-M,223,0,0,0,275,275,C
7-M,224,279,0,0,0,279,A
7-M,225,0,0,283,0,283,G
7-M,226,0,0,0,281,281,C
7-M,227,0,0,285,0,285,G
7-M,228,0,285,0,0,285,T
7-M,229,283,0,0,0,283,A
7-M,230,0,0,284,0,284,G
7-M,231,283,0,0,0,283,A
7-M,232,0,1,0,284,285,C
7-M,233,0,0,286,0,286,G
7-M,234,0,0,0,281,281,C
7-M,235,0,280,0,0,280,T
7-M,236,0,276,0,0,276,T
7-M,237,0,277,0,0,277,T
7-M,238,0,0,285,0,285,G
7-M,239,0,284,0,0,284,T
7-M,240,0,0,0,286,286,C
7-M,241,0,0,0,287,287,C
7-M,242,283,0,0,0,283,A
7-M,243,282,0,1,0,283,A
7-M,244,285,0,0,0,285,A
7-M,245,284,0,0,0,284,A
7-M,246,0,284,0,0,284,T
7-M,247,0,0,281,0,281,G
7-M,248,0,0,0,281,281,C
7-M,249,0,0,0,280,280,C
7-M,250,0,0,0,284,284,C
7-M,251,0,285,1,0,286,T
7-M,252,0,0,0,292,292,C
7-M,253,296,0,0,0,296,A
7-M,254,297,0,0,0,297,A
7-M,255,0,298,0,0,298,T
7-M,256,0,0,301,0,301,G
7-M,257,0,0,306,0,306,G
7-M,258,0,0,307,0,307,G
7-M,259,307,0,0,0,307,A
7-M,260,306,0,0,0,306,A
7-M,261,0,293,0,0,293,T
7-M,262,0,0,297,0,297,G
7-M,263,0,0,294,0,294,G
7-M,264,291,0,0,0,291,A
7-M,265,0,0,293,0,293,G
7-M,266,292,0,0,0,292,A
7-M,267,0,0,0,289,289,C
7-M,268,0,0,0,301,301,C
7-M,269,1,0,0,304,305,C
7-M,270,308,0,0,0,308,A
7-M,271,306,0,0,0,306,A
7-M,272,306,0,0,0,306,A
7-M,273,0,308,0,0,308,T
7-M,274,318,0,0,0,318,A
7-M,275,314,0,1,0,315,A
7-M,276,0,0,0,310,310,C
7-M,277,313,0,0,0,313,A
7-M,278,0,308,0,0,308,T
7-M,279,0,0,314,0,314,G
7-M,280,0,0,313,0,313,G
7-M,281,313,0,1,0,314,A
7-M,282,0,0,0,313,313,C
7-M,283,306,0,0,0,306,A
7-M,284,308,0,0,0,308,A
7-M,285,309,0,0,0,309,A
7-M,286,1,0,310,0,311,G
7-M,287,0,0,0,316,316,C
7-M,288,312,0,0,0,312,A
7-M,289,0,0,318,0,318,G
7-M,290,0,314,0,2,316,T
7-M,291,0,317,0,0,317,T
7-M,292,319,0,0,0,319,A
7-M,293,314,0,0,0,314,A
7-M,294,315,0,0,0,315,A
7-M,295,0,0,0,321,321,C
7-M,296,0,310,0,0,310,T
7-M,297,0,0,354,0,354,G
7-M,298,0,350,0,0,350,T
7-M,299,356,0,0,0,356,A
7-M,300,0,355,0,0,355,T
7-M,301,358,0,0,0,358,A
7-M,302,0,0,356,0,356,G
7-M,303,120,0,223,0,343,G
7-M,304,345,0,0,0,345,A
7-M,305,342,0,0,0,342,A
7-M,306,335,0,0,0,335,A
7-M,307,0,0,0,344,344,C
7-M,308,0,341,0,0,341,T
7-M,309,0,341,0,0,341,T
7-M,310,344,0,0,0,344,A
7-M,311,338,0,0,0,338,A
7-M,312,0,0,343,0,343,G
7-M,313,344,0,0,0,344,A
7-M,314,0,1,344,0,345,G
7-M,315,212,0,126,0,338,A
7-M,316,0,1,344,0,345,G
7-M,317,343,0,0,0,343,A
7-M,318,0,0,349,0,349,G
7-M,319,347,0,0,0,347,A
7-M,320,0,346,0,0,346,T
7-M,321,346,0,0,0,346,A
7-M,322,346,0,0,0,346,A
7-M,323,0,0,0,350,350,C
7-M,324,0,0,351,0,351,G
7-M,325,0,351,0,0,351,T
7-M,326,0,345,0,0,345,T
7-M,327,0,0,0,350,350,C
7-M,328,0,0,0,348,348,C
7-M,329,354,0,0,0,354,A
7-M,330,0,351,0,0,351,T
7-M,331,0,0,350,0,350,G
7-M,332,0,0,348,0,348,G
7-M,333,0,0,348,0,348,G
7-M,334,1,0,348,0,349,G
7-M,335,0,0,0,343,343,C
7-M,336,0,0,0,346,346,C
7-M,337,353,0,0,0,353,A
7-M,338,351,0,0,0,351,A
7-M,339,357,0,0,0,357,A
7-M,340,0,0,353,0,353,G
7-M,341,350,0,0,0,350,A
7-M,342,345,0,0,0,345,A
7-M,343,350,0,0,0,350,A
7-M,344,0,348,0,0,348,T
7-M,345,349,0,0,0,349,A
7-M,346,0,0,348,0,348,G
7-M,347,0,0,0,348,348,C
7-M,348,0,347,0,0,347,T
7-M,349,0,0,0,345,345,C
7-M,350,0,339,0,0,339,T
7-M,351,0,0,0,358,358,C
7-M,352,357,0,0,0,357,A
7-M,353,0,0,357,0,357,G
7-M,354,0,356,0,0,356,T
7-M,355,0,363,0,0,363,T
7-M,356,367,0,0,0,367,A
7-M,357,0,363,0,0,363,T
7-M,358,0,366,0,0,366,T
7-M,359,0,0,0,366,366,C
7-M,360,0,358,0,0,358,T
7-M,361,0,0,361,0,361,G
7-M,362,0,0,0,364,364,C
7-M,363,0,363,0,1,364,T
7-M,364,0,0,366,0,366,G
7-M,365,0,0,360,0,360,G
7-M,366,0,362,0,0,362,T
7-M,367,1,0,359,0,360,G
7-M,368,0,0,0,362,362,C
7-M,369,363,0,0,0,363,A
7-M,370,0,0,0,368,368,C
7-M,371,0,365,0,0,365,T
7-M,372,0,374,0,1,375,T
7-M,373,0,0,373,0,373,G
7-M,374,0,0,0,368,368,C
7-M,375,0,0,0,373,373,C
7-M,376,369,0,0,0,369,A
7-M,377,0,0,377,0,377,G
7-M,378,0,375,0,0,375,T
7-M,379,0,378,0,0,378,T
7-M,380,0,0,377,0,377,G
7-M,381,0,231,0,145,376,T
7-M,382,377,0,0,0,377,A
7-M,383,0,378,0,0,378,T
7-M,384,0,0,381,0,381,G
7-M,385,0,0,377,0,377,G
7-M,386,0,0,380,0,380,G
7-M,387,0,1,0,381,382,C
7-M,388,0,0,0,387,387,C
7-M,389,0,386,0,0,386,T
7-M,390,0,0,0,397,397,C
7-M,391,416,0,0,0,416,A
7-M,392,0,416,0,0,416,T
7-M,393,426,0,0,0,426,A
7-M,394,0,427,0,0,427,T
7-M,395,426,0,0,0,426,A
7-M,396,0,0,0,448,448,C
7-M,397,437,0,0,0,437,A
7-M,398,436,0,1,0,437,A
7-M,399,0,441,0,0,441,T
7-M,400,421,0,0,0,421,A
7-M,401,0,0,429,0,429,G
7-M,402,0,0,427,0,427,G
7-M,403,414,0,2,0,416,A
7-M,404,0,417,0,0,417,T
7-M,405,0,0,394,0,394,G
7-M,406,0,0,395,0,395,G
7-M,407,0,1,391,0,392,G
7-M,408,0,0,400,0,400,G
7-M,409,0,0,405,0,405,G
7-M,410,0,0,0,396,396,C
7-M,411,0,391,0,0,391,T
7-M,412,0,0,399,0,399,G
7-M,413,0,398,0,0,398,T
7-M,414,400,0,1,0,401,A
7-M,415,399,0,0,0,399,A
7-M,416,0,0,0,397,397,C
7-M,417,0,0,0,395,395,C
7-M,418,396,0,0,0,396,A
7-M,419,0,0,0,391,391,C
7-M,420,0,392,0,0,392,T
7-M,421,0,0,395,0,395,G
7-M,422,391,0,0,0,391,A
7-M,423,389,0,0,0,389,A
7-M,424,0,0,389,0,389,G
7-M,425,0,383,0,0,383,T
7-M,426,0,0,387,0,387,G
7-M,427,0,0,386,0,386,G
7-M,428,0,0,0,385,385,C
7-M,429,383,0,0,0,383,A
7-M,430,0,382,0,0,382,T
7-M,431,0,382,0,0,382,T
7-M,432,0,383,0,1,384,T
7-M,433,0,0,388,0,388,G
7-M,434,0,0,384,0,384,G
7-M,435,0,0,0,392,392,C
7-M,436,0,0,0,388,388,C
7-M,437,0,384,0,0,384,T
7-M,438,0,0,399,0,399,G
7-M,439,0,0,404,0,404,G
7-M,440,0,402,0,0,402,T
7-M,441,407,0,1,0,408,A
7-M,442,0,395,0,0,395,T
7-M,443,1,0,404,0,405,G
7-M,444,0,408,0,0,408,T
7-M,445,0,0,407,0,407,G
7-M,446,0,0,0,406,406,C
7-M,447,389,0,0,1,390,A
7-M,448,390,0,0,0,390,A
7-M,449,0,0,0,393,393,C
7-M,450,395,0,0,0,395,A
7-M,451,0,394,0,0,394,T
7-M,452,0,0,389,0,389,G
7-M,453,0,381,0,0,381,T
7-M,454,0,0,380,0,380,G
7-M,455,376,0,0,0,376,A
7-M,456,0,0,374,0,374,G
7-M,457,0,0,4,370,374,C
7-M,458,365,0,0,0,365,A
7-M,459,0,0,369,0,369,G
7-M,460,363,0,0,0,363,A
7-M,461,0,367,0,0,367,T
7-M,462,0,364,0,0,364,T
7-M,463,0,0,364,0,364,G
7-M,464,0,0,0,358,358,C
7-M,465,0,364,0,0,364,T
7-M,466,0,1,361,0,362,G
7-M,467,361,0,0,1,362,A
7-M,468,0,0,0,371,371,C
7-M,469,0,372,0,1,373,T
7-M,470,0,0,0,378,378,C
7-M,471,0,0,0,376,376,C
7-M,472,0,0,0,378,378,C
7-M,473,378,0,0,0,378,A
7-M,474,0,0,383,0,383,G
7-M,475,0,0,0,385,385,C
7-M,476,383,0,0,0,383,A
7-M,477,0,0,0,381,381,C
7-M,478,355,0,0,0,355,A
7-M,479,2,0,357,0,359,G
7-M,480,0,0,363,0,363,G
7-M,481,0,359,0,1,360,T
7-M,482,0,0,0,368,368,C
7-M,483,0,362,0,3,365,T
7-M,484,0,0,0,370,370,C
7-M,485,371,0,0,0,371,A
7-M,486,0,370,0,0,370,T
7-M,487,370,0,0,0,370,A
7-M,488,0,0,366,0,366,G
7-M,489,0,0,365,0,365,G
7-M,490,0,0,0,365,365,C
7-M,491,353,0,0,0,353,A
7-M,492,0,0,353,0,353,G
7-M,493,349,0,1,0,350,A
7-M,494,0,353,0,0,353,T
7-M,495,0,0,354,0,354,G
7-M,496,1,0,351,0,352,G
7-M,497,0,352,0,0,352,T
7-M,498,0,0,356,0,356,G
7-M,499,0,0,351,0,351,G
7-M,500,0,0,0,353,353,C
7-M,501,350,0,3,0,353,A
7-M,502,360,0,0,0,360,A
7-M,503,0,0,0,362,362,C
7-M,504,364,0,0,0,364,A
7-M,505,361,0,0,0,361,A
7-M,506,0,0,0,361,361,C
7-M,507,1,0,0,359,360,C
7-M,508,357,0,0,0,357,A
7-M,509,355,0,0,0,355,A
7-M,510,0,354,0,0,354,T
7-M,511,0,0,0,353,353,C
7-M,512,0,0,0,348,348,C
7-M,513,343,0,0,0,343,A
7-M,514,0,342,0,0,342,T
7-M,515,0,340,0,0,340,T
7-M,516,343,0,0,0,343,A
7-M,517,343,0,0,0,343,A
7-M,518,0,342,0,0,342,T
7-M,519,344,0,0,0,344,A
7-M,520,344,0,0,0,344,A
7-M,521,340,0,0,0,340,A
7-M,522,341,0,0,0,341,A
7-M,523,0,0,0,347,347,C
7-M,524,348,0,0,0,348,A
7-M,525,0,350,0,0,350,T
7-M,526,0,0,348,0,348,G
7-M,527,347,0,0,0,347,A
7-M,528,0,1,350,0,351,G
7-M,529,353,0,0,0,353,A
7-M,530,353,0,0,0,353,A
7-M,531,0,0,0,351,351,C
7-M,532,342,0,0,1,343,A
7-M,533,0,1,345,0,346,G
7-M,534,337,0,0,0,337,A
7-M,535,338,0,0,0,338,A
7-M,536,0,343,0,0,343,T
7-M,537,0,0,333,0,333,G
7-M,538,0,0,339,0,339,G
7-M,539,0,332,0,0,332,T
7-M,540,1,323,0,0,324,T
7-M,541,0,332,0,0,332,T
7-M,542,0,336,0,0,336,T
7-M,543,0,0,338,0,338,G
7-M,544,0,0,335,0,335,G
7-M,545,0,0,0,334,334,C
7-M,546,0,0,0,333,333,C
7-M,547,330,0,0,0,330,A
7-M,548,1,0,334,0,335,G
7-M,549,0,0,0,335,335,C
7-M,550,333,0,0,0,333,A
7-M,551,0,0,0,343,343,C
7-M,552,0,335,0,0,335,T
7-M,553,332,0,0,0,332,A
7-M,554,0,0,0,341,341,C
7-M,555,344,0,0,0,344,A
7-M,556,0,0,350,0,350,G
7-M,557,0,0,0,333,333,C
7-M,558,0,332,0,0,332,T
7-M,559,332,0,0,0,332,A
7-M,560,322,0,0,0,322,A
7-M,561,0,0,324,0,324,G
7-M,562,0,0,323,0,323,G
7-M,563,0,0,0,327,327,C
7-M,564,0,308,0,0,308,T
7-M,565,317,0,0,0,317,A
7-M,566,0,312,0,0,312,T
7-M,567,0,0,315,0,315,G
7-M,568,0,0,315,0,315,G
7-M,569,311,0,0,0,311,A
7-M,570,0,0,312,0,312,G
7-M,571,0,0,0,301,301,C
7-M,572,304,0,0,0,304,A
7-M,573,302,0,0,0,302,A
7-M,574,303,0,0,0,303,A
7-M,575,0,305,0,0,305,T
7-M,576,0,0,307,0,307,G
7-M,577,0,0,305,0,305,G
7-M,578,0,0,0,305,305,C
7-M,579,0,305,0,1,306,T
7-M,580,0,0,309,0,309,G
7-M,581,0,0,311,0,311,G
7-M,582,306,0,0,0,306,A
7-M,583,0,306,0,0,306,T
7-M,584,0,1,0,301,302,C
7-M,585,304,0,0,0,304,A
7-M,586,304,0,0,0,304,A
7-M,587,0,0,308,0,308,G
7-M,588,0,308,0,0,308,T
7-M,589,0,0,308,0,308,G
7-M,590,301,0,1,0,302,A
7-M,591,183,0,109,0,292,A
7-M,592,0,0,0,293,293,C
7-M,593,296,0,0,0,296,A
7-M,594,0,0,294,0,294,G
7-M,595,0,0,286,0,286,G
7-M,596,0,0,0,294,294,C
7-M,597,292,0,0,0,292,A
7-M,598,0,0,305,0,305,G
7-M,599,0,0,0,303,303,C
7-M,600,0,0,304,0,304,G
7-M,601,0,0,302,0,302,G
7-M,602,302,0,0,0,302,A
7-M,603,0,0,305,0,305,G
7-M,604,0,1,307,0,308,G
7-M,605,0,0,0,309,309,C
7-M,606,0,0,0,311,311,C
7-M,607,308,0,0,0,308,A
7-M,608,0,302,0,0,302,T
7-M,609,0,0,308,0,308,G
7-M,610,0,0,308,0,308,G
7-M,611,305,0,0,0,305,A
7-M,612,0,0,309,0,309,G
7-M,613,301,0,0,0,301,A
7-M,614,0,306,0,0,306,T
7-M,615,0,306,0,0,306,T
7-M,616,0,0,305,0,305,G
7-M,617,0,0,0,302,302,C
7-M,618,0,302,0,0,302,T
7-M,619,304,0,0,0,304,A
7-M,620,0,0,303,0,303,G
7-M,621,0,295,0,1,296,T
7-M,622,0,0,0,304,304,C
7-M,623,296,0,0,0,296,A
7-M,624,0,0,301,0,301,G
7-M,625,1,0,298,0,299,G
7-M,626,0,0,0,295,295,C
7-M,627,0,0,0,294,294,C
7-M,628,294,0,0,0,294,A
7-M,629,0,0,296,0,296,G
7-M,630,0,0,292,0,292,G
7-M,631,0,0,0,296,296,C
7-M,632,298,0,0,0,298,A
7-M,633,0,0,297,0,297,G
7-M,634,289,0,0,0,289,A
7-M,635,0,290,0,0,290,T
7-M,636,0,0,291,0,291,G
7-M,637,0,1,299,0,300,G
7-M,638,0,289,0,0,289,T
7-M,639,0,0,295,0,295,G
7-M,640,0,0,0,291,291,C
7-M,641,295,0,0,0,295,A
7-M,642,0,0,297,0,297,G
7-M,643,0,0,297,0,297,G
7-M,644,0,0,0,297,297,C
7-M,645,299,0,0,0,299,A
7-M,646,292,0,0,0,292,A
7-M,647,0,286,0,0,286,T
7-M,648,0,0,291,0,291,G
7-M,649,289,0,0,0,289,A
7-M,650,0,0,289,0,289,G
7-M,651,276,0,0,1,277,A
7-M,652,1,0,284,0,285,G
7-M,653,0,0,0,276,276,C
7-M,654,0,0,0,284,284,C
7-M,655,288,0,0,0,288,A
7-M,656,0,286,0,0,286,T
7-M,657,0,288,0,0,288,T
7-M,658,0,0,286,0,286,G
7-M,659,0,0,291,0,291,G
7-M,660,0,0,290,0,290,G
7-M,661,291,0,0,0,291,A
7-M,662,0,0,0,286,286,C
7-M,663,0,273,0,0,273,T
7-M,664,0,0,0,279,279,C
7-M,665,278,0,0,0,278,A
7-M,666,0,288,0,0,288,T
7-M,667,0,0,0,291,291,C
7-M,668,1,0,0,288,289,C
7-M,669,0,293,0,0,293,T
7-M,670,289,0,0,0,289,A
7-M,671,0,0,293,0,293,G
7-M,672,0,314,0,0,314,T
7-M,673,0,313,0,0,313,T
7-M,674,0,0,0,310,310,C
7-M,675,0,0,0,304,304,C
7-M,676,307,0,0,0,307,A
7-M,677,0,0,311,0,311,G
7-M,678,0,310,0,0,310,T
7-M,679,311,0,0,0,311,A
7-M,680,0,0,0,308,308,C
7-M,681,0,284,0,0,284,T
7-M,682,0,0,291,0,291,G
7-M,683,0,0,299,0,299,G
7-M,684,0,295,0,0,295,T
7-M,685,0,175,0,119,294,T
7-M,686,0,297,0,0,297,T
7-M,687,297,0,0,0,297,A
7-M,688,300,0,0,0,300,A
7-M,689,0,0,299,0,299,G
7-M,690,299,0,0,0,299,A
7-M,691,0,0,288,0,288,G
7-M,692,279,0,0,0,279,A
7-M,693,0,277,0,0,277,T
7-M,694,0,0,276,0,276,G
7-M,695,278,0,0,0,278,A
7-M,696,0,273,0,0,273,T
7-M,697,1,0,0,279,280,C
7-M,698,0,276,0,0,276,T
7-M,699,0,280,0,0,280,T
7-M,700,0,0,0,280,280,C
7-M,701,0,277,0,1,278,T
7-M,702,0,277,0,0,277,T
7-M,703,0,0,278,0,278,G
7-M,704,273,0,0,1,274,A
7-M,705,272,0,0,0,272,A
7-M,706,274,0,0,0,274,A
7-M,707,274,0,0,0,274,A
7-M,708,0,279,0,0,279,T
7-M,709,0,276,0,0,276,T
7-M,710,1,277,0,0,278,T
7-M,711,0,0,277,0,277,G
7-M,712,0,0,0,275,275,C
7-M,713,278,0,0,0,278,A
7-M,714,0,0,277,0,277,G
7-M,715,274,0,0,0,274,A
7-M,716,0,0,0,278,278,C
7-M,717,0,0,0,280,280,C
7-M,718,0,285,0,0,285,T
7-M,719,284,0,1,0,285,A
7-M,720,0,287,0,0,287,T
7-M,721,0,0,0,291,291,C
7-M,722,288,0,0,0,288,A
7-M,723,0,0,286,0,286,G
7-M,724,279,0,1,0,280,A
7-M,725,277,0,0,0,277,A
7-M,726,278,0,0,0,278,A
7-M,727,0,0,0,274,274,C
7-M,728,0,0,281,0,281,G
7-M,729,274,0,0,0,274,A
7-M,730,277,0,0,0,277,A
7-M,731,0,281,0,0,281,T
7-M,732,0,0,279,0,279,G
7-M,733,0,0,283,0,283,G
7-M,734,0,1,282,0,283,G
7-M,735,0,0,282,0,282,G
7-M,736,0,0,280,0,280,G
7-M,737,0,272,0,0,272,T
7-M,738,0,0,272,0,272,G
7-M,739,0,0,1,274,275,C
7-M,740,275,0,0,0,275,A
7-M,741,0,0,279,0,279,G
7-M,742,270,0,0,0,270,A
7-M,743,0,265,0,0,265,T
7-M,744,0,0,267,0,267,G
7-M,745,0,0,0,263,263,C
7-M,746,264,0,0,0,264,A
7-M,747,262,0,1,0,263,A
7-M,748,0,0,0,267,267,C
7-M,749,0,1,267,0,268,G
7-M,750,268,0,0,0,268,A
7-M,751,0,265,0,0,265,T
7-M,752,0,264,0,0,264,T
7-M,753,0,3,0,265,268,C
7-M,754,263,0,1,0,264,A
7-M,755,267,0,0,0,267,A
7-M,756,0,0,265,0,265,G
7-M,757,0,262,0,0,262,T
7-M,758,0,0,260,0,260,G
7-M,759,256,0,0,0,256,A
7-M,760,0,0,0,257,257,C
7-M,761,0,0,0,252,252,C
7-M,762,0,0,0,261,261,C
7-M,763,0,0,263,0,263,G
7-M,764,0,0,0,262,262,C
7-M,765,0,264,0,0,264,T
7-M,766,0,266,0,0,266,T
7-M,767,0,0,264,0,264,G
7-M,768,0,263,0,0,263,T
7-M,769,0,265,0,0,265,T
7-M,770,1,0,263,0,264,G
7-M,771,0,259,0,0,259,T
7-M,772,0,256,0,0,256,T
7-M,773,0,0,256,0,256,G
7-M,774,0,0,0,256,256,C
7-M,775,0,1,0,252,253,C
7-M,776,0,0,256,0,256,G
7-M,777,0,0,0,254,254,C
7-M,778,0,0,257,0,257,G
7-M,779,255,0,0,0,255,A
7-M,780,259,0,0,0,259,A
7-M,781,0,259,0,0,259,T
7-M,782,260,0,0,0,260,A
7-M,783,0,264,0,0,264,T
7-M,784,0,1,0,267,268,C
7-M,785,269,0,0,0,269,A
7-M,786,0,267,0,0,267,T
7-M,787,0,265,0,0,265,T
7-M,788,0,0,262,0,262,G
7-M,789,0,0,262,0,262,G
7-M,790,0,0,259,0,259,G
7-M,791,258,0,0,0,258,A
7-M,792,0,257,0,0,257,T
7-M,793,0,0,0,255,255,C
7-M,794,0,253,0,1,254,T
7-M,795,0,255,0,0,255,T
7-M,796,0,0,262,0,262,G
7-M,797,0,0,0,259,259,C
7-M,798,261,0,0,0,261,A
7-M,799,0,0,0,262,262,C
7-M,800,0,258,0,0,258,T
7-M,801,0,262,0,0,262,T
7-M,802,0,0,262,0,262,G
7-M,803,263,0,0,0,263,A
7-M,804,0,258,0,3,261,T
7-M,805,255,0,1,0,256,A
7-M,806,0,254,0,0,254,T
7-M,807,0,251,0,0,251,T
7-M,808,0,0,250,0,250,G
7-M,809,0,246,0,0,246,T
7-M,810,1,0,245,0,246,G
7-M,811,0,1,244,0,245,G
7-M,812,239,0,0,0,239,A
7-M,813,0,238,0,0,238,T
7-M,814,0,239,0,0,239,T
7-M,815,1,0,0,237,238,C
7-M,816,0,238,0,0,238,T
7-M,817,0,242,0,0,242,T
7-M,818,0,0,242,0,242,G
7-M,819,241,0,0,0,241,A
7-M,820,0,240,0,0,240,T
7-M,821,0,0,0,238,238,C
7-M,822,0,0,238,0,238,G
7-M,823,0,231,0,0,231,T
7-M,824,0,0,0,235,235,C
7-M,825,0,235,0,0,235,T
7-M,826,0,236,0,0,236,T
7-M,827,0,233,0,0,233,T
7-M,828,0,234,0,0,234,T
7-M,829,0,238,0,0,238,T
7-M,830,0,235,0,0,235,T
7-M,831,0,235,0,0,235,T
7-M,832,0,0,0,235,235,C
7-M,833,236,0,0,0,236,A
7-M,834,236,0,0,0,236,A
7-M,835,234,0,0,0,234,A
7-M,836,0,233,0,0,233,T
7-M,837,0,0,232,0,232,G
7-M,838,0,0,0,232,232,C
7-M,839,0,0,234,0,234,G
7-M,840,0,235,0,0,235,T
7-M,841,0,0,0,237,237,C
7-M,842,0,237,0,0,237,T
7-M,843,239,0,0,0,239,A
7-M,844,0,237,0,0,237,T
7-M,845,0,0,0,237,237,C
7-M,846,0,0,237,0,237,G
7-M,847,233,0,0,0,233,A
7-M,848,0,0,0,235,235,C
7-M,849,0,220,0,0,220,T
7-M,850,0,0,0,231,231,C
7-M,851,0,231,0,0,231,T
7-M,852,0,230,0,0,230,T
7-M,853,0,0,0,231,231,C
7-M,854,231,0,0,0,231,A
7-M,855,229,0,0,0,229,A
7-M,856,230,0,0,0,230,A
7-M,857,0,0,0,227,227,C
7-M,858,229,0,0,0,229,A
7-M,859,0,0,0,220,220,C
7-M,860,0,0,220,0,220,G
7-M,861,1,0,225,0,226,G
7-M,862,0,0,0,220,220,C
7-M,863,0,0,0,222,222,C
7-M,864,0,228,0,0,228,T
7-M,865,0,228,0,0,228,T
7-M,866,230,0,0,0,230,A
7-M,867,230,0,0,0,230,A
7-M,868,231,0,0,0,231,A
7-M,869,231,0,0,0,231,A
7-M,870,0,0,226,0,226,G
7-M,871,195,0,0,0,195,A
7-M,872,0,0,197,0,197,G
7-M,873,0,0,193,0,193,G
7-M,874,0,0,0,193,193,C
7-M,875,0,0,0,188,188,C
7-M,876,0,0,1,190,191,C
7-M,877,0,191,0,0,191,T
7-M,878,0,193,0,0,193,T
7-M,879,0,0,0,193,193,C
7-M,880,0,196,0,0,196,T
7-M,881,195,0,0,0,195,A
7-M,882,0,0,0,194,194,C
7-M,883,0,0,191,0,191,G
7-M,884,0,0,193,0,193,G
7-M,885,189,0,0,0,189,A
7-M,886,190,0,0,0,190,A
7-M,887,0,0,189,0,189,G
7-M,888,0,0,188,0,188,G
7-M,889,185,0,0,0,185,A
7-M,890,0,0,185,0,185,G
7-M,891,0,184,0,0,184,T
7-M,892,182,0,0,0,182,A
7-M,893,0,0,0,181,181,C
7-M,894,0,0,0,184,184,C
7-M,895,0,178,0,0,178,T
7-M,896,0,0,178,0,178,G
7-M,897,167,0,0,0,167,A
7-M,898,0,0,170,0,170,G
7-M,899,0,163,0,0,163,T
7-M,900,0,0,0,167,167,C
7-M,901,0,162,0,0,162,T
7-M,902,163,0,0,0,163,A
7-M,903,0,163,0,0,163,T
7-M,904,0,0,165,0,165,G
7-M,905,158,0,0,0,158,A
7-M,906,0,0,159,0,159,G
7-M,907,0,0,139,0,139,G
7-M,908,0,0,143,0,143,G
7-M,909,143,0,0,0,143,A
7-M,910,138,0,1,0,139,A
7-M,911,0,0,141,0,141,G
7-M,912,139,0,0,0,139,A
7-M,913,140,0,0,0,140,A
7-M,914,0,137,0,0,137,T
7-M,915,136,0,0,0,136,A
7-M,916,0,136,0,0,136,T
7-M,917,0,1,0,133,134,C
7-M,918,0,0,134,0,134,G
7-M,919,134,0,0,0,134,A
7-M,920,133,0,0,0,133,A
7-M,921,131,0,0,0,131,A
7-M,922,0,0,132,0,132,G
7-M,923,0,0,132,0,132,G
7-M,924,131,0,0,0,131,A
7-M,925,130,0,0,0,130,A
7-M,926,0,0,0,129,129,C
7-M,927,131,0,0,0,131,A
7-M,928,0,0,129,0,129,G
7-M,929,0,0,0,128,128,C
7-M,930,130,0,0,0,130,A
7-M,931,0,0,130,0,130,G
7-M,932,121,0,0,0,121,A
7-M,933,124,0,0,0,124,A
7-M,934,0,123,0,0,123,T
7-M,935,0,0,115,0,115,G
7-M,936,0,0,0,114,114,C
7-M,937,0,114,0,0,114,T
7-M,938,0,0,112,0,112,G
7-M,939,0,110,0,0,110,T
7-M,940,0,0,112,0,112,G
7-M,941,0,0,113,0,113,G
7-M,942,108,0,0,0,108,A
7-M,943,0,108,0,0,108,T
7-M,944,0,0,100,0,100,G
7-M,945,0,0,0,99,99,C
7-M,946,0,99,0,0,99,T
7-M,947,0,0,96,0,96,G
7-M,948,94,0,0,0,94,A
7-M,949,0,0,0,93,93,C
7-M,950,0,0,94,0,94,G
7-M,951,91,0,0,0,91,A
7-M,952,0,0,0,92,92,C
7-M,953,92,0,0,0,92,A
7-M,954,0,0,92,0,92,G
7-M,955,0,90,0,0,90,T
7-M,956,0,0,0,90,90,C
7-M,957,90,0,0,0,90,A
7-M,958,0,90,0,0,90,T
7-M,959,0,92,0,0,92,T
7-M,960,0,92,0,0,92,T
7-M,961,0,89,0,0,89,T
7-M,962,0,0,90,0,90,G
7-M,963,0,83,0,0,83,T
7-M,964,0,0,0,85,85,C
7-M,965,83,0,0,0,83,A
7-M,966,0,0,82,0,82,G
7-M,967,0,0,0,82,82,C
7-M,968,82,0,0,0,82,A
7-M,969,0,82,0,0,82,T
7-M,970,82,0,0,0,82,A
7-M,971,0,1,81,0,82,G
7-M,972,79,0,1,0,80,A
7-M,973,0,0,80,0,80,G
7-M,974,0,80,0,0,80,T
7-M,975,0,44,0,0,44,T
7-M,976,0,0,46,0,46,G
7-M,977,0,0,46,0,46,G
7-M,978,47,0,0,0,47,A
7-M,979,0,0,47,0,47,G
7-M,980,0,24,0,0,24,T
7-M,981,23,0,0,0,23,A
7-M,982,23,0,0,0,23,A
8-NS,1,968,0,0,0,968,A
8-NS,2,0,977,0,0,977,T
8-NS,3,0,0,1068,0,1068,G
8-NS,4,0,1,1163,0,1164,G
8-NS,5,1267,0,1,0,1268,A
8-NS,6,0,2790,0,1,2791,T
8-NS,7,0,2801,0,3,2804,T
8-NS,8,0,0,0,2889,2889,C
8-NS,9,0,0,0,2895,2895,C
8-NS,10,2906,0,3,1,2910,A
8-NS,11,2933,0,1,0,2934,A
8-NS,12,0,0,0,2936,2936,C
8-NS,13,2937,1,0,0,2938,A
8-NS,14,0,0,0,2968,2968,C
8-NS,15,0,2986,0,2,2988,T
8-NS,16,0,1,3284,0,3285,G
8-NS,17,0,3287,0,3,3290,T
8-NS,18,0,0,3332,0,3332,G
8-NS,19,0,3332,0,4,3336,T
8-NS,20,1,0,0,3340,3341,C
8-NS,21,3349,0,1,0,3350,A
8-NS,22,3331,0,0,0,3331,A
8-NS,23,0,0,3379,0,3379,G
8-NS,24,1,3455,0,1,3457,T
8-NS,25,0,3466,0,0,3466,T
8-NS,26,0,3483,0,0,3483,T
8-NS,27,0,0,0,3471,3471,C
8-NS,28,1,0,1,3489,3491,C
8-NS,29,3478,1,4,1,3484,A
8-NS,30,2,2,3523,0,3527,G
8-NS,31,3,0,3533,0,3536,G
8-NS,32,0,3467,0,1,3468,T
8-NS,33,3567,0,1,0,3568,A
8-NS,34,0,2,3594,0,3596,G
8-NS,35,3592,0,0,0,3592,A
8-NS,36,0,3611,0,1,3612,T
8-NS,37,0,3614,0,0,3614,T
8-NS,38,0,0,3641,0,3641,G
8-NS,39,0,0,0,3631,3631,C
8-NS,40,0,3650,1,3,3654,T
8-NS,41,0,3686,1,1,3688,T
8-NS,42,0,3708,0,1,3709,T
8-NS,43,1,1,0,3763,3765,C
8-NS,44,0,3756,0,4,3760,T
8-NS,45,0,3755,0,0,3755,T
8-NS,46,0,3765,0,2,3767,T
8-NS,47,0,1,3798,0,3799,G
8-NS,48,0,1,3772,0,3773,G
8-NS,49,0,1,0,3805,3806,C
8-NS,50,3793,0,2,1,3796,A
8-NS,51,1,3812,0,1,3814,T
8-NS,52,3848,1,0,1,3850,A
8-NS,53,0,4589,0,0,4589,T
8-NS,54,0,0,0,4596,4596,C
8-NS,55,1,3,0,4605,4609,C
8-NS,56,0,0,4588,0,4588,G
8-NS,57,1,3202,1397,2,4602,T
8-NS,58,4625,0,3,0,4628,A
8-NS,59,4635,1,1,0,4637,A
8-NS,60,4636,0,3,1,4640,A
8-NS,61,0,2,0,4657,4659,C
8-NS,62,4544,0,1,0,4545,A
8-NS,63,4531,1,3,0,4535,A
8-NS,64,0,1,4730,0,4731,G
8-NS,65,0,4771,0,0,4771,T
8-NS,66,1,4783,0,0,4784,T
8-NS,67,0,0,4778,0,4778,G
8-NS,68,0,4781,0,2,4783,T
8-NS,69,4769,0,4,0,4773,A
8-NS,70,1,3,4786,1,4791,G
8-NS,71,5075,0,4,0,5079,A
8-NS,72,0,0,0,5142,5142,C
8-NS,73,0,1,0,5093,5094,C
8-NS,74,5069,1,2,0,5072,A
8-NS,75,5110,0,1,0,5111,A
8-NS,76,0,1,5366,0,5367,G
8-NS,77,5342,0,4,0,5346,A
8-NS,78,5404,1,1,0,5406,A
8-NS,79,0,0,0,5424,5424,C
8-NS,80,1,5329,0,0,5330,T
8-NS,81,2,1,5376,0,5379,G
8-NS,82,5308,1,9,0,5318,A
8-NS,83,0,1,5493,0,5494,G
8-NS,84,0,5476,0,3,5479,T
8-NS,85,0,1,5421,0,5422,G
8-NS,86,5450,0,2,1,5453,A
8-NS,87,0,5474,0,1,5475,T
8-NS,88,0,0,5526,0,5526,G
8-NS,89,1,1,0,5590,5592,C
8-NS,90,2,0,0,5611,5613,C
8-NS,91,2,0,0,5643,5645,C
8-NS,92,0,1,0,5632,5633,C
8-NS,93,5655,0,0,0,5655,A
8-NS,94,0,5785,0,1,5786,T
8-NS,95,1,5876,0,0,5877,T
8-NS,96,3,0,0,5876,5879,C
8-NS,97,1,1,1,5864,5867,C
8-NS,98,0,5776,0,93,5869,T
8-NS,99,0,5867,0,0,5867,T
8-NS,100,1,3,5845,1,5850,G
8-NS,101,5795,1,1,0,5797,A
8-NS,102,0,5839,2,1,5842,T
8-NS,103,1,3,0,5796,5800,C
8-NS,104,1,2,5736,0,5739,G
8-NS,105,3,1,5736,1,5741,G
8-NS,106,0,1,0,5809,5810,C
8-NS,107,0,5789,0,1,5790,T
8-NS,108,0,5847,0,0,5847,T
8-NS,109,1,0,0,5848,5849,C
8-NS,110,1,0,5860,0,5861,G
8-NS,111,0,1,0,5867,5868,C
8-NS,112,0,3,0,5881,5884,C
8-NS,113,1,1,5887,0,5889,G
8-NS,114,5794,4,3,0,5801,A
8-NS,115,0,0,6022,0,6022,G
8-NS,116,6021,0,0,0,6021,A
8-NS,117,0,6064,0,1,6065,T
8-NS,118,0,1,0,6078,6079,C
8-NS,119,6059,0,3,0,6062,A
8-NS,120,0,3,6071,0,6074,G
8-NS,121,6024,0,8,0,6032,A
8-NS,122,0,0,6060,0,6060,G
8-NS,123,1,0,6100,0,6101,G
8-NS,124,0,6150,0,5,6155,T
8-NS,125,0,2,0,6477,6479,C
8-NS,126,0,1,1,6484,6486,C
8-NS,127,2,0,0,6558,6560,C
8-NS,128,0,6578,0,0,6578,T
8-NS,129,6588,0,0,0,6588,A
8-NS,130,6535,0,7,0,6542,A
8-NS,131,0,5,6647,0,6652,G
8-NS,132,0,4,6616,0,6620,G
8-NS,133,1,3,6523,0,6527,G
8-NS,134,0,0,6389,0,6389,G
8-NS,135,6340,0,4,0,6344,A
8-NS,136,6402,0,6,0,6408,A
8-NS,137,1,1,6413,0,6415,G
8-NS,138,6511,0,8,0,6519,A
8-NS,139,2,1,6559,0,6562,G
8-NS,140,0,1,6540,0,6541,G
8-NS,141,2,2,0,6602,6606,C
8-NS,142,6612,1,0,0,6613,A
8-NS,143,6604,0,5,0,6609,A
8-NS,144,0,6628,0,1,6629,T
8-NS,145,6697,0,2,0,6699,A
8-NS,146,0,1,0,6809,6810,C
8-NS,147,0,6676,0,1,6677,T
8-NS,148,0,2,0,6666,6668,C
8-NS,149,1,6599,0,3,6603,T
8-NS,150,1,3,0,6678,6682,C
8-NS,151,0,0,6717,0,6717,G
8-NS,152,1,0,7100,0,7101,G
8-NS,153,0,7090,1,0,7091,T
8-NS,154,2,0,0,7151,7153,C
8-NS,155,0,7090,1,2,7093,T
8-NS,156,7175,2,0,0,7177,A
8-NS,157,1,1,7158,0,7160,G
8-NS,158,7168,3,13,0,7184,A
8-NS,159,0,2,0,7333,7335,C
8-NS,160,7218,0,3,0,7221,A
8-NS,161,0,7131,0,2,7133,T
8-NS,162,1,1,0,7130,7132,C
8-NS,163,7112,1,2,0,7115,A
8-NS,164,7101,0,1,1,7103,A
8-NS,165,7055,0,1,0,7056,A
8-NS,166,3,2,7049,0,7054,G
8-NS,167,0,1,0,7105,7106,C
8-NS,168,7040,1,3,0,7044,A
8-NS,169,0,1,7033,0,7034,G
8-NS,170,0,1,1,7038,7040,C
8-NS,171,2,2,0,7068,7072,C
8-NS,172,7114,0,2,0,7116,A
8-NS,173,2,3,0,7187,7192,C
8-NS,174,0,2,0,7222,7224,C
8-NS,175,4,0,0,7231,7235,C
8-NS,176,7246,59,0,1,7306,A
8-NS,177,0,7367,0,2,7369,T
8-NS,178,1,0,7383,0,7384,G
8-NS,179,2,7340,0,8,7350,T
8-NS,180,0,7331,0,5,7336,T
8-NS,181,0,0,7278,0,7278,G
8-NS,182,1,1,7222,0,7224,G
8-NS,183,7163,1,3,0,7167,A
8-NS,184,7203,0,2,0,7205,A
8-NS,185,7119,0,4,0,7123,A
8-NS,186,1,0,7169,1,7171,G
8-NS,187,0,1,0,7176,7177,C
8-NS,188,7160,2,1,0,7163,A
8-NS,189,7145,0,1,1,7147,A
8-NS,190,7135,1,1,1,7138,A
8-NS,191,0,7220,0,0,7220,T
8-NS,192,1,7233,0,0,7234,T
8-NS,193,0,0,7319,1,7320,G
8-NS,194,1,7286,0,1,7288,T
8-NS,195,7288,0,14,0,7302,A
8-NS,196,0,0,7284,0,7284,G
8-NS,197,7295,0,0,0,7295,A
8-NS,198,7280,0,2,0,7282,A
8-NS,199,7293,0,4,0,7297,A
8-NS,200,7249,0,1,0,7250,A
8-NS,201,1,1,7286,0,7288,G
8-NS,202,7205,0,3,0,7208,A
8-NS,203,1,7204,0,0,7205,T
8-NS,204,0,7218,0,2,7220,T
8-NS,205,0,1,0,7237,7238,C
8-NS,206,0,7224,0,2,7226,T
8-NS,207,2,0,7223,0,7225,G
8-NS,208,7224,1,1,0,7226,A
8-NS,209,7223,1,0,0,7224,A
8-NS,210,7198,0,4,0,7202,A
8-NS,211,2,0,7241,0,7243,G
8-NS,212,7222,0,0,0,7222,A
8-NS,213,7228,0,6,0,7234,A
8-NS,214,0,1,7269,0,7270,G
8-NS,215,7308,0,1,0,7309,A
8-NS,216,7339,0,1,0,7340,A
8-NS,217,1,7342,0,2,7345,T
8-NS,218,0,1,0,7428,7429,C
8-NS,219,0,7397,0,7,7404,T
8-NS,220,3,0,7439,1,7443,G
8-NS,221,7407,0,4,0,7411,A
8-NS,222,2,7422,0,1,7425,T
8-NS,223,1,0,7405,0,7406,G
8-NS,224,7328,0,7,0,7335,A
8-NS,225,0,4,7313,0,7317,G
8-NS,226,3,0,7300,0,7303,G
8-NS,227,0,1,0,7294,7295,C
8-NS,228,7309,0,8,0,7317,A
8-NS,229,0,0,0,7477,7477,C
8-NS,230,0,7459,0,0,7459,T
8-NS,231,0,7504,0,3,7507,T
8-NS,232,7546,0,1,0,7547,A
8-NS,233,7561,0,2,0,7563,A
8-NS,234,7560,0,2,0,7562,A
8-NS,235,7530,0,1,0,7531,A
8-NS,236,1,7522,0,2,7525,T
8-NS,237,0,2,7526,0,7528,G
8-NS,238,7515,0,5,1,7521,A
8-NS,239,182,1,0,7338,7521,C
8-NS,240,1,1,0,7507,7509,C
8-NS,241,7528,0,0,0,7528,A
8-NS,242,0,7476,0,3,7479,T
8-NS,243,0,0,7688,0,7688,G
8-NS,244,1,0,7739,0,7740,G
8-NS,245,1,7739,1,6,7747,T
8-NS,246,4,2,0,8101,8107,C
8-NS,247,0,8024,0,18,8042,T
8-NS,248,1,2,0,8143,8146,C
8-NS,249,0,1,0,8178,8179,C
8-NS,250,8172,1,9,1,8183,A
8-NS,251,0,1,0,8260,8261,C
8-NS,252,8071,0,4,0,8075,A
8-NS,253,1,1,0,8102,8104,C
8-NS,254,3,0,0,8028,8031,C
8-NS,255,1,7668,0,9,7678,T
8-NS,256,0,0,7732,0,7732,G
8-NS,257,1,1,0,7680,7682,C
8-NS,258,0,7623,0,4,7627,T
8-NS,259,1,7665,0,1,7667,T
8-NS,260,0,1,0,7682,7683,C
8-NS,261,1,0,7672,0,7673,G
8-NS,262,1,1,0,7674,7676,C
8-NS,263,2,0,7700,0,7702,G
8-NS,264,7942,1,1,0,7944,A
8-NS,265,0,7977,0,1,7978,T
8-NS,266,8138,0,1,0,8139,A
8-NS,267,0,1,0,8169,8170,C
8-NS,268,8099,0,1,0,8100,A
8-NS,269,0,8264,1,3,8268,T
8-NS,270,8209,0,2,0,8211,A
8-NS,271,8228,2,2,0,8232,A
8-NS,272,2,0,0,8249,8251,C
8-NS,273,0,8029,1,2,8032,T
8-NS,274,0,1,8145,0,8146,G
8-NS,275,8008,1,2,0,8011,A
8-NS,276,0,2,0,8042,8044,C
8-NS,277,8041,0,7,0,8048,A
8-NS,278,1,7971,0,1,7973,T
8-NS,279,1,1,7979,0,7981,G
8-NS,280,7937,0,6,0,7943,A
8-NS,281,2,1,0,8155,8158,C
8-NS,282,0,8134,1,1,8136,T
8-NS,283,8258,1,0,0,8259,A
8-NS,284,2,8181,1,2,8186,T
8-NS,285,0,8202,0,1,8203,T
8-NS,286,0,2,8211,0,8213,G
8-NS,287,8149,0,18,0,8167,A
8-NS,288,4,1,8132,0,8137,G
8-NS,289,3,1,8111,0,8115,G
8-NS,290,7974,0,0,0,7974,A
8-NS,291,8015,0,3,0,8018,A
8-NS,292,0,7777,0,85,7862,T
8-NS,293,1,7908,0,0,7909,T
8-NS,294,3,0,7995,1,7999,G
8-NS,295,1,7979,0,8,7988,T
8-NS,296,3,0,0,8014,8017,C
8-NS,297,8008,0,2,0,8010,A
8-NS,298,7999,1,2,0,8002,A
8-NS,299,1,1,8004,0,8006,G
8-NS,300,8052,1,0,0,8053,A
8-NS,301,8042,1,1,0,8044,A
8-NS,302,7993,0,13,0,8006,A
8-NS,303,0,0,0,8027,8027,C
8-NS,304,0,7914,1,13,7928,T
8-NS,305,0,3,8060,0,8063,G
8-NS,306,0,1,8120,0,8121,G
8-NS,307,0,8133,0,2,8135,T
8-NS,308,0,8102,0,6,8108,T
8-NS,309,2,1,1,8108,8112,C
8-NS,310,8138,0,2,0,8140,A
8-NS,311,3,8222,0,4,8229,T
8-NS,312,1,3,8243,0,8247,G
8-NS,313,0,1,0,8277,8278,C
8-NS,314,0,8260,0,6,8266,T
8-NS,315,8157,0,3,0,8160,A
8-NS,316,8311,0,1,1,8313,A
8-NS,317,0,8355,0,3,8358,T
8-NS,318,3,2,8327,0,8332,G
8-NS,319,1,0,0,8310,8311,C
8-NS,320,0,0,0,8169,8169,C
8-NS,321,1,2,0,8163,8166,C
8-NS,322,8178,0,2,0,8180,A
8-NS,323,8202,0,4,1,8207,A
8-NS,324,2,0,8219,0,8221,G
8-NS,325,0,2,0,8244,8246,C
8-NS,326,8246,0,3,0,8249,A
8-NS,327,0,1,8547,0,8548,G
8-NS,328,8530,0,4,0,8534,A
8-NS,329,8542,0,1,0,8543,A
8-NS,330,8511,0,4,0,8515,A
8-NS,331,5755,0,2771,0,8526,A
8-NS,332,1,8512,1,0,8514,T
8-NS,333,0,2,8581,1,8584,G
8-NS,334,0,1,8565,0,8566,G
8-NS,335,8545,1,11,0,8557,A
8-NS,336,7967,1,5,1,7974,A
8-NS,337,1,0,7938,0,7939,G
8-NS,338,10,1,7921,0,7932,G
8-NS,339,7923,1,2,0,7926,A
8-NS,340,2,1,0,7909,7912,C
8-NS,341,2,1,0,7919,7922,C
8-NS,342,1,7927,1,8,7937,T
8-NS,343,1,1,1,8025,8028,C
8-NS,344,0,8046,0,2,8048,T
8-NS,345,1,8087,0,1,8089,T
8-NS,346,0,8082,0,1,8083,T
8-NS,347,1,0,8063,0,8064,G
8-NS,348,1,5,0,8133,8139,C
8-NS,349,8111,0,3,0,8114,A
8-NS,350,1,8077,1,2,8081,T
8-NS,351,2,5,0,8099,8106,C
8-NS,352,8168,0,1,3,8172,A
8-NS,353,0,0,8424,0,8424,G
8-NS,354,8393,2,1,4,8400,A
8-NS,355,8391,0,0,1,8392,A
8-NS,356,0,8353,0,2,8355,T
8-NS,357,2,3,8303,0,8308,G
8-NS,358,11,4,8361,0,8376,G
8-NS,359,8346,1,8,0,8355,A
8-NS,360,0,2,0,8345,8347,C
8-NS,361,1,4,0,8193,8198,C
8-NS,362,8077,0,2,0,8079,A
8-NS,363,2,2,8140,1,8145,G
8-NS,364,3,1,8097,1,8102,G
8-NS,365,0,3,0,8167,8170,C
8-NS,366,8126,0,2,1,8129,A
8-NS,367,8135,1,1,1,8138,A
8-NS,368,0,8100,1,4,8105,T
8-NS,369,1,1,0,8146,8148,C
8-NS,370,8158,4,4,0,8166,A
8-NS,371,0,8090,0,5,8095,T
8-NS,372,1,1,8031,0,8033,G
8-NS,373,1,1,8050,0,8052,G
8-NS,374,7982,0,9,0,7991,A
8-NS,375,1,0,8067,0,8068,G
8-NS,376,7973,0,0,1,7974,A
8-NS,377,7956,0,1,1,7958,A
8-NS,378,7995,0,1,0,7996,A
8-NS,379,7976,0,3,0,7979,A
8-NS,380,7951,0,34,2,7987,A
8-NS,381,1,0,0,8045,8046,C
8-NS,382,7993,1,1,0,7995,A
8-NS,383,0,7939,0,2,7941,T
8-NS,384,1,0,0,7942,7943,C
8-NS,385,7932,0,3,1,7936,A
8-NS,386,0,7945,0,1,7946,T
8-NS,387,0,0,7974,0,7974,G
8-NS,388,0,7960,0,5,7965,T
8-NS,389,0,7921,0,2,7923,T
8-NS,390,2,1,7910,1,7914,G
8-NS,391,7878,0,0,1,7879,A
8-NS,392,7875,3,2,1,7881,A
8-NS,393,7863,0,5,2,7870,A
8-NS,394,1,2,7876,0,7879,G
8-NS,395,1,1,0,7847,7849,C
8-NS,396,0,2,7859,0,7861,G
8-NS,397,7852,1,0,0,7853,A
8-NS,398,7859,1,0,0,7860,A
8-NS,399,0,7811,0,0,7811,T
8-NS,400,0,7838,1,4,7843,T
8-NS,401,1,7856,0,0,7857,T
8-NS,402,2,1,0,7876,7879,C
8-NS,403,7832,0,2,1,7835,A
8-NS,404,1,0,7857,0,7858,G
8-NS,405,1,7811,0,2,7814,T
8-NS,406,0,0,7844,0,7844,G
8-NS,407,1,7794,0,6,7801,T
8-NS,408,1,1,7857,0,7859,G
8-NS,409,7894,0,0,0,7894,A
8-NS,410,1,7854,0,3,7858,T
8-NS,411,0,7877,1,2,7880,T
8-NS,412,0,7880,0,0,7880,T
8-NS,413,1,7833,0,2,7836,T
8-NS,414,0,7838,0,41,7879,T
8-NS,415,1,3,7869,0,7873,G
8-NS,416,7838,0,20,0,7858,A
8-NS,417,0,5,0,7802,7807,C
8-NS,418,1,2,0,7758,7761,C
8-NS,419,0,3,7831,0,7834,G
8-NS,420,8370,0,1,1,8372,A
8-NS,421,0,0,0,8525,8525,C
8-NS,422,0,8551,0,0,8551,T
8-NS,423,8599,0,2,2,8603,A
8-NS,424,2,2,8591,0,8595,G
8-NS,425,8556,0,11,1,8568,A
8-NS,426,0,2,8611,0,8613,G
8-NS,427,8588,1,9,1,8599,A
8-NS,428,1,0,0,8743,8744,C
8-NS,429,6,0,0,8249,8255,C
8-NS,430,7998,1,11,0,8010,A
8-NS,431,0,8396,1,1,8398,T
8-NS,432,8361,0,3,0,8364,A
8-NS,433,1,0,8948,0,8949,G
8-NS,434,2,8869,0,0,8871,T
8-NS,435,8830,1,1,0,8832,A
8-NS,436,1,8843,1,3,8848,T
8-NS,437,0,8632,0,1,8633,T
8-NS,438,8825,1,1,0,8827,A
8-NS,439,0,3,0,8823,8826,C
8-NS,440,0,8455,0,0,8455,T
8-NS,441,8455,0,1,0,8456,A
8-NS,442,7717,0,2,0,7719,A
8-NS,443,2,9,7711,0,7722,G
8-NS,444,0,0,7683,0,7683,G
8-NS,445,1,0,7659,0,7660,G
8-NS,446,0,3,0,7610,7613,C
8-NS,447,3,7503,0,7,7513,T
8-NS,448,0,7484,0,5,7489,T
8-NS,449,0,7591,1,0,7592,T
8-NS,450,1,1,1,7619,7622,C
8-NS,451,7689,0,1,1,7691,A
8-NS,452,2,1,0,7714,7717,C
8-NS,453,0,2,1,7670,7673,C
8-NS,454,0,2,7696,0,7698,G
8-NS,455,7590,0,0,0,7590,A
8-NS,456,7617,1,0,0,7618,A
8-NS,457,0,0,7700,0,7700,G
8-NS,458,7547,0,7,0,7554,A
8-NS,459,1,4,7599,0,7604,G
8-NS,460,0,2,7457,0,7459,G
8-NS,461,3,0,7494,0,7497,G
8-NS,462,7445,1,21,0,7467,A
8-NS,463,2,0,7461,0,7463,G
8-NS,464,0,3,1,7446,7450,C
8-NS,465,7472,0,3,0,7475,A
8-NS,466,7465,0,3,0,7468,A
8-NS,467,0,7482,0,0,7482,T
8-NS,468,0,7466,0,0,7466,T
8-NS,469,2,0,7467,0,7469,G
8-NS,470,2,7381,0,0,7383,T
8-NS,471,0,7376,0,2,7378,T
8-NS,472,0,0,7378,1,7379,G
8-NS,473,3,0,7325,0,7328,G
8-NS,474,1,4,0,7348,7353,C
8-NS,475,1,1,7406,0,7408,G
8-NS,476,7402,1,0,0,7403,A
8-NS,477,7458,0,1,0,7459,A
8-NS,478,7451,0,1,0,7452,A
8-NS,479,0,7488,0,0,7488,T
8-NS,480,1,0,0,7478,7479,C
8-NS,481,1,7441,0,6,7448,T
8-NS,482,2,0,1,7473,7476,C
8-NS,483,7494,0,2,1,7497,A
8-NS,484,0,3,0,7492,7495,C
8-NS,485,0,1,0,7499,7500,C
8-NS,486,7456,1,2,1,7460,A
8-NS,487,1,7414,0,5,7420,T
8-NS,488,0,7375,0,1,7376,T
8-NS,489,2,0,7360,0,7362,G
8-NS,490,1,0,0,7325,7326,C
8-NS,491,2,0,0,7323,7325,C
8-NS,492,0,7345,1,8,7354,T
8-NS,493,1,7325,0,3,7329,T
8-NS,494,3,2,0,7371,7376,C
8-NS,495,0,7354,0,3,7357,T
8-NS,496,1,7384,0,2,7387,T
8-NS,497,0,7541,1,1,7543,T
8-NS,498,0,7475,0,3,7478,T
8-NS,499,2,0,1,7519,7522,C
8-NS,500,1,1,0,7511,7513,C
8-NS,501,7522,1,7,0,7530,A
8-NS,502,0,4,7572,0,7576,G
8-NS,503,2,0,7548,0,7550,G
8-NS,504,7658,0,2,0,7660,A
8-NS,505,0,1,0,7656,7657,C
8-NS,506,7639,1,2,0,7642,A
8-NS,507,0,7659,0,2,7661,T
8-NS,508,7635,2,18,0,7655,A
8-NS,509,1,1,0,8158,8160,C
8-NS,510,0,8165,0,5,8170,T
8-NS,511,8107,0,0,1,8108,A
8-NS,512,0,8029,0,4,8033,T
8-NS,513,0,7795,0,1,7796,T
8-NS,514,1,0,7806,0,7807,G
8-NS,515,7515,0,7,2,7524,A
8-NS,516,1,1,7515,0,7517,G
8-NS,517,1,0,7496,0,7497,G
8-NS,518,6854,1,1,0,6856,A
8-NS,519,0,6890,0,1,6891,T
8-NS,520,1,1,6811,1,6814,G
8-NS,521,1,6764,0,8,6773,T
8-NS,522,0,1,0,6798,6799,C
8-NS,523,6828,0,1,0,6829,A
8-NS,524,6827,0,0,0,6827,A
8-NS,525,6820,0,0,0,6820,A
8-NS,526,6778,0,1,0,6779,A
8-NS,527,6796,0,1,2,6799,A
8-NS,528,0,6785,0,1,6786,T
8-NS,529,0,0,6764,0,6764,G
8-NS,530,1,1,0,6804,6806,C
8-NS,531,6795,0,3,0,6798,A
8-NS,532,6802,1,0,0,6803,A
8-NS,533,0,6830,1,0,6831,T
8-NS,534,0,6854,1,1,6856,T
8-NS,535,2,2,6832,0,6836,G
8-NS,536,2,6,6762,0,6770,G
8-NS,537,2,0,6734,0,6736,G
8-NS,538,2,0,6802,0,6804,G
8-NS,539,0,6727,0,3,6730,T
8-NS,540,2,14,0,6762,6778,C
8-NS,541,0,0,0,6783,6783,C
8-NS,542,1,6772,0,12,6785,T
8-NS,543,1,1,0,6846,6848,C
8-NS,544,6847,1,0,0,6848,A
8-NS,545,0,6815,0,1,6816,T
8-NS,546,1,1,0,6856,6858,C
8-NS,547,5,2,6771,0,6778,G
8-NS,548,0,0,6785,0,6785,G
8-NS,549,6650,0,4,0,6654,A
8-NS,550,0,0,6685,0,6685,G
8-NS,551,1,0,6693,1,6695,G
8-NS,552,6600,0,5,0,6605,A
8-NS,553,1,0,0,6653,6654,C
8-NS,554,0,6652,0,3,6655,T
8-NS,555,0,6669,0,1,6670,T
8-NS,556,0,2,6698,0,6700,G
8-NS,557,6669,0,2,0,6671,A
8-NS,558,6678,0,6,0,6684,A
8-NS,559,0,6672,0,1,6673,T
8-NS,560,2,1,6536,1,6540,G
8-NS,561,1,1,6620,1,6623,G
8-NS,562,6507,0,1,1,6509,A
8-NS,563,6559,0,3,0,6562,A
8-NS,564,0,6826,1,0,6827,T
8-NS,565,0,0,6847,0,6847,G
8-NS,566,6882,0,1,0,6883,A
8-NS,567,1,6869,0,1,6871,T
8-NS,568,6878,0,4,0,6882,A
8-NS,569,6902,0,4,0,6906,A
8-NS,570,1,1,0,6810,6812,C
8-NS,571,6721,0,6,0,6727,A
8-NS,572,0,0,0,6759,6759,C
8-NS,573,6169,0,1,0,6170,A
8-NS,574,0,0,6240,0,6240,G
8-NS,575,0,6195,1,3,6199,T
8-NS,576,1,6137,0,3,6141,T
8-NS,577,2,1,0,6193,6196,C
8-NS,578,1,0,6168,0,6169,G
8-NS,579,6138,0,1,0,6139,A
8-NS,580,0,0,6149,0,6149,G
8-NS,581,0,6048,0,2,6050,T
8-NS,582,0,0,0,6065,6065,C
8-NS,583,1,5936,0,9,5946,T
8-NS,584,5,0,0,5962,5967,C
8-NS,585,0,6012,0,5,6017,T
8-NS,586,6032,0,0,0,6032,A
8-NS,587,6015,0,0,0,6015,A
8-NS,588,5999,0,0,0,5999,A
8-NS,589,6037,0,3,0,6040,A
8-NS,590,6029,0,0,0,6029,A
8-NS,591,0,5959,0,2,5961,T
8-NS,592,0,0,1,6021,6022,C
8-NS,593,0,5987,0,0,5987,T
8-NS,594,6005,0,0,1,6006,A
8-NS,595,0,2,0,6019,6021,C
8-NS,596,6008,0,0,0,6008,A
8-NS,597,0,2,5995,0,5997,G
8-NS,598,5907,0,1,0,5908,A
8-NS,599,0,0,5902,0,5902,G
8-NS,600,5883,0,2,0,5885,A
8-NS,601,2,5805,0,2,5809,T
8-NS,602,0,5794,0,4,5798,T
8-NS,603,2,0,0,5827,5829,C
8-NS,604,0,0,5825,0,5825,G
8-NS,605,0,0,0,5811,5811,C
8-NS,606,0,5799,0,1,5800,T
8-NS,607,0,5835,0,4,5839,T
8-NS,608,1,0,5815,0,5816,G
8-NS,609,1,1,5847,0,5849,G
8-NS,610,5851,0,2,0,5853,A
8-NS,611,0,2,5852,0,5854,G
8-NS,612,5821,0,1,0,5822,A
8-NS,613,5751,0,5,0,5756,A
8-NS,614,0,1,5840,1,5842,G
8-NS,615,1,1,0,5852,5854,C
8-NS,616,5853,1,4,0,5858,A
8-NS,617,0,2,5958,0,5960,G
8-NS,618,0,5902,0,0,5902,T
8-NS,619,5943,0,2,0,5945,A
8-NS,620,5936,0,3,1,5940,A
8-NS,621,0,5880,1,0,5881,T
8-NS,622,1,3,5927,0,5931,G
8-NS,623,5695,1,3,0,5699,A
8-NS,624,0,0,5791,0,5791,G
8-NS,625,5743,0,2,0,5745,A
8-NS,626,5516,0,0,0,5516,A
8-NS,627,1,5499,1,0,5501,T
8-NS,628,1,0,5438,0,5439,G
8-NS,629,0,1,5463,0,5464,G
8-NS,630,2,2,5467,0,5471,G
8-NS,631,0,82,5364,0,5446,G
8-NS,632,0,1,5442,0,5443,G
8-NS,633,5308,0,1,0,5309,A
8-NS,634,0,3566,0,1602,5168,T
8-NS,635,0,0,0,5277,5277,C
8-NS,636,0,5228,0,10,5238,T
8-NS,637,1,0,0,5254,5255,C
8-NS,638,2,1,0,5254,5257,C
8-NS,639,5200,2,19,1,5222,A
8-NS,640,0,200,0,4998,5198,C
8-NS,641,0,5051,0,2,5053,T
8-NS,642,0,5032,0,0,5032,T
8-NS,643,4896,0,0,0,4896,A
8-NS,644,0,1,0,4912,4913,C
8-NS,645,1,4801,1,16,4819,T
8-NS,646,1,3,0,4826,4830,C
8-NS,647,1,1,0,4786,4788,C
8-NS,648,4792,0,0,0,4792,A
8-NS,649,4810,0,0,0,4810,A
8-NS,650,4806,0,4,0,4810,A
8-NS,651,4798,0,3,0,4801,A
8-NS,652,0,1,0,4806,4807,C
8-NS,653,4712,0,0,0,4712,A
8-NS,654,0,1,4704,0,4705,G
8-NS,655,4624,0,1,0,4625,A
8-NS,656,4703,0,1,1,4705,A
8-NS,657,4676,0,3,0,4679,A
8-NS,658,0,0,0,4693,4693,C
8-NS,659,2,4,4698,1,4705,G
8-NS,660,2,2,4690,0,4694,G
8-NS,661,0,0,4705,0,4705,G
8-NS,662,4708,0,0,0,4708,A
8-NS,663,4682,0,1,0,4683,A
8-NS,664,4678,0,2,1,4681,A
8-NS,665,0,4638,1,0,4639,T
8-NS,666,2,1,4686,0,4689,G
8-NS,667,2,0,4662,0,4664,G
8-NS,668,2,2,0,4642,4646,C
8-NS,669,1,0,4670,0,4671,G
8-NS,670,4657,0,1,0,4658,A
8-NS,671,0,1,4664,0,4665,G
8-NS,672,4662,0,5,0,4667,A
8-NS,673,4661,0,1,0,4662,A
8-NS,674,0,1,1,4653,4655,C
8-NS,675,4572,0,4,0,4576,A
8-NS,676,2,0,4544,0,4546,G
8-NS,677,1,4,0,4527,4532,C
8-NS,678,0,4549,0,1,4550,T
8-NS,679,4552,1,1,0,4554,A
8-NS,680,0,1,4489,0,4490,G
8-NS,681,2,1,4505,0,4508,G
8-NS,682,1,4456,0,6,4463,T
8-NS,683,1,2,0,4414,4417,C
8-NS,684,4443,0,0,0,4443,A
8-NS,685,4430,0,1,0,4431,A
8-NS,686,4431,0,0,0,4431,A
8-NS,687,4451,0,1,0,4452,A
8-NS,688,0,0,4436,0,4436,G
8-NS,689,0,4337,0,0,4337,T
8-NS,690,1,4320,1,3,4325,T
8-NS,691,0,4350,1,2,4353,T
8-NS,692,1,0,4355,0,4356,G
8-NS,693,4349,0,3,0,4352,A
8-NS,694,4358,0,1,0,4359,A
8-NS,695,0,1,4364,0,4365,G
8-NS,696,4279,1,2,0,4282,A
8-NS,697,85,0,4206,0,4291,G
8-NS,698,4305,0,1,0,4306,A
8-NS,699,1,4305,0,0,4306,T
8-NS,700,4321,0,3,0,4324,A
8-NS,701,4300,1,1,1,4303,A
8-NS,702,0,1,4288,0,4289,G
8-NS,703,3978,0,1,0,3979,A
8-NS,704,0,3934,1,1,3936,T
8-NS,705,0,0,3975,0,3975,G
8-NS,706,3,0,3962,0,3965,G
8-NS,707,0,1,0,3940,3941,C
8-NS,708,0,3978,1,0,3979,T
8-NS,709,3982,0,0,0,3982,A
8-NS,710,3974,1,0,0,3975,A
8-NS,711,1,3965,0,0,3966,T
8-NS,712,1,3960,0,2,3963,T
8-NS,713,0,0,3971,0,3971,G
8-NS,714,3915,0,2,0,3917,A
8-NS,715,3909,0,2,0,3911,A
8-NS,716,0,1,3897,0,3898,G
8-NS,717,3908,0,0,0,3908,A
8-NS,718,3828,0,0,0,3828,A
8-NS,719,1,0,3882,0,3883,G
8-NS,720,0,3783,0,1,3784,T
8-NS,721,3,1,3803,0,3807,G
8-NS,722,3761,0,5,0,3766,A
8-NS,723,0,1,3767,0,3768,G
8-NS,724,3770,1,4,0,3775,A
8-NS,725,0,0,0,3733,3733,C
8-NS,726,3700,1,2,0,3703,A
8-NS,727,0,0,0,3700,3700,C
8-NS,728,3409,0,1,0,3410,A
8-NS,729,1,1,3476,0,3478,G
8-NS,730,3465,0,1,0,3466,A
8-NS,731,0,3422,0,1,3423,T
8-NS,732,1,3421,0,2,3424,T
8-NS,733,3423,0,1,0,3424,A
8-NS,734,3424,0,0,0,3424,A
8-NS,735,3418,0,0,0,3418,A
8-NS,736,3405,0,0,0,3405,A
8-NS,737,3406,0,1,0,3407,A
8-NS,738,0,1,0,3258,3259,C
8-NS,739,3106,0,0,0,3106,A
8-NS,740,3102,0,2,0,3104,A
8-NS,741,0,0,0,3116,3116,C
8-NS,742,0,3092,0,0,3092,T
8-NS,743,2,0,3109,0,3111,G
8-NS,744,3106,0,0,0,3106,A
8-NS,745,3110,0,0,0,3110,A
8-NS,746,3110,1,1,0,3112,A
8-NS,747,3083,0,1,0,3084,A
8-NS,748,0,3053,0,0,3053,T
8-NS,749,3015,0,0,0,3015,A
8-NS,750,0,0,3008,0,3008,G
8-NS,751,0,0,0,3003,3003,C
8-NS,752,0,2940,0,2,2942,T
8-NS,753,0,2956,0,1,2957,T
8-NS,754,0,2936,0,1,2937,T
8-NS,755,0,0,2949,0,2949,G
8-NS,756,2941,0,2,0,2943,A
8-NS,757,2945,0,0,0,2945,A
8-NS,758,0,0,0,2958,2958,C
8-NS,759,2896,0,0,0,2896,A
8-NS,760,2897,0,0,0,2897,A
8-NS,761,2895,0,0,0,2895,A
8-NS,762,0,2886,0,2,2888,T
8-NS,763,2899,0,0,0,2899,A
8-NS,764,2832,0,3,0,2835,A
8-NS,765,1,1,0,2840,2842,C
8-NS,766,2843,0,1,0,2844,A
8-NS,767,0,2779,0,0,2779,T
8-NS,768,1,2705,0,2,2708,T
8-NS,769,3,1,0,2693,2697,C
8-NS,770,2677,0,0,0,2677,A
8-NS,771,0,2635,0,0,2635,T
8-NS,772,0,0,2658,0,2658,G
8-NS,773,0,0,0,2607,2607,C
8-NS,774,2577,0,0,0,2577,A
8-NS,775,2561,1,4,1,2567,A
8-NS,776,0,0,2552,0,2552,G
8-NS,777,1,1,0,2601,2603,C
8-NS,778,2556,1,0,0,2557,A
8-NS,779,0,2545,0,1,2546,T
8-NS,780,0,2544,0,0,2544,T
8-NS,781,2531,0,3,0,2534,A
8-NS,782,0,0,0,2538,2538,C
8-NS,783,2516,0,1,0,2517,A
8-NS,784,2370,0,92,0,2462,A
8-NS,785,0,1,0,2435,2436,C
8-NS,786,0,2065,0,0,2065,T
8-NS,787,0,0,2082,0,2082,G
8-NS,788,0,0,0,2014,2014,C
8-NS,789,0,1936,0,0,1936,T
8-NS,790,0,0,1946,0,1946,G
8-NS,791,0,1904,0,0,1904,T
8-NS,792,0,1905,0,0,1905,T
8-NS,793,0,1900,0,1,1901,T
8-NS,794,0,0,1878,0,1878,G
8-NS,795,1888,0,2,0,1890,A
8-NS,796,1855,0,1,1,1857,A
8-NS,797,0,0,1851,0,1851,G
8-NS,798,0,1821,0,5,1826,T
8-NS,799,0,1,1747,0,1748,G
8-NS,800,0,0,1759,0,1759,G
8-NS,801,1755,0,3,0,1758,A
8-NS,802,1754,0,2,0,1756,A
8-NS,803,0,1,0,1738,1739,C
8-NS,804,1689,0,3,0,1692,A
8-NS,805,0,1,1690,0,1691,G
8-NS,806,0,1,1657,0,1658,G
8-NS,807,1632,1,3,0,1636,A
8-NS,808,0,0,1629,0,1629,G
8-NS,809,1329,0,2,0,1331,A
8-NS,810,0,1325,0,0,1325,T
8-NS,811,1320,0,0,0,1320,A
8-NS,812,1300,0,0,1,1301,A
8-NS,813,0,0,1295,0,1295,G
8-NS,814,1155,0,0,0,1155,A
8-NS,815,1135,0,0,0,1135,A
8-NS,816,0,1,0,1120,1121,C
8-NS,817,0,953,1,1,955,T
8-NS,818,0,959,0,0,959,T
8-NS,819,0,957,0,0,957,T
8-NS,820,0,0,0,958,958,C
8-NS,821,0,941,0,2,943,T
8-NS,822,1,0,0,928,929,C
8-NS,823,906,0,0,0,906,A
8-NS,824,0,903,0,0,903,T
8-NS,825,0,882,0,0,882,T
8-NS,826,0,875,0,0,875,T
8-NS,827,0,0,0,877,877,C
8-NS,828,847,0,0,0,847,A
8-NS,829,0,0,844,0,844,G
8-NS,830,0,0,0,846,846,C
8-NS,831,0,786,0,0,786,T
8-NS,832,0,778,0,0,778,T
8-NS,833,758,0,0,0,758,A
8-NS,834,0,753,0,0,753,T
8-NS,835,0,754,0,0,754,T
8-NS,836,0,742,0,0,742,T
8-NS,837,721,0,0,0,721,A
8-NS,838,699,0,1,0,700,A
8-NS,839,0,680,0,0,680,T
8-NS,840,0,0,677,0,677,G
8-NS,841,663,0,0,0,663,A
8-NS,842,0,609,0,0,609,T
8-NS,843,603,0,1,0,604,A
8-NS,844,602,0,0,0,602,A
8-NS,845,600,0,0,0,600,A
8-NS,846,599,0,0,0,599,A
8-NS,847,591,0,0,0,591,A
8-NS,848,592,0,0,0,592,A
8-NS,849,0,0,0,592,592,C
8-NS,850,487,0,1,0,488,A
8-NS,851,0,0,0,501,501,C
8-NS,852,1,0,0,472,473,C
8-NS,853,0,0,0,469,469,C
8-NS,854,0,416,0,0,416,T
8-NS,855,0,408,0,0,408,T
8-NS,856,0,0,412,0,412,G
8-NS,857,0,393,0,0,393,T
8-NS,858,0,390,0,0,390,T
8-NS,859,0,377,0,0,377,T
8-NS,860,0,0,0,168,168,C
8-NS,861,0,116,0,0,116,T
8-NS,862,94,0,0,0,94,A
8-NS,863,0,0,0,93,93,C
