Gene,Position,A,T,G,C,Coverage,Consensus
1-PB2,1,227,0,0,0,227,A
1-PB2,2,0,227,0,0,227,T
1-PB2,3,0,0,230,0,230,G
1-PB2,4,0,2,231,0,233,G
1-PB2,5,233,0,0,0,233,A
1-PB2,6,234,0,0,0,234,A
1-PB2,7,233,1,0,0,234,A
1-PB2,8,0,0,265,0,265,G
1-PB2,9,264,0,0,0,264,A
1-PB2,10,267,0,0,0,267,A
1-PB2,11,0,273,0,0,273,T
1-PB2,12,271,0,0,0,271,A
1-PB2,13,274,0,0,0,274,A
1-PB2,14,275,0,1,0,276,A
1-PB2,15,274,0,1,0,275,A
1-PB2,16,0,0,287,0,287,G
1-PB2,17,286,0,1,0,287,A
1-PB2,18,287,0,0,0,287,A
1-PB2,19,0,0,0,296,296,C
1-PB2,20,0,296,0,0,296,T
1-PB2,21,303,0,0,0,303,A
1-PB2,22,0,0,0,303,303,C
1-PB2,23,0,1,302,0,303,G
1-PB2,24,0,1,308,0,309,G
1-PB2,25,310,0,0,0,310,A
1-PB2,26,318,0,0,0,318,A
1-PB2,27,0,319,1,0,320,T
1-PB2,28,0,0,0,321,321,C
1-PB2,29,0,321,0,0,321,T
1-PB2,30,1,2,319,0,322,G
1-PB2,31,323,0,0,0,323,A
1-PB2,32,0,323,0,0,323,T
1-PB2,33,0,1,322,0,323,G
1-PB2,34,0,332,0,0,332,T
1-PB2,35,1,0,0,331,332,C
1-PB2,36,0,0,331,0,331,G
1-PB2,37,0,0,0,333,333,C
1-PB2,38,333,0,0,0,333,A
1-PB2,39,0,1,356,0,357,G
1-PB2,40,0,359,0,0,359,T
1-PB2,41,0,0,0,362,362,C
1-PB2,42,0,361,0,0,361,T
1-PB2,43,1,1,0,358,360,C
1-PB2,44,0,0,361,0,361,G
1-PB2,45,1,0,0,359,360,C
1-PB2,46,360,0,0,0,360,A
1-PB2,47,0,0,0,366,366,C
1-PB2,48,0,366,0,0,366,T
1-PB2,49,0,0,0,383,383,C
1-PB2,50,0,1,378,0,379,G
1-PB2,51,0,1,0,383,384,C
1-PB2,52,0,0,383,0,383,G
1-PB2,53,386,0,0,0,386,A
1-PB2,54,0,0,388,0,388,G
1-PB2,55,398,0,1,0,399,A
1-PB2,56,0,398,0,0,398,T
1-PB2,57,396,0,0,0,396,A
1-PB2,58,0,0,0,397,397,C
1-PB2,59,0,396,0,0,396,T
1-PB2,60,0,0,408,0,408,G
1-PB2,61,408,1,0,0,409,A
1-PB2,62,0,0,0,411,411,C
1-PB2,63,412,0,1,0,413,A
1-PB2,64,410,0,0,0,410,A
1-PB2,65,414,0,0,0,414,A
1-PB2,66,419,0,0,0,419,A
1-PB2,67,421,0,0,0,421,A
1-PB2,68,0,0,0,425,425,C
1-PB2,69,0,0,0,423,423,C
1-PB2,70,435,0,1,0,436,A
1-PB2,71,0,0,0,442,442,C
1-PB2,72,440,0,0,0,440,A
1-PB2,73,0,0,460,0,460,G
1-PB2,74,0,458,0,0,458,T
1-PB2,75,0,2,470,0,472,G
1-PB2,76,0,0,480,0,480,G
1-PB2,77,480,0,0,0,480,A
1-PB2,78,0,0,0,508,508,C
1-PB2,79,0,0,0,503,503,C
1-PB2,80,507,0,1,0,508,A
1-PB2,81,0,508,0,0,508,T
1-PB2,82,499,0,0,0,499,A
1-PB2,83,0,500,0,0,500,T
1-PB2,84,0,1,491,0,492,G
1-PB2,85,0,2,496,0,498,G
1-PB2,86,0,0,1,498,499,C
1-PB2,87,0,0,0,485,485,C
1-PB2,88,487,0,0,0,487,A
1-PB2,89,0,519,0,0,519,T
1-PB2,90,521,0,0,0,521,A
1-PB2,91,557,0,0,0,557,A
1-PB2,92,0,553,0,0,553,T
1-PB2,93,0,552,0,0,552,T
1-PB2,94,554,0,0,0,554,A
1-PB2,95,554,0,1,1,556,A
1-PB2,96,1,0,568,0,569,G
1-PB2,97,564,0,2,0,566,A
1-PB2,98,552,0,0,0,552,A
1-PB2,99,2,0,575,0,577,G
1-PB2,100,0,574,0,0,574,T
1-PB2,101,570,0,1,0,571,A
1-PB2,102,0,1,0,578,579,C
1-PB2,103,578,0,1,0,579,A
1-PB2,104,0,0,0,594,594,C
1-PB2,105,588,0,0,0,588,A
1-PB2,106,0,594,0,1,595,T
1-PB2,107,0,1,0,598,599,C
1-PB2,108,0,2,589,0,591,G
1-PB2,109,2,1,590,0,593,G
1-PB2,110,0,0,594,0,594,G
1-PB2,111,0,0,594,0,594,G
1-PB2,112,588,0,0,0,588,A
1-PB2,113,0,1,588,0,589,G
1-PB2,114,584,0,3,0,587,A
1-PB2,115,0,0,0,597,597,C
1-PB2,116,599,0,1,0,600,A
1-PB2,117,1,1,609,0,611,G
1-PB2,118,0,0,616,0,616,G
1-PB2,119,612,0,4,0,616,A
1-PB2,120,616,2,1,0,619,A
1-PB2,121,623,0,1,1,625,A
1-PB2,122,621,1,2,1,625,A
1-PB2,123,0,3,621,0,624,G
1-PB2,124,620,0,0,1,621,A
1-PB2,125,621,0,1,2,624,A
1-PB2,126,0,1,0,622,623,C
1-PB2,127,1,0,0,619,620,C
1-PB2,128,0,0,0,620,620,C
1-PB2,129,0,0,626,0,626,G
1-PB2,130,0,625,0,0,625,T
1-PB2,131,1,0,0,626,627,C
1-PB2,132,631,0,0,1,632,A
1-PB2,133,0,0,0,637,637,C
1-PB2,134,0,634,0,0,634,T
1-PB2,135,0,635,0,0,635,T
1-PB2,136,638,0,1,0,639,A
1-PB2,137,0,1,645,0,646,G
1-PB2,138,0,1,646,0,647,G
1-PB2,139,647,0,0,0,647,A
1-PB2,140,0,645,0,0,645,T
1-PB2,141,0,0,651,0,651,G
1-PB2,142,652,0,0,0,652,A
1-PB2,143,655,0,0,0,655,A
1-PB2,144,655,0,0,0,655,A
1-PB2,145,0,654,0,0,654,T
1-PB2,146,0,3,646,0,649,G
1-PB2,147,0,0,656,0,656,G
1-PB2,148,658,0,0,0,658,A
1-PB2,149,0,659,0,0,659,T
1-PB2,150,0,0,656,0,656,G
1-PB2,151,649,0,1,0,650,A
1-PB2,152,0,655,0,0,655,T
1-PB2,153,1,1,654,0,656,G
1-PB2,154,0,0,656,0,656,G
1-PB2,155,1,2,0,649,652,C
1-PB2,156,648,0,0,0,648,A
1-PB2,157,649,0,2,0,651,A
1-PB2,158,0,653,0,0,653,T
1-PB2,159,1,0,672,0,673,G
1-PB2,160,672,0,0,0,672,A
1-PB2,161,666,0,1,0,667,A
1-PB2,162,668,0,1,0,669,A
1-PB2,163,0,671,0,0,671,T
1-PB2,164,679,0,0,0,679,A
1-PB2,165,1,0,0,688,689,C
1-PB2,166,1,0,0,688,689,C
1-PB2,167,2,0,0,690,692,C
1-PB2,168,696,0,0,0,696,A
1-PB2,169,696,0,0,0,696,A
1-PB2,170,0,698,0,0,698,T
1-PB2,171,2,0,0,700,702,C
1-PB2,172,699,0,0,0,699,A
1-PB2,173,0,0,0,713,713,C
1-PB2,174,0,709,0,0,709,T
1-PB2,175,0,0,713,0,713,G
1-PB2,176,0,0,0,711,711,C
1-PB2,177,0,708,0,1,709,T
1-PB2,178,0,0,715,0,715,G
1-PB2,179,718,0,0,0,718,A
1-PB2,180,0,0,0,720,720,C
1-PB2,181,719,0,1,0,720,A
1-PB2,182,710,1,1,0,712,A
1-PB2,183,713,0,0,0,713,A
1-PB2,184,710,0,0,0,710,A
1-PB2,185,0,3,726,0,729,G
1-PB2,186,0,2,730,0,732,G
1-PB2,187,727,0,1,0,728,A
1-PB2,188,0,724,1,1,726,T
1-PB2,189,724,0,0,0,724,A
1-PB2,190,729,0,0,0,729,A
1-PB2,191,1,1,0,735,737,C
1-PB2,192,736,0,1,0,737,A
1-PB2,193,0,0,736,0,736,G
1-PB2,194,729,0,0,0,729,A
1-PB2,195,728,1,0,0,729,A
1-PB2,196,732,0,0,0,732,A
1-PB2,197,0,736,0,0,736,T
1-PB2,198,0,0,735,0,735,G
1-PB2,199,0,0,749,0,749,G
1-PB2,200,0,739,0,0,739,T
1-PB2,201,0,737,0,2,739,T
1-PB2,202,3,0,0,735,738,C
1-PB2,203,1,0,0,740,741,C
1-PB2,204,741,0,1,0,742,A
1-PB2,205,0,1,743,0,744,G
1-PB2,206,742,0,0,0,742,A
1-PB2,207,0,1,744,0,745,G
1-PB2,208,738,0,0,0,738,A
1-PB2,209,0,1,742,0,743,G
1-PB2,210,733,0,7,0,740,A
1-PB2,211,740,0,1,0,741,A
1-PB2,212,744,0,1,0,745,A
1-PB2,213,0,746,0,0,746,T
1-PB2,214,0,0,750,0,750,G
1-PB2,215,752,0,0,0,752,A
1-PB2,216,751,0,4,0,755,A
1-PB2,217,0,0,0,753,753,C
1-PB2,218,751,0,2,0,753,A
1-PB2,219,754,0,3,0,757,A
1-PB2,220,0,0,770,0,770,G
1-PB2,221,0,0,782,0,782,G
1-PB2,222,780,1,0,1,782,A
1-PB2,223,0,1,0,780,781,C
1-PB2,224,783,0,0,0,783,A
1-PB2,225,785,0,0,0,785,A
1-PB2,226,811,0,1,1,813,A
1-PB2,227,0,0,0,817,817,C
1-PB2,228,0,812,0,0,812,T
1-PB2,229,1,0,0,826,827,C
1-PB2,230,0,805,0,0,805,T
1-PB2,231,812,0,0,0,812,A
1-PB2,232,0,806,0,0,806,T
1-PB2,233,1,1,808,0,810,G
1-PB2,234,0,2,817,0,819,G
1-PB2,235,790,0,0,0,790,A
1-PB2,236,0,0,796,0,796,G
1-PB2,237,0,794,0,1,795,T
1-PB2,238,789,0,0,0,789,A
1-PB2,239,787,0,1,0,788,A
1-PB2,240,788,0,0,0,788,A
1-PB2,241,791,0,1,0,792,A
1-PB2,242,0,789,0,0,789,T
1-PB2,243,1,4,780,0,785,G
1-PB2,244,777,0,0,0,777,A
1-PB2,245,2,0,775,0,777,G
1-PB2,246,0,770,0,0,770,T
1-PB2,247,0,1,766,0,767,G
1-PB2,248,781,0,1,1,783,A
1-PB2,249,0,789,0,0,789,T
1-PB2,250,0,0,789,0,789,G
1-PB2,251,0,0,0,788,788,C
1-PB2,252,0,780,0,1,781,T
1-PB2,253,1,1,794,0,796,G
1-PB2,254,0,3,788,0,791,G
1-PB2,255,806,0,1,0,807,A
1-PB2,256,0,803,0,1,804,T
1-PB2,257,1,0,0,800,801,C
1-PB2,258,806,0,0,0,806,A
1-PB2,259,0,1,829,0,830,G
1-PB2,260,829,0,0,0,829,A
1-PB2,261,0,832,0,0,832,T
1-PB2,262,807,0,0,0,807,A
1-PB2,263,0,1,827,0,828,G
1-PB2,264,824,0,0,0,824,A
1-PB2,265,0,0,831,0,831,G
1-PB2,266,0,823,0,0,823,T
1-PB2,267,0,1,813,0,814,G
1-PB2,268,799,0,1,0,800,A
1-PB2,269,0,797,0,0,797,T
1-PB2,270,0,0,812,0,812,G
1-PB2,271,0,1,826,0,827,G
1-PB2,272,0,807,0,1,808,T
1-PB2,273,808,0,1,0,809,A
1-PB2,274,0,798,0,1,799,T
1-PB2,275,1,0,0,798,799,C
1-PB2,276,811,0,0,0,811,A
1-PB2,277,0,0,0,818,818,C
1-PB2,278,1,0,0,821,822,C
1-PB2,279,1,794,0,2,797,T
1-PB2,280,0,785,0,2,787,T
1-PB2,281,1,785,0,0,786,T
1-PB2,282,0,2,795,0,797,G
1-PB2,283,0,1,801,0,802,G
1-PB2,284,0,0,0,812,812,C
1-PB2,285,0,796,0,1,797,T
1-PB2,286,0,0,801,0,801,G
1-PB2,287,0,799,0,1,800,T
1-PB2,288,805,0,0,0,805,A
1-PB2,289,810,0,0,0,810,A
1-PB2,290,0,2,0,807,809,C
1-PB2,291,801,0,0,0,801,A
1-PB2,292,1,802,0,0,803,T
1-PB2,293,0,0,793,0,793,G
1-PB2,294,0,0,804,0,804,G
1-PB2,295,0,793,0,1,794,T
1-PB2,296,0,3,788,0,791,G
1-PB2,297,1,0,796,0,797,G
1-PB2,298,793,0,0,0,793,A
1-PB2,299,802,0,0,0,802,A
1-PB2,300,0,800,0,0,800,T
1-PB2,301,802,0,0,0,802,A
1-PB2,302,0,0,823,0,823,G
1-PB2,303,807,0,1,0,808,A
1-PB2,304,809,0,1,0,810,A
1-PB2,305,812,0,0,0,812,A
1-PB2,306,0,802,0,0,802,T
1-PB2,307,2,4,793,0,799,G
1-PB2,308,0,0,800,0,800,G
1-PB2,309,797,1,1,0,799,A
1-PB2,310,0,2,0,797,799,C
1-PB2,311,0,0,0,775,775,C
1-PB2,312,2,1,0,777,780,C
1-PB2,313,0,0,784,0,784,G
1-PB2,314,0,787,0,0,787,T
1-PB2,315,0,1,799,0,800,G
1-PB2,316,799,0,0,0,799,A
1-PB2,317,0,0,0,801,801,C
1-PB2,318,801,0,1,1,803,A
1-PB2,319,805,0,0,1,806,A
1-PB2,320,0,0,820,0,820,G
1-PB2,321,0,817,0,0,817,T
1-PB2,322,820,0,0,0,820,A
1-PB2,323,0,3,0,807,810,C
1-PB2,324,0,3,789,0,792,G
1-PB2,325,0,2,807,0,809,G
1-PB2,326,0,800,0,0,800,T
1-PB2,327,3,0,0,807,810,C
1-PB2,328,1,1,1,805,808,C
1-PB2,329,791,0,1,0,792,A
1-PB2,330,0,790,1,0,791,T
1-PB2,331,0,790,0,1,791,T
1-PB2,332,820,0,0,0,820,A
1-PB2,333,0,2,0,812,814,C
1-PB2,334,0,0,0,799,799,C
1-PB2,335,1,0,0,795,796,C
1-PB2,336,784,0,0,0,784,A
1-PB2,337,787,0,1,0,788,A
1-PB2,338,788,0,0,0,788,A
1-PB2,339,780,0,1,0,781,A
1-PB2,340,0,0,794,0,794,G
1-PB2,341,0,771,0,0,771,T
1-PB2,342,0,0,779,0,779,G
1-PB2,343,0,779,0,0,779,T
1-PB2,344,782,0,0,0,782,A
1-PB2,345,0,0,0,782,782,C
1-PB2,346,781,0,0,0,781,A
1-PB2,347,782,0,0,0,782,A
1-PB2,348,0,1,781,0,782,G
1-PB2,349,778,1,1,1,781,A
1-PB2,350,0,0,1,775,776,C
1-PB2,351,0,767,0,0,767,T
1-PB2,352,0,773,0,0,773,T
1-PB2,353,773,0,0,0,773,A
1-PB2,354,0,768,0,1,769,T
1-PB2,355,0,772,0,0,772,T
1-PB2,356,0,766,0,0,766,T
1-PB2,357,0,0,0,761,761,C
1-PB2,358,2,2,756,0,760,G
1-PB2,359,757,0,1,0,758,A
1-PB2,360,0,0,0,758,758,C
1-PB2,361,750,0,1,0,751,A
1-PB2,362,759,0,0,0,759,A
1-PB2,363,750,0,1,0,751,A
1-PB2,364,0,0,758,0,758,G
1-PB2,365,0,761,0,0,761,T
1-PB2,366,756,0,1,0,757,A
1-PB2,367,0,0,776,0,776,G
1-PB2,368,777,0,0,0,777,A
1-PB2,369,777,0,2,0,779,A
1-PB2,370,778,0,0,0,778,A
1-PB2,371,0,0,810,0,810,G
1-PB2,372,0,0,810,0,810,G
1-PB2,373,0,798,0,0,798,T
1-PB2,374,0,797,0,0,797,T
1-PB2,375,796,0,0,0,796,A
1-PB2,376,798,0,0,0,798,A
1-PB2,377,794,0,1,0,795,A
1-PB2,378,806,0,0,0,806,A
1-PB2,379,0,1,0,813,814,C
1-PB2,380,788,0,1,0,789,A
1-PB2,381,0,785,0,2,787,T
1-PB2,382,0,0,785,0,785,G
1-PB2,383,0,1,781,0,782,G
1-PB2,384,786,0,0,0,786,A
1-PB2,385,789,0,0,0,789,A
1-PB2,386,0,0,0,818,818,C
1-PB2,387,1,0,0,822,823,C
1-PB2,388,0,820,0,1,821,T
1-PB2,389,0,819,0,1,820,T
1-PB2,390,0,821,0,1,822,T
1-PB2,391,0,1,818,0,819,G
1-PB2,392,1,2,817,0,820,G
1-PB2,393,0,1,0,817,818,C
1-PB2,394,1,2,0,813,816,C
1-PB2,395,0,1,0,805,806,C
1-PB2,396,0,773,0,1,774,T
1-PB2,397,0,1,782,0,783,G
1-PB2,398,0,782,0,0,782,T
1-PB2,399,0,780,0,2,782,T
1-PB2,400,0,0,0,781,781,C
1-PB2,401,771,0,1,0,772,A
1-PB2,402,0,770,0,0,770,T
1-PB2,403,0,775,0,0,775,T
1-PB2,404,0,778,0,1,779,T
1-PB2,405,0,777,0,0,777,T
1-PB2,406,763,0,1,0,764,A
1-PB2,407,0,2,762,0,764,G
1-PB2,408,763,0,0,0,763,A
1-PB2,409,764,0,0,0,764,A
1-PB2,410,761,0,0,0,761,A
1-PB2,411,0,760,0,0,760,T
1-PB2,412,2,0,0,762,764,C
1-PB2,413,761,0,0,0,761,A
1-PB2,414,765,0,4,0,769,A
1-PB2,415,0,0,770,0,770,G
1-PB2,416,0,771,0,0,771,T
1-PB2,417,2,0,0,768,770,C
1-PB2,418,774,0,2,0,776,A
1-PB2,419,774,0,2,0,776,A
1-PB2,420,0,3,772,0,775,G
1-PB2,421,784,0,1,0,785,A
1-PB2,422,0,785,0,0,785,T
1-PB2,423,789,0,1,0,790,A
1-PB2,424,0,1,0,786,787,C
1-PB2,425,0,0,789,0,789,G
1-PB2,426,1,0,0,800,801,C
1-PB2,427,794,0,0,0,794,A
1-PB2,428,0,0,800,0,800,G
1-PB2,429,793,1,0,0,794,A
1-PB2,430,804,0,0,0,804,A
1-PB2,431,0,1,825,0,826,G
1-PB2,432,806,0,0,0,806,A
1-PB2,433,0,0,816,0,816,G
1-PB2,434,0,813,0,0,813,T
1-PB2,435,806,0,0,0,806,A
1-PB2,436,0,2,815,0,817,G
1-PB2,437,818,0,0,0,818,A
1-PB2,438,0,0,0,863,863,C
1-PB2,439,846,0,1,0,847,A
1-PB2,440,0,839,0,0,839,T
1-PB2,441,835,0,0,0,835,A
1-PB2,442,831,0,0,0,831,A
1-PB2,443,846,0,0,0,846,A
1-PB2,444,0,0,0,856,856,C
1-PB2,445,2,0,0,840,842,C
1-PB2,446,2,0,0,835,837,C
1-PB2,447,1,794,0,1,796,T
1-PB2,448,0,0,807,0,807,G
1-PB2,449,0,0,811,0,811,G
1-PB2,450,0,814,0,1,815,T
1-PB2,451,6,0,0,804,810,C
1-PB2,452,822,1,0,0,823,A
1-PB2,453,0,818,0,1,819,T
1-PB2,454,0,0,831,1,832,G
1-PB2,455,0,1,0,832,833,C
1-PB2,456,826,0,1,0,827,A
1-PB2,457,0,4,828,0,832,G
1-PB2,458,808,0,0,0,808,A
1-PB2,459,1,0,0,817,818,C
1-PB2,460,0,0,0,815,815,C
1-PB2,461,1,795,0,1,797,T
1-PB2,462,0,0,0,802,802,C
1-PB2,463,792,0,0,0,792,A
1-PB2,464,0,0,811,0,811,G
1-PB2,465,0,809,0,0,809,T
1-PB2,466,0,0,818,0,818,G
1-PB2,467,0,0,0,813,813,C
1-PB2,468,2,0,0,802,804,C
1-PB2,469,807,0,0,0,807,A
1-PB2,470,807,0,0,0,807,A
1-PB2,471,802,0,1,0,803,A
1-PB2,472,0,1,810,0,811,G
1-PB2,473,794,0,1,0,795,A
1-PB2,474,0,0,799,0,799,G
1-PB2,475,0,0,800,0,800,G
1-PB2,476,1,0,0,799,800,C
1-PB2,477,802,0,0,0,802,A
1-PB2,478,0,0,0,802,802,C
1-PB2,479,801,0,0,0,801,A
1-PB2,480,813,0,0,0,813,A
1-PB2,481,0,0,823,0,823,G
1-PB2,482,831,0,3,1,835,A
1-PB2,483,0,833,0,0,833,T
1-PB2,484,0,0,829,0,829,G
1-PB2,485,0,826,0,0,826,T
1-PB2,486,831,0,0,1,832,A
1-PB2,487,833,0,0,0,833,A
1-PB2,488,0,836,0,0,836,T
1-PB2,489,0,803,0,1,804,T
1-PB2,490,807,1,1,0,809,A
1-PB2,491,0,783,1,0,784,T
1-PB2,492,0,2,784,0,786,G
1-PB2,493,0,0,788,0,788,G
1-PB2,494,783,0,0,0,783,A
1-PB2,495,777,0,0,0,777,A
1-PB2,496,0,1,776,0,777,G
1-PB2,497,0,776,0,1,777,T
1-PB2,498,0,775,0,0,775,T
1-PB2,499,0,0,782,0,782,G
1-PB2,500,0,774,0,0,774,T
1-PB2,501,0,776,0,0,776,T
1-PB2,502,1,774,0,0,775,T
1-PB2,503,0,773,0,0,773,T
1-PB2,504,0,770,0,2,772,T
1-PB2,505,1,0,0,773,774,C
1-PB2,506,2,0,0,773,775,C
1-PB2,507,2,11,0,762,775,C
1-PB2,508,779,0,0,0,779,A
1-PB2,509,781,0,1,0,782,A
1-PB2,510,0,781,0,0,781,T
1-PB2,511,1,5,779,0,785,G
1-PB2,512,786,1,0,0,787,A
1-PB2,513,781,0,2,0,783,A
1-PB2,514,0,1,790,0,791,G
1-PB2,515,0,783,0,0,783,T
1-PB2,516,0,3,781,0,784,G
1-PB2,517,2,2,778,0,782,G
1-PB2,518,0,1,780,0,781,G
1-PB2,519,784,0,1,0,785,A
1-PB2,520,0,0,784,0,784,G
1-PB2,521,0,0,0,787,787,C
1-PB2,522,0,0,0,785,785,C
1-PB2,523,782,0,2,0,784,A
1-PB2,524,0,2,807,0,809,G
1-PB2,525,0,3,809,0,812,G
1-PB2,526,821,0,0,1,822,A
1-PB2,527,0,820,0,0,820,T
1-PB2,528,823,1,0,0,824,A
1-PB2,529,1,1,0,823,825,C
1-PB2,530,0,820,0,2,822,T
1-PB2,531,819,0,1,0,820,A
1-PB2,532,818,0,1,0,819,A
1-PB2,533,0,0,0,829,829,C
1-PB2,534,817,0,0,0,817,A
1-PB2,535,0,812,0,0,812,T
1-PB2,536,0,0,0,812,812,C
1-PB2,537,798,1,7,0,806,A
1-PB2,538,0,1,812,0,813,G
1-PB2,539,812,0,2,0,814,A
1-PB2,540,813,0,0,0,813,A
1-PB2,541,0,809,0,0,809,T
1-PB2,542,1,0,0,800,801,C
1-PB2,543,798,0,0,0,798,A
1-PB2,544,1,0,0,806,807,C
1-PB2,545,807,0,0,0,807,A
1-PB2,546,819,0,0,0,819,A
1-PB2,547,0,816,0,0,816,T
1-PB2,548,1,815,0,0,816,T
1-PB2,549,818,0,2,1,821,A
1-PB2,550,822,0,0,0,822,A
1-PB2,551,0,0,0,823,823,C
1-PB2,552,818,0,0,0,818,A
1-PB2,553,809,0,0,0,809,A
1-PB2,554,0,818,0,1,819,T
1-PB2,555,818,0,0,0,818,A
1-PB2,556,819,0,1,0,820,A
1-PB2,557,0,1,0,821,822,C
1-PB2,558,0,818,0,0,818,T
1-PB2,559,819,0,0,0,819,A
1-PB2,560,816,0,0,0,816,A
1-PB2,561,813,0,0,0,813,A
1-PB2,562,0,2,815,0,817,G
1-PB2,563,799,0,0,0,799,A
1-PB2,564,0,0,801,0,801,G
1-PB2,565,795,0,2,0,797,A
1-PB2,566,800,0,0,0,800,A
1-PB2,567,794,0,2,0,796,A
1-PB2,568,798,0,1,0,799,A
1-PB2,569,799,0,0,0,799,A
1-PB2,570,801,0,0,0,801,A
1-PB2,571,0,1,801,0,802,G
1-PB2,572,798,0,1,0,799,A
1-PB2,573,793,0,1,0,794,A
1-PB2,574,0,1,802,0,803,G
1-PB2,575,799,0,1,0,800,A
1-PB2,576,801,0,1,0,802,A
1-PB2,577,0,0,0,808,808,C
1-PB2,578,0,797,0,0,797,T
1-PB2,579,1,0,0,803,804,C
1-PB2,580,0,0,0,804,804,C
1-PB2,581,0,0,800,0,800,G
1-PB2,582,802,0,0,0,802,A
1-PB2,583,0,1,802,0,803,G
1-PB2,584,801,0,0,0,801,A
1-PB2,585,0,799,0,0,799,T
1-PB2,586,0,787,0,1,788,T
1-PB2,587,0,1,789,0,790,G
1-PB2,588,0,0,0,790,790,C
1-PB2,589,791,1,0,0,792,A
1-PB2,590,792,0,1,0,793,A
1-PB2,591,789,0,0,0,789,A
1-PB2,592,798,0,0,0,798,A
1-PB2,593,0,794,0,0,794,T
1-PB2,594,0,792,0,0,792,T
1-PB2,595,0,791,0,1,792,T
1-PB2,596,1,0,0,789,790,C
1-PB2,597,0,790,0,0,790,T
1-PB2,598,4,1,0,849,854,C
1-PB2,599,2,0,0,847,849,C
1-PB2,600,1,0,0,951,952,C
1-PB2,601,3,943,0,1,947,T
1-PB2,602,0,947,0,1,948,T
1-PB2,603,1,2,954,0,957,G
1-PB2,604,961,0,1,0,962,A
1-PB2,605,0,977,0,1,978,T
1-PB2,606,0,0,999,0,999,G
1-PB2,607,0,1,1128,0,1129,G
1-PB2,608,0,1158,0,2,1160,T
1-PB2,609,0,1151,0,1,1152,T
1-PB2,610,0,0,1268,0,1268,G
1-PB2,611,0,0,0,1277,1277,C
1-PB2,612,1314,0,2,0,1316,A
1-PB2,613,0,1312,0,2,1314,T
1-PB2,614,1322,0,0,6,1328,A
1-PB2,615,1,0,0,1406,1407,C
1-PB2,616,1602,1,0,7,1610,A
1-PB2,617,0,1651,0,0,1651,T
1-PB2,618,0,0,1751,0,1751,G
1-PB2,619,0,1745,0,0,1745,T
1-PB2,620,0,1748,0,1,1749,T
1-PB2,621,1745,0,0,0,1745,A
1-PB2,622,1,2,1747,1,1751,G
1-PB2,623,1757,1,3,0,1761,A
1-PB2,624,0,4,1778,0,1782,G
1-PB2,625,1708,1,2,1,1712,A
1-PB2,626,0,4,1716,0,1720,G
1-PB2,627,1696,1,3,0,1700,A
1-PB2,628,1,2,1718,0,1721,G
1-PB2,629,1722,0,3,0,1725,A
1-PB2,630,1730,0,0,0,1730,A
1-PB2,631,1,0,0,1748,1749,C
1-PB2,632,0,1742,0,1,1743,T
1-PB2,633,0,1740,0,0,1740,T
1-PB2,634,0,0,1748,0,1748,G
1-PB2,635,0,1747,0,1,1748,T
1-PB2,636,1750,0,0,0,1750,A
1-PB2,637,1,3,0,1735,1739,C
1-PB2,638,1,2,1743,0,1746,G
1-PB2,639,1751,0,1,0,1752,A
1-PB2,640,1747,0,0,0,1747,A
1-PB2,641,1777,0,2,0,1779,A
1-PB2,642,1781,0,0,0,1781,A
1-PB2,643,1776,0,1,7,1784,A
1-PB2,644,0,0,0,1787,1787,C
1-PB2,645,1784,1,1,0,1786,A
1-PB2,646,1794,0,0,0,1794,A
1-PB2,647,2,3,1802,0,1807,G
1-PB2,648,1810,0,0,0,1810,A
1-PB2,649,0,1808,0,0,1808,T
1-PB2,650,0,1803,0,1,1804,T
1-PB2,651,0,1810,0,1,1811,T
1-PB2,652,3,4,0,1804,1811,C
1-PB2,653,1,1807,0,2,1810,T
1-PB2,654,1,0,0,1817,1818,C
1-PB2,655,6,1,0,1803,1810,C
1-PB2,656,5,1,0,1810,1816,C
1-PB2,657,1822,0,0,0,1822,A
1-PB2,658,0,1,1843,0,1844,G
1-PB2,659,1,1837,0,3,1841,T
1-PB2,660,1,1841,0,0,1842,T
1-PB2,661,0,0,1846,0,1846,G
1-PB2,662,2,0,0,1840,1842,C
1-PB2,663,0,1839,0,0,1839,T
1-PB2,664,0,1,1842,0,1843,G
1-PB2,665,0,0,1843,0,1843,G
1-PB2,666,0,3,1,1832,1836,C
1-PB2,667,1,5,1828,0,1834,G
1-PB2,668,1,1,1862,0,1864,G
1-PB2,669,1872,0,0,0,1872,A
1-PB2,670,1872,0,1,0,1873,A
1-PB2,671,1,0,0,1878,1879,C
1-PB2,672,1880,0,0,0,1880,A
1-PB2,673,1895,0,1,0,1896,A
1-PB2,674,0,1,1985,0,1986,G
1-PB2,675,0,1,0,2023,2024,C
1-PB2,676,2027,0,0,0,2027,A
1-PB2,677,0,0,2560,0,2560,G
1-PB2,678,0,2555,0,0,2555,T
1-PB2,679,2576,1,1,0,2578,A
1-PB2,680,1,2581,0,0,2582,T
1-PB2,681,2600,1,0,0,2601,A
1-PB2,682,0,2603,0,1,2604,T
1-PB2,683,2568,1,0,0,2569,A
1-PB2,684,1,1,1,2607,2610,C
1-PB2,685,2505,0,1,0,2506,A
1-PB2,686,0,2380,0,0,2380,T
1-PB2,687,0,2310,0,0,2310,T
1-PB2,688,0,4,2309,0,2313,G
1-PB2,689,2305,1,0,0,2306,A
1-PB2,690,2303,0,1,0,2304,A
1-PB2,691,0,2,2331,0,2333,G
1-PB2,692,0,2324,0,2,2326,T
1-PB2,693,0,2309,1,0,2310,T
1-PB2,694,0,2304,1,2,2307,T
1-PB2,695,0,2314,0,2,2316,T
1-PB2,696,2329,1,0,0,2330,A
1-PB2,697,1,0,0,2347,2348,C
1-PB2,698,2358,0,0,0,2358,A
1-PB2,699,1,2343,0,0,2344,T
1-PB2,700,0,2327,0,1,2328,T
1-PB2,701,0,2336,0,0,2336,T
1-PB2,702,0,10,2360,0,2370,G
1-PB2,703,2372,0,1,0,2373,A
1-PB2,704,0,1,1,2387,2389,C
1-PB2,705,0,2372,0,1,2373,T
1-PB2,706,1,2,0,2370,2373,C
1-PB2,707,2372,1,0,0,2373,A
1-PB2,708,3,7,2344,0,2354,G
1-PB2,709,0,3,2396,0,2399,G
1-PB2,710,2,7,2402,0,2411,G
1-PB2,711,2408,2,4,0,2414,A
1-PB2,712,2413,0,1,0,2414,A
1-PB2,713,1,0,1,2411,2413,C
1-PB2,714,1,0,2444,0,2445,G
1-PB2,715,0,2447,0,0,2447,T
1-PB2,716,0,1,2457,0,2458,G
1-PB2,717,0,2439,0,0,2439,T
1-PB2,718,0,2441,0,0,2441,T
1-PB2,719,2,4,2447,0,2453,G
1-PB2,720,1,3,2452,0,2456,G
1-PB2,721,3,3,2480,0,2486,G
1-PB2,722,2466,0,3,1,2470,A
1-PB2,723,2461,0,1,0,2462,A
1-PB2,724,2,0,0,2521,2523,C
1-PB2,725,2515,0,2,1,2518,A
1-PB2,726,2591,0,0,0,2591,A
1-PB2,727,2594,0,0,0,2594,A
1-PB2,728,1,2611,0,0,2612,T
1-PB2,729,0,2,2651,1,2654,G
1-PB2,730,1,2634,0,1,2636,T
1-PB2,731,2630,0,3,0,2633,A
1-PB2,732,3,1,0,2640,2644,C
1-PB2,733,2600,0,1,0,2601,A
1-PB2,734,0,0,0,2605,2605,C
1-PB2,735,1,2519,0,2,2522,T
1-PB2,736,4,1,0,2751,2756,C
1-PB2,737,5,0,0,2758,2763,C
1-PB2,738,2805,0,1,0,2806,A
1-PB2,739,1,3,2827,0,2831,G
1-PB2,740,8,1,2891,0,2900,G
1-PB2,741,0,2888,0,0,2888,T
1-PB2,742,0,3,2890,0,2893,G
1-PB2,743,0,4,2824,0,2828,G
1-PB2,744,2793,0,4,1,2798,A
1-PB2,745,1,5,2823,0,2829,G
1-PB2,746,1,2,2822,0,2825,G
1-PB2,747,2794,1,0,0,2795,A
1-PB2,748,0,1,2817,0,2818,G
1-PB2,749,1,2764,0,2,2767,T
1-PB2,750,0,3,2780,0,2783,G
1-PB2,751,2781,1,1,0,2783,A
1-PB2,752,2,3,2782,0,2787,G
1-PB2,753,0,3,2797,0,2800,G
1-PB2,754,2768,0,0,0,2768,A
1-PB2,755,2778,0,1,0,2779,A
1-PB2,756,0,2791,0,2,2793,T
1-PB2,757,1,3,2778,0,2782,G
1-PB2,758,2775,0,3,0,2778,A
1-PB2,759,1,2,0,2763,2766,C
1-PB2,760,1,2,2755,0,2758,G
1-PB2,761,2787,0,0,0,2787,A
1-PB2,762,1,2773,0,1,2775,T
1-PB2,763,0,1,2801,0,2802,G
1-PB2,764,0,2792,1,1,2794,T
1-PB2,765,2,2765,0,1,2768,T
1-PB2,766,3,7,2778,0,2788,G
1-PB2,767,2785,2,4,0,2791,A
1-PB2,768,1,1,0,2780,2782,C
1-PB2,769,4,0,0,2775,2779,C
1-PB2,770,2742,1,1,0,2744,A
1-PB2,771,2752,0,1,0,2753,A
1-PB2,772,2753,1,1,0,2755,A
1-PB2,773,1,0,2811,0,2812,G
1-PB2,774,2,2,0,2818,2822,C
1-PB2,775,1,0,0,2811,2812,C
1-PB2,776,0,2838,0,1,2839,T
1-PB2,777,2844,0,0,0,2844,A
1-PB2,778,2848,0,2,0,2850,A
1-PB2,779,0,2856,0,0,2856,T
1-PB2,780,0,2841,0,0,2841,T
1-PB2,781,2820,0,0,0,2820,A
1-PB2,782,0,2758,0,0,2758,T
1-PB2,783,0,2756,0,0,2756,T
1-PB2,784,0,3,2740,0,2743,G
1-PB2,785,0,1,2,2724,2727,C
1-PB2,786,1,1,2734,0,2736,G
1-PB2,787,0,0,2795,0,2795,G
1-PB2,788,1,0,0,2789,2790,C
1-PB2,789,2,1,0,2812,2815,C
1-PB2,790,2818,0,1,0,2819,A
1-PB2,791,0,5,2846,0,2851,G
1-PB2,792,3,6,2872,0,2881,G
1-PB2,793,2877,1,2,0,2880,A
1-PB2,794,2888,0,4,1,2893,A
1-PB2,795,1,0,0,2909,2910,C
1-PB2,796,2873,0,1,0,2874,A
1-PB2,797,0,2927,1,0,2928,T
1-PB2,798,2968,0,0,0,2968,A
1-PB2,799,0,3,3016,0,3019,G
1-PB2,800,2,2977,0,0,2979,T
1-PB2,801,2970,0,0,0,2970,A
1-PB2,802,2958,1,2,0,2961,A
1-PB2,803,1,2,2972,0,2975,G
1-PB2,804,2960,1,1,0,2962,A
1-PB2,805,2906,1,1,1,2909,A
1-PB2,806,0,2,2904,0,2906,G
1-PB2,807,2829,0,3,0,2832,A
1-PB2,808,2,0,2828,0,2830,G
1-PB2,809,0,0,0,2840,2840,C
1-PB2,810,5,0,0,2830,2835,C
1-PB2,811,2,1,2840,0,2843,G
1-PB2,812,1,0,0,2872,2873,C
1-PB2,813,2875,0,1,1,2877,A
1-PB2,814,0,1,3087,0,3088,G
1-PB2,815,0,3082,0,3,3085,T
1-PB2,816,3092,1,0,0,3093,A
1-PB2,817,0,3079,1,0,3080,T
1-PB2,818,3,1,0,3080,3084,C
1-PB2,819,3079,0,4,0,3083,A
1-PB2,820,0,1,3091,0,3092,G
1-PB2,821,1,1,0,3085,3087,C
1-PB2,822,2963,0,0,0,2963,A
1-PB2,823,0,4,2907,0,2911,G
1-PB2,824,2934,0,1,0,2935,A
1-PB2,825,0,2924,0,0,2924,T
1-PB2,826,2,0,0,2937,2939,C
1-PB2,827,4,1,0,2938,2943,C
1-PB2,828,2953,0,3,0,2956,A
1-PB2,829,0,0,1,2962,2963,C
1-PB2,830,0,2955,0,1,2956,T
1-PB2,831,2954,1,1,0,2956,A
1-PB2,832,0,0,2950,0,2950,G
1-PB2,833,2,0,0,2934,2936,C
1-PB2,834,2925,0,0,0,2925,A
1-PB2,835,0,2931,0,3,2934,T
1-PB2,836,3,0,0,2978,2981,C
1-PB2,837,0,2961,1,1,2963,T
1-PB2,838,2,3016,0,1,3019,T
1-PB2,839,0,3027,0,0,3027,T
1-PB2,840,3028,0,0,0,3028,A
1-PB2,841,0,3030,0,2,3032,T
1-PB2,842,0,3029,0,0,3029,T
1-PB2,843,0,2,3028,0,3030,G
1-PB2,844,1,9,3023,0,3033,G
1-PB2,845,2956,1,2,0,2959,A
1-PB2,846,0,2,2970,0,2972,G
1-PB2,847,2954,0,5,0,2959,A
1-PB2,848,0,2946,0,2,2948,T
1-PB2,849,0,0,3023,1,3024,G
1-PB2,850,0,3007,0,4,3011,T
1-PB2,851,3,1,3006,0,3010,G
1-PB2,852,2,2969,0,1,2972,T
1-PB2,853,9,0,0,2977,2986,C
1-PB2,854,2994,1,4,0,2999,A
1-PB2,855,0,2,1,2998,3001,C
1-PB2,856,2946,1,2,0,2949,A
1-PB2,857,1,1,2966,0,2968,G
1-PB2,858,1,0,1,2897,2899,C
1-PB2,859,2892,0,2,0,2894,A
1-PB2,860,2,2,1,2881,2886,C
1-PB2,861,2878,0,3,0,2881,A
1-PB2,862,1,3,0,2895,2899,C
1-PB2,863,2888,0,1,1,2890,A
1-PB2,864,2892,2,2,0,2896,A
1-PB2,865,2897,0,2,0,2899,A
1-PB2,866,0,2855,0,3,2858,T
1-PB2,867,0,2848,0,0,2848,T
1-PB2,868,0,3,2831,0,2834,G
1-PB2,869,0,3,2833,0,2836,G
1-PB2,870,1,2,0,2831,2834,C
1-PB2,871,1,15,2790,0,2806,G
1-PB2,872,0,2,2867,0,2869,G
1-PB2,873,1,6,2882,0,2889,G
1-PB2,874,2888,1,1,0,2890,A
1-PB2,875,1,0,0,2891,2892,C
1-PB2,876,2900,0,1,0,2901,A
1-PB2,877,2898,0,2,0,2900,A
1-PB2,878,11,8,2898,0,2917,G
1-PB2,879,3,2,2921,0,2926,G
1-PB2,880,2933,1,3,0,2937,A
1-PB2,881,0,2812,2,1,2815,T
1-PB2,882,2,4,2768,0,2774,G
1-PB2,883,1,0,2797,0,2798,G
1-PB2,884,0,2777,0,1,2778,T
1-PB2,885,1,1,2768,0,2770,G
1-PB2,886,0,3,2764,0,2767,G
1-PB2,887,2741,0,4,0,2745,A
1-PB2,888,1,0,0,2741,2742,C
1-PB2,889,2700,0,1,0,2701,A
1-PB2,890,1,3077,0,1,3079,T
1-PB2,891,1,3059,1,0,3061,T
1-PB2,892,3,0,0,3063,3066,C
1-PB2,893,0,3038,3,2,3043,T
1-PB2,894,0,3039,0,1,3040,T
1-PB2,895,3047,0,0,0,3047,A
1-PB2,896,0,3,3053,0,3056,G
1-PB2,897,3049,0,1,0,3050,A
1-PB2,898,1,0,0,3053,3054,C
1-PB2,899,2546,0,1,0,2547,A
1-PB2,900,0,2,2590,0,2592,G
1-PB2,901,2582,0,0,1,2583,A
1-PB2,902,2586,0,1,0,2587,A
1-PB2,903,2,1,1,2582,2586,C
1-PB2,904,2,0,0,2580,2582,C
1-PB2,905,4,0,1,2571,2576,C
1-PB2,906,1,5,2571,0,2577,G
1-PB2,907,2588,1,0,0,2589,A
1-PB2,908,2,0,0,2598,2600,C
1-PB2,909,0,2570,0,1,2571,T
1-PB2,910,0,3,2586,0,2589,G
1-PB2,911,2576,1,2,2,2581,A
1-PB2,912,2598,2,5,1,2606,A
1-PB2,913,0,6,2616,0,2622,G
1-PB2,914,2589,2,1,0,2592,A
1-PB2,915,2596,0,2,1,2599,A
1-PB2,916,0,0,0,2599,2599,C
1-PB2,917,2585,0,2,0,2587,A
1-PB2,918,2590,0,2,0,2592,A
1-PB2,919,6,0,2619,0,2625,G
1-PB2,920,1,0,0,2652,2653,C
1-PB2,921,0,2640,1,1,2642,T
1-PB2,922,0,0,2701,0,2701,G
1-PB2,923,0,2682,0,2,2684,T
1-PB2,924,0,3,2734,0,2737,G
1-PB2,925,1,1,2812,0,2814,G
1-PB2,926,2813,0,2,0,2815,A
1-PB2,927,0,2803,0,0,2803,T
1-PB2,928,2769,0,0,0,2769,A
1-PB2,929,0,2728,2,1,2731,T
1-PB2,930,2810,1,1,0,2812,A
1-PB2,931,0,2753,2,3,2758,T
1-PB2,932,0,2,2749,0,2751,G
1-PB2,933,0,0,0,2712,2712,C
1-PB2,934,2607,2,0,0,2609,A
1-PB2,935,2600,0,3,0,2603,A
1-PB2,936,0,2,2598,0,2600,G
1-PB2,937,0,3,2606,0,2609,G
1-PB2,938,1,0,0,2610,2611,C
1-PB2,939,1,2536,0,2,2539,T
1-PB2,940,2,0,2545,1,2548,G
1-PB2,941,0,0,0,2558,2558,C
1-PB2,942,2562,0,0,0,2562,A
1-PB2,943,2568,0,0,0,2568,A
1-PB2,944,0,2558,0,0,2558,T
1-PB2,945,0,13,2554,0,2567,G
1-PB2,946,0,10,2547,1,2558,G
1-PB2,947,0,0,2577,0,2577,G
1-PB2,948,2569,1,0,0,2570,A
1-PB2,949,1,2557,0,0,2558,T
1-PB2,950,0,2545,1,0,2546,T
1-PB2,951,2,3,2551,0,2556,G
1-PB2,952,2548,0,5,0,2553,A
1-PB2,953,0,1,2572,0,2573,G
1-PB2,954,2560,0,0,1,2561,A
1-PB2,955,2547,0,0,0,2547,A
1-PB2,956,0,2518,0,0,2518,T
1-PB2,957,4,1,0,2515,2520,C
1-PB2,958,2514,0,3,0,2517,A
1-PB2,959,1,1,2538,0,2540,G
1-PB2,960,2,0,1,2527,2530,C
1-PB2,961,1,2510,0,4,2515,T
1-PB2,962,5,0,1,2496,2502,C
1-PB2,963,2499,0,0,0,2499,A
1-PB2,964,1,2555,1,0,2557,T
1-PB2,965,5,0,0,2560,2565,C
1-PB2,966,3,0,0,2589,2592,C
1-PB2,967,0,2584,0,1,2585,T
1-PB2,968,0,2577,1,1,2579,T
1-PB2,969,4,0,0,2583,2587,C
1-PB2,970,2583,0,0,0,2583,A
1-PB2,971,1,1,2617,0,2619,G
1-PB2,972,0,1,0,2615,2616,C
1-PB2,973,0,2552,0,2,2554,T
1-PB2,974,0,2549,0,3,2552,T
1-PB2,975,0,2537,0,1,2538,T
1-PB2,976,0,3,2543,1,2547,G
1-PB2,977,1,1,2542,0,2544,G
1-PB2,978,0,2536,0,1,2537,T
1-PB2,979,0,10,2530,0,2540,G
1-PB2,980,0,4,2537,0,2541,G
1-PB2,981,0,0,2569,0,2569,G
1-PB2,982,0,2553,0,0,2553,T
1-PB2,983,0,2536,1,5,2542,T
1-PB2,984,0,2551,1,1,2553,T
1-PB2,985,2559,0,0,0,2559,A
1-PB2,986,1,1,0,2558,2560,C
1-PB2,987,2566,0,0,0,2566,A
1-PB2,988,0,2555,0,1,2556,T
1-PB2,989,0,2516,0,0,2516,T
1-PB2,990,0,2506,0,0,2506,T
1-PB2,991,2509,0,1,1,2511,A
1-PB2,992,2504,1,0,1,2506,A
1-PB2,993,2510,1,0,0,2511,A
1-PB2,994,2495,1,4,0,2500,A
1-PB2,995,1,0,2513,0,2514,G
1-PB2,996,2503,0,2,0,2505,A
1-PB2,997,2503,0,2,0,2505,A
1-PB2,998,1,0,0,2516,2517,C
1-PB2,999,2505,0,1,0,2506,A
1-PB2,1000,2500,0,2,3,2505,A
1-PB2,1001,0,0,2512,0,2512,G
1-PB2,1002,0,2,0,2506,2508,C
1-PB2,1003,2,10,2478,0,2490,G
1-PB2,1004,1,1,2508,1,2511,G
1-PB2,1005,1,0,2512,0,2513,G
1-PB2,1006,0,2500,0,2,2502,T
1-PB2,1007,6,0,0,2492,2498,C
1-PB2,1008,2504,0,2,2,2508,A
1-PB2,1009,0,2497,0,0,2497,T
1-PB2,1010,2,0,0,2499,2501,C
1-PB2,1011,2496,1,0,0,2497,A
1-PB2,1012,1,0,2529,0,2530,G
1-PB2,1013,1,2492,0,5,2498,T
1-PB2,1014,10,0,0,2486,2496,C
1-PB2,1015,2501,0,1,0,2502,A
1-PB2,1016,2502,0,1,1,2504,A
1-PB2,1017,2506,0,2,1,2509,A
1-PB2,1018,2497,2,0,0,2499,A
1-PB2,1019,2518,0,1,0,2519,A
1-PB2,1020,2516,0,3,0,2519,A
1-PB2,1021,1,4,2530,0,2535,G
1-PB2,1022,2512,0,0,1,2513,A
1-PB2,1023,2503,0,4,1,2508,A
1-PB2,1024,2,0,2504,0,2506,G
1-PB2,1025,2495,0,0,1,2496,A
1-PB2,1026,2452,0,2,0,2454,A
1-PB2,1027,0,1,2455,0,2456,G
1-PB2,1028,2439,0,3,1,2443,A
1-PB2,1029,8,3,2442,0,2453,G
1-PB2,1030,4,2,2489,0,2495,G
1-PB2,1031,0,2483,3,3,2489,T
1-PB2,1032,0,0,2553,0,2553,G
1-PB2,1033,0,0,0,2582,2582,C
1-PB2,1034,1,2570,0,6,2577,T
1-PB2,1035,0,2578,0,0,2578,T
1-PB2,1036,2574,0,1,0,2575,A
1-PB2,1037,0,0,0,2572,2572,C
1-PB2,1038,2550,0,2,0,2552,A
1-PB2,1039,0,2,2554,0,2556,G
1-PB2,1040,1,0,2548,0,2549,G
1-PB2,1041,1,1,0,2513,2515,C
1-PB2,1042,2480,1,0,0,2481,A
1-PB2,1043,2494,0,2,0,2496,A
1-PB2,1044,0,2547,0,0,2547,T
1-PB2,1045,1,0,0,2567,2568,C
1-PB2,1046,0,2551,0,3,2554,T
1-PB2,1047,5,0,0,2549,2554,C
1-PB2,1048,5,1,0,2542,2548,C
1-PB2,1049,2553,1,1,0,2555,A
1-PB2,1050,2555,0,0,1,2556,A
1-PB2,1051,2556,0,2,1,2559,A
1-PB2,1052,1,0,0,2568,2569,C
1-PB2,1053,2490,0,2,1,2493,A
1-PB2,1054,0,2464,0,1,2465,T
1-PB2,1055,0,2453,1,0,2454,T
1-PB2,1056,1,0,2483,0,2484,G
1-PB2,1057,2475,1,2,0,2478,A
1-PB2,1058,2507,0,2,1,2510,A
1-PB2,1059,2517,0,1,0,2518,A
1-PB2,1060,2510,0,0,0,2510,A
1-PB2,1061,0,2520,0,0,2520,T
1-PB2,1062,2516,0,2,0,2518,A
1-PB2,1063,2522,0,0,0,2522,A
1-PB2,1064,1,2,2557,0,2560,G
1-PB2,1065,2515,1,3,0,2519,A
1-PB2,1066,3,0,2601,0,2604,G
1-PB2,1067,1,2559,0,2,2562,T
1-PB2,1068,2589,0,0,0,2589,A
1-PB2,1069,0,1,0,2637,2638,C
1-PB2,1070,2622,0,3,0,2625,A
1-PB2,1071,1,2623,0,0,2624,T
1-PB2,1072,1,3,2623,0,2627,G
1-PB2,1073,2581,0,3,0,2584,A
1-PB2,1074,4,6,2602,0,2612,G
1-PB2,1075,0,5,2595,0,2600,G
1-PB2,1076,0,6,2755,0,2761,G
1-PB2,1077,1,1,2783,0,2785,G
1-PB2,1078,0,2727,0,0,2727,T
1-PB2,1079,2736,0,4,0,2740,A
1-PB2,1080,0,2720,0,2,2722,T
1-PB2,1081,1,4,2733,0,2738,G
1-PB2,1082,2721,1,8,0,2730,A
1-PB2,1083,0,0,2710,0,2710,G
1-PB2,1084,1,0,2675,0,2676,G
1-PB2,1085,2495,0,2,0,2497,A
1-PB2,1086,1,1,2566,0,2568,G
1-PB2,1087,0,2546,0,2,2548,T
1-PB2,1088,0,2636,0,2,2638,T
1-PB2,1089,5,0,1,2648,2654,C
1-PB2,1090,2644,1,5,0,2650,A
1-PB2,1091,2,0,0,2657,2659,C
1-PB2,1092,2635,0,1,0,2636,A
1-PB2,1093,2651,0,4,0,2655,A
1-PB2,1094,0,2647,0,1,2648,T
1-PB2,1095,0,6,2566,0,2572,G
1-PB2,1096,0,0,2596,0,2596,G
1-PB2,1097,1,2519,0,2,2522,T
1-PB2,1098,2,4,2516,0,2522,G
1-PB2,1099,0,5,2513,1,2519,G
1-PB2,1100,1,4,2515,0,2520,G
1-PB2,1101,1,3,2525,0,2529,G
1-PB2,1102,2516,0,0,0,2516,A
1-PB2,1103,2515,1,0,1,2517,A
1-PB2,1104,2507,0,0,0,2507,A
1-PB2,1105,2454,0,6,1,2461,A
1-PB2,1106,0,6,2489,0,2495,G
1-PB2,1107,2470,0,9,0,2479,A
1-PB2,1108,1,2,2483,1,2487,G
1-PB2,1109,1,7,0,2468,2476,C
1-PB2,1110,2460,1,2,0,2463,A
1-PB2,1111,2459,1,2,0,2462,A
1-PB2,1112,2,0,0,2549,2551,C
1-PB2,1113,2544,0,0,0,2544,A
1-PB2,1114,0,0,2604,0,2604,G
1-PB2,1115,1,0,0,2579,2580,C
1-PB2,1116,0,2571,0,0,2571,T
1-PB2,1117,2651,0,0,0,2651,A
1-PB2,1118,0,2649,0,1,2650,T
1-PB2,1119,2658,0,4,0,2662,A
1-PB2,1120,1,1,0,2663,2665,C
1-PB2,1121,0,2499,0,1,2500,T
1-PB2,1122,2510,0,1,0,2511,A
1-PB2,1123,2462,0,1,0,2463,A
1-PB2,1124,0,7,2461,0,2468,G
1-PB2,1125,2464,0,0,0,2464,A
1-PB2,1126,2389,0,1,0,2390,A
1-PB2,1127,2385,2,3,1,2391,A
1-PB2,1128,2372,0,4,0,2376,A
1-PB2,1129,0,0,2396,0,2396,G
1-PB2,1130,0,1,0,2389,2390,C
1-PB2,1131,2385,0,1,0,2386,A
1-PB2,1132,2387,2,0,0,2389,A
1-PB2,1133,2,3,2,2379,2386,C
1-PB2,1134,2,1,0,2391,2394,C
1-PB2,1135,2399,1,0,0,2400,A
1-PB2,1136,0,5,2403,1,2409,G
1-PB2,1137,2400,0,2,1,2403,A
1-PB2,1138,2393,2,3,0,2398,A
1-PB2,1139,1,5,2435,0,2441,G
1-PB2,1140,2433,0,0,0,2433,A
1-PB2,1141,0,2429,0,2,2431,T
1-PB2,1142,0,2414,0,0,2414,T
1-PB2,1143,0,4,2409,0,2413,G
1-PB2,1144,0,0,2463,0,2463,G
1-PB2,1145,0,2450,0,0,2450,T
1-PB2,1146,0,2441,0,4,2445,T
1-PB2,1147,8,0,0,2442,2450,C
1-PB2,1148,2493,0,0,0,2493,A
1-PB2,1149,0,0,2621,0,2621,G
1-PB2,1150,0,0,0,2632,2632,C
1-PB2,1151,1,2628,0,1,2630,T
1-PB2,1152,6,1,0,2634,2641,C
1-PB2,1153,2607,0,1,0,2608,A
1-PB2,1154,0,2622,0,3,2625,T
1-PB2,1155,2622,1,1,0,2624,A
1-PB2,1156,0,0,2644,1,2645,G
1-PB2,1157,0,2529,0,0,2529,T
1-PB2,1158,0,8,2510,1,2519,G
1-PB2,1159,2448,0,1,0,2449,A
1-PB2,1160,1,0,2468,0,2469,G
1-PB2,1161,0,2447,0,1,2448,T
1-PB2,1162,4,2,2445,0,2451,G
1-PB2,1163,0,2,2464,0,2466,G
1-PB2,1164,2465,1,1,0,2467,A
1-PB2,1165,2444,0,6,1,2451,A
1-PB2,1166,0,5,2455,0,2460,G
1-PB2,1167,2408,0,1,0,2409,A
1-PB2,1168,1,1,2426,1,2429,G
1-PB2,1169,2403,0,1,0,2404,A
1-PB2,1170,0,1,0,2406,2407,C
1-PB2,1171,1,3,2413,0,2417,G
1-PB2,1172,2394,1,0,0,2395,A
1-PB2,1173,2409,0,1,0,2410,A
1-PB2,1174,1,0,0,2414,2415,C
1-PB2,1175,2400,0,2,0,2402,A
1-PB2,1176,0,3,2526,0,2529,G
1-PB2,1177,0,2524,0,1,2525,T
1-PB2,1178,2,0,1,2529,2532,C
1-PB2,1179,2528,0,4,0,2532,A
1-PB2,1180,2523,0,2,0,2525,A
1-PB2,1181,0,2522,0,1,2523,T
1-PB2,1182,2520,0,0,1,2521,A
1-PB2,1183,0,1,2512,0,2513,G
1-PB2,1184,1,0,0,2508,2509,C
1-PB2,1185,1,2,0,2414,2417,C
1-PB2,1186,1,3,2408,0,2412,G
1-PB2,1187,2416,0,0,1,2417,A
1-PB2,1188,2419,0,1,0,2420,A
1-PB2,1189,2,1,2438,0,2441,G
1-PB2,1190,0,1,1,2479,2481,C
1-PB2,1191,2482,1,0,0,2483,A
1-PB2,1192,2479,0,0,0,2479,A
1-PB2,1193,1,2479,0,1,2481,T
1-PB2,1194,2483,1,2,0,2486,A
1-PB2,1195,2511,0,0,0,2511,A
1-PB2,1196,0,2506,0,0,2506,T
1-PB2,1197,2,0,0,2493,2495,C
1-PB2,1198,0,1,2484,0,2485,G
1-PB2,1199,1,2421,0,1,2423,T
1-PB2,1200,1,3,2405,0,2409,G
1-PB2,1201,0,0,2446,1,2447,G
1-PB2,1202,2,3,0,2436,2441,C
1-PB2,1203,3,1,0,2431,2435,C
1-PB2,1204,2414,0,1,0,2415,A
1-PB2,1205,1,2415,0,2,2418,T
1-PB2,1206,1,5,2417,0,2423,G
1-PB2,1207,0,2,2457,0,2459,G
1-PB2,1208,0,2445,0,0,2445,T
1-PB2,1209,1,2,2463,0,2466,G
1-PB2,1210,0,2393,1,2,2396,T
1-PB2,1211,0,2390,0,2,2392,T
1-PB2,1212,0,2404,0,3,2407,T
1-PB2,1213,2,2408,0,0,2410,T
1-PB2,1214,6,1,0,2423,2430,C
1-PB2,1215,2423,0,0,0,2423,A
1-PB2,1216,1,1,0,2485,2487,C
1-PB2,1217,2439,0,0,0,2439,A
1-PB2,1218,2443,0,0,0,2443,A
1-PB2,1219,0,3,2450,0,2453,G
1-PB2,1220,2414,0,1,0,2415,A
1-PB2,1221,81,5,2362,0,2448,G
1-PB2,1222,0,0,2453,0,2453,G
1-PB2,1223,2445,1,1,0,2447,A
1-PB2,1224,0,2450,0,1,2451,T
1-PB2,1225,0,2381,0,0,2381,T
1-PB2,1226,0,0,2376,0,2376,G
1-PB2,1227,0,1,0,2317,2318,C
1-PB2,1228,2333,0,5,0,2338,A
1-PB2,1229,0,2351,0,1,2352,T
1-PB2,1230,0,2,2449,0,2451,G
1-PB2,1231,2463,1,1,0,2465,A
1-PB2,1232,0,2477,0,1,2478,T
1-PB2,1233,2462,0,3,0,2465,A
1-PB2,1234,2460,1,0,0,2461,A
1-PB2,1235,2450,2,1,0,2453,A
1-PB2,1236,2455,1,6,0,2462,A
1-PB2,1237,0,0,2458,0,2458,G
1-PB2,1238,0,1,0,2507,2508,C
1-PB2,1239,2541,0,0,0,2541,A
1-PB2,1240,0,1,2630,0,2631,G
1-PB2,1241,0,2625,1,0,2626,T
1-PB2,1242,0,2622,1,2,2625,T
1-PB2,1243,2622,0,0,0,2622,A
1-PB2,1244,0,5,2637,0,2642,G
1-PB2,1245,2619,3,3,0,2625,A
1-PB2,1246,0,3,2629,0,2632,G
1-PB2,1247,0,1,2616,0,2617,G
1-PB2,1248,1,2515,0,1,2517,T
1-PB2,1249,0,9,2503,0,2512,G
1-PB2,1250,2527,0,3,1,2531,A
1-PB2,1251,2,2,0,2537,2541,C
1-PB2,1252,2,1,0,2538,2541,C
1-PB2,1253,0,2532,0,2,2534,T
1-PB2,1254,2,2,2543,0,2547,G
1-PB2,1255,2542,0,0,0,2542,A
1-PB2,1256,2541,0,0,0,2541,A
1-PB2,1257,0,2543,0,1,2544,T
1-PB2,1258,0,2578,0,5,2583,T
1-PB2,1259,0,2593,0,1,2594,T
1-PB2,1260,4,1,0,2585,2590,C
1-PB2,1261,0,0,2586,0,2586,G
1-PB2,1262,0,2589,0,0,2589,T
1-PB2,1263,3,1,0,2584,2588,C
1-PB2,1264,2584,1,1,0,2586,A
1-PB2,1265,2585,0,1,0,2586,A
1-PB2,1266,0,0,0,2584,2584,C
1-PB2,1267,2552,0,0,0,2552,A
1-PB2,1268,0,3,2600,1,2604,G
1-PB2,1269,2587,0,2,1,2590,A
1-PB2,1270,0,0,2598,0,2598,G
1-PB2,1271,0,0,0,2601,2601,C
1-PB2,1272,2596,0,2,1,2599,A
1-PB2,1273,2627,0,0,0,2627,A
1-PB2,1274,2629,1,0,0,2630,A
1-PB2,1275,0,2619,0,0,2619,T
1-PB2,1276,2,0,1,2624,2627,C
1-PB2,1277,2607,0,3,1,2611,A
1-PB2,1278,8,0,2603,0,2611,G
1-PB2,1279,0,1,0,2613,2614,C
1-PB2,1280,3,4,2606,1,2614,G
1-PB2,1281,0,0,2751,1,2752,G
1-PB2,1282,0,2726,0,1,2727,T
1-PB2,1283,0,2721,0,1,2722,T
1-PB2,1284,0,5,2720,1,2726,G
1-PB2,1285,2728,0,5,0,2733,A
1-PB2,1286,2750,0,3,0,2753,A
1-PB2,1287,1,2,0,2757,2760,C
1-PB2,1288,7,0,0,2740,2747,C
1-PB2,1289,7,0,0,2766,2773,C
1-PB2,1290,13,3,1,2632,2649,C
1-PB2,1291,2656,0,2,1,2659,A
1-PB2,1292,0,2665,0,5,2670,T
1-PB2,1293,0,0,2672,0,2672,G
1-PB2,1294,0,2,0,2680,2682,C
1-PB2,1295,2670,0,2,0,2672,A
1-PB2,1296,0,2652,0,1,2653,T
1-PB2,1297,2,0,1,2639,2642,C
1-PB2,1298,2634,1,0,0,2635,A
1-PB2,1299,1,0,2674,0,2675,G
1-PB2,1300,2,1,0,2682,2685,C
1-PB2,1301,0,2679,1,5,2685,T
1-PB2,1302,0,2683,0,2,2685,T
1-PB2,1303,1,2669,0,1,2671,T
1-PB2,1304,1,2676,0,0,2677,T
1-PB2,1305,2682,0,0,0,2682,A
1-PB2,1306,2679,0,0,0,2679,A
1-PB2,1307,2,2,2674,0,2678,G
1-PB2,1308,0,0,2656,0,2656,G
1-PB2,1309,2,1,0,2632,2635,C
1-PB2,1310,2627,0,0,0,2627,A
1-PB2,1311,0,2620,0,1,2621,T
1-PB2,1312,0,2631,1,2,2634,T
1-PB2,1313,0,2642,0,0,2642,T
1-PB2,1314,0,2649,0,1,2650,T
1-PB2,1315,5,0,0,2644,2649,C
1-PB2,1316,2639,1,6,0,2646,A
1-PB2,1317,2,1,2649,0,2652,G
1-PB2,1318,2642,0,3,0,2645,A
1-PB2,1319,2641,0,1,0,2642,A
1-PB2,1320,2624,1,6,0,2631,A
1-PB2,1321,0,0,2641,1,2642,G
1-PB2,1322,2663,0,2,0,2665,A
1-PB2,1323,0,2659,0,0,2659,T
1-PB2,1324,0,1,2656,0,2657,G
1-PB2,1325,0,3,0,2654,2657,C
1-PB2,1326,1,5,2656,0,2662,G
1-PB2,1327,2661,1,0,0,2662,A
1-PB2,1328,2657,0,0,0,2657,A
1-PB2,1329,2650,5,2,0,2657,A
1-PB2,1330,0,2,2652,0,2654,G
1-PB2,1331,0,2640,1,0,2641,T
1-PB2,1332,0,1,2639,0,2640,G
1-PB2,1333,2,1,0,2632,2635,C
1-PB2,1334,0,2637,0,0,2637,T
1-PB2,1335,0,2638,1,0,2639,T
1-PB2,1336,0,2643,1,0,2644,T
1-PB2,1337,0,2641,0,0,2641,T
1-PB2,1338,0,2633,0,2,2635,T
1-PB2,1339,2,2,0,2639,2643,C
1-PB2,1340,2647,0,3,0,2650,A
1-PB2,1341,2652,0,1,0,2653,A
1-PB2,1342,2658,1,0,0,2659,A
1-PB2,1343,2651,0,1,1,2653,A
1-PB2,1344,2,2654,0,2,2658,T
1-PB2,1345,1,2654,0,0,2655,T
1-PB2,1346,1,4,2644,0,2649,G
1-PB2,1347,2,6,2645,0,2653,G
1-PB2,1348,0,1,2650,0,2651,G
1-PB2,1349,0,3,2663,0,2666,G
1-PB2,1350,2644,1,8,0,2653,A
1-PB2,1351,0,0,2675,0,2675,G
1-PB2,1352,1,2666,0,5,2672,T
1-PB2,1353,0,2664,0,0,2664,T
1-PB2,1354,0,4,2677,1,2682,G
1-PB2,1355,2676,2,1,0,2679,A
1-PB2,1356,2676,0,5,0,2681,A
1-PB2,1357,0,0,0,2674,2674,C
1-PB2,1358,2648,0,1,1,2650,A
1-PB2,1359,2636,0,3,1,2640,A
1-PB2,1360,2696,1,0,0,2697,A
1-PB2,1361,2,2685,0,0,2687,T
1-PB2,1362,7,2,0,2688,2697,C
1-PB2,1363,1,4,2684,1,2690,G
1-PB2,1364,2691,1,3,0,2695,A
1-PB2,1365,1,0,0,2691,2692,C
1-PB2,1366,2660,1,1,0,2662,A
1-PB2,1367,0,1,2751,0,2752,G
1-PB2,1368,1,2722,0,2,2725,T
1-PB2,1369,1,2,2789,0,2792,G
1-PB2,1370,0,2773,0,3,2776,T
1-PB2,1371,4,3,2763,0,2770,G
1-PB2,1372,2779,0,1,0,2780,A
1-PB2,1373,0,2767,0,2,2769,T
1-PB2,1374,2,5,2769,0,2776,G
1-PB2,1375,0,3,2770,0,2773,G
1-PB2,1376,0,5,2706,1,2712,G
1-PB2,1377,2688,0,0,0,2688,A
1-PB2,1378,2639,0,6,0,2645,A
1-PB2,1379,0,2641,0,1,2642,T
1-PB2,1380,0,6,2666,0,2672,G
1-PB2,1381,2682,0,1,0,2683,A
1-PB2,1382,1,2673,1,2,2677,T
1-PB2,1383,0,2674,0,1,2675,T
1-PB2,1384,0,1,2658,0,2659,G
1-PB2,1385,0,8,2702,0,2710,G
1-PB2,1386,2693,0,6,1,2700,A
1-PB2,1387,0,0,2724,0,2724,G
1-PB2,1388,1,2693,0,0,2694,T
1-PB2,1389,2671,0,0,0,2671,A
1-PB2,1390,1,2678,0,2,2681,T
1-PB2,1391,0,2702,0,2,2704,T
1-PB2,1392,2729,0,1,0,2730,A
1-PB2,1393,2,0,0,2740,2742,C
1-PB2,1394,4,0,0,2694,2698,C
1-PB2,1395,2680,0,4,0,2684,A
1-PB2,1396,1,0,2701,1,2703,G
1-PB2,1397,2748,0,1,0,2749,A
1-PB2,1398,0,2730,0,0,2730,T
1-PB2,1399,2700,1,0,0,2701,A
1-PB2,1400,2,2666,2,2,2672,T
1-PB2,1401,0,5,2653,0,2658,G
1-PB2,1402,2670,1,1,0,2672,A
1-PB2,1403,2,4,1,2690,2697,C
1-PB2,1404,1,2664,0,6,2671,T
1-PB2,1405,4,1,1,2658,2664,C
1-PB2,1406,4,0,0,2632,2636,C
1-PB2,1407,2644,0,2,0,2646,A
1-PB2,1408,2647,0,3,0,2650,A
1-PB2,1409,1,0,2731,0,2732,G
1-PB2,1410,3,0,1,2711,2715,C
1-PB2,1411,2702,1,1,2,2706,A
1-PB2,1412,1,1,0,2714,2716,C
1-PB2,1413,2699,0,1,0,2700,A
1-PB2,1414,0,2,2700,0,2702,G
1-PB2,1415,2685,1,1,0,2687,A
1-PB2,1416,0,1,2705,0,2706,G
1-PB2,1417,2714,0,2,0,2716,A
1-PB2,1418,0,2632,0,2,2634,T
1-PB2,1419,1,0,2672,0,2673,G
1-PB2,1420,0,2666,0,3,2669,T
1-PB2,1421,4,2,0,2658,2664,C
1-PB2,1422,2667,1,1,0,2669,A
1-PB2,1423,2662,0,0,0,2662,A
1-PB2,1424,1,2651,0,0,2652,T
1-PB2,1425,1,6,2632,0,2639,G
1-PB2,1426,2601,0,0,0,2601,A
1-PB2,1427,0,5,2610,0,2615,G
1-PB2,1428,2549,0,1,0,2550,A
1-PB2,1429,0,2,2568,0,2570,G
1-PB2,1430,0,4,2680,0,2684,G
1-PB2,1431,2669,0,4,0,2673,A
1-PB2,1432,2680,0,1,0,2681,A
1-PB2,1433,0,2680,0,0,2680,T
1-PB2,1434,2679,1,0,0,2680,A
1-PB2,1435,2678,0,1,0,2679,A
1-PB2,1436,0,6,2662,1,2669,G
1-PB2,1437,2644,0,6,0,2650,A
1-PB2,1438,1,0,2659,0,2660,G
1-PB2,1439,2,2496,0,2,2500,T
1-PB2,1440,7,2,0,2502,2511,C
1-PB2,1441,2510,0,2,0,2512,A
1-PB2,1442,1,1,2526,1,2529,G
1-PB2,1443,1,0,0,2530,2531,C
1-PB2,1444,2532,0,0,0,2532,A
1-PB2,1445,2538,0,1,0,2539,A
1-PB2,1446,2527,0,1,0,2528,A
1-PB2,1447,2533,0,0,0,2533,A
1-PB2,1448,0,2530,0,1,2531,T
1-PB2,1449,0,7,2531,0,2538,G
1-PB2,1450,1,4,2537,0,2542,G
1-PB2,1451,1,0,2554,0,2555,G
1-PB2,1452,1,2516,0,0,2517,T
1-PB2,1453,1,0,2528,1,2530,G
1-PB2,1454,0,2512,0,5,2517,T
1-PB2,1455,1,3,2515,0,2519,G
1-PB2,1456,0,1,2563,0,2564,G
1-PB2,1457,2566,0,0,0,2566,A
1-PB2,1458,1,2553,0,1,2555,T
1-PB2,1459,1,3,2572,2,2578,G
1-PB2,1460,2567,0,1,0,2568,A
1-PB2,1461,2574,0,1,0,2575,A
1-PB2,1462,0,2567,0,0,2567,T
1-PB2,1463,2550,0,0,0,2550,A
1-PB2,1464,1,0,0,2726,2727,C
1-PB2,1465,3,2659,0,1,2663,T
1-PB2,1466,9,0,1,2681,2691,C
1-PB2,1467,5,0,0,2686,2691,C
1-PB2,1468,2668,1,0,0,2669,A
1-PB2,1469,1,2,2753,0,2756,G
1-PB2,1470,0,2734,0,0,2734,T
1-PB2,1471,2757,0,0,0,2757,A
1-PB2,1472,2,0,0,2751,2753,C
1-PB2,1473,2457,0,3,0,2460,A
1-PB2,1474,0,1,2470,0,2471,G
1-PB2,1475,2411,0,3,0,2414,A
1-PB2,1476,0,3,2414,0,2417,G
1-PB2,1477,2355,0,1,0,2356,A
1-PB2,1478,0,6,2264,0,2270,G
1-PB2,1479,2,3,2263,0,2268,G
1-PB2,1480,0,1,2259,0,2260,G
1-PB2,1481,2,2218,0,0,2220,T
1-PB2,1482,2,9,2213,0,2224,G
1-PB2,1483,0,1,2226,0,2227,G
1-PB2,1484,0,2216,0,0,2216,T
1-PB2,1485,1,2,2283,0,2286,G
1-PB2,1486,1,1,2278,0,2280,G
1-PB2,1487,1,2207,0,1,2209,T
1-PB2,1488,0,2208,1,0,2209,T
1-PB2,1489,2170,0,1,0,2171,A
1-PB2,1490,1,1,2185,0,2187,G
1-PB2,1491,0,0,1,2174,2175,C
1-PB2,1492,2163,0,0,0,2163,A
1-PB2,1493,0,2158,1,1,2160,T
1-PB2,1494,0,2032,0,0,2032,T
1-PB2,1495,1,6,2027,0,2034,G
1-PB2,1496,2029,0,0,0,2029,A
1-PB2,1497,0,2027,0,2,2029,T
1-PB2,1498,5,0,0,2023,2028,C
1-PB2,1499,1,4,2006,0,2011,G
1-PB2,1500,4,1,2045,0,2050,G
1-PB2,1501,0,2046,0,0,2046,T
1-PB2,1502,0,2045,1,0,2046,T
1-PB2,1503,0,2043,0,0,2043,T
1-PB2,1504,1,2039,0,1,2041,T
1-PB2,1505,0,2044,0,0,2044,T
1-PB2,1506,0,4,2040,0,2044,G
1-PB2,1507,2032,0,2,0,2034,A
1-PB2,1508,1,0,2044,0,2045,G
1-PB2,1509,1968,1,2,0,1971,A
1-PB2,1510,0,1,1983,0,1984,G
1-PB2,1511,1,1987,0,0,1988,T
1-PB2,1512,0,1981,1,2,1984,T
1-PB2,1513,5,1,0,1983,1989,C
1-PB2,1514,1,5,1983,0,1989,G
1-PB2,1515,1990,0,2,1,1993,A
1-PB2,1516,1,3,1986,0,1990,G
1-PB2,1517,1991,0,2,0,1993,A
1-PB2,1518,0,1,0,1983,1984,C
1-PB2,1519,2,0,0,1957,1959,C
1-PB2,1520,1929,0,0,0,1929,A
1-PB2,1521,1957,0,0,0,1957,A
1-PB2,1522,1,2,0,1961,1964,C
1-PB2,1523,0,0,1964,0,1964,G
1-PB2,1524,0,1946,0,1,1947,T
1-PB2,1525,0,3,1939,0,1942,G
1-PB2,1526,0,3,1944,0,1947,G
1-PB2,1527,0,1,1952,0,1953,G
1-PB2,1528,1925,0,3,1,1929,A
1-PB2,1529,1934,1,0,0,1935,A
1-PB2,1530,0,1865,0,1,1866,T
1-PB2,1531,1,1,1917,0,1919,G
1-PB2,1532,0,1910,0,1,1911,T
1-PB2,1533,1910,0,0,0,1910,A
1-PB2,1534,0,1912,0,2,1914,T
1-PB2,1535,0,1882,0,1,1883,T
1-PB2,1536,1893,0,0,0,1893,A
1-PB2,1537,0,1880,0,0,1880,T
1-PB2,1538,0,1865,0,0,1865,T
1-PB2,1539,1862,0,0,0,1862,A
1-PB2,1540,0,1663,0,2,1665,T
1-PB2,1541,0,3,0,1703,1706,C
1-PB2,1542,1,1683,0,1,1685,T
1-PB2,1543,4,2,0,1679,1685,C
1-PB2,1544,2,0,0,1682,1684,C
1-PB2,1545,0,1639,0,0,1639,T
1-PB2,1546,0,0,1642,0,1642,G
1-PB2,1547,1636,0,1,0,1637,A
1-PB2,1548,0,2,1636,0,1638,G
1-PB2,1549,0,1,1637,0,1638,G
1-PB2,1550,1383,0,2,0,1385,A
1-PB2,1551,0,1,1394,0,1395,G
1-PB2,1552,0,0,1374,0,1374,G
1-PB2,1553,0,1327,0,1,1328,T
1-PB2,1554,0,0,0,1330,1330,C
1-PB2,1555,1311,0,2,0,1313,A
1-PB2,1556,0,0,1325,0,1325,G
1-PB2,1557,2,1318,0,0,1320,T
1-PB2,1558,0,0,1321,0,1321,G
1-PB2,1559,1320,0,2,0,1322,A
1-PB2,1560,1268,0,0,0,1268,A
1-PB2,1561,1266,0,2,0,1268,A
1-PB2,1562,1,1,0,1265,1267,C
1-PB2,1563,1253,0,1,0,1254,A
1-PB2,1564,1,1,1,1251,1254,C
1-PB2,1565,1186,0,1,0,1187,A
1-PB2,1566,0,0,1187,0,1187,G
1-PB2,1567,0,1,1177,0,1178,G
1-PB2,1568,0,1,1184,0,1185,G
1-PB2,1569,1183,0,2,0,1185,A
1-PB2,1570,1166,0,0,0,1166,A
1-PB2,1571,0,0,0,1171,1171,C
1-PB2,1572,0,1152,1,1,1154,T
1-PB2,1573,0,2,1154,1,1157,G
1-PB2,1574,1140,0,2,0,1142,A
1-PB2,1575,0,1,1145,0,1146,G
1-PB2,1576,1113,0,0,0,1113,A
1-PB2,1577,0,2,1040,0,1042,G
1-PB2,1578,1041,0,1,0,1042,A
1-PB2,1579,1,0,0,1034,1035,C
1-PB2,1580,0,976,0,1,977,T
1-PB2,1581,1,0,988,0,989,G
1-PB2,1582,985,0,0,0,985,A
1-PB2,1583,0,0,0,981,981,C
1-PB2,1584,976,0,0,0,976,A
1-PB2,1585,974,1,1,0,976,A
1-PB2,1586,0,970,0,1,971,T
1-PB2,1587,963,0,1,0,964,A
1-PB2,1588,966,0,1,0,967,A
1-PB2,1589,0,0,0,966,966,C
1-PB2,1590,0,882,0,0,882,T
1-PB2,1591,1,870,0,0,871,T
1-PB2,1592,850,0,0,0,850,A
1-PB2,1593,0,850,0,0,850,T
1-PB2,1594,0,843,0,0,843,T
1-PB2,1595,1,0,2,837,840,C
1-PB2,1596,777,0,0,0,777,A
1-PB2,1597,0,776,0,1,777,T
1-PB2,1598,1,0,0,736,737,C
1-PB2,1599,0,0,737,0,737,G
1-PB2,1600,0,743,0,0,743,T
1-PB2,1601,2,0,0,731,733,C
1-PB2,1602,1,0,732,0,733,G
1-PB2,1603,732,0,1,0,733,A
1-PB2,1604,1,727,0,0,728,T
1-PB2,1605,0,0,726,0,726,G
1-PB2,1606,720,0,2,0,722,A
1-PB2,1607,0,719,0,1,720,T
1-PB2,1608,0,0,712,0,712,G
1-PB2,1609,0,660,0,0,660,T
1-PB2,1610,1,0,657,0,658,G
1-PB2,1611,0,1,650,0,651,G
1-PB2,1612,2,1,649,0,652,G
1-PB2,1613,630,0,0,0,630,A
1-PB2,1614,1,0,618,0,619,G
1-PB2,1615,556,0,0,1,557,A
1-PB2,1616,0,528,0,0,528,T
1-PB2,1617,0,508,0,1,509,T
1-PB2,1618,506,0,0,0,506,A
1-PB2,1619,505,0,0,0,505,A
1-PB2,1620,0,0,0,497,497,C
1-PB2,1621,0,0,441,0,441,G
1-PB2,1622,0,0,423,0,423,G
1-PB2,1623,0,333,0,0,333,T
1-PB2,1624,2,0,0,327,329,C
1-PB2,1625,1,1,0,327,329,C
1-PB2,1626,1,299,0,0,300,T
1-PB2,1627,0,0,302,0,302,G
1-PB2,1628,300,1,0,0,301,A
1-PB2,1629,0,1,300,0,301,G
1-PB2,1630,0,300,0,0,300,T
1-PB2,1631,1,0,0,288,289,C
1-PB2,1632,0,1,288,0,289,G
1-PB2,1633,0,2,291,0,293,G
1-PB2,1634,0,291,0,0,291,T
1-PB2,1635,0,290,0,0,290,T
1-PB2,1636,0,292,0,0,292,T
1-PB2,1637,0,292,0,0,292,T
1-PB2,1638,0,0,299,0,299,G
1-PB2,1639,0,0,304,0,304,G
1-PB2,1640,0,303,0,0,303,T
1-PB2,1641,1,0,0,304,305,C
1-PB2,1642,295,0,0,0,295,A
1-PB2,1643,308,0,0,0,308,A
1-PB2,1644,0,310,0,0,310,T
1-PB2,1645,313,0,0,0,313,A
1-PB2,1646,0,0,0,318,318,C
1-PB2,1647,0,0,0,298,298,C
1-PB2,1648,0,299,0,0,299,T
1-PB2,1649,300,0,0,0,300,A
1-PB2,1650,0,302,0,0,302,T
1-PB2,1651,0,0,0,303,303,C
1-PB2,1652,292,0,0,0,292,A
1-PB2,1653,290,0,0,1,291,A
1-PB2,1654,0,289,0,0,289,T
1-PB2,1655,0,0,281,0,281,G
1-PB2,1656,0,1,278,1,280,G
1-PB2,1657,276,0,0,1,277,A
1-PB2,1658,0,274,0,0,274,T
1-PB2,1659,1,0,0,273,274,C
1-PB2,1660,274,0,0,0,274,A
1-PB2,1661,0,274,0,0,274,T
1-PB2,1662,0,0,0,274,274,C
1-PB2,1663,275,0,0,0,275,A
1-PB2,1664,0,0,275,0,275,G
1-PB2,1665,275,0,0,0,275,A
1-PB2,1666,275,0,0,1,276,A
1-PB2,1667,275,0,0,0,275,A
1-PB2,1668,0,276,0,0,276,T
1-PB2,1669,0,277,0,0,277,T
1-PB2,1670,0,1,274,0,275,G
1-PB2,1671,0,1,274,0,275,G
1-PB2,1672,0,1,276,0,277,G
1-PB2,1673,274,0,1,0,275,A
1-PB2,1674,275,0,1,0,276,A
1-PB2,1675,0,0,278,0,278,G
1-PB2,1676,0,0,0,278,278,C
1-PB2,1677,0,277,0,0,277,T
1-PB2,1678,0,0,279,0,279,G
1-PB2,1679,1,279,0,0,280,T
1-PB2,1680,0,2,0,277,279,C
1-PB2,1681,280,0,0,0,280,A
1-PB2,1682,280,0,0,0,280,A
1-PB2,1683,280,0,0,0,280,A
1-PB2,1684,279,0,0,0,279,A
1-PB2,1685,0,279,0,0,279,T
1-PB2,1686,0,280,0,0,280,T
1-PB2,1687,0,0,0,278,278,C
1-PB2,1688,276,0,0,0,276,A
1-PB2,1689,275,0,0,0,275,A
1-PB2,1690,0,276,0,0,276,T
1-PB2,1691,0,0,278,0,278,G
1-PB2,1692,0,0,280,0,280,G
1-PB2,1693,0,282,0,0,282,T
1-PB2,1694,1,0,0,281,282,C
1-PB2,1695,0,283,0,0,283,T
1-PB2,1696,2,0,0,280,282,C
1-PB2,1697,281,0,0,0,281,A
1-PB2,1698,0,0,287,0,287,G
1-PB2,1699,286,0,0,0,286,A
1-PB2,1700,292,0,0,0,292,A
1-PB2,1701,0,288,0,0,288,T
1-PB2,1702,0,1,0,287,288,C
1-PB2,1703,0,1,0,287,288,C
1-PB2,1704,0,288,0,0,288,T
1-PB2,1705,282,0,1,0,283,A
1-PB2,1706,0,0,0,291,291,C
1-PB2,1707,291,0,0,0,291,A
1-PB2,1708,295,0,1,0,296,A
1-PB2,1709,1,287,0,0,288,T
1-PB2,1710,0,0,298,0,298,G
1-PB2,1711,0,297,0,0,297,T
1-PB2,1712,0,286,0,0,286,T
1-PB2,1713,0,0,288,0,288,G
1-PB2,1714,0,287,0,1,288,T
1-PB2,1715,288,0,0,0,288,A
1-PB2,1716,0,0,0,289,289,C
1-PB2,1717,275,0,0,0,275,A
1-PB2,1718,276,0,0,0,276,A
1-PB2,1719,0,0,0,273,273,C
1-PB2,1720,270,0,1,0,271,A
1-PB2,1721,273,1,0,0,274,A
1-PB2,1722,267,0,0,0,267,A
1-PB2,1723,268,0,0,0,268,A
1-PB2,1724,1,267,0,0,268,T
1-PB2,1725,0,0,267,0,267,G
1-PB2,1726,0,0,268,0,268,G
1-PB2,1727,264,0,1,0,265,A
1-PB2,1728,264,1,0,0,265,A
1-PB2,1729,0,263,0,0,263,T
1-PB2,1730,0,263,0,0,263,T
1-PB2,1731,0,264,0,0,264,T
1-PB2,1732,0,1,260,0,261,G
1-PB2,1733,263,0,0,0,263,A
1-PB2,1734,263,0,1,0,264,A
1-PB2,1735,0,1,0,263,264,C
1-PB2,1736,0,2,0,257,259,C
1-PB2,1737,261,0,0,0,261,A
1-PB2,1738,0,263,0,0,263,T
1-PB2,1739,0,263,0,0,263,T
1-PB2,1740,1,261,0,0,262,T
1-PB2,1741,2,0,0,263,265,C
1-PB2,1742,265,0,0,0,265,A
1-PB2,1743,264,0,0,0,264,A
1-PB2,1744,0,266,0,0,266,T
1-PB2,1745,0,0,0,268,268,C
1-PB2,1746,0,264,0,0,264,T
1-PB2,1747,0,261,0,0,261,T
1-PB2,1748,0,264,0,0,264,T
1-PB2,1749,263,0,0,0,263,A
1-PB2,1750,0,0,263,0,263,G
1-PB2,1751,0,260,0,0,260,T
1-PB2,1752,3,7,0,258,268,C
1-PB2,1753,0,0,0,266,266,C
1-PB2,1754,0,0,0,262,262,C
1-PB2,1755,2,0,0,264,266,C
1-PB2,1756,263,0,0,0,263,A
1-PB2,1757,263,0,0,0,263,A
1-PB2,1758,0,0,269,0,269,G
1-PB2,1759,0,0,267,0,267,G
1-PB2,1760,0,0,0,267,267,C
1-PB2,1761,0,0,0,263,263,C
1-PB2,1762,264,0,0,0,264,A
1-PB2,1763,0,267,0,0,267,T
1-PB2,1764,0,266,0,0,266,T
1-PB2,1765,267,0,0,0,267,A
1-PB2,1766,0,0,266,0,266,G
1-PB2,1767,257,0,0,0,257,A
1-PB2,1768,276,0,0,0,276,A
1-PB2,1769,1,0,276,0,277,G
1-PB2,1770,0,0,0,279,279,C
1-PB2,1771,0,0,0,278,278,C
1-PB2,1772,277,0,1,0,278,A
1-PB2,1773,281,0,0,0,281,A
1-PB2,1774,0,282,0,0,282,T
1-PB2,1775,282,0,0,0,282,A
1-PB2,1776,0,0,0,284,284,C
1-PB2,1777,256,0,0,0,256,A
1-PB2,1778,0,0,257,0,257,G
1-PB2,1779,0,254,0,0,254,T
1-PB2,1780,0,1,255,0,256,G
1-PB2,1781,0,1,256,0,257,G
1-PB2,1782,0,0,258,0,258,G
1-PB2,1783,0,256,0,0,256,T
1-PB2,1784,0,252,0,0,252,T
1-PB2,1785,0,252,0,0,252,T
1-PB2,1786,0,0,254,0,254,G
1-PB2,1787,0,252,0,0,252,T
1-PB2,1788,0,0,0,251,251,C
1-PB2,1789,251,0,1,0,252,A
1-PB2,1790,0,0,252,0,252,G
1-PB2,1791,246,0,0,0,246,A
1-PB2,1792,249,0,0,0,249,A
1-PB2,1793,0,0,0,247,247,C
1-PB2,1794,0,234,0,0,234,T
1-PB2,1795,0,0,0,240,240,C
1-PB2,1796,0,241,0,0,241,T
1-PB2,1797,241,0,0,0,241,A
1-PB2,1798,0,242,0,0,242,T
1-PB2,1799,0,242,0,0,242,T
1-PB2,1800,0,0,0,242,242,C
1-PB2,1801,1,0,0,239,240,C
1-PB2,1802,237,0,0,0,237,A
1-PB2,1803,238,0,0,0,238,A
1-PB2,1804,0,0,0,239,239,C
1-PB2,1805,236,0,0,0,236,A
1-PB2,1806,237,0,0,0,237,A
1-PB2,1807,237,0,0,0,237,A
1-PB2,1808,0,238,0,0,238,T
1-PB2,1809,0,2,235,0,237,G
1-PB2,1810,235,0,0,0,235,A
1-PB2,1811,0,0,238,0,238,G
1-PB2,1812,236,0,0,0,236,A
1-PB2,1813,0,0,235,0,235,G
1-PB2,1814,238,0,0,0,238,A
1-PB2,1815,0,0,0,238,238,C
1-PB2,1816,0,0,245,0,245,G
1-PB2,1817,0,245,0,0,245,T
1-PB2,1818,248,0,0,0,248,A
1-PB2,1819,0,0,0,251,251,C
1-PB2,1820,0,244,1,0,245,T
1-PB2,1821,0,247,0,0,247,T
1-PB2,1822,0,1,244,0,245,G
1-PB2,1823,0,1,241,0,242,G
1-PB2,1824,0,2,242,0,244,G
1-PB2,1825,241,0,0,0,241,A
1-PB2,1826,0,0,0,241,241,C
1-PB2,1827,246,0,0,0,246,A
1-PB2,1828,0,246,0,0,246,T
1-PB2,1829,0,245,0,0,245,T
1-PB2,1830,0,246,0,2,248,T
1-PB2,1831,0,0,247,0,247,G
1-PB2,1832,244,1,0,0,245,A
1-PB2,1833,0,0,0,242,242,C
1-PB2,1834,244,0,0,0,244,A
1-PB2,1835,0,0,0,249,249,C
1-PB2,1836,1,0,0,244,245,C
1-PB2,1837,255,0,0,0,255,A
1-PB2,1838,0,0,0,259,259,C
1-PB2,1839,0,0,0,258,258,C
1-PB2,1840,1,0,0,258,259,C
1-PB2,1841,256,0,0,0,256,A
1-PB2,1842,0,1,260,0,261,G
1-PB2,1843,258,0,0,0,258,A
1-PB2,1844,0,272,0,0,272,T
1-PB2,1845,268,0,0,0,268,A
1-PB2,1846,267,0,0,0,267,A
1-PB2,1847,0,264,0,1,265,T
1-PB2,1848,265,0,0,0,265,A
1-PB2,1849,266,0,0,0,266,A
1-PB2,1850,264,0,0,0,264,A
1-PB2,1851,0,0,265,0,265,G
1-PB2,1852,0,0,0,261,261,C
1-PB2,1853,0,251,0,0,251,T
1-PB2,1854,0,252,0,0,252,T
1-PB2,1855,0,0,0,252,252,C
1-PB2,1856,0,253,0,0,253,T
1-PB2,1857,0,0,0,258,258,C
1-PB2,1858,1,0,0,256,257,C
1-PB2,1859,0,0,0,263,263,C
1-PB2,1860,0,259,0,0,259,T
1-PB2,1861,0,261,0,0,261,T
1-PB2,1862,0,262,0,0,262,T
1-PB2,1863,0,262,0,0,262,T
1-PB2,1864,0,0,261,0,261,G
1-PB2,1865,0,0,0,261,261,C
1-PB2,1866,261,0,0,0,261,A
1-PB2,1867,0,0,260,0,260,G
1-PB2,1868,0,0,0,261,261,C
1-PB2,1869,0,260,0,0,260,T
1-PB2,1870,0,0,262,0,262,G
1-PB2,1871,0,0,0,262,262,C
1-PB2,1872,0,261,0,1,262,T
1-PB2,1873,0,0,0,266,266,C
1-PB2,1874,1,0,0,264,265,C
1-PB2,1875,267,0,0,0,267,A
1-PB2,1876,0,0,0,267,267,C
1-PB2,1877,1,0,0,260,261,C
1-PB2,1878,260,0,0,0,260,A
1-PB2,1879,260,0,0,0,260,A
1-PB2,1880,260,0,0,0,260,A
1-PB2,1881,0,0,261,0,261,G
1-PB2,1882,0,0,0,261,261,C
1-PB2,1883,257,0,0,0,257,A
1-PB2,1884,258,0,0,0,258,A
1-PB2,1885,256,0,1,0,257,A
1-PB2,1886,0,0,260,0,260,G
1-PB2,1887,0,0,0,259,259,C
1-PB2,1888,260,0,0,0,260,A
1-PB2,1889,0,0,264,0,264,G
1-PB2,1890,261,0,0,0,261,A
1-PB2,1891,261,0,1,0,262,A
1-PB2,1892,0,262,0,0,262,T
1-PB2,1893,0,0,261,0,261,G
1-PB2,1894,0,0,0,262,262,C
1-PB2,1895,257,0,1,0,258,A
1-PB2,1896,0,0,258,0,258,G
1-PB2,1897,0,257,0,1,258,T
1-PB2,1898,0,267,0,1,268,T
1-PB2,1899,0,0,0,268,268,C
1-PB2,1900,0,259,0,0,259,T
1-PB2,1901,0,0,0,260,260,C
1-PB2,1902,0,258,0,0,258,T
1-PB2,1903,0,258,0,0,258,T
1-PB2,1904,0,0,0,258,258,C
1-PB2,1905,254,0,0,0,254,A
1-PB2,1906,0,0,0,254,254,C
1-PB2,1907,0,245,0,0,245,T
1-PB2,1908,0,1,247,0,248,G
1-PB2,1909,244,0,0,0,244,A
1-PB2,1910,0,0,0,257,257,C
1-PB2,1911,0,253,0,0,253,T
1-PB2,1912,0,0,256,0,256,G
1-PB2,1913,0,253,0,0,253,T
1-PB2,1914,0,1,255,0,256,G
1-PB2,1915,253,1,0,0,254,A
1-PB2,1916,257,0,0,0,257,A
1-PB2,1917,1,251,0,0,252,T
1-PB2,1918,0,0,252,0,252,G
1-PB2,1919,0,245,0,0,245,T
1-PB2,1920,0,1,243,0,244,G
1-PB2,1921,240,1,1,0,242,A
1-PB2,1922,0,1,243,0,244,G
1-PB2,1923,0,2,240,0,242,G
1-PB2,1924,0,0,243,0,243,G
1-PB2,1925,0,1,258,0,259,G
1-PB2,1926,258,0,0,0,258,A
1-PB2,1927,0,257,0,0,257,T
1-PB2,1928,1,0,0,257,258,C
1-PB2,1929,260,0,0,0,260,A
1-PB2,1930,0,2,263,0,265,G
1-PB2,1931,0,0,261,0,261,G
1-PB2,1932,0,0,266,0,266,G
1-PB2,1933,263,0,0,0,263,A
1-PB2,1934,0,252,0,0,252,T
1-PB2,1935,0,0,256,0,256,G
1-PB2,1936,256,0,0,0,256,A
1-PB2,1937,0,0,264,0,264,G
1-PB2,1938,263,0,0,0,263,A
1-PB2,1939,257,0,0,0,257,A
1-PB2,1940,0,259,0,0,259,T
1-PB2,1941,257,1,0,0,258,A
1-PB2,1942,0,0,0,260,260,C
1-PB2,1943,0,258,0,0,258,T
1-PB2,1944,0,255,0,0,255,T
1-PB2,1945,0,0,256,0,256,G
1-PB2,1946,0,250,0,0,250,T
1-PB2,1947,249,0,0,0,249,A
1-PB2,1948,250,0,0,0,250,A
1-PB2,1949,0,2,244,0,246,G
1-PB2,1950,0,1,248,0,249,G
1-PB2,1951,0,1,240,0,241,G
1-PB2,1952,0,1,241,0,242,G
1-PB2,1953,0,0,1,241,242,C
1-PB2,1954,240,1,1,0,242,A
1-PB2,1955,247,0,0,0,247,A
1-PB2,1956,0,247,0,0,247,T
1-PB2,1957,0,244,0,0,244,T
1-PB2,1958,2,0,0,249,251,C
1-PB2,1959,0,250,0,0,250,T
1-PB2,1960,0,0,0,252,252,C
1-PB2,1961,1,0,0,253,254,C
1-PB2,1962,0,253,0,0,253,T
1-PB2,1963,0,0,261,0,261,G
1-PB2,1964,0,253,1,0,254,T
1-PB2,1965,256,0,0,0,256,A
1-PB2,1966,0,256,0,1,257,T
1-PB2,1967,0,254,0,0,254,T
1-PB2,1968,0,0,0,258,258,C
1-PB2,1969,257,0,0,0,257,A
1-PB2,1970,262,0,0,0,262,A
1-PB2,1971,0,0,0,261,261,C
1-PB2,1972,0,258,0,0,258,T
1-PB2,1973,259,0,0,0,259,A
1-PB2,1974,0,0,0,265,265,C
1-PB2,1975,261,0,1,0,262,A
1-PB2,1976,263,0,0,0,263,A
1-PB2,1977,0,0,0,261,261,C
1-PB2,1978,255,0,0,0,255,A
1-PB2,1979,256,0,0,0,256,A
1-PB2,1980,0,0,256,0,256,G
1-PB2,1981,242,0,15,0,257,A
1-PB2,1982,0,0,0,257,257,C
1-PB2,1983,1,0,0,252,253,C
1-PB2,1984,253,0,0,0,253,A
1-PB2,1985,0,0,0,256,256,C
1-PB2,1986,0,256,0,0,256,T
1-PB2,1987,255,0,0,0,255,A
1-PB2,1988,255,0,0,0,255,A
1-PB2,1989,256,0,0,0,256,A
1-PB2,1990,254,0,2,0,256,A
1-PB2,1991,0,1,257,0,258,G
1-PB2,1992,258,0,0,0,258,A
1-PB2,1993,0,0,0,258,258,C
1-PB2,1994,0,254,0,0,254,T
1-PB2,1995,255,0,0,0,255,A
1-PB2,1996,255,0,0,0,255,A
1-PB2,1997,0,0,0,255,255,C
1-PB2,1998,253,0,1,0,254,A
1-PB2,1999,254,0,0,0,254,A
1-PB2,2000,0,255,0,0,255,T
1-PB2,2001,0,252,0,0,252,T
1-PB2,2002,0,0,0,252,252,C
1-PB2,2003,0,251,0,1,252,T
1-PB2,2004,0,0,0,253,253,C
1-PB2,2005,0,0,250,0,250,G
1-PB2,2006,0,1,253,0,254,G
1-PB2,2007,253,0,0,0,253,A
1-PB2,2008,255,0,0,0,255,A
1-PB2,2009,255,0,0,0,255,A
1-PB2,2010,255,0,0,0,255,A
1-PB2,2011,0,0,256,0,256,G
1-PB2,2012,254,0,0,0,254,A
1-PB2,2013,0,254,0,0,254,T
1-PB2,2014,0,0,253,0,253,G
1-PB2,2015,0,0,0,252,252,C
1-PB2,2016,0,1,0,252,253,C
1-PB2,2017,0,1,251,0,252,G
1-PB2,2018,0,0,251,0,251,G
1-PB2,2019,1,0,0,250,251,C
1-PB2,2020,252,0,0,0,252,A
1-PB2,2021,0,1,0,255,256,C
1-PB2,2022,0,254,0,0,254,T
1-PB2,2023,0,255,0,1,256,T
1-PB2,2024,0,257,0,0,257,T
1-PB2,2025,256,0,0,0,256,A
1-PB2,2026,257,0,0,0,257,A
1-PB2,2027,0,257,0,0,257,T
1-PB2,2028,0,257,0,0,257,T
1-PB2,2029,0,0,258,0,258,G
1-PB2,2030,250,0,0,0,250,A
1-PB2,2031,248,0,0,0,248,A
1-PB2,2032,0,2,249,0,251,G
1-PB2,2033,252,0,1,0,253,A
1-PB2,2034,1,0,0,252,253,C
1-PB2,2035,1,0,0,252,253,C
1-PB2,2036,0,0,0,254,254,C
1-PB2,2037,254,0,1,0,255,A
1-PB2,2038,0,1,258,0,259,G
1-PB2,2039,256,1,1,0,258,A
1-PB2,2040,0,259,0,1,260,T
1-PB2,2041,0,1,258,0,259,G
1-PB2,2042,253,0,0,0,253,A
1-PB2,2043,254,0,0,0,254,A
1-PB2,2044,255,0,0,0,255,A
1-PB2,2045,1,0,256,0,257,G
1-PB2,2046,0,0,0,257,257,C
1-PB2,2047,248,0,0,2,250,A
1-PB2,2048,0,0,0,252,252,C
1-PB2,2049,253,0,0,0,253,A
1-PB2,2050,0,252,0,0,252,T
1-PB2,2051,0,0,0,256,256,C
1-PB2,2052,0,0,1,254,255,C
1-PB2,2053,1,0,259,0,260,G
1-PB2,2054,0,1,261,0,262,G
1-PB2,2055,258,0,0,0,258,A
1-PB2,2056,0,0,263,0,263,G
1-PB2,2057,0,259,0,0,259,T
1-PB2,2058,0,1,259,0,260,G
1-PB2,2059,0,0,259,0,259,G
1-PB2,2060,257,0,1,0,258,A
1-PB2,2061,0,0,257,0,257,G
1-PB2,2062,0,254,0,0,254,T
1-PB2,2063,0,0,0,253,253,C
1-PB2,2064,0,0,0,252,252,C
1-PB2,2065,1,0,251,0,252,G
1-PB2,2066,0,0,0,252,252,C
1-PB2,2067,0,0,0,252,252,C
1-PB2,2068,0,0,256,0,256,G
1-PB2,2069,0,255,0,0,255,T
1-PB2,2070,1,0,0,259,260,C
1-PB2,2071,0,256,0,2,258,T
1-PB2,2072,0,258,0,1,259,T
1-PB2,2073,0,2,257,0,259,G
1-PB2,2074,257,0,0,0,257,A
1-PB2,2075,0,0,257,0,257,G
1-PB2,2076,255,0,0,0,255,A
1-PB2,2077,0,1,240,0,241,G
1-PB2,2078,0,0,242,0,242,G
1-PB2,2079,0,0,240,0,240,G
1-PB2,2080,0,237,1,1,239,T
1-PB2,2081,0,237,0,0,237,T
1-PB2,2082,0,243,0,0,243,T
1-PB2,2083,0,0,0,243,243,C
1-PB2,2084,0,241,0,0,241,T
1-PB2,2085,0,0,0,251,251,C
1-PB2,2086,249,0,0,0,249,A
1-PB2,2087,0,250,0,0,250,T
1-PB2,2088,0,249,0,0,249,T
1-PB2,2089,247,0,0,1,248,A
1-PB2,2090,0,246,0,1,247,T
1-PB2,2091,240,0,0,0,240,A
1-PB2,2092,0,1,240,0,241,G
1-PB2,2093,0,0,240,0,240,G
1-PB2,2094,0,229,0,0,229,T
1-PB2,2095,232,0,0,0,232,A
1-PB2,2096,228,0,0,0,228,A
1-PB2,2097,0,0,230,0,230,G
1-PB2,2098,0,0,230,0,230,G
1-PB2,2099,228,0,0,0,228,A
1-PB2,2100,225,0,0,0,225,A
1-PB2,2101,0,0,223,0,223,G
1-PB2,2102,219,0,0,0,219,A
1-PB2,2103,0,0,0,220,220,C
1-PB2,2104,215,0,0,0,215,A
1-PB2,2105,0,0,215,0,215,G
1-PB2,2106,214,0,1,0,215,A
1-PB2,2107,216,0,0,0,216,A
1-PB2,2108,0,0,220,0,220,G
1-PB2,2109,219,0,0,0,219,A
1-PB2,2110,0,216,0,1,217,T
1-PB2,2111,216,0,0,0,216,A
1-PB2,2112,0,0,0,216,216,C
1-PB2,2113,0,0,215,0,215,G
1-PB2,2114,0,0,220,0,220,G
1-PB2,2115,218,0,0,0,218,A
1-PB2,2116,0,0,0,211,211,C
1-PB2,2117,0,0,0,210,210,C
1-PB2,2118,206,0,0,0,206,A
1-PB2,2119,0,0,207,0,207,G
1-PB2,2120,0,0,0,206,206,C
1-PB2,2121,207,0,0,0,207,A
1-PB2,2122,0,205,0,1,206,T
1-PB2,2123,0,199,0,0,199,T
1-PB2,2124,200,0,0,0,200,A
1-PB2,2125,200,0,0,0,200,A
1-PB2,2126,0,0,203,0,203,G
1-PB2,2127,0,0,0,202,202,C
1-PB2,2128,179,0,0,0,179,A
1-PB2,2129,0,188,0,0,188,T
1-PB2,2130,0,0,0,188,188,C
1-PB2,2131,190,0,0,0,190,A
1-PB2,2132,190,0,0,0,190,A
1-PB2,2133,0,188,0,0,188,T
1-PB2,2134,0,0,190,0,190,G
1-PB2,2135,189,0,0,0,189,A
1-PB2,2136,190,0,0,0,190,A
1-PB2,2137,0,0,0,190,190,C
1-PB2,2138,0,181,0,1,182,T
1-PB2,2139,0,1,190,0,191,G
1-PB2,2140,188,0,0,0,188,A
1-PB2,2141,0,0,187,0,187,G
1-PB2,2142,0,188,0,0,188,T
1-PB2,2143,185,0,1,0,186,A
1-PB2,2144,186,0,1,0,187,A
1-PB2,2145,0,0,0,187,187,C
1-PB2,2146,0,0,0,179,179,C
1-PB2,2147,0,177,0,0,177,T
1-PB2,2148,0,168,0,0,168,T
1-PB2,2149,0,0,169,0,169,G
1-PB2,2150,0,0,0,168,168,C
1-PB2,2151,167,0,0,0,167,A
1-PB2,2152,167,0,0,0,167,A
1-PB2,2153,167,0,0,0,167,A
1-PB2,2154,167,0,0,0,167,A
1-PB2,2155,0,1,165,0,166,G
1-PB2,2156,0,1,165,0,166,G
1-PB2,2157,0,0,162,0,162,G
1-PB2,2158,0,0,163,0,163,G
1-PB2,2159,164,0,0,0,164,A
1-PB2,2160,163,0,1,0,164,A
1-PB2,2161,163,0,1,0,164,A
1-PB2,2162,164,0,0,0,164,A
1-PB2,2163,0,0,164,0,164,G
1-PB2,2164,0,0,163,0,163,G
1-PB2,2165,0,0,0,162,162,C
1-PB2,2166,0,162,0,0,162,T
1-PB2,2167,162,0,0,0,162,A
1-PB2,2168,162,0,0,0,162,A
1-PB2,2169,0,161,0,0,161,T
1-PB2,2170,0,0,162,0,162,G
1-PB2,2171,0,157,0,0,157,T
1-PB2,2172,0,0,156,0,156,G
1-PB2,2173,0,0,0,153,153,C
1-PB2,2174,0,153,0,0,153,T
1-PB2,2175,153,0,0,0,153,A
1-PB2,2176,152,0,0,0,152,A
1-PB2,2177,0,151,0,0,151,T
1-PB2,2178,0,0,0,150,150,C
1-PB2,2179,1,0,147,0,148,G
1-PB2,2180,0,0,150,0,150,G
1-PB2,2181,0,0,150,0,150,G
1-PB2,2182,0,0,0,150,150,C
1-PB2,2183,150,0,0,0,150,A
1-PB2,2184,151,0,0,0,151,A
1-PB2,2185,0,0,150,0,150,G
1-PB2,2186,0,0,149,0,149,G
1-PB2,2187,148,0,0,0,148,A
1-PB2,2188,0,0,153,0,153,G
1-PB2,2189,146,0,0,0,146,A
1-PB2,2190,0,0,0,147,147,C
1-PB2,2191,0,0,144,0,144,G
1-PB2,2192,0,145,0,0,145,T
1-PB2,2193,0,0,145,0,145,G
1-PB2,2194,0,0,144,0,144,G
1-PB2,2195,0,143,0,0,143,T
1-PB2,2196,1,0,144,0,145,G
1-PB2,2197,0,142,0,2,144,T
1-PB2,2198,0,141,0,0,141,T
1-PB2,2199,1,2,140,0,143,G
1-PB2,2200,0,0,142,0,142,G
1-PB2,2201,0,142,0,0,142,T
1-PB2,2202,139,0,0,0,139,A
1-PB2,2203,135,0,0,0,135,A
1-PB2,2204,0,132,0,0,132,T
1-PB2,2205,0,0,130,0,130,G
1-PB2,2206,131,0,0,0,131,A
1-PB2,2207,129,1,0,0,130,A
1-PB2,2208,128,0,0,0,128,A
1-PB2,2209,0,0,0,128,128,C
1-PB2,2210,0,0,128,0,128,G
1-PB2,2211,127,1,0,0,128,A
1-PB2,2212,128,0,0,0,128,A
1-PB2,2213,127,0,0,0,127,A
1-PB2,2214,126,1,0,0,127,A
1-PB2,2215,0,0,0,127,127,C
1-PB2,2216,0,1,125,0,126,G
1-PB2,2217,0,0,125,0,125,G
1-PB2,2218,0,0,126,0,126,G
1-PB2,2219,127,0,0,0,127,A
1-PB2,2220,0,1,0,126,127,C
1-PB2,2221,0,126,0,0,126,T
1-PB2,2222,0,0,0,132,132,C
1-PB2,2223,0,133,0,0,133,T
1-PB2,2224,132,0,0,0,132,A
1-PB2,2225,0,0,134,0,134,G
1-PB2,2226,0,0,0,132,132,C
1-PB2,2227,131,0,0,0,131,A
1-PB2,2228,0,131,0,0,131,T
1-PB2,2229,126,0,0,0,126,A
1-PB2,2230,0,0,0,128,128,C
1-PB2,2231,0,104,0,0,104,T
1-PB2,2232,0,103,0,0,103,T
1-PB2,2233,99,0,0,0,99,A
1-PB2,2234,0,0,0,97,97,C
1-PB2,2235,0,95,0,0,95,T
1-PB2,2236,0,0,96,0,96,G
1-PB2,2237,91,0,0,0,91,A
1-PB2,2238,0,0,0,91,91,C
1-PB2,2239,86,0,0,0,86,A
1-PB2,2240,0,0,87,0,87,G
1-PB2,2241,0,0,0,86,86,C
1-PB2,2242,0,0,0,87,87,C
1-PB2,2243,87,0,0,0,87,A
1-PB2,2244,0,0,87,0,87,G
1-PB2,2245,86,0,0,0,86,A
1-PB2,2246,0,0,0,87,87,C
1-PB2,2247,83,0,0,0,83,A
1-PB2,2248,0,0,83,0,83,G
1-PB2,2249,1,0,0,70,71,C
1-PB2,2250,0,0,70,0,70,G
1-PB2,2251,71,0,0,0,71,A
1-PB2,2252,1,0,0,70,71,C
1-PB2,2253,0,0,0,70,70,C
1-PB2,2254,70,0,0,0,70,A
1-PB2,2255,70,0,0,0,70,A
1-PB2,2256,68,0,0,0,68,A
1-PB2,2257,70,0,0,0,70,A
1-PB2,2258,0,0,70,0,70,G
1-PB2,2259,68,0,0,0,68,A
1-PB2,2260,67,0,0,0,67,A
1-PB2,2261,0,64,0,0,64,T
1-PB2,2262,0,66,0,0,66,T
1-PB2,2263,0,0,0,66,66,C
1-PB2,2264,0,0,65,0,65,G
1-PB2,2265,0,0,65,0,65,G
1-PB2,2266,65,0,0,0,65,A
1-PB2,2267,0,62,0,0,62,T
1-PB2,2268,0,0,61,0,61,G
1-PB2,2269,0,0,62,0,62,G
1-PB2,2270,0,0,0,61,61,C
1-PB2,2271,0,0,0,61,61,C
1-PB2,2272,62,0,0,0,62,A
1-PB2,2273,0,62,0,0,62,T
1-PB2,2274,1,0,0,59,60,C
1-PB2,2275,60,0,0,0,60,A
1-PB2,2276,60,0,0,0,60,A
1-PB2,2277,0,59,0,0,59,T
1-PB2,2278,0,52,0,0,52,T
1-PB2,2279,51,0,0,0,51,A
1-PB2,2280,50,0,0,0,50,A
2-PB1,1,118,0,0,0,118,A
2-PB1,2,0,119,0,0,119,T
2-PB1,3,0,0,122,0,122,G
2-PB1,4,0,0,130,0,130,G
2-PB1,5,144,0,0,0,144,A
2-PB1,6,0,152,0,0,152,T
2-PB1,7,0,0,154,0,154,G
2-PB1,8,0,156,0,0,156,T
2-PB1,9,0,0,0,163,163,C
2-PB1,10,165,0,0,0,165,A
2-PB1,11,166,0,0,1,167,A
2-PB1,12,0,169,0,0,169,T
2-PB1,13,0,0,0,169,169,C
2-PB1,14,1,1,0,181,183,C
2-PB1,15,0,1,186,0,187,G
2-PB1,16,215,0,0,0,215,A
2-PB1,17,0,0,0,218,218,C
2-PB1,18,0,217,0,1,218,T
2-PB1,19,0,0,0,259,259,C
2-PB1,20,0,261,0,0,261,T
2-PB1,21,259,0,0,0,259,A
2-PB1,22,0,0,0,264,264,C
2-PB1,23,0,264,0,0,264,T
2-PB1,24,0,0,302,0,302,G
2-PB1,25,0,305,0,1,306,T
2-PB1,26,0,306,0,0,306,T
2-PB1,27,0,0,0,306,306,C
2-PB1,28,0,0,0,305,305,C
2-PB1,29,0,350,0,0,350,T
2-PB1,30,354,0,0,0,354,A
2-PB1,31,355,0,0,0,355,A
2-PB1,32,358,0,0,0,358,A
2-PB1,33,0,3,358,0,361,G
2-PB1,34,0,0,366,0,366,G
2-PB1,35,0,370,0,0,370,T
2-PB1,36,0,368,0,0,368,T
2-PB1,37,0,0,0,371,371,C
2-PB1,38,0,0,0,371,371,C
2-PB1,39,371,0,0,0,371,A
2-PB1,40,0,0,377,0,377,G
2-PB1,41,0,0,0,377,377,C
2-PB1,42,1,0,375,0,376,G
2-PB1,43,0,0,0,381,381,C
2-PB1,44,377,0,2,0,379,A
2-PB1,45,382,0,0,0,382,A
2-PB1,46,379,0,0,0,379,A
2-PB1,47,381,0,0,0,381,A
2-PB1,48,0,382,0,0,382,T
2-PB1,49,0,0,395,0,395,G
2-PB1,50,0,0,0,401,401,C
2-PB1,51,0,0,0,405,405,C
2-PB1,52,407,0,0,0,407,A
2-PB1,53,1,405,0,0,406,T
2-PB1,54,437,0,0,0,437,A
2-PB1,55,436,0,2,0,438,A
2-PB1,56,0,0,456,0,456,G
2-PB1,57,1,0,0,455,456,C
2-PB1,58,454,1,0,0,455,A
2-PB1,59,0,0,0,466,466,C
2-PB1,60,464,0,0,0,464,A
2-PB1,61,496,0,0,0,496,A
2-PB1,62,0,0,0,498,498,C
2-PB1,63,495,0,0,0,495,A
2-PB1,64,0,503,0,0,503,T
2-PB1,65,0,500,0,0,500,T
2-PB1,66,0,0,0,634,634,C
2-PB1,67,0,0,0,635,635,C
2-PB1,68,2,0,0,641,643,C
2-PB1,69,0,649,0,0,649,T
2-PB1,70,0,647,0,0,647,T
2-PB1,71,697,0,0,0,697,A
2-PB1,72,0,702,0,0,702,T
2-PB1,73,710,0,0,0,710,A
2-PB1,74,2,0,0,714,716,C
2-PB1,75,0,701,0,0,701,T
2-PB1,76,1,0,707,0,708,G
2-PB1,77,0,1,711,0,712,G
2-PB1,78,711,0,0,0,711,A
2-PB1,79,0,0,714,0,714,G
2-PB1,80,715,0,1,0,716,A
2-PB1,81,0,722,0,0,722,T
2-PB1,82,0,0,0,780,780,C
2-PB1,83,1,0,0,775,776,C
2-PB1,84,0,778,0,1,779,T
2-PB1,85,0,0,0,834,834,C
2-PB1,86,1,2,0,831,834,C
2-PB1,87,839,0,1,0,840,A
2-PB1,88,0,839,0,0,839,T
2-PB1,89,837,0,1,1,839,A
2-PB1,90,0,0,0,842,842,C
2-PB1,91,831,0,1,0,832,A
2-PB1,92,4,1,854,0,859,G
2-PB1,93,0,0,0,864,864,C
2-PB1,94,0,0,0,860,860,C
2-PB1,95,863,0,0,0,863,A
2-PB1,96,0,859,0,2,861,T
2-PB1,97,0,0,860,1,861,G
2-PB1,98,0,0,905,0,905,G
2-PB1,99,919,0,1,0,920,A
2-PB1,100,923,0,1,0,924,A
2-PB1,101,0,0,0,925,925,C
2-PB1,102,919,0,0,0,919,A
2-PB1,103,0,1,942,0,943,G
2-PB1,104,0,0,963,0,963,G
2-PB1,105,959,0,1,0,960,A
2-PB1,106,966,0,0,1,967,A
2-PB1,107,0,0,0,972,972,C
2-PB1,108,967,0,0,0,967,A
2-PB1,109,0,8,1086,0,1094,G
2-PB1,110,0,2,1085,0,1087,G
2-PB1,111,0,0,1109,0,1109,G
2-PB1,112,0,1112,0,1,1113,T
2-PB1,113,1103,1,1,0,1105,A
2-PB1,114,1,1,0,1111,1113,C
2-PB1,115,1158,0,0,0,1158,A
2-PB1,116,0,0,0,1197,1197,C
2-PB1,117,3,0,0,1180,1183,C
2-PB1,118,1168,0,0,0,1168,A
2-PB1,119,0,1171,0,0,1171,T
2-PB1,120,5,1,1165,0,1171,G
2-PB1,121,0,2,1170,0,1172,G
2-PB1,122,1176,0,1,0,1177,A
2-PB1,123,1,0,0,1178,1179,C
2-PB1,124,1147,0,1,0,1148,A
2-PB1,125,1,0,0,1172,1173,C
2-PB1,126,1165,1,1,0,1167,A
2-PB1,127,0,0,1190,0,1190,G
2-PB1,128,0,1189,0,0,1189,T
2-PB1,129,3,0,0,1243,1246,C
2-PB1,130,1242,1,0,0,1243,A
2-PB1,131,1250,0,1,0,1251,A
2-PB1,132,0,0,0,1252,1252,C
2-PB1,133,1247,0,0,0,1247,A
2-PB1,134,0,2,1271,0,1273,G
2-PB1,135,1254,0,1,0,1255,A
2-PB1,136,1261,0,2,0,1263,A
2-PB1,137,1,0,0,1262,1263,C
2-PB1,138,1240,0,0,0,1240,A
2-PB1,139,2,0,0,1283,1285,C
2-PB1,140,1281,0,0,0,1281,A
2-PB1,141,1,0,0,1326,1327,C
2-PB1,142,2,0,0,1323,1325,C
2-PB1,143,1327,0,0,0,1327,A
2-PB1,144,1338,1,1,0,1340,A
2-PB1,145,1,1370,0,0,1371,T
2-PB1,146,1404,0,1,0,1405,A
2-PB1,147,0,1407,0,0,1407,T
2-PB1,148,1,1385,0,0,1386,T
2-PB1,149,3,0,0,1388,1391,C
2-PB1,150,1360,0,2,0,1362,A
2-PB1,151,0,2,1364,0,1366,G
2-PB1,152,1352,1,2,0,1355,A
2-PB1,153,2,1,1352,0,1355,G
2-PB1,154,1340,0,1,0,1341,A
2-PB1,155,1,1,1314,0,1316,G
2-PB1,156,0,2,1315,0,1317,G
2-PB1,157,0,5,1363,0,1368,G
2-PB1,158,0,3,1368,0,1371,G
2-PB1,159,0,0,1377,0,1377,G
2-PB1,160,1374,0,0,1,1375,A
2-PB1,161,1373,0,0,0,1373,A
2-PB1,162,0,0,1387,0,1387,G
2-PB1,163,0,1380,0,0,1380,T
2-PB1,164,0,1,1376,0,1377,G
2-PB1,165,0,2,1370,0,1372,G
2-PB1,166,1367,0,2,0,1369,A
2-PB1,167,0,1,0,1377,1378,C
2-PB1,168,1,5,1368,1,1375,G
2-PB1,169,1382,1,2,0,1385,A
2-PB1,170,0,0,0,1396,1396,C
2-PB1,171,1388,1,1,0,1390,A
2-PB1,172,1392,0,0,0,1392,A
2-PB1,173,1395,0,2,2,1399,A
2-PB1,174,0,1411,0,0,1411,T
2-PB1,175,1416,0,0,0,1416,A
2-PB1,176,0,1,0,1417,1418,C
2-PB1,177,1404,0,0,0,1404,A
2-PB1,178,0,1,1405,0,1406,G
2-PB1,179,1392,0,1,0,1393,A
2-PB1,180,1402,0,1,0,1403,A
2-PB1,181,1409,0,1,0,1410,A
2-PB1,182,0,0,0,1404,1404,C
2-PB1,183,0,1403,0,0,1403,T
2-PB1,184,0,1,1399,0,1400,G
2-PB1,185,0,1,1395,0,1396,G
2-PB1,186,1376,1,3,0,1380,A
2-PB1,187,0,0,1388,0,1388,G
2-PB1,188,0,0,0,1393,1393,C
2-PB1,189,1394,0,2,0,1396,A
2-PB1,190,1,2,0,1463,1466,C
2-PB1,191,1,0,0,1455,1456,C
2-PB1,192,2,0,1,1454,1457,C
2-PB1,193,1,0,1,1456,1458,C
2-PB1,194,1463,1,0,0,1464,A
2-PB1,195,1475,0,1,0,1476,A
2-PB1,196,0,0,0,1475,1475,C
2-PB1,197,2,1459,0,0,1461,T
2-PB1,198,0,1,0,1473,1474,C
2-PB1,199,1413,0,3,0,1416,A
2-PB1,200,1442,0,0,0,1442,A
2-PB1,201,1,0,0,1441,1442,C
2-PB1,202,5,0,0,1432,1437,C
2-PB1,203,7,0,0,1434,1441,C
2-PB1,204,1432,0,2,0,1434,A
2-PB1,205,1444,0,0,0,1444,A
2-PB1,206,0,1448,0,0,1448,T
2-PB1,207,0,1452,0,0,1452,T
2-PB1,208,0,1,1457,0,1458,G
2-PB1,209,1438,1,1,0,1440,A
2-PB1,210,0,1440,0,1,1441,T
2-PB1,211,0,3,1442,0,1445,G
2-PB1,212,1,5,1456,0,1462,G
2-PB1,213,1491,1,2,0,1494,A
2-PB1,214,0,0,0,1495,1495,C
2-PB1,215,3,0,0,1479,1482,C
2-PB1,216,1486,0,0,1,1487,A
2-PB1,217,1,0,0,1517,1518,C
2-PB1,218,0,1512,0,1,1513,T
2-PB1,219,1531,0,1,0,1532,A
2-PB1,220,1,0,0,1545,1546,C
2-PB1,221,5,0,0,1525,1530,C
2-PB1,222,0,1500,0,1,1501,T
2-PB1,223,0,1,1509,0,1510,G
2-PB1,224,1505,0,2,0,1507,A
2-PB1,225,1,0,1509,0,1510,G
2-PB1,226,0,0,1500,1,1501,G
2-PB1,227,1490,0,2,1,1493,A
2-PB1,228,0,1469,0,0,1469,T
2-PB1,229,1451,0,0,0,1451,A
2-PB1,230,1454,0,0,0,1454,A
2-PB1,231,0,1451,0,1,1452,T
2-PB1,232,0,2,1448,0,1450,G
2-PB1,233,1446,0,1,0,1447,A
2-PB1,234,1444,0,0,1,1445,A
2-PB1,235,1,1,0,1438,1440,C
2-PB1,236,2,0,0,1428,1430,C
2-PB1,237,1441,0,0,1,1442,A
2-PB1,238,1446,0,1,0,1447,A
2-PB1,239,0,0,1453,0,1453,G
2-PB1,240,2,1448,0,1,1451,T
2-PB1,241,0,4,1450,0,1454,G
2-PB1,242,0,1,1470,0,1471,G
2-PB1,243,1468,0,2,0,1470,A
2-PB1,244,2,1464,0,0,1466,T
2-PB1,245,1463,0,1,0,1464,A
2-PB1,246,0,1483,0,0,1483,T
2-PB1,247,2,0,1486,1,1489,G
2-PB1,248,2,2,0,1486,1490,C
2-PB1,249,1487,0,1,0,1488,A
2-PB1,250,1,0,0,1539,1540,C
2-PB1,251,1509,0,0,0,1509,A
2-PB1,252,1530,1,0,0,1531,A
2-PB1,253,1527,0,0,0,1527,A
2-PB1,254,0,0,1,1535,1536,C
2-PB1,255,1494,0,1,0,1495,A
2-PB1,256,0,2,1510,0,1512,G
2-PB1,257,1502,1,1,0,1504,A
2-PB1,258,1,0,0,1505,1506,C
2-PB1,259,0,1461,0,2,1463,T
2-PB1,260,0,1,1494,0,1495,G
2-PB1,261,1,1480,0,1,1482,T
2-PB1,262,1,1,1547,0,1549,G
2-PB1,263,1,1546,0,1,1548,T
2-PB1,264,2,0,0,1551,1553,C
2-PB1,265,1,0,0,1551,1552,C
2-PB1,266,1,1537,0,0,1538,T
2-PB1,267,1,2,1536,0,1539,G
2-PB1,268,1,1,1534,0,1536,G
2-PB1,269,1506,1,0,1,1508,A
2-PB1,270,2,0,1533,0,1535,G
2-PB1,271,0,1,1481,0,1482,G
2-PB1,272,0,0,0,1483,1483,C
2-PB1,273,0,1473,0,1,1474,T
2-PB1,274,1477,0,2,0,1479,A
2-PB1,275,0,1475,1,1,1477,T
2-PB1,276,0,1,1482,0,1483,G
2-PB1,277,0,0,1475,0,1475,G
2-PB1,278,0,5,0,1470,1475,C
2-PB1,279,0,0,0,1453,1453,C
2-PB1,280,0,1442,0,0,1442,T
2-PB1,281,0,1508,0,5,1513,T
2-PB1,282,3,0,0,1514,1517,C
2-PB1,283,0,0,0,1524,1524,C
2-PB1,284,0,1524,0,1,1525,T
2-PB1,285,0,1519,0,1,1520,T
2-PB1,286,0,1,1523,0,1524,G
2-PB1,287,1525,0,0,0,1525,A
2-PB1,288,1522,0,0,0,1522,A
2-PB1,289,1,1,1522,0,1524,G
2-PB1,290,1446,0,0,0,1446,A
2-PB1,291,1461,0,0,0,1461,A
2-PB1,292,2,1451,0,0,1453,T
2-PB1,293,1,1,0,1457,1459,C
2-PB1,294,1,0,0,1456,1457,C
2-PB1,295,5,0,0,1450,1455,C
2-PB1,296,1457,2,1,0,1460,A
2-PB1,297,0,0,0,1460,1460,C
2-PB1,298,2,0,0,1454,1456,C
2-PB1,299,9,0,0,1449,1458,C
2-PB1,300,1439,2,0,0,1441,A
2-PB1,301,0,1,1447,0,1448,G
2-PB1,302,0,0,1458,0,1458,G
2-PB1,303,0,1447,0,2,1449,T
2-PB1,304,1458,1,0,0,1459,A
2-PB1,305,0,1454,0,0,1454,T
2-PB1,306,1,0,0,1454,1455,C
2-PB1,307,0,1454,0,1,1455,T
2-PB1,308,0,1456,0,0,1456,T
2-PB1,309,0,1455,0,0,1455,T
2-PB1,310,1,4,1441,0,1446,G
2-PB1,311,1429,1,2,0,1432,A
2-PB1,312,0,2,1429,0,1431,G
2-PB1,313,1417,0,0,0,1417,A
2-PB1,314,1422,1,0,0,1423,A
2-PB1,315,1,0,0,1434,1435,C
2-PB1,316,0,1409,1,2,1412,T
2-PB1,317,0,1,0,1414,1415,C
2-PB1,318,1413,0,0,0,1413,A
2-PB1,319,2,1410,0,1,1413,T
2-PB1,320,0,0,1418,0,1418,G
2-PB1,321,0,0,0,1428,1428,C
2-PB1,322,3,1,0,1429,1433,C
2-PB1,323,1,1421,0,0,1422,T
2-PB1,324,0,1403,0,2,1405,T
2-PB1,325,0,0,1410,0,1410,G
2-PB1,326,1419,1,1,0,1421,A
2-PB1,327,1422,0,0,0,1422,A
2-PB1,328,1422,0,1,0,1423,A
2-PB1,329,0,0,0,1432,1432,C
2-PB1,330,1400,0,0,0,1400,A
2-PB1,331,1411,0,0,1,1412,A
2-PB1,332,0,1410,0,0,1410,T
2-PB1,333,0,1,1408,0,1409,G
2-PB1,334,0,1,1411,0,1412,G
2-PB1,335,1398,0,2,0,1400,A
2-PB1,336,1394,0,2,0,1396,A
2-PB1,337,0,0,1396,0,1396,G
2-PB1,338,0,0,0,1401,1401,C
2-PB1,339,3,1,0,1389,1393,C
2-PB1,340,8,0,1396,0,1404,G
2-PB1,341,1,1394,0,3,1398,T
2-PB1,342,0,1394,0,1,1395,T
2-PB1,343,1,0,0,1414,1415,C
2-PB1,344,1415,1,2,0,1418,A
2-PB1,345,1433,0,0,0,1433,A
2-PB1,346,0,0,0,1435,1435,C
2-PB1,347,1428,0,1,0,1429,A
2-PB1,348,0,2,1436,0,1438,G
2-PB1,349,1411,1,1,0,1413,A
2-PB1,350,0,0,0,1417,1417,C
2-PB1,351,1415,0,0,0,1415,A
2-PB1,352,1401,0,0,0,1401,A
2-PB1,353,0,2,1398,0,1400,G
2-PB1,354,1344,1,0,0,1345,A
2-PB1,355,0,0,1392,0,1392,G
2-PB1,356,0,1388,0,0,1388,T
2-PB1,357,0,2,1394,0,1396,G
2-PB1,358,0,2,1396,0,1398,G
2-PB1,359,1391,0,2,0,1393,A
2-PB1,360,0,0,0,1399,1399,C
2-PB1,361,1372,0,0,0,1372,A
2-PB1,362,1394,1,2,0,1397,A
2-PB1,363,1395,0,0,0,1395,A
2-PB1,364,1,0,0,1400,1401,C
2-PB1,365,1,1388,0,0,1389,T
2-PB1,366,1379,0,0,1,1380,A
2-PB1,367,1388,0,1,0,1389,A
2-PB1,368,2,1,0,1387,1390,C
2-PB1,369,2,0,0,1387,1389,C
2-PB1,370,3,0,0,1387,1390,C
2-PB1,371,1338,0,1,0,1339,A
2-PB1,372,1341,0,0,0,1341,A
2-PB1,373,1,0,1339,0,1340,G
2-PB1,374,1,0,1345,0,1346,G
2-PB1,375,1,1337,1,0,1339,T
2-PB1,376,1,0,0,1330,1331,C
2-PB1,377,2,0,1334,0,1336,G
2-PB1,378,0,0,0,1332,1332,C
2-PB1,379,3,0,0,1339,1342,C
2-PB1,380,1340,1,1,0,1342,A
2-PB1,381,0,3,1360,0,1363,G
2-PB1,382,1380,0,3,0,1383,A
2-PB1,383,0,0,0,1391,1391,C
2-PB1,384,0,1381,0,1,1382,T
2-PB1,385,0,1381,0,0,1381,T
2-PB1,386,1378,0,1,0,1379,A
2-PB1,387,0,1387,0,0,1387,T
2-PB1,388,0,2,1387,0,1389,G
2-PB1,389,1390,0,0,0,1390,A
2-PB1,390,0,1357,0,0,1357,T
2-PB1,391,0,1313,0,0,1313,T
2-PB1,392,1,3,1300,0,1304,G
2-PB1,393,0,1,1311,0,1312,G
2-PB1,394,1331,0,2,0,1333,A
2-PB1,395,0,0,0,1332,1332,C
2-PB1,396,1316,0,0,0,1316,A
2-PB1,397,0,1309,0,0,1309,T
2-PB1,398,1,1314,0,0,1315,T
2-PB1,399,1328,0,0,0,1328,A
2-PB1,400,1326,0,0,0,1326,A
2-PB1,401,1325,0,1,0,1326,A
2-PB1,402,0,0,0,1326,1326,C
2-PB1,403,1297,1,0,0,1298,A
2-PB1,404,0,1,1307,0,1308,G
2-PB1,405,1301,0,1,1,1303,A
2-PB1,406,1303,0,0,0,1303,A
2-PB1,407,1300,0,0,0,1300,A
2-PB1,408,0,1286,1,1,1288,T
2-PB1,409,2,0,0,1290,1292,C
2-PB1,410,1291,0,0,1,1292,A
2-PB1,411,1292,0,0,1,1293,A
2-PB1,412,1,0,0,1291,1292,C
2-PB1,413,1,0,0,1273,1274,C
2-PB1,414,1,1,1279,0,1281,G
2-PB1,415,1,0,1274,1,1276,G
2-PB1,416,0,0,0,1281,1281,C
2-PB1,417,1281,0,0,0,1281,A
2-PB1,418,0,0,1287,0,1287,G
2-PB1,419,0,0,0,1296,1296,C
2-PB1,420,1292,1,1,1,1295,A
2-PB1,421,1296,0,0,0,1296,A
2-PB1,422,0,0,0,1300,1300,C
2-PB1,423,0,1288,0,1,1289,T
2-PB1,424,0,0,1336,0,1336,G
2-PB1,425,1,0,0,1329,1330,C
2-PB1,426,1330,1,0,0,1331,A
2-PB1,427,0,1331,0,0,1331,T
2-PB1,428,0,1310,1,2,1313,T
2-PB1,429,1385,0,1,1,1387,A
2-PB1,430,0,0,1392,0,1392,G
2-PB1,431,0,0,0,1387,1387,C
2-PB1,432,0,0,0,1382,1382,C
2-PB1,433,1335,1,0,0,1336,A
2-PB1,434,1349,0,0,0,1349,A
2-PB1,435,1,0,1,1359,1361,C
2-PB1,436,1362,0,1,0,1363,A
2-PB1,437,0,0,0,1406,1406,C
2-PB1,438,2,0,0,1310,1312,C
2-PB1,439,1309,0,0,0,1309,A
2-PB1,440,0,1310,0,0,1310,T
2-PB1,441,1309,0,1,0,1310,A
2-PB1,442,1,0,1313,0,1314,G
2-PB1,443,1301,0,0,0,1301,A
2-PB1,444,1286,0,0,1,1287,A
2-PB1,445,0,0,1297,0,1297,G
2-PB1,446,0,1259,0,0,1259,T
2-PB1,447,0,1251,2,0,1253,T
2-PB1,448,0,1256,0,0,1256,T
2-PB1,449,0,1252,0,0,1252,T
2-PB1,450,0,1259,0,0,1259,T
2-PB1,451,1261,0,0,0,1261,A
2-PB1,452,0,1,1258,0,1259,G
2-PB1,453,1253,0,0,1,1254,A
2-PB1,454,0,1248,0,0,1248,T
2-PB1,455,0,0,0,1227,1227,C
2-PB1,456,0,2,1226,1,1229,G
2-PB1,457,1227,0,0,0,1227,A
2-PB1,458,1233,0,0,0,1233,A
2-PB1,459,0,1,0,1231,1232,C
2-PB1,460,0,4,1230,0,1234,G
2-PB1,461,0,2,1288,0,1290,G
2-PB1,462,1291,1,0,0,1292,A
2-PB1,463,0,1290,0,0,1290,T
2-PB1,464,0,1293,1,0,1294,T
2-PB1,465,1287,0,1,0,1288,A
2-PB1,466,1289,0,1,0,1290,A
2-PB1,467,0,0,0,1296,1296,C
2-PB1,468,1278,0,1,1,1280,A
2-PB1,469,0,0,1295,0,1295,G
2-PB1,470,1,0,0,1225,1226,C
2-PB1,471,1,1223,0,1,1225,T
2-PB1,472,1232,0,0,0,1232,A
2-PB1,473,1233,0,0,0,1233,A
2-PB1,474,0,1229,0,0,1229,T
2-PB1,475,0,1,1243,0,1244,G
2-PB1,476,1241,0,2,0,1243,A
2-PB1,477,1244,0,1,0,1245,A
2-PB1,478,0,1221,0,0,1221,T
2-PB1,479,2,1,0,1222,1225,C
2-PB1,480,1226,0,1,0,1227,A
2-PB1,481,0,2,1223,0,1225,G
2-PB1,482,0,2,1226,0,1228,G
2-PB1,483,1220,0,0,0,1220,A
2-PB1,484,1201,0,1,0,1202,A
2-PB1,485,0,1,1246,0,1247,G
2-PB1,486,0,1,1245,0,1246,G
2-PB1,487,0,1,0,1246,1247,C
2-PB1,488,0,1249,0,0,1249,T
2-PB1,489,1251,0,0,0,1251,A
2-PB1,490,1247,0,0,0,1247,A
2-PB1,491,1,1250,0,0,1251,T
2-PB1,492,1252,1,0,0,1253,A
2-PB1,493,0,2,1257,0,1259,G
2-PB1,494,1170,0,0,0,1170,A
2-PB1,495,0,1151,0,0,1151,T
2-PB1,496,0,1149,0,0,1149,T
2-PB1,497,1,1144,0,0,1145,T
2-PB1,498,2,0,0,1195,1197,C
2-PB1,499,0,0,0,1194,1194,C
2-PB1,500,0,1190,0,1,1191,T
2-PB1,501,2,0,0,1192,1194,C
2-PB1,502,1191,0,0,0,1191,A
2-PB1,503,1195,0,0,0,1195,A
2-PB1,504,0,3,1195,0,1198,G
2-PB1,505,0,2,1202,0,1204,G
2-PB1,506,1202,0,1,0,1203,A
2-PB1,507,0,1159,0,1,1160,T
2-PB1,508,1,0,1165,0,1166,G
2-PB1,509,0,1165,0,0,1165,T
2-PB1,510,0,0,1174,0,1174,G
2-PB1,511,1177,0,0,0,1177,A
2-PB1,512,1,1168,0,0,1169,T
2-PB1,513,0,1,1166,1,1168,G
2-PB1,514,1,0,1170,0,1171,G
2-PB1,515,1171,1,1,0,1173,A
2-PB1,516,1174,0,1,0,1175,A
2-PB1,517,0,1156,0,0,1156,T
2-PB1,518,0,2,0,1157,1159,C
2-PB1,519,1147,0,0,0,1147,A
2-PB1,520,1146,0,0,0,1146,A
2-PB1,521,0,1142,0,2,1144,T
2-PB1,522,0,2,1147,0,1149,G
2-PB1,523,3,0,1140,0,1143,G
2-PB1,524,1139,1,2,0,1142,A
2-PB1,525,0,0,0,1119,1119,C
2-PB1,526,1137,0,0,1,1138,A
2-PB1,527,1138,0,0,0,1138,A
2-PB1,528,1139,0,0,0,1139,A
2-PB1,529,0,2,1150,0,1152,G
2-PB1,530,1149,0,0,0,1149,A
2-PB1,531,0,1,1148,0,1149,G
2-PB1,532,1,0,1146,0,1147,G
2-PB1,533,1149,1,0,0,1150,A
2-PB1,534,1146,0,1,0,1147,A
2-PB1,535,1147,1,0,1,1149,A
2-PB1,536,0,1149,0,0,1149,T
2-PB1,537,0,1,1172,0,1173,G
2-PB1,538,0,3,1167,0,1170,G
2-PB1,539,1155,0,0,0,1155,A
2-PB1,540,0,1,1160,0,1161,G
2-PB1,541,1151,0,1,0,1152,A
2-PB1,542,0,1167,0,0,1167,T
2-PB1,543,1170,0,0,0,1170,A
2-PB1,544,1177,0,1,0,1178,A
2-PB1,545,1,0,0,1177,1178,C
2-PB1,546,1155,0,0,1,1156,A
2-PB1,547,1161,0,0,0,1161,A
2-PB1,548,0,1,0,1158,1159,C
2-PB1,549,1151,0,2,0,1153,A
2-PB1,550,1,0,0,1152,1153,C
2-PB1,551,1127,0,1,0,1128,A
2-PB1,552,1,0,0,1130,1131,C
2-PB1,553,0,1126,1,2,1129,T
2-PB1,554,0,1117,0,1,1118,T
2-PB1,555,0,1125,0,1,1126,T
2-PB1,556,0,0,0,1122,1122,C
2-PB1,557,1133,0,0,0,1133,A
2-PB1,558,1127,0,0,1,1128,A
2-PB1,559,1134,0,1,0,1135,A
2-PB1,560,1,0,1138,0,1139,G
2-PB1,561,1126,0,0,0,1126,A
2-PB1,562,1131,0,0,0,1131,A
2-PB1,563,1131,0,0,0,1131,A
2-PB1,564,1131,0,1,0,1132,A
2-PB1,565,1129,0,3,0,1132,A
2-PB1,566,0,2,1134,0,1136,G
2-PB1,567,0,1,1133,0,1134,G
2-PB1,568,1122,2,2,0,1126,A
2-PB1,569,0,1,1156,0,1157,G
2-PB1,570,1144,1,2,0,1147,A
2-PB1,571,0,2,1194,0,1196,G
2-PB1,572,0,1195,0,0,1195,T
2-PB1,573,1192,0,0,0,1192,A
2-PB1,574,1189,0,4,0,1193,A
2-PB1,575,0,4,1190,0,1194,G
2-PB1,576,0,5,1193,0,1198,G
2-PB1,577,0,2,1198,0,1200,G
2-PB1,578,1168,0,1,0,1169,A
2-PB1,579,1,1,0,1175,1177,C
2-PB1,580,1136,0,0,0,1136,A
2-PB1,581,1140,0,0,0,1140,A
2-PB1,582,0,0,0,1143,1143,C
2-PB1,583,1138,0,1,0,1139,A
2-PB1,584,0,1129,0,1,1130,T
2-PB1,585,0,2,1122,0,1124,G
2-PB1,586,1125,0,3,0,1128,A
2-PB1,587,0,0,0,1121,1121,C
2-PB1,588,4,0,0,1104,1108,C
2-PB1,589,1112,0,0,0,1112,A
2-PB1,590,1112,0,0,0,1112,A
2-PB1,591,1,0,1124,0,1125,G
2-PB1,592,1122,0,0,0,1122,A
2-PB1,593,1122,1,0,0,1123,A
2-PB1,594,1112,0,0,0,1112,A
2-PB1,595,1113,0,0,0,1113,A
2-PB1,596,0,1107,0,0,1107,T
2-PB1,597,0,1,1108,0,1109,G
2-PB1,598,0,0,1113,0,1113,G
2-PB1,599,0,1091,1,0,1092,T
2-PB1,600,3,0,0,1068,1071,C
2-PB1,601,1083,0,0,0,1083,A
2-PB1,602,0,0,0,1220,1220,C
2-PB1,603,1253,1,0,0,1254,A
2-PB1,604,0,0,0,1264,1264,C
2-PB1,605,1262,0,0,0,1262,A
2-PB1,606,1332,0,0,0,1332,A
2-PB1,607,1324,0,0,0,1324,A
2-PB1,608,4,2,1457,0,1463,G
2-PB1,609,1463,0,1,0,1464,A
2-PB1,610,1487,0,1,0,1488,A
2-PB1,611,0,1,0,1558,1559,C
2-PB1,612,1523,0,0,0,1523,A
2-PB1,613,1539,0,0,0,1539,A
2-PB1,614,0,1543,0,0,1543,T
2-PB1,615,1520,0,0,0,1520,A
2-PB1,616,0,3,1527,0,1530,G
2-PB1,617,0,4,1484,0,1488,G
2-PB1,618,4,1,1488,0,1493,G
2-PB1,619,1492,1,0,0,1493,A
2-PB1,620,1472,1,1,0,1474,A
2-PB1,621,0,1,1491,0,1492,G
2-PB1,622,1491,0,1,0,1492,A
2-PB1,623,1495,0,0,0,1495,A
2-PB1,624,1495,0,0,0,1495,A
2-PB1,625,1504,2,1,0,1507,A
2-PB1,626,1543,0,1,0,1544,A
2-PB1,627,1538,0,0,3,1541,A
2-PB1,628,1,0,0,1548,1549,C
2-PB1,629,1546,0,1,0,1547,A
2-PB1,630,1544,1,0,0,1545,A
2-PB1,631,1542,0,2,0,1544,A
2-PB1,632,0,2,1587,0,1589,G
2-PB1,633,1585,0,1,0,1586,A
2-PB1,634,0,1,1671,0,1672,G
2-PB1,635,0,1657,0,0,1657,T
2-PB1,636,0,5,2015,0,2020,G
2-PB1,637,2027,0,2,0,2029,A
2-PB1,638,2038,1,1,0,2040,A
2-PB1,639,0,2077,0,0,2077,T
2-PB1,640,2087,0,2,0,2089,A
2-PB1,641,2095,0,4,1,2100,A
2-PB1,642,0,6,2094,0,2100,G
2-PB1,643,2064,0,5,0,2069,A
2-PB1,644,2,1,2077,0,2080,G
2-PB1,645,2010,0,2,1,2013,A
2-PB1,646,2,2,2027,0,2031,G
2-PB1,647,0,1,2027,0,2028,G
2-PB1,648,0,0,0,2033,2033,C
2-PB1,649,0,2031,0,0,2031,T
2-PB1,650,2104,1,1,1,2107,A
2-PB1,651,1,5,0,2224,2230,C
2-PB1,652,5,0,0,2233,2238,C
2-PB1,653,1,2261,1,0,2263,T
2-PB1,654,2372,0,2,0,2374,A
2-PB1,655,2358,0,1,0,2359,A
2-PB1,656,0,2366,2,0,2368,T
2-PB1,657,2362,0,1,0,2363,A
2-PB1,658,2359,1,0,0,2360,A
2-PB1,659,0,5,2350,2,2357,G
2-PB1,660,2303,0,1,1,2305,A
2-PB1,661,0,0,2326,0,2326,G
2-PB1,662,1,2,0,2353,2356,C
2-PB1,663,1,2319,0,2,2322,T
2-PB1,664,0,2338,0,0,2338,T
2-PB1,665,1,2341,1,1,2344,T
2-PB1,666,2,3,2340,0,2345,G
2-PB1,667,2388,0,3,0,2391,A
2-PB1,668,0,1,0,2401,2402,C
2-PB1,669,2399,1,0,0,2400,A
2-PB1,670,0,2386,1,2,2389,T
2-PB1,671,0,2376,0,1,2377,T
2-PB1,672,0,4,2438,0,2442,G
2-PB1,673,2438,0,0,1,2439,A
2-PB1,674,2439,2,4,0,2445,A
2-PB1,675,2,0,0,2451,2453,C
2-PB1,676,2448,0,0,0,2448,A
2-PB1,677,0,4,0,2447,2451,C
2-PB1,678,1,4,2439,0,2444,G
2-PB1,679,2463,2,1,0,2466,A
2-PB1,680,0,2459,0,2,2461,T
2-PB1,681,1,7,2514,0,2522,G
2-PB1,682,2516,0,1,0,2517,A
2-PB1,683,0,1,0,2524,2525,C
2-PB1,684,5,3,0,2515,2523,C
2-PB1,685,2529,0,0,0,2529,A
2-PB1,686,2555,0,0,0,2555,A
2-PB1,687,2559,1,4,0,2564,A
2-PB1,688,0,1,2628,0,2629,G
2-PB1,689,2669,1,2,0,2672,A
2-PB1,690,1,2652,0,2,2655,T
2-PB1,691,0,1,2667,0,2668,G
2-PB1,692,1,2,0,2648,2651,C
2-PB1,693,2648,1,5,3,2657,A
2-PB1,694,1,3,2679,0,2683,G
2-PB1,695,2661,0,1,0,2662,A
2-PB1,696,0,1,2669,0,2670,G
2-PB1,697,2604,0,0,0,2604,A
2-PB1,698,1,2,2592,0,2595,G
2-PB1,699,2582,1,2,0,2585,A
2-PB1,700,0,2,2585,0,2587,G
2-PB1,701,2,0,2580,0,2582,G
2-PB1,702,1,0,0,2589,2590,C
2-PB1,703,2578,0,1,0,2579,A
2-PB1,704,2583,0,0,0,2583,A
2-PB1,705,2593,1,1,0,2595,A
2-PB1,706,0,2611,0,0,2611,T
2-PB1,707,2,2609,0,0,2611,T
2-PB1,708,2615,1,1,2,2619,A
2-PB1,709,2607,0,0,0,2607,A
2-PB1,710,2616,0,0,0,2616,A
2-PB1,711,2628,1,0,0,2629,A
2-PB1,712,2631,2,0,0,2633,A
2-PB1,713,0,2,2639,0,2641,G
2-PB1,714,2615,0,0,0,2615,A
2-PB1,715,2611,0,1,0,2612,A
2-PB1,716,0,11,2629,0,2640,G
2-PB1,717,4,1,2662,0,2667,G
2-PB1,718,0,0,2679,0,2679,G
2-PB1,719,1,1,0,2701,2703,C
2-PB1,720,0,2689,0,6,2695,T
2-PB1,721,2737,0,0,0,2737,A
2-PB1,722,1,2784,0,2,2787,T
2-PB1,723,1,2790,0,0,2791,T
2-PB1,724,1,1,2807,0,2809,G
2-PB1,725,2,1,0,2795,2798,C
2-PB1,726,2745,0,6,0,2751,A
2-PB1,727,2758,0,2,0,2760,A
2-PB1,728,1,1,0,2765,2767,C
2-PB1,729,2766,0,0,0,2766,A
2-PB1,730,2,1,0,2755,2758,C
2-PB1,731,3,0,0,2715,2718,C
2-PB1,732,11,1,0,2707,2719,C
2-PB1,733,0,9,2707,0,2716,G
2-PB1,734,0,4,2716,0,2720,G
2-PB1,735,1,1,2731,1,2734,G
2-PB1,736,2746,1,4,0,2751,A
2-PB1,737,0,2737,0,3,2740,T
2-PB1,738,0,0,2732,1,2733,G
2-PB1,739,1,1,1,2720,2723,C
2-PB1,740,2755,0,2,0,2757,A
2-PB1,741,2804,1,0,0,2805,A
2-PB1,742,2824,1,0,1,2826,A
2-PB1,743,1,2836,0,0,2837,T
2-PB1,744,0,2809,15,23,2847,T
2-PB1,745,2833,0,0,0,2833,A
2-PB1,746,0,6,2829,1,2836,G
2-PB1,747,2814,1,4,0,2819,A
2-PB1,748,0,7,2831,0,2838,G
2-PB1,749,2,4,2795,0,2801,G
2-PB1,750,2,1,2894,0,2897,G
2-PB1,751,0,2906,0,0,2906,T
2-PB1,752,0,2889,1,5,2895,T
2-PB1,753,3,1,0,2894,2898,C
2-PB1,754,2,0,2936,0,2938,G
2-PB1,755,1,2933,0,2,2936,T
2-PB1,756,6,1,2935,0,2942,G
2-PB1,757,0,2944,0,2,2946,T
2-PB1,758,2924,0,0,1,2925,A
2-PB1,759,1,0,0,2919,2920,C
2-PB1,760,1,2801,0,0,2802,T
2-PB1,761,0,2813,0,0,2813,T
2-PB1,762,2,0,0,2799,2801,C
2-PB1,763,1,0,2794,0,2795,G
2-PB1,764,0,2788,0,2,2790,T
2-PB1,765,0,2776,0,2,2778,T
2-PB1,766,1,3,2782,0,2786,G
2-PB1,767,2781,0,0,1,2782,A
2-PB1,768,2772,0,0,0,2772,A
2-PB1,769,2794,0,5,0,2799,A
2-PB1,770,0,0,0,2818,2818,C
2-PB1,771,2,2775,1,3,2781,T
2-PB1,772,0,2779,1,1,2781,T
2-PB1,773,1,2780,1,0,2782,T
2-PB1,774,2843,0,3,1,2847,A
2-PB1,775,1,1,2844,0,2846,G
2-PB1,776,0,1,0,2857,2858,C
2-PB1,777,1,2856,0,0,2857,T
2-PB1,778,2831,1,5,0,2837,A
2-PB1,779,1,2,2824,1,2828,G
2-PB1,780,2837,0,0,0,2837,A
2-PB1,781,2833,1,3,0,2837,A
2-PB1,782,0,0,2841,0,2841,G
2-PB1,783,0,0,0,2794,2794,C
2-PB1,784,2797,0,0,0,2797,A
2-PB1,785,1,2791,0,0,2792,T
2-PB1,786,0,2783,0,1,2784,T
2-PB1,787,0,2784,0,2,2786,T
2-PB1,788,1,2,2792,0,2795,G
2-PB1,789,2,0,0,2786,2788,C
2-PB1,790,2,4,2789,0,2795,G
2-PB1,791,2788,0,2,0,2790,A
2-PB1,792,2781,0,0,0,2781,A
2-PB1,793,2779,0,1,0,2780,A
2-PB1,794,2892,0,0,0,2892,A
2-PB1,795,0,0,2918,0,2918,G
2-PB1,796,0,1,0,2924,2925,C
2-PB1,797,0,2915,0,2,2917,T
2-PB1,798,1,2919,0,3,2923,T
2-PB1,799,0,8,2921,0,2929,G
2-PB1,800,2924,0,2,0,2926,A
2-PB1,801,2928,1,1,0,2930,A
2-PB1,802,0,0,0,2944,2944,C
2-PB1,803,2875,1,0,0,2876,A
2-PB1,804,2,1,3177,0,3180,G
2-PB1,805,0,3157,0,0,3157,T
2-PB1,806,7,0,0,3155,3162,C
2-PB1,807,1,3166,0,5,3172,T
2-PB1,808,3,4,3176,0,3183,G
2-PB1,809,0,7,3188,1,3196,G
2-PB1,810,3200,0,0,0,3200,A
2-PB1,811,1,0,1,3202,3204,C
2-PB1,812,0,3108,0,3,3111,T
2-PB1,813,0,2926,0,2,2928,T
2-PB1,814,2,0,0,2925,2927,C
2-PB1,815,19,3,0,2906,2928,C
2-PB1,816,0,10,2939,0,2949,G
2-PB1,817,0,2,2956,0,2958,G
2-PB1,818,0,2937,0,0,2937,T
2-PB1,819,0,2929,0,2,2931,T
2-PB1,820,0,4,2914,0,2918,G
2-PB1,821,0,3,2922,0,2925,G
2-PB1,822,1,10,2917,0,2928,G
2-PB1,823,2,6,2920,0,2928,G
2-PB1,824,1,0,2944,0,2945,G
2-PB1,825,0,2931,0,2,2933,T
2-PB1,826,2935,1,1,1,2938,A
2-PB1,827,2953,0,2,1,2956,A
2-PB1,828,0,2961,0,1,2962,T
2-PB1,829,2,4,2965,0,2971,G
2-PB1,830,2941,1,1,0,2943,A
2-PB1,831,2915,1,1,0,2917,A
2-PB1,832,2924,0,3,0,2927,A
2-PB1,833,2914,0,1,0,2915,A
2-PB1,834,0,0,2914,0,2914,G
2-PB1,835,2890,0,1,0,2891,A
2-PB1,836,2875,0,3,0,2878,A
2-PB1,837,0,4,2889,1,2894,G
2-PB1,838,1,2,2875,0,2878,G
2-PB1,839,1,3,0,2873,2877,C
2-PB1,840,6,0,0,2870,2876,C
2-PB1,841,2886,0,1,0,2887,A
2-PB1,842,2882,1,0,1,2884,A
2-PB1,843,2880,0,1,0,2881,A
2-PB1,844,0,0,1,2877,2878,C
2-PB1,845,1,2887,0,0,2888,T
2-PB1,846,1,3,2924,1,2929,G
2-PB1,847,1,0,2923,0,2924,G
2-PB1,848,1,2,0,2926,2929,C
2-PB1,849,2927,3,1,0,2931,A
2-PB1,850,2929,0,3,0,2932,A
2-PB1,851,2937,0,0,0,2937,A
2-PB1,852,0,2937,0,0,2937,T
2-PB1,853,2,2,2947,1,2952,G
2-PB1,854,1,2941,0,0,2942,T
2-PB1,855,0,2880,0,0,2880,T
2-PB1,856,2,1,2882,0,2885,G
2-PB1,857,0,2874,0,3,2877,T
2-PB1,858,0,3,2881,0,2884,G
2-PB1,859,2878,1,5,0,2884,A
2-PB1,860,0,2,2901,0,2903,G
2-PB1,861,2892,0,0,0,2892,A
2-PB1,862,2875,0,2,0,2877,A
2-PB1,863,2877,1,1,0,2879,A
2-PB1,864,2879,0,1,0,2880,A
2-PB1,865,2890,0,3,0,2893,A
2-PB1,866,1,2885,0,0,2886,T
2-PB1,867,0,2,2885,0,2887,G
2-PB1,868,2889,0,2,0,2891,A
2-PB1,869,0,2863,0,0,2863,T
2-PB1,870,1,4,2884,0,2889,G
2-PB1,871,2895,0,1,1,2897,A
2-PB1,872,0,0,0,2923,2923,C
2-PB1,873,0,2916,0,0,2916,T
2-PB1,874,2916,0,2,0,2918,A
2-PB1,875,2945,0,2,0,2947,A
2-PB1,876,0,2943,0,0,2943,T
2-PB1,877,0,2984,0,2,2986,T
2-PB1,878,2,1,0,3007,3010,C
2-PB1,879,3001,0,8,0,3009,A
2-PB1,880,0,0,0,3021,3021,C
2-PB1,881,2999,1,2,0,3002,A
2-PB1,882,3002,0,6,0,3008,A
2-PB1,883,2,4,3006,0,3012,G
2-PB1,884,3042,2,1,0,3045,A
2-PB1,885,2,1,0,3047,3050,C
2-PB1,886,3015,1,2,0,3018,A
2-PB1,887,2,2,0,3005,3009,C
2-PB1,888,2985,2,6,0,2993,A
2-PB1,889,0,2,3012,0,3014,G
2-PB1,890,3002,0,3,0,3005,A
2-PB1,891,0,1,3012,0,3013,G
2-PB1,892,0,0,0,3001,3001,C
2-PB1,893,0,2917,0,8,2925,T
2-PB1,894,1,2974,2,1,2978,T
2-PB1,895,0,2974,0,2,2976,T
2-PB1,896,0,0,0,2987,2987,C
2-PB1,897,0,2976,0,6,2982,T
2-PB1,898,0,2969,0,0,2969,T
2-PB1,899,0,2960,2,4,2966,T
2-PB1,900,3,2,1,2968,2974,C
2-PB1,901,2965,0,3,0,2968,A
2-PB1,902,1,2,1,2977,2981,C
2-PB1,903,2939,0,2,0,2941,A
2-PB1,904,2952,1,2,0,2955,A
2-PB1,905,0,3001,1,1,3003,T
2-PB1,906,8,0,1,3040,3049,C
2-PB1,907,3063,0,1,1,3065,A
2-PB1,908,3,0,0,3092,3095,C
2-PB1,909,0,3068,0,1,3069,T
2-PB1,910,0,5,3072,0,3077,G
2-PB1,911,0,12,3051,0,3063,G
2-PB1,912,2,7,3152,0,3161,G
2-PB1,913,1,3,3157,1,3162,G
2-PB1,914,3108,0,3,0,3111,A
2-PB1,915,2,0,0,3003,3005,C
2-PB1,916,3044,1,0,0,3045,A
2-PB1,917,3282,0,5,0,3287,A
2-PB1,918,0,1,0,3318,3319,C
2-PB1,919,3306,1,1,0,3308,A
2-PB1,920,1,0,0,3304,3305,C
2-PB1,921,0,3164,1,1,3166,T
2-PB1,922,3169,0,1,0,3170,A
2-PB1,923,3161,1,2,0,3164,A
2-PB1,924,1,0,3192,1,3194,G
2-PB1,925,0,3178,1,1,3180,T
2-PB1,926,0,5,2968,0,2973,G
2-PB1,927,1,1,2955,0,2957,G
2-PB1,928,2949,1,2,0,2952,A
2-PB1,929,2952,1,2,0,2955,A
2-PB1,930,0,2948,1,0,2949,T
2-PB1,931,1,2,2938,0,2941,G
2-PB1,932,2938,0,1,0,2939,A
2-PB1,933,2911,0,0,0,2911,A
2-PB1,934,2926,0,1,1,2928,A
2-PB1,935,2939,0,1,0,2940,A
2-PB1,936,2,2928,1,0,2931,T
2-PB1,937,6,0,0,2930,2936,C
2-PB1,938,2944,0,0,0,2944,A
2-PB1,939,2941,0,1,0,2942,A
2-PB1,940,2926,0,2,0,2928,A
2-PB1,941,2932,1,1,1,2935,A
2-PB1,942,2,0,0,2943,2945,C
2-PB1,943,1,1,0,2922,2924,C
2-PB1,944,6,0,0,2924,2930,C
2-PB1,945,0,2906,0,3,2909,T
2-PB1,946,5,2,0,2918,2925,C
2-PB1,947,1,3,2926,1,2931,G
2-PB1,948,2930,1,0,1,2932,A
2-PB1,949,2928,0,0,0,2928,A
2-PB1,950,1,2925,0,1,2927,T
2-PB1,951,1,0,2939,1,2941,G
2-PB1,952,0,2907,1,4,2912,T
2-PB1,953,0,2914,2,5,2921,T
2-PB1,954,0,2927,0,0,2927,T
2-PB1,955,0,2929,0,1,2930,T
2-PB1,956,0,2926,1,2,2929,T
2-PB1,957,0,5,2921,0,2926,G
2-PB1,958,3,0,2921,0,2924,G
2-PB1,959,0,0,0,2922,2922,C
2-PB1,960,1,3,2900,0,2904,G
2-PB1,961,2903,0,1,0,2904,A
2-PB1,962,0,3013,0,0,3013,T
2-PB1,963,0,7,3117,0,3124,G
2-PB1,964,3266,0,1,0,3267,A
2-PB1,965,0,3277,1,2,3280,T
2-PB1,966,1,3286,0,0,3287,T
2-PB1,967,3312,1,0,0,3313,A
2-PB1,968,2,2,0,3320,3324,C
2-PB1,969,3342,0,1,0,3343,A
2-PB1,970,0,3335,0,0,3335,T
2-PB1,971,3182,0,0,0,3182,A
2-PB1,972,0,1,0,3219,3220,C
2-PB1,973,2949,0,1,2,2952,A
2-PB1,974,1,2944,1,2,2948,T
2-PB1,975,3,2,0,2941,2946,C
2-PB1,976,2928,2,3,1,2934,A
2-PB1,977,0,0,0,2942,2942,C
2-PB1,978,2915,1,0,0,2916,A
2-PB1,979,2919,0,0,0,2919,A
2-PB1,980,2916,1,0,0,2917,A
2-PB1,981,2,6,2815,0,2823,G
2-PB1,982,2970,1,0,0,2971,A
2-PB1,983,2979,2,2,0,2983,A
2-PB1,984,1,2978,1,1,2981,T
2-PB1,985,7,0,0,2972,2979,C
2-PB1,986,3007,0,4,0,3011,A
2-PB1,987,3030,1,1,0,3032,A
2-PB1,988,2,0,0,3037,3039,C
2-PB1,989,2,0,0,3035,3037,C
2-PB1,990,2,2907,0,2,2911,T
2-PB1,991,1,5,2932,0,2938,G
2-PB1,992,2930,0,2,1,2933,A
2-PB1,993,0,0,2943,0,2943,G
2-PB1,994,0,2919,0,0,2919,T
2-PB1,995,0,5,2859,0,2864,G
2-PB1,996,0,1,3023,0,3024,G
2-PB1,997,1,3003,0,4,3008,T
2-PB1,998,1,3005,0,2,3008,T
2-PB1,999,6,0,1,3015,3022,C
2-PB1,1000,3000,0,1,0,3001,A
2-PB1,1001,0,3,3065,1,3069,G
2-PB1,1002,3070,0,1,1,3072,A
2-PB1,1003,3054,0,1,1,3056,A
2-PB1,1004,3046,1,1,1,3049,A
2-PB1,1005,0,1,0,2829,2830,C
2-PB1,1006,2887,1,2,0,2890,A
2-PB1,1007,0,2891,0,2,2893,T
2-PB1,1008,5,0,0,2912,2917,C
2-PB1,1009,1,2,0,2913,2916,C
2-PB1,1010,0,2835,0,8,2843,T
2-PB1,1011,0,8,2838,0,2846,G
2-PB1,1012,2837,0,4,1,2842,A
2-PB1,1013,0,1,2860,0,2861,G
2-PB1,1014,1,1,0,2842,2844,C
2-PB1,1015,2766,1,1,0,2768,A
2-PB1,1016,1,2767,0,2,2770,T
2-PB1,1017,3,1,0,2744,2748,C
2-PB1,1018,1,0,2745,0,2746,G
2-PB1,1019,2,1,0,2816,2819,C
2-PB1,1020,2823,1,2,0,2826,A
2-PB1,1021,1,1,0,2917,2919,C
2-PB1,1022,4,0,1,2909,2914,C
2-PB1,1023,2914,1,0,1,2916,A
2-PB1,1024,2962,0,0,0,2962,A
2-PB1,1025,1,2951,0,0,2952,T
2-PB1,1026,2950,1,1,0,2952,A
2-PB1,1027,2945,1,1,0,2947,A
2-PB1,1028,2,2869,1,0,2872,T
2-PB1,1029,0,2,2888,0,2890,G
2-PB1,1030,0,2799,0,1,2800,T
2-PB1,1031,2,2776,0,1,2779,T
2-PB1,1032,3,1,0,2797,2801,C
2-PB1,1033,0,2784,0,2,2786,T
2-PB1,1034,5,0,0,2793,2798,C
2-PB1,1035,2796,0,0,0,2796,A
2-PB1,1036,2805,0,0,1,2806,A
2-PB1,1037,2796,0,3,2,2801,A
2-PB1,1038,0,1,0,2811,2812,C
2-PB1,1039,2801,1,2,0,2804,A
2-PB1,1040,2801,0,2,1,2804,A
2-PB1,1041,2794,1,0,0,2795,A
2-PB1,1042,2809,0,2,0,2811,A
2-PB1,1043,0,2841,1,0,2842,T
2-PB1,1044,1,3,2855,0,2859,G
2-PB1,1045,0,2,2846,0,2848,G
2-PB1,1046,0,1,0,2849,2850,C
2-PB1,1047,2837,0,3,0,2840,A
2-PB1,1048,2857,1,1,0,2859,A
2-PB1,1049,0,5,2872,0,2877,G
2-PB1,1050,2872,0,6,0,2878,A
2-PB1,1051,0,0,0,2885,2885,C
2-PB1,1052,0,2833,0,1,2834,T
2-PB1,1053,0,5,2877,0,2882,G
2-PB1,1054,2,4,2883,0,2889,G
2-PB1,1055,0,3,2911,0,2914,G
2-PB1,1056,2914,1,3,0,2918,A
2-PB1,1057,2908,0,0,0,2908,A
2-PB1,1058,2889,1,1,1,2892,A
2-PB1,1059,2880,0,5,0,2885,A
2-PB1,1060,1,6,2947,0,2954,G
2-PB1,1061,0,4,2940,0,2944,G
2-PB1,1062,2953,1,1,0,2955,A
2-PB1,1063,1,2933,0,4,2938,T
2-PB1,1064,2933,0,1,0,2934,A
2-PB1,1065,0,0,0,2934,2934,C
2-PB1,1066,2966,0,1,0,2967,A
2-PB1,1067,0,2953,0,2,2955,T
2-PB1,1068,0,2,2988,0,2990,G
2-PB1,1069,0,2936,0,9,2945,T
2-PB1,1070,0,2942,1,3,2946,T
2-PB1,1071,6,3,0,2927,2936,C
2-PB1,1072,1,2,2935,0,2938,G
2-PB1,1073,2934,1,1,0,2936,A
2-PB1,1074,0,7,2997,0,3004,G
2-PB1,1075,2943,0,1,1,2945,A
2-PB1,1076,2,2,2985,0,2989,G
2-PB1,1077,0,2976,0,1,2977,T
2-PB1,1078,2972,0,0,0,2972,A
2-PB1,1079,2978,0,4,0,2982,A
2-PB1,1080,0,4,2993,0,2997,G
2-PB1,1081,2986,0,3,0,2989,A
2-PB1,1082,0,1,3036,0,3037,G
2-PB1,1083,2954,1,1,1,2957,A
2-PB1,1084,2979,1,2,0,2982,A
2-PB1,1085,2,2952,0,0,2954,T
2-PB1,1086,1,3,2942,0,2946,G
2-PB1,1087,2937,0,8,0,2945,A
2-PB1,1088,2921,0,7,0,2928,A
2-PB1,1089,0,1,2931,0,2932,G
2-PB1,1090,0,0,0,2931,2931,C
2-PB1,1091,1,2883,0,1,2885,T
2-PB1,1092,4,0,1,2895,2900,C
2-PB1,1093,4,0,0,2905,2909,C
2-PB1,1094,2,3,2914,0,2919,G
2-PB1,1095,1,3,2925,0,2929,G
2-PB1,1096,2935,2,2,0,2939,A
2-PB1,1097,0,0,0,2979,2979,C
2-PB1,1098,2980,0,1,0,2981,A
2-PB1,1099,0,1,0,2998,2999,C
2-PB1,1100,2988,2,3,0,2993,A
2-PB1,1101,2987,0,5,0,2992,A
2-PB1,1102,2985,0,2,0,2987,A
2-PB1,1103,0,3001,0,0,3001,T
2-PB1,1104,3007,0,0,0,3007,A
2-PB1,1105,0,0,0,3009,3009,C
2-PB1,1106,1,4,2,2985,2992,C
2-PB1,1107,1,2958,0,3,2962,T
2-PB1,1108,0,1,2974,0,2975,G
2-PB1,1109,0,1,0,2987,2988,C
2-PB1,1110,2976,0,1,1,2978,A
2-PB1,1111,0,3,2975,0,2978,G
2-PB1,1112,2963,0,1,0,2964,A
2-PB1,1113,2956,1,3,0,2960,A
2-PB1,1114,2967,0,2,1,2970,A
2-PB1,1115,0,2970,0,1,2971,T
2-PB1,1116,0,1,2974,0,2975,G
2-PB1,1117,0,0,0,2955,2955,C
2-PB1,1118,0,2943,1,10,2954,T
2-PB1,1119,2982,0,4,0,2986,A
2-PB1,1120,2,1,2983,0,2986,G
2-PB1,1121,2,0,0,2984,2986,C
2-PB1,1122,2984,0,0,0,2984,A
2-PB1,1123,2973,0,2,0,2975,A
2-PB1,1124,0,0,2965,0,2965,G
2-PB1,1125,0,0,1,2960,2961,C
2-PB1,1126,2925,0,0,0,2925,A
2-PB1,1127,0,2969,0,1,2970,T
2-PB1,1128,0,2978,0,0,2978,T
2-PB1,1129,7,2,3045,0,3054,G
2-PB1,1130,3085,0,3,0,3088,A
2-PB1,1131,2,0,0,3077,3079,C
2-PB1,1132,4,0,0,3078,3082,C
2-PB1,1133,0,3021,0,6,3027,T
2-PB1,1134,0,5,3062,0,3067,G
2-PB1,1135,3073,0,1,1,3075,A
2-PB1,1136,3073,2,3,0,3078,A
2-PB1,1137,1,1,3118,0,3120,G
2-PB1,1138,1,3033,0,1,3035,T
2-PB1,1139,3037,1,1,0,3039,A
2-PB1,1140,0,3004,0,3,3007,T
2-PB1,1141,1,3011,0,3,3015,T
2-PB1,1142,1,3010,1,2,3014,T
2-PB1,1143,2,0,0,2982,2984,C
2-PB1,1144,2979,1,1,0,2981,A
2-PB1,1145,2986,0,2,0,2988,A
2-PB1,1146,1,3,0,2920,2924,C
2-PB1,1147,0,4,2928,0,2932,G
2-PB1,1148,2943,1,1,0,2945,A
2-PB1,1149,2940,1,0,0,2941,A
2-PB1,1150,0,2933,1,1,2935,T
2-PB1,1151,10,0,0,2943,2953,C
2-PB1,1152,2949,1,3,0,2953,A
2-PB1,1153,2964,0,1,0,2965,A
2-PB1,1154,0,1,1,2953,2955,C
2-PB1,1155,2953,0,3,0,2956,A
2-PB1,1156,2954,0,0,0,2954,A
2-PB1,1157,0,5,2945,0,2950,G
2-PB1,1158,9,2,2955,0,2966,G
2-PB1,1159,2961,1,3,0,2965,A
2-PB1,1160,2942,0,12,1,2955,A
2-PB1,1161,3,3,2947,0,2953,G
2-PB1,1162,2949,0,1,1,2951,A
2-PB1,1163,2951,0,1,0,2952,A
2-PB1,1164,2953,0,1,0,2954,A
2-PB1,1165,2949,0,3,0,2952,A
2-PB1,1166,0,2933,0,3,2936,T
2-PB1,1167,1,2910,0,1,2912,T
2-PB1,1168,0,9,2926,0,2935,G
2-PB1,1169,2918,0,4,0,2922,A
2-PB1,1170,2,2,2921,0,2925,G
2-PB1,1171,2917,1,0,0,2918,A
2-PB1,1172,2935,0,0,0,2935,A
2-PB1,1173,2971,0,1,0,2972,A
2-PB1,1174,2987,0,0,0,2987,A
2-PB1,1175,0,2989,0,1,2990,T
2-PB1,1176,2990,1,1,0,2992,A
2-PB1,1177,2984,0,6,0,2990,A
2-PB1,1178,1,3,2997,0,3001,G
2-PB1,1179,2,0,2992,0,2994,G
2-PB1,1180,3,1,0,2985,2989,C
2-PB1,1181,1,1,0,2978,2980,C
2-PB1,1182,1,2968,0,1,2970,T
2-PB1,1183,3,0,0,3380,3383,C
2-PB1,1184,0,3425,0,4,3429,T
2-PB1,1185,0,3435,0,1,3436,T
2-PB1,1186,1,0,0,3497,3498,C
2-PB1,1187,0,3486,0,3,3489,T
2-PB1,1188,3496,0,1,0,3497,A
2-PB1,1189,3494,1,1,0,3496,A
2-PB1,1190,0,3497,0,0,3497,T
2-PB1,1191,3513,1,0,0,3514,A
2-PB1,1192,0,2,3441,0,3443,G
2-PB1,1193,3171,0,0,0,3171,A
2-PB1,1194,1,3175,0,3,3179,T
2-PB1,1195,0,9,3125,0,3134,G
2-PB1,1196,2,1,3175,0,3178,G
2-PB1,1197,1,3,0,3161,3165,C
2-PB1,1198,3186,0,2,0,3188,A
2-PB1,1199,0,1,0,3197,3198,C
2-PB1,1200,3151,0,5,0,3156,A
2-PB1,1201,0,0,3277,2,3279,G
2-PB1,1202,0,0,0,3270,3270,C
2-PB1,1203,3280,0,1,0,3281,A
2-PB1,1204,2,3348,0,2,3352,T
2-PB1,1205,8,2,0,3312,3322,C
2-PB1,1206,3358,0,0,0,3358,A
2-PB1,1207,0,3350,0,0,3350,T
2-PB1,1208,0,3333,0,0,3333,T
2-PB1,1209,2,2,3321,0,3325,G
2-PB1,1210,3215,0,7,1,3223,A
2-PB1,1211,1,0,3302,0,3303,G
2-PB1,1212,2,1,0,3290,3293,C
2-PB1,1213,6,2,0,3238,3246,C
2-PB1,1214,7,1,0,3281,3289,C
2-PB1,1215,2,3262,0,3,3267,T
2-PB1,1216,1,5,3401,0,3407,G
2-PB1,1217,0,3,3448,1,3452,G
2-PB1,1218,3444,0,6,0,3450,A
2-PB1,1219,3511,0,1,0,3512,A
2-PB1,1220,1,3394,0,0,3395,T
2-PB1,1221,0,5,3459,0,3464,G
2-PB1,1222,3489,1,2,0,3492,A
2-PB1,1223,1,3460,1,0,3462,T
2-PB1,1224,0,3,3468,0,3471,G
2-PB1,1225,3432,0,0,0,3432,A
2-PB1,1226,1,3407,0,0,3408,T
2-PB1,1227,2,14,3402,0,3418,G
2-PB1,1228,11,5,3418,0,3434,G
2-PB1,1229,1,1,3436,0,3438,G
2-PB1,1230,0,0,1,3413,3414,C
2-PB1,1231,3411,1,3,0,3415,A
2-PB1,1232,2,3425,0,0,3427,T
2-PB1,1233,0,0,3585,0,3585,G
2-PB1,1234,0,3591,0,6,3597,T
2-PB1,1235,0,3629,0,1,3630,T
2-PB1,1236,5,0,0,3647,3652,C
2-PB1,1237,3637,1,2,0,3640,A
2-PB1,1238,3652,1,2,0,3655,A
2-PB1,1239,2,0,0,3653,3655,C
2-PB1,1240,3657,0,1,0,3658,A
2-PB1,1241,0,3639,0,2,3641,T
2-PB1,1242,1,3,3601,0,3605,G
2-PB1,1243,0,4,0,3603,3607,C
2-PB1,1244,3,3573,0,0,3576,T
2-PB1,1245,1,9,3534,0,3544,G
2-PB1,1246,3625,1,3,0,3629,A
2-PB1,1247,0,1,3673,0,3674,G
2-PB1,1248,0,3669,0,3,3672,T
2-PB1,1249,3659,0,1,0,3660,A
2-PB1,1250,0,5,0,3675,3680,C
2-PB1,1251,0,8,3677,0,3685,G
2-PB1,1252,0,0,3900,0,3900,G
2-PB1,1253,0,3877,0,4,3881,T
2-PB1,1254,0,3823,0,0,3823,T
2-PB1,1255,0,3823,0,2,3825,T
2-PB1,1256,0,3805,1,0,3806,T
2-PB1,1257,3801,0,9,0,3810,A
2-PB1,1258,0,7,3804,0,3811,G
2-PB1,1259,0,9,3805,0,3814,G
2-PB1,1260,3694,0,2,0,3696,A
2-PB1,1261,4,1,3669,0,3674,G
2-PB1,1262,1,3687,0,3,3691,T
2-PB1,1263,5,1,0,3702,3708,C
2-PB1,1264,1,3703,1,2,3707,T
2-PB1,1265,7,3,0,3699,3709,C
2-PB1,1266,1,6,3711,1,3719,G
2-PB1,1267,3829,0,1,0,3830,A
2-PB1,1268,0,3839,1,2,3842,T
2-PB1,1269,3850,1,0,0,3851,A
2-PB1,1270,2,0,0,3850,3852,C
2-PB1,1271,2,3777,0,7,3786,T
2-PB1,1272,49,7,3731,0,3787,G
2-PB1,1273,3777,0,0,0,3777,A
2-PB1,1274,3836,0,1,0,3837,A
2-PB1,1275,0,3835,1,1,3837,T
2-PB1,1276,4,0,0,3747,3751,C
2-PB1,1277,1,3725,0,2,3728,T
2-PB1,1278,2,3715,0,1,3718,T
2-PB1,1279,0,1,3709,0,3710,G
2-PB1,1280,0,11,3711,0,3722,G
2-PB1,1281,3710,2,1,0,3713,A
2-PB1,1282,0,0,0,3718,3718,C
2-PB1,1283,3657,0,3,0,3660,A
2-PB1,1284,3663,1,2,0,3666,A
2-PB1,1285,3677,0,2,0,3679,A
2-PB1,1286,3679,0,5,0,3684,A
2-PB1,1287,0,3,3736,0,3739,G
2-PB1,1288,3728,1,6,0,3735,A
2-PB1,1289,3728,1,1,1,3731,A
2-PB1,1290,3741,0,5,0,3746,A
2-PB1,1291,1,3741,0,1,3743,T
2-PB1,1292,3752,0,0,0,3752,A
2-PB1,1293,2,1,0,3858,3861,C
2-PB1,1294,3826,0,4,1,3831,A
2-PB1,1295,0,2,0,3842,3844,C
2-PB1,1296,6,0,0,3782,3788,C
2-PB1,1297,3782,0,0,0,3782,A
2-PB1,1298,3814,0,4,1,3819,A
2-PB1,1299,0,7,3914,1,3922,G
2-PB1,1300,3961,1,10,0,3972,A
2-PB1,1301,1,2,0,3988,3991,C
2-PB1,1302,3907,0,2,0,3909,A
2-PB1,1303,4020,2,1,2,4025,A
2-PB1,1304,2,2,0,4032,4036,C
2-PB1,1305,4085,0,1,0,4086,A
2-PB1,1306,0,4095,0,1,4096,T
2-PB1,1307,4070,0,1,0,4071,A
2-PB1,1308,1,0,0,4145,4146,C
2-PB1,1309,0,3995,1,4,4000,T
2-PB1,1310,0,5,4031,0,4036,G
2-PB1,1311,1,1,4030,0,4032,G
2-PB1,1312,1,3941,1,1,3944,T
2-PB1,1313,0,9,3915,0,3924,G
2-PB1,1314,2,7,3867,0,3876,G
2-PB1,1315,0,3,3900,1,3904,G
2-PB1,1316,3890,2,7,0,3899,A
2-PB1,1317,1,3805,0,9,3815,T
2-PB1,1318,0,10,3805,0,3815,G
2-PB1,1319,0,4,3778,1,3783,G
2-PB1,1320,1,0,3789,0,3790,G
2-PB1,1321,0,2,0,3849,3851,C
2-PB1,1322,2,3819,0,7,3828,T
2-PB1,1323,6,0,0,3850,3856,C
2-PB1,1324,4,1,1,3844,3850,C
2-PB1,1325,3850,0,2,0,3852,A
2-PB1,1326,3858,0,0,1,3859,A
2-PB1,1327,0,3838,0,1,3839,T
2-PB1,1328,5,1,1,3801,3808,C
2-PB1,1329,7,0,0,3781,3788,C
2-PB1,1330,1,3738,0,3,3742,T
2-PB1,1331,2,1,0,3744,3747,C
2-PB1,1332,4,5,0,3729,3738,C
2-PB1,1333,6,7,3734,1,3748,G
2-PB1,1334,3737,0,2,0,3739,A
2-PB1,1335,2,2,0,3733,3737,C
2-PB1,1336,0,5,3737,0,3742,G
2-PB1,1337,3758,0,0,0,3758,A
2-PB1,1338,0,3748,0,2,3750,T
2-PB1,1339,0,3746,0,1,3747,T
2-PB1,1340,0,3748,0,2,3750,T
2-PB1,1341,1,3754,0,1,3756,T
2-PB1,1342,0,0,3759,0,3759,G
2-PB1,1343,1,2,0,3780,3783,C
2-PB1,1344,5,1,0,3798,3804,C
2-PB1,1345,5,2,0,3888,3895,C
2-PB1,1346,0,3834,0,6,3840,T
2-PB1,1347,3,0,0,3997,4000,C
2-PB1,1348,4009,0,2,0,4011,A
2-PB1,1349,0,4016,0,1,4017,T
2-PB1,1350,4011,1,4,0,4016,A
2-PB1,1351,0,1,4048,0,4049,G
2-PB1,1352,0,4008,0,1,4009,T
2-PB1,1353,2,3,4047,0,4052,G
2-PB1,1354,3937,0,0,0,3937,A
2-PB1,1355,3951,0,2,0,3953,A
2-PB1,1356,0,3785,0,1,3786,T
2-PB1,1357,1,2,3787,0,3790,G
2-PB1,1358,1,1,0,3842,3844,C
2-PB1,1359,3831,1,1,0,3833,A
2-PB1,1360,3,0,0,3821,3824,C
2-PB1,1361,4,1,0,3796,3801,C
2-PB1,1362,3751,0,1,1,3753,A
2-PB1,1363,0,2,3603,1,3606,G
2-PB1,1364,3594,0,1,0,3595,A
2-PB1,1365,2,3595,0,0,3597,T
2-PB1,1366,4,0,0,3771,3775,C
2-PB1,1367,3777,0,1,0,3778,A
2-PB1,1368,2,3782,0,2,3786,T
2-PB1,1369,9,6,3785,0,3800,G
2-PB1,1370,3786,0,5,0,3791,A
2-PB1,1371,1,12,3781,0,3794,G
2-PB1,1372,1,6,3694,1,3702,G
2-PB1,1373,3,7,3711,1,3722,G
2-PB1,1374,3683,0,6,0,3689,A
2-PB1,1375,3732,0,4,0,3736,A
2-PB1,1376,0,3739,0,2,3741,T
2-PB1,1377,3741,0,1,0,3742,A
2-PB1,1378,2,0,0,3749,3751,C
2-PB1,1379,3747,0,1,0,3748,A
2-PB1,1380,3738,1,5,1,3745,A
2-PB1,1381,0,0,3742,0,3742,G
2-PB1,1382,1,1,0,3721,3723,C
2-PB1,1383,3710,1,2,0,3713,A
2-PB1,1384,3,3,3742,0,3748,G
2-PB1,1385,0,6,3738,0,3744,G
2-PB1,1386,3730,1,2,0,3733,A
2-PB1,1387,0,16,3743,0,3759,G
2-PB1,1388,1,3699,0,1,3701,T
2-PB1,1389,2,6,3737,1,3746,G
2-PB1,1390,0,1,3770,0,3771,G
2-PB1,1391,3761,2,2,0,3765,A
2-PB1,1392,0,3764,0,1,3765,T
2-PB1,1393,3686,0,2,1,3689,A
2-PB1,1394,0,4,3724,0,3728,G
2-PB1,1395,3755,0,10,0,3765,A
2-PB1,1396,0,3754,0,0,3754,T
2-PB1,1397,0,3747,0,1,3748,T
2-PB1,1398,8,11,2,3811,3832,C
2-PB1,1399,0,3806,2,1,3809,T
2-PB1,1400,3807,2,0,0,3809,A
2-PB1,1401,2,0,0,3803,3805,C
2-PB1,1402,3716,1,6,1,3724,A
2-PB1,1403,0,2,3730,0,3732,G
2-PB1,1404,0,6,3669,0,3675,G
2-PB1,1405,3694,0,5,0,3699,A
2-PB1,1406,1,2,0,3678,3681,C
2-PB1,1407,4,0,0,3587,3591,C
2-PB1,1408,2,3554,1,7,3564,T
2-PB1,1409,0,2,3566,0,3568,G
2-PB1,1410,1,1,0,3558,3560,C
2-PB1,1411,3564,1,2,0,3567,A
2-PB1,1412,3582,1,1,0,3584,A
2-PB1,1413,1,0,3588,0,3589,G
2-PB1,1414,0,3523,2,3,3528,T
2-PB1,1415,0,3520,0,2,3522,T
2-PB1,1416,3481,1,2,0,3484,A
2-PB1,1417,0,0,3489,0,3489,G
2-PB1,1418,4,3469,0,2,3475,T
2-PB1,1419,2,9,3460,0,3471,G
2-PB1,1420,2,5,3453,0,3460,G
2-PB1,1421,4,2,3470,0,3476,G
2-PB1,1422,3448,2,3,0,3453,A
2-PB1,1423,3468,0,3,0,3471,A
2-PB1,1424,1,3462,0,1,3464,T
2-PB1,1425,5,0,0,3464,3469,C
2-PB1,1426,3453,0,5,0,3458,A
2-PB1,1427,3466,1,2,0,3469,A
2-PB1,1428,0,0,0,3463,3463,C
2-PB1,1429,3456,0,1,0,3457,A
2-PB1,1430,0,3358,1,1,3360,T
2-PB1,1431,1,7,3371,0,3379,G
2-PB1,1432,3362,0,7,1,3370,A
2-PB1,1433,0,2,3398,0,3400,G
2-PB1,1434,0,0,0,3381,3381,C
2-PB1,1435,3378,0,1,0,3379,A
2-PB1,1436,3378,1,0,0,3379,A
2-PB1,1437,3382,1,1,1,3385,A
2-PB1,1438,3414,0,0,0,3414,A
2-PB1,1439,3407,2,6,0,3415,A
2-PB1,1440,0,1,3411,0,3412,G
2-PB1,1441,3380,2,2,0,3384,A
2-PB1,1442,3350,0,2,0,3352,A
2-PB1,1443,1,2,3473,1,3477,G
2-PB1,1444,1,3460,1,0,3462,T
2-PB1,1445,6,1,0,3449,3456,C
2-PB1,1446,5,0,0,3470,3475,C
2-PB1,1447,0,3443,0,1,3444,T
2-PB1,1448,3491,0,1,0,3492,A
2-PB1,1449,0,3484,0,2,3486,T
2-PB1,1450,3486,0,0,0,3486,A
2-PB1,1451,1,3489,0,0,3490,T
2-PB1,1452,3380,0,0,0,3380,A
2-PB1,1453,3385,0,1,0,3386,A
2-PB1,1454,3378,0,0,0,3378,A
2-PB1,1455,0,3369,0,1,3370,T
2-PB1,1456,3331,0,0,0,3331,A
2-PB1,1457,3321,2,1,0,3324,A
2-PB1,1458,3334,0,0,0,3334,A
2-PB1,1459,3348,0,0,0,3348,A
2-PB1,1460,3,0,0,3348,3351,C
2-PB1,1461,3214,0,6,0,3220,A
2-PB1,1462,1,10,3214,1,3226,G
2-PB1,1463,0,2,3202,0,3204,G
2-PB1,1464,1,3,3210,0,3214,G
2-PB1,1465,3220,0,3,0,3223,A
2-PB1,1466,0,1,0,3232,3233,C
2-PB1,1467,3208,0,1,0,3209,A
2-PB1,1468,0,3214,0,0,3214,T
2-PB1,1469,2,3219,0,3,3224,T
2-PB1,1470,0,3228,0,3,3231,T
2-PB1,1471,3,4,3225,1,3233,G
2-PB1,1472,3206,2,1,0,3209,A
2-PB1,1473,3225,0,0,0,3225,A
2-PB1,1474,0,3211,0,2,3213,T
2-PB1,1475,1,3139,1,0,3141,T
2-PB1,1476,6,1,0,3154,3161,C
2-PB1,1477,3120,1,2,1,3124,A
2-PB1,1478,1,0,0,3128,3129,C
2-PB1,1479,1,3125,0,0,3126,T
2-PB1,1480,3132,1,0,1,3134,A
2-PB1,1481,0,0,3126,0,3126,G
2-PB1,1482,1,2,0,3116,3119,C
2-PB1,1483,0,3092,1,8,3101,T
2-PB1,1484,1,3130,1,1,3133,T
2-PB1,1485,0,3121,0,0,3121,T
2-PB1,1486,1,3122,0,0,3123,T
2-PB1,1487,0,3127,0,1,3128,T
2-PB1,1488,0,3122,1,3,3126,T
2-PB1,1489,0,3116,1,0,3117,T
2-PB1,1490,3112,0,1,0,3113,A
2-PB1,1491,0,3106,0,0,3106,T
2-PB1,1492,2,0,0,3092,3094,C
2-PB1,1493,0,1,3115,1,3117,G
2-PB1,1494,3197,1,0,0,3198,A
2-PB1,1495,1,3219,0,0,3220,T
2-PB1,1496,3197,1,0,0,3198,A
2-PB1,1497,1,3230,0,2,3233,T
2-PB1,1498,5,4,3219,0,3228,G
2-PB1,1499,0,2,3249,0,3251,G
2-PB1,1500,3248,0,6,1,3255,A
2-PB1,1501,0,3231,2,1,3234,T
2-PB1,1502,0,3199,0,0,3199,T
2-PB1,1503,0,3106,0,0,3106,T
2-PB1,1504,0,0,3105,0,3105,G
2-PB1,1505,1,3093,0,3,3097,T
2-PB1,1506,2,3,3078,0,3083,G
2-PB1,1507,1,2,3082,2,3087,G
2-PB1,1508,2,0,1,3063,3066,C
2-PB1,1509,1,3062,0,2,3065,T
2-PB1,1510,3077,0,0,0,3077,A
2-PB1,1511,3093,1,2,0,3096,A
2-PB1,1512,1,3113,0,0,3114,T
2-PB1,1513,0,3114,1,0,3115,T
2-PB1,1514,1,3111,0,1,3113,T
2-PB1,1515,0,3111,0,1,3112,T
2-PB1,1516,3106,0,1,2,3109,A
2-PB1,1517,1,1,3127,0,3129,G
2-PB1,1518,2,0,0,3128,3130,C
2-PB1,1519,3119,0,1,0,3120,A
2-PB1,1520,2,3074,0,1,3077,T
2-PB1,1521,1,4,3024,2,3031,G
2-PB1,1522,0,7,3084,1,3092,G
2-PB1,1523,3069,0,6,0,3075,A
2-PB1,1524,1,0,3086,0,3087,G
2-PB1,1525,3,1,0,3069,3073,C
2-PB1,1526,0,3022,0,1,3023,T
2-PB1,1527,0,2,3049,0,3051,G
2-PB1,1528,4,1,0,3042,3047,C
2-PB1,1529,9,1,0,3024,3034,C
2-PB1,1530,5,0,0,3048,3053,C
2-PB1,1531,2974,0,0,0,2974,A
2-PB1,1532,0,0,3121,0,3121,G
2-PB1,1533,0,3112,1,4,3117,T
2-PB1,1534,1,3112,0,0,3113,T
2-PB1,1535,0,3119,1,1,3121,T
2-PB1,1536,0,3080,0,1,3081,T
2-PB1,1537,0,6,3063,1,3070,G
2-PB1,1538,1,5,3066,0,3072,G
2-PB1,1539,3050,1,4,0,3055,A
2-PB1,1540,0,0,3060,0,3060,G
2-PB1,1541,0,2782,0,0,2782,T
2-PB1,1542,1,0,2900,0,2901,G
2-PB1,1543,0,2894,0,1,2895,T
2-PB1,1544,8,2,0,2888,2898,C
2-PB1,1545,1,2891,1,2,2895,T
2-PB1,1546,2,4,2906,1,2913,G
2-PB1,1547,0,4,2937,0,2941,G
2-PB1,1548,2944,1,1,0,2946,A
2-PB1,1549,2939,0,1,0,2940,A
2-PB1,1550,0,2923,0,0,2923,T
2-PB1,1551,2666,0,0,0,2666,A
2-PB1,1552,2666,0,1,0,2667,A
2-PB1,1553,2664,0,1,0,2665,A
2-PB1,1554,0,0,0,2664,2664,C
2-PB1,1555,2,6,2629,0,2637,G
2-PB1,1556,2598,1,1,0,2600,A
2-PB1,1557,0,0,2598,0,2598,G
2-PB1,1558,1,2585,1,1,2588,T
2-PB1,1559,7,0,0,2596,2603,C
2-PB1,1560,2585,1,2,0,2588,A
2-PB1,1561,0,0,2604,0,2604,G
2-PB1,1562,0,0,0,2605,2605,C
2-PB1,1563,0,2596,0,0,2596,T
2-PB1,1564,0,4,2649,0,2653,G
2-PB1,1565,2633,0,1,0,2634,A
2-PB1,1566,0,2635,0,1,2636,T
2-PB1,1567,2632,0,0,0,2632,A
2-PB1,1568,0,2575,1,1,2577,T
2-PB1,1569,2,2,2583,0,2587,G
2-PB1,1570,2451,0,3,0,2454,A
2-PB1,1571,0,1,2483,0,2484,G
2-PB1,1572,0,2,0,2488,2490,C
2-PB1,1573,2339,0,1,0,2340,A
2-PB1,1574,0,2329,0,1,2330,T
2-PB1,1575,1,2342,0,1,2344,T
2-PB1,1576,0,1,2355,0,2356,G
2-PB1,1577,2,1,2426,0,2429,G
2-PB1,1578,2383,1,2,0,2386,A
2-PB1,1579,0,2,2394,0,2396,G
2-PB1,1580,0,2279,1,0,2280,T
2-PB1,1581,2269,0,0,0,2269,A
2-PB1,1582,2270,0,0,0,2270,A
2-PB1,1583,2,0,0,2277,2279,C
2-PB1,1584,2253,0,0,0,2253,A
2-PB1,1585,0,1,2277,0,2278,G
2-PB1,1586,0,1927,1,1,1929,T
2-PB1,1587,0,2,1947,0,1949,G
2-PB1,1588,1960,1,1,0,1962,A
2-PB1,1589,0,1956,1,1,1958,T
2-PB1,1590,1953,0,0,0,1953,A
2-PB1,1591,1947,1,0,0,1948,A
2-PB1,1592,1885,0,3,1,1889,A
2-PB1,1593,0,6,1892,0,1898,G
2-PB1,1594,1782,0,2,0,1784,A
2-PB1,1595,1774,0,1,0,1775,A
2-PB1,1596,0,0,0,1777,1777,C
2-PB1,1597,1672,0,1,0,1673,A
2-PB1,1598,1685,0,4,0,1689,A
2-PB1,1599,2,0,0,1686,1688,C
2-PB1,1600,1706,0,0,0,1706,A
2-PB1,1601,0,1698,9,0,1707,T
2-PB1,1602,0,1,1649,0,1650,G
2-PB1,1603,1653,2,0,0,1655,A
2-PB1,1604,1,1653,0,0,1654,T
2-PB1,1605,1631,0,0,1,1632,A
2-PB1,1606,1630,1,0,1,1632,A
2-PB1,1607,1603,1,0,0,1604,A
2-PB1,1608,0,2,0,1615,1617,C
2-PB1,1609,1530,0,0,0,1530,A
2-PB1,1610,1528,0,1,0,1529,A
2-PB1,1611,0,1502,0,0,1502,T
2-PB1,1612,1,5,1494,0,1500,G
2-PB1,1613,1542,1,0,0,1543,A
2-PB1,1614,1,0,0,1563,1564,C
2-PB1,1615,1,0,0,1521,1522,C
2-PB1,1616,0,1450,0,0,1450,T
2-PB1,1617,0,1404,1,1,1406,T
2-PB1,1618,0,1,1413,0,1414,G
2-PB1,1619,0,3,1428,0,1431,G
2-PB1,1620,1457,1,2,0,1460,A
2-PB1,1621,1,0,0,1461,1462,C
2-PB1,1622,1,0,1,1437,1439,C
2-PB1,1623,1420,0,1,0,1421,A
2-PB1,1624,0,0,1442,0,1442,G
2-PB1,1625,7,1,0,1438,1446,C
2-PB1,1626,1443,0,0,0,1443,A
2-PB1,1627,1438,2,0,0,1440,A
2-PB1,1628,0,0,0,1437,1437,C
2-PB1,1629,1423,0,0,0,1423,A
2-PB1,1630,0,0,1451,0,1451,G
2-PB1,1631,1,0,0,1447,1448,C
2-PB1,1632,4,0,0,1445,1449,C
2-PB1,1633,4,0,1,1442,1447,C
2-PB1,1634,1446,0,0,0,1446,A
2-PB1,1635,1442,0,0,0,1442,A
2-PB1,1636,1441,0,0,0,1441,A
2-PB1,1637,0,1445,0,1,1446,T
2-PB1,1638,2,3,1435,1,1441,G
2-PB1,1639,1,0,1430,0,1431,G
2-PB1,1640,0,0,1,1435,1436,C
2-PB1,1641,0,1422,1,0,1423,T
2-PB1,1642,2,0,0,1458,1460,C
2-PB1,1643,0,1466,1,1,1468,T
2-PB1,1644,2,1,0,1477,1480,C
2-PB1,1645,3,0,0,1483,1486,C
2-PB1,1646,1491,0,0,0,1491,A
2-PB1,1647,1494,0,0,0,1494,A
2-PB1,1648,0,1482,0,1,1483,T
2-PB1,1649,0,1465,0,0,1465,T
2-PB1,1650,1,1,1469,0,1471,G
2-PB1,1651,0,1435,0,5,1440,T
2-PB1,1652,0,1441,0,0,1441,T
2-PB1,1653,4,4,0,1433,1441,C
2-PB1,1654,1437,0,0,0,1437,A
2-PB1,1655,2,1428,0,2,1432,T
2-PB1,1656,3,0,0,1434,1437,C
2-PB1,1657,1441,0,2,0,1443,A
2-PB1,1658,1438,0,0,1,1439,A
2-PB1,1659,1440,0,1,0,1441,A
2-PB1,1660,0,0,1479,0,1479,G
2-PB1,1661,1475,0,2,0,1477,A
2-PB1,1662,1,1482,1,0,1484,T
2-PB1,1663,0,1482,0,0,1482,T
2-PB1,1664,1493,0,0,0,1493,A
2-PB1,1665,0,1,0,1516,1517,C
2-PB1,1666,1507,0,0,0,1507,A
2-PB1,1667,0,1,1528,0,1529,G
2-PB1,1668,1524,0,1,0,1525,A
2-PB1,1669,0,1539,0,3,1542,T
2-PB1,1670,1548,1,0,0,1549,A
2-PB1,1671,0,0,0,1632,1632,C
2-PB1,1672,1668,0,1,0,1669,A
2-PB1,1673,1,0,0,1776,1777,C
2-PB1,1674,1749,0,0,0,1749,A
2-PB1,1675,0,1761,0,0,1761,T
2-PB1,1676,1749,0,1,0,1750,A
2-PB1,1677,0,1747,0,1,1748,T
2-PB1,1678,1707,1,0,0,1708,A
2-PB1,1679,0,0,1705,0,1705,G
2-PB1,1680,1,0,1680,0,1681,G
2-PB1,1681,0,1601,0,0,1601,T
2-PB1,1682,3,0,1559,0,1562,G
2-PB1,1683,1,0,0,1625,1626,C
2-PB1,1684,2,0,0,1617,1619,C
2-PB1,1685,1646,0,1,0,1647,A
2-PB1,1686,1,1646,0,0,1647,T
2-PB1,1687,1647,0,0,0,1647,A
2-PB1,1688,0,3,1648,0,1651,G
2-PB1,1689,1603,0,2,0,1605,A
2-PB1,1690,1,2,1619,0,1622,G
2-PB1,1691,0,4,1607,0,1611,G
2-PB1,1692,1544,1,5,0,1550,A
2-PB1,1693,0,1,1557,0,1558,G
2-PB1,1694,1546,0,3,0,1549,A
2-PB1,1695,2,0,0,1550,1552,C
2-PB1,1696,1543,0,2,0,1545,A
2-PB1,1697,1,2,0,1558,1561,C
2-PB1,1698,1556,0,3,0,1559,A
2-PB1,1699,1,0,1,1556,1558,C
2-PB1,1700,1545,0,0,0,1545,A
2-PB1,1701,1553,0,1,0,1554,A
2-PB1,1702,1565,0,0,0,1565,A
2-PB1,1703,1,1566,0,1,1568,T
2-PB1,1704,1,0,0,1562,1563,C
2-PB1,1705,0,1,0,1564,1565,C
2-PB1,1706,1547,0,1,0,1548,A
2-PB1,1707,1,7,1545,0,1553,G
2-PB1,1708,1550,0,0,0,1550,A
2-PB1,1709,0,0,1,1560,1561,C
2-PB1,1710,1,3,1552,1,1557,G
2-PB1,1711,1545,1,2,0,1548,A
2-PB1,1712,0,0,1552,0,1552,G
2-PB1,1713,1552,0,1,0,1553,A
2-PB1,1714,1550,0,5,0,1555,A
2-PB1,1715,1,3,1565,0,1569,G
2-PB1,1716,1556,0,2,0,1558,A
2-PB1,1717,1,1542,0,1,1544,T
2-PB1,1718,3,1,1,1544,1549,C
2-PB1,1719,1558,1,0,0,1559,A
2-PB1,1720,0,1553,0,1,1554,T
2-PB1,1721,0,1546,0,0,1546,T
2-PB1,1722,2,1,0,1552,1555,C
2-PB1,1723,1,1,1553,0,1555,G
2-PB1,1724,1543,0,2,0,1545,A
2-PB1,1725,0,1,1547,0,1548,G
2-PB1,1726,1539,0,0,0,1539,A
2-PB1,1727,0,1590,0,0,1590,T
2-PB1,1728,1591,0,0,0,1591,A
2-PB1,1729,1592,0,0,0,1592,A
2-PB1,1730,1595,0,3,1,1599,A
2-PB1,1731,1,0,1604,1,1606,G
2-PB1,1732,1606,0,0,0,1606,A
2-PB1,1733,1573,0,0,0,1573,A
2-PB1,1734,0,0,1579,0,1579,G
2-PB1,1735,1,0,0,1575,1576,C
2-PB1,1736,0,1558,0,1,1559,T
2-PB1,1737,0,0,1570,0,1570,G
2-PB1,1738,1,1559,0,0,1560,T
2-PB1,1739,0,2,1550,0,1552,G
2-PB1,1740,0,3,1549,0,1552,G
2-PB1,1741,1,0,1565,0,1566,G
2-PB1,1742,1564,1,4,0,1569,A
2-PB1,1743,1,1551,0,1,1553,T
2-PB1,1744,2,1,0,1548,1551,C
2-PB1,1745,1550,0,0,0,1550,A
2-PB1,1746,1556,0,3,0,1559,A
2-PB1,1747,1572,0,1,0,1573,A
2-PB1,1748,0,0,0,1570,1570,C
2-PB1,1749,4,0,0,1562,1566,C
2-PB1,1750,6,0,0,1553,1559,C
2-PB1,1751,1568,0,0,0,1568,A
2-PB1,1752,1594,0,0,0,1594,A
2-PB1,1753,0,1592,0,1,1593,T
2-PB1,1754,2,0,0,1596,1598,C
2-PB1,1755,1579,0,1,0,1580,A
2-PB1,1756,1572,0,1,0,1573,A
2-PB1,1757,2,7,1590,0,1599,G
2-PB1,1758,0,0,1587,0,1587,G
2-PB1,1759,0,0,1592,0,1592,G
2-PB1,1760,1,1,0,1591,1593,C
2-PB1,1761,1563,1,1,0,1565,A
2-PB1,1762,1,2,1597,0,1600,G
2-PB1,1763,0,3,1605,0,1608,G
2-PB1,1764,1614,0,2,0,1616,A
2-PB1,1765,3,0,0,1625,1628,C
2-PB1,1766,0,1597,0,0,1597,T
2-PB1,1767,1637,0,0,0,1637,A
2-PB1,1768,0,1632,0,0,1632,T
2-PB1,1769,0,1636,0,1,1637,T
2-PB1,1770,1,0,1640,0,1641,G
2-PB1,1771,2,1,1659,0,1662,G
2-PB1,1772,0,1653,0,1,1654,T
2-PB1,1773,1654,0,1,0,1655,A
2-PB1,1774,0,1642,0,0,1642,T
2-PB1,1775,1,1,0,1646,1648,C
2-PB1,1776,1624,0,0,0,1624,A
2-PB1,1777,0,1,1648,0,1649,G
2-PB1,1778,1646,0,1,0,1647,A
2-PB1,1779,0,1633,0,0,1633,T
2-PB1,1780,0,6,1580,0,1586,G
2-PB1,1781,1,3,1585,0,1589,G
2-PB1,1782,1,1,1583,0,1585,G
2-PB1,1783,0,2,1588,0,1590,G
2-PB1,1784,0,4,1592,0,1596,G
2-PB1,1785,1587,0,1,0,1588,A
2-PB1,1786,2,0,0,1573,1575,C
2-PB1,1787,2,0,0,1567,1569,C
2-PB1,1788,1567,1,0,0,1568,A
2-PB1,1789,1687,1,0,0,1688,A
2-PB1,1790,1698,0,0,0,1698,A
2-PB1,1791,1,0,0,1729,1730,C
2-PB1,1792,0,1725,0,0,1725,T
2-PB1,1793,0,1716,1,0,1717,T
2-PB1,1794,1730,0,0,0,1730,A
2-PB1,1795,0,1729,0,1,1730,T
2-PB1,1796,1726,1,1,0,1728,A
2-PB1,1797,0,0,0,1729,1729,C
2-PB1,1798,1606,0,2,0,1608,A
2-PB1,1799,1617,0,2,0,1619,A
2-PB1,1800,1,1583,0,0,1584,T
2-PB1,1801,1606,0,0,0,1606,A
2-PB1,1802,0,1598,0,1,1599,T
2-PB1,1803,3,0,0,1597,1600,C
2-PB1,1804,2,4,0,1592,1598,C
2-PB1,1805,1,0,1600,0,1601,G
2-PB1,1806,0,1,1600,0,1601,G
2-PB1,1807,1602,0,0,0,1602,A
2-PB1,1808,1596,0,0,0,1596,A
2-PB1,1809,0,1587,1,1,1589,T
2-PB1,1810,2,0,0,1592,1594,C
2-PB1,1811,0,1582,0,0,1582,T
2-PB1,1812,0,1590,1,1,1592,T
2-PB1,1813,1,1,1,1585,1588,C
2-PB1,1814,1590,1,1,0,1592,A
2-PB1,1815,0,0,0,1595,1595,C
2-PB1,1816,1585,0,2,0,1587,A
2-PB1,1817,0,1737,1,1,1739,T
2-PB1,1818,1,0,0,1741,1742,C
2-PB1,1819,3,1,1,1729,1734,C
2-PB1,1820,5,0,0,1740,1745,C
2-PB1,1821,0,1735,0,6,1741,T
2-PB1,1822,1,1,1742,0,1744,G
2-PB1,1823,1743,0,1,0,1744,A
2-PB1,1824,1739,0,1,0,1740,A
2-PB1,1825,0,0,1745,0,1745,G
2-PB1,1826,1,1610,0,3,1614,T
2-PB1,1827,1,0,0,1612,1613,C
2-PB1,1828,0,1592,1,0,1593,T
2-PB1,1829,2,0,1590,0,1592,G
2-PB1,1830,0,1,0,1589,1590,C
2-PB1,1831,2,0,0,1575,1577,C
2-PB1,1832,0,1627,0,0,1627,T
2-PB1,1833,1632,0,0,0,1632,A
2-PB1,1834,1632,0,0,0,1632,A
2-PB1,1835,1642,0,1,0,1643,A
2-PB1,1836,0,3,1649,1,1653,G
2-PB1,1837,0,1637,0,2,1639,T
2-PB1,1838,1,5,1599,0,1605,G
2-PB1,1839,0,2,1608,0,1610,G
2-PB1,1840,1,2,1613,0,1616,G
2-PB1,1841,1609,2,3,0,1614,A
2-PB1,1842,0,1,1616,0,1617,G
2-PB1,1843,3,1,0,1610,1614,C
2-PB1,1844,0,1603,0,1,1604,T
2-PB1,1845,0,1,1599,0,1600,G
2-PB1,1846,1598,0,0,0,1598,A
2-PB1,1847,1,1598,0,0,1599,T
2-PB1,1848,2,2,1600,0,1604,G
2-PB1,1849,0,0,1607,0,1607,G
2-PB1,1850,1598,1,3,0,1602,A
2-PB1,1851,0,1603,0,0,1603,T
2-PB1,1852,0,2,1601,0,1603,G
2-PB1,1853,1593,0,0,0,1593,A
2-PB1,1854,0,1,1597,0,1598,G
2-PB1,1855,1599,0,1,0,1600,A
2-PB1,1856,1596,1,0,0,1597,A
2-PB1,1857,0,1591,0,2,1593,T
2-PB1,1858,0,1579,0,0,1579,T
2-PB1,1859,1583,0,0,0,1583,A
2-PB1,1860,0,1583,0,1,1584,T
2-PB1,1861,1,0,0,1584,1585,C
2-PB1,1862,1,4,1586,0,1591,G
2-PB1,1863,0,7,1555,0,1562,G
2-PB1,1864,1,1,1569,0,1571,G
2-PB1,1865,1,2,1569,0,1572,G
2-PB1,1866,1567,0,0,0,1567,A
2-PB1,1867,1570,0,3,0,1573,A
2-PB1,1868,1,0,1583,0,1584,G
2-PB1,1869,1591,0,3,0,1594,A
2-PB1,1870,0,0,0,1613,1613,C
2-PB1,1871,0,1579,0,0,1579,T
2-PB1,1872,0,1612,0,1,1613,T
2-PB1,1873,0,1615,0,0,1615,T
2-PB1,1874,0,0,1631,0,1631,G
2-PB1,1875,0,1628,0,1,1629,T
2-PB1,1876,1623,0,2,0,1625,A
2-PB1,1877,1616,0,1,0,1617,A
2-PB1,1878,0,1587,0,0,1587,T
2-PB1,1879,3,0,0,1596,1599,C
2-PB1,1880,2,1,0,1591,1594,C
2-PB1,1881,6,0,0,1569,1575,C
2-PB1,1882,2,0,0,1587,1589,C
2-PB1,1883,0,1575,0,5,1580,T
2-PB1,1884,1,2,1584,0,1587,G
2-PB1,1885,1585,0,1,0,1586,A
2-PB1,1886,1592,0,0,0,1592,A
2-PB1,1887,0,1592,0,0,1592,T
2-PB1,1888,0,0,0,1592,1592,C
2-PB1,1889,2,0,1,1578,1581,C
2-PB1,1890,3,2,0,1555,1560,C
2-PB1,1891,0,1568,1,0,1569,T
2-PB1,1892,0,1568,0,0,1568,T
2-PB1,1893,1,1564,0,0,1565,T
2-PB1,1894,0,0,1563,0,1563,G
2-PB1,1895,1,1551,0,1,1553,T
2-PB1,1896,1,0,1,1557,1559,C
2-PB1,1897,1543,0,4,0,1547,A
2-PB1,1898,3,1,1561,0,1565,G
2-PB1,1899,0,0,0,1560,1560,C
2-PB1,1900,2,0,0,1563,1565,C
2-PB1,1901,1565,0,0,0,1565,A
2-PB1,1902,0,1571,0,0,1571,T
2-PB1,1903,1569,0,0,0,1569,A
2-PB1,1904,1563,0,6,0,1569,A
2-PB1,1905,1572,0,1,0,1573,A
2-PB1,1906,0,0,1602,0,1602,G
2-PB1,1907,1562,1,0,0,1563,A
2-PB1,1908,1562,0,0,0,1562,A
2-PB1,1909,1566,0,0,0,1566,A
2-PB1,1910,0,1565,0,0,1565,T
2-PB1,1911,0,1561,0,1,1562,T
2-PB1,1912,1,3,1563,0,1567,G
2-PB1,1913,1553,0,0,0,1553,A
2-PB1,1914,0,1,1571,0,1572,G
2-PB1,1915,0,1573,0,1,1574,T
2-PB1,1916,3,0,0,1578,1581,C
2-PB1,1917,0,1570,0,1,1571,T
2-PB1,1918,0,1,1616,0,1617,G
2-PB1,1919,1,1615,1,0,1617,T
2-PB1,1920,1632,0,2,0,1634,A
2-PB1,1921,1631,0,2,0,1633,A
2-PB1,1922,1630,1,2,0,1633,A
2-PB1,1923,2,0,0,1632,1634,C
2-PB1,1924,1585,0,0,0,1585,A
2-PB1,1925,1621,0,0,0,1621,A
2-PB1,1926,1,1614,0,0,1615,T
2-PB1,1927,2,0,1618,0,1620,G
2-PB1,1928,0,0,1,1637,1638,C
2-PB1,1929,0,1617,1,0,1618,T
2-PB1,1930,2,0,1668,0,1670,G
2-PB1,1931,0,1666,0,3,1669,T
2-PB1,1932,1703,0,0,0,1703,A
2-PB1,1933,0,2,1701,0,1703,G
2-PB1,1934,1,1659,0,1,1661,T
2-PB1,1935,1655,0,0,1,1656,A
2-PB1,1936,1636,0,0,0,1636,A
2-PB1,1937,0,1628,0,0,1628,T
2-PB1,1938,2,1,1626,0,1629,G
2-PB1,1939,0,1,0,1597,1598,C
2-PB1,1940,1,0,1,1578,1580,C
2-PB1,1941,1557,0,1,0,1558,A
2-PB1,1942,2,1,1570,0,1573,G
2-PB1,1943,1,1,0,1614,1616,C
2-PB1,1944,3,0,0,1610,1613,C
2-PB1,1945,3,1,0,1602,1606,C
2-PB1,1946,1599,0,2,0,1601,A
2-PB1,1947,1,1595,0,0,1596,T
2-PB1,1948,0,4,1590,0,1594,G
2-PB1,1949,0,2,1587,0,1589,G
2-PB1,1950,1,1584,0,1,1586,T
2-PB1,1951,4,1,0,1558,1563,C
2-PB1,1952,1,1,0,1518,1520,C
2-PB1,1953,0,0,1533,0,1533,G
2-PB1,1954,1,0,1535,0,1536,G
2-PB1,1955,1,1,0,1525,1527,C
2-PB1,1956,0,0,0,1531,1531,C
2-PB1,1957,1525,0,11,0,1536,A
2-PB1,1958,1532,0,0,0,1532,A
2-PB1,1959,1540,0,0,0,1540,A
2-PB1,1960,1540,0,2,1,1543,A
2-PB1,1961,0,0,1557,0,1557,G
2-PB1,1962,0,1509,0,1,1510,T
2-PB1,1963,1517,0,0,0,1517,A
2-PB1,1964,0,1513,0,0,1513,T
2-PB1,1965,0,3,1516,0,1519,G
2-PB1,1966,0,3,1549,0,1552,G
2-PB1,1967,1541,0,0,0,1541,A
2-PB1,1968,1551,0,0,0,1551,A
2-PB1,1969,0,1533,0,0,1533,T
2-PB1,1970,1529,0,0,0,1529,A
2-PB1,1971,0,1527,0,0,1527,T
2-PB1,1972,0,1,1511,0,1512,G
2-PB1,1973,1507,0,2,0,1509,A
2-PB1,1974,1,1505,0,1,1507,T
2-PB1,1975,1,0,1462,0,1463,G
2-PB1,1976,0,0,5,1457,1462,C
2-PB1,1977,4,0,0,1439,1443,C
2-PB1,1978,1,1,1450,0,1452,G
2-PB1,1979,1,1442,0,1,1444,T
2-PB1,1980,0,1448,0,1,1449,T
2-PB1,1981,2,0,1452,0,1454,G
2-PB1,1982,1,1,0,1475,1477,C
2-PB1,1983,1478,0,0,1,1479,A
2-PB1,1984,1496,0,1,0,1497,A
2-PB1,1985,1,1,0,1498,1500,C
2-PB1,1986,0,1495,0,0,1495,T
2-PB1,1987,1499,0,1,0,1500,A
2-PB1,1988,0,0,0,1499,1499,C
2-PB1,1989,1490,1,1,0,1492,A
2-PB1,1990,0,1,1,1490,1492,C
2-PB1,1991,1438,0,1,0,1439,A
2-PB1,1992,1,0,0,1569,1570,C
2-PB1,1993,1,1545,0,0,1546,T
2-PB1,1994,4,0,0,1543,1547,C
2-PB1,1995,4,0,0,1543,1547,C
2-PB1,1996,0,1530,0,3,1533,T
2-PB1,1997,0,4,1531,0,1535,G
2-PB1,1998,0,2,1532,0,1534,G
2-PB1,1999,1534,0,1,0,1535,A
2-PB1,2000,0,1529,0,0,1529,T
2-PB1,2001,0,1379,0,1,1380,T
2-PB1,2002,3,0,0,1412,1415,C
2-PB1,2003,1,0,0,1397,1398,C
2-PB1,2004,3,1,1,1403,1408,C
2-PB1,2005,1410,0,0,1,1411,A
2-PB1,2006,1409,0,0,0,1409,A
2-PB1,2007,0,1,1414,0,1415,G
2-PB1,2008,1403,0,1,0,1404,A
2-PB1,2009,1,3,1396,0,1400,G
2-PB1,2010,0,3,1402,0,1405,G
2-PB1,2011,1376,0,1,0,1377,A
2-PB1,2012,1377,0,3,0,1380,A
2-PB1,2013,6,1,0,1366,1373,C
2-PB1,2014,4,0,0,1366,1370,C
2-PB1,2015,2,0,1385,0,1387,G
2-PB1,2016,0,0,0,1388,1388,C
2-PB1,2017,1,1383,0,1,1385,T
2-PB1,2018,4,1,0,1390,1395,C
2-PB1,2019,0,1376,0,1,1377,T
2-PB1,2020,1483,0,0,0,1483,A
2-PB1,2021,1,1485,0,1,1487,T
2-PB1,2022,0,1491,0,3,1494,T
2-PB1,2023,1,1,0,1497,1499,C
2-PB1,2024,0,1437,0,0,1437,T
2-PB1,2025,1446,0,0,0,1446,A
2-PB1,2026,1444,0,0,0,1444,A
2-PB1,2027,1447,0,0,0,1447,A
2-PB1,2028,1,0,0,1445,1446,C
2-PB1,2029,1331,0,0,0,1331,A
2-PB1,2030,0,0,0,1326,1326,C
2-PB1,2031,1305,0,1,0,1306,A
2-PB1,2032,1320,0,1,0,1321,A
2-PB1,2033,2,0,1320,0,1322,G
2-PB1,2034,0,2,0,1322,1324,C
2-PB1,2035,3,1,0,1321,1325,C
2-PB1,2036,1312,0,2,0,1314,A
2-PB1,2037,1311,1,1,0,1313,A
2-PB1,2038,1316,0,0,0,1316,A
2-PB1,2039,1,2,1319,0,1322,G
2-PB1,2040,0,7,1314,0,1321,G
2-PB1,2041,0,0,1302,0,1302,G
2-PB1,2042,0,0,1296,1,1297,G
2-PB1,2043,1291,0,2,0,1293,A
2-PB1,2044,1295,0,0,0,1295,A
2-PB1,2045,0,1295,0,0,1295,T
2-PB1,2046,0,1297,0,1,1298,T
2-PB1,2047,4,0,0,1299,1303,C
2-PB1,2048,0,1294,0,0,1294,T
2-PB1,2049,1,1294,0,0,1295,T
2-PB1,2050,0,2,1293,0,1295,G
2-PB1,2051,1290,0,0,0,1290,A
2-PB1,2052,0,0,1298,0,1298,G
2-PB1,2053,0,0,1296,0,1296,G
2-PB1,2054,1292,0,0,1,1293,A
2-PB1,2055,1,1287,1,0,1289,T
2-PB1,2056,0,2,1289,0,1291,G
2-PB1,2057,1285,0,0,1,1286,A
2-PB1,2058,1285,0,3,0,1288,A
2-PB1,2059,0,1,0,1291,1292,C
2-PB1,2060,1275,0,1,0,1276,A
2-PB1,2061,0,3,1301,0,1304,G
2-PB1,2062,1299,0,0,0,1299,A
2-PB1,2063,1,1295,0,1,1297,T
2-PB1,2064,0,0,1304,0,1304,G
2-PB1,2065,1,1321,0,1,1323,T
2-PB1,2066,1326,0,1,0,1327,A
2-PB1,2067,1,0,0,1322,1323,C
2-PB1,2068,2,0,0,1314,1316,C
2-PB1,2069,1297,0,0,0,1297,A
2-PB1,2070,0,3,1275,0,1278,G
2-PB1,2071,1260,0,0,0,1260,A
2-PB1,2072,1253,0,2,1,1256,A
2-PB1,2073,1,1,1270,0,1272,G
2-PB1,2074,0,1170,0,2,1172,T
2-PB1,2075,0,2,1173,0,1175,G
2-PB1,2076,1,0,0,1175,1176,C
2-PB1,2077,0,1172,0,6,1178,T
2-PB1,2078,1,0,1175,1,1177,G
2-PB1,2079,0,0,0,1178,1178,C
2-PB1,2080,1179,0,0,0,1179,A
2-PB1,2081,1174,1,3,0,1178,A
2-PB1,2082,1,0,0,1160,1161,C
2-PB1,2083,0,1155,0,4,1159,T
2-PB1,2084,0,1146,0,1,1147,T
2-PB1,2085,0,0,1151,0,1151,G
2-PB1,2086,0,1145,0,1,1146,T
2-PB1,2087,0,1144,0,1,1145,T
2-PB1,2088,2,0,0,1141,1143,C
2-PB1,2089,0,1,1142,0,1143,G
2-PB1,2090,1140,0,1,0,1141,A
2-PB1,2091,0,1,1144,0,1145,G
2-PB1,2092,1140,0,0,0,1140,A
2-PB1,2093,1142,0,1,0,1143,A
2-PB1,2094,1139,0,0,0,1139,A
2-PB1,2095,0,1136,0,0,1136,T
2-PB1,2096,0,1139,0,0,1139,T
2-PB1,2097,0,1140,0,0,1140,T
2-PB1,2098,0,1141,0,1,1142,T
2-PB1,2099,0,1142,1,0,1143,T
2-PB1,2100,0,0,0,1151,1151,C
2-PB1,2101,2,0,0,1146,1148,C
2-PB1,2102,6,0,0,1142,1148,C
2-PB1,2103,0,1140,0,0,1140,T
2-PB1,2104,1145,0,0,0,1145,A
2-PB1,2105,0,0,1149,0,1149,G
2-PB1,2106,0,1149,0,0,1149,T
2-PB1,2107,1154,0,0,0,1154,A
2-PB1,2108,0,0,1160,0,1160,G
2-PB1,2109,0,1153,0,2,1155,T
2-PB1,2110,0,1192,0,1,1193,T
2-PB1,2111,2,0,0,1204,1206,C
2-PB1,2112,1232,1,1,0,1234,A
2-PB1,2113,0,1236,0,0,1236,T
2-PB1,2114,1243,0,0,0,1243,A
2-PB1,2115,0,1245,0,0,1245,T
2-PB1,2116,1208,0,0,0,1208,A
2-PB1,2117,0,3,1202,0,1205,G
2-PB1,2118,1,0,1194,0,1195,G
2-PB1,2119,1065,0,2,1,1068,A
2-PB1,2120,0,1,1071,0,1072,G
2-PB1,2121,1019,0,0,0,1019,A
2-PB1,2122,3,0,0,1011,1014,C
2-PB1,2123,2,0,0,985,987,C
2-PB1,2124,0,1,983,0,984,G
2-PB1,2125,979,0,0,0,979,A
2-PB1,2126,0,973,0,0,973,T
2-PB1,2127,0,975,0,0,975,T
2-PB1,2128,0,1,974,0,975,G
2-PB1,2129,0,0,972,0,972,G
2-PB1,2130,973,1,2,0,976,A
2-PB1,2131,976,0,0,0,976,A
2-PB1,2132,0,971,0,0,971,T
2-PB1,2133,0,973,1,0,974,T
2-PB1,2134,1,974,0,0,975,T
2-PB1,2135,2,0,0,973,975,C
2-PB1,2136,0,976,0,0,976,T
2-PB1,2137,975,1,1,0,977,A
2-PB1,2138,1,1,981,0,983,G
2-PB1,2139,0,0,0,980,980,C
2-PB1,2140,977,1,0,0,978,A
2-PB1,2141,0,975,0,1,976,T
2-PB1,2142,0,1,962,0,963,G
2-PB1,2143,0,0,980,0,980,G
2-PB1,2144,0,981,0,0,981,T
2-PB1,2145,0,2,974,0,976,G
2-PB1,2146,0,1,976,0,977,G
2-PB1,2147,969,1,1,1,972,A
2-PB1,2148,0,0,975,0,975,G
2-PB1,2149,0,0,961,0,961,G
2-PB1,2150,1,0,0,960,961,C
2-PB1,2151,0,0,0,953,953,C
2-PB1,2152,876,0,0,0,876,A
2-PB1,2153,0,871,0,0,871,T
2-PB1,2154,0,2,875,0,877,G
2-PB1,2155,0,0,878,0,878,G
2-PB1,2156,0,849,0,1,850,T
2-PB1,2157,0,0,858,0,858,G
2-PB1,2158,0,836,0,1,837,T
2-PB1,2159,2,0,0,827,829,C
2-PB1,2160,0,828,0,1,829,T
2-PB1,2161,814,0,1,0,815,A
2-PB1,2162,0,0,810,0,810,G
2-PB1,2163,0,0,791,0,791,G
2-PB1,2164,0,0,771,0,771,G
2-PB1,2165,0,0,0,747,747,C
2-PB1,2166,2,0,0,702,704,C
2-PB1,2167,0,0,0,689,689,C
2-PB1,2168,2,0,683,0,685,G
2-PB1,2169,0,0,687,0,687,G
2-PB1,2170,687,0,0,0,687,A
2-PB1,2171,0,685,0,0,685,T
2-PB1,2172,0,659,0,0,659,T
2-PB1,2173,0,0,656,0,656,G
2-PB1,2174,654,0,1,0,655,A
2-PB1,2175,1,652,0,0,653,T
2-PB1,2176,0,0,655,0,655,G
2-PB1,2177,1,0,0,648,649,C
2-PB1,2178,1,0,0,650,651,C
2-PB1,2179,646,0,0,0,646,A
2-PB1,2180,1,0,646,0,647,G
2-PB1,2181,647,0,0,0,647,A
2-PB1,2182,646,0,0,0,646,A
2-PB1,2183,0,644,0,0,644,T
2-PB1,2184,0,627,0,0,627,T
2-PB1,2185,0,2,624,0,626,G
2-PB1,2186,622,0,4,0,626,A
2-PB1,2187,0,1,0,626,627,C
2-PB1,2188,0,618,0,0,618,T
2-PB1,2189,0,620,0,0,620,T
2-PB1,2190,0,0,0,612,612,C
2-PB1,2191,0,0,612,0,612,G
2-PB1,2192,612,0,1,0,613,A
2-PB1,2193,1,1,602,0,604,G
2-PB1,2194,0,611,0,1,612,T
2-PB1,2195,2,0,0,611,613,C
2-PB1,2196,0,615,0,0,615,T
2-PB1,2197,0,1,617,0,618,G
2-PB1,2198,0,0,616,0,616,G
2-PB1,2199,616,0,0,0,616,A
2-PB1,2200,572,0,1,0,573,A
2-PB1,2201,0,0,580,0,580,G
2-PB1,2202,0,1,583,0,584,G
2-PB1,2203,588,0,0,0,588,A
2-PB1,2204,0,584,0,0,584,T
2-PB1,2205,0,585,0,0,585,T
2-PB1,2206,580,0,0,0,580,A
2-PB1,2207,580,0,0,1,581,A
2-PB1,2208,0,0,582,0,582,G
2-PB1,2209,580,0,0,0,580,A
2-PB1,2210,547,0,1,0,548,A
2-PB1,2211,1,0,514,0,515,G
2-PB1,2212,0,1,514,0,515,G
2-PB1,2213,513,0,0,0,513,A
2-PB1,2214,510,0,1,0,511,A
2-PB1,2215,0,1,513,0,514,G
2-PB1,2216,489,0,1,0,490,A
2-PB1,2217,0,0,491,0,491,G
2-PB1,2218,0,466,0,0,466,T
2-PB1,2219,0,464,0,0,464,T
2-PB1,2220,2,0,0,461,463,C
2-PB1,2221,0,449,0,2,451,T
2-PB1,2222,1,0,0,451,452,C
2-PB1,2223,0,448,0,1,449,T
2-PB1,2224,0,1,444,0,445,G
2-PB1,2225,432,0,0,0,432,A
2-PB1,2226,0,0,427,0,427,G
2-PB1,2227,421,0,0,0,421,A
2-PB1,2228,0,407,0,0,407,T
2-PB1,2229,1,0,0,385,386,C
2-PB1,2230,386,0,0,0,386,A
2-PB1,2231,0,383,0,0,383,T
2-PB1,2232,0,0,384,0,384,G
2-PB1,2233,381,0,1,0,382,A
2-PB1,2234,376,0,3,0,379,A
2-PB1,2235,0,1,368,0,369,G
2-PB1,2236,366,0,0,0,366,A
2-PB1,2237,0,364,1,0,365,T
2-PB1,2238,0,0,0,361,361,C
2-PB1,2239,0,333,0,0,333,T
2-PB1,2240,0,0,335,0,335,G
2-PB1,2241,1,331,0,0,332,T
2-PB1,2242,0,333,0,0,333,T
2-PB1,2243,0,0,0,332,332,C
2-PB1,2244,1,0,0,322,323,C
2-PB1,2245,319,0,1,0,320,A
2-PB1,2246,0,0,0,321,321,C
2-PB1,2247,0,0,0,307,307,C
2-PB1,2248,301,0,0,0,301,A
2-PB1,2249,0,278,0,0,278,T
2-PB1,2250,0,267,0,0,267,T
2-PB1,2251,1,0,267,0,268,G
2-PB1,2252,267,0,0,0,267,A
2-PB1,2253,263,0,1,0,264,A
2-PB1,2254,0,0,265,0,265,G
2-PB1,2255,234,0,0,0,234,A
2-PB1,2256,237,0,0,0,237,A
2-PB1,2257,0,0,0,232,232,C
2-PB1,2258,0,223,0,0,223,T
2-PB1,2259,0,0,0,225,225,C
2-PB1,2260,211,0,0,0,211,A
2-PB1,2261,0,0,209,0,209,G
2-PB1,2262,206,0,0,0,206,A
2-PB1,2263,0,1,0,201,202,C
2-PB1,2264,0,0,199,0,199,G
2-PB1,2265,0,0,189,0,189,G
2-PB1,2266,0,0,0,190,190,C
2-PB1,2267,189,0,0,0,189,A
2-PB1,2268,187,0,0,0,187,A
2-PB1,2269,187,0,0,0,187,A
2-PB1,2270,185,0,1,0,186,A
2-PB1,2271,187,0,0,0,187,A
2-PB1,2272,0,186,0,0,186,T
2-PB1,2273,185,0,0,0,185,A
2-PB1,2274,184,0,0,0,184,A
3-PA,1,29,0,0,0,29,A
3-PA,2,0,30,0,0,30,T
3-PA,3,0,0,34,0,34,G
3-PA,4,0,0,34,0,34,G
3-PA,5,34,0,0,0,34,A
3-PA,6,32,0,1,0,33,A
3-PA,7,0,0,34,0,34,G
3-PA,8,38,0,0,0,38,A
3-PA,9,0,37,0,0,37,T
3-PA,10,0,38,0,0,38,T
3-PA,11,0,39,0,0,39,T
3-PA,12,0,39,0,0,39,T
3-PA,13,0,0,39,0,39,G
3-PA,14,0,39,0,0,39,T
3-PA,15,0,0,39,0,39,G
3-PA,16,0,1,0,37,38,C
3-PA,17,0,0,39,0,39,G
3-PA,18,45,0,0,0,45,A
3-PA,19,0,0,0,48,48,C
3-PA,20,48,0,0,0,48,A
3-PA,21,47,0,0,0,47,A
3-PA,22,0,53,0,0,53,T
3-PA,23,0,0,61,0,61,G
3-PA,24,0,0,0,64,64,C
3-PA,25,0,65,0,0,65,T
3-PA,26,0,65,0,0,65,T
3-PA,27,0,0,0,65,65,C
3-PA,28,65,0,0,0,65,A
3-PA,29,66,0,0,0,66,A
3-PA,30,0,0,0,69,69,C
3-PA,31,0,0,0,70,70,C
3-PA,32,1,0,0,69,70,C
3-PA,33,0,0,71,0,71,G
3-PA,34,70,0,0,0,70,A
3-PA,35,0,70,0,0,70,T
3-PA,36,0,0,71,0,71,G
3-PA,37,71,0,0,0,71,A
3-PA,38,2,71,0,0,73,T
3-PA,39,0,73,0,0,73,T
3-PA,40,0,0,73,0,73,G
3-PA,41,0,73,0,0,73,T
3-PA,42,0,0,0,73,73,C
3-PA,43,0,0,73,0,73,G
3-PA,44,73,0,0,0,73,A
3-PA,45,73,0,0,0,73,A
3-PA,46,0,0,0,73,73,C
3-PA,47,0,73,0,0,73,T
3-PA,48,0,73,0,0,73,T
3-PA,49,0,0,73,0,73,G
3-PA,50,0,0,0,73,73,C
3-PA,51,73,0,0,0,73,A
3-PA,52,0,0,73,0,73,G
3-PA,53,72,0,0,0,72,A
3-PA,54,72,1,0,0,73,A
3-PA,55,72,0,0,0,72,A
3-PA,56,73,0,0,0,73,A
3-PA,57,72,0,1,0,73,A
3-PA,58,0,0,74,0,74,G
3-PA,59,0,0,0,76,76,C
3-PA,60,77,0,0,0,77,A
3-PA,61,82,0,0,0,82,A
3-PA,62,0,83,0,0,83,T
3-PA,63,0,0,88,0,88,G
3-PA,64,88,0,0,0,88,A
3-PA,65,89,0,0,0,89,A
3-PA,66,88,0,0,0,88,A
3-PA,67,0,0,94,0,94,G
3-PA,68,97,0,1,0,98,A
3-PA,69,0,0,115,0,115,G
3-PA,70,0,115,0,0,115,T
3-PA,71,115,0,0,0,115,A
3-PA,72,0,116,0,0,116,T
3-PA,73,0,0,117,0,117,G
3-PA,74,0,1,116,0,117,G
3-PA,75,0,0,117,0,117,G
3-PA,76,0,0,117,0,117,G
3-PA,77,114,1,0,0,115,A
3-PA,78,0,1,113,0,114,G
3-PA,79,0,0,116,0,116,G
3-PA,80,115,0,0,0,115,A
3-PA,81,0,116,0,0,116,T
3-PA,82,0,0,0,117,117,C
3-PA,83,0,117,1,0,118,T
3-PA,84,0,0,116,0,116,G
3-PA,85,118,0,0,0,118,A
3-PA,86,118,0,0,0,118,A
3-PA,87,118,0,0,0,118,A
3-PA,88,117,0,0,0,117,A
3-PA,89,0,117,1,0,118,T
3-PA,90,0,118,0,0,118,T
3-PA,91,0,0,118,0,118,G
3-PA,92,118,0,0,0,118,A
3-PA,93,117,0,0,0,117,A
3-PA,94,118,0,0,0,118,A
3-PA,95,0,0,0,118,118,C
3-PA,96,119,0,0,0,119,A
3-PA,97,119,0,0,0,119,A
3-PA,98,119,0,0,0,119,A
3-PA,99,0,0,0,120,120,C
3-PA,100,120,0,0,0,120,A
3-PA,101,119,0,0,1,120,A
3-PA,102,119,0,0,0,119,A
3-PA,103,0,119,0,0,119,T
3-PA,104,0,119,0,0,119,T
3-PA,105,0,119,0,0,119,T
3-PA,106,0,0,118,0,118,G
3-PA,107,0,0,0,118,118,C
3-PA,108,118,0,0,0,118,A
3-PA,109,0,0,126,0,126,G
3-PA,110,0,0,0,127,127,C
3-PA,111,139,0,0,0,139,A
3-PA,112,141,0,0,0,141,A
3-PA,113,0,144,0,0,144,T
3-PA,114,150,0,0,0,150,A
3-PA,115,0,150,0,0,150,T
3-PA,116,0,0,152,0,152,G
3-PA,117,0,0,0,152,152,C
3-PA,118,149,0,0,0,149,A
3-PA,119,0,0,0,154,154,C
3-PA,120,0,151,0,0,151,T
3-PA,121,0,0,0,181,181,C
3-PA,122,187,0,0,0,187,A
3-PA,123,0,0,0,192,192,C
3-PA,124,0,193,0,0,193,T
3-PA,125,0,192,0,0,192,T
3-PA,126,0,0,193,0,193,G
3-PA,127,0,0,197,0,197,G
3-PA,128,194,0,0,0,194,A
3-PA,129,0,0,199,0,199,G
3-PA,130,1,0,198,0,199,G
3-PA,131,0,191,0,2,193,T
3-PA,132,0,0,198,0,198,G
3-PA,133,0,197,1,1,199,T
3-PA,134,0,2,203,0,205,G
3-PA,135,0,206,0,0,206,T
3-PA,136,0,204,0,0,204,T
3-PA,137,0,203,0,0,203,T
3-PA,138,0,0,0,205,205,C
3-PA,139,204,0,1,0,205,A
3-PA,140,0,205,0,1,206,T
3-PA,141,0,0,205,0,205,G
3-PA,142,0,201,0,0,201,T
3-PA,143,202,0,0,0,202,A
3-PA,144,0,203,1,0,204,T
3-PA,145,0,203,0,0,203,T
3-PA,146,0,0,0,204,204,C
3-PA,147,204,0,0,0,204,A
3-PA,148,0,0,208,0,208,G
3-PA,149,206,0,0,0,206,A
3-PA,150,0,206,0,0,206,T
3-PA,151,0,204,0,0,204,T
3-PA,152,0,204,0,0,204,T
3-PA,153,0,0,0,205,205,C
3-PA,154,0,0,0,213,213,C
3-PA,155,212,0,0,1,213,A
3-PA,156,0,214,0,0,214,T
3-PA,157,0,214,0,0,214,T
3-PA,158,0,216,0,0,216,T
3-PA,159,0,0,0,216,216,C
3-PA,160,218,0,0,0,218,A
3-PA,161,0,222,0,0,222,T
3-PA,162,1,0,0,222,223,C
3-PA,163,222,0,0,0,222,A
3-PA,164,222,0,0,0,222,A
3-PA,165,0,223,0,0,223,T
3-PA,166,0,0,230,0,230,G
3-PA,167,230,0,0,0,230,A
3-PA,168,229,0,0,0,229,A
3-PA,169,0,0,0,229,229,C
3-PA,170,229,0,0,0,229,A
3-PA,171,233,0,0,0,233,A
3-PA,172,0,0,232,0,232,G
3-PA,173,0,0,232,0,232,G
3-PA,174,0,0,0,231,231,C
3-PA,175,0,2,227,0,229,G
3-PA,176,244,1,0,0,245,A
3-PA,177,245,0,0,0,245,A
3-PA,178,0,246,0,0,246,T
3-PA,179,3,0,0,249,252,C
3-PA,180,249,0,0,0,249,A
3-PA,181,255,0,0,0,255,A
3-PA,182,0,259,0,0,259,T
3-PA,183,258,0,1,0,259,A
3-PA,184,0,0,261,0,261,G
3-PA,185,0,263,0,0,263,T
3-PA,186,0,1,264,0,265,G
3-PA,187,0,0,266,0,266,G
3-PA,188,0,265,0,0,265,T
3-PA,189,266,0,0,0,266,A
3-PA,190,0,2,268,0,270,G
3-PA,191,266,0,0,0,266,A
3-PA,192,267,0,0,0,267,A
3-PA,193,0,0,0,267,267,C
3-PA,194,1,265,0,0,266,T
3-PA,195,0,266,0,0,266,T
3-PA,196,0,1,265,0,266,G
3-PA,197,265,0,0,0,265,A
3-PA,198,0,1,0,264,265,C
3-PA,199,0,0,264,0,264,G
3-PA,200,269,0,0,0,269,A
3-PA,201,0,271,0,0,271,T
3-PA,202,0,0,0,272,272,C
3-PA,203,1,0,0,277,278,C
3-PA,204,281,0,0,0,281,A
3-PA,205,279,0,0,0,279,A
3-PA,206,280,0,0,0,280,A
3-PA,207,0,281,0,0,281,T
3-PA,208,0,0,279,0,279,G
3-PA,209,0,0,0,280,280,C
3-PA,210,276,0,1,0,277,A
3-PA,211,0,0,0,287,287,C
3-PA,212,0,285,0,0,285,T
3-PA,213,0,0,328,0,328,G
3-PA,214,1,328,0,0,329,T
3-PA,215,0,329,0,0,329,T
3-PA,216,329,0,0,0,329,A
3-PA,217,328,0,0,0,328,A
3-PA,218,330,0,0,0,330,A
3-PA,219,0,0,331,0,331,G
3-PA,220,0,0,0,329,329,C
3-PA,221,329,0,1,0,330,A
3-PA,222,0,0,0,329,329,C
3-PA,223,309,1,0,0,310,A
3-PA,224,0,1,326,0,327,G
3-PA,225,323,0,0,0,323,A
3-PA,226,0,324,0,0,324,T
3-PA,227,0,323,0,0,323,T
3-PA,228,0,323,0,0,323,T
3-PA,229,0,1,324,0,325,G
3-PA,230,324,0,0,0,324,A
3-PA,231,322,0,0,0,322,A
3-PA,232,323,0,1,0,324,A
3-PA,233,0,315,0,0,315,T
3-PA,234,317,0,0,0,317,A
3-PA,235,320,0,0,0,320,A
3-PA,236,0,322,0,0,322,T
3-PA,237,0,0,0,321,321,C
3-PA,238,0,0,320,0,320,G
3-PA,239,320,0,0,0,320,A
3-PA,240,0,0,326,0,326,G
3-PA,241,0,1,326,0,327,G
3-PA,242,0,1,326,0,327,G
3-PA,243,0,0,326,0,326,G
3-PA,244,324,0,0,0,324,A
3-PA,245,0,3,321,0,324,G
3-PA,246,336,0,0,0,336,A
3-PA,247,0,0,340,0,340,G
3-PA,248,340,0,0,0,340,A
3-PA,249,1,0,0,339,340,C
3-PA,250,335,0,0,0,335,A
3-PA,251,0,0,349,0,349,G
3-PA,252,348,0,0,0,348,A
3-PA,253,352,0,0,0,352,A
3-PA,254,0,0,0,353,353,C
3-PA,255,344,0,1,0,345,A
3-PA,256,346,0,0,0,346,A
3-PA,257,0,343,0,0,343,T
3-PA,258,0,0,365,0,365,G
3-PA,259,1,0,363,0,364,G
3-PA,260,0,0,0,359,359,C
3-PA,261,1,0,0,361,362,C
3-PA,262,0,357,0,0,357,T
3-PA,263,0,0,365,0,365,G
3-PA,264,0,1,366,0,367,G
3-PA,265,365,0,1,0,366,A
3-PA,266,0,0,0,368,368,C
3-PA,267,355,1,0,0,356,A
3-PA,268,0,0,392,0,392,G
3-PA,269,0,391,0,0,391,T
3-PA,270,397,0,0,0,397,A
3-PA,271,0,0,400,0,400,G
3-PA,272,0,391,0,0,391,T
3-PA,273,391,0,0,0,391,A
3-PA,274,391,0,1,0,392,A
3-PA,275,391,0,1,0,392,A
3-PA,276,0,0,0,396,396,C
3-PA,277,367,0,0,0,367,A
3-PA,278,0,0,376,0,376,G
3-PA,279,1,371,0,0,372,T
3-PA,280,376,0,1,0,377,A
3-PA,281,0,378,0,0,378,T
3-PA,282,0,0,0,381,381,C
3-PA,283,0,379,0,0,379,T
3-PA,284,0,0,379,0,379,G
3-PA,285,0,0,0,379,379,C
3-PA,286,380,0,0,0,380,A
3-PA,287,377,0,0,0,377,A
3-PA,288,0,0,0,379,379,C
3-PA,289,377,0,1,0,378,A
3-PA,290,1,0,0,393,394,C
3-PA,291,0,388,0,1,389,T
3-PA,292,389,0,0,0,389,A
3-PA,293,0,0,0,389,389,C
3-PA,294,1,386,0,0,387,T
3-PA,295,0,0,384,0,384,G
3-PA,296,0,2,379,0,381,G
3-PA,297,379,0,1,0,380,A
3-PA,298,0,1,381,0,382,G
3-PA,299,0,0,0,368,368,C
3-PA,300,0,370,0,0,370,T
3-PA,301,0,1,370,0,371,G
3-PA,302,0,0,371,0,371,G
3-PA,303,369,0,1,0,370,A
3-PA,304,369,0,0,0,369,A
3-PA,305,368,0,0,0,368,A
3-PA,306,369,0,0,0,369,A
3-PA,307,0,0,0,367,367,C
3-PA,308,1,2,0,366,369,C
3-PA,309,0,0,370,0,370,G
3-PA,310,368,0,0,0,368,A
3-PA,311,370,0,0,0,370,A
3-PA,312,0,0,371,0,371,G
3-PA,313,0,371,0,0,371,T
3-PA,314,0,369,0,0,369,T
3-PA,315,0,371,0,0,371,T
3-PA,316,0,0,0,370,370,C
3-PA,317,0,371,0,0,371,T
3-PA,318,371,0,0,0,371,A
3-PA,319,0,0,0,371,371,C
3-PA,320,1,0,0,370,371,C
3-PA,321,368,1,0,0,369,A
3-PA,322,0,0,368,0,368,G
3-PA,323,369,0,0,0,369,A
3-PA,324,0,0,0,367,367,C
3-PA,325,0,375,0,0,375,T
3-PA,326,0,375,0,0,375,T
3-PA,327,0,0,383,0,383,G
3-PA,328,0,383,0,1,384,T
3-PA,329,385,0,0,0,385,A
3-PA,330,0,386,0,0,386,T
3-PA,331,0,1,381,0,382,G
3-PA,332,391,0,0,0,391,A
3-PA,333,0,383,0,0,383,T
3-PA,334,0,386,0,0,386,T
3-PA,335,382,0,1,0,383,A
3-PA,336,0,0,0,381,381,C
3-PA,337,387,0,0,0,387,A
3-PA,338,387,0,0,0,387,A
3-PA,339,0,1,386,0,387,G
3-PA,340,0,1,388,0,389,G
3-PA,341,372,0,0,0,372,A
3-PA,342,0,1,374,1,376,G
3-PA,343,373,0,1,0,374,A
3-PA,344,377,0,0,0,377,A
3-PA,345,0,0,0,376,376,C
3-PA,346,366,0,0,0,366,A
3-PA,347,0,1,367,0,368,G
3-PA,348,362,0,1,0,363,A
3-PA,349,0,352,0,0,352,T
3-PA,350,0,354,0,0,354,T
3-PA,351,0,0,0,348,348,C
3-PA,352,352,0,0,0,352,A
3-PA,353,0,349,0,0,349,T
3-PA,354,0,0,0,352,352,C
3-PA,355,0,0,352,0,352,G
3-PA,356,352,0,1,0,353,A
3-PA,357,354,0,0,0,354,A
3-PA,358,354,0,0,0,354,A
3-PA,359,0,357,0,0,357,T
3-PA,360,0,353,0,0,353,T
3-PA,361,0,0,355,0,355,G
3-PA,362,0,0,355,0,355,G
3-PA,363,1,0,354,1,356,G
3-PA,364,0,0,358,0,358,G
3-PA,365,0,351,0,1,352,T
3-PA,366,0,0,361,0,361,G
3-PA,367,357,1,1,0,359,A
3-PA,368,0,0,0,361,361,C
3-PA,369,361,0,0,0,361,A
3-PA,370,362,0,0,0,362,A
3-PA,371,0,0,373,0,373,G
3-PA,372,0,1,372,0,373,G
3-PA,373,375,0,0,0,375,A
3-PA,374,0,0,374,0,374,G
3-PA,375,365,0,0,0,365,A
3-PA,376,0,0,367,0,367,G
3-PA,377,352,0,0,0,352,A
3-PA,378,354,0,0,0,354,A
3-PA,379,0,0,362,0,362,G
3-PA,380,0,351,0,0,351,T
3-PA,381,0,0,0,352,352,C
3-PA,382,0,0,0,351,351,C
3-PA,383,354,0,0,0,354,A
3-PA,384,0,0,0,356,356,C
3-PA,385,365,0,0,0,365,A
3-PA,386,0,369,0,0,369,T
3-PA,387,373,0,0,0,373,A
3-PA,388,0,365,0,0,365,T
3-PA,389,363,0,2,0,365,A
3-PA,390,1,356,0,1,358,T
3-PA,391,0,359,0,0,359,T
3-PA,392,362,0,0,0,362,A
3-PA,393,0,0,0,364,364,C
3-PA,394,0,0,0,346,346,C
3-PA,395,0,342,0,0,342,T
3-PA,396,0,335,0,1,336,T
3-PA,397,0,0,335,0,335,G
3-PA,398,336,0,0,0,336,A
3-PA,399,337,0,0,0,337,A
3-PA,400,337,0,0,0,337,A
3-PA,401,317,0,1,0,318,A
3-PA,402,0,1,321,0,322,G
3-PA,403,1,1,319,0,321,G
3-PA,404,0,0,0,320,320,C
3-PA,405,1,0,0,321,322,C
3-PA,406,319,0,0,0,319,A
3-PA,407,318,0,0,0,318,A
3-PA,408,0,319,0,0,319,T
3-PA,409,319,0,0,0,319,A
3-PA,410,319,0,0,0,319,A
3-PA,411,0,0,327,0,327,G
3-PA,412,322,0,0,0,322,A
3-PA,413,0,323,0,0,323,T
3-PA,414,0,321,0,0,321,T
3-PA,415,323,1,0,0,324,A
3-PA,416,323,0,0,0,323,A
3-PA,417,325,0,0,0,325,A
3-PA,418,0,324,0,0,324,T
3-PA,419,0,0,0,326,326,C
3-PA,420,0,317,0,0,317,T
3-PA,421,0,1,320,0,321,G
3-PA,422,321,0,0,0,321,A
3-PA,423,0,1,326,0,327,G
3-PA,424,328,0,1,0,329,A
3-PA,425,330,0,0,0,330,A
3-PA,426,0,0,0,331,331,C
3-PA,427,327,0,0,0,327,A
3-PA,428,0,0,0,334,334,C
3-PA,429,333,0,0,1,334,A
3-PA,430,0,0,0,335,335,C
3-PA,431,327,0,1,0,328,A
3-PA,432,0,0,0,332,332,C
3-PA,433,330,0,0,0,330,A
3-PA,434,0,328,0,0,328,T
3-PA,435,0,325,0,3,328,T
3-PA,436,0,0,0,327,327,C
3-PA,437,325,0,0,0,325,A
3-PA,438,0,0,1,329,330,C
3-PA,439,327,0,0,0,327,A
3-PA,440,0,327,0,0,327,T
3-PA,441,0,318,0,0,318,T
3-PA,442,1,319,0,0,320,T
3-PA,443,0,319,0,1,320,T
3-PA,444,0,0,0,324,324,C
3-PA,445,0,320,0,2,322,T
3-PA,446,0,0,0,323,323,C
3-PA,447,322,0,0,0,322,A
3-PA,448,0,323,0,0,323,T
3-PA,449,0,321,1,0,322,T
3-PA,450,0,0,0,329,329,C
3-PA,451,324,0,1,0,325,A
3-PA,452,0,1,0,324,325,C
3-PA,453,0,321,0,1,322,T
3-PA,454,0,0,328,0,328,G
3-PA,455,0,1,324,0,325,G
3-PA,456,0,0,330,0,330,G
3-PA,457,0,0,327,0,327,G
3-PA,458,327,0,0,0,327,A
3-PA,459,0,0,333,0,333,G
3-PA,460,0,1,334,0,335,G
3-PA,461,333,0,0,0,333,A
3-PA,462,334,0,0,0,334,A
3-PA,463,329,0,1,1,331,A
3-PA,464,0,324,0,0,324,T
3-PA,465,0,0,325,0,325,G
3-PA,466,1,0,321,0,322,G
3-PA,467,0,0,0,323,323,C
3-PA,468,0,0,0,321,321,C
3-PA,469,321,0,0,0,321,A
3-PA,470,0,0,0,323,323,C
3-PA,471,320,0,0,0,320,A
3-PA,472,324,1,0,0,325,A
3-PA,473,323,0,1,0,324,A
3-PA,474,0,0,325,0,325,G
3-PA,475,0,0,326,0,326,G
3-PA,476,0,0,0,331,331,C
3-PA,477,330,0,2,1,333,A
3-PA,478,0,0,341,0,341,G
3-PA,479,342,0,0,0,342,A
3-PA,480,1,0,0,347,348,C
3-PA,481,0,348,0,1,349,T
3-PA,482,349,0,0,0,349,A
3-PA,483,0,0,0,348,348,C
3-PA,484,344,0,0,0,344,A
3-PA,485,0,0,0,347,347,C
3-PA,486,0,340,0,1,341,T
3-PA,487,1,0,0,344,345,C
3-PA,488,0,342,0,0,342,T
3-PA,489,0,0,0,338,338,C
3-PA,490,0,0,337,0,337,G
3-PA,491,337,0,0,0,337,A
3-PA,492,1,2,0,332,335,C
3-PA,493,0,0,334,1,335,G
3-PA,494,336,0,2,0,338,A
3-PA,495,0,0,338,0,338,G
3-PA,496,0,0,337,0,337,G
3-PA,497,335,1,0,0,336,A
3-PA,498,334,0,0,1,335,A
3-PA,499,338,0,0,0,338,A
3-PA,500,0,0,336,0,336,G
3-PA,501,0,0,0,337,337,C
3-PA,502,333,0,0,0,333,A
3-PA,503,0,0,332,0,332,G
3-PA,504,325,0,1,0,326,A
3-PA,505,0,0,334,0,334,G
3-PA,506,0,0,0,333,333,C
3-PA,507,0,331,0,0,331,T
3-PA,508,333,0,0,0,333,A
3-PA,509,0,0,337,0,337,G
3-PA,510,0,0,359,0,359,G
3-PA,511,360,0,0,0,360,A
3-PA,512,0,352,0,0,352,T
3-PA,513,0,355,0,0,355,T
3-PA,514,355,0,0,0,355,A
3-PA,515,357,0,1,0,358,A
3-PA,516,0,1,363,0,364,G
3-PA,517,363,1,0,0,364,A
3-PA,518,0,0,0,365,365,C
3-PA,519,1,0,0,337,338,C
3-PA,520,330,0,0,0,330,A
3-PA,521,0,0,334,0,334,G
3-PA,522,0,0,337,0,337,G
3-PA,523,0,0,0,338,338,C
3-PA,524,0,336,0,0,336,T
3-PA,525,0,0,351,0,351,G
3-PA,526,0,348,0,0,348,T
3-PA,527,0,347,0,0,347,T
3-PA,528,0,347,0,0,347,T
3-PA,529,347,0,0,0,347,A
3-PA,530,0,0,0,352,352,C
3-PA,531,0,0,0,352,352,C
3-PA,532,351,0,0,0,351,A
3-PA,533,0,349,0,0,349,T
3-PA,534,334,0,0,0,334,A
3-PA,535,334,0,0,1,335,A
3-PA,536,0,0,338,0,338,G
3-PA,537,338,0,1,0,339,A
3-PA,538,0,1,0,339,340,C
3-PA,539,329,0,0,0,329,A
3-PA,540,329,0,0,0,329,A
3-PA,541,0,1,331,0,332,G
3-PA,542,331,0,0,0,331,A
3-PA,543,331,0,0,0,331,A
3-PA,544,325,1,1,0,327,A
3-PA,545,0,318,0,0,318,T
3-PA,546,0,1,319,0,320,G
3-PA,547,0,1,318,0,319,G
3-PA,548,0,0,0,318,318,C
3-PA,549,0,0,0,318,318,C
3-PA,550,316,0,0,0,316,A
3-PA,551,330,0,0,0,330,A
3-PA,552,0,0,0,331,331,C
3-PA,553,330,0,0,0,330,A
3-PA,554,0,0,329,0,329,G
3-PA,555,322,0,0,0,322,A
3-PA,556,0,0,324,0,324,G
3-PA,557,1,0,324,0,325,G
3-PA,558,0,0,0,327,327,C
3-PA,559,0,0,0,322,322,C
3-PA,560,0,320,0,0,320,T
3-PA,561,0,0,0,319,319,C
3-PA,562,0,321,0,0,321,T
3-PA,563,1,1,319,0,321,G
3-PA,564,0,0,324,0,324,G
3-PA,565,0,0,320,0,320,G
3-PA,566,313,0,0,1,314,A
3-PA,567,0,308,0,0,308,T
3-PA,568,0,308,0,1,309,T
3-PA,569,0,0,0,342,342,C
3-PA,570,1,0,0,337,338,C
3-PA,571,0,336,0,0,336,T
3-PA,572,0,334,0,0,334,T
3-PA,573,0,335,0,0,335,T
3-PA,574,0,0,0,337,337,C
3-PA,575,0,0,334,0,334,G
3-PA,576,1,334,0,0,335,T
3-PA,577,0,1,0,336,337,C
3-PA,578,329,0,1,0,330,A
3-PA,579,0,0,377,0,377,G
3-PA,580,0,375,0,0,375,T
3-PA,581,0,0,0,375,375,C
3-PA,582,0,0,0,377,377,C
3-PA,583,0,0,378,0,378,G
3-PA,584,374,0,3,0,377,A
3-PA,585,375,0,0,1,376,A
3-PA,586,377,0,1,0,378,A
3-PA,587,0,0,390,0,390,G
3-PA,588,375,0,1,0,376,A
3-PA,589,0,0,379,0,379,G
3-PA,590,0,1,380,0,381,G
3-PA,591,0,0,0,384,384,C
3-PA,592,0,1,382,0,383,G
3-PA,593,381,0,0,0,381,A
3-PA,594,383,0,1,0,384,A
3-PA,595,0,1,384,0,385,G
3-PA,596,384,0,0,0,384,A
3-PA,597,385,0,2,0,387,A
3-PA,598,380,0,1,0,381,A
3-PA,599,0,0,0,388,388,C
3-PA,600,385,0,0,0,385,A
3-PA,601,387,0,0,0,387,A
3-PA,602,0,386,0,0,386,T
3-PA,603,0,384,0,0,384,T
3-PA,604,0,0,384,0,384,G
3-PA,605,382,0,0,0,382,A
3-PA,606,384,0,0,0,384,A
3-PA,607,0,0,383,0,383,G
3-PA,608,382,0,0,0,382,A
3-PA,609,383,0,0,0,383,A
3-PA,610,381,1,0,0,382,A
3-PA,611,384,0,0,0,384,A
3-PA,612,383,0,0,0,383,A
3-PA,613,0,384,0,0,384,T
3-PA,614,0,385,0,0,385,T
3-PA,615,0,384,0,0,384,T
3-PA,616,0,2,383,0,385,G
3-PA,617,384,0,0,0,384,A
3-PA,618,384,0,0,0,384,A
3-PA,619,384,0,0,0,384,A
3-PA,620,0,393,0,0,393,T
3-PA,621,0,0,0,428,428,C
3-PA,622,426,0,0,0,426,A
3-PA,623,0,0,0,435,435,C
3-PA,624,434,0,0,0,434,A
3-PA,625,0,1,444,0,445,G
3-PA,626,0,1,458,0,459,G
3-PA,627,472,0,0,0,472,A
3-PA,628,482,0,0,0,482,A
3-PA,629,0,0,0,487,487,C
3-PA,630,0,467,0,0,467,T
3-PA,631,502,1,0,0,503,A
3-PA,632,0,513,0,0,513,T
3-PA,633,0,0,542,0,542,G
3-PA,634,0,0,0,539,539,C
3-PA,635,0,1,535,0,536,G
3-PA,636,0,532,0,0,532,T
3-PA,637,526,0,0,0,526,A
3-PA,638,0,2,532,0,534,G
3-PA,639,0,0,530,0,530,G
3-PA,640,0,1,0,524,525,C
3-PA,641,0,520,0,0,520,T
3-PA,642,0,513,0,0,513,T
3-PA,643,0,0,512,0,512,G
3-PA,644,0,0,0,516,516,C
3-PA,645,0,4,0,508,512,C
3-PA,646,2,1,515,0,518,G
3-PA,647,518,0,0,0,518,A
3-PA,648,0,0,0,522,522,C
3-PA,649,1,0,0,517,518,C
3-PA,650,520,0,0,0,520,A
3-PA,651,520,0,0,0,520,A
3-PA,652,520,0,0,1,521,A
3-PA,653,0,1,528,0,529,G
3-PA,654,0,530,0,0,530,T
3-PA,655,0,0,0,529,529,C
3-PA,656,0,526,0,0,526,T
3-PA,657,1,1,0,530,532,C
3-PA,658,2,0,0,530,532,C
3-PA,659,2,0,1,533,536,C
3-PA,660,535,0,2,0,537,A
3-PA,661,0,0,0,540,540,C
3-PA,662,2,0,0,529,531,C
3-PA,663,0,0,536,0,536,G
3-PA,664,537,0,1,0,538,A
3-PA,665,539,0,0,0,539,A
3-PA,666,0,0,0,546,546,C
3-PA,667,0,542,0,0,542,T
3-PA,668,0,554,0,0,554,T
3-PA,669,0,0,0,565,565,C
3-PA,670,0,561,1,0,562,T
3-PA,671,0,0,1,561,562,C
3-PA,672,1,0,0,564,565,C
3-PA,673,1,560,0,1,562,T
3-PA,674,0,0,566,0,566,G
3-PA,675,2,0,0,562,564,C
3-PA,676,0,1,0,566,567,C
3-PA,677,0,556,0,1,557,T
3-PA,678,1,551,0,1,553,T
3-PA,679,0,0,558,0,558,G
3-PA,680,559,0,1,0,560,A
3-PA,681,0,1,563,0,564,G
3-PA,682,561,2,0,0,563,A
3-PA,683,566,0,0,0,566,A
3-PA,684,0,576,0,0,576,T
3-PA,685,0,577,0,0,577,T
3-PA,686,0,575,0,0,575,T
3-PA,687,0,579,0,0,579,T
3-PA,688,577,0,0,0,577,A
3-PA,689,1,1,575,0,577,G
3-PA,690,572,0,2,0,574,A
3-PA,691,1,0,590,0,591,G
3-PA,692,0,0,0,591,591,C
3-PA,693,2,0,0,591,593,C
3-PA,694,0,607,0,0,607,T
3-PA,695,628,0,0,0,628,A
3-PA,696,0,629,0,0,629,T
3-PA,697,1,0,638,0,639,G
3-PA,698,0,637,0,0,637,T
3-PA,699,1,1,634,0,636,G
3-PA,700,0,0,627,0,627,G
3-PA,701,619,0,0,0,619,A
3-PA,702,0,614,0,0,614,T
3-PA,703,0,3,601,0,604,G
3-PA,704,0,1,617,0,618,G
3-PA,705,614,1,0,0,615,A
3-PA,706,0,610,1,0,611,T
3-PA,707,0,612,0,0,612,T
3-PA,708,0,0,0,610,610,C
3-PA,709,0,1,614,0,615,G
3-PA,710,615,0,0,0,615,A
3-PA,711,612,1,1,0,614,A
3-PA,712,0,0,0,619,619,C
3-PA,713,1,0,0,597,598,C
3-PA,714,1,3,598,0,602,G
3-PA,715,598,0,0,0,598,A
3-PA,716,601,0,1,0,602,A
3-PA,717,0,1,0,607,608,C
3-PA,718,0,3,601,0,604,G
3-PA,719,0,0,631,0,631,G
3-PA,720,1,0,0,628,629,C
3-PA,721,0,630,0,0,630,T
3-PA,722,1,0,645,0,646,G
3-PA,723,0,0,0,641,641,C
3-PA,724,644,0,1,0,645,A
3-PA,725,0,644,0,0,644,T
3-PA,726,0,633,0,0,633,T
3-PA,727,1,0,637,0,638,G
3-PA,728,616,0,0,0,616,A
3-PA,729,0,0,628,0,628,G
3-PA,730,0,0,628,0,628,G
3-PA,731,0,0,621,0,621,G
3-PA,732,0,0,0,620,620,C
3-PA,733,617,0,0,0,617,A
3-PA,734,620,0,2,0,622,A
3-PA,735,0,0,627,0,627,G
3-PA,736,0,0,0,628,628,C
3-PA,737,0,630,0,0,630,T
3-PA,738,0,627,0,0,627,T
3-PA,739,0,630,0,1,631,T
3-PA,740,1,0,0,626,627,C
3-PA,741,0,626,0,0,626,T
3-PA,742,1,0,0,629,630,C
3-PA,743,632,0,0,0,632,A
3-PA,744,624,0,0,0,624,A
3-PA,745,620,0,0,0,620,A
3-PA,746,0,620,0,0,620,T
3-PA,747,1,0,639,0,640,G
3-PA,748,0,639,0,0,639,T
3-PA,749,1,0,1,640,642,C
3-PA,750,1,0,0,644,645,C
3-PA,751,643,0,0,0,643,A
3-PA,752,644,0,0,0,644,A
3-PA,753,644,0,0,0,644,A
3-PA,754,0,1,657,0,658,G
3-PA,755,653,0,0,0,653,A
3-PA,756,640,0,2,0,642,A
3-PA,757,0,1,650,0,651,G
3-PA,758,1,643,0,0,644,T
3-PA,759,0,1,646,0,647,G
3-PA,760,647,0,0,0,647,A
3-PA,761,645,0,1,0,646,A
3-PA,762,0,642,0,0,642,T
3-PA,763,0,0,643,0,643,G
3-PA,764,0,0,0,650,650,C
3-PA,765,1,0,0,646,647,C
3-PA,766,2,1,0,646,649,C
3-PA,767,653,0,0,0,653,A
3-PA,768,652,1,0,0,653,A
3-PA,769,657,0,0,0,657,A
3-PA,770,1,657,0,0,658,T
3-PA,771,0,651,0,1,652,T
3-PA,772,0,0,653,0,653,G
3-PA,773,649,0,1,0,650,A
3-PA,774,652,0,0,0,652,A
3-PA,775,0,0,0,654,654,C
3-PA,776,0,0,0,652,652,C
3-PA,777,0,648,0,0,648,T
3-PA,778,0,660,0,0,660,T
3-PA,779,0,662,0,0,662,T
3-PA,780,1,670,0,0,671,T
3-PA,781,0,0,0,672,672,C
3-PA,782,0,670,0,1,671,T
3-PA,783,2,0,672,0,674,G
3-PA,784,673,0,0,0,673,A
3-PA,785,688,0,0,0,688,A
3-PA,786,0,0,693,0,693,G
3-PA,787,684,0,0,0,684,A
3-PA,788,0,0,0,689,689,C
3-PA,789,668,0,0,0,668,A
3-PA,790,678,0,0,0,678,A
3-PA,791,1,0,0,751,752,C
3-PA,792,756,0,0,0,756,A
3-PA,793,0,0,0,755,755,C
3-PA,794,1,0,0,747,748,C
3-PA,795,743,1,0,1,745,A
3-PA,796,743,0,2,0,745,A
3-PA,797,0,3,743,0,746,G
3-PA,798,749,0,1,0,750,A
3-PA,799,0,0,0,749,749,C
3-PA,800,2,0,0,689,691,C
3-PA,801,689,0,1,0,690,A
3-PA,802,689,0,0,0,689,A
3-PA,803,0,686,1,0,687,T
3-PA,804,2,0,0,689,691,C
3-PA,805,690,1,0,0,691,A
3-PA,806,686,0,0,0,686,A
3-PA,807,686,0,0,0,686,A
3-PA,808,0,0,0,694,694,C
3-PA,809,0,683,1,1,685,T
3-PA,810,0,690,0,0,690,T
3-PA,811,0,0,0,693,693,C
3-PA,812,0,0,0,698,698,C
3-PA,813,0,3,695,0,698,G
3-PA,814,698,0,1,0,699,A
3-PA,815,698,0,3,0,701,A
3-PA,816,0,706,0,0,706,T
3-PA,817,0,1,698,0,699,G
3-PA,818,0,1,697,0,698,G
3-PA,819,703,0,0,0,703,A
3-PA,820,1,0,0,706,707,C
3-PA,821,4,0,0,700,704,C
3-PA,822,0,723,0,0,723,T
3-PA,823,1,0,0,743,744,C
3-PA,824,1,0,0,746,747,C
3-PA,825,0,745,0,0,745,T
3-PA,826,0,746,0,1,747,T
3-PA,827,1,1,777,0,779,G
3-PA,828,0,774,0,0,774,T
3-PA,829,0,774,0,2,776,T
3-PA,830,772,0,0,0,772,A
3-PA,831,0,745,0,0,745,T
3-PA,832,0,0,0,735,735,C
3-PA,833,720,1,0,0,721,A
3-PA,834,1,0,720,0,721,G
3-PA,835,0,1,0,719,720,C
3-PA,836,0,0,697,0,697,G
3-PA,837,0,0,706,0,706,G
3-PA,838,0,708,0,2,710,T
3-PA,839,0,0,0,708,708,C
3-PA,840,1,0,0,712,713,C
3-PA,841,712,0,0,0,712,A
3-PA,842,720,0,0,0,720,A
3-PA,843,717,0,0,0,717,A
3-PA,844,0,721,0,0,721,T
3-PA,845,0,719,0,0,719,T
3-PA,846,0,1,0,713,714,C
3-PA,847,1,0,0,714,715,C
3-PA,848,1,711,0,0,712,T
3-PA,849,0,0,0,715,715,C
3-PA,850,0,1,0,717,718,C
3-PA,851,0,709,0,0,709,T
3-PA,852,0,2,716,0,718,G
3-PA,853,718,0,0,0,718,A
3-PA,854,0,720,0,0,720,T
3-PA,855,0,0,713,0,713,G
3-PA,856,0,0,703,0,703,G
3-PA,857,703,0,0,0,703,A
3-PA,858,0,695,0,1,696,T
3-PA,859,0,0,695,1,696,G
3-PA,860,0,0,0,725,725,C
3-PA,861,1,721,0,0,722,T
3-PA,862,0,724,0,1,725,T
3-PA,863,1,727,0,0,728,T
3-PA,864,727,1,0,0,728,A
3-PA,865,733,0,0,0,733,A
3-PA,866,729,0,0,1,730,A
3-PA,867,735,0,0,0,735,A
3-PA,868,0,733,0,0,733,T
3-PA,869,0,663,0,0,663,T
3-PA,870,0,1,664,0,665,G
3-PA,871,657,0,0,0,657,A
3-PA,872,0,0,668,0,668,G
3-PA,873,0,0,0,668,668,C
3-PA,874,668,0,0,0,668,A
3-PA,875,0,677,0,2,679,T
3-PA,876,0,682,0,0,682,T
3-PA,877,1,0,675,0,676,G
3-PA,878,684,0,0,0,684,A
3-PA,879,679,0,2,0,681,A
3-PA,880,0,2,681,0,683,G
3-PA,881,666,0,3,0,669,A
3-PA,882,2,0,0,670,672,C
3-PA,883,0,0,0,667,667,C
3-PA,884,1,0,0,652,653,C
3-PA,885,653,0,0,0,653,A
3-PA,886,669,0,0,0,669,A
3-PA,887,0,1,683,0,684,G
3-PA,888,0,682,3,0,685,T
3-PA,889,2,0,0,679,681,C
3-PA,890,680,0,0,0,680,A
3-PA,891,0,0,0,677,677,C
3-PA,892,0,0,677,0,677,G
3-PA,893,684,0,0,1,685,A
3-PA,894,688,0,1,0,689,A
3-PA,895,0,0,709,0,709,G
3-PA,896,0,0,706,0,706,G
3-PA,897,710,1,1,0,712,A
3-PA,898,0,0,721,0,721,G
3-PA,899,719,0,0,0,719,A
3-PA,900,724,0,0,0,724,A
3-PA,901,0,4,721,0,725,G
3-PA,902,0,1,720,0,721,G
3-PA,903,0,1,724,0,725,G
3-PA,904,699,0,0,0,699,A
3-PA,905,0,699,0,1,700,T
3-PA,906,1,0,0,697,698,C
3-PA,907,3,1,0,756,760,C
3-PA,908,4,0,0,769,773,C
3-PA,909,780,0,0,0,780,A
3-PA,910,0,780,0,0,780,T
3-PA,911,0,787,0,0,787,T
3-PA,912,804,0,0,0,804,A
3-PA,913,0,801,0,0,801,T
3-PA,914,799,0,0,0,799,A
3-PA,915,0,798,0,0,798,T
3-PA,916,1,2,710,0,713,G
3-PA,917,717,0,0,0,717,A
3-PA,918,0,703,0,0,703,T
3-PA,919,0,1,712,0,713,G
3-PA,920,1,0,1,706,708,C
3-PA,921,0,3,703,0,706,G
3-PA,922,709,0,0,0,709,A
3-PA,923,0,711,0,0,711,T
3-PA,924,4,0,0,709,713,C
3-PA,925,709,0,1,0,710,A
3-PA,926,703,0,3,1,707,A
3-PA,927,0,1,706,0,707,G
3-PA,928,0,704,0,0,704,T
3-PA,929,0,6,695,0,701,G
3-PA,930,0,0,0,707,707,C
3-PA,931,704,0,2,0,706,A
3-PA,932,0,709,0,0,709,T
3-PA,933,707,0,0,0,707,A
3-PA,934,712,0,0,0,712,A
3-PA,935,715,0,0,0,715,A
3-PA,936,712,0,0,0,712,A
3-PA,937,714,0,1,0,715,A
3-PA,938,0,0,0,716,716,C
3-PA,939,709,0,0,0,709,A
3-PA,940,0,716,0,0,716,T
3-PA,941,0,717,0,0,717,T
3-PA,942,2,0,0,715,717,C
3-PA,943,0,715,0,0,715,T
3-PA,944,0,711,0,0,711,T
3-PA,945,0,711,0,1,712,T
3-PA,946,0,2,712,0,714,G
3-PA,947,0,1,712,0,713,G
3-PA,948,715,0,0,0,715,A
3-PA,949,0,714,0,0,714,T
3-PA,950,0,2,721,0,723,G
3-PA,951,0,2,735,0,737,G
3-PA,952,736,0,0,0,736,A
3-PA,953,734,0,2,0,736,A
3-PA,954,740,0,0,0,740,A
3-PA,955,0,1,747,0,748,G
3-PA,956,744,0,1,0,745,A
3-PA,957,819,0,1,0,820,A
3-PA,958,1,0,0,829,830,C
3-PA,959,0,0,0,831,831,C
3-PA,960,0,827,0,0,827,T
3-PA,961,0,842,0,0,842,T
3-PA,962,841,0,0,0,841,A
3-PA,963,0,841,0,1,842,T
3-PA,964,833,0,1,0,834,A
3-PA,965,0,844,0,0,844,T
3-PA,966,782,0,0,0,782,A
3-PA,967,0,0,794,0,794,G
3-PA,968,0,788,0,0,788,T
3-PA,969,1,0,0,786,787,C
3-PA,970,778,0,0,0,778,A
3-PA,971,779,0,0,0,779,A
3-PA,972,778,0,0,0,778,A
3-PA,973,1,0,0,782,783,C
3-PA,974,1,0,0,769,770,C
3-PA,975,761,0,1,0,762,A
3-PA,976,1,0,0,762,763,C
3-PA,977,763,0,0,0,763,A
3-PA,978,0,0,0,765,765,C
3-PA,979,0,0,763,0,763,G
3-PA,980,762,0,1,0,763,A
3-PA,981,765,0,0,0,765,A
3-PA,982,760,0,0,0,760,A
3-PA,983,763,0,1,0,764,A
3-PA,984,0,1,761,1,763,G
3-PA,985,0,0,759,0,759,G
3-PA,986,0,0,770,0,770,G
3-PA,987,771,0,2,0,773,A
3-PA,988,776,0,0,0,776,A
3-PA,989,0,774,0,0,774,T
3-PA,990,772,0,0,0,772,A
3-PA,991,774,0,0,0,774,A
3-PA,992,780,0,0,0,780,A
3-PA,993,0,775,0,0,775,T
3-PA,994,0,769,1,0,770,T
3-PA,995,1,1,1,776,779,C
3-PA,996,776,0,0,0,776,A
3-PA,997,772,0,0,0,772,A
3-PA,998,781,0,0,0,781,A
3-PA,999,0,780,0,0,780,T
3-PA,1000,0,784,0,0,784,T
3-PA,1001,793,0,1,0,794,A
3-PA,1002,0,0,0,791,791,C
3-PA,1003,1,0,0,794,795,C
3-PA,1004,0,791,0,1,792,T
3-PA,1005,0,0,791,2,793,G
3-PA,1006,1,0,0,795,796,C
3-PA,1007,0,790,0,2,792,T
3-PA,1008,1,0,812,1,814,G
3-PA,1009,0,809,0,1,810,T
3-PA,1010,0,0,0,818,818,C
3-PA,1011,818,0,1,0,819,A
3-PA,1012,0,819,0,0,819,T
3-PA,1013,0,2,813,0,815,G
3-PA,1014,0,2,815,0,817,G
3-PA,1015,823,0,0,0,823,A
3-PA,1016,837,0,1,1,839,A
3-PA,1017,2,0,830,0,832,G
3-PA,1018,0,0,0,831,831,C
3-PA,1019,827,0,1,0,828,A
3-PA,1020,831,0,0,0,831,A
3-PA,1021,0,0,835,0,835,G
3-PA,1022,0,832,0,0,832,T
3-PA,1023,829,1,0,0,830,A
3-PA,1024,1,0,0,828,829,C
3-PA,1025,0,815,0,1,816,T
3-PA,1026,2,1,817,0,820,G
3-PA,1027,0,816,0,0,816,T
3-PA,1028,2,0,0,814,816,C
3-PA,1029,814,0,1,0,815,A
3-PA,1030,0,2,820,0,822,G
3-PA,1031,822,0,0,0,822,A
3-PA,1032,824,0,0,0,824,A
3-PA,1033,0,841,0,0,841,T
3-PA,1034,0,831,0,0,831,T
3-PA,1035,0,1,828,0,829,G
3-PA,1036,0,3,0,820,823,C
3-PA,1037,823,0,2,0,825,A
3-PA,1038,2,1,822,0,825,G
3-PA,1039,0,1,817,0,818,G
3-PA,1040,819,0,4,0,823,A
3-PA,1041,1,0,0,826,827,C
3-PA,1042,809,0,0,1,810,A
3-PA,1043,0,812,0,1,813,T
3-PA,1044,0,816,0,0,816,T
3-PA,1045,0,0,816,0,816,G
3-PA,1046,821,0,0,0,821,A
3-PA,1047,816,1,0,0,817,A
3-PA,1048,815,1,0,0,816,A
3-PA,1049,814,0,1,0,815,A
3-PA,1050,1,805,0,0,806,T
3-PA,1051,0,0,808,0,808,G
3-PA,1052,799,1,1,0,801,A
3-PA,1053,0,1,805,1,807,G
3-PA,1054,0,0,806,0,806,G
3-PA,1055,798,0,1,0,799,A
3-PA,1056,0,0,799,0,799,G
3-PA,1057,794,0,0,0,794,A
3-PA,1058,792,0,1,0,793,A
3-PA,1059,0,0,794,0,794,G
3-PA,1060,0,0,779,0,779,G
3-PA,1061,0,807,0,0,807,T
3-PA,1062,0,813,0,0,813,T
3-PA,1063,0,0,0,813,813,C
3-PA,1064,1,0,0,811,812,C
3-PA,1065,811,1,0,0,812,A
3-PA,1066,808,0,0,1,809,A
3-PA,1067,0,3,810,0,813,G
3-PA,1068,1,1,823,0,825,G
3-PA,1069,816,0,0,0,816,A
3-PA,1070,0,0,0,818,818,C
3-PA,1071,0,818,0,0,818,T
3-PA,1072,822,0,0,0,822,A
3-PA,1073,823,0,0,0,823,A
3-PA,1074,819,1,0,0,820,A
3-PA,1075,821,0,1,0,822,A
3-PA,1076,817,0,0,0,817,A
3-PA,1077,0,0,0,804,804,C
3-PA,1078,801,0,0,0,801,A
3-PA,1079,1,797,0,0,798,T
3-PA,1080,0,0,801,0,801,G
3-PA,1081,803,0,0,0,803,A
3-PA,1082,801,0,0,0,801,A
3-PA,1083,0,0,806,0,806,G
3-PA,1084,808,0,0,0,808,A
3-PA,1085,807,0,0,0,807,A
3-PA,1086,805,0,0,0,805,A
3-PA,1087,806,0,0,0,806,A
3-PA,1088,0,0,0,808,808,C
3-PA,1089,1,2,802,0,805,G
3-PA,1090,805,0,2,0,807,A
3-PA,1091,0,0,809,0,809,G
3-PA,1092,1,806,0,0,807,T
3-PA,1093,1,0,0,819,820,C
3-PA,1094,823,1,1,0,825,A
3-PA,1095,840,0,1,0,841,A
3-PA,1096,0,0,0,840,840,C
3-PA,1097,0,837,0,0,837,T
3-PA,1098,0,0,851,0,851,G
3-PA,1099,848,0,0,0,848,A
3-PA,1100,851,0,2,1,854,A
3-PA,1101,0,0,857,0,857,G
3-PA,1102,0,837,0,0,837,T
3-PA,1103,0,2,832,0,834,G
3-PA,1104,1,2,828,0,831,G
3-PA,1105,2,0,832,0,834,G
3-PA,1106,1,0,0,839,840,C
3-PA,1107,0,830,0,0,830,T
3-PA,1108,2,0,0,838,840,C
3-PA,1109,0,831,0,0,831,T
3-PA,1110,1,830,0,0,831,T
3-PA,1111,0,2,837,0,839,G
3-PA,1112,0,0,844,0,844,G
3-PA,1113,1,838,0,3,842,T
3-PA,1114,0,0,844,0,844,G
3-PA,1115,836,2,1,0,839,A
3-PA,1116,847,0,0,0,847,A
3-PA,1117,840,0,0,0,840,A
3-PA,1118,842,0,1,1,844,A
3-PA,1119,0,0,0,849,849,C
3-PA,1120,827,0,0,0,827,A
3-PA,1121,0,823,0,0,823,T
3-PA,1122,0,2,822,0,824,G
3-PA,1123,1,0,840,0,841,G
3-PA,1124,1,0,1,845,847,C
3-PA,1125,846,0,0,0,846,A
3-PA,1126,0,0,0,846,846,C
3-PA,1127,0,0,0,847,847,C
3-PA,1128,852,0,0,0,852,A
3-PA,1129,0,2,860,0,862,G
3-PA,1130,859,0,0,0,859,A
3-PA,1131,1,1,862,1,865,G
3-PA,1132,852,0,0,0,852,A
3-PA,1133,861,0,1,0,862,A
3-PA,1134,0,0,868,0,868,G
3-PA,1135,1,0,860,1,862,G
3-PA,1136,0,863,0,0,863,T
3-PA,1137,860,0,0,0,860,A
3-PA,1138,0,2,856,0,858,G
3-PA,1139,852,1,0,0,853,A
3-PA,1140,0,1,0,859,860,C
3-PA,1141,1,835,0,1,837,T
3-PA,1142,0,842,0,1,843,T
3-PA,1143,0,840,0,1,841,T
3-PA,1144,0,0,844,0,844,G
3-PA,1145,846,0,1,0,847,A
3-PA,1146,845,0,1,0,846,A
3-PA,1147,842,0,0,0,842,A
3-PA,1148,837,0,0,0,837,A
3-PA,1149,0,1,0,847,848,C
3-PA,1150,0,845,0,0,845,T
3-PA,1151,0,0,860,0,860,G
3-PA,1152,1,0,0,862,863,C
3-PA,1153,863,1,0,0,864,A
3-PA,1154,0,1,859,0,860,G
3-PA,1155,860,0,0,0,860,A
3-PA,1156,0,0,908,0,908,G
3-PA,1157,908,0,2,0,910,A
3-PA,1158,0,0,0,909,909,C
3-PA,1159,902,0,0,2,904,A
3-PA,1160,0,908,0,0,908,T
3-PA,1161,904,0,0,0,904,A
3-PA,1162,902,0,2,0,904,A
3-PA,1163,0,0,905,0,905,G
3-PA,1164,0,1,0,902,903,C
3-PA,1165,0,2,888,0,890,G
3-PA,1166,916,0,0,0,916,A
3-PA,1167,0,905,0,1,906,T
3-PA,1168,0,904,0,1,905,T
3-PA,1169,0,906,0,1,907,T
3-PA,1170,0,3,909,0,912,G
3-PA,1171,913,1,0,0,914,A
3-PA,1172,912,0,0,1,913,A
3-PA,1173,1,0,915,0,916,G
3-PA,1174,0,0,1,943,944,C
3-PA,1175,938,0,0,0,938,A
3-PA,1176,1004,0,0,0,1004,A
3-PA,1177,0,1001,1,0,1002,T
3-PA,1178,1005,1,0,0,1006,A
3-PA,1179,0,1012,0,0,1012,T
3-PA,1180,0,0,1009,0,1009,G
3-PA,1181,1017,0,3,0,1020,A
3-PA,1182,0,1019,0,0,1019,T
3-PA,1183,993,0,0,0,993,A
3-PA,1184,1,0,998,0,999,G
3-PA,1185,0,962,1,0,963,T
3-PA,1186,0,1,960,0,961,G
3-PA,1187,956,0,5,0,961,A
3-PA,1188,0,0,0,952,952,C
3-PA,1189,0,2,946,0,948,G
3-PA,1190,962,0,0,0,962,A
3-PA,1191,960,0,1,0,961,A
3-PA,1192,1,0,0,966,967,C
3-PA,1193,0,0,0,962,962,C
3-PA,1194,0,966,0,0,966,T
3-PA,1195,2,1,987,1,991,G
3-PA,1196,986,0,0,0,986,A
3-PA,1197,992,0,0,0,992,A
3-PA,1198,1,986,0,0,987,T
3-PA,1199,0,987,0,0,987,T
3-PA,1200,982,0,1,0,983,A
3-PA,1201,975,0,1,0,976,A
3-PA,1202,0,1,977,0,978,G
3-PA,1203,0,0,977,0,977,G
3-PA,1204,0,960,0,0,960,T
3-PA,1205,2,0,0,960,962,C
3-PA,1206,965,0,0,1,966,A
3-PA,1207,0,960,0,2,962,T
3-PA,1208,0,977,1,0,978,T
3-PA,1209,1,977,0,2,980,T
3-PA,1210,0,975,0,5,980,T
3-PA,1211,2,0,0,977,979,C
3-PA,1212,978,0,0,0,978,A
3-PA,1213,976,1,0,0,977,A
3-PA,1214,0,1,989,0,990,G
3-PA,1215,0,1,0,991,992,C
3-PA,1216,0,984,0,0,984,T
3-PA,1217,0,0,1011,0,1011,G
3-PA,1218,0,1,1013,0,1014,G
3-PA,1219,1032,0,0,0,1032,A
3-PA,1220,0,1040,0,1,1041,T
3-PA,1221,1041,0,0,0,1041,A
3-PA,1222,0,0,0,1046,1046,C
3-PA,1223,1024,0,1,0,1025,A
3-PA,1224,0,2,1028,0,1030,G
3-PA,1225,1024,0,0,0,1024,A
3-PA,1226,1019,0,0,0,1019,A
3-PA,1227,0,1013,0,0,1013,T
3-PA,1228,0,0,1024,0,1024,G
3-PA,1229,1015,1,0,1,1017,A
3-PA,1230,0,0,1034,0,1034,G
3-PA,1231,0,1029,0,0,1029,T
3-PA,1232,0,1025,0,2,1027,T
3-PA,1233,1,2,1,1044,1048,C
3-PA,1234,1055,0,0,0,1055,A
3-PA,1235,1055,0,2,2,1059,A
3-PA,1236,0,0,0,1059,1059,C
3-PA,1237,1037,1,0,0,1038,A
3-PA,1238,1040,0,0,0,1040,A
3-PA,1239,0,1,1039,0,1040,G
3-PA,1240,1,1,1047,0,1049,G
3-PA,1241,1,0,0,1055,1056,C
3-PA,1242,1,0,0,1045,1046,C
3-PA,1243,0,1040,0,0,1040,T
3-PA,1244,0,0,1055,1,1056,G
3-PA,1245,1,1052,0,1,1054,T
3-PA,1246,0,0,1064,0,1064,G
3-PA,1247,1059,0,2,0,1061,A
3-PA,1248,34,0,1022,0,1056,G
3-PA,1249,0,0,0,1051,1051,C
3-PA,1250,0,1041,0,0,1041,T
3-PA,1251,1061,0,0,0,1061,A
3-PA,1252,1061,0,0,0,1061,A
3-PA,1253,2,0,0,1065,1067,C
3-PA,1254,0,1054,0,0,1054,T
3-PA,1255,0,2,1046,0,1048,G
3-PA,1256,1048,0,0,0,1048,A
3-PA,1257,1,1048,0,1,1050,T
3-PA,1258,0,1048,0,1,1049,T
3-PA,1259,1,0,0,1054,1055,C
3-PA,1260,1073,1,0,0,1074,A
3-PA,1261,1,2,1090,0,1093,G
3-PA,1262,0,1089,0,0,1089,T
3-PA,1263,4,3,0,1088,1095,C
3-PA,1264,0,1085,0,1,1086,T
3-PA,1265,0,1,1120,0,1121,G
3-PA,1266,0,3,1120,0,1123,G
3-PA,1267,1122,0,0,1,1123,A
3-PA,1268,1,1124,0,1,1126,T
3-PA,1269,1067,0,0,1,1068,A
3-PA,1270,0,2,1067,0,1069,G
3-PA,1271,1055,0,1,0,1056,A
3-PA,1272,0,1,1059,0,1060,G
3-PA,1273,1,1,0,1053,1055,C
3-PA,1274,0,1040,0,1,1041,T
3-PA,1275,0,1,0,1045,1046,C
3-PA,1276,1,2,1049,0,1052,G
3-PA,1277,1051,0,0,0,1051,A
3-PA,1278,0,1048,0,0,1048,T
3-PA,1279,0,0,1047,0,1047,G
3-PA,1280,1045,0,0,0,1045,A
3-PA,1281,1039,0,1,0,1040,A
3-PA,1282,0,0,1034,0,1034,G
3-PA,1283,0,1072,0,0,1072,T
3-PA,1284,0,1076,0,0,1076,T
3-PA,1285,3,0,1088,0,1091,G
3-PA,1286,0,0,1092,1,1093,G
3-PA,1287,1086,1,1,1,1089,A
3-PA,1288,0,3,1091,0,1094,G
3-PA,1289,1080,0,0,0,1080,A
3-PA,1290,0,5,1075,0,1080,G
3-PA,1291,0,1,1077,0,1078,G
3-PA,1292,1084,0,1,0,1085,A
3-PA,1293,2,1,0,1091,1094,C
3-PA,1294,0,0,1082,0,1082,G
3-PA,1295,0,1078,0,0,1078,T
3-PA,1296,1084,0,1,0,1085,A
3-PA,1297,2,0,1094,0,1096,G
3-PA,1298,0,0,0,1099,1099,C
3-PA,1299,1,1,0,1088,1090,C
3-PA,1300,2,0,0,1079,1081,C
3-PA,1301,6,0,0,1086,1092,C
3-PA,1302,1090,0,2,0,1092,A
3-PA,1303,1129,0,0,0,1129,A
3-PA,1304,0,1124,0,0,1124,T
3-PA,1305,0,1116,0,0,1116,T
3-PA,1306,0,5,1116,0,1121,G
3-PA,1307,1104,0,4,0,1108,A
3-PA,1308,0,0,1111,0,1111,G
3-PA,1309,0,2,0,1107,1109,C
3-PA,1310,1102,0,0,0,1102,A
3-PA,1311,0,0,0,1123,1123,C
3-PA,1312,1092,0,0,0,1092,A
3-PA,1313,0,1114,0,1,1115,T
3-PA,1314,0,1116,0,1,1117,T
3-PA,1315,1,0,1119,0,1120,G
3-PA,1316,0,0,0,1116,1116,C
3-PA,1317,1116,0,0,0,1116,A
3-PA,1318,1116,0,1,1,1118,A
3-PA,1319,2,0,1115,0,1117,G
3-PA,1320,0,1,0,1102,1103,C
3-PA,1321,1101,0,1,0,1102,A
3-PA,1322,0,1068,0,0,1068,T
3-PA,1323,1,2,1073,0,1076,G
3-PA,1324,1072,0,1,0,1073,A
3-PA,1325,0,1,1076,0,1077,G
3-PA,1326,1072,0,1,0,1073,A
3-PA,1327,1070,0,0,1,1071,A
3-PA,1328,0,0,1070,0,1070,G
3-PA,1329,0,1,1065,0,1066,G
3-PA,1330,1062,0,1,0,1063,A
3-PA,1331,1064,0,1,0,1065,A
3-PA,1332,0,1067,1,0,1068,T
3-PA,1333,0,1071,0,0,1071,T
3-PA,1334,1075,0,0,0,1075,A
3-PA,1335,0,1074,0,0,1074,T
3-PA,1336,1,1072,0,0,1073,T
3-PA,1337,0,1074,0,1,1075,T
3-PA,1338,1,0,0,1068,1069,C
3-PA,1339,1061,0,1,0,1062,A
3-PA,1340,1,1,0,1081,1083,C
3-PA,1341,1076,0,0,0,1076,A
3-PA,1342,0,1,1085,0,1086,G
3-PA,1343,0,0,0,1083,1083,C
3-PA,1344,1080,0,0,0,1080,A
3-PA,1345,0,2,1080,0,1082,G
3-PA,1346,1080,0,0,0,1080,A
3-PA,1347,0,3,1086,0,1089,G
3-PA,1348,1,1,1088,0,1090,G
3-PA,1349,0,1058,0,1,1059,T
3-PA,1350,2,0,1085,0,1087,G
3-PA,1351,0,1077,0,2,1079,T
3-PA,1352,1,0,0,1075,1076,C
3-PA,1353,2,1,0,1080,1083,C
3-PA,1354,4,0,0,1071,1075,C
3-PA,1355,1089,1,2,0,1092,A
3-PA,1356,0,1095,0,2,1097,T
3-PA,1357,0,1096,0,0,1096,T
3-PA,1358,0,0,1100,0,1100,G
3-PA,1359,0,1080,0,0,1080,T
3-PA,1360,1063,0,0,0,1063,A
3-PA,1361,0,1,1061,0,1062,G
3-PA,1362,1040,0,0,0,1040,A
3-PA,1363,0,0,1044,0,1044,G
3-PA,1364,0,0,0,1027,1027,C
3-PA,1365,1,0,0,1021,1022,C
3-PA,1366,1034,0,2,0,1036,A
3-PA,1367,0,0,0,1039,1039,C
3-PA,1368,0,1033,1,0,1034,T
3-PA,1369,1,0,1032,0,1033,G
3-PA,1370,1029,0,0,0,1029,A
3-PA,1371,1018,0,0,0,1018,A
3-PA,1372,0,1039,0,0,1039,T
3-PA,1373,1050,0,0,0,1050,A
3-PA,1374,0,3,0,1055,1058,C
3-PA,1375,1038,0,0,0,1038,A
3-PA,1376,0,1036,0,0,1036,T
3-PA,1377,1032,0,0,0,1032,A
3-PA,1378,1036,0,1,0,1037,A
3-PA,1379,0,1032,0,0,1032,T
3-PA,1380,0,2,1017,1,1020,G
3-PA,1381,1010,0,0,0,1010,A
3-PA,1382,1004,0,0,0,1004,A
3-PA,1383,0,3,999,0,1002,G
3-PA,1384,0,3,990,0,993,G
3-PA,1385,0,5,989,0,994,G
3-PA,1386,0,1,994,0,995,G
3-PA,1387,1,0,1008,0,1009,G
3-PA,1388,0,988,0,0,988,T
3-PA,1389,995,0,1,0,996,A
3-PA,1390,0,996,0,0,996,T
3-PA,1391,999,0,0,0,999,A
3-PA,1392,2,0,0,1079,1081,C
3-PA,1393,1049,1,0,0,1050,A
3-PA,1394,0,1026,0,0,1026,T
3-PA,1395,0,1008,0,1,1009,T
3-PA,1396,996,0,0,0,996,A
3-PA,1397,1012,0,2,0,1014,A
3-PA,1398,0,0,0,1014,1014,C
3-PA,1399,996,0,0,1,997,A
3-PA,1400,0,0,0,995,995,C
3-PA,1401,0,859,1,1,861,T
3-PA,1402,0,1,903,0,904,G
3-PA,1403,1,0,0,900,901,C
3-PA,1404,1,0,0,901,902,C
3-PA,1405,1,0,0,906,907,C
3-PA,1406,0,861,0,0,861,T
3-PA,1407,0,1,883,0,884,G
3-PA,1408,0,0,0,884,884,C
3-PA,1409,0,884,0,0,884,T
3-PA,1410,2,0,0,908,910,C
3-PA,1411,879,0,0,0,879,A
3-PA,1412,889,0,0,0,889,A
3-PA,1413,0,885,0,1,886,T
3-PA,1414,0,1,881,0,882,G
3-PA,1415,0,0,0,886,886,C
3-PA,1416,863,0,0,0,863,A
3-PA,1417,0,859,0,1,860,T
3-PA,1418,0,0,0,856,856,C
3-PA,1419,0,0,0,868,868,C
3-PA,1420,0,829,0,0,829,T
3-PA,1421,1,0,847,0,848,G
3-PA,1422,0,843,0,0,843,T
3-PA,1423,0,0,841,0,841,G
3-PA,1424,0,0,0,840,840,C
3-PA,1425,828,0,1,0,829,A
3-PA,1426,0,0,832,0,832,G
3-PA,1427,0,0,0,833,833,C
3-PA,1428,820,0,0,0,820,A
3-PA,1429,820,0,0,0,820,A
3-PA,1430,0,784,0,0,784,T
3-PA,1431,0,1,781,0,782,G
3-PA,1432,0,0,783,0,783,G
3-PA,1433,783,0,0,0,783,A
3-PA,1434,0,0,0,782,782,C
3-PA,1435,0,2,771,0,773,G
3-PA,1436,780,0,0,0,780,A
3-PA,1437,0,779,0,1,780,T
3-PA,1438,0,778,0,2,780,T
3-PA,1439,0,773,0,0,773,T
3-PA,1440,0,776,0,0,776,T
3-PA,1441,1,0,0,777,778,C
3-PA,1442,779,0,0,0,779,A
3-PA,1443,778,1,0,0,779,A
3-PA,1444,0,0,0,777,777,C
3-PA,1445,0,760,0,1,761,T
3-PA,1446,761,0,0,0,761,A
3-PA,1447,761,0,0,0,761,A
3-PA,1448,0,761,0,0,761,T
3-PA,1449,0,762,0,0,762,T
3-PA,1450,0,0,0,758,758,C
3-PA,1451,1,0,0,752,753,C
3-PA,1452,1,0,0,750,751,C
3-PA,1453,756,0,0,0,756,A
3-PA,1454,0,769,0,1,770,T
3-PA,1455,1,2,767,0,770,G
3-PA,1456,764,0,0,0,764,A
3-PA,1457,0,765,0,0,765,T
3-PA,1458,764,0,0,0,764,A
3-PA,1459,765,0,0,0,765,A
3-PA,1460,1,0,764,0,765,G
3-PA,1461,0,0,0,767,767,C
3-PA,1462,765,0,0,0,765,A
3-PA,1463,740,0,0,0,740,A
3-PA,1464,0,0,753,0,753,G
3-PA,1465,0,745,0,0,745,T
3-PA,1466,0,0,745,0,745,G
3-PA,1467,1,2,0,742,745,C
3-PA,1468,733,0,0,0,733,A
3-PA,1469,0,2,737,0,739,G
3-PA,1470,735,0,0,0,735,A
3-PA,1471,745,0,1,0,746,A
3-PA,1472,1,0,0,746,747,C
3-PA,1473,0,725,0,0,725,T
3-PA,1474,730,0,0,0,730,A
3-PA,1475,730,0,1,0,731,A
3-PA,1476,730,0,0,0,730,A
3-PA,1477,0,0,730,0,730,G
3-PA,1478,699,1,0,0,700,A
3-PA,1479,0,3,696,0,699,G
3-PA,1480,0,0,674,0,674,G
3-PA,1481,0,1,671,0,672,G
3-PA,1482,667,0,0,0,667,A
3-PA,1483,648,0,0,0,648,A
3-PA,1484,0,1,646,0,647,G
3-PA,1485,0,0,645,0,645,G
3-PA,1486,0,2,0,642,644,C
3-PA,1487,0,1,644,0,645,G
3-PA,1488,639,0,1,0,640,A
3-PA,1489,643,0,0,0,643,A
3-PA,1490,642,0,2,0,644,A
3-PA,1491,643,0,0,0,643,A
3-PA,1492,644,0,0,0,644,A
3-PA,1493,0,0,0,639,639,C
3-PA,1494,1,0,0,639,640,C
3-PA,1495,638,0,0,0,638,A
3-PA,1496,644,0,0,0,644,A
3-PA,1497,0,643,0,0,643,T
3-PA,1498,0,647,0,0,647,T
3-PA,1499,0,646,0,0,646,T
3-PA,1500,646,0,0,0,646,A
3-PA,1501,0,642,0,0,642,T
3-PA,1502,643,0,0,0,643,A
3-PA,1503,0,641,0,1,642,T
3-PA,1504,0,0,639,0,639,G
3-PA,1505,0,1,635,0,636,G
3-PA,1506,636,1,0,0,637,A
3-PA,1507,0,633,0,0,633,T
3-PA,1508,0,626,0,0,626,T
3-PA,1509,2,0,0,619,621,C
3-PA,1510,621,0,1,0,622,A
3-PA,1511,0,626,0,0,626,T
3-PA,1512,0,0,0,628,628,C
3-PA,1513,630,0,0,0,630,A
3-PA,1514,0,623,0,0,623,T
3-PA,1515,625,0,0,0,625,A
3-PA,1516,623,0,1,0,624,A
3-PA,1517,624,0,0,0,624,A
3-PA,1518,0,0,617,0,617,G
3-PA,1519,0,1,601,0,602,G
3-PA,1520,1,2,594,0,597,G
3-PA,1521,590,0,0,0,590,A
3-PA,1522,582,0,0,0,582,A
3-PA,1523,0,0,583,0,583,G
3-PA,1524,583,0,0,0,583,A
3-PA,1525,0,581,0,0,581,T
3-PA,1526,2,0,0,577,579,C
3-PA,1527,0,568,0,1,569,T
3-PA,1528,0,0,0,582,582,C
3-PA,1529,580,0,1,0,581,A
3-PA,1530,0,577,0,0,577,T
3-PA,1531,0,576,0,0,576,T
3-PA,1532,0,571,0,0,571,T
3-PA,1533,567,1,0,0,568,A
3-PA,1534,571,0,0,0,571,A
3-PA,1535,0,2,570,1,573,G
3-PA,1536,0,1,572,0,573,G
3-PA,1537,547,0,0,0,547,A
3-PA,1538,547,0,0,0,547,A
3-PA,1539,0,546,0,1,547,T
3-PA,1540,0,1,551,0,552,G
3-PA,1541,570,0,1,0,571,A
3-PA,1542,1,0,0,568,569,C
3-PA,1543,568,0,0,0,568,A
3-PA,1544,0,0,0,570,570,C
3-PA,1545,551,0,0,0,551,A
3-PA,1546,0,1,550,0,551,G
3-PA,1547,549,0,0,0,549,A
3-PA,1548,0,1,0,539,540,C
3-PA,1549,0,0,530,0,530,G
3-PA,1550,0,487,0,0,487,T
3-PA,1551,0,1,484,0,485,G
3-PA,1552,0,0,489,0,489,G
3-PA,1553,0,487,0,3,490,T
3-PA,1554,490,0,0,0,490,A
3-PA,1555,485,0,0,0,485,A
3-PA,1556,483,0,0,0,483,A
3-PA,1557,0,480,0,0,480,T
3-PA,1558,0,473,0,0,473,T
3-PA,1559,0,472,0,0,472,T
3-PA,1560,0,469,0,1,470,T
3-PA,1561,0,0,471,0,471,G
3-PA,1562,0,462,0,0,462,T
3-PA,1563,0,2,460,0,462,G
3-PA,1564,457,0,1,0,458,A
3-PA,1565,1,0,456,0,457,G
3-PA,1566,0,0,0,453,453,C
3-PA,1567,453,0,0,0,453,A
3-PA,1568,0,452,0,1,453,T
3-PA,1569,0,1,451,0,452,G
3-PA,1570,0,0,455,0,455,G
3-PA,1571,455,0,0,0,455,A
3-PA,1572,0,0,454,0,454,G
3-PA,1573,1,439,1,0,441,T
3-PA,1574,0,430,0,1,431,T
3-PA,1575,1,432,0,1,434,T
3-PA,1576,0,435,0,1,436,T
3-PA,1577,0,0,0,436,436,C
3-PA,1578,0,433,0,0,433,T
3-PA,1579,1,0,0,431,432,C
3-PA,1580,0,416,0,1,417,T
3-PA,1581,0,0,0,414,414,C
3-PA,1582,414,0,0,0,414,A
3-PA,1583,0,0,0,411,411,C
3-PA,1584,0,396,0,0,396,T
3-PA,1585,0,0,396,0,396,G
3-PA,1586,397,0,0,0,397,A
3-PA,1587,1,0,0,397,398,C
3-PA,1588,2,0,1,393,396,C
3-PA,1589,4,1,0,387,392,C
3-PA,1590,0,1,390,0,391,G
3-PA,1591,388,0,0,0,388,A
3-PA,1592,0,0,391,0,391,G
3-PA,1593,390,0,0,0,390,A
3-PA,1594,0,0,0,379,379,C
3-PA,1595,0,372,0,0,372,T
3-PA,1596,0,352,0,0,352,T
3-PA,1597,0,1,348,0,349,G
3-PA,1598,352,0,0,0,352,A
3-PA,1599,0,0,351,0,351,G
3-PA,1600,0,0,0,349,349,C
3-PA,1601,1,0,0,331,332,C
3-PA,1602,330,0,0,0,330,A
3-PA,1603,0,0,0,325,325,C
3-PA,1604,328,0,0,0,328,A
3-PA,1605,0,327,0,0,327,T
3-PA,1606,327,1,0,0,328,A
3-PA,1607,328,0,0,0,328,A
3-PA,1608,327,0,0,0,327,A
3-PA,1609,0,323,0,0,323,T
3-PA,1610,0,1,323,0,324,G
3-PA,1611,0,0,301,0,301,G
3-PA,1612,0,1,294,0,295,G
3-PA,1613,290,0,0,0,290,A
3-PA,1614,0,0,293,0,293,G
3-PA,1615,290,0,0,0,290,A
3-PA,1616,290,0,0,0,290,A
3-PA,1617,288,0,0,0,288,A
3-PA,1618,0,283,0,0,283,T
3-PA,1619,274,1,0,0,275,A
3-PA,1620,0,83,0,183,266,C
3-PA,1621,0,180,0,0,180,T
3-PA,1622,0,0,179,0,179,G
3-PA,1623,0,135,0,0,135,T
3-PA,1624,0,0,136,0,136,G
3-PA,1625,0,120,0,0,120,T
3-PA,1626,0,0,0,91,91,C
3-PA,1627,0,0,0,88,88,C
3-PA,1628,0,85,0,0,85,T
3-PA,1629,0,85,0,0,85,T
3-PA,1630,0,0,89,0,89,G
3-PA,1631,89,0,0,0,89,A
3-PA,1632,0,0,91,0,91,G
3-PA,1633,89,0,0,0,89,A
3-PA,1634,0,90,0,0,90,T
3-PA,1635,90,0,0,0,90,A
3-PA,1636,0,0,93,0,93,G
3-PA,1637,0,0,94,0,94,G
3-PA,1638,94,0,0,0,94,A
3-PA,1639,0,0,94,0,94,G
3-PA,1640,92,0,0,0,92,A
3-PA,1641,0,91,0,0,91,T
3-PA,1642,91,0,0,0,91,A
3-PA,1643,0,90,0,0,90,T
3-PA,1644,0,0,92,0,92,G
3-PA,1645,0,90,0,0,90,T
3-PA,1646,0,89,0,0,89,T
3-PA,1647,91,0,0,0,91,A
3-PA,1648,0,0,0,91,91,C
3-PA,1649,0,90,0,0,90,T
3-PA,1650,91,0,0,0,91,A
3-PA,1651,90,0,0,0,90,A
3-PA,1652,0,0,92,0,92,G
3-PA,1653,90,0,0,0,90,A
3-PA,1654,86,0,0,0,86,A
3-PA,1655,0,0,85,0,85,G
3-PA,1656,0,85,0,0,85,T
3-PA,1657,1,0,85,0,86,G
3-PA,1658,0,0,0,87,87,C
3-PA,1659,0,0,0,86,86,C
3-PA,1660,86,0,0,0,86,A
3-PA,1661,0,83,0,0,83,T
3-PA,1662,84,0,0,0,84,A
3-PA,1663,0,0,84,0,84,G
3-PA,1664,0,0,82,0,82,G
3-PA,1665,0,0,0,82,82,C
3-PA,1666,0,0,0,80,80,C
3-PA,1667,82,0,0,0,82,A
3-PA,1668,82,0,0,0,82,A
3-PA,1669,81,0,0,0,81,A
3-PA,1670,0,82,0,0,82,T
3-PA,1671,0,81,0,0,81,T
3-PA,1672,0,82,0,0,82,T
3-PA,1673,0,0,0,82,82,C
3-PA,1674,80,0,0,0,80,A
3-PA,1675,79,0,0,0,79,A
3-PA,1676,0,0,80,0,80,G
3-PA,1677,0,0,79,0,79,G
3-PA,1678,0,0,0,80,80,C
3-PA,1679,0,0,0,76,76,C
3-PA,1680,0,0,78,0,78,G
3-PA,1681,78,0,0,0,78,A
3-PA,1682,0,79,0,0,79,T
3-PA,1683,0,0,80,0,80,G
3-PA,1684,0,80,0,0,80,T
3-PA,1685,0,82,0,0,82,T
3-PA,1686,0,0,0,85,85,C
3-PA,1687,0,86,0,0,86,T
3-PA,1688,0,89,0,0,89,T
3-PA,1689,0,0,89,0,89,G
3-PA,1690,0,86,1,0,87,T
3-PA,1691,88,0,0,0,88,A
3-PA,1692,0,87,0,0,87,T
3-PA,1693,1,0,86,0,87,G
3-PA,1694,0,85,0,0,85,T
3-PA,1695,0,0,85,0,85,G
3-PA,1696,82,0,0,0,82,A
3-PA,1697,0,0,84,0,84,G
3-PA,1698,0,0,86,0,86,G
3-PA,1699,86,0,0,0,86,A
3-PA,1700,0,0,0,87,87,C
3-PA,1701,85,0,0,0,85,A
3-PA,1702,85,0,0,0,85,A
3-PA,1703,84,0,1,0,85,A
3-PA,1704,0,0,0,85,85,C
3-PA,1705,0,0,84,0,84,G
3-PA,1706,0,0,85,0,85,G
3-PA,1707,85,0,0,0,85,A
3-PA,1708,84,0,0,0,84,A
3-PA,1709,0,0,0,84,84,C
3-PA,1710,83,0,0,0,83,A
3-PA,1711,0,83,0,0,83,T
3-PA,1712,0,0,0,83,83,C
3-PA,1713,81,0,0,0,81,A
3-PA,1714,82,0,0,0,82,A
3-PA,1715,82,0,0,0,82,A
3-PA,1716,0,0,83,0,83,G
3-PA,1717,0,0,83,0,83,G
3-PA,1718,0,81,0,0,81,T
3-PA,1719,82,0,0,0,82,A
3-PA,1720,82,0,0,0,82,A
3-PA,1721,82,0,0,0,82,A
3-PA,1722,82,0,0,0,82,A
3-PA,1723,82,0,0,0,82,A
3-PA,1724,0,82,0,0,82,T
3-PA,1725,0,0,82,0,82,G
3-PA,1726,81,1,0,0,82,A
3-PA,1727,82,0,0,0,82,A
3-PA,1728,80,0,0,0,80,A
3-PA,1729,0,80,0,0,80,T
3-PA,1730,0,0,85,0,85,G
3-PA,1731,0,0,86,0,86,G
3-PA,1732,0,0,85,0,85,G
3-PA,1733,0,0,87,0,87,G
3-PA,1734,86,0,0,0,86,A
3-PA,1735,87,0,0,0,87,A
3-PA,1736,0,86,0,0,86,T
3-PA,1737,0,0,86,0,86,G
3-PA,1738,0,0,87,0,87,G
3-PA,1739,84,0,0,0,84,A
3-PA,1740,0,0,88,0,88,G
3-PA,1741,87,0,0,0,87,A
3-PA,1742,0,87,0,0,87,T
3-PA,1743,0,0,87,0,87,G
3-PA,1744,87,0,0,0,87,A
3-PA,1745,0,0,89,0,89,G
3-PA,1746,89,0,0,0,89,A
3-PA,1747,0,0,0,86,86,C
3-PA,1748,0,0,87,0,87,G
3-PA,1749,0,87,0,0,87,T
3-PA,1750,0,85,0,0,85,T
3-PA,1751,0,0,87,0,87,G
3-PA,1752,0,0,0,87,87,C
3-PA,1753,0,0,0,87,87,C
3-PA,1754,0,86,0,0,86,T
3-PA,1755,0,0,0,86,86,C
3-PA,1756,0,0,0,88,88,C
3-PA,1757,0,87,0,0,87,T
3-PA,1758,0,87,0,0,87,T
3-PA,1759,0,0,0,86,86,C
3-PA,1760,85,0,0,0,85,A
3-PA,1761,0,0,86,0,86,G
3-PA,1762,0,87,0,0,87,T
3-PA,1763,0,0,0,89,89,C
3-PA,1764,88,0,0,0,88,A
3-PA,1765,0,0,0,92,92,C
3-PA,1766,0,91,0,0,91,T
3-PA,1767,1,0,0,90,91,C
3-PA,1768,0,0,0,93,93,C
3-PA,1769,93,0,0,0,93,A
3-PA,1770,0,0,93,0,93,G
3-PA,1771,0,0,0,93,93,C
3-PA,1772,93,0,0,0,93,A
3-PA,1773,0,0,90,0,90,G
3-PA,1774,86,0,0,0,86,A
3-PA,1775,0,86,0,0,86,T
3-PA,1776,0,0,0,85,85,C
3-PA,1777,0,0,86,0,86,G
3-PA,1778,86,0,0,0,86,A
3-PA,1779,0,0,86,0,86,G
3-PA,1780,85,0,0,0,85,A
3-PA,1781,0,0,86,0,86,G
3-PA,1782,0,0,0,85,85,C
3-PA,1783,85,0,0,0,85,A
3-PA,1784,0,85,0,0,85,T
3-PA,1785,1,0,86,0,87,G
3-PA,1786,88,0,0,0,88,A
3-PA,1787,0,88,0,0,88,T
3-PA,1788,0,88,0,0,88,T
3-PA,1789,0,0,86,0,86,G
3-PA,1790,87,0,1,0,88,A
3-PA,1791,88,0,0,0,88,A
3-PA,1792,0,1,88,0,89,G
3-PA,1793,0,0,0,89,89,C
3-PA,1794,0,0,0,85,85,C
3-PA,1795,0,0,85,0,85,G
3-PA,1796,85,0,0,0,85,A
3-PA,1797,0,0,86,0,86,G
3-PA,1798,0,86,0,0,86,T
3-PA,1799,0,0,0,86,86,C
3-PA,1800,0,0,0,87,87,C
3-PA,1801,0,87,0,0,87,T
3-PA,1802,0,0,0,89,89,C
3-PA,1803,0,1,87,0,88,G
3-PA,1804,0,0,90,0,90,G
3-PA,1805,0,88,0,0,88,T
3-PA,1806,0,89,0,0,89,T
3-PA,1807,88,0,0,0,88,A
3-PA,1808,87,1,0,0,88,A
3-PA,1809,88,0,0,0,88,A
3-PA,1810,0,0,88,0,88,G
3-PA,1811,87,0,0,0,87,A
3-PA,1812,0,0,88,0,88,G
3-PA,1813,81,0,0,0,81,A
3-PA,1814,80,0,0,0,80,A
3-PA,1815,80,0,0,0,80,A
3-PA,1816,0,0,81,0,81,G
3-PA,1817,81,0,0,0,81,A
3-PA,1818,0,0,0,80,80,C
3-PA,1819,81,0,0,0,81,A
3-PA,1820,0,80,0,0,80,T
3-PA,1821,0,0,80,0,80,G
3-PA,1822,80,0,0,0,80,A
3-PA,1823,0,0,0,80,80,C
3-PA,1824,0,0,0,80,80,C
3-PA,1825,77,0,0,0,77,A
3-PA,1826,78,0,0,0,78,A
3-PA,1827,77,0,0,0,77,A
3-PA,1828,0,0,79,0,79,G
3-PA,1829,78,0,0,0,78,A
3-PA,1830,0,0,78,0,78,G
3-PA,1831,0,77,0,0,77,T
3-PA,1832,0,77,0,0,77,T
3-PA,1833,0,76,0,0,76,T
3-PA,1834,0,76,0,0,76,T
3-PA,1835,0,77,0,0,77,T
3-PA,1836,0,77,0,0,77,T
3-PA,1837,0,0,77,0,77,G
3-PA,1838,77,0,0,0,77,A
3-PA,1839,0,0,79,0,79,G
3-PA,1840,77,0,1,0,78,A
3-PA,1841,79,0,0,0,79,A
3-PA,1842,0,78,0,0,78,T
3-PA,1843,79,0,0,0,79,A
3-PA,1844,81,0,0,0,81,A
3-PA,1845,82,0,0,0,82,A
3-PA,1846,0,82,0,0,82,T
3-PA,1847,0,0,0,81,81,C
3-PA,1848,80,0,0,0,80,A
3-PA,1849,0,0,80,0,80,G
3-PA,1850,80,0,0,0,80,A
3-PA,1851,79,0,0,0,79,A
3-PA,1852,0,0,79,0,79,G
3-PA,1853,0,0,0,76,76,C
3-PA,1854,75,0,0,0,75,A
3-PA,1855,0,76,0,0,76,T
3-PA,1856,0,0,76,0,76,G
3-PA,1857,0,0,77,0,77,G
3-PA,1858,0,0,0,77,77,C
3-PA,1859,0,0,0,83,83,C
3-PA,1860,0,0,0,83,83,C
3-PA,1861,88,0,0,0,88,A
3-PA,1862,0,91,0,0,91,T
3-PA,1863,0,91,0,0,91,T
3-PA,1864,0,1,88,0,89,G
3-PA,1865,0,0,91,0,91,G
3-PA,1866,0,0,87,0,87,G
3-PA,1867,0,0,86,0,86,G
3-PA,1868,84,0,0,0,84,A
3-PA,1869,0,0,84,0,84,G
3-PA,1870,0,83,0,0,83,T
3-PA,1871,1,0,0,87,88,C
3-PA,1872,0,1,0,90,91,C
3-PA,1873,0,0,0,88,88,C
3-PA,1874,0,0,0,90,90,C
3-PA,1875,0,0,0,90,90,C
3-PA,1876,90,0,0,0,90,A
3-PA,1877,90,0,0,0,90,A
3-PA,1878,0,2,87,0,89,G
3-PA,1879,0,0,88,0,88,G
3-PA,1880,0,1,87,0,88,G
3-PA,1881,82,0,0,0,82,A
3-PA,1882,0,0,84,0,84,G
3-PA,1883,0,85,0,0,85,T
3-PA,1884,0,0,86,0,86,G
3-PA,1885,0,0,86,0,86,G
3-PA,1886,86,0,0,0,86,A
3-PA,1887,85,0,0,0,85,A
3-PA,1888,0,0,84,0,84,G
3-PA,1889,84,0,0,0,84,A
3-PA,1890,85,0,0,0,85,A
3-PA,1891,0,0,81,0,81,G
3-PA,1892,0,0,81,0,81,G
3-PA,1893,0,81,0,0,81,T
3-PA,1894,0,78,0,0,78,T
3-PA,1895,0,0,0,78,78,C
3-PA,1896,0,0,0,79,79,C
3-PA,1897,79,0,0,0,79,A
3-PA,1898,0,79,0,0,79,T
3-PA,1899,0,79,0,0,79,T
3-PA,1900,0,0,79,0,79,G
3-PA,1901,0,0,79,0,79,G
3-PA,1902,0,0,78,0,78,G
3-PA,1903,80,0,0,0,80,A
3-PA,1904,78,0,0,0,78,A
3-PA,1905,81,0,0,0,81,A
3-PA,1906,0,0,87,0,87,G
3-PA,1907,0,86,0,0,86,T
3-PA,1908,0,0,0,87,87,C
3-PA,1909,0,88,0,0,88,T
3-PA,1910,0,0,88,0,88,G
3-PA,1911,0,88,0,0,88,T
3-PA,1912,88,0,0,0,88,A
3-PA,1913,1,0,87,0,88,G
3-PA,1914,0,0,87,0,87,G
3-PA,1915,84,0,0,0,84,A
3-PA,1916,0,0,0,83,83,C
3-PA,1917,0,82,0,0,82,T
3-PA,1918,0,0,0,87,87,C
3-PA,1919,0,87,0,0,87,T
3-PA,1920,88,0,0,0,88,A
3-PA,1921,0,88,0,0,88,T
3-PA,1922,0,87,0,0,87,T
3-PA,1923,0,0,89,0,89,G
3-PA,1924,0,0,90,0,90,G
3-PA,1925,0,0,0,90,90,C
3-PA,1926,0,90,0,0,90,T
3-PA,1927,85,0,0,0,85,A
3-PA,1928,86,0,0,0,86,A
3-PA,1929,0,0,86,0,86,G
3-PA,1930,0,84,0,0,84,T
3-PA,1931,0,0,0,85,85,C
3-PA,1932,83,0,0,0,83,A
3-PA,1933,0,0,86,0,86,G
3-PA,1934,0,86,0,0,86,T
3-PA,1935,86,0,0,0,86,A
3-PA,1936,0,87,0,0,87,T
3-PA,1937,0,86,0,0,86,T
3-PA,1938,0,0,0,88,88,C
3-PA,1939,87,0,0,0,87,A
3-PA,1940,87,0,0,0,87,A
3-PA,1941,0,86,0,0,86,T
3-PA,1942,83,0,0,0,83,A
3-PA,1943,0,0,83,0,83,G
3-PA,1944,0,0,0,83,83,C
3-PA,1945,0,0,0,85,85,C
3-PA,1946,0,83,0,0,83,T
3-PA,1947,0,0,85,0,85,G
3-PA,1948,0,85,0,0,85,T
3-PA,1949,85,0,0,0,85,A
3-PA,1950,1,84,0,0,85,T
3-PA,1951,0,0,85,0,85,G
3-PA,1952,0,0,0,85,85,C
3-PA,1953,84,0,0,0,84,A
3-PA,1954,0,84,0,0,84,T
3-PA,1955,0,0,0,84,84,C
3-PA,1956,83,0,0,0,83,A
3-PA,1957,0,0,0,86,86,C
3-PA,1958,0,0,0,86,86,C
3-PA,1959,86,0,0,0,86,A
3-PA,1960,0,0,0,86,86,C
3-PA,1961,85,0,0,0,85,A
3-PA,1962,85,0,0,0,85,A
3-PA,1963,0,84,0,0,84,T
3-PA,1964,0,83,0,0,83,T
3-PA,1965,0,0,84,0,84,G
3-PA,1966,0,0,82,0,82,G
3-PA,1967,82,0,0,0,82,A
3-PA,1968,82,0,0,0,82,A
3-PA,1969,1,0,79,0,80,G
3-PA,1970,0,0,78,0,78,G
3-PA,1971,78,0,0,0,78,A
3-PA,1972,0,78,0,0,78,T
3-PA,1973,0,78,0,0,78,T
3-PA,1974,0,78,0,0,78,T
3-PA,1975,0,78,0,0,78,T
3-PA,1976,0,0,0,78,78,C
3-PA,1977,78,0,0,0,78,A
3-PA,1978,0,0,78,0,78,G
3-PA,1979,0,0,0,78,78,C
3-PA,1980,0,0,78,0,78,G
3-PA,1981,0,0,78,0,78,G
3-PA,1982,77,0,0,0,77,A
3-PA,1983,78,0,0,0,78,A
3-PA,1984,0,78,0,0,78,T
3-PA,1985,0,0,0,78,78,C
3-PA,1986,0,0,78,0,78,G
3-PA,1987,78,0,0,0,78,A
3-PA,1988,0,0,78,0,78,G
3-PA,1989,77,0,0,0,77,A
3-PA,1990,77,0,0,0,77,A
3-PA,1991,77,0,0,0,77,A
3-PA,1992,77,0,0,0,77,A
3-PA,1993,0,0,0,76,76,C
3-PA,1994,0,76,0,0,76,T
3-PA,1995,0,0,77,0,77,G
3-PA,1996,0,0,0,76,76,C
3-PA,1997,0,77,0,0,77,T
3-PA,1998,1,0,0,76,77,C
3-PA,1999,0,0,0,77,77,C
3-PA,2000,0,77,0,0,77,T
3-PA,2001,0,76,0,0,76,T
3-PA,2002,0,0,77,0,77,G
3-PA,2003,0,77,0,0,77,T
3-PA,2004,0,76,0,0,76,T
3-PA,2005,0,0,77,0,77,G
3-PA,2006,0,75,0,1,76,T
3-PA,2007,0,76,0,0,76,T
3-PA,2008,1,0,0,75,76,C
3-PA,2009,69,0,0,0,69,A
3-PA,2010,0,0,69,0,69,G
3-PA,2011,0,0,70,0,70,G
3-PA,2012,0,0,0,70,70,C
3-PA,2013,0,70,0,0,70,T
3-PA,2014,0,0,0,70,70,C
3-PA,2015,0,70,0,0,70,T
3-PA,2016,0,70,0,0,70,T
3-PA,2017,70,0,0,0,70,A
3-PA,2018,0,0,70,0,70,G
3-PA,2019,0,0,70,0,70,G
3-PA,2020,0,0,70,0,70,G
3-PA,2021,67,0,0,0,67,A
3-PA,2022,0,0,0,68,68,C
3-PA,2023,65,0,0,0,65,A
3-PA,2024,63,0,0,0,63,A
3-PA,2025,0,0,0,66,66,C
3-PA,2026,0,0,0,66,66,C
3-PA,2027,0,64,0,1,65,T
3-PA,2028,0,0,0,65,65,C
3-PA,2029,0,1,64,0,65,G
3-PA,2030,65,0,0,0,65,A
3-PA,2031,65,0,0,0,65,A
3-PA,2032,0,0,0,63,63,C
3-PA,2033,0,0,0,63,63,C
3-PA,2034,0,62,0,0,62,T
3-PA,2035,0,0,62,0,62,G
3-PA,2036,0,0,62,0,62,G
3-PA,2037,62,0,0,0,62,A
3-PA,2038,62,0,0,0,62,A
3-PA,2039,0,0,0,61,61,C
3-PA,2040,0,0,0,62,62,C
3-PA,2041,0,61,0,0,61,T
3-PA,2042,0,59,0,0,59,T
3-PA,2043,0,61,0,0,61,T
3-PA,2044,0,1,60,0,61,G
3-PA,2045,62,0,0,0,62,A
3-PA,2046,0,62,0,0,62,T
3-PA,2047,0,0,0,62,62,C
3-PA,2048,0,61,0,0,61,T
3-PA,2049,0,61,0,0,61,T
3-PA,2050,0,0,60,0,60,G
3-PA,2051,0,0,61,0,61,G
3-PA,2052,0,0,61,0,61,G
3-PA,2053,0,0,61,0,61,G
3-PA,2054,0,0,60,0,60,G
3-PA,2055,0,1,60,0,61,G
3-PA,2056,0,0,0,61,61,C
3-PA,2057,0,61,0,0,61,T
3-PA,2058,62,0,0,0,62,A
3-PA,2059,0,62,0,0,62,T
3-PA,2060,61,0,0,0,61,A
3-PA,2061,0,61,0,0,61,T
3-PA,2062,0,0,58,0,58,G
3-PA,2063,58,0,0,0,58,A
3-PA,2064,57,0,0,0,57,A
3-PA,2065,0,0,56,0,56,G
3-PA,2066,0,0,0,56,56,C
3-PA,2067,54,0,0,0,54,A
3-PA,2068,55,0,0,0,55,A
3-PA,2069,0,54,0,0,54,T
3-PA,2070,0,55,0,0,55,T
3-PA,2071,0,0,56,0,56,G
3-PA,2072,56,0,0,0,56,A
3-PA,2073,0,0,56,0,56,G
3-PA,2074,0,0,56,0,56,G
3-PA,2075,50,0,0,0,50,A
3-PA,2076,0,0,50,0,50,G
3-PA,2077,0,43,0,0,43,T
3-PA,2078,0,0,43,0,43,G
3-PA,2079,1,0,0,42,43,C
3-PA,2080,0,0,0,43,43,C
3-PA,2081,0,43,0,0,43,T
3-PA,2082,0,0,43,0,43,G
3-PA,2083,43,0,0,0,43,A
3-PA,2084,0,43,0,0,43,T
3-PA,2085,0,42,0,0,42,T
3-PA,2086,42,0,0,0,42,A
3-PA,2087,41,0,0,0,41,A
3-PA,2088,0,42,0,0,42,T
3-PA,2089,0,0,42,0,42,G
3-PA,2090,42,0,0,0,42,A
3-PA,2091,0,42,0,0,42,T
3-PA,2092,0,0,0,42,42,C
3-PA,2093,0,0,0,42,42,C
3-PA,2094,0,0,0,42,42,C
3-PA,2095,0,42,0,0,42,T
3-PA,2096,0,0,42,0,42,G
3-PA,2097,0,0,42,0,42,G
3-PA,2098,0,0,42,0,42,G
3-PA,2099,0,42,0,0,42,T
3-PA,2100,0,39,0,0,39,T
3-PA,2101,0,39,0,0,39,T
3-PA,2102,0,39,0,0,39,T
3-PA,2103,0,0,39,0,39,G
3-PA,2104,0,0,0,39,39,C
3-PA,2105,0,39,0,0,39,T
3-PA,2106,0,0,0,39,39,C
3-PA,2107,38,0,0,0,38,A
3-PA,2108,38,0,0,0,38,A
3-PA,2109,0,38,0,0,38,T
3-PA,2110,0,0,38,0,38,G
3-PA,2111,0,0,0,37,37,C
3-PA,2112,0,0,36,1,37,G
3-PA,2113,0,37,0,0,37,T
3-PA,2114,0,0,0,37,37,C
3-PA,2115,0,37,0,0,37,T
3-PA,2116,0,37,0,0,37,T
3-PA,2117,0,0,37,0,37,G
3-PA,2118,0,0,36,0,36,G
3-PA,2119,0,36,0,0,36,T
3-PA,2120,0,35,0,0,35,T
3-PA,2121,0,33,0,0,33,T
3-PA,2122,33,0,0,0,33,A
3-PA,2123,33,0,0,0,33,A
3-PA,2124,0,0,0,33,33,C
3-PA,2125,0,33,0,0,33,T
3-PA,2126,0,0,0,33,33,C
3-PA,2127,0,0,0,30,30,C
3-PA,2128,0,30,0,0,30,T
3-PA,2129,0,30,0,0,30,T
3-PA,2130,0,0,0,30,30,C
3-PA,2131,0,0,0,30,30,C
3-PA,2132,0,29,0,0,29,T
3-PA,2133,0,0,29,0,29,G
3-PA,2134,29,0,0,0,29,A
3-PA,2135,0,0,0,29,29,C
3-PA,2136,27,0,0,0,27,A
3-PA,2137,0,0,0,26,26,C
3-PA,2138,25,0,0,0,25,A
3-PA,2139,0,24,0,0,24,T
3-PA,2140,0,0,24,0,24,G
3-PA,2141,0,0,0,24,24,C
3-PA,2142,23,0,0,0,23,A
3-PA,2143,0,23,0,0,23,T
3-PA,2144,0,23,0,0,23,T
3-PA,2145,23,0,0,0,23,A
3-PA,2146,23,0,0,0,23,A
3-PA,2147,23,0,0,0,23,A
3-PA,2148,23,0,0,0,23,A
3-PA,2149,0,21,0,0,21,T
3-PA,2150,19,0,0,0,19,A
3-PA,2151,0,0,19,0,19,G
4-HA,1,174,0,0,0,174,A
4-HA,2,0,174,0,0,174,T
4-HA,3,0,0,177,0,177,G
4-HA,4,177,0,0,0,177,A
4-HA,5,178,0,1,0,179,A
4-HA,6,0,0,199,0,199,G
4-HA,7,199,0,0,0,199,A
4-HA,8,1,0,0,213,214,C
4-HA,9,0,215,0,0,215,T
4-HA,10,226,0,0,0,226,A
4-HA,11,0,238,0,0,238,T
4-HA,12,0,0,0,239,239,C
4-HA,13,241,0,0,0,241,A
4-HA,14,0,240,0,0,240,T
4-HA,15,0,239,0,1,240,T
4-HA,16,0,0,261,0,261,G
4-HA,17,0,0,0,262,262,C
4-HA,18,0,261,0,0,261,T
4-HA,19,0,263,0,0,263,T
4-HA,20,0,262,0,1,263,T
4-HA,21,0,0,284,0,284,G
4-HA,22,284,0,0,0,284,A
4-HA,23,0,0,290,0,290,G
4-HA,24,0,0,0,289,289,C
4-HA,25,0,291,0,0,291,T
4-HA,26,307,0,0,1,308,A
4-HA,27,0,0,0,316,316,C
4-HA,28,324,0,0,0,324,A
4-HA,29,0,345,0,0,345,T
4-HA,30,0,343,0,1,344,T
4-HA,31,2,0,0,348,350,C
4-HA,32,0,350,0,0,350,T
4-HA,33,357,0,1,0,358,A
4-HA,34,0,360,0,0,360,T
4-HA,35,0,0,367,0,367,G
4-HA,36,0,363,0,0,363,T
4-HA,37,0,0,0,364,364,C
4-HA,38,0,362,0,0,362,T
4-HA,39,0,1,364,0,365,G
4-HA,40,0,0,366,0,366,G
4-HA,41,0,364,0,0,364,T
4-HA,42,0,366,0,0,366,T
4-HA,43,0,369,0,0,369,T
4-HA,44,0,369,0,0,369,T
4-HA,45,0,1,0,367,368,C
4-HA,46,1,0,368,0,369,G
4-HA,47,0,0,0,377,377,C
4-HA,48,0,375,0,2,377,T
4-HA,49,1,0,0,378,379,C
4-HA,50,379,0,0,0,379,A
4-HA,51,380,0,0,0,380,A
4-HA,52,379,0,0,0,379,A
4-HA,53,380,0,0,0,380,A
4-HA,54,381,0,0,0,381,A
4-HA,55,1,0,0,381,382,C
4-HA,56,0,383,0,0,383,T
4-HA,57,0,382,0,0,382,T
4-HA,58,1,0,0,381,382,C
4-HA,59,0,0,0,383,383,C
4-HA,60,0,383,0,0,383,T
4-HA,61,0,0,390,0,390,G
4-HA,62,0,1,392,0,393,G
4-HA,63,395,0,0,0,395,A
4-HA,64,406,0,0,0,406,A
4-HA,65,405,0,0,0,405,A
4-HA,66,0,410,0,0,410,T
4-HA,67,0,0,412,0,412,G
4-HA,68,411,0,1,0,412,A
4-HA,69,0,0,0,417,417,C
4-HA,70,415,0,2,0,417,A
4-HA,71,417,0,0,0,417,A
4-HA,72,0,0,0,423,423,C
4-HA,73,419,0,1,0,420,A
4-HA,74,0,0,424,0,424,G
4-HA,75,0,0,0,421,421,C
4-HA,76,420,0,1,0,421,A
4-HA,77,0,1,0,439,440,C
4-HA,78,0,0,441,0,441,G
4-HA,79,0,0,443,0,443,G
4-HA,80,0,1,0,443,444,C
4-HA,81,441,0,0,0,441,A
4-HA,82,444,0,0,0,444,A
4-HA,83,0,1,0,448,449,C
4-HA,84,0,0,458,0,458,G
4-HA,85,0,2,0,455,457,C
4-HA,86,0,453,0,0,453,T
4-HA,87,0,0,463,0,463,G
4-HA,88,0,462,0,0,462,T
4-HA,89,0,0,478,0,478,G
4-HA,90,1,2,0,479,482,C
4-HA,91,0,0,0,499,499,C
4-HA,92,0,494,0,0,494,T
4-HA,93,0,493,0,0,493,T
4-HA,94,0,1,499,0,500,G
4-HA,95,0,1,499,0,500,G
4-HA,96,1,1,506,0,508,G
4-HA,97,0,0,0,507,507,C
4-HA,98,505,1,0,0,506,A
4-HA,99,0,0,0,514,514,C
4-HA,100,2,0,0,510,512,C
4-HA,101,564,0,1,0,565,A
4-HA,102,0,565,0,0,565,T
4-HA,103,0,0,567,0,567,G
4-HA,104,0,0,0,567,567,C
4-HA,105,563,0,1,0,564,A
4-HA,106,0,0,609,0,609,G
4-HA,107,0,610,0,0,610,T
4-HA,108,620,0,1,0,621,A
4-HA,109,1,0,0,619,620,C
4-HA,110,2,0,0,591,593,C
4-HA,111,597,0,0,0,597,A
4-HA,112,596,0,0,0,596,A
4-HA,113,598,0,0,0,598,A
4-HA,114,1,0,0,600,601,C
4-HA,115,1,1,583,0,585,G
4-HA,116,0,1,596,0,597,G
4-HA,117,593,0,0,0,593,A
4-HA,118,599,0,0,0,599,A
4-HA,119,0,1,0,597,598,C
4-HA,120,591,1,0,0,592,A
4-HA,121,611,0,0,0,611,A
4-HA,122,0,610,0,0,610,T
4-HA,123,618,0,0,0,618,A
4-HA,124,0,0,621,0,621,G
4-HA,125,0,611,0,1,612,T
4-HA,126,0,0,614,0,614,G
4-HA,127,613,0,2,0,615,A
4-HA,128,618,0,1,0,619,A
4-HA,129,618,0,1,0,619,A
4-HA,130,617,0,0,0,617,A
4-HA,131,0,0,0,618,618,C
4-HA,132,620,0,0,0,620,A
4-HA,133,620,0,0,0,620,A
4-HA,134,0,621,0,0,621,T
4-HA,135,1,0,0,618,619,C
4-HA,136,620,0,0,0,620,A
4-HA,137,0,0,0,620,620,C
4-HA,138,0,0,617,1,618,G
4-HA,139,617,0,0,0,617,A
4-HA,140,615,0,0,0,615,A
4-HA,141,0,615,0,0,615,T
4-HA,142,0,1,615,0,616,G
4-HA,143,614,0,1,0,615,A
4-HA,144,1,0,0,612,613,C
4-HA,145,2,0,0,613,615,C
4-HA,146,620,0,1,0,621,A
4-HA,147,624,0,0,0,624,A
4-HA,148,627,0,0,0,627,A
4-HA,149,0,621,0,0,621,T
4-HA,150,0,622,0,0,622,T
4-HA,151,1,0,629,0,630,G
4-HA,152,628,0,0,0,628,A
4-HA,153,627,0,3,0,630,A
4-HA,154,0,0,635,0,635,G
4-HA,155,0,631,0,0,631,T
4-HA,156,0,649,0,0,649,T
4-HA,157,657,0,0,0,657,A
4-HA,158,0,0,0,658,658,C
4-HA,159,0,661,0,0,661,T
4-HA,160,659,0,0,0,659,A
4-HA,161,673,0,0,0,673,A
4-HA,162,0,673,0,0,673,T
4-HA,163,0,0,679,0,679,G
4-HA,164,0,0,0,712,712,C
4-HA,165,0,709,0,0,709,T
4-HA,166,707,0,2,0,709,A
4-HA,167,0,0,0,709,709,C
4-HA,168,0,705,0,0,705,T
4-HA,169,0,2,707,0,709,G
4-HA,170,707,0,0,0,707,A
4-HA,171,0,0,709,0,709,G
4-HA,172,0,1,0,706,707,C
4-HA,173,0,694,1,0,695,T
4-HA,174,0,1,722,0,723,G
4-HA,175,0,0,744,0,744,G
4-HA,176,0,745,0,1,746,T
4-HA,177,0,747,0,0,747,T
4-HA,178,3,0,0,744,747,C
4-HA,179,744,0,0,0,744,A
4-HA,180,0,0,748,0,748,G
4-HA,181,751,0,0,0,751,A
4-HA,182,0,0,767,0,767,G
4-HA,183,0,763,0,2,765,T
4-HA,184,0,759,0,0,759,T
4-HA,185,2,0,0,757,759,C
4-HA,186,2,1,1,759,763,C
4-HA,187,1,755,0,1,757,T
4-HA,188,1,0,0,763,764,C
4-HA,189,758,1,1,0,760,A
4-HA,190,762,0,0,0,762,A
4-HA,191,0,0,0,767,767,C
4-HA,192,746,0,2,0,748,A
4-HA,193,0,0,767,0,767,G
4-HA,194,0,0,770,0,770,G
4-HA,195,1,768,1,0,770,T
4-HA,196,1,0,775,0,776,G
4-HA,197,769,0,2,0,771,A
4-HA,198,770,0,1,0,771,A
4-HA,199,793,0,1,0,794,A
4-HA,200,0,789,0,0,789,T
4-HA,201,803,0,0,0,803,A
4-HA,202,0,798,0,0,798,T
4-HA,203,0,0,791,0,791,G
4-HA,204,0,0,0,796,796,C
4-HA,205,0,3,795,1,799,G
4-HA,206,796,2,1,0,799,A
4-HA,207,1,0,0,799,800,C
4-HA,208,786,0,0,1,787,A
4-HA,209,1,0,831,0,832,G
4-HA,210,0,830,0,0,830,T
4-HA,211,4,1,0,827,832,C
4-HA,212,1,0,0,832,833,C
4-HA,213,0,823,0,2,825,T
4-HA,214,1,0,0,842,843,C
4-HA,215,844,0,0,0,844,A
4-HA,216,0,843,0,0,843,T
4-HA,217,1,0,0,845,846,C
4-HA,218,800,0,1,0,801,A
4-HA,219,0,0,807,0,807,G
4-HA,220,799,0,0,0,799,A
4-HA,221,0,802,0,0,802,T
4-HA,222,1,0,0,806,807,C
4-HA,223,1,0,0,794,795,C
4-HA,224,0,795,0,1,796,T
4-HA,225,0,795,0,0,795,T
4-HA,226,0,2,793,0,795,G
4-HA,227,800,0,0,0,800,A
4-HA,228,0,801,0,0,801,T
4-HA,229,0,0,808,0,808,G
4-HA,230,0,2,806,0,808,G
4-HA,231,801,1,2,0,804,A
4-HA,232,0,0,802,0,802,G
4-HA,233,792,0,0,0,792,A
4-HA,234,3,0,779,0,782,G
4-HA,235,799,0,0,0,799,A
4-HA,236,808,0,0,0,808,A
4-HA,237,1,0,0,809,810,C
4-HA,238,0,802,0,0,802,T
4-HA,239,0,2,806,0,808,G
4-HA,240,0,0,0,805,805,C
4-HA,241,805,0,0,0,805,A
4-HA,242,1,0,0,823,824,C
4-HA,243,813,0,1,0,814,A
4-HA,244,0,0,0,898,898,C
4-HA,245,0,897,0,0,897,T
4-HA,246,893,0,0,0,893,A
4-HA,247,895,0,1,0,896,A
4-HA,248,0,891,0,0,891,T
4-HA,249,889,0,0,0,889,A
4-HA,250,0,1,893,0,894,G
4-HA,251,881,0,1,0,882,A
4-HA,252,0,865,0,0,865,T
4-HA,253,0,0,819,0,819,G
4-HA,254,0,0,0,831,831,C
4-HA,255,0,825,0,0,825,T
4-HA,256,1,1,0,894,896,C
4-HA,257,0,895,0,1,896,T
4-HA,258,920,1,0,1,922,A
4-HA,259,0,924,0,0,924,T
4-HA,260,0,919,0,0,919,T
4-HA,261,0,1,913,0,914,G
4-HA,262,0,1,912,0,913,G
4-HA,263,0,0,915,0,915,G
4-HA,264,899,0,2,0,901,A
4-HA,265,0,0,888,0,888,G
4-HA,266,869,0,0,1,870,A
4-HA,267,1,0,0,951,952,C
4-HA,268,0,0,0,976,976,C
4-HA,269,1,1,0,980,982,C
4-HA,270,0,979,0,2,981,T
4-HA,271,1,0,1,988,990,C
4-HA,272,989,0,1,0,990,A
4-HA,273,861,0,129,0,990,A
4-HA,274,0,1026,0,0,1026,T
4-HA,275,1,0,1030,0,1031,G
4-HA,276,0,1028,0,2,1030,T
4-HA,277,0,3,1019,0,1022,G
4-HA,278,1017,0,1,0,1018,A
4-HA,279,0,1022,0,0,1022,T
4-HA,280,0,2,1004,0,1006,G
4-HA,281,4,1,1000,0,1005,G
4-HA,282,0,0,0,1003,1003,C
4-HA,283,0,1003,0,0,1003,T
4-HA,284,0,989,0,7,996,T
4-HA,285,1,0,0,1001,1002,C
4-HA,286,0,1,0,999,1000,C
4-HA,287,1000,0,0,0,1000,A
4-HA,288,1002,1,1,0,1004,A
4-HA,289,1001,0,1,0,1002,A
4-HA,290,1002,0,0,0,1002,A
4-HA,291,0,1007,0,0,1007,T
4-HA,292,1002,0,0,0,1002,A
4-HA,293,1005,0,1,0,1006,A
4-HA,294,0,2,1002,0,1004,G
4-HA,295,1007,1,0,0,1008,A
4-HA,296,1011,0,0,0,1011,A
4-HA,297,1009,1,2,0,1012,A
4-HA,298,0,1013,0,0,1013,T
4-HA,299,2,3,1008,0,1013,G
4-HA,300,0,2,1011,0,1013,G
4-HA,301,0,3,1010,0,1013,G
4-HA,302,1011,0,1,0,1012,A
4-HA,303,0,0,0,1020,1020,C
4-HA,304,1,0,0,1013,1014,C
4-HA,305,0,1033,0,2,1035,T
4-HA,306,0,1032,0,2,1034,T
4-HA,307,1,1030,0,2,1033,T
4-HA,308,0,1045,0,0,1045,T
4-HA,309,0,1040,0,0,1040,T
4-HA,310,0,0,1045,0,1045,G
4-HA,311,0,1045,0,0,1045,T
4-HA,312,0,1035,0,0,1035,T
4-HA,313,0,1,1035,0,1036,G
4-HA,314,1026,0,1,0,1027,A
4-HA,315,1038,0,0,0,1038,A
4-HA,316,0,0,0,1038,1038,C
4-HA,317,0,0,1031,0,1031,G
4-HA,318,1,0,0,1046,1047,C
4-HA,319,1047,0,1,0,1048,A
4-HA,320,2,0,1054,0,1056,G
4-HA,321,1,0,0,1052,1053,C
4-HA,322,1057,0,0,0,1057,A
4-HA,323,1056,0,0,0,1056,A
4-HA,324,1053,0,1,0,1054,A
4-HA,325,2,0,1113,0,1115,G
4-HA,326,0,0,0,1111,1111,C
4-HA,327,1,0,0,1110,1111,C
4-HA,328,0,1107,0,1,1108,T
4-HA,329,1105,0,2,0,1107,A
4-HA,330,1,0,0,1120,1121,C
4-HA,331,1115,0,1,0,1116,A
4-HA,332,0,0,1115,0,1115,G
4-HA,333,1,1,0,1114,1116,C
4-HA,334,1086,0,0,0,1086,A
4-HA,335,1091,0,0,0,1091,A
4-HA,336,0,0,0,1142,1142,C
4-HA,337,0,1138,1,0,1139,T
4-HA,338,0,0,1144,0,1144,G
4-HA,339,1,1123,1,2,1127,T
4-HA,340,0,1124,1,0,1125,T
4-HA,341,1129,0,0,0,1129,A
4-HA,342,0,2,0,1216,1218,C
4-HA,343,4,4,1,1224,1233,C
4-HA,344,2,0,0,1261,1263,C
4-HA,345,0,1224,1,1,1226,T
4-HA,346,1,1222,0,0,1223,T
4-HA,347,1224,0,0,0,1224,A
4-HA,348,0,1221,1,0,1222,T
4-HA,349,0,1,1221,0,1222,G
4-HA,350,1218,1,2,0,1221,A
4-HA,351,0,1154,0,0,1154,T
4-HA,352,1,0,1178,0,1179,G
4-HA,353,1,1149,0,0,1150,T
4-HA,354,0,0,1156,0,1156,G
4-HA,355,0,0,0,1150,1150,C
4-HA,356,2,1,0,1151,1154,C
4-HA,357,0,2,1164,0,1166,G
4-HA,358,0,0,1187,0,1187,G
4-HA,359,1182,0,2,0,1184,A
4-HA,360,0,1179,0,0,1179,T
4-HA,361,0,1172,1,0,1173,T
4-HA,362,1183,0,0,0,1183,A
4-HA,363,0,1180,0,0,1180,T
4-HA,364,0,1,1184,0,1185,G
4-HA,365,0,0,0,1188,1188,C
4-HA,366,0,0,0,1182,1182,C
4-HA,367,1,1184,0,1,1186,T
4-HA,368,2,0,0,1246,1248,C
4-HA,369,3,0,0,1257,1260,C
4-HA,370,6,0,0,1260,1266,C
4-HA,371,0,1254,0,0,1254,T
4-HA,372,0,1254,0,2,1256,T
4-HA,373,1258,0,0,0,1258,A
4-HA,374,0,4,1272,0,1276,G
4-HA,375,0,1,1280,0,1281,G
4-HA,376,0,1273,0,1,1274,T
4-HA,377,3,1,1,1249,1254,C
4-HA,378,1233,0,1,0,1234,A
4-HA,379,0,0,0,1266,1266,C
4-HA,380,0,1269,0,0,1269,T
4-HA,381,1266,1,1,0,1268,A
4-HA,382,1,0,1266,0,1267,G
4-HA,383,0,1243,0,1,1244,T
4-HA,384,0,1240,0,1,1241,T
4-HA,385,0,0,1257,0,1257,G
4-HA,386,0,1,0,1256,1257,C
4-HA,387,0,1,0,1257,1258,C
4-HA,388,0,1245,0,2,1247,T
4-HA,389,1,0,0,1248,1249,C
4-HA,390,1284,0,0,0,1284,A
4-HA,391,0,1290,0,0,1290,T
4-HA,392,3,0,0,1284,1287,C
4-HA,393,1,0,0,1289,1290,C
4-HA,394,1,3,1272,0,1276,G
4-HA,395,1,0,1281,0,1282,G
4-HA,396,0,0,0,1282,1282,C
4-HA,397,1297,0,1,1,1299,A
4-HA,398,2,1,0,1309,1312,C
4-HA,399,1273,1,2,0,1276,A
4-HA,400,0,0,0,1279,1279,C
4-HA,401,0,1278,0,0,1278,T
4-HA,402,1,2,1285,0,1288,G
4-HA,403,0,0,1301,0,1301,G
4-HA,404,1290,0,1,0,1291,A
4-HA,405,0,0,1310,0,1310,G
4-HA,406,0,1295,0,0,1295,T
4-HA,407,0,1290,0,0,1290,T
4-HA,408,1,1289,1,2,1293,T
4-HA,409,1287,0,0,0,1287,A
4-HA,410,1287,2,2,0,1291,A
4-HA,411,0,0,0,1299,1299,C
4-HA,412,1273,0,0,1,1274,A
4-HA,413,1272,0,0,0,1272,A
4-HA,414,0,1267,0,0,1267,T
4-HA,415,0,2,1261,1,1264,G
4-HA,416,1266,0,0,0,1266,A
4-HA,417,1259,0,1,0,1260,A
4-HA,418,1255,0,7,1,1263,A
4-HA,419,0,1,1262,0,1263,G
4-HA,420,0,1,0,1269,1270,C
4-HA,421,0,1265,0,3,1268,T
4-HA,422,0,1271,0,0,1271,T
4-HA,423,0,1,0,1280,1281,C
4-HA,424,1279,0,1,0,1280,A
4-HA,425,1283,0,0,0,1283,A
4-HA,426,0,1282,0,0,1282,T
4-HA,427,0,1281,0,0,1281,T
4-HA,428,1,1,1305,0,1307,G
4-HA,429,0,3,1320,0,1323,G
4-HA,430,1328,0,0,0,1328,A
4-HA,431,1,0,0,1327,1328,C
4-HA,432,0,1320,0,0,1320,T
4-HA,433,2,1,1319,0,1322,G
4-HA,434,0,1,1329,0,1330,G
4-HA,435,1326,1,1,0,1328,A
4-HA,436,0,1,1332,0,1333,G
4-HA,437,1,1308,0,2,1311,T
4-HA,438,3,0,0,1283,1286,C
4-HA,439,1309,1,2,0,1312,A
4-HA,440,1,0,0,1316,1317,C
4-HA,441,0,1305,0,2,1307,T
4-HA,442,1,0,0,1310,1311,C
4-HA,443,1303,0,0,0,1303,A
4-HA,444,1317,0,0,0,1317,A
4-HA,445,1315,0,0,0,1315,A
4-HA,446,1316,0,1,0,1317,A
4-HA,447,0,1,0,1317,1318,C
4-HA,448,0,4,1296,0,1300,G
4-HA,449,2,3,1316,0,1321,G
4-HA,450,1320,0,0,0,1320,A
4-HA,451,1317,0,0,0,1317,A
4-HA,452,0,1,0,1315,1316,C
4-HA,453,1311,0,1,0,1312,A
4-HA,454,1321,0,1,0,1322,A
4-HA,455,0,0,1332,0,1332,G
4-HA,456,0,0,0,1334,1334,C
4-HA,457,0,1318,0,0,1318,T
4-HA,458,2,0,0,1325,1327,C
4-HA,459,0,1324,0,0,1324,T
4-HA,460,1,0,1328,0,1329,G
4-HA,461,0,0,0,1332,1332,C
4-HA,462,0,1332,0,1,1333,T
4-HA,463,2,1350,0,0,1352,T
4-HA,464,2,1,1369,1,1373,G
4-HA,465,0,1,0,1383,1384,C
4-HA,466,1383,0,0,0,1383,A
4-HA,467,0,1374,0,0,1374,T
4-HA,468,1374,0,0,0,1374,A
4-HA,469,1366,0,3,0,1369,A
4-HA,470,0,3,1369,0,1372,G
4-HA,471,1,4,1365,0,1370,G
4-HA,472,1322,0,0,1,1323,A
4-HA,473,0,2,1312,0,1314,G
4-HA,474,1302,0,1,0,1303,A
4-HA,475,0,1338,0,0,1338,T
4-HA,476,0,0,0,1354,1354,C
4-HA,477,0,1365,0,0,1365,T
4-HA,478,1364,0,1,0,1365,A
4-HA,479,1367,0,0,0,1367,A
4-HA,480,0,1362,0,1,1363,T
4-HA,481,1360,0,0,0,1360,A
4-HA,482,1346,0,1,0,1347,A
4-HA,483,0,4,0,1345,1349,C
4-HA,484,1299,0,1,0,1300,A
4-HA,485,0,0,1311,0,1311,G
4-HA,486,0,1293,0,0,1293,T
4-HA,487,1,1303,0,2,1306,T
4-HA,488,0,1309,0,0,1309,T
4-HA,489,0,0,0,1327,1327,C
4-HA,490,0,1325,0,1,1326,T
4-HA,491,0,1330,0,1,1331,T
4-HA,492,0,1329,0,0,1329,T
4-HA,493,1327,0,0,0,1327,A
4-HA,494,0,1,1323,0,1324,G
4-HA,495,1,1322,0,0,1323,T
4-HA,496,1322,0,0,0,1322,A
4-HA,497,0,1,1323,0,1324,G
4-HA,498,1297,3,0,0,1300,A
4-HA,499,0,1300,0,1,1301,T
4-HA,500,0,1296,0,1,1297,T
4-HA,501,0,1,1320,0,1321,G
4-HA,502,1318,0,0,0,1318,A
4-HA,503,1318,0,1,0,1319,A
4-HA,504,0,1319,0,1,1320,T
4-HA,505,0,1308,0,0,1308,T
4-HA,506,4,3,1323,0,1330,G
4-HA,507,2,0,1328,0,1330,G
4-HA,508,1,1332,0,1,1334,T
4-HA,509,0,1326,0,0,1326,T
4-HA,510,1,1,1308,0,1310,G
4-HA,511,1313,0,1,0,1314,A
4-HA,512,1,0,1,1310,1312,C
4-HA,513,2,0,0,1309,1311,C
4-HA,514,4,0,0,1313,1317,C
4-HA,515,1317,1,0,0,1318,A
4-HA,516,0,0,0,1329,1329,C
4-HA,517,1,1326,0,1,1328,T
4-HA,518,1,1324,0,1,1326,T
4-HA,519,1327,0,1,0,1328,A
4-HA,520,1321,0,1,0,1322,A
4-HA,521,1326,0,0,0,1326,A
4-HA,522,1328,0,0,0,1328,A
4-HA,523,0,1350,0,0,1350,T
4-HA,524,0,1337,0,0,1337,T
4-HA,525,6,0,0,1336,1342,C
4-HA,526,1339,1,1,1,1342,A
4-HA,527,1341,0,2,0,1343,A
4-HA,528,1342,1,0,0,1343,A
4-HA,529,1,1345,0,0,1346,T
4-HA,530,1377,0,0,0,1377,A
4-HA,531,1,0,0,1376,1377,C
4-HA,532,1,1,0,1351,1353,C
4-HA,533,5,0,1,1355,1361,C
4-HA,534,1351,0,0,0,1351,A
4-HA,535,0,0,1418,0,1418,G
4-HA,536,0,0,0,1428,1428,C
4-HA,537,1421,0,0,0,1421,A
4-HA,538,0,1413,0,0,1413,T
4-HA,539,0,1392,1,0,1393,T
4-HA,540,0,1,1458,1,1460,G
4-HA,541,1457,0,0,0,1457,A
4-HA,542,1460,1,1,0,1462,A
4-HA,543,0,0,0,1461,1461,C
4-HA,544,0,0,1417,0,1417,G
4-HA,545,0,1426,1,0,1427,T
4-HA,546,0,2,1439,0,1441,G
4-HA,547,1435,1,2,0,1438,A
4-HA,548,0,1,0,1441,1442,C
4-HA,549,1,1392,0,0,1393,T
4-HA,550,1427,0,0,0,1427,A
4-HA,551,0,1423,0,0,1423,T
4-HA,552,0,0,1443,0,1443,G
4-HA,553,0,0,1,1440,1441,C
4-HA,554,2,1,0,1405,1408,C
4-HA,555,1403,0,0,0,1403,A
4-HA,556,1399,0,0,0,1399,A
4-HA,557,1416,0,1,0,1417,A
4-HA,558,0,0,0,1421,1421,C
4-HA,559,1382,1,1,0,1384,A
4-HA,560,1392,0,1,0,1393,A
4-HA,561,0,1382,0,1,1383,T
4-HA,562,0,5,1380,0,1385,G
4-HA,563,1376,0,3,0,1379,A
4-HA,564,1380,1,0,0,1381,A
4-HA,565,0,0,0,1345,1345,C
4-HA,566,1356,0,0,0,1356,A
4-HA,567,1372,0,0,0,1372,A
4-HA,568,0,1369,0,0,1369,T
4-HA,569,0,1360,0,3,1363,T
4-HA,570,0,1368,1,0,1369,T
4-HA,571,0,3,1365,0,1368,G
4-HA,572,1363,0,2,0,1365,A
4-HA,573,0,0,0,1368,1368,C
4-HA,574,1358,1,1,0,1360,A
4-HA,575,1363,0,0,0,1363,A
4-HA,576,1373,0,0,0,1373,A
4-HA,577,0,1379,0,0,1379,T
4-HA,578,1,1381,0,0,1382,T
4-HA,579,0,1,1390,0,1391,G
4-HA,580,1,1389,0,1,1391,T
4-HA,581,1392,0,0,0,1392,A
4-HA,582,0,0,0,1420,1420,C
4-HA,583,1419,0,0,0,1419,A
4-HA,584,1,1446,0,0,1447,T
4-HA,585,0,1425,0,0,1425,T
4-HA,586,1,1422,0,0,1423,T
4-HA,587,1,3,1410,0,1414,G
4-HA,588,0,4,1405,0,1409,G
4-HA,589,0,2,1421,0,1423,G
4-HA,590,0,1,1420,0,1421,G
4-HA,591,0,4,1400,0,1404,G
4-HA,592,1,2,1443,0,1446,G
4-HA,593,0,1437,0,1,1438,T
4-HA,594,0,1442,0,0,1442,T
4-HA,595,1,1,0,1439,1441,C
4-HA,596,1450,0,2,1,1453,A
4-HA,597,0,0,0,1463,1463,C
4-HA,598,4,0,0,1456,1460,C
4-HA,599,1460,0,1,0,1461,A
4-HA,600,0,0,0,1476,1476,C
4-HA,601,1,1,0,1451,1453,C
4-HA,602,5,4,0,1440,1449,C
4-HA,603,1,1,1447,0,1449,G
4-HA,604,0,3,1530,0,1533,G
4-HA,605,0,1,1538,0,1539,G
4-HA,606,0,1524,0,2,1526,T
4-HA,607,1527,0,0,0,1527,A
4-HA,608,1,1,0,1519,1521,C
4-HA,609,3,0,1503,0,1506,G
4-HA,610,0,0,1516,0,1516,G
4-HA,611,1518,0,0,1,1519,A
4-HA,612,0,1,0,1517,1518,C
4-HA,613,1428,0,0,0,1428,A
4-HA,614,1427,0,1,1,1429,A
4-HA,615,1,1426,0,2,1429,T
4-HA,616,0,5,1448,1,1454,G
4-HA,617,1454,0,0,0,1454,A
4-HA,618,2,1,0,1451,1454,C
4-HA,619,2,0,0,1435,1437,C
4-HA,620,1437,1,1,0,1439,A
4-HA,621,1429,0,0,0,1429,A
4-HA,622,1454,0,0,0,1454,A
4-HA,623,0,1453,0,0,1453,T
4-HA,624,0,0,0,1474,1474,C
4-HA,625,1,1448,0,0,1449,T
4-HA,626,0,1447,0,0,1447,T
4-HA,627,1,0,0,1463,1464,C
4-HA,628,3,0,0,1468,1471,C
4-HA,629,0,1467,0,1,1468,T
4-HA,630,1,1,1472,0,1474,G
4-HA,631,1,1455,0,0,1456,T
4-HA,632,1467,0,1,0,1468,A
4-HA,633,0,1454,0,2,1456,T
4-HA,634,0,0,1460,0,1460,G
4-HA,635,1,0,0,1461,1462,C
4-HA,636,0,1450,0,4,1454,T
4-HA,637,6,2,0,1449,1457,C
4-HA,638,1454,0,1,0,1455,A
4-HA,639,1447,0,1,0,1448,A
4-HA,640,0,1,1449,0,1450,G
4-HA,641,0,0,0,1449,1449,C
4-HA,642,1454,0,1,0,1455,A
4-HA,643,1,1441,0,0,1442,T
4-HA,644,1,0,0,1435,1436,C
4-HA,645,1432,1,0,0,1433,A
4-HA,646,1,0,1434,0,1435,G
4-HA,647,0,1,1432,0,1433,G
4-HA,648,1435,0,0,0,1435,A
4-HA,649,1430,0,0,0,1430,A
4-HA,650,0,1,1448,0,1449,G
4-HA,651,1441,0,0,0,1441,A
4-HA,652,1461,0,1,0,1462,A
4-HA,653,0,1472,0,0,1472,T
4-HA,654,3,0,0,1467,1470,C
4-HA,655,1457,0,0,0,1457,A
4-HA,656,0,1,0,1459,1460,C
4-HA,657,1455,0,0,0,1455,A
4-HA,658,0,1,1493,0,1494,G
4-HA,659,3,1461,0,1,1465,T
4-HA,660,2,0,0,1475,1477,C
4-HA,661,1,1447,0,0,1448,T
4-HA,662,2,0,0,1482,1484,C
4-HA,663,0,1489,0,0,1489,T
4-HA,664,1505,0,2,0,1507,A
4-HA,665,0,1,0,1501,1502,C
4-HA,666,2,0,0,1501,1503,C
4-HA,667,1476,0,1,0,1477,A
4-HA,668,1483,0,1,1,1485,A
4-HA,669,1485,0,0,0,1485,A
4-HA,670,1483,0,0,0,1483,A
4-HA,671,1,0,1477,0,1478,G
4-HA,672,1446,0,1,0,1447,A
4-HA,673,1438,0,2,0,1440,A
4-HA,674,0,0,1444,0,1444,G
4-HA,675,0,0,0,1454,1454,C
4-HA,676,1,0,0,1456,1457,C
4-HA,677,1458,0,0,0,1458,A
4-HA,678,1456,0,2,0,1458,A
4-HA,679,0,1,0,1458,1459,C
4-HA,680,1460,0,0,0,1460,A
4-HA,681,1459,0,0,1,1460,A
4-HA,682,1455,0,0,0,1455,A
4-HA,683,0,0,0,1498,1498,C
4-HA,684,0,1495,0,1,1496,T
4-HA,685,1,0,1503,0,1504,G
4-HA,686,0,1505,0,1,1506,T
4-HA,687,1505,0,0,0,1505,A
4-HA,688,1509,0,0,0,1509,A
4-HA,689,0,1499,0,1,1500,T
4-HA,690,0,0,0,1499,1499,C
4-HA,691,0,0,0,1501,1501,C
4-HA,692,7,0,0,1471,1478,C
4-HA,693,0,1,1481,0,1482,G
4-HA,694,1475,0,1,0,1476,A
4-HA,695,1488,0,0,0,1488,A
4-HA,696,0,1489,0,0,1489,T
4-HA,697,1490,0,0,0,1490,A
4-HA,698,0,1487,0,0,1487,T
4-HA,699,2,3,0,1470,1475,C
4-HA,700,0,2,1473,0,1475,G
4-HA,701,2,1,1518,0,1521,G
4-HA,702,1519,0,0,0,1519,A
4-HA,703,1,1535,0,1,1537,T
4-HA,704,1,1,0,1533,1535,C
4-HA,705,0,1535,0,1,1536,T
4-HA,706,1530,0,2,0,1532,A
4-HA,707,0,2,1548,0,1550,G
4-HA,708,1545,0,0,1,1546,A
4-HA,709,3,1,0,1547,1551,C
4-HA,710,3,1,0,1496,1500,C
4-HA,711,1,1,0,1494,1496,C
4-HA,712,1475,0,0,0,1475,A
4-HA,713,0,2,1577,0,1579,G
4-HA,714,1568,0,1,0,1569,A
4-HA,715,0,1,1589,0,1590,G
4-HA,716,0,1579,0,0,1579,T
4-HA,717,1563,0,0,0,1563,A
4-HA,718,1559,0,2,0,1561,A
4-HA,719,0,1,1590,0,1591,G
4-HA,720,0,1,1600,0,1601,G
4-HA,721,1593,1,0,0,1594,A
4-HA,722,1478,0,1,0,1479,A
4-HA,723,0,1472,0,0,1472,T
4-HA,724,1473,0,0,0,1473,A
4-HA,725,0,1463,2,1,1466,T
4-HA,726,3,0,0,1482,1485,C
4-HA,727,1,0,0,1483,1484,C
4-HA,728,1,0,0,1447,1448,C
4-HA,729,0,1436,0,0,1436,T
4-HA,730,1442,0,0,0,1442,A
4-HA,731,1,0,1441,0,1442,G
4-HA,732,0,0,0,1443,1443,C
4-HA,733,1413,2,0,1,1416,A
4-HA,734,0,0,1462,0,1462,G
4-HA,735,1442,0,0,0,1442,A
4-HA,736,1442,0,0,0,1442,A
4-HA,737,0,1442,0,0,1442,T
4-HA,738,1436,0,0,0,1436,A
4-HA,739,1439,0,0,0,1439,A
4-HA,740,0,1,1437,0,1438,G
4-HA,741,0,1,0,1439,1440,C
4-HA,742,1437,0,2,0,1439,A
4-HA,743,0,1389,0,1,1390,T
4-HA,744,1,0,0,1455,1456,C
4-HA,745,0,1456,0,1,1457,T
4-HA,746,1457,3,0,0,1460,A
4-HA,747,0,1456,0,1,1457,T
4-HA,748,0,1455,0,0,1455,T
4-HA,749,0,2,1464,0,1466,G
4-HA,750,2,2,1456,0,1460,G
4-HA,751,1457,0,1,0,1458,A
4-HA,752,1,0,0,1458,1459,C
4-HA,753,1333,0,0,0,1333,A
4-HA,754,1353,0,0,0,1353,A
4-HA,755,0,1412,0,0,1412,T
4-HA,756,1436,0,1,0,1437,A
4-HA,757,1,1,1448,0,1450,G
4-HA,758,0,1434,1,0,1435,T
4-HA,759,1432,0,0,0,1432,A
4-HA,760,1439,0,0,1,1440,A
4-HA,761,1494,0,1,0,1495,A
4-HA,762,1509,0,2,0,1511,A
4-HA,763,0,1,0,1518,1519,C
4-HA,764,0,1,0,1479,1480,C
4-HA,765,1338,0,122,0,1460,A
4-HA,766,1,2,1480,0,1483,G
4-HA,767,0,5,1502,0,1507,G
4-HA,768,1507,0,0,0,1507,A
4-HA,769,0,3,1511,0,1514,G
4-HA,770,1520,1,0,0,1521,A
4-HA,771,0,0,0,1521,1521,C
4-HA,772,1512,0,1,0,1513,A
4-HA,773,2,1515,0,0,1517,T
4-HA,774,1522,0,0,0,1522,A
4-HA,775,1,0,0,1546,1547,C
4-HA,776,0,1527,0,0,1527,T
4-HA,777,0,1542,0,0,1542,T
4-HA,778,0,1546,0,0,1546,T
4-HA,779,0,1552,0,0,1552,T
4-HA,780,0,1,1578,0,1579,G
4-HA,781,1586,0,1,1,1588,A
4-HA,782,0,1585,0,1,1586,T
4-HA,783,2,1645,0,1,1648,T
4-HA,784,1642,0,0,0,1642,A
4-HA,785,1651,0,0,0,1651,A
4-HA,786,0,3,0,1681,1684,C
4-HA,787,1678,0,2,0,1680,A
4-HA,788,0,2,1773,0,1775,G
4-HA,789,0,1,0,1762,1763,C
4-HA,790,1772,0,0,0,1772,A
4-HA,791,0,0,0,1781,1781,C
4-HA,792,1762,0,0,0,1762,A
4-HA,793,0,6,1782,0,1788,G
4-HA,794,0,1,1788,0,1789,G
4-HA,795,1,3,1848,0,1852,G
4-HA,796,1848,0,1,0,1849,A
4-HA,797,1855,0,3,1,1859,A
4-HA,798,0,1853,1,1,1855,T
4-HA,799,1,0,0,1864,1865,C
4-HA,800,1,1866,0,3,1870,T
4-HA,801,1884,3,3,0,1890,A
4-HA,802,1879,0,1,0,1880,A
4-HA,803,0,1878,0,0,1878,T
4-HA,804,1,1831,0,0,1832,T
4-HA,805,1,1,1848,0,1850,G
4-HA,806,0,0,0,1911,1911,C
4-HA,807,0,1969,1,2,1972,T
4-HA,808,4,0,0,2031,2035,C
4-HA,809,3,0,0,2038,2041,C
4-HA,810,1,2036,0,2,2039,T
4-HA,811,2041,0,1,0,2042,A
4-HA,812,2,6,2035,0,2043,G
4-HA,813,1,15,2041,2,2059,G
4-HA,814,0,7,2058,0,2065,G
4-HA,815,1,3,2037,0,2041,G
4-HA,816,0,2004,0,0,2004,T
4-HA,817,0,1986,0,0,1986,T
4-HA,818,1994,0,0,1,1995,A
4-HA,819,1,0,0,2029,2030,C
4-HA,820,0,2013,0,5,2018,T
4-HA,821,0,2039,0,1,2040,T
4-HA,822,3,0,0,2034,2037,C
4-HA,823,2030,0,1,1,2032,A
4-HA,824,2035,0,0,0,2035,A
4-HA,825,2041,0,0,1,2042,A
4-HA,826,2058,0,3,0,2061,A
4-HA,827,0,2054,0,0,2054,T
4-HA,828,2041,0,1,0,2042,A
4-HA,829,0,1,0,2041,2042,C
4-HA,830,0,2,2037,0,2039,G
4-HA,831,2041,0,2,0,2043,A
4-HA,832,2040,1,0,0,2041,A
4-HA,833,1,0,2085,0,2086,G
4-HA,834,0,2084,1,0,2085,T
4-HA,835,0,3,2102,0,2105,G
4-HA,836,0,5,2101,0,2106,G
4-HA,837,1,0,2121,0,2122,G
4-HA,838,2120,0,2,0,2122,A
4-HA,839,2116,0,2,0,2118,A
4-HA,840,2116,1,4,0,2121,A
4-HA,841,2109,0,2,0,2111,A
4-HA,842,0,2,2169,0,2171,G
4-HA,843,2,0,0,2161,2163,C
4-HA,844,0,2136,0,2,2138,T
4-HA,845,4,0,0,2164,2168,C
4-HA,846,2167,0,0,0,2167,A
4-HA,847,2195,0,1,0,2196,A
4-HA,848,1,2200,0,1,2202,T
4-HA,849,2229,0,0,0,2229,A
4-HA,850,2230,0,0,0,2230,A
4-HA,851,0,2191,0,1,2192,T
4-HA,852,2,7,2183,0,2192,G
4-HA,853,2179,0,2,0,2181,A
4-HA,854,1,6,2242,0,2249,G
4-HA,855,2249,1,0,0,2250,A
4-HA,856,0,2239,0,1,2240,T
4-HA,857,5,0,0,2267,2272,C
4-HA,858,2253,1,1,0,2255,A
4-HA,859,0,2,2317,1,2320,G
4-HA,860,2325,0,7,0,2332,A
4-HA,861,0,2326,0,1,2327,T
4-HA,862,1,0,2328,0,2329,G
4-HA,863,1,4,0,2291,2296,C
4-HA,864,2297,0,1,0,2298,A
4-HA,865,1,0,0,2354,2355,C
4-HA,866,3,0,0,2321,2324,C
4-HA,867,8,0,0,2322,2330,C
4-HA,868,2306,0,0,0,2306,A
4-HA,869,0,2302,0,3,2305,T
4-HA,870,0,2305,0,2,2307,T
4-HA,871,2,3,2342,0,2347,G
4-HA,872,2,2,2337,0,2341,G
4-HA,873,0,0,0,2341,2341,C
4-HA,874,2309,0,0,0,2309,A
4-HA,875,2305,1,0,0,2306,A
4-HA,876,2332,1,0,1,2334,A
4-HA,877,0,2342,0,0,2342,T
4-HA,878,0,2,2340,0,2342,G
4-HA,879,1,0,0,2341,2342,C
4-HA,880,2310,4,1,0,2315,A
4-HA,881,2375,1,1,0,2377,A
4-HA,882,0,2376,0,2,2378,T
4-HA,883,0,2391,0,0,2391,T
4-HA,884,2,0,0,2395,2397,C
4-HA,885,0,2342,0,0,2342,T
4-HA,886,1,2,2366,0,2369,G
4-HA,887,2369,0,1,0,2370,A
4-HA,888,2378,0,2,1,2381,A
4-HA,889,0,2382,0,1,2383,T
4-HA,890,0,2,2365,0,2367,G
4-HA,891,0,1,0,2372,2373,C
4-HA,892,2354,0,1,1,2356,A
4-HA,893,0,2357,0,1,2358,T
4-HA,894,4,0,0,2349,2353,C
4-HA,895,2350,1,2,0,2353,A
4-HA,896,3,0,0,2442,2445,C
4-HA,897,0,2441,0,4,2445,T
4-HA,898,5,1,0,2442,2448,C
4-HA,899,3,0,0,2439,2442,C
4-HA,900,2453,0,1,0,2454,A
4-HA,901,2455,0,1,0,2456,A
4-HA,902,2450,0,1,0,2451,A
4-HA,903,0,2356,0,1,2357,T
4-HA,904,1,2,2372,1,2376,G
4-HA,905,0,2,2377,0,2379,G
4-HA,906,2381,0,1,1,2383,A
4-HA,907,2386,1,2,0,2389,A
4-HA,908,0,1,2390,0,2391,G
4-HA,909,1,0,0,2365,2366,C
4-HA,910,2362,1,0,0,2363,A
4-HA,911,1,2373,0,1,2375,T
4-HA,912,0,2363,0,3,2366,T
4-HA,913,7,2,0,2430,2439,C
4-HA,914,1,2,0,2424,2427,C
4-HA,915,7,1,0,2426,2434,C
4-HA,916,2427,1,0,0,2428,A
4-HA,917,2466,0,5,1,2472,A
4-HA,918,0,2501,0,0,2501,T
4-HA,919,0,5,2495,0,2500,G
4-HA,920,2495,1,0,0,2496,A
4-HA,921,0,0,0,2496,2496,C
4-HA,922,2423,0,2,0,2425,A
4-HA,923,2433,0,1,0,2434,A
4-HA,924,2428,0,2,0,2430,A
4-HA,925,0,0,0,2445,2445,C
4-HA,926,5,0,0,2414,2419,C
4-HA,927,2365,1,1,0,2367,A
4-HA,928,0,2369,0,2,2371,T
4-HA,929,1,2364,0,2,2367,T
4-HA,930,1,0,0,2380,2381,C
4-HA,931,1,1,0,2380,2382,C
4-HA,932,2382,1,1,0,2384,A
4-HA,933,2381,1,1,0,2383,A
4-HA,934,2379,0,0,0,2379,A
4-HA,935,2410,0,1,0,2411,A
4-HA,936,0,2416,1,0,2417,T
4-HA,937,0,0,2410,0,2410,G
4-HA,938,0,2402,0,2,2404,T
4-HA,939,0,2401,0,1,2402,T
4-HA,940,2444,0,0,0,2444,A
4-HA,941,2442,0,0,0,2442,A
4-HA,942,0,0,0,2445,2445,C
4-HA,943,2426,1,1,0,2428,A
4-HA,944,1,6,2433,0,2440,G
4-HA,945,0,1,2452,0,2453,G
4-HA,946,2485,0,4,0,2489,A
4-HA,947,0,2494,0,1,2495,T
4-HA,948,4,0,0,2517,2521,C
4-HA,949,2537,0,1,0,2538,A
4-HA,950,0,1,1,2624,2626,C
4-HA,951,2629,1,0,0,2630,A
4-HA,952,0,2712,0,0,2712,T
4-HA,953,2647,0,1,0,2648,A
4-HA,954,0,2,0,2608,2610,C
4-HA,955,2,5,2507,0,2514,G
4-HA,956,1,9,2522,0,2532,G
4-HA,957,1,2,2515,0,2518,G
4-HA,958,10,0,2515,1,2526,G
4-HA,959,1,1,0,2457,2459,C
4-HA,960,2,1,0,2455,2458,C
4-HA,961,1,2390,0,4,2395,T
4-HA,962,4,0,2588,0,2592,G
4-HA,963,1,2597,0,2,2600,T
4-HA,964,4,2,0,2603,2609,C
4-HA,965,6,1,0,2586,2593,C
4-HA,966,1,0,0,2601,2602,C
4-HA,967,2587,1,1,0,2589,A
4-HA,968,4,4,2611,0,2619,G
4-HA,969,2615,0,0,0,2615,A
4-HA,970,0,2609,0,0,2609,T
4-HA,971,2416,1,0,0,2417,A
4-HA,972,0,2375,0,1,2376,T
4-HA,973,1,1,2381,1,2384,G
4-HA,974,1,2374,0,1,2376,T
4-HA,975,1,2333,0,0,2334,T
4-HA,976,2366,0,0,0,2366,A
4-HA,977,2338,0,1,0,2339,A
4-HA,978,1,1,2357,0,2359,G
4-HA,979,3,0,1,2359,2363,C
4-HA,980,2318,0,2,0,2320,A
4-HA,981,2312,1,2,1,2316,A
4-HA,982,2288,0,1,1,2290,A
4-HA,983,2290,0,3,1,2294,A
4-HA,984,1,0,0,2296,2297,C
4-HA,985,2258,0,3,0,2261,A
4-HA,986,0,0,0,2281,2281,C
4-HA,987,0,2227,0,4,2231,T
4-HA,988,3,1,0,2245,2249,C
4-HA,989,0,2249,0,1,2250,T
4-HA,990,0,3,2265,0,2268,G
4-HA,991,2270,0,1,0,2271,A
4-HA,992,2260,2,1,0,2263,A
4-HA,993,2269,0,0,1,2270,A
4-HA,994,0,2248,0,0,2248,T
4-HA,995,0,2228,0,2,2230,T
4-HA,996,0,4,2251,0,2255,G
4-HA,997,2,1,2248,0,2251,G
4-HA,998,1,0,0,2257,2258,C
4-HA,999,2250,0,0,0,2250,A
4-HA,1000,2255,0,0,2,2257,A
4-HA,1001,3,1,0,2258,2262,C
4-HA,1002,2254,0,2,1,2257,A
4-HA,1003,0,5,2271,0,2276,G
4-HA,1004,1,4,2254,1,2260,G
4-HA,1005,0,2,2236,2,2240,G
4-HA,1006,2252,0,1,0,2253,A
4-HA,1007,0,2240,0,0,2240,T
4-HA,1008,1,0,2240,0,2241,G
4-HA,1009,1,1,1,2233,2236,C
4-HA,1010,3,2,2242,0,2247,G
4-HA,1011,2258,0,0,0,2258,A
4-HA,1012,2215,0,1,0,2216,A
4-HA,1013,2229,0,1,0,2230,A
4-HA,1014,0,2208,0,2,2210,T
4-HA,1015,1,1,2254,0,2256,G
4-HA,1016,0,2250,0,5,2255,T
4-HA,1017,2247,0,1,0,2248,A
4-HA,1018,0,0,0,2243,2243,C
4-HA,1019,1,0,0,2233,2234,C
4-HA,1020,2189,1,2,0,2192,A
4-HA,1021,0,3,2194,0,2197,G
4-HA,1022,2155,0,1,0,2156,A
4-HA,1023,0,0,2197,0,2197,G
4-HA,1024,2157,0,1,0,2158,A
4-HA,1025,2149,0,4,0,2153,A
4-HA,1026,2148,0,7,1,2156,A
4-HA,1027,5,5,1,2142,2153,C
4-HA,1028,2129,1,1,0,2131,A
4-HA,1029,2161,0,3,0,2164,A
4-HA,1030,2152,4,0,0,2156,A
4-HA,1031,0,0,0,2175,2175,C
4-HA,1032,0,2148,0,0,2148,T
4-HA,1033,2129,0,0,0,2129,A
4-HA,1034,1,0,2137,0,2138,G
4-HA,1035,2115,0,5,0,2120,A
4-HA,1036,0,1,2172,0,2173,G
4-HA,1037,1,0,2166,0,2167,G
4-HA,1038,0,0,0,2125,2125,C
4-HA,1039,2121,1,7,0,2129,A
4-HA,1040,1,2136,0,0,2137,T
4-HA,1041,2148,0,0,0,2148,A
4-HA,1042,0,2130,1,1,2132,T
4-HA,1043,0,2135,0,2,2137,T
4-HA,1044,0,2131,0,1,2132,T
4-HA,1045,0,4,2067,0,2071,G
4-HA,1046,1,0,2069,0,2070,G
4-HA,1047,1,0,0,2066,2067,C
4-HA,1048,3,1,2064,0,2068,G
4-HA,1049,0,0,0,2050,2050,C
4-HA,1050,2034,1,1,0,2036,A
4-HA,1051,2049,0,0,0,2049,A
4-HA,1052,1,2046,0,1,2048,T
4-HA,1053,3,0,0,2046,2049,C
4-HA,1054,1,0,2053,0,2054,G
4-HA,1055,0,2,0,2040,2042,C
4-HA,1056,2,4,2044,0,2050,G
4-HA,1057,0,1,2055,0,2056,G
4-HA,1058,0,1,2068,0,2069,G
4-HA,1059,0,2058,0,3,2061,T
4-HA,1060,2,2019,0,1,2022,T
4-HA,1061,0,2026,0,0,2026,T
4-HA,1062,3,0,0,2017,2020,C
4-HA,1063,2023,1,0,0,2024,A
4-HA,1064,0,2028,0,2,2030,T
4-HA,1065,2031,0,1,0,2032,A
4-HA,1066,0,1,2056,0,2057,G
4-HA,1067,2024,0,1,0,2025,A
4-HA,1068,2033,0,1,0,2034,A
4-HA,1069,2033,0,2,0,2035,A
4-HA,1070,2045,0,2,0,2047,A
4-HA,1071,0,2038,0,1,2039,T
4-HA,1072,0,7,2059,0,2066,G
4-HA,1073,0,0,2073,0,2073,G
4-HA,1074,0,2066,1,1,2068,T
4-HA,1075,1,2017,0,0,2018,T
4-HA,1076,2,6,2012,1,2021,G
4-HA,1077,1,2,2027,0,2030,G
4-HA,1078,2,1,2034,0,2037,G
4-HA,1079,2006,1,4,0,2011,A
4-HA,1080,0,6,2021,1,2028,G
4-HA,1081,0,3,2005,0,2008,G
4-HA,1082,1,5,2044,0,2050,G
4-HA,1083,2034,0,1,0,2035,A
4-HA,1084,2059,0,2,0,2061,A
4-HA,1085,0,2056,0,0,2056,T
4-HA,1086,0,1,2065,0,2066,G
4-HA,1087,0,0,2116,0,2116,G
4-HA,1088,0,2090,0,0,2090,T
4-HA,1089,2,3,2085,1,2091,G
4-HA,1090,0,2,2081,0,2083,G
4-HA,1091,2035,0,3,0,2038,A
4-HA,1092,0,2042,0,0,2042,T
4-HA,1093,0,1,2064,0,2065,G
4-HA,1094,0,0,2101,0,2101,G
4-HA,1095,1,2076,0,3,2080,T
4-HA,1096,0,2017,0,1,2018,T
4-HA,1097,0,4,2022,0,2026,G
4-HA,1098,1,0,2052,0,2053,G
4-HA,1099,0,2049,0,1,2050,T
4-HA,1100,2051,0,4,0,2055,A
4-HA,1101,0,1,0,1936,1937,C
4-HA,1102,0,0,1950,0,1950,G
4-HA,1103,1,0,2019,0,2020,G
4-HA,1104,1,2016,0,1,2018,T
4-HA,1105,0,2008,1,2,2011,T
4-HA,1106,0,2009,0,2,2011,T
4-HA,1107,3,0,0,1978,1981,C
4-HA,1108,1973,0,2,0,1975,A
4-HA,1109,0,2,1973,0,1975,G
4-HA,1110,2,0,1968,1,1971,G
4-HA,1111,0,0,0,1963,1963,C
4-HA,1112,1894,0,2,0,1896,A
4-HA,1113,0,1903,0,0,1903,T
4-HA,1114,2,1,0,1899,1902,C
4-HA,1115,1911,0,0,0,1911,A
4-HA,1116,1905,1,0,0,1906,A
4-HA,1117,1905,0,2,0,1907,A
4-HA,1118,1916,0,0,0,1916,A
4-HA,1119,0,1913,0,1,1914,T
4-HA,1120,0,1903,1,0,1904,T
4-HA,1121,6,0,1,1910,1917,C
4-HA,1122,0,1902,0,0,1902,T
4-HA,1123,0,2,1900,0,1902,G
4-HA,1124,1897,0,2,0,1899,A
4-HA,1125,1883,0,0,0,1883,A
4-HA,1126,0,3,1908,0,1911,G
4-HA,1127,0,3,1941,0,1944,G
4-HA,1128,1937,0,0,0,1937,A
4-HA,1129,1937,0,1,0,1938,A
4-HA,1130,2,4,1923,1,1930,G
4-HA,1131,1938,0,7,0,1945,A
4-HA,1132,0,4,1949,0,1953,G
4-HA,1133,1,3,1960,0,1964,G
4-HA,1134,1960,0,3,0,1963,A
4-HA,1135,1,1,0,1962,1964,C
4-HA,1136,1939,0,0,0,1939,A
4-HA,1137,1927,1,5,0,1933,A
4-HA,1138,0,0,1933,0,1933,G
4-HA,1139,1,1,0,1944,1946,C
4-HA,1140,1915,0,0,0,1915,A
4-HA,1141,0,0,1924,1,1925,G
4-HA,1142,1,1,0,1908,1910,C
4-HA,1143,1907,0,2,0,1909,A
4-HA,1144,0,2,1918,0,1920,G
4-HA,1145,1904,0,0,0,1904,A
4-HA,1146,0,1932,0,0,1932,T
4-HA,1147,3,0,0,1945,1948,C
4-HA,1148,0,1920,0,3,1923,T
4-HA,1149,3,0,0,1943,1946,C
4-HA,1150,1941,0,0,0,1941,A
4-HA,1151,1939,3,0,0,1942,A
4-HA,1152,1937,1,0,0,1938,A
4-HA,1153,1904,0,2,0,1906,A
4-HA,1154,0,0,1913,0,1913,G
4-HA,1155,0,0,0,1881,1881,C
4-HA,1156,1869,1,0,0,1870,A
4-HA,1157,2,0,0,1909,1911,C
4-HA,1158,1,1897,0,3,1901,T
4-HA,1159,2,0,0,1899,1901,C
4-HA,1160,1900,1,0,0,1901,A
4-HA,1161,1941,0,1,0,1942,A
4-HA,1162,1,1,1944,0,1946,G
4-HA,1163,0,0,0,1937,1937,C
4-HA,1164,1926,1,1,0,1928,A
4-HA,1165,1,0,1937,0,1938,G
4-HA,1166,0,0,0,1913,1913,C
4-HA,1167,1908,0,1,0,1909,A
4-HA,1168,1908,0,0,0,1908,A
4-HA,1169,0,1899,1,0,1900,T
4-HA,1170,2,0,0,1843,1845,C
4-HA,1171,1,3,1848,0,1852,G
4-HA,1172,1845,1,1,0,1847,A
4-HA,1173,0,1833,0,1,1834,T
4-HA,1174,7,0,0,1825,1832,C
4-HA,1175,1835,0,2,0,1837,A
4-HA,1176,1871,1,0,0,1872,A
4-HA,1177,1872,0,1,0,1873,A
4-HA,1178,0,1866,0,2,1868,T
4-HA,1179,3,15,0,1862,1880,C
4-HA,1180,1852,0,1,1,1854,A
4-HA,1181,1867,0,1,0,1868,A
4-HA,1182,1,1868,0,0,1869,T
4-HA,1183,0,3,1867,0,1870,G
4-HA,1184,0,3,1857,0,1860,G
4-HA,1185,1,3,1845,0,1849,G
4-HA,1186,1852,1,1,1,1855,A
4-HA,1187,1853,0,0,0,1853,A
4-HA,1188,0,0,1882,0,1882,G
4-HA,1189,1,0,0,1879,1880,C
4-HA,1190,0,1874,0,4,1878,T
4-HA,1191,2,1,1946,1,1950,G
4-HA,1192,1949,0,2,0,1951,A
4-HA,1193,1951,0,3,1,1955,A
4-HA,1194,0,1959,0,0,1959,T
4-HA,1195,1918,0,0,0,1918,A
4-HA,1196,1,2,1908,0,1911,G
4-HA,1197,1758,0,1,1,1760,A
4-HA,1198,1,1759,0,0,1760,T
4-HA,1199,0,1766,0,3,1769,T
4-HA,1200,0,3,1779,0,1782,G
4-HA,1201,1773,1,0,0,1774,A
4-HA,1202,1,1772,1,1,1775,T
4-HA,1203,3,6,0,1770,1779,C
4-HA,1204,1,3,1771,1,1776,G
4-HA,1205,1,5,1767,0,1773,G
4-HA,1206,0,0,1790,1,1791,G
4-HA,1207,1778,0,0,0,1778,A
4-HA,1208,1778,0,1,0,1779,A
4-HA,1209,1767,0,4,0,1771,A
4-HA,1210,1779,1,0,0,1780,A
4-HA,1211,3,1,0,1777,1781,C
4-HA,1212,5,0,0,1774,1779,C
4-HA,1213,1769,1,1,0,1771,A
4-HA,1214,1768,0,0,0,1768,A
4-HA,1215,0,0,0,1771,1771,C
4-HA,1216,2,2,1769,0,1773,G
4-HA,1217,1777,1,1,0,1779,A
4-HA,1218,0,0,1780,0,1780,G
4-HA,1219,1774,1,0,0,1775,A
4-HA,1220,1769,1,1,0,1771,A
4-HA,1221,1775,0,0,0,1775,A
4-HA,1222,1,1776,0,1,1778,T
4-HA,1223,1,1774,0,2,1777,T
4-HA,1224,2,1,0,1783,1786,C
4-HA,1225,5,2,0,1766,1773,C
4-HA,1226,1775,1,1,0,1777,A
4-HA,1227,1,1765,0,0,1766,T
4-HA,1228,2,0,0,1775,1777,C
4-HA,1229,1765,0,1,0,1766,A
4-HA,1230,1,0,1773,0,1774,G
4-HA,1231,1763,0,2,0,1765,A
4-HA,1232,1,1762,0,0,1763,T
4-HA,1233,1,1757,0,0,1758,T
4-HA,1234,0,0,1770,0,1770,G
4-HA,1235,1772,0,0,0,1772,A
4-HA,1236,1770,0,1,0,1771,A
4-HA,1237,1773,0,1,0,1774,A
4-HA,1238,1773,0,0,0,1773,A
4-HA,1239,1745,0,3,0,1748,A
4-HA,1240,1,1,1752,0,1754,G
4-HA,1241,1744,0,1,0,1745,A
4-HA,1242,1752,1,1,0,1754,A
4-HA,1243,0,1740,0,1,1741,T
4-HA,1244,0,1743,0,2,1745,T
4-HA,1245,3,0,0,1746,1749,C
4-HA,1246,0,1747,0,2,1749,T
4-HA,1247,0,1,0,1745,1746,C
4-HA,1248,1747,1,1,1,1750,A
4-HA,1249,0,3,1747,0,1750,G
4-HA,1250,1746,0,0,1,1747,A
4-HA,1251,1738,0,1,0,1739,A
4-HA,1252,0,1,1750,1,1752,G
4-HA,1253,0,1746,0,0,1746,T
4-HA,1254,3,0,0,1743,1746,C
4-HA,1255,0,3,1744,0,1747,G
4-HA,1256,1739,0,9,0,1748,A
4-HA,1257,1741,1,2,1,1745,A
4-HA,1258,0,2,1744,1,1747,G
4-HA,1259,0,3,1757,0,1760,G
4-HA,1260,1,3,1756,1,1761,G
4-HA,1261,1720,1,6,0,1727,A
4-HA,1262,0,3,1729,0,1732,G
4-HA,1263,1724,1,3,1,1729,A
4-HA,1264,1852,0,0,1,1853,A
4-HA,1265,0,1860,0,0,1860,T
4-HA,1266,0,1852,0,1,1853,T
4-HA,1267,2,1,0,1851,1854,C
4-HA,1268,1814,1,2,0,1817,A
4-HA,1269,2,3,1814,0,1819,G
4-HA,1270,0,3,1814,0,1817,G
4-HA,1271,1825,0,2,0,1827,A
4-HA,1272,1,0,0,1833,1834,C
4-HA,1273,3,0,0,1689,1692,C
4-HA,1274,1,1679,0,2,1682,T
4-HA,1275,0,1643,0,41,1684,T
4-HA,1276,0,4,1698,0,1702,G
4-HA,1277,1699,1,0,0,1700,A
4-HA,1278,0,2,1734,0,1736,G
4-HA,1279,1721,0,0,0,1721,A
4-HA,1280,1653,0,0,0,1653,A
4-HA,1281,1643,1,2,0,1646,A
4-HA,1282,0,1639,0,0,1639,T
4-HA,1283,1704,0,2,0,1706,A
4-HA,1284,0,1707,0,0,1707,T
4-HA,1285,0,0,1725,0,1725,G
4-HA,1286,0,1722,0,2,1724,T
4-HA,1287,2,1672,0,0,1674,T
4-HA,1288,2,1,1684,0,1687,G
4-HA,1289,1668,0,1,0,1669,A
4-HA,1290,0,6,1671,0,1677,G
4-HA,1291,0,3,1666,0,1669,G
4-HA,1292,1635,1,0,0,1636,A
4-HA,1293,1,1,0,1676,1678,C
4-HA,1294,1651,0,0,0,1651,A
4-HA,1295,0,0,0,1698,1698,C
4-HA,1296,1,0,0,1693,1694,C
4-HA,1297,1694,1,1,1,1697,A
4-HA,1298,1733,0,0,0,1733,A
4-HA,1299,1726,0,1,0,1727,A
4-HA,1300,1745,0,0,1,1746,A
4-HA,1301,0,1743,0,0,1743,T
4-HA,1302,1684,0,0,1,1685,A
4-HA,1303,0,1,1691,0,1692,G
4-HA,1304,1674,1,2,0,1677,A
4-HA,1305,1,1687,0,2,1690,T
4-HA,1306,3,0,0,1687,1690,C
4-HA,1307,0,1669,0,1,1670,T
4-HA,1308,1,0,0,1712,1713,C
4-HA,1309,0,1712,0,2,1714,T
4-HA,1310,0,4,1755,0,1759,G
4-HA,1311,0,0,1803,0,1803,G
4-HA,1312,1,1795,0,0,1796,T
4-HA,1313,7,2,0,1792,1801,C
4-HA,1314,1819,0,1,0,1820,A
4-HA,1315,0,1820,0,2,1822,T
4-HA,1316,1825,0,1,0,1826,A
4-HA,1317,2,0,0,1820,1822,C
4-HA,1318,1764,1,2,0,1767,A
4-HA,1319,1780,0,2,0,1782,A
4-HA,1320,0,1,0,1728,1729,C
4-HA,1321,0,0,1729,0,1729,G
4-HA,1322,1,1,0,1726,1728,C
4-HA,1323,1,4,1710,0,1715,G
4-HA,1324,0,2,1716,0,1718,G
4-HA,1325,1721,0,1,0,1722,A
4-HA,1326,1,1,1751,0,1753,G
4-HA,1327,0,1,0,1753,1754,C
4-HA,1328,0,1731,0,8,1739,T
4-HA,1329,0,1750,1,2,1753,T
4-HA,1330,1,1,0,1752,1754,C
4-HA,1331,1,1763,0,2,1766,T
4-HA,1332,0,1766,0,0,1766,T
4-HA,1333,0,1,1754,0,1755,G
4-HA,1334,0,1744,1,3,1748,T
4-HA,1335,1,1710,1,0,1712,T
4-HA,1336,1,2,1751,1,1755,G
4-HA,1337,2,1,0,1753,1756,C
4-HA,1338,4,0,0,1744,1748,C
4-HA,1339,4,0,0,1757,1761,C
4-HA,1340,0,1751,1,3,1755,T
4-HA,1341,0,4,1769,0,1773,G
4-HA,1342,0,2,1771,0,1773,G
4-HA,1343,1771,0,0,0,1771,A
4-HA,1344,0,4,1775,0,1779,G
4-HA,1345,1733,0,0,0,1733,A
4-HA,1346,1743,0,3,0,1746,A
4-HA,1347,1,1,0,1764,1766,C
4-HA,1348,0,0,0,1757,1757,C
4-HA,1349,1759,0,3,0,1762,A
4-HA,1350,1837,0,0,0,1837,A
4-HA,1351,2,1,0,1843,1846,C
4-HA,1352,1858,0,1,0,1859,A
4-HA,1353,0,1851,1,1,1853,T
4-HA,1354,1848,0,3,1,1852,A
4-HA,1355,0,0,0,1893,1893,C
4-HA,1356,1851,0,0,0,1851,A
4-HA,1357,1855,0,0,0,1855,A
4-HA,1358,3,1846,0,0,1849,T
4-HA,1359,0,1772,0,1,1773,T
4-HA,1360,0,1,1792,0,1793,G
4-HA,1361,1811,0,0,0,1811,A
4-HA,1362,1,1796,0,5,1802,T
4-HA,1363,1,0,0,1817,1818,C
4-HA,1364,0,1787,0,0,1787,T
4-HA,1365,1807,0,1,0,1808,A
4-HA,1366,1805,1,1,0,1807,A
4-HA,1367,1,0,0,1808,1809,C
4-HA,1368,0,1789,0,2,1791,T
4-HA,1369,0,8,1766,0,1774,G
4-HA,1370,1776,0,0,0,1776,A
4-HA,1371,0,0,0,1780,1780,C
4-HA,1372,0,1768,0,1,1769,T
4-HA,1373,3,1,0,1776,1780,C
4-HA,1374,1770,0,0,0,1770,A
4-HA,1375,0,1,1794,0,1795,G
4-HA,1376,1796,0,0,0,1796,A
4-HA,1377,1793,1,0,0,1794,A
4-HA,1378,1799,0,0,0,1799,A
4-HA,1379,1,1779,0,3,1783,T
4-HA,1380,0,10,1790,0,1800,G
4-HA,1381,1792,3,1,0,1796,A
4-HA,1382,1798,0,1,0,1799,A
4-HA,1383,1,1,0,1794,1796,C
4-HA,1384,1764,0,0,0,1764,A
4-HA,1385,1767,2,0,0,1769,A
4-HA,1386,1761,1,1,0,1763,A
4-HA,1387,0,0,0,1775,1775,C
4-HA,1388,0,1759,0,0,1759,T
4-HA,1389,0,0,1773,0,1773,G
4-HA,1390,1,1752,0,2,1755,T
4-HA,1391,0,1753,0,1,1754,T
4-HA,1392,0,1754,0,0,1754,T
4-HA,1393,2,1,1757,0,1760,G
4-HA,1394,1759,0,0,0,1759,A
4-HA,1395,1761,0,0,0,1761,A
4-HA,1396,1749,0,2,0,1751,A
4-HA,1397,1748,0,1,0,1749,A
4-HA,1398,1735,1,0,1,1737,A
4-HA,1399,1748,0,0,0,1748,A
4-HA,1400,0,0,1,1753,1754,C
4-HA,1401,1754,0,0,0,1754,A
4-HA,1402,1752,0,0,0,1752,A
4-HA,1403,1752,0,1,0,1753,A
4-HA,1404,0,0,1757,0,1757,G
4-HA,1405,1757,1,0,0,1758,A
4-HA,1406,1748,1,1,0,1750,A
4-HA,1407,1,0,1755,0,1756,G
4-HA,1408,0,0,0,1753,1753,C
4-HA,1409,1744,1,1,0,1746,A
4-HA,1410,1749,0,3,0,1752,A
4-HA,1411,1,0,0,1751,1752,C
4-HA,1412,0,1743,0,2,1745,T
4-HA,1413,0,1,1751,0,1752,G
4-HA,1414,1743,0,1,0,1744,A
4-HA,1415,0,2,1754,0,1756,G
4-HA,1416,1,3,1753,0,1757,G
4-HA,1417,0,2,1753,0,1755,G
4-HA,1418,1753,0,3,0,1756,A
4-HA,1419,1743,1,1,1,1746,A
4-HA,1420,1739,1,0,0,1740,A
4-HA,1421,1754,0,0,0,1754,A
4-HA,1422,0,1748,0,0,1748,T
4-HA,1423,0,1,1761,0,1762,G
4-HA,1424,0,0,0,1755,1755,C
4-HA,1425,0,1745,0,0,1745,T
4-HA,1426,0,1,1750,0,1751,G
4-HA,1427,1743,1,2,0,1746,A
4-HA,1428,0,3,1848,0,1851,G
4-HA,1429,0,2,1872,0,1874,G
4-HA,1430,1855,0,2,0,1857,A
4-HA,1431,0,1849,0,1,1850,T
4-HA,1432,1835,1,1,1,1838,A
4-HA,1433,0,1834,0,0,1834,T
4-HA,1434,20,2,1829,0,1851,G
4-HA,1435,0,4,1859,0,1863,G
4-HA,1436,1,0,1866,0,1867,G
4-HA,1437,10,0,1,1751,1762,C
4-HA,1438,1705,0,0,0,1705,A
4-HA,1439,1708,0,0,0,1708,A
4-HA,1440,1,1702,0,1,1704,T
4-HA,1441,1,6,1698,0,1705,G
4-HA,1442,1,0,1706,0,1707,G
4-HA,1443,1,1670,0,0,1671,T
4-HA,1444,0,1633,0,1,1634,T
4-HA,1445,1,0,1640,0,1641,G
4-HA,1446,0,1641,0,0,1641,T
4-HA,1447,1,1632,1,2,1636,T
4-HA,1448,0,1640,0,0,1640,T
4-HA,1449,0,1,0,1640,1641,C
4-HA,1450,1644,0,0,0,1644,A
4-HA,1451,1650,1,0,0,1651,A
4-HA,1452,1653,0,0,0,1653,A
4-HA,1453,1673,0,0,0,1673,A
4-HA,1454,1,1660,0,1,1662,T
4-HA,1455,1650,0,0,1,1651,A
4-HA,1456,0,1654,0,3,1657,T
4-HA,1457,1654,0,0,0,1654,A
4-HA,1458,0,0,0,1667,1667,C
4-HA,1459,6,1,0,1646,1653,C
4-HA,1460,1654,1,0,0,1655,A
4-HA,1461,0,1,0,1656,1657,C
4-HA,1462,1658,0,0,0,1658,A
4-HA,1463,1673,0,0,0,1673,A
4-HA,1464,1675,0,0,0,1675,A
4-HA,1465,0,1667,0,1,1668,T
4-HA,1466,1,0,1676,0,1677,G
4-HA,1467,0,1655,0,6,1661,T
4-HA,1468,0,6,1673,0,1679,G
4-HA,1469,1674,2,2,0,1678,A
4-HA,1470,0,0,0,1667,1667,C
4-HA,1471,1640,1,0,0,1641,A
4-HA,1472,1638,0,0,0,1638,A
4-HA,1473,1,1673,0,0,1674,T
4-HA,1474,0,0,1683,0,1683,G
4-HA,1475,2,1,0,1670,1673,C
4-HA,1476,3,1,0,1676,1680,C
4-HA,1477,0,1668,0,2,1670,T
4-HA,1478,1,1,1748,0,1750,G
4-HA,1479,0,0,0,1753,1753,C
4-HA,1480,1758,0,0,0,1758,A
4-HA,1481,0,1753,0,1,1754,T
4-HA,1482,1697,0,2,0,1699,A
4-HA,1483,0,4,1700,0,1704,G
4-HA,1484,0,2,1695,0,1697,G
4-HA,1485,1681,0,1,0,1682,A
4-HA,1486,0,1679,0,0,1679,T
4-HA,1487,3,0,0,1586,1589,C
4-HA,1488,1591,0,1,0,1592,A
4-HA,1489,1601,0,0,0,1601,A
4-HA,1490,0,1600,0,0,1600,T
4-HA,1491,0,0,0,1601,1601,C
4-HA,1492,1561,2,0,0,1563,A
4-HA,1493,1,2,1567,0,1570,G
4-HA,1494,1573,0,1,0,1574,A
4-HA,1495,1576,0,1,0,1577,A
4-HA,1496,1573,0,1,0,1574,A
4-HA,1497,0,1569,0,0,1569,T
4-HA,1498,0,3,1562,0,1565,G
4-HA,1499,0,8,1551,0,1559,G
4-HA,1500,1562,0,0,0,1562,A
4-HA,1501,1566,0,1,0,1567,A
4-HA,1502,0,0,0,1573,1573,C
4-HA,1503,0,1560,0,0,1560,T
4-HA,1504,0,1570,0,0,1570,T
4-HA,1505,1568,0,1,0,1569,A
4-HA,1506,0,1571,0,0,1571,T
4-HA,1507,0,5,1561,0,1566,G
4-HA,1508,1569,0,3,0,1572,A
4-HA,1509,0,0,0,1565,1565,C
4-HA,1510,3,0,1,1548,1552,C
4-HA,1511,1558,0,0,1,1559,A
4-HA,1512,0,0,0,1589,1589,C
4-HA,1513,1,1,1647,0,1649,G
4-HA,1514,1676,0,2,0,1678,A
4-HA,1515,0,1695,0,0,1695,T
4-HA,1516,0,0,1757,0,1757,G
4-HA,1517,0,1748,0,1,1749,T
4-HA,1518,1809,0,1,0,1810,A
4-HA,1519,0,1803,0,5,1808,T
4-HA,1520,1802,0,0,0,1802,A
4-HA,1521,1,0,0,1792,1793,C
4-HA,1522,1593,0,1,0,1594,A
4-HA,1523,0,1,1616,0,1617,G
4-HA,1524,1532,0,0,0,1532,A
4-HA,1525,0,2,1471,0,1473,G
4-HA,1526,1467,0,0,0,1467,A
4-HA,1527,0,1359,0,1,1360,T
4-HA,1528,0,0,1359,0,1359,G
4-HA,1529,1355,0,1,0,1356,A
4-HA,1530,1352,0,2,0,1354,A
4-HA,1531,0,1,1377,0,1378,G
4-HA,1532,2,0,0,1337,1339,C
4-HA,1533,1331,0,1,0,1332,A
4-HA,1534,0,1326,0,1,1327,T
4-HA,1535,0,1322,0,0,1322,T
4-HA,1536,1327,0,0,0,1327,A
4-HA,1537,1325,0,0,1,1326,A
4-HA,1538,1327,0,0,1,1328,A
4-HA,1539,0,0,0,1329,1329,C
4-HA,1540,1286,0,0,0,1286,A
4-HA,1541,1288,0,1,0,1289,A
4-HA,1542,0,1,0,1289,1290,C
4-HA,1543,7,1,0,1274,1282,C
4-HA,1544,2,1,1278,0,1281,G
4-HA,1545,0,0,1298,0,1298,G
4-HA,1546,0,1301,0,1,1302,T
4-HA,1547,1,1290,0,3,1294,T
4-HA,1548,1,0,0,1297,1298,C
4-HA,1549,0,1,0,1301,1302,C
4-HA,1550,1285,0,2,0,1287,A
4-HA,1551,0,1,1304,0,1305,G
4-HA,1552,1303,0,0,0,1303,A
4-HA,1553,0,1299,0,1,1300,T
4-HA,1554,2,1,0,1235,1238,C
4-HA,1555,1231,1,0,0,1232,A
4-HA,1556,1232,0,0,0,1232,A
4-HA,1557,0,3,1230,1,1234,G
4-HA,1558,0,1,1232,0,1233,G
4-HA,1559,0,1,1228,0,1229,G
4-HA,1560,1187,0,3,0,1190,A
4-HA,1561,0,0,1201,0,1201,G
4-HA,1562,0,1201,0,1,1202,T
4-HA,1563,0,1200,0,1,1201,T
4-HA,1564,1,2,1202,1,1206,G
4-HA,1565,1194,0,2,0,1196,A
4-HA,1566,1,0,1204,0,1205,G
4-HA,1567,0,0,0,1202,1202,C
4-HA,1568,0,1180,0,1,1181,T
4-HA,1569,0,1,1183,1,1185,G
4-HA,1570,1179,0,0,0,1179,A
4-HA,1571,1182,0,1,0,1183,A
4-HA,1572,0,0,1184,0,1184,G
4-HA,1573,1,1157,0,0,1158,T
4-HA,1574,3,0,0,1157,1160,C
4-HA,1575,1139,0,0,0,1139,A
4-HA,1576,1,4,1142,0,1147,G
4-HA,1577,0,2,1134,0,1136,G
4-HA,1578,1127,0,1,0,1128,A
4-HA,1579,0,1133,0,0,1133,T
4-HA,1580,1120,0,3,0,1123,A
4-HA,1581,0,1,0,1121,1122,C
4-HA,1582,1112,1,0,0,1113,A
4-HA,1583,1117,0,0,0,1117,A
4-HA,1584,1107,0,0,0,1107,A
4-HA,1585,0,1,1108,0,1109,G
4-HA,1586,1077,0,0,0,1077,A
4-HA,1587,0,1065,0,0,1065,T
4-HA,1588,0,1053,0,4,1057,T
4-HA,1589,1,0,1058,0,1059,G
4-HA,1590,0,0,1053,0,1053,G
4-HA,1591,1052,0,1,0,1053,A
4-HA,1592,0,1058,0,1,1059,T
4-HA,1593,1,0,0,1047,1048,C
4-HA,1594,2,0,0,1039,1041,C
4-HA,1595,0,1025,0,0,1025,T
4-HA,1596,1034,0,0,0,1034,A
4-HA,1597,0,1032,0,0,1032,T
4-HA,1598,1,1,1029,0,1031,G
4-HA,1599,0,0,1027,0,1027,G
4-HA,1600,983,0,8,0,991,A
4-HA,1601,0,989,1,1,991,T
4-HA,1602,0,977,0,0,977,T
4-HA,1603,0,978,0,1,979,T
4-HA,1604,0,0,0,980,980,C
4-HA,1605,1,0,0,977,978,C
4-HA,1606,0,957,0,1,958,T
4-HA,1607,0,959,0,0,959,T
4-HA,1608,0,950,0,0,950,T
4-HA,1609,0,0,958,0,958,G
4-HA,1610,0,1,0,960,961,C
4-HA,1611,3,0,0,958,961,C
4-HA,1612,940,0,0,0,940,A
4-HA,1613,0,931,0,1,932,T
4-HA,1614,938,0,0,0,938,A
4-HA,1615,0,937,0,0,937,T
4-HA,1616,3,0,0,926,929,C
4-HA,1617,926,0,1,0,927,A
4-HA,1618,1,914,0,1,916,T
4-HA,1619,0,0,920,0,920,G
4-HA,1620,0,909,0,1,910,T
4-HA,1621,0,900,0,0,900,T
4-HA,1622,0,896,0,2,898,T
4-HA,1623,0,885,0,0,885,T
4-HA,1624,0,886,0,0,886,T
4-HA,1625,0,882,0,0,882,T
4-HA,1626,0,0,885,0,885,G
4-HA,1627,0,0,0,883,883,C
4-HA,1628,1,862,0,0,863,T
4-HA,1629,0,863,1,0,864,T
4-HA,1630,0,856,0,0,856,T
4-HA,1631,0,0,868,0,868,G
4-HA,1632,0,870,0,0,870,T
4-HA,1633,1,0,867,0,868,G
4-HA,1634,0,861,0,5,866,T
4-HA,1635,0,855,0,0,855,T
4-HA,1636,0,1,859,0,860,G
4-HA,1637,0,0,0,857,857,C
4-HA,1638,0,854,0,1,855,T
4-HA,1639,0,857,0,0,857,T
4-HA,1640,0,801,1,1,803,T
4-HA,1641,1,1,805,0,807,G
4-HA,1642,0,806,0,0,806,T
4-HA,1643,0,802,0,1,803,T
4-HA,1644,0,2,801,0,803,G
4-HA,1645,1,3,783,0,787,G
4-HA,1646,0,1,790,0,791,G
4-HA,1647,0,0,796,0,796,G
4-HA,1648,0,755,0,3,758,T
4-HA,1649,0,746,0,3,749,T
4-HA,1650,3,0,0,738,741,C
4-HA,1651,733,0,0,0,733,A
4-HA,1652,0,739,0,0,739,T
4-HA,1653,3,0,0,735,738,C
4-HA,1654,725,0,0,0,725,A
4-HA,1655,1,698,0,1,700,T
4-HA,1656,1,0,695,0,696,G
4-HA,1657,0,681,0,1,682,T
4-HA,1658,0,2,670,1,673,G
4-HA,1659,0,1,652,0,653,G
4-HA,1660,0,0,649,0,649,G
4-HA,1661,0,0,0,630,630,C
4-HA,1662,1,0,0,609,610,C
4-HA,1663,0,563,0,0,563,T
4-HA,1664,0,0,565,0,565,G
4-HA,1665,0,0,0,564,564,C
4-HA,1666,1,0,0,563,564,C
4-HA,1667,561,0,0,0,561,A
4-HA,1668,558,0,0,0,558,A
4-HA,1669,559,0,0,0,559,A
4-HA,1670,555,0,1,0,556,A
4-HA,1671,556,1,2,0,559,A
4-HA,1672,0,0,559,0,559,G
4-HA,1673,0,0,538,0,538,G
4-HA,1674,0,1,0,535,536,C
4-HA,1675,534,0,0,0,534,A
4-HA,1676,540,0,0,0,540,A
4-HA,1677,0,0,0,542,542,C
4-HA,1678,541,0,0,0,541,A
4-HA,1679,0,540,0,0,540,T
4-HA,1680,0,537,0,1,538,T
4-HA,1681,525,0,0,0,525,A
4-HA,1682,0,0,522,0,522,G
4-HA,1683,0,0,523,0,523,G
4-HA,1684,0,504,0,1,505,T
4-HA,1685,0,0,470,0,470,G
4-HA,1686,0,1,0,453,454,C
4-HA,1687,446,0,0,0,446,A
4-HA,1688,447,0,0,0,447,A
4-HA,1689,0,0,0,446,446,C
4-HA,1690,441,0,0,0,441,A
4-HA,1691,0,431,0,0,431,T
4-HA,1692,0,403,0,0,403,T
4-HA,1693,0,400,0,1,401,T
4-HA,1694,0,0,398,1,399,G
4-HA,1695,0,0,0,397,397,C
4-HA,1696,397,0,0,0,397,A
4-HA,1697,0,378,0,1,379,T
4-HA,1698,0,371,0,0,371,T
4-HA,1699,0,355,0,0,355,T
4-HA,1700,0,0,355,0,355,G
4-HA,1701,335,0,0,0,335,A
5-NP,1,112,0,0,0,112,A
5-NP,2,0,114,0,0,114,T
5-NP,3,0,0,114,0,114,G
5-NP,4,0,0,115,0,115,G
5-NP,5,0,0,0,115,115,C
5-NP,6,0,0,118,0,118,G
5-NP,7,0,131,0,0,131,T
5-NP,8,0,0,0,133,133,C
5-NP,9,0,0,0,135,135,C
5-NP,10,0,0,0,135,135,C
5-NP,11,135,0,0,0,135,A
5-NP,12,135,0,0,0,135,A
5-NP,13,0,0,137,0,137,G
5-NP,14,0,0,139,0,139,G
5-NP,15,0,0,0,139,139,C
5-NP,16,141,0,0,0,141,A
5-NP,17,0,0,0,144,144,C
5-NP,18,0,0,0,144,144,C
5-NP,19,144,0,0,0,144,A
5-NP,20,143,0,0,0,143,A
5-NP,21,145,0,0,0,145,A
5-NP,22,0,0,0,145,145,C
5-NP,23,0,1,144,0,145,G
5-NP,24,0,0,158,0,158,G
5-NP,25,0,158,0,0,158,T
5-NP,26,0,0,0,169,169,C
5-NP,27,0,169,0,0,169,T
5-NP,28,0,170,0,0,170,T
5-NP,29,172,0,0,0,172,A
5-NP,30,0,172,0,0,172,T
5-NP,31,0,0,175,0,175,G
5-NP,32,173,1,1,0,175,A
5-NP,33,173,0,0,0,173,A
5-NP,34,0,0,0,174,174,C
5-NP,35,173,0,0,0,173,A
5-NP,36,0,0,190,0,190,G
5-NP,37,191,0,0,0,191,A
5-NP,38,0,191,0,0,191,T
5-NP,39,0,1,189,0,190,G
5-NP,40,0,0,190,0,190,G
5-NP,41,191,0,0,0,191,A
5-NP,42,193,0,0,0,193,A
5-NP,43,192,0,0,0,192,A
5-NP,44,0,0,0,194,194,C
5-NP,45,0,192,0,0,192,T
5-NP,46,0,0,193,0,193,G
5-NP,47,190,1,0,0,191,A
5-NP,48,0,192,0,0,192,T
5-NP,49,0,0,192,0,192,G
5-NP,50,0,0,193,0,193,G
5-NP,51,0,0,194,0,194,G
5-NP,52,0,0,196,0,196,G
5-NP,53,195,0,0,0,195,A
5-NP,54,1,195,0,0,196,T
5-NP,55,0,1,0,197,198,C
5-NP,56,0,0,197,0,197,G
5-NP,57,0,0,0,197,197,C
5-NP,58,0,0,0,198,198,C
5-NP,59,196,0,0,0,196,A
5-NP,60,0,0,196,0,196,G
5-NP,61,197,0,0,0,197,A
5-NP,62,197,0,0,0,197,A
5-NP,63,0,197,0,0,197,T
5-NP,64,0,0,197,0,197,G
5-NP,65,0,0,0,199,199,C
5-NP,66,198,0,0,0,198,A
5-NP,67,204,0,0,0,204,A
5-NP,68,0,0,0,204,204,C
5-NP,69,0,199,0,4,203,T
5-NP,70,0,0,204,0,204,G
5-NP,71,203,1,0,0,204,A
5-NP,72,0,0,216,0,216,G
5-NP,73,215,0,0,0,215,A
5-NP,74,0,216,0,0,216,T
5-NP,75,0,215,0,0,215,T
5-NP,76,213,0,0,0,213,A
5-NP,77,0,0,215,0,215,G
5-NP,78,0,0,216,0,216,G
5-NP,79,0,0,214,0,214,G
5-NP,80,0,0,0,213,213,C
5-NP,81,212,0,0,0,212,A
5-NP,82,0,212,0,0,212,T
5-NP,83,0,0,0,211,211,C
5-NP,84,0,0,0,211,211,C
5-NP,85,0,0,212,0,212,G
5-NP,86,0,212,0,0,212,T
5-NP,87,0,0,0,211,211,C
5-NP,88,0,0,211,0,211,G
5-NP,89,0,0,210,0,210,G
5-NP,90,0,1,210,0,211,G
5-NP,91,211,0,0,0,211,A
5-NP,92,211,0,0,0,211,A
5-NP,93,0,0,212,0,212,G
5-NP,94,209,0,0,0,209,A
5-NP,95,0,211,0,0,211,T
5-NP,96,0,1,212,0,213,G
5-NP,97,213,0,0,0,213,A
5-NP,98,0,214,0,0,214,T
5-NP,99,0,212,0,0,212,T
5-NP,100,0,0,213,0,213,G
5-NP,101,214,0,0,0,214,A
5-NP,102,0,214,0,0,214,T
5-NP,103,1,1,211,0,213,G
5-NP,104,0,0,212,0,212,G
5-NP,105,0,0,210,0,210,G
5-NP,106,225,0,0,0,225,A
5-NP,107,0,227,0,0,227,T
5-NP,108,0,226,0,0,226,T
5-NP,109,0,0,233,0,233,G
5-NP,110,0,0,234,0,234,G
5-NP,111,0,0,232,0,232,G
5-NP,112,234,0,0,0,234,A
5-NP,113,0,0,235,0,235,G
5-NP,114,234,0,0,0,234,A
5-NP,115,0,240,0,0,240,T
5-NP,116,0,241,0,0,241,T
5-NP,117,0,0,0,240,240,C
5-NP,118,0,240,0,0,240,T
5-NP,119,243,0,0,0,243,A
5-NP,120,3,0,0,240,243,C
5-NP,121,246,0,0,0,246,A
5-NP,122,0,246,0,0,246,T
5-NP,123,0,0,0,245,245,C
5-NP,124,0,0,0,249,249,C
5-NP,125,250,0,0,0,250,A
5-NP,126,260,0,0,0,260,A
5-NP,127,259,0,0,0,259,A
5-NP,128,0,258,0,0,258,T
5-NP,129,0,1,259,0,260,G
5-NP,130,0,258,0,0,258,T
5-NP,131,1,0,258,0,259,G
5-NP,132,0,0,0,261,261,C
5-NP,133,260,0,0,0,260,A
5-NP,134,0,0,0,262,262,C
5-NP,135,0,258,0,0,258,T
5-NP,136,1,0,268,0,269,G
5-NP,137,275,0,0,0,275,A
5-NP,138,276,0,0,0,276,A
5-NP,139,0,0,0,278,278,C
5-NP,140,1,277,0,0,278,T
5-NP,141,0,280,0,0,280,T
5-NP,142,279,0,0,0,279,A
5-NP,143,279,0,0,0,279,A
5-NP,144,282,0,0,0,282,A
5-NP,145,0,0,0,282,282,C
5-NP,146,0,269,0,0,269,T
5-NP,147,2,0,0,265,267,C
5-NP,148,269,0,0,0,269,A
5-NP,149,0,0,269,0,269,G
5-NP,150,0,268,0,0,268,T
5-NP,151,0,0,274,0,274,G
5-NP,152,273,0,1,0,274,A
5-NP,153,0,277,0,0,277,T
5-NP,154,0,0,0,279,279,C
5-NP,155,278,0,0,0,278,A
5-NP,156,0,278,0,0,278,T
5-NP,157,0,1,279,0,280,G
5-NP,158,276,0,1,0,277,A
5-NP,159,279,0,0,0,279,A
5-NP,160,0,0,279,0,279,G
5-NP,161,0,0,275,0,275,G
5-NP,162,0,0,278,0,278,G
5-NP,163,0,0,0,276,276,C
5-NP,164,0,0,278,0,278,G
5-NP,165,0,0,280,0,280,G
5-NP,166,0,280,0,0,280,T
5-NP,167,0,280,0,0,280,T
5-NP,168,0,1,280,0,281,G
5-NP,169,310,0,0,0,310,A
5-NP,170,0,310,0,0,310,T
5-NP,171,0,0,0,309,309,C
5-NP,172,0,0,0,313,313,C
5-NP,173,311,0,0,0,311,A
5-NP,174,0,1,310,0,311,G
5-NP,175,311,0,0,0,311,A
5-NP,176,312,0,0,0,312,A
5-NP,177,0,0,0,315,315,C
5-NP,178,296,0,0,0,296,A
5-NP,179,0,0,300,0,300,G
5-NP,180,0,0,0,299,299,C
5-NP,181,0,300,0,0,300,T
5-NP,182,0,301,0,0,301,T
5-NP,183,0,0,298,0,298,G
5-NP,184,304,0,0,0,304,A
5-NP,185,0,0,0,305,305,C
5-NP,186,302,0,0,0,302,A
5-NP,187,300,0,0,0,300,A
5-NP,188,0,297,0,0,297,T
5-NP,189,295,0,0,0,295,A
5-NP,190,0,0,296,0,296,G
5-NP,191,297,0,0,0,297,A
5-NP,192,0,0,299,0,299,G
5-NP,193,297,0,1,0,298,A
5-NP,194,305,0,0,0,305,A
5-NP,195,304,0,0,0,304,A
5-NP,196,308,0,0,0,308,A
5-NP,197,0,310,0,0,310,T
5-NP,198,1,0,311,0,312,G
5-NP,199,0,0,313,0,313,G
5-NP,200,0,312,0,0,312,T
5-NP,201,309,0,0,0,309,A
5-NP,202,0,0,0,313,313,C
5-NP,203,0,311,0,0,311,T
5-NP,204,1,0,0,313,314,C
5-NP,205,0,309,0,0,309,T
5-NP,206,0,0,0,313,313,C
5-NP,207,0,311,0,0,311,T
5-NP,208,0,0,315,0,315,G
5-NP,209,0,0,0,314,314,C
5-NP,210,0,315,0,0,315,T
5-NP,211,0,314,0,0,314,T
5-NP,212,0,314,0,0,314,T
5-NP,213,0,312,0,0,312,T
5-NP,214,0,0,313,1,314,G
5-NP,215,311,0,1,0,312,A
5-NP,216,0,310,0,0,310,T
5-NP,217,0,0,310,0,310,G
5-NP,218,307,0,0,0,307,A
5-NP,219,307,0,0,0,307,A
5-NP,220,308,0,0,0,308,A
5-NP,221,0,1,310,0,311,G
5-NP,222,309,0,0,0,309,A
5-NP,223,305,0,0,0,305,A
5-NP,224,0,0,307,0,307,G
5-NP,225,0,2,317,0,319,G
5-NP,226,318,0,0,0,318,A
5-NP,227,317,0,0,0,317,A
5-NP,228,0,317,0,1,318,T
5-NP,229,318,0,0,0,318,A
5-NP,230,320,0,0,0,320,A
5-NP,231,322,0,0,0,322,A
5-NP,232,0,324,0,0,324,T
5-NP,233,323,0,0,0,323,A
5-NP,234,0,0,0,326,326,C
5-NP,235,1,0,0,322,323,C
5-NP,236,0,322,0,0,322,T
5-NP,237,0,0,321,1,322,G
5-NP,238,0,0,325,0,325,G
5-NP,239,326,0,0,0,326,A
5-NP,240,324,0,0,0,324,A
5-NP,241,0,0,327,0,327,G
5-NP,242,319,0,0,0,319,A
5-NP,243,321,0,0,0,321,A
5-NP,244,0,1,0,322,323,C
5-NP,245,324,0,0,0,324,A
5-NP,246,0,1,0,334,335,C
5-NP,247,0,0,0,333,333,C
5-NP,248,0,0,0,334,334,C
5-NP,249,1,0,0,334,335,C
5-NP,250,331,0,0,0,331,A
5-NP,251,0,0,331,0,331,G
5-NP,252,0,0,0,328,328,C
5-NP,253,1,0,329,0,330,G
5-NP,254,0,0,0,330,330,C
5-NP,255,0,0,318,0,318,G
5-NP,256,0,1,318,0,319,G
5-NP,257,0,1,319,0,320,G
5-NP,258,0,0,321,0,321,G
5-NP,259,318,0,0,0,318,A
5-NP,260,315,0,0,0,315,A
5-NP,261,313,0,0,0,313,A
5-NP,262,0,0,317,0,317,G
5-NP,263,315,0,0,0,315,A
5-NP,264,0,310,0,2,312,T
5-NP,265,1,0,0,313,314,C
5-NP,266,1,0,0,311,312,C
5-NP,267,1,9,0,306,316,C
5-NP,268,316,1,0,0,317,A
5-NP,269,316,0,0,0,316,A
5-NP,270,0,0,319,0,319,G
5-NP,271,317,0,0,0,317,A
5-NP,272,319,0,0,0,319,A
5-NP,273,318,0,0,0,318,A
5-NP,274,318,1,0,0,319,A
5-NP,275,0,0,0,317,317,C
5-NP,276,0,315,0,0,315,T
5-NP,277,0,0,315,0,315,G
5-NP,278,1,0,315,0,316,G
5-NP,279,0,1,314,0,315,G
5-NP,280,0,0,318,0,318,G
5-NP,281,0,0,317,0,317,G
5-NP,282,0,0,320,0,320,G
5-NP,283,1,0,0,346,347,C
5-NP,284,1,0,0,344,345,C
5-NP,285,0,0,0,349,349,C
5-NP,286,387,0,0,0,387,A
5-NP,287,1,386,0,1,388,T
5-NP,288,406,0,0,0,406,A
5-NP,289,0,406,0,0,406,T
5-NP,290,400,0,0,0,400,A
5-NP,291,0,0,0,405,405,C
5-NP,292,382,0,0,0,382,A
5-NP,293,0,1,388,0,389,G
5-NP,294,0,0,390,0,390,G
5-NP,295,345,1,0,0,346,A
5-NP,296,0,0,350,0,350,G
5-NP,297,330,0,0,0,330,A
5-NP,298,0,0,333,0,333,G
5-NP,299,0,335,0,0,335,T
5-NP,300,332,0,0,0,332,A
5-NP,301,1,0,335,0,336,G
5-NP,302,329,0,0,0,329,A
5-NP,303,0,332,0,0,332,T
5-NP,304,0,0,331,0,331,G
5-NP,305,0,2,333,0,335,G
5-NP,306,329,0,0,0,329,A
5-NP,307,328,1,0,0,329,A
5-NP,308,329,0,0,0,329,A
5-NP,309,328,0,1,0,329,A
5-NP,310,0,328,0,0,328,T
5-NP,311,0,1,333,0,334,G
5-NP,312,0,0,335,0,335,G
5-NP,313,335,0,0,0,335,A
5-NP,314,0,332,0,0,332,T
5-NP,315,0,0,336,0,336,G
5-NP,316,339,0,0,0,339,A
5-NP,317,0,1,341,0,342,G
5-NP,318,1,1,336,0,338,G
5-NP,319,0,0,344,0,344,G
5-NP,320,356,0,0,0,356,A
5-NP,321,362,0,0,0,362,A
5-NP,322,0,0,0,378,378,C
5-NP,323,0,375,0,0,375,T
5-NP,324,1,0,0,388,389,C
5-NP,325,0,0,398,0,398,G
5-NP,326,0,407,0,0,407,T
5-NP,327,0,0,0,412,412,C
5-NP,328,0,0,0,531,531,C
5-NP,329,0,533,0,0,533,T
5-NP,330,0,545,0,0,545,T
5-NP,331,0,547,0,0,547,T
5-NP,332,551,0,0,0,551,A
5-NP,333,0,548,1,0,549,T
5-NP,334,1,3,549,0,553,G
5-NP,335,560,6,1,0,567,A
5-NP,336,0,0,0,572,572,C
5-NP,337,567,0,0,0,567,A
5-NP,338,573,0,0,0,573,A
5-NP,339,584,0,0,0,584,A
5-NP,340,0,0,633,0,633,G
5-NP,341,633,0,0,0,633,A
5-NP,342,631,0,2,0,633,A
5-NP,343,0,0,691,0,691,G
5-NP,344,698,0,0,0,698,A
5-NP,345,703,0,0,0,703,A
5-NP,346,700,0,0,0,700,A
5-NP,347,1,701,0,0,702,T
5-NP,348,703,0,0,0,703,A
5-NP,349,703,0,2,0,705,A
5-NP,350,0,0,717,0,717,G
5-NP,351,0,0,714,0,714,G
5-NP,352,1,1,0,712,714,C
5-NP,353,1,0,715,0,716,G
5-NP,354,723,0,0,0,723,A
5-NP,355,743,0,0,0,743,A
5-NP,356,0,754,0,0,754,T
5-NP,357,0,0,0,754,754,C
5-NP,358,0,756,0,0,756,T
5-NP,359,0,2,750,0,752,G
5-NP,360,0,1,751,0,752,G
5-NP,361,0,0,0,756,756,C
5-NP,362,0,0,756,0,756,G
5-NP,363,0,0,0,755,755,C
5-NP,364,0,0,0,756,756,C
5-NP,365,765,0,0,1,766,A
5-NP,366,786,0,0,1,787,A
5-NP,367,0,0,826,0,826,G
5-NP,368,0,0,0,832,832,C
5-NP,369,1,1,0,855,857,C
5-NP,370,856,0,0,0,856,A
5-NP,371,883,0,0,0,883,A
5-NP,372,0,0,0,898,898,C
5-NP,373,897,0,1,1,899,A
5-NP,374,938,0,0,0,938,A
5-NP,375,0,942,0,0,942,T
5-NP,376,1,3,980,1,985,G
5-NP,377,0,1,995,0,996,G
5-NP,378,0,992,0,0,992,T
5-NP,379,0,1,991,0,992,G
5-NP,380,986,0,1,1,988,A
5-NP,381,0,1,1045,0,1046,G
5-NP,382,0,2,1056,0,1058,G
5-NP,383,1081,0,2,0,1083,A
5-NP,384,1,1238,0,0,1239,T
5-NP,385,0,0,1268,0,1268,G
5-NP,386,0,0,0,1272,1272,C
5-NP,387,0,1276,0,0,1276,T
5-NP,388,1298,0,0,1,1299,A
5-NP,389,0,0,0,1328,1328,C
5-NP,390,1334,2,0,0,1336,A
5-NP,391,0,1337,0,0,1337,T
5-NP,392,1,0,0,1332,1333,C
5-NP,393,0,1288,0,1,1289,T
5-NP,394,0,1,1351,0,1352,G
5-NP,395,0,0,1394,0,1394,G
5-NP,396,0,1392,0,1,1393,T
5-NP,397,2,0,0,1399,1401,C
5-NP,398,0,1395,0,1,1396,T
5-NP,399,1429,0,0,1,1430,A
5-NP,400,1432,1,1,0,1434,A
5-NP,401,0,0,0,1459,1459,C
5-NP,402,0,1456,0,1,1457,T
5-NP,403,2,0,1,1473,1476,C
5-NP,404,1483,0,0,0,1483,A
5-NP,405,0,0,0,1558,1558,C
5-NP,406,1558,2,0,0,1560,A
5-NP,407,0,1568,0,0,1568,T
5-NP,408,1557,0,0,0,1557,A
5-NP,409,1559,0,0,2,1561,A
5-NP,410,0,1570,0,0,1570,T
5-NP,411,0,3,1582,0,1585,G
5-NP,412,1585,0,0,0,1585,A
5-NP,413,0,1574,0,1,1575,T
5-NP,414,0,1546,0,3,1549,T
5-NP,415,0,1552,0,2,1554,T
5-NP,416,3,5,1540,0,1548,G
5-NP,417,1,0,1558,0,1559,G
5-NP,418,0,0,1,1554,1555,C
5-NP,419,1564,0,0,1,1565,A
5-NP,420,0,1562,0,4,1566,T
5-NP,421,0,1562,0,1,1563,T
5-NP,422,1,0,0,1565,1566,C
5-NP,423,10,6,0,1552,1568,C
5-NP,424,1598,0,0,0,1598,A
5-NP,425,1599,0,1,1,1601,A
5-NP,426,0,1601,0,0,1601,T
5-NP,427,0,1600,0,0,1600,T
5-NP,428,0,1598,0,0,1598,T
5-NP,429,0,0,1616,0,1616,G
5-NP,430,1614,0,1,0,1615,A
5-NP,431,1619,0,1,0,1620,A
5-NP,432,0,1628,0,1,1629,T
5-NP,433,0,2,1620,0,1622,G
5-NP,434,1706,2,0,1,1709,A
5-NP,435,0,1716,0,0,1716,T
5-NP,436,4,1,1719,0,1724,G
5-NP,437,1,1,0,1771,1773,C
5-NP,438,1768,0,1,0,1769,A
5-NP,439,1870,0,2,0,1872,A
5-NP,440,0,1,0,1874,1875,C
5-NP,441,1920,0,0,1,1921,A
5-NP,442,0,1974,0,1,1975,T
5-NP,443,1940,0,0,0,1940,A
5-NP,444,1,0,0,1984,1985,C
5-NP,445,4,0,0,1980,1984,C
5-NP,446,1957,2,0,0,1959,A
5-NP,447,0,1,1987,0,1988,G
5-NP,448,1954,0,2,1,1957,A
5-NP,449,0,2,2007,1,2010,G
5-NP,450,1,2,2002,0,2005,G
5-NP,451,1991,0,2,2,1995,A
5-NP,452,0,0,0,2013,2013,C
5-NP,453,1995,1,1,0,1997,A
5-NP,454,1989,0,3,1,1993,A
5-NP,455,0,2,2008,0,2010,G
5-NP,456,1991,1,3,0,1995,A
5-NP,457,0,1,2010,0,2011,G
5-NP,458,1,0,0,1999,2000,C
5-NP,459,0,1990,0,0,1990,T
5-NP,460,4,0,0,2004,2008,C
5-NP,461,0,2000,0,0,2000,T
5-NP,462,1,2002,0,0,2003,T
5-NP,463,0,1,2012,0,2013,G
5-NP,464,1,2002,0,1,2004,T
5-NP,465,0,1993,0,2,1995,T
5-NP,466,7,2,0,1988,1997,C
5-NP,467,0,4,1998,0,2002,G
5-NP,468,2048,1,2,0,2051,A
5-NP,469,2046,1,0,0,2047,A
5-NP,470,0,0,0,2064,2064,C
5-NP,471,1,2053,0,1,2055,T
5-NP,472,0,1,2089,0,2090,G
5-NP,473,0,5,2097,0,2102,G
5-NP,474,2102,2,1,0,2105,A
5-NP,475,2112,1,0,0,2113,A
5-NP,476,1,2108,0,1,2110,T
5-NP,477,1,5,2104,0,2110,G
5-NP,478,0,1,2107,0,2108,G
5-NP,479,2139,0,3,0,2142,A
5-NP,480,1,2175,0,1,2177,T
5-NP,481,4,0,0,2173,2177,C
5-NP,482,2,1,0,2167,2170,C
5-NP,483,5,0,0,2180,2185,C
5-NP,484,2212,0,2,0,2214,A
5-NP,485,17,4,2221,1,2243,G
5-NP,486,2241,0,0,0,2241,A
5-NP,487,2249,0,0,1,2250,A
5-NP,488,0,2229,0,0,2229,T
5-NP,489,0,1,2272,0,2273,G
5-NP,490,2,2246,0,2,2250,T
5-NP,491,1,3,2257,0,2261,G
5-NP,492,2,0,1,2260,2263,C
5-NP,493,0,2249,0,5,2254,T
5-NP,494,2,1,0,2442,2445,C
5-NP,495,0,2434,0,0,2434,T
5-NP,496,2,0,1,2553,2556,C
5-NP,497,0,2553,0,2,2555,T
5-NP,498,1,2,2562,0,2565,G
5-NP,499,2592,0,5,0,2597,A
5-NP,500,0,2588,0,0,2588,T
5-NP,501,0,0,2585,0,2585,G
5-NP,502,0,1,0,2583,2584,C
5-NP,503,2488,1,2,0,2491,A
5-NP,504,0,12,2570,0,2582,G
5-NP,505,0,7,2537,0,2544,G
5-NP,506,2,0,2605,0,2607,G
5-NP,507,0,0,0,2613,2613,C
5-NP,508,0,2598,0,2,2600,T
5-NP,509,2,1,0,2605,2608,C
5-NP,510,2563,0,2,0,2565,A
5-NP,511,2614,0,1,0,2615,A
5-NP,512,2,0,0,2613,2615,C
5-NP,513,0,2609,1,2,2612,T
5-NP,514,5,0,0,2732,2737,C
5-NP,515,0,2685,0,2,2687,T
5-NP,516,0,1,0,3040,3041,C
5-NP,517,2,0,0,3038,3040,C
5-NP,518,7,0,0,3039,3046,C
5-NP,519,0,3042,0,2,3044,T
5-NP,520,3027,0,1,1,3029,A
5-NP,521,1,2,3022,0,3025,G
5-NP,522,3025,1,2,0,3028,A
5-NP,523,2967,0,1,0,2968,A
5-NP,524,1,6,2971,0,2978,G
5-NP,525,0,2,2998,0,3000,G
5-NP,526,0,2959,1,0,2960,T
5-NP,527,3,0,0,2948,2951,C
5-NP,528,5,5,0,2951,2961,C
5-NP,529,0,4,2956,0,2960,G
5-NP,530,1,4,2980,0,2985,G
5-NP,531,2963,1,8,3,2975,A
5-NP,532,0,1,3010,0,3011,G
5-NP,533,1,0,0,3033,3034,C
5-NP,534,0,2999,0,2,3001,T
5-NP,535,1,1,3004,1,3007,G
5-NP,536,1,3,0,3017,3021,C
5-NP,537,3014,0,5,0,3019,A
5-NP,538,1,4,3022,1,3028,G
5-NP,539,0,1,3035,0,3036,G
5-NP,540,0,3043,0,1,3044,T
5-NP,541,1,3,3022,0,3026,G
5-NP,542,1,0,0,3040,3041,C
5-NP,543,0,3022,0,4,3026,T
5-NP,544,0,0,3034,0,3034,G
5-NP,545,0,2,0,3033,3035,C
5-NP,546,3074,0,1,1,3076,A
5-NP,547,0,1,3137,1,3139,G
5-NP,548,1,3110,0,0,3111,T
5-NP,549,6,0,1,3116,3123,C
5-NP,550,3112,1,2,1,3116,A
5-NP,551,3121,0,1,2,3124,A
5-NP,552,3114,0,3,1,3118,A
5-NP,553,0,4,3128,1,3133,G
5-NP,554,0,6,3136,0,3142,G
5-NP,555,3138,1,0,1,3140,A
5-NP,556,3122,0,0,0,3122,A
5-NP,557,0,3114,1,0,3115,T
5-NP,558,8,0,0,3110,3118,C
5-NP,559,1,6,3112,0,3119,G
5-NP,560,1,1,3215,2,3219,G
5-NP,561,0,1,3227,0,3228,G
5-NP,562,3218,2,3,0,3223,A
5-NP,563,0,0,0,3239,3239,C
5-NP,564,3200,2,1,0,3203,A
5-NP,565,3287,0,0,0,3287,A
5-NP,566,2,3294,1,2,3299,T
5-NP,567,2,8,3300,0,3310,G
5-NP,568,0,1,3379,1,3381,G
5-NP,569,0,3355,0,2,3357,T
5-NP,570,2,1,3370,0,3373,G
5-NP,571,3361,0,6,0,3367,A
5-NP,572,0,3360,0,0,3360,T
5-NP,573,0,5,3361,0,3366,G
5-NP,574,0,7,3401,0,3408,G
5-NP,575,3376,0,4,1,3381,A
5-NP,576,3385,1,2,0,3388,A
5-NP,577,0,0,0,3386,3386,C
5-NP,578,1,3280,0,0,3281,T
5-NP,579,0,5,3434,0,3439,G
5-NP,580,3421,0,2,0,3423,A
5-NP,581,0,3437,1,1,3439,T
5-NP,582,2,0,0,3443,3445,C
5-NP,583,3383,1,1,0,3385,A
5-NP,584,2,2,3519,0,3523,G
5-NP,585,3514,0,0,0,3514,A
5-NP,586,3512,1,0,0,3513,A
5-NP,587,1,3515,0,0,3516,T
5-NP,588,2,5,3452,0,3459,G
5-NP,589,0,2,3497,1,3500,G
5-NP,590,0,3499,0,2,3501,T
5-NP,591,8,0,1,3489,3498,C
5-NP,592,3502,0,0,0,3502,A
5-NP,593,3501,0,0,0,3501,A
5-NP,594,3504,0,0,0,3504,A
5-NP,595,1,4,0,3502,3507,C
5-NP,596,2,11,3482,1,3496,G
5-NP,597,0,8,3515,0,3523,G
5-NP,598,3,6,3490,0,3499,G
5-NP,599,0,5,3516,0,3521,G
5-NP,600,3,11,3516,0,3530,G
5-NP,601,3526,2,7,0,3535,A
5-NP,602,0,3512,0,1,3513,T
5-NP,603,2,2,0,3510,3514,C
5-NP,604,3523,0,3,0,3526,A
5-NP,605,3529,0,1,0,3530,A
5-NP,606,0,1,0,3508,3509,C
5-NP,607,0,5,3475,1,3481,G
5-NP,608,3479,0,2,0,3481,A
5-NP,609,2,3472,0,0,3474,T
5-NP,610,6,2,0,3460,3468,C
5-NP,611,5,2,3471,1,3479,G
5-NP,612,3474,0,0,0,3474,A
5-NP,613,3463,1,2,0,3466,A
5-NP,614,3463,1,1,1,3466,A
5-NP,615,1,3512,0,0,3513,T
5-NP,616,0,3500,0,0,3500,T
5-NP,617,0,3482,1,0,3483,T
5-NP,618,0,3505,0,4,3509,T
5-NP,619,0,3519,0,0,3519,T
5-NP,620,1,4,3534,0,3539,G
5-NP,621,1,7,3525,0,3533,G
5-NP,622,3506,0,3,0,3509,A
5-NP,623,8,5,3536,0,3549,G
5-NP,624,3474,1,9,0,3484,A
5-NP,625,0,2,3659,1,3662,G
5-NP,626,0,12,3690,0,3702,G
5-NP,627,0,3696,0,1,3697,T
5-NP,628,1,3,3704,1,3709,G
5-NP,629,3696,0,6,0,3702,A
5-NP,630,1,2,3717,0,3720,G
5-NP,631,3709,2,1,1,3713,A
5-NP,632,3703,0,1,0,3704,A
5-NP,633,0,3689,0,0,3689,T
5-NP,634,0,7,3573,1,3581,G
5-NP,635,1,3,3544,1,3549,G
5-NP,636,1,2,3562,0,3565,G
5-NP,637,2,3,0,3542,3547,C
5-NP,638,2,5,3535,0,3542,G
5-NP,639,0,4,3568,0,3572,G
5-NP,640,3557,2,2,0,3561,A
5-NP,641,3575,0,0,0,3575,A
5-NP,642,3631,0,0,0,3631,A
5-NP,643,3637,0,3,0,3640,A
5-NP,644,1,0,0,3664,3665,C
5-NP,645,3653,0,2,0,3655,A
5-NP,646,3646,1,2,0,3649,A
5-NP,647,0,2,3640,0,3642,G
5-NP,648,3565,1,1,0,3567,A
5-NP,649,3583,1,2,1,3587,A
5-NP,650,2,1,3652,0,3655,G
5-NP,651,0,3644,0,1,3645,T
5-NP,652,1,2,3784,0,3787,G
5-NP,653,3,11,1,3762,3777,C
5-NP,654,1,3783,1,1,3786,T
5-NP,655,1,3802,0,2,3805,T
5-NP,656,3851,0,1,0,3852,A
5-NP,657,0,3846,0,1,3847,T
5-NP,658,1,6,3868,0,3875,G
5-NP,659,3792,0,4,0,3796,A
5-NP,660,1,7,3805,0,3813,G
5-NP,661,3646,2,9,0,3657,A
5-NP,662,1,3,3675,0,3679,G
5-NP,663,3663,0,0,0,3663,A
5-NP,664,3688,0,0,1,3689,A
5-NP,665,0,3650,0,1,3651,T
5-NP,666,0,0,3711,0,3711,G
5-NP,667,0,3695,0,5,3700,T
5-NP,668,8,1,3695,1,3705,G
5-NP,669,3,0,0,3696,3699,C
5-NP,670,3692,0,3,0,3695,A
5-NP,671,3702,2,3,0,3707,A
5-NP,672,0,1,0,3701,3702,C
5-NP,673,3677,0,1,0,3678,A
5-NP,674,1,3679,0,1,3681,T
5-NP,675,0,3637,1,4,3642,T
5-NP,676,3,0,2,3661,3666,C
5-NP,677,1,3642,0,18,3661,T
5-NP,678,0,3647,0,1,3648,T
5-NP,679,3658,1,1,0,3660,A
5-NP,680,3657,0,0,0,3657,A
5-NP,681,3654,0,1,0,3655,A
5-NP,682,0,5,3653,0,3658,G
5-NP,683,1,6,3640,0,3647,G
5-NP,684,3643,0,0,0,3643,A
5-NP,685,3633,0,2,0,3635,A
5-NP,686,3629,0,3,0,3632,A
5-NP,687,3667,1,0,1,3669,A
5-NP,688,0,3651,0,3,3654,T
5-NP,689,0,3657,0,1,3658,T
5-NP,690,1,3663,0,1,3665,T
5-NP,691,1,0,0,3676,3677,C
5-NP,692,3673,0,2,0,3675,A
5-NP,693,3671,1,1,0,3673,A
5-NP,694,3674,0,1,0,3675,A
5-NP,695,1,1,0,3728,3730,C
5-NP,696,3695,0,1,0,3696,A
5-NP,697,1,0,3778,0,3779,G
5-NP,698,0,3,0,3772,3775,C
5-NP,699,1,3779,0,2,3782,T
5-NP,700,2,2,3834,1,3839,G
5-NP,701,2,1,1,3822,3826,C
5-NP,702,3860,1,2,1,3864,A
5-NP,703,0,0,1,3866,3867,C
5-NP,704,3844,0,1,0,3845,A
5-NP,705,3857,0,3,0,3860,A
5-NP,706,3752,0,4,0,3756,A
5-NP,707,1,8,3899,1,3909,G
5-NP,708,3893,0,4,1,3898,A
5-NP,709,1,1,3973,0,3975,G
5-NP,710,0,0,0,3970,3970,C
5-NP,711,3965,0,2,0,3967,A
5-NP,712,4099,0,2,0,4101,A
5-NP,713,0,4105,0,1,4106,T
5-NP,714,0,7,4113,1,4121,G
5-NP,715,0,2,4134,0,4136,G
5-NP,716,0,4007,0,0,4007,T
5-NP,717,1,5,4001,0,4007,G
5-NP,718,0,4,4036,1,4041,G
5-NP,719,4044,0,2,0,4046,A
5-NP,720,0,4028,0,1,4029,T
5-NP,721,5,0,1,3914,3920,C
5-NP,722,3939,1,2,0,3942,A
5-NP,723,3996,0,3,0,3999,A
5-NP,724,0,2,4014,0,4016,G
5-NP,725,0,3979,0,0,3979,T
5-NP,726,0,12,3968,1,3981,G
5-NP,727,3924,0,5,0,3929,A
5-NP,728,0,5,3945,0,3950,G
5-NP,729,3943,0,3,0,3946,A
5-NP,730,1,5,3944,0,3950,G
5-NP,731,3914,1,3,0,3918,A
5-NP,732,3852,1,1,0,3854,A
5-NP,733,3872,0,4,1,3877,A
5-NP,734,0,0,3899,0,3899,G
5-NP,735,1,3886,0,0,3887,T
5-NP,736,5,2,0,3872,3879,C
5-NP,737,3,3,3875,1,3882,G
5-NP,738,0,7,3873,0,3880,G
5-NP,739,3882,1,2,2,3887,A
5-NP,740,3901,0,2,0,3903,A
5-NP,741,2,1,0,3916,3919,C
5-NP,742,4,1,0,3872,3877,C
5-NP,743,12,1,1,3898,3912,C
5-NP,744,3909,0,4,0,3913,A
5-NP,745,0,2,3932,0,3934,G
5-NP,746,0,5,3927,0,3932,G
5-NP,747,3935,0,1,0,3936,A
5-NP,748,3922,0,1,0,3923,A
5-NP,749,3912,2,4,2,3920,A
5-NP,750,1,1,0,3915,3917,C
5-NP,751,0,3,3916,0,3919,G
5-NP,752,1,0,0,3912,3913,C
5-NP,753,0,3893,0,6,3899,T
5-NP,754,0,4,3891,0,3895,G
5-NP,755,3876,1,5,1,3883,A
5-NP,756,1,4,3945,0,3950,G
5-NP,757,3951,0,0,0,3951,A
5-NP,758,1,3947,0,1,3949,T
5-NP,759,6,1,0,3904,3911,C
5-NP,760,1,2,3921,0,3924,G
5-NP,761,3915,1,4,0,3920,A
5-NP,762,3913,0,0,0,3913,A
5-NP,763,0,2,3936,0,3938,G
5-NP,764,3935,1,1,0,3937,A
5-NP,765,2,3918,0,0,3920,T
5-NP,766,5,1,0,3944,3950,C
5-NP,767,0,3938,0,9,3947,T
5-NP,768,9,0,0,3973,3982,C
5-NP,769,3983,0,1,0,3984,A
5-NP,770,0,3978,0,1,3979,T
5-NP,771,3983,1,1,1,3986,A
5-NP,772,1,3979,0,2,3982,T
5-NP,773,0,3956,1,0,3957,T
5-NP,774,0,3943,1,0,3944,T
5-NP,775,1,3899,1,0,3901,T
5-NP,776,0,3909,1,3,3913,T
5-NP,777,3910,1,0,0,3911,A
5-NP,778,0,0,3908,0,3908,G
5-NP,779,1,2,0,3900,3903,C
5-NP,780,3883,0,0,0,3883,A
5-NP,781,3858,2,5,1,3866,A
5-NP,782,1,2,3982,0,3985,G
5-NP,783,3986,0,0,1,3987,A
5-NP,784,1,3991,0,2,3994,T
5-NP,785,0,0,1,4024,4025,C
5-NP,786,0,4002,1,4,4007,T
5-NP,787,0,2,4107,0,4109,G
5-NP,788,0,1,1,4104,4106,C
5-NP,789,4117,0,0,0,4117,A
5-NP,790,1,4147,0,5,4153,T
5-NP,791,0,4031,1,0,4032,T
5-NP,792,0,4,4268,0,4272,G
5-NP,793,4351,0,2,1,4354,A
5-NP,794,0,4358,2,4,4364,T
5-NP,795,4373,1,1,0,4375,A
5-NP,796,0,4288,0,0,4288,T
5-NP,797,0,4262,0,4,4266,T
5-NP,798,8,9,4279,1,4297,G
5-NP,799,4240,1,3,1,4245,A
5-NP,800,0,3,4289,0,4292,G
5-NP,801,4084,2,3,1,4090,A
5-NP,802,0,4,4000,0,4004,G
5-NP,803,1,10,4044,0,4055,G
5-NP,804,4034,1,4,1,4040,A
5-NP,805,0,4039,0,1,4040,T
5-NP,806,4,1,0,4049,4054,C
5-NP,807,4015,0,9,0,4024,A
5-NP,808,1,2,4052,0,4055,G
5-NP,809,1,4031,0,0,4032,T
5-NP,810,0,3994,0,1,3995,T
5-NP,811,0,1,3998,1,4000,G
5-NP,812,0,0,0,3961,3961,C
5-NP,813,1,3944,0,3,3948,T
5-NP,814,12,1,0,3968,3981,C
5-NP,815,3983,0,2,1,3986,A
5-NP,816,1,1,0,3981,3983,C
5-NP,817,3985,0,2,0,3987,A
5-NP,818,4003,1,0,0,4004,A
5-NP,819,4017,0,0,0,4017,A
5-NP,820,3,4009,0,0,4012,T
5-NP,821,1,0,1,4020,4022,C
5-NP,822,0,4020,2,1,4023,T
5-NP,823,1,4014,0,0,4015,T
5-NP,824,1,1,4026,0,4028,G
5-NP,825,3,1,0,4010,4014,C
5-NP,826,4,0,0,4085,4089,C
5-NP,827,0,4076,0,1,4077,T
5-NP,828,4093,2,0,1,4096,A
5-NP,829,2,0,0,4086,4088,C
5-NP,830,3,0,0,4090,4093,C
5-NP,831,2,4077,0,5,4084,T
5-NP,832,2,2,4143,0,4147,G
5-NP,833,2,3,1,4133,4139,C
5-NP,834,5,1,0,4131,4137,C
5-NP,835,0,4076,1,5,4082,T
5-NP,836,1,1,4135,0,4137,G
5-NP,837,3,4106,0,1,4110,T
5-NP,838,2,2,4156,0,4160,G
5-NP,839,1,1,0,4187,4189,C
5-NP,840,1,0,4256,0,4257,G
5-NP,841,1,4180,1,3,4185,T
5-NP,842,4178,0,0,1,4179,A
5-NP,843,1,4173,1,2,4177,T
5-NP,844,1,14,4165,0,4180,G
5-NP,845,1,4,4354,1,4360,G
5-NP,846,4332,2,8,0,4342,A
5-NP,847,1,1,0,4287,4289,C
5-NP,848,3,1,0,4277,4281,C
5-NP,849,0,4189,0,5,4194,T
5-NP,850,0,0,4399,1,4400,G
5-NP,851,2,0,0,4397,4399,C
5-NP,852,4407,2,5,0,4414,A
5-NP,853,0,2,4509,0,4511,G
5-NP,854,0,4260,2,2,4264,T
5-NP,855,4455,0,0,0,4455,A
5-NP,856,1,4423,0,4,4428,T
5-NP,857,4,0,0,4421,4425,C
5-NP,858,3,1,1,4429,4434,C
5-NP,859,4215,0,0,1,4216,A
5-NP,860,0,4,4237,0,4241,G
5-NP,861,1,4217,0,2,4220,T
5-NP,862,1,10,4272,0,4283,G
5-NP,863,0,4,4249,0,4253,G
5-NP,864,0,3,4186,2,4191,G
5-NP,865,1,4184,0,7,4192,T
5-NP,866,4180,1,1,1,4183,A
5-NP,867,1,1,0,4184,4186,C
5-NP,868,0,11,4154,2,4167,G
5-NP,869,4151,1,4,1,4157,A
5-NP,870,7,1,0,4142,4150,C
5-NP,871,1,4036,0,3,4040,T
5-NP,872,2,4024,0,6,4032,T
5-NP,873,2,0,0,4034,4036,C
5-NP,874,0,6,4033,0,4039,G
5-NP,875,4037,0,2,1,4040,A
5-NP,876,4035,0,1,2,4038,A
5-NP,877,4049,1,3,1,4054,A
5-NP,878,4043,2,0,0,4045,A
5-NP,879,4031,0,2,0,4033,A
5-NP,880,0,2,4040,0,4042,G
5-NP,881,4034,0,5,1,4040,A
5-NP,882,0,10,4065,0,4075,G
5-NP,883,2,6,4098,0,4106,G
5-NP,884,1,7,4102,0,4110,G
5-NP,885,4115,2,5,1,4123,A
5-NP,886,0,4120,1,1,4122,T
5-NP,887,4148,1,0,2,4151,A
5-NP,888,0,4146,1,2,4149,T
5-NP,889,2,4165,0,1,4168,T
5-NP,890,5,2,0,4192,4199,C
5-NP,891,4,0,1,4170,4175,C
5-NP,892,1,4110,0,1,4112,T
5-NP,893,1,4109,0,1,4111,T
5-NP,894,3,6,4143,0,4152,G
5-NP,895,2,0,4176,0,4178,G
5-NP,896,1,4152,0,2,4155,T
5-NP,897,13,4,4120,0,4137,G
5-NP,898,1,5,4106,0,4112,G
5-NP,899,1,4,4307,0,4312,G
5-NP,900,4309,0,1,1,4311,A
5-NP,901,4319,0,2,1,4322,A
5-NP,902,0,4326,0,2,4328,T
5-NP,903,4224,0,5,0,4229,A
5-NP,904,0,3,4235,0,4238,G
5-NP,905,4194,1,4,0,4199,A
5-NP,906,2,1,0,4183,4186,C
5-NP,907,6,0,0,4141,4147,C
5-NP,908,13,0,1,4015,4029,C
5-NP,909,1,4063,0,4,4068,T
5-NP,910,1,4067,0,4,4072,T
5-NP,911,1,4071,1,5,4078,T
5-NP,912,8,0,0,4076,4084,C
5-NP,913,4069,0,1,0,4070,A
5-NP,914,4074,0,0,0,4074,A
5-NP,915,4068,2,2,1,4073,A
5-NP,916,0,2,0,4080,4082,C
5-NP,917,0,3982,1,0,3983,T
5-NP,918,3964,3,1,1,3969,A
5-NP,919,1,0,1,4008,4010,C
5-NP,920,2,3977,2,1,3982,T
5-NP,921,1,3987,0,0,3988,T
5-NP,922,2,0,1,4002,4005,C
5-NP,923,3993,1,2,0,3996,A
5-NP,924,4001,1,0,0,4002,A
5-NP,925,3993,0,0,0,3993,A
5-NP,926,3982,0,3,0,3985,A
5-NP,927,0,3961,0,0,3961,T
5-NP,928,3911,0,3,0,3914,A
5-NP,929,3,0,3961,0,3964,G
5-NP,930,1,0,0,3977,3978,C
5-NP,931,5,0,0,4009,4014,C
5-NP,932,4021,1,1,0,4023,A
5-NP,933,4028,0,0,1,4029,A
5-NP,934,4133,0,0,0,4133,A
5-NP,935,0,4146,1,1,4148,T
5-NP,936,4182,1,0,0,4183,A
5-NP,937,0,4183,1,0,4184,T
5-NP,938,4120,0,2,0,4122,A
5-NP,939,2,1,1,4128,4132,C
5-NP,940,4025,0,1,0,4026,A
5-NP,941,0,0,4124,1,4125,G
5-NP,942,1,1,0,4102,4104,C
5-NP,943,2,3986,0,2,3990,T
5-NP,944,0,4039,1,1,4041,T
5-NP,945,4056,0,0,0,4056,A
5-NP,946,4051,1,0,0,4052,A
5-NP,947,2,4054,0,0,4056,T
5-NP,948,3,0,0,4053,4056,C
5-NP,949,3949,2,1,1,3953,A
5-NP,950,0,2,3985,0,3987,G
5-NP,951,3981,2,1,0,3984,A
5-NP,952,0,3,0,4000,4003,C
5-NP,953,2,1,0,3966,3969,C
5-NP,954,0,3937,0,1,3938,T
5-NP,955,3975,0,1,0,3976,A
5-NP,956,3968,1,3,0,3972,A
5-NP,957,0,1,0,3995,3996,C
5-NP,958,0,6,3986,0,3992,G
5-NP,959,3903,0,2,0,3905,A
5-NP,960,0,7,3912,0,3919,G
5-NP,961,3873,0,3,0,3876,A
5-NP,962,3910,0,0,0,3910,A
5-NP,963,2,3898,0,1,3901,T
5-NP,964,3,1,3,3856,3863,C
5-NP,965,2,1,0,3863,3866,C
5-NP,966,3818,1,4,0,3823,A
5-NP,967,0,2,3849,0,3851,G
5-NP,968,2,2,0,3849,3853,C
5-NP,969,3897,0,2,0,3899,A
5-NP,970,0,0,0,3925,3925,C
5-NP,971,3869,0,2,0,3871,A
5-NP,972,2,3,0,3873,3878,C
5-NP,973,3873,0,1,0,3874,A
5-NP,974,3887,1,2,2,3892,A
5-NP,975,0,6,3897,0,3903,G
5-NP,976,3847,0,3,1,3851,A
5-NP,977,0,1,3867,0,3868,G
5-NP,978,0,3787,2,1,3790,T
5-NP,979,7,1,1,3770,3779,C
5-NP,980,3775,0,0,0,3775,A
5-NP,981,0,0,3779,0,3779,G
5-NP,982,1,2,1,3768,3772,C
5-NP,983,1,3726,0,3,3730,T
5-NP,984,0,5,3779,0,3784,G
5-NP,985,1,1,3800,0,3802,G
5-NP,986,2,3781,0,1,3784,T
5-NP,987,0,1,3821,0,3822,G
5-NP,988,0,3768,0,1,3769,T
5-NP,989,1,6,3756,0,3763,G
5-NP,990,1,1,3751,0,3753,G
5-NP,991,3712,0,6,1,3719,A
5-NP,992,1,3724,0,1,3726,T
5-NP,993,2,5,3566,1,3574,G
5-NP,994,1,2,3548,0,3551,G
5-NP,995,2,0,0,3538,3540,C
5-NP,996,3510,0,4,0,3514,A
5-NP,997,0,3511,1,2,3514,T
5-NP,998,1,1,3491,0,3493,G
5-NP,999,3,1,0,3526,3530,C
5-NP,1000,6,4,0,3515,3525,C
5-NP,1001,3548,0,0,0,3548,A
5-NP,1002,0,3531,0,2,3533,T
5-NP,1003,0,3487,0,0,3487,T
5-NP,1004,2,0,1,3492,3495,C
5-NP,1005,0,3454,1,0,3455,T
5-NP,1006,2,1,3458,0,3461,G
5-NP,1007,2,0,0,3451,3453,C
5-NP,1008,0,3366,2,2,3370,T
5-NP,1009,1,1,3398,0,3400,G
5-NP,1010,3,0,1,3332,3336,C
5-NP,1011,3344,0,2,0,3346,A
5-NP,1012,1,3342,1,0,3344,T
5-NP,1013,1,3316,0,0,3317,T
5-NP,1014,1,3314,0,0,3315,T
5-NP,1015,1,2,3313,0,3316,G
5-NP,1016,3311,0,0,0,3311,A
5-NP,1017,3310,0,1,0,3311,A
5-NP,1018,0,2,3339,0,3341,G
5-NP,1019,3311,1,0,0,3312,A
5-NP,1020,2,3303,0,1,3306,T
5-NP,1021,0,3301,0,2,3303,T
5-NP,1022,0,3304,0,0,3304,T
5-NP,1023,3304,0,2,0,3306,A
5-NP,1024,3308,1,0,0,3309,A
5-NP,1025,1,0,3311,0,3312,G
5-NP,1026,3299,1,2,0,3302,A
5-NP,1027,0,3308,0,0,3308,T
5-NP,1028,0,3244,0,0,3244,T
5-NP,1029,0,1,3269,0,3270,G
5-NP,1030,1,3261,0,5,3267,T
5-NP,1031,1,3259,0,0,3260,T
5-NP,1032,3256,0,2,0,3258,A
5-NP,1033,3262,0,2,0,3264,A
5-NP,1034,0,0,3271,0,3271,G
5-NP,1035,0,0,0,3276,3276,C
5-NP,1036,1,3216,0,6,3223,T
5-NP,1037,1,3240,0,0,3241,T
5-NP,1038,5,0,1,3243,3249,C
5-NP,1039,3250,0,1,0,3251,A
5-NP,1040,1,3243,0,0,3244,T
5-NP,1041,3,0,0,3243,3246,C
5-NP,1042,3203,0,2,0,3205,A
5-NP,1043,1,4,3199,0,3204,G
5-NP,1044,3158,0,3,0,3161,A
5-NP,1045,1,11,3156,1,3169,G
5-NP,1046,0,5,3153,0,3158,G
5-NP,1047,1,6,3142,0,3149,G
5-NP,1048,3140,0,9,0,3149,A
5-NP,1049,1,0,1,3141,3143,C
5-NP,1050,3140,1,0,2,3143,A
5-NP,1051,3157,0,1,0,3158,A
5-NP,1052,3162,0,0,0,3162,A
5-NP,1053,3145,0,19,0,3164,A
5-NP,1054,2,3,3174,0,3179,G
5-NP,1055,0,3085,0,2,3087,T
5-NP,1056,3074,0,0,0,3074,A
5-NP,1057,0,3059,0,2,3061,T
5-NP,1058,3,0,0,3053,3056,C
5-NP,1059,0,3028,0,1,3029,T
5-NP,1060,6,1,0,3051,3058,C
5-NP,1061,6,0,0,3027,3033,C
5-NP,1062,0,3020,1,0,3021,T
5-NP,1063,7,1,0,3008,3016,C
5-NP,1064,2,3,2999,0,3004,G
5-NP,1065,2,5,3027,0,3034,G
5-NP,1066,1,9,3020,0,3030,G
5-NP,1067,2,5,3020,0,3027,G
5-NP,1068,1,7,3011,2,3021,G
5-NP,1069,2963,0,0,0,2963,A
5-NP,1070,2959,0,1,0,2960,A
5-NP,1071,2963,0,1,0,2964,A
5-NP,1072,2,0,0,2984,2986,C
5-NP,1073,1,2968,1,0,2970,T
5-NP,1074,1,1,2973,0,2975,G
5-NP,1075,2,2944,0,3,2949,T
5-NP,1076,3,2,0,2943,2948,C
5-NP,1077,2994,0,6,0,3000,A
5-NP,1078,3013,1,0,0,3014,A
5-NP,1079,2,1,0,3022,3025,C
5-NP,1080,0,3016,1,0,3017,T
5-NP,1081,2970,1,1,0,2972,A
5-NP,1082,0,1,2976,0,2977,G
5-NP,1083,2929,0,2,0,2931,A
5-NP,1084,0,4,2935,0,2939,G
5-NP,1085,0,5,2924,0,2929,G
5-NP,1086,2793,1,1,0,2795,A
5-NP,1087,0,2,2828,0,2830,G
5-NP,1088,1,2802,1,2,2806,T
5-NP,1089,2801,0,3,0,2804,A
5-NP,1090,0,0,0,2803,2803,C
5-NP,1091,2766,0,0,0,2766,A
5-NP,1092,2764,0,4,0,2768,A
5-NP,1093,2743,0,0,0,2743,A
5-NP,1094,1,2712,1,0,2714,T
5-NP,1095,0,2697,0,1,2698,T
5-NP,1096,1,0,2626,0,2627,G
5-NP,1097,1,0,0,2600,2601,C
5-NP,1098,1,2584,1,1,2587,T
5-NP,1099,0,2572,1,3,2576,T
5-NP,1100,2,0,0,2589,2591,C
5-NP,1101,2595,0,0,0,2595,A
5-NP,1102,2603,0,0,0,2603,A
5-NP,1103,2602,0,1,0,2603,A
5-NP,1104,0,2603,0,2,2605,T
5-NP,1105,0,5,2601,0,2606,G
5-NP,1106,2563,0,2,0,2565,A
5-NP,1107,0,7,2570,0,2577,G
5-NP,1108,2594,0,0,0,2594,A
5-NP,1109,2590,0,0,0,2590,A
5-NP,1110,1,0,1,2599,2601,C
5-NP,1111,2570,0,0,0,2570,A
5-NP,1112,1,2567,0,2,2570,T
5-NP,1113,0,2,2592,1,2595,G
5-NP,1114,1,1,2612,0,2614,G
5-NP,1115,2614,0,0,0,2614,A
5-NP,1116,0,2564,0,0,2564,T
5-NP,1117,2541,0,0,0,2541,A
5-NP,1118,2657,0,0,6,2663,A
5-NP,1119,0,2606,0,0,2606,T
5-NP,1120,2584,0,1,0,2585,A
5-NP,1121,1,2573,2,1,2577,T
5-NP,1122,0,3,2369,0,2372,G
5-NP,1123,0,5,2330,0,2335,G
5-NP,1124,0,1,2317,0,2318,G
5-NP,1125,2294,0,2,0,2296,A
5-NP,1126,0,2294,0,0,2294,T
5-NP,1127,2,0,0,1827,1829,C
5-NP,1128,2,3,1828,0,1833,G
5-NP,1129,1827,1,3,0,1831,A
5-NP,1130,1,0,1828,0,1829,G
5-NP,1131,1,0,0,1819,1820,C
5-NP,1132,1797,0,1,0,1798,A
5-NP,1133,1,1,0,1877,1879,C
5-NP,1134,0,1846,0,0,1846,T
5-NP,1135,3,0,0,1861,1864,C
5-NP,1136,0,1852,0,1,1853,T
5-NP,1137,0,1824,0,1,1825,T
5-NP,1138,0,0,1831,0,1831,G
5-NP,1139,1820,0,3,0,1823,A
5-NP,1140,1832,0,0,0,1832,A
5-NP,1141,1,0,0,1831,1832,C
5-NP,1142,0,1403,0,1,1404,T
5-NP,1143,0,4,1415,1,1420,G
5-NP,1144,1369,1,2,1,1373,A
5-NP,1145,0,0,1380,0,1380,G
5-NP,1146,1381,0,1,0,1382,A
5-NP,1147,1354,0,1,0,1355,A
5-NP,1148,0,0,1358,0,1358,G
5-NP,1149,0,0,0,1338,1338,C
5-NP,1150,1,1,1327,0,1329,G
5-NP,1151,0,3,1328,0,1331,G
5-NP,1152,1,0,1321,0,1322,G
5-NP,1153,1,1311,0,0,1312,T
5-NP,1154,1284,0,1,0,1285,A
5-NP,1155,1,0,1,1281,1283,C
5-NP,1156,0,1059,0,0,1059,T
5-NP,1157,0,4,1062,0,1066,G
5-NP,1158,0,1,1046,0,1047,G
5-NP,1159,0,0,1051,0,1051,G
5-NP,1160,1,0,0,1042,1043,C
5-NP,1161,3,0,0,977,980,C
5-NP,1162,987,0,0,0,987,A
5-NP,1163,0,988,0,0,988,T
5-NP,1164,986,0,1,0,987,A
5-NP,1165,988,0,0,0,988,A
5-NP,1166,0,3,979,0,982,G
5-NP,1167,0,3,1010,0,1013,G
5-NP,1168,992,0,0,0,992,A
5-NP,1169,0,2,0,988,990,C
5-NP,1170,1,1,0,991,993,C
5-NP,1171,987,1,2,0,990,A
5-NP,1172,0,0,1007,0,1007,G
5-NP,1173,0,2,1009,0,1011,G
5-NP,1174,1002,0,1,0,1003,A
5-NP,1175,0,1,1010,0,1011,G
5-NP,1176,0,968,0,0,968,T
5-NP,1177,0,1,971,0,972,G
5-NP,1178,0,2,985,0,987,G
5-NP,1179,985,0,2,0,987,A
5-NP,1180,1,1,987,0,989,G
5-NP,1181,0,1,976,0,977,G
5-NP,1182,967,0,0,0,967,A
5-NP,1183,968,0,0,0,968,A
5-NP,1184,956,1,1,1,959,A
5-NP,1185,1,0,0,969,970,C
5-NP,1186,962,1,0,0,963,A
5-NP,1187,0,0,0,982,982,C
5-NP,1188,0,961,0,1,962,T
5-NP,1189,998,0,0,0,998,A
5-NP,1190,998,0,0,0,998,A
5-NP,1191,0,1000,0,0,1000,T
5-NP,1192,3,0,0,1004,1007,C
5-NP,1193,995,0,0,0,995,A
5-NP,1194,1004,0,1,0,1005,A
5-NP,1195,1,0,0,1009,1010,C
5-NP,1196,983,0,0,0,983,A
5-NP,1197,0,0,986,0,986,G
5-NP,1198,959,0,1,0,960,A
5-NP,1199,0,3,965,0,968,G
5-NP,1200,1,1,975,0,977,G
5-NP,1201,1,0,973,0,974,G
5-NP,1202,0,0,0,968,968,C
5-NP,1203,0,0,0,954,954,C
5-NP,1204,0,937,0,0,937,T
5-NP,1205,2,0,0,947,949,C
5-NP,1206,1,1,0,949,951,C
5-NP,1207,1,0,953,0,954,G
5-NP,1208,0,0,0,953,953,C
5-NP,1209,940,0,1,1,942,A
5-NP,1210,1,1,974,0,976,G
5-NP,1211,0,0,970,0,970,G
5-NP,1212,0,2,0,980,982,C
5-NP,1213,1,0,0,982,983,C
5-NP,1214,972,0,0,0,972,A
5-NP,1215,973,0,0,0,973,A
5-NP,1216,979,0,0,0,979,A
5-NP,1217,1,0,0,977,978,C
5-NP,1218,3,0,0,975,978,C
5-NP,1219,925,0,0,1,926,A
5-NP,1220,0,0,945,0,945,G
5-NP,1221,0,937,0,0,937,T
5-NP,1222,0,0,946,0,946,G
5-NP,1223,1,940,0,1,942,T
5-NP,1224,0,0,937,0,937,G
5-NP,1225,0,0,0,934,934,C
5-NP,1226,929,0,0,0,929,A
5-NP,1227,942,0,1,0,943,A
5-NP,1228,1,0,0,935,936,C
5-NP,1229,1,0,0,939,940,C
5-NP,1230,0,931,0,0,931,T
5-NP,1231,922,0,0,0,922,A
5-NP,1232,0,0,0,919,919,C
5-NP,1233,0,0,919,0,919,G
5-NP,1234,0,913,1,1,915,T
5-NP,1235,0,924,0,0,924,T
5-NP,1236,0,916,0,0,916,T
5-NP,1237,0,903,0,0,903,T
5-NP,1238,0,0,0,904,904,C
5-NP,1239,0,894,0,0,894,T
5-NP,1240,0,1,907,0,908,G
5-NP,1241,0,902,0,4,906,T
5-NP,1242,913,0,0,0,913,A
5-NP,1243,0,1,0,918,919,C
5-NP,1244,903,0,1,0,904,A
5-NP,1245,907,0,0,0,907,A
5-NP,1246,903,1,2,0,906,A
5-NP,1247,0,0,906,0,906,G
5-NP,1248,901,0,1,0,902,A
5-NP,1249,877,0,0,0,877,A
5-NP,1250,875,0,0,0,875,A
5-NP,1251,0,0,0,875,875,C
5-NP,1252,3,0,0,872,875,C
5-NP,1253,0,867,0,2,869,T
5-NP,1254,3,0,0,875,878,C
5-NP,1255,1,0,0,873,874,C
5-NP,1256,0,0,0,873,873,C
5-NP,1257,0,863,0,1,864,T
5-NP,1258,0,869,0,1,870,T
5-NP,1259,0,875,0,0,875,T
5-NP,1260,2,873,0,0,875,T
5-NP,1261,0,1,873,0,874,G
5-NP,1262,876,0,0,0,876,A
5-NP,1263,869,0,0,0,869,A
5-NP,1264,867,0,0,0,867,A
5-NP,1265,858,0,0,0,858,A
5-NP,1266,0,0,869,0,869,G
5-NP,1267,0,865,0,0,865,T
5-NP,1268,2,0,0,866,868,C
5-NP,1269,869,0,0,0,869,A
5-NP,1270,874,0,0,0,874,A
5-NP,1271,0,0,0,874,874,C
5-NP,1272,1,0,0,882,883,C
5-NP,1273,883,0,0,0,883,A
5-NP,1274,0,880,0,0,880,T
5-NP,1275,2,0,0,875,877,C
5-NP,1276,873,0,0,0,873,A
5-NP,1277,1,877,0,1,879,T
5-NP,1278,0,3,875,0,878,G
5-NP,1279,0,1,880,0,881,G
5-NP,1280,0,0,0,880,880,C
5-NP,1281,860,0,0,0,860,A
5-NP,1282,0,0,858,0,858,G
5-NP,1283,0,0,0,852,852,C
5-NP,1284,856,0,1,0,857,A
5-NP,1285,0,859,0,0,859,T
5-NP,1286,0,842,0,1,843,T
5-NP,1287,1,0,0,850,851,C
5-NP,1288,846,1,0,0,847,A
5-NP,1289,1,0,0,845,846,C
5-NP,1290,0,852,0,0,852,T
5-NP,1291,0,1,852,0,853,G
5-NP,1292,0,1,862,0,863,G
5-NP,1293,860,0,0,0,860,A
5-NP,1294,863,0,1,0,864,A
5-NP,1295,867,0,0,0,867,A
5-NP,1296,1,858,0,0,859,T
5-NP,1297,859,0,0,0,859,A
5-NP,1298,2,1,0,856,859,C
5-NP,1299,0,0,851,0,851,G
5-NP,1300,0,0,851,0,851,G
5-NP,1301,828,0,1,0,829,A
5-NP,1302,0,0,834,0,834,G
5-NP,1303,0,2,830,0,832,G
5-NP,1304,0,2,832,0,834,G
5-NP,1305,834,0,0,0,834,A
5-NP,1306,827,1,0,0,828,A
5-NP,1307,0,2,831,0,833,G
5-NP,1308,834,0,0,0,834,A
5-NP,1309,823,0,8,0,831,A
5-NP,1310,0,0,0,829,829,C
5-NP,1311,0,812,0,1,813,T
5-NP,1312,0,820,0,0,820,T
5-NP,1313,1,0,0,813,814,C
5-NP,1314,815,0,1,0,816,A
5-NP,1315,0,0,815,0,815,G
5-NP,1316,810,0,1,0,811,A
5-NP,1317,0,0,0,812,812,C
5-NP,1318,803,0,0,0,803,A
5-NP,1319,1,784,0,0,785,T
5-NP,1320,0,2,784,1,787,G
5-NP,1321,774,0,0,0,774,A
5-NP,1322,0,1,783,0,784,G
5-NP,1323,0,0,777,0,777,G
5-NP,1324,0,0,776,0,776,G
5-NP,1325,0,0,0,774,774,C
5-NP,1326,769,0,1,0,770,A
5-NP,1327,0,2,769,0,771,G
5-NP,1328,771,0,0,0,771,A
5-NP,1329,779,0,0,0,779,A
5-NP,1330,779,0,0,0,779,A
5-NP,1331,1,765,0,1,767,T
5-NP,1332,0,0,0,768,768,C
5-NP,1333,767,0,0,0,767,A
5-NP,1334,0,764,1,1,766,T
5-NP,1335,767,0,0,0,767,A
5-NP,1336,763,0,0,0,763,A
5-NP,1337,0,2,777,0,779,G
5-NP,1338,770,0,0,0,770,A
5-NP,1339,780,0,1,0,781,A
5-NP,1340,0,760,0,0,760,T
5-NP,1341,0,0,756,0,756,G
5-NP,1342,756,1,0,0,757,A
5-NP,1343,0,755,0,0,755,T
5-NP,1344,0,0,758,0,758,G
5-NP,1345,0,0,757,0,757,G
5-NP,1346,734,0,1,0,735,A
5-NP,1347,731,0,0,0,731,A
5-NP,1348,0,0,714,0,714,G
5-NP,1349,0,0,729,0,729,G
5-NP,1350,0,721,0,1,722,T
5-NP,1351,1,0,721,0,722,G
5-NP,1352,0,0,0,722,722,C
5-NP,1353,721,0,0,0,721,A
5-NP,1354,720,0,1,0,721,A
5-NP,1355,719,0,0,0,719,A
5-NP,1356,726,0,3,0,729,A
5-NP,1357,0,0,0,730,730,C
5-NP,1358,0,1,0,719,720,C
5-NP,1359,702,0,1,0,703,A
5-NP,1360,0,0,709,1,710,G
5-NP,1361,706,0,0,0,706,A
5-NP,1362,706,1,0,0,707,A
5-NP,1363,0,0,710,0,710,G
5-NP,1364,705,1,0,0,706,A
5-NP,1365,692,0,0,0,692,A
5-NP,1366,0,0,698,0,698,G
5-NP,1367,0,682,0,0,682,T
5-NP,1368,0,0,690,0,690,G
5-NP,1369,0,677,0,3,680,T
5-NP,1370,3,1,0,679,683,C
5-NP,1371,683,0,0,1,684,A
5-NP,1372,0,684,0,0,684,T
5-NP,1373,0,690,0,0,690,T
5-NP,1374,4,7,0,678,689,C
5-NP,1375,1,0,0,673,674,C
5-NP,1376,0,0,672,0,672,G
5-NP,1377,0,1,662,0,663,G
5-NP,1378,1,2,661,0,664,G
5-NP,1379,0,0,665,0,665,G
5-NP,1380,0,0,662,0,662,G
5-NP,1381,631,0,0,0,631,A
5-NP,1382,0,2,636,0,638,G
5-NP,1383,0,1,635,0,636,G
5-NP,1384,0,1,630,0,631,G
5-NP,1385,0,0,633,0,633,G
5-NP,1386,630,0,3,0,633,A
5-NP,1387,0,0,634,0,634,G
5-NP,1388,0,624,2,0,626,T
5-NP,1389,0,624,0,0,624,T
5-NP,1390,0,624,0,0,624,T
5-NP,1391,0,622,0,0,622,T
5-NP,1392,0,0,0,621,621,C
5-NP,1393,0,1,618,0,619,G
5-NP,1394,617,0,1,0,618,A
5-NP,1395,0,0,629,0,629,G
5-NP,1396,0,0,0,624,624,C
5-NP,1397,0,621,0,1,622,T
5-NP,1398,0,0,0,633,633,C
5-NP,1399,0,632,0,1,633,T
5-NP,1400,0,0,0,635,635,C
5-NP,1401,635,1,0,1,637,A
5-NP,1402,0,0,640,0,640,G
5-NP,1403,642,0,0,0,642,A
5-NP,1404,0,1,0,633,634,C
5-NP,1405,0,0,635,0,635,G
5-NP,1406,626,0,0,0,626,A
5-NP,1407,0,0,627,0,627,G
5-NP,1408,618,0,0,0,618,A
5-NP,1409,613,0,1,0,614,A
5-NP,1410,0,1,614,0,615,G
5-NP,1411,0,0,605,0,605,G
5-NP,1412,0,0,0,597,597,C
5-NP,1413,592,0,0,0,592,A
5-NP,1414,593,0,0,0,593,A
5-NP,1415,0,0,0,591,591,C
5-NP,1416,0,0,596,0,596,G
5-NP,1417,594,0,0,0,594,A
5-NP,1418,592,0,1,0,593,A
5-NP,1419,2,0,0,587,589,C
5-NP,1420,3,0,0,582,585,C
5-NP,1421,2,1,0,575,578,C
5-NP,1422,3,1,574,0,578,G
5-NP,1423,575,0,1,0,576,A
5-NP,1424,0,579,0,0,579,T
5-NP,1425,2,0,0,569,571,C
5-NP,1426,0,0,569,0,569,G
5-NP,1427,1,563,0,0,564,T
5-NP,1428,0,0,565,0,565,G
5-NP,1429,1,0,0,563,564,C
5-NP,1430,0,0,0,558,558,C
5-NP,1431,4,0,0,557,561,C
5-NP,1432,0,558,0,3,561,T
5-NP,1433,1,0,0,579,580,C
5-NP,1434,0,575,0,1,576,T
5-NP,1435,0,574,0,0,574,T
5-NP,1436,0,573,0,0,573,T
5-NP,1437,0,567,0,0,567,T
5-NP,1438,1,0,572,0,573,G
5-NP,1439,571,0,0,0,571,A
5-NP,1440,0,558,0,0,558,T
5-NP,1441,557,0,0,0,557,A
5-NP,1442,0,461,0,0,461,T
5-NP,1443,0,1,470,0,471,G
5-NP,1444,468,0,0,0,468,A
5-NP,1445,1,0,475,0,476,G
5-NP,1446,0,472,0,0,472,T
5-NP,1447,458,0,0,0,458,A
5-NP,1448,459,0,0,0,459,A
5-NP,1449,0,458,0,0,458,T
5-NP,1450,0,0,456,0,456,G
5-NP,1451,455,0,0,0,455,A
5-NP,1452,407,0,1,0,408,A
5-NP,1453,0,0,405,0,405,G
5-NP,1454,0,1,382,0,383,G
5-NP,1455,381,0,0,0,381,A
5-NP,1456,0,380,0,0,380,T
5-NP,1457,0,0,0,378,378,C
5-NP,1458,0,371,0,0,371,T
5-NP,1459,0,374,0,0,374,T
5-NP,1460,372,0,0,0,372,A
5-NP,1461,0,372,0,1,373,T
5-NP,1462,0,367,0,0,367,T
5-NP,1463,0,364,0,0,364,T
5-NP,1464,0,0,0,354,354,C
5-NP,1465,0,349,0,0,349,T
5-NP,1466,0,347,0,0,347,T
5-NP,1467,0,0,0,348,348,C
5-NP,1468,0,0,346,0,346,G
5-NP,1469,0,0,346,0,346,G
5-NP,1470,344,0,0,0,344,A
5-NP,1471,0,0,345,0,345,G
5-NP,1472,345,0,0,0,345,A
5-NP,1473,0,0,0,344,344,C
5-NP,1474,327,0,0,0,327,A
5-NP,1475,326,0,0,0,326,A
5-NP,1476,0,325,0,0,325,T
5-NP,1477,0,0,325,0,325,G
5-NP,1478,0,0,1,324,325,C
5-NP,1479,311,0,2,0,313,A
5-NP,1480,0,0,312,0,312,G
5-NP,1481,311,0,0,0,311,A
5-NP,1482,294,0,1,0,295,A
5-NP,1483,0,0,295,0,295,G
5-NP,1484,183,0,0,0,183,A
5-NP,1485,0,0,183,0,183,G
5-NP,1486,0,163,0,0,163,T
5-NP,1487,162,0,0,0,162,A
5-NP,1488,0,0,0,161,161,C
5-NP,1489,0,0,141,0,141,G
5-NP,1490,139,0,0,0,139,A
5-NP,1491,0,0,0,138,138,C
5-NP,1492,103,0,0,0,103,A
5-NP,1493,103,0,0,0,103,A
5-NP,1494,0,82,0,0,82,T
5-NP,1495,0,75,0,0,75,T
5-NP,1496,74,0,0,0,74,A
5-NP,1497,73,0,0,0,73,A
6-NA,1,10,0,0,0,10,A
6-NA,2,0,10,0,0,10,T
6-NA,3,0,0,10,0,10,G
6-NA,4,10,0,0,0,10,A
6-NA,5,11,0,0,0,11,A
6-NA,6,0,11,0,0,11,T
6-NA,7,0,0,0,11,11,C
6-NA,8,0,0,0,11,11,C
6-NA,9,11,0,0,0,11,A
6-NA,10,11,0,0,0,11,A
6-NA,11,11,0,0,0,11,A
6-NA,12,0,12,0,0,12,T
6-NA,13,0,0,0,12,12,C
6-NA,14,12,0,0,0,12,A
6-NA,15,12,0,0,0,12,A
6-NA,16,12,0,0,0,12,A
6-NA,17,12,0,0,0,12,A
6-NA,18,0,0,14,0,14,G
6-NA,19,16,0,0,0,16,A
6-NA,20,0,16,0,0,16,T
6-NA,21,16,0,0,0,16,A
6-NA,22,17,0,0,0,17,A
6-NA,23,0,19,0,0,19,T
6-NA,24,19,0,0,0,19,A
6-NA,25,19,0,0,0,19,A
6-NA,26,0,0,0,19,19,C
6-NA,27,0,0,19,0,19,G
6-NA,28,19,0,0,0,19,A
6-NA,29,0,19,0,0,19,T
6-NA,30,0,19,0,0,19,T
6-NA,31,0,0,19,0,19,G
6-NA,32,0,0,22,0,22,G
6-NA,33,0,0,0,22,22,C
6-NA,34,0,22,0,0,22,T
6-NA,35,0,0,0,23,23,C
6-NA,36,0,23,0,0,23,T
6-NA,37,0,0,24,0,24,G
6-NA,38,0,23,0,0,23,T
6-NA,39,0,26,0,0,26,T
6-NA,40,0,27,0,0,27,T
6-NA,41,0,0,0,28,28,C
6-NA,42,0,28,0,0,28,T
6-NA,43,0,0,0,28,28,C
6-NA,44,0,28,0,0,28,T
6-NA,45,0,0,0,28,28,C
6-NA,46,28,0,0,0,28,A
6-NA,47,0,0,0,29,29,C
6-NA,48,0,0,0,29,29,C
6-NA,49,29,0,0,0,29,A
6-NA,50,0,29,0,0,29,T
6-NA,51,0,31,0,0,31,T
6-NA,52,0,32,0,0,32,T
6-NA,53,0,0,0,34,34,C
6-NA,54,1,0,0,34,35,C
6-NA,55,35,0,0,0,35,A
6-NA,56,0,0,0,37,37,C
6-NA,57,36,0,0,0,36,A
6-NA,58,38,0,0,0,38,A
6-NA,59,0,38,0,0,38,T
6-NA,60,38,0,0,0,38,A
6-NA,61,0,38,0,0,38,T
6-NA,62,0,0,38,0,38,G
6-NA,63,0,0,0,38,38,C
6-NA,64,0,38,0,0,38,T
6-NA,65,0,39,0,0,39,T
6-NA,66,0,0,0,39,39,C
6-NA,67,0,39,0,0,39,T
6-NA,68,0,38,0,0,38,T
6-NA,69,0,0,0,39,39,C
6-NA,70,40,0,0,0,40,A
6-NA,71,0,40,0,0,40,T
6-NA,72,0,1,39,0,40,G
6-NA,73,0,0,0,41,41,C
6-NA,74,41,0,0,0,41,A
6-NA,75,41,0,0,0,41,A
6-NA,76,42,0,0,0,42,A
6-NA,77,0,41,0,0,41,T
6-NA,78,0,42,0,0,42,T
6-NA,79,0,0,42,0,42,G
6-NA,80,0,0,0,42,42,C
6-NA,81,0,0,0,42,42,C
6-NA,82,41,0,0,0,41,A
6-NA,83,0,42,0,0,42,T
6-NA,84,0,0,0,49,49,C
6-NA,85,0,48,0,0,48,T
6-NA,86,0,49,0,0,49,T
6-NA,87,0,0,51,0,51,G
6-NA,88,50,1,0,0,51,A
6-NA,89,0,52,0,0,52,T
6-NA,90,50,0,0,0,50,A
6-NA,91,51,0,0,0,51,A
6-NA,92,0,0,0,58,58,C
6-NA,93,0,58,0,0,58,T
6-NA,94,55,0,0,0,55,A
6-NA,95,0,0,0,61,61,C
6-NA,96,0,61,0,0,61,T
6-NA,97,0,0,61,0,61,G
6-NA,98,0,61,0,0,61,T
6-NA,99,60,0,0,0,60,A
6-NA,100,62,0,0,0,62,A
6-NA,101,0,0,0,62,62,C
6-NA,102,60,0,0,0,60,A
6-NA,103,0,60,0,0,60,T
6-NA,104,0,60,0,0,60,T
6-NA,105,0,0,60,0,60,G
6-NA,106,0,0,0,59,59,C
6-NA,107,59,0,0,0,59,A
6-NA,108,0,61,0,0,61,T
6-NA,109,0,61,0,0,61,T
6-NA,110,0,61,0,0,61,T
6-NA,111,0,0,0,61,61,C
6-NA,112,61,0,1,0,62,A
6-NA,113,62,0,0,0,62,A
6-NA,114,0,0,62,0,62,G
6-NA,115,0,0,0,62,62,C
6-NA,116,61,0,0,0,61,A
6-NA,117,63,0,0,0,63,A
6-NA,118,0,65,0,0,65,T
6-NA,119,64,0,0,0,64,A
6-NA,120,0,65,0,0,65,T
6-NA,121,0,0,65,0,65,G
6-NA,122,65,0,0,0,65,A
6-NA,123,67,0,0,0,67,A
6-NA,124,0,68,0,0,68,T
6-NA,125,0,68,0,0,68,T
6-NA,126,0,0,0,67,67,C
6-NA,127,67,0,0,0,67,A
6-NA,128,67,0,0,0,67,A
6-NA,129,0,0,0,67,67,C
6-NA,130,0,67,0,0,67,T
6-NA,131,0,0,0,68,68,C
6-NA,132,0,0,0,64,64,C
6-NA,133,0,0,0,66,66,C
6-NA,134,0,0,0,67,67,C
6-NA,135,1,0,0,66,67,C
6-NA,136,0,0,0,68,68,C
6-NA,137,1,0,0,67,68,C
6-NA,138,67,0,0,0,67,A
6-NA,139,67,0,0,0,67,A
6-NA,140,68,0,0,0,68,A
6-NA,141,0,0,0,70,70,C
6-NA,142,69,0,0,0,69,A
6-NA,143,71,0,0,0,71,A
6-NA,144,0,0,0,71,71,C
6-NA,145,0,0,0,69,69,C
6-NA,146,76,0,0,0,76,A
6-NA,147,76,0,0,0,76,A
6-NA,148,1,0,76,0,77,G
6-NA,149,0,77,0,0,77,T
6-NA,150,0,0,77,0,77,G
6-NA,151,82,0,0,0,82,A
6-NA,152,0,82,0,0,82,T
6-NA,153,0,0,82,0,82,G
6-NA,154,0,0,0,82,82,C
6-NA,155,0,82,0,0,82,T
6-NA,156,0,0,92,0,92,G
6-NA,157,0,92,0,0,92,T
6-NA,158,0,0,93,0,93,G
6-NA,159,0,92,0,0,92,T
6-NA,160,0,0,92,0,92,G
6-NA,161,91,0,0,0,91,A
6-NA,162,92,0,0,0,92,A
6-NA,163,0,0,0,92,92,C
6-NA,164,0,0,0,91,91,C
6-NA,165,89,0,0,0,89,A
6-NA,166,89,0,0,0,89,A
6-NA,167,0,0,0,93,93,C
6-NA,168,92,0,0,0,92,A
6-NA,169,95,0,0,0,95,A
6-NA,170,0,94,1,0,95,T
6-NA,171,95,0,0,0,95,A
6-NA,172,95,0,0,0,95,A
6-NA,173,0,95,0,0,95,T
6-NA,174,95,0,0,0,95,A
6-NA,175,0,0,95,0,95,G
6-NA,176,93,0,0,0,93,A
6-NA,177,93,0,0,0,93,A
6-NA,178,92,0,0,0,92,A
6-NA,179,0,0,94,0,94,G
6-NA,180,99,0,0,0,99,A
6-NA,181,99,0,0,0,99,A
6-NA,182,100,0,0,0,100,A
6-NA,183,0,0,0,100,100,C
6-NA,184,100,0,0,0,100,A
6-NA,185,0,100,0,0,100,T
6-NA,186,104,0,0,0,104,A
6-NA,187,104,0,0,0,104,A
6-NA,188,0,0,0,105,105,C
6-NA,189,104,0,1,0,105,A
6-NA,190,0,0,110,0,110,G
6-NA,191,108,0,0,0,108,A
6-NA,192,0,0,109,0,109,G
6-NA,193,111,0,0,0,111,A
6-NA,194,0,110,0,0,110,T
6-NA,195,112,0,0,0,112,A
6-NA,196,0,0,115,0,115,G
6-NA,197,0,114,0,0,114,T
6-NA,198,1,0,117,0,118,G
6-NA,199,0,119,0,0,119,T
6-NA,200,118,0,0,0,118,A
6-NA,201,0,118,0,0,118,T
6-NA,202,0,0,0,117,117,C
6-NA,203,0,115,0,0,115,T
6-NA,204,0,0,119,0,119,G
6-NA,205,117,0,0,0,117,A
6-NA,206,0,0,0,117,117,C
6-NA,207,0,0,0,118,118,C
6-NA,208,117,0,0,0,117,A
6-NA,209,117,0,0,0,117,A
6-NA,210,0,0,0,118,118,C
6-NA,211,117,0,0,0,117,A
6-NA,212,0,0,0,126,126,C
6-NA,213,0,0,0,123,123,C
6-NA,214,127,0,0,0,127,A
6-NA,215,0,0,0,134,134,C
6-NA,216,0,0,0,132,132,C
6-NA,217,132,0,0,0,132,A
6-NA,218,0,131,0,0,131,T
6-NA,219,132,0,1,0,133,A
6-NA,220,0,0,133,0,133,G
6-NA,221,131,0,0,0,131,A
6-NA,222,0,0,139,0,139,G
6-NA,223,137,0,0,0,137,A
6-NA,224,134,0,0,0,134,A
6-NA,225,0,0,135,0,135,G
6-NA,226,0,0,137,0,137,G
6-NA,227,138,0,0,0,138,A
6-NA,228,139,0,0,0,139,A
6-NA,229,138,0,0,0,138,A
6-NA,230,0,136,0,0,136,T
6-NA,231,137,0,0,0,137,A
6-NA,232,0,136,0,0,136,T
6-NA,233,1,0,135,0,136,G
6-NA,234,0,135,0,0,135,T
6-NA,235,0,0,0,140,140,C
6-NA,236,0,0,0,138,138,C
6-NA,237,0,0,0,139,139,C
6-NA,238,140,0,0,0,140,A
6-NA,239,146,0,0,0,146,A
6-NA,240,147,0,0,0,147,A
6-NA,241,0,0,0,147,147,C
6-NA,242,0,144,0,0,144,T
6-NA,243,145,0,0,0,145,A
6-NA,244,0,0,144,0,144,G
6-NA,245,0,0,0,145,145,C
6-NA,246,143,0,1,0,144,A
6-NA,247,0,1,145,0,146,G
6-NA,248,145,0,0,0,145,A
6-NA,249,153,0,0,0,153,A
6-NA,250,0,153,0,0,153,T
6-NA,251,153,0,0,0,153,A
6-NA,252,0,0,0,154,154,C
6-NA,253,154,0,0,0,154,A
6-NA,254,0,0,154,0,154,G
6-NA,255,154,0,0,0,154,A
6-NA,256,154,0,0,0,154,A
6-NA,257,153,0,1,0,154,A
6-NA,258,1,150,0,0,151,T
6-NA,259,0,151,0,0,151,T
6-NA,260,0,0,151,0,151,G
6-NA,261,0,1,147,0,148,G
6-NA,262,0,151,0,0,151,T
6-NA,263,0,0,0,151,151,C
6-NA,264,150,0,0,0,150,A
6-NA,265,152,0,0,0,152,A
6-NA,266,151,0,0,0,151,A
6-NA,267,0,0,153,0,153,G
6-NA,268,0,0,0,152,152,C
6-NA,269,0,0,0,151,151,C
6-NA,270,1,0,150,0,151,G
6-NA,271,0,0,0,153,153,C
6-NA,272,152,0,0,0,152,A
6-NA,273,154,0,0,0,154,A
6-NA,274,0,152,0,0,152,T
6-NA,275,0,0,152,0,152,G
6-NA,276,0,0,0,150,150,C
6-NA,277,0,1,151,0,152,G
6-NA,278,153,0,0,0,153,A
6-NA,279,0,0,0,155,155,C
6-NA,280,153,0,0,0,153,A
6-NA,281,0,157,0,0,157,T
6-NA,282,0,156,0,0,156,T
6-NA,283,158,0,0,0,158,A
6-NA,284,0,0,0,158,158,C
6-NA,285,157,0,0,0,157,A
6-NA,286,0,0,160,0,160,G
6-NA,287,0,0,156,0,156,G
6-NA,288,158,0,0,0,158,A
6-NA,289,0,158,0,0,158,T
6-NA,290,0,156,0,0,156,T
6-NA,291,0,157,0,0,157,T
6-NA,292,1,0,154,0,155,G
6-NA,293,0,0,0,156,156,C
6-NA,294,157,0,0,0,157,A
6-NA,295,0,0,0,156,156,C
6-NA,296,0,0,0,157,157,C
6-NA,297,0,157,0,0,157,T
6-NA,298,0,157,0,0,157,T
6-NA,299,0,156,0,0,156,T
6-NA,300,0,156,0,0,156,T
6-NA,301,0,160,0,0,160,T
6-NA,302,0,0,0,160,160,C
6-NA,303,0,159,0,0,159,T
6-NA,304,158,0,0,0,158,A
6-NA,305,158,0,0,0,158,A
6-NA,306,0,0,158,0,158,G
6-NA,307,0,0,157,0,157,G
6-NA,308,158,0,0,0,158,A
6-NA,309,0,0,0,159,159,C
6-NA,310,157,0,0,0,157,A
6-NA,311,154,0,0,0,154,A
6-NA,312,0,158,0,0,158,T
6-NA,313,0,156,0,2,158,T
6-NA,314,0,0,0,160,160,C
6-NA,315,0,1,159,0,160,G
6-NA,316,158,0,0,0,158,A
6-NA,317,0,159,0,0,159,T
6-NA,318,0,159,0,0,159,T
6-NA,319,159,0,0,0,159,A
6-NA,320,0,1,157,0,158,G
6-NA,321,0,0,160,0,160,G
6-NA,322,0,0,0,161,161,C
6-NA,323,0,158,0,0,158,T
6-NA,324,0,159,0,0,159,T
6-NA,325,0,158,1,0,159,T
6-NA,326,0,0,0,160,160,C
6-NA,327,0,0,0,162,162,C
6-NA,328,0,0,162,0,162,G
6-NA,329,0,0,0,163,163,C
6-NA,330,0,164,0,0,164,T
6-NA,331,0,0,169,0,169,G
6-NA,332,0,0,170,0,170,G
6-NA,333,0,169,0,0,169,T
6-NA,334,0,0,169,0,169,G
6-NA,335,1,1,167,0,169,G
6-NA,336,0,0,171,0,171,G
6-NA,337,0,2,168,0,170,G
6-NA,338,170,0,0,0,170,A
6-NA,339,0,0,0,175,175,C
6-NA,340,172,0,0,0,172,A
6-NA,341,0,175,0,0,175,T
6-NA,342,0,0,0,175,175,C
6-NA,343,0,169,0,0,169,T
6-NA,344,0,1,171,0,172,G
6-NA,345,0,0,173,0,173,G
6-NA,346,0,0,174,0,174,G
6-NA,347,0,176,0,0,176,T
6-NA,348,0,0,175,0,175,G
6-NA,349,174,0,1,0,175,A
6-NA,350,0,0,0,176,176,C
6-NA,351,173,0,0,0,173,A
6-NA,352,180,0,0,0,180,A
6-NA,353,0,0,180,0,180,G
6-NA,354,172,0,0,0,172,A
6-NA,355,0,0,180,0,180,G
6-NA,356,177,0,0,0,177,A
6-NA,357,189,0,0,0,189,A
6-NA,358,0,0,0,234,234,C
6-NA,359,0,0,0,245,245,C
6-NA,360,0,245,0,0,245,T
6-NA,361,0,247,0,1,248,T
6-NA,362,248,0,0,0,248,A
6-NA,363,0,250,0,0,250,T
6-NA,364,0,0,266,0,266,G
6-NA,365,0,264,0,1,265,T
6-NA,366,0,0,270,0,270,G
6-NA,367,0,269,0,0,269,T
6-NA,368,0,0,0,269,269,C
6-NA,369,272,0,0,2,274,A
6-NA,370,0,273,0,0,273,T
6-NA,371,0,0,271,0,271,G
6-NA,372,0,0,0,272,272,C
6-NA,373,1,0,269,0,270,G
6-NA,374,298,0,0,0,298,A
6-NA,375,0,297,0,0,297,T
6-NA,376,0,0,0,307,307,C
6-NA,377,0,0,0,306,306,C
6-NA,378,0,312,0,2,314,T
6-NA,379,0,1,316,0,317,G
6-NA,380,305,13,0,0,318,A
6-NA,381,0,0,0,319,319,C
6-NA,382,318,0,0,0,318,A
6-NA,383,308,0,0,0,308,A
6-NA,384,0,0,324,0,324,G
6-NA,385,0,323,0,0,323,T
6-NA,386,0,0,328,0,328,G
6-NA,387,0,327,0,0,327,T
6-NA,388,0,327,0,0,327,T
6-NA,389,327,0,0,0,327,A
6-NA,390,0,328,0,0,328,T
6-NA,391,0,0,0,329,329,C
6-NA,392,328,0,0,0,328,A
6-NA,393,323,0,0,0,323,A
6-NA,394,0,321,0,0,321,T
6-NA,395,0,320,0,0,320,T
6-NA,396,0,317,0,1,318,T
6-NA,397,0,0,323,0,323,G
6-NA,398,0,0,0,352,352,C
6-NA,399,0,0,0,350,350,C
6-NA,400,0,0,0,353,353,C
6-NA,401,1,353,0,0,354,T
6-NA,402,0,353,1,0,354,T
6-NA,403,1,0,360,0,361,G
6-NA,404,0,1,359,0,360,G
6-NA,405,361,0,2,0,363,A
6-NA,406,0,0,0,364,364,C
6-NA,407,354,0,0,0,354,A
6-NA,408,0,3,365,0,368,G
6-NA,409,0,0,367,0,367,G
6-NA,410,0,2,376,0,378,G
6-NA,411,380,0,0,0,380,A
6-NA,412,375,0,0,0,375,A
6-NA,413,0,0,0,375,375,C
6-NA,414,373,0,0,0,373,A
6-NA,415,417,0,0,0,417,A
6-NA,416,1,0,0,416,417,C
6-NA,417,414,0,0,0,414,A
6-NA,418,0,0,0,418,418,C
6-NA,419,0,410,0,0,410,T
6-NA,420,414,0,0,0,414,A
6-NA,421,413,0,0,0,413,A
6-NA,422,413,0,1,0,414,A
6-NA,423,0,0,0,418,418,C
6-NA,424,404,0,1,0,405,A
6-NA,425,411,0,0,0,411,A
6-NA,426,0,1,0,412,413,C
6-NA,427,0,0,412,0,412,G
6-NA,428,0,410,0,0,410,T
6-NA,429,410,0,0,0,410,A
6-NA,430,0,0,0,414,414,C
6-NA,431,415,0,0,0,415,A
6-NA,432,0,416,0,0,416,T
6-NA,433,0,415,0,0,415,T
6-NA,434,0,0,0,417,417,C
6-NA,435,420,0,0,0,420,A
6-NA,436,422,0,0,0,422,A
6-NA,437,423,0,0,0,423,A
6-NA,438,0,421,0,1,422,T
6-NA,439,0,1,422,0,423,G
6-NA,440,426,1,1,0,428,A
6-NA,441,0,0,0,430,430,C
6-NA,442,428,0,0,0,428,A
6-NA,443,0,0,0,439,439,C
6-NA,444,435,0,0,0,435,A
6-NA,445,0,0,567,0,567,G
6-NA,446,0,566,0,0,566,T
6-NA,447,576,0,0,0,576,A
6-NA,448,0,0,0,576,576,C
6-NA,449,0,0,572,0,572,G
6-NA,450,0,595,0,0,595,T
6-NA,451,0,1,592,0,593,G
6-NA,452,594,0,0,0,594,A
6-NA,453,0,593,0,0,593,T
6-NA,454,535,0,0,0,535,A
6-NA,455,1,0,533,0,534,G
6-NA,456,0,1,528,0,529,G
6-NA,457,529,0,1,1,531,A
6-NA,458,0,0,0,537,537,C
6-NA,459,0,0,0,531,531,C
6-NA,460,0,0,0,533,533,C
6-NA,461,3,0,0,533,536,C
6-NA,462,0,539,0,1,540,T
6-NA,463,0,548,0,0,548,T
6-NA,464,549,0,0,0,549,A
6-NA,465,1,548,0,0,549,T
6-NA,466,1,0,0,547,548,C
6-NA,467,1,1,542,0,544,G
6-NA,468,0,1,548,0,549,G
6-NA,469,548,0,0,0,548,A
6-NA,470,0,0,0,549,549,C
6-NA,471,1,0,0,547,548,C
6-NA,472,2,1,0,570,573,C
6-NA,473,0,572,0,0,572,T
6-NA,474,579,0,0,0,579,A
6-NA,475,0,581,0,0,581,T
6-NA,476,0,580,0,0,580,T
6-NA,477,0,1,579,1,581,G
6-NA,478,579,0,0,1,580,A
6-NA,479,0,579,0,0,579,T
6-NA,480,0,0,581,0,581,G
6-NA,481,564,0,0,0,564,A
6-NA,482,566,0,0,0,566,A
6-NA,483,0,560,0,0,560,T
6-NA,484,0,3,567,0,570,G
6-NA,485,568,1,0,0,569,A
6-NA,486,0,1,584,0,585,G
6-NA,487,0,582,0,0,582,T
6-NA,488,0,580,0,0,580,T
6-NA,489,580,0,0,0,580,A
6-NA,490,1,0,579,0,580,G
6-NA,491,0,0,586,0,586,G
6-NA,492,0,585,0,1,586,T
6-NA,493,0,0,584,0,584,G
6-NA,494,0,578,0,0,578,T
6-NA,495,0,573,0,0,573,T
6-NA,496,0,0,1,578,579,C
6-NA,497,1,0,0,582,583,C
6-NA,498,0,578,0,3,581,T
6-NA,499,0,583,0,0,583,T
6-NA,500,0,582,0,0,582,T
6-NA,501,0,582,0,0,582,T
6-NA,502,0,0,0,585,585,C
6-NA,503,583,0,0,0,583,A
6-NA,504,0,608,0,1,609,T
6-NA,505,0,0,0,607,607,C
6-NA,506,0,597,0,1,598,T
6-NA,507,0,1,597,0,598,G
6-NA,508,4,1,591,0,596,G
6-NA,509,0,0,595,0,595,G
6-NA,510,0,1,604,1,606,G
6-NA,511,605,0,0,0,605,A
6-NA,512,0,0,0,607,607,C
6-NA,513,0,0,0,596,596,C
6-NA,514,595,0,2,0,597,A
6-NA,515,597,0,0,0,597,A
6-NA,516,0,0,600,0,600,G
6-NA,517,0,0,0,601,601,C
6-NA,518,601,0,0,0,601,A
6-NA,519,609,0,0,0,609,A
6-NA,520,0,0,610,0,610,G
6-NA,521,0,612,0,0,612,T
6-NA,522,1,0,627,0,628,G
6-NA,523,0,627,0,0,627,T
6-NA,524,0,0,644,0,644,G
6-NA,525,1,0,0,647,648,C
6-NA,526,647,0,1,0,648,A
6-NA,527,0,657,0,1,658,T
6-NA,528,652,0,0,0,652,A
6-NA,529,1,0,674,0,675,G
6-NA,530,0,0,4,670,674,C
6-NA,531,657,0,1,0,658,A
6-NA,532,0,662,0,0,662,T
6-NA,533,0,0,653,0,653,G
6-NA,534,0,0,707,0,707,G
6-NA,535,1,707,0,0,708,T
6-NA,536,0,2,0,701,703,C
6-NA,537,0,0,0,714,714,C
6-NA,538,720,0,0,0,720,A
6-NA,539,0,0,767,0,767,G
6-NA,540,0,0,0,771,771,C
6-NA,541,0,769,0,0,769,T
6-NA,542,2,0,0,768,770,C
6-NA,543,753,0,0,0,753,A
6-NA,544,767,0,0,0,767,A
6-NA,545,0,0,777,0,777,G
6-NA,546,0,776,0,0,776,T
6-NA,547,0,774,0,0,774,T
6-NA,548,0,0,780,0,780,G
6-NA,549,0,782,0,0,782,T
6-NA,550,4,0,0,779,783,C
6-NA,551,777,0,1,0,778,A
6-NA,552,0,0,0,787,787,C
6-NA,553,0,1,783,0,784,G
6-NA,554,814,0,1,0,815,A
6-NA,555,1,813,0,0,814,T
6-NA,556,0,0,852,0,852,G
6-NA,557,0,1,864,0,865,G
6-NA,558,860,3,0,1,864,A
6-NA,559,863,0,0,0,863,A
6-NA,560,874,0,1,0,875,A
6-NA,561,883,0,1,0,884,A
6-NA,562,0,0,896,0,896,G
6-NA,563,0,0,0,891,891,C
6-NA,564,892,0,0,0,892,A
6-NA,565,0,895,0,1,896,T
6-NA,566,1,2,913,0,916,G
6-NA,567,1,0,920,0,921,G
6-NA,568,0,0,0,934,934,C
6-NA,569,0,938,0,1,939,T
6-NA,570,0,1,946,0,947,G
6-NA,571,0,0,0,942,942,C
6-NA,572,944,0,0,0,944,A
6-NA,573,0,995,0,1,996,T
6-NA,574,1,1,1002,1,1005,G
6-NA,575,0,1011,0,0,1011,T
6-NA,576,0,1040,0,0,1040,T
6-NA,577,0,1041,0,0,1041,T
6-NA,578,0,1,1127,0,1128,G
6-NA,579,0,1123,0,0,1123,T
6-NA,580,1132,0,1,0,1133,A
6-NA,581,0,1137,0,1,1138,T
6-NA,582,1129,1,1,0,1131,A
6-NA,583,1143,0,1,0,1144,A
6-NA,584,0,16,0,1122,1138,C
6-NA,585,3,1,1126,0,1130,G
6-NA,586,0,4,1136,0,1140,G
6-NA,587,0,3,1121,0,1124,G
6-NA,588,0,2,1129,0,1131,G
6-NA,589,0,0,1133,0,1133,G
6-NA,590,1127,0,0,0,1127,A
6-NA,591,0,1141,0,0,1141,T
6-NA,592,1,1,1144,0,1146,G
6-NA,593,1146,0,2,0,1148,A
6-NA,594,0,1155,0,0,1155,T
6-NA,595,1150,0,1,0,1151,A
6-NA,596,1175,0,0,0,1175,A
6-NA,597,1183,0,0,0,1183,A
6-NA,598,1183,0,1,0,1184,A
6-NA,599,1187,0,0,0,1187,A
6-NA,600,0,1191,0,1,1192,T
6-NA,601,0,0,1192,0,1192,G
6-NA,602,0,0,0,1193,1193,C
6-NA,603,1193,0,0,0,1193,A
6-NA,604,1197,0,2,0,1199,A
6-NA,605,0,0,0,1217,1217,C
6-NA,606,0,1210,0,0,1210,T
6-NA,607,0,0,1221,1,1222,G
6-NA,608,0,2,0,1219,1221,C
6-NA,609,0,1220,0,1,1221,T
6-NA,610,1224,0,1,0,1225,A
6-NA,611,0,0,1225,0,1225,G
6-NA,612,1,0,0,1246,1247,C
6-NA,613,0,1244,0,0,1244,T
6-NA,614,0,1243,0,1,1244,T
6-NA,615,2,0,0,1257,1259,C
6-NA,616,1269,0,0,0,1269,A
6-NA,617,0,1266,0,2,1268,T
6-NA,618,0,1271,0,0,1271,T
6-NA,619,0,1282,1,1,1284,T
6-NA,620,1293,1,0,0,1294,A
6-NA,621,1,0,0,1309,1310,C
6-NA,622,1302,0,1,0,1303,A
6-NA,623,1328,0,0,0,1328,A
6-NA,624,0,1324,0,1,1325,T
6-NA,625,0,7,1326,0,1333,G
6-NA,626,0,0,1329,0,1329,G
6-NA,627,0,34,1292,0,1326,G
6-NA,628,1323,0,2,1,1326,A
6-NA,629,0,3,1361,1,1365,G
6-NA,630,5,3,1375,0,1383,G
6-NA,631,0,0,1,1515,1516,C
6-NA,632,1,1510,0,1,1512,T
6-NA,633,0,1525,0,1,1526,T
6-NA,634,2,1,1540,0,1543,G
6-NA,635,0,1543,0,0,1543,T
6-NA,636,1584,0,1,0,1585,A
6-NA,637,0,1,1591,0,1592,G
6-NA,638,1560,0,1,0,1561,A
6-NA,639,0,1571,0,0,1571,T
6-NA,640,1486,0,0,0,1486,A
6-NA,641,0,0,1488,0,1488,G
6-NA,642,0,1481,1,1,1483,T
6-NA,643,0,0,1458,0,1458,G
6-NA,644,0,1542,0,0,1542,T
6-NA,645,0,1541,0,0,1541,T
6-NA,646,0,0,1571,0,1571,G
6-NA,647,1,1569,0,1,1571,T
6-NA,648,1,1570,0,0,1571,T
6-NA,649,0,1571,0,1,1572,T
6-NA,650,5,0,0,1550,1555,C
6-NA,651,1558,0,1,0,1559,A
6-NA,652,0,1553,0,0,1553,T
6-NA,653,0,3,1554,0,1557,G
6-NA,654,1,7,1682,2,1692,G
6-NA,655,1,1687,0,0,1688,T
6-NA,656,4,0,0,1678,1682,C
6-NA,657,4,0,0,1680,1684,C
6-NA,658,1690,0,0,0,1690,A
6-NA,659,1708,0,0,0,1708,A
6-NA,660,1699,0,5,0,1704,A
6-NA,661,0,1,1722,0,1723,G
6-NA,662,1715,0,1,0,1716,A
6-NA,663,1667,0,0,0,1667,A
6-NA,664,1664,0,1,0,1665,A
6-NA,665,0,1661,0,0,1661,T
6-NA,666,0,0,1,1713,1714,C
6-NA,667,1,1,0,1710,1712,C
6-NA,668,0,1708,0,1,1709,T
6-NA,669,1,0,0,1710,1711,C
6-NA,670,1710,0,3,0,1713,A
6-NA,671,0,3,1719,0,1722,G
6-NA,672,0,1,1721,0,1722,G
6-NA,673,1792,0,0,1,1793,A
6-NA,674,1,1,0,1789,1791,C
6-NA,675,3,0,0,1763,1766,C
6-NA,676,10,0,0,1757,1767,C
6-NA,677,1766,0,6,0,1772,A
6-NA,678,0,3,1771,0,1774,G
6-NA,679,0,2,1775,0,1777,G
6-NA,680,1773,0,2,0,1775,A
6-NA,681,2,0,1794,0,1796,G
6-NA,682,0,1774,0,2,1776,T
6-NA,683,3,1,0,1775,1779,C
6-NA,684,1773,0,1,0,1774,A
6-NA,685,0,3,1781,0,1784,G
6-NA,686,1780,0,0,0,1780,A
6-NA,687,1781,0,0,0,1781,A
6-NA,688,0,1776,0,0,1776,T
6-NA,689,0,0,1787,0,1787,G
6-NA,690,1,4,0,1787,1792,C
6-NA,691,1,0,1801,0,1802,G
6-NA,692,0,1801,0,0,1801,T
6-NA,693,1,1801,0,0,1802,T
6-NA,694,0,1797,0,0,1797,T
6-NA,695,0,0,1813,0,1813,G
6-NA,696,0,1817,0,0,1817,T
6-NA,697,1816,0,1,0,1817,A
6-NA,698,0,1810,0,1,1811,T
6-NA,699,2,1,0,1814,1817,C
6-NA,700,1809,1,0,0,1810,A
6-NA,701,1810,0,0,0,1810,A
6-NA,702,0,1814,0,0,1814,T
6-NA,703,0,4,1807,1,1812,G
6-NA,704,1,4,1816,0,1821,G
6-NA,705,1873,0,0,0,1873,A
6-NA,706,1878,0,1,0,1879,A
6-NA,707,0,0,0,1895,1895,C
6-NA,708,0,1905,1,3,1909,T
6-NA,709,0,1899,0,0,1899,T
6-NA,710,0,0,1976,0,1976,G
6-NA,711,0,1977,1,0,1978,T
6-NA,712,1972,1,1,0,1974,A
6-NA,713,2,0,0,2013,2015,C
6-NA,714,1967,0,0,0,1967,A
6-NA,715,0,4,2106,0,2110,G
6-NA,716,0,2094,0,0,2094,T
6-NA,717,2184,0,2,0,2186,A
6-NA,718,2,1,2193,0,2196,G
6-NA,719,0,2157,0,0,2157,T
6-NA,720,2157,0,0,0,2157,A
6-NA,721,2148,1,2,0,2151,A
6-NA,722,0,2134,0,0,2134,T
6-NA,723,1,5,2138,0,2144,G
6-NA,724,2095,0,0,0,2095,A
6-NA,725,2,0,0,2118,2120,C
6-NA,726,1,2070,0,1,2072,T
6-NA,727,0,2,2080,0,2082,G
6-NA,728,2083,0,2,0,2085,A
6-NA,729,0,2093,0,0,2093,T
6-NA,730,3,4,2087,0,2094,G
6-NA,731,0,1,2082,0,2083,G
6-NA,732,0,2,2080,0,2082,G
6-NA,733,2056,1,4,0,2061,A
6-NA,734,3,1,2053,0,2057,G
6-NA,735,0,2053,0,0,2053,T
6-NA,736,0,1,2055,0,2056,G
6-NA,737,1,0,0,2061,2062,C
6-NA,738,1,2042,0,1,2044,T
6-NA,739,0,2050,0,0,2050,T
6-NA,740,2,0,0,2042,2044,C
6-NA,741,1,7,2028,0,2036,G
6-NA,742,0,0,2052,0,2052,G
6-NA,743,1,2,2047,0,2050,G
6-NA,744,2046,0,2,0,2048,A
6-NA,745,2035,0,2,0,2037,A
6-NA,746,2032,0,2,0,2034,A
6-NA,747,2038,0,4,0,2042,A
6-NA,748,0,0,2051,0,2051,G
6-NA,749,0,0,0,2048,2048,C
6-NA,750,0,2037,0,1,2038,T
6-NA,751,0,5,2029,0,2034,G
6-NA,752,2033,0,2,0,2035,A
6-NA,753,0,2053,0,1,2054,T
6-NA,754,2061,0,2,0,2063,A
6-NA,755,2,0,0,2134,2136,C
6-NA,756,0,2123,0,1,2124,T
6-NA,757,2123,0,1,0,2124,A
6-NA,758,2127,1,0,1,2129,A
6-NA,759,2124,1,0,0,2125,A
6-NA,760,2162,0,2,1,2165,A
6-NA,761,0,2164,0,0,2164,T
6-NA,762,2148,0,0,1,2149,A
6-NA,763,1,0,0,2159,2160,C
6-NA,764,1,2078,0,1,2080,T
6-NA,765,2120,0,1,0,2121,A
6-NA,766,0,2110,0,3,2113,T
6-NA,767,0,2281,0,0,2281,T
6-NA,768,4,1,0,2302,2307,C
6-NA,769,2285,1,1,0,2287,A
6-NA,770,0,2277,0,1,2278,T
6-NA,771,0,2286,0,0,2286,T
6-NA,772,2257,0,0,0,2257,A
6-NA,773,2260,0,2,0,2262,A
6-NA,774,0,1,2274,0,2275,G
6-NA,775,1,4,2269,1,2275,G
6-NA,776,2116,1,8,0,2125,A
6-NA,777,0,5,2150,0,2155,G
6-NA,778,0,9,2153,0,2162,G
6-NA,779,2,2,2148,0,2152,G
6-NA,780,0,0,2160,0,2160,G
6-NA,781,2149,0,3,0,2152,A
6-NA,782,2156,0,0,0,2156,A
6-NA,783,2146,0,1,0,2147,A
6-NA,784,2150,1,1,0,2152,A
6-NA,785,0,2147,0,0,2147,T
6-NA,786,6,0,0,2136,2142,C
6-NA,787,1,0,2164,0,2165,G
6-NA,788,0,2161,0,0,2161,T
6-NA,789,0,2152,0,0,2152,T
6-NA,790,6,0,0,2152,2158,C
6-NA,791,2164,0,0,0,2164,A
6-NA,792,0,2331,0,1,2332,T
6-NA,793,2326,0,2,0,2328,A
6-NA,794,1,0,0,2349,2350,C
6-NA,795,0,2340,0,1,2341,T
6-NA,796,2347,0,2,0,2349,A
6-NA,797,1,0,2346,0,2347,G
6-NA,798,0,1,1,2349,2351,C
6-NA,799,2349,1,0,0,2350,A
6-NA,800,0,0,0,2353,2353,C
6-NA,801,2262,0,0,0,2262,A
6-NA,802,0,2300,0,1,2301,T
6-NA,803,0,2293,0,2,2295,T
6-NA,804,0,0,2483,0,2483,G
6-NA,805,0,2470,0,1,2471,T
6-NA,806,6,0,0,2469,2475,C
6-NA,807,2473,0,3,0,2476,A
6-NA,808,1,3,2481,0,2485,G
6-NA,809,0,2,2489,0,2491,G
6-NA,810,2483,1,2,0,2486,A
6-NA,811,2459,0,0,0,2459,A
6-NA,812,1,1,2505,0,2507,G
6-NA,813,0,2361,0,0,2361,T
6-NA,814,2,0,2370,0,2372,G
6-NA,815,0,1,0,2369,2370,C
6-NA,816,0,2360,0,0,2360,T
6-NA,817,4,0,0,2375,2379,C
6-NA,818,2370,2,2,0,2374,A
6-NA,819,2,0,2391,0,2393,G
6-NA,820,0,0,0,2391,2391,C
6-NA,821,2391,0,1,1,2393,A
6-NA,822,0,2395,0,0,2395,T
6-NA,823,0,1,2485,0,2486,G
6-NA,824,0,2485,0,3,2488,T
6-NA,825,6,3,0,2480,2489,C
6-NA,826,2,4,2484,0,2490,G
6-NA,827,2483,1,1,1,2486,A
6-NA,828,0,5,2473,0,2478,G
6-NA,829,0,5,2476,1,2482,G
6-NA,830,2465,0,4,1,2470,A
6-NA,831,0,1,2528,0,2529,G
6-NA,832,0,2434,0,1,2435,T
6-NA,833,1,0,2443,0,2444,G
6-NA,834,0,1,0,2494,2495,C
6-NA,835,0,2481,0,5,2486,T
6-NA,836,2,0,0,2506,2508,C
6-NA,837,3,0,0,2506,2509,C
6-NA,838,0,2512,0,2,2514,T
6-NA,839,0,2,2519,0,2521,G
6-NA,840,0,1,1,2497,2499,C
6-NA,841,0,2469,0,4,2473,T
6-NA,842,2478,0,0,0,2478,A
6-NA,843,0,2409,0,4,2413,T
6-NA,844,3,0,0,2435,2438,C
6-NA,845,4,1,0,2430,2435,C
6-NA,846,0,2432,0,4,2436,T
6-NA,847,2,0,0,2448,2450,C
6-NA,848,1,1,2448,0,2450,G
6-NA,849,2495,2,1,0,2498,A
6-NA,850,0,2498,1,1,2500,T
6-NA,851,2519,0,0,0,2519,A
6-NA,852,1,2521,0,0,2522,T
6-NA,853,0,0,1,2517,2518,C
6-NA,854,5,2,0,2504,2511,C
6-NA,855,0,2505,0,1,2506,T
6-NA,856,1,3,2515,1,2520,G
6-NA,857,9,2,2522,0,2533,G
6-NA,858,1,2565,1,2,2569,T
6-NA,859,0,1,2568,1,2570,G
6-NA,860,0,2546,0,2,2548,T
6-NA,861,4,4,1,2536,2545,C
6-NA,862,2539,1,0,0,2540,A
6-NA,863,0,4,2538,0,2542,G
6-NA,864,2542,0,0,0,2542,A
6-NA,865,0,2525,0,0,2525,T
6-NA,866,1,2,2528,0,2531,G
6-NA,867,0,2511,0,0,2511,T
6-NA,868,0,0,2516,0,2516,G
6-NA,869,1,2517,0,2,2520,T
6-NA,870,5,0,1,2510,2516,C
6-NA,871,1,2509,1,3,2514,T
6-NA,872,1,1,2517,1,2520,G
6-NA,873,1,1,0,2514,2516,C
6-NA,874,2510,1,4,0,2515,A
6-NA,875,0,3,2519,0,2522,G
6-NA,876,2456,2,2,0,2460,A
6-NA,877,1,4,2460,0,2465,G
6-NA,878,2451,0,3,0,2454,A
6-NA,879,1,0,0,2502,2503,C
6-NA,880,2504,0,2,0,2506,A
6-NA,881,2518,1,3,0,2522,A
6-NA,882,1,0,0,2526,2527,C
6-NA,883,0,2531,0,3,2534,T
6-NA,884,3,1,2536,0,2540,G
6-NA,885,0,1,2532,0,2533,G
6-NA,886,2526,0,1,0,2527,A
6-NA,887,2513,1,2,0,2516,A
6-NA,888,2467,0,3,0,2470,A
6-NA,889,2,1,2514,0,2517,G
6-NA,890,1,0,2510,0,2511,G
6-NA,891,0,0,0,2497,2497,C
6-NA,892,0,2479,0,4,2483,T
6-NA,893,4,0,0,2547,2551,C
6-NA,894,1,0,1,2580,2582,C
6-NA,895,2586,0,0,0,2586,A
6-NA,896,2582,1,1,0,2584,A
6-NA,897,1,2590,0,0,2591,T
6-NA,898,2513,1,1,0,2515,A
6-NA,899,0,2,2499,0,2501,G
6-NA,900,0,0,2512,0,2512,G
6-NA,901,0,1,0,2511,2512,C
6-NA,902,3,2,0,2442,2447,C
6-NA,903,3,1,0,2425,2429,C
6-NA,904,2464,1,1,0,2466,A
6-NA,905,1,2479,0,3,2483,T
6-NA,906,1,2,0,2479,2482,C
6-NA,907,0,1,2485,2,2488,G
6-NA,908,0,2483,0,0,2483,T
6-NA,909,2434,1,0,0,2435,A
6-NA,910,0,1,2496,0,2497,G
6-NA,911,2487,1,2,0,2490,A
6-NA,912,0,2505,0,0,2505,T
6-NA,913,2457,0,1,0,2458,A
6-NA,914,0,2431,0,0,2431,T
6-NA,915,2419,0,3,1,2423,A
6-NA,916,2425,0,1,0,2426,A
6-NA,917,2475,3,3,0,2481,A
6-NA,918,0,0,0,2551,2551,C
6-NA,919,2507,0,1,0,2508,A
6-NA,920,1,2499,0,0,2500,T
6-NA,921,2496,0,1,0,2497,A
6-NA,922,2498,1,3,0,2502,A
6-NA,923,2498,0,3,0,2501,A
6-NA,924,0,2,2526,0,2528,G
6-NA,925,0,0,2532,0,2532,G
6-NA,926,2472,1,0,0,2473,A
6-NA,927,1,2459,1,1,2462,T
6-NA,928,1,0,0,2470,2471,C
6-NA,929,2486,1,2,0,2489,A
6-NA,930,0,2492,0,0,2492,T
6-NA,931,2480,0,5,0,2485,A
6-NA,932,0,1,2495,0,2496,G
6-NA,933,2,0,0,2470,2472,C
6-NA,934,2425,0,1,0,2426,A
6-NA,935,0,2358,0,0,2358,T
6-NA,936,0,2363,0,0,2363,T
6-NA,937,0,0,2436,0,2436,G
6-NA,938,1,2436,0,0,2437,T
6-NA,939,0,2487,1,3,2491,T
6-NA,940,1,2486,0,1,2488,T
6-NA,941,5,0,0,2471,2476,C
6-NA,942,1,5,0,2478,2484,C
6-NA,943,2521,0,1,0,2522,A
6-NA,944,2,2,2551,0,2555,G
6-NA,945,0,2549,0,4,2553,T
6-NA,946,0,2490,0,0,2490,T
6-NA,947,2490,0,0,0,2490,A
6-NA,948,0,2478,0,0,2478,T
6-NA,949,0,1,2477,0,2478,G
6-NA,950,0,2457,0,0,2457,T
6-NA,951,0,0,2469,0,2469,G
6-NA,952,0,2409,0,0,2409,T
6-NA,953,2,2,2465,0,2469,G
6-NA,954,0,2465,0,4,2469,T
6-NA,955,0,2454,0,0,2454,T
6-NA,956,7,0,0,2449,2456,C
6-NA,957,2442,0,3,1,2446,A
6-NA,958,2,2,2458,0,2462,G
6-NA,959,0,4,2457,0,2461,G
6-NA,960,2446,0,1,0,2447,A
6-NA,961,9,1,0,2435,2445,C
6-NA,962,1,2379,0,1,2381,T
6-NA,963,0,2386,1,0,2387,T
6-NA,964,1,1,2488,0,2490,G
6-NA,965,0,2486,0,1,2487,T
6-NA,966,0,2486,1,1,2488,T
6-NA,967,2,7,2471,0,2480,G
6-NA,968,0,5,2482,0,2487,G
6-NA,969,2472,1,8,0,2481,A
6-NA,970,1,2,2487,0,2490,G
6-NA,971,2482,0,3,0,2485,A
6-NA,972,0,1,0,2475,2476,C
6-NA,973,2381,0,1,0,2382,A
6-NA,974,2,1,0,2392,2395,C
6-NA,975,2398,1,6,0,2405,A
6-NA,976,0,2,0,2422,2424,C
6-NA,977,11,0,0,2393,2404,C
6-NA,978,5,1,0,2398,2404,C
6-NA,979,2402,0,1,0,2403,A
6-NA,980,0,1,2412,0,2413,G
6-NA,981,2412,0,0,0,2412,A
6-NA,982,2417,0,2,1,2420,A
6-NA,983,2407,1,0,0,2408,A
6-NA,984,2394,0,1,0,2395,A
6-NA,985,2390,0,2,0,2392,A
6-NA,986,2388,0,3,0,2391,A
6-NA,987,0,0,0,2396,2396,C
6-NA,988,0,2,2387,0,2389,G
6-NA,989,2336,0,52,0,2388,A
6-NA,990,0,1,0,2387,2388,C
6-NA,991,2372,1,1,0,2374,A
6-NA,992,0,0,2392,0,2392,G
6-NA,993,0,0,0,2488,2488,C
6-NA,994,0,2474,0,0,2474,T
6-NA,995,4,0,0,2474,2478,C
6-NA,996,4,0,0,2488,2492,C
6-NA,997,2486,0,4,0,2490,A
6-NA,998,1,4,2511,0,2516,G
6-NA,999,3,1,0,2509,2513,C
6-NA,1000,2502,1,0,0,2503,A
6-NA,1001,0,1,2498,0,2499,G
6-NA,1002,1,2391,0,2,2394,T
6-NA,1003,2400,0,3,0,2403,A
6-NA,1004,0,0,2408,1,2409,G
6-NA,1005,0,1,0,2411,2412,C
6-NA,1006,2,2,0,2409,2413,C
6-NA,1007,2385,0,1,0,2386,A
6-NA,1008,0,2387,0,0,2387,T
6-NA,1009,1,2388,0,0,2389,T
6-NA,1010,0,1,2443,0,2444,G
6-NA,1011,1,2427,0,2,2430,T
6-NA,1012,0,2422,0,0,2422,T
6-NA,1013,0,2418,0,2,2420,T
6-NA,1014,0,6,2396,0,2402,G
6-NA,1015,0,0,2439,0,2439,G
6-NA,1016,2433,0,2,0,2435,A
6-NA,1017,0,2442,1,1,2444,T
6-NA,1018,3,0,1,2430,2434,C
6-NA,1019,5,1,0,2403,2409,C
6-NA,1020,2,2412,0,1,2415,T
6-NA,1021,2418,0,1,0,2419,A
6-NA,1022,2427,0,2,1,2430,A
6-NA,1023,1,1,0,2466,2468,C
6-NA,1024,2419,0,0,0,2419,A
6-NA,1025,2446,0,0,0,2446,A
6-NA,1026,0,2444,0,0,2444,T
6-NA,1027,0,1,2473,0,2474,G
6-NA,1028,2472,0,0,0,2472,A
6-NA,1029,2462,0,0,0,2462,A
6-NA,1030,1,0,2465,0,2466,G
6-NA,1031,2455,1,3,0,2459,A
6-NA,1032,2410,1,1,0,2412,A
6-NA,1033,0,6,2412,0,2418,G
6-NA,1034,2,1,2421,0,2424,G
6-NA,1035,0,2397,0,1,2398,T
6-NA,1036,0,4,2378,0,2382,G
6-NA,1037,0,0,2466,0,2466,G
6-NA,1038,0,2455,0,1,2456,T
6-NA,1039,9,0,0,2450,2459,C
6-NA,1040,2456,0,1,1,2458,A
6-NA,1041,0,2452,0,1,2453,T
6-NA,1042,0,4,2447,0,2451,G
6-NA,1043,0,9,2469,0,2478,G
6-NA,1044,2463,0,2,0,2465,A
6-NA,1045,0,1,2548,0,2549,G
6-NA,1046,0,2458,0,0,2458,T
6-NA,1047,0,3,2458,0,2461,G
6-NA,1048,2457,0,1,0,2458,A
6-NA,1049,2452,2,1,0,2455,A
6-NA,1050,2465,0,3,0,2468,A
6-NA,1051,0,6,2463,0,2469,G
6-NA,1052,1,2,2454,0,2457,G
6-NA,1053,0,0,0,2459,2459,C
6-NA,1054,0,2388,0,2,2390,T
6-NA,1055,1,6,2386,0,2393,G
6-NA,1056,0,2,2385,0,2387,G
6-NA,1057,0,4,2406,0,2410,G
6-NA,1058,2,0,0,2413,2415,C
6-NA,1059,2,0,0,2418,2420,C
6-NA,1060,0,2386,0,4,2390,T
6-NA,1061,0,2397,0,2,2399,T
6-NA,1062,1,2387,0,2,2390,T
6-NA,1063,0,0,2398,0,2398,G
6-NA,1064,2402,0,0,0,2402,A
6-NA,1065,0,2383,0,1,2384,T
6-NA,1066,1,2,2337,0,2340,G
6-NA,1067,2315,0,3,0,2318,A
6-NA,1068,0,2294,29,0,2323,T
6-NA,1069,1,3,2325,0,2329,G
6-NA,1070,1,4,2357,0,2362,G
6-NA,1071,2356,1,0,0,2357,A
6-NA,1072,2357,0,1,0,2358,A
6-NA,1073,2354,0,0,0,2354,A
6-NA,1074,0,2351,0,0,2351,T
6-NA,1075,2,3,2362,0,2367,G
6-NA,1076,2361,0,1,0,2362,A
6-NA,1077,0,2,0,2355,2357,C
6-NA,1078,1,1,2364,0,2366,G
6-NA,1079,0,2325,0,1,2326,T
6-NA,1080,1,1,2346,0,2348,G
6-NA,1081,0,2337,1,2,2340,T
6-NA,1082,2,6,2339,0,2347,G
6-NA,1083,0,1,2363,0,2364,G
6-NA,1084,2347,0,2,0,2349,A
6-NA,1085,0,2355,0,0,2355,T
6-NA,1086,0,10,2329,0,2339,G
6-NA,1087,1,3,2327,0,2331,G
6-NA,1088,0,4,2344,0,2348,G
6-NA,1089,2326,0,2,0,2328,A
6-NA,1090,2321,0,4,0,2325,A
6-NA,1091,0,4,2321,0,2325,G
6-NA,1092,2291,1,2,0,2294,A
6-NA,1093,2296,0,2,0,2298,A
6-NA,1094,1,0,1,2275,2277,C
6-NA,1095,0,3,2274,0,2277,G
6-NA,1096,2275,0,0,0,2275,A
6-NA,1097,0,2228,0,0,2228,T
6-NA,1098,2,0,0,2237,2239,C
6-NA,1099,2244,0,1,0,2245,A
6-NA,1100,0,0,2249,0,2249,G
6-NA,1101,0,2,0,2246,2248,C
6-NA,1102,0,3,2244,0,2247,G
6-NA,1103,2240,1,3,0,2244,A
6-NA,1104,0,2,2247,0,2249,G
6-NA,1105,2234,0,14,0,2248,A
6-NA,1106,2240,0,1,0,2241,A
6-NA,1107,0,0,2260,0,2260,G
6-NA,1108,0,2241,0,2,2243,T
6-NA,1109,7,0,0,2223,2230,C
6-NA,1110,2219,0,2,0,2221,A
6-NA,1111,0,1,0,2290,2291,C
6-NA,1112,2,0,2292,0,2294,G
6-NA,1113,1,1,0,2295,2297,C
6-NA,1114,0,2285,1,2,2288,T
6-NA,1115,1,2291,0,0,2292,T
6-NA,1116,2256,1,2,1,2260,A
6-NA,1117,0,4,2341,0,2345,G
6-NA,1118,0,6,2332,0,2338,G
6-NA,1119,0,1,2366,0,2367,G
6-NA,1120,1,2234,0,1,2236,T
6-NA,1121,2228,0,1,0,2229,A
6-NA,1122,0,2218,0,2,2220,T
6-NA,1123,0,2,2219,0,2221,G
6-NA,1124,2212,0,2,0,2214,A
6-NA,1125,2210,1,1,0,2212,A
6-NA,1126,2108,0,2,0,2110,A
6-NA,1127,0,0,1,2121,2122,C
6-NA,1128,4,0,0,2079,2083,C
6-NA,1129,0,2070,0,1,2071,T
6-NA,1130,0,2066,0,5,2071,T
6-NA,1131,2,0,0,2073,2075,C
6-NA,1132,2070,0,0,0,2070,A
6-NA,1133,2077,0,0,0,2077,A
6-NA,1134,2071,0,1,0,2072,A
6-NA,1135,0,1,2079,0,2080,G
6-NA,1136,0,2049,0,1,2050,T
6-NA,1137,8,0,0,2049,2057,C
6-NA,1138,2084,0,1,0,2085,A
6-NA,1139,0,2098,0,0,2098,T
6-NA,1140,2,2092,0,1,2095,T
6-NA,1141,1,0,2084,0,2085,G
6-NA,1142,2087,0,0,1,2088,A
6-NA,1143,2105,0,2,0,2107,A
6-NA,1144,1,4,2135,0,2140,G
6-NA,1145,1,0,2131,0,2132,G
6-NA,1146,0,1,0,2122,2123,C
6-NA,1147,0,2060,1,2,2063,T
6-NA,1148,0,6,2071,0,2077,G
6-NA,1149,0,0,2132,1,2133,G
6-NA,1150,1,2124,0,3,2128,T
6-NA,1151,3,7,0,2113,2123,C
6-NA,1152,3,0,0,2111,2114,C
6-NA,1153,2106,0,2,0,2108,A
6-NA,1154,2128,0,1,0,2129,A
6-NA,1155,1,0,0,2138,2139,C
6-NA,1156,4,2,0,2131,2137,C
6-NA,1157,5,1,0,2130,2136,C
6-NA,1158,0,2055,0,1,2056,T
6-NA,1159,2058,0,0,0,2058,A
6-NA,1160,2054,0,0,0,2054,A
6-NA,1161,0,1,2075,0,2076,G
6-NA,1162,0,2058,1,2,2061,T
6-NA,1163,5,1,0,2032,2038,C
6-NA,1164,3,1,1,2006,2011,C
6-NA,1165,2003,0,1,0,2004,A
6-NA,1166,1997,0,1,1,1999,A
6-NA,1167,2006,0,0,0,2006,A
6-NA,1168,1,2001,0,1,2003,T
6-NA,1169,0,2000,0,0,2000,T
6-NA,1170,0,0,1999,0,1999,G
6-NA,1171,1,0,0,1985,1986,C
6-NA,1172,1980,0,0,0,1980,A
6-NA,1173,0,4,1983,0,1987,G
6-NA,1174,1985,1,1,0,1987,A
6-NA,1175,1,2017,1,0,2019,T
6-NA,1176,2020,0,1,0,2021,A
6-NA,1177,2023,0,0,0,2023,A
6-NA,1178,2018,0,3,0,2021,A
6-NA,1179,0,2019,0,0,2019,T
6-NA,1180,2006,0,0,0,2006,A
6-NA,1181,0,2,2004,0,2006,G
6-NA,1182,0,0,1993,0,1993,G
6-NA,1183,2,0,0,1989,1991,C
6-NA,1184,1924,0,2,0,1926,A
6-NA,1185,1941,2,4,1,1948,A
6-NA,1186,0,0,1962,0,1962,G
6-NA,1187,0,1954,0,12,1966,T
6-NA,1188,8,1,1,1949,1959,C
6-NA,1189,1968,0,2,0,1970,A
6-NA,1190,0,1961,0,0,1961,T
6-NA,1191,1982,0,0,0,1982,A
6-NA,1192,0,0,1991,0,1991,G
6-NA,1193,0,1979,0,0,1979,T
6-NA,1194,0,1918,0,1,1919,T
6-NA,1195,1,2,1910,0,1913,G
6-NA,1196,1897,0,1,0,1898,A
6-NA,1197,0,0,0,1896,1896,C
6-NA,1198,1875,0,1,0,1876,A
6-NA,1199,0,2,1908,0,1910,G
6-NA,1200,1880,1,0,0,1881,A
6-NA,1201,0,1,1954,0,1955,G
6-NA,1202,2,1,1953,0,1956,G
6-NA,1203,0,1955,0,1,1956,T
6-NA,1204,1949,0,0,0,1949,A
6-NA,1205,1947,1,1,0,1949,A
6-NA,1206,1,1948,0,0,1949,T
6-NA,1207,1941,0,3,0,1944,A
6-NA,1208,2,2,1907,0,1911,G
6-NA,1209,0,1,1890,1,1892,G
6-NA,1210,0,1762,0,1,1763,T
6-NA,1211,2,1,0,1736,1739,C
6-NA,1212,3,0,2,1731,1736,C
6-NA,1213,1,1,1743,0,1745,G
6-NA,1214,0,1,1748,0,1749,G
6-NA,1215,0,1738,0,2,1740,T
6-NA,1216,0,1742,0,0,1742,T
6-NA,1217,1738,0,0,0,1738,A
6-NA,1218,0,1720,1,0,1721,T
6-NA,1219,0,1721,0,0,1721,T
6-NA,1220,1,0,0,1721,1722,C
6-NA,1221,0,1673,0,1,1674,T
6-NA,1222,0,3,1690,0,1693,G
6-NA,1223,1,0,1692,0,1693,G
6-NA,1224,0,1692,0,3,1695,T
6-NA,1225,1696,0,0,0,1696,A
6-NA,1226,1,1666,1,6,1674,T
6-NA,1227,1,1674,1,1,1677,T
6-NA,1228,0,1670,0,0,1670,T
6-NA,1229,1,1687,0,1,1689,T
6-NA,1230,3,1,0,1682,1686,C
6-NA,1231,1,1659,1,0,1661,T
6-NA,1232,3,1,0,1665,1669,C
6-NA,1233,0,1662,1,1,1664,T
6-NA,1234,1,0,1698,0,1699,G
6-NA,1235,0,1697,1,2,1700,T
6-NA,1236,1,1686,1,1,1689,T
6-NA,1237,1,4,1688,0,1693,G
6-NA,1238,1673,0,0,0,1673,A
6-NA,1239,1669,0,2,1,1672,A
6-NA,1240,0,1,1685,0,1686,G
6-NA,1241,1,1,1679,0,1681,G
6-NA,1242,0,0,0,1692,1692,C
6-NA,1243,1651,0,0,0,1651,A
6-NA,1244,1655,1,1,0,1657,A
6-NA,1245,1658,0,1,0,1659,A
6-NA,1246,1662,0,1,0,1663,A
6-NA,1247,0,0,1666,0,1666,G
6-NA,1248,0,0,0,1664,1664,C
6-NA,1249,0,1650,0,1,1651,T
6-NA,1250,0,0,1665,0,1665,G
6-NA,1251,0,0,0,1661,1661,C
6-NA,1252,1668,0,0,0,1668,A
6-NA,1253,0,1669,0,0,1669,T
6-NA,1254,2,1,1,1652,1656,C
6-NA,1255,1656,0,0,0,1656,A
6-NA,1256,1659,0,0,0,1659,A
6-NA,1257,0,1652,0,0,1652,T
6-NA,1258,1,1,0,1653,1655,C
6-NA,1259,1,3,1617,1,1622,G
6-NA,1260,0,0,1656,0,1656,G
6-NA,1261,2,1652,0,1,1655,T
6-NA,1262,1,1,1657,0,1659,G
6-NA,1263,2,0,0,1668,1670,C
6-NA,1264,0,1650,0,7,1657,T
6-NA,1265,1,1678,0,0,1679,T
6-NA,1266,1,1671,0,0,1672,T
6-NA,1267,0,1676,0,1,1677,T
6-NA,1268,1694,0,1,0,1695,A
6-NA,1269,0,1628,0,1,1629,T
6-NA,1270,0,0,1630,0,1630,G
6-NA,1271,0,1613,0,1,1614,T
6-NA,1272,0,1,1597,0,1598,G
6-NA,1273,0,2,1620,0,1622,G
6-NA,1274,1594,0,2,1,1597,A
6-NA,1275,0,0,1609,0,1609,G
6-NA,1276,1,1600,0,1,1602,T
6-NA,1277,1,1589,0,0,1590,T
6-NA,1278,0,1,1613,0,1614,G
6-NA,1279,1607,0,0,0,1607,A
6-NA,1280,0,1609,0,1,1610,T
6-NA,1281,1601,0,2,0,1603,A
6-NA,1282,1563,0,0,0,1563,A
6-NA,1283,0,1,1572,0,1573,G
6-NA,1284,1,3,1552,0,1556,G
6-NA,1285,0,4,1547,0,1551,G
6-NA,1286,0,3,1532,0,1535,G
6-NA,1287,1519,0,1,0,1520,A
6-NA,1288,1512,1,2,0,1515,A
6-NA,1289,1,1,1513,0,1515,G
6-NA,1290,1514,0,0,0,1514,A
6-NA,1291,1513,1,0,0,1514,A
6-NA,1292,1491,0,0,0,1491,A
6-NA,1293,1458,0,1,0,1459,A
6-NA,1294,0,1,1456,0,1457,G
6-NA,1295,1446,0,1,0,1447,A
6-NA,1296,0,0,1442,0,1442,G
6-NA,1297,0,0,1444,1,1445,G
6-NA,1298,1428,0,2,0,1430,A
6-NA,1299,1434,0,1,0,1435,A
6-NA,1300,1437,0,1,0,1438,A
6-NA,1301,1,0,1,1442,1444,C
6-NA,1302,0,1445,0,0,1445,T
6-NA,1303,0,1,1440,0,1441,G
6-NA,1304,1441,0,1,0,1442,A
6-NA,1305,1439,0,3,0,1442,A
6-NA,1306,0,0,1450,1,1451,G
6-NA,1307,0,1441,0,0,1441,T
6-NA,1308,0,0,0,1460,1460,C
6-NA,1309,0,1448,0,0,1448,T
6-NA,1310,0,1445,0,0,1445,T
6-NA,1311,1,0,1443,0,1444,G
6-NA,1312,0,1440,0,0,1440,T
6-NA,1313,1,2,1437,0,1440,G
6-NA,1314,0,3,1437,1,1441,G
6-NA,1315,1426,1,0,0,1427,A
6-NA,1316,0,2,0,1429,1431,C
6-NA,1317,4,1,0,1381,1386,C
6-NA,1318,0,1383,0,1,1384,T
6-NA,1319,0,0,0,1391,1391,C
6-NA,1320,1,3,1362,1,1367,G
6-NA,1321,1381,0,2,0,1383,A
6-NA,1322,1381,0,0,0,1381,A
6-NA,1323,0,0,0,1389,1389,C
6-NA,1324,1345,0,1,0,1346,A
6-NA,1325,0,1,1406,0,1407,G
6-NA,1326,0,1392,0,1,1393,T
6-NA,1327,1395,0,1,0,1396,A
6-NA,1328,0,1398,0,1,1399,T
6-NA,1329,0,1367,0,0,1367,T
6-NA,1330,0,0,1375,0,1375,G
6-NA,1331,1,1366,0,3,1370,T
6-NA,1332,0,1314,1,0,1315,T
6-NA,1333,0,0,1323,0,1323,G
6-NA,1334,1,1152,0,1,1154,T
6-NA,1335,3,1,1154,0,1158,G
6-NA,1336,0,1150,0,1,1151,T
6-NA,1337,1,1138,1,1,1141,T
6-NA,1338,0,1143,0,0,1143,T
6-NA,1339,0,1114,0,1,1115,T
6-NA,1340,0,0,1119,0,1119,G
6-NA,1341,0,1121,0,0,1121,T
6-NA,1342,1,1,1110,0,1112,G
6-NA,1343,1,1,1107,1,1110,G
6-NA,1344,0,1,0,1089,1090,C
6-NA,1345,1087,0,0,0,1087,A
6-NA,1346,0,1,0,1100,1101,C
6-NA,1347,1,0,1,1099,1101,C
6-NA,1348,0,1096,0,2,1098,T
6-NA,1349,3,0,0,1100,1103,C
6-NA,1350,1106,0,0,0,1106,A
6-NA,1351,0,0,1112,0,1112,G
6-NA,1352,0,0,1111,0,1111,G
6-NA,1353,0,1105,0,0,1105,T
6-NA,1354,1103,0,0,0,1103,A
6-NA,1355,0,1,0,1039,1040,C
6-NA,1356,1035,0,0,0,1035,A
6-NA,1357,0,1033,0,0,1033,T
6-NA,1358,1008,0,0,0,1008,A
6-NA,1359,0,1005,0,0,1005,T
6-NA,1360,0,1,933,0,934,G
6-NA,1361,0,0,947,0,947,G
6-NA,1362,934,0,0,0,934,A
6-NA,1363,925,0,0,0,925,A
6-NA,1364,0,0,0,918,918,C
6-NA,1365,766,0,0,0,766,A
6-NA,1366,0,1,764,0,765,G
6-NA,1367,1,0,760,0,761,G
6-NA,1368,0,1,0,767,768,C
6-NA,1369,0,761,0,0,761,T
6-NA,1370,1,1,0,727,729,C
6-NA,1371,726,0,1,0,727,A
6-NA,1372,0,727,0,1,728,T
6-NA,1373,0,1,727,0,728,G
6-NA,1374,0,0,727,0,727,G
6-NA,1375,0,0,0,703,703,C
6-NA,1376,0,0,0,699,699,C
6-NA,1377,0,649,0,0,649,T
6-NA,1378,0,0,648,0,648,G
6-NA,1379,644,0,2,0,646,A
6-NA,1380,0,646,0,0,646,T
6-NA,1381,0,2,634,0,636,G
6-NA,1382,0,0,621,0,621,G
6-NA,1383,0,2,572,0,574,G
6-NA,1384,0,0,580,0,580,G
6-NA,1385,0,1,0,562,563,C
6-NA,1386,0,1,562,0,563,G
6-NA,1387,1,0,552,0,553,G
6-NA,1388,546,0,0,0,546,A
6-NA,1389,0,0,0,546,546,C
6-NA,1390,540,0,1,0,541,A
6-NA,1391,0,530,0,0,530,T
6-NA,1392,1,0,0,518,519,C
6-NA,1393,517,0,0,0,517,A
6-NA,1394,516,0,0,0,516,A
6-NA,1395,0,518,0,0,518,T
6-NA,1396,0,1,0,498,499,C
6-NA,1397,0,479,0,1,480,T
6-NA,1398,0,0,0,393,393,C
6-NA,1399,391,0,0,0,391,A
6-NA,1400,0,386,0,0,386,T
6-NA,1401,0,0,387,0,387,G
6-NA,1402,0,0,0,384,384,C
6-NA,1403,1,0,0,368,369,C
6-NA,1404,0,329,0,0,329,T
6-NA,1405,320,0,0,0,320,A
6-NA,1406,0,320,0,0,320,T
6-NA,1407,312,0,0,0,312,A
6-NA,1408,0,312,0,0,312,T
6-NA,1409,276,0,0,0,276,A
6-NA,1410,262,0,0,0,262,A
7-M,1,20,0,0,0,20,A
7-M,2,0,20,0,0,20,T
7-M,3,0,0,20,0,20,G
7-M,4,20,0,0,0,20,A
7-M,5,0,0,22,0,22,G
7-M,6,0,0,0,26,26,C
7-M,7,0,0,0,26,26,C
7-M,8,0,37,0,0,37,T
7-M,9,0,37,0,0,37,T
7-M,10,0,0,0,40,40,C
7-M,11,0,40,0,0,40,T
7-M,12,40,0,0,0,40,A
7-M,13,40,0,0,0,40,A
7-M,14,0,0,0,41,41,C
7-M,15,0,0,0,41,41,C
7-M,16,0,0,41,0,41,G
7-M,17,43,0,0,0,43,A
7-M,18,0,0,46,0,46,G
7-M,19,0,0,46,0,46,G
7-M,20,0,46,0,0,46,T
7-M,21,0,0,0,46,46,C
7-M,22,0,0,46,0,46,G
7-M,23,49,0,0,0,49,A
7-M,24,49,0,0,0,49,A
7-M,25,48,0,0,0,48,A
7-M,26,0,0,0,52,52,C
7-M,27,0,0,52,0,52,G
7-M,28,0,53,0,0,53,T
7-M,29,54,0,0,0,54,A
7-M,30,0,54,0,0,54,T
7-M,31,0,0,55,0,55,G
7-M,32,0,55,0,0,55,T
7-M,33,0,66,0,0,66,T
7-M,34,0,0,0,68,68,C
7-M,35,0,69,0,0,69,T
7-M,36,0,0,0,73,73,C
7-M,37,0,72,0,0,72,T
7-M,38,0,0,0,75,75,C
7-M,39,0,75,0,0,75,T
7-M,40,76,0,0,0,76,A
7-M,41,0,76,0,0,76,T
7-M,42,0,0,0,78,78,C
7-M,43,0,0,79,0,79,G
7-M,44,0,79,0,1,80,T
7-M,45,0,80,0,0,80,T
7-M,46,0,0,0,81,81,C
7-M,47,0,0,0,81,81,C
7-M,48,82,0,0,0,82,A
7-M,49,0,82,0,0,82,T
7-M,50,0,0,0,82,82,C
7-M,51,82,0,1,0,83,A
7-M,52,0,0,84,0,84,G
7-M,53,0,0,83,0,83,G
7-M,54,0,0,0,83,83,C
7-M,55,0,0,0,84,84,C
7-M,56,0,0,0,84,84,C
7-M,57,0,0,0,87,87,C
7-M,58,0,0,0,89,89,C
7-M,59,0,88,0,0,88,T
7-M,60,0,0,0,90,90,C
7-M,61,90,0,0,0,90,A
7-M,62,90,0,0,0,90,A
7-M,63,94,0,0,0,94,A
7-M,64,0,0,94,0,94,G
7-M,65,0,0,0,94,94,C
7-M,66,0,0,0,93,93,C
7-M,67,0,0,93,0,93,G
7-M,68,93,0,0,0,93,A
7-M,69,0,0,94,0,94,G
7-M,70,95,0,0,0,95,A
7-M,71,0,95,0,0,95,T
7-M,72,0,0,0,95,95,C
7-M,73,0,0,95,0,95,G
7-M,74,0,0,0,96,96,C
7-M,75,0,0,96,0,96,G
7-M,76,0,0,0,96,96,C
7-M,77,95,0,0,0,95,A
7-M,78,0,0,94,0,94,G
7-M,79,92,0,0,0,92,A
7-M,80,0,0,100,0,100,G
7-M,81,100,0,0,0,100,A
7-M,82,0,0,0,101,101,C
7-M,83,0,101,0,0,101,T
7-M,84,0,101,0,0,101,T
7-M,85,0,0,102,0,102,G
7-M,86,102,0,0,0,102,A
7-M,87,102,0,0,0,102,A
7-M,88,0,0,101,0,101,G
7-M,89,101,0,0,0,101,A
7-M,90,0,101,0,0,101,T
7-M,91,0,0,103,0,103,G
7-M,92,0,103,0,0,103,T
7-M,93,0,0,0,103,103,C
7-M,94,0,101,0,1,102,T
7-M,95,0,102,0,0,102,T
7-M,96,0,102,0,0,102,T
7-M,97,0,0,104,0,104,G
7-M,98,0,0,0,104,104,C
7-M,99,0,103,0,0,103,T
7-M,100,0,0,104,0,104,G
7-M,101,0,0,103,0,103,G
7-M,102,0,0,108,0,108,G
7-M,103,107,0,0,0,107,A
7-M,104,108,0,0,0,108,A
7-M,105,108,0,0,0,108,A
7-M,106,106,0,0,0,106,A
7-M,107,110,0,0,0,110,A
7-M,108,0,1,0,110,111,C
7-M,109,111,0,0,0,111,A
7-M,110,0,0,0,111,111,C
7-M,111,110,0,0,0,110,A
7-M,112,0,0,112,0,112,G
7-M,113,114,0,0,0,114,A
7-M,114,0,115,0,0,115,T
7-M,115,0,0,0,115,115,C
7-M,116,0,115,0,0,115,T
7-M,117,0,116,0,0,116,T
7-M,118,0,0,116,0,116,G
7-M,119,115,0,0,0,115,A
7-M,120,0,0,115,0,115,G
7-M,121,0,0,115,0,115,G
7-M,122,0,0,0,116,116,C
7-M,123,0,116,0,0,116,T
7-M,124,1,0,0,130,131,C
7-M,125,0,131,0,0,131,T
7-M,126,0,0,0,131,131,C
7-M,127,131,0,0,0,131,A
7-M,128,0,131,0,0,131,T
7-M,129,0,0,131,0,131,G
7-M,130,0,0,132,0,132,G
7-M,131,130,0,0,0,130,A
7-M,132,130,0,0,0,130,A
7-M,133,0,125,0,0,125,T
7-M,134,0,0,131,0,131,G
7-M,135,0,0,141,0,141,G
7-M,136,0,0,0,142,142,C
7-M,137,0,142,0,0,142,T
7-M,138,140,0,0,0,140,A
7-M,139,141,0,0,0,141,A
7-M,140,140,0,2,0,142,A
7-M,141,0,0,144,0,144,G
7-M,142,146,0,0,0,146,A
7-M,143,0,0,0,145,145,C
7-M,144,139,0,0,0,139,A
7-M,145,137,0,1,0,138,A
7-M,146,0,0,141,0,141,G
7-M,147,141,0,0,0,141,A
7-M,148,1,0,0,141,142,C
7-M,149,0,0,0,140,140,C
7-M,150,140,0,0,0,140,A
7-M,151,141,0,0,0,141,A
7-M,152,0,141,0,0,141,T
7-M,153,0,144,0,0,144,T
7-M,154,0,0,0,146,146,C
7-M,155,0,145,0,0,145,T
7-M,156,0,0,143,0,143,G
7-M,157,0,145,0,0,145,T
7-M,158,1,0,0,144,145,C
7-M,159,145,0,0,0,145,A
7-M,160,0,0,0,152,152,C
7-M,161,0,0,0,154,154,C
7-M,162,0,153,0,0,153,T
7-M,163,0,0,0,154,154,C
7-M,164,0,153,0,0,153,T
7-M,165,1,0,159,0,160,G
7-M,166,159,0,0,0,159,A
7-M,167,0,0,0,161,161,C
7-M,168,0,158,0,0,158,T
7-M,169,157,0,0,0,157,A
7-M,170,157,0,0,0,157,A
7-M,171,0,0,158,0,158,G
7-M,172,0,0,157,0,157,G
7-M,173,0,0,156,0,156,G
7-M,174,0,1,155,0,156,G
7-M,175,160,0,0,0,160,A
7-M,176,0,158,0,0,158,T
7-M,177,0,161,0,0,161,T
7-M,178,0,161,0,0,161,T
7-M,179,0,160,0,0,160,T
7-M,180,0,1,158,0,159,G
7-M,181,0,1,159,0,160,G
7-M,182,1,0,160,0,161,G
7-M,183,0,1,160,0,161,G
7-M,184,0,160,0,0,160,T
7-M,185,0,158,0,1,159,T
7-M,186,0,161,0,0,161,T
7-M,187,0,0,163,0,163,G
7-M,188,0,164,0,0,164,T
7-M,189,0,1,163,0,164,G
7-M,190,0,163,0,1,164,T
7-M,191,0,165,0,0,165,T
7-M,192,0,0,0,169,169,C
7-M,193,168,1,0,0,169,A
7-M,194,0,0,0,174,174,C
7-M,195,0,0,174,0,174,G
7-M,196,0,1,0,174,175,C
7-M,197,0,172,0,0,172,T
7-M,198,0,0,0,177,177,C
7-M,199,177,0,0,0,177,A
7-M,200,0,0,0,179,179,C
7-M,201,0,0,0,180,180,C
7-M,202,0,0,180,0,180,G
7-M,203,0,180,0,0,180,T
7-M,204,0,0,182,0,182,G
7-M,205,0,1,0,181,182,C
7-M,206,0,1,0,182,183,C
7-M,207,0,0,0,185,185,C
7-M,208,182,0,0,0,182,A
7-M,209,0,0,185,0,185,G
7-M,210,0,185,0,0,185,T
7-M,211,0,1,185,0,186,G
7-M,212,187,0,0,0,187,A
7-M,213,0,0,185,0,185,G
7-M,214,0,0,0,188,188,C
7-M,215,0,0,188,0,188,G
7-M,216,189,0,0,0,189,A
7-M,217,0,1,187,0,188,G
7-M,218,1,1,188,0,190,G
7-M,219,185,1,0,0,186,A
7-M,220,0,0,1,192,193,C
7-M,221,0,188,0,0,188,T
7-M,222,0,0,189,0,189,G
7-M,223,1,0,0,188,189,C
7-M,224,189,0,0,0,189,A
7-M,225,0,1,198,0,199,G
7-M,226,1,0,0,197,198,C
7-M,227,1,0,198,0,199,G
7-M,228,0,198,0,1,199,T
7-M,229,197,0,1,0,198,A
7-M,230,0,0,197,0,197,G
7-M,231,196,0,0,0,196,A
7-M,232,0,0,0,197,197,C
7-M,233,0,0,197,0,197,G
7-M,234,0,0,0,194,194,C
7-M,235,0,194,0,0,194,T
7-M,236,0,195,0,0,195,T
7-M,237,0,195,0,0,195,T
7-M,238,0,0,205,0,205,G
7-M,239,0,204,0,1,205,T
7-M,240,0,0,0,204,204,C
7-M,241,0,0,0,204,204,C
7-M,242,202,0,0,0,202,A
7-M,243,204,0,0,0,204,A
7-M,244,204,0,0,0,204,A
7-M,245,204,0,0,0,204,A
7-M,246,0,203,0,0,203,T
7-M,247,0,0,203,0,203,G
7-M,248,0,0,0,201,201,C
7-M,249,0,0,0,203,203,C
7-M,250,1,0,0,202,203,C
7-M,251,0,203,0,0,203,T
7-M,252,1,0,0,206,207,C
7-M,253,207,0,0,0,207,A
7-M,254,206,0,1,0,207,A
7-M,255,0,208,0,0,208,T
7-M,256,0,0,209,0,209,G
7-M,257,0,0,208,0,208,G
7-M,258,0,0,209,0,209,G
7-M,259,207,0,0,0,207,A
7-M,260,206,0,0,0,206,A
7-M,261,0,204,0,0,204,T
7-M,262,0,0,204,0,204,G
7-M,263,0,1,203,0,204,G
7-M,264,204,0,0,0,204,A
7-M,265,0,0,204,0,204,G
7-M,266,202,0,0,0,202,A
7-M,267,0,0,0,195,195,C
7-M,268,0,0,0,202,202,C
7-M,269,2,0,1,202,205,C
7-M,270,207,1,0,0,208,A
7-M,271,210,0,0,0,210,A
7-M,272,209,0,0,0,209,A
7-M,273,0,211,0,0,211,T
7-M,274,212,0,0,0,212,A
7-M,275,214,0,0,0,214,A
7-M,276,0,0,0,210,210,C
7-M,277,209,0,0,0,209,A
7-M,278,0,208,1,0,209,T
7-M,279,0,1,217,0,218,G
7-M,280,0,0,217,0,217,G
7-M,281,217,0,0,0,217,A
7-M,282,0,1,0,216,217,C
7-M,283,213,0,0,0,213,A
7-M,284,212,0,0,0,212,A
7-M,285,212,0,0,0,212,A
7-M,286,0,0,213,0,213,G
7-M,287,0,0,0,219,219,C
7-M,288,217,0,0,0,217,A
7-M,289,0,0,224,0,224,G
7-M,290,0,223,0,0,223,T
7-M,291,0,224,0,0,224,T
7-M,292,224,0,0,0,224,A
7-M,293,222,0,0,0,222,A
7-M,294,223,0,0,0,223,A
7-M,295,1,0,0,224,225,C
7-M,296,0,220,0,0,220,T
7-M,297,0,0,235,0,235,G
7-M,298,0,233,0,0,233,T
7-M,299,231,0,0,0,231,A
7-M,300,0,232,0,0,232,T
7-M,301,232,0,0,0,232,A
7-M,302,0,0,231,0,231,G
7-M,303,217,0,0,0,217,A
7-M,304,216,0,1,0,217,A
7-M,305,220,0,0,0,220,A
7-M,306,221,0,0,0,221,A
7-M,307,0,0,0,226,226,C
7-M,308,0,224,0,0,224,T
7-M,309,0,222,0,0,222,T
7-M,310,223,0,0,0,223,A
7-M,311,220,0,0,0,220,A
7-M,312,0,0,221,0,221,G
7-M,313,219,0,0,0,219,A
7-M,314,0,2,216,0,218,G
7-M,315,0,0,218,0,218,G
7-M,316,0,1,216,0,217,G
7-M,317,218,0,0,0,218,A
7-M,318,0,0,223,0,223,G
7-M,319,219,0,0,0,219,A
7-M,320,0,221,0,0,221,T
7-M,321,224,0,0,0,224,A
7-M,322,224,0,0,0,224,A
7-M,323,0,0,0,223,223,C
7-M,324,0,0,221,0,221,G
7-M,325,0,220,0,1,221,T
7-M,326,0,221,0,0,221,T
7-M,327,0,0,0,223,223,C
7-M,328,0,0,0,224,224,C
7-M,329,223,0,0,1,224,A
7-M,330,0,223,0,0,223,T
7-M,331,0,1,222,0,223,G
7-M,332,0,1,220,0,221,G
7-M,333,1,0,220,0,221,G
7-M,334,0,0,222,0,222,G
7-M,335,0,0,0,221,221,C
7-M,336,0,0,0,219,219,C
7-M,337,222,0,0,0,222,A
7-M,338,221,0,0,0,221,A
7-M,339,221,0,0,0,221,A
7-M,340,0,0,225,0,225,G
7-M,341,228,1,0,0,229,A
7-M,342,226,0,0,0,226,A
7-M,343,225,0,0,0,225,A
7-M,344,0,226,0,0,226,T
7-M,345,225,0,0,0,225,A
7-M,346,0,0,226,0,226,G
7-M,347,0,0,0,228,228,C
7-M,348,1,226,0,0,227,T
7-M,349,0,0,0,227,227,C
7-M,350,1,223,0,0,224,T
7-M,351,0,0,0,235,235,C
7-M,352,236,0,0,0,236,A
7-M,353,0,0,236,0,236,G
7-M,354,0,233,0,0,233,T
7-M,355,0,237,0,0,237,T
7-M,356,239,0,0,0,239,A
7-M,357,0,238,0,0,238,T
7-M,358,0,239,0,0,239,T
7-M,359,0,0,0,239,239,C
7-M,360,0,233,0,1,234,T
7-M,361,0,0,238,0,238,G
7-M,362,0,0,0,239,239,C
7-M,363,0,237,0,0,237,T
7-M,364,0,0,237,0,237,G
7-M,365,0,0,239,0,239,G
7-M,366,0,238,0,0,238,T
7-M,367,0,0,241,0,241,G
7-M,368,0,0,0,237,237,C
7-M,369,237,0,0,0,237,A
7-M,370,0,0,0,237,237,C
7-M,371,0,235,0,0,235,T
7-M,372,0,239,0,0,239,T
7-M,373,0,0,239,0,239,G
7-M,374,0,0,0,238,238,C
7-M,375,0,0,0,237,237,C
7-M,376,238,0,0,0,238,A
7-M,377,0,0,241,0,241,G
7-M,378,0,241,0,0,241,T
7-M,379,0,241,0,0,241,T
7-M,380,0,0,244,0,244,G
7-M,381,0,0,0,239,239,C
7-M,382,240,0,0,0,240,A
7-M,383,0,239,0,0,239,T
7-M,384,0,0,240,0,240,G
7-M,385,5,0,237,0,242,G
7-M,386,0,0,243,0,243,G
7-M,387,0,0,0,242,242,C
7-M,388,0,0,0,248,248,C
7-M,389,0,245,0,0,245,T
7-M,390,0,0,0,255,255,C
7-M,391,266,0,0,0,266,A
7-M,392,0,267,0,0,267,T
7-M,393,273,0,0,0,273,A
7-M,394,0,274,0,0,274,T
7-M,395,270,0,0,0,270,A
7-M,396,0,0,0,283,283,C
7-M,397,267,0,0,0,267,A
7-M,398,268,0,0,0,268,A
7-M,399,0,264,0,0,264,T
7-M,400,255,0,0,0,255,A
7-M,401,0,2,254,0,256,G
7-M,402,0,0,251,0,251,G
7-M,403,248,0,1,0,249,A
7-M,404,0,246,0,0,246,T
7-M,405,0,1,234,0,235,G
7-M,406,0,1,235,0,236,G
7-M,407,0,1,238,0,239,G
7-M,408,0,0,246,0,246,G
7-M,409,0,0,246,0,246,G
7-M,410,0,0,0,244,244,C
7-M,411,0,241,0,0,241,T
7-M,412,0,0,243,0,243,G
7-M,413,0,243,0,0,243,T
7-M,414,242,0,0,0,242,A
7-M,415,240,0,0,0,240,A
7-M,416,0,0,0,245,245,C
7-M,417,0,0,0,242,242,C
7-M,418,241,0,0,0,241,A
7-M,419,0,0,0,239,239,C
7-M,420,0,238,0,0,238,T
7-M,421,0,0,241,0,241,G
7-M,422,240,0,0,0,240,A
7-M,423,239,1,1,0,241,A
7-M,424,0,0,244,0,244,G
7-M,425,0,240,0,1,241,T
7-M,426,0,0,241,0,241,G
7-M,427,1,0,237,0,238,G
7-M,428,0,0,0,240,240,C
7-M,429,237,0,1,0,238,A
7-M,430,0,240,0,0,240,T
7-M,431,0,237,0,0,237,T
7-M,432,0,236,0,1,237,T
7-M,433,0,1,241,0,242,G
7-M,434,0,0,240,0,240,G
7-M,435,0,1,0,239,240,C
7-M,436,0,0,0,240,240,C
7-M,437,0,239,0,0,239,T
7-M,438,0,0,257,0,257,G
7-M,439,0,0,260,0,260,G
7-M,440,0,259,0,0,259,T
7-M,441,260,0,0,0,260,A
7-M,442,0,252,0,0,252,T
7-M,443,0,0,261,0,261,G
7-M,444,0,264,0,0,264,T
7-M,445,0,0,263,0,263,G
7-M,446,0,0,0,263,263,C
7-M,447,253,0,0,0,253,A
7-M,448,253,0,0,0,253,A
7-M,449,0,0,0,252,252,C
7-M,450,253,0,0,0,253,A
7-M,451,0,254,0,0,254,T
7-M,452,1,0,250,0,251,G
7-M,453,0,243,0,0,243,T
7-M,454,0,2,242,0,244,G
7-M,455,241,0,0,0,241,A
7-M,456,0,0,243,0,243,G
7-M,457,1,0,0,240,241,C
7-M,458,239,0,0,0,239,A
7-M,459,0,0,239,0,239,G
7-M,460,238,0,0,0,238,A
7-M,461,0,237,0,0,237,T
7-M,462,0,238,0,0,238,T
7-M,463,0,0,240,0,240,G
7-M,464,0,0,0,240,240,C
7-M,465,0,240,0,0,240,T
7-M,466,0,0,240,0,240,G
7-M,467,239,0,0,0,239,A
7-M,468,1,0,0,255,256,C
7-M,469,0,255,0,0,255,T
7-M,470,1,0,0,253,254,C
7-M,471,0,0,1,252,253,C
7-M,472,0,0,0,256,256,C
7-M,473,254,0,0,0,254,A
7-M,474,0,0,251,0,251,G
7-M,475,0,0,0,255,255,C
7-M,476,256,0,0,0,256,A
7-M,477,1,0,0,255,256,C
7-M,478,234,0,0,0,234,A
7-M,479,0,0,242,0,242,G
7-M,480,0,0,244,0,244,G
7-M,481,0,243,0,0,243,T
7-M,482,0,0,0,248,248,C
7-M,483,0,245,0,0,245,T
7-M,484,1,0,0,247,248,C
7-M,485,248,0,0,0,248,A
7-M,486,0,247,0,0,247,T
7-M,487,248,0,0,0,248,A
7-M,488,0,0,239,0,239,G
7-M,489,0,0,239,0,239,G
7-M,490,1,0,0,239,240,C
7-M,491,227,0,0,0,227,A
7-M,492,0,0,222,0,222,G
7-M,493,223,0,1,0,224,A
7-M,494,0,222,0,0,222,T
7-M,495,0,0,226,0,226,G
7-M,496,0,0,223,0,223,G
7-M,497,0,220,0,0,220,T
7-M,498,1,1,225,0,227,G
7-M,499,0,0,229,0,229,G
7-M,500,1,0,0,227,228,C
7-M,501,229,0,0,0,229,A
7-M,502,229,0,0,0,229,A
7-M,503,0,0,0,228,228,C
7-M,504,231,0,0,0,231,A
7-M,505,231,0,0,0,231,A
7-M,506,0,0,0,229,229,C
7-M,507,1,0,0,226,227,C
7-M,508,224,0,1,0,225,A
7-M,509,226,0,1,0,227,A
7-M,510,0,226,0,0,226,T
7-M,511,2,0,0,228,230,C
7-M,512,0,0,0,227,227,C
7-M,513,226,0,0,0,226,A
7-M,514,0,225,0,0,225,T
7-M,515,0,227,0,0,227,T
7-M,516,228,0,0,0,228,A
7-M,517,227,0,0,0,227,A
7-M,518,0,228,0,0,228,T
7-M,519,227,0,0,0,227,A
7-M,520,226,0,0,0,226,A
7-M,521,225,0,0,0,225,A
7-M,522,225,0,0,0,225,A
7-M,523,0,0,0,230,230,C
7-M,524,231,0,0,0,231,A
7-M,525,0,229,0,0,229,T
7-M,526,0,1,228,0,229,G
7-M,527,229,0,0,0,229,A
7-M,528,0,1,232,0,233,G
7-M,529,229,0,0,0,229,A
7-M,530,229,0,1,0,230,A
7-M,531,0,0,0,234,234,C
7-M,532,232,0,0,0,232,A
7-M,533,0,0,238,0,238,G
7-M,534,236,0,0,0,236,A
7-M,535,237,0,0,0,237,A
7-M,536,0,236,0,0,236,T
7-M,537,1,0,238,0,239,G
7-M,538,0,0,238,0,238,G
7-M,539,0,237,0,0,237,T
7-M,540,1,233,0,0,234,T
7-M,541,0,233,0,0,233,T
7-M,542,0,236,0,0,236,T
7-M,543,0,0,235,0,235,G
7-M,544,0,0,237,0,237,G
7-M,545,1,0,0,236,237,C
7-M,546,1,0,0,236,237,C
7-M,547,229,0,0,0,229,A
7-M,548,0,0,232,0,232,G
7-M,549,0,0,0,232,232,C
7-M,550,231,1,0,0,232,A
7-M,551,0,0,0,238,238,C
7-M,552,0,236,0,0,236,T
7-M,553,237,0,0,0,237,A
7-M,554,0,0,0,238,238,C
7-M,555,240,0,0,0,240,A
7-M,556,1,0,246,0,247,G
7-M,557,0,0,1,239,240,C
7-M,558,0,235,0,0,235,T
7-M,559,237,0,0,0,237,A
7-M,560,230,0,0,0,230,A
7-M,561,0,0,230,0,230,G
7-M,562,0,0,233,0,233,G
7-M,563,0,0,0,227,227,C
7-M,564,0,213,0,0,213,T
7-M,565,215,0,0,0,215,A
7-M,566,0,213,0,0,213,T
7-M,567,0,0,216,0,216,G
7-M,568,0,0,215,0,215,G
7-M,569,210,0,0,0,210,A
7-M,570,0,0,209,0,209,G
7-M,571,0,0,0,210,210,C
7-M,572,205,0,0,0,205,A
7-M,573,207,0,0,0,207,A
7-M,574,208,0,0,0,208,A
7-M,575,0,210,0,0,210,T
7-M,576,0,0,211,0,211,G
7-M,577,0,0,211,0,211,G
7-M,578,0,0,0,210,210,C
7-M,579,0,207,0,1,208,T
7-M,580,0,0,210,0,210,G
7-M,581,0,0,213,0,213,G
7-M,582,213,0,0,0,213,A
7-M,583,0,212,0,0,212,T
7-M,584,0,0,0,209,209,C
7-M,585,213,0,0,0,213,A
7-M,586,217,0,0,0,217,A
7-M,587,0,0,215,0,215,G
7-M,588,0,216,0,0,216,T
7-M,589,0,0,216,0,216,G
7-M,590,208,0,0,0,208,A
7-M,591,0,1,205,0,206,G
7-M,592,0,0,0,206,206,C
7-M,593,209,0,0,0,209,A
7-M,594,0,0,207,0,207,G
7-M,595,0,0,208,0,208,G
7-M,596,0,0,0,209,209,C
7-M,597,206,0,1,0,207,A
7-M,598,0,0,206,0,206,G
7-M,599,0,0,0,208,208,C
7-M,600,1,0,206,0,207,G
7-M,601,0,1,203,0,204,G
7-M,602,205,0,0,0,205,A
7-M,603,0,0,210,0,210,G
7-M,604,0,0,215,0,215,G
7-M,605,0,0,0,216,216,C
7-M,606,1,0,0,213,214,C
7-M,607,213,0,0,0,213,A
7-M,608,0,215,0,0,215,T
7-M,609,0,1,214,0,215,G
7-M,610,0,0,215,0,215,G
7-M,611,211,0,0,0,211,A
7-M,612,0,0,211,0,211,G
7-M,613,209,0,0,0,209,A
7-M,614,0,217,0,0,217,T
7-M,615,0,215,0,0,215,T
7-M,616,0,0,216,0,216,G
7-M,617,0,0,0,214,214,C
7-M,618,0,216,0,0,216,T
7-M,619,217,0,0,0,217,A
7-M,620,0,0,218,0,218,G
7-M,621,0,218,0,0,218,T
7-M,622,0,0,0,217,217,C
7-M,623,211,0,1,0,212,A
7-M,624,0,0,215,0,215,G
7-M,625,0,0,215,0,215,G
7-M,626,0,0,0,217,217,C
7-M,627,0,0,0,216,216,C
7-M,628,216,0,0,0,216,A
7-M,629,0,0,218,0,218,G
7-M,630,0,0,217,0,217,G
7-M,631,0,0,0,219,219,C
7-M,632,218,0,0,0,218,A
7-M,633,0,0,219,0,219,G
7-M,634,218,0,0,0,218,A
7-M,635,0,218,0,0,218,T
7-M,636,0,0,219,0,219,G
7-M,637,0,1,227,0,228,G
7-M,638,0,227,0,0,227,T
7-M,639,0,0,227,0,227,G
7-M,640,0,0,0,226,226,C
7-M,641,225,1,0,0,226,A
7-M,642,0,0,229,0,229,G
7-M,643,0,0,229,0,229,G
7-M,644,0,0,0,230,230,C
7-M,645,231,0,0,0,231,A
7-M,646,228,0,0,0,228,A
7-M,647,0,225,0,0,225,T
7-M,648,0,0,226,0,226,G
7-M,649,222,1,0,0,223,A
7-M,650,0,0,223,0,223,G
7-M,651,211,1,0,0,212,A
7-M,652,0,1,215,0,216,G
7-M,653,0,0,0,215,215,C
7-M,654,0,1,0,220,221,C
7-M,655,223,0,0,0,223,A
7-M,656,0,223,0,0,223,T
7-M,657,0,222,0,0,222,T
7-M,658,0,0,221,0,221,G
7-M,659,0,0,223,0,223,G
7-M,660,0,0,222,0,222,G
7-M,661,223,0,0,0,223,A
7-M,662,0,0,0,220,220,C
7-M,663,0,216,0,0,216,T
7-M,664,1,0,0,218,219,C
7-M,665,220,0,0,0,220,A
7-M,666,0,225,0,0,225,T
7-M,667,0,0,0,227,227,C
7-M,668,0,0,0,226,226,C
7-M,669,0,224,0,0,224,T
7-M,670,225,0,0,0,225,A
7-M,671,0,0,228,0,228,G
7-M,672,0,245,0,0,245,T
7-M,673,0,241,0,2,243,T
7-M,674,0,0,0,242,242,C
7-M,675,0,0,0,241,241,C
7-M,676,239,0,0,0,239,A
7-M,677,0,0,245,0,245,G
7-M,678,0,244,0,0,244,T
7-M,679,242,0,0,0,242,A
7-M,680,0,0,0,241,241,C
7-M,681,0,221,0,0,221,T
7-M,682,0,0,223,0,223,G
7-M,683,0,0,228,0,228,G
7-M,684,0,227,0,0,227,T
7-M,685,0,0,0,227,227,C
7-M,686,0,225,0,0,225,T
7-M,687,225,0,0,0,225,A
7-M,688,224,1,0,0,225,A
7-M,689,0,0,225,0,225,G
7-M,690,224,0,0,0,224,A
7-M,691,0,0,219,0,219,G
7-M,692,205,0,0,0,205,A
7-M,693,0,204,0,0,204,T
7-M,694,0,0,206,0,206,G
7-M,695,204,0,0,0,204,A
7-M,696,0,205,0,0,205,T
7-M,697,0,0,0,206,206,C
7-M,698,0,203,0,0,203,T
7-M,699,0,202,0,0,202,T
7-M,700,0,0,0,203,203,C
7-M,701,0,203,0,0,203,T
7-M,702,0,202,0,0,202,T
7-M,703,0,0,203,0,203,G
7-M,704,204,0,0,0,204,A
7-M,705,204,0,0,0,204,A
7-M,706,204,0,0,0,204,A
7-M,707,204,0,0,0,204,A
7-M,708,0,204,0,0,204,T
7-M,709,0,202,0,0,202,T
7-M,710,0,202,0,0,202,T
7-M,711,1,0,202,0,203,G
7-M,712,0,0,0,201,201,C
7-M,713,203,0,0,0,203,A
7-M,714,0,1,202,0,203,G
7-M,715,202,0,0,0,202,A
7-M,716,0,0,1,203,204,C
7-M,717,0,1,0,201,202,C
7-M,718,0,203,0,0,203,T
7-M,719,205,0,0,0,205,A
7-M,720,0,203,0,0,203,T
7-M,721,0,0,0,205,205,C
7-M,722,205,0,0,0,205,A
7-M,723,1,0,203,0,204,G
7-M,724,198,0,1,0,199,A
7-M,725,194,0,1,0,195,A
7-M,726,194,0,1,0,195,A
7-M,727,0,0,0,195,195,C
7-M,728,0,0,198,0,198,G
7-M,729,198,0,0,0,198,A
7-M,730,195,0,0,0,195,A
7-M,731,0,198,0,0,198,T
7-M,732,0,0,199,0,199,G
7-M,733,0,1,199,0,200,G
7-M,734,0,1,196,0,197,G
7-M,735,0,0,202,0,202,G
7-M,736,0,0,204,0,204,G
7-M,737,0,197,0,1,198,T
7-M,738,0,1,196,0,197,G
7-M,739,0,0,0,197,197,C
7-M,740,198,0,0,0,198,A
7-M,741,0,0,202,0,202,G
7-M,742,200,0,0,0,200,A
7-M,743,0,200,0,0,200,T
7-M,744,0,0,198,0,198,G
7-M,745,0,0,0,196,196,C
7-M,746,196,0,0,0,196,A
7-M,747,197,0,0,0,197,A
7-M,748,0,0,0,196,196,C
7-M,749,0,0,196,0,196,G
7-M,750,194,0,0,0,194,A
7-M,751,0,193,0,0,193,T
7-M,752,0,192,0,0,192,T
7-M,753,1,0,0,197,198,C
7-M,754,193,1,0,0,194,A
7-M,755,193,0,0,0,193,A
7-M,756,0,0,194,0,194,G
7-M,757,0,190,0,0,190,T
7-M,758,0,1,187,0,188,G
7-M,759,190,0,0,0,190,A
7-M,760,0,0,0,192,192,C
7-M,761,0,0,0,190,190,C
7-M,762,0,0,0,190,190,C
7-M,763,0,0,195,0,195,G
7-M,764,0,0,0,190,190,C
7-M,765,0,192,0,1,193,T
7-M,766,0,188,0,1,189,T
7-M,767,0,0,194,0,194,G
7-M,768,0,195,0,0,195,T
7-M,769,0,191,1,0,192,T
7-M,770,0,0,192,0,192,G
7-M,771,0,188,0,1,189,T
7-M,772,0,191,0,1,192,T
7-M,773,0,0,191,0,191,G
7-M,774,0,0,0,190,190,C
7-M,775,0,0,0,190,190,C
7-M,776,0,0,188,0,188,G
7-M,777,0,0,0,191,191,C
7-M,778,0,2,190,0,192,G
7-M,779,193,0,0,0,193,A
7-M,780,192,0,1,0,193,A
7-M,781,0,194,0,0,194,T
7-M,782,195,0,0,0,195,A
7-M,783,0,196,1,0,197,T
7-M,784,0,0,0,198,198,C
7-M,785,198,0,1,0,199,A
7-M,786,0,197,0,0,197,T
7-M,787,0,192,0,0,192,T
7-M,788,0,0,190,0,190,G
7-M,789,0,2,191,0,193,G
7-M,790,0,0,193,0,193,G
7-M,791,193,0,0,0,193,A
7-M,792,0,193,0,0,193,T
7-M,793,0,0,0,187,187,C
7-M,794,0,186,0,0,186,T
7-M,795,0,186,0,0,186,T
7-M,796,0,0,188,0,188,G
7-M,797,0,0,0,186,186,C
7-M,798,186,0,0,0,186,A
7-M,799,0,0,0,186,186,C
7-M,800,1,185,0,0,186,T
7-M,801,0,186,0,0,186,T
7-M,802,0,0,187,0,187,G
7-M,803,185,0,0,0,185,A
7-M,804,0,184,0,0,184,T
7-M,805,183,0,0,0,183,A
7-M,806,0,184,0,0,184,T
7-M,807,0,182,0,0,182,T
7-M,808,0,0,182,0,182,G
7-M,809,0,182,0,0,182,T
7-M,810,0,0,179,0,179,G
7-M,811,0,0,179,0,179,G
7-M,812,171,0,0,0,171,A
7-M,813,0,173,0,0,173,T
7-M,814,0,171,0,0,171,T
7-M,815,0,0,0,171,171,C
7-M,816,0,170,0,1,171,T
7-M,817,0,171,0,0,171,T
7-M,818,0,0,171,0,171,G
7-M,819,169,0,0,1,170,A
7-M,820,0,171,0,0,171,T
7-M,821,0,0,0,171,171,C
7-M,822,0,0,170,0,170,G
7-M,823,0,170,0,0,170,T
7-M,824,0,0,0,169,169,C
7-M,825,0,169,0,0,169,T
7-M,826,0,168,1,0,169,T
7-M,827,0,0,0,166,166,C
7-M,828,0,167,0,0,167,T
7-M,829,0,168,0,0,168,T
7-M,830,0,169,0,0,169,T
7-M,831,0,167,0,0,167,T
7-M,832,1,1,0,167,169,C
7-M,833,166,0,1,0,167,A
7-M,834,169,0,0,0,169,A
7-M,835,167,0,0,0,167,A
7-M,836,0,167,0,0,167,T
7-M,837,0,0,167,0,167,G
7-M,838,0,0,0,166,166,C
7-M,839,1,0,166,0,167,G
7-M,840,0,170,0,0,170,T
7-M,841,0,1,0,170,171,C
7-M,842,0,170,0,0,170,T
7-M,843,171,0,0,0,171,A
7-M,844,0,171,0,0,171,T
7-M,845,1,0,0,168,169,C
7-M,846,0,0,170,0,170,G
7-M,847,169,0,0,0,169,A
7-M,848,0,0,0,168,168,C
7-M,849,0,161,0,1,162,T
7-M,850,0,0,0,165,165,C
7-M,851,0,164,0,0,164,T
7-M,852,0,163,0,0,163,T
7-M,853,0,0,0,164,164,C
7-M,854,161,0,0,0,161,A
7-M,855,164,0,0,0,164,A
7-M,856,163,0,0,0,163,A
7-M,857,0,0,0,163,163,C
7-M,858,162,0,0,0,162,A
7-M,859,0,0,0,155,155,C
7-M,860,0,0,153,0,153,G
7-M,861,0,0,160,0,160,G
7-M,862,0,0,0,159,159,C
7-M,863,0,0,0,158,158,C
7-M,864,0,158,0,0,158,T
7-M,865,0,158,0,0,158,T
7-M,866,157,0,0,0,157,A
7-M,867,158,0,0,0,158,A
7-M,868,158,0,0,0,158,A
7-M,869,156,0,0,1,157,A
7-M,870,0,0,154,0,154,G
7-M,871,123,0,0,0,123,A
7-M,872,0,0,123,0,123,G
7-M,873,0,0,123,0,123,G
7-M,874,0,0,0,125,125,C
7-M,875,1,0,0,123,124,C
7-M,876,0,0,0,124,124,C
7-M,877,0,124,0,0,124,T
7-M,878,0,125,0,0,125,T
7-M,879,1,0,0,124,125,C
7-M,880,0,124,0,0,124,T
7-M,881,123,0,0,0,123,A
7-M,882,0,1,0,123,124,C
7-M,883,0,0,123,0,123,G
7-M,884,0,0,123,0,123,G
7-M,885,121,0,0,0,121,A
7-M,886,120,0,0,0,120,A
7-M,887,0,0,121,0,121,G
7-M,888,0,0,119,0,119,G
7-M,889,119,0,0,0,119,A
7-M,890,0,0,120,0,120,G
7-M,891,0,120,0,0,120,T
7-M,892,120,0,0,0,120,A
7-M,893,0,1,0,119,120,C
7-M,894,0,0,0,120,120,C
7-M,895,0,118,0,0,118,T
7-M,896,0,0,117,0,117,G
7-M,897,114,0,0,0,114,A
7-M,898,0,0,115,0,115,G
7-M,899,0,107,0,0,107,T
7-M,900,0,0,0,107,107,C
7-M,901,0,106,0,0,106,T
7-M,902,105,0,0,0,105,A
7-M,903,0,105,0,0,105,T
7-M,904,0,0,103,0,103,G
7-M,905,96,0,0,0,96,A
7-M,906,0,0,96,0,96,G
7-M,907,0,1,90,0,91,G
7-M,908,0,0,92,0,92,G
7-M,909,92,0,0,0,92,A
7-M,910,90,0,0,0,90,A
7-M,911,0,0,90,0,90,G
7-M,912,88,0,0,0,88,A
7-M,913,88,0,0,0,88,A
7-M,914,0,88,0,0,88,T
7-M,915,83,0,0,0,83,A
7-M,916,0,83,0,0,83,T
7-M,917,0,3,0,78,81,C
7-M,918,0,0,82,0,82,G
7-M,919,83,0,0,0,83,A
7-M,920,81,0,0,0,81,A
7-M,921,80,0,0,0,80,A
7-M,922,0,0,80,0,80,G
7-M,923,0,0,84,0,84,G
7-M,924,80,0,0,0,80,A
7-M,925,80,0,0,0,80,A
7-M,926,0,0,0,81,81,C
7-M,927,81,0,0,0,81,A
7-M,928,0,0,84,0,84,G
7-M,929,0,0,0,84,84,C
7-M,930,85,0,0,0,85,A
7-M,931,0,1,83,0,84,G
7-M,932,76,0,0,0,76,A
7-M,933,75,0,0,0,75,A
7-M,934,0,76,0,0,76,T
7-M,935,0,0,72,0,72,G
7-M,936,0,0,0,73,73,C
7-M,937,0,68,0,0,68,T
7-M,938,0,0,68,0,68,G
7-M,939,0,68,0,0,68,T
7-M,940,0,1,67,0,68,G
7-M,941,0,0,68,0,68,G
7-M,942,65,0,0,0,65,A
7-M,943,0,64,0,0,64,T
7-M,944,0,0,61,0,61,G
7-M,945,0,0,0,60,60,C
7-M,946,0,59,0,0,59,T
7-M,947,0,0,58,0,58,G
7-M,948,59,0,0,0,59,A
7-M,949,0,0,0,58,58,C
7-M,950,0,0,56,0,56,G
7-M,951,54,0,0,0,54,A
7-M,952,0,0,0,54,54,C
7-M,953,52,0,0,0,52,A
7-M,954,0,0,52,0,52,G
7-M,955,0,50,0,0,50,T
7-M,956,0,0,0,52,52,C
7-M,957,53,0,0,0,53,A
7-M,958,0,52,0,0,52,T
7-M,959,0,52,0,0,52,T
7-M,960,0,50,0,0,50,T
7-M,961,0,51,0,0,51,T
7-M,962,0,0,51,0,51,G
7-M,963,0,50,0,0,50,T
7-M,964,0,0,0,50,50,C
7-M,965,47,0,0,0,47,A
7-M,966,0,0,47,0,47,G
7-M,967,0,0,0,47,47,C
7-M,968,47,0,0,0,47,A
7-M,969,0,47,0,0,47,T
7-M,970,47,0,0,0,47,A
7-M,971,0,0,47,0,47,G
7-M,972,45,0,0,0,45,A
7-M,973,0,0,45,0,45,G
7-M,974,0,44,0,0,44,T
7-M,975,0,30,0,0,30,T
7-M,976,0,0,30,0,30,G
7-M,977,0,0,30,0,30,G
7-M,978,30,0,0,0,30,A
7-M,979,0,0,30,0,30,G
7-M,980,0,20,0,0,20,T
7-M,981,19,0,0,0,19,A
7-M,982,19,0,0,0,19,A
8-NS,1,140,0,0,0,140,A
8-NS,2,0,140,0,0,140,T
8-NS,3,0,0,149,0,149,G
8-NS,4,1,0,160,0,161,G
8-NS,5,178,0,0,0,178,A
8-NS,6,0,414,0,0,414,T
8-NS,7,0,412,0,0,412,T
8-NS,8,0,0,1,422,423,C
8-NS,9,0,0,0,420,420,C
8-NS,10,425,0,0,0,425,A
8-NS,11,428,0,0,0,428,A
8-NS,12,0,0,0,429,429,C
8-NS,13,429,0,0,0,429,A
8-NS,14,0,0,0,431,431,C
8-NS,15,0,433,0,2,435,T
8-NS,16,0,0,476,0,476,G
8-NS,17,1,475,0,0,476,T
8-NS,18,1,0,476,0,477,G
8-NS,19,0,475,0,2,477,T
8-NS,20,1,0,0,475,476,C
8-NS,21,474,2,0,0,476,A
8-NS,22,475,0,0,1,476,A
8-NS,23,0,0,483,0,483,G
8-NS,24,0,495,0,0,495,T
8-NS,25,0,492,1,1,494,T
8-NS,26,0,496,0,1,497,T
8-NS,27,0,1,0,497,498,C
8-NS,28,0,0,0,498,498,C
8-NS,29,500,0,0,0,500,A
8-NS,30,0,0,503,0,503,G
8-NS,31,0,0,511,0,511,G
8-NS,32,0,509,0,1,510,T
8-NS,33,513,0,0,0,513,A
8-NS,34,0,0,517,0,517,G
8-NS,35,513,0,0,1,514,A
8-NS,36,0,519,0,1,520,T
8-NS,37,0,518,0,0,518,T
8-NS,38,1,0,525,0,526,G
8-NS,39,0,0,0,526,526,C
8-NS,40,0,525,0,1,526,T
8-NS,41,0,537,0,0,537,T
8-NS,42,0,538,0,0,538,T
8-NS,43,0,0,0,544,544,C
8-NS,44,0,545,0,0,545,T
8-NS,45,0,544,0,1,545,T
8-NS,46,0,545,0,0,545,T
8-NS,47,0,2,542,0,544,G
8-NS,48,0,0,546,0,546,G
8-NS,49,0,0,0,546,546,C
8-NS,50,546,0,0,0,546,A
8-NS,51,0,546,0,0,546,T
8-NS,52,550,0,0,0,550,A
8-NS,53,0,567,0,0,567,T
8-NS,54,0,0,0,569,569,C
8-NS,55,0,2,0,565,567,C
8-NS,56,0,1,568,0,569,G
8-NS,57,0,0,572,0,572,G
8-NS,58,570,0,1,0,571,A
8-NS,59,574,0,0,0,574,A
8-NS,60,573,0,0,0,573,A
8-NS,61,0,0,0,580,580,C
8-NS,62,583,0,0,0,583,A
8-NS,63,581,1,0,0,582,A
8-NS,64,0,0,613,0,613,G
8-NS,65,0,616,0,1,617,T
8-NS,66,0,615,0,0,615,T
8-NS,67,0,0,616,0,616,G
8-NS,68,0,616,0,0,616,T
8-NS,69,614,0,1,0,615,A
8-NS,70,0,3,622,0,625,G
8-NS,71,666,0,0,0,666,A
8-NS,72,0,0,0,673,673,C
8-NS,73,0,0,0,662,662,C
8-NS,74,665,0,1,0,666,A
8-NS,75,668,0,0,0,668,A
8-NS,76,0,0,702,0,702,G
8-NS,77,704,0,0,0,704,A
8-NS,78,706,0,0,1,707,A
8-NS,79,0,0,0,711,711,C
8-NS,80,0,695,0,1,696,T
8-NS,81,0,3,704,0,707,G
8-NS,82,707,0,0,0,707,A
8-NS,83,0,0,722,1,723,G
8-NS,84,0,719,0,1,720,T
8-NS,85,0,2,710,0,712,G
8-NS,86,715,0,1,0,716,A
8-NS,87,1,716,0,0,717,T
8-NS,88,1,0,722,0,723,G
8-NS,89,0,0,0,725,725,C
8-NS,90,1,1,0,728,730,C
8-NS,91,2,0,0,730,732,C
8-NS,92,4,1,0,725,730,C
8-NS,93,737,0,1,0,738,A
8-NS,94,0,743,0,3,746,T
8-NS,95,0,752,0,0,752,T
8-NS,96,1,0,0,753,754,C
8-NS,97,1,0,0,756,757,C
8-NS,98,0,755,0,1,756,T
8-NS,99,0,753,0,0,753,T
8-NS,100,0,0,751,0,751,G
8-NS,101,750,0,1,0,751,A
8-NS,102,1,747,0,1,749,T
8-NS,103,0,0,0,748,748,C
8-NS,104,0,1,741,0,742,G
8-NS,105,0,0,754,0,754,G
8-NS,106,0,0,0,756,756,C
8-NS,107,0,756,0,1,757,T
8-NS,108,0,755,0,0,755,T
8-NS,109,1,0,0,756,757,C
8-NS,110,1,1,757,0,759,G
8-NS,111,0,0,0,758,758,C
8-NS,112,0,0,0,757,757,C
8-NS,113,0,0,760,0,760,G
8-NS,114,750,0,1,0,751,A
8-NS,115,0,2,775,0,777,G
8-NS,116,774,0,1,0,775,A
8-NS,117,0,776,0,0,776,T
8-NS,118,3,1,0,774,778,C
8-NS,119,774,1,3,0,778,A
8-NS,120,0,0,779,0,779,G
8-NS,121,779,0,1,1,781,A
8-NS,122,0,0,779,0,779,G
8-NS,123,0,0,782,0,782,G
8-NS,124,1,778,0,0,779,T
8-NS,125,1,1,0,824,826,C
8-NS,126,1,0,0,830,831,C
8-NS,127,2,0,0,840,842,C
8-NS,128,0,840,0,0,840,T
8-NS,129,846,0,2,0,848,A
8-NS,130,847,0,0,0,847,A
8-NS,131,0,2,849,0,851,G
8-NS,132,0,0,862,0,862,G
8-NS,133,0,1,857,0,858,G
8-NS,134,0,2,828,0,830,G
8-NS,135,832,0,0,0,832,A
8-NS,136,828,0,1,0,829,A
8-NS,137,0,1,835,0,836,G
8-NS,138,852,0,0,0,852,A
8-NS,139,0,0,871,0,871,G
8-NS,140,0,0,868,0,868,G
8-NS,141,0,0,0,867,867,C
8-NS,142,867,0,0,0,867,A
8-NS,143,869,0,0,0,869,A
8-NS,144,0,866,0,0,866,T
8-NS,145,875,0,0,0,875,A
8-NS,146,1,0,0,893,894,C
8-NS,147,0,881,0,1,882,T
8-NS,148,2,0,0,881,883,C
8-NS,149,0,877,0,1,878,T
8-NS,150,3,1,0,879,883,C
8-NS,151,0,2,892,0,894,G
8-NS,152,0,2,948,0,950,G
8-NS,153,0,949,0,0,949,T
8-NS,154,4,0,0,947,951,C
8-NS,155,0,948,0,1,949,T
8-NS,156,954,0,1,0,955,A
8-NS,157,0,2,951,0,953,G
8-NS,158,956,1,1,0,958,A
8-NS,159,0,0,0,985,985,C
8-NS,160,967,1,0,0,968,A
8-NS,161,1,950,0,0,951,T
8-NS,162,0,0,0,951,951,C
8-NS,163,952,0,0,0,952,A
8-NS,164,951,0,0,0,951,A
8-NS,165,943,0,0,0,943,A
8-NS,166,0,0,948,0,948,G
8-NS,167,0,0,0,949,949,C
8-NS,168,939,0,0,0,939,A
8-NS,169,0,0,944,0,944,G
8-NS,170,0,1,0,939,940,C
8-NS,171,1,0,0,938,939,C
8-NS,172,946,0,0,0,946,A
8-NS,173,1,0,0,952,953,C
8-NS,174,6,0,0,948,954,C
8-NS,175,0,1,1,949,951,C
8-NS,176,970,0,0,0,970,A
8-NS,177,0,971,0,0,971,T
8-NS,178,1,0,967,0,968,G
8-NS,179,0,971,0,0,971,T
8-NS,180,0,960,0,3,963,T
8-NS,181,0,0,963,0,963,G
8-NS,182,0,0,952,0,952,G
8-NS,183,953,0,1,0,954,A
8-NS,184,951,0,0,0,951,A
8-NS,185,936,0,1,0,937,A
8-NS,186,0,0,940,0,940,G
8-NS,187,0,0,0,938,938,C
8-NS,188,936,0,0,0,936,A
8-NS,189,938,0,0,1,939,A
8-NS,190,936,0,0,0,936,A
8-NS,191,0,945,0,1,946,T
8-NS,192,0,944,0,0,944,T
8-NS,193,1,0,951,0,952,G
8-NS,194,0,953,0,0,953,T
8-NS,195,953,0,0,0,953,A
8-NS,196,0,1,952,0,953,G
8-NS,197,955,0,0,0,955,A
8-NS,198,950,0,0,0,950,A
8-NS,199,948,0,0,0,948,A
8-NS,200,946,0,3,0,949,A
8-NS,201,1,0,955,0,956,G
8-NS,202,949,0,0,0,949,A
8-NS,203,0,950,0,0,950,T
8-NS,204,0,947,0,1,948,T
8-NS,205,2,0,0,954,956,C
8-NS,206,0,955,0,0,955,T
8-NS,207,1,0,954,0,955,G
8-NS,208,955,0,1,0,956,A
8-NS,209,946,0,10,0,956,A
8-NS,210,954,0,0,1,955,A
8-NS,211,1,1,963,2,967,G
8-NS,212,963,0,0,1,964,A
8-NS,213,959,0,4,0,963,A
8-NS,214,0,2,971,0,973,G
8-NS,215,978,0,0,0,978,A
8-NS,216,980,0,0,0,980,A
8-NS,217,0,978,0,0,978,T
8-NS,218,0,0,0,990,990,C
8-NS,219,0,989,0,1,990,T
8-NS,220,0,1,992,0,993,G
8-NS,221,992,0,1,0,993,A
8-NS,222,1,993,0,0,994,T
8-NS,223,1,0,987,0,988,G
8-NS,224,980,0,0,0,980,A
8-NS,225,0,0,973,1,974,G
8-NS,226,0,0,975,0,975,G
8-NS,227,0,0,0,969,969,C
8-NS,228,972,0,0,0,972,A
8-NS,229,1,2,0,984,987,C
8-NS,230,0,984,0,1,985,T
8-NS,231,0,989,0,0,989,T
8-NS,232,982,0,7,0,989,A
8-NS,233,987,0,0,0,987,A
8-NS,234,980,0,1,0,981,A
8-NS,235,982,0,0,1,983,A
8-NS,236,1,985,0,1,987,T
8-NS,237,0,5,981,0,986,G
8-NS,238,994,0,0,0,994,A
8-NS,239,1,0,0,998,999,C
8-NS,240,2,0,0,991,993,C
8-NS,241,998,0,0,0,998,A
8-NS,242,0,998,0,1,999,T
8-NS,243,1,1,1017,0,1019,G
8-NS,244,0,0,1031,0,1031,G
8-NS,245,0,1033,0,1,1034,T
8-NS,246,2,0,0,1093,1095,C
8-NS,247,0,1089,0,1,1090,T
8-NS,248,1,0,0,1103,1104,C
8-NS,249,5,0,0,1097,1102,C
8-NS,250,1099,0,0,0,1099,A
8-NS,251,0,0,0,1107,1107,C
8-NS,252,1083,1,0,0,1084,A
8-NS,253,0,0,0,1083,1083,C
8-NS,254,1,0,0,1075,1076,C
8-NS,255,0,1032,0,3,1035,T
8-NS,256,0,1,1033,0,1034,G
8-NS,257,0,1,0,1033,1034,C
8-NS,258,0,1021,0,0,1021,T
8-NS,259,1,1032,0,0,1033,T
8-NS,260,1,0,0,1024,1025,C
8-NS,261,0,0,1034,0,1034,G
8-NS,262,0,1,0,1033,1034,C
8-NS,263,0,0,1032,0,1032,G
8-NS,264,1083,0,0,0,1083,A
8-NS,265,0,1079,0,2,1081,T
8-NS,266,1109,0,1,0,1110,A
8-NS,267,0,2,0,1118,1120,C
8-NS,268,1115,1,0,0,1116,A
8-NS,269,0,1140,0,1,1141,T
8-NS,270,1132,0,0,1,1133,A
8-NS,271,1140,1,1,0,1142,A
8-NS,272,1,0,0,1141,1142,C
8-NS,273,0,1103,0,0,1103,T
8-NS,274,1,1,1106,0,1108,G
8-NS,275,1091,0,1,1,1093,A
8-NS,276,0,0,0,1098,1098,C
8-NS,277,1094,0,2,0,1096,A
8-NS,278,0,1078,0,1,1079,T
8-NS,279,1,0,1083,0,1084,G
8-NS,280,1084,1,1,0,1086,A
8-NS,281,0,0,0,1113,1113,C
8-NS,282,0,1106,0,1,1107,T
8-NS,283,1129,0,1,0,1130,A
8-NS,284,0,1129,0,0,1129,T
8-NS,285,0,1125,0,0,1125,T
8-NS,286,0,0,1122,0,1122,G
8-NS,287,1107,1,1,0,1109,A
8-NS,288,0,3,1109,0,1112,G
8-NS,289,0,1,1112,0,1113,G
8-NS,290,1076,1,0,0,1077,A
8-NS,291,1085,0,0,0,1085,A
8-NS,292,0,1062,0,0,1062,T
8-NS,293,0,1062,0,0,1062,T
8-NS,294,0,0,1080,0,1080,G
8-NS,295,0,1078,0,0,1078,T
8-NS,296,3,0,0,1078,1081,C
8-NS,297,1082,0,1,0,1083,A
8-NS,298,1080,0,1,0,1081,A
8-NS,299,8,2,1078,0,1088,G
8-NS,300,1078,0,10,0,1088,A
8-NS,301,1090,0,0,0,1090,A
8-NS,302,1088,0,2,0,1090,A
8-NS,303,28,0,0,1062,1090,C
8-NS,304,0,1079,0,2,1081,T
8-NS,305,0,2,1094,0,1096,G
8-NS,306,0,0,1107,0,1107,G
8-NS,307,0,1105,0,1,1106,T
8-NS,308,0,1094,0,1,1095,T
8-NS,309,1,0,0,1090,1091,C
8-NS,310,1090,0,1,0,1091,A
8-NS,311,0,1113,0,2,1115,T
8-NS,312,0,1,1119,0,1120,G
8-NS,313,1,1,0,1125,1127,C
8-NS,314,1,1119,0,0,1120,T
8-NS,315,1103,0,2,0,1105,A
8-NS,316,1118,0,0,0,1118,A
8-NS,317,0,1122,0,1,1123,T
8-NS,318,0,0,1128,0,1128,G
8-NS,319,0,0,0,1132,1132,C
8-NS,320,1,0,0,1103,1104,C
8-NS,321,2,0,1,1105,1108,C
8-NS,322,1104,0,1,0,1105,A
8-NS,323,1111,0,0,0,1111,A
8-NS,324,202,0,908,0,1110,G
8-NS,325,1,0,0,1116,1117,C
8-NS,326,1119,0,0,0,1119,A
8-NS,327,1,1,1123,0,1125,G
8-NS,328,1106,1,2,0,1109,A
8-NS,329,1112,1,0,0,1113,A
8-NS,330,1102,0,1,0,1103,A
8-NS,331,0,0,1123,0,1123,G
8-NS,332,0,1110,0,2,1112,T
8-NS,333,1,1,1103,0,1105,G
8-NS,334,0,1,1109,0,1110,G
8-NS,335,1112,0,3,0,1115,A
8-NS,336,1108,0,2,0,1110,A
8-NS,337,0,1,1106,0,1107,G
8-NS,338,0,0,1112,0,1112,G
8-NS,339,1116,0,1,0,1117,A
8-NS,340,2,0,0,1104,1106,C
8-NS,341,3,0,0,1095,1098,C
8-NS,342,0,1082,0,13,1095,T
8-NS,343,0,0,0,1118,1118,C
8-NS,344,0,1114,0,0,1114,T
8-NS,345,0,1117,0,0,1117,T
8-NS,346,0,1115,1,0,1116,T
8-NS,347,1,1,1111,0,1113,G
8-NS,348,0,0,0,1122,1122,C
8-NS,349,1119,0,0,0,1119,A
8-NS,350,0,1115,1,1,1117,T
8-NS,351,0,0,0,1117,1117,C
8-NS,352,1139,0,0,0,1139,A
8-NS,353,0,0,1188,0,1188,G
8-NS,354,1184,0,0,0,1184,A
8-NS,355,1182,1,1,0,1184,A
8-NS,356,0,1178,0,1,1179,T
8-NS,357,0,2,1170,0,1172,G
8-NS,358,1,4,1171,0,1176,G
8-NS,359,1180,0,0,0,1180,A
8-NS,360,0,0,1,1177,1178,C
8-NS,361,0,0,1,1154,1155,C
8-NS,362,1126,0,1,0,1127,A
8-NS,363,0,1,1141,0,1142,G
8-NS,364,0,0,1139,0,1139,G
8-NS,365,1,0,0,1142,1143,C
8-NS,366,1131,0,1,0,1132,A
8-NS,367,1136,0,0,0,1136,A
8-NS,368,0,1135,0,0,1135,T
8-NS,369,1,1,0,1128,1130,C
8-NS,370,1135,0,0,0,1135,A
8-NS,371,0,1127,0,0,1127,T
8-NS,372,0,0,1117,0,1117,G
8-NS,373,0,2,1115,0,1117,G
8-NS,374,1121,0,0,0,1121,A
8-NS,375,0,1,1132,0,1133,G
8-NS,376,1117,0,0,0,1117,A
8-NS,377,1121,0,0,0,1121,A
8-NS,378,1119,1,1,0,1121,A
8-NS,379,1120,0,0,0,1120,A
8-NS,380,1119,0,4,0,1123,A
8-NS,381,0,0,0,1128,1128,C
8-NS,382,1123,0,1,0,1124,A
8-NS,383,0,1120,0,0,1120,T
8-NS,384,3,1,0,1105,1109,C
8-NS,385,1108,0,0,0,1108,A
8-NS,386,0,1110,0,0,1110,T
8-NS,387,0,0,1122,0,1122,G
8-NS,388,0,1121,0,0,1121,T
8-NS,389,0,1114,0,2,1116,T
8-NS,390,0,1,1117,0,1118,G
8-NS,391,1115,0,0,0,1115,A
8-NS,392,1113,0,0,0,1113,A
8-NS,393,1105,0,3,0,1108,A
8-NS,394,0,0,1107,0,1107,G
8-NS,395,0,2,0,1102,1104,C
8-NS,396,0,2,1100,0,1102,G
8-NS,397,1104,0,0,0,1104,A
8-NS,398,1110,0,1,0,1111,A
8-NS,399,1,1105,0,0,1106,T
8-NS,400,0,1107,0,1,1108,T
8-NS,401,0,1108,0,0,1108,T
8-NS,402,1,0,0,1109,1110,C
8-NS,403,1102,0,0,1,1103,A
8-NS,404,0,0,1107,0,1107,G
8-NS,405,0,1107,0,1,1108,T
8-NS,406,0,0,1108,0,1108,G
8-NS,407,0,1103,0,0,1103,T
8-NS,408,0,2,1105,0,1107,G
8-NS,409,1110,0,0,0,1110,A
8-NS,410,1,1097,0,0,1098,T
8-NS,411,0,1106,1,0,1107,T
8-NS,412,0,1107,0,1,1108,T
8-NS,413,0,1107,0,0,1107,T
8-NS,414,0,1107,0,0,1107,T
8-NS,415,0,2,1103,0,1105,G
8-NS,416,1103,0,2,0,1105,A
8-NS,417,1,0,0,1105,1106,C
8-NS,418,2,2,0,1088,1092,C
8-NS,419,1,1,1090,1,1093,G
8-NS,420,1157,0,0,0,1157,A
8-NS,421,0,0,0,1184,1184,C
8-NS,422,0,1184,0,0,1184,T
8-NS,423,1199,0,0,0,1199,A
8-NS,424,0,1,1198,0,1199,G
8-NS,425,1200,0,2,0,1202,A
8-NS,426,0,2,1209,0,1211,G
8-NS,427,1225,0,1,0,1226,A
8-NS,428,0,0,0,1241,1241,C
8-NS,429,0,1,0,1173,1174,C
8-NS,430,1124,0,0,0,1124,A
8-NS,431,0,1146,0,0,1146,T
8-NS,432,1136,0,1,0,1137,A
8-NS,433,0,0,1137,0,1137,G
8-NS,434,1,1119,0,0,1120,T
8-NS,435,0,0,1062,0,1062,G
8-NS,436,0,1142,0,2,1144,T
8-NS,437,0,1163,0,0,1163,T
8-NS,438,1186,1,1,1,1189,A
8-NS,439,0,0,0,1187,1187,C
8-NS,440,0,1172,0,3,1175,T
8-NS,441,1169,0,0,0,1169,A
8-NS,442,1095,1,1,0,1097,A
8-NS,443,1,3,1105,0,1109,G
8-NS,444,1,0,1097,0,1098,G
8-NS,445,0,2,1103,0,1105,G
8-NS,446,0,0,0,1096,1096,C
8-NS,447,0,1074,0,3,1077,T
8-NS,448,0,1076,0,2,1078,T
8-NS,449,0,1084,0,1,1085,T
8-NS,450,0,1,0,1089,1090,C
8-NS,451,1104,0,0,0,1104,A
8-NS,452,0,0,0,1109,1109,C
8-NS,453,1,0,0,1099,1100,C
8-NS,454,1,1,1093,0,1095,G
8-NS,455,1095,0,0,0,1095,A
8-NS,456,1098,0,0,0,1098,A
8-NS,457,0,1,1100,0,1101,G
8-NS,458,1087,1,2,0,1090,A
8-NS,459,0,1,1089,0,1090,G
8-NS,460,0,1,1073,1,1075,G
8-NS,461,0,1,1085,0,1086,G
8-NS,462,1084,0,0,0,1084,A
8-NS,463,0,1,1085,0,1086,G
8-NS,464,0,1,0,1080,1081,C
8-NS,465,1081,0,0,0,1081,A
8-NS,466,1081,0,0,0,1081,A
8-NS,467,0,1081,0,0,1081,T
8-NS,468,1,1074,0,0,1075,T
8-NS,469,0,1,1074,0,1075,G
8-NS,470,1,1058,0,0,1059,T
8-NS,471,0,1056,0,0,1056,T
8-NS,472,0,1,1057,0,1058,G
8-NS,473,0,0,1057,0,1057,G
8-NS,474,0,0,0,1055,1055,C
8-NS,475,1,1,1053,0,1055,G
8-NS,476,1056,0,0,0,1056,A
8-NS,477,1065,0,0,0,1065,A
8-NS,478,1067,0,0,0,1067,A
8-NS,479,0,1070,0,0,1070,T
8-NS,480,0,0,0,1073,1073,C
8-NS,481,1,1057,1,0,1059,T
8-NS,482,1,0,0,1065,1066,C
8-NS,483,1070,1,0,0,1071,A
8-NS,484,0,0,0,1075,1075,C
8-NS,485,4,0,0,1071,1075,C
8-NS,486,1064,0,1,0,1065,A
8-NS,487,0,1056,1,1,1058,T
8-NS,488,0,1053,0,1,1054,T
8-NS,489,0,0,1055,0,1055,G
8-NS,490,0,0,0,1055,1055,C
8-NS,491,1,0,0,1043,1044,C
8-NS,492,0,1045,0,4,1049,T
8-NS,493,1,1044,0,3,1048,T
8-NS,494,0,0,0,1052,1052,C
8-NS,495,0,1050,0,0,1050,T
8-NS,496,0,1057,0,0,1057,T
8-NS,497,0,1075,0,1,1076,T
8-NS,498,1,1073,0,0,1074,T
8-NS,499,1,0,0,1072,1073,C
8-NS,500,0,0,0,1075,1075,C
8-NS,501,1068,1,1,0,1070,A
8-NS,502,0,2,1086,0,1088,G
8-NS,503,0,1,1085,0,1086,G
8-NS,504,1100,1,0,1,1102,A
8-NS,505,1,1,0,1097,1099,C
8-NS,506,1104,0,0,0,1104,A
8-NS,507,0,1108,0,0,1108,T
8-NS,508,1092,0,12,0,1104,A
8-NS,509,2,0,0,1187,1189,C
8-NS,510,0,1182,0,2,1184,T
8-NS,511,1185,1,0,0,1186,A
8-NS,512,1,1177,0,0,1178,T
8-NS,513,0,1145,0,1,1146,T
8-NS,514,0,0,1145,0,1145,G
8-NS,515,1111,0,1,0,1112,A
8-NS,516,0,0,1110,0,1110,G
8-NS,517,0,1,1109,0,1110,G
8-NS,518,998,0,0,0,998,A
8-NS,519,0,999,0,0,999,T
8-NS,520,0,0,990,0,990,G
8-NS,521,1,988,0,1,990,T
8-NS,522,1,0,0,993,994,C
8-NS,523,991,0,2,0,993,A
8-NS,524,990,1,0,0,991,A
8-NS,525,990,0,1,0,991,A
8-NS,526,988,0,0,1,989,A
8-NS,527,995,0,0,0,995,A
8-NS,528,0,988,0,1,989,T
8-NS,529,1,0,989,0,990,G
8-NS,530,2,0,1,995,998,C
8-NS,531,995,0,0,0,995,A
8-NS,532,1002,0,1,0,1003,A
8-NS,533,0,1001,0,1,1002,T
8-NS,534,0,1000,1,0,1001,T
8-NS,535,0,1,996,0,997,G
8-NS,536,0,5,990,0,995,G
8-NS,537,0,3,993,0,996,G
8-NS,538,2,0,994,0,996,G
8-NS,539,0,978,0,6,984,T
8-NS,540,1,0,0,996,997,C
8-NS,541,0,0,0,995,995,C
8-NS,542,0,993,0,1,994,T
8-NS,543,0,0,0,1002,1002,C
8-NS,544,1003,0,0,0,1003,A
8-NS,545,0,1006,0,1,1007,T
8-NS,546,0,3,0,1002,1005,C
8-NS,547,0,0,1000,0,1000,G
8-NS,548,0,0,1002,0,1002,G
8-NS,549,986,0,0,0,986,A
8-NS,550,0,2,984,0,986,G
8-NS,551,0,1,990,0,991,G
8-NS,552,978,0,0,0,978,A
8-NS,553,0,0,0,990,990,C
8-NS,554,0,984,0,1,985,T
8-NS,555,0,986,0,1,987,T
8-NS,556,0,1,996,0,997,G
8-NS,557,989,0,2,0,991,A
8-NS,558,992,0,1,0,993,A
8-NS,559,0,995,0,0,995,T
8-NS,560,0,4,970,0,974,G
8-NS,561,1,0,989,0,990,G
8-NS,562,981,0,0,0,981,A
8-NS,563,986,1,0,0,987,A
8-NS,564,0,1015,0,1,1016,T
8-NS,565,0,5,1016,0,1021,G
8-NS,566,1024,0,1,1,1026,A
8-NS,567,0,1028,0,0,1028,T
8-NS,568,1023,0,2,0,1025,A
8-NS,569,1031,0,0,0,1031,A
8-NS,570,0,2,0,1020,1022,C
8-NS,571,1003,0,0,0,1003,A
8-NS,572,0,0,0,1012,1012,C
8-NS,573,918,0,1,0,919,A
8-NS,574,0,0,933,0,933,G
8-NS,575,0,920,0,0,920,T
8-NS,576,1,922,0,0,923,T
8-NS,577,1,2,0,921,924,C
8-NS,578,0,2,914,0,916,G
8-NS,579,912,0,0,0,912,A
8-NS,580,0,0,916,0,916,G
8-NS,581,0,900,0,0,900,T
8-NS,582,0,0,0,912,912,C
8-NS,583,0,885,0,1,886,T
8-NS,584,0,0,0,895,895,C
8-NS,585,0,894,0,0,894,T
8-NS,586,893,0,0,0,893,A
8-NS,587,896,0,0,0,896,A
8-NS,588,894,0,0,0,894,A
8-NS,589,902,1,0,0,903,A
8-NS,590,906,0,0,0,906,A
8-NS,591,0,890,0,0,890,T
8-NS,592,0,0,0,893,893,C
8-NS,593,0,886,1,0,887,T
8-NS,594,893,1,0,0,894,A
8-NS,595,0,1,0,891,892,C
8-NS,596,891,1,0,0,892,A
8-NS,597,0,0,895,0,895,G
8-NS,598,878,1,0,0,879,A
8-NS,599,0,0,887,0,887,G
8-NS,600,886,1,0,0,887,A
8-NS,601,0,875,0,0,875,T
8-NS,602,0,877,0,1,878,T
8-NS,603,1,0,1,869,871,C
8-NS,604,0,0,876,1,877,G
8-NS,605,0,0,0,876,876,C
8-NS,606,0,867,0,0,867,T
8-NS,607,0,873,0,0,873,T
8-NS,608,0,0,868,0,868,G
8-NS,609,0,0,871,0,871,G
8-NS,610,866,0,1,4,871,A
8-NS,611,0,1,873,0,874,G
8-NS,612,865,0,0,0,865,A
8-NS,613,856,0,1,1,858,A
8-NS,614,0,0,872,0,872,G
8-NS,615,0,1,0,870,871,C
8-NS,616,864,1,1,0,866,A
8-NS,617,0,0,881,0,881,G
8-NS,618,0,869,0,0,869,T
8-NS,619,869,0,1,0,870,A
8-NS,620,871,0,0,0,871,A
8-NS,621,0,870,0,0,870,T
8-NS,622,0,1,874,0,875,G
8-NS,623,831,0,3,0,834,A
8-NS,624,0,0,855,0,855,G
8-NS,625,845,1,0,0,846,A
8-NS,626,815,1,1,0,817,A
8-NS,627,1,816,0,0,817,T
8-NS,628,0,4,796,0,800,G
8-NS,629,0,2,802,0,804,G
8-NS,630,0,0,799,0,799,G
8-NS,631,1,1,795,0,797,G
8-NS,632,0,2,799,0,801,G
8-NS,633,778,0,0,0,778,A
8-NS,634,0,0,0,778,778,C
8-NS,635,1,0,0,778,779,C
8-NS,636,0,772,0,1,773,T
8-NS,637,0,0,0,777,777,C
8-NS,638,3,0,0,776,779,C
8-NS,639,787,0,0,0,787,A
8-NS,640,0,1,0,783,784,C
8-NS,641,0,770,0,1,771,T
8-NS,642,0,771,0,0,771,T
8-NS,643,749,0,0,0,749,A
8-NS,644,0,0,0,748,748,C
8-NS,645,0,738,0,0,738,T
8-NS,646,704,1,0,0,705,A
8-NS,647,0,0,0,719,719,C
8-NS,648,722,0,0,0,722,A
8-NS,649,723,0,0,0,723,A
8-NS,650,721,0,2,0,723,A
8-NS,651,720,0,0,0,720,A
8-NS,652,0,0,0,721,721,C
8-NS,653,701,1,1,0,703,A
8-NS,654,1,0,703,0,704,G
8-NS,655,700,0,0,0,700,A
8-NS,656,696,0,0,0,696,A
8-NS,657,698,0,0,0,698,A
8-NS,658,1,0,0,695,696,C
8-NS,659,0,2,696,0,698,G
8-NS,660,0,1,699,0,700,G
8-NS,661,1,0,698,0,699,G
8-NS,662,700,0,0,0,700,A
8-NS,663,694,0,0,0,694,A
8-NS,664,693,0,0,0,693,A
8-NS,665,0,691,0,1,692,T
8-NS,666,0,1,701,0,702,G
8-NS,667,1,0,701,0,702,G
8-NS,668,1,1,0,690,692,C
8-NS,669,0,0,693,0,693,G
8-NS,670,687,0,1,0,688,A
8-NS,671,0,2,691,0,693,G
8-NS,672,692,0,1,0,693,A
8-NS,673,692,0,0,0,692,A
8-NS,674,0,0,0,693,693,C
8-NS,675,681,0,0,0,681,A
8-NS,676,0,0,681,0,681,G
8-NS,677,0,0,0,676,676,C
8-NS,678,1,674,0,0,675,T
8-NS,679,676,0,0,0,676,A
8-NS,680,0,2,670,0,672,G
8-NS,681,0,0,674,0,674,G
8-NS,682,0,671,0,0,671,T
8-NS,683,2,0,0,659,661,C
8-NS,684,665,0,0,0,665,A
8-NS,685,663,0,0,0,663,A
8-NS,686,665,0,0,0,665,A
8-NS,687,670,0,0,0,670,A
8-NS,688,7,0,665,0,672,G
8-NS,689,0,654,0,0,654,T
8-NS,690,0,645,0,0,645,T
8-NS,691,0,649,0,1,650,T
8-NS,692,1,0,649,1,651,G
8-NS,693,648,0,1,0,649,A
8-NS,694,647,0,2,0,649,A
8-NS,695,0,1,651,0,652,G
8-NS,696,634,0,0,0,634,A
8-NS,697,0,0,639,0,639,G
8-NS,698,640,0,1,0,641,A
8-NS,699,0,642,0,0,642,T
8-NS,700,644,0,0,0,644,A
8-NS,701,641,0,1,0,642,A
8-NS,702,0,0,640,0,640,G
8-NS,703,591,0,1,0,592,A
8-NS,704,0,595,0,0,595,T
8-NS,705,0,1,598,0,599,G
8-NS,706,1,1,599,0,601,G
8-NS,707,0,0,0,600,600,C
8-NS,708,0,594,0,0,594,T
8-NS,709,597,0,0,0,597,A
8-NS,710,594,0,0,0,594,A
8-NS,711,0,596,0,1,597,T
8-NS,712,0,597,1,0,598,T
8-NS,713,0,2,598,0,600,G
8-NS,714,590,0,0,0,590,A
8-NS,715,589,0,0,0,589,A
8-NS,716,0,0,590,0,590,G
8-NS,717,592,0,0,0,592,A
8-NS,718,582,0,0,0,582,A
8-NS,719,0,0,591,0,591,G
8-NS,720,0,578,0,0,578,T
8-NS,721,1,2,574,0,577,G
8-NS,722,571,1,2,0,574,A
8-NS,723,0,0,575,0,575,G
8-NS,724,570,0,5,0,575,A
8-NS,725,0,0,0,570,570,C
8-NS,726,565,2,0,0,567,A
8-NS,727,0,0,0,566,566,C
8-NS,728,533,0,0,0,533,A
8-NS,729,0,0,539,0,539,G
8-NS,730,542,0,0,0,542,A
8-NS,731,0,535,0,1,536,T
8-NS,732,0,538,0,0,538,T
8-NS,733,532,0,0,0,532,A
8-NS,734,532,0,0,0,532,A
8-NS,735,530,0,0,0,530,A
8-NS,736,531,0,0,0,531,A
8-NS,737,530,0,0,0,530,A
8-NS,738,0,1,0,500,501,C
8-NS,739,482,0,0,0,482,A
8-NS,740,485,0,0,0,485,A
8-NS,741,0,0,0,485,485,C
8-NS,742,0,483,0,0,483,T
8-NS,743,0,0,485,0,485,G
8-NS,744,486,0,0,0,486,A
8-NS,745,486,0,0,0,486,A
8-NS,746,485,0,0,0,485,A
8-NS,747,479,0,0,0,479,A
8-NS,748,0,479,0,0,479,T
8-NS,749,476,0,0,0,476,A
8-NS,750,0,1,477,0,478,G
8-NS,751,0,0,0,476,476,C
8-NS,752,0,467,0,0,467,T
8-NS,753,0,467,0,0,467,T
8-NS,754,0,466,0,0,466,T
8-NS,755,0,0,466,0,466,G
8-NS,756,465,0,0,0,465,A
8-NS,757,468,0,0,0,468,A
8-NS,758,1,0,0,466,467,C
8-NS,759,462,0,0,0,462,A
8-NS,760,466,0,0,0,466,A
8-NS,761,466,0,0,0,466,A
8-NS,762,0,465,0,0,465,T
8-NS,763,464,1,0,0,465,A
8-NS,764,452,0,0,0,452,A
8-NS,765,1,0,0,450,451,C
8-NS,766,448,0,2,0,450,A
8-NS,767,0,444,0,0,444,T
8-NS,768,1,439,0,0,440,T
8-NS,769,0,0,0,433,433,C
8-NS,770,426,0,1,0,427,A
8-NS,771,0,425,0,0,425,T
8-NS,772,0,0,426,0,426,G
8-NS,773,0,0,0,413,413,C
8-NS,774,412,0,0,0,412,A
8-NS,775,407,0,2,0,409,A
8-NS,776,0,0,406,0,406,G
8-NS,777,1,0,0,414,415,C
8-NS,778,406,0,0,0,406,A
8-NS,779,0,401,0,0,401,T
8-NS,780,0,403,0,0,403,T
8-NS,781,404,0,0,0,404,A
8-NS,782,0,1,0,402,403,C
8-NS,783,399,0,0,0,399,A
8-NS,784,393,0,0,0,393,A
8-NS,785,0,0,0,391,391,C
8-NS,786,0,335,0,0,335,T
8-NS,787,0,0,336,0,336,G
8-NS,788,0,1,0,330,331,C
8-NS,789,0,323,0,1,324,T
8-NS,790,0,0,322,0,322,G
8-NS,791,0,322,0,0,322,T
8-NS,792,0,323,0,0,323,T
8-NS,793,0,321,0,0,321,T
8-NS,794,0,2,318,0,320,G
8-NS,795,320,0,0,0,320,A
8-NS,796,309,0,0,0,309,A
8-NS,797,1,0,308,0,309,G
8-NS,798,0,303,0,1,304,T
8-NS,799,0,0,287,0,287,G
8-NS,800,0,0,289,0,289,G
8-NS,801,289,0,1,0,290,A
8-NS,802,290,0,0,0,290,A
8-NS,803,0,1,0,289,290,C
8-NS,804,283,0,0,0,283,A
8-NS,805,0,0,280,0,280,G
8-NS,806,0,0,276,0,276,G
8-NS,807,269,0,0,0,269,A
8-NS,808,0,0,271,0,271,G
8-NS,809,231,0,0,0,231,A
8-NS,810,0,231,0,0,231,T
8-NS,811,229,0,0,0,229,A
8-NS,812,229,0,0,0,229,A
8-NS,813,0,0,228,0,228,G
8-NS,814,201,0,0,0,201,A
8-NS,815,197,0,0,0,197,A
8-NS,816,0,0,0,197,197,C
8-NS,817,0,165,1,0,166,T
8-NS,818,0,166,0,0,166,T
8-NS,819,0,166,0,0,166,T
8-NS,820,0,0,0,166,166,C
8-NS,821,0,162,0,0,162,T
8-NS,822,1,0,0,154,155,C
8-NS,823,153,0,0,0,153,A
8-NS,824,0,151,0,0,151,T
8-NS,825,0,148,0,0,148,T
8-NS,826,0,144,0,0,144,T
8-NS,827,0,0,0,147,147,C
8-NS,828,140,0,0,0,140,A
8-NS,829,0,0,137,0,137,G
8-NS,830,0,0,0,139,139,C
8-NS,831,0,131,0,0,131,T
8-NS,832,0,130,0,0,130,T
8-NS,833,126,0,0,0,126,A
8-NS,834,0,126,0,0,126,T
8-NS,835,0,126,0,0,126,T
8-NS,836,0,123,0,0,123,T
8-NS,837,116,0,0,0,116,A
8-NS,838,108,1,1,0,110,A
8-NS,839,0,107,0,0,107,T
8-NS,840,0,0,107,1,108,G
8-NS,841,101,0,0,0,101,A
8-NS,842,0,91,0,0,91,T
8-NS,843,88,0,0,0,88,A
8-NS,844,87,0,1,0,88,A
8-NS,845,88,0,0,0,88,A
8-NS,846,88,0,0,0,88,A
8-NS,847,87,0,0,0,87,A
8-NS,848,85,0,0,0,85,A
8-NS,849,0,0,0,85,85,C
8-NS,850,76,0,0,0,76,A
8-NS,851,0,0,0,76,76,C
8-NS,852,0,0,0,73,73,C
8-NS,853,0,0,0,71,71,C
8-NS,854,0,64,0,0,64,T
8-NS,855,0,62,0,0,62,T
8-NS,856,0,0,62,0,62,G
8-NS,857,0,60,0,0,60,T
8-NS,858,0,59,0,0,59,T
8-NS,859,0,58,0,0,58,T
8-NS,860,0,0,0,23,23,C
8-NS,861,0,21,0,0,21,T
8-NS,862,20,0,0,0,20,A
8-NS,863,0,0,0,19,19,C
